 & AlsMz & dAle5Mz & mtop & mHl & Mz & CW & CHG & CHWB & CHWHB_gaga & CHWHB_gagaorth & CHD & CHbox & CH & CHL1_11 & CHL1_22 & CHL1_33 & CHL3_11 & CHL3_22 & CHL3_33 & CHe_11 & CHe_22 & CHe_33 & CHQ1_11 & CHQ1_33 & CHQ3_11 & CHu_11 & CHd_11 & CHd_33 & CeH_22r & CeH_33r & CuH_22r & CuH_33r & CdH_33r & CLL_1221 & eHggint & eHggpar & eHWWint & eHWWpar & eHZZint & eHZZpar & eHZgaint & eHZgapar & eHgagaint & eHmumuint & eHtautauint & eHccint & eHccpar & eHbbint & eHbbpar \\
AlsMz & $1$ & $0.0170811$ & $0.0235312$ & $-0.0786409$ & $-0.0262017$ & $-0.00373295$ & $-0.0184764$ & $-0.00782875$ & $-0.00688103$ & $0.0120857$ & $-0.00124331$ & $0.00980586$ & $-0.00893763$ & $-0.00142779$ & $0.0037598$ & $0.00249623$ & $0.000849844$ & $0.000386059$ & $0.00341686$ & $-0.0047014$ & $-0.00746602$ & $-0.00698703$ & $-0.029938$ & $-0.0481321$ & $-0.114075$ & $-0.0110191$ & $-0.0390061$ & $0.010527$ & $0.00776931$ & $0.00469932$ & $-0.00408711$ & $-0.0117631$ & $0.0142214$ & $-0.00937799$ & $0.0811997$ & $-0.00619641$ & $0.0409349$ & $-0.0351046$ & $-0.0482868$ & $-0.0340844$ & $-0.0152054$ & $0.00749276$ & $0.0489534$ & $-0.0689385$ & $0.00221434$ & $-0.0342067$ & $0.0586576$ & $-0.0592977$ & $0.0697099$ \\
dAle5Mz & $0.0170811$ & $1$ & $0.0900485$ & $0.00376386$ & $0.0136883$ & $0.0105495$ & $0.0207183$ & $-0.100728$ & $-0.0959901$ & $0.0467497$ & $0.0825237$ & $0.0122098$ & $-0.0281902$ & $-0.031505$ & $-0.0239431$ & $-0.0217607$ & $0.0201447$ & $0.0211896$ & $0.0212697$ & $-0.0558998$ & $-0.0585161$ & $-0.0560235$ & $0.012012$ & $0.032778$ & $0.0186779$ & $0.0287164$ & $-0.0174056$ & $-0.0347098$ & $-0.0444033$ & $0.0119287$ & $0.000323508$ & $0.0325677$ & $-0.0111886$ & $0.00435963$ & $0.0315651$ & $0.0916461$ & $0.0134572$ & $-0.0150954$ & $-0.00266433$ & $-0.0131669$ & $0.0294991$ & $-0.00297006$ & $0.0467285$ & $-0.0950647$ & $0.0219414$ & $0.0638255$ & $0.0293323$ & $0.172276$ & $-0.0680774$ \\
mtop & $0.0235312$ & $0.0900485$ & $1$ & $-0.0332161$ & $0.0284859$ & $0.00382608$ & $0.0214628$ & $-0.016785$ & $-0.0166229$ & $-0.00393644$ & $0.0284669$ & $-0.0457268$ & $-0.0483748$ & $-0.0143627$ & $-0.0172239$ & $-0.017178$ & $-0.00796917$ & $0.000161335$ & $0.00104355$ & $-0.0223322$ & $-0.0176181$ & $-0.0117736$ & $0.0169275$ & $-0.00537926$ & $-0.00314589$ & $-0.00320132$ & $0.00102517$ & $0.0205484$ & $-0.0195689$ & $0.0108965$ & $0.00431901$ & $0.0182264$ & $-0.00405227$ & $0.00867473$ & $-0.0113382$ & $-0.013932$ & $-0.0364198$ & $0.0467891$ & $0.17954$ & $0.0679583$ & $0.0167207$ & $-0.0218631$ & $-0.0207654$ & $-0.0252804$ & $0.0872147$ & $-0.0365646$ & $0.058925$ & $0.151745$ & $-0.00509908$ \\
mHl & $-0.0786409$ & $0.00376386$ & $-0.0332161$ & $1$ & $0.0212711$ & $-0.0200479$ & $-0.0105193$ & $-0.0110038$ & $-0.0117481$ & $0.0251322$ & $0.0179087$ & $0.0467083$ & $0.0281407$ & $-0.00868029$ & $0.00399302$ & $0.00505472$ & $-0.0201807$ & $-0.012518$ & $-0.0191251$ & $-0.0161866$ & $-0.0188107$ & $-0.0192091$ & $-0.00650237$ & $0.00557711$ & $-0.0163129$ & $0.031094$ & $-0.0212798$ & $-0.017837$ & $0.00830873$ & $-0.0205649$ & $-0.0390507$ & $-0.00724395$ & $-0.029513$ & $-0.0145293$ & $0.121999$ & $-0.0504546$ & $0.126119$ & $-0.0247727$ & $0.0547097$ & $0.00732296$ & $-0.0214415$ & $-0.00256853$ & $0.0583187$ & $0.0859456$ & $0.0732726$ & $-0.160372$ & $-0.0348808$ & $-0.0779575$ & $-0.00183932$ \\
Mz & $-0.0262017$ & $0.0136883$ & $0.0284859$ & $0.0212711$ & $1$ & $-0.0264394$ & $-0.00109235$ & $-0.0124201$ & $-0.014532$ & $-0.00379334$ & $0.0109971$ & $-0.0157117$ & $-0.0106556$ & $0.0168201$ & $0.00391002$ & $0.0124033$ & $0.0247878$ & $0.0172072$ & $0.00512261$ & $-0.00230962$ & $-0.00220812$ & $-0.00486941$ & $0.00133152$ & $0.0109268$ & $0.0166979$ & $-0.00240735$ & $-0.0167912$ & $-0.00281037$ & $0.00248108$ & $0.00150383$ & $-0.0121303$ & $-0.00064682$ & $-0.00136854$ & $-0.0100146$ & $-0.00272636$ & $0.0271825$ & $-0.00557575$ & $0.0092169$ & $0.019848$ & $0.0401763$ & $-0.030635$ & $-0.0136463$ & $-0.00976936$ & $0.0223078$ & $0.0135876$ & $-0.0209047$ & $0.00559044$ & $0.0399006$ & $-0.0311734$ \\
CW & $-0.00373295$ & $0.0105495$ & $0.00382608$ & $-0.0200479$ & $-0.0264394$ & $1$ & $-0.0136501$ & $-0.114936$ & $-0.11106$ & $0.00777903$ & $0.180606$ & $0.0530419$ & $0.0257268$ & $0.00625423$ & $-0.0743248$ & $-0.0921075$ & $-0.266727$ & $-0.0665949$ & $-0.0522242$ & $-0.178952$ & $-0.183589$ & $-0.179666$ & $0.00045135$ & $-0.00382756$ & $-0.0928903$ & $0.103543$ & $-0.0607047$ & $-0.0849805$ & $-0.00304722$ & $0.0046554$ & $0.0162886$ & $-0.00930339$ & $0.0153226$ & $-0.118202$ & $-0.0125708$ & $-0.000731027$ & $0.0141553$ & $0.0184728$ & $0.0156487$ & $-0.0128171$ & $0.0139118$ & $0.00928156$ & $0.00215154$ & $-0.0166038$ & $0.00675049$ & $0.0347901$ & $0.0106429$ & $0.00856419$ & $0.0134589$ \\
CHG & $-0.0184764$ & $0.0207183$ & $0.0214628$ & $-0.0105193$ & $-0.00109235$ & $-0.0136501$ & $1$ & $-0.0866685$ & $-0.0362046$ & $0.0518718$ & $0.038873$ & $-0.26153$ & $-0.286331$ & $0.0670707$ & $-0.0388128$ & $-0.0476541$ & $0.102456$ & $0.115166$ & $0.120815$ & $-0.0388492$ & $-0.0371652$ & $-0.0425193$ & $0.0110059$ & $0.101578$ & $0.112868$ & $0.0114996$ & $-0.0105429$ & $-0.0127142$ & $-0.00184365$ & $-0.160936$ & $-0.0878488$ & $0.939596$ & $-0.182056$ & $-0.0365073$ & $-0.0217079$ & $-0.0151109$ & $0.0385648$ & $0.010925$ & $-0.0444168$ & $-0.00208077$ & $-0.0038272$ & $0.000851367$ & $-0.0102969$ & $-0.0168003$ & $-0.00983978$ & $-0.0308651$ & $-0.0315562$ & $-0.00549484$ & $0.0173533$ \\
CHWB & $-0.00782875$ & $-0.100728$ & $-0.016785$ & $-0.0110038$ & $-0.0124201$ & $-0.114936$ & $-0.0866685$ & $1$ & $0.983491$ & $-0.587785$ & $-0.881564$ & $0.132029$ & $0.348111$ & $0.0941693$ & $0.305834$ & $0.303826$ & $-0.247191$ & $-0.442246$ & $-0.446885$ & $0.853151$ & $0.898079$ & $0.882041$ & $0.070396$ & $-0.67657$ & $-0.406382$ & $-0.512702$ & $0.429656$ & $0.317554$ & $0.0398492$ & $0.106493$ & $0.0497255$ & $-0.0784314$ & $0.136873$ & $0.572926$ & $-0.00730874$ & $-0.0163708$ & $-0.0449351$ & $-0.00476625$ & $-0.0252989$ & $-0.0225476$ & $-0.00290182$ & $-0.000697171$ & $0.0487283$ & $0.0210263$ & $0.00292393$ & $-0.0141306$ & $0.00361137$ & $-0.0165877$ & $0.00923297$ \\
CHWHB_gaga & $-0.00688103$ & $-0.0959901$ & $-0.0166229$ & $-0.0117481$ & $-0.014532$ & $-0.11106$ & $-0.0362046$ & $0.983491$ & $1$ & $-0.575426$ & $-0.865395$ & $0.138713$ & $0.34233$ & $0.0886007$ & $0.304636$ & $0.300207$ & $-0.246641$ & $-0.440756$ & $-0.443631$ & $0.838068$ & $0.881357$ & $0.865561$ & $0.0680936$ & $-0.666046$ & $-0.404459$ & $-0.502741$ & $0.419556$ & $0.312539$ & $0.0443449$ & $0.123464$ & $0.059566$ & $-0.0371586$ & $0.148791$ & $0.560329$ & $-0.0244983$ & $-0.0257469$ & $-0.0501888$ & $0.000280976$ & $-0.0278536$ & $-0.02183$ & $-0.000543155$ & $-0.000471168$ & $0.104123$ & $0.0259$ & $0.00540133$ & $-0.0198809$ & $0.00609517$ & $-0.0219592$ & $0.00158946$ \\
CHWHB_gagaorth & $0.0120857$ & $0.0467497$ & $-0.00393644$ & $0.0251322$ & $-0.00379334$ & $0.00777903$ & $0.0518718$ & $-0.587785$ & $-0.575426$ & $1$ & $0.379879$ & $0.147819$ & $-0.241264$ & $0.218757$ & $-0.115379$ & $-0.14121$ & $0.421669$ & $0.47296$ & $0.492807$ & $-0.365029$ & $-0.398083$ & $-0.395155$ & $-0.0570947$ & $0.563021$ & $0.466847$ & $0.227408$ & $-0.257464$ & $-0.137714$ & $-0.0051079$ & $-0.103727$ & $-0.0614242$ & $0.0725192$ & $-0.135798$ & $-0.385535$ & $0.0613895$ & $0.011249$ & $0.0134475$ & $0.00681479$ & $-0.0104328$ & $0.00956897$ & $-0.0226647$ & $0.0101393$ & $-0.0175791$ & $-0.0103853$ & $-0.00195531$ & $-0.0163357$ & $-0.0215531$ & $0.00306634$ & $-0.00824663$ \\
CHD & $-0.00124331$ & $0.0825237$ & $0.0284669$ & $0.0179087$ & $0.0109971$ & $0.180606$ & $0.038873$ & $-0.881564$ & $-0.865395$ & $0.379879$ & $1$ & $0.0337063$ & $-0.168784$ & $-0.505999$ & $-0.426273$ & $-0.423596$ & $-0.20546$ & $0.0773346$ & $0.0860446$ & $-0.990349$ & $-0.991554$ & $-0.970702$ & $-0.0213635$ & $0.316338$ & $0.0299041$ & $0.573048$ & $-0.30267$ & $-0.352983$ & $-0.026883$ & $-0.0539667$ & $-0.0256519$ & $0.0407546$ & $-0.0785765$ & $-0.380527$ & $0.00733406$ & $0.0401684$ & $0.043591$ & $0.00289182$ & $0.0192923$ & $0.0245283$ & $-0.00175677$ & $0.00268063$ & $-0.0529569$ & $-0.0158449$ & $0.00372145$ & $0.0172134$ & $-0.00302031$ & $0.0371698$ & $-0.0154767$ \\
CHbox & $0.00980586$ & $0.0122098$ & $-0.0457268$ & $0.0467083$ & $-0.0157117$ & $0.0530419$ & $-0.26153$ & $0.132029$ & $0.138713$ & $0.147819$ & $0.0337063$ & $1$ & $0.841395$ & $-0.30214$ & $0.035095$ & $0.0350195$ & $-0.347114$ & $-0.335678$ & $-0.335532$ & $-0.0236427$ & $-0.0298192$ & $-0.029503$ & $-0.0163461$ & $-0.265843$ & $-0.332638$ & $0.0339417$ & $0.00881063$ & $-0.0151192$ & $0.0660205$ & $0.358015$ & $0.110726$ & $-0.175587$ & $0.413868$ & $0.0704046$ & $0.0709912$ & $0.0388524$ & $-0.00181404$ & $-0.00703396$ & $-0.0612089$ & $-0.0107699$ & $0.00139607$ & $0.0132456$ & $0.0144683$ & $0.0182287$ & $0.00869621$ & $-0.00956205$ & $-0.037201$ & $0.0293625$ & $-0.0186797$ \\
CH & $-0.00893763$ & $-0.0281902$ & $-0.0483748$ & $0.0281407$ & $-0.0106556$ & $0.0257268$ & $-0.286331$ & $0.348111$ & $0.34233$ & $-0.241264$ & $-0.168784$ & $0.841395$ & $1$ & $-0.252164$ & $0.0676184$ & $0.0811635$ & $-0.366798$ & $-0.385745$ & $-0.396758$ & $0.165681$ & $0.179973$ & $0.175608$ & $0.0150837$ & $-0.405334$ & $-0.383193$ & $-0.0916843$ & $0.128102$ & $0.0553077$ & $0.0630951$ & $0.29339$ & $0.111276$ & $-0.237931$ & $0.351826$ & $0.22489$ & $0.00798284$ & $0.000793544$ & $-0.0109574$ & $-0.00251811$ & $-0.0459359$ & $-0.0173524$ & $0.0110593$ & $0.00687783$ & $0.0283711$ & $0.0310667$ & $0.00371354$ & $0.000961246$ & $-0.0253575$ & $0.00765791$ & $-0.0132123$ \\
CHL1_11 & $-0.00142779$ & $-0.031505$ & $-0.0143627$ & $-0.00868029$ & $0.0168201$ & $0.00625423$ & $0.0670707$ & $0.0941693$ & $0.0886007$ & $0.218757$ & $-0.505999$ & $-0.30214$ & $-0.252164$ & $1$ & $0.263534$ & $0.263923$ & $0.664961$ & $0.602252$ & $0.591602$ & $0.52144$ & $0.46777$ & $0.451218$ & $-0.0571919$ & $0.471593$ & $0.600551$ & $-0.281692$ & $-0.0856547$ & $0.164119$ & $-0.00845359$ & $-0.0689257$ & $-0.027941$ & $0.0469427$ & $-0.0741026$ & $-0.205998$ & $-0.00617623$ & $-0.0643175$ & $-0.0162666$ & $0.0125826$ & $0.00105426$ & $-0.0172955$ & $-0.00974188$ & $-0.000465368$ & $0.0249083$ & $0.00117496$ & $-0.0206354$ & $-0.0177036$ & $-0.00319066$ & $-0.0491817$ & $0.0165582$ \\
CHL1_22 & $0.0037598$ & $-0.0239431$ & $-0.0172239$ & $0.00399302$ & $0.00391002$ & $-0.0743248$ & $-0.0388128$ & $0.305834$ & $0.304636$ & $-0.115379$ & $-0.426273$ & $0.035095$ & $0.0676184$ & $0.263534$ & $1$ & $0.443973$ & $0.163617$ & $-0.44594$ & $-0.0384577$ & $0.489805$ & $0.346314$ & $0.337074$ & $-0.175902$ & $0.0870184$ & $-0.142856$ & $-0.205616$ & $-0.390306$ & $0.127411$ & $0.0153306$ & $0.0342286$ & $0.0088533$ & $-0.0352825$ & $0.0524166$ & $-0.574103$ & $0.00177722$ & $-0.0156391$ & $-0.00190581$ & $-0.0114321$ & $-0.00347883$ & $-0.012375$ & $0.0309043$ & $-0.00763106$ & $0.0291519$ & $0.00238212$ & $0.0211756$ & $-0.00310913$ & $0.0171045$ & $0.000384719$ & $0.0305775$ \\
CHL1_33 & $0.00249623$ & $-0.0217607$ & $-0.017178$ & $0.00505472$ & $0.0124033$ & $-0.0921075$ & $-0.0476541$ & $0.303826$ & $0.300207$ & $-0.14121$ & $-0.423596$ & $0.0350195$ & $0.0811635$ & $0.263923$ & $0.443973$ & $1$ & $0.164604$ & $-0.0242738$ & $-0.44095$ & $0.488732$ & $0.345722$ & $0.361577$ & $-0.176541$ & $0.0920175$ & $-0.132167$ & $-0.196824$ & $-0.376174$ & $0.127084$ & $0.0174355$ & $0.0337381$ & $0.0303654$ & $-0.0477707$ & $0.0555897$ & $-0.0802458$ & $-0.0162963$ & $-0.0420964$ & $-0.0136284$ & $-0.00954031$ & $0.0284083$ & $-0.00549942$ & $0.0215306$ & $-0.000333673$ & $0.0160237$ & $-0.0131192$ & $0.00720039$ & $0.00326047$ & $0.00845518$ & $-0.0522012$ & $0.0188226$ \\
CHL3_11 & $0.000849844$ & $0.0201447$ & $-0.00796917$ & $-0.0201807$ & $0.0247878$ & $-0.266727$ & $0.102456$ & $-0.247191$ & $-0.246641$ & $0.421669$ & $-0.20546$ & $-0.347114$ & $-0.366798$ & $0.664961$ & $0.163617$ & $0.164604$ & $1$ & $0.74101$ & $0.733215$ & $0.229256$ & $0.173392$ & $0.16518$ & $-0.064388$ & $0.683938$ & $0.781372$ & $-0.114729$ & $-0.16301$ & $0.0727237$ & $-0.0274742$ & $-0.108575$ & $-0.0533416$ & $0.0823062$ & $-0.120844$ & $-0.25906$ & $0.000329347$ & $-0.0413881$ & $-0.00464497$ & $0.00397543$ & $0.0145745$ & $0.00975338$ & $0.0126276$ & $-0.000526713$ & $0.00114301$ & $-0.00623776$ & $-0.0117505$ & $-0.00473334$ & $6.87441e-05$ & $-0.0311616$ & $0.00795208$ \\
CHL3_22 & $0.000386059$ & $0.0211896$ & $0.000161335$ & $-0.012518$ & $0.0172072$ & $-0.0665949$ & $0.115166$ & $-0.442246$ & $-0.440756$ & $0.47296$ & $0.0773346$ & $-0.335678$ & $-0.385745$ & $0.602252$ & $-0.44594$ & $-0.0242738$ & $0.74101$ & $1$ & $0.677721$ & $-0.0786665$ & $-0.0737203$ & $-0.0739648$ & $0.0145131$ & $0.637953$ & $0.801676$ & $0.0345481$ & $-0.00872305$ & $-0.0224196$ & $-0.0337791$ & $-0.121698$ & $-0.0509727$ & $0.0927077$ & $-0.144509$ & $0.0162238$ & $-0.0050038$ & $-0.0405588$ & $0.00325897$ & $0.0116518$ & $0.0185389$ & $0.0075984$ & $-0.0125201$ & $0.0029737$ & $-0.0160474$ & $-0.00953177$ & $-0.0275519$ & $-0.00661952$ & $-0.0139099$ & $-0.0436227$ & $-0.00573918$ \\
CHL3_33 & $0.00341686$ & $0.0212697$ & $0.00104355$ & $-0.0191251$ & $0.00512261$ & $-0.0522242$ & $0.120815$ & $-0.446885$ & $-0.443631$ & $0.492807$ & $0.0860446$ & $-0.335532$ & $-0.396758$ & $0.591602$ & $-0.0384577$ & $-0.44095$ & $0.733215$ & $0.677721$ & $1$ & $-0.0899108$ & $-0.0811355$ & $-0.0799762$ & $0.0222391$ & $0.630496$ & $0.797636$ & $0.032042$ & $-0.00471579$ & $-0.0258254$ & $-0.0338138$ & $-0.121203$ & $-0.068865$ & $0.10052$ & $-0.148181$ & $-0.354912$ & $0.00831024$ & $-0.0153275$ & $0.00646486$ & $0.00798888$ & $-0.00907444$ & $0.00173273$ & $-0.00714495$ & $-0.00490549$ & $-0.00659973$ & $0.00156432$ & $-0.0180362$ & $-0.0076568$ & $-0.011244$ & $-0.00179928$ & $7.05307e-05$ \\
CHe_11 & $-0.0047014$ & $-0.0558998$ & $-0.0223322$ & $-0.0161866$ & $-0.00230962$ & $-0.178952$ & $-0.0388492$ & $0.853151$ & $0.838068$ & $-0.365029$ & $-0.990349$ & $-0.0236427$ & $0.165681$ & $0.52144$ & $0.489805$ & $0.488732$ & $0.229256$ & $-0.0786665$ & $-0.0899108$ & $1$ & $0.973621$ & $0.953807$ & $-0.00654139$ & $-0.264104$ & $-0.024031$ & $-0.561584$ & $0.227927$ & $0.348237$ & $0.0250197$ & $0.054326$ & $0.0241303$ & $-0.0406604$ & $0.0778714$ & $0.304652$ & $-0.00708836$ & $-0.0402485$ & $-0.037972$ & $-0.00578031$ & $-0.0153134$ & $-0.0250618$ & $0.00757028$ & $-0.00288589$ & $0.0537365$ & $0.0107696$ & $-0.000344262$ & $-0.0154336$ & $0.00226491$ & $-0.0345185$ & $0.015585$ \\
CHe_22 & $-0.00746602$ & $-0.0585161$ & $-0.0176181$ & $-0.0188107$ & $-0.00220812$ & $-0.183589$ & $-0.0371652$ & $0.898079$ & $0.881357$ & $-0.398083$ & $-0.991554$ & $-0.0298192$ & $0.179973$ & $0.46777$ & $0.346314$ & $0.345722$ & $0.173392$ & $-0.0737203$ & $-0.0811355$ & $0.973621$ & $1$ & $0.975622$ & $0.0510889$ & $-0.369113$ & $-0.0341352$ & $-0.576693$ & $0.381731$ & $0.354151$ & $0.0264131$ & $0.0573555$ & $0.0253745$ & $-0.0383567$ & $0.0802663$ & $0.463106$ & $-0.00579919$ & $-0.0343938$ & $-0.0450804$ & $-0.000452389$ & $-0.020967$ & $-0.0223444$ & $-0.000154334$ & $-0.000929377$ & $0.0544899$ & $0.0146092$ & $-0.00380792$ & $-0.0157669$ & $0.0025679$ & $-0.0273411$ & $0.0106652$ \\
CHe_33 & $-0.00698703$ & $-0.0560235$ & $-0.0117736$ & $-0.0192091$ & $-0.00486941$ & $-0.179666$ & $-0.0425193$ & $0.882041$ & $0.865561$ & $-0.395155$ & $-0.970702$ & $-0.029503$ & $0.175608$ & $0.451218$ & $0.337074$ & $0.361577$ & $0.16518$ & $-0.0739648$ & $-0.0799762$ & $0.953807$ & $0.975622$ & $1$ & $0.0499976$ & $-0.364829$ & $-0.0367058$ & $-0.564254$ & $0.37576$ & $0.348829$ & $0.028115$ & $0.0563028$ & $0.02581$ & $-0.0446762$ & $0.0783864$ & $0.460346$ & $-0.00933321$ & $-0.0307407$ & $-0.0497635$ & $0.00247976$ & $-0.0223389$ & $-0.0224073$ & $0.00123989$ & $-0.00327018$ & $0.0522713$ & $0.0177609$ & $-0.00873339$ & $-0.01722$ & $0.00122927$ & $-0.02919$ & $0.00541483$ \\
CHQ1_11 & $-0.029938$ & $0.012012$ & $0.0169275$ & $-0.00650237$ & $0.00133152$ & $0.00045135$ & $0.0110059$ & $0.070396$ & $0.0680936$ & $-0.0570947$ & $-0.0213635$ & $-0.0163461$ & $0.0150837$ & $-0.0571919$ & $-0.175902$ & $-0.176541$ & $-0.064388$ & $0.0145131$ & $0.0222391$ & $-0.00654139$ & $0.0510889$ & $0.0499976$ & $1$ & $-0.129505$ & $0.0980405$ & $-0.676115$ & $0.361697$ & $0.0179988$ & $-0.0198936$ & $0.0116697$ & $-0.00535618$ & $0.00596087$ & $-0.00653024$ & $0.205271$ & $-0.0095821$ & $-0.0101032$ & $-0.0279815$ & $-0.00703103$ & $-0.011901$ & $0.00511972$ & $0.0133742$ & $0.0441813$ & $0.00505735$ & $0.0110554$ & $0.004886$ & $0.00102668$ & $0.002877$ & $0.0170819$ & $-0.032508$ \\
CHQ1_33 & $-0.0481321$ & $0.032778$ & $-0.00537926$ & $0.00557711$ & $0.0109268$ & $-0.00382756$ & $0.101578$ & $-0.67657$ & $-0.666046$ & $0.563021$ & $0.316338$ & $-0.265843$ & $-0.405334$ & $0.471593$ & $0.0870184$ & $0.0920175$ & $0.683938$ & $0.637953$ & $0.630496$ & $-0.264104$ & $-0.369113$ & $-0.364829$ & $-0.129505$ & $1$ & $0.655065$ & $0.201387$ & $-0.413911$ & $-0.0314177$ & $-0.0387544$ & $-0.11777$ & $-0.0503353$ & $0.084542$ & $-0.1362$ & $-0.628482$ & $0.000868377$ & $-0.0200074$ & $0.022712$ & $0.0139884$ & $0.025307$ & $0.0216194$ & $0.00364588$ & $0.00273382$ & $-0.0148931$ & $-0.00293324$ & $-0.00712813$ & $0.00800413$ & $-0.00551295$ & $-0.0131606$ & $0.00455061$ \\
CHQ3_11 & $-0.114075$ & $0.0186779$ & $-0.00314589$ & $-0.0163129$ & $0.0166979$ & $-0.0928903$ & $0.112868$ & $-0.406382$ & $-0.404459$ & $0.466847$ & $0.0299041$ & $-0.332638$ & $-0.383193$ & $0.600551$ & $-0.142856$ & $-0.132167$ & $0.781372$ & $0.801676$ & $0.797636$ & $-0.024031$ & $-0.0341352$ & $-0.0367058$ & $0.0980405$ & $0.655065$ & $1$ & $0.00513502$ & $0.201781$ & $0.000556415$ & $-0.0309712$ & $-0.11157$ & $-0.056024$ & $0.0920247$ & $-0.146058$ & $-0.202944$ & $-0.00910749$ & $-0.0294579$ & $-0.00323603$ & $0.016137$ & $0.0196412$ & $0.00990499$ & $-0.0131025$ & $0.00261381$ & $-0.0144606$ & $0.00388008$ & $-0.0148013$ & $0.00105648$ & $-0.0245698$ & $-0.0196403$ & $-0.0231498$ \\
CHu_11 & $-0.0110191$ & $0.0287164$ & $-0.00320132$ & $0.031094$ & $-0.00240735$ & $0.103543$ & $0.0114996$ & $-0.512702$ & $-0.502741$ & $0.227408$ & $0.573048$ & $0.0339417$ & $-0.0916843$ & $-0.281692$ & $-0.205616$ & $-0.196824$ & $-0.114729$ & $0.0345481$ & $0.032042$ & $-0.561584$ & $-0.576693$ & $-0.564254$ & $-0.676115$ & $0.201387$ & $0.00513502$ & $1$ & $-0.195787$ & $-0.200239$ & $-0.00517911$ & $-0.0331782$ & $-0.0121161$ & $0.0167073$ & $-0.0417493$ & $-0.259651$ & $0.0152654$ & $0.0258949$ & $0.0442852$ & $0.00641926$ & $0.00663839$ & $0.0137172$ & $-0.00363307$ & $-0.0253835$ & $-0.0244711$ & $-0.00794585$ & $-0.0032654$ & $-0.00223662$ & $-0.0167203$ & $-0.00902872$ & $0.00580639$ \\
CHd_11 & $-0.0390061$ & $-0.0174056$ & $0.00102517$ & $-0.0212798$ & $-0.0167912$ & $-0.0607047$ & $-0.0105429$ & $0.429656$ & $0.419556$ & $-0.257464$ & $-0.30267$ & $0.00881063$ & $0.128102$ & $-0.0856547$ & $-0.390306$ & $-0.376174$ & $-0.16301$ & $-0.00872305$ & $-0.00471579$ & $0.227927$ & $0.381731$ & $0.37576$ & $0.361697$ & $-0.413911$ & $0.201781$ & $-0.195787$ & $1$ & $0.130948$ & $0.00759128$ & $0.0400592$ & $0.0128307$ & $-0.00826706$ & $0.0268912$ & $0.686781$ & $0.0019712$ & $0.0145054$ & $-0.035885$ & $0.0100579$ & $-0.0255639$ & $-0.00177343$ & $-0.0310745$ & $0.00860403$ & $0.0222161$ & $0.0252654$ & $-0.00439106$ & $-0.00186227$ & $-0.022426$ & $0.0107195$ & $-0.0380635$ \\
CHd_33 & $0.010527$ & $-0.0347098$ & $0.0205484$ & $-0.017837$ & $-0.00281037$ & $-0.0849805$ & $-0.0127142$ & $0.317554$ & $0.312539$ & $-0.137714$ & $-0.352983$ & $-0.0151192$ & $0.0553077$ & $0.164119$ & $0.127411$ & $0.127084$ & $0.0727237$ & $-0.0224196$ & $-0.0258254$ & $0.348237$ & $0.354151$ & $0.348829$ & $0.0179988$ & $-0.0314177$ & $0.000556415$ & $-0.200239$ & $0.130948$ & $1$ & $0.0179962$ & $0.0153399$ & $4.23039e-05$ & $-0.0154809$ & $0.0346446$ & $0.163302$ & $-0.0134241$ & $-0.0196966$ & $-0.0136188$ & $-0.00931685$ & $0.0136728$ & $-0.00765568$ & $-0.0166186$ & $0.0213255$ & $0.0188478$ & $-0.00961806$ & $-0.0246533$ & $-0.0381678$ & $-0.00508652$ & $-0.0113552$ & $0.009686$ \\
CeH_22r & $0.00776931$ & $-0.0444033$ & $-0.0195689$ & $0.00830873$ & $0.00248108$ & $-0.00304722$ & $-0.00184365$ & $0.0398492$ & $0.0443449$ & $-0.0051079$ & $-0.026883$ & $0.0660205$ & $0.0630951$ & $-0.00845359$ & $0.0153306$ & $0.0174355$ & $-0.0274742$ & $-0.0337791$ & $-0.0338138$ & $0.0250197$ & $0.0264131$ & $0.028115$ & $-0.0198936$ & $-0.0387544$ & $-0.0309712$ & $-0.00517911$ & $0.00759128$ & $0.0179962$ & $1$ & $0.031056$ & $0.0159748$ & $-0.0117147$ & $0.0480178$ & $0.0161819$ & $-0.0248418$ & $-0.0256347$ & $-0.0115877$ & $0.0140316$ & $0.000248222$ & $-0.0100119$ & $-0.0168452$ & $0.00715547$ & $0.00517365$ & $0.0110341$ & $0.000142373$ & $0.00964918$ & $-0.0140136$ & $-0.0289119$ & $0.00583156$ \\
CeH_33r & $0.00469932$ & $0.0119287$ & $0.0108965$ & $-0.0205649$ & $0.00150383$ & $0.0046554$ & $-0.160936$ & $0.106493$ & $0.123464$ & $-0.103727$ & $-0.0539667$ & $0.358015$ & $0.29339$ & $-0.0689257$ & $0.0342286$ & $0.0337381$ & $-0.108575$ & $-0.121698$ & $-0.121203$ & $0.054326$ & $0.0573555$ & $0.0563028$ & $0.0116697$ & $-0.11777$ & $-0.11157$ & $-0.0331782$ & $0.0400592$ & $0.0153399$ & $0.031056$ & $1$ & $0.291229$ & $-0.011937$ & $0.651477$ & $0.0590422$ & $-0.0447858$ & $-0.0161301$ & $-0.158151$ & $-0.0288412$ & $-0.0575122$ & $-0.0339428$ & $0.00213233$ & $-0.0130062$ & $0.0268359$ & $-0.0035028$ & $0.094098$ & $-0.00146522$ & $-0.017333$ & $0.0331677$ & $-0.0448502$ \\
CuH_22r & $-0.00408711$ & $0.000323508$ & $0.00431901$ & $-0.0390507$ & $-0.0121303$ & $0.0162886$ & $-0.0878488$ & $0.0497255$ & $0.059566$ & $-0.0614242$ & $-0.0256519$ & $0.110726$ & $0.111276$ & $-0.027941$ & $0.0088533$ & $0.0303654$ & $-0.0533416$ & $-0.0509727$ & $-0.068865$ & $0.0241303$ & $0.0253745$ & $0.02581$ & $-0.00535618$ & $-0.0503353$ & $-0.056024$ & $-0.0121161$ & $0.0128307$ & $4.23039e-05$ & $0.0159748$ & $0.291229$ & $1$ & $-0.00805134$ & $0.3529$ & $0.032636$ & $-0.0450113$ & $-0.00854481$ & $-0.052323$ & $-0.0321522$ & $0.0150993$ & $-0.0127233$ & $0.01687$ & $-0.0108924$ & $0.0232624$ & $-0.0982835$ & $0.00198747$ & $0.0754295$ & $0.373676$ & $-0.0121974$ & $0.028872$ \\
CuH_33r & $-0.0117631$ & $0.0325677$ & $0.0182264$ & $-0.00724395$ & $-0.00064682$ & $-0.00930339$ & $0.939596$ & $-0.0784314$ & $-0.0371586$ & $0.0725192$ & $0.0407546$ & $-0.175587$ & $-0.237931$ & $0.0469427$ & $-0.0352825$ & $-0.0477707$ & $0.0823062$ & $0.0927077$ & $0.10052$ & $-0.0406604$ & $-0.0383567$ & $-0.0446762$ & $0.00596087$ & $0.084542$ & $0.0920247$ & $0.0167073$ & $-0.00826706$ & $-0.0154809$ & $-0.0117147$ & $-0.011937$ & $-0.00805134$ & $1$ & $0.000379445$ & $-0.031891$ & $0.0654946$ & $0.0346784$ & $0.00903434$ & $0.00111069$ & $-0.0556372$ & $-0.00170817$ & $0.00451942$ & $-0.000117573$ & $-0.00332056$ & $-0.0310224$ & $-0.0100507$ & $-0.0276079$ & $-0.0448871$ & $0.0265976$ & $0.0227914$ \\
CdH_33r & $0.0142214$ & $-0.0111886$ & $-0.00405227$ & $-0.029513$ & $-0.00136854$ & $0.0153226$ & $-0.182056$ & $0.136873$ & $0.148791$ & $-0.135798$ & $-0.0785765$ & $0.413868$ & $0.351826$ & $-0.0741026$ & $0.0524166$ & $0.0555897$ & $-0.120844$ & $-0.144509$ & $-0.148181$ & $0.0778714$ & $0.0802663$ & $0.0783864$ & $-0.00653024$ & $-0.1362$ & $-0.146058$ & $-0.0417493$ & $0.0268912$ & $0.0346446$ & $0.0480178$ & $0.651477$ & $0.3529$ & $0.000379445$ & $1$ & $0.0689826$ & $0.0815452$ & $-0.0579802$ & $-0.138803$ & $-0.0409034$ & $-0.0726904$ & $-0.015625$ & $0.0624344$ & $0.00432629$ & $-0.0232849$ & $-0.0113798$ & $-0.0444716$ & $0.0426889$ & $0.0191159$ & $0.0858019$ & $0.405583$ \\
CLL_1221 & $-0.00937799$ & $0.00435963$ & $0.00867473$ & $-0.0145293$ & $-0.0100146$ & $-0.118202$ & $-0.0365073$ & $0.572926$ & $0.560329$ & $-0.385535$ & $-0.380527$ & $0.0704046$ & $0.22489$ & $-0.205998$ & $-0.574103$ & $-0.0802458$ & $-0.25906$ & $0.0162238$ & $-0.354912$ & $0.304652$ & $0.463106$ & $0.460346$ & $0.205271$ & $-0.628482$ & $-0.202944$ & $-0.259651$ & $0.686781$ & $0.163302$ & $0.0161819$ & $0.0590422$ & $0.032636$ & $-0.031891$ & $0.0689826$ & $1$ & $-0.00621061$ & $0.00604455$ & $-0.0392208$ & $0.00191561$ & $-0.0162478$ & $-0.00281613$ & $-0.021141$ & $0.00717411$ & $0.016459$ & $0.00903024$ & $-0.0128343$ & $-0.00361592$ & $-0.00732391$ & $-0.0013812$ & $-0.0215654$ \\
eHggint & $0.0811997$ & $0.0315651$ & $-0.0113382$ & $0.121999$ & $-0.00272636$ & $-0.0125708$ & $-0.0217079$ & $-0.00730874$ & $-0.0244983$ & $0.0613895$ & $0.00733406$ & $0.0709912$ & $0.00798284$ & $-0.00617623$ & $0.00177722$ & $-0.0162963$ & $0.000329347$ & $-0.0050038$ & $0.00831024$ & $-0.00708836$ & $-0.00579919$ & $-0.00933321$ & $-0.0095821$ & $0.000868377$ & $-0.00910749$ & $0.0152654$ & $0.0019712$ & $-0.0134241$ & $-0.0248418$ & $-0.0447858$ & $-0.0450113$ & $0.0654946$ & $0.0815452$ & $-0.00621061$ & $1$ & $0.0457696$ & $-0.0384764$ & $-0.0117774$ & $-0.082249$ & $0.0166484$ & $-0.00660174$ & $0.00445659$ & $0.00316751$ & $-0.123814$ & $-0.0940183$ & $-0.00255791$ & $-0.145611$ & $0.198351$ & $0.183653$ \\
eHggpar & $-0.00619641$ & $0.0916461$ & $-0.013932$ & $-0.0504546$ & $0.0271825$ & $-0.000731027$ & $-0.0151109$ & $-0.0163708$ & $-0.0257469$ & $0.011249$ & $0.0401684$ & $0.0388524$ & $0.000793544$ & $-0.0643175$ & $-0.0156391$ & $-0.0420964$ & $-0.0413881$ & $-0.0405588$ & $-0.0153275$ & $-0.0402485$ & $-0.0343938$ & $-0.0307407$ & $-0.0101032$ & $-0.0200074$ & $-0.0294579$ & $0.0258949$ & $0.0145054$ & $-0.0196966$ & $-0.0256347$ & $-0.0161301$ & $-0.00854481$ & $0.0346784$ & $-0.0579802$ & $0.00604455$ & $0.0457696$ & $1$ & $0.0100241$ & $-0.0295854$ & $-0.100734$ & $0.0121594$ & $0.0353263$ & $-0.00205158$ & $-0.0186376$ & $0.0136915$ & $0.0141518$ & $-0.0728963$ & $-0.00429844$ & $0.185232$ & $-0.165748$ \\
eHWWint & $0.0409349$ & $0.0134572$ & $-0.0364198$ & $0.126119$ & $-0.00557575$ & $0.0141553$ & $0.0385648$ & $-0.0449351$ & $-0.0501888$ & $0.0134475$ & $0.043591$ & $-0.00181404$ & $-0.0109574$ & $-0.0162666$ & $-0.00190581$ & $-0.0136284$ & $-0.00464497$ & $0.00325897$ & $0.00646486$ & $-0.037972$ & $-0.0450804$ & $-0.0497635$ & $-0.0279815$ & $0.022712$ & $-0.00323603$ & $0.0442852$ & $-0.035885$ & $-0.0136188$ & $-0.0115877$ & $-0.158151$ & $-0.052323$ & $0.00903434$ & $-0.138803$ & $-0.0392208$ & $-0.0384764$ & $0.0100241$ & $1$ & $-0.0189413$ & $0.156103$ & $0.018421$ & $-0.0538132$ & $-0.0372047$ & $-0.00285458$ & $-0.00406312$ & $0.00575037$ & $0.00794228$ & $0.0900185$ & $-0.147785$ & $0.132566$ \\
eHWWpar & $-0.0351046$ & $-0.0150954$ & $0.0467891$ & $-0.0247727$ & $0.0092169$ & $0.0184728$ & $0.010925$ & $-0.00476625$ & $0.000280976$ & $0.00681479$ & $0.00289182$ & $-0.00703396$ & $-0.00251811$ & $0.0125826$ & $-0.0114321$ & $-0.00954031$ & $0.00397543$ & $0.0116518$ & $0.00798888$ & $-0.00578031$ & $-0.000452389$ & $0.00247976$ & $-0.00703103$ & $0.0139884$ & $0.016137$ & $0.00641926$ & $0.0100579$ & $-0.00931685$ & $0.0140316$ & $-0.0288412$ & $-0.0321522$ & $0.00111069$ & $-0.0409034$ & $0.00191561$ & $-0.0117774$ & $-0.0295854$ & $-0.0189413$ & $1$ & $0.00733882$ & $0.0178684$ & $0.0170156$ & $0.0067981$ & $0.0398659$ & $0.00838027$ & $-0.013179$ & $-0.00610048$ & $-0.0177841$ & $0.0371168$ & $-0.0373236$ \\
eHZZint & $-0.0482868$ & $-0.00266433$ & $0.17954$ & $0.0547097$ & $0.019848$ & $0.0156487$ & $-0.0444168$ & $-0.0252989$ & $-0.0278536$ & $-0.0104328$ & $0.0192923$ & $-0.0612089$ & $-0.0459359$ & $0.00105426$ & $-0.00347883$ & $0.0284083$ & $0.0145745$ & $0.0185389$ & $-0.00907444$ & $-0.0153134$ & $-0.020967$ & $-0.0223389$ & $-0.011901$ & $0.025307$ & $0.0196412$ & $0.00663839$ & $-0.0255639$ & $0.0136728$ & $0.000248222$ & $-0.0575122$ & $0.0150993$ & $-0.0556372$ & $-0.0726904$ & $-0.0162478$ & $-0.082249$ & $-0.100734$ & $0.156103$ & $0.00733882$ & $1$ & $0.0276289$ & $0.0163497$ & $-0.0174485$ & $0.00760271$ & $-0.0271683$ & $0.0645625$ & $0.073944$ & $0.15115$ & $0.00889506$ & $-0.0196207$ \\
eHZZpar & $-0.0340844$ & $-0.0131669$ & $0.0679583$ & $0.00732296$ & $0.0401763$ & $-0.0128171$ & $-0.00208077$ & $-0.0225476$ & $-0.02183$ & $0.00956897$ & $0.0245283$ & $-0.0107699$ & $-0.0173524$ & $-0.0172955$ & $-0.012375$ & $-0.00549942$ & $0.00975338$ & $0.0075984$ & $0.00173273$ & $-0.0250618$ & $-0.0223444$ & $-0.0224073$ & $0.00511972$ & $0.0216194$ & $0.00990499$ & $0.0137172$ & $-0.00177343$ & $-0.00765568$ & $-0.0100119$ & $-0.0339428$ & $-0.0127233$ & $-0.00170817$ & $-0.015625$ & $-0.00281613$ & $0.0166484$ & $0.0121594$ & $0.018421$ & $0.0178684$ & $0.0276289$ & $1$ & $-0.0298122$ & $0.0115479$ & $0.0023286$ & $-0.0108876$ & $0.00405551$ & $-0.0106937$ & $-0.0079071$ & $0.0100936$ & $0.0227102$ \\
eHZgaint & $-0.0152054$ & $0.0294991$ & $0.0167207$ & $-0.0214415$ & $-0.030635$ & $0.0139118$ & $-0.0038272$ & $-0.00290182$ & $-0.000543155$ & $-0.0226647$ & $-0.00175677$ & $0.00139607$ & $0.0110593$ & $-0.00974188$ & $0.0309043$ & $0.0215306$ & $0.0126276$ & $-0.0125201$ & $-0.00714495$ & $0.00757028$ & $-0.000154334$ & $0.00123989$ & $0.0133742$ & $0.00364588$ & $-0.0131025$ & $-0.00363307$ & $-0.0310745$ & $-0.0166186$ & $-0.0168452$ & $0.00213233$ & $0.01687$ & $0.00451942$ & $0.0624344$ & $-0.021141$ & $-0.00660174$ & $0.0353263$ & $-0.0538132$ & $0.0170156$ & $0.0163497$ & $-0.0298122$ & $1$ & $0.00647002$ & $0.0860479$ & $-0.0152411$ & $0.0370062$ & $0.0645348$ & $0.0497677$ & $0.00254408$ & $0.117146$ \\
eHZgapar & $0.00749276$ & $-0.00297006$ & $-0.0218631$ & $-0.00256853$ & $-0.0136463$ & $0.00928156$ & $0.000851367$ & $-0.000697171$ & $-0.000471168$ & $0.0101393$ & $0.00268063$ & $0.0132456$ & $0.00687783$ & $-0.000465368$ & $-0.00763106$ & $-0.000333673$ & $-0.000526713$ & $0.0029737$ & $-0.00490549$ & $-0.00288589$ & $-0.000929377$ & $-0.00327018$ & $0.0441813$ & $0.00273382$ & $0.00261381$ & $-0.0253835$ & $0.00860403$ & $0.0213255$ & $0.00715547$ & $-0.0130062$ & $-0.0108924$ & $-0.000117573$ & $0.00432629$ & $0.00717411$ & $0.00445659$ & $-0.00205158$ & $-0.0372047$ & $0.0067981$ & $-0.0174485$ & $0.0115479$ & $0.00647002$ & $1$ & $-0.0411994$ & $0.0136038$ & $0.0258223$ & $0.0175185$ & $-0.00905063$ & $-0.0163106$ & $0.0130982$ \\
eHgagaint & $0.0489534$ & $0.0467285$ & $-0.0207654$ & $0.0583187$ & $-0.00976936$ & $0.00215154$ & $-0.0102969$ & $0.0487283$ & $0.104123$ & $-0.0175791$ & $-0.0529569$ & $0.0144683$ & $0.0283711$ & $0.0249083$ & $0.0291519$ & $0.0160237$ & $0.00114301$ & $-0.0160474$ & $-0.00659973$ & $0.0537365$ & $0.0544899$ & $0.0522713$ & $0.00505735$ & $-0.0148931$ & $-0.0144606$ & $-0.0244711$ & $0.0222161$ & $0.0188478$ & $0.00517365$ & $0.0268359$ & $0.0232624$ & $-0.00332056$ & $-0.0232849$ & $0.016459$ & $0.00316751$ & $-0.0186376$ & $-0.00285458$ & $0.0398659$ & $0.00760271$ & $0.0023286$ & $0.0860479$ & $-0.0411994$ & $1$ & $0.0759076$ & $0.0479326$ & $-0.0701577$ & $0.0520877$ & $0.0353621$ & $-0.0774138$ \\
eHmumuint & $-0.0689385$ & $-0.0950647$ & $-0.0252804$ & $0.0859456$ & $0.0223078$ & $-0.0166038$ & $-0.0168003$ & $0.0210263$ & $0.0259$ & $-0.0103853$ & $-0.0158449$ & $0.0182287$ & $0.0310667$ & $0.00117496$ & $0.00238212$ & $-0.0131192$ & $-0.00623776$ & $-0.00953177$ & $0.00156432$ & $0.0107696$ & $0.0146092$ & $0.0177609$ & $0.0110554$ & $-0.00293324$ & $0.00388008$ & $-0.00794585$ & $0.0252654$ & $-0.00961806$ & $0.0110341$ & $-0.0035028$ & $-0.0982835$ & $-0.0310224$ & $-0.0113798$ & $0.00903024$ & $-0.123814$ & $0.0136915$ & $-0.00406312$ & $0.00838027$ & $-0.0271683$ & $-0.0108876$ & $-0.0152411$ & $0.0136038$ & $0.0759076$ & $1$ & $-0.0923591$ & $-0.0824562$ & $-0.177747$ & $0.00290314$ & $-0.0240657$ \\
eHtautauint & $0.00221434$ & $0.0219414$ & $0.0872147$ & $0.0732726$ & $0.0135876$ & $0.00675049$ & $-0.00983978$ & $0.00292393$ & $0.00540133$ & $-0.00195531$ & $0.00372145$ & $0.00869621$ & $0.00371354$ & $-0.0206354$ & $0.0211756$ & $0.00720039$ & $-0.0117505$ & $-0.0275519$ & $-0.0180362$ & $-0.000344262$ & $-0.00380792$ & $-0.00873339$ & $0.004886$ & $-0.00712813$ & $-0.0148013$ & $-0.0032654$ & $-0.00439106$ & $-0.0246533$ & $0.000142373$ & $0.094098$ & $0.00198747$ & $-0.0100507$ & $-0.0444716$ & $-0.0128343$ & $-0.0940183$ & $0.0141518$ & $0.00575037$ & $-0.013179$ & $0.0645625$ & $0.00405551$ & $0.0370062$ & $0.0258223$ & $0.0479326$ & $-0.0923591$ & $1$ & $-0.00337602$ & $-0.0133409$ & $0.0435235$ & $-0.145464$ \\
eHccint & $-0.0342067$ & $0.0638255$ & $-0.0365646$ & $-0.160372$ & $-0.0209047$ & $0.0347901$ & $-0.0308651$ & $-0.0141306$ & $-0.0198809$ & $-0.0163357$ & $0.0172134$ & $-0.00956205$ & $0.000961246$ & $-0.0177036$ & $-0.00310913$ & $0.00326047$ & $-0.00473334$ & $-0.00661952$ & $-0.0076568$ & $-0.0154336$ & $-0.0157669$ & $-0.01722$ & $0.00102668$ & $0.00800413$ & $0.00105648$ & $-0.00223662$ & $-0.00186227$ & $-0.0381678$ & $0.00964918$ & $-0.00146522$ & $0.0754295$ & $-0.0276079$ & $0.0426889$ & $-0.00361592$ & $-0.00255791$ & $-0.0728963$ & $0.00794228$ & $-0.00610048$ & $0.073944$ & $-0.0106937$ & $0.0645348$ & $0.0175185$ & $-0.0701577$ & $-0.0824562$ & $-0.00337602$ & $1$ & $0.030077$ & $-0.00865352$ & $0.080107$ \\
eHccpar & $0.0586576$ & $0.0293323$ & $0.058925$ & $-0.0348808$ & $0.00559044$ & $0.0106429$ & $-0.0315562$ & $0.00361137$ & $0.00609517$ & $-0.0215531$ & $-0.00302031$ & $-0.037201$ & $-0.0253575$ & $-0.00319066$ & $0.0171045$ & $0.00845518$ & $6.87441e-05$ & $-0.0139099$ & $-0.011244$ & $0.00226491$ & $0.0025679$ & $0.00122927$ & $0.002877$ & $-0.00551295$ & $-0.0245698$ & $-0.0167203$ & $-0.022426$ & $-0.00508652$ & $-0.0140136$ & $-0.017333$ & $0.373676$ & $-0.0448871$ & $0.0191159$ & $-0.00732391$ & $-0.145611$ & $-0.00429844$ & $0.0900185$ & $-0.0177841$ & $0.15115$ & $-0.0079071$ & $0.0497677$ & $-0.00905063$ & $0.0520877$ & $-0.177747$ & $-0.0133409$ & $0.030077$ & $1$ & $-0.023979$ & $0.0804187$ \\
eHbbint & $-0.0592977$ & $0.172276$ & $0.151745$ & $-0.0779575$ & $0.0399006$ & $0.00856419$ & $-0.00549484$ & $-0.0165877$ & $-0.0219592$ & $0.00306634$ & $0.0371698$ & $0.0293625$ & $0.00765791$ & $-0.0491817$ & $0.000384719$ & $-0.0522012$ & $-0.0311616$ & $-0.0436227$ & $-0.00179928$ & $-0.0345185$ & $-0.0273411$ & $-0.02919$ & $0.0170819$ & $-0.0131606$ & $-0.0196403$ & $-0.00902872$ & $0.0107195$ & $-0.0113552$ & $-0.0289119$ & $0.0331677$ & $-0.0121974$ & $0.0265976$ & $0.0858019$ & $-0.0013812$ & $0.198351$ & $0.185232$ & $-0.147785$ & $0.0371168$ & $0.00889506$ & $0.0100936$ & $0.00254408$ & $-0.0163106$ & $0.0353621$ & $0.00290314$ & $0.0435235$ & $-0.00865352$ & $-0.023979$ & $1$ & $-0.167122$ \\
eHbbpar & $0.0697099$ & $-0.0680774$ & $-0.00509908$ & $-0.00183932$ & $-0.0311734$ & $0.0134589$ & $0.0173533$ & $0.00923297$ & $0.00158946$ & $-0.00824663$ & $-0.0154767$ & $-0.0186797$ & $-0.0132123$ & $0.0165582$ & $0.0305775$ & $0.0188226$ & $0.00795208$ & $-0.00573918$ & $7.05307e-05$ & $0.015585$ & $0.0106652$ & $0.00541483$ & $-0.032508$ & $0.00455061$ & $-0.0231498$ & $0.00580639$ & $-0.0380635$ & $0.009686$ & $0.00583156$ & $-0.0448502$ & $0.028872$ & $0.0227914$ & $0.405583$ & $-0.0215654$ & $0.183653$ & $-0.165748$ & $0.132566$ & $-0.0373236$ & $-0.0196207$ & $0.0227102$ & $0.117146$ & $0.0130982$ & $-0.0774138$ & $-0.0240657$ & $-0.145464$ & $0.080107$ & $0.0804187$ & $-0.167122$ & $1$ \\
