 & AlsMz & dAle5Mz & mtop & mHl & Mz & CW & CHG & CHWB & CHWHB_gaga & CHWHB_gagaorth & CHD & CHbox & CH & CHL1_11 & CHL1_22 & CHL1_33 & CHL3_11 & CHL3_22 & CHL3_33 & CHe_11 & CHe_22 & CHe_33 & CHQ1_11 & CHQ1_33 & CHQ3_11 & CHu_11 & CHd_11 & CHd_33 & CeH_22r & CeH_33r & CuH_22r & CuH_33r & CdH_33r & CLL_1221 & eHggint & eHggpar & eHWWint & eHWWpar & eHZZint & eHZZpar & eHZgaint & eHZgapar & eHgagaint & eHmumuint & eHtautauint & eHccint & eHccpar & eHbbint & eHbbpar \\
AlsMz & $1$ & $0.0795076$ & $-0.0240547$ & $0.0540329$ & $0.0127327$ & $-0.0215506$ & $-0.0160022$ & $-0.00943551$ & $-0.0185581$ & $0.00678507$ & $-0.0114454$ & $-0.00340878$ & $-0.0109704$ & $0.00820771$ & $0.0143$ & $0.0085531$ & $0.0258902$ & $0.00950337$ & $0.0194591$ & $0.00745417$ & $0.00358392$ & $0.00848021$ & $-0.0237966$ & $-0.0187696$ & $-0.0803327$ & $-0.0223695$ & $-0.0219992$ & $0.0369952$ & $-0.00964287$ & $0.0123094$ & $0.0175203$ & $-0.0199153$ & $-0.00168432$ & $-0.0149593$ & $-0.0604746$ & $0.0300492$ & $-0.0358325$ & $-0.0480795$ & $-0.0406807$ & $-0.0119398$ & $-0.00924753$ & $-0.00733251$ & $-0.136651$ & $0.00940506$ & $-0.0407697$ & $0.0251497$ & $0.079429$ & $-0.0711277$ & $0.0155212$ \\
dAle5Mz & $0.0795076$ & $1$ & $0.0258004$ & $0.0663913$ & $0.00369925$ & $0.0280096$ & $-0.00355331$ & $-0.0995443$ & $-0.0968015$ & $0.0496697$ & $0.098587$ & $0.0380271$ & $-0.0260601$ & $-0.0451771$ & $-0.00722584$ & $-0.0358123$ & $-0.0220977$ & $-0.0195266$ & $0.0032278$ & $-0.0766252$ & $-0.0787418$ & $-0.0795299$ & $0.00345035$ & $0.0105655$ & $-0.0240071$ & $0.0378733$ & $-0.04214$ & $-0.0354009$ & $-0.00304907$ & $-0.0266358$ & $-0.00944252$ & $-0.000735963$ & $-0.00713961$ & $-0.0265011$ & $0.173891$ & $-0.0418119$ & $0.0052196$ & $0.00285825$ & $-0.0916516$ & $0.0201189$ & $0.1202$ & $-0.0281776$ & $0.0318176$ & $0.0442192$ & $-0.0878126$ & $0.0608784$ & $-0.0294565$ & $0.0292382$ & $0.0316748$ \\
mtop & $-0.0240547$ & $0.0258004$ & $1$ & $-0.00840019$ & $-0.000359822$ & $-0.00129476$ & $-0.00446975$ & $0.00604981$ & $0.00242101$ & $-0.00217222$ & $-0.00460852$ & $0.00472243$ & $0.0218733$ & $0.00848489$ & $0.00673542$ & $0.00614506$ & $0.0119353$ & $0.00488443$ & $0.00710569$ & $0.0112808$ & $0.0120595$ & $0.0115382$ & $0.00878081$ & $0.00785909$ & $0.00958067$ & $-0.0154264$ & $0.00491499$ & $-0.0205439$ & $-0.0167348$ & $-0.0015094$ & $0.0104668$ & $-0.0177562$ & $0.000736455$ & $0.00459595$ & $0.00521234$ & $-0.155159$ & $0.0313198$ & $0.0615685$ & $0.0202387$ & $-0.00569977$ & $-0.0394026$ & $-0.052024$ & $-0.0570872$ & $0.069115$ & $0.0841451$ & $-0.0483412$ & $0.034176$ & $-0.0834521$ & $0.0352809$ \\
mHl & $0.0540329$ & $0.0663913$ & $-0.00840019$ & $1$ & $-0.0101317$ & $0.00480681$ & $-0.0136004$ & $-0.0117586$ & $-0.0108588$ & $0.00617953$ & $0.00737386$ & $-0.00885489$ & $0.00141074$ & $-0.00622343$ & $-0.00166166$ & $-0.01105$ & $0.0116089$ & $0.00439723$ & $0.0122059$ & $-0.00776967$ & $-0.00609126$ & $-0.0053204$ & $-0.0122674$ & $-0.00151146$ & $0.00566682$ & $0.0302868$ & $0.00700963$ & $-7.90017e-05$ & $-0.0149247$ & $-0.0026381$ & $-0.000666155$ & $-0.0123897$ & $-0.0646971$ & $-0.00170783$ & $0.0543804$ & $0.0436685$ & $0.0621032$ & $-0.00627889$ & $-0.0550791$ & $0.0306272$ & $-0.0287815$ & $0.0307057$ & $0.034327$ & $0.0027404$ & $0.150946$ & $-0.120717$ & $0.0564159$ & $0.0198937$ & $-0.083959$ \\
Mz & $0.0127327$ & $0.00369925$ & $-0.000359822$ & $-0.0101317$ & $1$ & $-0.00449375$ & $-0.0258929$ & $0.00193151$ & $0.000923569$ & $0.00703941$ & $0.00445941$ & $-0.00778289$ & $0.0157756$ & $0.00492565$ & $0.00157236$ & $0.00104315$ & $0.00219797$ & $-0.00105143$ & $-1.86838e-05$ & $0.00276666$ & $0.00494579$ & $0.00232143$ & $0.00898237$ & $0.00137854$ & $-0.00336202$ & $-0.00757131$ & $0.000859476$ & $-0.00457506$ & $0.0110025$ & $-0.0102716$ & $0.0109018$ & $-0.0298136$ & $-0.00828393$ & $-0.00292522$ & $-0.00280127$ & $0.0250858$ & $-0.00529611$ & $-0.0194695$ & $-0.0118112$ & $0.00279479$ & $-0.0276406$ & $0.00364362$ & $0.0081966$ & $0.0122798$ & $0.0143538$ & $-0.0315946$ & $0.0153695$ & $-0.0129412$ & $0.0226208$ \\
CW & $-0.0215506$ & $0.0280096$ & $-0.00129476$ & $0.00480681$ & $-0.00449375$ & $1$ & $0.0249674$ & $-0.121022$ & $-0.117018$ & $0.0240729$ & $0.195466$ & $0.0332969$ & $-0.00285679$ & $-0.00647149$ & $-0.101783$ & $-0.0852586$ & $-0.274009$ & $-0.0624523$ & $-0.0706973$ & $-0.19447$ & $-0.19673$ & $-0.187168$ & $-0.00434725$ & $-0.031405$ & $-0.107646$ & $0.103155$ & $-0.0773277$ & $-0.0758311$ & $-0.0150593$ & $-0.0122157$ & $0.014429$ & $0.0276867$ & $-0.0183509$ & $-0.100982$ & $-0.0215856$ & $0.0145368$ & $-0.0038508$ & $0.00509502$ & $-0.00859602$ & $0.00351207$ & $0.0127258$ & $-0.00425852$ & $0.0131005$ & $-0.0321907$ & $0.00575765$ & $-0.0213608$ & $0.0230612$ & $-0.000715235$ & $-0.0218639$ \\
CHG & $-0.0160022$ & $-0.00355331$ & $-0.00446975$ & $-0.0136004$ & $-0.0258929$ & $0.0249674$ & $1$ & $-0.0250614$ & $0.0324281$ & $0.0337271$ & $0.0256743$ & $-0.15666$ & $-0.264282$ & $-0.00885621$ & $-0.0311757$ & $-0.0220009$ & $0.00165093$ & $0.0193622$ & $0.0130117$ & $-0.0276127$ & $-0.0241827$ & $-0.0232142$ & $-0.00417173$ & $0.0115603$ & $0.0150827$ & $0.019756$ & $0.00818373$ & $0.00305157$ & $-0.0112059$ & $-0.119196$ & $-0.087353$ & $0.938029$ & $-0.133827$ & $0.00660966$ & $-0.00928262$ & $-0.00757085$ & $0.0147958$ & $0.0137061$ & $-0.0401282$ & $0.014603$ & $-0.0283546$ & $0.00500569$ & $0.0274961$ & $0.0256572$ & $0.0286993$ & $-0.0217599$ & $-0.0251084$ & $0.0278516$ & $0.00392938$ \\
CHWB & $-0.00943551$ & $-0.0995443$ & $0.00604981$ & $-0.0117586$ & $0.00193151$ & $-0.121022$ & $-0.0250614$ & $1$ & $0.981801$ & $-0.539919$ & $-0.862812$ & $-0.0962554$ & $0.0944092$ & $0.0584402$ & $0.29853$ & $0.290348$ & $-0.245346$ & $-0.439201$ & $-0.435331$ & $0.833646$ & $0.881482$ & $0.865827$ & $0.0724724$ & $-0.66017$ & $-0.397894$ & $-0.501683$ & $0.427934$ & $0.31897$ & $-0.00606386$ & $0.0368434$ & $0.0285003$ & $-0.0265984$ & $0.0402463$ & $0.567512$ & $-0.0485265$ & $0.0231917$ & $-0.00967319$ & $-0.00506324$ & $0.0127159$ & $0.0037688$ & $-0.00581816$ & $-0.00186941$ & $0.00315403$ & $-0.0031979$ & $0.0128182$ & $0.00939798$ & $0.0199336$ & $0.00052739$ & $-0.00425716$ \\
CHWHB_gaga & $-0.0185581$ & $-0.0968015$ & $0.00242101$ & $-0.0108588$ & $0.000923569$ & $-0.117018$ & $0.0324281$ & $0.981801$ & $1$ & $-0.532133$ & $-0.844927$ & $-0.0767916$ & $0.084535$ & $0.0520747$ & $0.290834$ & $0.284411$ & $-0.243919$ & $-0.43354$ & $-0.431198$ & $0.816499$ & $0.863514$ & $0.848492$ & $0.0708314$ & $-0.650498$ & $-0.392313$ & $-0.490724$ & $0.421505$ & $0.311631$ & $-0.000279376$ & $0.0574573$ & $0.0369761$ & $0.0211058$ & $0.0573952$ & $0.559636$ & $-0.0584116$ & $0.00898959$ & $-0.0152537$ & $-0.00510442$ & $0.000250837$ & $-8.3634e-05$ & $-0.0147437$ & $0.000736953$ & $0.066977$ & $-0.00420745$ & $0.0283692$ & $0.00507468$ & $0.0142504$ & $0.00496494$ & $-0.0124011$ \\
CHWHB_gagaorth & $0.00678507$ & $0.0496697$ & $-0.00217222$ & $0.00617953$ & $0.00703941$ & $0.0240729$ & $0.0337271$ & $-0.539919$ & $-0.532133$ & $1$ & $0.357533$ & $0.277599$ & $-0.13972$ & $0.171732$ & $-0.107955$ & $-0.109011$ & $0.333812$ & $0.396623$ & $0.396205$ & $-0.340969$ & $-0.374397$ & $-0.371131$ & $-0.0473386$ & $0.487419$ & $0.379794$ & $0.2073$ & $-0.245679$ & $-0.128033$ & $0.0076424$ & $-0.14516$ & $-0.0822196$ & $0.0395317$ & $-0.15523$ & $-0.346265$ & $0.068852$ & $0.00661367$ & $0.0267052$ & $0.00849941$ & $-0.00397671$ & $-0.0225076$ & $-0.0384271$ & $-0.0163845$ & $0.00835257$ & $0.0188768$ & $0.00368931$ & $-0.00952741$ & $-0.0246364$ & $-0.0078849$ & $0.0278161$ \\
CHD & $-0.0114454$ & $0.098587$ & $-0.00460852$ & $0.00737386$ & $0.00445941$ & $0.195466$ & $0.0256743$ & $-0.862812$ & $-0.844927$ & $0.357533$ & $1$ & $0.134454$ & $-0.063495$ & $-0.509313$ & $-0.430265$ & $-0.414744$ & $-0.245259$ & $0.0336103$ & $0.0313574$ & $-0.990291$ & $-0.991235$ & $-0.970097$ & $-0.0203152$ & $0.257121$ & $-0.0190566$ & $0.571272$ & $-0.288302$ & $-0.365012$ & $-0.00667626$ & $-0.0499297$ & $-0.0228495$ & $0.0306698$ & $-0.0589881$ & $-0.35051$ & $0.0384272$ & $-0.00985486$ & $0.00321114$ & $0.000781222$ & $-0.00931168$ & $0.00370928$ & $0.0120826$ & $0.000527069$ & $0.00420626$ & $-0.0117036$ & $-0.000419977$ & $-0.0124266$ & $0.00349062$ & $-0.00929583$ & $0.000932297$ \\
CHbox & $-0.00340878$ & $0.0380271$ & $0.00472243$ & $-0.00885489$ & $-0.00778289$ & $0.0332969$ & $-0.15666$ & $-0.0962554$ & $-0.0767916$ & $0.277599$ & $0.134454$ & $1$ & $0.569022$ & $-0.122499$ & $-0.00873056$ & $-0.0127615$ & $-0.0732753$ & $-0.0627281$ & $-0.0573491$ & $-0.121769$ & $-0.137934$ & $-0.134332$ & $-0.0288853$ & $0.012759$ & $-0.0612146$ & $0.0967392$ & $-0.0696949$ & $-0.0366777$ & $0.0684349$ & $0.338261$ & $0.0930394$ & $-0.0597576$ & $0.39708$ & $-0.0698849$ & $0.113591$ & $0.0753869$ & $-0.0108071$ & $0.00696527$ & $0.000746036$ & $-0.0373297$ & $0.0062439$ & $-0.0240404$ & $0.0196837$ & $-0.0187151$ & $0.0270162$ & $0.012708$ & $0.0109028$ & $-0.027218$ & $0.0248476$ \\
CH & $-0.0109704$ & $-0.0260601$ & $0.0218733$ & $0.00141074$ & $0.0157756$ & $-0.00285679$ & $-0.264282$ & $0.0944092$ & $0.084535$ & $-0.13972$ & $-0.063495$ & $0.569022$ & $1$ & $-0.0360275$ & $0.0129709$ & $0.0203519$ & $-0.0460415$ & $-0.0624578$ & $-0.0675366$ & $0.0601807$ & $0.0679335$ & $0.0678104$ & $-0.00432281$ & $-0.0773246$ & $-0.0591821$ & $-0.0195349$ & $0.0512327$ & $0.042433$ & $0.0374844$ & $0.235986$ & $0.140934$ & $-0.231674$ & $0.27466$ & $0.0703607$ & $0.0253689$ & $0.0311328$ & $-0.0223869$ & $-0.00010259$ & $0.015526$ & $-0.0298775$ & $0.0283492$ & $0.00029454$ & $0.000585273$ & $-0.0276715$ & $0.0140281$ & $0.00555623$ & $0.0397054$ & $-0.0183088$ & $-0.00415791$ \\
CHL1_11 & $0.00820771$ & $-0.0451771$ & $0.00848489$ & $-0.00622343$ & $0.00492565$ & $-0.00647149$ & $-0.00885621$ & $0.0584402$ & $0.0520747$ & $0.171732$ & $-0.509313$ & $-0.122499$ & $-0.0360275$ & $1$ & $0.268778$ & $0.257689$ & $0.699425$ & $0.641172$ & $0.637445$ & $0.526828$ & $0.470173$ & $0.454647$ & $-0.0632436$ & $0.523566$ & $0.639686$ & $-0.283646$ & $-0.110381$ & $0.184763$ & $0.0135355$ & $0.0246648$ & $0.004893$ & $-0.0188453$ & $0.0428347$ & $-0.239939$ & $-0.00677375$ & $-0.015202$ & $0.0107591$ & $0.00803962$ & $-0.00287232$ & $-0.00853825$ & $-0.00451285$ & $-0.00332427$ & $-0.0148435$ & $0.0169115$ & $-0.0232066$ & $0.00289132$ & $-0.0370758$ & $0.0108669$ & $0.00958304$ \\
CHL1_22 & $0.0143$ & $-0.00722584$ & $0.00673542$ & $-0.00166166$ & $0.00157236$ & $-0.101783$ & $-0.0311757$ & $0.29853$ & $0.290834$ & $-0.107955$ & $-0.430265$ & $-0.00873056$ & $0.0129709$ & $0.268778$ & $1$ & $0.453399$ & $0.178548$ & $-0.40861$ & $-0.0225943$ & $0.496441$ & $0.348144$ & $0.337005$ & $-0.17959$ & $0.118933$ & $-0.109992$ & $-0.199291$ & $-0.388276$ & $0.138266$ & $0.0162757$ & $0.0244726$ & $-0.0126007$ & $-0.0254473$ & $0.0234507$ & $-0.586512$ & $0.0256658$ & $-0.00907958$ & $-0.0144664$ & $-0.00599215$ & $-0.0222006$ & $-0.0142209$ & $0.00249588$ & $-0.00492537$ & $-0.000979086$ & $0.0197266$ & $0.00107336$ & $0.0133124$ & $-0.0408827$ & $0.0120136$ & $-0.011051$ \\
CHL1_33 & $0.0085531$ & $-0.0358123$ & $0.00614506$ & $-0.01105$ & $0.00104315$ & $-0.0852586$ & $-0.0220009$ & $0.290348$ & $0.284411$ & $-0.109011$ & $-0.414744$ & $-0.0127615$ & $0.0203519$ & $0.257689$ & $0.453399$ & $1$ & $0.163972$ & $-0.0198353$ & $-0.409554$ & $0.479247$ & $0.334095$ & $0.35133$ & $-0.162126$ & $0.113562$ & $-0.109761$ & $-0.208233$ & $-0.381412$ & $0.125082$ & $0.0167768$ & $0.00679472$ & $-0.00911856$ & $-0.0211396$ & $0.00704378$ & $-0.106233$ & $0.00169076$ & $0.0026642$ & $0.00568482$ & $0.00536423$ & $-0.0122615$ & $-0.0179401$ & $0.0135997$ & $0.00791342$ & $0.0111619$ & $-0.000644842$ & $0.0194978$ & $0.0184602$ & $-0.023866$ & $0.0142572$ & $-0.0136339$ \\
CHL3_11 & $0.0258902$ & $-0.0220977$ & $0.0119353$ & $0.0116089$ & $0.00219797$ & $-0.274009$ & $0.00165093$ & $-0.245346$ & $-0.243919$ & $0.333812$ & $-0.245259$ & $-0.0732753$ & $-0.0460415$ & $0.699425$ & $0.178548$ & $0.163972$ & $1$ & $0.75985$ & $0.758341$ & $0.267096$ & $0.211651$ & $0.199992$ & $-0.0680339$ & $0.70662$ & $0.799106$ & $-0.12678$ & $-0.159891$ & $0.0848752$ & $0.0250352$ & $0.0290436$ & $-0.010335$ & $-0.0044982$ & $0.0349152$ & $-0.272957$ & $0.018763$ & $-0.0264844$ & $0.0129891$ & $0.00875392$ & $-0.00136523$ & $-0.0120183$ & $-0.0214585$ & $0.00633357$ & $-0.00518339$ & $0.0345576$ & $-0.0110736$ & $0.00394491$ & $-0.0334066$ & $0.0172103$ & $0.00107448$ \\
CHL3_22 & $0.00950337$ & $-0.0195266$ & $0.00488443$ & $0.00439723$ & $-0.00105143$ & $-0.0624523$ & $0.0193622$ & $-0.439201$ & $-0.43354$ & $0.396623$ & $0.0336103$ & $-0.0627281$ & $-0.0624578$ & $0.641172$ & $-0.40861$ & $-0.0198353$ & $0.75985$ & $1$ & $0.708839$ & $-0.0357335$ & $-0.0321691$ & $-0.0328396$ & $0.0137489$ & $0.654893$ & $0.812477$ & $0.00619771$ & $-0.0225883$ & $-0.00887463$ & $0.0134624$ & $0.00414712$ & $-0.00383746$ & $0.0089472$ & $0.0149733$ & $-0.00817104$ & $-0.00269552$ & $-0.0177452$ & $0.0207811$ & $0.0121094$ & $0.00989385$ & $-0.00398293$ & $-0.015548$ & $0.00636887$ & $-0.0096413$ & $0.013102$ & $-0.0155279$ & $-0.00596188$ & $-0.0169188$ & $0.00705686$ & $0.01154$ \\
CHL3_33 & $0.0194591$ & $0.0032278$ & $0.00710569$ & $0.0122059$ & $-1.86838e-05$ & $-0.0706973$ & $0.0130117$ & $-0.435331$ & $-0.431198$ & $0.396205$ & $0.0313574$ & $-0.0573491$ & $-0.0675366$ & $0.637445$ & $-0.0225943$ & $-0.409554$ & $0.758341$ & $0.708839$ & $1$ & $-0.0340361$ & $-0.0283783$ & $-0.0297552$ & $0.00601346$ & $0.650121$ & $0.808847$ & $0.0165486$ & $-0.0150123$ & $-0.00133308$ & $0.0109539$ & $0.0168486$ & $-0.00332951$ & $0.00611079$ & $0.0259059$ & $-0.353284$ & $0.0148827$ & $-0.0294184$ & $0.00854788$ & $0.00337673$ & $-0.00105257$ & $-0.00161817$ & $-0.0259754$ & $-0.00361378$ & $-0.0174077$ & $0.0257332$ & $-0.0313171$ & $-0.0121309$ & $-0.0235497$ & $0.000474828$ & $0.0150353$ \\
CHe_11 & $0.00745417$ & $-0.0766252$ & $0.0112808$ & $-0.00776967$ & $0.00276666$ & $-0.19447$ & $-0.0276127$ & $0.833646$ & $0.816499$ & $-0.340969$ & $-0.990291$ & $-0.121769$ & $0.0601807$ & $0.526828$ & $0.496441$ & $0.479247$ & $0.267096$ & $-0.0357335$ & $-0.0340361$ & $1$ & $0.97264$ & $0.952046$ & $-0.0052242$ & $-0.204009$ & $0.0247018$ & $-0.561441$ & $0.212313$ & $0.357746$ & $0.0105709$ & $0.0471302$ & $0.0177038$ & $-0.0326569$ & $0.0553563$ & $0.270652$ & $-0.0296233$ & $0.00560157$ & $-0.0039554$ & $-0.00023657$ & $0.00624371$ & $-0.00625642$ & $-0.0124457$ & $-8.56288e-05$ & $-0.00271649$ & $0.0134415$ & $0.00039233$ & $0.0137324$ & $-0.00972383$ & $0.00861807$ & $-0.000499381$ \\
CHe_22 & $0.00358392$ & $-0.0787418$ & $0.0120595$ & $-0.00609126$ & $0.00494579$ & $-0.19673$ & $-0.0241827$ & $0.881482$ & $0.863514$ & $-0.374397$ & $-0.991235$ & $-0.137934$ & $0.0679335$ & $0.470173$ & $0.348144$ & $0.334095$ & $0.211651$ & $-0.0321691$ & $-0.0283783$ & $0.97264$ & $1$ & $0.974564$ & $0.0483678$ & $-0.31331$ & $0.0111083$ & $-0.573054$ & $0.368095$ & $0.364872$ & $0.00475918$ & $0.0483696$ & $0.025186$ & $-0.0299196$ & $0.0583816$ & $0.436106$ & $-0.0382762$ & $0.00961322$ & $-0.0023005$ & $0.000833825$ & $0.0101639$ & $-0.00141898$ & $-0.0114214$ & $-0.00151286$ & $-0.00249051$ & $0.0131817$ & $-0.00120238$ & $0.0105787$ & $0.0016606$ & $0.00805783$ & $0.0014956$ \\
CHe_33 & $0.00848021$ & $-0.0795299$ & $0.0115382$ & $-0.0053204$ & $0.00232143$ & $-0.187168$ & $-0.0232142$ & $0.865827$ & $0.848492$ & $-0.371131$ & $-0.970097$ & $-0.134332$ & $0.0678104$ & $0.454647$ & $0.337005$ & $0.35133$ & $0.199992$ & $-0.0328396$ & $-0.0297552$ & $0.952046$ & $0.974564$ & $1$ & $0.0502154$ & $-0.311366$ & $0.00708217$ & $-0.561159$ & $0.363605$ & $0.357939$ & $0.00348333$ & $0.043919$ & $0.0255871$ & $-0.0291405$ & $0.0541896$ & $0.434108$ & $-0.0396871$ & $0.0105882$ & $-0.00184518$ & $-0.00338637$ & $0.00643465$ & $0.00241524$ & $-0.0109526$ & $-0.0038374$ & $0.00133211$ & $0.00633861$ & $0.0020827$ & $0.0102922$ & $0.00518005$ & $0.00750657$ & $-0.000468826$ \\
CHQ1_11 & $-0.0237966$ & $0.00345035$ & $0.00878081$ & $-0.0122674$ & $0.00898237$ & $-0.00434725$ & $-0.00417173$ & $0.0724724$ & $0.0708314$ & $-0.0473386$ & $-0.0203152$ & $-0.0288853$ & $-0.00432281$ & $-0.0632436$ & $-0.17959$ & $-0.162126$ & $-0.0680339$ & $0.0137489$ & $0.00601346$ & $-0.0052242$ & $0.0483678$ & $0.0502154$ & $1$ & $-0.132618$ & $0.0702771$ & $-0.675298$ & $0.336259$ & $0.0211857$ & $-0.0154241$ & $-0.00558012$ & $0.00962366$ & $-0.00486162$ & $-0.00779529$ & $0.20879$ & $-0.0167093$ & $-0.0186235$ & $0.00958746$ & $-0.00303693$ & $0.0115717$ & $0.0184157$ & $-0.00636296$ & $0.0148955$ & $-0.00304476$ & $-0.0250748$ & $-0.0129924$ & $0.0043771$ & $0.00300647$ & $-0.00651503$ & $-0.0180717$ \\
CHQ1_33 & $-0.0187696$ & $0.0105655$ & $0.00785909$ & $-0.00151146$ & $0.00137854$ & $-0.031405$ & $0.0115603$ & $-0.66017$ & $-0.650498$ & $0.487419$ & $0.257121$ & $0.012759$ & $-0.0773246$ & $0.523566$ & $0.118933$ & $0.113562$ & $0.70662$ & $0.654893$ & $0.650121$ & $-0.204009$ & $-0.31331$ & $-0.311366$ & $-0.132618$ & $1$ & $0.666281$ & $0.171049$ & $-0.418299$ & $-0.0116996$ & $0.0171247$ & $-0.00283908$ & $-0.0292417$ & $0.00947932$ & $-5.06062e-05$ & $-0.634204$ & $0.0350334$ & $-0.0231437$ & $0.0121713$ & $0.0121684$ & $-0.00163837$ & $-0.00261675$ & $-0.00787266$ & $0.00815405$ & $-0.0156179$ & $0.0271181$ & $-0.0246477$ & $-0.00748729$ & $-0.0470254$ & $0.00962264$ & $0.00383178$ \\
CHQ3_11 & $-0.0803327$ & $-0.0240071$ & $0.00958067$ & $0.00566682$ & $-0.00336202$ & $-0.107646$ & $0.0150827$ & $-0.397894$ & $-0.392313$ & $0.379794$ & $-0.0190566$ & $-0.0612146$ & $-0.0591821$ & $0.639686$ & $-0.109992$ & $-0.109761$ & $0.799106$ & $0.812477$ & $0.808847$ & $0.0247018$ & $0.0111083$ & $0.00708217$ & $0.0702771$ & $0.666281$ & $1$ & $-0.000368828$ & $0.187363$ & $0.00985194$ & $0.0221702$ & $0.0121165$ & $-0.0135251$ & $0.0109498$ & $0.0240927$ & $-0.218742$ & $0.0252418$ & $-0.0165837$ & $0.0109564$ & $0.00861785$ & $0.0119287$ & $0.0044198$ & $-0.0234714$ & $0.00607635$ & $0.000909652$ & $0.0229995$ & $-0.0214731$ & $-0.00659481$ & $-0.0415392$ & $0.019103$ & $0.0105118$ \\
CHu_11 & $-0.0223695$ & $0.0378733$ & $-0.0154264$ & $0.0302868$ & $-0.00757131$ & $0.103155$ & $0.019756$ & $-0.501683$ & $-0.490724$ & $0.2073$ & $0.571272$ & $0.0967392$ & $-0.0195349$ & $-0.283646$ & $-0.199291$ & $-0.208233$ & $-0.12678$ & $0.00619771$ & $0.0165486$ & $-0.561441$ & $-0.573054$ & $-0.561159$ & $-0.675298$ & $0.171049$ & $-0.000368828$ & $1$ & $-0.161109$ & $-0.212536$ & $0.00232741$ & $-0.01364$ & $-0.0199284$ & $0.0262637$ & $-0.0186435$ & $-0.245391$ & $0.0395318$ & $0.0168689$ & $-0.00488212$ & $0.00544424$ & $-0.00427767$ & $-0.000790608$ & $0.00121714$ & $-0.00705545$ & $0.0116838$ & $0.00692721$ & $0.0180149$ & $-0.0186332$ & $-0.00359385$ & $-0.00308376$ & $0.018658$ \\
CHd_11 & $-0.0219992$ & $-0.04214$ & $0.00491499$ & $0.00700963$ & $0.000859476$ & $-0.0773277$ & $0.00818373$ & $0.427934$ & $0.421505$ & $-0.245679$ & $-0.288302$ & $-0.0696949$ & $0.0512327$ & $-0.110381$ & $-0.388276$ & $-0.381412$ & $-0.159891$ & $-0.0225883$ & $-0.0150123$ & $0.212313$ & $0.368095$ & $0.363605$ & $0.336259$ & $-0.418299$ & $0.187363$ & $-0.161109$ & $1$ & $0.118845$ & $-0.0106654$ & $0.019389$ & $0.0195319$ & $0.00874414$ & $0.0232106$ & $0.683697$ & $-0.0262916$ & $0.0289159$ & $-0.00811738$ & $-0.00580786$ & $0.0321468$ & $0.0335514$ & $-0.0221663$ & $0.00468676$ & $-0.0035601$ & $-0.000272238$ & $-0.00982206$ & $-0.00844082$ & $0.0234199$ & $-0.00555711$ & $0.0103797$ \\
CHd_33 & $0.0369952$ & $-0.0354009$ & $-0.0205439$ & $-7.90017e-05$ & $-0.00457506$ & $-0.0758311$ & $0.00305157$ & $0.31897$ & $0.311631$ & $-0.128033$ & $-0.365012$ & $-0.0366777$ & $0.042433$ & $0.184763$ & $0.138266$ & $0.125082$ & $0.0848752$ & $-0.00887463$ & $-0.00133308$ & $0.357746$ & $0.364872$ & $0.357939$ & $0.0211857$ & $-0.0116996$ & $0.00985194$ & $-0.212536$ & $0.118845$ & $1$ & $0.0018885$ & $0.0215174$ & $0.00755345$ & $0.00420898$ & $0.0297105$ & $0.146671$ & $-0.0216984$ & $0.00913996$ & $6.79951e-05$ & $0.00865998$ & $0.00694842$ & $0.00307194$ & $-0.0150491$ & $-0.0111099$ & $-0.0218569$ & $0.0115179$ & $-0.0165617$ & $0.0144294$ & $0.00717731$ & $0.00981331$ & $-0.00156771$ \\
CeH_22r & $-0.00964287$ & $-0.00304907$ & $-0.0167348$ & $-0.0149247$ & $0.0110025$ & $-0.0150593$ & $-0.0112059$ & $-0.00606386$ & $-0.000279376$ & $0.0076424$ & $-0.00667626$ & $0.0684349$ & $0.0374844$ & $0.0135355$ & $0.0162757$ & $0.0167768$ & $0.0250352$ & $0.0134624$ & $0.0109539$ & $0.0105709$ & $0.00475918$ & $0.00348333$ & $-0.0154241$ & $0.0171247$ & $0.0221702$ & $0.00232741$ & $-0.0106654$ & $0.0018885$ & $1$ & $0.0389208$ & $0.00189563$ & $-0.0280382$ & $0.0573362$ & $-0.015798$ & $-0.00718616$ & $-0.0193256$ & $-0.0132228$ & $0.00118137$ & $0.0044016$ & $-0.000583498$ & $-0.0121576$ & $0.00134348$ & $-0.0181345$ & $0.00469018$ & $-0.0173158$ & $-0.00361825$ & $-0.0120031$ & $0.0281861$ & $0.0229846$ \\
CeH_33r & $0.0123094$ & $-0.0266358$ & $-0.0015094$ & $-0.0026381$ & $-0.0102716$ & $-0.0122157$ & $-0.119196$ & $0.0368434$ & $0.0574573$ & $-0.14516$ & $-0.0499297$ & $0.338261$ & $0.235986$ & $0.0246648$ & $0.0244726$ & $0.00679472$ & $0.0290436$ & $0.00414712$ & $0.0168486$ & $0.0471302$ & $0.0483696$ & $0.043919$ & $-0.00558012$ & $-0.00283908$ & $0.0121165$ & $-0.01364$ & $0.019389$ & $0.0215174$ & $0.0389208$ & $1$ & $0.303686$ & $0.0251997$ & $0.635308$ & $0.0107707$ & $-0.0824824$ & $-0.0138765$ & $-0.185983$ & $-0.0308344$ & $-0.00774751$ & $-0.0216038$ & $-0.0375762$ & $-0.0161689$ & $0.000173653$ & $-0.00894174$ & $0.0743756$ & $-0.00493445$ & $0.0285562$ & $-0.0102845$ & $-0.0320168$ \\
CuH_22r & $0.0175203$ & $-0.00944252$ & $0.0104668$ & $-0.000666155$ & $0.0109018$ & $0.014429$ & $-0.087353$ & $0.0285003$ & $0.0369761$ & $-0.0822196$ & $-0.0228495$ & $0.0930394$ & $0.140934$ & $0.004893$ & $-0.0126007$ & $-0.00911856$ & $-0.010335$ & $-0.00383746$ & $-0.00332951$ & $0.0177038$ & $0.025186$ & $0.0255871$ & $0.00962366$ & $-0.0292417$ & $-0.0135251$ & $-0.0199284$ & $0.0195319$ & $0.00755345$ & $0.00189563$ & $0.303686$ & $1$ & $-0.00659386$ & $0.325283$ & $0.030947$ & $-0.0366796$ & $0.0493597$ & $-0.115968$ & $-0.0135131$ & $0.00421873$ & $-0.014415$ & $0.0173799$ & $0.00130037$ & $0.0286299$ & $-0.0142521$ & $0.013157$ & $0.0681175$ & $0.346956$ & $-0.01384$ & $-0.0376165$ \\
CuH_33r & $-0.0199153$ & $-0.000735963$ & $-0.0177562$ & $-0.0123897$ & $-0.0298136$ & $0.0276867$ & $0.938029$ & $-0.0265984$ & $0.0211058$ & $0.0395317$ & $0.0306698$ & $-0.0597576$ & $-0.231674$ & $-0.0188453$ & $-0.0254473$ & $-0.0211396$ & $-0.0044982$ & $0.0089472$ & $0.00611079$ & $-0.0326569$ & $-0.0299196$ & $-0.0291405$ & $-0.00486162$ & $0.00947932$ & $0.0109498$ & $0.0262637$ & $0.00874414$ & $0.00420898$ & $-0.0280382$ & $0.0251997$ & $-0.00659386$ & $1$ & $0.0462097$ & $0.00146834$ & $0.0636579$ & $0.0421073$ & $-0.0189711$ & $0.00644985$ & $-0.0328191$ & $0.00763929$ & $-0.0241174$ & $-0.00202522$ & $0.0322377$ & $0.0364899$ & $0.0356076$ & $-0.0166334$ & $-0.0165973$ & $0.0278923$ & $0.0199897$ \\
CdH_33r & $-0.00168432$ & $-0.00713961$ & $0.000736455$ & $-0.0646971$ & $-0.00828393$ & $-0.0183509$ & $-0.133827$ & $0.0402463$ & $0.0573952$ & $-0.15523$ & $-0.0589881$ & $0.39708$ & $0.27466$ & $0.0428347$ & $0.0234507$ & $0.00704378$ & $0.0349152$ & $0.0149733$ & $0.0259059$ & $0.0553563$ & $0.0583816$ & $0.0541896$ & $-0.00779529$ & $-5.06062e-05$ & $0.0240927$ & $-0.0186435$ & $0.0232106$ & $0.0297105$ & $0.0573362$ & $0.635308$ & $0.325283$ & $0.0462097$ & $1$ & $0.0131409$ & $-0.0376204$ & $0.0688584$ & $-0.177699$ & $-0.0403699$ & $0.00194628$ & $-0.0317775$ & $0.0218629$ & $-0.0341369$ & $-0.033713$ & $-0.0102894$ & $-0.0280521$ & $0.0165087$ & $-0.0507653$ & $0.15226$ & $0.426552$ \\
CLL_1221 & $-0.0149593$ & $-0.0265011$ & $0.00459595$ & $-0.00170783$ & $-0.00292522$ & $-0.100982$ & $0.00660966$ & $0.567512$ & $0.559636$ & $-0.346265$ & $-0.35051$ & $-0.0698849$ & $0.0703607$ & $-0.239939$ & $-0.586512$ & $-0.106233$ & $-0.272957$ & $-0.00817104$ & $-0.353284$ & $0.270652$ & $0.436106$ & $0.434108$ & $0.20879$ & $-0.634204$ & $-0.218742$ & $-0.245391$ & $0.683697$ & $0.146671$ & $-0.015798$ & $0.0107707$ & $0.030947$ & $0.00146834$ & $0.0131409$ & $1$ & $-0.0501102$ & $0.0246548$ & $0.00365354$ & $0.000739484$ & $0.0246954$ & $0.0165888$ & $-0.0037106$ & $0.00391721$ & $0.0101296$ & $-0.011406$ & $0.0126914$ & $0.00134993$ & $0.0502454$ & $-0.00472621$ & $0.00281125$ \\
eHggint & $-0.0604746$ & $0.173891$ & $0.00521234$ & $0.0543804$ & $-0.00280127$ & $-0.0215856$ & $-0.00928262$ & $-0.0485265$ & $-0.0584116$ & $0.068852$ & $0.0384272$ & $0.113591$ & $0.0253689$ & $-0.00677375$ & $0.0256658$ & $0.00169076$ & $0.018763$ & $-0.00269552$ & $0.0148827$ & $-0.0296233$ & $-0.0382762$ & $-0.0396871$ & $-0.0167093$ & $0.0350334$ & $0.0252418$ & $0.0395318$ & $-0.0262916$ & $-0.0216984$ & $-0.00718616$ & $-0.0824824$ & $-0.0366796$ & $0.0636579$ & $-0.0376204$ & $-0.0501102$ & $1$ & $-0.0404162$ & $0.0762486$ & $0.0331923$ & $-0.0271195$ & $-0.0108503$ & $0.0181735$ & $-0.00939579$ & $0.0998782$ & $0.0975311$ & $-0.0389955$ & $0.0486201$ & $-0.0141367$ & $0.000575177$ & $0.0697456$ \\
eHggpar & $0.0300492$ & $-0.0418119$ & $-0.155159$ & $0.0436685$ & $0.0250858$ & $0.0145368$ & $-0.00757085$ & $0.0231917$ & $0.00898959$ & $0.00661367$ & $-0.00985486$ & $0.0753869$ & $0.0311328$ & $-0.015202$ & $-0.00907958$ & $0.0026642$ & $-0.0264844$ & $-0.0177452$ & $-0.0294184$ & $0.00560157$ & $0.00961322$ & $0.0105882$ & $-0.0186235$ & $-0.0231437$ & $-0.0165837$ & $0.0168689$ & $0.0289159$ & $0.00913996$ & $-0.0193256$ & $-0.0138765$ & $0.0493597$ & $0.0421073$ & $0.0688584$ & $0.0246548$ & $-0.0404162$ & $1$ & $0.0742413$ & $-0.00511037$ & $0.0560706$ & $-0.00566685$ & $0.184887$ & $0.0118484$ & $-0.0635133$ & $0.118003$ & $0.033576$ & $0.00911124$ & $0.0963053$ & $0.00661872$ & $0.187686$ \\
eHWWint & $-0.0358325$ & $0.0052196$ & $0.0313198$ & $0.0621032$ & $-0.00529611$ & $-0.0038508$ & $0.0147958$ & $-0.00967319$ & $-0.0152537$ & $0.0267052$ & $0.00321114$ & $-0.0108071$ & $-0.0223869$ & $0.0107591$ & $-0.0144664$ & $0.00568482$ & $0.0129891$ & $0.0207811$ & $0.00854788$ & $-0.0039554$ & $-0.0023005$ & $-0.00184518$ & $0.00958746$ & $0.0121713$ & $0.0109564$ & $-0.00488212$ & $-0.00811738$ & $6.79951e-05$ & $-0.0132228$ & $-0.185983$ & $-0.115968$ & $-0.0189711$ & $-0.177699$ & $0.00365354$ & $0.0762486$ & $0.0742413$ & $1$ & $0.0176717$ & $-0.111535$ & $0.00153845$ & $0.0387542$ & $0.0124835$ & $0.0342629$ & $-0.0625671$ & $0.0197586$ & $0.000512233$ & $-0.0409286$ & $0.0105331$ & $0.0807912$ \\
eHWWpar & $-0.0480795$ & $0.00285825$ & $0.0615685$ & $-0.00627889$ & $-0.0194695$ & $0.00509502$ & $0.0137061$ & $-0.00506324$ & $-0.00510442$ & $0.00849941$ & $0.000781222$ & $0.00696527$ & $-0.00010259$ & $0.00803962$ & $-0.00599215$ & $0.00536423$ & $0.00875392$ & $0.0121094$ & $0.00337673$ & $-0.00023657$ & $0.000833825$ & $-0.00338637$ & $-0.00303693$ & $0.0121684$ & $0.00861785$ & $0.00544424$ & $-0.00580786$ & $0.00865998$ & $0.00118137$ & $-0.0308344$ & $-0.0135131$ & $0.00644985$ & $-0.0403699$ & $0.000739484$ & $0.0331923$ & $-0.00511037$ & $0.0176717$ & $1$ & $-0.0489998$ & $-0.0024093$ & $0.0212037$ & $-0.0034871$ & $0.0244371$ & $0.0282177$ & $0.0291644$ & $0.0191749$ & $-0.0234109$ & $-0.0118065$ & $-0.025624$ \\
eHZZint & $-0.0406807$ & $-0.0916516$ & $0.0202387$ & $-0.0550791$ & $-0.0118112$ & $-0.00859602$ & $-0.0401282$ & $0.0127159$ & $0.000250837$ & $-0.00397671$ & $-0.00931168$ & $0.000746036$ & $0.015526$ & $-0.00287232$ & $-0.0222006$ & $-0.0122615$ & $-0.00136523$ & $0.00989385$ & $-0.00105257$ & $0.00624371$ & $0.0101639$ & $0.00643465$ & $0.0115717$ & $-0.00163837$ & $0.0119287$ & $-0.00427767$ & $0.0321468$ & $0.00694842$ & $0.0044016$ & $-0.00774751$ & $0.00421873$ & $-0.0328191$ & $0.00194628$ & $0.0246954$ & $-0.0271195$ & $0.0560706$ & $-0.111535$ & $-0.0489998$ & $1$ & $-0.00452483$ & $0.08276$ & $0.00172113$ & $-0.113577$ & $0.0475091$ & $0.0482243$ & $-0.0762375$ & $0.0333488$ & $-0.125476$ & $0.0525252$ \\
eHZZpar & $-0.0119398$ & $0.0201189$ & $-0.00569977$ & $0.0306272$ & $0.00279479$ & $0.00351207$ & $0.014603$ & $0.0037688$ & $-8.3634e-05$ & $-0.0225076$ & $0.00370928$ & $-0.0373297$ & $-0.0298775$ & $-0.00853825$ & $-0.0142209$ & $-0.0179401$ & $-0.0120183$ & $-0.00398293$ & $-0.00161817$ & $-0.00625642$ & $-0.00141898$ & $0.00241524$ & $0.0184157$ & $-0.00261675$ & $0.0044198$ & $-0.000790608$ & $0.0335514$ & $0.00307194$ & $-0.000583498$ & $-0.0216038$ & $-0.014415$ & $0.00763929$ & $-0.0317775$ & $0.0165888$ & $-0.0108503$ & $-0.00566685$ & $0.00153845$ & $-0.0024093$ & $-0.00452483$ & $1$ & $-0.003479$ & $0.00122135$ & $-0.0325055$ & $0.0104955$ & $0.00950662$ & $-0.0058944$ & $0.0253795$ & $-0.0263478$ & $-0.0131459$ \\
eHZgaint & $-0.00924753$ & $0.1202$ & $-0.0394026$ & $-0.0287815$ & $-0.0276406$ & $0.0127258$ & $-0.0283546$ & $-0.00581816$ & $-0.0147437$ & $-0.0384271$ & $0.0120826$ & $0.0062439$ & $0.0283492$ & $-0.00451285$ & $0.00249588$ & $0.0135997$ & $-0.0214585$ & $-0.015548$ & $-0.0259754$ & $-0.0124457$ & $-0.0114214$ & $-0.0109526$ & $-0.00636296$ & $-0.00787266$ & $-0.0234714$ & $0.00121714$ & $-0.0221663$ & $-0.0150491$ & $-0.0121576$ & $-0.0375762$ & $0.0173799$ & $-0.0241174$ & $0.0218629$ & $-0.0037106$ & $0.0181735$ & $0.184887$ & $0.0387542$ & $0.0212037$ & $0.08276$ & $-0.003479$ & $1$ & $0.0110515$ & $-0.0377529$ & $0.00502196$ & $-0.0292736$ & $0.0367567$ & $0.0673576$ & $0.118364$ & $0.0557991$ \\
eHZgapar & $-0.00733251$ & $-0.0281776$ & $-0.052024$ & $0.0307057$ & $0.00364362$ & $-0.00425852$ & $0.00500569$ & $-0.00186941$ & $0.000736953$ & $-0.0163845$ & $0.000527069$ & $-0.0240404$ & $0.00029454$ & $-0.00332427$ & $-0.00492537$ & $0.00791342$ & $0.00633357$ & $0.00636887$ & $-0.00361378$ & $-8.56288e-05$ & $-0.00151286$ & $-0.0038374$ & $0.0148955$ & $0.00815405$ & $0.00607635$ & $-0.00705545$ & $0.00468676$ & $-0.0111099$ & $0.00134348$ & $-0.0161689$ & $0.00130037$ & $-0.00202522$ & $-0.0341369$ & $0.00391721$ & $-0.00939579$ & $0.0118484$ & $0.0124835$ & $-0.0034871$ & $0.00172113$ & $0.00122135$ & $0.0110515$ & $1$ & $0.0219605$ & $-0.0323092$ & $-0.0027035$ & $-0.0158646$ & $0.02926$ & $0.0087031$ & $-0.0179557$ \\
eHgagaint & $-0.136651$ & $0.0318176$ & $-0.0570872$ & $0.034327$ & $0.0081966$ & $0.0131005$ & $0.0274961$ & $0.00315403$ & $0.066977$ & $0.00835257$ & $0.00420626$ & $0.0196837$ & $0.000585273$ & $-0.0148435$ & $-0.000979086$ & $0.0111619$ & $-0.00518339$ & $-0.0096413$ & $-0.0174077$ & $-0.00271649$ & $-0.00249051$ & $0.00133211$ & $-0.00304476$ & $-0.0156179$ & $0.000909652$ & $0.0116838$ & $-0.0035601$ & $-0.0218569$ & $-0.0181345$ & $0.000173653$ & $0.0286299$ & $0.0322377$ & $-0.033713$ & $0.0101296$ & $0.0998782$ & $-0.0635133$ & $0.0342629$ & $0.0244371$ & $-0.113577$ & $-0.0325055$ & $-0.0377529$ & $0.0219605$ & $1$ & $0.0114142$ & $0.213504$ & $-0.0160976$ & $0.0247151$ & $0.0158205$ & $-0.0628309$ \\
eHmumuint & $0.00940506$ & $0.0442192$ & $0.069115$ & $0.0027404$ & $0.0122798$ & $-0.0321907$ & $0.0256572$ & $-0.0031979$ & $-0.00420745$ & $0.0188768$ & $-0.0117036$ & $-0.0187151$ & $-0.0276715$ & $0.0169115$ & $0.0197266$ & $-0.000644842$ & $0.0345576$ & $0.013102$ & $0.0257332$ & $0.0134415$ & $0.0131817$ & $0.00633861$ & $-0.0250748$ & $0.0271181$ & $0.0229995$ & $0.00692721$ & $-0.000272238$ & $0.0115179$ & $0.00469018$ & $-0.00894174$ & $-0.0142521$ & $0.0364899$ & $-0.0102894$ & $-0.011406$ & $0.0975311$ & $0.118003$ & $-0.0625671$ & $0.0282177$ & $0.0475091$ & $0.0104955$ & $0.00502196$ & $-0.0323092$ & $0.0114142$ & $1$ & $-0.0241958$ & $0.0971996$ & $-0.0106663$ & $-0.0117791$ & $0.00229691$ \\
eHtautauint & $-0.0407697$ & $-0.0878126$ & $0.0841451$ & $0.150946$ & $0.0143538$ & $0.00575765$ & $0.0286993$ & $0.0128182$ & $0.0283692$ & $0.00368931$ & $-0.000419977$ & $0.0270162$ & $0.0140281$ & $-0.0232066$ & $0.00107336$ & $0.0194978$ & $-0.0110736$ & $-0.0155279$ & $-0.0313171$ & $0.00039233$ & $-0.00120238$ & $0.0020827$ & $-0.0129924$ & $-0.0246477$ & $-0.0214731$ & $0.0180149$ & $-0.00982206$ & $-0.0165617$ & $-0.0173158$ & $0.0743756$ & $0.013157$ & $0.0356076$ & $-0.0280521$ & $0.0126914$ & $-0.0389955$ & $0.033576$ & $0.0197586$ & $0.0291644$ & $0.0482243$ & $0.00950662$ & $-0.0292736$ & $-0.0027035$ & $0.213504$ & $-0.0241958$ & $1$ & $-0.0744937$ & $0.0474926$ & $0.0470166$ & $-0.0870938$ \\
eHccint & $0.0251497$ & $0.0608784$ & $-0.0483412$ & $-0.120717$ & $-0.0315946$ & $-0.0213608$ & $-0.0217599$ & $0.00939798$ & $0.00507468$ & $-0.00952741$ & $-0.0124266$ & $0.012708$ & $0.00555623$ & $0.00289132$ & $0.0133124$ & $0.0184602$ & $0.00394491$ & $-0.00596188$ & $-0.0121309$ & $0.0137324$ & $0.0105787$ & $0.0102922$ & $0.0043771$ & $-0.00748729$ & $-0.00659481$ & $-0.0186332$ & $-0.00844082$ & $0.0144294$ & $-0.00361825$ & $-0.00493445$ & $0.0681175$ & $-0.0166334$ & $0.0165087$ & $0.00134993$ & $0.0486201$ & $0.00911124$ & $0.000512233$ & $0.0191749$ & $-0.0762375$ & $-0.0058944$ & $0.0367567$ & $-0.0158646$ & $-0.0160976$ & $0.0971996$ & $-0.0744937$ & $1$ & $-0.00885533$ & $0.0625135$ & $0.0330366$ \\
eHccpar & $0.079429$ & $-0.0294565$ & $0.034176$ & $0.0564159$ & $0.0153695$ & $0.0230612$ & $-0.0251084$ & $0.0199336$ & $0.0142504$ & $-0.0246364$ & $0.00349062$ & $0.0109028$ & $0.0397054$ & $-0.0370758$ & $-0.0408827$ & $-0.023866$ & $-0.0334066$ & $-0.0169188$ & $-0.0235497$ & $-0.00972383$ & $0.0016606$ & $0.00518005$ & $0.00300647$ & $-0.0470254$ & $-0.0415392$ & $-0.00359385$ & $0.0234199$ & $0.00717731$ & $-0.0120031$ & $0.0285562$ & $0.346956$ & $-0.0165973$ & $-0.0507653$ & $0.0502454$ & $-0.0141367$ & $0.0963053$ & $-0.0409286$ & $-0.0234109$ & $0.0333488$ & $0.0253795$ & $0.0673576$ & $0.02926$ & $0.0247151$ & $-0.0106663$ & $0.0474926$ & $-0.00885533$ & $1$ & $-0.0712048$ & $-0.120583$ \\
eHbbint & $-0.0711277$ & $0.0292382$ & $-0.0834521$ & $0.0198937$ & $-0.0129412$ & $-0.000715235$ & $0.0278516$ & $0.00052739$ & $0.00496494$ & $-0.0078849$ & $-0.00929583$ & $-0.027218$ & $-0.0183088$ & $0.0108669$ & $0.0120136$ & $0.0142572$ & $0.0172103$ & $0.00705686$ & $0.000474828$ & $0.00861807$ & $0.00805783$ & $0.00750657$ & $-0.00651503$ & $0.00962264$ & $0.019103$ & $-0.00308376$ & $-0.00555711$ & $0.00981331$ & $0.0281861$ & $-0.0102845$ & $-0.01384$ & $0.0278923$ & $0.15226$ & $-0.00472621$ & $0.000575177$ & $0.00661872$ & $0.0105331$ & $-0.0118065$ & $-0.125476$ & $-0.0263478$ & $0.118364$ & $0.0087031$ & $0.0158205$ & $-0.0117791$ & $0.0470166$ & $0.0625135$ & $-0.0712048$ & $1$ & $-0.00628989$ \\
eHbbpar & $0.0155212$ & $0.0316748$ & $0.0352809$ & $-0.083959$ & $0.0226208$ & $-0.0218639$ & $0.00392938$ & $-0.00425716$ & $-0.0124011$ & $0.0278161$ & $0.000932297$ & $0.0248476$ & $-0.00415791$ & $0.00958304$ & $-0.011051$ & $-0.0136339$ & $0.00107448$ & $0.01154$ & $0.0150353$ & $-0.000499381$ & $0.0014956$ & $-0.000468826$ & $-0.0180717$ & $0.00383178$ & $0.0105118$ & $0.018658$ & $0.0103797$ & $-0.00156771$ & $0.0229846$ & $-0.0320168$ & $-0.0376165$ & $0.0199897$ & $0.426552$ & $0.00281125$ & $0.0697456$ & $0.187686$ & $0.0807912$ & $-0.025624$ & $0.0525252$ & $-0.0131459$ & $0.0557991$ & $-0.0179557$ & $-0.0628309$ & $0.00229691$ & $-0.0870938$ & $0.0330366$ & $-0.120583$ & $-0.00628989$ & $1$ \\
