 & AlsMz & dAle5Mz & mtop & mHl & Mz & CW & CHG & CHWB & CHWHB_gaga & CHWHB_gagaorth & CHD & CHbox & CH & CHL1_11 & CHL1_22 & CHL1_33 & CHL3_11 & CHL3_22 & CHL3_33 & CHe_11 & CHe_22 & CHe_33 & CHQ1_11 & CHQ1_33 & CHQ3_11 & CHu_11 & CHd_11 & CHd_33 & CeH_22r & CeH_33r & CuH_22r & CuH_33r & CdH_33r & CLL_1221 & eHggint & eHggpar & eHWWint & eHWWpar & eHZZint & eHZZpar & eHZgaint & eHZgapar & eHgagaint & eHmumuint & eHtautauint & eHccint & eHccpar & eHbbint & eHbbpar \\
AlsMz & $1$ & $0.0359353$ & $-0.00455877$ & $0.206869$ & $-0.0376768$ & $-0.000561994$ & $-0.107966$ & $-0.0089125$ & $-0.0222956$ & $0.00896895$ & $0.00222036$ & $0.0103577$ & $0.0390109$ & $0.00468269$ & $-0.00568808$ & $-0.00154329$ & $0.00113124$ & $0.00697376$ & $0.00138641$ & $-0.0084463$ & $-0.00781306$ & $-0.00204104$ & $0.0226302$ & $-0.0243823$ & $-0.0653278$ & $-0.0456705$ & $-0.023944$ & $-0.0170166$ & $0.00481924$ & $0.0303428$ & $0.00751387$ & $-0.080298$ & $0.0546943$ & $-0.0012157$ & $0.209411$ & $0.304732$ & $-0.238204$ & $-0.0744306$ & $-0.219532$ & $0.00246829$ & $0.429365$ & $-0.148618$ & $-0.15786$ & $0.143553$ & $-0.00429869$ & $0.0612694$ & $-0.0185365$ & $0.0462596$ & $0.0428625$ \\
dAle5Mz & $0.0359353$ & $1$ & $-0.232548$ & $0.155691$ & $0.00873357$ & $0.00161977$ & $0.0120483$ & $-0.0932068$ & $-0.0932607$ & $0.0647157$ & $0.0711375$ & $0.0418082$ & $-0.0371377$ & $-0.0391057$ & $0.00504165$ & $0.0157304$ & $0.0455756$ & $0.0174227$ & $0.0088228$ & $-0.054043$ & $-0.0608669$ & $-0.0603915$ & $0.0270029$ & $0.0664945$ & $0.0252901$ & $0.0115402$ & $-0.0333187$ & $0.0268256$ & $-0.00917771$ & $-0.0223612$ & $0.00455123$ & $0.0178445$ & $0.000500379$ & $-0.0235971$ & $0.014844$ & $0.254757$ & $0.272806$ & $0.00749185$ & $-0.103551$ & $0.00492737$ & $0.277753$ & $-0.00951245$ & $0.0787955$ & $-0.238482$ & $0.292046$ & $-0.101058$ & $0.0897282$ & $0.30706$ & $0.182093$ \\
mtop & $-0.00455877$ & $-0.232548$ & $1$ & $0.164313$ & $-0.0213841$ & $0.00781721$ & $0.0609344$ & $-0.0886873$ & $-0.083704$ & $0.0518217$ & $0.0775063$ & $0.037597$ & $-0.0416965$ & $0.00526991$ & $-0.0386032$ & $-0.0753436$ & $0.033674$ & $0.0544951$ & $0.0834429$ & $-0.0787042$ & $-0.0757873$ & $-0.0805063$ & $0.00861645$ & $0.0609433$ & $0.0746334$ & $0.0473075$ & $0.00778425$ & $-0.0563463$ & $-0.0232991$ & $0.038389$ & $0.0344112$ & $0.0680141$ & $0.036279$ & $-0.0506979$ & $-0.0711384$ & $0.0883733$ & $-0.088361$ & $-0.0587556$ & $0.0604602$ & $0.002849$ & $0.0219617$ & $-0.00223607$ & $0.0253453$ & $0.104229$ & $-0.173558$ & $0.00230731$ & $0.226681$ & $0.0961993$ & $-0.0332832$ \\
mHl & $0.206869$ & $0.155691$ & $0.164313$ & $1$ & $-0.0225301$ & $-0.0217666$ & $-0.0424495$ & $-0.0530048$ & $-0.0557862$ & $0.0578084$ & $0.0314627$ & $0.0296461$ & $-0.0158137$ & $0.000702024$ & $-0.00803806$ & $-0.072322$ & $0.0611509$ & $0.0359768$ & $0.0823066$ & $-0.0324816$ & $-0.0269692$ & $-0.0324863$ & $0.00605099$ & $0.0402695$ & $0.0669175$ & $0.0223524$ & $0.0402715$ & $0.00302118$ & $-0.0338039$ & $0.0244108$ & $0.0455661$ & $-0.0152438$ & $-0.0142051$ & $-0.0212682$ & $0.115533$ & $0.19368$ & $-0.156312$ & $-0.0122489$ & $0.133018$ & $0.0287563$ & $0.181085$ & $-0.0940095$ & $0.027639$ & $0.146678$ & $-0.176948$ & $0.137011$ & $0.14751$ & $0.0955404$ & $-0.181569$ \\
Mz & $-0.0376768$ & $0.00873357$ & $-0.0213841$ & $-0.0225301$ & $1$ & $0.0303015$ & $0.00227209$ & $-0.00598271$ & $-0.00396911$ & $-0.0201323$ & $0.0287059$ & $-0.0233149$ & $0.00187871$ & $-0.0231965$ & $-0.00730818$ & $0.00971608$ & $-0.0348199$ & $-0.0236348$ & $-0.0301363$ & $-0.0198558$ & $-0.0180658$ & $-0.012087$ & $0.0114658$ & $-0.00417461$ & $-0.0425555$ & $-0.000839983$ & $-0.0239394$ & $-0.00999989$ & $0.0113982$ & $-0.0581618$ & $0.0145469$ & $-0.00375194$ & $-0.0273031$ & $-0.00395291$ & $-0.0215665$ & $0.00536992$ & $0.028234$ & $0.00505476$ & $-0.0306205$ & $0.00882451$ & $-0.036263$ & $-0.0113325$ & $0.0560931$ & $0.0270997$ & $-0.0497095$ & $0.0185422$ & $0.0328733$ & $-0.00157477$ & $-0.00206813$ \\
CW & $-0.000561994$ & $0.00161977$ & $0.00781721$ & $-0.0217666$ & $0.0303015$ & $1$ & $-0.010236$ & $-0.131753$ & $-0.131392$ & $0.0212507$ & $0.190979$ & $0.0612281$ & $0.016954$ & $0.0316291$ & $-0.0564397$ & $-0.0884422$ & $-0.283039$ & $-0.0740721$ & $-0.0411735$ & $-0.187808$ & $-0.195559$ & $-0.19822$ & $-0.0141981$ & $0.00558292$ & $-0.0878188$ & $0.115184$ & $-0.0852635$ & $-0.0385888$ & $0.017093$ & $0.00672868$ & $-0.0132552$ & $-0.00862679$ & $0.00600571$ & $-0.160495$ & $0.0137375$ & $-0.0381674$ & $-0.00460909$ & $-0.0403733$ & $0.0227644$ & $-0.0197521$ & $-0.00787013$ & $-0.0493806$ & $-0.0143609$ & $-0.0277123$ & $-0.0390064$ & $0.0344412$ & $-0.0135299$ & $0.0537696$ & $-0.00789266$ \\
CHG & $-0.107966$ & $0.0120483$ & $0.0609344$ & $-0.0424495$ & $0.00227209$ & $-0.010236$ & $1$ & $-0.0984073$ & $-0.0438914$ & $0.0781245$ & $0.0561885$ & $-0.0434575$ & $-0.29028$ & $0.0470354$ & $-0.0486022$ & $-0.014844$ & $0.0865793$ & $0.109464$ & $0.0875312$ & $-0.0571039$ & $-0.0574843$ & $-0.0522004$ & $0.018652$ & $0.119641$ & $0.117976$ & $0.0350809$ & $0.00535942$ & $0.0156005$ & $0.0482196$ & $-0.121726$ & $-0.101313$ & $0.935131$ & $-0.196644$ & $-0.0369694$ & $-0.0154185$ & $-0.0382193$ & $0.0714605$ & $-0.00295841$ & $-0.0302162$ & $-0.013323$ & $-0.0509474$ & $-0.0209111$ & $0.0576621$ & $-0.026041$ & $0.0263096$ & $-0.0166944$ & $0.00565789$ & $-0.0469252$ & $-0.0490737$ \\
CHWB & $-0.0089125$ & $-0.0932068$ & $-0.0886873$ & $-0.0530048$ & $-0.00598271$ & $-0.131753$ & $-0.0984073$ & $1$ & $0.984122$ & $-0.554987$ & $-0.883392$ & $-0.234632$ & $0.32679$ & $0.137531$ & $0.340904$ & $0.308028$ & $-0.200369$ & $-0.420476$ & $-0.410097$ & $0.856916$ & $0.899183$ & $0.880703$ & $0.0398519$ & $-0.656043$ & $-0.399541$ & $-0.517589$ & $0.37158$ & $0.27354$ & $-0.00892846$ & $0.0899078$ & $0.0500847$ & $-0.0936745$ & $0.103452$ & $0.532842$ & $-0.0407969$ & $-0.073979$ & $-0.0752859$ & $-0.0149087$ & $0.0296829$ & $-0.0179692$ & $-0.0382363$ & $0.0512163$ & $-0.0341808$ & $0.0340519$ & $-0.0341781$ & $-0.0625544$ & $-0.0727802$ & $-0.0452081$ & $0.00771594$ \\
CHWHB_gaga & $-0.0222956$ & $-0.0932607$ & $-0.083704$ & $-0.0557862$ & $-0.00396911$ & $-0.131392$ & $-0.0438914$ & $0.984122$ & $1$ & $-0.545168$ & $-0.864921$ & $-0.212429$ & $0.317462$ & $0.126317$ & $0.327881$ & $0.301213$ & $-0.204699$ & $-0.416923$ & $-0.410774$ & $0.838434$ & $0.881291$ & $0.863145$ & $0.0428852$ & $-0.649605$ & $-0.395461$ & $-0.5063$ & $0.373744$ & $0.266341$ & $0.00311127$ & $0.108287$ & $0.050848$ & $-0.0488712$ & $0.120557$ & $0.53111$ & $-0.0577833$ & $-0.0882994$ & $-0.0679711$ & $-0.0139555$ & $0.02817$ & $-0.0234144$ & $-0.0486157$ & $0.0517931$ & $0.0153613$ & $0.029367$ & $-0.0203037$ & $-0.0703751$ & $-0.0770748$ & $-0.0418138$ & $0.00117579$ \\
CHWHB_gagaorth & $0.00896895$ & $0.0647157$ & $0.0518217$ & $0.0578084$ & $-0.0201323$ & $0.0212507$ & $0.0781245$ & $-0.554987$ & $-0.545168$ & $1$ & $0.338562$ & $0.61225$ & $-0.223299$ & $0.226043$ & $-0.136181$ & $-0.0988379$ & $0.416469$ & $0.485149$ & $0.467206$ & $-0.324975$ & $-0.354388$ & $-0.352278$ & $-0.0273754$ & $0.549044$ & $0.481539$ & $0.196741$ & $-0.203924$ & $-0.0897176$ & $-0.0227452$ & $-0.105011$ & $-0.0821214$ & $0.0958247$ & $-0.128117$ & $-0.333817$ & $0.0548896$ & $0.0265735$ & $0.0498235$ & $0.00318248$ & $0.0314364$ & $-0.00196169$ & $0.0439867$ & $-0.00602206$ & $-0.000573677$ & $-0.012406$ & $0.0366252$ & $0.0404917$ & $0.00720748$ & $0.00633328$ & $0.0567984$ \\
CHD & $0.00222036$ & $0.0711375$ & $0.0775063$ & $0.0314627$ & $0.0287059$ & $0.190979$ & $0.0561885$ & $-0.883392$ & $-0.864921$ & $0.338562$ & $1$ & $0.274635$ & $-0.165737$ & $-0.536996$ & $-0.453696$ & $-0.429875$ & $-0.246268$ & $0.0577211$ & $0.0528502$ & $-0.99087$ & $-0.99174$ & $-0.970768$ & $-0.0117061$ & $0.298325$ & $0.0160954$ & $0.577894$ & $-0.265632$ & $-0.298986$ & $0.0253199$ & $-0.0460309$ & $-0.0216166$ & $0.0603966$ & $-0.0619098$ & $-0.345811$ & $0.0318094$ & $0.0772269$ & $0.046011$ & $0.00880036$ & $-0.0465302$ & $0.00674642$ & $0.00303822$ & $-0.0543775$ & $0.0504059$ & $-0.0161671$ & $0.0351844$ & $0.0585614$ & $0.0755173$ & $0.0420078$ & $-0.0488067$ \\
CHbox & $0.0103577$ & $0.0418082$ & $0.037597$ & $0.0296461$ & $-0.0233149$ & $0.0612281$ & $-0.0434575$ & $-0.234632$ & $-0.212429$ & $0.61225$ & $0.274635$ & $1$ & $0.172972$ & $-0.178764$ & $-0.0449572$ & $-0.0278454$ & $-0.10917$ & $-0.0521598$ & $-0.0593222$ & $-0.253127$ & $-0.282974$ & $-0.278667$ & $-0.0163798$ & $0.0891338$ & $-0.0494795$ & $0.159317$ & $-0.143828$ & $-0.0869768$ & $0.0335604$ & $0.228037$ & $0.0281523$ & $0.0396964$ & $0.277258$ & $-0.164785$ & $0.0483324$ & $0.062217$ & $0.00111182$ & $-0.00607929$ & $0.0430789$ & $-0.00268965$ & $0.00771227$ & $-0.0108755$ & $-0.00377876$ & $0.0141378$ & $0.0610331$ & $0.0348964$ & $-0.0284604$ & $-0.00826002$ & $-0.00181611$ \\
CH & $0.0390109$ & $-0.0371377$ & $-0.0416965$ & $-0.0158137$ & $0.00187871$ & $0.016954$ & $-0.29028$ & $0.32679$ & $0.317462$ & $-0.223299$ & $-0.165737$ & $0.172972$ & $1$ & $-0.194801$ & $0.0776992$ & $0.0742665$ & $-0.325666$ & $-0.346824$ & $-0.35042$ & $0.161836$ & $0.173912$ & $0.169188$ & $-0.0144976$ & $-0.36192$ & $-0.351631$ & $-0.0768056$ & $0.0996959$ & $0.0398181$ & $0.0279654$ & $0.229956$ & $0.10923$ & $-0.247759$ & $0.314811$ & $0.191363$ & $0.00184422$ & $-0.012171$ & $-0.0288167$ & $-0.00429404$ & $-0.000869197$ & $-0.0250384$ & $-0.0157757$ & $0.0172973$ & $-0.0115914$ & $0.0592831$ & $-0.0460234$ & $0.000631947$ & $-0.00771349$ & $-0.0282765$ & $-0.0127$ \\
CHL1_11 & $0.00468269$ & $-0.0391057$ & $0.00526991$ & $0.000702024$ & $-0.0231965$ & $0.0316291$ & $0.0470354$ & $0.137531$ & $0.126317$ & $0.226043$ & $-0.536996$ & $-0.178764$ & $-0.194801$ & $1$ & $0.288527$ & $0.281628$ & $0.647077$ & $0.575768$ & $0.580902$ & $0.550811$ & $0.500028$ & $0.48513$ & $-0.0550249$ & $0.440387$ & $0.592795$ & $-0.286462$ & $-0.0604685$ & $0.151431$ & $-0.0263628$ & $-0.0573584$ & $-0.0461676$ & $0.02726$ & $-0.0524349$ & $-0.205961$ & $0.0146742$ & $-0.0661405$ & $0.0165408$ & $-0.0115714$ & $0.044951$ & $0.0138727$ & $0.047768$ & $0.0244765$ & $-0.0531362$ & $-0.00701749$ & $-0.0284177$ & $-0.00097826$ & $-0.0539937$ & $-0.0133256$ & $0.0655581$ \\
CHL1_22 & $-0.00568808$ & $0.00504165$ & $-0.0386032$ & $-0.00803806$ & $-0.00730818$ & $-0.0564397$ & $-0.0486022$ & $0.340904$ & $0.327881$ & $-0.136181$ & $-0.453696$ & $-0.0449572$ & $0.0776992$ & $0.288527$ & $1$ & $0.443085$ & $0.157367$ & $-0.456693$ & $-0.0355754$ & $0.515462$ & $0.375483$ & $0.36806$ & $-0.171545$ & $0.0778687$ & $-0.12333$ & $-0.195396$ & $-0.369012$ & $0.103867$ & $-0.019451$ & $-0.00691919$ & $-0.00746847$ & $-0.0408252$ & $-0.000159759$ & $-0.581593$ & $0.021595$ & $0.0156254$ & $0.0412539$ & $-0.0269617$ & $0.040611$ & $-0.0053484$ & $-0.0234552$ & $0.0117416$ & $-0.0184402$ & $0.00314425$ & $-0.0151525$ & $-0.0052485$ & $0.013846$ & $-0.0432808$ & $0.0212054$ \\
CHL1_33 & $-0.00154329$ & $0.0157304$ & $-0.0753436$ & $-0.072322$ & $0.00971608$ & $-0.0884422$ & $-0.014844$ & $0.308028$ & $0.301213$ & $-0.0988379$ & $-0.429875$ & $-0.0278454$ & $0.0742665$ & $0.281628$ & $0.443085$ & $1$ & $0.187088$ & $-0.0079663$ & $-0.436071$ & $0.491684$ & $0.352167$ & $0.367836$ & $-0.16339$ & $0.0994253$ & $-0.111482$ & $-0.197936$ & $-0.396825$ & $0.0790892$ & $-0.0403999$ & $0.00878135$ & $-0.0229754$ & $-0.0148773$ & $0.0259451$ & $-0.0849196$ & $0.00924078$ & $-0.0136756$ & $0.0472281$ & $-0.0109175$ & $0.0166195$ & $0.0242855$ & $0.013573$ & $0.0345279$ & $0.00730832$ & $-0.00552415$ & $0.0351937$ & $-0.0135049$ & $-0.0179887$ & $-0.0406489$ & $0.0206015$ \\
CHL3_11 & $0.00113124$ & $0.0455756$ & $0.033674$ & $0.0611509$ & $-0.0348199$ & $-0.283039$ & $0.0865793$ & $-0.200369$ & $-0.204699$ & $0.416469$ & $-0.246268$ & $-0.10917$ & $-0.325666$ & $0.647077$ & $0.157367$ & $0.187088$ & $1$ & $0.733942$ & $0.713873$ & $0.266804$ & $0.217624$ & $0.213548$ & $-0.00372442$ & $0.658374$ & $0.781753$ & $-0.156444$ & $-0.0994067$ & $0.0581181$ & $-0.0364755$ & $-0.0803467$ & $-0.0480583$ & $0.0699458$ & $-0.0735927$ & $-0.209112$ & $-0.000635709$ & $-0.000937408$ & $0.0505974$ & $0.0291657$ & $0.0357214$ & $0.0200571$ & $0.0609783$ & $0.0107242$ & $-0.0259842$ & $-0.036659$ & $-0.00735254$ & $-0.0138494$ & $0.0108319$ & $0.00654372$ & $0.0946217$ \\
CHL3_22 & $0.00697376$ & $0.0174227$ & $0.0544951$ & $0.0359768$ & $-0.0236348$ & $-0.0740721$ & $0.109464$ & $-0.420476$ & $-0.416923$ & $0.485149$ & $0.0577211$ & $-0.0521598$ & $-0.346824$ & $0.575768$ & $-0.456693$ & $-0.0079663$ & $0.733942$ & $1$ & $0.658309$ & $-0.0618994$ & $-0.0517268$ & $-0.0496018$ & $0.0547702$ & $0.614016$ & $0.793998$ & $0.00320924$ & $0.0386936$ & $-0.0182864$ & $-0.0212426$ & $-0.0761641$ & $-0.0488425$ & $0.0863692$ & $-0.0766606$ & $0.064505$ & $-0.00212102$ & $-0.0249899$ & $0.0252794$ & $0.0275855$ & $0.00990321$ & $0.0239964$ & $0.0718668$ & $0.00277883$ & $-0.0165455$ & $-0.0329807$ & $0.00269366$ & $0.00966476$ & $-0.0170709$ & $0.0302853$ & $0.0609748$ \\
CHL3_33 & $0.00138641$ & $0.0088228$ & $0.0834429$ & $0.0823066$ & $-0.0301363$ & $-0.0411735$ & $0.0875312$ & $-0.410097$ & $-0.410774$ & $0.467206$ & $0.0528502$ & $-0.0593222$ & $-0.35042$ & $0.580902$ & $-0.0355754$ & $-0.436071$ & $0.713873$ & $0.658309$ & $1$ & $-0.0578435$ & $-0.0447841$ & $-0.0400619$ & $0.0543764$ & $0.604752$ & $0.79911$ & $0.0134285$ & $0.0697762$ & $-0.00505352$ & $-0.00533716$ & $-0.0877338$ & $-0.0345311$ & $0.0717843$ & $-0.0911176$ & $-0.328247$ & $0.00546245$ & $-0.00753643$ & $0.0218285$ & $0.0189359$ & $0.0221981$ & $0.00585839$ & $0.0459916$ & $-0.0137282$ & $-0.0379792$ & $-0.0229585$ & $-0.0377186$ & $0.0187064$ & $0.00985378$ & $0.0272564$ & $0.065053$ \\
CHe_11 & $-0.0084463$ & $-0.054043$ & $-0.0787042$ & $-0.0324816$ & $-0.0198558$ & $-0.187808$ & $-0.0571039$ & $0.856916$ & $0.838434$ & $-0.324975$ & $-0.99087$ & $-0.253127$ & $0.161836$ & $0.550811$ & $0.515462$ & $0.491684$ & $0.266804$ & $-0.0618994$ & $-0.0578435$ & $1$ & $0.974125$ & $0.953978$ & $-0.0117492$ & $-0.247731$ & $-0.00868505$ & $-0.56429$ & $0.195978$ & $0.290194$ & $-0.0281736$ & $0.0416824$ & $0.0186096$ & $-0.0613539$ & $0.0578294$ & $0.270063$ & $-0.0308385$ & $-0.0708842$ & $-0.0319186$ & $-0.011335$ & $0.0499914$ & $-0.00513501$ & $-0.00358753$ & $0.054343$ & $-0.0465141$ & $0.00779437$ & $-0.0295447$ & $-0.0539187$ & $-0.0717868$ & $-0.0400207$ & $0.050911$ \\
CHe_22 & $-0.00781306$ & $-0.0608669$ & $-0.0757873$ & $-0.0269692$ & $-0.0180658$ & $-0.195559$ & $-0.0574843$ & $0.899183$ & $0.881291$ & $-0.354388$ & $-0.99174$ & $-0.282974$ & $0.173912$ & $0.500028$ & $0.375483$ & $0.352167$ & $0.217624$ & $-0.0517268$ & $-0.0447841$ & $0.974125$ & $1$ & $0.975087$ & $0.0397396$ & $-0.349508$ & $-0.0226334$ & $-0.583985$ & $0.342315$ & $0.302875$ & $-0.0208642$ & $0.0517167$ & $0.0267193$ & $-0.0616726$ & $0.0670367$ & $0.428148$ & $-0.037406$ & $-0.078145$ & $-0.0508816$ & $-0.00721438$ & $0.0430315$ & $-0.00906408$ & $-0.00228879$ & $0.0535645$ & $-0.0494352$ & $0.0142909$ & $-0.0335626$ & $-0.0632864$ & $-0.0768476$ & $-0.0339212$ & $0.0481969$ \\
CHe_33 & $-0.00204104$ & $-0.0603915$ & $-0.0805063$ & $-0.0324863$ & $-0.012087$ & $-0.19822$ & $-0.0522004$ & $0.880703$ & $0.863145$ & $-0.352278$ & $-0.970768$ & $-0.278667$ & $0.169188$ & $0.48513$ & $0.36806$ & $0.367836$ & $0.213548$ & $-0.0496018$ & $-0.0400619$ & $0.953978$ & $0.975087$ & $1$ & $0.0345917$ & $-0.34036$ & $-0.0218725$ & $-0.567202$ & $0.336929$ & $0.292191$ & $-0.024881$ & $0.0529005$ & $0.033476$ & $-0.053795$ & $0.0731607$ & $0.423014$ & $-0.0376087$ & $-0.0720997$ & $-0.0521071$ & $-0.00815578$ & $0.0362736$ & $-0.010118$ & $-0.00542174$ & $0.0548872$ & $-0.0466711$ & $0.0122208$ & $-0.0355128$ & $-0.0622813$ & $-0.0786656$ & $-0.026564$ & $0.0528884$ \\
CHQ1_11 & $0.0226302$ & $0.0270029$ & $0.00861645$ & $0.00605099$ & $0.0114658$ & $-0.0141981$ & $0.018652$ & $0.0398519$ & $0.0428852$ & $-0.0273754$ & $-0.0117061$ & $-0.0163798$ & $-0.0144976$ & $-0.0550249$ & $-0.171545$ & $-0.16339$ & $-0.00372442$ & $0.0547702$ & $0.0543764$ & $-0.0117492$ & $0.0397396$ & $0.0345917$ & $1$ & $-0.109766$ & $0.114284$ & $-0.674784$ & $0.334215$ & $-0.010191$ & $0.0177961$ & $0.0273981$ & $0.00400405$ & $0.0200426$ & $0.0298076$ & $0.19385$ & $-0.0589914$ & $-0.0299516$ & $-0.0420876$ & $0.0204674$ & $0.00184391$ & $0.0335654$ & $0.0239873$ & $-0.00777242$ & $0.0274986$ & $-0.03049$ & $0.00913186$ & $-0.0528468$ & $0.0039013$ & $0.00474618$ & $0.0245998$ \\
CHQ1_33 & $-0.0243823$ & $0.0664945$ & $0.0609433$ & $0.0402695$ & $-0.00417461$ & $0.00558292$ & $0.119641$ & $-0.656043$ & $-0.649605$ & $0.549044$ & $0.298325$ & $0.0891338$ & $-0.36192$ & $0.440387$ & $0.0778687$ & $0.0994253$ & $0.658374$ & $0.614016$ & $0.604752$ & $-0.247731$ & $-0.349508$ & $-0.34036$ & $-0.109766$ & $1$ & $0.646932$ & $0.211223$ & $-0.356774$ & $-0.0112941$ & $-0.0483$ & $-0.0865257$ & $-0.0604804$ & $0.1107$ & $-0.0853577$ & $-0.601161$ & $0.0117983$ & $0.0326849$ & $0.0790974$ & $0.00330844$ & $0.0156314$ & $0.0186709$ & $0.0258564$ & $-0.0123202$ & $0.0102362$ & $-0.048891$ & $0.00805967$ & $0.0529672$ & $0.0423776$ & $0.023721$ & $0.0567026$ \\
CHQ3_11 & $-0.0653278$ & $0.0252901$ & $0.0746334$ & $0.0669175$ & $-0.0425555$ & $-0.0878188$ & $0.117976$ & $-0.399541$ & $-0.395461$ & $0.481539$ & $0.0160954$ & $-0.0494795$ & $-0.351631$ & $0.592795$ & $-0.12333$ & $-0.111482$ & $0.781753$ & $0.793998$ & $0.79911$ & $-0.00868505$ & $-0.0226334$ & $-0.0218725$ & $0.114284$ & $0.646932$ & $1$ & $-0.00135665$ & $0.243886$ & $-0.0169809$ & $-0.0112008$ & $-0.0733322$ & $-0.0416752$ & $0.0923138$ & $-0.0910839$ & $-0.207795$ & $-0.0440764$ & $-0.0435237$ & $0.0269174$ & $0.0494098$ & $0.0278514$ & $0.0158845$ & $0.0372179$ & $0.00319505$ & $-0.020205$ & $-0.0374782$ & $-0.0375291$ & $0.0295245$ & $4.7516e-05$ & $0.00349339$ & $0.055036$ \\
CHu_11 & $-0.0456705$ & $0.0115402$ & $0.0473075$ & $0.0223524$ & $-0.000839983$ & $0.115184$ & $0.0350809$ & $-0.517589$ & $-0.5063$ & $0.196741$ & $0.577894$ & $0.159317$ & $-0.0768056$ & $-0.286462$ & $-0.195396$ & $-0.197936$ & $-0.156444$ & $0.00320924$ & $0.0134285$ & $-0.56429$ & $-0.583985$ & $-0.567202$ & $-0.674784$ & $0.211223$ & $-0.00135665$ & $1$ & $-0.177807$ & $-0.154423$ & $0.014716$ & $-0.0226884$ & $0.00909959$ & $0.0329044$ & $-0.0535121$ & $-0.275127$ & $0.0263847$ & $0.0650742$ & $0.0301263$ & $0.00255898$ & $-0.0503264$ & $-0.0304977$ & $-0.0192206$ & $-0.00841772$ & $0.0140445$ & $0.0172673$ & $0.00412548$ & $0.0899207$ & $0.034016$ & $0.0101793$ & $-0.0671912$ \\
CHd_11 & $-0.023944$ & $-0.0333187$ & $0.00778425$ & $0.0402715$ & $-0.0239394$ & $-0.0852635$ & $0.00535942$ & $0.37158$ & $0.373744$ & $-0.203924$ & $-0.265632$ & $-0.143828$ & $0.0996959$ & $-0.0604685$ & $-0.369012$ & $-0.396825$ & $-0.0994067$ & $0.0386936$ & $0.0697762$ & $0.195978$ & $0.342315$ & $0.336929$ & $0.334215$ & $-0.356774$ & $0.243886$ & $-0.177807$ & $1$ & $0.093912$ & $0.0141775$ & $0.0762501$ & $0.0585843$ & $-0.00281012$ & $0.058062$ & $0.634046$ & $-0.11096$ & $-0.0641647$ & $-0.116085$ & $0.0423339$ & $-0.0153633$ & $-0.0209063$ & $-0.00638033$ & $0.0246333$ & $-0.0208493$ & $0.010828$ & $-0.0637381$ & $-0.00604483$ & $-0.0429965$ & $-0.00483103$ & $0.000227968$ \\
CHd_33 & $-0.0170166$ & $0.0268256$ & $-0.0563463$ & $0.00302118$ & $-0.00999989$ & $-0.0385888$ & $0.0156005$ & $0.27354$ & $0.266341$ & $-0.0897176$ & $-0.298986$ & $-0.0869768$ & $0.0398181$ & $0.151431$ & $0.103867$ & $0.0790892$ & $0.0581181$ & $-0.0182864$ & $-0.00505352$ & $0.290194$ & $0.302875$ & $0.292191$ & $-0.010191$ & $-0.0112941$ & $-0.0169809$ & $-0.154423$ & $0.093912$ & $1$ & $-0.0410446$ & $0.0301023$ & $-0.00218007$ & $0.013777$ & $0.00355184$ & $0.137761$ & $-0.00806251$ & $-0.0117257$ & $0.0261109$ & $0.0101464$ & $-0.0392408$ & $-0.0211016$ & $0.00779016$ & $-0.0325495$ & $-0.0107287$ & $0.0349183$ & $0.00566993$ & $-0.0234709$ & $-0.0140128$ & $-0.0244123$ & $0.0223403$ \\
CeH_22r & $0.00481924$ & $-0.00917771$ & $-0.0232991$ & $-0.0338039$ & $0.0113982$ & $0.017093$ & $0.0482196$ & $-0.00892846$ & $0.00311127$ & $-0.0227452$ & $0.0253199$ & $0.0335604$ & $0.0279654$ & $-0.0263628$ & $-0.019451$ & $-0.0403999$ & $-0.0364755$ & $-0.0212426$ & $-0.00533716$ & $-0.0281736$ & $-0.0208642$ & $-0.024881$ & $0.0177961$ & $-0.0483$ & $-0.0112008$ & $0.014716$ & $0.0141775$ & $-0.0410446$ & $1$ & $0.0413824$ & $0.011781$ & $0.0453867$ & $0.058634$ & $0.00179462$ & $0.0121191$ & $0.0260687$ & $0.0287328$ & $-0.0137531$ & $-0.0301464$ & $-0.0168921$ & $-0.0162146$ & $-0.00155435$ & $0.0410372$ & $0.0579231$ & $0.0307259$ & $-0.0239764$ & $-0.0230507$ & $-0.0295716$ & $-0.00587663$ \\
CeH_33r & $0.0303428$ & $-0.0223612$ & $0.038389$ & $0.0244108$ & $-0.0581618$ & $0.00672868$ & $-0.121726$ & $0.0899078$ & $0.108287$ & $-0.105011$ & $-0.0460309$ & $0.228037$ & $0.229956$ & $-0.0573584$ & $-0.00691919$ & $0.00878135$ & $-0.0803467$ & $-0.0761641$ & $-0.0877338$ & $0.0416824$ & $0.0517167$ & $0.0529005$ & $0.0273981$ & $-0.0865257$ & $-0.0733322$ & $-0.0226884$ & $0.0762501$ & $0.0301023$ & $0.0413824$ & $1$ & $0.3278$ & $0.0350074$ & $0.696621$ & $0.0800304$ & $-0.111322$ & $0.030946$ & $-0.134972$ & $-0.005808$ & $-0.0484186$ & $0.00160877$ & $0.00705927$ & $-0.00642725$ & $0.0107689$ & $0.0137286$ & $0.0538916$ & $0.0831131$ & $0.00477251$ & $-0.0264367$ & $-0.0193109$ \\
CuH_22r & $0.00751387$ & $0.00455123$ & $0.0344112$ & $0.0455661$ & $0.0145469$ & $-0.0132552$ & $-0.101313$ & $0.0500847$ & $0.050848$ & $-0.0821214$ & $-0.0216166$ & $0.0281523$ & $0.10923$ & $-0.0461676$ & $-0.00746847$ & $-0.0229754$ & $-0.0480583$ & $-0.0488425$ & $-0.0345311$ & $0.0186096$ & $0.0267193$ & $0.033476$ & $0.00400405$ & $-0.0604804$ & $-0.0416752$ & $0.00909959$ & $0.0585843$ & $-0.00218007$ & $0.011781$ & $0.3278$ & $1$ & $-0.010591$ & $0.373229$ & $0.0499558$ & $-0.1067$ & $0.0261128$ & $-0.0604925$ & $0.00611953$ & $-0.0481894$ & $0.000928357$ & $0.00385019$ & $-0.00924215$ & $-0.00840796$ & $-0.00744654$ & $-0.0315578$ & $0.0799025$ & $0.225302$ & $-0.0535806$ & $-0.0564219$ \\
CuH_33r & $-0.080298$ & $0.0178445$ & $0.0680141$ & $-0.0152438$ & $-0.00375194$ & $-0.00862679$ & $0.935131$ & $-0.0936745$ & $-0.0488712$ & $0.0958247$ & $0.0603966$ & $0.0396964$ & $-0.247759$ & $0.02726$ & $-0.0408252$ & $-0.0148773$ & $0.0699458$ & $0.0863692$ & $0.0717843$ & $-0.0613539$ & $-0.0616726$ & $-0.053795$ & $0.0200426$ & $0.1107$ & $0.0923138$ & $0.0329044$ & $-0.00281012$ & $0.013777$ & $0.0453867$ & $0.0350074$ & $-0.010591$ & $1$ & $0.00486836$ & $-0.0390651$ & $0.0281191$ & $0.00520501$ & $0.0152618$ & $-0.0129347$ & $-0.00902635$ & $-0.0209602$ & $-0.0380794$ & $-0.0185542$ & $0.0235531$ & $-0.0114158$ & $0.0193916$ & $-0.0059203$ & $0.00336662$ & $-0.0516089$ & $-0.0475445$ \\
CdH_33r & $0.0546943$ & $0.000500379$ & $0.036279$ & $-0.0142051$ & $-0.0273031$ & $0.00600571$ & $-0.196644$ & $0.103452$ & $0.120557$ & $-0.128117$ & $-0.0619098$ & $0.277258$ & $0.314811$ & $-0.0524349$ & $-0.000159759$ & $0.0259451$ & $-0.0735927$ & $-0.0766606$ & $-0.0911176$ & $0.0578294$ & $0.0670367$ & $0.0731607$ & $0.0298076$ & $-0.0853577$ & $-0.0910839$ & $-0.0535121$ & $0.058062$ & $0.00355184$ & $0.058634$ & $0.696621$ & $0.373229$ & $0.00486836$ & $1$ & $0.0870157$ & $-0.0879115$ & $0.0648777$ & $-0.147545$ & $-0.0551189$ & $0.0246292$ & $0.0132592$ & $0.0314088$ & $0.0248665$ & $-0.0280678$ & $-0.0344596$ & $0.0577787$ & $-0.0219173$ & $-0.0531189$ & $0.117372$ & $0.247892$ \\
CLL_1221 & $-0.0012157$ & $-0.0235971$ & $-0.0506979$ & $-0.0212682$ & $-0.00395291$ & $-0.160495$ & $-0.0369694$ & $0.532842$ & $0.53111$ & $-0.333817$ & $-0.345811$ & $-0.164785$ & $0.191363$ & $-0.205961$ & $-0.581593$ & $-0.0849196$ & $-0.209112$ & $0.064505$ & $-0.328247$ & $0.270063$ & $0.428148$ & $0.423014$ & $0.19385$ & $-0.601161$ & $-0.207795$ & $-0.275127$ & $0.634046$ & $0.137761$ & $0.00179462$ & $0.0800304$ & $0.0499558$ & $-0.0390651$ & $0.0870157$ & $1$ & $-0.0599651$ & $-0.0533605$ & $-0.0822291$ & $0.0201459$ & $-0.0148579$ & $-0.0114365$ & $0.000999117$ & $0.0340118$ & $-0.00383937$ & $0.0111827$ & $0.000243063$ & $-0.0640277$ & $-0.0556631$ & $0.0146766$ & $0.00688235$ \\
eHggint & $0.209411$ & $0.014844$ & $-0.0711384$ & $0.115533$ & $-0.0215665$ & $0.0137375$ & $-0.0154185$ & $-0.0407969$ & $-0.0577833$ & $0.0548896$ & $0.0318094$ & $0.0483324$ & $0.00184422$ & $0.0146742$ & $0.021595$ & $0.00924078$ & $-0.000635709$ & $-0.00212102$ & $0.00546245$ & $-0.0308385$ & $-0.037406$ & $-0.0376087$ & $-0.0589914$ & $0.0117983$ & $-0.0440764$ & $0.0263847$ & $-0.11096$ & $-0.00806251$ & $0.0121191$ & $-0.111322$ & $-0.1067$ & $0.0281191$ & $-0.0879115$ & $-0.0599651$ & $1$ & $-0.0372652$ & $-0.144701$ & $0.00198686$ & $0.143374$ & $0.0046251$ & $0.0606082$ & $-0.0557624$ & $-0.244635$ & $0.17295$ & $-0.123216$ & $-0.201427$ & $-0.132602$ & $-0.0406141$ & $-0.0669265$ \\
eHggpar & $0.304732$ & $0.254757$ & $0.0883733$ & $0.19368$ & $0.00536992$ & $-0.0381674$ & $-0.0382193$ & $-0.073979$ & $-0.0882994$ & $0.0265735$ & $0.0772269$ & $0.062217$ & $-0.012171$ & $-0.0661405$ & $0.0156254$ & $-0.0136756$ & $-0.000937408$ & $-0.0249899$ & $-0.00753643$ & $-0.0708842$ & $-0.078145$ & $-0.0720997$ & $-0.0299516$ & $0.0326849$ & $-0.0435237$ & $0.0650742$ & $-0.0641647$ & $-0.0117257$ & $0.0260687$ & $0.030946$ & $0.0261128$ & $0.00520501$ & $0.0648777$ & $-0.0533605$ & $-0.0372652$ & $1$ & $-0.119218$ & $0.005491$ & $-0.0468756$ & $0.00612649$ & $0.251323$ & $-0.0133312$ & $-0.129677$ & $-0.0252425$ & $0.142709$ & $0.0417531$ & $0.0689862$ & $0.180663$ & $0.0825632$ \\
eHWWint & $-0.238204$ & $0.272806$ & $-0.088361$ & $-0.156312$ & $0.028234$ & $-0.00460909$ & $0.0714605$ & $-0.0752859$ & $-0.0679711$ & $0.0498235$ & $0.046011$ & $0.00111182$ & $-0.0288167$ & $0.0165408$ & $0.0412539$ & $0.0472281$ & $0.0505974$ & $0.0252794$ & $0.0218285$ & $-0.0319186$ & $-0.0508816$ & $-0.0521071$ & $-0.0420876$ & $0.0790974$ & $0.0269174$ & $0.0301263$ & $-0.116085$ & $0.0261109$ & $0.0287328$ & $-0.134972$ & $-0.0604925$ & $0.0152618$ & $-0.147545$ & $-0.0822291$ & $-0.144701$ & $-0.119218$ & $1$ & $0.0958818$ & $0.0217495$ & $-0.028637$ & $-0.0545755$ & $-0.00146284$ & $0.125142$ & $0.0244138$ & $0.13787$ & $-0.149223$ & $0.0540845$ & $-0.0134792$ & $0.141466$ \\
eHWWpar & $-0.0744306$ & $0.00749185$ & $-0.0587556$ & $-0.0122489$ & $0.00505476$ & $-0.0403733$ & $-0.00295841$ & $-0.0149087$ & $-0.0139555$ & $0.00318248$ & $0.00880036$ & $-0.00607929$ & $-0.00429404$ & $-0.0115714$ & $-0.0269617$ & $-0.0109175$ & $0.0291657$ & $0.0275855$ & $0.0189359$ & $-0.011335$ & $-0.00721438$ & $-0.00815578$ & $0.0204674$ & $0.00330844$ & $0.0494098$ & $0.00255898$ & $0.0423339$ & $0.0101464$ & $-0.0137531$ & $-0.005808$ & $0.00611953$ & $-0.0129347$ & $-0.0551189$ & $0.0201459$ & $0.00198686$ & $0.005491$ & $0.0958818$ & $1$ & $0.014784$ & $-0.0172463$ & $0.0567622$ & $-0.00880936$ & $0.0786224$ & $-0.0169372$ & $0.0603473$ & $-0.0312346$ & $-0.0535906$ & $-0.0292807$ & $-0.094641$ \\
eHZZint & $-0.219532$ & $-0.103551$ & $0.0604602$ & $0.133018$ & $-0.0306205$ & $0.0227644$ & $-0.0302162$ & $0.0296829$ & $0.02817$ & $0.0314364$ & $-0.0465302$ & $0.0430789$ & $-0.000869197$ & $0.044951$ & $0.040611$ & $0.0166195$ & $0.0357214$ & $0.00990321$ & $0.0221981$ & $0.0499914$ & $0.0430315$ & $0.0362736$ & $0.00184391$ & $0.0156314$ & $0.0278514$ & $-0.0503264$ & $-0.0153633$ & $-0.0392408$ & $-0.0301464$ & $-0.0484186$ & $-0.0481894$ & $-0.00902635$ & $0.0246292$ & $-0.0148579$ & $0.143374$ & $-0.0468756$ & $0.0217495$ & $0.014784$ & $1$ & $0.0343514$ & $-0.0499666$ & $0.054196$ & $0.00294886$ & $-0.176373$ & $-0.0678946$ & $-0.161576$ & $-0.0573653$ & $0.0306668$ & $0.125419$ \\
eHZZpar & $0.00246829$ & $0.00492737$ & $0.002849$ & $0.0287563$ & $0.00882451$ & $-0.0197521$ & $-0.013323$ & $-0.0179692$ & $-0.0234144$ & $-0.00196169$ & $0.00674642$ & $-0.00268965$ & $-0.0250384$ & $0.0138727$ & $-0.0053484$ & $0.0242855$ & $0.0200571$ & $0.0239964$ & $0.00585839$ & $-0.00513501$ & $-0.00906408$ & $-0.010118$ & $0.0335654$ & $0.0186709$ & $0.0158845$ & $-0.0304977$ & $-0.0209063$ & $-0.0211016$ & $-0.0168921$ & $0.00160877$ & $0.000928357$ & $-0.0209602$ & $0.0132592$ & $-0.0114365$ & $0.0046251$ & $0.00612649$ & $-0.028637$ & $-0.0172463$ & $0.0343514$ & $1$ & $0.0884268$ & $-0.00613882$ & $-0.0882791$ & $0.00542986$ & $-0.0208463$ & $0.00341359$ & $-0.041871$ & $0.00376354$ & $0.0239218$ \\
eHZgaint & $0.429365$ & $0.277753$ & $0.0219617$ & $0.181085$ & $-0.036263$ & $-0.00787013$ & $-0.0509474$ & $-0.0382363$ & $-0.0486157$ & $0.0439867$ & $0.00303822$ & $0.00771227$ & $-0.0157757$ & $0.047768$ & $-0.0234552$ & $0.013573$ & $0.0609783$ & $0.0718668$ & $0.0459916$ & $-0.00358753$ & $-0.00228879$ & $-0.00542174$ & $0.0239873$ & $0.0258564$ & $0.0372179$ & $-0.0192206$ & $-0.00638033$ & $0.00779016$ & $-0.0162146$ & $0.00705927$ & $0.00385019$ & $-0.0380794$ & $0.0314088$ & $0.000999117$ & $0.0606082$ & $0.251323$ & $-0.0545755$ & $0.0567622$ & $-0.0499666$ & $0.0884268$ & $1$ & $-0.138302$ & $-0.0428718$ & $0.0524166$ & $0.0630107$ & $-0.0570645$ & $0.056352$ & $0.0519902$ & $0.134125$ \\
eHZgapar & $-0.148618$ & $-0.00951245$ & $-0.00223607$ & $-0.0940095$ & $-0.0113325$ & $-0.0493806$ & $-0.0209111$ & $0.0512163$ & $0.0517931$ & $-0.00602206$ & $-0.0543775$ & $-0.0108755$ & $0.0172973$ & $0.0244765$ & $0.0117416$ & $0.0345279$ & $0.0107242$ & $0.00277883$ & $-0.0137282$ & $0.054343$ & $0.0535645$ & $0.0548872$ & $-0.00777242$ & $-0.0123202$ & $0.00319505$ & $-0.00841772$ & $0.0246333$ & $-0.0325495$ & $-0.00155435$ & $-0.00642725$ & $-0.00924215$ & $-0.0185542$ & $0.0248665$ & $0.0340118$ & $-0.0557624$ & $-0.0133312$ & $-0.00146284$ & $-0.00880936$ & $0.054196$ & $-0.00613882$ & $-0.138302$ & $1$ & $0.0411913$ & $-0.084132$ & $0.0765072$ & $-0.0375878$ & $0.0371008$ & $0.0212537$ & $0.0807906$ \\
eHgagaint & $-0.15786$ & $0.0787955$ & $0.0253453$ & $0.027639$ & $0.0560931$ & $-0.0143609$ & $0.0576621$ & $-0.0341808$ & $0.0153613$ & $-0.000573677$ & $0.0504059$ & $-0.00377876$ & $-0.0115914$ & $-0.0531362$ & $-0.0184402$ & $0.00730832$ & $-0.0259842$ & $-0.0165455$ & $-0.0379792$ & $-0.0465141$ & $-0.0494352$ & $-0.0466711$ & $0.0274986$ & $0.0102362$ & $-0.020205$ & $0.0140445$ & $-0.0208493$ & $-0.0107287$ & $0.0410372$ & $0.0107689$ & $-0.00840796$ & $0.0235531$ & $-0.0280678$ & $-0.00383937$ & $-0.244635$ & $-0.129677$ & $0.125142$ & $0.0786224$ & $0.00294886$ & $-0.0882791$ & $-0.0428718$ & $0.0411913$ & $1$ & $-0.0918587$ & $0.200714$ & $-0.0765337$ & $-0.0668582$ & $0.118659$ & $-0.0702119$ \\
eHmumuint & $0.143553$ & $-0.238482$ & $0.104229$ & $0.146678$ & $0.0270997$ & $-0.0277123$ & $-0.026041$ & $0.0340519$ & $0.029367$ & $-0.012406$ & $-0.0161671$ & $0.0141378$ & $0.0592831$ & $-0.00701749$ & $0.00314425$ & $-0.00552415$ & $-0.036659$ & $-0.0329807$ & $-0.0229585$ & $0.00779437$ & $0.0142909$ & $0.0122208$ & $-0.03049$ & $-0.048891$ & $-0.0374782$ & $0.0172673$ & $0.010828$ & $0.0349183$ & $0.0579231$ & $0.0137286$ & $-0.00744654$ & $-0.0114158$ & $-0.0344596$ & $0.0111827$ & $0.17295$ & $-0.0252425$ & $0.0244138$ & $-0.0169372$ & $-0.176373$ & $0.00542986$ & $0.0524166$ & $-0.084132$ & $-0.0918587$ & $1$ & $-0.199804$ & $0.100156$ & $-0.0817679$ & $-0.21655$ & $-0.195649$ \\
eHtautauint & $-0.00429869$ & $0.292046$ & $-0.173558$ & $-0.176948$ & $-0.0497095$ & $-0.0390064$ & $0.0263096$ & $-0.0341781$ & $-0.0203037$ & $0.0366252$ & $0.0351844$ & $0.0610331$ & $-0.0460234$ & $-0.0284177$ & $-0.0151525$ & $0.0351937$ & $-0.00735254$ & $0.00269366$ & $-0.0377186$ & $-0.0295447$ & $-0.0335626$ & $-0.0355128$ & $0.00913186$ & $0.00805967$ & $-0.0375291$ & $0.00412548$ & $-0.0637381$ & $0.00566993$ & $0.0307259$ & $0.0538916$ & $-0.0315578$ & $0.0193916$ & $0.0577787$ & $0.000243063$ & $-0.123216$ & $0.142709$ & $0.13787$ & $0.0603473$ & $-0.0678946$ & $-0.0208463$ & $0.0630107$ & $0.0765072$ & $0.200714$ & $-0.199804$ & $1$ & $-0.147329$ & $-0.201408$ & $0.125556$ & $0.175968$ \\
eHccint & $0.0612694$ & $-0.101058$ & $0.00230731$ & $0.137011$ & $0.0185422$ & $0.0344412$ & $-0.0166944$ & $-0.0625544$ & $-0.0703751$ & $0.0404917$ & $0.0585614$ & $0.0348964$ & $0.000631947$ & $-0.00097826$ & $-0.0052485$ & $-0.0135049$ & $-0.0138494$ & $0.00966476$ & $0.0187064$ & $-0.0539187$ & $-0.0632864$ & $-0.0622813$ & $-0.0528468$ & $0.0529672$ & $0.0295245$ & $0.0899207$ & $-0.00604483$ & $-0.0234709$ & $-0.0239764$ & $0.0831131$ & $0.0799025$ & $-0.0059203$ & $-0.0219173$ & $-0.0640277$ & $-0.201427$ & $0.0417531$ & $-0.149223$ & $-0.0312346$ & $-0.161576$ & $0.00341359$ & $-0.0570645$ & $-0.0375878$ & $-0.0765337$ & $0.100156$ & $-0.147329$ & $1$ & $-0.0418453$ & $-0.196144$ & $-0.260615$ \\
eHccpar & $-0.0185365$ & $0.0897282$ & $0.226681$ & $0.14751$ & $0.0328733$ & $-0.0135299$ & $0.00565789$ & $-0.0727802$ & $-0.0770748$ & $0.00720748$ & $0.0755173$ & $-0.0284604$ & $-0.00771349$ & $-0.0539937$ & $0.013846$ & $-0.0179887$ & $0.0108319$ & $-0.0170709$ & $0.00985378$ & $-0.0717868$ & $-0.0768476$ & $-0.0786656$ & $0.0039013$ & $0.0423776$ & $4.7516e-05$ & $0.034016$ & $-0.0429965$ & $-0.0140128$ & $-0.0230507$ & $0.00477251$ & $0.225302$ & $0.00336662$ & $-0.0531189$ & $-0.0556631$ & $-0.132602$ & $0.0689862$ & $0.0540845$ & $-0.0535906$ & $-0.0573653$ & $-0.041871$ & $0.056352$ & $0.0371008$ & $-0.0668582$ & $-0.0817679$ & $-0.201408$ & $-0.0418453$ & $1$ & $-0.0798571$ & $-0.0871011$ \\
eHbbint & $0.0462596$ & $0.30706$ & $0.0961993$ & $0.0955404$ & $-0.00157477$ & $0.0537696$ & $-0.0469252$ & $-0.0452081$ & $-0.0418138$ & $0.00633328$ & $0.0420078$ & $-0.00826002$ & $-0.0282765$ & $-0.0133256$ & $-0.0432808$ & $-0.0406489$ & $0.00654372$ & $0.0302853$ & $0.0272564$ & $-0.0400207$ & $-0.0339212$ & $-0.026564$ & $0.00474618$ & $0.023721$ & $0.00349339$ & $0.0101793$ & $-0.00483103$ & $-0.0244123$ & $-0.0295716$ & $-0.0264367$ & $-0.0535806$ & $-0.0516089$ & $0.117372$ & $0.0146766$ & $-0.0406141$ & $0.180663$ & $-0.0134792$ & $-0.0292807$ & $0.0306668$ & $0.00376354$ & $0.0519902$ & $0.0212537$ & $0.118659$ & $-0.21655$ & $0.125556$ & $-0.196144$ & $-0.0798571$ & $1$ & $0.23556$ \\
eHbbpar & $0.0428625$ & $0.182093$ & $-0.0332832$ & $-0.181569$ & $-0.00206813$ & $-0.00789266$ & $-0.0490737$ & $0.00771594$ & $0.00117579$ & $0.0567984$ & $-0.0488067$ & $-0.00181611$ & $-0.0127$ & $0.0655581$ & $0.0212054$ & $0.0206015$ & $0.0946217$ & $0.0609748$ & $0.065053$ & $0.050911$ & $0.0481969$ & $0.0528884$ & $0.0245998$ & $0.0567026$ & $0.055036$ & $-0.0671912$ & $0.000227968$ & $0.0223403$ & $-0.00587663$ & $-0.0193109$ & $-0.0564219$ & $-0.0475445$ & $0.247892$ & $0.00688235$ & $-0.0669265$ & $0.0825632$ & $0.141466$ & $-0.094641$ & $0.125419$ & $0.0239218$ & $0.134125$ & $0.0807906$ & $-0.0702119$ & $-0.195649$ & $0.175968$ & $-0.260615$ & $-0.0871011$ & $0.23556$ & $1$ \\
