 & AlsMz & dAle5Mz & mtop & mHl & Mz & CW & CHG & CHWB & CHWHB_gaga & CHWHB_gagaorth & CHD & CHbox & CH & CHL1_11 & CHL1_22 & CHL1_33 & CHL3_11 & CHL3_22 & CHL3_33 & CHe_11 & CHe_22 & CHe_33 & CHQ1_11 & CHQ1_33 & CHQ3_11 & CHu_11 & CHd_11 & CHd_33 & CeH_22r & CeH_33r & CuH_22r & CuH_33r & CdH_33r & CLL_1221 & eHggint & eHggpar & eHWWint & eHWWpar & eHZZint & eHZZpar & eHZgaint & eHZgapar & eHgagaint & eHmumuint & eHtautauint & eHccint & eHccpar & eHbbint & eHbbpar \\
AlsMz & $1$ & $-0.0402097$ & $0.1183$ & $0.00630689$ & $-0.0256067$ & $-0.0141824$ & $0.0731534$ & $-0.0266943$ & $-0.0366026$ & $0.00788804$ & $0.0107297$ & $-0.00451326$ & $-0.0311816$ & $0.0022567$ & $0.0976834$ & $0.102823$ & $0.0013049$ & $-0.0398242$ & $-0.0444589$ & $-0.00219943$ & $-0.0331095$ & $-0.0263$ & $-0.0478123$ & $-0.00105941$ & $-0.140491$ & $-0.0278686$ & $-0.20081$ & $0.0448453$ & $0.027586$ & $-0.00377754$ & $-0.00574721$ & $0.0841629$ & $-0.0972179$ & $-0.106633$ & $0.0878216$ & $-0.0497779$ & $0.237573$ & $-0.00432071$ & $0.0725061$ & $-0.0115214$ & $-0.0728491$ & $-0.025607$ & $-0.254598$ & $0.286448$ & $-0.130473$ & $0.0765853$ & $0.216726$ & $-0.0949745$ & $-0.128321$ \\
dAle5Mz & $-0.0402097$ & $1$ & $0.171622$ & $0.264569$ & $-0.0117143$ & $0.0263567$ & $0.131028$ & $-0.134547$ & $-0.14077$ & $0.0330773$ & $0.0997772$ & $-0.0218419$ & $-0.0653209$ & $-0.000591122$ & $0.104978$ & $0.102227$ & $0.0330345$ & $-0.0112329$ & $-0.0125474$ & $-0.0674796$ & $-0.109401$ & $-0.105283$ & $-0.0528027$ & $0.124755$ & $0.00141298$ & $0.0386492$ & $-0.195564$ & $-0.038177$ & $-0.000456705$ & $0.0219183$ & $0.0854306$ & $0.153635$ & $0.045114$ & $-0.170669$ & $0.190854$ & $-0.0697746$ & $-0.0993959$ & $0.0180794$ & $-0.193463$ & $-0.0645853$ & $0.286922$ & $-0.0300829$ & $-0.338497$ & $-0.0236894$ & $-0.133545$ & $-0.0245988$ & $0.222581$ & $-0.0646549$ & $0.0839027$ \\
mtop & $0.1183$ & $0.171622$ & $1$ & $-0.286885$ & $0.0118101$ & $-0.00387298$ & $0.023169$ & $-0.0693027$ & $-0.0792049$ & $0.0371172$ & $0.0362563$ & $0.0376366$ & $0.031853$ & $0.050138$ & $0.064939$ & $0.0535988$ & $0.0432326$ & $0.0274344$ & $0.0380978$ & $-0.0136148$ & $-0.0430415$ & $-0.0400218$ & $-0.00413867$ & $0.0871911$ & $0.0147822$ & $-0.0220891$ & $-0.129017$ & $0.0241733$ & $-0.0273093$ & $0.0112794$ & $0.0453823$ & $0.0196067$ & $-0.126048$ & $-0.113838$ & $-0.210606$ & $-0.0397548$ & $0.252877$ & $0.000571284$ & $0.324229$ & $-0.00167498$ & $-0.35669$ & $-0.0774321$ & $-0.395351$ & $0.273474$ & $-0.218321$ & $0.153877$ & $0.0346964$ & $-0.180219$ & $-0.345629$ \\
mHl & $0.00630689$ & $0.264569$ & $-0.286885$ & $1$ & $-0.00656002$ & $-0.020262$ & $0.029321$ & $-0.0151971$ & $-0.0213745$ & $-0.000549869$ & $0.0130345$ & $-0.0472946$ & $-0.0572762$ & $-0.00400755$ & $0.00466864$ & $0.0147502$ & $-0.0068709$ & $-0.00587406$ & $-0.0135658$ & $-0.0133608$ & $-0.0147681$ & $-0.0137912$ & $-0.00444933$ & $0.024613$ & $0.00967368$ & $0.0200878$ & $0.01855$ & $-0.0376639$ & $0.00278621$ & $-0.0413206$ & $-0.0903298$ & $0.0411123$ & $0.14957$ & $-0.0103996$ & $0.15203$ & $-0.0811243$ & $0.000668539$ & $-0.0202887$ & $-0.355711$ & $-0.0750845$ & $0.300933$ & $0.0557054$ & $-0.0409793$ & $-0.0883215$ & $0.000432627$ & $-0.285689$ & $-0.269902$ & $0.222023$ & $0.435527$ \\
Mz & $-0.0256067$ & $-0.0117143$ & $0.0118101$ & $-0.00656002$ & $1$ & $0.0162988$ & $-0.00492651$ & $-0.0100386$ & $-0.00684666$ & $0.0111712$ & $0.00514705$ & $-0.00287995$ & $-0.0153889$ & $0.0223266$ & $0.00135303$ & $-0.00682101$ & $0.0289967$ & $0.0208576$ & $0.0267939$ & $0.00181522$ & $0.00416484$ & $0.00100016$ & $-0.0149844$ & $0.0183515$ & $0.0191123$ & $0.0107765$ & $-0.00831834$ & $-0.011749$ & $0.0124727$ & $-0.00251641$ & $0.014149$ & $-0.00852256$ & $0.00486058$ & $-0.0106861$ & $-0.0499459$ & $0.00523948$ & $-0.00229999$ & $0.0138028$ & $0.0269922$ & $-0.00512048$ & $-0.0020335$ & $0.000291528$ & $0.0236411$ & $-0.00197541$ & $0.0470895$ & $-0.0182429$ & $-0.00965056$ & $-0.0245585$ & $-0.00275129$ \\
CW & $-0.0141824$ & $0.0263567$ & $-0.00387298$ & $-0.020262$ & $0.0162988$ & $1$ & $-0.0019058$ & $-0.0886772$ & $-0.0869173$ & $-0.0137748$ & $0.167485$ & $0.0463008$ & $0.00397258$ & $-0.00934159$ & $-0.0976787$ & $-0.0748798$ & $-0.298853$ & $-0.0765543$ & $-0.0980944$ & $-0.167465$ & $-0.167351$ & $-0.165571$ & $0.050635$ & $-0.0397544$ & $-0.133256$ & $0.0355233$ & $-0.0721653$ & $-0.051807$ & $0.00797106$ & $-0.00588665$ & $0.00192472$ & $-0.0013962$ & $0.00385197$ & $-0.0741202$ & $-0.0352919$ & $0.0380674$ & $0.00301408$ & $-0.0137797$ & $-0.0234882$ & $0.0115122$ & $0.022655$ & $-0.0413375$ & $0.00552278$ & $0.0280344$ & $0.0204865$ & $0.0122641$ & $0.00760002$ & $0.00353424$ & $-0.0114513$ \\
CHG & $0.0731534$ & $0.131028$ & $0.023169$ & $0.029321$ & $-0.00492651$ & $-0.0019058$ & $1$ & $-0.149318$ & $-0.097929$ & $0.0770258$ & $0.0878668$ & $-0.222145$ & $-0.299944$ & $0.0530845$ & $0.0325256$ & $-0.0109294$ & $0.118079$ & $0.0871922$ & $0.116645$ & $-0.0788456$ & $-0.096663$ & $-0.0930578$ & $-0.0526694$ & $0.143315$ & $0.102199$ & $0.0756391$ & $-0.106418$ & $-0.0413291$ & $-0.0294938$ & $-0.157743$ & $-0.0533157$ & $0.936463$ & $-0.151471$ & $-0.14045$ & $0.0624855$ & $-0.00224641$ & $0.131419$ & $0.00526348$ & $-0.0266616$ & $0.00199563$ & $0.0268979$ & $0.0292811$ & $-0.0453097$ & $0.0241006$ & $-0.0430916$ & $0.0471284$ & $0.0776711$ & $0.0586092$ & $0.0822371$ \\
CHWB & $-0.0266943$ & $-0.134547$ & $-0.0693027$ & $-0.0151971$ & $-0.0100386$ & $-0.0886772$ & $-0.149318$ & $1$ & $0.984603$ & $-0.545579$ & $-0.88289$ & $0.0537893$ & $0.344335$ & $0.140837$ & $0.300633$ & $0.335852$ & $-0.205895$ & $-0.392262$ & $-0.418208$ & $0.855444$ & $0.897298$ & $0.8821$ & $0.020287$ & $-0.655824$ & $-0.387755$ & $-0.482895$ & $0.398596$ & $0.326505$ & $-0.0314115$ & $0.0738637$ & $0.0319292$ & $-0.153889$ & $0.0919996$ & $0.565548$ & $0.0308125$ & $-0.000270576$ & $0.0247579$ & $0.00534168$ & $0.0840446$ & $0.0163843$ & $-0.0454175$ & $0.0417047$ & $0.0670675$ & $-0.00877049$ & $0.0350428$ & $-0.0618269$ & $-0.0211902$ & $0.0162061$ & $-0.0050448$ \\
CHWHB_gaga & $-0.0366026$ & $-0.14077$ & $-0.0792049$ & $-0.0213745$ & $-0.00684666$ & $-0.0869173$ & $-0.097929$ & $0.984603$ & $1$ & $-0.534294$ & $-0.867596$ & $0.0666895$ & $0.340606$ & $0.134102$ & $0.29125$ & $0.330178$ & $-0.204334$ & $-0.386146$ & $-0.41448$ & $0.840241$ & $0.88228$ & $0.868088$ & $0.018203$ & $-0.648571$ & $-0.381501$ & $-0.471797$ & $0.395857$ & $0.322034$ & $-0.0281583$ & $0.094303$ & $0.0454854$ & $-0.111623$ & $0.11705$ & $0.561264$ & $0.0146317$ & $-0.00425146$ & $0.0271875$ & $0.00380696$ & $0.0819262$ & $0.0187446$ & $-0.0477581$ & $0.0410275$ & $0.101437$ & $-0.00593614$ & $0.0359091$ & $-0.0642242$ & $-0.0162078$ & $0.0225958$ & $0.000850004$ \\
CHWHB_gagaorth & $0.00788804$ & $0.0330773$ & $0.0371172$ & $-0.000549869$ & $0.0111712$ & $-0.0137748$ & $0.0770258$ & $-0.545579$ & $-0.534294$ & $1$ & $0.330066$ & $0.281877$ & $-0.225686$ & $0.221027$ & $-0.129043$ & $-0.158872$ & $0.427117$ & $0.471879$ & $0.491667$ & $-0.320699$ & $-0.342412$ & $-0.342163$ & $-0.0143974$ & $0.549984$ & $0.489353$ & $0.1861$ & $-0.166579$ & $-0.149296$ & $0.0220882$ & $-0.106501$ & $-0.0673401$ & $0.0923544$ & $-0.115699$ & $-0.330309$ & $-0.00519022$ & $0.0186114$ & $-0.00576188$ & $-0.0152089$ & $-0.0456069$ & $-0.0131735$ & $-0.0210533$ & $0.0126172$ & $-0.0192765$ & $0.0214296$ & $0.0372583$ & $0.0689674$ & $0.0267634$ & $-0.00171213$ & $0.0227748$ \\
CHD & $0.0107297$ & $0.0997772$ & $0.0362563$ & $0.0130345$ & $0.00514705$ & $0.167485$ & $0.0878668$ & $-0.88289$ & $-0.867596$ & $0.330066$ & $1$ & $0.0809044$ & $-0.17708$ & $-0.541976$ & $-0.405928$ & $-0.436445$ & $-0.243019$ & $0.0272964$ & $0.0560523$ & $-0.990431$ & $-0.992047$ & $-0.970475$ & $0.0342936$ & $0.295624$ & $0.00308102$ & $0.528712$ & $-0.303247$ & $-0.348921$ & $0.0317243$ & $-0.0421598$ & $-0.0111073$ & $0.100003$ & $-0.0660792$ & $-0.386617$ & $0.00302023$ & $0.0126415$ & $-0.0312997$ & $-0.00621542$ & $-0.0753675$ & $0.0181257$ & $0.0569894$ & $-0.0505191$ & $-0.050172$ & $-0.00513323$ & $-0.0543425$ & $0.027981$ & $0.00580193$ & $-0.0154904$ & $-0.0229139$ \\
CHbox & $-0.00451326$ & $-0.0218419$ & $0.0376366$ & $-0.0472946$ & $-0.00287995$ & $0.0463008$ & $-0.222145$ & $0.0537893$ & $0.0666895$ & $0.281877$ & $0.0809044$ & $1$ & $0.721915$ & $-0.261289$ & $0.028804$ & $0.0343903$ & $-0.285389$ & $-0.266795$ & $-0.265734$ & $-0.0668676$ & $-0.08146$ & $-0.0747625$ & $0.0151925$ & $-0.170756$ & $-0.252866$ & $0.0420833$ & $-0.020544$ & $-0.007041$ & $0.0370224$ & $0.325705$ & $0.116679$ & $-0.138697$ & $0.371894$ & $0.00899673$ & $0.0182597$ & $0.0340121$ & $-0.0100744$ & $0.0177951$ & $0.094706$ & $-0.00350081$ & $-0.0218519$ & $-0.0359019$ & $-0.0334504$ & $0.0170811$ & $-0.0160623$ & $0.0181668$ & $0.0186885$ & $-0.0167919$ & $-0.0573228$ \\
CH & $-0.0311816$ & $-0.0653209$ & $0.031853$ & $-0.0572762$ & $-0.0153889$ & $0.00397258$ & $-0.299944$ & $0.344335$ & $0.340606$ & $-0.225686$ & $-0.17708$ & $0.721915$ & $1$ & $-0.209021$ & $0.0785009$ & $0.107187$ & $-0.333083$ & $-0.352392$ & $-0.368922$ & $0.17672$ & $0.185509$ & $0.188671$ & $0.0266414$ & $-0.367858$ & $-0.352624$ & $-0.0949893$ & $0.116955$ & $0.0880132$ & $0.0119127$ & $0.278103$ & $0.122062$ & $-0.252439$ & $0.307128$ & $0.207965$ & $-0.0115665$ & $0.0154578$ & $-0.0235186$ & $0.0444108$ & $0.115778$ & $-0.0164713$ & $-0.0340135$ & $-0.0257314$ & $0.0131778$ & $0.00247498$ & $-0.0233723$ & $-0.0260227$ & $-0.0194798$ & $-0.0128916$ & $-0.0759424$ \\
CHL1_11 & $0.0022567$ & $-0.000591122$ & $0.050138$ & $-0.00400755$ & $0.0223266$ & $-0.00934159$ & $0.0530845$ & $0.140837$ & $0.134102$ & $0.221027$ & $-0.541976$ & $-0.261289$ & $-0.209021$ & $1$ & $0.235082$ & $0.257261$ & $0.657092$ & $0.607652$ & $0.576297$ & $0.556413$ & $0.509844$ & $0.487469$ & $-0.0777987$ & $0.448385$ & $0.598687$ & $-0.282054$ & $-0.0233593$ & $0.155644$ & $-0.01125$ & $-0.0448638$ & $-0.0421449$ & $0.0351444$ & $-0.0156218$ & $-0.147374$ & $-0.0606881$ & $-0.0147349$ & $0.0340555$ & $-0.0202441$ & $0.0132208$ & $-0.0674893$ & $-0.0504681$ & $0.0303834$ & $-0.004974$ & $0.0425198$ & $0.0521735$ & $0.0431889$ & $0.00913776$ & $0.0236414$ & $0.0550288$ \\
CHL1_22 & $0.0976834$ & $0.104978$ & $0.064939$ & $0.00466864$ & $0.00135303$ & $-0.0976787$ & $0.0325256$ & $0.300633$ & $0.29125$ & $-0.129043$ & $-0.405928$ & $0.028804$ & $0.0785009$ & $0.235082$ & $1$ & $0.404936$ & $0.153772$ & $-0.467441$ & $-0.0317231$ & $0.469988$ & $0.328665$ & $0.317423$ & $-0.144906$ & $0.0910367$ & $-0.118115$ & $-0.20434$ & $-0.354649$ & $0.108483$ & $-0.0129731$ & $0.0207777$ & $0.02708$ & $0.0358288$ & $0.0341675$ & $-0.587234$ & $0.00175073$ & $-0.00600713$ & $0.052824$ & $0.00321029$ & $0.044464$ & $-0.0496624$ & $-0.025627$ & $0.00594139$ & $-0.11155$ & $0.00449913$ & $-0.00820197$ & $0.103896$ & $0.0929006$ & $-0.0169237$ & $-0.00229999$ \\
CHL1_33 & $0.102823$ & $0.102227$ & $0.0535988$ & $0.0147502$ & $-0.00682101$ & $-0.0748798$ & $-0.0109294$ & $0.335852$ & $0.330178$ & $-0.158872$ & $-0.436445$ & $0.0343903$ & $0.107187$ & $0.257261$ & $0.404936$ & $1$ & $0.137806$ & $-0.0227706$ & $-0.466194$ & $0.495831$ & $0.362698$ & $0.377863$ & $-0.15241$ & $0.0592339$ & $-0.1393$ & $-0.211307$ & $-0.345364$ & $0.130925$ & $-0.0212817$ & $0.0618476$ & $0.0528577$ & $-0.00401089$ & $0.0698338$ & $-0.0267157$ & $-0.00970986$ & $-0.0556977$ & $0.0475923$ & $-0.0356415$ & $0.0725562$ & $-0.0554714$ & $0.0259984$ & $0.0210088$ & $-0.0986886$ & $0.0424702$ & $-0.00658672$ & $0.0724518$ & $0.0504583$ & $0.022091$ & $0.0300779$ \\
CHL3_11 & $0.0013049$ & $0.0330345$ & $0.0432326$ & $-0.0068709$ & $0.0289967$ & $-0.298853$ & $0.118079$ & $-0.205895$ & $-0.204334$ & $0.427117$ & $-0.243019$ & $-0.285389$ & $-0.333083$ & $0.657092$ & $0.153772$ & $0.137806$ & $1$ & $0.729751$ & $0.734546$ & $0.263749$ & $0.216893$ & $0.206443$ & $-0.0908675$ & $0.663845$ & $0.789968$ & $-0.0869021$ & $-0.0775029$ & $0.0565079$ & $-0.00511093$ & $-0.056849$ & $-0.0374887$ & $0.101211$ & $-0.056629$ & $-0.214264$ & $-0.0690577$ & $-0.0243161$ & $-0.0109873$ & $0.0253257$ & $-0.0189048$ & $-0.0508616$ & $-0.0239089$ & $0.0254167$ & $0.00503462$ & $0.00170367$ & $0.0468319$ & $0.0426862$ & $0.0170388$ & $-0.0101883$ & $0.0490489$ \\
CHL3_22 & $-0.0398242$ & $-0.0112329$ & $0.0274344$ & $-0.00587406$ & $0.0208576$ & $-0.0765543$ & $0.0871922$ & $-0.392262$ & $-0.386146$ & $0.471879$ & $0.0272964$ & $-0.266795$ & $-0.352392$ & $0.607652$ & $-0.467441$ & $-0.0227706$ & $0.729751$ & $1$ & $0.657762$ & $-0.0315069$ & $-0.0185931$ & $-0.0213715$ & $-0.0106287$ & $0.604308$ & $0.783467$ & $0.0361373$ & $0.0487442$ & $-0.0223087$ & $0.0068921$ & $-0.0682343$ & $-0.0528418$ & $0.0708907$ & $-0.0665018$ & $0.0821774$ & $-0.0703455$ & $-0.0221444$ & $-0.0193497$ & $-0.00195866$ & $-0.0353531$ & $-0.0330175$ & $-0.00834848$ & $0.0133509$ & $0.0410172$ & $0.0269542$ & $0.0431275$ & $-0.0015328$ & $-0.0373922$ & $0.0109393$ & $0.0525498$ \\
CHL3_33 & $-0.0444589$ & $-0.0125474$ & $0.0380978$ & $-0.0135658$ & $0.0267939$ & $-0.0980944$ & $0.116645$ & $-0.418208$ & $-0.41448$ & $0.491667$ & $0.0560523$ & $-0.265734$ & $-0.368922$ & $0.576297$ & $-0.0317231$ & $-0.466194$ & $0.734546$ & $0.657762$ & $1$ & $-0.0589235$ & $-0.0464565$ & $-0.048324$ & $0.00296845$ & $0.616582$ & $0.800073$ & $0.0453136$ & $0.0619154$ & $-0.036764$ & $0.0110741$ & $-0.0925453$ & $-0.0709504$ & $0.0994816$ & $-0.0895562$ & $-0.330893$ & $-0.0587934$ & $0.0165974$ & $-0.012855$ & $0.0244819$ & $-0.0568278$ & $-0.0256299$ & $-0.050857$ & $0.00416498$ & $0.0352341$ & $-0.00173457$ & $0.0388503$ & $0.0144538$ & $-0.00714735$ & $-0.0231225$ & $0.022804$ \\
CHe_11 & $-0.00219943$ & $-0.0674796$ & $-0.0136148$ & $-0.0133608$ & $0.00181522$ & $-0.167465$ & $-0.0788456$ & $0.855444$ & $0.840241$ & $-0.320699$ & $-0.990431$ & $-0.0668676$ & $0.17672$ & $0.556413$ & $0.469988$ & $0.495831$ & $0.263749$ & $-0.0315069$ & $-0.0589235$ & $1$ & $0.974127$ & $0.95289$ & $-0.0542537$ & $-0.244668$ & $0.00460761$ & $-0.520994$ & $0.232065$ & $0.343362$ & $-0.0303987$ & $0.0453796$ & $0.0167842$ & $-0.0887995$ & $0.0685947$ & $0.309379$ & $-0.00669459$ & $-0.0182727$ & $0.0369723$ & $0.00510364$ & $0.0805243$ & $-0.0249464$ & $-0.0551954$ & $0.045651$ & $0.0269792$ & $0.0105267$ & $0.0483914$ & $-0.0115567$ & $0.00534881$ & $0.00903326$ & $0.0222823$ \\
CHe_22 & $-0.0331095$ & $-0.109401$ & $-0.0430415$ & $-0.0147681$ & $0.00416484$ & $-0.167351$ & $-0.096663$ & $0.897298$ & $0.88228$ & $-0.342412$ & $-0.992047$ & $-0.08146$ & $0.185509$ & $0.509844$ & $0.328665$ & $0.362698$ & $0.216893$ & $-0.0185931$ & $-0.0464565$ & $0.974127$ & $1$ & $0.975131$ & $-0.0127496$ & $-0.344055$ & $-0.00697471$ & $-0.528115$ & $0.375086$ & $0.352186$ & $-0.0319695$ & $0.0443377$ & $0.0104332$ & $-0.109148$ & $0.0663147$ & $0.464211$ & $-0.000719418$ & $-0.0102122$ & $0.0236701$ & $0.00958851$ & $0.070807$ & $-0.00880776$ & $-0.0564526$ & $0.0506597$ & $0.0656622$ & $-4.25663e-06$ & $0.0551284$ & $-0.0442326$ & $-0.015911$ & $0.0140275$ & $0.0198778$ \\
CHe_33 & $-0.0263$ & $-0.105283$ & $-0.0400218$ & $-0.0137912$ & $0.00100016$ & $-0.165571$ & $-0.0930578$ & $0.8821$ & $0.868088$ & $-0.342163$ & $-0.970475$ & $-0.0747625$ & $0.188671$ & $0.487469$ & $0.317423$ & $0.377863$ & $0.206443$ & $-0.0213715$ & $-0.048324$ & $0.95289$ & $0.975131$ & $1$ & $-0.00600219$ & $-0.343569$ & $-0.0124144$ & $-0.518454$ & $0.372316$ & $0.34616$ & $-0.033466$ & $0.0477311$ & $0.0105519$ & $-0.104557$ & $0.0710446$ & $0.465199$ & $-0.00260513$ & $-0.0091124$ & $0.0269956$ & $0.0123352$ & $0.0737718$ & $-0.0116909$ & $-0.0554937$ & $0.0464274$ & $0.0641381$ & $0.00434063$ & $0.0542436$ & $-0.0463827$ & $-0.0152271$ & $0.0101389$ & $0.0233043$ \\
CHQ1_11 & $-0.0478123$ & $-0.0528027$ & $-0.00413867$ & $-0.00444933$ & $-0.0149844$ & $0.050635$ & $-0.0526694$ & $0.020287$ & $0.018203$ & $-0.0143974$ & $0.0342936$ & $0.0151925$ & $0.0266414$ & $-0.0777987$ & $-0.144906$ & $-0.15241$ & $-0.0908675$ & $-0.0106287$ & $0.00296845$ & $-0.0542537$ & $-0.0127496$ & $-0.00600219$ & $1$ & $-0.107465$ & $0.0520229$ & $-0.66698$ & $0.275734$ & $0.0198448$ & $0.0218626$ & $-0.0147081$ & $-0.0274334$ & $-0.0589178$ & $-0.0432817$ & $0.131276$ & $0.0251912$ & $0.0190856$ & $-0.0330281$ & $0.00306321$ & $0.0359502$ & $0.0395566$ & $-0.0813363$ & $0.00759376$ & $-0.0143405$ & $-0.0254283$ & $0.00855387$ & $-0.0194949$ & $-0.0391489$ & $-0.00309889$ & $-0.0578095$ \\
CHQ1_33 & $-0.00105941$ & $0.124755$ & $0.0871911$ & $0.024613$ & $0.0183515$ & $-0.0397544$ & $0.143315$ & $-0.655824$ & $-0.648571$ & $0.549984$ & $0.295624$ & $-0.170756$ & $-0.367858$ & $0.448385$ & $0.0910367$ & $0.0592339$ & $0.663845$ & $0.604308$ & $0.616582$ & $-0.244668$ & $-0.344055$ & $-0.343569$ & $-0.107465$ & $1$ & $0.652145$ & $0.190835$ & $-0.3483$ & $-0.0418893$ & $0.00816847$ & $-0.056737$ & $-0.0301524$ & $0.140904$ & $-0.0588316$ & $-0.606408$ & $-0.071486$ & $-0.0193663$ & $-0.0149116$ & $-0.00361549$ & $-0.0648117$ & $-0.063296$ & $0.0183646$ & $-0.00126288$ & $-0.0546494$ & $0.0072781$ & $0.00585548$ & $0.0769375$ & $0.0250243$ & $-0.000538263$ & $0.0487283$ \\
CHQ3_11 & $-0.140491$ & $0.00141298$ & $0.0147822$ & $0.00967368$ & $0.0191123$ & $-0.133256$ & $0.102199$ & $-0.387755$ & $-0.381501$ & $0.489353$ & $0.00308102$ & $-0.252866$ & $-0.352624$ & $0.598687$ & $-0.118115$ & $-0.1393$ & $0.789968$ & $0.783467$ & $0.800073$ & $0.00460761$ & $-0.00697471$ & $-0.0124144$ & $0.0520229$ & $0.652145$ & $1$ & $0.0407895$ & $0.260084$ & $-0.0165996$ & $-0.00767377$ & $-0.0719753$ & $-0.079465$ & $0.086851$ & $-0.068686$ & $-0.202422$ & $-0.0549746$ & $-0.00761136$ & $-0.05511$ & $0.0310919$ & $-0.0810919$ & $-0.0292777$ & $-0.0160956$ & $0.00370221$ & $0.0637172$ & $-0.0466504$ & $0.0502694$ & $-0.0498089$ & $-0.0301276$ & $-0.0170169$ & $0.0512846$ \\
CHu_11 & $-0.0278686$ & $0.0386492$ & $-0.0220891$ & $0.0200878$ & $0.0107765$ & $0.0355233$ & $0.0756391$ & $-0.482895$ & $-0.471797$ & $0.1861$ & $0.528712$ & $0.0420833$ & $-0.0949893$ & $-0.282054$ & $-0.20434$ & $-0.211307$ & $-0.0869021$ & $0.0361373$ & $0.0453136$ & $-0.520994$ & $-0.528115$ & $-0.518454$ & $-0.66698$ & $0.190835$ & $0.0407895$ & $1$ & $-0.122159$ & $-0.1928$ & $-0.025384$ & $-0.00281177$ & $0.000795816$ & $0.0870429$ & $0.00249331$ & $-0.219017$ & $-0.00160835$ & $-0.0167661$ & $-0.0245229$ & $0.00871241$ & $-0.11234$ & $-0.00959618$ & $0.0921434$ & $-0.0329258$ & $0.0225838$ & $-0.00165288$ & $-0.0238024$ & $-0.0252796$ & $0.00890783$ & $-0.00685425$ & $0.0430673$ \\
CHd_11 & $-0.20081$ & $-0.195564$ & $-0.129017$ & $0.01855$ & $-0.00831834$ & $-0.0721653$ & $-0.106418$ & $0.398596$ & $0.395857$ & $-0.166579$ & $-0.303247$ & $-0.020544$ & $0.116955$ & $-0.0233593$ & $-0.354649$ & $-0.345364$ & $-0.0775029$ & $0.0487442$ & $0.0619154$ & $0.232065$ & $0.375086$ & $0.372316$ & $0.275734$ & $-0.3483$ & $0.260084$ & $-0.122159$ & $1$ & $0.139542$ & $-0.0329402$ & $0.0203121$ & $-0.0506498$ & $-0.114294$ & $0.0143157$ & $0.631302$ & $0.0396051$ & $0.0123196$ & $-0.0771293$ & $0.0506823$ & $-0.0632291$ & $0.0581722$ & $-0.0256692$ & $0.0177386$ & $0.184509$ & $-0.0891292$ & $0.0449926$ & $-0.218591$ & $-0.0970401$ & $-0.0151838$ & $0.00183083$ \\
CHd_33 & $0.0448453$ & $-0.038177$ & $0.0241733$ & $-0.0376639$ & $-0.011749$ & $-0.051807$ & $-0.0413291$ & $0.326505$ & $0.322034$ & $-0.149296$ & $-0.348921$ & $-0.007041$ & $0.0880132$ & $0.155644$ & $0.108483$ & $0.130925$ & $0.0565079$ & $-0.0223087$ & $-0.036764$ & $0.343362$ & $0.352186$ & $0.34616$ & $0.0198448$ & $-0.0418893$ & $-0.0165996$ & $-0.1928$ & $0.139542$ & $1$ & $-0.0404866$ & $0.0466959$ & $0.0208584$ & $-0.0408492$ & $0.0448291$ & $0.179144$ & $0.0147383$ & $0.0520325$ & $0.00983756$ & $-0.000506933$ & $0.0511951$ & $0.00153507$ & $-0.0333814$ & $0.0331749$ & $0.00355699$ & $0.0235919$ & $0.014786$ & $-0.037787$ & $0.052744$ & $0.0138909$ & $0.00553794$ \\
CeH_22r & $0.027586$ & $-0.000456705$ & $-0.0273093$ & $0.00278621$ & $0.0124727$ & $0.00797106$ & $-0.0294938$ & $-0.0314115$ & $-0.0281583$ & $0.0220882$ & $0.0317243$ & $0.0370224$ & $0.0119127$ & $-0.01125$ & $-0.0129731$ & $-0.0212817$ & $-0.00511093$ & $0.0068921$ & $0.0110741$ & $-0.0303987$ & $-0.0319695$ & $-0.033466$ & $0.0218626$ & $0.00816847$ & $-0.00767377$ & $-0.025384$ & $-0.0329402$ & $-0.0404866$ & $1$ & $0.027665$ & $0.0143476$ & $-0.0402342$ & $0.0243195$ & $-0.0175268$ & $-0.0308307$ & $-0.0140154$ & $-0.0183295$ & $-0.0107723$ & $0.0140517$ & $0.0198834$ & $-0.0390465$ & $-0.0196499$ & $0.0163579$ & $0.0367077$ & $0.0300331$ & $0.000899016$ & $0.0232906$ & $0.0320154$ & $-0.0415299$ \\
CeH_33r & $-0.00377754$ & $0.0219183$ & $0.0112794$ & $-0.0413206$ & $-0.00251641$ & $-0.00588665$ & $-0.157743$ & $0.0738637$ & $0.094303$ & $-0.106501$ & $-0.0421598$ & $0.325705$ & $0.278103$ & $-0.0448638$ & $0.0207777$ & $0.0618476$ & $-0.056849$ & $-0.0682343$ & $-0.0925453$ & $0.0453796$ & $0.0443377$ & $0.0477311$ & $-0.0147081$ & $-0.056737$ & $-0.0719753$ & $-0.00281177$ & $0.0203121$ & $0.0466959$ & $0.027665$ & $1$ & $0.309571$ & $-0.00862908$ & $0.674437$ & $0.0478591$ & $-0.0983045$ & $-0.0150794$ & $-0.131927$ & $0.0329231$ & $0.0440468$ & $0.0375789$ & $0.035146$ & $-0.0489313$ & $-0.021442$ & $0.00793426$ & $0.0399883$ & $-0.00960644$ & $0.00333853$ & $-0.0140908$ & $-0.00124083$ \\
CuH_22r & $-0.00574721$ & $0.0854306$ & $0.0453823$ & $-0.0903298$ & $0.014149$ & $0.00192472$ & $-0.0533157$ & $0.0319292$ & $0.0454854$ & $-0.0673401$ & $-0.0111073$ & $0.116679$ & $0.122062$ & $-0.0421449$ & $0.02708$ & $0.0528577$ & $-0.0374887$ & $-0.0528418$ & $-0.0709504$ & $0.0167842$ & $0.0104332$ & $0.0105519$ & $-0.0274334$ & $-0.0301524$ & $-0.079465$ & $0.000795816$ & $-0.0506498$ & $0.0208584$ & $0.0143476$ & $0.309571$ & $1$ & $0.0387369$ & $0.332305$ & $0.0107263$ & $-0.0215178$ & $-0.0230551$ & $-0.0905954$ & $0.0154309$ & $0.0152847$ & $-0.0133919$ & $0.019709$ & $0.0146649$ & $-0.0420414$ & $-0.0193827$ & $-0.0873132$ & $0.0227773$ & $0.165218$ & $-0.0635947$ & $-0.11255$ \\
CuH_33r & $0.0841629$ & $0.153635$ & $0.0196067$ & $0.0411123$ & $-0.00852256$ & $-0.0013962$ & $0.936463$ & $-0.153889$ & $-0.111623$ & $0.0923544$ & $0.100003$ & $-0.138697$ & $-0.252439$ & $0.0351444$ & $0.0358288$ & $-0.00401089$ & $0.101211$ & $0.0708907$ & $0.0994816$ & $-0.0887995$ & $-0.109148$ & $-0.104557$ & $-0.0589178$ & $0.140904$ & $0.086851$ & $0.0870429$ & $-0.114294$ & $-0.0408492$ & $-0.0402342$ & $-0.00862908$ & $0.0387369$ & $1$ & $0.0324814$ & $-0.147002$ & $0.106037$ & $0.03703$ & $0.116013$ & $0.00706479$ & $-0.0247$ & $0.000805633$ & $0.0429984$ & $0.0246991$ & $-0.0610323$ & $0.0142567$ & $-0.0562073$ & $0.0405475$ & $0.0950811$ & $0.0531283$ & $0.0911321$ \\
CdH_33r & $-0.0972179$ & $0.045114$ & $-0.126048$ & $0.14957$ & $0.00486058$ & $0.00385197$ & $-0.151471$ & $0.0919996$ & $0.11705$ & $-0.115699$ & $-0.0660792$ & $0.371894$ & $0.307128$ & $-0.0156218$ & $0.0341675$ & $0.0698338$ & $-0.056629$ & $-0.0665018$ & $-0.0895562$ & $0.0685947$ & $0.0663147$ & $0.0710446$ & $-0.0432817$ & $-0.0588316$ & $-0.068686$ & $0.00249331$ & $0.0143157$ & $0.0448291$ & $0.0243195$ & $0.674437$ & $0.332305$ & $0.0324814$ & $1$ & $0.0463685$ & $-0.112905$ & $0.0285488$ & $-0.0788128$ & $-0.0362472$ & $-0.0105569$ & $-0.0464004$ & $0.165969$ & $-0.0702993$ & $0.0349383$ & $-0.0628793$ & $0.0608325$ & $-0.112502$ & $-0.0818123$ & $0.172192$ & $0.376048$ \\
CLL_1221 & $-0.106633$ & $-0.170669$ & $-0.113838$ & $-0.0103996$ & $-0.0106861$ & $-0.0741202$ & $-0.14045$ & $0.565548$ & $0.561264$ & $-0.330309$ & $-0.386617$ & $0.00899673$ & $0.207965$ & $-0.147374$ & $-0.587234$ & $-0.0267157$ & $-0.214264$ & $0.0821774$ & $-0.330893$ & $0.309379$ & $0.464211$ & $0.465199$ & $0.131276$ & $-0.606408$ & $-0.202422$ & $-0.219017$ & $0.631302$ & $0.179144$ & $-0.0175268$ & $0.0478591$ & $0.0107263$ & $-0.147002$ & $0.0463685$ & $1$ & $0.0288414$ & $-0.00185964$ & $-0.0372157$ & $0.0137524$ & $0.0259606$ & $0.0566212$ & $-0.0016323$ & $0.0324201$ & $0.146156$ & $-0.0218783$ & $0.0344106$ & $-0.141992$ & $-0.0895729$ & $0.0211834$ & $0.00107096$ \\
eHggint & $0.0878216$ & $0.190854$ & $-0.210606$ & $0.15203$ & $-0.0499459$ & $-0.0352919$ & $0.0624855$ & $0.0308125$ & $0.0146317$ & $-0.00519022$ & $0.00302023$ & $0.0182597$ & $-0.0115665$ & $-0.0606881$ & $0.00175073$ & $-0.00970986$ & $-0.0690577$ & $-0.0703455$ & $-0.0587934$ & $-0.00669459$ & $-0.000719418$ & $-0.00260513$ & $0.0251912$ & $-0.071486$ & $-0.0549746$ & $-0.00160835$ & $0.0396051$ & $0.0147383$ & $-0.0308307$ & $-0.0983045$ & $-0.0215178$ & $0.106037$ & $-0.112905$ & $0.0288414$ & $1$ & $0.223268$ & $0.180707$ & $-0.0027113$ & $-0.0755335$ & $0.0176341$ & $0.206523$ & $0.08113$ & $-0.169628$ & $-0.185673$ & $-0.195625$ & $-0.0426134$ & $0.220544$ & $-0.0595414$ & $-0.00896544$ \\
eHggpar & $-0.0497779$ & $-0.0697746$ & $-0.0397548$ & $-0.0811243$ & $0.00523948$ & $0.0380674$ & $-0.00224641$ & $-0.000270576$ & $-0.00425146$ & $0.0186114$ & $0.0126415$ & $0.0340121$ & $0.0154578$ & $-0.0147349$ & $-0.00600713$ & $-0.0556977$ & $-0.0243161$ & $-0.0221444$ & $0.0165974$ & $-0.0182727$ & $-0.0102122$ & $-0.0091124$ & $0.0190856$ & $-0.0193663$ & $-0.00761136$ & $-0.0167661$ & $0.0123196$ & $0.0520325$ & $-0.0140154$ & $-0.0150794$ & $-0.0230551$ & $0.03703$ & $0.0285488$ & $-0.00185964$ & $0.223268$ & $1$ & $-0.18774$ & $0.0641038$ & $0.228367$ & $0.0422683$ & $0.180812$ & $-0.0188733$ & $0.0310161$ & $-0.303839$ & $-0.0765929$ & $-0.277238$ & $0.0718148$ & $-0.00496526$ & $0.0724404$ \\
eHWWint & $0.237573$ & $-0.0993959$ & $0.252877$ & $0.000668539$ & $-0.00229999$ & $0.00301408$ & $0.131419$ & $0.0247579$ & $0.0271875$ & $-0.00576188$ & $-0.0312997$ & $-0.0100744$ & $-0.0235186$ & $0.0340555$ & $0.052824$ & $0.0475923$ & $-0.0109873$ & $-0.0193497$ & $-0.012855$ & $0.0369723$ & $0.0236701$ & $0.0269956$ & $-0.0330281$ & $-0.0149116$ & $-0.05511$ & $-0.0245229$ & $-0.0771293$ & $0.00983756$ & $-0.0183295$ & $-0.131927$ & $-0.0905954$ & $0.116013$ & $-0.0788128$ & $-0.0372157$ & $0.180707$ & $-0.18774$ & $1$ & $-0.0273649$ & $0.0495542$ & $-0.0368964$ & $-0.265781$ & $-0.0599834$ & $-0.0326138$ & $0.261914$ & $-0.0134145$ & $0.239377$ & $-0.166447$ & $-0.0770063$ & $0.157751$ \\
eHWWpar & $-0.00432071$ & $0.0180794$ & $0.000571284$ & $-0.0202887$ & $0.0138028$ & $-0.0137797$ & $0.00526348$ & $0.00534168$ & $0.00380696$ & $-0.0152089$ & $-0.00621542$ & $0.0177951$ & $0.0444108$ & $-0.0202441$ & $0.00321029$ & $-0.0356415$ & $0.0253257$ & $-0.00195866$ & $0.0244819$ & $0.00510364$ & $0.00958851$ & $0.0123352$ & $0.00306321$ & $-0.00361549$ & $0.0310919$ & $0.00871241$ & $0.0506823$ & $-0.000506933$ & $-0.0107723$ & $0.0329231$ & $0.0154309$ & $0.00706479$ & $-0.0362472$ & $0.0137524$ & $-0.0027113$ & $0.0641038$ & $-0.0273649$ & $1$ & $-0.00718385$ & $-0.0160145$ & $0.0245179$ & $-0.00202763$ & $0.0101037$ & $-0.074787$ & $-0.00226313$ & $-0.0347889$ & $0.00261076$ & $-0.0892413$ & $-0.0601257$ \\
eHZZint & $0.0725061$ & $-0.193463$ & $0.324229$ & $-0.355711$ & $0.0269922$ & $-0.0234882$ & $-0.0266616$ & $0.0840446$ & $0.0819262$ & $-0.0456069$ & $-0.0753675$ & $0.094706$ & $0.115778$ & $0.0132208$ & $0.044464$ & $0.0725562$ & $-0.0189048$ & $-0.0353531$ & $-0.0568278$ & $0.0805243$ & $0.070807$ & $0.0737718$ & $0.0359502$ & $-0.0648117$ & $-0.0810919$ & $-0.11234$ & $-0.0632291$ & $0.0511951$ & $0.0140517$ & $0.0440468$ & $0.0152847$ & $-0.0247$ & $-0.0105569$ & $0.0259606$ & $-0.0755335$ & $0.228367$ & $0.0495542$ & $-0.00718385$ & $1$ & $0.0397826$ & $-0.164635$ & $-0.0076852$ & $-0.0923293$ & $0.0807624$ & $0.0762458$ & $-0.0550002$ & $-0.0143975$ & $-0.208871$ & $-0.123626$ \\
eHZZpar & $-0.0115214$ & $-0.0645853$ & $-0.00167498$ & $-0.0750845$ & $-0.00512048$ & $0.0115122$ & $0.00199563$ & $0.0163843$ & $0.0187446$ & $-0.0131735$ & $0.0181257$ & $-0.00350081$ & $-0.0164713$ & $-0.0674893$ & $-0.0496624$ & $-0.0554714$ & $-0.0508616$ & $-0.0330175$ & $-0.0256299$ & $-0.0249464$ & $-0.00880776$ & $-0.0116909$ & $0.0395566$ & $-0.063296$ & $-0.0292777$ & $-0.00959618$ & $0.0581722$ & $0.00153507$ & $0.0198834$ & $0.0375789$ & $-0.0133919$ & $0.000805633$ & $-0.0464004$ & $0.0566212$ & $0.0176341$ & $0.0422683$ & $-0.0368964$ & $-0.0160145$ & $0.0397826$ & $1$ & $-0.0430427$ & $0.0442342$ & $0.0267877$ & $0.0154975$ & $-0.0548207$ & $0.0524643$ & $-0.0439317$ & $-0.0353227$ & $-0.111995$ \\
eHZgaint & $-0.0728491$ & $0.286922$ & $-0.35669$ & $0.300933$ & $-0.0020335$ & $0.022655$ & $0.0268979$ & $-0.0454175$ & $-0.0477581$ & $-0.0210533$ & $0.0569894$ & $-0.0218519$ & $-0.0340135$ & $-0.0504681$ & $-0.025627$ & $0.0259984$ & $-0.0239089$ & $-0.00834848$ & $-0.050857$ & $-0.0551954$ & $-0.0564526$ & $-0.0554937$ & $-0.0813363$ & $0.0183646$ & $-0.0160956$ & $0.0921434$ & $-0.0256692$ & $-0.0333814$ & $-0.0390465$ & $0.035146$ & $0.019709$ & $0.0429984$ & $0.165969$ & $-0.0016323$ & $0.206523$ & $0.180812$ & $-0.265781$ & $0.0245179$ & $-0.164635$ & $-0.0430427$ & $1$ & $-0.0182441$ & $0.0272132$ & $-0.270978$ & $-0.179219$ & $-0.453353$ & $0.0426858$ & $-0.0746354$ & $0.385096$ \\
eHZgapar & $-0.025607$ & $-0.0300829$ & $-0.0774321$ & $0.0557054$ & $0.000291528$ & $-0.0413375$ & $0.0292811$ & $0.0417047$ & $0.0410275$ & $0.0126172$ & $-0.0505191$ & $-0.0359019$ & $-0.0257314$ & $0.0303834$ & $0.00594139$ & $0.0210088$ & $0.0254167$ & $0.0133509$ & $0.00416498$ & $0.045651$ & $0.0506597$ & $0.0464274$ & $0.00759376$ & $-0.00126288$ & $0.00370221$ & $-0.0329258$ & $0.0177386$ & $0.0331749$ & $-0.0196499$ & $-0.0489313$ & $0.0146649$ & $0.0246991$ & $-0.0702993$ & $0.0324201$ & $0.08113$ & $-0.0188733$ & $-0.0599834$ & $-0.00202763$ & $-0.0076852$ & $0.0442342$ & $-0.0182441$ & $1$ & $-0.0315947$ & $-0.0289914$ & $-0.0181176$ & $-0.0134104$ & $0.038725$ & $0.0363389$ & $-0.0813888$ \\
eHgagaint & $-0.254598$ & $-0.338497$ & $-0.395351$ & $-0.0409793$ & $0.0236411$ & $0.00552278$ & $-0.0453097$ & $0.0670675$ & $0.101437$ & $-0.0192765$ & $-0.050172$ & $-0.0334504$ & $0.0131778$ & $-0.004974$ & $-0.11155$ & $-0.0986886$ & $0.00503462$ & $0.0410172$ & $0.0352341$ & $0.0269792$ & $0.0656622$ & $0.0641381$ & $-0.0143405$ & $-0.0546494$ & $0.0637172$ & $0.0225838$ & $0.184509$ & $0.00355699$ & $0.0163579$ & $-0.021442$ & $-0.0420414$ & $-0.0610323$ & $0.0349383$ & $0.146156$ & $-0.169628$ & $0.0310161$ & $-0.0326138$ & $0.0101037$ & $-0.0923293$ & $0.0267877$ & $0.0272132$ & $-0.0315947$ & $1$ & $-0.0695296$ & $0.073268$ & $-0.222202$ & $-0.0195598$ & $0.0901882$ & $0.156395$ \\
eHmumuint & $0.286448$ & $-0.0236894$ & $0.273474$ & $-0.0883215$ & $-0.00197541$ & $0.0280344$ & $0.0241006$ & $-0.00877049$ & $-0.00593614$ & $0.0214296$ & $-0.00513323$ & $0.0170811$ & $0.00247498$ & $0.0425198$ & $0.00449913$ & $0.0424702$ & $0.00170367$ & $0.0269542$ & $-0.00173457$ & $0.0105267$ & $-4.25663e-06$ & $0.00434063$ & $-0.0254283$ & $0.0072781$ & $-0.0466504$ & $-0.00165288$ & $-0.0891292$ & $0.0235919$ & $0.0367077$ & $0.00793426$ & $-0.0193827$ & $0.0142567$ & $-0.0628793$ & $-0.0218783$ & $-0.185673$ & $-0.303839$ & $0.261914$ & $-0.074787$ & $0.0807624$ & $0.0154975$ & $-0.270978$ & $-0.0289914$ & $-0.0695296$ & $1$ & $-0.0976813$ & $0.239896$ & $-0.208184$ & $0.145714$ & $-0.226231$ \\
eHtautauint & $-0.130473$ & $-0.133545$ & $-0.218321$ & $0.000432627$ & $0.0470895$ & $0.0204865$ & $-0.0430916$ & $0.0350428$ & $0.0359091$ & $0.0372583$ & $-0.0543425$ & $-0.0160623$ & $-0.0233723$ & $0.0521735$ & $-0.00820197$ & $-0.00658672$ & $0.0468319$ & $0.0431275$ & $0.0388503$ & $0.0483914$ & $0.0551284$ & $0.0542436$ & $0.00855387$ & $0.00585548$ & $0.0502694$ & $-0.0238024$ & $0.0449926$ & $0.014786$ & $0.0300331$ & $0.0399883$ & $-0.0873132$ & $-0.0562073$ & $0.0608325$ & $0.0344106$ & $-0.195625$ & $-0.0765929$ & $-0.0134145$ & $-0.00226313$ & $0.0762458$ & $-0.0548207$ & $-0.179219$ & $-0.0181176$ & $0.073268$ & $-0.0976813$ & $1$ & $0.0770734$ & $-0.19932$ & $-0.0531748$ & $0.216022$ \\
eHccint & $0.0765853$ & $-0.0245988$ & $0.153877$ & $-0.285689$ & $-0.0182429$ & $0.0122641$ & $0.0471284$ & $-0.0618269$ & $-0.0642242$ & $0.0689674$ & $0.027981$ & $0.0181668$ & $-0.0260227$ & $0.0431889$ & $0.103896$ & $0.0724518$ & $0.0426862$ & $-0.0015328$ & $0.0144538$ & $-0.0115567$ & $-0.0442326$ & $-0.0463827$ & $-0.0194949$ & $0.0769375$ & $-0.0498089$ & $-0.0252796$ & $-0.218591$ & $-0.037787$ & $0.000899016$ & $-0.00960644$ & $0.0227773$ & $0.0405475$ & $-0.112502$ & $-0.141992$ & $-0.0426134$ & $-0.277238$ & $0.239377$ & $-0.0347889$ & $-0.0550002$ & $0.0524643$ & $-0.453353$ & $-0.0134104$ & $-0.222202$ & $0.239896$ & $0.0770734$ & $1$ & $-0.156707$ & $0.0081557$ & $-0.272258$ \\
eHccpar & $0.216726$ & $0.222581$ & $0.0346964$ & $-0.269902$ & $-0.00965056$ & $0.00760002$ & $0.0776711$ & $-0.0211902$ & $-0.0162078$ & $0.0267634$ & $0.00580193$ & $0.0186885$ & $-0.0194798$ & $0.00913776$ & $0.0929006$ & $0.0504583$ & $0.0170388$ & $-0.0373922$ & $-0.00714735$ & $0.00534881$ & $-0.015911$ & $-0.0152271$ & $-0.0391489$ & $0.0250243$ & $-0.0301276$ & $0.00890783$ & $-0.0970401$ & $0.052744$ & $0.0232906$ & $0.00333853$ & $0.165218$ & $0.0950811$ & $-0.0818123$ & $-0.0895729$ & $0.220544$ & $0.0718148$ & $-0.166447$ & $0.00261076$ & $-0.0143975$ & $-0.0439317$ & $0.0426858$ & $0.038725$ & $-0.0195598$ & $-0.208184$ & $-0.19932$ & $-0.156707$ & $1$ & $-0.164288$ & $-0.194081$ \\
eHbbint & $-0.0949745$ & $-0.0646549$ & $-0.180219$ & $0.222023$ & $-0.0245585$ & $0.00353424$ & $0.0586092$ & $0.0162061$ & $0.0225958$ & $-0.00171213$ & $-0.0154904$ & $-0.0167919$ & $-0.0128916$ & $0.0236414$ & $-0.0169237$ & $0.022091$ & $-0.0101883$ & $0.0109393$ & $-0.0231225$ & $0.00903326$ & $0.0140275$ & $0.0101389$ & $-0.00309889$ & $-0.000538263$ & $-0.0170169$ & $-0.00685425$ & $-0.0151838$ & $0.0138909$ & $0.0320154$ & $-0.0140908$ & $-0.0635947$ & $0.0531283$ & $0.172192$ & $0.0211834$ & $-0.0595414$ & $-0.00496526$ & $-0.0770063$ & $-0.0892413$ & $-0.208871$ & $-0.0353227$ & $-0.0746354$ & $0.0363389$ & $0.0901882$ & $0.145714$ & $-0.0531748$ & $0.0081557$ & $-0.164288$ & $1$ & $0.173132$ \\
eHbbpar & $-0.128321$ & $0.0839027$ & $-0.345629$ & $0.435527$ & $-0.00275129$ & $-0.0114513$ & $0.0822371$ & $-0.0050448$ & $0.000850004$ & $0.0227748$ & $-0.0229139$ & $-0.0573228$ & $-0.0759424$ & $0.0550288$ & $-0.00229999$ & $0.0300779$ & $0.0490489$ & $0.0525498$ & $0.022804$ & $0.0222823$ & $0.0198778$ & $0.0233043$ & $-0.0578095$ & $0.0487283$ & $0.0512846$ & $0.0430673$ & $0.00183083$ & $0.00553794$ & $-0.0415299$ & $-0.00124083$ & $-0.11255$ & $0.0911321$ & $0.376048$ & $0.00107096$ & $-0.00896544$ & $0.0724404$ & $0.157751$ & $-0.0601257$ & $-0.123626$ & $-0.111995$ & $0.385096$ & $-0.0813888$ & $0.156395$ & $-0.226231$ & $0.216022$ & $-0.272258$ & $-0.194081$ & $0.173132$ & $1$ \\
