 & AlsMz & dAle5Mz & mtop & mHl & Mz & CW & CHG & CHWB & CHWHB_gaga & CHWHB_gagaorth & CHD & CHbox & CHL1_11 & CHL1_22 & CHL1_33 & CHL3_11 & CHL3_22 & CHL3_33 & CHe_11 & CHe_22 & CHe_33 & CHQ1_11 & CHQ1_33 & CHQ3_11 & CHu_11 & CHd_11 & CHd_33 & CeH_22r & CeH_33r & CuH_22r & CuH_33r & CdH_33r & CLL_1221 & eHggint & eHggpar & eHWWint & eHWWpar & eHZZint & eHZZpar & eHZgaint & eHZgapar & eHgagaint & eHmumuint & eHtautauint & eHccint & eHccpar & eHbbint & eHbbpar \\
AlsMz & $1$ & $0.187777$ & $-0.426621$ & $0.056493$ & $-0.000437708$ & $0.016714$ & $0.0328334$ & $-0.0054666$ & $-0.0181423$ & $0.0320156$ & $0.00174541$ & $0.021706$ & $0.00408764$ & $-0.0191818$ & $-0.0229304$ & $-0.00172595$ & $0.00990566$ & $0.0129072$ & $-0.00656488$ & $-0.00270667$ & $-0.00270629$ & $0.0120602$ & $-0.0162427$ & $-0.0230424$ & $-0.0153007$ & $0.0164271$ & $0.00300883$ & $-0.0124791$ & $0.0107464$ & $0.0110473$ & $0.0372932$ & $0.0361835$ & $0.011501$ & $-0.0998437$ & $-0.11232$ & $-0.118984$ & $0.0683857$ & $0.0705566$ & $0.102817$ & $0.163249$ & $-0.018059$ & $-0.545676$ & $0.131142$ & $-0.288346$ & $-0.58407$ & $0.127894$ & $-0.218454$ & $0.115041$ \\
dAle5Mz & $0.187777$ & $1$ & $-0.0984309$ & $0.191887$ & $-0.0152214$ & $0.0165581$ & $0.0286978$ & $-0.0346667$ & $-0.0320597$ & $0.0349712$ & $0.031637$ & $0.0354695$ & $-0.0181111$ & $-0.0314167$ & $-0.0251563$ & $0.0017252$ & $0.0138134$ & $0.00922254$ & $-0.0278005$ & $-0.0260527$ & $-0.0259935$ & $-0.017864$ & $0.00683717$ & $0.0050321$ & $0.0341807$ & $0.00749926$ & $-0.0183965$ & $-0.00518265$ & $0.0159353$ & $0.0108$ & $0.0467543$ & $0.0621089$ & $0.0111502$ & $0.0022882$ & $0.332565$ & $0.0857585$ & $-0.133097$ & $-0.0150627$ & $0.0536495$ & $-0.0790709$ & $0.156132$ & $0.0420062$ & $0.0762398$ & $0.182028$ & $-0.167725$ & $0.10189$ & $-0.0530361$ & $0.300594$ \\
mtop & $-0.426621$ & $-0.0984309$ & $1$ & $0.182632$ & $-0.055927$ & $-0.0156142$ & $-0.0650809$ & $0.00955356$ & $0.0259017$ & $-0.0188169$ & $-0.00445416$ & $-0.0292873$ & $-0.00543765$ & $-0.00338361$ & $-0.00259657$ & $0.00278064$ & $-0.000690568$ & $-0.00329655$ & $0.00703472$ & $0.00841793$ & $0.00587779$ & $0.0232144$ & $0.0047111$ & $0.0190646$ & $-0.00866754$ & $0.0251746$ & $0.00749386$ & $-0.00191456$ & $-0.0262544$ & $0.017963$ & $-0.0809471$ & $0.00765982$ & $0.0151887$ & $-0.2244$ & $0.181527$ & $0.171982$ & $-0.110737$ & $0.464282$ & $-0.0723149$ & $-0.23975$ & $-0.119544$ & $0.648087$ & $-0.274841$ & $0.373718$ & $0.496661$ & $0.176163$ & $0.425843$ & $0.190663$ \\
mHl & $0.056493$ & $0.191887$ & $0.182632$ & $1$ & $-0.0237346$ & $0.0130868$ & $0.00985942$ & $0.0133567$ & $0.0201955$ & $-0.00865982$ & $-0.0092908$ & $-0.00026308$ & $-0.00507494$ & $0.0226043$ & $0.0250539$ & $-0.00886032$ & $-0.0198359$ & $-0.0230796$ & $0.0124591$ & $0.00795372$ & $0.00963518$ & $-0.019298$ & $-0.0125682$ & $-0.0216806$ & $0.00438851$ & $-0.0162981$ & $0.00156561$ & $0.000697609$ & $-0.00461034$ & $0.0740827$ & $0.00156386$ & $0.00492801$ & $-0.0032953$ & $-0.421275$ & $0.13903$ & $0.0625201$ & $0.0938096$ & $0.219597$ & $-0.00734751$ & $-0.249778$ & $0.0263549$ & $0.125093$ & $0.117091$ & $-0.095358$ & $-0.0699328$ & $0.519198$ & $0.102776$ & $-0.012937$ \\
Mz & $-0.000437708$ & $-0.0152214$ & $-0.055927$ & $-0.0237346$ & $1$ & $-0.00257976$ & $-0.020569$ & $-0.00176556$ & $-0.00424255$ & $0.0115813$ & $0.00698786$ & $0.00412747$ & $0.00964272$ & $-0.00169223$ & $-0.0160976$ & $0.00482208$ & $0.00492451$ & $0.0129929$ & $-0.000714704$ & $0.00315993$ & $0.000219272$ & $0.00251051$ & $0.00407326$ & $0.0116803$ & $-0.00448423$ & $0.0139558$ & $0.00766866$ & $-0.00409842$ & $-0.0140458$ & $-0.019256$ & $-0.0259658$ & $-0.0235499$ & $-0.00370789$ & $0.00744337$ & $0.0226952$ & $0.0210747$ & $0.00949261$ & $-0.0137182$ & $-0.00505637$ & $0.0370261$ & $-0.0127477$ & $-0.0483106$ & $0.0290975$ & $0.00773535$ & $-0.0201051$ & $0.00163035$ & $-0.0120129$ & $-0.04886$ \\
CW & $0.016714$ & $0.0165581$ & $-0.0156142$ & $0.0130868$ & $-0.00257976$ & $1$ & $0.00678875$ & $-0.0441693$ & $-0.0424241$ & $0.0189502$ & $0.157697$ & $0.120025$ & $-0.0384975$ & $-0.0816626$ & $-0.0808675$ & $-0.374382$ & $-0.176163$ & $-0.175135$ & $-0.15474$ & $-0.160587$ & $-0.158197$ & $-0.0191195$ & $-0.120563$ & $-0.220617$ & $0.114765$ & $-0.0770434$ & $-0.0634511$ & $-0.00140778$ & $0.00125829$ & $-0.00745906$ & $0.0200287$ & $-0.00310635$ & $-0.100504$ & $-0.00559807$ & $-0.0021425$ & $0.00238117$ & $-0.00845093$ & $0.00297774$ & $-0.00403022$ & $-0.00835199$ & $-0.0183418$ & $-0.000250802$ & $0.0161599$ & $-0.00773368$ & $-0.0191148$ & $-0.0108118$ & $0.00128426$ & $0.000260991$ \\
CHG & $0.0328334$ & $0.0286978$ & $-0.0650809$ & $0.00985942$ & $-0.020569$ & $0.00678875$ & $1$ & $-0.0196391$ & $0.0206127$ & $0.00768295$ & $0.0204688$ & $-0.0174786$ & $-0.00956986$ & $-0.0279334$ & $-0.0187317$ & $-0.00136282$ & $0.0121925$ & $0.00477532$ & $-0.0223612$ & $-0.0196628$ & $-0.0194304$ & $-2.70991e-05$ & $0.00732632$ & $0.00689944$ & $0.0184157$ & $0.00980976$ & $-0.0123946$ & $0.0210159$ & $-0.0675453$ & $-0.056068$ & $0.918995$ & $-0.0909807$ & $0.00726057$ & $0.0708631$ & $-0.0377917$ & $0.066853$ & $0.0230764$ & $-0.0801823$ & $-0.00516383$ & $0.0385915$ & $-0.0171677$ & $-0.0131268$ & $-0.0638517$ & $-0.0125277$ & $-0.0356476$ & $-0.0590867$ & $-0.0589706$ & $0.0468797$ \\
CHWB & $-0.0054666$ & $-0.0346667$ & $0.00955356$ & $0.0133567$ & $-0.00176556$ & $-0.0441693$ & $-0.0196391$ & $1$ & $0.990196$ & $-0.567586$ & $-0.873802$ & $-0.322693$ & $0.266805$ & $0.458618$ & $0.454834$ & $-0.232235$ & $-0.418007$ & $-0.408825$ & $0.857319$ & $0.887696$ & $0.879968$ & $0.0422503$ & $-0.6351$ & $-0.382317$ & $-0.608209$ & $0.400247$ & $0.391158$ & $-0.00340159$ & $0.0220338$ & $0.0024569$ & $-0.0330303$ & $0.015459$ & $0.524283$ & $-0.00694538$ & $-0.0025873$ & $-0.00906029$ & $0.0238889$ & $0.0041062$ & $0.0297053$ & $-0.0181313$ & $0.0153637$ & $-0.00991468$ & $-0.000855346$ & $-0.00863701$ & $-0.000367297$ & $-0.0324073$ & $0.0190353$ & $-0.0226089$ \\
CHWHB_gaga & $-0.0181423$ & $-0.0320597$ & $0.0259017$ & $0.0201955$ & $-0.00424255$ & $-0.0424241$ & $0.0206127$ & $0.990196$ & $1$ & $-0.560829$ & $-0.862766$ & $-0.304003$ & $0.259502$ & $0.45253$ & $0.449352$ & $-0.234687$ & $-0.417799$ & $-0.409124$ & $0.846559$ & $0.876646$ & $0.869049$ & $0.0413945$ & $-0.631768$ & $-0.382325$ & $-0.600371$ & $0.396643$ & $0.386326$ & $0.00297922$ & $0.0408095$ & $0.0117297$ & $-0.00159961$ & $0.039981$ & $0.520406$ & $-0.0184728$ & $0.00401704$ & $-0.0158545$ & $0.0211512$ & $0.0172378$ & $0.0237962$ & $-0.0355429$ & $0.00876349$ & $0.0192784$ & $-0.00187913$ & $-0.00272461$ & $0.0166179$ & $-0.0366422$ & $0.0385928$ & $-0.0120054$ \\
CHWHB_gagaorth & $0.0320156$ & $0.0349712$ & $-0.0188169$ & $-0.00865982$ & $0.0115813$ & $0.0189502$ & $0.00768295$ & $-0.567586$ & $-0.560829$ & $1$ & $0.47274$ & $0.698835$ & $-0.108636$ & $-0.245339$ & $-0.24646$ & $0.175991$ & $0.2751$ & $0.271167$ & $-0.462727$ & $-0.48216$ & $-0.477466$ & $-0.0309076$ & $0.39042$ & $0.255948$ & $0.327079$ & $-0.232539$ & $-0.211966$ & $0.00549934$ & $-0.067585$ & $-0.0427259$ & $0.0475479$ & $-0.0923357$ & $-0.308764$ & $0.00424176$ & $0.0259548$ & $0.00786728$ & $-0.02015$ & $0.00345825$ & $-0.00532624$ & $-0.00781104$ & $-0.00381538$ & $-0.0105618$ & $0.0159372$ & $0.00616833$ & $0.000603341$ & $0.0204107$ & $0.00357955$ & $0.0224802$ \\
CHD & $0.00174541$ & $0.031637$ & $-0.00445416$ & $-0.0092908$ & $0.00698786$ & $0.157697$ & $0.0204688$ & $-0.873802$ & $-0.862766$ & $0.47274$ & $1$ & $0.449224$ & $-0.660497$ & $-0.579709$ & $-0.560478$ & $-0.240897$ & $-0.00354776$ & $-0.0152141$ & $-0.99494$ & $-0.995128$ & $-0.983212$ & $0.0180565$ & $0.223883$ & $-0.053397$ & $0.682138$ & $-0.276417$ & $-0.433771$ & $0.012943$ & $-0.0251473$ & $-0.0111891$ & $0.0480607$ & $-0.0304809$ & $-0.313132$ & $0.00671584$ & $0.00474819$ & $0.0182006$ & $-0.0226964$ & $-0.00199349$ & $-0.0253952$ & $0.0158252$ & $-0.0273467$ & $0.0120274$ & $-0.00598796$ & $0.00877987$ & $0.00274723$ & $0.0414466$ & $-0.0208981$ & $0.0251662$ \\
CHbox & $0.021706$ & $0.0354695$ & $-0.0292873$ & $-0.00026308$ & $0.00412747$ & $0.120025$ & $-0.0174786$ & $-0.322693$ & $-0.304003$ & $0.698835$ & $0.449224$ & $1$ & $-0.394572$ & $-0.194366$ & $-0.18492$ & $-0.263886$ & $-0.172922$ & $-0.1751$ & $-0.435816$ & $-0.452213$ & $-0.444484$ & $-0.0104766$ & $-0.0151492$ & $-0.187563$ & $0.310649$ & $-0.161073$ & $-0.194303$ & $0.037385$ & $0.189766$ & $0.0393074$ & $0.0810649$ & $0.213735$ & $-0.151012$ & $0.0220102$ & $0.0303232$ & $0.0121045$ & $-0.00424923$ & $-0.00478145$ & $0.00301492$ & $-0.00680877$ & $0.000221368$ & $-0.0188707$ & $0.00480387$ & $-0.00275622$ & $-0.00281561$ & $0.0307493$ & $-0.00917653$ & $0.0237548$ \\
CHL1_11 & $0.00408764$ & $-0.0181111$ & $-0.00543765$ & $-0.00507494$ & $0.00964272$ & $-0.0384975$ & $-0.00956986$ & $0.266805$ & $0.259502$ & $-0.108636$ & $-0.660497$ & $-0.394572$ & $1$ & $0.418488$ & $0.385006$ & $0.629131$ & $0.579571$ & $0.589875$ & $0.67124$ & $0.632575$ & $0.619728$ & $-0.0980557$ & $0.435073$ & $0.591066$ & $-0.432764$ & $-0.0478678$ & $0.270864$ & $-0.0241239$ & $0.0146074$ & $0.011656$ & $-0.0419871$ & $0.0332194$ & $-0.188518$ & $-0.00242955$ & $-0.0064408$ & $-0.0216367$ & $0.0118193$ & $0.00179726$ & $0.00207439$ & $-0.0076529$ & $0.0285686$ & $-0.00801296$ & $0.0146638$ & $-0.00304201$ & $-0.00494776$ & $-0.0385025$ & $0.0170972$ & $-0.0181638$ \\
CHL1_22 & $-0.0191818$ & $-0.0314167$ & $-0.00338361$ & $0.0226043$ & $-0.00169223$ & $-0.0816626$ & $-0.0279334$ & $0.458618$ & $0.45253$ & $-0.245339$ & $-0.579709$ & $-0.194366$ & $0.418488$ & $1$ & $0.5286$ & $0.178171$ & $-0.31078$ & $0.0108019$ & $0.622201$ & $0.523672$ & $0.516096$ & $-0.170898$ & $0.0432156$ & $-0.0561673$ & $-0.360197$ & $-0.290825$ & $0.220964$ & $0.00814862$ & $0.00934874$ & $0.00748588$ & $-0.0417328$ & $0.013891$ & $-0.477107$ & $-0.00457406$ & $-0.00644226$ & $0.00330099$ & $0.00165643$ & $0.00208566$ & $0.0248417$ & $-0.0109496$ & $0.0254658$ & $-0.00609659$ & $0.0109886$ & $-0.0207283$ & $-0.0112139$ & $-0.0332917$ & $0.00833729$ & $-0.0249563$ \\
CHL1_33 & $-0.0229304$ & $-0.0251563$ & $-0.00259657$ & $0.0250539$ & $-0.0160976$ & $-0.0808675$ & $-0.0187317$ & $0.454834$ & $0.449352$ & $-0.24646$ & $-0.560478$ & $-0.18492$ & $0.385006$ & $0.5286$ & $1$ & $0.15104$ & $-0.0164049$ & $-0.319503$ & $0.602848$ & $0.50642$ & $0.516622$ & $-0.166033$ & $0.0240978$ & $-0.0811303$ & $-0.351813$ & $-0.289904$ & $0.216516$ & $-0.00439843$ & $0.00771509$ & $0.0112408$ & $-0.0302377$ & $0.0141463$ & $-0.01957$ & $-0.00638578$ & $-0.00400306$ & $0.0105909$ & $0.00265209$ & $0.00626948$ & $0.0180389$ & $-0.00765071$ & $0.0293219$ & $-0.0116722$ & $0.0122078$ & $-0.0116166$ & $-0.0111999$ & $-0.0139004$ & $1.28495e-05$ & $-0.0253793$ \\
CHL3_11 & $-0.00172595$ & $0.0017252$ & $0.00278064$ & $-0.00886032$ & $0.00482208$ & $-0.374382$ & $-0.00136282$ & $-0.232235$ & $-0.234687$ & $0.175991$ & $-0.240897$ & $-0.263886$ & $0.629131$ & $0.178171$ & $0.15104$ & $1$ & $0.816258$ & $0.819897$ & $0.252189$ & $0.217976$ & $0.210514$ & $-0.0777519$ & $0.752425$ & $0.860168$ & $-0.150585$ & $-0.134626$ & $0.0881256$ & $-0.016228$ & $0.00812211$ & $0.0195634$ & $-0.0304904$ & $0.0293897$ & $-0.263085$ & $-0.000338497$ & $-0.0030283$ & $-0.0171643$ & $-0.00143599$ & $-0.00465992$ & $-0.00824578$ & $0.00697038$ & $0.0196791$ & $0.00354799$ & $0.00639858$ & $0.00412089$ & $0.00664917$ & $-0.0125817$ & $0.00610356$ & $-0.00407348$ \\
CHL3_22 & $0.00990566$ & $0.0138134$ & $-0.000690568$ & $-0.0198359$ & $0.00492451$ & $-0.176163$ & $0.0121925$ & $-0.418007$ & $-0.417799$ & $0.2751$ & $-0.00354776$ & $-0.172922$ & $0.579571$ & $-0.31078$ & $-0.0164049$ & $0.816258$ & $1$ & $0.781984$ & $0.0025494$ & $-7.67541e-05$ & $-0.00360829$ & $-0.0195407$ & $0.737206$ & $0.865332$ & $-0.000531007$ & $-0.0462438$ & $-0.0027297$ & $-0.0248234$ & $0.00171164$ & $0.0132146$ & $-0.00990681$ & $0.0218901$ & $-0.0735705$ & $0.00215043$ & $-0.00132792$ & $-0.018983$ & $-0.00113444$ & $-0.00329777$ & $-0.0216787$ & $0.00891626$ & $0.0094211$ & $0.00223679$ & $0.00566999$ & $0.0131491$ & $0.00684031$ & $-0.00108859$ & $0.00309377$ & $0.00406665$ \\
CHL3_33 & $0.0129072$ & $0.00922254$ & $-0.00329655$ & $-0.0230796$ & $0.0129929$ & $-0.175135$ & $0.00477532$ & $-0.408825$ & $-0.409124$ & $0.271167$ & $-0.0152141$ & $-0.1751$ & $0.589875$ & $0.0108019$ & $-0.319503$ & $0.819897$ & $0.781984$ & $1$ & $0.0141863$ & $0.0112332$ & $0.00819441$ & $-0.0203661$ & $0.736499$ & $0.869081$ & $-0.00599369$ & $-0.0413511$ & $0.00080079$ & $-0.0160043$ & $0.00342897$ & $0.00941291$ & $-0.0184883$ & $0.0219332$ & $-0.381954$ & $0.00246198$ & $-0.00248458$ & $-0.0249198$ & $-0.00261811$ & $-0.00468373$ & $-0.0167126$ & $0.00559181$ & $0.00587917$ & $0.00591792$ & $0.00524449$ & $0.00684548$ & $0.00681543$ & $-0.0156349$ & $0.00853859$ & $0.00507304$ \\
CHe_11 & $-0.00656488$ & $-0.0278005$ & $0.00703472$ & $0.0124591$ & $-0.000714704$ & $-0.15474$ & $-0.0223612$ & $0.857319$ & $0.846559$ & $-0.462727$ & $-0.99494$ & $-0.435816$ & $0.67124$ & $0.622201$ & $0.602848$ & $0.252189$ & $0.0025494$ & $0.0141863$ & $1$ & $0.984846$ & $0.973118$ & $-0.0366649$ & $-0.190197$ & $0.0576072$ & $-0.675352$ & $0.221931$ & $0.428771$ & $-0.0119901$ & $0.0232725$ & $0.0115296$ & $-0.0496679$ & $0.0292317$ & $0.255782$ & $-0.00713505$ & $-0.0026407$ & $-0.0151024$ & $0.0199254$ & $0.00290712$ & $0.0260507$ & $-0.016928$ & $0.0283842$ & $-0.00944936$ & $0.00617167$ & $-0.00729041$ & $-0.00208711$ & $-0.0408743$ & $0.0212838$ & $-0.0255023$ \\
CHe_22 & $-0.00270667$ & $-0.0260527$ & $0.00841793$ & $0.00795372$ & $0.00315993$ & $-0.160587$ & $-0.0196628$ & $0.887696$ & $0.876646$ & $-0.48216$ & $-0.995128$ & $-0.452213$ & $0.632575$ & $0.523672$ & $0.50642$ & $0.217976$ & $-7.67541e-05$ & $0.0112332$ & $0.984846$ & $1$ & $0.986158$ & $0.0039599$ & $-0.265519$ & $0.0428124$ & $-0.683791$ & $0.337946$ & $0.436495$ & $-0.0132746$ & $0.0256959$ & $0.0100582$ & $-0.0469241$ & $0.0303532$ & $0.379599$ & $-0.00646159$ & $-0.00140342$ & $-0.0183526$ & $0.0227346$ & $0.0025206$ & $0.0249497$ & $-0.0169226$ & $0.0261391$ & $-0.00855335$ & $0.00373292$ & $-0.00488807$ & $0.000702938$ & $-0.0403353$ & $0.022764$ & $-0.0219504$ \\
CHe_33 & $-0.00270629$ & $-0.0259935$ & $0.00587779$ & $0.00963518$ & $0.000219272$ & $-0.158197$ & $-0.0194304$ & $0.879968$ & $0.869049$ & $-0.477466$ & $-0.983212$ & $-0.444484$ & $0.619728$ & $0.516096$ & $0.516622$ & $0.210514$ & $-0.00360829$ & $0.00819441$ & $0.973118$ & $0.986158$ & $1$ & $0.00620492$ & $-0.266953$ & $0.0388248$ & $-0.676$ & $0.337493$ & $0.432537$ & $-0.0133396$ & $0.0250252$ & $0.0100874$ & $-0.0460063$ & $0.030552$ & $0.381044$ & $-0.00723716$ & $-0.00152983$ & $-0.0179891$ & $0.0225198$ & $0.00239414$ & $0.0236027$ & $-0.0169702$ & $0.0261466$ & $-0.00895481$ & $0.00507234$ & $-0.00572181$ & $-0.000960422$ & $-0.0396728$ & $0.0227925$ & $-0.0243922$ \\
CHQ1_11 & $0.0120602$ & $-0.017864$ & $0.0232144$ & $-0.019298$ & $0.00251051$ & $-0.0191195$ & $-2.70991e-05$ & $0.0422503$ & $0.0413945$ & $-0.0309076$ & $0.0180565$ & $-0.0104766$ & $-0.0980557$ & $-0.170898$ & $-0.166033$ & $-0.0777519$ & $-0.0195407$ & $-0.0203661$ & $-0.0366649$ & $0.0039599$ & $0.00620492$ & $1$ & $-0.134142$ & $0.0381084$ & $-0.580142$ & $0.349716$ & $0.01098$ & $-0.00950477$ & $-0.0023619$ & $-0.00942024$ & $0.00032442$ & $-0.0104528$ & $0.204462$ & $0.00920343$ & $-0.0166251$ & $-0.00260593$ & $0.0141512$ & $0.00563531$ & $0.00537909$ & $-0.00269526$ & $-0.0142272$ & $-0.00285162$ & $-0.0153144$ & $0.0353236$ & $0.00126785$ & $-0.00195248$ & $0.00160624$ & $-0.00152389$ \\
CHQ1_33 & $-0.0162427$ & $0.00683717$ & $0.0047111$ & $-0.0125682$ & $0.00407326$ & $-0.120563$ & $0.00732632$ & $-0.6351$ & $-0.631768$ & $0.39042$ & $0.223883$ & $-0.0151492$ & $0.435073$ & $0.0432156$ & $0.0240978$ & $0.752425$ & $0.737206$ & $0.736499$ & $-0.190197$ & $-0.265519$ & $-0.266953$ & $-0.134142$ & $1$ & $0.751695$ & $0.180774$ & $-0.395124$ & $-0.0463731$ & $-0.0110903$ & $-0.00658714$ & $0.00774774$ & $-0.00618388$ & $0.0115777$ & $-0.617317$ & $0.00456982$ & $-0.00377417$ & $-0.00235203$ & $-0.0160639$ & $-0.00134717$ & $-0.0208215$ & $0.00837909$ & $0.00875789$ & $0.0154027$ & $0.00314989$ & $0.00934173$ & $0.0127977$ & $-0.00110763$ & $-0.00311001$ & $0.0028132$ \\
CHQ3_11 & $-0.0230424$ & $0.0050321$ & $0.0190646$ & $-0.0216806$ & $0.0116803$ & $-0.220617$ & $0.00689944$ & $-0.382317$ & $-0.382325$ & $0.255948$ & $-0.053397$ & $-0.187563$ & $0.591066$ & $-0.0561673$ & $-0.0811303$ & $0.860168$ & $0.865332$ & $0.869081$ & $0.0576072$ & $0.0428124$ & $0.0388248$ & $0.0381084$ & $0.751695$ & $1$ & $-0.0280014$ & $0.126209$ & $0.0158916$ & $-0.0199071$ & $-0.00202603$ & $0.00926621$ & $-0.019565$ & $0.0194407$ & $-0.262411$ & $0.00717403$ & $0.00764828$ & $-0.0207026$ & $-0.00421779$ & $-0.00324672$ & $-0.0218771$ & $-0.00392826$ & $-0.00157275$ & $0.0268777$ & $-0.000447031$ & $0.0232909$ & $0.0366106$ & $-0.00473245$ & $0.0162405$ & $0.0081757$ \\
CHu_11 & $-0.0153007$ & $0.0341807$ & $-0.00866754$ & $0.00438851$ & $-0.00448423$ & $0.114765$ & $0.0184157$ & $-0.608209$ & $-0.600371$ & $0.327079$ & $0.682138$ & $0.310649$ & $-0.432764$ & $-0.360197$ & $-0.351813$ & $-0.150585$ & $-0.000531007$ & $-0.00599369$ & $-0.675352$ & $-0.683791$ & $-0.676$ & $-0.580142$ & $0.180774$ & $-0.0280014$ & $1$ & $-0.204234$ & $-0.301521$ & $0.0168066$ & $-0.0178551$ & $-0.00612542$ & $0.0370834$ & $-0.0177807$ & $-0.260198$ & $0.00522871$ & $0.017592$ & $0.00659535$ & $-0.0237051$ & $-0.00618016$ & $-0.0198233$ & $0.00741485$ & $-0.0175496$ & $0.0186975$ & $0.00197052$ & $-0.0127596$ & $0.0140233$ & $0.0348817$ & $-0.0107558$ & $0.0187412$ \\
CHd_11 & $0.0164271$ & $0.00749926$ & $0.0251746$ & $-0.0162981$ & $0.0139558$ & $-0.0770434$ & $0.00980976$ & $0.400247$ & $0.396643$ & $-0.232539$ & $-0.276417$ & $-0.161073$ & $-0.0478678$ & $-0.290825$ & $-0.289904$ & $-0.134626$ & $-0.0462438$ & $-0.0413511$ & $0.221931$ & $0.337946$ & $0.337493$ & $0.349716$ & $-0.395124$ & $0.126209$ & $-0.204234$ & $1$ & $0.146366$ & $-0.0100533$ & $0.00599086$ & $-0.0100661$ & $4.81068e-05$ & $0.00237016$ & $0.670432$ & $0.00414394$ & $0.0141664$ & $-0.0264183$ & $0.0166418$ & $0.00457273$ & $0.00246739$ & $-0.0167324$ & $-0.0284991$ & $0.0120956$ & $-0.0156378$ & $0.0215409$ & $0.0326169$ & $0.0054258$ & $0.0194703$ & $0.0206474$ \\
CHd_33 & $0.00300883$ & $-0.0183965$ & $0.00749386$ & $0.00156561$ & $0.00766866$ & $-0.0634511$ & $-0.0123946$ & $0.391158$ & $0.386326$ & $-0.211966$ & $-0.433771$ & $-0.194303$ & $0.270864$ & $0.220964$ & $0.216516$ & $0.0881256$ & $-0.0027297$ & $0.00080079$ & $0.428771$ & $0.436495$ & $0.432537$ & $0.01098$ & $-0.0463731$ & $0.0158916$ & $-0.301521$ & $0.146366$ & $1$ & $-0.00468427$ & $0.0152526$ & $-0.00349025$ & $-0.0242313$ & $0.0148309$ & $0.176784$ & $-0.00685479$ & $-0.00962416$ & $-0.0186676$ & $0.0222976$ & $-0.00107633$ & $0.00831043$ & $-0.00503191$ & $0.00835028$ & $-0.00431496$ & $-0.00368616$ & $0.00211903$ & $0.00605931$ & $-0.0161742$ & $0.00317838$ & $-0.0083691$ \\
CeH_22r & $-0.0124791$ & $-0.00518265$ & $-0.00191456$ & $0.000697609$ & $-0.00409842$ & $-0.00140778$ & $0.0210159$ & $-0.00340159$ & $0.00297922$ & $0.00549934$ & $0.012943$ & $0.037385$ & $-0.0241239$ & $0.00814862$ & $-0.00439843$ & $-0.016228$ & $-0.0248234$ & $-0.0160043$ & $-0.0119901$ & $-0.0132746$ & $-0.0133396$ & $-0.00950477$ & $-0.0110903$ & $-0.0199071$ & $0.0168066$ & $-0.0100533$ & $-0.00468427$ & $1$ & $0.0400039$ & $0.0179184$ & $0.00197633$ & $0.0377456$ & $-0.00944975$ & $-0.0161126$ & $0.00842952$ & $-0.00628131$ & $0.0133214$ & $-0.00850445$ & $-0.0039769$ & $0.00226084$ & $-0.00737891$ & $0.00851178$ & $0.0201897$ & $-0.00990579$ & $0.0103887$ & $0.013273$ & $0.00402673$ & $0.0052017$ \\
CeH_33r & $0.0107464$ & $0.0159353$ & $-0.0262544$ & $-0.00461034$ & $-0.0140458$ & $0.00125829$ & $-0.0675453$ & $0.0220338$ & $0.0408095$ & $-0.067585$ & $-0.0251473$ & $0.189766$ & $0.0146074$ & $0.00934874$ & $0.00771509$ & $0.00812211$ & $0.00171164$ & $0.00342897$ & $0.0232725$ & $0.0256959$ & $0.0250252$ & $-0.0023619$ & $-0.00658714$ & $-0.00202603$ & $-0.0178551$ & $0.00599086$ & $0.0152526$ & $0.0400039$ & $1$ & $0.31247$ & $0.0954054$ & $0.692883$ & $0.0140516$ & $-0.000179363$ & $-0.0156054$ & $-0.0453829$ & $-0.0123424$ & $-0.0010652$ & $-0.00158239$ & $-0.0143325$ & $-0.00354712$ & $0.00286932$ & $0.0123828$ & $-0.015089$ & $0.000825068$ & $-0.0217808$ & $0.00397911$ & $0.012092$ \\
CuH_22r & $0.0110473$ & $0.0108$ & $0.017963$ & $0.0740827$ & $-0.019256$ & $-0.00745906$ & $-0.056068$ & $0.0024569$ & $0.0117297$ & $-0.0427259$ & $-0.0111891$ & $0.0393074$ & $0.011656$ & $0.00748588$ & $0.0112408$ & $0.0195634$ & $0.0132146$ & $0.00941291$ & $0.0115296$ & $0.0100582$ & $0.0100874$ & $-0.00942024$ & $0.00774774$ & $0.00926621$ & $-0.00612542$ & $-0.0100661$ & $-0.00349025$ & $0.0179184$ & $0.31247$ & $1$ & $0.0423861$ & $0.394692$ & $-0.000531539$ & $-0.0222873$ & $0.01691$ & $-0.0161869$ & $0.00485436$ & $-0.0149409$ & $-0.0113895$ & $-0.00165152$ & $-0.000519101$ & $-0.00411251$ & $0.00101941$ & $-0.0465847$ & $0.0126795$ & $0.123971$ & $-0.0213356$ & $0.0217395$ \\
CuH_33r & $0.0372932$ & $0.0467543$ & $-0.0809471$ & $0.00156386$ & $-0.0259658$ & $0.0200287$ & $0.918995$ & $-0.0330303$ & $-0.00159961$ & $0.0475479$ & $0.0480607$ & $0.0810649$ & $-0.0419871$ & $-0.0417328$ & $-0.0302377$ & $-0.0304904$ & $-0.00990681$ & $-0.0184883$ & $-0.0496679$ & $-0.0469241$ & $-0.0460063$ & $0.00032442$ & $-0.00618388$ & $-0.019565$ & $0.0370834$ & $4.81068e-05$ & $-0.0242313$ & $0.00197633$ & $0.0954054$ & $0.0423861$ & $1$ & $0.131954$ & $0.00510475$ & $0.0955331$ & $-0.0238067$ & $0.0642065$ & $0.0260469$ & $-0.0879686$ & $0.000489456$ & $0.0366753$ & $-0.0115618$ & $-0.0165114$ & $-0.0734908$ & $-0.00995003$ & $-0.0365346$ & $-0.0637752$ & $-0.0640801$ & $0.0661746$ \\
CdH_33r & $0.0361835$ & $0.0621089$ & $0.00765982$ & $0.00492801$ & $-0.0235499$ & $-0.00310635$ & $-0.0909807$ & $0.015459$ & $0.039981$ & $-0.0923357$ & $-0.0304809$ & $0.213735$ & $0.0332194$ & $0.013891$ & $0.0141463$ & $0.0293897$ & $0.0218901$ & $0.0219332$ & $0.0292317$ & $0.0303532$ & $0.030552$ & $-0.0104528$ & $0.0115777$ & $0.0194407$ & $-0.0177807$ & $0.00237016$ & $0.0148309$ & $0.0377456$ & $0.692883$ & $0.394692$ & $0.131954$ & $1$ & $0.004725$ & $-0.062287$ & $0.0734743$ & $-0.146399$ & $-0.00537051$ & $0.0817278$ & $0.00619376$ & $-0.126383$ & $0.00554001$ & $0.0860696$ & $0.0224144$ & $-0.0206287$ & $0.0579952$ & $0.00461185$ & $0.0994992$ & $0.193414$ \\
CLL_1221 & $0.011501$ & $0.0111502$ & $0.0151887$ & $-0.0032953$ & $-0.00370789$ & $-0.100504$ & $0.00726057$ & $0.524283$ & $0.520406$ & $-0.308764$ & $-0.313132$ & $-0.151012$ & $-0.188518$ & $-0.477107$ & $-0.01957$ & $-0.263085$ & $-0.0735705$ & $-0.381954$ & $0.255782$ & $0.379599$ & $0.381044$ & $0.204462$ & $-0.617317$ & $-0.262411$ & $-0.260198$ & $0.670432$ & $0.176784$ & $-0.00944975$ & $0.0140516$ & $-0.000531539$ & $0.00510475$ & $0.004725$ & $1$ & $-0.00281064$ & $0.00869872$ & $-0.00968475$ & $0.0185493$ & $7.95534e-05$ & $0.0069085$ & $-0.00518811$ & $-0.0053269$ & $-0.00126018$ & $-0.0117729$ & $0.014292$ & $0.0110005$ & $0.00526458$ & $0.00855502$ & $0.00571166$ \\
eHggint & $-0.0998437$ & $0.0022882$ & $-0.2244$ & $-0.421275$ & $0.00744337$ & $-0.00559807$ & $0.0708631$ & $-0.00694538$ & $-0.0184728$ & $0.00424176$ & $0.00671584$ & $0.0220102$ & $-0.00242955$ & $-0.00457406$ & $-0.00638578$ & $-0.000338497$ & $0.00215043$ & $0.00246198$ & $-0.00713505$ & $-0.00646159$ & $-0.00723716$ & $0.00920343$ & $0.00456982$ & $0.00717403$ & $0.00522871$ & $0.00414394$ & $-0.00685479$ & $-0.0161126$ & $-0.000179363$ & $-0.0222873$ & $0.0955331$ & $-0.062287$ & $-0.00281064$ & $1$ & $-0.179075$ & $0.126844$ & $0.0736966$ & $-0.400508$ & $0.125025$ & $0.302086$ & $0.0858258$ & $-0.376971$ & $-0.399502$ & $0.0990934$ & $-0.0413259$ & $-0.12774$ & $-0.456137$ & $-0.161679$ \\
eHggpar & $-0.11232$ & $0.332565$ & $0.181527$ & $0.13903$ & $0.0226952$ & $-0.0021425$ & $-0.0377917$ & $-0.0025873$ & $0.00401704$ & $0.0259548$ & $0.00474819$ & $0.0303232$ & $-0.0064408$ & $-0.00644226$ & $-0.00400306$ & $-0.0030283$ & $-0.00132792$ & $-0.00248458$ & $-0.0026407$ & $-0.00140342$ & $-0.00152983$ & $-0.0166251$ & $-0.00377417$ & $0.00764828$ & $0.017592$ & $0.0141664$ & $-0.00962416$ & $0.00842952$ & $-0.0156054$ & $0.01691$ & $-0.0238067$ & $0.0734743$ & $0.00869872$ & $-0.179075$ & $1$ & $0.0997311$ & $0.0196053$ & $0.311839$ & $0.12455$ & $-0.36755$ & $0.0042059$ & $0.369166$ & $0.0920257$ & $0.321474$ & $0.305533$ & $0.314091$ & $0.345119$ & $0.515635$ \\
eHWWint & $-0.118984$ & $0.0857585$ & $0.171982$ & $0.0625201$ & $0.0210747$ & $0.00238117$ & $0.066853$ & $-0.00906029$ & $-0.0158545$ & $0.00786728$ & $0.0182006$ & $0.0121045$ & $-0.0216367$ & $0.00330099$ & $0.0105909$ & $-0.0171643$ & $-0.018983$ & $-0.0249198$ & $-0.0151024$ & $-0.0183526$ & $-0.0179891$ & $-0.00260593$ & $-0.00235203$ & $-0.0207026$ & $0.00659535$ & $-0.0264183$ & $-0.0186676$ & $-0.00628131$ & $-0.0453829$ & $-0.0161869$ & $0.0642065$ & $-0.146399$ & $-0.00968475$ & $0.126844$ & $0.0997311$ & $1$ & $-0.0624053$ & $-0.174885$ & $-0.0019097$ & $0.443666$ & $0.0116955$ & $-0.147767$ & $-0.0868282$ & $0.443256$ & $-0.144658$ & $0.0459505$ & $-0.361212$ & $-0.266309$ \\
eHWWpar & $0.0683857$ & $-0.133097$ & $-0.110737$ & $0.0938096$ & $0.00949261$ & $-0.00845093$ & $0.0230764$ & $0.0238889$ & $0.0211512$ & $-0.02015$ & $-0.0226964$ & $-0.00424923$ & $0.0118193$ & $0.00165643$ & $0.00265209$ & $-0.00143599$ & $-0.00113444$ & $-0.00261811$ & $0.0199254$ & $0.0227346$ & $0.0225198$ & $0.0141512$ & $-0.0160639$ & $-0.00421779$ & $-0.0237051$ & $0.0166418$ & $0.0222976$ & $0.0133214$ & $-0.0123424$ & $0.00485436$ & $0.0260469$ & $-0.00537051$ & $0.0185493$ & $0.0736966$ & $0.0196053$ & $-0.0624053$ & $1$ & $-0.0626347$ & $0.0261119$ & $0.0776617$ & $0.00954008$ & $-0.1162$ & $-0.00193019$ & $-0.0828822$ & $-0.0574319$ & $0.0840812$ & $-0.0565156$ & $-0.00418501$ \\
eHZZint & $0.0705566$ & $-0.0150627$ & $0.464282$ & $0.219597$ & $-0.0137182$ & $0.00297774$ & $-0.0801823$ & $0.0041062$ & $0.0172378$ & $0.00345825$ & $-0.00199349$ & $-0.00478145$ & $0.00179726$ & $0.00208566$ & $0.00626948$ & $-0.00465992$ & $-0.00329777$ & $-0.00468373$ & $0.00290712$ & $0.0025206$ & $0.00239414$ & $0.00563531$ & $-0.00134717$ & $-0.00324672$ & $-0.00618016$ & $0.00457273$ & $-0.00107633$ & $-0.00850445$ & $-0.0010652$ & $-0.0149409$ & $-0.0879686$ & $0.0817278$ & $7.95534e-05$ & $-0.400508$ & $0.311839$ & $-0.174885$ & $-0.0626347$ & $1$ & $-0.0566884$ & $-0.537591$ & $-0.133538$ & $0.511802$ & $-0.0146571$ & $0.327309$ & $0.248764$ & $-0.0148534$ & $0.598234$ & $0.351048$ \\
eHZZpar & $0.102817$ & $0.0536495$ & $-0.0723149$ & $-0.00734751$ & $-0.00505637$ & $-0.00403022$ & $-0.00516383$ & $0.0297053$ & $0.0237962$ & $-0.00532624$ & $-0.0253952$ & $0.00301492$ & $0.00207439$ & $0.0248417$ & $0.0180389$ & $-0.00824578$ & $-0.0216787$ & $-0.0167126$ & $0.0260507$ & $0.0249497$ & $0.0236027$ & $0.00537909$ & $-0.0208215$ & $-0.0218771$ & $-0.0198233$ & $0.00246739$ & $0.00831043$ & $-0.0039769$ & $-0.00158239$ & $-0.0113895$ & $0.000489456$ & $0.00619376$ & $0.0069085$ & $0.125025$ & $0.12455$ & $-0.0019097$ & $0.0261119$ & $-0.0566884$ & $1$ & $-0.0181555$ & $0.0553855$ & $-0.201767$ & $0.0319362$ & $-0.0290785$ & $-0.0233113$ & $-0.0398032$ & $-0.164688$ & $0.115837$ \\
eHZgaint & $0.163249$ & $-0.0790709$ & $-0.23975$ & $-0.249778$ & $0.0370261$ & $-0.00835199$ & $0.0385915$ & $-0.0181313$ & $-0.0355429$ & $-0.00781104$ & $0.0158252$ & $-0.00680877$ & $-0.0076529$ & $-0.0109496$ & $-0.00765071$ & $0.00697038$ & $0.00891626$ & $0.00559181$ & $-0.016928$ & $-0.0169226$ & $-0.0169702$ & $-0.00269526$ & $0.00837909$ & $-0.00392826$ & $0.00741485$ & $-0.0167324$ & $-0.00503191$ & $0.00226084$ & $-0.0143325$ & $-0.00165152$ & $0.0366753$ & $-0.126383$ & $-0.00518811$ & $0.302086$ & $-0.36755$ & $0.443666$ & $0.0776617$ & $-0.537591$ & $-0.0181555$ & $1$ & $0.00506085$ & $-0.557553$ & $-0.0660206$ & $-0.109371$ & $-0.455437$ & $0.0179041$ & $-0.611933$ & $-0.435135$ \\
eHZgapar & $-0.018059$ & $0.156132$ & $-0.119544$ & $0.0263549$ & $-0.0127477$ & $-0.0183418$ & $-0.0171677$ & $0.0153637$ & $0.00876349$ & $-0.00381538$ & $-0.0273467$ & $0.000221368$ & $0.0285686$ & $0.0254658$ & $0.0293219$ & $0.0196791$ & $0.0094211$ & $0.00587917$ & $0.0283842$ & $0.0261391$ & $0.0261466$ & $-0.0142272$ & $0.00875789$ & $-0.00157275$ & $-0.0175496$ & $-0.0284991$ & $0.00835028$ & $-0.00737891$ & $-0.00354712$ & $-0.000519101$ & $-0.0115618$ & $0.00554001$ & $-0.0053269$ & $0.0858258$ & $0.0042059$ & $0.0116955$ & $0.00954008$ & $-0.133538$ & $0.0553855$ & $0.00506085$ & $1$ & $-0.171784$ & $-0.173283$ & $-0.142079$ & $-0.133958$ & $0.0434454$ & $-0.10019$ & $-0.00310035$ \\
eHgagaint & $-0.545676$ & $0.0420062$ & $0.648087$ & $0.125093$ & $-0.0483106$ & $-0.000250802$ & $-0.0131268$ & $-0.00991468$ & $0.0192784$ & $-0.0105618$ & $0.0120274$ & $-0.0188707$ & $-0.00801296$ & $-0.00609659$ & $-0.0116722$ & $0.00354799$ & $0.00223679$ & $0.00591792$ & $-0.00944936$ & $-0.00855335$ & $-0.00895481$ & $-0.00285162$ & $0.0154027$ & $0.0268777$ & $0.0186975$ & $0.0120956$ & $-0.00431496$ & $0.00851178$ & $0.00286932$ & $-0.00411251$ & $-0.0165114$ & $0.0860696$ & $-0.00126018$ & $-0.376971$ & $0.369166$ & $-0.147767$ & $-0.1162$ & $0.511802$ & $-0.201767$ & $-0.557553$ & $-0.171784$ & $1$ & $-0.0357288$ & $0.334538$ & $0.644197$ & $-0.114905$ & $0.681119$ & $0.322994$ \\
eHmumuint & $0.131142$ & $0.0762398$ & $-0.274841$ & $0.117091$ & $0.0290975$ & $0.0161599$ & $-0.0638517$ & $-0.000855346$ & $-0.00187913$ & $0.0159372$ & $-0.00598796$ & $0.00480387$ & $0.0146638$ & $0.0109886$ & $0.0122078$ & $0.00639858$ & $0.00566999$ & $0.00524449$ & $0.00617167$ & $0.00373292$ & $0.00507234$ & $-0.0153144$ & $0.00314989$ & $-0.000447031$ & $0.00197052$ & $-0.0156378$ & $-0.00368616$ & $0.0201897$ & $0.0123828$ & $0.00101941$ & $-0.0734908$ & $0.0224144$ & $-0.0117729$ & $-0.399502$ & $0.0920257$ & $-0.0868282$ & $-0.00193019$ & $-0.0146571$ & $0.0319362$ & $-0.0660206$ & $-0.173283$ & $-0.0357288$ & $1$ & $0.120911$ & $-0.0140242$ & $-0.0372788$ & $0.066388$ & $0.0515232$ \\
eHtautauint & $-0.288346$ & $0.182028$ & $0.373718$ & $-0.095358$ & $0.00773535$ & $-0.00773368$ & $-0.0125277$ & $-0.00863701$ & $-0.00272461$ & $0.00616833$ & $0.00877987$ & $-0.00275622$ & $-0.00304201$ & $-0.0207283$ & $-0.0116166$ & $0.00412089$ & $0.0131491$ & $0.00684548$ & $-0.00729041$ & $-0.00488807$ & $-0.00572181$ & $0.0353236$ & $0.00934173$ & $0.0232909$ & $-0.0127596$ & $0.0215409$ & $0.00211903$ & $-0.00990579$ & $-0.015089$ & $-0.0465847$ & $-0.00995003$ & $-0.0206287$ & $0.014292$ & $0.0990934$ & $0.321474$ & $0.443256$ & $-0.0828822$ & $0.327309$ & $-0.0290785$ & $-0.109371$ & $-0.142079$ & $0.334538$ & $0.120911$ & $1$ & $0.347728$ & $-0.203784$ & $0.041418$ & $0.216373$ \\
eHccint & $-0.58407$ & $-0.167725$ & $0.496661$ & $-0.0699328$ & $-0.0201051$ & $-0.0191148$ & $-0.0356476$ & $-0.000367297$ & $0.0166179$ & $0.000603341$ & $0.00274723$ & $-0.00281561$ & $-0.00494776$ & $-0.0112139$ & $-0.0111999$ & $0.00664917$ & $0.00684031$ & $0.00681543$ & $-0.00208711$ & $0.000702938$ & $-0.000960422$ & $0.00126785$ & $0.0127977$ & $0.0366106$ & $0.0140233$ & $0.0326169$ & $0.00605931$ & $0.0103887$ & $0.000825068$ & $0.0126795$ & $-0.0365346$ & $0.0579952$ & $0.0110005$ & $-0.0413259$ & $0.305533$ & $-0.144658$ & $-0.0574319$ & $0.248764$ & $-0.0233113$ & $-0.455437$ & $-0.133958$ & $0.644197$ & $-0.0140242$ & $0.347728$ & $1$ & $0.0215289$ & $0.375685$ & $0.335856$ \\
eHccpar & $0.127894$ & $0.10189$ & $0.176163$ & $0.519198$ & $0.00163035$ & $-0.0108118$ & $-0.0590867$ & $-0.0324073$ & $-0.0366422$ & $0.0204107$ & $0.0414466$ & $0.0307493$ & $-0.0385025$ & $-0.0332917$ & $-0.0139004$ & $-0.0125817$ & $-0.00108859$ & $-0.0156349$ & $-0.0408743$ & $-0.0403353$ & $-0.0396728$ & $-0.00195248$ & $-0.00110763$ & $-0.00473245$ & $0.0348817$ & $0.0054258$ & $-0.0161742$ & $0.013273$ & $-0.0217808$ & $0.123971$ & $-0.0637752$ & $0.00461185$ & $0.00526458$ & $-0.12774$ & $0.314091$ & $0.0459505$ & $0.0840812$ & $-0.0148534$ & $-0.0398032$ & $0.0179041$ & $0.0434454$ & $-0.114905$ & $-0.0372788$ & $-0.203784$ & $0.0215289$ & $1$ & $-0.100489$ & $0.175099$ \\
eHbbint & $-0.218454$ & $-0.0530361$ & $0.425843$ & $0.102776$ & $-0.0120129$ & $0.00128426$ & $-0.0589706$ & $0.0190353$ & $0.0385928$ & $0.00357955$ & $-0.0208981$ & $-0.00917653$ & $0.0170972$ & $0.00833729$ & $1.28495e-05$ & $0.00610356$ & $0.00309377$ & $0.00853859$ & $0.0212838$ & $0.022764$ & $0.0227925$ & $0.00160624$ & $-0.00311001$ & $0.0162405$ & $-0.0107558$ & $0.0194703$ & $0.00317838$ & $0.00402673$ & $0.00397911$ & $-0.0213356$ & $-0.0640801$ & $0.0994992$ & $0.00855502$ & $-0.456137$ & $0.345119$ & $-0.361212$ & $-0.0565156$ & $0.598234$ & $-0.164688$ & $-0.611933$ & $-0.10019$ & $0.681119$ & $0.066388$ & $0.041418$ & $0.375685$ & $-0.100489$ & $1$ & $0.203262$ \\
eHbbpar & $0.115041$ & $0.300594$ & $0.190663$ & $-0.012937$ & $-0.04886$ & $0.000260991$ & $0.0468797$ & $-0.0226089$ & $-0.0120054$ & $0.0224802$ & $0.0251662$ & $0.0237548$ & $-0.0181638$ & $-0.0249563$ & $-0.0253793$ & $-0.00407348$ & $0.00406665$ & $0.00507304$ & $-0.0255023$ & $-0.0219504$ & $-0.0243922$ & $-0.00152389$ & $0.0028132$ & $0.0081757$ & $0.0187412$ & $0.0206474$ & $-0.0083691$ & $0.0052017$ & $0.012092$ & $0.0217395$ & $0.0661746$ & $0.193414$ & $0.00571166$ & $-0.161679$ & $0.515635$ & $-0.266309$ & $-0.00418501$ & $0.351048$ & $0.115837$ & $-0.435135$ & $-0.00310035$ & $0.322994$ & $0.0515232$ & $0.216373$ & $0.335856$ & $0.175099$ & $0.203262$ & $1$ \\
