 & AlsMz & dAle5Mz & mtop & mHl & Mz & CW & CHG & CHWB & CHWHB_gaga & CHWHB_gagaorth & CHD & CHbox & CH & CHL1_11 & CHL1_22 & CHL1_33 & CHL3_11 & CHL3_22 & CHL3_33 & CHe_11 & CHe_22 & CHe_33 & CHQ1_11 & CHQ1_33 & CHQ3_11 & CHu_11 & CHd_11 & CHd_33 & CeH_22r & CeH_33r & CuH_22r & CuH_33r & CdH_33r & CLL_1221 & eHggint & eHggpar & eHWWint & eHWWpar & eHZZint & eHZZpar & eHZgaint & eHZgapar & eHgagaint & eHmumuint & eHtautauint & eHccint & eHccpar & eHbbint & eHbbpar \\
AlsMz & $1$ & $0.254383$ & $-0.0509503$ & $0.0803591$ & $-0.00506896$ & $-0.0668006$ & $-0.109474$ & $0.0215686$ & $0.0310779$ & $-0.014871$ & $-0.0540781$ & $0.0646343$ & $0.0783152$ & $0.0440058$ & $0.024873$ & $0.0080082$ & $0.0695459$ & $0.0401049$ & $0.0519469$ & $0.050078$ & $0.0531678$ & $0.0524066$ & $0.0259041$ & $0.0152888$ & $0.0220483$ & $-0.0727508$ & $0.0325645$ & $0.00239541$ & $0.0264814$ & $0.108131$ & $0.084454$ & $-0.108914$ & $0.0589023$ & $0.0177231$ & $-0.114905$ & $-0.0672343$ & $-0.312473$ & $-0.0163734$ & $0.0278832$ & $-0.238211$ & $-0.0558506$ & $-0.0338595$ & $0.271684$ & $-0.0194653$ & $0.164206$ & $0.367264$ & $0.279656$ & $-0.227058$ & $-0.237461$ \\
dAle5Mz & $0.254383$ & $1$ & $-0.108267$ & $-0.174469$ & $0.0478962$ & $0.00181129$ & $0.157291$ & $-0.0539584$ & $-0.04071$ & $0.0795176$ & $0.0461997$ & $-0.0852381$ & $-0.121147$ & $-0.0134278$ & $-0.000221391$ & $-0.00470593$ & $-0.00587081$ & $-0.0023661$ & $0.00305703$ & $-0.0371842$ & $-0.041305$ & $-0.0353112$ & $0.0168181$ & $0.016442$ & $-0.00596975$ & $0.0210051$ & $-0.0267241$ & $-0.0224096$ & $-0.00994102$ & $-0.0102358$ & $0.0282069$ & $0.149619$ & $-0.0511652$ & $-0.0307298$ & $-0.349287$ & $-0.0960285$ & $-0.0446589$ & $0.0253758$ & $0.165314$ & $-0.0714406$ & $-0.427703$ & $-0.0681785$ & $0.108905$ & $0.257409$ & $0.380316$ & $0.117499$ & $0.0996682$ & $0.0948353$ & $-0.110337$ \\
mtop & $-0.0509503$ & $-0.108267$ & $1$ & $0.260063$ & $0.0643865$ & $0.0118632$ & $-0.0262363$ & $0.0225723$ & $0.0220034$ & $0.00918972$ & $-0.0180244$ & $-0.0665563$ & $-0.0420776$ & $-0.00449321$ & $0.0118926$ & $0.016594$ & $0.007598$ & $-0.00688538$ & $-0.0146233$ & $0.0191643$ & $0.0197275$ & $0.0185604$ & $-0.041749$ & $-0.0194072$ & $-0.0224554$ & $0.0130359$ & $-0.0275539$ & $0.00111828$ & $-0.01077$ & $-0.049675$ & $0.0388072$ & $-0.0221514$ & $-0.0783777$ & $0.0160794$ & $0.0304311$ & $0.101148$ & $0.101977$ & $0.00826446$ & $0.257769$ & $-0.0164912$ & $-0.00272121$ & $0.0825142$ & $0.0878574$ & $0.264554$ & $-0.205981$ & $0.10441$ & $0.322738$ & $-0.254698$ & $-0.100323$ \\
mHl & $0.0803591$ & $-0.174469$ & $0.260063$ & $1$ & $0.0286646$ & $-0.0273416$ & $-0.0108701$ & $0.00663814$ & $0.00826839$ & $-0.00809796$ & $-0.0141233$ & $-0.0838017$ & $-0.052595$ & $0.0014938$ & $-0.012315$ & $0.0185492$ & $0.0365611$ & $0.0245007$ & $0.00609564$ & $0.00940282$ & $0.0142222$ & $0.0156041$ & $0.00964131$ & $0.00880453$ & $0.00809535$ & $-0.0175874$ & $3.80342e-05$ & $0.00340007$ & $-0.0271045$ & $-0.0414361$ & $-0.0644411$ & $-0.0250919$ & $-0.0384258$ & $0.0304289$ & $-0.300888$ & $0.0638617$ & $-0.223757$ & $0.0986139$ & $0.251789$ & $-0.0802492$ & $-0.156146$ & $0.0239722$ & $0.166312$ & $-0.119054$ & $0.0491324$ & $-0.0199957$ & $-0.176854$ & $-0.0840952$ & $0.060328$ \\
Mz & $-0.00506896$ & $0.0478962$ & $0.0643865$ & $0.0286646$ & $1$ & $0.0109313$ & $0.0555835$ & $0.0259653$ & $0.0313788$ & $0.0111776$ & $0.000962903$ & $0.023361$ & $0.00628241$ & $-0.0236618$ & $0.0480993$ & $0.0170302$ & $-0.0439687$ & $-0.0653579$ & $-0.0489326$ & $0.00833484$ & $0.00429337$ & $0.00585179$ & $0.0218806$ & $-0.0333622$ & $-0.0522698$ & $-0.0244645$ & $-0.0165978$ & $0.00678268$ & $0.00259975$ & $0.00823139$ & $0.0039121$ & $0.0599381$ & $-0.00461548$ & $-0.0243564$ & $-0.0375078$ & $0.0142447$ & $0.0581053$ & $-0.0141797$ & $0.0294227$ & $0.00876407$ & $-0.0433248$ & $0.0132301$ & $0.0236049$ & $0.059445$ & $0.0339967$ & $-0.0044723$ & $-0.00958243$ & $0.0367395$ & $-0.0268503$ \\
CW & $-0.0668006$ & $0.00181129$ & $0.0118632$ & $-0.0273416$ & $0.0109313$ & $1$ & $0.0464098$ & $-0.0139492$ & $-0.00799379$ & $-0.00375218$ & $0.145481$ & $0.0120581$ & $-0.0351324$ & $-0.058299$ & $-0.0791558$ & $-0.0862818$ & $-0.394625$ & $-0.202715$ & $-0.200265$ & $-0.143821$ & $-0.147214$ & $-0.136047$ & $-0.0112358$ & $-0.163121$ & $-0.242116$ & $0.11217$ & $-0.047096$ & $-0.0644048$ & $0.00801247$ & $-0.031785$ & $-0.00846296$ & $0.049765$ & $-0.0406055$ & $-0.0757849$ & $-0.0350162$ & $-0.0395349$ & $0.00619472$ & $-0.0134021$ & $-0.00463579$ & $-0.0374758$ & $-0.0234191$ & $0.000603741$ & $-0.00524043$ & $-0.00221345$ & $-0.0201415$ & $0.00256389$ & $0.0280657$ & $0.0100483$ & $-0.010441$ \\
CHG & $-0.109474$ & $0.157291$ & $-0.0262363$ & $-0.0108701$ & $0.0555835$ & $0.0464098$ & $1$ & $0.00280613$ & $0.0343854$ & $0.0814108$ & $0.0193363$ & $-0.559434$ & $-0.605492$ & $-0.025659$ & $0.0073893$ & $-0.0176457$ & $-0.0539166$ & $-0.0483374$ & $-0.0306868$ & $-0.0174203$ & $-0.0186793$ & $-0.0190839$ & $-0.0225835$ & $-0.0352123$ & $-0.0423418$ & $0.0275034$ & $-0.00893305$ & $-0.0250452$ & $-0.0750329$ & $-0.369607$ & $-0.204855$ & $0.935025$ & $-0.42885$ & $-0.0122226$ & $-0.326587$ & $-0.216423$ & $-0.178732$ & $0.0440439$ & $0.33384$ & $-0.0446288$ & $-0.266827$ & $-0.0339042$ & $0.0429148$ & $0.220604$ & $0.013459$ & $-0.0771001$ & $0.187154$ & $0.0342851$ & $-0.103109$ \\
CHWB & $0.0215686$ & $-0.0539584$ & $0.0225723$ & $0.00663814$ & $0.0259653$ & $-0.0139492$ & $0.00280613$ & $1$ & $0.990759$ & $-0.567208$ & $-0.865619$ & $-0.109746$ & $0.00427271$ & $0.272156$ & $0.472291$ & $0.459034$ & $-0.222644$ & $-0.393865$ & $-0.403235$ & $0.850054$ & $0.879188$ & $0.872191$ & $0.0171421$ & $-0.618674$ & $-0.360002$ & $-0.599698$ & $0.399207$ & $0.387094$ & $-0.00376316$ & $0.0419606$ & $0.0385898$ & $0.000254805$ & $0.0246725$ & $0.517718$ & $0.0408961$ & $-0.0136122$ & $0.0164803$ & $0.00720953$ & $-0.00682583$ & $-0.00309476$ & $-0.00373021$ & $-0.0290744$ & $-0.0155714$ & $0.0146655$ & $-0.03787$ & $0.00162154$ & $-0.0041395$ & $-0.075327$ & $-0.00406657$ \\
CHWHB_gaga & $0.0310779$ & $-0.04071$ & $0.0220034$ & $0.00826839$ & $0.0313788$ & $-0.00799379$ & $0.0343854$ & $0.990759$ & $1$ & $-0.565997$ & $-0.857291$ & $-0.094427$ & $0.0143888$ & $0.270335$ & $0.466749$ & $0.456891$ & $-0.222626$ & $-0.390066$ & $-0.401268$ & $0.842039$ & $0.870792$ & $0.864153$ & $0.0203409$ & $-0.614027$ & $-0.357127$ & $-0.595959$ & $0.396387$ & $0.38247$ & $0.00169471$ & $0.0651339$ & $0.0548805$ & $0.0296829$ & $0.0483466$ & $0.513475$ & $0.0175844$ & $-0.0308297$ & $0.0181205$ & $0.00930232$ & $-0.00116577$ & $-0.00843068$ & $-0.0161203$ & $-0.0319871$ & $0.0217243$ & $0.026868$ & $-0.0230023$ & $-0.00480113$ & $0.00304878$ & $-0.0743404$ & $-0.0138835$ \\
CHWHB_gagaorth & $-0.014871$ & $0.0795176$ & $0.00918972$ & $-0.00809796$ & $0.0111776$ & $-0.00375218$ & $0.0814108$ & $-0.567208$ & $-0.565997$ & $1$ & $0.458032$ & $0.0805313$ & $-0.156455$ & $-0.0839338$ & $-0.22422$ & $-0.211042$ & $0.172306$ & $0.262418$ & $0.267682$ & $-0.44513$ & $-0.47144$ & $-0.46658$ & $0.00636414$ & $0.395622$ & $0.2563$ & $0.292626$ & $-0.250543$ & $-0.213951$ & $-0.0175795$ & $-0.172334$ & $-0.107314$ & $0.0897466$ & $-0.160107$ & $-0.341303$ & $-0.0214945$ & $0.00543919$ & $-0.0236873$ & $0.0157877$ & $0.0751843$ & $-0.0124045$ & $-0.0506618$ & $0.0269938$ & $-0.0304734$ & $0.0487921$ & $0.0328964$ & $0.0365205$ & $-0.00312848$ & $0.0792344$ & $0.0359752$ \\
CHD & $-0.0540781$ & $0.0461997$ & $-0.0180244$ & $-0.0141233$ & $0.000962903$ & $0.145481$ & $0.0193363$ & $-0.865619$ & $-0.857291$ & $0.458032$ & $1$ & $0.093213$ & $-0.0610805$ & $-0.678006$ & $-0.571265$ & $-0.580114$ & $-0.268749$ & $-0.0518651$ & $-0.0363519$ & $-0.994951$ & $-0.995332$ & $-0.983515$ & $0.0274602$ & $0.187334$ & $-0.0965037$ & $0.689667$ & $-0.275366$ & $-0.458392$ & $0.00892345$ & $-0.0842451$ & $-0.0586157$ & $0.0234003$ & $-0.0899169$ & $-0.318717$ & $-0.0319427$ & $-0.00460402$ & $-0.0252889$ & $-0.020381$ & $0.015525$ & $-0.012448$ & $-0.00018306$ & $0.0311309$ & $0.00631429$ & $0.00950938$ & $0.0231446$ & $-0.0159091$ & $0.0289308$ & $0.0652224$ & $-0.00679625$ \\
CHbox & $0.0646343$ & $-0.0852381$ & $-0.0665563$ & $-0.0838017$ & $0.023361$ & $0.0120581$ & $-0.559434$ & $-0.109746$ & $-0.094427$ & $0.0805313$ & $0.093213$ & $1$ & $0.919727$ & $-0.0271998$ & $-0.0443875$ & $-0.0286388$ & $0.0229423$ & $0.0451155$ & $0.0325372$ & $-0.0884541$ & $-0.0963514$ & $-0.0971648$ & $0.0312163$ & $0.0761933$ & $0.0422047$ & $0.0398812$ & $-0.0495761$ & $-0.0246509$ & $0.154203$ & $0.599409$ & $0.294017$ & $-0.420695$ & $0.686526$ & $-0.0684039$ & $0.198824$ & $0.149358$ & $0.193531$ & $-0.0458431$ & $-0.357141$ & $0.0450407$ & $0.211711$ & $-0.00748957$ & $0.0351023$ & $-0.206082$ & $0.0428668$ & $-0.0300757$ & $-0.209428$ & $0.0810378$ & $0.177829$ \\
CH & $0.0783152$ & $-0.121147$ & $-0.0420776$ & $-0.052595$ & $0.00628241$ & $-0.0351324$ & $-0.605492$ & $0.00427271$ & $0.0143888$ & $-0.156455$ & $-0.0610805$ & $0.919727$ & $1$ & $0.0990513$ & $0.00442456$ & $0.0235375$ & $0.116823$ & $0.110081$ & $0.0949047$ & $0.0582445$ & $0.0607473$ & $0.0574096$ & $0.0201846$ & $0.0782994$ & $0.112961$ & $-0.0480888$ & $0.0320261$ & $0.0530013$ & $0.140528$ & $0.604619$ & $0.321736$ & $-0.484564$ & $0.678798$ & $0.00994096$ & $0.213518$ & $0.142588$ & $0.177063$ & $-0.0536367$ & $-0.362998$ & $0.063347$ & $0.234336$ & $-0.00730373$ & $0.0223251$ & $-0.252151$ & $-0.0133771$ & $-0.0280138$ & $-0.196475$ & $0.0353629$ & $0.141859$ \\
CHL1_11 & $0.0440058$ & $-0.0134278$ & $-0.00449321$ & $0.0014938$ & $-0.0236618$ & $-0.058299$ & $-0.025659$ & $0.272156$ & $0.270335$ & $-0.0839338$ & $-0.678006$ & $-0.0271998$ & $0.0990513$ & $1$ & $0.379975$ & $0.411026$ & $0.653089$ & $0.613432$ & $0.600048$ & $0.685585$ & $0.652349$ & $0.641288$ & $-0.0712924$ & $0.450928$ & $0.623543$ & $-0.463835$ & $-0.0213755$ & $0.333689$ & $-0.00713745$ & $0.0873305$ & $0.0466479$ & $-0.0313243$ & $0.128203$ & $-0.142584$ & $-0.0108291$ & $0.0211254$ & $0.0301958$ & $0.0164098$ & $-0.0344421$ & $0.0242106$ & $0.000975327$ & $-0.0145153$ & $-0.000683702$ & $-0.047297$ & $-0.00865271$ & $0.0138706$ & $-0.0538629$ & $-0.0114925$ & $0.0305234$ \\
CHL1_22 & $0.024873$ & $-0.000221391$ & $0.0118926$ & $-0.012315$ & $0.0480993$ & $-0.0791558$ & $0.0073893$ & $0.472291$ & $0.466749$ & $-0.22422$ & $-0.571265$ & $-0.0443875$ & $0.00442456$ & $0.379975$ & $1$ & $0.522941$ & $0.15126$ & $-0.318068$ & $-0.0236264$ & $0.613586$ & $0.517779$ & $0.50992$ & $-0.178471$ & $0.013796$ & $-0.0828794$ & $-0.365229$ & $-0.29581$ & $0.235322$ & $-0.0231297$ & $0.0310012$ & $-0.00658727$ & $0.00542746$ & $0.0305512$ & $-0.470249$ & $-0.00191294$ & $-0.022367$ & $0.0329962$ & $0.0488088$ & $0.0112094$ & $-0.0313258$ & $-0.0630157$ & $-0.024968$ & $0.0352867$ & $0.0278017$ & $0.00940182$ & $0.00409308$ & $-0.0142993$ & $-0.00768349$ & $0.00867285$ \\
CHL1_33 & $0.0080082$ & $-0.00470593$ & $0.016594$ & $0.0185492$ & $0.0170302$ & $-0.0862818$ & $-0.0176457$ & $0.459034$ & $0.456891$ & $-0.211042$ & $-0.580114$ & $-0.0286388$ & $0.0235375$ & $0.411026$ & $0.522941$ & $1$ & $0.195313$ & $0.034995$ & $-0.286833$ & $0.620396$ & $0.528272$ & $0.538409$ & $-0.154566$ & $0.0544826$ & $-0.0297968$ & $-0.368751$ & $-0.268751$ & $0.216758$ & $-0.00878346$ & $0.0482227$ & $0.0177267$ & $-0.0167894$ & $0.0495086$ & $-0.00198537$ & $0.0117084$ & $-0.0194792$ & $0.0589783$ & $0.0248621$ & $0.0044376$ & $-0.0135435$ & $-0.0383578$ & $-0.0402988$ & $0.0335338$ & $0.0402001$ & $0.0323164$ & $0.0155232$ & $-0.0231461$ & $-0.00604971$ & $-0.0094859$ \\
CHL3_11 & $0.0695459$ & $-0.00587081$ & $0.007598$ & $0.0365611$ & $-0.0439687$ & $-0.394625$ & $-0.0539166$ & $-0.222644$ & $-0.222626$ & $0.172306$ & $-0.268749$ & $0.0229423$ & $0.116823$ & $0.653089$ & $0.15126$ & $0.195313$ & $1$ & $0.831362$ & $0.819056$ & $0.278981$ & $0.246433$ & $0.235931$ & $-0.0589003$ & $0.765911$ & $0.865322$ & $-0.186398$ & $-0.139666$ & $0.141149$ & $-0.0109304$ & $0.0885303$ & $0.0451213$ & $-0.0576939$ & $0.124928$ & $-0.234753$ & $0.00233446$ & $0.0459879$ & $0.0137224$ & $0.0258366$ & $-0.0127858$ & $0.04478$ & $0.0244967$ & $-0.00112308$ & $0.013278$ & $-0.0447488$ & $0.0265272$ & $0.0274513$ & $-0.0441185$ & $0.00537316$ & $0.0145461$ \\
CHL3_22 & $0.0401049$ & $-0.0023661$ & $-0.00688538$ & $0.0245007$ & $-0.0653579$ & $-0.202715$ & $-0.0483374$ & $-0.393865$ & $-0.390066$ & $0.262418$ & $-0.0518651$ & $0.0451155$ & $0.110081$ & $0.613432$ & $-0.318068$ & $0.034995$ & $0.831362$ & $1$ & $0.790158$ & $0.0491285$ & $0.0476026$ & $0.0433898$ & $0.0100589$ & $0.750078$ & $0.878108$ & $-0.0457132$ & $-0.0344432$ & $0.0540581$ & $0.0034239$ & $0.0705676$ & $0.0456711$ & $-0.0499495$ & $0.1137$ & $-0.0420681$ & $-0.00748978$ & $0.0474793$ & $0.00794647$ & $-0.00358513$ & $-0.026953$ & $0.0499098$ & $0.0462756$ & $0.00644024$ & $-0.00634819$ & $-0.0602926$ & $0.0131553$ & $0.0215779$ & $-0.0427291$ & $0.0158296$ & $0.0179233$ \\
CHL3_33 & $0.0519469$ & $0.00305703$ & $-0.0146233$ & $0.00609564$ & $-0.0489326$ & $-0.200265$ & $-0.0306868$ & $-0.403235$ & $-0.401268$ & $0.267682$ & $-0.0363519$ & $0.0325372$ & $0.0949047$ & $0.600048$ & $-0.0236264$ & $-0.286833$ & $0.819056$ & $0.790158$ & $1$ & $0.0339112$ & $0.0330174$ & $0.0282085$ & $-0.000155196$ & $0.73964$ & $0.870546$ & $-0.035549$ & $-0.0370247$ & $0.0647665$ & $-0.00689292$ & $0.0601817$ & $0.0295172$ & $-0.0340872$ & $0.102042$ & $-0.351896$ & $-0.0183545$ & $0.0453308$ & $-0.0103517$ & $0.0133568$ & $-0.0206441$ & $0.0340298$ & $0.0296975$ & $0.0201652$ & $-0.0009953$ & $-0.0671587$ & $0.000385124$ & $0.0117594$ & $-0.03965$ & $0.018811$ & $0.0277584$ \\
CHe_11 & $0.050078$ & $-0.0371842$ & $0.0191643$ & $0.00940282$ & $0.00833484$ & $-0.143821$ & $-0.0174203$ & $0.850054$ & $0.842039$ & $-0.44513$ & $-0.994951$ & $-0.0884541$ & $0.0582445$ & $0.685585$ & $0.613586$ & $0.620396$ & $0.278981$ & $0.0491285$ & $0.0339112$ & $1$ & $0.985299$ & $0.973984$ & $-0.0452161$ & $-0.156994$ & $0.0991588$ & $-0.682804$ & $0.22201$ & $0.451926$ & $-0.0105873$ & $0.0833433$ & $0.0550003$ & $-0.0207686$ & $0.0888214$ & $0.262098$ & $0.0280999$ & $0.00288289$ & $0.0314006$ & $0.0244028$ & $-0.0112636$ & $0.00804875$ & $-0.00916213$ & $-0.0318793$ & $-0.00362296$ & $-0.00252935$ & $-0.0189489$ & $0.0158642$ & $-0.0303226$ & $-0.0591552$ & $0.00731567$ \\
CHe_22 & $0.0531678$ & $-0.041305$ & $0.0197275$ & $0.0142222$ & $0.00429337$ & $-0.147214$ & $-0.0186793$ & $0.879188$ & $0.870792$ & $-0.47144$ & $-0.995332$ & $-0.0963514$ & $0.0607473$ & $0.652349$ & $0.517779$ & $0.528272$ & $0.246433$ & $0.0476026$ & $0.0330174$ & $0.985299$ & $1$ & $0.986224$ & $-0.00686463$ & $-0.227767$ & $0.0866222$ & $-0.691043$ & $0.335558$ & $0.459744$ & $-0.00807805$ & $0.0842994$ & $0.0596893$ & $-0.0233246$ & $0.0881217$ & $0.383164$ & $0.0322267$ & $0.00750511$ & $0.0240025$ & $0.0184017$ & $-0.0161714$ & $0.0162124$ & $0.00163017$ & $-0.0291632$ & $-0.0114117$ & $-0.00887533$ & $-0.0230283$ & $0.0156784$ & $-0.0286854$ & $-0.0666561$ & $0.00650099$ \\
CHe_33 & $0.0524066$ & $-0.0353112$ & $0.0185604$ & $0.0156041$ & $0.00585179$ & $-0.136047$ & $-0.0190839$ & $0.872191$ & $0.864153$ & $-0.46658$ & $-0.983515$ & $-0.0971648$ & $0.0574096$ & $0.641288$ & $0.50992$ & $0.538409$ & $0.235931$ & $0.0433898$ & $0.0282085$ & $0.973984$ & $0.986224$ & $1$ & $-0.0116263$ & $-0.230317$ & $0.0810685$ & $-0.677476$ & $0.33469$ & $0.456347$ & $-0.0149386$ & $0.0863521$ & $0.0599509$ & $-0.0230492$ & $0.0869685$ & $0.38433$ & $0.0320097$ & $0.00398484$ & $0.0218408$ & $0.0171089$ & $-0.0118875$ & $0.0116058$ & $0.000449034$ & $-0.0271977$ & $-0.00783019$ & $-0.00361932$ & $-0.0241937$ & $0.0131333$ & $-0.0264564$ & $-0.0622299$ & $-3.59179e-05$ \\
CHQ1_11 & $0.0259041$ & $0.0168181$ & $-0.041749$ & $0.00964131$ & $0.0218806$ & $-0.0112358$ & $-0.0225835$ & $0.0171421$ & $0.0203409$ & $0.00636414$ & $0.0274602$ & $0.0312163$ & $0.0201846$ & $-0.0712924$ & $-0.178471$ & $-0.154566$ & $-0.0589003$ & $0.0100589$ & $-0.000155196$ & $-0.0452161$ & $-0.00686463$ & $-0.0116263$ & $1$ & $-0.0910473$ & $0.0615838$ & $-0.565325$ & $0.337027$ & $0.0058782$ & $0.0200778$ & $0.0242263$ & $-0.00841182$ & $-0.0150484$ & $0.0188528$ & $0.182381$ & $-0.00198773$ & $0.0266916$ & $-0.0225111$ & $-0.0078776$ & $-0.0391441$ & $0.0330652$ & $0.0496958$ & $-0.0125801$ & $-0.0044749$ & $-0.0179125$ & $0.0312271$ & $0.0311588$ & $-0.0364273$ & $-0.0509473$ & $0.0524254$ \\
CHQ1_33 & $0.0152888$ & $0.016442$ & $-0.0194072$ & $0.00880453$ & $-0.0333622$ & $-0.163121$ & $-0.0352123$ & $-0.618674$ & $-0.614027$ & $0.395622$ & $0.187334$ & $0.0761933$ & $0.0782994$ & $0.450928$ & $0.013796$ & $0.0544826$ & $0.765911$ & $0.750078$ & $0.73964$ & $-0.156994$ & $-0.227767$ & $-0.230317$ & $-0.0910473$ & $1$ & $0.757415$ & $0.135803$ & $-0.380179$ & $0.00704491$ & $-0.0150878$ & $0.0425395$ & $0.0108991$ & $-0.035512$ & $0.081468$ & $-0.57678$ & $-0.0280858$ & $0.0399045$ & $0.00798757$ & $0.0199391$ & $-0.019217$ & $0.0157562$ & $0.0112748$ & $0.00805316$ & $0.01562$ & $-0.0423941$ & $0.0286299$ & $0.0210828$ & $-0.0477389$ & $0.0398223$ & $0.0303033$ \\
CHQ3_11 & $0.0220483$ & $-0.00596975$ & $-0.0224554$ & $0.00809535$ & $-0.0522698$ & $-0.242116$ & $-0.0423418$ & $-0.360002$ & $-0.357127$ & $0.2563$ & $-0.0965037$ & $0.0422047$ & $0.112961$ & $0.623543$ & $-0.0828794$ & $-0.0297968$ & $0.865322$ & $0.878108$ & $0.870546$ & $0.0991588$ & $0.0866222$ & $0.0810685$ & $0.0615838$ & $0.757415$ & $1$ & $-0.0723828$ & $0.129576$ & $0.0735623$ & $-0.00470908$ & $0.0777652$ & $0.0419085$ & $-0.0437812$ & $0.119157$ & $-0.223325$ & $0.00630955$ & $0.0487667$ & $0.00789932$ & $0.0243407$ & $-0.0262549$ & $0.0592546$ & $0.0527014$ & $0.00679657$ & $-0.0207143$ & $-0.0686057$ & $0.00342713$ & $0.015326$ & $-0.0632382$ & $0.0227938$ & $0.0403416$ \\
CHu_11 & $-0.0727508$ & $0.0210051$ & $0.0130359$ & $-0.0175874$ & $-0.0244645$ & $0.11217$ & $0.0275034$ & $-0.599698$ & $-0.595959$ & $0.292626$ & $0.689667$ & $0.0398812$ & $-0.0480888$ & $-0.463835$ & $-0.365229$ & $-0.368751$ & $-0.186398$ & $-0.0457132$ & $-0.035549$ & $-0.682804$ & $-0.691043$ & $-0.677476$ & $-0.565325$ & $0.135803$ & $-0.0723828$ & $1$ & $-0.199625$ & $-0.310236$ & $0.00138608$ & $-0.0646875$ & $-0.0151486$ & $0.0271605$ & $-0.0679634$ & $-0.250202$ & $-0.00704468$ & $-0.00904221$ & $-0.0119367$ & $0.000328526$ & $0.0281276$ & $-0.0150849$ & $-0.0134376$ & $0.0157341$ & $-0.0197129$ & $0.00794428$ & $-0.0218364$ & $-0.0202262$ & $0.030307$ & $0.0822406$ & $-0.0269574$ \\
CHd_11 & $0.0325645$ & $-0.0267241$ & $-0.0275539$ & $3.80342e-05$ & $-0.0165978$ & $-0.047096$ & $-0.00893305$ & $0.399207$ & $0.396387$ & $-0.250543$ & $-0.275366$ & $-0.0495761$ & $0.0320261$ & $-0.0213755$ & $-0.29581$ & $-0.268751$ & $-0.139666$ & $-0.0344432$ & $-0.0370247$ & $0.22201$ & $0.335558$ & $0.33469$ & $0.337027$ & $-0.380179$ & $0.129576$ & $-0.199625$ & $1$ & $0.145834$ & $0.0101646$ & $0.0433489$ & $0.0575586$ & $-0.0082214$ & $0.0287993$ & $0.672514$ & $0.048661$ & $0.0261905$ & $-0.0456786$ & $0.000886444$ & $-0.0251665$ & $0.0409912$ & $0.0801264$ & $-0.00719428$ & $-0.0648515$ & $-0.0450363$ & $-0.0503511$ & $0.0215797$ & $-0.0207765$ & $-0.0655366$ & $0.0198808$ \\
CHd_33 & $0.00239541$ & $-0.0224096$ & $0.00111828$ & $0.00340007$ & $0.00678268$ & $-0.0644048$ & $-0.0250452$ & $0.387094$ & $0.38247$ & $-0.213951$ & $-0.458392$ & $-0.0246509$ & $0.0530013$ & $0.333689$ & $0.235322$ & $0.216758$ & $0.141149$ & $0.0540581$ & $0.0647665$ & $0.451926$ & $0.459744$ & $0.456347$ & $0.0058782$ & $0.00704491$ & $0.0735623$ & $-0.310236$ & $0.145834$ & $1$ & $0.00510762$ & $0.0442255$ & $0.0535201$ & $-0.0206216$ & $0.066989$ & $0.156477$ & $0.0217033$ & $0.0127417$ & $0.00790424$ & $0.000160093$ & $-0.00786545$ & $0.0170063$ & $0.0119769$ & $-0.0245642$ & $-0.0293376$ & $-0.0237214$ & $-0.00120157$ & $0.00487721$ & $-0.0231018$ & $-0.0224809$ & $0.0299162$ \\
CeH_22r & $0.0264814$ & $-0.00994102$ & $-0.01077$ & $-0.0271045$ & $0.00259975$ & $0.00801247$ & $-0.0750329$ & $-0.00376316$ & $0.00169471$ & $-0.0175795$ & $0.00892345$ & $0.154203$ & $0.140528$ & $-0.00713745$ & $-0.0231297$ & $-0.00878346$ & $-0.0109304$ & $0.0034239$ & $-0.00689292$ & $-0.0105873$ & $-0.00807805$ & $-0.0149386$ & $0.0200778$ & $-0.0150878$ & $-0.00470908$ & $0.00138608$ & $0.0101646$ & $0.00510762$ & $1$ & $0.119701$ & $0.0778365$ & $-0.0704707$ & $0.128564$ & $0.0171069$ & $0.0393049$ & $0.0282851$ & $0.0291256$ & $0.0119385$ & $-0.0515929$ & $0.0282575$ & $0.035461$ & $0.00198022$ & $-0.0167136$ & $-0.00630629$ & $0.00767056$ & $0.0179998$ & $-0.00420284$ & $-0.0130417$ & $0.039615$ \\
CeH_33r & $0.108131$ & $-0.0102358$ & $-0.049675$ & $-0.0414361$ & $0.00823139$ & $-0.031785$ & $-0.369607$ & $0.0419606$ & $0.0651339$ & $-0.172334$ & $-0.0842451$ & $0.599409$ & $0.604619$ & $0.0873305$ & $0.0310012$ & $0.0482227$ & $0.0885303$ & $0.0705676$ & $0.0601817$ & $0.0833433$ & $0.0842994$ & $0.0863521$ & $0.0242263$ & $0.0425395$ & $0.0777652$ & $-0.0646875$ & $0.0433489$ & $0.0442255$ & $0.119701$ & $1$ & $0.438285$ & $-0.184232$ & $0.816048$ & $0.0235528$ & $0.0955183$ & $0.0625403$ & $-0.00641295$ & $-0.0735664$ & $-0.221343$ & $0.000469463$ & $0.109537$ & $-0.0175155$ & $0.0395071$ & $-0.163065$ & $0.0691013$ & $0.0388473$ & $-0.0852832$ & $0.000254001$ & $0.0746323$ \\
CuH_22r & $0.084454$ & $0.0282069$ & $0.0388072$ & $-0.0644411$ & $0.0039121$ & $-0.00846296$ & $-0.204855$ & $0.0385898$ & $0.0548805$ & $-0.107314$ & $-0.0586157$ & $0.294017$ & $0.321736$ & $0.0466479$ & $-0.00658727$ & $0.0177267$ & $0.0451213$ & $0.0456711$ & $0.0295172$ & $0.0550003$ & $0.0596893$ & $0.0599509$ & $-0.00841182$ & $0.0108991$ & $0.0419085$ & $-0.0151486$ & $0.0575586$ & $0.0535201$ & $0.0778365$ & $0.438285$ & $1$ & $-0.0813475$ & $0.477843$ & $0.0510998$ & $0.055484$ & $-0.00163846$ & $-0.0235455$ & $-0.0457259$ & $-0.15762$ & $-0.00888889$ & $0.0813077$ & $-0.0508035$ & $0.00951853$ & $-0.0195921$ & $0.0293104$ & $0.068592$ & $0.140607$ & $-0.0626102$ & $-0.0356188$ \\
CuH_33r & $-0.108914$ & $0.149619$ & $-0.0221514$ & $-0.0250919$ & $0.0599381$ & $0.049765$ & $0.935025$ & $0.000254805$ & $0.0296829$ & $0.0897466$ & $0.0234003$ & $-0.420695$ & $-0.484564$ & $-0.0313243$ & $0.00542746$ & $-0.0167894$ & $-0.0576939$ & $-0.0499495$ & $-0.0340872$ & $-0.0207686$ & $-0.0233246$ & $-0.0230492$ & $-0.0150484$ & $-0.035512$ & $-0.0437812$ & $0.0271605$ & $-0.0082214$ & $-0.0206216$ & $-0.0704707$ & $-0.184232$ & $-0.0813475$ & $1$ & $-0.205112$ & $-0.0130901$ & $-0.297426$ & $-0.206208$ & $-0.194608$ & $0.0191934$ & $0.312763$ & $-0.0484106$ & $-0.241769$ & $-0.043098$ & $0.0366008$ & $0.203234$ & $0.0119008$ & $-0.0718062$ & $0.179144$ & $0.0310502$ & $-0.0690878$ \\
CdH_33r & $0.0589023$ & $-0.0511652$ & $-0.0783777$ & $-0.0384258$ & $-0.00461548$ & $-0.0406055$ & $-0.42885$ & $0.0246725$ & $0.0483466$ & $-0.160107$ & $-0.0899169$ & $0.686526$ & $0.678798$ & $0.128203$ & $0.0305512$ & $0.0495086$ & $0.124928$ & $0.1137$ & $0.102042$ & $0.0888214$ & $0.0881217$ & $0.0869685$ & $0.0188528$ & $0.081468$ & $0.119157$ & $-0.0679634$ & $0.0287993$ & $0.066989$ & $0.128564$ & $0.816048$ & $0.477843$ & $-0.205112$ & $1$ & $0.00312262$ & $0.109766$ & $0.109356$ & $0.00671415$ & $-0.0773296$ & $-0.233869$ & $0.0165201$ & $0.119538$ & $-0.0172416$ & $-0.00449399$ & $-0.24775$ & $0.0138625$ & $-0.0175438$ & $-0.202569$ & $0.0543569$ & $0.253562$ \\
CLL_1221 & $0.0177231$ & $-0.0307298$ & $0.0160794$ & $0.0304289$ & $-0.0243564$ & $-0.0757849$ & $-0.0122226$ & $0.517718$ & $0.513475$ & $-0.341303$ & $-0.318717$ & $-0.0684039$ & $0.00994096$ & $-0.142584$ & $-0.470249$ & $-0.00198537$ & $-0.234753$ & $-0.0420681$ & $-0.351896$ & $0.262098$ & $0.383164$ & $0.38433$ & $0.182381$ & $-0.57678$ & $-0.223325$ & $-0.250202$ & $0.672514$ & $0.156477$ & $0.0171069$ & $0.0235528$ & $0.0510998$ & $-0.0130901$ & $0.00312262$ & $1$ & $0.0432938$ & $0.0121229$ & $-0.0156955$ & $-0.0354092$ & $-0.00932051$ & $0.0353203$ & $0.0522053$ & $-0.00930152$ & $-0.0422208$ & $-0.00280188$ & $-0.0269935$ & $0.00469848$ & $0.0131167$ & $-0.0690074$ & $-0.0210683$ \\
eHggint & $-0.114905$ & $-0.349287$ & $0.0304311$ & $-0.300888$ & $-0.0375078$ & $-0.0350162$ & $-0.326587$ & $0.0408961$ & $0.0175844$ & $-0.0214945$ & $-0.0319427$ & $0.198824$ & $0.213518$ & $-0.0108291$ & $-0.00191294$ & $0.0117084$ & $0.00233446$ & $-0.00748978$ & $-0.0183545$ & $0.0280999$ & $0.0322267$ & $0.0320097$ & $-0.00198773$ & $-0.0280858$ & $0.00630955$ & $-0.00704468$ & $0.048661$ & $0.0217033$ & $0.0393049$ & $0.0955183$ & $0.055484$ & $-0.297426$ & $0.109766$ & $0.0432938$ & $1$ & $-0.0223175$ & $0.00933671$ & $-0.0457495$ & $-0.38267$ & $0.042834$ & $0.431287$ & $-0.000370102$ & $-0.324317$ & $0.0470942$ & $-0.260434$ & $0.195864$ & $0.0629706$ & $-0.121569$ & $0.0669244$ \\
eHggpar & $-0.0672343$ & $-0.0960285$ & $0.101148$ & $0.0638617$ & $0.0142447$ & $-0.0395349$ & $-0.216423$ & $-0.0136122$ & $-0.0308297$ & $0.00543919$ & $-0.00460402$ & $0.149358$ & $0.142588$ & $0.0211254$ & $-0.022367$ & $-0.0194792$ & $0.0459879$ & $0.0474793$ & $0.0453308$ & $0.00288289$ & $0.00750511$ & $0.00398484$ & $0.0266916$ & $0.0399045$ & $0.0487667$ & $-0.00904221$ & $0.0261905$ & $0.0127417$ & $0.0282851$ & $0.0625403$ & $-0.00163846$ & $-0.206208$ & $0.109356$ & $0.0121229$ & $-0.0223175$ & $1$ & $-0.0227729$ & $0.0361961$ & $0.0761172$ & $0.0968799$ & $0.355745$ & $0.0619407$ & $-0.233125$ & $-0.166357$ & $0.00632104$ & $0.132359$ & $-0.203281$ & $0.0185788$ & $0.247881$ \\
eHWWint & $-0.312473$ & $-0.0446589$ & $0.101977$ & $-0.223757$ & $0.0581053$ & $0.00619472$ & $-0.178732$ & $0.0164803$ & $0.0181205$ & $-0.0236873$ & $-0.0252889$ & $0.193531$ & $0.177063$ & $0.0301958$ & $0.0329962$ & $0.0589783$ & $0.0137224$ & $0.00794647$ & $-0.0103517$ & $0.0314006$ & $0.0240025$ & $0.0218408$ & $-0.0225111$ & $0.00798757$ & $0.00789932$ & $-0.0119367$ & $-0.0456786$ & $0.00790424$ & $0.0291256$ & $-0.00641295$ & $-0.0235455$ & $-0.194608$ & $0.00671415$ & $-0.0156955$ & $0.00933671$ & $-0.0227729$ & $1$ & $0.0765791$ & $0.0701502$ & $0.0703264$ & $-0.104818$ & $0.0537722$ & $0.0377218$ & $0.386585$ & $-0.0538601$ & $-0.308981$ & $-0.139728$ & $0.243167$ & $-0.0838027$ \\
eHWWpar & $-0.0163734$ & $0.0253758$ & $0.00826446$ & $0.0986139$ & $-0.0141797$ & $-0.0134021$ & $0.0440439$ & $0.00720953$ & $0.00930232$ & $0.0157877$ & $-0.020381$ & $-0.0458431$ & $-0.0536367$ & $0.0164098$ & $0.0488088$ & $0.0248621$ & $0.0258366$ & $-0.00358513$ & $0.0133568$ & $0.0244028$ & $0.0184017$ & $0.0171089$ & $-0.0078776$ & $0.0199391$ & $0.0243407$ & $0.000328526$ & $0.000886444$ & $0.000160093$ & $0.0119385$ & $-0.0735664$ & $-0.0457259$ & $0.0191934$ & $-0.0773296$ & $-0.0354092$ & $-0.0457495$ & $0.0361961$ & $0.0765791$ & $1$ & $0.0438932$ & $-0.00498823$ & $-0.111043$ & $0.00893558$ & $0.0943912$ & $0.0343833$ & $0.143102$ & $0.0394674$ & $-0.00737422$ & $0.0341916$ & $0.0278806$ \\
eHZZint & $0.0278832$ & $0.165314$ & $0.257769$ & $0.251789$ & $0.0294227$ & $-0.00463579$ & $0.33384$ & $-0.00682583$ & $-0.00116577$ & $0.0751843$ & $0.015525$ & $-0.357141$ & $-0.362998$ & $-0.0344421$ & $0.0112094$ & $0.0044376$ & $-0.0127858$ & $-0.026953$ & $-0.0206441$ & $-0.0112636$ & $-0.0161714$ & $-0.0118875$ & $-0.0391441$ & $-0.019217$ & $-0.0262549$ & $0.0281276$ & $-0.0251665$ & $-0.00786545$ & $-0.0515929$ & $-0.221343$ & $-0.15762$ & $0.312763$ & $-0.233869$ & $-0.00932051$ & $-0.38267$ & $0.0761172$ & $0.0701502$ & $0.0438932$ & $1$ & $0.0295026$ & $-0.38356$ & $-0.00812191$ & $0.158962$ & $0.232965$ & $0.0242417$ & $-0.144437$ & $-0.0473166$ & $0.136497$ & $-0.083246$ \\
eHZZpar & $-0.238211$ & $-0.0714406$ & $-0.0164912$ & $-0.0802492$ & $0.00876407$ & $-0.0374758$ & $-0.0446288$ & $-0.00309476$ & $-0.00843068$ & $-0.0124045$ & $-0.012448$ & $0.0450407$ & $0.063347$ & $0.0242106$ & $-0.0313258$ & $-0.0135435$ & $0.04478$ & $0.0499098$ & $0.0340298$ & $0.00804875$ & $0.0162124$ & $0.0116058$ & $0.0330652$ & $0.0157562$ & $0.0592546$ & $-0.0150849$ & $0.0409912$ & $0.0170063$ & $0.0282575$ & $0.000469463$ & $-0.00888889$ & $-0.0484106$ & $0.0165201$ & $0.0353203$ & $0.042834$ & $0.0968799$ & $0.0703264$ & $-0.00498823$ & $0.0295026$ & $1$ & $0.116163$ & $-0.037234$ & $-0.142661$ & $-0.0432029$ & $-0.0541846$ & $-0.0526408$ & $-0.0533468$ & $0.0190008$ & $0.0139159$ \\
eHZgaint & $-0.0558506$ & $-0.427703$ & $-0.00272121$ & $-0.156146$ & $-0.0433248$ & $-0.0234191$ & $-0.266827$ & $-0.00373021$ & $-0.0161203$ & $-0.0506618$ & $-0.00018306$ & $0.211711$ & $0.234336$ & $0.000975327$ & $-0.0630157$ & $-0.0383578$ & $0.0244967$ & $0.0462756$ & $0.0296975$ & $-0.00916213$ & $0.00163017$ & $0.000449034$ & $0.0496958$ & $0.0112748$ & $0.0527014$ & $-0.0134376$ & $0.0801264$ & $0.0119769$ & $0.035461$ & $0.109537$ & $0.0813077$ & $-0.241769$ & $0.119538$ & $0.0522053$ & $0.431287$ & $0.355745$ & $-0.104818$ & $-0.111043$ & $-0.38356$ & $0.116163$ & $1$ & $0.0390554$ & $-0.148332$ & $-0.221984$ & $-0.23909$ & $0.317853$ & $0.00753069$ & $-0.30946$ & $-0.0325176$ \\
eHZgapar & $-0.0338595$ & $-0.0681785$ & $0.0825142$ & $0.0239722$ & $0.0132301$ & $0.000603741$ & $-0.0339042$ & $-0.0290744$ & $-0.0319871$ & $0.0269938$ & $0.0311309$ & $-0.00748957$ & $-0.00730373$ & $-0.0145153$ & $-0.024968$ & $-0.0402988$ & $-0.00112308$ & $0.00644024$ & $0.0201652$ & $-0.0318793$ & $-0.0291632$ & $-0.0271977$ & $-0.0125801$ & $0.00805316$ & $0.00679657$ & $0.0157341$ & $-0.00719428$ & $-0.0245642$ & $0.00198022$ & $-0.0175155$ & $-0.0508035$ & $-0.043098$ & $-0.0172416$ & $-0.00930152$ & $-0.000370102$ & $0.0619407$ & $0.0537722$ & $0.00893558$ & $-0.00812191$ & $-0.037234$ & $0.0390554$ & $1$ & $-0.0185315$ & $0.00403256$ & $-0.0534692$ & $-0.0513065$ & $-0.0369728$ & $-0.0255789$ & $0.047881$ \\
eHgagaint & $0.271684$ & $0.108905$ & $0.0878574$ & $0.166312$ & $0.0236049$ & $-0.00524043$ & $0.0429148$ & $-0.0155714$ & $0.0217243$ & $-0.0304734$ & $0.00631429$ & $0.0351023$ & $0.0223251$ & $-0.000683702$ & $0.0352867$ & $0.0335338$ & $0.013278$ & $-0.00634819$ & $-0.0009953$ & $-0.00362296$ & $-0.0114117$ & $-0.00783019$ & $-0.0044749$ & $0.01562$ & $-0.0207143$ & $-0.0197129$ & $-0.0648515$ & $-0.0293376$ & $-0.0167136$ & $0.0395071$ & $0.00951853$ & $0.0366008$ & $-0.00449399$ & $-0.0422208$ & $-0.324317$ & $-0.233125$ & $0.0377218$ & $0.0943912$ & $0.158962$ & $-0.142661$ & $-0.148332$ & $-0.0185315$ & $1$ & $0.255871$ & $0.30684$ & $-0.00315442$ & $0.00692952$ & $-0.149052$ & $-0.209459$ \\
eHmumuint & $-0.0194653$ & $0.257409$ & $0.264554$ & $-0.119054$ & $0.059445$ & $-0.00221345$ & $0.220604$ & $0.0146655$ & $0.026868$ & $0.0487921$ & $0.00950938$ & $-0.206082$ & $-0.252151$ & $-0.047297$ & $0.0278017$ & $0.0402001$ & $-0.0447488$ & $-0.0602926$ & $-0.0671587$ & $-0.00252935$ & $-0.00887533$ & $-0.00361932$ & $-0.0179125$ & $-0.0423941$ & $-0.0686057$ & $0.00794428$ & $-0.0450363$ & $-0.0237214$ & $-0.00630629$ & $-0.163065$ & $-0.0195921$ & $0.203234$ & $-0.24775$ & $-0.00280188$ & $0.0470942$ & $-0.166357$ & $0.386585$ & $0.0343833$ & $0.232965$ & $-0.0432029$ & $-0.221984$ & $0.00403256$ & $0.255871$ & $1$ & $0.15522$ & $0.146261$ & $0.367126$ & $-0.0193013$ & $-0.347965$ \\
eHtautauint & $0.164206$ & $0.380316$ & $-0.205981$ & $0.0491324$ & $0.0339967$ & $-0.0201415$ & $0.013459$ & $-0.03787$ & $-0.0230023$ & $0.0328964$ & $0.0231446$ & $0.0428668$ & $-0.0133771$ & $-0.00865271$ & $0.00940182$ & $0.0323164$ & $0.0265272$ & $0.0131553$ & $0.000385124$ & $-0.0189489$ & $-0.0230283$ & $-0.0241937$ & $0.0312271$ & $0.0286299$ & $0.00342713$ & $-0.0218364$ & $-0.0503511$ & $-0.00120157$ & $0.00767056$ & $0.0691013$ & $0.0293104$ & $0.0119008$ & $0.0138625$ & $-0.0269935$ & $-0.260434$ & $0.00632104$ & $-0.0538601$ & $0.143102$ & $0.0242417$ & $-0.0541846$ & $-0.23909$ & $-0.0534692$ & $0.30684$ & $0.15522$ & $1$ & $0.179675$ & $0.0391066$ & $0.153948$ & $-0.166716$ \\
eHccint & $0.367264$ & $0.117499$ & $0.10441$ & $-0.0199957$ & $-0.0044723$ & $0.00256389$ & $-0.0771001$ & $0.00162154$ & $-0.00480113$ & $0.0365205$ & $-0.0159091$ & $-0.0300757$ & $-0.0280138$ & $0.0138706$ & $0.00409308$ & $0.0155232$ & $0.0274513$ & $0.0215779$ & $0.0117594$ & $0.0158642$ & $0.0156784$ & $0.0131333$ & $0.0311588$ & $0.0210828$ & $0.015326$ & $-0.0202262$ & $0.0215797$ & $0.00487721$ & $0.0179998$ & $0.0388473$ & $0.068592$ & $-0.0718062$ & $-0.0175438$ & $0.00469848$ & $0.195864$ & $0.132359$ & $-0.308981$ & $0.0394674$ & $-0.144437$ & $-0.0526408$ & $0.317853$ & $-0.0513065$ & $-0.00315442$ & $0.146261$ & $0.179675$ & $1$ & $0.218558$ & $-0.275229$ & $-0.162499$ \\
eHccpar & $0.279656$ & $0.0996682$ & $0.322738$ & $-0.176854$ & $-0.00958243$ & $0.0280657$ & $0.187154$ & $-0.0041395$ & $0.00304878$ & $-0.00312848$ & $0.0289308$ & $-0.209428$ & $-0.196475$ & $-0.0538629$ & $-0.0142993$ & $-0.0231461$ & $-0.0441185$ & $-0.0427291$ & $-0.03965$ & $-0.0303226$ & $-0.0286854$ & $-0.0264564$ & $-0.0364273$ & $-0.0477389$ & $-0.0632382$ & $0.030307$ & $-0.0207765$ & $-0.0231018$ & $-0.00420284$ & $-0.0852832$ & $0.140607$ & $0.179144$ & $-0.202569$ & $0.0131167$ & $0.0629706$ & $-0.203281$ & $-0.139728$ & $-0.00737422$ & $-0.0473166$ & $-0.0533468$ & $0.00753069$ & $-0.0369728$ & $0.00692952$ & $0.367126$ & $0.0391066$ & $0.218558$ & $1$ & $-0.225542$ & $-0.545175$ \\
eHbbint & $-0.227058$ & $0.0948353$ & $-0.254698$ & $-0.0840952$ & $0.0367395$ & $0.0100483$ & $0.0342851$ & $-0.075327$ & $-0.0743404$ & $0.0792344$ & $0.0652224$ & $0.0810378$ & $0.0353629$ & $-0.0114925$ & $-0.00768349$ & $-0.00604971$ & $0.00537316$ & $0.0158296$ & $0.018811$ & $-0.0591552$ & $-0.0666561$ & $-0.0622299$ & $-0.0509473$ & $0.0398223$ & $0.0227938$ & $0.0822406$ & $-0.0655366$ & $-0.0224809$ & $-0.0130417$ & $0.000254001$ & $-0.0626102$ & $0.0310502$ & $0.0543569$ & $-0.0690074$ & $-0.121569$ & $0.0185788$ & $0.243167$ & $0.0341916$ & $0.136497$ & $0.0190008$ & $-0.30946$ & $-0.0255789$ & $-0.149052$ & $-0.0193013$ & $0.153948$ & $-0.275229$ & $-0.225542$ & $1$ & $0.0451006$ \\
eHbbpar & $-0.237461$ & $-0.110337$ & $-0.100323$ & $0.060328$ & $-0.0268503$ & $-0.010441$ & $-0.103109$ & $-0.00406657$ & $-0.0138835$ & $0.0359752$ & $-0.00679625$ & $0.177829$ & $0.141859$ & $0.0305234$ & $0.00867285$ & $-0.0094859$ & $0.0145461$ & $0.0179233$ & $0.0277584$ & $0.00731567$ & $0.00650099$ & $-3.59179e-05$ & $0.0524254$ & $0.0303033$ & $0.0403416$ & $-0.0269574$ & $0.0198808$ & $0.0299162$ & $0.039615$ & $0.0746323$ & $-0.0356188$ & $-0.0690878$ & $0.253562$ & $-0.0210683$ & $0.0669244$ & $0.247881$ & $-0.0838027$ & $0.0278806$ & $-0.083246$ & $0.0139159$ & $-0.0325176$ & $0.047881$ & $-0.209459$ & $-0.347965$ & $-0.166716$ & $-0.162499$ & $-0.545175$ & $0.0451006$ & $1$ \\
