 & AlsMz & dAle5Mz & mtop & mHl & Mz & CW & CHG & CHWB & CHWHB_gaga & CHWHB_gagaorth & CHD & CHbox & CH & CHL1_11 & CHL1_22 & CHL1_33 & CHL3_11 & CHL3_22 & CHL3_33 & CHe_11 & CHe_22 & CHe_33 & CHQ1_11 & CHQ1_33 & CHQ3_11 & CHu_11 & CHd_11 & CHd_33 & CeH_22r & CeH_33r & CuH_22r & CuH_33r & CdH_33r & CLL_1221 & eHggint & eHggpar & eHWWint & eHWWpar & eHZZint & eHZZpar & eHZgaint & eHZgapar & eHgagaint & eHmumuint & eHtautauint & eHccint & eHccpar & eHbbint & eHbbpar \\
AlsMz & $1$ & $0.0167288$ & $-0.00499845$ & $0.0562159$ & $0.018368$ & $0.0105628$ & $-0.00757248$ & $-0.0218945$ & $-0.0162598$ & $0.0127105$ & $0.0180832$ & $-0.0175189$ & $-0.0122799$ & $0.00871264$ & $-0.0339191$ & $-0.029102$ & $0.0066948$ & $0.0357424$ & $0.0264371$ & $-0.0246969$ & $-0.0318266$ & $-0.00411471$ & $0.0142584$ & $-0.012926$ & $-0.0325508$ & $-0.0174641$ & $-0.00172053$ & $0.0158124$ & $-0.0218359$ & $0.0320836$ & $0.0160317$ & $-0.00899148$ & $0.0122883$ & $0.0120464$ & $-0.0960992$ & $0.0620097$ & $-0.0711803$ & $-0.00364768$ & $-0.0619671$ & $-0.0519744$ & $-0.0258598$ & $0.0217562$ & $0.0650277$ & $-0.0112253$ & $-0.126158$ & $-0.0644497$ & $-0.00154208$ & $-0.0885562$ & $-0.0416303$ \\
dAle5Mz & $0.0167288$ & $1$ & $-0.0497456$ & $-0.107397$ & $0.000233907$ & $0.0323928$ & $0.012266$ & $-0.245092$ & $-0.242779$ & $0.123278$ & $0.241686$ & $0.0999542$ & $0.0114826$ & $-0.0288252$ & $-0.0317648$ & $-0.0117304$ & $0.101247$ & $0.0708689$ & $0.0636728$ & $-0.195158$ & $-0.127389$ & $-0.13102$ & $-0.000352445$ & $0.0898501$ & $0.0870546$ & $0.0395909$ & $-0.0403028$ & $-0.0300507$ & $-0.00348118$ & $0.020209$ & $-0.0232216$ & $0.0280843$ & $-0.0143647$ & $0.00406902$ & $0.0627852$ & $0.0183681$ & $0.0505477$ & $0.0403466$ & $0.00799789$ & $-0.0141063$ & $-0.0421662$ & $-0.0223444$ & $0.000140302$ & $0.00886999$ & $0.0339011$ & $-0.0349604$ & $-0.0473575$ & $-0.074806$ & $-0.0482735$ \\
mtop & $-0.00499845$ & $-0.0497456$ & $1$ & $-0.0299949$ & $0.00048436$ & $-0.0335615$ & $-0.0616746$ & $0.0349847$ & $0.02863$ & $-0.0167126$ & $0.0843858$ & $0.00694946$ & $0.0269895$ & $-0.0107832$ & $0.0244453$ & $0.0162595$ & $-0.0302036$ & $-0.0345022$ & $-0.0197008$ & $0.0323755$ & $0.0100003$ & $0.0193947$ & $0.025886$ & $0.0252067$ & $-0.038279$ & $-0.0251744$ & $-0.00689485$ & $0.00136796$ & $-0.0237574$ & $-0.0364883$ & $-0.000973938$ & $-0.0609308$ & $0.00825148$ & $0.012401$ & $0.0347657$ & $-0.0306762$ & $0.106206$ & $-0.0266454$ & $-0.0498772$ & $0.0203699$ & $0.0390797$ & $-0.0398231$ & $-0.0247574$ & $-0.0946008$ & $0.0481199$ & $0.0097283$ & $0.0366864$ & $0.0349096$ & $0.0951755$ \\
mHl & $0.0562159$ & $-0.107397$ & $-0.0299949$ & $1$ & $0.00617601$ & $-0.00559196$ & $-0.00116504$ & $0.00101327$ & $-0.000804861$ & $-0.00826671$ & $-0.00312583$ & $-0.00329804$ & $-0.0253383$ & $-0.00444486$ & $-0.0210605$ & $0.00706948$ & $-0.00527559$ & $0.00663868$ & $0.00185389$ & $0.00144651$ & $0.00939909$ & $-0.00212196$ & $0.0161774$ & $0.00102388$ & $-0.0144551$ & $-0.0215687$ & $-0.017007$ & $0.00630823$ & $-0.0106419$ & $0.0218642$ & $0.00964215$ & $0.006448$ & $0.0174307$ & $-0.0145388$ & $-0.0971689$ & $-0.0465394$ & $-0.054482$ & $0.0162588$ & $0.0137611$ & $0.00975676$ & $-0.00856354$ & $0.0233251$ & $-0.0563486$ & $0.0508303$ & $-0.0376646$ & $-0.0202822$ & $-0.0432104$ & $-0.0419083$ & $-0.0160056$ \\
Mz & $0.018368$ & $0.000233907$ & $0.00048436$ & $0.00617601$ & $1$ & $-0.0080337$ & $0.0207478$ & $0.0269602$ & $0.0272299$ & $-0.0185511$ & $0.0190839$ & $-0.00438603$ & $-0.00889892$ & $-0.0215709$ & $-0.000896733$ & $0.00439707$ & $-0.0129854$ & $-0.0198441$ & $-0.0185473$ & $0.0269841$ & $0.00463755$ & $0.0336588$ & $-0.0176383$ & $-0.0307099$ & $-0.0168504$ & $-0.00572157$ & $0.0104691$ & $0.0001944$ & $0.0201456$ & $-0.0153297$ & $0.00124317$ & $0.0202754$ & $-0.0148601$ & $0.019266$ & $-0.00458558$ & $0.016069$ & $0.00650511$ & $-0.0427913$ & $0.00375177$ & $0.0379369$ & $0.0202807$ & $-0.0354361$ & $0.00803152$ & $-0.0245721$ & $-0.022942$ & $-0.00137153$ & $0.0269293$ & $-0.00470571$ & $-0.0273564$ \\
CW & $0.0105628$ & $0.0323928$ & $-0.0335615$ & $-0.00559196$ & $-0.0080337$ & $1$ & $0.0200371$ & $-0.0681959$ & $-0.0673748$ & $0.0261283$ & $0.0630746$ & $-0.00196281$ & $-0.00630057$ & $0.223755$ & $0.0327506$ & $0.0389997$ & $-0.135425$ & $0.00808908$ & $-0.00453733$ & $-0.0677668$ & $-0.063646$ & $-0.0707774$ & $-0.0440883$ & $0.0700368$ & $-0.0242225$ & $0.027026$ & $-0.105171$ & $-0.0192741$ & $0.00531133$ & $0.00318479$ & $-0.0118515$ & $0.0132363$ & $0.000747238$ & $-0.143406$ & $0.00884632$ & $-0.0180441$ & $0.00821072$ & $0.00770397$ & $0.0103153$ & $-0.0169057$ & $0.0294355$ & $0.0144491$ & $-0.00300366$ & $0.00324096$ & $0.00767521$ & $0.00475686$ & $0.0169736$ & $-0.00354913$ & $0.0125437$ \\
CHG & $-0.00757248$ & $0.012266$ & $-0.0616746$ & $-0.00116504$ & $0.0207478$ & $0.0200371$ & $1$ & $-0.00338672$ & $0.0267187$ & $-0.00792772$ & $-0.00255657$ & $-0.098903$ & $-0.178468$ & $-0.00388816$ & $0.000675913$ & $-0.0146844$ & $0.00412307$ & $0.00425955$ & $0.00865044$ & $0.00327131$ & $-0.00995884$ & $0.0226789$ & $-0.0106761$ & $-0.00831539$ & $0.000720279$ & $0.0105433$ & $0.00784472$ & $0.000329299$ & $0.0273277$ & $-0.0879043$ & $-0.0420723$ & $0.90068$ & $-0.109726$ & $0.00140389$ & $-0.0177545$ & $-0.000355103$ & $0.0139381$ & $0.0112911$ & $0.00369998$ & $0.00139471$ & $-0.0576293$ & $-0.0157007$ & $0.0191153$ & $-0.00937301$ & $-0.00328469$ & $0.0286716$ & $0.00509818$ & $0.00212055$ & $-0.0193107$ \\
CHWB & $-0.0218945$ & $-0.245092$ & $0.0349847$ & $0.00101327$ & $0.0269602$ & $-0.0681959$ & $-0.00338672$ & $1$ & $0.994149$ & $-0.560277$ & $-0.888956$ & $-0.161631$ & $-0.0111425$ & $-0.288513$ & $-0.0175446$ & $-0.0196447$ & $-0.656369$ & $-0.562613$ & $-0.555159$ & $0.882981$ & $0.694598$ & $0.661723$ & $0.0287099$ & $-0.683389$ & $-0.617879$ & $-0.168098$ & $0.428859$ & $0.145274$ & $0.0136787$ & $-0.0222795$ & $-0.00438236$ & $-0.0183606$ & $-0.0282877$ & $0.646982$ & $-0.00443436$ & $-0.00236115$ & $-0.0061631$ & $-0.0257244$ & $-0.0123962$ & $0.0124524$ & $-0.0203935$ & $0.00220801$ & $0.0322048$ & $0.00141997$ & $-0.0318149$ & $0.0335276$ & $-0.00631087$ & $0.0137519$ & $0.0340166$ \\
CHWHB_gaga & $-0.0162598$ & $-0.242779$ & $0.02863$ & $-0.000804861$ & $0.0272299$ & $-0.0673748$ & $0.0267187$ & $0.994149$ & $1$ & $-0.559688$ & $-0.883771$ & $-0.150549$ & $-0.0130884$ & $-0.290221$ & $-0.019619$ & $-0.0231932$ & $-0.655646$ & $-0.559357$ & $-0.551707$ & $0.879729$ & $0.69113$ & $0.659505$ & $0.0279093$ & $-0.682422$ & $-0.613573$ & $-0.165327$ & $0.43108$ & $0.143451$ & $0.0175762$ & $-0.00304032$ & $0.0067181$ & $0.00563898$ & $-0.0109696$ & $0.643358$ & $-0.0171666$ & $-0.000934086$ & $-0.0152367$ & $-0.0272757$ & $-0.018814$ & $0.00935961$ & $-0.0226604$ & $0.00463919$ & $0.076662$ & $0.0028248$ & $-0.0377329$ & $0.0362781$ & $-0.00187224$ & $0.0093123$ & $0.0263079$ \\
CHWHB_gagaorth & $0.0127105$ & $0.123278$ & $-0.0167126$ & $-0.00826671$ & $-0.0185511$ & $0.0261283$ & $-0.00792772$ & $-0.560277$ & $-0.559688$ & $1$ & $0.245645$ & $0.327178$ & $0.00603962$ & $0.66886$ & $0.129119$ & $0.118409$ & $0.763968$ & $0.578326$ & $0.579895$ & $-0.328466$ & $-0.251929$ & $-0.228287$ & $-0.0523665$ & $0.599115$ & $0.64155$ & $0.0411442$ & $-0.337727$ & $-0.0501456$ & $-0.000303115$ & $-0.0233373$ & $-0.0162584$ & $0.0313851$ & $-0.0134828$ & $-0.41797$ & $0.0225357$ & $0.0211396$ & $-0.0150818$ & $0.0113946$ & $0.034789$ & $-0.00829996$ & $-0.0299851$ & $-0.00399683$ & $-0.0179317$ & $0.0215758$ & $0.00858466$ & $0.00134719$ & $-0.00682523$ & $0.00516363$ & $0.00194447$ \\
CHD & $0.0180832$ & $0.241686$ & $0.0843858$ & $-0.00312583$ & $0.0190839$ & $0.0630746$ & $-0.00255657$ & $-0.888956$ & $-0.883771$ & $0.245645$ & $1$ & $0.128613$ & $0.0149247$ & $-0.0736811$ & $-0.0693244$ & $-0.0573091$ & $0.325396$ & $0.329859$ & $0.318724$ & $-0.896298$ & $-0.714862$ & $-0.682409$ & $-0.00319453$ & $0.466673$ & $0.360756$ & $0.192135$ & $-0.308017$ & $-0.148998$ & $-0.016894$ & $0.0226126$ & $0.000970617$ & $0.00812467$ & $0.0228101$ & $-0.50818$ & $0.00268944$ & $-0.0131962$ & $0.0289872$ & $0.0290111$ & $-0.00813473$ & $0.00027748$ & $0.0382492$ & $-0.00241993$ & $-0.0411421$ & $-0.0166278$ & $0.0394545$ & $-0.035868$ & $0.0173126$ & $-0.00766272$ & $-0.0289976$ \\
CHbox & $-0.0175189$ & $0.0999542$ & $0.00694946$ & $-0.00329804$ & $-0.00438603$ & $-0.00196281$ & $-0.098903$ & $-0.161631$ & $-0.150549$ & $0.327178$ & $0.128613$ & $1$ & $0.436142$ & $-0.0638756$ & $0.0583284$ & $0.0611984$ & $0.00611599$ & $0.0143607$ & $0.0176657$ & $0.0561536$ & $-0.0596611$ & $-0.0714$ & $-0.00121333$ & $0.0712005$ & $0.0442961$ & $0.00672521$ & $-0.0748496$ & $-0.0206975$ & $0.0219064$ & $0.27738$ & $0.0796408$ & $0.0522192$ & $0.263853$ & $-0.236159$ & $0.112103$ & $0.0242401$ & $0.00570618$ & $-0.00512864$ & $0.0100793$ & $-0.0127624$ & $0.0012185$ & $-0.00735617$ & $-0.0611232$ & $0.0169011$ & $0.0250066$ & $0.00761685$ & $0.0309902$ & $-0.00169997$ & $0.0374067$ \\
CH & $-0.0122799$ & $0.0114826$ & $0.0269895$ & $-0.0253383$ & $-0.00889892$ & $-0.00630057$ & $-0.178468$ & $-0.0111425$ & $-0.0130884$ & $0.00603962$ & $0.0149247$ & $0.436142$ & $1$ & $-6.52237e-05$ & $0.00761773$ & $0.0134915$ & $0.0027503$ & $-0.00865639$ & $-0.0128745$ & $-0.00913252$ & $-0.00143338$ & $-0.0105371$ & $0.00926402$ & $-0.002445$ & $-0.00627883$ & $-0.0173501$ & $-0.0192996$ & $-0.00559102$ & $0.0218722$ & $0.106058$ & $0.0551332$ & $-0.152652$ & $0.107203$ & $-0.0174738$ & $-0.000703191$ & $0.00848458$ & $0.0295549$ & $0.00808637$ & $-0.0057942$ & $-0.0199878$ & $0.00617447$ & $0.00107907$ & $-0.0225726$ & $0.0158041$ & $0.0106585$ & $0.020539$ & $0.0245963$ & $-0.0273501$ & $0.0327805$ \\
CHL1_11 & $0.00871264$ & $-0.0288252$ & $-0.0107832$ & $-0.00444486$ & $-0.0215709$ & $0.223755$ & $-0.00388816$ & $-0.288513$ & $-0.290221$ & $0.66886$ & $-0.0736811$ & $-0.0638756$ & $-6.52237e-05$ & $1$ & $0.186146$ & $0.167759$ & $0.613417$ & $0.505916$ & $0.514428$ & $-0.134686$ & $-0.0532436$ & $-0.0385446$ & $-0.0626644$ & $0.528698$ & $0.53733$ & $-0.024108$ & $-0.328535$ & $-0.0103887$ & $0.000810961$ & $-0.0116915$ & $0.00623294$ & $-0.0128346$ & $0.0219424$ & $-0.321682$ & $-0.00683278$ & $0.0213052$ & $-0.0165845$ & $8.57454e-05$ & $0.0298377$ & $-0.0121411$ & $-0.0247113$ & $0.00317961$ & $0.0105594$ & $0.0127428$ & $-0.00146724$ & $0.000997621$ & $0.00190717$ & $0.0044774$ & $0.0264321$ \\
CHL1_22 & $-0.0339191$ & $-0.0317648$ & $0.0244453$ & $-0.0210605$ & $-0.000896733$ & $0.0327506$ & $0.000675913$ & $-0.0175446$ & $-0.019619$ & $0.129119$ & $-0.0693244$ & $0.0583284$ & $0.00761773$ & $0.186146$ & $1$ & $0.350955$ & $0.0905397$ & $-0.43577$ & $-0.0950175$ & $0.0720196$ & $-0.142093$ & $-0.0926485$ & $-0.120278$ & $0.239522$ & $-0.144226$ & $0.0178181$ & $-0.487867$ & $-0.0397608$ & $-0.000539853$ & $-0.0111126$ & $0.00150392$ & $0.0123941$ & $0.000887849$ & $-0.555764$ & $0.0315572$ & $0.0216331$ & $0.0157679$ & $0.0104137$ & $0.0161221$ & $0.0178959$ & $-0.0219803$ & $-0.0137321$ & $-0.00475317$ & $-0.0279579$ & $0.0190792$ & $-0.000591411$ & $0.0209353$ & $0.0155369$ & $0.0164464$ \\
CHL1_33 & $-0.029102$ & $-0.0117304$ & $0.0162595$ & $0.00706948$ & $0.00439707$ & $0.0389997$ & $-0.0146844$ & $-0.0196447$ & $-0.0231932$ & $0.118409$ & $-0.0573091$ & $0.0611984$ & $0.0134915$ & $0.167759$ & $0.350955$ & $1$ & $0.0744887$ & $-0.100805$ & $-0.427237$ & $0.0641098$ & $-0.104226$ & $-0.180796$ & $-0.107177$ & $0.221704$ & $-0.14444$ & $0.0136902$ & $-0.480267$ & $-0.0199351$ & $-0.0048786$ & $-0.00521635$ & $0.00278773$ & $-0.00758709$ & $0.00161734$ & $-0.23745$ & $0.0371498$ & $0.0190813$ & $0.0108507$ & $0.00746017$ & $0.00414334$ & $-0.00170142$ & $-0.00472444$ & $-0.000917885$ & $-0.0367328$ & $-0.0155785$ & $0.00338073$ & $0.00770445$ & $0.00212901$ & $0.00744913$ & $-0.0099496$ \\
CHL3_11 & $0.0066948$ & $0.101247$ & $-0.0302036$ & $-0.00527559$ & $-0.0129854$ & $-0.135425$ & $0.00412307$ & $-0.656369$ & $-0.655646$ & $0.763968$ & $0.325396$ & $0.00611599$ & $0.0027503$ & $0.613417$ & $0.0905397$ & $0.0744887$ & $1$ & $0.691346$ & $0.695975$ & $-0.49412$ & $-0.321497$ & $-0.296619$ & $-0.0289169$ & $0.671626$ & $0.766041$ & $0.0449868$ & $-0.342491$ & $-0.0696289$ & $-0.0108393$ & $-0.00210409$ & $0.0053526$ & $0.0041851$ & $0.0210462$ & $-0.359878$ & $-0.00468002$ & $0.0201071$ & $-0.00800897$ & $0.0146428$ & $0.0292976$ & $-0.00967647$ & $-0.0269931$ & $-0.000649844$ & $0.000337281$ & $0.00494143$ & $0.0108784$ & $-0.01096$ & $-0.0109145$ & $9.59741e-05$ & $-0.0055792$ \\
CHL3_22 & $0.0357424$ & $0.0708689$ & $-0.0345022$ & $0.00663868$ & $-0.0198441$ & $0.00808908$ & $0.00425955$ & $-0.562613$ & $-0.559357$ & $0.578326$ & $0.329859$ & $0.0143607$ & $-0.00865639$ & $0.505916$ & $-0.43577$ & $-0.100805$ & $0.691346$ & $1$ & $0.659177$ & $-0.443226$ & $-0.253785$ & $-0.24224$ & $0.0347367$ & $0.485871$ & $0.778817$ & $0.0446424$ & $-0.0344312$ & $-0.0442661$ & $-0.00294841$ & $0.00685357$ & $-0.000437385$ & $0.00533519$ & $0.0181973$ & $0.0783081$ & $-0.0403925$ & $0.00702483$ & $-0.0193775$ & $-0.00738712$ & $0.00591917$ & $-0.027358$ & $-0.0111546$ & $0.002484$ & $0.0159799$ & $0.0288028$ & $-0.00377676$ & $-0.00796094$ & $-0.0173466$ & $-0.0230625$ & $-0.0172884$ \\
CHL3_33 & $0.0264371$ & $0.0636728$ & $-0.0197008$ & $0.00185389$ & $-0.0185473$ & $-0.00453733$ & $0.00865044$ & $-0.555159$ & $-0.551707$ & $0.579895$ & $0.318724$ & $0.0176657$ & $-0.0128745$ & $0.514428$ & $-0.0950175$ & $-0.427237$ & $0.695975$ & $0.659177$ & $1$ & $-0.432107$ & $-0.25112$ & $-0.22884$ & $0.0337359$ & $0.487873$ & $0.775545$ & $0.0402288$ & $-0.0337373$ & $-0.0538796$ & $0.00159854$ & $0.000669826$ & $0.000944765$ & $0.010602$ & $0.0204693$ & $-0.233026$ & $-0.0252776$ & $-0.00442177$ & $-0.0154366$ & $-0.00317299$ & $0.0245761$ & $-0.00899952$ & $-0.0125494$ & $-0.00156559$ & $0.0181889$ & $0.0038531$ & $-0.00428057$ & $-0.0143091$ & $-0.0178157$ & $-0.00606128$ & $0.00332917$ \\
CHe_11 & $-0.0246969$ & $-0.195158$ & $0.0323755$ & $0.00144651$ & $0.0269841$ & $-0.0677668$ & $0.00327131$ & $0.882981$ & $0.879729$ & $-0.328466$ & $-0.896298$ & $0.0561536$ & $-0.00913252$ & $-0.134686$ & $0.0720196$ & $0.0641098$ & $-0.49412$ & $-0.443226$ & $-0.432107$ & $1$ & $0.703052$ & $0.672833$ & $0.00820035$ & $-0.540716$ & $-0.472094$ & $-0.185559$ & $0.335317$ & $0.141971$ & $0.0170824$ & $-0.0249447$ & $-0.000551128$ & $0.0134257$ & $-0.0320773$ & $0.451899$ & $0.0210885$ & $0.00499856$ & $-0.0038906$ & $-0.0453266$ & $-0.00013301$ & $0.0068204$ & $-0.0253683$ & $-0.00242198$ & $0.0262703$ & $-0.00103546$ & $-0.0310878$ & $0.0331999$ & $-0.00360416$ & $0.0149351$ & $0.0351301$ \\
CHe_22 & $-0.0318266$ & $-0.127389$ & $0.0100003$ & $0.00939909$ & $0.00463755$ & $-0.063646$ & $-0.00995884$ & $0.694598$ & $0.69113$ & $-0.251929$ & $-0.714862$ & $-0.0596611$ & $-0.00143338$ & $-0.0532436$ & $-0.142093$ & $-0.104226$ & $-0.321497$ & $-0.253785$ & $-0.25112$ & $0.703052$ & $1$ & $0.588562$ & $0.0430927$ & $-0.490418$ & $-0.306255$ & $-0.164666$ & $0.413403$ & $0.124549$ & $-0.00784769$ & $-0.01721$ & $-0.00192958$ & $-0.0138773$ & $-0.0125726$ & $0.467651$ & $0.00926287$ & $0.00376283$ & $-0.00580957$ & $-0.0359223$ & $0.000422365$ & $-0.000526572$ & $-0.0173263$ & $-0.00028138$ & $0.0411365$ & $0.0120885$ & $-0.0215496$ & $0.0282612$ & $-0.00837436$ & $0.0231467$ & $0.0390373$ \\
CHe_33 & $-0.00411471$ & $-0.13102$ & $0.0193947$ & $-0.00212196$ & $0.0336588$ & $-0.0707774$ & $0.0226789$ & $0.661723$ & $0.659505$ & $-0.228287$ & $-0.682409$ & $-0.0714$ & $-0.0105371$ & $-0.0385446$ & $-0.0926485$ & $-0.180796$ & $-0.296619$ & $-0.24224$ & $-0.22884$ & $0.672833$ & $0.588562$ & $1$ & $0.0270646$ & $-0.464554$ & $-0.284212$ & $-0.130285$ & $0.406792$ & $0.136856$ & $0.0142916$ & $-0.0294272$ & $0.00606962$ & $0.0128757$ & $-0.0227181$ & $0.439499$ & $-0.000517225$ & $0.00303974$ & $-0.00980733$ & $-0.0368266$ & $-0.00906678$ & $0.0233029$ & $-0.0365329$ & $-0.0152193$ & $0.0361537$ & $0.00161803$ & $-0.0216399$ & $0.032649$ & $0.0103806$ & $0.00609352$ & $0.0321774$ \\
CHQ1_11 & $0.0142584$ & $-0.000352445$ & $0.025886$ & $0.0161774$ & $-0.0176383$ & $-0.0440883$ & $-0.0106761$ & $0.0287099$ & $0.0279093$ & $-0.0523665$ & $-0.00319453$ & $-0.00121333$ & $0.00926402$ & $-0.0626644$ & $-0.120278$ & $-0.107177$ & $-0.0289169$ & $0.0347367$ & $0.0337359$ & $0.00820035$ & $0.0430927$ & $0.0270646$ & $1$ & $-0.0772207$ & $0.0727617$ & $-0.5962$ & $0.249009$ & $0.0339166$ & $0.0094483$ & $0.0206097$ & $0.0040351$ & $-0.00456693$ & $0.0165302$ & $0.101303$ & $0.0105296$ & $-0.0253361$ & $0.0111982$ & $0.00560466$ & $-0.0239622$ & $-0.0305769$ & $-0.00654492$ & $-0.0116119$ & $-0.0195122$ & $0.0141909$ & $0.015054$ & $-0.00631309$ & $-0.0179533$ & $-0.00738567$ & $0.0168904$ \\
CHQ1_33 & $-0.012926$ & $0.0898501$ & $0.0252067$ & $0.00102388$ & $-0.0307099$ & $0.0700368$ & $-0.00831539$ & $-0.683389$ & $-0.682422$ & $0.599115$ & $0.466673$ & $0.0712005$ & $-0.002445$ & $0.528698$ & $0.239522$ & $0.221704$ & $0.671626$ & $0.485871$ & $0.487873$ & $-0.540716$ & $-0.490418$ & $-0.464554$ & $-0.0772207$ & $1$ & $0.563453$ & $0.101599$ & $-0.440813$ & $0.00242624$ & $-0.00984584$ & $0.00063503$ & $0.00892811$ & $0.000289323$ & $0.0177848$ & $-0.53781$ & $0.00570854$ & $0.0175255$ & $0.00597715$ & $0.0157756$ & $0.0104358$ & $-0.00901754$ & $-0.00886519$ & $-0.00163853$ & $-0.0178438$ & $0.00344047$ & $0.0208456$ & $-0.0181756$ & $0.0214355$ & $0.00515327$ & $-0.011069$ \\
CHQ3_11 & $-0.0325508$ & $0.0870546$ & $-0.038279$ & $-0.0144551$ & $-0.0168504$ & $-0.0242225$ & $0.000720279$ & $-0.617879$ & $-0.613573$ & $0.64155$ & $0.360756$ & $0.0442961$ & $-0.00627883$ & $0.53733$ & $-0.144226$ & $-0.14444$ & $0.766041$ & $0.778817$ & $0.775545$ & $-0.472094$ & $-0.306255$ & $-0.284212$ & $0.0727617$ & $0.563453$ & $1$ & $0.0521636$ & $0.0645365$ & $-0.0642605$ & $-0.00778007$ & $-0.00415732$ & $-0.0057327$ & $0.000904996$ & $0.0149101$ & $-0.204952$ & $-0.0172091$ & $-0.00215294$ & $-0.00720321$ & $-0.00490205$ & $0.0180363$ & $-0.0110489$ & $-0.00765437$ & $-0.000481737$ & $0.0146622$ & $0.00387003$ & $0.0100659$ & $-0.0179557$ & $-0.0148664$ & $0.00514069$ & $-0.0134502$ \\
CHu_11 & $-0.0174641$ & $0.0395909$ & $-0.0251744$ & $-0.0215687$ & $-0.00572157$ & $0.027026$ & $0.0105433$ & $-0.168098$ & $-0.165327$ & $0.0411442$ & $0.192135$ & $0.00672521$ & $-0.0173501$ & $-0.024108$ & $0.0178181$ & $0.0136902$ & $0.0449868$ & $0.0446424$ & $0.0402288$ & $-0.185559$ & $-0.164666$ & $-0.130285$ & $-0.5962$ & $0.101599$ & $0.0521636$ & $1$ & $0.0803096$ & $-0.0578816$ & $0.000205992$ & $-0.0127051$ & $-0.00198938$ & $0.00430044$ & $-0.0034797$ & $-0.102166$ & $-0.0169362$ & $0.0191532$ & $-0.00447903$ & $0.00258923$ & $0.0106467$ & $0.0202034$ & $0.0253879$ & $0.00602972$ & $0.014508$ & $0.00553783$ & $0.0054956$ & $0.00191329$ & $0.0194165$ & $0.0166045$ & $-0.0196305$ \\
CHd_11 & $-0.00172053$ & $-0.0403028$ & $-0.00689485$ & $-0.017007$ & $0.0104691$ & $-0.105171$ & $0.00784472$ & $0.428859$ & $0.43108$ & $-0.337727$ & $-0.308017$ & $-0.0748496$ & $-0.0192996$ & $-0.328535$ & $-0.487867$ & $-0.480267$ & $-0.342491$ & $-0.0344312$ & $-0.0337373$ & $0.335317$ & $0.413403$ & $0.406792$ & $0.249009$ & $-0.440813$ & $0.0645365$ & $0.0803096$ & $1$ & $0.0685868$ & $-0.00217321$ & $-0.0119542$ & $-0.00669047$ & $-0.0066644$ & $-0.0240318$ & $0.593661$ & $-0.0273992$ & $-0.016733$ & $0.00121086$ & $-0.0207509$ & $-0.0237676$ & $0.00249197$ & $-0.00863549$ & $0.00392737$ & $0.0496295$ & $0.0105212$ & $-0.00504788$ & $-0.0015277$ & $-0.00815655$ & $0.0192366$ & $0.00256951$ \\
CHd_33 & $0.0158124$ & $-0.0300507$ & $0.00136796$ & $0.00630823$ & $0.0001944$ & $-0.0192741$ & $0.000329299$ & $0.145274$ & $0.143451$ & $-0.0501456$ & $-0.148998$ & $-0.0206975$ & $-0.00559102$ & $-0.0103887$ & $-0.0397608$ & $-0.0199351$ & $-0.0696289$ & $-0.0442661$ & $-0.0538796$ & $0.141971$ & $0.124549$ & $0.136856$ & $0.0339166$ & $0.00242624$ & $-0.0642605$ & $-0.0578816$ & $0.0685868$ & $1$ & $0.00683861$ & $-0.00316159$ & $-0.00207455$ & $-0.00467626$ & $-0.000710876$ & $0.1078$ & $0.0231521$ & $-0.0207828$ & $0.0168614$ & $0.00666227$ & $-0.00759602$ & $-0.00664349$ & $0.000179255$ & $-0.0234569$ & $-0.0138837$ & $0.00953314$ & $-0.00126008$ & $0.0109516$ & $0.0066161$ & $0.0042418$ & $0.00905847$ \\
CeH_22r & $-0.0218359$ & $-0.00348118$ & $-0.0237574$ & $-0.0106419$ & $0.0201456$ & $0.00531133$ & $0.0273277$ & $0.0136787$ & $0.0175762$ & $-0.000303115$ & $-0.016894$ & $0.0219064$ & $0.0218722$ & $0.000810961$ & $-0.000539853$ & $-0.0048786$ & $-0.0108393$ & $-0.00294841$ & $0.00159854$ & $0.0170824$ & $-0.00784769$ & $0.0142916$ & $0.0094483$ & $-0.00984584$ & $-0.00778007$ & $0.000205992$ & $-0.00217321$ & $0.00683861$ & $1$ & $0.0212292$ & $0.0143111$ & $-0.000451106$ & $0.022451$ & $0.00737722$ & $-0.0370524$ & $0.00525576$ & $-0.0141031$ & $0.00601243$ & $0.0035825$ & $-0.00372974$ & $-0.0024209$ & $0.00012226$ & $-0.0192295$ & $-0.0026975$ & $-0.00521128$ & $0.0225909$ & $-0.0175602$ & $0.00880946$ & $-0.023057$ \\
CeH_33r & $0.0320836$ & $0.020209$ & $-0.0364883$ & $0.0218642$ & $-0.0153297$ & $0.00318479$ & $-0.0879043$ & $-0.0222795$ & $-0.00304032$ & $-0.0233373$ & $0.0226126$ & $0.27738$ & $0.106058$ & $-0.0116915$ & $-0.0111126$ & $-0.00521635$ & $-0.00210409$ & $0.00685357$ & $0.000669826$ & $-0.0249447$ & $-0.01721$ & $-0.0294272$ & $0.0206097$ & $0.00063503$ & $-0.00415732$ & $-0.0127051$ & $-0.0119542$ & $-0.00316159$ & $0.0212292$ & $1$ & $0.315286$ & $0.106344$ & $0.660111$ & $-0.00680052$ & $-0.0395577$ & $-0.0430554$ & $-0.136349$ & $-0.0861248$ & $-0.0451638$ & $-0.0194747$ & $0.0150788$ & $0.0292579$ & $0.00225818$ & $0.00115552$ & $0.0411061$ & $0.0134989$ & $-0.00546222$ & $-0.00719284$ & $0.000375116$ \\
CuH_22r & $0.0160317$ & $-0.0232216$ & $-0.000973938$ & $0.00964215$ & $0.00124317$ & $-0.0118515$ & $-0.0420723$ & $-0.00438236$ & $0.0067181$ & $-0.0162584$ & $0.000970617$ & $0.0796408$ & $0.0551332$ & $0.00623294$ & $0.00150392$ & $0.00278773$ & $0.0053526$ & $-0.000437385$ & $0.000944765$ & $-0.000551128$ & $-0.00192958$ & $0.00606962$ & $0.0040351$ & $0.00892811$ & $-0.0057327$ & $-0.00198938$ & $-0.00669047$ & $-0.00207455$ & $0.0143111$ & $0.315286$ & $1$ & $0.0848561$ & $0.353781$ & $-0.016071$ & $0.0026248$ & $-0.0195533$ & $-0.0304356$ & $-0.0238931$ & $-0.0119276$ & $0.00457738$ & $0.000441183$ & $3.99903e-05$ & $0.0381295$ & $-0.0457156$ & $-0.0313241$ & $0.0328038$ & $0.271377$ & $0.0261006$ & $0.00104178$ \\
CuH_33r & $-0.00899148$ & $0.0280843$ & $-0.0609308$ & $0.006448$ & $0.0202754$ & $0.0132363$ & $0.90068$ & $-0.0183606$ & $0.00563898$ & $0.0313851$ & $0.00812467$ & $0.0522192$ & $-0.152652$ & $-0.0128346$ & $0.0123941$ & $-0.00758709$ & $0.0041851$ & $0.00533519$ & $0.010602$ & $0.0134257$ & $-0.0138773$ & $0.0128757$ & $-0.00456693$ & $0.000289323$ & $0.000904996$ & $0.00430044$ & $-0.0066644$ & $-0.00467626$ & $-0.000451106$ & $0.106344$ & $0.0848561$ & $1$ & $0.139677$ & $-0.0215487$ & $0.0361535$ & $0.0154972$ & $-0.0109884$ & $-0.00905349$ & $0.0201922$ & $0.00742509$ & $-0.0603001$ & $-0.00873934$ & $0.0122384$ & $-0.000281678$ & $-0.00564865$ & $0.0207868$ & $0.0144252$ & $0.0110415$ & $0.00167656$ \\
CdH_33r & $0.0122883$ & $-0.0143647$ & $0.00825148$ & $0.0174307$ & $-0.0148601$ & $0.000747238$ & $-0.109726$ & $-0.0282877$ & $-0.0109696$ & $-0.0134828$ & $0.0228101$ & $0.263853$ & $0.107203$ & $0.0219424$ & $0.000887849$ & $0.00161734$ & $0.0210462$ & $0.0181973$ & $0.0204693$ & $-0.0320773$ & $-0.0125726$ & $-0.0227181$ & $0.0165302$ & $0.0177848$ & $0.0149101$ & $-0.0034797$ & $-0.0240318$ & $-0.000710876$ & $0.022451$ & $0.660111$ & $0.353781$ & $0.139677$ & $1$ & $-0.0223638$ & $0.018837$ & $-0.0529264$ & $-0.123073$ & $-0.0660109$ & $0.00995385$ & $0.00363615$ & $-0.0128875$ & $0.0308782$ & $-0.0406428$ & $0.000477464$ & $-0.02035$ & $-0.0402065$ & $0.0296166$ & $0.118999$ & $0.371462$ \\
CLL_1221 & $0.0120464$ & $0.00406902$ & $0.012401$ & $-0.0145388$ & $0.019266$ & $-0.143406$ & $0.00140389$ & $0.646982$ & $0.643358$ & $-0.41797$ & $-0.50818$ & $-0.236159$ & $-0.0174738$ & $-0.321682$ & $-0.555764$ & $-0.23745$ & $-0.359878$ & $0.0783081$ & $-0.233026$ & $0.451899$ & $0.467651$ & $0.439499$ & $0.101303$ & $-0.53781$ & $-0.204952$ & $-0.102166$ & $0.593661$ & $0.1078$ & $0.00737722$ & $-0.00680052$ & $-0.016071$ & $-0.0215487$ & $-0.0223638$ & $1$ & $-0.0427255$ & $-0.00618276$ & $-0.00317813$ & $-0.0101658$ & $-0.0243176$ & $-0.00309929$ & $-0.0306785$ & $0.00599966$ & $0.0431089$ & $0.0249273$ & $-0.0281637$ & $0.019186$ & $-0.0324725$ & $-0.0203981$ & $0.0049663$ \\
eHggint & $-0.0960992$ & $0.0627852$ & $0.0347657$ & $-0.0971689$ & $-0.00458558$ & $0.00884632$ & $-0.0177545$ & $-0.00443436$ & $-0.0171666$ & $0.0225357$ & $0.00268944$ & $0.112103$ & $-0.000703191$ & $-0.00683278$ & $0.0315572$ & $0.0371498$ & $-0.00468002$ & $-0.0403925$ & $-0.0252776$ & $0.0210885$ & $0.00926287$ & $-0.000517225$ & $0.0105296$ & $0.00570854$ & $-0.0172091$ & $-0.0169362$ & $-0.0273992$ & $0.0231521$ & $-0.0370524$ & $-0.0395577$ & $0.0026248$ & $0.0361535$ & $0.018837$ & $-0.0427255$ & $1$ & $-0.0491579$ & $0.0289319$ & $0.00754893$ & $0.0199045$ & $0.0226541$ & $-0.014649$ & $-0.0202092$ & $-0.119781$ & $0.0104216$ & $0.118898$ & $-0.00128075$ & $0.101707$ & $0.0986254$ & $0.13798$ \\
eHggpar & $0.0620097$ & $0.0183681$ & $-0.0306762$ & $-0.0465394$ & $0.016069$ & $-0.0180441$ & $-0.000355103$ & $-0.00236115$ & $-0.000934086$ & $0.0211396$ & $-0.0131962$ & $0.0242401$ & $0.00848458$ & $0.0213052$ & $0.0216331$ & $0.0190813$ & $0.0201071$ & $0.00702483$ & $-0.00442177$ & $0.00499856$ & $0.00376283$ & $0.00303974$ & $-0.0253361$ & $0.0175255$ & $-0.00215294$ & $0.0191532$ & $-0.016733$ & $-0.0207828$ & $0.00525576$ & $-0.0430554$ & $-0.0195533$ & $0.0154972$ & $-0.0529264$ & $-0.00618276$ & $-0.0491579$ & $1$ & $-0.00291752$ & $0.0260353$ & $0.0309361$ & $0.0025834$ & $0.0409709$ & $0.0343771$ & $0.0994674$ & $0.0141715$ & $-0.0675829$ & $0.00955132$ & $-0.0401907$ & $-0.0398263$ & $-0.0877656$ \\
eHWWint & $-0.0711803$ & $0.0505477$ & $0.106206$ & $-0.054482$ & $0.00650511$ & $0.00821072$ & $0.0139381$ & $-0.0061631$ & $-0.0152367$ & $-0.0150818$ & $0.0289872$ & $0.00570618$ & $0.0295549$ & $-0.0165845$ & $0.0157679$ & $0.0108507$ & $-0.00800897$ & $-0.0193775$ & $-0.0154366$ & $-0.0038906$ & $-0.00580957$ & $-0.00980733$ & $0.0111982$ & $0.00597715$ & $-0.00720321$ & $-0.00447903$ & $0.00121086$ & $0.0168614$ & $-0.0141031$ & $-0.136349$ & $-0.0304356$ & $-0.0109884$ & $-0.123073$ & $-0.00317813$ & $0.0289319$ & $-0.00291752$ & $1$ & $0.023277$ & $0.0308072$ & $0.0238237$ & $-0.00391602$ & $-0.0378914$ & $-0.0102121$ & $-0.0511857$ & $0.0803894$ & $-0.108389$ & $0.0905435$ & $0.0503482$ & $0.0494898$ \\
eHWWpar & $-0.00364768$ & $0.0403466$ & $-0.0266454$ & $0.0162588$ & $-0.0427913$ & $0.00770397$ & $0.0112911$ & $-0.0257244$ & $-0.0272757$ & $0.0113946$ & $0.0290111$ & $-0.00512864$ & $0.00808637$ & $8.57454e-05$ & $0.0104137$ & $0.00746017$ & $0.0146428$ & $-0.00738712$ & $-0.00317299$ & $-0.0453266$ & $-0.0359223$ & $-0.0368266$ & $0.00560466$ & $0.0157756$ & $-0.00490205$ & $0.00258923$ & $-0.0207509$ & $0.00666227$ & $0.00601243$ & $-0.0861248$ & $-0.0238931$ & $-0.00905349$ & $-0.0660109$ & $-0.0101658$ & $0.00754893$ & $0.0260353$ & $0.023277$ & $1$ & $-5.6168e-05$ & $-5.52552e-05$ & $-0.0493142$ & $-0.0172466$ & $0.0146303$ & $-0.00158656$ & $0.0274107$ & $-0.0120582$ & $0.02732$ & $0.0232665$ & $0.0352673$ \\
eHZZint & $-0.0619671$ & $0.00799789$ & $-0.0498772$ & $0.0137611$ & $0.00375177$ & $0.0103153$ & $0.00369998$ & $-0.0123962$ & $-0.018814$ & $0.034789$ & $-0.00813473$ & $0.0100793$ & $-0.0057942$ & $0.0298377$ & $0.0161221$ & $0.00414334$ & $0.0292976$ & $0.00591917$ & $0.0245761$ & $-0.00013301$ & $0.000422365$ & $-0.00906678$ & $-0.0239622$ & $0.0104358$ & $0.0180363$ & $0.0106467$ & $-0.0237676$ & $-0.00759602$ & $0.0035825$ & $-0.0451638$ & $-0.0119276$ & $0.0201922$ & $0.00995385$ & $-0.0243176$ & $0.0199045$ & $0.0309361$ & $0.0308072$ & $-5.6168e-05$ & $1$ & $0.0309339$ & $-0.0186526$ & $-0.0336904$ & $-0.067451$ & $-0.0721842$ & $-0.0544096$ & $0.00899086$ & $-0.0594102$ & $0.099313$ & $0.0495659$ \\
eHZZpar & $-0.0519744$ & $-0.0141063$ & $0.0203699$ & $0.00975676$ & $0.0379369$ & $-0.0169057$ & $0.00139471$ & $0.0124524$ & $0.00935961$ & $-0.00829996$ & $0.00027748$ & $-0.0127624$ & $-0.0199878$ & $-0.0121411$ & $0.0178959$ & $-0.00170142$ & $-0.00967647$ & $-0.027358$ & $-0.00899952$ & $0.0068204$ & $-0.000526572$ & $0.0233029$ & $-0.0305769$ & $-0.00901754$ & $-0.0110489$ & $0.0202034$ & $0.00249197$ & $-0.00664349$ & $-0.00372974$ & $-0.0194747$ & $0.00457738$ & $0.00742509$ & $0.00363615$ & $-0.00309929$ & $0.0226541$ & $0.0025834$ & $0.0238237$ & $-5.52552e-05$ & $0.0309339$ & $1$ & $0.0211031$ & $-0.0257291$ & $-0.0231507$ & $0.00240283$ & $0.0432282$ & $-0.0114996$ & $0.0193437$ & $0.0455868$ & $0.0277503$ \\
eHZgaint & $-0.0258598$ & $-0.0421662$ & $0.0390797$ & $-0.00856354$ & $0.0202807$ & $0.0294355$ & $-0.0576293$ & $-0.0203935$ & $-0.0226604$ & $-0.0299851$ & $0.0382492$ & $0.0012185$ & $0.00617447$ & $-0.0247113$ & $-0.0219803$ & $-0.00472444$ & $-0.0269931$ & $-0.0111546$ & $-0.0125494$ & $-0.0253683$ & $-0.0173263$ & $-0.0365329$ & $-0.00654492$ & $-0.00886519$ & $-0.00765437$ & $0.0253879$ & $-0.00863549$ & $0.000179255$ & $-0.0024209$ & $0.0150788$ & $0.000441183$ & $-0.0603001$ & $-0.0128875$ & $-0.0306785$ & $-0.014649$ & $0.0409709$ & $-0.00391602$ & $-0.0493142$ & $-0.0186526$ & $0.0211031$ & $1$ & $-0.0372753$ & $-0.0371597$ & $0.0201289$ & $-0.0259899$ & $-0.0904525$ & $-0.017576$ & $-0.00695679$ & $-0.0448563$ \\
eHZgapar & $0.0217562$ & $-0.0223444$ & $-0.0398231$ & $0.0233251$ & $-0.0354361$ & $0.0144491$ & $-0.0157007$ & $0.00220801$ & $0.00463919$ & $-0.00399683$ & $-0.00241993$ & $-0.00735617$ & $0.00107907$ & $0.00317961$ & $-0.0137321$ & $-0.000917885$ & $-0.000649844$ & $0.002484$ & $-0.00156559$ & $-0.00242198$ & $-0.00028138$ & $-0.0152193$ & $-0.0116119$ & $-0.00163853$ & $-0.000481737$ & $0.00602972$ & $0.00392737$ & $-0.0234569$ & $0.00012226$ & $0.0292579$ & $3.99903e-05$ & $-0.00873934$ & $0.0308782$ & $0.00599966$ & $-0.0202092$ & $0.0343771$ & $-0.0378914$ & $-0.0172466$ & $-0.0336904$ & $-0.0257291$ & $-0.0372753$ & $1$ & $0.061316$ & $-0.00497255$ & $-0.0337752$ & $0.0290407$ & $-0.0284804$ & $0.0159683$ & $0.0198831$ \\
eHgagaint & $0.0650277$ & $0.000140302$ & $-0.0247574$ & $-0.0563486$ & $0.00803152$ & $-0.00300366$ & $0.0191153$ & $0.0322048$ & $0.076662$ & $-0.0179317$ & $-0.0411421$ & $-0.0611232$ & $-0.0225726$ & $0.0105594$ & $-0.00475317$ & $-0.0367328$ & $0.000337281$ & $0.0159799$ & $0.0181889$ & $0.0262703$ & $0.0411365$ & $0.0361537$ & $-0.0195122$ & $-0.0178438$ & $0.0146622$ & $0.014508$ & $0.0496295$ & $-0.0138837$ & $-0.0192295$ & $0.00225818$ & $0.0381295$ & $0.0122384$ & $-0.0406428$ & $0.0431089$ & $-0.119781$ & $0.0994674$ & $-0.0102121$ & $0.0146303$ & $-0.067451$ & $-0.0231507$ & $-0.0371597$ & $0.061316$ & $1$ & $0.0341124$ & $-0.0638724$ & $0.0409461$ & $0.101932$ & $-0.038665$ & $-0.104293$ \\
eHmumuint & $-0.0112253$ & $0.00886999$ & $-0.0946008$ & $0.0508303$ & $-0.0245721$ & $0.00324096$ & $-0.00937301$ & $0.00141997$ & $0.0028248$ & $0.0215758$ & $-0.0166278$ & $0.0169011$ & $0.0158041$ & $0.0127428$ & $-0.0279579$ & $-0.0155785$ & $0.00494143$ & $0.0288028$ & $0.0038531$ & $-0.00103546$ & $0.0120885$ & $0.00161803$ & $0.0141909$ & $0.00344047$ & $0.00387003$ & $0.00553783$ & $0.0105212$ & $0.00953314$ & $-0.0026975$ & $0.00115552$ & $-0.0457156$ & $-0.000281678$ & $0.000477464$ & $0.0249273$ & $0.0104216$ & $0.0141715$ & $-0.0511857$ & $-0.00158656$ & $-0.0721842$ & $0.00240283$ & $0.0201289$ & $-0.00497255$ & $0.0341124$ & $1$ & $-0.0396197$ & $0.0644836$ & $-0.0953044$ & $-0.116496$ & $0.0265875$ \\
eHtautauint & $-0.126158$ & $0.0339011$ & $0.0481199$ & $-0.0376646$ & $-0.022942$ & $0.00767521$ & $-0.00328469$ & $-0.0318149$ & $-0.0377329$ & $0.00858466$ & $0.0394545$ & $0.0250066$ & $0.0106585$ & $-0.00146724$ & $0.0190792$ & $0.00338073$ & $0.0108784$ & $-0.00377676$ & $-0.00428057$ & $-0.0310878$ & $-0.0215496$ & $-0.0216399$ & $0.015054$ & $0.0208456$ & $0.0100659$ & $0.0054956$ & $-0.00504788$ & $-0.00126008$ & $-0.00521128$ & $0.0411061$ & $-0.0313241$ & $-0.00564865$ & $-0.02035$ & $-0.0281637$ & $0.118898$ & $-0.0675829$ & $0.0803894$ & $0.0274107$ & $-0.0544096$ & $0.0432282$ & $-0.0259899$ & $-0.0337752$ & $-0.0638724$ & $-0.0396197$ & $1$ & $0.0864491$ & $-0.0499414$ & $-0.0519391$ & $0.0444094$ \\
eHccint & $-0.0644497$ & $-0.0349604$ & $0.0097283$ & $-0.0202822$ & $-0.00137153$ & $0.00475686$ & $0.0286716$ & $0.0335276$ & $0.0362781$ & $0.00134719$ & $-0.035868$ & $0.00761685$ & $0.020539$ & $0.000997621$ & $-0.000591411$ & $0.00770445$ & $-0.01096$ & $-0.00796094$ & $-0.0143091$ & $0.0331999$ & $0.0282612$ & $0.032649$ & $-0.00631309$ & $-0.0181756$ & $-0.0179557$ & $0.00191329$ & $-0.0015277$ & $0.0109516$ & $0.0225909$ & $0.0134989$ & $0.0328038$ & $0.0207868$ & $-0.0402065$ & $0.019186$ & $-0.00128075$ & $0.00955132$ & $-0.108389$ & $-0.0120582$ & $0.00899086$ & $-0.0114996$ & $-0.0904525$ & $0.0290407$ & $0.0409461$ & $0.0644836$ & $0.0864491$ & $1$ & $-0.0791849$ & $-0.167217$ & $-0.0692699$ \\
eHccpar & $-0.00154208$ & $-0.0473575$ & $0.0366864$ & $-0.0432104$ & $0.0269293$ & $0.0169736$ & $0.00509818$ & $-0.00631087$ & $-0.00187224$ & $-0.00682523$ & $0.0173126$ & $0.0309902$ & $0.0245963$ & $0.00190717$ & $0.0209353$ & $0.00212901$ & $-0.0109145$ & $-0.0173466$ & $-0.0178157$ & $-0.00360416$ & $-0.00837436$ & $0.0103806$ & $-0.0179533$ & $0.0214355$ & $-0.0148664$ & $0.0194165$ & $-0.00815655$ & $0.0066161$ & $-0.0175602$ & $-0.00546222$ & $0.271377$ & $0.0144252$ & $0.0296166$ & $-0.0324725$ & $0.101707$ & $-0.0401907$ & $0.0905435$ & $0.02732$ & $-0.0594102$ & $0.0193437$ & $-0.017576$ & $-0.0284804$ & $0.101932$ & $-0.0953044$ & $-0.0499414$ & $-0.0791849$ & $1$ & $0.104421$ & $0.063236$ \\
eHbbint & $-0.0885562$ & $-0.074806$ & $0.0349096$ & $-0.0419083$ & $-0.00470571$ & $-0.00354913$ & $0.00212055$ & $0.0137519$ & $0.0093123$ & $0.00516363$ & $-0.00766272$ & $-0.00169997$ & $-0.0273501$ & $0.0044774$ & $0.0155369$ & $0.00744913$ & $9.59741e-05$ & $-0.0230625$ & $-0.00606128$ & $0.0149351$ & $0.0231467$ & $0.00609352$ & $-0.00738567$ & $0.00515327$ & $0.00514069$ & $0.0166045$ & $0.0192366$ & $0.0042418$ & $0.00880946$ & $-0.00719284$ & $0.0261006$ & $0.0110415$ & $0.118999$ & $-0.0203981$ & $0.0986254$ & $-0.0398263$ & $0.0503482$ & $0.0232665$ & $0.099313$ & $0.0455868$ & $-0.00695679$ & $0.0159683$ & $-0.038665$ & $-0.116496$ & $-0.0519391$ & $-0.167217$ & $0.104421$ & $1$ & $0.0287614$ \\
eHbbpar & $-0.0416303$ & $-0.0482735$ & $0.0951755$ & $-0.0160056$ & $-0.0273564$ & $0.0125437$ & $-0.0193107$ & $0.0340166$ & $0.0263079$ & $0.00194447$ & $-0.0289976$ & $0.0374067$ & $0.0327805$ & $0.0264321$ & $0.0164464$ & $-0.0099496$ & $-0.0055792$ & $-0.0172884$ & $0.00332917$ & $0.0351301$ & $0.0390373$ & $0.0321774$ & $0.0168904$ & $-0.011069$ & $-0.0134502$ & $-0.0196305$ & $0.00256951$ & $0.00905847$ & $-0.023057$ & $0.000375116$ & $0.00104178$ & $0.00167656$ & $0.371462$ & $0.0049663$ & $0.13798$ & $-0.0877656$ & $0.0494898$ & $0.0352673$ & $0.0495659$ & $0.0277503$ & $-0.0448563$ & $0.0198831$ & $-0.104293$ & $0.0265875$ & $0.0444094$ & $-0.0692699$ & $0.063236$ & $0.0287614$ & $1$ \\
