 & AlsMz & dAle5Mz & mtop & mHl & Mz & CW & CHG & CHWB & CHWHB_gaga & CHWHB_gagaorth & CHD & CHbox & CH & CHL1_11 & CHL1_22 & CHL1_33 & CHL3_11 & CHL3_22 & CHL3_33 & CHe_11 & CHe_22 & CHe_33 & CHQ1_11 & CHQ1_33 & CHQ3_11 & CHu_11 & CHd_11 & CHd_33 & CeH_22r & CeH_33r & CuH_22r & CuH_33r & CdH_33r & CLL_1221 & eHggint & eHggpar & eHWWint & eHWWpar & eHZZint & eHZZpar & eHZgaint & eHZgapar & eHgagaint & eHmumuint & eHtautauint & eHccint & eHccpar & eHbbint & eHbbpar \\
AlsMz & $1$ & $-0.0402451$ & $-0.0601568$ & $0.0263458$ & $-0.010218$ & $0.00818252$ & $-0.0023531$ & $-0.020666$ & $-0.0169212$ & $-0.012658$ & $0.00327866$ & $-0.0233613$ & $-0.0130846$ & $0.0142764$ & $-0.0172743$ & $-0.00650725$ & $0.0230682$ & $0.0340233$ & $0.0245977$ & $-0.00935552$ & $-0.00941734$ & $-0.0110556$ & $-0.024965$ & $-0.0172156$ & $-0.0546899$ & $-0.00628733$ & $-0.0364816$ & $0.0061282$ & $-0.0211716$ & $-0.00487957$ & $-0.00967452$ & $-0.0221734$ & $-0.0108955$ & $-0.00548201$ & $-0.14478$ & $-0.192724$ & $-0.0561303$ & $-0.00750714$ & $0.130828$ & $-0.0270856$ & $-0.0464336$ & $-0.0164876$ & $-0.0135805$ & $-0.0520313$ & $-0.0638636$ & $-0.135723$ & $-0.0095526$ & $-0.0914102$ & $0.0108435$ \\
dAle5Mz & $-0.0402451$ & $1$ & $-0.0597963$ & $0.120367$ & $0.0241016$ & $-0.00563634$ & $-0.0507265$ & $-0.0496864$ & $-0.04003$ & $0.0242265$ & $0.021875$ & $0.0815845$ & $0.0606007$ & $0.00151725$ & $0.0233281$ & $-0.00110765$ & $0.0469124$ & $0.0164242$ & $0.0303239$ & $-0.00401413$ & $-0.00612647$ & $-0.00752582$ & $0.00494757$ & $0.0263596$ & $0.0394549$ & $-0.00312966$ & $-0.0119579$ & $-0.0125494$ & $0.00806901$ & $0.0697766$ & $0.0468743$ & $-0.0453026$ & $0.0611409$ & $-0.00455367$ & $0.0651353$ & $-0.197225$ & $-0.0907765$ & $-0.0264853$ & $0.152915$ & $-0.0525977$ & $-0.0520284$ & $0.0170375$ & $0.126623$ & $0.103055$ & $-0.00495963$ & $-0.0898573$ & $0.0563699$ & $-0.0919302$ & $0.0153606$ \\
mtop & $-0.0601568$ & $-0.0597963$ & $1$ & $-0.0825335$ & $0.0416189$ & $-0.00463691$ & $-0.00113273$ & $0.0232607$ & $0.026993$ & $-0.029661$ & $-0.0277881$ & $-0.0298088$ & $-0.0248787$ & $0.0290655$ & $0.0174167$ & $0.0221939$ & $0.0205591$ & $0.0132908$ & $0.0113533$ & $0.0335822$ & $0.0318887$ & $0.0322257$ & $-0.0385319$ & $0.0109318$ & $0.026457$ & $0.00828079$ & $0.01814$ & $0.00105953$ & $0.00664444$ & $-6.86163e-05$ & $-0.0119701$ & $-0.00447191$ & $-0.0293838$ & $0.00511923$ & $-0.0239274$ & $-0.0786959$ & $-0.118696$ & $-0.00381376$ & $-0.0267052$ & $-0.00783421$ & $0.0410352$ & $0.00496687$ & $0.114352$ & $-0.0818151$ & $-0.1444$ & $-0.0523047$ & $-0.0516574$ & $-0.0183559$ & $-0.10463$ \\
mHl & $0.0263458$ & $0.120367$ & $-0.0825335$ & $1$ & $-0.0289539$ & $0.0162551$ & $0.0557334$ & $-0.048472$ & $-0.0500334$ & $0.0561754$ & $0.0597421$ & $-0.0492506$ & $-0.0579651$ & $-0.0513172$ & $-0.0256638$ & $-0.0339583$ & $-0.0193901$ & $-0.0153488$ & $-0.00883791$ & $-0.057854$ & $-0.057991$ & $-0.0554835$ & $-0.0220621$ & $-0.000312409$ & $-0.0172204$ & $0.0438828$ & $-0.0211431$ & $-0.0292554$ & $-0.0295531$ & $-0.0592353$ & $-0.0350052$ & $0.0543292$ & $-0.0734254$ & $-0.0120567$ & $0.0745851$ & $0.044175$ & $0.00251185$ & $0.0449882$ & $0.106109$ & $0.00819336$ & $0.039834$ & $-0.0124707$ & $0.0418933$ & $0.0272785$ & $-0.00682746$ & $0.0969076$ & $0.0731479$ & $0.102283$ & $-0.0926805$ \\
Mz & $-0.010218$ & $0.0241016$ & $0.0416189$ & $-0.0289539$ & $1$ & $0.0158494$ & $-0.017349$ & $0.00333372$ & $0.0085664$ & $-0.00315758$ & $-0.013371$ & $0.0330184$ & $0.0305159$ & $0.0396936$ & $0.030469$ & $0.0248378$ & $0.0234396$ & $0.0144989$ & $0.016799$ & $0.0213177$ & $0.0186093$ & $0.016337$ & $-0.0102416$ & $0.0236986$ & $0.0133221$ & $-0.0110204$ & $-0.0264057$ & $0.0152156$ & $0.000745231$ & $0.0258962$ & $0.0376055$ & $-0.0118054$ & $0.0404719$ & $-0.0280443$ & $-0.0272567$ & $-0.0149673$ & $-0.0329335$ & $0.0123512$ & $0.0527099$ & $0.000669201$ & $-0.0365094$ & $-0.0178083$ & $0.0346251$ & $-0.00258736$ & $-0.00983182$ & $-0.0247661$ & $0.0205051$ & $0.0225177$ & $0.00649651$ \\
CW & $0.00818252$ & $-0.00563634$ & $-0.00463691$ & $0.0162551$ & $0.0158494$ & $1$ & $0.0349927$ & $-0.0343378$ & $-0.030468$ & $0.0195892$ & $0.146017$ & $0.00282483$ & $-0.0223198$ & $-0.0355558$ & $-0.0852722$ & $-0.0771945$ & $-0.367437$ & $-0.169252$ & $-0.17131$ & $-0.143482$ & $-0.148008$ & $-0.14574$ & $0.00292242$ & $-0.125006$ & $-0.220114$ & $0.101583$ & $-0.067401$ & $-0.0531882$ & $-0.0164039$ & $-0.0227349$ & $-0.0185499$ & $0.0438674$ & $-0.0224818$ & $-0.0866547$ & $0.00360622$ & $0.0130878$ & $0.00367087$ & $-0.00339308$ & $0.00435102$ & $0.00446289$ & $-0.00399983$ & $0.00199896$ & $-0.0126464$ & $0.00995938$ & $0.0171889$ & $-0.00803572$ & $0.00760319$ & $0.0115985$ & $-0.0208566$ \\
CHG & $-0.0023531$ & $-0.0507265$ & $-0.00113273$ & $0.0557334$ & $-0.017349$ & $0.0349927$ & $1$ & $-0.0343962$ & $-0.0117371$ & $0.206289$ & $0.108424$ & $-0.732293$ & $-0.772271$ & $-0.153583$ & $-0.0649737$ & $-0.063227$ & $-0.145987$ & $-0.115002$ & $-0.117183$ & $-0.109104$ & $-0.10715$ & $-0.10625$ & $0.00590987$ & $-0.0846173$ & $-0.126125$ & $0.0714457$ & $-0.0107834$ & $-0.0454946$ & $-0.167603$ & $-0.588151$ & $-0.392884$ & $0.960799$ & $-0.619545$ & $0.0133822$ & $-0.0526691$ & $0.0331807$ & $0.036573$ & $0.046196$ & $-0.00480235$ & $0.00824432$ & $-0.123368$ & $-0.025338$ & $-0.0340984$ & $-0.0309888$ & $0.0348849$ & $0.0153227$ & $-0.0113065$ & $0.00993899$ & $-0.0739866$ \\
CHWB & $-0.020666$ & $-0.0496864$ & $0.0232607$ & $-0.048472$ & $0.00333372$ & $-0.0343378$ & $-0.0343962$ & $1$ & $0.988818$ & $-0.554305$ & $-0.873433$ & $-0.0271521$ & $0.0432857$ & $0.271749$ & $0.455712$ & $0.459717$ & $-0.225083$ & $-0.404582$ & $-0.409782$ & $0.856889$ & $0.886063$ & $0.877515$ & $0.027602$ & $-0.634387$ & $-0.376346$ & $-0.598237$ & $0.390893$ & $0.385603$ & $0.00353162$ & $0.0274222$ & $0.0321383$ & $-0.0477884$ & $0.0202416$ & $0.527658$ & $-0.0173496$ & $0.00666702$ & $-0.00277946$ & $-0.00749335$ & $0.0191222$ & $0.00445445$ & $0.0103085$ & $-0.00465653$ & $-0.00145481$ & $-0.00592515$ & $-0.0158936$ & $0.000748281$ & $0.0458544$ & $-0.00447885$ & $-0.0382644$ \\
CHWHB_gaga & $-0.0169212$ & $-0.04003$ & $0.026993$ & $-0.0500334$ & $0.0085664$ & $-0.030468$ & $-0.0117371$ & $0.988818$ & $1$ & $-0.550931$ & $-0.860876$ & $-0.0195445$ & $0.0477436$ & $0.263015$ & $0.450415$ & $0.453213$ & $-0.227804$ & $-0.405516$ & $-0.410034$ & $0.844782$ & $0.873618$ & $0.865062$ & $0.0279246$ & $-0.632026$ & $-0.378408$ & $-0.591514$ & $0.384417$ & $0.380753$ & $0.00853608$ & $0.0449068$ & $0.043824$ & $-0.0277607$ & $0.0373957$ & $0.522526$ & $-0.0306504$ & $0.000987248$ & $-0.00281182$ & $-0.00728563$ & $0.0189729$ & $0.000428894$ & $0.00768013$ & $-0.00436777$ & $0.051233$ & $-0.00549727$ & $-0.0147629$ & $8.70368e-05$ & $0.0486362$ & $-0.0125683$ & $-0.0353979$ \\
CHWHB_gagaorth & $-0.012658$ & $0.0242265$ & $-0.029661$ & $0.0561754$ & $-0.00315758$ & $0.0195892$ & $0.206289$ & $-0.554305$ & $-0.550931$ & $1$ & $0.491223$ & $-0.103343$ & $-0.258946$ & $-0.156937$ & $-0.259694$ & $-0.258823$ & $0.105192$ & $0.214229$ & $0.213801$ & $-0.482021$ & $-0.498367$ & $-0.494258$ & $-0.0290719$ & $0.34413$ & $0.200796$ & $0.337435$ & $-0.216236$ & $-0.197729$ & $-0.0657757$ & $-0.224674$ & $-0.148351$ & $0.217571$ & $-0.243159$ & $-0.292096$ & $0.0468888$ & $0.0196935$ & $0.0364475$ & $0.0234208$ & $-0.0165291$ & $0.00871674$ & $-0.0797148$ & $0.00603669$ & $-0.0255249$ & $0.0133395$ & $0.0114205$ & $-0.00954702$ & $-0.0131485$ & $0.010202$ & $-0.00718677$ \\
CHD & $0.00327866$ & $0.021875$ & $-0.0277881$ & $0.0597421$ & $-0.013371$ & $0.146017$ & $0.108424$ & $-0.873433$ & $-0.860876$ & $0.491223$ & $1$ & $-0.0260551$ & $-0.124824$ & $-0.665807$ & $-0.573007$ & $-0.566941$ & $-0.249514$ & $-0.0200614$ & $-0.0141975$ & $-0.994714$ & $-0.994981$ & $-0.983202$ & $0.0339517$ & $0.222891$ & $-0.0577791$ & $0.676355$ & $-0.263472$ & $-0.433714$ & $-0.0217014$ & $-0.0939914$ & $-0.083877$ & $0.125202$ & $-0.102128$ & $-0.322165$ & $0.0280273$ & $0.0155804$ & $0.00121476$ & $0.0223768$ & $-0.011364$ & $0.0073909$ & $-0.0264613$ & $-0.0092388$ & $0.00484431$ & $0.0198926$ & $0.0188895$ & $0.0196766$ & $-0.0406808$ & $0.00357757$ & $0.0170836$ \\
CHbox & $-0.0233613$ & $0.0815845$ & $-0.0298088$ & $-0.0492506$ & $0.0330184$ & $0.00282483$ & $-0.732293$ & $-0.0271521$ & $-0.0195445$ & $-0.103343$ & $-0.0260551$ & $1$ & $0.947147$ & $0.0863756$ & $0.0284694$ & $0.0309354$ & $0.0994531$ & $0.0875886$ & $0.0887483$ & $0.0298721$ & $0.024699$ & $0.0257703$ & $-0.0142001$ & $0.0823681$ & $0.093913$ & $-0.0130037$ & $-0.0258617$ & $-0.00204702$ & $0.218754$ & $0.723548$ & $0.446888$ & $-0.644351$ & $0.739819$ & $-0.0425665$ & $0.0848916$ & $-0.0333259$ & $-0.0288911$ & $-0.0684028$ & $-0.0265698$ & $-0.0185596$ & $0.154236$ & $0.0467382$ & $0.0500824$ & $0.0556348$ & $-0.0775599$ & $-0.00218772$ & $0.00828486$ & $-0.0369319$ & $0.0524904$ \\
CH & $-0.0130846$ & $0.0606007$ & $-0.0248787$ & $-0.0579651$ & $0.0305159$ & $-0.0223198$ & $-0.772271$ & $0.0432857$ & $0.0477436$ & $-0.258946$ & $-0.124824$ & $0.947147$ & $1$ & $0.172454$ & $0.0751224$ & $0.0708784$ & $0.159958$ & $0.124993$ & $0.129385$ & $0.125092$ & $0.123292$ & $0.122816$ & $-0.00735182$ & $0.0882568$ & $0.139317$ & $-0.0808969$ & $0.0152808$ & $0.0399395$ & $0.224934$ & $0.733962$ & $0.47033$ & $-0.694194$ & $0.751071$ & $-0.0130214$ & $0.0708809$ & $-0.0363728$ & $-0.00632263$ & $-0.0744227$ & $-0.0278524$ & $-0.0130709$ & $0.18212$ & $0.0438284$ & $0.044331$ & $0.0497865$ & $-0.0480107$ & $0.00293344$ & $0.0214286$ & $-0.0412982$ & $0.0553275$ \\
CHL1_11 & $0.0142764$ & $0.00151725$ & $0.0290655$ & $-0.0513172$ & $0.0396936$ & $-0.0355558$ & $-0.153583$ & $0.271749$ & $0.263015$ & $-0.156937$ & $-0.665807$ & $0.0863756$ & $0.172454$ & $1$ & $0.411961$ & $0.392236$ & $0.638272$ & $0.590319$ & $0.588348$ & $0.675417$ & $0.639225$ & $0.629202$ & $-0.107037$ & $0.432932$ & $0.590529$ & $-0.43611$ & $-0.0544721$ & $0.281846$ & $0.0284169$ & $0.137365$ & $0.108916$ & $-0.164149$ & $0.163752$ & $-0.171201$ & $-0.0293427$ & $-0.0272695$ & $-0.00450053$ & $-0.0307907$ & $-0.00227723$ & $-0.0120159$ & $0.037118$ & $0.0240968$ & $-0.0109947$ & $-0.0330404$ & $-0.0138422$ & $-0.0316677$ & $0.0101818$ & $0.00397286$ & $0.0139418$ \\
CHL1_22 & $-0.0172743$ & $0.0233281$ & $0.0174167$ & $-0.0256638$ & $0.030469$ & $-0.0852722$ & $-0.0649737$ & $0.455712$ & $0.450415$ & $-0.259694$ & $-0.573007$ & $0.0284694$ & $0.0751224$ & $0.411961$ & $1$ & $0.551705$ & $0.172065$ & $-0.307984$ & $-0.0125214$ & $0.617755$ & $0.51657$ & $0.50747$ & $-0.195736$ & $0.0381739$ & $-0.0681111$ & $-0.343645$ & $-0.314493$ & $0.204374$ & $0.029887$ & $0.064126$ & $0.0540357$ & $-0.0713084$ & $0.0570939$ & $-0.475468$ & $-0.0116847$ & $-0.0284243$ & $0.0203005$ & $-0.0166373$ & $-0.00527508$ & $0.00249468$ & $0.0220422$ & $-0.00911295$ & $-0.016292$ & $0.00224472$ & $-0.00663394$ & $-0.0211074$ & $0.0385243$ & $-0.00920049$ & $-0.0152115$ \\
CHL1_33 & $-0.00650725$ & $-0.00110765$ & $0.0221939$ & $-0.0339583$ & $0.0248378$ & $-0.0771945$ & $-0.063227$ & $0.459717$ & $0.453213$ & $-0.258823$ & $-0.566941$ & $0.0309354$ & $0.0708784$ & $0.392236$ & $0.551705$ & $1$ & $0.155094$ & $-0.0206851$ & $-0.318505$ & $0.610604$ & $0.511379$ & $0.520067$ & $-0.173831$ & $0.0231629$ & $-0.080237$ & $-0.35341$ & $-0.30118$ & $0.215584$ & $0.0354489$ & $0.0586013$ & $0.0531707$ & $-0.0706064$ & $0.0535514$ & $-0.0353746$ & $-0.0187272$ & $-0.0115216$ & $0.00662828$ & $-0.0299542$ & $0.017573$ & $-0.00924374$ & $0.0170872$ & $-0.0173568$ & $-0.0296026$ & $-0.00119417$ & $-0.0307155$ & $-0.00799036$ & $0.0431972$ & $0.000796007$ & $-0.029868$ \\
CHL3_11 & $0.0230682$ & $0.0469124$ & $0.0205591$ & $-0.0193901$ & $0.0234396$ & $-0.367437$ & $-0.145987$ & $-0.225083$ & $-0.227804$ & $0.105192$ & $-0.249514$ & $0.0994531$ & $0.159958$ & $0.638272$ & $0.172065$ & $0.155094$ & $1$ & $0.822107$ & $0.820504$ & $0.26041$ & $0.228837$ & $0.222537$ & $-0.0798771$ & $0.750442$ & $0.857187$ & $-0.163663$ & $-0.136849$ & $0.102148$ & $0.0383773$ & $0.126671$ & $0.101104$ & $-0.155175$ & $0.158439$ & $-0.248975$ & $-0.018093$ & $-0.0432053$ & $-0.00161586$ & $-0.0276179$ & $-0.0176411$ & $-0.0252713$ & $0.032503$ & $0.0302572$ & $-0.000824388$ & $-0.0314907$ & $-0.0046885$ & $-0.036713$ & $-0.013644$ & $0.00211339$ & $0.0482735$ \\
CHL3_22 & $0.0340233$ & $0.0164242$ & $0.0132908$ & $-0.0153488$ & $0.0144989$ & $-0.169252$ & $-0.115002$ & $-0.404582$ & $-0.405516$ & $0.214229$ & $-0.0200614$ & $0.0875886$ & $0.124993$ & $0.590319$ & $-0.307984$ & $-0.0206851$ & $0.822107$ & $1$ & $0.792967$ & $0.0172494$ & $0.0182938$ & $0.0173837$ & $-0.0109609$ & $0.735663$ & $0.86664$ & $-0.0237798$ & $-0.0379267$ & $0.0228747$ & $0.0205417$ & $0.09821$ & $0.0743981$ & $-0.119844$ & $0.132629$ & $-0.0624017$ & $-0.0179516$ & $-0.0211701$ & $-0.00844494$ & $-0.0219907$ & $-0.0128522$ & $-0.0237538$ & $0.0218704$ & $0.0318102$ & $0.000614343$ & $-0.0337719$ & $-0.00606628$ & $-0.025689$ & $-0.0288234$ & $0.0106489$ & $0.0455863$ \\
CHL3_33 & $0.0245977$ & $0.0303239$ & $0.0113533$ & $-0.00883791$ & $0.016799$ & $-0.17131$ & $-0.117183$ & $-0.409782$ & $-0.410034$ & $0.213801$ & $-0.0141975$ & $0.0887483$ & $0.129385$ & $0.588348$ & $-0.0125214$ & $-0.318505$ & $0.820504$ & $0.792967$ & $1$ & $0.0114688$ & $0.0132864$ & $0.0127199$ & $-0.0180196$ & $0.735906$ & $0.866804$ & $-0.0125649$ & $-0.0384995$ & $0.00974435$ & $0.0181117$ & $0.102797$ & $0.0775103$ & $-0.120495$ & $0.134269$ & $-0.35812$ & $-0.0110945$ & $-0.0339105$ & $0.000663837$ & $-0.0139367$ & $-0.0316073$ & $-0.0135274$ & $0.0245703$ & $0.0353338$ & $0.00666611$ & $-0.0303981$ & $0.00888413$ & $-0.0346801$ & $-0.0328201$ & $-0.00166055$ & $0.0509764$ \\
CHe_11 & $-0.00935552$ & $-0.00401413$ & $0.0335822$ & $-0.057854$ & $0.0213177$ & $-0.143482$ & $-0.109104$ & $0.856889$ & $0.844782$ & $-0.482021$ & $-0.994714$ & $0.0298721$ & $0.125092$ & $0.675417$ & $0.617755$ & $0.610604$ & $0.26041$ & $0.0172494$ & $0.0114688$ & $1$ & $0.984703$ & $0.973004$ & $-0.0537507$ & $-0.189844$ & $0.0615657$ & $-0.668958$ & $0.208473$ & $0.427674$ & $0.0249374$ & $0.0950985$ & $0.0846943$ & $-0.125243$ & $0.10215$ & $0.263934$ & $-0.0277688$ & $-0.0190578$ & $0.000821459$ & $-0.0228596$ & $0.0111999$ & $-0.00769376$ & $0.0256482$ & $0.00692322$ & $-0.00470969$ & $-0.0166898$ & $-0.019886$ & $-0.0238727$ & $0.0413368$ & $-0.00431356$ & $-0.0183575$ \\
CHe_22 & $-0.00941734$ & $-0.00612647$ & $0.0318887$ & $-0.057991$ & $0.0186093$ & $-0.148008$ & $-0.10715$ & $0.886063$ & $0.873618$ & $-0.498367$ & $-0.994981$ & $0.024699$ & $0.123292$ & $0.639225$ & $0.51657$ & $0.511379$ & $0.228837$ & $0.0182938$ & $0.0132864$ & $0.984703$ & $1$ & $0.986478$ & $-0.0103544$ & $-0.262631$ & $0.0502915$ & $-0.678611$ & $0.32629$ & $0.436667$ & $0.018949$ & $0.0915964$ & $0.082249$ & $-0.123926$ & $0.100728$ & $0.38863$ & $-0.0260592$ & $-0.0168758$ & $-0.00640325$ & $-0.0206918$ & $0.0150216$ & $-0.00665238$ & $0.0235649$ & $0.0109432$ & $0.00128036$ & $-0.0193903$ & $-0.0188299$ & $-0.0198562$ & $0.0382485$ & $-0.0046028$ & $-0.015437$ \\
CHe_33 & $-0.0110556$ & $-0.00752582$ & $0.0322257$ & $-0.0554835$ & $0.016337$ & $-0.14574$ & $-0.10625$ & $0.877515$ & $0.865062$ & $-0.494258$ & $-0.983202$ & $0.0257703$ & $0.122816$ & $0.629202$ & $0.50747$ & $0.520067$ & $0.222537$ & $0.0173837$ & $0.0127199$ & $0.973004$ & $0.986478$ & $1$ & $-0.00422246$ & $-0.261326$ & $0.0483285$ & $-0.673679$ & $0.32668$ & $0.431999$ & $0.0178368$ & $0.0910305$ & $0.0831822$ & $-0.122829$ & $0.0986763$ & $0.389741$ & $-0.0252077$ & $-0.018905$ & $-0.00310343$ & $-0.0238744$ & $0.0116617$ & $-0.00542145$ & $0.0269741$ & $0.00958793$ & $0.00182422$ & $-0.0164357$ & $-0.019534$ & $-0.0193621$ & $0.0399328$ & $-0.00886658$ & $-0.0194096$ \\
CHQ1_11 & $-0.024965$ & $0.00494757$ & $-0.0385319$ & $-0.0220621$ & $-0.0102416$ & $0.00292242$ & $0.00590987$ & $0.027602$ & $0.0279246$ & $-0.0290719$ & $0.0339517$ & $-0.0142001$ & $-0.00735182$ & $-0.107037$ & $-0.195736$ & $-0.173831$ & $-0.0798771$ & $-0.0109609$ & $-0.0180196$ & $-0.0537507$ & $-0.0103544$ & $-0.00422246$ & $1$ & $-0.13225$ & $0.0448216$ & $-0.572046$ & $0.353692$ & $-0.013863$ & $-0.00354632$ & $-0.0113748$ & $-0.014406$ & $0.00297838$ & $-0.0203319$ & $0.212102$ & $-0.0114049$ & $0.0152883$ & $0.0099478$ & $0.0198714$ & $0.00668096$ & $-0.0309758$ & $-0.0401359$ & $0.0125127$ & $-0.00147493$ & $-0.00474149$ & $0.0248812$ & $-0.0120947$ & $-0.0290256$ & $0.00517409$ & $-0.00965776$ \\
CHQ1_33 & $-0.0172156$ & $0.0263596$ & $0.0109318$ & $-0.000312409$ & $0.0236986$ & $-0.125006$ & $-0.0846173$ & $-0.634387$ & $-0.632026$ & $0.34413$ & $0.222891$ & $0.0823681$ & $0.0882568$ & $0.432932$ & $0.0381739$ & $0.0231629$ & $0.750442$ & $0.735663$ & $0.735906$ & $-0.189844$ & $-0.262631$ & $-0.261326$ & $-0.13225$ & $1$ & $0.749247$ & $0.172663$ & $-0.39498$ & $-0.0412581$ & $0.0238373$ & $0.0735634$ & $0.050746$ & $-0.0810218$ & $0.0956758$ & $-0.610416$ & $0.00368509$ & $-0.0203801$ & $0.0171939$ & $-0.0175493$ & $-0.0331024$ & $-0.0100619$ & $0.023189$ & $0.014806$ & $-0.017652$ & $-0.0256059$ & $-0.0013418$ & $-0.014772$ & $-0.0235748$ & $0.0138908$ & $0.0350187$ \\
CHQ3_11 & $-0.0546899$ & $0.0394549$ & $0.026457$ & $-0.0172204$ & $0.0133221$ & $-0.220114$ & $-0.126125$ & $-0.376346$ & $-0.378408$ & $0.200796$ & $-0.0577791$ & $0.093913$ & $0.139317$ & $0.590529$ & $-0.0681111$ & $-0.080237$ & $0.857187$ & $0.86664$ & $0.866804$ & $0.0615657$ & $0.0502915$ & $0.0483285$ & $0.0448216$ & $0.749247$ & $1$ & $-0.0420185$ & $0.130972$ & $0.029254$ & $0.0165511$ & $0.107488$ & $0.0833437$ & $-0.129952$ & $0.140809$ & $-0.24334$ & $-0.00110247$ & $-0.0226951$ & $0.00295298$ & $-0.017759$ & $-0.0249478$ & $-0.0196054$ & $0.0139113$ & $0.0360462$ & $-0.00326606$ & $-0.0325934$ & $0.00357163$ & $-0.0232525$ & $-0.0307073$ & $0.0153387$ & $0.0444828$ \\
CHu_11 & $-0.00628733$ & $-0.00312966$ & $0.00828079$ & $0.0438828$ & $-0.0110204$ & $0.101583$ & $0.0714457$ & $-0.598237$ & $-0.591514$ & $0.337435$ & $0.676355$ & $-0.0130037$ & $-0.0808969$ & $-0.43611$ & $-0.343645$ & $-0.35341$ & $-0.163663$ & $-0.0237798$ & $-0.0125649$ & $-0.668958$ & $-0.678611$ & $-0.673679$ & $-0.572046$ & $0.172663$ & $-0.0420185$ & $1$ & $-0.198568$ & $-0.287379$ & $-0.0125894$ & $-0.0608654$ & $-0.0470397$ & $0.0827983$ & $-0.0669483$ & $-0.268823$ & $0.0257364$ & $9.31363e-05$ & $-0.00386866$ & $0.00823244$ & $-0.0110977$ & $0.0266245$ & $0.00260287$ & $-0.0155268$ & $-0.00779997$ & $0.00469072$ & $0.00551817$ & $0.0215095$ & $-0.00956115$ & $0.010174$ & $0.00860511$ \\
CHd_11 & $-0.0364816$ & $-0.0119579$ & $0.01814$ & $-0.0211431$ & $-0.0264057$ & $-0.067401$ & $-0.0107834$ & $0.390893$ & $0.384417$ & $-0.216236$ & $-0.263472$ & $-0.0258617$ & $0.0152808$ & $-0.0544721$ & $-0.314493$ & $-0.30118$ & $-0.136849$ & $-0.0379267$ & $-0.0384995$ & $0.208473$ & $0.32629$ & $0.32668$ & $0.353692$ & $-0.39498$ & $0.130972$ & $-0.198568$ & $1$ & $0.141015$ & $-0.0312926$ & $-0.00424953$ & $0.00256891$ & $-0.0185588$ & $-0.00152575$ & $0.68235$ & $0.00807017$ & $0.0015942$ & $-0.00985139$ & $0.0111186$ & $0.0139687$ & $-0.000643971$ & $-0.0257928$ & $0.0176743$ & $0.00552155$ & $-0.0241342$ & $0.00249062$ & $0.00635746$ & $-0.00363142$ & $0.00707941$ & $-0.0137499$ \\
CHd_33 & $0.0061282$ & $-0.0125494$ & $0.00105953$ & $-0.0292554$ & $0.0152156$ & $-0.0531882$ & $-0.0454946$ & $0.385603$ & $0.380753$ & $-0.197729$ & $-0.433714$ & $-0.00204702$ & $0.0399395$ & $0.281846$ & $0.204374$ & $0.215584$ & $0.102148$ & $0.0228747$ & $0.00974435$ & $0.427674$ & $0.436667$ & $0.431999$ & $-0.013863$ & $-0.0412581$ & $0.029254$ & $-0.287379$ & $0.141015$ & $1$ & $0.00402882$ & $0.0319385$ & $0.0354531$ & $-0.0539031$ & $0.042282$ & $0.188207$ & $-0.0281185$ & $-0.00506155$ & $0.00566252$ & $-0.0110528$ & $0.0125675$ & $-0.0102061$ & $-0.00400627$ & $-0.00503333$ & $0.0206406$ & $-0.0155763$ & $-0.0126506$ & $-0.0304218$ & $0.00850093$ & $0.00260431$ & $-0.00553741$ \\
CeH_22r & $-0.0211716$ & $0.00806901$ & $0.00664444$ & $-0.0295531$ & $0.000745231$ & $-0.0164039$ & $-0.167603$ & $0.00353162$ & $0.00853608$ & $-0.0657757$ & $-0.0217014$ & $0.218754$ & $0.224934$ & $0.0284169$ & $0.029887$ & $0.0354489$ & $0.0383773$ & $0.0205417$ & $0.0181117$ & $0.0249374$ & $0.018949$ & $0.0178368$ & $-0.00354632$ & $0.0238373$ & $0.0165511$ & $-0.0125894$ & $-0.0312926$ & $0.00402882$ & $1$ & $0.203617$ & $0.134983$ & $-0.158287$ & $0.200927$ & $-0.0172568$ & $-0.0216409$ & $-0.015533$ & $-0.00117057$ & $-0.0285903$ & $-0.00378565$ & $0.019988$ & $0.0456154$ & $0.00136827$ & $0.0299444$ & $0.0220215$ & $0.00857701$ & $0.0214175$ & $0.00203161$ & $-0.021379$ & $0.027465$ \\
CeH_33r & $-0.00487957$ & $0.0697766$ & $-6.86163e-05$ & $-0.0592353$ & $0.0258962$ & $-0.0227349$ & $-0.588151$ & $0.0274222$ & $0.0449068$ & $-0.224674$ & $-0.0939914$ & $0.723548$ & $0.733962$ & $0.137365$ & $0.064126$ & $0.0586013$ & $0.126671$ & $0.09821$ & $0.102797$ & $0.0950985$ & $0.0915964$ & $0.0910305$ & $-0.0113748$ & $0.0735634$ & $0.107488$ & $-0.0608654$ & $-0.00424953$ & $0.0319385$ & $0.203617$ & $1$ & $0.521911$ & $-0.458457$ & $0.836062$ & $-0.0223177$ & $0.0245382$ & $-0.0392272$ & $-0.0973108$ & $-0.0581219$ & $0.00860984$ & $-0.0195851$ & $0.123229$ & $0.0433863$ & $0.0352164$ & $0.0118641$ & $-0.000732966$ & $-0.00273933$ & $0.00399073$ & $-0.0228873$ & $0.0582551$ \\
CuH_22r & $-0.00967452$ & $0.0468743$ & $-0.0119701$ & $-0.0350052$ & $0.0376055$ & $-0.0185499$ & $-0.392884$ & $0.0321383$ & $0.043824$ & $-0.148351$ & $-0.083877$ & $0.446888$ & $0.47033$ & $0.108916$ & $0.0540357$ & $0.0531707$ & $0.101104$ & $0.0743981$ & $0.0775103$ & $0.0846943$ & $0.082249$ & $0.0831822$ & $-0.014406$ & $0.050746$ & $0.0833437$ & $-0.0470397$ & $0.00256891$ & $0.0354531$ & $0.134983$ & $0.521911$ & $1$ & $-0.301565$ & $0.536875$ & $-0.010573$ & $0.0427429$ & $6.2364e-05$ & $-0.0335875$ & $-0.0322216$ & $0.0032524$ & $-0.0245228$ & $0.0559604$ & $0.0342633$ & $0.0881006$ & $0.0345886$ & $0.0134606$ & $0.040233$ & $0.259755$ & $-0.0491908$ & $0.0097361$ \\
CuH_33r & $-0.0221734$ & $-0.0453026$ & $-0.00447191$ & $0.0543292$ & $-0.0118054$ & $0.0438674$ & $0.960799$ & $-0.0477884$ & $-0.0277607$ & $0.217571$ & $0.125202$ & $-0.644351$ & $-0.694194$ & $-0.164149$ & $-0.0713084$ & $-0.0706064$ & $-0.155175$ & $-0.119844$ & $-0.120495$ & $-0.125243$ & $-0.123926$ & $-0.122829$ & $0.00297838$ & $-0.0810218$ & $-0.129952$ & $0.0827983$ & $-0.0185588$ & $-0.0539031$ & $-0.158287$ & $-0.458457$ & $-0.301565$ & $1$ & $-0.475322$ & $0.00404602$ & $-0.000573839$ & $0.0541312$ & $0.0190308$ & $0.036797$ & $-0.00516115$ & $0.0138198$ & $-0.109432$ & $-0.0220991$ & $-0.0358168$ & $-0.0238376$ & $0.0197572$ & $0.0227373$ & $-0.0105906$ & $0.00726619$ & $-0.0671056$ \\
CdH_33r & $-0.0108955$ & $0.0611409$ & $-0.0293838$ & $-0.0734254$ & $0.0404719$ & $-0.0224818$ & $-0.619545$ & $0.0202416$ & $0.0373957$ & $-0.243159$ & $-0.102128$ & $0.739819$ & $0.751071$ & $0.163752$ & $0.0570939$ & $0.0535514$ & $0.158439$ & $0.132629$ & $0.134269$ & $0.10215$ & $0.100728$ & $0.0986763$ & $-0.0203319$ & $0.0956758$ & $0.140809$ & $-0.0669483$ & $-0.00152575$ & $0.042282$ & $0.200927$ & $0.836062$ & $0.536875$ & $-0.475322$ & $1$ & $-0.0213154$ & $0.0248241$ & $-0.0248932$ & $-0.115033$ & $-0.0683943$ & $0.0338867$ & $-0.00965447$ & $0.127371$ & $0.0332285$ & $0.0679735$ & $-0.0481281$ & $-0.0333448$ & $-0.0223006$ & $-0.0227283$ & $0.0918912$ & $0.344271$ \\
CLL_1221 & $-0.00548201$ & $-0.00455367$ & $0.00511923$ & $-0.0120567$ & $-0.0280443$ & $-0.0866547$ & $0.0133822$ & $0.527658$ & $0.522526$ & $-0.292096$ & $-0.322165$ & $-0.0425665$ & $-0.0130214$ & $-0.171201$ & $-0.475468$ & $-0.0353746$ & $-0.248975$ & $-0.0624017$ & $-0.35812$ & $0.263934$ & $0.38863$ & $0.389741$ & $0.212102$ & $-0.610416$ & $-0.24334$ & $-0.268823$ & $0.68235$ & $0.188207$ & $-0.0172568$ & $-0.0223177$ & $-0.010573$ & $0.00404602$ & $-0.0213154$ & $1$ & $-0.00117146$ & $0.015842$ & $-0.0277609$ & $0.00250646$ & $0.0306509$ & $-0.00602211$ & $-0.0110742$ & $0.0076375$ & $0.0227939$ & $-0.00576717$ & $-0.0103423$ & $0.014359$ & $0.0121781$ & $-0.00119856$ & $-0.0147028$ \\
eHggint & $-0.14478$ & $0.0651353$ & $-0.0239274$ & $0.0745851$ & $-0.0272567$ & $0.00360622$ & $-0.0526691$ & $-0.0173496$ & $-0.0306504$ & $0.0468888$ & $0.0280273$ & $0.0848916$ & $0.0708809$ & $-0.0293427$ & $-0.0116847$ & $-0.0187272$ & $-0.018093$ & $-0.0179516$ & $-0.0110945$ & $-0.0277688$ & $-0.0260592$ & $-0.0252077$ & $-0.0114049$ & $0.00368509$ & $-0.00110247$ & $0.0257364$ & $0.00807017$ & $-0.0281185$ & $-0.0216409$ & $0.0245382$ & $0.0427429$ & $-0.000573839$ & $0.0248241$ & $-0.00117146$ & $1$ & $-0.0729388$ & $-0.0771111$ & $-0.000263228$ & $-0.112487$ & $0.00172073$ & $0.11072$ & $0.00591802$ & $-0.100202$ & $0.0286956$ & $-0.0402176$ & $0.0376316$ & $0.0637934$ & $-0.071038$ & $-0.0127204$ \\
eHggpar & $-0.192724$ & $-0.197225$ & $-0.0786959$ & $0.044175$ & $-0.0149673$ & $0.0130878$ & $0.0331807$ & $0.00666702$ & $0.000987248$ & $0.0196935$ & $0.0155804$ & $-0.0333259$ & $-0.0363728$ & $-0.0272695$ & $-0.0284243$ & $-0.0115216$ & $-0.0432053$ & $-0.0211701$ & $-0.0339105$ & $-0.0190578$ & $-0.0168758$ & $-0.018905$ & $0.0152883$ & $-0.0203801$ & $-0.0226951$ & $9.31363e-05$ & $0.0015942$ & $-0.00506155$ & $-0.015533$ & $-0.0392272$ & $6.2364e-05$ & $0.0541312$ & $-0.0248932$ & $0.015842$ & $-0.0729388$ & $1$ & $0.0316894$ & $0.0320413$ & $-0.0383044$ & $0.0216201$ & $-0.0231538$ & $-0.0118315$ & $-0.00608064$ & $0.0947315$ & $-0.0812877$ & $0.160853$ & $-0.00411847$ & $0.165282$ & $-0.00567796$ \\
eHWWint & $-0.0561303$ & $-0.0907765$ & $-0.118696$ & $0.00251185$ & $-0.0329335$ & $0.00367087$ & $0.036573$ & $-0.00277946$ & $-0.00281182$ & $0.0364475$ & $0.00121476$ & $-0.0288911$ & $-0.00632263$ & $-0.00450053$ & $0.0203005$ & $0.00662828$ & $-0.00161586$ & $-0.00844494$ & $0.000663837$ & $0.000821459$ & $-0.00640325$ & $-0.00310343$ & $0.0099478$ & $0.0171939$ & $0.00295298$ & $-0.00386866$ & $-0.00985139$ & $0.00566252$ & $-0.00117057$ & $-0.0973108$ & $-0.0335875$ & $0.0190308$ & $-0.115033$ & $-0.0277609$ & $-0.0771111$ & $0.0316894$ & $1$ & $-0.0202086$ & $-0.275341$ & $0.0297771$ & $0.125023$ & $0.0157228$ & $0.0219515$ & $0.0449443$ & $0.0374025$ & $-0.0383562$ & $0.085635$ & $-0.0470659$ & $-0.0426828$ \\
eHWWpar & $-0.00750714$ & $-0.0264853$ & $-0.00381376$ & $0.0449882$ & $0.0123512$ & $-0.00339308$ & $0.046196$ & $-0.00749335$ & $-0.00728563$ & $0.0234208$ & $0.0223768$ & $-0.0684028$ & $-0.0744227$ & $-0.0307907$ & $-0.0166373$ & $-0.0299542$ & $-0.0276179$ & $-0.0219907$ & $-0.0139367$ & $-0.0228596$ & $-0.0206918$ & $-0.0238744$ & $0.0198714$ & $-0.0175493$ & $-0.017759$ & $0.00823244$ & $0.0111186$ & $-0.0110528$ & $-0.0285903$ & $-0.0581219$ & $-0.0322216$ & $0.036797$ & $-0.0683943$ & $0.00250646$ & $-0.000263228$ & $0.0320413$ & $-0.0202086$ & $1$ & $-0.000599067$ & $0.0234444$ & $-0.0309032$ & $-0.00817483$ & $0.0375989$ & $0.0089581$ & $0.0100805$ & $0.0141292$ & $0.00926266$ & $-0.0228027$ & $-0.0258601$ \\
eHZZint & $0.130828$ & $0.152915$ & $-0.0267052$ & $0.106109$ & $0.0527099$ & $0.00435102$ & $-0.00480235$ & $0.0191222$ & $0.0189729$ & $-0.0165291$ & $-0.011364$ & $-0.0265698$ & $-0.0278524$ & $-0.00227723$ & $-0.00527508$ & $0.017573$ & $-0.0176411$ & $-0.0128522$ & $-0.0316073$ & $0.0111999$ & $0.0150216$ & $0.0116617$ & $0.00668096$ & $-0.0331024$ & $-0.0249478$ & $-0.0110977$ & $0.0139687$ & $0.0125675$ & $-0.00378565$ & $0.00860984$ & $0.0032524$ & $-0.00516115$ & $0.0338867$ & $0.0306509$ & $-0.112487$ & $-0.0383044$ & $-0.275341$ & $-0.000599067$ & $1$ & $-0.0228151$ & $-0.071012$ & $-0.0311977$ & $0.0205246$ & $0.0147606$ & $-0.0646408$ & $0.118583$ & $0.0517678$ & $0.106222$ & $0.0849892$ \\
eHZZpar & $-0.0270856$ & $-0.0525977$ & $-0.00783421$ & $0.00819336$ & $0.000669201$ & $0.00446289$ & $0.00824432$ & $0.00445445$ & $0.000428894$ & $0.00871674$ & $0.0073909$ & $-0.0185596$ & $-0.0130709$ & $-0.0120159$ & $0.00249468$ & $-0.00924374$ & $-0.0252713$ & $-0.0237538$ & $-0.0135274$ & $-0.00769376$ & $-0.00665238$ & $-0.00542145$ & $-0.0309758$ & $-0.0100619$ & $-0.0196054$ & $0.0266245$ & $-0.000643971$ & $-0.0102061$ & $0.019988$ & $-0.0195851$ & $-0.0245228$ & $0.0138198$ & $-0.00965447$ & $-0.00602211$ & $0.00172073$ & $0.0216201$ & $0.0297771$ & $0.0234444$ & $-0.0228151$ & $1$ & $-0.00658646$ & $0.0145439$ & $-0.0341462$ & $0.0211371$ & $0.0498493$ & $-0.015425$ & $-0.0330234$ & $0.0432959$ & $-0.00883447$ \\
eHZgaint & $-0.0464336$ & $-0.0520284$ & $0.0410352$ & $0.039834$ & $-0.0365094$ & $-0.00399983$ & $-0.123368$ & $0.0103085$ & $0.00768013$ & $-0.0797148$ & $-0.0264613$ & $0.154236$ & $0.18212$ & $0.037118$ & $0.0220422$ & $0.0170872$ & $0.032503$ & $0.0218704$ & $0.0245703$ & $0.0256482$ & $0.0235649$ & $0.0269741$ & $-0.0401359$ & $0.023189$ & $0.0139113$ & $0.00260287$ & $-0.0257928$ & $-0.00400627$ & $0.0456154$ & $0.123229$ & $0.0559604$ & $-0.109432$ & $0.127371$ & $-0.0110742$ & $0.11072$ & $-0.0231538$ & $0.125023$ & $-0.0309032$ & $-0.071012$ & $-0.00658646$ & $1$ & $0.0396505$ & $0.000456059$ & $0.0718372$ & $0.0388305$ & $0.111235$ & $-0.0326379$ & $-0.047216$ & $0.0292951$ \\
eHZgapar & $-0.0164876$ & $0.0170375$ & $0.00496687$ & $-0.0124707$ & $-0.0178083$ & $0.00199896$ & $-0.025338$ & $-0.00465653$ & $-0.00436777$ & $0.00603669$ & $-0.0092388$ & $0.0467382$ & $0.0438284$ & $0.0240968$ & $-0.00911295$ & $-0.0173568$ & $0.0302572$ & $0.0318102$ & $0.0353338$ & $0.00692322$ & $0.0109432$ & $0.00958793$ & $0.0125127$ & $0.014806$ & $0.0360462$ & $-0.0155268$ & $0.0176743$ & $-0.00503333$ & $0.00136827$ & $0.0433863$ & $0.0342633$ & $-0.0220991$ & $0.0332285$ & $0.0076375$ & $0.00591802$ & $-0.0118315$ & $0.0157228$ & $-0.00817483$ & $-0.0311977$ & $0.0145439$ & $0.0396505$ & $1$ & $-0.0177591$ & $0.0137977$ & $0.0179724$ & $-0.00483613$ & $0.00381144$ & $-0.0273644$ & $-0.038228$ \\
eHgagaint & $-0.0135805$ & $0.126623$ & $0.114352$ & $0.0418933$ & $0.0346251$ & $-0.0126464$ & $-0.0340984$ & $-0.00145481$ & $0.051233$ & $-0.0255249$ & $0.00484431$ & $0.0500824$ & $0.044331$ & $-0.0109947$ & $-0.016292$ & $-0.0296026$ & $-0.000824388$ & $0.000614343$ & $0.00666611$ & $-0.00470969$ & $0.00128036$ & $0.00182422$ & $-0.00147493$ & $-0.017652$ & $-0.00326606$ & $-0.00779997$ & $0.00552155$ & $0.0206406$ & $0.0299444$ & $0.0352164$ & $0.0881006$ & $-0.0358168$ & $0.0679735$ & $0.0227939$ & $-0.100202$ & $-0.00608064$ & $0.0219515$ & $0.0375989$ & $0.0205246$ & $-0.0341462$ & $0.000456059$ & $-0.0177591$ & $1$ & $0.0556934$ & $-0.0206142$ & $0.0436843$ & $0.069266$ & $-0.115797$ & $0.123201$ \\
eHmumuint & $-0.0520313$ & $0.103055$ & $-0.0818151$ & $0.0272785$ & $-0.00258736$ & $0.00995938$ & $-0.0309888$ & $-0.00592515$ & $-0.00549727$ & $0.0133395$ & $0.0198926$ & $0.0556348$ & $0.0497865$ & $-0.0330404$ & $0.00224472$ & $-0.00119417$ & $-0.0314907$ & $-0.0337719$ & $-0.0303981$ & $-0.0166898$ & $-0.0193903$ & $-0.0164357$ & $-0.00474149$ & $-0.0256059$ & $-0.0325934$ & $0.00469072$ & $-0.0241342$ & $-0.0155763$ & $0.0220215$ & $0.0118641$ & $0.0345886$ & $-0.0238376$ & $-0.0481281$ & $-0.00576717$ & $0.0286956$ & $0.0947315$ & $0.0449443$ & $0.0089581$ & $0.0147606$ & $0.0211371$ & $0.0718372$ & $0.0137977$ & $0.0556934$ & $1$ & $-0.051653$ & $0.0551998$ & $0.121154$ & $-0.223304$ & $-0.18597$ \\
eHtautauint & $-0.0638636$ & $-0.00495963$ & $-0.1444$ & $-0.00682746$ & $-0.00983182$ & $0.0171889$ & $0.0348849$ & $-0.0158936$ & $-0.0147629$ & $0.0114205$ & $0.0188895$ & $-0.0775599$ & $-0.0480107$ & $-0.0138422$ & $-0.00663394$ & $-0.0307155$ & $-0.0046885$ & $-0.00606628$ & $0.00888413$ & $-0.019886$ & $-0.0188299$ & $-0.019534$ & $0.0248812$ & $-0.0013418$ & $0.00357163$ & $0.00551817$ & $0.00249062$ & $-0.0126506$ & $0.00857701$ & $-0.000732966$ & $0.0134606$ & $0.0197572$ & $-0.0333448$ & $-0.0103423$ & $-0.0402176$ & $-0.0812877$ & $0.0374025$ & $0.0100805$ & $-0.0646408$ & $0.0498493$ & $0.0388305$ & $0.0179724$ & $-0.0206142$ & $-0.051653$ & $1$ & $-0.0106436$ & $0.111038$ & $-0.121112$ & $0.0494561$ \\
eHccint & $-0.135723$ & $-0.0898573$ & $-0.0523047$ & $0.0969076$ & $-0.0247661$ & $-0.00803572$ & $0.0153227$ & $0.000748281$ & $8.70368e-05$ & $-0.00954702$ & $0.0196766$ & $-0.00218772$ & $0.00293344$ & $-0.0316677$ & $-0.0211074$ & $-0.00799036$ & $-0.036713$ & $-0.025689$ & $-0.0346801$ & $-0.0238727$ & $-0.0198562$ & $-0.0193621$ & $-0.0120947$ & $-0.014772$ & $-0.0232525$ & $0.0215095$ & $0.00635746$ & $-0.0304218$ & $0.0214175$ & $-0.00273933$ & $0.040233$ & $0.0227373$ & $-0.0223006$ & $0.014359$ & $0.0376316$ & $0.160853$ & $-0.0383562$ & $0.0141292$ & $0.118583$ & $-0.015425$ & $0.111235$ & $-0.00483613$ & $0.0436843$ & $0.0551998$ & $-0.0106436$ & $1$ & $0.0265673$ & $-0.0307966$ & $-0.0191631$ \\
eHccpar & $-0.0095526$ & $0.0563699$ & $-0.0516574$ & $0.0731479$ & $0.0205051$ & $0.00760319$ & $-0.0113065$ & $0.0458544$ & $0.0486362$ & $-0.0131485$ & $-0.0406808$ & $0.00828486$ & $0.0214286$ & $0.0101818$ & $0.0385243$ & $0.0431972$ & $-0.013644$ & $-0.0288234$ & $-0.0328201$ & $0.0413368$ & $0.0382485$ & $0.0399328$ & $-0.0290256$ & $-0.0235748$ & $-0.0307073$ & $-0.00956115$ & $-0.00363142$ & $0.00850093$ & $0.00203161$ & $0.00399073$ & $0.259755$ & $-0.0105906$ & $-0.0227283$ & $0.0121781$ & $0.0637934$ & $-0.00411847$ & $0.085635$ & $0.00926266$ & $0.0517678$ & $-0.0330234$ & $-0.0326379$ & $0.00381144$ & $0.069266$ & $0.121154$ & $0.111038$ & $0.0265673$ & $1$ & $-0.10407$ & $-0.0458231$ \\
eHbbint & $-0.0914102$ & $-0.0919302$ & $-0.0183559$ & $0.102283$ & $0.0225177$ & $0.0115985$ & $0.00993899$ & $-0.00447885$ & $-0.0125683$ & $0.010202$ & $0.00357757$ & $-0.0369319$ & $-0.0412982$ & $0.00397286$ & $-0.00920049$ & $0.000796007$ & $0.00211339$ & $0.0106489$ & $-0.00166055$ & $-0.00431356$ & $-0.0046028$ & $-0.00886658$ & $0.00517409$ & $0.0138908$ & $0.0153387$ & $0.010174$ & $0.00707941$ & $0.00260431$ & $-0.021379$ & $-0.0228873$ & $-0.0491908$ & $0.00726619$ & $0.0918912$ & $-0.00119856$ & $-0.071038$ & $0.165282$ & $-0.0470659$ & $-0.0228027$ & $0.106222$ & $0.0432959$ & $-0.047216$ & $-0.0273644$ & $-0.115797$ & $-0.223304$ & $-0.121112$ & $-0.0307966$ & $-0.10407$ & $1$ & $0.128978$ \\
eHbbpar & $0.0108435$ & $0.0153606$ & $-0.10463$ & $-0.0926805$ & $0.00649651$ & $-0.0208566$ & $-0.0739866$ & $-0.0382644$ & $-0.0353979$ & $-0.00718677$ & $0.0170836$ & $0.0524904$ & $0.0553275$ & $0.0139418$ & $-0.0152115$ & $-0.029868$ & $0.0482735$ & $0.0455863$ & $0.0509764$ & $-0.0183575$ & $-0.015437$ & $-0.0194096$ & $-0.00965776$ & $0.0350187$ & $0.0444828$ & $0.00860511$ & $-0.0137499$ & $-0.00553741$ & $0.027465$ & $0.0582551$ & $0.0097361$ & $-0.0671056$ & $0.344271$ & $-0.0147028$ & $-0.0127204$ & $-0.00567796$ & $-0.0426828$ & $-0.0258601$ & $0.0849892$ & $-0.00883447$ & $0.0292951$ & $-0.038228$ & $0.123201$ & $-0.18597$ & $0.0494561$ & $-0.0191631$ & $-0.0458231$ & $0.128978$ & $1$ \\
