 & AlsMz & dAle5Mz & mtop & mHl & Mz & CW & CHG & CHWB & CHWHB_gaga & CHWHB_gagaorth & CHD & CHbox & CH & CHL1_11 & CHL1_22 & CHL1_33 & CHL3_11 & CHL3_22 & CHL3_33 & CHe_11 & CHe_22 & CHe_33 & CHQ1_11 & CHQ1_33 & CHQ3_11 & CHu_11 & CHd_11 & CHd_33 & CeH_22r & CeH_33r & CuH_22r & CuH_33r & CdH_33r & CLL_1221 & eHggint & eHggpar & eHWWint & eHWWpar & eHZZint & eHZZpar & eHZgaint & eHZgapar & eHgagaint & eHmumuint & eHtautauint & eHccint & eHccpar & eHbbint & eHbbpar \\
AlsMz & $1$ & $0.299276$ & $-0.0629003$ & $-0.0823034$ & $-0.0128143$ & $0.00435829$ & $0.00419994$ & $0.00636739$ & $0.00919874$ & $-0.0189552$ & $-0.0346566$ & $-0.000529363$ & $-0.0358262$ & $0.0407175$ & $-0.00605729$ & $0.00928393$ & $0.0330773$ & $0.0362851$ & $0.0270479$ & $0.0344614$ & $0.0337686$ & $0.0316941$ & $-0.0107983$ & $-0.0383212$ & $-0.0598046$ & $-0.0300344$ & $0.00459206$ & $-0.014814$ & $-0.00495591$ & $0.0659483$ & $0.0454372$ & $0.00633657$ & $0.0792497$ & $0.0262087$ & $-0.10152$ & $-0.0383449$ & $-0.162064$ & $0.000946943$ & $0.145111$ & $0.010521$ & $-0.0723638$ & $0.0382519$ & $0.00998042$ & $-0.0753824$ & $0.224434$ & $0.0365462$ & $0.0653337$ & $0.106981$ & $0.0252706$ \\
dAle5Mz & $0.299276$ & $1$ & $0.0474649$ & $-0.0193057$ & $0.0171152$ & $-0.0394356$ & $0.0530387$ & $-0.076141$ & $-0.0810061$ & $0.0558329$ & $0.0356889$ & $0.0630182$ & $-0.0472913$ & $0.0117946$ & $0.00370497$ & $-0.00307118$ & $0.0658057$ & $0.0441759$ & $0.0497325$ & $-0.0113761$ & $-0.0177559$ & $-0.0175854$ & $-0.0336838$ & $0.0335194$ & $0.0189091$ & $0.0201328$ & $-0.029615$ & $-0.0219627$ & $0.0157476$ & $-0.0185384$ & $-0.052347$ & $0.0388679$ & $-0.0381523$ & $-0.00288693$ & $-0.101431$ & $0.110531$ & $0.0327294$ & $0.00413123$ & $-0.0692392$ & $-0.00417652$ & $-0.170153$ & $-0.00466297$ & $-0.0461414$ & $-0.0301121$ & $0.232436$ & $0.0465844$ & $-0.0517225$ & $0.0693114$ & $-0.0352363$ \\
mtop & $-0.0629003$ & $0.0474649$ & $1$ & $0.00505377$ & $0.00159128$ & $-0.00970381$ & $-0.0148239$ & $0.0121641$ & $0.000462679$ & $-0.0286861$ & $0.0059954$ & $-0.0232346$ & $0.00589785$ & $-0.0106123$ & $-0.0322636$ & $-0.0288332$ & $-0.0182454$ & $0.00102259$ & $-0.00640266$ & $-0.00270707$ & $0.00615465$ & $0.00647782$ & $-0.0118482$ & $-0.00790239$ & $0.00197892$ & $-0.00736007$ & $0.0328695$ & $0.0311803$ & $-0.0159474$ & $-0.0584307$ & $-0.0369818$ & $-0.0311384$ & $-0.0828131$ & $0.0409403$ & $0.0289683$ & $-0.00512059$ & $0.233729$ & $-0.0276952$ & $-0.0146926$ & $0.0259765$ & $-0.0507989$ & $-0.00641974$ & $-0.0617101$ & $0.0565085$ & $-0.0278613$ & $-0.0202283$ & $0.0639011$ & $-0.079532$ & $-0.035613$ \\
mHl & $-0.0823034$ & $-0.0193057$ & $0.00505377$ & $1$ & $0.00412665$ & $-0.0113355$ & $0.00767244$ & $-0.000886987$ & $-0.00654804$ & $0.0102962$ & $-0.0163534$ & $-0.0491811$ & $0.0208901$ & $0.0384269$ & $0.0137537$ & $0.0258026$ & $0.0289873$ & $0.0258261$ & $0.0166425$ & $0.0182161$ & $0.0169524$ & $0.0146884$ & $-0.00751145$ & $0.0128999$ & $0.0228285$ & $0.00160214$ & $-0.0281425$ & $-0.00260138$ & $-0.0163995$ & $-0.0124873$ & $0.0671036$ & $-0.00355153$ & $0.0463009$ & $-0.0148885$ & $-0.121101$ & $-0.0806024$ & $0.0804494$ & $-0.0103516$ & $0.0275963$ & $0.0217942$ & $0.0574604$ & $0.0285508$ & $-0.0646773$ & $-0.00239509$ & $-0.0999914$ & $-0.144858$ & $0.138383$ & $0.077309$ & $0.102913$ \\
Mz & $-0.0128143$ & $0.0171152$ & $0.00159128$ & $0.00412665$ & $1$ & $-0.00466082$ & $0.00301053$ & $-0.0114364$ & $-0.00869696$ & $0.0154945$ & $0.00772275$ & $0.00739327$ & $-0.0142261$ & $0.0225578$ & $0.0173921$ & $0.00407576$ & $0.0202469$ & $0.00929677$ & $0.0240025$ & $0.00278199$ & $-5.96932e-05$ & $0.00608817$ & $-0.0101464$ & $0.000438669$ & $0.0108491$ & $0.00374167$ & $-0.0264816$ & $-0.0268895$ & $-0.00613109$ & $-0.00259556$ & $-0.0362881$ & $-0.00411933$ & $-0.0124022$ & $-0.0256727$ & $-0.0129012$ & $0.0140358$ & $-0.0094579$ & $0.0137945$ & $-0.000963619$ & $0.0360343$ & $0.0543237$ & $-0.00491$ & $0.0255407$ & $0.00692231$ & $0.0361718$ & $-0.00150613$ & $-0.0425346$ & $-0.0316593$ & $0.00921327$ \\
CW & $0.00435829$ & $-0.0394356$ & $-0.00970381$ & $-0.0113355$ & $-0.00466082$ & $1$ & $0.00645128$ & $-0.116264$ & $-0.1131$ & $0.0289175$ & $0.174428$ & $0.058774$ & $-0.00137905$ & $0.0300279$ & $-0.0806759$ & $-0.0698687$ & $-0.256202$ & $-0.0429298$ & $-0.0491901$ & $-0.174391$ & $-0.178269$ & $-0.174506$ & $-0.0195155$ & $0.00719234$ & $-0.0706504$ & $0.104738$ & $-0.0602334$ & $-0.0599903$ & $0.0330739$ & $0.00473675$ & $0.0137663$ & $0.0142269$ & $-0.0188904$ & $-0.117078$ & $-0.0348124$ & $0.0155928$ & $0.0160148$ & $0.00319895$ & $0.0261463$ & $0.00701214$ & $-0.0137494$ & $0.0265178$ & $-0.00983125$ & $0.0150013$ & $0.0138525$ & $-0.0287964$ & $0.00129204$ & $0.0388531$ & $-0.0543386$ \\
CHG & $0.00419994$ & $0.0530387$ & $-0.0148239$ & $0.00767244$ & $0.00301053$ & $0.00645128$ & $1$ & $-0.139527$ & $-0.0880944$ & $0.0926868$ & $0.0880778$ & $0.05763$ & $-0.299322$ & $0.0524575$ & $-0.0258601$ & $-0.0183684$ & $0.105631$ & $0.114856$ & $0.111119$ & $-0.0836538$ & $-0.0914393$ & $-0.08781$ & $0.000521366$ & $0.124807$ & $0.115231$ & $0.0496791$ & $-0.0599815$ & $-0.0546103$ & $-0.0056817$ & $-0.118268$ & $-0.0555806$ & $0.933096$ & $-0.137635$ & $-0.0869752$ & $-0.00912352$ & $-0.00842544$ & $0.0205568$ & $-0.00223988$ & $-0.0139105$ & $0.0110244$ & $-0.00756451$ & $0.0137029$ & $-0.00709248$ & $-0.00326029$ & $-0.000963789$ & $-0.0156456$ & $0.011973$ & $0.00698388$ & $0.0195114$ \\
CHWB & $0.00636739$ & $-0.076141$ & $0.0121641$ & $-0.000886987$ & $-0.0114364$ & $-0.116264$ & $-0.139527$ & $1$ & $0.983868$ & $-0.591588$ & $-0.877512$ & $-0.351041$ & $0.365355$ & $0.0748829$ & $0.28573$ & $0.285819$ & $-0.257828$ & $-0.445358$ & $-0.443294$ & $0.847346$ & $0.895352$ & $0.879018$ & $0.109238$ & $-0.688704$ & $-0.420155$ & $-0.521472$ & $0.436243$ & $0.305693$ & $0.00207608$ & $0.109769$ & $0.0713325$ & $-0.129184$ & $0.109191$ & $0.579846$ & $0.015149$ & $-0.00336905$ & $-0.0564544$ & $-0.0232783$ & $0.0244252$ & $0.00288884$ & $0.00165865$ & $0.0253321$ & $0.0123049$ & $0.00944075$ & $-0.00442507$ & $0.0025521$ & $0.0251663$ & $-0.0454652$ & $-0.0304369$ \\
CHWHB_gaga & $0.00919874$ & $-0.0810061$ & $0.000462679$ & $-0.00654804$ & $-0.00869696$ & $-0.1131$ & $-0.0880944$ & $0.983868$ & $1$ & $-0.576775$ & $-0.862303$ & $-0.323034$ & $0.358551$ & $0.0722456$ & $0.286627$ & $0.286629$ & $-0.258282$ & $-0.443395$ & $-0.441015$ & $0.833235$ & $0.878745$ & $0.863467$ & $0.108175$ & $-0.679926$ & $-0.417171$ & $-0.511596$ & $0.424676$ & $0.302948$ & $0.00444912$ & $0.134715$ & $0.0869911$ & $-0.0856997$ & $0.131531$ & $0.564931$ & $-0.00499147$ & $-0.00310563$ & $-0.072104$ & $-0.0196136$ & $0.0225113$ & $0.000585061$ & $0.00828596$ & $0.0304288$ & $0.0706617$ & $0.00550576$ & $-0.00879997$ & $-0.00826508$ & $0.0256367$ & $-0.0469947$ & $-0.0347808$ \\
CHWHB_gagaorth & $-0.0189552$ & $0.0558329$ & $-0.0286861$ & $0.0102962$ & $0.0154945$ & $0.0289175$ & $0.0926868$ & $-0.591588$ & $-0.576775$ & $1$ & $0.37502$ & $0.684459$ & $-0.271804$ & $0.235595$ & $-0.103711$ & $-0.134453$ & $0.43782$ & $0.485872$ & $0.502629$ & $-0.357698$ & $-0.392146$ & $-0.389566$ & $-0.0725294$ & $0.569584$ & $0.483201$ & $0.223923$ & $-0.269324$ & $-0.137643$ & $-0.0226108$ & $-0.124957$ & $-0.0734256$ & $0.0989119$ & $-0.131745$ & $-0.389751$ & $0.0314543$ & $0.0314796$ & $0.00134135$ & $0.0144096$ & $-0.0367635$ & $-0.000156253$ & $-0.0298277$ & $-0.0172522$ & $0.00281517$ & $-0.0263912$ & $-0.0356364$ & $-0.0133903$ & $-0.00941178$ & $-0.00795295$ & $0.0367483$ \\
CHD & $-0.0346566$ & $0.0356889$ & $0.0059954$ & $-0.0163534$ & $0.00772275$ & $0.174428$ & $0.0880778$ & $-0.877512$ & $-0.862303$ & $0.37502$ & $1$ & $0.33819$ & $-0.183884$ & $-0.496569$ & $-0.415469$ & $-0.403289$ & $-0.201339$ & $0.0748268$ & $0.0734056$ & $-0.990383$ & $-0.991411$ & $-0.970325$ & $-0.0501068$ & $0.328569$ & $0.03645$ & $0.574035$ & $-0.299438$ & $-0.33339$ & $0.0191174$ & $-0.0699753$ & $-0.039593$ & $0.0906628$ & $-0.0760203$ & $-0.377641$ & $0.0193612$ & $0.00421629$ & $0.0372929$ & $0.0276958$ & $-0.0138917$ & $0.00319909$ & $0.0120112$ & $-0.0213666$ & $-0.0153727$ & $0.01013$ & $-0.00442254$ & $-0.0270756$ & $-0.0132606$ & $0.0357622$ & $0.00541652$ \\
CHbox & $-0.000529363$ & $0.0630182$ & $-0.0232346$ & $-0.0491811$ & $0.00739327$ & $0.058774$ & $0.05763$ & $-0.351041$ & $-0.323034$ & $0.684459$ & $0.33819$ & $1$ & $-0.16979$ & $-0.102733$ & $-0.0421381$ & $-0.0784664$ & $0.0169987$ & $0.0602194$ & $0.0891367$ & $-0.314388$ & $-0.349149$ & $-0.344796$ & $-0.0513832$ & $0.214623$ & $0.0704287$ & $0.20112$ & $-0.198551$ & $-0.106212$ & $0.00986697$ & $0.152844$ & $-0.000856353$ & $0.122196$ & $0.15247$ & $-0.254339$ & $0.0931418$ & $0.0713046$ & $-0.0197794$ & $-0.0026396$ & $-0.0554636$ & $0.00242457$ & $-0.0277637$ & $-0.018986$ & $-0.0101988$ & $0.00256057$ & $-0.0076003$ & $-0.0298502$ & $-0.0302695$ & $-0.0050994$ & $0.0171879$ \\
CH & $-0.0358262$ & $-0.0472913$ & $0.00589785$ & $0.0208901$ & $-0.0142261$ & $-0.00137905$ & $-0.299322$ & $0.365355$ & $0.358551$ & $-0.271804$ & $-0.183884$ & $-0.16979$ & $1$ & $-0.254937$ & $0.0917783$ & $0.0893295$ & $-0.363113$ & $-0.405247$ & $-0.395732$ & $0.180335$ & $0.194112$ & $0.193299$ & $0.0655205$ & $-0.398869$ & $-0.389821$ & $-0.131576$ & $0.136642$ & $0.0735588$ & $0.0546474$ & $0.277033$ & $0.145591$ & $-0.241025$ & $0.319152$ & $0.218906$ & $0.0455319$ & $0.00349057$ & $-0.0120865$ & $0.00246394$ & $0.0260776$ & $0.00866977$ & $0.0106391$ & $0.0248341$ & $0.00284031$ & $0.0274714$ & $0.00272085$ & $0.000956048$ & $0.00113524$ & $-0.0209436$ & $-0.0257356$ \\
CHL1_11 & $0.0407175$ & $0.0117946$ & $-0.0106123$ & $0.0384269$ & $0.0225578$ & $0.0300279$ & $0.0524575$ & $0.0748829$ & $0.0722456$ & $0.235595$ & $-0.496569$ & $-0.102733$ & $-0.254937$ & $1$ & $0.269318$ & $0.248613$ & $0.663745$ & $0.610567$ & $0.605638$ & $0.517478$ & $0.455761$ & $0.439182$ & $-0.0679353$ & $0.466175$ & $0.608681$ & $-0.264202$ & $-0.107224$ & $0.130313$ & $-0.0378734$ & $-0.0579836$ & $-0.043925$ & $0.0276806$ & $-0.0411969$ & $-0.227892$ & $-0.0601151$ & $-0.00812896$ & $0.0168472$ & $-0.0264135$ & $-0.00918494$ & $-0.0105284$ & $-0.01282$ & $0.00744696$ & $0.0186161$ & $-0.0471438$ & $0.00977486$ & $0.0375885$ & $-0.00517947$ & $0.00363271$ & $0.0404948$ \\
CHL1_22 & $-0.00605729$ & $0.00370497$ & $-0.0322636$ & $0.0137537$ & $0.0173921$ & $-0.0806759$ & $-0.0258601$ & $0.28573$ & $0.286627$ & $-0.103711$ & $-0.415469$ & $-0.0421381$ & $0.0917783$ & $0.269318$ & $1$ & $0.425022$ & $0.174607$ & $-0.433794$ & $-0.0128379$ & $0.480003$ & $0.334013$ & $0.322198$ & $-0.139847$ & $0.111718$ & $-0.104417$ & $-0.192526$ & $-0.365223$ & $0.12295$ & $-0.0183747$ & $0.0656045$ & $-0.00629072$ & $-0.019116$ & $0.0645636$ & $-0.58476$ & $-0.0415636$ & $0.0144033$ & $-0.0184677$ & $-0.0200158$ & $-0.0551386$ & $0.00930037$ & $-0.0123854$ & $0.0162747$ & $-0.00277385$ & $-0.00127724$ & $-0.0124897$ & $-0.0238381$ & $-0.0620322$ & $-0.008733$ & $-0.00922073$ \\
CHL1_33 & $0.00928393$ & $-0.00307118$ & $-0.0288332$ & $0.0258026$ & $0.00407576$ & $-0.0698687$ & $-0.0183684$ & $0.285819$ & $0.286629$ & $-0.134453$ & $-0.403289$ & $-0.0784664$ & $0.0893295$ & $0.248613$ & $0.425022$ & $1$ & $0.149642$ & $-0.021502$ & $-0.441528$ & $0.468349$ & $0.324659$ & $0.345705$ & $-0.147957$ & $0.0909256$ & $-0.141901$ & $-0.196859$ & $-0.392028$ & $0.10841$ & $-0.0412116$ & $0.053618$ & $1.85903e-05$ & $-0.0181702$ & $0.0427788$ & $-0.0815408$ & $-0.075171$ & $0.000132827$ & $0.0213119$ & $-0.0393334$ & $0.0119024$ & $-0.00879488$ & $-0.0184597$ & $0.0366478$ & $-0.0223386$ & $-0.00236237$ & $-0.0248637$ & $-0.0217074$ & $-0.0745867$ & $0.00530576$ & $-0.0128593$ \\
CHL3_11 & $0.0330773$ & $0.0658057$ & $-0.0182454$ & $0.0289873$ & $0.0202469$ & $-0.256202$ & $0.105631$ & $-0.257828$ & $-0.258282$ & $0.43782$ & $-0.201339$ & $0.0169987$ & $-0.363113$ & $0.663745$ & $0.174607$ & $0.149642$ & $1$ & $0.737663$ & $0.740464$ & $0.226419$ & $0.16841$ & $0.160169$ & $-0.0900253$ & $0.676478$ & $0.775903$ & $-0.0872139$ & $-0.183878$ & $0.0558452$ & $-0.0437454$ & $-0.0830624$ & $-0.0586853$ & $0.0800782$ & $-0.0724527$ & $-0.274328$ & $-0.0489036$ & $-0.00509526$ & $0.0447815$ & $0.00207182$ & $-0.0167054$ & $-0.00913212$ & $-0.0204645$ & $-0.0188821$ & $-0.00182964$ & $-0.0247089$ & $0.0113094$ & $0.0589792$ & $-0.0125909$ & $0.0131738$ & $0.0536836$ \\
CHL3_22 & $0.0362851$ & $0.0441759$ & $0.00102259$ & $0.0258261$ & $0.00929677$ & $-0.0429298$ & $0.114856$ & $-0.445358$ & $-0.443395$ & $0.485872$ & $0.0748268$ & $0.0602194$ & $-0.405247$ & $0.610567$ & $-0.433794$ & $-0.021502$ & $0.737663$ & $1$ & $0.675906$ & $-0.0733932$ & $-0.072541$ & $-0.0702459$ & $-0.0290674$ & $0.622147$ & $0.786677$ & $0.046758$ & $-0.0472467$ & $-0.040758$ & $-0.0295765$ & $-0.12167$ & $-0.0570289$ & $0.0859435$ & $-0.111003$ & $0.000912636$ & $-0.0368208$ & $-0.0133786$ & $0.0550103$ & $0.00368741$ & $0.0195859$ & $-0.0184274$ & $-0.0116506$ & $-0.0173102$ & $0.00745034$ & $-0.0342664$ & $0.0160008$ & $0.0593993$ & $0.0178557$ & $0.0210475$ & $0.0506249$ \\
CHL3_33 & $0.0270479$ & $0.0497325$ & $-0.00640266$ & $0.0166425$ & $0.0240025$ & $-0.0491901$ & $0.111119$ & $-0.443294$ & $-0.441015$ & $0.502629$ & $0.0734056$ & $0.0891367$ & $-0.395732$ & $0.605638$ & $-0.0128379$ & $-0.441528$ & $0.740464$ & $0.675906$ & $1$ & $-0.0735342$ & $-0.070296$ & $-0.0730196$ & $-0.0158848$ & $0.623465$ & $0.80449$ & $0.0527645$ & $-0.0146412$ & $-0.0281851$ & $-0.0134614$ & $-0.111438$ & $-0.0627147$ & $0.086714$ & $-0.0904328$ & $-0.36865$ & $-0.0137039$ & $-0.00512671$ & $0.0261233$ & $0.0142863$ & $-0.0317353$ & $-0.00238421$ & $-0.00463671$ & $-0.0274879$ & $0.0192189$ & $-0.0325944$ & $0.022783$ & $0.0510192$ & $0.0229206$ & $0.0150184$ & $0.0537682$ \\
CHe_11 & $0.0344614$ & $-0.0113761$ & $-0.00270707$ & $0.0182161$ & $0.00278199$ & $-0.174391$ & $-0.0836538$ & $0.847346$ & $0.833235$ & $-0.357698$ & $-0.990383$ & $-0.314388$ & $0.180335$ & $0.517478$ & $0.480003$ & $0.468349$ & $0.226419$ & $-0.0733932$ & $-0.0735342$ & $1$ & $0.972967$ & $0.953187$ & $0.0235926$ & $-0.274003$ & $-0.0260942$ & $-0.562215$ & $0.225133$ & $0.328777$ & $-0.0203838$ & $0.0707482$ & $0.0343741$ & $-0.0862706$ & $0.0740396$ & $0.299076$ & $-0.0294928$ & $0.00197326$ & $-0.0290476$ & $-0.0299517$ & $0.00815035$ & $-0.00346536$ & $-0.0170734$ & $0.023424$ & $0.0134802$ & $-0.0118022$ & $0.00823849$ & $0.0265295$ & $0.00234654$ & $-0.0348153$ & $-0.0104762$ \\
CHe_22 & $0.0337686$ & $-0.0177559$ & $0.00615465$ & $0.0169524$ & $-5.96932e-05$ & $-0.178269$ & $-0.0914393$ & $0.895352$ & $0.878745$ & $-0.392146$ & $-0.991411$ & $-0.349149$ & $0.194112$ & $0.455761$ & $0.334013$ & $0.324659$ & $0.16841$ & $-0.072541$ & $-0.070296$ & $0.972967$ & $1$ & $0.975214$ & $0.0736693$ & $-0.384118$ & $-0.0464204$ & $-0.575314$ & $0.375848$ & $0.335531$ & $-0.0148408$ & $0.0679474$ & $0.0435352$ & $-0.0942472$ & $0.0735871$ & $0.461602$ & $-0.012059$ & $-0.00366725$ & $-0.0368625$ & $-0.0244022$ & $0.0155255$ & $-0.00180567$ & $-0.0123324$ & $0.0191998$ & $0.0149149$ & $-0.0101093$ & $0.00925611$ & $0.0300952$ & $0.022733$ & $-0.0370217$ & $-0.00698597$ \\
CHe_33 & $0.0316941$ & $-0.0175854$ & $0.00647782$ & $0.0146884$ & $0.00608817$ & $-0.174506$ & $-0.08781$ & $0.879018$ & $0.863467$ & $-0.389566$ & $-0.970325$ & $-0.344796$ & $0.193299$ & $0.439182$ & $0.322198$ & $0.345705$ & $0.160169$ & $-0.0702459$ & $-0.0730196$ & $0.953187$ & $0.975214$ & $1$ & $0.0769548$ & $-0.381466$ & $-0.047823$ & $-0.565315$ & $0.369656$ & $0.327857$ & $-0.0210904$ & $0.0635569$ & $0.0355993$ & $-0.0920671$ & $0.0703937$ & $0.460868$ & $-0.0180454$ & $-0.00555405$ & $-0.0366933$ & $-0.028804$ & $0.0193386$ & $-0.00132338$ & $-0.0148302$ & $0.020627$ & $0.0148448$ & $-0.00238811$ & $0.00455665$ & $0.0235282$ & $0.0200398$ & $-0.0404598$ & $-0.00692011$ \\
CHQ1_11 & $-0.0107983$ & $-0.0336838$ & $-0.0118482$ & $-0.00751145$ & $-0.0101464$ & $-0.0195155$ & $0.000521366$ & $0.109238$ & $0.108175$ & $-0.0725294$ & $-0.0501068$ & $-0.0513832$ & $0.0655205$ & $-0.0679353$ & $-0.139847$ & $-0.147957$ & $-0.0900253$ & $-0.0290674$ & $-0.0158848$ & $0.0235926$ & $0.0736693$ & $0.0769548$ & $1$ & $-0.168529$ & $0.0523807$ & $-0.699447$ & $0.342468$ & $0.0200871$ & $0.00873642$ & $0.0176464$ & $0.00428521$ & $-0.000210127$ & $0.0264653$ & $0.200445$ & $-0.00641264$ & $-0.0171327$ & $-0.0423228$ & $-0.0142444$ & $0.00143508$ & $-0.0361427$ & $-0.0045971$ & $0.0164968$ & $0.00840078$ & $-0.0049822$ & $-0.0091997$ & $-0.00793291$ & $0.0210579$ & $-0.0172637$ & $-0.011927$ \\
CHQ1_33 & $-0.0383212$ & $0.0335194$ & $-0.00790239$ & $0.0128999$ & $0.000438669$ & $0.00719234$ & $0.124807$ & $-0.688704$ & $-0.679926$ & $0.569584$ & $0.328569$ & $0.214623$ & $-0.398869$ & $0.466175$ & $0.111718$ & $0.0909256$ & $0.676478$ & $0.622147$ & $0.623465$ & $-0.274003$ & $-0.384118$ & $-0.381466$ & $-0.168529$ & $1$ & $0.65367$ & $0.230889$ & $-0.431342$ & $-0.0303724$ & $-0.034175$ & $-0.10166$ & $-0.0834343$ & $0.104952$ & $-0.0929811$ & $-0.650314$ & $-0.0491778$ & $0.00537581$ & $0.0701669$ & $-0.00656022$ & $-0.0376364$ & $-0.00114465$ & $-0.00397028$ & $-0.0109109$ & $-0.0126558$ & $-0.0420685$ & $-0.00586847$ & $0.00763922$ & $-0.0442062$ & $0.0368773$ & $0.0455733$ \\
CHQ3_11 & $-0.0598046$ & $0.0189091$ & $0.00197892$ & $0.0228285$ & $0.0108491$ & $-0.0706504$ & $0.115231$ & $-0.420155$ & $-0.417171$ & $0.483201$ & $0.03645$ & $0.0704287$ & $-0.389821$ & $0.608681$ & $-0.104417$ & $-0.141901$ & $0.775903$ & $0.786677$ & $0.80449$ & $-0.0260942$ & $-0.0464204$ & $-0.047823$ & $0.0523807$ & $0.65367$ & $1$ & $0.0327473$ & $0.17645$ & $-0.0182923$ & $-0.0307256$ & $-0.124376$ & $-0.0650344$ & $0.0845522$ & $-0.10914$ & $-0.249497$ & $-0.0261007$ & $-0.00934954$ & $0.0602917$ & $0.0163103$ & $-0.01881$ & $-0.0101795$ & $-0.0160931$ & $-0.0193551$ & $0.00424072$ & $-0.0247482$ & $-0.00919647$ & $0.0431033$ & $0.0230006$ & $0.0113738$ & $0.0460325$ \\
CHu_11 & $-0.0300344$ & $0.0201328$ & $-0.00736007$ & $0.00160214$ & $0.00374167$ & $0.104738$ & $0.0496791$ & $-0.521472$ & $-0.511596$ & $0.223923$ & $0.574035$ & $0.20112$ & $-0.131576$ & $-0.264202$ & $-0.192526$ & $-0.196859$ & $-0.0872139$ & $0.046758$ & $0.0527645$ & $-0.562215$ & $-0.575314$ & $-0.565315$ & $-0.699447$ & $0.230889$ & $0.0327473$ & $1$ & $-0.188134$ & $-0.177424$ & $0.00987577$ & $-0.0519226$ & $-0.00213999$ & $0.0533767$ & $-0.0526269$ & $-0.268782$ & $0.0408226$ & $0.0148016$ & $0.0554685$ & $0.0411956$ & $-0.00595574$ & $0.0232597$ & $0.022521$ & $-0.0095133$ & $0.00463867$ & $0.00697901$ & $0.00231016$ & $0.00262515$ & $0.0071201$ & $0.0349925$ & $0.0110357$ \\
CHd_11 & $0.00459206$ & $-0.029615$ & $0.0328695$ & $-0.0281425$ & $-0.0264816$ & $-0.0602334$ & $-0.0599815$ & $0.436243$ & $0.424676$ & $-0.269324$ & $-0.299438$ & $-0.198551$ & $0.136642$ & $-0.107224$ & $-0.365223$ & $-0.392028$ & $-0.183878$ & $-0.0472467$ & $-0.0146412$ & $0.225133$ & $0.375848$ & $0.369656$ & $0.342468$ & $-0.431342$ & $0.17645$ & $-0.188134$ & $1$ & $0.124577$ & $0.0141322$ & $0.00474371$ & $0.0479371$ & $-0.0647501$ & $0.0188512$ & $0.659271$ & $0.051935$ & $-0.0109437$ & $-0.0275473$ & $0.0188236$ & $0.0312122$ & $0.00276715$ & $-0.00140137$ & $0.0054483$ & $0.0139466$ & $-0.00441202$ & $0.0133664$ & $0.0167194$ & $0.0977127$ & $-0.0167466$ & $-0.00825125$ \\
CHd_33 & $-0.014814$ & $-0.0219627$ & $0.0311803$ & $-0.00260138$ & $-0.0268895$ & $-0.0599903$ & $-0.0546103$ & $0.305693$ & $0.302948$ & $-0.137643$ & $-0.33339$ & $-0.106212$ & $0.0735588$ & $0.130313$ & $0.12295$ & $0.10841$ & $0.0558452$ & $-0.040758$ & $-0.0281851$ & $0.328777$ & $0.335531$ & $0.327857$ & $0.0200871$ & $-0.0303724$ & $-0.0182923$ & $-0.177424$ & $0.124577$ & $1$ & $-0.00431686$ & $0.0328586$ & $0.00483262$ & $-0.0506154$ & $0.025094$ & $0.153786$ & $0.0195095$ & $-0.00686051$ & $-0.00412116$ & $-0.013415$ & $0.0200972$ & $-0.00598369$ & $0.0228259$ & $0.021113$ & $0.0156202$ & $0.0359133$ & $-0.000220826$ & $0.058126$ & $0.0189078$ & $-0.0368449$ & $-0.00678794$ \\
CeH_22r & $-0.00495591$ & $0.0157476$ & $-0.0159474$ & $-0.0163995$ & $-0.00613109$ & $0.0330739$ & $-0.0056817$ & $0.00207608$ & $0.00444912$ & $-0.0226108$ & $0.0191174$ & $0.00986697$ & $0.0546474$ & $-0.0378734$ & $-0.0183747$ & $-0.0412116$ & $-0.0437454$ & $-0.0295765$ & $-0.0134614$ & $-0.0203838$ & $-0.0148408$ & $-0.0210904$ & $0.00873642$ & $-0.034175$ & $-0.0307256$ & $0.00987577$ & $0.0141322$ & $-0.00431686$ & $1$ & $0.0331102$ & $0.00629956$ & $-0.0275534$ & $0.0121415$ & $0.0135406$ & $-0.0116967$ & $-0.000312602$ & $0.0131506$ & $-0.00752652$ & $-0.0301523$ & $-0.0509344$ & $-0.000257918$ & $-0.0140254$ & $0.0241271$ & $0.00200484$ & $-0.00268852$ & $0.0345741$ & $-0.0202964$ & $-0.030953$ & $-0.0480774$ \\
CeH_33r & $0.0659483$ & $-0.0185384$ & $-0.0584307$ & $-0.0124873$ & $-0.00259556$ & $0.00473675$ & $-0.118268$ & $0.109769$ & $0.134715$ & $-0.124957$ & $-0.0699753$ & $0.152844$ & $0.277033$ & $-0.0579836$ & $0.0656045$ & $0.053618$ & $-0.0830624$ & $-0.12167$ & $-0.111438$ & $0.0707482$ & $0.0679474$ & $0.0635569$ & $0.0176464$ & $-0.10166$ & $-0.124376$ & $-0.0519226$ & $0.00474371$ & $0.0328586$ & $0.0331102$ & $1$ & $0.331191$ & $0.0376762$ & $0.639503$ & $0.0363639$ & $-0.0211766$ & $-0.00200939$ & $-0.145771$ & $-0.0270884$ & $0.0371043$ & $-0.00591254$ & $0.0213471$ & $-0.00974531$ & $0.0426089$ & $0.0290588$ & $0.139921$ & $-0.00478188$ & $-0.000724214$ & $0.0015409$ & $-0.0154228$ \\
CuH_22r & $0.0454372$ & $-0.052347$ & $-0.0369818$ & $0.0671036$ & $-0.0362881$ & $0.0137663$ & $-0.0555806$ & $0.0713325$ & $0.0869911$ & $-0.0734256$ & $-0.039593$ & $-0.000856353$ & $0.145591$ & $-0.043925$ & $-0.00629072$ & $1.85903e-05$ & $-0.0586853$ & $-0.0570289$ & $-0.0627147$ & $0.0343741$ & $0.0435352$ & $0.0355993$ & $0.00428521$ & $-0.0834343$ & $-0.0650344$ & $-0.00213999$ & $0.0479371$ & $0.00483262$ & $0.00629956$ & $0.331191$ & $1$ & $0.0423867$ & $0.365193$ & $0.0622876$ & $0.005894$ & $-0.0664833$ & $-0.0720856$ & $0.0175066$ & $0.0934632$ & $-0.024802$ & $0.0521334$ & $-0.0177123$ & $-0.0111395$ & $0.0307268$ & $0.0474146$ & $0.0608344$ & $0.326072$ & $0.00296933$ & $0.0137572$ \\
CuH_33r & $0.00633657$ & $0.0388679$ & $-0.0311384$ & $-0.00355153$ & $-0.00411933$ & $0.0142269$ & $0.933096$ & $-0.129184$ & $-0.0856997$ & $0.0989119$ & $0.0906628$ & $0.122196$ & $-0.241025$ & $0.0276806$ & $-0.019116$ & $-0.0181702$ & $0.0800782$ & $0.0859435$ & $0.086714$ & $-0.0862706$ & $-0.0942472$ & $-0.0920671$ & $-0.000210127$ & $0.104952$ & $0.0845522$ & $0.0533767$ & $-0.0647501$ & $-0.0506154$ & $-0.0275534$ & $0.0376762$ & $0.0423867$ & $1$ & $0.0499652$ & $-0.0847798$ & $0.0707302$ & $0.0181923$ & $-0.025887$ & $-0.00852363$ & $-0.00524466$ & $0.00987227$ & $0.0050457$ & $0.00532564$ & $-0.00247021$ & $0.00602482$ & $0.0115101$ & $-0.0207968$ & $0.00148873$ & $0.00632705$ & $0.0307854$ \\
CdH_33r & $0.0792497$ & $-0.0381523$ & $-0.0828131$ & $0.0463009$ & $-0.0124022$ & $-0.0188904$ & $-0.137635$ & $0.109191$ & $0.131531$ & $-0.131745$ & $-0.0760203$ & $0.15247$ & $0.319152$ & $-0.0411969$ & $0.0645636$ & $0.0427788$ & $-0.0724527$ & $-0.111003$ & $-0.0904328$ & $0.0740396$ & $0.0735871$ & $0.0703937$ & $0.0264653$ & $-0.0929811$ & $-0.10914$ & $-0.0526269$ & $0.0188512$ & $0.025094$ & $0.0121415$ & $0.639503$ & $0.365193$ & $0.0499652$ & $1$ & $0.0330782$ & $0.0156669$ & $0.0260797$ & $-0.187033$ & $-0.0570099$ & $0.0141417$ & $0.0204132$ & $0.0478528$ & $0.00830644$ & $-0.0495344$ & $-0.0215088$ & $-0.0163147$ & $-0.0827471$ & $-0.0513399$ & $0.221195$ & $0.45809$ \\
CLL_1221 & $0.0262087$ & $-0.00288693$ & $0.0409403$ & $-0.0148885$ & $-0.0256727$ & $-0.117078$ & $-0.0869752$ & $0.579846$ & $0.564931$ & $-0.389751$ & $-0.377641$ & $-0.254339$ & $0.218906$ & $-0.227892$ & $-0.58476$ & $-0.0815408$ & $-0.274328$ & $0.000912636$ & $-0.36865$ & $0.299076$ & $0.461602$ & $0.460868$ & $0.200445$ & $-0.650314$ & $-0.249497$ & $-0.268782$ & $0.659271$ & $0.153786$ & $0.0135406$ & $0.0363639$ & $0.0622876$ & $-0.0847798$ & $0.0330782$ & $1$ & $0.043042$ & $-0.00939272$ & $-0.0268172$ & $0.00137405$ & $0.0635489$ & $-0.00569792$ & $0.00167745$ & $0.00274381$ & $0.00475477$ & $0.0134191$ & $0.0188598$ & $0.0305645$ & $0.0692032$ & $-0.0269152$ & $-0.0182728$ \\
eHggint & $-0.10152$ & $-0.101431$ & $0.0289683$ & $-0.121101$ & $-0.0129012$ & $-0.0348124$ & $-0.00912352$ & $0.015149$ & $-0.00499147$ & $0.0314543$ & $0.0193612$ & $0.0931418$ & $0.0455319$ & $-0.0601151$ & $-0.0415636$ & $-0.075171$ & $-0.0489036$ & $-0.0368208$ & $-0.0137039$ & $-0.0294928$ & $-0.012059$ & $-0.0180454$ & $-0.00641264$ & $-0.0491778$ & $-0.0261007$ & $0.0408226$ & $0.051935$ & $0.0195095$ & $-0.0116967$ & $-0.0211766$ & $0.005894$ & $0.0707302$ & $0.0156669$ & $0.043042$ & $1$ & $-0.188667$ & $-0.0541234$ & $0.0041401$ & $0.0633098$ & $-0.00906215$ & $0.0902468$ & $-0.0229298$ & $-0.0938062$ & $0.0464391$ & $0.0699722$ & $0.099354$ & $-0.0113913$ & $-0.0610099$ & $0.0823277$ \\
eHggpar & $-0.0383449$ & $0.110531$ & $-0.00512059$ & $-0.0806024$ & $0.0140358$ & $0.0155928$ & $-0.00842544$ & $-0.00336905$ & $-0.00310563$ & $0.0314796$ & $0.00421629$ & $0.0713046$ & $0.00349057$ & $-0.00812896$ & $0.0144033$ & $0.000132827$ & $-0.00509526$ & $-0.0133786$ & $-0.00512671$ & $0.00197326$ & $-0.00366725$ & $-0.00555405$ & $-0.0171327$ & $0.00537581$ & $-0.00934954$ & $0.0148016$ & $-0.0109437$ & $-0.00686051$ & $-0.000312602$ & $-0.00200939$ & $-0.0664833$ & $0.0181923$ & $0.0260797$ & $-0.00939272$ & $-0.188667$ & $1$ & $0.0930354$ & $-0.0593675$ & $-0.138141$ & $0.0282062$ & $-0.0575546$ & $0.021805$ & $0.066345$ & $-0.0606436$ & $0.0356599$ & $-0.107162$ & $-0.123248$ & $0.0186278$ & $0.0745802$ \\
eHWWint & $-0.162064$ & $0.0327294$ & $0.233729$ & $0.0804494$ & $-0.0094579$ & $0.0160148$ & $0.0205568$ & $-0.0564544$ & $-0.072104$ & $0.00134135$ & $0.0372929$ & $-0.0197794$ & $-0.0120865$ & $0.0168472$ & $-0.0184677$ & $0.0213119$ & $0.0447815$ & $0.0550103$ & $0.0261233$ & $-0.0290476$ & $-0.0368625$ & $-0.0366933$ & $-0.0423228$ & $0.0701669$ & $0.0602917$ & $0.0554685$ & $-0.0275473$ & $-0.00412116$ & $0.0131506$ & $-0.145771$ & $-0.0720856$ & $-0.025887$ & $-0.187033$ & $-0.0268172$ & $-0.0541234$ & $0.0930354$ & $1$ & $-0.0130523$ & $0.00057594$ & $0.0488084$ & $-0.143429$ & $-0.0135243$ & $-0.138458$ & $-0.00852871$ & $-0.0515392$ & $0.246593$ & $0.0529892$ & $0.0145067$ & $-0.0448699$ \\
eHWWpar & $0.000946943$ & $0.00413123$ & $-0.0276952$ & $-0.0103516$ & $0.0137945$ & $0.00319895$ & $-0.00223988$ & $-0.0232783$ & $-0.0196136$ & $0.0144096$ & $0.0276958$ & $-0.0026396$ & $0.00246394$ & $-0.0264135$ & $-0.0200158$ & $-0.0393334$ & $0.00207182$ & $0.00368741$ & $0.0142863$ & $-0.0299517$ & $-0.0244022$ & $-0.028804$ & $-0.0142444$ & $-0.00656022$ & $0.0163103$ & $0.0411956$ & $0.0188236$ & $-0.013415$ & $-0.00752652$ & $-0.0270884$ & $0.0175066$ & $-0.00852363$ & $-0.0570099$ & $0.00137405$ & $0.0041401$ & $-0.0593675$ & $-0.0130523$ & $1$ & $-0.058663$ & $0.00694606$ & $-0.0176694$ & $0.026579$ & $0.0277785$ & $0.0262361$ & $0.0401744$ & $0.0297283$ & $0.0418195$ & $0.0104148$ & $-0.0696011$ \\
eHZZint & $0.145111$ & $-0.0692392$ & $-0.0146926$ & $0.0275963$ & $-0.000963619$ & $0.0261463$ & $-0.0139105$ & $0.0244252$ & $0.0225113$ & $-0.0367635$ & $-0.0138917$ & $-0.0554636$ & $0.0260776$ & $-0.00918494$ & $-0.0551386$ & $0.0119024$ & $-0.0167054$ & $0.0195859$ & $-0.0317353$ & $0.00815035$ & $0.0155255$ & $0.0193386$ & $0.00143508$ & $-0.0376364$ & $-0.01881$ & $-0.00595574$ & $0.0312122$ & $0.0200972$ & $-0.0301523$ & $0.0371043$ & $0.0934632$ & $-0.00524466$ & $0.0141417$ & $0.0635489$ & $0.0633098$ & $-0.138141$ & $0.00057594$ & $-0.058663$ & $1$ & $0.036542$ & $-0.0303438$ & $-0.0386631$ & $-0.0474377$ & $0.0187413$ & $0.111178$ & $0.171157$ & $0.111561$ & $0.0247308$ & $0.030368$ \\
eHZZpar & $0.010521$ & $-0.00417652$ & $0.0259765$ & $0.0217942$ & $0.0360343$ & $0.00701214$ & $0.0110244$ & $0.00288884$ & $0.000585061$ & $-0.000156253$ & $0.00319909$ & $0.00242457$ & $0.00866977$ & $-0.0105284$ & $0.00930037$ & $-0.00879488$ & $-0.00913212$ & $-0.0184274$ & $-0.00238421$ & $-0.00346536$ & $-0.00180567$ & $-0.00132338$ & $-0.0361427$ & $-0.00114465$ & $-0.0101795$ & $0.0232597$ & $0.00276715$ & $-0.00598369$ & $-0.0509344$ & $-0.00591254$ & $-0.024802$ & $0.00987227$ & $0.0204132$ & $-0.00569792$ & $-0.00906215$ & $0.0282062$ & $0.0488084$ & $0.00694606$ & $0.036542$ & $1$ & $-0.0104176$ & $0.00648978$ & $-0.0393756$ & $0.00503813$ & $0.0204323$ & $-0.0377887$ & $-0.0094933$ & $0.0355763$ & $0.0417232$ \\
eHZgaint & $-0.0723638$ & $-0.170153$ & $-0.0507989$ & $0.0574604$ & $0.0543237$ & $-0.0137494$ & $-0.00756451$ & $0.00165865$ & $0.00828596$ & $-0.0298277$ & $0.0120112$ & $-0.0277637$ & $0.0106391$ & $-0.01282$ & $-0.0123854$ & $-0.0184597$ & $-0.0204645$ & $-0.0116506$ & $-0.00463671$ & $-0.0170734$ & $-0.0123324$ & $-0.0148302$ & $-0.0045971$ & $-0.00397028$ & $-0.0160931$ & $0.022521$ & $-0.00140137$ & $0.0228259$ & $-0.000257918$ & $0.0213471$ & $0.0521334$ & $0.0050457$ & $0.0478528$ & $0.00167745$ & $0.0902468$ & $-0.0575546$ & $-0.143429$ & $-0.0176694$ & $-0.0303438$ & $-0.0104176$ & $1$ & $-0.0124769$ & $0.0901284$ & $-0.0928679$ & $0.0672701$ & $-0.05035$ & $0.122175$ & $-0.108362$ & $0.0945899$ \\
eHZgapar & $0.0382519$ & $-0.00466297$ & $-0.00641974$ & $0.0285508$ & $-0.00491$ & $0.0265178$ & $0.0137029$ & $0.0253321$ & $0.0304288$ & $-0.0172522$ & $-0.0213666$ & $-0.018986$ & $0.0248341$ & $0.00744696$ & $0.0162747$ & $0.0366478$ & $-0.0188821$ & $-0.0173102$ & $-0.0274879$ & $0.023424$ & $0.0191998$ & $0.020627$ & $0.0164968$ & $-0.0109109$ & $-0.0193551$ & $-0.0095133$ & $0.0054483$ & $0.021113$ & $-0.0140254$ & $-0.00974531$ & $-0.0177123$ & $0.00532564$ & $0.00830644$ & $0.00274381$ & $-0.0229298$ & $0.021805$ & $-0.0135243$ & $0.026579$ & $-0.0386631$ & $0.00648978$ & $-0.0124769$ & $1$ & $0.0559964$ & $0.0153432$ & $0.00202073$ & $-0.0026061$ & $0.0139675$ & $-0.0016668$ & $-0.00728605$ \\
eHgagaint & $0.00998042$ & $-0.0461414$ & $-0.0617101$ & $-0.0646773$ & $0.0255407$ & $-0.00983125$ & $-0.00709248$ & $0.0123049$ & $0.0706617$ & $0.00281517$ & $-0.0153727$ & $-0.0101988$ & $0.00284031$ & $0.0186161$ & $-0.00277385$ & $-0.0223386$ & $-0.00182964$ & $0.00745034$ & $0.0192189$ & $0.0134802$ & $0.0149149$ & $0.0148448$ & $0.00840078$ & $-0.0126558$ & $0.00424072$ & $0.00463867$ & $0.0139466$ & $0.0156202$ & $0.0241271$ & $0.0426089$ & $-0.0111395$ & $-0.00247021$ & $-0.0495344$ & $0.00475477$ & $-0.0938062$ & $0.066345$ & $-0.138458$ & $0.0277785$ & $-0.0474377$ & $-0.0393756$ & $0.0901284$ & $0.0559964$ & $1$ & $-0.120031$ & $-0.0370655$ & $-0.0813833$ & $0.00401379$ & $-0.165002$ & $-0.152313$ \\
eHmumuint & $-0.0753824$ & $-0.0301121$ & $0.0565085$ & $-0.00239509$ & $0.00692231$ & $0.0150013$ & $-0.00326029$ & $0.00944075$ & $0.00550576$ & $-0.0263912$ & $0.01013$ & $0.00256057$ & $0.0274714$ & $-0.0471438$ & $-0.00127724$ & $-0.00236237$ & $-0.0247089$ & $-0.0342664$ & $-0.0325944$ & $-0.0118022$ & $-0.0101093$ & $-0.00238811$ & $-0.0049822$ & $-0.0420685$ & $-0.0247482$ & $0.00697901$ & $-0.00441202$ & $0.0359133$ & $0.00200484$ & $0.0290588$ & $0.0307268$ & $0.00602482$ & $-0.0215088$ & $0.0134191$ & $0.0464391$ & $-0.0606436$ & $-0.00852871$ & $0.0262361$ & $0.0187413$ & $0.00503813$ & $-0.0928679$ & $0.0153432$ & $-0.120031$ & $1$ & $-0.0397276$ & $0.153603$ & $-0.0374592$ & $-0.0246934$ & $-0.112813$ \\
eHtautauint & $0.224434$ & $0.232436$ & $-0.0278613$ & $-0.0999914$ & $0.0361718$ & $0.0138525$ & $-0.000963789$ & $-0.00442507$ & $-0.00879997$ & $-0.0356364$ & $-0.00442254$ & $-0.0076003$ & $0.00272085$ & $0.00977486$ & $-0.0124897$ & $-0.0248637$ & $0.0113094$ & $0.0160008$ & $0.022783$ & $0.00823849$ & $0.00925611$ & $0.00455665$ & $-0.0091997$ & $-0.00586847$ & $-0.00919647$ & $0.00231016$ & $0.0133664$ & $-0.000220826$ & $-0.00268852$ & $0.139921$ & $0.0474146$ & $0.0115101$ & $-0.0163147$ & $0.0188598$ & $0.0699722$ & $0.0356599$ & $-0.0515392$ & $0.0401744$ & $0.111178$ & $0.0204323$ & $0.0672701$ & $0.00202073$ & $-0.0370655$ & $-0.0397276$ & $1$ & $0.10923$ & $0.103581$ & $-0.0972383$ & $-0.0946199$ \\
eHccint & $0.0365462$ & $0.0465844$ & $-0.0202283$ & $-0.144858$ & $-0.00150613$ & $-0.0287964$ & $-0.0156456$ & $0.0025521$ & $-0.00826508$ & $-0.0133903$ & $-0.0270756$ & $-0.0298502$ & $0.000956048$ & $0.0375885$ & $-0.0238381$ & $-0.0217074$ & $0.0589792$ & $0.0593993$ & $0.0510192$ & $0.0265295$ & $0.0300952$ & $0.0235282$ & $-0.00793291$ & $0.00763922$ & $0.0431033$ & $0.00262515$ & $0.0167194$ & $0.058126$ & $0.0345741$ & $-0.00478188$ & $0.0608344$ & $-0.0207968$ & $-0.0827471$ & $0.0305645$ & $0.099354$ & $-0.107162$ & $0.246593$ & $0.0297283$ & $0.171157$ & $-0.0377887$ & $-0.05035$ & $-0.0026061$ & $-0.0813833$ & $0.153603$ & $0.10923$ & $1$ & $0.0972926$ & $-0.0579732$ & $-0.0966429$ \\
eHccpar & $0.0653337$ & $-0.0517225$ & $0.0639011$ & $0.138383$ & $-0.0425346$ & $0.00129204$ & $0.011973$ & $0.0251663$ & $0.0256367$ & $-0.00941178$ & $-0.0132606$ & $-0.0302695$ & $0.00113524$ & $-0.00517947$ & $-0.0620322$ & $-0.0745867$ & $-0.0125909$ & $0.0178557$ & $0.0229206$ & $0.00234654$ & $0.022733$ & $0.0200398$ & $0.0210579$ & $-0.0442062$ & $0.0230006$ & $0.0071201$ & $0.0977127$ & $0.0189078$ & $-0.0202964$ & $-0.000724214$ & $0.326072$ & $0.00148873$ & $-0.0513399$ & $0.0692032$ & $-0.0113913$ & $-0.123248$ & $0.0529892$ & $0.0418195$ & $0.111561$ & $-0.0094933$ & $0.122175$ & $0.0139675$ & $0.00401379$ & $-0.0374592$ & $0.103581$ & $0.0972926$ & $1$ & $-0.0218871$ & $-0.0500842$ \\
eHbbint & $0.106981$ & $0.0693114$ & $-0.079532$ & $0.077309$ & $-0.0316593$ & $0.0388531$ & $0.00698388$ & $-0.0454652$ & $-0.0469947$ & $-0.00795295$ & $0.0357622$ & $-0.0050994$ & $-0.0209436$ & $0.00363271$ & $-0.008733$ & $0.00530576$ & $0.0131738$ & $0.0210475$ & $0.0150184$ & $-0.0348153$ & $-0.0370217$ & $-0.0404598$ & $-0.0172637$ & $0.0368773$ & $0.0113738$ & $0.0349925$ & $-0.0167466$ & $-0.0368449$ & $-0.030953$ & $0.0015409$ & $0.00296933$ & $0.00632705$ & $0.221195$ & $-0.0269152$ & $-0.0610099$ & $0.0186278$ & $0.0145067$ & $0.0104148$ & $0.0247308$ & $0.0355763$ & $-0.108362$ & $-0.0016668$ & $-0.165002$ & $-0.0246934$ & $-0.0972383$ & $-0.0579732$ & $-0.0218871$ & $1$ & $0.150067$ \\
eHbbpar & $0.0252706$ & $-0.0352363$ & $-0.035613$ & $0.102913$ & $0.00921327$ & $-0.0543386$ & $0.0195114$ & $-0.0304369$ & $-0.0347808$ & $0.0367483$ & $0.00541652$ & $0.0171879$ & $-0.0257356$ & $0.0404948$ & $-0.00922073$ & $-0.0128593$ & $0.0536836$ & $0.0506249$ & $0.0537682$ & $-0.0104762$ & $-0.00698597$ & $-0.00692011$ & $-0.011927$ & $0.0455733$ & $0.0460325$ & $0.0110357$ & $-0.00825125$ & $-0.00678794$ & $-0.0480774$ & $-0.0154228$ & $0.0137572$ & $0.0307854$ & $0.45809$ & $-0.0182728$ & $0.0823277$ & $0.0745802$ & $-0.0448699$ & $-0.0696011$ & $0.030368$ & $0.0417232$ & $0.0945899$ & $-0.00728605$ & $-0.152313$ & $-0.112813$ & $-0.0946199$ & $-0.0966429$ & $-0.0500842$ & $0.150067$ & $1$ \\
