 & AlsMz & dAle5Mz & mtop & mHl & Mz & CW & CHG & CHWB & CHWHB_gaga & CHWHB_gagaorth & CHD & CHbox & CH & CHL1_11 & CHL1_22 & CHL1_33 & CHL3_11 & CHL3_22 & CHL3_33 & CHe_11 & CHe_22 & CHe_33 & CHQ1_11 & CHQ1_33 & CHQ3_11 & CHu_11 & CHd_11 & CHd_33 & CeH_22r & CeH_33r & CuH_22r & CuH_33r & CdH_33r & CLL_1221 & eHggint & eHggpar & eHWWint & eHWWpar & eHZZint & eHZZpar & eHZgaint & eHZgapar & eHgagaint & eHmumuint & eHtautauint & eHccint & eHccpar & eHbbint & eHbbpar \\
AlsMz & $1$ & $-0.0353016$ & $0.0287727$ & $0.0725863$ & $-0.0259021$ & $-0.0179415$ & $-0.00955036$ & $0.00791575$ & $0.0107085$ & $-0.040124$ & $-0.0139208$ & $0.0100033$ & $0.0307633$ & $-0.0273951$ & $0.008806$ & $0.0186179$ & $0.0066694$ & $-0.0133331$ & $-0.0231664$ & $0.00129312$ & $0.000986897$ & $-0.000837704$ & $-0.0097804$ & $-0.0740579$ & $-0.159117$ & $-0.0303098$ & $-0.0505507$ & $0.00497228$ & $0.0311199$ & $0.00337716$ & $0.0438639$ & $-0.0119094$ & $0.0157807$ & $0.00505071$ & $-0.0126452$ & $-0.0522897$ & $0.0304464$ & $0.0263015$ & $-0.0519635$ & $-0.0307332$ & $-0.0127895$ & $0.00547072$ & $-0.0157445$ & $0.0355919$ & $0.0432271$ & $0.00503579$ & $0.0288156$ & $0.0233466$ & $-0.020461$ \\
dAle5Mz & $-0.0353016$ & $1$ & $-0.0647813$ & $0.0760078$ & $-0.0196947$ & $0.0669318$ & $-0.0107874$ & $-0.14434$ & $-0.139631$ & $0.0546247$ & $0.12352$ & $0.0224153$ & $-0.0113544$ & $-0.0426135$ & $-0.000168363$ & $-0.0421694$ & $0.0137255$ & $0.00350664$ & $0.0392222$ & $-0.0933991$ & $-0.100321$ & $-0.0910253$ & $0.0145299$ & $0.071487$ & $0.0389931$ & $0.0414576$ & $-0.0258155$ & $-0.0347461$ & $0.026542$ & $0.0778644$ & $0.036097$ & $0.0187991$ & $0.0513552$ & $-0.0447056$ & $-0.00517688$ & $0.0117423$ & $-0.0820289$ & $-0.0245845$ & $-0.0331326$ & $0.00314181$ & $0.00551287$ & $-0.0211705$ & $0.01744$ & $0.0900507$ & $0.00278822$ & $-0.00536906$ & $0.0363376$ & $-0.00492179$ & $0.0143914$ \\
mtop & $0.0287727$ & $-0.0647813$ & $1$ & $-0.00538514$ & $0.00172082$ & $-0.00488225$ & $0.0172672$ & $0.0137667$ & $0.0138163$ & $0.00198875$ & $-0.00768965$ & $0.0304215$ & $0.0361466$ & $-0.00451293$ & $0.00138777$ & $-0.00500358$ & $0.0244732$ & $0.00622769$ & $0.0112033$ & $0.015807$ & $0.0167759$ & $0.0166523$ & $-0.0286531$ & $-0.00770014$ & $0.0344511$ & $0.00850322$ & $0.0376296$ & $-0.0156353$ & $0.043768$ & $-0.0421254$ & $0.0641831$ & $0.00769489$ & $0.0113299$ & $0.0152413$ & $-0.0311849$ & $0.0546555$ & $0.0326239$ & $0.0247258$ & $-0.00296378$ & $0.0399211$ & $0.0526442$ & $-0.0306187$ & $-0.0135133$ & $0.0305291$ & $0.0301815$ & $0.0117602$ & $0.114561$ & $0.0169208$ & $-0.00710774$ \\
mHl & $0.0725863$ & $0.0760078$ & $-0.00538514$ & $1$ & $0.0162385$ & $0.0374778$ & $0.00035025$ & $-0.0254117$ & $-0.032539$ & $-0.00248155$ & $0.0175397$ & $-0.00932437$ & $-0.0148964$ & $0.0251636$ & $0.0104968$ & $0.00304306$ & $-0.0131713$ & $0.00151046$ & $0.0131733$ & $-0.0126845$ & $-0.0193574$ & $-0.0173642$ & $0.0516233$ & $0.00825106$ & $-0.0114647$ & $-0.0520777$ & $-0.0361005$ & $-0.051548$ & $-0.0213451$ & $0.0145751$ & $0.025655$ & $0.0171891$ & $0.0454449$ & $-0.0388366$ & $-0.0288601$ & $0.0195784$ & $-0.0095744$ & $-0.00848494$ & $-0.0122527$ & $0.00832603$ & $-0.00553421$ & $-0.0992056$ & $-0.0208493$ & $0.0286545$ & $0.0385192$ & $0.000107649$ & $-0.0113626$ & $0.0215762$ & $0.0245219$ \\
Mz & $-0.0259021$ & $-0.0196947$ & $0.00172082$ & $0.0162385$ & $1$ & $-0.0127558$ & $0.0124053$ & $0.000439047$ & $0.00329115$ & $-0.0136793$ & $0.0230097$ & $0.0035197$ & $0.0101058$ & $-0.0208319$ & $-0.0212894$ & $-0.000114343$ & $-0.0316958$ & $-0.0119889$ & $-0.028961$ & $-0.0149663$ & $-0.0109194$ & $-0.0102599$ & $0.0229383$ & $-0.0222288$ & $-0.00114184$ & $0.00587237$ & $0.0273508$ & $0.0114668$ & $0.00424171$ & $-0.0144239$ & $-0.0236324$ & $-0.00313284$ & $-0.00540342$ & $0.0131192$ & $-0.0154454$ & $-0.0141621$ & $0.0239609$ & $-0.00836451$ & $-0.0189175$ & $-0.0200364$ & $-0.0290797$ & $0.0204846$ & $0.0255887$ & $0.0212909$ & $-0.0161092$ & $-0.00822276$ & $0.0244845$ & $0.0271663$ & $0.0266616$ \\
CW & $-0.0179415$ & $0.0669318$ & $-0.00488225$ & $0.0374778$ & $-0.0127558$ & $1$ & $-0.0356822$ & $-0.127536$ & $-0.128614$ & $0.0171185$ & $0.198842$ & $0.0954326$ & $0.0574598$ & $-0.0274485$ & $-0.0922685$ & $-0.0788915$ & $-0.27712$ & $-0.066711$ & $-0.0851295$ & $-0.193348$ & $-0.197466$ & $-0.206096$ & $0.000494076$ & $-0.0136647$ & $-0.123446$ & $0.0991582$ & $-0.0932286$ & $-0.0797233$ & $0.0320721$ & $0.0181702$ & $0.00963405$ & $-0.0256111$ & $0.0373473$ & $-0.0994887$ & $-0.0388173$ & $-0.0133159$ & $-0.0337682$ & $-0.0212024$ & $-0.0129957$ & $0.00901713$ & $0.00663198$ & $0.000291684$ & $0.00518435$ & $-0.0108901$ & $-0.00523317$ & $0.0613945$ & $-0.00518023$ & $-0.0384044$ & $0.00687931$ \\
CHG & $-0.00955036$ & $-0.0107874$ & $0.0172672$ & $0.00035025$ & $0.0124053$ & $-0.0356822$ & $1$ & $-0.14871$ & $-0.0946661$ & $0.101349$ & $0.0832303$ & $-0.274645$ & $-0.311757$ & $0.0742372$ & $-0.00845178$ & $-0.011616$ & $0.122836$ & $0.128047$ & $0.130425$ & $-0.0758658$ & $-0.0911189$ & $-0.081756$ & $-0.0503775$ & $0.144773$ & $0.125422$ & $0.0790102$ & $-0.0905673$ & $-0.0364043$ & $-0.0117104$ & $-0.119187$ & $-0.041797$ & $0.936451$ & $-0.152371$ & $-0.113133$ & $-0.0725907$ & $-0.0342661$ & $-0.0114839$ & $-0.0550026$ & $0.00339333$ & $0.00660172$ & $-0.0328077$ & $-0.0200215$ & $-0.00113617$ & $0.0460794$ & $0.0303733$ & $0.040744$ & $0.0232469$ & $0.0366532$ & $-0.00774216$ \\
CHWB & $0.00791575$ & $-0.14434$ & $0.0137667$ & $-0.0254117$ & $0.000439047$ & $-0.127536$ & $-0.14871$ & $1$ & $0.983623$ & $-0.585928$ & $-0.884145$ & $0.164665$ & $0.36803$ & $0.134581$ & $0.277116$ & $0.291176$ & $-0.214589$ & $-0.389642$ & $-0.409828$ & $0.854856$ & $0.899136$ & $0.881131$ & $0.0689874$ & $-0.670903$ & $-0.356408$ & $-0.51336$ & $0.442473$ & $0.283047$ & $0.0407564$ & $0.141097$ & $0.0631183$ & $-0.141822$ & $0.153608$ & $0.565523$ & $-0.0320397$ & $-0.0309015$ & $-0.0089658$ & $-0.0238475$ & $0.0291521$ & $-0.0482295$ & $-0.0424323$ & $-0.00425244$ & $0.030747$ & $0.00993242$ & $0.0329953$ & $0.0160705$ & $-0.00723647$ & $-0.00406778$ & $0.0294149$ \\
CHWHB_gaga & $0.0107085$ & $-0.139631$ & $0.0138163$ & $-0.032539$ & $0.00329115$ & $-0.128614$ & $-0.0946661$ & $0.983623$ & $1$ & $-0.572973$ & $-0.868761$ & $0.166548$ & $0.358702$ & $0.129654$ & $0.278907$ & $0.289945$ & $-0.214359$ & $-0.389257$ & $-0.407333$ & $0.840373$ & $0.882657$ & $0.86526$ & $0.0662388$ & $-0.660579$ & $-0.357292$ & $-0.505919$ & $0.42811$ & $0.277079$ & $0.048077$ & $0.156587$ & $0.0768068$ & $-0.0959058$ & $0.174924$ & $0.551112$ & $-0.0513028$ & $-0.044144$ & $-0.0259808$ & $-0.0282492$ & $0.0215145$ & $-0.0498455$ & $-0.0440856$ & $-0.00651895$ & $0.106298$ & $0.0138912$ & $0.0285436$ & $0.0204952$ & $-0.00589181$ & $-0.00138309$ & $0.0344702$ \\
CHWHB_gagaorth & $-0.040124$ & $0.0546247$ & $0.00198875$ & $-0.00248155$ & $-0.0136793$ & $0.0171185$ & $0.101349$ & $-0.585928$ & $-0.572973$ & $1$ & $0.383683$ & $0.0656678$ & $-0.288507$ & $0.194522$ & $-0.153663$ & $-0.152628$ & $0.412454$ & $0.476613$ & $0.483582$ & $-0.373605$ & $-0.3944$ & $-0.390778$ & $-0.0326526$ & $0.556967$ & $0.467238$ & $0.231326$ & $-0.216494$ & $-0.110653$ & $-0.0270371$ & $-0.164183$ & $-0.0736808$ & $0.105347$ & $-0.184015$ & $-0.32914$ & $0.0538529$ & $0.0298711$ & $0.038878$ & $0.0347501$ & $-0.0260604$ & $0.0237352$ & $-0.0467053$ & $0.0385506$ & $0.00454242$ & $-0.0291409$ & $-0.010548$ & $-0.0188257$ & $0.011887$ & $0.013973$ & $-0.030139$ \\
CHD & $-0.0139208$ & $0.12352$ & $-0.00768965$ & $0.0175397$ & $0.0230097$ & $0.198842$ & $0.0832303$ & $-0.884145$ & $-0.868761$ & $0.383683$ & $1$ & $0.0339336$ & $-0.162924$ & $-0.535639$ & $-0.389718$ & $-0.406992$ & $-0.232547$ & $0.030384$ & $0.0487128$ & $-0.990012$ & $-0.991153$ & $-0.972338$ & $-0.0192813$ & $0.315035$ & $-0.014522$ & $0.569773$ & $-0.325763$ & $-0.316891$ & $-0.0249807$ & $-0.0948337$ & $-0.0490786$ & $0.0902667$ & $-0.0996609$ & $-0.388376$ & $0.0376006$ & $0.0338427$ & $0.00428826$ & $0.00661701$ & $-0.0236483$ & $0.0470074$ & $0.0574642$ & $-0.0117133$ & $-0.0380238$ & $-0.00474145$ & $-0.0178922$ & $-0.00231484$ & $-0.00720634$ & $-0.00885204$ & $-0.0274303$ \\
CHbox & $0.0100033$ & $0.0224153$ & $0.0304215$ & $-0.00932437$ & $0.0035197$ & $0.0954326$ & $-0.274645$ & $0.164665$ & $0.166548$ & $0.0656678$ & $0.0339336$ & $1$ & $0.867787$ & $-0.328701$ & $0.00922367$ & $0.00890173$ & $-0.418345$ & $-0.379544$ & $-0.385233$ & $-0.0327845$ & $-0.0260835$ & $-0.0259468$ & $0.0486968$ & $-0.324233$ & $-0.376187$ & $0.0027249$ & $0.0532909$ & $0.00798209$ & $0.0838902$ & $0.309599$ & $0.11042$ & $-0.196482$ & $0.33856$ & $0.106921$ & $0.0829826$ & $0.0200892$ & $0.0265741$ & $0.00705967$ & $-0.00153988$ & $-0.00919342$ & $-0.0140636$ & $0.0207886$ & $-0.015969$ & $-0.0126012$ & $0.00843505$ & $0.000676031$ & $-0.00770842$ & $-0.00623305$ & $-0.0120541$ \\
CH & $0.0307633$ & $-0.0113544$ & $0.0361466$ & $-0.0148964$ & $0.0101058$ & $0.0574598$ & $-0.311757$ & $0.36803$ & $0.358702$ & $-0.288507$ & $-0.162924$ & $0.867787$ & $1$ & $-0.263813$ & $0.048216$ & $0.0502954$ & $-0.419647$ & $-0.415754$ & $-0.42423$ & $0.152334$ & $0.176303$ & $0.172639$ & $0.0608611$ & $-0.445359$ & $-0.415353$ & $-0.111563$ & $0.157849$ & $0.0732176$ & $0.0844242$ & $0.268177$ & $0.114589$ & $-0.265833$ & $0.298389$ & $0.239394$ & $0.030328$ & $-0.00679207$ & $0.0217727$ & $0.00288411$ & $0.0127293$ & $-0.00825672$ & $-0.00506264$ & $0.00978895$ & $-0.0150375$ & $-0.00319055$ & $0.01109$ & $0.00300462$ & $-0.00180619$ & $-0.0132948$ & $-0.00414682$ \\
CHL1_11 & $-0.0273951$ & $-0.0426135$ & $-0.00451293$ & $0.0251636$ & $-0.0208319$ & $-0.0274485$ & $0.0742372$ & $0.134581$ & $0.129654$ & $0.194522$ & $-0.535639$ & $-0.328701$ & $-0.263813$ & $1$ & $0.265503$ & $0.282449$ & $0.662018$ & $0.593096$ & $0.583284$ & $0.557189$ & $0.499505$ & $0.488533$ & $-0.0755157$ & $0.455161$ & $0.592359$ & $-0.292191$ & $-0.0663966$ & $0.158044$ & $-0.0193425$ & $-0.0304384$ & $-0.0238144$ & $0.0473447$ & $-0.0513111$ & $-0.169733$ & $-0.0398051$ & $-0.0303037$ & $-0.00673472$ & $0.0347835$ & $0.00995408$ & $-0.0212099$ & $-0.0529355$ & $0.032852$ & $0.0262308$ & $-0.012783$ & $-0.0197663$ & $-0.0358983$ & $0.00662964$ & $0.0262039$ & $-0.0074105$ \\
CHL1_22 & $0.008806$ & $-0.000168363$ & $0.00138777$ & $0.0104968$ & $-0.0212894$ & $-0.0922685$ & $-0.00845178$ & $0.277116$ & $0.278907$ & $-0.153663$ & $-0.389718$ & $0.00922367$ & $0.048216$ & $0.265503$ & $1$ & $0.433545$ & $0.149286$ & $-0.461993$ & $-0.0324701$ & $0.459607$ & $0.306488$ & $0.303362$ & $-0.131359$ & $0.115261$ & $-0.140069$ & $-0.216202$ & $-0.395742$ & $0.153987$ & $0.0143003$ & $0.0586935$ & $0.0259112$ & $-0.00485043$ & $0.0628205$ & $-0.60582$ & $-0.0265948$ & $-0.0112764$ & $-0.0349402$ & $0.000815463$ & $-0.00381246$ & $-0.0241944$ & $-0.0170286$ & $-0.0127836$ & $0.011837$ & $0.0321408$ & $-0.0112696$ & $-0.00341392$ & $-0.0156356$ & $0.057151$ & $-0.00634146$ \\
CHL1_33 & $0.0186179$ & $-0.0421694$ & $-0.00500358$ & $0.00304306$ & $-0.000114343$ & $-0.0788915$ & $-0.011616$ & $0.291176$ & $0.289945$ & $-0.152628$ & $-0.406992$ & $0.00890173$ & $0.0502954$ & $0.282449$ & $0.433545$ & $1$ & $0.154479$ & $-0.0172717$ & $-0.432556$ & $0.471605$ & $0.324897$ & $0.352263$ & $-0.159329$ & $0.103462$ & $-0.119656$ & $-0.206337$ & $-0.366147$ & $0.103585$ & $0.00261068$ & $0.0607343$ & $0.0400739$ & $-0.000820142$ & $0.0775229$ & $-0.0972242$ & $0.0149096$ & $0.00510196$ & $0.00762327$ & $0.00872184$ & $-0.0022962$ & $-0.0201261$ & $-0.011772$ & $0.031562$ & $0.0374363$ & $-0.0057996$ & $-0.00988241$ & $-0.0244233$ & $0.00157211$ & $0.0333991$ & $0.0417925$ \\
CHL3_11 & $0.0066694$ & $0.0137255$ & $0.0244732$ & $-0.0131713$ & $-0.0316958$ & $-0.27712$ & $0.122836$ & $-0.214589$ & $-0.214359$ & $0.412454$ & $-0.232547$ & $-0.418345$ & $-0.419647$ & $0.662018$ & $0.149286$ & $0.154479$ & $1$ & $0.736305$ & $0.743769$ & $0.252586$ & $0.203018$ & $0.201674$ & $-0.0567509$ & $0.659925$ & $0.78241$ & $-0.124195$ & $-0.114541$ & $0.0788848$ & $-0.0300037$ & $-0.116852$ & $-0.0341335$ & $0.0895438$ & $-0.130597$ & $-0.210085$ & $-0.000704354$ & $0.00180041$ & $0.029212$ & $0.0346035$ & $-0.0107539$ & $0.00458961$ & $-0.0305806$ & $0.0325466$ & $0.0102658$ & $-0.0114286$ & $-0.0266419$ & $-0.0142126$ & $0.0383131$ & $0.0137318$ & $-0.00532073$ \\
CHL3_22 & $-0.0133331$ & $0.00350664$ & $0.00622769$ & $0.00151046$ & $-0.0119889$ & $-0.066711$ & $0.128047$ & $-0.389642$ & $-0.389257$ & $0.476613$ & $0.030384$ & $-0.379544$ & $-0.415754$ & $0.593096$ & $-0.461993$ & $-0.0172717$ & $0.736305$ & $1$ & $0.667093$ & $-0.0361306$ & $-0.0214244$ & $-0.018568$ & $-0.01731$ & $0.594867$ & $0.786266$ & $0.0349702$ & $0.0319773$ & $-0.0369254$ & $-0.0407635$ & $-0.128252$ & $-0.0481403$ & $0.0991219$ & $-0.143408$ & $0.0886565$ & $0.00816412$ & $0.00261072$ & $0.0364949$ & $0.0334375$ & $-0.00555714$ & $0.0195243$ & $-0.0127337$ & $0.0447568$ & $0.00858308$ & $-0.0360093$ & $-0.0236078$ & $-0.0240377$ & $0.0366035$ & $-0.0162939$ & $0.0048277$ \\
CHL3_33 & $-0.0231664$ & $0.0392222$ & $0.0112033$ & $0.0131733$ & $-0.028961$ & $-0.0851295$ & $0.130425$ & $-0.409828$ & $-0.407333$ & $0.483582$ & $0.0487128$ & $-0.385233$ & $-0.42423$ & $0.583284$ & $-0.0324701$ & $-0.432556$ & $0.743769$ & $0.667093$ & $1$ & $-0.0507904$ & $-0.0390708$ & $-0.0387793$ & $0.00555551$ & $0.612485$ & $0.785146$ & $0.027438$ & $0.0119378$ & $-0.00222075$ & $-0.0284801$ & $-0.131404$ & $-0.0605635$ & $0.0947976$ & $-0.160621$ & $-0.306301$ & $-0.0150095$ & $-0.012812$ & $0.00710093$ & $0.0327782$ & $-0.00389525$ & $0.0188323$ & $-0.0320107$ & $0.00821094$ & $-0.0107422$ & $-0.0100418$ & $-0.0243015$ & $-0.00173523$ & $0.021423$ & $0.0006324$ & $-0.0369592$ \\
CHe_11 & $0.00129312$ & $-0.0933991$ & $0.015807$ & $-0.0126845$ & $-0.0149663$ & $-0.193348$ & $-0.0758658$ & $0.854856$ & $0.840373$ & $-0.373605$ & $-0.990012$ & $-0.0327845$ & $0.152334$ & $0.557189$ & $0.459607$ & $0.471605$ & $0.252586$ & $-0.0361306$ & $-0.0507904$ & $1$ & $0.972385$ & $0.955131$ & $-0.00461359$ & $-0.259837$ & $0.0188652$ & $-0.561118$ & $0.247773$ & $0.312059$ & $0.0247583$ & $0.0945069$ & $0.051005$ & $-0.080289$ & $0.103326$ & $0.305658$ & $-0.0334206$ & $-0.0287449$ & $-0.00640857$ & $-0.00720027$ & $0.0234917$ & $-0.044689$ & $-0.0503883$ & $0.0164419$ & $0.0415578$ & $0.0095117$ & $0.0122048$ & $0.00189218$ & $0.0104416$ & $0.0139379$ & $0.0335883$ \\
CHe_22 & $0.000986897$ & $-0.100321$ & $0.0167759$ & $-0.0193574$ & $-0.0109194$ & $-0.197466$ & $-0.0911189$ & $0.899136$ & $0.882657$ & $-0.3944$ & $-0.991153$ & $-0.0260835$ & $0.176303$ & $0.499505$ & $0.306488$ & $0.324897$ & $0.203018$ & $-0.0214244$ & $-0.0390708$ & $0.972385$ & $1$ & $0.976607$ & $0.0466554$ & $-0.36703$ & $0.0152168$ & $-0.571734$ & $0.405879$ & $0.313532$ & $0.0270394$ & $0.0938467$ & $0.0490966$ & $-0.0986195$ & $0.0972312$ & $0.471427$ & $-0.0371111$ & $-0.0348219$ & $-0.00177814$ & $-0.00796631$ & $0.0270889$ & $-0.0476177$ & $-0.0574493$ & $0.0106816$ & $0.0375313$ & $0.00691745$ & $0.021747$ & $0.00823184$ & $0.0114086$ & $0.00040133$ & $0.0275585$ \\
CHe_33 & $-0.000837704$ & $-0.0910253$ & $0.0166523$ & $-0.0173642$ & $-0.0102599$ & $-0.206096$ & $-0.081756$ & $0.881131$ & $0.86526$ & $-0.390778$ & $-0.972338$ & $-0.0259468$ & $0.172639$ & $0.488533$ & $0.303362$ & $0.352263$ & $0.201674$ & $-0.018568$ & $-0.0387793$ & $0.955131$ & $0.976607$ & $1$ & $0.0381015$ & $-0.355115$ & $0.0159987$ & $-0.556672$ & $0.393345$ & $0.312385$ & $0.0284381$ & $0.101649$ & $0.0439425$ & $-0.0866628$ & $0.0991599$ & $0.463756$ & $-0.0272859$ & $-0.0295709$ & $-0.00383588$ & $-0.00973516$ & $0.0280576$ & $-0.0456841$ & $-0.0611475$ & $0.0131079$ & $0.0328524$ & $0.00281659$ & $0.0260434$ & $0.0123896$ & $0.00433034$ & $0.00216634$ & $0.0242389$ \\
CHQ1_11 & $-0.0097804$ & $0.0145299$ & $-0.0286531$ & $0.0516233$ & $0.0229383$ & $0.000494076$ & $-0.0503775$ & $0.0689874$ & $0.0662388$ & $-0.0326526$ & $-0.0192813$ & $0.0486968$ & $0.0608611$ & $-0.0755157$ & $-0.131359$ & $-0.159329$ & $-0.0567509$ & $-0.01731$ & $0.00555551$ & $-0.00461359$ & $0.0466554$ & $0.0381015$ & $1$ & $-0.123253$ & $0.0689577$ & $-0.664727$ & $0.317985$ & $-0.0179956$ & $0.0184795$ & $0.0197154$ & $0.00930696$ & $-0.0456334$ & $0.0142961$ & $0.168515$ & $0.00818836$ & $0.0293787$ & $-0.00684901$ & $-0.0275276$ & $0.0174631$ & $-0.00398718$ & $0.00327021$ & $0.0175225$ & $0.0172975$ & $0.0395124$ & $0.0395605$ & $-0.0107065$ & $0.00592241$ & $-0.0234968$ & $-0.0117182$ \\
CHQ1_33 & $-0.0740579$ & $0.071487$ & $-0.00770014$ & $0.00825106$ & $-0.0222288$ & $-0.0136647$ & $0.144773$ & $-0.670903$ & $-0.660579$ & $0.556967$ & $0.315035$ & $-0.324233$ & $-0.445359$ & $0.455161$ & $0.115261$ & $0.103462$ & $0.659925$ & $0.594867$ & $0.612485$ & $-0.259837$ & $-0.36703$ & $-0.355115$ & $-0.123253$ & $1$ & $0.625052$ & $0.198108$ & $-0.418981$ & $-0.0136495$ & $-0.0420987$ & $-0.135041$ & $-0.0451111$ & $0.124529$ & $-0.152124$ & $-0.624293$ & $0.0136269$ & $0.0317002$ & $0.0262869$ & $0.0228114$ & $-0.0390969$ & $0.0447789$ & $0.00964511$ & $0.0348447$ & $-0.0120788$ & $-0.0148876$ & $-0.0381374$ & $-0.0172073$ & $0.000983457$ & $0.0426609$ & $-0.0283635$ \\
CHQ3_11 & $-0.159117$ & $0.0389931$ & $0.0344511$ & $-0.0114647$ & $-0.00114184$ & $-0.123446$ & $0.125422$ & $-0.356408$ & $-0.357292$ & $0.467238$ & $-0.014522$ & $-0.376187$ & $-0.415353$ & $0.592359$ & $-0.140069$ & $-0.119656$ & $0.78241$ & $0.786266$ & $0.785146$ & $0.0188652$ & $0.0152168$ & $0.0159987$ & $0.0689577$ & $0.625052$ & $1$ & $0.0104638$ & $0.243623$ & $0.00146804$ & $-0.0263959$ & $-0.115768$ & $-0.0516825$ & $0.0989419$ & $-0.142495$ & $-0.142936$ & $0.0142686$ & $0.0221153$ & $0.012932$ & $0.0185001$ & $-0.00709936$ & $0.0219644$ & $-0.0390204$ & $0.0388159$ & $-0.0030056$ & $-0.00797694$ & $-0.0269442$ & $-0.00713391$ & $0.0349553$ & $0.00381818$ & $-0.019315$ \\
CHu_11 & $-0.0303098$ & $0.0414576$ & $0.00850322$ & $-0.0520777$ & $0.00587237$ & $0.0991582$ & $0.0790102$ & $-0.51336$ & $-0.505919$ & $0.231326$ & $0.569773$ & $0.0027249$ & $-0.111563$ & $-0.292191$ & $-0.216202$ & $-0.206337$ & $-0.124195$ & $0.0349702$ & $0.027438$ & $-0.561118$ & $-0.571734$ & $-0.556672$ & $-0.664727$ & $0.198108$ & $0.0104638$ & $1$ & $-0.169484$ & $-0.158955$ & $-0.0387388$ & $-0.0761408$ & $-0.0540368$ & $0.0796343$ & $-0.0734293$ & $-0.236779$ & $0.0103974$ & $-0.00443068$ & $0.0111699$ & $0.0139246$ & $-0.0334641$ & $0.0277656$ & $0.0169655$ & $-0.0272906$ & $-0.0381096$ & $-0.0252562$ & $-0.0397319$ & $-0.0119681$ & $-0.0333413$ & $0.0106392$ & $-0.00384928$ \\
CHd_11 & $-0.0505507$ & $-0.0258155$ & $0.0376296$ & $-0.0361005$ & $0.0273508$ & $-0.0932286$ & $-0.0905673$ & $0.442473$ & $0.42811$ & $-0.216494$ & $-0.325763$ & $0.0532909$ & $0.157849$ & $-0.0663966$ & $-0.395742$ & $-0.366147$ & $-0.114541$ & $0.0319773$ & $0.0119378$ & $0.247773$ & $0.405879$ & $0.393345$ & $0.317985$ & $-0.418981$ & $0.243623$ & $-0.169484$ & $1$ & $0.0907817$ & $0.027409$ & $0.0412584$ & $0.0126655$ & $-0.0907134$ & $0.0274925$ & $0.698097$ & $0.00298377$ & $0.00864399$ & $0.00844648$ & $-0.0343891$ & $0.00463627$ & $-0.00236733$ & $-0.0479796$ & $0.00250869$ & $-0.00828898$ & $0.0167556$ & $0.0349023$ & $0.0314187$ & $0.00339501$ & $-0.0312327$ & $-0.00944279$ \\
CHd_33 & $0.00497228$ & $-0.0347461$ & $-0.0156353$ & $-0.051548$ & $0.0114668$ & $-0.0797233$ & $-0.0364043$ & $0.283047$ & $0.277079$ & $-0.110653$ & $-0.316891$ & $0.00798209$ & $0.0732176$ & $0.158044$ & $0.153987$ & $0.103585$ & $0.0788848$ & $-0.0369254$ & $-0.00222075$ & $0.312059$ & $0.313532$ & $0.312385$ & $-0.0179956$ & $-0.0136495$ & $0.00146804$ & $-0.158955$ & $0.0907817$ & $1$ & $0.047568$ & $-0.000410799$ & $-0.0023732$ & $-0.0490961$ & $0.0170743$ & $0.106271$ & $-0.0247505$ & $-0.00625265$ & $0.0153849$ & $-0.00847812$ & $0.00574244$ & $-0.0133628$ & $-0.0470969$ & $0.0400767$ & $0.0320596$ & $-0.0150121$ & $-0.00755295$ & $-0.00312694$ & $0.0068673$ & $0.0556833$ & $0.0163333$ \\
CeH_22r & $0.0311199$ & $0.026542$ & $0.043768$ & $-0.0213451$ & $0.00424171$ & $0.0320721$ & $-0.0117104$ & $0.0407564$ & $0.048077$ & $-0.0270371$ & $-0.0249807$ & $0.0838902$ & $0.0844242$ & $-0.0193425$ & $0.0143003$ & $0.00261068$ & $-0.0300037$ & $-0.0407635$ & $-0.0284801$ & $0.0247583$ & $0.0270394$ & $0.0284381$ & $0.0184795$ & $-0.0420987$ & $-0.0263959$ & $-0.0387388$ & $0.027409$ & $0.047568$ & $1$ & $0.0480702$ & $-0.0184456$ & $-0.0291479$ & $0.047335$ & $0.0227808$ & $-0.0318887$ & $0.00349814$ & $-0.000927202$ & $0.00908009$ & $0.00809749$ & $-0.0540805$ & $0.0162125$ & $-0.0137479$ & $0.0208257$ & $0.00257572$ & $0.0249724$ & $-0.0146175$ & $-0.043818$ & $0.0303515$ & $-0.0182041$ \\
CeH_33r & $0.00337716$ & $0.0778644$ & $-0.0421254$ & $0.0145751$ & $-0.0144239$ & $0.0181702$ & $-0.119187$ & $0.141097$ & $0.156587$ & $-0.164183$ & $-0.0948337$ & $0.309599$ & $0.268177$ & $-0.0304384$ & $0.0586935$ & $0.0607343$ & $-0.116852$ & $-0.128252$ & $-0.131404$ & $0.0945069$ & $0.0938467$ & $0.101649$ & $0.0197154$ & $-0.135041$ & $-0.115768$ & $-0.0761408$ & $0.0412584$ & $-0.000410799$ & $0.0480702$ & $1$ & $0.295009$ & $0.0288593$ & $0.612631$ & $0.0602507$ & $-0.05561$ & $-0.055178$ & $-0.253901$ & $-0.0308167$ & $-0.0342156$ & $-0.0341419$ & $0.00165915$ & $0.0210411$ & $-0.0184192$ & $0.0136038$ & $0.0860328$ & $0.0101773$ & $-0.0369037$ & $-0.0378321$ & $-0.0248315$ \\
CuH_22r & $0.0438639$ & $0.036097$ & $0.0641831$ & $0.025655$ & $-0.0236324$ & $0.00963405$ & $-0.041797$ & $0.0631183$ & $0.0768068$ & $-0.0736808$ & $-0.0490786$ & $0.11042$ & $0.114589$ & $-0.0238144$ & $0.0259112$ & $0.0400739$ & $-0.0341335$ & $-0.0481403$ & $-0.0605635$ & $0.051005$ & $0.0490966$ & $0.0439425$ & $0.00930696$ & $-0.0451111$ & $-0.0516825$ & $-0.0540368$ & $0.0126655$ & $-0.0023732$ & $-0.0184456$ & $0.295009$ & $1$ & $0.0336893$ & $0.33467$ & $0.0296968$ & $-0.0560206$ & $0.0011429$ & $-0.0881584$ & $0.0117272$ & $-0.0386069$ & $-0.00487948$ & $-7.69695e-05$ & $-0.0357822$ & $0.0229584$ & $-0.0208324$ & $0.0536063$ & $0.125891$ & $0.438506$ & $0.00158478$ & $0.0476677$ \\
CuH_33r & $-0.0119094$ & $0.0187991$ & $0.00769489$ & $0.0171891$ & $-0.00313284$ & $-0.0256111$ & $0.936451$ & $-0.141822$ & $-0.0959058$ & $0.105347$ & $0.0902667$ & $-0.196482$ & $-0.265833$ & $0.0473447$ & $-0.00485043$ & $-0.000820142$ & $0.0895438$ & $0.0991219$ & $0.0947976$ & $-0.080289$ & $-0.0986195$ & $-0.0866628$ & $-0.0456334$ & $0.124529$ & $0.0989419$ & $0.0796343$ & $-0.0907134$ & $-0.0490961$ & $-0.0291479$ & $0.0288593$ & $0.0336893$ & $1$ & $0.0123517$ & $-0.110212$ & $0.0260067$ & $-0.00177075$ & $-0.065257$ & $-0.0601447$ & $0.018751$ & $-0.00364217$ & $-0.0254433$ & $-0.0103806$ & $0.0119937$ & $0.0531889$ & $0.0276454$ & $0.0436957$ & $0.0209085$ & $0.0231893$ & $0.0051851$ \\
CdH_33r & $0.0157807$ & $0.0513552$ & $0.0113299$ & $0.0454449$ & $-0.00540342$ & $0.0373473$ & $-0.152371$ & $0.153608$ & $0.174924$ & $-0.184015$ & $-0.0996609$ & $0.33856$ & $0.298389$ & $-0.0513111$ & $0.0628205$ & $0.0775229$ & $-0.130597$ & $-0.143408$ & $-0.160621$ & $0.103326$ & $0.0972312$ & $0.0991599$ & $0.0142961$ & $-0.152124$ & $-0.142495$ & $-0.0734293$ & $0.0274925$ & $0.0170743$ & $0.047335$ & $0.612631$ & $0.33467$ & $0.0123517$ & $1$ & $0.0646579$ & $-0.037766$ & $-0.0361941$ & $-0.266219$ & $-0.0159385$ & $-0.0325837$ & $-0.080152$ & $-0.004437$ & $-0.00124658$ & $-0.00588954$ & $-0.00125804$ & $0.0258775$ & $0.0127373$ & $0.0283867$ & $0.131767$ & $0.521986$ \\
CLL_1221 & $0.00505071$ & $-0.0447056$ & $0.0152413$ & $-0.0388366$ & $0.0131192$ & $-0.0994887$ & $-0.113133$ & $0.565523$ & $0.551112$ & $-0.32914$ & $-0.388376$ & $0.106921$ & $0.239394$ & $-0.169733$ & $-0.60582$ & $-0.0972242$ & $-0.210085$ & $0.0886565$ & $-0.306301$ & $0.305658$ & $0.471427$ & $0.463756$ & $0.168515$ & $-0.624293$ & $-0.142936$ & $-0.236779$ & $0.698097$ & $0.106271$ & $0.0227808$ & $0.0602507$ & $0.0296968$ & $-0.110212$ & $0.0646579$ & $1$ & $0.0018611$ & $-0.009623$ & $0.0251402$ & $-0.0211644$ & $0.0221207$ & $-0.0165734$ & $-0.0171796$ & $0.00669402$ & $0.0146896$ & $-0.0133999$ & $0.0357348$ & $0.0208787$ & $0.0141124$ & $-0.0571575$ & $0.0310293$ \\
eHggint & $-0.0126452$ & $-0.00517688$ & $-0.0311849$ & $-0.0288601$ & $-0.0154454$ & $-0.0388173$ & $-0.0725907$ & $-0.0320397$ & $-0.0513028$ & $0.0538529$ & $0.0376006$ & $0.0829826$ & $0.030328$ & $-0.0398051$ & $-0.0265948$ & $0.0149096$ & $-0.000704354$ & $0.00816412$ & $-0.0150095$ & $-0.0334206$ & $-0.0371111$ & $-0.0272859$ & $0.00818836$ & $0.0136269$ & $0.0142686$ & $0.0103974$ & $0.00298377$ & $-0.0247505$ & $-0.0318887$ & $-0.05561$ & $-0.0560206$ & $0.0260067$ & $-0.037766$ & $0.0018611$ & $1$ & $-0.15443$ & $0.0901135$ & $0.0149858$ & $0.0397836$ & $-0.00879938$ & $0.0431017$ & $0.0443509$ & $0.0218036$ & $-0.0118387$ & $0.00414532$ & $-0.00368946$ & $-0.0307931$ & $-0.0024164$ & $0.0403406$ \\
eHggpar & $-0.0522897$ & $0.0117423$ & $0.0546555$ & $0.0195784$ & $-0.0141621$ & $-0.0133159$ & $-0.0342661$ & $-0.0309015$ & $-0.044144$ & $0.0298711$ & $0.0338427$ & $0.0200892$ & $-0.00679207$ & $-0.0303037$ & $-0.0112764$ & $0.00510196$ & $0.00180041$ & $0.00261072$ & $-0.012812$ & $-0.0287449$ & $-0.0348219$ & $-0.0295709$ & $0.0293787$ & $0.0317002$ & $0.0221153$ & $-0.00443068$ & $0.00864399$ & $-0.00625265$ & $0.00349814$ & $-0.055178$ & $0.0011429$ & $-0.00177075$ & $-0.0361941$ & $-0.009623$ & $-0.15443$ & $1$ & $0.0397745$ & $0.0560415$ & $0.0031736$ & $0.00943278$ & $0.0329529$ & $0.0320911$ & $-0.0189783$ & $-0.0526584$ & $-0.0451494$ & $0.0207945$ & $0.0474066$ & $0.00295008$ & $0.00738299$ \\
eHWWint & $0.0304464$ & $-0.0820289$ & $0.0326239$ & $-0.0095744$ & $0.0239609$ & $-0.0337682$ & $-0.0114839$ & $-0.0089658$ & $-0.0259808$ & $0.038878$ & $0.00428826$ & $0.0265741$ & $0.0217727$ & $-0.00673472$ & $-0.0349402$ & $0.00762327$ & $0.029212$ & $0.0364949$ & $0.00710093$ & $-0.00640857$ & $-0.00177814$ & $-0.00383588$ & $-0.00684901$ & $0.0262869$ & $0.012932$ & $0.0111699$ & $0.00844648$ & $0.0153849$ & $-0.000927202$ & $-0.253901$ & $-0.0881584$ & $-0.065257$ & $-0.266219$ & $0.0251402$ & $0.0901135$ & $0.0397745$ & $1$ & $0.00159678$ & $0.0360742$ & $0.0361318$ & $-0.0268535$ & $-0.02376$ & $-0.00901375$ & $-0.00770936$ & $-0.0667765$ & $-0.00856066$ & $0.0557189$ & $0.0153276$ & $-0.0141817$ \\
eHWWpar & $0.0263015$ & $-0.0245845$ & $0.0247258$ & $-0.00848494$ & $-0.00836451$ & $-0.0212024$ & $-0.0550026$ & $-0.0238475$ & $-0.0282492$ & $0.0347501$ & $0.00661701$ & $0.00705967$ & $0.00288411$ & $0.0347835$ & $0.000815463$ & $0.00872184$ & $0.0346035$ & $0.0334375$ & $0.0327782$ & $-0.00720027$ & $-0.00796631$ & $-0.00973516$ & $-0.0275276$ & $0.0228114$ & $0.0185001$ & $0.0139246$ & $-0.0343891$ & $-0.00847812$ & $0.00908009$ & $-0.0308167$ & $0.0117272$ & $-0.0601447$ & $-0.0159385$ & $-0.0211644$ & $0.0149858$ & $0.0560415$ & $0.00159678$ & $1$ & $0.0067773$ & $-0.0437258$ & $-0.0844557$ & $0.00655042$ & $0.0161189$ & $0.0231103$ & $-0.0390452$ & $-0.0171126$ & $0.0496663$ & $-0.00566147$ & $0.0313748$ \\
eHZZint & $-0.0519635$ & $-0.0331326$ & $-0.00296378$ & $-0.0122527$ & $-0.0189175$ & $-0.0129957$ & $0.00339333$ & $0.0291521$ & $0.0215145$ & $-0.0260604$ & $-0.0236483$ & $-0.00153988$ & $0.0127293$ & $0.00995408$ & $-0.00381246$ & $-0.0022962$ & $-0.0107539$ & $-0.00555714$ & $-0.00389525$ & $0.0234917$ & $0.0270889$ & $0.0280576$ & $0.0174631$ & $-0.0390969$ & $-0.00709936$ & $-0.0334641$ & $0.00463627$ & $0.00574244$ & $0.00809749$ & $-0.0342156$ & $-0.0386069$ & $0.018751$ & $-0.0325837$ & $0.0221207$ & $0.0397836$ & $0.0031736$ & $0.0360742$ & $0.0067773$ & $1$ & $0.0357715$ & $0.0265323$ & $0.0414474$ & $0.0412515$ & $0.0526125$ & $-0.0109279$ & $-0.0301265$ & $-0.00887979$ & $-0.018576$ & $0.0115324$ \\
eHZZpar & $-0.0307332$ & $0.00314181$ & $0.0399211$ & $0.00832603$ & $-0.0200364$ & $0.00901713$ & $0.00660172$ & $-0.0482295$ & $-0.0498455$ & $0.0237352$ & $0.0470074$ & $-0.00919342$ & $-0.00825672$ & $-0.0212099$ & $-0.0241944$ & $-0.0201261$ & $0.00458961$ & $0.0195243$ & $0.0188323$ & $-0.044689$ & $-0.0476177$ & $-0.0456841$ & $-0.00398718$ & $0.0447789$ & $0.0219644$ & $0.0277656$ & $-0.00236733$ & $-0.0133628$ & $-0.0540805$ & $-0.0341419$ & $-0.00487948$ & $-0.00364217$ & $-0.080152$ & $-0.0165734$ & $-0.00879938$ & $0.00943278$ & $0.0361318$ & $-0.0437258$ & $0.0357715$ & $1$ & $-0.00080392$ & $-0.0233362$ & $0.0331453$ & $-0.0340589$ & $0.0376743$ & $-0.0250717$ & $0.0483604$ & $-0.0273587$ & $-0.029245$ \\
eHZgaint & $-0.0127895$ & $0.00551287$ & $0.0526442$ & $-0.00553421$ & $-0.0290797$ & $0.00663198$ & $-0.0328077$ & $-0.0424323$ & $-0.0440856$ & $-0.0467053$ & $0.0574642$ & $-0.0140636$ & $-0.00506264$ & $-0.0529355$ & $-0.0170286$ & $-0.011772$ & $-0.0305806$ & $-0.0127337$ & $-0.0320107$ & $-0.0503883$ & $-0.0574493$ & $-0.0611475$ & $0.00327021$ & $0.00964511$ & $-0.0390204$ & $0.0169655$ & $-0.0479796$ & $-0.0470969$ & $0.0162125$ & $0.00165915$ & $-7.69695e-05$ & $-0.0254433$ & $-0.004437$ & $-0.0171796$ & $0.0431017$ & $0.0329529$ & $-0.0268535$ & $-0.0844557$ & $0.0265323$ & $-0.00080392$ & $1$ & $0.00303283$ & $-0.0108603$ & $0.0589755$ & $-0.0295528$ & $-0.0456797$ & $-0.0425247$ & $-0.0118021$ & $-0.01802$ \\
eHZgapar & $0.00547072$ & $-0.0211705$ & $-0.0306187$ & $-0.0992056$ & $0.0204846$ & $0.000291684$ & $-0.0200215$ & $-0.00425244$ & $-0.00651895$ & $0.0385506$ & $-0.0117133$ & $0.0207886$ & $0.00978895$ & $0.032852$ & $-0.0127836$ & $0.031562$ & $0.0325466$ & $0.0447568$ & $0.00821094$ & $0.0164419$ & $0.0106816$ & $0.0131079$ & $0.0175225$ & $0.0348447$ & $0.0388159$ & $-0.0272906$ & $0.00250869$ & $0.0400767$ & $-0.0137479$ & $0.0210411$ & $-0.0357822$ & $-0.0103806$ & $-0.00124658$ & $0.00669402$ & $0.0443509$ & $0.0320911$ & $-0.02376$ & $0.00655042$ & $0.0414474$ & $-0.0233362$ & $0.00303283$ & $1$ & $0.0307349$ & $0.015583$ & $-0.0276972$ & $-0.0167587$ & $-0.0101141$ & $-0.000105844$ & $-0.0171951$ \\
eHgagaint & $-0.0157445$ & $0.01744$ & $-0.0135133$ & $-0.0208493$ & $0.0255887$ & $0.00518435$ & $-0.00113617$ & $0.030747$ & $0.106298$ & $0.00454242$ & $-0.0380238$ & $-0.015969$ & $-0.0150375$ & $0.0262308$ & $0.011837$ & $0.0374363$ & $0.0102658$ & $0.00858308$ & $-0.0107422$ & $0.0415578$ & $0.0375313$ & $0.0328524$ & $0.0172975$ & $-0.0120788$ & $-0.0030056$ & $-0.0381096$ & $-0.00828898$ & $0.0320596$ & $0.0208257$ & $-0.0184192$ & $0.0229584$ & $0.0119937$ & $-0.00588954$ & $0.0146896$ & $0.0218036$ & $-0.0189783$ & $-0.00901375$ & $0.0161189$ & $0.0412515$ & $0.0331453$ & $-0.0108603$ & $0.0307349$ & $1$ & $0.0251677$ & $-0.0542635$ & $-0.000632796$ & $0.0469542$ & $-0.0397902$ & $0.00439034$ \\
eHmumuint & $0.0355919$ & $0.0900507$ & $0.0305291$ & $0.0286545$ & $0.0212909$ & $-0.0108901$ & $0.0460794$ & $0.00993242$ & $0.0138912$ & $-0.0291409$ & $-0.00474145$ & $-0.0126012$ & $-0.00319055$ & $-0.012783$ & $0.0321408$ & $-0.0057996$ & $-0.0114286$ & $-0.0360093$ & $-0.0100418$ & $0.0095117$ & $0.00691745$ & $0.00281659$ & $0.0395124$ & $-0.0148876$ & $-0.00797694$ & $-0.0252562$ & $0.0167556$ & $-0.0150121$ & $0.00257572$ & $0.0136038$ & $-0.0208324$ & $0.0531889$ & $-0.00125804$ & $-0.0133999$ & $-0.0118387$ & $-0.0526584$ & $-0.00770936$ & $0.0231103$ & $0.0526125$ & $-0.0340589$ & $0.0589755$ & $0.015583$ & $0.0251677$ & $1$ & $-0.0144496$ & $0.0106547$ & $-0.0492286$ & $-0.0336791$ & $-0.0114347$ \\
eHtautauint & $0.0432271$ & $0.00278822$ & $0.0301815$ & $0.0385192$ & $-0.0161092$ & $-0.00523317$ & $0.0303733$ & $0.0329953$ & $0.0285436$ & $-0.010548$ & $-0.0178922$ & $0.00843505$ & $0.01109$ & $-0.0197663$ & $-0.0112696$ & $-0.00988241$ & $-0.0266419$ & $-0.0236078$ & $-0.0243015$ & $0.0122048$ & $0.021747$ & $0.0260434$ & $0.0395605$ & $-0.0381374$ & $-0.0269442$ & $-0.0397319$ & $0.0349023$ & $-0.00755295$ & $0.0249724$ & $0.0860328$ & $0.0536063$ & $0.0276454$ & $0.0258775$ & $0.0357348$ & $0.00414532$ & $-0.0451494$ & $-0.0667765$ & $-0.0390452$ & $-0.0109279$ & $0.0376743$ & $-0.0295528$ & $-0.0276972$ & $-0.0542635$ & $-0.0144496$ & $1$ & $0.0481034$ & $0.0543472$ & $-0.0185063$ & $0.0474094$ \\
eHccint & $0.00503579$ & $-0.00536906$ & $0.0117602$ & $0.000107649$ & $-0.00822276$ & $0.0613945$ & $0.040744$ & $0.0160705$ & $0.0204952$ & $-0.0188257$ & $-0.00231484$ & $0.000676031$ & $0.00300462$ & $-0.0358983$ & $-0.00341392$ & $-0.0244233$ & $-0.0142126$ & $-0.0240377$ & $-0.00173523$ & $0.00189218$ & $0.00823184$ & $0.0123896$ & $-0.0107065$ & $-0.0172073$ & $-0.00713391$ & $-0.0119681$ & $0.0314187$ & $-0.00312694$ & $-0.0146175$ & $0.0101773$ & $0.125891$ & $0.0436957$ & $0.0127373$ & $0.0208787$ & $-0.00368946$ & $0.0207945$ & $-0.00856066$ & $-0.0171126$ & $-0.0301265$ & $-0.0250717$ & $-0.0456797$ & $-0.0167587$ & $-0.000632796$ & $0.0106547$ & $0.0481034$ & $1$ & $-0.02294$ & $-0.0258842$ & $0.0202452$ \\
eHccpar & $0.0288156$ & $0.0363376$ & $0.114561$ & $-0.0113626$ & $0.0244845$ & $-0.00518023$ & $0.0232469$ & $-0.00723647$ & $-0.00589181$ & $0.011887$ & $-0.00720634$ & $-0.00770842$ & $-0.00180619$ & $0.00662964$ & $-0.0156356$ & $0.00157211$ & $0.0383131$ & $0.0366035$ & $0.021423$ & $0.0104416$ & $0.0114086$ & $0.00433034$ & $0.00592241$ & $0.000983457$ & $0.0349553$ & $-0.0333413$ & $0.00339501$ & $0.0068673$ & $-0.043818$ & $-0.0369037$ & $0.438506$ & $0.0209085$ & $0.0283867$ & $0.0141124$ & $-0.0307931$ & $0.0474066$ & $0.0557189$ & $0.0496663$ & $-0.00887979$ & $0.0483604$ & $-0.0425247$ & $-0.0101141$ & $0.0469542$ & $-0.0492286$ & $0.0543472$ & $-0.02294$ & $1$ & $0.0103402$ & $0.0785264$ \\
eHbbint & $0.0233466$ & $-0.00492179$ & $0.0169208$ & $0.0215762$ & $0.0271663$ & $-0.0384044$ & $0.0366532$ & $-0.00406778$ & $-0.00138309$ & $0.013973$ & $-0.00885204$ & $-0.00623305$ & $-0.0132948$ & $0.0262039$ & $0.057151$ & $0.0333991$ & $0.0137318$ & $-0.0162939$ & $0.0006324$ & $0.0139379$ & $0.00040133$ & $0.00216634$ & $-0.0234968$ & $0.0426609$ & $0.00381818$ & $0.0106392$ & $-0.0312327$ & $0.0556833$ & $0.0303515$ & $-0.0378321$ & $0.00158478$ & $0.0231893$ & $0.131767$ & $-0.0571575$ & $-0.0024164$ & $0.00295008$ & $0.0153276$ & $-0.00566147$ & $-0.018576$ & $-0.0273587$ & $-0.0118021$ & $-0.000105844$ & $-0.0397902$ & $-0.0336791$ & $-0.0185063$ & $-0.0258842$ & $0.0103402$ & $1$ & $-0.0471786$ \\
eHbbpar & $-0.020461$ & $0.0143914$ & $-0.00710774$ & $0.0245219$ & $0.0266616$ & $0.00687931$ & $-0.00774216$ & $0.0294149$ & $0.0344702$ & $-0.030139$ & $-0.0274303$ & $-0.0120541$ & $-0.00414682$ & $-0.0074105$ & $-0.00634146$ & $0.0417925$ & $-0.00532073$ & $0.0048277$ & $-0.0369592$ & $0.0335883$ & $0.0275585$ & $0.0242389$ & $-0.0117182$ & $-0.0283635$ & $-0.019315$ & $-0.00384928$ & $-0.00944279$ & $0.0163333$ & $-0.0182041$ & $-0.0248315$ & $0.0476677$ & $0.0051851$ & $0.521986$ & $0.0310293$ & $0.0403406$ & $0.00738299$ & $-0.0141817$ & $0.0313748$ & $0.0115324$ & $-0.029245$ & $-0.01802$ & $-0.0171951$ & $0.00439034$ & $-0.0114347$ & $0.0474094$ & $0.0202452$ & $0.0785264$ & $-0.0471786$ & $1$ \\
