 & AlsMz & dAle5Mz & mtop & mHl & Mz & CW & CHG & CHWB & CHWHB_gaga & CHWHB_gagaorth & CHD & CHbox & CH & CHL1_11 & CHL1_22 & CHL1_33 & CHL3_11 & CHL3_22 & CHL3_33 & CHe_11 & CHe_22 & CHe_33 & CHQ1_11 & CHQ1_33 & CHQ3_11 & CHu_11 & CHd_11 & CHd_33 & CeH_22r & CeH_33r & CuH_22r & CuH_33r & CdH_33r & CLL_1221 & eHggint & eHggpar & eHWWint & eHWWpar & eHZZint & eHZZpar & eHZgaint & eHZgapar & eHgagaint & eHmumuint & eHtautauint & eHccint & eHccpar & eHbbint & eHbbpar \\
AlsMz & $1$ & $-0.0201892$ & $0.0580721$ & $0.0869967$ & $-0.00802366$ & $-0.002614$ & $-0.015053$ & $0.00856032$ & $0.0107952$ & $-0.00268678$ & $-0.0263759$ & $-0.0173774$ & $0.0156457$ & $0.0182066$ & $-0.000774781$ & $0.0228446$ & $0.0163014$ & $0.0223135$ & $0.00545143$ & $0.0219011$ & $0.0160958$ & $0.0184671$ & $-0.0118424$ & $-0.0588151$ & $-0.10272$ & $-0.045331$ & $-0.0317237$ & $0.0107532$ & $0.0118563$ & $0.0121862$ & $0.0531627$ & $-0.00909651$ & $-0.025424$ & $0.00607772$ & $-0.00982113$ & $0.023832$ & $-0.0525113$ & $0.00604827$ & $-0.0258506$ & $0.00119558$ & $-0.0215672$ & $0.0206404$ & $0.013868$ & $-0.0371205$ & $0.057673$ & $0.0103371$ & $0.107996$ & $-0.0414798$ & $-0.0916491$ \\
dAle5Mz & $-0.0201892$ & $1$ & $0.0878694$ & $0.0131836$ & $-0.00104083$ & $0.0246118$ & $0.0229463$ & $-0.0415289$ & $-0.0354058$ & $0.0117892$ & $0.0178109$ & $0.0126503$ & $2.17283e-05$ & $0.0082891$ & $0.0127738$ & $0.0139955$ & $0.0246759$ & $0.00665867$ & $0.0092176$ & $0.00777236$ & $0.00727144$ & $0.00569267$ & $-0.0174519$ & $0.0147173$ & $0.0228634$ & $0.0131536$ & $0.00762025$ & $-0.00460554$ & $0.00854421$ & $0.0271629$ & $-0.0201364$ & $0.0298238$ & $-0.0243543$ & $0.0213446$ & $0.0140366$ & $0.0135722$ & $-0.05353$ & $-0.000868707$ & $0.000480421$ & $0.00487875$ & $0.0136275$ & $-0.0132043$ & $0.100873$ & $0.0916218$ & $0.10666$ & $-0.0420824$ & $-0.0705461$ & $0.0241553$ & $-0.0976937$ \\
mtop & $0.0580721$ & $0.0878694$ & $1$ & $-0.0226251$ & $-0.00251399$ & $0.00165162$ & $0.00246497$ & $0.00899339$ & $0.0111179$ & $0.0144095$ & $-0.00100402$ & $0.00978209$ & $0.0144262$ & $-0.00206635$ & $0.0117252$ & $0.010467$ & $0.00265542$ & $-0.00990366$ & $-0.0111757$ & $0.0103154$ & $0.0096274$ & $0.00642641$ & $-0.0329819$ & $-0.0035351$ & $-0.0165652$ & $0.0132579$ & $-0.0051595$ & $-0.000393414$ & $0.00476983$ & $0.00576038$ & $0.00417109$ & $0.00560679$ & $-0.0446222$ & $0.00898603$ & $0.0275238$ & $-0.0582401$ & $-0.0102787$ & $0.0375106$ & $-0.0928398$ & $-0.0181151$ & $-0.0567561$ & $0.00531661$ & $0.00980725$ & $-0.0453478$ & $-0.138375$ & $0.0958529$ & $-0.0353924$ & $-0.180934$ & $-0.0721248$ \\
mHl & $0.0869967$ & $0.0131836$ & $-0.0226251$ & $1$ & $0.00500955$ & $0.0175535$ & $-0.0397831$ & $-0.00633316$ & $-0.00884677$ & $-0.00756069$ & $0.00346676$ & $0.00487676$ & $0.000145651$ & $0.00174208$ & $-0.0166268$ & $0.0155731$ & $0.000399305$ & $0.0159363$ & $-0.00909354$ & $-0.00464044$ & $-0.00520096$ & $-0.00520221$ & $0.00960079$ & $-0.00213243$ & $-0.0124733$ & $-0.0180013$ & $-0.013733$ & $-0.0116347$ & $-0.0213942$ & $0.0259882$ & $0.038989$ & $-0.0388658$ & $0.0359949$ & $0.0109988$ & $0.0136791$ & $0.0288238$ & $-0.00203164$ & $-0.0145965$ & $0.0446914$ & $-0.0182287$ & $0.026416$ & $-0.00136897$ & $-0.0159784$ & $0.00286242$ & $0.0335341$ & $0.0191916$ & $0.0942844$ & $0.0674996$ & $0.0212712$ \\
Mz & $-0.00802366$ & $-0.00104083$ & $-0.00251399$ & $0.00500955$ & $1$ & $0.0115335$ & $0.0198505$ & $-0.0241464$ & $-0.0198897$ & $0.00912373$ & $0.0321381$ & $0.0220113$ & $-0.0237052$ & $-0.00356684$ & $-0.00358892$ & $-0.00192023$ & $0.000687182$ & $0.0029173$ & $0.00264171$ & $-0.0223268$ & $-0.0223687$ & $-0.0194283$ & $-0.00303236$ & $0.0134987$ & $0.00711446$ & $0.00932107$ & $-0.0119586$ & $-0.0134204$ & $-0.000420372$ & $0.0103436$ & $0.000543052$ & $0.0221459$ & $0.00691221$ & $-0.019387$ & $-0.00688155$ & $0.0148365$ & $-0.0112399$ & $0.0301133$ & $-0.00157439$ & $0.0109405$ & $0.0316583$ & $-0.00788426$ & $0.0234028$ & $0.0130984$ & $0.0307378$ & $0.00694083$ & $0.0054529$ & $0.0226923$ & $0.00397207$ \\
CW & $-0.002614$ & $0.0246118$ & $0.00165162$ & $0.0175535$ & $0.0115335$ & $1$ & $-0.0155336$ & $-0.131321$ & $-0.12715$ & $0.0214671$ & $0.191964$ & $0.0394905$ & $0.0170042$ & $0.010479$ & $-0.0663593$ & $-0.0725605$ & $-0.261296$ & $-0.062275$ & $-0.0560061$ & $-0.188805$ & $-0.196391$ & $-0.187736$ & $-0.0172381$ & $0.0053654$ & $-0.091712$ & $0.120439$ & $-0.0856433$ & $-0.0612925$ & $0.00275313$ & $0.0278177$ & $0.0166168$ & $-0.00381084$ & $0.0188559$ & $-0.134842$ & $0.030439$ & $0.0106124$ & $0.00521014$ & $-0.0145177$ & $-0.000723248$ & $-0.0120783$ & $-0.031063$ & $-0.00384759$ & $0.0127427$ & $0.0215725$ & $0.054194$ & $-0.00206588$ & $0.00657255$ & $0.00952983$ & $-0.00441687$ \\
CHG & $-0.015053$ & $0.0229463$ & $0.00246497$ & $-0.0397831$ & $0.0198505$ & $-0.0155336$ & $1$ & $-0.105976$ & $-0.0504763$ & $0.0942801$ & $0.0528137$ & $0.220991$ & $-0.290555$ & $0.0600863$ & $-0.0203268$ & $-0.0202246$ & $0.114342$ & $0.111523$ & $0.111651$ & $-0.0520329$ & $-0.0554023$ & $-0.0545906$ & $0.007981$ & $0.118251$ & $0.10564$ & $0.0197163$ & $-0.0451089$ & $-0.0365664$ & $-0.0178063$ & $-0.129039$ & $-0.0911338$ & $0.939482$ & $-0.170433$ & $-0.0603588$ & $-0.00767904$ & $0.00551827$ & $0.0594743$ & $-0.0297048$ & $-0.0376514$ & $-0.0162118$ & $-0.033151$ & $0.00353826$ & $0.00172974$ & $0.00815664$ & $-0.0163854$ & $-0.0125253$ & $-0.0455612$ & $0.0142793$ & $-0.0251483$ \\
CHWB & $0.00856032$ & $-0.0415289$ & $0.00899339$ & $-0.00633316$ & $-0.0241464$ & $-0.131321$ & $-0.105976$ & $1$ & $0.982014$ & $-0.568384$ & $-0.877098$ & $-0.457733$ & $0.355289$ & $0.0998035$ & $0.291595$ & $0.288956$ & $-0.237481$ & $-0.421978$ & $-0.426635$ & $0.848429$ & $0.894186$ & $0.878172$ & $0.0713725$ & $-0.672579$ & $-0.382712$ & $-0.508606$ & $0.443197$ & $0.294921$ & $0.00531051$ & $0.111643$ & $0.0597263$ & $-0.105022$ & $0.118998$ & $0.57037$ & $-0.0378365$ & $-0.0245378$ & $-0.0410134$ & $0.00897204$ & $-0.0014531$ & $0.0408246$ & $0.0417786$ & $0.0206913$ & $0.00531408$ & $-0.0189725$ & $-0.0179701$ & $-0.0195532$ & $-0.021766$ & $-0.0307064$ & $-0.00395701$ \\
CHWHB_gaga & $0.0107952$ & $-0.0354058$ & $0.0111179$ & $-0.00884677$ & $-0.0198897$ & $-0.12715$ & $-0.0504763$ & $0.982014$ & $1$ & $-0.555846$ & $-0.859258$ & $-0.439708$ & $0.352194$ & $0.0931967$ & $0.288418$ & $0.283386$ & $-0.23817$ & $-0.419763$ & $-0.422697$ & $0.831694$ & $0.876012$ & $0.859986$ & $0.0702123$ & $-0.663275$ & $-0.380866$ & $-0.499203$ & $0.433256$ & $0.28875$ & $0.0121572$ & $0.135429$ & $0.0663495$ & $-0.0597568$ & $0.137653$ & $0.558396$ & $-0.060616$ & $-0.0346718$ & $-0.0572567$ & $0.00561369$ & $-0.00196169$ & $0.0350585$ & $0.0461055$ & $0.0215442$ & $0.0763433$ & $-0.0187232$ & $-0.012125$ & $-0.0236239$ & $-0.0348746$ & $-0.0293487$ & $-0.0109962$ \\
CHWHB_gagaorth & $-0.00268678$ & $0.0117892$ & $0.0144095$ & $-0.00756069$ & $0.00912373$ & $0.0214671$ & $0.0942801$ & $-0.568384$ & $-0.555846$ & $1$ & $0.353506$ & $0.613576$ & $-0.237026$ & $0.227544$ & $-0.128488$ & $-0.128844$ & $0.428061$ & $0.484372$ & $0.489412$ & $-0.340853$ & $-0.368791$ & $-0.36215$ & $-0.0603164$ & $0.547643$ & $0.469069$ & $0.212852$ & $-0.239109$ & $-0.123849$ & $0.000603638$ & $-0.128095$ & $-0.056579$ & $0.107791$ & $-0.127365$ & $-0.346327$ & $0.0433413$ & $0.0427936$ & $0.0296026$ & $-0.00596463$ & $0.0171228$ & $-0.0101498$ & $-0.0726572$ & $-0.0118317$ & $-0.0285028$ & $0.0163493$ & $0.00623412$ & $0.0195889$ & $0.0357334$ & $0.00985015$ & $0.0148524$ \\
CHD & $-0.0263759$ & $0.0178109$ & $-0.00100402$ & $0.00346676$ & $0.0321381$ & $0.191964$ & $0.0528137$ & $-0.877098$ & $-0.859258$ & $0.353506$ & $1$ & $0.34552$ & $-0.178021$ & $-0.518062$ & $-0.412002$ & $-0.412795$ & $-0.223672$ & $0.0465687$ & $0.0546671$ & $-0.99026$ & $-0.991382$ & $-0.97075$ & $-0.0220229$ & $0.304969$ & $-0.00678617$ & $0.572752$ & $-0.31845$ & $-0.325125$ & $0.00301001$ & $-0.0574055$ & $-0.0348248$ & $0.0680976$ & $-0.0704159$ & $-0.376957$ & $0.0600901$ & $0.0140453$ & $0.031966$ & $-0.00332655$ & $0.00202919$ & $-0.0380463$ & $-0.0266182$ & $-0.0123362$ & $0.00921182$ & $0.0198208$ & $0.0107188$ & $0.00514656$ & $0.00427385$ & $0.0375351$ & $-0.01003$ \\
CHbox & $-0.0173774$ & $0.0126503$ & $0.00978209$ & $0.00487676$ & $0.0220113$ & $0.0394905$ & $0.220991$ & $-0.457733$ & $-0.439708$ & $0.613576$ & $0.34552$ & $1$ & $-0.736821$ & $0.0653688$ & $-0.114645$ & $-0.0990322$ & $0.213657$ & $0.286133$ & $0.276402$ & $-0.330535$ & $-0.357676$ & $-0.350627$ & $-0.0431351$ & $0.368933$ & $0.273429$ & $0.209718$ & $-0.201262$ & $-0.158479$ & $-0.00303606$ & $-0.0930275$ & $-0.0589889$ & $0.235617$ & $-0.109429$ & $-0.276611$ & $0.0723388$ & $0.0246864$ & $0.0484677$ & $-0.0155887$ & $0.00947042$ & $-0.00416316$ & $-0.0578514$ & $0.00928403$ & $-0.0316947$ & $0.022248$ & $0.019907$ & $0.0129784$ & $0.0306831$ & $0.0297208$ & $0.00171985$ \\
CH & $0.0156457$ & $2.17283e-05$ & $0.0144262$ & $0.000145651$ & $-0.0237052$ & $0.0170042$ & $-0.290555$ & $0.355289$ & $0.352194$ & $-0.237026$ & $-0.178021$ & $-0.736821$ & $1$ & $-0.237055$ & $0.0942433$ & $0.0787112$ & $-0.351305$ & $-0.391078$ & $-0.38108$ & $0.17639$ & $0.187451$ & $0.18626$ & $0.0246543$ & $-0.383685$ & $-0.378207$ & $-0.106947$ & $0.126266$ & $0.105755$ & $0.0407031$ & $0.299382$ & $0.12825$ & $-0.234997$ & $0.338502$ & $0.205679$ & $0.00831953$ & $-0.0129454$ & $-0.0539685$ & $0.0209875$ & $0.0027703$ & $0.000365459$ & $0.0244965$ & $-0.0160223$ & $0.0251125$ & $-0.0151506$ & $-0.0262518$ & $-0.00484408$ & $-0.0363097$ & $-0.0295751$ & $-0.00610833$ \\
CHL1_11 & $0.0182066$ & $0.0082891$ & $-0.00206635$ & $0.00174208$ & $-0.00356684$ & $0.010479$ & $0.0600863$ & $0.0998035$ & $0.0931967$ & $0.227544$ & $-0.518062$ & $0.0653688$ & $-0.237055$ & $1$ & $0.264277$ & $0.266253$ & $0.666024$ & $0.609408$ & $0.605646$ & $0.535017$ & $0.479889$ & $0.464985$ & $-0.061433$ & $0.469693$ & $0.618002$ & $-0.290272$ & $-0.0704862$ & $0.154692$ & $-0.0122187$ & $-0.0692181$ & $-0.0277067$ & $0.0287914$ & $-0.0560763$ & $-0.201432$ & $-0.0530447$ & $0.00860725$ & $0.0122392$ & $-0.00163637$ & $0.00340124$ & $0.00457931$ & $-0.0215912$ & $-0.00864969$ & $-0.0235001$ & $-0.00444808$ & $0.0151776$ & $0.0157519$ & $0.0326513$ & $-0.0247717$ & $0.0262938$ \\
CHL1_22 & $-0.000774781$ & $0.0127738$ & $0.0117252$ & $-0.0166268$ & $-0.00358892$ & $-0.0663593$ & $-0.0203268$ & $0.291595$ & $0.288418$ & $-0.128488$ & $-0.412002$ & $-0.114645$ & $0.0942433$ & $0.264277$ & $1$ & $0.441741$ & $0.161533$ & $-0.440235$ & $-0.0290271$ & $0.479011$ & $0.331519$ & $0.323352$ & $-0.174448$ & $0.108474$ & $-0.122029$ & $-0.190429$ & $-0.383846$ & $0.130418$ & $0.00546615$ & $0.0271044$ & $0.0281155$ & $-0.0190956$ & $0.0456578$ & $-0.588691$ & $0.00308228$ & $-0.0205564$ & $-0.0288377$ & $-0.000772672$ & $-0.000513857$ & $-0.0129451$ & $0.0178393$ & $0.00242783$ & $-0.00785908$ & $-0.00679341$ & $-0.0288247$ & $0.00622378$ & $0.004941$ & $-0.0281849$ & $0.00378567$ \\
CHL1_33 & $0.0228446$ & $0.0139955$ & $0.010467$ & $0.0155731$ & $-0.00192023$ & $-0.0725605$ & $-0.0202246$ & $0.288956$ & $0.283386$ & $-0.128844$ & $-0.412795$ & $-0.0990322$ & $0.0787112$ & $0.266253$ & $0.441741$ & $1$ & $0.172183$ & $-0.0135996$ & $-0.425049$ & $0.478281$ & $0.333869$ & $0.352472$ & $-0.156398$ & $0.107877$ & $-0.105027$ & $-0.200981$ & $-0.365386$ & $0.123373$ & $-0.00533345$ & $0.0348902$ & $0.0171314$ & $-0.0222966$ & $0.0498124$ & $-0.0939595$ & $-0.00999642$ & $0.00478859$ & $-0.0356676$ & $-0.0172442$ & $0.0089483$ & $0.00939321$ & $0.0164629$ & $-0.00227635$ & $-0.0215322$ & $0.0068633$ & $-0.00761102$ & $-0.0184063$ & $0.00498939$ & $-0.0139406$ & $0.0156441$ \\
CHL3_11 & $0.0163014$ & $0.0246759$ & $0.00265542$ & $0.000399305$ & $0.000687182$ & $-0.261296$ & $0.114342$ & $-0.237481$ & $-0.23817$ & $0.428061$ & $-0.223672$ & $0.213657$ & $-0.351305$ & $0.666024$ & $0.161533$ & $0.172183$ & $1$ & $0.744788$ & $0.735558$ & $0.245984$ & $0.19116$ & $0.181501$ & $-0.0629615$ & $0.675668$ & $0.78339$ & $-0.125833$ & $-0.153118$ & $0.0589079$ & $-0.0202153$ & $-0.116093$ & $-0.0570799$ & $0.0798538$ & $-0.107326$ & $-0.244934$ & $-0.044445$ & $0.0267978$ & $0.019417$ & $-0.013149$ & $-0.01188$ & $0.00220747$ & $-0.0278005$ & $-0.0144423$ & $-0.0316586$ & $-0.0048597$ & $0.000347478$ & $0.0353781$ & $0.0231886$ & $-0.0127158$ & $0.0290018$ \\
CHL3_22 & $0.0223135$ & $0.00665867$ & $-0.00990366$ & $0.0159363$ & $0.0029173$ & $-0.062275$ & $0.111523$ & $-0.421978$ & $-0.419763$ & $0.484372$ & $0.0465687$ & $0.286133$ & $-0.391078$ & $0.609408$ & $-0.440235$ & $-0.0135996$ & $0.744788$ & $1$ & $0.679659$ & $-0.0504122$ & $-0.0433162$ & $-0.0439712$ & $0.0179716$ & $0.620005$ & $0.798229$ & $0.00739254$ & $0.000311323$ & $-0.0293989$ & $-0.0209289$ & $-0.119293$ & $-0.0663582$ & $0.0805651$ & $-0.120203$ & $0.0342205$ & $-0.0416916$ & $0.0347385$ & $0.0353635$ & $-0.0113567$ & $-0.00158545$ & $0.00289015$ & $-0.0385357$ & $-0.0164682$ & $-0.0257638$ & $0.0017157$ & $0.0271527$ & $0.0225817$ & $0.0289014$ & $0.00478456$ & $0.0268701$ \\
CHL3_33 & $0.00545143$ & $0.0092176$ & $-0.0111757$ & $-0.00909354$ & $0.00264171$ & $-0.0560061$ & $0.111651$ & $-0.426635$ & $-0.422697$ & $0.489412$ & $0.0546671$ & $0.276402$ & $-0.38108$ & $0.605646$ & $-0.0290271$ & $-0.425049$ & $0.735558$ & $0.679659$ & $1$ & $-0.0584195$ & $-0.0503498$ & $-0.0504723$ & $0.00962684$ & $0.620364$ & $0.7927$ & $0.0182725$ & $-0.00423264$ & $-0.0253493$ & $-0.0118864$ & $-0.121668$ & $-0.058064$ & $0.0833642$ & $-0.12307$ & $-0.339812$ & $-0.0336227$ & $0.0158402$ & $0.0425164$ & $-0.00110999$ & $-0.00779337$ & $-0.0180901$ & $-0.0430153$ & $-0.00977212$ & $-0.0134119$ & $-0.0078584$ & $0.0138875$ & $0.0388191$ & $0.0283342$ & $-0.00187449$ & $0.0167147$ \\
CHe_11 & $0.0219011$ & $0.00777236$ & $0.0103154$ & $-0.00464044$ & $-0.0223268$ & $-0.188805$ & $-0.0520329$ & $0.848429$ & $0.831694$ & $-0.340853$ & $-0.99026$ & $-0.330535$ & $0.17639$ & $0.535017$ & $0.479011$ & $0.478281$ & $0.245984$ & $-0.0504122$ & $-0.0584195$ & $1$ & $0.973201$ & $0.953472$ & $-0.00264861$ & $-0.251901$ & $0.0132227$ & $-0.563216$ & $0.244022$ & $0.321777$ & $-0.00205472$ & $0.0592098$ & $0.0346999$ & $-0.0658854$ & $0.0729785$ & $0.298068$ & $-0.0576718$ & $-0.0156147$ & $-0.0351674$ & $0.00122506$ & $-0.000114862$ & $0.0337229$ & $0.0279491$ & $0.00894463$ & $-0.00809652$ & $-0.0169402$ & $-0.0115585$ & $-0.0038897$ & $-0.00734641$ & $-0.0395611$ & $0.0108212$ \\
CHe_22 & $0.0160958$ & $0.00727144$ & $0.0096274$ & $-0.00520096$ & $-0.0223687$ & $-0.196391$ & $-0.0554023$ & $0.894186$ & $0.876012$ & $-0.368791$ & $-0.991382$ & $-0.357676$ & $0.187451$ & $0.479889$ & $0.331519$ & $0.333869$ & $0.19116$ & $-0.0433162$ & $-0.0503498$ & $0.973201$ & $1$ & $0.975401$ & $0.0488186$ & $-0.359372$ & $-0.000155164$ & $-0.575037$ & $0.395166$ & $0.325744$ & $-0.00225019$ & $0.0601793$ & $0.033203$ & $-0.0706997$ & $0.0696449$ & $0.459997$ & $-0.061988$ & $-0.0141632$ & $-0.0299867$ & $0.00338972$ & $-0.00320639$ & $0.0405096$ & $0.026781$ & $0.0124541$ & $-0.00468738$ & $-0.0171206$ & $-0.00919742$ & $-0.00423256$ & $-0.0111557$ & $-0.0364771$ & $0.00606763$ \\
CHe_33 & $0.0184671$ & $0.00569267$ & $0.00642641$ & $-0.00520221$ & $-0.0194283$ & $-0.187736$ & $-0.0545906$ & $0.878172$ & $0.859986$ & $-0.36215$ & $-0.97075$ & $-0.350627$ & $0.18626$ & $0.464985$ & $0.323352$ & $0.352472$ & $0.181501$ & $-0.0439712$ & $-0.0504723$ & $0.953472$ & $0.975401$ & $1$ & $0.0493898$ & $-0.356205$ & $-0.00356093$ & $-0.564145$ & $0.387602$ & $0.318587$ & $-0.00290847$ & $0.0626239$ & $0.0328632$ & $-0.0698676$ & $0.0669097$ & $0.455741$ & $-0.058784$ & $-0.0126163$ & $-0.0253371$ & $-0.000365868$ & $0.000111482$ & $0.0361546$ & $0.022618$ & $0.0191026$ & $-0.00673367$ & $-0.0163311$ & $-0.00656629$ & $-0.0137112$ & $-0.00504221$ & $-0.0280695$ & $0.00446093$ \\
CHQ1_11 & $-0.0118424$ & $-0.0174519$ & $-0.0329819$ & $0.00960079$ & $-0.00303236$ & $-0.0172381$ & $0.007981$ & $0.0713725$ & $0.0702123$ & $-0.0603164$ & $-0.0220229$ & $-0.0431351$ & $0.0246543$ & $-0.061433$ & $-0.174448$ & $-0.156398$ & $-0.0629615$ & $0.0179716$ & $0.00962684$ & $-0.00264861$ & $0.0488186$ & $0.0493898$ & $1$ & $-0.132707$ & $0.0884049$ & $-0.6788$ & $0.34444$ & $0.015042$ & $-0.00688338$ & $0.0166882$ & $0.0166195$ & $0.00876903$ & $0.0191282$ & $0.203813$ & $-0.0256147$ & $-0.0113766$ & $-0.0174184$ & $-0.00953948$ & $-0.0267484$ & $0.0201309$ & $-0.00689051$ & $-0.0213519$ & $0.0123482$ & $0.00396481$ & $0.024141$ & $-0.0284706$ & $-0.00518677$ & $0.0063849$ & $-0.00532337$ \\
CHQ1_33 & $-0.0588151$ & $0.0147173$ & $-0.0035351$ & $-0.00213243$ & $0.0134987$ & $0.0053654$ & $0.118251$ & $-0.672579$ & $-0.663275$ & $0.547643$ & $0.304969$ & $0.368933$ & $-0.383685$ & $0.469693$ & $0.108474$ & $0.107877$ & $0.675668$ & $0.620005$ & $0.620364$ & $-0.251901$ & $-0.359372$ & $-0.356205$ & $-0.132707$ & $1$ & $0.640991$ & $0.198797$ & $-0.423954$ & $-0.0184541$ & $-0.0134086$ & $-0.12527$ & $-0.0571105$ & $0.0999733$ & $-0.112976$ & $-0.632246$ & $0.0091712$ & $0.0216922$ & $0.0389427$ & $-0.0162369$ & $0.0047964$ & $-0.0288124$ & $-0.0400522$ & $-0.0303587$ & $-0.027293$ & $0.00364807$ & $0.00689891$ & $0.0243792$ & $0.036531$ & $0.0076535$ & $0.0271824$ \\
CHQ3_11 & $-0.10272$ & $0.0228634$ & $-0.0165652$ & $-0.0124733$ & $0.00711446$ & $-0.091712$ & $0.10564$ & $-0.382712$ & $-0.380866$ & $0.469069$ & $-0.00678617$ & $0.273429$ & $-0.378207$ & $0.618002$ & $-0.122029$ & $-0.105027$ & $0.78339$ & $0.798229$ & $0.7927$ & $0.0132227$ & $-0.000155164$ & $-0.00356093$ & $0.0884049$ & $0.640991$ & $1$ & $-0.0120942$ & $0.206747$ & $-0.00819459$ & $-0.0244357$ & $-0.119457$ & $-0.0708598$ & $0.0750853$ & $-0.108669$ & $-0.195464$ & $-0.0328313$ & $0.006016$ & $0.0288448$ & $0.000706629$ & $-0.0130982$ & $0.00011001$ & $-0.0446326$ & $-0.0187577$ & $-0.027026$ & $0.00850054$ & $0.0168501$ & $0.0155116$ & $0.00176052$ & $0.00625368$ & $0.0361435$ \\
CHu_11 & $-0.045331$ & $0.0131536$ & $0.0132579$ & $-0.0180013$ & $0.00932107$ & $0.120439$ & $0.0197163$ & $-0.508606$ & $-0.499203$ & $0.212852$ & $0.572752$ & $0.209718$ & $-0.106947$ & $-0.290272$ & $-0.190429$ & $-0.200981$ & $-0.125833$ & $0.00739254$ & $0.0182725$ & $-0.563216$ & $-0.575037$ & $-0.564145$ & $-0.6788$ & $0.198797$ & $-0.0120942$ & $1$ & $-0.192841$ & $-0.19767$ & $-0.0013182$ & $-0.0413264$ & $-0.0332557$ & $0.027279$ & $-0.0444751$ & $-0.260774$ & $0.053084$ & $0.00349901$ & $0.0202305$ & $0.00943635$ & $0.0225941$ & $-0.0300675$ & $-0.0221442$ & $0.0171631$ & $-0.0109939$ & $0.0199882$ & $-0.0104413$ & $0.0125392$ & $-0.00523491$ & $0.024703$ & $0.00333644$ \\
CHd_11 & $-0.0317237$ & $0.00762025$ & $-0.0051595$ & $-0.013733$ & $-0.0119586$ & $-0.0856433$ & $-0.0451089$ & $0.443197$ & $0.433256$ & $-0.239109$ & $-0.31845$ & $-0.201262$ & $0.126266$ & $-0.0704862$ & $-0.383846$ & $-0.365386$ & $-0.153118$ & $0.000311323$ & $-0.00423264$ & $0.244022$ & $0.395166$ & $0.387602$ & $0.34444$ & $-0.423954$ & $0.206747$ & $-0.192841$ & $1$ & $0.100776$ & $-0.0088778$ & $0.0369299$ & $0.0086767$ & $-0.0491568$ & $0.0341679$ & $0.685035$ & $-0.0227577$ & $-0.0293404$ & $-0.0154853$ & $0.0206672$ & $-0.0198721$ & $0.0396529$ & $-0.00395044$ & $0.00976064$ & $0.0109289$ & $-0.00239762$ & $0.017401$ & $-0.0287928$ & $-0.0349086$ & $0.00633941$ & $-0.00677062$ \\
CHd_33 & $0.0107532$ & $-0.00460554$ & $-0.000393414$ & $-0.0116347$ & $-0.0134204$ & $-0.0612925$ & $-0.0365664$ & $0.294921$ & $0.28875$ & $-0.123849$ & $-0.325125$ & $-0.158479$ & $0.105755$ & $0.154692$ & $0.130418$ & $0.123373$ & $0.0589079$ & $-0.0293989$ & $-0.0253493$ & $0.321777$ & $0.325744$ & $0.318587$ & $0.015042$ & $-0.0184541$ & $-0.00819459$ & $-0.19767$ & $0.100776$ & $1$ & $-0.0125178$ & $0.0178785$ & $0.0236168$ & $-0.0369842$ & $0.0360326$ & $0.134646$ & $-0.0128084$ & $0.0245169$ & $-0.00759914$ & $-0.0190068$ & $0.012148$ & $0.00661309$ & $-0.00228353$ & $-0.00041581$ & $-0.0221589$ & $0.0046714$ & $-0.0088702$ & $-0.000694633$ & $0.000639031$ & $-0.0230527$ & $0.00323105$ \\
CeH_22r & $0.0118563$ & $0.00854421$ & $0.00476983$ & $-0.0213942$ & $-0.000420372$ & $0.00275313$ & $-0.0178063$ & $0.00531051$ & $0.0121572$ & $0.000603638$ & $0.00301001$ & $-0.00303606$ & $0.0407031$ & $-0.0122187$ & $0.00546615$ & $-0.00533345$ & $-0.0202153$ & $-0.0209289$ & $-0.0118864$ & $-0.00205472$ & $-0.00225019$ & $-0.00290847$ & $-0.00688338$ & $-0.0134086$ & $-0.0244357$ & $-0.0013182$ & $-0.0088778$ & $-0.0125178$ & $1$ & $0.0494161$ & $0.00638076$ & $-0.0273633$ & $0.0502647$ & $-0.0032232$ & $-0.00541382$ & $-0.0148265$ & $-0.00540209$ & $0.0102123$ & $0.0110178$ & $0.00683786$ & $-0.0319117$ & $-0.012411$ & $0.0287836$ & $0.00985459$ & $-0.0128996$ & $0.0126352$ & $-0.00345606$ & $-0.0268084$ & $0.0185224$ \\
CeH_33r & $0.0121862$ & $0.0271629$ & $0.00576038$ & $0.0259882$ & $0.0103436$ & $0.0278177$ & $-0.129039$ & $0.111643$ & $0.135429$ & $-0.128095$ & $-0.0574055$ & $-0.0930275$ & $0.299382$ & $-0.0692181$ & $0.0271044$ & $0.0348902$ & $-0.116093$ & $-0.119293$ & $-0.121668$ & $0.0592098$ & $0.0601793$ & $0.0626239$ & $0.0166882$ & $-0.12527$ & $-0.119457$ & $-0.0413264$ & $0.0369299$ & $0.0178785$ & $0.0494161$ & $1$ & $0.307263$ & $0.0112157$ & $0.650968$ & $0.0638115$ & $-0.0938247$ & $-0.0399934$ & $-0.207277$ & $0.0163569$ & $0.0059355$ & $0.00304792$ & $-0.017685$ & $-0.0180975$ & $0.0386838$ & $-0.00250872$ & $0.0896834$ & $-0.00702286$ & $-0.0466566$ & $0.00104528$ & $-0.00205178$ \\
CuH_22r & $0.0531627$ & $-0.0201364$ & $0.00417109$ & $0.038989$ & $0.000543052$ & $0.0166168$ & $-0.0911338$ & $0.0597263$ & $0.0663495$ & $-0.056579$ & $-0.0348248$ & $-0.0589889$ & $0.12825$ & $-0.0277067$ & $0.0281155$ & $0.0171314$ & $-0.0570799$ & $-0.0663582$ & $-0.058064$ & $0.0346999$ & $0.033203$ & $0.0328632$ & $0.0166195$ & $-0.0571105$ & $-0.0708598$ & $-0.0332557$ & $0.0086767$ & $0.0236168$ & $0.00638076$ & $0.307263$ & $1$ & $-0.00966821$ & $0.339034$ & $0.0192074$ & $-0.0220672$ & $-0.0243865$ & $-0.0622421$ & $-0.0078348$ & $0.010109$ & $0.000812673$ & $0.0127077$ & $0.0204176$ & $0.00277318$ & $-0.00930707$ & $-0.0148586$ & $0.0631513$ & $0.338598$ & $-0.0470811$ & $0.0320113$ \\
CuH_33r & $-0.00909651$ & $0.0298238$ & $0.00560679$ & $-0.0388658$ & $0.0221459$ & $-0.00381084$ & $0.939482$ & $-0.105022$ & $-0.0597568$ & $0.107791$ & $0.0680976$ & $0.235617$ & $-0.234997$ & $0.0287914$ & $-0.0190956$ & $-0.0222966$ & $0.0798538$ & $0.0805651$ & $0.0833642$ & $-0.0658854$ & $-0.0706997$ & $-0.0698676$ & $0.00876903$ & $0.0999733$ & $0.0750853$ & $0.027279$ & $-0.0491568$ & $-0.0369842$ & $-0.0273633$ & $0.0112157$ & $-0.00966821$ & $1$ & $-0.00111425$ & $-0.0618907$ & $0.0625793$ & $0.0369612$ & $0.0250639$ & $-0.0330617$ & $-0.0263645$ & $-0.0114752$ & $-0.0386838$ & $0.00382991$ & $-0.00639838$ & $0.00173841$ & $-0.0111382$ & $-0.0123094$ & $-0.0483136$ & $0.0201365$ & $-0.0190796$ \\
CdH_33r & $-0.025424$ & $-0.0243543$ & $-0.0446222$ & $0.0359949$ & $0.00691221$ & $0.0188559$ & $-0.170433$ & $0.118998$ & $0.137653$ & $-0.127365$ & $-0.0704159$ & $-0.109429$ & $0.338502$ & $-0.0560763$ & $0.0456578$ & $0.0498124$ & $-0.107326$ & $-0.120203$ & $-0.12307$ & $0.0729785$ & $0.0696449$ & $0.0669097$ & $0.0191282$ & $-0.112976$ & $-0.108669$ & $-0.0444751$ & $0.0341679$ & $0.0360326$ & $0.0502647$ & $0.650968$ & $0.339034$ & $-0.00111425$ & $1$ & $0.0502944$ & $-0.0767796$ & $-0.0323038$ & $-0.209565$ & $0.0108627$ & $-0.042004$ & $0.0256891$ & $-0.0098781$ & $0.00679158$ & $-0.0326308$ & $0.0379013$ & $-0.0190426$ & $0.0396526$ & $-0.0427514$ & $0.12011$ & $0.469184$ \\
CLL_1221 & $0.00607772$ & $0.0213446$ & $0.00898603$ & $0.0109988$ & $-0.019387$ & $-0.134842$ & $-0.0603588$ & $0.57037$ & $0.558396$ & $-0.346327$ & $-0.376957$ & $-0.276611$ & $0.205679$ & $-0.201432$ & $-0.588691$ & $-0.0939595$ & $-0.244934$ & $0.0342205$ & $-0.339812$ & $0.298068$ & $0.459997$ & $0.455741$ & $0.203813$ & $-0.632246$ & $-0.195464$ & $-0.260774$ & $0.685035$ & $0.134646$ & $-0.0032232$ & $0.0638115$ & $0.0192074$ & $-0.0618907$ & $0.0502944$ & $1$ & $-0.0322296$ & $0.00448881$ & $-0.0165053$ & $0.00384389$ & $-0.0065567$ & $0.0483271$ & $0.0228841$ & $0.0158778$ & $0.0143645$ & $-0.00485366$ & $0.0113859$ & $-0.022566$ & $-0.029661$ & $0.00181119$ & $-0.0127248$ \\
eHggint & $-0.00982113$ & $0.0140366$ & $0.0275238$ & $0.0136791$ & $-0.00688155$ & $0.030439$ & $-0.00767904$ & $-0.0378365$ & $-0.060616$ & $0.0433413$ & $0.0600901$ & $0.0723388$ & $0.00831953$ & $-0.0530447$ & $0.00308228$ & $-0.00999642$ & $-0.044445$ & $-0.0416916$ & $-0.0336227$ & $-0.0576718$ & $-0.061988$ & $-0.058784$ & $-0.0256147$ & $0.0091712$ & $-0.0328313$ & $0.053084$ & $-0.0227577$ & $-0.0128084$ & $-0.00541382$ & $-0.0938247$ & $-0.0220672$ & $0.0625793$ & $-0.0767796$ & $-0.0322296$ & $1$ & $-0.196587$ & $0.124628$ & $-0.0133$ & $-0.0322368$ & $0.0279548$ & $-0.0460217$ & $0.0321881$ & $-0.0319071$ & $-0.0430187$ & $-0.0433627$ & $-0.0340688$ & $0.0179938$ & $0.0154126$ & $-0.00865304$ \\
eHggpar & $0.023832$ & $0.0135722$ & $-0.0582401$ & $0.0288238$ & $0.0148365$ & $0.0106124$ & $0.00551827$ & $-0.0245378$ & $-0.0346718$ & $0.0427936$ & $0.0140453$ & $0.0246864$ & $-0.0129454$ & $0.00860725$ & $-0.0205564$ & $0.00478859$ & $0.0267978$ & $0.0347385$ & $0.0158402$ & $-0.0156147$ & $-0.0141632$ & $-0.0126163$ & $-0.0113766$ & $0.0216922$ & $0.006016$ & $0.00349901$ & $-0.0293404$ & $0.0245169$ & $-0.0148265$ & $-0.0399934$ & $-0.0243865$ & $0.0369612$ & $-0.0323038$ & $0.00448881$ & $-0.196587$ & $1$ & $-0.0427826$ & $-0.0544384$ & $0.0674077$ & $0.00777145$ & $0.00219653$ & $0.00684731$ & $-0.085596$ & $-0.114172$ & $0.0264729$ & $0.00412349$ & $0.0110643$ & $0.0337959$ & $-0.00107369$ \\
eHWWint & $-0.0525113$ & $-0.05353$ & $-0.0102787$ & $-0.00203164$ & $-0.0112399$ & $0.00521014$ & $0.0594743$ & $-0.0410134$ & $-0.0572567$ & $0.0296026$ & $0.031966$ & $0.0484677$ & $-0.0539685$ & $0.0122392$ & $-0.0288377$ & $-0.0356676$ & $0.019417$ & $0.0353635$ & $0.0425164$ & $-0.0351674$ & $-0.0299867$ & $-0.0253371$ & $-0.0174184$ & $0.0389427$ & $0.0288448$ & $0.0202305$ & $-0.0154853$ & $-0.00759914$ & $-0.00540209$ & $-0.207277$ & $-0.0622421$ & $0.0250639$ & $-0.209565$ & $-0.0165053$ & $0.124628$ & $-0.0427826$ & $1$ & $-0.025989$ & $-0.0965053$ & $-0.0548249$ & $-0.0264661$ & $-0.0200994$ & $-0.0804214$ & $-0.0084247$ & $-0.0409725$ & $0.0347489$ & $0.115487$ & $0.00290722$ & $0.0373449$ \\
eHWWpar & $0.00604827$ & $-0.000868707$ & $0.0375106$ & $-0.0145965$ & $0.0301133$ & $-0.0145177$ & $-0.0297048$ & $0.00897204$ & $0.00561369$ & $-0.00596463$ & $-0.00332655$ & $-0.0155887$ & $0.0209875$ & $-0.00163637$ & $-0.000772672$ & $-0.0172442$ & $-0.013149$ & $-0.0113567$ & $-0.00110999$ & $0.00122506$ & $0.00338972$ & $-0.000365868$ & $-0.00953948$ & $-0.0162369$ & $0.000706629$ & $0.00943635$ & $0.0206672$ & $-0.0190068$ & $0.0102123$ & $0.0163569$ & $-0.0078348$ & $-0.0330617$ & $0.0108627$ & $0.00384389$ & $-0.0133$ & $-0.0544384$ & $-0.025989$ & $1$ & $-0.0412742$ & $-0.00271483$ & $-0.0283341$ & $-0.0100899$ & $0.00242694$ & $0.0281106$ & $-0.016016$ & $0.0196295$ & $-0.0291192$ & $-0.0137828$ & $0.00904896$ \\
eHZZint & $-0.0258506$ & $0.000480421$ & $-0.0928398$ & $0.0446914$ & $-0.00157439$ & $-0.000723248$ & $-0.0376514$ & $-0.0014531$ & $-0.00196169$ & $0.0171228$ & $0.00202919$ & $0.00947042$ & $0.0027703$ & $0.00340124$ & $-0.000513857$ & $0.0089483$ & $-0.01188$ & $-0.00158545$ & $-0.00779337$ & $-0.000114862$ & $-0.00320639$ & $0.000111482$ & $-0.0267484$ & $0.0047964$ & $-0.0130982$ & $0.0225941$ & $-0.0198721$ & $0.012148$ & $0.0110178$ & $0.0059355$ & $0.010109$ & $-0.0263645$ & $-0.042004$ & $-0.0065567$ & $-0.0322368$ & $0.0674077$ & $-0.0965053$ & $-0.0412742$ & $1$ & $-0.0186645$ & $0.0458755$ & $-0.00277939$ & $0.0606216$ & $-0.00572243$ & $0.0222022$ & $-0.0585416$ & $0.0476074$ & $-0.131156$ & $-0.040066$ \\
eHZZpar & $0.00119558$ & $0.00487875$ & $-0.0181151$ & $-0.0182287$ & $0.0109405$ & $-0.0120783$ & $-0.0162118$ & $0.0408246$ & $0.0350585$ & $-0.0101498$ & $-0.0380463$ & $-0.00416316$ & $0.000365459$ & $0.00457931$ & $-0.0129451$ & $0.00939321$ & $0.00220747$ & $0.00289015$ & $-0.0180901$ & $0.0337229$ & $0.0405096$ & $0.0361546$ & $0.0201309$ & $-0.0288124$ & $0.00011001$ & $-0.0300675$ & $0.0396529$ & $0.00661309$ & $0.00683786$ & $0.00304792$ & $0.000812673$ & $-0.0114752$ & $0.0256891$ & $0.0483271$ & $0.0279548$ & $0.00777145$ & $-0.0548249$ & $-0.00271483$ & $-0.0186645$ & $1$ & $0.014527$ & $-0.018629$ & $-0.0475356$ & $0.0208948$ & $0.0065242$ & $0.0209421$ & $0.00563961$ & $-0.0186258$ & $0.0637166$ \\
eHZgaint & $-0.0215672$ & $0.0136275$ & $-0.0567561$ & $0.026416$ & $0.0316583$ & $-0.031063$ & $-0.033151$ & $0.0417786$ & $0.0461055$ & $-0.0726572$ & $-0.0266182$ & $-0.0578514$ & $0.0244965$ & $-0.0215912$ & $0.0178393$ & $0.0164629$ & $-0.0278005$ & $-0.0385357$ & $-0.0430153$ & $0.0279491$ & $0.026781$ & $0.022618$ & $-0.00689051$ & $-0.0400522$ & $-0.0446326$ & $-0.0221442$ & $-0.00395044$ & $-0.00228353$ & $-0.0319117$ & $-0.017685$ & $0.0127077$ & $-0.0386838$ & $-0.0098781$ & $0.0228841$ & $-0.0460217$ & $0.00219653$ & $-0.0264661$ & $-0.0283341$ & $0.0458755$ & $0.014527$ & $1$ & $0.0119665$ & $0.070156$ & $-0.0331486$ & $-0.0256516$ & $-0.0382691$ & $0.0103184$ & $0.010884$ & $-0.0251154$ \\
eHZgapar & $0.0206404$ & $-0.0132043$ & $0.00531661$ & $-0.00136897$ & $-0.00788426$ & $-0.00384759$ & $0.00353826$ & $0.0206913$ & $0.0215442$ & $-0.0118317$ & $-0.0123362$ & $0.00928403$ & $-0.0160223$ & $-0.00864969$ & $0.00242783$ & $-0.00227635$ & $-0.0144423$ & $-0.0164682$ & $-0.00977212$ & $0.00894463$ & $0.0124541$ & $0.0191026$ & $-0.0213519$ & $-0.0303587$ & $-0.0187577$ & $0.0171631$ & $0.00976064$ & $-0.00041581$ & $-0.012411$ & $-0.0180975$ & $0.0204176$ & $0.00382991$ & $0.00679158$ & $0.0158778$ & $0.0321881$ & $0.00684731$ & $-0.0200994$ & $-0.0100899$ & $-0.00277939$ & $-0.018629$ & $0.0119665$ & $1$ & $-0.00839489$ & $-0.00824628$ & $-0.0100675$ & $-0.00865967$ & $0.00528517$ & $0.0338353$ & $0.00558888$ \\
eHgagaint & $0.013868$ & $0.100873$ & $0.00980725$ & $-0.0159784$ & $0.0234028$ & $0.0127427$ & $0.00172974$ & $0.00531408$ & $0.0763433$ & $-0.0285028$ & $0.00921182$ & $-0.0316947$ & $0.0251125$ & $-0.0235001$ & $-0.00785908$ & $-0.0215322$ & $-0.0316586$ & $-0.0257638$ & $-0.0134119$ & $-0.00809652$ & $-0.00468738$ & $-0.00673367$ & $0.0123482$ & $-0.027293$ & $-0.027026$ & $-0.0109939$ & $0.0109289$ & $-0.0221589$ & $0.0287836$ & $0.0386838$ & $0.00277318$ & $-0.00639838$ & $-0.0326308$ & $0.0143645$ & $-0.0319071$ & $-0.085596$ & $-0.0804214$ & $0.00242694$ & $0.0606216$ & $-0.0475356$ & $0.070156$ & $-0.00839489$ & $1$ & $-0.000857533$ & $0.0800077$ & $-0.0800526$ & $-0.0294602$ & $0.00438764$ & $-0.11202$ \\
eHmumuint & $-0.0371205$ & $0.0916218$ & $-0.0453478$ & $0.00286242$ & $0.0130984$ & $0.0215725$ & $0.00815664$ & $-0.0189725$ & $-0.0187232$ & $0.0163493$ & $0.0198208$ & $0.022248$ & $-0.0151506$ & $-0.00444808$ & $-0.00679341$ & $0.0068633$ & $-0.0048597$ & $0.0017157$ & $-0.0078584$ & $-0.0169402$ & $-0.0171206$ & $-0.0163311$ & $0.00396481$ & $0.00364807$ & $0.00850054$ & $0.0199882$ & $-0.00239762$ & $0.0046714$ & $0.00985459$ & $-0.00250872$ & $-0.00930707$ & $0.00173841$ & $0.0379013$ & $-0.00485366$ & $-0.0430187$ & $-0.114172$ & $-0.0084247$ & $0.0281106$ & $-0.00572243$ & $0.0208948$ & $-0.0331486$ & $-0.00824628$ & $-0.000857533$ & $1$ & $0.0250838$ & $0.00590678$ & $0.0108505$ & $0.0665257$ & $0.0657901$ \\
eHtautauint & $0.057673$ & $0.10666$ & $-0.138375$ & $0.0335341$ & $0.0307378$ & $0.054194$ & $-0.0163854$ & $-0.0179701$ & $-0.012125$ & $0.00623412$ & $0.0107188$ & $0.019907$ & $-0.0262518$ & $0.0151776$ & $-0.0288247$ & $-0.00761102$ & $0.000347478$ & $0.0271527$ & $0.0138875$ & $-0.0115585$ & $-0.00919742$ & $-0.00656629$ & $0.024141$ & $0.00689891$ & $0.0168501$ & $-0.0104413$ & $0.017401$ & $-0.0088702$ & $-0.0128996$ & $0.0896834$ & $-0.0148586$ & $-0.0111382$ & $-0.0190426$ & $0.0113859$ & $-0.0433627$ & $0.0264729$ & $-0.0409725$ & $-0.016016$ & $0.0222022$ & $0.0065242$ & $-0.0256516$ & $-0.0100675$ & $0.0800077$ & $0.0250838$ & $1$ & $-0.0394388$ & $-0.023274$ & $0.0296201$ & $-0.0934556$ \\
eHccint & $0.0103371$ & $-0.0420824$ & $0.0958529$ & $0.0191916$ & $0.00694083$ & $-0.00206588$ & $-0.0125253$ & $-0.0195532$ & $-0.0236239$ & $0.0195889$ & $0.00514656$ & $0.0129784$ & $-0.00484408$ & $0.0157519$ & $0.00622378$ & $-0.0184063$ & $0.0353781$ & $0.0225817$ & $0.0388191$ & $-0.0038897$ & $-0.00423256$ & $-0.0137112$ & $-0.0284706$ & $0.0243792$ & $0.0155116$ & $0.0125392$ & $-0.0287928$ & $-0.000694633$ & $0.0126352$ & $-0.00702286$ & $0.0631513$ & $-0.0123094$ & $0.0396526$ & $-0.022566$ & $-0.0340688$ & $0.00412349$ & $0.0347489$ & $0.0196295$ & $-0.0585416$ & $0.0209421$ & $-0.0382691$ & $-0.00865967$ & $-0.0800526$ & $0.00590678$ & $-0.0394388$ & $1$ & $-0.0156963$ & $-0.0275428$ & $0.0839297$ \\
eHccpar & $0.107996$ & $-0.0705461$ & $-0.0353924$ & $0.0942844$ & $0.0054529$ & $0.00657255$ & $-0.0455612$ & $-0.021766$ & $-0.0348746$ & $0.0357334$ & $0.00427385$ & $0.0306831$ & $-0.0363097$ & $0.0326513$ & $0.004941$ & $0.00498939$ & $0.0231886$ & $0.0289014$ & $0.0283342$ & $-0.00734641$ & $-0.0111557$ & $-0.00504221$ & $-0.00518677$ & $0.036531$ & $0.00176052$ & $-0.00523491$ & $-0.0349086$ & $0.000639031$ & $-0.00345606$ & $-0.0466566$ & $0.338598$ & $-0.0483136$ & $-0.0427514$ & $-0.029661$ & $0.0179938$ & $0.0110643$ & $0.115487$ & $-0.0291192$ & $0.0476074$ & $0.00563961$ & $0.0103184$ & $0.00528517$ & $-0.0294602$ & $0.0108505$ & $-0.023274$ & $-0.0156963$ & $1$ & $-0.0819598$ & $0.0448036$ \\
eHbbint & $-0.0414798$ & $0.0241553$ & $-0.180934$ & $0.0674996$ & $0.0226923$ & $0.00952983$ & $0.0142793$ & $-0.0307064$ & $-0.0293487$ & $0.00985015$ & $0.0375351$ & $0.0297208$ & $-0.0295751$ & $-0.0247717$ & $-0.0281849$ & $-0.0139406$ & $-0.0127158$ & $0.00478456$ & $-0.00187449$ & $-0.0395611$ & $-0.0364771$ & $-0.0280695$ & $0.0063849$ & $0.0076535$ & $0.00625368$ & $0.024703$ & $0.00633941$ & $-0.0230527$ & $-0.0268084$ & $0.00104528$ & $-0.0470811$ & $0.0201365$ & $0.12011$ & $0.00181119$ & $0.0154126$ & $0.0337959$ & $0.00290722$ & $-0.0137828$ & $-0.131156$ & $-0.0186258$ & $0.010884$ & $0.0338353$ & $0.00438764$ & $0.0665257$ & $0.0296201$ & $-0.0275428$ & $-0.0819598$ & $1$ & $-0.0630108$ \\
eHbbpar & $-0.0916491$ & $-0.0976937$ & $-0.0721248$ & $0.0212712$ & $0.00397207$ & $-0.00441687$ & $-0.0251483$ & $-0.00395701$ & $-0.0109962$ & $0.0148524$ & $-0.01003$ & $0.00171985$ & $-0.00610833$ & $0.0262938$ & $0.00378567$ & $0.0156441$ & $0.0290018$ & $0.0268701$ & $0.0167147$ & $0.0108212$ & $0.00606763$ & $0.00446093$ & $-0.00532337$ & $0.0271824$ & $0.0361435$ & $0.00333644$ & $-0.00677062$ & $0.00323105$ & $0.0185224$ & $-0.00205178$ & $0.0320113$ & $-0.0190796$ & $0.469184$ & $-0.0127248$ & $-0.00865304$ & $-0.00107369$ & $0.0373449$ & $0.00904896$ & $-0.040066$ & $0.0637166$ & $-0.0251154$ & $0.00558888$ & $-0.11202$ & $0.0657901$ & $-0.0934556$ & $0.0839297$ & $0.0448036$ & $-0.0630108$ & $1$ \\
