 & AlsMz & dAle5Mz & mtop & mHl & Mz & CW & CHG & CHWB & CHWHB_gaga & CHWHB_gagaorth & CHD & CHbox & CH & CHL1_11 & CHL1_22 & CHL1_33 & CHL3_11 & CHL3_22 & CHL3_33 & CHe_11 & CHe_22 & CHe_33 & CHQ1_11 & CHQ1_33 & CHQ3_11 & CHu_11 & CHd_11 & CHd_33 & CeH_22r & CeH_33r & CuH_22r & CuH_33r & CdH_33r & CLL_1221 & eHggint & eHggpar & eHWWint & eHWWpar & eHZZint & eHZZpar & eHZgaint & eHZgapar & eHgagaint & eHmumuint & eHtautauint & eHccint & eHccpar & eHbbint & eHbbpar \\
AlsMz & $1$ & $-0.360256$ & $-0.397592$ & $-0.0628176$ & $0.0305629$ & $-0.00818284$ & $-0.0129599$ & $-0.128505$ & $-0.122953$ & $0.109401$ & $0.104037$ & $0.220341$ & $0.101733$ & $-0.0304584$ & $-0.0303869$ & $-0.0206891$ & $0.0461358$ & $0.0512268$ & $0.0436894$ & $-0.102177$ & $-0.112175$ & $-0.11597$ & $0.00566317$ & $0.0824027$ & $0.00911$ & $0.0332755$ & $-0.13092$ & $-0.0329298$ & $0.0378464$ & $0.108038$ & $0.0486578$ & $0.0181439$ & $0.119095$ & $-0.0975193$ & $-0.21256$ & $-0.121133$ & $-0.370666$ & $0.209155$ & $-0.420631$ & $-0.261431$ & $0.0181272$ & $0.0122822$ & $-0.0432749$ & $-0.320825$ & $-0.0295935$ & $-0.383303$ & $0.10248$ & $0.0686979$ & $-0.0287616$ \\
dAle5Mz & $-0.360256$ & $1$ & $0.324436$ & $0.401737$ & $-0.0266709$ & $0.0254478$ & $0.0772936$ & $-0.0283828$ & $-0.0251661$ & $0.0519152$ & $0.0287299$ & $-0.0922146$ & $-0.0517502$ & $-0.00806563$ & $0.00713676$ & $0.00475913$ & $-0.0171944$ & $-0.0111704$ & $-0.0107889$ & $-0.01928$ & $-0.0253387$ & $-0.0217036$ & $-0.0371729$ & $0.0154565$ & $-0.0228785$ & $0.0436988$ & $-0.0527121$ & $-0.0162298$ & $-0.0102036$ & $-0.0500813$ & $-0.0063502$ & $0.0811001$ & $-0.00318093$ & $-0.0258179$ & $-0.258612$ & $0.0413619$ & $0.268337$ & $0.175711$ & $0.369686$ & $0.101199$ & $0.0301667$ & $0.209483$ & $0.178863$ & $0.156624$ & $-0.407489$ & $0.323246$ & $0.043641$ & $0.143195$ & $0.520993$ \\
mtop & $-0.397592$ & $0.324436$ & $1$ & $0.26651$ & $0.0164329$ & $0.01414$ & $0.174982$ & $0.0254748$ & $0.0203624$ & $0.0158541$ & $-0.0260691$ & $-0.180128$ & $-0.176202$ & $0.0196615$ & $0.0311213$ & $0.0305801$ & $0.000321421$ & $-0.00826307$ & $-0.00670112$ & $0.0330598$ & $0.0288226$ & $0.0322978$ & $-0.0304729$ & $-0.0105276$ & $-0.0121214$ & $0.00359877$ & $-0.0230352$ & $0.0031601$ & $-0.0339796$ & $-0.158322$ & $-0.0777687$ & $0.162138$ & $-0.171431$ & $0.00335763$ & $0.280758$ & $0.459277$ & $0.348904$ & $0.0348945$ & $0.297978$ & $0.151513$ & $0.0323081$ & $0.3437$ & $-0.359955$ & $0.182084$ & $0.284202$ & $0.283253$ & $0.0185552$ & $0.178598$ & $-0.0559197$ \\
mHl & $-0.0628176$ & $0.401737$ & $0.26651$ & $1$ & $-0.0453825$ & $0.00162813$ & $-0.153702$ & $0.048555$ & $0.0368183$ & $0.0263917$ & $-0.106246$ & $-0.0844587$ & $-0.0493712$ & $0.131127$ & $0.101777$ & $0.116988$ & $0.100479$ & $0.0637937$ & $0.0511539$ & $0.115236$ & $0.100779$ & $0.0982119$ & $-0.0723374$ & $0.0488441$ & $0.0395596$ & $-0.0604255$ & $-0.0953493$ & $0.0186633$ & $-0.0278435$ & $-0.0637177$ & $-0.0165946$ & $-0.197497$ & $-0.0562325$ & $-0.0338186$ & $-0.320155$ & $-0.134942$ & $-0.0971847$ & $0.0741087$ & $0.0771881$ & $0.199344$ & $0.0298062$ & $0.227554$ & $0.114033$ & $-0.547671$ & $0.0143863$ & $-0.0919111$ & $0.139149$ & $0.0814097$ & $0.224437$ \\
Mz & $0.0305629$ & $-0.0266709$ & $0.0164329$ & $-0.0453825$ & $1$ & $-0.0304311$ & $0.05253$ & $0.00205449$ & $0.00366665$ & $0.0179572$ & $0.0151618$ & $-0.0137939$ & $-0.0402381$ & $-0.0285906$ & $-0.00216007$ & $-0.019386$ & $-0.00880668$ & $-0.022262$ & $-0.00925943$ & $-0.0100583$ & $-0.00617481$ & $-0.00662527$ & $0.0312747$ & $-0.0299753$ & $-0.00105387$ & $-0.00251636$ & $0.0331827$ & $-0.00851375$ & $-0.0252114$ & $-0.0252572$ & $-0.0182786$ & $0.0539777$ & $-0.0270252$ & $0.00935922$ & $0.0330136$ & $0.0232357$ & $-0.0346132$ & $0.0558346$ & $-0.037397$ & $-0.0201944$ & $-0.0563175$ & $-0.00646831$ & $-0.0170198$ & $-0.0102389$ & $0.0211233$ & $-0.0146283$ & $0.0686212$ & $0.00601632$ & $-0.0183628$ \\
CW & $-0.00818284$ & $0.0254478$ & $0.01414$ & $0.00162813$ & $-0.0304311$ & $1$ & $0.0587792$ & $-0.0363157$ & $-0.0355618$ & $0.0344725$ & $0.164783$ & $-0.0590415$ & $-0.0889385$ & $-0.0608396$ & $-0.0896368$ & $-0.0810325$ & $-0.405883$ & $-0.20111$ & $-0.209759$ & $-0.160439$ & $-0.168039$ & $-0.165539$ & $-0.0131997$ & $-0.149456$ & $-0.255049$ & $0.11861$ & $-0.0822861$ & $-0.0840483$ & $-0.0200299$ & $-0.0477843$ & $-0.0501636$ & $0.0616006$ & $-0.0689032$ & $-0.0932223$ & $-0.000666785$ & $0.0344247$ & $0.00737748$ & $-0.0214106$ & $0.0347871$ & $0.00533308$ & $0.0126063$ & $0.00748166$ & $-0.0249192$ & $-0.00509653$ & $0.0175022$ & $-0.00849583$ & $-0.032338$ & $0.0298445$ & $0.0280962$ \\
CHG & $-0.0129599$ & $0.0772936$ & $0.174982$ & $-0.153702$ & $0.05253$ & $0.0587792$ & $1$ & $-0.0310646$ & $-0.00624102$ & $0.182997$ & $0.110416$ & $-0.70431$ & $-0.773135$ & $-0.16539$ & $-0.0109943$ & $-0.0202005$ & $-0.161331$ & $-0.155843$ & $-0.144759$ & $-0.102483$ & $-0.110589$ & $-0.105059$ & $0.0209447$ & $-0.08644$ & $-0.165152$ & $0.0472087$ & $-0.070865$ & $-0.0211028$ & $-0.134671$ & $-0.545595$ & $-0.329811$ & $0.961265$ & $-0.577877$ & $-0.0314039$ & $-0.177665$ & $0.300293$ & $-0.0789973$ & $-0.131663$ & $0.0694501$ & $-0.107975$ & $0.358473$ & $0.209944$ & $-0.252135$ & $0.14047$ & $0.0760088$ & $0.466891$ & $0.0955634$ & $0.369872$ & $0.193124$ \\
CHWB & $-0.128505$ & $-0.0283828$ & $0.0254748$ & $0.048555$ & $0.00205449$ & $-0.0363157$ & $-0.0310646$ & $1$ & $0.991349$ & $-0.586163$ & $-0.873473$ & $-0.0489825$ & $0.0334144$ & $0.262671$ & $0.463917$ & $0.451536$ & $-0.225556$ & $-0.41404$ & $-0.407328$ & $0.85744$ & $0.887698$ & $0.880858$ & $0.0123774$ & $-0.64135$ & $-0.37585$ & $-0.587286$ & $0.408716$ & $0.389582$ & $0.00346246$ & $0.0321136$ & $0.0101034$ & $-0.0409074$ & $0.0269681$ & $0.534229$ & $0.0359277$ & $0.0108581$ & $-0.0344548$ & $-0.0142094$ & $-0.0180886$ & $-0.0511648$ & $0.0665424$ & $-0.0359674$ & $-0.00932082$ & $0.0539209$ & $0.0230588$ & $0.0252455$ & $0.0909431$ & $-0.0512365$ & $-0.0515929$ \\
CHWHB_gaga & $-0.122953$ & $-0.0251661$ & $0.0203624$ & $0.0368183$ & $0.00366665$ & $-0.0355618$ & $-0.00624102$ & $0.991349$ & $1$ & $-0.58016$ & $-0.864382$ & $-0.0422137$ & $0.0349175$ & $0.257294$ & $0.461783$ & $0.448397$ & $-0.227116$ & $-0.414639$ & $-0.406876$ & $0.849021$ & $0.87839$ & $0.872012$ & $0.0104459$ & $-0.637401$ & $-0.376419$ & $-0.580295$ & $0.402928$ & $0.384856$ & $0.00870527$ & $0.0489762$ & $0.0211667$ & $-0.0185912$ & $0.0465704$ & $0.527425$ & $0.0297783$ & $0.0103034$ & $-0.0362421$ & $-0.0196967$ & $-0.022366$ & $-0.0603248$ & $0.0700357$ & $-0.0360934$ & $0.00068536$ & $0.0637022$ & $0.0168959$ & $0.0311355$ & $0.0912433$ & $-0.0463776$ & $-0.0466128$ \\
CHWHB_gagaorth & $0.109401$ & $0.0519152$ & $0.0158541$ & $0.0263917$ & $0.0179572$ & $0.0344725$ & $0.182997$ & $-0.586163$ & $-0.58016$ & $1$ & $0.517734$ & $-0.0255555$ & $-0.231999$ & $-0.161471$ & $-0.273716$ & $-0.254829$ & $0.117585$ & $0.233979$ & $0.222074$ & $-0.506672$ & $-0.526495$ & $-0.522765$ & $-0.0209604$ & $0.368581$ & $0.204709$ & $0.350752$ & $-0.251971$ & $-0.23147$ & $-0.0461016$ & $-0.18643$ & $-0.0924115$ & $0.195031$ & $-0.208441$ & $-0.312997$ & $-0.0950165$ & $0.0590608$ & $-0.0268671$ & $-0.0157985$ & $-0.00303101$ & $0.0685303$ & $0.0252669$ & $0.0863406$ & $-0.0211191$ & $-0.103718$ & $-0.00240489$ & $0.0463098$ & $-0.0151609$ & $0.09567$ & $0.0805452$ \\
CHD & $0.104037$ & $0.0287299$ & $-0.0260691$ & $-0.106246$ & $0.0151618$ & $0.164783$ & $0.110416$ & $-0.873473$ & $-0.864382$ & $0.517734$ & $1$ & $-0.00340613$ & $-0.128942$ & $-0.658184$ & $-0.582008$ & $-0.569552$ & $-0.248479$ & $-0.0122453$ & $-0.0159357$ & $-0.994947$ & $-0.995268$ & $-0.982806$ & $0.0436963$ & $0.230009$ & $-0.0607166$ & $0.666392$ & $-0.278017$ & $-0.437687$ & $-0.0230492$ & $-0.103407$ & $-0.0683328$ & $0.12522$ & $-0.104015$ & $-0.328833$ & $-0.0465442$ & $0.0109453$ & $0.0201451$ & $0.00463205$ & $0.0180102$ & $0.0273177$ & $-0.0459864$ & $0.0402373$ & $-0.0261035$ & $0.00670148$ & $-0.0303353$ & $-0.0103266$ & $-0.0821069$ & $0.10065$ & $0.0847813$ \\
CHbox & $0.220341$ & $-0.0922146$ & $-0.180128$ & $-0.0844587$ & $-0.0137939$ & $-0.0590415$ & $-0.70431$ & $-0.0489825$ & $-0.0422137$ & $-0.0255555$ & $-0.00340613$ & $1$ & $0.913853$ & $0.068428$ & $-0.033741$ & $-0.0279092$ & $0.108256$ & $0.11859$ & $0.110632$ & $0.000103848$ & $0.00365617$ & $-0.0022775$ & $-0.00140436$ & $0.0843067$ & $0.111699$ & $0.0021037$ & $0.0111133$ & $-0.0228725$ & $0.195619$ & $0.669928$ & $0.381484$ & $-0.621169$ & $0.715396$ & $-0.00929497$ & $0.160937$ & $-0.129508$ & $0.0780864$ & $0.107649$ & $-0.145371$ & $0.0429205$ & $-0.353692$ & $-0.139678$ & $0.160122$ & $0.0462887$ & $-0.110158$ & $-0.481991$ & $-0.0442829$ & $-0.226343$ & $-0.197101$ \\
CH & $0.101733$ & $-0.0517502$ & $-0.176202$ & $-0.0493712$ & $-0.0402381$ & $-0.0889385$ & $-0.773135$ & $0.0334144$ & $0.0349175$ & $-0.231999$ & $-0.128942$ & $0.913853$ & $1$ & $0.188936$ & $0.0240395$ & $0.0270132$ & $0.196476$ & $0.179625$ & $0.173113$ & $0.121749$ & $0.128999$ & $0.122639$ & $-0.0131805$ & $0.102218$ & $0.182258$ & $-0.0727085$ & $0.0546179$ & $0.0305972$ & $0.202722$ & $0.67615$ & $0.39783$ & $-0.704783$ & $0.728104$ & $0.0261737$ & $0.241591$ & $-0.243295$ & $0.162221$ & $0.111238$ & $-0.0551545$ & $-0.0128037$ & $-0.371719$ & $-0.172067$ & $0.223167$ & $0.0545625$ & $-0.125055$ & $-0.420561$ & $-0.0912363$ & $-0.296279$ & $-0.192174$ \\
CHL1_11 & $-0.0304584$ & $-0.00806563$ & $0.0196615$ & $0.131127$ & $-0.0285906$ & $-0.0608396$ & $-0.16539$ & $0.262671$ & $0.257294$ & $-0.161471$ & $-0.658184$ & $0.068428$ & $0.188936$ & $1$ & $0.421259$ & $0.411743$ & $0.63607$ & $0.587819$ & $0.586986$ & $0.668877$ & $0.628776$ & $0.614675$ & $-0.105166$ & $0.43237$ & $0.596775$ & $-0.431052$ & $-0.0630719$ & $0.273977$ & $0.035378$ & $0.151011$ & $0.103567$ & $-0.179421$ & $0.154442$ & $-0.181637$ & $0.0499902$ & $-0.032066$ & $0.0158818$ & $0.00759692$ & $0.000698894$ & $0.021824$ & $0.004968$ & $-0.0367404$ & $0.0556761$ & $-0.0780472$ & $0.0264532$ & $-0.0245211$ & $0.013594$ & $-0.120563$ & $-0.0848742$ \\
CHL1_22 & $-0.0303869$ & $0.00713676$ & $0.0311213$ & $0.101777$ & $-0.00216007$ & $-0.0896368$ & $-0.0109943$ & $0.463917$ & $0.461783$ & $-0.273716$ & $-0.582008$ & $-0.033741$ & $0.0240395$ & $0.421259$ & $1$ & $0.53502$ & $0.173116$ & $-0.301726$ & $0.00385998$ & $0.623817$ & $0.527729$ & $0.516235$ & $-0.16045$ & $0.0308154$ & $-0.0602432$ & $-0.367117$ & $-0.282678$ & $0.235261$ & $-0.00915155$ & $0.0280287$ & $0.0268964$ & $-0.0242284$ & $0.0240321$ & $-0.461034$ & $-0.000349559$ & $-0.0150446$ & $0.000594871$ & $-0.00868833$ & $0.023626$ & $0.00702768$ & $0.0287036$ & $0.0129412$ & $0.00861759$ & $-0.0745481$ & $0.0261483$ & $0.0297457$ & $0.0135252$ & $-0.0171576$ & $-0.0175949$ \\
CHL1_33 & $-0.0206891$ & $0.00475913$ & $0.0305801$ & $0.116988$ & $-0.019386$ & $-0.0810325$ & $-0.0202005$ & $0.451536$ & $0.448397$ & $-0.254829$ & $-0.569552$ & $-0.0279092$ & $0.0270132$ & $0.411743$ & $0.53502$ & $1$ & $0.173282$ & $0.0121974$ & $-0.298978$ & $0.613262$ & $0.516118$ & $0.521046$ & $-0.183036$ & $0.0330377$ & $-0.0626112$ & $-0.34945$ & $-0.298068$ & $0.218838$ & $0.0036585$ & $0.0264164$ & $0.0262504$ & $-0.0291097$ & $0.0240462$ & $-0.0209923$ & $0.000462787$ & $-0.00713505$ & $0.00470587$ & $0.000991429$ & $0.0172417$ & $-0.00182865$ & $0.0244798$ & $0.0263487$ & $0.0423575$ & $-0.085359$ & $0.0243997$ & $0.0537466$ & $0.0236389$ & $-0.0352334$ & $-0.0328659$ \\
CHL3_11 & $0.0461358$ & $-0.0171944$ & $0.000321421$ & $0.100479$ & $-0.00880668$ & $-0.405883$ & $-0.161331$ & $-0.225556$ & $-0.227116$ & $0.117585$ & $-0.248479$ & $0.108256$ & $0.196476$ & $0.63607$ & $0.173116$ & $0.173282$ & $1$ & $0.824074$ & $0.820177$ & $0.258646$ & $0.225796$ & $0.215388$ & $-0.0753661$ & $0.750056$ & $0.860236$ & $-0.160437$ & $-0.142692$ & $0.101678$ & $0.0418697$ & $0.141328$ & $0.12175$ & $-0.171098$ & $0.154601$ & $-0.246114$ & $0.0251199$ & $-0.0436981$ & $0.0235237$ & $0.0242192$ & $-0.0117997$ & $0.040947$ & $-0.0525448$ & $-0.0090506$ & $0.0650506$ & $-0.106132$ & $0.0177217$ & $-0.0306636$ & $-0.00116857$ & $-0.0978967$ & $-0.0749635$ \\
CHL3_22 & $0.0512268$ & $-0.0111704$ & $-0.00826307$ & $0.0637937$ & $-0.022262$ & $-0.20111$ & $-0.155843$ & $-0.41404$ & $-0.414639$ & $0.233979$ & $-0.0122453$ & $0.11859$ & $0.179625$ & $0.587819$ & $-0.301726$ & $0.0121974$ & $0.824074$ & $1$ & $0.784284$ & $0.0114237$ & $0.00647775$ & $0.00220954$ & $-0.025246$ & $0.742948$ & $0.868411$ & $-0.00920303$ & $-0.0683224$ & $0.00162905$ & $0.0443803$ & $0.12852$ & $0.101294$ & $-0.159554$ & $0.14108$ & $-0.0762412$ & $0.0302999$ & $-0.0317355$ & $0.0272459$ & $0.0237534$ & $-0.0143741$ & $0.0404837$ & $-0.0514978$ & $-0.018521$ & $0.0635771$ & $-0.0747581$ & $0.00719962$ & $-0.0431117$ & $-0.0168338$ & $-0.0963041$ & $-0.0661851$ \\
CHL3_33 & $0.0436894$ & $-0.0107889$ & $-0.00670112$ & $0.0511539$ & $-0.00925943$ & $-0.209759$ & $-0.144759$ & $-0.407328$ & $-0.406876$ & $0.222074$ & $-0.0159357$ & $0.110632$ & $0.173113$ & $0.586986$ & $0.00385998$ & $-0.298978$ & $0.820177$ & $0.784284$ & $1$ & $0.0129702$ & $0.0114587$ & $0.00902922$ & $-0.00476813$ & $0.736404$ & $0.871274$ & $-0.018651$ & $-0.045343$ & $0.0103952$ & $0.0353558$ & $0.12598$ & $0.0997091$ & $-0.151548$ & $0.138169$ & $-0.369535$ & $0.0272095$ & $-0.0316058$ & $0.0216243$ & $0.0133289$ & $-0.0116461$ & $0.0403129$ & $-0.043522$ & $-0.0250072$ & $0.0411839$ & $-0.0641035$ & $0.0111181$ & $-0.058541$ & $-0.0236357$ & $-0.0816223$ & $-0.0575906$ \\
CHe_11 & $-0.102177$ & $-0.01928$ & $0.0330598$ & $0.115236$ & $-0.0100583$ & $-0.160439$ & $-0.102483$ & $0.85744$ & $0.849021$ & $-0.506672$ & $-0.994947$ & $0.000103848$ & $0.121749$ & $0.668877$ & $0.623817$ & $0.613262$ & $0.258646$ & $0.0114237$ & $0.0129702$ & $1$ & $0.985124$ & $0.972673$ & $-0.0595239$ & $-0.197583$ & $0.0633056$ & $-0.661602$ & $0.223053$ & $0.432985$ & $0.021284$ & $0.0986522$ & $0.0660227$ & $-0.117532$ & $0.099193$ & $0.272599$ & $0.0412854$ & $-0.00826752$ & $-0.0173111$ & $-0.0044852$ & $-0.0124081$ & $-0.0229824$ & $0.0472755$ & $-0.0329893$ & $0.0277141$ & $-0.0158668$ & $0.0311861$ & $0.0173278$ & $0.0798842$ & $-0.0961996$ & $-0.0802933$ \\
CHe_22 & $-0.112175$ & $-0.0253387$ & $0.0288226$ & $0.100779$ & $-0.00617481$ & $-0.168039$ & $-0.110589$ & $0.887698$ & $0.87839$ & $-0.526495$ & $-0.995268$ & $0.00365617$ & $0.128999$ & $0.628776$ & $0.527729$ & $0.516118$ & $0.225796$ & $0.00647775$ & $0.0114587$ & $0.985124$ & $1$ & $0.986316$ & $-0.0229286$ & $-0.271658$ & $0.0495954$ & $-0.667403$ & $0.338855$ & $0.439352$ & $0.0237587$ & $0.103191$ & $0.0667671$ & $-0.12495$ & $0.103886$ & $0.394314$ & $0.0481679$ & $-0.00831753$ & $-0.0203641$ & $-0.0027273$ & $-0.019638$ & $-0.0289368$ & $0.0459842$ & $-0.0425441$ & $0.0236162$ & $0.00681408$ & $0.0275893$ & $0.0101438$ & $0.0877419$ & $-0.101166$ & $-0.0835734$ \\
CHe_33 & $-0.11597$ & $-0.0217036$ & $0.0322978$ & $0.0982119$ & $-0.00662527$ & $-0.165539$ & $-0.105059$ & $0.880858$ & $0.872012$ & $-0.522765$ & $-0.982806$ & $-0.0022775$ & $0.122639$ & $0.614675$ & $0.516235$ & $0.521046$ & $0.215388$ & $0.00220954$ & $0.00902922$ & $0.972673$ & $0.986316$ & $1$ & $-0.0204942$ & $-0.275551$ & $0.044173$ & $-0.657994$ & $0.342718$ & $0.43372$ & $0.0225227$ & $0.0994245$ & $0.0662432$ & $-0.119642$ & $0.0998171$ & $0.399244$ & $0.0466667$ & $-0.00230127$ & $-0.0184171$ & $-0.0102526$ & $-0.015745$ & $-0.0373288$ & $0.0524023$ & $-0.0417779$ & $0.0225773$ & $0.00954065$ & $0.0281594$ & $0.0133396$ & $0.0836404$ & $-0.0987077$ & $-0.0832771$ \\
CHQ1_11 & $0.00566317$ & $-0.0371729$ & $-0.0304729$ & $-0.0723374$ & $0.0312747$ & $-0.0131997$ & $0.0209447$ & $0.0123774$ & $0.0104459$ & $-0.0209604$ & $0.0436963$ & $-0.00140436$ & $-0.0131805$ & $-0.105166$ & $-0.16045$ & $-0.183036$ & $-0.0753661$ & $-0.025246$ & $-0.00476813$ & $-0.0595239$ & $-0.0229286$ & $-0.0204942$ & $1$ & $-0.108583$ & $0.039906$ & $-0.573011$ & $0.316929$ & $-0.0137768$ & $0.00845685$ & $0.00872406$ & $0.00636891$ & $0.0367161$ & $0.0120433$ & $0.159266$ & $-0.0117527$ & $-0.000995383$ & $-0.0534184$ & $-0.0157701$ & $-0.0792107$ & $-0.0143283$ & $0.00554566$ & $-0.0506383$ & $0.0159972$ & $0.0564399$ & $-0.034016$ & $-0.00389726$ & $0.0556491$ & $-0.0106407$ & $-0.0156105$ \\
CHQ1_33 & $0.0824027$ & $0.0154565$ & $-0.0105276$ & $0.0488441$ & $-0.0299753$ & $-0.149456$ & $-0.08644$ & $-0.64135$ & $-0.637401$ & $0.368581$ & $0.230009$ & $0.0843067$ & $0.102218$ & $0.43237$ & $0.0308154$ & $0.0330377$ & $0.750056$ & $0.742948$ & $0.736404$ & $-0.197583$ & $-0.271658$ & $-0.275551$ & $-0.108583$ & $1$ & $0.751308$ & $0.168213$ & $-0.403648$ & $-0.0398661$ & $0.0254096$ & $0.0768333$ & $0.0697454$ & $-0.0890159$ & $0.0839382$ & $-0.612925$ & $-0.00486495$ & $-0.0290963$ & $0.0424729$ & $0.00723773$ & $0.0104752$ & $0.0678524$ & $-0.055989$ & $0.0102984$ & $0.0597256$ & $-0.0991213$ & $-0.00944483$ & $-0.0166756$ & $-0.0539894$ & $-0.0500777$ & $-0.0230689$ \\
CHQ3_11 & $0.00911$ & $-0.0228785$ & $-0.0121214$ & $0.0395596$ & $-0.00105387$ & $-0.255049$ & $-0.165152$ & $-0.37585$ & $-0.376419$ & $0.204709$ & $-0.0607166$ & $0.111699$ & $0.182258$ & $0.596775$ & $-0.0602432$ & $-0.0626112$ & $0.860236$ & $0.868411$ & $0.871274$ & $0.0633056$ & $0.0495954$ & $0.044173$ & $0.039906$ & $0.751308$ & $1$ & $-0.0367905$ & $0.116409$ & $0.0287349$ & $0.0473655$ & $0.130922$ & $0.110596$ & $-0.170656$ & $0.144045$ & $-0.250704$ & $0.0401594$ & $-0.0373064$ & $0.0297519$ & $0.0178748$ & $-0.0170947$ & $0.0375845$ & $-0.0533904$ & $-0.0567034$ & $0.0695987$ & $-0.0471818$ & $0.0127845$ & $-0.0474709$ & $-0.0172155$ & $-0.107359$ & $-0.0766271$ \\
CHu_11 & $0.0332755$ & $0.0436988$ & $0.00359877$ & $-0.0604255$ & $-0.00251636$ & $0.11861$ & $0.0472087$ & $-0.587286$ & $-0.580295$ & $0.350752$ & $0.666392$ & $0.0021037$ & $-0.0727085$ & $-0.431052$ & $-0.367117$ & $-0.34945$ & $-0.160437$ & $-0.00920303$ & $-0.018651$ & $-0.661602$ & $-0.667403$ & $-0.657994$ & $-0.573011$ & $0.168213$ & $-0.0367905$ & $1$ & $-0.1811$ & $-0.28322$ & $-0.0126029$ & $-0.0731653$ & $-0.0445316$ & $0.0485839$ & $-0.0715823$ & $-0.242042$ & $-0.00794269$ & $0.0124985$ & $0.0646173$ & $0.00596401$ & $0.0692214$ & $0.00761055$ & $-0.0439596$ & $0.0267243$ & $-0.00973045$ & $0.00929974$ & $0.00241211$ & $-0.00968181$ & $-0.104063$ & $0.0650241$ & $0.0640907$ \\
CHd_11 & $-0.13092$ & $-0.0527121$ & $-0.0230352$ & $-0.0953493$ & $0.0331827$ & $-0.0822861$ & $-0.070865$ & $0.408716$ & $0.402928$ & $-0.251971$ & $-0.278017$ & $0.0111133$ & $0.0546179$ & $-0.0630719$ & $-0.282678$ & $-0.298068$ & $-0.142692$ & $-0.0683224$ & $-0.045343$ & $0.223053$ & $0.338855$ & $0.342718$ & $0.316929$ & $-0.403648$ & $0.116409$ & $-0.1811$ & $1$ & $0.148683$ & $0.0303981$ & $0.0372083$ & $0.0220775$ & $-0.0684157$ & $0.0421565$ & $0.673736$ & $0.052367$ & $0.00920459$ & $-0.0238313$ & $-0.00708348$ & $-0.0564318$ & $-0.0567895$ & $0.015092$ & $-0.116017$ & $0.011604$ & $0.163565$ & $-0.00586258$ & $-0.029336$ & $0.0691866$ & $-0.0709683$ & $-0.0568299$ \\
CHd_33 & $-0.0329298$ & $-0.0162298$ & $0.0031601$ & $0.0186633$ & $-0.00851375$ & $-0.0840483$ & $-0.0211028$ & $0.389582$ & $0.384856$ & $-0.23147$ & $-0.437687$ & $-0.0228725$ & $0.0305972$ & $0.273977$ & $0.235261$ & $0.218838$ & $0.101678$ & $0.00162905$ & $0.0103952$ & $0.432985$ & $0.439352$ & $0.43372$ & $-0.0137768$ & $-0.0398661$ & $0.0287349$ & $-0.28322$ & $0.148683$ & $1$ & $0.00710493$ & $0.0215936$ & $0.0123691$ & $-0.030876$ & $0.0237719$ & $0.170458$ & $-0.0111626$ & $0.0110741$ & $-0.028503$ & $-0.0154084$ & $-0.0339967$ & $-0.0138805$ & $0.0478124$ & $-0.0192587$ & $0.0192847$ & $0.0226612$ & $-0.00535215$ & $0.0104217$ & $0.047079$ & $-0.0457921$ & $-0.0420931$ \\
CeH_22r & $0.0378464$ & $-0.0102036$ & $-0.0339796$ & $-0.0278435$ & $-0.0252114$ & $-0.0200299$ & $-0.134671$ & $0.00346246$ & $0.00870527$ & $-0.0461016$ & $-0.0230492$ & $0.195619$ & $0.202722$ & $0.035378$ & $-0.00915155$ & $0.0036585$ & $0.0418697$ & $0.0443803$ & $0.0353558$ & $0.021284$ & $0.0237587$ & $0.0225227$ & $0.00845685$ & $0.0254096$ & $0.0473655$ & $-0.0126029$ & $0.0303981$ & $0.00710493$ & $1$ & $0.171579$ & $0.100836$ & $-0.131143$ & $0.171458$ & $0.0152739$ & $0.0672889$ & $-0.052396$ & $0.0407578$ & $0.0289432$ & $-0.010604$ & $-0.00386942$ & $-0.0622289$ & $-0.039156$ & $0.0587912$ & $0.0193862$ & $-0.0456291$ & $-0.0769147$ & $-0.00410017$ & $-0.0747013$ & $-0.0536123$ \\
CeH_33r & $0.108038$ & $-0.0500813$ & $-0.158322$ & $-0.0637177$ & $-0.0252572$ & $-0.0477843$ & $-0.545595$ & $0.0321136$ & $0.0489762$ & $-0.18643$ & $-0.103407$ & $0.669928$ & $0.67615$ & $0.151011$ & $0.0280287$ & $0.0264164$ & $0.141328$ & $0.12852$ & $0.12598$ & $0.0986522$ & $0.103191$ & $0.0994245$ & $0.00872406$ & $0.0768333$ & $0.130922$ & $-0.0731653$ & $0.0372083$ & $0.0215936$ & $0.171579$ & $1$ & $0.495285$ & $-0.419235$ & $0.850424$ & $0.0118275$ & $0.109082$ & $-0.16256$ & $0.0416797$ & $0.0469109$ & $-0.0885327$ & $-0.0403696$ & $-0.226958$ & $-0.120344$ & $0.185978$ & $0.0391662$ & $-0.095256$ & $-0.289039$ & $-0.0265391$ & $-0.177664$ & $-0.13537$ \\
CuH_22r & $0.0486578$ & $-0.0063502$ & $-0.0777687$ & $-0.0165946$ & $-0.0182786$ & $-0.0501636$ & $-0.329811$ & $0.0101034$ & $0.0211667$ & $-0.0924115$ & $-0.0683328$ & $0.381484$ & $0.39783$ & $0.103567$ & $0.0268964$ & $0.0262504$ & $0.12175$ & $0.101294$ & $0.0997091$ & $0.0660227$ & $0.0667671$ & $0.0662432$ & $0.00636891$ & $0.0697454$ & $0.110596$ & $-0.0445316$ & $0.0220775$ & $0.0123691$ & $0.100836$ & $0.495285$ & $1$ & $-0.23501$ & $0.557855$ & $-0.00166585$ & $0.0612416$ & $-0.0991409$ & $0.0314015$ & $0.0267524$ & $-0.0666269$ & $0.00417328$ & $-0.170213$ & $-0.0726687$ & $0.12393$ & $0.0278141$ & $-0.0899668$ & $-0.141729$ & $0.0119481$ & $-0.111698$ & $-0.0743633$ \\
CuH_33r & $0.0181439$ & $0.0811001$ & $0.162138$ & $-0.197497$ & $0.0539777$ & $0.0616006$ & $0.961265$ & $-0.0409074$ & $-0.0185912$ & $0.195031$ & $0.12522$ & $-0.621169$ & $-0.704783$ & $-0.179421$ & $-0.0242284$ & $-0.0291097$ & $-0.171098$ & $-0.159554$ & $-0.151548$ & $-0.117532$ & $-0.12495$ & $-0.119642$ & $0.0367161$ & $-0.0890159$ & $-0.170656$ & $0.0485839$ & $-0.0684157$ & $-0.030876$ & $-0.131143$ & $-0.419235$ & $-0.23501$ & $1$ & $-0.423161$ & $-0.0299051$ & $-0.166777$ & $0.306833$ & $-0.0664587$ & $-0.133296$ & $0.0637155$ & $-0.125856$ & $0.344205$ & $0.210093$ & $-0.248759$ & $0.177858$ & $0.0551423$ & $0.464611$ & $0.0989586$ & $0.377378$ & $0.191703$ \\
CdH_33r & $0.119095$ & $-0.00318093$ & $-0.171431$ & $-0.0562325$ & $-0.0270252$ & $-0.0689032$ & $-0.577877$ & $0.0269681$ & $0.0465704$ & $-0.208441$ & $-0.104015$ & $0.715396$ & $0.728104$ & $0.154442$ & $0.0240321$ & $0.0240462$ & $0.154601$ & $0.14108$ & $0.138169$ & $0.099193$ & $0.103886$ & $0.0998171$ & $0.0120433$ & $0.0839382$ & $0.144045$ & $-0.0715823$ & $0.0421565$ & $0.0237719$ & $0.171458$ & $0.850424$ & $0.557855$ & $-0.423161$ & $1$ & $0.0139067$ & $0.0888993$ & $-0.20064$ & $0.0620646$ & $0.0596255$ & $-0.0757948$ & $-0.0518134$ & $-0.259237$ & $-0.11816$ & $0.21077$ & $0.0576369$ & $-0.131744$ & $-0.307354$ & $-0.0443375$ & $-0.154105$ & $-0.0646638$ \\
CLL_1221 & $-0.0975193$ & $-0.0258179$ & $0.00335763$ & $-0.0338186$ & $0.00935922$ & $-0.0932223$ & $-0.0314039$ & $0.534229$ & $0.527425$ & $-0.312997$ & $-0.328833$ & $-0.00929497$ & $0.0261737$ & $-0.181637$ & $-0.461034$ & $-0.0209923$ & $-0.246114$ & $-0.0762412$ & $-0.369535$ & $0.272599$ & $0.394314$ & $0.399244$ & $0.159266$ & $-0.612925$ & $-0.250704$ & $-0.242042$ & $0.673736$ & $0.170458$ & $0.0152739$ & $0.0118275$ & $-0.00166585$ & $-0.0299051$ & $0.0139067$ & $1$ & $0.0326337$ & $0.0195441$ & $-0.0276488$ & $0.00380763$ & $-0.0381132$ & $-0.0522527$ & $0.0258372$ & $-0.0386407$ & $-0.00992636$ & $0.115541$ & $-0.00512429$ & $0.00388432$ & $0.084034$ & $-0.0370102$ & $-0.0338643$ \\
eHggint & $-0.21256$ & $-0.258612$ & $0.280758$ & $-0.320155$ & $0.0330136$ & $-0.000666785$ & $-0.177665$ & $0.0359277$ & $0.0297783$ & $-0.0950165$ & $-0.0465442$ & $0.160937$ & $0.241591$ & $0.0499902$ & $-0.000349559$ & $0.000462787$ & $0.0251199$ & $0.0302999$ & $0.0272095$ & $0.0412854$ & $0.0481679$ & $0.0466667$ & $-0.0117527$ & $-0.00486495$ & $0.0401594$ & $-0.00794269$ & $0.052367$ & $-0.0111626$ & $0.0672889$ & $0.109082$ & $0.0612416$ & $-0.166777$ & $0.0888993$ & $0.0326337$ & $1$ & $0.0608864$ & $0.507596$ & $0.104289$ & $0.304608$ & $-0.136376$ & $-0.124585$ & $-0.0543418$ & $-0.291659$ & $0.237817$ & $0.20454$ & $0.158873$ & $-0.172318$ & $-0.334563$ & $-0.453564$ \\
eHggpar & $-0.121133$ & $0.0413619$ & $0.459277$ & $-0.134942$ & $0.0232357$ & $0.0344247$ & $0.300293$ & $0.0108581$ & $0.0103034$ & $0.0590608$ & $0.0109453$ & $-0.129508$ & $-0.243295$ & $-0.032066$ & $-0.0150446$ & $-0.00713505$ & $-0.0436981$ & $-0.0317355$ & $-0.0316058$ & $-0.00826752$ & $-0.00831753$ & $-0.00230127$ & $-0.000995383$ & $-0.0290963$ & $-0.0373064$ & $0.0124985$ & $0.00920459$ & $0.0110741$ & $-0.052396$ & $-0.16256$ & $-0.0991409$ & $0.306833$ & $-0.20064$ & $0.0195441$ & $0.0608864$ & $1$ & $0.2643$ & $-0.13327$ & $0.180418$ & $0.158451$ & $0.049282$ & $0.0914301$ & $-0.495097$ & $0.179954$ & $0.314823$ & $0.233379$ & $-0.0902387$ & $0.226415$ & $-0.31996$ \\
eHWWint & $-0.370666$ & $0.268337$ & $0.348904$ & $-0.0971847$ & $-0.0346132$ & $0.00737748$ & $-0.0789973$ & $-0.0344548$ & $-0.0362421$ & $-0.0268671$ & $0.0201451$ & $0.0780864$ & $0.162221$ & $0.0158818$ & $0.000594871$ & $0.00470587$ & $0.0235237$ & $0.0272459$ & $0.0216243$ & $-0.0173111$ & $-0.0203641$ & $-0.0184171$ & $-0.0534184$ & $0.0424729$ & $0.0297519$ & $0.0646173$ & $-0.0238313$ & $-0.028503$ & $0.0407578$ & $0.0416797$ & $0.0314015$ & $-0.0664587$ & $0.0620646$ & $-0.0276488$ & $0.507596$ & $0.2643$ & $1$ & $0.0581888$ & $0.711196$ & $0.169869$ & $-0.399996$ & $-0.103335$ & $-0.240935$ & $0.244056$ & $0.0904574$ & $0.217773$ & $-0.509498$ & $-0.0542531$ & $-0.0486875$ \\
eHWWpar & $0.209155$ & $0.175711$ & $0.0348945$ & $0.0741087$ & $0.0558346$ & $-0.0214106$ & $-0.131663$ & $-0.0142094$ & $-0.0196967$ & $-0.0157985$ & $0.00463205$ & $0.107649$ & $0.111238$ & $0.00759692$ & $-0.00868833$ & $0.000991429$ & $0.0242192$ & $0.0237534$ & $0.0133289$ & $-0.0044852$ & $-0.0027273$ & $-0.0102526$ & $-0.0157701$ & $0.00723773$ & $0.0178748$ & $0.00596401$ & $-0.00708348$ & $-0.0154084$ & $0.0289432$ & $0.0469109$ & $0.0267524$ & $-0.133296$ & $0.0596255$ & $0.00380763$ & $0.104289$ & $-0.13327$ & $0.0581888$ & $1$ & $0.00569954$ & $-0.0373293$ & $-0.176185$ & $0.188204$ & $-0.123619$ & $-0.0459784$ & $-0.177793$ & $0.0537308$ & $0.172868$ & $-0.0526299$ & $0.150364$ \\
eHZZint & $-0.420631$ & $0.369686$ & $0.297978$ & $0.0771881$ & $-0.037397$ & $0.0347871$ & $0.0694501$ & $-0.0180886$ & $-0.022366$ & $-0.00303101$ & $0.0180102$ & $-0.145371$ & $-0.0551545$ & $0.000698894$ & $0.023626$ & $0.0172417$ & $-0.0117997$ & $-0.0143741$ & $-0.0116461$ & $-0.0124081$ & $-0.019638$ & $-0.015745$ & $-0.0792107$ & $0.0104752$ & $-0.0170947$ & $0.0692214$ & $-0.0564318$ & $-0.0339967$ & $-0.010604$ & $-0.0885327$ & $-0.0666269$ & $0.0637155$ & $-0.0757948$ & $-0.0381132$ & $0.304608$ & $0.180418$ & $0.711196$ & $0.00569954$ & $1$ & $0.0158131$ & $-0.172214$ & $0.129267$ & $-0.347698$ & $0.0330908$ & $0.252086$ & $0.220049$ & $-0.495775$ & $0.302232$ & $0.0864189$ \\
eHZZpar & $-0.261431$ & $0.101199$ & $0.151513$ & $0.199344$ & $-0.0201944$ & $0.00533308$ & $-0.107975$ & $-0.0511648$ & $-0.0603248$ & $0.0685303$ & $0.0273177$ & $0.0429205$ & $-0.0128037$ & $0.021824$ & $0.00702768$ & $-0.00182865$ & $0.040947$ & $0.0404837$ & $0.0403129$ & $-0.0229824$ & $-0.0289368$ & $-0.0373288$ & $-0.0143283$ & $0.0678524$ & $0.0375845$ & $0.00761055$ & $-0.0567895$ & $-0.0138805$ & $-0.00386942$ & $-0.0403696$ & $0.00417328$ & $-0.125856$ & $-0.0518134$ & $-0.0522527$ & $-0.136376$ & $0.158451$ & $0.169869$ & $-0.0373293$ & $0.0158131$ & $1$ & $-0.295471$ & $0.113549$ & $-0.0310757$ & $0.0137985$ & $-0.0648173$ & $0.0257328$ & $0.0248339$ & $-0.0379201$ & $-0.116265$ \\
eHZgaint & $0.0181272$ & $0.0301667$ & $0.0323081$ & $0.0298062$ & $-0.0563175$ & $0.0126063$ & $0.358473$ & $0.0665424$ & $0.0700357$ & $0.0252669$ & $-0.0459864$ & $-0.353692$ & $-0.371719$ & $0.004968$ & $0.0287036$ & $0.0244798$ & $-0.0525448$ & $-0.0514978$ & $-0.043522$ & $0.0472755$ & $0.0459842$ & $0.0524023$ & $0.00554566$ & $-0.055989$ & $-0.0533904$ & $-0.0439596$ & $0.015092$ & $0.0478124$ & $-0.0622289$ & $-0.226958$ & $-0.170213$ & $0.344205$ & $-0.259237$ & $0.0258372$ & $-0.124585$ & $0.049282$ & $-0.399996$ & $-0.176185$ & $-0.172214$ & $-0.295471$ & $1$ & $0.0870413$ & $0.00965488$ & $0.17797$ & $0.0307546$ & $0.223408$ & $0.0859782$ & $-0.03441$ & $0.00192878$ \\
eHZgapar & $0.0122822$ & $0.209483$ & $0.3437$ & $0.227554$ & $-0.00646831$ & $0.00748166$ & $0.209944$ & $-0.0359674$ & $-0.0360934$ & $0.0863406$ & $0.0402373$ & $-0.139678$ & $-0.172067$ & $-0.0367404$ & $0.0129412$ & $0.0263487$ & $-0.0090506$ & $-0.018521$ & $-0.0250072$ & $-0.0329893$ & $-0.0425441$ & $-0.0417779$ & $-0.0506383$ & $0.0102984$ & $-0.0567034$ & $0.0267243$ & $-0.116017$ & $-0.0192587$ & $-0.039156$ & $-0.120344$ & $-0.0726687$ & $0.210093$ & $-0.11816$ & $-0.0386407$ & $-0.0543418$ & $0.0914301$ & $-0.103335$ & $0.188204$ & $0.129267$ & $0.113549$ & $0.0870413$ & $1$ & $-0.257791$ & $0.0398134$ & $-0.0316202$ & $0.201096$ & $0.143853$ & $0.294992$ & $0.183168$ \\
eHgagaint & $-0.0432749$ & $0.178863$ & $-0.359955$ & $0.114033$ & $-0.0170198$ & $-0.0249192$ & $-0.252135$ & $-0.00932082$ & $0.00068536$ & $-0.0211191$ & $-0.0261035$ & $0.160122$ & $0.223167$ & $0.0556761$ & $0.00861759$ & $0.0423575$ & $0.0650506$ & $0.0635771$ & $0.0411839$ & $0.0277141$ & $0.0236162$ & $0.0225773$ & $0.0159972$ & $0.0597256$ & $0.0695987$ & $-0.00973045$ & $0.011604$ & $0.0192847$ & $0.0587912$ & $0.185978$ & $0.12393$ & $-0.248759$ & $0.21077$ & $-0.00992636$ & $-0.291659$ & $-0.495097$ & $-0.240935$ & $-0.123619$ & $-0.347698$ & $-0.0310757$ & $0.00965488$ & $-0.257791$ & $1$ & $-0.042428$ & $-0.376346$ & $-0.0526198$ & $0.118812$ & $-0.33458$ & $0.159065$ \\
eHmumuint & $-0.320825$ & $0.156624$ & $0.182084$ & $-0.547671$ & $-0.0102389$ & $-0.00509653$ & $0.14047$ & $0.0539209$ & $0.0637022$ & $-0.103718$ & $0.00670148$ & $0.0462887$ & $0.0545625$ & $-0.0780472$ & $-0.0745481$ & $-0.085359$ & $-0.106132$ & $-0.0747581$ & $-0.0641035$ & $-0.0158668$ & $0.00681408$ & $0.00954065$ & $0.0564399$ & $-0.0991213$ & $-0.0471818$ & $0.00929974$ & $0.163565$ & $0.0226612$ & $0.0193862$ & $0.0391662$ & $0.0278141$ & $0.177858$ & $0.0576369$ & $0.115541$ & $0.237817$ & $0.179954$ & $0.244056$ & $-0.0459784$ & $0.0330908$ & $0.0137985$ & $0.17797$ & $0.0398134$ & $-0.042428$ & $1$ & $-0.262925$ & $0.326285$ & $-0.0795359$ & $0.00122622$ & $0.0121684$ \\
eHtautauint & $-0.0295935$ & $-0.407489$ & $0.284202$ & $0.0143863$ & $0.0211233$ & $0.0175022$ & $0.0760088$ & $0.0230588$ & $0.0168959$ & $-0.00240489$ & $-0.0303353$ & $-0.110158$ & $-0.125055$ & $0.0264532$ & $0.0261483$ & $0.0243997$ & $0.0177217$ & $0.00719962$ & $0.0111181$ & $0.0311861$ & $0.0275893$ & $0.0281594$ & $-0.034016$ & $-0.00944483$ & $0.0127845$ & $0.00241211$ & $-0.00586258$ & $-0.00535215$ & $-0.0456291$ & $-0.095256$ & $-0.0899668$ & $0.0551423$ & $-0.131744$ & $-0.00512429$ & $0.20454$ & $0.314823$ & $0.0904574$ & $-0.177793$ & $0.252086$ & $-0.0648173$ & $0.0307546$ & $-0.0316202$ & $-0.376346$ & $-0.262925$ & $1$ & $-0.203418$ & $-0.438995$ & $0.334757$ & $-0.324004$ \\
eHccint & $-0.383303$ & $0.323246$ & $0.283253$ & $-0.0919111$ & $-0.0146283$ & $-0.00849583$ & $0.466891$ & $0.0252455$ & $0.0311355$ & $0.0463098$ & $-0.0103266$ & $-0.481991$ & $-0.420561$ & $-0.0245211$ & $0.0297457$ & $0.0537466$ & $-0.0306636$ & $-0.0431117$ & $-0.058541$ & $0.0173278$ & $0.0101438$ & $0.0133396$ & $-0.00389726$ & $-0.0166756$ & $-0.0474709$ & $-0.00968181$ & $-0.029336$ & $0.0104217$ & $-0.0769147$ & $-0.289039$ & $-0.141729$ & $0.464611$ & $-0.307354$ & $0.00388432$ & $0.158873$ & $0.233379$ & $0.217773$ & $0.0537308$ & $0.220049$ & $0.0257328$ & $0.223408$ & $0.201096$ & $-0.0526198$ & $0.326285$ & $-0.203418$ & $1$ & $0.110274$ & $-0.120544$ & $-0.0172126$ \\
eHccpar & $0.10248$ & $0.043641$ & $0.0185552$ & $0.139149$ & $0.0686212$ & $-0.032338$ & $0.0955634$ & $0.0909431$ & $0.0912433$ & $-0.0151609$ & $-0.0821069$ & $-0.0442829$ & $-0.0912363$ & $0.013594$ & $0.0135252$ & $0.0236389$ & $-0.00116857$ & $-0.0168338$ & $-0.0236357$ & $0.0798842$ & $0.0877419$ & $0.0836404$ & $0.0556491$ & $-0.0539894$ & $-0.0172155$ & $-0.104063$ & $0.0691866$ & $0.047079$ & $-0.00410017$ & $-0.0265391$ & $0.0119481$ & $0.0989586$ & $-0.0443375$ & $0.084034$ & $-0.172318$ & $-0.0902387$ & $-0.509498$ & $0.172868$ & $-0.495775$ & $0.0248339$ & $0.0859782$ & $0.143853$ & $0.118812$ & $-0.0795359$ & $-0.438995$ & $0.110274$ & $1$ & $-0.162351$ & $-0.00706983$ \\
eHbbint & $0.0686979$ & $0.143195$ & $0.178598$ & $0.0814097$ & $0.00601632$ & $0.0298445$ & $0.369872$ & $-0.0512365$ & $-0.0463776$ & $0.09567$ & $0.10065$ & $-0.226343$ & $-0.296279$ & $-0.120563$ & $-0.0171576$ & $-0.0352334$ & $-0.0978967$ & $-0.0963041$ & $-0.0816223$ & $-0.0961996$ & $-0.101166$ & $-0.0987077$ & $-0.0106407$ & $-0.0500777$ & $-0.107359$ & $0.0650241$ & $-0.0709683$ & $-0.0457921$ & $-0.0747013$ & $-0.177664$ & $-0.111698$ & $0.377378$ & $-0.154105$ & $-0.0370102$ & $-0.334563$ & $0.226415$ & $-0.0542531$ & $-0.0526299$ & $0.302232$ & $-0.0379201$ & $-0.03441$ & $0.294992$ & $-0.33458$ & $0.00122622$ & $0.334757$ & $-0.120544$ & $-0.162351$ & $1$ & $0.25383$ \\
eHbbpar & $-0.0287616$ & $0.520993$ & $-0.0559197$ & $0.224437$ & $-0.0183628$ & $0.0280962$ & $0.193124$ & $-0.0515929$ & $-0.0466128$ & $0.0805452$ & $0.0847813$ & $-0.197101$ & $-0.192174$ & $-0.0848742$ & $-0.0175949$ & $-0.0328659$ & $-0.0749635$ & $-0.0661851$ & $-0.0575906$ & $-0.0802933$ & $-0.0835734$ & $-0.0832771$ & $-0.0156105$ & $-0.0230689$ & $-0.0766271$ & $0.0640907$ & $-0.0568299$ & $-0.0420931$ & $-0.0536123$ & $-0.13537$ & $-0.0743633$ & $0.191703$ & $-0.0646638$ & $-0.0338643$ & $-0.453564$ & $-0.31996$ & $-0.0486875$ & $0.150364$ & $0.0864189$ & $-0.116265$ & $0.00192878$ & $0.183168$ & $0.159065$ & $0.0121684$ & $-0.324004$ & $-0.0172126$ & $-0.00706983$ & $0.25383$ & $1$ \\
