 & AlsMz & dAle5Mz & mtop & mHl & Mz & CW & CHG & CHWB & CHWHB_gaga & CHWHB_gagaorth & CHD & CHbox & CH & CHL1_11 & CHL1_22 & CHL1_33 & CHL3_11 & CHL3_22 & CHL3_33 & CHe_11 & CHe_22 & CHe_33 & CHQ1_11 & CHQ1_33 & CHQ3_11 & CHu_11 & CHd_11 & CHd_33 & CeH_22r & CeH_33r & CuH_22r & CuH_33r & CdH_33r & CLL_1221 & eHggint & eHggpar & eHWWint & eHWWpar & eHZZint & eHZZpar & eHZgaint & eHZgapar & eHgagaint & eHmumuint & eHtautauint & eHccint & eHccpar & eHbbint & eHbbpar \\
AlsMz & $1$ & $0.0643673$ & $-0.106663$ & $-0.0455824$ & $-0.0250876$ & $-0.0254552$ & $0.152956$ & $0.0396961$ & $0.0288215$ & $0.0213249$ & $0.0032579$ & $0.0932451$ & $-0.186905$ & $-0.0901427$ & $-0.0736021$ & $-0.0986842$ & $-0.0587655$ & $-0.0559237$ & $-0.0300785$ & $-0.015797$ & $0.00511255$ & $0.0084152$ & $0.102742$ & $-0.118914$ & $-0.0976344$ & $-0.0759495$ & $0.132472$ & $-0.0298433$ & $-0.0290567$ & $-0.140656$ & $-0.0714672$ & $0.13991$ & $-0.203004$ & $0.117911$ & $0.0319612$ & $0.163228$ & $0.12006$ & $-0.0298765$ & $-0.306746$ & $-0.0500043$ & $0.129787$ & $0.146166$ & $-0.244609$ & $0.193583$ & $0.115647$ & $0.202025$ & $0.0892039$ & $0.102282$ & $-0.227874$ \\
dAle5Mz & $0.0643673$ & $1$ & $-0.036825$ & $0.337016$ & $0.0319762$ & $0.00343351$ & $0.0625494$ & $-0.039359$ & $-0.0433605$ & $0.0224232$ & $0.0386013$ & $0.12749$ & $-0.0916993$ & $-0.0446981$ & $-0.0500733$ & $-0.00426572$ & $0.00118714$ & $0.00785279$ & $-0.0198593$ & $-0.0295434$ & $-0.0240477$ & $-0.0237383$ & $-0.0156411$ & $-0.00352979$ & $0.00776848$ & $0.0478175$ & $0.0499254$ & $-0.0496206$ & $0.0425739$ & $-0.0987037$ & $-0.055367$ & $0.0567853$ & $-0.100764$ & $0.0595222$ & $0.100893$ & $0.0180803$ & $0.118235$ & $0.0117879$ & $-0.14457$ & $0.0640825$ & $0.00453748$ & $0.0130621$ & $-0.053311$ & $0.0773734$ & $0.135699$ & $0.284726$ & $0.0361704$ & $-0.0298886$ & $-0.0903533$ \\
mtop & $-0.106663$ & $-0.036825$ & $1$ & $0.0832976$ & $-0.0426683$ & $0.0747063$ & $0.0560969$ & $0.0297363$ & $0.0312944$ & $0.0466053$ & $-0.0101231$ & $0.0214772$ & $-0.00981289$ & $-0.00852446$ & $0.00599697$ & $0.055455$ & $-0.0286488$ & $-0.0279974$ & $-0.0546394$ & $0.0133158$ & $0.0115887$ & $0.0195793$ & $0.0142009$ & $-0.0216392$ & $-0.0406456$ & $-0.0105188$ & $-0.0151627$ & $0.0399344$ & $0.00641018$ & $-0.00466471$ & $0.0330106$ & $0.0699566$ & $0.0324332$ & $0.0252988$ & $-0.0145087$ & $0.0719427$ & $-0.130504$ & $0.0158812$ & $0.217267$ & $0.0639488$ & $-0.022438$ & $0.0210077$ & $-0.203078$ & $-0.0102549$ & $0.109617$ & $-0.16941$ & $0.163363$ & $0.254057$ & $0.0480077$ \\
mHl & $-0.0455824$ & $0.337016$ & $0.0832976$ & $1$ & $-0.0161958$ & $0.0342243$ & $0.107252$ & $-0.0309134$ & $-0.0382085$ & $0.0566598$ & $0.0858686$ & $0.180741$ & $-0.10688$ & $-0.144554$ & $-0.00539252$ & $0.0272516$ & $-0.100933$ & $-0.120452$ & $-0.139475$ & $-0.0772045$ & $-0.0835611$ & $-0.0830435$ & $-0.0331259$ & $-0.0437956$ & $-0.108225$ & $0.092697$ & $-0.0253338$ & $-0.0246621$ & $-0.00697151$ & $-0.105166$ & $-0.0692895$ & $0.10755$ & $-0.184209$ & $-0.00299418$ & $0.0546721$ & $0.306812$ & $0.298629$ & $0.017898$ & $-0.133485$ & $0.0193137$ & $0.0891562$ & $0.0993408$ & $-0.0495649$ & $0.195891$ & $0.00904947$ & $0.44338$ & $-0.128433$ & $-0.249229$ & $-0.328397$ \\
Mz & $-0.0250876$ & $0.0319762$ & $-0.0426683$ & $-0.0161958$ & $1$ & $-0.0310284$ & $-0.0302071$ & $-0.00546517$ & $-0.000978306$ & $-0.0218499$ & $-0.00197028$ & $-0.0310133$ & $0.0308391$ & $0.00946164$ & $-0.00965302$ & $0.00220952$ & $0.0368666$ & $0.0320892$ & $0.0196178$ & $0.00713835$ & $0.00973672$ & $0.00402057$ & $-0.00116474$ & $0.028992$ & $0.0140258$ & $-0.00447038$ & $-0.00788263$ & $0.0147964$ & $0.0434421$ & $0.062824$ & $0.0326233$ & $-0.0219652$ & $0.0547274$ & $0.0151187$ & $-0.0198925$ & $-0.00148225$ & $-0.0439556$ & $-0.0140343$ & $0.0326268$ & $0.0278397$ & $0.0595127$ & $-0.0224325$ & $0.0469688$ & $-0.00686131$ & $-0.0195714$ & $-0.0259493$ & $-0.00672413$ & $-0.0317569$ & $0.0327236$ \\
CW & $-0.0254552$ & $0.00343351$ & $0.0747063$ & $0.0342243$ & $-0.0310284$ & $1$ & $0.0340508$ & $-0.0101586$ & $-0.0106448$ & $-0.00853765$ & $0.133345$ & $0.0883887$ & $-0.036122$ & $-0.0453353$ & $-0.0854772$ & $-0.0660785$ & $-0.391849$ & $-0.20011$ & $-0.202028$ & $-0.130695$ & $-0.134285$ & $-0.12889$ & $-0.0183092$ & $-0.164399$ & $-0.231287$ & $0.115627$ & $-0.0368114$ & $-0.0828966$ & $-0.0195448$ & $-0.0433501$ & $-0.00970992$ & $0.0330202$ & $-0.0442563$ & $-0.0739023$ & $0.0388415$ & $0.0167209$ & $-0.0191049$ & $0.0242178$ & $-0.0237462$ & $-0.0225222$ & $-0.00815621$ & $0.0050335$ & $-0.00340089$ & $-0.00294557$ & $0.0250477$ & $0.00729029$ & $-0.0177444$ & $0.0622$ & $-0.00585003$ \\
CHG & $0.152956$ & $0.0625494$ & $0.0560969$ & $0.107252$ & $-0.0302071$ & $0.0340508$ & $1$ & $-0.0215669$ & $-0.0172455$ & $0.212546$ & $0.117588$ & $0.206429$ & $-0.785183$ & $-0.206294$ & $-0.0691239$ & $-0.108619$ & $-0.171223$ & $-0.168971$ & $-0.137891$ & $-0.119876$ & $-0.109242$ & $-0.109346$ & $0.00151909$ & $-0.141862$ & $-0.164783$ & $0.102598$ & $0.037977$ & $-0.0624203$ & $-0.146857$ & $-0.643945$ & $-0.407182$ & $0.961066$ & $-0.680785$ & $0.0439709$ & $0.0933797$ & $0.0224725$ & $0.137335$ & $0.0218027$ & $-0.171159$ & $-0.00443342$ & $0.0394246$ & $0.103665$ & $-0.136902$ & $0.0191157$ & $0.0812742$ & $0.226909$ & $0.0905714$ & $0.00167471$ & $-0.0716608$ \\
CHWB & $0.0396961$ & $-0.039359$ & $0.0297363$ & $-0.0309134$ & $-0.00546517$ & $-0.0101586$ & $-0.0215669$ & $1$ & $0.990329$ & $-0.523204$ & $-0.873609$ & $-0.149305$ & $0.0231691$ & $0.317489$ & $0.442502$ & $0.463388$ & $-0.192517$ & $-0.346625$ & $-0.369879$ & $0.858764$ & $0.886613$ & $0.878028$ & $0.0414061$ & $-0.608168$ & $-0.35771$ & $-0.627804$ & $0.397845$ & $0.376514$ & $0.0356364$ & $0.0526351$ & $0.041211$ & $-0.0329228$ & $0.0539972$ & $0.559331$ & $-0.00162698$ & $0.00457948$ & $-0.06966$ & $-0.00284475$ & $-0.044364$ & $-0.0232317$ & $0.034261$ & $0.0408434$ & $-0.0505158$ & $0.069999$ & $-0.0431049$ & $-0.00890276$ & $0.032326$ & $0.0292311$ & $0.0169591$ \\
CHWHB_gaga & $0.0288215$ & $-0.0433605$ & $0.0312944$ & $-0.0382085$ & $-0.000978306$ & $-0.0106448$ & $-0.0172455$ & $0.990329$ & $1$ & $-0.523381$ & $-0.867312$ & $-0.149679$ & $0.0468441$ & $0.318551$ & $0.444243$ & $0.464545$ & $-0.18723$ & $-0.341768$ & $-0.364856$ & $0.853196$ & $0.879567$ & $0.871421$ & $0.0412604$ & $-0.598276$ & $-0.350498$ & $-0.624573$ & $0.390413$ & $0.370224$ & $0.0447183$ & $0.0826328$ & $0.0557629$ & $-0.029073$ & $0.0869934$ & $0.548433$ & $-0.0139897$ & $-0.00331893$ & $-0.0802938$ & $0.00284975$ & $-0.0359307$ & $-0.0256997$ & $0.030764$ & $0.0399477$ & $-0.0168481$ & $0.0708731$ & $-0.0379836$ & $-0.0220353$ & $0.0219381$ & $0.0244979$ & $0.0261102$ \\
CHWHB_gagaorth & $0.0213249$ & $0.0224232$ & $0.0466053$ & $0.0566598$ & $-0.0218499$ & $-0.00853765$ & $0.212546$ & $-0.523204$ & $-0.523381$ & $1$ & $0.460311$ & $0.439418$ & $-0.279068$ & $-0.184109$ & $-0.238035$ & $-0.24088$ & $0.103308$ & $0.178073$ & $0.187185$ & $-0.45254$ & $-0.466771$ & $-0.459595$ & $-0.0315289$ & $0.305489$ & $0.183999$ & $0.334377$ & $-0.201453$ & $-0.209879$ & $-0.0322999$ & $-0.250359$ & $-0.170066$ & $0.225378$ & $-0.281764$ & $-0.279087$ & $0.0140817$ & $0.0315101$ & $0.0945544$ & $0.0158573$ & $-0.0392563$ & $-0.00533756$ & $-0.040541$ & $0.0284281$ & $0.0011603$ & $-0.00456761$ & $0.0717383$ & $0.0440317$ & $-0.00852095$ & $-0.0168631$ & $-0.0066413$ \\
CHD & $0.0032579$ & $0.0386013$ & $-0.0101231$ & $0.0858686$ & $-0.00197028$ & $0.133345$ & $0.117588$ & $-0.873609$ & $-0.867312$ & $0.460311$ & $1$ & $0.268676$ & $-0.126897$ & $-0.700947$ & $-0.562327$ & $-0.567073$ & $-0.283141$ & $-0.0880215$ & $-0.0587786$ & $-0.995288$ & $-0.995481$ & $-0.98479$ & $0.0192049$ & $0.188171$ & $-0.0871012$ & $0.704107$ & $-0.268545$ & $-0.435599$ & $-0.0439179$ & $-0.140255$ & $-0.0972783$ & $0.132076$ & $-0.159447$ & $-0.354633$ & $0.056976$ & $0.0233948$ & $0.112371$ & $-0.000438804$ & $-0.0413635$ & $0.00615941$ & $-0.021628$ & $-0.0136271$ & $0.00532545$ & $-0.0617446$ & $0.0726945$ & $0.0558717$ & $-0.052303$ & $-0.0335475$ & $-0.0585307$ \\
CHbox & $0.0932451$ & $0.12749$ & $0.0214772$ & $0.180741$ & $-0.0310133$ & $0.0883887$ & $0.206429$ & $-0.149305$ & $-0.149679$ & $0.439418$ & $0.268676$ & $1$ & $-0.247013$ & $-0.312355$ & $-0.143436$ & $-0.140391$ & $-0.244066$ & $-0.193705$ & $-0.188098$ & $-0.261351$ & $-0.263509$ & $-0.261203$ & $0.00221771$ & $-0.118935$ & $-0.187471$ & $0.196993$ & $-0.0254452$ & $-0.119718$ & $-0.028865$ & $-0.136781$ & $-0.109477$ & $0.23668$ & $-0.162825$ & $-0.0255345$ & $0.158689$ & $0.143529$ & $0.193748$ & $0.0164606$ & $-0.163093$ & $-0.0229101$ & $-0.0107241$ & $0.105622$ & $-0.0776955$ & $0.0549994$ & $0.181757$ & $0.184205$ & $0.0123742$ & $-0.0486869$ & $-0.0432022$ \\
CH & $-0.186905$ & $-0.0916993$ & $-0.00981289$ & $-0.10688$ & $0.0308391$ & $-0.036122$ & $-0.785183$ & $0.0231691$ & $0.0468441$ & $-0.279068$ & $-0.126897$ & $-0.247013$ & $1$ & $0.22679$ & $0.101493$ & $0.10721$ & $0.185512$ & $0.167861$ & $0.156958$ & $0.129085$ & $0.117268$ & $0.117792$ & $-0.00218419$ & $0.148686$ & $0.180661$ & $-0.108214$ & $-0.0471305$ & $0.0501348$ & $0.218579$ & $0.764073$ & $0.463211$ & $-0.715156$ & $0.795065$ & $-0.0723877$ & $-0.14346$ & $-0.0399092$ & $-0.135911$ & $-0.00974879$ & $0.158384$ & $-0.00273223$ & $-0.0133687$ & $-0.131521$ & $0.151705$ & $0.00332447$ & $-0.131569$ & $-0.269452$ & $-0.0677077$ & $-0.012244$ & $0.049255$ \\
CHL1_11 & $-0.0901427$ & $-0.0446981$ & $-0.00852446$ & $-0.144554$ & $0.00946164$ & $-0.0453353$ & $-0.206294$ & $0.317489$ & $0.318551$ & $-0.184109$ & $-0.700947$ & $-0.312355$ & $0.22679$ & $1$ & $0.414029$ & $0.407477$ & $0.645566$ & $0.621155$ & $0.59141$ & $0.708832$ & $0.676795$ & $0.669486$ & $-0.0877136$ & $0.424525$ & $0.603229$ & $-0.479876$ & $-0.0248372$ & $0.298321$ & $0.0316683$ & $0.205291$ & $0.136658$ & $-0.216444$ & $0.245016$ & $-0.113854$ & $-0.0919446$ & $-0.0401084$ & $-0.144159$ & $0.0138786$ & $0.135903$ & $0.0123193$ & $-0.00296541$ & $-0.0346862$ & $0.0533258$ & $0.0126474$ & $-0.103994$ & $-0.10685$ & $0.0483995$ & $0.0505871$ & $0.102947$ \\
CHL1_22 & $-0.0736021$ & $-0.0500733$ & $0.00599697$ & $-0.00539252$ & $-0.00965302$ & $-0.0854772$ & $-0.0691239$ & $0.442502$ & $0.444243$ & $-0.238035$ & $-0.562327$ & $-0.143436$ & $0.101493$ & $0.414029$ & $1$ & $0.539531$ & $0.214499$ & $-0.254287$ & $0.0249612$ & $0.60354$ & $0.508303$ & $0.500062$ & $-0.157015$ & $0.0809717$ & $-0.00468079$ & $-0.359706$ & $-0.273453$ & $0.235604$ & $0.0301759$ & $0.11408$ & $0.088608$ & $-0.0624452$ & $0.116469$ & $-0.453479$ & $-0.0298253$ & $-0.027677$ & $0.0121281$ & $0.00871844$ & $0.0285911$ & $0.00476228$ & $-0.0195094$ & $0.0148983$ & $0.0483142$ & $-0.0138244$ & $-0.0152955$ & $-0.0488781$ & $0.054296$ & $0.0296359$ & $0.0262379$ \\
CHL1_33 & $-0.0986842$ & $-0.00426572$ & $0.055455$ & $0.0272516$ & $0.00220952$ & $-0.0660785$ & $-0.108619$ & $0.463388$ & $0.464545$ & $-0.24088$ & $-0.567073$ & $-0.140391$ & $0.10721$ & $0.407477$ & $0.539531$ & $1$ & $0.172205$ & $0.0220435$ & $-0.299992$ & $0.61005$ & $0.514912$ & $0.524091$ & $-0.177927$ & $0.0379428$ & $-0.0595221$ & $-0.351321$ & $-0.31001$ & $0.236025$ & $0.0279649$ & $0.0874451$ & $0.0738601$ & $-0.119356$ & $0.108462$ & $-0.00180057$ & $-0.0259815$ & $-0.0130101$ & $-0.011009$ & $0.00269948$ & $0.0748628$ & $-0.023984$ & $0.0168727$ & $0.00678042$ & $0.0388252$ & $0.0115826$ & $0.0241698$ & $-0.0707423$ & $0.0282372$ & $0.0293554$ & $0.0448935$ \\
CHL3_11 & $-0.0587655$ & $0.00118714$ & $-0.0286488$ & $-0.100933$ & $0.0368666$ & $-0.391849$ & $-0.171223$ & $-0.192517$ & $-0.18723$ & $0.103308$ & $-0.283141$ & $-0.244066$ & $0.185512$ & $0.645566$ & $0.214499$ & $0.172205$ & $1$ & $0.827503$ & $0.824129$ & $0.29299$ & $0.260592$ & $0.254246$ & $-0.0866085$ & $0.758308$ & $0.861366$ & $-0.182681$ & $-0.148745$ & $0.146292$ & $0.0215273$ & $0.160868$ & $0.100198$ & $-0.178706$ & $0.192564$ & $-0.251304$ & $-0.119379$ & $-0.0601167$ & $-0.0798942$ & $-0.00230088$ & $0.168264$ & $0.036359$ & $-0.0250634$ & $-0.0486726$ & $0.0817158$ & $-0.00241001$ & $-0.0502277$ & $-0.0862881$ & $0.0440321$ & $-0.00943002$ & $0.0719199$ \\
CHL3_22 & $-0.0559237$ & $0.00785279$ & $-0.0279974$ & $-0.120452$ & $0.0320892$ & $-0.20011$ & $-0.168971$ & $-0.346625$ & $-0.341768$ & $0.178073$ & $-0.0880215$ & $-0.193705$ & $0.167861$ & $0.621155$ & $-0.254287$ & $0.0220435$ & $0.827503$ & $1$ & $0.792837$ & $0.0862098$ & $0.0835809$ & $0.0836625$ & $-0.037599$ & $0.728918$ & $0.861863$ & $-0.056157$ & $-0.0635674$ & $0.0524673$ & $0.0065747$ & $0.129916$ & $0.0749215$ & $-0.181342$ & $0.167441$ & $-0.0654483$ & $-0.0975234$ & $-0.0417326$ & $-0.112496$ & $0.00155829$ & $0.163681$ & $0.0268037$ & $-0.00763543$ & $-0.0604466$ & $0.0604538$ & $-0.00112367$ & $-0.0620144$ & $-0.0823442$ & $0.0152024$ & $-0.000436769$ & $0.0804419$ \\
CHL3_33 & $-0.0300785$ & $-0.0198593$ & $-0.0546394$ & $-0.139475$ & $0.0196178$ & $-0.202028$ & $-0.137891$ & $-0.369879$ & $-0.364856$ & $0.187185$ & $-0.0587786$ & $-0.188098$ & $0.156958$ & $0.59141$ & $0.0249612$ & $-0.299992$ & $0.824129$ & $0.792837$ & $1$ & $0.0542326$ & $0.0561516$ & $0.0561719$ & $-0.0146212$ & $0.733843$ & $0.877539$ & $-0.0458914$ & $-0.0228068$ & $0.0420152$ & $0.0097716$ & $0.142363$ & $0.0800859$ & $-0.1374$ & $0.165555$ & $-0.355478$ & $-0.0976529$ & $-0.0509102$ & $-0.0998065$ & $0.00391288$ & $0.132798$ & $0.0436476$ & $-0.0338615$ & $-0.0533337$ & $0.0618257$ & $-0.0189079$ & $-0.0845658$ & $-0.0681618$ & $0.0294879$ & $-0.000322672$ & $0.0638295$ \\
CHe_11 & $-0.015797$ & $-0.0295434$ & $0.0133158$ & $-0.0772045$ & $0.00713835$ & $-0.130695$ & $-0.119876$ & $0.858764$ & $0.853196$ & $-0.45254$ & $-0.995288$ & $-0.261351$ & $0.129085$ & $0.708832$ & $0.60354$ & $0.61005$ & $0.29299$ & $0.0862098$ & $0.0542326$ & $1$ & $0.986109$ & $0.975847$ & $-0.0385991$ & $-0.156988$ & $0.0916227$ & $-0.695405$ & $0.217361$ & $0.432428$ & $0.0445102$ & $0.142796$ & $0.0987763$ & $-0.133969$ & $0.161644$ & $0.301809$ & $-0.0542436$ & $-0.0252394$ & $-0.108221$ & $0.0022061$ & $0.0468519$ & $-0.00416119$ & $0.0207623$ & $0.0136212$ & $-0.00197177$ & $0.0561871$ & $-0.0675586$ & $-0.0572119$ & $0.0536728$ & $0.0334374$ & $0.0584807$ \\
CHe_22 & $0.00511255$ & $-0.0240477$ & $0.0115887$ & $-0.0835611$ & $0.00973672$ & $-0.134285$ & $-0.109242$ & $0.886613$ & $0.879567$ & $-0.466771$ & $-0.995481$ & $-0.263509$ & $0.117268$ & $0.676795$ & $0.508303$ & $0.514912$ & $0.260592$ & $0.0835809$ & $0.0561516$ & $0.986109$ & $1$ & $0.987465$ & $0.000844615$ & $-0.228285$ & $0.0742177$ & $-0.706634$ & $0.325733$ & $0.435084$ & $0.0449772$ & $0.133103$ & $0.0913729$ & $-0.124115$ & $0.151524$ & $0.416923$ & $-0.0545651$ & $-0.0206794$ & $-0.115796$ & $-0.000561702$ & $0.0345434$ & $-0.00483591$ & $0.0237541$ & $0.0144914$ & $-0.0142862$ & $0.0670927$ & $-0.0739886$ & $-0.0474716$ & $0.050318$ & $0.0303492$ & $0.0558837$ \\
CHe_33 & $0.0084152$ & $-0.0237383$ & $0.0195793$ & $-0.0830435$ & $0.00402057$ & $-0.12889$ & $-0.109346$ & $0.878028$ & $0.871421$ & $-0.459595$ & $-0.98479$ & $-0.261203$ & $0.117792$ & $0.669486$ & $0.500062$ & $0.524091$ & $0.254246$ & $0.0836625$ & $0.0561719$ & $0.975847$ & $0.987465$ & $1$ & $-0.000365086$ & $-0.227808$ & $0.073716$ & $-0.698291$ & $0.324411$ & $0.433361$ & $0.0449881$ & $0.13306$ & $0.0914531$ & $-0.124143$ & $0.149807$ & $0.415821$ & $-0.0528757$ & $-0.0218449$ & $-0.119043$ & $-9.06366e-05$ & $0.0336446$ & $-0.00262361$ & $0.0173955$ & $0.0111663$ & $-0.0113364$ & $0.0639204$ & $-0.0725335$ & $-0.0550932$ & $0.0485026$ & $0.031637$ & $0.0527556$ \\
CHQ1_11 & $0.102742$ & $-0.0156411$ & $0.0142009$ & $-0.0331259$ & $-0.00116474$ & $-0.0183092$ & $0.00151909$ & $0.0414061$ & $0.0412604$ & $-0.0315289$ & $0.0192049$ & $0.00221771$ & $-0.00218419$ & $-0.0877136$ & $-0.157015$ & $-0.177927$ & $-0.0866085$ & $-0.037599$ & $-0.0146212$ & $-0.0385991$ & $0.000844615$ & $-0.000365086$ & $1$ & $-0.12851$ & $0.0287115$ & $-0.562282$ & $0.362798$ & $-0.00712367$ & $-0.0158362$ & $-0.00227045$ & $-0.00464853$ & $0.000360918$ & $-0.0123329$ & $0.179108$ & $-0.0217093$ & $0.0602149$ & $0.00638895$ & $-0.0188258$ & $-0.0636529$ & $0.005379$ & $-0.0301576$ & $0.0393066$ & $-0.0219078$ & $0.0232722$ & $0.0346785$ & $0.0386481$ & $0.00791016$ & $-0.0243595$ & $-0.0329315$ \\
CHQ1_33 & $-0.118914$ & $-0.00352979$ & $-0.0216392$ & $-0.0437956$ & $0.028992$ & $-0.164399$ & $-0.141862$ & $-0.608168$ & $-0.598276$ & $0.305489$ & $0.188171$ & $-0.118935$ & $0.148686$ & $0.424525$ & $0.0809717$ & $0.0379428$ & $0.758308$ & $0.728918$ & $0.733843$ & $-0.156988$ & $-0.228285$ & $-0.227808$ & $-0.12851$ & $1$ & $0.765484$ & $0.158713$ & $-0.3986$ & $0.00523375$ & $0.00620038$ & $0.117411$ & $0.0750857$ & $-0.138326$ & $0.145114$ & $-0.622532$ & $-0.0987733$ & $-0.0349026$ & $-0.0172918$ & $0.0233271$ & $0.162764$ & $0.0400654$ & $-0.0313168$ & $-0.0474602$ & $0.107717$ & $-0.0289557$ & $-0.0291065$ & $-0.0581526$ & $0.0163442$ & $-0.0152464$ & $0.0666287$ \\
CHQ3_11 & $-0.0976344$ & $0.00776848$ & $-0.0406456$ & $-0.108225$ & $0.0140258$ & $-0.231287$ & $-0.164783$ & $-0.35771$ & $-0.350498$ & $0.183999$ & $-0.0871012$ & $-0.187471$ & $0.180661$ & $0.603229$ & $-0.00468079$ & $-0.0595221$ & $0.861366$ & $0.861863$ & $0.877539$ & $0.0916227$ & $0.0742177$ & $0.073716$ & $0.0287115$ & $0.765484$ & $1$ & $-0.0565711$ & $0.0970097$ & $0.0604285$ & $0.0192198$ & $0.14686$ & $0.0795203$ & $-0.170337$ & $0.175248$ & $-0.289571$ & $-0.145184$ & $-0.0506169$ & $-0.0644091$ & $-0.0137554$ & $0.141161$ & $0.0399347$ & $-0.0322152$ & $-0.0657908$ & $0.0766489$ & $0.0140243$ & $-0.0786513$ & $-0.0647104$ & $0.0197037$ & $-0.0157926$ & $0.0722848$ \\
CHu_11 & $-0.0759495$ & $0.0478175$ & $-0.0105188$ & $0.092697$ & $-0.00447038$ & $0.115627$ & $0.102598$ & $-0.627804$ & $-0.624573$ & $0.334377$ & $0.704107$ & $0.196993$ & $-0.108214$ & $-0.479876$ & $-0.359706$ & $-0.351321$ & $-0.182681$ & $-0.056157$ & $-0.0458914$ & $-0.695405$ & $-0.706634$ & $-0.698291$ & $-0.562282$ & $0.158713$ & $-0.0565711$ & $1$ & $-0.226016$ & $-0.295561$ & $-0.0338018$ & $-0.121901$ & $-0.0894982$ & $0.110295$ & $-0.129642$ & $-0.292482$ & $0.0419312$ & $-0.00958627$ & $0.0910901$ & $0.00674484$ & $0.00201993$ & $0.00556545$ & $-0.0105333$ & $-0.0533428$ & $0.0281986$ & $-0.0344039$ & $0.00825455$ & $0.0335998$ & $-0.0441364$ & $-0.0342918$ & $-0.00917049$ \\
CHd_11 & $0.132472$ & $0.0499254$ & $-0.0151627$ & $-0.0253338$ & $-0.00788263$ & $-0.0368114$ & $0.037977$ & $0.397845$ & $0.390413$ & $-0.201453$ & $-0.268545$ & $-0.0254452$ & $-0.0471305$ & $-0.0248372$ & $-0.273453$ & $-0.31001$ & $-0.148745$ & $-0.0635674$ & $-0.0228068$ & $0.217361$ & $0.325733$ & $0.324411$ & $0.362798$ & $-0.3986$ & $0.0970097$ & $-0.226016$ & $1$ & $0.129054$ & $0.0226112$ & $-0.0274214$ & $-0.0371935$ & $0.027673$ & $-0.0400407$ & $0.641239$ & $-0.0748489$ & $0.0324184$ & $-0.00708213$ & $-0.0298847$ & $-0.10491$ & $0.00235916$ & $0.0205798$ & $0.0148177$ & $-0.0696841$ & $0.144187$ & $-0.0641697$ & $0.0926744$ & $-0.00247803$ & $-0.0345057$ & $-0.0206767$ \\
CHd_33 & $-0.0298433$ & $-0.0496206$ & $0.0399344$ & $-0.0246621$ & $0.0147964$ & $-0.0828966$ & $-0.0624203$ & $0.376514$ & $0.370224$ & $-0.209879$ & $-0.435599$ & $-0.119718$ & $0.0501348$ & $0.298321$ & $0.235604$ & $0.236025$ & $0.146292$ & $0.0524673$ & $0.0420152$ & $0.432428$ & $0.435084$ & $0.433361$ & $-0.00712367$ & $0.00523375$ & $0.0604285$ & $-0.295561$ & $0.129054$ & $1$ & $0.0116668$ & $0.0741877$ & $0.0342322$ & $-0.0699656$ & $0.0852181$ & $0.169097$ & $-0.0681179$ & $-0.00303619$ & $-0.0715099$ & $-0.0280245$ & $0.0802521$ & $0.0396443$ & $-0.0229685$ & $0.00815161$ & $-0.0261007$ & $-0.00808123$ & $-0.0514647$ & $-0.0365854$ & $0.0412999$ & $0.0236286$ & $0.0332513$ \\
CeH_22r & $-0.0290567$ & $0.0425739$ & $0.00641018$ & $-0.00697151$ & $0.0434421$ & $-0.0195448$ & $-0.146857$ & $0.0356364$ & $0.0447183$ & $-0.0322999$ & $-0.0439179$ & $-0.028865$ & $0.218579$ & $0.0316683$ & $0.0301759$ & $0.0279649$ & $0.0215273$ & $0.0065747$ & $0.0097716$ & $0.0445102$ & $0.0449772$ & $0.0449881$ & $-0.0158362$ & $0.00620038$ & $0.0192198$ & $-0.0338018$ & $0.0226112$ & $0.0116668$ & $1$ & $0.170392$ & $0.122394$ & $-0.140189$ & $0.194576$ & $0.0131749$ & $-0.0891784$ & $0.0125346$ & $0.0166202$ & $0.0167769$ & $0.0106535$ & $-0.0211287$ & $-0.0188154$ & $-0.00663345$ & $0.0199371$ & $0.0445678$ & $-0.0245834$ & $-0.0388533$ & $0.000917604$ & $-0.0138052$ & $0.0629964$ \\
CeH_33r & $-0.140656$ & $-0.0987037$ & $-0.00466471$ & $-0.105166$ & $0.062824$ & $-0.0433501$ & $-0.643945$ & $0.0526351$ & $0.0826328$ & $-0.250359$ & $-0.140255$ & $-0.136781$ & $0.764073$ & $0.205291$ & $0.11408$ & $0.0874451$ & $0.160868$ & $0.129916$ & $0.142363$ & $0.142796$ & $0.133103$ & $0.13306$ & $-0.00227045$ & $0.117411$ & $0.14686$ & $-0.121901$ & $-0.0274214$ & $0.0741877$ & $0.170392$ & $1$ & $0.517919$ & $-0.522532$ & $0.864355$ & $-0.0558114$ & $-0.157761$ & $-0.0409119$ & $-0.198319$ & $-0.0470964$ & $0.177579$ & $-0.00634793$ & $0.0119656$ & $-0.106752$ & $0.115951$ & $0.0138904$ & $-0.108898$ & $-0.230204$ & $-0.0845744$ & $-0.00216811$ & $0.0434404$ \\
CuH_22r & $-0.0714672$ & $-0.055367$ & $0.0330106$ & $-0.0692895$ & $0.0326233$ & $-0.00970992$ & $-0.407182$ & $0.041211$ & $0.0557629$ & $-0.170066$ & $-0.0972783$ & $-0.109477$ & $0.463211$ & $0.136658$ & $0.088608$ & $0.0738601$ & $0.100198$ & $0.0749215$ & $0.0800859$ & $0.0987763$ & $0.0913729$ & $0.0914531$ & $-0.00464853$ & $0.0750857$ & $0.0795203$ & $-0.0894982$ & $-0.0371935$ & $0.0342322$ & $0.122394$ & $0.517919$ & $1$ & $-0.314733$ & $0.55508$ & $-0.0431714$ & $-0.0857337$ & $-0.00197734$ & $-0.0798088$ & $-0.0104646$ & $0.0976099$ & $-0.00254919$ & $0.0514119$ & $-0.00607778$ & $0.00557043$ & $-0.00640782$ & $-0.0749672$ & $-0.0941963$ & $0.111548$ & $0.0143304$ & $0.00564103$ \\
CuH_33r & $0.13991$ & $0.0567853$ & $0.0699566$ & $0.10755$ & $-0.0219652$ & $0.0330202$ & $0.961066$ & $-0.0329228$ & $-0.029073$ & $0.225378$ & $0.132076$ & $0.23668$ & $-0.715156$ & $-0.216444$ & $-0.0624452$ & $-0.119356$ & $-0.178706$ & $-0.181342$ & $-0.1374$ & $-0.133969$ & $-0.124115$ & $-0.124143$ & $0.000360918$ & $-0.138326$ & $-0.170337$ & $0.110295$ & $0.027673$ & $-0.0699656$ & $-0.140189$ & $-0.522532$ & $-0.314733$ & $1$ & $-0.546927$ & $0.0252887$ & $0.0902328$ & $0.0375438$ & $0.110802$ & $0.0131922$ & $-0.160324$ & $-0.00608975$ & $0.0443077$ & $0.0947811$ & $-0.133742$ & $0.0196397$ & $0.0679793$ & $0.223788$ & $0.0854536$ & $-0.00284258$ & $-0.0709627$ \\
CdH_33r & $-0.203004$ & $-0.100764$ & $0.0324332$ & $-0.184209$ & $0.0547274$ & $-0.0442563$ & $-0.680785$ & $0.0539972$ & $0.0869934$ & $-0.281764$ & $-0.159447$ & $-0.162825$ & $0.795065$ & $0.245016$ & $0.116469$ & $0.108462$ & $0.192564$ & $0.167441$ & $0.165555$ & $0.161644$ & $0.151524$ & $0.149807$ & $-0.0123329$ & $0.145114$ & $0.175248$ & $-0.129642$ & $-0.0400407$ & $0.0852181$ & $0.194576$ & $0.864355$ & $0.55508$ & $-0.546927$ & $1$ & $-0.0567198$ & $-0.160982$ & $-0.0398279$ & $-0.213302$ & $-0.0379544$ & $0.209334$ & $-0.00427328$ & $-0.00725736$ & $-0.12146$ & $0.148534$ & $0.0141858$ & $-0.121733$ & $-0.213299$ & $-0.0956492$ & $0.0625302$ & $0.252328$ \\
CLL_1221 & $0.117911$ & $0.0595222$ & $0.0252988$ & $-0.00299418$ & $0.0151187$ & $-0.0739023$ & $0.0439709$ & $0.559331$ & $0.548433$ & $-0.279087$ & $-0.354633$ & $-0.0255345$ & $-0.0723877$ & $-0.113854$ & $-0.453479$ & $-0.00180057$ & $-0.251304$ & $-0.0654483$ & $-0.355478$ & $0.301809$ & $0.416923$ & $0.415821$ & $0.179108$ & $-0.622532$ & $-0.289571$ & $-0.292482$ & $0.641239$ & $0.169097$ & $0.0131749$ & $-0.0558114$ & $-0.0431714$ & $0.0252887$ & $-0.0567198$ & $1$ & $0.0163566$ & $0.0222332$ & $-0.0641964$ & $-0.0164723$ & $-0.0627614$ & $-0.0206204$ & $0.0482408$ & $0.0261195$ & $-0.0882122$ & $0.0902854$ & $-0.0123572$ & $0.0463216$ & $-0.0088386$ & $-0.0140795$ & $-0.0145697$ \\
eHggint & $0.0319612$ & $0.100893$ & $-0.0145087$ & $0.0546721$ & $-0.0198925$ & $0.0388415$ & $0.0933797$ & $-0.00162698$ & $-0.0139897$ & $0.0140817$ & $0.056976$ & $0.158689$ & $-0.14346$ & $-0.0919446$ & $-0.0298253$ & $-0.0259815$ & $-0.119379$ & $-0.0975234$ & $-0.0976529$ & $-0.0542436$ & $-0.0545651$ & $-0.0528757$ & $-0.0217093$ & $-0.0987733$ & $-0.145184$ & $0.0419312$ & $-0.0748489$ & $-0.0681179$ & $-0.0891784$ & $-0.157761$ & $-0.0857337$ & $0.0902328$ & $-0.160982$ & $0.0163566$ & $1$ & $-0.0654856$ & $0.113156$ & $0.0487773$ & $-0.305538$ & $-0.0691724$ & $0.159927$ & $-0.0144729$ & $0.022838$ & $-0.285579$ & $0.0149223$ & $0.171634$ & $0.0282677$ & $-0.0810318$ & $0.043289$ \\
eHggpar & $0.163228$ & $0.0180803$ & $0.0719427$ & $0.306812$ & $-0.00148225$ & $0.0167209$ & $0.0224725$ & $0.00457948$ & $-0.00331893$ & $0.0315101$ & $0.0233948$ & $0.143529$ & $-0.0399092$ & $-0.0401084$ & $-0.027677$ & $-0.0130101$ & $-0.0601167$ & $-0.0417326$ & $-0.0509102$ & $-0.0252394$ & $-0.0206794$ & $-0.0218449$ & $0.0602149$ & $-0.0349026$ & $-0.0506169$ & $-0.00958627$ & $0.0324184$ & $-0.00303619$ & $0.0125346$ & $-0.0409119$ & $-0.00197734$ & $0.0375438$ & $-0.0398279$ & $0.0222332$ & $-0.0654856$ & $1$ & $0.048069$ & $-0.0997779$ & $-0.033441$ & $-0.0385773$ & $-0.0355169$ & $0.0677831$ & $-0.111353$ & $0.209692$ & $0.0254255$ & $0.2262$ & $0.084319$ & $0.0264416$ & $-0.0527108$ \\
eHWWint & $0.12006$ & $0.118235$ & $-0.130504$ & $0.298629$ & $-0.0439556$ & $-0.0191049$ & $0.137335$ & $-0.06966$ & $-0.0802938$ & $0.0945544$ & $0.112371$ & $0.193748$ & $-0.135911$ & $-0.144159$ & $0.0121281$ & $-0.011009$ & $-0.0798942$ & $-0.112496$ & $-0.0998065$ & $-0.108221$ & $-0.115796$ & $-0.119043$ & $0.00638895$ & $-0.0172918$ & $-0.0644091$ & $0.0910901$ & $-0.00708213$ & $-0.0715099$ & $0.0166202$ & $-0.198319$ & $-0.0798088$ & $0.110802$ & $-0.213302$ & $-0.0641964$ & $0.113156$ & $0.048069$ & $1$ & $0.0595172$ & $-0.491591$ & $-0.0416708$ & $-0.125968$ & $0.0755458$ & $-0.0104335$ & $0.0704545$ & $0.20855$ & $0.390263$ & $0.11876$ & $-0.182962$ & $0.00768984$ \\
eHWWpar & $-0.0298765$ & $0.0117879$ & $0.0158812$ & $0.017898$ & $-0.0140343$ & $0.0242178$ & $0.0218027$ & $-0.00284475$ & $0.00284975$ & $0.0158573$ & $-0.000438804$ & $0.0164606$ & $-0.00974879$ & $0.0138786$ & $0.00871844$ & $0.00269948$ & $-0.00230088$ & $0.00155829$ & $0.00391288$ & $0.0022061$ & $-0.000561702$ & $-9.06366e-05$ & $-0.0188258$ & $0.0233271$ & $-0.0137554$ & $0.00674484$ & $-0.0298847$ & $-0.0280245$ & $0.0167769$ & $-0.0470964$ & $-0.0104646$ & $0.0131922$ & $-0.0379544$ & $-0.0164723$ & $0.0487773$ & $-0.0997779$ & $0.0595172$ & $1$ & $-0.070069$ & $0.034484$ & $-0.0190042$ & $-0.00417016$ & $0.0801086$ & $-0.050629$ & $-0.0196374$ & $0.0499458$ & $-0.0404797$ & $0.0317821$ & $-0.0646938$ \\
eHZZint & $-0.306746$ & $-0.14457$ & $0.217267$ & $-0.133485$ & $0.0326268$ & $-0.0237462$ & $-0.171159$ & $-0.044364$ & $-0.0359307$ & $-0.0392563$ & $-0.0413635$ & $-0.163093$ & $0.158384$ & $0.135903$ & $0.0285911$ & $0.0748628$ & $0.168264$ & $0.163681$ & $0.132798$ & $0.0468519$ & $0.0345434$ & $0.0336446$ & $-0.0636529$ & $0.162764$ & $0.141161$ & $0.00201993$ & $-0.10491$ & $0.0802521$ & $0.0106535$ & $0.177579$ & $0.0976099$ & $-0.160324$ & $0.209334$ & $-0.0627614$ & $-0.305538$ & $-0.033441$ & $-0.491591$ & $-0.070069$ & $1$ & $-0.00725285$ & $-0.136471$ & $-0.0618623$ & $0.0587219$ & $-0.0291019$ & $-0.0669193$ & $-0.21609$ & $0.096783$ & $0.17592$ & $0.149253$ \\
eHZZpar & $-0.0500043$ & $0.0640825$ & $0.0639488$ & $0.0193137$ & $0.0278397$ & $-0.0225222$ & $-0.00443342$ & $-0.0232317$ & $-0.0256997$ & $-0.00533756$ & $0.00615941$ & $-0.0229101$ & $-0.00273223$ & $0.0123193$ & $0.00476228$ & $-0.023984$ & $0.036359$ & $0.0268037$ & $0.0436476$ & $-0.00416119$ & $-0.00483591$ & $-0.00262361$ & $0.005379$ & $0.0400654$ & $0.0399347$ & $0.00556545$ & $0.00235916$ & $0.0396443$ & $-0.0211287$ & $-0.00634793$ & $-0.00254919$ & $-0.00608975$ & $-0.00427328$ & $-0.0206204$ & $-0.0691724$ & $-0.0385773$ & $-0.0416708$ & $0.034484$ & $-0.00725285$ & $1$ & $0.0303714$ & $0.00585693$ & $-0.0469774$ & $-0.0241555$ & $0.0229654$ & $-0.0266152$ & $-0.0156619$ & $-0.00235623$ & $0.00188435$ \\
eHZgaint & $0.129787$ & $0.00453748$ & $-0.022438$ & $0.0891562$ & $0.0595127$ & $-0.00815621$ & $0.0394246$ & $0.034261$ & $0.030764$ & $-0.040541$ & $-0.021628$ & $-0.0107241$ & $-0.0133687$ & $-0.00296541$ & $-0.0195094$ & $0.0168727$ & $-0.0250634$ & $-0.00763543$ & $-0.0338615$ & $0.0207623$ & $0.0237541$ & $0.0173955$ & $-0.0301576$ & $-0.0313168$ & $-0.0322152$ & $-0.0105333$ & $0.0205798$ & $-0.0229685$ & $-0.0188154$ & $0.0119656$ & $0.0514119$ & $0.0443077$ & $-0.00725736$ & $0.0482408$ & $0.159927$ & $-0.0355169$ & $-0.125968$ & $-0.0190042$ & $-0.136471$ & $0.0303714$ & $1$ & $-0.000738937$ & $-0.126643$ & $0.0691685$ & $-0.246122$ & $0.004587$ & $0.0294234$ & $-0.0807112$ & $-0.0804915$ \\
eHZgapar & $0.146166$ & $0.0130621$ & $0.0210077$ & $0.0993408$ & $-0.0224325$ & $0.0050335$ & $0.103665$ & $0.0408434$ & $0.0399477$ & $0.0284281$ & $-0.0136271$ & $0.105622$ & $-0.131521$ & $-0.0346862$ & $0.0148983$ & $0.00678042$ & $-0.0486726$ & $-0.0604466$ & $-0.0533337$ & $0.0136212$ & $0.0144914$ & $0.0111663$ & $0.0393066$ & $-0.0474602$ & $-0.0657908$ & $-0.0533428$ & $0.0148177$ & $0.00815161$ & $-0.00663345$ & $-0.106752$ & $-0.00607778$ & $0.0947811$ & $-0.12146$ & $0.0261195$ & $-0.0144729$ & $0.0677831$ & $0.0755458$ & $-0.00417016$ & $-0.0618623$ & $0.00585693$ & $-0.000738937$ & $1$ & $-0.0279925$ & $0.0421043$ & $0.0971609$ & $0.13392$ & $0.053735$ & $-0.00827087$ & $-0.069257$ \\
eHgagaint & $-0.244609$ & $-0.053311$ & $-0.203078$ & $-0.0495649$ & $0.0469688$ & $-0.00340089$ & $-0.136902$ & $-0.0505158$ & $-0.0168481$ & $0.0011603$ & $0.00532545$ & $-0.0776955$ & $0.151705$ & $0.0533258$ & $0.0483142$ & $0.0388252$ & $0.0817158$ & $0.0604538$ & $0.0618257$ & $-0.00197177$ & $-0.0142862$ & $-0.0113364$ & $-0.0219078$ & $0.107717$ & $0.0766489$ & $0.0281986$ & $-0.0696841$ & $-0.0261007$ & $0.0199371$ & $0.115951$ & $0.00557043$ & $-0.133742$ & $0.148534$ & $-0.0882122$ & $0.022838$ & $-0.111353$ & $-0.0104335$ & $0.0801086$ & $0.0587219$ & $-0.0469774$ & $-0.126643$ & $-0.0279925$ & $1$ & $-0.10417$ & $0.259717$ & $-0.161198$ & $-0.245478$ & $-0.21044$ & $0.220999$ \\
eHmumuint & $0.193583$ & $0.0773734$ & $-0.0102549$ & $0.195891$ & $-0.00686131$ & $-0.00294557$ & $0.0191157$ & $0.069999$ & $0.0708731$ & $-0.00456761$ & $-0.0617446$ & $0.0549994$ & $0.00332447$ & $0.0126474$ & $-0.0138244$ & $0.0115826$ & $-0.00241001$ & $-0.00112367$ & $-0.0189079$ & $0.0561871$ & $0.0670927$ & $0.0639204$ & $0.0232722$ & $-0.0289557$ & $0.0140243$ & $-0.0344039$ & $0.144187$ & $-0.00808123$ & $0.0445678$ & $0.0138904$ & $-0.00640782$ & $0.0196397$ & $0.0141858$ & $0.0902854$ & $-0.285579$ & $0.209692$ & $0.0704545$ & $-0.050629$ & $-0.0291019$ & $-0.0241555$ & $0.0691685$ & $0.0421043$ & $-0.10417$ & $1$ & $-0.0380063$ & $0.0382214$ & $-0.124164$ & $-0.103128$ & $-0.00292473$ \\
eHtautauint & $0.115647$ & $0.135699$ & $0.109617$ & $0.00904947$ & $-0.0195714$ & $0.0250477$ & $0.0812742$ & $-0.0431049$ & $-0.0379836$ & $0.0717383$ & $0.0726945$ & $0.181757$ & $-0.131569$ & $-0.103994$ & $-0.0152955$ & $0.0241698$ & $-0.0502277$ & $-0.0620144$ & $-0.0845658$ & $-0.0675586$ & $-0.0739886$ & $-0.0725335$ & $0.0346785$ & $-0.0291065$ & $-0.0786513$ & $0.00825455$ & $-0.0641697$ & $-0.0514647$ & $-0.0245834$ & $-0.108898$ & $-0.0749672$ & $0.0679793$ & $-0.121733$ & $-0.0123572$ & $0.0149223$ & $0.0254255$ & $0.20855$ & $-0.0196374$ & $-0.0669193$ & $0.0229654$ & $-0.246122$ & $0.0971609$ & $0.259717$ & $-0.0380063$ & $1$ & $0.0939594$ & $-0.02825$ & $-0.116138$ & $0.0471552$ \\
eHccint & $0.202025$ & $0.284726$ & $-0.16941$ & $0.44338$ & $-0.0259493$ & $0.00729029$ & $0.226909$ & $-0.00890276$ & $-0.0220353$ & $0.0440317$ & $0.0558717$ & $0.184205$ & $-0.269452$ & $-0.10685$ & $-0.0488781$ & $-0.0707423$ & $-0.0862881$ & $-0.0823442$ & $-0.0681618$ & $-0.0572119$ & $-0.0474716$ & $-0.0550932$ & $0.0386481$ & $-0.0581526$ & $-0.0647104$ & $0.0335998$ & $0.0926744$ & $-0.0365854$ & $-0.0388533$ & $-0.230204$ & $-0.0941963$ & $0.223788$ & $-0.213299$ & $0.0463216$ & $0.171634$ & $0.2262$ & $0.390263$ & $0.0499458$ & $-0.21609$ & $-0.0266152$ & $0.004587$ & $0.13392$ & $-0.161198$ & $0.0382214$ & $0.0939594$ & $1$ & $0.0672229$ & $-0.204438$ & $0.0736957$ \\
eHccpar & $0.0892039$ & $0.0361704$ & $0.163363$ & $-0.128433$ & $-0.00672413$ & $-0.0177444$ & $0.0905714$ & $0.032326$ & $0.0219381$ & $-0.00852095$ & $-0.052303$ & $0.0123742$ & $-0.0677077$ & $0.0483995$ & $0.054296$ & $0.0282372$ & $0.0440321$ & $0.0152024$ & $0.0294879$ & $0.0536728$ & $0.050318$ & $0.0485026$ & $0.00791016$ & $0.0163442$ & $0.0197037$ & $-0.0441364$ & $-0.00247803$ & $0.0412999$ & $0.000917604$ & $-0.0845744$ & $0.111548$ & $0.0854536$ & $-0.0956492$ & $-0.0088386$ & $0.0282677$ & $0.084319$ & $0.11876$ & $-0.0404797$ & $0.096783$ & $-0.0156619$ & $0.0294234$ & $0.053735$ & $-0.245478$ & $-0.124164$ & $-0.02825$ & $0.0672229$ & $1$ & $-0.06111$ & $-0.0559023$ \\
eHbbint & $0.102282$ & $-0.0298886$ & $0.254057$ & $-0.249229$ & $-0.0317569$ & $0.0622$ & $0.00167471$ & $0.0292311$ & $0.0244979$ & $-0.0168631$ & $-0.0335475$ & $-0.0486869$ & $-0.012244$ & $0.0505871$ & $0.0296359$ & $0.0293554$ & $-0.00943002$ & $-0.000436769$ & $-0.000322672$ & $0.0334374$ & $0.0303492$ & $0.031637$ & $-0.0243595$ & $-0.0152464$ & $-0.0157926$ & $-0.0342918$ & $-0.0345057$ & $0.0236286$ & $-0.0138052$ & $-0.00216811$ & $0.0143304$ & $-0.00284258$ & $0.0625302$ & $-0.0140795$ & $-0.0810318$ & $0.0264416$ & $-0.182962$ & $0.0317821$ & $0.17592$ & $-0.00235623$ & $-0.0807112$ & $-0.00827087$ & $-0.21044$ & $-0.103128$ & $-0.116138$ & $-0.204438$ & $-0.06111$ & $1$ & $0.0486626$ \\
eHbbpar & $-0.227874$ & $-0.0903533$ & $0.0480077$ & $-0.328397$ & $0.0327236$ & $-0.00585003$ & $-0.0716608$ & $0.0169591$ & $0.0261102$ & $-0.0066413$ & $-0.0585307$ & $-0.0432022$ & $0.049255$ & $0.102947$ & $0.0262379$ & $0.0448935$ & $0.0719199$ & $0.0804419$ & $0.0638295$ & $0.0584807$ & $0.0558837$ & $0.0527556$ & $-0.0329315$ & $0.0666287$ & $0.0722848$ & $-0.00917049$ & $-0.0206767$ & $0.0332513$ & $0.0629964$ & $0.0434404$ & $0.00564103$ & $-0.0709627$ & $0.252328$ & $-0.0145697$ & $0.043289$ & $-0.0527108$ & $0.00768984$ & $-0.0646938$ & $0.149253$ & $0.00188435$ & $-0.0804915$ & $-0.069257$ & $0.220999$ & $-0.00292473$ & $0.0471552$ & $0.0736957$ & $-0.0559023$ & $0.0486626$ & $1$ \\
