 & AlsMz & dAle5Mz & mtop & mHl & Mz & CW & CHG & CHWB & CHWHB_gaga & CHWHB_gagaorth & CHD & CHbox & CH & CHL1_11 & CHL1_22 & CHL1_33 & CHL3_11 & CHL3_22 & CHL3_33 & CHe_11 & CHe_22 & CHe_33 & CHQ1_11 & CHQ1_33 & CHQ3_11 & CHu_11 & CHd_11 & CHd_33 & CeH_22r & CeH_33r & CuH_22r & CuH_33r & CdH_33r & CLL_1221 & eHggint & eHggpar & eHWWint & eHWWpar & eHZZint & eHZZpar & eHZgaint & eHZgapar & eHgagaint & eHmumuint & eHtautauint & eHccint & eHccpar & eHbbint & eHbbpar \\
AlsMz & $1$ & $0.076769$ & $-0.00960471$ & $-0.0199582$ & $0.00789258$ & $0.0181198$ & $0.0220104$ & $-0.00776139$ & $-0.00693161$ & $0.000510613$ & $0.0199647$ & $-0.0237487$ & $0.0428126$ & $-0.0532194$ & $-0.0315653$ & $-0.0189327$ & $-0.0451205$ & $-0.0246486$ & $-0.0394435$ & $-0.0297245$ & $-0.0274116$ & $-0.0299416$ & $-0.0159346$ & $-0.101521$ & $-0.155193$ & $-0.000581538$ & $-0.0144727$ & $-0.00452181$ & $-0.0430701$ & $0.02845$ & $0.0102987$ & $0.0314377$ & $0.0179914$ & $0.0216855$ & $0.0332882$ & $0.0328836$ & $0.0186565$ & $-0.0118121$ & $-0.010471$ & $-0.00756125$ & $0.00862043$ & $0.0039977$ & $0.0139766$ & $0.0200305$ & $0.00137617$ & $-0.00277918$ & $-0.0156741$ & $-0.0104952$ & $0.0253188$ \\
dAle5Mz & $0.076769$ & $1$ & $0.0644273$ & $-0.0865526$ & $0.0165405$ & $-0.0317772$ & $-0.020707$ & $-0.0738375$ & $-0.0722845$ & $0.00322306$ & $0.0539177$ & $-0.0164086$ & $0.0175808$ & $-0.0305928$ & $0.011415$ & $0.00790612$ & $0.0223574$ & $-0.0047883$ & $-0.00788956$ & $-0.0260991$ & $-0.0284916$ & $-0.0287315$ & $-0.0694893$ & $0.00630093$ & $-0.0246759$ & $0.0748555$ & $-0.0453852$ & $-0.0520228$ & $-0.0188983$ & $0.0192115$ & $-0.0558074$ & $-0.0211476$ & $0.00219102$ & $0.00656523$ & $-0.0534615$ & $-0.0745784$ & $0.00556158$ & $0.025699$ & $-0.000184771$ & $0.0120273$ & $0.00575849$ & $0.0137744$ & $-0.00690094$ & $-0.0397731$ & $-0.0401489$ & $-0.00745359$ & $0.0187149$ & $-0.0322295$ & $0.00616784$ \\
mtop & $-0.00960471$ & $0.0644273$ & $1$ & $0.0161098$ & $-0.01186$ & $-0.0393737$ & $-0.0412544$ & $-0.0542844$ & $-0.0593933$ & $0.0391041$ & $0.0533188$ & $0.00471212$ & $0.0198967$ & $0.0045711$ & $0.0298552$ & $-0.0253746$ & $0.00687584$ & $-0.00624039$ & $0.0299981$ & $-0.0390058$ & $-0.0485766$ & $-0.0575453$ & $-0.0604443$ & $0.0558875$ & $-0.00742712$ & $0.0670683$ & $-0.0586934$ & $-0.0411404$ & $0.0171634$ & $0.0468711$ & $-0.010948$ & $-0.0305991$ & $0.0320048$ & $-0.0692389$ & $0.0425991$ & $0.00426084$ & $-0.0462995$ & $-0.0170114$ & $0.000158433$ & $0.0160077$ & $0.0341563$ & $-0.0119583$ & $-0.00337226$ & $-0.048548$ & $0.021315$ & $-0.00925721$ & $-0.0665751$ & $-0.017218$ & $0.0154378$ \\
mHl & $-0.0199582$ & $-0.0865526$ & $0.0161098$ & $1$ & $-0.000478165$ & $0.0117074$ & $0.0108215$ & $0.0717907$ & $0.0594437$ & $-0.0266563$ & $-0.0565122$ & $-0.0178465$ & $0.00429246$ & $0.0234715$ & $-0.0221525$ & $-0.00564767$ & $-0.0418836$ & $-0.0138634$ & $-0.0322355$ & $0.0452412$ & $0.0576597$ & $0.0509039$ & $-0.0201349$ & $-0.0637$ & $-0.0207843$ & $-0.00177552$ & $0.0529689$ & $-0.00495091$ & $-0.0614331$ & $-0.0379393$ & $-0.00177687$ & $0.0100755$ & $-0.0339957$ & $0.0600997$ & $0.00702508$ & $-0.0116078$ & $0.00229354$ & $0.0428077$ & $0.00234022$ & $-0.0127309$ & $-0.0106646$ & $-0.0133942$ & $-0.0269807$ & $0.0491327$ & $0.0413165$ & $0.0312439$ & $0.027733$ & $-0.0151842$ & $-0.0190054$ \\
Mz & $0.00789258$ & $0.0165405$ & $-0.01186$ & $-0.000478165$ & $1$ & $-0.00893049$ & $0.0270497$ & $-0.0507814$ & $-0.0474757$ & $0.0223218$ & $0.0664227$ & $0.0645863$ & $-0.0496251$ & $-0.0380506$ & $-0.0260667$ & $-0.00695838$ & $0.00365017$ & $0.00801705$ & $-0.00446141$ & $-0.0596123$ & $-0.0539078$ & $-0.0432172$ & $0.0300896$ & $0.0328963$ & $-0.00334217$ & $-0.01968$ & $-0.0262463$ & $0.0132439$ & $0.017703$ & $0.0210314$ & $0.0169152$ & $0.0403285$ & $0.00326793$ & $-0.00998155$ & $-0.0219429$ & $-0.0217591$ & $-0.0473585$ & $-0.0034338$ & $-0.00195722$ & $0.0022268$ & $0.0416727$ & $-0.0194326$ & $0.00155552$ & $0.0273668$ & $0.0218941$ & $0.023689$ & $0.00630426$ & $-0.033371$ & $-0.0635037$ \\
CW & $0.0181198$ & $-0.0317772$ & $-0.0393737$ & $0.0117074$ & $-0.00893049$ & $1$ & $-0.0243632$ & $-0.1319$ & $-0.119955$ & $0.050898$ & $0.186255$ & $0.0643853$ & $-0.0140419$ & $0.0426172$ & $-0.0918996$ & $-0.0589623$ & $-0.262636$ & $-0.024952$ & $-0.0428492$ & $-0.180355$ & $-0.191948$ & $-0.184382$ & $-0.00848317$ & $0.0284038$ & $-0.0723127$ & $0.080974$ & $-0.0843333$ & $-0.0218207$ & $-0.045141$ & $0.0131027$ & $0.0234658$ & $-0.0112781$ & $-0.00684102$ & $-0.123693$ & $-0.0211648$ & $-0.0621467$ & $0.0142055$ & $0.0113183$ & $0.000339071$ & $-0.00574286$ & $0.0542493$ & $-0.0183287$ & $0.03616$ & $-0.021346$ & $-0.0475071$ & $0.0135276$ & $0.0419495$ & $0.0215834$ & $-0.0238206$ \\
CHG & $0.0220104$ & $-0.020707$ & $-0.0412544$ & $0.0108215$ & $0.0270497$ & $-0.0243632$ & $1$ & $-0.0876214$ & $-0.0369158$ & $0.0800721$ & $0.0520052$ & $0.24825$ & $-0.304844$ & $0.0421401$ & $-0.0385686$ & $-0.0413636$ & $0.0873266$ & $0.0942648$ & $0.0970319$ & $-0.0578092$ & $-0.0533157$ & $-0.052968$ & $0.0265953$ & $0.0947886$ & $0.0908256$ & $0.0133308$ & $-0.00706259$ & $-0.0216469$ & $0.0114387$ & $-0.145528$ & $-0.073169$ & $0.930462$ & $-0.162069$ & $-0.0337057$ & $-0.045464$ & $0.0271233$ & $0.025797$ & $-0.0147804$ & $0.0351279$ & $-0.0183332$ & $-0.0214977$ & $0.00803136$ & $-0.0206186$ & $-0.00731477$ & $-0.0131794$ & $0.0225836$ & $0.0283357$ & $0.00721192$ & $-0.00900863$ \\
CHWB & $-0.00776139$ & $-0.0738375$ & $-0.0542844$ & $0.0717907$ & $-0.0507814$ & $-0.1319$ & $-0.0876214$ & $1$ & $0.981851$ & $-0.559818$ & $-0.887353$ & $-0.437854$ & $0.357442$ & $0.102056$ & $0.291752$ & $0.295596$ & $-0.25884$ & $-0.436623$ & $-0.446956$ & $0.857961$ & $0.901956$ & $0.877436$ & $0.105387$ & $-0.679714$ & $-0.395333$ & $-0.504331$ & $0.442637$ & $0.288904$ & $0.00802707$ & $0.108844$ & $0.0537798$ & $-0.0865985$ & $0.119037$ & $0.562986$ & $-0.0492999$ & $0.00386457$ & $0.00290787$ & $0.0316355$ & $-0.0265469$ & $0.0335102$ & $-0.0249545$ & $0.0342297$ & $0.0211901$ & $-0.0136236$ & $-0.00386089$ & $-0.00984448$ & $0.0379887$ & $-0.00388762$ & $0.000884094$ \\
CHWHB_gaga & $-0.00693161$ & $-0.0722845$ & $-0.0593933$ & $0.0594437$ & $-0.0474757$ & $-0.119955$ & $-0.0369158$ & $0.981851$ & $1$ & $-0.549916$ & $-0.867881$ & $-0.415926$ & $0.348901$ & $0.0949625$ & $0.290651$ & $0.296715$ & $-0.262369$ & $-0.436922$ & $-0.448881$ & $0.840044$ & $0.881649$ & $0.857891$ & $0.105272$ & $-0.664919$ & $-0.397165$ & $-0.498817$ & $0.428624$ & $0.290258$ & $0.0201292$ & $0.129506$ & $0.0658999$ & $-0.0446614$ & $0.142862$ & $0.548986$ & $-0.0699885$ & $0.00277514$ & $-0.00113197$ & $0.03134$ & $-0.0343308$ & $0.0354636$ & $-0.036834$ & $0.0355481$ & $0.0971647$ & $-0.0118591$ & $-0.00843487$ & $-0.00158534$ & $0.0440055$ & $-0.00975146$ & $0.00798306$ \\
CHWHB_gagaorth & $0.000510613$ & $0.00322306$ & $0.0391041$ & $-0.0266563$ & $0.0223218$ & $0.050898$ & $0.0800721$ & $-0.559818$ & $-0.549916$ & $1$ & $0.357652$ & $0.568127$ & $-0.240311$ & $0.214821$ & $-0.135563$ & $-0.12347$ & $0.441112$ & $0.484844$ & $0.483662$ & $-0.345334$ & $-0.37118$ & $-0.361569$ & $-0.0494406$ & $0.55039$ & $0.463248$ & $0.190503$ & $-0.23314$ & $-0.0907044$ & $-0.0149672$ & $-0.168025$ & $-0.07001$ & $0.102244$ & $-0.15676$ & $-0.326968$ & $0.114265$ & $0.00674641$ & $0.00843943$ & $-0.031801$ & $-0.00626516$ & $0.0050164$ & $-0.0138725$ & $0.00789811$ & $-0.0388913$ & $-0.0175126$ & $-0.00632407$ & $-0.0087933$ & $-0.0511491$ & $0.0155398$ & $0.0134183$ \\
CHD & $0.0199647$ & $0.0539177$ & $0.0533188$ & $-0.0565122$ & $0.0664227$ & $0.186255$ & $0.0520052$ & $-0.887353$ & $-0.867881$ & $0.357652$ & $1$ & $0.324705$ & $-0.19658$ & $-0.498659$ & $-0.401502$ & $-0.408283$ & $-0.177782$ & $0.0897744$ & $0.0993198$ & $-0.990035$ & $-0.991014$ & $-0.967711$ & $-0.0709248$ & $0.339542$ & $0.0316596$ & $0.562814$ & $-0.331819$ & $-0.326619$ & $0.00552205$ & $-0.0668746$ & $-0.0400989$ & $0.0593027$ & $-0.0771572$ & $-0.387457$ & $0.0480368$ & $-0.00918656$ & $-0.00787172$ & $-0.0110124$ & $0.00466482$ & $-0.0340281$ & $0.0322734$ & $-0.0471726$ & $-0.00777002$ & $0.0187943$ & $0.00573024$ & $0.0134919$ & $-0.0303469$ & $0.0117126$ & $-0.0148936$ \\
CHbox & $-0.0237487$ & $-0.0164086$ & $0.00471212$ & $-0.0178465$ & $0.0645863$ & $0.0643853$ & $0.24825$ & $-0.437854$ & $-0.415926$ & $0.568127$ & $0.324705$ & $1$ & $-0.796365$ & $0.0829852$ & $-0.0583022$ & $-0.0584566$ & $0.235808$ & $0.267256$ & $0.274717$ & $-0.30584$ & $-0.340851$ & $-0.325899$ & $-0.0727483$ & $0.386767$ & $0.254524$ & $0.186654$ & $-0.2491$ & $-0.107147$ & $0.00891873$ & $-0.113259$ & $-0.031996$ & $0.265514$ & $-0.13251$ & $-0.305022$ & $0.0751914$ & $0.00237151$ & $-0.0234324$ & $-0.0351637$ & $0.0201023$ & $-0.0319777$ & $0.0186374$ & $0.0112983$ & $-0.010424$ & $0.00507365$ & $0.00596414$ & $0.034819$ & $-0.0237518$ & $-0.00602917$ & $-0.000979882$ \\
CH & $0.0428126$ & $0.0175808$ & $0.0198967$ & $0.00429246$ & $-0.0496251$ & $-0.0140419$ & $-0.304844$ & $0.357442$ & $0.348901$ & $-0.240311$ & $-0.19658$ & $-0.796365$ & $1$ & $-0.21616$ & $0.0488312$ & $0.0685543$ & $-0.335977$ & $-0.34303$ & $-0.36421$ & $0.189381$ & $0.209087$ & $0.195979$ & $0.0553564$ & $-0.388245$ & $-0.348234$ & $-0.12658$ & $0.160938$ & $0.0756782$ & $0.0145269$ & $0.265672$ & $0.0649373$ & $-0.256382$ & $0.310005$ & $0.245337$ & $0.0193526$ & $0.0229708$ & $0.0197965$ & $0.0293748$ & $-0.0412006$ & $0.0335351$ & $-0.0336824$ & $-0.0116589$ & $-0.000514633$ & $-0.0105951$ & $-0.0163136$ & $-0.0376453$ & $0.00871121$ & $0.0174505$ & $0.0075331$ \\
CHL1_11 & $-0.0532194$ & $-0.0305928$ & $0.0045711$ & $0.0234715$ & $-0.0380506$ & $0.0426172$ & $0.0421401$ & $0.102056$ & $0.0949625$ & $0.214821$ & $-0.498659$ & $0.0829852$ & $-0.21616$ & $1$ & $0.248267$ & $0.262878$ & $0.624686$ & $0.577036$ & $0.570041$ & $0.520229$ & $0.459915$ & $0.454569$ & $-0.0321516$ & $0.451306$ & $0.586829$ & $-0.275543$ & $-0.0640833$ & $0.165428$ & $-0.0383079$ & $-0.0457886$ & $0.00377627$ & $0.0281928$ & $-0.0512788$ & $-0.1935$ & $-0.00301739$ & $0.00667516$ & $0.015715$ & $-0.0161431$ & $0.052236$ & $0.0223379$ & $0.00457731$ & $0.0177918$ & $-0.0199651$ & $-0.00451559$ & $-0.0148748$ & $-0.031482$ & $0.000531738$ & $-0.0231297$ & $0.0193649$ \\
CHL1_22 & $-0.0315653$ & $0.011415$ & $0.0298552$ & $-0.0221525$ & $-0.0260667$ & $-0.0918996$ & $-0.0385686$ & $0.291752$ & $0.290651$ & $-0.135563$ & $-0.401502$ & $-0.0583022$ & $0.0488312$ & $0.248267$ & $1$ & $0.420678$ & $0.128205$ & $-0.485063$ & $-0.0461482$ & $0.468397$ & $0.318249$ & $0.312559$ & $-0.13659$ & $0.0842406$ & $-0.163677$ & $-0.207087$ & $-0.39415$ & $0.0990519$ & $0.021071$ & $0.0280186$ & $0.0349093$ & $-0.0420684$ & $0.0206006$ & $-0.595007$ & $-0.0366985$ & $0.0303368$ & $-0.0182345$ & $-0.0270411$ & $0.0503258$ & $0.00228111$ & $-0.00484997$ & $0.0432531$ & $0.0436587$ & $-0.0458562$ & $-0.0661749$ & $0.00181779$ & $0.0300126$ & $-0.0143934$ & $-0.00910566$ \\
CHL1_33 & $-0.0189327$ & $0.00790612$ & $-0.0253746$ & $-0.00564767$ & $-0.00695838$ & $-0.0589623$ & $-0.0413636$ & $0.295596$ & $0.296715$ & $-0.12347$ & $-0.408283$ & $-0.0584566$ & $0.0685543$ & $0.262878$ & $0.420678$ & $1$ & $0.128793$ & $-0.0337856$ & $-0.455836$ & $0.47518$ & $0.330052$ & $0.347082$ & $-0.122489$ & $0.0878449$ & $-0.131894$ & $-0.198732$ & $-0.34943$ & $0.0785515$ & $0.0278132$ & $0.0756218$ & $0.05608$ & $-0.0251546$ & $0.0522527$ & $-0.0824842$ & $-0.00193638$ & $0.0606406$ & $-0.00447913$ & $-0.0396704$ & $0.0733266$ & $-0.00282908$ & $-0.00908281$ & $0.00175726$ & $0.0259839$ & $0.00471182$ & $-0.0254244$ & $-0.0162989$ & $0.00720283$ & $0.0181967$ & $0.00304105$ \\
CHL3_11 & $-0.0451205$ & $0.0223574$ & $0.00687584$ & $-0.0418836$ & $0.00365017$ & $-0.262636$ & $0.0873266$ & $-0.25884$ & $-0.262369$ & $0.441112$ & $-0.177782$ & $0.235808$ & $-0.335977$ & $0.624686$ & $0.128205$ & $0.128793$ & $1$ & $0.72771$ & $0.734506$ & $0.20023$ & $0.150758$ & $0.15272$ & $-0.031251$ & $0.660479$ & $0.779414$ & $-0.0988418$ & $-0.127824$ & $0.0690871$ & $-0.0112773$ & $-0.0960076$ & $-0.0399948$ & $0.0671285$ & $-0.0858899$ & $-0.227693$ & $-0.00799721$ & $-2.72144e-05$ & $0.00303331$ & $-0.0541605$ & $0.0273622$ & $-0.000735053$ & $-0.0286406$ & $0.0296308$ & $-0.0312809$ & $-0.0128335$ & $0.025897$ & $0.0181081$ & $-0.0110731$ & $-0.0105345$ & $0.0302319$ \\
CHL3_22 & $-0.0246486$ & $-0.0047883$ & $-0.00624039$ & $-0.0138634$ & $0.00801705$ & $-0.024952$ & $0.0942648$ & $-0.436623$ & $-0.436922$ & $0.484844$ & $0.0897744$ & $0.267256$ & $-0.34303$ & $0.577036$ & $-0.485063$ & $-0.0337856$ & $0.72771$ & $1$ & $0.661777$ & $-0.0924255$ & $-0.0800298$ & $-0.0707752$ & $0.0216572$ & $0.6081$ & $0.795955$ & $0.0453773$ & $0.0277838$ & $-0.00462815$ & $-0.0364731$ & $-0.0961119$ & $-0.0445914$ & $0.0837962$ & $-0.0897889$ & $0.0636582$ & $0.0321197$ & $-0.00686584$ & $0.0165875$ & $-0.0249359$ & $0.014654$ & $-0.0024556$ & $-0.00620993$ & $-0.0115926$ & $-0.0512219$ & $0.0242956$ & $0.0425087$ & $-0.00890906$ & $-0.0373029$ & $-0.00374048$ & $0.0340794$ \\
CHL3_33 & $-0.0394435$ & $-0.00788956$ & $0.0299981$ & $-0.0322355$ & $-0.00446141$ & $-0.0428492$ & $0.0970319$ & $-0.446956$ & $-0.448881$ & $0.483662$ & $0.0993198$ & $0.274717$ & $-0.36421$ & $0.570041$ & $-0.0461482$ & $-0.455836$ & $0.734506$ & $0.661777$ & $1$ & $-0.101742$ & $-0.0921277$ & $-0.0753319$ & $0.0165443$ & $0.614949$ & $0.784743$ & $0.0406525$ & $-0.00136313$ & $0.00896669$ & $-0.0370626$ & $-0.134323$ & $-0.0518697$ & $0.0717818$ & $-0.115544$ & $-0.333735$ & $-0.00193305$ & $-0.0412036$ & $0.00935585$ & $-0.0120591$ & $0.00415547$ & $0.00451676$ & $0.000439738$ & $0.01561$ & $-0.044044$ & $-0.0190581$ & $0.00387644$ & $0.012538$ & $-0.0177485$ & $-0.0271502$ & $0.0218451$ \\
CHe_11 & $-0.0297245$ & $-0.0260991$ & $-0.0390058$ & $0.0452412$ & $-0.0596123$ & $-0.180355$ & $-0.0578092$ & $0.857961$ & $0.840044$ & $-0.345334$ & $-0.990035$ & $-0.30584$ & $0.189381$ & $0.520229$ & $0.468397$ & $0.47518$ & $0.20023$ & $-0.0924255$ & $-0.101742$ & $1$ & $0.972546$ & $0.950661$ & $0.0454742$ & $-0.28473$ & $-0.0262741$ & $-0.554152$ & $0.253917$ & $0.31666$ & $-0.00517452$ & $0.0718916$ & $0.0434995$ & $-0.062287$ & $0.0794508$ & $0.307347$ & $-0.0453291$ & $0.0116048$ & $0.00588596$ & $0.0104626$ & $0.00483562$ & $0.0306047$ & $-0.0289541$ & $0.0439008$ & $0.0106508$ & $-0.0236348$ & $-0.0148868$ & $-0.0155489$ & $0.0275927$ & $-0.0147851$ & $0.0167024$ \\
CHe_22 & $-0.0274116$ & $-0.0284916$ & $-0.0485766$ & $0.0576597$ & $-0.0539078$ & $-0.191948$ & $-0.0533157$ & $0.901956$ & $0.881649$ & $-0.37118$ & $-0.991014$ & $-0.340851$ & $0.209087$ & $0.459915$ & $0.318249$ & $0.330052$ & $0.150758$ & $-0.0800298$ & $-0.0921277$ & $0.972546$ & $1$ & $0.97238$ & $0.0938158$ & $-0.390475$ & $-0.0333898$ & $-0.560219$ & $0.409705$ & $0.326102$ & $-0.00508569$ & $0.0673697$ & $0.0371755$ & $-0.0604973$ & $0.0800491$ & $0.472339$ & $-0.0502259$ & $-0.00244848$ & $0.0089538$ & $0.0171691$ & $-0.0135315$ & $0.0382182$ & $-0.0301649$ & $0.0441908$ & $0.00424244$ & $-0.01903$ & $-0.00253844$ & $-0.0124034$ & $0.0312142$ & $-0.0118649$ & $0.0133926$ \\
CHe_33 & $-0.0299416$ & $-0.0287315$ & $-0.0575453$ & $0.0509039$ & $-0.0432172$ & $-0.184382$ & $-0.052968$ & $0.877436$ & $0.857891$ & $-0.361569$ & $-0.967711$ & $-0.325899$ & $0.195979$ & $0.454569$ & $0.312559$ & $0.347082$ & $0.15272$ & $-0.0707752$ & $-0.0753319$ & $0.950661$ & $0.97238$ & $1$ & $0.0913728$ & $-0.371136$ & $-0.0242922$ & $-0.547029$ & $0.398508$ & $0.329392$ & $0.0028658$ & $0.0635514$ & $0.0471454$ & $-0.059635$ & $0.0815554$ & $0.45862$ & $-0.0581209$ & $-0.00503982$ & $-0.00353023$ & $0.0160174$ & $-0.00620421$ & $0.0372287$ & $-0.0318502$ & $0.0396373$ & $0.00986213$ & $-0.020635$ & $-0.00624881$ & $-0.00582295$ & $0.0346923$ & $-0.0162716$ & $0.017921$ \\
CHQ1_11 & $-0.0159346$ & $-0.0694893$ & $-0.0604443$ & $-0.0201349$ & $0.0300896$ & $-0.00848317$ & $0.0265953$ & $0.105387$ & $0.105272$ & $-0.0494406$ & $-0.0709248$ & $-0.0727483$ & $0.0553564$ & $-0.0321516$ & $-0.13659$ & $-0.122489$ & $-0.031251$ & $0.0216572$ & $0.0165443$ & $0.0454742$ & $0.0938158$ & $0.0913728$ & $1$ & $-0.120029$ & $0.0861922$ & $-0.711374$ & $0.327855$ & $0.0355233$ & $-0.0136659$ & $0.00478946$ & $-0.00055187$ & $0.034813$ & $0.00969014$ & $0.200583$ & $-0.0148789$ & $-0.0438896$ & $0.000642126$ & $0.00305694$ & $-0.00493375$ & $0.00486658$ & $-0.00422806$ & $0.0229338$ & $-0.045598$ & $0.025066$ & $-0.0481078$ & $0.0160092$ & $0.0591202$ & $-0.0182354$ & $0.00512642$ \\
CHQ1_33 & $-0.101521$ & $0.00630093$ & $0.0558875$ & $-0.0637$ & $0.0328963$ & $0.0284038$ & $0.0947886$ & $-0.679714$ & $-0.664919$ & $0.55039$ & $0.339542$ & $0.386767$ & $-0.388245$ & $0.451306$ & $0.0842406$ & $0.0878449$ & $0.660479$ & $0.6081$ & $0.614949$ & $-0.28473$ & $-0.390475$ & $-0.371136$ & $-0.120029$ & $1$ & $0.633727$ & $0.196445$ & $-0.40859$ & $0.00761765$ & $-0.0191426$ & $-0.0929091$ & $-0.0276808$ & $0.082503$ & $-0.121088$ & $-0.616668$ & $0.00406145$ & $-0.000841562$ & $-0.014597$ & $-0.0608793$ & $0.0585225$ & $-0.0123748$ & $0.0133273$ & $-0.0063626$ & $-0.0270327$ & $-0.0186891$ & $-0.020123$ & $0.0120631$ & $-0.0312575$ & $-0.0207156$ & $-0.0157432$ \\
CHQ3_11 & $-0.155193$ & $-0.0246759$ & $-0.00742712$ & $-0.0207843$ & $-0.00334217$ & $-0.0723127$ & $0.0908256$ & $-0.395333$ & $-0.397165$ & $0.463248$ & $0.0316596$ & $0.254524$ & $-0.348234$ & $0.586829$ & $-0.163677$ & $-0.131894$ & $0.779414$ & $0.795955$ & $0.784743$ & $-0.0262741$ & $-0.0333898$ & $-0.0242922$ & $0.0861922$ & $0.633727$ & $1$ & $0.0277272$ & $0.227733$ & $0.0325599$ & $-0.025617$ & $-0.136548$ & $-0.0589264$ & $0.0707666$ & $-0.126582$ & $-0.165911$ & $-0.00629457$ & $0.00157852$ & $0.0221234$ & $-0.0508962$ & $0.0555252$ & $-0.00685224$ & $-0.00129037$ & $0.00787096$ & $-0.0449393$ & $0.000708805$ & $0.00877216$ & $-0.0145445$ & $-0.016544$ & $-0.02167$ & $0.00503046$ \\
CHu_11 & $-0.000581538$ & $0.0748555$ & $0.0670683$ & $-0.00177552$ & $-0.01968$ & $0.080974$ & $0.0133308$ & $-0.504331$ & $-0.498817$ & $0.190503$ & $0.562814$ & $0.186654$ & $-0.12658$ & $-0.275543$ & $-0.207087$ & $-0.198732$ & $-0.0988418$ & $0.0453773$ & $0.0406525$ & $-0.554152$ & $-0.560219$ & $-0.547029$ & $-0.711374$ & $0.196445$ & $0.0277272$ & $1$ & $-0.166328$ & $-0.18981$ & $0.000227608$ & $-0.0611336$ & $-0.0431608$ & $0.00711166$ & $-0.0725914$ & $-0.234688$ & $0.0349849$ & $0.0230038$ & $0.0046397$ & $-0.0167415$ & $0.0232895$ & $-0.025891$ & $0.0230573$ & $-0.0553377$ & $-0.0026362$ & $-0.0101934$ & $0.0531884$ & $-0.0113475$ & $-0.0546902$ & $0.0072431$ & $-0.0235785$ \\
CHd_11 & $-0.0144727$ & $-0.0453852$ & $-0.0586934$ & $0.0529689$ & $-0.0262463$ & $-0.0843333$ & $-0.00706259$ & $0.442637$ & $0.428624$ & $-0.23314$ & $-0.331819$ & $-0.2491$ & $0.160938$ & $-0.0640833$ & $-0.39415$ & $-0.34943$ & $-0.127824$ & $0.0277838$ & $-0.00136313$ & $0.253917$ & $0.409705$ & $0.398508$ & $0.327855$ & $-0.40859$ & $0.227733$ & $-0.166328$ & $1$ & $0.163474$ & $-0.0225833$ & $-0.0143066$ & $-0.0245686$ & $-0.0192251$ & $0.00057353$ & $0.697929$ & $-0.0520051$ & $-0.0239097$ & $0.0244771$ & $0.00479453$ & $-0.0128973$ & $0.0152916$ & $-0.00813922$ & $0.00961191$ & $-0.0356114$ & $-0.00210087$ & $0.0211665$ & $-0.0147711$ & $0.0195978$ & $-0.0217482$ & $-0.0258371$ \\
CHd_33 & $-0.00452181$ & $-0.0520228$ & $-0.0411404$ & $-0.00495091$ & $0.0132439$ & $-0.0218207$ & $-0.0216469$ & $0.288904$ & $0.290258$ & $-0.0907044$ & $-0.326619$ & $-0.107147$ & $0.0756782$ & $0.165428$ & $0.0990519$ & $0.0785515$ & $0.0690871$ & $-0.00462815$ & $0.00896669$ & $0.31666$ & $0.326102$ & $0.329392$ & $0.0355233$ & $0.00761765$ & $0.0325599$ & $-0.18981$ & $0.163474$ & $1$ & $0.0124113$ & $0.0539448$ & $0.0291459$ & $-0.0247483$ & $0.0329279$ & $0.153877$ & $-0.0355599$ & $-0.00507178$ & $0.0190137$ & $0.00430046$ & $-0.0328822$ & $0.0524919$ & $0.0148068$ & $0.0454853$ & $0.0235724$ & $-0.0178074$ & $-0.0582221$ & $0.0532313$ & $-0.00872137$ & $-0.07175$ & $0.00190328$ \\
CeH_22r & $-0.0430701$ & $-0.0188983$ & $0.0171634$ & $-0.0614331$ & $0.017703$ & $-0.045141$ & $0.0114387$ & $0.00802707$ & $0.0201292$ & $-0.0149672$ & $0.00552205$ & $0.00891873$ & $0.0145269$ & $-0.0383079$ & $0.021071$ & $0.0278132$ & $-0.0112773$ & $-0.0364731$ & $-0.0370626$ & $-0.00517452$ & $-0.00508569$ & $0.0028658$ & $-0.0136659$ & $-0.0191426$ & $-0.025617$ & $0.000227608$ & $-0.0225833$ & $0.0124113$ & $1$ & $0.0649978$ & $0.0334487$ & $-0.00881632$ & $0.0260842$ & $-0.00357158$ & $-0.0237024$ & $0.0327866$ & $-0.0614179$ & $-0.0304031$ & $0.00524483$ & $0.00768888$ & $-0.000797563$ & $-0.0160175$ & $0.0541726$ & $-0.00346476$ & $0.0288895$ & $-0.0263399$ & $0.0161442$ & $0.0376741$ & $-0.0291476$ \\
CeH_33r & $0.02845$ & $0.0192115$ & $0.0468711$ & $-0.0379393$ & $0.0210314$ & $0.0131027$ & $-0.145528$ & $0.108844$ & $0.129506$ & $-0.168025$ & $-0.0668746$ & $-0.113259$ & $0.265672$ & $-0.0457886$ & $0.0280186$ & $0.0756218$ & $-0.0960076$ & $-0.0961119$ & $-0.134323$ & $0.0718916$ & $0.0673697$ & $0.0635514$ & $0.00478946$ & $-0.0929091$ & $-0.136548$ & $-0.0611336$ & $-0.0143066$ & $0.0539448$ & $0.0649978$ & $1$ & $0.304023$ & $0.0167953$ & $0.621472$ & $0.062152$ & $-0.0642424$ & $-0.0186608$ & $-0.169179$ & $-0.0189727$ & $-0.0230084$ & $-0.0078699$ & $-0.0494426$ & $0.000525117$ & $-0.00375223$ & $-0.0134237$ & $0.121542$ & $-0.00801709$ & $0.019525$ & $-0.0526122$ & $-0.010557$ \\
CuH_22r & $0.0102987$ & $-0.0558074$ & $-0.010948$ & $-0.00177687$ & $0.0169152$ & $0.0234658$ & $-0.073169$ & $0.0537798$ & $0.0658999$ & $-0.07001$ & $-0.0400989$ & $-0.031996$ & $0.0649373$ & $0.00377627$ & $0.0349093$ & $0.05608$ & $-0.0399948$ & $-0.0445914$ & $-0.0518697$ & $0.0434995$ & $0.0371755$ & $0.0471454$ & $-0.00055187$ & $-0.0276808$ & $-0.0589264$ & $-0.0431608$ & $-0.0245686$ & $0.0291459$ & $0.0334487$ & $0.304023$ & $1$ & $0.0138582$ & $0.283175$ & $0.00565654$ & $0.0171393$ & $-0.0104025$ & $-0.101526$ & $-0.0183303$ & $0.037762$ & $0.0077328$ & $0.0074802$ & $-0.0121689$ & $0.0408329$ & $-0.00846592$ & $0.0632976$ & $0.088081$ & $0.383773$ & $0.0143439$ & $-0.0359397$ \\
CuH_33r & $0.0314377$ & $-0.0211476$ & $-0.0305991$ & $0.0100755$ & $0.0403285$ & $-0.0112781$ & $0.930462$ & $-0.0865985$ & $-0.0446614$ & $0.102244$ & $0.0593027$ & $0.265514$ & $-0.256382$ & $0.0281928$ & $-0.0420684$ & $-0.0251546$ & $0.0671285$ & $0.0837962$ & $0.0717818$ & $-0.062287$ & $-0.0604973$ & $-0.059635$ & $0.034813$ & $0.082503$ & $0.0707666$ & $0.00711166$ & $-0.0192251$ & $-0.0247483$ & $-0.00881632$ & $0.0167953$ & $0.0138582$ & $1$ & $0.0244622$ & $-0.0313867$ & $0.0393137$ & $0.0450674$ & $-0.0241208$ & $-0.0085841$ & $0.0498238$ & $-0.0132088$ & $-0.00926008$ & $0.000543073$ & $-0.018707$ & $-0.00126175$ & $-0.00222638$ & $0.0240671$ & $0.0333291$ & $0.0115798$ & $0.00893518$ \\
CdH_33r & $0.0179914$ & $0.00219102$ & $0.0320048$ & $-0.0339957$ & $0.00326793$ & $-0.00684102$ & $-0.162069$ & $0.119037$ & $0.142862$ & $-0.15676$ & $-0.0771572$ & $-0.13251$ & $0.310005$ & $-0.0512788$ & $0.0206006$ & $0.0522527$ & $-0.0858899$ & $-0.0897889$ & $-0.115544$ & $0.0794508$ & $0.0800491$ & $0.0815554$ & $0.00969014$ & $-0.121088$ & $-0.126582$ & $-0.0725914$ & $0.00057353$ & $0.0329279$ & $0.0260842$ & $0.621472$ & $0.283175$ & $0.0244622$ & $1$ & $0.0818508$ & $-0.0353462$ & $-0.03796$ & $-0.219574$ & $-0.0288253$ & $-0.0290144$ & $0.0745777$ & $-0.018011$ & $0.00458468$ & $0.00587793$ & $0.0413238$ & $0.0138212$ & $0.0123117$ & $0.00590859$ & $0.177534$ & $0.500936$ \\
CLL_1221 & $0.0216855$ & $0.00656523$ & $-0.0692389$ & $0.0600997$ & $-0.00998155$ & $-0.123693$ & $-0.0337057$ & $0.562986$ & $0.548986$ & $-0.326968$ & $-0.387457$ & $-0.305022$ & $0.245337$ & $-0.1935$ & $-0.595007$ & $-0.0824842$ & $-0.227693$ & $0.0636582$ & $-0.333735$ & $0.307347$ & $0.472339$ & $0.45862$ & $0.200583$ & $-0.616668$ & $-0.165911$ & $-0.234688$ & $0.697929$ & $0.153877$ & $-0.00357158$ & $0.062152$ & $0.00565654$ & $-0.0313867$ & $0.0818508$ & $1$ & $-0.0198663$ & $-0.0265391$ & $0.0129058$ & $0.0374149$ & $-0.0660032$ & $0.0239283$ & $-0.025678$ & $-0.00131534$ & $-0.0174771$ & $0.0214103$ & $0.0609044$ & $0.00118015$ & $0.00915388$ & $0.0102634$ & $0.0143081$ \\
eHggint & $0.0332882$ & $-0.0534615$ & $0.0425991$ & $0.00702508$ & $-0.0219429$ & $-0.0211648$ & $-0.045464$ & $-0.0492999$ & $-0.0699885$ & $0.114265$ & $0.0480368$ & $0.0751914$ & $0.0193526$ & $-0.00301739$ & $-0.0366985$ & $-0.00193638$ & $-0.00799721$ & $0.0321197$ & $-0.00193305$ & $-0.0453291$ & $-0.0502259$ & $-0.0581209$ & $-0.0148789$ & $0.00406145$ & $-0.00629457$ & $0.0349849$ & $-0.0520051$ & $-0.0355599$ & $-0.0237024$ & $-0.0642424$ & $0.0171393$ & $0.0393137$ & $-0.0353462$ & $-0.0198663$ & $1$ & $-0.111085$ & $0.0196201$ & $0.0385584$ & $-0.0138502$ & $0.00249954$ & $0.0267492$ & $-0.0256854$ & $0.0428452$ & $0.0343728$ & $-0.0168872$ & $-0.0425314$ & $-0.00412886$ & $-0.00320333$ & $0.0750257$ \\
eHggpar & $0.0328836$ & $-0.0745784$ & $0.00426084$ & $-0.0116078$ & $-0.0217591$ & $-0.0621467$ & $0.0271233$ & $0.00386457$ & $0.00277514$ & $0.00674641$ & $-0.00918656$ & $0.00237151$ & $0.0229708$ & $0.00667516$ & $0.0303368$ & $0.0606406$ & $-2.72144e-05$ & $-0.00686584$ & $-0.0412036$ & $0.0116048$ & $-0.00244848$ & $-0.00503982$ & $-0.0438896$ & $-0.000841562$ & $0.00157852$ & $0.0230038$ & $-0.0239097$ & $-0.00507178$ & $0.0327866$ & $-0.0186608$ & $-0.0104025$ & $0.0450674$ & $-0.03796$ & $-0.0265391$ & $-0.111085$ & $1$ & $0.0516474$ & $-0.0251625$ & $0.0544147$ & $-0.0187528$ & $-0.0213688$ & $-0.00111633$ & $0.015617$ & $-0.0204851$ & $0.0444201$ & $0.0074145$ & $0.0140327$ & $0.0537117$ & $0.00254367$ \\
eHWWint & $0.0186565$ & $0.00556158$ & $-0.0462995$ & $0.00229354$ & $-0.0473585$ & $0.0142055$ & $0.025797$ & $0.00290787$ & $-0.00113197$ & $0.00843943$ & $-0.00787172$ & $-0.0234324$ & $0.0197965$ & $0.015715$ & $-0.0182345$ & $-0.00447913$ & $0.00303331$ & $0.0165875$ & $0.00935585$ & $0.00588596$ & $0.0089538$ & $-0.00353023$ & $0.000642126$ & $-0.014597$ & $0.0221234$ & $0.0046397$ & $0.0244771$ & $0.0190137$ & $-0.0614179$ & $-0.169179$ & $-0.101526$ & $-0.0241208$ & $-0.219574$ & $0.0129058$ & $0.0196201$ & $0.0516474$ & $1$ & $0.0114403$ & $-0.025007$ & $-0.0179951$ & $0.0163238$ & $0.00405131$ & $-0.0033879$ & $-0.0144157$ & $-0.0306009$ & $-0.0450947$ & $0.0439398$ & $0.0305445$ & $-0.00914669$ \\
eHWWpar & $-0.0118121$ & $0.025699$ & $-0.0170114$ & $0.0428077$ & $-0.0034338$ & $0.0113183$ & $-0.0147804$ & $0.0316355$ & $0.03134$ & $-0.031801$ & $-0.0110124$ & $-0.0351637$ & $0.0293748$ & $-0.0161431$ & $-0.0270411$ & $-0.0396704$ & $-0.0541605$ & $-0.0249359$ & $-0.0120591$ & $0.0104626$ & $0.0171691$ & $0.0160174$ & $0.00305694$ & $-0.0608793$ & $-0.0508962$ & $-0.0167415$ & $0.00479453$ & $0.00430046$ & $-0.0304031$ & $-0.0189727$ & $-0.0183303$ & $-0.0085841$ & $-0.0288253$ & $0.0374149$ & $0.0385584$ & $-0.0251625$ & $0.0114403$ & $1$ & $-0.0458679$ & $-0.0279515$ & $-0.00105375$ & $-0.0229926$ & $0.0119694$ & $0.0394289$ & $0.00584848$ & $-0.0226246$ & $0.0189586$ & $-0.0323419$ & $0.0252445$ \\
eHZZint & $-0.010471$ & $-0.000184771$ & $0.000158433$ & $0.00234022$ & $-0.00195722$ & $0.000339071$ & $0.0351279$ & $-0.0265469$ & $-0.0343308$ & $-0.00626516$ & $0.00466482$ & $0.0201023$ & $-0.0412006$ & $0.052236$ & $0.0503258$ & $0.0733266$ & $0.0273622$ & $0.014654$ & $0.00415547$ & $0.00483562$ & $-0.0135315$ & $-0.00620421$ & $-0.00493375$ & $0.0585225$ & $0.0555252$ & $0.0232895$ & $-0.0128973$ & $-0.0328822$ & $0.00524483$ & $-0.0230084$ & $0.037762$ & $0.0498238$ & $-0.0290144$ & $-0.0660032$ & $-0.0138502$ & $0.0544147$ & $-0.025007$ & $-0.0458679$ & $1$ & $-0.0443765$ & $-0.0206942$ & $-0.0367258$ & $-0.0348211$ & $-0.0340928$ & $-0.0737321$ & $0.00860629$ & $0.00752386$ & $0.0489089$ & $-0.0422545$ \\
eHZZpar & $-0.00756125$ & $0.0120273$ & $0.0160077$ & $-0.0127309$ & $0.0022268$ & $-0.00574286$ & $-0.0183332$ & $0.0335102$ & $0.0354636$ & $0.0050164$ & $-0.0340281$ & $-0.0319777$ & $0.0335351$ & $0.0223379$ & $0.00228111$ & $-0.00282908$ & $-0.000735053$ & $-0.0024556$ & $0.00451676$ & $0.0306047$ & $0.0382182$ & $0.0372287$ & $0.00486658$ & $-0.0123748$ & $-0.00685224$ & $-0.025891$ & $0.0152916$ & $0.0524919$ & $0.00768888$ & $-0.0078699$ & $0.0077328$ & $-0.0132088$ & $0.0745777$ & $0.0239283$ & $0.00249954$ & $-0.0187528$ & $-0.0179951$ & $-0.0279515$ & $-0.0443765$ & $1$ & $0.0176516$ & $-0.0266625$ & $0.0749457$ & $0.0349132$ & $-0.0279736$ & $0.0466718$ & $-0.0135368$ & $0.0450106$ & $0.115345$ \\
eHZgaint & $0.00862043$ & $0.00575849$ & $0.0341563$ & $-0.0106646$ & $0.0416727$ & $0.0542493$ & $-0.0214977$ & $-0.0249545$ & $-0.036834$ & $-0.0138725$ & $0.0322734$ & $0.0186374$ & $-0.0336824$ & $0.00457731$ & $-0.00484997$ & $-0.00908281$ & $-0.0286406$ & $-0.00620993$ & $0.000439738$ & $-0.0289541$ & $-0.0301649$ & $-0.0318502$ & $-0.00422806$ & $0.0133273$ & $-0.00129037$ & $0.0230573$ & $-0.00813922$ & $0.0148068$ & $-0.000797563$ & $-0.0494426$ & $0.0074802$ & $-0.00926008$ & $-0.018011$ & $-0.025678$ & $0.0267492$ & $-0.0213688$ & $0.0163238$ & $-0.00105375$ & $-0.0206942$ & $0.0176516$ & $1$ & $0.0357971$ & $-0.0396357$ & $0.0332393$ & $-0.01144$ & $-0.0117094$ & $0.0267619$ & $-0.0293098$ & $0.0117521$ \\
eHZgapar & $0.0039977$ & $0.0137744$ & $-0.0119583$ & $-0.0133942$ & $-0.0194326$ & $-0.0183287$ & $0.00803136$ & $0.0342297$ & $0.0355481$ & $0.00789811$ & $-0.0471726$ & $0.0112983$ & $-0.0116589$ & $0.0177918$ & $0.0432531$ & $0.00175726$ & $0.0296308$ & $-0.0115926$ & $0.01561$ & $0.0439008$ & $0.0441908$ & $0.0396373$ & $0.0229338$ & $-0.0063626$ & $0.00787096$ & $-0.0553377$ & $0.00961191$ & $0.0454853$ & $-0.0160175$ & $0.000525117$ & $-0.0121689$ & $0.000543073$ & $0.00458468$ & $-0.00131534$ & $-0.0256854$ & $-0.00111633$ & $0.00405131$ & $-0.0229926$ & $-0.0367258$ & $-0.0266625$ & $0.0357971$ & $1$ & $0.016696$ & $-0.0037987$ & $0.00785982$ & $-0.0540788$ & $0.0192862$ & $-0.000517947$ & $0.0336998$ \\
eHgagaint & $0.0139766$ & $-0.00690094$ & $-0.00337226$ & $-0.0269807$ & $0.00155552$ & $0.03616$ & $-0.0206186$ & $0.0211901$ & $0.0971647$ & $-0.0388913$ & $-0.00777002$ & $-0.010424$ & $-0.000514633$ & $-0.0199651$ & $0.0436587$ & $0.0259839$ & $-0.0312809$ & $-0.0512219$ & $-0.044044$ & $0.0106508$ & $0.00424244$ & $0.00986213$ & $-0.045598$ & $-0.0270327$ & $-0.0449393$ & $-0.0026362$ & $-0.0356114$ & $0.0235724$ & $0.0541726$ & $-0.00375223$ & $0.0408329$ & $-0.018707$ & $0.00587793$ & $-0.0174771$ & $0.0428452$ & $0.015617$ & $-0.0033879$ & $0.0119694$ & $-0.0348211$ & $0.0749457$ & $-0.0396357$ & $0.016696$ & $1$ & $0.0150941$ & $0.0329376$ & $0.0590315$ & $0.0550979$ & $-0.00594432$ & $0.0119408$ \\
eHmumuint & $0.0200305$ & $-0.0397731$ & $-0.048548$ & $0.0491327$ & $0.0273668$ & $-0.021346$ & $-0.00731477$ & $-0.0136236$ & $-0.0118591$ & $-0.0175126$ & $0.0187943$ & $0.00507365$ & $-0.0105951$ & $-0.00451559$ & $-0.0458562$ & $0.00471182$ & $-0.0128335$ & $0.0242956$ & $-0.0190581$ & $-0.0236348$ & $-0.01903$ & $-0.020635$ & $0.025066$ & $-0.0186891$ & $0.000708805$ & $-0.0101934$ & $-0.00210087$ & $-0.0178074$ & $-0.00346476$ & $-0.0134237$ & $-0.00846592$ & $-0.00126175$ & $0.0413238$ & $0.0214103$ & $0.0343728$ & $-0.0204851$ & $-0.0144157$ & $0.0394289$ & $-0.0340928$ & $0.0349132$ & $0.0332393$ & $-0.0037987$ & $0.0150941$ & $1$ & $0.0328674$ & $-0.0124641$ & $0.0251871$ & $0.0123022$ & $0.0455851$ \\
eHtautauint & $0.00137617$ & $-0.0401489$ & $0.021315$ & $0.0413165$ & $0.0218941$ & $-0.0475071$ & $-0.0131794$ & $-0.00386089$ & $-0.00843487$ & $-0.00632407$ & $0.00573024$ & $0.00596414$ & $-0.0163136$ & $-0.0148748$ & $-0.0661749$ & $-0.0254244$ & $0.025897$ & $0.0425087$ & $0.00387644$ & $-0.0148868$ & $-0.00253844$ & $-0.00624881$ & $-0.0481078$ & $-0.020123$ & $0.00877216$ & $0.0531884$ & $0.0211665$ & $-0.0582221$ & $0.0288895$ & $0.121542$ & $0.0632976$ & $-0.00222638$ & $0.0138212$ & $0.0609044$ & $-0.0168872$ & $0.0444201$ & $-0.0306009$ & $0.00584848$ & $-0.0737321$ & $-0.0279736$ & $-0.01144$ & $0.00785982$ & $0.0329376$ & $0.0328674$ & $1$ & $-0.00779531$ & $0.0205206$ & $-0.0308162$ & $-0.0119228$ \\
eHccint & $-0.00277918$ & $-0.00745359$ & $-0.00925721$ & $0.0312439$ & $0.023689$ & $0.0135276$ & $0.0225836$ & $-0.00984448$ & $-0.00158534$ & $-0.0087933$ & $0.0134919$ & $0.034819$ & $-0.0376453$ & $-0.031482$ & $0.00181779$ & $-0.0162989$ & $0.0181081$ & $-0.00890906$ & $0.012538$ & $-0.0155489$ & $-0.0124034$ & $-0.00582295$ & $0.0160092$ & $0.0120631$ & $-0.0145445$ & $-0.0113475$ & $-0.0147711$ & $0.0532313$ & $-0.0263399$ & $-0.00801709$ & $0.088081$ & $0.0240671$ & $0.0123117$ & $0.00118015$ & $-0.0425314$ & $0.0074145$ & $-0.0450947$ & $-0.0226246$ & $0.00860629$ & $0.0466718$ & $-0.0117094$ & $-0.0540788$ & $0.0590315$ & $-0.0124641$ & $-0.00779531$ & $1$ & $0.0147284$ & $0.0399467$ & $-0.0256993$ \\
eHccpar & $-0.0156741$ & $0.0187149$ & $-0.0665751$ & $0.027733$ & $0.00630426$ & $0.0419495$ & $0.0283357$ & $0.0379887$ & $0.0440055$ & $-0.0511491$ & $-0.0303469$ & $-0.0237518$ & $0.00871121$ & $0.000531738$ & $0.0300126$ & $0.00720283$ & $-0.0110731$ & $-0.0373029$ & $-0.0177485$ & $0.0275927$ & $0.0312142$ & $0.0346923$ & $0.0591202$ & $-0.0312575$ & $-0.016544$ & $-0.0546902$ & $0.0195978$ & $-0.00872137$ & $0.0161442$ & $0.019525$ & $0.383773$ & $0.0333291$ & $0.00590859$ & $0.00915388$ & $-0.00412886$ & $0.0140327$ & $0.0439398$ & $0.0189586$ & $0.00752386$ & $-0.0135368$ & $0.0267619$ & $0.0192862$ & $0.0550979$ & $0.0251871$ & $0.0205206$ & $0.0147284$ & $1$ & $-0.00367597$ & $-0.0350224$ \\
eHbbint & $-0.0104952$ & $-0.0322295$ & $-0.017218$ & $-0.0151842$ & $-0.033371$ & $0.0215834$ & $0.00721192$ & $-0.00388762$ & $-0.00975146$ & $0.0155398$ & $0.0117126$ & $-0.00602917$ & $0.0174505$ & $-0.0231297$ & $-0.0143934$ & $0.0181967$ & $-0.0105345$ & $-0.00374048$ & $-0.0271502$ & $-0.0147851$ & $-0.0118649$ & $-0.0162716$ & $-0.0182354$ & $-0.0207156$ & $-0.02167$ & $0.0072431$ & $-0.0217482$ & $-0.07175$ & $0.0376741$ & $-0.0526122$ & $0.0143439$ & $0.0115798$ & $0.177534$ & $0.0102634$ & $-0.00320333$ & $0.0537117$ & $0.0305445$ & $-0.0323419$ & $0.0489089$ & $0.0450106$ & $-0.0293098$ & $-0.000517947$ & $-0.00594432$ & $0.0123022$ & $-0.0308162$ & $0.0399467$ & $-0.00367597$ & $1$ & $0.054362$ \\
eHbbpar & $0.0253188$ & $0.00616784$ & $0.0154378$ & $-0.0190054$ & $-0.0635037$ & $-0.0238206$ & $-0.00900863$ & $0.000884094$ & $0.00798306$ & $0.0134183$ & $-0.0148936$ & $-0.000979882$ & $0.0075331$ & $0.0193649$ & $-0.00910566$ & $0.00304105$ & $0.0302319$ & $0.0340794$ & $0.0218451$ & $0.0167024$ & $0.0133926$ & $0.017921$ & $0.00512642$ & $-0.0157432$ & $0.00503046$ & $-0.0235785$ & $-0.0258371$ & $0.00190328$ & $-0.0291476$ & $-0.010557$ & $-0.0359397$ & $0.00893518$ & $0.500936$ & $0.0143081$ & $0.0750257$ & $0.00254367$ & $-0.00914669$ & $0.0252445$ & $-0.0422545$ & $0.115345$ & $0.0117521$ & $0.0336998$ & $0.0119408$ & $0.0455851$ & $-0.0119228$ & $-0.0256993$ & $-0.0350224$ & $0.054362$ & $1$ \\
