 & AlsMz & dAle5Mz & mtop & mHl & Mz & CW & CHG & CHWB & CHWHB_gaga & CHWHB_gagaorth & CHD & CHbox & CH & CHL1_11 & CHL1_22 & CHL1_33 & CHL3_11 & CHL3_22 & CHL3_33 & CHe_11 & CHe_22 & CHe_33 & CHQ1_11 & CHQ1_33 & CHQ3_11 & CHu_11 & CHd_11 & CHd_33 & CeH_22r & CeH_33r & CuH_22r & CuH_33r & CdH_33r & CLL_1221 & eHggint & eHggpar & eHWWint & eHWWpar & eHZZint & eHZZpar & eHZgaint & eHZgapar & eHgagaint & eHmumuint & eHtautauint & eHccint & eHccpar & eHbbint & eHbbpar \\
AlsMz & $1$ & $0.0379879$ & $0.0308075$ & $0.0415078$ & $-0.025388$ & $0.012605$ & $-0.0449113$ & $0.00492242$ & $0.0165289$ & $-0.00113984$ & $-0.0102519$ & $0.0046584$ & $0.0167601$ & $-0.00345126$ & $-0.01043$ & $-0.0212483$ & $0.000808598$ & $0.00188106$ & $0.00736206$ & $0.00160924$ & $0.0067854$ & $0.00917726$ & $-0.0272268$ & $-0.057357$ & $-0.103721$ & $-0.0239774$ & $-0.0159334$ & $0.00524352$ & $-0.00582393$ & $-0.00429608$ & $-0.0241337$ & $-0.0470813$ & $0.0196682$ & $0.0159846$ & $-0.0512952$ & $0.0223683$ & $0.0727431$ & $-0.0063615$ & $0.0417965$ & $0.0202856$ & $-0.0529002$ & $0.0346269$ & $0.171719$ & $-0.0848402$ & $-0.0816463$ & $-0.0611373$ & $-0.0299547$ & $-0.0077996$ & $0.0621465$ \\
dAle5Mz & $0.0379879$ & $1$ & $0.0261385$ & $-0.0965398$ & $-0.0238945$ & $0.033543$ & $-0.016282$ & $-0.094737$ & $-0.100469$ & $0.0481255$ & $0.0770938$ & $0.00975189$ & $-0.0287224$ & $-0.0211985$ & $-0.0107411$ & $-0.0263766$ & $0.0117978$ & $0.0102485$ & $0.0226945$ & $-0.0511257$ & $-0.0514971$ & $-0.0476722$ & $0.0014323$ & $0.0384928$ & $0.0116525$ & $0.02035$ & $-0.0162981$ & $-0.0223767$ & $-0.0202536$ & $-0.042538$ & $-0.0697264$ & $-0.0137577$ & $-0.042188$ & $-0.00218099$ & $0.038523$ & $0.0288243$ & $0.0988129$ & $-0.0294623$ & $0.00355551$ & $0.0380645$ & $-0.0141112$ & $0.044664$ & $-0.0593577$ & $-0.0279574$ & $0.0632094$ & $-0.0434546$ & $-0.10845$ & $-0.0670898$ & $0.00298411$ \\
mtop & $0.0308075$ & $0.0261385$ & $1$ & $-0.0758216$ & $0.0134192$ & $0.014714$ & $-0.00598219$ & $-0.00660913$ & $-0.00217271$ & $-0.00944387$ & $0.0272748$ & $-0.0145783$ & $-0.00458868$ & $-0.0329133$ & $-0.0315632$ & $-0.00936986$ & $-0.0214194$ & $-0.00369174$ & $-0.0225472$ & $-0.0227874$ & $-0.0162181$ & $-0.0184236$ & $-0.00830966$ & $-0.0296392$ & $-0.0231634$ & $0.0207743$ & $0.000141173$ & $-0.0143098$ & $0.00227331$ & $-0.0599843$ & $-0.0342711$ & $-0.0196115$ & $-0.0177102$ & $0.0278968$ & $-0.00212994$ & $0.0103305$ & $0.162844$ & $-0.0136416$ & $0.119779$ & $-0.0228913$ & $-0.0339183$ & $-0.0235301$ & $0.0777471$ & $0.00049798$ & $0.00861702$ & $-0.0400107$ & $-0.0240806$ & $0.113235$ & $0.0661729$ \\
mHl & $0.0415078$ & $-0.0965398$ & $-0.0758216$ & $1$ & $-0.0168631$ & $-0.0157869$ & $0.000499852$ & $0.0188744$ & $0.0134941$ & $-0.00108782$ & $-0.0225931$ & $0.0038759$ & $-0.00662379$ & $0.0139325$ & $0.0207415$ & $-0.00217016$ & $0.00832795$ & $-0.00818617$ & $0.0098722$ & $0.0183002$ & $0.0185101$ & $0.0195269$ & $0.000206226$ & $-0.00739776$ & $0.00753766$ & $-0.0075597$ & $0.0127501$ & $0.0106588$ & $0.00675673$ & $0.0026666$ & $-0.00295763$ & $0.00793442$ & $0.0139315$ & $-0.00891582$ & $0.109379$ & $0.0110875$ & $-0.0621216$ & $-0.0399005$ & $-0.103099$ & $-0.00934106$ & $-0.0615837$ & $-0.000755888$ & $-0.0753726$ & $-0.0471364$ & $-0.137099$ & $0.058723$ & $-0.00858663$ & $0.0879197$ & $-0.0280004$ \\
Mz & $-0.025388$ & $-0.0238945$ & $0.0134192$ & $-0.0168631$ & $1$ & $-0.00925692$ & $0.0138916$ & $0.00567152$ & $0.00830244$ & $-0.00623123$ & $-0.00509075$ & $-0.0192183$ & $-0.0106433$ & $0.0293364$ & $0.0356165$ & $0.0289485$ & $0.00400737$ & $-0.00607474$ & $-0.00207824$ & $0.0166578$ & $0.00913411$ & $0.00923898$ & $-0.0230106$ & $0.00684946$ & $0.00547778$ & $0.00657754$ & $-0.0200914$ & $-0.0101531$ & $0.000555355$ & $0.00199443$ & $0.00687584$ & $0.0170371$ & $0.00659184$ & $-0.0319725$ & $-0.0237764$ & $0.00887883$ & $-0.00307065$ & $-0.0103187$ & $-0.0220553$ & $-0.0228657$ & $-0.00711332$ & $-0.0417686$ & $0.0101392$ & $-0.0129547$ & $0.00690484$ & $-0.0059057$ & $0.000573507$ & $0.00164629$ & $0.000201404$ \\
CW & $0.012605$ & $0.033543$ & $0.014714$ & $-0.0157869$ & $-0.00925692$ & $1$ & $0.00121116$ & $-0.137506$ & $-0.133075$ & $0.00912022$ & $0.210763$ & $0.0527066$ & $0.00330355$ & $-0.0230994$ & $-0.0972779$ & $-0.0770312$ & $-0.274509$ & $-0.0602333$ & $-0.0772228$ & $-0.206039$ & $-0.211914$ & $-0.206782$ & $-0.0152911$ & $-0.00439642$ & $-0.111344$ & $0.127965$ & $-0.0847111$ & $-0.0676364$ & $0.00487523$ & $0.00839315$ & $-0.011261$ & $0.00374563$ & $0.00884396$ & $-0.10857$ & $-0.00597369$ & $0.0108604$ & $-0.0168584$ & $-0.000926292$ & $-0.00879008$ & $-0.00369663$ & $0.0099434$ & $0.00362253$ & $-4.57553e-05$ & $-0.0118458$ & $-0.0100782$ & $-0.0156335$ & $-0.0138581$ & $-0.0170145$ & $0.0119642$ \\
CHG & $-0.0449113$ & $-0.016282$ & $-0.00598219$ & $0.000499852$ & $0.0138916$ & $0.00121116$ & $1$ & $-0.113225$ & $-0.0597874$ & $0.0683847$ & $0.0631899$ & $-0.243051$ & $-0.299161$ & $0.0672492$ & $-0.0244094$ & $-0.0398544$ & $0.0975691$ & $0.109513$ & $0.123029$ & $-0.0634754$ & $-0.0668058$ & $-0.0629858$ & $-0.0221798$ & $0.118089$ & $0.121841$ & $0.0468483$ & $-0.0319005$ & $-0.0410851$ & $0.0221834$ & $-0.143882$ & $-0.0723573$ & $0.939951$ & $-0.156315$ & $-0.0738336$ & $-0.043864$ & $0.0128844$ & $0.0126786$ & $-0.00683888$ & $-0.0563268$ & $0.0200442$ & $0.001415$ & $0.00814995$ & $-0.0073354$ & $-0.0136046$ & $-0.00844901$ & $0.0173049$ & $-0.00108018$ & $0.0247373$ & $0.00699059$ \\
CHWB & $0.00492242$ & $-0.094737$ & $-0.00660913$ & $0.0188744$ & $0.00567152$ & $-0.137506$ & $-0.113225$ & $1$ & $0.981929$ & $-0.566686$ & $-0.876585$ & $0.0952653$ & $0.360749$ & $0.0855064$ & $0.305376$ & $0.278461$ & $-0.238735$ & $-0.446071$ & $-0.42904$ & $0.847101$ & $0.895627$ & $0.878813$ & $0.0810581$ & $-0.678476$ & $-0.40537$ & $-0.524348$ & $0.42248$ & $0.312113$ & $0.0121284$ & $0.117923$ & $0.0631868$ & $-0.105045$ & $0.132442$ & $0.558327$ & $-0.0132979$ & $0.00710191$ & $0.0271751$ & $-0.00147706$ & $0.0162836$ & $-0.00258565$ & $0.0077283$ & $-0.034373$ & $0.00110404$ & $0.00733124$ & $0.00569679$ & $0.00679455$ & $0.0116675$ & $0.0218435$ & $0.0214802$ \\
CHWHB_gaga & $0.0165289$ & $-0.100469$ & $-0.00217271$ & $0.0134941$ & $0.00830244$ & $-0.133075$ & $-0.0597874$ & $0.981929$ & $1$ & $-0.555399$ & $-0.857585$ & $0.103277$ & $0.355823$ & $0.0782159$ & $0.30177$ & $0.272494$ & $-0.242088$ & $-0.445499$ & $-0.426157$ & $0.828466$ & $0.875711$ & $0.859451$ & $0.0801933$ & $-0.669921$ & $-0.404586$ & $-0.513697$ & $0.413913$ & $0.306727$ & $0.018241$ & $0.131998$ & $0.0685542$ & $-0.0617433$ & $0.146849$ & $0.545033$ & $-0.0295594$ & $-0.00346797$ & $0.0308983$ & $-0.0073286$ & $0.0107265$ & $0.00243332$ & $0.00682683$ & $-0.0288894$ & $0.0744084$ & $0.0147419$ & $-0.00217885$ & $0.00375432$ & $0.0128882$ & $0.0237711$ & $0.0207817$ \\
CHWHB_gagaorth & $-0.00113984$ & $0.0481255$ & $-0.00944387$ & $-0.00108782$ & $-0.00623123$ & $0.00912022$ & $0.0683847$ & $-0.566686$ & $-0.555399$ & $1$ & $0.350928$ & $0.237504$ & $-0.244005$ & $0.236766$ & $-0.121004$ & $-0.116558$ & $0.426353$ & $0.485832$ & $0.484407$ & $-0.33849$ & $-0.369379$ & $-0.366076$ & $-0.0677893$ & $0.549879$ & $0.466398$ & $0.223469$ & $-0.246155$ & $-0.120052$ & $-0.00250342$ & $-0.124728$ & $-0.075021$ & $0.085046$ & $-0.142217$ & $-0.351005$ & $0.029074$ & $0.0284032$ & $-0.000153656$ & $0.00479331$ & $-0.0295199$ & $-0.00377939$ & $-0.0411505$ & $0.0264104$ & $-0.0159528$ & $0.0151846$ & $0.00954114$ & $0.000114987$ & $0.000559769$ & $-0.000524938$ & $-0.0272525$ \\
CHD & $-0.0102519$ & $0.0770938$ & $0.0272748$ & $-0.0225931$ & $-0.00509075$ & $0.210763$ & $0.0631899$ & $-0.876585$ & $-0.857585$ & $0.350928$ & $1$ & $0.0630577$ & $-0.174038$ & $-0.507954$ & $-0.436061$ & $-0.40857$ & $-0.224123$ & $0.0757859$ & $0.0562518$ & $-0.990253$ & $-0.991026$ & $-0.969904$ & $-0.0116155$ & $0.310258$ & $0.0189027$ & $0.575223$ & $-0.285857$ & $-0.334945$ & $-0.00647752$ & $-0.0654679$ & $-0.0409277$ & $0.0664148$ & $-0.0799492$ & $-0.355213$ & $0.0223255$ & $-0.00348017$ & $-0.0232605$ & $0.0034455$ & $-0.0140218$ & $-0.00706793$ & $-0.00354094$ & $0.03212$ & $0.0104796$ & $-0.00766607$ & $-0.002379$ & $-0.0136954$ & $-0.01327$ & $-0.0286403$ & $-0.0203396$ \\
CHbox & $0.0046584$ & $0.00975189$ & $-0.0145783$ & $0.0038759$ & $-0.0192183$ & $0.0527066$ & $-0.243051$ & $0.0952653$ & $0.103277$ & $0.237504$ & $0.0630577$ & $1$ & $0.765057$ & $-0.289563$ & $0.0281397$ & $0.0211116$ & $-0.329149$ & $-0.312323$ & $-0.31077$ & $-0.0520266$ & $-0.0608862$ & $-0.0584121$ & $0.0143281$ & $-0.224996$ & $-0.314784$ & $0.0378682$ & $-0.00866889$ & $0.00207464$ & $0.0438502$ & $0.340437$ & $0.0922116$ & $-0.151088$ & $0.37652$ & $0.0422614$ & $0.0722842$ & $0.0494588$ & $-0.00376275$ & $0.01249$ & $0.0156629$ & $-0.0143016$ & $-0.0241494$ & $0.0145189$ & $0.00087113$ & $0.0103545$ & $-0.00142454$ & $-0.0295844$ & $0.000416252$ & $-0.0123925$ & $-0.0140925$ \\
CH & $0.0167601$ & $-0.0287224$ & $-0.00458868$ & $-0.00662379$ & $-0.0106433$ & $0.00330355$ & $-0.299161$ & $0.360749$ & $0.355823$ & $-0.244005$ & $-0.174038$ & $0.765057$ & $1$ & $-0.25229$ & $0.0793681$ & $0.0781489$ & $-0.375562$ & $-0.402103$ & $-0.404959$ & $0.170776$ & $0.184355$ & $0.18324$ & $0.0442612$ & $-0.403774$ & $-0.400105$ & $-0.104446$ & $0.131129$ & $0.0769944$ & $0.0347002$ & $0.283419$ & $0.104891$ & $-0.24901$ & $0.316379$ & $0.217613$ & $0.0246889$ & $0.0168048$ & $0.0208199$ & $0.00517687$ & $0.042191$ & $-0.00501846$ & $0.00209559$ & $0.000234063$ & $0.0295499$ & $-0.00243828$ & $-0.0120252$ & $-0.0314098$ & $0.00108436$ & $-0.00754312$ & $-0.00584949$ \\
CHL1_11 & $-0.00345126$ & $-0.0211985$ & $-0.0329133$ & $0.0139325$ & $0.0293364$ & $-0.0230994$ & $0.0672492$ & $0.0855064$ & $0.0782159$ & $0.236766$ & $-0.507954$ & $-0.289563$ & $-0.25229$ & $1$ & $0.284971$ & $0.273048$ & $0.677339$ & $0.599594$ & $0.609655$ & $0.527597$ & $0.46571$ & $0.44978$ & $-0.105007$ & $0.475815$ & $0.608249$ & $-0.256793$ & $-0.110265$ & $0.149759$ & $-0.000115925$ & $-0.0648628$ & $-0.0222408$ & $0.045582$ & $-0.060467$ & $-0.229037$ & $-0.0279685$ & $0.00205909$ & $-0.00211031$ & $-0.00248603$ & $0.00296698$ & $0.0140364$ & $-0.00583621$ & $-0.0144095$ & $-0.0242914$ & $-0.00534264$ & $-0.000728334$ & $0.022455$ & $-0.00564538$ & $0.0111677$ & $0.0124728$ \\
CHL1_22 & $-0.01043$ & $-0.0107411$ & $-0.0315632$ & $0.0207415$ & $0.0356165$ & $-0.0972779$ & $-0.0244094$ & $0.305376$ & $0.30177$ & $-0.121004$ & $-0.436061$ & $0.0281397$ & $0.0793681$ & $0.284971$ & $1$ & $0.449125$ & $0.177645$ & $-0.437938$ & $-0.0183919$ & $0.500419$ & $0.353659$ & $0.340038$ & $-0.186621$ & $0.110105$ & $-0.127128$ & $-0.199865$ & $-0.394147$ & $0.133194$ & $0.0204789$ & $0.0356258$ & $0.0198311$ & $-0.0204878$ & $0.0642319$ & $-0.589762$ & $-0.0335641$ & $0.0102148$ & $-0.0192008$ & $-0.00830748$ & $0.012108$ & $0.00697704$ & $-0.014306$ & $-0.0110465$ & $-0.016567$ & $0.00659963$ & $0.0095772$ & $0.0122659$ & $-0.00634866$ & $0.00669984$ & $0.0239625$ \\
CHL1_33 & $-0.0212483$ & $-0.0263766$ & $-0.00936986$ & $-0.00217016$ & $0.0289485$ & $-0.0770312$ & $-0.0398544$ & $0.278461$ & $0.272494$ & $-0.116558$ & $-0.40857$ & $0.0211116$ & $0.0781489$ & $0.273048$ & $0.449125$ & $1$ & $0.181617$ & $-0.0155367$ & $-0.414516$ & $0.47308$ & $0.3268$ & $0.342257$ & $-0.178912$ & $0.123356$ & $-0.113247$ & $-0.194891$ & $-0.396861$ & $0.100876$ & $0.0182577$ & $0.040337$ & $0.0238094$ & $-0.0350765$ & $0.0461196$ & $-0.115147$ & $-0.0352001$ & $0.0265945$ & $-0.0227784$ & $-0.00382748$ & $0.0227994$ & $0.00792184$ & $-0.0157476$ & $-0.0204345$ & $-0.000345137$ & $0.0134106$ & $0.0155205$ & $0.00468585$ & $0.0157586$ & $0.0193868$ & $0.0065396$ \\
CHL3_11 & $0.000808598$ & $0.0117978$ & $-0.0214194$ & $0.00832795$ & $0.00400737$ & $-0.274509$ & $0.0975691$ & $-0.238735$ & $-0.242088$ & $0.426353$ & $-0.224123$ & $-0.329149$ & $-0.375562$ & $0.677339$ & $0.177645$ & $0.181617$ & $1$ & $0.737408$ & $0.740628$ & $0.246313$ & $0.187565$ & $0.180458$ & $-0.0897526$ & $0.676469$ & $0.784826$ & $-0.106042$ & $-0.163662$ & $0.0387271$ & $-0.0209046$ & $-0.110108$ & $-0.0408235$ & $0.0741258$ & $-0.112406$ & $-0.26167$ & $-0.0122829$ & $-0.0143768$ & $0.00359417$ & $-0.00376528$ & $-0.00459028$ & $0.0173166$ & $-0.0102535$ & $0.00635406$ & $-0.0234174$ & $0.00884841$ & $-0.00932423$ & $0.0147343$ & $0.016069$ & $0.0268373$ & $-0.0116964$ \\
CHL3_22 & $0.00188106$ & $0.0102485$ & $-0.00369174$ & $-0.00818617$ & $-0.00607474$ & $-0.0602333$ & $0.109513$ & $-0.446071$ & $-0.445499$ & $0.485832$ & $0.0757859$ & $-0.312323$ & $-0.402103$ & $0.599594$ & $-0.437938$ & $-0.0155367$ & $0.737408$ & $1$ & $0.679108$ & $-0.0769861$ & $-0.0748574$ & $-0.0713786$ & $-0.0105167$ & $0.625101$ & $0.802336$ & $0.0474275$ & $-0.0134787$ & $-0.0526736$ & $-0.0232887$ & $-0.121494$ & $-0.0508514$ & $0.085658$ & $-0.141248$ & $0.0191446$ & $0.00263045$ & $-0.0130229$ & $0.00396183$ & $0.00235712$ & $-0.00894556$ & $0.0122012$ & $0.00106165$ & $0.00834685$ & $-0.0110595$ & $-0.00263941$ & $-0.0126931$ & $0.00590559$ & $0.0117278$ & $0.0117927$ & $-0.0187181$ \\
CHL3_33 & $0.00736206$ & $0.0226945$ & $-0.0225472$ & $0.0098722$ & $-0.00207824$ & $-0.0772228$ & $0.123029$ & $-0.42904$ & $-0.426157$ & $0.484407$ & $0.0562518$ & $-0.31077$ & $-0.404959$ & $0.609655$ & $-0.0183919$ & $-0.414516$ & $0.740628$ & $0.679108$ & $1$ & $-0.0578476$ & $-0.054591$ & $-0.0527359$ & $-0.0140153$ & $0.619055$ & $0.800798$ & $0.0435786$ & $-0.00704263$ & $-0.0271708$ & $-0.0208486$ & $-0.126664$ & $-0.0565322$ & $0.0987111$ & $-0.128306$ & $-0.347147$ & $0.00556944$ & $-0.0214524$ & $0.00421504$ & $0.00038179$ & $-0.0224182$ & $0.0130819$ & $0.0017957$ & $0.0143568$ & $-0.0222629$ & $-0.00504142$ & $-0.0126048$ & $0.0132965$ & $-0.00801274$ & $0.00152412$ & $-0.00466947$ \\
CHe_11 & $0.00160924$ & $-0.0511257$ & $-0.0227874$ & $0.0183002$ & $0.0166578$ & $-0.206039$ & $-0.0634754$ & $0.847101$ & $0.828466$ & $-0.33849$ & $-0.990253$ & $-0.0520266$ & $0.170776$ & $0.527597$ & $0.500419$ & $0.47308$ & $0.246313$ & $-0.0769861$ & $-0.0578476$ & $1$ & $0.97253$ & $0.951967$ & $-0.0160773$ & $-0.255343$ & $-0.0125912$ & $-0.563945$ & $0.209762$ & $0.328008$ & $0.00829962$ & $0.0660528$ & $0.0389038$ & $-0.0655618$ & $0.0821843$ & $0.276073$ & $-0.0240426$ & $0.00617114$ & $0.0209295$ & $-0.00553691$ & $0.0161531$ & $0.00986203$ & $0.00378634$ & $-0.0302254$ & $-0.0141202$ & $0.00777385$ & $0.00314427$ & $0.0109787$ & $0.0119824$ & $0.0268096$ & $0.0222221$ \\
CHe_22 & $0.0067854$ & $-0.0514971$ & $-0.0162181$ & $0.0185101$ & $0.00913411$ & $-0.211914$ & $-0.0668058$ & $0.895627$ & $0.875711$ & $-0.369379$ & $-0.991026$ & $-0.0608862$ & $0.184355$ & $0.46571$ & $0.353659$ & $0.3268$ & $0.187565$ & $-0.0748574$ & $-0.054591$ & $0.97253$ & $1$ & $0.975754$ & $0.0433356$ & $-0.369344$ & $-0.0282302$ & $-0.57977$ & $0.367264$ & $0.336434$ & $0.00409963$ & $0.0663144$ & $0.0402011$ & $-0.0700105$ & $0.0797788$ & $0.442577$ & $-0.0184973$ & $0.00311665$ & $0.0309469$ & $-0.00461678$ & $0.0135755$ & $0.00654256$ & $0.00526611$ & $-0.0323137$ & $-0.0135271$ & $0.00784329$ & $0.00407878$ & $0.0130414$ & $0.0114879$ & $0.0280249$ & $0.0200695$ \\
CHe_33 & $0.00917726$ & $-0.0476722$ & $-0.0184236$ & $0.0195269$ & $0.00923898$ & $-0.206782$ & $-0.0629858$ & $0.878813$ & $0.859451$ & $-0.366076$ & $-0.969904$ & $-0.0584121$ & $0.18324$ & $0.44978$ & $0.340038$ & $0.342257$ & $0.180458$ & $-0.0713786$ & $-0.0527359$ & $0.951967$ & $0.975754$ & $1$ & $0.046711$ & $-0.363791$ & $-0.0265762$ & $-0.56768$ & $0.367526$ & $0.330889$ & $0.00365469$ & $0.0639022$ & $0.0373616$ & $-0.0657996$ & $0.0782092$ & $0.443272$ & $-0.0131305$ & $0.00796516$ & $0.0317931$ & $0.000964566$ & $0.00814198$ & $0.00612592$ & $0.00216834$ & $-0.0335892$ & $-0.0127044$ & $0.00807698$ & $0.00638139$ & $0.0101228$ & $0.00954343$ & $0.0217165$ & $0.0247184$ \\
CHQ1_11 & $-0.0272268$ & $0.0014323$ & $-0.00830966$ & $0.000206226$ & $-0.0230106$ & $-0.0152911$ & $-0.0221798$ & $0.0810581$ & $0.0801933$ & $-0.0677893$ & $-0.0116155$ & $0.0143281$ & $0.0442612$ & $-0.105007$ & $-0.186621$ & $-0.178912$ & $-0.0897526$ & $-0.0105167$ & $-0.0140153$ & $-0.0160773$ & $0.0433356$ & $0.046711$ & $1$ & $-0.162639$ & $0.0568998$ & $-0.66975$ & $0.360436$ & $0.00977288$ & $-0.0162973$ & $0.0261291$ & $0.0150195$ & $-0.0181623$ & $0.0108483$ & $0.230994$ & $-0.00381644$ & $-0.027623$ & $0.0433297$ & $0.0170072$ & $0.00141108$ & $0.0157198$ & $-0.0372023$ & $0.000541169$ & $0.0181484$ & $-0.0130818$ & $0.00379766$ & $0.00666181$ & $0.0283158$ & $0.0252586$ & $-0.0204766$ \\
CHQ1_33 & $-0.057357$ & $0.0384928$ & $-0.0296392$ & $-0.00739776$ & $0.00684946$ & $-0.00439642$ & $0.118089$ & $-0.678476$ & $-0.669921$ & $0.549879$ & $0.310258$ & $-0.224996$ & $-0.403774$ & $0.475815$ & $0.110105$ & $0.123356$ & $0.676469$ & $0.625101$ & $0.619055$ & $-0.255343$ & $-0.369344$ & $-0.363791$ & $-0.162639$ & $1$ & $0.64841$ & $0.224959$ & $-0.428234$ & $-0.045501$ & $-0.00627984$ & $-0.123547$ & $-0.0570954$ & $0.100817$ & $-0.137119$ & $-0.639724$ & $-0.00567092$ & $-0.00615292$ & $-0.0277886$ & $-0.00147577$ & $-0.0208106$ & $0.0150331$ & $-0.00797389$ & $0.0107697$ & $-0.0138181$ & $-0.00171427$ & $0.0035419$ & $0.00533393$ & $-0.00535168$ & $-0.0120744$ & $-0.0264049$ \\
CHQ3_11 & $-0.103721$ & $0.0116525$ & $-0.0231634$ & $0.00753766$ & $0.00547778$ & $-0.111344$ & $0.121841$ & $-0.40537$ & $-0.404586$ & $0.466398$ & $0.0189027$ & $-0.314784$ & $-0.400105$ & $0.608249$ & $-0.127128$ & $-0.113247$ & $0.784826$ & $0.802336$ & $0.800798$ & $-0.0125912$ & $-0.0282302$ & $-0.0265762$ & $0.0568998$ & $0.64841$ & $1$ & $0.0341581$ & $0.194519$ & $-0.0307834$ & $-0.0275783$ & $-0.118308$ & $-0.0492484$ & $0.0961293$ & $-0.126341$ & $-0.205094$ & $0.00102738$ & $-0.0125811$ & $-0.0090824$ & $-0.00177766$ & $-0.00444068$ & $0.00360985$ & $-0.00386869$ & $0.0180859$ & $-0.0422294$ & $-0.00938056$ & $-0.0144172$ & $0.0161447$ & $0.00610732$ & $0.0214826$ & $-0.0181296$ \\
CHu_11 & $-0.0239774$ & $0.02035$ & $0.0207743$ & $-0.0075597$ & $0.00657754$ & $0.127965$ & $0.0468483$ & $-0.524348$ & $-0.513697$ & $0.223469$ & $0.575223$ & $0.0378682$ & $-0.104446$ & $-0.256793$ & $-0.199865$ & $-0.194891$ & $-0.106042$ & $0.0474275$ & $0.0435786$ & $-0.563945$ & $-0.57977$ & $-0.56768$ & $-0.66975$ & $0.224959$ & $0.0341581$ & $1$ & $-0.181165$ & $-0.188069$ & $0.00379946$ & $-0.0479166$ & $-0.0310793$ & $0.0451836$ & $-0.0482668$ & $-0.270393$ & $0.0252994$ & $0.0185454$ & $-0.0440057$ & $-0.00720261$ & $-0.0121283$ & $-0.0170336$ & $0.0255761$ & $0.0223317$ & $-0.00709737$ & $0.00216975$ & $-0.00367809$ & $-0.0164474$ & $-0.0358028$ & $-0.038495$ & $-0.00461273$ \\
CHd_11 & $-0.0159334$ & $-0.0162981$ & $0.000141173$ & $0.0127501$ & $-0.0200914$ & $-0.0847111$ & $-0.0319005$ & $0.42248$ & $0.413913$ & $-0.246155$ & $-0.285857$ & $-0.00866889$ & $0.131129$ & $-0.110265$ & $-0.394147$ & $-0.396861$ & $-0.163662$ & $-0.0134787$ & $-0.00704263$ & $0.209762$ & $0.367264$ & $0.367526$ & $0.360436$ & $-0.428234$ & $0.194519$ & $-0.181165$ & $1$ & $0.110185$ & $-0.0213086$ & $0.0330823$ & $0.0180063$ & $-0.0362021$ & $0.0269804$ & $0.688073$ & $0.020401$ & $-0.00795594$ & $0.0385699$ & $0.00139078$ & $0.00446801$ & $-0.0110807$ & $0.0074331$ & $0.00224666$ & $-0.0034902$ & $-0.0222895$ & $-0.0116437$ & $-0.00413438$ & $-0.000444288$ & $0.0145487$ & $-0.0106789$ \\
CHd_33 & $0.00524352$ & $-0.0223767$ & $-0.0143098$ & $0.0106588$ & $-0.0101531$ & $-0.0676364$ & $-0.0410851$ & $0.312113$ & $0.306727$ & $-0.120052$ & $-0.334945$ & $0.00207464$ & $0.0769944$ & $0.149759$ & $0.133194$ & $0.100876$ & $0.0387271$ & $-0.0526736$ & $-0.0271708$ & $0.328008$ & $0.336434$ & $0.330889$ & $0.00977288$ & $-0.045501$ & $-0.0307834$ & $-0.188069$ & $0.110185$ & $1$ & $-0.0115083$ & $0.0202437$ & $-0.0102288$ & $-0.0433885$ & $0.0259579$ & $0.141435$ & $-0.00137191$ & $0.0205483$ & $0.0239692$ & $0.0141501$ & $-0.0263524$ & $0.0026267$ & $-0.013773$ & $-0.0118265$ & $0.0211388$ & $-0.00434216$ & $-0.00793003$ & $0.0221147$ & $-0.0164939$ & $0.0111882$ & $0.00710647$ \\
CeH_22r & $-0.00582393$ & $-0.0202536$ & $0.00227331$ & $0.00675673$ & $0.000555355$ & $0.00487523$ & $0.0221834$ & $0.0121284$ & $0.018241$ & $-0.00250342$ & $-0.00647752$ & $0.0438502$ & $0.0347002$ & $-0.000115925$ & $0.0204789$ & $0.0182577$ & $-0.0209046$ & $-0.0232887$ & $-0.0208486$ & $0.00829962$ & $0.00409963$ & $0.00365469$ & $-0.0162973$ & $-0.00627984$ & $-0.0275783$ & $0.00379946$ & $-0.0213086$ & $-0.0115083$ & $1$ & $0.045278$ & $0.0228565$ & $0.00783271$ & $0.0567941$ & $-0.0139489$ & $-0.0197304$ & $-0.00720976$ & $-0.0299172$ & $-0.00500622$ & $0.00131961$ & $-0.0081596$ & $-0.0204763$ & $-0.0116256$ & $-0.00424248$ & $0.0201882$ & $-0.0162632$ & $0.01249$ & $0.00489425$ & $0.00182992$ & $0.0208939$ \\
CeH_33r & $-0.00429608$ & $-0.042538$ & $-0.0599843$ & $0.0026666$ & $0.00199443$ & $0.00839315$ & $-0.143882$ & $0.117923$ & $0.131998$ & $-0.124728$ & $-0.0654679$ & $0.340437$ & $0.283419$ & $-0.0648628$ & $0.0356258$ & $0.040337$ & $-0.110108$ & $-0.121494$ & $-0.126664$ & $0.0660528$ & $0.0663144$ & $0.0639022$ & $0.0261291$ & $-0.123547$ & $-0.118308$ & $-0.0479166$ & $0.0330823$ & $0.0202437$ & $0.045278$ & $1$ & $0.298664$ & $0.00343831$ & $0.656276$ & $0.0587061$ & $-0.0397235$ & $-0.0176639$ & $-0.184466$ & $-0.0184974$ & $-0.0122557$ & $-0.0134509$ & $-0.00552606$ & $0.0103462$ & $-0.0234063$ & $0.0127822$ & $0.0605982$ & $-0.0360138$ & $-0.0166799$ & $0.0163475$ & $-0.00973714$ \\
CuH_22r & $-0.0241337$ & $-0.0697264$ & $-0.0342711$ & $-0.00295763$ & $0.00687584$ & $-0.011261$ & $-0.0723573$ & $0.0631868$ & $0.0685542$ & $-0.075021$ & $-0.0409277$ & $0.0922116$ & $0.104891$ & $-0.0222408$ & $0.0198311$ & $0.0238094$ & $-0.0408235$ & $-0.0508514$ & $-0.0565322$ & $0.0389038$ & $0.0402011$ & $0.0373616$ & $0.0150195$ & $-0.0570954$ & $-0.0492484$ & $-0.0310793$ & $0.0180063$ & $-0.0102288$ & $0.0228565$ & $0.298664$ & $1$ & $0.00374002$ & $0.344679$ & $0.0326308$ & $-0.0623583$ & $-0.0149714$ & $-0.0688347$ & $-0.0054467$ & $-0.0121725$ & $0.0155314$ & $-0.0201729$ & $-0.012884$ & $-0.0281339$ & $0.00422158$ & $-0.0511537$ & $0.0690442$ & $0.366801$ & $0.0273291$ & $0.00793804$ \\
CuH_33r & $-0.0470813$ & $-0.0137577$ & $-0.0196115$ & $0.00793442$ & $0.0170371$ & $0.00374563$ & $0.939951$ & $-0.105045$ & $-0.0617433$ & $0.085046$ & $0.0664148$ & $-0.151088$ & $-0.24901$ & $0.045582$ & $-0.0204878$ & $-0.0350765$ & $0.0741258$ & $0.085658$ & $0.0987111$ & $-0.0655618$ & $-0.0700105$ & $-0.0657996$ & $-0.0181623$ & $0.100817$ & $0.0961293$ & $0.0451836$ & $-0.0362021$ & $-0.0433885$ & $0.00783271$ & $0.00343831$ & $0.00374002$ & $1$ & $0.0111438$ & $-0.0708734$ & $0.0313074$ & $0.0473213$ & $-0.0193092$ & $-0.00787057$ & $-0.0589728$ & $0.0247544$ & $-0.000183174$ & $-0.0026384$ & $-0.0152939$ & $-0.0148407$ & $-0.00958484$ & $0.0117656$ & $-0.0123542$ & $0.0132494$ & $0.00431729$ \\
CdH_33r & $0.0196682$ & $-0.042188$ & $-0.0177102$ & $0.0139315$ & $0.00659184$ & $0.00884396$ & $-0.156315$ & $0.132442$ & $0.146849$ & $-0.142217$ & $-0.0799492$ & $0.37652$ & $0.316379$ & $-0.060467$ & $0.0642319$ & $0.0461196$ & $-0.112406$ & $-0.141248$ & $-0.128306$ & $0.0821843$ & $0.0797788$ & $0.0782092$ & $0.0108483$ & $-0.137119$ & $-0.126341$ & $-0.0482668$ & $0.0269804$ & $0.0259579$ & $0.0567941$ & $0.656276$ & $0.344679$ & $0.0111438$ & $1$ & $0.0452829$ & $-0.0522249$ & $-0.026778$ & $-0.195842$ & $-0.0223311$ & $-0.00946358$ & $-0.00146963$ & $-0.0119576$ & $0.0127161$ & $-0.0494598$ & $0.00587011$ & $-0.0454056$ & $0.0907768$ & $-0.0288343$ & $0.143802$ & $0.438878$ \\
CLL_1221 & $0.0159846$ & $-0.00218099$ & $0.0278968$ & $-0.00891582$ & $-0.0319725$ & $-0.10857$ & $-0.0738336$ & $0.558327$ & $0.545033$ & $-0.351005$ & $-0.355213$ & $0.0422614$ & $0.217613$ & $-0.229037$ & $-0.589762$ & $-0.115147$ & $-0.26167$ & $0.0191446$ & $-0.347147$ & $0.276073$ & $0.442577$ & $0.443272$ & $0.230994$ & $-0.639724$ & $-0.205094$ & $-0.270393$ & $0.688073$ & $0.141435$ & $-0.0139489$ & $0.0587061$ & $0.0326308$ & $-0.0708734$ & $0.0452829$ & $1$ & $0.0203296$ & $-0.00434238$ & $0.0512389$ & $0.00377097$ & $0.00510014$ & $-0.0049103$ & $0.0140287$ & $-0.0150466$ & $0.00983378$ & $0.00183157$ & $0.000261272$ & $-0.00701958$ & $0.0155247$ & $0.0153122$ & $-0.00797983$ \\
eHggint & $-0.0512952$ & $0.038523$ & $-0.00212994$ & $0.109379$ & $-0.0237764$ & $-0.00597369$ & $-0.043864$ & $-0.0132979$ & $-0.0295594$ & $0.029074$ & $0.0223255$ & $0.0722842$ & $0.0246889$ & $-0.0279685$ & $-0.0335641$ & $-0.0352001$ & $-0.0122829$ & $0.00263045$ & $0.00556944$ & $-0.0240426$ & $-0.0184973$ & $-0.0131305$ & $-0.00381644$ & $-0.00567092$ & $0.00102738$ & $0.0252994$ & $0.020401$ & $-0.00137191$ & $-0.0197304$ & $-0.0397235$ & $-0.0623583$ & $0.0313074$ & $-0.0522249$ & $0.0203296$ & $1$ & $-0.118277$ & $0.00479805$ & $-0.0113564$ & $-0.095595$ & $-0.0113109$ & $0.0445152$ & $-0.0374859$ & $0.0286392$ & $0.00031496$ & $-0.0323799$ & $-0.0483646$ & $-0.114342$ & $-0.0530588$ & $-0.0129018$ \\
eHggpar & $0.0223683$ & $0.0288243$ & $0.0103305$ & $0.0110875$ & $0.00887883$ & $0.0108604$ & $0.0128844$ & $0.00710191$ & $-0.00346797$ & $0.0284032$ & $-0.00348017$ & $0.0494588$ & $0.0168048$ & $0.00205909$ & $0.0102148$ & $0.0265945$ & $-0.0143768$ & $-0.0130229$ & $-0.0214524$ & $0.00617114$ & $0.00311665$ & $0.00796516$ & $-0.027623$ & $-0.00615292$ & $-0.0125811$ & $0.0185454$ & $-0.00795594$ & $0.0205483$ & $-0.00720976$ & $-0.0176639$ & $-0.0149714$ & $0.0473213$ & $-0.026778$ & $-0.00434238$ & $-0.118277$ & $1$ & $0.0409433$ & $0.0248757$ & $-0.0213288$ & $0.0102893$ & $-0.0447888$ & $-0.0350352$ & $-0.0848097$ & $0.00749126$ & $0.0929769$ & $0.0767659$ & $0.00883184$ & $-0.0757068$ & $0.0225495$ \\
eHWWint & $0.0727431$ & $0.0988129$ & $0.162844$ & $-0.0621216$ & $-0.00307065$ & $-0.0168584$ & $0.0126786$ & $0.0271751$ & $0.0308983$ & $-0.000153656$ & $-0.0232605$ & $-0.00376275$ & $0.0208199$ & $-0.00211031$ & $-0.0192008$ & $-0.0227784$ & $0.00359417$ & $0.00396183$ & $0.00421504$ & $0.0209295$ & $0.0309469$ & $0.0317931$ & $0.0433297$ & $-0.0277886$ & $-0.0090824$ & $-0.0440057$ & $0.0385699$ & $0.0239692$ & $-0.0299172$ & $-0.184466$ & $-0.0688347$ & $-0.0193092$ & $-0.195842$ & $0.0512389$ & $0.00479805$ & $0.0409433$ & $1$ & $-0.028764$ & $0.0624615$ & $-0.00548043$ & $-0.103069$ & $-0.0230903$ & $0.204853$ & $-0.0650514$ & $0.0131706$ & $0.118218$ & $0.0770335$ & $0.0497697$ & $0.0239963$ \\
eHWWpar & $-0.0063615$ & $-0.0294623$ & $-0.0136416$ & $-0.0399005$ & $-0.0103187$ & $-0.000926292$ & $-0.00683888$ & $-0.00147706$ & $-0.0073286$ & $0.00479331$ & $0.0034455$ & $0.01249$ & $0.00517687$ & $-0.00248603$ & $-0.00830748$ & $-0.00382748$ & $-0.00376528$ & $0.00235712$ & $0.00038179$ & $-0.00553691$ & $-0.00461678$ & $0.000964566$ & $0.0170072$ & $-0.00147577$ & $-0.00177766$ & $-0.00720261$ & $0.00139078$ & $0.0141501$ & $-0.00500622$ & $-0.0184974$ & $-0.0054467$ & $-0.00787057$ & $-0.0223311$ & $0.00377097$ & $-0.0113564$ & $0.0248757$ & $-0.028764$ & $1$ & $0.00402665$ & $-0.0268759$ & $0.0181683$ & $0.00865655$ & $-0.00637798$ & $0.00346554$ & $0.00260059$ & $-0.0113146$ & $-0.0080255$ & $-0.0204593$ & $-0.0265791$ \\
eHZZint & $0.0417965$ & $0.00355551$ & $0.119779$ & $-0.103099$ & $-0.0220553$ & $-0.00879008$ & $-0.0563268$ & $0.0162836$ & $0.0107265$ & $-0.0295199$ & $-0.0140218$ & $0.0156629$ & $0.042191$ & $0.00296698$ & $0.012108$ & $0.0227994$ & $-0.00459028$ & $-0.00894556$ & $-0.0224182$ & $0.0161531$ & $0.0135755$ & $0.00814198$ & $0.00141108$ & $-0.0208106$ & $-0.00444068$ & $-0.0121283$ & $0.00446801$ & $-0.0263524$ & $0.00131961$ & $-0.0122557$ & $-0.0121725$ & $-0.0589728$ & $-0.00946358$ & $0.00510014$ & $-0.095595$ & $-0.0213288$ & $0.0624615$ & $0.00402665$ & $1$ & $-0.032199$ & $-0.0802463$ & $-0.0210789$ & $-0.00931332$ & $-0.00784593$ & $0.000968016$ & $-0.00900422$ & $-0.0635011$ & $0.0491863$ & $-0.0269658$ \\
eHZZpar & $0.0202856$ & $0.0380645$ & $-0.0228913$ & $-0.00934106$ & $-0.0228657$ & $-0.00369663$ & $0.0200442$ & $-0.00258565$ & $0.00243332$ & $-0.00377939$ & $-0.00706793$ & $-0.0143016$ & $-0.00501846$ & $0.0140364$ & $0.00697704$ & $0.00792184$ & $0.0173166$ & $0.0122012$ & $0.0130819$ & $0.00986203$ & $0.00654256$ & $0.00612592$ & $0.0157198$ & $0.0150331$ & $0.00360985$ & $-0.0170336$ & $-0.0110807$ & $0.0026267$ & $-0.0081596$ & $-0.0134509$ & $0.0155314$ & $0.0247544$ & $-0.00146963$ & $-0.0049103$ & $-0.0113109$ & $0.0102893$ & $-0.00548043$ & $-0.0268759$ & $-0.032199$ & $1$ & $-0.00489998$ & $0.0152156$ & $0.0283064$ & $-0.042032$ & $-0.0337777$ & $-0.0175552$ & $0.0274753$ & $-0.0122724$ & $0.00811598$ \\
eHZgaint & $-0.0529002$ & $-0.0141112$ & $-0.0339183$ & $-0.0615837$ & $-0.00711332$ & $0.0099434$ & $0.001415$ & $0.0077283$ & $0.00682683$ & $-0.0411505$ & $-0.00354094$ & $-0.0241494$ & $0.00209559$ & $-0.00583621$ & $-0.014306$ & $-0.0157476$ & $-0.0102535$ & $0.00106165$ & $0.0017957$ & $0.00378634$ & $0.00526611$ & $0.00216834$ & $-0.0372023$ & $-0.00797389$ & $-0.00386869$ & $0.0255761$ & $0.0074331$ & $-0.013773$ & $-0.0204763$ & $-0.00552606$ & $-0.0201729$ & $-0.000183174$ & $-0.0119576$ & $0.0140287$ & $0.0445152$ & $-0.0447888$ & $-0.103069$ & $0.0181683$ & $-0.0802463$ & $-0.00489998$ & $1$ & $0.0160912$ & $-0.0216087$ & $0.0886079$ & $-0.0595945$ & $-0.0102893$ & $-0.0619895$ & $-0.144591$ & $-0.00855925$ \\
eHZgapar & $0.0346269$ & $0.044664$ & $-0.0235301$ & $-0.000755888$ & $-0.0417686$ & $0.00362253$ & $0.00814995$ & $-0.034373$ & $-0.0288894$ & $0.0264104$ & $0.03212$ & $0.0145189$ & $0.000234063$ & $-0.0144095$ & $-0.0110465$ & $-0.0204345$ & $0.00635406$ & $0.00834685$ & $0.0143568$ & $-0.0302254$ & $-0.0323137$ & $-0.0335892$ & $0.000541169$ & $0.0107697$ & $0.0180859$ & $0.0223317$ & $0.00224666$ & $-0.0118265$ & $-0.0116256$ & $0.0103462$ & $-0.012884$ & $-0.0026384$ & $0.0127161$ & $-0.0150466$ & $-0.0374859$ & $-0.0350352$ & $-0.0230903$ & $0.00865655$ & $-0.0210789$ & $0.0152156$ & $0.0160912$ & $1$ & $0.0239772$ & $-0.0115344$ & $-0.0313393$ & $-0.0148158$ & $-0.0113314$ & $0.0146964$ & $0.00170406$ \\
eHgagaint & $0.171719$ & $-0.0593577$ & $0.0777471$ & $-0.0753726$ & $0.0101392$ & $-4.57553e-05$ & $-0.0073354$ & $0.00110404$ & $0.0744084$ & $-0.0159528$ & $0.0104796$ & $0.00087113$ & $0.0295499$ & $-0.0242914$ & $-0.016567$ & $-0.000345137$ & $-0.0234174$ & $-0.0110595$ & $-0.0222629$ & $-0.0141202$ & $-0.0135271$ & $-0.0127044$ & $0.0181484$ & $-0.0138181$ & $-0.0422294$ & $-0.00709737$ & $-0.0034902$ & $0.0211388$ & $-0.00424248$ & $-0.0234063$ & $-0.0281339$ & $-0.0152939$ & $-0.0494598$ & $0.00983378$ & $0.0286392$ & $-0.0848097$ & $0.204853$ & $-0.00637798$ & $-0.00931332$ & $0.0283064$ & $-0.0216087$ & $0.0239772$ & $1$ & $0.11187$ & $-0.061808$ & $-0.0463718$ & $0.0227776$ & $-0.00877958$ & $-0.03564$ \\
eHmumuint & $-0.0848402$ & $-0.0279574$ & $0.00049798$ & $-0.0471364$ & $-0.0129547$ & $-0.0118458$ & $-0.0136046$ & $0.00733124$ & $0.0147419$ & $0.0151846$ & $-0.00766607$ & $0.0103545$ & $-0.00243828$ & $-0.00534264$ & $0.00659963$ & $0.0134106$ & $0.00884841$ & $-0.00263941$ & $-0.00504142$ & $0.00777385$ & $0.00784329$ & $0.00807698$ & $-0.0130818$ & $-0.00171427$ & $-0.00938056$ & $0.00216975$ & $-0.0222895$ & $-0.00434216$ & $0.0201882$ & $0.0127822$ & $0.00422158$ & $-0.0148407$ & $0.00587011$ & $0.00183157$ & $0.00031496$ & $0.00749126$ & $-0.0650514$ & $0.00346554$ & $-0.00784593$ & $-0.042032$ & $0.0886079$ & $-0.0115344$ & $0.11187$ & $1$ & $0.124395$ & $0.00210257$ & $0.00157626$ & $-0.00219198$ & $0.00172552$ \\
eHtautauint & $-0.0816463$ & $0.0632094$ & $0.00861702$ & $-0.137099$ & $0.00690484$ & $-0.0100782$ & $-0.00844901$ & $0.00569679$ & $-0.00217885$ & $0.00954114$ & $-0.002379$ & $-0.00142454$ & $-0.0120252$ & $-0.000728334$ & $0.0095772$ & $0.0155205$ & $-0.00932423$ & $-0.0126931$ & $-0.0126048$ & $0.00314427$ & $0.00407878$ & $0.00638139$ & $0.00379766$ & $0.0035419$ & $-0.0144172$ & $-0.00367809$ & $-0.0116437$ & $-0.00793003$ & $-0.0162632$ & $0.0605982$ & $-0.0511537$ & $-0.00958484$ & $-0.0454056$ & $0.000261272$ & $-0.0323799$ & $0.0929769$ & $0.0131706$ & $0.00260059$ & $0.000968016$ & $-0.0337777$ & $-0.0595945$ & $-0.0313393$ & $-0.061808$ & $0.124395$ & $1$ & $-0.0580554$ & $-0.0810403$ & $-0.00923192$ & $-0.0672064$ \\
eHccint & $-0.0611373$ & $-0.0434546$ & $-0.0400107$ & $0.058723$ & $-0.0059057$ & $-0.0156335$ & $0.0173049$ & $0.00679455$ & $0.00375432$ & $0.000114987$ & $-0.0136954$ & $-0.0295844$ & $-0.0314098$ & $0.022455$ & $0.0122659$ & $0.00468585$ & $0.0147343$ & $0.00590559$ & $0.0132965$ & $0.0109787$ & $0.0130414$ & $0.0101228$ & $0.00666181$ & $0.00533393$ & $0.0161447$ & $-0.0164474$ & $-0.00413438$ & $0.0221147$ & $0.01249$ & $-0.0360138$ & $0.0690442$ & $0.0117656$ & $0.0907768$ & $-0.00701958$ & $-0.0483646$ & $0.0767659$ & $0.118218$ & $-0.0113146$ & $-0.00900422$ & $-0.0175552$ & $-0.0102893$ & $-0.0148158$ & $-0.0463718$ & $0.00210257$ & $-0.0580554$ & $1$ & $0.0600317$ & $0.154322$ & $0.20564$ \\
eHccpar & $-0.0299547$ & $-0.10845$ & $-0.0240806$ & $-0.00858663$ & $0.000573507$ & $-0.0138581$ & $-0.00108018$ & $0.0116675$ & $0.0128882$ & $0.000559769$ & $-0.01327$ & $0.000416252$ & $0.00108436$ & $-0.00564538$ & $-0.00634866$ & $0.0157586$ & $0.016069$ & $0.0117278$ & $-0.00801274$ & $0.0119824$ & $0.0114879$ & $0.00954343$ & $0.0283158$ & $-0.00535168$ & $0.00610732$ & $-0.0358028$ & $-0.000444288$ & $-0.0164939$ & $0.00489425$ & $-0.0166799$ & $0.366801$ & $-0.0123542$ & $-0.0288343$ & $0.0155247$ & $-0.114342$ & $0.00883184$ & $0.0770335$ & $-0.0080255$ & $-0.0635011$ & $0.0274753$ & $-0.0619895$ & $-0.0113314$ & $0.0227776$ & $0.00157626$ & $-0.0810403$ & $0.0600317$ & $1$ & $0.0179786$ & $-0.0409318$ \\
eHbbint & $-0.0077996$ & $-0.0670898$ & $0.113235$ & $0.0879197$ & $0.00164629$ & $-0.0170145$ & $0.0247373$ & $0.0218435$ & $0.0237711$ & $-0.000524938$ & $-0.0286403$ & $-0.0123925$ & $-0.00754312$ & $0.0111677$ & $0.00669984$ & $0.0193868$ & $0.0268373$ & $0.0117927$ & $0.00152412$ & $0.0268096$ & $0.0280249$ & $0.0217165$ & $0.0252586$ & $-0.0120744$ & $0.0214826$ & $-0.038495$ & $0.0145487$ & $0.0111882$ & $0.00182992$ & $0.0163475$ & $0.0273291$ & $0.0132494$ & $0.143802$ & $0.0153122$ & $-0.0530588$ & $-0.0757068$ & $0.0497697$ & $-0.0204593$ & $0.0491863$ & $-0.0122724$ & $-0.144591$ & $0.0146964$ & $-0.00877958$ & $-0.00219198$ & $-0.00923192$ & $0.154322$ & $0.0179786$ & $1$ & $-0.0333967$ \\
eHbbpar & $0.0621465$ & $0.00298411$ & $0.0661729$ & $-0.0280004$ & $0.000201404$ & $0.0119642$ & $0.00699059$ & $0.0214802$ & $0.0207817$ & $-0.0272525$ & $-0.0203396$ & $-0.0140925$ & $-0.00584949$ & $0.0124728$ & $0.0239625$ & $0.0065396$ & $-0.0116964$ & $-0.0187181$ & $-0.00466947$ & $0.0222221$ & $0.0200695$ & $0.0247184$ & $-0.0204766$ & $-0.0264049$ & $-0.0181296$ & $-0.00461273$ & $-0.0106789$ & $0.00710647$ & $0.0208939$ & $-0.00973714$ & $0.00793804$ & $0.00431729$ & $0.438878$ & $-0.00797983$ & $-0.0129018$ & $0.0225495$ & $0.0239963$ & $-0.0265791$ & $-0.0269658$ & $0.00811598$ & $-0.00855925$ & $0.00170406$ & $-0.03564$ & $0.00172552$ & $-0.0672064$ & $0.20564$ & $-0.0409318$ & $-0.0333967$ & $1$ \\
