 & AlsMz & dAle5Mz & mtop & mHl & Mz & CW & CHG & CHWB & CHWHB_gaga & CHWHB_gagaorth & CHD & CHbox & CH & CHL1_11 & CHL1_22 & CHL1_33 & CHL3_11 & CHL3_22 & CHL3_33 & CHe_11 & CHe_22 & CHe_33 & CHQ1_11 & CHQ1_33 & CHQ3_11 & CHu_11 & CHd_11 & CHd_33 & CeH_22r & CeH_33r & CuH_22r & CuH_33r & CdH_33r & CLL_1221 & eHggint & eHggpar & eHWWint & eHWWpar & eHZZint & eHZZpar & eHZgaint & eHZgapar & eHgagaint & eHmumuint & eHtautauint & eHccint & eHccpar & eHbbint & eHbbpar \\
AlsMz & $1$ & $0.317328$ & $0.176927$ & $0.149025$ & $-0.0187741$ & $0.00341067$ & $0.057555$ & $0.00661027$ & $0.00185233$ & $-0.0108777$ & $-0.00524209$ & $0.00875285$ & $-0.0341164$ & $-0.00730568$ & $-0.0108256$ & $0.00324791$ & $-0.016233$ & $-0.00296165$ & $-0.020323$ & $0.00617858$ & $0.00809394$ & $0.00406176$ & $0.0299485$ & $-0.0330771$ & $-0.0788586$ & $-0.0353625$ & $-0.00951748$ & $-0.00137225$ & $-0.00256496$ & $0.0310291$ & $-0.0030631$ & $0.0756114$ & $0.0885841$ & $0.0217091$ & $-0.023218$ & $0.0383988$ & $-0.198816$ & $0.00255294$ & $-0.0346463$ & $-0.0247844$ & $-0.188444$ & $-0.0431973$ & $-0.275295$ & $0.200969$ & $0.0209244$ & $-0.0791194$ & $-0.133849$ & $-0.142506$ & $0.179526$ \\
dAle5Mz & $0.317328$ & $1$ & $0.185947$ & $0.198067$ & $0.0114619$ & $0.00632813$ & $0.0488591$ & $0.0300011$ & $0.0244082$ & $-0.0315326$ & $-0.0308414$ & $-0.0204407$ & $-0.0288533$ & $0.00180437$ & $0.030003$ & $0.00153949$ & $-0.0092949$ & $-0.0338252$ & $-0.0139326$ & $0.0389488$ & $0.0426586$ & $0.0418062$ & $0.0280983$ & $-0.0459868$ & $-0.0356362$ & $-0.0375054$ & $0.0196065$ & $0.0256029$ & $0.00733088$ & $0.026426$ & $-0.0129329$ & $0.0665289$ & $0.049078$ & $0.0262593$ & $0.0923767$ & $0.0488176$ & $-0.386887$ & $-0.0880174$ & $-0.396305$ & $0.0685374$ & $-0.372661$ & $-0.0321875$ & $-0.17886$ & $-0.144675$ & $-0.13543$ & $-0.0596502$ & $-0.363989$ & $0.021094$ & $0.0507442$ \\
mtop & $0.176927$ & $0.185947$ & $1$ & $-0.226602$ & $0.00913825$ & $-0.00142518$ & $0.135246$ & $-0.0436613$ & $-0.0449349$ & $0.00762571$ & $0.0568694$ & $0.00765107$ & $-0.0229928$ & $-0.0434738$ & $-0.00744083$ & $0.00708399$ & $-0.0241083$ & $-0.0142543$ & $-0.0328432$ & $-0.0481709$ & $-0.0546923$ & $-0.0578111$ & $0.0436017$ & $0.00145636$ & $-0.0253962$ & $-0.00695969$ & $-0.0277286$ & $-0.0669929$ & $0.0132453$ & $0.0504487$ & $-0.0275454$ & $0.165036$ & $-0.0235919$ & $-0.0208499$ & $0.305882$ & $-0.0602915$ & $-0.341109$ & $-0.0135258$ & $-0.0450436$ & $-0.104207$ & $-0.0695164$ & $-0.0392231$ & $-0.251506$ & $-0.126049$ & $0.0838914$ & $-0.0873597$ & $-0.333789$ & $-0.100171$ & $-0.22431$ \\
mHl & $0.149025$ & $0.198067$ & $-0.226602$ & $1$ & $0.0250865$ & $0.017078$ & $0.0621725$ & $-0.00695739$ & $0.00613059$ & $0.0233599$ & $-0.012821$ & $-0.043418$ & $-0.0629797$ & $0.0421348$ & $0.0178117$ & $0.0216414$ & $0.0268311$ & $0.0201543$ & $0.0188248$ & $0.0130659$ & $0.0124996$ & $0.00654207$ & $-0.0240223$ & $0.0184659$ & $0.00979451$ & $0.0191888$ & $-0.0191828$ & $-0.00301413$ & $-0.0470556$ & $0.00282518$ & $-0.0130471$ & $0.0351815$ & $0.102921$ & $-0.0193067$ & $-0.529989$ & $-0.0409827$ & $-0.087095$ & $-0.0289078$ & $-0.413922$ & $0.150805$ & $0.0747207$ & $0.110865$ & $0.0549308$ & $-0.01336$ & $-0.142719$ & $0.250532$ & $-0.071638$ & $0.212199$ & $0.177196$ \\
Mz & $-0.0187741$ & $0.0114619$ & $0.00913825$ & $0.0250865$ & $1$ & $0.00427785$ & $0.0104466$ & $0.00458549$ & $0.0097877$ & $0.013337$ & $0.00737451$ & $0.0318307$ & $0.0359303$ & $0.00628313$ & $-0.00530991$ & $0.0174515$ & $-0.0179331$ & $-0.00113989$ & $-0.0208939$ & $0.00238504$ & $0.000335526$ & $0.00207993$ & $0.0136998$ & $0.00195888$ & $-0.0109884$ & $-0.0174443$ & $-0.00328525$ & $-0.00737245$ & $-0.0271668$ & $-0.001343$ & $-0.0106105$ & $0.00365566$ & $-0.0128973$ & $0.00351838$ & $-0.00157497$ & $0.00512686$ & $0.0221636$ & $0.0105621$ & $0.0266076$ & $-0.0401281$ & $-0.00587281$ & $-0.00214285$ & $-0.03783$ & $-0.0339655$ & $-0.00981707$ & $0.0205348$ & $0.0240143$ & $-0.0206401$ & $0.00334923$ \\
CW & $0.00341067$ & $0.00632813$ & $-0.00142518$ & $0.017078$ & $0.00427785$ & $1$ & $-0.00790517$ & $-0.0993953$ & $-0.096092$ & $-0.000574111$ & $0.158583$ & $0.0261766$ & $-0.00630347$ & $0.0237142$ & $-0.0859123$ & $-0.0766884$ & $-0.264583$ & $-0.0490273$ & $-0.0572128$ & $-0.15769$ & $-0.158787$ & $-0.153735$ & $0.00872724$ & $-0.0233605$ & $-0.0869612$ & $0.0737998$ & $-0.055969$ & $-0.0574818$ & $-0.00398318$ & $0.0058291$ & $0.00473706$ & $-0.00213973$ & $-0.00189468$ & $-0.0923981$ & $0.00842572$ & $-0.0241157$ & $-0.0183767$ & $-0.00370151$ & $0.00669552$ & $0.00599537$ & $-0.033754$ & $-0.0101894$ & $0.0286774$ & $-0.00873354$ & $-0.0360599$ & $-0.00361901$ & $-0.00512656$ & $0.00796851$ & $0.00365504$ \\
CHG & $0.057555$ & $0.0488591$ & $0.135246$ & $0.0621725$ & $0.0104466$ & $-0.00790517$ & $1$ & $-0.0603732$ & $-0.0107123$ & $0.0159565$ & $0.0371478$ & $-0.139323$ & $-0.190336$ & $0.0264268$ & $0.0113536$ & $0.000131973$ & $0.0393974$ & $0.0372675$ & $0.0393495$ & $-0.0306619$ & $-0.0402562$ & $-0.0448579$ & $-0.0202929$ & $0.0565887$ & $0.0410524$ & $0.0279493$ & $-0.0438654$ & $-0.0142545$ & $-0.00670815$ & $-0.0911012$ & $-0.0388177$ & $0.933866$ & $-0.122538$ & $-0.0576773$ & $-0.0670554$ & $0.0374612$ & $-0.0736332$ & $0.0560606$ & $0.0430715$ & $0.0286193$ & $0.0585428$ & $-0.00194425$ & $-0.0967965$ & $0.0838612$ & $0.012165$ & $0.0248$ & $-0.0447078$ & $-0.0548372$ & $-0.0208652$ \\
CHWB & $0.00661027$ & $0.0300011$ & $-0.0436613$ & $-0.00695739$ & $0.00458549$ & $-0.0993953$ & $-0.0603732$ & $1$ & $0.983618$ & $-0.577385$ & $-0.88576$ & $-0.0732465$ & $0.252036$ & $0.132544$ & $0.309837$ & $0.297083$ & $-0.204506$ & $-0.41631$ & $-0.408155$ & $0.856231$ & $0.901786$ & $0.884217$ & $0.0506284$ & $-0.654907$ & $-0.394545$ & $-0.492417$ & $0.40901$ & $0.30165$ & $0.0148204$ & $0.0640348$ & $0.0313412$ & $-0.0637158$ & $0.101397$ & $0.551244$ & $0.0296369$ & $-0.0452061$ & $0.0721416$ & $0.0208438$ & $0.00914357$ & $0.00256999$ & $0.00456062$ & $0.0159804$ & $-0.0514809$ & $-0.0144748$ & $-0.00986193$ & $-0.0625377$ & $-0.0133113$ & $0.0096245$ & $0.0803387$ \\
CHWHB_gaga & $0.00185233$ & $0.0244082$ & $-0.0449349$ & $0.00613059$ & $0.0097877$ & $-0.096092$ & $-0.0107123$ & $0.983618$ & $1$ & $-0.564679$ & $-0.870896$ & $-0.0578693$ & $0.247257$ & $0.13068$ & $0.308867$ & $0.293482$ & $-0.203807$ & $-0.412455$ & $-0.401976$ & $0.842854$ & $0.886183$ & $0.869566$ & $0.0477178$ & $-0.645698$ & $-0.392832$ & $-0.481981$ & $0.395349$ & $0.29535$ & $0.0205866$ & $0.0863122$ & $0.0535675$ & $-0.0230887$ & $0.127195$ & $0.537798$ & $0.0124991$ & $-0.0537208$ & $0.0635726$ & $0.0231001$ & $0.0114079$ & $0.00571431$ & $-0.00636015$ & $0.0143578$ & $-0.0214249$ & $-0.0146373$ & $-0.0270504$ & $-0.0489437$ & $-0.00874788$ & $0.0265996$ & $0.0744264$ \\
CHWHB_gagaorth & $-0.0108777$ & $-0.0315326$ & $0.00762571$ & $0.0233599$ & $0.013337$ & $-0.000574111$ & $0.0159565$ & $-0.577385$ & $-0.564679$ & $1$ & $0.363869$ & $0.374395$ & $-0.184529$ & $0.217728$ & $-0.140269$ & $-0.133668$ & $0.425684$ & $0.495184$ & $0.49197$ & $-0.347682$ & $-0.378593$ & $-0.365722$ & $-0.0311687$ & $0.558426$ & $0.480113$ & $0.204325$ & $-0.232644$ & $-0.103765$ & $-0.0215089$ & $-0.0875363$ & $-0.0337557$ & $0.0371287$ & $-0.133859$ & $-0.34297$ & $-0.0179435$ & $0.0407944$ & $-0.0561831$ & $-0.0191313$ & $-0.0135014$ & $0.0305505$ & $-0.0186605$ & $-0.0258612$ & $0.0576629$ & $0.0233593$ & $0.0153106$ & $0.0492192$ & $-0.00398129$ & $-0.00377044$ & $-0.0751517$ \\
CHD & $-0.00524209$ & $-0.0308414$ & $0.0568694$ & $-0.012821$ & $0.00737451$ & $0.158583$ & $0.0371478$ & $-0.88576$ & $-0.870896$ & $0.363869$ & $1$ & $0.16452$ & $-0.123006$ & $-0.52953$ & $-0.426528$ & $-0.411845$ & $-0.23736$ & $0.0634283$ & $0.0573745$ & $-0.990299$ & $-0.991369$ & $-0.969583$ & $-0.0113627$ & $0.300328$ & $0.0238646$ & $0.552401$ & $-0.287601$ & $-0.33698$ & $-0.0152849$ & $-0.0299898$ & $-0.011637$ & $0.0472265$ & $-0.0704261$ & $-0.363947$ & $-0.00188876$ & $0.017763$ & $-0.0481117$ & $-0.0309111$ & $0.00148331$ & $-0.0405537$ & $-0.00180698$ & $-0.015502$ & $0.030406$ & $0.00616716$ & $0.015201$ & $0.0382783$ & $0.0167202$ & $-0.00458158$ & $-0.0538561$ \\
CHbox & $0.00875285$ & $-0.0204407$ & $0.00765107$ & $-0.043418$ & $0.0318307$ & $0.0261766$ & $-0.139323$ & $-0.0732465$ & $-0.0578693$ & $0.374395$ & $0.16452$ & $1$ & $0.651348$ & $-0.228801$ & $-0.000374184$ & $0.0230345$ & $-0.207425$ & $-0.170382$ & $-0.183862$ & $-0.144411$ & $-0.170911$ & $-0.158685$ & $0.000762272$ & $-0.0561729$ & $-0.177197$ & $0.0933989$ & $-0.0917876$ & $-0.0314793$ & $0.0167108$ & $0.295901$ & $0.110653$ & $-0.0493945$ & $0.369137$ & $-0.068741$ & $0.0986312$ & $-0.0694195$ & $-0.0116546$ & $-0.0106114$ & $0.0123026$ & $-0.0353911$ & $-0.0645343$ & $-0.0245214$ & $-0.00977762$ & $0.0137506$ & $-0.0515791$ & $-0.0241989$ & $0.00895491$ & $0.0352203$ & $0.00765479$ \\
CH & $-0.0341164$ & $-0.0288533$ & $-0.0229928$ & $-0.0629797$ & $0.0359303$ & $-0.00630347$ & $-0.190336$ & $0.252036$ & $0.247257$ & $-0.184529$ & $-0.123006$ & $0.651348$ & $1$ & $-0.174277$ & $0.0703598$ & $0.0739014$ & $-0.262807$ & $-0.28873$ & $-0.287731$ & $0.12276$ & $0.127387$ & $0.128926$ & $0.0338205$ & $-0.275808$ & $-0.269163$ & $-0.0778767$ & $0.0945252$ & $0.0560336$ & $0.0323211$ & $0.208677$ & $0.0938024$ & $-0.146298$ & $0.289711$ & $0.137939$ & $0.0829383$ & $-0.116388$ & $0.0527541$ & $-0.00139669$ & $0.0399722$ & $-0.0433757$ & $-0.0659788$ & $0.000450815$ & $-0.00576241$ & $-0.0156357$ & $-0.0659655$ & $-0.0455855$ & $0.046523$ & $0.0377798$ & $0.0537259$ \\
CHL1_11 & $-0.00730568$ & $0.00180437$ & $-0.0434738$ & $0.0421348$ & $0.00628313$ & $0.0237142$ & $0.0264268$ & $0.132544$ & $0.13068$ & $0.217728$ & $-0.52953$ & $-0.228801$ & $-0.174277$ & $1$ & $0.277503$ & $0.264773$ & $0.651261$ & $0.576122$ & $0.579285$ & $0.548594$ & $0.492476$ & $0.478186$ & $-0.0571784$ & $0.452104$ & $0.585448$ & $-0.290561$ & $-0.0734495$ & $0.175204$ & $0.00688671$ & $-0.0388127$ & $-0.028185$ & $0.0130432$ & $-0.0286747$ & $-0.193829$ & $-0.0574186$ & $0.0388754$ & $-0.0286571$ & $0.0197841$ & $-0.00849694$ & $0.0778121$ & $0.00566683$ & $0.0130388$ & $0.0401544$ & $0.00695845$ & $-0.0138418$ & $0.0325091$ & $-0.00645707$ & $0.00142689$ & $-0.0317675$ \\
CHL1_22 & $-0.0108256$ & $0.030003$ & $-0.00744083$ & $0.0178117$ & $-0.00530991$ & $-0.0859123$ & $0.0113536$ & $0.309837$ & $0.308867$ & $-0.140269$ & $-0.426528$ & $-0.000374184$ & $0.0703598$ & $0.277503$ & $1$ & $0.45467$ & $0.166316$ & $-0.464857$ & $-0.0449834$ & $0.491566$ & $0.34415$ & $0.332463$ & $-0.140219$ & $0.110458$ & $-0.140741$ & $-0.216551$ & $-0.396327$ & $0.127771$ & $0.0215482$ & $0.0223531$ & $-0.00905246$ & $0.0099779$ & $0.0428529$ & $-0.593992$ & $0.0182498$ & $-0.0203792$ & $-0.0486373$ & $0.0276358$ & $-0.0308025$ & $0.0851893$ & $-0.0179316$ & $0.0227272$ & $-0.0401878$ & $-0.018172$ & $-0.0461147$ & $-0.00876922$ & $-0.0280152$ & $0.00557983$ & $0.000918674$ \\
CHL1_33 & $0.00324791$ & $0.00153949$ & $0.00708399$ & $0.0216414$ & $0.0174515$ & $-0.0766884$ & $0.000131973$ & $0.297083$ & $0.293482$ & $-0.133668$ & $-0.411845$ & $0.0230345$ & $0.0739014$ & $0.264773$ & $0.45467$ & $1$ & $0.157671$ & $-0.0406089$ & $-0.454457$ & $0.477041$ & $0.328557$ & $0.343561$ & $-0.158252$ & $0.109766$ & $-0.128713$ & $-0.189887$ & $-0.385385$ & $0.12107$ & $-0.00486798$ & $0.0366357$ & $-0.0189228$ & $0.00623963$ & $0.0519602$ & $-0.113395$ & $0.0262704$ & $-0.0282162$ & $-0.0225277$ & $0.00654791$ & $-0.037067$ & $0.0361133$ & $0.0142623$ & $0.0325863$ & $-0.0342068$ & $-0.0192871$ & $-0.0251519$ & $-0.0540966$ & $-0.0158279$ & $-0.0205217$ & $0.00682604$ \\
CHL3_11 & $-0.016233$ & $-0.0092949$ & $-0.0241083$ & $0.0268311$ & $-0.0179331$ & $-0.264583$ & $0.0393974$ & $-0.204506$ & $-0.203807$ & $0.425684$ & $-0.23736$ & $-0.207425$ & $-0.262807$ & $0.651261$ & $0.166316$ & $0.157671$ & $1$ & $0.720903$ & $0.721356$ & $0.260309$ & $0.207389$ & $0.197886$ & $-0.0459806$ & $0.655801$ & $0.768283$ & $-0.13284$ & $-0.135228$ & $0.0784289$ & $-0.001541$ & $-0.0776056$ & $-0.0416193$ & $0.0217602$ & $-0.07023$ & $-0.223757$ & $-0.0588656$ & $0.0544146$ & $-0.0231711$ & $0.0266451$ & $-0.0179898$ & $0.0609619$ & $-0.008783$ & $-0.0100069$ & $0.0455078$ & $0.0160152$ & $-0.00459955$ & $0.0531692$ & $0.000124248$ & $-0.0103263$ & $-0.0502937$ \\
CHL3_22 & $-0.00296165$ & $-0.0338252$ & $-0.0142543$ & $0.0201543$ & $-0.00113989$ & $-0.0490273$ & $0.0372675$ & $-0.41631$ & $-0.412455$ & $0.495184$ & $0.0634283$ & $-0.170382$ & $-0.28873$ & $0.576122$ & $-0.464857$ & $-0.0406089$ & $0.720903$ & $1$ & $0.662698$ & $-0.0652375$ & $-0.0553515$ & $-0.052821$ & $0.0141721$ & $0.598622$ & $0.791831$ & $0.0278682$ & $0.0271047$ & $-0.0178715$ & $-0.0152573$ & $-0.0779004$ & $-0.0335123$ & $0.0259505$ & $-0.0870212$ & $0.0674744$ & $-0.0638996$ & $0.0604031$ & $-0.00606025$ & $0.00231832$ & $0.00604761$ & $0.00920854$ & $0.0129655$ & $-0.0167463$ & $0.0707716$ & $0.0245295$ & $0.0235201$ & $0.0492575$ & $0.0188477$ & $-0.0164942$ & $-0.0542666$ \\
CHL3_33 & $-0.020323$ & $-0.0139326$ & $-0.0328432$ & $0.0188248$ & $-0.0208939$ & $-0.0572128$ & $0.0393495$ & $-0.408155$ & $-0.401976$ & $0.49197$ & $0.0573745$ & $-0.183862$ & $-0.287731$ & $0.579285$ & $-0.0449834$ & $-0.454457$ & $0.721356$ & $0.662698$ & $1$ & $-0.0603665$ & $-0.0460109$ & $-0.0424499$ & $0.0309826$ & $0.595546$ & $0.785671$ & $0.0126819$ & $0.0319548$ & $-0.0170657$ & $0.00835117$ & $-0.0841945$ & $-0.0239456$ & $0.0214821$ & $-0.0925678$ & $-0.307778$ & $-0.0772037$ & $0.0694902$ & $-0.0290544$ & $0.0133674$ & $0.00873985$ & $0.0478727$ & $-0.0132683$ & $-0.0185846$ & $0.0723328$ & $0.0259387$ & $0.00665188$ & $0.0870472$ & $0.0152182$ & $0.00798397$ & $-0.0573886$ \\
CHe_11 & $0.00617858$ & $0.0389488$ & $-0.0481709$ & $0.0130659$ & $0.00238504$ & $-0.15769$ & $-0.0306619$ & $0.856231$ & $0.842854$ & $-0.347682$ & $-0.990299$ & $-0.144411$ & $0.12276$ & $0.548594$ & $0.491566$ & $0.477041$ & $0.260309$ & $-0.0652375$ & $-0.0603665$ & $1$ & $0.972366$ & $0.951031$ & $-0.0108893$ & $-0.243247$ & $-0.0148591$ & $-0.543343$ & $0.213089$ & $0.332565$ & $0.0150857$ & $0.0318094$ & $0.0102753$ & $-0.0392383$ & $0.071838$ & $0.282394$ & $0.00805068$ & $-0.0190572$ & $0.0367042$ & $0.0329904$ & $-0.00752942$ & $0.04388$ & $0.000156642$ & $0.015014$ & $-0.034473$ & $-0.0093997$ & $-0.0186801$ & $-0.0399877$ & $-0.0198086$ & $0.00129703$ & $0.0472328$ \\
CHe_22 & $0.00809394$ & $0.0426586$ & $-0.0546923$ & $0.0124996$ & $0.000335526$ & $-0.158787$ & $-0.0402562$ & $0.901786$ & $0.886183$ & $-0.378593$ & $-0.991369$ & $-0.170911$ & $0.127387$ & $0.492476$ & $0.34415$ & $0.328557$ & $0.207389$ & $-0.0553515$ & $-0.0460109$ & $0.972366$ & $1$ & $0.974932$ & $0.0358314$ & $-0.354937$ & $-0.0279537$ & $-0.553242$ & $0.367555$ & $0.337996$ & $0.014849$ & $0.0298627$ & $0.0143113$ & $-0.0507877$ & $0.0692447$ & $0.448124$ & $0.000345613$ & $-0.015381$ & $0.0533401$ & $0.0280396$ & $-0.00337991$ & $0.0312024$ & $-0.000319665$ & $0.0118677$ & $-0.0314467$ & $-0.00632014$ & $-0.0115323$ & $-0.0373271$ & $-0.0196913$ & $0.00753921$ & $0.0577349$ \\
CHe_33 & $0.00406176$ & $0.0418062$ & $-0.0578111$ & $0.00654207$ & $0.00207993$ & $-0.153735$ & $-0.0448579$ & $0.884217$ & $0.869566$ & $-0.365722$ & $-0.969583$ & $-0.158685$ & $0.128926$ & $0.478186$ & $0.332463$ & $0.343561$ & $0.197886$ & $-0.052821$ & $-0.0424499$ & $0.951031$ & $0.974932$ & $1$ & $0.0385491$ & $-0.348146$ & $-0.025995$ & $-0.541197$ & $0.367535$ & $0.325515$ & $0.0158323$ & $0.0303074$ & $0.0119113$ & $-0.0556503$ & $0.0661403$ & $0.446003$ & $0.00296516$ & $-0.0158796$ & $0.051665$ & $0.0279225$ & $9.36445e-05$ & $0.0319079$ & $-0.00348572$ & $0.00845198$ & $-0.0202844$ & $-0.0056443$ & $-0.0094916$ & $-0.0421615$ & $-0.0116588$ & $0.00961268$ & $0.0550016$ \\
CHQ1_11 & $0.0299485$ & $0.0280983$ & $0.0436017$ & $-0.0240223$ & $0.0136998$ & $0.00872724$ & $-0.0202929$ & $0.0506284$ & $0.0477178$ & $-0.0311687$ & $-0.0113627$ & $0.000762272$ & $0.0338205$ & $-0.0571784$ & $-0.140219$ & $-0.158252$ & $-0.0459806$ & $0.0141721$ & $0.0309826$ & $-0.0108893$ & $0.0358314$ & $0.0385491$ & $1$ & $-0.104984$ & $0.0957122$ & $-0.690575$ & $0.321963$ & $0.0172931$ & $-0.00499418$ & $0.034622$ & $0.0163064$ & $-0.0206807$ & $0.0103183$ & $0.163315$ & $0.0257241$ & $-0.00163065$ & $0.0157063$ & $-0.0207402$ & $-0.0287335$ & $-0.0192777$ & $0.00731879$ & $-0.0203823$ & $-0.0349945$ & $0.00682082$ & $0.0182718$ & $-0.0639208$ & $-0.0502773$ & $-0.0277705$ & $0.0203474$ \\
CHQ1_33 & $-0.0330771$ & $-0.0459868$ & $0.00145636$ & $0.0184659$ & $0.00195888$ & $-0.0233605$ & $0.0565887$ & $-0.654907$ & $-0.645698$ & $0.558426$ & $0.300328$ & $-0.0561729$ & $-0.275808$ & $0.452104$ & $0.110458$ & $0.109766$ & $0.655801$ & $0.598622$ & $0.595546$ & $-0.243247$ & $-0.354937$ & $-0.348146$ & $-0.104984$ & $1$ & $0.633439$ & $0.174595$ & $-0.403085$ & $-0.0110021$ & $-0.00266035$ & $-0.0784582$ & $-0.0441383$ & $0.0486672$ & $-0.0919749$ & $-0.623752$ & $-0.0429752$ & $0.0574832$ & $-0.0684145$ & $0.00535441$ & $-0.00435874$ & $0.0531594$ & $0.0284027$ & $0.00972426$ & $0.039302$ & $0.0094565$ & $-0.00302689$ & $0.0384931$ & $0.0148464$ & $-0.0197063$ & $-0.0641655$ \\
CHQ3_11 & $-0.0788586$ & $-0.0356362$ & $-0.0253962$ & $0.00979451$ & $-0.0109884$ & $-0.0869612$ & $0.0410524$ & $-0.394545$ & $-0.392832$ & $0.480113$ & $0.0238646$ & $-0.177197$ & $-0.269163$ & $0.585448$ & $-0.140741$ & $-0.128713$ & $0.768283$ & $0.791831$ & $0.785671$ & $-0.0148591$ & $-0.0279537$ & $-0.025995$ & $0.0957122$ & $0.633439$ & $1$ & $0.00428772$ & $0.225509$ & $0.00698576$ & $-0.010094$ & $-0.0770896$ & $-0.0409636$ & $0.0241502$ & $-0.0965568$ & $-0.188438$ & $-0.0673111$ & $0.0447437$ & $-0.00175976$ & $-0.0107624$ & $-0.00450504$ & $0.0313163$ & $0.0424855$ & $0.00691609$ & $0.0530227$ & $0.0166498$ & $0.0381036$ & $0.047164$ & $0.00384119$ & $-0.00476161$ & $-0.0605022$ \\
CHu_11 & $-0.0353625$ & $-0.0375054$ & $-0.00695969$ & $0.0191888$ & $-0.0174443$ & $0.0737998$ & $0.0279493$ & $-0.492417$ & $-0.481981$ & $0.204325$ & $0.552401$ & $0.0933989$ & $-0.0778767$ & $-0.290561$ & $-0.216551$ & $-0.189887$ & $-0.13284$ & $0.0278682$ & $0.0126819$ & $-0.543343$ & $-0.553242$ & $-0.541197$ & $-0.690575$ & $0.174595$ & $0.00428772$ & $1$ & $-0.15991$ & $-0.183889$ & $-0.0147832$ & $-0.0307911$ & $-0.00411502$ & $0.0323105$ & $-0.0405954$ & $-0.222163$ & $-0.0272226$ & $0.00526724$ & $-0.0158944$ & $-0.0121294$ & $0.0168567$ & $-0.000291228$ & $0.0278386$ & $0.0115608$ & $0.0361566$ & $0.00326801$ & $0.019952$ & $0.0552596$ & $0.0398288$ & $0.017275$ & $-0.0383279$ \\
CHd_11 & $-0.00951748$ & $0.0196065$ & $-0.0277286$ & $-0.0191828$ & $-0.00328525$ & $-0.055969$ & $-0.0438654$ & $0.40901$ & $0.395349$ & $-0.232644$ & $-0.287601$ & $-0.0917876$ & $0.0945252$ & $-0.0734495$ & $-0.396327$ & $-0.385385$ & $-0.135228$ & $0.0271047$ & $0.0319548$ & $0.213089$ & $0.367555$ & $0.367535$ & $0.321963$ & $-0.403085$ & $0.225509$ & $-0.15991$ & $1$ & $0.11472$ & $-0.00766893$ & $0.0165549$ & $0.0245801$ & $-0.0538411$ & $0.0154327$ & $0.67623$ & $-0.010417$ & $-0.0186669$ & $0.0904625$ & $-0.0259714$ & $0.0205259$ & $-0.0470166$ & $0.0513388$ & $0.0147249$ & $-0.0355051$ & $0.0117987$ & $0.0617185$ & $-0.047664$ & $-0.0116607$ & $0.000512501$ & $0.0639599$ \\
CHd_33 & $-0.00137225$ & $0.0256029$ & $-0.0669929$ & $-0.00301413$ & $-0.00737245$ & $-0.0574818$ & $-0.0142545$ & $0.30165$ & $0.29535$ & $-0.103765$ & $-0.33698$ & $-0.0314793$ & $0.0560336$ & $0.175204$ & $0.127771$ & $0.12107$ & $0.0784289$ & $-0.0178715$ & $-0.0170657$ & $0.332565$ & $0.337996$ & $0.325515$ & $0.0172931$ & $-0.0110021$ & $0.00698576$ & $-0.183889$ & $0.11472$ & $1$ & $0.0222577$ & $-0.00881227$ & $-0.0328736$ & $-0.0223954$ & $0.002139$ & $0.138733$ & $0.00965254$ & $-0.00423616$ & $0.0131722$ & $-0.0159265$ & $-0.0112705$ & $0.0148831$ & $0.0176718$ & $0.0194408$ & $-0.0141428$ & $-0.00578968$ & $-0.00186504$ & $-0.0342986$ & $0.0131918$ & $-0.0282681$ & $0.0234584$ \\
CeH_22r & $-0.00256496$ & $0.00733088$ & $0.0132453$ & $-0.0470556$ & $-0.0271668$ & $-0.00398318$ & $-0.00670815$ & $0.0148204$ & $0.0205866$ & $-0.0215089$ & $-0.0152849$ & $0.0167108$ & $0.0323211$ & $0.00688671$ & $0.0215482$ & $-0.00486798$ & $-0.001541$ & $-0.0152573$ & $0.00835117$ & $0.0150857$ & $0.014849$ & $0.0158323$ & $-0.00499418$ & $-0.00266035$ & $-0.010094$ & $-0.0147832$ & $-0.00766893$ & $0.0222577$ & $1$ & $0.0259726$ & $0.00621486$ & $-0.0270646$ & $0.00957147$ & $-0.00846792$ & $0.0460307$ & $-0.0255378$ & $0.0115127$ & $-0.0298988$ & $0.0108112$ & $-0.00708212$ & $-0.0189095$ & $0.0106727$ & $-0.00446448$ & $0.0342217$ & $0.0133731$ & $-0.0213136$ & $-0.0106463$ & $0.0183293$ & $0.00772879$ \\
CeH_33r & $0.0310291$ & $0.026426$ & $0.0504487$ & $0.00282518$ & $-0.001343$ & $0.0058291$ & $-0.0911012$ & $0.0640348$ & $0.0863122$ & $-0.0875363$ & $-0.0299898$ & $0.295901$ & $0.208677$ & $-0.0388127$ & $0.0223531$ & $0.0366357$ & $-0.0776056$ & $-0.0779004$ & $-0.0841945$ & $0.0318094$ & $0.0298627$ & $0.0303074$ & $0.034622$ & $-0.0784582$ & $-0.0770896$ & $-0.0307911$ & $0.0165549$ & $-0.00881227$ & $0.0259726$ & $1$ & $0.297379$ & $0.0637768$ & $0.676124$ & $0.0287677$ & $0.0107195$ & $0.00839625$ & $-0.111038$ & $-0.0254559$ & $-0.0655042$ & $-0.000789818$ & $-0.0102858$ & $0.0111289$ & $-0.0249582$ & $0.0339767$ & $-0.0255741$ & $0.018419$ & $-0.0254861$ & $0.0268544$ & $-0.00890324$ \\
CuH_22r & $-0.0030631$ & $-0.0129329$ & $-0.0275454$ & $-0.0130471$ & $-0.0106105$ & $0.00473706$ & $-0.0388177$ & $0.0313412$ & $0.0535675$ & $-0.0337557$ & $-0.011637$ & $0.110653$ & $0.0938024$ & $-0.028185$ & $-0.00905246$ & $-0.0189228$ & $-0.0416193$ & $-0.0335123$ & $-0.0239456$ & $0.0102753$ & $0.0143113$ & $0.0119113$ & $0.0163064$ & $-0.0441383$ & $-0.0409636$ & $-0.00411502$ & $0.0245801$ & $-0.0328736$ & $0.00621486$ & $0.297379$ & $1$ & $0.0498946$ & $0.368374$ & $0.0282775$ & $-0.0261511$ & $0.0166314$ & $-0.0345412$ & $0.0232908$ & $-0.0063653$ & $-0.00132333$ & $-0.0494233$ & $0.006814$ & $0.0168624$ & $-0.0335755$ & $-0.0466287$ & $0.0849915$ & $0.153633$ & $0.023761$ & $-0.0233327$ \\
CuH_33r & $0.0756114$ & $0.0665289$ & $0.165036$ & $0.0351815$ & $0.00365566$ & $-0.00213973$ & $0.933866$ & $-0.0637158$ & $-0.0230887$ & $0.0371287$ & $0.0472265$ & $-0.0493945$ & $-0.146298$ & $0.0130432$ & $0.0099779$ & $0.00623963$ & $0.0217602$ & $0.0259505$ & $0.0214821$ & $-0.0392383$ & $-0.0507877$ & $-0.0556503$ & $-0.0206807$ & $0.0486672$ & $0.0241502$ & $0.0323105$ & $-0.0538411$ & $-0.0223954$ & $-0.0270646$ & $0.0637768$ & $0.0498946$ & $1$ & $0.0654624$ & $-0.0602344$ & $-0.0122033$ & $0.057883$ & $-0.11919$ & $0.0489415$ & $0.0405927$ & $0.0308526$ & $0.041673$ & $-0.0229028$ & $-0.103177$ & $0.10131$ & $-0.00301523$ & $0.0262748$ & $-0.0596599$ & $-0.0571961$ & $-0.0431023$ \\
CdH_33r & $0.0885841$ & $0.049078$ & $-0.0235919$ & $0.102921$ & $-0.0128973$ & $-0.00189468$ & $-0.122538$ & $0.101397$ & $0.127195$ & $-0.133859$ & $-0.0704261$ & $0.369137$ & $0.289711$ & $-0.0286747$ & $0.0428529$ & $0.0519602$ & $-0.07023$ & $-0.0870212$ & $-0.0925678$ & $0.071838$ & $0.0692447$ & $0.0661403$ & $0.0103183$ & $-0.0919749$ & $-0.0965568$ & $-0.0405954$ & $0.0154327$ & $0.002139$ & $0.00957147$ & $0.676124$ & $0.368374$ & $0.0654624$ & $1$ & $0.0448838$ & $-0.0362008$ & $-0.0809385$ & $-0.0489214$ & $0.00571531$ & $-0.0634758$ & $0.048855$ & $-0.0761014$ & $0.0509588$ & $0.0238136$ & $-0.0363975$ & $-0.178179$ & $-0.0103128$ & $2.60517e-05$ & $0.224889$ & $0.308728$ \\
CLL_1221 & $0.0217091$ & $0.0262593$ & $-0.0208499$ & $-0.0193067$ & $0.00351838$ & $-0.0923981$ & $-0.0576773$ & $0.551244$ & $0.537798$ & $-0.34297$ & $-0.363947$ & $-0.068741$ & $0.137939$ & $-0.193829$ & $-0.593992$ & $-0.113395$ & $-0.223757$ & $0.0674744$ & $-0.307778$ & $0.282394$ & $0.448124$ & $0.446003$ & $0.163315$ & $-0.623752$ & $-0.188438$ & $-0.222163$ & $0.67623$ & $0.138733$ & $-0.00846792$ & $0.0287677$ & $0.0282775$ & $-0.0602344$ & $0.0448838$ & $1$ & $0.011677$ & $-0.0208102$ & $0.0968193$ & $-0.00551631$ & $0.0199649$ & $-0.0724002$ & $0.00274153$ & $-0.0114198$ & $-0.0122796$ & $-0.00292544$ & $0.0273881$ & $-0.0464106$ & $0.00446163$ & $-0.000302399$ & $0.067693$ \\
eHggint & $-0.023218$ & $0.0923767$ & $0.305882$ & $-0.529989$ & $-0.00157497$ & $0.00842572$ & $-0.0670554$ & $0.0296369$ & $0.0124991$ & $-0.0179435$ & $-0.00188876$ & $0.0986312$ & $0.0829383$ & $-0.0574186$ & $0.0182498$ & $0.0262704$ & $-0.0588656$ & $-0.0638996$ & $-0.0772037$ & $0.00805068$ & $0.000345613$ & $0.00296516$ & $0.0257241$ & $-0.0429752$ & $-0.0673111$ & $-0.0272226$ & $-0.010417$ & $0.00965254$ & $0.0460307$ & $0.0107195$ & $-0.0261511$ & $-0.0122033$ & $-0.0362008$ & $0.011677$ & $1$ & $-0.167153$ & $-0.0148864$ & $-0.000205957$ & $0.0798265$ & $-0.0556078$ & $-0.184555$ & $-0.152747$ & $-0.0550004$ & $0.0957011$ & $-0.128405$ & $-0.338789$ & $-0.133735$ & $-0.0290128$ & $-0.0770394$ \\
eHggpar & $0.0383988$ & $0.0488176$ & $-0.0602915$ & $-0.0409827$ & $0.00512686$ & $-0.0241157$ & $0.0374612$ & $-0.0452061$ & $-0.0537208$ & $0.0407944$ & $0.017763$ & $-0.0694195$ & $-0.116388$ & $0.0388754$ & $-0.0203792$ & $-0.0282162$ & $0.0544146$ & $0.0604031$ & $0.0694902$ & $-0.0190572$ & $-0.015381$ & $-0.0158796$ & $-0.00163065$ & $0.0574832$ & $0.0447437$ & $0.00526724$ & $-0.0186669$ & $-0.00423616$ & $-0.0255378$ & $0.00839625$ & $0.0166314$ & $0.057883$ & $-0.0809385$ & $-0.0208102$ & $-0.167153$ & $1$ & $-0.289493$ & $-0.00223945$ & $0.0606054$ & $0.0460706$ & $0.0753591$ & $-0.0148572$ & $-0.21228$ & $0.173759$ & $0.227012$ & $0.277035$ & $-0.137103$ & $-0.191306$ & $-0.195871$ \\
eHWWint & $-0.198816$ & $-0.386887$ & $-0.341109$ & $-0.087095$ & $0.0221636$ & $-0.0183767$ & $-0.0736332$ & $0.0721416$ & $0.0635726$ & $-0.0561831$ & $-0.0481117$ & $-0.0116546$ & $0.0527541$ & $-0.0286571$ & $-0.0486373$ & $-0.0225277$ & $-0.0231711$ & $-0.00606025$ & $-0.0290544$ & $0.0367042$ & $0.0533401$ & $0.051665$ & $0.0157063$ & $-0.0684145$ & $-0.00175976$ & $-0.0158944$ & $0.0904625$ & $0.0131722$ & $0.0115127$ & $-0.111038$ & $-0.0345412$ & $-0.11919$ & $-0.0489214$ & $0.0968193$ & $-0.0148864$ & $-0.289493$ & $1$ & $0.0781574$ & $0.398002$ & $-0.121106$ & $0.177244$ & $-0.0640406$ & $0.078869$ & $0.055915$ & $0.240865$ & $-0.105772$ & $0.29521$ & $-0.0294784$ & $0.275434$ \\
eHWWpar & $0.00255294$ & $-0.0880174$ & $-0.0135258$ & $-0.0289078$ & $0.0105621$ & $-0.00370151$ & $0.0560606$ & $0.0208438$ & $0.0231001$ & $-0.0191313$ & $-0.0309111$ & $-0.0106114$ & $-0.00139669$ & $0.0197841$ & $0.0276358$ & $0.00654791$ & $0.0266451$ & $0.00231832$ & $0.0133674$ & $0.0329904$ & $0.0280396$ & $0.0279225$ & $-0.0207402$ & $0.00535441$ & $-0.0107624$ & $-0.0121294$ & $-0.0259714$ & $-0.0159265$ & $-0.0298988$ & $-0.0254559$ & $0.0232908$ & $0.0489415$ & $0.00571531$ & $-0.00551631$ & $-0.000205957$ & $-0.00223945$ & $0.0781574$ & $1$ & $0.0913486$ & $-0.0434783$ & $-0.0150882$ & $-0.00396875$ & $0.0249404$ & $-0.101245$ & $-0.0503592$ & $0.0608131$ & $0.0442721$ & $-0.0339054$ & $0.074302$ \\
eHZZint & $-0.0346463$ & $-0.396305$ & $-0.0450436$ & $-0.413922$ & $0.0266076$ & $0.00669552$ & $0.0430715$ & $0.00914357$ & $0.0114079$ & $-0.0135014$ & $0.00148331$ & $0.0123026$ & $0.0399722$ & $-0.00849694$ & $-0.0308025$ & $-0.037067$ & $-0.0179898$ & $0.00604761$ & $0.00873985$ & $-0.00752942$ & $-0.00337991$ & $9.36445e-05$ & $-0.0287335$ & $-0.00435874$ & $-0.00450504$ & $0.0168567$ & $0.0205259$ & $-0.0112705$ & $0.0108112$ & $-0.0655042$ & $-0.0063653$ & $0.0405927$ & $-0.0634758$ & $0.0199649$ & $0.0798265$ & $0.0606054$ & $0.398002$ & $0.0913486$ & $1$ & $-0.0691965$ & $-0.0693905$ & $-0.0589018$ & $0.110105$ & $0.150738$ & $0.146582$ & $0.0350729$ & $0.256012$ & $-0.021209$ & $0.0419002$ \\
eHZZpar & $-0.0247844$ & $0.0685374$ & $-0.104207$ & $0.150805$ & $-0.0401281$ & $0.00599537$ & $0.0286193$ & $0.00256999$ & $0.00571431$ & $0.0305505$ & $-0.0405537$ & $-0.0353911$ & $-0.0433757$ & $0.0778121$ & $0.0851893$ & $0.0361133$ & $0.0609619$ & $0.00920854$ & $0.0478727$ & $0.04388$ & $0.0312024$ & $0.0319079$ & $-0.0192777$ & $0.0531594$ & $0.0313163$ & $-0.000291228$ & $-0.0470166$ & $0.0148831$ & $-0.00708212$ & $-0.000789818$ & $-0.00132333$ & $0.0308526$ & $0.048855$ & $-0.0724002$ & $-0.0556078$ & $0.0460706$ & $-0.121106$ & $-0.0434783$ & $-0.0691965$ & $1$ & $-0.0440598$ & $0.0301335$ & $0.0792951$ & $-0.08102$ & $-0.062914$ & $0.0594621$ & $-0.0612252$ & $0.154562$ & $0.104702$ \\
eHZgaint & $-0.188444$ & $-0.372661$ & $-0.0695164$ & $0.0747207$ & $-0.00587281$ & $-0.033754$ & $0.0585428$ & $0.00456062$ & $-0.00636015$ & $-0.0186605$ & $-0.00180698$ & $-0.0645343$ & $-0.0659788$ & $0.00566683$ & $-0.0179316$ & $0.0142623$ & $-0.008783$ & $0.0129655$ & $-0.0132683$ & $0.000156642$ & $-0.000319665$ & $-0.00348572$ & $0.00731879$ & $0.0284027$ & $0.0424855$ & $0.0278386$ & $0.0513388$ & $0.0176718$ & $-0.0189095$ & $-0.0102858$ & $-0.0494233$ & $0.041673$ & $-0.0761014$ & $0.00274153$ & $-0.184555$ & $0.0753591$ & $0.177244$ & $-0.0150882$ & $-0.0693905$ & $-0.0440598$ & $1$ & $0.0432244$ & $-0.315663$ & $0.0239297$ & $0.454714$ & $-0.169814$ & $0.0520709$ & $-0.21115$ & $-0.123142$ \\
eHZgapar & $-0.0431973$ & $-0.0321875$ & $-0.0392231$ & $0.110865$ & $-0.00214285$ & $-0.0101894$ & $-0.00194425$ & $0.0159804$ & $0.0143578$ & $-0.0258612$ & $-0.015502$ & $-0.0245214$ & $0.000450815$ & $0.0130388$ & $0.0227272$ & $0.0325863$ & $-0.0100069$ & $-0.0167463$ & $-0.0185846$ & $0.015014$ & $0.0118677$ & $0.00845198$ & $-0.0203823$ & $0.00972426$ & $0.00691609$ & $0.0115608$ & $0.0147249$ & $0.0194408$ & $0.0106727$ & $0.0111289$ & $0.006814$ & $-0.0229028$ & $0.0509588$ & $-0.0114198$ & $-0.152747$ & $-0.0148572$ & $-0.0640406$ & $-0.00396875$ & $-0.0589018$ & $0.0301335$ & $0.0432244$ & $1$ & $-0.0295589$ & $0.0140973$ & $-0.059228$ & $0.0339172$ & $-0.0294545$ & $0.115354$ & $0.132327$ \\
eHgagaint & $-0.275295$ & $-0.17886$ & $-0.251506$ & $0.0549308$ & $-0.03783$ & $0.0286774$ & $-0.0967965$ & $-0.0514809$ & $-0.0214249$ & $0.0576629$ & $0.030406$ & $-0.00977762$ & $-0.00576241$ & $0.0401544$ & $-0.0401878$ & $-0.0342068$ & $0.0455078$ & $0.0707716$ & $0.0723328$ & $-0.034473$ & $-0.0314467$ & $-0.0202844$ & $-0.0349945$ & $0.039302$ & $0.0530227$ & $0.0361566$ & $-0.0355051$ & $-0.0141428$ & $-0.00446448$ & $-0.0249582$ & $0.0168624$ & $-0.103177$ & $0.0238136$ & $-0.0122796$ & $-0.0550004$ & $-0.21228$ & $0.078869$ & $0.0249404$ & $0.110105$ & $0.0792951$ & $-0.315663$ & $-0.0295589$ & $1$ & $-0.0477353$ & $-0.343423$ & $0.19955$ & $0.135854$ & $0.431638$ & $0.00786609$ \\
eHmumuint & $0.200969$ & $-0.144675$ & $-0.126049$ & $-0.01336$ & $-0.0339655$ & $-0.00873354$ & $0.0838612$ & $-0.0144748$ & $-0.0146373$ & $0.0233593$ & $0.00616716$ & $0.0137506$ & $-0.0156357$ & $0.00695845$ & $-0.018172$ & $-0.0192871$ & $0.0160152$ & $0.0245295$ & $0.0259387$ & $-0.0093997$ & $-0.00632014$ & $-0.0056443$ & $0.00682082$ & $0.0094565$ & $0.0166498$ & $0.00326801$ & $0.0117987$ & $-0.00578968$ & $0.0342217$ & $0.0339767$ & $-0.0335755$ & $0.10131$ & $-0.0363975$ & $-0.00292544$ & $0.0957011$ & $0.173759$ & $0.055915$ & $-0.101245$ & $0.150738$ & $-0.08102$ & $0.0239297$ & $0.0140973$ & $-0.0477353$ & $1$ & $0.293142$ & $0.110944$ & $-0.234882$ & $-0.0763022$ & $-0.108662$ \\
eHtautauint & $0.0209244$ & $-0.13543$ & $0.0838914$ & $-0.142719$ & $-0.00981707$ & $-0.0360599$ & $0.012165$ & $-0.00986193$ & $-0.0270504$ & $0.0153106$ & $0.015201$ & $-0.0515791$ & $-0.0659655$ & $-0.0138418$ & $-0.0461147$ & $-0.0251519$ & $-0.00459955$ & $0.0235201$ & $0.00665188$ & $-0.0186801$ & $-0.0115323$ & $-0.0094916$ & $0.0182718$ & $-0.00302689$ & $0.0381036$ & $0.019952$ & $0.0617185$ & $-0.00186504$ & $0.0133731$ & $-0.0255741$ & $-0.0466287$ & $-0.00301523$ & $-0.178179$ & $0.0273881$ & $-0.128405$ & $0.227012$ & $0.240865$ & $-0.0503592$ & $0.146582$ & $-0.062914$ & $0.454714$ & $-0.059228$ & $-0.343423$ & $0.293142$ & $1$ & $-0.0572076$ & $-0.0118262$ & $-0.40779$ & $-0.236615$ \\
eHccint & $-0.0791194$ & $-0.0596502$ & $-0.0873597$ & $0.250532$ & $0.0205348$ & $-0.00361901$ & $0.0248$ & $-0.0625377$ & $-0.0489437$ & $0.0492192$ & $0.0382783$ & $-0.0241989$ & $-0.0455855$ & $0.0325091$ & $-0.00876922$ & $-0.0540966$ & $0.0531692$ & $0.0492575$ & $0.0870472$ & $-0.0399877$ & $-0.0373271$ & $-0.0421615$ & $-0.0639208$ & $0.0384931$ & $0.047164$ & $0.0552596$ & $-0.047664$ & $-0.0342986$ & $-0.0213136$ & $0.018419$ & $0.0849915$ & $0.0262748$ & $-0.0103128$ & $-0.0464106$ & $-0.338789$ & $0.277035$ & $-0.105772$ & $0.0608131$ & $0.0350729$ & $0.0594621$ & $-0.169814$ & $0.0339172$ & $0.19955$ & $0.110944$ & $-0.0572076$ & $1$ & $0.18495$ & $0.236132$ & $-0.19068$ \\
eHccpar & $-0.133849$ & $-0.363989$ & $-0.333789$ & $-0.071638$ & $0.0240143$ & $-0.00512656$ & $-0.0447078$ & $-0.0133113$ & $-0.00874788$ & $-0.00398129$ & $0.0167202$ & $0.00895491$ & $0.046523$ & $-0.00645707$ & $-0.0280152$ & $-0.0158279$ & $0.000124248$ & $0.0188477$ & $0.0152182$ & $-0.0198086$ & $-0.0196913$ & $-0.0116588$ & $-0.0502773$ & $0.0148464$ & $0.00384119$ & $0.0398288$ & $-0.0116607$ & $0.0131918$ & $-0.0106463$ & $-0.0254861$ & $0.153633$ & $-0.0596599$ & $2.60517e-05$ & $0.00446163$ & $-0.133735$ & $-0.137103$ & $0.29521$ & $0.0442721$ & $0.256012$ & $-0.0612252$ & $0.0520709$ & $-0.0294545$ & $0.135854$ & $-0.234882$ & $-0.0118262$ & $0.18495$ & $1$ & $0.0335272$ & $0.0951076$ \\
eHbbint & $-0.142506$ & $0.021094$ & $-0.100171$ & $0.212199$ & $-0.0206401$ & $0.00796851$ & $-0.0548372$ & $0.0096245$ & $0.0265996$ & $-0.00377044$ & $-0.00458158$ & $0.0352203$ & $0.0377798$ & $0.00142689$ & $0.00557983$ & $-0.0205217$ & $-0.0103263$ & $-0.0164942$ & $0.00798397$ & $0.00129703$ & $0.00753921$ & $0.00961268$ & $-0.0277705$ & $-0.0197063$ & $-0.00476161$ & $0.017275$ & $0.000512501$ & $-0.0282681$ & $0.0183293$ & $0.0268544$ & $0.023761$ & $-0.0571961$ & $0.224889$ & $-0.000302399$ & $-0.0290128$ & $-0.191306$ & $-0.0294784$ & $-0.0339054$ & $-0.021209$ & $0.154562$ & $-0.21115$ & $0.115354$ & $0.431638$ & $-0.0763022$ & $-0.40779$ & $0.236132$ & $0.0335272$ & $1$ & $0.304853$ \\
eHbbpar & $0.179526$ & $0.0507442$ & $-0.22431$ & $0.177196$ & $0.00334923$ & $0.00365504$ & $-0.0208652$ & $0.0803387$ & $0.0744264$ & $-0.0751517$ & $-0.0538561$ & $0.00765479$ & $0.0537259$ & $-0.0317675$ & $0.000918674$ & $0.00682604$ & $-0.0502937$ & $-0.0542666$ & $-0.0573886$ & $0.0472328$ & $0.0577349$ & $0.0550016$ & $0.0203474$ & $-0.0641655$ & $-0.0605022$ & $-0.0383279$ & $0.0639599$ & $0.0234584$ & $0.00772879$ & $-0.00890324$ & $-0.0233327$ & $-0.0431023$ & $0.308728$ & $0.067693$ & $-0.0770394$ & $-0.195871$ & $0.275434$ & $0.074302$ & $0.0419002$ & $0.104702$ & $-0.123142$ & $0.132327$ & $0.00786609$ & $-0.108662$ & $-0.236615$ & $-0.19068$ & $0.0951076$ & $0.304853$ & $1$ \\
