 & AlsMz & dAle5Mz & mtop & mHl & Mz & CW & CHG & CHWB & CHWHB_gaga & CHWHB_gagaorth & CHD & CHbox & CH & CHL1_11 & CHL1_22 & CHL1_33 & CHL3_11 & CHL3_22 & CHL3_33 & CHe_11 & CHe_22 & CHe_33 & CHQ1_11 & CHQ1_33 & CHQ3_11 & CHu_11 & CHd_11 & CHd_33 & CeH_22r & CeH_33r & CuH_22r & CuH_33r & CdH_33r & CLL_1221 & eHggint & eHggpar & eHWWint & eHWWpar & eHZZint & eHZZpar & eHZgaint & eHZgapar & eHgagaint & eHmumuint & eHtautauint & eHccint & eHccpar & eHbbint & eHbbpar \\
AlsMz & $1$ & $-0.0325557$ & $-0.139012$ & $-0.340173$ & $0.00316995$ & $-0.0136345$ & $-0.0347397$ & $0.0324769$ & $0.0291489$ & $-0.0389566$ & $-0.0313426$ & $-0.0148273$ & $0.0204033$ & $-0.0111699$ & $0.0196926$ & $0.0495709$ & $-0.0164333$ & $-0.0233453$ & $-0.0453831$ & $0.0309564$ & $0.021765$ & $0.0260136$ & $-0.0369193$ & $-0.0562292$ & $-0.112629$ & $-0.011268$ & $-0.0460076$ & $-0.00542142$ & $0.00967507$ & $-0.0210251$ & $-0.00234364$ & $-0.0394707$ & $-0.0282899$ & $0.0103503$ & $-0.0156347$ & $0.303725$ & $0.103775$ & $0.0770001$ & $0.017476$ & $-0.00644552$ & $-0.122399$ & $0.0723788$ & $0.109286$ & $0.403334$ & $-0.0659275$ & $-0.161675$ & $0.0783817$ & $0.00512233$ & $-0.00135891$ \\
dAle5Mz & $-0.0325557$ & $1$ & $-0.198803$ & $0.0905313$ & $0.0267666$ & $-0.00582169$ & $0.007523$ & $-0.0560096$ & $-0.0646842$ & $0.041267$ & $0.048045$ & $0.0333863$ & $0.00630873$ & $-0.016355$ & $0.006863$ & $0.0127716$ & $-0.00507329$ & $-0.00145181$ & $-0.00906589$ & $-0.0296212$ & $-0.0382989$ & $-0.0362619$ & $-0.0086259$ & $0.016882$ & $-0.00441585$ & $0.0372499$ & $-0.0334307$ & $0.0123973$ & $-0.0183526$ & $0.0181403$ & $0.0575568$ & $0.0134268$ & $0.10625$ & $-0.0135192$ & $-0.275408$ & $-0.0177916$ & $0.0664366$ & $0.0493551$ & $-0.207147$ & $-0.0366234$ & $0.360607$ & $-0.0162461$ & $-0.332147$ & $-0.166074$ & $-0.0394749$ & $-0.287758$ & $0.237836$ & $0.143586$ & $0.191172$ \\
mtop & $-0.139012$ & $-0.198803$ & $1$ & $0.257934$ & $0.00535105$ & $-0.00774614$ & $-0.0817149$ & $0.070319$ & $0.0630971$ & $-0.0396529$ & $-0.0552616$ & $-0.0140016$ & $0.0359263$ & $0.0166235$ & $-0.0328041$ & $-0.0122343$ & $-0.0139937$ & $0.00484397$ & $-0.0101453$ & $0.0494356$ & $0.0641014$ & $0.0609212$ & $0.0439013$ & $-0.0561662$ & $-1.64301e-05$ & $-0.058286$ & $0.0644162$ & $-0.0125579$ & $0.021313$ & $-0.0240012$ & $-0.0816417$ & $-0.0940697$ & $-0.0535629$ & $0.0788422$ & $0.120188$ & $0.253056$ & $0.046958$ & $0.0173759$ & $0.179441$ & $-0.0796219$ & $0.00705256$ & $0.024028$ & $-0.060446$ & $-0.104677$ & $0.036187$ & $0.150866$ & $-0.215574$ & $-0.170174$ & $-0.0222912$ \\
mHl & $-0.340173$ & $0.0905313$ & $0.257934$ & $1$ & $0.0039861$ & $0.026522$ & $0.0115776$ & $0.0175533$ & $0.0110927$ & $-0.0290386$ & $-0.00923193$ & $-0.0340731$ & $-0.00171546$ & $0.015781$ & $-0.035994$ & $-0.0329806$ & $-0.0218067$ & $0.00878899$ & $0.00233205$ & $0.00672897$ & $0.018493$ & $0.0125009$ & $0.0559684$ & $-0.0219933$ & $0.0136425$ & $-0.0396185$ & $0.0283681$ & $0.0376263$ & $-0.00215541$ & $0.0581906$ & $-0.0086875$ & $0.0134863$ & $0.0449565$ & $0.0381001$ & $0.0484175$ & $-0.433304$ & $-0.242482$ & $0.0395684$ & $-0.162487$ & $0.0018796$ & $0.156861$ & $-0.0951743$ & $-0.103062$ & $0.0918143$ & $0.218361$ & $0.0895932$ & $-0.109784$ & $0.16834$ & $-0.0294937$ \\
Mz & $0.00316995$ & $0.0267666$ & $0.00535105$ & $0.0039861$ & $1$ & $0.035657$ & $0.0255315$ & $-0.0126164$ & $-0.0135633$ & $0.000317181$ & $0.0297418$ & $0.0166652$ & $-0.0159788$ & $-0.00618082$ & $-0.0368068$ & $-0.00242674$ & $-0.0218817$ & $0.0100192$ & $-0.013916$ & $-0.0225478$ & $-0.0168338$ & $-0.0149279$ & $-0.0167777$ & $-0.00217882$ & $-0.0030952$ & $0.0313882$ & $0.0124471$ & $-0.00814613$ & $-0.0285841$ & $0.0187414$ & $-0.001075$ & $0.0218527$ & $-0.00414299$ & $0.0164077$ & $-0.00372507$ & $0.0166728$ & $0.00293235$ & $-0.0398599$ & $-0.0333988$ & $0.00116264$ & $0.0194214$ & $-0.0341144$ & $-0.0025819$ & $-0.0188084$ & $-0.00179839$ & $0.0122027$ & $0.00823434$ & $-0.0557975$ & $-0.0221561$ \\
CW & $-0.0136345$ & $-0.00582169$ & $-0.00774614$ & $0.026522$ & $0.035657$ & $1$ & $-0.00718738$ & $-0.111529$ & $-0.105324$ & $0.0217438$ & $0.174882$ & $0.0730257$ & $0.0107149$ & $0.0329411$ & $-0.0640642$ & $-0.0860041$ & $-0.273414$ & $-0.0644775$ & $-0.0488561$ & $-0.172665$ & $-0.176033$ & $-0.180007$ & $-0.00771565$ & $-0.00689083$ & $-0.0963303$ & $0.0957608$ & $-0.087674$ & $-0.05849$ & $-0.00600927$ & $0.0122715$ & $-0.0274282$ & $-6.75792e-05$ & $0.00112922$ & $-0.132055$ & $0.0283288$ & $-0.0364265$ & $0.00527655$ & $-0.016507$ & $-0.0105895$ & $0.0260514$ & $0.0122387$ & $-0.00716544$ & $-0.00704279$ & $-0.0229979$ & $-0.0174418$ & $0.0371034$ & $0.0232729$ & $0.029241$ & $-0.0342559$ \\
CHG & $-0.0347397$ & $0.007523$ & $-0.0817149$ & $0.0115776$ & $0.0255315$ & $-0.00718738$ & $1$ & $-0.132333$ & $-0.0861398$ & $0.0987641$ & $0.0775737$ & $-0.151807$ & $-0.317289$ & $0.0709835$ & $-0.0183715$ & $-0.00599124$ & $0.115757$ & $0.121267$ & $0.108398$ & $-0.0754036$ & $-0.0833596$ & $-0.0817665$ & $-0.0239247$ & $0.144547$ & $0.120721$ & $0.0604845$ & $-0.0605126$ & $-0.0140765$ & $-0.00405151$ & $-0.145451$ & $-0.0400578$ & $0.938711$ & $-0.178863$ & $-0.0888145$ & $-0.0489704$ & $-0.0647174$ & $-0.0591051$ & $0.00262273$ & $-0.0379324$ & $0.0799105$ & $-0.0453383$ & $-0.0108862$ & $-0.00991129$ & $-0.0554214$ & $-0.0317789$ & $0.034439$ & $0.0196676$ & $0.0450539$ & $0.0031889$ \\
CHWB & $0.0324769$ & $-0.0560096$ & $0.070319$ & $0.0175533$ & $-0.0126164$ & $-0.111529$ & $-0.132333$ & $1$ & $0.98572$ & $-0.587973$ & $-0.884261$ & $-0.0667925$ & $0.364549$ & $0.077851$ & $0.280615$ & $0.298724$ & $-0.27732$ & $-0.447839$ & $-0.453235$ & $0.858976$ & $0.899736$ & $0.882187$ & $0.0466588$ & $-0.699005$ & $-0.422321$ & $-0.503167$ & $0.429058$ & $0.320302$ & $-0.0188402$ & $0.161785$ & $0.0632828$ & $-0.114109$ & $0.161091$ & $0.586594$ & $-0.00094955$ & $0.0577975$ & $-0.014737$ & $0.0796135$ & $0.0661352$ & $-0.0306676$ & $-0.0151511$ & $-0.0100985$ & $0.00139858$ & $0.0682562$ & $0.0146876$ & $0.0207081$ & $-0.0461615$ & $-0.0406497$ & $0.0113091$ \\
CHWHB_gaga & $0.0291489$ & $-0.0646842$ & $0.0630971$ & $0.0110927$ & $-0.0135633$ & $-0.105324$ & $-0.0861398$ & $0.98572$ & $1$ & $-0.578403$ & $-0.868751$ & $-0.0486701$ & $0.354895$ & $0.0704892$ & $0.275579$ & $0.297664$ & $-0.279205$ & $-0.445525$ & $-0.45351$ & $0.844298$ & $0.883737$ & $0.867098$ & $0.0440841$ & $-0.690852$ & $-0.420061$ & $-0.492983$ & $0.422877$ & $0.316039$ & $-0.0131765$ & $0.184323$ & $0.0729783$ & $-0.0747808$ & $0.179496$ & $0.578852$ & $-0.0138773$ & $0.0499863$ & $-0.0381437$ & $0.0813748$ & $0.0692179$ & $-0.0364231$ & $-0.0207762$ & $-0.00359223$ & $0.0357852$ & $0.0601206$ & $0.0154308$ & $0.0148268$ & $-0.0381406$ & $-0.0518998$ & $0.00028223$ \\
CHWHB_gagaorth & $-0.0389566$ & $0.041267$ & $-0.0396529$ & $-0.0290386$ & $0.000317181$ & $0.0217438$ & $0.0987641$ & $-0.587973$ & $-0.578403$ & $1$ & $0.382988$ & $0.4304$ & $-0.273329$ & $0.225265$ & $-0.137191$ & $-0.152292$ & $0.448042$ & $0.497969$ & $0.496509$ & $-0.373863$ & $-0.395858$ & $-0.387085$ & $-0.0787907$ & $0.574283$ & $0.483576$ & $0.25295$ & $-0.231322$ & $-0.119712$ & $0.00912843$ & $-0.168535$ & $-0.0783895$ & $0.0995272$ & $-0.184862$ & $-0.355696$ & $0.0120599$ & $-0.03644$ & $0.0706072$ & $-0.0347869$ & $-0.0350121$ & $-0.010555$ & $-0.000889366$ & $-0.000660372$ & $-0.00561869$ & $-0.119867$ & $-0.000527457$ & $0.039791$ & $0.0163555$ & $-0.0382356$ & $-0.00973835$ \\
CHD & $-0.0313426$ & $0.048045$ & $-0.0552616$ & $-0.00923193$ & $0.0297418$ & $0.174882$ & $0.0775737$ & $-0.884261$ & $-0.868751$ & $0.382988$ & $1$ & $0.182491$ & $-0.190642$ & $-0.48804$ & $-0.395594$ & $-0.396977$ & $-0.16847$ & $0.090955$ & $0.0947232$ & $-0.990687$ & $-0.99151$ & $-0.971109$ & $0.00422349$ & $0.352414$ & $0.0499993$ & $0.559108$ & $-0.321842$ & $-0.353011$ & $0.0159218$ & $-0.107461$ & $-0.0404778$ & $0.0702501$ & $-0.112532$ & $-0.402136$ & $0.0149814$ & $-0.0631008$ & $0.0099891$ & $-0.0661788$ & $-0.0429371$ & $0.0350513$ & $0.0131624$ & $0.00361424$ & $0.00837808$ & $-0.0456141$ & $0.00109259$ & $-0.020216$ & $0.0319728$ & $0.0372187$ & $-0.025847$ \\
CHbox & $-0.0148273$ & $0.0333863$ & $-0.0140016$ & $-0.0340731$ & $0.0166652$ & $0.0730257$ & $-0.151807$ & $-0.0667925$ & $-0.0486701$ & $0.4304$ & $0.182491$ & $1$ & $0.458896$ & $-0.262971$ & $0.00773184$ & $0.0107853$ & $-0.245116$ & $-0.211727$ & $-0.209722$ & $-0.165503$ & $-0.186353$ & $-0.175206$ & $-0.04744$ & $-0.0808069$ & $-0.209672$ & $0.132961$ & $-0.0968303$ & $-0.0688582$ & $0.016105$ & $0.290565$ & $0.0517262$ & $-0.0697265$ & $0.347654$ & $-0.0670934$ & $0.0519669$ & $0.00762121$ & $0.0584114$ & $0.0170575$ & $-0.00673815$ & $-0.0390732$ & $0.0242696$ & $0.0229715$ & $-0.0147772$ & $-0.0554307$ & $0.00529229$ & $0.0244671$ & $0.000823699$ & $-0.0389899$ & $-0.0126255$ \\
CH & $0.0204033$ & $0.00630873$ & $0.0359263$ & $-0.00171546$ & $-0.0159788$ & $0.0107149$ & $-0.317289$ & $0.364549$ & $0.354895$ & $-0.273329$ & $-0.190642$ & $0.458896$ & $1$ & $-0.243097$ & $0.0976981$ & $0.0916226$ & $-0.372845$ & $-0.402808$ & $-0.388642$ & $0.1891$ & $0.198141$ & $0.202711$ & $0.0192045$ & $-0.404416$ & $-0.3883$ & $-0.11094$ & $0.122948$ & $0.0627628$ & $0.0270319$ & $0.29644$ & $0.104614$ & $-0.260589$ & $0.364288$ & $0.212305$ & $0.00642369$ & $0.03611$ & $0.0370163$ & $0.0526271$ & $0.0163302$ & $-0.0156426$ & $0.0142248$ & $0.00410168$ & $-0.0317306$ & $0.0669412$ & $0.00235861$ & $-0.0153504$ & $-0.0194685$ & $-0.00912974$ & $0.00703619$ \\
CHL1_11 & $-0.0111699$ & $-0.016355$ & $0.0166235$ & $0.015781$ & $-0.00618082$ & $0.0329411$ & $0.0709835$ & $0.077851$ & $0.0704892$ & $0.225265$ & $-0.48804$ & $-0.262971$ & $-0.243097$ & $1$ & $0.250449$ & $0.21965$ & $0.656949$ & $0.597022$ & $0.600742$ & $0.50302$ & $0.451726$ & $0.437539$ & $-0.0756868$ & $0.45575$ & $0.608607$ & $-0.261038$ & $-0.05748$ & $0.154301$ & $0.00586396$ & $-0.0576099$ & $-0.0386099$ & $0.0555329$ & $-0.0538084$ & $-0.206521$ & $-0.0121969$ & $0.0164984$ & $0.00942545$ & $0.00595565$ & $-0.0251146$ & $-0.0129187$ & $-0.00275058$ & $0.0136341$ & $-0.0309984$ & $-0.0313839$ & $-0.0259387$ & $0.027805$ & $0.0151482$ & $0.000408937$ & $0.0170043$ \\
CHL1_22 & $0.0196926$ & $0.006863$ & $-0.0328041$ & $-0.035994$ & $-0.0368068$ & $-0.0640642$ & $-0.0183715$ & $0.280615$ & $0.275579$ & $-0.137191$ & $-0.395594$ & $0.00773184$ & $0.0976981$ & $0.250449$ & $1$ & $0.435576$ & $0.126369$ & $-0.464281$ & $-0.0507122$ & $0.462433$ & $0.310926$ & $0.308035$ & $-0.176446$ & $0.0953318$ & $-0.149413$ & $-0.192073$ & $-0.389057$ & $0.0969884$ & $-0.00532293$ & $0.0601572$ & $0.0311851$ & $-0.00157553$ & $0.0867018$ & $-0.58476$ & $0.00164054$ & $0.0220468$ & $0.00198575$ & $0.0453208$ & $0.0250666$ & $0.013663$ & $0.00821374$ & $-0.000457469$ & $-0.00588134$ & $-0.00347845$ & $-0.00616709$ & $0.0286238$ & $-0.0028207$ & $-0.0184846$ & $0.0166624$ \\
CHL1_33 & $0.0495709$ & $0.0127716$ & $-0.0122343$ & $-0.0329806$ & $-0.00242674$ & $-0.0860041$ & $-0.00599124$ & $0.298724$ & $0.297664$ & $-0.152292$ & $-0.396977$ & $0.0107853$ & $0.0916226$ & $0.21965$ & $0.435576$ & $1$ & $0.097865$ & $-0.0717214$ & $-0.473368$ & $0.46313$ & $0.317593$ & $0.329395$ & $-0.182582$ & $0.0603236$ & $-0.189422$ & $-0.188026$ & $-0.389134$ & $0.101098$ & $-0.00481221$ & $0.0749893$ & $0.012301$ & $0.00804712$ & $0.0769498$ & $-0.0807356$ & $-0.0181234$ & $0.0191801$ & $-0.000437972$ & $0.0168725$ & $-0.0051756$ & $-0.00736356$ & $0.00771556$ & $0.0457344$ & $0.00329809$ & $-0.0072761$ & $0.00749774$ & $-0.00602371$ & $0.000913119$ & $-0.011097$ & $-0.00283257$ \\
CHL3_11 & $-0.0164333$ & $-0.00507329$ & $-0.0139937$ & $-0.0218067$ & $-0.0218817$ & $-0.273414$ & $0.115757$ & $-0.27732$ & $-0.279205$ & $0.448042$ & $-0.16847$ & $-0.245116$ & $-0.372845$ & $0.656949$ & $0.126369$ & $0.097865$ & $1$ & $0.750364$ & $0.750781$ & $0.184911$ & $0.139669$ & $0.135219$ & $-0.0661186$ & $0.681887$ & $0.788244$ & $-0.0875696$ & $-0.129942$ & $0.0634351$ & $0.00651782$ & $-0.123731$ & $-0.0421454$ & $0.0888374$ & $-0.116903$ & $-0.252871$ & $-0.0334081$ & $0.0137197$ & $0.000600786$ & $-0.0405087$ & $-0.0336625$ & $-0.0110657$ & $-0.00170628$ & $0.0040535$ & $-0.00162431$ & $-0.0468615$ & $-0.0311781$ & $-0.00935616$ & $0.018601$ & $-0.00850338$ & $0.0292744$ \\
CHL3_22 & $-0.0233453$ & $-0.00145181$ & $0.00484397$ & $0.00878899$ & $0.0100192$ & $-0.0644775$ & $0.121267$ & $-0.447839$ & $-0.445525$ & $0.497969$ & $0.090955$ & $-0.211727$ & $-0.402808$ & $0.597022$ & $-0.464281$ & $-0.0717214$ & $0.750364$ & $1$ & $0.689224$ & $-0.0988561$ & $-0.0817838$ & $-0.0826988$ & $0.012251$ & $0.619971$ & $0.801501$ & $0.0489253$ & $0.018376$ & $-0.0195778$ & $0.0113869$ & $-0.146293$ & $-0.0644502$ & $0.0892288$ & $-0.156535$ & $0.0227863$ & $-0.0229059$ & $-0.00710819$ & $0.00667779$ & $-0.0615271$ & $-0.0592296$ & $-0.0158192$ & $-0.00431592$ & $0.0163302$ & $-0.010335$ & $-0.0469551$ & $-0.0239796$ & $-0.0145606$ & $0.0284056$ & $0.0144852$ & $0.00745941$ \\
CHL3_33 & $-0.0453831$ & $-0.00906589$ & $-0.0101453$ & $0.00233205$ & $-0.013916$ & $-0.0488561$ & $0.108398$ & $-0.453235$ & $-0.45351$ & $0.496509$ & $0.0947232$ & $-0.209722$ & $-0.388642$ & $0.600742$ & $-0.0507122$ & $-0.473368$ & $0.750781$ & $0.689224$ & $1$ & $-0.102881$ & $-0.0871098$ & $-0.0793136$ & $0.0263149$ & $0.628471$ & $0.81734$ & $0.0443619$ & $0.0308862$ & $-0.0253068$ & $0.00885366$ & $-0.152746$ & $-0.0517762$ & $0.0789905$ & $-0.143506$ & $-0.343596$ & $-0.00725653$ & $-0.000483856$ & $0.00695243$ & $-0.0429807$ & $-0.0312574$ & $0.00273793$ & $-0.00701101$ & $-0.0158977$ & $-0.0109284$ & $-0.0497785$ & $-0.0329832$ & $0.00769749$ & $0.029786$ & $0.0109276$ & $0.0274069$ \\
CHe_11 & $0.0309564$ & $-0.0296212$ & $0.0494356$ & $0.00672897$ & $-0.0225478$ & $-0.172665$ & $-0.0754036$ & $0.858976$ & $0.844298$ & $-0.373863$ & $-0.990687$ & $-0.165503$ & $0.1891$ & $0.50302$ & $0.462433$ & $0.46313$ & $0.184911$ & $-0.0988561$ & $-0.102881$ & $1$ & $0.973048$ & $0.954049$ & $-0.0298996$ & $-0.303883$ & $-0.0498777$ & $-0.547981$ & $0.248347$ & $0.341978$ & $-0.0181375$ & $0.107708$ & $0.0426841$ & $-0.066952$ & $0.117022$ & $0.325483$ & $-0.0186511$ & $0.0629213$ & $-0.0059908$ & $0.0647096$ & $0.0360289$ & $-0.0354515$ & $-0.00544457$ & $0.00119496$ & $-0.0144098$ & $0.0377777$ & $-0.00105488$ & $0.0172635$ & $-0.0278573$ & $-0.0330152$ & $0.0291128$ \\
CHe_22 & $0.021765$ & $-0.0382989$ & $0.0641014$ & $0.018493$ & $-0.0168338$ & $-0.176033$ & $-0.0833596$ & $0.899736$ & $0.883737$ & $-0.395858$ & $-0.99151$ & $-0.186353$ & $0.198141$ & $0.451726$ & $0.310926$ & $0.317593$ & $0.139669$ & $-0.0817838$ & $-0.0871098$ & $0.973048$ & $1$ & $0.975704$ & $0.0234192$ & $-0.403318$ & $-0.0514026$ & $-0.559194$ & $0.401068$ & $0.357012$ & $-0.0171286$ & $0.108349$ & $0.0428408$ & $-0.0766974$ & $0.111645$ & $0.48511$ & $-0.0169877$ & $0.0644053$ & $-0.0117037$ & $0.0659371$ & $0.0444811$ & $-0.0379036$ & $-0.00842178$ & $-0.0070071$ & $-0.0125237$ & $0.0433067$ & $-0.00262203$ & $0.0170332$ & $-0.0330759$ & $-0.0371171$ & $0.0276311$ \\
CHe_33 & $0.0260136$ & $-0.0362619$ & $0.0609212$ & $0.0125009$ & $-0.0149279$ & $-0.180007$ & $-0.0817665$ & $0.882187$ & $0.867098$ & $-0.387085$ & $-0.971109$ & $-0.175206$ & $0.202711$ & $0.437539$ & $0.308035$ & $0.329395$ & $0.135219$ & $-0.0826988$ & $-0.0793136$ & $0.954049$ & $0.975704$ & $1$ & $0.0262655$ & $-0.39437$ & $-0.0519745$ & $-0.548835$ & $0.393518$ & $0.350552$ & $-0.0146123$ & $0.110235$ & $0.0410082$ & $-0.0755827$ & $0.117312$ & $0.475544$ & $-0.026156$ & $0.070533$ & $-0.0170709$ & $0.0615968$ & $0.0485549$ & $-0.036372$ & $-0.0148485$ & $-0.00747951$ & $-0.00267942$ & $0.0363513$ & $0.00104233$ & $0.0101577$ & $-0.0238672$ & $-0.0411817$ & $0.0360115$ \\
CHQ1_11 & $-0.0369193$ & $-0.0086259$ & $0.0439013$ & $0.0559684$ & $-0.0167777$ & $-0.00771565$ & $-0.0239247$ & $0.0466588$ & $0.0440841$ & $-0.0787907$ & $0.00422349$ & $-0.04744$ & $0.0192045$ & $-0.0756868$ & $-0.176446$ & $-0.182582$ & $-0.0661186$ & $0.012251$ & $0.0263149$ & $-0.0298996$ & $0.0234192$ & $0.0262655$ & $1$ & $-0.127316$ & $0.0849967$ & $-0.667146$ & $0.330931$ & $0.0305688$ & $-0.00470434$ & $0.0126837$ & $-0.00584908$ & $-0.0215088$ & $0.0207313$ & $0.18377$ & $0.00391926$ & $-0.0109967$ & $-0.00891906$ & $-0.0225521$ & $-0.000390097$ & $-0.0345238$ & $0.00319958$ & $0.0257872$ & $-0.0305593$ & $0.0705198$ & $0.0212152$ & $-0.0448413$ & $-0.015922$ & $0.0536636$ & $0.0457661$ \\
CHQ1_33 & $-0.0562292$ & $0.016882$ & $-0.0561662$ & $-0.0219933$ & $-0.00217882$ & $-0.00689083$ & $0.144547$ & $-0.699005$ & $-0.690852$ & $0.574283$ & $0.352414$ & $-0.0808069$ & $-0.404416$ & $0.45575$ & $0.0953318$ & $0.0603236$ & $0.681887$ & $0.619971$ & $0.628471$ & $-0.303883$ & $-0.403318$ & $-0.39437$ & $-0.127316$ & $1$ & $0.64763$ & $0.225241$ & $-0.405133$ & $-0.0472428$ & $0.00864173$ & $-0.149379$ & $-0.0595236$ & $0.123582$ & $-0.14975$ & $-0.642721$ & $-0.0233885$ & $-0.0412466$ & $0.0167056$ & $-0.0607831$ & $-0.0553378$ & $0.0102701$ & $0.00749841$ & $0.0195856$ & $0.00686228$ & $-0.0870526$ & $-0.0115282$ & $-0.0109469$ & $0.0475856$ & $0.00427008$ & $-0.0110343$ \\
CHQ3_11 & $-0.112629$ & $-0.00441585$ & $-1.64301e-05$ & $0.0136425$ & $-0.0030952$ & $-0.0963303$ & $0.120721$ & $-0.422321$ & $-0.420061$ & $0.483576$ & $0.0499993$ & $-0.209672$ & $-0.3883$ & $0.608607$ & $-0.149413$ & $-0.189422$ & $0.788244$ & $0.801501$ & $0.81734$ & $-0.0498777$ & $-0.0514026$ & $-0.0519745$ & $0.0849967$ & $0.64763$ & $1$ & $0.0359818$ & $0.227445$ & $-0.0149154$ & $0.0149974$ & $-0.147615$ & $-0.0537107$ & $0.0929629$ & $-0.137957$ & $-0.211979$ & $-0.0187661$ & $-0.015403$ & $-0.000673342$ & $-0.0439041$ & $-0.0486961$ & $-0.0156599$ & $-0.01266$ & $-2.65151e-06$ & $-0.0179264$ & $-0.0787892$ & $-0.0251069$ & $0.00611753$ & $0.0327897$ & $0.0145249$ & $0.0150836$ \\
CHu_11 & $-0.011268$ & $0.0372499$ & $-0.058286$ & $-0.0396185$ & $0.0313882$ & $0.0957608$ & $0.0604845$ & $-0.503167$ & $-0.492983$ & $0.25295$ & $0.559108$ & $0.132961$ & $-0.11094$ & $-0.261038$ & $-0.192073$ & $-0.188026$ & $-0.0875696$ & $0.0489253$ & $0.0443619$ & $-0.547981$ & $-0.559194$ & $-0.548835$ & $-0.667146$ & $0.225241$ & $0.0359818$ & $1$ & $-0.174224$ & $-0.213061$ & $0.00149819$ & $-0.0672889$ & $-0.00386924$ & $0.0545838$ & $-0.0811773$ & $-0.258809$ & $-0.00300727$ & $-0.00578405$ & $0.0196295$ & $-0.0329786$ & $-0.0347308$ & $0.0400188$ & $-0.0121889$ & $-0.01877$ & $0.0358111$ & $-0.092086$ & $-0.0142919$ & $0.0212831$ & $0.0246856$ & $-0.033312$ & $-0.0528248$ \\
CHd_11 & $-0.0460076$ & $-0.0334307$ & $0.0644162$ & $0.0283681$ & $0.0124471$ & $-0.087674$ & $-0.0605126$ & $0.429058$ & $0.422877$ & $-0.231322$ & $-0.321842$ & $-0.0968303$ & $0.122948$ & $-0.05748$ & $-0.389057$ & $-0.389134$ & $-0.129942$ & $0.018376$ & $0.0308862$ & $0.248347$ & $0.401068$ & $0.393518$ & $0.330931$ & $-0.405133$ & $0.227445$ & $-0.174224$ & $1$ & $0.140743$ & $-0.00812484$ & $0.0334451$ & $0.0284302$ & $-0.063315$ & $0.029478$ & $0.673947$ & $-0.0138271$ & $0.0372797$ & $-0.00953284$ & $0.0302441$ & $0.0261955$ & $-0.0407998$ & $-0.039139$ & $-0.0225264$ & $0.00181378$ & $0.0258172$ & $0.00774301$ & $-0.00946995$ & $-0.00401552$ & $-0.016497$ & $0.0038556$ \\
CHd_33 & $-0.00542142$ & $0.0123973$ & $-0.0125579$ & $0.0376263$ & $-0.00814613$ & $-0.05849$ & $-0.0140765$ & $0.320302$ & $0.316039$ & $-0.119712$ & $-0.353011$ & $-0.0688582$ & $0.0627628$ & $0.154301$ & $0.0969884$ & $0.101098$ & $0.0634351$ & $-0.0195778$ & $-0.0253068$ & $0.341978$ & $0.357012$ & $0.350552$ & $0.0305688$ & $-0.0472428$ & $-0.0149154$ & $-0.213061$ & $0.140743$ & $1$ & $-0.00723763$ & $0.0316548$ & $0.0012476$ & $-0.0171544$ & $0.0228311$ & $0.193415$ & $-0.0293495$ & $0.000363452$ & $0.00781826$ & $0.0245929$ & $-0.000367629$ & $-0.0314087$ & $0.0476154$ & $0.0260576$ & $0.0157704$ & $0.0301356$ & $0.0274121$ & $-0.00327696$ & $-0.0191382$ & $-0.0685669$ & $-0.00414255$ \\
CeH_22r & $0.00967507$ & $-0.0183526$ & $0.021313$ & $-0.00215541$ & $-0.0285841$ & $-0.00600927$ & $-0.00405151$ & $-0.0188402$ & $-0.0131765$ & $0.00912843$ & $0.0159218$ & $0.016105$ & $0.0270319$ & $0.00586396$ & $-0.00532293$ & $-0.00481221$ & $0.00651782$ & $0.0113869$ & $0.00885366$ & $-0.0181375$ & $-0.0171286$ & $-0.0146123$ & $-0.00470434$ & $0.00864173$ & $0.0149974$ & $0.00149819$ & $-0.00812484$ & $-0.00723763$ & $1$ & $0.0171869$ & $0.0208561$ & $-0.0156596$ & $0.0240032$ & $-0.0108211$ & $0.0113725$ & $-0.0151433$ & $-0.00251848$ & $0.0166125$ & $0.00415573$ & $-0.0263946$ & $-0.030528$ & $0.0129929$ & $0.0396508$ & $0.0289056$ & $-0.0135865$ & $0.000457143$ & $0.0199562$ & $-0.0159581$ & $0.00862231$ \\
CeH_33r & $-0.0210251$ & $0.0181403$ & $-0.0240012$ & $0.0581906$ & $0.0187414$ & $0.0122715$ & $-0.145451$ & $0.161785$ & $0.184323$ & $-0.168535$ & $-0.107461$ & $0.290565$ & $0.29644$ & $-0.0576099$ & $0.0601572$ & $0.0749893$ & $-0.123731$ & $-0.146293$ & $-0.152746$ & $0.107708$ & $0.108349$ & $0.110235$ & $0.0126837$ & $-0.149379$ & $-0.147615$ & $-0.0672889$ & $0.0334451$ & $0.0316548$ & $0.0171869$ & $1$ & $0.301553$ & $0.00741166$ & $0.691963$ & $0.0817563$ & $-0.0512977$ & $-0.029993$ & $-0.102058$ & $0.00476396$ & $-0.0147926$ & $-0.0244502$ & $0.0348145$ & $-0.000413957$ & $0.036492$ & $0.0181516$ & $0.022819$ & $-0.0293483$ & $0.0015631$ & $0.0198615$ & $-0.0357405$ \\
CuH_22r & $-0.00234364$ & $0.0575568$ & $-0.0816417$ & $-0.0086875$ & $-0.001075$ & $-0.0274282$ & $-0.0400578$ & $0.0632828$ & $0.0729783$ & $-0.0783895$ & $-0.0404778$ & $0.0517262$ & $0.104614$ & $-0.0386099$ & $0.0311851$ & $0.012301$ & $-0.0421454$ & $-0.0644502$ & $-0.0517762$ & $0.0426841$ & $0.0428408$ & $0.0410082$ & $-0.00584908$ & $-0.0595236$ & $-0.0537107$ & $-0.00386924$ & $0.0284302$ & $0.0012476$ & $0.0208561$ & $0.301553$ & $1$ & $0.0471868$ & $0.337452$ & $0.0350561$ & $-0.0147585$ & $-0.0113448$ & $-0.0912112$ & $-0.0233715$ & $-0.041481$ & $-0.0300737$ & $0.0332318$ & $-0.0497337$ & $0.0307434$ & $-0.0398947$ & $-0.0331212$ & $0.00808578$ & $0.206486$ & $-0.0314664$ & $-0.0421281$ \\
CuH_33r & $-0.0394707$ & $0.0134268$ & $-0.0940697$ & $0.0134863$ & $0.0218527$ & $-6.75792e-05$ & $0.938711$ & $-0.114109$ & $-0.0747808$ & $0.0995272$ & $0.0702501$ & $-0.0697265$ & $-0.260589$ & $0.0555329$ & $-0.00157553$ & $0.00804712$ & $0.0888374$ & $0.0892288$ & $0.0789905$ & $-0.066952$ & $-0.0766974$ & $-0.0755827$ & $-0.0215088$ & $0.123582$ & $0.0929629$ & $0.0545838$ & $-0.063315$ & $-0.0171544$ & $-0.0156596$ & $0.00741166$ & $0.0471868$ & $1$ & $0.0115024$ & $-0.088957$ & $-0.0103514$ & $-0.0578103$ & $-0.0889283$ & $0.0101738$ & $-0.0322396$ & $0.0818424$ & $-0.0357722$ & $-0.00895629$ & $-0.00704456$ & $-0.0610818$ & $-0.0474998$ & $0.0411697$ & $0.0245871$ & $0.058759$ & $0.00294901$ \\
CdH_33r & $-0.0282899$ & $0.10625$ & $-0.0535629$ & $0.0449565$ & $-0.00414299$ & $0.00112922$ & $-0.178863$ & $0.161091$ & $0.179496$ & $-0.184862$ & $-0.112532$ & $0.347654$ & $0.364288$ & $-0.0538084$ & $0.0867018$ & $0.0769498$ & $-0.116903$ & $-0.156535$ & $-0.143506$ & $0.117022$ & $0.111645$ & $0.117312$ & $0.0207313$ & $-0.14975$ & $-0.137957$ & $-0.0811773$ & $0.029478$ & $0.0228311$ & $0.0240032$ & $0.691963$ & $0.337452$ & $0.0115024$ & $1$ & $0.0612992$ & $-0.0294597$ & $-0.0783208$ & $-0.100806$ & $-0.0261401$ & $0.0454875$ & $-0.0498629$ & $0.0790926$ & $0.0725958$ & $-0.0935351$ & $0.0249094$ & $-0.0445984$ & $-0.13004$ & $0.0423674$ & $0.231265$ & $0.33509$ \\
CLL_1221 & $0.0103503$ & $-0.0135192$ & $0.0788422$ & $0.0381001$ & $0.0164077$ & $-0.132055$ & $-0.0888145$ & $0.586594$ & $0.578852$ & $-0.355696$ & $-0.402136$ & $-0.0670934$ & $0.212305$ & $-0.206521$ & $-0.58476$ & $-0.0807356$ & $-0.252871$ & $0.0227863$ & $-0.343596$ & $0.325483$ & $0.48511$ & $0.475544$ & $0.18377$ & $-0.642721$ & $-0.211979$ & $-0.258809$ & $0.673947$ & $0.193415$ & $-0.0108211$ & $0.0817563$ & $0.0350561$ & $-0.088957$ & $0.0612992$ & $1$ & $-0.0201202$ & $0.0326087$ & $-0.0163822$ & $0.0260194$ & $0.0307953$ & $-0.0393467$ & $-0.00631119$ & $-0.0102883$ & $0.00114947$ & $0.0515516$ & $0.0150123$ & $-0.0246389$ & $-0.0254106$ & $-0.0225924$ & $0.0032188$ \\
eHggint & $-0.0156347$ & $-0.275408$ & $0.120188$ & $0.0484175$ & $-0.00372507$ & $0.0283288$ & $-0.0489704$ & $-0.00094955$ & $-0.0138773$ & $0.0120599$ & $0.0149814$ & $0.0519669$ & $0.00642369$ & $-0.0121969$ & $0.00164054$ & $-0.0181234$ & $-0.0334081$ & $-0.0229059$ & $-0.00725653$ & $-0.0186511$ & $-0.0169877$ & $-0.026156$ & $0.00391926$ & $-0.0233885$ & $-0.0187661$ & $-0.00300727$ & $-0.0138271$ & $-0.0293495$ & $0.0113725$ & $-0.0512977$ & $-0.0147585$ & $-0.0103514$ & $-0.0294597$ & $-0.0201202$ & $1$ & $0.0151971$ & $-0.0846517$ & $-0.0233294$ & $0.101651$ & $0.00548946$ & $0.0287373$ & $-0.00324682$ & $-0.0103957$ & $0.0807699$ & $-0.206231$ & $0.197005$ & $0.051078$ & $0.108014$ & $0.0267419$ \\
eHggpar & $0.303725$ & $-0.0177916$ & $0.253056$ & $-0.433304$ & $0.0166728$ & $-0.0364265$ & $-0.0647174$ & $0.0577975$ & $0.0499863$ & $-0.03644$ & $-0.0631008$ & $0.00762121$ & $0.03611$ & $0.0164984$ & $0.0220468$ & $0.0191801$ & $0.0137197$ & $-0.00710819$ & $-0.000483856$ & $0.0629213$ & $0.0644053$ & $0.070533$ & $-0.0109967$ & $-0.0412466$ & $-0.015403$ & $-0.00578405$ & $0.0372797$ & $0.000363452$ & $-0.0151433$ & $-0.029993$ & $-0.0113448$ & $-0.0578103$ & $-0.0783208$ & $0.0326087$ & $0.0151971$ & $1$ & $0.108529$ & $0.0651431$ & $0.00462904$ & $0.0224935$ & $-0.0115031$ & $0.104979$ & $-0.00806921$ & $-0.104742$ & $-0.242922$ & $-0.0355107$ & $-0.0820247$ & $-0.224099$ & $-0.0553147$ \\
eHWWint & $0.103775$ & $0.0664366$ & $0.046958$ & $-0.242482$ & $0.00293235$ & $0.00527655$ & $-0.0591051$ & $-0.014737$ & $-0.0381437$ & $0.0706072$ & $0.0099891$ & $0.0584114$ & $0.0370163$ & $0.00942545$ & $0.00198575$ & $-0.000437972$ & $0.000600786$ & $0.00667779$ & $0.00695243$ & $-0.0059908$ & $-0.0117037$ & $-0.0170709$ & $-0.00891906$ & $0.0167056$ & $-0.000673342$ & $0.0196295$ & $-0.00953284$ & $0.00781826$ & $-0.00251848$ & $-0.102058$ & $-0.0912112$ & $-0.0889283$ & $-0.100806$ & $-0.0163822$ & $-0.0846517$ & $0.108529$ & $1$ & $-0.007825$ & $-0.176036$ & $0.0168847$ & $-0.122499$ & $0.0330943$ & $-0.393321$ & $-0.0541778$ & $0.154052$ & $0.0430312$ & $-0.28831$ & $0.0341315$ & $0.00208544$ \\
eHWWpar & $0.0770001$ & $0.0493551$ & $0.0173759$ & $0.0395684$ & $-0.0398599$ & $-0.016507$ & $0.00262273$ & $0.0796135$ & $0.0813748$ & $-0.0347869$ & $-0.0661788$ & $0.0170575$ & $0.0526271$ & $0.00595565$ & $0.0453208$ & $0.0168725$ & $-0.0405087$ & $-0.0615271$ & $-0.0429807$ & $0.0647096$ & $0.0659371$ & $0.0615968$ & $-0.0225521$ & $-0.0607831$ & $-0.0439041$ & $-0.0329786$ & $0.0302441$ & $0.0245929$ & $0.0166125$ & $0.00476396$ & $-0.0233715$ & $0.0101738$ & $-0.0261401$ & $0.0260194$ & $-0.0233294$ & $0.0651431$ & $-0.007825$ & $1$ & $-0.039672$ & $-0.060862$ & $0.0256592$ & $-0.00346092$ & $0.0634875$ & $0.0202069$ & $-0.0155685$ & $-0.0315947$ & $0.014506$ & $-0.0732066$ & $-0.0889343$ \\
eHZZint & $0.017476$ & $-0.207147$ & $0.179441$ & $-0.162487$ & $-0.0333988$ & $-0.0105895$ & $-0.0379324$ & $0.0661352$ & $0.0692179$ & $-0.0350121$ & $-0.0429371$ & $-0.00673815$ & $0.0163302$ & $-0.0251146$ & $0.0250666$ & $-0.0051756$ & $-0.0336625$ & $-0.0592296$ & $-0.0312574$ & $0.0360289$ & $0.0444811$ & $0.0485549$ & $-0.000390097$ & $-0.0553378$ & $-0.0486961$ & $-0.0347308$ & $0.0261955$ & $-0.000367629$ & $0.00415573$ & $-0.0147926$ & $-0.041481$ & $-0.0322396$ & $0.0454875$ & $0.0307953$ & $0.101651$ & $0.00462904$ & $-0.176036$ & $-0.039672$ & $1$ & $-0.0155603$ & $-0.031174$ & $0.0264036$ & $0.0608024$ & $-0.000884605$ & $-0.200062$ & $0.133157$ & $-0.0856176$ & $0.0477205$ & $0.194673$ \\
eHZZpar & $-0.00644552$ & $-0.0366234$ & $-0.0796219$ & $0.0018796$ & $0.00116264$ & $0.0260514$ & $0.0799105$ & $-0.0306676$ & $-0.0364231$ & $-0.010555$ & $0.0350513$ & $-0.0390732$ & $-0.0156426$ & $-0.0129187$ & $0.013663$ & $-0.00736356$ & $-0.0110657$ & $-0.0158192$ & $0.00273793$ & $-0.0354515$ & $-0.0379036$ & $-0.036372$ & $-0.0345238$ & $0.0102701$ & $-0.0156599$ & $0.0400188$ & $-0.0407998$ & $-0.0314087$ & $-0.0263946$ & $-0.0244502$ & $-0.0300737$ & $0.0818424$ & $-0.0498629$ & $-0.0393467$ & $0.00548946$ & $0.0224935$ & $0.0168847$ & $-0.060862$ & $-0.0155603$ & $1$ & $-0.0392607$ & $-0.0102239$ & $0.0184164$ & $-0.0340671$ & $-0.0995915$ & $0.0354001$ & $0.0230591$ & $0.00919211$ & $-0.0376798$ \\
eHZgaint & $-0.122399$ & $0.360607$ & $0.00705256$ & $0.156861$ & $0.0194214$ & $0.0122387$ & $-0.0453383$ & $-0.0151511$ & $-0.0207762$ & $-0.000889366$ & $0.0131624$ & $0.0242696$ & $0.0142248$ & $-0.00275058$ & $0.00821374$ & $0.00771556$ & $-0.00170628$ & $-0.00431592$ & $-0.00701101$ & $-0.00544457$ & $-0.00842178$ & $-0.0148485$ & $0.00319958$ & $0.00749841$ & $-0.01266$ & $-0.0121889$ & $-0.039139$ & $0.0476154$ & $-0.030528$ & $0.0348145$ & $0.0332318$ & $-0.0357722$ & $0.0790926$ & $-0.00631119$ & $0.0287373$ & $-0.0115031$ & $-0.122499$ & $0.0256592$ & $-0.031174$ & $-0.0392607$ & $1$ & $-0.0333588$ & $-0.130063$ & $-0.0134069$ & $-0.101988$ & $-0.283278$ & $0.142549$ & $0.114117$ & $0.161734$ \\
eHZgapar & $0.0723788$ & $-0.0162461$ & $0.024028$ & $-0.0951743$ & $-0.0341144$ & $-0.00716544$ & $-0.0108862$ & $-0.0100985$ & $-0.00359223$ & $-0.000660372$ & $0.00361424$ & $0.0229715$ & $0.00410168$ & $0.0136341$ & $-0.000457469$ & $0.0457344$ & $0.0040535$ & $0.0163302$ & $-0.0158977$ & $0.00119496$ & $-0.0070071$ & $-0.00747951$ & $0.0257872$ & $0.0195856$ & $-2.65151e-06$ & $-0.01877$ & $-0.0225264$ & $0.0260576$ & $0.0129929$ & $-0.000413957$ & $-0.0497337$ & $-0.00895629$ & $0.0725958$ & $-0.0102883$ & $-0.00324682$ & $0.104979$ & $0.0330943$ & $-0.00346092$ & $0.0264036$ & $-0.0102239$ & $-0.0333588$ & $1$ & $-0.0656876$ & $0.020756$ & $-0.135621$ & $0.0512271$ & $-0.108294$ & $0.0497598$ & $0.129488$ \\
eHgagaint & $0.109286$ & $-0.332147$ & $-0.060446$ & $-0.103062$ & $-0.0025819$ & $-0.00704279$ & $-0.00991129$ & $0.00139858$ & $0.0357852$ & $-0.00561869$ & $0.00837808$ & $-0.0147772$ & $-0.0317306$ & $-0.0309984$ & $-0.00588134$ & $0.00329809$ & $-0.00162431$ & $-0.010335$ & $-0.0109284$ & $-0.0144098$ & $-0.0125237$ & $-0.00267942$ & $-0.0305593$ & $0.00686228$ & $-0.0179264$ & $0.0358111$ & $0.00181378$ & $0.0157704$ & $0.0396508$ & $0.036492$ & $0.0307434$ & $-0.00704456$ & $-0.0935351$ & $0.00114947$ & $-0.0103957$ & $-0.00806921$ & $-0.393321$ & $0.0634875$ & $0.0608024$ & $0.0184164$ & $-0.130063$ & $-0.0656876$ & $1$ & $-0.0714646$ & $0.0445926$ & $-0.109983$ & $0.143486$ & $-0.353032$ & $-0.280829$ \\
eHmumuint & $0.403334$ & $-0.166074$ & $-0.104677$ & $0.0918143$ & $-0.0188084$ & $-0.0229979$ & $-0.0554214$ & $0.0682562$ & $0.0601206$ & $-0.119867$ & $-0.0456141$ & $-0.0554307$ & $0.0669412$ & $-0.0313839$ & $-0.00347845$ & $-0.0072761$ & $-0.0468615$ & $-0.0469551$ & $-0.0497785$ & $0.0377777$ & $0.0433067$ & $0.0363513$ & $0.0705198$ & $-0.0870526$ & $-0.0787892$ & $-0.092086$ & $0.0258172$ & $0.0301356$ & $0.0289056$ & $0.0181516$ & $-0.0398947$ & $-0.0610818$ & $0.0249094$ & $0.0515516$ & $0.0807699$ & $-0.104742$ & $-0.0541778$ & $0.0202069$ & $-0.000884605$ & $-0.0340671$ & $-0.0134069$ & $0.020756$ & $-0.0714646$ & $1$ & $-0.0788281$ & $-0.134887$ & $-0.132303$ & $0.204224$ & $-0.0150935$ \\
eHtautauint & $-0.0659275$ & $-0.0394749$ & $0.036187$ & $0.218361$ & $-0.00179839$ & $-0.0174418$ & $-0.0317789$ & $0.0146876$ & $0.0154308$ & $-0.000527457$ & $0.00109259$ & $0.00529229$ & $0.00235861$ & $-0.0259387$ & $-0.00616709$ & $0.00749774$ & $-0.0311781$ & $-0.0239796$ & $-0.0329832$ & $-0.00105488$ & $-0.00262203$ & $0.00104233$ & $0.0212152$ & $-0.0115282$ & $-0.0251069$ & $-0.0142919$ & $0.00774301$ & $0.0274121$ & $-0.0135865$ & $0.022819$ & $-0.0331212$ & $-0.0474998$ & $-0.0445984$ & $0.0150123$ & $-0.206231$ & $-0.242922$ & $0.154052$ & $-0.0155685$ & $-0.200062$ & $-0.0995915$ & $-0.101988$ & $-0.135621$ & $0.0445926$ & $-0.0788281$ & $1$ & $-0.105694$ & $-0.254641$ & $-0.0842303$ & $-0.10241$ \\
eHccint & $-0.161675$ & $-0.287758$ & $0.150866$ & $0.0895932$ & $0.0122027$ & $0.0371034$ & $0.034439$ & $0.0207081$ & $0.0148268$ & $0.039791$ & $-0.020216$ & $0.0244671$ & $-0.0153504$ & $0.027805$ & $0.0286238$ & $-0.00602371$ & $-0.00935616$ & $-0.0145606$ & $0.00769749$ & $0.0172635$ & $0.0170332$ & $0.0101577$ & $-0.0448413$ & $-0.0109469$ & $0.00611753$ & $0.0212831$ & $-0.00946995$ & $-0.00327696$ & $0.000457143$ & $-0.0293483$ & $0.00808578$ & $0.0411697$ & $-0.13004$ & $-0.0246389$ & $0.197005$ & $-0.0355107$ & $0.0430312$ & $-0.0315947$ & $0.133157$ & $0.0354001$ & $-0.283278$ & $0.0512271$ & $-0.109983$ & $-0.134887$ & $-0.105694$ & $1$ & $-0.148719$ & $-0.287463$ & $-0.284322$ \\
eHccpar & $0.0783817$ & $0.237836$ & $-0.215574$ & $-0.109784$ & $0.00823434$ & $0.0232729$ & $0.0196676$ & $-0.0461615$ & $-0.0381406$ & $0.0163555$ & $0.0319728$ & $0.000823699$ & $-0.0194685$ & $0.0151482$ & $-0.0028207$ & $0.000913119$ & $0.018601$ & $0.0284056$ & $0.029786$ & $-0.0278573$ & $-0.0330759$ & $-0.0238672$ & $-0.015922$ & $0.0475856$ & $0.0327897$ & $0.0246856$ & $-0.00401552$ & $-0.0191382$ & $0.0199562$ & $0.0015631$ & $0.206486$ & $0.0245871$ & $0.0423674$ & $-0.0254106$ & $0.051078$ & $-0.0820247$ & $-0.28831$ & $0.014506$ & $-0.0856176$ & $0.0230591$ & $0.142549$ & $-0.108294$ & $0.143486$ & $-0.132303$ & $-0.254641$ & $-0.148719$ & $1$ & $-0.0371799$ & $0.0276079$ \\
eHbbint & $0.00512233$ & $0.143586$ & $-0.170174$ & $0.16834$ & $-0.0557975$ & $0.029241$ & $0.0450539$ & $-0.0406497$ & $-0.0518998$ & $-0.0382356$ & $0.0372187$ & $-0.0389899$ & $-0.00912974$ & $0.000408937$ & $-0.0184846$ & $-0.011097$ & $-0.00850338$ & $0.0144852$ & $0.0109276$ & $-0.0330152$ & $-0.0371171$ & $-0.0411817$ & $0.0536636$ & $0.00427008$ & $0.0145249$ & $-0.033312$ & $-0.016497$ & $-0.0685669$ & $-0.0159581$ & $0.0198615$ & $-0.0314664$ & $0.058759$ & $0.231265$ & $-0.0225924$ & $0.108014$ & $-0.224099$ & $0.0341315$ & $-0.0732066$ & $0.0477205$ & $0.00919211$ & $0.114117$ & $0.0497598$ & $-0.353032$ & $0.204224$ & $-0.0842303$ & $-0.287463$ & $-0.0371799$ & $1$ & $0.41874$ \\
eHbbpar & $-0.00135891$ & $0.191172$ & $-0.0222912$ & $-0.0294937$ & $-0.0221561$ & $-0.0342559$ & $0.0031889$ & $0.0113091$ & $0.00028223$ & $-0.00973835$ & $-0.025847$ & $-0.0126255$ & $0.00703619$ & $0.0170043$ & $0.0166624$ & $-0.00283257$ & $0.0292744$ & $0.00745941$ & $0.0274069$ & $0.0291128$ & $0.0276311$ & $0.0360115$ & $0.0457661$ & $-0.0110343$ & $0.0150836$ & $-0.0528248$ & $0.0038556$ & $-0.00414255$ & $0.00862231$ & $-0.0357405$ & $-0.0421281$ & $0.00294901$ & $0.33509$ & $0.0032188$ & $0.0267419$ & $-0.0553147$ & $0.00208544$ & $-0.0889343$ & $0.194673$ & $-0.0376798$ & $0.161734$ & $0.129488$ & $-0.280829$ & $-0.0150935$ & $-0.10241$ & $-0.284322$ & $0.0276079$ & $0.41874$ & $1$ \\
