 & AlsMz & dAle5Mz & mtop & mHl & Mz & CW & CHG & CHWB & CHWHB_gaga & CHWHB_gagaorth & CHD & CHbox & CH & CHL1_11 & CHL1_22 & CHL1_33 & CHL3_11 & CHL3_22 & CHL3_33 & CHe_11 & CHe_22 & CHe_33 & CHQ1_11 & CHQ1_33 & CHQ3_11 & CHu_11 & CHd_11 & CHd_33 & CeH_22r & CeH_33r & CuH_22r & CuH_33r & CdH_33r & CLL_1221 & eHggint & eHggpar & eHWWint & eHWWpar & eHZZint & eHZZpar & eHZgaint & eHZgapar & eHgagaint & eHmumuint & eHtautauint & eHccint & eHccpar & eHbbint & eHbbpar \\
AlsMz & $1$ & $-0.20514$ & $-0.0554139$ & $-0.182249$ & $0.00302049$ & $-0.00401941$ & $-0.0468914$ & $0.0182289$ & $0.02305$ & $0.00362152$ & $-0.0257288$ & $0.021793$ & $0.000386039$ & $0.00540706$ & $0.00446655$ & $0.00640152$ & $0.00492141$ & $0.000727049$ & $-7.41366e-05$ & $0.0146753$ & $0.0141643$ & $0.0112747$ & $0.00184132$ & $-0.0559321$ & $-0.101558$ & $-0.0435008$ & $-0.020282$ & $0.0128407$ & $-0.02666$ & $-0.0419537$ & $-0.114672$ & $-0.0289563$ & $0.0380083$ & $0.00191378$ & $0.315181$ & $-0.0532297$ & $0.110929$ & $0.0209919$ & $0.135215$ & $0.0225048$ & $-0.0282179$ & $-0.0572088$ & $0.23528$ & $0.0491564$ & $0.074479$ & $0.0251829$ & $-0.329117$ & $0.0702417$ & $0.172387$ \\
dAle5Mz & $-0.20514$ & $1$ & $0.227916$ & $0.159535$ & $-0.00884864$ & $0.00729675$ & $0.00895205$ & $-0.0515083$ & $-0.0552164$ & $0.0306225$ & $0.0422596$ & $0.0285735$ & $-0.00943674$ & $-0.0138381$ & $-0.023007$ & $-0.0366936$ & $0.0148909$ & $0.0155429$ & $0.0259347$ & $-0.0241371$ & $-0.0192117$ & $-0.0207512$ & $0.00512205$ & $0.0239588$ & $0.0410048$ & $0.0192796$ & $0.0209058$ & $-0.0101854$ & $-0.00218298$ & $0.00273058$ & $0.0589001$ & $0.00934076$ & $0.0635413$ & $0.0233017$ & $-0.0506287$ & $-0.0418426$ & $-0.0973172$ & $-0.0117879$ & $0.123002$ & $-0.0341947$ & $-0.0130527$ & $-0.0101156$ & $-0.0890719$ & $-0.0293814$ & $-0.135366$ & $0.126205$ & $0.174667$ & $-0.0187128$ & $0.133604$ \\
mtop & $-0.0554139$ & $0.227916$ & $1$ & $-0.00436762$ & $0.00401372$ & $-0.00302866$ & $0.0213549$ & $-0.00693208$ & $0.00178193$ & $-0.00254993$ & $0.0121748$ & $-0.0132867$ & $0.00244687$ & $-0.00683764$ & $-0.00520804$ & $-0.00973567$ & $0.00472699$ & $0.00156592$ & $0.00327474$ & $-0.00194499$ & $-0.000593073$ & $-0.000535079$ & $-0.00878726$ & $0.000234761$ & $0.0139947$ & $0.012927$ & $0.0142537$ & $-0.0141415$ & $-0.000240699$ & $0.00538752$ & $0.035246$ & $0.0137401$ & $0.0435068$ & $0.0121593$ & $-0.00634832$ & $-0.28668$ & $-0.0384221$ & $0.00804442$ & $0.0862406$ & $-0.0213456$ & $-0.0142879$ & $-0.00392411$ & $0.0852578$ & $0.0144334$ & $-0.0702436$ & $0.0215268$ & $0.0793435$ & $0.0233337$ & $0.0793637$ \\
mHl & $-0.182249$ & $0.159535$ & $-0.00436762$ & $1$ & $-0.00117986$ & $0.0147898$ & $0.0262614$ & $-0.00622431$ & $-0.00911906$ & $0.00363305$ & $-0.00216242$ & $-0.00758101$ & $-0.00250826$ & $0.0130242$ & $0.00784457$ & $0.00192548$ & $0.0164994$ & $0.00981384$ & $0.0140286$ & $0.00739979$ & $0.00596717$ & $0.00717175$ & $0.0118008$ & $0.0243163$ & $0.0267254$ & $-0.0113308$ & $-0.00355197$ & $0.00888706$ & $0.00619945$ & $0.0063614$ & $0.0347844$ & $0.0250466$ & $0.0057839$ & $-0.00379778$ & $-0.0798049$ & $0.0224442$ & $-0.0360962$ & $0.00552583$ & $0.0806178$ & $-0.0194045$ & $-0.0777463$ & $0.00153023$ & $-0.102753$ & $0.0660261$ & $-0.0300999$ & $-0.101947$ & $0.121169$ & $-0.0324392$ & $0.0121689$ \\
Mz & $0.00302049$ & $-0.00884864$ & $0.00401372$ & $-0.00117986$ & $1$ & $0.00220437$ & $-0.00469514$ & $0.000479387$ & $0.000736715$ & $0.00115292$ & $0.00551988$ & $-0.00332028$ & $0.000803582$ & $0.00507098$ & $0.011176$ & $0.00652232$ & $0.00555703$ & $-0.0029257$ & $0.000116517$ & $0.00377023$ & $0.00279421$ & $0.0035969$ & $0.00717746$ & $0.0041756$ & $0.00339607$ & $-0.0076987$ & $-0.000228353$ & $0.00429311$ & $-0.00700879$ & $0.00666467$ & $-0.000793676$ & $-0.00757937$ & $-0.000430002$ & $-0.00999812$ & $-0.0100147$ & $0.00841974$ & $-0.017991$ & $0.00946023$ & $0.00332183$ & $0.00070762$ & $-0.00753213$ & $0.0107472$ & $-9.19449e-05$ & $0.0106168$ & $0.00169365$ & $-0.00976114$ & $0.0146761$ & $-0.0101316$ & $0.00701128$ \\
CW & $-0.00401941$ & $0.00729675$ & $-0.00302866$ & $0.0147898$ & $0.00220437$ & $1$ & $-0.00900069$ & $-0.121635$ & $-0.119701$ & $0.0112804$ & $0.175318$ & $0.0499004$ & $0.00246387$ & $0.028929$ & $-0.069592$ & $-0.0704935$ & $-0.253306$ & $-0.0473733$ & $-0.0480755$ & $-0.172189$ & $-0.178942$ & $-0.17679$ & $-0.0101147$ & $0.00591013$ & $-0.0811308$ & $0.103324$ & $-0.07829$ & $-0.073996$ & $0.000973493$ & $-0.00144082$ & $-0.00479805$ & $-0.00536036$ & $0.00270911$ & $-0.124915$ & $-0.000572553$ & $0.00112268$ & $0.00494353$ & $-0.000885368$ & $-0.0143963$ & $-0.00604651$ & $0.00765529$ & $0.00972606$ & $0.00973999$ & $0.00531201$ & $-0.00160758$ & $-0.00666717$ & $-0.00797835$ & $0.00463549$ & $0.014444$ \\
CHG & $-0.0468914$ & $0.00895205$ & $0.0213549$ & $0.0262614$ & $-0.00469514$ & $-0.00900069$ & $1$ & $-0.11406$ & $-0.0589242$ & $0.0764976$ & $0.0702037$ & $-0.0468851$ & $-0.289213$ & $0.0468602$ & $-0.0328204$ & $-0.0218537$ & $0.0898765$ & $0.10426$ & $0.0954655$ & $-0.0675631$ & $-0.072304$ & $-0.0715112$ & $-0.0108942$ & $0.111891$ & $0.101734$ & $0.0434116$ & $-0.0458105$ & $-0.0253778$ & $0.013493$ & $-0.117457$ & $-0.0553404$ & $0.934709$ & $-0.151024$ & $-0.0622971$ & $-0.049048$ & $-0.006477$ & $-0.0197888$ & $0.00552017$ & $-0.0224231$ & $-0.00776203$ & $0.00143581$ & $0.0142097$ & $0.00993115$ & $0.0215602$ & $-0.00688172$ & $0.00176574$ & $0.0435974$ & $-0.0183743$ & $0.0130862$ \\
CHWB & $0.0182289$ & $-0.0515083$ & $-0.00693208$ & $-0.00622431$ & $0.000479387$ & $-0.121635$ & $-0.11406$ & $1$ & $0.983121$ & $-0.564694$ & $-0.881238$ & $-0.223469$ & $0.319422$ & $0.114118$ & $0.299197$ & $0.303599$ & $-0.223929$ & $-0.418802$ & $-0.423932$ & $0.853489$ & $0.89784$ & $0.880067$ & $0.0634508$ & $-0.668236$ & $-0.392661$ & $-0.508105$ & $0.413664$ & $0.307107$ & $0.0105587$ & $0.0964919$ & $0.0575731$ & $-0.10792$ & $0.0978212$ & $0.558139$ & $0.00719212$ & $-0.00742558$ & $-0.00541255$ & $0.00961057$ & $0.00113917$ & $0.000282456$ & $0.00400487$ & $-0.0130669$ & $0.0141278$ & $0.00573863$ & $0.0226307$ & $0.00658344$ & $-0.00801216$ & $0.0129004$ & $-0.0296418$ \\
CHWHB_gaga & $0.02305$ & $-0.0552164$ & $0.00178193$ & $-0.00911906$ & $0.000736715$ & $-0.119701$ & $-0.0589242$ & $0.983121$ & $1$ & $-0.554306$ & $-0.86349$ & $-0.200921$ & $0.315186$ & $0.106427$ & $0.295818$ & $0.300091$ & $-0.22656$ & $-0.417863$ & $-0.423168$ & $0.836806$ & $0.879474$ & $0.861947$ & $0.0610999$ & $-0.660032$ & $-0.393155$ & $-0.498048$ & $0.402992$ & $0.300285$ & $0.0179798$ & $0.11675$ & $0.064989$ & $-0.0614469$ & $0.119294$ & $0.546879$ & $-0.00197741$ & $-0.00529007$ & $-0.0115714$ & $0.00873514$ & $-0.00422534$ & $0.00144655$ & $0.00665093$ & $-0.0140316$ & $0.0728225$ & $0.00419354$ & $0.0246018$ & $-0.00442186$ & $-0.0133805$ & $0.0192357$ & $-0.0310511$ \\
CHWHB_gagaorth & $0.00362152$ & $0.0306225$ & $-0.00254993$ & $0.00363305$ & $0.00115292$ & $0.0112804$ & $0.0764976$ & $-0.564694$ & $-0.554306$ & $1$ & $0.348267$ & $0.594865$ & $-0.223455$ & $0.227843$ & $-0.132048$ & $-0.129937$ & $0.432208$ & $0.49031$ & $0.48874$ & $-0.335478$ & $-0.363412$ & $-0.358763$ & $-0.0427921$ & $0.548971$ & $0.476585$ & $0.201802$ & $-0.225543$ & $-0.126314$ & $-0.00456515$ & $-0.122363$ & $-0.0687799$ & $0.0916243$ & $-0.130587$ & $-0.337133$ & $0.0402714$ & $-0.00679898$ & $-0.00752689$ & $-0.000412694$ & $0.0182468$ & $0.00264458$ & $-0.0499227$ & $0.0102647$ & $-0.0248835$ & $0.00751581$ & $-0.0252173$ & $0.00287857$ & $0.0200966$ & $-0.0170542$ & $0.0188545$ \\
CHD & $-0.0257288$ & $0.0422596$ & $0.0121748$ & $-0.00216242$ & $0.00551988$ & $0.175318$ & $0.0702037$ & $-0.881238$ & $-0.86349$ & $0.348267$ & $1$ & $0.271964$ & $-0.154605$ & $-0.523423$ & $-0.417816$ & $-0.419347$ & $-0.227732$ & $0.0549496$ & $0.0607294$ & $-0.990554$ & $-0.991236$ & $-0.970173$ & $-0.0117332$ & $0.305894$ & $0.0152984$ & $0.564139$ & $-0.288611$ & $-0.341158$ & $-0.0034887$ & $-0.0558978$ & $-0.0347796$ & $0.0754836$ & $-0.0517466$ & $-0.366776$ & $0.00132453$ & $0.0121271$ & $0.00464467$ & $-0.0113074$ & $-0.00927307$ & $-0.000302587$ & $0.011485$ & $0.0128348$ & $-0.004119$ & $-0.00193765$ & $-0.0218169$ & $-0.00833372$ & $0.00886552$ & $-0.00766103$ & $0.0302219$ \\
CHbox & $0.021793$ & $0.0285735$ & $-0.0132867$ & $-0.00758101$ & $-0.00332028$ & $0.0499004$ & $-0.0468851$ & $-0.223469$ & $-0.200921$ & $0.594865$ & $0.271964$ & $1$ & $0.179266$ & $-0.188331$ & $-0.0373117$ & $-0.038336$ & $-0.115705$ & $-0.0654303$ & $-0.063314$ & $-0.251336$ & $-0.279774$ & $-0.273918$ & $-0.0194354$ & $0.0658699$ & $-0.0713268$ & $0.151744$ & $-0.147344$ & $-0.0955328$ & $0.0389455$ & $0.224942$ & $0.0471412$ & $0.0410695$ & $0.285833$ & $-0.155295$ & $0.0972219$ & $0.0182806$ & $-0.014725$ & $-0.00297522$ & $0.00722757$ & $0.00133263$ & $-0.0310781$ & $0.0138486$ & $-0.015281$ & $0.00780138$ & $-0.0264461$ & $-0.00214585$ & $0.0133092$ & $-0.0289326$ & $0.0349026$ \\
CH & $0.000386039$ & $-0.00943674$ & $0.00244687$ & $-0.00250826$ & $0.000803582$ & $0.00246387$ & $-0.289213$ & $0.319422$ & $0.315186$ & $-0.223455$ & $-0.154605$ & $0.179266$ & $1$ & $-0.220594$ & $0.068137$ & $0.0750456$ & $-0.329584$ & $-0.351391$ & $-0.35681$ & $0.151599$ & $0.163831$ & $0.161178$ & $0.0223921$ & $-0.365012$ & $-0.343778$ & $-0.0883497$ & $0.118736$ & $0.0521412$ & $0.0423865$ & $0.252977$ & $0.111606$ & $-0.237491$ & $0.314821$ & $0.195972$ & $0.0373611$ & $0.00789076$ & $-0.00483117$ & $0.000625387$ & $0.00335446$ & $0.00348425$ & $-0.000884828$ & $-0.01161$ & $0.0117171$ & $0.00345779$ & $-0.0109651$ & $-0.00118601$ & $-0.0108128$ & $-0.00510057$ & $-0.0139483$ \\
CHL1_11 & $0.00540706$ & $-0.0138381$ & $-0.00683764$ & $0.0130242$ & $0.00507098$ & $0.028929$ & $0.0468602$ & $0.114118$ & $0.106427$ & $0.227843$ & $-0.523423$ & $-0.188331$ & $-0.220594$ & $1$ & $0.271543$ & $0.264896$ & $0.658996$ & $0.593363$ & $0.592201$ & $0.540628$ & $0.485275$ & $0.471147$ & $-0.0723161$ & $0.462502$ & $0.596633$ & $-0.277797$ & $-0.0808005$ & $0.166054$ & $-0.011572$ & $-0.0451529$ & $-0.0254144$ & $0.0264528$ & $-0.0562145$ & $-0.20184$ & $-0.0204607$ & $-0.0178549$ & $0.000381148$ & $0.00421627$ & $0.0128823$ & $-0.00139719$ & $-0.0317376$ & $-0.00254903$ & $-0.0188492$ & $-0.00387959$ & $0.0109143$ & $0.0049235$ & $-0.000401948$ & $-0.00758796$ & $-0.011707$ \\
CHL1_22 & $0.00446655$ & $-0.023007$ & $-0.00520804$ & $0.00784457$ & $0.011176$ & $-0.069592$ & $-0.0328204$ & $0.299197$ & $0.295818$ & $-0.132048$ & $-0.417816$ & $-0.0373117$ & $0.068137$ & $0.271543$ & $1$ & $0.441579$ & $0.160831$ & $-0.454632$ & $-0.0340006$ & $0.482744$ & $0.334287$ & $0.324374$ & $-0.176904$ & $0.105$ & $-0.13824$ & $-0.192755$ & $-0.398956$ & $0.12283$ & $0.00166986$ & $0.0304573$ & $0.0123424$ & $-0.0331224$ & $0.030924$ & $-0.595715$ & $-0.00986291$ & $0.0042536$ & $-0.00786048$ & $5.32723e-05$ & $-0.00195903$ & $-0.00241704$ & $-0.00514247$ & $0.0085658$ & $0.00816085$ & $0.000768174$ & $0.00648078$ & $-0.00510942$ & $-0.012606$ & $-0.0172409$ & $-0.00280465$ \\
CHL1_33 & $0.00640152$ & $-0.0366936$ & $-0.00973567$ & $0.00192548$ & $0.00652232$ & $-0.0704935$ & $-0.0218537$ & $0.303599$ & $0.300091$ & $-0.129937$ & $-0.419347$ & $-0.038336$ & $0.0750456$ & $0.264896$ & $0.441579$ & $1$ & $0.160256$ & $-0.029823$ & $-0.443552$ & $0.481836$ & $0.339471$ & $0.356926$ & $-0.167802$ & $0.0941693$ & $-0.134011$ & $-0.19813$ & $-0.382469$ & $0.114452$ & $0.0047299$ & $0.024068$ & $0.00862356$ & $-0.0174231$ & $0.0285564$ & $-0.0915086$ & $0.00749283$ & $0.00357464$ & $0.00540014$ & $-0.00482846$ & $0.00133767$ & $0.010232$ & $-0.00944112$ & $-0.0070704$ & $0.016636$ & $-0.0136945$ & $0.0206918$ & $0.00295088$ & $-0.0185215$ & $-0.00277798$ & $-0.0116521$ \\
CHL3_11 & $0.00492141$ & $0.0148909$ & $0.00472699$ & $0.0164994$ & $0.00555703$ & $-0.253306$ & $0.0898765$ & $-0.223929$ & $-0.22656$ & $0.432208$ & $-0.227732$ & $-0.115705$ & $-0.329584$ & $0.658996$ & $0.160831$ & $0.160256$ & $1$ & $0.733163$ & $0.72986$ & $0.248743$ & $0.196649$ & $0.190761$ & $-0.0665141$ & $0.670196$ & $0.772702$ & $-0.117568$ & $-0.144613$ & $0.0730106$ & $-0.0141858$ & $-0.0844055$ & $-0.0434427$ & $0.0647511$ & $-0.0983015$ & $-0.23473$ & $-0.0189446$ & $-0.0111683$ & $-0.00196109$ & $0.0082705$ & $0.0137135$ & $-0.000179945$ & $-0.0251064$ & $0.00184647$ & $-0.0196217$ & $-0.00564253$ & $-0.00557309$ & $0.00196641$ & $0.0035914$ & $-0.00375358$ & $-0.00894233$ \\
CHL3_22 & $0.000727049$ & $0.0155429$ & $0.00156592$ & $0.00981384$ & $-0.0029257$ & $-0.0473733$ & $0.10426$ & $-0.418802$ & $-0.417863$ & $0.49031$ & $0.0549496$ & $-0.0654303$ & $-0.351391$ & $0.593363$ & $-0.454632$ & $-0.029823$ & $0.733163$ & $1$ & $0.670858$ & $-0.0591192$ & $-0.0477589$ & $-0.0449545$ & $0.0156992$ & $0.612773$ & $0.793279$ & $0.0228171$ & $0.0171268$ & $-0.0185877$ & $-0.0142218$ & $-0.095143$ & $-0.0510665$ & $0.0831703$ & $-0.107518$ & $0.0536758$ & $-0.0120866$ & $-0.0129027$ & $0.00631896$ & $0.00349626$ & $0.0123681$ & $0.0025241$ & $-0.0251543$ & $-0.00514223$ & $-0.0232556$ & $-0.00704794$ & $-0.00328209$ & $0.00394685$ & $0.00773213$ & $0.000842947$ & $-0.00294806$ \\
CHL3_33 & $-7.41366e-05$ & $0.0259347$ & $0.00327474$ & $0.0140286$ & $0.000116517$ & $-0.0480755$ & $0.0954655$ & $-0.423932$ & $-0.423168$ & $0.48874$ & $0.0607294$ & $-0.063314$ & $-0.35681$ & $0.592201$ & $-0.0340006$ & $-0.443552$ & $0.72986$ & $0.670858$ & $1$ & $-0.064116$ & $-0.0540257$ & $-0.051255$ & $0.0130856$ & $0.61795$ & $0.793428$ & $0.0294836$ & $0.0161027$ & $-0.0134748$ & $-0.0170748$ & $-0.0909357$ & $-0.0491454$ & $0.0712312$ & $-0.104948$ & $-0.330873$ & $-0.0237691$ & $-0.0125504$ & $-0.00210826$ & $0.00783243$ & $0.0104762$ & $-0.00661864$ & $-0.0225023$ & $0.00827249$ & $-0.0296935$ & $0.000915306$ & $-0.013462$ & $-0.00143088$ & $0.00919675$ & $-0.010399$ & $0.00385614$ \\
CHe_11 & $0.0146753$ & $-0.0241371$ & $-0.00194499$ & $0.00739979$ & $0.00377023$ & $-0.172189$ & $-0.0675631$ & $0.853489$ & $0.836806$ & $-0.335478$ & $-0.990554$ & $-0.251336$ & $0.151599$ & $0.540628$ & $0.482744$ & $0.481836$ & $0.248743$ & $-0.0591192$ & $-0.064116$ & $1$ & $0.97306$ & $0.952679$ & $-0.0130229$ & $-0.253073$ & $-0.00946816$ & $-0.554498$ & $0.214811$ & $0.335229$ & $0.00401676$ & $0.0568063$ & $0.0352397$ & $-0.0722138$ & $0.0532012$ & $0.288583$ & $-0.00447954$ & $-0.0125954$ & $-0.00691564$ & $0.0102579$ & $0.0104744$ & $0.000188935$ & $-0.0133$ & $-0.0122129$ & $0.00253524$ & $0.000550821$ & $0.0188541$ & $0.00937218$ & $-0.00494079$ & $0.00316922$ & $-0.0273079$ \\
CHe_22 & $0.0141643$ & $-0.0192117$ & $-0.000593073$ & $0.00596717$ & $0.00279421$ & $-0.178942$ & $-0.072304$ & $0.89784$ & $0.879474$ & $-0.363412$ & $-0.991236$ & $-0.279774$ & $0.163831$ & $0.485275$ & $0.334287$ & $0.339471$ & $0.196649$ & $-0.0477589$ & $-0.0540257$ & $0.97306$ & $1$ & $0.97525$ & $0.0398206$ & $-0.359324$ & $-0.0187964$ & $-0.566286$ & $0.369104$ & $0.343214$ & $0.00405607$ & $0.0577822$ & $0.03862$ & $-0.0778676$ & $0.0544558$ & $0.452326$ & $-0.00411387$ & $-0.0154495$ & $-0.00761672$ & $0.0125839$ & $0.0112073$ & $-0.000719822$ & $-0.0101812$ & $-0.0131083$ & $0.000235817$ & $0.00247465$ & $0.0178382$ & $0.0116061$ & $-0.0010689$ & $0.0100393$ & $-0.029229$ \\
CHe_33 & $0.0112747$ & $-0.0207512$ & $-0.000535079$ & $0.00717175$ & $0.0035969$ & $-0.17679$ & $-0.0715112$ & $0.880067$ & $0.861947$ & $-0.358763$ & $-0.970173$ & $-0.273918$ & $0.161178$ & $0.471147$ & $0.324374$ & $0.356926$ & $0.190761$ & $-0.0449545$ & $-0.051255$ & $0.952679$ & $0.97525$ & $1$ & $0.0390393$ & $-0.353086$ & $-0.016806$ & $-0.552482$ & $0.365012$ & $0.334159$ & $0.00411887$ & $0.0574029$ & $0.0365308$ & $-0.0767962$ & $0.0530662$ & $0.448978$ & $-0.00746507$ & $-0.0138764$ & $-0.00839754$ & $0.0117225$ & $0.0121291$ & $-0.00128812$ & $-0.0110351$ & $-0.0133039$ & $-0.000385184$ & $0.00204939$ & $0.0218579$ & $0.0113286$ & $-0.00390596$ & $0.00869478$ & $-0.0302598$ \\
CHQ1_11 & $0.00184132$ & $0.00512205$ & $-0.00878726$ & $0.0118008$ & $0.00717746$ & $-0.0101147$ & $-0.0108942$ & $0.0634508$ & $0.0610999$ & $-0.0427921$ & $-0.0117332$ & $-0.0194354$ & $0.0223921$ & $-0.0723161$ & $-0.176904$ & $-0.167802$ & $-0.0665141$ & $0.0156992$ & $0.0130856$ & $-0.0130229$ & $0.0398206$ & $0.0390393$ & $1$ & $-0.133505$ & $0.0840988$ & $-0.678165$ & $0.343686$ & $0.0179781$ & $0.0032991$ & $0.0023831$ & $0.00463863$ & $-0.00936177$ & $0.010635$ & $0.202258$ & $0.00787142$ & $0.00562607$ & $-0.00483946$ & $0.00568995$ & $-0.00822591$ & $-0.00615451$ & $0.024573$ & $-0.00513426$ & $-0.00331227$ & $0.00816$ & $0.00647893$ & $0.000313795$ & $-0.000633441$ & $0.00807432$ & $0.0134204$ \\
CHQ1_33 & $-0.0559321$ & $0.0239588$ & $0.000234761$ & $0.0243163$ & $0.0041756$ & $0.00591013$ & $0.111891$ & $-0.668236$ & $-0.660032$ & $0.548971$ & $0.305894$ & $0.0658699$ & $-0.365012$ & $0.462502$ & $0.105$ & $0.0941693$ & $0.670196$ & $0.612773$ & $0.61795$ & $-0.253073$ & $-0.359324$ & $-0.353086$ & $-0.133505$ & $1$ & $0.639271$ & $0.200936$ & $-0.40989$ & $-0.0205969$ & $-0.0152736$ & $-0.0923138$ & $-0.0497288$ & $0.0950955$ & $-0.106662$ & $-0.624863$ & $-0.0356745$ & $0.00367357$ & $-0.00482387$ & $-0.00347038$ & $0.00228358$ & $0.00814829$ & $-0.0221201$ & $0.0107465$ & $-0.030558$ & $-0.0113616$ & $-0.0121503$ & $-0.00793428$ & $0.0213468$ & $-0.02446$ & $-0.00231777$ \\
CHQ3_11 & $-0.101558$ & $0.0410048$ & $0.0139947$ & $0.0267254$ & $0.00339607$ & $-0.0811308$ & $0.101734$ & $-0.392661$ & $-0.393155$ & $0.476585$ & $0.0152984$ & $-0.0713268$ & $-0.343778$ & $0.596633$ & $-0.13824$ & $-0.134011$ & $0.772702$ & $0.793279$ & $0.793428$ & $-0.00946816$ & $-0.0187964$ & $-0.016806$ & $0.0840988$ & $0.639271$ & $1$ & $0.0129316$ & $0.224669$ & $-0.00348981$ & $-0.0111453$ & $-0.0923677$ & $-0.0403087$ & $0.0765874$ & $-0.109204$ & $-0.187407$ & $-0.0505827$ & $-0.00950702$ & $-0.0071235$ & $0.00472376$ & $0.0029229$ & $-0.00356725$ & $-0.0171455$ & $0.0117182$ & $-0.0577912$ & $-0.0113226$ & $-0.0187321$ & $0.00414913$ & $0.0393163$ & $-0.0101294$ & $-0.0144508$ \\
CHu_11 & $-0.0435008$ & $0.0192796$ & $0.012927$ & $-0.0113308$ & $-0.0076987$ & $0.103324$ & $0.0434116$ & $-0.508105$ & $-0.498048$ & $0.201802$ & $0.564139$ & $0.151744$ & $-0.0883497$ & $-0.277797$ & $-0.192755$ & $-0.19813$ & $-0.117568$ & $0.0228171$ & $0.0294836$ & $-0.554498$ & $-0.566286$ & $-0.552482$ & $-0.678165$ & $0.200936$ & $0.0129316$ & $1$ & $-0.1733$ & $-0.202323$ & $-0.0062187$ & $-0.032826$ & $-0.0165875$ & $0.0457139$ & $-0.0356103$ & $-0.254144$ & $-0.00562377$ & $0.00400833$ & $0.00142649$ & $-0.0116376$ & $-0.00294161$ & $0.000703845$ & $-0.00862523$ & $0.0117866$ & $-0.0143528$ & $-0.0124557$ & $-0.0208274$ & $-0.00381737$ & $0.0173087$ & $-0.013699$ & $0.00192847$ \\
CHd_11 & $-0.020282$ & $0.0209058$ & $0.0142537$ & $-0.00355197$ & $-0.000228353$ & $-0.07829$ & $-0.0458105$ & $0.413664$ & $0.402992$ & $-0.225543$ & $-0.288611$ & $-0.147344$ & $0.118736$ & $-0.0808005$ & $-0.398956$ & $-0.382469$ & $-0.144613$ & $0.0171268$ & $0.0161027$ & $0.214811$ & $0.369104$ & $0.365012$ & $0.343686$ & $-0.40989$ & $0.224669$ & $-0.1733$ & $1$ & $0.112081$ & $0.00172718$ & $0.0250123$ & $0.0265211$ & $-0.0479374$ & $0.0278346$ & $0.678165$ & $-0.00403008$ & $-0.0129236$ & $-0.00761421$ & $0.0117861$ & $0.0092708$ & $-0.00186077$ & $0.0110082$ & $-0.00410318$ & $-0.0248476$ & $0.00148061$ & $-0.0054055$ & $0.0142973$ & $0.0201441$ & $0.0146985$ & $-0.0129551$ \\
CHd_33 & $0.0128407$ & $-0.0101854$ & $-0.0141415$ & $0.00888706$ & $0.00429311$ & $-0.073996$ & $-0.0253778$ & $0.307107$ & $0.300285$ & $-0.126314$ & $-0.341158$ & $-0.0955328$ & $0.0521412$ & $0.166054$ & $0.12283$ & $0.114452$ & $0.0730106$ & $-0.0185877$ & $-0.0134748$ & $0.335229$ & $0.343214$ & $0.334159$ & $0.0179781$ & $-0.0205969$ & $-0.00348981$ & $-0.202323$ & $0.112081$ & $1$ & $0.00435755$ & $0.0270259$ & $0.013339$ & $-0.0242086$ & $0.0168806$ & $0.148771$ & $-0.00925304$ & $0.00829205$ & $0.00126886$ & $0.00943154$ & $0.0155725$ & $0.00781723$ & $-0.00372395$ & $-0.00472719$ & $-0.0025418$ & $-0.0039369$ & $0.00200175$ & $0.00669754$ & $0.00208749$ & $0.00589656$ & $-0.0207952$ \\
CeH_22r & $-0.02666$ & $-0.00218298$ & $-0.000240699$ & $0.00619945$ & $-0.00700879$ & $0.000973493$ & $0.013493$ & $0.0105587$ & $0.0179798$ & $-0.00456515$ & $-0.0034887$ & $0.0389455$ & $0.0423865$ & $-0.011572$ & $0.00166986$ & $0.0047299$ & $-0.0141858$ & $-0.0142218$ & $-0.0170748$ & $0.00401676$ & $0.00405607$ & $0.00411887$ & $0.0032991$ & $-0.0152736$ & $-0.0111453$ & $-0.0062187$ & $0.00172718$ & $0.00435755$ & $1$ & $0.0398615$ & $0.0222881$ & $-4.30322e-05$ & $0.042936$ & $0.00648014$ & $-0.0402867$ & $-0.0139755$ & $-0.0103686$ & $0.00186861$ & $-0.0072734$ & $-0.00048461$ & $-0.00768514$ & $0.00972336$ & $-0.0113375$ & $0.00928286$ & $0.00481543$ & $0.0033288$ & $0.0103655$ & $-0.00271044$ & $-0.0202679$ \\
CeH_33r & $-0.0419537$ & $0.00273058$ & $0.00538752$ & $0.0063614$ & $0.00666467$ & $-0.00144082$ & $-0.117457$ & $0.0964919$ & $0.11675$ & $-0.122363$ & $-0.0558978$ & $0.224942$ & $0.252977$ & $-0.0451529$ & $0.0304573$ & $0.024068$ & $-0.0844055$ & $-0.095143$ & $-0.0909357$ & $0.0568063$ & $0.0577822$ & $0.0574029$ & $0.0023831$ & $-0.0923138$ & $-0.0923677$ & $-0.032826$ & $0.0250123$ & $0.0270259$ & $0.0398615$ & $1$ & $0.31428$ & $0.0330669$ & $0.672124$ & $0.0492973$ & $-0.0619385$ & $-0.00795651$ & $-0.133182$ & $-0.0230595$ & $-0.0189311$ & $-0.00459572$ & $-0.019797$ & $-0.00579001$ & $-0.0202902$ & $0.0383964$ & $0.0394901$ & $-0.000760444$ & $0.0127514$ & $-0.0244998$ & $-0.0126029$ \\
CuH_22r & $-0.114672$ & $0.0589001$ & $0.035246$ & $0.0347844$ & $-0.000793676$ & $-0.00479805$ & $-0.0553404$ & $0.0575731$ & $0.064989$ & $-0.0687799$ & $-0.0347796$ & $0.0471412$ & $0.111606$ & $-0.0254144$ & $0.0123424$ & $0.00862356$ & $-0.0434427$ & $-0.0510665$ & $-0.0491454$ & $0.0352397$ & $0.03862$ & $0.0365308$ & $0.00463863$ & $-0.0497288$ & $-0.0403087$ & $-0.0165875$ & $0.0265211$ & $0.013339$ & $0.0222881$ & $0.31428$ & $1$ & $0.0323433$ & $0.335739$ & $0.0379162$ & $-0.0386915$ & $-0.0120134$ & $-0.12235$ & $-0.0135878$ & $0.0187809$ & $-0.00944712$ & $-0.0272393$ & $-0.000959518$ & $-0.0670986$ & $0.000830362$ & $-0.062138$ & $0.0354283$ & $0.326523$ & $0.00917283$ & $-0.0884828$ \\
CuH_33r & $-0.0289563$ & $0.00934076$ & $0.0137401$ & $0.0250466$ & $-0.00757937$ & $-0.00536036$ & $0.934709$ & $-0.10792$ & $-0.0614469$ & $0.0916243$ & $0.0754836$ & $0.0410695$ & $-0.237491$ & $0.0264528$ & $-0.0331224$ & $-0.0174231$ & $0.0647511$ & $0.0831703$ & $0.0712312$ & $-0.0722138$ & $-0.0778676$ & $-0.0767962$ & $-0.00936177$ & $0.0950955$ & $0.0765874$ & $0.0457139$ & $-0.0479374$ & $-0.0242086$ & $-4.30322e-05$ & $0.0330669$ & $0.0323433$ & $1$ & $0.0389135$ & $-0.058247$ & $0.023891$ & $0.0209646$ & $-0.0474511$ & $0.00124667$ & $-0.0102184$ & $-0.006778$ & $-0.0110283$ & $0.0119646$ & $0.0215732$ & $0.0247032$ & $-0.0213534$ & $0.00431445$ & $0.0450658$ & $-0.035921$ & $0.0252322$ \\
CdH_33r & $0.0380083$ & $0.0635413$ & $0.0435068$ & $0.0057839$ & $-0.000430002$ & $0.00270911$ & $-0.151024$ & $0.0978212$ & $0.119294$ & $-0.130587$ & $-0.0517466$ & $0.285833$ & $0.314821$ & $-0.0562145$ & $0.030924$ & $0.0285564$ & $-0.0983015$ & $-0.107518$ & $-0.104948$ & $0.0532012$ & $0.0544558$ & $0.0530662$ & $0.010635$ & $-0.106662$ & $-0.109204$ & $-0.0356103$ & $0.0278346$ & $0.0168806$ & $0.042936$ & $0.672124$ & $0.335739$ & $0.0389135$ & $1$ & $0.0519249$ & $-0.00205536$ & $-0.0407535$ & $-0.0927263$ & $-0.0315774$ & $-0.0117606$ & $-0.00234266$ & $0.0928547$ & $-0.0106902$ & $0.00708176$ & $0.0126617$ & $-0.00619121$ & $-0.0309501$ & $-0.048028$ & $0.0937861$ & $0.360272$ \\
CLL_1221 & $0.00191378$ & $0.0233017$ & $0.0121593$ & $-0.00379778$ & $-0.00999812$ & $-0.124915$ & $-0.0622971$ & $0.558139$ & $0.546879$ & $-0.337133$ & $-0.366776$ & $-0.155295$ & $0.195972$ & $-0.20184$ & $-0.595715$ & $-0.0915086$ & $-0.23473$ & $0.0536758$ & $-0.330873$ & $0.288583$ & $0.452326$ & $0.448978$ & $0.202258$ & $-0.624863$ & $-0.187407$ & $-0.254144$ & $0.678165$ & $0.148771$ & $0.00648014$ & $0.0492973$ & $0.0379162$ & $-0.058247$ & $0.0519249$ & $1$ & $0.0122569$ & $-0.0105552$ & $-0.00412713$ & $0.00965803$ & $0.00739977$ & $0.00143772$ & $0.00949077$ & $-0.018251$ & $0.00210309$ & $0.00316725$ & $0.00557874$ & $0.0149716$ & $0.0120026$ & $0.0265717$ & $-0.0178433$ \\
eHggint & $0.315181$ & $-0.0506287$ & $-0.00634832$ & $-0.0798049$ & $-0.0100147$ & $-0.000572553$ & $-0.049048$ & $0.00719212$ & $-0.00197741$ & $0.0402714$ & $0.00132453$ & $0.0972219$ & $0.0373611$ & $-0.0204607$ & $-0.00986291$ & $0.00749283$ & $-0.0189446$ & $-0.0120866$ & $-0.0237691$ & $-0.00447954$ & $-0.00411387$ & $-0.00746507$ & $0.00787142$ & $-0.0356745$ & $-0.0505827$ & $-0.00562377$ & $-0.00403008$ & $-0.00925304$ & $-0.0402867$ & $-0.0619385$ & $-0.0386915$ & $0.023891$ & $-0.00205536$ & $0.0122569$ & $1$ & $-0.175304$ & $0.0143505$ & $0.00885607$ & $0.038542$ & $0.0149448$ & $-0.129942$ & $-0.031719$ & $0.138667$ & $-0.0322158$ & $-0.0343071$ & $-0.0448615$ & $-0.0803241$ & $-0.0636793$ & $0.126224$ \\
eHggpar & $-0.0532297$ & $-0.0418426$ & $-0.28668$ & $0.0224442$ & $0.00841974$ & $0.00112268$ & $-0.006477$ & $-0.00742558$ & $-0.00529007$ & $-0.00679898$ & $0.0121271$ & $0.0182806$ & $0.00789076$ & $-0.0178549$ & $0.0042536$ & $0.00357464$ & $-0.0111683$ & $-0.0129027$ & $-0.0125504$ & $-0.0125954$ & $-0.0154495$ & $-0.0138764$ & $0.00562607$ & $0.00367357$ & $-0.00950702$ & $0.00400833$ & $-0.0129236$ & $0.00829205$ & $-0.0139755$ & $-0.00795651$ & $-0.0120134$ & $0.0209646$ & $-0.0407535$ & $-0.0105552$ & $-0.175304$ & $1$ & $0.0208678$ & $0.0160089$ & $0.00496672$ & $0.00108542$ & $0.218533$ & $0.037267$ & $0.113464$ & $0.00468599$ & $-0.103729$ & $0.0608082$ & $-0.0549565$ & $-0.118407$ & $-0.0650137$ \\
eHWWint & $0.110929$ & $-0.0973172$ & $-0.0384221$ & $-0.0360962$ & $-0.017991$ & $0.00494353$ & $-0.0197888$ & $-0.00541255$ & $-0.0115714$ & $-0.00752689$ & $0.00464467$ & $-0.014725$ & $-0.00483117$ & $0.000381148$ & $-0.00786048$ & $0.00540014$ & $-0.00196109$ & $0.00631896$ & $-0.00210826$ & $-0.00691564$ & $-0.00761672$ & $-0.00839754$ & $-0.00483946$ & $-0.00482387$ & $-0.0071235$ & $0.00142649$ & $-0.00761421$ & $0.00126886$ & $-0.0103686$ & $-0.133182$ & $-0.12235$ & $-0.0474511$ & $-0.0927263$ & $-0.00412713$ & $0.0143505$ & $0.0208678$ & $1$ & $0.00134946$ & $-0.0361278$ & $-0.0131758$ & $0.274622$ & $0.0171021$ & $0.07377$ & $-0.186974$ & $0.126859$ & $0.0415947$ & $-0.162524$ & $0.161987$ & $0.12364$ \\
eHWWpar & $0.0209919$ & $-0.0117879$ & $0.00804442$ & $0.00552583$ & $0.00946023$ & $-0.000885368$ & $0.00552017$ & $0.00961057$ & $0.00873514$ & $-0.000412694$ & $-0.0113074$ & $-0.00297522$ & $0.000625387$ & $0.00421627$ & $5.32723e-05$ & $-0.00482846$ & $0.0082705$ & $0.00349626$ & $0.00783243$ & $0.0102579$ & $0.0125839$ & $0.0117225$ & $0.00568995$ & $-0.00347038$ & $0.00472376$ & $-0.0116376$ & $0.0117861$ & $0.00943154$ & $0.00186861$ & $-0.0230595$ & $-0.0135878$ & $0.00124667$ & $-0.0315774$ & $0.00965803$ & $0.00885607$ & $0.0160089$ & $0.00134946$ & $1$ & $0.00903936$ & $0.00499875$ & $0.0102007$ & $0.00232436$ & $0.00275552$ & $0.0127056$ & $-0.00303843$ & $-0.0211109$ & $0.00801728$ & $-0.0070513$ & $-0.00130499$ \\
eHZZint & $0.135215$ & $0.123002$ & $0.0862406$ & $0.0806178$ & $0.00332183$ & $-0.0143963$ & $-0.0224231$ & $0.00113917$ & $-0.00422534$ & $0.0182468$ & $-0.00927307$ & $0.00722757$ & $0.00335446$ & $0.0128823$ & $-0.00195903$ & $0.00133767$ & $0.0137135$ & $0.0123681$ & $0.0104762$ & $0.0104744$ & $0.0112073$ & $0.0121291$ & $-0.00822591$ & $0.00228358$ & $0.0029229$ & $-0.00294161$ & $0.0092708$ & $0.0155725$ & $-0.0072734$ & $-0.0189311$ & $0.0187809$ & $-0.0102184$ & $-0.0117606$ & $0.00739977$ & $0.038542$ & $0.00496672$ & $-0.0361278$ & $0.00903936$ & $1$ & $-0.01779$ & $-0.265147$ & $-0.00908122$ & $-0.0262684$ & $-0.0179434$ & $0.0784616$ & $0.183456$ & $0.0607161$ & $0.020876$ & $0.000628137$ \\
eHZZpar & $0.0225048$ & $-0.0341947$ & $-0.0213456$ & $-0.0194045$ & $0.00070762$ & $-0.00604651$ & $-0.00776203$ & $0.000282456$ & $0.00144655$ & $0.00264458$ & $-0.000302587$ & $0.00133263$ & $0.00348425$ & $-0.00139719$ & $-0.00241704$ & $0.010232$ & $-0.000179945$ & $0.0025241$ & $-0.00661864$ & $0.000188935$ & $-0.000719822$ & $-0.00128812$ & $-0.00615451$ & $0.00814829$ & $-0.00356725$ & $0.000703845$ & $-0.00186077$ & $0.00781723$ & $-0.00048461$ & $-0.00459572$ & $-0.00944712$ & $-0.006778$ & $-0.00234266$ & $0.00143772$ & $0.0149448$ & $0.00108542$ & $-0.0131758$ & $0.00499875$ & $-0.01779$ & $1$ & $-0.0174898$ & $-0.0135947$ & $-0.0055622$ & $-0.0181022$ & $-0.00339235$ & $-0.027344$ & $-0.0222287$ & $-0.0151162$ & $0.00362786$ \\
eHZgaint & $-0.0282179$ & $-0.0130527$ & $-0.0142879$ & $-0.0777463$ & $-0.00753213$ & $0.00765529$ & $0.00143581$ & $0.00400487$ & $0.00665093$ & $-0.0499227$ & $0.011485$ & $-0.0310781$ & $-0.000884828$ & $-0.0317376$ & $-0.00514247$ & $-0.00944112$ & $-0.0251064$ & $-0.0251543$ & $-0.0225023$ & $-0.0133$ & $-0.0101812$ & $-0.0110351$ & $0.024573$ & $-0.0221201$ & $-0.0171455$ & $-0.00862523$ & $0.0110082$ & $-0.00372395$ & $-0.00768514$ & $-0.019797$ & $-0.0272393$ & $-0.0110283$ & $0.0928547$ & $0.00949077$ & $-0.129942$ & $0.218533$ & $0.274622$ & $0.0102007$ & $-0.265147$ & $-0.0174898$ & $1$ & $-0.0153556$ & $0.0873255$ & $0.0094035$ & $0.0342478$ & $-0.0204509$ & $-0.0484719$ & $0.229253$ & $0.245442$ \\
eHZgapar & $-0.0572088$ & $-0.0101156$ & $-0.00392411$ & $0.00153023$ & $0.0107472$ & $0.00972606$ & $0.0142097$ & $-0.0130669$ & $-0.0140316$ & $0.0102647$ & $0.0128348$ & $0.0138486$ & $-0.01161$ & $-0.00254903$ & $0.0085658$ & $-0.0070704$ & $0.00184647$ & $-0.00514223$ & $0.00827249$ & $-0.0122129$ & $-0.0131083$ & $-0.0133039$ & $-0.00513426$ & $0.0107465$ & $0.0117182$ & $0.0117866$ & $-0.00410318$ & $-0.00472719$ & $0.00972336$ & $-0.00579001$ & $-0.000959518$ & $0.0119646$ & $-0.0106902$ & $-0.018251$ & $-0.031719$ & $0.037267$ & $0.0171021$ & $0.00232436$ & $-0.00908122$ & $-0.0135947$ & $-0.0153556$ & $1$ & $-0.0294488$ & $0.0170189$ & $0.00830246$ & $0.000234004$ & $0.00840798$ & $-0.0116582$ & $-0.0114596$ \\
eHgagaint & $0.23528$ & $-0.0890719$ & $0.0852578$ & $-0.102753$ & $-9.19449e-05$ & $0.00973999$ & $0.00993115$ & $0.0141278$ & $0.0728225$ & $-0.0248835$ & $-0.004119$ & $-0.015281$ & $0.0117171$ & $-0.0188492$ & $0.00816085$ & $0.016636$ & $-0.0196217$ & $-0.0232556$ & $-0.0296935$ & $0.00253524$ & $0.000235817$ & $-0.000385184$ & $-0.00331227$ & $-0.030558$ & $-0.0577912$ & $-0.0143528$ & $-0.0248476$ & $-0.0025418$ & $-0.0113375$ & $-0.0202902$ & $-0.0670986$ & $0.0215732$ & $0.00708176$ & $0.00210309$ & $0.138667$ & $0.113464$ & $0.07377$ & $0.00275552$ & $-0.0262684$ & $-0.0055622$ & $0.0873255$ & $-0.0294488$ & $1$ & $-0.0958264$ & $0.0431363$ & $-0.148833$ & $-0.167628$ & $0.135174$ & $0.0182763$ \\
eHmumuint & $0.0491564$ & $-0.0293814$ & $0.0144334$ & $0.0660261$ & $0.0106168$ & $0.00531201$ & $0.0215602$ & $0.00573863$ & $0.00419354$ & $0.00751581$ & $-0.00193765$ & $0.00780138$ & $0.00345779$ & $-0.00387959$ & $0.000768174$ & $-0.0136945$ & $-0.00564253$ & $-0.00704794$ & $0.000915306$ & $0.000550821$ & $0.00247465$ & $0.00204939$ & $0.00816$ & $-0.0113616$ & $-0.0113226$ & $-0.0124557$ & $0.00148061$ & $-0.0039369$ & $0.00928286$ & $0.0383964$ & $0.000830362$ & $0.0247032$ & $0.0126617$ & $0.00316725$ & $-0.0322158$ & $0.00468599$ & $-0.186974$ & $0.0127056$ & $-0.0179434$ & $-0.0181022$ & $0.0094035$ & $0.0170189$ & $-0.0958264$ & $1$ & $0.0628788$ & $0.1387$ & $-0.0742723$ & $0.019691$ & $-0.0596991$ \\
eHtautauint & $0.074479$ & $-0.135366$ & $-0.0702436$ & $-0.0300999$ & $0.00169365$ & $-0.00160758$ & $-0.00688172$ & $0.0226307$ & $0.0246018$ & $-0.0252173$ & $-0.0218169$ & $-0.0264461$ & $-0.0109651$ & $0.0109143$ & $0.00648078$ & $0.0206918$ & $-0.00557309$ & $-0.00328209$ & $-0.013462$ & $0.0188541$ & $0.0178382$ & $0.0218579$ & $0.00647893$ & $-0.0121503$ & $-0.0187321$ & $-0.0208274$ & $-0.0054055$ & $0.00200175$ & $0.00481543$ & $0.0394901$ & $-0.062138$ & $-0.0213534$ & $-0.00619121$ & $0.00557874$ & $-0.0343071$ & $-0.103729$ & $0.126859$ & $-0.00303843$ & $0.0784616$ & $-0.00339235$ & $0.0342478$ & $0.00830246$ & $0.0431363$ & $0.0628788$ & $1$ & $0.0988213$ & $-0.19196$ & $0.113248$ & $0.025879$ \\
eHccint & $0.0251829$ & $0.126205$ & $0.0215268$ & $-0.101947$ & $-0.00976114$ & $-0.00666717$ & $0.00176574$ & $0.00658344$ & $-0.00442186$ & $0.00287857$ & $-0.00833372$ & $-0.00214585$ & $-0.00118601$ & $0.0049235$ & $-0.00510942$ & $0.00295088$ & $0.00196641$ & $0.00394685$ & $-0.00143088$ & $0.00937218$ & $0.0116061$ & $0.0113286$ & $0.000313795$ & $-0.00793428$ & $0.00414913$ & $-0.00381737$ & $0.0142973$ & $0.00669754$ & $0.0033288$ & $-0.000760444$ & $0.0354283$ & $0.00431445$ & $-0.0309501$ & $0.0149716$ & $-0.0448615$ & $0.0608082$ & $0.0415947$ & $-0.0211109$ & $0.183456$ & $-0.027344$ & $-0.0204509$ & $0.000234004$ & $-0.148833$ & $0.1387$ & $0.0988213$ & $1$ & $-0.0645837$ & $0.0284488$ & $-0.0708859$ \\
eHccpar & $-0.329117$ & $0.174667$ & $0.0793435$ & $0.121169$ & $0.0146761$ & $-0.00797835$ & $0.0435974$ & $-0.00801216$ & $-0.0133805$ & $0.0200966$ & $0.00886552$ & $0.0133092$ & $-0.0108128$ & $-0.000401948$ & $-0.012606$ & $-0.0185215$ & $0.0035914$ & $0.00773213$ & $0.00919675$ & $-0.00494079$ & $-0.0010689$ & $-0.00390596$ & $-0.000633441$ & $0.0213468$ & $0.0393163$ & $0.0173087$ & $0.0201441$ & $0.00208749$ & $0.0103655$ & $0.0127514$ & $0.326523$ & $0.0450658$ & $-0.048028$ & $0.0120026$ & $-0.0803241$ & $-0.0549565$ & $-0.162524$ & $0.00801728$ & $0.0607161$ & $-0.0222287$ & $-0.0484719$ & $0.00840798$ & $-0.167628$ & $-0.0742723$ & $-0.19196$ & $-0.0645837$ & $1$ & $0.0531011$ & $-0.208635$ \\
eHbbint & $0.0702417$ & $-0.0187128$ & $0.0233337$ & $-0.0324392$ & $-0.0101316$ & $0.00463549$ & $-0.0183743$ & $0.0129004$ & $0.0192357$ & $-0.0170542$ & $-0.00766103$ & $-0.0289326$ & $-0.00510057$ & $-0.00758796$ & $-0.0172409$ & $-0.00277798$ & $-0.00375358$ & $0.000842947$ & $-0.010399$ & $0.00316922$ & $0.0100393$ & $0.00869478$ & $0.00807432$ & $-0.02446$ & $-0.0101294$ & $-0.013699$ & $0.0146985$ & $0.00589656$ & $-0.00271044$ & $-0.0244998$ & $0.00917283$ & $-0.035921$ & $0.0937861$ & $0.0265717$ & $-0.0636793$ & $-0.118407$ & $0.161987$ & $-0.0070513$ & $0.020876$ & $-0.0151162$ & $0.229253$ & $-0.0116582$ & $0.135174$ & $0.019691$ & $0.113248$ & $0.0284488$ & $0.0531011$ & $1$ & $-0.038487$ \\
eHbbpar & $0.172387$ & $0.133604$ & $0.0793637$ & $0.0121689$ & $0.00701128$ & $0.014444$ & $0.0130862$ & $-0.0296418$ & $-0.0310511$ & $0.0188545$ & $0.0302219$ & $0.0349026$ & $-0.0139483$ & $-0.011707$ & $-0.00280465$ & $-0.0116521$ & $-0.00894233$ & $-0.00294806$ & $0.00385614$ & $-0.0273079$ & $-0.029229$ & $-0.0302598$ & $0.0134204$ & $-0.00231777$ & $-0.0144508$ & $0.00192847$ & $-0.0129551$ & $-0.0207952$ & $-0.0202679$ & $-0.0126029$ & $-0.0884828$ & $0.0252322$ & $0.360272$ & $-0.0178433$ & $0.126224$ & $-0.0650137$ & $0.12364$ & $-0.00130499$ & $0.000628137$ & $0.00362786$ & $0.245442$ & $-0.0114596$ & $0.0182763$ & $-0.0596991$ & $0.025879$ & $-0.0708859$ & $-0.208635$ & $-0.038487$ & $1$ \\
