 & AlsMz & dAle5Mz & mtop & mHl & Mz & CW & CHG & CHWB & CHWHB_gaga & CHWHB_gagaorth & CHD & CHbox & CH & CHL1_11 & CHL1_22 & CHL1_33 & CHL3_11 & CHL3_22 & CHL3_33 & CHe_11 & CHe_22 & CHe_33 & CHQ1_11 & CHQ1_33 & CHQ3_11 & CHu_11 & CHd_11 & CHd_33 & CeH_22r & CeH_33r & CuH_22r & CuH_33r & CdH_33r & CLL_1221 & eHggint & eHggpar & eHWWint & eHWWpar & eHZZint & eHZZpar & eHZgaint & eHZgapar & eHgagaint & eHmumuint & eHtautauint & eHccint & eHccpar & eHbbint & eHbbpar \\
AlsMz & $1$ & $0.0425351$ & $0.0425755$ & $-0.110724$ & $0.0482291$ & $-0.0310319$ & $0.069736$ & $0.0188668$ & $0.0186153$ & $-0.00255232$ & $-0.0157708$ & $0.0290921$ & $-0.0173121$ & $-0.0270453$ & $-0.0622783$ & $-0.0100497$ & $-0.00573915$ & $0.0216347$ & $-0.0250843$ & $0.00661474$ & $0.0148093$ & $0.0142099$ & $0.0186842$ & $-0.0878684$ & $-0.10666$ & $-0.0353214$ & $0.0223207$ & $0.00519635$ & $-0.0103377$ & $0.0228643$ & $-0.0049467$ & $0.0651311$ & $-0.0654535$ & $0.0746783$ & $0.0374332$ & $0.0355369$ & $-0.0136447$ & $0.0368927$ & $-0.134324$ & $0.0194262$ & $-0.0859714$ & $0.0165253$ & $0.0168299$ & $0.0375928$ & $0.0640395$ & $0.0145114$ & $0.0441299$ & $-0.020232$ & $-0.104994$ \\
dAle5Mz & $0.0425351$ & $1$ & $0.107453$ & $0.0249732$ & $0.00279734$ & $-0.0149689$ & $0.0196889$ & $-0.122295$ & $-0.129071$ & $0.0589841$ & $0.0878402$ & $0.0331758$ & $-0.0172723$ & $-0.0176336$ & $0.0151253$ & $0.0421104$ & $0.0466463$ & $0.0269853$ & $0.00707012$ & $-0.0532827$ & $-0.0721442$ & $-0.0650459$ & $-0.0405636$ & $0.0576825$ & $0.0264356$ & $0.0389713$ & $-0.0779459$ & $-0.0441101$ & $0.0556734$ & $-0.085013$ & $0.0316991$ & $0.024527$ & $-0.0545445$ & $-0.0419078$ & $0.127807$ & $0.000318004$ & $-0.0240741$ & $0.00782896$ & $0.159461$ & $-0.0141792$ & $0.0940551$ & $0.0168346$ & $-0.0781016$ & $0.0592689$ & $-0.0688729$ & $0.0936104$ & $0.127497$ & $0.0583356$ & $-0.0128879$ \\
mtop & $0.0425755$ & $0.107453$ & $1$ & $0.0835819$ & $-0.0072799$ & $0.0254355$ & $0.0242484$ & $0.00476867$ & $-0.00102101$ & $0.0153187$ & $0.0104921$ & $-0.00958017$ & $0.0330374$ & $-0.0225064$ & $0.0136149$ & $0.0537412$ & $-0.0197145$ & $-0.0252782$ & $-0.0493982$ & $0.00316983$ & $-0.00145948$ & $0.00432733$ & $-0.0174552$ & $-0.0147066$ & $-0.0210867$ & $0.0101711$ & $-0.011928$ & $0.0258804$ & $0.0518318$ & $-0.0283256$ & $0.0190145$ & $0.0284185$ & $-0.032551$ & $0.00106387$ & $0.0688794$ & $-0.0715963$ & $-0.0393117$ & $-0.018381$ & $0.134842$ & $0.0250009$ & $0.0174671$ & $-0.0301532$ & $-0.0461011$ & $0.141997$ & $-0.0175446$ & $0.0566379$ & $0.00421391$ & $0.0218398$ & $-0.0899341$ \\
mHl & $-0.110724$ & $0.0249732$ & $0.0835819$ & $1$ & $0.00654092$ & $-0.0363737$ & $-0.00847341$ & $0.000578366$ & $0.0013136$ & $0.00577022$ & $-0.00902914$ & $-0.0181685$ & $0.0125454$ & $-0.00794571$ & $0.0463882$ & $0.074263$ & $0.0305145$ & $-0.0107578$ & $-0.030025$ & $0.015795$ & $0.00256503$ & $0.00222415$ & $-0.0160324$ & $0.0200432$ & $-0.0139155$ & $-0.0067757$ & $-0.0632153$ & $-0.0166767$ & $0.0248299$ & $0.000431411$ & $0.0291814$ & $-0.0145078$ & $-0.0259429$ & $-0.0224173$ & $0.00474244$ & $-0.0337945$ & $-0.0632559$ & $-0.0772348$ & $0.127271$ & $-0.00891425$ & $-0.00562419$ & $0.00154363$ & $0.0138822$ & $0.0592572$ & $0.0879373$ & $0.0170112$ & $0.0696333$ & $0.120524$ & $-0.0665752$ \\
Mz & $0.0482291$ & $0.00279734$ & $-0.0072799$ & $0.00654092$ & $1$ & $-0.0173389$ & $-0.0140796$ & $-0.00496448$ & $-0.00602235$ & $0.00750926$ & $-0.00209716$ & $-0.0127358$ & $0.00553749$ & $0.017028$ & $0.0251889$ & $0.000448184$ & $0.0323793$ & $0.00944581$ & $0.0288074$ & $0.012186$ & $0.00931026$ & $0.0130378$ & $-0.0159684$ & $0.0255377$ & $0.0293626$ & $0.0205612$ & $0.0123259$ & $0.0354812$ & $0.0403554$ & $-0.0132714$ & $0.0201465$ & $-0.0206309$ & $-0.025848$ & $-0.0227837$ & $-0.0106874$ & $0.0129252$ & $-0.0169039$ & $0.0214298$ & $-0.0132524$ & $0.0142563$ & $-0.0237734$ & $-0.0115876$ & $-0.0106903$ & $0.000912215$ & $-0.0165273$ & $0.00937314$ & $0.0301536$ & $-0.0421631$ & $-0.0286926$ \\
CW & $-0.0310319$ & $-0.0149689$ & $0.0254355$ & $-0.0363737$ & $-0.0173389$ & $1$ & $-0.0311995$ & $-0.110287$ & $-0.104588$ & $-0.0101485$ & $0.184697$ & $0.0271194$ & $0.00517341$ & $0.00490163$ & $-0.103408$ & $-0.0985653$ & $-0.285392$ & $-0.0608079$ & $-0.0585109$ & $-0.185025$ & $-0.182095$ & $-0.177253$ & $-0.00811245$ & $-0.0203616$ & $-0.0970507$ & $0.111756$ & $-0.0483839$ & $-0.0608542$ & $0.0218378$ & $0.0427842$ & $0.00186228$ & $-0.0152222$ & $0.0338082$ & $-0.0954615$ & $-0.00728655$ & $0.00566088$ & $-0.0361688$ & $-0.0535847$ & $-0.0200723$ & $-0.00860578$ & $0.0232496$ & $-0.036074$ & $-0.0278332$ & $0.00996738$ & $-0.0328254$ & $-0.00389825$ & $-0.012542$ & $0.0196107$ & $-0.0186229$ \\
CHG & $0.069736$ & $0.0196889$ & $0.0242484$ & $-0.00847341$ & $-0.0140796$ & $-0.0311995$ & $1$ & $-0.120178$ & $-0.0705619$ & $0.068922$ & $0.0658861$ & $0.273366$ & $-0.34503$ & $0.062521$ & $-0.0460579$ & $-0.0174393$ & $0.112008$ & $0.132788$ & $0.109925$ & $-0.0659707$ & $-0.0677735$ & $-0.0703647$ & $-0.00980115$ & $0.11392$ & $0.104561$ & $0.0306591$ & $-0.0529277$ & $-0.0242224$ & $0.00195094$ & $-0.144795$ & $-0.0916664$ & $0.924534$ & $-0.195039$ & $-0.0524014$ & $-0.0577254$ & $-0.0178666$ & $0.0323841$ & $-0.00689959$ & $0.0136279$ & $0.0337212$ & $0.0199179$ & $0.00445263$ & $-0.00351988$ & $0.0328054$ & $0.0124411$ & $0.00949831$ & $-0.0299984$ & $-0.033678$ & $-0.0267316$ \\
CHWB & $0.0188668$ & $-0.122295$ & $0.00476867$ & $0.000578366$ & $-0.00496448$ & $-0.110287$ & $-0.120178$ & $1$ & $0.983247$ & $-0.583067$ & $-0.874505$ & $-0.425371$ & $0.321344$ & $0.0931522$ & $0.28369$ & $0.27275$ & $-0.250327$ & $-0.438672$ & $-0.4231$ & $0.842392$ & $0.892577$ & $0.874656$ & $0.058057$ & $-0.669932$ & $-0.394352$ & $-0.503732$ & $0.43647$ & $0.306551$ & $0.0360326$ & $0.0941626$ & $0.0487253$ & $-0.12538$ & $0.0963178$ & $0.562111$ & $-0.0323621$ & $-0.0181963$ & $0.00387066$ & $0.013483$ & $0.0115299$ & $0.00797692$ & $-0.0371488$ & $-0.0151106$ & $0.0314884$ & $0.0296306$ & $0.0225068$ & $-0.0605919$ & $0.0228131$ & $-0.0284455$ & $-0.0192055$ \\
CHWHB_gaga & $0.0186153$ & $-0.129071$ & $-0.00102101$ & $0.0013136$ & $-0.00602235$ & $-0.104588$ & $-0.0705619$ & $0.983247$ & $1$ & $-0.574774$ & $-0.85723$ & $-0.407721$ & $0.31383$ & $0.0906396$ & $0.274785$ & $0.261509$ & $-0.253267$ & $-0.433373$ & $-0.416838$ & $0.824646$ & $0.875481$ & $0.857114$ & $0.0604231$ & $-0.661137$ & $-0.38763$ & $-0.497354$ & $0.435093$ & $0.297459$ & $0.0389406$ & $0.11632$ & $0.0556105$ & $-0.0871232$ & $0.112515$ & $0.55386$ & $-0.0582731$ & $-0.0245896$ & $0.00134507$ & $0.00772546$ & $0.0142697$ & $0.0106366$ & $-0.0373299$ & $-0.0138714$ & $0.102685$ & $0.0337973$ & $0.018918$ & $-0.0539019$ & $0.0206316$ & $-0.0262064$ & $-0.0295077$ \\
CHWHB_gagaorth & $-0.00255232$ & $0.0589841$ & $0.0153187$ & $0.00577022$ & $0.00750926$ & $-0.0101485$ & $0.068922$ & $-0.583067$ & $-0.574774$ & $1$ & $0.371497$ & $0.546461$ & $-0.22508$ & $0.204295$ & $-0.138361$ & $-0.123813$ & $0.433708$ & $0.492053$ & $0.477538$ & $-0.358427$ & $-0.385177$ & $-0.379185$ & $-0.0244379$ & $0.537223$ & $0.468965$ & $0.205434$ & $-0.238576$ & $-0.135209$ & $-0.0172761$ & $-0.115711$ & $-0.102724$ & $0.0921825$ & $-0.132762$ & $-0.337137$ & $0.086273$ & $-0.0101773$ & $-0.0104973$ & $0.0114601$ & $0.0266888$ & $-0.0129113$ & $-0.0705669$ & $0.00847378$ & $-0.0381505$ & $0.0310303$ & $0.00606903$ & $0.00167448$ & $-0.0476687$ & $-0.00268361$ & $0.00745548$ \\
CHD & $-0.0157708$ & $0.0878402$ & $0.0104921$ & $-0.00902914$ & $-0.00209716$ & $0.184697$ & $0.0658861$ & $-0.874505$ & $-0.85723$ & $0.371497$ & $1$ & $0.317103$ & $-0.158077$ & $-0.515313$ & $-0.419953$ & $-0.394733$ & $-0.214378$ & $0.0649311$ & $0.045381$ & $-0.98947$ & $-0.991005$ & $-0.968997$ & $0.00474213$ & $0.298191$ & $0.00413726$ & $0.557196$ & $-0.300918$ & $-0.336552$ & $-0.023444$ & $-0.0334824$ & $-0.00321525$ & $0.0896967$ & $-0.0283439$ & $-0.353684$ & $0.0394815$ & $0.0338963$ & $-0.0040522$ & $-0.0222448$ & $-0.00197544$ & $0.00465188$ & $0.0424604$ & $0.0116872$ & $-0.0455538$ & $-0.0346506$ & $-0.0187243$ & $0.0574419$ & $0.0105106$ & $0.0458627$ & $0.0167511$ \\
CHbox & $0.0290921$ & $0.0331758$ & $-0.00958017$ & $-0.0181685$ & $-0.0127358$ & $0.0271194$ & $0.273366$ & $-0.425371$ & $-0.407721$ & $0.546461$ & $0.317103$ & $1$ & $-0.807877$ & $0.0637918$ & $-0.0980745$ & $-0.0756289$ & $0.210625$ & $0.272074$ & $0.257223$ & $-0.302504$ & $-0.328355$ & $-0.322932$ & $-0.0232354$ & $0.341894$ & $0.237856$ & $0.180685$ & $-0.209604$ & $-0.135207$ & $-0.0340222$ & $-0.095458$ & $-0.113869$ & $0.282709$ & $-0.145556$ & $-0.258438$ & $0.0599927$ & $-0.0104935$ & $-0.0185357$ & $0.00283038$ & $0.0196357$ & $0.00387393$ & $0.0128128$ & $0.00347834$ & $-0.0340165$ & $-0.00812036$ & $0.0289634$ & $-0.0282927$ & $-0.0438223$ & $-0.0316751$ & $0.00409279$ \\
CH & $-0.0173121$ & $-0.0172723$ & $0.0330374$ & $0.0125454$ & $0.00553749$ & $0.00517341$ & $-0.34503$ & $0.321344$ & $0.31383$ & $-0.22508$ & $-0.158077$ & $-0.807877$ & $1$ & $-0.216977$ & $0.0682461$ & $0.0640936$ & $-0.320366$ & $-0.351978$ & $-0.345242$ & $0.154144$ & $0.167275$ & $0.168718$ & $0.0270755$ & $-0.356768$ & $-0.326126$ & $-0.101635$ & $0.133277$ & $0.0695295$ & $0.0651638$ & $0.274896$ & $0.151741$ & $-0.282243$ & $0.350423$ & $0.197292$ & $0.0314656$ & $0.0257766$ & $-0.00112748$ & $-0.00344414$ & $0.00519553$ & $-0.00276853$ & $-0.0483752$ & $0.0127815$ & $0.000117746$ & $0.0343394$ & $-0.0283622$ & $0.0233905$ & $0.0444505$ & $0.0353093$ & $-0.0179245$ \\
CHL1_11 & $-0.0270453$ & $-0.0176336$ & $-0.0225064$ & $-0.00794571$ & $0.017028$ & $0.00490163$ & $0.062521$ & $0.0931522$ & $0.0906396$ & $0.204295$ & $-0.515313$ & $0.0637918$ & $-0.216977$ & $1$ & $0.288633$ & $0.252158$ & $0.655596$ & $0.59523$ & $0.612402$ & $0.536181$ & $0.475329$ & $0.460846$ & $-0.0938827$ & $0.475478$ & $0.61337$ & $-0.256224$ & $-0.0872235$ & $0.15551$ & $-0.0222607$ & $-0.0758754$ & $-0.0622342$ & $0.0236772$ & $-0.0948352$ & $-0.234787$ & $-0.0525409$ & $-0.0473202$ & $0.00332479$ & $0.0163411$ & $-0.0219976$ & $-0.0284997$ & $-0.0019988$ & $-0.0118569$ & $0.0564468$ & $0.00560951$ & $0.000522661$ & $-0.0275162$ & $-0.0690783$ & $-0.035541$ & $-0.0146554$ \\
CHL1_22 & $-0.0622783$ & $0.0151253$ & $0.0136149$ & $0.0463882$ & $0.0251889$ & $-0.103408$ & $-0.0460579$ & $0.28369$ & $0.274785$ & $-0.138361$ & $-0.419953$ & $-0.0980745$ & $0.0682461$ & $0.288633$ & $1$ & $0.452005$ & $0.182452$ & $-0.428263$ & $-0.011313$ & $0.488612$ & $0.335107$ & $0.324546$ & $-0.200303$ & $0.119338$ & $-0.0982413$ & $-0.180575$ & $-0.393781$ & $0.106394$ & $0.040078$ & $-0.00248985$ & $0.00498203$ & $-0.0479497$ & $0.0351152$ & $-0.602092$ & $-0.00788106$ & $-0.0529723$ & $-0.00522413$ & $0.0125701$ & $-0.000831761$ & $-0.00135767$ & $-0.0219468$ & $-0.0274935$ & $0.023307$ & $-0.0240115$ & $-0.00970238$ & $0.0209202$ & $-0.0132273$ & $-0.0169589$ & $0.0038983$ \\
CHL1_33 & $-0.0100497$ & $0.0421104$ & $0.0537412$ & $0.074263$ & $0.000448184$ & $-0.0985653$ & $-0.0174393$ & $0.27275$ & $0.261509$ & $-0.123813$ & $-0.394733$ & $-0.0756289$ & $0.0640936$ & $0.252158$ & $0.452005$ & $1$ & $0.153909$ & $-0.033583$ & $-0.425078$ & $0.466657$ & $0.31368$ & $0.336431$ & $-0.171457$ & $0.101309$ & $-0.128956$ & $-0.192484$ & $-0.402081$ & $0.101389$ & $0.00856728$ & $-0.0199832$ & $-0.00771585$ & $-0.0277629$ & $-0.00688454$ & $-0.12147$ & $0.035209$ & $-0.0689281$ & $0.0218621$ & $-0.0159791$ & $0.0293079$ & $-0.0123591$ & $0.00889212$ & $-0.0279728$ & $-0.00327198$ & $-0.0179947$ & $-0.0207749$ & $-0.0132059$ & $0.0202632$ & $-0.0230657$ & $-0.0245242$ \\
CHL3_11 & $-0.00573915$ & $0.0466463$ & $-0.0197145$ & $0.0305145$ & $0.0323793$ & $-0.285392$ & $0.112008$ & $-0.250327$ & $-0.253267$ & $0.433708$ & $-0.214378$ & $0.210625$ & $-0.320366$ & $0.655596$ & $0.182452$ & $0.153909$ & $1$ & $0.736226$ & $0.744453$ & $0.239769$ & $0.180859$ & $0.172142$ & $-0.0788362$ & $0.681079$ & $0.780079$ & $-0.105151$ & $-0.167678$ & $0.0604242$ & $-0.022864$ & $-0.130194$ & $-0.102028$ & $0.0742981$ & $-0.144054$ & $-0.269679$ & $-0.00613159$ & $-0.0158441$ & $0.00174005$ & $0.0213584$ & $-0.0126321$ & $-0.0124122$ & $-0.0254977$ & $0.0196678$ & $0.0155194$ & $0.0246982$ & $-0.0045157$ & $0.00978386$ & $-0.0600381$ & $-0.0411541$ & $0.0167201$ \\
CHL3_22 & $0.0216347$ & $0.0269853$ & $-0.0252782$ & $-0.0107578$ & $0.00944581$ & $-0.0608079$ & $0.132788$ & $-0.438672$ & $-0.433373$ & $0.492053$ & $0.0649311$ & $0.272074$ & $-0.351978$ & $0.59523$ & $-0.428263$ & $-0.033583$ & $0.736226$ & $1$ & $0.683822$ & $-0.0651091$ & $-0.0603167$ & $-0.0583791$ & $0.0135468$ & $0.627763$ & $0.791389$ & $0.0298115$ & $-0.0107689$ & $-0.0197727$ & $-0.0517991$ & $-0.113155$ & $-0.0876449$ & $0.0990065$ & $-0.152322$ & $0.0156685$ & $-0.0101635$ & $0.00228451$ & $0.00577633$ & $0.00394976$ & $-0.017261$ & $-0.0221491$ & $0.00730006$ & $0.0216653$ & $0.0117618$ & $0.0206803$ & $-0.00142767$ & $-0.0109332$ & $-0.0538209$ & $-0.0210865$ & $0.000566811$ \\
CHL3_33 & $-0.0250843$ & $0.00707012$ & $-0.0493982$ & $-0.030025$ & $0.0288074$ & $-0.0585109$ & $0.109925$ & $-0.4231$ & $-0.416838$ & $0.477538$ & $0.045381$ & $0.257223$ & $-0.345242$ & $0.612402$ & $-0.011313$ & $-0.425078$ & $0.744453$ & $0.683822$ & $1$ & $-0.0483941$ & $-0.0420673$ & $-0.0432067$ & $-0.0114573$ & $0.628004$ & $0.804519$ & $0.0434479$ & $0.00029785$ & $-0.015578$ & $-0.0266657$ & $-0.0983912$ & $-0.0793719$ & $0.0840272$ & $-0.119252$ & $-0.347884$ & $-0.0402605$ & $0.00873293$ & $-0.0139438$ & $0.0273725$ & $-0.0401003$ & $-0.0120673$ & $-0.0197312$ & $0.0215704$ & $0.0239756$ & $0.0185911$ & $0.00569625$ & $0.0115402$ & $-0.0801586$ & $-0.0214191$ & $0.0192364$ \\
CHe_11 & $0.00661474$ & $-0.0532827$ & $0.00316983$ & $0.015795$ & $0.012186$ & $-0.185025$ & $-0.0659707$ & $0.842392$ & $0.824646$ & $-0.358427$ & $-0.98947$ & $-0.302504$ & $0.154144$ & $0.536181$ & $0.488612$ & $0.466657$ & $0.239769$ & $-0.0651091$ & $-0.0483941$ & $1$ & $0.971135$ & $0.950551$ & $-0.0310849$ & $-0.242007$ & $0.00528065$ & $-0.546869$ & $0.221482$ & $0.327027$ & $0.0269564$ & $0.0283984$ & $0.00609044$ & $-0.0879539$ & $0.0282973$ & $0.270557$ & $-0.0291687$ & $-0.0389505$ & $0.00205298$ & $0.0202385$ & $0.0072698$ & $-0.00780406$ & $-0.0408733$ & $-0.0149234$ & $0.0434761$ & $0.0348478$ & $0.0154262$ & $-0.0532349$ & $-0.00829292$ & $-0.0419294$ & $-0.0173392$ \\
CHe_22 & $0.0148093$ & $-0.0721442$ & $-0.00145948$ & $0.00256503$ & $0.00931026$ & $-0.182095$ & $-0.0677735$ & $0.892577$ & $0.875481$ & $-0.385177$ & $-0.991005$ & $-0.328355$ & $0.167275$ & $0.475329$ & $0.335107$ & $0.31368$ & $0.180859$ & $-0.0603167$ & $-0.0420673$ & $0.971135$ & $1$ & $0.974277$ & $0.0238565$ & $-0.353162$ & $-0.0112075$ & $-0.559441$ & $0.381809$ & $0.339537$ & $0.0238654$ & $0.0363458$ & $0.00605819$ & $-0.0911215$ & $0.0293411$ & $0.440996$ & $-0.0382224$ & $-0.02647$ & $0.00439351$ & $0.0224844$ & $0.00632492$ & $-0.00319119$ & $-0.0422579$ & $-0.00867563$ & $0.043339$ & $0.0444095$ & $0.0198501$ & $-0.0587585$ & $-0.00753973$ & $-0.0433843$ & $-0.015724$ \\
CHe_33 & $0.0142099$ & $-0.0650459$ & $0.00432733$ & $0.00222415$ & $0.0130378$ & $-0.177253$ & $-0.0703647$ & $0.874656$ & $0.857114$ & $-0.379185$ & $-0.968997$ & $-0.322932$ & $0.168718$ & $0.460846$ & $0.324546$ & $0.336431$ & $0.172142$ & $-0.0583791$ & $-0.0432067$ & $0.950551$ & $0.974277$ & $1$ & $0.0232801$ & $-0.347019$ & $-0.0103125$ & $-0.543508$ & $0.377932$ & $0.334028$ & $0.0240305$ & $0.0374614$ & $0.0115842$ & $-0.0914555$ & $0.0326808$ & $0.437468$ & $-0.03725$ & $-0.0267326$ & $0.000806199$ & $0.0254894$ & $0.00273798$ & $0.00272624$ & $-0.0374212$ & $-0.0105067$ & $0.0353965$ & $0.0388266$ & $0.00844806$ & $-0.059156$ & $0.00281704$ & $-0.042654$ & $-0.0206057$ \\
CHQ1_11 & $0.0186842$ & $-0.0405636$ & $-0.0174552$ & $-0.0160324$ & $-0.0159684$ & $-0.00811245$ & $-0.00980115$ & $0.058057$ & $0.0604231$ & $-0.0244379$ & $0.00474213$ & $-0.0232354$ & $0.0270755$ & $-0.0938827$ & $-0.200303$ & $-0.171457$ & $-0.0788362$ & $0.0135468$ & $-0.0114573$ & $-0.0310849$ & $0.0238565$ & $0.0232801$ & $1$ & $-0.134033$ & $0.0611994$ & $-0.669007$ & $0.336465$ & $-0.0151639$ & $-0.0138491$ & $0.00517631$ & $0.00683482$ & $-0.00412963$ & $-0.00744397$ & $0.217587$ & $0.0201927$ & $-0.038641$ & $0.0169334$ & $-0.00791772$ & $-0.03085$ & $0.0109438$ & $-0.0390988$ & $0.00581464$ & $0.0120801$ & $0.0237295$ & $0.00575262$ & $-0.00698188$ & $0.0294993$ & $0.00306178$ & $-0.0254068$ \\
CHQ1_33 & $-0.0878684$ & $0.0576825$ & $-0.0147066$ & $0.0200432$ & $0.0255377$ & $-0.0203616$ & $0.11392$ & $-0.669932$ & $-0.661137$ & $0.537223$ & $0.298191$ & $0.341894$ & $-0.356768$ & $0.475478$ & $0.119338$ & $0.101309$ & $0.681079$ & $0.627763$ & $0.628004$ & $-0.242007$ & $-0.353162$ & $-0.347019$ & $-0.134033$ & $1$ & $0.648654$ & $0.20131$ & $-0.41657$ & $-0.0150552$ & $-0.0476589$ & $-0.123928$ & $-0.0791498$ & $0.0927336$ & $-0.126749$ & $-0.631952$ & $-0.0109517$ & $-0.00101409$ & $-0.0143079$ & $-0.00851411$ & $-0.0129828$ & $-0.0155233$ & $0.0295536$ & $-0.00162033$ & $0.0175971$ & $-0.0230722$ & $-0.0190154$ & $0.0317338$ & $-0.0455749$ & $0.00475309$ & $0.0160432$ \\
CHQ3_11 & $-0.10666$ & $0.0264356$ & $-0.0210867$ & $-0.0139155$ & $0.0293626$ & $-0.0970507$ & $0.104561$ & $-0.394352$ & $-0.38763$ & $0.468965$ & $0.00413726$ & $0.237856$ & $-0.326126$ & $0.61337$ & $-0.0982413$ & $-0.128956$ & $0.780079$ & $0.791389$ & $0.804519$ & $0.00528065$ & $-0.0112075$ & $-0.0103125$ & $0.0611994$ & $0.648654$ & $1$ & $0.0235395$ & $0.196782$ & $-0.00299259$ & $-0.0332732$ & $-0.120193$ & $-0.0753574$ & $0.0739375$ & $-0.137226$ & $-0.221117$ & $-0.0424271$ & $5.68157e-05$ & $0.00794493$ & $0.0205305$ & $0.00343454$ & $-0.0261343$ & $0.00243972$ & $0.0299376$ & $0.0335411$ & $0.0200682$ & $-1.30208e-05$ & $0.0135214$ & $-0.0524352$ & $-0.061913$ & $0.0229423$ \\
CHu_11 & $-0.0353214$ & $0.0389713$ & $0.0101711$ & $-0.0067757$ & $0.0205612$ & $0.111756$ & $0.0306591$ & $-0.503732$ & $-0.497354$ & $0.205434$ & $0.557196$ & $0.180685$ & $-0.101635$ & $-0.256224$ & $-0.180575$ & $-0.192484$ & $-0.105151$ & $0.0298115$ & $0.0434479$ & $-0.546869$ & $-0.559441$ & $-0.543508$ & $-0.669007$ & $0.20131$ & $0.0235395$ & $1$ & $-0.175819$ & $-0.169744$ & $-0.00977749$ & $-0.0132015$ & $0.00399749$ & $0.0398119$ & $-0.00841211$ & $-0.263316$ & $-0.014599$ & $0.0626876$ & $-0.00348795$ & $-0.011636$ & $0.0276994$ & $-0.000445914$ & $0.0512662$ & $0.010317$ & $-0.0183944$ & $-0.0488794$ & $0.00545741$ & $0.0289773$ & $-0.00905612$ & $0.0237494$ & $0.0322902$ \\
CHd_11 & $0.0223207$ & $-0.0779459$ & $-0.011928$ & $-0.0632153$ & $0.0123259$ & $-0.0483839$ & $-0.0529277$ & $0.43647$ & $0.435093$ & $-0.238576$ & $-0.300918$ & $-0.209604$ & $0.133277$ & $-0.0872235$ & $-0.393781$ & $-0.402081$ & $-0.167678$ & $-0.0107689$ & $0.00029785$ & $0.221482$ & $0.381809$ & $0.377932$ & $0.336465$ & $-0.41657$ & $0.196782$ & $-0.175819$ & $1$ & $0.130098$ & $-0.00117443$ & $0.0451517$ & $0.0334935$ & $-0.0579706$ & $0.0219334$ & $0.683004$ & $-0.0603325$ & $0.0445002$ & $0.00363856$ & $0.0195325$ & $0.0211944$ & $0.00664361$ & $-0.0177022$ & $0.0312265$ & $0.0403299$ & $0.0466937$ & $0.0385432$ & $-0.0313931$ & $0.0330832$ & $-0.0479563$ & $0.000860539$ \\
CHd_33 & $0.00519635$ & $-0.0441101$ & $0.0258804$ & $-0.0166767$ & $0.0354812$ & $-0.0608542$ & $-0.0242224$ & $0.306551$ & $0.297459$ & $-0.135209$ & $-0.336552$ & $-0.135207$ & $0.0695295$ & $0.15551$ & $0.106394$ & $0.101389$ & $0.0604242$ & $-0.0197727$ & $-0.015578$ & $0.327027$ & $0.339537$ & $0.334028$ & $-0.0151639$ & $-0.0150552$ & $-0.00299259$ & $-0.169744$ & $0.130098$ & $1$ & $-0.0148175$ & $0.00464328$ & $0.00124993$ & $-0.028494$ & $-0.0207624$ & $0.160792$ & $-0.016622$ & $0.0256611$ & $0.0106786$ & $0.0187695$ & $-0.0135901$ & $-0.0227315$ & $-0.00127551$ & $-0.00885725$ & $-0.0116207$ & $0.000242672$ & $-0.0166954$ & $-0.0176467$ & $0.0281901$ & $-0.064079$ & $-0.0244115$ \\
CeH_22r & $-0.0103377$ & $0.0556734$ & $0.0518318$ & $0.0248299$ & $0.0403554$ & $0.0218378$ & $0.00195094$ & $0.0360326$ & $0.0389406$ & $-0.0172761$ & $-0.023444$ & $-0.0340222$ & $0.0651638$ & $-0.0222607$ & $0.040078$ & $0.00856728$ & $-0.022864$ & $-0.0517991$ & $-0.0266657$ & $0.0269564$ & $0.0238654$ & $0.0240305$ & $-0.0138491$ & $-0.0476589$ & $-0.0332732$ & $-0.00977749$ & $-0.00117443$ & $-0.0148175$ & $1$ & $0.0444413$ & $0.0272391$ & $-0.0172989$ & $0.0671696$ & $0.00145654$ & $-0.0498304$ & $-0.0315995$ & $-0.0231864$ & $0.0156359$ & $0.0292051$ & $0.00919528$ & $0.0228371$ & $0.00680731$ & $-0.0233133$ & $0.0428912$ & $0.0314013$ & $0.0101164$ & $0.0129049$ & $-0.0274076$ & $0.0158019$ \\
CeH_33r & $0.0228643$ & $-0.085013$ & $-0.0283256$ & $0.000431411$ & $-0.0132714$ & $0.0427842$ & $-0.144795$ & $0.0941626$ & $0.11632$ & $-0.115711$ & $-0.0334824$ & $-0.095458$ & $0.274896$ & $-0.0758754$ & $-0.00248985$ & $-0.0199832$ & $-0.130194$ & $-0.113155$ & $-0.0983912$ & $0.0283984$ & $0.0363458$ & $0.0374614$ & $0.00517631$ & $-0.123928$ & $-0.120193$ & $-0.0132015$ & $0.0451517$ & $0.00464328$ & $0.0444413$ & $1$ & $0.305834$ & $0.0191681$ & $0.634956$ & $0.0613896$ & $-0.0688024$ & $0.0205985$ & $-0.206506$ & $-0.025272$ & $-0.0171475$ & $0.000102099$ & $-0.0210298$ & $0.052163$ & $0.00735144$ & $0.0174004$ & $0.0327793$ & $-0.00679076$ & $-0.0109694$ & $-0.00252885$ & $-0.0668579$ \\
CuH_22r & $-0.0049467$ & $0.0316991$ & $0.0190145$ & $0.0291814$ & $0.0201465$ & $0.00186228$ & $-0.0916664$ & $0.0487253$ & $0.0556105$ & $-0.102724$ & $-0.00321525$ & $-0.113869$ & $0.151741$ & $-0.0622342$ & $0.00498203$ & $-0.00771585$ & $-0.102028$ & $-0.0876449$ & $-0.0793719$ & $0.00609044$ & $0.00605819$ & $0.0115842$ & $0.00683482$ & $-0.0791498$ & $-0.0753574$ & $0.00399749$ & $0.0334935$ & $0.00124993$ & $0.0272391$ & $0.305834$ & $1$ & $-0.0102412$ & $0.383699$ & $0.0285127$ & $-0.0128704$ & $-0.0170295$ & $-0.134809$ & $0.0275512$ & $-0.0360737$ & $0.00410738$ & $-0.0104137$ & $0.0190888$ & $-0.0317246$ & $-0.0624641$ & $-0.044091$ & $0.0671488$ & $0.357543$ & $0.0752141$ & $0.0251543$ \\
CuH_33r & $0.0651311$ & $0.024527$ & $0.0284185$ & $-0.0145078$ & $-0.0206309$ & $-0.0152222$ & $0.924534$ & $-0.12538$ & $-0.0871232$ & $0.0921825$ & $0.0896967$ & $0.282709$ & $-0.282243$ & $0.0236772$ & $-0.0479497$ & $-0.0277629$ & $0.0742981$ & $0.0990065$ & $0.0840272$ & $-0.0879539$ & $-0.0911215$ & $-0.0914555$ & $-0.00412963$ & $0.0927336$ & $0.0739375$ & $0.0398119$ & $-0.0579706$ & $-0.028494$ & $-0.0172989$ & $0.0191681$ & $-0.0102412$ & $1$ & $0.00210105$ & $-0.0565365$ & $0.0211975$ & $0.0316748$ & $-0.0149094$ & $-0.0068659$ & $0.0186986$ & $0.0413485$ & $0.0165467$ & $0.0247618$ & $-0.0211426$ & $0.0467054$ & $0.00153537$ & $0.0120505$ & $-0.0344229$ & $-0.0170558$ & $-0.033385$ \\
CdH_33r & $-0.0654535$ & $-0.0545445$ & $-0.032551$ & $-0.0259429$ & $-0.025848$ & $0.0338082$ & $-0.195039$ & $0.0963178$ & $0.112515$ & $-0.132762$ & $-0.0283439$ & $-0.145556$ & $0.350423$ & $-0.0948352$ & $0.0351152$ & $-0.00688454$ & $-0.144054$ & $-0.152322$ & $-0.119252$ & $0.0282973$ & $0.0293411$ & $0.0326808$ & $-0.00744397$ & $-0.126749$ & $-0.137226$ & $-0.00841211$ & $0.0219334$ & $-0.0207624$ & $0.0671696$ & $0.634956$ & $0.383699$ & $0.00210105$ & $1$ & $0.034997$ & $-0.0548749$ & $0.0411956$ & $-0.184954$ & $-0.0337774$ & $-0.0647544$ & $0.00467011$ & $-0.0726815$ & $0.0498086$ & $-0.0520647$ & $-0.0275086$ & $-0.0156638$ & $0.0699926$ & $0.0344048$ & $0.155333$ & $0.400741$ \\
CLL_1221 & $0.0746783$ & $-0.0419078$ & $0.00106387$ & $-0.0224173$ & $-0.0227837$ & $-0.0954615$ & $-0.0524014$ & $0.562111$ & $0.55386$ & $-0.337137$ & $-0.353684$ & $-0.258438$ & $0.197292$ & $-0.234787$ & $-0.602092$ & $-0.12147$ & $-0.269679$ & $0.0156685$ & $-0.347884$ & $0.270557$ & $0.440996$ & $0.437468$ & $0.217587$ & $-0.631952$ & $-0.221117$ & $-0.263316$ & $0.683004$ & $0.160792$ & $0.00145654$ & $0.0613896$ & $0.0285127$ & $-0.0565365$ & $0.034997$ & $1$ & $-0.00367614$ & $0.0325834$ & $0.00828474$ & $0.0023745$ & $0.0261227$ & $0.012161$ & $-0.0120338$ & $0.0185227$ & $-0.00542645$ & $0.0513201$ & $0.0205448$ & $-0.0558902$ & $0.043855$ & $-0.0096121$ & $-0.0133636$ \\
eHggint & $0.0374332$ & $0.127807$ & $0.0688794$ & $0.00474244$ & $-0.0106874$ & $-0.00728655$ & $-0.0577254$ & $-0.0323621$ & $-0.0582731$ & $0.086273$ & $0.0394815$ & $0.0599927$ & $0.0314656$ & $-0.0525409$ & $-0.00788106$ & $0.035209$ & $-0.00613159$ & $-0.0101635$ & $-0.0402605$ & $-0.0291687$ & $-0.0382224$ & $-0.03725$ & $0.0201927$ & $-0.0109517$ & $-0.0424271$ & $-0.014599$ & $-0.0603325$ & $-0.016622$ & $-0.0498304$ & $-0.0688024$ & $-0.0128704$ & $0.0211975$ & $-0.0548749$ & $-0.00367614$ & $1$ & $-0.091556$ & $0.00629076$ & $-0.00622785$ & $0.0889162$ & $-0.00427754$ & $0.0674277$ & $-0.0042725$ & $-0.0575478$ & $0.133287$ & $-0.0547564$ & $-0.0267459$ & $0.111728$ & $0.0686146$ & $-0.020576$ \\
eHggpar & $0.0355369$ & $0.000318004$ & $-0.0715963$ & $-0.0337945$ & $0.0129252$ & $0.00566088$ & $-0.0178666$ & $-0.0181963$ & $-0.0245896$ & $-0.0101773$ & $0.0338963$ & $-0.0104935$ & $0.0257766$ & $-0.0473202$ & $-0.0529723$ & $-0.0689281$ & $-0.0158441$ & $0.00228451$ & $0.00873293$ & $-0.0389505$ & $-0.02647$ & $-0.0267326$ & $-0.038641$ & $-0.00101409$ & $5.68157e-05$ & $0.0626876$ & $0.0445002$ & $0.0256611$ & $-0.0315995$ & $0.0205985$ & $-0.0170295$ & $0.0316748$ & $0.0411956$ & $0.0325834$ & $-0.091556$ & $1$ & $-0.00491944$ & $-0.0158092$ & $-0.08721$ & $-0.0273209$ & $-0.0331569$ & $0.00850812$ & $0.0195356$ & $-0.0287179$ & $-0.00258296$ & $-0.0179013$ & $-0.0787396$ & $0.0433036$ & $0.0655299$ \\
eHWWint & $-0.0136447$ & $-0.0240741$ & $-0.0393117$ & $-0.0632559$ & $-0.0169039$ & $-0.0361688$ & $0.0323841$ & $0.00387066$ & $0.00134507$ & $-0.0104973$ & $-0.0040522$ & $-0.0185357$ & $-0.00112748$ & $0.00332479$ & $-0.00522413$ & $0.0218621$ & $0.00174005$ & $0.00577633$ & $-0.0139438$ & $0.00205298$ & $0.00439351$ & $0.000806199$ & $0.0169334$ & $-0.0143079$ & $0.00794493$ & $-0.00348795$ & $0.00363856$ & $0.0106786$ & $-0.0231864$ & $-0.206506$ & $-0.134809$ & $-0.0149094$ & $-0.184954$ & $0.00828474$ & $0.00629076$ & $-0.00491944$ & $1$ & $-0.00115659$ & $-0.0438929$ & $-0.023851$ & $0.107327$ & $0.0179147$ & $0.0851866$ & $-0.0972673$ & $0.0755561$ & $0.00519811$ & $-0.0622745$ & $-0.124155$ & $0.0873971$ \\
eHWWpar & $0.0368927$ & $0.00782896$ & $-0.018381$ & $-0.0772348$ & $0.0214298$ & $-0.0535847$ & $-0.00689959$ & $0.013483$ & $0.00772546$ & $0.0114601$ & $-0.0222448$ & $0.00283038$ & $-0.00344414$ & $0.0163411$ & $0.0125701$ & $-0.0159791$ & $0.0213584$ & $0.00394976$ & $0.0273725$ & $0.0202385$ & $0.0224844$ & $0.0254894$ & $-0.00791772$ & $-0.00851411$ & $0.0205305$ & $-0.011636$ & $0.0195325$ & $0.0187695$ & $0.0156359$ & $-0.025272$ & $0.0275512$ & $-0.0068659$ & $-0.0337774$ & $0.0023745$ & $-0.00622785$ & $-0.0158092$ & $-0.00115659$ & $1$ & $0.0151659$ & $0.0156883$ & $0.0174122$ & $0.0312627$ & $-0.0108413$ & $-0.01158$ & $-0.0116809$ & $-0.0109111$ & $0.046628$ & $-0.030555$ & $-0.0147101$ \\
eHZZint & $-0.134324$ & $0.159461$ & $0.134842$ & $0.127271$ & $-0.0132524$ & $-0.0200723$ & $0.0136279$ & $0.0115299$ & $0.0142697$ & $0.0266888$ & $-0.00197544$ & $0.0196357$ & $0.00519553$ & $-0.0219976$ & $-0.000831761$ & $0.0293079$ & $-0.0126321$ & $-0.017261$ & $-0.0401003$ & $0.0072698$ & $0.00632492$ & $0.00273798$ & $-0.03085$ & $-0.0129828$ & $0.00343454$ & $0.0276994$ & $0.0211944$ & $-0.0135901$ & $0.0292051$ & $-0.0171475$ & $-0.0360737$ & $0.0186986$ & $-0.0647544$ & $0.0261227$ & $0.0889162$ & $-0.08721$ & $-0.0438929$ & $0.0151659$ & $1$ & $0.00380996$ & $0.061073$ & $-0.024249$ & $-0.0225383$ & $0.196206$ & $0.073104$ & $-0.0554192$ & $-0.00324271$ & $0.123761$ & $-0.144343$ \\
eHZZpar & $0.0194262$ & $-0.0141792$ & $0.0250009$ & $-0.00891425$ & $0.0142563$ & $-0.00860578$ & $0.0337212$ & $0.00797692$ & $0.0106366$ & $-0.0129113$ & $0.00465188$ & $0.00387393$ & $-0.00276853$ & $-0.0284997$ & $-0.00135767$ & $-0.0123591$ & $-0.0124122$ & $-0.0221491$ & $-0.0120673$ & $-0.00780406$ & $-0.00319119$ & $0.00272624$ & $0.0109438$ & $-0.0155233$ & $-0.0261343$ & $-0.000445914$ & $0.00664361$ & $-0.0227315$ & $0.00919528$ & $0.000102099$ & $0.00410738$ & $0.0413485$ & $0.00467011$ & $0.012161$ & $-0.00427754$ & $-0.0273209$ & $-0.023851$ & $0.0156883$ & $0.00380996$ & $1$ & $-0.0292018$ & $0.0314233$ & $0.0309685$ & $0.00669723$ & $0.0109701$ & $0.0197297$ & $0.025062$ & $-0.0137023$ & $-0.0106265$ \\
eHZgaint & $-0.0859714$ & $0.0940551$ & $0.0174671$ & $-0.00562419$ & $-0.0237734$ & $0.0232496$ & $0.0199179$ & $-0.0371488$ & $-0.0373299$ & $-0.0705669$ & $0.0424604$ & $0.0128128$ & $-0.0483752$ & $-0.0019988$ & $-0.0219468$ & $0.00889212$ & $-0.0254977$ & $0.00730006$ & $-0.0197312$ & $-0.0408733$ & $-0.0422579$ & $-0.0374212$ & $-0.0390988$ & $0.0295536$ & $0.00243972$ & $0.0512662$ & $-0.0177022$ & $-0.00127551$ & $0.0228371$ & $-0.0210298$ & $-0.0104137$ & $0.0165467$ & $-0.0726815$ & $-0.0120338$ & $0.0674277$ & $-0.0331569$ & $0.107327$ & $0.0174122$ & $0.061073$ & $-0.0292018$ & $1$ & $0.0327051$ & $0.0491182$ & $-0.0327288$ & $-0.0445288$ & $-0.0572075$ & $0.017217$ & $0.0309054$ & $-0.128337$ \\
eHZgapar & $0.0165253$ & $0.0168346$ & $-0.0301532$ & $0.00154363$ & $-0.0115876$ & $-0.036074$ & $0.00445263$ & $-0.0151106$ & $-0.0138714$ & $0.00847378$ & $0.0116872$ & $0.00347834$ & $0.0127815$ & $-0.0118569$ & $-0.0274935$ & $-0.0279728$ & $0.0196678$ & $0.0216653$ & $0.0215704$ & $-0.0149234$ & $-0.00867563$ & $-0.0105067$ & $0.00581464$ & $-0.00162033$ & $0.0299376$ & $0.010317$ & $0.0312265$ & $-0.00885725$ & $0.00680731$ & $0.052163$ & $0.0190888$ & $0.0247618$ & $0.0498086$ & $0.0185227$ & $-0.0042725$ & $0.00850812$ & $0.0179147$ & $0.0312627$ & $-0.024249$ & $0.0314233$ & $0.0327051$ & $1$ & $0.00715486$ & $-0.0329711$ & $0.0560344$ & $-0.0319502$ & $-0.0160653$ & $-0.052235$ & $-0.0172429$ \\
eHgagaint & $0.0168299$ & $-0.0781016$ & $-0.0461011$ & $0.0138822$ & $-0.0106903$ & $-0.0278332$ & $-0.00351988$ & $0.0314884$ & $0.102685$ & $-0.0381505$ & $-0.0455538$ & $-0.0340165$ & $0.000117746$ & $0.0564468$ & $0.023307$ & $-0.00327198$ & $0.0155194$ & $0.0117618$ & $0.0239756$ & $0.0434761$ & $0.043339$ & $0.0353965$ & $0.0120801$ & $0.0175971$ & $0.0335411$ & $-0.0183944$ & $0.0403299$ & $-0.0116207$ & $-0.0233133$ & $0.00735144$ & $-0.0317246$ & $-0.0211426$ & $-0.0520647$ & $-0.00542645$ & $-0.0575478$ & $0.0195356$ & $0.0851866$ & $-0.0108413$ & $-0.0225383$ & $0.0309685$ & $0.0491182$ & $0.00715486$ & $1$ & $0.0147459$ & $0.0193429$ & $0.0896229$ & $-0.0265395$ & $-0.0027978$ & $-0.104061$ \\
eHmumuint & $0.0375928$ & $0.0592689$ & $0.141997$ & $0.0592572$ & $0.000912215$ & $0.00996738$ & $0.0328054$ & $0.0296306$ & $0.0337973$ & $0.0310303$ & $-0.0346506$ & $-0.00812036$ & $0.0343394$ & $0.00560951$ & $-0.0240115$ & $-0.0179947$ & $0.0246982$ & $0.0206803$ & $0.0185911$ & $0.0348478$ & $0.0444095$ & $0.0388266$ & $0.0237295$ & $-0.0230722$ & $0.0200682$ & $-0.0488794$ & $0.0466937$ & $0.000242672$ & $0.0428912$ & $0.0174004$ & $-0.0624641$ & $0.0467054$ & $-0.0275086$ & $0.0513201$ & $0.133287$ & $-0.0287179$ & $-0.0972673$ & $-0.01158$ & $0.196206$ & $0.00669723$ & $-0.0327288$ & $-0.0329711$ & $0.0147459$ & $1$ & $0.0505729$ & $-0.0117171$ & $-0.103257$ & $0.103342$ & $-0.139114$ \\
eHtautauint & $0.0640395$ & $-0.0688729$ & $-0.0175446$ & $0.0879373$ & $-0.0165273$ & $-0.0328254$ & $0.0124411$ & $0.0225068$ & $0.018918$ & $0.00606903$ & $-0.0187243$ & $0.0289634$ & $-0.0283622$ & $0.000522661$ & $-0.00970238$ & $-0.0207749$ & $-0.0045157$ & $-0.00142767$ & $0.00569625$ & $0.0154262$ & $0.0198501$ & $0.00844806$ & $0.00575262$ & $-0.0190154$ & $-1.30208e-05$ & $0.00545741$ & $0.0385432$ & $-0.0166954$ & $0.0314013$ & $0.0327793$ & $-0.044091$ & $0.00153537$ & $-0.0156638$ & $0.0205448$ & $-0.0547564$ & $-0.00258296$ & $0.0755561$ & $-0.0116809$ & $0.073104$ & $0.0109701$ & $-0.0445288$ & $0.0560344$ & $0.0193429$ & $0.0505729$ & $1$ & $0.013295$ & $-0.0516433$ & $-0.0350407$ & $0.0525968$ \\
eHccint & $0.0145114$ & $0.0936104$ & $0.0566379$ & $0.0170112$ & $0.00937314$ & $-0.00389825$ & $0.00949831$ & $-0.0605919$ & $-0.0539019$ & $0.00167448$ & $0.0574419$ & $-0.0282927$ & $0.0233905$ & $-0.0275162$ & $0.0209202$ & $-0.0132059$ & $0.00978386$ & $-0.0109332$ & $0.0115402$ & $-0.0532349$ & $-0.0587585$ & $-0.059156$ & $-0.00698188$ & $0.0317338$ & $0.0135214$ & $0.0289773$ & $-0.0313931$ & $-0.0176467$ & $0.0101164$ & $-0.00679076$ & $0.0671488$ & $0.0120505$ & $0.0699926$ & $-0.0558902$ & $-0.0267459$ & $-0.0179013$ & $0.00519811$ & $-0.0109111$ & $-0.0554192$ & $0.0197297$ & $-0.0572075$ & $-0.0319502$ & $0.0896229$ & $-0.0117171$ & $0.013295$ & $1$ & $-0.0171318$ & $0.0259344$ & $0.0814702$ \\
eHccpar & $0.0441299$ & $0.127497$ & $0.00421391$ & $0.0696333$ & $0.0301536$ & $-0.012542$ & $-0.0299984$ & $0.0228131$ & $0.0206316$ & $-0.0476687$ & $0.0105106$ & $-0.0438223$ & $0.0444505$ & $-0.0690783$ & $-0.0132273$ & $0.0202632$ & $-0.0600381$ & $-0.0538209$ & $-0.0801586$ & $-0.00829292$ & $-0.00753973$ & $0.00281704$ & $0.0294993$ & $-0.0455749$ & $-0.0524352$ & $-0.00905612$ & $0.0330832$ & $0.0281901$ & $0.0129049$ & $-0.0109694$ & $0.357543$ & $-0.0344229$ & $0.0344048$ & $0.043855$ & $0.111728$ & $-0.0787396$ & $-0.0622745$ & $0.046628$ & $-0.00324271$ & $0.025062$ & $0.017217$ & $-0.0160653$ & $-0.0265395$ & $-0.103257$ & $-0.0516433$ & $-0.0171318$ & $1$ & $0.102071$ & $0.0206846$ \\
eHbbint & $-0.020232$ & $0.0583356$ & $0.0218398$ & $0.120524$ & $-0.0421631$ & $0.0196107$ & $-0.033678$ & $-0.0284455$ & $-0.0262064$ & $-0.00268361$ & $0.0458627$ & $-0.0316751$ & $0.0353093$ & $-0.035541$ & $-0.0169589$ & $-0.0230657$ & $-0.0411541$ & $-0.0210865$ & $-0.0214191$ & $-0.0419294$ & $-0.0433843$ & $-0.042654$ & $0.00306178$ & $0.00475309$ & $-0.061913$ & $0.0237494$ & $-0.0479563$ & $-0.064079$ & $-0.0274076$ & $-0.00252885$ & $0.0752141$ & $-0.0170558$ & $0.155333$ & $-0.0096121$ & $0.0686146$ & $0.0433036$ & $-0.124155$ & $-0.030555$ & $0.123761$ & $-0.0137023$ & $0.0309054$ & $-0.052235$ & $-0.0027978$ & $0.103342$ & $-0.0350407$ & $0.0259344$ & $0.102071$ & $1$ & $-0.0179911$ \\
eHbbpar & $-0.104994$ & $-0.0128879$ & $-0.0899341$ & $-0.0665752$ & $-0.0286926$ & $-0.0186229$ & $-0.0267316$ & $-0.0192055$ & $-0.0295077$ & $0.00745548$ & $0.0167511$ & $0.00409279$ & $-0.0179245$ & $-0.0146554$ & $0.0038983$ & $-0.0245242$ & $0.0167201$ & $0.000566811$ & $0.0192364$ & $-0.0173392$ & $-0.015724$ & $-0.0206057$ & $-0.0254068$ & $0.0160432$ & $0.0229423$ & $0.0322902$ & $0.000860539$ & $-0.0244115$ & $0.0158019$ & $-0.0668579$ & $0.0251543$ & $-0.033385$ & $0.400741$ & $-0.0133636$ & $-0.020576$ & $0.0655299$ & $0.0873971$ & $-0.0147101$ & $-0.144343$ & $-0.0106265$ & $-0.128337$ & $-0.0172429$ & $-0.104061$ & $-0.139114$ & $0.0525968$ & $0.0814702$ & $0.0206846$ & $-0.0179911$ & $1$ \\
