 & AlsMz & dAle5Mz & mtop & mHl & Mz & CW & CHG & CHWB & CHWHB_gaga & CHWHB_gagaorth & CHD & CHbox & CH & CHL1_11 & CHL1_22 & CHL1_33 & CHL3_11 & CHL3_22 & CHL3_33 & CHe_11 & CHe_22 & CHe_33 & CHQ1_11 & CHQ1_33 & CHQ3_11 & CHu_11 & CHd_11 & CHd_33 & CeH_22r & CeH_33r & CuH_22r & CuH_33r & CdH_33r & CLL_1221 & eHggint & eHggpar & eHWWint & eHWWpar & eHZZint & eHZZpar & eHZgaint & eHZgapar & eHgagaint & eHmumuint & eHtautauint & eHccint & eHccpar & eHbbint & eHbbpar \\
AlsMz & $1$ & $0.00627853$ & $0.0175168$ & $0.00688051$ & $0.053948$ & $0.000532825$ & $-0.00691368$ & $0.0152537$ & $0.0192956$ & $0.00693774$ & $-0.0296929$ & $-0.0249807$ & $0.0253136$ & $0.0407807$ & $0.00496642$ & $-0.043191$ & $0.0126134$ & $0.0106412$ & $0.0404829$ & $0.0180986$ & $0.0231305$ & $0.0250903$ & $-0.0181118$ & $-0.0936351$ & $-0.107749$ & $-0.022134$ & $-0.00348904$ & $-0.0684866$ & $-0.00720359$ & $0.0296129$ & $0.0266373$ & $-0.0156686$ & $0.0491173$ & $0.00665737$ & $-0.0475477$ & $-0.0185325$ & $-0.0759086$ & $0.009782$ & $0.0119903$ & $0.025202$ & $0.0510635$ & $0.00595308$ & $0.0179251$ & $0.0241165$ & $-0.0163781$ & $0.0725248$ & $-0.0340636$ & $0.0241137$ & $-0.0122497$ \\
dAle5Mz & $0.00627853$ & $1$ & $0.00365588$ & $-0.0926886$ & $-0.017504$ & $0.0695499$ & $0.0310789$ & $-0.104684$ & $-0.104764$ & $0.0809355$ & $0.0756615$ & $0.070488$ & $-0.0328127$ & $-0.00786021$ & $0.0190376$ & $-0.00137173$ & $0.0265915$ & $0.0146533$ & $0.0201651$ & $-0.0387094$ & $-0.0519562$ & $-0.058022$ & $-0.00625227$ & $0.0334228$ & $0.0323932$ & $0.00230049$ & $-0.0502505$ & $-0.0516098$ & $0.0322241$ & $0.00669519$ & $-0.0400311$ & $0.0474666$ & $0.00877387$ & $-0.0308615$ & $-0.00598012$ & $0.0435932$ & $0.0492276$ & $-0.119217$ & $0.04216$ & $-0.0025539$ & $-0.0129045$ & $0.0291243$ & $-0.0465942$ & $-0.00643535$ & $0.00435432$ & $-0.0758623$ & $0.0113791$ & $0.0489654$ & $-0.0172746$ \\
mtop & $0.0175168$ & $0.00365588$ & $1$ & $-0.0406765$ & $0.0328873$ & $0.0291756$ & $-0.0567908$ & $0.0199639$ & $0.0109608$ & $-0.0430138$ & $-0.00664103$ & $-0.0265179$ & $0.00267191$ & $0.0254637$ & $-0.00202711$ & $-0.00285632$ & $-0.0206448$ & $-0.00328209$ & $-0.00400108$ & $0.0123461$ & $0.017325$ & $0.0194014$ & $-0.0236003$ & $-0.0014102$ & $0.0102944$ & $0.0515078$ & $0.0458508$ & $0.0116028$ & $0.00248076$ & $-0.0513309$ & $-0.0366847$ & $-0.0361756$ & $-0.00186947$ & $0.0144837$ & $-0.00370632$ & $0.039263$ & $0.0871111$ & $-0.0353384$ & $-0.0105122$ & $0.0440659$ & $0.000441404$ & $0.00470594$ & $0.0217984$ & $-0.0189835$ & $-0.0513663$ & $0.0195431$ & $-0.026429$ & $0.0445204$ & $0.036735$ \\
mHl & $0.00688051$ & $-0.0926886$ & $-0.0406765$ & $1$ & $-0.0173312$ & $0.0291754$ & $-0.0169966$ & $0.0437796$ & $0.0471051$ & $-0.0547473$ & $-0.00943032$ & $-0.0518322$ & $0.042608$ & $-0.0516284$ & $0.0221104$ & $0.026546$ & $-0.0764232$ & $-0.0844153$ & $-0.0843088$ & $0.000271441$ & $0.00571645$ & $0.00765559$ & $-0.0363831$ & $-0.0576186$ & $-0.0661026$ & $0.0150115$ & $0.01443$ & $-0.0231869$ & $0.0882915$ & $-0.0208729$ & $0.0216022$ & $-0.0319277$ & $-0.0191873$ & $0.00477127$ & $-0.0375815$ & $0.00275436$ & $0.0328829$ & $0.0108744$ & $-0.0390956$ & $-0.0225963$ & $0.0184717$ & $0.014384$ & $0.0342997$ & $-0.000488719$ & $-0.0383758$ & $0.0418553$ & $0.0696102$ & $0.0265286$ & $-0.0082179$ \\
Mz & $0.053948$ & $-0.017504$ & $0.0328873$ & $-0.0173312$ & $1$ & $0.0220352$ & $-0.0210402$ & $0.0320141$ & $0.0390646$ & $-0.025364$ & $-0.0335875$ & $-0.0171223$ & $0.0169667$ & $0.0442755$ & $0.0954351$ & $-0.00125087$ & $0.00899571$ & $-0.051955$ & $0.0278891$ & $0.0415731$ & $0.0375184$ & $0.045892$ & $0.0344546$ & $-0.0178322$ & $0.00722668$ & $-0.0504669$ & $0.00620653$ & $-0.0799233$ & $0.045992$ & $0.0264187$ & $-0.0298604$ & $-0.00722095$ & $0.0728998$ & $-0.0617078$ & $-0.00684355$ & $0.0157364$ & $-0.0631862$ & $0.00725293$ & $-0.0297291$ & $0.0133056$ & $0.0257212$ & $-0.0157173$ & $0.0639945$ & $-0.00913326$ & $-0.0123945$ & $-0.0269712$ & $-0.0282486$ & $0.00550132$ & $0.032874$ \\
CW & $0.000532825$ & $0.0695499$ & $0.0291756$ & $0.0291754$ & $0.0220352$ & $1$ & $0.00087549$ & $-0.125978$ & $-0.125122$ & $0.0777103$ & $0.160858$ & $0.0744446$ & $-0.04817$ & $0.0457954$ & $-0.0798332$ & $-0.0764219$ & $-0.192607$ & $0.00128738$ & $-0.0115828$ & $-0.158366$ & $-0.15859$ & $-0.166545$ & $-0.0389615$ & $0.0472361$ & $-0.0387179$ & $0.114542$ & $-0.051504$ & $-0.0953397$ & $0.028011$ & $-0.0178883$ & $0.00398492$ & $0.00542814$ & $-0.0567793$ & $-0.0941062$ & $0.0448126$ & $0.00690548$ & $0.0100578$ & $-0.0239122$ & $-0.00455425$ & $-0.0483975$ & $0.031069$ & $0.0107518$ & $0.0765841$ & $0.0332523$ & $0.0190332$ & $-0.00670123$ & $-0.00391255$ & $-0.00543118$ & $-0.0251322$ \\
CHG & $-0.00691368$ & $0.0310789$ & $-0.0567908$ & $-0.0169966$ & $-0.0210402$ & $0.00087549$ & $1$ & $-0.0917215$ & $-0.0442027$ & $0.0613708$ & $0.0484689$ & $0.300241$ & $-0.325503$ & $0.0581$ & $-0.0350373$ & $-0.0482696$ & $0.100813$ & $0.108774$ & $0.112777$ & $-0.0493821$ & $-0.0473035$ & $-0.0509464$ & $-0.032394$ & $0.100712$ & $0.0906415$ & $0.0200186$ & $-0.043063$ & $-0.0135199$ & $-0.00207746$ & $-0.0923959$ & $-0.0470582$ & $0.925464$ & $-0.118848$ & $-0.0338996$ & $0.0144468$ & $-0.03771$ & $0.0150804$ & $0.0330549$ & $0.0221552$ & $0.00389558$ & $-0.0107361$ & $-0.00420169$ & $-0.0249684$ & $-0.0363115$ & $-0.0425003$ & $0.0264594$ & $-0.0146344$ & $-0.0144929$ & $0.00457095$ \\
CHWB & $0.0152537$ & $-0.104684$ & $0.0199639$ & $0.0437796$ & $0.0320141$ & $-0.125978$ & $-0.0917215$ & $1$ & $0.983425$ & $-0.552257$ & $-0.888009$ & $-0.412194$ & $0.33411$ & $0.118361$ & $0.290704$ & $0.260158$ & $-0.240628$ & $-0.433131$ & $-0.403277$ & $0.857407$ & $0.904072$ & $0.884368$ & $0.0747986$ & $-0.688775$ & $-0.364712$ & $-0.515223$ & $0.465772$ & $0.339714$ & $-0.0156316$ & $0.0900066$ & $0.0105819$ & $-0.10473$ & $0.0719072$ & $0.54613$ & $-0.0162919$ & $-0.0223536$ & $-0.0639355$ & $0.0346639$ & $-0.0178163$ & $-0.00522421$ & $0.00730428$ & $-0.0355142$ & $0.0273651$ & $-0.0129274$ & $0.025095$ & $0.00158846$ & $-0.0286565$ & $0.0264219$ & $-0.0267063$ \\
CHWHB_gaga & $0.0192956$ & $-0.104764$ & $0.0109608$ & $0.0471051$ & $0.0390646$ & $-0.125122$ & $-0.0442027$ & $0.983425$ & $1$ & $-0.544073$ & $-0.867295$ & $-0.396247$ & $0.330618$ & $0.102211$ & $0.288857$ & $0.260001$ & $-0.248269$ & $-0.439197$ & $-0.412164$ & $0.837638$ & $0.883126$ & $0.862573$ & $0.0734872$ & $-0.682482$ & $-0.375914$ & $-0.510766$ & $0.448696$ & $0.327328$ & $-0.014512$ & $0.122075$ & $0.0159573$ & $-0.0668808$ & $0.0906751$ & $0.535161$ & $-0.0153761$ & $-0.0336379$ & $-0.0606562$ & $0.0421378$ & $-0.0234076$ & $-0.00591095$ & $0.0128899$ & $-0.0402115$ & $0.095745$ & $-0.0218987$ & $0.0233254$ & $0.00274364$ & $-0.0196345$ & $0.0274559$ & $-0.0395779$ \\
CHWHB_gagaorth & $0.00693774$ & $0.0809355$ & $-0.0430138$ & $-0.0547473$ & $-0.025364$ & $0.0777103$ & $0.0613708$ & $-0.552257$ & $-0.544073$ & $1$ & $0.335684$ & $0.464354$ & $-0.233368$ & $0.254355$ & $-0.0928827$ & $-0.0897552$ & $0.441268$ & $0.483162$ & $0.476081$ & $-0.317869$ & $-0.353008$ & $-0.346148$ & $-0.0472953$ & $0.572295$ & $0.455081$ & $0.174601$ & $-0.277043$ & $-0.169418$ & $-0.0348648$ & $-0.112864$ & $-0.00921301$ & $0.0971865$ & $-0.10168$ & $-0.352731$ & $0.0741252$ & $0.0143019$ & $-0.00153712$ & $0.0151758$ & $-0.00826255$ & $0.0257732$ & $-0.0686355$ & $0.0182644$ & $0.000165816$ & $-0.0762296$ & $-0.0457789$ & $-0.0471248$ & $0.0540579$ & $-0.00990852$ & $0.00925391$ \\
CHD & $-0.0296929$ & $0.0756615$ & $-0.00664103$ & $-0.00943032$ & $-0.0335875$ & $0.160858$ & $0.0484689$ & $-0.888009$ & $-0.867295$ & $0.335684$ & $1$ & $0.272572$ & $-0.178026$ & $-0.514785$ & $-0.409419$ & $-0.372422$ & $-0.195918$ & $0.0937542$ & $0.053775$ & $-0.989031$ & $-0.990983$ & $-0.972221$ & $-0.0412899$ & $0.348277$ & $0.00753425$ & $0.572645$ & $-0.334718$ & $-0.371857$ & $0.0390666$ & $-0.0272452$ & $-0.00209394$ & $0.0624098$ & $-0.0281139$ & $-0.360656$ & $0.00682353$ & $0.017073$ & $0.070303$ & $-0.0428177$ & $0.0308087$ & $-0.00138078$ & $0.00182713$ & $0.0233466$ & $-0.0274224$ & $0.0147785$ & $-0.038533$ & $0.0194641$ & $0.0256269$ & $-0.0425352$ & $0.0393579$ \\
CHbox & $-0.0249807$ & $0.070488$ & $-0.0265179$ & $-0.0518322$ & $-0.0171223$ & $0.0744446$ & $0.300241$ & $-0.412194$ & $-0.396247$ & $0.464354$ & $0.272572$ & $1$ & $-0.916086$ & $0.148708$ & $-0.0804299$ & $-0.0694019$ & $0.281765$ & $0.326371$ & $0.32005$ & $-0.255845$ & $-0.283753$ & $-0.270175$ & $-0.059567$ & $0.412724$ & $0.299758$ & $0.163643$ & $-0.210767$ & $-0.100562$ & $-0.0303304$ & $-0.155827$ & $-0.0602257$ & $0.302717$ & $-0.166081$ & $-0.258198$ & $0.0235082$ & $0.0174933$ & $0.0252909$ & $-0.0281565$ & $0.0284243$ & $-0.00761278$ & $-0.0591322$ & $0.0221032$ & $-0.0303331$ & $-0.014183$ & $0.0240694$ & $0.00237339$ & $0.0441581$ & $-0.00817008$ & $0.0387988$ \\
CH & $0.0253136$ & $-0.0328127$ & $0.00267191$ & $0.042608$ & $0.0169667$ & $-0.04817$ & $-0.325503$ & $0.33411$ & $0.330618$ & $-0.233368$ & $-0.178026$ & $-0.916086$ & $1$ & $-0.217503$ & $0.0896733$ & $0.0756323$ & $-0.326525$ & $-0.361327$ & $-0.356489$ & $0.173258$ & $0.185761$ & $0.172809$ & $0.0420313$ & $-0.381701$ & $-0.340193$ & $-0.120043$ & $0.135054$ & $0.0494445$ & $0.0408825$ & $0.267986$ & $0.0938054$ & $-0.283953$ & $0.285219$ & $0.188218$ & $0.0278786$ & $-0.000581936$ & $-0.0262276$ & $0.0268652$ & $-0.0317308$ & $0.0265765$ & $0.0336584$ & $-0.016165$ & $0.0203969$ & $-0.0121355$ & $-0.0456346$ & $-0.020932$ & $-0.0333518$ & $0.00541983$ & $-0.0399636$ \\
CHL1_11 & $0.0407807$ & $-0.00786021$ & $0.0254637$ & $-0.0516284$ & $0.0442755$ & $0.0457954$ & $0.0581$ & $0.118361$ & $0.102211$ & $0.254355$ & $-0.514785$ & $0.148708$ & $-0.217503$ & $1$ & $0.271653$ & $0.254944$ & $0.644417$ & $0.564857$ & $0.589167$ & $0.533281$ & $0.474763$ & $0.474548$ & $-0.090404$ & $0.42496$ & $0.584697$ & $-0.239734$ & $-0.0867608$ & $0.151883$ & $-0.0680318$ & $-0.108715$ & $-0.0311313$ & $0.048633$ & $-0.0831277$ & $-0.199777$ & $0.0199954$ & $-0.00313159$ & $-0.0373201$ & $0.0270341$ & $-0.033618$ & $0.0104536$ & $-0.000212861$ & $-0.00844205$ & $0.0297851$ & $-0.0277038$ & $0.0406095$ & $-0.0435207$ & $-0.0303684$ & $0.0520402$ & $-0.0259977$ \\
CHL1_22 & $0.00496642$ & $0.0190376$ & $-0.00202711$ & $0.0221104$ & $0.0954351$ & $-0.0798332$ & $-0.0350373$ & $0.290704$ & $0.288857$ & $-0.0928827$ & $-0.409419$ & $-0.0804299$ & $0.0896733$ & $0.271653$ & $1$ & $0.462227$ & $0.141172$ & $-0.485543$ & $-0.0459039$ & $0.485084$ & $0.325795$ & $0.324102$ & $-0.15354$ & $0.0982861$ & $-0.137649$ & $-0.202349$ & $-0.382132$ & $0.104325$ & $0.0131956$ & $-0.016641$ & $-0.0196445$ & $-0.0121835$ & $0.0472921$ & $-0.615916$ & $0.0076885$ & $0.00258924$ & $-0.0280075$ & $0.0394118$ & $-0.00836626$ & $0.04025$ & $-0.0302127$ & $0.0284883$ & $0.0270061$ & $0.0306063$ & $0.0169412$ & $-0.0151218$ & $-0.0953252$ & $0.0148927$ & $-0.00290486$ \\
CHL1_33 & $-0.043191$ & $-0.00137173$ & $-0.00285632$ & $0.026546$ & $-0.00125087$ & $-0.0764219$ & $-0.0482696$ & $0.260158$ & $0.260001$ & $-0.0897552$ & $-0.372422$ & $-0.0694019$ & $0.0756323$ & $0.254944$ & $0.462227$ & $1$ & $0.123498$ & $-0.0681506$ & $-0.451639$ & $0.445979$ & $0.287737$ & $0.308874$ & $-0.178047$ & $0.122176$ & $-0.139964$ & $-0.170527$ & $-0.392299$ & $0.0961571$ & $-0.00889955$ & $-0.00646664$ & $-0.00139742$ & $-0.0472093$ & $0.0427529$ & $-0.16068$ & $-0.0182775$ & $-0.0207917$ & $-0.076685$ & $-0.0042734$ & $-0.00573517$ & $0.0248575$ & $-0.0639742$ & $-0.0207237$ & $0.044834$ & $-0.0125979$ & $0.0124967$ & $-0.0280693$ & $-0.00878894$ & $0.0137137$ & $0.0137909$ \\
CHL3_11 & $0.0126134$ & $0.0265915$ & $-0.0206448$ & $-0.0764232$ & $0.00899571$ & $-0.192607$ & $0.100813$ & $-0.240628$ & $-0.248269$ & $0.441268$ & $-0.195918$ & $0.281765$ & $-0.326525$ & $0.644417$ & $0.141172$ & $0.123498$ & $1$ & $0.72037$ & $0.742159$ & $0.216998$ & $0.165461$ & $0.163346$ & $0.00529592$ & $0.664897$ & $0.765598$ & $-0.139944$ & $-0.160709$ & $0.0874648$ & $-0.0410735$ & $-0.120754$ & $-0.00847937$ & $0.0943052$ & $-0.090976$ & $-0.236094$ & $0.0102061$ & $0.0158182$ & $-0.00317472$ & $0.0256832$ & $-0.023209$ & $0.00867688$ & $-0.0278478$ & $0.0350004$ & $-0.0063533$ & $-0.00184537$ & $0.0274196$ & $-0.0349749$ & $0.0378518$ & $0.0189851$ & $-0.0290147$ \\
CHL3_22 & $0.0106412$ & $0.0146533$ & $-0.00328209$ & $-0.0844153$ & $-0.051955$ & $0.00128738$ & $0.108774$ & $-0.433131$ & $-0.439197$ & $0.483162$ & $0.0937542$ & $0.326371$ & $-0.361327$ & $0.564857$ & $-0.485543$ & $-0.0681506$ & $0.72037$ & $1$ & $0.666726$ & $-0.104154$ & $-0.0854568$ & $-0.0794346$ & $0.0316303$ & $0.594108$ & $0.76775$ & $0.0470871$ & $-0.0105346$ & $-0.0218911$ & $-0.0547873$ & $-0.112576$ & $-0.00545053$ & $0.0901426$ & $-0.115611$ & $0.0760606$ & $0.0124118$ & $0.0076188$ & $0.00837455$ & $-0.0113125$ & $-0.0223534$ & $-0.00843812$ & $0.00637289$ & $0.00203078$ & $-0.013487$ & $-0.0270485$ & $0.010949$ & $-0.0302974$ & $0.0656325$ & $0.0188435$ & $-0.0153958$ \\
CHL3_33 & $0.0404829$ & $0.0201651$ & $-0.00400108$ & $-0.0843088$ & $0.0278891$ & $-0.0115828$ & $0.112777$ & $-0.403277$ & $-0.412164$ & $0.476081$ & $0.053775$ & $0.32005$ & $-0.356489$ & $0.589167$ & $-0.0459039$ & $-0.451639$ & $0.742159$ & $0.666726$ & $1$ & $-0.0609376$ & $-0.0454298$ & $-0.0375427$ & $0.0578353$ & $0.584798$ & $0.781163$ & $0.0106928$ & $-0.000210137$ & $-0.0116747$ & $-0.046059$ & $-0.126161$ & $-0.0188575$ & $0.110876$ & $-0.120091$ & $-0.296126$ & $0.0290573$ & $0.028205$ & $0.0392633$ & $0.0215209$ & $-0.0245326$ & $-0.0068218$ & $0.0336249$ & $0.0456453$ & $-0.0255525$ & $-0.000568848$ & $0.0136951$ & $-0.0199335$ & $0.0103744$ & $0.0269612$ & $-0.034812$ \\
CHe_11 & $0.0180986$ & $-0.0387094$ & $0.0123461$ & $0.000271441$ & $0.0415731$ & $-0.158366$ & $-0.0493821$ & $0.857407$ & $0.837638$ & $-0.317869$ & $-0.989031$ & $-0.255845$ & $0.173258$ & $0.533281$ & $0.485084$ & $0.445979$ & $0.216998$ & $-0.104154$ & $-0.0609376$ & $1$ & $0.970536$ & $0.952662$ & $0.022851$ & $-0.290513$ & $-0.0047066$ & $-0.568976$ & $0.252287$ & $0.361258$ & $-0.0357437$ & $0.0199756$ & $-0.00384003$ & $-0.0595612$ & $0.0334003$ & $0.271934$ & $-0.00447235$ & $-0.0137094$ & $-0.0669775$ & $0.0360733$ & $-0.0372256$ & $0.00863563$ & $-0.000693999$ & $-0.0163188$ & $0.0259414$ & $-0.0105784$ & $0.0370164$ & $-0.0270529$ & $-0.0336061$ & $0.0486905$ & $-0.0347257$ \\
CHe_22 & $0.0231305$ & $-0.0519562$ & $0.017325$ & $0.00571645$ & $0.0375184$ & $-0.15859$ & $-0.0473035$ & $0.904072$ & $0.883126$ & $-0.353008$ & $-0.990983$ & $-0.283753$ & $0.185761$ & $0.474763$ & $0.325795$ & $0.287737$ & $0.165461$ & $-0.0854568$ & $-0.0454298$ & $0.970536$ & $1$ & $0.976324$ & $0.0758$ & $-0.401245$ & $-0.00967033$ & $-0.581026$ & $0.415776$ & $0.378456$ & $-0.0389289$ & $0.0350534$ & $0.00178893$ & $-0.0632033$ & $0.0261609$ & $0.44703$ & $-0.00983159$ & $-0.0146068$ & $-0.0615278$ & $0.0383888$ & $-0.0322524$ & $-0.00299613$ & $0.00243469$ & $-0.0253412$ & $0.0271412$ & $-0.0223577$ & $0.0387082$ & $-0.0177083$ & $-0.0160754$ & $0.0451208$ & $-0.0443737$ \\
CHe_33 & $0.0250903$ & $-0.058022$ & $0.0194014$ & $0.00765559$ & $0.045892$ & $-0.166545$ & $-0.0509464$ & $0.884368$ & $0.862573$ & $-0.346148$ & $-0.972221$ & $-0.270175$ & $0.172809$ & $0.474548$ & $0.324102$ & $0.308874$ & $0.163346$ & $-0.0794346$ & $-0.0375427$ & $0.952662$ & $0.976324$ & $1$ & $0.0623783$ & $-0.387618$ & $0.000226396$ & $-0.557227$ & $0.409167$ & $0.363066$ & $-0.0458835$ & $0.0289354$ & $0.0113405$ & $-0.0632531$ & $0.030711$ & $0.432679$ & $-0.0121645$ & $-0.00533908$ & $-0.0661772$ & $0.0402792$ & $-0.0274997$ & $-0.0020949$ & $0.00117418$ & $-0.00919447$ & $0.0228993$ & $-0.0203402$ & $0.0356743$ & $-0.0184174$ & $-0.00971742$ & $0.0536918$ & $-0.0363186$ \\
CHQ1_11 & $-0.0181118$ & $-0.00625227$ & $-0.0236003$ & $-0.0363831$ & $0.0344546$ & $-0.0389615$ & $-0.032394$ & $0.0747986$ & $0.0734872$ & $-0.0472953$ & $-0.0412899$ & $-0.059567$ & $0.0420313$ & $-0.090404$ & $-0.15354$ & $-0.178047$ & $0.00529592$ & $0.0316303$ & $0.0578353$ & $0.022851$ & $0.0758$ & $0.0623783$ & $1$ & $-0.113856$ & $0.107231$ & $-0.685775$ & $0.329572$ & $0.0505292$ & $0.0224494$ & $-0.0341368$ & $-0.0250136$ & $-0.0479034$ & $-0.068426$ & $0.205931$ & $0.0301326$ & $0.0200347$ & $0.00335975$ & $-0.00891527$ & $0.0066893$ & $0.0155535$ & $0.0262967$ & $0.00552579$ & $-0.0145461$ & $-0.0238729$ & $0.0241231$ & $0.0597136$ & $0.000926032$ & $0.0173022$ & $-0.0554551$ \\
CHQ1_33 & $-0.0936351$ & $0.0334228$ & $-0.0014102$ & $-0.0576186$ & $-0.0178322$ & $0.0472361$ & $0.100712$ & $-0.688775$ & $-0.682482$ & $0.572295$ & $0.348277$ & $0.412724$ & $-0.381701$ & $0.42496$ & $0.0982861$ & $0.122176$ & $0.664897$ & $0.594108$ & $0.584798$ & $-0.290513$ & $-0.401245$ & $-0.387618$ & $-0.113856$ & $1$ & $0.605949$ & $0.213988$ & $-0.467446$ & $-0.0525243$ & $-0.0215365$ & $-0.147423$ & $-0.0381762$ & $0.111501$ & $-0.0954031$ & $-0.627376$ & $0.0145207$ & $-0.000310976$ & $0.0302197$ & $0.00530643$ & $0.0137022$ & $0.0212506$ & $-0.0289686$ & $0.0550291$ & $0.00071287$ & $-0.00748055$ & $-0.00473479$ & $-0.0468293$ & $0.0184229$ & $-0.00790035$ & $0.014698$ \\
CHQ3_11 & $-0.107749$ & $0.0323932$ & $0.0102944$ & $-0.0661026$ & $0.00722668$ & $-0.0387179$ & $0.0906415$ & $-0.364712$ & $-0.375914$ & $0.455081$ & $0.00753425$ & $0.299758$ & $-0.340193$ & $0.584697$ & $-0.137649$ & $-0.139964$ & $0.765598$ & $0.76775$ & $0.781163$ & $-0.0047066$ & $-0.00967033$ & $0.000226396$ & $0.107231$ & $0.605949$ & $1$ & $0.0242301$ & $0.217323$ & $0.0228041$ & $-0.0404615$ & $-0.141989$ & $-0.0291304$ & $0.0752953$ & $-0.13542$ & $-0.163248$ & $0.0212501$ & $0.0394508$ & $0.0195567$ & $0.00582522$ & $-0.0318631$ & $-0.0150726$ & $0.0158473$ & $0.0342976$ & $-0.00593156$ & $-0.0481032$ & $0.0187524$ & $-0.0270998$ & $0.0229195$ & $0.0454547$ & $-0.0367404$ \\
CHu_11 & $-0.022134$ & $0.00230049$ & $0.0515078$ & $0.0150115$ & $-0.0504669$ & $0.114542$ & $0.0200186$ & $-0.515223$ & $-0.510766$ & $0.174601$ & $0.572645$ & $0.163643$ & $-0.120043$ & $-0.239734$ & $-0.202349$ & $-0.170527$ & $-0.139944$ & $0.0470871$ & $0.0106928$ & $-0.568976$ & $-0.581026$ & $-0.557227$ & $-0.685775$ & $0.213988$ & $0.0242301$ & $1$ & $-0.178219$ & $-0.223436$ & $0.00945725$ & $0.00421439$ & $0.008172$ & $0.036537$ & $0.0296736$ & $-0.257398$ & $-0.0198226$ & $-0.00943915$ & $0.0177697$ & $-0.0242258$ & $0.0105873$ & $-0.0153484$ & $-0.01651$ & $0.000788777$ & $-0.0144706$ & $0.0134277$ & $-0.0533386$ & $-0.0424543$ & $0.00223711$ & $-0.0128743$ & $0.0703557$ \\
CHd_11 & $-0.00348904$ & $-0.0502505$ & $0.0458508$ & $0.01443$ & $0.00620653$ & $-0.051504$ & $-0.043063$ & $0.465772$ & $0.448696$ & $-0.277043$ & $-0.334718$ & $-0.210767$ & $0.135054$ & $-0.0867608$ & $-0.382132$ & $-0.392299$ & $-0.160709$ & $-0.0105346$ & $-0.000210137$ & $0.252287$ & $0.415776$ & $0.409167$ & $0.329572$ & $-0.467446$ & $0.217323$ & $-0.178219$ & $1$ & $0.170072$ & $-0.0127656$ & $0.0309775$ & $-0.00827483$ & $-0.0705769$ & $-0.0245855$ & $0.699794$ & $-0.0177933$ & $0.00507905$ & $-0.0178398$ & $0.00749448$ & $-0.00477618$ & $-0.0456687$ & $0.0527633$ & $-0.00144695$ & $0.00166321$ & $-0.0588919$ & $-0.000355934$ & $0.0149623$ & $0.0163226$ & $0.0404785$ & $-0.0436375$ \\
CHd_33 & $-0.0684866$ & $-0.0516098$ & $0.0116028$ & $-0.0231869$ & $-0.0799233$ & $-0.0953397$ & $-0.0135199$ & $0.339714$ & $0.327328$ & $-0.169418$ & $-0.371857$ & $-0.100562$ & $0.0494445$ & $0.151883$ & $0.104325$ & $0.0961571$ & $0.0874648$ & $-0.0218911$ & $-0.0116747$ & $0.361258$ & $0.378456$ & $0.363066$ & $0.0505292$ & $-0.0525243$ & $0.0228041$ & $-0.223436$ & $0.170072$ & $1$ & $-0.0247499$ & $-0.0105$ & $0.0371743$ & $-0.0134857$ & $0.0255632$ & $0.191601$ & $0.0544632$ & $0.0661231$ & $-0.000604579$ & $0.00413163$ & $0.0335393$ & $0.0300997$ & $-0.0269439$ & $-0.0494262$ & $-0.0506477$ & $-0.0420363$ & $0.0333351$ & $-0.0140402$ & $0.017325$ & $0.0464088$ & $0.036125$ \\
CeH_22r & $-0.00720359$ & $0.0322241$ & $0.00248076$ & $0.0882915$ & $0.045992$ & $0.028011$ & $-0.00207746$ & $-0.0156316$ & $-0.014512$ & $-0.0348648$ & $0.0390666$ & $-0.0303304$ & $0.0408825$ & $-0.0680318$ & $0.0131956$ & $-0.00889955$ & $-0.0410735$ & $-0.0547873$ & $-0.046059$ & $-0.0357437$ & $-0.0389289$ & $-0.0458835$ & $0.0224494$ & $-0.0215365$ & $-0.0404615$ & $0.00945725$ & $-0.0127656$ & $-0.0247499$ & $1$ & $0.0496377$ & $0.00246156$ & $-0.022265$ & $0.0307905$ & $-0.0186583$ & $-0.0147535$ & $0.0507305$ & $-0.0278067$ & $-0.0332436$ & $0.0180288$ & $0.028157$ & $0.00118121$ & $0.00729804$ & $-0.0349286$ & $-0.0233861$ & $-0.0116474$ & $0.0425151$ & $-0.0416453$ & $-0.0109449$ & $-0.000521366$ \\
CeH_33r & $0.0296129$ & $0.00669519$ & $-0.0513309$ & $-0.0208729$ & $0.0264187$ & $-0.0178883$ & $-0.0923959$ & $0.0900066$ & $0.122075$ & $-0.112864$ & $-0.0272452$ & $-0.155827$ & $0.267986$ & $-0.108715$ & $-0.016641$ & $-0.00646664$ & $-0.120754$ & $-0.112576$ & $-0.126161$ & $0.0199756$ & $0.0350534$ & $0.0289354$ & $-0.0341368$ & $-0.147423$ & $-0.141989$ & $0.00421439$ & $0.0309775$ & $-0.0105$ & $0.0496377$ & $1$ & $0.303703$ & $0.0562348$ & $0.608641$ & $0.0886076$ & $-0.0222995$ & $-0.0249548$ & $-0.158021$ & $-0.0273156$ & $-0.0424357$ & $-0.0391858$ & $-0.0401218$ & $0.0375398$ & $-0.0229002$ & $-0.0259551$ & $0.0726886$ & $0.0151934$ & $0.0130269$ & $-0.018573$ & $-0.0345113$ \\
CuH_22r & $0.0266373$ & $-0.0400311$ & $-0.0366847$ & $0.0216022$ & $-0.0298604$ & $0.00398492$ & $-0.0470582$ & $0.0105819$ & $0.0159573$ & $-0.00921301$ & $-0.00209394$ & $-0.0602257$ & $0.0938054$ & $-0.0311313$ & $-0.0196445$ & $-0.00139742$ & $-0.00847937$ & $-0.00545053$ & $-0.0188575$ & $-0.00384003$ & $0.00178893$ & $0.0113405$ & $-0.0250136$ & $-0.0381762$ & $-0.0291304$ & $0.008172$ & $-0.00827483$ & $0.0371743$ & $0.00246156$ & $0.303703$ & $1$ & $0.0704421$ & $0.333318$ & $0.0280508$ & $0.0179106$ & $-0.0286171$ & $-0.0855267$ & $-0.0160924$ & $-0.0410045$ & $-0.0134818$ & $-0.0136786$ & $0.0236494$ & $-0.0106295$ & $-0.00128203$ & $-0.0155863$ & $0.0634739$ & $0.315358$ & $0.0363207$ & $-0.0252746$ \\
CuH_33r & $-0.0156686$ & $0.0474666$ & $-0.0361756$ & $-0.0319277$ & $-0.00722095$ & $0.00542814$ & $0.925464$ & $-0.10473$ & $-0.0668808$ & $0.0971865$ & $0.0624098$ & $0.302717$ & $-0.283953$ & $0.048633$ & $-0.0121835$ & $-0.0472093$ & $0.0943052$ & $0.0901426$ & $0.110876$ & $-0.0595612$ & $-0.0632033$ & $-0.0632531$ & $-0.0479034$ & $0.111501$ & $0.0752953$ & $0.036537$ & $-0.0705769$ & $-0.0134857$ & $-0.022265$ & $0.0562348$ & $0.0704421$ & $1$ & $0.0699461$ & $-0.0636976$ & $0.0903358$ & $0.0243294$ & $-0.0335885$ & $0.0261154$ & $0.0283439$ & $0.010191$ & $-0.0337459$ & $0.0170556$ & $-0.0321163$ & $-0.0343086$ & $-0.0553184$ & $0.014308$ & $-0.0266507$ & $0.00432729$ & $0.00682943$ \\
CdH_33r & $0.0491173$ & $0.00877387$ & $-0.00186947$ & $-0.0191873$ & $0.0728998$ & $-0.0567793$ & $-0.118848$ & $0.0719072$ & $0.0906751$ & $-0.10168$ & $-0.0281139$ & $-0.166081$ & $0.285219$ & $-0.0831277$ & $0.0472921$ & $0.0427529$ & $-0.090976$ & $-0.115611$ & $-0.120091$ & $0.0334003$ & $0.0261609$ & $0.030711$ & $-0.068426$ & $-0.0954031$ & $-0.13542$ & $0.0296736$ & $-0.0245855$ & $0.0255632$ & $0.0307905$ & $0.608641$ & $0.333318$ & $0.0699461$ & $1$ & $0.0225803$ & $-0.046947$ & $-0.00940348$ & $-0.255208$ & $-0.0231895$ & $-0.0172516$ & $0.0297829$ & $-0.0371163$ & $0.0407087$ & $-0.0513617$ & $0.00422663$ & $-0.0458037$ & $0.0242628$ & $-0.0461283$ & $0.217846$ & $0.476818$ \\
CLL_1221 & $0.00665737$ & $-0.0308615$ & $0.0144837$ & $0.00477127$ & $-0.0617078$ & $-0.0941062$ & $-0.0338996$ & $0.54613$ & $0.535161$ & $-0.352731$ & $-0.360656$ & $-0.258198$ & $0.188218$ & $-0.199777$ & $-0.615916$ & $-0.16068$ & $-0.236094$ & $0.0760606$ & $-0.296126$ & $0.271934$ & $0.44703$ & $0.432679$ & $0.205931$ & $-0.627376$ & $-0.163248$ & $-0.257398$ & $0.699794$ & $0.191601$ & $-0.0186583$ & $0.0886076$ & $0.0280508$ & $-0.0636976$ & $0.0225803$ & $1$ & $-0.0261323$ & $-0.0161793$ & $-0.0235364$ & $-0.00988962$ & $-0.00118673$ & $-0.0351971$ & $0.0226543$ & $-0.0441479$ & $-0.00573641$ & $-0.0334917$ & $0.00442817$ & $0.00965342$ & $0.0676205$ & $0.0044704$ & $-0.0205655$ \\
eHggint & $-0.0475477$ & $-0.00598012$ & $-0.00370632$ & $-0.0375815$ & $-0.00684355$ & $0.0448126$ & $0.0144468$ & $-0.0162919$ & $-0.0153761$ & $0.0741252$ & $0.00682353$ & $0.0235082$ & $0.0278786$ & $0.0199954$ & $0.0076885$ & $-0.0182775$ & $0.0102061$ & $0.0124118$ & $0.0290573$ & $-0.00447235$ & $-0.00983159$ & $-0.0121645$ & $0.0301326$ & $0.0145207$ & $0.0212501$ & $-0.0198226$ & $-0.0177933$ & $0.0544632$ & $-0.0147535$ & $-0.0222995$ & $0.0179106$ & $0.0903358$ & $-0.046947$ & $-0.0261323$ & $1$ & $-0.0686525$ & $-0.00147524$ & $-0.015139$ & $0.0329859$ & $0.0147112$ & $-0.0133097$ & $-0.0270364$ & $-0.00507198$ & $-0.0373268$ & $0.0502641$ & $-0.00629014$ & $0.0472231$ & $0.00670333$ & $0.0027293$ \\
eHggpar & $-0.0185325$ & $0.0435932$ & $0.039263$ & $0.00275436$ & $0.0157364$ & $0.00690548$ & $-0.03771$ & $-0.0223536$ & $-0.0336379$ & $0.0143019$ & $0.017073$ & $0.0174933$ & $-0.000581936$ & $-0.00313159$ & $0.00258924$ & $-0.0207917$ & $0.0158182$ & $0.0076188$ & $0.028205$ & $-0.0137094$ & $-0.0146068$ & $-0.00533908$ & $0.0200347$ & $-0.000310976$ & $0.0394508$ & $-0.00943915$ & $0.00507905$ & $0.0661231$ & $0.0507305$ & $-0.0249548$ & $-0.0286171$ & $0.0243294$ & $-0.00940348$ & $-0.0161793$ & $-0.0686525$ & $1$ & $0.0460984$ & $-0.0681681$ & $0.0387684$ & $0.039012$ & $-0.00798168$ & $0.0103573$ & $-0.00537927$ & $-0.028931$ & $-0.0314432$ & $-0.0436365$ & $-0.0736408$ & $0.00802053$ & $0.00957199$ \\
eHWWint & $-0.0759086$ & $0.0492276$ & $0.0871111$ & $0.0328829$ & $-0.0631862$ & $0.0100578$ & $0.0150804$ & $-0.0639355$ & $-0.0606562$ & $-0.00153712$ & $0.070303$ & $0.0252909$ & $-0.0262276$ & $-0.0373201$ & $-0.0280075$ & $-0.076685$ & $-0.00317472$ & $0.00837455$ & $0.0392633$ & $-0.0669775$ & $-0.0615278$ & $-0.0661772$ & $0.00335975$ & $0.0302197$ & $0.0195567$ & $0.0177697$ & $-0.0178398$ & $-0.000604579$ & $-0.0278067$ & $-0.158021$ & $-0.0855267$ & $-0.0335885$ & $-0.255208$ & $-0.0235364$ & $-0.00147524$ & $0.0460984$ & $1$ & $0.0390474$ & $0.018376$ & $0.0723214$ & $-0.00623841$ & $-0.0102158$ & $0.0458053$ & $0.0106459$ & $0.0215861$ & $-0.107078$ & $0.0271668$ & $-0.0800281$ & $-0.112832$ \\
eHWWpar & $0.009782$ & $-0.119217$ & $-0.0353384$ & $0.0108744$ & $0.00725293$ & $-0.0239122$ & $0.0330549$ & $0.0346639$ & $0.0421378$ & $0.0151758$ & $-0.0428177$ & $-0.0281565$ & $0.0268652$ & $0.0270341$ & $0.0394118$ & $-0.0042734$ & $0.0256832$ & $-0.0113125$ & $0.0215209$ & $0.0360733$ & $0.0383888$ & $0.0402792$ & $-0.00891527$ & $0.00530643$ & $0.00582522$ & $-0.0242258$ & $0.00749448$ & $0.00413163$ & $-0.0332436$ & $-0.0273156$ & $-0.0160924$ & $0.0261154$ & $-0.0231895$ & $-0.00988962$ & $-0.015139$ & $-0.0681681$ & $0.0390474$ & $1$ & $0.00422019$ & $-0.0458264$ & $-0.0640203$ & $0.0314239$ & $0.0592507$ & $-0.0131159$ & $0.0671567$ & $0.00425759$ & $-0.0184793$ & $-0.0195011$ & $0.00734494$ \\
eHZZint & $0.0119903$ & $0.04216$ & $-0.0105122$ & $-0.0390956$ & $-0.0297291$ & $-0.00455425$ & $0.0221552$ & $-0.0178163$ & $-0.0234076$ & $-0.00826255$ & $0.0308087$ & $0.0284243$ & $-0.0317308$ & $-0.033618$ & $-0.00836626$ & $-0.00573517$ & $-0.023209$ & $-0.0223534$ & $-0.0245326$ & $-0.0372256$ & $-0.0322524$ & $-0.0274997$ & $0.0066893$ & $0.0137022$ & $-0.0318631$ & $0.0105873$ & $-0.00477618$ & $0.0335393$ & $0.0180288$ & $-0.0424357$ & $-0.0410045$ & $0.0283439$ & $-0.0172516$ & $-0.00118673$ & $0.0329859$ & $0.0387684$ & $0.018376$ & $0.00422019$ & $1$ & $0.0228364$ & $-0.0787506$ & $-0.00318405$ & $0.0168577$ & $-0.00975982$ & $0.0200897$ & $-0.0236797$ & $0.0277238$ & $-0.0327368$ & $0.052965$ \\
eHZZpar & $0.025202$ & $-0.0025539$ & $0.0440659$ & $-0.0225963$ & $0.0133056$ & $-0.0483975$ & $0.00389558$ & $-0.00522421$ & $-0.00591095$ & $0.0257732$ & $-0.00138078$ & $-0.00761278$ & $0.0265765$ & $0.0104536$ & $0.04025$ & $0.0248575$ & $0.00867688$ & $-0.00843812$ & $-0.0068218$ & $0.00863563$ & $-0.00299613$ & $-0.0020949$ & $0.0155535$ & $0.0212506$ & $-0.0150726$ & $-0.0153484$ & $-0.0456687$ & $0.0300997$ & $0.028157$ & $-0.0391858$ & $-0.0134818$ & $0.010191$ & $0.0297829$ & $-0.0351971$ & $0.0147112$ & $0.039012$ & $0.0723214$ & $-0.0458264$ & $0.0228364$ & $1$ & $-0.0375436$ & $0.00534238$ & $-0.0147816$ & $-0.0790443$ & $-0.00191274$ & $0.0184322$ & $-0.0512822$ & $0.00265499$ & $0.0300105$ \\
eHZgaint & $0.0510635$ & $-0.0129045$ & $0.000441404$ & $0.0184717$ & $0.0257212$ & $0.031069$ & $-0.0107361$ & $0.00730428$ & $0.0128899$ & $-0.0686355$ & $0.00182713$ & $-0.0591322$ & $0.0336584$ & $-0.000212861$ & $-0.0302127$ & $-0.0639742$ & $-0.0278478$ & $0.00637289$ & $0.0336249$ & $-0.000693999$ & $0.00243469$ & $0.00117418$ & $0.0262967$ & $-0.0289686$ & $0.0158473$ & $-0.01651$ & $0.0527633$ & $-0.0269439$ & $0.00118121$ & $-0.0401218$ & $-0.0136786$ & $-0.0337459$ & $-0.0371163$ & $0.0226543$ & $-0.0133097$ & $-0.00798168$ & $-0.00623841$ & $-0.0640203$ & $-0.0787506$ & $-0.0375436$ & $1$ & $-0.0232306$ & $0.039091$ & $0.028124$ & $-0.0625596$ & $0.0499363$ & $-0.0453366$ & $0.027619$ & $-0.0537732$ \\
eHZgapar & $0.00595308$ & $0.0291243$ & $0.00470594$ & $0.014384$ & $-0.0157173$ & $0.0107518$ & $-0.00420169$ & $-0.0355142$ & $-0.0402115$ & $0.0182644$ & $0.0233466$ & $0.0221032$ & $-0.016165$ & $-0.00844205$ & $0.0284883$ & $-0.0207237$ & $0.0350004$ & $0.00203078$ & $0.0456453$ & $-0.0163188$ & $-0.0253412$ & $-0.00919447$ & $0.00552579$ & $0.0550291$ & $0.0342976$ & $0.000788777$ & $-0.00144695$ & $-0.0494262$ & $0.00729804$ & $0.0375398$ & $0.0236494$ & $0.0170556$ & $0.0407087$ & $-0.0441479$ & $-0.0270364$ & $0.0103573$ & $-0.0102158$ & $0.0314239$ & $-0.00318405$ & $0.00534238$ & $-0.0232306$ & $1$ & $0.00157366$ & $0.00232686$ & $-0.0240513$ & $0.0503832$ & $0.0695732$ & $0.0522433$ & $0.02487$ \\
eHgagaint & $0.0179251$ & $-0.0465942$ & $0.0217984$ & $0.0342997$ & $0.0639945$ & $0.0765841$ & $-0.0249684$ & $0.0273651$ & $0.095745$ & $0.000165816$ & $-0.0274224$ & $-0.0303331$ & $0.0203969$ & $0.0297851$ & $0.0270061$ & $0.044834$ & $-0.0063533$ & $-0.013487$ & $-0.0255525$ & $0.0259414$ & $0.0271412$ & $0.0228993$ & $-0.0145461$ & $0.00071287$ & $-0.00593156$ & $-0.0144706$ & $0.00166321$ & $-0.0506477$ & $-0.0349286$ & $-0.0229002$ & $-0.0106295$ & $-0.0321163$ & $-0.0513617$ & $-0.00573641$ & $-0.00507198$ & $-0.00537927$ & $0.0458053$ & $0.0592507$ & $0.0168577$ & $-0.0147816$ & $0.039091$ & $0.00157366$ & $1$ & $-0.0465427$ & $0.00954139$ & $0.00899918$ & $0.0199461$ & $-0.025193$ & $-0.0408251$ \\
eHmumuint & $0.0241165$ & $-0.00643535$ & $-0.0189835$ & $-0.000488719$ & $-0.00913326$ & $0.0332523$ & $-0.0363115$ & $-0.0129274$ & $-0.0218987$ & $-0.0762296$ & $0.0147785$ & $-0.014183$ & $-0.0121355$ & $-0.0277038$ & $0.0306063$ & $-0.0125979$ & $-0.00184537$ & $-0.0270485$ & $-0.000568848$ & $-0.0105784$ & $-0.0223577$ & $-0.0203402$ & $-0.0238729$ & $-0.00748055$ & $-0.0481032$ & $0.0134277$ & $-0.0588919$ & $-0.0420363$ & $-0.0233861$ & $-0.0259551$ & $-0.00128203$ & $-0.0343086$ & $0.00422663$ & $-0.0334917$ & $-0.0373268$ & $-0.028931$ & $0.0106459$ & $-0.0131159$ & $-0.00975982$ & $-0.0790443$ & $0.028124$ & $0.00232686$ & $-0.0465427$ & $1$ & $0.00137263$ & $-0.00156387$ & $-0.0285637$ & $-0.00879766$ & $0.012199$ \\
eHtautauint & $-0.0163781$ & $0.00435432$ & $-0.0513663$ & $-0.0383758$ & $-0.0123945$ & $0.0190332$ & $-0.0425003$ & $0.025095$ & $0.0233254$ & $-0.0457789$ & $-0.038533$ & $0.0240694$ & $-0.0456346$ & $0.0406095$ & $0.0169412$ & $0.0124967$ & $0.0274196$ & $0.010949$ & $0.0136951$ & $0.0370164$ & $0.0387082$ & $0.0356743$ & $0.0241231$ & $-0.00473479$ & $0.0187524$ & $-0.0533386$ & $-0.000355934$ & $0.0333351$ & $-0.0116474$ & $0.0726886$ & $-0.0155863$ & $-0.0553184$ & $-0.0458037$ & $0.00442817$ & $0.0502641$ & $-0.0314432$ & $0.0215861$ & $0.0671567$ & $0.0200897$ & $-0.00191274$ & $-0.0625596$ & $-0.0240513$ & $0.00954139$ & $0.00137263$ & $1$ & $-0.046352$ & $0.102836$ & $-0.0278779$ & $-0.0243819$ \\
eHccint & $0.0725248$ & $-0.0758623$ & $0.0195431$ & $0.0418553$ & $-0.0269712$ & $-0.00670123$ & $0.0264594$ & $0.00158846$ & $0.00274364$ & $-0.0471248$ & $0.0194641$ & $0.00237339$ & $-0.020932$ & $-0.0435207$ & $-0.0151218$ & $-0.0280693$ & $-0.0349749$ & $-0.0302974$ & $-0.0199335$ & $-0.0270529$ & $-0.0177083$ & $-0.0184174$ & $0.0597136$ & $-0.0468293$ & $-0.0270998$ & $-0.0424543$ & $0.0149623$ & $-0.0140402$ & $0.0425151$ & $0.0151934$ & $0.0634739$ & $0.014308$ & $0.0242628$ & $0.00965342$ & $-0.00629014$ & $-0.0436365$ & $-0.107078$ & $0.00425759$ & $-0.0236797$ & $0.0184322$ & $0.0499363$ & $0.0503832$ & $0.00899918$ & $-0.00156387$ & $-0.046352$ & $1$ & $-0.0583012$ & $0.0191608$ & $0.0581371$ \\
eHccpar & $-0.0340636$ & $0.0113791$ & $-0.026429$ & $0.0696102$ & $-0.0282486$ & $-0.00391255$ & $-0.0146344$ & $-0.0286565$ & $-0.0196345$ & $0.0540579$ & $0.0256269$ & $0.0441581$ & $-0.0333518$ & $-0.0303684$ & $-0.0953252$ & $-0.00878894$ & $0.0378518$ & $0.0656325$ & $0.0103744$ & $-0.0336061$ & $-0.0160754$ & $-0.00971742$ & $0.000926032$ & $0.0184229$ & $0.0229195$ & $0.00223711$ & $0.0163226$ & $0.017325$ & $-0.0416453$ & $0.0130269$ & $0.315358$ & $-0.0266507$ & $-0.0461283$ & $0.0676205$ & $0.0472231$ & $-0.0736408$ & $0.0271668$ & $-0.0184793$ & $0.0277238$ & $-0.0512822$ & $-0.0453366$ & $0.0695732$ & $0.0199461$ & $-0.0285637$ & $0.102836$ & $-0.0583012$ & $1$ & $0.0248943$ & $-0.0613609$ \\
eHbbint & $0.0241137$ & $0.0489654$ & $0.0445204$ & $0.0265286$ & $0.00550132$ & $-0.00543118$ & $-0.0144929$ & $0.0264219$ & $0.0274559$ & $-0.00990852$ & $-0.0425352$ & $-0.00817008$ & $0.00541983$ & $0.0520402$ & $0.0148927$ & $0.0137137$ & $0.0189851$ & $0.0188435$ & $0.0269612$ & $0.0486905$ & $0.0451208$ & $0.0536918$ & $0.0173022$ & $-0.00790035$ & $0.0454547$ & $-0.0128743$ & $0.0404785$ & $0.0464088$ & $-0.0109449$ & $-0.018573$ & $0.0363207$ & $0.00432729$ & $0.217846$ & $0.0044704$ & $0.00670333$ & $0.00802053$ & $-0.0800281$ & $-0.0195011$ & $-0.0327368$ & $0.00265499$ & $0.027619$ & $0.0522433$ & $-0.025193$ & $-0.00879766$ & $-0.0278779$ & $0.0191608$ & $0.0248943$ & $1$ & $0.0324$ \\
eHbbpar & $-0.0122497$ & $-0.0172746$ & $0.036735$ & $-0.0082179$ & $0.032874$ & $-0.0251322$ & $0.00457095$ & $-0.0267063$ & $-0.0395779$ & $0.00925391$ & $0.0393579$ & $0.0387988$ & $-0.0399636$ & $-0.0259977$ & $-0.00290486$ & $0.0137909$ & $-0.0290147$ & $-0.0153958$ & $-0.034812$ & $-0.0347257$ & $-0.0443737$ & $-0.0363186$ & $-0.0554551$ & $0.014698$ & $-0.0367404$ & $0.0703557$ & $-0.0436375$ & $0.036125$ & $-0.000521366$ & $-0.0345113$ & $-0.0252746$ & $0.00682943$ & $0.476818$ & $-0.0205655$ & $0.0027293$ & $0.00957199$ & $-0.112832$ & $0.00734494$ & $0.052965$ & $0.0300105$ & $-0.0537732$ & $0.02487$ & $-0.0408251$ & $0.012199$ & $-0.0243819$ & $0.0581371$ & $-0.0613609$ & $0.0324$ & $1$ \\
