 & AlsMz & dAle5Mz & mtop & mHl & Mz & CW & CHG & CHWB & CHWHB_gaga & CHWHB_gagaorth & CHD & CHbox & CH & CHL1_11 & CHL1_22 & CHL1_33 & CHL3_11 & CHL3_22 & CHL3_33 & CHe_11 & CHe_22 & CHe_33 & CHQ1_11 & CHQ1_33 & CHQ3_11 & CHu_11 & CHd_11 & CHd_33 & CeH_22r & CeH_33r & CuH_22r & CuH_33r & CdH_33r & CLL_1221 & eHggint & eHggpar & eHWWint & eHWWpar & eHZZint & eHZZpar & eHZgaint & eHZgapar & eHgagaint & eHmumuint & eHtautauint & eHccint & eHccpar & eHbbint & eHbbpar \\
AlsMz & $1$ & $-0.103767$ & $-0.163921$ & $0.00197943$ & $-0.0211895$ & $0.000191597$ & $0.0240281$ & $-0.0239813$ & $-0.0250141$ & $-0.00568343$ & $0.0274017$ & $-0.00720868$ & $-0.000833836$ & $-0.0251844$ & $0.0202667$ & $-0.0480411$ & $-0.0267109$ & $-0.0379263$ & $0.0161629$ & $-0.0363834$ & $-0.0373544$ & $-0.0391392$ & $-0.0402628$ & $-0.0276592$ & $-0.118675$ & $0.0139076$ & $-0.0504657$ & $0.0138547$ & $-0.0373965$ & $-0.000488716$ & $-0.060792$ & $0.0160649$ & $0.0156413$ & $-0.0504902$ & $-0.00142539$ & $0.0904929$ & $-0.217256$ & $-0.0334536$ & $-0.0189918$ & $0.000652655$ & $-0.0230754$ & $0.0182622$ & $-0.10581$ & $-0.116152$ & $-0.0952643$ & $-0.171874$ & $-0.0532782$ & $0.027151$ & $-0.0168844$ \\
dAle5Mz & $-0.103767$ & $1$ & $-0.115216$ & $-0.102505$ & $0.00577735$ & $0.0145056$ & $0.00153661$ & $-0.0536865$ & $-0.0626777$ & $0.00133688$ & $0.0372731$ & $0.00527646$ & $-0.00973714$ & $-0.00907369$ & $0.00299019$ & $-0.0107527$ & $0.0179134$ & $0.00803658$ & $0.0131097$ & $-0.0161275$ & $-0.0191945$ & $-0.0210215$ & $0.0316661$ & $0.0122367$ & $0.0324962$ & $0.010851$ & $0.00862888$ & $-0.0018416$ & $-0.00458807$ & $-0.0328078$ & $-0.00180476$ & $0.0118729$ & $0.0279024$ & $0.00787344$ & $0.0792025$ & $0.0796435$ & $0.0368671$ & $0.0221297$ & $0.0909255$ & $0.002813$ & $0.0123317$ & $0.00373866$ & $-0.0724685$ & $-0.0264914$ & $-0.013797$ & $-0.0904241$ & $0.0572997$ & $-0.00108507$ & $0.128598$ \\
mtop & $-0.163921$ & $-0.115216$ & $1$ & $-0.110874$ & $-0.0534856$ & $-0.00753683$ & $-0.0236548$ & $0.0132354$ & $0.00516158$ & $-0.0423415$ & $0.00584935$ & $-0.0316347$ & $-0.0105835$ & $-0.0113454$ & $-0.0184473$ & $-0.001253$ & $-0.0187267$ & $-0.00712602$ & $-0.01901$ & $-0.00490228$ & $0.000346667$ & $0.000726673$ & $-0.0188328$ & $-0.0183636$ & $0.0141422$ & $0.0380447$ & $0.0286183$ & $0.0147095$ & $-0.0103849$ & $-0.0152491$ & $-0.0273488$ & $-0.035153$ & $-0.06069$ & $0.0219356$ & $0.0548852$ & $0.0218495$ & $0.283875$ & $0.000743591$ & $-0.343388$ & $-0.0300982$ & $0.224876$ & $0.00937889$ & $0.0219654$ & $-0.245087$ & $0.0756345$ & $0.0890683$ & $-0.0550945$ & $0.0033229$ & $-0.0183683$ \\
mHl & $0.00197943$ & $-0.102505$ & $-0.110874$ & $1$ & $0.0160361$ & $0.0113388$ & $0.0695987$ & $0.0015321$ & $0.00468196$ & $0.00231939$ & $-0.00536098$ & $-0.00412162$ & $-0.0219331$ & $0.0241366$ & $-0.00636912$ & $-0.0372566$ & $0.00474008$ & $0.00978687$ & $0.0328529$ & $-9.13242e-05$ & $0.00582455$ & $0.00333719$ & $0.00295477$ & $0.0012216$ & $0.030406$ & $-0.00445245$ & $0.0294901$ & $-0.0256752$ & $0.0238519$ & $0.0109559$ & $0.0150345$ & $0.065706$ & $0.00771487$ & $-0.00535242$ & $-0.0734279$ & $0.0119479$ & $-0.0994565$ & $0.0417452$ & $0.066311$ & $0.0348257$ & $-0.153117$ & $0.00932082$ & $-0.0241645$ & $0.283325$ & $0.00384158$ & $-0.280366$ & $0.0980777$ & $-0.0742562$ & $0.0213737$ \\
Mz & $-0.0211895$ & $0.00577735$ & $-0.0534856$ & $0.0160361$ & $1$ & $0.0327629$ & $0.0141022$ & $0.00908157$ & $0.0117307$ & $0.00369657$ & $0.0111241$ & $0.0101637$ & $0.0138069$ & $-0.00995828$ & $-0.0092753$ & $-0.0156384$ & $-0.0266711$ & $-0.0173554$ & $-0.0159674$ & $-0.00747318$ & $-0.000909497$ & $-0.000760985$ & $-0.00267127$ & $-0.0199657$ & $-0.0221315$ & $0.0174911$ & $0.0131949$ & $-0.0044141$ & $-0.00687155$ & $0.0290119$ & $0.0126396$ & $0.0195646$ & $0.028889$ & $0.012708$ & $-0.0189547$ & $0.0193534$ & $-0.0157463$ & $-0.0155638$ & $0.0516397$ & $0.0190748$ & $0.0174908$ & $0.0119409$ & $0.0354795$ & $0.0424954$ & $-0.0208104$ & $0.0107242$ & $0.0154563$ & $0.0044425$ & $0.0242725$ \\
CW & $0.000191597$ & $0.0145056$ & $-0.00753683$ & $0.0113388$ & $0.0327629$ & $1$ & $0.0198391$ & $-0.102313$ & $-0.099137$ & $-0.00565143$ & $0.161748$ & $0.0310864$ & $0.020077$ & $0.0229167$ & $-0.0573266$ & $-0.0448063$ & $-0.260243$ & $-0.0631979$ & $-0.071055$ & $-0.157007$ & $-0.168226$ & $-0.168042$ & $-0.0137552$ & $0.000587532$ & $-0.111996$ & $0.0892846$ & $-0.0931948$ & $-0.0786721$ & $-0.0213673$ & $0.0187145$ & $0.0259617$ & $0.0218169$ & $0.0258443$ & $-0.118639$ & $-0.0199959$ & $0.0437847$ & $-0.0233692$ & $0.00420128$ & $0.0536681$ & $0.00889276$ & $-0.00872653$ & $-0.0338955$ & $-0.0339346$ & $-0.0327618$ & $-0.014911$ & $-0.00473992$ & $0.0199588$ & $0.00983763$ & $0.00849909$ \\
CHG & $0.0240281$ & $0.00153661$ & $-0.0236548$ & $0.0695987$ & $0.0141022$ & $0.0198391$ & $1$ & $-0.114123$ & $-0.0621026$ & $0.0539156$ & $0.093769$ & $0.108957$ & $-0.299997$ & $0.0060541$ & $-0.0546985$ & $-0.0420582$ & $0.0423219$ & $0.0739324$ & $0.0622823$ & $-0.095199$ & $-0.0945345$ & $-0.0982175$ & $0.0360108$ & $0.0687751$ & $0.0619947$ & $0.0124273$ & $-0.0364582$ & $-0.0441168$ & $0.0124625$ & $-0.136268$ & $-0.0796945$ & $0.9308$ & $-0.177548$ & $-0.0469308$ & $-0.031569$ & $-0.0286949$ & $-0.000981305$ & $-0.018839$ & $0.0199444$ & $0.00538173$ & $0.0277389$ & $0.00962998$ & $0.0129507$ & $0.0541707$ & $0.0163372$ & $-0.0176848$ & $-0.0369382$ & $-0.00906831$ & $-0.0344378$ \\
CHWB & $-0.0239813$ & $-0.0536865$ & $0.0132354$ & $0.0015321$ & $0.00908157$ & $-0.102313$ & $-0.114123$ & $1$ & $0.984548$ & $-0.573254$ & $-0.876973$ & $-0.401112$ & $0.350066$ & $0.108292$ & $0.293328$ & $0.295862$ & $-0.255156$ & $-0.431897$ & $-0.434317$ & $0.84882$ & $0.895006$ & $0.879331$ & $0.0643427$ & $-0.662504$ & $-0.392958$ & $-0.517844$ & $0.41763$ & $0.310158$ & $0.00040033$ & $0.133029$ & $0.0584068$ & $-0.112905$ & $0.098956$ & $0.561542$ & $0.0132666$ & $-0.0135818$ & $0.00263392$ & $0.00990757$ & $0.0236117$ & $-0.0029294$ & $-0.000644069$ & $-0.0127983$ & $0.00766827$ & $0.0491723$ & $-0.00257746$ & $-0.0129197$ & $-0.0326897$ & $-0.0335205$ & $-0.0371062$ \\
CHWHB_gaga & $-0.0250141$ & $-0.0626777$ & $0.00516158$ & $0.00468196$ & $0.0117307$ & $-0.099137$ & $-0.0621026$ & $0.984548$ & $1$ & $-0.564407$ & $-0.858725$ & $-0.377015$ & $0.344619$ & $0.0967516$ & $0.287527$ & $0.288831$ & $-0.260409$ & $-0.43331$ & $-0.434651$ & $0.831022$ & $0.876424$ & $0.860741$ & $0.0657519$ & $-0.658386$ & $-0.393164$ & $-0.510926$ & $0.411756$ & $0.302915$ & $0.00784554$ & $0.157182$ & $0.0709759$ & $-0.0698681$ & $0.11961$ & $0.553023$ & $-0.0104716$ & $-0.0161667$ & $-0.00689412$ & $0.0119711$ & $0.0120624$ & $-0.00262557$ & $0.00204396$ & $-0.0144248$ & $0.0626838$ & $0.0608911$ & $-0.00514595$ & $-0.0158877$ & $-0.0337063$ & $-0.0395575$ & $-0.0435973$ \\
CHWHB_gagaorth & $-0.00568343$ & $0.00133688$ & $-0.0423415$ & $0.00231939$ & $0.00369657$ & $-0.00565143$ & $0.0539156$ & $-0.573254$ & $-0.564407$ & $1$ & $0.34824$ & $0.690781$ & $-0.261469$ & $0.232334$ & $-0.109757$ & $-0.124294$ & $0.453621$ & $0.493659$ & $0.501076$ & $-0.332246$ & $-0.36736$ & $-0.365341$ & $-0.0611808$ & $0.566854$ & $0.476072$ & $0.216443$ & $-0.245825$ & $-0.149016$ & $-0.00447277$ & $-0.172189$ & $-0.0684378$ & $0.0707761$ & $-0.136932$ & $-0.365706$ & $0.0269932$ & $-0.0290534$ & $0.00386284$ & $-0.0102037$ & $0.00632073$ & $-0.00268009$ & $-0.0473225$ & $0.000311479$ & $-0.0187545$ & $-0.0188902$ & $-0.0124285$ & $0.023541$ & $0.0101426$ & $0.0282925$ & $0.0354935$ \\
CHD & $0.0274017$ & $0.0372731$ & $0.00584935$ & $-0.00536098$ & $0.0111241$ & $0.161748$ & $0.093769$ & $-0.876973$ & $-0.858725$ & $0.34824$ & $1$ & $0.34488$ & $-0.171808$ & $-0.526878$ & $-0.421634$ & $-0.413759$ & $-0.205548$ & $0.0609577$ & $0.0672599$ & $-0.990631$ & $-0.990994$ & $-0.96858$ & $0.00812547$ & $0.287082$ & $0.0123052$ & $0.562509$ & $-0.285562$ & $-0.337516$ & $0.010122$ & $-0.0759379$ & $-0.0390435$ & $0.100829$ & $-0.0529123$ & $-0.358363$ & $-0.0165177$ & $0.0358157$ & $0.000219402$ & $-0.00965186$ & $-0.0413805$ & $-0.00594326$ & $0.0306013$ & $0.0256831$ & $0.00583213$ & $-0.0501118$ & $0.00217197$ & $0.0159715$ & $0.0205123$ & $0.0322078$ & $0.0101707$ \\
CHbox & $-0.00720868$ & $0.00527646$ & $-0.0316347$ & $-0.00412162$ & $0.0101637$ & $0.0310864$ & $0.108957$ & $-0.401112$ & $-0.377015$ & $0.690781$ & $0.34488$ & $1$ & $-0.411979$ & $-0.0443173$ & $-0.0709013$ & $-0.0886257$ & $0.105823$ & $0.154909$ & $0.168124$ & $-0.322918$ & $-0.358729$ & $-0.352527$ & $-0.0298683$ & $0.275792$ & $0.153317$ & $0.194021$ & $-0.202078$ & $-0.144976$ & $0.0105889$ & $0.0271777$ & $-0.0127588$ & $0.162218$ & $0.0669975$ & $-0.268342$ & $0.0521364$ & $-0.00287067$ & $0.00350639$ & $-0.0321208$ & $0.0112667$ & $-0.00742968$ & $-0.0212422$ & $0.0159084$ & $-0.0277286$ & $-0.0244978$ & $-0.01868$ & $0.028689$ & $0.0103551$ & $0.0212765$ & $0.0133982$ \\
CH & $-0.000833836$ & $-0.00973714$ & $-0.0105835$ & $-0.0219331$ & $0.0138069$ & $0.020077$ & $-0.299997$ & $0.350066$ & $0.344619$ & $-0.261469$ & $-0.171808$ & $-0.411979$ & $1$ & $-0.233276$ & $0.0794372$ & $0.0800186$ & $-0.360062$ & $-0.384968$ & $-0.379532$ & $0.169421$ & $0.182124$ & $0.179078$ & $0.0122847$ & $-0.390662$ & $-0.376654$ & $-0.09712$ & $0.120155$ & $0.0637225$ & $0.0475291$ & $0.273222$ & $0.115602$ & $-0.247135$ & $0.325184$ & $0.210907$ & $0.0266782$ & $0.0158357$ & $0.0103172$ & $0.00833243$ & $0.00268696$ & $-0.00693987$ & $-0.0178466$ & $-0.0153655$ & $0.0249518$ & $0.028362$ & $-0.0103042$ & $-0.00538319$ & $-0.00507491$ & $0.0057367$ & $-0.0236419$ \\
CHL1_11 & $-0.0251844$ & $-0.00907369$ & $-0.0113454$ & $0.0241366$ & $-0.00995828$ & $0.0229167$ & $0.0060541$ & $0.108292$ & $0.0967516$ & $0.232334$ & $-0.526878$ & $-0.0443173$ & $-0.233276$ & $1$ & $0.28082$ & $0.275069$ & $0.661265$ & $0.597842$ & $0.577008$ & $0.544512$ & $0.485797$ & $0.463849$ & $-0.108425$ & $0.484985$ & $0.590392$ & $-0.262542$ & $-0.0956156$ & $0.156073$ & $-0.0390517$ & $-0.0592921$ & $-0.0105983$ & $-0.0112656$ & $-0.0568768$ & $-0.212918$ & $0.00272397$ & $-0.0242225$ & $-0.00346732$ & $0.000687378$ & $0.0476722$ & $0.0249661$ & $-0.0404397$ & $-0.027906$ & $-0.0238838$ & $0.0183695$ & $0.00868816$ & $-0.0215219$ & $0.0103829$ & $-0.0026945$ & $0.0350338$ \\
CHL1_22 & $0.0202667$ & $0.00299019$ & $-0.0184473$ & $-0.00636912$ & $-0.0092753$ & $-0.0573266$ & $-0.0546985$ & $0.293328$ & $0.287527$ & $-0.109757$ & $-0.421634$ & $-0.0709013$ & $0.0794372$ & $0.28082$ & $1$ & $0.44552$ & $0.167112$ & $-0.438719$ & $-0.0339015$ & $0.486714$ & $0.337299$ & $0.323482$ & $-0.197136$ & $0.115198$ & $-0.137247$ & $-0.195331$ & $-0.404214$ & $0.114213$ & $0.0123897$ & $0.00776358$ & $-0.00211159$ & $-0.0536587$ & $0.0217078$ & $-0.597686$ & $0.0388389$ & $-0.0101881$ & $-0.01752$ & $-0.00642137$ & $0.0243516$ & $-0.00474329$ & $-0.0165102$ & $0.0107226$ & $-0.00552977$ & $0.0109136$ & $-0.0169193$ & $-0.0457049$ & $0.0190321$ & $-0.046037$ & $-0.00302842$ \\
CHL1_33 & $-0.0480411$ & $-0.0107527$ & $-0.001253$ & $-0.0372566$ & $-0.0156384$ & $-0.0448063$ & $-0.0420582$ & $0.295862$ & $0.288831$ & $-0.124294$ & $-0.413759$ & $-0.0886257$ & $0.0800186$ & $0.275069$ & $0.44552$ & $1$ & $0.139071$ & $-0.0305641$ & $-0.452021$ & $0.478253$ & $0.330719$ & $0.343096$ & $-0.205291$ & $0.101766$ & $-0.140354$ & $-0.166864$ & $-0.39185$ & $0.106423$ & $-0.00841923$ & $0.00987758$ & $0.0224739$ & $-0.0379631$ & $0.0256079$ & $-0.105174$ & $0.0122448$ & $0.00271956$ & $0.0191346$ & $-0.00709405$ & $0.0251059$ & $0.00347512$ & $-0.0148607$ & $-0.0176225$ & $-0.0169182$ & $0.00122084$ & $0.00519256$ & $0.00540534$ & $0.0113501$ & $0.0181197$ & $0.0108835$ \\
CHL3_11 & $-0.0267109$ & $0.0179134$ & $-0.0187267$ & $0.00474008$ & $-0.0266711$ & $-0.260243$ & $0.0423219$ & $-0.255156$ & $-0.260409$ & $0.453621$ & $-0.205548$ & $0.105823$ & $-0.360062$ & $0.661265$ & $0.167112$ & $0.139071$ & $1$ & $0.740565$ & $0.744589$ & $0.226876$ & $0.172943$ & $0.163155$ & $-0.0993283$ & $0.697397$ & $0.782629$ & $-0.07738$ & $-0.154642$ & $0.0546145$ & $-0.00121171$ & $-0.117535$ & $-0.0446618$ & $0.0245896$ & $-0.0951249$ & $-0.269493$ & $0.00303292$ & $-0.0620525$ & $0.00551863$ & $-0.00244865$ & $0.00892786$ & $0.0117419$ & $-0.0575122$ & $-0.0190496$ & $-0.0189002$ & $0.0038137$ & $-0.00126642$ & $0.0136178$ & $0.0116806$ & $-0.00456341$ & $0.0554118$ \\
CHL3_22 & $-0.0379263$ & $0.00803658$ & $-0.00712602$ & $0.00978687$ & $-0.0173554$ & $-0.0631979$ & $0.0739324$ & $-0.431897$ & $-0.43331$ & $0.493659$ & $0.0609577$ & $0.154909$ & $-0.384968$ & $0.597842$ & $-0.438719$ & $-0.0305641$ & $0.740565$ & $1$ & $0.675222$ & $-0.0640226$ & $-0.0567481$ & $-0.0578014$ & $-0.0103573$ & $0.633279$ & $0.797136$ & $0.053376$ & $0.00329034$ & $-0.027635$ & $-0.0281609$ & $-0.109895$ & $-0.0315629$ & $0.0590299$ & $-0.0996035$ & $0.026659$ & $-0.0215245$ & $-0.0317051$ & $0.0153291$ & $-0.000132504$ & $0.0124638$ & $0.0191506$ & $-0.0393305$ & $-0.031817$ & $-0.0196883$ & $-0.00507387$ & $0.0166362$ & $0.034004$ & $0.0099852$ & $0.0362363$ & $0.051886$ \\
CHL3_33 & $0.0161629$ & $0.0131097$ & $-0.01901$ & $0.0328529$ & $-0.0159674$ & $-0.071055$ & $0.0622823$ & $-0.434317$ & $-0.434651$ & $0.501076$ & $0.0672599$ & $0.168124$ & $-0.379532$ & $0.577008$ & $-0.0339015$ & $-0.452021$ & $0.744589$ & $0.675222$ & $1$ & $-0.0723888$ & $-0.0603133$ & $-0.0600388$ & $0.0100217$ & $0.625276$ & $0.791102$ & $0.0340049$ & $0.0120004$ & $-0.0230977$ & $-0.0088259$ & $-0.111233$ & $-0.0492991$ & $0.0457955$ & $-0.100795$ & $-0.336351$ & $-0.00180407$ & $-0.044681$ & $-0.0186461$ & $0.00348292$ & $0.00937417$ & $0.0157466$ & $-0.0402752$ & $-0.0119457$ & $-0.0106603$ & $0.00186026$ & $0.00283964$ & $-0.00488392$ & $0.013005$ & $-0.012398$ & $0.0401436$ \\
CHe_11 & $-0.0363834$ & $-0.0161275$ & $-0.00490228$ & $-9.13242e-05$ & $-0.00747318$ & $-0.157007$ & $-0.095199$ & $0.84882$ & $0.831022$ & $-0.332246$ & $-0.990631$ & $-0.322918$ & $0.169421$ & $0.544512$ & $0.486714$ & $0.478253$ & $0.226876$ & $-0.0640226$ & $-0.0723888$ & $1$ & $0.972407$ & $0.95041$ & $-0.0364155$ & $-0.235693$ & $-0.00758183$ & $-0.550497$ & $0.21082$ & $0.332373$ & $-0.0106009$ & $0.0731373$ & $0.04052$ & $-0.099752$ & $0.054439$ & $0.280176$ & $0.0209834$ & $-0.0328903$ & $0.0040392$ & $0.00735822$ & $0.0456206$ & $0.00409531$ & $-0.0323903$ & $-0.0284627$ & $-0.00917584$ & $0.0484257$ & $0.000811042$ & $-0.0150802$ & $-0.012088$ & $-0.0314083$ & $-0.00457129$ \\
CHe_22 & $-0.0373544$ & $-0.0191945$ & $0.000346667$ & $0.00582455$ & $-0.000909497$ & $-0.168226$ & $-0.0945345$ & $0.895006$ & $0.876424$ & $-0.36736$ & $-0.990994$ & $-0.358729$ & $0.182124$ & $0.485797$ & $0.337299$ & $0.330719$ & $0.172943$ & $-0.0567481$ & $-0.0603133$ & $0.972407$ & $1$ & $0.974812$ & $0.0262252$ & $-0.34372$ & $-0.0152491$ & $-0.567905$ & $0.369507$ & $0.343117$ & $-0.00834504$ & $0.082714$ & $0.0416749$ & $-0.101573$ & $0.0574628$ & $0.446103$ & $0.0150047$ & $-0.0346655$ & $0.00162105$ & $0.0109945$ & $0.037237$ & $0.00547092$ & $-0.027627$ & $-0.0255997$ & $-0.00487836$ & $0.0514935$ & $-0.000666144$ & $-0.0144752$ & $-0.0226643$ & $-0.0338419$ & $-0.00830902$ \\
CHe_33 & $-0.0391392$ & $-0.0210215$ & $0.000726673$ & $0.00333719$ & $-0.000760985$ & $-0.168042$ & $-0.0982175$ & $0.879331$ & $0.860741$ & $-0.365341$ & $-0.96858$ & $-0.352527$ & $0.179078$ & $0.463849$ & $0.323482$ & $0.343096$ & $0.163155$ & $-0.0578014$ & $-0.0600388$ & $0.95041$ & $0.974812$ & $1$ & $0.0324897$ & $-0.342996$ & $-0.0184558$ & $-0.557875$ & $0.368564$ & $0.339856$ & $-0.0057635$ & $0.0791048$ & $0.044948$ & $-0.103456$ & $0.0539886$ & $0.448317$ & $0.0187442$ & $-0.0381641$ & $-0.00105989$ & $0.0102486$ & $0.0393434$ & $0.0060104$ & $-0.0246031$ & $-0.0248702$ & $-0.000124202$ & $0.0499763$ & $0.00202316$ & $-0.00960418$ & $-0.0264156$ & $-0.0304236$ & $-0.0138803$ \\
CHQ1_11 & $-0.0402628$ & $0.0316661$ & $-0.0188328$ & $0.00295477$ & $-0.00267127$ & $-0.0137552$ & $0.0360108$ & $0.0643427$ & $0.0657519$ & $-0.0611808$ & $0.00812547$ & $-0.0298683$ & $0.0122847$ & $-0.108425$ & $-0.197136$ & $-0.205291$ & $-0.0993283$ & $-0.0103573$ & $0.0100217$ & $-0.0364155$ & $0.0262252$ & $0.0324897$ & $1$ & $-0.155454$ & $0.0690336$ & $-0.658906$ & $0.369293$ & $0.0200476$ & $0.0157628$ & $-0.00842719$ & $-0.0129063$ & $0.028383$ & $-0.0231438$ & $0.223513$ & $-0.00470492$ & $-0.0318984$ & $0.0150543$ & $-0.0256087$ & $-0.0188753$ & $0.0417443$ & $0.0276931$ & $0.00396481$ & $0.0159922$ & $0.0416278$ & $-0.0171056$ & $-0.00573348$ & $-0.0572013$ & $-0.0266285$ & $-0.0275356$ \\
CHQ1_33 & $-0.0276592$ & $0.0122367$ & $-0.0183636$ & $0.0012216$ & $-0.0199657$ & $0.000587532$ & $0.0687751$ & $-0.662504$ & $-0.658386$ & $0.566854$ & $0.287082$ & $0.275792$ & $-0.390662$ & $0.484985$ & $0.115198$ & $0.101766$ & $0.697397$ & $0.633279$ & $0.625276$ & $-0.235693$ & $-0.34372$ & $-0.342996$ & $-0.155454$ & $1$ & $0.64551$ & $0.206695$ & $-0.411841$ & $-0.0161896$ & $-0.0160166$ & $-0.131991$ & $-0.0292507$ & $0.061519$ & $-0.102286$ & $-0.629626$ & $-0.00324534$ & $-0.0268533$ & $0.00113483$ & $-0.0125517$ & $0.0113377$ & $0.0129646$ & $-0.0348316$ & $-0.0136548$ & $-0.0232429$ & $-0.0151111$ & $0.00327673$ & $0.018291$ & $0.0293804$ & $0.0226856$ & $0.0467989$ \\
CHQ3_11 & $-0.118675$ & $0.0324962$ & $0.0141422$ & $0.030406$ & $-0.0221315$ & $-0.111996$ & $0.0619947$ & $-0.392958$ & $-0.393164$ & $0.476072$ & $0.0123052$ & $0.153317$ & $-0.376654$ & $0.590392$ & $-0.137247$ & $-0.140354$ & $0.782629$ & $0.797136$ & $0.791102$ & $-0.00758183$ & $-0.0152491$ & $-0.0184558$ & $0.0690336$ & $0.64551$ & $1$ & $0.0319843$ & $0.227269$ & $0.00265141$ & $-0.00415948$ & $-0.109728$ & $-0.0403177$ & $0.0445602$ & $-0.0978596$ & $-0.185886$ & $-0.0222831$ & $-0.047742$ & $0.0345853$ & $-0.0153958$ & $-0.000765759$ & $0.0195323$ & $-0.0374844$ & $-0.0218666$ & $-0.00894276$ & $0.0128918$ & $0.00857153$ & $0.0212349$ & $0.0083869$ & $0.0137346$ & $0.0526632$ \\
CHu_11 & $0.0139076$ & $0.010851$ & $0.0380447$ & $-0.00445245$ & $0.0174911$ & $0.0892846$ & $0.0124273$ & $-0.517844$ & $-0.510926$ & $0.216443$ & $0.562509$ & $0.194021$ & $-0.09712$ & $-0.262542$ & $-0.195331$ & $-0.166864$ & $-0.07738$ & $0.053376$ & $0.0340049$ & $-0.550497$ & $-0.567905$ & $-0.557875$ & $-0.658906$ & $0.206695$ & $0.0319843$ & $1$ & $-0.187505$ & $-0.199712$ & $-0.0164095$ & $-0.0293803$ & $-0.0134126$ & $0.0259989$ & $-0.00961984$ & $-0.257468$ & $0.00528502$ & $0.0298726$ & $0.00222312$ & $0.0200608$ & $-0.0232974$ & $-0.0245856$ & $-0.00189115$ & $0.00630168$ & $-0.00678559$ & $-0.061933$ & $0.0142445$ & $0.0101734$ & $0.0307696$ & $0.0385199$ & $0.0288556$ \\
CHd_11 & $-0.0504657$ & $0.00862888$ & $0.0286183$ & $0.0294901$ & $0.0131949$ & $-0.0931948$ & $-0.0364582$ & $0.41763$ & $0.411756$ & $-0.245825$ & $-0.285562$ & $-0.202078$ & $0.120155$ & $-0.0956156$ & $-0.404214$ & $-0.39185$ & $-0.154642$ & $0.00329034$ & $0.0120004$ & $0.21082$ & $0.369507$ & $0.368564$ & $0.369293$ & $-0.411841$ & $0.227269$ & $-0.187505$ & $1$ & $0.140011$ & $0.0066926$ & $0.069753$ & $0.0275708$ & $-0.0411758$ & $0.0387692$ & $0.689254$ & $-0.0238369$ & $-0.0220893$ & $0.0235406$ & $-0.00723964$ & $-0.0206985$ & $0.00965185$ & $0.00913491$ & $-0.0131162$ & $0.00555865$ & $0.0397002$ & $-0.00612244$ & $0.00529109$ & $-0.0556974$ & $-0.00546306$ & $-0.0122864$ \\
CHd_33 & $0.0138547$ & $-0.0018416$ & $0.0147095$ & $-0.0256752$ & $-0.0044141$ & $-0.0786721$ & $-0.0441168$ & $0.310158$ & $0.302915$ & $-0.149016$ & $-0.337516$ & $-0.144976$ & $0.0637225$ & $0.156073$ & $0.114213$ & $0.106423$ & $0.0546145$ & $-0.027635$ & $-0.0230977$ & $0.332373$ & $0.343117$ & $0.339856$ & $0.0200476$ & $-0.0161896$ & $0.00265141$ & $-0.199712$ & $0.140011$ & $1$ & $-0.0137233$ & $0.0473355$ & $0.0256882$ & $-0.0362862$ & $0.0206862$ & $0.159045$ & $0.040505$ & $-0.0185124$ & $0.00928116$ & $-0.00464821$ & $0.0327376$ & $-0.00106884$ & $-0.0123257$ & $-0.00256893$ & $0.0317366$ & $-0.00663885$ & $0.0127332$ & $0.00827518$ & $0.00519653$ & $0.0223058$ & $-0.013732$ \\
CeH_22r & $-0.0373965$ & $-0.00458807$ & $-0.0103849$ & $0.0238519$ & $-0.00687155$ & $-0.0213673$ & $0.0124625$ & $0.00040033$ & $0.00784554$ & $-0.00447277$ & $0.010122$ & $0.0105889$ & $0.0475291$ & $-0.0390517$ & $0.0123897$ & $-0.00841923$ & $-0.00121171$ & $-0.0281609$ & $-0.0088259$ & $-0.0106009$ & $-0.00834504$ & $-0.0057635$ & $0.0157628$ & $-0.0160166$ & $-0.00415948$ & $-0.0164095$ & $0.0066926$ & $-0.0137233$ & $1$ & $0.0222331$ & $0.0170462$ & $-0.0020943$ & $0.0505577$ & $0.00031873$ & $0.00189945$ & $0.0057183$ & $0.0114528$ & $-0.0200497$ & $-0.0325645$ & $0.02408$ & $0.0198328$ & $0.00340471$ & $0.013787$ & $0.0396442$ & $-0.0228085$ & $0.00311685$ & $-0.0184945$ & $-0.00855738$ & $0.0101437$ \\
CeH_33r & $-0.000488716$ & $-0.0328078$ & $-0.0152491$ & $0.0109559$ & $0.0290119$ & $0.0187145$ & $-0.136268$ & $0.133029$ & $0.157182$ & $-0.172189$ & $-0.0759379$ & $0.0271777$ & $0.273222$ & $-0.0592921$ & $0.00776358$ & $0.00987758$ & $-0.117535$ & $-0.109895$ & $-0.111233$ & $0.0731373$ & $0.082714$ & $0.0791048$ & $-0.00842719$ & $-0.131991$ & $-0.109728$ & $-0.0293803$ & $0.069753$ & $0.0473355$ & $0.0222331$ & $1$ & $0.33149$ & $0.0180552$ & $0.663344$ & $0.0951868$ & $-0.0903667$ & $-0.0201143$ & $-0.134443$ & $-0.024095$ & $-0.0199379$ & $0.00455739$ & $-0.0334497$ & $-0.00483039$ & $0.034916$ & $0.0331685$ & $0.0517734$ & $-0.00982107$ & $0.0355727$ & $-0.0102667$ & $-0.00645989$ \\
CuH_22r & $-0.060792$ & $-0.00180476$ & $-0.0273488$ & $0.0150345$ & $0.0126396$ & $0.0259617$ & $-0.0796945$ & $0.0584068$ & $0.0709759$ & $-0.0684378$ & $-0.0390435$ & $-0.0127588$ & $0.115602$ & $-0.0105983$ & $-0.00211159$ & $0.0224739$ & $-0.0446618$ & $-0.0315629$ & $-0.0492991$ & $0.04052$ & $0.0416749$ & $0.044948$ & $-0.0129063$ & $-0.0292507$ & $-0.0403177$ & $-0.0134126$ & $0.0275708$ & $0.0256882$ & $0.0170462$ & $0.33149$ & $1$ & $0.0264432$ & $0.367228$ & $0.045799$ & $-0.0483568$ & $-0.00437335$ & $-0.087908$ & $-0.00684508$ & $0.01435$ & $-0.0127368$ & $-0.0505867$ & $-0.00170467$ & $0.0360163$ & $0.0829528$ & $0.0361991$ & $0.0449889$ & $0.291261$ & $0.0088865$ & $-0.0306637$ \\
CuH_33r & $0.0160649$ & $0.0118729$ & $-0.035153$ & $0.065706$ & $0.0195646$ & $0.0218169$ & $0.9308$ & $-0.112905$ & $-0.0698681$ & $0.0707761$ & $0.100829$ & $0.162218$ & $-0.247135$ & $-0.0112656$ & $-0.0536587$ & $-0.0379631$ & $0.0245896$ & $0.0590299$ & $0.0457955$ & $-0.099752$ & $-0.101573$ & $-0.103456$ & $0.028383$ & $0.061519$ & $0.0445602$ & $0.0259989$ & $-0.0411758$ & $-0.0362862$ & $-0.0020943$ & $0.0180552$ & $0.0264432$ & $1$ & $0.0123516$ & $-0.0464473$ & $0.0422199$ & $-0.0273315$ & $-0.0204978$ & $-0.025453$ & $0.0565239$ & $-0.0022366$ & $0.00517568$ & $0.00621333$ & $0.0175898$ & $0.063705$ & $0.000639655$ & $-0.0187073$ & $-0.0236882$ & $-0.0196083$ & $-0.0269417$ \\
CdH_33r & $0.0156413$ & $0.0279024$ & $-0.06069$ & $0.00771487$ & $0.028889$ & $0.0258443$ & $-0.177548$ & $0.098956$ & $0.11961$ & $-0.136932$ & $-0.0529123$ & $0.0669975$ & $0.325184$ & $-0.0568768$ & $0.0217078$ & $0.0256079$ & $-0.0951249$ & $-0.0996035$ & $-0.100795$ & $0.054439$ & $0.0574628$ & $0.0539886$ & $-0.0231438$ & $-0.102286$ & $-0.0978596$ & $-0.00961984$ & $0.0387692$ & $0.0206862$ & $0.0505577$ & $0.663344$ & $0.367228$ & $0.0123516$ & $1$ & $0.0617849$ & $-0.10103$ & $0.0577271$ & $-0.16062$ & $-0.0440256$ & $-0.0357536$ & $-0.00479602$ & $-0.166976$ & $-0.00746215$ & $0.0229234$ & $0.0342784$ & $0.0160305$ & $-0.0024517$ & $0.0380482$ & $0.145276$ & $0.402002$ \\
CLL_1221 & $-0.0504902$ & $0.00787344$ & $0.0219356$ & $-0.00535242$ & $0.012708$ & $-0.118639$ & $-0.0469308$ & $0.561542$ & $0.553023$ & $-0.365706$ & $-0.358363$ & $-0.268342$ & $0.210907$ & $-0.212918$ & $-0.597686$ & $-0.105174$ & $-0.269493$ & $0.026659$ & $-0.336351$ & $0.280176$ & $0.446103$ & $0.448317$ & $0.223513$ & $-0.629626$ & $-0.185886$ & $-0.257468$ & $0.689254$ & $0.159045$ & $0.00031873$ & $0.0951868$ & $0.045799$ & $-0.0464473$ & $0.0617849$ & $1$ & $-0.0158023$ & $-0.00673463$ & $0.0248979$ & $0.0116339$ & $-0.00556087$ & $-0.00149777$ & $0.0122464$ & $-0.0163698$ & $0.00914104$ & $0.030773$ & $0.00914218$ & $0.033753$ & $-0.0440337$ & $0.00839922$ & $-0.0167432$ \\
eHggint & $-0.00142539$ & $0.0792025$ & $0.0548852$ & $-0.0734279$ & $-0.0189547$ & $-0.0199959$ & $-0.031569$ & $0.0132666$ & $-0.0104716$ & $0.0269932$ & $-0.0165177$ & $0.0521364$ & $0.0266782$ & $0.00272397$ & $0.0388389$ & $0.0122448$ & $0.00303292$ & $-0.0215245$ & $-0.00180407$ & $0.0209834$ & $0.0150047$ & $0.0187442$ & $-0.00470492$ & $-0.00324534$ & $-0.0222831$ & $0.00528502$ & $-0.0238369$ & $0.040505$ & $0.00189945$ & $-0.0903667$ & $-0.0483568$ & $0.0422199$ & $-0.10103$ & $-0.0158023$ & $1$ & $-0.231977$ & $0.164675$ & $0.0298067$ & $0.17778$ & $0.0360555$ & $-0.0743058$ & $0.0355747$ & $-0.0196568$ & $0.00858287$ & $-0.111128$ & $0.0341408$ & $-0.115784$ & $-0.135489$ & $-0.0442382$ \\
eHggpar & $0.0904929$ & $0.0796435$ & $0.0218495$ & $0.0119479$ & $0.0193534$ & $0.0437847$ & $-0.0286949$ & $-0.0135818$ & $-0.0161667$ & $-0.0290534$ & $0.0358157$ & $-0.00287067$ & $0.0158357$ & $-0.0242225$ & $-0.0101881$ & $0.00271956$ & $-0.0620525$ & $-0.0317051$ & $-0.044681$ & $-0.0328903$ & $-0.0346655$ & $-0.0381641$ & $-0.0318984$ & $-0.0268533$ & $-0.047742$ & $0.0298726$ & $-0.0220893$ & $-0.0185124$ & $0.0057183$ & $-0.0201143$ & $-0.00437335$ & $-0.0273315$ & $0.0577271$ & $-0.00673463$ & $-0.231977$ & $1$ & $-0.0450968$ & $-0.0214532$ & $0.0577466$ & $-0.0461877$ & $0.135609$ & $0.0287983$ & $-0.0087446$ & $-0.0259655$ & $-0.0824357$ & $0.078239$ & $0.19786$ & $0.0350964$ & $0.159731$ \\
eHWWint & $-0.217256$ & $0.0368671$ & $0.283875$ & $-0.0994565$ & $-0.0157463$ & $-0.0233692$ & $-0.000981305$ & $0.00263392$ & $-0.00689412$ & $0.00386284$ & $0.000219402$ & $0.00350639$ & $0.0103172$ & $-0.00346732$ & $-0.01752$ & $0.0191346$ & $0.00551863$ & $0.0153291$ & $-0.0186461$ & $0.0040392$ & $0.00162105$ & $-0.00105989$ & $0.0150543$ & $0.00113483$ & $0.0345853$ & $0.00222312$ & $0.0235406$ & $0.00928116$ & $0.0114528$ & $-0.134443$ & $-0.087908$ & $-0.0204978$ & $-0.16062$ & $0.0248979$ & $0.164675$ & $-0.0450968$ & $1$ & $0.0128225$ & $-0.0703209$ & $-0.0272587$ & $0.169548$ & $-0.0117332$ & $0.0312617$ & $-0.0468102$ & $-0.00493123$ & $0.11497$ & $-0.123372$ & $0.187897$ & $-0.0656495$ \\
eHWWpar & $-0.0334536$ & $0.0221297$ & $0.000743591$ & $0.0417452$ & $-0.0155638$ & $0.00420128$ & $-0.018839$ & $0.00990757$ & $0.0119711$ & $-0.0102037$ & $-0.00965186$ & $-0.0321208$ & $0.00833243$ & $0.000687378$ & $-0.00642137$ & $-0.00709405$ & $-0.00244865$ & $-0.000132504$ & $0.00348292$ & $0.00735822$ & $0.0109945$ & $0.0102486$ & $-0.0256087$ & $-0.0125517$ & $-0.0153958$ & $0.0200608$ & $-0.00723964$ & $-0.00464821$ & $-0.0200497$ & $-0.024095$ & $-0.00684508$ & $-0.025453$ & $-0.0440256$ & $0.0116339$ & $0.0298067$ & $-0.0214532$ & $0.0128225$ & $1$ & $0.00763559$ & $0.0226707$ & $-0.0385361$ & $0.00498522$ & $0.0307175$ & $0.0470237$ & $0.0589741$ & $-0.019802$ & $0.00817709$ & $0.0225351$ & $-0.0156897$ \\
eHZZint & $-0.0189918$ & $0.0909255$ & $-0.343388$ & $0.066311$ & $0.0516397$ & $0.0536681$ & $0.0199444$ & $0.0236117$ & $0.0120624$ & $0.00632073$ & $-0.0413805$ & $0.0112667$ & $0.00268696$ & $0.0476722$ & $0.0243516$ & $0.0251059$ & $0.00892786$ & $0.0124638$ & $0.00937417$ & $0.0456206$ & $0.037237$ & $0.0393434$ & $-0.0188753$ & $0.0113377$ & $-0.000765759$ & $-0.0232974$ & $-0.0206985$ & $0.0327376$ & $-0.0325645$ & $-0.0199379$ & $0.01435$ & $0.0565239$ & $-0.0357536$ & $-0.00556087$ & $0.17778$ & $0.0577466$ & $-0.0703209$ & $0.00763559$ & $1$ & $0.0170605$ & $-0.026372$ & $-0.0252609$ & $-0.0867107$ & $-0.063722$ & $0.0793545$ & $-0.211382$ & $0.179535$ & $-0.106418$ & $-0.0249069$ \\
eHZZpar & $0.000652655$ & $0.002813$ & $-0.0300982$ & $0.0348257$ & $0.0190748$ & $0.00889276$ & $0.00538173$ & $-0.0029294$ & $-0.00262557$ & $-0.00268009$ & $-0.00594326$ & $-0.00742968$ & $-0.00693987$ & $0.0249661$ & $-0.00474329$ & $0.00347512$ & $0.0117419$ & $0.0191506$ & $0.0157466$ & $0.00409531$ & $0.00547092$ & $0.0060104$ & $0.0417443$ & $0.0129646$ & $0.0195323$ & $-0.0245856$ & $0.00965185$ & $-0.00106884$ & $0.02408$ & $0.00455739$ & $-0.0127368$ & $-0.0022366$ & $-0.00479602$ & $-0.00149777$ & $0.0360555$ & $-0.0461877$ & $-0.0272587$ & $0.0226707$ & $0.0170605$ & $1$ & $-0.0450544$ & $-0.0298968$ & $0.0347038$ & $-0.0032184$ & $-0.0166241$ & $-0.00799792$ & $0.00108136$ & $0.0547876$ & $-0.0106201$ \\
eHZgaint & $-0.0230754$ & $0.0123317$ & $0.224876$ & $-0.153117$ & $0.0174908$ & $-0.00872653$ & $0.0277389$ & $-0.000644069$ & $0.00204396$ & $-0.0473225$ & $0.0306013$ & $-0.0212422$ & $-0.0178466$ & $-0.0404397$ & $-0.0165102$ & $-0.0148607$ & $-0.0575122$ & $-0.0393305$ & $-0.0402752$ & $-0.0323903$ & $-0.027627$ & $-0.0246031$ & $0.0276931$ & $-0.0348316$ & $-0.0374844$ & $-0.00189115$ & $0.00913491$ & $-0.0123257$ & $0.0198328$ & $-0.0334497$ & $-0.0505867$ & $0.00517568$ & $-0.166976$ & $0.0122464$ & $-0.0743058$ & $0.135609$ & $0.169548$ & $-0.0385361$ & $-0.026372$ & $-0.0450544$ & $1$ & $-0.0183431$ & $0.046048$ & $0.0663307$ & $0.143951$ & $0.120137$ & $-0.0574965$ & $-0.0630706$ & $-0.254222$ \\
eHZgapar & $0.0182622$ & $0.00373866$ & $0.00937889$ & $0.00932082$ & $0.0119409$ & $-0.0338955$ & $0.00962998$ & $-0.0127983$ & $-0.0144248$ & $0.000311479$ & $0.0256831$ & $0.0159084$ & $-0.0153655$ & $-0.027906$ & $0.0107226$ & $-0.0176225$ & $-0.0190496$ & $-0.031817$ & $-0.0119457$ & $-0.0284627$ & $-0.0255997$ & $-0.0248702$ & $0.00396481$ & $-0.0136548$ & $-0.0218666$ & $0.00630168$ & $-0.0131162$ & $-0.00256893$ & $0.00340471$ & $-0.00483039$ & $-0.00170467$ & $0.00621333$ & $-0.00746215$ & $-0.0163698$ & $0.0355747$ & $0.0287983$ & $-0.0117332$ & $0.00498522$ & $-0.0252609$ & $-0.0298968$ & $-0.0183431$ & $1$ & $-0.0211895$ & $0.0161822$ & $0.000351161$ & $-0.00455792$ & $0.000161199$ & $-0.0453572$ & $0.017914$ \\
eHgagaint & $-0.10581$ & $-0.0724685$ & $0.0219654$ & $-0.0241645$ & $0.0354795$ & $-0.0339346$ & $0.0129507$ & $0.00766827$ & $0.0626838$ & $-0.0187545$ & $0.00583213$ & $-0.0277286$ & $0.0249518$ & $-0.0238838$ & $-0.00552977$ & $-0.0169182$ & $-0.0189002$ & $-0.0196883$ & $-0.0106603$ & $-0.00917584$ & $-0.00487836$ & $-0.000124202$ & $0.0159922$ & $-0.0232429$ & $-0.00894276$ & $-0.00678559$ & $0.00555865$ & $0.0317366$ & $0.013787$ & $0.034916$ & $0.0360163$ & $0.0175898$ & $0.0229234$ & $0.00914104$ & $-0.0196568$ & $-0.0087446$ & $0.0312617$ & $0.0307175$ & $-0.0867107$ & $0.0347038$ & $0.046048$ & $-0.0211895$ & $1$ & $0.108006$ & $-0.0684581$ & $-0.0392966$ & $0.00257154$ & $-0.139714$ & $0.02929$ \\
eHmumuint & $-0.116152$ & $-0.0264914$ & $-0.245087$ & $0.283325$ & $0.0424954$ & $-0.0327618$ & $0.0541707$ & $0.0491723$ & $0.0608911$ & $-0.0188902$ & $-0.0501118$ & $-0.0244978$ & $0.028362$ & $0.0183695$ & $0.0109136$ & $0.00122084$ & $0.0038137$ & $-0.00507387$ & $0.00186026$ & $0.0484257$ & $0.0514935$ & $0.0499763$ & $0.0416278$ & $-0.0151111$ & $0.0128918$ & $-0.061933$ & $0.0397002$ & $-0.00663885$ & $0.0396442$ & $0.0331685$ & $0.0829528$ & $0.063705$ & $0.0342784$ & $0.030773$ & $0.00858287$ & $-0.0259655$ & $-0.0468102$ & $0.0470237$ & $-0.063722$ & $-0.0032184$ & $0.0663307$ & $0.0161822$ & $0.108006$ & $1$ & $0.0323518$ & $-0.0241838$ & $-0.0112556$ & $-0.0835692$ & $0.00678819$ \\
eHtautauint & $-0.0952643$ & $-0.013797$ & $0.0756345$ & $0.00384158$ & $-0.0208104$ & $-0.014911$ & $0.0163372$ & $-0.00257746$ & $-0.00514595$ & $-0.0124285$ & $0.00217197$ & $-0.01868$ & $-0.0103042$ & $0.00868816$ & $-0.0169193$ & $0.00519256$ & $-0.00126642$ & $0.0166362$ & $0.00283964$ & $0.000811042$ & $-0.000666144$ & $0.00202316$ & $-0.0171056$ & $0.00327673$ & $0.00857153$ & $0.0142445$ & $-0.00612244$ & $0.0127332$ & $-0.0228085$ & $0.0517734$ & $0.0361991$ & $0.000639655$ & $0.0160305$ & $0.00914218$ & $-0.111128$ & $-0.0824357$ & $-0.00493123$ & $0.0589741$ & $0.0793545$ & $-0.0166241$ & $0.143951$ & $0.000351161$ & $-0.0684581$ & $0.0323518$ & $1$ & $0.0459444$ & $0.0822092$ & $0.162353$ & $0.0131393$ \\
eHccint & $-0.171874$ & $-0.0904241$ & $0.0890683$ & $-0.280366$ & $0.0107242$ & $-0.00473992$ & $-0.0176848$ & $-0.0129197$ & $-0.0158877$ & $0.023541$ & $0.0159715$ & $0.028689$ & $-0.00538319$ & $-0.0215219$ & $-0.0457049$ & $0.00540534$ & $0.0136178$ & $0.034004$ & $-0.00488392$ & $-0.0150802$ & $-0.0144752$ & $-0.00960418$ & $-0.00573348$ & $0.018291$ & $0.0212349$ & $0.0101734$ & $0.00529109$ & $0.00827518$ & $0.00311685$ & $-0.00982107$ & $0.0449889$ & $-0.0187073$ & $-0.0024517$ & $0.033753$ & $0.0341408$ & $0.078239$ & $0.11497$ & $-0.019802$ & $-0.211382$ & $-0.00799792$ & $0.120137$ & $-0.00455792$ & $-0.0392966$ & $-0.0241838$ & $0.0459444$ & $1$ & $-0.0671616$ & $0.187796$ & $-0.0049903$ \\
eHccpar & $-0.0532782$ & $0.0572997$ & $-0.0550945$ & $0.0980777$ & $0.0154563$ & $0.0199588$ & $-0.0369382$ & $-0.0326897$ & $-0.0337063$ & $0.0101426$ & $0.0205123$ & $0.0103551$ & $-0.00507491$ & $0.0103829$ & $0.0190321$ & $0.0113501$ & $0.0116806$ & $0.0099852$ & $0.013005$ & $-0.012088$ & $-0.0226643$ & $-0.0264156$ & $-0.0572013$ & $0.0293804$ & $0.0083869$ & $0.0307696$ & $-0.0556974$ & $0.00519653$ & $-0.0184945$ & $0.0355727$ & $0.291261$ & $-0.0236882$ & $0.0380482$ & $-0.0440337$ & $-0.115784$ & $0.19786$ & $-0.123372$ & $0.00817709$ & $0.179535$ & $0.00108136$ & $-0.0574965$ & $0.000161199$ & $0.00257154$ & $-0.0112556$ & $0.0822092$ & $-0.0671616$ & $1$ & $0.0370178$ & $0.00190581$ \\
eHbbint & $0.027151$ & $-0.00108507$ & $0.0033229$ & $-0.0742562$ & $0.0044425$ & $0.00983763$ & $-0.00906831$ & $-0.0335205$ & $-0.0395575$ & $0.0282925$ & $0.0322078$ & $0.0212765$ & $0.0057367$ & $-0.0026945$ & $-0.046037$ & $0.0181197$ & $-0.00456341$ & $0.0362363$ & $-0.012398$ & $-0.0314083$ & $-0.0338419$ & $-0.0304236$ & $-0.0266285$ & $0.0226856$ & $0.0137346$ & $0.0385199$ & $-0.00546306$ & $0.0223058$ & $-0.00855738$ & $-0.0102667$ & $0.0088865$ & $-0.0196083$ & $0.145276$ & $0.00839922$ & $-0.135489$ & $0.0350964$ & $0.187897$ & $0.0225351$ & $-0.106418$ & $0.0547876$ & $-0.0630706$ & $-0.0453572$ & $-0.139714$ & $-0.0835692$ & $0.162353$ & $0.187796$ & $0.0370178$ & $1$ & $0.0156669$ \\
eHbbpar & $-0.0168844$ & $0.128598$ & $-0.0183683$ & $0.0213737$ & $0.0242725$ & $0.00849909$ & $-0.0344378$ & $-0.0371062$ & $-0.0435973$ & $0.0354935$ & $0.0101707$ & $0.0133982$ & $-0.0236419$ & $0.0350338$ & $-0.00302842$ & $0.0108835$ & $0.0554118$ & $0.051886$ & $0.0401436$ & $-0.00457129$ & $-0.00830902$ & $-0.0138803$ & $-0.0275356$ & $0.0467989$ & $0.0526632$ & $0.0288556$ & $-0.0122864$ & $-0.013732$ & $0.0101437$ & $-0.00645989$ & $-0.0306637$ & $-0.0269417$ & $0.402002$ & $-0.0167432$ & $-0.0442382$ & $0.159731$ & $-0.0656495$ & $-0.0156897$ & $-0.0249069$ & $-0.0106201$ & $-0.254222$ & $0.017914$ & $0.02929$ & $0.00678819$ & $0.0131393$ & $-0.0049903$ & $0.00190581$ & $0.0156669$ & $1$ \\
