 & AlsMz & dAle5Mz & mtop & mHl & Mz & CW & CHG & CHWB & CHWHB_gaga & CHWHB_gagaorth & CHD & CHbox & CH & CHL1_11 & CHL1_22 & CHL1_33 & CHL3_11 & CHL3_22 & CHL3_33 & CHe_11 & CHe_22 & CHe_33 & CHQ1_11 & CHQ1_33 & CHQ3_11 & CHu_11 & CHd_11 & CHd_33 & CeH_22r & CeH_33r & CuH_22r & CuH_33r & CdH_33r & CLL_1221 & eHggint & eHggpar & eHWWint & eHWWpar & eHZZint & eHZZpar & eHZgaint & eHZgapar & eHgagaint & eHmumuint & eHtautauint & eHccint & eHccpar & eHbbint & eHbbpar \\
AlsMz & $1$ & $0.197523$ & $-0.329357$ & $0.0623231$ & $0.0464172$ & $-0.02964$ & $-0.0255951$ & $0.086235$ & $0.0890174$ & $-0.0436264$ & $-0.12266$ & $0.0503135$ & $0.0660471$ & $0.0938302$ & $0.0851815$ & $0.0489801$ & $0.0641337$ & $0.016404$ & $0.04083$ & $0.116483$ & $0.117697$ & $0.124415$ & $0.0261375$ & $-0.0600178$ & $-0.0235783$ & $-0.139344$ & $-0.00043964$ & $0.0669684$ & $0.0509971$ & $0.0746078$ & $0.0710043$ & $0.00958633$ & $0.0154337$ & $0.0215314$ & $0.147321$ & $0.157082$ & $-0.093961$ & $0.020224$ & $-0.0788584$ & $0.0231646$ & $0.159791$ & $-0.0434701$ & $0.0929964$ & $-0.176041$ & $0.0137007$ & $0.0496121$ & $0.12082$ & $0.0422677$ & $-0.296473$ \\
dAle5Mz & $0.197523$ & $1$ & $-0.220851$ & $-0.207513$ & $0.0148532$ & $0.00188175$ & $0.0336354$ & $0.0136063$ & $0.0136335$ & $0.0383084$ & $-0.00309401$ & $-0.0529616$ & $-0.0839262$ & $-0.0129634$ & $-0.0485986$ & $0.00671661$ & $-0.0393782$ & $-0.00446128$ & $-0.0490747$ & $0.00792662$ & $0.0153088$ & $0.0126027$ & $0.0231952$ & $-0.0504791$ & $-0.03147$ & $0.00712042$ & $0.0596255$ & $0.0489597$ & $-0.018637$ & $-0.0799268$ & $-0.0473935$ & $0.0344451$ & $-0.203117$ & $0.0922443$ & $-0.0557396$ & $0.280014$ & $0.0788656$ & $0.0378344$ & $0.0537599$ & $0.101984$ & $-0.172676$ & $0.0145909$ & $0.137448$ & $-9.07816e-05$ & $-0.0275799$ & $0.0874743$ & $0.0711313$ & $-0.278143$ & $-0.388651$ \\
mtop & $-0.329357$ & $-0.220851$ & $1$ & $0.0500249$ & $-0.0129462$ & $-0.0329907$ & $-0.0193016$ & $-0.03373$ & $-0.0392148$ & $0.0186613$ & $0.0184653$ & $0.0901152$ & $0.101522$ & $0.00806179$ & $0.00529322$ & $0.0436953$ & $0.0496159$ & $0.040797$ & $0.0145466$ & $-0.0112195$ & $-0.0198178$ & $-0.0179905$ & $-0.0499509$ & $0.0678818$ & $0.0494876$ & $0.0465898$ & $-0.0444984$ & $-0.0294018$ & $-0.067985$ & $0.0865012$ & $0.0514746$ & $0.00850299$ & $0.17411$ & $-0.0347806$ & $0.205615$ & $0.0173649$ & $0.138525$ & $-0.0199873$ & $0.0210873$ & $-0.137331$ & $-0.228242$ & $0.0817265$ & $-0.145322$ & $-0.154265$ & $-0.0239154$ & $0.0204585$ & $0.10025$ & $-0.0515067$ & $0.39363$ \\
mHl & $0.0623231$ & $-0.207513$ & $0.0500249$ & $1$ & $-0.0163244$ & $-0.0303522$ & $-0.0626339$ & $0.000845993$ & $-0.0134527$ & $-0.0332957$ & $0.01248$ & $0.0153548$ & $0.017191$ & $-0.0428746$ & $0.0267713$ & $0.0407692$ & $-0.019287$ & $-0.0412655$ & $-0.0501263$ & $-0.00959054$ & $-0.0184347$ & $-0.0187565$ & $-0.0349333$ & $-0.0049197$ & $-0.0617351$ & $0.0285087$ & $-0.0624739$ & $-0.0525145$ & $0.00874277$ & $-0.0475664$ & $-0.0229238$ & $-0.0871829$ & $0.0193241$ & $-0.0245829$ & $-0.00135354$ & $0.0271728$ & $-0.0207594$ & $-0.0357188$ & $-0.209265$ & $0.0375675$ & $0.0786224$ & $-0.0528171$ & $-0.0928906$ & $-0.0644351$ & $0.088255$ & $-0.0741848$ & $-0.0267669$ & $0.0507121$ & $0.160747$ \\
Mz & $0.0464172$ & $0.0148532$ & $-0.0129462$ & $-0.0163244$ & $1$ & $0.0276276$ & $-0.0141047$ & $-0.0264412$ & $-0.0216723$ & $-0.00240614$ & $0.0383032$ & $-0.0035449$ & $0.00165821$ & $-0.033055$ & $-0.0105136$ & $-0.0443208$ & $0.000740603$ & $-0.0104042$ & $0.00754277$ & $-0.0341414$ & $-0.0308844$ & $-0.0354887$ & $-0.0096171$ & $0.0155976$ & $0.00049806$ & $0.039164$ & $0.0179255$ & $-0.0182513$ & $-0.00107201$ & $3.9866e-05$ & $-0.0174163$ & $-0.0174548$ & $-0.00412198$ & $-0.00895864$ & $-0.0198203$ & $0.0585198$ & $-0.00724326$ & $0.0224221$ & $0.048111$ & $0.0659995$ & $0.0420948$ & $-0.0281721$ & $0.0198693$ & $-0.0523419$ & $-0.0654645$ & $0.0422555$ & $-0.0184676$ & $-0.0231328$ & $-0.0160245$ \\
CW & $-0.02964$ & $0.00188175$ & $-0.0329907$ & $-0.0303522$ & $0.0276276$ & $1$ & $-0.0251418$ & $0.0607974$ & $0.0612988$ & $-0.0507948$ & $0.0607608$ & $0.00890054$ & $-0.0182721$ & $-0.00377397$ & $-0.0350085$ & $-0.0731001$ & $-0.402086$ & $-0.220695$ & $-0.189343$ & $-0.0607386$ & $-0.0601731$ & $-0.0586045$ & $-0.00381992$ & $-0.185015$ & $-0.235034$ & $0.0581225$ & $0.0127561$ & $0.0207676$ & $-0.0649347$ & $-0.025729$ & $0.0105088$ & $-0.0250438$ & $-0.02814$ & $-0.0473688$ & $0.0361017$ & $-0.0540115$ & $0.0424173$ & $-0.0254624$ & $0.0275248$ & $-0.00829527$ & $-0.0132952$ & $-0.00473381$ & $0.0194268$ & $-0.0023489$ & $-0.0208073$ & $0.0212569$ & $-0.052849$ & $-0.0270604$ & $-0.0155777$ \\
CHG & $-0.0255951$ & $0.0336354$ & $-0.0193016$ & $-0.0626339$ & $-0.0141047$ & $-0.0251418$ & $1$ & $-0.0790131$ & $-0.05292$ & $0.218166$ & $0.0974468$ & $-0.630918$ & $-0.674132$ & $-0.08646$ & $-0.0964361$ & $-0.0361626$ & $-0.0325403$ & $0.0134753$ & $-0.0201436$ & $-0.0962628$ & $-0.0932674$ & $-0.0858074$ & $-0.000979406$ & $0.0065852$ & $-0.0178958$ & $0.0793324$ & $-0.0195673$ & $-0.0373033$ & $-0.111738$ & $-0.449193$ & $-0.262277$ & $0.943515$ & $-0.503482$ & $0.0132162$ & $-0.221739$ & $0.00961892$ & $-0.097028$ & $0.0198911$ & $0.0198208$ & $0.0201493$ & $-0.0671738$ & $0.0806364$ & $-0.00212042$ & $0.0114217$ & $-0.0837605$ & $0.0336683$ & $0.0691682$ & $-0.13141$ & $-0.0681101$ \\
CHWB & $0.086235$ & $0.0136063$ & $-0.03373$ & $0.000845993$ & $-0.0264412$ & $0.0607974$ & $-0.0790131$ & $1$ & $0.990856$ & $-0.58405$ & $-0.884382$ & $0.0194131$ & $0.099562$ & $0.288119$ & $0.470555$ & $0.450103$ & $-0.25571$ & $-0.442896$ & $-0.412211$ & $0.869248$ & $0.897738$ & $0.889229$ & $0.032001$ & $-0.65359$ & $-0.406966$ & $-0.625616$ & $0.411481$ & $0.42105$ & $0.0564056$ & $0.0756983$ & $0.0118844$ & $-0.0798022$ & $0.0745625$ & $0.535683$ & $0.0343692$ & $-0.00432483$ & $0.0546277$ & $-0.00656922$ & $-0.00212627$ & $-0.00618017$ & $0.0221498$ & $0.00428742$ & $0.0611112$ & $0.0323723$ & $0.0299326$ & $-0.0212487$ & $-0.0699709$ & $0.0812648$ & $-0.0107317$ \\
CHWHB_gaga & $0.0890174$ & $0.0136335$ & $-0.0392148$ & $-0.0134527$ & $-0.0216723$ & $0.0612988$ & $-0.05292$ & $0.990856$ & $1$ & $-0.578208$ & $-0.873117$ & $0.0237422$ & $0.0996657$ & $0.278357$ & $0.461693$ & $0.437804$ & $-0.25818$ & $-0.443293$ & $-0.409888$ & $0.857732$ & $0.887185$ & $0.878805$ & $0.035837$ & $-0.653916$ & $-0.406376$ & $-0.618699$ & $0.414045$ & $0.410566$ & $0.0604808$ & $0.0939131$ & $0.0175771$ & $-0.0576239$ & $0.0908743$ & $0.534984$ & $0.0170618$ & $-0.00331533$ & $0.0519893$ & $-0.00883598$ & $0.00462625$ & $-0.00741853$ & $0.0394439$ & $0.00397008$ & $0.0854815$ & $0.0362645$ & $0.0262516$ & $-0.033095$ & $-0.0790706$ & $0.0883106$ & $-0.00819903$ \\
CHWHB_gagaorth & $-0.0436264$ & $0.0383084$ & $0.0186613$ & $-0.0332957$ & $-0.00240614$ & $-0.0507948$ & $0.218166$ & $-0.58405$ & $-0.578208$ & $1$ & $0.50106$ & $-0.0651843$ & $-0.244905$ & $-0.14211$ & $-0.266159$ & $-0.258577$ & $0.176804$ & $0.282259$ & $0.268841$ & $-0.490939$ & $-0.508223$ & $-0.504245$ & $-0.0170648$ & $0.407206$ & $0.272896$ & $0.370038$ & $-0.218944$ & $-0.224664$ & $-0.0486251$ & $-0.218377$ & $-0.077513$ & $0.240634$ & $-0.255924$ & $-0.321271$ & $-0.0172917$ & $0.0391699$ & $-0.0440323$ & $-0.00243158$ & $0.0800083$ & $0.0344374$ & $-0.0576396$ & $0.0214174$ & $-0.0459702$ & $-0.0377207$ & $-0.00334287$ & $0.0389889$ & $0.146988$ & $-0.0856818$ & $-0.06022$ \\
CHD & $-0.12266$ & $-0.00309401$ & $0.0184653$ & $0.01248$ & $0.0383032$ & $0.0607608$ & $0.0974468$ & $-0.884382$ & $-0.873117$ & $0.50106$ & $1$ & $-0.0297711$ & $-0.138195$ & $-0.660131$ & $-0.59269$ & $-0.545094$ & $-0.19566$ & $0.0456595$ & $0.00950109$ & $-0.995162$ & $-0.995466$ & $-0.984299$ & $0.0290189$ & $0.2702$ & $-0.000313464$ & $0.697146$ & $-0.282163$ & $-0.473277$ & $-0.0608404$ & $-0.115512$ & $-0.0435182$ & $0.0958548$ & $-0.122592$ & $-0.3281$ & $-0.0297274$ & $-0.00950025$ & $-0.0590839$ & $-0.0224197$ & $-0.0115555$ & $0.0201978$ & $-0.0300987$ & $0.000273401$ & $-0.0654198$ & $-0.0159723$ & $-0.0474402$ & $0.0295068$ & $0.0433706$ & $-0.0873856$ & $0.00176204$ \\
CHbox & $0.0503135$ & $-0.0529616$ & $0.0901152$ & $0.0153548$ & $-0.0035449$ & $0.00890054$ & $-0.630918$ & $0.0194131$ & $0.0237422$ & $-0.0651843$ & $-0.0297711$ & $1$ & $0.947513$ & $0.0346626$ & $0.0774099$ & $-0.0143187$ & $0.0228024$ & $-0.0263819$ & $0.0348931$ & $0.0294363$ & $0.0245426$ & $0.0306671$ & $-0.0150388$ & $0.010572$ & $0.0245323$ & $-0.013331$ & $0.0140772$ & $0.00881527$ & $0.149086$ & $0.657853$ & $0.350708$ & $-0.505583$ & $0.719611$ & $-0.0536614$ & $0.168865$ & $0.0398953$ & $0.0555561$ & $-0.0555294$ & $0.0179515$ & $-0.0253941$ & $-0.00657821$ & $-0.0641177$ & $-0.0221552$ & $-0.0651634$ & $0.0850025$ & $-0.0454141$ & $-0.00502557$ & $0.158869$ & $0.173678$ \\
CH & $0.0660471$ & $-0.0839262$ & $0.101522$ & $0.017191$ & $0.00165821$ & $-0.0182721$ & $-0.674132$ & $0.099562$ & $0.0996657$ & $-0.244905$ & $-0.138195$ & $0.947513$ & $1$ & $0.126904$ & $0.120713$ & $0.0324399$ & $0.0840656$ & $0.0141542$ & $0.0707585$ & $0.134153$ & $0.133465$ & $0.13521$ & $-0.0169888$ & $0.0053115$ & $0.0633835$ & $-0.0938911$ & $0.0499709$ & $0.0596322$ & $0.155945$ & $0.658182$ & $0.35859$ & $-0.564044$ & $0.720452$ & $-0.00836628$ & $0.178535$ & $0.0183106$ & $0.0783134$ & $-0.0362511$ & $0.0118182$ & $-0.0512143$ & $0.0291813$ & $-0.0676958$ & $-0.0182389$ & $-0.0701114$ & $0.0829526$ & $-0.0546231$ & $-0.0325502$ & $0.175645$ & $0.159377$ \\
CHL1_11 & $0.0938302$ & $-0.0129634$ & $0.00806179$ & $-0.0428746$ & $-0.033055$ & $-0.00377397$ & $-0.08646$ & $0.288119$ & $0.278357$ & $-0.14211$ & $-0.660131$ & $0.0346626$ & $0.126904$ & $1$ & $0.422242$ & $0.358506$ & $0.594598$ & $0.548982$ & $0.574299$ & $0.668462$ & $0.634066$ & $0.621908$ & $-0.0960401$ & $0.388228$ & $0.552383$ & $-0.449884$ & $-0.0416416$ & $0.322724$ & $0.00560055$ & $0.109804$ & $0.0798887$ & $-0.0828043$ & $0.127246$ & $-0.174601$ & $0.0260698$ & $0.0107128$ & $0.0518477$ & $0.0573432$ & $0.0288207$ & $-0.0196545$ & $0.0223867$ & $-0.0119367$ & $0.0498019$ & $-0.00171953$ & $0.0417342$ & $-0.020962$ & $-0.00983716$ & $0.0557334$ & $0.0216791$ \\
CHL1_22 & $0.0851815$ & $-0.0485986$ & $0.00529322$ & $0.0267713$ & $-0.0105136$ & $-0.0350085$ & $-0.0964361$ & $0.470555$ & $0.461693$ & $-0.266159$ & $-0.59269$ & $0.0774099$ & $0.120713$ & $0.422242$ & $1$ & $0.511738$ & $0.18788$ & $-0.323413$ & $0.0233416$ & $0.633114$ & $0.540095$ & $0.536781$ & $-0.194396$ & $0.0167463$ & $-0.0685942$ & $-0.365775$ & $-0.271485$ & $0.273517$ & $0.033823$ & $0.0882013$ & $0.0552322$ & $-0.07983$ & $0.12794$ & $-0.451619$ & $0.00700488$ & $0.0326602$ & $0.00988778$ & $0.0426075$ & $-0.0310004$ & $-0.0124244$ & $-0.00537735$ & $-0.0305079$ & $0.00592716$ & $-0.0192196$ & $-0.021126$ & $-0.0136035$ & $-0.00638809$ & $0.0593575$ & $0.0494137$ \\
CHL1_33 & $0.0489801$ & $0.00671661$ & $0.0436953$ & $0.0407692$ & $-0.0443208$ & $-0.0731001$ & $-0.0361626$ & $0.450103$ & $0.437804$ & $-0.258577$ & $-0.545094$ & $-0.0143187$ & $0.0324399$ & $0.358506$ & $0.511738$ & $1$ & $0.128378$ & $-0.0370108$ & $-0.344302$ & $0.588238$ & $0.493835$ & $0.5028$ & $-0.154493$ & $-0.00263823$ & $-0.113628$ & $-0.347456$ & $-0.273427$ & $0.272333$ & $0.0564279$ & $0.0249514$ & $0.00542431$ & $-0.0367093$ & $0.0443241$ & $0.00757533$ & $0.00448387$ & $-0.000177692$ & $0.0195088$ & $0.024848$ & $-0.0644203$ & $0.0195744$ & $-0.059232$ & $-0.0127783$ & $-0.0144565$ & $0.0282478$ & $0.0634366$ & $-0.0121707$ & $0.0247704$ & $0.0251757$ & $0.0426015$ \\
CHL3_11 & $0.0641337$ & $-0.0393782$ & $0.0496159$ & $-0.019287$ & $0.000740603$ & $-0.402086$ & $-0.0325403$ & $-0.25571$ & $-0.25818$ & $0.176804$ & $-0.19566$ & $0.0228024$ & $0.0840656$ & $0.594598$ & $0.18788$ & $0.128378$ & $1$ & $0.800724$ & $0.814634$ & $0.207553$ & $0.171159$ & $0.167103$ & $-0.100618$ & $0.750792$ & $0.842175$ & $-0.120008$ & $-0.180069$ & $0.0716506$ & $0.0248022$ & $0.092033$ & $0.0540765$ & $-0.0273389$ & $0.105961$ & $-0.300983$ & $-0.0246021$ & $0.0355297$ & $-0.00209646$ & $0.0480965$ & $0.041414$ & $-0.0382602$ & $0.0269332$ & $0.00173032$ & $-0.000279323$ & $-0.0458903$ & $0.0372443$ & $-0.0187341$ & $0.0665455$ & $0.0134342$ & $0.0183244$ \\
CHL3_22 & $0.016404$ & $-0.00446128$ & $0.040797$ & $-0.0412655$ & $-0.0104042$ & $-0.220695$ & $0.0134753$ & $-0.442896$ & $-0.443293$ & $0.282259$ & $0.0456595$ & $-0.0263819$ & $0.0141542$ & $0.548982$ & $-0.323413$ & $-0.0370108$ & $0.800724$ & $1$ & $0.768674$ & $-0.0468371$ & $-0.0505303$ & $-0.0540833$ & $-0.0126493$ & $0.739235$ & $0.853747$ & $0.022265$ & $-0.0829887$ & $-0.0205046$ & $-0.00638589$ & $0.0338351$ & $0.0328489$ & $0.0072869$ & $0.029651$ & $-0.102115$ & $-0.0107715$ & $0.00554418$ & $0.00822654$ & $0.0355716$ & $0.0473889$ & $-0.0226088$ & $0.0206778$ & $0.0100911$ & $0.00955859$ & $-0.0180622$ & $0.0570166$ & $-0.0104691$ & $0.0533894$ & $-0.0178259$ & $-0.000519533$ \\
CHL3_33 & $0.04083$ & $-0.0490747$ & $0.0145466$ & $-0.0501263$ & $0.00754277$ & $-0.189343$ & $-0.0201436$ & $-0.412211$ & $-0.409888$ & $0.268841$ & $0.00950109$ & $0.0348931$ & $0.0707585$ & $0.574299$ & $0.0233416$ & $-0.344302$ & $0.814634$ & $0.768674$ & $1$ & $-0.0121593$ & $-0.0150181$ & $-0.0137791$ & $-0.0351345$ & $0.724902$ & $0.856274$ & $0.0051958$ & $-0.0798131$ & $-0.0196555$ & $-0.0231978$ & $0.0781707$ & $0.0635295$ & $-0.0150942$ & $0.087371$ & $-0.414935$ & $-0.0130611$ & $0.0217479$ & $-0.000891757$ & $0.0427764$ & $0.0582287$ & $-0.0403464$ & $0.0487607$ & $-0.000596735$ & $0.0144298$ & $-0.0525319$ & $0.00140085$ & $-0.00457212$ & $0.0349084$ & $0.0084277$ & $0.00890364$ \\
CHe_11 & $0.116483$ & $0.00792662$ & $-0.0112195$ & $-0.00959054$ & $-0.0341414$ & $-0.0607386$ & $-0.0962628$ & $0.869248$ & $0.857732$ & $-0.490939$ & $-0.995162$ & $0.0294363$ & $0.134153$ & $0.668462$ & $0.633114$ & $0.588238$ & $0.207553$ & $-0.0468371$ & $-0.0121593$ & $1$ & $0.98586$ & $0.975016$ & $-0.0451099$ & $-0.239122$ & $0.00353236$ & $-0.691709$ & $0.229361$ & $0.473827$ & $0.0633672$ & $0.111031$ & $0.0435659$ & $-0.0943022$ & $0.120595$ & $0.274729$ & $0.0289398$ & $0.0120897$ & $0.0587632$ & $0.025508$ & $0.0065288$ & $-0.0196539$ & $0.0226823$ & $-0.0030402$ & $0.061523$ & $0.0152841$ & $0.0467888$ & $-0.0274994$ & $-0.0384825$ & $0.0807781$ & $0.00256029$ \\
CHe_22 & $0.117697$ & $0.0153088$ & $-0.0198178$ & $-0.0184347$ & $-0.0308844$ & $-0.0601731$ & $-0.0932674$ & $0.897738$ & $0.887185$ & $-0.508223$ & $-0.995466$ & $0.0245426$ & $0.133465$ & $0.634066$ & $0.540095$ & $0.493835$ & $0.171159$ & $-0.0505303$ & $-0.0150181$ & $0.98586$ & $1$ & $0.986683$ & $-0.00905043$ & $-0.310957$ & $-0.0106513$ & $-0.69838$ & $0.340044$ & $0.470173$ & $0.0596798$ & $0.112078$ & $0.0387128$ & $-0.0932283$ & $0.114885$ & $0.391058$ & $0.0301476$ & $0.0117844$ & $0.0626006$ & $0.0181397$ & $0.0169768$ & $-0.0205286$ & $0.0301226$ & $0.00367123$ & $0.0696912$ & $0.0157252$ & $0.0458944$ & $-0.0296404$ & $-0.0471824$ & $0.0837102$ & $-0.0102643$ \\
CHe_33 & $0.124415$ & $0.0126027$ & $-0.0179905$ & $-0.0187565$ & $-0.0354887$ & $-0.0586045$ & $-0.0858074$ & $0.889229$ & $0.878805$ & $-0.504245$ & $-0.984299$ & $0.0306671$ & $0.13521$ & $0.621908$ & $0.536781$ & $0.5028$ & $0.167103$ & $-0.0540833$ & $-0.0137791$ & $0.975016$ & $0.986683$ & $1$ & $-0.00745575$ & $-0.30997$ & $-0.0131979$ & $-0.6912$ & $0.337433$ & $0.467468$ & $0.0577371$ & $0.120299$ & $0.0438379$ & $-0.0825748$ & $0.122182$ & $0.388015$ & $0.0275593$ & $0.00590295$ & $0.0494823$ & $0.0125237$ & $0.0124343$ & $-0.0184953$ & $0.0237523$ & $0.00843819$ & $0.0599576$ & $0.0107524$ & $0.0565153$ & $-0.0133422$ & $-0.039659$ & $0.0842123$ & $-0.00775715$ \\
CHQ1_11 & $0.0261375$ & $0.0231952$ & $-0.0499509$ & $-0.0349333$ & $-0.0096171$ & $-0.00381992$ & $-0.000979406$ & $0.032001$ & $0.035837$ & $-0.0170648$ & $0.0290189$ & $-0.0150388$ & $-0.0169888$ & $-0.0960401$ & $-0.194396$ & $-0.154493$ & $-0.100618$ & $-0.0126493$ & $-0.0351345$ & $-0.0451099$ & $-0.00905043$ & $-0.00745575$ & $1$ & $-0.139214$ & $0.0325472$ & $-0.56221$ & $0.33301$ & $-0.00504447$ & $0.000754078$ & $0.00626897$ & $-0.0248094$ & $0.00231811$ & $-0.0166812$ & $0.204953$ & $-0.0338493$ & $0.016244$ & $-0.0564286$ & $-0.0365492$ & $-0.0516162$ & $0.0211199$ & $0.0029307$ & $-0.0272916$ & $0.0352742$ & $0.0585545$ & $0.028754$ & $0.01336$ & $-0.0345118$ & $-0.0192486$ & $-0.0449272$ \\
CHQ1_33 & $-0.0600178$ & $-0.0504791$ & $0.0678818$ & $-0.0049197$ & $0.0155976$ & $-0.185015$ & $0.0065852$ & $-0.65359$ & $-0.653916$ & $0.407206$ & $0.2702$ & $0.010572$ & $0.0053115$ & $0.388228$ & $0.0167463$ & $-0.00263823$ & $0.750792$ & $0.739235$ & $0.724902$ & $-0.239122$ & $-0.310957$ & $-0.30997$ & $-0.139214$ & $1$ & $0.743475$ & $0.22113$ & $-0.418496$ & $-0.0538532$ & $-0.0133061$ & $0.0132188$ & $0.0321443$ & $0.0101151$ & $0.0332641$ & $-0.627743$ & $-0.0362256$ & $-0.00229229$ & $-0.0122849$ & $0.0278719$ & $0.0402376$ & $-0.0124036$ & $0.00376355$ & $-0.0204853$ & $-0.0324819$ & $-0.00228146$ & $0.00725183$ & $0.00837802$ & $0.0760895$ & $-0.0206688$ & $0.0492735$ \\
CHQ3_11 & $-0.0235783$ & $-0.03147$ & $0.0494876$ & $-0.0617351$ & $0.00049806$ & $-0.235034$ & $-0.0178958$ & $-0.406966$ & $-0.406376$ & $0.272896$ & $-0.000313464$ & $0.0245323$ & $0.0633835$ & $0.552383$ & $-0.0685942$ & $-0.113628$ & $0.842175$ & $0.853747$ & $0.856274$ & $0.00353236$ & $-0.0106513$ & $-0.0131979$ & $0.0325472$ & $0.743475$ & $1$ & $0.00693138$ & $0.107494$ & $-0.0207197$ & $-0.00779124$ & $0.0731901$ & $0.0465997$ & $-0.0146853$ & $0.0734165$ & $-0.289903$ & $-0.0128622$ & $0.0259225$ & $0.0198379$ & $0.0179151$ & $0.0730316$ & $-0.0479818$ & $0.0447591$ & $0.00707113$ & $0.0399004$ & $-0.00760204$ & $0.0379259$ & $-0.00171735$ & $0.0471964$ & $-0.00464674$ & $0.00787198$ \\
CHu_11 & $-0.139344$ & $0.00712042$ & $0.0465898$ & $0.0285087$ & $0.039164$ & $0.0581225$ & $0.0793324$ & $-0.625616$ & $-0.618699$ & $0.370038$ & $0.697146$ & $-0.013331$ & $-0.0938911$ & $-0.449884$ & $-0.365775$ & $-0.347456$ & $-0.120008$ & $0.022265$ & $0.0051958$ & $-0.691709$ & $-0.69838$ & $-0.6912$ & $-0.56221$ & $0.22113$ & $0.00693138$ & $1$ & $-0.206208$ & $-0.364074$ & $-0.0570873$ & $-0.0873841$ & $-0.0350197$ & $0.0773379$ & $-0.0884922$ & $-0.276646$ & $-0.0124928$ & $-0.0462454$ & $-0.0105157$ & $0.00738779$ & $0.0378988$ & $-0.00736292$ & $-0.0122461$ & $0.000224234$ & $-0.0481254$ & $-0.0280605$ & $-0.0409621$ & $0.0249639$ & $0.0200572$ & $-0.0612076$ & $0.0139591$ \\
CHd_11 & $-0.00043964$ & $0.0596255$ & $-0.0444984$ & $-0.0624739$ & $0.0179255$ & $0.0127561$ & $-0.0195673$ & $0.411481$ & $0.414045$ & $-0.218944$ & $-0.282163$ & $0.0140772$ & $0.0499709$ & $-0.0416416$ & $-0.271485$ & $-0.273427$ & $-0.180069$ & $-0.0829887$ & $-0.0798131$ & $0.229361$ & $0.340044$ & $0.337433$ & $0.33301$ & $-0.418496$ & $0.107494$ & $-0.206208$ & $1$ & $0.0917603$ & $0.0176259$ & $0.0526767$ & $-0.0199236$ & $-0.0217009$ & $0.00718982$ & $0.669004$ & $0.0178579$ & $-0.00140662$ & $0.050182$ & $-0.0665506$ & $0.0904899$ & $-0.033154$ & $0.0932703$ & $0.0190408$ & $0.118711$ & $0.0640799$ & $0.0348082$ & $0.018722$ & $-0.0538725$ & $0.0257849$ & $-0.0786108$ \\
CHd_33 & $0.0669684$ & $0.0489597$ & $-0.0294018$ & $-0.0525145$ & $-0.0182513$ & $0.0207676$ & $-0.0373033$ & $0.42105$ & $0.410566$ & $-0.224664$ & $-0.473277$ & $0.00881527$ & $0.0596322$ & $0.322724$ & $0.273517$ & $0.272333$ & $0.0716506$ & $-0.0205046$ & $-0.0196555$ & $0.473827$ & $0.470173$ & $0.467468$ & $-0.00504447$ & $-0.0538532$ & $-0.0207197$ & $-0.364074$ & $0.0917603$ & $1$ & $0.0299826$ & $0.0290178$ & $0.00733799$ & $-0.0324872$ & $0.0248927$ & $0.155018$ & $0.011074$ & $-0.00296795$ & $0.0283666$ & $-0.0179039$ & $0.00949299$ & $-0.0132059$ & $-0.00795082$ & $-0.0313989$ & $0.0248222$ & $-0.0132885$ & $0.0263556$ & $0.00539955$ & $0.000939483$ & $0.0558382$ & $-0.0501931$ \\
CeH_22r & $0.0509971$ & $-0.018637$ & $-0.067985$ & $0.00874277$ & $-0.00107201$ & $-0.0649347$ & $-0.111738$ & $0.0564056$ & $0.0604808$ & $-0.0486251$ & $-0.0608404$ & $0.149086$ & $0.155945$ & $0.00560055$ & $0.033823$ & $0.0564279$ & $0.0248022$ & $-0.00638589$ & $-0.0231978$ & $0.0633672$ & $0.0596798$ & $0.0577371$ & $0.000754078$ & $-0.0133061$ & $-0.00779124$ & $-0.0570873$ & $0.0176259$ & $0.0299826$ & $1$ & $0.162837$ & $0.108501$ & $-0.105566$ & $0.14431$ & $0.0408229$ & $-0.0170384$ & $0.000372422$ & $-0.0535036$ & $-0.0519768$ & $-0.00278821$ & $-0.0301167$ & $0.0484371$ & $0.0161191$ & $-0.0336247$ & $-0.00492922$ & $0.0366465$ & $-0.00147807$ & $0.00691584$ & $0.0467627$ & $-0.0450507$ \\
CeH_33r & $0.0746078$ & $-0.0799268$ & $0.0865012$ & $-0.0475664$ & $3.9866e-05$ & $-0.025729$ & $-0.449193$ & $0.0756983$ & $0.0939131$ & $-0.218377$ & $-0.115512$ & $0.657853$ & $0.658182$ & $0.109804$ & $0.0882013$ & $0.0249514$ & $0.092033$ & $0.0338351$ & $0.0781707$ & $0.111031$ & $0.112078$ & $0.120299$ & $0.00626897$ & $0.0132188$ & $0.0731901$ & $-0.0873841$ & $0.0526767$ & $0.0290178$ & $0.162837$ & $1$ & $0.423139$ & $-0.286614$ & $0.827906$ & $0.00211619$ & $0.0489246$ & $-0.00420475$ & $-0.0233831$ & $-0.0560461$ & $0.00437598$ & $-0.00323007$ & $0.0165206$ & $0.00471309$ & $0.00118961$ & $-0.0276533$ & $0.112331$ & $-0.00800469$ & $-0.0254278$ & $0.131612$ & $0.125554$ \\
CuH_22r & $0.0710043$ & $-0.0473935$ & $0.0514746$ & $-0.0229238$ & $-0.0174163$ & $0.0105088$ & $-0.262277$ & $0.0118844$ & $0.0175771$ & $-0.077513$ & $-0.0435182$ & $0.350708$ & $0.35859$ & $0.0798887$ & $0.0552322$ & $0.00542431$ & $0.0540765$ & $0.0328489$ & $0.0635295$ & $0.0435659$ & $0.0387128$ & $0.0438379$ & $-0.0248094$ & $0.0321443$ & $0.0465997$ & $-0.0350197$ & $-0.0199236$ & $0.00733799$ & $0.108501$ & $0.423139$ & $1$ & $-0.150145$ & $0.473306$ & $-0.0449435$ & $0.129864$ & $0.0411699$ & $-0.046654$ & $-0.0516121$ & $0.0140844$ & $-0.0137608$ & $-0.0462204$ & $0.00051022$ & $-0.0830372$ & $-0.0979417$ & $0.0277155$ & $0.113054$ & $0.202507$ & $-0.0110973$ & $0.044369$ \\
CuH_33r & $0.00958633$ & $0.0344451$ & $0.00850299$ & $-0.0871829$ & $-0.0174548$ & $-0.0250438$ & $0.943515$ & $-0.0798022$ & $-0.0576239$ & $0.240634$ & $0.0958548$ & $-0.505583$ & $-0.564044$ & $-0.0828043$ & $-0.07983$ & $-0.0367093$ & $-0.0273389$ & $0.0072869$ & $-0.0150942$ & $-0.0943022$ & $-0.0932283$ & $-0.0825748$ & $0.00231811$ & $0.0101151$ & $-0.0146853$ & $0.0773379$ & $-0.0217009$ & $-0.0324872$ & $-0.105566$ & $-0.286614$ & $-0.150145$ & $1$ & $-0.319711$ & $-0.00205616$ & $-0.177125$ & $0.0445893$ & $-0.110241$ & $0.0100075$ & $0.0416544$ & $0.0313605$ & $-0.0797378$ & $0.0726699$ & $-0.00775153$ & $-0.00192866$ & $-0.078195$ & $0.0671367$ & $0.105771$ & $-0.126907$ & $-0.0414321$ \\
CdH_33r & $0.0154337$ & $-0.203117$ & $0.17411$ & $0.0193241$ & $-0.00412198$ & $-0.02814$ & $-0.503482$ & $0.0745625$ & $0.0908743$ & $-0.255924$ & $-0.122592$ & $0.719611$ & $0.720452$ & $0.127246$ & $0.12794$ & $0.0443241$ & $0.105961$ & $0.029651$ & $0.087371$ & $0.120595$ & $0.114885$ & $0.122182$ & $-0.0166812$ & $0.0332641$ & $0.0734165$ & $-0.0884922$ & $0.00718982$ & $0.0248927$ & $0.14431$ & $0.827906$ & $0.473306$ & $-0.319711$ & $1$ & $-0.0411202$ & $0.0698587$ & $0.00644932$ & $-0.0516034$ & $-0.0609344$ & $0.00794217$ & $-0.0362811$ & $0.00600352$ & $-0.0384996$ & $-0.0257797$ & $-0.0337997$ & $0.0662979$ & $-0.0418455$ & $-0.0403989$ & $0.192108$ & $0.373463$ \\
CLL_1221 & $0.0215314$ & $0.0922443$ & $-0.0347806$ & $-0.0245829$ & $-0.00895864$ & $-0.0473688$ & $0.0132162$ & $0.535683$ & $0.534984$ & $-0.321271$ & $-0.3281$ & $-0.0536614$ & $-0.00836628$ & $-0.174601$ & $-0.451619$ & $0.00757533$ & $-0.300983$ & $-0.102115$ & $-0.414935$ & $0.274729$ & $0.391058$ & $0.388015$ & $0.204953$ & $-0.627743$ & $-0.289903$ & $-0.276646$ & $0.669004$ & $0.155018$ & $0.0408229$ & $0.00211619$ & $-0.0449435$ & $-0.00205616$ & $-0.0411202$ & $1$ & $0.0117012$ & $-0.011945$ & $0.0365255$ & $-0.043948$ & $0.0361416$ & $0.00215559$ & $0.0278713$ & $0.0384427$ & $0.056018$ & $0.038542$ & $0.0571264$ & $-0.00665825$ & $-0.0419677$ & $0.0122127$ & $-0.0721112$ \\
eHggint & $0.147321$ & $-0.0557396$ & $0.205615$ & $-0.00135354$ & $-0.0198203$ & $0.0361017$ & $-0.221739$ & $0.0343692$ & $0.0170618$ & $-0.0172917$ & $-0.0297274$ & $0.168865$ & $0.178535$ & $0.0260698$ & $0.00700488$ & $0.00448387$ & $-0.0246021$ & $-0.0107715$ & $-0.0130611$ & $0.0289398$ & $0.0301476$ & $0.0275593$ & $-0.0338493$ & $-0.0362256$ & $-0.0128622$ & $-0.0124928$ & $0.0178579$ & $0.011074$ & $-0.0170384$ & $0.0489246$ & $0.129864$ & $-0.177125$ & $0.0698587$ & $0.0117012$ & $1$ & $0.011688$ & $0.160278$ & $-0.0413608$ & $-0.0517205$ & $-0.0251823$ & $-0.0609312$ & $-0.0508946$ & $-0.0453347$ & $-0.115523$ & $-0.112475$ & $0.209328$ & $0.271195$ & $0.00314519$ & $-0.00175265$ \\
eHggpar & $0.157082$ & $0.280014$ & $0.0173649$ & $0.0271728$ & $0.0585198$ & $-0.0540115$ & $0.00961892$ & $-0.00432483$ & $-0.00331533$ & $0.0391699$ & $-0.00950025$ & $0.0398953$ & $0.0183106$ & $0.0107128$ & $0.0326602$ & $-0.000177692$ & $0.0355297$ & $0.00554418$ & $0.0217479$ & $0.0120897$ & $0.0117844$ & $0.00590295$ & $0.016244$ & $-0.00229229$ & $0.0259225$ & $-0.0462454$ & $-0.00140662$ & $-0.00296795$ & $0.000372422$ & $-0.00420475$ & $0.0411699$ & $0.0445893$ & $0.00644932$ & $-0.011945$ & $0.011688$ & $1$ & $-0.0289087$ & $0.0467861$ & $0.0777915$ & $0.0671379$ & $-0.0947063$ & $-0.00934888$ & $0.19308$ & $0.165629$ & $-0.131361$ & $0.0262102$ & $0.0587554$ & $-0.257622$ & $0.0367508$ \\
eHWWint & $-0.093961$ & $0.0788656$ & $0.138525$ & $-0.0207594$ & $-0.00724326$ & $0.0424173$ & $-0.097028$ & $0.0546277$ & $0.0519893$ & $-0.0440323$ & $-0.0590839$ & $0.0555561$ & $0.0783134$ & $0.0518477$ & $0.00988778$ & $0.0195088$ & $-0.00209646$ & $0.00822654$ & $-0.000891757$ & $0.0587632$ & $0.0626006$ & $0.0494823$ & $-0.0564286$ & $-0.0122849$ & $0.0198379$ & $-0.0105157$ & $0.050182$ & $0.0283666$ & $-0.0535036$ & $-0.0233831$ & $-0.046654$ & $-0.110241$ & $-0.0516034$ & $0.0365255$ & $0.160278$ & $-0.0289087$ & $1$ & $0.00855943$ & $0.128992$ & $-0.00258107$ & $-0.12093$ & $-0.0382725$ & $0.184212$ & $-0.114581$ & $0.056653$ & $-0.108704$ & $0.00164252$ & $-0.090294$ & $-0.0123306$ \\
eHWWpar & $0.020224$ & $0.0378344$ & $-0.0199873$ & $-0.0357188$ & $0.0224221$ & $-0.0254624$ & $0.0198911$ & $-0.00656922$ & $-0.00883598$ & $-0.00243158$ & $-0.0224197$ & $-0.0555294$ & $-0.0362511$ & $0.0573432$ & $0.0426075$ & $0.024848$ & $0.0480965$ & $0.0355716$ & $0.0427764$ & $0.025508$ & $0.0181397$ & $0.0125237$ & $-0.0365492$ & $0.0278719$ & $0.0179151$ & $0.00738779$ & $-0.0665506$ & $-0.0179039$ & $-0.0519768$ & $-0.0560461$ & $-0.0516121$ & $0.0100075$ & $-0.0609344$ & $-0.043948$ & $-0.0413608$ & $0.0467861$ & $0.00855943$ & $1$ & $0.0278094$ & $-0.0037967$ & $0.0456175$ & $0.00587265$ & $-0.00505996$ & $-0.00027258$ & $-0.0609875$ & $0.00128508$ & $-0.026918$ & $-0.101457$ & $0.0117957$ \\
eHZZint & $-0.0788584$ & $0.0537599$ & $0.0210873$ & $-0.209265$ & $0.048111$ & $0.0275248$ & $0.0198208$ & $-0.00212627$ & $0.00462625$ & $0.0800083$ & $-0.0115555$ & $0.0179515$ & $0.0118182$ & $0.0288207$ & $-0.0310004$ & $-0.0644203$ & $0.041414$ & $0.0473889$ & $0.0582287$ & $0.0065288$ & $0.0169768$ & $0.0124343$ & $-0.0516162$ & $0.0402376$ & $0.0730316$ & $0.0378988$ & $0.0904899$ & $0.00949299$ & $-0.00278821$ & $0.00437598$ & $0.0140844$ & $0.0416544$ & $0.00794217$ & $0.0361416$ & $-0.0517205$ & $0.0777915$ & $0.128992$ & $0.0278094$ & $1$ & $0.100983$ & $0.134236$ & $0.0385959$ & $0.0385244$ & $-0.023533$ & $0.0703324$ & $-0.0676652$ & $0.148249$ & $0.150458$ & $0.0593558$ \\
eHZZpar & $0.0231646$ & $0.101984$ & $-0.137331$ & $0.0375675$ & $0.0659995$ & $-0.00829527$ & $0.0201493$ & $-0.00618017$ & $-0.00741853$ & $0.0344374$ & $0.0201978$ & $-0.0253941$ & $-0.0512143$ & $-0.0196545$ & $-0.0124244$ & $0.0195744$ & $-0.0382602$ & $-0.0226088$ & $-0.0403464$ & $-0.0196539$ & $-0.0205286$ & $-0.0184953$ & $0.0211199$ & $-0.0124036$ & $-0.0479818$ & $-0.00736292$ & $-0.033154$ & $-0.0132059$ & $-0.0301167$ & $-0.00323007$ & $-0.0137608$ & $0.0313605$ & $-0.0362811$ & $0.00215559$ & $-0.0251823$ & $0.0671379$ & $-0.00258107$ & $-0.0037967$ & $0.100983$ & $1$ & $-0.0477526$ & $0.00606069$ & $0.0771169$ & $0.0793471$ & $0.0580182$ & $0.0502115$ & $0.113258$ & $-0.0157412$ & $-0.0818219$ \\
eHZgaint & $0.159791$ & $-0.172676$ & $-0.228242$ & $0.0786224$ & $0.0420948$ & $-0.0132952$ & $-0.0671738$ & $0.0221498$ & $0.0394439$ & $-0.0576396$ & $-0.0300987$ & $-0.00657821$ & $0.0291813$ & $0.0223867$ & $-0.00537735$ & $-0.059232$ & $0.0269332$ & $0.0206778$ & $0.0487607$ & $0.0226823$ & $0.0301226$ & $0.0237523$ & $0.0029307$ & $0.00376355$ & $0.0447591$ & $-0.0122461$ & $0.0932703$ & $-0.00795082$ & $0.0484371$ & $0.0165206$ & $-0.0462204$ & $-0.0797378$ & $0.00600352$ & $0.0278713$ & $-0.0609312$ & $-0.0947063$ & $-0.12093$ & $0.0456175$ & $0.134236$ & $-0.0477526$ & $1$ & $0.00250796$ & $0.295228$ & $0.0117143$ & $-0.0214859$ & $0.0182557$ & $-0.209971$ & $0.0139265$ & $0.0062296$ \\
eHZgapar & $-0.0434701$ & $0.0145909$ & $0.0817265$ & $-0.0528171$ & $-0.0281721$ & $-0.00473381$ & $0.0806364$ & $0.00428742$ & $0.00397008$ & $0.0214174$ & $0.000273401$ & $-0.0641177$ & $-0.0676958$ & $-0.0119367$ & $-0.0305079$ & $-0.0127783$ & $0.00173032$ & $0.0100911$ & $-0.000596735$ & $-0.0030402$ & $0.00367123$ & $0.00843819$ & $-0.0272916$ & $-0.0204853$ & $0.00707113$ & $0.000224234$ & $0.0190408$ & $-0.0313989$ & $0.0161191$ & $0.00471309$ & $0.00051022$ & $0.0726699$ & $-0.0384996$ & $0.0384427$ & $-0.0508946$ & $-0.00934888$ & $-0.0382725$ & $0.00587265$ & $0.0385959$ & $0.00606069$ & $0.00250796$ & $1$ & $-0.0854114$ & $0.0191434$ & $-0.00800262$ & $-0.0101549$ & $0.102858$ & $0.0119977$ & $-0.0316673$ \\
eHgagaint & $0.0929964$ & $0.137448$ & $-0.145322$ & $-0.0928906$ & $0.0198693$ & $0.0194268$ & $-0.00212042$ & $0.0611112$ & $0.0854815$ & $-0.0459702$ & $-0.0654198$ & $-0.0221552$ & $-0.0182389$ & $0.0498019$ & $0.00592716$ & $-0.0144565$ & $-0.000279323$ & $0.00955859$ & $0.0144298$ & $0.061523$ & $0.0696912$ & $0.0599576$ & $0.0352742$ & $-0.0324819$ & $0.0399004$ & $-0.0481254$ & $0.118711$ & $0.0248222$ & $-0.0336247$ & $0.00118961$ & $-0.0830372$ & $-0.00775153$ & $-0.0257797$ & $0.056018$ & $-0.0453347$ & $0.19308$ & $0.184212$ & $-0.00505996$ & $0.0385244$ & $0.0771169$ & $0.295228$ & $-0.0854114$ & $1$ & $0.135884$ & $0.0968153$ & $-0.154332$ & $-0.280922$ & $0.0296413$ & $0.00152203$ \\
eHmumuint & $-0.176041$ & $-9.07816e-05$ & $-0.154265$ & $-0.0644351$ & $-0.0523419$ & $-0.0023489$ & $0.0114217$ & $0.0323723$ & $0.0362645$ & $-0.0377207$ & $-0.0159723$ & $-0.0651634$ & $-0.0701114$ & $-0.00171953$ & $-0.0192196$ & $0.0282478$ & $-0.0458903$ & $-0.0180622$ & $-0.0525319$ & $0.0152841$ & $0.0157252$ & $0.0107524$ & $0.0585545$ & $-0.00228146$ & $-0.00760204$ & $-0.0280605$ & $0.0640799$ & $-0.0132885$ & $-0.00492922$ & $-0.0276533$ & $-0.0979417$ & $-0.00192866$ & $-0.0337997$ & $0.038542$ & $-0.115523$ & $0.165629$ & $-0.114581$ & $-0.00027258$ & $-0.023533$ & $0.0793471$ & $0.0117143$ & $0.0191434$ & $0.135884$ & $1$ & $0.0603525$ & $-0.0404175$ & $-0.103478$ & $0.1381$ & $0.0154811$ \\
eHtautauint & $0.0137007$ & $-0.0275799$ & $-0.0239154$ & $0.088255$ & $-0.0654645$ & $-0.0208073$ & $-0.0837605$ & $0.0299326$ & $0.0262516$ & $-0.00334287$ & $-0.0474402$ & $0.0850025$ & $0.0829526$ & $0.0417342$ & $-0.021126$ & $0.0634366$ & $0.0372443$ & $0.0570166$ & $0.00140085$ & $0.0467888$ & $0.0458944$ & $0.0565153$ & $0.028754$ & $0.00725183$ & $0.0379259$ & $-0.0409621$ & $0.0348082$ & $0.0263556$ & $0.0366465$ & $0.112331$ & $0.0277155$ & $-0.078195$ & $0.0662979$ & $0.0571264$ & $-0.112475$ & $-0.131361$ & $0.056653$ & $-0.0609875$ & $0.0703324$ & $0.0580182$ & $-0.0214859$ & $-0.00800262$ & $0.0968153$ & $0.0603525$ & $1$ & $-0.026154$ & $0.147932$ & $0.0462754$ & $0.006414$ \\
eHccint & $0.0496121$ & $0.0874743$ & $0.0204585$ & $-0.0741848$ & $0.0422555$ & $0.0212569$ & $0.0336683$ & $-0.0212487$ & $-0.033095$ & $0.0389889$ & $0.0295068$ & $-0.0454141$ & $-0.0546231$ & $-0.020962$ & $-0.0136035$ & $-0.0121707$ & $-0.0187341$ & $-0.0104691$ & $-0.00457212$ & $-0.0274994$ & $-0.0296404$ & $-0.0133422$ & $0.01336$ & $0.00837802$ & $-0.00171735$ & $0.0249639$ & $0.018722$ & $0.00539955$ & $-0.00147807$ & $-0.00800469$ & $0.113054$ & $0.0671367$ & $-0.0418455$ & $-0.00665825$ & $0.209328$ & $0.0262102$ & $-0.108704$ & $0.00128508$ & $-0.0676652$ & $0.0502115$ & $0.0182557$ & $-0.0101549$ & $-0.154332$ & $-0.0404175$ & $-0.026154$ & $1$ & $0.189849$ & $-0.305115$ & $-0.110228$ \\
eHccpar & $0.12082$ & $0.0711313$ & $0.10025$ & $-0.0267669$ & $-0.0184676$ & $-0.052849$ & $0.0691682$ & $-0.0699709$ & $-0.0790706$ & $0.146988$ & $0.0433706$ & $-0.00502557$ & $-0.0325502$ & $-0.00983716$ & $-0.00638809$ & $0.0247704$ & $0.0665455$ & $0.0533894$ & $0.0349084$ & $-0.0384825$ & $-0.0471824$ & $-0.039659$ & $-0.0345118$ & $0.0760895$ & $0.0471964$ & $0.0200572$ & $-0.0538725$ & $0.000939483$ & $0.00691584$ & $-0.0254278$ & $0.202507$ & $0.105771$ & $-0.0403989$ & $-0.0419677$ & $0.271195$ & $0.0587554$ & $0.00164252$ & $-0.026918$ & $0.148249$ & $0.113258$ & $-0.209971$ & $0.102858$ & $-0.280922$ & $-0.103478$ & $0.147932$ & $0.189849$ & $1$ & $-0.138998$ & $-0.0564872$ \\
eHbbint & $0.0422677$ & $-0.278143$ & $-0.0515067$ & $0.0507121$ & $-0.0231328$ & $-0.0270604$ & $-0.13141$ & $0.0812648$ & $0.0883106$ & $-0.0856818$ & $-0.0873856$ & $0.158869$ & $0.175645$ & $0.0557334$ & $0.0593575$ & $0.0251757$ & $0.0134342$ & $-0.0178259$ & $0.0084277$ & $0.0807781$ & $0.0837102$ & $0.0842123$ & $-0.0192486$ & $-0.0206688$ & $-0.00464674$ & $-0.0612076$ & $0.0257849$ & $0.0558382$ & $0.0467627$ & $0.131612$ & $-0.0110973$ & $-0.126907$ & $0.192108$ & $0.0122127$ & $0.00314519$ & $-0.257622$ & $-0.090294$ & $-0.101457$ & $0.150458$ & $-0.0157412$ & $0.0139265$ & $0.0119977$ & $0.0296413$ & $0.1381$ & $0.0462754$ & $-0.305115$ & $-0.138998$ & $1$ & $0.0143163$ \\
eHbbpar & $-0.296473$ & $-0.388651$ & $0.39363$ & $0.160747$ & $-0.0160245$ & $-0.0155777$ & $-0.0681101$ & $-0.0107317$ & $-0.00819903$ & $-0.06022$ & $0.00176204$ & $0.173678$ & $0.159377$ & $0.0216791$ & $0.0494137$ & $0.0426015$ & $0.0183244$ & $-0.000519533$ & $0.00890364$ & $0.00256029$ & $-0.0102643$ & $-0.00775715$ & $-0.0449272$ & $0.0492735$ & $0.00787198$ & $0.0139591$ & $-0.0786108$ & $-0.0501931$ & $-0.0450507$ & $0.125554$ & $0.044369$ & $-0.0414321$ & $0.373463$ & $-0.0721112$ & $-0.00175265$ & $0.0367508$ & $-0.0123306$ & $0.0117957$ & $0.0593558$ & $-0.0818219$ & $0.0062296$ & $-0.0316673$ & $0.00152203$ & $0.0154811$ & $0.006414$ & $-0.110228$ & $-0.0564872$ & $0.0143163$ & $1$ \\
