 & AlsMz & dAle5Mz & mtop & mHl & Mz & CW & CHG & CHWB & CHWHB_gaga & CHWHB_gagaorth & CHD & CHbox & CH & CHL1_11 & CHL1_22 & CHL1_33 & CHL3_11 & CHL3_22 & CHL3_33 & CHe_11 & CHe_22 & CHe_33 & CHQ1_11 & CHQ1_33 & CHQ3_11 & CHu_11 & CHd_11 & CHd_33 & CeH_22r & CeH_33r & CuH_22r & CuH_33r & CdH_33r & CLL_1221 & eHggint & eHggpar & eHWWint & eHWWpar & eHZZint & eHZZpar & eHZgaint & eHZgapar & eHgagaint & eHmumuint & eHtautauint & eHccint & eHccpar & eHbbint & eHbbpar \\
AlsMz & $1$ & $-0.0112866$ & $-0.0404003$ & $0.0565995$ & $0.0215009$ & $-0.0207451$ & $-0.000542553$ & $0.00868762$ & $0.00839043$ & $-0.0170787$ & $-0.0158184$ & $-0.0104047$ & $-0.0128423$ & $-0.00500824$ & $0.0064272$ & $0.0125315$ & $0.00222893$ & $-0.00575408$ & $-0.0089251$ & $0.00534953$ & $0.0068961$ & $0.00889906$ & $-0.0108596$ & $-0.0676282$ & $-0.124969$ & $-0.0500009$ & $-0.0434171$ & $0.0186809$ & $0.0174608$ & $-0.0164979$ & $-0.0213001$ & $-0.00986394$ & $-0.0227324$ & $0.00510596$ & $0.00457032$ & $-0.00839999$ & $0.053385$ & $-0.0170635$ & $0.00955623$ & $-0.03861$ & $0.0924753$ & $0.00550071$ & $-0.000713031$ & $0.0396369$ & $0.00281307$ & $-0.0218376$ & $-0.00656326$ & $-0.0238856$ & $0.0231148$ \\
dAle5Mz & $-0.0112866$ & $1$ & $-0.0618563$ & $0.0477371$ & $-0.0136114$ & $0.0152985$ & $-0.0186605$ & $-0.100804$ & $-0.0965282$ & $0.0341931$ & $0.0803402$ & $-0.014418$ & $-0.0172131$ & $-0.0166436$ & $-0.00930728$ & $-0.0328115$ & $0.0195242$ & $0.0165735$ & $0.0260927$ & $-0.0555723$ & $-0.0561508$ & $-0.060425$ & $0.00583096$ & $0.0500228$ & $0.0328841$ & $0.0321723$ & $-0.00643395$ & $0.0143204$ & $-0.0122799$ & $0.0193073$ & $0.0297077$ & $-0.0164841$ & $0.0578288$ & $-0.00928557$ & $-0.0356945$ & $0.022563$ & $-0.0195322$ & $0.0115504$ & $0.0901575$ & $0.00447332$ & $0.0200369$ & $-0.00487806$ & $0.0668503$ & $-0.0246417$ & $-0.0163233$ & $-0.0148069$ & $-0.0104141$ & $-0.0174848$ & $0.116547$ \\
mtop & $-0.0404003$ & $-0.0618563$ & $1$ & $-0.00156058$ & $-0.0167792$ & $-0.00118665$ & $0.00146649$ & $0.0364382$ & $0.0274817$ & $-0.0156611$ & $-0.0123299$ & $0.0248432$ & $0.017862$ & $-0.0216493$ & $0.0174228$ & $0.0241959$ & $-0.0266359$ & $-0.0371309$ & $-0.0367462$ & $0.0208517$ & $0.0197299$ & $0.021678$ & $-0.0102421$ & $-0.0303579$ & $-0.0360653$ & $-0.00665245$ & $-0.00615139$ & $0.00783355$ & $-0.00863247$ & $0.0295964$ & $0.0162961$ & $0.00362409$ & $0.0119227$ & $0.0144791$ & $0.0201031$ & $-0.0215335$ & $0.0289838$ & $-0.00231471$ & $-0.0679088$ & $0.0210743$ & $-0.0711966$ & $-0.0259822$ & $-0.131308$ & $-0.00439424$ & $0.00774486$ & $0.055681$ & $-0.00711066$ & $0.00573223$ & $-0.0406166$ \\
mHl & $0.0565995$ & $0.0477371$ & $-0.00156058$ & $1$ & $-0.0148792$ & $0.0055326$ & $0.0189898$ & $0.0262226$ & $0.0237886$ & $-0.00888401$ & $-0.016487$ & $-0.00916461$ & $-0.000264842$ & $-0.0119868$ & $-0.0227853$ & $0.0203115$ & $-0.0185075$ & $-0.00476898$ & $-0.0385986$ & $0.0134411$ & $0.0186354$ & $0.0174989$ & $0.00196333$ & $-0.0346964$ & $-0.020378$ & $-0.00478179$ & $0.0245016$ & $0.00455621$ & $0.0101067$ & $-0.0140944$ & $-0.00456368$ & $0.00638531$ & $-0.0759895$ & $0.0451513$ & $-0.032776$ & $0.0242376$ & $-0.0208565$ & $0.0144391$ & $0.0294675$ & $0.0264602$ & $-0.048466$ & $0.0155148$ & $-0.000528206$ & $0.0292883$ & $0.00808542$ & $-0.0772735$ & $0.0276291$ & $-0.0400666$ & $-0.0875225$ \\
Mz & $0.0215009$ & $-0.0136114$ & $-0.0167792$ & $-0.0148792$ & $1$ & $0.019467$ & $0.0103091$ & $0.00445261$ & $0.0018385$ & $0.00216986$ & $0.00425136$ & $-0.00552459$ & $-0.00457915$ & $0.0112328$ & $0.00622959$ & $0.0103717$ & $-0.0114213$ & $-0.00545663$ & $-0.00935143$ & $0.00347999$ & $0.00344235$ & $-9.42521e-06$ & $-0.00196165$ & $-0.00265462$ & $-0.0136521$ & $-0.0145997$ & $-0.0131319$ & $-0.00354756$ & $-0.0006394$ & $-0.0253955$ & $-0.00929425$ & $0.0103822$ & $-0.0227294$ & $-0.00884853$ & $0.0266453$ & $0.0115158$ & $3.59089e-05$ & $0.00154389$ & $0.00983792$ & $0.0044238$ & $0.00141304$ & $0.0162018$ & $0.000754684$ & $-0.0170807$ & $0.0148389$ & $-0.0101774$ & $-0.00265078$ & $-0.00963223$ & $-0.0123781$ \\
CW & $-0.0207451$ & $0.0152985$ & $-0.00118665$ & $0.0055326$ & $0.019467$ & $1$ & $0.0276761$ & $-0.124652$ & $-0.121553$ & $0.0236267$ & $0.19363$ & $-0.0124659$ & $-0.0405974$ & $0.00924289$ & $-0.0766301$ & $-0.0826356$ & $-0.264041$ & $-0.0625052$ & $-0.0547317$ & $-0.189009$ & $-0.195808$ & $-0.194926$ & $-0.0187198$ & $0.000150048$ & $-0.0934122$ & $0.115182$ & $-0.0823929$ & $-0.0425855$ & $-0.0195871$ & $-0.0334767$ & $-0.00592174$ & $0.0274696$ & $-0.0241324$ & $-0.127628$ & $-0.0092764$ & $-0.00521727$ & $-0.00189148$ & $-0.0120529$ & $0.00347693$ & $-0.00103749$ & $0.0140046$ & $0.00402835$ & $0.0122259$ & $-0.0123514$ & $-0.00935283$ & $0.0158652$ & $-0.00355088$ & $-0.0206381$ & $0.0222469$ \\
CHG & $-0.000542553$ & $-0.0186605$ & $0.00146649$ & $0.0189898$ & $0.0103091$ & $0.0276761$ & $1$ & $-0.0559061$ & $-0.00160396$ & $0.067382$ & $0.0610189$ & $-0.28219$ & $-0.393416$ & $-0.0275921$ & $-0.0169535$ & $-0.0299261$ & $-0.000487335$ & $0.00367357$ & $0.0121205$ & $-0.0621131$ & $-0.0606808$ & $-0.0621578$ & $-0.0156178$ & $0.0198763$ & $0.00385048$ & $0.0419337$ & $-0.0267196$ & $-0.0245945$ & $-0.022502$ & $-0.187978$ & $-0.0930423$ & $0.93773$ & $-0.211016$ & $-0.0302751$ & $-0.0210795$ & $-0.0251044$ & $0.0533151$ & $-0.0239645$ & $-0.00799899$ & $0.00552669$ & $0.0488889$ & $0.0255525$ & $-0.00130527$ & $-0.00580668$ & $-0.00475493$ & $0.0148208$ & $-0.0128733$ & $0.0344713$ & $-0.0131464$ \\
CHWB & $0.00868762$ & $-0.100804$ & $0.0364382$ & $0.0262226$ & $0.00445261$ & $-0.124652$ & $-0.0559061$ & $1$ & $0.98175$ & $-0.549805$ & $-0.863661$ & $-0.0107966$ & $0.156165$ & $0.0388451$ & $0.288899$ & $0.304339$ & $-0.27625$ & $-0.45569$ & $-0.465358$ & $0.8345$ & $0.882262$ & $0.866054$ & $0.0375953$ & $-0.685055$ & $-0.422399$ & $-0.481547$ & $0.42664$ & $0.300716$ & $0.000509582$ & $0.0487897$ & $0.00191845$ & $-0.0588645$ & $0.0669325$ & $0.579069$ & $-0.00112977$ & $0.00428019$ & $-0.0190191$ & $-0.00719983$ & $0.00796196$ & $0.000589572$ & $0.00163726$ & $0.012953$ & $-0.0277964$ & $0.0239422$ & $0.00255329$ & $-0.0312919$ & $0.0126568$ & $0.00592155$ & $0.0228585$ \\
CHWHB_gaga & $0.00839043$ & $-0.0965282$ & $0.0274817$ & $0.0237886$ & $0.0018385$ & $-0.121553$ & $-0.00160396$ & $0.98175$ & $1$ & $-0.543338$ & $-0.845373$ & $-0.00471072$ & $0.138281$ & $0.0331143$ & $0.284478$ & $0.297948$ & $-0.276718$ & $-0.452596$ & $-0.461246$ & $0.817065$ & $0.863607$ & $0.847212$ & $0.0388924$ & $-0.676225$ & $-0.41812$ & $-0.472487$ & $0.419331$ & $0.293731$ & $0.00703577$ & $0.0678422$ & $0.0120506$ & $-0.0128141$ & $0.0924578$ & $0.567571$ & $-0.0267643$ & $-0.00493349$ & $-0.0354116$ & $-0.00701201$ & $0.0082106$ & $0.00304778$ & $0.00777189$ & $0.0124475$ & $0.0453097$ & $0.0192229$ & $0.00628224$ & $-0.031006$ & $0.00880748$ & $0.00970817$ & $0.0343583$ \\
CHWHB_gagaorth & $-0.0170787$ & $0.0341931$ & $-0.0156611$ & $-0.00888401$ & $0.00216986$ & $0.0236267$ & $0.067382$ & $-0.549805$ & $-0.543338$ & $1$ & $0.371186$ & $0.182858$ & $-0.189732$ & $0.164399$ & $-0.120836$ & $-0.1363$ & $0.353805$ & $0.409305$ & $0.417653$ & $-0.356293$ & $-0.386743$ & $-0.380927$ & $-0.025739$ & $0.499067$ & $0.399879$ & $0.217826$ & $-0.225334$ & $-0.146592$ & $-0.00335019$ & $-0.142009$ & $-0.0637232$ & $0.0857556$ & $-0.169709$ & $-0.342508$ & $0.0368771$ & $0.015805$ & $0.00309553$ & $0.0145782$ & $0.0131255$ & $-0.0232945$ & $-0.0558897$ & $-0.0297908$ & $-0.00635587$ & $-0.0101497$ & $0.00712245$ & $0.0161487$ & $-0.0249112$ & $-0.00178401$ & $-0.016124$ \\
CHD & $-0.0158184$ & $0.0803402$ & $-0.0123299$ & $-0.016487$ & $0.00425136$ & $0.19363$ & $0.0610189$ & $-0.863661$ & $-0.845373$ & $0.371186$ & $1$ & $0.0473594$ & $-0.127098$ & $-0.492299$ & $-0.420696$ & $-0.423574$ & $-0.212002$ & $0.0532725$ & $0.0662643$ & $-0.990091$ & $-0.991104$ & $-0.970056$ & $0.00813786$ & $0.289951$ & $0.00798464$ & $0.552157$ & $-0.292846$ & $-0.332414$ & $-0.00127919$ & $-0.0654157$ & $-0.00840773$ & $0.0674077$ & $-0.0824871$ & $-0.364983$ & $0.00494591$ & $0.00416834$ & $0.0197064$ & $0.00631321$ & $-0.0148766$ & $-0.0117568$ & $0.00754307$ & $0.00514604$ & $0.0223166$ & $-0.021175$ & $-0.000408242$ & $0.0398374$ & $-0.0165773$ & $0.00150337$ & $-0.0223877$ \\
CHbox & $-0.0104047$ & $-0.014418$ & $0.0248432$ & $-0.00916461$ & $-0.00552459$ & $-0.0124659$ & $-0.28219$ & $-0.0107966$ & $-0.00471072$ & $0.182858$ & $0.0473594$ & $1$ & $0.701721$ & $-0.0883242$ & $0.0251843$ & $0.0129731$ & $-0.0728392$ & $-0.0792686$ & $-0.0685375$ & $-0.0359279$ & $-0.0506677$ & $-0.050062$ & $0.00422978$ & $-0.0246549$ & $-0.0643459$ & $0.025088$ & $-0.0246243$ & $-0.0382047$ & $0.0767707$ & $0.38951$ & $0.129518$ & $-0.178477$ & $0.433982$ & $-0.0329314$ & $0.0960173$ & $0.0545887$ & $-0.0118828$ & $0.0156844$ & $-0.00323554$ & $-0.0133604$ & $-0.0418939$ & $-0.0129973$ & $-0.0353376$ & $-0.0146303$ & $0.0121544$ & $0.00411481$ & $-0.00891168$ & $0.0190926$ & $-0.0194301$ \\
CH & $-0.0128423$ & $-0.0172131$ & $0.017862$ & $-0.000264842$ & $-0.00457915$ & $-0.0405974$ & $-0.393416$ & $0.156165$ & $0.138281$ & $-0.189732$ & $-0.127098$ & $0.701721$ & $1$ & $-0.0112453$ & $0.0466211$ & $0.0564878$ & $-0.0592386$ & $-0.0845746$ & $-0.0918833$ & $0.126054$ & $0.129615$ & $0.125388$ & $0.0177049$ & $-0.112136$ & $-0.0698802$ & $-0.0743788$ & $0.0751562$ & $0.0275128$ & $0.0702096$ & $0.31187$ & $0.135175$ & $-0.353976$ & $0.348574$ & $0.0886979$ & $0.010733$ & $0.025784$ & $-0.000312158$ & $0.00485146$ & $0.00960475$ & $-0.00163825$ & $-0.0254569$ & $-0.00509385$ & $0.00186744$ & $-0.0126623$ & $0.0241467$ & $-0.0221373$ & $0.00762468$ & $0.000165491$ & $-0.0172283$ \\
CHL1_11 & $-0.00500824$ & $-0.0166436$ & $-0.0216493$ & $-0.0119868$ & $0.0112328$ & $0.00924289$ & $-0.0275921$ & $0.0388451$ & $0.0331143$ & $0.164399$ & $-0.492299$ & $-0.0883242$ & $-0.0112453$ & $1$ & $0.265451$ & $0.24224$ & $0.696555$ & $0.640811$ & $0.635259$ & $0.51152$ & $0.452314$ & $0.435545$ & $-0.0673137$ & $0.520564$ & $0.643776$ & $-0.2679$ & $-0.105924$ & $0.14794$ & $-0.00217614$ & $0.0408756$ & $0.0125278$ & $-0.035773$ & $0.0491043$ & $-0.248807$ & $-0.00440018$ & $-0.0274698$ & $-0.00701033$ & $-0.0127204$ & $0.0201815$ & $0.0193033$ & $-0.0183326$ & $-0.0253185$ & $0.000643987$ & $0.00819168$ & $-0.0039638$ & $-0.022468$ & $0.0123906$ & $-0.0240708$ & $0.0144981$ \\
CHL1_22 & $0.0064272$ & $-0.00930728$ & $0.0174228$ & $-0.0227853$ & $0.00622959$ & $-0.0766301$ & $-0.0169535$ & $0.288899$ & $0.284478$ & $-0.120836$ & $-0.420696$ & $0.0251843$ & $0.0466211$ & $0.265451$ & $1$ & $0.443449$ & $0.164036$ & $-0.412644$ & $-0.027119$ & $0.485953$ & $0.338479$ & $0.328445$ & $-0.187776$ & $0.0947822$ & $-0.116444$ & $-0.190288$ & $-0.398082$ & $0.10772$ & $-0.00972251$ & $0.042107$ & $0.00162768$ & $-0.00885621$ & $0.0467578$ & $-0.582198$ & $-0.00171768$ & $-0.00713276$ & $-0.0116123$ & $0.00510865$ & $-0.00245259$ & $-0.00498952$ & $-0.00582412$ & $0.00458776$ & $-0.017102$ & $0.0236314$ & $-0.013182$ & $-0.00638486$ & $-0.00720084$ & $-0.00474798$ & $0.00803552$ \\
CHL1_33 & $0.0125315$ & $-0.0328115$ & $0.0241959$ & $0.0203115$ & $0.0103717$ & $-0.0826356$ & $-0.0299261$ & $0.304339$ & $0.297948$ & $-0.1363$ & $-0.423574$ & $0.0129731$ & $0.0564878$ & $0.24224$ & $0.443449$ & $1$ & $0.143984$ & $-0.0317308$ & $-0.427106$ & $0.488072$ & $0.343589$ & $0.361563$ & $-0.18466$ & $0.0844461$ & $-0.135822$ & $-0.183748$ & $-0.378009$ & $0.108161$ & $0.00860386$ & $0.0281391$ & $-0.00722806$ & $-0.027327$ & $0.038241$ & $-0.0809875$ & $-0.000639548$ & $-0.0113056$ & $-0.0125753$ & $0.0217095$ & $-0.00982295$ & $0.0268244$ & $-8.21994e-05$ & $-0.00346892$ & $-0.0228804$ & $-0.000575752$ & $-0.00219055$ & $-0.0203099$ & $-0.016$ & $0.0160171$ & $-0.0015585$ \\
CHL3_11 & $0.00222893$ & $0.0195242$ & $-0.0266359$ & $-0.0185075$ & $-0.0114213$ & $-0.264041$ & $-0.000487335$ & $-0.27625$ & $-0.276718$ & $0.353805$ & $-0.212002$ & $-0.0728392$ & $-0.0592386$ & $0.696555$ & $0.164036$ & $0.143984$ & $1$ & $0.764901$ & $0.760182$ & $0.232477$ & $0.178183$ & $0.171534$ & $-0.0516728$ & $0.708564$ & $0.799822$ & $-0.114185$ & $-0.164055$ & $0.0485111$ & $0.00687429$ & $0.0292427$ & $0.0111185$ & $-0.00799999$ & $0.0178207$ & $-0.283059$ & $-0.00552627$ & $-0.00706572$ & $-0.00337865$ & $0.00461207$ & $0.00422775$ & $0.0249158$ & $-0.0230054$ & $-0.0365265$ & $0.00988986$ & $-0.0155686$ & $0.00240783$ & $-0.015819$ & $0.00556325$ & $-0.00394643$ & $-0.0168044$ \\
CHL3_22 & $-0.00575408$ & $0.0165735$ & $-0.0371309$ & $-0.00476898$ & $-0.00545663$ & $-0.0625052$ & $0.00367357$ & $-0.45569$ & $-0.452596$ & $0.409305$ & $0.0532725$ & $-0.0792686$ & $-0.0845746$ & $0.640811$ & $-0.412644$ & $-0.0317308$ & $0.764901$ & $1$ & $0.710571$ & $-0.0542533$ & $-0.0526374$ & $-0.0521309$ & $0.0304985$ & $0.668498$ & $0.815717$ & $0.0111906$ & $-0.0188678$ & $-0.0245044$ & $0.00876693$ & $0.000922204$ & $0.00891349$ & $-0.00721632$ & $-0.0057806$ & $-0.0233062$ & $-0.00260333$ & $-0.0137081$ & $0.00577593$ & $-0.000265478$ & $0.00868044$ & $0.0255108$ & $-0.01655$ & $-0.0343901$ & $0.0188437$ & $-0.0217545$ & $0.00500025$ & $-0.00911251$ & $0.00902576$ & $-0.00870021$ & $-0.0106356$ \\
CHL3_33 & $-0.0089251$ & $0.0260927$ & $-0.0367462$ & $-0.0385986$ & $-0.00935143$ & $-0.0547317$ & $0.0121205$ & $-0.465358$ & $-0.461246$ & $0.417653$ & $0.0662643$ & $-0.0685375$ & $-0.0918833$ & $0.635259$ & $-0.027119$ & $-0.427106$ & $0.760182$ & $0.710571$ & $1$ & $-0.0688899$ & $-0.0638724$ & $-0.0637242$ & $0.0329155$ & $0.660406$ & $0.81868$ & $0.0145519$ & $-0.0171939$ & $-0.025981$ & $-0.00534965$ & $0.00968994$ & $0.0160302$ & $0.00524544$ & $-0.00236692$ & $-0.373608$ & $-0.00455227$ & $-0.00947845$ & $0.00692391$ & $-0.0160694$ & $0.0125353$ & $0.00328859$ & $-0.0196689$ & $-0.0331541$ & $0.0172637$ & $-0.00299188$ & $-0.00153623$ & $0.000920329$ & $0.0192749$ & $-0.0263108$ & $-0.00542984$ \\
CHe_11 & $0.00534953$ & $-0.0555723$ & $0.0208517$ & $0.0134411$ & $0.00347999$ & $-0.189009$ & $-0.0621131$ & $0.8345$ & $0.817065$ & $-0.356293$ & $-0.990091$ & $-0.0359279$ & $0.126054$ & $0.51152$ & $0.485953$ & $0.488072$ & $0.232477$ & $-0.0542533$ & $-0.0688899$ & $1$ & $0.972416$ & $0.952079$ & $-0.0305723$ & $-0.237762$ & $-0.00064476$ & $-0.544583$ & $0.217583$ & $0.32434$ & $0.00025059$ & $0.0665234$ & $0.00854527$ & $-0.0668163$ & $0.0855308$ & $0.286274$ & $-0.00350642$ & $-0.0054621$ & $-0.0204885$ & $-0.00300651$ & $0.015417$ & $0.0122396$ & $-0.00844533$ & $-0.00561046$ & $-0.0229559$ & $0.0212919$ & $-0.00240939$ & $-0.0402171$ & $0.0144695$ & $-0.00104155$ & $0.0247528$ \\
CHe_22 & $0.0068961$ & $-0.0561508$ & $0.0197299$ & $0.0186354$ & $0.00344235$ & $-0.195808$ & $-0.0606808$ & $0.882262$ & $0.863607$ & $-0.386743$ & $-0.991104$ & $-0.0506677$ & $0.129615$ & $0.452314$ & $0.338479$ & $0.343589$ & $0.178183$ & $-0.0526374$ & $-0.0638724$ & $0.972416$ & $1$ & $0.97517$ & $0.0203179$ & $-0.344162$ & $-0.0155979$ & $-0.554309$ & $0.374268$ & $0.336319$ & $0.000696865$ & $0.0638132$ & $0.00999354$ & $-0.0679433$ & $0.081332$ & $0.45021$ & $-0.00496468$ & $-0.000534559$ & $-0.0211876$ & $-0.00790348$ & $0.0175267$ & $0.0116469$ & $-0.00719961$ & $-0.00635331$ & $-0.0207609$ & $0.0194793$ & $0.00228875$ & $-0.0414989$ & $0.0198519$ & $-0.00237186$ & $0.0252788$ \\
CHe_33 & $0.00889906$ & $-0.060425$ & $0.021678$ & $0.0174989$ & $-9.42521e-06$ & $-0.194926$ & $-0.0621578$ & $0.866054$ & $0.847212$ & $-0.380927$ & $-0.970056$ & $-0.050062$ & $0.125388$ & $0.435545$ & $0.328445$ & $0.361563$ & $0.171534$ & $-0.0521309$ & $-0.0637242$ & $0.952079$ & $0.97517$ & $1$ & $0.0200355$ & $-0.340383$ & $-0.0181391$ & $-0.539501$ & $0.368422$ & $0.330027$ & $0.000496979$ & $0.0608038$ & $0.0120365$ & $-0.0693363$ & $0.0820823$ & $0.448137$ & $-0.00638577$ & $-0.00173449$ & $-0.0227918$ & $-0.00985877$ & $0.019098$ & $0.0078292$ & $-0.00932828$ & $-0.0086216$ & $-0.020922$ & $0.0246115$ & $-0.00110455$ & $-0.0399553$ & $0.0246148$ & $-0.00167694$ & $0.0275614$ \\
CHQ1_11 & $-0.0108596$ & $0.00583096$ & $-0.0102421$ & $0.00196333$ & $-0.00196165$ & $-0.0187198$ & $-0.0156178$ & $0.0375953$ & $0.0388924$ & $-0.025739$ & $0.00813786$ & $0.00422978$ & $0.0177049$ & $-0.0673137$ & $-0.187776$ & $-0.18466$ & $-0.0516728$ & $0.0304985$ & $0.0329155$ & $-0.0305723$ & $0.0203179$ & $0.0200355$ & $1$ & $-0.103678$ & $0.0925839$ & $-0.672208$ & $0.333258$ & $0.0136766$ & $-0.00515178$ & $0.00805404$ & $0.0222725$ & $-0.0196681$ & $0.00517787$ & $0.18764$ & $-0.0212063$ & $0.00217126$ & $-0.00698549$ & $0.000475017$ & $0.0164806$ & $-0.0121114$ & $-0.0171783$ & $0.00380596$ & $0.0102887$ & $0.000337163$ & $0.0323218$ & $-0.00438026$ & $0.0368866$ & $-0.00505985$ & $0.00724033$ \\
CHQ1_33 & $-0.0676282$ & $0.0500228$ & $-0.0303579$ & $-0.0346964$ & $-0.00265462$ & $0.000150048$ & $0.0198763$ & $-0.685055$ & $-0.676225$ & $0.499067$ & $0.289951$ & $-0.0246549$ & $-0.112136$ & $0.520564$ & $0.0947822$ & $0.0844461$ & $0.708564$ & $0.668498$ & $0.660406$ & $-0.237762$ & $-0.344162$ & $-0.340383$ & $-0.103678$ & $1$ & $0.681601$ & $0.174087$ & $-0.41302$ & $-0.0347725$ & $-0.00237525$ & $-0.00356135$ & $0.00898357$ & $0.0191149$ & $-0.0188118$ & $-0.633884$ & $-0.000910912$ & $-0.00878975$ & $0.0144458$ & $0.00764766$ & $-0.0150886$ & $0.019128$ & $-0.029209$ & $-0.0309033$ & $0.00689743$ & $-0.00770628$ & $-0.0123093$ & $0.014033$ & $-0.00517671$ & $-0.000858559$ & $-0.0203132$ \\
CHQ3_11 & $-0.124969$ & $0.0328841$ & $-0.0360653$ & $-0.020378$ & $-0.0136521$ & $-0.0934122$ & $0.00385048$ & $-0.422399$ & $-0.41812$ & $0.399879$ & $0.00798464$ & $-0.0643459$ & $-0.0698802$ & $0.643776$ & $-0.116444$ & $-0.135822$ & $0.799822$ & $0.815717$ & $0.81868$ & $-0.00064476$ & $-0.0155979$ & $-0.0181391$ & $0.0925839$ & $0.681601$ & $1$ & $0.00149553$ & $0.182011$ & $-0.0146855$ & $-0.00797582$ & $0.0151014$ & $0.0105629$ & $-0.00725921$ & $0.00725829$ & $-0.236243$ & $-0.0140122$ & $-0.00195593$ & $-0.0179308$ & $-0.0133787$ & $0.0108461$ & $0.0246351$ & $-0.0265147$ & $-0.0385592$ & $0.0172814$ & $-0.00979269$ & $0.00609291$ & $-0.00867891$ & $0.00803596$ & $-0.00291588$ & $-0.0142261$ \\
CHu_11 & $-0.0500009$ & $0.0321723$ & $-0.00665245$ & $-0.00478179$ & $-0.0145997$ & $0.115182$ & $0.0419337$ & $-0.481547$ & $-0.472487$ & $0.217826$ & $0.552157$ & $0.025088$ & $-0.0743788$ & $-0.2679$ & $-0.190288$ & $-0.183748$ & $-0.114185$ & $0.0111906$ & $0.0145519$ & $-0.544583$ & $-0.554309$ & $-0.539501$ & $-0.672208$ & $0.174087$ & $0.00149553$ & $1$ & $-0.170197$ & $-0.187202$ & $0.00214632$ & $-0.0397959$ & $-0.0226962$ & $0.0463824$ & $-0.0542451$ & $-0.240655$ & $0.00302716$ & $0.00505535$ & $0.00693804$ & $-0.00959073$ & $-0.0289486$ & $0.00153039$ & $0.0122871$ & $-0.0038337$ & $-0.00501732$ & $0.00134854$ & $-0.0194593$ & $0.0193691$ & $-0.0334284$ & $0.00548973$ & $-0.0284852$ \\
CHd_11 & $-0.0434171$ & $-0.00643395$ & $-0.00615139$ & $0.0245016$ & $-0.0131319$ & $-0.0823929$ & $-0.0267196$ & $0.42664$ & $0.419331$ & $-0.225334$ & $-0.292846$ & $-0.0246243$ & $0.0751562$ & $-0.105924$ & $-0.398082$ & $-0.378009$ & $-0.164055$ & $-0.0188678$ & $-0.0171939$ & $0.217583$ & $0.374268$ & $0.368422$ & $0.333258$ & $-0.41302$ & $0.182011$ & $-0.170197$ & $1$ & $0.120598$ & $-0.0104192$ & $0.0164347$ & $0.0058919$ & $-0.0401546$ & $0.0195072$ & $0.685487$ & $-0.0198091$ & $0.0263275$ & $-0.0238244$ & $-0.0294633$ & $0.0115209$ & $0.00342809$ & $-0.00329567$ & $-0.00829638$ & $-0.00555798$ & $0.0182529$ & $0.0156595$ & $-0.0187663$ & $0.0193295$ & $0.0127992$ & $0.00762662$ \\
CHd_33 & $0.0186809$ & $0.0143204$ & $0.00783355$ & $0.00455621$ & $-0.00354756$ & $-0.0425855$ & $-0.0245945$ & $0.300716$ & $0.293731$ & $-0.146592$ & $-0.332414$ & $-0.0382047$ & $0.0275128$ & $0.14794$ & $0.10772$ & $0.108161$ & $0.0485111$ & $-0.0245044$ & $-0.025981$ & $0.32434$ & $0.336319$ & $0.330027$ & $0.0136766$ & $-0.0347725$ & $-0.0146855$ & $-0.187202$ & $0.120598$ & $1$ & $0.00982299$ & $0.0311396$ & $-0.007006$ & $-0.0215609$ & $0.0215476$ & $0.160201$ & $0.00675476$ & $-0.00613009$ & $-0.00364513$ & $-0.0232789$ & $-0.0368083$ & $0.00224012$ & $-0.0326591$ & $0.000970102$ & $-0.0121888$ & $0.0149378$ & $-0.0156241$ & $-0.0123796$ & $-0.0168959$ & $-0.010234$ & $-0.00429867$ \\
CeH_22r & $0.0174608$ & $-0.0122799$ & $-0.00863247$ & $0.0101067$ & $-0.0006394$ & $-0.0195871$ & $-0.022502$ & $0.000509582$ & $0.00703577$ & $-0.00335019$ & $-0.00127919$ & $0.0767707$ & $0.0702096$ & $-0.00217614$ & $-0.00972251$ & $0.00860386$ & $0.00687429$ & $0.00876693$ & $-0.00534965$ & $0.00025059$ & $0.000696865$ & $0.000496979$ & $-0.00515178$ & $-0.00237525$ & $-0.00797582$ & $0.00214632$ & $-0.0104192$ & $0.00982299$ & $1$ & $0.0573764$ & $0.0420844$ & $-0.0328692$ & $0.0701892$ & $0.011814$ & $-0.0392763$ & $0.00466011$ & $-0.0254559$ & $0.000475191$ & $-0.0134145$ & $0.0129035$ & $0.0182028$ & $0.00748576$ & $0.00639099$ & $0.00809713$ & $0.0267166$ & $-0.012914$ & $0.0246356$ & $0.00974207$ & $0.0169316$ \\
CeH_33r & $-0.0164979$ & $0.0193073$ & $0.0295964$ & $-0.0140944$ & $-0.0253955$ & $-0.0334767$ & $-0.187978$ & $0.0487897$ & $0.0678422$ & $-0.142009$ & $-0.0654157$ & $0.38951$ & $0.31187$ & $0.0408756$ & $0.042107$ & $0.0281391$ & $0.0292427$ & $0.000922204$ & $0.00968994$ & $0.0665234$ & $0.0638132$ & $0.0608038$ & $0.00805404$ & $-0.00356135$ & $0.0151014$ & $-0.0397959$ & $0.0164347$ & $0.0311396$ & $0.0573764$ & $1$ & $0.313551$ & $-0.0434601$ & $0.637627$ & $0.00881744$ & $-0.0953068$ & $-0.00935027$ & $-0.204591$ & $-0.0436503$ & $-0.0147962$ & $0.0117563$ & $-0.00332926$ & $-0.00821957$ & $-0.00819766$ & $0.000536321$ & $0.0905137$ & $-0.00494424$ & $-0.00706232$ & $0.0149698$ & $-0.0271423$ \\
CuH_22r & $-0.0213001$ & $0.0297077$ & $0.0162961$ & $-0.00456368$ & $-0.00929425$ & $-0.00592174$ & $-0.0930423$ & $0.00191845$ & $0.0120506$ & $-0.0637232$ & $-0.00840773$ & $0.129518$ & $0.135175$ & $0.0125278$ & $0.00162768$ & $-0.00722806$ & $0.0111185$ & $0.00891349$ & $0.0160302$ & $0.00854527$ & $0.00999354$ & $0.0120365$ & $0.0222725$ & $0.00898357$ & $0.0105629$ & $-0.0226962$ & $0.0058919$ & $-0.007006$ & $0.0420844$ & $0.313551$ & $1$ & $-0.0197716$ & $0.307992$ & $0.00134252$ & $-0.0571416$ & $0.0294041$ & $-0.0847871$ & $-0.00720267$ & $-0.0312473$ & $0.00165464$ & $0.000894835$ & $0.00594175$ & $0.0205809$ & $0.0119993$ & $0.0112872$ & $0.0825566$ & $0.385008$ & $-0.0432159$ & $-0.0423959$ \\
CuH_33r & $-0.00986394$ & $-0.0164841$ & $0.00362409$ & $0.00638531$ & $0.0103822$ & $0.0274696$ & $0.93773$ & $-0.0588645$ & $-0.0128141$ & $0.0857556$ & $0.0674077$ & $-0.178477$ & $-0.353976$ & $-0.035773$ & $-0.00885621$ & $-0.027327$ & $-0.00799999$ & $-0.00721632$ & $0.00524544$ & $-0.0668163$ & $-0.0679433$ & $-0.0693363$ & $-0.0196681$ & $0.0191149$ & $-0.00725921$ & $0.0463824$ & $-0.0401546$ & $-0.0215609$ & $-0.0328692$ & $-0.0434601$ & $-0.0197716$ & $1$ & $-0.040247$ & $-0.0396884$ & $0.0615906$ & $0.0257018$ & $0.022837$ & $-0.0265947$ & $0.0100097$ & $0.00457592$ & $0.0432998$ & $0.0207887$ & $0.000178509$ & $-0.0158058$ & $-0.00762407$ & $0.0221265$ & $-0.0217295$ & $0.0451852$ & $-0.000447791$ \\
CdH_33r & $-0.0227324$ & $0.0578288$ & $0.0119227$ & $-0.0759895$ & $-0.0227294$ & $-0.0241324$ & $-0.211016$ & $0.0669325$ & $0.0924578$ & $-0.169709$ & $-0.0824871$ & $0.433982$ & $0.348574$ & $0.0491043$ & $0.0467578$ & $0.038241$ & $0.0178207$ & $-0.0057806$ & $-0.00236692$ & $0.0855308$ & $0.081332$ & $0.0820823$ & $0.00517787$ & $-0.0188118$ & $0.00725829$ & $-0.0542451$ & $0.0195072$ & $0.0215476$ & $0.0701892$ & $0.637627$ & $0.307992$ & $-0.040247$ & $1$ & $0.0180017$ & $-0.0813665$ & $0.0348972$ & $-0.210777$ & $-0.0134054$ & $0.00177897$ & $0.00982599$ & $0.0466602$ & $0.0160733$ & $0.0747611$ & $-0.00400229$ & $-0.0144274$ & $0.0195097$ & $-0.027791$ & $0.176384$ & $0.47051$ \\
CLL_1221 & $0.00510596$ & $-0.00928557$ & $0.0144791$ & $0.0451513$ & $-0.00884853$ & $-0.127628$ & $-0.0302751$ & $0.579069$ & $0.567571$ & $-0.342508$ & $-0.364983$ & $-0.0329314$ & $0.0886979$ & $-0.248807$ & $-0.582198$ & $-0.0809875$ & $-0.283059$ & $-0.0233062$ & $-0.373608$ & $0.286274$ & $0.45021$ & $0.448137$ & $0.18764$ & $-0.633884$ & $-0.236243$ & $-0.240655$ & $0.685487$ & $0.160201$ & $0.011814$ & $0.00881744$ & $0.00134252$ & $-0.0396884$ & $0.0180017$ & $1$ & $-0.00203146$ & $0.0150465$ & $-0.0095597$ & $-0.00491551$ & $0.00915414$ & $0.00908193$ & $0.00464842$ & $0.00480203$ & $-0.00265565$ & $-0.007346$ & $0.0137435$ & $-0.0215318$ & $0.0123856$ & $0.0144184$ & $0.0125706$ \\
eHggint & $0.00457032$ & $-0.0356945$ & $0.0201031$ & $-0.032776$ & $0.0266453$ & $-0.0092764$ & $-0.0210795$ & $-0.00112977$ & $-0.0267643$ & $0.0368771$ & $0.00494591$ & $0.0960173$ & $0.010733$ & $-0.00440018$ & $-0.00171768$ & $-0.000639548$ & $-0.00552627$ & $-0.00260333$ & $-0.00455227$ & $-0.00350642$ & $-0.00496468$ & $-0.00638577$ & $-0.0212063$ & $-0.000910912$ & $-0.0140122$ & $0.00302716$ & $-0.0198091$ & $0.00675476$ & $-0.0392763$ & $-0.0953068$ & $-0.0571416$ & $0.0615906$ & $-0.0813665$ & $-0.00203146$ & $1$ & $-0.0548534$ & $0.104431$ & $0.0312572$ & $0.0550814$ & $-0.0173073$ & $0.00249227$ & $0.00792324$ & $-0.0166002$ & $-0.0411717$ & $0.0200676$ & $0.00781524$ & $-0.0368662$ & $0.0300306$ & $-0.0188097$ \\
eHggpar & $-0.00839999$ & $0.022563$ & $-0.0215335$ & $0.0242376$ & $0.0115158$ & $-0.00521727$ & $-0.0251044$ & $0.00428019$ & $-0.00493349$ & $0.015805$ & $0.00416834$ & $0.0545887$ & $0.025784$ & $-0.0274698$ & $-0.00713276$ & $-0.0113056$ & $-0.00706572$ & $-0.0137081$ & $-0.00947845$ & $-0.0054621$ & $-0.000534559$ & $-0.00173449$ & $0.00217126$ & $-0.00878975$ & $-0.00195593$ & $0.00505535$ & $0.0263275$ & $-0.00613009$ & $0.00466011$ & $-0.00935027$ & $0.0294041$ & $0.0257018$ & $0.0348972$ & $0.0150465$ & $-0.0548534$ & $1$ & $-0.0141267$ & $0.0100403$ & $0.0547482$ & $0.00138166$ & $0.0346685$ & $-0.0132932$ & $-0.0126103$ & $-0.013864$ & $-0.00824865$ & $-0.0392983$ & $0.0656251$ & $-0.0745902$ & $0.109174$ \\
eHWWint & $0.053385$ & $-0.0195322$ & $0.0289838$ & $-0.0208565$ & $3.59089e-05$ & $-0.00189148$ & $0.0533151$ & $-0.0190191$ & $-0.0354116$ & $0.00309553$ & $0.0197064$ & $-0.0118828$ & $-0.000312158$ & $-0.00701033$ & $-0.0116123$ & $-0.0125753$ & $-0.00337865$ & $0.00577593$ & $0.00692391$ & $-0.0204885$ & $-0.0211876$ & $-0.0227918$ & $-0.00698549$ & $0.0144458$ & $-0.0179308$ & $0.00693804$ & $-0.0238244$ & $-0.00364513$ & $-0.0254559$ & $-0.204591$ & $-0.0847871$ & $0.022837$ & $-0.210777$ & $-0.0095597$ & $0.104431$ & $-0.0141267$ & $1$ & $0.0109766$ & $-0.0130135$ & $-0.00934089$ & $-0.0163713$ & $0.0112302$ & $-0.0409748$ & $-0.00822874$ & $-0.0412039$ & $0.00163288$ & $0.04505$ & $-0.0074644$ & $0.0219057$ \\
eHWWpar & $-0.0170635$ & $0.0115504$ & $-0.00231471$ & $0.0144391$ & $0.00154389$ & $-0.0120529$ & $-0.0239645$ & $-0.00719983$ & $-0.00701201$ & $0.0145782$ & $0.00631321$ & $0.0156844$ & $0.00485146$ & $-0.0127204$ & $0.00510865$ & $0.0217095$ & $0.00461207$ & $-0.000265478$ & $-0.0160694$ & $-0.00300651$ & $-0.00790348$ & $-0.00985877$ & $0.000475017$ & $0.00764766$ & $-0.0133787$ & $-0.00959073$ & $-0.0294633$ & $-0.0232789$ & $0.000475191$ & $-0.0436503$ & $-0.00720267$ & $-0.0265947$ & $-0.0134054$ & $-0.00491551$ & $0.0312572$ & $0.0100403$ & $0.0109766$ & $1$ & $0.00955081$ & $0.00225307$ & $0.00891503$ & $0.0135539$ & $0.0159648$ & $0.0009488$ & $-0.0130534$ & $0.0123361$ & $0.0151369$ & $0.0154309$ & $0.0163375$ \\
eHZZint & $0.00955623$ & $0.0901575$ & $-0.0679088$ & $0.0294675$ & $0.00983792$ & $0.00347693$ & $-0.00799899$ & $0.00796196$ & $0.0082106$ & $0.0131255$ & $-0.0148766$ & $-0.00323554$ & $0.00960475$ & $0.0201815$ & $-0.00245259$ & $-0.00982295$ & $0.00422775$ & $0.00868044$ & $0.0125353$ & $0.015417$ & $0.0175267$ & $0.019098$ & $0.0164806$ & $-0.0150886$ & $0.0108461$ & $-0.0289486$ & $0.0115209$ & $-0.0368083$ & $-0.0134145$ & $-0.0147962$ & $-0.0312473$ & $0.0100097$ & $0.00177897$ & $0.00915414$ & $0.0550814$ & $0.0547482$ & $-0.0130135$ & $0.00955081$ & $1$ & $-0.0255333$ & $0.0348721$ & $0.0171846$ & $0.0883962$ & $-0.0718146$ & $0.0186503$ & $-0.0570142$ & $-0.0336979$ & $-0.0389605$ & $0.0700017$ \\
eHZZpar & $-0.03861$ & $0.00447332$ & $0.0210743$ & $0.0264602$ & $0.0044238$ & $-0.00103749$ & $0.00552669$ & $0.000589572$ & $0.00304778$ & $-0.0232945$ & $-0.0117568$ & $-0.0133604$ & $-0.00163825$ & $0.0193033$ & $-0.00498952$ & $0.0268244$ & $0.0249158$ & $0.0255108$ & $0.00328859$ & $0.0122396$ & $0.0116469$ & $0.0078292$ & $-0.0121114$ & $0.019128$ & $0.0246351$ & $0.00153039$ & $0.00342809$ & $0.00224012$ & $0.0129035$ & $0.0117563$ & $0.00165464$ & $0.00457592$ & $0.00982599$ & $0.00908193$ & $-0.0173073$ & $0.00138166$ & $-0.00934089$ & $0.00225307$ & $-0.0255333$ & $1$ & $0.00690772$ & $0.00520304$ & $-0.0101612$ & $0.00530943$ & $0.0107108$ & $-0.00285354$ & $0.0210968$ & $0.000328004$ & $0.00232805$ \\
eHZgaint & $0.0924753$ & $0.0200369$ & $-0.0711966$ & $-0.048466$ & $0.00141304$ & $0.0140046$ & $0.0488889$ & $0.00163726$ & $0.00777189$ & $-0.0558897$ & $0.00754307$ & $-0.0418939$ & $-0.0254569$ & $-0.0183326$ & $-0.00582412$ & $-8.21994e-05$ & $-0.0230054$ & $-0.01655$ & $-0.0196689$ & $-0.00844533$ & $-0.00719961$ & $-0.00932828$ & $-0.0171783$ & $-0.029209$ & $-0.0265147$ & $0.0122871$ & $-0.00329567$ & $-0.0326591$ & $0.0182028$ & $-0.00332926$ & $0.000894835$ & $0.0432998$ & $0.0466602$ & $0.00464842$ & $0.00249227$ & $0.0346685$ & $-0.0163713$ & $0.00891503$ & $0.0348721$ & $0.00690772$ & $1$ & $-0.00372715$ & $0.0205427$ & $0.00579884$ & $-0.0128359$ & $-0.0298686$ & $0.0494256$ & $-0.0440708$ & $0.124394$ \\
eHZgapar & $0.00550071$ & $-0.00487806$ & $-0.0259822$ & $0.0155148$ & $0.0162018$ & $0.00402835$ & $0.0255525$ & $0.012953$ & $0.0124475$ & $-0.0297908$ & $0.00514604$ & $-0.0129973$ & $-0.00509385$ & $-0.0253185$ & $0.00458776$ & $-0.00346892$ & $-0.0365265$ & $-0.0343901$ & $-0.0331541$ & $-0.00561046$ & $-0.00635331$ & $-0.0086216$ & $0.00380596$ & $-0.0309033$ & $-0.0385592$ & $-0.0038337$ & $-0.00829638$ & $0.000970102$ & $0.00748576$ & $-0.00821957$ & $0.00594175$ & $0.0207887$ & $0.0160733$ & $0.00480203$ & $0.00792324$ & $-0.0132932$ & $0.0112302$ & $0.0135539$ & $0.0171846$ & $0.00520304$ & $-0.00372715$ & $1$ & $0.0114761$ & $-0.0245526$ & $-0.00677803$ & $-0.0222389$ & $0.0326176$ & $-0.0118048$ & $0.0491431$ \\
eHgagaint & $-0.000713031$ & $0.0668503$ & $-0.131308$ & $-0.000528206$ & $0.000754684$ & $0.0122259$ & $-0.00130527$ & $-0.0277964$ & $0.0453097$ & $-0.00635587$ & $0.0223166$ & $-0.0353376$ & $0.00186744$ & $0.000643987$ & $-0.017102$ & $-0.0228804$ & $0.00988986$ & $0.0188437$ & $0.0172637$ & $-0.0229559$ & $-0.0207609$ & $-0.020922$ & $0.0102887$ & $0.00689743$ & $0.0172814$ & $-0.00501732$ & $-0.00555798$ & $-0.0121888$ & $0.00639099$ & $-0.00819766$ & $0.0205809$ & $0.000178509$ & $0.0747611$ & $-0.00265565$ & $-0.0166002$ & $-0.0126103$ & $-0.0409748$ & $0.0159648$ & $0.0883962$ & $-0.0101612$ & $0.0205427$ & $0.0114761$ & $1$ & $-0.0686407$ & $-0.00468831$ & $-0.0126084$ & $-0.0226143$ & $0.0288181$ & $0.143606$ \\
eHmumuint & $0.0396369$ & $-0.0246417$ & $-0.00439424$ & $0.0292883$ & $-0.0170807$ & $-0.0123514$ & $-0.00580668$ & $0.0239422$ & $0.0192229$ & $-0.0101497$ & $-0.021175$ & $-0.0146303$ & $-0.0126623$ & $0.00819168$ & $0.0236314$ & $-0.000575752$ & $-0.0155686$ & $-0.0217545$ & $-0.00299188$ & $0.0212919$ & $0.0194793$ & $0.0246115$ & $0.000337163$ & $-0.00770628$ & $-0.00979269$ & $0.00134854$ & $0.0182529$ & $0.0149378$ & $0.00809713$ & $0.000536321$ & $0.0119993$ & $-0.0158058$ & $-0.00400229$ & $-0.007346$ & $-0.0411717$ & $-0.013864$ & $-0.00822874$ & $0.0009488$ & $-0.0718146$ & $0.00530943$ & $0.00579884$ & $-0.0245526$ & $-0.0686407$ & $1$ & $0.057045$ & $-0.0179577$ & $0.0314965$ & $0.03997$ & $-0.00677732$ \\
eHtautauint & $0.00281307$ & $-0.0163233$ & $0.00774486$ & $0.00808542$ & $0.0148389$ & $-0.00935283$ & $-0.00475493$ & $0.00255329$ & $0.00628224$ & $0.00712245$ & $-0.000408242$ & $0.0121544$ & $0.0241467$ & $-0.0039638$ & $-0.013182$ & $-0.00219055$ & $0.00240783$ & $0.00500025$ & $-0.00153623$ & $-0.00240939$ & $0.00228875$ & $-0.00110455$ & $0.0323218$ & $-0.0123093$ & $0.00609291$ & $-0.0194593$ & $0.0156595$ & $-0.0156241$ & $0.0267166$ & $0.0905137$ & $0.0112872$ & $-0.00762407$ & $-0.0144274$ & $0.0137435$ & $0.0200676$ & $-0.00824865$ & $-0.0412039$ & $-0.0130534$ & $0.0186503$ & $0.0107108$ & $-0.0128359$ & $-0.00677803$ & $-0.00468831$ & $0.057045$ & $1$ & $0.0279173$ & $0.0186625$ & $0.0296703$ & $-0.081817$ \\
eHccint & $-0.0218376$ & $-0.0148069$ & $0.055681$ & $-0.0772735$ & $-0.0101774$ & $0.0158652$ & $0.0148208$ & $-0.0312919$ & $-0.031006$ & $0.0161487$ & $0.0398374$ & $0.00411481$ & $-0.0221373$ & $-0.022468$ & $-0.00638486$ & $-0.0203099$ & $-0.015819$ & $-0.00911251$ & $0.000920329$ & $-0.0402171$ & $-0.0414989$ & $-0.0399553$ & $-0.00438026$ & $0.014033$ & $-0.00867891$ & $0.0193691$ & $-0.0187663$ & $-0.0123796$ & $-0.012914$ & $-0.00494424$ & $0.0825566$ & $0.0221265$ & $0.0195097$ & $-0.0215318$ & $0.00781524$ & $-0.0392983$ & $0.00163288$ & $0.0123361$ & $-0.0570142$ & $-0.00285354$ & $-0.0298686$ & $-0.0222389$ & $-0.0126084$ & $-0.0179577$ & $0.0279173$ & $1$ & $-0.0570738$ & $-0.0245236$ & $0.036353$ \\
eHccpar & $-0.00656326$ & $-0.0104141$ & $-0.00711066$ & $0.0276291$ & $-0.00265078$ & $-0.00355088$ & $-0.0128733$ & $0.0126568$ & $0.00880748$ & $-0.0249112$ & $-0.0165773$ & $-0.00891168$ & $0.00762468$ & $0.0123906$ & $-0.00720084$ & $-0.016$ & $0.00556325$ & $0.00902576$ & $0.0192749$ & $0.0144695$ & $0.0198519$ & $0.0246148$ & $0.0368866$ & $-0.00517671$ & $0.00803596$ & $-0.0334284$ & $0.0193295$ & $-0.0168959$ & $0.0246356$ & $-0.00706232$ & $0.385008$ & $-0.0217295$ & $-0.027791$ & $0.0123856$ & $-0.0368662$ & $0.0656251$ & $0.04505$ & $0.0151369$ & $-0.0336979$ & $0.0210968$ & $0.0494256$ & $0.0326176$ & $-0.0226143$ & $0.0314965$ & $0.0186625$ & $-0.0570738$ & $1$ & $-0.0794716$ & $-0.0294193$ \\
eHbbint & $-0.0238856$ & $-0.0174848$ & $0.00573223$ & $-0.0400666$ & $-0.00963223$ & $-0.0206381$ & $0.0344713$ & $0.00592155$ & $0.00970817$ & $-0.00178401$ & $0.00150337$ & $0.0190926$ & $0.000165491$ & $-0.0240708$ & $-0.00474798$ & $0.0160171$ & $-0.00394643$ & $-0.00870021$ & $-0.0263108$ & $-0.00104155$ & $-0.00237186$ & $-0.00167694$ & $-0.00505985$ & $-0.000858559$ & $-0.00291588$ & $0.00548973$ & $0.0127992$ & $-0.010234$ & $0.00974207$ & $0.0149698$ & $-0.0432159$ & $0.0451852$ & $0.176384$ & $0.0144184$ & $0.0300306$ & $-0.0745902$ & $-0.0074644$ & $0.0154309$ & $-0.0389605$ & $0.000328004$ & $-0.0440708$ & $-0.0118048$ & $0.0288181$ & $0.03997$ & $0.0296703$ & $-0.0245236$ & $-0.0794716$ & $1$ & $-0.00404307$ \\
eHbbpar & $0.0231148$ & $0.116547$ & $-0.0406166$ & $-0.0875225$ & $-0.0123781$ & $0.0222469$ & $-0.0131464$ & $0.0228585$ & $0.0343583$ & $-0.016124$ & $-0.0223877$ & $-0.0194301$ & $-0.0172283$ & $0.0144981$ & $0.00803552$ & $-0.0015585$ & $-0.0168044$ & $-0.0106356$ & $-0.00542984$ & $0.0247528$ & $0.0252788$ & $0.0275614$ & $0.00724033$ & $-0.0203132$ & $-0.0142261$ & $-0.0284852$ & $0.00762662$ & $-0.00429867$ & $0.0169316$ & $-0.0271423$ & $-0.0423959$ & $-0.000447791$ & $0.47051$ & $0.0125706$ & $-0.0188097$ & $0.109174$ & $0.0219057$ & $0.0163375$ & $0.0700017$ & $0.00232805$ & $0.124394$ & $0.0491431$ & $0.143606$ & $-0.00677732$ & $-0.081817$ & $0.036353$ & $-0.0294193$ & $-0.00404307$ & $1$ \\
