 & AlsMz & dAle5Mz & mtop & mHl & Mz & CW & CHG & CHWB & CHWHB_gaga & CHWHB_gagaorth & CHD & CHbox & CH & CHL1_11 & CHL1_22 & CHL1_33 & CHL3_11 & CHL3_22 & CHL3_33 & CHe_11 & CHe_22 & CHe_33 & CHQ1_11 & CHQ1_33 & CHQ3_11 & CHu_11 & CHd_11 & CHd_33 & CeH_22r & CeH_33r & CuH_22r & CuH_33r & CdH_33r & CLL_1221 & eHggint & eHggpar & eHWWint & eHWWpar & eHZZint & eHZZpar & eHZgaint & eHZgapar & eHgagaint & eHmumuint & eHtautauint & eHccint & eHccpar & eHbbint & eHbbpar \\
AlsMz & $1$ & $-0.00581407$ & $0.0143388$ & $-0.0468633$ & $-0.00479651$ & $-0.01605$ & $0.00558116$ & $-0.0341019$ & $-0.0318835$ & $0.00926557$ & $0.0270179$ & $0.00184338$ & $0.018255$ & $-0.010203$ & $-0.00859873$ & $-0.0198002$ & $-0.00854612$ & $0.0038408$ & $0.0106962$ & $-0.034508$ & $-0.0372846$ & $-0.0413528$ & $0.0133312$ & $-0.0414016$ & $-0.109194$ & $-0.0378971$ & $-0.0478534$ & $0.00559043$ & $-0.0232031$ & $0.0150932$ & $-0.0435994$ & $0.00751478$ & $0.0036841$ & $-0.0266652$ & $0.0754719$ & $-0.0177659$ & $0.0785368$ & $-0.00410933$ & $0.0321042$ & $-0.0159152$ & $-0.00477814$ & $0.000866437$ & $0.0654238$ & $0.0979675$ & $-0.0243601$ & $-0.101073$ & $-0.10127$ & $0.046677$ & $0.00108686$ \\
dAle5Mz & $-0.00581407$ & $1$ & $-0.0800072$ & $0.0580832$ & $0.0103992$ & $0.00936818$ & $-0.0303819$ & $-0.092486$ & $-0.0955313$ & $0.0630398$ & $0.0716443$ & $0.0608104$ & $-0.00725498$ & $-0.0135474$ & $0.000803236$ & $-0.020962$ & $0.0186547$ & $0.00947804$ & $0.0269329$ & $-0.0486411$ & $-0.0506065$ & $-0.0477911$ & $-0.0262972$ & $0.0404842$ & $0.0214769$ & $0.0438855$ & $-0.0253748$ & $-0.0115087$ & $-0.0131092$ & $-0.0199486$ & $-0.108331$ & $-0.0192507$ & $-0.0402161$ & $-0.0164306$ & $0.159467$ & $-0.0257879$ & $0.00448351$ & $0.0218909$ & $0.0363966$ & $0.0384539$ & $-0.0554686$ & $-0.0291468$ & $-0.00753944$ & $-0.0268818$ & $0.017033$ & $0.013295$ & $-0.183908$ & $-0.0224936$ & $-0.0329544$ \\
mtop & $0.0143388$ & $-0.0800072$ & $1$ & $-0.0934646$ & $0.00060784$ & $-0.00916193$ & $-0.031926$ & $-0.00096322$ & $0.00315365$ & $0.0205258$ & $0.0094727$ & $0.0333779$ & $-0.0114368$ & $-0.00817079$ & $0.00903054$ & $0.0034245$ & $0.00388927$ & $-0.00609615$ & $-0.00296068$ & $-0.00435812$ & $-0.00320409$ & $-0.00576271$ & $-0.020977$ & $0.0038961$ & $-0.00206195$ & $0.0148639$ & $-0.00834348$ & $0.0194115$ & $0.0170365$ & $-0.00457324$ & $0.00033275$ & $-0.0424015$ & $0.0104579$ & $-0.00839347$ & $-0.0836315$ & $-0.00247437$ & $0.107668$ & $-0.0145132$ & $-0.0282855$ & $0.000905331$ & $-0.102906$ & $0.0342367$ & $0.0661868$ & $0.0652545$ & $-0.0488993$ & $-0.14337$ & $0.10033$ & $0.062227$ & $0.0136646$ \\
mHl & $-0.0468633$ & $0.0580832$ & $-0.0934646$ & $1$ & $-0.00995387$ & $0.00540417$ & $-0.00476972$ & $0.00645739$ & $0.00292799$ & $-0.017005$ & $-0.00788778$ & $-0.0306485$ & $0.0158745$ & $0.0111103$ & $0.0112936$ & $0.0122036$ & $-0.00428352$ & $-0.00716629$ & $-0.00680814$ & $0.00778535$ & $0.00751681$ & $0.00635524$ & $-0.00507152$ & $-0.00165445$ & $-0.00358021$ & $-0.000448181$ & $-0.00720848$ & $0.00104181$ & $0.0103494$ & $-0.010376$ & $-0.0116032$ & $-0.00473766$ & $0.0185722$ & $-0.00229751$ & $0.0351383$ & $-0.0404146$ & $-0.00848796$ & $-0.00881098$ & $-0.0718475$ & $-0.0321807$ & $-0.0376862$ & $-0.00327577$ & $0.0180302$ & $0.0776381$ & $0.0619964$ & $0.0487813$ & $-0.0455724$ & $0.0837274$ & $0.0191605$ \\
Mz & $-0.00479651$ & $0.0103992$ & $0.00060784$ & $-0.00995387$ & $1$ & $-0.0111135$ & $-0.0258147$ & $0.00345754$ & $0.00342868$ & $-0.0145239$ & $0.00859683$ & $-0.0140043$ & $0.00923185$ & $-0.00417949$ & $0.0112871$ & $0.0221684$ & $-0.0116919$ & $-0.0140114$ & $-0.0239454$ & $0.00171939$ & $-0.000120735$ & $0.00156244$ & $-0.0153367$ & $-0.00320216$ & $-0.0175034$ & $0.000901042$ & $-0.017538$ & $0.0140867$ & $0.0247861$ & $0.00304871$ & $-0.00168676$ & $-0.02823$ & $-0.00227042$ & $-0.00743397$ & $-0.00807725$ & $-0.00216805$ & $0.00932209$ & $-0.00479869$ & $0.00344415$ & $-0.0023841$ & $0.0315475$ & $-0.00191548$ & $-0.000779714$ & $0.00104999$ & $0.00180001$ & $0.0125893$ & $-0.0154029$ & $0.00468243$ & $-0.00810611$ \\
CW & $-0.01605$ & $0.00936818$ & $-0.00916193$ & $0.00540417$ & $-0.0111135$ & $1$ & $0.00604504$ & $-0.133555$ & $-0.128356$ & $0.0216281$ & $0.189065$ & $0.0599491$ & $-0.0038887$ & $0.0277729$ & $-0.0851863$ & $-0.0805715$ & $-0.260482$ & $-0.0406899$ & $-0.0441205$ & $-0.186314$ & $-0.192356$ & $-0.190339$ & $-0.0330333$ & $0.0136784$ & $-0.0930049$ & $0.120732$ & $-0.100296$ & $-0.0652088$ & $-0.0190236$ & $0.0152342$ & $-0.00980778$ & $0.0120727$ & $0.00692041$ & $-0.128063$ & $0.00810404$ & $0.0335684$ & $0.00593804$ & $-0.0015877$ & $0.0142217$ & $-0.00354034$ & $-0.00938084$ & $0.0166903$ & $-0.00551964$ & $0.0175388$ & $0.00293029$ & $0.00113826$ & $-0.0172627$ & $0.0112663$ & $-0.00415912$ \\
CHG & $0.00558116$ & $-0.0303819$ & $-0.031926$ & $-0.00476972$ & $-0.0258147$ & $0.00604504$ & $1$ & $-0.108664$ & $-0.0504859$ & $0.0659497$ & $0.0681284$ & $0.105312$ & $-0.287829$ & $0.0445078$ & $-0.0322278$ & $-0.0374864$ & $0.0855413$ & $0.100559$ & $0.102513$ & $-0.0672576$ & $-0.070609$ & $-0.0723321$ & $-0.0184726$ & $0.110454$ & $0.10766$ & $0.0531019$ & $-0.0255784$ & $-0.0197523$ & $0.003718$ & $-0.13196$ & $-0.0468795$ & $0.939371$ & $-0.145775$ & $-0.06307$ & $-0.0447335$ & $-0.0121932$ & $-0.0222964$ & $0.00858518$ & $0.00924809$ & $0.00799773$ & $0.0210712$ & $0.00608766$ & $0.00318223$ & $0.00355744$ & $-0.0464154$ & $0.0172591$ & $0.015571$ & $-0.0171238$ & $0.00288861$ \\
CHWB & $-0.0341019$ & $-0.092486$ & $-0.00096322$ & $0.00645739$ & $0.00345754$ & $-0.133555$ & $-0.108664$ & $1$ & $0.982816$ & $-0.582836$ & $-0.887232$ & $-0.417832$ & $0.355329$ & $0.109203$ & $0.309898$ & $0.306969$ & $-0.231044$ & $-0.436668$ & $-0.435791$ & $0.85951$ & $0.902543$ & $0.886942$ & $0.0901314$ & $-0.686117$ & $-0.39518$ & $-0.542167$ & $0.427405$ & $0.302714$ & $0.0182744$ & $0.106312$ & $0.0469054$ & $-0.10227$ & $0.107569$ & $0.566564$ & $-0.00821149$ & $0.00117126$ & $-0.00653396$ & $-0.00392623$ & $-0.0114716$ & $0.00863883$ & $0.0463524$ & $-0.0114661$ & $-0.0271824$ & $0.0344128$ & $0.00925986$ & $-0.0054203$ & $0.00887928$ & $0.00331669$ & $0.00383844$ \\
CHWHB_gaga & $-0.0318835$ & $-0.0955313$ & $0.00315365$ & $0.00292799$ & $0.00342868$ & $-0.128356$ & $-0.0504859$ & $0.982816$ & $1$ & $-0.575059$ & $-0.867733$ & $-0.395789$ & $0.347806$ & $0.0991487$ & $0.305485$ & $0.296843$ & $-0.236995$ & $-0.438009$ & $-0.432853$ & $0.840755$ & $0.88285$ & $0.8675$ & $0.0898222$ & $-0.679546$ & $-0.395914$ & $-0.530801$ & $0.419897$ & $0.294477$ & $0.0259322$ & $0.122924$ & $0.0603203$ & $-0.0535491$ & $0.125071$ & $0.554658$ & $-0.0301417$ & $-0.0112185$ & $-0.0180236$ & $-0.00370256$ & $-0.0105666$ & $0.00615776$ & $0.0360378$ & $-0.0104703$ & $0.0384079$ & $0.0288605$ & $0.00633227$ & $-0.00350745$ & $0.012544$ & $-0.00231147$ & $0.000693635$ \\
CHWHB_gagaorth & $0.00926557$ & $0.0630398$ & $0.0205258$ & $-0.017005$ & $-0.0145239$ & $0.0216281$ & $0.0659497$ & $-0.582836$ & $-0.575059$ & $1$ & $0.385163$ & $0.705214$ & $-0.256808$ & $0.197631$ & $-0.13843$ & $-0.13895$ & $0.414694$ & $0.475827$ & $0.479685$ & $-0.371211$ & $-0.399045$ & $-0.392097$ & $-0.0548664$ & $0.555455$ & $0.467281$ & $0.237712$ & $-0.237261$ & $-0.117731$ & $-0.0226571$ & $-0.153896$ & $-0.0656419$ & $0.0779849$ & $-0.148923$ & $-0.353567$ & $0.0391856$ & $0.0263898$ & $0.00765042$ & $0.00694783$ & $0.0210726$ & $-0.00320575$ & $-0.108052$ & $-0.017765$ & $0.0323331$ & $-0.0267999$ & $-0.0198784$ & $0.000512047$ & $0.0076568$ & $-0.0178467$ & $0.00812637$ \\
CHD & $0.0270179$ & $0.0716443$ & $0.0094727$ & $-0.00788778$ & $0.00859683$ & $0.189065$ & $0.0681284$ & $-0.887232$ & $-0.867733$ & $0.385163$ & $1$ & $0.368989$ & $-0.184179$ & $-0.507464$ & $-0.427262$ & $-0.421106$ & $-0.207841$ & $0.0863924$ & $0.0848815$ & $-0.990723$ & $-0.991485$ & $-0.970735$ & $-0.0390102$ & $0.340757$ & $0.0296097$ & $0.592855$ & $-0.304209$ & $-0.341893$ & $-0.00154431$ & $-0.0567519$ & $-0.0344306$ & $0.074244$ & $-0.0589654$ & $-0.381564$ & $0.0161959$ & $-0.00753868$ & $0.00905964$ & $-0.00109107$ & $0.0111248$ & $-0.0112235$ & $-0.0288885$ & $0.0200856$ & $0.0368046$ & $-0.0250724$ & $-0.00714973$ & $-0.00288725$ & $-0.0123148$ & $-0.00307829$ & $-0.00593239$ \\
CHbox & $0.00184338$ & $0.0608104$ & $0.0333779$ & $-0.0306485$ & $-0.0140043$ & $0.0599491$ & $0.105312$ & $-0.417832$ & $-0.395789$ & $0.705214$ & $0.368989$ & $1$ & $-0.419712$ & $-0.0606336$ & $-0.0944478$ & $-0.0801627$ & $0.0957419$ & $0.162526$ & $0.153686$ & $-0.346809$ & $-0.380042$ & $-0.373017$ & $-0.037835$ & $0.292246$ & $0.157787$ & $0.225521$ & $-0.203771$ & $-0.13424$ & $0.00179655$ & $0.023533$ & $-0.0260059$ & $0.151422$ & $0.0392249$ & $-0.264139$ & $0.0690009$ & $0.0230963$ & $0.0149902$ & $0.0172021$ & $0.0107608$ & $0.00127003$ & $-0.0783131$ & $-0.00357563$ & $0.0273213$ & $-0.0482975$ & $-0.0255583$ & $0.022249$ & $-0.000804907$ & $-0.0294095$ & $0.0192818$ \\
CH & $0.018255$ & $-0.00725498$ & $-0.0114368$ & $0.0158745$ & $0.00923185$ & $-0.0038887$ & $-0.287829$ & $0.355329$ & $0.347806$ & $-0.256808$ & $-0.184179$ & $-0.419712$ & $1$ & $-0.224833$ & $0.0866484$ & $0.0788926$ & $-0.362882$ & $-0.388581$ & $-0.384184$ & $0.180139$ & $0.192211$ & $0.191838$ & $0.0443222$ & $-0.400447$ & $-0.382211$ & $-0.130487$ & $0.129263$ & $0.0706065$ & $0.0698957$ & $0.275397$ & $0.0943694$ & $-0.227879$ & $0.319895$ & $0.21118$ & $0.0553339$ & $0.0168772$ & $-0.0105775$ & $0.00541817$ & $0.00322758$ & $-0.00564382$ & $-0.00745185$ & $-0.00348083$ & $0.0225571$ & $0.0510117$ & $0.0183706$ & $-0.0372562$ & $-0.0149432$ & $0.0097165$ & $-0.00147778$ \\
CHL1_11 & $-0.010203$ & $-0.0135474$ & $-0.00817079$ & $0.0111103$ & $-0.00417949$ & $0.0277729$ & $0.0445078$ & $0.109203$ & $0.0991487$ & $0.197631$ & $-0.507464$ & $-0.0606336$ & $-0.224833$ & $1$ & $0.273443$ & $0.267627$ & $0.645953$ & $0.580449$ & $0.580255$ & $0.526732$ & $0.469871$ & $0.451053$ & $-0.068359$ & $0.444461$ & $0.585879$ & $-0.276832$ & $-0.0928114$ & $0.173841$ & $-0.0283763$ & $-0.0658107$ & $-0.00325534$ & $0.0191525$ & $-0.062862$ & $-0.204673$ & $-0.0332405$ & $0.0242025$ & $-0.00117532$ & $-0.000400466$ & $0.00524392$ & $0.00767012$ & $-0.0160862$ & $-0.0137067$ & $-0.0337389$ & $0.00548524$ & $-0.00501788$ & $0.0082738$ & $0.0138088$ & $0.00638505$ & $0.00767083$ \\
CHL1_22 & $-0.00859873$ & $0.000803236$ & $0.00903054$ & $0.0112936$ & $0.0112871$ & $-0.0851863$ & $-0.0322278$ & $0.309898$ & $0.305485$ & $-0.13843$ & $-0.427262$ & $-0.0944478$ & $0.0866484$ & $0.273443$ & $1$ & $0.455563$ & $0.156667$ & $-0.462677$ & $-0.0508627$ & $0.491237$ & $0.345666$ & $0.335208$ & $-0.163515$ & $0.081868$ & $-0.145503$ & $-0.205779$ & $-0.391009$ & $0.135017$ & $-0.00193573$ & $0.0315502$ & $0.016146$ & $-0.0318711$ & $0.028718$ & $-0.577204$ & $0.0146049$ & $-0.0193121$ & $-0.00521098$ & $-0.0122294$ & $-0.0194742$ & $1.87962e-05$ & $0.0199566$ & $-0.00273335$ & $-0.0027801$ & $-0.0115638$ & $0.0105088$ & $0.00628324$ & $-0.0060468$ & $-0.00715081$ & $0.0120154$ \\
CHL1_33 & $-0.0198002$ & $-0.020962$ & $0.0034245$ & $0.0122036$ & $0.0221684$ & $-0.0805715$ & $-0.0374864$ & $0.306969$ & $0.296843$ & $-0.13895$ & $-0.421106$ & $-0.0801627$ & $0.0788926$ & $0.267627$ & $0.455563$ & $1$ & $0.150686$ & $-0.0467699$ & $-0.449246$ & $0.484955$ & $0.342148$ & $0.357653$ & $-0.155184$ & $0.0871604$ & $-0.137654$ & $-0.20399$ & $-0.37441$ & $0.136549$ & $0.00368787$ & $0.0379412$ & $0.00818501$ & $-0.0309657$ & $0.0327984$ & $-0.0971888$ & $0.0238934$ & $0.0048123$ & $0.00249805$ & $0.0125223$ & $-0.0235097$ & $0.00665932$ & $0.0117272$ & $-0.0111821$ & $-0.0265398$ & $0.000118684$ & $-0.00504054$ & $0.00616884$ & $-0.0367334$ & $-0.00446332$ & $0.00656812$ \\
CHL3_11 & $-0.00854612$ & $0.0186547$ & $0.00388927$ & $-0.00428352$ & $-0.0116919$ & $-0.260482$ & $0.0855413$ & $-0.231044$ & $-0.236995$ & $0.414694$ & $-0.207841$ & $0.0957419$ & $-0.362882$ & $0.645953$ & $0.156667$ & $0.150686$ & $1$ & $0.728816$ & $0.731074$ & $0.229378$ & $0.178662$ & $0.17036$ & $-0.0677268$ & $0.663652$ & $0.775819$ & $-0.100473$ & $-0.145626$ & $0.0800084$ & $-0.0361334$ & $-0.113087$ & $-0.0293107$ & $0.0582838$ & $-0.109116$ & $-0.235367$ & $-0.0154864$ & $0.0109322$ & $-0.00811879$ & $0.0126843$ & $0.000471705$ & $0.0035613$ & $-0.0376241$ & $-0.0199918$ & $-0.0184977$ & $-0.0277052$ & $-0.00392358$ & $0.0174117$ & $0.0177178$ & $-0.00196342$ & $0.00103627$ \\
CHL3_22 & $0.0038408$ & $0.00947804$ & $-0.00609615$ & $-0.00716629$ & $-0.0140114$ & $-0.0406899$ & $0.100559$ & $-0.436668$ & $-0.438009$ & $0.475827$ & $0.0863924$ & $0.162526$ & $-0.388581$ & $0.580449$ & $-0.462677$ & $-0.0467699$ & $0.728816$ & $1$ & $0.67822$ & $-0.0891738$ & $-0.0784488$ & $-0.0788974$ & $0.00510165$ & $0.62003$ & $0.79499$ & $0.0511313$ & $0.00542302$ & $-0.019228$ & $-0.0304733$ & $-0.118476$ & $-0.0328525$ & $0.0759765$ & $-0.114347$ & $0.0388673$ & $-0.0285939$ & $0.0283025$ & $0.00145562$ & $0.0159597$ & $0.0123742$ & $0.0054468$ & $-0.0473622$ & $-0.0118386$ & $-0.018286$ & $-0.0108985$ & $-0.0139142$ & $0.0102647$ & $0.0150493$ & $0.00481506$ & $-0.00442883$ \\
CHL3_33 & $0.0106962$ & $0.0269329$ & $-0.00296068$ & $-0.00680814$ & $-0.0239454$ & $-0.0441205$ & $0.102513$ & $-0.435791$ & $-0.432853$ & $0.479685$ & $0.0848815$ & $0.153686$ & $-0.384184$ & $0.580255$ & $-0.0508627$ & $-0.449246$ & $0.731074$ & $0.67822$ & $1$ & $-0.0884942$ & $-0.0770168$ & $-0.0763502$ & $0.000974053$ & $0.613385$ & $0.792874$ & $0.0526103$ & $0.00249203$ & $-0.0240886$ & $-0.0320156$ & $-0.123994$ & $-0.029078$ & $0.0721767$ & $-0.118693$ & $-0.328487$ & $-0.0395547$ & $0.0124681$ & $-0.00565809$ & $-0.000270399$ & $0.0174678$ & $0.00022319$ & $-0.042324$ & $-0.0040594$ & $-0.000912103$ & $-0.0184224$ & $-0.00548389$ & $0.00690285$ & $0.0359415$ & $0.00602583$ & $0.000576013$ \\
CHe_11 & $-0.034508$ & $-0.0486411$ & $-0.00435812$ & $0.00778535$ & $0.00171939$ & $-0.186314$ & $-0.0672576$ & $0.85951$ & $0.840755$ & $-0.371211$ & $-0.990723$ & $-0.346809$ & $0.180139$ & $0.526732$ & $0.491237$ & $0.484955$ & $0.229378$ & $-0.0891738$ & $-0.0884942$ & $1$ & $0.973836$ & $0.953463$ & $0.0125951$ & $-0.287987$ & $-0.0236594$ & $-0.58019$ & $0.230113$ & $0.337862$ & $0.00299045$ & $0.0577027$ & $0.0340644$ & $-0.0727867$ & $0.0586689$ & $0.304025$ & $-0.0118777$ & $0.00522701$ & $-0.00740073$ & $0.00157021$ & $-0.0144873$ & $0.0138761$ & $0.026181$ & $-0.0205153$ & $-0.0360962$ & $0.0201727$ & $0.00541782$ & $0.00334779$ & $0.00909713$ & $0.00197852$ & $0.00596592$ \\
CHe_22 & $-0.0372846$ & $-0.0506065$ & $-0.00320409$ & $0.00751681$ & $-0.000120735$ & $-0.192356$ & $-0.070609$ & $0.902543$ & $0.88285$ & $-0.399045$ & $-0.991485$ & $-0.380042$ & $0.192211$ & $0.469871$ & $0.345666$ & $0.342148$ & $0.178662$ & $-0.0784488$ & $-0.0770168$ & $0.973836$ & $1$ & $0.975841$ & $0.0649346$ & $-0.391961$ & $-0.0320671$ & $-0.595$ & $0.382774$ & $0.341713$ & $0.00326782$ & $0.0567158$ & $0.0332499$ & $-0.0771292$ & $0.0588612$ & $0.465169$ & $-0.0168663$ & $0.00708477$ & $-0.00893487$ & $0.0014218$ & $-0.0086113$ & $0.013135$ & $0.0277379$ & $-0.0213486$ & $-0.0369521$ & $0.0253003$ & $0.00726612$ & $0.00106811$ & $0.0130535$ & $0.00304577$ & $0.00351173$ \\
CHe_33 & $-0.0413528$ & $-0.0477911$ & $-0.00576271$ & $0.00635524$ & $0.00156244$ & $-0.190339$ & $-0.0723321$ & $0.886942$ & $0.8675$ & $-0.392097$ & $-0.970735$ & $-0.373017$ & $0.191838$ & $0.451053$ & $0.335208$ & $0.357653$ & $0.17036$ & $-0.0788974$ & $-0.0763502$ & $0.953463$ & $0.975841$ & $1$ & $0.0657139$ & $-0.388351$ & $-0.0330466$ & $-0.58298$ & $0.380647$ & $0.333216$ & $0.00632438$ & $0.0538199$ & $0.0288319$ & $-0.0788539$ & $0.0565713$ & $0.464404$ & $-0.0162128$ & $0.0116434$ & $-0.0100914$ & $0.00406206$ & $-0.00668709$ & $0.0115937$ & $0.0248789$ & $-0.0200279$ & $-0.0386923$ & $0.024115$ & $0.00154131$ & $-0.00341306$ & $0.0111668$ & $0.00984203$ & $0.00305531$ \\
CHQ1_11 & $0.0133312$ & $-0.0262972$ & $-0.020977$ & $-0.00507152$ & $-0.0153367$ & $-0.0330333$ & $-0.0184726$ & $0.0901314$ & $0.0898222$ & $-0.0548664$ & $-0.0390102$ & $-0.037835$ & $0.0443222$ & $-0.068359$ & $-0.163515$ & $-0.155184$ & $-0.0677268$ & $0.00510165$ & $0.000974053$ & $0.0125951$ & $0.0649346$ & $0.0657139$ & $1$ & $-0.145481$ & $0.0826671$ & $-0.681036$ & $0.36218$ & $0.0128177$ & $0.00869168$ & $0.0314641$ & $0.00628437$ & $-0.0187509$ & $0.0301799$ & $0.213352$ & $0.00861736$ & $-0.00989365$ & $-0.0186466$ & $-0.0230371$ & $-0.000963697$ & $-0.0211823$ & $0.0238019$ & $-0.00450244$ & $-0.0076189$ & $0.0277917$ & $0.0157436$ & $0.0519496$ & $-0.012664$ & $0.0224734$ & $-0.0139424$ \\
CHQ1_33 & $-0.0414016$ & $0.0404842$ & $0.0038961$ & $-0.00165445$ & $-0.00320216$ & $0.0136784$ & $0.110454$ & $-0.686117$ & $-0.679546$ & $0.555455$ & $0.340757$ & $0.292246$ & $-0.400447$ & $0.444461$ & $0.081868$ & $0.0871604$ & $0.663652$ & $0.62003$ & $0.613385$ & $-0.287987$ & $-0.391961$ & $-0.388351$ & $-0.145481$ & $1$ & $0.636267$ & $0.240469$ & $-0.425662$ & $-0.0213648$ & $-0.0251155$ & $-0.122498$ & $-0.0363278$ & $0.0916382$ & $-0.126305$ & $-0.628637$ & $-0.0151362$ & $0.0080721$ & $0.0037432$ & $0.00674768$ & $-0.00184474$ & $0.00386995$ & $-0.032689$ & $0.00159138$ & $0.00143561$ & $-0.0401703$ & $-0.0152857$ & $0.0146303$ & $0.00783464$ & $-0.0153006$ & $-0.00183155$ \\
CHQ3_11 & $-0.109194$ & $0.0214769$ & $-0.00206195$ & $-0.00358021$ & $-0.0175034$ & $-0.0930049$ & $0.10766$ & $-0.39518$ & $-0.395914$ & $0.467281$ & $0.0296097$ & $0.157787$ & $-0.382211$ & $0.585879$ & $-0.145503$ & $-0.137654$ & $0.775819$ & $0.79499$ & $0.792874$ & $-0.0236594$ & $-0.0320671$ & $-0.0330466$ & $0.0826671$ & $0.636267$ & $1$ & $0.024927$ & $0.213972$ & $-0.00566587$ & $-0.0188448$ & $-0.120033$ & $-0.0262382$ & $0.0795768$ & $-0.114606$ & $-0.186205$ & $-0.0352865$ & $0.00872149$ & $-0.0148148$ & $0.00380795$ & $0.00642858$ & $0.00315053$ & $-0.0388597$ & $-0.0158478$ & $-0.0169985$ & $-0.0373277$ & $0.00169507$ & $0.0199855$ & $0.0293385$ & $-0.00219864$ & $0.00103141$ \\
CHu_11 & $-0.0378971$ & $0.0438855$ & $0.0148639$ & $-0.000448181$ & $0.000901042$ & $0.120732$ & $0.0531019$ & $-0.542167$ & $-0.530801$ & $0.237712$ & $0.592855$ & $0.225521$ & $-0.130487$ & $-0.276832$ & $-0.205779$ & $-0.20399$ & $-0.100473$ & $0.0511313$ & $0.0526103$ & $-0.58019$ & $-0.595$ & $-0.58298$ & $-0.681036$ & $0.240469$ & $0.024927$ & $1$ & $-0.210648$ & $-0.208761$ & $0.00158701$ & $-0.0416897$ & $-0.014386$ & $0.0572813$ & $-0.0427127$ & $-0.280886$ & $-0.00735786$ & $0.00946494$ & $0.00540879$ & $0.0149838$ & $0.00182608$ & $0.0105709$ & $-0.0236669$ & $0.00530109$ & $0.00955376$ & $-0.04114$ & $-0.0107828$ & $-0.0307233$ & $0.00360848$ & $-0.0212497$ & $0.00755724$ \\
CHd_11 & $-0.0478534$ & $-0.0253748$ & $-0.00834348$ & $-0.00720848$ & $-0.017538$ & $-0.100296$ & $-0.0255784$ & $0.427405$ & $0.419897$ & $-0.237261$ & $-0.304209$ & $-0.203771$ & $0.129263$ & $-0.0928114$ & $-0.391009$ & $-0.37441$ & $-0.145626$ & $0.00542302$ & $0.00249203$ & $0.230113$ & $0.382774$ & $0.380647$ & $0.36218$ & $-0.425662$ & $0.213972$ & $-0.210648$ & $1$ & $0.0948204$ & $0.0227818$ & $0.0295985$ & $0.014881$ & $-0.0290552$ & $0.0312927$ & $0.692362$ & $-0.0209961$ & $-0.00243747$ & $-0.0125715$ & $-0.00581552$ & $0.00925446$ & $0.00571668$ & $0.023472$ & $-0.0144449$ & $-0.0142595$ & $0.0102479$ & $0.0123323$ & $-0.00386429$ & $0.0148819$ & $0.000936461$ & $-0.0074075$ \\
CHd_33 & $0.00559043$ & $-0.0115087$ & $0.0194115$ & $0.00104181$ & $0.0140867$ & $-0.0652088$ & $-0.0197523$ & $0.302714$ & $0.294477$ & $-0.117731$ & $-0.341893$ & $-0.13424$ & $0.0706065$ & $0.173841$ & $0.135017$ & $0.136549$ & $0.0800084$ & $-0.019228$ & $-0.0240886$ & $0.337862$ & $0.341713$ & $0.333216$ & $0.0128177$ & $-0.0213648$ & $-0.00566587$ & $-0.208761$ & $0.0948204$ & $1$ & $-0.00215316$ & $0.0101333$ & $0.00839685$ & $-0.0210854$ & $0.0101201$ & $0.144142$ & $0.000348497$ & $0.00238446$ & $0.0105161$ & $0.00149791$ & $-0.0336315$ & $0.00746595$ & $-0.00534286$ & $0.0064091$ & $-0.00819912$ & $0.016666$ & $-0.00908592$ & $0.00908622$ & $0.00650285$ & $0.00530489$ & $0.012974$ \\
CeH_22r & $-0.0232031$ & $-0.0131092$ & $0.0170365$ & $0.0103494$ & $0.0247861$ & $-0.0190236$ & $0.003718$ & $0.0182744$ & $0.0259322$ & $-0.0226571$ & $-0.00154431$ & $0.00179655$ & $0.0698957$ & $-0.0283763$ & $-0.00193573$ & $0.00368787$ & $-0.0361334$ & $-0.0304733$ & $-0.0320156$ & $0.00299045$ & $0.00326782$ & $0.00632438$ & $0.00869168$ & $-0.0251155$ & $-0.0188448$ & $0.00158701$ & $0.0227818$ & $-0.00215316$ & $1$ & $0.0540085$ & $0.0259674$ & $-0.0119702$ & $0.0500329$ & $0.012864$ & $-0.0222391$ & $-0.017558$ & $-0.0161245$ & $0.00810469$ & $0.0145488$ & $0.005097$ & $0.00716436$ & $0.0185477$ & $0.0204831$ & $-0.00310574$ & $-0.00630848$ & $0.00395987$ & $-0.00483944$ & $-0.00905454$ & $-0.00941192$ \\
CeH_33r & $0.0150932$ & $-0.0199486$ & $-0.00457324$ & $-0.010376$ & $0.00304871$ & $0.0152342$ & $-0.13196$ & $0.106312$ & $0.122924$ & $-0.153896$ & $-0.0567519$ & $0.023533$ & $0.275397$ & $-0.0658107$ & $0.0315502$ & $0.0379412$ & $-0.113087$ & $-0.118476$ & $-0.123994$ & $0.0577027$ & $0.0567158$ & $0.0538199$ & $0.0314641$ & $-0.122498$ & $-0.120033$ & $-0.0416897$ & $0.0295985$ & $0.0101333$ & $0.0540085$ & $1$ & $0.297404$ & $0.014486$ & $0.655249$ & $0.0529632$ & $-0.0290396$ & $-0.0287803$ & $-0.198226$ & $-0.0262386$ & $-0.0164631$ & $-0.00846597$ & $0.039364$ & $-0.00415028$ & $-0.0297589$ & $0.0140239$ & $0.0961217$ & $0.00725497$ & $-0.0391174$ & $0.0149651$ & $0.0180449$ \\
CuH_22r & $-0.0435994$ & $-0.108331$ & $0.00033275$ & $-0.0116032$ & $-0.00168676$ & $-0.00980778$ & $-0.0468795$ & $0.0469054$ & $0.0603203$ & $-0.0656419$ & $-0.0344306$ & $-0.0260059$ & $0.0943694$ & $-0.00325534$ & $0.016146$ & $0.00818501$ & $-0.0293107$ & $-0.0328525$ & $-0.029078$ & $0.0340644$ & $0.0332499$ & $0.0288319$ & $0.00628437$ & $-0.0363278$ & $-0.0262382$ & $-0.014386$ & $0.014881$ & $0.00839685$ & $0.0259674$ & $0.297404$ & $1$ & $0.0297418$ & $0.327177$ & $0.0136593$ & $-0.0922141$ & $-0.000664809$ & $-0.0117451$ & $-0.00688467$ & $-0.0363409$ & $0.0106349$ & $-0.0272093$ & $-0.000381429$ & $0.0189368$ & $-0.0274072$ & $-0.0305442$ & $0.0638458$ & $0.377217$ & $-0.037861$ & $0.00174957$ \\
CuH_33r & $0.00751478$ & $-0.0192507$ & $-0.0424015$ & $-0.00473766$ & $-0.02823$ & $0.0120727$ & $0.939371$ & $-0.10227$ & $-0.0535491$ & $0.0779849$ & $0.074244$ & $0.151422$ & $-0.227879$ & $0.0191525$ & $-0.0318711$ & $-0.0309657$ & $0.0582838$ & $0.0759765$ & $0.0721767$ & $-0.0727867$ & $-0.0771292$ & $-0.0788539$ & $-0.0187509$ & $0.0916382$ & $0.0795768$ & $0.0572813$ & $-0.0290552$ & $-0.0210854$ & $-0.0119702$ & $0.014486$ & $0.0297418$ & $1$ & $0.0258791$ & $-0.0578181$ & $0.0455626$ & $0.0172415$ & $-0.0661962$ & $0.00658978$ & $0.0218792$ & $0.0124274$ & $0.00586368$ & $-0.000753236$ & $-0.00267251$ & $0.0088515$ & $-0.0423998$ & $0.0171228$ & $-0.00409154$ & $-0.0121797$ & $0.00842508$ \\
CdH_33r & $0.0036841$ & $-0.0402161$ & $0.0104579$ & $0.0185722$ & $-0.00227042$ & $0.00692041$ & $-0.145775$ & $0.107569$ & $0.125071$ & $-0.148923$ & $-0.0589654$ & $0.0392249$ & $0.319895$ & $-0.062862$ & $0.028718$ & $0.0327984$ & $-0.109116$ & $-0.114347$ & $-0.118693$ & $0.0586689$ & $0.0588612$ & $0.0565713$ & $0.0301799$ & $-0.126305$ & $-0.114606$ & $-0.0427127$ & $0.0312927$ & $0.0101201$ & $0.0500329$ & $0.655249$ & $0.327177$ & $0.0258791$ & $1$ & $0.0554477$ & $-0.0195154$ & $-0.0524154$ & $-0.215081$ & $-0.0248078$ & $0.0427314$ & $-0.00487526$ & $-0.0069546$ & $-0.0122531$ & $-0.0492206$ & $0.00149791$ & $0.0759462$ & $0.0546622$ & $-0.0461633$ & $0.145615$ & $0.457333$ \\
CLL_1221 & $-0.0266652$ & $-0.0164306$ & $-0.00839347$ & $-0.00229751$ & $-0.00743397$ & $-0.128063$ & $-0.06307$ & $0.566564$ & $0.554658$ & $-0.353567$ & $-0.381564$ & $-0.264139$ & $0.21118$ & $-0.204673$ & $-0.577204$ & $-0.0971888$ & $-0.235367$ & $0.0388673$ & $-0.328487$ & $0.304025$ & $0.465169$ & $0.464404$ & $0.213352$ & $-0.628637$ & $-0.186205$ & $-0.280886$ & $0.692362$ & $0.144142$ & $0.012864$ & $0.0529632$ & $0.0136593$ & $-0.0578181$ & $0.0554477$ & $1$ & $-0.00203536$ & $0.0137547$ & $-0.0018575$ & $0.0106382$ & $0.00785355$ & $0.00958549$ & $0.0156715$ & $-0.011314$ & $-0.0217908$ & $0.0304034$ & $0.000740219$ & $-0.00634855$ & $5.07162e-05$ & $0.0047786$ & $-0.0112082$ \\
eHggint & $0.0754719$ & $0.159467$ & $-0.0836315$ & $0.0351383$ & $-0.00807725$ & $0.00810404$ & $-0.0447335$ & $-0.00821149$ & $-0.0301417$ & $0.0391856$ & $0.0161959$ & $0.0690009$ & $0.0553339$ & $-0.0332405$ & $0.0146049$ & $0.0238934$ & $-0.0154864$ & $-0.0285939$ & $-0.0395547$ & $-0.0118777$ & $-0.0168663$ & $-0.0162128$ & $0.00861736$ & $-0.0151362$ & $-0.0352865$ & $-0.00735786$ & $-0.0209961$ & $0.000348497$ & $-0.0222391$ & $-0.0290396$ & $-0.0922141$ & $0.0455626$ & $-0.0195154$ & $-0.00203536$ & $1$ & $-0.117244$ & $-0.0534199$ & $0.00410091$ & $0.0752945$ & $-0.00684966$ & $-0.174755$ & $-0.0307238$ & $0.0254598$ & $0.0355326$ & $0.044443$ & $-0.0147598$ & $-0.164834$ & $0.0202155$ & $0.0209179$ \\
eHggpar & $-0.0177659$ & $-0.0257879$ & $-0.00247437$ & $-0.0404146$ & $-0.00216805$ & $0.0335684$ & $-0.0121932$ & $0.00117126$ & $-0.0112185$ & $0.0263898$ & $-0.00753868$ & $0.0230963$ & $0.0168772$ & $0.0242025$ & $-0.0193121$ & $0.0048123$ & $0.0109322$ & $0.0283025$ & $0.0124681$ & $0.00522701$ & $0.00708477$ & $0.0116434$ & $-0.00989365$ & $0.0080721$ & $0.00872149$ & $0.00946494$ & $-0.00243747$ & $0.00238446$ & $-0.017558$ & $-0.0287803$ & $-0.000664809$ & $0.0172415$ & $-0.0524154$ & $0.0137547$ & $-0.117244$ & $1$ & $0.0573617$ & $0.0248315$ & $0.134664$ & $-0.00536484$ & $-0.0382368$ & $0.0299115$ & $-0.038126$ & $0.0141385$ & $-0.0383294$ & $-0.0169354$ & $0.0649729$ & $-0.0278882$ & $-0.0462572$ \\
eHWWint & $0.0785368$ & $0.00448351$ & $0.107668$ & $-0.00848796$ & $0.00932209$ & $0.00593804$ & $-0.0222964$ & $-0.00653396$ & $-0.0180236$ & $0.00765042$ & $0.00905964$ & $0.0149902$ & $-0.0105775$ & $-0.00117532$ & $-0.00521098$ & $0.00249805$ & $-0.00811879$ & $0.00145562$ & $-0.00565809$ & $-0.00740073$ & $-0.00893487$ & $-0.0100914$ & $-0.0186466$ & $0.0037432$ & $-0.0148148$ & $0.00540879$ & $-0.0125715$ & $0.0105161$ & $-0.0161245$ & $-0.198226$ & $-0.0117451$ & $-0.0661962$ & $-0.215081$ & $-0.0018575$ & $-0.0534199$ & $0.0573617$ & $1$ & $0.0171139$ & $-0.112588$ & $0.0163931$ & $-0.00696295$ & $0.00617424$ & $0.0416216$ & $0.0332007$ & $-0.124197$ & $-0.0679887$ & $0.216938$ & $-0.0323624$ & $-0.0290186$ \\
eHWWpar & $-0.00410933$ & $0.0218909$ & $-0.0145132$ & $-0.00881098$ & $-0.00479869$ & $-0.0015877$ & $0.00858518$ & $-0.00392623$ & $-0.00370256$ & $0.00694783$ & $-0.00109107$ & $0.0172021$ & $0.00541817$ & $-0.000400466$ & $-0.0122294$ & $0.0125223$ & $0.0126843$ & $0.0159597$ & $-0.000270399$ & $0.00157021$ & $0.0014218$ & $0.00406206$ & $-0.0230371$ & $0.00674768$ & $0.00380795$ & $0.0149838$ & $-0.00581552$ & $0.00149791$ & $0.00810469$ & $-0.0262386$ & $-0.00688467$ & $0.00658978$ & $-0.0248078$ & $0.0106382$ & $0.00410091$ & $0.0248315$ & $0.0171139$ & $1$ & $0.0464646$ & $-0.0200034$ & $-0.0296761$ & $-0.00239739$ & $0.0209563$ & $-0.0203036$ & $-0.0144942$ & $-0.00877322$ & $0.00561151$ & $0.0179786$ & $-0.0115547$ \\
eHZZint & $0.0321042$ & $0.0363966$ & $-0.0282855$ & $-0.0718475$ & $0.00344415$ & $0.0142217$ & $0.00924809$ & $-0.0114716$ & $-0.0105666$ & $0.0210726$ & $0.0111248$ & $0.0107608$ & $0.00322758$ & $0.00524392$ & $-0.0194742$ & $-0.0235097$ & $0.000471705$ & $0.0123742$ & $0.0174678$ & $-0.0144873$ & $-0.0086113$ & $-0.00668709$ & $-0.000963697$ & $-0.00184474$ & $0.00642858$ & $0.00182608$ & $0.00925446$ & $-0.0336315$ & $0.0145488$ & $-0.0164631$ & $-0.0363409$ & $0.0218792$ & $0.0427314$ & $0.00785355$ & $0.0752945$ & $0.134664$ & $-0.112588$ & $0.0464646$ & $1$ & $0.0272897$ & $-0.13466$ & $0.0135367$ & $0.0688671$ & $-0.0554977$ & $-0.0867923$ & $-0.0436878$ & $-0.0823859$ & $0.0544615$ & $0.121397$ \\
eHZZpar & $-0.0159152$ & $0.0384539$ & $0.000905331$ & $-0.0321807$ & $-0.0023841$ & $-0.00354034$ & $0.00799773$ & $0.00863883$ & $0.00615776$ & $-0.00320575$ & $-0.0112235$ & $0.00127003$ & $-0.00564382$ & $0.00767012$ & $1.87962e-05$ & $0.00665932$ & $0.0035613$ & $0.0054468$ & $0.00022319$ & $0.0138761$ & $0.013135$ & $0.0115937$ & $-0.0211823$ & $0.00386995$ & $0.00315053$ & $0.0105709$ & $0.00571668$ & $0.00746595$ & $0.005097$ & $-0.00846597$ & $0.0106349$ & $0.0124274$ & $-0.00487526$ & $0.00958549$ & $-0.00684966$ & $-0.00536484$ & $0.0163931$ & $-0.0200034$ & $0.0272897$ & $1$ & $0.00884696$ & $0.0117501$ & $-0.0206155$ & $0.00619207$ & $0.0110424$ & $0.00643545$ & $-0.00979642$ & $-0.0242584$ & $0.00187703$ \\
eHZgaint & $-0.00477814$ & $-0.0554686$ & $-0.102906$ & $-0.0376862$ & $0.0315475$ & $-0.00938084$ & $0.0210712$ & $0.0463524$ & $0.0360378$ & $-0.108052$ & $-0.0288885$ & $-0.0783131$ & $-0.00745185$ & $-0.0160862$ & $0.0199566$ & $0.0117272$ & $-0.0376241$ & $-0.0473622$ & $-0.042324$ & $0.026181$ & $0.0277379$ & $0.0248789$ & $0.0238019$ & $-0.032689$ & $-0.0388597$ & $-0.0236669$ & $0.023472$ & $-0.00534286$ & $0.00716436$ & $0.039364$ & $-0.0272093$ & $0.00586368$ & $-0.0069546$ & $0.0156715$ & $-0.174755$ & $-0.0382368$ & $-0.00696295$ & $-0.0296761$ & $-0.13466$ & $0.00884696$ & $1$ & $0.00234714$ & $-0.20664$ & $0.0926511$ & $0.111622$ & $-0.0326848$ & $-0.0905428$ & $0.00164842$ & $-0.0805584$ \\
eHZgapar & $0.000866437$ & $-0.0291468$ & $0.0342367$ & $-0.00327577$ & $-0.00191548$ & $0.0166903$ & $0.00608766$ & $-0.0114661$ & $-0.0104703$ & $-0.017765$ & $0.0200856$ & $-0.00357563$ & $-0.00348083$ & $-0.0137067$ & $-0.00273335$ & $-0.0111821$ & $-0.0199918$ & $-0.0118386$ & $-0.0040594$ & $-0.0205153$ & $-0.0213486$ & $-0.0200279$ & $-0.00450244$ & $0.00159138$ & $-0.0158478$ & $0.00530109$ & $-0.0144449$ & $0.0064091$ & $0.0185477$ & $-0.00415028$ & $-0.000381429$ & $-0.000753236$ & $-0.0122531$ & $-0.011314$ & $-0.0307238$ & $0.0299115$ & $0.00617424$ & $-0.00239739$ & $0.0135367$ & $0.0117501$ & $0.00234714$ & $1$ & $-0.000335651$ & $0.00583343$ & $-0.0323007$ & $-0.00107523$ & $-0.00312666$ & $0.0153245$ & $-0.0350434$ \\
eHgagaint & $0.0654238$ & $-0.00753944$ & $0.0661868$ & $0.0180302$ & $-0.000779714$ & $-0.00551964$ & $0.00318223$ & $-0.0271824$ & $0.0384079$ & $0.0323331$ & $0.0368046$ & $0.0273213$ & $0.0225571$ & $-0.0337389$ & $-0.0027801$ & $-0.0265398$ & $-0.0184977$ & $-0.018286$ & $-0.000912103$ & $-0.0360962$ & $-0.0369521$ & $-0.0386923$ & $-0.0076189$ & $0.00143561$ & $-0.0169985$ & $0.00955376$ & $-0.0142595$ & $-0.00819912$ & $0.0204831$ & $-0.0297589$ & $0.0189368$ & $-0.00267251$ & $-0.0492206$ & $-0.0217908$ & $0.0254598$ & $-0.038126$ & $0.0416216$ & $0.0209563$ & $0.0688671$ & $-0.0206155$ & $-0.20664$ & $-0.000335651$ & $1$ & $-0.0136402$ & $0.0132122$ & $-0.00199799$ & $0.0377985$ & $-0.0562087$ & $-0.0426623$ \\
eHmumuint & $0.0979675$ & $-0.0268818$ & $0.0652545$ & $0.0776381$ & $0.00104999$ & $0.0175388$ & $0.00355744$ & $0.0344128$ & $0.0288605$ & $-0.0267999$ & $-0.0250724$ & $-0.0482975$ & $0.0510117$ & $0.00548524$ & $-0.0115638$ & $0.000118684$ & $-0.0277052$ & $-0.0108985$ & $-0.0184224$ & $0.0201727$ & $0.0253003$ & $0.024115$ & $0.0277917$ & $-0.0401703$ & $-0.0373277$ & $-0.04114$ & $0.0102479$ & $0.016666$ & $-0.00310574$ & $0.0140239$ & $-0.0274072$ & $0.0088515$ & $0.00149791$ & $0.0304034$ & $0.0355326$ & $0.0141385$ & $0.0332007$ & $-0.0203036$ & $-0.0554977$ & $0.00619207$ & $0.0926511$ & $0.00583343$ & $-0.0136402$ & $1$ & $-0.117682$ & $-0.05398$ & $-0.0542468$ & $-0.0563368$ & $0.00173512$ \\
eHtautauint & $-0.0243601$ & $0.017033$ & $-0.0488993$ & $0.0619964$ & $0.00180001$ & $0.00293029$ & $-0.0464154$ & $0.00925986$ & $0.00633227$ & $-0.0198784$ & $-0.00714973$ & $-0.0255583$ & $0.0183706$ & $-0.00501788$ & $0.0105088$ & $-0.00504054$ & $-0.00392358$ & $-0.0139142$ & $-0.00548389$ & $0.00541782$ & $0.00726612$ & $0.00154131$ & $0.0157436$ & $-0.0152857$ & $0.00169507$ & $-0.0107828$ & $0.0123323$ & $-0.00908592$ & $-0.00630848$ & $0.0961217$ & $-0.0305442$ & $-0.0423998$ & $0.0759462$ & $0.000740219$ & $0.044443$ & $-0.0383294$ & $-0.124197$ & $-0.0144942$ & $-0.0867923$ & $0.0110424$ & $0.111622$ & $-0.0323007$ & $0.0132122$ & $-0.117682$ & $1$ & $-0.017444$ & $-0.0624697$ & $-0.0675272$ & $0.140747$ \\
eHccint & $-0.101073$ & $0.013295$ & $-0.14337$ & $0.0487813$ & $0.0125893$ & $0.00113826$ & $0.0172591$ & $-0.0054203$ & $-0.00350745$ & $0.000512047$ & $-0.00288725$ & $0.022249$ & $-0.0372562$ & $0.0082738$ & $0.00628324$ & $0.00616884$ & $0.0174117$ & $0.0102647$ & $0.00690285$ & $0.00334779$ & $0.00106811$ & $-0.00341306$ & $0.0519496$ & $0.0146303$ & $0.0199855$ & $-0.0307233$ & $-0.00386429$ & $0.00908622$ & $0.00395987$ & $0.00725497$ & $0.0638458$ & $0.0171228$ & $0.0546622$ & $-0.00634855$ & $-0.0147598$ & $-0.0169354$ & $-0.0679887$ & $-0.00877322$ & $-0.0436878$ & $0.00643545$ & $-0.0326848$ & $-0.00107523$ & $-0.00199799$ & $-0.05398$ & $-0.017444$ & $1$ & $-0.101082$ & $-0.110468$ & $0.124573$ \\
eHccpar & $-0.10127$ & $-0.183908$ & $0.10033$ & $-0.0455724$ & $-0.0154029$ & $-0.0172627$ & $0.015571$ & $0.00887928$ & $0.012544$ & $0.0076568$ & $-0.0123148$ & $-0.000804907$ & $-0.0149432$ & $0.0138088$ & $-0.0060468$ & $-0.0367334$ & $0.0177178$ & $0.0150493$ & $0.0359415$ & $0.00909713$ & $0.0130535$ & $0.0111668$ & $-0.012664$ & $0.00783464$ & $0.0293385$ & $0.00360848$ & $0.0148819$ & $0.00650285$ & $-0.00483944$ & $-0.0391174$ & $0.377217$ & $-0.00409154$ & $-0.0461633$ & $5.07162e-05$ & $-0.164834$ & $0.0649729$ & $0.216938$ & $0.00561151$ & $-0.0823859$ & $-0.00979642$ & $-0.0905428$ & $-0.00312666$ & $0.0377985$ & $-0.0542468$ & $-0.0624697$ & $-0.101082$ & $1$ & $-0.0612623$ & $-0.00306007$ \\
eHbbint & $0.046677$ & $-0.0224936$ & $0.062227$ & $0.0837274$ & $0.00468243$ & $0.0112663$ & $-0.0171238$ & $0.00331669$ & $-0.00231147$ & $-0.0178467$ & $-0.00307829$ & $-0.0294095$ & $0.0097165$ & $0.00638505$ & $-0.00715081$ & $-0.00446332$ & $-0.00196342$ & $0.00481506$ & $0.00602583$ & $0.00197852$ & $0.00304577$ & $0.00984203$ & $0.0224734$ & $-0.0153006$ & $-0.00219864$ & $-0.0212497$ & $0.000936461$ & $0.00530489$ & $-0.00905454$ & $0.0149651$ & $-0.037861$ & $-0.0121797$ & $0.145615$ & $0.0047786$ & $0.0202155$ & $-0.0278882$ & $-0.0323624$ & $0.0179786$ & $0.0544615$ & $-0.0242584$ & $0.00164842$ & $0.0153245$ & $-0.0562087$ & $-0.0563368$ & $-0.0675272$ & $-0.110468$ & $-0.0612623$ & $1$ & $-0.0523016$ \\
eHbbpar & $0.00108686$ & $-0.0329544$ & $0.0136646$ & $0.0191605$ & $-0.00810611$ & $-0.00415912$ & $0.00288861$ & $0.00383844$ & $0.000693635$ & $0.00812637$ & $-0.00593239$ & $0.0192818$ & $-0.00147778$ & $0.00767083$ & $0.0120154$ & $0.00656812$ & $0.00103627$ & $-0.00442883$ & $0.000576013$ & $0.00596592$ & $0.00351173$ & $0.00305531$ & $-0.0139424$ & $-0.00183155$ & $0.00103141$ & $0.00755724$ & $-0.0074075$ & $0.012974$ & $-0.00941192$ & $0.0180449$ & $0.00174957$ & $0.00842508$ & $0.457333$ & $-0.0112082$ & $0.0209179$ & $-0.0462572$ & $-0.0290186$ & $-0.0115547$ & $0.121397$ & $0.00187703$ & $-0.0805584$ & $-0.0350434$ & $-0.0426623$ & $0.00173512$ & $0.140747$ & $0.124573$ & $-0.00306007$ & $-0.0523016$ & $1$ \\
