 & AlsMz & dAle5Mz & mtop & mHl & Mz & CW & CHG & CHWB & CHWHB_gaga & CHWHB_gagaorth & CHD & CHbox & CH & CHL1_11 & CHL1_22 & CHL1_33 & CHL3_11 & CHL3_22 & CHL3_33 & CHe_11 & CHe_22 & CHe_33 & CHQ1_11 & CHQ1_33 & CHQ3_11 & CHu_11 & CHd_11 & CHd_33 & CeH_22r & CeH_33r & CuH_22r & CuH_33r & CdH_33r & CLL_1221 & eHggint & eHggpar & eHWWint & eHWWpar & eHZZint & eHZZpar & eHZgaint & eHZgapar & eHgagaint & eHmumuint & eHtautauint & eHccint & eHccpar & eHbbint & eHbbpar \\
AlsMz & $1$ & $0.297543$ & $0.00594802$ & $-0.128192$ & $-0.0167085$ & $0.0560577$ & $-0.0329032$ & $-0.0224005$ & $-0.022911$ & $0.0360812$ & $-0.00454991$ & $-0.080567$ & $-0.119808$ & $0.0586088$ & $-0.132954$ & $-0.0955684$ & $0.0473532$ & $0.128387$ & $0.0967132$ & $-0.00897065$ & $0.0167276$ & $0.0207339$ & $0.0797785$ & $0.0230839$ & $0.0866512$ & $-0.0544293$ & $0.146996$ & $0.0507999$ & $-0.0399132$ & $0.0160878$ & $-0.0519169$ & $-0.034556$ & $0.0366271$ & $0.0922776$ & $-0.0653045$ & $0.309397$ & $0.0404638$ & $-0.112077$ & $-0.378289$ & $-0.137462$ & $-0.0642495$ & $-0.123936$ & $-0.191797$ & $-0.508683$ & $0.292225$ & $0.319779$ & $-0.364916$ & $0.194025$ & $0.0853856$ \\
dAle5Mz & $0.297543$ & $1$ & $-0.341137$ & $0.0596713$ & $0.00501331$ & $0.0790187$ & $0.077378$ & $0.102708$ & $0.112513$ & $-0.0595919$ & $0.00981806$ & $0.132655$ & $0.127722$ & $-0.155682$ & $-0.266439$ & $-0.20664$ & $-0.187518$ & $-0.0438876$ & $-0.0776111$ & $-0.0358102$ & $0.037186$ & $0.0421631$ & $0.0736302$ & $-0.195662$ & $0.00159413$ & $0.0723342$ & $0.500583$ & $0.052783$ & $0.0116092$ & $0.081153$ & $-0.0090165$ & $0.111235$ & $0.0779788$ & $0.315265$ & $0.262464$ & $0.154718$ & $-0.211949$ & $0.25658$ & $-0.267202$ & $0.0829866$ & $0.240943$ & $0.15798$ & $0.00417708$ & $-0.472744$ & $0.430928$ & $0.125199$ & $-0.351891$ & $-0.156089$ & $0.0914164$ \\
mtop & $0.00594802$ & $-0.341137$ & $1$ & $-0.222333$ & $-0.0432984$ & $-0.0680412$ & $0.00158276$ & $-0.0581642$ & $-0.0562187$ & $0.0143154$ & $-0.053034$ & $-0.134293$ & $-0.131133$ & $0.169409$ & $0.158657$ & $0.182749$ & $0.187274$ & $0.109348$ & $0.0820272$ & $0.0756819$ & $0.0234547$ & $0.0240221$ & $-0.0416343$ & $0.186733$ & $0.0362814$ & $-0.0840644$ & $-0.329719$ & $0.00287666$ & $0.0469548$ & $-0.0542873$ & $-0.00774153$ & $-0.0195198$ & $-0.00318822$ & $-0.178352$ & $-0.0838852$ & $0.204286$ & $0.283112$ & $-0.148724$ & $0.157044$ & $-0.187811$ & $-0.54862$ & $-0.255653$ & $0.271374$ & $-0.0362481$ & $-0.0142223$ & $0.197926$ & $0.397033$ & $-0.025922$ & $0.354509$ \\
mHl & $-0.128192$ & $0.0596713$ & $-0.222333$ & $1$ & $0.0342459$ & $-0.0907311$ & $-0.0324797$ & $0.0429481$ & $0.0451716$ & $0.0418057$ & $-0.00333614$ & $0.0853957$ & $0.0492477$ & $-0.0657833$ & $-0.0724648$ & $-0.0971715$ & $-0.0498267$ & $-0.0317285$ & $-0.0132466$ & $-0.0107855$ & $0.0183114$ & $0.0154633$ & $0.0378331$ & $-0.0657905$ & $0.0466816$ & $0.0534029$ & $0.249816$ & $-0.0162154$ & $-0.00872791$ & $0.0438365$ & $0.0776993$ & $-0.0280758$ & $0.0475124$ & $0.100143$ & $-0.237761$ & $-0.0780412$ & $0.0414536$ & $-0.0863454$ & $0.311742$ & $-0.0794922$ & $0.370934$ & $0.126656$ & $0.0874997$ & $0.469955$ & $-0.335799$ & $0.113441$ & $0.147383$ & $-0.0758148$ & $0.0802989$ \\
Mz & $-0.0167085$ & $0.00501331$ & $-0.0432984$ & $0.0342459$ & $1$ & $0.0312017$ & $0.00230846$ & $-0.0357934$ & $-0.0330654$ & $0.0410237$ & $0.0532047$ & $0.0291069$ & $0.00677946$ & $-0.0213116$ & $-0.0130154$ & $-0.0250027$ & $-0.0204267$ & $-0.00804442$ & $0.000507213$ & $-0.0432124$ & $-0.0436625$ & $-0.0445558$ & $0.00901667$ & $-0.000694036$ & $0.000199545$ & $0.0104054$ & $-0.00751046$ & $-0.0484898$ & $-0.0124512$ & $0.00231302$ & $0.00118724$ & $0.00914239$ & $-0.00283291$ & $-0.0232572$ & $0.0191152$ & $-0.0108519$ & $-0.0582162$ & $-0.0111852$ & $-0.000682735$ & $0.00905903$ & $0.0592285$ & $0.024619$ & $-0.0381115$ & $-0.0233615$ & $0.0340112$ & $-0.057346$ & $0.0194554$ & $-0.000485914$ & $-0.0234169$ \\
CW & $0.0560577$ & $0.0790187$ & $-0.0680412$ & $-0.0907311$ & $0.0312017$ & $1$ & $0.0623348$ & $-0.1475$ & $-0.144167$ & $0.0602896$ & $0.208776$ & $-0.000956029$ & $-0.0657409$ & $0.0392445$ & $-0.114107$ & $-0.145131$ & $-0.246784$ & $-0.0267271$ & $-0.00101185$ & $-0.211522$ & $-0.207324$ & $-0.203633$ & $0.0554907$ & $-0.0123338$ & $-0.0565448$ & $0.0735327$ & $-0.0563911$ & $-0.0835091$ & $-0.0204529$ & $-0.00603585$ & $-0.012037$ & $0.0720516$ & $-0.0159284$ & $-0.115499$ & $0.155299$ & $-0.0269121$ & $0.041051$ & $0.0313858$ & $-0.0433639$ & $0.103379$ & $0.00982793$ & $0.0712305$ & $-0.0441087$ & $-0.134121$ & $0.0974177$ & $-0.0413588$ & $0.0428825$ & $-0.0909238$ & $0.0316582$ \\
CHG & $-0.0329032$ & $0.077378$ & $0.00158276$ & $-0.0324797$ & $0.00230846$ & $0.0623348$ & $1$ & $-0.109144$ & $-0.0590312$ & $0.0908666$ & $0.0467985$ & $-0.238485$ & $-0.301441$ & $0.101968$ & $-0.0295404$ & $-0.0874904$ & $0.107221$ & $0.130695$ & $0.163922$ & $-0.0484871$ & $-0.0472201$ & $-0.0483234$ & $0.00495552$ & $0.121348$ & $0.164675$ & $0.0307794$ & $0.0212775$ & $-0.010219$ & $0.0479872$ & $-0.160689$ & $-0.116652$ & $0.933381$ & $-0.211884$ & $-0.070032$ & $0.132751$ & $0.0935777$ & $0.0685496$ & $0.144405$ & $0.0180776$ & $0.0898989$ & $0.0603811$ & $0.0728183$ & $-0.0594011$ & $-0.114576$ & $0.018069$ & $-0.0572026$ & $-0.0564352$ & $-0.188665$ & $0.134632$ \\
CHWB & $-0.0224005$ & $0.102708$ & $-0.0581642$ & $0.0429481$ & $-0.0357934$ & $-0.1475$ & $-0.109144$ & $1$ & $0.98355$ & $-0.581019$ & $-0.859652$ & $0.133008$ & $0.37104$ & $0.0357553$ & $0.299665$ & $0.360355$ & $-0.27892$ & $-0.474382$ & $-0.49429$ & $0.82941$ & $0.882593$ & $0.863771$ & $-0.00272064$ & $-0.670242$ & $-0.502766$ & $-0.45424$ & $0.38823$ & $0.207063$ & $-0.00879308$ & $0.140733$ & $0.0320593$ & $-0.0985457$ & $0.170726$ & $0.562658$ & $-0.15908$ & $0.053481$ & $-0.0409166$ & $-0.0237795$ & $0.0672857$ & $0.0183767$ & $0.160442$ & $-0.0415107$ & $-0.0484539$ & $-0.0581789$ & $-0.0842004$ & $-0.047578$ & $-0.322688$ & $0.0637548$ & $0.0580477$ \\
CHWHB_gaga & $-0.022911$ & $0.112513$ & $-0.0562187$ & $0.0451716$ & $-0.0330654$ & $-0.144167$ & $-0.0590312$ & $0.98355$ & $1$ & $-0.566634$ & $-0.842022$ & $0.148422$ & $0.368569$ & $0.0282767$ & $0.299315$ & $0.354121$ & $-0.282365$ & $-0.476156$ & $-0.491983$ & $0.813259$ & $0.864304$ & $0.845681$ & $-0.00885669$ & $-0.661954$ & $-0.501469$ & $-0.441222$ & $0.378678$ & $0.203254$ & $0.000472441$ & $0.157675$ & $0.0392493$ & $-0.0559383$ & $0.191108$ & $0.548826$ & $-0.161482$ & $0.0525475$ & $-0.0365391$ & $-0.0223502$ & $0.0679052$ & $0.0111134$ & $0.159797$ & $-0.0376733$ & $-0.0364154$ & $-0.0584684$ & $-0.0808008$ & $-0.0517997$ & $-0.31728$ & $0.0533842$ & $0.0639833$ \\
CHWHB_gagaorth & $0.0360812$ & $-0.0595919$ & $0.0143154$ & $0.0418057$ & $0.0410237$ & $0.0602896$ & $0.0908666$ & $-0.581019$ & $-0.566634$ & $1$ & $0.361027$ & $0.200228$ & $-0.242634$ & $0.239793$ & $-0.103259$ & $-0.158721$ & $0.414267$ & $0.479416$ & $0.49679$ & $-0.343761$ & $-0.381497$ & $-0.37362$ & $-0.0112432$ & $0.547166$ & $0.513594$ & $0.189021$ & $-0.237313$ & $-0.0652374$ & $-0.00412112$ & $-0.124238$ & $-0.0365443$ & $0.106969$ & $-0.175535$ & $-0.380622$ & $0.109915$ & $-0.0110228$ & $0.0181602$ & $0.0300268$ & $-0.0323262$ & $-0.00896446$ & $-0.0829501$ & $0.0798464$ & $-0.0435776$ & $0.0258013$ & $0.120641$ & $0.0541593$ & $0.203975$ & $-0.0455759$ & $-0.103642$ \\
CHD & $-0.00454991$ & $0.00981806$ & $-0.053034$ & $-0.00333614$ & $0.0532047$ & $0.208776$ & $0.0467985$ & $-0.859652$ & $-0.842022$ & $0.361027$ & $1$ & $0.0592757$ & $-0.157572$ & $-0.49074$ & $-0.463798$ & $-0.482575$ & $-0.216475$ & $0.0730312$ & $0.0849809$ & $-0.990748$ & $-0.991194$ & $-0.96685$ & $0.0383201$ & $0.266203$ & $0.0690175$ & $0.540867$ & $-0.207322$ & $-0.288015$ & $0.0224771$ & $-0.0817799$ & $-0.0203397$ & $0.0495122$ & $-0.0885266$ & $-0.31573$ & $0.108858$ & $-0.0859368$ & $-0.0464631$ & $0.0291542$ & $-0.0257339$ & $0.0202082$ & $-0.0281555$ & $0.064602$ & $0.0500863$ & $0.0569407$ & $0.0431617$ & $-0.0246867$ & $0.211114$ & $-0.058802$ & $-0.0405709$ \\
CHbox & $-0.080567$ & $0.132655$ & $-0.134293$ & $0.0853957$ & $0.0291069$ & $-0.000956029$ & $-0.238485$ & $0.133008$ & $0.148422$ & $0.200228$ & $0.0592757$ & $1$ & $0.793676$ & $-0.323084$ & $-0.0223129$ & $0.0300907$ & $-0.363657$ & $-0.329907$ & $-0.348691$ & $-0.0497309$ & $-0.0487846$ & $-0.0436429$ & $-0.0470591$ & $-0.269426$ & $-0.319705$ & $0.0967447$ & $0.0904327$ & $-0.0574696$ & $0.052863$ & $0.372174$ & $0.135563$ & $-0.144008$ & $0.472194$ & $0.119684$ & $-0.128141$ & $-0.109354$ & $-0.158199$ & $0.011115$ & $0.0561436$ & $-0.0380773$ & $0.120464$ & $-0.00684377$ & $-0.0588748$ & $0.00808132$ & $0.0974126$ & $-0.152197$ & $-0.0540203$ & $0.102044$ & $-0.171458$ \\
CH & $-0.119808$ & $0.127722$ & $-0.131133$ & $0.0492477$ & $0.00677946$ & $-0.0657409$ & $-0.301441$ & $0.37104$ & $0.368569$ & $-0.242634$ & $-0.157572$ & $0.793676$ & $1$ & $-0.28787$ & $0.0330621$ & $0.0980314$ & $-0.398467$ & $-0.410953$ & $-0.435532$ & $0.15215$ & $0.175716$ & $0.175013$ & $-0.055216$ & $-0.421621$ & $-0.421589$ & $-0.0114112$ & $0.184986$ & $0.00172774$ & $0.032161$ & $0.306951$ & $0.127788$ & $-0.243249$ & $0.407971$ & $0.271008$ & $-0.147777$ & $-0.0870231$ & $-0.159482$ & $0.000670817$ & $0.0458069$ & $-0.0293255$ & $0.153689$ & $-0.0363898$ & $-0.0139898$ & $0.0132465$ & $-0.0036265$ & $-0.129374$ & $-0.131483$ & $0.104477$ & $-0.124527$ \\
CHL1_11 & $0.0586088$ & $-0.155682$ & $0.169409$ & $-0.0657833$ & $-0.0213116$ & $0.0392445$ & $0.101968$ & $0.0357553$ & $0.0282767$ & $0.239793$ & $-0.49074$ & $-0.323084$ & $-0.28787$ & $1$ & $0.319841$ & $0.256576$ & $0.676478$ & $0.618412$ & $0.629074$ & $0.510576$ & $0.445261$ & $0.42913$ & $-0.0522246$ & $0.516938$ & $0.628788$ & $-0.291211$ & $-0.20334$ & $0.196177$ & $-0.0365029$ & $-0.0663832$ & $-0.0171636$ & $0.083497$ & $-0.104693$ & $-0.307512$ & $0.0858623$ & $0.09454$ & $0.163526$ & $-0.00665983$ & $-0.0563508$ & $-0.0422396$ & $-0.190798$ & $-0.029504$ & $-0.0345003$ & $-0.0521214$ & $0.0659492$ & $0.11586$ & $0.105751$ & $-0.0141439$ & $-0.00194456$ \\
CHL1_22 & $-0.132954$ & $-0.266439$ & $0.158657$ & $-0.0724648$ & $-0.0130154$ & $-0.114107$ & $-0.0295404$ & $0.299665$ & $0.299315$ & $-0.103259$ & $-0.463798$ & $-0.0223129$ & $0.0330621$ & $0.319841$ & $1$ & $0.411651$ & $0.239684$ & $-0.377023$ & $0.0599897$ & $0.521908$ & $0.383785$ & $0.370003$ & $-0.0946782$ & $0.154317$ & $-0.012251$ & $-0.26219$ & $-0.370181$ & $0.13761$ & $0.0140492$ & $0.0216319$ & $-0.0162479$ & $-0.042066$ & $0.00718401$ & $-0.59013$ & $-0.133724$ & $0.00505399$ & $0.14704$ & $-0.121895$ & $0.0249351$ & $-0.134761$ & $-0.171558$ & $-0.10312$ & $0.0941894$ & $0.164183$ & $-0.0627759$ & $-0.0663852$ & $0.132962$ & $0.0741623$ & $-0.0781267$ \\
CHL1_33 & $-0.0955684$ & $-0.20664$ & $0.182749$ & $-0.0971715$ & $-0.0250027$ & $-0.145131$ & $-0.0874904$ & $0.360355$ & $0.354121$ & $-0.158721$ & $-0.482575$ & $0.0300907$ & $0.0980314$ & $0.256576$ & $0.411651$ & $1$ & $0.168288$ & $-0.0108838$ & $-0.412299$ & $0.534147$ & $0.410326$ & $0.423728$ & $-0.136077$ & $0.0756029$ & $-0.079896$ & $-0.223199$ & $-0.301907$ & $0.0998886$ & $0.0429221$ & $0.0788186$ & $0.0559791$ & $-0.0876323$ & $0.080383$ & $-0.0120868$ & $-0.20102$ & $-0.0262227$ & $0.0931837$ & $-0.0786196$ & $0.0230398$ & $-0.132776$ & $-0.199931$ & $-0.151137$ & $0.0534443$ & $0.0896302$ & $-0.00667978$ & $-0.0625486$ & $0.0807934$ & $0.141943$ & $-0.0920311$ \\
CHL3_11 & $0.0473532$ & $-0.187518$ & $0.187274$ & $-0.0498267$ & $-0.0204267$ & $-0.246784$ & $0.107221$ & $-0.27892$ & $-0.282365$ & $0.414267$ & $-0.216475$ & $-0.363657$ & $-0.398467$ & $0.676478$ & $0.239684$ & $0.168288$ & $1$ & $0.740076$ & $0.751376$ & $0.244144$ & $0.17399$ & $0.165155$ & $-0.0529258$ & $0.717787$ & $0.805676$ & $-0.138548$ & $-0.26452$ & $0.143479$ & $-0.0256195$ & $-0.120848$ & $-0.0261775$ & $0.0800273$ & $-0.160805$ & $-0.346887$ & $0.0870445$ & $0.0436597$ & $0.124825$ & $-0.00143314$ & $-0.0681854$ & $-0.0604914$ & $-0.205799$ & $-0.0388215$ & $-0.00733854$ & $0.0126682$ & $0.0574763$ & $0.144232$ & $0.182203$ & $-0.0120636$ & $-0.0200195$ \\
CHL3_22 & $0.128387$ & $-0.0438876$ & $0.109348$ & $-0.0317285$ & $-0.00804442$ & $-0.0267271$ & $0.130695$ & $-0.474382$ & $-0.476156$ & $0.479416$ & $0.0730312$ & $-0.329907$ & $-0.410953$ & $0.618412$ & $-0.377023$ & $-0.0108838$ & $0.740076$ & $1$ & $0.683566$ & $-0.0672614$ & $-0.0794889$ & $-0.0773934$ & $-0.00820022$ & $0.650598$ & $0.799517$ & $0.0275242$ & $-0.110392$ & $0.0462397$ & $-0.0323818$ & $-0.119848$ & $-0.00784141$ & $0.115506$ & $-0.153244$ & $-0.0591886$ & $0.17505$ & $0.0515031$ & $0.0636691$ & $0.0688121$ & $-0.0902933$ & $0.015762$ & $-0.141907$ & $0.0210838$ & $-0.0631793$ & $-0.101088$ & $0.118861$ & $0.169484$ & $0.130716$ & $-0.0530651$ & $0.0135536$ \\
CHL3_33 & $0.0967132$ & $-0.0776111$ & $0.0820272$ & $-0.0132466$ & $0.000507213$ & $-0.00101185$ & $0.163922$ & $-0.49429$ & $-0.491983$ & $0.49679$ & $0.0849809$ & $-0.348691$ & $-0.435532$ & $0.629074$ & $0.0599897$ & $-0.412299$ & $0.751376$ & $0.683566$ & $1$ & $-0.0750964$ & $-0.0948803$ & $-0.0910244$ & $0.0189323$ & $0.672153$ & $0.810274$ & $0.00328049$ & $-0.145089$ & $0.072649$ & $-0.050175$ & $-0.155307$ & $-0.0611633$ & $0.140738$ & $-0.199607$ & $-0.47051$ & $0.215934$ & $0.0685456$ & $0.0929752$ & $0.0402597$ & $-0.083246$ & $0.0145517$ & $-0.111272$ & $0.0558176$ & $-0.0378788$ & $-0.0473969$ & $0.0768926$ & $0.155227$ & $0.157923$ & $-0.0987307$ & $0.0210442$ \\
CHe_11 & $-0.00897065$ & $-0.0358102$ & $0.0756819$ & $-0.0107855$ & $-0.0432124$ & $-0.211522$ & $-0.0484871$ & $0.82941$ & $0.813259$ & $-0.343761$ & $-0.990748$ & $-0.0497309$ & $0.15215$ & $0.510576$ & $0.521908$ & $0.534147$ & $0.244144$ & $-0.0672614$ & $-0.0750964$ & $1$ & $0.97352$ & $0.949849$ & $-0.0516082$ & $-0.210984$ & $-0.0446775$ & $-0.53451$ & $0.143522$ & $0.28656$ & $-0.0182963$ & $0.0845201$ & $0.022209$ & $-0.0505182$ & $0.089584$ & $0.240757$ & $-0.115083$ & $0.0832121$ & $0.0590971$ & $-0.035982$ & $0.0210047$ & $-0.0351216$ & $-0.00226951$ & $-0.0751198$ & $-0.0376455$ & $-0.0438565$ & $-0.0343353$ & $0.0160877$ & $-0.179298$ & $0.0665241$ & $0.0247672$ \\
CHe_22 & $0.0167276$ & $0.037186$ & $0.0234547$ & $0.0183114$ & $-0.0436625$ & $-0.207324$ & $-0.0472201$ & $0.882593$ & $0.864304$ & $-0.381497$ & $-0.991194$ & $-0.0487846$ & $0.175716$ & $0.445261$ & $0.383785$ & $0.410326$ & $0.17399$ & $-0.0794889$ & $-0.0948803$ & $0.97352$ & $1$ & $0.971944$ & $-0.0215261$ & $-0.329004$ & $-0.0957256$ & $-0.538132$ & $0.285757$ & $0.285811$ & $-0.0272829$ & $0.0850938$ & $0.0187269$ & $-0.0477173$ & $0.0945961$ & $0.402339$ & $-0.0943804$ & $0.0917204$ & $0.0230195$ & $-0.013494$ & $0.026429$ & $0.00122642$ & $0.0677422$ & $-0.0474943$ & $-0.0627641$ & $-0.0808695$ & $-0.0414093$ & $0.0296065$ & $-0.2504$ & $0.0461693$ & $0.0568968$ \\
CHe_33 & $0.0207339$ & $0.0421631$ & $0.0240221$ & $0.0154633$ & $-0.0445558$ & $-0.203633$ & $-0.0483234$ & $0.863771$ & $0.845681$ & $-0.37362$ & $-0.96685$ & $-0.0436429$ & $0.175013$ & $0.42913$ & $0.370003$ & $0.423728$ & $0.165155$ & $-0.0773934$ & $-0.0910244$ & $0.949849$ & $0.971944$ & $1$ & $-0.0250423$ & $-0.325525$ & $-0.0949782$ & $-0.522048$ & $0.283367$ & $0.279518$ & $-0.023137$ & $0.0850141$ & $0.0159103$ & $-0.0487927$ & $0.0930865$ & $0.401359$ & $-0.0957114$ & $0.0808263$ & $0.0127025$ & $-0.00905969$ & $0.0256839$ & $0.00145006$ & $0.0663828$ & $-0.0538716$ & $-0.0707154$ & $-0.085334$ & $-0.0340697$ & $0.0244564$ & $-0.247116$ & $0.0513621$ & $0.0511266$ \\
CHQ1_11 & $0.0797785$ & $0.0736302$ & $-0.0416343$ & $0.0378331$ & $0.00901667$ & $0.0554907$ & $0.00495552$ & $-0.00272064$ & $-0.00885669$ & $-0.0112432$ & $0.0383201$ & $-0.0470591$ & $-0.055216$ & $-0.0522246$ & $-0.0946782$ & $-0.136077$ & $-0.0529258$ & $-0.00820022$ & $0.0189323$ & $-0.0516082$ & $-0.0215261$ & $-0.0250423$ & $1$ & $-0.0671566$ & $0.0500819$ & $-0.667365$ & $0.234017$ & $-0.00703066$ & $-0.0582054$ & $-0.0410752$ & $-0.0465887$ & $-0.0014801$ & $-0.0277595$ & $0.0738047$ & $0.0942026$ & $0.0059226$ & $0.00444368$ & $0.0253386$ & $0.02277$ & $0.0572185$ & $0.0216845$ & $0.0782536$ & $-0.0192101$ & $-0.0681529$ & $-0.0360783$ & $0.121203$ & $-0.115765$ & $-0.0786748$ & $0.117156$ \\
CHQ1_33 & $0.0230839$ & $-0.195662$ & $0.186733$ & $-0.0657905$ & $-0.000694036$ & $-0.0123338$ & $0.121348$ & $-0.670242$ & $-0.661954$ & $0.547166$ & $0.266203$ & $-0.269426$ & $-0.421621$ & $0.516938$ & $0.154317$ & $0.0756029$ & $0.717787$ & $0.650598$ & $0.672153$ & $-0.210984$ & $-0.329004$ & $-0.325525$ & $-0.0671566$ & $1$ & $0.727356$ & $0.132882$ & $-0.4431$ & $0.0895991$ & $-0.00310833$ & $-0.128259$ & $-0.0278539$ & $0.100466$ & $-0.170671$ & $-0.66578$ & $0.136611$ & $0.00473083$ & $0.123299$ & $0.00218449$ & $-0.079474$ & $-0.0833569$ & $-0.281159$ & $-0.0243015$ & $0.0368137$ & $0.0446128$ & $0.109551$ & $0.110344$ & $0.319452$ & $-0.026119$ & $-0.0697293$ \\
CHQ3_11 & $0.0866512$ & $0.00159413$ & $0.0362814$ & $0.0466816$ & $0.000199545$ & $-0.0565448$ & $0.164675$ & $-0.502766$ & $-0.501469$ & $0.513594$ & $0.0690175$ & $-0.319705$ & $-0.421589$ & $0.628788$ & $-0.012251$ & $-0.079896$ & $0.805676$ & $0.799517$ & $0.810274$ & $-0.0446775$ & $-0.0957256$ & $-0.0949782$ & $0.0500819$ & $0.727356$ & $1$ & $0.0177426$ & $0.0284608$ & $0.0506643$ & $-0.0387174$ & $-0.141412$ & $-0.0327679$ & $0.145596$ & $-0.18323$ & $-0.383385$ & $0.271563$ & $0.0472344$ & $0.0176683$ & $0.104828$ & $-0.0826357$ & $0.0678393$ & $-0.0642999$ & $0.0812866$ & $-0.0892614$ & $-0.101168$ & $0.106209$ & $0.160308$ & $0.104984$ & $-0.10773$ & $0.0144501$ \\
CHu_11 & $-0.0544293$ & $0.0723342$ & $-0.0840644$ & $0.0534029$ & $0.0104054$ & $0.0735327$ & $0.0307794$ & $-0.45424$ & $-0.441222$ & $0.189021$ & $0.540867$ & $0.0967447$ & $-0.0114112$ & $-0.291211$ & $-0.26219$ & $-0.223199$ & $-0.138548$ & $0.0275242$ & $0.00328049$ & $-0.53451$ & $-0.538132$ & $-0.522048$ & $-0.667365$ & $0.132882$ & $0.0177426$ & $1$ & $-0.0667895$ & $-0.167315$ & $0.0567159$ & $-0.0189575$ & $0.0180405$ & $0.0373082$ & $-0.0333054$ & $-0.149937$ & $0.0387718$ & $-0.045589$ & $-0.10366$ & $0.0458785$ & $-0.0260456$ & $0.0240669$ & $0.0824059$ & $0.0224716$ & $-0.00674395$ & $0.0310762$ & $0.0676994$ & $-0.10431$ & $0.116912$ & $-0.0053947$ & $-0.101882$ \\
CHd_11 & $0.146996$ & $0.500583$ & $-0.329719$ & $0.249816$ & $-0.00751046$ & $-0.0563911$ & $0.0212775$ & $0.38823$ & $0.378678$ & $-0.237313$ & $-0.207322$ & $0.0904327$ & $0.184986$ & $-0.20334$ & $-0.370181$ & $-0.301907$ & $-0.26452$ & $-0.110392$ & $-0.145089$ & $0.143522$ & $0.285757$ & $0.283367$ & $0.234017$ & $-0.4431$ & $0.0284608$ & $-0.0667895$ & $1$ & $0.0297772$ & $-0.0447353$ & $0.0387639$ & $-0.00250374$ & $0.0352045$ & $0.063404$ & $0.637217$ & $0.203977$ & $0.0684428$ & $-0.272213$ & $0.187479$ & $0.00600501$ & $0.246349$ & $0.434875$ & $0.181587$ & $-0.215339$ & $-0.29247$ & $0.028965$ & $0.0784293$ & $-0.476954$ & $-0.120785$ & $0.150146$ \\
CHd_33 & $0.0507999$ & $0.052783$ & $0.00287666$ & $-0.0162154$ & $-0.0484898$ & $-0.0835091$ & $-0.010219$ & $0.207063$ & $0.203254$ & $-0.0652374$ & $-0.288015$ & $-0.0574696$ & $0.00172774$ & $0.196177$ & $0.13761$ & $0.0998886$ & $0.143479$ & $0.0462397$ & $0.072649$ & $0.28656$ & $0.285811$ & $0.279518$ & $-0.00703066$ & $0.0895991$ & $0.0506643$ & $-0.167315$ & $0.0297772$ & $1$ & $-0.00258037$ & $0.0140939$ & $-0.00986004$ & $-0.0257189$ & $-0.00783263$ & $0.0581185$ & $0.0423166$ & $0.0217091$ & $0.0286284$ & $0.0229395$ & $-0.0567048$ & $-0.052585$ & $-0.0569398$ & $-0.0521932$ & $0.0121742$ & $-0.0423466$ & $0.0464689$ & $0.0905412$ & $-0.0606673$ & $-0.0229824$ & $0.00590036$ \\
CeH_22r & $-0.0399132$ & $0.0116092$ & $0.0469548$ & $-0.00872791$ & $-0.0124512$ & $-0.0204529$ & $0.0479872$ & $-0.00879308$ & $0.000472441$ & $-0.00412112$ & $0.0224771$ & $0.052863$ & $0.032161$ & $-0.0365029$ & $0.0140492$ & $0.0429221$ & $-0.0256195$ & $-0.0323818$ & $-0.050175$ & $-0.0182963$ & $-0.0272829$ & $-0.023137$ & $-0.0582054$ & $-0.00310833$ & $-0.0387174$ & $0.0567159$ & $-0.0447353$ & $-0.00258037$ & $1$ & $0.0202184$ & $0.0336691$ & $0.0381918$ & $0.0440883$ & $-0.0164743$ & $-0.0122606$ & $-0.00211135$ & $-0.0346708$ & $-0.019718$ & $0.0231501$ & $-0.0590391$ & $-0.0374793$ & $-0.0064467$ & $0.0882115$ & $0.056847$ & $-0.020802$ & $0.0180985$ & $0.0554743$ & $-0.00174169$ & $0.0464956$ \\
CeH_33r & $0.0160878$ & $0.081153$ & $-0.0542873$ & $0.0438365$ & $0.00231302$ & $-0.00603585$ & $-0.160689$ & $0.140733$ & $0.157675$ & $-0.124238$ & $-0.0817799$ & $0.372174$ & $0.306951$ & $-0.0663832$ & $0.0216319$ & $0.0788186$ & $-0.120848$ & $-0.119848$ & $-0.155307$ & $0.0845201$ & $0.0850938$ & $0.0850141$ & $-0.0410752$ & $-0.128259$ & $-0.141412$ & $-0.0189575$ & $0.0387639$ & $0.0140939$ & $0.0202184$ & $1$ & $0.323358$ & $0.00552448$ & $0.738818$ & $0.0935391$ & $-0.0954516$ & $-0.11424$ & $-0.0872804$ & $0.00397977$ & $0.0588639$ & $-0.0618842$ & $0.0136722$ & $-0.0899451$ & $-0.121901$ & $-0.0454847$ & $0.156715$ & $-0.133332$ & $-0.0290674$ & $0.135792$ & $-0.102992$ \\
CuH_22r & $-0.0519169$ & $-0.0090165$ & $-0.00774153$ & $0.0776993$ & $0.00118724$ & $-0.012037$ & $-0.116652$ & $0.0320593$ & $0.0392493$ & $-0.0365443$ & $-0.0203397$ & $0.135563$ & $0.127788$ & $-0.0171636$ & $-0.0162479$ & $0.0559791$ & $-0.0261775$ & $-0.00784141$ & $-0.0611633$ & $0.022209$ & $0.0187269$ & $0.0159103$ & $-0.0465887$ & $-0.0278539$ & $-0.0327679$ & $0.0180405$ & $-0.00250374$ & $-0.00986004$ & $0.0336691$ & $0.323358$ & $1$ & $-0.0222632$ & $0.408815$ & $0.0401485$ & $-0.066304$ & $-0.0822653$ & $-0.0632279$ & $-0.00616987$ & $0.0707431$ & $-0.0113842$ & $7.78039e-05$ & $-0.0416345$ & $-0.0375402$ & $0.0738931$ & $0.016998$ & $-0.023138$ & $0.0774896$ & $0.0851594$ & $-0.0256064$ \\
CuH_33r & $-0.034556$ & $0.111235$ & $-0.0195198$ & $-0.0280758$ & $0.00914239$ & $0.0720516$ & $0.933381$ & $-0.0985457$ & $-0.0559383$ & $0.106969$ & $0.0495122$ & $-0.144008$ & $-0.243249$ & $0.083497$ & $-0.042066$ & $-0.0876323$ & $0.0800273$ & $0.115506$ & $0.140738$ & $-0.0505182$ & $-0.0477173$ & $-0.0487927$ & $-0.0014801$ & $0.100466$ & $0.145596$ & $0.0373082$ & $0.0352045$ & $-0.0257189$ & $0.0381918$ & $0.00552448$ & $-0.0222632$ & $1$ & $0.00230176$ & $-0.0527025$ & $0.15121$ & $0.0812789$ & $0.0500773$ & $0.166801$ & $0.0180621$ & $0.0963632$ & $0.0750667$ & $0.0646535$ & $-0.0893292$ & $-0.153169$ & $0.0701539$ & $-0.0891436$ & $-0.0670984$ & $-0.185745$ & $0.122214$ \\
CdH_33r & $0.0366271$ & $0.0779788$ & $-0.00318822$ & $0.0475124$ & $-0.00283291$ & $-0.0159284$ & $-0.211884$ & $0.170726$ & $0.191108$ & $-0.175535$ & $-0.0885266$ & $0.472194$ & $0.407971$ & $-0.104693$ & $0.00718401$ & $0.080383$ & $-0.160805$ & $-0.153244$ & $-0.199607$ & $0.089584$ & $0.0945961$ & $0.0930865$ & $-0.0277595$ & $-0.170671$ & $-0.18323$ & $-0.0333054$ & $0.063404$ & $-0.00783263$ & $0.0440883$ & $0.738818$ & $0.408815$ & $0.00230176$ & $1$ & $0.130474$ & $-0.116433$ & $-0.130194$ & $-0.0662395$ & $-0.0244751$ & $0.0661372$ & $-0.0603638$ & $0.0188044$ & $-0.0949307$ & $-0.0558369$ & $-0.0423486$ & $0.102582$ & $-0.0886513$ & $-0.0318436$ & $0.109968$ & $0.0116121$ \\
CLL_1221 & $0.0922776$ & $0.315265$ & $-0.178352$ & $0.100143$ & $-0.0232572$ & $-0.115499$ & $-0.070032$ & $0.562658$ & $0.548826$ & $-0.380622$ & $-0.31573$ & $0.119684$ & $0.271008$ & $-0.307512$ & $-0.59013$ & $-0.0120868$ & $-0.346887$ & $-0.0591886$ & $-0.47051$ & $0.240757$ & $0.402339$ & $0.401359$ & $0.0738047$ & $-0.66578$ & $-0.383385$ & $-0.149937$ & $0.637217$ & $0.0581185$ & $-0.0164743$ & $0.0935391$ & $0.0401485$ & $-0.0527025$ & $0.130474$ & $1$ & $-0.0300591$ & $0.031801$ & $-0.170412$ & $0.0847524$ & $0.0316755$ & $0.122235$ & $0.277144$ & $0.044723$ & $-0.11476$ & $-0.178173$ & $-0.0168065$ & $0.0240346$ & $-0.380047$ & $-0.00352065$ & $0.112086$ \\
eHggint & $-0.0653045$ & $0.262464$ & $-0.0838852$ & $-0.237761$ & $0.0191152$ & $0.155299$ & $0.132751$ & $-0.15908$ & $-0.161482$ & $0.109915$ & $0.108858$ & $-0.128141$ & $-0.147777$ & $0.0858623$ & $-0.133724$ & $-0.20102$ & $0.0870445$ & $0.17505$ & $0.215934$ & $-0.115083$ & $-0.0943804$ & $-0.0957114$ & $0.0942026$ & $0.136611$ & $0.271563$ & $0.0387718$ & $0.203977$ & $0.0423166$ & $-0.0122606$ & $-0.0954516$ & $-0.066304$ & $0.15121$ & $-0.116433$ & $-0.0300591$ & $1$ & $0.0560791$ & $-0.102622$ & $0.271447$ & $-0.217259$ & $0.229708$ & $-0.0219295$ & $0.156155$ & $0.0159619$ & $-0.448975$ & $0.308578$ & $0.173142$ & $0.039495$ & $-0.422057$ & $0.113019$ \\
eHggpar & $0.309397$ & $0.154718$ & $0.204286$ & $-0.0780412$ & $-0.0108519$ & $-0.0269121$ & $0.0935777$ & $0.053481$ & $0.0525475$ & $-0.0110228$ & $-0.0859368$ & $-0.109354$ & $-0.0870231$ & $0.09454$ & $0.00505399$ & $-0.0262227$ & $0.0436597$ & $0.0515031$ & $0.0685456$ & $0.0832121$ & $0.0917204$ & $0.0808263$ & $0.0059226$ & $0.00473083$ & $0.0472344$ & $-0.045589$ & $0.0684428$ & $0.0217091$ & $-0.00211135$ & $-0.11424$ & $-0.0822653$ & $0.0812789$ & $-0.130194$ & $0.031801$ & $0.0560791$ & $1$ & $0.124611$ & $-0.0143528$ & $-0.306541$ & $0.0152876$ & $-0.173989$ & $-0.00502599$ & $-0.0273629$ & $-0.416587$ & $0.185114$ & $0.249109$ & $-0.25229$ & $-0.0144783$ & $-0.00120241$ \\
eHWWint & $0.0404638$ & $-0.211949$ & $0.283112$ & $0.0414536$ & $-0.0582162$ & $0.041051$ & $0.0685496$ & $-0.0409166$ & $-0.0365391$ & $0.0181602$ & $-0.0464631$ & $-0.158199$ & $-0.159482$ & $0.163526$ & $0.14704$ & $0.0931837$ & $0.124825$ & $0.0636691$ & $0.0929752$ & $0.0590971$ & $0.0230195$ & $0.0127025$ & $0.00444368$ & $0.123299$ & $0.0176683$ & $-0.10366$ & $-0.272213$ & $0.0286284$ & $-0.0346708$ & $-0.0872804$ & $-0.0632279$ & $0.0500773$ & $-0.0662395$ & $-0.170412$ & $-0.102622$ & $0.124611$ & $1$ & $-0.25602$ & $0.398545$ & $0.0154484$ & $-0.195608$ & $-0.0363372$ & $0.227779$ & $0.0485158$ & $-0.184984$ & $0.117328$ & $0.207894$ & $-0.392537$ & $0.33441$ \\
eHWWpar & $-0.112077$ & $0.25658$ & $-0.148724$ & $-0.0863454$ & $-0.0111852$ & $0.0313858$ & $0.144405$ & $-0.0237795$ & $-0.0223502$ & $0.0300268$ & $0.0291542$ & $0.011115$ & $0.000670817$ & $-0.00665983$ & $-0.121895$ & $-0.0786196$ & $-0.00143314$ & $0.0688121$ & $0.0402597$ & $-0.035982$ & $-0.013494$ & $-0.00905969$ & $0.0253386$ & $0.00218449$ & $0.104828$ & $0.0458785$ & $0.187479$ & $0.0229395$ & $-0.019718$ & $0.00397977$ & $-0.00616987$ & $0.166801$ & $-0.0244751$ & $0.0847524$ & $0.271447$ & $-0.0143528$ & $-0.25602$ & $1$ & $0.0171089$ & $0.143203$ & $0.0293282$ & $0.0320292$ & $-0.19115$ & $-0.197208$ & $0.11637$ & $-0.235568$ & $-0.151801$ & $-0.00989036$ & $-0.111065$ \\
eHZZint & $-0.378289$ & $-0.267202$ & $0.157044$ & $0.311742$ & $-0.000682735$ & $-0.0433639$ & $0.0180776$ & $0.0672857$ & $0.0679052$ & $-0.0323262$ & $-0.0257339$ & $0.0561436$ & $0.0458069$ & $-0.0563508$ & $0.0249351$ & $0.0230398$ & $-0.0681854$ & $-0.0902933$ & $-0.083246$ & $0.0210047$ & $0.026429$ & $0.0256839$ & $0.02277$ & $-0.079474$ & $-0.0826357$ & $-0.0260456$ & $0.00600501$ & $-0.0567048$ & $0.0231501$ & $0.0588639$ & $0.0707431$ & $0.0180621$ & $0.0661372$ & $0.0316755$ & $-0.217259$ & $-0.306541$ & $0.398545$ & $0.0171089$ & $1$ & $-0.0128505$ & $-0.077361$ & $0.088525$ & $0.035583$ & $0.395141$ & $-0.243518$ & $-0.166119$ & $0.290767$ & $-0.12225$ & $0.136787$ \\
eHZZpar & $-0.137462$ & $0.0829866$ & $-0.187811$ & $-0.0794922$ & $0.00905903$ & $0.103379$ & $0.0898989$ & $0.0183767$ & $0.0111134$ & $-0.00896446$ & $0.0202082$ & $-0.0380773$ & $-0.0293255$ & $-0.0422396$ & $-0.134761$ & $-0.132776$ & $-0.0604914$ & $0.015762$ & $0.0145517$ & $-0.0351216$ & $0.00122642$ & $0.00145006$ & $0.0572185$ & $-0.0833569$ & $0.0678393$ & $0.0240669$ & $0.246349$ & $-0.052585$ & $-0.0590391$ & $-0.0618842$ & $-0.0113842$ & $0.0963632$ & $-0.0603638$ & $0.122235$ & $0.229708$ & $0.0152876$ & $0.0154484$ & $0.143203$ & $-0.0128505$ & $1$ & $0.264351$ & $0.210475$ & $-0.209208$ & $-0.119401$ & $-0.117998$ & $-0.00866008$ & $-0.19942$ & $-0.20583$ & $0.122654$ \\
eHZgaint & $-0.0642495$ & $0.240943$ & $-0.54862$ & $0.370934$ & $0.0592285$ & $0.00982793$ & $0.0603811$ & $0.160442$ & $0.159797$ & $-0.0829501$ & $-0.0281555$ & $0.120464$ & $0.153689$ & $-0.190798$ & $-0.171558$ & $-0.199931$ & $-0.205799$ & $-0.141907$ & $-0.111272$ & $-0.00226951$ & $0.0677422$ & $0.0663828$ & $0.0216845$ & $-0.281159$ & $-0.0642999$ & $0.0824059$ & $0.434875$ & $-0.0569398$ & $-0.0374793$ & $0.0136722$ & $7.78039e-05$ & $0.0750667$ & $0.0188044$ & $0.277144$ & $-0.0219295$ & $-0.173989$ & $-0.195608$ & $0.0293282$ & $-0.077361$ & $0.264351$ & $1$ & $0.236351$ & $-0.0552055$ & $0.13725$ & $-0.376167$ & $-0.0861334$ & $-0.165339$ & $-0.2144$ & $0.0756534$ \\
eHZgapar & $-0.123936$ & $0.15798$ & $-0.255653$ & $0.126656$ & $0.024619$ & $0.0712305$ & $0.0728183$ & $-0.0415107$ & $-0.0376733$ & $0.0798464$ & $0.064602$ & $-0.00684377$ & $-0.0363898$ & $-0.029504$ & $-0.10312$ & $-0.151137$ & $-0.0388215$ & $0.0210838$ & $0.0558176$ & $-0.0751198$ & $-0.0474943$ & $-0.0538716$ & $0.0782536$ & $-0.0243015$ & $0.0812866$ & $0.0224716$ & $0.181587$ & $-0.0521932$ & $-0.0064467$ & $-0.0899451$ & $-0.0416345$ & $0.0646535$ & $-0.0949307$ & $0.044723$ & $0.156155$ & $-0.00502599$ & $-0.0363372$ & $0.0320292$ & $0.088525$ & $0.210475$ & $0.236351$ & $1$ & $0.18564$ & $0.0740422$ & $-0.196096$ & $-0.0410485$ & $-0.0683967$ & $-0.308414$ & $0.138591$ \\
eHgagaint & $-0.191797$ & $0.00417708$ & $0.271374$ & $0.0874997$ & $-0.0381115$ & $-0.0441087$ & $-0.0594011$ & $-0.0484539$ & $-0.0364154$ & $-0.0435776$ & $0.0500863$ & $-0.0588748$ & $-0.0139898$ & $-0.0345003$ & $0.0941894$ & $0.0534443$ & $-0.00733854$ & $-0.0631793$ & $-0.0378788$ & $-0.0376455$ & $-0.0627641$ & $-0.0707154$ & $-0.0192101$ & $0.0368137$ & $-0.0892614$ & $-0.00674395$ & $-0.215339$ & $0.0121742$ & $0.0882115$ & $-0.121901$ & $-0.0375402$ & $-0.0893292$ & $-0.0558369$ & $-0.11476$ & $0.0159619$ & $-0.0273629$ & $0.227779$ & $-0.19115$ & $0.035583$ & $-0.209208$ & $-0.0552055$ & $0.18564$ & $1$ & $0.31013$ & $-0.350893$ & $0.326782$ & $0.334322$ & $-0.454181$ & $0.497401$ \\
eHmumuint & $-0.508683$ & $-0.472744$ & $-0.0362481$ & $0.469955$ & $-0.0233615$ & $-0.134121$ & $-0.114576$ & $-0.0581789$ & $-0.0584684$ & $0.0258013$ & $0.0569407$ & $0.00808132$ & $0.0132465$ & $-0.0521214$ & $0.164183$ & $0.0896302$ & $0.0126682$ & $-0.101088$ & $-0.0473969$ & $-0.0438565$ & $-0.0808695$ & $-0.085334$ & $-0.0681529$ & $0.0446128$ & $-0.101168$ & $0.0310762$ & $-0.29247$ & $-0.0423466$ & $0.056847$ & $-0.0454847$ & $0.0738931$ & $-0.153169$ & $-0.0423486$ & $-0.178173$ & $-0.448975$ & $-0.416587$ & $0.0485158$ & $-0.197208$ & $0.395141$ & $-0.119401$ & $0.13725$ & $0.0740422$ & $0.31013$ & $1$ & $-0.659007$ & $0.00456353$ & $0.412776$ & $0.086123$ & $-0.00896933$ \\
eHtautauint & $0.292225$ & $0.430928$ & $-0.0142223$ & $-0.335799$ & $0.0340112$ & $0.0974177$ & $0.018069$ & $-0.0842004$ & $-0.0808008$ & $0.120641$ & $0.0431617$ & $0.0974126$ & $-0.0036265$ & $0.0659492$ & $-0.0627759$ & $-0.00667978$ & $0.0574763$ & $0.118861$ & $0.0768926$ & $-0.0343353$ & $-0.0414093$ & $-0.0340697$ & $-0.0360783$ & $0.109551$ & $0.106209$ & $0.0676994$ & $0.028965$ & $0.0464689$ & $-0.020802$ & $0.156715$ & $0.016998$ & $0.0701539$ & $0.102582$ & $-0.0168065$ & $0.308578$ & $0.185114$ & $-0.184984$ & $0.11637$ & $-0.243518$ & $-0.117998$ & $-0.376167$ & $-0.196096$ & $-0.350893$ & $-0.659007$ & $1$ & $-0.13487$ & $-0.103708$ & $0.262288$ & $-0.358393$ \\
eHccint & $0.319779$ & $0.125199$ & $0.197926$ & $0.113441$ & $-0.057346$ & $-0.0413588$ & $-0.0572026$ & $-0.047578$ & $-0.0517997$ & $0.0541593$ & $-0.0246867$ & $-0.152197$ & $-0.129374$ & $0.11586$ & $-0.0663852$ & $-0.0625486$ & $0.144232$ & $0.169484$ & $0.155227$ & $0.0160877$ & $0.0296065$ & $0.0244564$ & $0.121203$ & $0.110344$ & $0.160308$ & $-0.10431$ & $0.0784293$ & $0.0905412$ & $0.0180985$ & $-0.133332$ & $-0.023138$ & $-0.0891436$ & $-0.0886513$ & $0.0240346$ & $0.173142$ & $0.249109$ & $0.117328$ & $-0.235568$ & $-0.166119$ & $-0.00866008$ & $-0.0861334$ & $-0.0410485$ & $0.326782$ & $0.00456353$ & $-0.13487$ & $1$ & $0.135618$ & $-0.168996$ & $0.370066$ \\
eHccpar & $-0.364916$ & $-0.351891$ & $0.397033$ & $0.147383$ & $0.0194554$ & $0.0428825$ & $-0.0564352$ & $-0.322688$ & $-0.31728$ & $0.203975$ & $0.211114$ & $-0.0540203$ & $-0.131483$ & $0.105751$ & $0.132962$ & $0.0807934$ & $0.182203$ & $0.130716$ & $0.157923$ & $-0.179298$ & $-0.2504$ & $-0.247116$ & $-0.115765$ & $0.319452$ & $0.104984$ & $0.116912$ & $-0.476954$ & $-0.0606673$ & $0.0554743$ & $-0.0290674$ & $0.0774896$ & $-0.0670984$ & $-0.0318436$ & $-0.380047$ & $0.039495$ & $-0.25229$ & $0.207894$ & $-0.151801$ & $0.290767$ & $-0.19942$ & $-0.165339$ & $-0.0683967$ & $0.334322$ & $0.412776$ & $-0.103708$ & $0.135618$ & $1$ & $-0.132274$ & $0.111481$ \\
eHbbint & $0.194025$ & $-0.156089$ & $-0.025922$ & $-0.0758148$ & $-0.000485914$ & $-0.0909238$ & $-0.188665$ & $0.0637548$ & $0.0533842$ & $-0.0455759$ & $-0.058802$ & $0.102044$ & $0.104477$ & $-0.0141439$ & $0.0741623$ & $0.141943$ & $-0.0120636$ & $-0.0530651$ & $-0.0987307$ & $0.0665241$ & $0.0461693$ & $0.0513621$ & $-0.0786748$ & $-0.026119$ & $-0.10773$ & $-0.0053947$ & $-0.120785$ & $-0.0229824$ & $-0.00174169$ & $0.135792$ & $0.0851594$ & $-0.185745$ & $0.109968$ & $-0.00352065$ & $-0.422057$ & $-0.0144783$ & $-0.392537$ & $-0.00989036$ & $-0.12225$ & $-0.20583$ & $-0.2144$ & $-0.308414$ & $-0.454181$ & $0.086123$ & $0.262288$ & $-0.168996$ & $-0.132274$ & $1$ & $-0.591894$ \\
eHbbpar & $0.0853856$ & $0.0914164$ & $0.354509$ & $0.0802989$ & $-0.0234169$ & $0.0316582$ & $0.134632$ & $0.0580477$ & $0.0639833$ & $-0.103642$ & $-0.0405709$ & $-0.171458$ & $-0.124527$ & $-0.00194456$ & $-0.0781267$ & $-0.0920311$ & $-0.0200195$ & $0.0135536$ & $0.0210442$ & $0.0247672$ & $0.0568968$ & $0.0511266$ & $0.117156$ & $-0.0697293$ & $0.0144501$ & $-0.101882$ & $0.150146$ & $0.00590036$ & $0.0464956$ & $-0.102992$ & $-0.0256064$ & $0.122214$ & $0.0116121$ & $0.112086$ & $0.113019$ & $-0.00120241$ & $0.33441$ & $-0.111065$ & $0.136787$ & $0.122654$ & $0.0756534$ & $0.138591$ & $0.497401$ & $-0.00896933$ & $-0.358393$ & $0.370066$ & $0.111481$ & $-0.591894$ & $1$ \\
