 & AlsMz & dAle5Mz & mtop & mHl & Mz & CW & CHG & CHWB & CHWHB_gaga & CHWHB_gagaorth & CHD & CHbox & CH & CHL1_11 & CHL1_22 & CHL1_33 & CHL3_11 & CHL3_22 & CHL3_33 & CHe_11 & CHe_22 & CHe_33 & CHQ1_11 & CHQ1_33 & CHQ3_11 & CHu_11 & CHd_11 & CHd_33 & CeH_22r & CeH_33r & CuH_22r & CuH_33r & CdH_33r & CLL_1221 & eHggint & eHggpar & eHWWint & eHWWpar & eHZZint & eHZZpar & eHZgaint & eHZgapar & eHgagaint & eHmumuint & eHtautauint & eHccint & eHccpar & eHbbint & eHbbpar \\
AlsMz & $1$ & $0.310252$ & $0.349687$ & $-0.100959$ & $0.0705333$ & $-0.080059$ & $0.145818$ & $0.0450767$ & $0.0700716$ & $-0.0736086$ & $0.0191636$ & $-0.0813641$ & $-0.0813048$ & $-0.231715$ & $-0.552884$ & $-0.468287$ & $-0.0954611$ & $0.217719$ & $0.193706$ & $0.0476283$ & $0.136586$ & $0.159974$ & $0.416134$ & $-0.210019$ & $0.266867$ & $0.0220236$ & $0.73178$ & $-0.0716609$ & $0.013194$ & $0.0670074$ & $0.210311$ & $0.202392$ & $0.222567$ & $0.435527$ & $0.178882$ & $0.739968$ & $-0.328573$ & $-0.413876$ & $-0.0472495$ & $-0.0722289$ & $0.264059$ & $0.406865$ & $0.488089$ & $-0.508994$ & $0.227829$ & $0.252645$ & $0.368146$ & $0.0216123$ & $0.418174$ \\
dAle5Mz & $0.310252$ & $1$ & $-0.222307$ & $-0.399556$ & $0.118919$ & $0.00470097$ & $0.314859$ & $-0.376537$ & $-0.345204$ & $0.194058$ & $0.364113$ & $-0.343636$ & $-0.350739$ & $0.038753$ & $-0.254449$ & $-0.270569$ & $0.216665$ & $0.301766$ & $0.30497$ & $-0.308164$ & $-0.164002$ & $-0.0532931$ & $0.167949$ & $0.100897$ & $0.339083$ & $-0.014571$ & $0.211215$ & $-0.0178812$ & $-0.00373634$ & $-0.150918$ & $0.026205$ & $0.263304$ & $-0.212289$ & $0.075206$ & $-0.319633$ & $0.354446$ & $-0.25111$ & $-0.412322$ & $0.247449$ & $-0.280082$ & $-0.0466539$ & $0.243599$ & $0.390021$ & $-0.320765$ & $0.576021$ & $0.238453$ & $0.264557$ & $0.212098$ & $-0.0340248$ \\
mtop & $0.349687$ & $-0.222307$ & $1$ & $0.636592$ & $-0.0274116$ & $-0.0292842$ & $0.0434219$ & $0.160522$ & $0.170395$ & $-0.0718785$ & $-0.112977$ & $0.0384748$ & $0.0528384$ & $-0.128706$ & $-0.13802$ & $-0.0178252$ & $-0.144854$ & $-0.0478601$ & $-0.0705707$ & $0.130317$ & $0.0947356$ & $-0.00470755$ & $0.0841529$ & $-0.120194$ & $-0.027598$ & $0.142381$ & $0.248414$ & $-0.0184473$ & $-0.0997061$ & $0.0975392$ & $0.128073$ & $0.104119$ & $0.167704$ & $0.145317$ & $0.0314173$ & $0.298449$ & $0.0549827$ & $-0.0833803$ & $-0.0848685$ & $0.112624$ & $-0.0826171$ & $0.0947952$ & $0.257361$ & $0.169342$ & $0.0672783$ & $0.166977$ & $0.127572$ & $-0.262006$ & $0.255493$ \\
mHl & $-0.100959$ & $-0.399556$ & $0.636592$ & $1$ & $-0.204505$ & $-0.0770562$ & $-0.0977433$ & $0.301415$ & $0.30611$ & $-0.194284$ & $-0.240294$ & $0.153793$ & $0.206835$ & $-0.153852$ & $0.061924$ & $0.142052$ & $-0.241727$ & $-0.266213$ & $-0.267828$ & $0.221143$ & $0.22958$ & $-0.0403241$ & $-0.165061$ & $-0.182588$ & $-0.238839$ & $0.257714$ & $0.0633029$ & $-0.0708604$ & $-0.121365$ & $0.173338$ & $-0.0626092$ & $-0.0592117$ & $0.0841358$ & $0.0766708$ & $-0.254429$ & $-0.241652$ & $0.250526$ & $-0.0618992$ & $0.142483$ & $0.418708$ & $-0.24245$ & $-0.354201$ & $0.191855$ & $0.29949$ & $-0.00249986$ & $-0.125457$ & $-0.375715$ & $-0.475557$ & $-0.0616865$ \\
Mz & $0.0705333$ & $0.118919$ & $-0.0274116$ & $-0.204505$ & $1$ & $0.107603$ & $0.282623$ & $-0.289399$ & $-0.294415$ & $0.312624$ & $0.228337$ & $-0.404449$ & $-0.427823$ & $0.256658$ & $-0.0312862$ & $-0.0148515$ & $0.311434$ & $0.304889$ & $0.263491$ & $-0.211614$ & $-0.164154$ & $-0.0398499$ & $-0.0097793$ & $0.286235$ & $0.269877$ & $0.0863294$ & $-0.0728213$ & $0.0557502$ & $0.0101489$ & $-0.278787$ & $-0.0441755$ & $0.270477$ & $-0.134884$ & $-0.13123$ & $0.283617$ & $0.0319197$ & $-0.39491$ & $-0.0246562$ & $-0.0671513$ & $-0.284032$ & $0.181642$ & $0.408679$ & $-0.126535$ & $-0.0329913$ & $-0.107529$ & $0.286024$ & $0.185128$ & $0.364971$ & $0.362213$ \\
CW & $-0.080059$ & $0.00470097$ & $-0.0292842$ & $-0.0770562$ & $0.107603$ & $1$ & $0.0944226$ & $-0.150196$ & $-0.152218$ & $0.0898072$ & $0.132508$ & $-0.122526$ & $-0.144273$ & $0.267571$ & $0.0655596$ & $0.0769724$ & $-0.0147254$ & $0.0561901$ & $0.0356215$ & $-0.143726$ & $-0.130869$ & $-0.0529496$ & $-0.0706939$ & $0.164631$ & $0.0101378$ & $0.00680999$ & $-0.187455$ & $0.0369398$ & $-0.0354269$ & $-0.079052$ & $0.038042$ & $0.0796126$ & $-0.0720432$ & $-0.212007$ & $0.121461$ & $-0.0777998$ & $-0.120911$ & $0.124195$ & $-0.0862506$ & $-0.128304$ & $0.00751461$ & $0.0762153$ & $-0.139567$ & $0.0370799$ & $-0.0991476$ & $0.142124$ & $0.0709961$ & $0.136729$ & $0.0149039$ \\
CHG & $0.145818$ & $0.314859$ & $0.0434219$ & $-0.0977433$ & $0.282623$ & $0.0944226$ & $1$ & $-0.356501$ & $-0.319284$ & $0.384347$ & $0.228032$ & $-0.765538$ & $-0.771306$ & $0.327143$ & $-0.149226$ & $-0.0875078$ & $0.375428$ & $0.409988$ & $0.395203$ & $-0.225374$ & $-0.160927$ & $-0.0611162$ & $0.0949039$ & $0.263136$ & $0.412665$ & $0.0885534$ & $0.046469$ & $-0.0175373$ & $-0.06683$ & $-0.459407$ & $-0.158448$ & $0.951851$ & $-0.34621$ & $-0.104641$ & $0.02478$ & $0.147078$ & $-0.462722$ & $-0.282515$ & $0.16706$ & $-0.174901$ & $0.038731$ & $0.476603$ & $0.129657$ & $-0.0898034$ & $0.260702$ & $0.367852$ & $0.218888$ & $0.307495$ & $0.421788$ \\
CHWB & $0.0450767$ & $-0.376537$ & $0.160522$ & $0.301415$ & $-0.289399$ & $-0.150196$ & $-0.356501$ & $1$ & $0.993448$ & $-0.642228$ & $-0.893607$ & $0.480093$ & $0.523988$ & $-0.417713$ & $0.0373093$ & $0.0378885$ & $-0.722792$ & $-0.648632$ & $-0.625062$ & $0.875899$ & $0.662375$ & $0.503008$ & $-0.0476756$ & $-0.684744$ & $-0.66303$ & $-0.0639212$ & $0.291543$ & $0.103837$ & $-0.0112414$ & $0.338177$ & $0.050711$ & $-0.315405$ & $0.247638$ & $0.581563$ & $-0.121523$ & $-0.0252963$ & $0.378303$ & $0.0342613$ & $0.0444918$ & $0.348017$ & $-0.069881$ & $-0.360111$ & $0.161785$ & $-0.0194105$ & $-0.0648737$ & $-0.36914$ & $-0.253028$ & $-0.447788$ & $-0.140466$ \\
CHWHB_gaga & $0.0700716$ & $-0.345204$ & $0.170395$ & $0.30611$ & $-0.294415$ & $-0.152218$ & $-0.319284$ & $0.993448$ & $1$ & $-0.642163$ & $-0.885861$ & $0.4651$ & $0.508137$ & $-0.425215$ & $0.013233$ & $0.0204307$ & $-0.724663$ & $-0.637765$ & $-0.615268$ & $0.875065$ & $0.668611$ & $0.505333$ & $-0.0361279$ & $-0.689674$ & $-0.64692$ & $-0.0545447$ & $0.321686$ & $0.105315$ & $-0.00786185$ & $0.353608$ & $0.0616724$ & $-0.279222$ & $0.266979$ & $0.592902$ & $-0.152592$ & $0.00086527$ & $0.368201$ & $7.44667e-05$ & $0.0760946$ & $0.362221$ & $-0.0904228$ & $-0.3497$ & $0.213703$ & $-0.0407733$ & $-0.0212922$ & $-0.368937$ & $-0.246257$ & $-0.465866$ & $-0.125779$ \\
CHWHB_gagaorth & $-0.0736086$ & $0.194058$ & $-0.0718785$ & $-0.194284$ & $0.312624$ & $0.0898072$ & $0.384347$ & $-0.642228$ & $-0.642163$ & $1$ & $0.324472$ & $-0.48254$ & $-0.540749$ & $0.766668$ & $0.051694$ & $0.0936028$ & $0.846847$ & $0.671059$ & $0.645536$ & $-0.396898$ & $-0.317422$ & $-0.162095$ & $-0.0256815$ & $0.623203$ & $0.688486$ & $0.0139374$ & $-0.283133$ & $-0.00109519$ & $-0.0511039$ & $-0.375425$ & $-0.0780209$ & $0.360551$ & $-0.255721$ & $-0.412455$ & $0.239742$ & $-0.0435014$ & $-0.434138$ & $-0.0193207$ & $-0.0970135$ & $-0.310503$ & $0.104898$ & $0.376328$ & $-0.229056$ & $0.0833986$ & $-0.0587632$ & $0.384101$ & $0.203372$ & $0.436743$ & $0.249225$ \\
CHD & $0.0191636$ & $0.364113$ & $-0.112977$ & $-0.240294$ & $0.228337$ & $0.132508$ & $0.228032$ & $-0.893607$ & $-0.885861$ & $0.324472$ & $1$ & $-0.321242$ & $-0.35158$ & $0.0508031$ & $-0.112834$ & $-0.12232$ & $0.403435$ & $0.432616$ & $0.406233$ & $-0.904715$ & $-0.679721$ & $-0.556013$ & $0.0694$ & $0.486907$ & $0.436033$ & $0.100537$ & $-0.178892$ & $-0.138223$ & $0.0357227$ & $-0.219351$ & $-0.0224237$ & $0.19675$ & $-0.175466$ & $-0.442922$ & $0.0329175$ & $0.0689982$ & $-0.245705$ & $-0.0578968$ & $-0.00800049$ & $-0.260274$ & $0.0535268$ & $0.249991$ & $-0.0698797$ & $-0.0236614$ & $0.114382$ & $0.284997$ & $0.188625$ & $0.320553$ & $0.0529935$ \\
CHbox & $-0.0813641$ & $-0.343636$ & $0.0384748$ & $0.153793$ & $-0.404449$ & $-0.122526$ & $-0.765538$ & $0.480093$ & $0.4651$ & $-0.48254$ & $-0.321242$ & $1$ & $0.985438$ & $-0.459771$ & $0.119258$ & $0.0531679$ & $-0.525973$ & $-0.529395$ & $-0.499271$ & $0.367854$ & $0.228234$ & $0.125046$ & $-0.0637086$ & $-0.397411$ & $-0.521922$ & $-0.17657$ & $0.0106598$ & $0.0636547$ & $0.0994617$ & $0.572762$ & $0.216868$ & $-0.703352$ & $0.406347$ & $0.15294$ & $-0.12459$ & $0.00204461$ & $0.630053$ & $0.339757$ & $-0.195667$ & $0.226515$ & $-0.220881$ & $-0.587512$ & $-0.0121933$ & $0.136444$ & $-0.170789$ & $-0.522179$ & $-0.111151$ & $-0.490793$ & $-0.493145$ \\
CH & $-0.0813048$ & $-0.350739$ & $0.0528384$ & $0.206835$ & $-0.427823$ & $-0.144273$ & $-0.771306$ & $0.523988$ & $0.508137$ & $-0.540749$ & $-0.35158$ & $0.985438$ & $1$ & $-0.482679$ & $0.108404$ & $0.048299$ & $-0.555309$ & $-0.555158$ & $-0.528019$ & $0.377807$ & $0.265219$ & $0.123587$ & $-0.0752917$ & $-0.427821$ & $-0.543356$ & $-0.141632$ & $0.0441925$ & $0.0471216$ & $0.0817442$ & $0.568083$ & $0.18913$ & $-0.718331$ & $0.385906$ & $0.201193$ & $-0.178524$ & $-0.0298772$ & $0.655321$ & $0.286407$ & $-0.137454$ & $0.287904$ & $-0.21908$ & $-0.631366$ & $0.0256746$ & $0.137947$ & $-0.135691$ & $-0.523909$ & $-0.182776$ & $-0.522268$ & $-0.507101$ \\
CHL1_11 & $-0.231715$ & $0.038753$ & $-0.128706$ & $-0.153852$ & $0.256658$ & $0.267571$ & $0.327143$ & $-0.417713$ & $-0.425215$ & $0.766668$ & $0.0508031$ & $-0.459771$ & $-0.482679$ & $1$ & $0.19553$ & $0.22044$ & $0.707025$ & $0.530772$ & $0.525773$ & $-0.231254$ & $-0.140981$ & $-0.0388971$ & $-0.120854$ & $0.575901$ & $0.521483$ & $-0.0222292$ & $-0.399109$ & $0.0545678$ & $-0.0659975$ & $-0.35242$ & $-0.0762577$ & $0.278652$ & $-0.243486$ & $-0.413543$ & $0.244767$ & $-0.182285$ & $-0.347749$ & $0.120273$ & $-0.111171$ & $-0.256382$ & $0.0576431$ & $0.276648$ & $-0.3133$ & $0.144379$ & $-0.171379$ & $0.27739$ & $0.133705$ & $0.381156$ & $0.189413$ \\
CHL1_22 & $-0.552884$ & $-0.254449$ & $-0.13802$ & $0.061924$ & $-0.0312862$ & $0.0655596$ & $-0.149226$ & $0.0373093$ & $0.013233$ & $0.051694$ & $-0.112834$ & $0.119258$ & $0.108404$ & $0.19553$ & $1$ & $0.46266$ & $0.0417025$ & $-0.462751$ & $-0.230768$ & $0.0754494$ & $-0.147952$ & $-0.114342$ & $-0.280989$ & $0.232621$ & $-0.308568$ & $-0.0554689$ & $-0.647812$ & $0.0897106$ & $0.0188207$ & $-0.0602405$ & $-0.0755497$ & $-0.192509$ & $-0.169868$ & $-0.593568$ & $-0.045827$ & $-0.387675$ & $0.307417$ & $0.408045$ & $-0.15025$ & $-0.0142767$ & $-0.220452$ & $-0.278508$ & $-0.370652$ & $0.422582$ & $-0.199538$ & $-0.185972$ & $-0.0491966$ & $-0.00129255$ & $-0.326391$ \\
CHL1_33 & $-0.468287$ & $-0.270569$ & $-0.0178252$ & $0.142052$ & $-0.0148515$ & $0.0769724$ & $-0.0875078$ & $0.0378885$ & $0.0204307$ & $0.0936028$ & $-0.12232$ & $0.0531679$ & $0.048299$ & $0.22044$ & $0.46266$ & $1$ & $0.060081$ & $-0.176646$ & $-0.45489$ & $0.0884802$ & $-0.0954781$ & $-0.142602$ & $-0.267495$ & $0.240258$ & $-0.238692$ & $0.0107701$ & $-0.552373$ & $0.00304261$ & $-0.0197911$ & $-0.0647259$ & $-0.0919078$ & $-0.1182$ & $-0.117805$ & $-0.320077$ & $-0.0337166$ & $-0.360252$ & $0.240906$ & $0.309097$ & $-0.0567576$ & $-0.00795024$ & $-0.132153$ & $-0.179403$ & $-0.323867$ & $0.356483$ & $-0.170511$ & $-0.0908373$ & $-0.134483$ & $-0.0253379$ & $-0.17311$ \\
CHL3_11 & $-0.0954611$ & $0.216665$ & $-0.144854$ & $-0.241727$ & $0.311434$ & $-0.0147254$ & $0.375428$ & $-0.722792$ & $-0.724663$ & $0.846847$ & $0.403435$ & $-0.525973$ & $-0.555309$ & $0.707025$ & $0.0417025$ & $0.060081$ & $1$ & $0.733679$ & $0.724225$ & $-0.528916$ & $-0.363086$ & $-0.227637$ & $0.0056014$ & $0.6816$ & $0.770708$ & $-0.00932928$ & $-0.28089$ & $-0.0344625$ & $-0.0263092$ & $-0.383909$ & $-0.0737957$ & $0.334108$ & $-0.248543$ & $-0.387464$ & $0.216203$ & $-0.0422353$ & $-0.421967$ & $-0.00903443$ & $-0.0748932$ & $-0.320223$ & $0.10678$ & $0.385771$ & $-0.227135$ & $0.0725971$ & $-0.0473155$ & $0.353423$ & $0.218611$ & $0.454638$ & $0.231293$ \\
CHL3_22 & $0.217719$ & $0.301766$ & $-0.0478601$ & $-0.266213$ & $0.304889$ & $0.0561901$ & $0.409988$ & $-0.648632$ & $-0.637765$ & $0.671059$ & $0.432616$ & $-0.529395$ & $-0.555158$ & $0.530772$ & $-0.462751$ & $-0.176646$ & $0.733679$ & $1$ & $0.734848$ & $-0.492656$ & $-0.298142$ & $-0.168147$ & $0.150103$ & $0.483987$ & $0.834958$ & $0.0427614$ & $0.0830618$ & $-0.0762441$ & $-0.0187863$ & $-0.305499$ & $-0.0135206$ & $0.397883$ & $-0.121892$ & $0.0724646$ & $0.233939$ & $0.184942$ & $-0.543509$ & $-0.205445$ & $-0.0110959$ & $-0.271569$ & $0.207909$ & $0.500592$ & $-0.0236945$ & $-0.178237$ & $0.0484414$ & $0.403953$ & $0.24002$ & $0.404489$ & $0.384513$ \\
CHL3_33 & $0.193706$ & $0.30497$ & $-0.0705707$ & $-0.267828$ & $0.263491$ & $0.0356215$ & $0.395203$ & $-0.625062$ & $-0.615268$ & $0.645536$ & $0.406233$ & $-0.499271$ & $-0.528019$ & $0.525773$ & $-0.230768$ & $-0.45489$ & $0.724225$ & $0.734848$ & $1$ & $-0.475915$ & $-0.260282$ & $-0.181323$ & $0.154271$ & $0.466995$ & $0.807186$ & $0.00120472$ & $0.0707987$ & $-0.0418182$ & $-0.0269795$ & $-0.290321$ & $-0.00174646$ & $0.378892$ & $-0.126531$ & $-0.164138$ & $0.25235$ & $0.165721$ & $-0.55034$ & $-0.178489$ & $-0.0601173$ & $-0.290472$ & $0.185927$ & $0.453807$ & $-0.0247752$ & $-0.148399$ & $0.0233572$ & $0.392937$ & $0.268972$ & $0.418196$ & $0.332933$ \\
CHe_11 & $0.0476283$ & $-0.308164$ & $0.130317$ & $0.221143$ & $-0.211614$ & $-0.143726$ & $-0.225374$ & $0.875899$ & $0.875065$ & $-0.396898$ & $-0.904715$ & $0.367854$ & $0.377807$ & $-0.231254$ & $0.0754494$ & $0.0884802$ & $-0.528916$ & $-0.492656$ & $-0.475915$ & $1$ & $0.666125$ & $0.553723$ & $-0.0285898$ & $-0.552803$ & $-0.494175$ & $-0.0952994$ & $0.245702$ & $0.1389$ & $-0.0304236$ & $0.24574$ & $0.0311634$ & $-0.177702$ & $0.194068$ & $0.415112$ & $-0.0643541$ & $-0.00638379$ & $0.251327$ & $0.01581$ & $0.0244189$ & $0.265573$ & $-0.057609$ & $-0.242243$ & $0.137547$ & $-0.022205$ & $-0.0552326$ & $-0.292803$ & $-0.166891$ & $-0.343223$ & $-0.0576913$ \\
CHe_22 & $0.136586$ & $-0.164002$ & $0.0947356$ & $0.22958$ & $-0.164154$ & $-0.130869$ & $-0.160927$ & $0.662375$ & $0.668611$ & $-0.317422$ & $-0.679721$ & $0.228234$ & $0.265219$ & $-0.140981$ & $-0.147952$ & $-0.0954781$ & $-0.363086$ & $-0.298142$ & $-0.260282$ & $0.666125$ & $1$ & $0.429686$ & $0.00790318$ & $-0.490325$ & $-0.28004$ & $-0.0196223$ & $0.375483$ & $0.0744712$ & $-0.058915$ & $0.21327$ & $0.0170923$ & $-0.119062$ & $0.200425$ & $0.433976$ & $-0.120594$ & $0.00340225$ & $0.116807$ & $-0.169898$ & $0.145365$ & $0.236459$ & $0.00668326$ & $-0.187391$ & $0.236081$ & $-0.137996$ & $0.0342419$ & $-0.179093$ & $-0.236605$ & $-0.288799$ & $0.0143139$ \\
CHe_33 & $0.159974$ & $-0.0532931$ & $-0.00470755$ & $-0.0403241$ & $-0.0398499$ & $-0.0529496$ & $-0.0611162$ & $0.503008$ & $0.505333$ & $-0.162095$ & $-0.556013$ & $0.125046$ & $0.123587$ & $-0.0388971$ & $-0.114342$ & $-0.142602$ & $-0.227637$ & $-0.168147$ & $-0.181323$ & $0.553723$ & $0.429686$ & $1$ & $0.0761251$ & $-0.409251$ & $-0.190418$ & $-0.164358$ & $0.276879$ & $0.118411$ & $0.0504488$ & $0.110131$ & $0.0881082$ & $-0.0272392$ & $0.159869$ & $0.349572$ & $0.0773196$ & $0.108582$ & $-0.0226904$ & $-0.020359$ & $-0.00565808$ & $0.0894568$ & $0.0434231$ & $0.0232366$ & $0.120508$ & $-0.167869$ & $-0.0509465$ & $-0.118492$ & $0.0128883$ & $-0.103123$ & $0.0779118$ \\
CHQ1_11 & $0.416134$ & $0.167949$ & $0.0841529$ & $-0.165061$ & $-0.0097793$ & $-0.0706939$ & $0.0949039$ & $-0.0476756$ & $-0.0361279$ & $-0.0256815$ & $0.0694$ & $-0.0637086$ & $-0.0752917$ & $-0.120854$ & $-0.280989$ & $-0.267495$ & $0.0056014$ & $0.150103$ & $0.154271$ & $-0.0285898$ & $0.00790318$ & $0.0761251$ & $1$ & $-0.0837791$ & $0.212032$ & $-0.51584$ & $0.410154$ & $-0.0716398$ & $0.0140217$ & $0.0254511$ & $0.142063$ & $0.129171$ & $0.115634$ & $0.174151$ & $0.130244$ & $0.413256$ & $-0.242599$ & $-0.193421$ & $-0.0505755$ & $-0.059383$ & $0.112115$ & $0.252127$ & $0.245118$ & $-0.316085$ & $0.134232$ & $0.0782948$ & $0.289213$ & $0.0550909$ & $0.224827$ \\
CHQ1_33 & $-0.210019$ & $0.100897$ & $-0.120194$ & $-0.182588$ & $0.286235$ & $0.164631$ & $0.263136$ & $-0.684744$ & $-0.689674$ & $0.623203$ & $0.486907$ & $-0.397411$ & $-0.427821$ & $0.575901$ & $0.232621$ & $0.240258$ & $0.6816$ & $0.483987$ & $0.466995$ & $-0.552803$ & $-0.490325$ & $-0.409251$ & $-0.0837791$ & $1$ & $0.489437$ & $0.0517075$ & $-0.429276$ & $0.0795657$ & $-0.0396331$ & $-0.303259$ & $-0.0578072$ & $0.213722$ & $-0.231396$ & $-0.542874$ & $0.164094$ & $-0.125129$ & $-0.252637$ & $0.105735$ & $-0.110824$ & $-0.296061$ & $0.0274602$ & $0.23678$ & $-0.277399$ & $0.144021$ & $-0.0764909$ & $0.272581$ & $0.163555$ & $0.366607$ & $0.125701$ \\
CHQ3_11 & $0.266867$ & $0.339083$ & $-0.027598$ & $-0.238839$ & $0.269877$ & $0.0101378$ & $0.412665$ & $-0.66303$ & $-0.64692$ & $0.688486$ & $0.436033$ & $-0.521922$ & $-0.543356$ & $0.521483$ & $-0.308568$ & $-0.238692$ & $0.770708$ & $0.834958$ & $0.807186$ & $-0.494175$ & $-0.28004$ & $-0.190418$ & $0.212032$ & $0.489437$ & $1$ & $0.0536319$ & $0.205539$ & $-0.0645826$ & $-0.0289761$ & $-0.28518$ & $-0.0164096$ & $0.406758$ & $-0.0914811$ & $-0.103044$ & $0.202872$ & $0.223063$ & $-0.558531$ & $-0.282581$ & $0.0564122$ & $-0.241634$ & $0.231524$ & $0.50373$ & $0.0657306$ & $-0.213898$ & $0.0968981$ & $0.413619$ & $0.212391$ & $0.390644$ & $0.39682$ \\
CHu_11 & $0.0220236$ & $-0.014571$ & $0.142381$ & $0.257714$ & $0.0863294$ & $0.00680999$ & $0.0885534$ & $-0.0639212$ & $-0.0545447$ & $0.0139374$ & $0.100537$ & $-0.17657$ & $-0.141632$ & $-0.0222292$ & $-0.0554689$ & $0.0107701$ & $-0.00932928$ & $0.0427614$ & $0.00120472$ & $-0.0952994$ & $-0.0196223$ & $-0.164358$ & $-0.51584$ & $0.0517075$ & $0.0536319$ & $1$ & $0.179762$ & $-0.0232369$ & $-0.0722378$ & $-0.00336386$ & $-0.132029$ & $0.0984268$ & $0.0116827$ & $0.00171612$ & $-0.100715$ & $-0.179656$ & $-0.0849656$ & $-0.299657$ & $0.297223$ & $0.176532$ & $0.135767$ & $0.000677007$ & $0.0927169$ & $-0.0137279$ & $0.0711109$ & $0.213099$ & $-0.375473$ & $-0.00321608$ & $0.139668$ \\
CHd_11 & $0.73178$ & $0.211215$ & $0.248414$ & $0.0633029$ & $-0.0728213$ & $-0.187455$ & $0.046469$ & $0.291543$ & $0.321686$ & $-0.283133$ & $-0.178892$ & $0.0106598$ & $0.0441925$ & $-0.399109$ & $-0.647812$ & $-0.552373$ & $-0.28089$ & $0.0830618$ & $0.0707987$ & $0.245702$ & $0.375483$ & $0.276879$ & $0.410154$ & $-0.429276$ & $0.205539$ & $0.179762$ & $1$ & $-0.0267783$ & $-0.026315$ & $0.202985$ & $0.116626$ & $0.119184$ & $0.306154$ & $0.643855$ & $-0.0378125$ & $0.499504$ & $-0.235721$ & $-0.561738$ & $0.275431$ & $0.199222$ & $0.23439$ & $0.211554$ & $0.601337$ & $-0.562651$ & $0.289333$ & $0.0967789$ & $-0.0422918$ & $-0.169583$ & $0.360156$ \\
CHd_33 & $-0.0716609$ & $-0.0178812$ & $-0.0184473$ & $-0.0708604$ & $0.0557502$ & $0.0369398$ & $-0.0175373$ & $0.103837$ & $0.105315$ & $-0.00109519$ & $-0.138223$ & $0.0636547$ & $0.0471216$ & $0.0545678$ & $0.0897106$ & $0.00304261$ & $-0.0344625$ & $-0.0762441$ & $-0.0418182$ & $0.1389$ & $0.0744712$ & $0.118411$ & $-0.0716398$ & $0.0795657$ & $-0.0645826$ & $-0.0232369$ & $-0.0267783$ & $1$ & $0.00143371$ & $0.0358473$ & $0.0300062$ & $-0.024201$ & $-0.00167931$ & $-0.0121983$ & $0.0101236$ & $0.0129735$ & $0.0358023$ & $0.118198$ & $-0.0536188$ & $0.0598898$ & $-0.106105$ & $-0.0176297$ & $0.0377353$ & $-0.0013684$ & $-0.0105977$ & $-0.122758$ & $0.0702319$ & $-0.0869493$ & $-0.0226149$ \\
CeH_22r & $0.013194$ & $-0.00373634$ & $-0.0997061$ & $-0.121365$ & $0.0101489$ & $-0.0354269$ & $-0.06683$ & $-0.0112414$ & $-0.00786185$ & $-0.0511039$ & $0.0357227$ & $0.0994617$ & $0.0817442$ & $-0.0659975$ & $0.0188207$ & $-0.0197911$ & $-0.0263092$ & $-0.0187863$ & $-0.0269795$ & $-0.0304236$ & $-0.058915$ & $0.0504488$ & $0.0140217$ & $-0.0396331$ & $-0.0289761$ & $-0.0722378$ & $-0.026315$ & $0.00143371$ & $1$ & $0.0954477$ & $0.0892707$ & $-0.073772$ & $0.093045$ & $-0.00175805$ & $0.0776581$ & $0.0652904$ & $0.0158095$ & $0.089761$ & $-0.135511$ & $-0.0976173$ & $0.00116027$ & $0.0117415$ & $-0.0566948$ & $-0.0345397$ & $-0.0910488$ & $-0.0899971$ & $0.106371$ & $0.0177606$ & $-0.0372478$ \\
CeH_33r & $0.0670074$ & $-0.150918$ & $0.0975392$ & $0.173338$ & $-0.278787$ & $-0.079052$ & $-0.459407$ & $0.338177$ & $0.353608$ & $-0.375425$ & $-0.219351$ & $0.572762$ & $0.568083$ & $-0.35242$ & $-0.0602405$ & $-0.0647259$ & $-0.383909$ & $-0.305499$ & $-0.290321$ & $0.24574$ & $0.21327$ & $0.110131$ & $0.0254511$ & $-0.303259$ & $-0.28518$ & $-0.00336386$ & $0.202985$ & $0.0358473$ & $0.0954477$ & $1$ & $0.353598$ & $-0.317017$ & $0.720084$ & $0.212167$ & $-0.167664$ & $0.055001$ & $0.280149$ & $-0.0205655$ & $0.0152196$ & $0.290318$ & $-0.138499$ & $-0.368587$ & $0.157153$ & $-0.0348284$ & $0.0283012$ & $-0.236761$ & $-0.16085$ & $-0.338489$ & $-0.264212$ \\
CuH_22r & $0.210311$ & $0.026205$ & $0.128073$ & $-0.0626092$ & $-0.0441755$ & $0.038042$ & $-0.158448$ & $0.050711$ & $0.0616724$ & $-0.0780209$ & $-0.0224237$ & $0.216868$ & $0.18913$ & $-0.0762577$ & $-0.0755497$ & $-0.0919078$ & $-0.0737957$ & $-0.0135206$ & $-0.00174646$ & $0.0311634$ & $0.0170923$ & $0.0881082$ & $0.142063$ & $-0.0578072$ & $-0.0164096$ & $-0.132029$ & $0.116626$ & $0.0300062$ & $0.0892707$ & $0.353598$ & $1$ & $-0.0716703$ & $0.412685$ & $0.0887916$ & $0.118468$ & $0.310273$ & $-0.00289852$ & $0.0737616$ & $-0.24607$ & $-0.0420648$ & $-0.042344$ & $0.0356399$ & $0.0360388$ & $-0.0444616$ & $-0.0277849$ & $-0.0366918$ & $0.325401$ & $-0.0113381$ & $-0.029961$ \\
CuH_33r & $0.202392$ & $0.263304$ & $0.104119$ & $-0.0592117$ & $0.270477$ & $0.0796126$ & $0.951851$ & $-0.315405$ & $-0.279222$ & $0.360551$ & $0.19675$ & $-0.703352$ & $-0.718331$ & $0.278652$ & $-0.192509$ & $-0.1182$ & $0.334108$ & $0.397883$ & $0.378892$ & $-0.177702$ & $-0.119062$ & $-0.0272392$ & $0.129171$ & $0.213722$ & $0.406758$ & $0.0984268$ & $0.119184$ & $-0.024201$ & $-0.073772$ & $-0.317017$ & $-0.0716703$ & $1$ & $-0.1465$ & $-0.0679164$ & $0.0583281$ & $0.193564$ & $-0.47547$ & $-0.300986$ & $0.157191$ & $-0.13292$ & $0.0547291$ & $0.478704$ & $0.155758$ & $-0.104028$ & $0.247385$ & $0.370986$ & $0.215475$ & $0.280294$ & $0.451426$ \\
CdH_33r & $0.222567$ & $-0.212289$ & $0.167704$ & $0.0841358$ & $-0.134884$ & $-0.0720432$ & $-0.34621$ & $0.247638$ & $0.266979$ & $-0.255721$ & $-0.175466$ & $0.406347$ & $0.385906$ & $-0.243486$ & $-0.169868$ & $-0.117805$ & $-0.248543$ & $-0.121892$ & $-0.126531$ & $0.194068$ & $0.200425$ & $0.159869$ & $0.115634$ & $-0.231396$ & $-0.0914811$ & $0.0116827$ & $0.306154$ & $-0.00167931$ & $0.093045$ & $0.720084$ & $0.412685$ & $-0.1465$ & $1$ & $0.221142$ & $0.109074$ & $0.14397$ & $0.0346722$ & $-0.0865178$ & $-0.0396312$ & $0.167991$ & $0.0647125$ & $-0.0843296$ & $0.103661$ & $-0.0940739$ & $-0.090787$ & $-0.0344778$ & $-0.0596405$ & $-0.142217$ & $0.112286$ \\
CLL_1221 & $0.435527$ & $0.075206$ & $0.145317$ & $0.0766708$ & $-0.13123$ & $-0.212007$ & $-0.104641$ & $0.581563$ & $0.592902$ & $-0.412455$ & $-0.442922$ & $0.15294$ & $0.201193$ & $-0.413543$ & $-0.593568$ & $-0.320077$ & $-0.387464$ & $0.0724646$ & $-0.164138$ & $0.415112$ & $0.433976$ & $0.349572$ & $0.174151$ & $-0.542874$ & $-0.103044$ & $0.00171612$ & $0.643855$ & $-0.0121983$ & $-0.00175805$ & $0.212167$ & $0.0887916$ & $-0.0679164$ & $0.221142$ & $1$ & $-0.100218$ & $0.301666$ & $0.0105251$ & $-0.309091$ & $0.153559$ & $0.193045$ & $0.101391$ & $-0.00563136$ & $0.38325$ & $-0.336901$ & $0.17591$ & $-0.0838091$ & $-0.0831642$ & $-0.23872$ & $0.104614$ \\
eHggint & $0.178882$ & $-0.319633$ & $0.0314173$ & $-0.254429$ & $0.283617$ & $0.121461$ & $0.02478$ & $-0.121523$ & $-0.152592$ & $0.239742$ & $0.0329175$ & $-0.12459$ & $-0.178524$ & $0.244767$ & $-0.045827$ & $-0.0337166$ & $0.216203$ & $0.233939$ & $0.25235$ & $-0.0643541$ & $-0.120594$ & $0.0773196$ & $0.130244$ & $0.164094$ & $0.202872$ & $-0.100715$ & $-0.0378125$ & $0.0101236$ & $0.0776581$ & $-0.167664$ & $0.118468$ & $0.0583281$ & $0.109074$ & $-0.100218$ & $1$ & $0.0583816$ & $-0.520944$ & $0.276875$ & $-0.621184$ & $-0.444062$ & $0.635211$ & $0.428212$ & $-0.544235$ & $-0.0553312$ & $-0.755517$ & $0.375339$ & $0.260386$ & $0.543398$ & $0.367293$ \\
eHggpar & $0.739968$ & $0.354446$ & $0.298449$ & $-0.241652$ & $0.0319197$ & $-0.0777998$ & $0.147078$ & $-0.0252963$ & $0.00086527$ & $-0.0435014$ & $0.0689982$ & $0.00204461$ & $-0.0298772$ & $-0.182285$ & $-0.387675$ & $-0.360252$ & $-0.0422353$ & $0.184942$ & $0.165721$ & $-0.00638379$ & $0.00340225$ & $0.108582$ & $0.413256$ & $-0.125129$ & $0.223063$ & $-0.179656$ & $0.499504$ & $0.0129735$ & $0.0652904$ & $0.055001$ & $0.310273$ & $0.193564$ & $0.14397$ & $0.301666$ & $0.0583816$ & $1$ & $-0.155182$ & $-0.18842$ & $-0.151437$ & $-0.144585$ & $-0.0336333$ & $0.33855$ & $0.433257$ & $-0.362642$ & $0.323222$ & $0.021201$ & $0.675198$ & $-0.0767464$ & $0.211917$ \\
eHWWint & $-0.328573$ & $-0.25111$ & $0.0549827$ & $0.250526$ & $-0.39491$ & $-0.120911$ & $-0.462722$ & $0.378303$ & $0.368201$ & $-0.434138$ & $-0.245705$ & $0.630053$ & $0.655321$ & $-0.347749$ & $0.307417$ & $0.240906$ & $-0.421967$ & $-0.543509$ & $-0.55034$ & $0.251327$ & $0.116807$ & $-0.0226904$ & $-0.242599$ & $-0.252637$ & $-0.558531$ & $-0.0849656$ & $-0.235721$ & $0.0358023$ & $0.0158095$ & $0.280149$ & $-0.00289852$ & $-0.47547$ & $0.0346722$ & $0.0105251$ & $-0.520944$ & $-0.155182$ & $1$ & $0.269722$ & $0.161699$ & $0.301275$ & $-0.513715$ & $-0.574879$ & $0.0755701$ & $0.394545$ & $0.222325$ & $-0.588811$ & $-0.194376$ & $-0.602946$ & $-0.46308$ \\
eHWWpar & $-0.413876$ & $-0.412322$ & $-0.0833803$ & $-0.0618992$ & $-0.0246562$ & $0.124195$ & $-0.282515$ & $0.0342613$ & $7.44667e-05$ & $-0.0193207$ & $-0.0578968$ & $0.339757$ & $0.286407$ & $0.120273$ & $0.408045$ & $0.309097$ & $-0.00903443$ & $-0.205445$ & $-0.178489$ & $0.01581$ & $-0.169898$ & $-0.020359$ & $-0.193421$ & $0.105735$ & $-0.282581$ & $-0.299657$ & $-0.561738$ & $0.118198$ & $0.089761$ & $-0.0205655$ & $0.0737616$ & $-0.300986$ & $-0.0865178$ & $-0.309091$ & $0.276875$ & $-0.18842$ & $0.269722$ & $1$ & $-0.567602$ & $-0.163581$ & $-0.173878$ & $-0.18137$ & $-0.499819$ & $0.298659$ & $-0.543714$ & $-0.366423$ & $0.254012$ & $-0.0303036$ & $-0.351509$ \\
eHZZint & $-0.0472495$ & $0.247449$ & $-0.0848685$ & $0.142483$ & $-0.0671513$ & $-0.0862506$ & $0.16706$ & $0.0444918$ & $0.0760946$ & $-0.0970135$ & $-0.00800049$ & $-0.195667$ & $-0.137454$ & $-0.111171$ & $-0.15025$ & $-0.0567576$ & $-0.0748932$ & $-0.0110959$ & $-0.0601173$ & $0.0244189$ & $0.145365$ & $-0.00565808$ & $-0.0505755$ & $-0.110824$ & $0.0564122$ & $0.297223$ & $0.275431$ & $-0.0536188$ & $-0.135511$ & $0.0152196$ & $-0.24607$ & $0.157191$ & $-0.0396312$ & $0.153559$ & $-0.621184$ & $-0.151437$ & $0.161699$ & $-0.567602$ & $1$ & $0.454093$ & $-0.251642$ & $-0.0395279$ & $0.546147$ & $-0.160082$ & $0.648856$ & $-0.0524679$ & $-0.540403$ & $-0.330361$ & $0.1872$ \\
eHZZpar & $-0.0722289$ & $-0.280082$ & $0.112624$ & $0.418708$ & $-0.284032$ & $-0.128304$ & $-0.174901$ & $0.348017$ & $0.362221$ & $-0.310503$ & $-0.260274$ & $0.226515$ & $0.287904$ & $-0.256382$ & $-0.0142767$ & $-0.00795024$ & $-0.320223$ & $-0.271569$ & $-0.290472$ & $0.265573$ & $0.236459$ & $0.0894568$ & $-0.059383$ & $-0.296061$ & $-0.241634$ & $0.176532$ & $0.199222$ & $0.0598898$ & $-0.0976173$ & $0.290318$ & $-0.0420648$ & $-0.13292$ & $0.167991$ & $0.193045$ & $-0.444062$ & $-0.144585$ & $0.301275$ & $-0.163581$ & $0.454093$ & $1$ & $-0.305869$ & $-0.365818$ & $0.357345$ & $-0.0430022$ & $0.292089$ & $-0.331654$ & $-0.42336$ & $-0.493133$ & $-0.126128$ \\
eHZgaint & $0.264059$ & $-0.0466539$ & $-0.0826171$ & $-0.24245$ & $0.181642$ & $0.00751461$ & $0.038731$ & $-0.069881$ & $-0.0904228$ & $0.104898$ & $0.0535268$ & $-0.220881$ & $-0.21908$ & $0.0576431$ & $-0.220452$ & $-0.132153$ & $0.10678$ & $0.207909$ & $0.185927$ & $-0.057609$ & $0.00668326$ & $0.0434231$ & $0.112115$ & $0.0274602$ & $0.231524$ & $0.135767$ & $0.23439$ & $-0.106105$ & $0.00116027$ & $-0.138499$ & $-0.042344$ & $0.0547291$ & $0.0647125$ & $0.101391$ & $0.635211$ & $-0.0336333$ & $-0.513715$ & $-0.173878$ & $-0.251642$ & $-0.305869$ & $1$ & $0.30877$ & $-0.377782$ & $-0.244688$ & $-0.484322$ & $0.573832$ & $-0.157018$ & $0.633004$ & $0.216816$ \\
eHZgapar & $0.406865$ & $0.243599$ & $0.0947952$ & $-0.354201$ & $0.408679$ & $0.0762153$ & $0.476603$ & $-0.360111$ & $-0.3497$ & $0.376328$ & $0.249991$ & $-0.587512$ & $-0.631366$ & $0.276648$ & $-0.278508$ & $-0.179403$ & $0.385771$ & $0.500592$ & $0.453807$ & $-0.242243$ & $-0.187391$ & $0.0232366$ & $0.252127$ & $0.23678$ & $0.50373$ & $0.000677007$ & $0.211554$ & $-0.0176297$ & $0.0117415$ & $-0.368587$ & $0.0356399$ & $0.478704$ & $-0.0843296$ & $-0.00563136$ & $0.428212$ & $0.33855$ & $-0.574879$ & $-0.18137$ & $-0.0395279$ & $-0.365818$ & $0.30877$ & $1$ & $0.0458281$ & $-0.223318$ & $-0.00850727$ & $0.425832$ & $0.390938$ & $0.396312$ & $0.665926$ \\
eHgagaint & $0.488089$ & $0.390021$ & $0.257361$ & $0.191855$ & $-0.126535$ & $-0.139567$ & $0.129657$ & $0.161785$ & $0.213703$ & $-0.229056$ & $-0.0698797$ & $-0.0121933$ & $0.0256746$ & $-0.3133$ & $-0.370652$ & $-0.323867$ & $-0.227135$ & $-0.0236945$ & $-0.0247752$ & $0.137547$ & $0.236081$ & $0.120508$ & $0.245118$ & $-0.277399$ & $0.0657306$ & $0.0927169$ & $0.601337$ & $0.0377353$ & $-0.0566948$ & $0.157153$ & $0.0360388$ & $0.155758$ & $0.103661$ & $0.38325$ & $-0.544235$ & $0.433257$ & $0.0755701$ & $-0.499819$ & $0.546147$ & $0.357345$ & $-0.377782$ & $0.0458281$ & $1$ & $-0.372618$ & $0.691768$ & $-0.219834$ & $0.0276175$ & $-0.549988$ & $0.175091$ \\
eHmumuint & $-0.508994$ & $-0.320765$ & $0.169342$ & $0.29949$ & $-0.0329913$ & $0.0370799$ & $-0.0898034$ & $-0.0194105$ & $-0.0407733$ & $0.0833986$ & $-0.0236614$ & $0.136444$ & $0.137947$ & $0.144379$ & $0.422582$ & $0.356483$ & $0.0725971$ & $-0.178237$ & $-0.148399$ & $-0.022205$ & $-0.137996$ & $-0.167869$ & $-0.316085$ & $0.144021$ & $-0.213898$ & $-0.0137279$ & $-0.562651$ & $-0.0013684$ & $-0.0345397$ & $-0.0348284$ & $-0.0444616$ & $-0.104028$ & $-0.0940739$ & $-0.336901$ & $-0.0553312$ & $-0.362642$ & $0.394545$ & $0.298659$ & $-0.160082$ & $-0.0430022$ & $-0.244688$ & $-0.223318$ & $-0.372618$ & $1$ & $-0.120152$ & $0.0330683$ & $-0.0742254$ & $0.047644$ & $-0.233963$ \\
eHtautauint & $0.227829$ & $0.576021$ & $0.0672783$ & $-0.00249986$ & $-0.107529$ & $-0.0991476$ & $0.260702$ & $-0.0648737$ & $-0.0212922$ & $-0.0587632$ & $0.114382$ & $-0.170789$ & $-0.135691$ & $-0.171379$ & $-0.199538$ & $-0.170511$ & $-0.0473155$ & $0.0484414$ & $0.0233572$ & $-0.0552326$ & $0.0342419$ & $-0.0509465$ & $0.134232$ & $-0.0764909$ & $0.0968981$ & $0.0711109$ & $0.289333$ & $-0.0105977$ & $-0.0910488$ & $0.0283012$ & $-0.0277849$ & $0.247385$ & $-0.090787$ & $0.17591$ & $-0.755517$ & $0.323222$ & $0.222325$ & $-0.543714$ & $0.648856$ & $0.292089$ & $-0.484322$ & $-0.00850727$ & $0.691768$ & $-0.120152$ & $1$ & $-0.0700865$ & $0.0420863$ & $-0.303841$ & $0.0160808$ \\
eHccint & $0.252645$ & $0.238453$ & $0.166977$ & $-0.125457$ & $0.286024$ & $0.142124$ & $0.367852$ & $-0.36914$ & $-0.368937$ & $0.384101$ & $0.284997$ & $-0.522179$ & $-0.523909$ & $0.27739$ & $-0.185972$ & $-0.0908373$ & $0.353423$ & $0.403953$ & $0.392937$ & $-0.292803$ & $-0.179093$ & $-0.118492$ & $0.0782948$ & $0.272581$ & $0.413619$ & $0.213099$ & $0.0967789$ & $-0.122758$ & $-0.0899971$ & $-0.236761$ & $-0.0366918$ & $0.370986$ & $-0.0344778$ & $-0.0838091$ & $0.375339$ & $0.021201$ & $-0.588811$ & $-0.366423$ & $-0.0524679$ & $-0.331654$ & $0.573832$ & $0.425832$ & $-0.219834$ & $0.0330683$ & $-0.0700865$ & $1$ & $-0.0276173$ & $0.660852$ & $0.35999$ \\
eHccpar & $0.368146$ & $0.264557$ & $0.127572$ & $-0.375715$ & $0.185128$ & $0.0709961$ & $0.218888$ & $-0.253028$ & $-0.246257$ & $0.203372$ & $0.188625$ & $-0.111151$ & $-0.182776$ & $0.133705$ & $-0.0491966$ & $-0.134483$ & $0.218611$ & $0.24002$ & $0.268972$ & $-0.166891$ & $-0.236605$ & $0.0128883$ & $0.289213$ & $0.163555$ & $0.212391$ & $-0.375473$ & $-0.0422918$ & $0.0702319$ & $0.106371$ & $-0.16085$ & $0.325401$ & $0.215475$ & $-0.0596405$ & $-0.0831642$ & $0.260386$ & $0.675198$ & $-0.194376$ & $0.254012$ & $-0.540403$ & $-0.42336$ & $-0.157018$ & $0.390938$ & $0.0276175$ & $-0.0742254$ & $0.0420863$ & $-0.0276173$ & $1$ & $0.183233$ & $0.123327$ \\
eHbbint & $0.0216123$ & $0.212098$ & $-0.262006$ & $-0.475557$ & $0.364971$ & $0.136729$ & $0.307495$ & $-0.447788$ & $-0.465866$ & $0.436743$ & $0.320553$ & $-0.490793$ & $-0.522268$ & $0.381156$ & $-0.00129255$ & $-0.0253379$ & $0.454638$ & $0.404489$ & $0.418196$ & $-0.343223$ & $-0.288799$ & $-0.103123$ & $0.0550909$ & $0.366607$ & $0.390644$ & $-0.00321608$ & $-0.169583$ & $-0.0869493$ & $0.0177606$ & $-0.338489$ & $-0.0113381$ & $0.280294$ & $-0.142217$ & $-0.23872$ & $0.543398$ & $-0.0767464$ & $-0.602946$ & $-0.0303036$ & $-0.330361$ & $-0.493133$ & $0.633004$ & $0.396312$ & $-0.549988$ & $0.047644$ & $-0.303841$ & $0.660852$ & $0.183233$ & $1$ & $0.154112$ \\
eHbbpar & $0.418174$ & $-0.0340248$ & $0.255493$ & $-0.0616865$ & $0.362213$ & $0.0149039$ & $0.421788$ & $-0.140466$ & $-0.125779$ & $0.249225$ & $0.0529935$ & $-0.493145$ & $-0.507101$ & $0.189413$ & $-0.326391$ & $-0.17311$ & $0.231293$ & $0.384513$ & $0.332933$ & $-0.0576913$ & $0.0143139$ & $0.0779118$ & $0.224827$ & $0.125701$ & $0.39682$ & $0.139668$ & $0.360156$ & $-0.0226149$ & $-0.0372478$ & $-0.264212$ & $-0.029961$ & $0.451426$ & $0.112286$ & $0.104614$ & $0.367293$ & $0.211917$ & $-0.46308$ & $-0.351509$ & $0.1872$ & $-0.126128$ & $0.216816$ & $0.665926$ & $0.175091$ & $-0.233963$ & $0.0160808$ & $0.35999$ & $0.123327$ & $0.154112$ & $1$ \\
