 & AlsMz & dAle5Mz & mtop & mHl & Mz & CW & CHG & CHWB & CHWHB_gaga & CHWHB_gagaorth & CHD & CHbox & CH & CHL1_11 & CHL1_22 & CHL1_33 & CHL3_11 & CHL3_22 & CHL3_33 & CHe_11 & CHe_22 & CHe_33 & CHQ1_11 & CHQ1_33 & CHQ3_11 & CHu_11 & CHd_11 & CHd_33 & CeH_22r & CeH_33r & CuH_22r & CuH_33r & CdH_33r & CLL_1221 & eHggint & eHggpar & eHWWint & eHWWpar & eHZZint & eHZZpar & eHZgaint & eHZgapar & eHgagaint & eHmumuint & eHtautauint & eHccint & eHccpar & eHbbint & eHbbpar \\
AlsMz & $1$ & $0.0117868$ & $0.00157986$ & $-0.00256613$ & $-0.0495859$ & $-0.0151667$ & $0.0271651$ & $0.0247277$ & $0.0298935$ & $-0.0157797$ & $-0.0546312$ & $-0.00187506$ & $-0.00492592$ & $0.0657827$ & $0.0483657$ & $-0.0259782$ & $0.046237$ & $0.0196298$ & $0.0647634$ & $0.0452537$ & $0.0468339$ & $0.0389714$ & $0.00189015$ & $-0.0494248$ & $-0.0502889$ & $-0.0550437$ & $0.0114948$ & $-0.0430282$ & $-0.0388671$ & $0.00250541$ & $0.0152942$ & $0.0400627$ & $0.0501616$ & $-0.0170657$ & $0.0976669$ & $0.0766157$ & $-0.0277834$ & $0.00508361$ & $0.037484$ & $0.0507112$ & $0.046474$ & $-0.0121828$ & $0.0363333$ & $-0.0126691$ & $0.0559953$ & $-0.0956119$ & $0.00365074$ & $-0.0151674$ & $0.0161991$ \\
dAle5Mz & $0.0117868$ & $1$ & $0.0866118$ & $-0.0528159$ & $0.0981461$ & $-0.000372051$ & $-0.0133192$ & $-0.168608$ & $-0.169568$ & $0.150707$ & $0.137144$ & $0.0674386$ & $-0.00627259$ & $-0.0659974$ & $-0.00320828$ & $-0.110726$ & $0.0849076$ & $0.0307806$ & $0.106229$ & $-0.118243$ & $-0.116994$ & $-0.120104$ & $0.127022$ & $0.10321$ & $0.0791389$ & $0.00599378$ & $-0.0274429$ & $-0.0480487$ & $-0.0167824$ & $0.0223208$ & $0.037931$ & $0.00978376$ & $-0.00756098$ & $-0.083102$ & $0.0777596$ & $0.00432835$ & $-0.0255142$ & $0.0129728$ & $-0.00659608$ & $0.00379216$ & $0.00121993$ & $-0.0499653$ & $-0.0256059$ & $-0.0230222$ & $0.0167992$ & $0.0296042$ & $0.0345526$ & $-0.00368197$ & $-0.0532211$ \\
mtop & $0.00157986$ & $0.0866118$ & $1$ & $0.0298216$ & $0.0355086$ & $0.00639078$ & $-0.0404509$ & $0.00269759$ & $0.00531507$ & $0.044516$ & $0.00798873$ & $0.0128333$ & $0.0137364$ & $-0.0124283$ & $0.0390875$ & $-0.0080687$ & $-0.0075162$ & $-0.0367536$ & $0.000354172$ & $-0.000263635$ & $-0.00126992$ & $-0.00117474$ & $0.0359802$ & $-0.0161784$ & $-0.012073$ & $0.00311704$ & $0.00511858$ & $-0.0295099$ & $-0.0882353$ & $0.0340627$ & $0.114375$ & $-0.0265991$ & $0.0480517$ & $-0.0228139$ & $0.0486114$ & $-0.0760132$ & $-0.0468051$ & $-0.0332919$ & $-0.0556937$ & $0.0429585$ & $-0.072367$ & $0.0794267$ & $-0.031776$ & $0.00988827$ & $0.0506458$ & $0.0429718$ & $-0.0213834$ & $-0.016541$ & $0.0238777$ \\
mHl & $-0.00256613$ & $-0.0528159$ & $0.0298216$ & $1$ & $0.00735199$ & $0.00249173$ & $0.0510007$ & $-0.0229314$ & $-0.0240646$ & $0.0126813$ & $0.0507326$ & $0.0250138$ & $-0.0143628$ & $-0.0792265$ & $-0.0619855$ & $-0.033241$ & $-0.0338096$ & $-0.0244391$ & $-0.0302304$ & $-0.0532183$ & $-0.0438995$ & $-0.0540209$ & $0.0209455$ & $-0.024343$ & $-0.0156567$ & $0.00504135$ & $0.0414342$ & $-0.0597812$ & $-0.014004$ & $-0.0440697$ & $-0.106845$ & $0.0470153$ & $0.00365316$ & $0.0373187$ & $-0.0428401$ & $0.0946996$ & $0.0683927$ & $0.00639007$ & $-0.00396032$ & $0.0682408$ & $-0.0175819$ & $-0.00315435$ & $4.08091e-06$ & $-0.0293037$ & $0.00123678$ & $-0.0195829$ & $-0.0832341$ & $0.0719543$ & $0.0220187$ \\
Mz & $-0.0495859$ & $0.0981461$ & $0.0355086$ & $0.00735199$ & $1$ & $-0.0313489$ & $-0.0286225$ & $-0.0388902$ & $-0.0293996$ & $0.0227648$ & $0.0337622$ & $-0.0330469$ & $0.0545336$ & $-0.0362138$ & $-0.00977891$ & $0.00217523$ & $0.0540646$ & $0.0229071$ & $0.018545$ & $-0.0287058$ & $-0.0257496$ & $-0.0197504$ & $0.0210653$ & $0.0422779$ & $0.0327126$ & $0.0183463$ & $-0.00220377$ & $-0.0164367$ & $0.0374481$ & $0.072966$ & $0.034481$ & $-0.00707417$ & $0.0793893$ & $-0.0021505$ & $-0.0251923$ & $-0.00534933$ & $-0.0493538$ & $-0.00604892$ & $-0.0479303$ & $0.0589443$ & $0.0429354$ & $0.073718$ & $-0.0388354$ & $-0.00878756$ & $-0.00526895$ & $0.00960801$ & $0.00977616$ & $0.0774257$ & $-0.0069543$ \\
CW & $-0.0151667$ & $-0.000372051$ & $0.00639078$ & $0.00249173$ & $-0.0313489$ & $1$ & $-0.0208476$ & $0.00238507$ & $0.012237$ & $-0.0793286$ & $0.104428$ & $0.0181613$ & $0.00224488$ & $-0.00465219$ & $-0.0695731$ & $-0.0285996$ & $-0.387629$ & $-0.17945$ & $-0.203743$ & $-0.0992233$ & $-0.106881$ & $-0.117789$ & $0.029683$ & $-0.147867$ & $-0.240415$ & $0.0301202$ & $-0.0884172$ & $-0.034188$ & $0.000509564$ & $0.022993$ & $0.0466082$ & $-0.0351272$ & $-0.00417956$ & $-0.0720916$ & $-0.0337732$ & $-0.0335541$ & $0.0147389$ & $0.0244776$ & $-0.000280354$ & $-0.0139024$ & $-0.0596629$ & $-0.0181363$ & $0.0718464$ & $0.00351717$ & $-0.0361313$ & $0.0150595$ & $0.0352365$ & $-0.0116938$ & $-0.0489304$ \\
CHG & $0.0271651$ & $-0.0133192$ & $-0.0404509$ & $0.0510007$ & $-0.0286225$ & $-0.0208476$ & $1$ & $0.0193714$ & $0.0528034$ & $0.001333$ & $0.00455355$ & $0.29258$ & $-0.347731$ & $-0.031372$ & $-0.0365808$ & $-0.0335011$ & $-0.0560171$ & $-0.0341305$ & $-0.0350712$ & $-0.00796437$ & $-0.000773533$ & $-0.0024808$ & $0.0464466$ & $-0.0438682$ & $-0.0482729$ & $-0.0367534$ & $0.0301665$ & $-0.00519955$ & $-0.0358349$ & $-0.156811$ & $-0.0629834$ & $0.914027$ & $-0.169776$ & $0.0413185$ & $-0.0595475$ & $0.0136799$ & $0.00266506$ & $-0.0224793$ & $0.00861019$ & $0.0476537$ & $-0.0905663$ & $-0.0144154$ & $-0.0675994$ & $0.0948907$ & $0.0116775$ & $-0.0213714$ & $0.00934188$ & $0.00129961$ & $-0.000530202$ \\
CHWB & $0.0247277$ & $-0.168608$ & $0.00269759$ & $-0.0229314$ & $-0.0388902$ & $0.00238507$ & $0.0193714$ & $1$ & $0.989118$ & $-0.579077$ & $-0.897219$ & $-0.215138$ & $0.0561846$ & $0.326526$ & $0.454684$ & $0.470887$ & $-0.280624$ & $-0.437571$ & $-0.452235$ & $0.882141$ & $0.908142$ & $0.897573$ & $-0.0253614$ & $-0.674982$ & $-0.408648$ & $-0.58735$ & $0.427661$ & $0.441751$ & $-0.0359568$ & $0.0417332$ & $-0.0570424$ & $-0.00772669$ & $0.0085338$ & $0.574378$ & $-0.0364526$ & $0.0643867$ & $-0.0355819$ & $0.0436642$ & $0.0138049$ & $-0.0353149$ & $-0.00575687$ & $-0.0030547$ & $0.0214483$ & $0.0760747$ & $-0.00026762$ & $-0.0119566$ & $-0.0162555$ & $0.0236726$ & $-0.03269$ \\
CHWHB_gaga & $0.0298935$ & $-0.169568$ & $0.00531507$ & $-0.0240646$ & $-0.0293996$ & $0.012237$ & $0.0528034$ & $0.989118$ & $1$ & $-0.578995$ & $-0.883357$ & $-0.20646$ & $0.0563818$ & $0.314221$ & $0.450965$ & $0.465012$ & $-0.286068$ & $-0.442568$ & $-0.454481$ & $0.868673$ & $0.89449$ & $0.884986$ & $-0.0228347$ & $-0.673399$ & $-0.410172$ & $-0.580113$ & $0.424414$ & $0.43901$ & $-0.0310215$ & $0.0728564$ & $-0.0399054$ & $0.0211631$ & $0.0377928$ & $0.566264$ & $-0.0403719$ & $0.0490783$ & $-0.0486466$ & $0.0421148$ & $0.0101422$ & $-0.0346742$ & $-0.00960721$ & $0.00876218$ & $0.0724686$ & $0.0791723$ & $0.00722709$ & $-0.0137463$ & $-0.0175397$ & $0.0301648$ & $-0.0326708$ \\
CHWHB_gagaorth & $-0.0157797$ & $0.150707$ & $0.044516$ & $0.0126813$ & $0.0227648$ & $-0.0793286$ & $0.001333$ & $-0.579077$ & $-0.578995$ & $1$ & $0.509459$ & $0.397671$ & $-0.064379$ & $-0.162271$ & $-0.274761$ & $-0.26023$ & $0.17489$ & $0.282657$ & $0.274987$ & $-0.500705$ & $-0.516732$ & $-0.507562$ & $0.0330238$ & $0.416039$ & $0.25793$ & $0.336044$ & $-0.227493$ & $-0.223898$ & $-0.00462615$ & $-0.121464$ & $-0.0368469$ & $0.0442659$ & $-0.105417$ & $-0.321606$ & $0.0590364$ & $-0.0269339$ & $0.035568$ & $-0.0684394$ & $0.0215909$ & $0.0399581$ & $-0.0149505$ & $-0.0430148$ & $-0.0524212$ & $-0.0704055$ & $-0.0272794$ & $0.0270887$ & $-0.0299744$ & $-0.0225672$ & $0.0359185$ \\
CHD & $-0.0546312$ & $0.137144$ & $0.00798873$ & $0.0507326$ & $0.0337622$ & $0.104428$ & $0.00455355$ & $-0.897219$ & $-0.883357$ & $0.509459$ & $1$ & $0.275063$ & $-0.0668533$ & $-0.666591$ & $-0.578902$ & $-0.562637$ & $-0.142845$ & $0.0675967$ & $0.0858564$ & $-0.994821$ & $-0.99549$ & $-0.982127$ & $0.0716631$ & $0.322951$ & $0.0282415$ & $0.645937$ & $-0.324551$ & $-0.475837$ & $0.0442968$ & $-0.0365016$ & $0.0517292$ & $0.0360336$ & $-0.0292213$ & $-0.383225$ & $0.0333066$ & $-0.067697$ & $0.0669854$ & $-0.0461519$ & $-0.0284716$ & $0.0186215$ & $-0.0282926$ & $0.025058$ & $-0.0306859$ & $-0.0622413$ & $-0.00268661$ & $-0.0175255$ & $0.00204052$ & $-0.0130169$ & $0.0112026$ \\
CHbox & $-0.00187506$ & $0.0674386$ & $0.0128333$ & $0.0250138$ & $-0.0330469$ & $0.0181613$ & $0.29258$ & $-0.215138$ & $-0.20646$ & $0.397671$ & $0.275063$ & $1$ & $-0.873953$ & $-0.221462$ & $-0.135054$ & $-0.153775$ & $-0.127469$ & $-0.066656$ & $-0.0361168$ & $-0.269318$ & $-0.275502$ & $-0.255374$ & $0.0688754$ & $0.041063$ & $-0.0640529$ & $0.166996$ & $-0.0691681$ & $-0.10395$ & $-0.00473892$ & $-0.179747$ & $-0.0788416$ & $0.283541$ & $-0.153313$ & $-0.111022$ & $0.0284972$ & $0.052182$ & $0.0278885$ & $-0.0120631$ & $0.00723863$ & $-0.0106428$ & $-0.0500577$ & $-0.0135881$ & $-0.0430693$ & $-0.00630769$ & $0.00957482$ & $0.0100776$ & $-0.059912$ & $-0.0167078$ & $0.0177635$ \\
CH & $-0.00492592$ & $-0.00627259$ & $0.0137364$ & $-0.0143628$ & $0.0545336$ & $0.00224488$ & $-0.347731$ & $0.0561846$ & $0.0563818$ & $-0.064379$ & $-0.0668533$ & $-0.873953$ & $1$ & $0.0384269$ & $0.0296028$ & $0.0624875$ & $0.0288383$ & $0.0116883$ & $-0.0191113$ & $0.0671427$ & $0.0675039$ & $0.0509979$ & $-0.0385813$ & $-0.0242799$ & $0.00157875$ & $-0.0409451$ & $-0.00132138$ & $0.0119363$ & $0.0121293$ & $0.297173$ & $0.115802$ & $-0.272403$ & $0.275956$ & $0.0408819$ & $0.0282594$ & $-0.0571852$ & $-0.023435$ & $-0.0219031$ & $-0.00789362$ & $0.0259316$ & $0.0436205$ & $0.010682$ & $0.0221145$ & $-0.0125092$ & $-0.0161843$ & $-0.00347833$ & $0.0440039$ & $0.0276109$ & $-0.0238268$ \\
CHL1_11 & $0.0657827$ & $-0.0659974$ & $-0.0124283$ & $-0.0792265$ & $-0.0362138$ & $-0.00465219$ & $-0.031372$ & $0.326526$ & $0.314221$ & $-0.162271$ & $-0.666591$ & $-0.221462$ & $0.0384269$ & $1$ & $0.41676$ & $0.40765$ & $0.539857$ & $0.52827$ & $0.479375$ & $0.67485$ & $0.641046$ & $0.625929$ & $-0.0788224$ & $0.325639$ & $0.511221$ & $-0.438708$ & $0.00930199$ & $0.304826$ & $-0.0558388$ & $-0.00686471$ & $-0.0240836$ & $-0.0650062$ & $0.0255412$ & $-0.114476$ & $-0.0396139$ & $0.0295284$ & $-0.0610809$ & $0.0225032$ & $0.0540629$ & $0.0283984$ & $0.0366637$ & $-0.0527547$ & $0.043669$ & $0.0047731$ & $-0.00781742$ & $0.0537187$ & $0.042326$ & $-0.0200171$ & $0.0188871$ \\
CHL1_22 & $0.0483657$ & $-0.00320828$ & $0.0390875$ & $-0.0619855$ & $-0.00977891$ & $-0.0695731$ & $-0.0365808$ & $0.454684$ & $0.450965$ & $-0.274761$ & $-0.578902$ & $-0.135054$ & $0.0296028$ & $0.41676$ & $1$ & $0.508965$ & $0.186042$ & $-0.320468$ & $-0.0103781$ & $0.623048$ & $0.52844$ & $0.515617$ & $-0.181721$ & $0.00727816$ & $-0.0555304$ & $-0.341342$ & $-0.238465$ & $0.225493$ & $-0.0578379$ & $0.032419$ & $0.0180897$ & $-0.042905$ & $0.0392766$ & $-0.422787$ & $-0.0129131$ & $0.0286711$ & $-0.0981104$ & $-0.0137439$ & $0.0259518$ & $-0.0149329$ & $0.0276035$ & $0.0137888$ & $0.0534975$ & $0.0431956$ & $0.0297052$ & $0.027762$ & $0.0577647$ & $-0.015923$ & $0.00761445$ \\
CHL1_33 & $-0.0259782$ & $-0.110726$ & $-0.0080687$ & $-0.033241$ & $0.00217523$ & $-0.0285996$ & $-0.0335011$ & $0.470887$ & $0.465012$ & $-0.26023$ & $-0.562637$ & $-0.153775$ & $0.0624875$ & $0.40765$ & $0.508965$ & $1$ & $0.0913737$ & $-0.0344833$ & $-0.39342$ & $0.603024$ & $0.512395$ & $0.515154$ & $-0.201745$ & $-0.0379754$ & $-0.127736$ & $-0.3295$ & $-0.272642$ & $0.20214$ & $-0.0123193$ & $0.0254479$ & $-0.0476899$ & $-0.0405262$ & $0.0052008$ & $0.0313433$ & $-0.0423762$ & $0.0359318$ & $-0.0832557$ & $0.0221235$ & $0.0331096$ & $-0.0791648$ & $0.0412395$ & $0.00607591$ & $0.0151473$ & $0.0535059$ & $0.0278523$ & $0.050278$ & $0.00324856$ & $0.0775145$ & $-0.0294126$ \\
CHL3_11 & $0.046237$ & $0.0849076$ & $-0.0075162$ & $-0.0338096$ & $0.0540646$ & $-0.387629$ & $-0.0560171$ & $-0.280624$ & $-0.286068$ & $0.17489$ & $-0.142845$ & $-0.127469$ & $0.0288383$ & $0.539857$ & $0.186042$ & $0.0913737$ & $1$ & $0.794276$ & $0.81146$ & $0.154352$ & $0.12281$ & $0.121479$ & $-0.0798397$ & $0.748109$ & $0.843982$ & $-0.0701442$ & $-0.147204$ & $0.0372244$ & $0.00345232$ & $-0.00712653$ & $0.0252355$ & $-0.0574549$ & $0.0571889$ & $-0.310428$ & $0.0256018$ & $0.00759246$ & $-0.0572239$ & $0.00775563$ & $0.0116549$ & $0.0307734$ & $0.0849501$ & $-0.0341844$ & $0.00160261$ & $-0.0333978$ & $0.0155746$ & $0.0410716$ & $0.0133458$ & $-0.0179032$ & $0.0622401$ \\
CHL3_22 & $0.0196298$ & $0.0307806$ & $-0.0367536$ & $-0.0244391$ & $0.0229071$ & $-0.17945$ & $-0.0341305$ & $-0.437571$ & $-0.442568$ & $0.282657$ & $0.0675967$ & $-0.066656$ & $0.0116883$ & $0.52827$ & $-0.320468$ & $-0.0344833$ & $0.794276$ & $1$ & $0.759338$ & $-0.0705274$ & $-0.0714045$ & $-0.0693269$ & $-0.000485242$ & $0.733209$ & $0.841951$ & $0.0415305$ & $-0.0720084$ & $-0.0399133$ & $0.0164071$ & $-0.0293875$ & $-0.00147183$ & $-0.0416966$ & $0.0184274$ & $-0.114111$ & $0.00550374$ & $-0.00929491$ & $-0.00659283$ & $0.0150981$ & $0.0164923$ & $0.0398002$ & $0.0515125$ & $-0.0545642$ & $-0.00899956$ & $-0.0523165$ & $-0.0115499$ & $0.0417651$ & $-0.00447538$ & $-0.0050617$ & $0.0369415$ \\
CHL3_33 & $0.0647634$ & $0.106229$ & $0.000354172$ & $-0.0302304$ & $0.018545$ & $-0.203743$ & $-0.0350712$ & $-0.452235$ & $-0.454481$ & $0.274987$ & $0.0858564$ & $-0.0361168$ & $-0.0191113$ & $0.479375$ & $-0.0103781$ & $-0.39342$ & $0.81146$ & $0.759338$ & $1$ & $-0.0885081$ & $-0.086307$ & $-0.0809019$ & $0.0340644$ & $0.72861$ & $0.853707$ & $0.0425569$ & $-0.0275148$ & $-0.033548$ & $-0.0089134$ & $-0.025371$ & $0.0465612$ & $-0.0428482$ & $0.0393774$ & $-0.408314$ & $0.0223383$ & $-0.00722438$ & $-0.0111435$ & $-0.00472893$ & $0.00767448$ & $0.0808544$ & $0.0522424$ & $-0.0450258$ & $0.0184116$ & $-0.0793924$ & $-0.0143291$ & $0.0255251$ & $0.0283149$ & $-0.0631241$ & $0.0553921$ \\
CHe_11 & $0.0452537$ & $-0.118243$ & $-0.000263635$ & $-0.0532183$ & $-0.0287058$ & $-0.0992233$ & $-0.00796437$ & $0.882141$ & $0.868673$ & $-0.500705$ & $-0.994821$ & $-0.269318$ & $0.0671427$ & $0.67485$ & $0.623048$ & $0.603024$ & $0.154352$ & $-0.0705274$ & $-0.0885081$ & $1$ & $0.986057$ & $0.972532$ & $-0.0886355$ & $-0.290467$ & $-0.0240326$ & $-0.639057$ & $0.273272$ & $0.465629$ & $-0.0438456$ & $0.0405298$ & $-0.0499246$ & $-0.037889$ & $0.026407$ & $0.327571$ & $-0.0342108$ & $0.0655189$ & $-0.0703022$ & $0.0454963$ & $0.028828$ & $-0.0198483$ & $0.0274998$ & $-0.0231985$ & $0.0347536$ & $0.0591212$ & $0.00285609$ & $0.0215091$ & $-2.71475e-05$ & $0.016021$ & $-0.0208322$ \\
CHe_22 & $0.0468339$ & $-0.116994$ & $-0.00126992$ & $-0.0438995$ & $-0.0257496$ & $-0.106881$ & $-0.000773533$ & $0.908142$ & $0.89449$ & $-0.516732$ & $-0.99549$ & $-0.275502$ & $0.0675039$ & $0.641046$ & $0.52844$ & $0.512395$ & $0.12281$ & $-0.0714045$ & $-0.086307$ & $0.986057$ & $1$ & $0.98531$ & $-0.0534898$ & $-0.35803$ & $-0.0359228$ & $-0.645998$ & $0.381177$ & $0.479796$ & $-0.0428045$ & $0.0384383$ & $-0.0495971$ & $-0.0331018$ & $0.0298375$ & $0.442704$ & $-0.0296733$ & $0.0657782$ & $-0.0584591$ & $0.0499362$ & $0.0232356$ & $-0.0169417$ & $0.0247785$ & $-0.0236663$ & $0.0280338$ & $0.0592636$ & $0.000386611$ & $0.0119772$ & $-0.00622786$ & $0.0122441$ & $-0.0125309$ \\
CHe_33 & $0.0389714$ & $-0.120104$ & $-0.00117474$ & $-0.0540209$ & $-0.0197504$ & $-0.117789$ & $-0.0024808$ & $0.897573$ & $0.884986$ & $-0.507562$ & $-0.982127$ & $-0.255374$ & $0.0509979$ & $0.625929$ & $0.515617$ & $0.515154$ & $0.121479$ & $-0.0693269$ & $-0.0809019$ & $0.972532$ & $0.98531$ & $1$ & $-0.0430953$ & $-0.35328$ & $-0.0345631$ & $-0.645053$ & $0.383736$ & $0.477665$ & $-0.0354916$ & $0.0384561$ & $-0.0489309$ & $-0.0388351$ & $0.0218011$ & $0.447$ & $-0.0357626$ & $0.0673753$ & $-0.0638032$ & $0.0567402$ & $0.0200004$ & $-0.0128217$ & $0.0309737$ & $-0.0308727$ & $0.0254344$ & $0.0428809$ & $-0.011046$ & $0.00505454$ & $-0.00778645$ & $0.0143471$ & $-0.0172015$ \\
CHQ1_11 & $0.00189015$ & $0.127022$ & $0.0359802$ & $0.0209455$ & $0.0210653$ & $0.029683$ & $0.0464466$ & $-0.0253614$ & $-0.0228347$ & $0.0330238$ & $0.0716631$ & $0.0688754$ & $-0.0385813$ & $-0.0788224$ & $-0.181721$ & $-0.201745$ & $-0.0798397$ & $-0.000485242$ & $0.0340644$ & $-0.0886355$ & $-0.0534898$ & $-0.0430953$ & $1$ & $-0.104692$ & $0.0460135$ & $-0.587388$ & $0.281718$ & $-0.0614723$ & $-0.0295518$ & $0.0204224$ & $-0.00982232$ & $0.0461488$ & $0.0252657$ & $0.136933$ & $-0.00827092$ & $0.0345469$ & $-0.0122773$ & $-0.00749768$ & $-0.0501603$ & $-0.033163$ & $-0.0080931$ & $0.0208898$ & $-0.0760988$ & $-0.0557378$ & $0.0414235$ & $0.0341902$ & $0.0138363$ & $0.070768$ & $-0.0504126$ \\
CHQ1_33 & $-0.0494248$ & $0.10321$ & $-0.0161784$ & $-0.024343$ & $0.0422779$ & $-0.147867$ & $-0.0438682$ & $-0.674982$ & $-0.673399$ & $0.416039$ & $0.322951$ & $0.041063$ & $-0.0242799$ & $0.325639$ & $0.00727816$ & $-0.0379754$ & $0.748109$ & $0.733209$ & $0.72861$ & $-0.290467$ & $-0.35803$ & $-0.35328$ & $-0.104692$ & $1$ & $0.739757$ & $0.243634$ & $-0.409886$ & $-0.119657$ & $0.00943139$ & $-0.0438067$ & $0.022834$ & $-0.0417323$ & $0.00274511$ & $-0.645176$ & $-0.00333979$ & $-0.0386813$ & $-0.0331068$ & $-0.0312874$ & $0.0105817$ & $0.0175205$ & $0.059664$ & $-0.034325$ & $-0.0254301$ & $-0.0670638$ & $-0.00533431$ & $0.0236125$ & $0.0318648$ & $-0.0173177$ & $0.0357789$ \\
CHQ3_11 & $-0.0502889$ & $0.0791389$ & $-0.012073$ & $-0.0156567$ & $0.0327126$ & $-0.240415$ & $-0.0482729$ & $-0.408648$ & $-0.410172$ & $0.25793$ & $0.0282415$ & $-0.0640529$ & $0.00157875$ & $0.511221$ & $-0.0555304$ & $-0.127736$ & $0.843982$ & $0.841951$ & $0.853707$ & $-0.0240326$ & $-0.0359228$ & $-0.0345631$ & $0.0460135$ & $0.739757$ & $1$ & $0.0402518$ & $0.131848$ & $-0.0261928$ & $0.0200867$ & $-0.0240133$ & $0.0220387$ & $-0.0575578$ & $0.0292386$ & $-0.302373$ & $-0.00323202$ & $-0.0262131$ & $-0.04815$ & $0.0276652$ & $-0.0278687$ & $0.0379591$ & $0.0775657$ & $-0.0483227$ & $-0.00879665$ & $-0.0525033$ & $-0.00410464$ & $0.0769465$ & $-0.000294429$ & $-0.0214171$ & $0.0367582$ \\
CHu_11 & $-0.0550437$ & $0.00599378$ & $0.00311704$ & $0.00504135$ & $0.0183463$ & $0.0301202$ & $-0.0367534$ & $-0.58735$ & $-0.580113$ & $0.336044$ & $0.645937$ & $0.166996$ & $-0.0409451$ & $-0.438708$ & $-0.341342$ & $-0.3295$ & $-0.0701442$ & $0.0415305$ & $0.0425569$ & $-0.639057$ & $-0.645998$ & $-0.645053$ & $-0.587388$ & $0.243634$ & $0.0402518$ & $1$ & $-0.208569$ & $-0.266171$ & $0.0805498$ & $-0.0472597$ & $0.0659744$ & $-0.023062$ & $-0.0342465$ & $-0.284036$ & $0.0098291$ & $-0.0743901$ & $0.0681368$ & $-0.0125184$ & $-0.021189$ & $0.0429493$ & $-0.0113712$ & $-0.0203033$ & $0.0257588$ & $0.00153725$ & $-0.00899407$ & $-0.00955687$ & $-0.0114518$ & $-0.0644823$ & $0.0602872$ \\
CHd_11 & $0.0114948$ & $-0.0274429$ & $0.00511858$ & $0.0414342$ & $-0.00220377$ & $-0.0884172$ & $0.0301665$ & $0.427661$ & $0.424414$ & $-0.227493$ & $-0.324551$ & $-0.0691681$ & $-0.00132138$ & $0.00930199$ & $-0.238465$ & $-0.272642$ & $-0.147204$ & $-0.0720084$ & $-0.0275148$ & $0.273272$ & $0.381177$ & $0.383736$ & $0.281718$ & $-0.409886$ & $0.131848$ & $-0.208569$ & $1$ & $0.189243$ & $0.0253659$ & $0.00314972$ & $-0.0278586$ & $0.00702867$ & $-0.000941048$ & $0.656694$ & $-0.0290009$ & $0.0227354$ & $0.000517623$ & $0.072225$ & $-0.0825062$ & $-0.000946819$ & $0.0250225$ & $-0.0354109$ & $-0.0494962$ & $0.00938059$ & $-0.0109586$ & $-0.0033637$ & $-0.0649935$ & $0.013045$ & $-0.0200939$ \\
CHd_33 & $-0.0430282$ & $-0.0480487$ & $-0.0295099$ & $-0.0597812$ & $-0.0164367$ & $-0.034188$ & $-0.00519955$ & $0.441751$ & $0.43901$ & $-0.223898$ & $-0.475837$ & $-0.10395$ & $0.0119363$ & $0.304826$ & $0.225493$ & $0.20214$ & $0.0372244$ & $-0.0399133$ & $-0.033548$ & $0.465629$ & $0.479796$ & $0.477665$ & $-0.0614723$ & $-0.119657$ & $-0.0261928$ & $-0.266171$ & $0.189243$ & $1$ & $0.0189117$ & $-0.00886325$ & $-0.0467999$ & $-0.0388209$ & $-0.0504221$ & $0.233468$ & $0.00556326$ & $-0.00112731$ & $-0.0498559$ & $0.037089$ & $0.0159877$ & $-0.0742576$ & $0.00927368$ & $-0.0891093$ & $0.0271969$ & $-0.0250815$ & $-0.0453516$ & $0.0136013$ & $0.00988748$ & $-0.0472844$ & $-0.0701035$ \\
CeH_22r & $-0.0388671$ & $-0.0167824$ & $-0.0882353$ & $-0.014004$ & $0.0374481$ & $0.000509564$ & $-0.0358349$ & $-0.0359568$ & $-0.0310215$ & $-0.00462615$ & $0.0442968$ & $-0.00473892$ & $0.0121293$ & $-0.0558388$ & $-0.0578379$ & $-0.0123193$ & $0.00345232$ & $0.0164071$ & $-0.0089134$ & $-0.0438456$ & $-0.0428045$ & $-0.0354916$ & $-0.0295518$ & $0.00943139$ & $0.0200867$ & $0.0805498$ & $0.0253659$ & $0.0189117$ & $1$ & $-0.000130425$ & $0.0441303$ & $-0.0569886$ & $0.0204894$ & $0.0252007$ & $-0.0916063$ & $0.00286387$ & $0.0162999$ & $-0.0920667$ & $0.0436681$ & $-0.0309573$ & $0.0918058$ & $0.0474752$ & $0.0264113$ & $0.00460114$ & $-0.0140978$ & $-0.00843337$ & $0.0300297$ & $0.0309788$ & $0.00789012$ \\
CeH_33r & $0.00250541$ & $0.0223208$ & $0.0340627$ & $-0.0440697$ & $0.072966$ & $0.022993$ & $-0.156811$ & $0.0417332$ & $0.0728564$ & $-0.121464$ & $-0.0365016$ & $-0.179747$ & $0.297173$ & $-0.00686471$ & $0.032419$ & $0.0254479$ & $-0.00712653$ & $-0.0293875$ & $-0.025371$ & $0.0405298$ & $0.0384383$ & $0.0384561$ & $0.0204224$ & $-0.0438067$ & $-0.0240133$ & $-0.0472597$ & $0.00314972$ & $-0.00886325$ & $-0.000130425$ & $1$ & $0.300668$ & $0.0166566$ & $0.65107$ & $0.018343$ & $-0.0512556$ & $-0.0804832$ & $-0.164788$ & $-0.0202283$ & $-0.0563873$ & $-0.000345394$ & $0.00143187$ & $0.05313$ & $0.0232857$ & $-0.0100895$ & $0.123238$ & $-0.0114448$ & $0.0270564$ & $-0.0132287$ & $-0.00737782$ \\
CuH_22r & $0.0152942$ & $0.037931$ & $0.114375$ & $-0.106845$ & $0.034481$ & $0.0466082$ & $-0.0629834$ & $-0.0570424$ & $-0.0399054$ & $-0.0368469$ & $0.0517292$ & $-0.0788416$ & $0.115802$ & $-0.0240836$ & $0.0180897$ & $-0.0476899$ & $0.0252355$ & $-0.00147183$ & $0.0465612$ & $-0.0499246$ & $-0.0495971$ & $-0.0489309$ & $-0.00982232$ & $0.022834$ & $0.0220387$ & $0.0659744$ & $-0.0278586$ & $-0.0467999$ & $0.0441303$ & $0.300668$ & $1$ & $0.0430114$ & $0.375961$ & $-0.0613433$ & $0.0207074$ & $-0.0806831$ & $-0.137103$ & $0.0148765$ & $-0.0599074$ & $-0.0265896$ & $-0.0155864$ & $0.102124$ & $0.0278005$ & $-0.0153402$ & $0.0683868$ & $0.0809964$ & $0.367979$ & $0.0295712$ & $0.0311751$ \\
CuH_33r & $0.0400627$ & $0.00978376$ & $-0.0265991$ & $0.0470153$ & $-0.00707417$ & $-0.0351272$ & $0.914027$ & $-0.00772669$ & $0.0211631$ & $0.0442659$ & $0.0360336$ & $0.283541$ & $-0.272403$ & $-0.0650062$ & $-0.042905$ & $-0.0405262$ & $-0.0574549$ & $-0.0416966$ & $-0.0428482$ & $-0.037889$ & $-0.0331018$ & $-0.0388351$ & $0.0461488$ & $-0.0417323$ & $-0.0575578$ & $-0.023062$ & $0.00702867$ & $-0.0388209$ & $-0.0569886$ & $0.0166566$ & $0.0430114$ & $1$ & $0.0622651$ & $0.0273954$ & $0.0214161$ & $0.0435578$ & $-0.0219765$ & $-0.0364487$ & $0.025872$ & $0.0597062$ & $-0.0539551$ & $-0.0276492$ & $-0.0578106$ & $0.085884$ & $0.00191094$ & $-0.00802446$ & $0.00943452$ & $0.025657$ & $0.0194823$ \\
CdH_33r & $0.0501616$ & $-0.00756098$ & $0.0480517$ & $0.00365316$ & $0.0793893$ & $-0.00417956$ & $-0.169776$ & $0.0085338$ & $0.0377928$ & $-0.105417$ & $-0.0292213$ & $-0.153313$ & $0.275956$ & $0.0255412$ & $0.0392766$ & $0.0052008$ & $0.0571889$ & $0.0184274$ & $0.0393774$ & $0.026407$ & $0.0298375$ & $0.0218011$ & $0.0252657$ & $0.00274511$ & $0.0292386$ & $-0.0342465$ & $-0.000941048$ & $-0.0504221$ & $0.0204894$ & $0.65107$ & $0.375961$ & $0.0622651$ & $1$ & $-0.015475$ & $0.0153482$ & $-0.0519496$ & $-0.142145$ & $-0.0180482$ & $-0.0375783$ & $0.0395273$ & $0.0422689$ & $0.07379$ & $0.0462203$ & $0.0176052$ & $0.0221029$ & $0.0154628$ & $0.0729136$ & $0.163344$ & $0.427546$ \\
CLL_1221 & $-0.0170657$ & $-0.083102$ & $-0.0228139$ & $0.0373187$ & $-0.0021505$ & $-0.0720916$ & $0.0413185$ & $0.574378$ & $0.566264$ & $-0.321606$ & $-0.383225$ & $-0.111022$ & $0.0408819$ & $-0.114476$ & $-0.422787$ & $0.0313433$ & $-0.310428$ & $-0.114111$ & $-0.408314$ & $0.327571$ & $0.442704$ & $0.447$ & $0.136933$ & $-0.645176$ & $-0.302373$ & $-0.284036$ & $0.656694$ & $0.233468$ & $0.0252007$ & $0.018343$ & $-0.0613433$ & $0.0273954$ & $-0.015475$ & $1$ & $-0.00573329$ & $0.044305$ & $0.0455296$ & $0.0587667$ & $-0.021024$ & $-0.0308724$ & $-0.0177976$ & $-0.0162395$ & $-0.0393509$ & $0.0396416$ & $-0.016574$ & $-0.0491082$ & $-0.0739181$ & $0.0465857$ & $-0.0321675$ \\
eHggint & $0.0976669$ & $0.0777596$ & $0.0486114$ & $-0.0428401$ & $-0.0251923$ & $-0.0337732$ & $-0.0595475$ & $-0.0364526$ & $-0.0403719$ & $0.0590364$ & $0.0333066$ & $0.0284972$ & $0.0282594$ & $-0.0396139$ & $-0.0129131$ & $-0.0423762$ & $0.0256018$ & $0.00550374$ & $0.0223383$ & $-0.0342108$ & $-0.0296733$ & $-0.0357626$ & $-0.00827092$ & $-0.00333979$ & $-0.00323202$ & $0.0098291$ & $-0.0290009$ & $0.00556326$ & $-0.0916063$ & $-0.0512556$ & $0.0207074$ & $0.0214161$ & $0.0153482$ & $-0.00573329$ & $1$ & $-0.132924$ & $-0.0532351$ & $-0.0288845$ & $0.0227433$ & $-0.0249554$ & $0.00186823$ & $0.0203578$ & $0.0883653$ & $-0.0459251$ & $-0.0294681$ & $0.00443252$ & $0.00514576$ & $0.0215168$ & $0.0161204$ \\
eHggpar & $0.0766157$ & $0.00432835$ & $-0.0760132$ & $0.0946996$ & $-0.00534933$ & $-0.0335541$ & $0.0136799$ & $0.0643867$ & $0.0490783$ & $-0.0269339$ & $-0.067697$ & $0.052182$ & $-0.0571852$ & $0.0295284$ & $0.0286711$ & $0.0359318$ & $0.00759246$ & $-0.00929491$ & $-0.00722438$ & $0.0655189$ & $0.0657782$ & $0.0673753$ & $0.0345469$ & $-0.0386813$ & $-0.0262131$ & $-0.0743901$ & $0.0227354$ & $-0.00112731$ & $0.00286387$ & $-0.0804832$ & $-0.0806831$ & $0.0435578$ & $-0.0519496$ & $0.044305$ & $-0.132924$ & $1$ & $0.0877437$ & $-0.0611297$ & $0.0301152$ & $0.0281338$ & $0.113831$ & $-0.0181875$ & $0.0151489$ & $0.0679933$ & $0.00288192$ & $-0.0474026$ & $-0.00730973$ & $0.0650913$ & $0.000848902$ \\
eHWWint & $-0.0277834$ & $-0.0255142$ & $-0.0468051$ & $0.0683927$ & $-0.0493538$ & $0.0147389$ & $0.00266506$ & $-0.0355819$ & $-0.0486466$ & $0.035568$ & $0.0669854$ & $0.0278885$ & $-0.023435$ & $-0.0610809$ & $-0.0981104$ & $-0.0832557$ & $-0.0572239$ & $-0.00659283$ & $-0.0111435$ & $-0.0703022$ & $-0.0584591$ & $-0.0638032$ & $-0.0122773$ & $-0.0331068$ & $-0.04815$ & $0.0681368$ & $0.000517623$ & $-0.0498559$ & $0.0162999$ & $-0.164788$ & $-0.137103$ & $-0.0219765$ & $-0.142145$ & $0.0455296$ & $-0.0532351$ & $0.0877437$ & $1$ & $-0.109372$ & $0.0364766$ & $0.0619263$ & $0.0285073$ & $-0.0263872$ & $0.0866715$ & $0.0173833$ & $-0.0505497$ & $-0.0653986$ & $-0.0181984$ & $-0.00692526$ & $0.106282$ \\
eHWWpar & $0.00508361$ & $0.0129728$ & $-0.0332919$ & $0.00639007$ & $-0.00604892$ & $0.0244776$ & $-0.0224793$ & $0.0436642$ & $0.0421148$ & $-0.0684394$ & $-0.0461519$ & $-0.0120631$ & $-0.0219031$ & $0.0225032$ & $-0.0137439$ & $0.0221235$ & $0.00775563$ & $0.0150981$ & $-0.00472893$ & $0.0454963$ & $0.0499362$ & $0.0567402$ & $-0.00749768$ & $-0.0312874$ & $0.0276652$ & $-0.0125184$ & $0.072225$ & $0.037089$ & $-0.0920667$ & $-0.0202283$ & $0.0148765$ & $-0.0364487$ & $-0.0180482$ & $0.0587667$ & $-0.0288845$ & $-0.0611297$ & $-0.109372$ & $1$ & $0.0385678$ & $0.00326809$ & $-0.0262841$ & $-0.0535673$ & $0.000823172$ & $-0.058309$ & $0.0329079$ & $-0.00807264$ & $0.0552309$ & $-0.0611829$ & $-0.0181134$ \\
eHZZint & $0.037484$ & $-0.00659608$ & $-0.0556937$ & $-0.00396032$ & $-0.0479303$ & $-0.000280354$ & $0.00861019$ & $0.0138049$ & $0.0101422$ & $0.0215909$ & $-0.0284716$ & $0.00723863$ & $-0.00789362$ & $0.0540629$ & $0.0259518$ & $0.0331096$ & $0.0116549$ & $0.0164923$ & $0.00767448$ & $0.028828$ & $0.0232356$ & $0.0200004$ & $-0.0501603$ & $0.0105817$ & $-0.0278687$ & $-0.021189$ & $-0.0825062$ & $0.0159877$ & $0.0436681$ & $-0.0563873$ & $-0.0599074$ & $0.025872$ & $-0.0375783$ & $-0.021024$ & $0.0227433$ & $0.0301152$ & $0.0364766$ & $0.0385678$ & $1$ & $0.045472$ & $0.0522421$ & $-0.0210954$ & $0.066879$ & $-0.0254084$ & $0.0209535$ & $0.0077481$ & $0.0242375$ & $0.0476735$ & $-0.022263$ \\
eHZZpar & $0.0507112$ & $0.00379216$ & $0.0429585$ & $0.0682408$ & $0.0589443$ & $-0.0139024$ & $0.0476537$ & $-0.0353149$ & $-0.0346742$ & $0.0399581$ & $0.0186215$ & $-0.0106428$ & $0.0259316$ & $0.0283984$ & $-0.0149329$ & $-0.0791648$ & $0.0307734$ & $0.0398002$ & $0.0808544$ & $-0.0198483$ & $-0.0169417$ & $-0.0128217$ & $-0.033163$ & $0.0175205$ & $0.0379591$ & $0.0429493$ & $-0.000946819$ & $-0.0742576$ & $-0.0309573$ & $-0.000345394$ & $-0.0265896$ & $0.0597062$ & $0.0395273$ & $-0.0308724$ & $-0.0249554$ & $0.0281338$ & $0.0619263$ & $0.00326809$ & $0.045472$ & $1$ & $-0.0192818$ & $-0.0228757$ & $0.0241829$ & $0.0207424$ & $-0.0534846$ & $-0.0248782$ & $-0.0290775$ & $-0.0208805$ & $0.0406245$ \\
eHZgaint & $0.046474$ & $0.00121993$ & $-0.072367$ & $-0.0175819$ & $0.0429354$ & $-0.0596629$ & $-0.0905663$ & $-0.00575687$ & $-0.00960721$ & $-0.0149505$ & $-0.0282926$ & $-0.0500577$ & $0.0436205$ & $0.0366637$ & $0.0276035$ & $0.0412395$ & $0.0849501$ & $0.0515125$ & $0.0522424$ & $0.0274998$ & $0.0247785$ & $0.0309737$ & $-0.0080931$ & $0.059664$ & $0.0775657$ & $-0.0113712$ & $0.0250225$ & $0.00927368$ & $0.0918058$ & $0.00143187$ & $-0.0155864$ & $-0.0539551$ & $0.0422689$ & $-0.0177976$ & $0.00186823$ & $0.113831$ & $0.0285073$ & $-0.0262841$ & $0.0522421$ & $-0.0192818$ & $1$ & $-0.0170099$ & $-0.0248946$ & $-0.0172056$ & $-0.0469028$ & $0.0770073$ & $0.00227142$ & $0.0988335$ & $-0.00807288$ \\
eHZgapar & $-0.0121828$ & $-0.0499653$ & $0.0794267$ & $-0.00315435$ & $0.073718$ & $-0.0181363$ & $-0.0144154$ & $-0.0030547$ & $0.00876218$ & $-0.0430148$ & $0.025058$ & $-0.0135881$ & $0.010682$ & $-0.0527547$ & $0.0137888$ & $0.00607591$ & $-0.0341844$ & $-0.0545642$ & $-0.0450258$ & $-0.0231985$ & $-0.0236663$ & $-0.0308727$ & $0.0208898$ & $-0.034325$ & $-0.0483227$ & $-0.0203033$ & $-0.0354109$ & $-0.0891093$ & $0.0474752$ & $0.05313$ & $0.102124$ & $-0.0276492$ & $0.07379$ & $-0.0162395$ & $0.0203578$ & $-0.0181875$ & $-0.0263872$ & $-0.0535673$ & $-0.0210954$ & $-0.0228757$ & $-0.0170099$ & $1$ & $0.0120032$ & $0.0194258$ & $0.0507685$ & $-0.0239493$ & $0.0890832$ & $0.0110681$ & $0.10079$ \\
eHgagaint & $0.0363333$ & $-0.0256059$ & $-0.031776$ & $4.08091e-06$ & $-0.0388354$ & $0.0718464$ & $-0.0675994$ & $0.0214483$ & $0.0724686$ & $-0.0524212$ & $-0.0306859$ & $-0.0430693$ & $0.0221145$ & $0.043669$ & $0.0534975$ & $0.0151473$ & $0.00160261$ & $-0.00899956$ & $0.0184116$ & $0.0347536$ & $0.0280338$ & $0.0254344$ & $-0.0760988$ & $-0.0254301$ & $-0.00879665$ & $0.0257588$ & $-0.0494962$ & $0.0271969$ & $0.0264113$ & $0.0232857$ & $0.0278005$ & $-0.0578106$ & $0.0462203$ & $-0.0393509$ & $0.0883653$ & $0.0151489$ & $0.0866715$ & $0.000823172$ & $0.066879$ & $0.0241829$ & $-0.0248946$ & $0.0120032$ & $1$ & $0.0024906$ & $-0.00865891$ & $0.0282901$ & $-0.00784902$ & $-0.0258866$ & $0.110724$ \\
eHmumuint & $-0.0126691$ & $-0.0230222$ & $0.00988827$ & $-0.0293037$ & $-0.00878756$ & $0.00351717$ & $0.0948907$ & $0.0760747$ & $0.0791723$ & $-0.0704055$ & $-0.0622413$ & $-0.00630769$ & $-0.0125092$ & $0.0047731$ & $0.0431956$ & $0.0535059$ & $-0.0333978$ & $-0.0523165$ & $-0.0793924$ & $0.0591212$ & $0.0592636$ & $0.0428809$ & $-0.0557378$ & $-0.0670638$ & $-0.0525033$ & $0.00153725$ & $0.00938059$ & $-0.0250815$ & $0.00460114$ & $-0.0100895$ & $-0.0153402$ & $0.085884$ & $0.0176052$ & $0.0396416$ & $-0.0459251$ & $0.0679933$ & $0.0173833$ & $-0.058309$ & $-0.0254084$ & $0.0207424$ & $-0.0172056$ & $0.0194258$ & $0.0024906$ & $1$ & $-0.0105037$ & $0.0697558$ & $-0.0258$ & $-0.00348915$ & $0.0417392$ \\
eHtautauint & $0.0559953$ & $0.0167992$ & $0.0506458$ & $0.00123678$ & $-0.00526895$ & $-0.0361313$ & $0.0116775$ & $-0.00026762$ & $0.00722709$ & $-0.0272794$ & $-0.00268661$ & $0.00957482$ & $-0.0161843$ & $-0.00781742$ & $0.0297052$ & $0.0278523$ & $0.0155746$ & $-0.0115499$ & $-0.0143291$ & $0.00285609$ & $0.000386611$ & $-0.011046$ & $0.0414235$ & $-0.00533431$ & $-0.00410464$ & $-0.00899407$ & $-0.0109586$ & $-0.0453516$ & $-0.0140978$ & $0.123238$ & $0.0683868$ & $0.00191094$ & $0.0221029$ & $-0.016574$ & $-0.0294681$ & $0.00288192$ & $-0.0505497$ & $0.0329079$ & $0.0209535$ & $-0.0534846$ & $-0.0469028$ & $0.0507685$ & $-0.00865891$ & $-0.0105037$ & $1$ & $0.0353508$ & $0.0120278$ & $-0.0541154$ & $-0.0193101$ \\
eHccint & $-0.0956119$ & $0.0296042$ & $0.0429718$ & $-0.0195829$ & $0.00960801$ & $0.0150595$ & $-0.0213714$ & $-0.0119566$ & $-0.0137463$ & $0.0270887$ & $-0.0175255$ & $0.0100776$ & $-0.00347833$ & $0.0537187$ & $0.027762$ & $0.050278$ & $0.0410716$ & $0.0417651$ & $0.0255251$ & $0.0215091$ & $0.0119772$ & $0.00505454$ & $0.0341902$ & $0.0236125$ & $0.0769465$ & $-0.00955687$ & $-0.0033637$ & $0.0136013$ & $-0.00843337$ & $-0.0114448$ & $0.0809964$ & $-0.00802446$ & $0.0154628$ & $-0.0491082$ & $0.00443252$ & $-0.0474026$ & $-0.0653986$ & $-0.00807264$ & $0.0077481$ & $-0.0248782$ & $0.0770073$ & $-0.0239493$ & $0.0282901$ & $0.0697558$ & $0.0353508$ & $1$ & $-0.0592952$ & $0.0134561$ & $-0.0215932$ \\
eHccpar & $0.00365074$ & $0.0345526$ & $-0.0213834$ & $-0.0832341$ & $0.00977616$ & $0.0352365$ & $0.00934188$ & $-0.0162555$ & $-0.0175397$ & $-0.0299744$ & $0.00204052$ & $-0.059912$ & $0.0440039$ & $0.042326$ & $0.0577647$ & $0.00324856$ & $0.0133458$ & $-0.00447538$ & $0.0283149$ & $-2.71475e-05$ & $-0.00622786$ & $-0.00778645$ & $0.0138363$ & $0.0318648$ & $-0.000294429$ & $-0.0114518$ & $-0.0649935$ & $0.00988748$ & $0.0300297$ & $0.0270564$ & $0.367979$ & $0.00943452$ & $0.0729136$ & $-0.0739181$ & $0.00514576$ & $-0.00730973$ & $-0.0181984$ & $0.0552309$ & $0.0242375$ & $-0.0290775$ & $0.00227142$ & $0.0890832$ & $-0.00784902$ & $-0.0258$ & $0.0120278$ & $-0.0592952$ & $1$ & $0.0210845$ & $0.0820082$ \\
eHbbint & $-0.0151674$ & $-0.00368197$ & $-0.016541$ & $0.0719543$ & $0.0774257$ & $-0.0116938$ & $0.00129961$ & $0.0236726$ & $0.0301648$ & $-0.0225672$ & $-0.0130169$ & $-0.0167078$ & $0.0276109$ & $-0.0200171$ & $-0.015923$ & $0.0775145$ & $-0.0179032$ & $-0.0050617$ & $-0.0631241$ & $0.016021$ & $0.0122441$ & $0.0143471$ & $0.070768$ & $-0.0173177$ & $-0.0214171$ & $-0.0644823$ & $0.013045$ & $-0.0472844$ & $0.0309788$ & $-0.0132287$ & $0.0295712$ & $0.025657$ & $0.163344$ & $0.0465857$ & $0.0215168$ & $0.0650913$ & $-0.00692526$ & $-0.0611829$ & $0.0476735$ & $-0.0208805$ & $0.0988335$ & $0.0110681$ & $-0.0258866$ & $-0.00348915$ & $-0.0541154$ & $0.0134561$ & $0.0210845$ & $1$ & $-0.038887$ \\
eHbbpar & $0.0161991$ & $-0.0532211$ & $0.0238777$ & $0.0220187$ & $-0.0069543$ & $-0.0489304$ & $-0.000530202$ & $-0.03269$ & $-0.0326708$ & $0.0359185$ & $0.0112026$ & $0.0177635$ & $-0.0238268$ & $0.0188871$ & $0.00761445$ & $-0.0294126$ & $0.0622401$ & $0.0369415$ & $0.0553921$ & $-0.0208322$ & $-0.0125309$ & $-0.0172015$ & $-0.0504126$ & $0.0357789$ & $0.0367582$ & $0.0602872$ & $-0.0200939$ & $-0.0701035$ & $0.00789012$ & $-0.00737782$ & $0.0311751$ & $0.0194823$ & $0.427546$ & $-0.0321675$ & $0.0161204$ & $0.000848902$ & $0.106282$ & $-0.0181134$ & $-0.022263$ & $0.0406245$ & $-0.00807288$ & $0.10079$ & $0.110724$ & $0.0417392$ & $-0.0193101$ & $-0.0215932$ & $0.0820082$ & $-0.038887$ & $1$ \\
