 & AlsMz & dAle5Mz & mtop & mHl & Mz & CW & CHG & CHWB & CHWHB_gaga & CHWHB_gagaorth & CHD & CHbox & CH & CHL1_11 & CHL1_22 & CHL1_33 & CHL3_11 & CHL3_22 & CHL3_33 & CHe_11 & CHe_22 & CHe_33 & CHQ1_11 & CHQ1_33 & CHQ3_11 & CHu_11 & CHd_11 & CHd_33 & CeH_22r & CeH_33r & CuH_22r & CuH_33r & CdH_33r & CLL_1221 & eHggint & eHggpar & eHWWint & eHWWpar & eHZZint & eHZZpar & eHZgaint & eHZgapar & eHgagaint & eHmumuint & eHtautauint & eHccint & eHccpar & eHbbint & eHbbpar \\
AlsMz & $1$ & $0.0317152$ & $0.0730803$ & $-0.0472961$ & $-0.00108639$ & $-0.00252078$ & $0.00393963$ & $-0.00928688$ & $-0.0170905$ & $0.000515117$ & $-0.0044083$ & $-0.00898075$ & $-0.00934176$ & $0.00279393$ & $0.00167573$ & $-0.00139275$ & $0.00619882$ & $0.00862607$ & $0.00667184$ & $-0.0108424$ & $-0.00343154$ & $-0.000170535$ & $0.00421779$ & $-0.0358306$ & $-0.0979507$ & $-0.0172191$ & $-0.0112759$ & $-0.00177918$ & $-0.00431996$ & $-0.00983369$ & $-0.0281633$ & $0.00326435$ & $-0.0350094$ & $0.00592478$ & $-0.0294134$ & $0.0523098$ & $0.0542885$ & $-0.026545$ & $0.0757165$ & $-0.0174642$ & $-0.104437$ & $-0.0240278$ & $-0.071369$ & $-0.00444253$ & $-0.0452157$ & $-0.0326316$ & $-0.0661434$ & $-0.0642626$ & $-0.026185$ \\
dAle5Mz & $0.0317152$ & $1$ & $-0.0378422$ & $-0.0605213$ & $0.00825873$ & $0.0285981$ & $0.00965479$ & $-0.189719$ & $-0.187434$ & $0.0591381$ & $0.169129$ & $-0.00422765$ & $-0.0190925$ & $-0.0248036$ & $-0.0109328$ & $-0.00764827$ & $0.0677936$ & $0.00367049$ & $8.7846e-05$ & $-0.175385$ & $-0.0162641$ & $-0.0160404$ & $-0.00712171$ & $2.66116e-05$ & $0.0028249$ & $-0.000265869$ & $-0.00284512$ & $-0.00530618$ & $-0.006947$ & $-0.0167453$ & $0.0108581$ & $0.0135599$ & $0.0760912$ & $0.0970461$ & $-0.00579035$ & $0.0842774$ & $0.0504845$ & $-0.0237408$ & $0.0144552$ & $-0.00795382$ & $-0.0349264$ & $-0.0064259$ & $-0.0263465$ & $0.0467626$ & $-0.0608711$ & $0.0240741$ & $0.0409911$ & $0.0512551$ & $0.127665$ \\
mtop & $0.0730803$ & $-0.0378422$ & $1$ & $0.0122302$ & $-0.00448206$ & $-0.00596071$ & $-0.00579103$ & $0.0100349$ & $0.0112394$ & $-0.010826$ & $0.00529332$ & $-0.00145999$ & $0.0122459$ & $-0.0035322$ & $-0.00225955$ & $-0.00493722$ & $-0.0135634$ & $0.00255594$ & $-0.00261745$ & $0.00766699$ & $-8.36825e-05$ & $0.00205584$ & $0.00551433$ & $0.00166831$ & $-0.00710049$ & $-0.00806296$ & $0.00289359$ & $-4.73595e-05$ & $-0.00242713$ & $-0.0013561$ & $-0.0174977$ & $-0.00703037$ & $0.0133883$ & $0.00334541$ & $-0.000663368$ & $-0.0171006$ & $0.0167991$ & $-0.0320267$ & $-0.0110103$ & $-0.00382423$ & $-0.0677646$ & $-0.0149896$ & $0.0207375$ & $0.000343191$ & $-0.0261215$ & $-0.0326312$ & $-0.0348469$ & $0.0389506$ & $0.0150874$ \\
mHl & $-0.0472961$ & $-0.0605213$ & $0.0122302$ & $1$ & $0.012552$ & $-0.00241548$ & $-0.000685706$ & $0.0105757$ & $0.013635$ & $-0.00493741$ & $-0.00777293$ & $0.00740222$ & $-0.00361274$ & $-0.00358336$ & $0.00799704$ & $0.00481766$ & $-0.00977955$ & $-0.00940679$ & $-0.00615462$ & $0.00802984$ & $-0.00085463$ & $0.00369589$ & $-0.00852826$ & $0.00639636$ & $1.1412e-05$ & $-0.00097923$ & $-0.0106911$ & $-0.00229879$ & $-0.00197221$ & $0.0096965$ & $0.0028297$ & $-0.00221854$ & $0.0132464$ & $-0.0139016$ & $-0.0518544$ & $0.0392489$ & $-0.0279979$ & $-0.0132737$ & $-0.0841202$ & $-0.0166479$ & $-0.000397023$ & $-0.00383854$ & $0.0155531$ & $0.0591566$ & $-0.00503648$ & $0.0898362$ & $-0.0117542$ & $-0.00311067$ & $0.00231619$ \\
Mz & $-0.00108639$ & $0.00825873$ & $-0.00448206$ & $0.012552$ & $1$ & $0.000468928$ & $0.000196585$ & $-0.00498178$ & $-0.00638539$ & $-0.00462216$ & $0.0918361$ & $0.00597815$ & $0.00793257$ & $0.0012706$ & $0.00381648$ & $0.00215053$ & $-0.00713452$ & $-0.00546849$ & $-0.0023531$ & $0.00518516$ & $0.00184508$ & $0.000266923$ & $-0.00695187$ & $-0.00208866$ & $-0.00273815$ & $0.00129938$ & $-0.00517943$ & $0.000708525$ & $-0.00853312$ & $-0.00439685$ & $0.00270762$ & $-0.00254049$ & $-0.00542572$ & $-0.00786296$ & $-0.00767298$ & $-0.000805798$ & $-0.00195762$ & $0.00505587$ & $0.00232041$ & $-0.00424684$ & $0.00817405$ & $-0.00234341$ & $-0.00698952$ & $-0.00522185$ & $-0.000971853$ & $0.00545469$ & $0.00424042$ & $0.00424989$ & $0.00682837$ \\
CW & $-0.00252078$ & $0.0285981$ & $-0.00596071$ & $-0.00241548$ & $0.000468928$ & $1$ & $-0.0012647$ & $-0.127586$ & $-0.125713$ & $0.0270494$ & $0.117512$ & $0.0387107$ & $-0.0078115$ & $0.0988741$ & $0.0154859$ & $0.0174736$ & $-0.0570645$ & $0.0144848$ & $0.01063$ & $-0.109068$ & $-0.0471269$ & $-0.047738$ & $-0.00958619$ & $0.045074$ & $0.00861414$ & $0.00523511$ & $-0.0509838$ & $-0.00842333$ & $-0.000921299$ & $0.000935166$ & $0.00101763$ & $-0.00113589$ & $0.00665105$ & $-0.0990031$ & $-0.00401566$ & $-0.00582786$ & $-0.00130501$ & $0.00533515$ & $-0.000793008$ & $-0.00134988$ & $0.00833733$ & $0.00298953$ & $-0.00317777$ & $6.46905e-06$ & $-0.0086478$ & $0.00673117$ & $-0.0010303$ & $0.00740335$ & $0.00125191$ \\
CHG & $0.00393963$ & $0.00965479$ & $-0.00579103$ & $-0.000685706$ & $0.000196585$ & $-0.0012647$ & $1$ & $-0.0155851$ & $0.0495681$ & $0.00817988$ & $0.0125655$ & $-0.014971$ & $-0.0938341$ & $0.0026082$ & $0.00309806$ & $0.0121551$ & $0.00744206$ & $0.00105984$ & $-5.15371e-05$ & $-0.00692658$ & $-0.000652007$ & $-0.00902369$ & $-0.00385452$ & $0.011238$ & $0.00141075$ & $-0.00162586$ & $-0.0126523$ & $-0.00330361$ & $0.0236669$ & $-0.0511657$ & $-0.032713$ & $0.937993$ & $-0.0763615$ & $-0.0109663$ & $-0.0328314$ & $-0.0165117$ & $0.0199819$ & $0.00658586$ & $-0.0118183$ & $-0.000203726$ & $-0.000892665$ & $-0.0110249$ & $0.00726974$ & $0.000332707$ & $0.00901426$ & $-0.00391187$ & $-0.00303216$ & $-7.58897e-05$ & $-0.0150399$ \\
CHWB & $-0.00928688$ & $-0.189719$ & $0.0100349$ & $0.0105757$ & $-0.00498178$ & $-0.127586$ & $-0.0155851$ & $1$ & $0.975534$ & $-0.308687$ & $-0.877232$ & $-0.411214$ & $0.0902877$ & $-0.0853096$ & $-0.0916505$ & $-0.0897642$ & $-0.358221$ & $-0.203006$ & $-0.201632$ & $0.755149$ & $0.373799$ & $0.352481$ & $0.0440012$ & $-0.372313$ & $-0.243298$ & $-0.0795789$ & $0.28094$ & $0.0608713$ & $-0.00454144$ & $0.0030291$ & $0.00504908$ & $-0.0293856$ & $-0.0215784$ & $0.61965$ & $-0.0163559$ & $-0.0190699$ & $-0.00867591$ & $0.00980135$ & $0.00328645$ & $0.0072548$ & $0.00148972$ & $-0.00122859$ & $0.00421513$ & $-0.00661335$ & $0.0185571$ & $-0.0130351$ & $-0.00263186$ & $-0.00474947$ & $-0.0185237$ \\
CHWHB_gaga & $-0.0170905$ & $-0.187434$ & $0.0112394$ & $0.013635$ & $-0.00638539$ & $-0.125713$ & $0.0495681$ & $0.975534$ & $1$ & $-0.308771$ & $-0.855579$ & $-0.37869$ & $0.0870115$ & $-0.0932269$ & $-0.0888778$ & $-0.087588$ & $-0.357882$ & $-0.199156$ & $-0.197847$ & $0.745682$ & $0.364887$ & $0.34356$ & $0.040497$ & $-0.363528$ & $-0.237726$ & $-0.0758636$ & $0.274918$ & $0.058908$ & $0.00440205$ & $0.0293848$ & $0.0219563$ & $0.024966$ & $0.00265368$ & $0.602603$ & $-0.0335297$ & $-0.0287743$ & $-0.027201$ & $0.00748437$ & $-0.0103072$ & $0.00377126$ & $-0.00477499$ & $-0.00299484$ & $0.0930426$ & $0.00653487$ & $0.0198615$ & $-0.00564303$ & $0.00352933$ & $-0.0122972$ & $-0.0256149$ \\
CHWHB_gagaorth & $0.000515117$ & $0.0591381$ & $-0.010826$ & $-0.00493741$ & $-0.00462216$ & $0.0270494$ & $0.00817988$ & $-0.308687$ & $-0.308771$ & $1$ & $0.0247782$ & $0.374252$ & $-0.138084$ & $0.763575$ & $0.0844281$ & $0.0825372$ & $0.809791$ & $0.262676$ & $0.267466$ & $-0.028475$ & $-0.0346968$ & $-0.0301219$ & $-0.0457938$ & $0.258363$ & $0.326055$ & $0.0166297$ & $-0.139676$ & $-0.0058565$ & $-0.00292169$ & $-0.0700859$ & $-0.032567$ & $0.0231196$ & $-0.0416832$ & $-0.204793$ & $0.035306$ & $0.0150906$ & $-0.000274583$ & $-4.37826e-05$ & $0.0115957$ & $-0.00274626$ & $-0.02315$ & $-0.00842742$ & $-0.0104464$ & $0.00124395$ & $-0.00282855$ & $0.0103819$ & $-0.00585215$ & $0.00267586$ & $0.00669045$ \\
CHD & $-0.0044083$ & $0.169129$ & $0.00529332$ & $-0.00777293$ & $0.0918361$ & $0.117512$ & $0.0125655$ & $-0.877232$ & $-0.855579$ & $0.0247782$ & $1$ & $0.292434$ & $-0.0447543$ & $-0.187712$ & $0.0426295$ & $0.04205$ & $0.0674436$ & $0.106564$ & $0.104356$ & $-0.776507$ & $-0.369197$ & $-0.350232$ & $-0.0258914$ & $0.264316$ & $0.12642$ & $0.0767681$ & $-0.21374$ & $-0.0621075$ & $0.00514624$ & $0.00168972$ & $-0.00063335$ & $0.0203021$ & $0.0255736$ & $-0.46853$ & $0.00804534$ & $0.0174246$ & $0.00610794$ & $-0.0120774$ & $-0.00875803$ & $-0.00609797$ & $0.00726581$ & $0.00283587$ & $-0.00523603$ & $0.00499932$ & $-0.0142651$ & $0.00599762$ & $0.00651776$ & $0.00724558$ & $0.0192312$ \\
CHbox & $-0.00898075$ & $-0.00422765$ & $-0.00145999$ & $0.00740222$ & $0.00597815$ & $0.0387107$ & $-0.014971$ & $-0.411214$ & $-0.37869$ & $0.374252$ & $0.292434$ & $1$ & $0.102978$ & $0.0840619$ & $0.0667955$ & $0.0614241$ & $0.220864$ & $0.10278$ & $0.108824$ & $-0.0701396$ & $-0.124176$ & $-0.121042$ & $-0.0239681$ & $0.176749$ & $0.132795$ & $0.0237759$ & $-0.132552$ & $-0.0219543$ & $0.0277922$ & $0.211658$ & $0.051404$ & $0.062934$ & $0.305978$ & $-0.322603$ & $0.100838$ & $0.0460893$ & $-0.0121956$ & $-0.0103829$ & $-0.00135456$ & $-0.00312564$ & $-0.00619426$ & $0.00375104$ & $-0.000808004$ & $-0.00178389$ & $0.00329426$ & $0.0135276$ & $-0.00396092$ & $-0.0125426$ & $0.000855652$ \\
CH & $-0.00934176$ & $-0.0190925$ & $0.0122459$ & $-0.00361274$ & $0.00793257$ & $-0.0078115$ & $-0.0938341$ & $0.0902877$ & $0.0870115$ & $-0.138084$ & $-0.0447543$ & $0.102978$ & $1$ & $-0.141935$ & $-0.00881653$ & $-0.00980277$ & $-0.154904$ & $-0.0596519$ & $-0.0545143$ & $0.0904105$ & $0.0279334$ & $0.0201182$ & $0.00509649$ & $-0.0544968$ & $-0.0692775$ & $-0.00401259$ & $0.0285265$ & $0.00366687$ & $0.0104975$ & $0.0808917$ & $0.0380949$ & $-0.0864978$ & $0.119075$ & $0.0424972$ & $-2.68169e-05$ & $0.00415263$ & $0.00139203$ & $-0.00179419$ & $0.0029996$ & $0.00111152$ & $-0.00162706$ & $0.00645525$ & $0.00416779$ & $0.00934926$ & $0.00532317$ & $0.00732841$ & $-0.00883913$ & $0.00190949$ & $-0.00449232$ \\
CHL1_11 & $0.00279393$ & $-0.0248036$ & $-0.0035322$ & $-0.00358336$ & $0.0012706$ & $0.0988741$ & $0.0026082$ & $-0.0853096$ & $-0.0932269$ & $0.763575$ & $-0.187712$ & $0.0840619$ & $-0.141935$ & $1$ & $0.0877608$ & $0.0856243$ & $0.627433$ & $0.215178$ & $0.217662$ & $0.0880045$ & $0.0416311$ & $0.0446319$ & $-0.038381$ & $0.198551$ & $0.258633$ & $-0.000975577$ & $-0.113173$ & $0.00490682$ & $-0.00896503$ & $-0.0385711$ & $-0.0254695$ & $0.00144199$ & $-0.0622555$ & $-0.11576$ & $0.0151449$ & $-0.00253974$ & $-0.00337306$ & $0.00641919$ & $0.00871562$ & $-0.00631589$ & $-0.0169113$ & $-0.00777747$ & $-0.00490892$ & $-0.000508533$ & $-0.00592296$ & $0.00354938$ & $-0.0076547$ & $0.000772899$ & $-0.00993969$ \\
CHL1_22 & $0.00167573$ & $-0.0109328$ & $-0.00225955$ & $0.00799704$ & $0.00381648$ & $0.0154859$ & $0.00309806$ & $-0.0916505$ & $-0.0888778$ & $0.0844281$ & $0.0426295$ & $0.0667955$ & $-0.00881653$ & $0.0877608$ & $1$ & $0.34482$ & $0.0736926$ & $-0.641261$ & $-0.231545$ & $-0.0207628$ & $-0.261332$ & $-0.189728$ & $-0.0983909$ & $0.277811$ & $-0.320361$ & $0.0243446$ & $-0.526548$ & $-0.0399074$ & $-0.00215214$ & $-0.00231309$ & $-0.00827478$ & $0.00770592$ & $-0.00256095$ & $-0.595422$ & $0.00629461$ & $0.0103902$ & $-0.00398438$ & $0.000321512$ & $0.0049341$ & $-0.00408854$ & $0.00376819$ & $-0.00142095$ & $0.0118754$ & $-2.65534e-05$ & $0.00324855$ & $-0.000429791$ & $-0.00191095$ & $-0.0128902$ & $-0.00291273$ \\
CHL1_33 & $-0.00139275$ & $-0.00764827$ & $-0.00493722$ & $0.00481766$ & $0.00215053$ & $0.0174736$ & $0.0121551$ & $-0.0897642$ & $-0.087588$ & $0.0825372$ & $0.04205$ & $0.0614241$ & $-0.00980277$ & $0.0856243$ & $0.34482$ & $1$ & $0.0711171$ & $-0.228047$ & $-0.619786$ & $-0.0232246$ & $-0.198684$ & $-0.300233$ & $-0.0987464$ & $0.271024$ & $-0.312414$ & $0.0261997$ & $-0.513951$ & $-0.0280096$ & $0.00375064$ & $-0.000181411$ & $-0.00604168$ & $0.0151046$ & $3.57781e-06$ & $-0.281293$ & $0.00638103$ & $0.00291135$ & $0.00212873$ & $-0.00157793$ & $0.00925698$ & $-0.00725166$ & $0.000860935$ & $0.000306965$ & $0.00451694$ & $-0.00555962$ & $-0.00219717$ & $0.00206774$ & $-0.0094259$ & $-0.00284548$ & $-0.00205254$ \\
CHL3_11 & $0.00619882$ & $0.0677936$ & $-0.0135634$ & $-0.00977955$ & $-0.00713452$ & $-0.0570645$ & $0.00744206$ & $-0.358221$ & $-0.357882$ & $0.809791$ & $0.0674436$ & $0.220864$ & $-0.154904$ & $0.627433$ & $0.0736926$ & $0.0711171$ & $1$ & $0.294103$ & $0.295158$ & $-0.108582$ & $-0.0486051$ & $-0.0442605$ & $-0.0384376$ & $0.276131$ & $0.365429$ & $0.0155468$ & $-0.132888$ & $-0.00613797$ & $-0.00492768$ & $-0.0373492$ & $-0.0248793$ & $0.0122472$ & $-0.0474879$ & $-0.188186$ & $0.0258764$ & $0.00821098$ & $0.00341377$ & $0.000659223$ & $0.0130196$ & $-0.00506589$ & $-0.0178346$ & $-0.00494118$ & $-0.0130402$ & $0.000810936$ & $-0.0043413$ & $0.00669121$ & $-0.0061225$ & $0.00412529$ & $0.0059142$ \\
CHL3_22 & $0.00862607$ & $0.00367049$ & $0.00255594$ & $-0.00940679$ & $-0.00546849$ & $0.0144848$ & $0.00105984$ & $-0.203006$ & $-0.199156$ & $0.262676$ & $0.106564$ & $0.10278$ & $-0.0596519$ & $0.215178$ & $-0.641261$ & $-0.228047$ & $0.294103$ & $1$ & $0.41323$ & $-0.110984$ & $0.0289766$ & $0.0354358$ & $0.0667009$ & $0.0162661$ & $0.589815$ & $0.00680749$ & $0.338272$ & $0.0102393$ & $-0.000313886$ & $-0.0153308$ & $-0.00390382$ & $0.00289392$ & $-0.0150753$ & $0.540747$ & $0.00913165$ & $-0.004346$ & $0.000153809$ & $-0.00438818$ & $-0.00858702$ & $-0.00254509$ & $-0.0125223$ & $0.00104794$ & $-0.00243641$ & $0.000601618$ & $-0.0083897$ & $0.000548418$ & $-0.00376045$ & $0.00252759$ & $-0.00442315$ \\
CHL3_33 & $0.00667184$ & $8.7846e-05$ & $-0.00261745$ & $-0.00615462$ & $-0.0023531$ & $0.01063$ & $-5.15371e-05$ & $-0.201632$ & $-0.197847$ & $0.267466$ & $0.104356$ & $0.108824$ & $-0.0545143$ & $0.217662$ & $-0.231545$ & $-0.619786$ & $0.295158$ & $0.41323$ & $1$ & $-0.104343$ & $0.0290084$ & $0.035176$ & $0.0691433$ & $0.013203$ & $0.591375$ & $0.00513212$ & $0.338313$ & $0.00237795$ & $-0.00350185$ & $-0.0161128$ & $-0.00867096$ & $0.000741533$ & $-0.0211686$ & $0.0985777$ & $0.00425375$ & $-0.000757135$ & $-0.001037$ & $-0.00217025$ & $-0.0028685$ & $0.00423812$ & $-0.00615074$ & $-0.00207705$ & $-0.0015513$ & $0.00661763$ & $-0.00251015$ & $-0.00053158$ & $-0.000673955$ & $-0.00265308$ & $-0.00813432$ \\
CHe_11 & $-0.0108424$ & $-0.175385$ & $0.00766699$ & $0.00802984$ & $0.00518516$ & $-0.109068$ & $-0.00692658$ & $0.755149$ & $0.745682$ & $-0.028475$ & $-0.776507$ & $-0.0701396$ & $0.0904105$ & $0.0880045$ & $-0.0207628$ & $-0.0232246$ & $-0.108582$ & $-0.110984$ & $-0.104343$ & $1$ & $0.342331$ & $0.321696$ & $0.0188747$ & $-0.235114$ & $-0.120244$ & $-0.069439$ & $0.188371$ & $0.0546283$ & $-0.00175195$ & $-0.0223526$ & $0.00128444$ & $-0.00515249$ & $-0.00637363$ & $0.384818$ & $0.00522713$ & $-0.0104117$ & $-0.0108351$ & $0.00935549$ & $0.00529032$ & $0.00415959$ & $-0.00400403$ & $-0.00172523$ & $0.0234788$ & $-0.000950669$ & $0.0190929$ & $-0.0056448$ & $-0.00527188$ & $-0.0106537$ & $-0.0148372$ \\
CHe_22 & $-0.00343154$ & $-0.0162641$ & $-8.36825e-05$ & $-0.00085463$ & $0.00184508$ & $-0.0471269$ & $-0.000652007$ & $0.373799$ & $0.364887$ & $-0.0346968$ & $-0.369197$ & $-0.124176$ & $0.0279334$ & $0.0416311$ & $-0.261332$ & $-0.198684$ & $-0.0486051$ & $0.0289766$ & $0.0290084$ & $0.342331$ & $1$ & $0.282637$ & $0.0454163$ & $-0.28589$ & $-0.000950369$ & $-0.0503551$ & $0.328587$ & $0.0498267$ & $-0.00349556$ & $-0.00477414$ & $0.00366103$ & $-0.00569616$ & $-0.00634563$ & $0.289154$ & $-0.00136929$ & $-0.0116641$ & $-0.000333026$ & $0.00511275$ & $0.00873636$ & $0.00293579$ & $-0.0097325$ & $-0.00143874$ & $0.000219525$ & $5.43965e-05$ & $-0.000925426$ & $0.0029061$ & $0.00212887$ & $0.00694954$ & $-0.000913325$ \\
CHe_33 & $-0.000170535$ & $-0.0160404$ & $0.00205584$ & $0.00369589$ & $0.000266923$ & $-0.047738$ & $-0.00902369$ & $0.352481$ & $0.34356$ & $-0.0301219$ & $-0.350232$ & $-0.121042$ & $0.0201182$ & $0.0446319$ & $-0.189728$ & $-0.300233$ & $-0.0442605$ & $0.0354358$ & $0.035176$ & $0.321696$ & $0.282637$ & $1$ & $0.0549047$ & $-0.265986$ & $0.00774266$ & $-0.0551173$ & $0.311597$ & $0.0397498$ & $-0.00280777$ & $-0.00964872$ & $-0.00351392$ & $-0.0141303$ & $-0.010546$ & $0.276971$ & $-0.00109957$ & $-0.000595363$ & $-0.000514439$ & $0.00452307$ & $0.000309109$ & $-0.000824602$ & $-0.0049122$ & $-0.00160499$ & $-0.00582406$ & $0.00400218$ & $0.00527328$ & $0.00218651$ & $-0.00239007$ & $-0.00344959$ & $0.00254528$ \\
CHQ1_11 & $0.00421779$ & $-0.00712171$ & $0.00551433$ & $-0.00852826$ & $-0.00695187$ & $-0.00958619$ & $-0.00385452$ & $0.0440012$ & $0.040497$ & $-0.0457938$ & $-0.0258914$ & $-0.0239681$ & $0.00509649$ & $-0.038381$ & $-0.0983909$ & $-0.0987464$ & $-0.0384376$ & $0.0667009$ & $0.0691433$ & $0.0188747$ & $0.0454163$ & $0.0549047$ & $1$ & $-0.0759583$ & $0.117949$ & $-0.595102$ & $0.248389$ & $0.0098149$ & $-0.000428994$ & $0.00653642$ & $0.000267913$ & $-0.0034004$ & $-0.000939798$ & $0.0951812$ & $-0.00336044$ & $0.0123923$ & $0.00408532$ & $0.00025653$ & $0.00330227$ & $-0.00823229$ & $0.000462417$ & $0.00679926$ & $0.000234719$ & $-0.000752371$ & $0.00221226$ & $-0.00729227$ & $-0.00303445$ & $0.00570968$ & $0.000181354$ \\
CHQ1_33 & $-0.0358306$ & $2.66116e-05$ & $0.00166831$ & $0.00639636$ & $-0.00208866$ & $0.045074$ & $0.011238$ & $-0.372313$ & $-0.363528$ & $0.258363$ & $0.264316$ & $0.176749$ & $-0.0544968$ & $0.198551$ & $0.277811$ & $0.271024$ & $0.276131$ & $0.0162661$ & $0.013203$ & $-0.235114$ & $-0.28589$ & $-0.265986$ & $-0.0759583$ & $1$ & $0.0686416$ & $0.0558251$ & $-0.241856$ & $0.110117$ & $0.00188165$ & $-0.00559497$ & $-0.00660682$ & $0.0158182$ & $-0.00202261$ & $-0.339602$ & $0.0043761$ & $-0.00197241$ & $0.00456553$ & $0.000782985$ & $-0.000459039$ & $-0.00853164$ & $0.00267693$ & $0.00192522$ & $0.00451446$ & $-0.00438529$ & $0.000593029$ & $0.00187208$ & $-0.00315871$ & $0.00151698$ & $0.00244566$ \\
CHQ3_11 & $-0.0979507$ & $0.0028249$ & $-0.00710049$ & $1.1412e-05$ & $-0.00273815$ & $0.00861414$ & $0.00141075$ & $-0.243298$ & $-0.237726$ & $0.326055$ & $0.12642$ & $0.132795$ & $-0.0692775$ & $0.258633$ & $-0.320361$ & $-0.312414$ & $0.365429$ & $0.589815$ & $0.591375$ & $-0.120244$ & $-0.000950369$ & $0.00774266$ & $0.117949$ & $0.0686416$ & $1$ & $0.0159853$ & $0.530407$ & $2.40369e-06$ & $0.000471007$ & $-0.0278806$ & $-0.00837301$ & $0.000874267$ & $-0.0211506$ & $0.18838$ & $0.00881158$ & $-0.00755933$ & $-0.00630803$ & $-0.000864302$ & $-0.00963394$ & $0.00157581$ & $-0.0019023$ & $0.00555366$ & $0.00296699$ & $0.00376096$ & $-0.00495474$ & $0.00354784$ & $0.00461016$ & $0.0071948$ & $-0.00246116$ \\
CHu_11 & $-0.0172191$ & $-0.000265869$ & $-0.00806296$ & $-0.00097923$ & $0.00129938$ & $0.00523511$ & $-0.00162586$ & $-0.0795789$ & $-0.0758636$ & $0.0166297$ & $0.0767681$ & $0.0237759$ & $-0.00401259$ & $-0.000975577$ & $0.0243446$ & $0.0261997$ & $0.0155468$ & $0.00680749$ & $0.00513212$ & $-0.069439$ & $-0.0503551$ & $-0.0551173$ & $-0.595102$ & $0.0558251$ & $0.0159853$ & $1$ & $0.150329$ & $-0.00798387$ & $0.000819234$ & $-0.00539031$ & $0.000665564$ & $-0.0032161$ & $-0.00270206$ & $-0.0528739$ & $0.0091326$ & $-0.0128725$ & $-0.00692237$ & $-0.00285442$ & $-0.00342942$ & $0.00989602$ & $0.00258262$ & $-0.00188092$ & $0.00782001$ & $0.00573823$ & $-0.00310545$ & $0.00447726$ & $0.00078164$ & $-0.00174642$ & $-0.00590745$ \\
CHd_11 & $-0.0112759$ & $-0.00284512$ & $0.00289359$ & $-0.0106911$ & $-0.00517943$ & $-0.0509838$ & $-0.0126523$ & $0.28094$ & $0.274918$ & $-0.139676$ & $-0.21374$ & $-0.132552$ & $0.0285265$ & $-0.113173$ & $-0.526548$ & $-0.513951$ & $-0.132888$ & $0.338272$ & $0.338313$ & $0.188371$ & $0.328587$ & $0.311597$ & $0.248389$ & $-0.241856$ & $0.530407$ & $0.150329$ & $1$ & $0.033316$ & $3.89917e-06$ & $-0.00716135$ & $0.00600285$ & $-0.0195257$ & $-0.00186016$ & $0.514178$ & $-0.00649693$ & $-0.00737625$ & $-0.00488482$ & $0.000373616$ & $-0.00175918$ & $0.00750469$ & $-0.00374813$ & $0.00507862$ & $-0.00144518$ & $0.00486073$ & $-0.00548147$ & $-0.00601578$ & $0.00310453$ & $0.00874808$ & $0.00401886$ \\
CHd_33 & $-0.00177918$ & $-0.00530618$ & $-4.73595e-05$ & $-0.00229879$ & $0.000708525$ & $-0.00842333$ & $-0.00330361$ & $0.0608713$ & $0.058908$ & $-0.0058565$ & $-0.0621075$ & $-0.0219543$ & $0.00366687$ & $0.00490682$ & $-0.0399074$ & $-0.0280096$ & $-0.00613797$ & $0.0102393$ & $0.00237795$ & $0.0546283$ & $0.0498267$ & $0.0397498$ & $0.0098149$ & $0.110117$ & $2.40369e-06$ & $-0.00798387$ & $0.033316$ & $1$ & $-0.000559365$ & $-0.000829032$ & $0.00850374$ & $-0.00361747$ & $0.00549851$ & $0.0495673$ & $-0.00428204$ & $-0.00454444$ & $0.00231657$ & $-0.000904344$ & $0.00201577$ & $-0.000241215$ & $-0.000956721$ & $0.00148295$ & $0.0016368$ & $-0.00827613$ & $-0.00262926$ & $0.00286244$ & $0.00964064$ & $0.00227707$ & $0.00611737$ \\
CeH_22r & $-0.00431996$ & $-0.006947$ & $-0.00242713$ & $-0.00197221$ & $-0.00853312$ & $-0.000921299$ & $0.0236669$ & $-0.00454144$ & $0.00440205$ & $-0.00292169$ & $0.00514624$ & $0.0277922$ & $0.0104975$ & $-0.00896503$ & $-0.00215214$ & $0.00375064$ & $-0.00492768$ & $-0.000313886$ & $-0.00350185$ & $-0.00175195$ & $-0.00349556$ & $-0.00280777$ & $-0.000428994$ & $0.00188165$ & $0.000471007$ & $0.000819234$ & $3.89917e-06$ & $-0.000559365$ & $1$ & $0.0296749$ & $0.0115253$ & $0.00321278$ & $0.0244596$ & $-0.0038497$ & $-0.0316335$ & $-0.0186481$ & $-0.0232186$ & $-0.00256765$ & $-0.00309078$ & $-0.00101051$ & $-0.00299549$ & $0.000142994$ & $-7.72253e-06$ & $0.0174426$ & $0.00379114$ & $-0.00211351$ & $-0.00495394$ & $-0.00148561$ & $-0.00819661$ \\
CeH_33r & $-0.00983369$ & $-0.0167453$ & $-0.0013561$ & $0.0096965$ & $-0.00439685$ & $0.000935166$ & $-0.0511657$ & $0.0030291$ & $0.0293848$ & $-0.0700859$ & $0.00168972$ & $0.211658$ & $0.0808917$ & $-0.0385711$ & $-0.00231309$ & $-0.000181411$ & $-0.0373492$ & $-0.0153308$ & $-0.0161128$ & $-0.0223526$ & $-0.00477414$ & $-0.00964872$ & $0.00653642$ & $-0.00559497$ & $-0.0278806$ & $-0.00539031$ & $-0.00716135$ & $-0.000829032$ & $0.0296749$ & $1$ & $0.247693$ & $0.0673347$ & $0.528699$ & $-0.00701398$ & $-0.0503832$ & $-0.0271784$ & $-0.193064$ & $-0.0961288$ & $-0.0222508$ & $-0.0109781$ & $-0.00967219$ & $-0.00557718$ & $0.000414024$ & $0.0129433$ & $0.0842798$ & $-0.0144824$ & $0.000205222$ & $-0.0219978$ & $-0.0220507$ \\
CuH_22r & $-0.0281633$ & $0.0108581$ & $-0.0174977$ & $0.0028297$ & $0.00270762$ & $0.00101763$ & $-0.032713$ & $0.00504908$ & $0.0219563$ & $-0.032567$ & $-0.00063335$ & $0.051404$ & $0.0380949$ & $-0.0254695$ & $-0.00827478$ & $-0.00604168$ & $-0.0248793$ & $-0.00390382$ & $-0.00867096$ & $0.00128444$ & $0.00366103$ & $-0.00351392$ & $0.000267913$ & $-0.00660682$ & $-0.00837301$ & $0.000665564$ & $0.00600285$ & $0.00850374$ & $0.0115253$ & $0.247693$ & $1$ & $0.0415964$ & $0.28338$ & $0.00648341$ & $-0.0239826$ & $-0.00395397$ & $-0.0895339$ & $-0.055612$ & $-0.00735109$ & $0.00318466$ & $-0.0115911$ & $0.0119409$ & $0.0351261$ & $-0.0237912$ & $-0.00814759$ & $0.0945339$ & $0.393211$ & $-0.0378075$ & $0.000382538$ \\
CuH_33r & $0.00326435$ & $0.0135599$ & $-0.00703037$ & $-0.00221854$ & $-0.00254049$ & $-0.00113589$ & $0.937993$ & $-0.0293856$ & $0.024966$ & $0.0231196$ & $0.0203021$ & $0.062934$ & $-0.0864978$ & $0.00144199$ & $0.00770592$ & $0.0151046$ & $0.0122472$ & $0.00289392$ & $0.000741533$ & $-0.00515249$ & $-0.00569616$ & $-0.0141303$ & $-0.0034004$ & $0.0158182$ & $0.000874267$ & $-0.0032161$ & $-0.0195257$ & $-0.00361747$ & $0.00321278$ & $0.0673347$ & $0.0415964$ & $1$ & $0.0783503$ & $-0.0231247$ & $0.0639475$ & $0.0299732$ & $-0.0218056$ & $-0.0119996$ & $-0.000581172$ & $0.00226736$ & $0.00309556$ & $-0.00834893$ & $0.0135977$ & $0.00444097$ & $0.00933244$ & $-0.00203737$ & $0.000966207$ & $-0.0115367$ & $-0.0107375$ \\
CdH_33r & $-0.0350094$ & $0.0760912$ & $0.0133883$ & $0.0132464$ & $-0.00542572$ & $0.00665105$ & $-0.0763615$ & $-0.0215784$ & $0.00265368$ & $-0.0416832$ & $0.0255736$ & $0.305978$ & $0.119075$ & $-0.0622555$ & $-0.00256095$ & $3.57781e-06$ & $-0.0474879$ & $-0.0150753$ & $-0.0211686$ & $-0.00637363$ & $-0.00634563$ & $-0.010546$ & $-0.000939798$ & $-0.00202261$ & $-0.0211506$ & $-0.00270206$ & $-0.00186016$ & $0.00549851$ & $0.0244596$ & $0.528699$ & $0.28338$ & $0.0783503$ & $1$ & $-0.00530499$ & $-0.0539915$ & $0.0124963$ & $-0.131986$ & $-0.108634$ & $0.022948$ & $0.000202494$ & $-0.00587192$ & $-0.00189538$ & $-0.0313183$ & $-0.0237865$ & $0.00131525$ & $0.0595185$ & $0.00457794$ & $0.150368$ & $0.531324$ \\
CLL_1221 & $0.00592478$ & $0.0970461$ & $0.00334541$ & $-0.0139016$ & $-0.00786296$ & $-0.0990031$ & $-0.0109663$ & $0.61965$ & $0.602603$ & $-0.204793$ & $-0.46853$ & $-0.322603$ & $0.0424972$ & $-0.11576$ & $-0.595422$ & $-0.281293$ & $-0.188186$ & $0.540747$ & $0.0985777$ & $0.384818$ & $0.289154$ & $0.276971$ & $0.0951812$ & $-0.339602$ & $0.18838$ & $-0.0528739$ & $0.514178$ & $0.0495673$ & $-0.0038497$ & $-0.00701398$ & $0.00648341$ & $-0.0231247$ & $-0.00530499$ & $1$ & $-0.0133553$ & $0.00290031$ & $0.0064295$ & $-0.0033565$ & $-0.00353112$ & $0.00307688$ & $-0.0120592$ & $0.000861031$ & $-0.00810292$ & $0.00639716$ & $-0.00476834$ & $-0.00805933$ & $0.00733187$ & $0.0126273$ & $0.0152533$ \\
eHggint & $-0.0294134$ & $-0.00579035$ & $-0.000663368$ & $-0.0518544$ & $-0.00767298$ & $-0.00401566$ & $-0.0328314$ & $-0.0163559$ & $-0.0335297$ & $0.035306$ & $0.00804534$ & $0.100838$ & $-2.68169e-05$ & $0.0151449$ & $0.00629461$ & $0.00638103$ & $0.0258764$ & $0.00913165$ & $0.00425375$ & $0.00522713$ & $-0.00136929$ & $-0.00109957$ & $-0.00336044$ & $0.0043761$ & $0.00881158$ & $0.0091326$ & $-0.00649693$ & $-0.00428204$ & $-0.0316335$ & $-0.0503832$ & $-0.0239826$ & $0.0639475$ & $-0.0539915$ & $-0.0133553$ & $1$ & $-0.0305963$ & $-0.0295491$ & $0.00873891$ & $0.0415407$ & $-0.0250675$ & $0.0668535$ & $0.0147508$ & $0.0606137$ & $0.00691926$ & $-0.000246089$ & $-0.0091947$ & $0.0114127$ & $-0.109081$ & $-0.00226832$ \\
eHggpar & $0.0523098$ & $0.0842774$ & $-0.0171006$ & $0.0392489$ & $-0.000805798$ & $-0.00582786$ & $-0.0165117$ & $-0.0190699$ & $-0.0287743$ & $0.0150906$ & $0.0174246$ & $0.0460893$ & $0.00415263$ & $-0.00253974$ & $0.0103902$ & $0.00291135$ & $0.00821098$ & $-0.004346$ & $-0.000757135$ & $-0.0104117$ & $-0.0116641$ & $-0.000595363$ & $0.0123923$ & $-0.00197241$ & $-0.00755933$ & $-0.0128725$ & $-0.00737625$ & $-0.00454444$ & $-0.0186481$ & $-0.0271784$ & $-0.00395397$ & $0.0299732$ & $0.0124963$ & $0.00290031$ & $-0.0305963$ & $1$ & $0.032665$ & $0.0150429$ & $-0.0236993$ & $0.0134289$ & $-0.0607053$ & $0.00743528$ & $0.0249096$ & $0.0354162$ & $-0.00652306$ & $0.0685408$ & $0.008898$ & $0.0358815$ & $0.0538387$ \\
eHWWint & $0.0542885$ & $0.0504845$ & $0.0167991$ & $-0.0279979$ & $-0.00195762$ & $-0.00130501$ & $0.0199819$ & $-0.00867591$ & $-0.027201$ & $-0.000274583$ & $0.00610794$ & $-0.0121956$ & $0.00139203$ & $-0.00337306$ & $-0.00398438$ & $0.00212873$ & $0.00341377$ & $0.000153809$ & $-0.001037$ & $-0.0108351$ & $-0.000333026$ & $-0.000514439$ & $0.00408532$ & $0.00456553$ & $-0.00630803$ & $-0.00692237$ & $-0.00488482$ & $0.00231657$ & $-0.0232186$ & $-0.193064$ & $-0.0895339$ & $-0.0218056$ & $-0.131986$ & $0.0064295$ & $-0.0295491$ & $0.032665$ & $1$ & $-0.0194723$ & $-0.0135427$ & $0.0169592$ & $-0.0230474$ & $0.00752601$ & $-0.062629$ & $-0.092465$ & $-0.0102193$ & $0.0181187$ & $0.026524$ & $0.0953183$ & $0.125348$ \\
eHWWpar & $-0.026545$ & $-0.0237408$ & $-0.0320267$ & $-0.0132737$ & $0.00505587$ & $0.00533515$ & $0.00658586$ & $0.00980135$ & $0.00748437$ & $-4.37826e-05$ & $-0.0120774$ & $-0.0103829$ & $-0.00179419$ & $0.00641919$ & $0.000321512$ & $-0.00157793$ & $0.000659223$ & $-0.00438818$ & $-0.00217025$ & $0.00935549$ & $0.00511275$ & $0.00452307$ & $0.00025653$ & $0.000782985$ & $-0.000864302$ & $-0.00285442$ & $0.000373616$ & $-0.000904344$ & $-0.00256765$ & $-0.0961288$ & $-0.055612$ & $-0.0119996$ & $-0.108634$ & $-0.0033565$ & $0.00873891$ & $0.0150429$ & $-0.0194723$ & $1$ & $0.019996$ & $0.00430682$ & $0.0563626$ & $0.0131735$ & $0.0389165$ & $-0.0161863$ & $-0.00645623$ & $-0.00667035$ & $-0.0145593$ & $0.0197781$ & $-0.00380829$ \\
eHZZint & $0.0757165$ & $0.0144552$ & $-0.0110103$ & $-0.0841202$ & $0.00232041$ & $-0.000793008$ & $-0.0118183$ & $0.00328645$ & $-0.0103072$ & $0.0115957$ & $-0.00875803$ & $-0.00135456$ & $0.0029996$ & $0.00871562$ & $0.0049341$ & $0.00925698$ & $0.0130196$ & $-0.00858702$ & $-0.0028685$ & $0.00529032$ & $0.00873636$ & $0.000309109$ & $0.00330227$ & $-0.000459039$ & $-0.00963394$ & $-0.00342942$ & $-0.00175918$ & $0.00201577$ & $-0.00309078$ & $-0.0222508$ & $-0.00735109$ & $-0.000581172$ & $0.022948$ & $-0.00353112$ & $0.0415407$ & $-0.0236993$ & $-0.0135427$ & $0.019996$ & $1$ & $-0.00932889$ & $0.0142685$ & $-0.00241034$ & $-0.0994532$ & $-0.0847112$ & $0.00156781$ & $0.031691$ & $0.00529861$ & $0.0149537$ & $0.0779127$ \\
eHZZpar & $-0.0174642$ & $-0.00795382$ & $-0.00382423$ & $-0.0166479$ & $-0.00424684$ & $-0.00134988$ & $-0.000203726$ & $0.0072548$ & $0.00377126$ & $-0.00274626$ & $-0.00609797$ & $-0.00312564$ & $0.00111152$ & $-0.00631589$ & $-0.00408854$ & $-0.00725166$ & $-0.00506589$ & $-0.00254509$ & $0.00423812$ & $0.00415959$ & $0.00293579$ & $-0.000824602$ & $-0.00823229$ & $-0.00853164$ & $0.00157581$ & $0.00989602$ & $0.00750469$ & $-0.000241215$ & $-0.00101051$ & $-0.0109781$ & $0.00318466$ & $0.00226736$ & $0.000202494$ & $0.00307688$ & $-0.0250675$ & $0.0134289$ & $0.0169592$ & $0.00430682$ & $-0.00932889$ & $1$ & $-0.0141475$ & $-0.000547043$ & $-0.0154833$ & $0.0341611$ & $0.00864279$ & $-0.017437$ & $0.0244961$ & $0.041721$ & $0.00847353$ \\
eHZgaint & $-0.104437$ & $-0.0349264$ & $-0.0677646$ & $-0.000397023$ & $0.00817405$ & $0.00833733$ & $-0.000892665$ & $0.00148972$ & $-0.00477499$ & $-0.02315$ & $0.00726581$ & $-0.00619426$ & $-0.00162706$ & $-0.0169113$ & $0.00376819$ & $0.000860935$ & $-0.0178346$ & $-0.0125223$ & $-0.00615074$ & $-0.00400403$ & $-0.0097325$ & $-0.0049122$ & $0.000462417$ & $0.00267693$ & $-0.0019023$ & $0.00258262$ & $-0.00374813$ & $-0.000956721$ & $-0.00299549$ & $-0.00967219$ & $-0.0115911$ & $0.00309556$ & $-0.00587192$ & $-0.0120592$ & $0.0668535$ & $-0.0607053$ & $-0.0230474$ & $0.0563626$ & $0.0142685$ & $-0.0141475$ & $1$ & $-0.00121039$ & $-0.0645991$ & $0.0351738$ & $-0.0416086$ & $-0.143582$ & $0.0113111$ & $-0.00795047$ & $0.00514803$ \\
eHZgapar & $-0.0240278$ & $-0.0064259$ & $-0.0149896$ & $-0.00383854$ & $-0.00234341$ & $0.00298953$ & $-0.0110249$ & $-0.00122859$ & $-0.00299484$ & $-0.00842742$ & $0.00283587$ & $0.00375104$ & $0.00645525$ & $-0.00777747$ & $-0.00142095$ & $0.000306965$ & $-0.00494118$ & $0.00104794$ & $-0.00207705$ & $-0.00172523$ & $-0.00143874$ & $-0.00160499$ & $0.00679926$ & $0.00192522$ & $0.00555366$ & $-0.00188092$ & $0.00507862$ & $0.00148295$ & $0.000142994$ & $-0.00557718$ & $0.0119409$ & $-0.00834893$ & $-0.00189538$ & $0.000861031$ & $0.0147508$ & $0.00743528$ & $0.00752601$ & $0.0131735$ & $-0.00241034$ & $-0.000547043$ & $-0.00121039$ & $1$ & $-0.0091118$ & $0.0247946$ & $-0.0190574$ & $0.0383018$ & $0.0159222$ & $-0.0254254$ & $0.00944091$ \\
eHgagaint & $-0.071369$ & $-0.0263465$ & $0.0207375$ & $0.0155531$ & $-0.00698952$ & $-0.00317777$ & $0.00726974$ & $0.00421513$ & $0.0930426$ & $-0.0104464$ & $-0.00523603$ & $-0.000808004$ & $0.00416779$ & $-0.00490892$ & $0.0118754$ & $0.00451694$ & $-0.0130402$ & $-0.00243641$ & $-0.0015513$ & $0.0234788$ & $0.000219525$ & $-0.00582406$ & $0.000234719$ & $0.00451446$ & $0.00296699$ & $0.00782001$ & $-0.00144518$ & $0.0016368$ & $-7.72253e-06$ & $0.000414024$ & $0.0351261$ & $0.0135977$ & $-0.0313183$ & $-0.00810292$ & $0.0606137$ & $0.0249096$ & $-0.062629$ & $0.0389165$ & $-0.0994532$ & $-0.0154833$ & $-0.0645991$ & $-0.0091118$ & $1$ & $0.128629$ & $0.0107754$ & $0.0915781$ & $0.0663161$ & $-0.0688862$ & $-0.0453744$ \\
eHmumuint & $-0.00444253$ & $0.0467626$ & $0.000343191$ & $0.0591566$ & $-0.00522185$ & $6.46905e-06$ & $0.000332707$ & $-0.00661335$ & $0.00653487$ & $0.00124395$ & $0.00499932$ & $-0.00178389$ & $0.00934926$ & $-0.000508533$ & $-2.65534e-05$ & $-0.00555962$ & $0.000810936$ & $0.000601618$ & $0.00661763$ & $-0.000950669$ & $5.43965e-05$ & $0.00400218$ & $-0.000752371$ & $-0.00438529$ & $0.00376096$ & $0.00573823$ & $0.00486073$ & $-0.00827613$ & $0.0174426$ & $0.0129433$ & $-0.0237912$ & $0.00444097$ & $-0.0237865$ & $0.00639716$ & $0.00691926$ & $0.0354162$ & $-0.092465$ & $-0.0161863$ & $-0.0847112$ & $0.0341611$ & $0.0351738$ & $0.0247946$ & $0.128629$ & $1$ & $0.0387699$ & $-0.0337562$ & $-0.0616018$ & $0.00510964$ & $-0.0777367$ \\
eHtautauint & $-0.0452157$ & $-0.0608711$ & $-0.0261215$ & $-0.00503648$ & $-0.000971853$ & $-0.0086478$ & $0.00901426$ & $0.0185571$ & $0.0198615$ & $-0.00282855$ & $-0.0142651$ & $0.00329426$ & $0.00532317$ & $-0.00592296$ & $0.00324855$ & $-0.00219717$ & $-0.0043413$ & $-0.0083897$ & $-0.00251015$ & $0.0190929$ & $-0.000925426$ & $0.00527328$ & $0.00221226$ & $0.000593029$ & $-0.00495474$ & $-0.00310545$ & $-0.00548147$ & $-0.00262926$ & $0.00379114$ & $0.0842798$ & $-0.00814759$ & $0.00933244$ & $0.00131525$ & $-0.00476834$ & $-0.000246089$ & $-0.00652306$ & $-0.0102193$ & $-0.00645623$ & $0.00156781$ & $0.00864279$ & $-0.0416086$ & $-0.0190574$ & $0.0107754$ & $0.0387699$ & $1$ & $-0.0682318$ & $-0.00382559$ & $-0.0272425$ & $0.00140578$ \\
eHccint & $-0.0326316$ & $0.0240741$ & $-0.0326312$ & $0.0898362$ & $0.00545469$ & $0.00673117$ & $-0.00391187$ & $-0.0130351$ & $-0.00564303$ & $0.0103819$ & $0.00599762$ & $0.0135276$ & $0.00732841$ & $0.00354938$ & $-0.000429791$ & $0.00206774$ & $0.00669121$ & $0.000548418$ & $-0.00053158$ & $-0.0056448$ & $0.0029061$ & $0.00218651$ & $-0.00729227$ & $0.00187208$ & $0.00354784$ & $0.00447726$ & $-0.00601578$ & $0.00286244$ & $-0.00211351$ & $-0.0144824$ & $0.0945339$ & $-0.00203737$ & $0.0595185$ & $-0.00805933$ & $-0.0091947$ & $0.0685408$ & $0.0181187$ & $-0.00667035$ & $0.031691$ & $-0.017437$ & $-0.143582$ & $0.0383018$ & $0.0915781$ & $-0.0337562$ & $-0.0682318$ & $1$ & $0.0585664$ & $-0.0726725$ & $0.133504$ \\
eHccpar & $-0.0661434$ & $0.0409911$ & $-0.0348469$ & $-0.0117542$ & $0.00424042$ & $-0.0010303$ & $-0.00303216$ & $-0.00263186$ & $0.00352933$ & $-0.00585215$ & $0.00651776$ & $-0.00396092$ & $-0.00883913$ & $-0.0076547$ & $-0.00191095$ & $-0.0094259$ & $-0.0061225$ & $-0.00376045$ & $-0.000673955$ & $-0.00527188$ & $0.00212887$ & $-0.00239007$ & $-0.00303445$ & $-0.00315871$ & $0.00461016$ & $0.00078164$ & $0.00310453$ & $0.00964064$ & $-0.00495394$ & $0.000205222$ & $0.393211$ & $0.000966207$ & $0.00457794$ & $0.00733187$ & $0.0114127$ & $0.008898$ & $0.026524$ & $-0.0145593$ & $0.00529861$ & $0.0244961$ & $0.0113111$ & $0.0159222$ & $0.0663161$ & $-0.0616018$ & $-0.00382559$ & $0.0585664$ & $1$ & $-0.0535632$ & $0.0255834$ \\
eHbbint & $-0.0642626$ & $0.0512551$ & $0.0389506$ & $-0.00311067$ & $0.00424989$ & $0.00740335$ & $-7.58897e-05$ & $-0.00474947$ & $-0.0122972$ & $0.00267586$ & $0.00724558$ & $-0.0125426$ & $0.00190949$ & $0.000772899$ & $-0.0128902$ & $-0.00284548$ & $0.00412529$ & $0.00252759$ & $-0.00265308$ & $-0.0106537$ & $0.00694954$ & $-0.00344959$ & $0.00570968$ & $0.00151698$ & $0.0071948$ & $-0.00174642$ & $0.00874808$ & $0.00227707$ & $-0.00148561$ & $-0.0219978$ & $-0.0378075$ & $-0.0115367$ & $0.150368$ & $0.0126273$ & $-0.109081$ & $0.0358815$ & $0.0953183$ & $0.0197781$ & $0.0149537$ & $0.041721$ & $-0.00795047$ & $-0.0254254$ & $-0.0688862$ & $0.00510964$ & $-0.0272425$ & $-0.0726725$ & $-0.0535632$ & $1$ & $0.0367299$ \\
eHbbpar & $-0.026185$ & $0.127665$ & $0.0150874$ & $0.00231619$ & $0.00682837$ & $0.00125191$ & $-0.0150399$ & $-0.0185237$ & $-0.0256149$ & $0.00669045$ & $0.0192312$ & $0.000855652$ & $-0.00449232$ & $-0.00993969$ & $-0.00291273$ & $-0.00205254$ & $0.0059142$ & $-0.00442315$ & $-0.00813432$ & $-0.0148372$ & $-0.000913325$ & $0.00254528$ & $0.000181354$ & $0.00244566$ & $-0.00246116$ & $-0.00590745$ & $0.00401886$ & $0.00611737$ & $-0.00819661$ & $-0.0220507$ & $0.000382538$ & $-0.0107375$ & $0.531324$ & $0.0152533$ & $-0.00226832$ & $0.0538387$ & $0.125348$ & $-0.00380829$ & $0.0779127$ & $0.00847353$ & $0.00514803$ & $0.00944091$ & $-0.0453744$ & $-0.0777367$ & $0.00140578$ & $0.133504$ & $0.0255834$ & $0.0367299$ & $1$ \\
