 & AlsMz & dAle5Mz & mtop & mHl & Mz & CW & CHG & CHWB & CHWHB_gaga & CHWHB_gagaorth & CHD & CHbox & CH & CHL1_11 & CHL1_22 & CHL1_33 & CHL3_11 & CHL3_22 & CHL3_33 & CHe_11 & CHe_22 & CHe_33 & CHQ1_11 & CHQ1_33 & CHQ3_11 & CHu_11 & CHd_11 & CHd_33 & CeH_22r & CeH_33r & CuH_22r & CuH_33r & CdH_33r & CLL_1221 & eHggint & eHggpar & eHWWint & eHWWpar & eHZZint & eHZZpar & eHZgaint & eHZgapar & eHgagaint & eHmumuint & eHtautauint & eHccint & eHccpar & eHbbint & eHbbpar \\
AlsMz & $1$ & $-0.492113$ & $-0.461174$ & $0.232719$ & $0.0244136$ & $-0.0355801$ & $-0.0245927$ & $-0.034782$ & $-0.0191679$ & $-0.0622701$ & $0.0373468$ & $-0.0040356$ & $0.068959$ & $-0.01412$ & $0.104165$ & $0.0986497$ & $-0.042852$ & $-0.0687781$ & $-0.0673387$ & $-0.0266629$ & $-0.0613883$ & $-0.0629027$ & $-0.0647612$ & $0.000837115$ & $-0.177888$ & $-0.0163952$ & $-0.245187$ & $-0.0351927$ & $0.00121278$ & $0.0168769$ & $0.0940063$ & $-0.0357943$ & $-0.0288826$ & $-0.134683$ & $-0.00856002$ & $-0.284932$ & $0.25243$ & $0.203335$ & $-0.127923$ & $-0.0153624$ & $0.449339$ & $-0.0920967$ & $0.462049$ & $-0.245532$ & $0.296947$ & $0.606558$ & $0.265654$ & $-0.0526518$ & $-0.307702$ \\
dAle5Mz & $-0.492113$ & $1$ & $0.144238$ & $0.121645$ & $-0.0549999$ & $-0.0131725$ & $0.0418401$ & $0.102455$ & $0.0986105$ & $-0.0299155$ & $-0.0646739$ & $0.021245$ & $0.0191367$ & $-0.0550136$ & $-0.117845$ & $-0.112384$ & $-0.0458911$ & $-0.0117294$ & $-0.0183826$ & $0.0521997$ & $0.0957542$ & $0.0921485$ & $0.00729272$ & $-0.110139$ & $0.0701846$ & $0.0576055$ & $0.293843$ & $0.0257079$ & $-0.010324$ & $0.0246163$ & $0.00651199$ & $0.0563419$ & $0.0975446$ & $0.212046$ & $-0.0489371$ & $0.213621$ & $-0.239095$ & $-0.177663$ & $-0.0291545$ & $-0.0305288$ & $0.120776$ & $0.0708439$ & $-0.217234$ & $0.40499$ & $-0.140532$ & $-0.350983$ & $0.0953098$ & $-0.0450676$ & $0.467305$ \\
mtop & $-0.461174$ & $0.144238$ & $1$ & $-0.305379$ & $0.00289661$ & $0.0402831$ & $-0.143442$ & $0.0820054$ & $0.0665272$ & $-0.0109394$ & $-0.0817765$ & $-0.00233598$ & $0.027458$ & $0.0492789$ & $-0.0252004$ & $-0.0463204$ & $0.00903534$ & $0.0160019$ & $0.0320111$ & $0.0759193$ & $0.0969259$ & $0.0955075$ & $0.0455722$ & $-0.0401911$ & $0.094205$ & $-0.0298264$ & $0.169684$ & $0.0539657$ & $-0.0315469$ & $0.015358$ & $-0.064695$ & $-0.141445$ & $-0.029531$ & $0.0883603$ & $-0.114298$ & $0.32122$ & $-0.140449$ & $-0.02636$ & $0.1474$ & $-0.120974$ & $-0.367622$ & $-0.00886113$ & $-0.0861665$ & $-0.194388$ & $0.0156701$ & $-0.354647$ & $-0.300863$ & $0.0407729$ & $-0.141547$ \\
mHl & $0.232719$ & $0.121645$ & $-0.305379$ & $1$ & $-0.0173902$ & $-0.0263991$ & $0.172808$ & $-0.0102781$ & $0.0115748$ & $-0.030792$ & $0.0455134$ & $-0.0300436$ & $-0.000597006$ & $-0.0737539$ & $-0.074266$ & $-0.0193059$ & $-0.0643269$ & $-0.0187075$ & $-0.0600124$ & $-0.0514114$ & $-0.0395832$ & $-0.0394026$ & $0.0239261$ & $-0.0446824$ & $-0.046128$ & $0.0398141$ & $0.0443548$ & $-0.0198007$ & $0.0119638$ & $-0.0179617$ & $0.0169552$ & $0.158099$ & $0.000100102$ & $0.0581816$ & $-0.296736$ & $-0.282097$ & $-0.010914$ & $-0.00593658$ & $-0.429005$ & $0.132747$ & $0.164061$ & $0.00176807$ & $0.266761$ & $-0.0867287$ & $0.507312$ & $0.0625761$ & $0.220524$ & $-0.022287$ & $0.1254$ \\
Mz & $0.0244136$ & $-0.0549999$ & $0.00289661$ & $-0.0173902$ & $1$ & $-0.0196492$ & $-0.00437449$ & $0.00132434$ & $0.00246525$ & $0.0018217$ & $-0.0112532$ & $-0.00979257$ & $0.00470614$ & $0.0354617$ & $0.0171614$ & $0.024483$ & $0.0359743$ & $0.0242751$ & $0.0173447$ & $0.0214514$ & $0.0176206$ & $0.0153117$ & $-0.00580792$ & $0.0177956$ & $0.00947524$ & $-0.0227985$ & $-0.0314976$ & $0.0212552$ & $-0.017149$ & $0.0221216$ & $0.0266566$ & $-0.00223844$ & $0.0132353$ & $-0.0132367$ & $-0.00988596$ & $-0.0061475$ & $0.010446$ & $0.0263009$ & $0.0282857$ & $0.0237892$ & $0.0184514$ & $-0.0136755$ & $0.0142191$ & $-0.0233881$ & $0.0188066$ & $0.0338493$ & $0.0293729$ & $-0.0276419$ & $-0.0276591$ \\
CW & $-0.0355801$ & $-0.0131725$ & $0.0402831$ & $-0.0263991$ & $-0.0196492$ & $1$ & $-0.0148955$ & $-0.107559$ & $-0.107039$ & $0.0157521$ & $0.169559$ & $0.071351$ & $0.0290731$ & $0.0213852$ & $-0.0705461$ & $-0.0515208$ & $-0.266498$ & $-0.0595302$ & $-0.0739267$ & $-0.165732$ & $-0.171965$ & $-0.173037$ & $-0.00810686$ & $-0.000624245$ & $-0.0957584$ & $0.101125$ & $-0.078161$ & $-0.0409107$ & $0.00421422$ & $0.0030452$ & $-0.00168544$ & $-0.00724516$ & $0.00982865$ & $-0.119288$ & $0.00639907$ & $-0.0331182$ & $-0.0416563$ & $0.0282613$ & $0.0179248$ & $0.0392129$ & $-0.0472435$ & $-0.0165884$ & $-0.0502808$ & $-0.0328627$ & $-0.0151261$ & $-0.00479416$ & $-0.0592139$ & $0.0405387$ & $-0.0408243$ \\
CHG & $-0.0245927$ & $0.0418401$ & $-0.143442$ & $0.172808$ & $-0.00437449$ & $-0.0148955$ & $1$ & $-0.125935$ & $-0.06826$ & $0.0742964$ & $0.0873561$ & $-0.14868$ & $-0.291125$ & $0.0268201$ & $-0.0161004$ & $-0.00417273$ & $0.0918351$ & $0.0892264$ & $0.0802159$ & $-0.0845674$ & $-0.0914339$ & $-0.0882626$ & $0.0254889$ & $0.124343$ & $0.0804183$ & $0.0260111$ & $-0.0722085$ & $-0.0462589$ & $0.0339637$ & $-0.0767573$ & $0.0140989$ & $0.949653$ & $-0.120885$ & $-0.0815207$ & $-0.0187914$ & $-0.108307$ & $-0.0929048$ & $0.0244537$ & $-0.158354$ & $0.0169198$ & $-0.0164455$ & $-0.0102311$ & $-0.0120479$ & $0.0888145$ & $0.117542$ & $0.00350967$ & $0.121859$ & $-0.135837$ & $0.108966$ \\
CHWB & $-0.034782$ & $0.102455$ & $0.0820054$ & $-0.0102781$ & $0.00132434$ & $-0.107559$ & $-0.125935$ & $1$ & $0.983904$ & $-0.583922$ & $-0.88615$ & $-0.0853534$ & $0.347128$ & $0.0899407$ & $0.312124$ & $0.297877$ & $-0.257477$ & $-0.464011$ & $-0.443696$ & $0.860067$ & $0.903379$ & $0.886681$ & $0.0799398$ & $-0.693337$ & $-0.386953$ & $-0.508807$ & $0.494393$ & $0.280701$ & $0.00863774$ & $0.0870623$ & $0.0284276$ & $-0.131957$ & $0.111622$ & $0.583222$ & $0.0056654$ & $0.130886$ & $0.0274061$ & $-0.000799483$ & $-0.0270966$ & $-0.0926216$ & $0.00257749$ & $0.0150773$ & $0.0315507$ & $0.129421$ & $-0.0920448$ & $0.0184099$ & $-0.00401094$ & $0.0544596$ & $0.0238735$ \\
CHWHB_gaga & $-0.0191679$ & $0.0986105$ & $0.0665272$ & $0.0115748$ & $0.00246525$ & $-0.107039$ & $-0.06826$ & $0.983904$ & $1$ & $-0.57725$ & $-0.867683$ & $-0.0679376$ & $0.343138$ & $0.0795961$ & $0.307116$ & $0.296025$ & $-0.262788$ & $-0.464419$ & $-0.44615$ & $0.8426$ & $0.884527$ & $0.868853$ & $0.0843274$ & $-0.686346$ & $-0.391394$ & $-0.503897$ & $0.482617$ & $0.272769$ & $0.0141939$ & $0.111253$ & $0.0438563$ & $-0.0816306$ & $0.136992$ & $0.573381$ & $-0.0138389$ & $0.105716$ & $0.0153522$ & $0.00369525$ & $-0.0553618$ & $-0.0807777$ & $0.00397903$ & $0.00862166$ & $0.064133$ & $0.125149$ & $-0.0718341$ & $0.0268045$ & $0.00401486$ & $0.0341947$ & $0.0272171$ \\
CHWHB_gagaorth & $-0.0622701$ & $-0.0299155$ & $-0.0109394$ & $-0.030792$ & $0.0018217$ & $0.0157521$ & $0.0742964$ & $-0.583922$ & $-0.57725$ & $1$ & $0.38142$ & $0.456996$ & $-0.233631$ & $0.214393$ & $-0.133565$ & $-0.118932$ & $0.435007$ & $0.497547$ & $0.477707$ & $-0.36734$ & $-0.397908$ & $-0.395425$ & $-0.053185$ & $0.572093$ & $0.47146$ & $0.207487$ & $-0.282579$ & $-0.10774$ & $0.00660828$ & $-0.12221$ & $-0.048559$ & $0.0848057$ & $-0.152991$ & $-0.367235$ & $-0.0309147$ & $0.00675118$ & $-0.0316406$ & $-0.017305$ & $0.0642917$ & $0.047284$ & $-0.0283506$ & $0.00914386$ & $-0.106149$ & $-0.101735$ & $0.0531007$ & $-0.0389478$ & $-0.0317215$ & $-0.0176891$ & $-0.0135408$ \\
CHD & $0.0373468$ & $-0.0646739$ & $-0.0817765$ & $0.0455134$ & $-0.0112532$ & $0.169559$ & $0.0873561$ & $-0.88615$ & $-0.867683$ & $0.38142$ & $1$ & $0.190227$ & $-0.174254$ & $-0.494386$ & $-0.438345$ & $-0.410466$ & $-0.18544$ & $0.110256$ & $0.0850962$ & $-0.99146$ & $-0.991728$ & $-0.971672$ & $-0.0110004$ & $0.347155$ & $0.0141914$ & $0.55525$ & $-0.363098$ & $-0.312089$ & $-0.00170254$ & $-0.0492399$ & $-0.0191669$ & $0.0995314$ & $-0.0593531$ & $-0.388982$ & $0.00912681$ & $-0.16103$ & $-0.0612156$ & $0.00216908$ & $-0.00269019$ & $0.0947924$ & $-0.0217988$ & $-0.0233734$ & $-0.0109403$ & $-0.0940297$ & $0.0737765$ & $-0.03655$ & $-0.00622412$ & $-0.0392158$ & $-0.0106458$ \\
CHbox & $-0.0040356$ & $0.021245$ & $-0.00233598$ & $-0.0300436$ & $-0.00979257$ & $0.071351$ & $-0.14868$ & $-0.0853534$ & $-0.0679376$ & $0.456996$ & $0.190227$ & $1$ & $0.470167$ & $-0.249047$ & $-0.0237394$ & $-0.0186275$ & $-0.225304$ & $-0.178126$ & $-0.181292$ & $-0.175465$ & $-0.191726$ & $-0.190368$ & $0.0263088$ & $-0.0702054$ & $-0.187497$ & $0.0647695$ & $-0.0883409$ & $-0.0377424$ & $0.0504026$ & $0.283926$ & $0.0719997$ & $-0.0825729$ & $0.364103$ & $-0.0612312$ & $-0.0242196$ & $-0.00805471$ & $-0.0396952$ & $-0.00832925$ & $0.0548535$ & $0.0597095$ & $-0.015058$ & $0.00942881$ & $-0.0628494$ & $-0.0431927$ & $0.00753532$ & $-0.0221088$ & $-0.0499154$ & $0.0290893$ & $-0.0164887$ \\
CH & $0.068959$ & $0.0191367$ & $0.027458$ & $-0.000597006$ & $0.00470614$ & $0.0290731$ & $-0.291125$ & $0.347128$ & $0.343138$ & $-0.233631$ & $-0.174254$ & $0.470167$ & $1$ & $-0.235492$ & $0.0743853$ & $0.0473412$ & $-0.366344$ & $-0.391951$ & $-0.366395$ & $0.168726$ & $0.186333$ & $0.182422$ & $0.0635791$ & $-0.402954$ & $-0.384104$ & $-0.134185$ & $0.146624$ & $0.0752885$ & $0.0293886$ & $0.252741$ & $0.0799576$ & $-0.252184$ & $0.332825$ & $0.219066$ & $-0.00624482$ & $-0.00437047$ & $0.00287558$ & $-0.00696153$ & $-0.00267108$ & $0.019442$ & $-0.00596761$ & $-0.0269156$ & $0.043054$ & $0.010374$ & $-0.0124519$ & $0.0364321$ & $-0.0638304$ & $0.0821218$ & $-0.0626524$ \\
CHL1_11 & $-0.01412$ & $-0.0550136$ & $0.0492789$ & $-0.0737539$ & $0.0354617$ & $0.0213852$ & $0.0268201$ & $0.0899407$ & $0.0795961$ & $0.214393$ & $-0.494386$ & $-0.249047$ & $-0.235492$ & $1$ & $0.289639$ & $0.258246$ & $0.654438$ & $0.583239$ & $0.597509$ & $0.513016$ & $0.454401$ & $0.440569$ & $-0.115349$ & $0.457847$ & $0.605112$ & $-0.244904$ & $-0.0991701$ & $0.15594$ & $-0.0181855$ & $-0.0411703$ & $-0.0164274$ & $0.0142769$ & $-0.0605707$ & $-0.227601$ & $-0.0310108$ & $0.106998$ & $0.0710036$ & $0.00569856$ & $0.0487185$ & $-0.0317746$ & $0.0287461$ & $0.00244371$ & $-0.0247713$ & $-0.0509967$ & $0.017486$ & $0.0417231$ & $0.00455526$ & $-0.00827429$ & $-0.0410996$ \\
CHL1_22 & $0.104165$ & $-0.117845$ & $-0.0252004$ & $-0.074266$ & $0.0171614$ & $-0.0705461$ & $-0.0161004$ & $0.312124$ & $0.307116$ & $-0.133565$ & $-0.438345$ & $-0.0237394$ & $0.0743853$ & $0.289639$ & $1$ & $0.4228$ & $0.170533$ & $-0.442052$ & $-0.00519712$ & $0.497126$ & $0.357623$ & $0.352464$ & $-0.154481$ & $0.0835255$ & $-0.100448$ & $-0.21449$ & $-0.317756$ & $0.0955756$ & $0.0297288$ & $0.0298563$ & $0.0411449$ & $-0.0214016$ & $0.0292933$ & $-0.561183$ & $-0.0216876$ & $-0.018806$ & $0.128688$ & $0.0382259$ & $0.078414$ & $-0.0259562$ & $0.0696924$ & $0.00214036$ & $-0.0113386$ & $-0.0567318$ & $0.0139786$ & $0.116994$ & $0.0413398$ & $-0.0251584$ & $-0.0364756$ \\
CHL1_33 & $0.0986497$ & $-0.112384$ & $-0.0463204$ & $-0.0193059$ & $0.024483$ & $-0.0515208$ & $-0.00417273$ & $0.297877$ & $0.296025$ & $-0.118932$ & $-0.410466$ & $-0.0186275$ & $0.0473412$ & $0.258246$ & $0.4228$ & $1$ & $0.143756$ & $-0.0299357$ & $-0.435797$ & $0.468211$ & $0.332607$ & $0.350128$ & $-0.123075$ & $0.0738252$ & $-0.10945$ & $-0.21846$ & $-0.309215$ & $0.0894303$ & $-0.0127877$ & $0.0220549$ & $0.0316792$ & $-0.00393045$ & $0.026824$ & $-0.0681197$ & $-0.0638435$ & $-0.0863073$ & $0.0575853$ & $-0.0098437$ & $0.0134294$ & $-0.00891619$ & $0.0689809$ & $-0.00345249$ & $0.0330393$ & $-0.0683279$ & $0.0466305$ & $0.0979309$ & $0.0436452$ & $-0.0690676$ & $-0.0426156$ \\
CHL3_11 & $-0.042852$ & $-0.0458911$ & $0.00903534$ & $-0.0643269$ & $0.0359743$ & $-0.266498$ & $0.0918351$ & $-0.257477$ & $-0.262788$ & $0.435007$ & $-0.18544$ & $-0.225304$ & $-0.366344$ & $0.654438$ & $0.170533$ & $0.143756$ & $1$ & $0.736437$ & $0.746875$ & $0.207229$ & $0.15206$ & $0.14626$ & $-0.101728$ & $0.676462$ & $0.788364$ & $-0.0807403$ & $-0.18183$ & $0.056298$ & $-0.013259$ & $-0.0933404$ & $-0.0226819$ & $0.0776291$ & $-0.123299$ & $-0.273587$ & $-0.0225135$ & $0.0758427$ & $0.0560052$ & $-0.0132996$ & $0.0489207$ & $-0.00840944$ & $0.0207864$ & $0.0298427$ & $-0.0466048$ & $-0.0456342$ & $0.0221998$ & $0.009715$ & $0.0189329$ & $-0.0266429$ & $-0.00771964$ \\
CHL3_22 & $-0.0687781$ & $-0.0117294$ & $0.0160019$ & $-0.0187075$ & $0.0242751$ & $-0.0595302$ & $0.0892264$ & $-0.464011$ & $-0.464419$ & $0.497547$ & $0.110256$ & $-0.178126$ & $-0.391951$ & $0.583239$ & $-0.442052$ & $-0.0299357$ & $0.736437$ & $1$ & $0.675021$ & $-0.109702$ & $-0.107274$ & $-0.107412$ & $-0.035852$ & $0.638485$ & $0.786312$ & $0.0724044$ & $-0.0764205$ & $-0.0148946$ & $-0.0369404$ & $-0.0951582$ & $-0.0447188$ & $0.0816766$ & $-0.122773$ & $-0.0117532$ & $-0.0166178$ & $0.0579664$ & $-0.0216143$ & $-0.0280612$ & $0.00664509$ & $0.0197668$ & $-0.0130289$ & $0.0116637$ & $-0.0305498$ & $-0.0452838$ & $0.0339909$ & $-0.0422169$ & $-0.00955697$ & $-0.0178822$ & $-0.00989816$ \\
CHL3_33 & $-0.0673387$ & $-0.0183826$ & $0.0320111$ & $-0.0600124$ & $0.0173447$ & $-0.0739267$ & $0.0802159$ & $-0.443696$ & $-0.44615$ & $0.477707$ & $0.0850962$ & $-0.181292$ & $-0.366395$ & $0.597509$ & $-0.00519712$ & $-0.435797$ & $0.746875$ & $0.675021$ & $1$ & $-0.0839481$ & $-0.082874$ & $-0.0796862$ & $-0.0550142$ & $0.636342$ & $0.785247$ & $0.0725196$ & $-0.0739881$ & $-0.00779621$ & $-0.00237077$ & $-0.0880642$ & $-0.0392656$ & $0.0680854$ & $-0.120179$ & $-0.37921$ & $0.0101012$ & $0.106308$ & $0.0297876$ & $0.0131669$ & $0.0500963$ & $0.00657743$ & $-0.0166314$ & $0.0119162$ & $-0.0580779$ & $-0.0360316$ & $0.0103088$ & $-0.0293883$ & $-0.0142834$ & $0.0140667$ & $-0.00439163$ \\
CHe_11 & $-0.0266629$ & $0.0521997$ & $0.0759193$ & $-0.0514114$ & $0.0214514$ & $-0.165732$ & $-0.0845674$ & $0.860067$ & $0.8426$ & $-0.36734$ & $-0.99146$ & $-0.175465$ & $0.168726$ & $0.513016$ & $0.497126$ & $0.468211$ & $0.207229$ & $-0.109702$ & $-0.0839481$ & $1$ & $0.974892$ & $0.955741$ & $-0.0115725$ & $-0.297564$ & $-0.00518565$ & $-0.545667$ & $0.297865$ & $0.305454$ & $0.0022232$ & $0.0505437$ & $0.0232731$ & $-0.0962688$ & $0.0596241$ & $0.316265$ & $-0.0145362$ & $0.148277$ & $0.0655666$ & $-0.000663992$ & $0.011914$ & $-0.0890905$ & $0.0277859$ & $0.0216252$ & $0.00732972$ & $0.0821963$ & $-0.0666712$ & $0.0431114$ & $0.00846618$ & $0.0331127$ & $0.0081804$ \\
CHe_22 & $-0.0613883$ & $0.0957542$ & $0.0969259$ & $-0.0395832$ & $0.0176206$ & $-0.171965$ & $-0.0914339$ & $0.903379$ & $0.884527$ & $-0.397908$ & $-0.991728$ & $-0.191726$ & $0.186333$ & $0.454401$ & $0.357623$ & $0.332607$ & $0.15206$ & $-0.107274$ & $-0.082874$ & $0.974892$ & $1$ & $0.976078$ & $0.035216$ & $-0.399466$ & $-0.0224961$ & $-0.554528$ & $0.438128$ & $0.316731$ & $0.000617977$ & $0.0498149$ & $0.0156164$ & $-0.103545$ & $0.0621107$ & $0.471271$ & $-0.00586351$ & $0.177567$ & $0.0455255$ & $-0.00621149$ & $-0.00680797$ & $-0.0972313$ & $0.00994143$ & $0.024134$ & $0.00926289$ & $0.112705$ & $-0.0838156$ & $0.0175714$ & $-0.00121094$ & $0.048515$ & $0.0215785$ \\
CHe_33 & $-0.0629027$ & $0.0921485$ & $0.0955075$ & $-0.0394026$ & $0.0153117$ & $-0.173037$ & $-0.0882626$ & $0.886681$ & $0.868853$ & $-0.395425$ & $-0.971672$ & $-0.190368$ & $0.182422$ & $0.440569$ & $0.352464$ & $0.350128$ & $0.14626$ & $-0.107412$ & $-0.0796862$ & $0.955741$ & $0.976078$ & $1$ & $0.0384829$ & $-0.392085$ & $-0.022878$ & $-0.543698$ & $0.431312$ & $0.308493$ & $-0.00121069$ & $0.0505653$ & $0.0141193$ & $-0.099962$ & $0.0606795$ & $0.464078$ & $-0.0124811$ & $0.175578$ & $0.0458233$ & $-0.000734495$ & $-0.0106766$ & $-0.0971383$ & $0.00621431$ & $0.0239541$ & $0.012838$ & $0.106678$ & $-0.0774842$ & $0.0161792$ & $-0.0019048$ & $0.0436539$ & $0.0215331$ \\
CHQ1_11 & $-0.0647612$ & $0.00729272$ & $0.0455722$ & $0.0239261$ & $-0.00580792$ & $-0.00810686$ & $0.0254889$ & $0.0799398$ & $0.0843274$ & $-0.053185$ & $-0.0110004$ & $0.0263088$ & $0.0635791$ & $-0.115349$ & $-0.154481$ & $-0.123075$ & $-0.101728$ & $-0.035852$ & $-0.0550142$ & $-0.0115725$ & $0.035216$ & $0.0384829$ & $1$ & $-0.151294$ & $0.036302$ & $-0.678444$ & $0.320202$ & $0.0211075$ & $0.000488497$ & $0.0034803$ & $-0.00119011$ & $0.0250232$ & $0.0131542$ & $0.201434$ & $0.0128134$ & $0.033403$ & $-0.032022$ & $0.0264469$ & $-0.0527808$ & $0.00332097$ & $-0.0628309$ & $-0.0134487$ & $0.0337761$ & $0.0286427$ & $-0.00154639$ & $-0.0671648$ & $-0.0398005$ & $0.0374751$ & $-0.0119079$ \\
CHQ1_33 & $0.000837115$ & $-0.110139$ & $-0.0401911$ & $-0.0446824$ & $0.0177956$ & $-0.000624245$ & $0.124343$ & $-0.693337$ & $-0.686346$ & $0.572093$ & $0.347155$ & $-0.0702054$ & $-0.402954$ & $0.457847$ & $0.0835255$ & $0.0738252$ & $0.676462$ & $0.638485$ & $0.636342$ & $-0.297564$ & $-0.399466$ & $-0.392085$ & $-0.151294$ & $1$ & $0.639464$ & $0.22541$ & $-0.455941$ & $-0.022706$ & $0.00236655$ & $-0.101826$ & $-0.016698$ & $0.119517$ & $-0.126603$ & $-0.645686$ & $-0.029114$ & $-0.0275617$ & $0.0321803$ & $-0.00489505$ & $0.075661$ & $0.0547936$ & $0.0156729$ & $0.0134147$ & $-0.0406476$ & $-0.114846$ & $0.0568433$ & $0.010115$ & $0.0135411$ & $-0.0556832$ & $-0.0268665$ \\
CHQ3_11 & $-0.177888$ & $0.0701846$ & $0.094205$ & $-0.046128$ & $0.00947524$ & $-0.0957584$ & $0.0804183$ & $-0.386953$ & $-0.391394$ & $0.47146$ & $0.0141914$ & $-0.187497$ & $-0.384104$ & $0.605112$ & $-0.100448$ & $-0.10945$ & $0.788364$ & $0.786312$ & $0.785247$ & $-0.00518565$ & $-0.0224961$ & $-0.022878$ & $0.036302$ & $0.639464$ & $1$ & $0.0349275$ & $0.168434$ & $0.00573229$ & $-0.0113683$ & $-0.110191$ & $-0.0396964$ & $0.0641008$ & $-0.13165$ & $-0.220327$ & $0.00980663$ & $0.142107$ & $-0.0361467$ & $-0.0232331$ & $0.0309072$ & $-0.0135888$ & $-0.0471846$ & $0.0285396$ & $-0.0634129$ & $0.0288168$ & $-0.0339245$ & $-0.0885278$ & $-0.0185388$ & $-0.00367468$ & $0.0296363$ \\
CHu_11 & $-0.0163952$ & $0.0576055$ & $-0.0298264$ & $0.0398141$ & $-0.0227985$ & $0.101125$ & $0.0260111$ & $-0.508807$ & $-0.503897$ & $0.207487$ & $0.55525$ & $0.0647695$ & $-0.134185$ & $-0.244904$ & $-0.21449$ & $-0.21846$ & $-0.0807403$ & $0.0724044$ & $0.0725196$ & $-0.545667$ & $-0.554528$ & $-0.543698$ & $-0.678444$ & $0.22541$ & $0.0349275$ & $1$ & $-0.190594$ & $-0.184067$ & $0.00623905$ & $-0.0481067$ & $-0.0166679$ & $0.0300997$ & $-0.0541457$ & $-0.256317$ & $0.00981026$ & $-0.0647494$ & $-0.0536919$ & $-0.0317652$ & $0.0115217$ & $0.0258986$ & $0.000382611$ & $0.00919512$ & $-0.0311734$ & $-0.000146832$ & $0.00506844$ & $-0.0186687$ & $0.0164627$ & $-0.0376579$ & $0.0421017$ \\
CHd_11 & $-0.245187$ & $0.293843$ & $0.169684$ & $0.0443548$ & $-0.0314976$ & $-0.078161$ & $-0.0722085$ & $0.494393$ & $0.482617$ & $-0.282579$ & $-0.363098$ & $-0.0883409$ & $0.146624$ & $-0.0991701$ & $-0.317756$ & $-0.309215$ & $-0.18183$ & $-0.0764205$ & $-0.0739881$ & $0.297865$ & $0.438128$ & $0.431312$ & $0.320202$ & $-0.455941$ & $0.168434$ & $-0.190594$ & $1$ & $0.132188$ & $0.0129535$ & $-0.000514271$ & $-0.0109071$ & $-0.0852544$ & $0.0236505$ & $0.693355$ & $0.0590599$ & $0.234401$ & $-0.112613$ & $-0.0290836$ & $-0.067378$ & $-0.0850468$ & $-0.0923663$ & $0.0347278$ & $0.00941403$ & $0.246108$ & $-0.161321$ & $-0.143892$ & $-0.0416975$ & $0.0811345$ & $0.101714$ \\
CHd_33 & $-0.0351927$ & $0.0257079$ & $0.0539657$ & $-0.0198007$ & $0.0212552$ & $-0.0409107$ & $-0.0462589$ & $0.280701$ & $0.272769$ & $-0.10774$ & $-0.312089$ & $-0.0377424$ & $0.0752885$ & $0.15594$ & $0.0955756$ & $0.0894303$ & $0.056298$ & $-0.0148946$ & $-0.00779621$ & $0.305454$ & $0.316731$ & $0.308493$ & $0.0211075$ & $-0.022706$ & $0.00573229$ & $-0.184067$ & $0.132188$ & $1$ & $0.00756823$ & $0.0113099$ & $0.0136657$ & $-0.0487511$ & $0.0202948$ & $0.157754$ & $-0.0230586$ & $0.101303$ & $0.0352709$ & $0.0189395$ & $0.0291177$ & $-0.0591331$ & $0.00586668$ & $0.0417458$ & $-0.00522385$ & $0.0125661$ & $-0.0364768$ & $0.00563215$ & $-0.000633503$ & $0.0216339$ & $-0.0206625$ \\
CeH_22r & $0.00121278$ & $-0.010324$ & $-0.0315469$ & $0.0119638$ & $-0.017149$ & $0.00421422$ & $0.0339637$ & $0.00863774$ & $0.0141939$ & $0.00660828$ & $-0.00170254$ & $0.0504026$ & $0.0293886$ & $-0.0181855$ & $0.0297288$ & $-0.0127877$ & $-0.013259$ & $-0.0369404$ & $-0.00237077$ & $0.0022232$ & $0.000617977$ & $-0.00121069$ & $0.000488497$ & $0.00236655$ & $-0.0113683$ & $0.00623905$ & $0.0129535$ & $0.00756823$ & $1$ & $0.0512804$ & $0.0275501$ & $0.0256017$ & $0.0475611$ & $-0.0181831$ & $-0.00301569$ & $2.20344e-07$ & $-0.0488732$ & $-0.0161653$ & $-0.0769883$ & $0.0336824$ & $-0.0548567$ & $-0.0233369$ & $0.00815583$ & $-0.053923$ & $0.0207067$ & $0.00354538$ & $-0.0021529$ & $0.0049882$ & $0.00510393$ \\
CeH_33r & $0.0168769$ & $0.0246163$ & $0.015358$ & $-0.0179617$ & $0.0221216$ & $0.0030452$ & $-0.0767573$ & $0.0870623$ & $0.111253$ & $-0.12221$ & $-0.0492399$ & $0.283926$ & $0.252741$ & $-0.0411703$ & $0.0298563$ & $0.0220549$ & $-0.0933404$ & $-0.0951582$ & $-0.0880642$ & $0.0505437$ & $0.0498149$ & $0.0505653$ & $0.0034803$ & $-0.101826$ & $-0.110191$ & $-0.0481067$ & $-0.000514271$ & $0.0113099$ & $0.0512804$ & $1$ & $0.298669$ & $0.053093$ & $0.71726$ & $0.039993$ & $-0.107472$ & $-0.0330372$ & $-0.116317$ & $-0.0251343$ & $-0.0630377$ & $0.0294499$ & $-0.0168737$ & $-0.0183129$ & $0.041798$ & $-0.0367961$ & $0.0763608$ & $-0.0030695$ & $-0.00472002$ & $-0.0259948$ & $0.0310353$ \\
CuH_22r & $0.0940063$ & $0.00651199$ & $-0.064695$ & $0.0169552$ & $0.0266566$ & $-0.00168544$ & $0.0140989$ & $0.0284276$ & $0.0438563$ & $-0.048559$ & $-0.0191669$ & $0.0719997$ & $0.0799576$ & $-0.0164274$ & $0.0411449$ & $0.0316792$ & $-0.0226819$ & $-0.0447188$ & $-0.0392656$ & $0.0232731$ & $0.0156164$ & $0.0141193$ & $-0.00119011$ & $-0.016698$ & $-0.0396964$ & $-0.0166679$ & $-0.0109071$ & $0.0136657$ & $0.0275501$ & $0.298669$ & $1$ & $0.0904767$ & $0.362412$ & $-0.0087318$ & $0.00423629$ & $-0.0641096$ & $-0.0215391$ & $-0.0388337$ & $-0.0601472$ & $-0.00889151$ & $0.100744$ & $-0.0314935$ & $0.0298228$ & $-0.00969233$ & $0.046894$ & $0.0774574$ & $0.192799$ & $-0.122166$ & $0.0130222$ \\
CuH_33r & $-0.0357943$ & $0.0563419$ & $-0.141445$ & $0.158099$ & $-0.00223844$ & $-0.00724516$ & $0.949653$ & $-0.131957$ & $-0.0816306$ & $0.0848057$ & $0.0995314$ & $-0.0825729$ & $-0.252184$ & $0.0142769$ & $-0.0214016$ & $-0.00393045$ & $0.0776291$ & $0.0816766$ & $0.0680854$ & $-0.0962688$ & $-0.103545$ & $-0.099962$ & $0.0250232$ & $0.119517$ & $0.0641008$ & $0.0300997$ & $-0.0852544$ & $-0.0487511$ & $0.0256017$ & $0.053093$ & $0.0904767$ & $1$ & $0.057202$ & $-0.0830436$ & $-0.00192206$ & $-0.109753$ & $-0.105349$ & $0.0112982$ & $-0.148677$ & $0.0129668$ & $-0.0119864$ & $-0.0155588$ & $-0.0260108$ & $0.103578$ & $0.108145$ & $0.000288359$ & $0.124362$ & $-0.130631$ & $0.117385$ \\
CdH_33r & $-0.0288826$ & $0.0975446$ & $-0.029531$ & $0.000100102$ & $0.0132353$ & $0.00982865$ & $-0.120885$ & $0.111622$ & $0.136992$ & $-0.152991$ & $-0.0593531$ & $0.364103$ & $0.332825$ & $-0.0605707$ & $0.0292933$ & $0.026824$ & $-0.123299$ & $-0.122773$ & $-0.120179$ & $0.0596241$ & $0.0621107$ & $0.0606795$ & $0.0131542$ & $-0.126603$ & $-0.13165$ & $-0.0541457$ & $0.0236505$ & $0.0202948$ & $0.0475611$ & $0.71726$ & $0.362412$ & $0.057202$ & $1$ & $0.0630818$ & $-0.105211$ & $-0.034146$ & $-0.186186$ & $-0.0544565$ & $-0.0692891$ & $0.0373705$ & $-0.0362249$ & $-0.0216063$ & $0.0163577$ & $0.0342406$ & $0.0416677$ & $-0.0631145$ & $-0.0505207$ & $0.0543$ & $0.200917$ \\
CLL_1221 & $-0.134683$ & $0.212046$ & $0.0883603$ & $0.0581816$ & $-0.0132367$ & $-0.119288$ & $-0.0815207$ & $0.583222$ & $0.573381$ & $-0.367235$ & $-0.388982$ & $-0.0612312$ & $0.219066$ & $-0.227601$ & $-0.561183$ & $-0.0681197$ & $-0.273587$ & $-0.0117532$ & $-0.37921$ & $0.316265$ & $0.471271$ & $0.464078$ & $0.201434$ & $-0.645686$ & $-0.220327$ & $-0.256317$ & $0.693355$ & $0.157754$ & $-0.0181831$ & $0.039993$ & $-0.0087318$ & $-0.0830436$ & $0.0630818$ & $1$ & $0.0229824$ & $0.13054$ & $-0.08656$ & $-0.0428147$ & $-0.090869$ & $-0.0587922$ & $-0.0525088$ & $0.0211264$ & $0.029173$ & $0.172381$ & $-0.0959226$ & $-0.0930606$ & $-0.0291611$ & $0.0610292$ & $0.0680965$ \\
eHggint & $-0.00856002$ & $-0.0489371$ & $-0.114298$ & $-0.296736$ & $-0.00988596$ & $0.00639907$ & $-0.0187914$ & $0.0056654$ & $-0.0138389$ & $-0.0309147$ & $0.00912681$ & $-0.0242196$ & $-0.00624482$ & $-0.0310108$ & $-0.0216876$ & $-0.0638435$ & $-0.0225135$ & $-0.0166178$ & $0.0101012$ & $-0.0145362$ & $-0.00586351$ & $-0.0124811$ & $0.0128134$ & $-0.029114$ & $0.00980663$ & $0.00981026$ & $0.0590599$ & $-0.0230586$ & $-0.00301569$ & $-0.107472$ & $0.00423629$ & $-0.00192206$ & $-0.105211$ & $0.0229824$ & $1$ & $-0.114225$ & $0.262644$ & $-0.0191122$ & $0.362511$ & $-0.0459378$ & $0.141534$ & $-0.092066$ & $-0.261031$ & $0.446949$ & $-0.56107$ & $-0.0342571$ & $0.175286$ & $0.119904$ & $-0.186461$ \\
eHggpar & $-0.284932$ & $0.213621$ & $0.32122$ & $-0.282097$ & $-0.0061475$ & $-0.0331182$ & $-0.108307$ & $0.130886$ & $0.105716$ & $0.00675118$ & $-0.16103$ & $-0.00805471$ & $-0.00437047$ & $0.106998$ & $-0.018806$ & $-0.0863073$ & $0.0758427$ & $0.0579664$ & $0.106308$ & $0.148277$ & $0.177567$ & $0.175578$ & $0.033403$ & $-0.0275617$ & $0.142107$ & $-0.0647494$ & $0.234401$ & $0.101303$ & $2.20344e-07$ & $-0.0330372$ & $-0.0641096$ & $-0.109753$ & $-0.034146$ & $0.13054$ & $-0.114225$ & $1$ & $0.303997$ & $0.0804492$ & $0.45886$ & $-0.0917435$ & $0.0347029$ & $0.214271$ & $-0.406122$ & $-0.189622$ & $-0.124798$ & $-0.094335$ & $-0.121383$ & $0.226171$ & $0.0686235$ \\
eHWWint & $0.25243$ & $-0.239095$ & $-0.140449$ & $-0.010914$ & $0.010446$ & $-0.0416563$ & $-0.0929048$ & $0.0274061$ & $0.0153522$ & $-0.0316406$ & $-0.0612156$ & $-0.0396952$ & $0.00287558$ & $0.0710036$ & $0.128688$ & $0.0575853$ & $0.0560052$ & $-0.0216143$ & $0.0297876$ & $0.0655666$ & $0.0455255$ & $0.0458233$ & $-0.032022$ & $0.0321803$ & $-0.0361467$ & $-0.0536919$ & $-0.112613$ & $0.0352709$ & $-0.0488732$ & $-0.116317$ & $-0.0215391$ & $-0.105349$ & $-0.186186$ & $-0.08656$ & $0.262644$ & $0.303997$ & $1$ & $0.207401$ & $0.308987$ & $-0.139329$ & $0.363689$ & $0.115343$ & $-0.00847183$ & $0.00921405$ & $-0.257929$ & $0.33415$ & $0.155543$ & $0.113262$ & $-0.402748$ \\
eHWWpar & $0.203335$ & $-0.177663$ & $-0.02636$ & $-0.00593658$ & $0.0263009$ & $0.0282613$ & $0.0244537$ & $-0.000799483$ & $0.00369525$ & $-0.017305$ & $0.00216908$ & $-0.00832925$ & $-0.00696153$ & $0.00569856$ & $0.0382259$ & $-0.0098437$ & $-0.0132996$ & $-0.0280612$ & $0.0131669$ & $-0.000663992$ & $-0.00621149$ & $-0.000734495$ & $0.0264469$ & $-0.00489505$ & $-0.0232331$ & $-0.0317652$ & $-0.0290836$ & $0.0189395$ & $-0.0161653$ & $-0.0251343$ & $-0.0388337$ & $0.0112982$ & $-0.0544565$ & $-0.0428147$ & $-0.0191122$ & $0.0804492$ & $0.207401$ & $1$ & $0.0110405$ & $0.00415356$ & $0.0563409$ & $-0.0204951$ & $0.109972$ & $-0.135923$ & $0.00489029$ & $0.130901$ & $-0.0318963$ & $0.00914116$ & $-0.105401$ \\
eHZZint & $-0.127923$ & $-0.0291545$ & $0.1474$ & $-0.429005$ & $0.0282857$ & $0.0179248$ & $-0.158354$ & $-0.0270966$ & $-0.0553618$ & $0.0642917$ & $-0.00269019$ & $0.0548535$ & $-0.00267108$ & $0.0487185$ & $0.078414$ & $0.0134294$ & $0.0489207$ & $0.00664509$ & $0.0500963$ & $0.011914$ & $-0.00680797$ & $-0.0106766$ & $-0.0527808$ & $0.075661$ & $0.0309072$ & $0.0115217$ & $-0.067378$ & $0.0291177$ & $-0.0769883$ & $-0.0630377$ & $-0.0601472$ & $-0.148677$ & $-0.0692891$ & $-0.090869$ & $0.362511$ & $0.45886$ & $0.308987$ & $0.0110405$ & $1$ & $-0.0389535$ & $0.265157$ & $0.194182$ & $-0.354304$ & $0.187668$ & $-0.399098$ & $-0.184724$ & $0.0311823$ & $0.192162$ & $-0.115803$ \\
eHZZpar & $-0.0153624$ & $-0.0305288$ & $-0.120974$ & $0.132747$ & $0.0237892$ & $0.0392129$ & $0.0169198$ & $-0.0926216$ & $-0.0807777$ & $0.047284$ & $0.0947924$ & $0.0597095$ & $0.019442$ & $-0.0317746$ & $-0.0259562$ & $-0.00891619$ & $-0.00840944$ & $0.0197668$ & $0.00657743$ & $-0.0890905$ & $-0.0972313$ & $-0.0971383$ & $0.00332097$ & $0.0547936$ & $-0.0135888$ & $0.0258986$ & $-0.0850468$ & $-0.0591331$ & $0.0336824$ & $0.0294499$ & $-0.00889151$ & $0.0129668$ & $0.0373705$ & $-0.0587922$ & $-0.0459378$ & $-0.0917435$ & $-0.139329$ & $0.00415356$ & $-0.0389535$ & $1$ & $-0.0473652$ & $-0.0357484$ & $0.0519291$ & $-0.106738$ & $0.134734$ & $-0.120814$ & $-0.0115167$ & $-0.0181575$ & $0.0418753$ \\
eHZgaint & $0.449339$ & $0.120776$ & $-0.367622$ & $0.164061$ & $0.0184514$ & $-0.0472435$ & $-0.0164455$ & $0.00257749$ & $0.00397903$ & $-0.0283506$ & $-0.0217988$ & $-0.015058$ & $-0.00596761$ & $0.0287461$ & $0.0696924$ & $0.0689809$ & $0.0207864$ & $-0.0130289$ & $-0.0166314$ & $0.0277859$ & $0.00994143$ & $0.00621431$ & $-0.0628309$ & $0.0156729$ & $-0.0471846$ & $0.000382611$ & $-0.0923663$ & $0.00586668$ & $-0.0548567$ & $-0.0168737$ & $0.100744$ & $-0.0119864$ & $-0.0362249$ & $-0.0525088$ & $0.141534$ & $0.0347029$ & $0.363689$ & $0.0563409$ & $0.265157$ & $-0.0473652$ & $1$ & $0.102553$ & $0.119348$ & $0.216324$ & $-0.0219592$ & $0.320407$ & $0.606522$ & $-0.235393$ & $-0.0648069$ \\
eHZgapar & $-0.0920967$ & $0.0708439$ & $-0.00886113$ & $0.00176807$ & $-0.0136755$ & $-0.0165884$ & $-0.0102311$ & $0.0150773$ & $0.00862166$ & $0.00914386$ & $-0.0233734$ & $0.00942881$ & $-0.0269156$ & $0.00244371$ & $0.00214036$ & $-0.00345249$ & $0.0298427$ & $0.0116637$ & $0.0119162$ & $0.0216252$ & $0.024134$ & $0.0239541$ & $-0.0134487$ & $0.0134147$ & $0.0285396$ & $0.00919512$ & $0.0347278$ & $0.0417458$ & $-0.0233369$ & $-0.0183129$ & $-0.0314935$ & $-0.0155588$ & $-0.0216063$ & $0.0211264$ & $-0.092066$ & $0.214271$ & $0.115343$ & $-0.0204951$ & $0.194182$ & $-0.0357484$ & $0.102553$ & $1$ & $-0.158517$ & $0.0815568$ & $-0.183418$ & $-0.00263235$ & $0.0748605$ & $-0.0258901$ & $0.0558741$ \\
eHgagaint & $0.462049$ & $-0.217234$ & $-0.0861665$ & $0.266761$ & $0.0142191$ & $-0.0502808$ & $-0.0120479$ & $0.0315507$ & $0.064133$ & $-0.106149$ & $-0.0109403$ & $-0.0628494$ & $0.043054$ & $-0.0247713$ & $-0.0113386$ & $0.0330393$ & $-0.0466048$ & $-0.0305498$ & $-0.0580779$ & $0.00732972$ & $0.00926289$ & $0.012838$ & $0.0337761$ & $-0.0406476$ & $-0.0634129$ & $-0.0311734$ & $0.00941403$ & $-0.00522385$ & $0.00815583$ & $0.041798$ & $0.0298228$ & $-0.0260108$ & $0.0163577$ & $0.029173$ & $-0.261031$ & $-0.406122$ & $-0.00847183$ & $0.109972$ & $-0.354304$ & $0.0519291$ & $0.119348$ & $-0.158517$ & $1$ & $-0.100336$ & $0.245373$ & $0.270805$ & $0.0259964$ & $-0.223426$ & $-0.164626$ \\
eHmumuint & $-0.245532$ & $0.40499$ & $-0.194388$ & $-0.0867287$ & $-0.0233881$ & $-0.0328627$ & $0.0888145$ & $0.129421$ & $0.125149$ & $-0.101735$ & $-0.0940297$ & $-0.0431927$ & $0.010374$ & $-0.0509967$ & $-0.0567318$ & $-0.0683279$ & $-0.0456342$ & $-0.0452838$ & $-0.0360316$ & $0.0821963$ & $0.112705$ & $0.106678$ & $0.0286427$ & $-0.114846$ & $0.0288168$ & $-0.000146832$ & $0.246108$ & $0.0125661$ & $-0.053923$ & $-0.0367961$ & $-0.00969233$ & $0.103578$ & $0.0342406$ & $0.172381$ & $0.446949$ & $-0.189622$ & $0.00921405$ & $-0.135923$ & $0.187668$ & $-0.106738$ & $0.216324$ & $0.0815568$ & $-0.100336$ & $1$ & $-0.640523$ & $-0.0484441$ & $0.115781$ & $0.00143645$ & $0.283472$ \\
eHtautauint & $0.296947$ & $-0.140532$ & $0.0156701$ & $0.507312$ & $0.0188066$ & $-0.0151261$ & $0.117542$ & $-0.0920448$ & $-0.0718341$ & $0.0531007$ & $0.0737765$ & $0.00753532$ & $-0.0124519$ & $0.017486$ & $0.0139786$ & $0.0466305$ & $0.0221998$ & $0.0339909$ & $0.0103088$ & $-0.0666712$ & $-0.0838156$ & $-0.0774842$ & $-0.00154639$ & $0.0568433$ & $-0.0339245$ & $0.00506844$ & $-0.161321$ & $-0.0364768$ & $0.0207067$ & $0.0763608$ & $0.046894$ & $0.108145$ & $0.0416677$ & $-0.0959226$ & $-0.56107$ & $-0.124798$ & $-0.257929$ & $0.00489029$ & $-0.399098$ & $0.134734$ & $-0.0219592$ & $-0.183418$ & $0.245373$ & $-0.640523$ & $1$ & $0.00455677$ & $0.0329641$ & $0.00998252$ & $-0.0644689$ \\
eHccint & $0.606558$ & $-0.350983$ & $-0.354647$ & $0.0625761$ & $0.0338493$ & $-0.00479416$ & $0.00350967$ & $0.0184099$ & $0.0268045$ & $-0.0389478$ & $-0.03655$ & $-0.0221088$ & $0.0364321$ & $0.0417231$ & $0.116994$ & $0.0979309$ & $0.009715$ & $-0.0422169$ & $-0.0293883$ & $0.0431114$ & $0.0175714$ & $0.0161792$ & $-0.0671648$ & $0.010115$ & $-0.0885278$ & $-0.0186687$ & $-0.143892$ & $0.00563215$ & $0.00354538$ & $-0.0030695$ & $0.0774574$ & $0.000288359$ & $-0.0631145$ & $-0.0930606$ & $-0.0342571$ & $-0.094335$ & $0.33415$ & $0.130901$ & $-0.184724$ & $-0.120814$ & $0.320407$ & $-0.00263235$ & $0.270805$ & $-0.0484441$ & $0.00455677$ & $1$ & $0.330719$ & $-0.192015$ & $-0.316696$ \\
eHccpar & $0.265654$ & $0.0953098$ & $-0.300863$ & $0.220524$ & $0.0293729$ & $-0.0592139$ & $0.121859$ & $-0.00401094$ & $0.00401486$ & $-0.0317215$ & $-0.00622412$ & $-0.0499154$ & $-0.0638304$ & $0.00455526$ & $0.0413398$ & $0.0436452$ & $0.0189329$ & $-0.00955697$ & $-0.0142834$ & $0.00846618$ & $-0.00121094$ & $-0.0019048$ & $-0.0398005$ & $0.0135411$ & $-0.0185388$ & $0.0164627$ & $-0.0416975$ & $-0.000633503$ & $-0.0021529$ & $-0.00472002$ & $0.192799$ & $0.124362$ & $-0.0505207$ & $-0.0291611$ & $0.175286$ & $-0.121383$ & $0.155543$ & $-0.0318963$ & $0.0311823$ & $-0.0115167$ & $0.606522$ & $0.0748605$ & $0.0259964$ & $0.115781$ & $0.0329641$ & $0.330719$ & $1$ & $-0.622735$ & $-0.0449943$ \\
eHbbint & $-0.0526518$ & $-0.0450676$ & $0.0407729$ & $-0.022287$ & $-0.0276419$ & $0.0405387$ & $-0.135837$ & $0.0544596$ & $0.0341947$ & $-0.0176891$ & $-0.0392158$ & $0.0290893$ & $0.0821218$ & $-0.00827429$ & $-0.0251584$ & $-0.0690676$ & $-0.0266429$ & $-0.0178822$ & $0.0140667$ & $0.0331127$ & $0.048515$ & $0.0436539$ & $0.0374751$ & $-0.0556832$ & $-0.00367468$ & $-0.0376579$ & $0.0811345$ & $0.0216339$ & $0.0049882$ & $-0.0259948$ & $-0.122166$ & $-0.130631$ & $0.0543$ & $0.0610292$ & $0.119904$ & $0.226171$ & $0.113262$ & $0.00914116$ & $0.192162$ & $-0.0181575$ & $-0.235393$ & $-0.0258901$ & $-0.223426$ & $0.00143645$ & $0.00998252$ & $-0.192015$ & $-0.622735$ & $1$ & $0.0967692$ \\
eHbbpar & $-0.307702$ & $0.467305$ & $-0.141547$ & $0.1254$ & $-0.0276591$ & $-0.0408243$ & $0.108966$ & $0.0238735$ & $0.0272171$ & $-0.0135408$ & $-0.0106458$ & $-0.0164887$ & $-0.0626524$ & $-0.0410996$ & $-0.0364756$ & $-0.0426156$ & $-0.00771964$ & $-0.00989816$ & $-0.00439163$ & $0.0081804$ & $0.0215785$ & $0.0215331$ & $-0.0119079$ & $-0.0268665$ & $0.0296363$ & $0.0421017$ & $0.101714$ & $-0.0206625$ & $0.00510393$ & $0.0310353$ & $0.0130222$ & $0.117385$ & $0.200917$ & $0.0680965$ & $-0.186461$ & $0.0686235$ & $-0.402748$ & $-0.105401$ & $-0.115803$ & $0.0418753$ & $-0.0648069$ & $0.0558741$ & $-0.164626$ & $0.283472$ & $-0.0644689$ & $-0.316696$ & $-0.0449943$ & $0.0967692$ & $1$ \\
