 & AlsMz & dAle5Mz & mtop & mHl & Mz & CW & CHG & CHWB & CHWHB_gaga & CHWHB_gagaorth & CHD & CHbox & CH & CHL1_11 & CHL1_22 & CHL1_33 & CHL3_11 & CHL3_22 & CHL3_33 & CHe_11 & CHe_22 & CHe_33 & CHQ1_11 & CHQ1_33 & CHQ3_11 & CHu_11 & CHd_11 & CHd_33 & CeH_22r & CeH_33r & CuH_22r & CuH_33r & CdH_33r & CLL_1221 & eHggint & eHggpar & eHWWint & eHWWpar & eHZZint & eHZZpar & eHZgaint & eHZgapar & eHgagaint & eHmumuint & eHtautauint & eHccint & eHccpar & eHbbint & eHbbpar \\
AlsMz & $1$ & $0.0662118$ & $0.12286$ & $-0.0123181$ & $-0.000311151$ & $-0.01181$ & $-0.00550071$ & $-0.0142034$ & $-0.0196782$ & $0.0255324$ & $-0.00433642$ & $0.0142427$ & $-0.0208397$ & $0.0217587$ & $-0.00583631$ & $-0.0161761$ & $0.0239613$ & $0.0261269$ & $0.0362202$ & $-0.000430889$ & $0.000446506$ & $0.000388574$ & $0.00163587$ & $-0.023411$ & $-0.0548417$ & $-0.0248259$ & $-0.0158893$ & $0.00694921$ & $-0.0106764$ & $0.0229401$ & $0.0412214$ & $0.00619184$ & $0.0396828$ & $-0.00546249$ & $0.166864$ & $-0.129402$ & $-0.248667$ & $-0.00257202$ & $-0.181129$ & $0.0124387$ & $0.0213828$ & $-0.0234035$ & $-0.0868202$ & $0.0574584$ & $-0.123603$ & $-0.0282668$ & $0.0728358$ & $0.173151$ & $-0.0276932$ \\
dAle5Mz & $0.0662118$ & $1$ & $0.110242$ & $0.0354793$ & $-0.0157135$ & $0.00379831$ & $-0.00164041$ & $-0.0648751$ & $-0.078055$ & $0.0482092$ & $0.0494815$ & $0.0495235$ & $-0.00277702$ & $-0.0207122$ & $-0.016003$ & $-0.00923287$ & $0.0228047$ & $0.0168091$ & $0.0120642$ & $-0.0307307$ & $-0.0292153$ & $-0.0256133$ & $-0.0118158$ & $0.0161274$ & $0.0167594$ & $0.0272087$ & $-0.000970315$ & $-0.00444253$ & $-0.00652036$ & $-0.00749623$ & $-0.0376328$ & $0.0173601$ & $-0.0484688$ & $0.0183358$ & $0.272708$ & $0.15269$ & $0.201941$ & $0.0159618$ & $0.0153076$ & $-0.0617934$ & $0.1075$ & $0.0100682$ & $-0.196734$ & $0.252714$ & $0.351005$ & $0.192844$ & $-0.133563$ & $0.297682$ & $-0.131397$ \\
mtop & $0.12286$ & $0.110242$ & $1$ & $0.215352$ & $-0.0162205$ & $0.000211016$ & $-0.0139162$ & $-0.029721$ & $-0.0296459$ & $0.0341389$ & $0.0332745$ & $0.0356598$ & $-0.0142293$ & $-0.0115496$ & $-0.0203339$ & $-0.0293629$ & $0.00360112$ & $0.0120583$ & $0.0190683$ & $-0.0268633$ & $-0.0244782$ & $-0.0232699$ & $0.00225431$ & $0.00959313$ & $0.00862249$ & $0.0161103$ & $0.00889872$ & $-0.00395675$ & $-0.00259239$ & $-0.0147168$ & $-0.0246643$ & $0.00480349$ & $-0.0152564$ & $-0.000991714$ & $0.313228$ & $-0.00389271$ & $-0.0664679$ & $0.00697409$ & $-0.0333853$ & $-0.0574677$ & $0.303117$ & $-0.0158002$ & $0.0493286$ & $0.000630211$ & $-0.0257865$ & $0.0274096$ & $-0.10691$ & $0.104261$ & $-0.0337815$ \\
mHl & $-0.0123181$ & $0.0354793$ & $0.215352$ & $1$ & $0.00474739$ & $-0.00280529$ & $-0.0404301$ & $-0.00825099$ & $-0.0118062$ & $0.0092567$ & $0.010273$ & $0.00883666$ & $0.009679$ & $-0.0122253$ & $-0.0177784$ & $-0.0134968$ & $0.0067688$ & $0.00978178$ & $0.00611529$ & $-0.00976418$ & $-0.0063942$ & $-0.00491686$ & $0.00561729$ & $0.000464752$ & $0.0167492$ & $0.00546273$ & $0.0210887$ & $-0.00114957$ & $-0.00330423$ & $-0.011189$ & $-0.0554152$ & $-0.0375405$ & $-0.0460113$ & $0.0146851$ & $0.10606$ & $0.136871$ & $0.0299363$ & $0.0291451$ & $-0.123031$ & $-0.0446513$ & $0.163782$ & $-0.0384227$ & $0.0144984$ & $-0.0493348$ & $0.148207$ & $-0.0556842$ & $-0.174493$ & $0.0651451$ & $-0.0895731$ \\
Mz & $-0.000311151$ & $-0.0157135$ & $-0.0162205$ & $0.00474739$ & $1$ & $-0.00497584$ & $0.0170672$ & $0.00460466$ & $0.00605699$ & $0.00436647$ & $0.00103141$ & $0.0066219$ & $-0.00378892$ & $0.00562299$ & $0.00431097$ & $0.00563289$ & $0.00632019$ & $0.000636688$ & $0.000979338$ & $0.00588964$ & $0.00742119$ & $0.00892475$ & $-0.00281232$ & $-0.000283263$ & $0.00259266$ & $-0.00503787$ & $0.00170825$ & $0.0116665$ & $0.00603784$ & $0.00580513$ & $-0.00237884$ & $0.0160973$ & $-0.000657659$ & $-0.000952246$ & $-0.00859691$ & $-0.0100221$ & $-0.00579983$ & $0.000875287$ & $0.0141232$ & $-0.0118046$ & $-0.0123738$ & $-0.00356345$ & $-0.00110363$ & $-0.00549043$ & $-0.00974775$ & $-0.0148561$ & $0.0117597$ & $-0.0115148$ & $0.000260467$ \\
CW & $-0.01181$ & $0.00379831$ & $0.000211016$ & $-0.00280529$ & $-0.00497584$ & $1$ & $0.00572454$ & $-0.132441$ & $-0.129971$ & $0.0109773$ & $0.189313$ & $0.047639$ & $-6.79182e-05$ & $0.0222927$ & $-0.0763173$ & $-0.0788788$ & $-0.257796$ & $-0.0485291$ & $-0.0456903$ & $-0.185713$ & $-0.192496$ & $-0.189114$ & $-0.0222753$ & $0.00715342$ & $-0.0899656$ & $0.114524$ & $-0.0921071$ & $-0.0582016$ & $-0.00412347$ & $0.00243857$ & $-0.00617837$ & $0.00634257$ & $0.00175873$ & $-0.129589$ & $0.00450921$ & $-0.00336213$ & $-0.00478306$ & $0.00521528$ & $-0.000791597$ & $-0.00905135$ & $-0.00592478$ & $-0.0118603$ & $-0.0121434$ & $0.0103671$ & $-0.00676265$ & $-0.00312286$ & $-0.00575712$ & $-0.00421905$ & $0.00999157$ \\
CHG & $-0.00550071$ & $-0.00164041$ & $-0.0139162$ & $-0.0404301$ & $0.0170672$ & $0.00572454$ & $1$ & $-0.100996$ & $-0.0430277$ & $0.0640856$ & $0.0569219$ & $-0.13173$ & $-0.284321$ & $0.055731$ & $-0.0143375$ & $-0.023219$ & $0.0863889$ & $0.0922525$ & $0.0983027$ & $-0.0550745$ & $-0.0602881$ & $-0.0609705$ & $-0.0125303$ & $0.102068$ & $0.0924957$ & $0.0407771$ & $-0.0453123$ & $-0.0156135$ & $0.0120148$ & $-0.11616$ & $-0.0619145$ & $0.93647$ & $-0.139824$ & $-0.0686589$ & $-0.0685881$ & $-0.0464068$ & $0.0216986$ & $-0.0144238$ & $-0.00311469$ & $-0.00754017$ & $-0.0274617$ & $-0.0110083$ & $0.072826$ & $-0.024433$ & $0.0121212$ & $0.0012533$ & $-0.0032469$ & $-0.0155618$ & $0.0246603$ \\
CHWB & $-0.0142034$ & $-0.0648751$ & $-0.029721$ & $-0.00825099$ & $0.00460466$ & $-0.132441$ & $-0.100996$ & $1$ & $0.983671$ & $-0.570384$ & $-0.878487$ & $-0.116128$ & $0.330047$ & $0.102248$ & $0.297239$ & $0.298287$ & $-0.229996$ & $-0.42711$ & $-0.429725$ & $0.849463$ & $0.896417$ & $0.879048$ & $0.0795887$ & $-0.667151$ & $-0.393407$ & $-0.515977$ & $0.418301$ & $0.295071$ & $0.0201767$ & $0.106194$ & $0.0604982$ & $-0.0940326$ & $0.113681$ & $0.557104$ & $-0.00955556$ & $-0.00798197$ & $-0.028651$ & $-0.0112136$ & $0.0023963$ & $0.00464701$ & $-0.00278066$ & $-0.0013392$ & $0.00126093$ & $-0.0252048$ & $-0.0236825$ & $-0.0207171$ & $0.0131234$ & $-0.025412$ & $0.000894763$ \\
CHWHB_gaga & $-0.0196782$ & $-0.078055$ & $-0.0296459$ & $-0.0118062$ & $0.00605699$ & $-0.129971$ & $-0.0430277$ & $0.983671$ & $1$ & $-0.561896$ & $-0.861841$ & $-0.100154$ & $0.323318$ & $0.0958283$ & $0.294193$ & $0.29458$ & $-0.231083$ & $-0.425257$ & $-0.427296$ & $0.833664$ & $0.879016$ & $0.861604$ & $0.0783127$ & $-0.657563$ & $-0.39069$ & $-0.506715$ & $0.409671$ & $0.290106$ & $0.0256993$ & $0.12675$ & $0.071009$ & $-0.0461109$ & $0.132804$ & $0.545465$ & $-0.0364186$ & $-0.0219263$ & $-0.0225491$ & $-0.016404$ & $-0.00102516$ & $0.00810755$ & $-0.0108287$ & $-0.00357408$ & $0.0545471$ & $-0.0364488$ & $-0.0213342$ & $-0.0195917$ & $0.00473607$ & $-0.0317266$ & $-0.00634041$ \\
CHWHB_gagaorth & $0.0255324$ & $0.0482092$ & $0.0341389$ & $0.0092567$ & $0.00436647$ & $0.0109773$ & $0.0640856$ & $-0.570384$ & $-0.561896$ & $1$ & $0.357268$ & $0.480321$ & $-0.236145$ & $0.222405$ & $-0.127909$ & $-0.133522$ & $0.423401$ & $0.483178$ & $0.486392$ & $-0.344209$ & $-0.373109$ & $-0.367358$ & $-0.0528823$ & $0.545421$ & $0.47454$ & $0.213463$ & $-0.225913$ & $-0.123466$ & $-0.0106514$ & $-0.124241$ & $-0.0687752$ & $0.0800906$ & $-0.136874$ & $-0.342737$ & $0.0434427$ & $0.00341917$ & $0.0129738$ & $-0.000796446$ & $-0.00695237$ & $-0.0192365$ & $-0.0150212$ & $-0.0016801$ & $-0.0119933$ & $0.0172777$ & $0.0215555$ & $0.0141226$ & $0.0131518$ & $0.0370039$ & $-0.00600157$ \\
CHD & $-0.00433642$ & $0.0494815$ & $0.0332745$ & $0.010273$ & $0.00103141$ & $0.189313$ & $0.0569219$ & $-0.878487$ & $-0.861841$ & $0.357268$ & $1$ & $0.214246$ & $-0.158079$ & $-0.518365$ & $-0.425321$ & $-0.422382$ & $-0.227435$ & $0.0595895$ & $0.0626283$ & $-0.990427$ & $-0.991125$ & $-0.969818$ & $-0.0206022$ & $0.299754$ & $0.012954$ & $0.570214$ & $-0.281967$ & $-0.325266$ & $-0.00662226$ & $-0.0608806$ & $-0.0406524$ & $0.0617672$ & $-0.0666233$ & $-0.356988$ & $0.0191933$ & $0.0160624$ & $0.0173982$ & $0.0140373$ & $0.00291699$ & $-0.000665029$ & $0.0130243$ & $0.00147386$ & $-0.00106725$ & $0.0218498$ & $0.019238$ & $0.00764689$ & $-0.0137927$ & $0.01328$ & $-0.00720601$ \\
CHbox & $0.0142427$ & $0.0495235$ & $0.0356598$ & $0.00883666$ & $0.0066219$ & $0.047639$ & $-0.13173$ & $-0.116128$ & $-0.100154$ & $0.480321$ & $0.214246$ & $1$ & $0.433204$ & $-0.245561$ & $-0.0207056$ & $-0.0243136$ & $-0.210926$ & $-0.16828$ & $-0.164807$ & $-0.196509$ & $-0.21742$ & $-0.209785$ & $-0.0117603$ & $-0.0499975$ & $-0.16429$ & $0.119251$ & $-0.0874878$ & $-0.0740332$ & $0.0463003$ & $0.290358$ & $0.0786813$ & $-0.0382535$ & $0.349768$ & $-0.0822155$ & $0.0983289$ & $0.0361045$ & $-0.0300344$ & $0.00378429$ & $0.00682348$ & $-0.01279$ & $0.00875137$ & $0.000442145$ & $-0.0332102$ & $0.0144271$ & $0.00591319$ & $-0.0107792$ & $0.0168956$ & $0.0350383$ & $-0.019646$ \\
CH & $-0.0208397$ & $-0.00277702$ & $-0.0142293$ & $0.009679$ & $-0.00378892$ & $-6.79182e-05$ & $-0.284321$ & $0.330047$ & $0.323318$ & $-0.236145$ & $-0.158079$ & $0.433204$ & $1$ & $-0.229006$ & $0.0729432$ & $0.0727869$ & $-0.343993$ & $-0.369832$ & $-0.369562$ & $0.154334$ & $0.16789$ & $0.16584$ & $0.0309231$ & $-0.371847$ & $-0.356222$ & $-0.0974948$ & $0.126894$ & $0.0536629$ & $0.047506$ & $0.264992$ & $0.111587$ & $-0.233351$ & $0.331876$ & $0.198669$ & $0.0333882$ & $0.0231094$ & $-0.0308657$ & $0.00360631$ & $0.00567316$ & $0.00785893$ & $0.0180989$ & $0.00328865$ & $-0.0243471$ & $0.00205438$ & $-0.0075231$ & $-0.0132587$ & $0.00361861$ & $0.00108166$ & $-0.00772809$ \\
CHL1_11 & $0.0217587$ & $-0.0207122$ & $-0.0115496$ & $-0.0122253$ & $0.00562299$ & $0.0222927$ & $0.055731$ & $0.102248$ & $0.0958283$ & $0.222405$ & $-0.518365$ & $-0.245561$ & $-0.229006$ & $1$ & $0.285904$ & $0.275327$ & $0.664758$ & $0.594423$ & $0.595704$ & $0.537133$ & $0.47772$ & $0.463225$ & $-0.0780401$ & $0.469948$ & $0.594504$ & $-0.278338$ & $-0.111094$ & $0.157528$ & $-0.0231283$ & $-0.0576225$ & $-0.0171358$ & $0.033689$ & $-0.0548609$ & $-0.222296$ & $-0.0310496$ & $-0.0258973$ & $0.0138615$ & $-0.00634893$ & $-0.0112524$ & $-0.00429737$ & $-0.0232011$ & $-0.00543531$ & $0.0068826$ & $-0.0038183$ & $-0.0135645$ & $0.0139815$ & $0.0121169$ & $0.00301158$ & $0.0173481$ \\
CHL1_22 & $-0.00583631$ & $-0.016003$ & $-0.0203339$ & $-0.0177784$ & $0.00431097$ & $-0.0763173$ & $-0.0143375$ & $0.297239$ & $0.294193$ & $-0.127909$ & $-0.425321$ & $-0.0207056$ & $0.0729432$ & $0.285904$ & $1$ & $0.447916$ & $0.172914$ & $-0.440856$ & $-0.0237055$ & $0.49103$ & $0.341072$ & $0.329895$ & $-0.168726$ & $0.11609$ & $-0.131874$ & $-0.205893$ & $-0.403279$ & $0.108881$ & $0.00236034$ & $0.0356176$ & $0.0248388$ & $-0.0141756$ & $0.0430604$ & $-0.597692$ & $-0.014599$ & $0.00095319$ & $0.00544747$ & $-0.00156454$ & $0.000709111$ & $-0.00892862$ & $-0.0256184$ & $-0.00358608$ & $0.00370466$ & $-0.0030571$ & $-0.0116867$ & $0.00316801$ & $0.00695945$ & $-0.00660877$ & $0.0226423$ \\
CHL1_33 & $-0.0161761$ & $-0.00923287$ & $-0.0293629$ & $-0.0134968$ & $0.00563289$ & $-0.0788788$ & $-0.023219$ & $0.298287$ & $0.29458$ & $-0.133522$ & $-0.422382$ & $-0.0243136$ & $0.0727869$ & $0.275327$ & $0.447916$ & $1$ & $0.170093$ & $-0.0203138$ & $-0.431376$ & $0.487255$ & $0.341809$ & $0.359059$ & $-0.162691$ & $0.108182$ & $-0.126048$ & $-0.205028$ & $-0.385614$ & $0.100664$ & $0.00295887$ & $0.0385023$ & $0.0284466$ & $-0.0205834$ & $0.0435866$ & $-0.100435$ & $-0.0076466$ & $-0.00513457$ & $-0.00605276$ & $-0.0103318$ & $0.00207303$ & $-0.0084836$ & $-0.0220152$ & $0.0107122$ & $0.00376045$ & $-0.00514415$ & $-0.00071987$ & $0.00107847$ & $0.000521031$ & $-0.00903309$ & $0.013445$ \\
CHL3_11 & $0.0239613$ & $0.0228047$ & $0.00360112$ & $0.0067688$ & $0.00632019$ & $-0.257796$ & $0.0863889$ & $-0.229996$ & $-0.231083$ & $0.423401$ & $-0.227435$ & $-0.210926$ & $-0.343993$ & $0.664758$ & $0.172914$ & $0.170093$ & $1$ & $0.735504$ & $0.732085$ & $0.249829$ & $0.194226$ & $0.18656$ & $-0.081024$ & $0.675569$ & $0.777923$ & $-0.106128$ & $-0.15705$ & $0.061356$ & $-0.0241046$ & $-0.0918912$ & $-0.0441176$ & $0.061603$ & $-0.101159$ & $-0.248373$ & $-0.0156071$ & $-0.0123409$ & $0.0176023$ & $-0.00848731$ & $-0.00727468$ & $-0.00893042$ & $-0.0123649$ & $0.00104504$ & $0.00203738$ & $-0.00017705$ & $0.0107507$ & $0.021092$ & $-0.00130043$ & $0.021572$ & $0.00544066$ \\
CHL3_22 & $0.0261269$ & $0.0168091$ & $0.0120583$ & $0.00978178$ & $0.000636688$ & $-0.0485291$ & $0.0922525$ & $-0.42711$ & $-0.425257$ & $0.483178$ & $0.0595895$ & $-0.16828$ & $-0.369832$ & $0.594423$ & $-0.440856$ & $-0.0203138$ & $0.735504$ & $1$ & $0.671941$ & $-0.0622489$ & $-0.0546818$ & $-0.0520764$ & $-0.00219756$ & $0.616723$ & $0.795693$ & $0.0369288$ & $-0.00188694$ & $-0.0183178$ & $-0.0265178$ & $-0.108419$ & $-0.0530471$ & $0.0697549$ & $-0.116519$ & $0.0378967$ & $-0.0132027$ & $-0.018537$ & $0.0135872$ & $-0.00558195$ & $-0.00799958$ & $-0.00231121$ & $-0.000960224$ & $0.00304488$ & $0.00339097$ & $0.00157289$ & $0.0088854$ & $0.0172502$ & $-0.00195708$ & $0.0182121$ & $-0.00111989$ \\
CHL3_33 & $0.0362202$ & $0.0120642$ & $0.0190683$ & $0.00611529$ & $0.000979338$ & $-0.0456903$ & $0.0983027$ & $-0.429725$ & $-0.427296$ & $0.486392$ & $0.0626283$ & $-0.164807$ & $-0.369562$ & $0.595704$ & $-0.0237055$ & $-0.431376$ & $0.732085$ & $0.671941$ & $1$ & $-0.0655675$ & $-0.0582179$ & $-0.0563224$ & $-0.00247142$ & $0.618153$ & $0.793303$ & $0.0388495$ & $-0.00477409$ & $-0.013895$ & $-0.0265801$ & $-0.110465$ & $-0.0563244$ & $0.0742813$ & $-0.115871$ & $-0.343046$ & $-0.018183$ & $-0.0137639$ & $0.0204387$ & $0.00124788$ & $-0.0106347$ & $-0.00317926$ & $-0.0046848$ & $-0.00955997$ & $0.00423203$ & $0.00250044$ & $0.000945477$ & $0.0198576$ & $0.00207705$ & $0.0224742$ & $0.00586313$ \\
CHe_11 & $-0.000430889$ & $-0.0307307$ & $-0.0268633$ & $-0.00976418$ & $0.00588964$ & $-0.185713$ & $-0.0550745$ & $0.849463$ & $0.833664$ & $-0.344209$ & $-0.990427$ & $-0.196509$ & $0.154334$ & $0.537133$ & $0.49103$ & $0.487255$ & $0.249829$ & $-0.0622489$ & $-0.0655675$ & $1$ & $0.972459$ & $0.951971$ & $-0.00462145$ & $-0.245401$ & $-0.00785008$ & $-0.560501$ & $0.205775$ & $0.317934$ & $0.00638286$ & $0.0610587$ & $0.0404436$ & $-0.0588888$ & $0.0672678$ & $0.277397$ & $-0.0153879$ & $-0.012919$ & $-0.0122661$ & $-0.0137301$ & $-0.000314223$ & $-0.00208805$ & $-0.0113805$ & $-2.84441e-05$ & $-0.000555664$ & $-0.017829$ & $-0.0119102$ & $-0.00284683$ & $0.00960112$ & $-0.00826589$ & $0.00776926$ \\
CHe_22 & $0.000446506$ & $-0.0292153$ & $-0.0244782$ & $-0.0063942$ & $0.00742119$ & $-0.192496$ & $-0.0602881$ & $0.896417$ & $0.879016$ & $-0.373109$ & $-0.991125$ & $-0.21742$ & $0.16789$ & $0.47772$ & $0.341072$ & $0.341809$ & $0.194226$ & $-0.0546818$ & $-0.0582179$ & $0.972459$ & $1$ & $0.975278$ & $0.0486084$ & $-0.356378$ & $-0.0183329$ & $-0.571866$ & $0.363931$ & $0.328217$ & $0.00711565$ & $0.0618791$ & $0.0396425$ & $-0.0645144$ & $0.0655671$ & $0.444213$ & $-0.0115276$ & $-0.0120736$ & $-0.0133475$ & $-0.0136821$ & $-0.00182409$ & $-8.17217e-05$ & $-0.00667099$ & $-0.00163358$ & $-0.00268008$ & $-0.0173032$ & $-0.0108687$ & $-0.00384215$ & $0.0105215$ & $-0.00785491$ & $0.0010158$ \\
CHe_33 & $0.000388574$ & $-0.0256133$ & $-0.0232699$ & $-0.00491686$ & $0.00892475$ & $-0.189114$ & $-0.0609705$ & $0.879048$ & $0.861604$ & $-0.367358$ & $-0.969818$ & $-0.209785$ & $0.16584$ & $0.463225$ & $0.329895$ & $0.359059$ & $0.18656$ & $-0.0520764$ & $-0.0563224$ & $0.951971$ & $0.975278$ & $1$ & $0.0503193$ & $-0.351245$ & $-0.0183539$ & $-0.559914$ & $0.359626$ & $0.320765$ & $0.0102721$ & $0.0601971$ & $0.0387591$ & $-0.064652$ & $0.0661515$ & $0.442169$ & $-0.0073409$ & $-0.00861105$ & $-0.016267$ & $-0.0144994$ & $-0.0021465$ & $-0.00110436$ & $-0.00362081$ & $-0.00203312$ & $-0.00519491$ & $-0.0196153$ & $-0.0114867$ & $-0.0043346$ & $0.0096062$ & $-0.00505693$ & $0.00341945$ \\
CHQ1_11 & $0.00163587$ & $-0.0118158$ & $0.00225431$ & $0.00561729$ & $-0.00281232$ & $-0.0222753$ & $-0.0125303$ & $0.0795887$ & $0.0783127$ & $-0.0528823$ & $-0.0206022$ & $-0.0117603$ & $0.0309231$ & $-0.0780401$ & $-0.168726$ & $-0.162691$ & $-0.081024$ & $-0.00219756$ & $-0.00247142$ & $-0.00462145$ & $0.0486084$ & $0.0503193$ & $1$ & $-0.146371$ & $0.0733457$ & $-0.678097$ & $0.351055$ & $0.00931905$ & $0.00348369$ & $-0.000425917$ & $0.00437468$ & $-0.0157367$ & $-0.00664471$ & $0.20686$ & $-0.00123481$ & $-0.00086876$ & $0.00523731$ & $-0.000155933$ & $-0.00409729$ & $0.00602365$ & $0.00398289$ & $-0.00834231$ & $-0.00181333$ & $-0.0106067$ & $-0.0165351$ & $-0.00699642$ & $0.00939399$ & $-0.010948$ & $-0.00760125$ \\
CHQ1_33 & $-0.023411$ & $0.0161274$ & $0.00959313$ & $0.000464752$ & $-0.000283263$ & $0.00715342$ & $0.102068$ & $-0.667151$ & $-0.657563$ & $0.545421$ & $0.299754$ & $-0.0499975$ & $-0.371847$ & $0.469948$ & $0.11609$ & $0.108182$ & $0.675569$ & $0.616723$ & $0.618153$ & $-0.245401$ & $-0.356378$ & $-0.351245$ & $-0.146371$ & $1$ & $0.634963$ & $0.202288$ & $-0.424817$ & $-0.0230139$ & $-0.0240018$ & $-0.105832$ & $-0.055654$ & $0.0840812$ & $-0.110102$ & $-0.630632$ & $-0.0198448$ & $-0.00494535$ & $0.0303033$ & $0.00023312$ & $-0.00388881$ & $-0.00757102$ & $-0.0190465$ & $0.00286017$ & $0.0158741$ & $0.00553165$ & $0.0142616$ & $0.0212009$ & $-0.00575207$ & $0.014236$ & $0.017945$ \\
CHQ3_11 & $-0.0548417$ & $0.0167594$ & $0.00862249$ & $0.0167492$ & $0.00259266$ & $-0.0899656$ & $0.0924957$ & $-0.393407$ & $-0.39069$ & $0.47454$ & $0.012954$ & $-0.16429$ & $-0.356222$ & $0.594504$ & $-0.131874$ & $-0.126048$ & $0.777923$ & $0.795693$ & $0.793303$ & $-0.00785008$ & $-0.0183329$ & $-0.0183539$ & $0.0733457$ & $0.634963$ & $1$ & $0.0213854$ & $0.212259$ & $-0.00502771$ & $-0.025648$ & $-0.111178$ & $-0.0622876$ & $0.0667818$ & $-0.122197$ & $-0.18947$ & $-0.022616$ & $-0.00548574$ & $0.0407181$ & $-0.00156407$ & $0.00535219$ & $0.000575483$ & $-0.00217629$ & $-0.00783376$ & $0.012044$ & $-0.00174814$ & $0.0155252$ & $0.0142707$ & $-0.00527058$ & $0.00700843$ & $-0.00167852$ \\
CHu_11 & $-0.0248259$ & $0.0272087$ & $0.0161103$ & $0.00546273$ & $-0.00503787$ & $0.114524$ & $0.0407771$ & $-0.515977$ & $-0.506715$ & $0.213463$ & $0.570214$ & $0.119251$ & $-0.0974948$ & $-0.278338$ & $-0.205893$ & $-0.205028$ & $-0.106128$ & $0.0369288$ & $0.0388495$ & $-0.560501$ & $-0.571866$ & $-0.559914$ & $-0.678097$ & $0.202288$ & $0.0213854$ & $1$ & $-0.169772$ & $-0.182068$ & $-0.00452402$ & $-0.0382733$ & $-0.033521$ & $0.0443174$ & $-0.0363416$ & $-0.245988$ & $0.00984179$ & $0.00956091$ & $0.00785879$ & $0.0130987$ & $0.0052174$ & $0.0022675$ & $0.00985333$ & $0.00134935$ & $0.00230825$ & $0.0158469$ & $0.0185602$ & $0.00271354$ & $-0.0134036$ & $0.0114385$ & $-0.00186979$ \\
CHd_11 & $-0.0158893$ & $-0.000970315$ & $0.00889872$ & $0.0210887$ & $0.00170825$ & $-0.0921071$ & $-0.0453123$ & $0.418301$ & $0.409671$ & $-0.225913$ & $-0.281967$ & $-0.0874878$ & $0.126894$ & $-0.111094$ & $-0.403279$ & $-0.385614$ & $-0.15705$ & $-0.00188694$ & $-0.00477409$ & $0.205775$ & $0.363931$ & $0.359626$ & $0.351055$ & $-0.424817$ & $0.212259$ & $-0.169772$ & $1$ & $0.111425$ & $0.00957378$ & $0.0230399$ & $0.000253613$ & $-0.0469297$ & $0.0170219$ & $0.688142$ & $0.0142175$ & $-0.00126214$ & $-0.00675509$ & $-0.00248613$ & $9.35615e-05$ & $0.015133$ & $0.0252593$ & $-0.0142191$ & $-0.00263226$ & $-0.00972707$ & $0.000427034$ & $-0.0182411$ & $0.00258879$ & $0.00113336$ & $-0.026163$ \\
CHd_33 & $0.00694921$ & $-0.00444253$ & $-0.00395675$ & $-0.00114957$ & $0.0116665$ & $-0.0582016$ & $-0.0156135$ & $0.295071$ & $0.290106$ & $-0.123466$ & $-0.325266$ & $-0.0740332$ & $0.0536629$ & $0.157528$ & $0.108881$ & $0.100664$ & $0.061356$ & $-0.0183178$ & $-0.013895$ & $0.317934$ & $0.328217$ & $0.320765$ & $0.00931905$ & $-0.0230139$ & $-0.00502771$ & $-0.182068$ & $0.111425$ & $1$ & $-0.00404382$ & $0.0217916$ & $0.00993332$ & $-0.0187721$ & $0.0218727$ & $0.148296$ & $-0.00273472$ & $0.00496755$ & $-0.0147276$ & $0.0102913$ & $-0.0178728$ & $0.000675345$ & $0.00314801$ & $0.00651914$ & $0.00505546$ & $-0.0101271$ & $0.0034085$ & $-0.00239493$ & $-0.00464858$ & $0.00138226$ & $-0.000471629$ \\
CeH_22r & $-0.0106764$ & $-0.00652036$ & $-0.00259239$ & $-0.00330423$ & $0.00603784$ & $-0.00412347$ & $0.0120148$ & $0.0201767$ & $0.0256993$ & $-0.0106514$ & $-0.00662226$ & $0.0463003$ & $0.047506$ & $-0.0231283$ & $0.00236034$ & $0.00295887$ & $-0.0241046$ & $-0.0265178$ & $-0.0265801$ & $0.00638286$ & $0.00711565$ & $0.0102721$ & $0.00348369$ & $-0.0240018$ & $-0.025648$ & $-0.00452402$ & $0.00957378$ & $-0.00404382$ & $1$ & $0.0335531$ & $0.0221346$ & $-0.00210196$ & $0.0390835$ & $0.0149414$ & $-0.012626$ & $-0.00795602$ & $-4.75586e-05$ & $-0.00259564$ & $-0.012013$ & $0.00159255$ & $-0.0104635$ & $-0.00174247$ & $0.00783327$ & $0.00128752$ & $0.00296035$ & $0.00662224$ & $0.00223482$ & $-0.000731261$ & $0.00546428$ \\
CeH_33r & $0.0229401$ & $-0.00749623$ & $-0.0147168$ & $-0.011189$ & $0.00580513$ & $0.00243857$ & $-0.11616$ & $0.106194$ & $0.12675$ & $-0.124241$ & $-0.0608806$ & $0.290358$ & $0.264992$ & $-0.0576225$ & $0.0356176$ & $0.0385023$ & $-0.0918912$ & $-0.108419$ & $-0.110465$ & $0.0610587$ & $0.0618791$ & $0.0601971$ & $-0.000425917$ & $-0.105832$ & $-0.111178$ & $-0.0382733$ & $0.0230399$ & $0.0217916$ & $0.0335531$ & $1$ & $0.301961$ & $0.0335153$ & $0.678252$ & $0.0542216$ & $-0.0132082$ & $0.00837016$ & $-0.0838062$ & $-0.0233221$ & $0.00182161$ & $-5.89737e-05$ & $0.00233078$ & $-0.00121415$ & $0.0114422$ & $-0.025696$ & $0.0305966$ & $-0.00465317$ & $-0.0330624$ & $0.0192533$ & $-0.0128388$ \\
CuH_22r & $0.0412214$ & $-0.0376328$ & $-0.0246643$ & $-0.0554152$ & $-0.00237884$ & $-0.00617837$ & $-0.0619145$ & $0.0604982$ & $0.071009$ & $-0.0687752$ & $-0.0406524$ & $0.0786813$ & $0.111587$ & $-0.0171358$ & $0.0248388$ & $0.0284466$ & $-0.0441176$ & $-0.0530471$ & $-0.0563244$ & $0.0404436$ & $0.0396425$ & $0.0387591$ & $0.00437468$ & $-0.055654$ & $-0.0622876$ & $-0.033521$ & $0.000253613$ & $0.00993332$ & $0.0221346$ & $0.301961$ & $1$ & $0.0282106$ & $0.375238$ & $0.0237573$ & $0.0213517$ & $-0.00631405$ & $-0.00160258$ & $-0.0253674$ & $-0.0632451$ & $0.0113639$ & $-0.0610136$ & $-0.0112191$ & $-0.0264536$ & $0.00873895$ & $-0.0758038$ & $-0.00240586$ & $0.239396$ & $-0.00422109$ & $0.0126253$ \\
CuH_33r & $0.00619184$ & $0.0173601$ & $0.00480349$ & $-0.0375405$ & $0.0160973$ & $0.00634257$ & $0.93647$ & $-0.0940326$ & $-0.0461109$ & $0.0800906$ & $0.0617672$ & $-0.0382535$ & $-0.233351$ & $0.033689$ & $-0.0141756$ & $-0.0205834$ & $0.061603$ & $0.0697549$ & $0.0742813$ & $-0.0588888$ & $-0.0645144$ & $-0.064652$ & $-0.0157367$ & $0.0840812$ & $0.0667818$ & $0.0443174$ & $-0.0469297$ & $-0.0187721$ & $-0.00210196$ & $0.0335153$ & $0.0282106$ & $1$ & $0.0455032$ & $-0.0630362$ & $0.00688435$ & $-0.0147616$ & $-0.0218139$ & $-0.0190082$ & $-0.00537043$ & $-0.00865154$ & $-0.0107194$ & $-0.0105008$ & $0.0464356$ & $-0.00954832$ & $0.00129455$ & $-0.0189688$ & $0.00289891$ & $-0.0025764$ & $0.00966817$ \\
CdH_33r & $0.0396828$ & $-0.0484688$ & $-0.0152564$ & $-0.0460113$ & $-0.000657659$ & $0.00175873$ & $-0.139824$ & $0.113681$ & $0.132804$ & $-0.136874$ & $-0.0666233$ & $0.349768$ & $0.331876$ & $-0.0548609$ & $0.0430604$ & $0.0435866$ & $-0.101159$ & $-0.116519$ & $-0.115871$ & $0.0672678$ & $0.0655671$ & $0.0661515$ & $-0.00664471$ & $-0.110102$ & $-0.122197$ & $-0.0363416$ & $0.0170219$ & $0.0218727$ & $0.0390835$ & $0.678252$ & $0.375238$ & $0.0455032$ & $1$ & $0.0482635$ & $-0.0924488$ & $0.0488775$ & $-0.0880552$ & $-0.0330306$ & $-0.036563$ & $0.00835677$ & $-0.0663803$ & $-0.021389$ & $-0.0812357$ & $-0.031725$ & $-0.0366672$ & $0.00278772$ & $-0.011972$ & $0.1132$ & $0.343259$ \\
CLL_1221 & $-0.00546249$ & $0.0183358$ & $-0.000991714$ & $0.0146851$ & $-0.000952246$ & $-0.129589$ & $-0.0686589$ & $0.557104$ & $0.545465$ & $-0.342737$ & $-0.356988$ & $-0.0822155$ & $0.198669$ & $-0.222296$ & $-0.597692$ & $-0.100435$ & $-0.248373$ & $0.0378967$ & $-0.343046$ & $0.277397$ & $0.444213$ & $0.442169$ & $0.20686$ & $-0.630632$ & $-0.18947$ & $-0.245988$ & $0.688142$ & $0.148296$ & $0.0149414$ & $0.0542216$ & $0.0237573$ & $-0.0630362$ & $0.0482635$ & $1$ & $0.0219506$ & $0.00334148$ & $-0.0188715$ & $-0.00930394$ & $0.00358473$ & $0.0057837$ & $0.0278179$ & $0.00408104$ & $-0.0133484$ & $-0.00608148$ & $0.0127613$ & $-0.0105799$ & $-0.00403576$ & $0.00222256$ & $-0.0290886$ \\
eHggint & $0.166864$ & $0.272708$ & $0.313228$ & $0.10606$ & $-0.00859691$ & $0.00450921$ & $-0.0685881$ & $-0.00955556$ & $-0.0364186$ & $0.0434427$ & $0.0191933$ & $0.0983289$ & $0.0333882$ & $-0.0310496$ & $-0.014599$ & $-0.0076466$ & $-0.0156071$ & $-0.0132027$ & $-0.018183$ & $-0.0153879$ & $-0.0115276$ & $-0.0073409$ & $-0.00123481$ & $-0.0198448$ & $-0.022616$ & $0.00984179$ & $0.0142175$ & $-0.00273472$ & $-0.012626$ & $-0.0132082$ & $0.0213517$ & $0.00688435$ & $-0.0924488$ & $0.0219506$ & $1$ & $-0.0497515$ & $-0.201491$ & $0.042585$ & $-0.120343$ & $-0.0103243$ & $0.19624$ & $0.0301734$ & $-0.247308$ & $0.159621$ & $-0.051054$ & $-0.167452$ & $0.110327$ & $0.123956$ & $-0.286377$ \\
eHggpar & $-0.129402$ & $0.15269$ & $-0.00389271$ & $0.136871$ & $-0.0100221$ & $-0.00336213$ & $-0.0464068$ & $-0.00798197$ & $-0.0219263$ & $0.00341917$ & $0.0160624$ & $0.0361045$ & $0.0231094$ & $-0.0258973$ & $0.00095319$ & $-0.00513457$ & $-0.0123409$ & $-0.018537$ & $-0.0137639$ & $-0.012919$ & $-0.0120736$ & $-0.00861105$ & $-0.00086876$ & $-0.00494535$ & $-0.00548574$ & $0.00956091$ & $-0.00126214$ & $0.00496755$ & $-0.00795602$ & $0.00837016$ & $-0.00631405$ & $-0.0147616$ & $0.0488775$ & $0.00334148$ & $-0.0497515$ & $1$ & $-0.176392$ & $-0.00962394$ & $-0.00509674$ & $-0.0368195$ & $0.0238649$ & $0.013198$ & $-0.160804$ & $0.179991$ & $0.0376067$ & $-0.0216065$ & $-0.0111972$ & $0.0796802$ & $0.098136$ \\
eHWWint & $-0.248667$ & $0.201941$ & $-0.0664679$ & $0.0299363$ & $-0.00579983$ & $-0.00478306$ & $0.0216986$ & $-0.028651$ & $-0.0225491$ & $0.0129738$ & $0.0173982$ & $-0.0300344$ & $-0.0308657$ & $0.0138615$ & $0.00544747$ & $-0.00605276$ & $0.0176023$ & $0.0135872$ & $0.0204387$ & $-0.0122661$ & $-0.0133475$ & $-0.016267$ & $0.00523731$ & $0.0303033$ & $0.0407181$ & $0.00785879$ & $-0.00675509$ & $-0.0147276$ & $-4.75586e-05$ & $-0.0838062$ & $-0.00160258$ & $-0.0218139$ & $-0.0880552$ & $-0.0188715$ & $-0.201491$ & $-0.176392$ & $1$ & $-0.0169071$ & $0.0254347$ & $-0.0114821$ & $-0.163563$ & $-0.00256412$ & $0.158043$ & $0.156706$ & $0.221098$ & $0.153412$ & $0.152396$ & $0.0879431$ & $0.073364$ \\
eHWWpar & $-0.00257202$ & $0.0159618$ & $0.00697409$ & $0.0291451$ & $0.000875287$ & $0.00521528$ & $-0.0144238$ & $-0.0112136$ & $-0.016404$ & $-0.000796446$ & $0.0140373$ & $0.00378429$ & $0.00360631$ & $-0.00634893$ & $-0.00156454$ & $-0.0103318$ & $-0.00848731$ & $-0.00558195$ & $0.00124788$ & $-0.0137301$ & $-0.0136821$ & $-0.0144994$ & $-0.000155933$ & $0.00023312$ & $-0.00156407$ & $0.0130987$ & $-0.00248613$ & $0.0102913$ & $-0.00259564$ & $-0.0233221$ & $-0.0253674$ & $-0.0190082$ & $-0.0330306$ & $-0.00930394$ & $0.042585$ & $-0.00962394$ & $-0.0169071$ & $1$ & $0.0007853$ & $-0.00770826$ & $-0.0300108$ & $0.00564871$ & $-0.0189014$ & $0.00725356$ & $0.01217$ & $0.00649365$ & $0.0114053$ & $0.0025539$ & $-0.0111976$ \\
eHZZint & $-0.181129$ & $0.0153076$ & $-0.0333853$ & $-0.123031$ & $0.0141232$ & $-0.000791597$ & $-0.00311469$ & $0.0023963$ & $-0.00102516$ & $-0.00695237$ & $0.00291699$ & $0.00682348$ & $0.00567316$ & $-0.0112524$ & $0.000709111$ & $0.00207303$ & $-0.00727468$ & $-0.00799958$ & $-0.0106347$ & $-0.000314223$ & $-0.00182409$ & $-0.0021465$ & $-0.00409729$ & $-0.00388881$ & $0.00535219$ & $0.0052174$ & $9.35615e-05$ & $-0.0178728$ & $-0.012013$ & $0.00182161$ & $-0.0632451$ & $-0.00537043$ & $-0.036563$ & $0.00358473$ & $-0.120343$ & $-0.00509674$ & $0.0254347$ & $0.0007853$ & $1$ & $0.0332904$ & $0.250216$ & $0.0170469$ & $-0.0929062$ & $-0.107998$ & $0.082559$ & $-0.119571$ & $-0.175328$ & $-0.00817967$ & $-0.0848967$ \\
eHZZpar & $0.0124387$ & $-0.0617934$ & $-0.0574677$ & $-0.0446513$ & $-0.0118046$ & $-0.00905135$ & $-0.00754017$ & $0.00464701$ & $0.00810755$ & $-0.0192365$ & $-0.000665029$ & $-0.01279$ & $0.00785893$ & $-0.00429737$ & $-0.00892862$ & $-0.0084836$ & $-0.00893042$ & $-0.00231121$ & $-0.00317926$ & $-0.00208805$ & $-8.17217e-05$ & $-0.00110436$ & $0.00602365$ & $-0.00757102$ & $0.000575483$ & $0.0022675$ & $0.015133$ & $0.000675345$ & $0.00159255$ & $-5.89737e-05$ & $0.0113639$ & $-0.00865154$ & $0.00835677$ & $0.0057837$ & $-0.0103243$ & $-0.0368195$ & $-0.0114821$ & $-0.00770826$ & $0.0332904$ & $1$ & $0.00814418$ & $0.0046275$ & $0.0574201$ & $-0.102496$ & $-0.0218473$ & $-0.0369752$ & $0.00122728$ & $-0.0207242$ & $0.0102589$ \\
eHZgaint & $0.0213828$ & $0.1075$ & $0.303117$ & $0.163782$ & $-0.0123738$ & $-0.00592478$ & $-0.0274617$ & $-0.00278066$ & $-0.0108287$ & $-0.0150212$ & $0.0130243$ & $0.00875137$ & $0.0180989$ & $-0.0232011$ & $-0.0256184$ & $-0.0220152$ & $-0.0123649$ & $-0.000960224$ & $-0.0046848$ & $-0.0113805$ & $-0.00667099$ & $-0.00362081$ & $0.00398289$ & $-0.0190465$ & $-0.00217629$ & $0.00985333$ & $0.0252593$ & $0.00314801$ & $-0.0104635$ & $0.00233078$ & $-0.0610136$ & $-0.0107194$ & $-0.0663803$ & $0.0278179$ & $0.19624$ & $0.0238649$ & $-0.163563$ & $-0.0300108$ & $0.250216$ & $0.00814418$ & $1$ & $0.0131968$ & $-0.140588$ & $-0.0953194$ & $-0.0636514$ & $-0.183898$ & $-0.240177$ & $-0.0272837$ & $-0.221326$ \\
eHZgapar & $-0.0234035$ & $0.0100682$ & $-0.0158002$ & $-0.0384227$ & $-0.00356345$ & $-0.0118603$ & $-0.0110083$ & $-0.0013392$ & $-0.00357408$ & $-0.0016801$ & $0.00147386$ & $0.000442145$ & $0.00328865$ & $-0.00543531$ & $-0.00358608$ & $0.0107122$ & $0.00104504$ & $0.00304488$ & $-0.00955997$ & $-2.84441e-05$ & $-0.00163358$ & $-0.00203312$ & $-0.00834231$ & $0.00286017$ & $-0.00783376$ & $0.00134935$ & $-0.0142191$ & $0.00651914$ & $-0.00174247$ & $-0.00121415$ & $-0.0112191$ & $-0.0105008$ & $-0.021389$ & $0.00408104$ & $0.0301734$ & $0.013198$ & $-0.00256412$ & $0.00564871$ & $0.0170469$ & $0.0046275$ & $0.0131968$ & $1$ & $-0.0150875$ & $-0.0232801$ & $0.0141909$ & $0.0182763$ & $-0.0444083$ & $-0.00763653$ & $-0.0270885$ \\
eHgagaint & $-0.0868202$ & $-0.196734$ & $0.0493286$ & $0.0144984$ & $-0.00110363$ & $-0.0121434$ & $0.072826$ & $0.00126093$ & $0.0545471$ & $-0.0119933$ & $-0.00106725$ & $-0.0332102$ & $-0.0243471$ & $0.0068826$ & $0.00370466$ & $0.00376045$ & $0.00203738$ & $0.00339097$ & $0.00423203$ & $-0.000555664$ & $-0.00268008$ & $-0.00519491$ & $-0.00181333$ & $0.0158741$ & $0.012044$ & $0.00230825$ & $-0.00263226$ & $0.00505546$ & $0.00783327$ & $0.0114422$ & $-0.0264536$ & $0.0464356$ & $-0.0812357$ & $-0.0133484$ & $-0.247308$ & $-0.160804$ & $0.158043$ & $-0.0189014$ & $-0.0929062$ & $0.0574201$ & $-0.140588$ & $-0.0150875$ & $1$ & $-0.0894947$ & $0.0231291$ & $-0.011123$ & $-0.104049$ & $-0.0768022$ & $-0.217604$ \\
eHmumuint & $0.0574584$ & $0.252714$ & $0.000630211$ & $-0.0493348$ & $-0.00549043$ & $0.0103671$ & $-0.024433$ & $-0.0252048$ & $-0.0364488$ & $0.0172777$ & $0.0218498$ & $0.0144271$ & $0.00205438$ & $-0.0038183$ & $-0.0030571$ & $-0.00514415$ & $-0.00017705$ & $0.00157289$ & $0.00250044$ & $-0.017829$ & $-0.0173032$ & $-0.0196153$ & $-0.0106067$ & $0.00553165$ & $-0.00174814$ & $0.0158469$ & $-0.00972707$ & $-0.0101271$ & $0.00128752$ & $-0.025696$ & $0.00873895$ & $-0.00954832$ & $-0.031725$ & $-0.00608148$ & $0.159621$ & $0.179991$ & $0.156706$ & $0.00725356$ & $-0.107998$ & $-0.102496$ & $-0.0953194$ & $-0.0232801$ & $-0.0894947$ & $1$ & $-0.0227998$ & $-0.046417$ & $0.114836$ & $0.042426$ & $-0.0099835$ \\
eHtautauint & $-0.123603$ & $0.351005$ & $-0.0257865$ & $0.148207$ & $-0.00974775$ & $-0.00676265$ & $0.0121212$ & $-0.0236825$ & $-0.0213342$ & $0.0215555$ & $0.019238$ & $0.00591319$ & $-0.0075231$ & $-0.0135645$ & $-0.0116867$ & $-0.00071987$ & $0.0107507$ & $0.0088854$ & $0.000945477$ & $-0.0119102$ & $-0.0108687$ & $-0.0114867$ & $-0.0165351$ & $0.0142616$ & $0.0155252$ & $0.0185602$ & $0.000427034$ & $0.0034085$ & $0.00296035$ & $0.0305966$ & $-0.0758038$ & $0.00129455$ & $-0.0366672$ & $0.0127613$ & $-0.051054$ & $0.0376067$ & $0.221098$ & $0.01217$ & $0.082559$ & $-0.0218473$ & $-0.0636514$ & $0.0141909$ & $0.0231291$ & $-0.0227998$ & $1$ & $0.178809$ & $-0.25984$ & $0.303392$ & $-0.0989029$ \\
eHccint & $-0.0282668$ & $0.192844$ & $0.0274096$ & $-0.0556842$ & $-0.0148561$ & $-0.00312286$ & $0.0012533$ & $-0.0207171$ & $-0.0195917$ & $0.0141226$ & $0.00764689$ & $-0.0107792$ & $-0.0132587$ & $0.0139815$ & $0.00316801$ & $0.00107847$ & $0.021092$ & $0.0172502$ & $0.0198576$ & $-0.00284683$ & $-0.00384215$ & $-0.0043346$ & $-0.00699642$ & $0.0212009$ & $0.0142707$ & $0.00271354$ & $-0.0182411$ & $-0.00239493$ & $0.00662224$ & $-0.00465317$ & $-0.00240586$ & $-0.0189688$ & $0.00278772$ & $-0.0105799$ & $-0.167452$ & $-0.0216065$ & $0.153412$ & $0.00649365$ & $-0.119571$ & $-0.0369752$ & $-0.183898$ & $0.0182763$ & $-0.011123$ & $-0.046417$ & $0.178809$ & $1$ & $-0.182743$ & $-0.0636419$ & $0.0766637$ \\
eHccpar & $0.0728358$ & $-0.133563$ & $-0.10691$ & $-0.174493$ & $0.0117597$ & $-0.00575712$ & $-0.0032469$ & $0.0131234$ & $0.00473607$ & $0.0131518$ & $-0.0137927$ & $0.0168956$ & $0.00361861$ & $0.0121169$ & $0.00695945$ & $0.000521031$ & $-0.00130043$ & $-0.00195708$ & $0.00207705$ & $0.00960112$ & $0.0105215$ & $0.0096062$ & $0.00939399$ & $-0.00575207$ & $-0.00527058$ & $-0.0134036$ & $0.00258879$ & $-0.00464858$ & $0.00223482$ & $-0.0330624$ & $0.239396$ & $0.00289891$ & $-0.011972$ & $-0.00403576$ & $0.110327$ & $-0.0111972$ & $0.152396$ & $0.0114053$ & $-0.175328$ & $0.00122728$ & $-0.240177$ & $-0.0444083$ & $-0.104049$ & $0.114836$ & $-0.25984$ & $-0.182743$ & $1$ & $0.0379376$ & $0.0196955$ \\
eHbbint & $0.173151$ & $0.297682$ & $0.104261$ & $0.0651451$ & $-0.0115148$ & $-0.00421905$ & $-0.0155618$ & $-0.025412$ & $-0.0317266$ & $0.0370039$ & $0.01328$ & $0.0350383$ & $0.00108166$ & $0.00301158$ & $-0.00660877$ & $-0.00903309$ & $0.021572$ & $0.0182121$ & $0.0224742$ & $-0.00826589$ & $-0.00785491$ & $-0.00505693$ & $-0.010948$ & $0.014236$ & $0.00700843$ & $0.0114385$ & $0.00113336$ & $0.00138226$ & $-0.000731261$ & $0.0192533$ & $-0.00422109$ & $-0.0025764$ & $0.1132$ & $0.00222256$ & $0.123956$ & $0.0796802$ & $0.0879431$ & $0.0025539$ & $-0.00817967$ & $-0.0207242$ & $-0.0272837$ & $-0.00763653$ & $-0.0768022$ & $0.042426$ & $0.303392$ & $-0.0636419$ & $0.0379376$ & $1$ & $0.0543568$ \\
eHbbpar & $-0.0276932$ & $-0.131397$ & $-0.0337815$ & $-0.0895731$ & $0.000260467$ & $0.00999157$ & $0.0246603$ & $0.000894763$ & $-0.00634041$ & $-0.00600157$ & $-0.00720601$ & $-0.019646$ & $-0.00772809$ & $0.0173481$ & $0.0226423$ & $0.013445$ & $0.00544066$ & $-0.00111989$ & $0.00586313$ & $0.00776926$ & $0.0010158$ & $0.00341945$ & $-0.00760125$ & $0.017945$ & $-0.00167852$ & $-0.00186979$ & $-0.026163$ & $-0.000471629$ & $0.00546428$ & $-0.0128388$ & $0.0126253$ & $0.00966817$ & $0.343259$ & $-0.0290886$ & $-0.286377$ & $0.098136$ & $0.073364$ & $-0.0111976$ & $-0.0848967$ & $0.0102589$ & $-0.221326$ & $-0.0270885$ & $-0.217604$ & $-0.0099835$ & $-0.0989029$ & $0.0766637$ & $0.0196955$ & $0.0543568$ & $1$ \\
