 & AlsMz & dAle5Mz & mtop & mHl & Mz & CW & CHG & CHWB & CHWHB_gaga & CHWHB_gagaorth & CHD & CHbox & CH & CHL1_11 & CHL1_22 & CHL1_33 & CHL3_11 & CHL3_22 & CHL3_33 & CHe_11 & CHe_22 & CHe_33 & CHQ1_11 & CHQ1_33 & CHQ3_11 & CHu_11 & CHd_11 & CHd_33 & CeH_22r & CeH_33r & CuH_22r & CuH_33r & CdH_33r & CLL_1221 & eHggint & eHggpar & eHWWint & eHWWpar & eHZZint & eHZZpar & eHZgaint & eHZgapar & eHgagaint & eHmumuint & eHtautauint & eHccint & eHccpar & eHbbint & eHbbpar \\
AlsMz & $1$ & $-0.0362192$ & $-0.0910914$ & $0.0472251$ & $0.0244917$ & $-0.00881002$ & $0.0107408$ & $0.0225221$ & $0.0178339$ & $0.0173871$ & $-0.0411601$ & $0.0304804$ & $0.0298345$ & $0.0325393$ & $0.00318129$ & $0.0197897$ & $0.00964298$ & $0.0179063$ & $0.00665319$ & $0.034347$ & $0.0320615$ & $0.0273646$ & $-0.00646573$ & $-0.0475045$ & $-0.0895419$ & $-0.0482969$ & $-0.0213863$ & $0.0427084$ & $0.0355657$ & $0.00276478$ & $-0.0397284$ & $0.0117796$ & $0.0395605$ & $0.00754451$ & $0.0526259$ & $-0.0857552$ & $-0.0546572$ & $-0.00719206$ & $-0.0626906$ & $-0.000695801$ & $0.00264886$ & $0.00794656$ & $-0.089655$ & $-0.0409157$ & $-0.0514382$ & $-0.0371876$ & $-0.119043$ & $0.0157837$ & $0.0652081$ \\
dAle5Mz & $-0.0362192$ & $1$ & $-0.0356755$ & $-0.010018$ & $0.0167354$ & $0.0139539$ & $-0.0317364$ & $-0.0485299$ & $-0.0493271$ & $0.00775621$ & $0.0259769$ & $0.0182318$ & $0.0144622$ & $0.00573115$ & $0.0223517$ & $0.034396$ & $0.0233155$ & $0.00439327$ & $-0.000142033$ & $0.0010224$ & $-0.00598512$ & $-0.00184375$ & $-0.020446$ & $0.0216967$ & $0.00787166$ & $0.00764549$ & $-0.0328765$ & $-0.00247022$ & $-0.0306107$ & $-0.0175272$ & $0.00957346$ & $-0.0391367$ & $-0.0618488$ & $7.28859e-05$ & $-0.0269296$ & $0.0288924$ & $0.15089$ & $-0.0472705$ & $-0.0983287$ & $-0.019286$ & $-0.00218161$ & $-0.0219371$ & $0.00152604$ & $0.0703151$ & $0.0234231$ & $0.18137$ & $0.0108505$ & $-0.0805255$ & $-0.0786237$ \\
mtop & $-0.0910914$ & $-0.0356755$ & $1$ & $-0.0417667$ & $-0.00858687$ & $0.00532909$ & $-0.000323987$ & $0.00532733$ & $0.00465324$ & $0.00873426$ & $0.00935401$ & $-0.0240626$ & $-0.0397468$ & $-0.013214$ & $-0.00125588$ & $-0.033025$ & $-0.00579414$ & $-0.0130249$ & $0.00803164$ & $-0.00428806$ & $-6.19454e-05$ & $-0.000742398$ & $-0.00328349$ & $0.00891435$ & $0.0192403$ & $0.0121937$ & $0.0384952$ & $0.0132843$ & $-0.0214793$ & $0.0198346$ & $-0.0200983$ & $0.00349728$ & $-0.000916468$ & $0.0058771$ & $0.00321337$ & $0.0511315$ & $-0.0589505$ & $-0.0309844$ & $-0.145083$ & $0.0232173$ & $-0.120145$ & $-0.0194334$ & $-0.0108027$ & $0.014042$ & $-0.0296339$ & $0.0632961$ & $-0.0584183$ & $0.0431435$ & $-0.0341875$ \\
mHl & $0.0472251$ & $-0.010018$ & $-0.0417667$ & $1$ & $-0.0113841$ & $0.0102656$ & $0.0136464$ & $-0.0299959$ & $-0.0267992$ & $0.0205259$ & $0.0213351$ & $-0.00618095$ & $-0.0147688$ & $0.0146568$ & $-0.0186595$ & $-0.00935205$ & $0.0142954$ & $0.0280735$ & $0.0218987$ & $-0.022476$ & $-0.0217179$ & $-0.0255836$ & $-0.00762371$ & $0.0156492$ & $0.0140266$ & $0.0112458$ & $-0.0166562$ & $-0.0324803$ & $0.00316759$ & $0.0116823$ & $0.00064184$ & $0.0127136$ & $-0.033046$ & $-0.0114219$ & $0.00654505$ & $-0.0280692$ & $-0.0174062$ & $-0.0140305$ & $-0.0820705$ & $0.0321009$ & $0.0385785$ & $-0.0560433$ & $-0.00349899$ & $0.11166$ & $0.0228223$ & $-0.0691718$ & $0.0352016$ & $-0.0255344$ & $-0.0592473$ \\
Mz & $0.0244917$ & $0.0167354$ & $-0.00858687$ & $-0.0113841$ & $1$ & $-0.00623987$ & $-0.0158826$ & $-0.00873826$ & $-0.00931892$ & $0.00536692$ & $0.0186969$ & $0.0204502$ & $0.00961111$ & $-0.00706215$ & $0.00164384$ & $0.00714365$ & $-0.000681498$ & $-0.00398756$ & $-0.00627391$ & $-0.00891447$ & $-0.00937243$ & $-0.00756386$ & $-0.00345057$ & $-0.00116857$ & $-0.00923894$ & $0.0048327$ & $-0.0128195$ & $-0.00811497$ & $0.0104341$ & $0.0141782$ & $0.00488572$ & $-0.0146748$ & $0.0166415$ & $-0.00791021$ & $-0.0302398$ & $0.0436243$ & $0.00524048$ & $0.0039895$ & $0.0167404$ & $-0.00421688$ & $0.0415847$ & $-0.00181367$ & $-0.00458018$ & $0.016475$ & $-0.0106491$ & $0.00820617$ & $0.0294653$ & $0.0276918$ & $-0.0042449$ \\
CW & $-0.00881002$ & $0.0139539$ & $0.00532909$ & $0.0102656$ & $-0.00623987$ & $1$ & $-0.00136687$ & $-0.122632$ & $-0.121239$ & $0.0304733$ & $0.180405$ & $-0.00897108$ & $-0.0193032$ & $0.0293755$ & $-0.0752006$ & $-0.0782582$ & $-0.237762$ & $-0.0428143$ & $-0.037265$ & $-0.177659$ & $-0.183724$ & $-0.177591$ & $-0.0266542$ & $0.00318078$ & $-0.0806558$ & $0.109559$ & $-0.085949$ & $-0.050028$ & $-0.00186733$ & $-0.0146409$ & $-0.0130251$ & $-0.00344256$ & $-0.0261452$ & $-0.122967$ & $-0.00781418$ & $-0.0235428$ & $-0.0187083$ & $0.0138651$ & $0.00324949$ & $-0.0225732$ & $-0.000733833$ & $-0.015922$ & $-0.00937295$ & $0.0252977$ & $-0.0259054$ & $0.0101554$ & $-0.0172845$ & $0.0074707$ & $-0.00621528$ \\
CHG & $0.0107408$ & $-0.0317364$ & $-0.000323987$ & $0.0136464$ & $-0.0158826$ & $-0.00136687$ & $1$ & $-0.0555033$ & $-0.000266299$ & $0.0692136$ & $0.0473273$ & $-0.341686$ & $-0.440261$ & $0.00677008$ & $-0.0361577$ & $-0.0115181$ & $0.0168801$ & $0.0410145$ & $0.0246504$ & $-0.0474701$ & $-0.0485214$ & $-0.0445463$ & $-0.0162906$ & $0.0382351$ & $0.030158$ & $0.0403416$ & $-0.0157363$ & $-0.0122$ & $0.0102428$ & $-0.183435$ & $-0.122403$ & $0.943319$ & $-0.229045$ & $-0.0177955$ & $-0.00376964$ & $-0.0398143$ & $-0.0106746$ & $-0.0010496$ & $0.0192901$ & $-0.0279229$ & $-0.0351139$ & $-0.0139151$ & $-0.0168146$ & $0.0113859$ & $-0.0336613$ & $0.0112652$ & $-0.0623083$ & $0.0370066$ & $-0.0130255$ \\
CHWB & $0.0225221$ & $-0.0485299$ & $0.00532733$ & $-0.0299959$ & $-0.00873826$ & $-0.122632$ & $-0.0555033$ & $1$ & $0.982675$ & $-0.553764$ & $-0.85988$ & $0.00473962$ & $0.153725$ & $0.0305994$ & $0.283425$ & $0.277746$ & $-0.293072$ & $-0.462411$ & $-0.460899$ & $0.828444$ & $0.879837$ & $0.863016$ & $0.0994294$ & $-0.680781$ & $-0.428864$ & $-0.514867$ & $0.438322$ & $0.297244$ & $0.0272192$ & $0.0781299$ & $0.0309808$ & $-0.0575989$ & $0.0762869$ & $0.578524$ & $-0.00293055$ & $0.00384335$ & $0.00258907$ & $-0.00266643$ & $-0.0113281$ & $0.000247556$ & $-0.000877012$ & $0.0145345$ & $0.0125656$ & $-0.00750509$ & $0.0230424$ & $-0.0048761$ & $-0.0108731$ & $0.00801407$ & $0.00913609$ \\
CHWHB_gaga & $0.0178339$ & $-0.0493271$ & $0.00465324$ & $-0.0267992$ & $-0.00931892$ & $-0.121239$ & $-0.000266299$ & $0.982675$ & $1$ & $-0.546346$ & $-0.843447$ & $0.0154884$ & $0.139688$ & $0.0272438$ & $0.278801$ & $0.273794$ & $-0.29095$ & $-0.457015$ & $-0.455517$ & $0.812704$ & $0.862699$ & $0.846898$ & $0.0952988$ & $-0.6703$ & $-0.422731$ & $-0.50352$ & $0.431163$ & $0.290321$ & $0.0317636$ & $0.0978295$ & $0.0344145$ & $-0.00872511$ & $0.0932803$ & $0.568293$ & $-0.00862906$ & $-0.00213139$ & $-0.0105216$ & $-0.00508206$ & $-0.0106749$ & $-0.00434727$ & $-0.0080567$ & $0.0135799$ & $0.0705893$ & $-0.00052888$ & $0.0223258$ & $-0.00410213$ & $-0.021891$ & $-0.000186957$ & $0.0041197$ \\
CHWHB_gagaorth & $0.0173871$ & $0.00775621$ & $0.00873426$ & $0.0205259$ & $0.00536692$ & $0.0304733$ & $0.0692136$ & $-0.553764$ & $-0.546346$ & $1$ & $0.36813$ & $0.114131$ & $-0.221362$ & $0.183109$ & $-0.112659$ & $-0.117333$ & $0.359948$ & $0.417171$ & $0.420304$ & $-0.349883$ & $-0.385132$ & $-0.37975$ & $-0.0757373$ & $0.498208$ & $0.402092$ & $0.236792$ & $-0.24781$ & $-0.125533$ & $-0.021135$ & $-0.180156$ & $-0.0894517$ & $0.0718047$ & $-0.193409$ & $-0.354453$ & $0.0199643$ & $-0.0144257$ & $0.00137547$ & $-0.0133359$ & $0.00338826$ & $0.0109853$ & $-0.0611267$ & $-0.0215166$ & $-0.030236$ & $-0.0154367$ & $-0.0173293$ & $0.0130553$ & $4.47039e-05$ & $0.00579126$ & $0.0188175$ \\
CHD & $-0.0411601$ & $0.0259769$ & $0.00935401$ & $0.0213351$ & $0.0186969$ & $0.180405$ & $0.0473273$ & $-0.85988$ & $-0.843447$ & $0.36813$ & $1$ & $0.0372373$ & $-0.120471$ & $-0.491446$ & $-0.418727$ & $-0.407951$ & $-0.202043$ & $0.0534589$ & $0.0561015$ & $-0.989888$ & $-0.99083$ & $-0.970666$ & $-0.0381331$ & $0.276962$ & $0.0104642$ & $0.58009$ & $-0.293417$ & $-0.333733$ & $-0.0239404$ & $-0.0900417$ & $-0.0301107$ & $0.0514308$ & $-0.0888362$ & $-0.357233$ & $0.0178475$ & $-0.00688647$ & $0.00289488$ & $0.013007$ & $0.0171431$ & $-0.0147441$ & $0.00940844$ & $-0.0258599$ & $-0.0116909$ & $0.0275155$ & $-0.025941$ & $-0.0101751$ & $0.00323643$ & $-0.00328619$ & $-0.00954386$ \\
CHbox & $0.0304804$ & $0.0182318$ & $-0.0240626$ & $-0.00618095$ & $0.0204502$ & $-0.00897108$ & $-0.341686$ & $0.00473962$ & $0.0154884$ & $0.114131$ & $0.0372373$ & $1$ & $0.759056$ & $-0.103645$ & $0.0341972$ & $0.0400884$ & $-0.0761241$ & $-0.0934255$ & $-0.0976871$ & $-0.025887$ & $-0.0413044$ & $-0.0423007$ & $-0.0109242$ & $-0.0370394$ & $-0.10208$ & $0.0249231$ & $-0.047115$ & $-0.0148889$ & $0.0635847$ & $0.446613$ & $0.169361$ & $-0.247922$ & $0.501113$ & $-0.0180287$ & $0.0798586$ & $0.0394334$ & $-0.00535588$ & $-0.0123873$ & $0.00616598$ & $0.00439385$ & $-0.0281195$ & $0.0238474$ & $0.0265557$ & $-0.024747$ & $-0.0142118$ & $-0.0149869$ & $0.0132111$ & $-0.0280156$ & $-0.012988$ \\
CH & $0.0298345$ & $0.0144622$ & $-0.0397468$ & $-0.0147688$ & $0.00961111$ & $-0.0193032$ & $-0.440261$ & $0.153725$ & $0.139688$ & $-0.221362$ & $-0.120471$ & $0.759056$ & $1$ & $-0.0364403$ & $0.0636529$ & $0.0579861$ & $-0.063607$ & $-0.10579$ & $-0.103907$ & $0.119469$ & $0.120889$ & $0.115961$ & $0.0178709$ & $-0.110124$ & $-0.108671$ & $-0.077328$ & $0.041788$ & $0.0405495$ & $0.0593773$ & $0.373511$ & $0.18241$ & $-0.398369$ & $0.424351$ & $0.078356$ & $0.0188186$ & $0.0118535$ & $-0.00638396$ & $-0.00455279$ & $-0.000110509$ & $0.0119705$ & $0.00920958$ & $0.0242457$ & $0.0343455$ & $-0.0310723$ & $0.0130683$ & $-0.0201922$ & $0.00404162$ & $-0.0191097$ & $-0.0175369$ \\
CHL1_11 & $0.0325393$ & $0.00573115$ & $-0.013214$ & $0.0146568$ & $-0.00706215$ & $0.0293755$ & $0.00677008$ & $0.0305994$ & $0.0272438$ & $0.183109$ & $-0.491446$ & $-0.103645$ & $-0.0364403$ & $1$ & $0.267997$ & $0.248319$ & $0.695144$ & $0.64194$ & $0.641204$ & $0.5121$ & $0.449196$ & $0.435647$ & $-0.0817124$ & $0.528765$ & $0.638638$ & $-0.263036$ & $-0.124497$ & $0.150537$ & $-5.02293e-05$ & $0.0328458$ & $0.00241218$ & $-0.00102887$ & $0.0396194$ & $-0.26047$ & $-0.0403803$ & $0.003011$ & $-0.0135408$ & $-0.0175189$ & $-0.0226425$ & $0.033297$ & $-0.0181642$ & $0.018034$ & $-0.00741258$ & $-0.0395476$ & $0.00206419$ & $0.0296386$ & $0.00881879$ & $-0.00234961$ & $0.0139982$ \\
CHL1_22 & $0.00318129$ & $0.0223517$ & $-0.00125588$ & $-0.0186595$ & $0.00164384$ & $-0.0752006$ & $-0.0361577$ & $0.283425$ & $0.278801$ & $-0.112659$ & $-0.418727$ & $0.0341972$ & $0.0636529$ & $0.267997$ & $1$ & $0.451402$ & $0.160808$ & $-0.407025$ & $-0.0285342$ & $0.485398$ & $0.333438$ & $0.327282$ & $-0.164132$ & $0.113566$ & $-0.117315$ & $-0.20494$ & $-0.396447$ & $0.121507$ & $0.017699$ & $0.057243$ & $0.0241569$ & $-0.0352898$ & $0.0384206$ & $-0.58813$ & $-0.00182936$ & $0.0328792$ & $-0.000450829$ & $0.00150878$ & $-0.00607262$ & $-0.00319753$ & $-0.0260702$ & $0.00513522$ & $0.00504679$ & $0.00712219$ & $0.00566028$ & $-0.0136616$ & $0.00742119$ & $-0.00652777$ & $-0.0205341$ \\
CHL1_33 & $0.0197897$ & $0.034396$ & $-0.033025$ & $-0.00935205$ & $0.00714365$ & $-0.0782582$ & $-0.0115181$ & $0.277746$ & $0.273794$ & $-0.117333$ & $-0.407951$ & $0.0400884$ & $0.0579861$ & $0.248319$ & $0.451402$ & $1$ & $0.158992$ & $-0.0206585$ & $-0.411038$ & $0.475453$ & $0.32606$ & $0.342787$ & $-0.160237$ & $0.106569$ & $-0.12064$ & $-0.191464$ & $-0.389874$ & $0.1161$ & $0.0143012$ & $0.0637703$ & $0.00885225$ & $-0.00241427$ & $0.0409125$ & $-0.105991$ & $0.00546197$ & $0.0171801$ & $0.00423875$ & $0.00464961$ & $-0.0233341$ & $-0.00632077$ & $-0.00814096$ & $0.0251526$ & $0.0102714$ & $0.00237064$ & $0.0155597$ & $0.0122992$ & $-0.0154963$ & $-0.00940426$ & $-0.0106913$ \\
CHL3_11 & $0.00964298$ & $0.0233155$ & $-0.00579414$ & $0.0142954$ & $-0.000681498$ & $-0.237762$ & $0.0168801$ & $-0.293072$ & $-0.29095$ & $0.359948$ & $-0.202043$ & $-0.0761241$ & $-0.063607$ & $0.695144$ & $0.160808$ & $0.158992$ & $1$ & $0.771594$ & $0.761566$ & $0.227526$ & $0.166054$ & $0.162173$ & $-0.0783722$ & $0.727322$ & $0.802586$ & $-0.0959527$ & $-0.184034$ & $0.0532878$ & $-0.0102112$ & $0.0201023$ & $-0.0017734$ & $0.0134579$ & $0.0199246$ & $-0.296912$ & $-0.0218809$ & $0.0100266$ & $-0.00942426$ & $-0.0217136$ & $0.00112947$ & $0.0246473$ & $-0.011977$ & $0.0200784$ & $0.00313769$ & $-0.0383967$ & $0.00964198$ & $0.0259453$ & $0.0202606$ & $-0.000570233$ & $-0.00657827$ \\
CHL3_22 & $0.0179063$ & $0.00439327$ & $-0.0130249$ & $0.0280735$ & $-0.00398756$ & $-0.0428143$ & $0.0410145$ & $-0.462411$ & $-0.457015$ & $0.417171$ & $0.0534589$ & $-0.0934255$ & $-0.10579$ & $0.64194$ & $-0.407025$ & $-0.0206585$ & $0.771594$ & $1$ & $0.715536$ & $-0.0516609$ & $-0.0534542$ & $-0.0529174$ & $-0.0134356$ & $0.66877$ & $0.816499$ & $0.0359969$ & $-0.0400782$ & $-0.0242469$ & $-0.0166342$ & $-0.0169124$ & $-0.0189098$ & $0.0374482$ & $-0.00491954$ & $-0.0335976$ & $-0.0253982$ & $-0.0145423$ & $-0.0131104$ & $-0.0188233$ & $-0.00580941$ & $0.0280895$ & $0.00104579$ & $0.016091$ & $-0.00511434$ & $-0.0395152$ & $0.000139853$ & $0.0334062$ & $0.0088805$ & $-0.00096434$ & $0.0135854$ \\
CHL3_33 & $0.00665319$ & $-0.000142033$ & $0.00803164$ & $0.0218987$ & $-0.00627391$ & $-0.037265$ & $0.0246504$ & $-0.460899$ & $-0.455517$ & $0.420304$ & $0.0561015$ & $-0.0976871$ & $-0.103907$ & $0.641204$ & $-0.0285342$ & $-0.411038$ & $0.761566$ & $0.715536$ & $1$ & $-0.0565073$ & $-0.054951$ & $-0.0520397$ & $-0.011739$ & $0.662778$ & $0.818958$ & $0.0339421$ & $-0.0267629$ & $-0.0249739$ & $-0.0165092$ & $-0.0234561$ & $-0.0105509$ & $0.0150369$ & $-0.0122316$ & $-0.371883$ & $-0.0304615$ & $-0.00273631$ & $-0.0137977$ & $-0.0187925$ & $0.00514741$ & $0.0289125$ & $-0.0162901$ & $0.000562127$ & $-0.00409705$ & $-0.0386333$ & $-0.00364173$ & $0.0194251$ & $0.0196969$ & $-0.00296373$ & $0.000458209$ \\
CHe_11 & $0.034347$ & $0.0010224$ & $-0.00428806$ & $-0.022476$ & $-0.00891447$ & $-0.177659$ & $-0.0474701$ & $0.828444$ & $0.812704$ & $-0.349883$ & $-0.989888$ & $-0.025887$ & $0.119469$ & $0.5121$ & $0.485398$ & $0.475453$ & $0.227526$ & $-0.0516609$ & $-0.0565073$ & $1$ & $0.971584$ & $0.952188$ & $0.0118675$ & $-0.221636$ & $-0.00146609$ & $-0.568582$ & $0.216001$ & $0.327248$ & $0.0253242$ & $0.0914093$ & $0.0315803$ & $-0.0509964$ & $0.0862372$ & $0.276588$ & $-0.0179843$ & $0.0090698$ & $-0.000166601$ & $-0.0156398$ & $-0.0199955$ & $0.0146969$ & $-0.011486$ & $0.0263852$ & $0.0111354$ & $-0.0227866$ & $0.0270246$ & $0.0152137$ & $-0.00204701$ & $-0.00134328$ & $0.00572031$ \\
CHe_22 & $0.0320615$ & $-0.00598512$ & $-6.19454e-05$ & $-0.0217179$ & $-0.00937243$ & $-0.183724$ & $-0.0485214$ & $0.879837$ & $0.862699$ & $-0.385132$ & $-0.99083$ & $-0.0413044$ & $0.120889$ & $0.449196$ & $0.333438$ & $0.32606$ & $0.166054$ & $-0.0534542$ & $-0.054951$ & $0.971584$ & $1$ & $0.976069$ & $0.0660366$ & $-0.333256$ & $-0.0196217$ & $-0.581416$ & $0.376329$ & $0.335655$ & $0.0218165$ & $0.0858917$ & $0.0302272$ & $-0.0539835$ & $0.0855006$ & $0.44551$ & $-0.0194459$ & $0.00496221$ & $0.00120296$ & $-0.0160043$ & $-0.0184728$ & $0.0158315$ & $-0.00875737$ & $0.0240995$ & $0.0115468$ & $-0.0264331$ & $0.027038$ & $0.0171211$ & $-0.00247363$ & $0.00411053$ & $0.00918463$ \\
CHe_33 & $0.0273646$ & $-0.00184375$ & $-0.000742398$ & $-0.0255836$ & $-0.00756386$ & $-0.177591$ & $-0.0445463$ & $0.863016$ & $0.846898$ & $-0.37975$ & $-0.970666$ & $-0.0423007$ & $0.115961$ & $0.435647$ & $0.327282$ & $0.342787$ & $0.162173$ & $-0.0529174$ & $-0.0520397$ & $0.952188$ & $0.976069$ & $1$ & $0.0665063$ & $-0.327801$ & $-0.0165472$ & $-0.568695$ & $0.373163$ & $0.327211$ & $0.0220974$ & $0.0828754$ & $0.0287277$ & $-0.0499215$ & $0.079612$ & $0.440392$ & $-0.0192715$ & $0.00724557$ & $0.00338196$ & $-0.0123534$ & $-0.0203399$ & $0.0121595$ & $-0.0160181$ & $0.0210292$ & $0.0159781$ & $-0.0255838$ & $0.0272094$ & $0.0226654$ & $-0.00548359$ & $0.0024785$ & $0.00378702$ \\
CHQ1_11 & $-0.00646573$ & $-0.020446$ & $-0.00328349$ & $-0.00762371$ & $-0.00345057$ & $-0.0266542$ & $-0.0162906$ & $0.0994294$ & $0.0952988$ & $-0.0757373$ & $-0.0381331$ & $-0.0109242$ & $0.0178709$ & $-0.0817124$ & $-0.164132$ & $-0.160237$ & $-0.0783722$ & $-0.0134356$ & $-0.011739$ & $0.0118675$ & $0.0660366$ & $0.0665063$ & $1$ & $-0.154757$ & $0.0577026$ & $-0.682303$ & $0.354326$ & $0.0257601$ & $0.00173818$ & $0.0121915$ & $-0.00628683$ & $-0.0157747$ & $0.00195773$ & $0.220275$ & $0.0143354$ & $-0.0115085$ & $-0.00832317$ & $0.0216418$ & $0.0112576$ & $-0.00355749$ & $0.0155971$ & $0.0282684$ & $0.00734126$ & $-0.011643$ & $0.0198396$ & $-0.0169877$ & $-0.00459702$ & $-0.002715$ & $-0.0076578$ \\
CHQ1_33 & $-0.0475045$ & $0.0216967$ & $0.00891435$ & $0.0156492$ & $-0.00116857$ & $0.00318078$ & $0.0382351$ & $-0.680781$ & $-0.6703$ & $0.498208$ & $0.276962$ & $-0.0370394$ & $-0.110124$ & $0.528765$ & $0.113566$ & $0.106569$ & $0.727322$ & $0.66877$ & $0.662778$ & $-0.221636$ & $-0.333256$ & $-0.327801$ & $-0.154757$ & $1$ & $0.681034$ & $0.196177$ & $-0.430058$ & $-0.0237575$ & $-0.00897308$ & $-0.0187773$ & $-0.0170621$ & $0.0379912$ & $-0.025913$ & $-0.640724$ & $-0.0109308$ & $0.00575422$ & $-0.0203811$ & $-0.0121563$ & $-0.00169222$ & $0.0267504$ & $-0.00411581$ & $0.00590632$ & $-0.00749166$ & $-0.0154297$ & $-0.010165$ & $0.0172437$ & $0.0102924$ & $-0.00671568$ & $-0.0107744$ \\
CHQ3_11 & $-0.0895419$ & $0.00787166$ & $0.0192403$ & $0.0140266$ & $-0.00923894$ & $-0.0806558$ & $0.030158$ & $-0.428864$ & $-0.422731$ & $0.402092$ & $0.0104642$ & $-0.10208$ & $-0.108671$ & $0.638638$ & $-0.117315$ & $-0.12064$ & $0.802586$ & $0.816499$ & $0.818958$ & $-0.00146609$ & $-0.0196217$ & $-0.0165472$ & $0.0577026$ & $0.681034$ & $1$ & $0.0204165$ & $0.166385$ & $-0.0142881$ & $-0.0220615$ & $-0.0168334$ & $-0.0168384$ & $0.0206549$ & $-0.0126964$ & $-0.240878$ & $-0.0274967$ & $0.00679174$ & $-0.00707957$ & $-0.0127794$ & $0.00232179$ & $0.0246822$ & $-0.00168261$ & $0.00621332$ & $0.0101242$ & $-0.0489132$ & $0.00115738$ & $0.0207986$ & $0.0251684$ & $-0.0123651$ & $0.00278524$ \\
CHu_11 & $-0.0482969$ & $0.00764549$ & $0.0121937$ & $0.0112458$ & $0.0048327$ & $0.109559$ & $0.0403416$ & $-0.514867$ & $-0.50352$ & $0.236792$ & $0.58009$ & $0.0249231$ & $-0.077328$ & $-0.263036$ & $-0.20494$ & $-0.191464$ & $-0.0959527$ & $0.0359969$ & $0.0339421$ & $-0.568582$ & $-0.581416$ & $-0.568695$ & $-0.682303$ & $0.196177$ & $0.0204165$ & $1$ & $-0.183175$ & $-0.198104$ & $-0.016668$ & $-0.0603698$ & $-0.0140531$ & $0.041336$ & $-0.0509031$ & $-0.254139$ & $-0.00272247$ & $0.00993211$ & $0.000109945$ & $-0.00745245$ & $-0.00326517$ & $-0.0111494$ & $0.00748201$ & $-0.0384354$ & $-0.0236053$ & $0.0156695$ & $-0.0289751$ & $-0.000929787$ & $0.00487447$ & $0.00188779$ & $0.0031891$ \\
CHd_11 & $-0.0213863$ & $-0.0328765$ & $0.0384952$ & $-0.0166562$ & $-0.0128195$ & $-0.085949$ & $-0.0157363$ & $0.438322$ & $0.431163$ & $-0.24781$ & $-0.293417$ & $-0.047115$ & $0.041788$ & $-0.124497$ & $-0.396447$ & $-0.389874$ & $-0.184034$ & $-0.0400782$ & $-0.0267629$ & $0.216001$ & $0.376329$ & $0.373163$ & $0.354326$ & $-0.430058$ & $0.166385$ & $-0.183175$ & $1$ & $0.10599$ & $-0.000606211$ & $0.00397364$ & $-0.00547824$ & $-0.0263939$ & $0.011098$ & $0.689487$ & $-0.000261337$ & $-0.00975795$ & $-0.00237153$ & $-0.00196545$ & $-0.00604649$ & $0.00461963$ & $0.0254554$ & $-0.00368758$ & $0.0111456$ & $-0.0345709$ & $0.00931246$ & $-0.00364378$ & $-0.00716658$ & $-0.00105955$ & $0.0146403$ \\
CHd_33 & $0.0427084$ & $-0.00247022$ & $0.0132843$ & $-0.0324803$ & $-0.00811497$ & $-0.050028$ & $-0.0122$ & $0.297244$ & $0.290321$ & $-0.125533$ & $-0.333733$ & $-0.0148889$ & $0.0405495$ & $0.150537$ & $0.121507$ & $0.1161$ & $0.0532878$ & $-0.0242469$ & $-0.0249739$ & $0.327248$ & $0.335655$ & $0.327211$ & $0.0257601$ & $-0.0237575$ & $-0.0142881$ & $-0.198104$ & $0.10599$ & $1$ & $0.0276119$ & $0.0141221$ & $0.0120261$ & $-0.0189404$ & $0.0274103$ & $0.144596$ & $-0.0117418$ & $-0.00561804$ & $0.0238431$ & $-0.0196015$ & $-0.00473258$ & $0.00481657$ & $-0.00360202$ & $-0.0112183$ & $-0.02557$ & $-0.012603$ & $-0.00497974$ & $-0.0034392$ & $-0.0251216$ & $-0.00830229$ & $0.0155688$ \\
CeH_22r & $0.0355657$ & $-0.0306107$ & $-0.0214793$ & $0.00316759$ & $0.0104341$ & $-0.00186733$ & $0.0102428$ & $0.0272192$ & $0.0317636$ & $-0.021135$ & $-0.0239404$ & $0.0635847$ & $0.0593773$ & $-5.02293e-05$ & $0.017699$ & $0.0143012$ & $-0.0102112$ & $-0.0166342$ & $-0.0165092$ & $0.0253242$ & $0.0218165$ & $0.0220974$ & $0.00173818$ & $-0.00897308$ & $-0.0220615$ & $-0.016668$ & $-0.000606211$ & $0.0276119$ & $1$ & $0.0461707$ & $0.0127758$ & $-0.0031087$ & $0.0451041$ & $0.00558281$ & $-0.0319976$ & $-0.00886372$ & $-0.0190526$ & $-0.0267006$ & $-0.010384$ & $0.00643262$ & $0.000285389$ & $0.00297748$ & $-0.00812354$ & $0.0136751$ & $-0.00322609$ & $-0.00468766$ & $-0.00311537$ & $0.0157415$ & $-0.00985252$ \\
CeH_33r & $0.00276478$ & $-0.0175272$ & $0.0198346$ & $0.0116823$ & $0.0141782$ & $-0.0146409$ & $-0.183435$ & $0.0781299$ & $0.0978295$ & $-0.180156$ & $-0.0900417$ & $0.446613$ & $0.373511$ & $0.0328458$ & $0.057243$ & $0.0637703$ & $0.0201023$ & $-0.0169124$ & $-0.0234561$ & $0.0914093$ & $0.0858917$ & $0.0828754$ & $0.0121915$ & $-0.0187773$ & $-0.0168334$ & $-0.0603698$ & $0.00397364$ & $0.0141221$ & $0.0461707$ & $1$ & $0.326034$ & $-0.0396509$ & $0.67293$ & $0.0200681$ & $-0.0478226$ & $0.0194321$ & $-0.164184$ & $-0.0353988$ & $-0.0207026$ & $-0.00330009$ & $0.0081956$ & $0.0335547$ & $0.0251414$ & $-0.0256476$ & $0.0420618$ & $-0.00816446$ & $-0.0454029$ & $0.0116755$ & $-0.0273334$ \\
CuH_22r & $-0.0397284$ & $0.00957346$ & $-0.0200983$ & $0.00064184$ & $0.00488572$ & $-0.0130251$ & $-0.122403$ & $0.0309808$ & $0.0344145$ & $-0.0894517$ & $-0.0301107$ & $0.169361$ & $0.18241$ & $0.00241218$ & $0.0241569$ & $0.00885225$ & $-0.0017734$ & $-0.0189098$ & $-0.0105509$ & $0.0315803$ & $0.0302272$ & $0.0287277$ & $-0.00628683$ & $-0.0170621$ & $-0.0168384$ & $-0.0140531$ & $-0.00547824$ & $0.0120261$ & $0.0127758$ & $0.326034$ & $1$ & $-0.0364521$ & $0.382542$ & $0.00624129$ & $0.0124365$ & $0.0628457$ & $-0.057175$ & $-0.0234832$ & $0.026808$ & $0.000425393$ & $0.072723$ & $-0.0090427$ & $-0.0427562$ & $0.0234604$ & $-0.0209848$ & $0.050499$ & $0.316854$ & $0.0510157$ & $0.0283841$ \\
CuH_33r & $0.0117796$ & $-0.0391367$ & $0.00349728$ & $0.0127136$ & $-0.0146748$ & $-0.00344256$ & $0.943319$ & $-0.0575989$ & $-0.00872511$ & $0.0718047$ & $0.0514308$ & $-0.247922$ & $-0.398369$ & $-0.00102887$ & $-0.0352898$ & $-0.00241427$ & $0.0134579$ & $0.0374482$ & $0.0150369$ & $-0.0509964$ & $-0.0539835$ & $-0.0499215$ & $-0.0157747$ & $0.0379912$ & $0.0206549$ & $0.041336$ & $-0.0263939$ & $-0.0189404$ & $-0.0031087$ & $-0.0396509$ & $-0.0364521$ & $1$ & $-0.0558211$ & $-0.0197958$ & $0.0740051$ & $0.00332738$ & $-0.0401477$ & $-0.00809639$ & $0.0320095$ & $-0.0227983$ & $-0.0379255$ & $-0.00851032$ & $-0.0020703$ & $0.0037745$ & $-0.0327545$ & $0.00253974$ & $-0.0455467$ & $0.0402665$ & $-0.00512168$ \\
CdH_33r & $0.0395605$ & $-0.0618488$ & $-0.000916468$ & $-0.033046$ & $0.0166415$ & $-0.0261452$ & $-0.229045$ & $0.0762869$ & $0.0932803$ & $-0.193409$ & $-0.0888362$ & $0.501113$ & $0.424351$ & $0.0396194$ & $0.0384206$ & $0.0409125$ & $0.0199246$ & $-0.00491954$ & $-0.0122316$ & $0.0862372$ & $0.0855006$ & $0.079612$ & $0.00195773$ & $-0.025913$ & $-0.0126964$ & $-0.0509031$ & $0.011098$ & $0.0274103$ & $0.0451041$ & $0.67293$ & $0.382542$ & $-0.0558211$ & $1$ & $0.0281784$ & $-0.00699572$ & $0.0184889$ & $-0.182644$ & $-0.040983$ & $-0.00777537$ & $0.00603918$ & $0.0149497$ & $0.0341228$ & $-0.0153073$ & $0.00316251$ & $-0.0360846$ & $0.00949046$ & $0.0285891$ & $0.107092$ & $0.412204$ \\
CLL_1221 & $0.00754451$ & $7.28859e-05$ & $0.0058771$ & $-0.0114219$ & $-0.00791021$ & $-0.122967$ & $-0.0177955$ & $0.578524$ & $0.568293$ & $-0.354453$ & $-0.357233$ & $-0.0180287$ & $0.078356$ & $-0.26047$ & $-0.58813$ & $-0.105991$ & $-0.296912$ & $-0.0335976$ & $-0.371883$ & $0.276588$ & $0.44551$ & $0.440392$ & $0.220275$ & $-0.640724$ & $-0.240878$ & $-0.254139$ & $0.689487$ & $0.144596$ & $0.00558281$ & $0.0200681$ & $0.00624129$ & $-0.0197958$ & $0.0281784$ & $1$ & $0.00128918$ & $-0.0185572$ & $0.01259$ & $-0.00783324$ & $-0.00654132$ & $-0.00127436$ & $0.0213016$ & $0.00784698$ & $0.010352$ & $-0.00895772$ & $0.0192617$ & $0.0172509$ & $-0.0129871$ & $0.0108231$ & $0.0135299$ \\
eHggint & $0.0526259$ & $-0.0269296$ & $0.00321337$ & $0.00654505$ & $-0.0302398$ & $-0.00781418$ & $-0.00376964$ & $-0.00293055$ & $-0.00862906$ & $0.0199643$ & $0.0178475$ & $0.0798586$ & $0.0188186$ & $-0.0403803$ & $-0.00182936$ & $0.00546197$ & $-0.0218809$ & $-0.0253982$ & $-0.0304615$ & $-0.0179843$ & $-0.0194459$ & $-0.0192715$ & $0.0143354$ & $-0.0109308$ & $-0.0274967$ & $-0.00272247$ & $-0.000261337$ & $-0.0117418$ & $-0.0319976$ & $-0.0478226$ & $0.0124365$ & $0.0740051$ & $-0.00699572$ & $0.00128918$ & $1$ & $-0.124143$ & $0.0166166$ & $0.00111984$ & $0.10537$ & $0.00282841$ & $-0.00102759$ & $0.0031012$ & $0.176777$ & $-0.0189946$ & $0.0487234$ & $-0.119701$ & $0.141019$ & $-0.0706055$ & $0.110618$ \\
eHggpar & $-0.0857552$ & $0.0288924$ & $0.0511315$ & $-0.0280692$ & $0.0436243$ & $-0.0235428$ & $-0.0398143$ & $0.00384335$ & $-0.00213139$ & $-0.0144257$ & $-0.00688647$ & $0.0394334$ & $0.0118535$ & $0.003011$ & $0.0328792$ & $0.0171801$ & $0.0100266$ & $-0.0145423$ & $-0.00273631$ & $0.0090698$ & $0.00496221$ & $0.00724557$ & $-0.0115085$ & $0.00575422$ & $0.00679174$ & $0.00993211$ & $-0.00975795$ & $-0.00561804$ & $-0.00886372$ & $0.0194321$ & $0.0628457$ & $0.00332738$ & $0.0184889$ & $-0.0185572$ & $-0.124143$ & $1$ & $-0.0672009$ & $-0.00916658$ & $-0.0777546$ & $0.0142793$ & $0.00540113$ & $0.0100715$ & $0.00596402$ & $0.022048$ & $-0.0653472$ & $0.0124498$ & $0.162418$ & $0.0846011$ & $-0.0693262$ \\
eHWWint & $-0.0546572$ & $0.15089$ & $-0.0589505$ & $-0.0174062$ & $0.00524048$ & $-0.0187083$ & $-0.0106746$ & $0.00258907$ & $-0.0105216$ & $0.00137547$ & $0.00289488$ & $-0.00535588$ & $-0.00638396$ & $-0.0135408$ & $-0.000450829$ & $0.00423875$ & $-0.00942426$ & $-0.0131104$ & $-0.0137977$ & $-0.000166601$ & $0.00120296$ & $0.00338196$ & $-0.00832317$ & $-0.0203811$ & $-0.00707957$ & $0.000109945$ & $-0.00237153$ & $0.0238431$ & $-0.0190526$ & $-0.164184$ & $-0.057175$ & $-0.0401477$ & $-0.182644$ & $0.01259$ & $0.0166166$ & $-0.0672009$ & $1$ & $-0.0165476$ & $0.0253593$ & $-0.0359678$ & $-0.134687$ & $-0.0653289$ & $-0.00311274$ & $0.0910463$ & $-0.0337518$ & $0.0910654$ & $0.121698$ & $-0.000867563$ & $-0.0252431$ \\
eHWWpar & $-0.00719206$ & $-0.0472705$ & $-0.0309844$ & $-0.0140305$ & $0.0039895$ & $0.0138651$ & $-0.0010496$ & $-0.00266643$ & $-0.00508206$ & $-0.0133359$ & $0.013007$ & $-0.0123873$ & $-0.00455279$ & $-0.0175189$ & $0.00150878$ & $0.00464961$ & $-0.0217136$ & $-0.0188233$ & $-0.0187925$ & $-0.0156398$ & $-0.0160043$ & $-0.0123534$ & $0.0216418$ & $-0.0121563$ & $-0.0127794$ & $-0.00745245$ & $-0.00196545$ & $-0.0196015$ & $-0.0267006$ & $-0.0353988$ & $-0.0234832$ & $-0.00809639$ & $-0.040983$ & $-0.00783324$ & $0.00111984$ & $-0.00916658$ & $-0.0165476$ & $1$ & $0.019234$ & $0.0091431$ & $0.0114307$ & $0.0125595$ & $-0.00829559$ & $0.0137815$ & $0.00542262$ & $-0.00671145$ & $-0.00783859$ & $-0.00288139$ & $-0.0228639$ \\
eHZZint & $-0.0626906$ & $-0.0983287$ & $-0.145083$ & $-0.0820705$ & $0.0167404$ & $0.00324949$ & $0.0192901$ & $-0.0113281$ & $-0.0106749$ & $0.00338826$ & $0.0171431$ & $0.00616598$ & $-0.000110509$ & $-0.0226425$ & $-0.00607262$ & $-0.0233341$ & $0.00112947$ & $-0.00580941$ & $0.00514741$ & $-0.0199955$ & $-0.0184728$ & $-0.0203399$ & $0.0112576$ & $-0.00169222$ & $0.00232179$ & $-0.00326517$ & $-0.00604649$ & $-0.00473258$ & $-0.010384$ & $-0.0207026$ & $0.026808$ & $0.0320095$ & $-0.00777537$ & $-0.00654132$ & $0.10537$ & $-0.0777546$ & $0.0253593$ & $0.019234$ & $1$ & $-0.0158529$ & $0.0726895$ & $-0.000500651$ & $-0.00781016$ & $0.0109061$ & $0.0634402$ & $-0.0605015$ & $0.0792124$ & $-0.0602542$ & $0.0343091$ \\
eHZZpar & $-0.000695801$ & $-0.019286$ & $0.0232173$ & $0.0321009$ & $-0.00421688$ & $-0.0225732$ & $-0.0279229$ & $0.000247556$ & $-0.00434727$ & $0.0109853$ & $-0.0147441$ & $0.00439385$ & $0.0119705$ & $0.033297$ & $-0.00319753$ & $-0.00632077$ & $0.0246473$ & $0.0280895$ & $0.0289125$ & $0.0146969$ & $0.0158315$ & $0.0121595$ & $-0.00355749$ & $0.0267504$ & $0.0246822$ & $-0.0111494$ & $0.00461963$ & $0.00481657$ & $0.00643262$ & $-0.00330009$ & $0.000425393$ & $-0.0227983$ & $0.00603918$ & $-0.00127436$ & $0.00282841$ & $0.0142793$ & $-0.0359678$ & $0.0091431$ & $-0.0158529$ & $1$ & $0.00982549$ & $-0.0067482$ & $-0.00413675$ & $-0.000137405$ & $-0.00436598$ & $-0.0256716$ & $0.0198768$ & $-0.0434229$ & $0.018481$ \\
eHZgaint & $0.00264886$ & $-0.00218161$ & $-0.120145$ & $0.0385785$ & $0.0415847$ & $-0.000733833$ & $-0.0351139$ & $-0.000877012$ & $-0.0080567$ & $-0.0611267$ & $0.00940844$ & $-0.0281195$ & $0.00920958$ & $-0.0181642$ & $-0.0260702$ & $-0.00814096$ & $-0.011977$ & $0.00104579$ & $-0.0162901$ & $-0.011486$ & $-0.00875737$ & $-0.0160181$ & $0.0155971$ & $-0.00411581$ & $-0.00168261$ & $0.00748201$ & $0.0254554$ & $-0.00360202$ & $0.000285389$ & $0.0081956$ & $0.072723$ & $-0.0379255$ & $0.0149497$ & $0.0213016$ & $-0.00102759$ & $0.00540113$ & $-0.134687$ & $0.0114307$ & $0.0726895$ & $0.00982549$ & $1$ & $0.0134121$ & $-0.0399697$ & $-0.0499415$ & $-0.024916$ & $-0.124311$ & $0.182185$ & $0.112437$ & $-0.0185304$ \\
eHZgapar & $0.00794656$ & $-0.0219371$ & $-0.0194334$ & $-0.0560433$ & $-0.00181367$ & $-0.015922$ & $-0.0139151$ & $0.0145345$ & $0.0135799$ & $-0.0215166$ & $-0.0258599$ & $0.0238474$ & $0.0242457$ & $0.018034$ & $0.00513522$ & $0.0251526$ & $0.0200784$ & $0.016091$ & $0.000562127$ & $0.0263852$ & $0.0240995$ & $0.0210292$ & $0.0282684$ & $0.00590632$ & $0.00621332$ & $-0.0384354$ & $-0.00368758$ & $-0.0112183$ & $0.00297748$ & $0.0335547$ & $-0.0090427$ & $-0.00851032$ & $0.0341228$ & $0.00784698$ & $0.0031012$ & $0.0100715$ & $-0.0653289$ & $0.0125595$ & $-0.000500651$ & $-0.0067482$ & $0.0134121$ & $1$ & $0.00999901$ & $-0.00766976$ & $0.0297022$ & $-0.00925516$ & $-0.0285828$ & $-0.0047796$ & $0.00751425$ \\
eHgagaint & $-0.089655$ & $0.00152604$ & $-0.0108027$ & $-0.00349899$ & $-0.00458018$ & $-0.00937295$ & $-0.0168146$ & $0.0125656$ & $0.0705893$ & $-0.030236$ & $-0.0116909$ & $0.0265557$ & $0.0343455$ & $-0.00741258$ & $0.00504679$ & $0.0102714$ & $0.00313769$ & $-0.00511434$ & $-0.00409705$ & $0.0111354$ & $0.0115468$ & $0.0159781$ & $0.00734126$ & $-0.00749166$ & $0.0101242$ & $-0.0236053$ & $0.0111456$ & $-0.02557$ & $-0.00812354$ & $0.0251414$ & $-0.0427562$ & $-0.0020703$ & $-0.0153073$ & $0.010352$ & $0.176777$ & $0.00596402$ & $-0.00311274$ & $-0.00829559$ & $-0.00781016$ & $-0.00413675$ & $-0.0399697$ & $0.00999901$ & $1$ & $0.050236$ & $0.024497$ & $-0.061097$ & $-0.0638549$ & $-0.175869$ & $-0.0173017$ \\
eHmumuint & $-0.0409157$ & $0.0703151$ & $0.014042$ & $0.11166$ & $0.016475$ & $0.0252977$ & $0.0113859$ & $-0.00750509$ & $-0.00052888$ & $-0.0154367$ & $0.0275155$ & $-0.024747$ & $-0.0310723$ & $-0.0395476$ & $0.00712219$ & $0.00237064$ & $-0.0383967$ & $-0.0395152$ & $-0.0386333$ & $-0.0227866$ & $-0.0264331$ & $-0.0255838$ & $-0.011643$ & $-0.0154297$ & $-0.0489132$ & $0.0156695$ & $-0.0345709$ & $-0.012603$ & $0.0136751$ & $-0.0256476$ & $0.0234604$ & $0.0037745$ & $0.00316251$ & $-0.00895772$ & $-0.0189946$ & $0.022048$ & $0.0910463$ & $0.0137815$ & $0.0109061$ & $-0.000137405$ & $-0.0499415$ & $-0.00766976$ & $0.050236$ & $1$ & $0.0441138$ & $-0.000103244$ & $0.133611$ & $0.0260462$ & $0.0604211$ \\
eHtautauint & $-0.0514382$ & $0.0234231$ & $-0.0296339$ & $0.0228223$ & $-0.0106491$ & $-0.0259054$ & $-0.0336613$ & $0.0230424$ & $0.0223258$ & $-0.0173293$ & $-0.025941$ & $-0.0142118$ & $0.0130683$ & $0.00206419$ & $0.00566028$ & $0.0155597$ & $0.00964198$ & $0.000139853$ & $-0.00364173$ & $0.0270246$ & $0.027038$ & $0.0272094$ & $0.0198396$ & $-0.010165$ & $0.00115738$ & $-0.0289751$ & $0.00931246$ & $-0.00497974$ & $-0.00322609$ & $0.0420618$ & $-0.0209848$ & $-0.0327545$ & $-0.0360846$ & $0.0192617$ & $0.0487234$ & $-0.0653472$ & $-0.0337518$ & $0.00542262$ & $0.0634402$ & $-0.00436598$ & $-0.024916$ & $0.0297022$ & $0.024497$ & $0.0441138$ & $1$ & $0.0732356$ & $-0.0716152$ & $0.0368538$ & $-0.0783556$ \\
eHccint & $-0.0371876$ & $0.18137$ & $0.0632961$ & $-0.0691718$ & $0.00820617$ & $0.0101554$ & $0.0112652$ & $-0.0048761$ & $-0.00410213$ & $0.0130553$ & $-0.0101751$ & $-0.0149869$ & $-0.0201922$ & $0.0296386$ & $-0.0136616$ & $0.0122992$ & $0.0259453$ & $0.0334062$ & $0.0194251$ & $0.0152137$ & $0.0171211$ & $0.0226654$ & $-0.0169877$ & $0.0172437$ & $0.0207986$ & $-0.000929787$ & $-0.00364378$ & $-0.0034392$ & $-0.00468766$ & $-0.00816446$ & $0.050499$ & $0.00253974$ & $0.00949046$ & $0.0172509$ & $-0.119701$ & $0.0124498$ & $0.0910654$ & $-0.00671145$ & $-0.0605015$ & $-0.0256716$ & $-0.124311$ & $-0.00925516$ & $-0.061097$ & $-0.000103244$ & $0.0732356$ & $1$ & $-0.0277803$ & $0.147551$ & $0.00485101$ \\
eHccpar & $-0.119043$ & $0.0108505$ & $-0.0584183$ & $0.0352016$ & $0.0294653$ & $-0.0172845$ & $-0.0623083$ & $-0.0108731$ & $-0.021891$ & $4.47039e-05$ & $0.00323643$ & $0.0132111$ & $0.00404162$ & $0.00881879$ & $0.00742119$ & $-0.0154963$ & $0.0202606$ & $0.0088805$ & $0.0196969$ & $-0.00204701$ & $-0.00247363$ & $-0.00548359$ & $-0.00459702$ & $0.0102924$ & $0.0251684$ & $0.00487447$ & $-0.00716658$ & $-0.0251216$ & $-0.00311537$ & $-0.0454029$ & $0.316854$ & $-0.0455467$ & $0.0285891$ & $-0.0129871$ & $0.141019$ & $0.162418$ & $0.121698$ & $-0.00783859$ & $0.0792124$ & $0.0198768$ & $0.182185$ & $-0.0285828$ & $-0.0638549$ & $0.133611$ & $-0.0716152$ & $-0.0277803$ & $1$ & $0.0824774$ & $0.111384$ \\
eHbbint & $0.0157837$ & $-0.0805255$ & $0.0431435$ & $-0.0255344$ & $0.0276918$ & $0.0074707$ & $0.0370066$ & $0.00801407$ & $-0.000186957$ & $0.00579126$ & $-0.00328619$ & $-0.0280156$ & $-0.0191097$ & $-0.00234961$ & $-0.00652777$ & $-0.00940426$ & $-0.000570233$ & $-0.00096434$ & $-0.00296373$ & $-0.00134328$ & $0.00411053$ & $0.0024785$ & $-0.002715$ & $-0.00671568$ & $-0.0123651$ & $0.00188779$ & $-0.00105955$ & $-0.00830229$ & $0.0157415$ & $0.0116755$ & $0.0510157$ & $0.0402665$ & $0.107092$ & $0.0108231$ & $-0.0706055$ & $0.0846011$ & $-0.000867563$ & $-0.00288139$ & $-0.0602542$ & $-0.0434229$ & $0.112437$ & $-0.0047796$ & $-0.175869$ & $0.0260462$ & $0.0368538$ & $0.147551$ & $0.0824774$ & $1$ & $-0.0249353$ \\
eHbbpar & $0.0652081$ & $-0.0786237$ & $-0.0341875$ & $-0.0592473$ & $-0.0042449$ & $-0.00621528$ & $-0.0130255$ & $0.00913609$ & $0.0041197$ & $0.0188175$ & $-0.00954386$ & $-0.012988$ & $-0.0175369$ & $0.0139982$ & $-0.0205341$ & $-0.0106913$ & $-0.00657827$ & $0.0135854$ & $0.000458209$ & $0.00572031$ & $0.00918463$ & $0.00378702$ & $-0.0076578$ & $-0.0107744$ & $0.00278524$ & $0.0031891$ & $0.0146403$ & $0.0155688$ & $-0.00985252$ & $-0.0273334$ & $0.0283841$ & $-0.00512168$ & $0.412204$ & $0.0135299$ & $0.110618$ & $-0.0693262$ & $-0.0252431$ & $-0.0228639$ & $0.0343091$ & $0.018481$ & $-0.0185304$ & $0.00751425$ & $-0.0173017$ & $0.0604211$ & $-0.0783556$ & $0.00485101$ & $0.111384$ & $-0.0249353$ & $1$ \\
