 & AlsMz & dAle5Mz & mtop & mHl & Mz & CW & CHG & CHWB & CHWHB_gaga & CHWHB_gagaorth & CHD & CHbox & CHL1_11 & CHL1_22 & CHL1_33 & CHL3_11 & CHL3_22 & CHL3_33 & CHe_11 & CHe_22 & CHe_33 & CHQ1_11 & CHQ1_33 & CHQ3_11 & CHu_11 & CHd_11 & CHd_33 & CeH_22r & CeH_33r & CuH_22r & CuH_33r & CdH_33r & CLL_1221 & eHggint & eHggpar & eHWWint & eHWWpar & eHZZint & eHZZpar & eHZgaint & eHZgapar & eHgagaint & eHmumuint & eHtautauint & eHccint & eHccpar & eHbbint & eHbbpar \\
AlsMz & $1$ & $-0.492941$ & $-0.104467$ & $-0.0408825$ & $0.00947667$ & $0.022717$ & $-0.074605$ & $0.0164625$ & $0.00765242$ & $-0.0205401$ & $0.018174$ & $-0.00770831$ & $-0.0570915$ & $-0.0167036$ & $0.0182628$ & $-0.0666562$ & $-0.055903$ & $-0.0753763$ & $-0.0184413$ & $-0.0190531$ & $-0.0193896$ & $-0.0156219$ & $-0.0496092$ & $-0.0860952$ & $0.0159713$ & $-0.0141764$ & $-0.0659389$ & $0.00262674$ & $-0.0153532$ & $0.0275596$ & $-0.0441419$ & $0.0308613$ & $0.0186282$ & $0.242284$ & $0.339446$ & $0.311049$ & $0.0345216$ & $-0.10781$ & $-0.0116638$ & $-0.562537$ & $0.248689$ & $0.233208$ & $0.707039$ & $0.252284$ & $-0.0551232$ & $0.170234$ & $0.0986246$ & $0.169201$ \\
dAle5Mz & $-0.492941$ & $1$ & $0.218395$ & $0.518311$ & $0.0444177$ & $0.00200804$ & $0.0892069$ & $-0.0482911$ & $-0.0397199$ & $0.0476958$ & $0.0240691$ & $0.0458052$ & $0.00836377$ & $0.00678035$ & $-0.0164074$ & $0.0516302$ & $0.0356879$ & $0.0525381$ & $-0.0183068$ & $-0.0194906$ & $-0.0198482$ & $-0.0250943$ & $0.0364344$ & $0.0217027$ & $0.0160611$ & $-0.0769094$ & $0.0101213$ & $0.00244892$ & $0.00765786$ & $-0.0203304$ & $0.0790125$ & $-0.0141372$ & $-0.0314626$ & $-0.20238$ & $0.190774$ & $-0.484083$ & $-0.116078$ & $0.202352$ & $-0.145027$ & $0.158705$ & $-0.133734$ & $0.0928329$ & $-0.509863$ & $-0.561836$ & $0.282994$ & $-0.517759$ & $0.301653$ & $-0.232022$ \\
mtop & $-0.104467$ & $0.218395$ & $1$ & $-0.0104017$ & $0.0161188$ & $-0.000852062$ & $0.117396$ & $0.0424615$ & $0.0520143$ & $-0.114591$ & $-0.0389668$ & $-0.0784457$ & $0.0124438$ & $-0.0194785$ & $-0.0234326$ & $0.00341829$ & $0.00681995$ & $0.00986177$ & $0.0346817$ & $0.0467497$ & $0.0481707$ & $0.0289448$ & $-0.0271219$ & $0.0310793$ & $-0.0206429$ & $0.111302$ & $-0.00787468$ & $0.0179703$ & $0.0547353$ & $0.087982$ & $0.123094$ & $0.0590265$ & $0.0658815$ & $-0.219092$ & $-0.222456$ & $-0.0529975$ & $-0.405046$ & $-0.00587625$ & $-0.20646$ & $0.351799$ & $-0.165935$ & $0.26279$ & $-0.348294$ & $-0.0474822$ & $0.0637578$ & $0.0900275$ & $0.348613$ & $-0.131223$ \\
mHl & $-0.0408825$ & $0.518311$ & $-0.0104017$ & $1$ & $0.0128643$ & $0.0439258$ & $-0.0288836$ & $-0.116368$ & $-0.111325$ & $0.118928$ & $0.0993394$ & $0.0881408$ & $-0.0126069$ & $-0.0215697$ & $-0.0202923$ & $0.0193989$ & $0.0388035$ & $0.0367909$ & $-0.0913464$ & $-0.100402$ & $-0.100788$ & $-0.0685192$ & $0.0811773$ & $0.00808239$ & $0.080989$ & $-0.134564$ & $-0.0663199$ & $0.00628777$ & $-0.0140056$ & $0.00397304$ & $-0.0389843$ & $-0.0231443$ & $-0.0936104$ & $0.127929$ & $0.117933$ & $-0.113013$ & $-0.0392796$ & $0.280639$ & $-0.170914$ & $-0.0451994$ & $0.151718$ & $0.0911564$ & $0.0580083$ & $-0.64094$ & $0.361007$ & $-0.214177$ & $0.20725$ & $-0.301679$ \\
Mz & $0.00947667$ & $0.0444177$ & $0.0161188$ & $0.0128643$ & $1$ & $-0.00250274$ & $-0.0163309$ & $0.0261985$ & $0.0292902$ & $-0.00252828$ & $-0.0478943$ & $-0.0359779$ & $0.0520213$ & $0.0377639$ & $0.0825504$ & $0.0589546$ & $0.0356429$ & $0.000513462$ & $0.0529315$ & $0.0493219$ & $0.0566262$ & $-0.0659033$ & $0.0276211$ & $0.00649916$ & $0.00413343$ & $-0.0510904$ & $0.0171792$ & $-0.0121515$ & $-0.0259031$ & $-0.0130655$ & $-0.0373327$ & $-0.00853899$ & $0.00454502$ & $0.024584$ & $-0.0190805$ & $-0.0454354$ & $0.00360287$ & $-0.049446$ & $0.0154488$ & $-0.0337644$ & $0.0022532$ & $-0.0597249$ & $-0.0164545$ & $0.00192597$ & $0.091622$ & $-0.0466202$ & $0.0796994$ & $0.0300299$ \\
CW & $0.022717$ & $0.00200804$ & $-0.000852062$ & $0.0439258$ & $-0.00250274$ & $1$ & $-0.0405386$ & $-0.053692$ & $-0.050951$ & $0.0319751$ & $0.136201$ & $0.0789128$ & $0.0246089$ & $-0.100538$ & $-0.0856611$ & $-0.312383$ & $-0.0957842$ & $-0.102111$ & $-0.133818$ & $-0.138514$ & $-0.134741$ & $0.0332417$ & $-0.0707917$ & $-0.136549$ & $0.0750159$ & $-0.0351566$ & $-0.062906$ & $-0.024311$ & $-0.0299662$ & $-0.0218902$ & $-0.044119$ & $-0.0233012$ & $-0.0949456$ & $-0.0155456$ & $-0.0324966$ & $0.0603768$ & $0.0461524$ & $0.0292227$ & $-0.0395644$ & $-0.028082$ & $-0.0278636$ & $-0.0505566$ & $-0.00541716$ & $0.0235847$ & $-0.0108296$ & $0.0427311$ & $-0.00137135$ & $0.0389458$ \\
CHG & $-0.074605$ & $0.0892069$ & $0.117396$ & $-0.0288836$ & $-0.0163309$ & $-0.0405386$ & $1$ & $0.0623521$ & $0.0947178$ & $-0.0995257$ & $-0.0375072$ & $-0.07254$ & $-0.0300261$ & $0.0414025$ & $0.0184436$ & $-0.0437459$ & $-0.0699722$ & $-0.0520463$ & $0.0377616$ & $0.0383709$ & $0.0417331$ & $0.0613447$ & $-0.0665707$ & $-0.0490481$ & $-0.0590629$ & $0.0418415$ & $-0.022208$ & $-0.0290078$ & $-0.131568$ & $-0.0715891$ & $0.872723$ & $-0.166373$ & $0.027879$ & $0.124374$ & $0.0766304$ & $0.0908891$ & $-0.069086$ & $-0.00232691$ & $-0.0963501$ & $0.0567828$ & $-0.108171$ & $0.071812$ & $0.0299231$ & $-0.0242497$ & $0.0665983$ & $0.0144797$ & $-0.0252541$ & $-0.0851152$ \\
CHWB & $0.0164625$ & $-0.0482911$ & $0.0424615$ & $-0.116368$ & $0.0261985$ & $-0.053692$ & $0.0623521$ & $1$ & $0.991335$ & $-0.557616$ & $-0.869318$ & $-0.29743$ & $0.199045$ & $0.425033$ & $0.450997$ & $-0.284827$ & $-0.443371$ & $-0.474015$ & $0.851092$ & $0.885017$ & $0.877808$ & $0.0351731$ & $-0.676896$ & $-0.436744$ & $-0.588046$ & $0.426118$ & $0.375799$ & $0.00732873$ & $0.0342864$ & $-0.00015672$ & $0.0558613$ & $0.0297427$ & $0.575128$ & $0.0249453$ & $0.02156$ & $0.048958$ & $0.0187163$ & $-0.11322$ & $0.0364337$ & $-0.0268945$ & $-0.0225001$ & $0.0505593$ & $-0.0400131$ & $0.0740468$ & $0.0761285$ & $0.0240031$ & $0.0781364$ & $0.0967922$ \\
CHWHB_gaga & $0.00765242$ & $-0.0397199$ & $0.0520143$ & $-0.111325$ & $0.0292902$ & $-0.050951$ & $0.0947178$ & $0.991335$ & $1$ & $-0.551531$ & $-0.859411$ & $-0.276592$ & $0.192831$ & $0.418716$ & $0.445472$ & $-0.286849$ & $-0.442785$ & $-0.472917$ & $0.84143$ & $0.875162$ & $0.868832$ & $0.0375389$ & $-0.67454$ & $-0.434644$ & $-0.58218$ & $0.426941$ & $0.369676$ & $0.0118533$ & $0.0496117$ & $0.00937336$ & $0.0782981$ & $0.0504968$ & $0.572056$ & $0.0231369$ & $0.0196374$ & $0.0509552$ & $0.0155695$ & $-0.116784$ & $0.0331873$ & $-0.0227149$ & $-0.0238133$ & $0.0570315$ & $-0.0413441$ & $0.0646337$ & $0.084316$ & $0.0172647$ & $0.0826998$ & $0.090038$ \\
CHWHB_gagaorth & $-0.0205401$ & $0.0476958$ & $-0.114591$ & $0.118928$ & $-0.00252828$ & $0.0319751$ & $-0.0995257$ & $-0.557616$ & $-0.551531$ & $1$ & $0.465171$ & $0.698078$ & $-0.0757561$ & $-0.26585$ & $-0.241221$ & $0.198321$ & $0.301595$ & $0.291333$ & $-0.456257$ & $-0.473236$ & $-0.473052$ & $-0.036576$ & $0.393529$ & $0.288633$ & $0.324884$ & $-0.219406$ & $-0.21301$ & $-0.00449661$ & $-0.0969141$ & $-0.034685$ & $-0.0706283$ & $-0.116734$ & $-0.293213$ & $-0.0311495$ & $0.00591236$ & $-0.0693738$ & $-0.0183188$ & $0.0323581$ & $-0.0148826$ & $-0.0279481$ & $0.0499769$ & $-0.0389601$ & $0.0592534$ & $-0.118075$ & $0.0119641$ & $-0.0835354$ & $-0.0230204$ & $-0.0653492$ \\
CHD & $0.018174$ & $0.0240691$ & $-0.0389668$ & $0.0993394$ & $-0.0478943$ & $0.136201$ & $-0.0375072$ & $-0.869318$ & $-0.859411$ & $0.465171$ & $1$ & $0.424318$ & $-0.615351$ & $-0.546591$ & $-0.575258$ & $-0.196885$ & $0.0135337$ & $0.0493149$ & $-0.994931$ & $-0.994988$ & $-0.981816$ & $0.0490374$ & $0.267404$ & $-0.00357751$ & $0.653587$ & $-0.268989$ & $-0.432559$ & $-0.01004$ & $-0.0320541$ & $-0.00927021$ & $-0.0127135$ & $-0.046415$ & $-0.361694$ & $-0.0347629$ & $-0.0363867$ & $0.0471357$ & $-0.0249524$ & $0.0887085$ & $-0.0541238$ & $0.00888482$ & $-0.0403913$ & $-0.0737296$ & $0.0312782$ & $-0.0415703$ & $-0.0772735$ & $-0.000574173$ & $-0.0969629$ & $-0.053854$ \\
CHbox & $-0.00770831$ & $0.0458052$ & $-0.0784457$ & $0.0881408$ & $-0.0359779$ & $0.0789128$ & $-0.07254$ & $-0.29743$ & $-0.276592$ & $0.698078$ & $0.424318$ & $1$ & $-0.374557$ & $-0.1903$ & $-0.194633$ & $-0.229749$ & $-0.152512$ & $-0.146593$ & $-0.414312$ & $-0.424426$ & $-0.423203$ & $0.00130004$ & $-0.00964773$ & $-0.14807$ & $0.293509$ & $-0.107162$ & $-0.200333$ & $0.0213872$ & $0.178567$ & $0.0563256$ & $0.034567$ & $0.213164$ & $-0.129804$ & $-0.0153391$ & $0.0149985$ & $0.000487759$ & $-0.00182212$ & $-0.00720825$ & $-0.0116418$ & $-0.0165746$ & $0.00695183$ & $-0.0266497$ & $0.0400703$ & $-0.104693$ & $0.0462662$ & $-0.0758473$ & $-0.0173449$ & $-0.0361943$ \\
CHL1_11 & $-0.0570915$ & $0.00836377$ & $0.0124438$ & $-0.0126069$ & $0.0520213$ & $0.0246089$ & $-0.0300261$ & $0.199045$ & $0.192831$ & $-0.0757561$ & $-0.615351$ & $-0.374557$ & $1$ & $0.364867$ & $0.384159$ & $0.636952$ & $0.616175$ & $0.593141$ & $0.628263$ & $0.584685$ & $0.570921$ & $-0.13804$ & $0.449428$ & $0.61091$ & $-0.37588$ & $-0.100835$ & $0.254731$ & $0.000244881$ & $0.00313109$ & $0.0122193$ & $-0.0697585$ & $0.0411551$ & $-0.1909$ & $0.0333525$ & $0.0133017$ & $-0.145664$ & $0.0315447$ & $0.00557795$ & $0.049997$ & $0.015812$ & $0.113464$ & $0.0363295$ & $-0.00235963$ & $-0.0181171$ & $0.032741$ & $-0.0127503$ & $0.0636541$ & $-0.0261116$ \\
CHL1_22 & $-0.0167036$ & $0.00678035$ & $-0.0194785$ & $-0.0215697$ & $0.0377639$ & $-0.100538$ & $0.0414025$ & $0.425033$ & $0.418716$ & $-0.26585$ & $-0.546591$ & $-0.1903$ & $0.364867$ & $1$ & $0.524532$ & $0.161089$ & $-0.317377$ & $-0.0263778$ & $0.589604$ & $0.489094$ & $0.476887$ & $-0.210812$ & $0.031049$ & $-0.0747165$ & $-0.307903$ & $-0.305683$ & $0.215323$ & $0.00416854$ & $0.0208033$ & $0.025454$ & $0.0421878$ & $0.0562484$ & $-0.4564$ & $0.0117276$ & $0.0330394$ & $-0.0524249$ & $-0.0082574$ & $-0.0316055$ & $0.00882931$ & $0.00544671$ & $0.0313839$ & $0.031305$ & $0.0139124$ & $-0.03214$ & $0.076354$ & $-0.0261305$ & $0.0426396$ & $0.0455756$ \\
CHL1_33 & $0.0182628$ & $-0.0164074$ & $-0.0234326$ & $-0.0202923$ & $0.0825504$ & $-0.0856611$ & $0.0184436$ & $0.450997$ & $0.445472$ & $-0.241221$ & $-0.575258$ & $-0.194633$ & $0.384159$ & $0.524532$ & $1$ & $0.169889$ & $0.00114144$ & $-0.317818$ & $0.615528$ & $0.521123$ & $0.527039$ & $-0.190039$ & $0.0195585$ & $-0.0753653$ & $-0.329416$ & $-0.285822$ & $0.239058$ & $-0.0134293$ & $-0.00368231$ & $0.0101839$ & $0.0146675$ & $0.0313978$ & $0.0115291$ & $0.0524404$ & $0.0326537$ & $-0.010025$ & $0.0372291$ & $-0.0544251$ & $0.0306552$ & $-0.0321808$ & $-0.00528068$ & $0.0579387$ & $0.010684$ & $-0.00610979$ & $0.053856$ & $0.0159337$ & $0.0113492$ & $0.039851$ \\
CHL3_11 & $-0.0666562$ & $0.0516302$ & $0.00341829$ & $0.0193989$ & $0.0589546$ & $-0.312383$ & $-0.0437459$ & $-0.284827$ & $-0.286849$ & $0.198321$ & $-0.196885$ & $-0.229749$ & $0.636952$ & $0.161089$ & $0.169889$ & $1$ & $0.822389$ & $0.811685$ & $0.213066$ & $0.169309$ & $0.158748$ & $-0.128939$ & $0.76404$ & $0.852592$ & $-0.0985521$ & $-0.234083$ & $0.0984592$ & $0.0120159$ & $0.00508947$ & $0.0199022$ & $-0.0750834$ & $0.032385$ & $-0.299189$ & $0.00931103$ & $0.0343648$ & $-0.18076$ & $-0.0016086$ & $0.04132$ & $0.0304198$ & $0.0446522$ & $0.107324$ & $0.0505759$ & $0.00973193$ & $-0.0529483$ & $-0.0054157$ & $-0.052671$ & $0.0363957$ & $-0.0890652$ \\
CHL3_22 & $-0.055903$ & $0.0356879$ & $0.00681995$ & $0.0388035$ & $0.0356429$ & $-0.0957842$ & $-0.0699722$ & $-0.443371$ & $-0.442785$ & $0.301595$ & $0.0135337$ & $-0.152512$ & $0.616175$ & $-0.317377$ & $0.00114144$ & $0.822389$ & $1$ & $0.793436$ & $-0.0103737$ & $-0.0211847$ & $-0.0247094$ & $-0.0471473$ & $0.745625$ & $0.86887$ & $0.0197428$ & $-0.122899$ & $0.00630794$ & $0.000744356$ & $-0.0167517$ & $0.00359288$ & $-0.105675$ & $0.00146619$ & $-0.116945$ & $0.0169642$ & $0.00640789$ & $-0.148023$ & $0.0205229$ & $0.0587179$ & $0.0325854$ & $0.0306011$ & $0.100023$ & $0.0264103$ & $0.00636297$ & $-0.0375586$ & $-0.0371763$ & $-0.0236671$ & $0.0127617$ & $-0.102504$ \\
CHL3_33 & $-0.0753763$ & $0.0525381$ & $0.00986177$ & $0.0367909$ & $0.000513462$ & $-0.102111$ & $-0.0520463$ & $-0.474015$ & $-0.472917$ & $0.291333$ & $0.0493149$ & $-0.146593$ & $0.593141$ & $-0.0263778$ & $-0.317818$ & $0.811685$ & $0.793436$ & $1$ & $-0.0455381$ & $-0.0569013$ & $-0.0596818$ & $-0.0530085$ & $0.752677$ & $0.875156$ & $0.0429211$ & $-0.123376$ & $-0.013693$ & $0.0104442$ & $-0.000727395$ & $0.01389$ & $-0.083773$ & $0.0187655$ & $-0.422217$ & $-0.0130306$ & $0.00842206$ & $-0.177377$ & $-0.00829792$ & $0.0728258$ & $0.0131284$ & $0.050839$ & $0.12514$ & $0.0135827$ & $0.0123493$ & $-0.0603001$ & $-0.02476$ & $-0.0539438$ & $0.0360343$ & $-0.096361$ \\
CHe_11 & $-0.0184413$ & $-0.0183068$ & $0.0346817$ & $-0.0913464$ & $0.0529315$ & $-0.133818$ & $0.0377616$ & $0.851092$ & $0.84143$ & $-0.456257$ & $-0.994931$ & $-0.414312$ & $0.628263$ & $0.589604$ & $0.615528$ & $0.213066$ & $-0.0103737$ & $-0.0455381$ & $1$ & $0.984673$ & $0.971403$ & $-0.0700185$ & $-0.230983$ & $0.0122744$ & $-0.644916$ & $0.214557$ & $0.430448$ & $0.00872592$ & $0.0277216$ & $0.0101031$ & $0.0126204$ & $0.0454763$ & $0.305032$ & $0.0372979$ & $0.0400512$ & $-0.0530015$ & $0.0252915$ & $-0.0865166$ & $0.0548018$ & $-0.0102061$ & $0.0428622$ & $0.0787458$ & $-0.0268134$ & $0.0305679$ & $0.0809936$ & $-0.00340763$ & $0.0977635$ & $0.0510354$ \\
CHe_22 & $-0.0190531$ & $-0.0194906$ & $0.0467497$ & $-0.100402$ & $0.0493219$ & $-0.138514$ & $0.0383709$ & $0.885017$ & $0.875162$ & $-0.473236$ & $-0.994988$ & $-0.424426$ & $0.584685$ & $0.489094$ & $0.521123$ & $0.169309$ & $-0.0211847$ & $-0.0569013$ & $0.984673$ & $1$ & $0.985154$ & $-0.0242377$ & $-0.311517$ & $-0.0120359$ & $-0.65742$ & $0.330914$ & $0.432865$ & $0.0108453$ & $0.0335108$ & $0.00780787$ & $0.0128691$ & $0.0434632$ & $0.427721$ & $0.0331491$ & $0.0358303$ & $-0.0446348$ & $0.0238844$ & $-0.0900004$ & $0.0528094$ & $-0.00886231$ & $0.0367373$ & $0.0743798$ & $-0.0377838$ & $0.044356$ & $0.0772027$ & $-0.000725709$ & $0.102539$ & $0.0530156$ \\
CHe_33 & $-0.0193896$ & $-0.0198482$ & $0.0481707$ & $-0.100788$ & $0.0566262$ & $-0.134741$ & $0.0417331$ & $0.877808$ & $0.868832$ & $-0.473052$ & $-0.981816$ & $-0.423203$ & $0.570921$ & $0.476887$ & $0.527039$ & $0.158748$ & $-0.0247094$ & $-0.0596818$ & $0.971403$ & $0.985154$ & $1$ & $-0.0212055$ & $-0.316703$ & $-0.0171222$ & $-0.64804$ & $0.333797$ & $0.427599$ & $0.00969198$ & $0.0313507$ & $0.00461306$ & $0.0174003$ & $0.0415137$ & $0.432551$ & $0.0262935$ & $0.0411559$ & $-0.0428044$ & $0.0293794$ & $-0.0929853$ & $0.0525201$ & $-0.00539829$ & $0.0351483$ & $0.0805399$ & $-0.038489$ & $0.0390472$ & $0.0795962$ & $-0.00701491$ & $0.10796$ & $0.0553381$ \\
CHQ1_11 & $-0.0156219$ & $-0.0250943$ & $0.0289448$ & $-0.0685192$ & $-0.0659033$ & $0.0332417$ & $0.0613447$ & $0.0351731$ & $0.0375389$ & $-0.036576$ & $0.0490374$ & $0.00130004$ & $-0.13804$ & $-0.210812$ & $-0.190039$ & $-0.128939$ & $-0.0471473$ & $-0.0530085$ & $-0.0700185$ & $-0.0242377$ & $-0.0212055$ & $1$ & $-0.156959$ & $0.00332625$ & $-0.589219$ & $0.364423$ & $0.0134284$ & $0.00923835$ & $0.0111095$ & $-0.0337294$ & $0.0626312$ & $-0.00702141$ & $0.21611$ & $0.0332065$ & $-0.0336147$ & $0.0609945$ & $0.0150046$ & $0.0681997$ & $-0.015897$ & $0.0594743$ & $-0.066322$ & $-0.0584679$ & $-0.0522354$ & $0.084393$ & $-0.0620356$ & $0.0727549$ & $-0.0769607$ & $-0.00259593$ \\
CHQ1_33 & $-0.0496092$ & $0.0364344$ & $-0.0271219$ & $0.0811773$ & $0.0276211$ & $-0.0707917$ & $-0.0665707$ & $-0.676896$ & $-0.67454$ & $0.393529$ & $0.267404$ & $-0.00964773$ & $0.449428$ & $0.031049$ & $0.0195585$ & $0.76404$ & $0.745625$ & $0.752677$ & $-0.230983$ & $-0.311517$ & $-0.316703$ & $-0.156959$ & $1$ & $0.767611$ & $0.214956$ & $-0.460082$ & $-0.0423458$ & $0.000133388$ & $-0.0316129$ & $0.0131036$ & $-0.0834$ & $0.00182473$ & $-0.647594$ & $0.00267727$ & $-0.00558244$ & $-0.137584$ & $0.00179861$ & $0.0816979$ & $-0.00746187$ & $0.0440961$ & $0.0809952$ & $0.0142022$ & $0.0363214$ & $-0.0850669$ & $-0.0273587$ & $-0.0303513$ & $-0.02347$ & $-0.1027$ \\
CHQ3_11 & $-0.0860952$ & $0.0217027$ & $0.0310793$ & $0.00808239$ & $0.00649916$ & $-0.136549$ & $-0.0490481$ & $-0.436744$ & $-0.434644$ & $0.288633$ & $-0.00357751$ & $-0.14807$ & $0.61091$ & $-0.0747165$ & $-0.0753653$ & $0.852592$ & $0.86887$ & $0.875156$ & $0.0122744$ & $-0.0120359$ & $-0.0171222$ & $0.00332625$ & $0.767611$ & $1$ & $0.00735039$ & $0.0345048$ & $0.00983513$ & $0.0137951$ & $-0.00480119$ & $0.014759$ & $-0.0777854$ & $0.0220461$ & $-0.315936$ & $-0.0109941$ & $-0.0245555$ & $-0.148365$ & $-0.00980658$ & $0.0912908$ & $0.0200353$ & $0.0976058$ & $0.119545$ & $0.0103788$ & $-0.00882297$ & $-0.0300765$ & $-0.0443112$ & $0.000913011$ & $0.0121467$ & $-0.087768$ \\
CHu_11 & $0.0159713$ & $0.0160611$ & $-0.0206429$ & $0.080989$ & $0.00413343$ & $0.0750159$ & $-0.0590629$ & $-0.588046$ & $-0.58218$ & $0.324884$ & $0.653587$ & $0.293509$ & $-0.37588$ & $-0.307903$ & $-0.329416$ & $-0.0985521$ & $0.0197428$ & $0.0429211$ & $-0.644916$ & $-0.65742$ & $-0.64804$ & $-0.589219$ & $0.214956$ & $0.00735039$ & $1$ & $-0.223738$ & $-0.298242$ & $-0.00752106$ & $-0.0319558$ & $0.00636132$ & $-0.0451606$ & $-0.0357313$ & $-0.297903$ & $-0.0581327$ & $0.0028237$ & $-0.00271574$ & $-0.0338343$ & $0.0117435$ & $-0.0401696$ & $-0.0154921$ & $-0.00167671$ & $-0.00264411$ & $0.0394365$ & $-0.0570364$ & $-0.0337193$ & $-0.037741$ & $0.00459232$ & $-0.0512275$ \\
CHd_11 & $-0.0141764$ & $-0.0769094$ & $0.111302$ & $-0.134564$ & $-0.0510904$ & $-0.0351566$ & $0.0418415$ & $0.426118$ & $0.426941$ & $-0.219406$ & $-0.268989$ & $-0.107162$ & $-0.100835$ & $-0.305683$ & $-0.285822$ & $-0.234083$ & $-0.122899$ & $-0.123376$ & $0.214557$ & $0.330914$ & $0.333797$ & $0.364423$ & $-0.460082$ & $0.0345048$ & $-0.223738$ & $1$ & $0.123178$ & $0.0275579$ & $0.0251139$ & $-0.0129463$ & $0.0406687$ & $0.00044481$ & $0.676652$ & $-0.0323567$ & $-0.055943$ & $0.0765139$ & $-0.0212362$ & $-0.0126149$ & $-0.00138765$ & $0.0824267$ & $-0.00936069$ & $0.00218208$ & $-0.0720348$ & $0.113083$ & $-0.0267247$ & $0.0868092$ & $0.0398272$ & $0.0401348$ \\
CHd_33 & $-0.0659389$ & $0.0101213$ & $-0.00787468$ & $-0.0663199$ & $0.0171792$ & $-0.062906$ & $-0.022208$ & $0.375799$ & $0.369676$ & $-0.21301$ & $-0.432559$ & $-0.200333$ & $0.254731$ & $0.215323$ & $0.239058$ & $0.0984592$ & $0.00630794$ & $-0.013693$ & $0.430448$ & $0.432865$ & $0.427599$ & $0.0134284$ & $-0.0423458$ & $0.00983513$ & $-0.298242$ & $0.123178$ & $1$ & $-0.0133918$ & $-0.00635028$ & $0.0162544$ & $-0.0380972$ & $0.00669073$ & $0.182294$ & $0.0099314$ & $0.0207752$ & $-0.042913$ & $0.0324194$ & $-0.071126$ & $0.018089$ & $0.00512781$ & $-0.0267502$ & $0.0529774$ & $-0.0562154$ & $0.0237183$ & $0.0417899$ & $-0.0463885$ & $0.03573$ & $0.040962$ \\
CeH_22r & $0.00262674$ & $0.00244892$ & $0.0179703$ & $0.00628777$ & $-0.0121515$ & $-0.024311$ & $-0.0290078$ & $0.00732873$ & $0.0118533$ & $-0.00449661$ & $-0.01004$ & $0.0213872$ & $0.000244881$ & $0.00416854$ & $-0.0134293$ & $0.0120159$ & $0.000744356$ & $0.0104442$ & $0.00872592$ & $0.0108453$ & $0.00969198$ & $0.00923835$ & $0.000133388$ & $0.0137951$ & $-0.00752106$ & $0.0275579$ & $-0.0133918$ & $1$ & $0.0602719$ & $0.0269869$ & $-0.042507$ & $0.0555898$ & $0.00747683$ & $-0.0077783$ & $-0.00357525$ & $-0.0142719$ & $-0.00718284$ & $0.0081809$ & $0.0117423$ & $0.0443115$ & $-1.62674e-05$ & $-0.0138051$ & $-0.0235369$ & $0.00270393$ & $0.0349664$ & $-0.0228339$ & $-0.0107372$ & $0.0239457$ \\
CeH_33r & $-0.0153532$ & $0.00765786$ & $0.0547353$ & $-0.0140056$ & $-0.0259031$ & $-0.0299662$ & $-0.131568$ & $0.0342864$ & $0.0496117$ & $-0.0969141$ & $-0.0320541$ & $0.178567$ & $0.00313109$ & $0.0208033$ & $-0.00368231$ & $0.00508947$ & $-0.0167517$ & $-0.000727395$ & $0.0277216$ & $0.0335108$ & $0.0313507$ & $0.0111095$ & $-0.0316129$ & $-0.00480119$ & $-0.0319558$ & $0.0251139$ & $-0.00635028$ & $0.0602719$ & $1$ & $0.322192$ & $0.0751077$ & $0.70614$ & $0.0220752$ & $0.0232711$ & $0.000311548$ & $-0.0309937$ & $-0.00942573$ & $-0.00847882$ & $0.0294628$ & $0.016171$ & $0.00892091$ & $0.0278462$ & $-0.0120647$ & $-0.000108234$ & $0.00973511$ & $0.0142779$ & $0.0309113$ & $-0.0507874$ \\
CuH_22r & $0.0275596$ & $-0.0203304$ & $0.087982$ & $0.00397304$ & $-0.0130655$ & $-0.0218902$ & $-0.0715891$ & $-0.00015672$ & $0.00937336$ & $-0.034685$ & $-0.00927021$ & $0.0563256$ & $0.0122193$ & $0.025454$ & $0.0101839$ & $0.0199022$ & $0.00359288$ & $0.01389$ & $0.0101031$ & $0.00780787$ & $0.00461306$ & $-0.0337294$ & $0.0131036$ & $0.014759$ & $0.00636132$ & $-0.0129463$ & $0.0162544$ & $0.0269869$ & $0.322192$ & $1$ & $0.0648587$ & $0.427712$ & $-0.0193553$ & $-0.00828023$ & $-0.0369197$ & $-0.0241163$ & $-0.0584669$ & $0.00343677$ & $0.0110501$ & $0.0362671$ & $0.0265729$ & $0.0137518$ & $0.0334422$ & $-0.0176645$ & $-0.00653842$ & $0.0638709$ & $0.0248824$ & $-0.0235965$ \\
CuH_33r & $-0.0441419$ & $0.0790125$ & $0.123094$ & $-0.0389843$ & $-0.0373327$ & $-0.044119$ & $0.872723$ & $0.0558613$ & $0.0782981$ & $-0.0706283$ & $-0.0127135$ & $0.034567$ & $-0.0697585$ & $0.0421878$ & $0.0146675$ & $-0.0750834$ & $-0.105675$ & $-0.083773$ & $0.0126204$ & $0.0128691$ & $0.0174003$ & $0.0626312$ & $-0.0834$ & $-0.0777854$ & $-0.0451606$ & $0.0406687$ & $-0.0380972$ & $-0.042507$ & $0.0751077$ & $0.0648587$ & $1$ & $0.118599$ & $0.0235413$ & $0.137921$ & $0.115074$ & $0.101195$ & $-0.0723345$ & $-0.0261569$ & $-0.10711$ & $0.0299474$ & $-0.124577$ & $0.0876097$ & $0.0654078$ & $-0.0333994$ & $0.0694178$ & $0.0184454$ & $-0.0158738$ & $-0.0884732$ \\
CdH_33r & $0.0308613$ & $-0.0141372$ & $0.0590265$ & $-0.0231443$ & $-0.00853899$ & $-0.0233012$ & $-0.166373$ & $0.0297427$ & $0.0504968$ & $-0.116734$ & $-0.046415$ & $0.213164$ & $0.0411551$ & $0.0562484$ & $0.0313978$ & $0.032385$ & $0.00146619$ & $0.0187655$ & $0.0454763$ & $0.0434632$ & $0.0415137$ & $-0.00702141$ & $0.00182473$ & $0.0220461$ & $-0.0357313$ & $0.00044481$ & $0.00669073$ & $0.0555898$ & $0.70614$ & $0.427712$ & $0.118599$ & $1$ & $-0.0149437$ & $0.0142555$ & $0.014072$ & $-0.00604338$ & $0.0108278$ & $-0.0599185$ & $0.0209437$ & $-0.0165159$ & $0.039012$ & $0.0309303$ & $0.0600819$ & $-0.0366586$ & $0.0446069$ & $-0.0114596$ & $0.060649$ & $0.0357897$ \\
CLL_1221 & $0.0186282$ & $-0.0314626$ & $0.0658815$ & $-0.0936104$ & $0.00454502$ & $-0.0949456$ & $0.027879$ & $0.575128$ & $0.572056$ & $-0.293213$ & $-0.361694$ & $-0.129804$ & $-0.1909$ & $-0.4564$ & $0.0115291$ & $-0.299189$ & $-0.116945$ & $-0.422217$ & $0.305032$ & $0.427721$ & $0.432551$ & $0.21611$ & $-0.647594$ & $-0.315936$ & $-0.297903$ & $0.676652$ & $0.182294$ & $0.00747683$ & $0.0220752$ & $-0.0193553$ & $0.0235413$ & $-0.0149437$ & $1$ & $0.00662711$ & $0.00245773$ & $0.0805232$ & $0.0161253$ & $-0.0817841$ & $0.0254132$ & $-0.0181977$ & $-0.0568096$ & $0.0306827$ & $-0.0637396$ & $0.0934105$ & $0.00931423$ & $0.0312512$ & $0.0424347$ & $0.0438244$ \\
eHggint & $0.242284$ & $-0.20238$ & $-0.219092$ & $0.127929$ & $0.024584$ & $-0.0155456$ & $0.124374$ & $0.0249453$ & $0.0231369$ & $-0.0311495$ & $-0.0347629$ & $-0.0153391$ & $0.0333525$ & $0.0117276$ & $0.0524404$ & $0.00931103$ & $0.0169642$ & $-0.0130306$ & $0.0372979$ & $0.0331491$ & $0.0262935$ & $0.0332065$ & $0.00267727$ & $-0.0109941$ & $-0.0581327$ & $-0.0323567$ & $0.0099314$ & $-0.0077783$ & $0.0232711$ & $-0.00828023$ & $0.137921$ & $0.0142555$ & $0.00662711$ & $1$ & $0.182491$ & $0.112537$ & $0.418112$ & $0.348968$ & $0.0799042$ & $-0.0456183$ & $0.0509961$ & $-0.204758$ & $0.3371$ & $0.144858$ & $-0.217565$ & $0.293162$ & $-0.422487$ & $-0.0578576$ \\
eHggpar & $0.339446$ & $0.190774$ & $-0.222456$ & $0.117933$ & $-0.0190805$ & $-0.0324966$ & $0.0766304$ & $0.02156$ & $0.0196374$ & $0.00591236$ & $-0.0363867$ & $0.0149985$ & $0.0133017$ & $0.0330394$ & $0.0326537$ & $0.0343648$ & $0.00640789$ & $0.00842206$ & $0.0400512$ & $0.0358303$ & $0.0411559$ & $-0.0336147$ & $-0.00558244$ & $-0.0245555$ & $0.0028237$ & $-0.055943$ & $0.0207752$ & $-0.00357525$ & $0.000311548$ & $-0.0369197$ & $0.115074$ & $0.014072$ & $0.00245773$ & $0.182491$ & $1$ & $-0.280689$ & $0.166349$ & $0.0286967$ & $-0.00822983$ & $-0.398311$ & $0.112416$ & $0.288461$ & $0.252445$ & $-0.0502936$ & $-0.0232018$ & $-0.40936$ & $0.287686$ & $-0.242949$ \\
eHWWint & $0.311049$ & $-0.484083$ & $-0.0529975$ & $-0.113013$ & $-0.0454354$ & $0.0603768$ & $0.0908891$ & $0.048958$ & $0.0509552$ & $-0.0693738$ & $0.0471357$ & $0.000487759$ & $-0.145664$ & $-0.0524249$ & $-0.010025$ & $-0.18076$ & $-0.148023$ & $-0.177377$ & $-0.0530015$ & $-0.0446348$ & $-0.0428044$ & $0.0609945$ & $-0.137584$ & $-0.148365$ & $-0.00271574$ & $0.0765139$ & $-0.042913$ & $-0.0142719$ & $-0.0309937$ & $-0.0241163$ & $0.101195$ & $-0.00604338$ & $0.0805232$ & $0.112537$ & $-0.280689$ & $1$ & $0.152583$ & $-0.196782$ & $0.208495$ & $-0.0719314$ & $-0.276559$ & $-0.107864$ & $0.260289$ & $0.389213$ & $-0.150311$ & $0.243601$ & $-0.366356$ & $0.341311$ \\
eHWWpar & $0.0345216$ & $-0.116078$ & $-0.405046$ & $-0.0392796$ & $0.00360287$ & $0.0461524$ & $-0.069086$ & $0.0187163$ & $0.0155695$ & $-0.0183188$ & $-0.0249524$ & $-0.00182212$ & $0.0315447$ & $-0.0082574$ & $0.0372291$ & $-0.0016086$ & $0.0205229$ & $-0.00829792$ & $0.0252915$ & $0.0238844$ & $0.0293794$ & $0.0150046$ & $0.00179861$ & $-0.00980658$ & $-0.0338343$ & $-0.0212362$ & $0.0324194$ & $-0.00718284$ & $-0.00942573$ & $-0.0584669$ & $-0.0723345$ & $0.0108278$ & $0.0161253$ & $0.418112$ & $0.166349$ & $0.152583$ & $1$ & $0.0264466$ & $0.215816$ & $-0.0267306$ & $0.0281084$ & $-0.142503$ & $0.14478$ & $0.00715$ & $0.0448452$ & $0.0681571$ & $-0.218904$ & $0.250615$ \\
eHZZint & $-0.10781$ & $0.202352$ & $-0.00587625$ & $0.280639$ & $-0.049446$ & $0.0292227$ & $-0.00232691$ & $-0.11322$ & $-0.116784$ & $0.0323581$ & $0.0887085$ & $-0.00720825$ & $0.00557795$ & $-0.0316055$ & $-0.0544251$ & $0.04132$ & $0.0587179$ & $0.0728258$ & $-0.0865166$ & $-0.0900004$ & $-0.0929853$ & $0.0681997$ & $0.0816979$ & $0.0912908$ & $0.0117435$ & $-0.0126149$ & $-0.071126$ & $0.0081809$ & $-0.00847882$ & $0.00343677$ & $-0.0261569$ & $-0.0599185$ & $-0.0817841$ & $0.348968$ & $0.0286967$ & $-0.196782$ & $0.0264466$ & $1$ & $0.0158247$ & $0.406731$ & $0.227573$ & $-0.265941$ & $-0.227426$ & $-0.0178054$ & $-0.320309$ & $0.436174$ & $-0.340736$ & $-0.298698$ \\
eHZZpar & $-0.0116638$ & $-0.145027$ & $-0.20646$ & $-0.170914$ & $0.0154488$ & $-0.0395644$ & $-0.0963501$ & $0.0364337$ & $0.0331873$ & $-0.0148826$ & $-0.0541238$ & $-0.0116418$ & $0.049997$ & $0.00882931$ & $0.0306552$ & $0.0304198$ & $0.0325854$ & $0.0131284$ & $0.0548018$ & $0.0528094$ & $0.0525201$ & $-0.015897$ & $-0.00746187$ & $0.0200353$ & $-0.0401696$ & $-0.00138765$ & $0.018089$ & $0.0117423$ & $0.0294628$ & $0.0110501$ & $-0.10711$ & $0.0209437$ & $0.0254132$ & $0.0799042$ & $-0.00822983$ & $0.208495$ & $0.215816$ & $0.0158247$ & $1$ & $0.185167$ & $0.0276349$ & $-0.274625$ & $0.0609643$ & $0.232094$ & $-0.137047$ & $0.0751067$ & $-0.253853$ & $0.165415$ \\
eHZgaint & $-0.562537$ & $0.158705$ & $0.351799$ & $-0.0451994$ & $-0.0337644$ & $-0.028082$ & $0.0567828$ & $-0.0268945$ & $-0.0227149$ & $-0.0279481$ & $0.00888482$ & $-0.0165746$ & $0.015812$ & $0.00544671$ & $-0.0321808$ & $0.0446522$ & $0.0306011$ & $0.050839$ & $-0.0102061$ & $-0.00886231$ & $-0.00539829$ & $0.0594743$ & $0.0440961$ & $0.0976058$ & $-0.0154921$ & $0.0824267$ & $0.00512781$ & $0.0443115$ & $0.016171$ & $0.0362671$ & $0.0299474$ & $-0.0165159$ & $-0.0181977$ & $-0.0456183$ & $-0.398311$ & $-0.0719314$ & $-0.0267306$ & $0.406731$ & $0.185167$ & $1$ & $-0.166409$ & $-0.222059$ & $-0.589108$ & $-0.00664164$ & $0.0191029$ & $0.260715$ & $-0.308699$ & $-0.143612$ \\
eHZgapar & $0.248689$ & $-0.133734$ & $-0.165935$ & $0.151718$ & $0.0022532$ & $-0.0278636$ & $-0.108171$ & $-0.0225001$ & $-0.0238133$ & $0.0499769$ & $-0.0403913$ & $0.00695183$ & $0.113464$ & $0.0313839$ & $-0.00528068$ & $0.107324$ & $0.100023$ & $0.12514$ & $0.0428622$ & $0.0367373$ & $0.0351483$ & $-0.066322$ & $0.0809952$ & $0.119545$ & $-0.00167671$ & $-0.00936069$ & $-0.0267502$ & $-1.62674e-05$ & $0.00892091$ & $0.0265729$ & $-0.124577$ & $0.039012$ & $-0.0568096$ & $0.0509961$ & $0.112416$ & $-0.276559$ & $0.0281084$ & $0.227573$ & $0.0276349$ & $-0.166409$ & $1$ & $0.178759$ & $0.338781$ & $-0.254689$ & $0.185385$ & $0.0297512$ & $0.271687$ & $-0.035324$ \\
eHgagaint & $0.233208$ & $0.0928329$ & $0.26279$ & $0.0911564$ & $-0.0597249$ & $-0.0505566$ & $0.071812$ & $0.0505593$ & $0.0570315$ & $-0.0389601$ & $-0.0737296$ & $-0.0266497$ & $0.0363295$ & $0.031305$ & $0.0579387$ & $0.0505759$ & $0.0264103$ & $0.0135827$ & $0.0787458$ & $0.0743798$ & $0.0805399$ & $-0.0584679$ & $0.0142022$ & $0.0103788$ & $-0.00264411$ & $0.00218208$ & $0.0529774$ & $-0.0138051$ & $0.0278462$ & $0.0137518$ & $0.0876097$ & $0.0309303$ & $0.0306827$ & $-0.204758$ & $0.288461$ & $-0.107864$ & $-0.142503$ & $-0.265941$ & $-0.274625$ & $-0.222059$ & $0.178759$ & $1$ & $0.134161$ & $-0.326232$ & $0.299495$ & $-0.198055$ & $0.497091$ & $-0.296461$ \\
eHmumuint & $0.707039$ & $-0.509863$ & $-0.348294$ & $0.0580083$ & $-0.0164545$ & $-0.00541716$ & $0.0299231$ & $-0.0400131$ & $-0.0413441$ & $0.0592534$ & $0.0312782$ & $0.0400703$ & $-0.00235963$ & $0.0139124$ & $0.010684$ & $0.00973193$ & $0.00636297$ & $0.0123493$ & $-0.0268134$ & $-0.0377838$ & $-0.038489$ & $-0.0522354$ & $0.0363214$ & $-0.00882297$ & $0.0394365$ & $-0.0720348$ & $-0.0562154$ & $-0.0235369$ & $-0.0120647$ & $0.0334422$ & $0.0654078$ & $0.0600819$ & $-0.0637396$ & $0.3371$ & $0.252445$ & $0.260289$ & $0.14478$ & $-0.227426$ & $0.0609643$ & $-0.589108$ & $0.338781$ & $0.134161$ & $1$ & $0.00866223$ & $-0.0713137$ & $0.123812$ & $0.00619542$ & $0.178063$ \\
eHtautauint & $0.252284$ & $-0.561836$ & $-0.0474822$ & $-0.64094$ & $0.00192597$ & $0.0235847$ & $-0.0242497$ & $0.0740468$ & $0.0646337$ & $-0.118075$ & $-0.0415703$ & $-0.104693$ & $-0.0181171$ & $-0.03214$ & $-0.00610979$ & $-0.0529483$ & $-0.0375586$ & $-0.0603001$ & $0.0305679$ & $0.044356$ & $0.0390472$ & $0.084393$ & $-0.0850669$ & $-0.0300765$ & $-0.0570364$ & $0.113083$ & $0.0237183$ & $0.00270393$ & $-0.000108234$ & $-0.0176645$ & $-0.0333994$ & $-0.0366586$ & $0.0934105$ & $0.144858$ & $-0.0502936$ & $0.389213$ & $0.00715$ & $-0.0178054$ & $0.232094$ & $-0.00664164$ & $-0.254689$ & $-0.326232$ & $0.00866223$ & $1$ & $-0.562464$ & $0.355588$ & $-0.363388$ & $0.140371$ \\
eHccint & $-0.0551232$ & $0.282994$ & $0.0637578$ & $0.361007$ & $0.091622$ & $-0.0108296$ & $0.0665983$ & $0.0761285$ & $0.084316$ & $0.0119641$ & $-0.0772735$ & $0.0462662$ & $0.032741$ & $0.076354$ & $0.053856$ & $-0.0054157$ & $-0.0371763$ & $-0.02476$ & $0.0809936$ & $0.0772027$ & $0.0795962$ & $-0.0620356$ & $-0.0273587$ & $-0.0443112$ & $-0.0337193$ & $-0.0267247$ & $0.0417899$ & $0.0349664$ & $0.00973511$ & $-0.00653842$ & $0.0694178$ & $0.0446069$ & $0.00931423$ & $-0.217565$ & $-0.0232018$ & $-0.150311$ & $0.0448452$ & $-0.320309$ & $-0.137047$ & $0.0191029$ & $0.185385$ & $0.299495$ & $-0.0713137$ & $-0.562464$ & $1$ & $-0.408396$ & $0.453486$ & $0.0743798$ \\
eHccpar & $0.170234$ & $-0.517759$ & $0.0900275$ & $-0.214177$ & $-0.0466202$ & $0.0427311$ & $0.0144797$ & $0.0240031$ & $0.0172647$ & $-0.0835354$ & $-0.000574173$ & $-0.0758473$ & $-0.0127503$ & $-0.0261305$ & $0.0159337$ & $-0.052671$ & $-0.0236671$ & $-0.0539438$ & $-0.00340763$ & $-0.000725709$ & $-0.00701491$ & $0.0727549$ & $-0.0303513$ & $0.000913011$ & $-0.037741$ & $0.0868092$ & $-0.0463885$ & $-0.0228339$ & $0.0142779$ & $0.0638709$ & $0.0184454$ & $-0.0114596$ & $0.0312512$ & $0.293162$ & $-0.40936$ & $0.243601$ & $0.0681571$ & $0.436174$ & $0.0751067$ & $0.260715$ & $0.0297512$ & $-0.198055$ & $0.123812$ & $0.355588$ & $-0.408396$ & $1$ & $-0.44665$ & $-0.0158929$ \\
eHbbint & $0.0986246$ & $0.301653$ & $0.348613$ & $0.20725$ & $0.0796994$ & $-0.00137135$ & $-0.0252541$ & $0.0781364$ & $0.0826998$ & $-0.0230204$ & $-0.0969629$ & $-0.0173449$ & $0.0636541$ & $0.0426396$ & $0.0113492$ & $0.0363957$ & $0.0127617$ & $0.0360343$ & $0.0977635$ & $0.102539$ & $0.10796$ & $-0.0769607$ & $-0.02347$ & $0.0121467$ & $0.00459232$ & $0.0398272$ & $0.03573$ & $-0.0107372$ & $0.0309113$ & $0.0248824$ & $-0.0158738$ & $0.060649$ & $0.0424347$ & $-0.422487$ & $0.287686$ & $-0.366356$ & $-0.218904$ & $-0.340736$ & $-0.253853$ & $-0.308699$ & $0.271687$ & $0.497091$ & $0.00619542$ & $-0.363388$ & $0.453486$ & $-0.44665$ & $1$ & $-0.0497592$ \\
eHbbpar & $0.169201$ & $-0.232022$ & $-0.131223$ & $-0.301679$ & $0.0300299$ & $0.0389458$ & $-0.0851152$ & $0.0967922$ & $0.090038$ & $-0.0653492$ & $-0.053854$ & $-0.0361943$ & $-0.0261116$ & $0.0455756$ & $0.039851$ & $-0.0890652$ & $-0.102504$ & $-0.096361$ & $0.0510354$ & $0.0530156$ & $0.0553381$ & $-0.00259593$ & $-0.1027$ & $-0.087768$ & $-0.0512275$ & $0.0401348$ & $0.040962$ & $0.0239457$ & $-0.0507874$ & $-0.0235965$ & $-0.0884732$ & $0.0357897$ & $0.0438244$ & $-0.0578576$ & $-0.242949$ & $0.341311$ & $0.250615$ & $-0.298698$ & $0.165415$ & $-0.143612$ & $-0.035324$ & $-0.296461$ & $0.178063$ & $0.140371$ & $0.0743798$ & $-0.0158929$ & $-0.0497592$ & $1$ \\
