 & AlsMz & dAle5Mz & mtop & mHl & Mz & CW & CHG & CHWB & CHWHB_gaga & CHWHB_gagaorth & CHD & CHbox & CH & CHL1_11 & CHL1_22 & CHL1_33 & CHL3_11 & CHL3_22 & CHL3_33 & CHe_11 & CHe_22 & CHe_33 & CHQ1_11 & CHQ1_33 & CHQ3_11 & CHu_11 & CHd_11 & CHd_33 & CeH_22r & CeH_33r & CuH_22r & CuH_33r & CdH_33r & CLL_1221 & eHggint & eHggpar & eHWWint & eHWWpar & eHZZint & eHZZpar & eHZgaint & eHZgapar & eHgagaint & eHmumuint & eHtautauint & eHccint & eHccpar & eHbbint & eHbbpar \\
AlsMz & $1$ & $0.24897$ & $-0.321662$ & $-0.016723$ & $0.00389321$ & $0.0407359$ & $-0.0128526$ & $-0.0354569$ & $-0.0265551$ & $0.0339089$ & $0.0161758$ & $0.0054119$ & $-0.00365589$ & $0.0153252$ & $-0.0140375$ & $-0.0129711$ & $0.0101132$ & $0.0228732$ & $0.0253066$ & $-0.0219159$ & $-0.0221281$ & $-0.0229052$ & $0.00578908$ & $-0.0450373$ & $-0.0907878$ & $-0.0210445$ & $-0.0484458$ & $-0.0112637$ & $-0.00784965$ & $-0.0155322$ & $-0.115745$ & $-0.0163276$ & $-0.0422824$ & $-0.0156823$ & $0.157174$ & $0.00204251$ & $-0.0034948$ & $0.0216335$ & $-0.0198294$ & $-0.032761$ & $0.323183$ & $0.000839796$ & $0.159982$ & $-0.0618867$ & $-0.0118087$ & $-0.170282$ & $-0.293197$ & $0.0777686$ & $-0.0676418$ \\
dAle5Mz & $0.24897$ & $1$ & $-0.0365911$ & $0.0384983$ & $0.00919723$ & $0.0247727$ & $-0.0346891$ & $-0.0536095$ & $-0.0610328$ & $0.0634937$ & $0.0370366$ & $0.0331038$ & $-0.016639$ & $-0.00065391$ & $-0.0205887$ & $-0.0373891$ & $0.0153641$ & $0.0217258$ & $0.0332943$ & $-0.025422$ & $-0.0226869$ & $-0.0240468$ & $0.0335267$ & $0.00330183$ & $0.00523498$ & $-0.00355752$ & $0.00941753$ & $0.0058801$ & $-0.00965282$ & $-0.0117861$ & $-0.0758165$ & $-0.0205091$ & $0.0802525$ & $0.00750482$ & $0.0887824$ & $0.086456$ & $-0.114935$ & $-0.00577711$ & $-0.0098703$ & $-0.0200261$ & $0.228615$ & $-0.0220186$ & $-0.0795085$ & $-0.0996459$ & $0.0611578$ & $-0.0786048$ & $-0.296162$ & $0.151407$ & $0.202656$ \\
mtop & $-0.321662$ & $-0.0365911$ & $1$ & $0.188281$ & $-0.0085086$ & $-0.0120743$ & $0.0129334$ & $0.00749103$ & $-0.00156638$ & $-0.0304474$ & $0.0132141$ & $0.00996731$ & $0.0180334$ & $-0.0226233$ & $0.0159907$ & $0.00611579$ & $-0.0272578$ & $-0.0337724$ & $-0.0237537$ & $-0.00441655$ & $-0.00609416$ & $-0.00593993$ & $0.00804699$ & $0.0128357$ & $0.0103963$ & $0.00297315$ & $0.0099898$ & $-0.0123646$ & $-0.022669$ & $-0.0306881$ & $-0.0189011$ & $0.0137262$ & $0.0112908$ & $-0.00776231$ & $0.108018$ & $0.0252505$ & $0.27826$ & $-0.0924423$ & $0.0492546$ & $-0.00328936$ & $0.000545708$ & $0.0336049$ & $-0.0408005$ & $0.0820244$ & $0.0857813$ & $0.0730346$ & $-0.0205798$ & $0.0594228$ & $0.10896$ \\
mHl & $-0.016723$ & $0.0384983$ & $0.188281$ & $1$ & $-0.0338566$ & $-0.015419$ & $-0.0576586$ & $0.0541505$ & $0.0401047$ & $-0.0116198$ & $-0.0579648$ & $0.0152809$ & $0.0172166$ & $0.0266651$ & $0.0683675$ & $0.036729$ & $-0.000978558$ & $-0.0404053$ & $-0.0123109$ & $0.0632697$ & $0.0556739$ & $0.0547344$ & $-0.0109416$ & $-0.0210787$ & $-0.00876952$ & $-0.0165594$ & $0.005811$ & $0.0372786$ & $-0.0075071$ & $-0.03572$ & $-0.0823682$ & $-0.0540164$ & $-0.0271468$ & $-0.0145649$ & $0.0349418$ & $0.118399$ & $0.225013$ & $-0.0332439$ & $0.176538$ & $0.0177351$ & $-0.105514$ & $0.0048976$ & $-0.0362053$ & $0.0862204$ & $-0.0479386$ & $0.0986203$ & $-0.241268$ & $-0.166565$ & $0.0478181$ \\
Mz & $0.00389321$ & $0.00919723$ & $-0.0085086$ & $-0.0338566$ & $1$ & $0.0192751$ & $-0.0276977$ & $-0.00271781$ & $-0.00315316$ & $-0.00471474$ & $0.0235075$ & $0.0130879$ & $0.0013022$ & $-0.00810035$ & $-0.00282056$ & $0.00373991$ & $-0.0319279$ & $-0.0178312$ & $-0.0253883$ & $-0.0138709$ & $-0.0136839$ & $-0.01733$ & $-0.0120222$ & $-0.0190732$ & $-0.0415343$ & $0.0117942$ & $-0.0311466$ & $-0.0115164$ & $-0.0103342$ & $0.0219425$ & $0.0135019$ & $-0.0227485$ & $0.0275526$ & $-0.00590261$ & $-0.0166466$ & $-0.013183$ & $-0.0207193$ & $0.0138549$ & $-0.0219344$ & $0.0174039$ & $-0.000539329$ & $0.0120154$ & $-0.00405305$ & $0.013307$ & $0.00503176$ & $0.0212416$ & $-0.0029022$ & $0.00795042$ & $0.0016055$ \\
CW & $0.0407359$ & $0.0247727$ & $-0.0120743$ & $-0.015419$ & $0.0192751$ & $1$ & $0.00700189$ & $-0.120495$ & $-0.118124$ & $0.0337511$ & $0.171862$ & $0.0677253$ & $-0.00937029$ & $0.0399566$ & $-0.0852543$ & $-0.0630653$ & $-0.240111$ & $-0.0263302$ & $-0.0426946$ & $-0.170406$ & $-0.172951$ & $-0.169369$ & $-0.0170476$ & $0.00295129$ & $-0.0698152$ & $0.109542$ & $-0.0688974$ & $-0.0578255$ & $-0.0248576$ & $-0.00951059$ & $0.0080212$ & $0.00920785$ & $0.00258667$ & $-0.10855$ & $0.0504326$ & $0.0223192$ & $-0.017689$ & $-0.00543149$ & $0.000206534$ & $0.00715281$ & $-0.00101275$ & $-0.00469101$ & $-0.0191936$ & $-0.0130801$ & $0.0133888$ & $-0.0161503$ & $-0.0192222$ & $0.0120935$ & $0.0127361$ \\
CHG & $-0.0128526$ & $-0.0346891$ & $0.0129334$ & $-0.0576586$ & $-0.0276977$ & $0.00700189$ & $1$ & $-0.101023$ & $-0.0492477$ & $0.0522593$ & $0.0658976$ & $-0.0162638$ & $-0.276574$ & $0.038714$ & $-0.0291475$ & $-0.0147783$ & $0.0762105$ & $0.0893455$ & $0.0826063$ & $-0.0653433$ & $-0.0685223$ & $-0.0687516$ & $-0.018019$ & $0.09236$ & $0.0786534$ & $0.0435083$ & $-0.0499106$ & $-0.0237573$ & $0.0326134$ & $-0.128872$ & $-0.0870329$ & $0.931403$ & $-0.160464$ & $-0.0558433$ & $-0.057055$ & $0.00138483$ & $-0.00830683$ & $0.000855877$ & $0.0112649$ & $0.0159271$ & $-0.00212842$ & $0.0239082$ & $0.0102058$ & $-0.0025693$ & $-0.00756795$ & $0.0647169$ & $-0.0534157$ & $-0.0156674$ & $-0.00852567$ \\
CHWB & $-0.0354569$ & $-0.0536095$ & $0.00749103$ & $0.0541505$ & $-0.00271781$ & $-0.120495$ & $-0.101023$ & $1$ & $0.982056$ & $-0.570841$ & $-0.879451$ & $-0.27101$ & $0.356144$ & $0.0771372$ & $0.28156$ & $0.252981$ & $-0.258032$ & $-0.446319$ & $-0.425413$ & $0.850923$ & $0.898393$ & $0.882195$ & $0.0821641$ & $-0.690189$ & $-0.400434$ & $-0.509105$ & $0.447028$ & $0.291488$ & $0.0192044$ & $0.0988811$ & $0.0601815$ & $-0.0960582$ & $0.101472$ & $0.571961$ & $-0.0196967$ & $-0.0337096$ & $0.0495242$ & $0.0012453$ & $-0.00944668$ & $0.0180441$ & $-0.026486$ & $0.0287231$ & $0.0312115$ & $-0.00637785$ & $-0.0263312$ & $-0.0186357$ & $0.0242922$ & $-0.0096538$ & $-0.0149364$ \\
CHWHB_gaga & $-0.0265551$ & $-0.0610328$ & $-0.00156638$ & $0.0401047$ & $-0.00315316$ & $-0.118124$ & $-0.0492477$ & $0.982056$ & $1$ & $-0.558719$ & $-0.860536$ & $-0.246206$ & $0.351273$ & $0.0693616$ & $0.27647$ & $0.250253$ & $-0.260405$ & $-0.443816$ & $-0.423884$ & $0.832746$ & $0.878783$ & $0.863525$ & $0.0808805$ & $-0.680676$ & $-0.397014$ & $-0.499043$ & $0.44104$ & $0.282262$ & $0.0246046$ & $0.117723$ & $0.0685211$ & $-0.055788$ & $0.115858$ & $0.561238$ & $-0.0233904$ & $-0.0496387$ & $0.0521647$ & $-0.000866859$ & $-0.00859744$ & $0.02077$ & $-0.0267809$ & $0.0284946$ & $0.0803642$ & $-0.0209642$ & $-0.0170177$ & $-0.017048$ & $0.0248186$ & $-0.0192079$ & $-0.0277838$ \\
CHWHB_gagaorth & $0.0339089$ & $0.0634937$ & $-0.0304474$ & $-0.0116198$ & $-0.00471474$ & $0.0337511$ & $0.0522593$ & $-0.570841$ & $-0.558719$ & $1$ & $0.372651$ & $0.638054$ & $-0.233923$ & $0.208401$ & $-0.109727$ & $-0.104253$ & $0.406955$ & $0.456408$ & $0.450626$ & $-0.359538$ & $-0.391516$ & $-0.388342$ & $-0.0658741$ & $0.541908$ & $0.442543$ & $0.227613$ & $-0.254438$ & $-0.11323$ & $-0.0208576$ & $-0.133423$ & $-0.0672057$ & $0.0690482$ & $-0.134829$ & $-0.358859$ & $0.046027$ & $0.0553587$ & $-0.0332224$ & $-0.00122491$ & $0.00570143$ & $-0.00300199$ & $-0.00370011$ & $-0.000511755$ & $-0.0207027$ & $0.0129693$ & $0.010883$ & $0.0264624$ & $-0.0234533$ & $-0.00109264$ & $-0.0007818$ \\
CHD & $0.0161758$ & $0.0370366$ & $0.0132141$ & $-0.0579648$ & $0.0235075$ & $0.171862$ & $0.0658976$ & $-0.879451$ & $-0.860536$ & $0.372651$ & $1$ & $0.31379$ & $-0.168142$ & $-0.493845$ & $-0.406174$ & $-0.375354$ & $-0.196209$ & $0.0844219$ & $0.0618912$ & $-0.990082$ & $-0.990899$ & $-0.96871$ & $-0.0178149$ & $0.334386$ & $0.0225226$ & $0.55702$ & $-0.315556$ & $-0.320453$ & $-0.00156826$ & $-0.0428479$ & $-0.039669$ & $0.073852$ & $-0.0470394$ & $-0.374854$ & $0.0257991$ & $0.027236$ & $-0.0485019$ & $0.000120524$ & $0.00436249$ & $-0.0110228$ & $0.028397$ & $-0.0401819$ & $-0.0234281$ & $0.00881642$ & $0.0290921$ & $0.00610734$ & $-0.0137128$ & $0.00720091$ & $0.0162406$ \\
CHbox & $0.0054119$ & $0.0331038$ & $0.00996731$ & $0.0152809$ & $0.0130879$ & $0.0677253$ & $-0.0162638$ & $-0.27101$ & $-0.246206$ & $0.638054$ & $0.31379$ & $1$ & $0.0294746$ & $-0.179276$ & $-0.0272688$ & $-0.0367753$ & $-0.0955138$ & $-0.0467162$ & $-0.0424941$ & $-0.291671$ & $-0.324489$ & $-0.318083$ & $-0.0241636$ & $0.116658$ & $-0.0424455$ & $0.174239$ & $-0.171386$ & $-0.0930711$ & $0.0312092$ & $0.193919$ & $0.0347211$ & $0.0649227$ & $0.243332$ & $-0.199796$ & $0.0761348$ & $0.067906$ & $-0.0282332$ & $-0.00344384$ & $-0.0101512$ & $0.0159814$ & $-0.0210908$ & $-0.010682$ & $-0.00556329$ & $0.0204902$ & $-0.00898102$ & $0.000196868$ & $-0.0241372$ & $0.0114249$ & $0.00257338$ \\
CH & $-0.00365589$ & $-0.016639$ & $0.0180334$ & $0.0172166$ & $0.0013022$ & $-0.00937029$ & $-0.276574$ & $0.356144$ & $0.351273$ & $-0.233923$ & $-0.168142$ & $0.0294746$ & $1$ & $-0.261022$ & $0.0727667$ & $0.0743621$ & $-0.391425$ & $-0.404812$ & $-0.408533$ & $0.166527$ & $0.178247$ & $0.177012$ & $0.0440374$ & $-0.400471$ & $-0.390987$ & $-0.114793$ & $0.144285$ & $0.0590317$ & $0.0420057$ & $0.271954$ & $0.114954$ & $-0.225529$ & $0.31973$ & $0.216635$ & $0.0386995$ & $0.0115742$ & $0.0230894$ & $-0.00534029$ & $-0.0102885$ & $-0.00928783$ & $-0.0194044$ & $0.0109935$ & $0.0101155$ & $-0.00675093$ & $-0.014582$ & $-0.0269917$ & $0.036378$ & $-0.000112918$ & $-0.0137149$ \\
CHL1_11 & $0.0153252$ & $-0.00065391$ & $-0.0226233$ & $0.0266651$ & $-0.00810035$ & $0.0399566$ & $0.038714$ & $0.0771372$ & $0.0693616$ & $0.208401$ & $-0.493845$ & $-0.179276$ & $-0.261022$ & $1$ & $0.254065$ & $0.245588$ & $0.652698$ & $0.598781$ & $0.604346$ & $0.510705$ & $0.452346$ & $0.433862$ & $-0.0968043$ & $0.458115$ & $0.603732$ & $-0.244146$ & $-0.0960064$ & $0.136432$ & $-0.0317785$ & $-0.0724893$ & $-0.0142827$ & $0.0129675$ & $-0.074206$ & $-0.218321$ & $-0.0183622$ & $0.0067916$ & $0.0277701$ & $0.000884993$ & $0.00382369$ & $-0.0060257$ & $-0.0213748$ & $0.0302278$ & $-0.0202482$ & $-0.00347598$ & $-0.0105843$ & $0.0158338$ & $-0.011653$ & $-0.00586737$ & $-0.0119087$ \\
CHL1_22 & $-0.0140375$ & $-0.0205887$ & $0.0159907$ & $0.0683675$ & $-0.00282056$ & $-0.0852543$ & $-0.0291475$ & $0.28156$ & $0.27647$ & $-0.109727$ & $-0.406174$ & $-0.0272688$ & $0.0727667$ & $0.254065$ & $1$ & $0.429653$ & $0.166514$ & $-0.456856$ & $-0.0266957$ & $0.4733$ & $0.319887$ & $0.308904$ & $-0.180624$ & $0.107764$ & $-0.129154$ & $-0.184488$ & $-0.388231$ & $0.0963306$ & $-0.0045462$ & $0.0128762$ & $0.0149054$ & $-0.0256819$ & $0.0271776$ & $-0.597124$ & $-0.0119197$ & $-0.00160758$ & $0.0149358$ & $-0.0127542$ & $0.021766$ & $0.0110277$ & $-0.0342995$ & $-0.013049$ & $-0.00862335$ & $0.00895688$ & $-0.0172558$ & $0.0180549$ & $-0.00794651$ & $-0.0123725$ & $-0.00495228$ \\
CHL1_33 & $-0.0129711$ & $-0.0373891$ & $0.00611579$ & $0.036729$ & $0.00373991$ & $-0.0630653$ & $-0.0147783$ & $0.252981$ & $0.250253$ & $-0.104253$ & $-0.375354$ & $-0.0367753$ & $0.0743621$ & $0.245588$ & $0.429653$ & $1$ & $0.159538$ & $-0.021082$ & $-0.437505$ & $0.442807$ & $0.291961$ & $0.308197$ & $-0.171504$ & $0.117746$ & $-0.125308$ & $-0.166293$ & $-0.396636$ & $0.0785456$ & $0.0118816$ & $0.0240884$ & $0.0248168$ & $-0.0152276$ & $0.0382794$ & $-0.117688$ & $-0.028559$ & $0.0100272$ & $-0.0109836$ & $-0.00491289$ & $-0.00133975$ & $0.00958362$ & $-0.00776692$ & $0.0162119$ & $-0.0245367$ & $0.00809623$ & $-0.00813823$ & $-0.00608593$ & $-0.0023114$ & $-0.00370362$ & $0.0085365$ \\
CHL3_11 & $0.0101132$ & $0.0153641$ & $-0.0272578$ & $-0.000978558$ & $-0.0319279$ & $-0.240111$ & $0.0762105$ & $-0.258032$ & $-0.260405$ & $0.406955$ & $-0.196209$ & $-0.0955138$ & $-0.391425$ & $0.652698$ & $0.166514$ & $0.159538$ & $1$ & $0.726718$ & $0.733095$ & $0.218441$ & $0.159614$ & $0.150035$ & $-0.093387$ & $0.674496$ & $0.774962$ & $-0.0795582$ & $-0.172057$ & $0.0596721$ & $-0.0322643$ & $-0.118578$ & $-0.0432867$ & $0.0511423$ & $-0.114841$ & $-0.266431$ & $-0.0172655$ & $0.00615877$ & $-0.00682594$ & $-0.0090298$ & $0.0153818$ & $-0.0133066$ & $-0.0040956$ & $0.0250365$ & $-0.00749291$ & $-0.00560707$ & $-0.00469283$ & $0.0329251$ & $-0.00579219$ & $0.00914206$ & $0.00209589$ \\
CHL3_22 & $0.0228732$ & $0.0217258$ & $-0.0337724$ & $-0.0404053$ & $-0.0178312$ & $-0.0263302$ & $0.0893455$ & $-0.446319$ & $-0.443816$ & $0.456408$ & $0.0844219$ & $-0.0467162$ & $-0.404812$ & $0.598781$ & $-0.456856$ & $-0.021082$ & $0.726718$ & $1$ & $0.667934$ & $-0.0884669$ & $-0.0803531$ & $-0.0811501$ & $-0.0074812$ & $0.614413$ & $0.788969$ & $0.0559785$ & $-0.0175596$ & $-0.0250804$ & $-0.0279556$ & $-0.112272$ & $-0.0455046$ & $0.0633841$ & $-0.118849$ & $0.025843$ & $-0.0071655$ & $0.0137376$ & $-0.0108933$ & $0.00349296$ & $-0.005866$ & $-0.0195579$ & $0.012485$ & $0.0309056$ & $-0.0140518$ & $-0.00736466$ & $0.00840985$ & $0.0144637$ & $-0.00625633$ & $0.0107632$ & $0.0019173$ \\
CHL3_33 & $0.0253066$ & $0.0332943$ & $-0.0237537$ & $-0.0123109$ & $-0.0253883$ & $-0.0426946$ & $0.0826063$ & $-0.425413$ & $-0.423884$ & $0.450626$ & $0.0618912$ & $-0.0424941$ & $-0.408533$ & $0.604346$ & $-0.0266957$ & $-0.437505$ & $0.733095$ & $0.667934$ & $1$ & $-0.0666851$ & $-0.0580418$ & $-0.0574652$ & $-0.0122548$ & $0.604888$ & $0.79371$ & $0.0440851$ & $-0.000887654$ & $-0.0143931$ & $-0.0412006$ & $-0.1242$ & $-0.0543884$ & $0.0578456$ & $-0.128688$ & $-0.339311$ & $0.00151301$ & $0.00493464$ & $0.0079828$ & $-0.000851642$ & $0.00922384$ & $-0.0204608$ & $-0.00548064$ & $0.00891703$ & $-0.00462498$ & $-0.00278817$ & $0.00448351$ & $0.0308439$ & $-0.0132001$ & $0.000374174$ & $-0.00694981$ \\
CHe_11 & $-0.0219159$ & $-0.025422$ & $-0.00441655$ & $0.0632697$ & $-0.0138709$ & $-0.170406$ & $-0.0653433$ & $0.850923$ & $0.832746$ & $-0.359538$ & $-0.990082$ & $-0.291671$ & $0.166527$ & $0.510705$ & $0.4733$ & $0.442807$ & $0.218441$ & $-0.0884669$ & $-0.0666851$ & $1$ & $0.971579$ & $0.949633$ & $-0.00532805$ & $-0.280112$ & $-0.0165957$ & $-0.548012$ & $0.241287$ & $0.310832$ & $0.00255802$ & $0.0410193$ & $0.039737$ & $-0.072368$ & $0.0504603$ & $0.294911$ & $-0.0253059$ & $-0.0257198$ & $0.0437217$ & $-0.00233248$ & $-0.00552407$ & $0.00906636$ & $-0.0293482$ & $0.0390605$ & $0.0181204$ & $-0.00764613$ & $-0.0280631$ & $-0.00384347$ & $0.00966792$ & $-0.00413532$ & $-0.0103814$ \\
CHe_22 & $-0.0221281$ & $-0.0226869$ & $-0.00609416$ & $0.0556739$ & $-0.0136839$ & $-0.172951$ & $-0.0685223$ & $0.898393$ & $0.878783$ & $-0.391516$ & $-0.990899$ & $-0.324489$ & $0.178247$ & $0.452346$ & $0.319887$ & $0.291961$ & $0.159614$ & $-0.0803531$ & $-0.0580418$ & $0.971579$ & $1$ & $0.974814$ & $0.0481064$ & $-0.391235$ & $-0.0297613$ & $-0.559948$ & $0.398055$ & $0.323357$ & $0.00214193$ & $0.0456043$ & $0.0405663$ & $-0.0758634$ & $0.051415$ & $0.462675$ & $-0.0250232$ & $-0.0279263$ & $0.0482139$ & $-0.000147694$ & $-0.00485431$ & $0.00973547$ & $-0.0239287$ & $0.0414974$ & $0.024315$ & $-0.0108667$ & $-0.027339$ & $-0.00937339$ & $0.0135922$ & $-0.00434819$ & $-0.0113664$ \\
CHe_33 & $-0.0229052$ & $-0.0240468$ & $-0.00593993$ & $0.0547344$ & $-0.01733$ & $-0.169369$ & $-0.0687516$ & $0.882195$ & $0.863525$ & $-0.388342$ & $-0.96871$ & $-0.318083$ & $0.177012$ & $0.433862$ & $0.308904$ & $0.308197$ & $0.150035$ & $-0.0811501$ & $-0.0574652$ & $0.949633$ & $0.974814$ & $1$ & $0.0482297$ & $-0.389745$ & $-0.03085$ & $-0.545646$ & $0.396245$ & $0.31453$ & $0.00334689$ & $0.0426964$ & $0.0375124$ & $-0.0772347$ & $0.0471007$ & $0.461688$ & $-0.0256391$ & $-0.0281705$ & $0.0493278$ & $0.000859889$ & $-0.0104692$ & $0.0101616$ & $-0.0243942$ & $0.041561$ & $0.0209048$ & $-0.0062195$ & $-0.0236065$ & $-0.010343$ & $0.0125617$ & $-0.00456616$ & $-0.0144684$ \\
CHQ1_11 & $0.00578908$ & $0.0335267$ & $0.00804699$ & $-0.0109416$ & $-0.0120222$ & $-0.0170476$ & $-0.018019$ & $0.0821641$ & $0.0808805$ & $-0.0658741$ & $-0.0178149$ & $-0.0241636$ & $0.0440374$ & $-0.0968043$ & $-0.180624$ & $-0.171504$ & $-0.093387$ & $-0.0074812$ & $-0.0122548$ & $-0.00532805$ & $0.0481064$ & $0.0482297$ & $1$ & $-0.15732$ & $0.0640433$ & $-0.68819$ & $0.35251$ & $0.0257797$ & $-0.00497644$ & $0.0197258$ & $0.00790492$ & $-0.01519$ & $0.0243893$ & $0.218633$ & $0.0162298$ & $-0.00900934$ & $0.0105039$ & $0.0139577$ & $-0.0241004$ & $0.0272538$ & $0.00714025$ & $-0.0186798$ & $0.0248604$ & $-0.0218781$ & $0.00436256$ & $-0.0119006$ & $1.58265e-05$ & $0.0251037$ & $0.000910396$ \\
CHQ1_33 & $-0.0450373$ & $0.00330183$ & $0.0128357$ & $-0.0210787$ & $-0.0190732$ & $0.00295129$ & $0.09236$ & $-0.690189$ & $-0.680676$ & $0.541908$ & $0.334386$ & $0.116658$ & $-0.400471$ & $0.458115$ & $0.107764$ & $0.117746$ & $0.674496$ & $0.614413$ & $0.604888$ & $-0.280112$ & $-0.391235$ & $-0.389745$ & $-0.15732$ & $1$ & $0.637022$ & $0.234017$ & $-0.434633$ & $-0.0384288$ & $-0.0355476$ & $-0.112413$ & $-0.0451565$ & $0.0749507$ & $-0.112492$ & $-0.641302$ & $-0.00701153$ & $0.0323742$ & $-0.0296959$ & $-0.011423$ & $0.0119882$ & $-0.0193906$ & $-0.0159429$ & $-0.0035597$ & $-0.0410131$ & $0.0135344$ & $0.0184034$ & $0.0340382$ & $-0.00733709$ & $-0.0025082$ & $0.0123782$ \\
CHQ3_11 & $-0.0907878$ & $0.00523498$ & $0.0103963$ & $-0.00876952$ & $-0.0415343$ & $-0.0698152$ & $0.0786534$ & $-0.400434$ & $-0.397014$ & $0.442543$ & $0.0225226$ & $-0.0424455$ & $-0.390987$ & $0.603732$ & $-0.129154$ & $-0.125308$ & $0.774962$ & $0.788969$ & $0.79371$ & $-0.0165957$ & $-0.0297613$ & $-0.03085$ & $0.0640433$ & $0.637022$ & $1$ & $0.0262122$ & $0.199228$ & $-0.011076$ & $-0.0291655$ & $-0.113757$ & $-0.0397289$ & $0.0517671$ & $-0.117157$ & $-0.205015$ & $-0.0310269$ & $0.00641454$ & $0.0118937$ & $-0.00261598$ & $0.0120651$ & $-0.0180207$ & $-0.040094$ & $0.0259954$ & $-0.0175934$ & $0.0119937$ & $0.0165498$ & $0.0350309$ & $0.0119638$ & $-0.00596128$ & $-0.00244706$ \\
CHu_11 & $-0.0210445$ & $-0.00355752$ & $0.00297315$ & $-0.0165594$ & $0.0117942$ & $0.109542$ & $0.0435083$ & $-0.509105$ & $-0.499043$ & $0.227613$ & $0.55702$ & $0.174239$ & $-0.114793$ & $-0.244146$ & $-0.184488$ & $-0.166293$ & $-0.0795582$ & $0.0559785$ & $0.0440851$ & $-0.548012$ & $-0.559948$ & $-0.545646$ & $-0.68819$ & $0.234017$ & $0.0262122$ & $1$ & $-0.195552$ & $-0.187849$ & $-0.00195266$ & $-0.0326563$ & $-0.0208037$ & $0.0456686$ & $-0.0358052$ & $-0.260243$ & $-0.0213243$ & $0.032197$ & $-0.0265492$ & $-0.00537859$ & $0.0208745$ & $-0.0295246$ & $0.00465138$ & $-0.00260342$ & $-0.048823$ & $0.0313038$ & $0.0270193$ & $0.0077862$ & $-0.00982794$ & $-0.0267698$ & $0.0204538$ \\
CHd_11 & $-0.0484458$ & $0.00941753$ & $0.0099898$ & $0.005811$ & $-0.0311466$ & $-0.0688974$ & $-0.0499106$ & $0.447028$ & $0.44104$ & $-0.254438$ & $-0.315556$ & $-0.171386$ & $0.144285$ & $-0.0960064$ & $-0.388231$ & $-0.396636$ & $-0.172057$ & $-0.0175596$ & $-0.000887654$ & $0.241287$ & $0.398055$ & $0.396245$ & $0.35251$ & $-0.434633$ & $0.199228$ & $-0.195552$ & $1$ & $0.119491$ & $0.00683657$ & $0.0395582$ & $0.0171466$ & $-0.0546586$ & $0.0305397$ & $0.688195$ & $-0.0159833$ & $-0.0227446$ & $0.0479554$ & $0.00728743$ & $-0.00836886$ & $-0.00189374$ & $-0.0128491$ & $0.0307629$ & $0.0353914$ & $0.00167237$ & $0.0147095$ & $-0.0232425$ & $0.0080497$ & $-0.00634243$ & $-0.00937753$ \\
CHd_33 & $-0.0112637$ & $0.0058801$ & $-0.0123646$ & $0.0372786$ & $-0.0115164$ & $-0.0578255$ & $-0.0237573$ & $0.291488$ & $0.282262$ & $-0.11323$ & $-0.320453$ & $-0.0930711$ & $0.0590317$ & $0.136432$ & $0.0963306$ & $0.0785456$ & $0.0596721$ & $-0.0250804$ & $-0.0143931$ & $0.310832$ & $0.323357$ & $0.31453$ & $0.0257797$ & $-0.0384288$ & $-0.011076$ & $-0.187849$ & $0.119491$ & $1$ & $-0.00685408$ & $0.0171158$ & $-0.000863087$ & $-0.027596$ & $0.0153066$ & $0.161535$ & $-0.0293515$ & $0.00492128$ & $0.00783615$ & $-0.00765721$ & $-0.0243322$ & $-0.00618133$ & $-0.000925854$ & $0.00922986$ & $-0.0049128$ & $0.0161651$ & $-0.00895623$ & $-0.0145851$ & $-0.0219028$ & $0.00298016$ & $0.0105554$ \\
CeH_22r & $-0.00784965$ & $-0.00965282$ & $-0.022669$ & $-0.0075071$ & $-0.0103342$ & $-0.0248576$ & $0.0326134$ & $0.0192044$ & $0.0246046$ & $-0.0208576$ & $-0.00156826$ & $0.0312092$ & $0.0420057$ & $-0.0317785$ & $-0.0045462$ & $0.0118816$ & $-0.0322643$ & $-0.0279556$ & $-0.0412006$ & $0.00255802$ & $0.00214193$ & $0.00334689$ & $-0.00497644$ & $-0.0355476$ & $-0.0291655$ & $-0.00195266$ & $0.00683657$ & $-0.00685408$ & $1$ & $0.0423687$ & $0.0291629$ & $0.0156331$ & $0.0550253$ & $0.0210609$ & $-0.00452571$ & $-0.0120829$ & $-0.00959438$ & $-0.0111543$ & $-0.0225201$ & $0.0123566$ & $0.0177562$ & $-0.00404795$ & $0.0059606$ & $0.001423$ & $0.00189646$ & $0.00108619$ & $0.0129662$ & $-0.00863128$ & $0.0145719$ \\
CeH_33r & $-0.0155322$ & $-0.0117861$ & $-0.0306881$ & $-0.03572$ & $0.0219425$ & $-0.00951059$ & $-0.128872$ & $0.0988811$ & $0.117723$ & $-0.133423$ & $-0.0428479$ & $0.193919$ & $0.271954$ & $-0.0724893$ & $0.0128762$ & $0.0240884$ & $-0.118578$ & $-0.112272$ & $-0.1242$ & $0.0410193$ & $0.0456043$ & $0.0426964$ & $0.0197258$ & $-0.112413$ & $-0.113757$ & $-0.0326563$ & $0.0395582$ & $0.0171158$ & $0.0423687$ & $1$ & $0.321051$ & $0.0239619$ & $0.69763$ & $0.0649813$ & $-0.0641382$ & $0.0333504$ & $-0.137563$ & $-0.0220082$ & $-0.00784978$ & $0.0103336$ & $-0.00365201$ & $0.00353203$ & $-0.00697445$ & $-0.0227194$ & $0.0346905$ & $0.0220635$ & $0.00315499$ & $0.0326093$ & $0.0254249$ \\
CuH_22r & $-0.115745$ & $-0.0758165$ & $-0.0189011$ & $-0.0823682$ & $0.0135019$ & $0.0080212$ & $-0.0870329$ & $0.0601815$ & $0.0685211$ & $-0.0672057$ & $-0.039669$ & $0.0347211$ & $0.114954$ & $-0.0142827$ & $0.0149054$ & $0.0248168$ & $-0.0432867$ & $-0.0455046$ & $-0.0543884$ & $0.039737$ & $0.0405663$ & $0.0375124$ & $0.00790492$ & $-0.0451565$ & $-0.0397289$ & $-0.0208037$ & $0.0171466$ & $-0.000863087$ & $0.0291629$ & $0.321051$ & $1$ & $0.0155908$ & $0.403263$ & $0.0309919$ & $0.0178292$ & $0.062607$ & $-0.120596$ & $-0.00749138$ & $0.0137017$ & $-0.0163085$ & $-0.0459291$ & $-0.00757238$ & $0.0249833$ & $-0.0394563$ & $-0.0618332$ & $0.0585416$ & $0.260457$ & $0.00852805$ & $0.048746$ \\
CuH_33r & $-0.0163276$ & $-0.0205091$ & $0.0137262$ & $-0.0540164$ & $-0.0227485$ & $0.00920785$ & $0.931403$ & $-0.0960582$ & $-0.055788$ & $0.0690482$ & $0.073852$ & $0.0649227$ & $-0.225529$ & $0.0129675$ & $-0.0256819$ & $-0.0152276$ & $0.0511423$ & $0.0633841$ & $0.0578456$ & $-0.072368$ & $-0.0758634$ & $-0.0772347$ & $-0.01519$ & $0.0749507$ & $0.0517671$ & $0.0456686$ & $-0.0546586$ & $-0.027596$ & $0.0156331$ & $0.0239619$ & $0.0155908$ & $1$ & $0.0390985$ & $-0.0541159$ & $0.00846216$ & $0.0627256$ & $-0.0644103$ & $0.00123096$ & $0.0122803$ & $0.0128314$ & $0.000501265$ & $0.0267207$ & $0.00341462$ & $-0.0181573$ & $-0.0175554$ & $0.0737293$ & $-0.0356652$ & $0.00101322$ & $-0.00318357$ \\
CdH_33r & $-0.0422824$ & $0.0802525$ & $0.0112908$ & $-0.0271468$ & $0.0275526$ & $0.00258667$ & $-0.160464$ & $0.101472$ & $0.115858$ & $-0.134829$ & $-0.0470394$ & $0.243332$ & $0.31973$ & $-0.074206$ & $0.0271776$ & $0.0382794$ & $-0.114841$ & $-0.118849$ & $-0.128688$ & $0.0504603$ & $0.051415$ & $0.0471007$ & $0.0243893$ & $-0.112492$ & $-0.117157$ & $-0.0358052$ & $0.0305397$ & $0.0153066$ & $0.0550253$ & $0.69763$ & $0.403263$ & $0.0390985$ & $1$ & $0.0601032$ & $-0.0801873$ & $0.117831$ & $-0.215747$ & $-0.0219005$ & $-0.0109482$ & $0.0166777$ & $0.00658244$ & $-0.00920502$ & $-0.101481$ & $-0.0844781$ & $0.0127975$ & $-0.0228393$ & $0.0726887$ & $0.136671$ & $0.351794$ \\
CLL_1221 & $-0.0156823$ & $0.00750482$ & $-0.00776231$ & $-0.0145649$ & $-0.00590261$ & $-0.10855$ & $-0.0558433$ & $0.571961$ & $0.561238$ & $-0.358859$ & $-0.374854$ & $-0.199796$ & $0.216635$ & $-0.218321$ & $-0.597124$ & $-0.117688$ & $-0.266431$ & $0.025843$ & $-0.339311$ & $0.294911$ & $0.462675$ & $0.461688$ & $0.218633$ & $-0.641302$ & $-0.205015$ & $-0.260243$ & $0.688195$ & $0.161535$ & $0.0210609$ & $0.0649813$ & $0.0309919$ & $-0.0541159$ & $0.0601032$ & $1$ & $-0.00611773$ & $-0.0241305$ & $0.0189642$ & $0.00731067$ & $-0.0236258$ & $0.00607006$ & $0.017469$ & $0.0353225$ & $0.0319947$ & $-0.0184312$ & $-0.00431002$ & $-0.0306665$ & $0.018584$ & $0.0110387$ & $0.00341094$ \\
eHggint & $0.157174$ & $0.0887824$ & $0.108018$ & $0.0349418$ & $-0.0166466$ & $0.0504326$ & $-0.057055$ & $-0.0196967$ & $-0.0233904$ & $0.046027$ & $0.0257991$ & $0.0761348$ & $0.0386995$ & $-0.0183622$ & $-0.0119197$ & $-0.028559$ & $-0.0172655$ & $-0.0071655$ & $0.00151301$ & $-0.0253059$ & $-0.0250232$ & $-0.0256391$ & $0.0162298$ & $-0.00701153$ & $-0.0310269$ & $-0.0213243$ & $-0.0159833$ & $-0.0293515$ & $-0.00452571$ & $-0.0641382$ & $0.0178292$ & $0.00846216$ & $-0.0801873$ & $-0.00611773$ & $1$ & $-0.00647042$ & $-0.00119975$ & $0.0416063$ & $-0.10739$ & $-0.0137597$ & $0.105139$ & $0.0249325$ & $0.237096$ & $-0.0215258$ & $-0.121691$ & $-0.0804791$ & $0.129117$ & $0.0581719$ & $-0.161448$ \\
eHggpar & $0.00204251$ & $0.086456$ & $0.0252505$ & $0.118399$ & $-0.013183$ & $0.0223192$ & $0.00138483$ & $-0.0337096$ & $-0.0496387$ & $0.0553587$ & $0.027236$ & $0.067906$ & $0.0115742$ & $0.0067916$ & $-0.00160758$ & $0.0100272$ & $0.00615877$ & $0.0137376$ & $0.00493464$ & $-0.0257198$ & $-0.0279263$ & $-0.0281705$ & $-0.00900934$ & $0.0323742$ & $0.00641454$ & $0.032197$ & $-0.0227446$ & $0.00492128$ & $-0.0120829$ & $0.0333504$ & $0.062607$ & $0.0627256$ & $0.117831$ & $-0.0241305$ & $-0.00647042$ & $1$ & $-0.294654$ & $-0.0141931$ & $0.138328$ & $0.00287106$ & $-0.0637146$ & $0.0626459$ & $-0.23525$ & $-0.141589$ & $0.107931$ & $0.0703722$ & $0.136565$ & $0.0898197$ & $0.197679$ \\
eHWWint & $-0.0034948$ & $-0.114935$ & $0.27826$ & $0.225013$ & $-0.0207193$ & $-0.017689$ & $-0.00830683$ & $0.0495242$ & $0.0521647$ & $-0.0332224$ & $-0.0485019$ & $-0.0282332$ & $0.0230894$ & $0.0277701$ & $0.0149358$ & $-0.0109836$ & $-0.00682594$ & $-0.0108933$ & $0.0079828$ & $0.0437217$ & $0.0482139$ & $0.0493278$ & $0.0105039$ & $-0.0296959$ & $0.0118937$ & $-0.0265492$ & $0.0479554$ & $0.00783615$ & $-0.00959438$ & $-0.137563$ & $-0.120596$ & $-0.0644103$ & $-0.215747$ & $0.0189642$ & $-0.00119975$ & $-0.294654$ & $1$ & $-0.0266253$ & $0.0581919$ & $-0.046092$ & $-0.0544139$ & $-0.00488696$ & $0.17258$ & $0.192617$ & $0.0238913$ & $-0.125341$ & $-0.10362$ & $-0.199718$ & $-0.131669$ \\
eHWWpar & $0.0216335$ & $-0.00577711$ & $-0.0924423$ & $-0.0332439$ & $0.0138549$ & $-0.00543149$ & $0.000855877$ & $0.0012453$ & $-0.000866859$ & $-0.00122491$ & $0.000120524$ & $-0.00344384$ & $-0.00534029$ & $0.000884993$ & $-0.0127542$ & $-0.00491289$ & $-0.0090298$ & $0.00349296$ & $-0.000851642$ & $-0.00233248$ & $-0.000147694$ & $0.000859889$ & $0.0139577$ & $-0.011423$ & $-0.00261598$ & $-0.00537859$ & $0.00728743$ & $-0.00765721$ & $-0.0111543$ & $-0.0220082$ & $-0.00749138$ & $0.00123096$ & $-0.0219005$ & $0.00731067$ & $0.0416063$ & $-0.0141931$ & $-0.0266253$ & $1$ & $-0.0367889$ & $-0.0192457$ & $0.020757$ & $0.000346177$ & $-0.0696375$ & $0.0102583$ & $-0.00437513$ & $-0.0147949$ & $-0.0157559$ & $0.0138591$ & $0.0132416$ \\
eHZZint & $-0.0198294$ & $-0.0098703$ & $0.0492546$ & $0.176538$ & $-0.0219344$ & $0.000206534$ & $0.0112649$ & $-0.00944668$ & $-0.00859744$ & $0.00570143$ & $0.00436249$ & $-0.0101512$ & $-0.0102885$ & $0.00382369$ & $0.021766$ & $-0.00133975$ & $0.0153818$ & $-0.005866$ & $0.00922384$ & $-0.00552407$ & $-0.00485431$ & $-0.0104692$ & $-0.0241004$ & $0.0119882$ & $0.0120651$ & $0.0208745$ & $-0.00836886$ & $-0.0243322$ & $-0.0225201$ & $-0.00784978$ & $0.0137017$ & $0.0122803$ & $-0.0109482$ & $-0.0236258$ & $-0.10739$ & $0.138328$ & $0.0581919$ & $-0.0367889$ & $1$ & $0.0299381$ & $0.0241577$ & $-0.0156757$ & $0.0308188$ & $-0.135135$ & $-0.0871385$ & $0.0199252$ & $-0.0545306$ & $-0.000114124$ & $-0.000407038$ \\
eHZZpar & $-0.032761$ & $-0.0200261$ & $-0.00328936$ & $0.0177351$ & $0.0174039$ & $0.00715281$ & $0.0159271$ & $0.0180441$ & $0.02077$ & $-0.00300199$ & $-0.0110228$ & $0.0159814$ & $-0.00928783$ & $-0.0060257$ & $0.0110277$ & $0.00958362$ & $-0.0133066$ & $-0.0195579$ & $-0.0204608$ & $0.00906636$ & $0.00973547$ & $0.0101616$ & $0.0272538$ & $-0.0193906$ & $-0.0180207$ & $-0.0295246$ & $-0.00189374$ & $-0.00618133$ & $0.0123566$ & $0.0103336$ & $-0.0163085$ & $0.0128314$ & $0.0166777$ & $0.00607006$ & $-0.0137597$ & $0.00287106$ & $-0.046092$ & $-0.0192457$ & $0.0299381$ & $1$ & $-0.0262184$ & $0.0386773$ & $-0.0174342$ & $-0.0347979$ & $0.0216553$ & $-0.014476$ & $-0.0287354$ & $0.0374052$ & $0.0354651$ \\
eHZgaint & $0.323183$ & $0.228615$ & $0.000545708$ & $-0.105514$ & $-0.000539329$ & $-0.00101275$ & $-0.00212842$ & $-0.026486$ & $-0.0267809$ & $-0.00370011$ & $0.028397$ & $-0.0210908$ & $-0.0194044$ & $-0.0213748$ & $-0.0342995$ & $-0.00776692$ & $-0.0040956$ & $0.012485$ & $-0.00548064$ & $-0.0293482$ & $-0.0239287$ & $-0.0243942$ & $0.00714025$ & $-0.0159429$ & $-0.040094$ & $0.00465138$ & $-0.0128491$ & $-0.000925854$ & $0.0177562$ & $-0.00365201$ & $-0.0459291$ & $0.000501265$ & $0.00658244$ & $0.017469$ & $0.105139$ & $-0.0637146$ & $-0.0544139$ & $0.020757$ & $0.0241577$ & $-0.0262184$ & $1$ & $-0.0172657$ & $0.00452035$ & $-0.0210076$ & $0.0166378$ & $-0.111914$ & $-0.074537$ & $0.0845726$ & $0.0679339$ \\
eHZgapar & $0.000839796$ & $-0.0220186$ & $0.0336049$ & $0.0048976$ & $0.0120154$ & $-0.00469101$ & $0.0239082$ & $0.0287231$ & $0.0284946$ & $-0.000511755$ & $-0.0401819$ & $-0.010682$ & $0.0109935$ & $0.0302278$ & $-0.013049$ & $0.0162119$ & $0.0250365$ & $0.0309056$ & $0.00891703$ & $0.0390605$ & $0.0414974$ & $0.041561$ & $-0.0186798$ & $-0.0035597$ & $0.0259954$ & $-0.00260342$ & $0.0307629$ & $0.00922986$ & $-0.00404795$ & $0.00353203$ & $-0.00757238$ & $0.0267207$ & $-0.00920502$ & $0.0353225$ & $0.0249325$ & $0.0626459$ & $-0.00488696$ & $0.000346177$ & $-0.0156757$ & $0.0386773$ & $-0.0172657$ & $1$ & $0.0340211$ & $-0.0128388$ & $0.0492461$ & $0.0513977$ & $0.025503$ & $0.0296136$ & $-0.0161028$ \\
eHgagaint & $0.159982$ & $-0.0795085$ & $-0.0408005$ & $-0.0362053$ & $-0.00405305$ & $-0.0191936$ & $0.0102058$ & $0.0312115$ & $0.0803642$ & $-0.0207027$ & $-0.0234281$ & $-0.00556329$ & $0.0101155$ & $-0.0202482$ & $-0.00862335$ & $-0.0245367$ & $-0.00749291$ & $-0.0140518$ & $-0.00462498$ & $0.0181204$ & $0.024315$ & $0.0209048$ & $0.0248604$ & $-0.0410131$ & $-0.0175934$ & $-0.048823$ & $0.0353914$ & $-0.0049128$ & $0.0059606$ & $-0.00697445$ & $0.0249833$ & $0.00341462$ & $-0.101481$ & $0.0319947$ & $0.237096$ & $-0.23525$ & $0.17258$ & $-0.0696375$ & $0.0308188$ & $-0.0174342$ & $0.00452035$ & $0.0340211$ & $1$ & $-0.257086$ & $0.123553$ & $0.0171899$ & $0.086686$ & $-0.083789$ & $-0.213872$ \\
eHmumuint & $-0.0618867$ & $-0.0996459$ & $0.0820244$ & $0.0862204$ & $0.013307$ & $-0.0130801$ & $-0.0025693$ & $-0.00637785$ & $-0.0209642$ & $0.0129693$ & $0.00881642$ & $0.0204902$ & $-0.00675093$ & $-0.00347598$ & $0.00895688$ & $0.00809623$ & $-0.00560707$ & $-0.00736466$ & $-0.00278817$ & $-0.00764613$ & $-0.0108667$ & $-0.0062195$ & $-0.0218781$ & $0.0135344$ & $0.0119937$ & $0.0313038$ & $0.00167237$ & $0.0161651$ & $0.001423$ & $-0.0227194$ & $-0.0394563$ & $-0.0181573$ & $-0.0844781$ & $-0.0184312$ & $-0.0215258$ & $-0.141589$ & $0.192617$ & $0.0102583$ & $-0.135135$ & $-0.0347979$ & $-0.0210076$ & $-0.0128388$ & $-0.257086$ & $1$ & $-0.165902$ & $0.0225632$ & $-0.0113966$ & $-0.129248$ & $-0.101409$ \\
eHtautauint & $-0.0118087$ & $0.0611578$ & $0.0857813$ & $-0.0479386$ & $0.00503176$ & $0.0133888$ & $-0.00756795$ & $-0.0263312$ & $-0.0170177$ & $0.010883$ & $0.0290921$ & $-0.00898102$ & $-0.014582$ & $-0.0105843$ & $-0.0172558$ & $-0.00813823$ & $-0.00469283$ & $0.00840985$ & $0.00448351$ & $-0.0280631$ & $-0.027339$ & $-0.0236065$ & $0.00436256$ & $0.0184034$ & $0.0165498$ & $0.0270193$ & $0.0147095$ & $-0.00895623$ & $0.00189646$ & $0.0346905$ & $-0.0618332$ & $-0.0175554$ & $0.0127975$ & $-0.00431002$ & $-0.121691$ & $0.107931$ & $0.0238913$ & $-0.00437513$ & $-0.0871385$ & $0.0216553$ & $0.0166378$ & $0.0492461$ & $0.123553$ & $-0.165902$ & $1$ & $-0.0697516$ & $-0.195822$ & $-0.0550274$ & $0.111737$ \\
eHccint & $-0.170282$ & $-0.0786048$ & $0.0730346$ & $0.0986203$ & $0.0212416$ & $-0.0161503$ & $0.0647169$ & $-0.0186357$ & $-0.017048$ & $0.0264624$ & $0.00610734$ & $0.000196868$ & $-0.0269917$ & $0.0158338$ & $0.0180549$ & $-0.00608593$ & $0.0329251$ & $0.0144637$ & $0.0308439$ & $-0.00384347$ & $-0.00937339$ & $-0.010343$ & $-0.0119006$ & $0.0340382$ & $0.0350309$ & $0.0077862$ & $-0.0232425$ & $-0.0145851$ & $0.00108619$ & $0.0220635$ & $0.0585416$ & $0.0737293$ & $-0.0228393$ & $-0.0306665$ & $-0.0804791$ & $0.0703722$ & $-0.125341$ & $-0.0147949$ & $0.0199252$ & $-0.014476$ & $-0.111914$ & $0.0513977$ & $0.0171899$ & $0.0225632$ & $-0.0697516$ & $1$ & $-0.0830405$ & $0.0120007$ & $-0.159684$ \\
eHccpar & $-0.293197$ & $-0.296162$ & $-0.0205798$ & $-0.241268$ & $-0.0029022$ & $-0.0192222$ & $-0.0534157$ & $0.0242922$ & $0.0248186$ & $-0.0234533$ & $-0.0137128$ & $-0.0241372$ & $0.036378$ & $-0.011653$ & $-0.00794651$ & $-0.0023114$ & $-0.00579219$ & $-0.00625633$ & $-0.0132001$ & $0.00966792$ & $0.0135922$ & $0.0125617$ & $1.58265e-05$ & $-0.00733709$ & $0.0119638$ & $-0.00982794$ & $0.0080497$ & $-0.0219028$ & $0.0129662$ & $0.00315499$ & $0.260457$ & $-0.0356652$ & $0.0726887$ & $0.018584$ & $0.129117$ & $0.136565$ & $-0.10362$ & $-0.0157559$ & $-0.0545306$ & $-0.0287354$ & $-0.074537$ & $0.025503$ & $0.086686$ & $-0.0113966$ & $-0.195822$ & $-0.0830405$ & $1$ & $0.00942168$ & $0.171818$ \\
eHbbint & $0.0777686$ & $0.151407$ & $0.0594228$ & $-0.166565$ & $0.00795042$ & $0.0120935$ & $-0.0156674$ & $-0.0096538$ & $-0.0192079$ & $-0.00109264$ & $0.00720091$ & $0.0114249$ & $-0.000112918$ & $-0.00586737$ & $-0.0123725$ & $-0.00370362$ & $0.00914206$ & $0.0107632$ & $0.000374174$ & $-0.00413532$ & $-0.00434819$ & $-0.00456616$ & $0.0251037$ & $-0.0025082$ & $-0.00596128$ & $-0.0267698$ & $-0.00634243$ & $0.00298016$ & $-0.00863128$ & $0.0326093$ & $0.00852805$ & $0.00101322$ & $0.136671$ & $0.0110387$ & $0.0581719$ & $0.0898197$ & $-0.199718$ & $0.0138591$ & $-0.000114124$ & $0.0374052$ & $0.0845726$ & $0.0296136$ & $-0.083789$ & $-0.129248$ & $-0.0550274$ & $0.0120007$ & $0.00942168$ & $1$ & $-0.0165204$ \\
eHbbpar & $-0.0676418$ & $0.202656$ & $0.10896$ & $0.0478181$ & $0.0016055$ & $0.0127361$ & $-0.00852567$ & $-0.0149364$ & $-0.0277838$ & $-0.0007818$ & $0.0162406$ & $0.00257338$ & $-0.0137149$ & $-0.0119087$ & $-0.00495228$ & $0.0085365$ & $0.00209589$ & $0.0019173$ & $-0.00694981$ & $-0.0103814$ & $-0.0113664$ & $-0.0144684$ & $0.000910396$ & $0.0123782$ & $-0.00244706$ & $0.0204538$ & $-0.00937753$ & $0.0105554$ & $0.0145719$ & $0.0254249$ & $0.048746$ & $-0.00318357$ & $0.351794$ & $0.00341094$ & $-0.161448$ & $0.197679$ & $-0.131669$ & $0.0132416$ & $-0.000407038$ & $0.0354651$ & $0.0679339$ & $-0.0161028$ & $-0.213872$ & $-0.101409$ & $0.111737$ & $-0.159684$ & $0.171818$ & $-0.0165204$ & $1$ \\
