 & AlsMz & dAle5Mz & mtop & mHl & Mz & CW & CHG & CHWB & CHWHB_gaga & CHWHB_gagaorth & CHD & CHbox & CH & CHL1_11 & CHL1_22 & CHL1_33 & CHL3_11 & CHL3_22 & CHL3_33 & CHe_11 & CHe_22 & CHe_33 & CHQ1_11 & CHQ1_33 & CHQ3_11 & CHu_11 & CHd_11 & CHd_33 & CeH_22r & CeH_33r & CuH_22r & CuH_33r & CdH_33r & CLL_1221 & eHggint & eHggpar & eHWWint & eHWWpar & eHZZint & eHZZpar & eHZgaint & eHZgapar & eHgagaint & eHmumuint & eHtautauint & eHccint & eHccpar & eHbbint & eHbbpar \\
AlsMz & $1$ & $0.0649873$ & $-0.157121$ & $0.0172188$ & $-0.00917099$ & $0.0234196$ & $-0.00622038$ & $0.053514$ & $0.051554$ & $-0.0302074$ & $-0.0558437$ & $-0.0257097$ & $0.0176237$ & $0.0294387$ & $-0.0345479$ & $-0.0468267$ & $0.000626799$ & $0.0177993$ & $0.0324827$ & $0.0441253$ & $0.0592438$ & $0.0601572$ & $0.0213404$ & $-0.0569533$ & $-0.0241958$ & $-0.0451972$ & $0.120893$ & $0.0707538$ & $-0.0197837$ & $0.0169143$ & $0.0631193$ & $-0.00418736$ & $-0.0371563$ & $0.0807297$ & $-0.126317$ & $-0.197489$ & $0.190147$ & $-0.0147282$ & $0.190461$ & $-0.0417774$ & $0.227547$ & $-0.00894132$ & $0.0158119$ & $-0.16419$ & $0.174887$ & $-0.227931$ & $0.0735178$ & $-0.0620697$ & $-0.328896$ \\
dAle5Mz & $0.0649873$ & $1$ & $0.209629$ & $-0.167333$ & $0.016541$ & $0.0654018$ & $0.0203736$ & $-0.0701895$ & $-0.0798753$ & $0.0707897$ & $0.0436261$ & $0.0708708$ & $-0.00913574$ & $-0.00361567$ & $-0.0159884$ & $0.0175383$ & $0.0310879$ & $0.0371328$ & $0.0140595$ & $-0.0265191$ & $-0.0332262$ & $-0.039368$ & $-0.0764855$ & $0.0575691$ & $0.0109676$ & $0.0633493$ & $-0.0536971$ & $-0.00569624$ & $-0.0272148$ & $-0.00453475$ & $-0.0592744$ & $0.0127172$ & $-0.0498968$ & $-0.00677813$ & $0.0752491$ & $-0.24069$ & $0.126376$ & $-0.00553587$ & $0.00125192$ & $0.0150387$ & $0.0592247$ & $0.0108491$ & $-0.335692$ & $-0.283938$ & $0.0282144$ & $-0.0277569$ & $-0.228612$ & $0.0716513$ & $-0.256372$ \\
mtop & $-0.157121$ & $0.209629$ & $1$ & $-0.11696$ & $-0.0238449$ & $0.00925469$ & $0.0094567$ & $-0.016676$ & $-0.0241267$ & $0.0844468$ & $-0.0103315$ & $0.0452709$ & $-0.0332919$ & $0.0482858$ & $0.0221876$ & $0.0583762$ & $0.0459234$ & $0.0438079$ & $0.0248188$ & $0.021232$ & $0.0139374$ & $0.0102992$ & $-0.0254344$ & $0.082429$ & $0.0540351$ & $0.00651964$ & $-0.016356$ & $0.0374257$ & $0.002484$ & $-0.0544272$ & $-0.0592406$ & $0.00721314$ & $-0.0758536$ & $-0.0284672$ & $0.153712$ & $-0.11337$ & $0.184732$ & $-0.0378471$ & $-0.00558118$ & $0.0345659$ & $-0.0669131$ & $-0.0550088$ & $-0.133746$ & $0.0426578$ & $0.0140176$ & $0.0628309$ & $-0.205213$ & $0.0310348$ & $-0.0737563$ \\
mHl & $0.0172188$ & $-0.167333$ & $-0.11696$ & $1$ & $-0.0219339$ & $0.00122817$ & $-0.00677873$ & $0.0345421$ & $0.026801$ & $-0.01805$ & $-0.0208511$ & $0.0256882$ & $-0.00933296$ & $0.0205241$ & $0.00551389$ & $-0.0223768$ & $-0.0398243$ & $-0.0228335$ & $-0.00792611$ & $0.0173009$ & $0.0201092$ & $0.0196441$ & $0.000124661$ & $-0.0389051$ & $-0.0136946$ & $-0.00519594$ & $0.0318561$ & $-0.00949902$ & $-0.013122$ & $-0.00504925$ & $-0.0481294$ & $1.88647e-05$ & $-0.0117911$ & $0.00309971$ & $0.316449$ & $0.054223$ & $0.0364768$ & $-0.0035135$ & $0.101793$ & $-0.0354726$ & $0.040523$ & $-0.0225574$ & $-0.0997056$ & $0.0213858$ & $-0.0561813$ & $0.177501$ & $-0.156618$ & $-0.0508393$ & $0.0270213$ \\
Mz & $-0.00917099$ & $0.016541$ & $-0.0238449$ & $-0.0219339$ & $1$ & $-0.00326104$ & $-0.0219357$ & $-0.00334297$ & $-0.00260558$ & $0.00227649$ & $0.0142124$ & $0.00257047$ & $-0.011808$ & $-0.0147263$ & $-0.00763956$ & $-0.0218712$ & $-0.00236631$ & $-0.00739765$ & $0.000944479$ & $-0.00914908$ & $-0.00572985$ & $-0.00947988$ & $0.000214444$ & $-0.00573124$ & $-0.000620563$ & $0.00871182$ & $0.0173153$ & $0.00821582$ & $-0.0155791$ & $-0.00363303$ & $-0.0146035$ & $-0.0186674$ & $-0.00371702$ & $0.0072014$ & $0.0182381$ & $-0.0390356$ & $-0.00429834$ & $-0.0304889$ & $0.00744733$ & $0.0135516$ & $-0.0322739$ & $0.0108141$ & $0.017672$ & $-0.031979$ & $-0.019451$ & $-0.0150541$ & $-0.00397593$ & $0.0106946$ & $-0.0325575$ \\
CW & $0.0234196$ & $0.0654018$ & $0.00925469$ & $0.00122817$ & $-0.00326104$ & $1$ & $0.0407959$ & $-0.0166325$ & $-0.0152748$ & $-0.00539039$ & $0.147489$ & $0.0842903$ & $-0.045668$ & $-0.0613263$ & $-0.113356$ & $-0.0815065$ & $-0.383806$ & $-0.185785$ & $-0.202406$ & $-0.147435$ & $-0.147123$ & $-0.142834$ & $0.0129624$ & $-0.169946$ & $-0.239066$ & $0.100736$ & $-0.0348179$ & $-0.042823$ & $0.0315648$ & $-0.0269679$ & $-0.0349903$ & $0.0406854$ & $-0.0536918$ & $-0.039272$ & $-0.0159153$ & $0.00108828$ & $0.0181481$ & $0.0242364$ & $0.0155366$ & $-0.0316549$ & $-0.018773$ & $0.0259518$ & $-0.0163311$ & $-0.0287763$ & $-0.0382838$ & $-0.0425811$ & $-0.00778668$ & $-0.00821364$ & $-0.0543442$ \\
CHG & $-0.00622038$ & $0.0203736$ & $0.0094567$ & $-0.00677873$ & $-0.0219357$ & $0.0407959$ & $1$ & $-0.0223403$ & $-0.00703182$ & $0.173273$ & $0.0791215$ & $0.385051$ & $-0.768378$ & $-0.0958971$ & $-0.0147081$ & $-0.0224398$ & $-0.124807$ & $-0.106673$ & $-0.0980125$ & $-0.076635$ & $-0.0798814$ & $-0.0777684$ & $-0.0567107$ & $-0.0725455$ & $-0.108391$ & $0.10163$ & $-0.0391199$ & $-0.0339162$ & $-0.117753$ & $-0.572195$ & $-0.375125$ & $0.953635$ & $-0.623798$ & $-0.0270114$ & $-0.0452673$ & $-0.0203068$ & $0.071227$ & $-0.0182194$ & $-0.0113049$ & $-0.0383901$ & $0.0738253$ & $-0.0168536$ & $-0.0184049$ & $0.0108378$ & $0.117491$ & $0.00120571$ & $-0.0538878$ & $0.0461321$ & $-0.0638073$ \\
CHWB & $0.053514$ & $-0.0701895$ & $-0.016676$ & $0.0345421$ & $-0.00334297$ & $-0.0166325$ & $-0.0223403$ & $1$ & $0.989694$ & $-0.546137$ & $-0.860596$ & $-0.214348$ & $0.0374782$ & $0.269153$ & $0.449392$ & $0.430188$ & $-0.226528$ & $-0.391721$ & $-0.380826$ & $0.844657$ & $0.875415$ & $0.865817$ & $0.0209149$ & $-0.616563$ & $-0.375744$ & $-0.601204$ & $0.373765$ & $0.375701$ & $0.00989837$ & $0.0306816$ & $0.0309712$ & $-0.0380203$ & $0.0379563$ & $0.509723$ & $-0.0733925$ & $-0.104638$ & $0.0146727$ & $0.00138888$ & $-0.0035882$ & $-0.0135376$ & $0.0608989$ & $-0.0530096$ & $0.038734$ & $0.0611363$ & $0.0373896$ & $0.0191265$ & $0.0235369$ & $0.0550494$ & $0.0406171$ \\
CHWHB_gaga & $0.051554$ & $-0.0798753$ & $-0.0241267$ & $0.026801$ & $-0.00260558$ & $-0.0152748$ & $-0.00703182$ & $0.989694$ & $1$ & $-0.544668$ & $-0.851585$ & $-0.213392$ & $0.0477415$ & $0.266937$ & $0.444338$ & $0.426507$ & $-0.225347$ & $-0.387457$ & $-0.377189$ & $0.835798$ & $0.865935$ & $0.857213$ & $0.0229734$ & $-0.609161$ & $-0.372058$ & $-0.596276$ & $0.369659$ & $0.374772$ & $0.0188002$ & $0.0544893$ & $0.050538$ & $-0.0239715$ & $0.064462$ & $0.503715$ & $-0.0903615$ & $-0.109214$ & $-0.00131659$ & $-0.00164$ & $-0.0107028$ & $-0.0158245$ & $0.0654276$ & $-0.0521407$ & $0.077117$ & $0.059325$ & $0.0348071$ & $0.0140023$ & $0.0275941$ & $0.0574361$ & $0.0415829$ \\
CHWHB_gagaorth & $-0.0302074$ & $0.0707897$ & $0.0844468$ & $-0.01805$ & $0.00227649$ & $-0.00539039$ & $0.173273$ & $-0.546137$ & $-0.544668$ & $1$ & $0.447127$ & $0.53337$ & $-0.255551$ & $-0.100586$ & $-0.21864$ & $-0.192977$ & $0.154098$ & $0.243469$ & $0.227672$ & $-0.434528$ & $-0.458017$ & $-0.456034$ & $-0.0522929$ & $0.370516$ & $0.228768$ & $0.33946$ & $-0.23699$ & $-0.190852$ & $-0.0401949$ & $-0.225217$ & $-0.167549$ & $0.181643$ & $-0.253091$ & $-0.307562$ & $0.0917705$ & $0.0721568$ & $0.0768608$ & $-0.0134329$ & $-0.000743551$ & $0.0316069$ & $-0.0623089$ & $0.0385923$ & $-0.0556407$ & $-0.045728$ & $-0.020188$ & $0.016968$ & $-0.0360993$ & $-0.0226581$ & $-0.0422295$ \\
CHD & $-0.0558437$ & $0.0436261$ & $-0.0103315$ & $-0.0208511$ & $0.0142124$ & $0.147489$ & $0.0791215$ & $-0.860596$ & $-0.851585$ & $0.447127$ & $1$ & $0.3196$ & $-0.102333$ & $-0.681892$ & $-0.57765$ & $-0.558586$ & $-0.273274$ & $-0.0604667$ & $-0.0685589$ & $-0.994943$ & $-0.995124$ & $-0.982607$ & $0.0294778$ & $0.171723$ & $-0.0891231$ & $0.693762$ & $-0.237909$ & $-0.420601$ & $-0.0105376$ & $-0.076507$ & $-0.0544779$ & $0.103001$ & $-0.0912004$ & $-0.285134$ & $0.0784842$ & $0.0860883$ & $-0.0170187$ & $-0.0079405$ & $0.0324764$ & $0.00115085$ & $-0.0801919$ & $0.0605745$ & $-0.0441594$ & $-0.0713783$ & $-0.0501177$ & $-0.0478109$ & $-0.0283743$ & $-0.0560094$ & $-0.024825$ \\
CHbox & $-0.0257097$ & $0.0708708$ & $0.0452709$ & $0.0256882$ & $0.00257047$ & $0.0842903$ & $0.385051$ & $-0.214348$ & $-0.213392$ & $0.53337$ & $0.3196$ & $1$ & $-0.510864$ & $-0.294584$ & $-0.135668$ & $-0.122617$ & $-0.219116$ & $-0.158133$ & $-0.162756$ & $-0.306952$ & $-0.320549$ & $-0.314097$ & $-0.0126854$ & $-0.0521473$ & $-0.15827$ & $0.245567$ & $-0.0963822$ & $-0.137926$ & $-0.0680294$ & $-0.327186$ & $-0.270067$ & $0.380226$ & $-0.353687$ & $-0.0961664$ & $0.0983215$ & $0.0443424$ & $0.127678$ & $-0.0173303$ & $0.0261595$ & $-0.0186722$ & $-0.0301634$ & $0.0259896$ & $-0.0613839$ & $-0.0627386$ & $0.0303516$ & $-0.0173451$ & $-0.109529$ & $-0.0420705$ & $-0.0116614$ \\
CH & $0.0176237$ & $-0.00913574$ & $-0.0332919$ & $-0.00933296$ & $-0.011808$ & $-0.045668$ & $-0.768378$ & $0.0374782$ & $0.0477415$ & $-0.255551$ & $-0.102333$ & $-0.510864$ & $1$ & $0.12012$ & $0.0284765$ & $0.0406968$ & $0.138559$ & $0.11624$ & $0.103873$ & $0.0988422$ & $0.102462$ & $0.0981092$ & $0.0415825$ & $0.0742086$ & $0.106274$ & $-0.115997$ & $0.0197153$ & $0.0351619$ & $0.161998$ & $0.733724$ & $0.472115$ & $-0.683005$ & $0.774522$ & $0.0295235$ & $0.0300362$ & $0.0301835$ & $-0.12261$ & $0.0173919$ & $0.00656504$ & $0.0316872$ & $-0.0237607$ & $-0.0136504$ & $-0.0217868$ & $0.0301711$ & $-0.121878$ & $-0.000904891$ & $0.0653415$ & $-0.0148172$ & $0.0219167$ \\
CHL1_11 & $0.0294387$ & $-0.00361567$ & $0.0482858$ & $0.0205241$ & $-0.0147263$ & $-0.0613263$ & $-0.0958971$ & $0.269153$ & $0.266937$ & $-0.100586$ & $-0.681892$ & $-0.294584$ & $0.12012$ & $1$ & $0.418413$ & $0.409111$ & $0.649684$ & $0.612598$ & $0.613558$ & $0.689878$ & $0.654565$ & $0.644542$ & $-0.0846776$ & $0.458866$ & $0.609745$ & $-0.467177$ & $-0.0639566$ & $0.268169$ & $0.0152175$ & $0.0829347$ & $0.0550971$ & $-0.122582$ & $0.0972551$ & $-0.187871$ & $-0.0493582$ & $-0.0240259$ & $0.00964705$ & $0.00896912$ & $-0.0446516$ & $0.00808979$ & $0.0690217$ & $-0.0456866$ & $0.0367233$ & $0.0407339$ & $0.0405581$ & $0.0587213$ & $0.0326823$ & $0.025997$ & $-0.00842363$ \\
CHL1_22 & $-0.0345479$ & $-0.0159884$ & $0.0221876$ & $0.00551389$ & $-0.00763956$ & $-0.113356$ & $-0.0147081$ & $0.449392$ & $0.444338$ & $-0.21864$ & $-0.57765$ & $-0.135668$ & $0.0284765$ & $0.418413$ & $1$ & $0.531339$ & $0.202266$ & $-0.271896$ & $0.0336753$ & $0.619332$ & $0.522888$ & $0.519732$ & $-0.168597$ & $0.0756686$ & $-0.0258352$ & $-0.376301$ & $-0.313109$ & $0.222374$ & $-0.00772342$ & $0.0165171$ & $0.00232381$ & $-0.027435$ & $0.021161$ & $-0.498016$ & $-0.0365302$ & $0.0211027$ & $0.0313672$ & $0.00103403$ & $-0.0657565$ & $0.00339922$ & $0.0160999$ & $-0.046678$ & $-0.000717696$ & $0.133786$ & $0.03153$ & $0.0210709$ & $0.0159309$ & $0.0195983$ & $-0.0422157$ \\
CHL1_33 & $-0.0468267$ & $0.0175383$ & $0.0583762$ & $-0.0223768$ & $-0.0218712$ & $-0.0815065$ & $-0.0224398$ & $0.430188$ & $0.426507$ & $-0.192977$ & $-0.558586$ & $-0.122617$ & $0.0406968$ & $0.409111$ & $0.531339$ & $1$ & $0.197512$ & $0.0397893$ & $-0.268527$ & $0.602172$ & $0.504126$ & $0.514697$ & $-0.167462$ & $0.075866$ & $-0.023104$ & $-0.35947$ & $-0.322171$ & $0.205978$ & $-0.0160922$ & $0.0256993$ & $-0.0451769$ & $-0.0258362$ & $0.0263795$ & $-0.0519682$ & $-0.020301$ & $0.00495671$ & $0.0149364$ & $0.0224635$ & $-0.0502026$ & $0.00421559$ & $0.0652969$ & $-0.0501937$ & $0.0103291$ & $0.0776466$ & $0.0504083$ & $0.0686912$ & $-0.0299061$ & $-0.00362249$ & $-0.0316284$ \\
CHL3_11 & $0.000626799$ & $0.0310879$ & $0.0459234$ & $-0.0398243$ & $-0.00236631$ & $-0.383806$ & $-0.124807$ & $-0.226528$ & $-0.225347$ & $0.154098$ & $-0.273274$ & $-0.219116$ & $0.138559$ & $0.649684$ & $0.202266$ & $0.197512$ & $1$ & $0.826751$ & $0.824964$ & $0.28363$ & $0.249282$ & $0.24236$ & $-0.0567533$ & $0.776169$ & $0.868279$ & $-0.190209$ & $-0.147626$ & $0.0970486$ & $-0.00122291$ & $0.102022$ & $0.056561$ & $-0.137944$ & $0.120931$ & $-0.273839$ & $-0.011175$ & $0.0290793$ & $-0.000309366$ & $0.011368$ & $-0.0577299$ & $0.0300809$ & $0.0265201$ & $-0.00610701$ & $0.0174991$ & $0.0244801$ & $0.0114698$ & $0.0546943$ & $0.00508835$ & $0.00926894$ & $-0.00700276$ \\
CHL3_22 & $0.0177993$ & $0.0371328$ & $0.0438079$ & $-0.0228335$ & $-0.00739765$ & $-0.185785$ & $-0.106673$ & $-0.391721$ & $-0.387457$ & $0.243469$ & $-0.0604667$ & $-0.158133$ & $0.11624$ & $0.612598$ & $-0.271896$ & $0.0397893$ & $0.826751$ & $1$ & $0.78841$ & $0.0582811$ & $0.0547672$ & $0.0508469$ & $-0.00168984$ & $0.745343$ & $0.871109$ & $-0.0492946$ & $-0.0461235$ & $0.0117616$ & $0.00555527$ & $0.0842258$ & $0.0443549$ & $-0.117071$ & $0.0976583$ & $-0.0709065$ & $0.00191846$ & $0.0156039$ & $-0.0160127$ & $0.0121916$ & $-0.0204005$ & $0.0211001$ & $0.0360366$ & $0.00431321$ & $0.0221477$ & $-0.0434147$ & $0.00985888$ & $0.0521805$ & $0.004009$ & $-0.00302717$ & $0.00390598$ \\
CHL3_33 & $0.0324827$ & $0.0140595$ & $0.0248188$ & $-0.00792611$ & $0.000944479$ & $-0.202406$ & $-0.0980125$ & $-0.380826$ & $-0.377189$ & $0.227672$ & $-0.0685589$ & $-0.162756$ & $0.103873$ & $0.613558$ & $0.0336753$ & $-0.268527$ & $0.824964$ & $0.78841$ & $1$ & $0.0646471$ & $0.0642012$ & $0.0643705$ & $0.00347232$ & $0.741211$ & $0.87041$ & $-0.0575863$ & $-0.0284233$ & $0.0237302$ & $0.014814$ & $0.0727135$ & $0.0771062$ & $-0.115383$ & $0.0896885$ & $-0.367354$ & $-0.0163953$ & $0.0198354$ & $-0.00264885$ & $0.00265752$ & $-0.0312246$ & $0.023036$ & $0.00677295$ & $0.0040434$ & $0.0165186$ & $-0.00766359$ & $0.000125555$ & $0.0172265$ & $0.0380054$ & $0.00957167$ & $-0.00018649$ \\
CHe_11 & $0.0441253$ & $-0.0265191$ & $0.021232$ & $0.0173009$ & $-0.00914908$ & $-0.147435$ & $-0.076635$ & $0.844657$ & $0.835798$ & $-0.434528$ & $-0.994943$ & $-0.306952$ & $0.0988422$ & $0.689878$ & $0.619332$ & $0.602172$ & $0.28363$ & $0.0582811$ & $0.0646471$ & $1$ & $0.985232$ & $0.97353$ & $-0.0481291$ & $-0.139996$ & $0.093062$ & $-0.686685$ & $0.184888$ & $0.415457$ & $0.00770598$ & $0.0729515$ & $0.0457595$ & $-0.10009$ & $0.0862226$ & $0.229949$ & $-0.0735143$ & $-0.0811325$ & $0.0200419$ & $0.00927441$ & $-0.0358345$ & $-0.00107896$ & $0.080285$ & $-0.0627767$ & $0.0354869$ & $0.074014$ & $0.053571$ & $0.0495446$ & $0.0229241$ & $0.053938$ & $0.0159619$ \\
CHe_22 & $0.0592438$ & $-0.0332262$ & $0.0139374$ & $0.0201092$ & $-0.00572985$ & $-0.147123$ & $-0.0798814$ & $0.875415$ & $0.865935$ & $-0.458017$ & $-0.995124$ & $-0.320549$ & $0.102462$ & $0.654565$ & $0.522888$ & $0.504126$ & $0.249282$ & $0.0547672$ & $0.0642012$ & $0.985232$ & $1$ & $0.985136$ & $-0.0100379$ & $-0.214087$ & $0.0755042$ & $-0.693579$ & $0.298384$ & $0.42311$ & $0.0125278$ & $0.0766839$ & $0.0580555$ & $-0.104103$ & $0.0917843$ & $0.351891$ & $-0.0767169$ & $-0.0965562$ & $0.01745$ & $0.00691306$ & $-0.026309$ & $-0.000552494$ & $0.0790391$ & $-0.0579632$ & $0.0398678$ & $0.0609728$ & $0.0472509$ & $0.0455942$ & $0.0257656$ & $0.059617$ & $0.0308725$ \\
CHe_33 & $0.0601572$ & $-0.039368$ & $0.0102992$ & $0.0196441$ & $-0.00947988$ & $-0.142834$ & $-0.0777684$ & $0.865817$ & $0.857213$ & $-0.456034$ & $-0.982607$ & $-0.314097$ & $0.0981092$ & $0.644542$ & $0.519732$ & $0.514697$ & $0.24236$ & $0.0508469$ & $0.0643705$ & $0.97353$ & $0.985136$ & $1$ & $-0.00580502$ & $-0.211685$ & $0.072931$ & $-0.687118$ & $0.29446$ & $0.42487$ & $0.00882457$ & $0.0744435$ & $0.0579274$ & $-0.101883$ & $0.0882459$ & $0.34609$ & $-0.0822573$ & $-0.0985175$ & $0.0128092$ & $0.00945431$ & $-0.0293132$ & $0.00193399$ & $0.0840892$ & $-0.0581213$ & $0.052016$ & $0.0598794$ & $0.0472116$ & $0.0474546$ & $0.0343113$ & $0.0575404$ & $0.0299906$ \\
CHQ1_11 & $0.0213404$ & $-0.0764855$ & $-0.0254344$ & $0.000124661$ & $0.000214444$ & $0.0129624$ & $-0.0567107$ & $0.0209149$ & $0.0229734$ & $-0.0522929$ & $0.0294778$ & $-0.0126854$ & $0.0415825$ & $-0.0846776$ & $-0.168597$ & $-0.167462$ & $-0.0567533$ & $-0.00168984$ & $0.00347232$ & $-0.0481291$ & $-0.0100379$ & $-0.00580502$ & $1$ & $-0.110113$ & $0.0567986$ & $-0.564718$ & $0.34025$ & $0.0125845$ & $0.0299668$ & $0.0313184$ & $0.0626095$ & $-0.056274$ & $0.0462535$ & $0.182241$ & $0.0351309$ & $0.0453773$ & $-0.00194008$ & $-0.0216101$ & $5.67082e-05$ & $-0.00596613$ & $-0.0796274$ & $-0.00859669$ & $0.028728$ & $0.0246516$ & $-0.024112$ & $0.0151681$ & $0.0237779$ & $0.039133$ & $0.0534841$ \\
CHQ1_33 & $-0.0569533$ & $0.0575691$ & $0.082429$ & $-0.0389051$ & $-0.00573124$ & $-0.169946$ & $-0.0725455$ & $-0.616563$ & $-0.609161$ & $0.370516$ & $0.171723$ & $-0.0521473$ & $0.0742086$ & $0.458866$ & $0.0756686$ & $0.075866$ & $0.776169$ & $0.745343$ & $0.741211$ & $-0.139996$ & $-0.214087$ & $-0.211685$ & $-0.110113$ & $1$ & $0.772919$ & $0.131181$ & $-0.386839$ & $-0.0354362$ & $-0.00499945$ & $0.0518194$ & $0.0145995$ & $-0.075502$ & $0.0587017$ & $-0.611005$ & $0.0218712$ & $0.0755626$ & $-0.00159447$ & $-0.0130497$ & $-0.0501378$ & $0.0297663$ & $-0.0146564$ & $0.00931966$ & $-0.000129864$ & $0.00336299$ & $0.0107894$ & $0.0435772$ & $0.00838009$ & $-0.0122996$ & $-0.0393339$ \\
CHQ3_11 & $-0.0241958$ & $0.0109676$ & $0.0540351$ & $-0.0136946$ & $-0.000620563$ & $-0.239066$ & $-0.108391$ & $-0.375744$ & $-0.372058$ & $0.228768$ & $-0.0891231$ & $-0.15827$ & $0.106274$ & $0.609745$ & $-0.0258352$ & $-0.023104$ & $0.868279$ & $0.871109$ & $0.87041$ & $0.093062$ & $0.0755042$ & $0.072931$ & $0.0567986$ & $0.772919$ & $1$ & $-0.0674698$ & $0.110217$ & $0.0213994$ & $0.0228724$ & $0.0760383$ & $0.0680469$ & $-0.126525$ & $0.0981555$ & $-0.273228$ & $0.00395252$ & $0.0146882$ & $-0.015828$ & $0.00322151$ & $-0.0339887$ & $0.025601$ & $-0.0062368$ & $0.000330161$ & $0.00799697$ & $-0.0105295$ & $0.0174879$ & $0.0524344$ & $0.0186713$ & $0.0373646$ & $0.0262542$ \\
CHu_11 & $-0.0451972$ & $0.0633493$ & $0.00651964$ & $-0.00519594$ & $0.00871182$ & $0.100736$ & $0.10163$ & $-0.601204$ & $-0.596276$ & $0.33946$ & $0.693762$ & $0.245567$ & $-0.115997$ & $-0.467177$ & $-0.376301$ & $-0.35947$ & $-0.190209$ & $-0.0492946$ & $-0.0575863$ & $-0.686685$ & $-0.693579$ & $-0.687118$ & $-0.564718$ & $0.131181$ & $-0.0674698$ & $1$ & $-0.173858$ & $-0.306874$ & $-0.0332262$ & $-0.0835217$ & $-0.0792237$ & $0.112438$ & $-0.105792$ & $-0.227314$ & $0.0331472$ & $0.00972803$ & $-0.00714867$ & $0.00750584$ & $0.0322288$ & $0.00426917$ & $-0.0142553$ & $0.0395824$ & $-0.0420425$ & $-0.0688593$ & $-0.00778558$ & $-0.0590953$ & $-0.0345744$ & $-0.0545898$ & $-0.037046$ \\
CHd_11 & $0.120893$ & $-0.0536971$ & $-0.016356$ & $0.0318561$ & $0.0173153$ & $-0.0348179$ & $-0.0391199$ & $0.373765$ & $0.369659$ & $-0.23699$ & $-0.237909$ & $-0.0963822$ & $0.0197153$ & $-0.0639566$ & $-0.313109$ & $-0.322171$ & $-0.147626$ & $-0.0461235$ & $-0.0284233$ & $0.184888$ & $0.298384$ & $0.29446$ & $0.34025$ & $-0.386839$ & $0.110217$ & $-0.173858$ & $1$ & $0.117975$ & $0.0396219$ & $0.0237738$ & $0.0878763$ & $-0.0557589$ & $0.0359444$ & $0.659123$ & $-0.0400565$ & $-0.147153$ & $-0.00131921$ & $-0.0247399$ & $0.0576892$ & $-0.0021802$ & $-0.00682081$ & $-0.00634279$ & $0.0200814$ & $-0.0598582$ & $0.0379895$ & $-0.0162742$ & $0.0401044$ & $0.101747$ & $0.0839691$ \\
CHd_33 & $0.0707538$ & $-0.00569624$ & $0.0374257$ & $-0.00949902$ & $0.00821582$ & $-0.042823$ & $-0.0339162$ & $0.375701$ & $0.374772$ & $-0.190852$ & $-0.420601$ & $-0.137926$ & $0.0351619$ & $0.268169$ & $0.222374$ & $0.205978$ & $0.0970486$ & $0.0117616$ & $0.0237302$ & $0.415457$ & $0.42311$ & $0.42487$ & $0.0125845$ & $-0.0354362$ & $0.0213994$ & $-0.306874$ & $0.117975$ & $1$ & $0.00790464$ & $0.021989$ & $0.00410005$ & $-0.0513672$ & $0.0228038$ & $0.154884$ & $-0.0222007$ & $-0.0431093$ & $0.0408078$ & $-0.0154258$ & $-0.017473$ & $-0.0165814$ & $-0.0106546$ & $-0.0231242$ & $0.015137$ & $-0.0297092$ & $0.00713426$ & $-0.0225232$ & $0.030771$ & $0.0314805$ & $-0.0201729$ \\
CeH_22r & $-0.0197837$ & $-0.0272148$ & $0.002484$ & $-0.013122$ & $-0.0155791$ & $0.0315648$ & $-0.117753$ & $0.00989837$ & $0.0188002$ & $-0.0401949$ & $-0.0105376$ & $-0.0680294$ & $0.161998$ & $0.0152175$ & $-0.00772342$ & $-0.0160922$ & $-0.00122291$ & $0.00555527$ & $0.014814$ & $0.00770598$ & $0.0125278$ & $0.00882457$ & $0.0299668$ & $-0.00499945$ & $0.0228724$ & $-0.0332262$ & $0.0396219$ & $0.00790464$ & $1$ & $0.160184$ & $0.104846$ & $-0.116669$ & $0.166684$ & $0.00879784$ & $-0.0698941$ & $-0.0189749$ & $-0.0240401$ & $0.0200232$ & $-0.0137158$ & $-0.0263604$ & $0.0349014$ & $0.0241026$ & $-0.0226579$ & $0.0416161$ & $-0.0222839$ & $0.00833688$ & $0.0102787$ & $0.0142951$ & $0.0289112$ \\
CeH_33r & $0.0169143$ & $-0.00453475$ & $-0.0544272$ & $-0.00504925$ & $-0.00363303$ & $-0.0269679$ & $-0.572195$ & $0.0306816$ & $0.0544893$ & $-0.225217$ & $-0.076507$ & $-0.327186$ & $0.733724$ & $0.0829347$ & $0.0165171$ & $0.0256993$ & $0.102022$ & $0.0842258$ & $0.0727135$ & $0.0729515$ & $0.0766839$ & $0.0744435$ & $0.0313184$ & $0.0518194$ & $0.0760383$ & $-0.0835217$ & $0.0237738$ & $0.021989$ & $0.160184$ & $1$ & $0.528073$ & $-0.433294$ & $0.854429$ & $0.0319087$ & $0.0196138$ & $-0.00157388$ & $-0.187299$ & $0.013031$ & $0.0187645$ & $0.0278763$ & $0.00516805$ & $0.0272771$ & $-0.00231615$ & $-0.0128158$ & $-0.0670088$ & $0.0260995$ & $0.0392679$ & $0.0232274$ & $0.022385$ \\
CuH_22r & $0.0631193$ & $-0.0592744$ & $-0.0592406$ & $-0.0481294$ & $-0.0146035$ & $-0.0349903$ & $-0.375125$ & $0.0309712$ & $0.050538$ & $-0.167549$ & $-0.0544779$ & $-0.270067$ & $0.472115$ & $0.0550971$ & $0.00232381$ & $-0.0451769$ & $0.056561$ & $0.0443549$ & $0.0771062$ & $0.0457595$ & $0.0580555$ & $0.0579274$ & $0.0626095$ & $0.0145995$ & $0.0680469$ & $-0.0792237$ & $0.0878763$ & $0.00410005$ & $0.104846$ & $0.528073$ & $1$ & $-0.274747$ & $0.578381$ & $0.0304533$ & $0.0170162$ & $0.0194199$ & $-0.13268$ & $0.00170012$ & $0.0474386$ & $0.0420285$ & $-0.0138977$ & $0.0107121$ & $0.0100428$ & $0.031597$ & $-0.0366668$ & $0.0273256$ & $0.241394$ & $0.0608678$ & $0.0234301$ \\
CuH_33r & $-0.00418736$ & $0.0127172$ & $0.00721314$ & $1.88647e-05$ & $-0.0186674$ & $0.0406854$ & $0.953635$ & $-0.0380203$ & $-0.0239715$ & $0.181643$ & $0.103001$ & $0.380226$ & $-0.683005$ & $-0.122582$ & $-0.027435$ & $-0.0258362$ & $-0.137944$ & $-0.117071$ & $-0.115383$ & $-0.10009$ & $-0.104103$ & $-0.101883$ & $-0.056274$ & $-0.075502$ & $-0.126525$ & $0.112438$ & $-0.0557589$ & $-0.0513672$ & $-0.116669$ & $-0.433294$ & $-0.274747$ & $1$ & $-0.463641$ & $-0.0281326$ & $0.00344018$ & $0.0198701$ & $0.0437085$ & $-0.012396$ & $0.00857023$ & $-0.0237426$ & $0.0638323$ & $-0.0119584$ & $-0.0242293$ & $0.0206869$ & $0.105357$ & $0.00086489$ & $-0.0495322$ & $0.0555166$ & $-0.0725143$ \\
CdH_33r & $-0.0371563$ & $-0.0498968$ & $-0.0758536$ & $-0.0117911$ & $-0.00371702$ & $-0.0536918$ & $-0.623798$ & $0.0379563$ & $0.064462$ & $-0.253091$ & $-0.0912004$ & $-0.353687$ & $0.774522$ & $0.0972551$ & $0.021161$ & $0.0263795$ & $0.120931$ & $0.0976583$ & $0.0896885$ & $0.0862226$ & $0.0917843$ & $0.0882459$ & $0.0462535$ & $0.0587017$ & $0.0981555$ & $-0.105792$ & $0.0359444$ & $0.0228038$ & $0.166684$ & $0.854429$ & $0.578381$ & $-0.463641$ & $1$ & $0.0357313$ & $0.0199455$ & $0.0345096$ & $-0.195408$ & $0.00811391$ & $0.00745422$ & $0.0263215$ & $-0.0270108$ & $0.0253634$ & $0.0194063$ & $-0.00328526$ & $-0.0905114$ & $0.0486436$ & $0.0741909$ & $0.072583$ & $0.201321$ \\
CLL_1221 & $0.0807297$ & $-0.00677813$ & $-0.0284672$ & $0.00309971$ & $0.0072014$ & $-0.039272$ & $-0.0270114$ & $0.509723$ & $0.503715$ & $-0.307562$ & $-0.285134$ & $-0.0961664$ & $0.0295235$ & $-0.187871$ & $-0.498016$ & $-0.0519682$ & $-0.273839$ & $-0.0709065$ & $-0.367354$ & $0.229949$ & $0.351891$ & $0.34609$ & $0.182241$ & $-0.611005$ & $-0.273228$ & $-0.227314$ & $0.659123$ & $0.154884$ & $0.00879784$ & $0.0319087$ & $0.0304533$ & $-0.0281326$ & $0.0357313$ & $1$ & $-0.0317994$ & $-0.124397$ & $-0.0135757$ & $0.00144424$ & $0.0492696$ & $-0.00721317$ & $0.0414827$ & $0.000329035$ & $0.0257468$ & $-0.0726753$ & $0.000137232$ & $0.00406058$ & $-0.00942143$ & $0.0412328$ & $0.0726826$ \\
eHggint & $-0.126317$ & $0.0752491$ & $0.153712$ & $0.316449$ & $0.0182381$ & $-0.0159153$ & $-0.0452673$ & $-0.0733925$ & $-0.0903615$ & $0.0917705$ & $0.0784842$ & $0.0983215$ & $0.0300362$ & $-0.0493582$ & $-0.0365302$ & $-0.020301$ & $-0.011175$ & $0.00191846$ & $-0.0163953$ & $-0.0735143$ & $-0.0767169$ & $-0.0822573$ & $0.0351309$ & $0.0218712$ & $0.00395252$ & $0.0331472$ & $-0.0400565$ & $-0.0222007$ & $-0.0698941$ & $0.0196138$ & $0.0170162$ & $0.00344018$ & $0.0199455$ & $-0.0317994$ & $1$ & $0.202717$ & $-0.0350227$ & $0.0534129$ & $0.336931$ & $0.0222954$ & $-0.280848$ & $0.038053$ & $-0.147591$ & $0.000666123$ & $-0.251029$ & $0.115605$ & $-0.0694858$ & $-0.00932425$ & $0.0997475$ \\
eHggpar & $-0.197489$ & $-0.24069$ & $-0.11337$ & $0.054223$ & $-0.0390356$ & $0.00108828$ & $-0.0203068$ & $-0.104638$ & $-0.109214$ & $0.0721568$ & $0.0860883$ & $0.0443424$ & $0.0301835$ & $-0.0240259$ & $0.0211027$ & $0.00495671$ & $0.0290793$ & $0.0156039$ & $0.0198354$ & $-0.0811325$ & $-0.0965562$ & $-0.0985175$ & $0.0453773$ & $0.0755626$ & $0.0146882$ & $0.00972803$ & $-0.147153$ & $-0.0431093$ & $-0.0189749$ & $-0.00157388$ & $0.0194199$ & $0.0198701$ & $0.0345096$ & $-0.124397$ & $0.202717$ & $1$ & $-0.0828739$ & $0.0163148$ & $-0.0719892$ & $0.0270034$ & $-0.175139$ & $-0.00716691$ & $0.0490902$ & $0.136733$ & $-0.204017$ & $0.122486$ & $0.018661$ & $0.038962$ & $0.14158$ \\
eHWWint & $0.190147$ & $0.126376$ & $0.184732$ & $0.0364768$ & $-0.00429834$ & $0.0181481$ & $0.071227$ & $0.0146727$ & $-0.00131659$ & $0.0768608$ & $-0.0170187$ & $0.127678$ & $-0.12261$ & $0.00964705$ & $0.0313672$ & $0.0149364$ & $-0.000309366$ & $-0.0160127$ & $-0.00264885$ & $0.0200419$ & $0.01745$ & $0.0128092$ & $-0.00194008$ & $-0.00159447$ & $-0.015828$ & $-0.00714867$ & $-0.00131921$ & $0.0408078$ & $-0.0240401$ & $-0.187299$ & $-0.13268$ & $0.0437085$ & $-0.195408$ & $-0.0135757$ & $-0.0350227$ & $-0.0828739$ & $1$ & $-0.00935485$ & $0.087528$ & $-0.00485334$ & $-0.12213$ & $-0.062246$ & $-0.148507$ & $0.154023$ & $0.036988$ & $-0.113017$ & $0.012533$ & $0.0414824$ & $-0.0945472$ \\
eHWWpar & $-0.0147282$ & $-0.00553587$ & $-0.0378471$ & $-0.0035135$ & $-0.0304889$ & $0.0242364$ & $-0.0182194$ & $0.00138888$ & $-0.00164$ & $-0.0134329$ & $-0.0079405$ & $-0.0173303$ & $0.0173919$ & $0.00896912$ & $0.00103403$ & $0.0224635$ & $0.011368$ & $0.0121916$ & $0.00265752$ & $0.00927441$ & $0.00691306$ & $0.00945431$ & $-0.0216101$ & $-0.0130497$ & $0.00322151$ & $0.00750584$ & $-0.0247399$ & $-0.0154258$ & $0.0200232$ & $0.013031$ & $0.00170012$ & $-0.012396$ & $0.00811391$ & $0.00144424$ & $0.0534129$ & $0.0163148$ & $-0.00935485$ & $1$ & $0.0337644$ & $0.013372$ & $0.00585217$ & $-0.0463681$ & $-0.00432057$ & $0.0243945$ & $-0.0375895$ & $0.0246401$ & $-0.0388938$ & $-0.0112124$ & $0.0204087$ \\
eHZZint & $0.190461$ & $0.00125192$ & $-0.00558118$ & $0.101793$ & $0.00744733$ & $0.0155366$ & $-0.0113049$ & $-0.0035882$ & $-0.0107028$ & $-0.000743551$ & $0.0324764$ & $0.0261595$ & $0.00656504$ & $-0.0446516$ & $-0.0657565$ & $-0.0502026$ & $-0.0577299$ & $-0.0204005$ & $-0.0312246$ & $-0.0358345$ & $-0.026309$ & $-0.0293132$ & $5.67082e-05$ & $-0.0501378$ & $-0.0339887$ & $0.0322288$ & $0.0576892$ & $-0.017473$ & $-0.0137158$ & $0.0187645$ & $0.0474386$ & $0.00857023$ & $0.00745422$ & $0.0492696$ & $0.336931$ & $-0.0719892$ & $0.087528$ & $0.0337644$ & $1$ & $-0.0379299$ & $-0.043993$ & $-0.00212419$ & $-0.0956322$ & $0.00331891$ & $0.0856091$ & $-0.0793638$ & $0.0949999$ & $-0.00855189$ & $0.049512$ \\
eHZZpar & $-0.0417774$ & $0.0150387$ & $0.0345659$ & $-0.0354726$ & $0.0135516$ & $-0.0316549$ & $-0.0383901$ & $-0.0135376$ & $-0.0158245$ & $0.0316069$ & $0.00115085$ & $-0.0186722$ & $0.0316872$ & $0.00808979$ & $0.00339922$ & $0.00421559$ & $0.0300809$ & $0.0211001$ & $0.023036$ & $-0.00107896$ & $-0.000552494$ & $0.00193399$ & $-0.00596613$ & $0.0297663$ & $0.025601$ & $0.00426917$ & $-0.0021802$ & $-0.0165814$ & $-0.0263604$ & $0.0278763$ & $0.0420285$ & $-0.0237426$ & $0.0263215$ & $-0.00721317$ & $0.0222954$ & $0.0270034$ & $-0.00485334$ & $0.013372$ & $-0.0379299$ & $1$ & $-0.0865746$ & $-0.0212356$ & $0.000414336$ & $0.00174225$ & $-0.0477679$ & $0.0335922$ & $-0.00838876$ & $0.0229523$ & $-0.011411$ \\
eHZgaint & $0.227547$ & $0.0592247$ & $-0.0669131$ & $0.040523$ & $-0.0322739$ & $-0.018773$ & $0.0738253$ & $0.0608989$ & $0.0654276$ & $-0.0623089$ & $-0.0801919$ & $-0.0301634$ & $-0.0237607$ & $0.0690217$ & $0.0160999$ & $0.0652969$ & $0.0265201$ & $0.0360366$ & $0.00677295$ & $0.080285$ & $0.0790391$ & $0.0840892$ & $-0.0796274$ & $-0.0146564$ & $-0.0062368$ & $-0.0142553$ & $-0.00682081$ & $-0.0106546$ & $0.0349014$ & $0.00516805$ & $-0.0138977$ & $0.0638323$ & $-0.0270108$ & $0.0414827$ & $-0.280848$ & $-0.175139$ & $-0.12213$ & $0.00585217$ & $-0.043993$ & $-0.0865746$ & $1$ & $-0.0826804$ & $-0.0043056$ & $0.00145774$ & $0.252192$ & $-0.021736$ & $-0.000720259$ & $0.0482445$ & $-0.142161$ \\
eHZgapar & $-0.00894132$ & $0.0108491$ & $-0.0550088$ & $-0.0225574$ & $0.0108141$ & $0.0259518$ & $-0.0168536$ & $-0.0530096$ & $-0.0521407$ & $0.0385923$ & $0.0605745$ & $0.0259896$ & $-0.0136504$ & $-0.0456866$ & $-0.046678$ & $-0.0501937$ & $-0.00610701$ & $0.00431321$ & $0.0040434$ & $-0.0627767$ & $-0.0579632$ & $-0.0581213$ & $-0.00859669$ & $0.00931966$ & $0.000330161$ & $0.0395824$ & $-0.00634279$ & $-0.0231242$ & $0.0241026$ & $0.0272771$ & $0.0107121$ & $-0.0119584$ & $0.0253634$ & $0.000329035$ & $0.038053$ & $-0.00716691$ & $-0.062246$ & $-0.0463681$ & $-0.00212419$ & $-0.0212356$ & $-0.0826804$ & $1$ & $-0.0455024$ & $-0.0717309$ & $-0.0170947$ & $0.0429089$ & $0.00645331$ & $-0.00650245$ & $0.00920677$ \\
eHgagaint & $0.0158119$ & $-0.335692$ & $-0.133746$ & $-0.0997056$ & $0.017672$ & $-0.0163311$ & $-0.0184049$ & $0.038734$ & $0.077117$ & $-0.0556407$ & $-0.0441594$ & $-0.0613839$ & $-0.0217868$ & $0.0367233$ & $-0.000717696$ & $0.0103291$ & $0.0174991$ & $0.0221477$ & $0.0165186$ & $0.0354869$ & $0.0398678$ & $0.052016$ & $0.028728$ & $-0.000129864$ & $0.00799697$ & $-0.0420425$ & $0.0200814$ & $0.015137$ & $-0.0226579$ & $-0.00231615$ & $0.0100428$ & $-0.0242293$ & $0.0194063$ & $0.0257468$ & $-0.147591$ & $0.0490902$ & $-0.148507$ & $-0.00432057$ & $-0.0956322$ & $0.000414336$ & $-0.0043056$ & $-0.0455024$ & $1$ & $0.0418922$ & $-0.0113039$ & $-0.120979$ & $0.0648127$ & $0.0378016$ & $0.0638705$ \\
eHmumuint & $-0.16419$ & $-0.283938$ & $0.0426578$ & $0.0213858$ & $-0.031979$ & $-0.0287763$ & $0.0108378$ & $0.0611363$ & $0.059325$ & $-0.045728$ & $-0.0713783$ & $-0.0627386$ & $0.0301711$ & $0.0407339$ & $0.133786$ & $0.0776466$ & $0.0244801$ & $-0.0434147$ & $-0.00766359$ & $0.074014$ & $0.0609728$ & $0.0598794$ & $0.0246516$ & $0.00336299$ & $-0.0105295$ & $-0.0688593$ & $-0.0598582$ & $-0.0297092$ & $0.0416161$ & $-0.0128158$ & $0.031597$ & $0.0206869$ & $-0.00328526$ & $-0.0726753$ & $0.000666123$ & $0.136733$ & $0.154023$ & $0.0243945$ & $0.00331891$ & $0.00174225$ & $0.00145774$ & $-0.0717309$ & $0.0418922$ & $1$ & $-0.12039$ & $-0.0967417$ & $0.217946$ & $-0.0128119$ & $0.0106752$ \\
eHtautauint & $0.174887$ & $0.0282144$ & $0.0140176$ & $-0.0561813$ & $-0.019451$ & $-0.0382838$ & $0.117491$ & $0.0373896$ & $0.0348071$ & $-0.020188$ & $-0.0501177$ & $0.0303516$ & $-0.121878$ & $0.0405581$ & $0.03153$ & $0.0504083$ & $0.0114698$ & $0.00985888$ & $0.000125555$ & $0.053571$ & $0.0472509$ & $0.0472116$ & $-0.024112$ & $0.0107894$ & $0.0174879$ & $-0.00778558$ & $0.0379895$ & $0.00713426$ & $-0.0222839$ & $-0.0670088$ & $-0.0366668$ & $0.105357$ & $-0.0905114$ & $0.000137232$ & $-0.251029$ & $-0.204017$ & $0.036988$ & $-0.0375895$ & $0.0856091$ & $-0.0477679$ & $0.252192$ & $-0.0170947$ & $-0.0113039$ & $-0.12039$ & $1$ & $0.071019$ & $0.0788826$ & $0.264416$ & $-0.129296$ \\
eHccint & $-0.227931$ & $-0.0277569$ & $0.0628309$ & $0.177501$ & $-0.0150541$ & $-0.0425811$ & $0.00120571$ & $0.0191265$ & $0.0140023$ & $0.016968$ & $-0.0478109$ & $-0.0173451$ & $-0.000904891$ & $0.0587213$ & $0.0210709$ & $0.0686912$ & $0.0546943$ & $0.0521805$ & $0.0172265$ & $0.0495446$ & $0.0455942$ & $0.0474546$ & $0.0151681$ & $0.0435772$ & $0.0524344$ & $-0.0590953$ & $-0.0162742$ & $-0.0225232$ & $0.00833688$ & $0.0260995$ & $0.0273256$ & $0.00086489$ & $0.0486436$ & $0.00406058$ & $0.115605$ & $0.122486$ & $-0.113017$ & $0.0246401$ & $-0.0793638$ & $0.0335922$ & $-0.021736$ & $0.0429089$ & $-0.120979$ & $-0.0967417$ & $0.071019$ & $1$ & $-0.0239715$ & $0.152674$ & $0.202292$ \\
eHccpar & $0.0735178$ & $-0.228612$ & $-0.205213$ & $-0.156618$ & $-0.00397593$ & $-0.00778668$ & $-0.0538878$ & $0.0235369$ & $0.0275941$ & $-0.0360993$ & $-0.0283743$ & $-0.109529$ & $0.0653415$ & $0.0326823$ & $0.0159309$ & $-0.0299061$ & $0.00508835$ & $0.004009$ & $0.0380054$ & $0.0229241$ & $0.0257656$ & $0.0343113$ & $0.0237779$ & $0.00838009$ & $0.0186713$ & $-0.0345744$ & $0.0401044$ & $0.030771$ & $0.0102787$ & $0.0392679$ & $0.241394$ & $-0.0495322$ & $0.0741909$ & $-0.00942143$ & $-0.0694858$ & $0.018661$ & $0.012533$ & $-0.0388938$ & $0.0949999$ & $-0.00838876$ & $-0.000720259$ & $0.00645331$ & $0.0648127$ & $0.217946$ & $0.0788826$ & $-0.0239715$ & $1$ & $0.152286$ & $0.0941327$ \\
eHbbint & $-0.0620697$ & $0.0716513$ & $0.0310348$ & $-0.0508393$ & $0.0106946$ & $-0.00821364$ & $0.0461321$ & $0.0550494$ & $0.0574361$ & $-0.0226581$ & $-0.0560094$ & $-0.0420705$ & $-0.0148172$ & $0.025997$ & $0.0195983$ & $-0.00362249$ & $0.00926894$ & $-0.00302717$ & $0.00957167$ & $0.053938$ & $0.059617$ & $0.0575404$ & $0.039133$ & $-0.0122996$ & $0.0373646$ & $-0.0545898$ & $0.101747$ & $0.0314805$ & $0.0142951$ & $0.0232274$ & $0.0608678$ & $0.0555166$ & $0.072583$ & $0.0412328$ & $-0.00932425$ & $0.038962$ & $0.0414824$ & $-0.0112124$ & $-0.00855189$ & $0.0229523$ & $0.0482445$ & $-0.00650245$ & $0.0378016$ & $-0.0128119$ & $0.264416$ & $0.152674$ & $0.152286$ & $1$ & $-0.0747806$ \\
eHbbpar & $-0.328896$ & $-0.256372$ & $-0.0737563$ & $0.0270213$ & $-0.0325575$ & $-0.0543442$ & $-0.0638073$ & $0.0406171$ & $0.0415829$ & $-0.0422295$ & $-0.024825$ & $-0.0116614$ & $0.0219167$ & $-0.00842363$ & $-0.0422157$ & $-0.0316284$ & $-0.00700276$ & $0.00390598$ & $-0.00018649$ & $0.0159619$ & $0.0308725$ & $0.0299906$ & $0.0534841$ & $-0.0393339$ & $0.0262542$ & $-0.037046$ & $0.0839691$ & $-0.0201729$ & $0.0289112$ & $0.022385$ & $0.0234301$ & $-0.0725143$ & $0.201321$ & $0.0726826$ & $0.0997475$ & $0.14158$ & $-0.0945472$ & $0.0204087$ & $0.049512$ & $-0.011411$ & $-0.142161$ & $0.00920677$ & $0.0638705$ & $0.0106752$ & $-0.129296$ & $0.202292$ & $0.0941327$ & $-0.0747806$ & $1$ \\
