 & AlsMz & dAle5Mz & mtop & mHl & Mz & CW & CHG & CHWB & CHWHB_gaga & CHWHB_gagaorth & CHD & CHbox & CH & CHL1_11 & CHL1_22 & CHL1_33 & CHL3_11 & CHL3_22 & CHL3_33 & CHe_11 & CHe_22 & CHe_33 & CHQ1_11 & CHQ1_33 & CHQ3_11 & CHu_11 & CHd_11 & CHd_33 & CeH_22r & CeH_33r & CuH_22r & CuH_33r & CdH_33r & CLL_1221 & eHggint & eHggpar & eHWWint & eHWWpar & eHZZint & eHZZpar & eHZgaint & eHZgapar & eHgagaint & eHmumuint & eHtautauint & eHccint & eHccpar & eHbbint & eHbbpar \\
AlsMz & $1$ & $-0.00180697$ & $0.0312757$ & $0.0445548$ & $0.00143774$ & $-0.00824063$ & $-0.0191553$ & $-0.00681904$ & $0.00226089$ & $-0.0023858$ & $-0.00990174$ & $-0.00179535$ & $0.0131692$ & $0.0175028$ & $0.0034857$ & $0.00488886$ & $0.0259853$ & $0.022606$ & $0.0210899$ & $0.00628602$ & $0.00507089$ & $0.00578176$ & $-0.00251188$ & $-0.0142243$ & $-0.0387948$ & $-0.027696$ & $-0.0282042$ & $0.0115672$ & $0.015968$ & $0.0305909$ & $0.0458241$ & $-0.0165597$ & $0.0300752$ & $-0.0078065$ & $-0.15142$ & $-0.039853$ & $-0.2609$ & $-0.045802$ & $0.344255$ & $0.0110558$ & $0.00616669$ & $-0.0362771$ & $0.249366$ & $0.122481$ & $-0.077239$ & $0.369282$ & $0.0457896$ & $0.204801$ & $-0.138135$ \\
dAle5Mz & $-0.00180697$ & $1$ & $0.133493$ & $0.00392679$ & $-0.000252285$ & $0.00205386$ & $-0.00845426$ & $-0.0432905$ & $-0.0310114$ & $0.0252922$ & $0.0310852$ & $0.00631095$ & $-0.00338089$ & $-0.0127369$ & $-0.00413321$ & $-0.0143437$ & $0.0171615$ & $0.00835667$ & $0.0155813$ & $-0.0204391$ & $-0.0202765$ & $-0.0176244$ & $-0.00630456$ & $0.0213465$ & $0.0165937$ & $0.0224584$ & $-0.00155732$ & $-0.00616713$ & $-0.0013851$ & $0.0114024$ & $0.00944005$ & $-0.00904602$ & $0.0210804$ & $0.00173291$ & $0.078189$ & $-0.258241$ & $-0.108603$ & $-0.0150896$ & $0.0814955$ & $0.00745669$ & $-0.0140427$ & $0.0186297$ & $0.264228$ & $0.100843$ & $-0.033472$ & $0.0251337$ & $0.00186366$ & $0.056807$ & $0.046678$ \\
mtop & $0.0312757$ & $0.133493$ & $1$ & $0.0204066$ & $-0.0113054$ & $-0.0141345$ & $0.0143347$ & $-0.0141124$ & $-0.0107471$ & $0.000879781$ & $0.0109876$ & $-0.00378014$ & $0.00580316$ & $-0.000858846$ & $-0.00405863$ & $0.00178684$ & $0.0119014$ & $0.0103544$ & $0.00567494$ & $-0.00692431$ & $-0.00724056$ & $-0.00621451$ & $-0.00833803$ & $0.0138258$ & $0.00539633$ & $0.0124384$ & $-0.00841676$ & $-0.00282736$ & $-0.00214439$ & $-0.00650814$ & $-0.0310245$ & $0.0198484$ & $0.0157118$ & $-0.00141821$ & $-0.0254553$ & $0.21828$ & $-0.0477837$ & $-0.0145233$ & $-0.106694$ & $-0.0155926$ & $0.0777384$ & $0.0414397$ & $0.0452737$ & $-0.12648$ & $-0.462219$ & $-0.345017$ & $-0.136465$ & $0.247517$ & $-0.0938136$ \\
mHl & $0.0445548$ & $0.00392679$ & $0.0204066$ & $1$ & $0.0486586$ & $0.00832716$ & $0.022837$ & $-0.00651691$ & $-0.00305074$ & $-0.00795141$ & $0.00955491$ & $-0.0181916$ & $-0.0125377$ & $-0.0109073$ & $0.00852233$ & $-0.0112235$ & $-0.00545815$ & $-0.0125176$ & $-0.000777378$ & $-0.00914836$ & $-0.0101498$ & $-0.0106409$ & $-0.00601932$ & $-0.000684763$ & $-0.00805456$ & $0.0108697$ & $-0.0049964$ & $-0.000781069$ & $0.00271893$ & $-0.00495446$ & $-0.00799697$ & $0.0212843$ & $-0.0257558$ & $-0.0132845$ & $-0.141832$ & $0.0158604$ & $0.066344$ & $-0.0172114$ & $-0.0163591$ & $0.0470297$ & $0.0536954$ & $-0.00949098$ & $0.046324$ & $-0.0100839$ & $0.0124745$ & $-0.159374$ & $0.0122994$ & $0.0253434$ & $-0.128412$ \\
Mz & $0.00143774$ & $-0.000252285$ & $-0.0113054$ & $0.0486586$ & $1$ & $-0.00564201$ & $-0.0049081$ & $-0.00820823$ & $-0.00898027$ & $0.00211381$ & $0.00705358$ & $0.00497749$ & $0.00305581$ & $0.0072158$ & $0.000440924$ & $0.00640945$ & $0.0111546$ & $0.0108284$ & $0.00736165$ & $-0.00163143$ & $-0.00206367$ & $-0.00197543$ & $0.00109137$ & $0.0125471$ & $0.0106609$ & $-0.00139712$ & $-0.00476829$ & $-0.00106153$ & $-0.00152719$ & $0.00263317$ & $-0.000816498$ & $-0.00424695$ & $0.00267372$ & $-0.00851477$ & $-0.0101142$ & $-0.00103512$ & $0.0143603$ & $0.00775456$ & $-0.00261569$ & $0.00557187$ & $-0.0141687$ & $0.0092206$ & $-0.00263933$ & $-0.00406451$ & $0.0128562$ & $-0.00624571$ & $-0.0113047$ & $0.00356948$ & $0.00577152$ \\
CW & $-0.00824063$ & $0.00205386$ & $-0.0141345$ & $0.00832716$ & $-0.00564201$ & $1$ & $0.0476733$ & $-0.035209$ & $-0.0337981$ & $0.0129046$ & $0.149838$ & $-0.0334473$ & $-0.0635542$ & $-0.0386925$ & $-0.0744485$ & $-0.0829657$ & $-0.377552$ & $-0.182486$ & $-0.177105$ & $-0.146307$ & $-0.152666$ & $-0.152188$ & $-0.00510989$ & $-0.129052$ & $-0.22222$ & $0.106608$ & $-0.0669194$ & $-0.0602484$ & $-0.0205618$ & $-0.0499101$ & $-0.0289865$ & $0.0459217$ & $-0.0545225$ & $-0.101843$ & $-0.0110359$ & $-0.00173894$ & $0.00814752$ & $-0.000970941$ & $-0.00806653$ & $-0.00145219$ & $-0.00884334$ & $-0.00630074$ & $0.0001299$ & $-0.00417824$ & $0.0114934$ & $-0.00102568$ & $0.00460318$ & $-0.0101074$ & $0.017165$ \\
CHG & $-0.0191553$ & $-0.00845426$ & $0.0143347$ & $0.022837$ & $-0.0049081$ & $0.0476733$ & $1$ & $-0.0601605$ & $-0.0416195$ & $0.209589$ & $0.122595$ & $-0.70196$ & $-0.791129$ & $-0.140522$ & $-0.0540437$ & $-0.0535706$ & $-0.128864$ & $-0.0993626$ & $-0.0995639$ & $-0.119807$ & $-0.122078$ & $-0.119083$ & $-0.00710388$ & $-0.053801$ & $-0.103801$ & $0.0929814$ & $-0.0276825$ & $-0.0589211$ & $-0.141147$ & $-0.614206$ & $-0.396657$ & $0.958708$ & $-0.644578$ & $-0.0182928$ & $-0.113056$ & $-0.0683543$ & $0.0336876$ & $0.00629834$ & $-0.045993$ & $-0.0113884$ & $-0.0285531$ & $-0.0165968$ & $-0.000674957$ & $0.0379067$ & $0.0560568$ & $0.0348148$ & $0.00727504$ & $-0.0130667$ & $0.040737$ \\
CHWB & $-0.00681904$ & $-0.0432905$ & $-0.0141124$ & $-0.00651691$ & $-0.00820823$ & $-0.035209$ & $-0.0601605$ & $1$ & $0.990673$ & $-0.571466$ & $-0.872407$ & $-0.0393373$ & $0.066271$ & $0.273299$ & $0.468851$ & $0.454655$ & $-0.216778$ & $-0.404753$ & $-0.399277$ & $0.856509$ & $0.88566$ & $0.876956$ & $0.0271753$ & $-0.62681$ & $-0.368502$ & $-0.605299$ & $0.391892$ & $0.3752$ & $0.0182545$ & $0.0566967$ & $0.0368575$ & $-0.0687049$ & $0.0607772$ & $0.518093$ & $0.00310764$ & $0.00943629$ & $-0.00755227$ & $0.00224552$ & $-0.0241271$ & $-0.015117$ & $0.00327061$ & $0.00946121$ & $-0.025158$ & $0.0116123$ & $0.0121093$ & $0.00380701$ & $0.000570458$ & $0.00233107$ & $-0.00161572$ \\
CHWHB_gaga & $0.00226089$ & $-0.0310114$ & $-0.0107471$ & $-0.00305074$ & $-0.00898027$ & $-0.0337981$ & $-0.0416195$ & $0.990673$ & $1$ & $-0.567549$ & $-0.862358$ & $-0.0294523$ & $0.0722802$ & $0.266905$ & $0.464415$ & $0.449469$ & $-0.218721$ & $-0.405007$ & $-0.399072$ & $0.846813$ & $0.875557$ & $0.866972$ & $0.0271978$ & $-0.62382$ & $-0.368342$ & $-0.598636$ & $0.389465$ & $0.371165$ & $0.0263156$ & $0.0744691$ & $0.0483023$ & $-0.0521182$ & $0.0803171$ & $0.513494$ & $-0.0112345$ & $0.0084972$ & $-0.0159195$ & $-0.000268156$ & $-0.00656838$ & $-0.0135688$ & $0.00989502$ & $0.00691916$ & $0.0116176$ & $0.0160583$ & $0.00847802$ & $0.0112977$ & $-0.00157419$ & $0.0103655$ & $-0.00255512$ \\
CHWHB_gagaorth & $-0.0023858$ & $0.0252922$ & $0.000879781$ & $-0.00795141$ & $0.00211381$ & $0.0129046$ & $0.209589$ & $-0.571466$ & $-0.567549$ & $1$ & $0.489934$ & $-0.0398889$ & $-0.263558$ & $-0.137034$ & $-0.263013$ & $-0.25771$ & $0.137429$ & $0.245808$ & $0.244443$ & $-0.48067$ & $-0.497731$ & $-0.492324$ & $-0.0173727$ & $0.370242$ & $0.227368$ & $0.343321$ & $-0.222071$ & $-0.211207$ & $-0.0525632$ & $-0.240067$ & $-0.16281$ & $0.218136$ & $-0.263427$ & $-0.302161$ & $0.00140027$ & $-0.00827794$ & $0.00694256$ & $0.00279331$ & $-0.00611414$ & $0.0052502$ & $-0.0430516$ & $-0.00101113$ & $-0.00662297$ & $-0.015316$ & $0.00158906$ & $0.0131128$ & $0.00649457$ & $-0.0204503$ & $0.0146866$ \\
CHD & $-0.00990174$ & $0.0310852$ & $0.0109876$ & $0.00955491$ & $0.00705358$ & $0.149838$ & $0.122595$ & $-0.872407$ & $-0.862358$ & $0.489934$ & $1$ & $0.00514801$ & $-0.14211$ & $-0.668867$ & $-0.581107$ & $-0.566521$ & $-0.259774$ & $-0.0229213$ & $-0.0275306$ & $-0.994989$ & $-0.995115$ & $-0.98329$ & $0.0322518$ & $0.210301$ & $-0.0692437$ & $0.683438$ & $-0.265023$ & $-0.425952$ & $-0.0272991$ & $-0.117961$ & $-0.0816744$ & $0.13465$ & $-0.133587$ & $-0.311783$ & $-0.00434568$ & $-0.00204446$ & $0.00796207$ & $-0.000839405$ & $0.0175199$ & $0.0134274$ & $0.000573893$ & $-0.0170284$ & $0.0190836$ & $-0.00996142$ & $-0.00328595$ & $-0.00981708$ & $-0.00995717$ & $-0.00455287$ & $0.00739351$ \\
CHbox & $-0.00179535$ & $0.00631095$ & $-0.00378014$ & $-0.0181916$ & $0.00497749$ & $-0.0334473$ & $-0.70196$ & $-0.0393373$ & $-0.0294523$ & $-0.0398889$ & $0.00514801$ & $1$ & $0.890573$ & $0.0360265$ & $-0.00770557$ & $-0.00632386$ & $0.0703077$ & $0.0673137$ & $0.0664583$ & $-0.00472971$ & $-0.00622121$ & $-0.00738761$ & $0.00665652$ & $0.064297$ & $0.0679737$ & $-0.00498949$ & $-0.012675$ & $0.00976177$ & $0.185983$ & $0.69156$ & $0.424011$ & $-0.616335$ & $0.731186$ & $-0.0235445$ & $0.134899$ & $0.106102$ & $0.000894992$ & $0.014098$ & $0.023404$ & $0.0119864$ & $-0.0023944$ & $0.00739593$ & $-0.00516765$ & $-0.00150929$ & $-0.0568043$ & $-0.077827$ & $0.00402227$ & $0.0380701$ & $0.00725273$ \\
CH & $0.0131692$ & $-0.00338089$ & $0.00580316$ & $-0.0125377$ & $0.00305581$ & $-0.0635542$ & $-0.791129$ & $0.066271$ & $0.0722802$ & $-0.263558$ & $-0.14211$ & $0.890573$ & $1$ & $0.165822$ & $0.0595512$ & $0.0615111$ & $0.157937$ & $0.12399$ & $0.122151$ & $0.138888$ & $0.141385$ & $0.137754$ & $0.00470906$ & $0.0714556$ & $0.13064$ & $-0.106757$ & $0.0360141$ & $0.0711406$ & $0.198708$ & $0.741029$ & $0.468598$ & $-0.717791$ & $0.783208$ & $0.0221381$ & $0.117166$ & $0.0835834$ & $0.00201136$ & $0.00627178$ & $0.0215758$ & $0.00820247$ & $0.0211568$ & $0.00777635$ & $0.00227226$ & $0.0017485$ & $-0.0606102$ & $-0.0657015$ & $0.0050471$ & $0.0380288$ & $7.2463e-05$ \\
CHL1_11 & $0.0175028$ & $-0.0127369$ & $-0.000858846$ & $-0.0109073$ & $0.0072158$ & $-0.0386925$ & $-0.140522$ & $0.273299$ & $0.266905$ & $-0.137034$ & $-0.668867$ & $0.0360265$ & $0.165822$ & $1$ & $0.409202$ & $0.399363$ & $0.643314$ & $0.592156$ & $0.593842$ & $0.678403$ & $0.642051$ & $0.63013$ & $-0.101893$ & $0.440824$ & $0.599325$ & $-0.442193$ & $-0.0483014$ & $0.280329$ & $0.0205013$ & $0.133643$ & $0.0968489$ & $-0.153571$ & $0.156353$ & $-0.173522$ & $1.62822e-05$ & $-0.00807691$ & $0.000302816$ & $0.000517021$ & $-0.00496589$ & $-0.00567293$ & $-0.00863115$ & $0.0166562$ & $-0.00794997$ & $-0.00390512$ & $-0.00674912$ & $0.00949734$ & $0.0167771$ & $0.00545019$ & $-0.0108069$ \\
CHL1_22 & $0.0034857$ & $-0.00413321$ & $-0.00405863$ & $0.00852233$ & $0.000440924$ & $-0.0744485$ & $-0.0540437$ & $0.468851$ & $0.464415$ & $-0.263013$ & $-0.581107$ & $-0.00770557$ & $0.0595512$ & $0.409202$ & $1$ & $0.54132$ & $0.171197$ & $-0.313086$ & $-0.00735156$ & $0.623265$ & $0.525407$ & $0.517605$ & $-0.180308$ & $0.0352478$ & $-0.0727838$ & $-0.369983$ & $-0.30133$ & $0.221002$ & $0.0129065$ & $0.0517379$ & $0.0360762$ & $-0.0604447$ & $0.0644269$ & $-0.473352$ & $0.000254344$ & $-0.00406409$ & $-0.00336434$ & $-0.00615187$ & $-0.000594759$ & $-0.0116346$ & $0.00586573$ & $0.0117348$ & $-0.00298425$ & $0.00676004$ & $0.00463891$ & $-0.00445454$ & $-0.000127698$ & $0.00298628$ & $-0.00346419$ \\
CHL1_33 & $0.00488886$ & $-0.0143437$ & $0.00178684$ & $-0.0112235$ & $0.00640945$ & $-0.0829657$ & $-0.0535706$ & $0.454655$ & $0.449469$ & $-0.25771$ & $-0.566521$ & $-0.00632386$ & $0.0615111$ & $0.399363$ & $0.54132$ & $1$ & $0.170575$ & $-0.0021627$ & $-0.304907$ & $0.609644$ & $0.512012$ & $0.521748$ & $-0.180656$ & $0.0390446$ & $-0.0689527$ & $-0.353551$ & $-0.302776$ & $0.212964$ & $0.0136121$ & $0.0576179$ & $0.0328422$ & $-0.057138$ & $0.0671711$ & $-0.0338032$ & $-0.00547934$ & $-0.00724182$ & $0.00351964$ & $0.00371911$ & $-0.0195859$ & $-0.0149014$ & $-0.0164776$ & $0.0145176$ & $-0.0084288$ & $0.00215644$ & $-0.00122626$ & $0.0118991$ & $-0.00156015$ & $0.0031721$ & $-0.00209367$ \\
CHL3_11 & $0.0259853$ & $0.0171615$ & $0.0119014$ & $-0.00545815$ & $0.0111546$ & $-0.377552$ & $-0.128864$ & $-0.216778$ & $-0.218721$ & $0.137429$ & $-0.259774$ & $0.0703077$ & $0.157937$ & $0.643314$ & $0.171197$ & $0.170575$ & $1$ & $0.820408$ & $0.819902$ & $0.269958$ & $0.238142$ & $0.232757$ & $-0.074949$ & $0.752157$ & $0.85689$ & $-0.171002$ & $-0.136327$ & $0.109319$ & $0.021789$ & $0.126926$ & $0.0910351$ & $-0.134364$ & $0.149823$ & $-0.246836$ & $0.00644624$ & $-0.00473618$ & $-0.000584331$ & $-0.0026399$ & $0.00937951$ & $0.00475259$ & $-0.00274138$ & $0.0182092$ & $0.00845695$ & $-0.00333404$ & $-0.0229838$ & $0.00540853$ & $0.018132$ & $0.00362338$ & $-0.0114468$ \\
CHL3_22 & $0.022606$ & $0.00835667$ & $0.0103544$ & $-0.0125176$ & $0.0108284$ & $-0.182486$ & $-0.0993626$ & $-0.404753$ & $-0.405007$ & $0.245808$ & $-0.0229213$ & $0.0673137$ & $0.12399$ & $0.592156$ & $-0.313086$ & $-0.0021627$ & $0.820408$ & $1$ & $0.787553$ & $0.0208765$ & $0.0202078$ & $0.0187025$ & $-0.0142798$ & $0.737832$ & $0.868544$ & $-0.0142461$ & $-0.040916$ & $0.0185507$ & $0.0122674$ & $0.0980115$ & $0.0717933$ & $-0.103593$ & $0.114185$ & $-0.059628$ & $0.0021963$ & $-0.00633675$ & $0.00453816$ & $0.00233283$ & $0.00486178$ & $0.00763503$ & $-0.0121757$ & $0.0100331$ & $0.00483395$ & $-0.00966921$ & $-0.0204647$ & $0.0105612$ & $0.0180752$ & $0.00147846$ & $-0.00955041$ \\
CHL3_33 & $0.0210899$ & $0.0155813$ & $0.00567494$ & $-0.000777378$ & $0.00736165$ & $-0.177105$ & $-0.0995639$ & $-0.399277$ & $-0.399072$ & $0.244443$ & $-0.0275306$ & $0.0664583$ & $0.122151$ & $0.593842$ & $-0.00735156$ & $-0.304907$ & $0.819902$ & $0.787553$ & $1$ & $0.024528$ & $0.025245$ & $0.0240562$ & $-0.0116309$ & $0.734934$ & $0.868838$ & $-0.0217119$ & $-0.0335054$ & $0.0213596$ & $0.0122247$ & $0.0943892$ & $0.0734241$ & $-0.105797$ & $0.111761$ & $-0.358741$ & $0.0057162$ & $-0.00437841$ & $-0.000524761$ & $-0.00554369$ & $0.0173598$ & $0.00954919$ & $0.00271107$ & $0.00797605$ & $0.00726498$ & $-0.00594683$ & $-0.0159358$ & $-0.000544531$ & $0.0180703$ & $0.00251625$ & $-0.0100646$ \\
CHe_11 & $0.00628602$ & $-0.0204391$ & $-0.00692431$ & $-0.00914836$ & $-0.00163143$ & $-0.146307$ & $-0.119807$ & $0.856509$ & $0.846813$ & $-0.48067$ & $-0.994989$ & $-0.00472971$ & $0.138888$ & $0.678403$ & $0.623265$ & $0.609644$ & $0.269958$ & $0.0208765$ & $0.024528$ & $1$ & $0.984987$ & $0.973508$ & $-0.0517117$ & $-0.177763$ & $0.0715434$ & $-0.676567$ & $0.210203$ & $0.421423$ & $0.0268329$ & $0.116148$ & $0.0799826$ & $-0.131558$ & $0.131904$ & $0.255111$ & $0.00539735$ & $-0.00126544$ & $-0.00731669$ & $0.000522422$ & $-0.0182131$ & $-0.0139838$ & $-0.00136685$ & $0.0170159$ & $-0.0172789$ & $0.0102259$ & $0.00232469$ & $0.00778093$ & $0.00854489$ & $0.00456895$ & $-0.00689939$ \\
CHe_22 & $0.00507089$ & $-0.0202765$ & $-0.00724056$ & $-0.0101498$ & $-0.00206367$ & $-0.152666$ & $-0.122078$ & $0.88566$ & $0.875557$ & $-0.497731$ & $-0.995115$ & $-0.00622121$ & $0.141385$ & $0.642051$ & $0.525407$ & $0.512012$ & $0.238142$ & $0.0202078$ & $0.025245$ & $0.984987$ & $1$ & $0.986327$ & $-0.00945095$ & $-0.251128$ & $0.0606104$ & $-0.685073$ & $0.327036$ & $0.427812$ & $0.0270335$ & $0.116846$ & $0.0811303$ & $-0.134113$ & $0.131813$ & $0.378472$ & $0.00700471$ & $0.00123782$ & $-0.00883924$ & $0.0010511$ & $-0.0189765$ & $-0.012681$ & $0.00026369$ & $0.0172338$ & $-0.0184573$ & $0.0106198$ & $0.00176612$ & $0.00716818$ & $0.00983076$ & $0.00468976$ & $-0.00631618$ \\
CHe_33 & $0.00578176$ & $-0.0176244$ & $-0.00621451$ & $-0.0106409$ & $-0.00197543$ & $-0.152188$ & $-0.119083$ & $0.876956$ & $0.866972$ & $-0.492324$ & $-0.98329$ & $-0.00738761$ & $0.137754$ & $0.63013$ & $0.517605$ & $0.521748$ & $0.232757$ & $0.0187025$ & $0.0240562$ & $0.973508$ & $0.986327$ & $1$ & $-0.00857874$ & $-0.250865$ & $0.0583003$ & $-0.676445$ & $0.326265$ & $0.4224$ & $0.0274904$ & $0.11506$ & $0.0790771$ & $-0.131021$ & $0.128758$ & $0.37963$ & $0.00461233$ & $8.91792e-05$ & $-0.0098036$ & $-0.000111824$ & $-0.0193156$ & $-0.0134069$ & $3.40126e-05$ & $0.0186344$ & $-0.0186143$ & $0.0119441$ & $0.000953912$ & $0.00644777$ & $0.00949314$ & $0.00534958$ & $-0.00568819$ \\
CHQ1_11 & $-0.00251188$ & $-0.00630456$ & $-0.00833803$ & $-0.00601932$ & $0.00109137$ & $-0.00510989$ & $-0.00710388$ & $0.0271753$ & $0.0271978$ & $-0.0173727$ & $0.0322518$ & $0.00665652$ & $0.00470906$ & $-0.101893$ & $-0.180308$ & $-0.180656$ & $-0.074949$ & $-0.0142798$ & $-0.0116309$ & $-0.0517117$ & $-0.00945095$ & $-0.00857874$ & $1$ & $-0.128845$ & $0.0446092$ & $-0.568136$ & $0.345089$ & $-0.00294057$ & $-0.00255983$ & $0.00607808$ & $0.0010684$ & $-0.00528601$ & $0.00287758$ & $0.20131$ & $-0.000111353$ & $0.0110549$ & $-0.00596753$ & $-0.00145667$ & $0.00602497$ & $-0.00100172$ & $-0.0022578$ & $-0.0063971$ & $0.0030069$ & $-0.00579033$ & $0.000143648$ & $0.000154558$ & $-0.0161061$ & $0.00014983$ & $0.00613609$ \\
CHQ1_33 & $-0.0142243$ & $0.0213465$ & $0.0138258$ & $-0.000684763$ & $0.0125471$ & $-0.129052$ & $-0.053801$ & $-0.62681$ & $-0.62382$ & $0.370242$ & $0.210301$ & $0.064297$ & $0.0714556$ & $0.440824$ & $0.0352478$ & $0.0390446$ & $0.752157$ & $0.737832$ & $0.734934$ & $-0.177763$ & $-0.251128$ & $-0.250865$ & $-0.128845$ & $1$ & $0.748235$ & $0.168409$ & $-0.39457$ & $-0.0244986$ & $0.00379479$ & $0.0547605$ & $0.0419197$ & $-0.0544227$ & $0.0696494$ & $-0.607339$ & $0.00139179$ & $-0.00740941$ & $0.016507$ & $-0.00344183$ & $0.00496111$ & $0.0057824$ & $-0.00898904$ & $0.00691894$ & $0.0104894$ & $-0.0143223$ & $-0.0137918$ & $-0.0119307$ & $0.00677292$ & $-0.00979771$ & $-0.00141621$ \\
CHQ3_11 & $-0.0387948$ & $0.0165937$ & $0.00539633$ & $-0.00805456$ & $0.0106609$ & $-0.22222$ & $-0.103801$ & $-0.368502$ & $-0.368342$ & $0.227368$ & $-0.0692437$ & $0.0679737$ & $0.13064$ & $0.599325$ & $-0.0727838$ & $-0.0689527$ & $0.85689$ & $0.868544$ & $0.868838$ & $0.0715434$ & $0.0606104$ & $0.0583003$ & $0.0446092$ & $0.748235$ & $1$ & $-0.0410176$ & $0.135036$ & $0.0356047$ & $0.0126861$ & $0.101651$ & $0.0745246$ & $-0.109634$ & $0.118782$ & $-0.237691$ & $0.00949819$ & $-0.00482084$ & $0.0129189$ & $0.000624723$ & $-0.00628065$ & $0.00612003$ & $-0.00108759$ & $0.0137925$ & $-0.00793509$ & $-0.017287$ & $-0.0108303$ & $-0.0170113$ & $0.0125314$ & $-0.0122449$ & $-0.00916751$ \\
CHu_11 & $-0.027696$ & $0.0224584$ & $0.0124384$ & $0.0108697$ & $-0.00139712$ & $0.106608$ & $0.0929814$ & $-0.605299$ & $-0.598636$ & $0.343321$ & $0.683438$ & $-0.00498949$ & $-0.106757$ & $-0.442193$ & $-0.369983$ & $-0.353551$ & $-0.171002$ & $-0.0142461$ & $-0.0217119$ & $-0.676567$ & $-0.685073$ & $-0.676445$ & $-0.568136$ & $0.168409$ & $-0.0410176$ & $1$ & $-0.188695$ & $-0.294143$ & $-0.0196689$ & $-0.0898295$ & $-0.061159$ & $0.10022$ & $-0.101419$ & $-0.25117$ & $0.00108242$ & $-0.0056388$ & $0.0128812$ & $-9.24034e-06$ & $0.000989305$ & $0.0089651$ & $0.00425632$ & $-0.00798175$ & $0.00501104$ & $-0.00377582$ & $0.00444509$ & $-0.0203038$ & $-0.00137547$ & $-0.00902599$ & $-0.00154894$ \\
CHd_11 & $-0.0282042$ & $-0.00155732$ & $-0.00841676$ & $-0.0049964$ & $-0.00476829$ & $-0.0669194$ & $-0.0276825$ & $0.391892$ & $0.389465$ & $-0.222071$ & $-0.265023$ & $-0.012675$ & $0.0360141$ & $-0.0483014$ & $-0.30133$ & $-0.302776$ & $-0.136327$ & $-0.040916$ & $-0.0335054$ & $0.210203$ & $0.327036$ & $0.326265$ & $0.345089$ & $-0.39457$ & $0.135036$ & $-0.188695$ & $1$ & $0.130545$ & $0.00722718$ & $0.025878$ & $0.0197559$ & $-0.0321402$ & $0.0218227$ & $0.676405$ & $0.00498984$ & $0.0089515$ & $-0.0100882$ & $0.000481471$ & $-0.0101752$ & $-0.00131704$ & $0.0121496$ & $0.000381716$ & $-0.0128017$ & $0.0015346$ & $0.0124652$ & $-0.00864058$ & $-0.00300659$ & $-0.00789555$ & $-0.00761245$ \\
CHd_33 & $0.0115672$ & $-0.00616713$ & $-0.00282736$ & $-0.000781069$ & $-0.00106153$ & $-0.0602484$ & $-0.0589211$ & $0.3752$ & $0.371165$ & $-0.211207$ & $-0.425952$ & $0.00976177$ & $0.0711406$ & $0.280329$ & $0.221002$ & $0.212964$ & $0.109319$ & $0.0185507$ & $0.0213596$ & $0.421423$ & $0.427812$ & $0.4224$ & $-0.00294057$ & $-0.0244986$ & $0.0356047$ & $-0.294143$ & $0.130545$ & $1$ & $0.014038$ & $0.0608018$ & $0.0396691$ & $-0.0620577$ & $0.0644352$ & $0.162645$ & $0.00321277$ & $-0.00923818$ & $-0.0128826$ & $-0.00224735$ & $-0.00244692$ & $-0.0122738$ & $0.00457415$ & $0.0194614$ & $-0.00312457$ & $0.00855327$ & $-0.00324492$ & $0.00248304$ & $0.00819016$ & $-0.000804822$ & $-0.0136885$ \\
CeH_22r & $0.015968$ & $-0.0013851$ & $-0.00214439$ & $0.00271893$ & $-0.00152719$ & $-0.0205618$ & $-0.141147$ & $0.0182545$ & $0.0263156$ & $-0.0525632$ & $-0.0272991$ & $0.185983$ & $0.198708$ & $0.0205013$ & $0.0129065$ & $0.0136121$ & $0.021789$ & $0.0122674$ & $0.0122247$ & $0.0268329$ & $0.0270335$ & $0.0274904$ & $-0.00255983$ & $0.00379479$ & $0.0126861$ & $-0.0196689$ & $0.00722718$ & $0.014038$ & $1$ & $0.167419$ & $0.108487$ & $-0.13742$ & $0.17962$ & $0.00926418$ & $-0.00452997$ & $0.00554903$ & $0.00638534$ & $0.00370805$ & $0.00484294$ & $0.00729197$ & $-0.000976087$ & $0.00911005$ & $0.0150528$ & $0.00196255$ & $0.00117064$ & $-0.000993824$ & $-0.0101582$ & $0.0074046$ & $0.00464582$ \\
CeH_33r & $0.0305909$ & $0.0114024$ & $-0.00650814$ & $-0.00495446$ & $0.00263317$ & $-0.0499101$ & $-0.614206$ & $0.0566967$ & $0.0744691$ & $-0.240067$ & $-0.117961$ & $0.69156$ & $0.741029$ & $0.133643$ & $0.0517379$ & $0.0576179$ & $0.126926$ & $0.0980115$ & $0.0943892$ & $0.116148$ & $0.116846$ & $0.11506$ & $0.00607808$ & $0.0547605$ & $0.101651$ & $-0.0898295$ & $0.025878$ & $0.0608018$ & $0.167419$ & $1$ & $0.535765$ & $-0.48646$ & $0.866295$ & $0.018046$ & $0.0717846$ & $0.0523649$ & $-0.0597333$ & $-0.00551928$ & $0.0290353$ & $0.00882562$ & $0.03008$ & $0.00766663$ & $0.0265206$ & $-0.00265985$ & $-0.0169497$ & $-0.0249275$ & $0.00604577$ & $0.0384103$ & $-0.00530299$ \\
CuH_22r & $0.0458241$ & $0.00944005$ & $-0.0310245$ & $-0.00799697$ & $-0.000816498$ & $-0.0289865$ & $-0.396657$ & $0.0368575$ & $0.0483023$ & $-0.16281$ & $-0.0816744$ & $0.424011$ & $0.468598$ & $0.0968489$ & $0.0360762$ & $0.0328422$ & $0.0910351$ & $0.0717933$ & $0.0734241$ & $0.0799826$ & $0.0811303$ & $0.0790771$ & $0.0010684$ & $0.0419197$ & $0.0745246$ & $-0.061159$ & $0.0197559$ & $0.0396691$ & $0.108487$ & $0.535765$ & $1$ & $-0.303$ & $0.579405$ & $0.00930187$ & $0.0497242$ & $0.0264414$ & $-0.0530287$ & $-0.0181879$ & $0.029314$ & $-0.0044181$ & $0.0203813$ & $0.0147314$ & $0.00937976$ & $-0.01431$ & $-0.0463628$ & $0.0124014$ & $0.158176$ & $-0.020035$ & $-0.0146057$ \\
CuH_33r & $-0.0165597$ & $-0.00904602$ & $0.0198484$ & $0.0212843$ & $-0.00424695$ & $0.0459217$ & $0.958708$ & $-0.0687049$ & $-0.0521182$ & $0.218136$ & $0.13465$ & $-0.616335$ & $-0.717791$ & $-0.153571$ & $-0.0604447$ & $-0.057138$ & $-0.134364$ & $-0.103593$ & $-0.105797$ & $-0.131558$ & $-0.134113$ & $-0.131021$ & $-0.00528601$ & $-0.0544227$ & $-0.109634$ & $0.10022$ & $-0.0321402$ & $-0.0620577$ & $-0.13742$ & $-0.48646$ & $-0.303$ & $1$ & $-0.496457$ & $-0.019605$ & $-0.0799047$ & $-0.0415185$ & $0.0120481$ & $0.00544751$ & $-0.0514607$ & $-0.00900283$ & $-0.0255582$ & $-0.0160302$ & $0.00186819$ & $0.0440348$ & $0.0475482$ & $0.0223321$ & $0.0106955$ & $-0.00999764$ & $0.0525173$ \\
CdH_33r & $0.0300752$ & $0.0210804$ & $0.0157118$ & $-0.0257558$ & $0.00267372$ & $-0.0545225$ & $-0.644578$ & $0.0607772$ & $0.0803171$ & $-0.263427$ & $-0.133587$ & $0.731186$ & $0.783208$ & $0.156353$ & $0.0644269$ & $0.0671711$ & $0.149823$ & $0.114185$ & $0.111761$ & $0.131904$ & $0.131813$ & $0.128758$ & $0.00287758$ & $0.0696494$ & $0.118782$ & $-0.101419$ & $0.0218227$ & $0.0644352$ & $0.17962$ & $0.866295$ & $0.579405$ & $-0.496457$ & $1$ & $0.0126021$ & $0.0605173$ & $0.0830555$ & $-0.0556325$ & $-0.0114165$ & $-0.0118298$ & $0.00811272$ & $0.00667347$ & $0.0183317$ & $0.0307957$ & $-0.000193626$ & $-0.0412827$ & $-0.0270314$ & $-0.0256792$ & $0.0927267$ & $0.142577$ \\
CLL_1221 & $-0.0078065$ & $0.00173291$ & $-0.00141821$ & $-0.0132845$ & $-0.00851477$ & $-0.101843$ & $-0.0182928$ & $0.518093$ & $0.513494$ & $-0.302161$ & $-0.311783$ & $-0.0235445$ & $0.0221381$ & $-0.173522$ & $-0.473352$ & $-0.0338032$ & $-0.246836$ & $-0.059628$ & $-0.358741$ & $0.255111$ & $0.378472$ & $0.37963$ & $0.20131$ & $-0.607339$ & $-0.237691$ & $-0.25117$ & $0.676405$ & $0.162645$ & $0.00926418$ & $0.018046$ & $0.00930187$ & $-0.019605$ & $0.0126021$ & $1$ & $0.00823656$ & $0.00716463$ & $-0.0089316$ & $0.00707225$ & $-0.0195611$ & $-0.00243739$ & $-0.00126834$ & $0.00275127$ & $-0.0101838$ & $0.00948214$ & $0.000693466$ & $0.00780708$ & $0.00249836$ & $0.00129954$ & $0.00273339$ \\
eHggint & $-0.15142$ & $0.078189$ & $-0.0254553$ & $-0.141832$ & $-0.0101142$ & $-0.0110359$ & $-0.113056$ & $0.00310764$ & $-0.0112345$ & $0.00140027$ & $-0.00434568$ & $0.134899$ & $0.117166$ & $1.62822e-05$ & $0.000254344$ & $-0.00547934$ & $0.00644624$ & $0.0021963$ & $0.0057162$ & $0.00539735$ & $0.00700471$ & $0.00461233$ & $-0.000111353$ & $0.00139179$ & $0.00949819$ & $0.00108242$ & $0.00498984$ & $0.00321277$ & $-0.00452997$ & $0.0717846$ & $0.0497242$ & $-0.0799047$ & $0.0605173$ & $0.00823656$ & $1$ & $0.0668238$ & $-0.168438$ & $-0.00226413$ & $-0.220377$ & $0.0426955$ & $-0.0172972$ & $-0.00655992$ & $-0.243513$ & $0.114357$ & $-0.054558$ & $-0.174256$ & $0.0382954$ & $-0.244028$ & $0.00251961$ \\
eHggpar & $-0.039853$ & $-0.258241$ & $0.21828$ & $0.0158604$ & $-0.00103512$ & $-0.00173894$ & $-0.0683543$ & $0.00943629$ & $0.0084972$ & $-0.00827794$ & $-0.00204446$ & $0.106102$ & $0.0835834$ & $-0.00807691$ & $-0.00406409$ & $-0.00724182$ & $-0.00473618$ & $-0.00633675$ & $-0.00437841$ & $-0.00126544$ & $0.00123782$ & $8.91792e-05$ & $0.0110549$ & $-0.00740941$ & $-0.00482084$ & $-0.0056388$ & $0.0089515$ & $-0.00923818$ & $0.00554903$ & $0.0523649$ & $0.0264414$ & $-0.0415185$ & $0.0830555$ & $0.00716463$ & $0.0668238$ & $1$ & $-0.205275$ & $0.00633526$ & $-0.00162464$ & $-0.00590252$ & $0.0303977$ & $0.00303965$ & $0.0887589$ & $-0.193742$ & $-0.19391$ & $-0.31691$ & $-0.00210766$ & $0.057194$ & $0.0866691$ \\
eHWWint & $-0.2609$ & $-0.108603$ & $-0.0477837$ & $0.066344$ & $0.0143603$ & $0.00814752$ & $0.0336876$ & $-0.00755227$ & $-0.0159195$ & $0.00694256$ & $0.00796207$ & $0.000894992$ & $0.00201136$ & $0.000302816$ & $-0.00336434$ & $0.00351964$ & $-0.000584331$ & $0.00453816$ & $-0.000524761$ & $-0.00731669$ & $-0.00883924$ & $-0.0098036$ & $-0.00596753$ & $0.016507$ & $0.0129189$ & $0.0128812$ & $-0.0100882$ & $-0.0128826$ & $0.00638534$ & $-0.0597333$ & $-0.0530287$ & $0.0120481$ & $-0.0556325$ & $-0.0089316$ & $-0.168438$ & $-0.205275$ & $1$ & $-0.000715933$ & $-0.231357$ & $-0.0358313$ & $-0.216691$ & $0.0284324$ & $-0.202663$ & $0.0619838$ & $0.152778$ & $-0.0903309$ & $-0.0824871$ & $-0.093403$ & $0.140953$ \\
eHWWpar & $-0.045802$ & $-0.0150896$ & $-0.0145233$ & $-0.0172114$ & $0.00775456$ & $-0.000970941$ & $0.00629834$ & $0.00224552$ & $-0.000268156$ & $0.00279331$ & $-0.000839405$ & $0.014098$ & $0.00627178$ & $0.000517021$ & $-0.00615187$ & $0.00371911$ & $-0.0026399$ & $0.00233283$ & $-0.00554369$ & $0.000522422$ & $0.0010511$ & $-0.000111824$ & $-0.00145667$ & $-0.00344183$ & $0.000624723$ & $-9.24034e-06$ & $0.000481471$ & $-0.00224735$ & $0.00370805$ & $-0.00551928$ & $-0.0181879$ & $0.00544751$ & $-0.0114165$ & $0.00707225$ & $-0.00226413$ & $0.00633526$ & $-0.000715933$ & $1$ & $0.0139894$ & $-0.00481412$ & $-0.0903802$ & $0.0134303$ & $-0.073092$ & $-0.0113035$ & $-0.00534906$ & $0.00245467$ & $-0.0462063$ & $-0.00123285$ & $0.0110582$ \\
eHZZint & $0.344255$ & $0.0814955$ & $-0.106694$ & $-0.0163591$ & $-0.00261569$ & $-0.00806653$ & $-0.045993$ & $-0.0241271$ & $-0.00656838$ & $-0.00611414$ & $0.0175199$ & $0.023404$ & $0.0215758$ & $-0.00496589$ & $-0.000594759$ & $-0.0195859$ & $0.00937951$ & $0.00486178$ & $0.0173598$ & $-0.0182131$ & $-0.0189765$ & $-0.0193156$ & $0.00602497$ & $0.00496111$ & $-0.00628065$ & $0.000989305$ & $-0.0101752$ & $-0.00244692$ & $0.00484294$ & $0.0290353$ & $0.029314$ & $-0.0514607$ & $-0.0118298$ & $-0.0195611$ & $-0.220377$ & $-0.00162464$ & $-0.231357$ & $0.0139894$ & $1$ & $0.00763268$ & $0.227285$ & $-0.0520376$ & $0.467674$ & $0.0266511$ & $-0.0742458$ & $0.26177$ & $0.002094$ & $0.279807$ & $-0.384755$ \\
eHZZpar & $0.0110558$ & $0.00745669$ & $-0.0155926$ & $0.0470297$ & $0.00557187$ & $-0.00145219$ & $-0.0113884$ & $-0.015117$ & $-0.0135688$ & $0.0052502$ & $0.0134274$ & $0.0119864$ & $0.00820247$ & $-0.00567293$ & $-0.0116346$ & $-0.0149014$ & $0.00475259$ & $0.00763503$ & $0.00954919$ & $-0.0139838$ & $-0.012681$ & $-0.0134069$ & $-0.00100172$ & $0.0057824$ & $0.00612003$ & $0.0089651$ & $-0.00131704$ & $-0.0122738$ & $0.00729197$ & $0.00882562$ & $-0.0044181$ & $-0.00900283$ & $0.00811272$ & $-0.00243739$ & $0.0426955$ & $-0.00590252$ & $-0.0358313$ & $-0.00481412$ & $0.00763268$ & $1$ & $0.0153709$ & $-0.0099358$ & $0.0153787$ & $-0.0202173$ & $-0.0241201$ & $-0.0275606$ & $-0.0447603$ & $0.025034$ & $-0.0144327$ \\
eHZgaint & $0.00616669$ & $-0.0140427$ & $0.0777384$ & $0.0536954$ & $-0.0141687$ & $-0.00884334$ & $-0.0285531$ & $0.00327061$ & $0.00989502$ & $-0.0430516$ & $0.000573893$ & $-0.0023944$ & $0.0211568$ & $-0.00863115$ & $0.00586573$ & $-0.0164776$ & $-0.00274138$ & $-0.0121757$ & $0.00271107$ & $-0.00136685$ & $0.00026369$ & $3.40126e-05$ & $-0.0022578$ & $-0.00898904$ & $-0.00108759$ & $0.00425632$ & $0.0121496$ & $0.00457415$ & $-0.000976087$ & $0.03008$ & $0.0203813$ & $-0.0255582$ & $0.00667347$ & $-0.00126834$ & $-0.0172972$ & $0.0303977$ & $-0.216691$ & $-0.0903802$ & $0.227285$ & $0.0153709$ & $1$ & $-0.0182493$ & $0.155884$ & $0.264657$ & $-0.203868$ & $-0.238889$ & $0.0348946$ & $0.0935092$ & $-0.260237$ \\
eHZgapar & $-0.0362771$ & $0.0186297$ & $0.0414397$ & $-0.00949098$ & $0.0092206$ & $-0.00630074$ & $-0.0165968$ & $0.00946121$ & $0.00691916$ & $-0.00101113$ & $-0.0170284$ & $0.00739593$ & $0.00777635$ & $0.0166562$ & $0.0117348$ & $0.0145176$ & $0.0182092$ & $0.0100331$ & $0.00797605$ & $0.0170159$ & $0.0172338$ & $0.0186344$ & $-0.0063971$ & $0.00691894$ & $0.0137925$ & $-0.00798175$ & $0.000381716$ & $0.0194614$ & $0.00911005$ & $0.00766663$ & $0.0147314$ & $-0.0160302$ & $0.0183317$ & $0.00275127$ & $-0.00655992$ & $0.00303965$ & $0.0284324$ & $0.0134303$ & $-0.0520376$ & $-0.0099358$ & $-0.0182493$ & $1$ & $-0.0495467$ & $0.0174013$ & $-0.0477868$ & $-0.0270154$ & $0.0582523$ & $0.00517843$ & $0.059553$ \\
eHgagaint & $0.249366$ & $0.264228$ & $0.0452737$ & $0.046324$ & $-0.00263933$ & $0.0001299$ & $-0.000674957$ & $-0.025158$ & $0.0116176$ & $-0.00662297$ & $0.0190836$ & $-0.00516765$ & $0.00227226$ & $-0.00794997$ & $-0.00298425$ & $-0.0084288$ & $0.00845695$ & $0.00483395$ & $0.00726498$ & $-0.0172789$ & $-0.0184573$ & $-0.0186143$ & $0.0030069$ & $0.0104894$ & $-0.00793509$ & $0.00501104$ & $-0.0128017$ & $-0.00312457$ & $0.0150528$ & $0.0265206$ & $0.00937976$ & $0.00186819$ & $0.0307957$ & $-0.0101838$ & $-0.243513$ & $0.0887589$ & $-0.202663$ & $-0.073092$ & $0.467674$ & $0.0153787$ & $0.155884$ & $-0.0495467$ & $1$ & $0.0837192$ & $-0.0805436$ & $0.196186$ & $-0.0854958$ & $0.145266$ & $-0.039043$ \\
eHmumuint & $0.122481$ & $0.100843$ & $-0.12648$ & $-0.0100839$ & $-0.00406451$ & $-0.00417824$ & $0.0379067$ & $0.0116123$ & $0.0160583$ & $-0.015316$ & $-0.00996142$ & $-0.00150929$ & $0.0017485$ & $-0.00390512$ & $0.00676004$ & $0.00215644$ & $-0.00333404$ & $-0.00966921$ & $-0.00594683$ & $0.0102259$ & $0.0106198$ & $0.0119441$ & $-0.00579033$ & $-0.0143223$ & $-0.017287$ & $-0.00377582$ & $0.0015346$ & $0.00855327$ & $0.00196255$ & $-0.00265985$ & $-0.01431$ & $0.0440348$ & $-0.000193626$ & $0.00948214$ & $0.114357$ & $-0.193742$ & $0.0619838$ & $-0.0113035$ & $0.0266511$ & $-0.0202173$ & $0.264657$ & $0.0174013$ & $0.0837192$ & $1$ & $0.0283738$ & $-0.142564$ & $-0.060195$ & $0.131133$ & $-0.0752832$ \\
eHtautauint & $-0.077239$ & $-0.033472$ & $-0.462219$ & $0.0124745$ & $0.0128562$ & $0.0114934$ & $0.0560568$ & $0.0121093$ & $0.00847802$ & $0.00158906$ & $-0.00328595$ & $-0.0568043$ & $-0.0606102$ & $-0.00674912$ & $0.00463891$ & $-0.00122626$ & $-0.0229838$ & $-0.0204647$ & $-0.0159358$ & $0.00232469$ & $0.00176612$ & $0.000953912$ & $0.000143648$ & $-0.0137918$ & $-0.0108303$ & $0.00444509$ & $0.0124652$ & $-0.00324492$ & $0.00117064$ & $-0.0169497$ & $-0.0463628$ & $0.0475482$ & $-0.0412827$ & $0.000693466$ & $-0.054558$ & $-0.19391$ & $0.152778$ & $-0.00534906$ & $-0.0742458$ & $-0.0241201$ & $-0.203868$ & $-0.0477868$ & $-0.0805436$ & $0.0283738$ & $1$ & $0.194305$ & $-0.135776$ & $0.148286$ & $0.0185192$ \\
eHccint & $0.369282$ & $0.0251337$ & $-0.345017$ & $-0.159374$ & $-0.00624571$ & $-0.00102568$ & $0.0348148$ & $0.00380701$ & $0.0112977$ & $0.0131128$ & $-0.00981708$ & $-0.077827$ & $-0.0657015$ & $0.00949734$ & $-0.00445454$ & $0.0118991$ & $0.00540853$ & $0.0105612$ & $-0.000544531$ & $0.00778093$ & $0.00716818$ & $0.00644777$ & $0.000154558$ & $-0.0119307$ & $-0.0170113$ & $-0.0203038$ & $-0.00864058$ & $0.00248304$ & $-0.000993824$ & $-0.0249275$ & $0.0124014$ & $0.0223321$ & $-0.0270314$ & $0.00780708$ & $-0.174256$ & $-0.31691$ & $-0.0903309$ & $0.00245467$ & $0.26177$ & $-0.0275606$ & $-0.238889$ & $-0.0270154$ & $0.196186$ & $-0.142564$ & $0.194305$ & $1$ & $-0.0293572$ & $0.000384132$ & $0.067617$ \\
eHccpar & $0.0457896$ & $0.00186366$ & $-0.136465$ & $0.0122994$ & $-0.0113047$ & $0.00460318$ & $0.00727504$ & $0.000570458$ & $-0.00157419$ & $0.00649457$ & $-0.00995717$ & $0.00402227$ & $0.0050471$ & $0.0167771$ & $-0.000127698$ & $-0.00156015$ & $0.018132$ & $0.0180752$ & $0.0180703$ & $0.00854489$ & $0.00983076$ & $0.00949314$ & $-0.0161061$ & $0.00677292$ & $0.0125314$ & $-0.00137547$ & $-0.00300659$ & $0.00819016$ & $-0.0101582$ & $0.00604577$ & $0.158176$ & $0.0106955$ & $-0.0256792$ & $0.00249836$ & $0.0382954$ & $-0.00210766$ & $-0.0824871$ & $-0.0462063$ & $0.002094$ & $-0.0447603$ & $0.0348946$ & $0.0582523$ & $-0.0854958$ & $-0.060195$ & $-0.135776$ & $-0.0293572$ & $1$ & $-0.292085$ & $-0.106629$ \\
eHbbint & $0.204801$ & $0.056807$ & $0.247517$ & $0.0253434$ & $0.00356948$ & $-0.0101074$ & $-0.0130667$ & $0.00233107$ & $0.0103655$ & $-0.0204503$ & $-0.00455287$ & $0.0380701$ & $0.0380288$ & $0.00545019$ & $0.00298628$ & $0.0031721$ & $0.00362338$ & $0.00147846$ & $0.00251625$ & $0.00456895$ & $0.00468976$ & $0.00534958$ & $0.00014983$ & $-0.00979771$ & $-0.0122449$ & $-0.00902599$ & $-0.00789555$ & $-0.000804822$ & $0.0074046$ & $0.0384103$ & $-0.020035$ & $-0.00999764$ & $0.0927267$ & $0.00129954$ & $-0.244028$ & $0.057194$ & $-0.093403$ & $-0.00123285$ & $0.279807$ & $0.025034$ & $0.0935092$ & $0.00517843$ & $0.145266$ & $0.131133$ & $0.148286$ & $0.000384132$ & $-0.292085$ & $1$ & $-0.14584$ \\
eHbbpar & $-0.138135$ & $0.046678$ & $-0.0938136$ & $-0.128412$ & $0.00577152$ & $0.017165$ & $0.040737$ & $-0.00161572$ & $-0.00255512$ & $0.0146866$ & $0.00739351$ & $0.00725273$ & $7.2463e-05$ & $-0.0108069$ & $-0.00346419$ & $-0.00209367$ & $-0.0114468$ & $-0.00955041$ & $-0.0100646$ & $-0.00689939$ & $-0.00631618$ & $-0.00568819$ & $0.00613609$ & $-0.00141621$ & $-0.00916751$ & $-0.00154894$ & $-0.00761245$ & $-0.0136885$ & $0.00464582$ & $-0.00530299$ & $-0.0146057$ & $0.0525173$ & $0.142577$ & $0.00273339$ & $0.00251961$ & $0.0866691$ & $0.140953$ & $0.0110582$ & $-0.384755$ & $-0.0144327$ & $-0.260237$ & $0.059553$ & $-0.039043$ & $-0.0752832$ & $0.0185192$ & $0.067617$ & $-0.106629$ & $-0.14584$ & $1$ \\
