 & AlsMz & dAle5Mz & mtop & mHl & Mz & CW & CHG & CHWB & CHWHB_gaga & CHWHB_gagaorth & CHD & CHbox & CH & CHL1_11 & CHL1_22 & CHL1_33 & CHL3_11 & CHL3_22 & CHL3_33 & CHe_11 & CHe_22 & CHe_33 & CHQ1_11 & CHQ1_33 & CHQ3_11 & CHu_11 & CHd_11 & CHd_33 & CeH_22r & CeH_33r & CuH_22r & CuH_33r & CdH_33r & CLL_1221 & eHggint & eHggpar & eHWWint & eHWWpar & eHZZint & eHZZpar & eHZgaint & eHZgapar & eHgagaint & eHmumuint & eHtautauint & eHccint & eHccpar & eHbbint & eHbbpar \\
AlsMz & $1$ & $0.236635$ & $-0.057814$ & $-0.320303$ & $0.0555341$ & $0.00553699$ & $-0.02057$ & $-0.104806$ & $-0.104334$ & $0.0938358$ & $0.068829$ & $0.0704052$ & $-0.0092335$ & $0.00208418$ & $0.0253455$ & $0.055773$ & $0.0567549$ & $0.0389939$ & $0.0168781$ & $-0.0606958$ & $-0.0813669$ & $-0.0914426$ & $-0.118855$ & $0.0393999$ & $-0.0894119$ & $0.0900724$ & $-0.174273$ & $-0.07119$ & $-0.0182419$ & $0.0302099$ & $0.0289301$ & $-0.0122625$ & $0.045665$ & $-0.0932508$ & $-0.0254374$ & $-0.24665$ & $-0.0594358$ & $-0.0158775$ & $-0.0362294$ & $0.0563609$ & $-0.0708275$ & $-0.0323266$ & $0.0798707$ & $-0.178247$ & $-0.209114$ & $0.0311544$ & $0.253587$ & $-0.286216$ & $0.210211$ \\
dAle5Mz & $0.236635$ & $1$ & $0.0709342$ & $-0.305465$ & $0.0674214$ & $0.0389096$ & $-0.0404616$ & $-0.0761435$ & $-0.077487$ & $0.0617936$ & $0.0613084$ & $0.00402714$ & $-0.0529187$ & $-0.0188661$ & $-0.0410848$ & $-0.0290858$ & $0.0293963$ & $0.0401057$ & $0.0258845$ & $-0.0513465$ & $-0.0481092$ & $-0.048052$ & $-0.0108101$ & $0.0342648$ & $0.00655247$ & $0.0354548$ & $-0.0100404$ & $-0.00614739$ & $0.00702899$ & $-0.0188209$ & $0.0228419$ & $-0.0529077$ & $-0.0248105$ & $0.0125519$ & $-0.0762702$ & $-0.230661$ & $-0.150435$ & $-0.0302395$ & $0.307372$ & $-0.0107701$ & $-0.0426473$ & $-0.0254175$ & $0.0501011$ & $-0.257372$ & $-0.324939$ & $0.185876$ & $0.236566$ & $-0.187633$ & $0.104532$ \\
mtop & $-0.057814$ & $0.0709342$ & $1$ & $0.0591083$ & $-0.0372354$ & $0.0204111$ & $0.0215702$ & $0.00409814$ & $-0.00321037$ & $-0.0300272$ & $0.0289681$ & $0.0122742$ & $0.0454726$ & $-0.0451712$ & $0.0222424$ & $0.000426883$ & $-0.0631921$ & $-0.0665674$ & $-0.0510435$ & $-0.020166$ & $-0.0246384$ & $-0.020605$ & $0.0091582$ & $-0.0215212$ & $-0.0439253$ & $-0.001308$ & $-0.00329751$ & $-0.0338725$ & $0.0401371$ & $0.0312686$ & $0.0161964$ & $0.0316664$ & $0.0423888$ & $-0.0165368$ & $-0.0296672$ & $0.0206395$ & $0.0395864$ & $-0.0516616$ & $0.0904724$ & $-0.113837$ & $0.0451368$ & $-0.0123342$ & $-0.0995058$ & $-0.0844965$ & $0.0751784$ & $0.0538187$ & $0.015121$ & $0.186586$ & $-0.0206929$ \\
mHl & $-0.320303$ & $-0.305465$ & $0.0591083$ & $1$ & $-0.0625297$ & $-0.022102$ & $0.00280495$ & $0.049139$ & $0.0465236$ & $-0.0508096$ & $-0.0268621$ & $-0.0132641$ & $0.035104$ & $-0.0148484$ & $0.0319921$ & $0.0411516$ & $-0.049442$ & $-0.0531401$ & $-0.0643334$ & $0.0263399$ & $0.0223244$ & $0.020286$ & $0.0185857$ & $-0.0358933$ & $-0.015968$ & $-0.0206632$ & $0.00769923$ & $0.00566591$ & $-0.0188614$ & $0.0357553$ & $0.10576$ & $0.0141182$ & $0.0055263$ & $0.000170115$ & $0.0382098$ & $-0.00132157$ & $0.000742258$ & $0.0454278$ & $0.0536105$ & $0.0430746$ & $-0.0311635$ & $-0.017583$ & $-0.118275$ & $-0.0092425$ & $0.269655$ & $0.150278$ & $0.0859735$ & $0.074979$ & $-0.12267$ \\
Mz & $0.0555341$ & $0.0674214$ & $-0.0372354$ & $-0.0625297$ & $1$ & $0.00234786$ & $0.0134016$ & $-0.0289615$ & $-0.0309827$ & $0.0465781$ & $0.0352546$ & $0.0222767$ & $-0.039392$ & $0.00347206$ & $-0.00651309$ & $-0.000325673$ & $-0.00123157$ & $0.00945622$ & $0.000699481$ & $-0.0246545$ & $-0.025798$ & $-0.0255854$ & $-0.00439697$ & $0.00542912$ & $0.00193066$ & $0.0231773$ & $-0.0185651$ & $0.00210247$ & $-0.0032811$ & $0.00864642$ & $0.0123972$ & $0.029565$ & $0.000373947$ & $-0.0185363$ & $0.00651266$ & $0.00514919$ & $-0.0342782$ & $-0.0193074$ & $-0.0190428$ & $0.0122807$ & $-0.0277225$ & $-0.0191336$ & $0.00608113$ & $0.0476955$ & $-0.0150588$ & $0.0023082$ & $-0.0183268$ & $-0.00833964$ & $0.0302211$ \\
CW & $0.00553699$ & $0.0389096$ & $0.0204111$ & $-0.022102$ & $0.00234786$ & $1$ & $0.00216615$ & $-0.123561$ & $-0.119105$ & $-0.00962185$ & $0.177587$ & $0.045825$ & $0.016336$ & $0.0302299$ & $-0.100748$ & $-0.0762855$ & $-0.241648$ & $-0.0237977$ & $-0.0423556$ & $-0.175244$ & $-0.17672$ & $-0.176938$ & $-0.0191858$ & $0.00839243$ & $-0.0751435$ & $0.11237$ & $-0.0678821$ & $-0.0644912$ & $0.0136137$ & $0.0271969$ & $0.0273735$ & $0.0131015$ & $0.0479192$ & $-0.0982921$ & $0.0043593$ & $-0.0372113$ & $-0.0309691$ & $-0.0199065$ & $0.028161$ & $0.0157832$ & $0.0761336$ & $-0.0157204$ & $0.0326859$ & $-0.0284493$ & $-0.0439002$ & $-0.0215525$ & $0.00305502$ & $0.0342423$ & $0.00133613$ \\
CHG & $-0.02057$ & $-0.0404616$ & $0.0215702$ & $0.00280495$ & $0.0134016$ & $0.00216615$ & $1$ & $-0.100606$ & $-0.0503982$ & $0.0530198$ & $0.0430845$ & $-0.14202$ & $-0.29141$ & $0.0846269$ & $-0.0252867$ & $-0.00968528$ & $0.10479$ & $0.12622$ & $0.112817$ & $-0.0375635$ & $-0.0468406$ & $-0.0479857$ & $-0.0317834$ & $0.129677$ & $0.123582$ & $0.0472992$ & $-0.0339438$ & $-0.0522413$ & $0.0282222$ & $-0.122021$ & $-0.119604$ & $0.933862$ & $-0.151748$ & $-0.0661131$ & $-0.0401945$ & $-0.0180008$ & $0.0187739$ & $-0.0244419$ & $-0.048246$ & $-0.0109825$ & $0.00335812$ & $0.0156022$ & $-0.00420103$ & $0.0956423$ & $0.0180542$ & $-0.00832381$ & $-0.0411521$ & $0.0579746$ & $0.0101821$ \\
CHWB & $-0.104806$ & $-0.0761435$ & $0.00409814$ & $0.049139$ & $-0.0289615$ & $-0.123561$ & $-0.100606$ & $1$ & $0.984469$ & $-0.551758$ & $-0.876117$ & $-0.0535016$ & $0.356256$ & $0.109511$ & $0.297566$ & $0.294676$ & $-0.254133$ & $-0.438688$ & $-0.435771$ & $0.846861$ & $0.89528$ & $0.877138$ & $0.0820921$ & $-0.676169$ & $-0.399254$ & $-0.516428$ & $0.420367$ & $0.328867$ & $0.0101627$ & $0.130057$ & $0.00986177$ & $-0.0945618$ & $0.127342$ & $0.555489$ & $-0.0129416$ & $0.0484514$ & $0.0508665$ & $0.0455523$ & $-0.0454862$ & $0.0150737$ & $-0.0118056$ & $-0.044704$ & $-0.00977901$ & $0.00611671$ & $0.00625352$ & $-0.0231062$ & $-0.0598623$ & $0.0125107$ & $-0.0486847$ \\
CHWHB_gaga & $-0.104334$ & $-0.077487$ & $-0.00321037$ & $0.0465236$ & $-0.0309827$ & $-0.119105$ & $-0.0503982$ & $0.984469$ & $1$ & $-0.544941$ & $-0.858153$ & $-0.0355221$ & $0.348884$ & $0.0986885$ & $0.292969$ & $0.293312$ & $-0.259504$ & $-0.439691$ & $-0.43948$ & $0.829886$ & $0.876742$ & $0.858017$ & $0.0739814$ & $-0.671462$ & $-0.402834$ & $-0.501111$ & $0.408941$ & $0.322455$ & $0.0172183$ & $0.147533$ & $0.0151243$ & $-0.0517473$ & $0.146491$ & $0.546491$ & $-0.0115462$ & $0.0382488$ & $0.0575763$ & $0.0426041$ & $-0.0476295$ & $0.0141106$ & $-0.0103988$ & $-0.0447626$ & $0.0280941$ & $0.00014171$ & $-0.00632583$ & $-0.0250916$ & $-0.0653899$ & $0.0165984$ & $-0.0504926$ \\
CHWHB_gagaorth & $0.0938358$ & $0.0617936$ & $-0.0300272$ & $-0.0508096$ & $0.0465781$ & $-0.00962185$ & $0.0530198$ & $-0.551758$ & $-0.544941$ & $1$ & $0.337273$ & $0.449128$ & $-0.26115$ & $0.224804$ & $-0.123559$ & $-0.107995$ & $0.427688$ & $0.484606$ & $0.469198$ & $-0.322225$ & $-0.35447$ & $-0.349777$ & $-0.048987$ & $0.53993$ & $0.455721$ & $0.184169$ & $-0.245389$ & $-0.119421$ & $0.0171595$ & $-0.138466$ & $-0.0320661$ & $0.0648296$ & $-0.138897$ & $-0.333894$ & $0.0139924$ & $-0.0027213$ & $-0.0741224$ & $-0.0117722$ & $0.00284969$ & $0.0303456$ & $-0.0134866$ & $0.0570572$ & $-0.0430983$ & $0.0125439$ & $-0.0036758$ & $-0.025287$ & $0.0736665$ & $-0.0477608$ & $0.0426425$ \\
CHD & $0.068829$ & $0.0613084$ & $0.0289681$ & $-0.0268621$ & $0.0352546$ & $0.177587$ & $0.0430845$ & $-0.876117$ & $-0.858153$ & $0.337273$ & $1$ & $0.163251$ & $-0.167154$ & $-0.527176$ & $-0.430083$ & $-0.419783$ & $-0.210523$ & $0.0687266$ & $0.0648589$ & $-0.990689$ & $-0.991341$ & $-0.970212$ & $-0.0132307$ & $0.306981$ & $0.0145265$ & $0.571217$ & $-0.275493$ & $-0.361608$ & $-0.00702074$ & $-0.0722988$ & $0.00867755$ & $0.0496488$ & $-0.0759506$ & $-0.349273$ & $0.0331315$ & $-0.0426139$ & $-0.019462$ & $-0.0342261$ & $0.027151$ & $-0.0385853$ & $-0.0116748$ & $0.00976123$ & $0.0391245$ & $-0.0275611$ & $-0.00961092$ & $0.0308424$ & $0.0344451$ & $-0.030957$ & $0.0482529$ \\
CHbox & $0.0704052$ & $0.00402714$ & $0.0122742$ & $-0.0132641$ & $0.0222767$ & $0.045825$ & $-0.14202$ & $-0.0535016$ & $-0.0355221$ & $0.449128$ & $0.163251$ & $1$ & $0.438002$ & $-0.246567$ & $-0.0080409$ & $0.0278541$ & $-0.232773$ & $-0.19507$ & $-0.216441$ & $-0.14632$ & $-0.167458$ & $-0.165667$ & $0.0133421$ & $-0.0844712$ & $-0.207258$ & $0.0738401$ & $-0.0757309$ & $-0.0440555$ & $0.0746077$ & $0.306084$ & $0.115611$ & $-0.0409162$ & $0.393881$ & $-0.0472225$ & $0.0753777$ & $0.0457865$ & $-0.0445792$ & $0.00330667$ & $-0.0433383$ & $0.0162213$ & $-0.00929721$ & $-0.00976903$ & $-0.018866$ & $0.0244869$ & $0.000860213$ & $-0.0481341$ & $0.045361$ & $-0.0592174$ & $0.0531249$ \\
CH & $-0.0092335$ & $-0.0529187$ & $0.0454726$ & $0.035104$ & $-0.039392$ & $0.016336$ & $-0.29141$ & $0.356256$ & $0.348884$ & $-0.26115$ & $-0.167154$ & $0.438002$ & $1$ & $-0.245551$ & $0.0546472$ & $0.0555701$ & $-0.381093$ & $-0.390579$ & $-0.388982$ & $0.159414$ & $0.181524$ & $0.173912$ & $0.0621871$ & $-0.408068$ & $-0.389839$ & $-0.123922$ & $0.149812$ & $0.0675965$ & $0.0399746$ & $0.262755$ & $0.118498$ & $-0.237074$ & $0.330876$ & $0.230178$ & $0.0162307$ & $0.0431228$ & $0.0458575$ & $0.00858972$ & $-0.00826318$ & $-0.00438384$ & $0.00676273$ & $-0.0344438$ & $0.0089628$ & $-0.012632$ & $0.000444611$ & $-0.00370871$ & $-0.011635$ & $-0.0141847$ & $-0.0261412$ \\
CHL1_11 & $0.00208418$ & $-0.0188661$ & $-0.0451712$ & $-0.0148484$ & $0.00347206$ & $0.0302299$ & $0.0846269$ & $0.109511$ & $0.0986885$ & $0.224804$ & $-0.527176$ & $-0.246567$ & $-0.245551$ & $1$ & $0.282518$ & $0.259586$ & $0.66206$ & $0.591053$ & $0.598968$ & $0.545189$ & $0.488548$ & $0.472342$ & $-0.101357$ & $0.453178$ & $0.595629$ & $-0.274191$ & $-0.108771$ & $0.171615$ & $-0.00156555$ & $-0.075299$ & $-0.0321484$ & $0.0605793$ & $-0.0596556$ & $-0.213522$ & $-0.0396812$ & $0.0218237$ & $-0.037898$ & $0.000618195$ & $0.0202651$ & $0.0562938$ & $0.0496023$ & $0.0598314$ & $-0.0755668$ & $0.0521356$ & $0.0304326$ & $-0.0374302$ & $0.0190765$ & $0.0472801$ & $-0.0209484$ \\
CHL1_22 & $0.0253455$ & $-0.0410848$ & $0.0222424$ & $0.0319921$ & $-0.00651309$ & $-0.100748$ & $-0.0252867$ & $0.297566$ & $0.292969$ & $-0.123559$ & $-0.430083$ & $-0.0080409$ & $0.0546472$ & $0.282518$ & $1$ & $0.433836$ & $0.189224$ & $-0.438519$ & $-0.00327547$ & $0.493822$ & $0.348569$ & $0.336628$ & $-0.176472$ & $0.103624$ & $-0.109104$ & $-0.187795$ & $-0.385753$ & $0.13647$ & $0.0157526$ & $0.0308764$ & $-0.00640924$ & $-0.0203624$ & $0.0557632$ & $-0.600397$ & $0.00674907$ & $-0.0148538$ & $0.0147438$ & $-0.0149677$ & $-5.89402e-05$ & $-0.0375196$ & $0.0591996$ & $-0.0108113$ & $0.0132787$ & $0.03663$ & $-0.0249248$ & $-0.0656329$ & $-0.0491647$ & $0.0994631$ & $-0.0216774$ \\
CHL1_33 & $0.055773$ & $-0.0290858$ & $0.000426883$ & $0.0411516$ & $-0.000325673$ & $-0.0762855$ & $-0.00968528$ & $0.294676$ & $0.293312$ & $-0.107995$ & $-0.419783$ & $0.0278541$ & $0.0555701$ & $0.259586$ & $0.433836$ & $1$ & $0.176186$ & $-0.0176636$ & $-0.430907$ & $0.483268$ & $0.339223$ & $0.35463$ & $-0.154012$ & $0.0965478$ & $-0.123119$ & $-0.201958$ & $-0.379957$ & $0.124334$ & $0.0288014$ & $0.0497271$ & $0.0084685$ & $0.00608552$ & $0.0843663$ & $-0.0906243$ & $0.0160187$ & $-0.0048379$ & $0.000785218$ & $0.0173208$ & $-0.00284668$ & $-0.0182366$ & $0.0829648$ & $-0.0209144$ & $0.00741658$ & $0.0349649$ & $-0.0404831$ & $-0.0497111$ & $-0.0433584$ & $0.101869$ & $0.00429924$ \\
CHL3_11 & $0.0567549$ & $0.0293963$ & $-0.0631921$ & $-0.049442$ & $-0.00123157$ & $-0.241648$ & $0.10479$ & $-0.254133$ & $-0.259504$ & $0.427688$ & $-0.210523$ & $-0.232773$ & $-0.381093$ & $0.66206$ & $0.189224$ & $0.176186$ & $1$ & $0.731701$ & $0.733548$ & $0.236051$ & $0.172604$ & $0.170548$ & $-0.0885854$ & $0.690012$ & $0.776447$ & $-0.111414$ & $-0.196761$ & $0.0579853$ & $-0.015184$ & $-0.112358$ & $-0.0424905$ & $0.0782017$ & $-0.113658$ & $-0.284911$ & $-0.0481822$ & $-0.00788836$ & $-0.0591623$ & $-0.0233765$ & $0.0294077$ & $0.0472761$ & $0.0221671$ & $0.0617007$ & $-0.0550517$ & $0.0385319$ & $0.00588223$ & $0.00585317$ & $0.0486287$ & $0.0246621$ & $-0.00453955$ \\
CHL3_22 & $0.0389939$ & $0.0401057$ & $-0.0665674$ & $-0.0531401$ & $0.00945622$ & $-0.0237977$ & $0.12622$ & $-0.438688$ & $-0.439691$ & $0.484606$ & $0.0687266$ & $-0.19507$ & $-0.390579$ & $0.591053$ & $-0.438519$ & $-0.0176636$ & $0.731701$ & $1$ & $0.664628$ & $-0.0692696$ & $-0.0668365$ & $-0.0619394$ & $-0.0147741$ & $0.626596$ & $0.784519$ & $0.0300254$ & $-0.0302449$ & $-0.0347802$ & $-0.0157746$ & $-0.12822$ & $-0.0299802$ & $0.1009$ & $-0.131491$ & $0.028058$ & $-0.0397014$ & $0.00520899$ & $-0.0650531$ & $-0.00994745$ & $0.0308813$ & $0.064437$ & $0.00933543$ & $0.0720173$ & $-0.0656011$ & $0.0228292$ & $0.0296461$ & $0.0263743$ & $0.0731974$ & $-0.0216063$ & $0.0141769$ \\
CHL3_33 & $0.0168781$ & $0.0258845$ & $-0.0510435$ & $-0.0643334$ & $0.000699481$ & $-0.0423556$ & $0.112817$ & $-0.435771$ & $-0.43948$ & $0.469198$ & $0.0648589$ & $-0.216441$ & $-0.388982$ & $0.598968$ & $-0.00327547$ & $-0.430907$ & $0.733548$ & $0.664628$ & $1$ & $-0.06571$ & $-0.062227$ & $-0.0582023$ & $-0.0238691$ & $0.62676$ & $0.793515$ & $0.0369226$ & $-0.0270804$ & $-0.0267532$ & $-0.0262929$ & $-0.141506$ & $-0.0345414$ & $0.0802021$ & $-0.146473$ & $-0.366397$ & $-0.0484249$ & $-0.00428237$ & $-0.0559071$ & $-0.0310388$ & $0.0276182$ & $0.0499259$ & $-0.0086275$ & $0.0804216$ & $-0.0656148$ & $0.0295945$ & $0.0423914$ & $0.0129393$ & $0.0690917$ & $-0.0251176$ & $-0.00300105$ \\
CHe_11 & $-0.0606958$ & $-0.0513465$ & $-0.020166$ & $0.0263399$ & $-0.0246545$ & $-0.175244$ & $-0.0375635$ & $0.846861$ & $0.829886$ & $-0.322225$ & $-0.990689$ & $-0.14632$ & $0.159414$ & $0.545189$ & $0.493822$ & $0.483268$ & $0.236051$ & $-0.0692696$ & $-0.06571$ & $1$ & $0.972995$ & $0.9524$ & $-0.0164788$ & $-0.252187$ & $-0.00665212$ & $-0.555991$ & $0.20158$ & $0.355845$ & $0.0113003$ & $0.071208$ & $-0.00586991$ & $-0.0417153$ & $0.0811259$ & $0.270423$ & $-0.029427$ & $0.0369239$ & $0.0137377$ & $0.0292931$ & $-0.0207212$ & $0.0312386$ & $0.0226133$ & $-0.00811807$ & $-0.0357379$ & $0.0298253$ & $0.00574472$ & $-0.0355268$ & $-0.0335645$ & $0.0429193$ & $-0.0435028$ \\
CHe_22 & $-0.0813669$ & $-0.0481092$ & $-0.0246384$ & $0.0223244$ & $-0.025798$ & $-0.17672$ & $-0.0468406$ & $0.89528$ & $0.876742$ & $-0.35447$ & $-0.991341$ & $-0.167458$ & $0.181524$ & $0.488548$ & $0.348569$ & $0.339223$ & $0.172604$ & $-0.0668365$ & $-0.062227$ & $0.972995$ & $1$ & $0.975301$ & $0.0426121$ & $-0.362378$ & $-0.023425$ & $-0.576464$ & $0.355668$ & $0.363253$ & $0.00417591$ & $0.0740329$ & $-0.00760992$ & $-0.0548492$ & $0.0731408$ & $0.433899$ & $-0.0361503$ & $0.0444659$ & $0.0186689$ & $0.0367874$ & $-0.0248625$ & $0.0414431$ & $0.00154277$ & $-0.0110445$ & $-0.0405416$ & $0.0211286$ & $0.0110233$ & $-0.0203695$ & $-0.0298276$ & $0.0176821$ & $-0.0495668$ \\
CHe_33 & $-0.0914426$ & $-0.048052$ & $-0.020605$ & $0.020286$ & $-0.0255854$ & $-0.176938$ & $-0.0479857$ & $0.877138$ & $0.858017$ & $-0.349777$ & $-0.970212$ & $-0.165667$ & $0.173912$ & $0.472342$ & $0.336628$ & $0.35463$ & $0.170548$ & $-0.0619394$ & $-0.0582023$ & $0.9524$ & $0.975301$ & $1$ & $0.0473258$ & $-0.35404$ & $-0.0178792$ & $-0.567947$ & $0.355029$ & $0.356122$ & $-0.00313414$ & $0.0719125$ & $-0.00320925$ & $-0.0539302$ & $0.0736064$ & $0.433434$ & $-0.040487$ & $0.0464727$ & $0.0165004$ & $0.0365034$ & $-0.0290472$ & $0.0344624$ & $-0.000229053$ & $-0.00532307$ & $-0.0526628$ & $0.0295992$ & $0.0135455$ & $-0.0177062$ & $-0.0286709$ & $0.0199808$ & $-0.0483632$ \\
CHQ1_11 & $-0.118855$ & $-0.0108101$ & $0.0091582$ & $0.0185857$ & $-0.00439697$ & $-0.0191858$ & $-0.0317834$ & $0.0820921$ & $0.0739814$ & $-0.048987$ & $-0.0132307$ & $0.0133421$ & $0.0621871$ & $-0.101357$ & $-0.176472$ & $-0.154012$ & $-0.0885854$ & $-0.0147741$ & $-0.0238691$ & $-0.0164788$ & $0.0426121$ & $0.0473258$ & $1$ & $-0.146664$ & $0.0827938$ & $-0.673259$ & $0.384617$ & $0.0215719$ & $-0.0195259$ & $0.0569799$ & $0.016852$ & $-0.0187062$ & $0.031464$ & $0.224741$ & $0.0395178$ & $0.0531384$ & $-0.0148815$ & $-0.000636872$ & $-0.0663439$ & $-0.0205013$ & $-0.0914806$ & $0.00624861$ & $-0.0526092$ & $0.0425569$ & $0.0815184$ & $0.0111629$ & $-0.0241267$ & $-0.0582238$ & $0.0151957$ \\
CHQ1_33 & $0.0393999$ & $0.0342648$ & $-0.0215212$ & $-0.0358933$ & $0.00542912$ & $0.00839243$ & $0.129677$ & $-0.676169$ & $-0.671462$ & $0.53993$ & $0.306981$ & $-0.0844712$ & $-0.408068$ & $0.453178$ & $0.103624$ & $0.0965478$ & $0.690012$ & $0.626596$ & $0.62676$ & $-0.252187$ & $-0.362378$ & $-0.35404$ & $-0.146664$ & $1$ & $0.648387$ & $0.206047$ & $-0.417682$ & $-0.0383822$ & $0.000141368$ & $-0.135658$ & $-0.0204084$ & $0.115191$ & $-0.118526$ & $-0.627345$ & $0.00286906$ & $-0.0207293$ & $-0.0572595$ & $-0.0256241$ & $0.0391899$ & $0.000202431$ & $0.0595538$ & $0.0775507$ & $-0.0485559$ & $0.0488834$ & $0.00724352$ & $-0.00612327$ & $0.0587007$ & $0.0303278$ & $0.0219116$ \\
CHQ3_11 & $-0.0894119$ & $0.00655247$ & $-0.0439253$ & $-0.015968$ & $0.00193066$ & $-0.0751435$ & $0.123582$ & $-0.399254$ & $-0.402834$ & $0.455721$ & $0.0145265$ & $-0.207258$ & $-0.389839$ & $0.595629$ & $-0.109104$ & $-0.123119$ & $0.776447$ & $0.784519$ & $0.793515$ & $-0.00665212$ & $-0.023425$ & $-0.0178792$ & $0.0827938$ & $0.648387$ & $1$ & $-0.00700231$ & $0.193897$ & $-0.00896579$ & $-0.012674$ & $-0.121698$ & $-0.0219064$ & $0.0965025$ & $-0.142697$ & $-0.217374$ & $-0.0358268$ & $0.0309719$ & $-0.0688228$ & $-0.00888134$ & $-0.0233156$ & $0.0476849$ & $-0.0305194$ & $0.0665708$ & $-0.120217$ & $0.0738452$ & $0.080916$ & $0.0220537$ & $0.0701029$ & $-0.0444623$ & $-0.0227874$ \\
CHu_11 & $0.0900724$ & $0.0354548$ & $-0.001308$ & $-0.0206632$ & $0.0231773$ & $0.11237$ & $0.0472992$ & $-0.516428$ & $-0.501111$ & $0.184169$ & $0.571217$ & $0.0738401$ & $-0.123922$ & $-0.274191$ & $-0.187795$ & $-0.201958$ & $-0.111414$ & $0.0300254$ & $0.0369226$ & $-0.555991$ & $-0.576464$ & $-0.567947$ & $-0.673259$ & $0.206047$ & $-0.00700231$ & $1$ & $-0.203786$ & $-0.222356$ & $0.0145295$ & $-0.0674926$ & $-0.000722072$ & $0.0432177$ & $-0.0619418$ & $-0.269486$ & $-0.0181299$ & $-0.0537828$ & $-0.00262672$ & $0.00487628$ & $0.0273625$ & $0.000123281$ & $0.00480265$ & $0.00369377$ & $0.0306612$ & $-0.0510895$ & $-0.0322718$ & $0.016023$ & $0.0565069$ & $-0.0223372$ & $0.0222033$ \\
CHd_11 & $-0.174273$ & $-0.0100404$ & $-0.00329751$ & $0.00769923$ & $-0.0185651$ & $-0.0678821$ & $-0.0339438$ & $0.420367$ & $0.408941$ & $-0.245389$ & $-0.275493$ & $-0.0757309$ & $0.149812$ & $-0.108771$ & $-0.385753$ & $-0.379957$ & $-0.196761$ & $-0.0302449$ & $-0.0270804$ & $0.20158$ & $0.355668$ & $0.355029$ & $0.384617$ & $-0.417682$ & $0.193897$ & $-0.203786$ & $1$ & $0.115946$ & $-0.00689631$ & $0.0584395$ & $0.0245536$ & $-0.0394719$ & $0.00976027$ & $0.670413$ & $-0.0188223$ & $0.0573995$ & $0.000393854$ & $0.0549284$ & $-0.103095$ & $0.0366711$ & $-0.136087$ & $-0.0116853$ & $-0.10286$ & $0.0167156$ & $0.0816733$ & $0.0533211$ & $0.0486103$ & $-0.16347$ & $-0.0333949$ \\
CHd_33 & $-0.07119$ & $-0.00614739$ & $-0.0338725$ & $0.00566591$ & $0.00210247$ & $-0.0644912$ & $-0.0522413$ & $0.328867$ & $0.322455$ & $-0.119421$ & $-0.361608$ & $-0.0440555$ & $0.0675965$ & $0.171615$ & $0.13647$ & $0.124334$ & $0.0579853$ & $-0.0347802$ & $-0.0267532$ & $0.355845$ & $0.363253$ & $0.356122$ & $0.0215719$ & $-0.0383822$ & $-0.00896579$ & $-0.222356$ & $0.115946$ & $1$ & $-0.0147634$ & $0.0271061$ & $-0.0121316$ & $-0.0584867$ & $0.026598$ & $0.15331$ & $-0.0074265$ & $0.0307428$ & $0.0293909$ & $0.00546047$ & $0.0157516$ & $0.0187836$ & $0.0396308$ & $-0.0240866$ & $-0.00664673$ & $0.00542199$ & $-0.0243348$ & $0.00257063$ & $-0.032453$ & $-0.00907694$ & $-0.0125574$ \\
CeH_22r & $-0.0182419$ & $0.00702899$ & $0.0401371$ & $-0.0188614$ & $-0.0032811$ & $0.0136137$ & $0.0282222$ & $0.0101627$ & $0.0172183$ & $0.0171595$ & $-0.00702074$ & $0.0746077$ & $0.0399746$ & $-0.00156555$ & $0.0157526$ & $0.0288014$ & $-0.015184$ & $-0.0157746$ & $-0.0262929$ & $0.0113003$ & $0.00417591$ & $-0.00313414$ & $-0.0195259$ & $0.000141368$ & $-0.012674$ & $0.0145295$ & $-0.00689631$ & $-0.0147634$ & $1$ & $0.0319668$ & $0.0215436$ & $0.0197862$ & $0.0624843$ & $-0.00934804$ & $0.00255912$ & $0.0540945$ & $-0.0394427$ & $0.023397$ & $-0.0641714$ & $0.0140075$ & $0.00812207$ & $-0.0455891$ & $-0.00929742$ & $0.0441685$ & $-0.0029567$ & $-0.0390806$ & $0.00127748$ & $0.00615191$ & $0.0338441$ \\
CeH_33r & $0.0302099$ & $-0.0188209$ & $0.0312686$ & $0.0357553$ & $0.00864642$ & $0.0271969$ & $-0.122021$ & $0.130057$ & $0.147533$ & $-0.138466$ & $-0.0722988$ & $0.306084$ & $0.262755$ & $-0.075299$ & $0.0308764$ & $0.0497271$ & $-0.112358$ & $-0.12822$ & $-0.141506$ & $0.071208$ & $0.0740329$ & $0.0719125$ & $0.0569799$ & $-0.135658$ & $-0.121698$ & $-0.0674926$ & $0.0584395$ & $0.0271061$ & $0.0319668$ & $1$ & $0.305756$ & $0.0418178$ & $0.712074$ & $0.0793262$ & $-0.0378154$ & $0.0760018$ & $-0.169962$ & $-0.0177049$ & $-0.0570223$ & $0.012668$ & $-0.0219476$ & $-0.020679$ & $-0.0758987$ & $-0.0115116$ & $0.0663733$ & $-0.0372373$ & $-0.026179$ & $0.0144269$ & $0.0394198$ \\
CuH_22r & $0.0289301$ & $0.0228419$ & $0.0161964$ & $0.10576$ & $0.0123972$ & $0.0273735$ & $-0.119604$ & $0.00986177$ & $0.0151243$ & $-0.0320661$ & $0.00867755$ & $0.115611$ & $0.118498$ & $-0.0321484$ & $-0.00640924$ & $0.0084685$ & $-0.0424905$ & $-0.0299802$ & $-0.0345414$ & $-0.00586991$ & $-0.00760992$ & $-0.00320925$ & $0.016852$ & $-0.0204084$ & $-0.0219064$ & $-0.000722072$ & $0.0245536$ & $-0.0121316$ & $0.0215436$ & $0.305756$ & $1$ & $-0.021547$ & $0.372305$ & $0.0099719$ & $0.054767$ & $-0.0114423$ & $-0.0262798$ & $0.00896472$ & $-0.0144601$ & $0.0301515$ & $-0.00789221$ & $0.0334259$ & $0.00202292$ & $-0.0508944$ & $0.0110734$ & $0.044726$ & $0.244511$ & $-0.104857$ & $0.0608877$ \\
CuH_33r & $-0.0122625$ & $-0.0529077$ & $0.0316664$ & $0.0141182$ & $0.029565$ & $0.0131015$ & $0.933862$ & $-0.0945618$ & $-0.0517473$ & $0.0648296$ & $0.0496488$ & $-0.0409162$ & $-0.237074$ & $0.0605793$ & $-0.0203624$ & $0.00608552$ & $0.0782017$ & $0.1009$ & $0.0802021$ & $-0.0417153$ & $-0.0548492$ & $-0.0539302$ & $-0.0187062$ & $0.115191$ & $0.0965025$ & $0.0432177$ & $-0.0394719$ & $-0.0584867$ & $0.0197862$ & $0.0418178$ & $-0.021547$ & $1$ & $0.0543635$ & $-0.0664715$ & $0.0222916$ & $0.0341595$ & $-0.0286171$ & $-0.0358432$ & $-0.0414882$ & $-0.00729082$ & $0.00599632$ & $0.0126223$ & $-0.0119413$ & $0.121361$ & $0.0463897$ & $-0.020124$ & $-0.0379595$ & $0.0508977$ & $0.0341272$ \\
CdH_33r & $0.045665$ & $-0.0248105$ & $0.0423888$ & $0.0055263$ & $0.000373947$ & $0.0479192$ & $-0.151748$ & $0.127342$ & $0.146491$ & $-0.138897$ & $-0.0759506$ & $0.393881$ & $0.330876$ & $-0.0596556$ & $0.0557632$ & $0.0843663$ & $-0.113658$ & $-0.131491$ & $-0.146473$ & $0.0811259$ & $0.0731408$ & $0.0736064$ & $0.031464$ & $-0.118526$ & $-0.142697$ & $-0.0619418$ & $0.00976027$ & $0.026598$ & $0.0624843$ & $0.712074$ & $0.372305$ & $0.0543635$ & $1$ & $0.0505857$ & $-0.0153222$ & $0.164713$ & $-0.233053$ & $-0.061829$ & $-0.0780628$ & $0.0196653$ & $0.0130446$ & $-0.0140038$ & $-0.0790561$ & $0.0963703$ & $0.0644436$ & $-0.0888862$ & $-0.0609233$ & $0.108191$ & $0.262351$ \\
CLL_1221 & $-0.0932508$ & $0.0125519$ & $-0.0165368$ & $0.000170115$ & $-0.0185363$ & $-0.0982921$ & $-0.0661131$ & $0.555489$ & $0.546491$ & $-0.333894$ & $-0.349273$ & $-0.0472225$ & $0.230178$ & $-0.213522$ & $-0.600397$ & $-0.0906243$ & $-0.284911$ & $0.028058$ & $-0.366397$ & $0.270423$ & $0.433899$ & $0.433434$ & $0.224741$ & $-0.627345$ & $-0.217374$ & $-0.269486$ & $0.670413$ & $0.15331$ & $-0.00934804$ & $0.0793262$ & $0.0099719$ & $-0.0664715$ & $0.0505857$ & $1$ & $-0.0235775$ & $0.041964$ & $0.0243861$ & $0.0483376$ & $-0.0281411$ & $0.0416483$ & $-0.068506$ & $-0.0323538$ & $-0.0148145$ & $-0.0357672$ & $0.0084438$ & $0.052635$ & $0.000480084$ & $-0.0815802$ & $-0.0184257$ \\
eHggint & $-0.0254374$ & $-0.0762702$ & $-0.0296672$ & $0.0382098$ & $0.00651266$ & $0.0043593$ & $-0.0401945$ & $-0.0129416$ & $-0.0115462$ & $0.0139924$ & $0.0331315$ & $0.0753777$ & $0.0162307$ & $-0.0396812$ & $0.00674907$ & $0.0160187$ & $-0.0481822$ & $-0.0397014$ & $-0.0484249$ & $-0.029427$ & $-0.0361503$ & $-0.040487$ & $0.0395178$ & $0.00286906$ & $-0.0358268$ & $-0.0181299$ & $-0.0188223$ & $-0.0074265$ & $0.00255912$ & $-0.0378154$ & $0.054767$ & $0.0222916$ & $-0.0153222$ & $-0.0235775$ & $1$ & $-0.0428989$ & $0.0164212$ & $0.0228689$ & $0.110607$ & $0.0157853$ & $0.0712853$ & $0.0219149$ & $0.276516$ & $0.263604$ & $0.0561376$ & $-0.0141868$ & $0.188071$ & $-0.0843243$ & $0.107199$ \\
eHggpar & $-0.24665$ & $-0.230661$ & $0.0206395$ & $-0.00132157$ & $0.00514919$ & $-0.0372113$ & $-0.0180008$ & $0.0484514$ & $0.0382488$ & $-0.0027213$ & $-0.0426139$ & $0.0457865$ & $0.0431228$ & $0.0218237$ & $-0.0148538$ & $-0.0048379$ & $-0.00788836$ & $0.00520899$ & $-0.00428237$ & $0.0369239$ & $0.0444659$ & $0.0464727$ & $0.0531384$ & $-0.0207293$ & $0.0309719$ & $-0.0537828$ & $0.0573995$ & $0.0307428$ & $0.0540945$ & $0.0760018$ & $-0.0114423$ & $0.0341595$ & $0.164713$ & $0.041964$ & $-0.0428989$ & $1$ & $-0.193347$ & $0.00968785$ & $-0.194391$ & $0.0260298$ & $0.0176332$ & $-0.0406192$ & $-0.225681$ & $0.355313$ & $0.40964$ & $-0.179875$ & $-0.173497$ & $-0.0512985$ & $0.336724$ \\
eHWWint & $-0.0594358$ & $-0.150435$ & $0.0395864$ & $0.000742258$ & $-0.0342782$ & $-0.0309691$ & $0.0187739$ & $0.0508665$ & $0.0575763$ & $-0.0741224$ & $-0.019462$ & $-0.0445792$ & $0.0458575$ & $-0.037898$ & $0.0147438$ & $0.000785218$ & $-0.0591623$ & $-0.0650531$ & $-0.0559071$ & $0.0137377$ & $0.0186689$ & $0.0165004$ & $-0.0148815$ & $-0.0572595$ & $-0.0688228$ & $-0.00262672$ & $0.000393854$ & $0.0293909$ & $-0.0394427$ & $-0.169962$ & $-0.0262798$ & $-0.0286171$ & $-0.233053$ & $0.0243861$ & $0.0164212$ & $-0.193347$ & $1$ & $0.0386609$ & $0.0702774$ & $-0.0290455$ & $-0.0805789$ & $0.0607172$ & $0.186117$ & $0.00327102$ & $-0.0252667$ & $0.166026$ & $0.0541753$ & $-0.138316$ & $-0.0820571$ \\
eHWWpar & $-0.0158775$ & $-0.0302395$ & $-0.0516616$ & $0.0454278$ & $-0.0193074$ & $-0.0199065$ & $-0.0244419$ & $0.0455523$ & $0.0426041$ & $-0.0117722$ & $-0.0342261$ & $0.00330667$ & $0.00858972$ & $0.000618195$ & $-0.0149677$ & $0.0173208$ & $-0.0233765$ & $-0.00994745$ & $-0.0310388$ & $0.0292931$ & $0.0367874$ & $0.0365034$ & $-0.000636872$ & $-0.0256241$ & $-0.00888134$ & $0.00487628$ & $0.0549284$ & $0.00546047$ & $0.023397$ & $-0.0177049$ & $0.00896472$ & $-0.0358432$ & $-0.061829$ & $0.0483376$ & $0.0228689$ & $0.00968785$ & $0.0386609$ & $1$ & $0.0231205$ & $0.0370031$ & $0.042383$ & $-0.0361926$ & $0.0113014$ & $-0.0318439$ & $0.0484578$ & $0.00229609$ & $0.12457$ & $-0.036861$ & $-0.0952556$ \\
eHZZint & $-0.0362294$ & $0.307372$ & $0.0904724$ & $0.0536105$ & $-0.0190428$ & $0.028161$ & $-0.048246$ & $-0.0454862$ & $-0.0476295$ & $0.00284969$ & $0.027151$ & $-0.0433383$ & $-0.00826318$ & $0.0202651$ & $-5.89402e-05$ & $-0.00284668$ & $0.0294077$ & $0.0308813$ & $0.0276182$ & $-0.0207212$ & $-0.0248625$ & $-0.0290472$ & $-0.0663439$ & $0.0391899$ & $-0.0233156$ & $0.0273625$ & $-0.103095$ & $0.0157516$ & $-0.0641714$ & $-0.0570223$ & $-0.0144601$ & $-0.0414882$ & $-0.0780628$ & $-0.0281411$ & $0.110607$ & $-0.194391$ & $0.0702774$ & $0.0231205$ & $1$ & $0.0146967$ & $0.143756$ & $0.0291941$ & $0.0575198$ & $-0.147203$ & $0.0259178$ & $0.353196$ & $-0.0169116$ & $0.191946$ & $-0.21911$ \\
eHZZpar & $0.0563609$ & $-0.0107701$ & $-0.113837$ & $0.0430746$ & $0.0122807$ & $0.0157832$ & $-0.0109825$ & $0.0150737$ & $0.0141106$ & $0.0303456$ & $-0.0385853$ & $0.0162213$ & $-0.00438384$ & $0.0562938$ & $-0.0375196$ & $-0.0182366$ & $0.0472761$ & $0.064437$ & $0.0499259$ & $0.0312386$ & $0.0414431$ & $0.0344624$ & $-0.0205013$ & $0.000202431$ & $0.0476849$ & $0.000123281$ & $0.0366711$ & $0.0187836$ & $0.0140075$ & $0.012668$ & $0.0301515$ & $-0.00729082$ & $0.0196653$ & $0.0416483$ & $0.0157853$ & $0.0260298$ & $-0.0290455$ & $0.0370031$ & $0.0146967$ & $1$ & $-0.0391779$ & $0.020667$ & $-0.0458048$ & $-0.0314556$ & $0.0152379$ & $-0.00857811$ & $0.0921908$ & $-0.136984$ & $0.0366676$ \\
eHZgaint & $-0.0708275$ & $-0.0426473$ & $0.0451368$ & $-0.0311635$ & $-0.0277225$ & $0.0761336$ & $0.00335812$ & $-0.0118056$ & $-0.0103988$ & $-0.0134866$ & $-0.0116748$ & $-0.00929721$ & $0.00676273$ & $0.0496023$ & $0.0591996$ & $0.0829648$ & $0.0221671$ & $0.00933543$ & $-0.0086275$ & $0.0226133$ & $0.00154277$ & $-0.000229053$ & $-0.0914806$ & $0.0595538$ & $-0.0305194$ & $0.00480265$ & $-0.136087$ & $0.0396308$ & $0.00812207$ & $-0.0219476$ & $-0.00789221$ & $0.00599632$ & $0.0130446$ & $-0.068506$ & $0.0712853$ & $0.0176332$ & $-0.0805789$ & $0.042383$ & $0.143756$ & $-0.0391779$ & $1$ & $-0.000790939$ & $0.13953$ & $0.0803665$ & $-0.249624$ & $0.0436232$ & $0.0281165$ & $0.310816$ & $-0.108226$ \\
eHZgapar & $-0.0323266$ & $-0.0254175$ & $-0.0123342$ & $-0.017583$ & $-0.0191336$ & $-0.0157204$ & $0.0156022$ & $-0.044704$ & $-0.0447626$ & $0.0570572$ & $0.00976123$ & $-0.00976903$ & $-0.0344438$ & $0.0598314$ & $-0.0108113$ & $-0.0209144$ & $0.0617007$ & $0.0720173$ & $0.0804216$ & $-0.00811807$ & $-0.0110445$ & $-0.00532307$ & $0.00624861$ & $0.0775507$ & $0.0665708$ & $0.00369377$ & $-0.0116853$ & $-0.0240866$ & $-0.0455891$ & $-0.020679$ & $0.0334259$ & $0.0126223$ & $-0.0140038$ & $-0.0323538$ & $0.0219149$ & $-0.0406192$ & $0.0607172$ & $-0.0361926$ & $0.0291941$ & $0.020667$ & $-0.000790939$ & $1$ & $-0.00303835$ & $-0.0549798$ & $0.0319656$ & $-0.0125764$ & $0.0378205$ & $-0.0235244$ & $0.047205$ \\
eHgagaint & $0.0798707$ & $0.0501011$ & $-0.0995058$ & $-0.118275$ & $0.00608113$ & $0.0326859$ & $-0.00420103$ & $-0.00977901$ & $0.0280941$ & $-0.0430983$ & $0.0391245$ & $-0.018866$ & $0.0089628$ & $-0.0755668$ & $0.0132787$ & $0.00741658$ & $-0.0550517$ & $-0.0656011$ & $-0.0656148$ & $-0.0357379$ & $-0.0405416$ & $-0.0526628$ & $-0.0526092$ & $-0.0485559$ & $-0.120217$ & $0.0306612$ & $-0.10286$ & $-0.00664673$ & $-0.00929742$ & $-0.0758987$ & $0.00202292$ & $-0.0119413$ & $-0.0790561$ & $-0.0148145$ & $0.276516$ & $-0.225681$ & $0.186117$ & $0.0113014$ & $0.0575198$ & $-0.0458048$ & $0.13953$ & $-0.00303835$ & $1$ & $-0.251304$ & $-0.386531$ & $0.0220354$ & $-0.020907$ & $-0.00769336$ & $-0.0416834$ \\
eHmumuint & $-0.178247$ & $-0.257372$ & $-0.0844965$ & $-0.0092425$ & $0.0476955$ & $-0.0284493$ & $0.0956423$ & $0.00611671$ & $0.00014171$ & $0.0125439$ & $-0.0275611$ & $0.0244869$ & $-0.012632$ & $0.0521356$ & $0.03663$ & $0.0349649$ & $0.0385319$ & $0.0228292$ & $0.0295945$ & $0.0298253$ & $0.0211286$ & $0.0295992$ & $0.0425569$ & $0.0488834$ & $0.0738452$ & $-0.0510895$ & $0.0167156$ & $0.00542199$ & $0.0441685$ & $-0.0115116$ & $-0.0508944$ & $0.121361$ & $0.0963703$ & $-0.0357672$ & $0.263604$ & $0.355313$ & $0.00327102$ & $-0.0318439$ & $-0.147203$ & $-0.0314556$ & $0.0803665$ & $-0.0549798$ & $-0.251304$ & $1$ & $0.26792$ & $-0.131094$ & $-0.159553$ & $0.150833$ & $0.181722$ \\
eHtautauint & $-0.209114$ & $-0.324939$ & $0.0751784$ & $0.269655$ & $-0.0150588$ & $-0.0439002$ & $0.0180542$ & $0.00625352$ & $-0.00632583$ & $-0.0036758$ & $-0.00961092$ & $0.000860213$ & $0.000444611$ & $0.0304326$ & $-0.0249248$ & $-0.0404831$ & $0.00588223$ & $0.0296461$ & $0.0423914$ & $0.00574472$ & $0.0110233$ & $0.0135455$ & $0.0815184$ & $0.00724352$ & $0.080916$ & $-0.0322718$ & $0.0816733$ & $-0.0243348$ & $-0.0029567$ & $0.0663733$ & $0.0110734$ & $0.0463897$ & $0.0644436$ & $0.0084438$ & $0.0561376$ & $0.40964$ & $-0.0252667$ & $0.0484578$ & $0.0259178$ & $0.0152379$ & $-0.249624$ & $0.0319656$ & $-0.386531$ & $0.26792$ & $1$ & $-0.148881$ & $0.00564082$ & $0.03469$ & $0.139363$ \\
eHccint & $0.0311544$ & $0.185876$ & $0.0538187$ & $0.150278$ & $0.0023082$ & $-0.0215525$ & $-0.00832381$ & $-0.0231062$ & $-0.0250916$ & $-0.025287$ & $0.0308424$ & $-0.0481341$ & $-0.00370871$ & $-0.0374302$ & $-0.0656329$ & $-0.0497111$ & $0.00585317$ & $0.0263743$ & $0.0129393$ & $-0.0355268$ & $-0.0203695$ & $-0.0177062$ & $0.0111629$ & $-0.00612327$ & $0.0220537$ & $0.016023$ & $0.0533211$ & $0.00257063$ & $-0.0390806$ & $-0.0372373$ & $0.044726$ & $-0.020124$ & $-0.0888862$ & $0.052635$ & $-0.0141868$ & $-0.179875$ & $0.166026$ & $0.00229609$ & $0.353196$ & $-0.00857811$ & $0.0436232$ & $-0.0125764$ & $0.0220354$ & $-0.131094$ & $-0.148881$ & $1$ & $0.0838552$ & $-0.199953$ & $-0.0859987$ \\
eHccpar & $0.253587$ & $0.236566$ & $0.015121$ & $0.0859735$ & $-0.0183268$ & $0.00305502$ & $-0.0411521$ & $-0.0598623$ & $-0.0653899$ & $0.0736665$ & $0.0344451$ & $0.045361$ & $-0.011635$ & $0.0190765$ & $-0.0491647$ & $-0.0433584$ & $0.0486287$ & $0.0731974$ & $0.0690917$ & $-0.0335645$ & $-0.0298276$ & $-0.0286709$ & $-0.0241267$ & $0.0587007$ & $0.0701029$ & $0.0565069$ & $0.0486103$ & $-0.032453$ & $0.00127748$ & $-0.026179$ & $0.244511$ & $-0.0379595$ & $-0.0609233$ & $0.000480084$ & $0.188071$ & $-0.173497$ & $0.0541753$ & $0.12457$ & $-0.0169116$ & $0.0921908$ & $0.0281165$ & $0.0378205$ & $-0.020907$ & $-0.159553$ & $0.00564082$ & $0.0838552$ & $1$ & $-0.392517$ & $0.108068$ \\
eHbbint & $-0.286216$ & $-0.187633$ & $0.186586$ & $0.074979$ & $-0.00833964$ & $0.0342423$ & $0.0579746$ & $0.0125107$ & $0.0165984$ & $-0.0477608$ & $-0.030957$ & $-0.0592174$ & $-0.0141847$ & $0.0472801$ & $0.0994631$ & $0.101869$ & $0.0246621$ & $-0.0216063$ & $-0.0251176$ & $0.0429193$ & $0.0176821$ & $0.0199808$ & $-0.0582238$ & $0.0303278$ & $-0.0444623$ & $-0.0223372$ & $-0.16347$ & $-0.00907694$ & $0.00615191$ & $0.0144269$ & $-0.104857$ & $0.0508977$ & $0.108191$ & $-0.0815802$ & $-0.0843243$ & $-0.0512985$ & $-0.138316$ & $-0.036861$ & $0.191946$ & $-0.136984$ & $0.310816$ & $-0.0235244$ & $-0.00769336$ & $0.150833$ & $0.03469$ & $-0.199953$ & $-0.392517$ & $1$ & $-0.219843$ \\
eHbbpar & $0.210211$ & $0.104532$ & $-0.0206929$ & $-0.12267$ & $0.0302211$ & $0.00133613$ & $0.0101821$ & $-0.0486847$ & $-0.0504926$ & $0.0426425$ & $0.0482529$ & $0.0531249$ & $-0.0261412$ & $-0.0209484$ & $-0.0216774$ & $0.00429924$ & $-0.00453955$ & $0.0141769$ & $-0.00300105$ & $-0.0435028$ & $-0.0495668$ & $-0.0483632$ & $0.0151957$ & $0.0219116$ & $-0.0227874$ & $0.0222033$ & $-0.0333949$ & $-0.0125574$ & $0.0338441$ & $0.0394198$ & $0.0608877$ & $0.0341272$ & $0.262351$ & $-0.0184257$ & $0.107199$ & $0.336724$ & $-0.0820571$ & $-0.0952556$ & $-0.21911$ & $0.0366676$ & $-0.108226$ & $0.047205$ & $-0.0416834$ & $0.181722$ & $0.139363$ & $-0.0859987$ & $0.108068$ & $-0.219843$ & $1$ \\
