 & AlsMz & dAle5Mz & mtop & mHl & Mz & CW & CHG & CHWB & CHWHB_gaga & CHWHB_gagaorth & CHD & CHbox & CH & CHL1_11 & CHL1_22 & CHL1_33 & CHL3_11 & CHL3_22 & CHL3_33 & CHe_11 & CHe_22 & CHe_33 & CHQ1_11 & CHQ1_33 & CHQ3_11 & CHu_11 & CHd_11 & CHd_33 & CeH_22r & CeH_33r & CuH_22r & CuH_33r & CdH_33r & CLL_1221 & eHggint & eHggpar & eHWWint & eHWWpar & eHZZint & eHZZpar & eHZgaint & eHZgapar & eHgagaint & eHmumuint & eHtautauint & eHccint & eHccpar & eHbbint & eHbbpar \\
AlsMz & $1$ & $-0.0137395$ & $0.0788871$ & $0.0290659$ & $0.0107366$ & $-0.00953945$ & $-0.0111053$ & $-0.00349214$ & $-0.00752295$ & $-0.00471751$ & $-0.0124774$ & $-0.0107841$ & $-0.00326866$ & $0.00154034$ & $0.00248037$ & $0.0105096$ & $0.0250397$ & $0.0115515$ & $0.00754255$ & $0.00411032$ & $0.00338284$ & $-0.000663769$ & $-0.0130912$ & $-0.0640929$ & $-0.106992$ & $-0.0226153$ & $-0.0345298$ & $0.0125624$ & $0.00661483$ & $0.0146037$ & $0.0378367$ & $0.00673547$ & $0.0190898$ & $-0.0016776$ & $0.0506493$ & $0.047043$ & $-0.0685741$ & $0.0104403$ & $0.0429355$ & $-0.0137954$ & $-0.00976304$ & $-0.0441659$ & $-0.00744668$ & $-0.0770797$ & $-0.0154483$ & $-0.0576324$ & $0.051631$ & $-0.0835605$ & $0.00769954$ \\
dAle5Mz & $-0.0137395$ & $1$ & $-0.0156689$ & $-0.0344076$ & $-0.00489433$ & $0.0409986$ & $0.0638554$ & $-0.0833572$ & $-0.0752567$ & $0.0148409$ & $0.0504113$ & $0.0115727$ & $0.010284$ & $0.0218275$ & $0.0195818$ & $0.0356419$ & $0.0231581$ & $0.019169$ & $0.00584459$ & $-0.0169229$ & $-0.0302932$ & $-0.0290132$ & $-0.0126824$ & $0.0489523$ & $0.027461$ & $0.0194337$ & $-0.0419939$ & $0.0192697$ & $-0.0381796$ & $-0.0217278$ & $-0.0136576$ & $0.0607338$ & $0.0395929$ & $-0.0224913$ & $-0.0233824$ & $0.0528928$ & $0.00586019$ & $-0.0042974$ & $0.0597282$ & $-0.0097276$ & $-0.0434708$ & $-0.0283053$ & $-0.00483474$ & $0.0592383$ & $0.0207116$ & $0.0577942$ & $-0.0524062$ & $0.0107066$ & $0.0806543$ \\
mtop & $0.0788871$ & $-0.0156689$ & $1$ & $-0.0382103$ & $-0.00815539$ & $0.0277204$ & $0.030245$ & $0.0105983$ & $0.00883306$ & $-0.0271898$ & $-0.0166276$ & $-0.0503472$ & $-0.0225385$ & $0.0235881$ & $-0.0243238$ & $0.0331866$ & $0.0332942$ & $0.0456505$ & $-0.00176382$ & $0.0215994$ & $0.0237183$ & $0.0239986$ & $0.0330634$ & $-0.00190765$ & $-0.00153953$ & $-0.0321421$ & $-0.0112134$ & $-0.0124502$ & $0.0189772$ & $-0.0267842$ & $0.00288171$ & $0.0222957$ & $-0.041153$ & $0.0383137$ & $0.0244122$ & $-0.0328748$ & $-0.0373715$ & $-0.0102964$ & $-0.00922826$ & $-0.0369573$ & $-0.0553854$ & $-0.0366518$ & $-0.0536747$ & $-0.114486$ & $-0.0325497$ & $0.0292073$ & $0.0149711$ & $-0.0392727$ & $-0.0348251$ \\
mHl & $0.0290659$ & $-0.0344076$ & $-0.0382103$ & $1$ & $-0.0104544$ & $-0.00621855$ & $-0.0642123$ & $-0.00647502$ & $-0.0179806$ & $-0.00609618$ & $-0.00269199$ & $-0.00322846$ & $0.00440493$ & $-0.0144645$ & $-0.00211979$ & $0.002642$ & $0.0384558$ & $0.0167717$ & $0.00899191$ & $0.000154272$ & $0.000226654$ & $-0.00470093$ & $-0.00508143$ & $0.00711862$ & $0.0298741$ & $-0.00263768$ & $0.0176043$ & $-0.0196491$ & $0.0129781$ & $-0.0094749$ & $-0.0276783$ & $-0.0769931$ & $-0.0341393$ & $0.00860565$ & $0.0297198$ & $0.0150469$ & $0.0397112$ & $0.00606642$ & $0.0343576$ & $-0.00626801$ & $-0.0779637$ & $-0.0193362$ & $-0.131884$ & $-0.0222858$ & $0.109332$ & $0.120685$ & $0.00758176$ & $-0.00145811$ & $-0.0382097$ \\
Mz & $0.0107366$ & $-0.00489433$ & $-0.00815539$ & $-0.0104544$ & $1$ & $-0.0122104$ & $0.00101415$ & $0.000666054$ & $0.00315306$ & $-0.00618326$ & $0.00931468$ & $0.0103203$ & $0.0090898$ & $-0.000845907$ & $0.0137813$ & $0.0159378$ & $-0.00350798$ & $-0.0127376$ & $-0.0144815$ & $-0.00211316$ & $-0.00153599$ & $-0.00518917$ & $0.00979717$ & $-0.0171192$ & $0.0011714$ & $-0.0019258$ & $0.000194081$ & $-0.00797243$ & $-0.0377283$ & $0.0270553$ & $0.0293396$ & $0.00585376$ & $0.023665$ & $-0.0107268$ & $0.0232086$ & $0.0238518$ & $-0.0280647$ & $0.0188011$ & $0.01277$ & $0.00816016$ & $0.0129746$ & $-0.0120055$ & $-0.00385662$ & $-0.00787396$ & $-0.0507234$ & $-0.00699414$ & $-0.0156748$ & $0.00334544$ & $-0.00924069$ \\
CW & $-0.00953945$ & $0.0409986$ & $0.0277204$ & $-0.00621855$ & $-0.0122104$ & $1$ & $-0.00563244$ & $-0.113346$ & $-0.11096$ & $0.0166118$ & $0.18206$ & $0.0628212$ & $0.0231781$ & $0.0135717$ & $-0.0800239$ & $-0.0906125$ & $-0.283814$ & $-0.0668812$ & $-0.0569925$ & $-0.179273$ & $-0.183851$ & $-0.177041$ & $-0.0242573$ & $-0.0116149$ & $-0.105807$ & $0.116275$ & $-0.0683203$ & $-0.0288021$ & $0.0193179$ & $-0.00884488$ & $-0.00860874$ & $-0.00560108$ & $-0.0168794$ & $-0.114277$ & $-0.00983436$ & $-0.042524$ & $-0.00406671$ & $-0.00385789$ & $0.0285288$ & $-0.0231331$ & $-0.0342893$ & $0.00203771$ & $-0.007189$ & $-0.00196376$ & $-0.0124943$ & $0.00470827$ & $-0.0199448$ & $0.0044004$ & $-0.00461123$ \\
CHG & $-0.0111053$ & $0.0638554$ & $0.030245$ & $-0.0642123$ & $0.00101415$ & $-0.00563244$ & $1$ & $-0.0914636$ & $-0.0386048$ & $0.0531258$ & $0.0369241$ & $-0.16587$ & $-0.283566$ & $0.0919394$ & $-0.00722091$ & $0.0113987$ & $0.0902912$ & $0.108449$ & $0.0933163$ & $-0.0278256$ & $-0.0395421$ & $-0.0391929$ & $0.0231215$ & $0.128015$ & $0.107905$ & $0.00290746$ & $-0.0388395$ & $-0.000965624$ & $-0.0121071$ & $-0.119356$ & $-0.0877261$ & $0.938285$ & $-0.10927$ & $-0.0693128$ & $-0.0903523$ & $-0.0273685$ & $-0.0340207$ & $-0.00231822$ & $0.0108714$ & $0.0525126$ & $-0.0167859$ & $0.0117214$ & $0.00268491$ & $0.0338882$ & $-0.0141341$ & $-0.00720263$ & $-0.0144627$ & $0.0342645$ & $0.0271729$ \\
CHWB & $-0.00349214$ & $-0.0833572$ & $0.0105983$ & $-0.00647502$ & $0.000666054$ & $-0.113346$ & $-0.0914636$ & $1$ & $0.981598$ & $-0.571225$ & $-0.873179$ & $-0.0926102$ & $0.314089$ & $0.100624$ & $0.31676$ & $0.290519$ & $-0.238673$ & $-0.443652$ & $-0.422312$ & $0.843094$ & $0.891498$ & $0.877846$ & $0.10211$ & $-0.661506$ & $-0.409336$ & $-0.516609$ & $0.399112$ & $0.333866$ & $0.0348155$ & $0.111438$ & $0.0254484$ & $-0.0969142$ & $0.0833758$ & $0.537429$ & $0.00805205$ & $0.0141257$ & $0.00457356$ & $0.0203209$ & $-0.0133396$ & $0.0284487$ & $0.0330302$ & $-0.01481$ & $-0.00312739$ & $-0.00250783$ & $-0.00477019$ & $0.00143906$ & $-0.0135379$ & $0.00592926$ & $-0.0144891$ \\
CHWHB_gaga & $-0.00752295$ & $-0.0752567$ & $0.00883306$ & $-0.0179806$ & $0.00315306$ & $-0.11096$ & $-0.0386048$ & $0.981598$ & $1$ & $-0.565393$ & $-0.851708$ & $-0.0780541$ & $0.306998$ & $0.0876612$ & $0.307661$ & $0.281738$ & $-0.244553$ & $-0.442974$ & $-0.421648$ & $0.822659$ & $0.870299$ & $0.857948$ & $0.106281$ & $-0.652145$ & $-0.406612$ & $-0.506023$ & $0.39923$ & $0.328016$ & $0.0394281$ & $0.131518$ & $0.0343966$ & $-0.053371$ & $0.10832$ & $0.531032$ & $0.000254007$ & $-0.000528462$ & $-0.0186288$ & $0.0135736$ & $-0.0112234$ & $0.0261365$ & $0.030269$ & $-0.0175748$ & $0.0686072$ & $-0.00141237$ & $-0.00655889$ & $0.00306833$ & $-0.0213197$ & $0.0132174$ & $-0.0082174$ \\
CHWHB_gagaorth & $-0.00471751$ & $0.0148409$ & $-0.0271898$ & $-0.00609618$ & $-0.00618326$ & $0.0166118$ & $0.0531258$ & $-0.571225$ & $-0.565393$ & $1$ & $0.367019$ & $0.46082$ & $-0.210641$ & $0.198605$ & $-0.114428$ & $-0.112928$ & $0.393431$ & $0.452342$ & $0.448238$ & $-0.35052$ & $-0.386675$ & $-0.385688$ & $-0.0861706$ & $0.543913$ & $0.451239$ & $0.235282$ & $-0.238181$ & $-0.14559$ & $-0.0410971$ & $-0.127936$ & $-0.0618582$ & $0.0753172$ & $-0.110726$ & $-0.358719$ & $0.0403372$ & $-0.0373906$ & $0.0177487$ & $-0.0206553$ & $0.00242503$ & $-0.00519567$ & $-0.0684844$ & $0.0112642$ & $0.000623335$ & $0.0163175$ & $0.0050369$ & $-0.0211593$ & $-0.0104069$ & $-0.0150379$ & $0.0259034$ \\
CHD & $-0.0124774$ & $0.0504113$ & $-0.0166276$ & $-0.00269199$ & $0.00931468$ & $0.18206$ & $0.0369241$ & $-0.873179$ & $-0.851708$ & $0.367019$ & $1$ & $0.214734$ & $-0.139048$ & $-0.524506$ & $-0.44469$ & $-0.410462$ & $-0.229304$ & $0.0662466$ & $0.0451275$ & $-0.99$ & $-0.990941$ & $-0.968709$ & $-0.0329434$ & $0.285755$ & $0.0228202$ & $0.572179$ & $-0.251595$ & $-0.370465$ & $-0.0182537$ & $-0.0630874$ & $-0.0173337$ & $0.0525502$ & $-0.0418332$ & $-0.330975$ & $0.00548516$ & $-0.0279284$ & $-0.0400373$ & $-0.0116436$ & $0.00785721$ & $-0.0354592$ & $-0.0131874$ & $0.00963174$ & $0.0100326$ & $0.014406$ & $-0.0119275$ & $0.00542006$ & $0.00374456$ & $0.004692$ & $-0.00012682$ \\
CHbox & $-0.0107841$ & $0.0115727$ & $-0.0503472$ & $-0.00322846$ & $0.0103203$ & $0.0628212$ & $-0.16587$ & $-0.0926102$ & $-0.0780541$ & $0.46082$ & $0.214734$ & $1$ & $0.504624$ & $-0.281352$ & $0.00353821$ & $-0.00831808$ & $-0.250864$ & $-0.224028$ & $-0.206982$ & $-0.19609$ & $-0.218656$ & $-0.204839$ & $-0.0365729$ & $-0.0734193$ & $-0.202763$ & $0.146413$ & $-0.0770608$ & $-0.0992587$ & $0.0241425$ & $0.287965$ & $0.0776216$ & $-0.0739225$ & $0.310229$ & $-0.0857968$ & $0.118591$ & $-0.0500516$ & $-0.0451915$ & $0.0131785$ & $0.00170142$ & $-0.0022851$ & $-0.0271685$ & $0.00639992$ & $-0.00784892$ & $0.0293379$ & $-0.0112127$ & $-0.00154665$ & $-0.0148678$ & $-0.0104258$ & $-0.00395274$ \\
CH & $-0.00326866$ & $0.010284$ & $-0.0225385$ & $0.00440493$ & $0.0090898$ & $0.0231781$ & $-0.283566$ & $0.314089$ & $0.306998$ & $-0.210641$ & $-0.139048$ & $0.504624$ & $1$ & $-0.233317$ & $0.0873597$ & $0.0803588$ & $-0.347327$ & $-0.379497$ & $-0.366782$ & $0.137779$ & $0.147199$ & $0.154024$ & $0.0271804$ & $-0.358121$ & $-0.364842$ & $-0.0767845$ & $0.108663$ & $0.0257611$ & $0.0556326$ & $0.252791$ & $0.0985218$ & $-0.241633$ & $0.286167$ & $0.172982$ & $0.0556616$ & $-0.0239963$ & $-0.015812$ & $0.0129244$ & $-0.00249706$ & $0.0150349$ & $0.0291452$ & $0.00525773$ & $0.0218879$ & $0.0207391$ & $0.00985037$ & $0.0305979$ & $-0.000923497$ & $0.00183865$ & $0.00150306$ \\
CHL1_11 & $0.00154034$ & $0.0218275$ & $0.0235881$ & $-0.0144645$ & $-0.000845907$ & $0.0135717$ & $0.0919394$ & $0.100624$ & $0.0876612$ & $0.198605$ & $-0.524506$ & $-0.281352$ & $-0.233317$ & $1$ & $0.281982$ & $0.248497$ & $0.663157$ & $0.594797$ & $0.610815$ & $0.542089$ & $0.486543$ & $0.464058$ & $-0.0939858$ & $0.472802$ & $0.589152$ & $-0.274532$ & $-0.1243$ & $0.18636$ & $-0.0138285$ & $-0.0637444$ & $-0.0167288$ & $0.0672011$ & $-0.0546461$ & $-0.227245$ & $-0.0432582$ & $0.0332422$ & $0.073507$ & $-0.0113784$ & $0.0234305$ & $0.0327813$ & $-0.0308313$ & $0.00587033$ & $-0.0112936$ & $-0.0290826$ & $0.0212185$ & $-0.0103302$ & $-0.00541111$ & $-0.0161955$ & $0.0297564$ \\
CHL1_22 & $0.00248037$ & $0.0195818$ & $-0.0243238$ & $-0.00211979$ & $0.0137813$ & $-0.0800239$ & $-0.00722091$ & $0.31676$ & $0.307661$ & $-0.114428$ & $-0.44469$ & $0.00353821$ & $0.0873597$ & $0.281982$ & $1$ & $0.461579$ & $0.176838$ & $-0.440465$ & $-0.0315807$ & $0.509582$ & $0.361934$ & $0.358103$ & $-0.167104$ & $0.104702$ & $-0.135251$ & $-0.209873$ & $-0.402071$ & $0.148151$ & $0.00992652$ & $0.0659633$ & $0.0430629$ & $-0.00617026$ & $0.0497847$ & $-0.597887$ & $-0.0297547$ & $-0.00265188$ & $0.0427823$ & $-0.00858239$ & $-0.00321488$ & $0.0143641$ & $0.0204643$ & $0.00215852$ & $-0.0206429$ & $-0.00501009$ & $0.0137156$ & $0.00729373$ & $0.000386178$ & $-0.0100733$ & $0.0114365$ \\
CHL1_33 & $0.0105096$ & $0.0356419$ & $0.0331866$ & $0.002642$ & $0.0159378$ & $-0.0906125$ & $0.0113987$ & $0.290519$ & $0.281738$ & $-0.112928$ & $-0.410462$ & $-0.00831808$ & $0.0803588$ & $0.248497$ & $0.461579$ & $1$ & $0.168664$ & $-0.0412265$ & $-0.436886$ & $0.476214$ & $0.328871$ & $0.351032$ & $-0.14751$ & $0.10679$ & $-0.141588$ & $-0.212989$ & $-0.408629$ & $0.113701$ & $0.00982392$ & $0.0250158$ & $0.0337555$ & $0.00328167$ & $0.00305903$ & $-0.116035$ & $0.00153621$ & $-0.0324579$ & $0.0429057$ & $-0.0222922$ & $0.00528338$ & $0.00589696$ & $0.0100302$ & $0.0150365$ & $-0.0589523$ & $-0.0212873$ & $0.0357207$ & $0.00813987$ & $0.0180841$ & $0.00183701$ & $-0.0141075$ \\
CHL3_11 & $0.0250397$ & $0.0231581$ & $0.0332942$ & $0.0384558$ & $-0.00350798$ & $-0.283814$ & $0.0902912$ & $-0.238673$ & $-0.244553$ & $0.393431$ & $-0.229304$ & $-0.250864$ & $-0.347327$ & $0.663157$ & $0.176838$ & $0.168664$ & $1$ & $0.735421$ & $0.729492$ & $0.253336$ & $0.193439$ & $0.176179$ & $-0.0922772$ & $0.679147$ & $0.770968$ & $-0.107795$ & $-0.183058$ & $0.0635846$ & $-0.0338852$ & $-0.0927081$ & $-0.01224$ & $0.072308$ & $-0.0790858$ & $-0.261102$ & $-0.0149172$ & $0.0224742$ & $0.05699$ & $-0.0113346$ & $-0.00424628$ & $0.00805134$ & $-0.0355066$ & $0.00771178$ & $-0.0121101$ & $-0.0143189$ & $0.0277097$ & $-0.0184551$ & $0.0289483$ & $-0.0152353$ & $0.024032$ \\
CHL3_22 & $0.0115515$ & $0.019169$ & $0.0456505$ & $0.0167717$ & $-0.0127376$ & $-0.0668812$ & $0.108449$ & $-0.443652$ & $-0.442974$ & $0.452342$ & $0.0662466$ & $-0.224028$ & $-0.379497$ & $0.594797$ & $-0.440465$ & $-0.0412265$ & $0.735421$ & $1$ & $0.682108$ & $-0.0677863$ & $-0.0628164$ & $-0.0730735$ & $-0.0210707$ & $0.626863$ & $0.793818$ & $0.0381354$ & $-0.0202219$ & $-0.0349413$ & $-0.0331863$ & $-0.138101$ & $-0.0452615$ & $0.0879727$ & $-0.116908$ & $0.0309853$ & $-0.00591539$ & $0.0206879$ & $0.0368357$ & $-0.0110667$ & $0.0134306$ & $0.00317947$ & $-0.0511591$ & $0.0108219$ & $-9.04055e-05$ & $-0.0192192$ & $0.0210944$ & $-0.0162199$ & $0.0175688$ & $-0.00810869$ & $0.010999$ \\
CHL3_33 & $0.00754255$ & $0.00584459$ & $-0.00176382$ & $0.00899191$ & $-0.0144815$ & $-0.0569925$ & $0.0933163$ & $-0.422312$ & $-0.421648$ & $0.448238$ & $0.0451275$ & $-0.206982$ & $-0.366782$ & $0.610815$ & $-0.0315807$ & $-0.436886$ & $0.729492$ & $0.682108$ & $1$ & $-0.0482476$ & $-0.0406739$ & $-0.0491309$ & $-0.0274481$ & $0.614935$ & $0.79566$ & $0.0444341$ & $-0.00324751$ & $-0.0120322$ & $-0.0302581$ & $-0.0986237$ & $-0.0299127$ & $0.0803674$ & $-0.0697532$ & $-0.338098$ & $-0.031733$ & $0.0386953$ & $0.040587$ & $0.00423218$ & $0.00685384$ & $0.00932161$ & $-0.0380131$ & $-0.00499673$ & $0.0234496$ & $-0.00788402$ & $0.00294359$ & $-0.0231383$ & $0.000654445$ & $-0.0159619$ & $0.0392763$ \\
CHe_11 & $0.00411032$ & $-0.0169229$ & $0.0215994$ & $0.000154272$ & $-0.00211316$ & $-0.179273$ & $-0.0278256$ & $0.843094$ & $0.822659$ & $-0.35052$ & $-0.99$ & $-0.19609$ & $0.137779$ & $0.542089$ & $0.509582$ & $0.476214$ & $0.253336$ & $-0.0677863$ & $-0.0482476$ & $1$ & $0.972117$ & $0.95193$ & $0.00541246$ & $-0.230018$ & $-0.0154007$ & $-0.56138$ & $0.175996$ & $0.364067$ & $0.0183131$ & $0.060251$ & $0.0176548$ & $-0.0433526$ & $0.0387778$ & $0.251547$ & $-0.00747656$ & $0.0256182$ & $0.0431643$ & $0.00860572$ & $-0.00410226$ & $0.0339852$ & $0.00819943$ & $-0.00765575$ & $-0.0115952$ & $-0.011107$ & $0.0183249$ & $0.00149815$ & $-0.00471349$ & $-0.00355013$ & $-0.00160675$ \\
CHe_22 & $0.00338284$ & $-0.0302932$ & $0.0237183$ & $0.000226654$ & $-0.00153599$ & $-0.183851$ & $-0.0395421$ & $0.891498$ & $0.870299$ & $-0.386675$ & $-0.990941$ & $-0.218656$ & $0.147199$ & $0.486543$ & $0.361934$ & $0.328871$ & $0.193439$ & $-0.0628164$ & $-0.0406739$ & $0.972117$ & $1$ & $0.97364$ & $0.0606574$ & $-0.342916$ & $-0.0284812$ & $-0.572901$ & $0.334509$ & $0.372611$ & $0.0175532$ & $0.0632373$ & $0.0131331$ & $-0.0549646$ & $0.0453971$ & $0.418607$ & $-0.00388155$ & $0.0329686$ & $0.0338662$ & $0.0160631$ & $-0.00765235$ & $0.0346501$ & $0.0125912$ & $-0.0119316$ & $-0.00289557$ & $-0.0100993$ & $0.00604148$ & $-0.00114484$ & $-0.00793088$ & $-0.00158816$ & $0.00231955$ \\
CHe_33 & $-0.000663769$ & $-0.0290132$ & $0.0239986$ & $-0.00470093$ & $-0.00518917$ & $-0.177041$ & $-0.0391929$ & $0.877846$ & $0.857948$ & $-0.385688$ & $-0.968709$ & $-0.204839$ & $0.154024$ & $0.464058$ & $0.358103$ & $0.351032$ & $0.176179$ & $-0.0730735$ & $-0.0491309$ & $0.95193$ & $0.97364$ & $1$ & $0.0664342$ & $-0.344188$ & $-0.0343405$ & $-0.561119$ & $0.332359$ & $0.364139$ & $0.0250947$ & $0.0637894$ & $0.0186061$ & $-0.0534235$ & $0.0540431$ & $0.413201$ & $-0.0045967$ & $0.0344562$ & $0.0324513$ & $0.018329$ & $-0.00317742$ & $0.0329708$ & $0.013243$ & $-0.0167995$ & $-0.000951016$ & $-0.00552695$ & $-0.00231978$ & $-0.00854555$ & $-0.010677$ & $-0.00303599$ & $0.0107967$ \\
CHQ1_11 & $-0.0130912$ & $-0.0126824$ & $0.0330634$ & $-0.00508143$ & $0.00979717$ & $-0.0242573$ & $0.0231215$ & $0.10211$ & $0.106281$ & $-0.0861706$ & $-0.0329434$ & $-0.0365729$ & $0.0271804$ & $-0.0939858$ & $-0.167104$ & $-0.14751$ & $-0.0922772$ & $-0.0210707$ & $-0.0274481$ & $0.00541246$ & $0.0606574$ & $0.0664342$ & $1$ & $-0.176509$ & $0.0528978$ & $-0.680379$ & $0.360663$ & $-0.00951024$ & $-0.02476$ & $-0.0157589$ & $0.0208932$ & $0.0195307$ & $0.0147073$ & $0.232124$ & $0.013475$ & $-0.012994$ & $-0.0218586$ & $0.00948007$ & $-0.00416558$ & $0.00118282$ & $-0.00897914$ & $0.00301309$ & $0.0274837$ & $0.00379104$ & $-0.0155968$ & $-0.0133918$ & $-0.0106152$ & $0.03664$ & $-0.00351259$ \\
CHQ1_33 & $-0.0640929$ & $0.0489523$ & $-0.00190765$ & $0.00711862$ & $-0.0171192$ & $-0.0116149$ & $0.128015$ & $-0.661506$ & $-0.652145$ & $0.543913$ & $0.285755$ & $-0.0734193$ & $-0.358121$ & $0.472802$ & $0.104702$ & $0.10679$ & $0.679147$ & $0.626863$ & $0.614935$ & $-0.230018$ & $-0.342916$ & $-0.344188$ & $-0.176509$ & $1$ & $0.642263$ & $0.202037$ & $-0.423641$ & $-0.0347764$ & $-0.026363$ & $-0.109964$ & $-0.0217922$ & $0.117709$ & $-0.0968878$ & $-0.62117$ & $-0.0284641$ & $-0.00322892$ & $0.042587$ & $-0.0136829$ & $0.0189872$ & $-0.0103291$ & $-0.0410019$ & $0.0234958$ & $0.00675293$ & $-0.00769957$ & $0.013885$ & $-0.0107634$ & $0.0143042$ & $-0.00919197$ & $0.0199686$ \\
CHQ3_11 & $-0.106992$ & $0.027461$ & $-0.00153953$ & $0.0298741$ & $0.0011714$ & $-0.105807$ & $0.107905$ & $-0.409336$ & $-0.406612$ & $0.451239$ & $0.0228202$ & $-0.202763$ & $-0.364842$ & $0.589152$ & $-0.135251$ & $-0.141588$ & $0.770968$ & $0.793818$ & $0.79566$ & $-0.0154007$ & $-0.0284812$ & $-0.0343405$ & $0.0528978$ & $0.642263$ & $1$ & $0.0277169$ & $0.19885$ & $-0.0297631$ & $-0.0476508$ & $-0.11668$ & $-0.0489501$ & $0.092036$ & $-0.0870782$ & $-0.199926$ & $-0.0130534$ & $0.0246116$ & $0.0503418$ & $0.0005873$ & $0.00481983$ & $0.0160161$ & $-0.0268042$ & $0.0217299$ & $0.00909941$ & $-0.0138325$ & $0.0157164$ & $-0.00355718$ & $-0.0038991$ & $0.0123698$ & $0.0348712$ \\
CHu_11 & $-0.0226153$ & $0.0194337$ & $-0.0321421$ & $-0.00263768$ & $-0.0019258$ & $0.116275$ & $0.00290746$ & $-0.516609$ & $-0.506023$ & $0.235282$ & $0.572179$ & $0.146413$ & $-0.0767845$ & $-0.274532$ & $-0.209873$ & $-0.212989$ & $-0.107795$ & $0.0381354$ & $0.0444341$ & $-0.56138$ & $-0.572901$ & $-0.561119$ & $-0.680379$ & $0.202037$ & $0.0277169$ & $1$ & $-0.155249$ & $-0.179326$ & $0.0100609$ & $-0.00861804$ & $-0.0240563$ & $0.0167292$ & $-0.00431755$ & $-0.245595$ & $0.0135035$ & $-0.00964977$ & $-0.0194324$ & $-0.00718849$ & $-0.0120438$ & $-0.0204398$ & $0.0101199$ & $0.013886$ & $0.00892093$ & $-0.00318127$ & $0.00137688$ & $0.0215516$ & $0.0110776$ & $-0.0149756$ & $0.0347418$ \\
CHd_11 & $-0.0345298$ & $-0.0419939$ & $-0.0112134$ & $0.0176043$ & $0.000194081$ & $-0.0683203$ & $-0.0388395$ & $0.399112$ & $0.39923$ & $-0.238181$ & $-0.251595$ & $-0.0770608$ & $0.108663$ & $-0.1243$ & $-0.402071$ & $-0.408629$ & $-0.183058$ & $-0.0202219$ & $-0.00324751$ & $0.175996$ & $0.334509$ & $0.332359$ & $0.360663$ & $-0.423641$ & $0.19885$ & $-0.155249$ & $1$ & $0.0940798$ & $-0.00330581$ & $0.0282872$ & $-0.0260291$ & $-0.0391445$ & $0.0420003$ & $0.676406$ & $0.0332431$ & $0.0263203$ & $-0.0281995$ & $0.0428647$ & $-0.0116692$ & $0.0180444$ & $0.0238003$ & $-0.0027405$ & $0.0435409$ & $-0.00417623$ & $-0.0253551$ & $0.000747752$ & $-0.0288109$ & $0.0313882$ & $0.0182741$ \\
CHd_33 & $0.0125624$ & $0.0192697$ & $-0.0124502$ & $-0.0196491$ & $-0.00797243$ & $-0.0288021$ & $-0.000965624$ & $0.333866$ & $0.328016$ & $-0.14559$ & $-0.370465$ & $-0.0992587$ & $0.0257611$ & $0.18636$ & $0.148151$ & $0.113701$ & $0.0635846$ & $-0.0349413$ & $-0.0120322$ & $0.364067$ & $0.372611$ & $0.364139$ & $-0.00951024$ & $-0.0347764$ & $-0.0297631$ & $-0.179326$ & $0.0940798$ & $1$ & $0.0140517$ & $0.0131283$ & $-0.0076257$ & $-0.00457496$ & $0.0173287$ & $0.144617$ & $-2.7944e-05$ & $0.0162095$ & $-0.0146845$ & $0.0268452$ & $0.000588108$ & $0.0153624$ & $-0.00516427$ & $-0.0106416$ & $0.0204445$ & $0.0296281$ & $-0.0282851$ & $-0.0308953$ & $-0.0135943$ & $0.000443968$ & $0.00935756$ \\
CeH_22r & $0.00661483$ & $-0.0381796$ & $0.0189772$ & $0.0129781$ & $-0.0377283$ & $0.0193179$ & $-0.0121071$ & $0.0348155$ & $0.0394281$ & $-0.0410971$ & $-0.0182537$ & $0.0241425$ & $0.0556326$ & $-0.0138285$ & $0.00992652$ & $0.00982392$ & $-0.0338852$ & $-0.0331863$ & $-0.0302581$ & $0.0183131$ & $0.0175532$ & $0.0250947$ & $-0.02476$ & $-0.026363$ & $-0.0476508$ & $0.0100609$ & $-0.00330581$ & $0.0140517$ & $1$ & $0.0469393$ & $0.0319038$ & $-0.027433$ & $0.0522652$ & $0.0165668$ & $-0.0204923$ & $-0.0414248$ & $-0.0361148$ & $0.0111497$ & $-0.0210214$ & $-0.00754003$ & $-0.00292977$ & $-0.0166278$ & $0.0288624$ & $0.0382204$ & $-0.00783097$ & $-0.0105885$ & $-0.0120212$ & $-0.00503946$ & $0.0234089$ \\
CeH_33r & $0.0146037$ & $-0.0217278$ & $-0.0267842$ & $-0.0094749$ & $0.0270553$ & $-0.00884488$ & $-0.119356$ & $0.111438$ & $0.131518$ & $-0.127936$ & $-0.0630874$ & $0.287965$ & $0.252791$ & $-0.0637444$ & $0.0659633$ & $0.0250158$ & $-0.0927081$ & $-0.138101$ & $-0.0986237$ & $0.060251$ & $0.0632373$ & $0.0637894$ & $-0.0157589$ & $-0.109964$ & $-0.11668$ & $-0.00861804$ & $0.0282872$ & $0.0131283$ & $0.0469393$ & $1$ & $0.332242$ & $0.0251476$ & $0.662454$ & $0.0294602$ & $-0.0415684$ & $-0.0392464$ & $-0.190608$ & $-0.0107104$ & $-0.0249738$ & $-0.00461524$ & $-0.0154245$ & $0.00435664$ & $-0.0217244$ & $-0.0187594$ & $0.0570484$ & $0.0233349$ & $0.00426553$ & $-0.0165647$ & $0.0522313$ \\
CuH_22r & $0.0378367$ & $-0.0136576$ & $0.00288171$ & $-0.0276783$ & $0.0293396$ & $-0.00860874$ & $-0.0877261$ & $0.0254484$ & $0.0343966$ & $-0.0618582$ & $-0.0173337$ & $0.0776216$ & $0.0985218$ & $-0.0167288$ & $0.0430629$ & $0.0337555$ & $-0.01224$ & $-0.0452615$ & $-0.0299127$ & $0.0176548$ & $0.0131331$ & $0.0186061$ & $0.0208932$ & $-0.0217922$ & $-0.0489501$ & $-0.0240563$ & $-0.0260291$ & $-0.0076257$ & $0.0319038$ & $0.332242$ & $1$ & $-0.00147242$ & $0.355384$ & $-0.0139076$ & $-0.0061241$ & $-0.00255046$ & $-0.123464$ & $-0.038209$ & $-0.0304467$ & $-0.00488614$ & $0.00182455$ & $-0.00468791$ & $-0.0617946$ & $-0.0477638$ & $0.00483104$ & $0.0930774$ & $0.376159$ & $-0.0067494$ & $0.0116271$ \\
CuH_33r & $0.00673547$ & $0.0607338$ & $0.0222957$ & $-0.0769931$ & $0.00585376$ & $-0.00560108$ & $0.938285$ & $-0.0969142$ & $-0.053371$ & $0.0753172$ & $0.0525502$ & $-0.0739225$ & $-0.241633$ & $0.0672011$ & $-0.00617026$ & $0.00328167$ & $0.072308$ & $0.0879727$ & $0.0803674$ & $-0.0433526$ & $-0.0549646$ & $-0.0534235$ & $0.0195307$ & $0.117709$ & $0.092036$ & $0.0167292$ & $-0.0391445$ & $-0.00457496$ & $-0.027433$ & $0.0251476$ & $-0.00147242$ & $1$ & $0.0557584$ & $-0.0747651$ & $-0.00712323$ & $-0.002208$ & $-0.0793235$ & $-0.00768629$ & $-0.00201792$ & $0.0501137$ & $-0.0159658$ & $0.0126765$ & $0.00424684$ & $0.029657$ & $-0.0137577$ & $-0.0116175$ & $-0.00248732$ & $0.0236101$ & $0.0318243$ \\
CdH_33r & $0.0190898$ & $0.0395929$ & $-0.041153$ & $-0.0341393$ & $0.023665$ & $-0.0168794$ & $-0.10927$ & $0.0833758$ & $0.10832$ & $-0.110726$ & $-0.0418332$ & $0.310229$ & $0.286167$ & $-0.0546461$ & $0.0497847$ & $0.00305903$ & $-0.0790858$ & $-0.116908$ & $-0.0697532$ & $0.0387778$ & $0.0453971$ & $0.0540431$ & $0.0147073$ & $-0.0968878$ & $-0.0870782$ & $-0.00431755$ & $0.0420003$ & $0.0173287$ & $0.0522652$ & $0.662454$ & $0.355384$ & $0.0557584$ & $1$ & $0.0245975$ & $-0.0560819$ & $-0.0744914$ & $-0.236309$ & $-0.0138745$ & $-0.0307591$ & $0.00890181$ & $-0.0331478$ & $-0.000596874$ & $0.0250101$ & $-0.00639429$ & $0.0377805$ & $0.0163996$ & $-0.0155054$ & $0.176576$ & $0.497423$ \\
CLL_1221 & $-0.0016776$ & $-0.0224913$ & $0.0383137$ & $0.00860565$ & $-0.0107268$ & $-0.114277$ & $-0.0693128$ & $0.537429$ & $0.531032$ & $-0.358719$ & $-0.330975$ & $-0.0857968$ & $0.172982$ & $-0.227245$ & $-0.597887$ & $-0.116035$ & $-0.261102$ & $0.0309853$ & $-0.338098$ & $0.251547$ & $0.418607$ & $0.413201$ & $0.232124$ & $-0.62117$ & $-0.199926$ & $-0.245595$ & $0.676406$ & $0.144617$ & $0.0165668$ & $0.0294602$ & $-0.0139076$ & $-0.0747651$ & $0.0245975$ & $1$ & $0.037578$ & $0.0122507$ & $-0.0359077$ & $0.0248699$ & $-0.0114974$ & $0.00681962$ & $0.00725085$ & $-0.0161123$ & $0.0127062$ & $0.0100017$ & $-0.0135682$ & $-0.00454697$ & $-0.00676114$ & $0.0189779$ & $-0.0221011$ \\
eHggint & $0.0506493$ & $-0.0233824$ & $0.0244122$ & $0.0297198$ & $0.0232086$ & $-0.00983436$ & $-0.0903523$ & $0.00805205$ & $0.000254007$ & $0.0403372$ & $0.00548516$ & $0.118591$ & $0.0556616$ & $-0.0432582$ & $-0.0297547$ & $0.00153621$ & $-0.0149172$ & $-0.00591539$ & $-0.031733$ & $-0.00747656$ & $-0.00388155$ & $-0.0045967$ & $0.013475$ & $-0.0284641$ & $-0.0130534$ & $0.0135035$ & $0.0332431$ & $-2.7944e-05$ & $-0.0204923$ & $-0.0415684$ & $-0.0061241$ & $-0.00712323$ & $-0.0560819$ & $0.037578$ & $1$ & $-0.103359$ & $-0.111874$ & $-0.0355324$ & $-0.154693$ & $0.000730347$ & $0.014269$ & $-0.0371452$ & $0.0687054$ & $0.00573878$ & $0.0284639$ & $-0.0319238$ & $0.0221953$ & $-0.0829641$ & $-0.0399916$ \\
eHggpar & $0.047043$ & $0.0528928$ & $-0.0328748$ & $0.0150469$ & $0.0238518$ & $-0.042524$ & $-0.0273685$ & $0.0141257$ & $-0.000528462$ & $-0.0373906$ & $-0.0279284$ & $-0.0500516$ & $-0.0239963$ & $0.0332422$ & $-0.00265188$ & $-0.0324579$ & $0.0224742$ & $0.0206879$ & $0.0386953$ & $0.0256182$ & $0.0329686$ & $0.0344562$ & $-0.012994$ & $-0.00322892$ & $0.0246116$ & $-0.00964977$ & $0.0263203$ & $0.0162095$ & $-0.0414248$ & $-0.0392464$ & $-0.00255046$ & $-0.002208$ & $-0.0744914$ & $0.0122507$ & $-0.103359$ & $1$ & $0.0579522$ & $-0.00459837$ & $-0.00241874$ & $0.0419978$ & $0.0890322$ & $-0.013054$ & $0.00924339$ & $0.0624686$ & $-0.0333622$ & $-0.00191809$ & $0.0642305$ & $-0.0577926$ & $-0.0315067$ \\
eHWWint & $-0.0685741$ & $0.00586019$ & $-0.0373715$ & $0.0397112$ & $-0.0280647$ & $-0.00406671$ & $-0.0340207$ & $0.00457356$ & $-0.0186288$ & $0.0177487$ & $-0.0400373$ & $-0.0451915$ & $-0.015812$ & $0.073507$ & $0.0427823$ & $0.0429057$ & $0.05699$ & $0.0368357$ & $0.040587$ & $0.0431643$ & $0.0338662$ & $0.0324513$ & $-0.0218586$ & $0.042587$ & $0.0503418$ & $-0.0194324$ & $-0.0281995$ & $-0.0146845$ & $-0.0361148$ & $-0.190608$ & $-0.123464$ & $-0.0793235$ & $-0.236309$ & $-0.0359077$ & $-0.111874$ & $0.0579522$ & $1$ & $0.0309415$ & $0.0545092$ & $0.0121647$ & $0.0894836$ & $0.0285274$ & $-0.121083$ & $0.0309126$ & $0.0430202$ & $-0.0162345$ & $-0.027129$ & $0.0121092$ & $-0.0659502$ \\
eHWWpar & $0.0104403$ & $-0.0042974$ & $-0.0102964$ & $0.00606642$ & $0.0188011$ & $-0.00385789$ & $-0.00231822$ & $0.0203209$ & $0.0135736$ & $-0.0206553$ & $-0.0116436$ & $0.0131785$ & $0.0129244$ & $-0.0113784$ & $-0.00858239$ & $-0.0222922$ & $-0.0113346$ & $-0.0110667$ & $0.00423218$ & $0.00860572$ & $0.0160631$ & $0.018329$ & $0.00948007$ & $-0.0136829$ & $0.0005873$ & $-0.00718849$ & $0.0428647$ & $0.0268452$ & $0.0111497$ & $-0.0107104$ & $-0.038209$ & $-0.00768629$ & $-0.0138745$ & $0.0248699$ & $-0.0355324$ & $-0.00459837$ & $0.0309415$ & $1$ & $0.0603733$ & $0.000176362$ & $0.0530794$ & $0.0103755$ & $-0.0182059$ & $0.00972219$ & $-0.0326299$ & $-0.0351528$ & $-0.0432576$ & $0.0105665$ & $-0.024567$ \\
eHZZint & $0.0429355$ & $0.0597282$ & $-0.00922826$ & $0.0343576$ & $0.01277$ & $0.0285288$ & $0.0108714$ & $-0.0133396$ & $-0.0112234$ & $0.00242503$ & $0.00785721$ & $0.00170142$ & $-0.00249706$ & $0.0234305$ & $-0.00321488$ & $0.00528338$ & $-0.00424628$ & $0.0134306$ & $0.00685384$ & $-0.00410226$ & $-0.00765235$ & $-0.00317742$ & $-0.00416558$ & $0.0189872$ & $0.00481983$ & $-0.0120438$ & $-0.0116692$ & $0.000588108$ & $-0.0210214$ & $-0.0249738$ & $-0.0304467$ & $-0.00201792$ & $-0.0307591$ & $-0.0114974$ & $-0.154693$ & $-0.00241874$ & $0.0545092$ & $0.0603733$ & $1$ & $-0.0471153$ & $0.0803398$ & $-0.0227226$ & $-0.0259463$ & $-0.0185214$ & $-0.036309$ & $0.104394$ & $-0.0321471$ & $-0.00299658$ & $-0.0257938$ \\
eHZZpar & $-0.0137954$ & $-0.0097276$ & $-0.0369573$ & $-0.00626801$ & $0.00816016$ & $-0.0231331$ & $0.0525126$ & $0.0284487$ & $0.0261365$ & $-0.00519567$ & $-0.0354592$ & $-0.0022851$ & $0.0150349$ & $0.0327813$ & $0.0143641$ & $0.00589696$ & $0.00805134$ & $0.00317947$ & $0.00932161$ & $0.0339852$ & $0.0346501$ & $0.0329708$ & $0.00118282$ & $-0.0103291$ & $0.0160161$ & $-0.0204398$ & $0.0180444$ & $0.0153624$ & $-0.00754003$ & $-0.00461524$ & $-0.00488614$ & $0.0501137$ & $0.00890181$ & $0.00681962$ & $0.000730347$ & $0.0419978$ & $0.0121647$ & $0.000176362$ & $-0.0471153$ & $1$ & $-0.0199499$ & $0.0259919$ & $0.0144175$ & $0.0427072$ & $-0.0272012$ & $-0.030604$ & $0.0390306$ & $0.017459$ & $0.00894676$ \\
eHZgaint & $-0.00976304$ & $-0.0434708$ & $-0.0553854$ & $-0.0779637$ & $0.0129746$ & $-0.0342893$ & $-0.0167859$ & $0.0330302$ & $0.030269$ & $-0.0684844$ & $-0.0131874$ & $-0.0271685$ & $0.0291452$ & $-0.0308313$ & $0.0204643$ & $0.0100302$ & $-0.0355066$ & $-0.0511591$ & $-0.0380131$ & $0.00819943$ & $0.0125912$ & $0.013243$ & $-0.00897914$ & $-0.0410019$ & $-0.0268042$ & $0.0101199$ & $0.0238003$ & $-0.00516427$ & $-0.00292977$ & $-0.0154245$ & $0.00182455$ & $-0.0159658$ & $-0.0331478$ & $0.00725085$ & $0.014269$ & $0.0890322$ & $0.0894836$ & $0.0530794$ & $0.0803398$ & $-0.0199499$ & $1$ & $0.0594694$ & $-0.00757893$ & $0.000749236$ & $-0.0622254$ & $0.0401739$ & $-0.0220122$ & $-0.0210172$ & $-0.014836$ \\
eHZgapar & $-0.0441659$ & $-0.0283053$ & $-0.0366518$ & $-0.0193362$ & $-0.0120055$ & $0.00203771$ & $0.0117214$ & $-0.01481$ & $-0.0175748$ & $0.0112642$ & $0.00963174$ & $0.00639992$ & $0.00525773$ & $0.00587033$ & $0.00215852$ & $0.0150365$ & $0.00771178$ & $0.0108219$ & $-0.00499673$ & $-0.00765575$ & $-0.0119316$ & $-0.0167995$ & $0.00301309$ & $0.0234958$ & $0.0217299$ & $0.013886$ & $-0.0027405$ & $-0.0106416$ & $-0.0166278$ & $0.00435664$ & $-0.00468791$ & $0.0126765$ & $-0.000596874$ & $-0.0161123$ & $-0.0371452$ & $-0.013054$ & $0.0285274$ & $0.0103755$ & $-0.0227226$ & $0.0259919$ & $0.0594694$ & $1$ & $0.0171585$ & $-0.00176821$ & $-0.00298526$ & $0.02115$ & $-0.035322$ & $-0.0169049$ & $0.00982742$ \\
eHgagaint & $-0.00744668$ & $-0.00483474$ & $-0.0536747$ & $-0.131884$ & $-0.00385662$ & $-0.007189$ & $0.00268491$ & $-0.00312739$ & $0.0686072$ & $0.000623335$ & $0.0100326$ & $-0.00784892$ & $0.0218879$ & $-0.0112936$ & $-0.0206429$ & $-0.0589523$ & $-0.0121101$ & $-9.04055e-05$ & $0.0234496$ & $-0.0115952$ & $-0.00289557$ & $-0.000951016$ & $0.0274837$ & $0.00675293$ & $0.00909941$ & $0.00892093$ & $0.0435409$ & $0.0204445$ & $0.0288624$ & $-0.0217244$ & $-0.0617946$ & $0.00424684$ & $0.0250101$ & $0.0127062$ & $0.0687054$ & $0.00924339$ & $-0.121083$ & $-0.0182059$ & $-0.0259463$ & $0.0144175$ & $-0.00757893$ & $0.0171585$ & $1$ & $-0.00897187$ & $-0.0214936$ & $0.0279882$ & $-0.0467671$ & $-0.00664714$ & $0.0536403$ \\
eHmumuint & $-0.0770797$ & $0.0592383$ & $-0.114486$ & $-0.0222858$ & $-0.00787396$ & $-0.00196376$ & $0.0338882$ & $-0.00250783$ & $-0.00141237$ & $0.0163175$ & $0.014406$ & $0.0293379$ & $0.0207391$ & $-0.0290826$ & $-0.00501009$ & $-0.0212873$ & $-0.0143189$ & $-0.0192192$ & $-0.00788402$ & $-0.011107$ & $-0.0100993$ & $-0.00552695$ & $0.00379104$ & $-0.00769957$ & $-0.0138325$ & $-0.00318127$ & $-0.00417623$ & $0.0296281$ & $0.0382204$ & $-0.0187594$ & $-0.0477638$ & $0.029657$ & $-0.00639429$ & $0.0100017$ & $0.00573878$ & $0.0624686$ & $0.0309126$ & $0.00972219$ & $-0.0185214$ & $0.0427072$ & $0.000749236$ & $-0.00176821$ & $-0.00897187$ & $1$ & $0.0183159$ & $-0.021153$ & $-0.0759754$ & $0.0589762$ & $-0.0150445$ \\
eHtautauint & $-0.0154483$ & $0.0207116$ & $-0.0325497$ & $0.109332$ & $-0.0507234$ & $-0.0124943$ & $-0.0141341$ & $-0.00477019$ & $-0.00655889$ & $0.0050369$ & $-0.0119275$ & $-0.0112127$ & $0.00985037$ & $0.0212185$ & $0.0137156$ & $0.0357207$ & $0.0277097$ & $0.0210944$ & $0.00294359$ & $0.0183249$ & $0.00604148$ & $-0.00231978$ & $-0.0155968$ & $0.013885$ & $0.0157164$ & $0.00137688$ & $-0.0253551$ & $-0.0282851$ & $-0.00783097$ & $0.0570484$ & $0.00483104$ & $-0.0137577$ & $0.0377805$ & $-0.0135682$ & $0.0284639$ & $-0.0333622$ & $0.0430202$ & $-0.0326299$ & $-0.036309$ & $-0.0272012$ & $-0.0622254$ & $-0.00298526$ & $-0.0214936$ & $0.0183159$ & $1$ & $0.0422833$ & $0.0449033$ & $-0.00671622$ & $0.0952522$ \\
eHccint & $-0.0576324$ & $0.0577942$ & $0.0292073$ & $0.120685$ & $-0.00699414$ & $0.00470827$ & $-0.00720263$ & $0.00143906$ & $0.00306833$ & $-0.0211593$ & $0.00542006$ & $-0.00154665$ & $0.0305979$ & $-0.0103302$ & $0.00729373$ & $0.00813987$ & $-0.0184551$ & $-0.0162199$ & $-0.0231383$ & $0.00149815$ & $-0.00114484$ & $-0.00854555$ & $-0.0133918$ & $-0.0107634$ & $-0.00355718$ & $0.0215516$ & $0.000747752$ & $-0.0308953$ & $-0.0105885$ & $0.0233349$ & $0.0930774$ & $-0.0116175$ & $0.0163996$ & $-0.00454697$ & $-0.0319238$ & $-0.00191809$ & $-0.0162345$ & $-0.0351528$ & $0.104394$ & $-0.030604$ & $0.0401739$ & $0.02115$ & $0.0279882$ & $-0.021153$ & $0.0422833$ & $1$ & $0.0357011$ & $-0.061003$ & $0.0501277$ \\
eHccpar & $0.051631$ & $-0.0524062$ & $0.0149711$ & $0.00758176$ & $-0.0156748$ & $-0.0199448$ & $-0.0144627$ & $-0.0135379$ & $-0.0213197$ & $-0.0104069$ & $0.00374456$ & $-0.0148678$ & $-0.000923497$ & $-0.00541111$ & $0.000386178$ & $0.0180841$ & $0.0289483$ & $0.0175688$ & $0.000654445$ & $-0.00471349$ & $-0.00793088$ & $-0.010677$ & $-0.0106152$ & $0.0143042$ & $-0.0038991$ & $0.0110776$ & $-0.0288109$ & $-0.0135943$ & $-0.0120212$ & $0.00426553$ & $0.376159$ & $-0.00248732$ & $-0.0155054$ & $-0.00676114$ & $0.0221953$ & $0.0642305$ & $-0.027129$ & $-0.0432576$ & $-0.0321471$ & $0.0390306$ & $-0.0220122$ & $-0.035322$ & $-0.0467671$ & $-0.0759754$ & $0.0449033$ & $0.0357011$ & $1$ & $-0.0252976$ & $-0.0122752$ \\
eHbbint & $-0.0835605$ & $0.0107066$ & $-0.0392727$ & $-0.00145811$ & $0.00334544$ & $0.0044004$ & $0.0342645$ & $0.00592926$ & $0.0132174$ & $-0.0150379$ & $0.004692$ & $-0.0104258$ & $0.00183865$ & $-0.0161955$ & $-0.0100733$ & $0.00183701$ & $-0.0152353$ & $-0.00810869$ & $-0.0159619$ & $-0.00355013$ & $-0.00158816$ & $-0.00303599$ & $0.03664$ & $-0.00919197$ & $0.0123698$ & $-0.0149756$ & $0.0313882$ & $0.000443968$ & $-0.00503946$ & $-0.0165647$ & $-0.0067494$ & $0.0236101$ & $0.176576$ & $0.0189779$ & $-0.0829641$ & $-0.0577926$ & $0.0121092$ & $0.0105665$ & $-0.00299658$ & $0.017459$ & $-0.0210172$ & $-0.0169049$ & $-0.00664714$ & $0.0589762$ & $-0.00671622$ & $-0.061003$ & $-0.0252976$ & $1$ & $0.0232091$ \\
eHbbpar & $0.00769954$ & $0.0806543$ & $-0.0348251$ & $-0.0382097$ & $-0.00924069$ & $-0.00461123$ & $0.0271729$ & $-0.0144891$ & $-0.0082174$ & $0.0259034$ & $-0.00012682$ & $-0.00395274$ & $0.00150306$ & $0.0297564$ & $0.0114365$ & $-0.0141075$ & $0.024032$ & $0.010999$ & $0.0392763$ & $-0.00160675$ & $0.00231955$ & $0.0107967$ & $-0.00351259$ & $0.0199686$ & $0.0348712$ & $0.0347418$ & $0.0182741$ & $0.00935756$ & $0.0234089$ & $0.0522313$ & $0.0116271$ & $0.0318243$ & $0.497423$ & $-0.0221011$ & $-0.0399916$ & $-0.0315067$ & $-0.0659502$ & $-0.024567$ & $-0.0257938$ & $0.00894676$ & $-0.014836$ & $0.00982742$ & $0.0536403$ & $-0.0150445$ & $0.0952522$ & $0.0501277$ & $-0.0122752$ & $0.0232091$ & $1$ \\
