 & AlsMz & dAle5Mz & mtop & mHl & Mz & CW & CHG & CHWB & CHWHB_gaga & CHWHB_gagaorth & CHD & CHbox & CH & CHL1_11 & CHL1_22 & CHL1_33 & CHL3_11 & CHL3_22 & CHL3_33 & CHe_11 & CHe_22 & CHe_33 & CHQ1_11 & CHQ1_33 & CHQ3_11 & CHu_11 & CHd_11 & CHd_33 & CeH_22r & CeH_33r & CuH_22r & CuH_33r & CdH_33r & CLL_1221 & eHggint & eHggpar & eHWWint & eHWWpar & eHZZint & eHZZpar & eHZgaint & eHZgapar & eHgagaint & eHmumuint & eHtautauint & eHccint & eHccpar & eHbbint & eHbbpar \\
AlsMz & $1$ & $0.03141$ & $-0.0246665$ & $-0.0586047$ & $-0.0433894$ & $0.0130555$ & $0.0113148$ & $0.0172508$ & $0.0134888$ & $-0.00749354$ & $-0.033014$ & $-0.0342722$ & $-0.0324726$ & $0.0237887$ & $0.0206222$ & $0.040344$ & $-0.00532689$ & $-0.00284593$ & $-0.0153762$ & $0.0258693$ & $0.0197752$ & $0.0235034$ & $-0.0186168$ & $-0.0632803$ & $-0.12492$ & $-0.0458126$ & $-0.0376264$ & $0.0445817$ & $-0.0267283$ & $-0.036111$ & $-0.0224643$ & $0.0142031$ & $-0.0482895$ & $-0.00746281$ & $0.0557588$ & $0.00279567$ & $0.0277194$ & $0.0150521$ & $0.0948563$ & $0.019168$ & $0.00471827$ & $-0.0427468$ & $0.0191381$ & $-0.0140211$ & $-0.0536366$ & $0.00284741$ & $-0.0223927$ & $0.020749$ & $0.00621767$ \\
dAle5Mz & $0.03141$ & $1$ & $-0.0380586$ & $0.0126072$ & $0.00583079$ & $0.0313762$ & $0.0189243$ & $-0.0741222$ & $-0.0652388$ & $0.0186541$ & $0.0513515$ & $0.0207301$ & $0.00530196$ & $-0.00999464$ & $-0.034853$ & $-0.00886432$ & $0.0321864$ & $0.0349214$ & $0.0187789$ & $-0.0299819$ & $-0.0235441$ & $-0.0175399$ & $0.0276615$ & $0.0175831$ & $0.0265201$ & $-0.0086067$ & $0.00998814$ & $-0.0259791$ & $-0.00741081$ & $0.0119753$ & $0.0122487$ & $0.0158424$ & $0.00889868$ & $0.0436257$ & $-0.0334982$ & $0.0493685$ & $0.00509708$ & $0.0307834$ & $-0.030418$ & $0.0314822$ & $0.0025206$ & $0.0290404$ & $0.0143289$ & $-0.00289987$ & $-0.0373381$ & $-0.0174881$ & $-0.0268937$ & $-0.0536036$ & $-0.0128851$ \\
mtop & $-0.0246665$ & $-0.0380586$ & $1$ & $0.0175973$ & $-0.033182$ & $0.022016$ & $0.0178561$ & $0.0112148$ & $0.0111978$ & $-0.0061992$ & $0.00086712$ & $-0.00243108$ & $-0.00806191$ & $0.012561$ & $-0.00407887$ & $-0.00121511$ & $-0.0165567$ & $0.000845085$ & $-0.00631938$ & $0.00683681$ & $0.00599058$ & $0.00600721$ & $-0.0013447$ & $-0.0216192$ & $-0.00281714$ & $-0.0062767$ & $-0.00573427$ & $0.00758701$ & $-0.00471158$ & $0.00088237$ & $-0.000430958$ & $0.0152673$ & $-0.019374$ & $0.00750078$ & $0.0196629$ & $-0.0280104$ & $0.00979173$ & $0.00338092$ & $-0.0482675$ & $0.0228392$ & $-0.0420328$ & $-0.0067605$ & $-0.0194796$ & $0.0107929$ & $0.0428422$ & $-0.0106163$ & $0.0101477$ & $0.0273628$ & $-0.0416353$ \\
mHl & $-0.0586047$ & $0.0126072$ & $0.0175973$ & $1$ & $-0.0306911$ & $0.0142401$ & $-0.010729$ & $0.00621603$ & $0.0079152$ & $-0.02031$ & $0.0162999$ & $0.0326892$ & $0.0376687$ & $-0.05759$ & $0.0347668$ & $0.00635671$ & $-0.0373384$ & $-0.0665645$ & $-0.0461627$ & $-0.0139138$ & $-0.017183$ & $-0.0129712$ & $-0.0168975$ & $-0.022304$ & $-0.0452211$ & $0.0244099$ & $-0.0193545$ & $0.0122459$ & $0.0334159$ & $0.037495$ & $0.0153125$ & $-0.0127456$ & $0.0162214$ & $-0.0182839$ & $-0.071799$ & $0.0311756$ & $0.0210354$ & $0.0159202$ & $-0.0187654$ & $0.0015352$ & $0.0207177$ & $0.0737279$ & $0.0366086$ & $0.0310806$ & $0.0633185$ & $-0.00804274$ & $0.0115111$ & $-0.00059225$ & $0.00813046$ \\
Mz & $-0.0433894$ & $0.00583079$ & $-0.033182$ & $-0.0306911$ & $1$ & $-0.0284006$ & $0.0356839$ & $0.00394411$ & $0.00433145$ & $0.00834406$ & $-0.00948021$ & $-0.0446468$ & $-0.0359518$ & $0.0369009$ & $-0.00710919$ & $-0.00667413$ & $0.0254984$ & $0.0285223$ & $0.0260325$ & $0.0165621$ & $0.0207015$ & $0.0141644$ & $-0.0213661$ & $0.0193808$ & $0.0292665$ & $-0.00438003$ & $0.00806142$ & $0.00751945$ & $0.0240764$ & $-0.027697$ & $-0.0222184$ & $0.0212644$ & $-0.053739$ & $0.00495025$ & $0.0432501$ & $0.00699796$ & $-0.0139018$ & $-0.0215267$ & $-0.00245176$ & $-0.0124642$ & $-0.00509995$ & $0.00896088$ & $-0.0140918$ & $0.00227873$ & $-0.000563225$ & $-0.011459$ & $-0.00236862$ & $0.0179079$ & $-0.0312363$ \\
CW & $0.0130555$ & $0.0313762$ & $0.022016$ & $0.0142401$ & $-0.0284006$ & $1$ & $0.0314721$ & $-0.134773$ & $-0.130843$ & $0.0185781$ & $0.186013$ & $0.015682$ & $-0.0190891$ & $0.035336$ & $-0.0908551$ & $-0.0807581$ & $-0.241102$ & $-0.0243131$ & $-0.0332172$ & $-0.183816$ & $-0.187727$ & $-0.186414$ & $0.00384312$ & $0.0112506$ & $-0.070608$ & $0.104581$ & $-0.0776256$ & $-0.0684079$ & $-0.0101903$ & $-0.0235302$ & $0.0125878$ & $0.0316563$ & $-0.0185614$ & $-0.118894$ & $0.0253902$ & $-0.0144938$ & $-0.0113878$ & $0.00608395$ & $0.0109025$ & $0.00165769$ & $-0.0031028$ & $-0.010767$ & $-0.0264162$ & $0.0328696$ & $0.0103889$ & $0.0137016$ & $0.0435197$ & $-0.00669385$ & $-0.00482464$ \\
CHG & $0.0113148$ & $0.0189243$ & $0.0178561$ & $-0.010729$ & $0.0356839$ & $0.0314721$ & $1$ & $-0.126648$ & $-0.0745499$ & $0.0701838$ & $0.0809879$ & $-0.223789$ & $-0.305729$ & $0.0571902$ & $-0.0485803$ & $-0.0147785$ & $0.089162$ & $0.122056$ & $0.091211$ & $-0.077479$ & $-0.0844569$ & $-0.0895065$ & $0.0184612$ & $0.116311$ & $0.0969363$ & $0.0145253$ & $-0.0622262$ & $-0.0115554$ & $0.0378148$ & $-0.126159$ & $-0.0985752$ & $0.935342$ & $-0.167852$ & $-0.0641091$ & $-0.019931$ & $-0.0130095$ & $0.0287141$ & $0.0136691$ & $-0.0169784$ & $-0.0303616$ & $0.0118457$ & $-0.00053587$ & $-0.00775646$ & $-0.0158162$ & $0.0289978$ & $-0.0124158$ & $-0.0268165$ & $-0.00405821$ & $-0.0163963$ \\
CHWB & $0.0172508$ & $-0.0741222$ & $0.0112148$ & $0.00621603$ & $0.00394411$ & $-0.134773$ & $-0.126648$ & $1$ & $0.982155$ & $-0.56758$ & $-0.87888$ & $0.0490738$ & $0.36711$ & $0.0774715$ & $0.305877$ & $0.28298$ & $-0.263897$ & $-0.457364$ & $-0.442931$ & $0.849578$ & $0.895841$ & $0.879086$ & $0.0627506$ & $-0.689722$ & $-0.413243$ & $-0.509262$ & $0.416294$ & $0.288305$ & $0.0345383$ & $0.11267$ & $0.0170144$ & $-0.112579$ & $0.0999392$ & $0.564178$ & $0.0115708$ & $-0.0169879$ & $0.00369599$ & $0.007313$ & $-0.0127176$ & $0.000638787$ & $0.0185871$ & $-0.0174997$ & $-0.017364$ & $-0.00812294$ & $-0.00584894$ & $-0.0163937$ & $-0.0150749$ & $0.00322458$ & $-0.00692632$ \\
CHWHB_gaga & $0.0134888$ & $-0.0652388$ & $0.0111978$ & $0.0079152$ & $0.00433145$ & $-0.130843$ & $-0.0745499$ & $0.982155$ & $1$ & $-0.559818$ & $-0.858361$ & $0.0571203$ & $0.357846$ & $0.0666288$ & $0.300112$ & $0.279898$ & $-0.269897$ & $-0.457935$ & $-0.445638$ & $0.830297$ & $0.875155$ & $0.858763$ & $0.0620371$ & $-0.681845$ & $-0.415391$ & $-0.49777$ & $0.406524$ & $0.282622$ & $0.0387391$ & $0.135255$ & $0.0360574$ & $-0.0682967$ & $0.125644$ & $0.55432$ & $-0.00618109$ & $-0.0254677$ & $-0.00599751$ & $0.0073512$ & $-0.0108212$ & $-0.00353952$ & $0.0151015$ & $-0.0211418$ & $0.0547113$ & $-0.0122186$ & $-0.00730981$ & $-0.00957476$ & $-0.0120993$ & $0.00583569$ & $-0.000536034$ \\
CHWHB_gagaorth & $-0.00749354$ & $0.0186541$ & $-0.0061992$ & $-0.02031$ & $0.00834406$ & $0.0185781$ & $0.0701838$ & $-0.56758$ & $-0.559818$ & $1$ & $0.357566$ & $0.306614$ & $-0.237665$ & $0.236974$ & $-0.125831$ & $-0.137363$ & $0.429515$ & $0.487442$ & $0.490485$ & $-0.343723$ & $-0.374298$ & $-0.370328$ & $-0.0374051$ & $0.560297$ & $0.475435$ & $0.199355$ & $-0.224251$ & $-0.110472$ & $-0.00963222$ & $-0.12987$ & $-0.0639203$ & $0.0792894$ & $-0.103936$ & $-0.357136$ & $0.0539889$ & $0.0640619$ & $0.0212858$ & $0.00576988$ & $0.0317164$ & $0.00308101$ & $-0.0970324$ & $0.0218349$ & $-0.000848772$ & $-0.00495294$ & $0.00572818$ & $0.00174715$ & $-0.00734019$ & $0.034035$ & $0.0241655$ \\
CHD & $-0.033014$ & $0.0513515$ & $0.00086712$ & $0.0162999$ & $-0.00948021$ & $0.186013$ & $0.0809879$ & $-0.87888$ & $-0.858361$ & $0.357566$ & $1$ & $0.0865851$ & $-0.191792$ & $-0.498121$ & $-0.430513$ & $-0.403396$ & $-0.191927$ & $0.0911153$ & $0.0821222$ & $-0.990118$ & $-0.99067$ & $-0.969438$ & $-0.0116186$ & $0.329535$ & $0.0417212$ & $0.566096$ & $-0.282876$ & $-0.320129$ & $-0.0186014$ & $-0.0653453$ & $0.016181$ & $0.0799921$ & $-0.0554183$ & $-0.363703$ & $-0.00649064$ & $0.00771668$ & $-0.0187769$ & $0.00324188$ & $-0.00447362$ & $0.00552286$ & $-0.00945671$ & $0.00967794$ & $0.018086$ & $0.0114058$ & $0.0175488$ & $0.00987607$ & $0.0205562$ & $-0.00741491$ & $0.000228542$ \\
CHbox & $-0.0342722$ & $0.0207301$ & $-0.00243108$ & $0.0326892$ & $-0.0446468$ & $0.015682$ & $-0.223789$ & $0.0490738$ & $0.0571203$ & $0.306614$ & $0.0865851$ & $1$ & $0.698615$ & $-0.268167$ & $0.0283463$ & $0.0127907$ & $-0.285519$ & $-0.269834$ & $-0.256488$ & $-0.072822$ & $-0.087076$ & $-0.0816891$ & $-0.0140792$ & $-0.163072$ & $-0.251766$ & $0.0504081$ & $-0.0180099$ & $-0.0256963$ & $0.0452203$ & $0.314664$ & $0.086599$ & $-0.12349$ & $0.356593$ & $0.00875287$ & $0.104137$ & $0.0729538$ & $-0.00910525$ & $0.0211197$ & $-0.0122375$ & $-2.0457e-06$ & $-0.0585064$ & $0.00837828$ & $-0.0128977$ & $0.0112242$ & $0.00293375$ & $0.0154677$ & $-0.0258722$ & $0.00224136$ & $-0.0141366$ \\
CH & $-0.0324726$ & $0.00530196$ & $-0.00806191$ & $0.0376687$ & $-0.0359518$ & $-0.0190891$ & $-0.305729$ & $0.36711$ & $0.357846$ & $-0.237665$ & $-0.191792$ & $0.698615$ & $1$ & $-0.242014$ & $0.0903274$ & $0.0707339$ & $-0.35656$ & $-0.395104$ & $-0.377541$ & $0.187598$ & $0.202323$ & $0.202222$ & $0.0186843$ & $-0.393895$ & $-0.362724$ & $-0.102693$ & $0.154222$ & $0.0559337$ & $0.0346748$ & $0.266853$ & $0.0996913$ & $-0.245993$ & $0.300238$ & $0.223915$ & $0.0405793$ & $0.0232663$ & $-0.0271864$ & $0.0122747$ & $-0.00883064$ & $0.00831216$ & $0.000696113$ & $-0.0213183$ & $-0.00703784$ & $0.0265328$ & $0.000337924$ & $0.0253777$ & $-0.0191435$ & $-0.0208375$ & $-0.0182768$ \\
CHL1_11 & $0.0237887$ & $-0.00999464$ & $0.012561$ & $-0.05759$ & $0.0369009$ & $0.035336$ & $0.0571902$ & $0.0774715$ & $0.0666288$ & $0.236974$ & $-0.498121$ & $-0.268167$ & $-0.242014$ & $1$ & $0.268641$ & $0.264243$ & $0.665094$ & $0.604173$ & $0.589985$ & $0.518798$ & $0.457837$ & $0.443154$ & $-0.0719207$ & $0.469503$ & $0.587043$ & $-0.267971$ & $-0.118208$ & $0.153058$ & $-0.0215437$ & $-0.0707406$ & $-0.0608774$ & $0.031592$ & $-0.0654215$ & $-0.229321$ & $0.00284426$ & $-0.00126773$ & $0.0265366$ & $-0.0210321$ & $0.0470428$ & $-0.0149605$ & $-0.0137237$ & $0.00548361$ & $-0.00997532$ & $0.00161011$ & $-0.0200524$ & $0.0197281$ & $-0.00143316$ & $0.00789041$ & $0.0164999$ \\
CHL1_22 & $0.0206222$ & $-0.034853$ & $-0.00407887$ & $0.0347668$ & $-0.00710919$ & $-0.0908551$ & $-0.0485803$ & $0.305877$ & $0.300112$ & $-0.125831$ & $-0.430513$ & $0.0283463$ & $0.0903274$ & $0.268641$ & $1$ & $0.463292$ & $0.162537$ & $-0.44745$ & $-0.0514956$ & $0.495302$ & $0.3453$ & $0.341568$ & $-0.161655$ & $0.0833335$ & $-0.151724$ & $-0.216766$ & $-0.399639$ & $0.0825716$ & $-0.000701517$ & $0.0303196$ & $-0.0140946$ & $-0.0439728$ & $0.0307028$ & $-0.582274$ & $0.00170513$ & $0.0210701$ & $0.0196959$ & $-0.00108266$ & $-0.00930339$ & $-0.0141387$ & $0.031628$ & $0.0364852$ & $-0.0139585$ & $0.00188108$ & $-0.0397046$ & $-0.00917895$ & $-0.0366671$ & $-0.0265749$ & $0.00904296$ \\
CHL1_33 & $0.040344$ & $-0.00886432$ & $-0.00121511$ & $0.00635671$ & $-0.00667413$ & $-0.0807581$ & $-0.0147785$ & $0.28298$ & $0.279898$ & $-0.137363$ & $-0.403396$ & $0.0127907$ & $0.0707339$ & $0.264243$ & $0.463292$ & $1$ & $0.142133$ & $-0.0447702$ & $-0.452376$ & $0.470124$ & $0.318099$ & $0.336768$ & $-0.160784$ & $0.0943598$ & $-0.1592$ & $-0.197821$ & $-0.41446$ & $0.117288$ & $0.0040091$ & $0.0541031$ & $-0.0209011$ & $-0.00201701$ & $0.0412901$ & $-0.12515$ & $-0.000340515$ & $0.0116154$ & $0.00177046$ & $-0.0108789$ & $0.00376571$ & $-0.020421$ & $0.000611938$ & $0.0111954$ & $-0.00413767$ & $-0.0243141$ & $0.00375897$ & $0.0246253$ & $-0.0207436$ & $-0.0259088$ & $-0.00144339$ \\
CHL3_11 & $-0.00532689$ & $0.0321864$ & $-0.0165567$ & $-0.0373384$ & $0.0254984$ & $-0.241102$ & $0.089162$ & $-0.263897$ & $-0.269897$ & $0.429515$ & $-0.191927$ & $-0.285519$ & $-0.35656$ & $0.665094$ & $0.162537$ & $0.142133$ & $1$ & $0.735384$ & $0.736972$ & $0.213871$ & $0.159672$ & $0.149881$ & $-0.0658322$ & $0.68502$ & $0.773265$ & $-0.0925622$ & $-0.16418$ & $0.0499264$ & $-0.0265075$ & $-0.0945874$ & $-0.0626344$ & $0.0626992$ & $-0.0911133$ & $-0.274677$ & $-0.0209973$ & $0.0247097$ & $0.035202$ & $-0.0233512$ & $0.0167045$ & $-0.00260349$ & $-0.021709$ & $0.0135564$ & $-0.000552294$ & $-0.0104096$ & $-0.0193646$ & $-0.00700499$ & $-0.0159049$ & $0.0113834$ & $0.00667171$ \\
CHL3_22 & $-0.00284593$ & $0.0349214$ & $0.000845085$ & $-0.0665645$ & $0.0285223$ & $-0.0243131$ & $0.122056$ & $-0.457364$ & $-0.457935$ & $0.487442$ & $0.0911153$ & $-0.269834$ & $-0.395104$ & $0.604173$ & $-0.44745$ & $-0.0447702$ & $0.735384$ & $1$ & $0.681851$ & $-0.091956$ & $-0.0858981$ & $-0.0892743$ & $0.00336768$ & $0.639522$ & $0.793469$ & $0.0574499$ & $-0.0150302$ & $-0.00266553$ & $-0.0299254$ & $-0.110911$ & $-0.053169$ & $0.0947752$ & $-0.105556$ & $0.00470682$ & $-0.00910145$ & $0.00157237$ & $0.0134525$ & $-0.0226201$ & $0.0377407$ & $-0.00492312$ & $-0.0417481$ & $-0.0101596$ & $0.00616793$ & $-0.00865309$ & $0.0100528$ & $0.0201225$ & $0.016171$ & $0.0252748$ & $0.00610576$ \\
CHL3_33 & $-0.0153762$ & $0.0187789$ & $-0.00631938$ & $-0.0461627$ & $0.0260325$ & $-0.0332172$ & $0.091211$ & $-0.442931$ & $-0.445638$ & $0.490485$ & $0.0821222$ & $-0.256488$ & $-0.377541$ & $0.589985$ & $-0.0514956$ & $-0.452376$ & $0.736972$ & $0.681851$ & $1$ & $-0.0864886$ & $-0.0734278$ & $-0.0723801$ & $0.00623477$ & $0.62167$ & $0.796795$ & $0.0514097$ & $0.0141678$ & $-0.0328279$ & $-0.0305574$ & $-0.128211$ & $-0.0476065$ & $0.0573009$ & $-0.114476$ & $-0.338244$ & $-0.0115317$ & $0.00959734$ & $0.0290835$ & $-0.0183533$ & $0.0277144$ & $-0.000412785$ & $-0.0160617$ & $0.0102899$ & $0.000415384$ & $0.0032687$ & $-0.0212018$ & $-0.00548771$ & $0.00917822$ & $0.0219669$ & $0.0149756$ \\
CHe_11 & $0.0258693$ & $-0.0299819$ & $0.00683681$ & $-0.0139138$ & $0.0165621$ & $-0.183816$ & $-0.077479$ & $0.849578$ & $0.830297$ & $-0.343723$ & $-0.990118$ & $-0.072822$ & $0.187598$ & $0.518798$ & $0.495302$ & $0.470124$ & $0.213871$ & $-0.091956$ & $-0.0864886$ & $1$ & $0.971778$ & $0.951686$ & $-0.01558$ & $-0.275415$ & $-0.0370805$ & $-0.554221$ & $0.205774$ & $0.314456$ & $0.0155336$ & $0.065912$ & $-0.0175242$ & $-0.0754531$ & $0.0556444$ & $0.284054$ & $0.00726829$ & $-0.00490919$ & $0.0171709$ & $-0.00477675$ & $0.00185772$ & $-0.00792202$ & $0.00892783$ & $-0.00594368$ & $-0.0176079$ & $-0.0130043$ & $-0.0165904$ & $-0.00641708$ & $-0.0225853$ & $0.00552745$ & $6.24157e-06$ \\
CHe_22 & $0.0197752$ & $-0.0235441$ & $0.00599058$ & $-0.017183$ & $0.0207015$ & $-0.187727$ & $-0.0844569$ & $0.895841$ & $0.875155$ & $-0.374298$ & $-0.99067$ & $-0.087076$ & $0.202323$ & $0.457837$ & $0.3453$ & $0.318099$ & $0.159672$ & $-0.0858981$ & $-0.0734278$ & $0.971778$ & $1$ & $0.974535$ & $0.039084$ & $-0.383364$ & $-0.0430465$ & $-0.566062$ & $0.367824$ & $0.321778$ & $0.0205414$ & $0.0664084$ & $-0.0138385$ & $-0.0841892$ & $0.0562384$ & $0.452077$ & $0.00387012$ & $-0.00935026$ & $0.0191106$ & $-0.00375381$ & $0.000575136$ & $-0.000381796$ & $0.00900611$ & $-0.0132259$ & $-0.0180736$ & $-0.0101462$ & $-0.0146125$ & $-0.0144707$ & $-0.0178139$ & $0.0085358$ & $-0.00213935$ \\
CHe_33 & $0.0235034$ & $-0.0175399$ & $0.00600721$ & $-0.0129712$ & $0.0141644$ & $-0.186414$ & $-0.0895065$ & $0.879086$ & $0.858763$ & $-0.370328$ & $-0.969438$ & $-0.0816891$ & $0.202222$ & $0.443154$ & $0.341568$ & $0.336768$ & $0.149881$ & $-0.0892743$ & $-0.0723801$ & $0.951686$ & $0.974535$ & $1$ & $0.039255$ & $-0.376034$ & $-0.0439796$ & $-0.555111$ & $0.363035$ & $0.314888$ & $0.0216991$ & $0.0658681$ & $-0.00832299$ & $-0.0890236$ & $0.0549918$ & $0.443623$ & $0.00703477$ & $-0.00421286$ & $0.0183437$ & $-0.00418386$ & $-0.0020238$ & $-0.00788206$ & $0.0114746$ & $-0.00676848$ & $-0.0151194$ & $-0.0232499$ & $-0.016665$ & $-0.0102163$ & $-0.00627091$ & $0.00542323$ & $0.000287794$ \\
CHQ1_11 & $-0.0186168$ & $0.0276615$ & $-0.0013447$ & $-0.0168975$ & $-0.0213661$ & $0.00384312$ & $0.0184612$ & $0.0627506$ & $0.0620371$ & $-0.0374051$ & $-0.0116186$ & $-0.0140792$ & $0.0186843$ & $-0.0719207$ & $-0.161655$ & $-0.160784$ & $-0.0658322$ & $0.00336768$ & $0.00623477$ & $-0.01558$ & $0.039084$ & $0.039255$ & $1$ & $-0.130585$ & $0.106515$ & $-0.670608$ & $0.35795$ & $0.0137768$ & $0.0119001$ & $0.00950129$ & $-0.00323967$ & $0.0196156$ & $0.0125758$ & $0.193715$ & $0.0396559$ & $-0.0232803$ & $-0.0248389$ & $0.0161704$ & $-0.00985802$ & $0.000435979$ & $0.0190095$ & $-0.0362214$ & $0.002533$ & $0.0181329$ & $0.0151149$ & $-0.0231041$ & $0.0122735$ & $0.0112244$ & $0.0184022$ \\
CHQ1_33 & $-0.0632803$ & $0.0175831$ & $-0.0216192$ & $-0.022304$ & $0.0193808$ & $0.0112506$ & $0.116311$ & $-0.689722$ & $-0.681845$ & $0.560297$ & $0.329535$ & $-0.163072$ & $-0.393895$ & $0.469503$ & $0.0833335$ & $0.0943598$ & $0.68502$ & $0.639522$ & $0.62167$ & $-0.275415$ & $-0.383364$ & $-0.376034$ & $-0.130585$ & $1$ & $0.633145$ & $0.218237$ & $-0.430179$ & $-0.0312916$ & $-0.028846$ & $-0.101165$ & $-0.0467637$ & $0.0965365$ & $-0.093585$ & $-0.633688$ & $-0.0114626$ & $0.0302141$ & $0.0150572$ & $-0.0264463$ & $0.0193409$ & $-0.00995892$ & $-0.013591$ & $0.0334284$ & $0.0117869$ & $0.00128911$ & $-0.00693489$ & $0.027336$ & $-0.00053645$ & $-0.00200353$ & $0.0222387$ \\
CHQ3_11 & $-0.12492$ & $0.0265201$ & $-0.00281714$ & $-0.0452211$ & $0.0292665$ & $-0.070608$ & $0.0969363$ & $-0.413243$ & $-0.415391$ & $0.475435$ & $0.0417212$ & $-0.251766$ & $-0.362724$ & $0.587043$ & $-0.151724$ & $-0.1592$ & $0.773265$ & $0.793469$ & $0.796795$ & $-0.0370805$ & $-0.0430465$ & $-0.0439796$ & $0.106515$ & $0.633145$ & $1$ & $0.0190766$ & $0.216997$ & $-0.0129261$ & $-0.007338$ & $-0.111857$ & $-0.0491031$ & $0.0682662$ & $-0.0912752$ & $-0.198195$ & $-0.0136759$ & $0.0077516$ & $0.0129193$ & $-0.0166753$ & $0.0160748$ & $-0.00735383$ & $-0.00744382$ & $0.00050476$ & $0.00772122$ & $-0.00462021$ & $-0.00267814$ & $0.0158142$ & $0.0136713$ & $0.0181092$ & $0.0233654$ \\
CHu_11 & $-0.0458126$ & $-0.0086067$ & $-0.0062767$ & $0.0244099$ & $-0.00438003$ & $0.104581$ & $0.0145253$ & $-0.509262$ & $-0.49777$ & $0.199355$ & $0.566096$ & $0.0504081$ & $-0.102693$ & $-0.267971$ & $-0.216766$ & $-0.197821$ & $-0.0925622$ & $0.0574499$ & $0.0514097$ & $-0.554221$ & $-0.566062$ & $-0.555111$ & $-0.670608$ & $0.218237$ & $0.0190766$ & $1$ & $-0.181068$ & $-0.185692$ & $-0.0107331$ & $-0.0395339$ & $0.0152396$ & $0.0107603$ & $-0.0388826$ & $-0.242865$ & $-0.0402985$ & $0.0181109$ & $0.00227351$ & $-0.00542713$ & $0.00551803$ & $0.0177317$ & $-0.015268$ & $0.0197154$ & $0.0149558$ & $-0.0246076$ & $0.0124993$ & $0.0349571$ & $0.0131781$ & $-0.00554576$ & $-0.0165494$ \\
CHd_11 & $-0.0376264$ & $0.00998814$ & $-0.00573427$ & $-0.0193545$ & $0.00806142$ & $-0.0776256$ & $-0.0622262$ & $0.416294$ & $0.406524$ & $-0.224251$ & $-0.282876$ & $-0.0180099$ & $0.154222$ & $-0.118208$ & $-0.399639$ & $-0.41446$ & $-0.16418$ & $-0.0150302$ & $0.0141678$ & $0.205774$ & $0.367824$ & $0.363035$ & $0.35795$ & $-0.430179$ & $0.216997$ & $-0.181068$ & $1$ & $0.106012$ & $0.0473666$ & $0.0312233$ & $0.0204952$ & $-0.0628425$ & $0.0388326$ & $0.690593$ & $0.00462603$ & $-0.0195139$ & $-0.0101041$ & $0.0136399$ & $-0.00915742$ & $0.0166267$ & $0.0212823$ & $-0.0375297$ & $0.00575963$ & $-0.0113703$ & $0.00820266$ & $-0.00315502$ & $0.0199239$ & $0.0253344$ & $0.0118709$ \\
CHd_33 & $0.0445817$ & $-0.0259791$ & $0.00758701$ & $0.0122459$ & $0.00751945$ & $-0.0684079$ & $-0.0115554$ & $0.288305$ & $0.282622$ & $-0.110472$ & $-0.320129$ & $-0.0256963$ & $0.0559337$ & $0.153058$ & $0.0825716$ & $0.117288$ & $0.0499264$ & $-0.00266553$ & $-0.0328279$ & $0.314456$ & $0.321778$ & $0.314888$ & $0.0137768$ & $-0.0312916$ & $-0.0129261$ & $-0.185692$ & $0.106012$ & $1$ & $0.0067326$ & $0.0347087$ & $-0.0125256$ & $-0.0125128$ & $0.0195922$ & $0.167161$ & $0.0185303$ & $0.0101041$ & $9.76489e-05$ & $-0.0254793$ & $-0.0214844$ & $0.0194267$ & $0.00461311$ & $-0.00901037$ & $0.00563251$ & $0.0185394$ & $0.0125796$ & $-0.00325434$ & $-0.0336584$ & $0.0021001$ & $-0.00335577$ \\
CeH_22r & $-0.0267283$ & $-0.00741081$ & $-0.00471158$ & $0.0334159$ & $0.0240764$ & $-0.0101903$ & $0.0378148$ & $0.0345383$ & $0.0387391$ & $-0.00963222$ & $-0.0186014$ & $0.0452203$ & $0.0346748$ & $-0.0215437$ & $-0.000701517$ & $0.0040091$ & $-0.0265075$ & $-0.0299254$ & $-0.0305574$ & $0.0155336$ & $0.0205414$ & $0.0216991$ & $0.0119001$ & $-0.028846$ & $-0.007338$ & $-0.0107331$ & $0.0473666$ & $0.0067326$ & $1$ & $0.0543882$ & $0.0289589$ & $0.0250723$ & $0.0341379$ & $0.0299957$ & $-0.0143405$ & $-0.0276858$ & $-0.0371133$ & $-0.0144153$ & $-0.0267737$ & $-0.00168944$ & $0.0026033$ & $0.00892957$ & $-0.0150181$ & $0.0194465$ & $0.00699126$ & $0.00832652$ & $0.0157325$ & $-0.004771$ & $-0.0302632$ \\
CeH_33r & $-0.036111$ & $0.0119753$ & $0.00088237$ & $0.037495$ & $-0.027697$ & $-0.0235302$ & $-0.126159$ & $0.11267$ & $0.135255$ & $-0.12987$ & $-0.0653453$ & $0.314664$ & $0.266853$ & $-0.0707406$ & $0.0303196$ & $0.0541031$ & $-0.0945874$ & $-0.110911$ & $-0.128211$ & $0.065912$ & $0.0664084$ & $0.0658681$ & $0.00950129$ & $-0.101165$ & $-0.111857$ & $-0.0395339$ & $0.0312233$ & $0.0347087$ & $0.0543882$ & $1$ & $0.311828$ & $0.0283932$ & $0.629088$ & $0.0702645$ & $-0.0777925$ & $-0.0280407$ & $-0.201629$ & $-0.0281163$ & $-0.0440024$ & $-0.00267089$ & $0.00228398$ & $0.0156881$ & $-0.00112508$ & $0.0223568$ & $0.0580963$ & $0.0494383$ & $0.00424471$ & $0.00906999$ & $-0.0148021$ \\
CuH_22r & $-0.0224643$ & $0.0122487$ & $-0.000430958$ & $0.0153125$ & $-0.0222184$ & $0.0125878$ & $-0.0985752$ & $0.0170144$ & $0.0360574$ & $-0.0639203$ & $0.016181$ & $0.086599$ & $0.0996913$ & $-0.0608774$ & $-0.0140946$ & $-0.0209011$ & $-0.0626344$ & $-0.053169$ & $-0.0476065$ & $-0.0175242$ & $-0.0138385$ & $-0.00832299$ & $-0.00323967$ & $-0.0467637$ & $-0.0491031$ & $0.0152396$ & $0.0204952$ & $-0.0125256$ & $0.0289589$ & $0.311828$ & $1$ & $-0.016192$ & $0.34853$ & $0.0265313$ & $-0.0609497$ & $-0.0119184$ & $-0.123387$ & $0.0127724$ & $-0.00432421$ & $0.0275874$ & $-0.010039$ & $-0.00837723$ & $0.0190922$ & $0.0137287$ & $-0.00120186$ & $0.0848249$ & $0.420765$ & $-0.0223899$ & $0.0230063$ \\
CuH_33r & $0.0142031$ & $0.0158424$ & $0.0152673$ & $-0.0127456$ & $0.0212644$ & $0.0316563$ & $0.935342$ & $-0.112579$ & $-0.0682967$ & $0.0792894$ & $0.0799921$ & $-0.12349$ & $-0.245993$ & $0.031592$ & $-0.0439728$ & $-0.00201701$ & $0.0626992$ & $0.0947752$ & $0.0573009$ & $-0.0754531$ & $-0.0841892$ & $-0.0890236$ & $0.0196156$ & $0.0965365$ & $0.0682662$ & $0.0107603$ & $-0.0628425$ & $-0.0125128$ & $0.0250723$ & $0.0283932$ & $-0.016192$ & $1$ & $0.0142043$ & $-0.0558868$ & $0.0557401$ & $0.0365022$ & $-0.0150784$ & $0.018314$ & $-0.0101126$ & $-0.0282475$ & $0.00697727$ & $-0.000177903$ & $-0.00125774$ & $0.00415882$ & $0.0224552$ & $-0.00926604$ & $-0.0266952$ & $0.00269638$ & $-0.0104462$ \\
CdH_33r & $-0.0482895$ & $0.00889868$ & $-0.019374$ & $0.0162214$ & $-0.053739$ & $-0.0185614$ & $-0.167852$ & $0.0999392$ & $0.125644$ & $-0.103936$ & $-0.0554183$ & $0.356593$ & $0.300238$ & $-0.0654215$ & $0.0307028$ & $0.0412901$ & $-0.0911133$ & $-0.105556$ & $-0.114476$ & $0.0556444$ & $0.0562384$ & $0.0549918$ & $0.0125758$ & $-0.093585$ & $-0.0912752$ & $-0.0388826$ & $0.0388326$ & $0.0195922$ & $0.0341379$ & $0.629088$ & $0.34853$ & $0.0142043$ & $1$ & $0.0585676$ & $-0.0365444$ & $0.00495577$ & $-0.249344$ & $0.000465038$ & $-0.0282292$ & $0.029538$ & $-0.030957$ & $0.0051249$ & $0.044027$ & $0.0353744$ & $-0.00529102$ & $0.00973393$ & $-0.019096$ & $0.206208$ & $0.488544$ \\
CLL_1221 & $-0.00746281$ & $0.0436257$ & $0.00750078$ & $-0.0182839$ & $0.00495025$ & $-0.118894$ & $-0.0641091$ & $0.564178$ & $0.55432$ & $-0.357136$ & $-0.363703$ & $0.00875287$ & $0.223915$ & $-0.229321$ & $-0.582274$ & $-0.12515$ & $-0.274677$ & $0.00470682$ & $-0.338244$ & $0.284054$ & $0.452077$ & $0.443623$ & $0.193715$ & $-0.633688$ & $-0.198195$ & $-0.242865$ & $0.690593$ & $0.167161$ & $0.0299957$ & $0.0702645$ & $0.0265313$ & $-0.0558868$ & $0.0585676$ & $1$ & $-0.000664356$ & $-0.0226095$ & $-0.0095282$ & $0.00734015$ & $-0.0135006$ & $0.0175662$ & $-0.0138264$ & $-0.0420569$ & $-0.0028225$ & $-0.0136551$ & $0.0249315$ & $-0.016232$ & $0.0100191$ & $0.0196961$ & $-0.0171592$ \\
eHggint & $0.0557588$ & $-0.0334982$ & $0.0196629$ & $-0.071799$ & $0.0432501$ & $0.0253902$ & $-0.019931$ & $0.0115708$ & $-0.00618109$ & $0.0539889$ & $-0.00649064$ & $0.104137$ & $0.0405793$ & $0.00284426$ & $0.00170513$ & $-0.000340515$ & $-0.0209973$ & $-0.00910145$ & $-0.0115317$ & $0.00726829$ & $0.00387012$ & $0.00703477$ & $0.0396559$ & $-0.0114626$ & $-0.0136759$ & $-0.0402985$ & $0.00462603$ & $0.0185303$ & $-0.0143405$ & $-0.0777925$ & $-0.0609497$ & $0.0557401$ & $-0.0365444$ & $-0.000664356$ & $1$ & $-0.103824$ & $0.0150378$ & $0.0355971$ & $0.0173981$ & $-0.00487934$ & $-0.000707291$ & $-0.0265681$ & $-0.0198953$ & $0.0551567$ & $0.0304416$ & $-0.0476843$ & $0.0300116$ & $0.0174083$ & $0.0230065$ \\
eHggpar & $0.00279567$ & $0.0493685$ & $-0.0280104$ & $0.0311756$ & $0.00699796$ & $-0.0144938$ & $-0.0130095$ & $-0.0169879$ & $-0.0254677$ & $0.0640619$ & $0.00771668$ & $0.0729538$ & $0.0232663$ & $-0.00126773$ & $0.0210701$ & $0.0116154$ & $0.0247097$ & $0.00157237$ & $0.00959734$ & $-0.00490919$ & $-0.00935026$ & $-0.00421286$ & $-0.0232803$ & $0.0302141$ & $0.0077516$ & $0.0181109$ & $-0.0195139$ & $0.0101041$ & $-0.0276858$ & $-0.0280407$ & $-0.0119184$ & $0.0365022$ & $0.00495577$ & $-0.0226095$ & $-0.103824$ & $1$ & $-0.00211247$ & $-0.0334154$ & $-0.00310104$ & $0.0014503$ & $-0.000761603$ & $0.0474423$ & $0.0448801$ & $0.00407972$ & $-0.0225072$ & $0.0378819$ & $-0.0569952$ & $0.00307411$ & $0.0337341$ \\
eHWWint & $0.0277194$ & $0.00509708$ & $0.00979173$ & $0.0210354$ & $-0.0139018$ & $-0.0113878$ & $0.0287141$ & $0.00369599$ & $-0.00599751$ & $0.0212858$ & $-0.0187769$ & $-0.00910525$ & $-0.0271864$ & $0.0265366$ & $0.0196959$ & $0.00177046$ & $0.035202$ & $0.0134525$ & $0.0290835$ & $0.0171709$ & $0.0191106$ & $0.0183437$ & $-0.0248389$ & $0.0150572$ & $0.0129193$ & $0.00227351$ & $-0.0101041$ & $9.76489e-05$ & $-0.0371133$ & $-0.201629$ & $-0.123387$ & $-0.0150784$ & $-0.249344$ & $-0.0095282$ & $0.0150378$ & $-0.00211247$ & $1$ & $0.00315534$ & $0.0470968$ & $-0.0309597$ & $0.0166946$ & $-0.0298654$ & $0.0137794$ & $-0.042788$ & $0.00985919$ & $-0.0340664$ & $-0.0427933$ & $-0.0744461$ & $-0.0296693$ \\
eHWWpar & $0.0150521$ & $0.0307834$ & $0.00338092$ & $0.0159202$ & $-0.0215267$ & $0.00608395$ & $0.0136691$ & $0.007313$ & $0.0073512$ & $0.00576988$ & $0.00324188$ & $0.0211197$ & $0.0122747$ & $-0.0210321$ & $-0.00108266$ & $-0.0108789$ & $-0.0233512$ & $-0.0226201$ & $-0.0183533$ & $-0.00477675$ & $-0.00375381$ & $-0.00418386$ & $0.0161704$ & $-0.0264463$ & $-0.0166753$ & $-0.00542713$ & $0.0136399$ & $-0.0254793$ & $-0.0144153$ & $-0.0281163$ & $0.0127724$ & $0.018314$ & $0.000465038$ & $0.00734015$ & $0.0355971$ & $-0.0334154$ & $0.00315534$ & $1$ & $0.00862734$ & $-0.0144397$ & $-0.0155677$ & $0.0375601$ & $0.0149806$ & $-0.00506027$ & $0.00662215$ & $0.00277726$ & $-0.0152679$ & $-0.0272807$ & $0.0334381$ \\
eHZZint & $0.0948563$ & $-0.030418$ & $-0.0482675$ & $-0.0187654$ & $-0.00245176$ & $0.0109025$ & $-0.0169784$ & $-0.0127176$ & $-0.0108212$ & $0.0317164$ & $-0.00447362$ & $-0.0122375$ & $-0.00883064$ & $0.0470428$ & $-0.00930339$ & $0.00376571$ & $0.0167045$ & $0.0377407$ & $0.0277144$ & $0.00185772$ & $0.000575136$ & $-0.0020238$ & $-0.00985802$ & $0.0193409$ & $0.0160748$ & $0.00551803$ & $-0.00915742$ & $-0.0214844$ & $-0.0267737$ & $-0.0440024$ & $-0.00432421$ & $-0.0101126$ & $-0.0282292$ & $-0.0135006$ & $0.0173981$ & $-0.00310104$ & $0.0470968$ & $0.00862734$ & $1$ & $-0.00225909$ & $0.0134235$ & $-0.0124012$ & $0.0476608$ & $0.0904338$ & $-0.0646086$ & $-0.024994$ & $0.00610601$ & $0.0254411$ & $0.0201614$ \\
eHZZpar & $0.019168$ & $0.0314822$ & $0.0228392$ & $0.0015352$ & $-0.0124642$ & $0.00165769$ & $-0.0303616$ & $0.000638787$ & $-0.00353952$ & $0.00308101$ & $0.00552286$ & $-2.0457e-06$ & $0.00831216$ & $-0.0149605$ & $-0.0141387$ & $-0.020421$ & $-0.00260349$ & $-0.00492312$ & $-0.000412785$ & $-0.00792202$ & $-0.000381796$ & $-0.00788206$ & $0.000435979$ & $-0.00995892$ & $-0.00735383$ & $0.0177317$ & $0.0166267$ & $0.0194267$ & $-0.00168944$ & $-0.00267089$ & $0.0275874$ & $-0.0282475$ & $0.029538$ & $0.0175662$ & $-0.00487934$ & $0.0014503$ & $-0.0309597$ & $-0.0144397$ & $-0.00225909$ & $1$ & $0.0201231$ & $-0.0210144$ & $-0.0408376$ & $0.0638578$ & $-0.032549$ & $0.0532859$ & $0.0194918$ & $-0.0225554$ & $0.0267107$ \\
eHZgaint & $0.00471827$ & $0.0025206$ & $-0.0420328$ & $0.0207177$ & $-0.00509995$ & $-0.0031028$ & $0.0118457$ & $0.0185871$ & $0.0151015$ & $-0.0970324$ & $-0.00945671$ & $-0.0585064$ & $0.000696113$ & $-0.0137237$ & $0.031628$ & $0.000611938$ & $-0.021709$ & $-0.0417481$ & $-0.0160617$ & $0.00892783$ & $0.00900611$ & $0.0114746$ & $0.0190095$ & $-0.013591$ & $-0.00744382$ & $-0.015268$ & $0.0212823$ & $0.00461311$ & $0.0026033$ & $0.00228398$ & $-0.010039$ & $0.00697727$ & $-0.030957$ & $-0.0138264$ & $-0.000707291$ & $-0.000761603$ & $0.0166946$ & $-0.0155677$ & $0.0134235$ & $0.0201231$ & $1$ & $0.000544621$ & $0.0187169$ & $0.0715992$ & $-0.0617966$ & $-0.0124481$ & $-0.0208438$ & $-0.0828836$ & $-0.0204226$ \\
eHZgapar & $-0.0427468$ & $0.0290404$ & $-0.0067605$ & $0.0737279$ & $0.00896088$ & $-0.010767$ & $-0.00053587$ & $-0.0174997$ & $-0.0211418$ & $0.0218349$ & $0.00967794$ & $0.00837828$ & $-0.0213183$ & $0.00548361$ & $0.0364852$ & $0.0111954$ & $0.0135564$ & $-0.0101596$ & $0.0102899$ & $-0.00594368$ & $-0.0132259$ & $-0.00676848$ & $-0.0362214$ & $0.0334284$ & $0.00050476$ & $0.0197154$ & $-0.0375297$ & $-0.00901037$ & $0.00892957$ & $0.0156881$ & $-0.00837723$ & $-0.000177903$ & $0.0051249$ & $-0.0420569$ & $-0.0265681$ & $0.0474423$ & $-0.0298654$ & $0.0375601$ & $-0.0124012$ & $-0.0210144$ & $0.000544621$ & $1$ & $-0.0483426$ & $0.00130883$ & $0.0250434$ & $0.00532128$ & $0.0131285$ & $0.00307936$ & $0.00473837$ \\
eHgagaint & $0.0191381$ & $0.0143289$ & $-0.0194796$ & $0.0366086$ & $-0.0140918$ & $-0.0264162$ & $-0.00775646$ & $-0.017364$ & $0.0547113$ & $-0.000848772$ & $0.018086$ & $-0.0128977$ & $-0.00703784$ & $-0.00997532$ & $-0.0139585$ & $-0.00413767$ & $-0.000552294$ & $0.00616793$ & $0.000415384$ & $-0.0176079$ & $-0.0180736$ & $-0.0151194$ & $0.002533$ & $0.0117869$ & $0.00772122$ & $0.0149558$ & $0.00575963$ & $0.00563251$ & $-0.0150181$ & $-0.00112508$ & $0.0190922$ & $-0.00125774$ & $0.044027$ & $-0.0028225$ & $-0.0198953$ & $0.0448801$ & $0.0137794$ & $0.0149806$ & $0.0476608$ & $-0.0408376$ & $0.0187169$ & $-0.0483426$ & $1$ & $-0.0279191$ & $-0.00158616$ & $0.0732583$ & $0.0172282$ & $-0.0101111$ & $0.0803139$ \\
eHmumuint & $-0.0140211$ & $-0.00289987$ & $0.0107929$ & $0.0310806$ & $0.00227873$ & $0.0328696$ & $-0.0158162$ & $-0.00812294$ & $-0.0122186$ & $-0.00495294$ & $0.0114058$ & $0.0112242$ & $0.0265328$ & $0.00161011$ & $0.00188108$ & $-0.0243141$ & $-0.0104096$ & $-0.00865309$ & $0.0032687$ & $-0.0130043$ & $-0.0101462$ & $-0.0232499$ & $0.0181329$ & $0.00128911$ & $-0.00462021$ & $-0.0246076$ & $-0.0113703$ & $0.0185394$ & $0.0194465$ & $0.0223568$ & $0.0137287$ & $0.00415882$ & $0.0353744$ & $-0.0136551$ & $0.0551567$ & $0.00407972$ & $-0.042788$ & $-0.00506027$ & $0.0904338$ & $0.0638578$ & $0.0715992$ & $0.00130883$ & $-0.0279191$ & $1$ & $-0.0904763$ & $-0.0145557$ & $0.00124263$ & $-0.00504304$ & $0.0226602$ \\
eHtautauint & $-0.0536366$ & $-0.0373381$ & $0.0428422$ & $0.0633185$ & $-0.000563225$ & $0.0103889$ & $0.0289978$ & $-0.00584894$ & $-0.00730981$ & $0.00572818$ & $0.0175488$ & $0.00293375$ & $0.000337924$ & $-0.0200524$ & $-0.0397046$ & $0.00375897$ & $-0.0193646$ & $0.0100528$ & $-0.0212018$ & $-0.0165904$ & $-0.0146125$ & $-0.016665$ & $0.0151149$ & $-0.00693489$ & $-0.00267814$ & $0.0124993$ & $0.00820266$ & $0.0125796$ & $0.00699126$ & $0.0580963$ & $-0.00120186$ & $0.0224552$ & $-0.00529102$ & $0.0249315$ & $0.0304416$ & $-0.0225072$ & $0.00985919$ & $0.00662215$ & $-0.0646086$ & $-0.032549$ & $-0.0617966$ & $0.0250434$ & $-0.00158616$ & $-0.0904763$ & $1$ & $-0.0347396$ & $0.0397326$ & $0.0173015$ & $0.0216501$ \\
eHccint & $0.00284741$ & $-0.0174881$ & $-0.0106163$ & $-0.00804274$ & $-0.011459$ & $0.0137016$ & $-0.0124158$ & $-0.0163937$ & $-0.00957476$ & $0.00174715$ & $0.00987607$ & $0.0154677$ & $0.0253777$ & $0.0197281$ & $-0.00917895$ & $0.0246253$ & $-0.00700499$ & $0.0201225$ & $-0.00548771$ & $-0.00641708$ & $-0.0144707$ & $-0.0102163$ & $-0.0231041$ & $0.027336$ & $0.0158142$ & $0.0349571$ & $-0.00315502$ & $-0.00325434$ & $0.00832652$ & $0.0494383$ & $0.0848249$ & $-0.00926604$ & $0.00973393$ & $-0.016232$ & $-0.0476843$ & $0.0378819$ & $-0.0340664$ & $0.00277726$ & $-0.024994$ & $0.0532859$ & $-0.0124481$ & $0.00532128$ & $0.0732583$ & $-0.0145557$ & $-0.0347396$ & $1$ & $0.0205775$ & $-0.0241513$ & $-0.00363343$ \\
eHccpar & $-0.0223927$ & $-0.0268937$ & $0.0101477$ & $0.0115111$ & $-0.00236862$ & $0.0435197$ & $-0.0268165$ & $-0.0150749$ & $-0.0120993$ & $-0.00734019$ & $0.0205562$ & $-0.0258722$ & $-0.0191435$ & $-0.00143316$ & $-0.0366671$ & $-0.0207436$ & $-0.0159049$ & $0.016171$ & $0.00917822$ & $-0.0225853$ & $-0.0178139$ & $-0.00627091$ & $0.0122735$ & $-0.00053645$ & $0.0136713$ & $0.0131781$ & $0.0199239$ & $-0.0336584$ & $0.0157325$ & $0.00424471$ & $0.420765$ & $-0.0266952$ & $-0.019096$ & $0.0100191$ & $0.0300116$ & $-0.0569952$ & $-0.0427933$ & $-0.0152679$ & $0.00610601$ & $0.0194918$ & $-0.0208438$ & $0.0131285$ & $0.0172282$ & $0.00124263$ & $0.0397326$ & $0.0205775$ & $1$ & $-0.0912531$ & $-0.0248529$ \\
eHbbint & $0.020749$ & $-0.0536036$ & $0.0273628$ & $-0.00059225$ & $0.0179079$ & $-0.00669385$ & $-0.00405821$ & $0.00322458$ & $0.00583569$ & $0.034035$ & $-0.00741491$ & $0.00224136$ & $-0.0208375$ & $0.00789041$ & $-0.0265749$ & $-0.0259088$ & $0.0113834$ & $0.0252748$ & $0.0219669$ & $0.00552745$ & $0.0085358$ & $0.00542323$ & $0.0112244$ & $-0.00200353$ & $0.0181092$ & $-0.00554576$ & $0.0253344$ & $0.0021001$ & $-0.004771$ & $0.00906999$ & $-0.0223899$ & $0.00269638$ & $0.206208$ & $0.0196961$ & $0.0174083$ & $0.00307411$ & $-0.0744461$ & $-0.0272807$ & $0.0254411$ & $-0.0225554$ & $-0.0828836$ & $0.00307936$ & $-0.0101111$ & $-0.00504304$ & $0.0173015$ & $-0.0241513$ & $-0.0912531$ & $1$ & $0.046884$ \\
eHbbpar & $0.00621767$ & $-0.0128851$ & $-0.0416353$ & $0.00813046$ & $-0.0312363$ & $-0.00482464$ & $-0.0163963$ & $-0.00692632$ & $-0.000536034$ & $0.0241655$ & $0.000228542$ & $-0.0141366$ & $-0.0182768$ & $0.0164999$ & $0.00904296$ & $-0.00144339$ & $0.00667171$ & $0.00610576$ & $0.0149756$ & $6.24157e-06$ & $-0.00213935$ & $0.000287794$ & $0.0184022$ & $0.0222387$ & $0.0233654$ & $-0.0165494$ & $0.0118709$ & $-0.00335577$ & $-0.0302632$ & $-0.0148021$ & $0.0230063$ & $-0.0104462$ & $0.488544$ & $-0.0171592$ & $0.0230065$ & $0.0337341$ & $-0.0296693$ & $0.0334381$ & $0.0201614$ & $0.0267107$ & $-0.0204226$ & $0.00473837$ & $0.0803139$ & $0.0226602$ & $0.0216501$ & $-0.00363343$ & $-0.0248529$ & $0.046884$ & $1$ \\
