 & AlsMz & dAle5Mz & mtop & mHl & Mz & CW & CHG & CHWB & CHWHB_gaga & CHWHB_gagaorth & CHD & CHbox & CH & CHL1_11 & CHL1_22 & CHL1_33 & CHL3_11 & CHL3_22 & CHL3_33 & CHe_11 & CHe_22 & CHe_33 & CHQ1_11 & CHQ1_33 & CHQ3_11 & CHu_11 & CHd_11 & CHd_33 & CeH_22r & CeH_33r & CuH_22r & CuH_33r & CdH_33r & CLL_1221 & eHggint & eHggpar & eHWWint & eHWWpar & eHZZint & eHZZpar & eHZgaint & eHZgapar & eHgagaint & eHmumuint & eHtautauint & eHccint & eHccpar & eHbbint & eHbbpar \\
AlsMz & $1$ & $0.00516322$ & $-0.304654$ & $0.151995$ & $0.00852949$ & $0.0146819$ & $0.0892997$ & $0.0605266$ & $0.0606939$ & $-0.0257032$ & $-0.0617286$ & $-0.123258$ & $-0.125904$ & $0.018634$ & $0.0446384$ & $0.0741091$ & $-0.00117376$ & $-0.0223755$ & $-0.0448885$ & $0.0595135$ & $0.0553355$ & $0.0528472$ & $-0.0188684$ & $-0.0437427$ & $-0.0623237$ & $-0.0352809$ & $-0.0088063$ & $0.0486189$ & $-0.0225793$ & $-0.0980113$ & $-0.0707896$ & $0.0777263$ & $-0.10581$ & $0.021964$ & $-0.0209955$ & $0.15706$ & $0.131248$ & $0.042463$ & $0.305876$ & $-0.0494078$ & $-0.00735133$ & $-0.038214$ & $0.0783039$ & $0.208633$ & $0.272622$ & $-0.0184413$ & $-0.0181042$ & $-0.139024$ & $0.0294359$ \\
dAle5Mz & $0.00516322$ & $1$ & $0.167232$ & $-0.0923172$ & $0.0419341$ & $-0.0315868$ & $0.0305403$ & $0.0461157$ & $0.0384375$ & $-0.0123031$ & $-0.0429983$ & $-0.107687$ & $-0.0968921$ & $0.00619959$ & $0.00776658$ & $0.052074$ & $-0.00726991$ & $-0.0136455$ & $-0.0449592$ & $0.0513392$ & $0.0541719$ & $0.059131$ & $-0.00552956$ & $-0.0407867$ & $-0.0252735$ & $-0.00784392$ & $0.0336253$ & $0.0163381$ & $0.00462695$ & $-0.0679118$ & $-0.0198233$ & $0.0231271$ & $-0.0622602$ & $0.0757077$ & $-0.0121407$ & $0.134806$ & $0.0587166$ & $0.0431745$ & $0.109453$ & $-0.0173612$ & $0.0684248$ & $-0.0261399$ & $-0.0582058$ & $0.388556$ & $-0.0181758$ & $-0.245024$ & $0.202255$ & $-0.0305992$ & $0.0836706$ \\
mtop & $-0.304654$ & $0.167232$ & $1$ & $-0.0107475$ & $0.00979456$ & $-0.0238764$ & $-0.0517556$ & $0.0169412$ & $0.0117043$ & $-0.0205367$ & $-0.0224454$ & $0.0455475$ & $0.0651942$ & $0.0267852$ & $-0.000180324$ & $0.0232288$ & $0.0148794$ & $0.0223607$ & $0.00672615$ & $0.0308697$ & $0.0288493$ & $0.0307832$ & $0.0398517$ & $0.00992376$ & $0.0394435$ & $-0.0451551$ & $0.0315292$ & $-0.00104345$ & $0.0261697$ & $0.0375762$ & $0.0366134$ & $-0.0505054$ & $0.0704624$ & $0.0229924$ & $-0.24014$ & $0.41976$ & $0.0704338$ & $0.00400233$ & $-0.101326$ & $-0.0584253$ & $-0.032418$ & $0.0690686$ & $-0.0259709$ & $0.0928569$ & $-0.284401$ & $-0.110037$ & $0.0701312$ & $0.0886003$ & $0.161939$ \\
mHl & $0.151995$ & $-0.0923172$ & $-0.0107475$ & $1$ & $0.000381292$ & $-0.00250256$ & $0.117667$ & $0.0814388$ & $0.0823876$ & $-0.0593442$ & $-0.0693581$ & $-0.141653$ & $-0.149678$ & $0.0309129$ & $0.0202593$ & $0.0203692$ & $-0.0272791$ & $-0.026791$ & $-0.0287629$ & $0.0636232$ & $0.0693041$ & $0.0735461$ & $0.044072$ & $-0.075577$ & $-0.0280775$ & $-0.0738394$ & $0.0464309$ & $0.0309385$ & $-0.0157113$ & $-0.105903$ & $-0.030534$ & $0.120089$ & $-0.105678$ & $0.0507493$ & $0.0718716$ & $0.0853522$ & $0.157923$ & $-0.00248046$ & $0.32111$ & $-0.0786266$ & $-0.215873$ & $-0.0110007$ & $0.141005$ & $0.152592$ & $-0.469951$ & $0.200485$ & $-0.0334768$ & $-0.263624$ & $-0.00284638$ \\
Mz & $0.00852949$ & $0.0419341$ & $0.00979456$ & $0.000381292$ & $1$ & $0.00187752$ & $-0.0171422$ & $-0.00829624$ & $-0.0128609$ & $-0.00695202$ & $0.0278162$ & $0.00699326$ & $0.0157647$ & $-0.0250273$ & $-0.00537195$ & $-0.0155412$ & $-0.0282252$ & $-0.0234886$ & $-0.0244382$ & $-0.021949$ & $-0.021121$ & $-0.0205226$ & $-0.040079$ & $-0.0126284$ & $-0.0208717$ & $0.0454138$ & $0.0044981$ & $-0.0192345$ & $0.0208748$ & $0.0143925$ & $0.0274707$ & $-0.00919955$ & $0.00774149$ & $-0.00232502$ & $-0.0534562$ & $-0.0337498$ & $-0.0362035$ & $0.0604327$ & $-0.00813018$ & $0.0369972$ & $-0.0188593$ & $0.0586464$ & $0.0199539$ & $0.0283921$ & $-0.00592121$ & $0.0164308$ & $0.0441082$ & $-0.000609258$ & $0.0440826$ \\
CW & $0.0146819$ & $-0.0315868$ & $-0.0238764$ & $-0.00250256$ & $0.00187752$ & $1$ & $0.0390513$ & $-0.0083773$ & $-0.00835311$ & $0.0228913$ & $0.122711$ & $-0.000994047$ & $-0.0427832$ & $-0.0192149$ & $-0.0663302$ & $-0.0827259$ & $-0.382581$ & $-0.183884$ & $-0.176213$ & $-0.119739$ & $-0.125271$ & $-0.132188$ & $0.0327342$ & $-0.147628$ & $-0.209625$ & $0.0783696$ & $-0.0230246$ & $-0.0518495$ & $-0.0217533$ & $-0.0302703$ & $-0.0199857$ & $0.0431365$ & $-0.0405709$ & $-0.0876156$ & $0.0355228$ & $0.00631284$ & $0.0309798$ & $0.0200365$ & $0.000188822$ & $-0.020775$ & $0.0195843$ & $0.0266822$ & $0.0151556$ & $0.0181113$ & $0.00282925$ & $-0.00691777$ & $-0.0275945$ & $0.0219454$ & $-0.0151472$ \\
CHG & $0.0892997$ & $0.0305403$ & $-0.0517556$ & $0.117667$ & $-0.0171422$ & $0.0390513$ & $1$ & $-0.0152203$ & $0.012152$ & $0.127777$ & $0.0863044$ & $-0.661092$ & $-0.736242$ & $-0.136732$ & $-0.0284968$ & $-0.0426821$ & $-0.146177$ & $-0.130793$ & $-0.115866$ & $-0.08555$ & $-0.0854019$ & $-0.0798528$ & $-0.0130935$ & $-0.0868947$ & $-0.128193$ & $0.0767105$ & $-0.000698573$ & $-0.0111176$ & $-0.0851137$ & $-0.523865$ & $-0.309898$ & $0.948748$ & $-0.527266$ & $0.00109472$ & $-0.0252933$ & $-0.0394505$ & $0.167481$ & $-0.00698627$ & $0.119785$ & $-0.0244823$ & $-0.0904341$ & $0.0204431$ & $0.161399$ & $0.0838677$ & $-0.125581$ & $0.00254992$ & $0.115323$ & $-0.00668042$ & $0.15173$ \\
CHWB & $0.0605266$ & $0.0461157$ & $0.0169412$ & $0.0814388$ & $-0.00829624$ & $-0.0083773$ & $-0.0152203$ & $1$ & $0.989556$ & $-0.555759$ & $-0.876261$ & $-0.105468$ & $0.000656921$ & $0.274902$ & $0.49146$ & $0.485181$ & $-0.21976$ & $-0.419992$ & $-0.423354$ & $0.861337$ & $0.888279$ & $0.881764$ & $0.0341996$ & $-0.62799$ & $-0.395894$ & $-0.623178$ & $0.355929$ & $0.408414$ & $0.0144527$ & $0.007654$ & $0.0105966$ & $-0.0405711$ & $-0.00650938$ & $0.508527$ & $-0.0378076$ & $-0.0108444$ & $0.019267$ & $0.0492113$ & $0.0444769$ & $-0.0212814$ & $-0.0567021$ & $0.0124265$ & $0.0318462$ & $0.0322162$ & $-0.0221748$ & $-0.0246995$ & $0.0981257$ & $-0.091973$ & $-0.0111205$ \\
CHWHB_gaga & $0.0606939$ & $0.0384375$ & $0.0117043$ & $0.0823876$ & $-0.0128609$ & $-0.00835311$ & $0.012152$ & $0.989556$ & $1$ & $-0.556253$ & $-0.865638$ & $-0.0961208$ & $0.00509326$ & $0.26873$ & $0.493081$ & $0.485956$ & $-0.220876$ & $-0.422527$ & $-0.425399$ & $0.851236$ & $0.876616$ & $0.870201$ & $0.0297961$ & $-0.62179$ & $-0.397887$ & $-0.614434$ & $0.343851$ & $0.410022$ & $0.0206722$ & $0.0267645$ & $0.0238488$ & $-0.0158126$ & $0.0148897$ & $0.496663$ & $-0.0434077$ & $-0.0135453$ & $0.0170783$ & $0.0541219$ & $0.044446$ & $-0.0211883$ & $-0.0589077$ & $0.0145442$ & $0.0728521$ & $0.0287791$ & $-0.0290948$ & $-0.0306544$ & $0.102258$ & $-0.096135$ & $-0.0105222$ \\
CHWHB_gagaorth & $-0.0257032$ & $-0.0123031$ & $-0.0205367$ & $-0.0593442$ & $-0.00695202$ & $0.0228913$ & $0.127777$ & $-0.555759$ & $-0.556253$ & $1$ & $0.491061$ & $0.0512594$ & $-0.194101$ & $-0.149179$ & $-0.29477$ & $-0.274304$ & $0.107657$ & $0.237709$ & $0.229031$ & $-0.483662$ & $-0.495963$ & $-0.493297$ & $-0.0267031$ & $0.342441$ & $0.223481$ & $0.366766$ & $-0.174833$ & $-0.236936$ & $-0.064853$ & $-0.178081$ & $-0.112928$ & $0.14577$ & $-0.184338$ & $-0.269188$ & $0.0785386$ & $0.0328355$ & $0.0526481$ & $-0.0052112$ & $-0.0588854$ & $0.0205202$ & $-0.00803074$ & $-0.0408802$ & $-0.0256648$ & $-0.0158005$ & $-0.017053$ & $0.0414072$ & $-0.0273286$ & $0.0989902$ & $0.0444015$ \\
CHD & $-0.0617286$ & $-0.0429983$ & $-0.0224454$ & $-0.0693581$ & $0.0278162$ & $0.122711$ & $0.0863044$ & $-0.876261$ & $-0.865638$ & $0.491061$ & $1$ & $0.0641226$ & $-0.0842856$ & $-0.663274$ & $-0.601097$ & $-0.588769$ & $-0.249269$ & $0.00134732$ & $0.00840934$ & $-0.99512$ & $-0.995276$ & $-0.983119$ & $0.0386125$ & $0.22005$ & $-0.0304308$ & $0.700397$ & $-0.219516$ & $-0.446137$ & $-0.0242392$ & $-0.0715958$ & $-0.0605896$ & $0.115233$ & $-0.0625836$ & $-0.305784$ & $0.0575211$ & $0.0116358$ & $0.00533354$ & $-0.0575973$ & $-0.0516$ & $0.0243633$ & $0.067007$ & $-0.0114767$ & $-0.0406472$ & $-0.0346102$ & $0.00718478$ & $0.0278746$ & $-0.104672$ & $0.101009$ & $0.0361526$ \\
CHbox & $-0.123258$ & $-0.107687$ & $0.0455475$ & $-0.141653$ & $0.00699326$ & $-0.000994047$ & $-0.661092$ & $-0.105468$ & $-0.0961208$ & $0.0512594$ & $0.0641226$ & $1$ & $0.908908$ & $0.0150541$ & $-0.0108858$ & $-0.00315812$ & $0.0847184$ & $0.0808503$ & $0.0720883$ & $-0.0606812$ & $-0.0703557$ & $-0.0741593$ & $-0.0159323$ & $0.10491$ & $0.0620287$ & $0.0401821$ & $-0.111314$ & $-0.0455143$ & $0.131182$ & $0.666532$ & $0.372607$ & $-0.549231$ & $0.693071$ & $-0.0849429$ & $0.0544691$ & $0.0678731$ & $-0.144262$ & $-0.00019327$ & $-0.086155$ & $0.0216412$ & $0.0652543$ & $0.000982461$ & $-0.123174$ & $-0.0783294$ & $0.132492$ & $-0.0131689$ & $-0.11698$ & $0.0023829$ & $-0.0994007$ \\
CH & $-0.125904$ & $-0.0968921$ & $0.0651942$ & $-0.149678$ & $0.0157647$ & $-0.0427832$ & $-0.736242$ & $0.000656921$ & $0.00509326$ & $-0.194101$ & $-0.0842856$ & $0.908908$ & $1$ & $0.146456$ & $0.049737$ & $0.0534109$ & $0.174853$ & $0.142904$ & $0.132557$ & $0.0840574$ & $0.0798144$ & $0.0723706$ & $-0.014342$ & $0.113469$ & $0.13081$ & $-0.065214$ & $-0.051745$ & $0.0221948$ & $0.141826$ & $0.682181$ & $0.400077$ & $-0.648471$ & $0.703809$ & $-0.0308349$ & $0.0231747$ & $0.0559417$ & $-0.184331$ & $0.0094178$ & $-0.0976113$ & $0.0205232$ & $0.043148$ & $0.0141079$ & $-0.132043$ & $-0.0661997$ & $0.138921$ & $-0.0325468$ & $-0.11894$ & $-0.0316537$ & $-0.111105$ \\
CHL1_11 & $0.018634$ & $0.00619959$ & $0.0267852$ & $0.0309129$ & $-0.0250273$ & $-0.0192149$ & $-0.136732$ & $0.274902$ & $0.26873$ & $-0.149179$ & $-0.663274$ & $0.0150541$ & $0.146456$ & $1$ & $0.416935$ & $0.389656$ & $0.634139$ & $0.576882$ & $0.574923$ & $0.671932$ & $0.638499$ & $0.622237$ & $-0.121943$ & $0.430646$ & $0.578662$ & $-0.449183$ & $-0.0795462$ & $0.268556$ & $0.0188395$ & $0.114213$ & $0.0956648$ & $-0.159174$ & $0.114428$ & $-0.180182$ & $-0.0539794$ & $-0.0122997$ & $-0.0282725$ & $0.0542112$ & $0.0281767$ & $-0.0152478$ & $-0.0635452$ & $0.0105971$ & $0.0282889$ & $0.0207635$ & $-0.0018377$ & $-0.00620774$ & $0.0487925$ & $-0.0586862$ & $-0.0359755$ \\
CHL1_22 & $0.0446384$ & $0.00776658$ & $-0.000180324$ & $0.0202593$ & $-0.00537195$ & $-0.0663302$ & $-0.0284968$ & $0.49146$ & $0.493081$ & $-0.29477$ & $-0.601097$ & $-0.0108858$ & $0.049737$ & $0.416935$ & $1$ & $0.551779$ & $0.166243$ & $-0.324548$ & $-0.0270906$ & $0.641045$ & $0.547146$ & $0.538665$ & $-0.162255$ & $0.0118767$ & $-0.0914669$ & $-0.410706$ & $-0.310682$ & $0.229276$ & $0.0147178$ & $0.0664703$ & $0.0535924$ & $-0.0415722$ & $0.0566754$ & $-0.460628$ & $-0.0631022$ & $-0.0371352$ & $-0.0332545$ & $0.0037911$ & $0.0576754$ & $-0.00134388$ & $-0.0257939$ & $-0.014971$ & $0.0774744$ & $0.0344364$ & $-0.0133729$ & $-0.033102$ & $0.0855039$ & $-0.0357689$ & $-0.0165545$ \\
CHL1_33 & $0.0741091$ & $0.052074$ & $0.0232288$ & $0.0203692$ & $-0.0155412$ & $-0.0827259$ & $-0.0426821$ & $0.485181$ & $0.485956$ & $-0.274304$ & $-0.588769$ & $-0.00315812$ & $0.0534109$ & $0.389656$ & $0.551779$ & $1$ & $0.164634$ & $-0.0277496$ & $-0.337764$ & $0.628643$ & $0.537731$ & $0.54484$ & $-0.175571$ & $0.0133631$ & $-0.101924$ & $-0.372072$ & $-0.301404$ & $0.23947$ & $0.0234484$ & $0.0736547$ & $0.0789633$ & $-0.0569498$ & $0.0444913$ & $-0.00555212$ & $-0.0603927$ & $0.0148761$ & $-0.0338254$ & $0.039203$ & $0.0743252$ & $-0.00389415$ & $0.00609108$ & $-0.00682153$ & $0.0561413$ & $0.0836947$ & $0.0449735$ & $-0.0466375$ & $0.100457$ & $-0.0761934$ & $-0.0613714$ \\
CHL3_11 & $-0.00117376$ & $-0.00726991$ & $0.0148794$ & $-0.0272791$ & $-0.0282252$ & $-0.382581$ & $-0.146177$ & $-0.21976$ & $-0.220876$ & $0.107657$ & $-0.249269$ & $0.0847184$ & $0.174853$ & $0.634139$ & $0.166243$ & $0.164634$ & $1$ & $0.816585$ & $0.805819$ & $0.258618$ & $0.229539$ & $0.220253$ & $-0.111706$ & $0.753206$ & $0.843521$ & $-0.162694$ & $-0.168235$ & $0.0902056$ & $0.0225654$ & $0.130778$ & $0.0949551$ & $-0.152042$ & $0.146402$ & $-0.246802$ & $-0.0401678$ & $0.00446351$ & $-0.0477106$ & $0.00964714$ & $0.0103874$ & $-0.00377643$ & $-0.0133016$ & $0.000429765$ & $0.0118071$ & $-0.0133139$ & $0.0339249$ & $-0.0110101$ & $0.0118218$ & $-0.0194611$ & $-0.0544956$ \\
CHL3_22 & $-0.0223755$ & $-0.0136455$ & $0.0223607$ & $-0.026791$ & $-0.0234886$ & $-0.183884$ & $-0.130793$ & $-0.419992$ & $-0.422527$ & $0.237709$ & $0.00134732$ & $0.0808503$ & $0.142904$ & $0.576882$ & $-0.324548$ & $-0.0277496$ & $0.816585$ & $1$ & $0.783265$ & $-0.00369452$ & $-0.00196394$ & $-0.00780923$ & $-0.0510727$ & $0.744324$ & $0.86494$ & $0.0135581$ & $-0.0571622$ & $-0.0108045$ & $0.0163448$ & $0.094104$ & $0.0755208$ & $-0.133729$ & $0.106141$ & $-0.061239$ & $-0.00894365$ & $0.0212888$ & $-0.0312345$ & $0.0233687$ & $-0.0167786$ & $-0.00601125$ & $-0.0119457$ & $0.0109407$ & $-0.0216136$ & $-0.0125837$ & $0.0338435$ & $0.0106235$ & $-0.0240112$ & $-0.0104718$ & $-0.0456712$ \\
CHL3_33 & $-0.0448885$ & $-0.0449592$ & $0.00672615$ & $-0.0287629$ & $-0.0244382$ & $-0.176213$ & $-0.115866$ & $-0.423354$ & $-0.425399$ & $0.229031$ & $0.00840934$ & $0.0720883$ & $0.132557$ & $0.574923$ & $-0.0270906$ & $-0.337764$ & $0.805819$ & $0.783265$ & $1$ & $-0.0115527$ & $-0.00926514$ & $-0.0135261$ & $-0.0369064$ & $0.734777$ & $0.866788$ & $-0.0011038$ & $-0.0516457$ & $-0.0209741$ & $0.000168008$ & $0.086452$ & $0.0519708$ & $-0.116387$ & $0.112652$ & $-0.372565$ & $-0.0104052$ & $-0.0070576$ & $-0.0222846$ & $-0.00298068$ & $-0.0273266$ & $-0.00473599$ & $-0.0325908$ & $0.00246602$ & $-0.00901828$ & $-0.0467574$ & $-0.00440321$ & $0.0189957$ & $-0.0426587$ & $0.0231919$ & $-0.0109075$ \\
CHe_11 & $0.0595135$ & $0.0513392$ & $0.0308697$ & $0.0636232$ & $-0.021949$ & $-0.119739$ & $-0.08555$ & $0.861337$ & $0.851236$ & $-0.483662$ & $-0.99512$ & $-0.0606812$ & $0.0840574$ & $0.671932$ & $0.641045$ & $0.628643$ & $0.258618$ & $-0.00369452$ & $-0.0115527$ & $1$ & $0.985588$ & $0.973862$ & $-0.0543938$ & $-0.189054$ & $0.0328886$ & $-0.695533$ & $0.167995$ & $0.440295$ & $0.0273439$ & $0.0741275$ & $0.0648017$ & $-0.113917$ & $0.0627782$ & $0.251283$ & $-0.0606013$ & $-0.00839073$ & $-0.00911516$ & $0.0550442$ & $0.0532144$ & $-0.0235168$ & $-0.0643902$ & $0.0105347$ & $0.0470808$ & $0.0448769$ & $-0.00871997$ & $-0.0325178$ & $0.112595$ & $-0.100474$ & $-0.0364558$ \\
CHe_22 & $0.0553355$ & $0.0541719$ & $0.0288493$ & $0.0693041$ & $-0.021121$ & $-0.125271$ & $-0.0854019$ & $0.888279$ & $0.876616$ & $-0.495963$ & $-0.995276$ & $-0.0703557$ & $0.0798144$ & $0.638499$ & $0.547146$ & $0.537731$ & $0.229539$ & $-0.00196394$ & $-0.00926514$ & $0.985588$ & $1$ & $0.986253$ & $-0.0180843$ & $-0.257381$ & $0.023597$ & $-0.699994$ & $0.280529$ & $0.449025$ & $0.0222371$ & $0.0655771$ & $0.0541384$ & $-0.114601$ & $0.0583716$ & $0.370822$ & $-0.0552209$ & $-0.00897346$ & $-0.000585423$ & $0.0582771$ & $0.0464007$ & $-0.0234889$ & $-0.0683562$ & $0.0133642$ & $0.033485$ & $0.0337671$ & $-0.0110163$ & $-0.0269303$ & $0.102693$ & $-0.0994619$ & $-0.0296337$ \\
CHe_33 & $0.0528472$ & $0.059131$ & $0.0307832$ & $0.0735461$ & $-0.0205226$ & $-0.132188$ & $-0.0798528$ & $0.881764$ & $0.870201$ & $-0.493297$ & $-0.983119$ & $-0.0741593$ & $0.0723706$ & $0.622237$ & $0.538665$ & $0.54484$ & $0.220253$ & $-0.00780923$ & $-0.0135261$ & $0.973862$ & $0.986253$ & $1$ & $-0.0160934$ & $-0.263129$ & $0.0192221$ & $-0.690457$ & $0.284492$ & $0.446371$ & $0.0182996$ & $0.0604511$ & $0.0559898$ & $-0.10816$ & $0.0535197$ & $0.375222$ & $-0.0557919$ & $-0.00616247$ & $0.0064193$ & $0.0580216$ & $0.0518588$ & $-0.0272658$ & $-0.0697991$ & $0.0120478$ & $0.0325105$ & $0.0378015$ & $-0.011401$ & $-0.0283911$ & $0.103407$ & $-0.100307$ & $-0.0334133$ \\
CHQ1_11 & $-0.0188684$ & $-0.00552956$ & $0.0398517$ & $0.044072$ & $-0.040079$ & $0.0327342$ & $-0.0130935$ & $0.0341996$ & $0.0297961$ & $-0.0267031$ & $0.0386125$ & $-0.0159323$ & $-0.014342$ & $-0.121943$ & $-0.162255$ & $-0.175571$ & $-0.111706$ & $-0.0510727$ & $-0.0369064$ & $-0.0543938$ & $-0.0180843$ & $-0.0160934$ & $1$ & $-0.145897$ & $0.0240064$ & $-0.545776$ & $0.358921$ & $0.00599761$ & $-0.0385429$ & $-0.0202274$ & $-0.0155242$ & $-0.0110549$ & $-0.00897862$ & $0.185958$ & $0.0145177$ & $-0.00303617$ & $0.0153681$ & $-0.00179053$ & $-0.0705636$ & $1.11419e-06$ & $0.0162749$ & $0.00816088$ & $-0.0090824$ & $-0.029474$ & $-0.062051$ & $-0.0447266$ & $-0.0544526$ & $0.0399508$ & $0.019098$ \\
CHQ1_33 & $-0.0437427$ & $-0.0407867$ & $0.00992376$ & $-0.075577$ & $-0.0126284$ & $-0.147628$ & $-0.0868947$ & $-0.62799$ & $-0.62179$ & $0.342441$ & $0.22005$ & $0.10491$ & $0.113469$ & $0.430646$ & $0.0118767$ & $0.0133631$ & $0.753206$ & $0.744324$ & $0.734777$ & $-0.189054$ & $-0.257381$ & $-0.263129$ & $-0.145897$ & $1$ & $0.756546$ & $0.178586$ & $-0.38362$ & $-0.0615454$ & $0.0115857$ & $0.0875142$ & $0.0689801$ & $-0.083197$ & $0.0958596$ & $-0.594285$ & $-0.0300043$ & $-0.000707378$ & $-0.0447792$ & $-0.0137705$ & $-0.0162234$ & $0.0206994$ & $0.0328383$ & $-0.0232609$ & $0.000825988$ & $-0.00537535$ & $0.0296383$ & $-0.00330931$ & $-0.0333836$ & $0.0565011$ & $-0.0449613$ \\
CHQ3_11 & $-0.0623237$ & $-0.0252735$ & $0.0394435$ & $-0.0280775$ & $-0.0208717$ & $-0.209625$ & $-0.128193$ & $-0.395894$ & $-0.397887$ & $0.223481$ & $-0.0304308$ & $0.0620287$ & $0.13081$ & $0.578662$ & $-0.0914669$ & $-0.101924$ & $0.843521$ & $0.86494$ & $0.866788$ & $0.0328886$ & $0.023597$ & $0.0192221$ & $0.0240064$ & $0.756546$ & $1$ & $-0.0188656$ & $0.123594$ & $-0.00199714$ & $-0.00794466$ & $0.0856825$ & $0.0610702$ & $-0.133054$ & $0.102072$ & $-0.252876$ & $-0.03072$ & $0.00861495$ & $-0.0252508$ & $0.023167$ & $-0.0215239$ & $-0.00602873$ & $-0.0148524$ & $0.0131937$ & $-0.0229628$ & $-0.0282793$ & $0.00700671$ & $-0.00466106$ & $-0.0295949$ & $0.0156514$ & $-0.0263708$ \\
CHu_11 & $-0.0352809$ & $-0.00784392$ & $-0.0451551$ & $-0.0738394$ & $0.0454138$ & $0.0783696$ & $0.0767105$ & $-0.623178$ & $-0.614434$ & $0.366766$ & $0.700397$ & $0.0401821$ & $-0.065214$ & $-0.449183$ & $-0.410706$ & $-0.372072$ & $-0.162694$ & $0.0135581$ & $-0.0011038$ & $-0.695533$ & $-0.699994$ & $-0.690457$ & $-0.545776$ & $0.178586$ & $-0.0188656$ & $1$ & $-0.166144$ & $-0.320862$ & $0.00517787$ & $-0.0491773$ & $-0.0525542$ & $0.0962015$ & $-0.0499975$ & $-0.233018$ & $0.0390784$ & $0.0211323$ & $0.0135642$ & $-0.00992874$ & $0.012947$ & $0.0237089$ & $0.0329123$ & $-0.0102486$ & $-0.023013$ & $0.000490812$ & $0.0463347$ & $0.052803$ & $-0.05287$ & $0.0347031$ & $0.0273443$ \\
CHd_11 & $-0.0088063$ & $0.0336253$ & $0.0315292$ & $0.0464309$ & $0.0044981$ & $-0.0230246$ & $-0.000698573$ & $0.355929$ & $0.343851$ & $-0.174833$ & $-0.219516$ & $-0.111314$ & $-0.051745$ & $-0.0795462$ & $-0.310682$ & $-0.301404$ & $-0.168235$ & $-0.0571622$ & $-0.0516457$ & $0.167995$ & $0.280529$ & $0.284492$ & $0.358921$ & $-0.38362$ & $0.123594$ & $-0.166144$ & $1$ & $0.132434$ & $-0.0352563$ & $-0.0651989$ & $-0.0631958$ & $-0.0150627$ & $-0.0582955$ & $0.656768$ & $-0.00391127$ & $0.0239961$ & $0.0699118$ & $0.0546457$ & $-0.0164433$ & $-0.0159066$ & $-0.0259317$ & $0.0254635$ & $-0.056201$ & $-0.0149984$ & $-0.0293344$ & $-0.0201355$ & $-0.0181398$ & $-0.00550689$ & $0.0273326$ \\
CHd_33 & $0.0486189$ & $0.0163381$ & $-0.00104345$ & $0.0309385$ & $-0.0192345$ & $-0.0518495$ & $-0.0111176$ & $0.408414$ & $0.410022$ & $-0.236936$ & $-0.446137$ & $-0.0455143$ & $0.0221948$ & $0.268556$ & $0.229276$ & $0.23947$ & $0.0902056$ & $-0.0108045$ & $-0.0209741$ & $0.440295$ & $0.449025$ & $0.446371$ & $0.00599761$ & $-0.0615454$ & $-0.00199714$ & $-0.320862$ & $0.132434$ & $1$ & $0.0223679$ & $0.00775844$ & $0.0112649$ & $-0.0321441$ & $0.0157828$ & $0.194848$ & $-0.063463$ & $-0.0145076$ & $-0.00886195$ & $0.0211461$ & $0.00624834$ & $0.000548803$ & $-0.00510952$ & $-0.021925$ & $0.0610542$ & $0.010189$ & $-0.0386714$ & $-0.00445511$ & $0.0117881$ & $-0.0632547$ & $0.0178025$ \\
CeH_22r & $-0.0225793$ & $0.00462695$ & $0.0261697$ & $-0.0157113$ & $0.0208748$ & $-0.0217533$ & $-0.0851137$ & $0.0144527$ & $0.0206722$ & $-0.064853$ & $-0.0242392$ & $0.131182$ & $0.141826$ & $0.0188395$ & $0.0147178$ & $0.0234484$ & $0.0225654$ & $0.0163448$ & $0.000168008$ & $0.0273439$ & $0.0222371$ & $0.0182996$ & $-0.0385429$ & $0.0115857$ & $-0.00794466$ & $0.00517787$ & $-0.0352563$ & $0.0223679$ & $1$ & $0.140845$ & $0.114868$ & $-0.0756096$ & $0.142893$ & $0.00751944$ & $-0.0136127$ & $0.0120973$ & $-0.0428132$ & $-0.017367$ & $-0.0164747$ & $0.0330161$ & $0.0119027$ & $0.0647731$ & $0.0215176$ & $0.0177358$ & $0.0292891$ & $-0.00932663$ & $0.00661516$ & $-0.0179582$ & $0.00661194$ \\
CeH_33r & $-0.0980113$ & $-0.0679118$ & $0.0375762$ & $-0.105903$ & $0.0143925$ & $-0.0302703$ & $-0.523865$ & $0.007654$ & $0.0267645$ & $-0.178081$ & $-0.0715958$ & $0.666532$ & $0.682181$ & $0.114213$ & $0.0664703$ & $0.0736547$ & $0.130778$ & $0.094104$ & $0.086452$ & $0.0741275$ & $0.0655771$ & $0.0604511$ & $-0.0202274$ & $0.0875142$ & $0.0856825$ & $-0.0491773$ & $-0.0651989$ & $0.00775844$ & $0.140845$ & $1$ & $0.497191$ & $-0.373008$ & $0.827998$ & $-0.0428637$ & $-0.0292968$ & $0.0104765$ & $-0.199523$ & $0.0280003$ & $-0.093276$ & $0.0263095$ & $0.0809554$ & $0.0189244$ & $-0.0743485$ & $-0.0685688$ & $0.146303$ & $-0.0193607$ & $-0.0851679$ & $-0.00971227$ & $-0.0697944$ \\
CuH_22r & $-0.0707896$ & $-0.0198233$ & $0.0366134$ & $-0.030534$ & $0.0274707$ & $-0.0199857$ & $-0.309898$ & $0.0105966$ & $0.0238488$ & $-0.112928$ & $-0.0605896$ & $0.372607$ & $0.400077$ & $0.0956648$ & $0.0535924$ & $0.0789633$ & $0.0949551$ & $0.0755208$ & $0.0519708$ & $0.0648017$ & $0.0541384$ & $0.0559898$ & $-0.0155242$ & $0.0689801$ & $0.0610702$ & $-0.0525542$ & $-0.0631958$ & $0.0112649$ & $0.114868$ & $0.497191$ & $1$ & $-0.202854$ & $0.513711$ & $-0.0325517$ & $-0.0364106$ & $-0.0375072$ & $-0.0777161$ & $0.00149721$ & $-0.00131586$ & $0.0375757$ & $0.0303954$ & $0.0275164$ & $-0.0254177$ & $0.0123387$ & $0.0625517$ & $0.000129108$ & $0.139708$ & $-0.0653411$ & $-0.0709855$ \\
CuH_33r & $0.0777263$ & $0.0231271$ & $-0.0505054$ & $0.120089$ & $-0.00919955$ & $0.0431365$ & $0.948748$ & $-0.0405711$ & $-0.0158126$ & $0.14577$ & $0.115233$ & $-0.549231$ & $-0.648471$ & $-0.159174$ & $-0.0415722$ & $-0.0569498$ & $-0.152042$ & $-0.133729$ & $-0.116387$ & $-0.113917$ & $-0.114601$ & $-0.10816$ & $-0.0110549$ & $-0.083197$ & $-0.133054$ & $0.0962015$ & $-0.0150627$ & $-0.0321441$ & $-0.0756096$ & $-0.373008$ & $-0.202854$ & $1$ & $-0.347758$ & $-0.0111218$ & $-0.00763094$ & $-0.0164364$ & $0.150693$ & $-0.00691708$ & $0.102689$ & $-0.0205565$ & $-0.0849937$ & $0.0170799$ & $0.16277$ & $0.0837096$ & $-0.124499$ & $-0.0123284$ & $0.0906977$ & $-0.00305393$ & $0.164584$ \\
CdH_33r & $-0.10581$ & $-0.0622602$ & $0.0704624$ & $-0.105678$ & $0.00774149$ & $-0.0405709$ & $-0.527266$ & $-0.00650938$ & $0.0148897$ & $-0.184338$ & $-0.0625836$ & $0.693071$ & $0.703809$ & $0.114428$ & $0.0566754$ & $0.0444913$ & $0.146402$ & $0.106141$ & $0.112652$ & $0.0627782$ & $0.0583716$ & $0.0535197$ & $-0.00897862$ & $0.0958596$ & $0.102072$ & $-0.0499975$ & $-0.0582955$ & $0.0157828$ & $0.142893$ & $0.827998$ & $0.513711$ & $-0.347758$ & $1$ & $-0.0448018$ & $-0.0648642$ & $0.0593178$ & $-0.189154$ & $0.029751$ & $-0.145384$ & $0.0252464$ & $0.102378$ & $0.0130641$ & $-0.0756341$ & $-0.111391$ & $0.0630546$ & $0.0122628$ & $-0.173654$ & $0.0764545$ & $0.157439$ \\
CLL_1221 & $0.021964$ & $0.0757077$ & $0.0229924$ & $0.0507493$ & $-0.00232502$ & $-0.0876156$ & $0.00109472$ & $0.508527$ & $0.496663$ & $-0.269188$ & $-0.305784$ & $-0.0849429$ & $-0.0308349$ & $-0.180182$ & $-0.460628$ & $-0.00555212$ & $-0.246802$ & $-0.061239$ & $-0.372565$ & $0.251283$ & $0.370822$ & $0.375222$ & $0.185958$ & $-0.594285$ & $-0.252876$ & $-0.233018$ & $0.656768$ & $0.194848$ & $0.00751944$ & $-0.0428637$ & $-0.0325517$ & $-0.0111218$ & $-0.0448018$ & $1$ & $0.0182854$ & $0.0336741$ & $0.0445555$ & $0.0417885$ & $-0.00332369$ & $-0.0179698$ & $-0.0189673$ & $0.0251588$ & $-0.0417998$ & $0.00562395$ & $0.000615001$ & $-0.0108695$ & $0.0257483$ & $-0.0624432$ & $-0.00591684$ \\
eHggint & $-0.0209955$ & $-0.0121407$ & $-0.24014$ & $0.0718716$ & $-0.0534562$ & $0.0355228$ & $-0.0252933$ & $-0.0378076$ & $-0.0434077$ & $0.0785386$ & $0.0575211$ & $0.0544691$ & $0.0231747$ & $-0.0539794$ & $-0.0631022$ & $-0.0603927$ & $-0.0401678$ & $-0.00894365$ & $-0.0104052$ & $-0.0606013$ & $-0.0552209$ & $-0.0557919$ & $0.0145177$ & $-0.0300043$ & $-0.03072$ & $0.0390784$ & $-0.00391127$ & $-0.063463$ & $-0.0136127$ & $-0.0292968$ & $-0.0364106$ & $-0.00763094$ & $-0.0648642$ & $0.0182854$ & $1$ & $-0.0616653$ & $0.0311461$ & $-0.103315$ & $-0.156433$ & $-0.0826625$ & $-0.30319$ & $-0.0116284$ & $-0.167416$ & $-0.0769399$ & $-0.048848$ & $-0.00921739$ & $-0.0431505$ & $-0.178196$ & $-0.191019$ \\
eHggpar & $0.15706$ & $0.134806$ & $0.41976$ & $0.0853522$ & $-0.0337498$ & $0.00631284$ & $-0.0394505$ & $-0.0108444$ & $-0.0135453$ & $0.0328355$ & $0.0116358$ & $0.0678731$ & $0.0559417$ & $-0.0122997$ & $-0.0371352$ & $0.0148761$ & $0.00446351$ & $0.0212888$ & $-0.0070576$ & $-0.00839073$ & $-0.00897346$ & $-0.00616247$ & $-0.00303617$ & $-0.000707378$ & $0.00861495$ & $0.0211323$ & $0.0239961$ & $-0.0145076$ & $0.0120973$ & $0.0104765$ & $-0.0375072$ & $-0.0164364$ & $0.0593178$ & $0.0336741$ & $-0.0616653$ & $1$ & $0.312288$ & $0.00839201$ & $0.0549366$ & $-0.033284$ & $0.0608305$ & $0.0245942$ & $-0.00576762$ & $0.30885$ & $-0.0127097$ & $-0.0737347$ & $-0.147895$ & $0.0884072$ & $0.157031$ \\
eHWWint & $0.131248$ & $0.0587166$ & $0.0704338$ & $0.157923$ & $-0.0362035$ & $0.0309798$ & $0.167481$ & $0.019267$ & $0.0170783$ & $0.0526481$ & $0.00533354$ & $-0.144262$ & $-0.184331$ & $-0.0282725$ & $-0.0332545$ & $-0.0338254$ & $-0.0477106$ & $-0.0312345$ & $-0.0222846$ & $-0.00911516$ & $-0.000585423$ & $0.0064193$ & $0.0153681$ & $-0.0447792$ & $-0.0252508$ & $0.0135642$ & $0.0699118$ & $-0.00886195$ & $-0.0428132$ & $-0.199523$ & $-0.0777161$ & $0.150693$ & $-0.189154$ & $0.0445555$ & $0.0311461$ & $0.312288$ & $1$ & $-0.0705538$ & $0.30762$ & $-0.037969$ & $-0.0166017$ & $-0.0756345$ & $0.0412956$ & $0.385205$ & $-0.148915$ & $-0.0417362$ & $0.0980284$ & $0.0305239$ & $0.0370929$ \\
eHWWpar & $0.042463$ & $0.0431745$ & $0.00400233$ & $-0.00248046$ & $0.0604327$ & $0.0200365$ & $-0.00698627$ & $0.0492113$ & $0.0541219$ & $-0.0052112$ & $-0.0575973$ & $-0.00019327$ & $0.0094178$ & $0.0542112$ & $0.0037911$ & $0.039203$ & $0.00964714$ & $0.0233687$ & $-0.00298068$ & $0.0550442$ & $0.0582771$ & $0.0580216$ & $-0.00179053$ & $-0.0137705$ & $0.023167$ & $-0.00992874$ & $0.0546457$ & $0.0211461$ & $-0.017367$ & $0.0280003$ & $0.00149721$ & $-0.00691708$ & $0.029751$ & $0.0417885$ & $-0.103315$ & $0.00839201$ & $-0.0705538$ & $1$ & $0.013293$ & $0.0631977$ & $0.107998$ & $-0.0150532$ & $0.117876$ & $0.00706276$ & $0.107024$ & $0.094367$ & $-0.0129621$ & $-0.0605821$ & $0.0175427$ \\
eHZZint & $0.305876$ & $0.109453$ & $-0.101326$ & $0.32111$ & $-0.00813018$ & $0.000188822$ & $0.119785$ & $0.0444769$ & $0.044446$ & $-0.0588854$ & $-0.0516$ & $-0.086155$ & $-0.0976113$ & $0.0281767$ & $0.0576754$ & $0.0743252$ & $0.0103874$ & $-0.0167786$ & $-0.0273266$ & $0.0532144$ & $0.0464007$ & $0.0518588$ & $-0.0705636$ & $-0.0162234$ & $-0.0215239$ & $0.012947$ & $-0.0164433$ & $0.00624834$ & $-0.0164747$ & $-0.093276$ & $-0.00131586$ & $0.102689$ & $-0.145384$ & $-0.00332369$ & $-0.156433$ & $0.0549366$ & $0.30762$ & $0.013293$ & $1$ & $-0.0855488$ & $0.0544977$ & $-0.000734106$ & $0.059522$ & $0.395958$ & $0.0224741$ & $-0.0186173$ & $0.229173$ & $-0.199509$ & $-0.104299$ \\
eHZZpar & $-0.0494078$ & $-0.0173612$ & $-0.0584253$ & $-0.0786266$ & $0.0369972$ & $-0.020775$ & $-0.0244823$ & $-0.0212814$ & $-0.0211883$ & $0.0205202$ & $0.0243633$ & $0.0216412$ & $0.0205232$ & $-0.0152478$ & $-0.00134388$ & $-0.00389415$ & $-0.00377643$ & $-0.00601125$ & $-0.00473599$ & $-0.0235168$ & $-0.0234889$ & $-0.0272658$ & $1.11419e-06$ & $0.0206994$ & $-0.00602873$ & $0.0237089$ & $-0.0159066$ & $0.000548803$ & $0.0330161$ & $0.0263095$ & $0.0375757$ & $-0.0205565$ & $0.0252464$ & $-0.0179698$ & $-0.0826625$ & $-0.033284$ & $-0.037969$ & $0.0631977$ & $-0.0855488$ & $1$ & $0.0612377$ & $0.00484693$ & $0.0244655$ & $-0.0402733$ & $0.0903715$ & $-0.0308462$ & $-0.023173$ & $0.0274397$ & $-0.000851253$ \\
eHZgaint & $-0.00735133$ & $0.0684248$ & $-0.032418$ & $-0.215873$ & $-0.0188593$ & $0.0195843$ & $-0.0904341$ & $-0.0567021$ & $-0.0589077$ & $-0.00803074$ & $0.067007$ & $0.0652543$ & $0.043148$ & $-0.0635452$ & $-0.0257939$ & $0.00609108$ & $-0.0133016$ & $-0.0119457$ & $-0.0325908$ & $-0.0643902$ & $-0.0683562$ & $-0.0697991$ & $0.0162749$ & $0.0328383$ & $-0.0148524$ & $0.0329123$ & $-0.0259317$ & $-0.00510952$ & $0.0119027$ & $0.0809554$ & $0.0303954$ & $-0.0849937$ & $0.102378$ & $-0.0189673$ & $-0.30319$ & $0.0608305$ & $-0.0166017$ & $0.107998$ & $0.0544977$ & $0.0612377$ & $1$ & $-0.0578677$ & $-0.0812135$ & $-0.0236859$ & $0.236949$ & $0.0746515$ & $-0.0722739$ & $0.235793$ & $0.0515328$ \\
eHZgapar & $-0.038214$ & $-0.0261399$ & $0.0690686$ & $-0.0110007$ & $0.0586464$ & $0.0266822$ & $0.0204431$ & $0.0124265$ & $0.0145442$ & $-0.0408802$ & $-0.0114767$ & $0.000982461$ & $0.0141079$ & $0.0105971$ & $-0.014971$ & $-0.00682153$ & $0.000429765$ & $0.0109407$ & $0.00246602$ & $0.0105347$ & $0.0133642$ & $0.0120478$ & $0.00816088$ & $-0.0232609$ & $0.0131937$ & $-0.0102486$ & $0.0254635$ & $-0.021925$ & $0.0647731$ & $0.0189244$ & $0.0275164$ & $0.0170799$ & $0.0130641$ & $0.0251588$ & $-0.0116284$ & $0.0245942$ & $-0.0756345$ & $-0.0150532$ & $-0.000734106$ & $0.00484693$ & $-0.0578677$ & $1$ & $-0.0595433$ & $-0.0350464$ & $0.0408857$ & $-0.0249933$ & $0.0515302$ & $0.035554$ & $-0.0251962$ \\
eHgagaint & $0.0783039$ & $-0.0582058$ & $-0.0259709$ & $0.141005$ & $0.0199539$ & $0.0151556$ & $0.161399$ & $0.0318462$ & $0.0728521$ & $-0.0256648$ & $-0.0406472$ & $-0.123174$ & $-0.132043$ & $0.0282889$ & $0.0774744$ & $0.0561413$ & $0.0118071$ & $-0.0216136$ & $-0.00901828$ & $0.0470808$ & $0.033485$ & $0.0325105$ & $-0.0090824$ & $0.000825988$ & $-0.0229628$ & $-0.023013$ & $-0.056201$ & $0.0610542$ & $0.0215176$ & $-0.0743485$ & $-0.0254177$ & $0.16277$ & $-0.0756341$ & $-0.0417998$ & $-0.167416$ & $-0.00576762$ & $0.0412956$ & $0.117876$ & $0.059522$ & $0.0244655$ & $-0.0812135$ & $-0.0595433$ & $1$ & $0.0588245$ & $-0.3069$ & $-0.164968$ & $0.109318$ & $-0.118472$ & $0.0340674$ \\
eHmumuint & $0.208633$ & $0.388556$ & $0.0928569$ & $0.152592$ & $0.0283921$ & $0.0181113$ & $0.0838677$ & $0.0322162$ & $0.0287791$ & $-0.0158005$ & $-0.0346102$ & $-0.0783294$ & $-0.0661997$ & $0.0207635$ & $0.0344364$ & $0.0836947$ & $-0.0133139$ & $-0.0125837$ & $-0.0467574$ & $0.0448769$ & $0.0337671$ & $0.0378015$ & $-0.029474$ & $-0.00537535$ & $-0.0282793$ & $0.000490812$ & $-0.0149984$ & $0.010189$ & $0.0177358$ & $-0.0685688$ & $0.0123387$ & $0.0837096$ & $-0.111391$ & $0.00562395$ & $-0.0769399$ & $0.30885$ & $0.385205$ & $0.00706276$ & $0.395958$ & $-0.0402733$ & $-0.0236859$ & $-0.0350464$ & $0.0588245$ & $1$ & $-0.0860432$ & $-0.242085$ & $0.178245$ & $-0.132832$ & $-0.108068$ \\
eHtautauint & $0.272622$ & $-0.0181758$ & $-0.284401$ & $-0.469951$ & $-0.00592121$ & $0.00282925$ & $-0.125581$ & $-0.0221748$ & $-0.0290948$ & $-0.017053$ & $0.00718478$ & $0.132492$ & $0.138921$ & $-0.0018377$ & $-0.0133729$ & $0.0449735$ & $0.0339249$ & $0.0338435$ & $-0.00440321$ & $-0.00871997$ & $-0.0110163$ & $-0.011401$ & $-0.062051$ & $0.0296383$ & $0.00700671$ & $0.0463347$ & $-0.0293344$ & $-0.0386714$ & $0.0292891$ & $0.146303$ & $0.0625517$ & $-0.124499$ & $0.0630546$ & $0.000615001$ & $-0.048848$ & $-0.0127097$ & $-0.148915$ & $0.107024$ & $0.0224741$ & $0.0903715$ & $0.236949$ & $0.0408857$ & $-0.3069$ & $-0.0860432$ & $1$ & $0.0389214$ & $0.0746496$ & $0.0193434$ & $-0.250684$ \\
eHccint & $-0.0184413$ & $-0.245024$ & $-0.110037$ & $0.200485$ & $0.0164308$ & $-0.00691777$ & $0.00254992$ & $-0.0246995$ & $-0.0306544$ & $0.0414072$ & $0.0278746$ & $-0.0131689$ & $-0.0325468$ & $-0.00620774$ & $-0.033102$ & $-0.0466375$ & $-0.0110101$ & $0.0106235$ & $0.0189957$ & $-0.0325178$ & $-0.0269303$ & $-0.0283911$ & $-0.0447266$ & $-0.00330931$ & $-0.00466106$ & $0.052803$ & $-0.0201355$ & $-0.00445511$ & $-0.00932663$ & $-0.0193607$ & $0.000129108$ & $-0.0123284$ & $0.0122628$ & $-0.0108695$ & $-0.00921739$ & $-0.0737347$ & $-0.0417362$ & $0.094367$ & $-0.0186173$ & $-0.0308462$ & $0.0746515$ & $-0.0249933$ & $-0.164968$ & $-0.242085$ & $0.0389214$ & $1$ & $-0.124103$ & $-0.202783$ & $0.177553$ \\
eHccpar & $-0.0181042$ & $0.202255$ & $0.0701312$ & $-0.0334768$ & $0.0441082$ & $-0.0275945$ & $0.115323$ & $0.0981257$ & $0.102258$ & $-0.0273286$ & $-0.104672$ & $-0.11698$ & $-0.11894$ & $0.0487925$ & $0.0855039$ & $0.100457$ & $0.0118218$ & $-0.0240112$ & $-0.0426587$ & $0.112595$ & $0.102693$ & $0.103407$ & $-0.0544526$ & $-0.0333836$ & $-0.0295949$ & $-0.05287$ & $-0.0181398$ & $0.0117881$ & $0.00661516$ & $-0.0851679$ & $0.139708$ & $0.0906977$ & $-0.173654$ & $0.0257483$ & $-0.0431505$ & $-0.147895$ & $0.0980284$ & $-0.0129621$ & $0.229173$ & $-0.023173$ & $-0.0722739$ & $0.0515302$ & $0.109318$ & $0.178245$ & $0.0746496$ & $-0.124103$ & $1$ & $-0.173328$ & $-0.196781$ \\
eHbbint & $-0.139024$ & $-0.0305992$ & $0.0886003$ & $-0.263624$ & $-0.000609258$ & $0.0219454$ & $-0.00668042$ & $-0.091973$ & $-0.096135$ & $0.0989902$ & $0.101009$ & $0.0023829$ & $-0.0316537$ & $-0.0586862$ & $-0.0357689$ & $-0.0761934$ & $-0.0194611$ & $-0.0104718$ & $0.0231919$ & $-0.100474$ & $-0.0994619$ & $-0.100307$ & $0.0399508$ & $0.0565011$ & $0.0156514$ & $0.0347031$ & $-0.00550689$ & $-0.0632547$ & $-0.0179582$ & $-0.00971227$ & $-0.0653411$ & $-0.00305393$ & $0.0764545$ & $-0.0624432$ & $-0.178196$ & $0.0884072$ & $0.0305239$ & $-0.0605821$ & $-0.199509$ & $0.0274397$ & $0.235793$ & $0.035554$ & $-0.118472$ & $-0.132832$ & $0.0193434$ & $-0.202783$ & $-0.173328$ & $1$ & $0.0686184$ \\
eHbbpar & $0.0294359$ & $0.0836706$ & $0.161939$ & $-0.00284638$ & $0.0440826$ & $-0.0151472$ & $0.15173$ & $-0.0111205$ & $-0.0105222$ & $0.0444015$ & $0.0361526$ & $-0.0994007$ & $-0.111105$ & $-0.0359755$ & $-0.0165545$ & $-0.0613714$ & $-0.0544956$ & $-0.0456712$ & $-0.0109075$ & $-0.0364558$ & $-0.0296337$ & $-0.0334133$ & $0.019098$ & $-0.0449613$ & $-0.0263708$ & $0.0273443$ & $0.0273326$ & $0.0178025$ & $0.00661194$ & $-0.0697944$ & $-0.0709855$ & $0.164584$ & $0.157439$ & $-0.00591684$ & $-0.191019$ & $0.157031$ & $0.0370929$ & $0.0175427$ & $-0.104299$ & $-0.000851253$ & $0.0515328$ & $-0.0251962$ & $0.0340674$ & $-0.108068$ & $-0.250684$ & $0.177553$ & $-0.196781$ & $0.0686184$ & $1$ \\
