 & AlsMz & dAle5Mz & mtop & mHl & Mz & CW & CHG & CHWB & CHWHB_gaga & CHWHB_gagaorth & CHD & CHbox & CH & CHL1_11 & CHL1_22 & CHL1_33 & CHL3_11 & CHL3_22 & CHL3_33 & CHe_11 & CHe_22 & CHe_33 & CHQ1_11 & CHQ1_33 & CHQ3_11 & CHu_11 & CHd_11 & CHd_33 & CeH_22r & CeH_33r & CuH_22r & CuH_33r & CdH_33r & CLL_1221 & eHggint & eHggpar & eHWWint & eHWWpar & eHZZint & eHZZpar & eHZgaint & eHZgapar & eHgagaint & eHmumuint & eHtautauint & eHccint & eHccpar & eHbbint & eHbbpar \\
AlsMz & $1$ & $0.0577622$ & $0.0958457$ & $0.0161872$ & $-0.010587$ & $0.0036179$ & $0.0162763$ & $-0.0148063$ & $-0.0254634$ & $0.000900751$ & $-0.00179039$ & $-0.00407475$ & $-0.00262378$ & $0.00999988$ & $0.0125899$ & $-0.00900412$ & $0.0164935$ & $0.00658487$ & $0.0205244$ & $-0.00412379$ & $-0.00661196$ & $-0.00899269$ & $-0.0154831$ & $-0.0429499$ & $-0.102775$ & $-0.0239487$ & $-0.043578$ & $0.0133392$ & $0.0107326$ & $0.0171989$ & $0.0266306$ & $0.00906736$ & $0.0475897$ & $-0.0198492$ & $-0.0673805$ & $-0.0117041$ & $-0.0236318$ & $-0.0252191$ & $0.0819034$ & $-0.000232583$ & $-0.0802272$ & $0.00847758$ & $-0.208622$ & $-0.0643256$ & $0.0175027$ & $0.0694783$ & $0.0619554$ & $0.0500467$ & $0.0496845$ \\
dAle5Mz & $0.0577622$ & $1$ & $0.0170873$ & $0.0741638$ & $-0.00764271$ & $-0.0102513$ & $0.0102617$ & $-0.0439667$ & $-0.0449571$ & $0.00959281$ & $0.0336528$ & $0.0107706$ & $-0.00051164$ & $-0.0246613$ & $-0.0313744$ & $-0.0352547$ & $0.0121178$ & $0.0115384$ & $0.0152536$ & $-0.0163304$ & $-0.00750461$ & $-0.00641747$ & $0.0254432$ & $-0.0132877$ & $0.0174464$ & $-0.00543674$ & $0.0420785$ & $-0.0125877$ & $-0.00242976$ & $-0.0396435$ & $0.00576188$ & $0.0064686$ & $-0.0497009$ & $0.0531953$ & $0.120195$ & $-0.143204$ & $0.166852$ & $-0.0100851$ & $0.0205199$ & $-0.0124925$ & $0.120288$ & $0.00144879$ & $0.00116502$ & $0.0754311$ & $0.00323813$ & $0.0995361$ & $0.0247423$ & $-0.0904839$ & $0.0173339$ \\
mtop & $0.0958457$ & $0.0170873$ & $1$ & $0.171897$ & $-0.00998478$ & $0.00222957$ & $-0.0126715$ & $0.0179947$ & $0.0160057$ & $-0.0152653$ & $-0.0131174$ & $-0.0179698$ & $0.00282994$ & $0.00736688$ & $-0.00443755$ & $-0.0118191$ & $0.00591553$ & $0.00520676$ & $0.00999535$ & $0.019546$ & $0.0221459$ & $0.0207509$ & $0.0104888$ & $-0.00195037$ & $-0.000860013$ & $-0.0188555$ & $0.0261249$ & $0.0174997$ & $0.0108653$ & $-0.00629076$ & $0.0238206$ & $-0.0191459$ & $-0.0275337$ & $0.0203848$ & $-0.020065$ & $-0.0566541$ & $0.0905953$ & $-0.00751312$ & $0.0514751$ & $-0.00298039$ & $0.023865$ & $-0.0105607$ & $0.00563525$ & $-0.0883703$ & $0.131983$ & $-0.0180983$ & $0.084423$ & $0.111236$ & $-0.0739685$ \\
mHl & $0.0161872$ & $0.0741638$ & $0.171897$ & $1$ & $0.00743929$ & $0.0060767$ & $-0.00385236$ & $0.0194163$ & $0.0117701$ & $-0.0177859$ & $-0.0135652$ & $-0.0228391$ & $0.000621929$ & $-0.0014638$ & $-0.00761043$ & $-0.0170252$ & $-0.00707907$ & $-0.00595373$ & $0.00124259$ & $0.0133801$ & $0.0198736$ & $0.018723$ & $0.0232352$ & $-0.0198252$ & $0.00529357$ & $-0.0136909$ & $0.041664$ & $0.0162112$ & $0.0155505$ & $-0.0281235$ & $0.00724997$ & $-0.0164076$ & $-0.00382571$ & $0.026645$ & $0.0332136$ & $-0.174482$ & $0.150867$ & $-0.00365244$ & $0.0618035$ & $-0.0033002$ & $0.183217$ & $0.00882265$ & $-0.102529$ & $0.0847061$ & $0.155568$ & $-0.00024512$ & $0.059473$ & $0.0962798$ & $0.0285999$ \\
Mz & $-0.010587$ & $-0.00764271$ & $-0.00998478$ & $0.00743929$ & $1$ & $-0.00355115$ & $-0.00787598$ & $-0.00267656$ & $-0.0040496$ & $0.00574342$ & $0.0140287$ & $0.00313844$ & $0.00310073$ & $-0.00639383$ & $0.00289009$ & $0.00762466$ & $-0.00514246$ & $-0.00755064$ & $-0.0119963$ & $-0.00501507$ & $-0.00464148$ & $-0.00439625$ & $-0.00225591$ & $-0.000403964$ & $-0.00605939$ & $0.00654612$ & $-0.00356166$ & $0.000218323$ & $0.00173675$ & $-0.000612274$ & $-0.00566304$ & $-0.00752368$ & $-0.00012887$ & $-0.00611411$ & $0.00691726$ & $-0.00388607$ & $0.00697371$ & $0.00240337$ & $-0.00194648$ & $-0.00260304$ & $0.0073559$ & $0.00284288$ & $-0.00134183$ & $0.00083379$ & $-0.00499309$ & $-0.00469455$ & $0.00118493$ & $0.00392465$ & $0.0139929$ \\
CW & $0.0036179$ & $-0.0102513$ & $0.00222957$ & $0.0060767$ & $-0.00355115$ & $1$ & $0.0138473$ & $-0.128824$ & $-0.123941$ & $0.00463985$ & $0.183807$ & $0.0460108$ & $-0.00132787$ & $0.0257381$ & $-0.0832068$ & $-0.0810434$ & $-0.26532$ & $-0.0448588$ & $-0.045622$ & $-0.180695$ & $-0.186078$ & $-0.182262$ & $-0.0142441$ & $0.00461686$ & $-0.089298$ & $0.106472$ & $-0.0838767$ & $-0.059001$ & $-0.00989235$ & $-0.000203509$ & $0.00283351$ & $0.0184926$ & $-0.00259536$ & $-0.122611$ & $0.00214987$ & $0.00912049$ & $-0.002819$ & $-0.00413984$ & $-0.00148979$ & $-0.00114574$ & $-0.00595994$ & $0.00394568$ & $0.00811854$ & $-0.00762282$ & $0.00246685$ & $-0.00445334$ & $0.00471196$ & $-0.0103495$ & $-0.00840254$ \\
CHG & $0.0162763$ & $0.0102617$ & $-0.0126715$ & $-0.00385236$ & $-0.00787598$ & $0.0138473$ & $1$ & $-0.0920063$ & $-0.0402266$ & $0.0486956$ & $0.0629442$ & $0.0285893$ & $-0.256163$ & $0.0267092$ & $-0.0214628$ & $-0.0187765$ & $0.0509535$ & $0.0669249$ & $0.064981$ & $-0.0606218$ & $-0.065949$ & $-0.064224$ & $-0.0106827$ & $0.0827505$ & $0.057695$ & $0.0333074$ & $-0.0457767$ & $-0.0281624$ & $0.00337547$ & $-0.0983371$ & $-0.061755$ & $0.931577$ & $-0.125974$ & $-0.0566111$ & $-0.0362997$ & $-0.00928157$ & $0.022998$ & $-0.00164758$ & $-0.0115603$ & $-0.000409596$ & $-0.0032538$ & $0.00382524$ & $-0.0162026$ & $-0.00133819$ & $-0.00390347$ & $0.0058587$ & $-0.0145136$ & $0.00180383$ & $-0.00696266$ \\
CHWB & $-0.0148063$ & $-0.0439667$ & $0.0179947$ & $0.0194163$ & $-0.00267656$ & $-0.128824$ & $-0.0920063$ & $1$ & $0.982884$ & $-0.556874$ & $-0.883997$ & $-0.326528$ & $0.288057$ & $0.14038$ & $0.300105$ & $0.295645$ & $-0.193443$ & $-0.399952$ & $-0.397402$ & $0.855882$ & $0.9004$ & $0.883722$ & $0.0736412$ & $-0.653926$ & $-0.371938$ & $-0.523389$ & $0.411165$ & $0.31645$ & $0.00703148$ & $0.0700591$ & $0.0359658$ & $-0.0949344$ & $0.0672736$ & $0.550983$ & $-0.00369274$ & $0.00464464$ & $-0.0108031$ & $0.00251511$ & $-0.0143942$ & $-0.000539254$ & $0.0101461$ & $-0.00554362$ & $0.00394733$ & $0.00661224$ & $0.00725899$ & $0.00118812$ & $0.0157289$ & $0.0142993$ & $-0.00610207$ \\
CHWHB_gaga & $-0.0254634$ & $-0.0449571$ & $0.0160057$ & $0.0117701$ & $-0.0040496$ & $-0.123941$ & $-0.0402266$ & $0.982884$ & $1$ & $-0.546232$ & $-0.865471$ & $-0.302378$ & $0.283565$ & $0.131777$ & $0.295341$ & $0.290185$ & $-0.197937$ & $-0.399747$ & $-0.396571$ & $0.838217$ & $0.881497$ & $0.865361$ & $0.0728882$ & $-0.645554$ & $-0.369582$ & $-0.512442$ & $0.404765$ & $0.307853$ & $0.0136602$ & $0.0917936$ & $0.0472732$ & $-0.0533801$ & $0.0851908$ & $0.540463$ & $-0.0214312$ & $0.00454585$ & $-0.0170918$ & $0.000316132$ & $-0.0236451$ & $-0.000756372$ & $0.012083$ & $-0.00545996$ & $0.0652404$ & $0.0100846$ & $0.00629054$ & $0.00767724$ & $0.0157984$ & $0.00888467$ & $-0.011389$ \\
CHWHB_gagaorth & $0.000900751$ & $0.00959281$ & $-0.0152653$ & $-0.0177859$ & $0.00574342$ & $0.00463985$ & $0.0486956$ & $-0.556874$ & $-0.546232$ & $1$ & $0.346241$ & $0.669034$ & $-0.198253$ & $0.211953$ & $-0.126736$ & $-0.116586$ & $0.41224$ & $0.474525$ & $0.465342$ & $-0.333584$ & $-0.361987$ & $-0.357065$ & $-0.0554192$ & $0.543406$ & $0.462111$ & $0.216896$ & $-0.223171$ & $-0.134068$ & $-0.00241106$ & $-0.103223$ & $-0.0511991$ & $0.0715082$ & $-0.110685$ & $-0.331446$ & $0.0505907$ & $0.00406547$ & $0.0140804$ & $0.00396137$ & $0.00199088$ & $0.00296498$ & $-0.0539886$ & $-0.00222322$ & $0.00066558$ & $0.00109525$ & $-0.00776612$ & $0.0104622$ & $-0.00554922$ & $0.00120802$ & $-0.00232075$ \\
CHD & $-0.00179039$ & $0.0336528$ & $-0.0131174$ & $-0.0135652$ & $0.0140287$ & $0.183807$ & $0.0629442$ & $-0.883997$ & $-0.865471$ & $0.346241$ & $1$ & $0.327834$ & $-0.141407$ & $-0.539875$ & $-0.419385$ & $-0.410599$ & $-0.252101$ & $0.0424715$ & $0.040035$ & $-0.990468$ & $-0.991132$ & $-0.970272$ & $-0.0185517$ & $0.296511$ & $0.00150104$ & $0.574985$ & $-0.284587$ & $-0.343903$ & $-0.00122311$ & $-0.039409$ & $-0.0241132$ & $0.075359$ & $-0.0385085$ & $-0.362667$ & $0.0137573$ & $7.30642e-05$ & $0.00456234$ & $-0.00482172$ & $0.0102893$ & $-0.0019995$ & $0.00848917$ & $0.0036162$ & $0.0106194$ & $-0.0126115$ & $-0.00508813$ & $-0.00295713$ & $-0.0136339$ & $-0.0219024$ & $0.00442347$ \\
CHbox & $-0.00407475$ & $0.0107706$ & $-0.0179698$ & $-0.0228391$ & $0.00313844$ & $0.0460108$ & $0.0285893$ & $-0.326528$ & $-0.302378$ & $0.669034$ & $0.327834$ & $1$ & $-0.111345$ & $-0.136581$ & $-0.0565779$ & $-0.0478824$ & $-0.0326084$ & $0.0300441$ & $0.0232541$ & $-0.305171$ & $-0.339503$ & $-0.331593$ & $-0.0386311$ & $0.178938$ & $0.0274812$ & $0.200814$ & $-0.18404$ & $-0.126138$ & $0.0256046$ & $0.163903$ & $0.0243874$ & $0.107481$ & $0.17965$ & $-0.219854$ & $0.0945206$ & $0.0285739$ & $0.00705$ & $0.0014351$ & $-0.00275687$ & $0.000309373$ & $-0.0444313$ & $0.00314508$ & $-0.00600076$ & $-0.00907168$ & $-0.0079425$ & $0.00855973$ & $-0.00485304$ & $-0.0123525$ & $-0.00467995$ \\
CH & $-0.00262378$ & $-0.00051164$ & $0.00282994$ & $0.000621929$ & $0.00310073$ & $-0.00132787$ & $-0.256163$ & $0.288057$ & $0.283565$ & $-0.198253$ & $-0.141407$ & $-0.111345$ & $1$ & $-0.190726$ & $0.06159$ & $0.0685056$ & $-0.290789$ & $-0.312814$ & $-0.316787$ & $0.138477$ & $0.149442$ & $0.149149$ & $0.0271748$ & $-0.325581$ & $-0.306533$ & $-0.0890965$ & $0.107385$ & $0.0524532$ & $0.0407628$ & $0.221773$ & $0.0839162$ & $-0.209941$ & $0.266401$ & $0.175288$ & $0.0227891$ & $0.017276$ & $-0.0105664$ & $-0.00307782$ & $-0.0213546$ & $-0.000262224$ & $0.00968691$ & $-0.0054339$ & $0.00727539$ & $0.00622641$ & $0.00215517$ & $0.00202081$ & $-0.000267986$ & $-0.00162099$ & $0.0101539$ \\
CHL1_11 & $0.00999988$ & $-0.0246613$ & $0.00736688$ & $-0.0014638$ & $-0.00639383$ & $0.0257381$ & $0.0267092$ & $0.14038$ & $0.131777$ & $0.211953$ & $-0.539875$ & $-0.136581$ & $-0.190726$ & $1$ & $0.281883$ & $0.265674$ & $0.657319$ & $0.582755$ & $0.588171$ & $0.556478$ & $0.50184$ & $0.486329$ & $-0.0763439$ & $0.447673$ & $0.582778$ & $-0.288546$ & $-0.0828272$ & $0.170446$ & $-0.0129645$ & $-0.0355688$ & $-0.00954598$ & $0.00663027$ & $-0.0342835$ & $-0.189845$ & $-0.0248317$ & $-0.00211753$ & $0.00654772$ & $0.00741996$ & $-0.00379967$ & $0.00313262$ & $-0.0343331$ & $0.00175571$ & $-0.0199958$ & $0.0102882$ & $0.00138623$ & $-0.00092837$ & $0.000955511$ & $0.0237418$ & $-0.00291775$ \\
CHL1_22 & $0.0125899$ & $-0.0313744$ & $-0.00443755$ & $-0.00761043$ & $0.00289009$ & $-0.0832068$ & $-0.0214628$ & $0.300105$ & $0.295341$ & $-0.126736$ & $-0.419385$ & $-0.0565779$ & $0.06159$ & $0.281883$ & $1$ & $0.44447$ & $0.171407$ & $-0.455375$ & $-0.0263217$ & $0.484368$ & $0.335314$ & $0.325873$ & $-0.178366$ & $0.115412$ & $-0.13386$ & $-0.189574$ & $-0.401424$ & $0.11725$ & $0.00315194$ & $0.0296603$ & $0.016764$ & $-0.0192021$ & $0.0370603$ & $-0.600878$ & $-0.0170897$ & $0.00833089$ & $-0.0138369$ & $0.00819543$ & $-0.00111569$ & $-0.00562288$ & $-0.00491717$ & $0.00362181$ & $-0.0165695$ & $-0.0139892$ & $0.00237355$ & $-0.0117626$ & $-0.0014272$ & $0.00927835$ & $0.00819653$ \\
CHL1_33 & $-0.00900412$ & $-0.0352547$ & $-0.0118191$ & $-0.0170252$ & $0.00762466$ & $-0.0810434$ & $-0.0187765$ & $0.295645$ & $0.290185$ & $-0.116586$ & $-0.410599$ & $-0.0478824$ & $0.0685056$ & $0.265674$ & $0.44447$ & $1$ & $0.16898$ & $-0.0257972$ & $-0.445468$ & $0.474983$ & $0.329433$ & $0.346831$ & $-0.167614$ & $0.114566$ & $-0.128326$ & $-0.19168$ & $-0.389042$ & $0.120675$ & $0.00499426$ & $0.0229677$ & $0.0058972$ & $-0.0172492$ & $0.0285073$ & $-0.102232$ & $-0.00381813$ & $0.00559862$ & $0.00188842$ & $0.0117354$ & $-0.00211838$ & $-0.00144646$ & $-0.00153964$ & $-0.00377153$ & $-0.0147373$ & $-0.0114029$ & $0.0026782$ & $-0.0190731$ & $-0.00881929$ & $0.0232309$ & $0.00235344$ \\
CHL3_11 & $0.0164935$ & $0.0121178$ & $0.00591553$ & $-0.00707907$ & $-0.00514246$ & $-0.26532$ & $0.0509535$ & $-0.193443$ & $-0.197937$ & $0.41224$ & $-0.252101$ & $-0.0326084$ & $-0.290789$ & $0.657319$ & $0.171407$ & $0.16898$ & $1$ & $0.724857$ & $0.721007$ & $0.273093$ & $0.22096$ & $0.211888$ & $-0.0690112$ & $0.653709$ & $0.766705$ & $-0.126498$ & $-0.133494$ & $0.0670842$ & $-0.0107833$ & $-0.0654262$ & $-0.0240919$ & $0.0298925$ & $-0.0625366$ & $-0.216292$ & $-0.0187039$ & $-0.0111985$ & $0.0115635$ & $0.00450903$ & $0.010831$ & $0.00714813$ & $-0.0345959$ & $0.00207454$ & $-0.0244644$ & $0.0145984$ & $-0.00395597$ & $0.0044201$ & $0.000512742$ & $0.0148713$ & $0.00180531$ \\
CHL3_22 & $0.00658487$ & $0.0115384$ & $0.00520676$ & $-0.00595373$ & $-0.00755064$ & $-0.0448588$ & $0.0669249$ & $-0.399952$ & $-0.399747$ & $0.474525$ & $0.0424715$ & $0.0300441$ & $-0.312814$ & $0.582755$ & $-0.455375$ & $-0.0257972$ & $0.724857$ & $1$ & $0.657706$ & $-0.046953$ & $-0.0346606$ & $-0.0342915$ & $0.0119004$ & $0.596036$ & $0.784843$ & $0.0183089$ & $0.0243204$ & $-0.0189185$ & $-0.0133245$ & $-0.076175$ & $-0.0331527$ & $0.0475725$ & $-0.0781754$ & $0.075556$ & $-0.0095818$ & $-0.0110725$ & $0.0186986$ & $0.000129663$ & $0.00740457$ & $0.00910031$ & $-0.0330272$ & $0.00104787$ & $-0.0131115$ & $0.0177894$ & $-0.00384029$ & $0.0067003$ & $-0.00329662$ & $0.0125871$ & $-0.00486952$ \\
CHL3_33 & $0.0205244$ & $0.0152536$ & $0.00999535$ & $0.00124259$ & $-0.0119963$ & $-0.045622$ & $0.064981$ & $-0.397402$ & $-0.396571$ & $0.465342$ & $0.040035$ & $0.0232541$ & $-0.316787$ & $0.588171$ & $-0.0263217$ & $-0.445468$ & $0.721007$ & $0.657706$ & $1$ & $-0.0448536$ & $-0.0322524$ & $-0.0317258$ & $0.00709335$ & $0.591902$ & $0.782893$ & $0.0225953$ & $0.0257471$ & $-0.0228365$ & $-0.0149867$ & $-0.0716939$ & $-0.0247847$ & $0.0463993$ & $-0.0723563$ & $-0.313885$ & $-0.0196285$ & $-0.0069128$ & $0.00588907$ & $-0.00253332$ & $0.00671694$ & $0.00654676$ & $-0.0368967$ & $0.00675575$ & $-0.0137913$ & $0.0159717$ & $-0.00462376$ & $0.0115601$ & $0.00160566$ & $0.0021527$ & $-0.00136853$ \\
CHe_11 & $-0.00412379$ & $-0.0163304$ & $0.019546$ & $0.0133801$ & $-0.00501507$ & $-0.180695$ & $-0.0606218$ & $0.855882$ & $0.838217$ & $-0.333584$ & $-0.990468$ & $-0.305171$ & $0.138477$ & $0.556478$ & $0.484368$ & $0.474983$ & $0.273093$ & $-0.046953$ & $-0.0448536$ & $1$ & $0.97283$ & $0.952748$ & $-0.00651927$ & $-0.242528$ & $0.00414267$ & $-0.564278$ & $0.210795$ & $0.337065$ & $0.00203105$ & $0.0393009$ & $0.023979$ & $-0.0720564$ & $0.0386505$ & $0.284408$ & $-0.0122824$ & $-0.00176951$ & $-0.00129199$ & $0.00506014$ & $-0.00927801$ & $0.00167532$ & $-0.00735063$ & $-0.0030961$ & $-0.0105531$ & $0.0123793$ & $0.00566004$ & $0.00220651$ & $0.0123138$ & $0.0213951$ & $-0.00454077$ \\
CHe_22 & $-0.00661196$ & $-0.00750461$ & $0.0221459$ & $0.0198736$ & $-0.00464148$ & $-0.186078$ & $-0.065949$ & $0.9004$ & $0.881497$ & $-0.361987$ & $-0.991132$ & $-0.339503$ & $0.149442$ & $0.50184$ & $0.335314$ & $0.329433$ & $0.22096$ & $-0.0346606$ & $-0.0322524$ & $0.97283$ & $1$ & $0.975543$ & $0.0484466$ & $-0.351835$ & $-0.00462914$ & $-0.579281$ & $0.366062$ & $0.344999$ & $0.00117364$ & $0.0385394$ & $0.0246689$ & $-0.0788716$ & $0.0357489$ & $0.448964$ & $-0.00930671$ & $-0.00451913$ & $0.000506751$ & $0.00335789$ & $-0.0105178$ & $0.00263799$ & $-0.00294864$ & $-0.00395713$ & $-0.00695285$ & $0.0166308$ & $0.00589674$ & $0.00621569$ & $0.0158714$ & $0.0184529$ & $-0.00600869$ \\
CHe_33 & $-0.00899269$ & $-0.00641747$ & $0.0207509$ & $0.018723$ & $-0.00439625$ & $-0.182262$ & $-0.064224$ & $0.883722$ & $0.865361$ & $-0.357065$ & $-0.970272$ & $-0.331593$ & $0.149149$ & $0.486329$ & $0.325873$ & $0.346831$ & $0.211888$ & $-0.0342915$ & $-0.0317258$ & $0.952748$ & $0.975543$ & $1$ & $0.0480982$ & $-0.347934$ & $-0.00570286$ & $-0.566421$ & $0.361083$ & $0.337422$ & $0.00171504$ & $0.0376884$ & $0.0244415$ & $-0.0767697$ & $0.0351897$ & $0.445893$ & $-0.00876637$ & $-0.0039699$ & $0.000342818$ & $0.0039069$ & $-0.0114682$ & $0.00114715$ & $-0.00324466$ & $-0.00246688$ & $-0.00470575$ & $0.0174292$ & $0.00565908$ & $0.00617795$ & $0.0143706$ & $0.0213462$ & $-0.00623015$ \\
CHQ1_11 & $-0.0154831$ & $0.0254432$ & $0.0104888$ & $0.0232352$ & $-0.00225591$ & $-0.0142441$ & $-0.0106827$ & $0.0736412$ & $0.0728882$ & $-0.0554192$ & $-0.0185517$ & $-0.0386311$ & $0.0271748$ & $-0.0763439$ & $-0.178366$ & $-0.167614$ & $-0.0690112$ & $0.0119004$ & $0.00709335$ & $-0.00651927$ & $0.0484466$ & $0.0480982$ & $1$ & $-0.146234$ & $0.0844278$ & $-0.677033$ & $0.35607$ & $0.00871803$ & $0.00253163$ & $0.0137557$ & $0.0107612$ & $-0.00780361$ & $0.00844389$ & $0.214573$ & $0.00613048$ & $-0.0189125$ & $-0.0123543$ & $-4.01356e-06$ & $0.00385498$ & $0.00271035$ & $0.0101503$ & $-0.000834715$ & $0.0114265$ & $0.013985$ & $-0.00705207$ & $0.0185938$ & $0.00852061$ & $-0.00741959$ & $4.85304e-05$ \\
CHQ1_33 & $-0.0429499$ & $-0.0132877$ & $-0.00195037$ & $-0.0198252$ & $-0.000403964$ & $0.00461686$ & $0.0827505$ & $-0.653926$ & $-0.645554$ & $0.543406$ & $0.296511$ & $0.178938$ & $-0.325581$ & $0.447673$ & $0.115412$ & $0.114566$ & $0.653709$ & $0.596036$ & $0.591902$ & $-0.242528$ & $-0.351835$ & $-0.347934$ & $-0.146234$ & $1$ & $0.621066$ & $0.208896$ & $-0.41391$ & $-0.0269413$ & $-0.00942516$ & $-0.0722134$ & $-0.0326329$ & $0.0755597$ & $-0.0672101$ & $-0.618972$ & $-0.00953725$ & $-0.00679035$ & $0.010477$ & $0.00684025$ & $0.00894925$ & $0.00197732$ & $-0.0254034$ & $0.00534973$ & $-0.00337281$ & $0.00508413$ & $-0.00631937$ & $-0.00975512$ & $-0.0140023$ & $0.00435358$ & $0.00524977$ \\
CHQ3_11 & $-0.102775$ & $0.0174464$ & $-0.000860013$ & $0.00529357$ & $-0.00605939$ & $-0.089298$ & $0.057695$ & $-0.371938$ & $-0.369582$ & $0.462111$ & $0.00150104$ & $0.0274812$ & $-0.306533$ & $0.582778$ & $-0.13386$ & $-0.128326$ & $0.766705$ & $0.784843$ & $0.782893$ & $0.00414267$ & $-0.00462914$ & $-0.00570286$ & $0.0844278$ & $0.621066$ & $1$ & $0.00690869$ & $0.236073$ & $-0.00614881$ & $-0.0137026$ & $-0.0751081$ & $-0.026134$ & $0.0385166$ & $-0.0828615$ & $-0.16968$ & $0.00129528$ & $-0.00903027$ & $0.0200538$ & $0.00195777$ & $0.00158412$ & $0.00913921$ & $-0.0271145$ & $0.00449119$ & $0.0218893$ & $0.021992$ & $-0.0122505$ & $0.00196396$ & $0.00104453$ & $-0.00722105$ & $-0.0102707$ \\
CHu_11 & $-0.0239487$ & $-0.00543674$ & $-0.0188555$ & $-0.0136909$ & $0.00654612$ & $0.106472$ & $0.0333074$ & $-0.523389$ & $-0.512442$ & $0.216896$ & $0.574985$ & $0.200814$ & $-0.0890965$ & $-0.288546$ & $-0.189574$ & $-0.19168$ & $-0.126498$ & $0.0183089$ & $0.0225953$ & $-0.564278$ & $-0.579281$ & $-0.566421$ & $-0.677033$ & $0.208896$ & $0.00690869$ & $1$ & $-0.187723$ & $-0.194327$ & $-0.00523408$ & $-0.0278323$ & $-0.0187429$ & $0.0383469$ & $-0.03202$ & $-0.267377$ & $0.00864023$ & $0.0129641$ & $0.0112088$ & $-0.00325095$ & $-0.000638632$ & $0.000888989$ & $-0.000546441$ & $0.00136065$ & $0.0104102$ & $-0.0096794$ & $0.00544422$ & $-0.00979182$ & $-0.0161469$ & $-0.0165158$ & $-0.0056184$ \\
CHd_11 & $-0.043578$ & $0.0420785$ & $0.0261249$ & $0.041664$ & $-0.00356166$ & $-0.0838767$ & $-0.0457767$ & $0.411165$ & $0.404765$ & $-0.223171$ & $-0.284587$ & $-0.18404$ & $0.107385$ & $-0.0828272$ & $-0.401424$ & $-0.389042$ & $-0.133494$ & $0.0243204$ & $0.0257471$ & $0.210795$ & $0.366062$ & $0.361083$ & $0.35607$ & $-0.41391$ & $0.236073$ & $-0.187723$ & $1$ & $0.118618$ & $0.000522571$ & $0.0141584$ & $0.0183735$ & $-0.0531809$ & $-0.00010667$ & $0.680809$ & $0.0216633$ & $-0.0126907$ & $0.0109196$ & $-0.00660011$ & $-0.00464754$ & $0.0061365$ & $0.00992278$ & $-0.000806268$ & $0.0381581$ & $0.0247146$ & $-0.00408624$ & $0.021713$ & $0.0258174$ & $-0.0202351$ & $-0.0124539$ \\
CHd_33 & $0.0133392$ & $-0.0125877$ & $0.0174997$ & $0.0162112$ & $0.000218323$ & $-0.059001$ & $-0.0281624$ & $0.31645$ & $0.307853$ & $-0.134068$ & $-0.343903$ & $-0.126138$ & $0.0524532$ & $0.170446$ & $0.11725$ & $0.120675$ & $0.0670842$ & $-0.0189185$ & $-0.0228365$ & $0.337065$ & $0.344999$ & $0.337422$ & $0.00871803$ & $-0.0269413$ & $-0.00614881$ & $-0.194327$ & $0.118618$ & $1$ & $-0.0066846$ & $0.00581012$ & $0.00801626$ & $-0.032529$ & $0.00435085$ & $0.157605$ & $-0.000396612$ & $-0.00401058$ & $0.00417095$ & $0.00768149$ & $-0.0106245$ & $0.00418835$ & $0.000928886$ & $-0.010714$ & $-0.00322521$ & $0.0054294$ & $6.34266e-05$ & $0.00688349$ & $0.00463222$ & $0.0106806$ & $-0.00950179$ \\
CeH_22r & $0.0107326$ & $-0.00242976$ & $0.0108653$ & $0.0155505$ & $0.00173675$ & $-0.00989235$ & $0.00337547$ & $0.00703148$ & $0.0136602$ & $-0.00241106$ & $-0.00122311$ & $0.0256046$ & $0.0407628$ & $-0.0129645$ & $0.00315194$ & $0.00499426$ & $-0.0107833$ & $-0.0133245$ & $-0.0149867$ & $0.00203105$ & $0.00117364$ & $0.00171504$ & $0.00253163$ & $-0.00942516$ & $-0.0137026$ & $-0.00523408$ & $0.000522571$ & $-0.0066846$ & $1$ & $0.0433606$ & $0.0170584$ & $-0.0093633$ & $0.045976$ & $0.00327381$ & $-0.0300521$ & $-0.0119291$ & $-0.0070947$ & $-0.00467428$ & $0.00115886$ & $-0.00197802$ & $-0.00406413$ & $-0.00813837$ & $-0.010249$ & $0.00859747$ & $-0.00189403$ & $-0.00493391$ & $-0.0111999$ & $-0.013307$ & $-0.00334615$ \\
CeH_33r & $0.0171989$ & $-0.0396435$ & $-0.00629076$ & $-0.0281235$ & $-0.000612274$ & $-0.000203509$ & $-0.0983371$ & $0.0700591$ & $0.0917936$ & $-0.103223$ & $-0.039409$ & $0.163903$ & $0.221773$ & $-0.0355688$ & $0.0296603$ & $0.0229677$ & $-0.0654262$ & $-0.076175$ & $-0.0716939$ & $0.0393009$ & $0.0385394$ & $0.0376884$ & $0.0137557$ & $-0.0722134$ & $-0.0751081$ & $-0.0278323$ & $0.0141584$ & $0.00581012$ & $0.0433606$ & $1$ & $0.283132$ & $0.0484941$ & $0.635146$ & $0.0259862$ & $-0.091468$ & $0.0384548$ & $-0.168809$ & $-0.0267185$ & $-0.0144094$ & $-0.00317192$ & $-0.00257237$ & $0.00827403$ & $-0.027435$ & $-0.0161261$ & $0.0529813$ & $0.0187756$ & $-0.0233515$ & $-0.00568813$ & $-0.00356186$ \\
CuH_22r & $0.0266306$ & $0.00576188$ & $0.0238206$ & $0.00724997$ & $-0.00566304$ & $0.00283351$ & $-0.061755$ & $0.0359658$ & $0.0472732$ & $-0.0511991$ & $-0.0241132$ & $0.0243874$ & $0.0839162$ & $-0.00954598$ & $0.016764$ & $0.0058972$ & $-0.0240919$ & $-0.0331527$ & $-0.0247847$ & $0.023979$ & $0.0246689$ & $0.0244415$ & $0.0107612$ & $-0.0326329$ & $-0.026134$ & $-0.0187429$ & $0.0183735$ & $0.00801626$ & $0.0170584$ & $0.283132$ & $1$ & $0.0255997$ & $0.298071$ & $0.0145335$ & $0.0167322$ & $-0.0179708$ & $-0.0509035$ & $-0.00582767$ & $-0.033933$ & $-0.00346644$ & $0.0139078$ & $-0.00312491$ & $0.0206134$ & $-0.00490393$ & $-0.0285275$ & $0.0914517$ & $0.351403$ & $-0.0220534$ & $-0.0416339$ \\
CuH_33r & $0.00906736$ & $0.0064686$ & $-0.0191459$ & $-0.0164076$ & $-0.00752368$ & $0.0184926$ & $0.931577$ & $-0.0949344$ & $-0.0533801$ & $0.0715082$ & $0.075359$ & $0.107481$ & $-0.209941$ & $0.00663027$ & $-0.0192021$ & $-0.0172492$ & $0.0298925$ & $0.0475725$ & $0.0463993$ & $-0.0720564$ & $-0.0788716$ & $-0.0767697$ & $-0.00780361$ & $0.0755597$ & $0.0385166$ & $0.0383469$ & $-0.0531809$ & $-0.032529$ & $-0.0093633$ & $0.0484941$ & $0.0255997$ & $1$ & $0.0525897$ & $-0.061909$ & $0.0381709$ & $0.0314234$ & $-0.00616943$ & $-0.00577122$ & $-0.00364575$ & $0.000549031$ & $-0.0137331$ & $0.00352232$ & $-0.011332$ & $-0.00989013$ & $-0.0139031$ & $0.008483$ & $-0.0126568$ & $-0.00128016$ & $0.00197024$ \\
CdH_33r & $0.0475897$ & $-0.0497009$ & $-0.0275337$ & $-0.00382571$ & $-0.00012887$ & $-0.00259536$ & $-0.125974$ & $0.0672736$ & $0.0851908$ & $-0.110685$ & $-0.0385085$ & $0.17965$ & $0.266401$ & $-0.0342835$ & $0.0370603$ & $0.0285073$ & $-0.0625366$ & $-0.0781754$ & $-0.0723563$ & $0.0386505$ & $0.0357489$ & $0.0351897$ & $0.00844389$ & $-0.0672101$ & $-0.0828615$ & $-0.03202$ & $-0.00010667$ & $0.00435085$ & $0.045976$ & $0.635146$ & $0.298071$ & $0.0525897$ & $1$ & $0.0174475$ & $-0.0745212$ & $0.0444322$ & $-0.167488$ & $-0.0274821$ & $0.0201562$ & $-0.00748387$ & $0.0262408$ & $0.0281239$ & $-0.06836$ & $0.0183214$ & $-0.000695758$ & $0.00359933$ & $-0.0786791$ & $0.151371$ & $0.467453$ \\
CLL_1221 & $-0.0198492$ & $0.0531953$ & $0.0203848$ & $0.026645$ & $-0.00611411$ & $-0.122611$ & $-0.0566111$ & $0.550983$ & $0.540463$ & $-0.331446$ & $-0.362667$ & $-0.219854$ & $0.175288$ & $-0.189845$ & $-0.600878$ & $-0.102232$ & $-0.216292$ & $0.075556$ & $-0.313885$ & $0.284408$ & $0.448964$ & $0.445893$ & $0.214573$ & $-0.618972$ & $-0.16968$ & $-0.267377$ & $0.680809$ & $0.157605$ & $0.00327381$ & $0.0259862$ & $0.0145335$ & $-0.061909$ & $0.0174475$ & $1$ & $0.0195125$ & $-0.0135248$ & $0.0132361$ & $-0.00466667$ & $-0.00682697$ & $0.00433317$ & $0.0212689$ & $-0.00766635$ & $0.0166076$ & $0.0220316$ & $0.00394282$ & $0.0176955$ & $0.0168056$ & $-0.00166143$ & $-0.00983548$ \\
eHggint & $-0.0673805$ & $0.120195$ & $-0.020065$ & $0.0332136$ & $0.00691726$ & $0.00214987$ & $-0.0362997$ & $-0.00369274$ & $-0.0214312$ & $0.0505907$ & $0.0137573$ & $0.0945206$ & $0.0227891$ & $-0.0248317$ & $-0.0170897$ & $-0.00381813$ & $-0.0187039$ & $-0.0095818$ & $-0.0196285$ & $-0.0122824$ & $-0.00930671$ & $-0.00876637$ & $0.00613048$ & $-0.00953725$ & $0.00129528$ & $0.00864023$ & $0.0216633$ & $-0.000396612$ & $-0.0300521$ & $-0.091468$ & $0.0167322$ & $0.0381709$ & $-0.0745212$ & $0.0195125$ & $1$ & $-0.195078$ & $0.155635$ & $0.0118766$ & $-0.000633705$ & $0.00973044$ & $-0.0464463$ & $-0.0176691$ & $0.0475685$ & $0.0681916$ & $-0.0323396$ & $0.0456266$ & $0.100171$ & $-0.0340331$ & $0.0266724$ \\
eHggpar & $-0.0117041$ & $-0.143204$ & $-0.0566541$ & $-0.174482$ & $-0.00388607$ & $0.00912049$ & $-0.00928157$ & $0.00464464$ & $0.00454585$ & $0.00406547$ & $7.30642e-05$ & $0.0285739$ & $0.017276$ & $-0.00211753$ & $0.00833089$ & $0.00559862$ & $-0.0111985$ & $-0.0110725$ & $-0.0069128$ & $-0.00176951$ & $-0.00451913$ & $-0.0039699$ & $-0.0189125$ & $-0.00679035$ & $-0.00903027$ & $0.0129641$ & $-0.0126907$ & $-0.00401058$ & $-0.0119291$ & $0.0384548$ & $-0.0179708$ & $0.0314234$ & $0.0444322$ & $-0.0135248$ & $-0.195078$ & $1$ & $-0.221722$ & $0.0151496$ & $-0.0680097$ & $0.00913796$ & $-0.0759398$ & $0.00752745$ & $0.0635105$ & $-0.13764$ & $-0.0394488$ & $-0.0989288$ & $-0.0667678$ & $0.0187609$ & $0.00405118$ \\
eHWWint & $-0.0236318$ & $0.166852$ & $0.0905953$ & $0.150867$ & $0.00697371$ & $-0.002819$ & $0.022998$ & $-0.0108031$ & $-0.0170918$ & $0.0140804$ & $0.00456234$ & $0.00705$ & $-0.0105664$ & $0.00654772$ & $-0.0138369$ & $0.00188842$ & $0.0115635$ & $0.0186986$ & $0.00588907$ & $-0.00129199$ & $0.000506751$ & $0.000342818$ & $-0.0123543$ & $0.010477$ & $0.0200538$ & $0.0112088$ & $0.0109196$ & $0.00417095$ & $-0.0070947$ & $-0.168809$ & $-0.0509035$ & $-0.00616943$ & $-0.167488$ & $0.0132361$ & $0.155635$ & $-0.221722$ & $1$ & $-0.0272638$ & $-0.0455747$ & $-0.00536235$ & $0.0411727$ & $0.00226481$ & $0.0758667$ & $0.0389592$ & $0.107091$ & $-0.0388544$ & $0.097983$ & $0.0274419$ & $0.0505916$ \\
eHWWpar & $-0.0252191$ & $-0.0100851$ & $-0.00751312$ & $-0.00365244$ & $0.00240337$ & $-0.00413984$ & $-0.00164758$ & $0.00251511$ & $0.000316132$ & $0.00396137$ & $-0.00482172$ & $0.0014351$ & $-0.00307782$ & $0.00741996$ & $0.00819543$ & $0.0117354$ & $0.00450903$ & $0.000129663$ & $-0.00253332$ & $0.00506014$ & $0.00335789$ & $0.0039069$ & $-4.01356e-06$ & $0.00684025$ & $0.00195777$ & $-0.00325095$ & $-0.00660011$ & $0.00768149$ & $-0.00467428$ & $-0.0267185$ & $-0.00582767$ & $-0.00577122$ & $-0.0274821$ & $-0.00466667$ & $0.0118766$ & $0.0151496$ & $-0.0272638$ & $1$ & $-0.0160879$ & $-0.0065895$ & $-0.00808194$ & $0.0013088$ & $-0.00427037$ & $-0.0108147$ & $-0.00351451$ & $0.00361499$ & $-0.0127655$ & $0.00795256$ & $-0.00245955$ \\
eHZZint & $0.0819034$ & $0.0205199$ & $0.0514751$ & $0.0618035$ & $-0.00194648$ & $-0.00148979$ & $-0.0115603$ & $-0.0143942$ & $-0.0236451$ & $0.00199088$ & $0.0102893$ & $-0.00275687$ & $-0.0213546$ & $-0.00379967$ & $-0.00111569$ & $-0.00211838$ & $0.010831$ & $0.00740457$ & $0.00671694$ & $-0.00927801$ & $-0.0105178$ & $-0.0114682$ & $0.00385498$ & $0.00894925$ & $0.00158412$ & $-0.000638632$ & $-0.00464754$ & $-0.0106245$ & $0.00115886$ & $-0.0144094$ & $-0.033933$ & $-0.00364575$ & $0.0201562$ & $-0.00682697$ & $-0.000633705$ & $-0.0680097$ & $-0.0455747$ & $-0.0160879$ & $1$ & $0.0022414$ & $-0.0154438$ & $0.0167506$ & $-0.0820498$ & $-0.0793133$ & $0.0165796$ & $-0.0602161$ & $-0.0277961$ & $0.0647428$ & $0.0512703$ \\
eHZZpar & $-0.000232583$ & $-0.0124925$ & $-0.00298039$ & $-0.0033002$ & $-0.00260304$ & $-0.00114574$ & $-0.000409596$ & $-0.000539254$ & $-0.000756372$ & $0.00296498$ & $-0.0019995$ & $0.000309373$ & $-0.000262224$ & $0.00313262$ & $-0.00562288$ & $-0.00144646$ & $0.00714813$ & $0.00910031$ & $0.00654676$ & $0.00167532$ & $0.00263799$ & $0.00114715$ & $0.00271035$ & $0.00197732$ & $0.00913921$ & $0.000888989$ & $0.0061365$ & $0.00418835$ & $-0.00197802$ & $-0.00317192$ & $-0.00346644$ & $0.000549031$ & $-0.00748387$ & $0.00433317$ & $0.00973044$ & $0.00913796$ & $-0.00536235$ & $-0.0065895$ & $0.0022414$ & $1$ & $-0.00871492$ & $-0.00985011$ & $-0.00434528$ & $-0.014653$ & $-0.00765302$ & $0.00357106$ & $0.00297748$ & $0.00381617$ & $-0.00765279$ \\
eHZgaint & $-0.0802272$ & $0.120288$ & $0.023865$ & $0.183217$ & $0.0073559$ & $-0.00595994$ & $-0.0032538$ & $0.0101461$ & $0.012083$ & $-0.0539886$ & $0.00848917$ & $-0.0444313$ & $0.00968691$ & $-0.0343331$ & $-0.00491717$ & $-0.00153964$ & $-0.0345959$ & $-0.0330272$ & $-0.0368967$ & $-0.00735063$ & $-0.00294864$ & $-0.00324466$ & $0.0101503$ & $-0.0254034$ & $-0.0271145$ & $-0.000546441$ & $0.00992278$ & $0.000928886$ & $-0.00406413$ & $-0.00257237$ & $0.0139078$ & $-0.0137331$ & $0.0262408$ & $0.0212689$ & $-0.0464463$ & $-0.0759398$ & $0.0411727$ & $-0.00808194$ & $-0.0154438$ & $-0.00871492$ & $1$ & $0.00442449$ & $0.0452827$ & $-0.0124064$ & $0.0806613$ & $0.0194962$ & $0.038539$ & $0.0740032$ & $0.0495822$ \\
eHZgapar & $0.00847758$ & $0.00144879$ & $-0.0105607$ & $0.00882265$ & $0.00284288$ & $0.00394568$ & $0.00382524$ & $-0.00554362$ & $-0.00545996$ & $-0.00222322$ & $0.0036162$ & $0.00314508$ & $-0.0054339$ & $0.00175571$ & $0.00362181$ & $-0.00377153$ & $0.00207454$ & $0.00104787$ & $0.00675575$ & $-0.0030961$ & $-0.00395713$ & $-0.00246688$ & $-0.000834715$ & $0.00534973$ & $0.00449119$ & $0.00136065$ & $-0.000806268$ & $-0.010714$ & $-0.00813837$ & $0.00827403$ & $-0.00312491$ & $0.00352232$ & $0.0281239$ & $-0.00766635$ & $-0.0176691$ & $0.00752745$ & $0.00226481$ & $0.0013088$ & $0.0167506$ & $-0.00985011$ & $0.00442449$ & $1$ & $-0.00366813$ & $-0.00106987$ & $0.00460682$ & $-0.000471864$ & $-0.00611881$ & $0.0157946$ & $0.0349919$ \\
eHgagaint & $-0.208622$ & $0.00116502$ & $0.00563525$ & $-0.102529$ & $-0.00134183$ & $0.00811854$ & $-0.0162026$ & $0.00394733$ & $0.0652404$ & $0.00066558$ & $0.0106194$ & $-0.00600076$ & $0.00727539$ & $-0.0199958$ & $-0.0165695$ & $-0.0147373$ & $-0.0244644$ & $-0.0131115$ & $-0.0137913$ & $-0.0105531$ & $-0.00695285$ & $-0.00470575$ & $0.0114265$ & $-0.00337281$ & $0.0218893$ & $0.0104102$ & $0.0381581$ & $-0.00322521$ & $-0.010249$ & $-0.027435$ & $0.0206134$ & $-0.011332$ & $-0.06836$ & $0.0166076$ & $0.0475685$ & $0.0635105$ & $0.0758667$ & $-0.00427037$ & $-0.0820498$ & $-0.00434528$ & $0.0452827$ & $-0.00366813$ & $1$ & $0.0530971$ & $-0.00496723$ & $0.0899073$ & $0.051583$ & $-0.0528452$ & $-0.0649093$ \\
eHmumuint & $-0.0643256$ & $0.0754311$ & $-0.0883703$ & $0.0847061$ & $0.00083379$ & $-0.00762282$ & $-0.00133819$ & $0.00661224$ & $0.0100846$ & $0.00109525$ & $-0.0126115$ & $-0.00907168$ & $0.00622641$ & $0.0102882$ & $-0.0139892$ & $-0.0114029$ & $0.0145984$ & $0.0177894$ & $0.0159717$ & $0.0123793$ & $0.0166308$ & $0.0174292$ & $0.013985$ & $0.00508413$ & $0.021992$ & $-0.0096794$ & $0.0247146$ & $0.0054294$ & $0.00859747$ & $-0.0161261$ & $-0.00490393$ & $-0.00989013$ & $0.0183214$ & $0.0220316$ & $0.0681916$ & $-0.13764$ & $0.0389592$ & $-0.0108147$ & $-0.0793133$ & $-0.014653$ & $-0.0124064$ & $-0.00106987$ & $0.0530971$ & $1$ & $-0.0277641$ & $0.0577226$ & $-0.0401309$ & $-0.0699543$ & $0.0840829$ \\
eHtautauint & $0.0175027$ & $0.00323813$ & $0.131983$ & $0.155568$ & $-0.00499309$ & $0.00246685$ & $-0.00390347$ & $0.00725899$ & $0.00629054$ & $-0.00776612$ & $-0.00508813$ & $-0.0079425$ & $0.00215517$ & $0.00138623$ & $0.00237355$ & $0.0026782$ & $-0.00395597$ & $-0.00384029$ & $-0.00462376$ & $0.00566004$ & $0.00589674$ & $0.00565908$ & $-0.00705207$ & $-0.00631937$ & $-0.0122505$ & $0.00544422$ & $-0.00408624$ & $6.34266e-05$ & $-0.00189403$ & $0.0529813$ & $-0.0285275$ & $-0.0139031$ & $-0.000695758$ & $0.00394282$ & $-0.0323396$ & $-0.0394488$ & $0.107091$ & $-0.00351451$ & $0.0165796$ & $-0.00765302$ & $0.0806613$ & $0.00460682$ & $-0.00496723$ & $-0.0277641$ & $1$ & $-0.0066934$ & $-0.0429989$ & $0.0900805$ & $0.0175843$ \\
eHccint & $0.0694783$ & $0.0995361$ & $-0.0180983$ & $-0.00024512$ & $-0.00469455$ & $-0.00445334$ & $0.0058587$ & $0.00118812$ & $0.00767724$ & $0.0104622$ & $-0.00295713$ & $0.00855973$ & $0.00202081$ & $-0.00092837$ & $-0.0117626$ & $-0.0190731$ & $0.0044201$ & $0.0067003$ & $0.0115601$ & $0.00220651$ & $0.00621569$ & $0.00617795$ & $0.0185938$ & $-0.00975512$ & $0.00196396$ & $-0.00979182$ & $0.021713$ & $0.00688349$ & $-0.00493391$ & $0.0187756$ & $0.0914517$ & $0.008483$ & $0.00359933$ & $0.0176955$ & $0.0456266$ & $-0.0989288$ & $-0.0388544$ & $0.00361499$ & $-0.0602161$ & $0.00357106$ & $0.0194962$ & $-0.000471864$ & $0.0899073$ & $0.0577226$ & $-0.0066934$ & $1$ & $0.0299233$ & $-0.120729$ & $0.0165293$ \\
eHccpar & $0.0619554$ & $0.0247423$ & $0.084423$ & $0.059473$ & $0.00118493$ & $0.00471196$ & $-0.0145136$ & $0.0157289$ & $0.0157984$ & $-0.00554922$ & $-0.0136339$ & $-0.00485304$ & $-0.000267986$ & $0.000955511$ & $-0.0014272$ & $-0.00881929$ & $0.000512742$ & $-0.00329662$ & $0.00160566$ & $0.0123138$ & $0.0158714$ & $0.0143706$ & $0.00852061$ & $-0.0140023$ & $0.00104453$ & $-0.0161469$ & $0.0258174$ & $0.00463222$ & $-0.0111999$ & $-0.0233515$ & $0.351403$ & $-0.0126568$ & $-0.0786791$ & $0.0168056$ & $0.100171$ & $-0.0667678$ & $0.097983$ & $-0.0127655$ & $-0.0277961$ & $0.00297748$ & $0.038539$ & $-0.00611881$ & $0.051583$ & $-0.0401309$ & $-0.0429989$ & $0.0299233$ & $1$ & $0.0201068$ & $-0.125674$ \\
eHbbint & $0.0500467$ & $-0.0904839$ & $0.111236$ & $0.0962798$ & $0.00392465$ & $-0.0103495$ & $0.00180383$ & $0.0142993$ & $0.00888467$ & $0.00120802$ & $-0.0219024$ & $-0.0123525$ & $-0.00162099$ & $0.0237418$ & $0.00927835$ & $0.0232309$ & $0.0148713$ & $0.0125871$ & $0.0021527$ & $0.0213951$ & $0.0184529$ & $0.0213462$ & $-0.00741959$ & $0.00435358$ & $-0.00722105$ & $-0.0165158$ & $-0.0202351$ & $0.0106806$ & $-0.013307$ & $-0.00568813$ & $-0.0220534$ & $-0.00128016$ & $0.151371$ & $-0.00166143$ & $-0.0340331$ & $0.0187609$ & $0.0274419$ & $0.00795256$ & $0.0647428$ & $0.00381617$ & $0.0740032$ & $0.0157946$ & $-0.0528452$ & $-0.0699543$ & $0.0900805$ & $-0.120729$ & $0.0201068$ & $1$ & $0.020606$ \\
eHbbpar & $0.0496845$ & $0.0173339$ & $-0.0739685$ & $0.0285999$ & $0.0139929$ & $-0.00840254$ & $-0.00696266$ & $-0.00610207$ & $-0.011389$ & $-0.00232075$ & $0.00442347$ & $-0.00467995$ & $0.0101539$ & $-0.00291775$ & $0.00819653$ & $0.00235344$ & $0.00180531$ & $-0.00486952$ & $-0.00136853$ & $-0.00454077$ & $-0.00600869$ & $-0.00623015$ & $4.85304e-05$ & $0.00524977$ & $-0.0102707$ & $-0.0056184$ & $-0.0124539$ & $-0.00950179$ & $-0.00334615$ & $-0.00356186$ & $-0.0416339$ & $0.00197024$ & $0.467453$ & $-0.00983548$ & $0.0266724$ & $0.00405118$ & $0.0505916$ & $-0.00245955$ & $0.0512703$ & $-0.00765279$ & $0.0495822$ & $0.0349919$ & $-0.0649093$ & $0.0840829$ & $0.0175843$ & $0.0165293$ & $-0.125674$ & $0.020606$ & $1$ \\
