 & AlsMz & dAle5Mz & mtop & mHl & Mz & CW & CHG & CHWB & CHWHB_gaga & CHWHB_gagaorth & CHD & CH & CHL1_11 & CHL1_22 & CHL1_33 & CHL3_11 & CHL3_22 & CHL3_33 & CHe_11 & CHe_22 & CHe_33 & CHQ1_11 & CHQ1_33 & CHQ3_11 & CHu_11 & CHd_11 & CHd_33 & CeH_22r & CeH_33r & CuH_22r & CuH_33r & CdH_33r & CLL_1221 & eHggint & eHggpar & eHWWint & eHWWpar & eHZZint & eHZZpar & eHZgaint & eHZgapar & eHgagaint & eHmumuint & eHtautauint & eHccint & eHccpar & eHbbint & eHbbpar \\
AlsMz & $1$ & $0.00793581$ & $-0.00387088$ & $0.0395387$ & $0.00391743$ & $0.0116469$ & $-0.00467533$ & $-0.00314957$ & $0.00417189$ & $0.0202602$ & $-0.0123118$ & $-0.00501022$ & $0.014591$ & $0.0025461$ & $0.0011907$ & $0.0175313$ & $0.0135327$ & $0.0133491$ & $0.0051019$ & $0.00475927$ & $0.00148134$ & $-0.0102478$ & $-0.0398705$ & $-0.0748844$ & $-0.0265645$ & $-0.025856$ & $0.000854583$ & $-0.00512816$ & $-0.0209533$ & $-0.0073361$ & $-0.0038858$ & $-0.0747774$ & $-0.00409311$ & $0.0740902$ & $-0.016798$ & $0.0623854$ & $-0.00192566$ & $0.00283324$ & $-0.0256512$ & $-0.175939$ & $0.00468167$ & $0.170031$ & $-0.0136126$ & $-0.0386279$ & $0.0230611$ & $-0.00830222$ & $0.025375$ & $-0.123842$ \\
dAle5Mz & $0.00793581$ & $1$ & $0.00698174$ & $-0.0687338$ & $0.00433626$ & $0.00689209$ & $0.00709311$ & $-0.0652267$ & $-0.0653156$ & $0.012456$ & $0.0450443$ & $-0.00962329$ & $-0.0103093$ & $-0.00720909$ & $-0.00670903$ & $0.0189882$ & $0.0126815$ & $0.0137843$ & $-0.0212319$ & $-0.0210293$ & $-0.0196055$ & $-0.00672346$ & $0.0148001$ & $0.00821895$ & $0.0154875$ & $-0.0144138$ & $-0.00544708$ & $0.00523215$ & $-0.00276986$ & $0.00794429$ & $0.0116322$ & $0.048332$ & $0.0165898$ & $0.0613488$ & $-0.00312657$ & $-0.0616203$ & $-0.0102982$ & $0.0863682$ & $-0.0147865$ & $-0.10101$ & $-0.00125412$ & $-0.018027$ & $-0.0391233$ & $0.0982936$ & $0.00126578$ & $0.0311899$ & $0.1648$ & $0.0654323$ \\
mtop & $-0.00387088$ & $0.00698174$ & $1$ & $0.01504$ & $-0.00544301$ & $-0.0210193$ & $-0.00487898$ & $-0.00778983$ & $-0.0120473$ & $0.00137581$ & $0.0105607$ & $-0.00878748$ & $0.00826149$ & $0.00430895$ & $-0.0143314$ & $0.0068334$ & $0.00411497$ & $0.0183988$ & $-0.00350046$ & $-0.00282548$ & $-0.00299759$ & $-0.000316048$ & $0.0138122$ & $0.00916122$ & $-3.64607e-05$ & $-0.000830092$ & $-0.000731229$ & $-0.011051$ & $-0.00429552$ & $-0.0202096$ & $-0.00251259$ & $-0.0527339$ & $-0.00910854$ & $0.039122$ & $0.0474871$ & $-0.0184069$ & $0.0181069$ & $0.128283$ & $0.0114377$ & $0.065597$ & $0.0124709$ & $-0.0341256$ & $0.0958098$ & $0.0402387$ & $-0.0215199$ & $-0.0262453$ & $0.151492$ & $-0.138452$ \\
mHl & $0.0395387$ & $-0.0687338$ & $0.01504$ & $1$ & $-0.00999505$ & $-0.00602143$ & $0.0101526$ & $0.0132993$ & $0.0131562$ & $-0.000560604$ & $-0.00995953$ & $0.00107969$ & $0.00288545$ & $-0.00423055$ & $-0.00552541$ & $-0.00500852$ & $-0.00235507$ & $-5.36834e-05$ & $0.00556073$ & $0.00955406$ & $0.0106871$ & $0.00761584$ & $-0.0142468$ & $-0.00292031$ & $-0.00884098$ & $0.0130642$ & $-0.00110578$ & $-0.00306945$ & $-0.00835468$ & $-0.00188053$ & $0.0147499$ & $0.0228551$ & $0.00880738$ & $0.04731$ & $-0.0763727$ & $0.0100237$ & $0.0135606$ & $-0.0740904$ & $0.00249071$ & $0.0362852$ & $0.00483836$ & $0.0233938$ & $0.0328504$ & $-0.025604$ & $0.122396$ & $-0.011849$ & $-0.0349073$ & $0.0697085$ \\
Mz & $0.00391743$ & $0.00433626$ & $-0.00544301$ & $-0.00999505$ & $1$ & $0.00109248$ & $0.00498255$ & $0.00280889$ & $0.00449169$ & $-0.00281228$ & $0.00889816$ & $0.000365596$ & $0.00408514$ & $-0.00270355$ & $-0.00309015$ & $-0.00865767$ & $-0.00351214$ & $-0.00287069$ & $0.000192917$ & $0.00237629$ & $0.00144599$ & $0.0058454$ & $-0.00630762$ & $-0.00036029$ & $-0.00230406$ & $0.0102678$ & $0.00223407$ & $-0.00120832$ & $0.00385759$ & $0.000670384$ & $0.00306848$ & $0.000479556$ & $-8.8039e-05$ & $-0.00293467$ & $0.013595$ & $-0.00171167$ & $0.00183893$ & $-0.00164733$ & $-0.0139654$ & $-0.00449484$ & $0.00658694$ & $0.00608337$ & $-0.000871037$ & $0.00794782$ & $0.00497057$ & $-0.00222478$ & $0.013275$ & $-0.00200824$ \\
CW & $0.0116469$ & $0.00689209$ & $-0.0210193$ & $-0.00602143$ & $0.00109248$ & $1$ & $0.00903757$ & $-0.120042$ & $-0.114532$ & $-0.0260471$ & $0.178296$ & $0.00723643$ & $0.029292$ & $-0.0699321$ & $-0.0801043$ & $-0.258411$ & $-0.0533104$ & $-0.0454817$ & $-0.175624$ & $-0.181696$ & $-0.180242$ & $-0.00849603$ & $0.00311761$ & $-0.0875455$ & $0.0993821$ & $-0.0697009$ & $-0.0584811$ & $-0.000412081$ & $-0.0118678$ & $-0.012728$ & $0.00701446$ & $-0.000989345$ & $-0.120577$ & $-0.0182111$ & $0.00130187$ & $-0.0157312$ & $-0.00361916$ & $0.0108195$ & $-0.00685191$ & $0.00667435$ & $-0.00125482$ & $-0.000403685$ & $-0.0187398$ & $-0.0159825$ & $-0.0103036$ & $-0.00108992$ & $0.000139157$ & $0.0128251$ \\
CHG & $-0.00467533$ & $0.00709311$ & $-0.00487898$ & $0.0101526$ & $0.00498255$ & $0.00903757$ & $1$ & $-0.0537912$ & $0.000741309$ & $0.0320795$ & $0.0315363$ & $-0.226939$ & $0.0253387$ & $-0.0148382$ & $-0.012112$ & $0.0422275$ & $0.0491425$ & $0.0472905$ & $-0.0309426$ & $-0.0332189$ & $-0.0328156$ & $-0.00612329$ & $0.0520997$ & $0.0517186$ & $0.0172747$ & $-0.0135668$ & $-0.0141362$ & $0.0133281$ & $-0.108583$ & $-0.0564556$ & $0.934824$ & $-0.124298$ & $-0.0277318$ & $-0.0268532$ & $-0.0156704$ & $0.0187787$ & $0.00576651$ & $0.000929369$ & $-0.0108038$ & $0.000295058$ & $0.00299769$ & $-0.00680712$ & $0.00610571$ & $-0.00688217$ & $0.00807368$ & $-0.00567511$ & $-0.0106383$ & $0.00852541$ \\
CHWB & $-0.00314957$ & $-0.0652267$ & $-0.00778983$ & $0.0132993$ & $0.00280889$ & $-0.120042$ & $-0.0537912$ & $1$ & $0.980895$ & $-0.48848$ & $-0.868338$ & $0.243635$ & $0.0869137$ & $0.29102$ & $0.292252$ & $-0.227382$ & $-0.420047$ & $-0.423675$ & $0.8369$ & $0.886881$ & $0.867469$ & $0.0624965$ & $-0.648458$ & $-0.386833$ & $-0.488332$ & $0.386777$ & $0.287212$ & $0.0237204$ & $0.121499$ & $0.052712$ & $-0.0295213$ & $0.129734$ & $0.525457$ & $0.0316704$ & $0.0115495$ & $-0.00496589$ & $0.00635574$ & $-0.00777225$ & $0.000298398$ & $-0.00885395$ & $0.000615916$ & $0.00160474$ & $-0.00255067$ & $-0.0060546$ & $-0.00270812$ & $0.0093202$ & $-0.0152291$ & $-0.000899943$ \\
CHWHB_gaga & $0.00417189$ & $-0.0653156$ & $-0.0120473$ & $0.0131562$ & $0.00449169$ & $-0.114532$ & $0.000741309$ & $0.980895$ & $1$ & $-0.493414$ & $-0.848983$ & $0.240582$ & $0.080649$ & $0.284859$ & $0.286879$ & $-0.229649$ & $-0.416676$ & $-0.420501$ & $0.818294$ & $0.866972$ & $0.847981$ & $0.0613921$ & $-0.638985$ & $-0.383731$ & $-0.477819$ & $0.380081$ & $0.281064$ & $0.0303581$ & $0.140862$ & $0.0644197$ & $0.0124694$ & $0.151712$ & $0.515002$ & $0.0144893$ & $-0.00613438$ & $-0.0176451$ & $0.00251053$ & $-0.0174099$ & $-0.000220516$ & $-0.00781605$ & $0.000488307$ & $0.0685457$ & $-0.00387386$ & $-0.0131762$ & $0.000298183$ & $0.00648955$ & $-0.0107081$ & $0.000144191$ \\
CHWHB_gagaorth & $0.0202602$ & $0.012456$ & $0.00137581$ & $-0.000560604$ & $-0.00281228$ & $-0.0260471$ & $0.0320795$ & $-0.48848$ & $-0.493414$ & $1$ & $0.187265$ & $-0.137789$ & $0.412799$ & $-0.11259$ & $-0.110972$ & $0.580979$ & $0.607729$ & $0.606686$ & $-0.187459$ & $-0.200776$ & $-0.20012$ & $-0.0416387$ & $0.581183$ & $0.595512$ & $0.117051$ & $-0.145322$ & $-0.0618337$ & $-0.0310429$ & $-0.284244$ & $-0.0983329$ & $-0.00586999$ & $-0.315089$ & $-0.268066$ & $-0.0116118$ & $-0.00694537$ & $0.0116368$ & $-0.000708149$ & $0.00313681$ & $-0.00136535$ & $-0.0255142$ & $0.00738699$ & $0.00022704$ & $0.000244458$ & $-0.00529036$ & $0.00350085$ & $-0.00574509$ & $0.00413425$ & $-0.00380534$ \\
CHD & $-0.0123118$ & $0.0450443$ & $0.0105607$ & $-0.00995953$ & $0.00889816$ & $0.178296$ & $0.0315363$ & $-0.868338$ & $-0.848983$ & $0.187265$ & $1$ & $-0.0965756$ & $-0.518496$ & $-0.422242$ & $-0.421261$ & $-0.247157$ & $0.0399671$ & $0.043262$ & $-0.989552$ & $-0.990101$ & $-0.966067$ & $0.00042937$ & $0.261231$ & $-0.00774981$ & $0.542185$ & $-0.24617$ & $-0.321818$ & $-0.0170273$ & $-0.0931178$ & $-0.0338654$ & $0.0146982$ & $-0.0990462$ & $-0.316006$ & $-0.0299992$ & $-0.0054207$ & $-0.00159594$ & $-0.00734981$ & $0.00986133$ & $0.000609621$ & $0.0213073$ & $-0.0035876$ & $-0.00116397$ & $0.00259361$ & $0.00355258$ & $-0.00145426$ & $-0.00432834$ & $0.0125992$ & $0.00659174$ \\
CH & $-0.00501022$ & $-0.00962329$ & $-0.00878748$ & $0.00107969$ & $0.000365596$ & $0.00723643$ & $-0.226939$ & $0.243635$ & $0.240582$ & $-0.137789$ & $-0.0965756$ & $1$ & $-0.200576$ & $0.0520129$ & $0.0503163$ & $-0.280783$ & $-0.294932$ & $-0.293622$ & $0.0952282$ & $0.103996$ & $0.103796$ & $0.0211292$ & $-0.285065$ & $-0.283501$ & $-0.0593635$ & $0.0849462$ & $0.0371518$ & $0.0367368$ & $0.231779$ & $0.0943946$ & $-0.174721$ & $0.284406$ & $0.138257$ & $0.0348586$ & $0.0179603$ & $-0.00711858$ & $-0.00180865$ & $0.0060604$ & $0.00149552$ & $-0.00244504$ & $0.000485945$ & $-0.00117264$ & $-0.0031395$ & $-0.00764519$ & $-0.00798245$ & $0.00908395$ & $-0.00725734$ & $0.0115724$ \\
CHL1_11 & $0.014591$ & $-0.0103093$ & $0.00826149$ & $0.00288545$ & $0.00408514$ & $0.029292$ & $0.0253387$ & $0.0869137$ & $0.080649$ & $0.412799$ & $-0.518496$ & $-0.200576$ & $1$ & $0.277161$ & $0.273074$ & $0.656797$ & $0.596075$ & $0.595168$ & $0.537748$ & $0.477199$ & $0.459671$ & $-0.0896328$ & $0.490845$ & $0.598753$ & $-0.256597$ & $-0.117631$ & $0.154152$ & $-0.00654505$ & $-0.0100767$ & $-0.0166166$ & $0.0191192$ & $-0.0119484$ & $-0.239869$ & $0.000971734$ & $-0.00494369$ & $0.0055772$ & $0.00167733$ & $-0.0114268$ & $-0.00209907$ & $-0.0255335$ & $0.00662273$ & $-0.00286678$ & $0.000207409$ & $0.00366585$ & $0.00463449$ & $-0.00352517$ & $-0.000758763$ & $-0.00968676$ \\
CHL1_22 & $0.0025461$ & $-0.00720909$ & $0.00430895$ & $-0.00423055$ & $-0.00270355$ & $-0.0699321$ & $-0.0148382$ & $0.29102$ & $0.284859$ & $-0.11259$ & $-0.422242$ & $0.0520129$ & $0.277161$ & $1$ & $0.443634$ & $0.174219$ & $-0.450498$ & $-0.0207432$ & $0.489877$ & $0.33424$ & $0.323408$ & $-0.180002$ & $0.131002$ & $-0.128791$ & $-0.186851$ & $-0.421517$ & $0.117732$ & $0.00554912$ & $0.0335659$ & $0.0113473$ & $-0.0109544$ & $0.0321411$ & $-0.630448$ & $0.00118711$ & $0.00275836$ & $0.000811079$ & $0.00875529$ & $-0.006498$ & $0.0123689$ & $-0.0042883$ & $0.000549189$ & $0.0010637$ & $-0.00553441$ & $0.00675902$ & $0.0102013$ & $0.00161829$ & $-0.00227482$ & $-0.00885007$ \\
CHL1_33 & $0.0011907$ & $-0.00670903$ & $-0.0143314$ & $-0.00552541$ & $-0.00309015$ & $-0.0801043$ & $-0.012112$ & $0.292252$ & $0.286879$ & $-0.110972$ & $-0.421261$ & $0.0503163$ & $0.273074$ & $0.443634$ & $1$ & $0.17298$ & $-0.0182349$ & $-0.434839$ & $0.48696$ & $0.335905$ & $0.355124$ & $-0.175765$ & $0.128298$ & $-0.12244$ & $-0.187945$ & $-0.404222$ & $0.109815$ & $0.00591526$ & $0.0317604$ & $0.0118539$ & $-0.00719157$ & $0.0302708$ & $-0.119338$ & $0.00466262$ & $0.00227202$ & $0.0102502$ & $0.00564818$ & $-0.00738371$ & $0.00724801$ & $-0.00906906$ & $-0.00441857$ & $0.00650604$ & $-0.00663863$ & $0.00326587$ & $0.00660725$ & $-0.00906622$ & $-0.00438081$ & $-0.00312231$ \\
CHL3_11 & $0.0175313$ & $0.0189882$ & $0.0068334$ & $-0.00500852$ & $-0.00865767$ & $-0.258411$ & $0.0422275$ & $-0.227382$ & $-0.229649$ & $0.580979$ & $-0.247157$ & $-0.280783$ & $0.656797$ & $0.174219$ & $0.17298$ & $1$ & $0.725562$ & $0.725242$ & $0.269955$ & $0.213925$ & $0.205701$ & $-0.0812572$ & $0.674831$ & $0.768012$ & $-0.110743$ & $-0.153241$ & $0.0726563$ & $-0.0105247$ & $-0.0536102$ & $-0.0364443$ & $0.0293572$ & $-0.0570558$ & $-0.241352$ & $0.0023475$ & $-0.00862167$ & $0.0158113$ & $0.00457972$ & $0.000840346$ & $-0.00160876$ & $-0.0171044$ & $0.00634445$ & $-0.00624245$ & $0.00303077$ & $0.00379828$ & $0.00816547$ & $-0.010139$ & $0.00477721$ & $-0.0122059$ \\
CHL3_22 & $0.0135327$ & $0.0126815$ & $0.00411497$ & $-0.00235507$ & $-0.00351214$ & $-0.0533104$ & $0.0491425$ & $-0.420047$ & $-0.416676$ & $0.607729$ & $0.0399671$ & $-0.294932$ & $0.596075$ & $-0.450498$ & $-0.0182349$ & $0.725562$ & $1$ & $0.659937$ & $-0.0436294$ & $-0.0325449$ & $-0.031176$ & $0.00432918$ & $0.605128$ & $0.786128$ & $0.0244481$ & $0.0226618$ & $-0.0146957$ & $-0.0160491$ & $-0.0711796$ & $-0.0404753$ & $0.0336753$ & $-0.0761616$ & $0.0720475$ & $-0.00566006$ & $-0.0106885$ & $0.0120949$ & $-0.00322562$ & $7.23935e-05$ & $-0.00864586$ & $-0.0146125$ & $0.00524833$ & $-0.00352996$ & $0.00554893$ & $-0.00175355$ & $0.000162929$ & $-0.01043$ & $0.00320543$ & $-0.00640803$ \\
CHL3_33 & $0.0133491$ & $0.0137843$ & $0.0183988$ & $-5.36834e-05$ & $-0.00287069$ & $-0.0454817$ & $0.0472905$ & $-0.423675$ & $-0.420501$ & $0.606686$ & $0.043262$ & $-0.293622$ & $0.595168$ & $-0.0207432$ & $-0.434839$ & $0.725242$ & $0.659937$ & $1$ & $-0.0458346$ & $-0.0358817$ & $-0.0351728$ & $0.00402045$ & $0.605853$ & $0.786396$ & $0.0274042$ & $0.017893$ & $-0.0110235$ & $-0.0158201$ & $-0.0711551$ & $-0.0412967$ & $0.0302422$ & $-0.0738201$ & $-0.328067$ & $-0.0101601$ & $-0.0108306$ & $0.00534752$ & $-0.00152287$ & $0.000829145$ & $-0.00371967$ & $-0.0105364$ & $0.00709738$ & $-0.00859626$ & $0.00732289$ & $0.00186232$ & $0.00163898$ & $-0.00467128$ & $0.00560167$ & $-0.00862357$ \\
CHe_11 & $0.0051019$ & $-0.0212319$ & $-0.00350046$ & $0.00556073$ & $0.000192917$ & $-0.175624$ & $-0.0309426$ & $0.8369$ & $0.818294$ & $-0.187459$ & $-0.989552$ & $0.0952282$ & $0.537748$ & $0.489877$ & $0.48696$ & $0.269955$ & $-0.0436294$ & $-0.0458346$ & $1$ & $0.970122$ & $0.947207$ & $-0.0266835$ & $-0.204083$ & $0.0135425$ & $-0.531524$ & $0.167742$ & $0.315892$ & $0.0166653$ & $0.0904332$ & $0.032482$ & $-0.014868$ & $0.0961391$ & $0.232721$ & $0.0289085$ & $0.00462731$ & $0.000252707$ & $0.00754005$ & $-0.00653654$ & $0.000534732$ & $-0.0209955$ & $0.00403183$ & $8.74127e-05$ & $-0.00339904$ & $-0.000661746$ & $0.00219199$ & $0.00356246$ & $-0.0084372$ & $-0.00650692$ \\
CHe_22 & $0.00475927$ & $-0.0210293$ & $-0.00282548$ & $0.00955406$ & $0.00237629$ & $-0.181696$ & $-0.0332189$ & $0.886881$ & $0.866972$ & $-0.200776$ & $-0.990101$ & $0.103996$ & $0.477199$ & $0.33424$ & $0.335905$ & $0.213925$ & $-0.0325449$ & $-0.0358817$ & $0.970122$ & $1$ & $0.97179$ & $0.0296865$ & $-0.32065$ & $0.00366247$ & $-0.544862$ & $0.332287$ & $0.323291$ & $0.0178567$ & $0.0960232$ & $0.0355481$ & $-0.0154494$ & $0.104179$ & $0.408409$ & $0.0329034$ & $0.00638155$ & $-0.0022394$ & $0.00639229$ & $-0.00582399$ & $-0.00202013$ & $-0.0216849$ & $0.00421403$ & $-0.00147472$ & $-0.00185509$ & $-0.000669128$ & $-0.000289021$ & $0.00655919$ & $-0.00691327$ & $-0.00432914$ \\
CHe_33 & $0.00148134$ & $-0.0196055$ & $-0.00299759$ & $0.0106871$ & $0.00144599$ & $-0.180242$ & $-0.0328156$ & $0.867469$ & $0.847981$ & $-0.20012$ & $-0.966067$ & $0.103796$ & $0.459671$ & $0.323408$ & $0.355124$ & $0.205701$ & $-0.031176$ & $-0.0351728$ & $0.947207$ & $0.97179$ & $1$ & $0.0291734$ & $-0.315305$ & $0.00311819$ & $-0.531192$ & $0.326828$ & $0.315398$ & $0.0180454$ & $0.0932693$ & $0.0372289$ & $-0.015034$ & $0.104433$ & $0.405812$ & $0.0303402$ & $0.00557253$ & $0.00134808$ & $0.00675188$ & $-0.00685768$ & $-0.000801308$ & $-0.0227882$ & $0.00135027$ & $-0.00237082$ & $-0.00198599$ & $-0.00373823$ & $-0.00145717$ & $0.00563494$ & $-0.00850518$ & $0.000214949$ \\
CHQ1_11 & $-0.0102478$ & $-0.00672346$ & $-0.000316048$ & $0.00761584$ & $0.0058454$ & $-0.00849603$ & $-0.00612329$ & $0.0624965$ & $0.0613921$ & $-0.0416387$ & $0.00042937$ & $0.0211292$ & $-0.0896328$ & $-0.180002$ & $-0.175765$ & $-0.0812572$ & $0.00432918$ & $0.00402045$ & $-0.0266835$ & $0.0296865$ & $0.0291734$ & $1$ & $-0.144882$ & $0.0814749$ & $-0.681271$ & $0.353335$ & $0.00860964$ & $0.00212997$ & $0.00436336$ & $0.0130926$ & $-0.00458025$ & $0.00963454$ & $0.204538$ & $0.00218988$ & $-0.00504369$ & $-0.000113255$ & $-0.00375641$ & $0.00303128$ & $-0.00454957$ & $0.0175687$ & $-0.0047516$ & $0.0100307$ & $0.00179895$ & $-0.00766082$ & $-0.0048028$ & $0.00627636$ & $-0.00788779$ & $0.00361395$ \\
CHQ1_33 & $-0.0398705$ & $0.0148001$ & $0.0138122$ & $-0.0142468$ & $-0.00630762$ & $0.00311761$ & $0.0520997$ & $-0.648458$ & $-0.638985$ & $0.581183$ & $0.261231$ & $-0.285065$ & $0.490845$ & $0.131002$ & $0.128298$ & $0.674831$ & $0.605128$ & $0.605853$ & $-0.204083$ & $-0.32065$ & $-0.315305$ & $-0.144882$ & $1$ & $0.625066$ & $0.181657$ & $-0.404587$ & $0.000619243$ & $-0.0187889$ & $-0.0901896$ & $-0.0497215$ & $0.0305824$ & $-0.0967213$ & $-0.611488$ & $-0.0263229$ & $-0.0135741$ & $0.00751338$ & $-0.0021042$ & $0.00213316$ & $0.000890809$ & $0.00360652$ & $0.00613095$ & $-0.0107442$ & $-0.000756396$ & $0.00319117$ & $0.006398$ & $-0.0152961$ & $0.00518952$ & $-0.00213433$ \\
CHQ3_11 & $-0.0748844$ & $0.00821895$ & $0.00916122$ & $-0.00292031$ & $-0.00036029$ & $-0.0875455$ & $0.0517186$ & $-0.386833$ & $-0.383731$ & $0.595512$ & $-0.00774981$ & $-0.283501$ & $0.598753$ & $-0.128791$ & $-0.12244$ & $0.768012$ & $0.786128$ & $0.786396$ & $0.0135425$ & $0.00366247$ & $0.00311819$ & $0.0814749$ & $0.625066$ & $1$ & $0.00744953$ & $0.239719$ & $-0.000279803$ & $-0.0136472$ & $-0.0703832$ & $-0.0390978$ & $0.0355245$ & $-0.0648824$ & $-0.175863$ & $-0.00904767$ & $-0.0130198$ & $0.00853235$ & $0.00448219$ & $0.00438068$ & $-0.00748483$ & $0.00673053$ & $0.00102996$ & $-0.0184275$ & $0.0149933$ & $-0.00358962$ & $0.00375436$ & $-0.00950163$ & $0.00108155$ & $0.0083653$ \\
CHu_11 & $-0.0265645$ & $0.0154875$ & $-3.64607e-05$ & $-0.00884098$ & $-0.00230406$ & $0.0993821$ & $0.0172747$ & $-0.488332$ & $-0.477819$ & $0.117051$ & $0.542185$ & $-0.0593635$ & $-0.256597$ & $-0.186851$ & $-0.187945$ & $-0.110743$ & $0.0244481$ & $0.0274042$ & $-0.531524$ & $-0.544862$ & $-0.531192$ & $-0.681271$ & $0.181657$ & $0.00744953$ & $1$ & $-0.149713$ & $-0.175368$ & $-0.011111$ & $-0.052751$ & $-0.0257126$ & $0.00848559$ & $-0.0551165$ & $-0.222953$ & $-0.0254879$ & $0.00412391$ & $0.00142569$ & $-0.00277027$ & $0.00834759$ & $0.000128392$ & $0.00684701$ & $-6.82538e-05$ & $-0.0148828$ & $0.00578476$ & $0.00820662$ & $0.000271351$ & $-0.00625407$ & $0.0073075$ & $0.00987601$ \\
CHd_11 & $-0.025856$ & $-0.0144138$ & $-0.000830092$ & $0.0130642$ & $0.0102678$ & $-0.0697009$ & $-0.0135668$ & $0.386777$ & $0.380081$ & $-0.145322$ & $-0.24617$ & $0.0849462$ & $-0.117631$ & $-0.421517$ & $-0.404222$ & $-0.153241$ & $0.0226618$ & $0.017893$ & $0.167742$ & $0.332287$ & $0.326828$ & $0.353335$ & $-0.404587$ & $0.239719$ & $-0.149713$ & $1$ & $0.0888003$ & $0.0108504$ & $0.0396873$ & $0.0213265$ & $-0.00344645$ & $0.0555046$ & $0.67064$ & $0.0211216$ & $0.000314564$ & $-0.00282198$ & $0.00321711$ & $0.0121973$ & $-0.0148885$ & $0.00571614$ & $-0.00294878$ & $-0.00545879$ & $0.0125489$ & $-0.0147967$ & $-0.00595798$ & $0.00504696$ & $-0.00467025$ & $0.0158863$ \\
CHd_33 & $0.000854583$ & $-0.00544708$ & $-0.000731229$ & $-0.00110578$ & $0.00223407$ & $-0.0584811$ & $-0.0141362$ & $0.287212$ & $0.281064$ & $-0.0618337$ & $-0.321818$ & $0.0371518$ & $0.154152$ & $0.117732$ & $0.109815$ & $0.0726563$ & $-0.0146957$ & $-0.0110235$ & $0.315892$ & $0.323291$ & $0.315398$ & $0.00860964$ & $0.000619243$ & $-0.000279803$ & $-0.175368$ & $0.0888003$ & $1$ & $0.000327874$ & $0.030003$ & $0.000769367$ & $-0.00966951$ & $0.037244$ & $0.125929$ & $0.0125834$ & $-0.0049269$ & $-0.00450399$ & $0.00107218$ & $-0.0102211$ & $-0.00227101$ & $-0.013257$ & $-0.00150916$ & $-0.00268369$ & $0.00770418$ & $0.0107181$ & $-0.00220112$ & $-1.48602e-05$ & $-0.00799113$ & $0.00936846$ \\
CeH_22r & $-0.00512816$ & $0.00523215$ & $-0.011051$ & $-0.00306945$ & $-0.00120832$ & $-0.000412081$ & $0.0133281$ & $0.0237204$ & $0.0303581$ & $-0.0310429$ & $-0.0170273$ & $0.0367368$ & $-0.00654505$ & $0.00554912$ & $0.00591526$ & $-0.0105247$ & $-0.0160491$ & $-0.0158201$ & $0.0166653$ & $0.0178567$ & $0.0180454$ & $0.00212997$ & $-0.0187889$ & $-0.0136472$ & $-0.011111$ & $0.0108504$ & $0.000327874$ & $1$ & $0.0333728$ & $0.0220496$ & $-0.00485426$ & $0.0334748$ & $0.0143292$ & $-0.0326203$ & $-0.0123307$ & $-0.0248797$ & $-0.00392656$ & $-0.012048$ & $-0.000805593$ & $0.00786584$ & $0.00991753$ & $-0.00219312$ & $0.0055837$ & $0.004801$ & $0.00418672$ & $-0.00456376$ & $0.00205574$ & $-0.00301114$ \\
CeH_33r & $-0.0209533$ & $-0.00276986$ & $-0.00429552$ & $-0.00835468$ & $0.00385759$ & $-0.0118678$ & $-0.108583$ & $0.121499$ & $0.140862$ & $-0.284244$ & $-0.0931178$ & $0.231779$ & $-0.0100767$ & $0.0335659$ & $0.0317604$ & $-0.0536102$ & $-0.0711796$ & $-0.0711551$ & $0.0904332$ & $0.0960232$ & $0.0932693$ & $0.00436336$ & $-0.0901896$ & $-0.0703832$ & $-0.052751$ & $0.0396873$ & $0.030003$ & $0.0333728$ & $1$ & $0.301677$ & $0.0290086$ & $0.627893$ & $0.0640878$ & $-0.0905623$ & $-0.0149076$ & $-0.181078$ & $-0.0261716$ & $-0.0417145$ & $-0.000202851$ & $0.0290683$ & $-0.00255497$ & $0.00499034$ & $0.0329128$ & $0.0724728$ & $-0.00941794$ & $0.00159245$ & $0.00518445$ & $-0.00629525$ \\
CuH_22r & $-0.0073361$ & $0.00794429$ & $-0.0202096$ & $-0.00188053$ & $0.000670384$ & $-0.012728$ & $-0.0564556$ & $0.052712$ & $0.0644197$ & $-0.0983329$ & $-0.0338654$ & $0.0943946$ & $-0.0166166$ & $0.0113473$ & $0.0118539$ & $-0.0364443$ & $-0.0404753$ & $-0.0412967$ & $0.032482$ & $0.0355481$ & $0.0372289$ & $0.0130926$ & $-0.0497215$ & $-0.0390978$ & $-0.0257126$ & $0.0213265$ & $0.000769367$ & $0.0220496$ & $0.301677$ & $1$ & $0.0322815$ & $0.341373$ & $0.0311254$ & $-0.0148203$ & $0.0218022$ & $-0.0868418$ & $-0.013833$ & $-0.0796298$ & $-0.00169439$ & $0.00200041$ & $0.00126592$ & $0.00411466$ & $0.02989$ & $0.0160644$ & $0.0431056$ & $0.311275$ & $-0.00726265$ & $-0.000528337$ \\
CuH_33r & $-0.0038858$ & $0.0116322$ & $-0.00251259$ & $0.0147499$ & $0.00306848$ & $0.00701446$ & $0.934824$ & $-0.0295213$ & $0.0124694$ & $-0.00586999$ & $0.0146982$ & $-0.174721$ & $0.0191192$ & $-0.0109544$ & $-0.00719157$ & $0.0293572$ & $0.0336753$ & $0.0302422$ & $-0.014868$ & $-0.0154494$ & $-0.015034$ & $-0.00458025$ & $0.0305824$ & $0.0355245$ & $0.00848559$ & $-0.00344645$ & $-0.00966951$ & $-0.00485426$ & $0.0290086$ & $0.0322815$ & $1$ & $0.0451226$ & $-0.0113953$ & $0.0392996$ & $0.0198607$ & $-0.0134818$ & $0.00091188$ & $0.0190608$ & $-0.00667471$ & $-0.00917689$ & $0.0060001$ & $-0.002703$ & $0.00470117$ & $-0.00598299$ & $0.00676601$ & $0.00373079$ & $-0.010528$ & $0.0130021$ \\
CdH_33r & $-0.0747774$ & $0.048332$ & $-0.0527339$ & $0.0228551$ & $0.000479556$ & $-0.000989345$ & $-0.124298$ & $0.129734$ & $0.151712$ & $-0.315089$ & $-0.0990462$ & $0.284406$ & $-0.0119484$ & $0.0321411$ & $0.0302708$ & $-0.0570558$ & $-0.0761616$ & $-0.0738201$ & $0.0961391$ & $0.104179$ & $0.104433$ & $0.00963454$ & $-0.0967213$ & $-0.0648824$ & $-0.0551165$ & $0.0555046$ & $0.037244$ & $0.0334748$ & $0.627893$ & $0.341373$ & $0.0451226$ & $1$ & $0.0748648$ & $-0.0915006$ & $-0.0272173$ & $-0.151479$ & $-0.0333624$ & $-0.02799$ & $0.000328034$ & $0.029474$ & $-0.00241711$ & $0.00578481$ & $0.00630866$ & $-0.0176316$ & $-0.0257971$ & $0.0118736$ & $0.147699$ & $0.452619$ \\
CLL_1221 & $-0.00409311$ & $0.0165898$ & $-0.00910854$ & $0.00880738$ & $-8.8039e-05$ & $-0.120577$ & $-0.0277318$ & $0.525457$ & $0.515002$ & $-0.268066$ & $-0.316006$ & $0.138257$ & $-0.239869$ & $-0.630448$ & $-0.119338$ & $-0.241352$ & $0.0720475$ & $-0.328067$ & $0.232721$ & $0.408409$ & $0.405812$ & $0.204538$ & $-0.611488$ & $-0.175863$ & $-0.222953$ & $0.67064$ & $0.125929$ & $0.0143292$ & $0.0640878$ & $0.0311254$ & $-0.0113953$ & $0.0748648$ & $1$ & $0.0305092$ & $0.00799471$ & $-0.00537781$ & $-0.00122205$ & $0.00734305$ & $-0.0102247$ & $-0.00852642$ & $-0.000257951$ & $-0.00233032$ & $0.000613421$ & $-0.00458069$ & $-0.00955713$ & $0.00763955$ & $0.000270587$ & $0.00991166$ \\
eHggint & $0.0740902$ & $0.0613488$ & $0.039122$ & $0.04731$ & $-0.00293467$ & $-0.0182111$ & $-0.0268532$ & $0.0316704$ & $0.0144893$ & $-0.0116118$ & $-0.0299992$ & $0.0348586$ & $0.000971734$ & $0.00118711$ & $0.00466262$ & $0.0023475$ & $-0.00566006$ & $-0.0101601$ & $0.0289085$ & $0.0329034$ & $0.0303402$ & $0.00218988$ & $-0.0263229$ & $-0.00904767$ & $-0.0254879$ & $0.0211216$ & $0.0125834$ & $-0.0326203$ & $-0.0905623$ & $-0.0148203$ & $0.0392996$ & $-0.0915006$ & $0.0305092$ & $1$ & $-0.103628$ & $0.0749376$ & $0.0128719$ & $0.143879$ & $-1.07375e-05$ & $-0.162965$ & $0.0119916$ & $0.0901195$ & $-0.104144$ & $-0.0220577$ & $-0.0126282$ & $0.0832501$ & $-0.0438708$ & $0.00958578$ \\
eHggpar & $-0.016798$ & $-0.00312657$ & $0.0474871$ & $-0.0763727$ & $0.013595$ & $0.00130187$ & $-0.0156704$ & $0.0115495$ & $-0.00613438$ & $-0.00694537$ & $-0.0054207$ & $0.0179603$ & $-0.00494369$ & $0.00275836$ & $0.00227202$ & $-0.00862167$ & $-0.0106885$ & $-0.0108306$ & $0.00462731$ & $0.00638155$ & $0.00557253$ & $-0.00504369$ & $-0.0135741$ & $-0.0130198$ & $0.00412391$ & $0.000314564$ & $-0.0049269$ & $-0.0123307$ & $-0.0149076$ & $0.0218022$ & $0.0198607$ & $-0.0272173$ & $0.00799471$ & $-0.103628$ & $1$ & $-0.0509218$ & $0.00178409$ & $0.0547779$ & $0.00374551$ & $-0.0701669$ & $0.00160779$ & $-0.113407$ & $0.0189955$ & $0.108412$ & $0.0200748$ & $0.0782364$ & $0.0368404$ & $-0.025983$ \\
eHWWint & $0.0623854$ & $-0.0616203$ & $-0.0184069$ & $0.0100237$ & $-0.00171167$ & $-0.0157312$ & $0.0187787$ & $-0.00496589$ & $-0.0176451$ & $0.0116368$ & $-0.00159594$ & $-0.00711858$ & $0.0055772$ & $0.000811079$ & $0.0102502$ & $0.0158113$ & $0.0120949$ & $0.00534752$ & $0.000252707$ & $-0.0022394$ & $0.00134808$ & $-0.000113255$ & $0.00751338$ & $0.00853235$ & $0.00142569$ & $-0.00282198$ & $-0.00450399$ & $-0.0248797$ & $-0.181078$ & $-0.0868418$ & $-0.0134818$ & $-0.151479$ & $-0.00537781$ & $0.0749376$ & $-0.0509218$ & $1$ & $0.022147$ & $0.0880192$ & $0.000508326$ & $-0.0428664$ & $-0.000378658$ & $-0.0406669$ & $-0.0815943$ & $-0.0274389$ & $-0.0131228$ & $-0.0294204$ & $-0.0646923$ & $0.118065$ \\
eHWWpar & $-0.00192566$ & $-0.0102982$ & $0.0181069$ & $0.0135606$ & $0.00183893$ & $-0.00361916$ & $0.00576651$ & $0.00635574$ & $0.00251053$ & $-0.000708149$ & $-0.00734981$ & $-0.00180865$ & $0.00167733$ & $0.00875529$ & $0.00564818$ & $0.00457972$ & $-0.00322562$ & $-0.00152287$ & $0.00754005$ & $0.00639229$ & $0.00675188$ & $-0.00375641$ & $-0.0021042$ & $0.00448219$ & $-0.00277027$ & $0.00321711$ & $0.00107218$ & $-0.00392656$ & $-0.0261716$ & $-0.013833$ & $0.00091188$ & $-0.0333624$ & $-0.00122205$ & $0.0128719$ & $0.00178409$ & $0.022147$ & $1$ & $-0.00537663$ & $0.00839624$ & $0.015255$ & $0.00608916$ & $-0.0145376$ & $-0.0189062$ & $0.00325503$ & $-0.00853589$ & $-0.00901223$ & $0.0180936$ & $-0.00756824$ \\
eHZZint & $0.00283324$ & $0.0863682$ & $0.128283$ & $-0.0740904$ & $-0.00164733$ & $0.0108195$ & $0.000929369$ & $-0.00777225$ & $-0.0174099$ & $0.00313681$ & $0.00986133$ & $0.0060604$ & $-0.0114268$ & $-0.006498$ & $-0.00738371$ & $0.000840346$ & $7.23935e-05$ & $0.000829145$ & $-0.00653654$ & $-0.00582399$ & $-0.00685768$ & $0.00303128$ & $0.00213316$ & $0.00438068$ & $0.00834759$ & $0.0121973$ & $-0.0102211$ & $-0.012048$ & $-0.0417145$ & $-0.0796298$ & $0.0190608$ & $-0.02799$ & $0.00734305$ & $0.143879$ & $0.0547779$ & $0.0880192$ & $-0.00537663$ & $1$ & $0.0180082$ & $-0.00773822$ & $0.0157102$ & $-0.0528181$ & $-0.0273508$ & $-0.0336051$ & $-0.0795896$ & $-0.154582$ & $0.153356$ & $-0.0140565$ \\
eHZZpar & $-0.0256512$ & $-0.0147865$ & $0.0114377$ & $0.00249071$ & $-0.0139654$ & $-0.00685191$ & $-0.0108038$ & $0.000298398$ & $-0.000220516$ & $-0.00136535$ & $0.000609621$ & $0.00149552$ & $-0.00209907$ & $0.0123689$ & $0.00724801$ & $-0.00160876$ & $-0.00864586$ & $-0.00371967$ & $0.000534732$ & $-0.00202013$ & $-0.000801308$ & $-0.00454957$ & $0.000890809$ & $-0.00748483$ & $0.000128392$ & $-0.0148885$ & $-0.00227101$ & $-0.000805593$ & $-0.000202851$ & $-0.00169439$ & $-0.00667471$ & $0.000328034$ & $-0.0102247$ & $-1.07375e-05$ & $0.00374551$ & $0.000508326$ & $0.00839624$ & $0.0180082$ & $1$ & $-0.00292167$ & $-0.00267081$ & $0.00479047$ & $-0.0131326$ & $-0.000966707$ & $-0.0167127$ & $-0.00965373$ & $-0.00539316$ & $0.00988527$ \\
eHZgaint & $-0.175939$ & $-0.10101$ & $0.065597$ & $0.0362852$ & $-0.00449484$ & $0.00667435$ & $0.000295058$ & $-0.00885395$ & $-0.00781605$ & $-0.0255142$ & $0.0213073$ & $-0.00244504$ & $-0.0255335$ & $-0.0042883$ & $-0.00906906$ & $-0.0171044$ & $-0.0146125$ & $-0.0105364$ & $-0.0209955$ & $-0.0216849$ & $-0.0227882$ & $0.0175687$ & $0.00360652$ & $0.00673053$ & $0.00684701$ & $0.00571614$ & $-0.013257$ & $0.00786584$ & $0.0290683$ & $0.00200041$ & $-0.00917689$ & $0.029474$ & $-0.00852642$ & $-0.162965$ & $-0.0701669$ & $-0.0428664$ & $0.015255$ & $-0.00773822$ & $-0.00292167$ & $1$ & $-0.0154062$ & $-0.0722884$ & $0.0780999$ & $0.00925422$ & $-0.130739$ & $-0.0122658$ & $-0.094275$ & $0.0230928$ \\
eHZgapar & $0.00468167$ & $-0.00125412$ & $0.0124709$ & $0.00483836$ & $0.00658694$ & $-0.00125482$ & $0.00299769$ & $0.000615916$ & $0.000488307$ & $0.00738699$ & $-0.0035876$ & $0.000485945$ & $0.00662273$ & $0.000549189$ & $-0.00441857$ & $0.00634445$ & $0.00524833$ & $0.00709738$ & $0.00403183$ & $0.00421403$ & $0.00135027$ & $-0.0047516$ & $0.00613095$ & $0.00102996$ & $-6.82538e-05$ & $-0.00294878$ & $-0.00150916$ & $0.00991753$ & $-0.00255497$ & $0.00126592$ & $0.0060001$ & $-0.00241711$ & $-0.000257951$ & $0.0119916$ & $0.00160779$ & $-0.000378658$ & $0.00608916$ & $0.0157102$ & $-0.00267081$ & $-0.0154062$ & $1$ & $-0.0138782$ & $-0.00559821$ & $0.00636212$ & $0.00972748$ & $-0.00611315$ & $0.0138082$ & $-0.00214661$ \\
eHgagaint & $0.170031$ & $-0.018027$ & $-0.0341256$ & $0.0233938$ & $0.00608337$ & $-0.000403685$ & $-0.00680712$ & $0.00160474$ & $0.0685457$ & $0.00022704$ & $-0.00116397$ & $-0.00117264$ & $-0.00286678$ & $0.0010637$ & $0.00650604$ & $-0.00624245$ & $-0.00352996$ & $-0.00859626$ & $8.74127e-05$ & $-0.00147472$ & $-0.00237082$ & $0.0100307$ & $-0.0107442$ & $-0.0184275$ & $-0.0148828$ & $-0.00545879$ & $-0.00268369$ & $-0.00219312$ & $0.00499034$ & $0.00411466$ & $-0.002703$ & $0.00578481$ & $-0.00233032$ & $0.0901195$ & $-0.113407$ & $-0.0406669$ & $-0.0145376$ & $-0.0528181$ & $0.00479047$ & $-0.0722884$ & $-0.0138782$ & $1$ & $-0.0783955$ & $-0.0835811$ & $0.060224$ & $0.000255509$ & $0.0517242$ & $-0.0177986$ \\
eHmumuint & $-0.0136126$ & $-0.0391233$ & $0.0958098$ & $0.0328504$ & $-0.000871037$ & $-0.0187398$ & $0.00610571$ & $-0.00255067$ & $-0.00387386$ & $0.000244458$ & $0.00259361$ & $-0.0031395$ & $0.000207409$ & $-0.00553441$ & $-0.00663863$ & $0.00303077$ & $0.00554893$ & $0.00732289$ & $-0.00339904$ & $-0.00185509$ & $-0.00198599$ & $0.00179895$ & $-0.000756396$ & $0.0149933$ & $0.00578476$ & $0.0125489$ & $0.00770418$ & $0.0055837$ & $0.0329128$ & $0.02989$ & $0.00470117$ & $0.00630866$ & $0.000613421$ & $-0.104144$ & $0.0189955$ & $-0.0815943$ & $-0.0189062$ & $-0.0273508$ & $-0.0131326$ & $0.0780999$ & $-0.00559821$ & $-0.0783955$ & $1$ & $0.0927648$ & $0.0906953$ & $0.0192461$ & $-0.0568755$ & $-0.0357174$ \\
eHtautauint & $-0.0386279$ & $0.0982936$ & $0.0402387$ & $-0.025604$ & $0.00794782$ & $-0.0159825$ & $-0.00688217$ & $-0.0060546$ & $-0.0131762$ & $-0.00529036$ & $0.00355258$ & $-0.00764519$ & $0.00366585$ & $0.00675902$ & $0.00326587$ & $0.00379828$ & $-0.00175355$ & $0.00186232$ & $-0.000661746$ & $-0.000669128$ & $-0.00373823$ & $-0.00766082$ & $0.00319117$ & $-0.00358962$ & $0.00820662$ & $-0.0147967$ & $0.0107181$ & $0.004801$ & $0.0724728$ & $0.0160644$ & $-0.00598299$ & $-0.0176316$ & $-0.00458069$ & $-0.0220577$ & $0.108412$ & $-0.0274389$ & $0.00325503$ & $-0.0336051$ & $-0.000966707$ & $0.00925422$ & $0.00636212$ & $-0.0835811$ & $0.0927648$ & $1$ & $-0.0891177$ & $0.0656012$ & $0.00251786$ & $-0.0353376$ \\
eHccint & $0.0230611$ & $0.00126578$ & $-0.0215199$ & $0.122396$ & $0.00497057$ & $-0.0103036$ & $0.00807368$ & $-0.00270812$ & $0.000298183$ & $0.00350085$ & $-0.00145426$ & $-0.00798245$ & $0.00463449$ & $0.0102013$ & $0.00660725$ & $0.00816547$ & $0.000162929$ & $0.00163898$ & $0.00219199$ & $-0.000289021$ & $-0.00145717$ & $-0.0048028$ & $0.006398$ & $0.00375436$ & $0.000271351$ & $-0.00595798$ & $-0.00220112$ & $0.00418672$ & $-0.00941794$ & $0.0431056$ & $0.00676601$ & $-0.0257971$ & $-0.00955713$ & $-0.0126282$ & $0.0200748$ & $-0.0131228$ & $-0.00853589$ & $-0.0795896$ & $-0.0167127$ & $-0.130739$ & $0.00972748$ & $0.060224$ & $0.0906953$ & $-0.0891177$ & $1$ & $-0.0530702$ & $0.0178454$ & $-0.054808$ \\
eHccpar & $-0.00830222$ & $0.0311899$ & $-0.0262453$ & $-0.011849$ & $-0.00222478$ & $-0.00108992$ & $-0.00567511$ & $0.0093202$ & $0.00648955$ & $-0.00574509$ & $-0.00432834$ & $0.00908395$ & $-0.00352517$ & $0.00161829$ & $-0.00906622$ & $-0.010139$ & $-0.01043$ & $-0.00467128$ & $0.00356246$ & $0.00655919$ & $0.00563494$ & $0.00627636$ & $-0.0152961$ & $-0.00950163$ & $-0.00625407$ & $0.00504696$ & $-1.48602e-05$ & $-0.00456376$ & $0.00159245$ & $0.311275$ & $0.00373079$ & $0.0118736$ & $0.00763955$ & $0.0832501$ & $0.0782364$ & $-0.0294204$ & $-0.00901223$ & $-0.154582$ & $-0.00965373$ & $-0.0122658$ & $-0.00611315$ & $0.000255509$ & $0.0192461$ & $0.0656012$ & $-0.0530702$ & $1$ & $0.00696142$ & $0.0342173$ \\
eHbbint & $0.025375$ & $0.1648$ & $0.151492$ & $-0.0349073$ & $0.013275$ & $0.000139157$ & $-0.0106383$ & $-0.0152291$ & $-0.0107081$ & $0.00413425$ & $0.0125992$ & $-0.00725734$ & $-0.000758763$ & $-0.00227482$ & $-0.00438081$ & $0.00477721$ & $0.00320543$ & $0.00560167$ & $-0.0084372$ & $-0.00691327$ & $-0.00850518$ & $-0.00788779$ & $0.00518952$ & $0.00108155$ & $0.0073075$ & $-0.00467025$ & $-0.00799113$ & $0.00205574$ & $0.00518445$ & $-0.00726265$ & $-0.010528$ & $0.147699$ & $0.000270587$ & $-0.0438708$ & $0.0368404$ & $-0.0646923$ & $0.0180936$ & $0.153356$ & $-0.00539316$ & $-0.094275$ & $0.0138082$ & $0.0517242$ & $-0.0568755$ & $0.00251786$ & $0.0178454$ & $0.00696142$ & $1$ & $-0.0196652$ \\
eHbbpar & $-0.123842$ & $0.0654323$ & $-0.138452$ & $0.0697085$ & $-0.00200824$ & $0.0128251$ & $0.00852541$ & $-0.000899943$ & $0.000144191$ & $-0.00380534$ & $0.00659174$ & $0.0115724$ & $-0.00968676$ & $-0.00885007$ & $-0.00312231$ & $-0.0122059$ & $-0.00640803$ & $-0.00862357$ & $-0.00650692$ & $-0.00432914$ & $0.000214949$ & $0.00361395$ & $-0.00213433$ & $0.0083653$ & $0.00987601$ & $0.0158863$ & $0.00936846$ & $-0.00301114$ & $-0.00629525$ & $-0.000528337$ & $0.0130021$ & $0.452619$ & $0.00991166$ & $0.00958578$ & $-0.025983$ & $0.118065$ & $-0.00756824$ & $-0.0140565$ & $0.00988527$ & $0.0230928$ & $-0.00214661$ & $-0.0177986$ & $-0.0357174$ & $-0.0353376$ & $-0.054808$ & $0.0342173$ & $-0.0196652$ & $1$ \\
