 & AlsMz & dAle5Mz & mtop & mHl & Mz & CW & CHG & CHWB & CHWHB_gaga & CHWHB_gagaorth & CHD & CHbox & CH & CHL1_11 & CHL1_22 & CHL1_33 & CHL3_11 & CHL3_22 & CHL3_33 & CHe_11 & CHe_22 & CHe_33 & CHQ1_11 & CHQ1_33 & CHQ3_11 & CHu_11 & CHd_11 & CHd_33 & CeH_22r & CeH_33r & CuH_22r & CuH_33r & CdH_33r & CLL_1221 & eHggint & eHggpar & eHWWint & eHWWpar & eHZZint & eHZZpar & eHZgaint & eHZgapar & eHgagaint & eHmumuint & eHtautauint & eHccint & eHccpar & eHbbint & eHbbpar \\
AlsMz & $1$ & $-0.109391$ & $0.499018$ & $0$ & $0.326752$ & $0.0626764$ & $0.0179989$ & $-0.0790437$ & $-0.0797864$ & $0.231939$ & $-0.0875035$ & $-0.143085$ & $-0.0972447$ & $0.233691$ & $-0.113149$ & $-0.0990355$ & $0.233671$ & $0.334981$ & $0.298574$ & $0.066523$ & $0.108834$ & $0.172951$ & $-0.183283$ & $0.0979884$ & $0.170128$ & $0.105171$ & $-0.0962145$ & $-0.106041$ & $-0.00591088$ & $-0.0610656$ & $-0.0647841$ & $0.0358015$ & $-0.0576517$ & $0.0579492$ & $0.0911021$ & $0.283691$ & $0.549759$ & $-0.176952$ & $0.00171811$ & $-0.0397964$ & $-0.192276$ & $0.123221$ & $0.0961268$ & $0.00629002$ & $-0.274861$ & $0.159036$ & $0.0628783$ & $0.204505$ & $-0.368846$ \\
dAle5Mz & $-0.109391$ & $1$ & $-0.0772823$ & $0$ & $-0.106475$ & $-0.0328918$ & $-0.0379341$ & $0.121026$ & $0.126578$ & $-0.375933$ & $0.0590204$ & $0.0325714$ & $-0.063579$ & $-0.207729$ & $-0.0592613$ & $0.100269$ & $-0.236818$ & $-0.197444$ & $-0.266958$ & $-0.0470378$ & $-0.0547929$ & $-0.00924884$ & $-0.0474706$ & $-0.162376$ & $-0.109872$ & $0.130249$ & $0.310664$ & $-0.135747$ & $-0.00177596$ & $-0.00765756$ & $-0.0720156$ & $-0.618609$ & $0.0289442$ & $0.123117$ & $-0.055929$ & $0.215345$ & $-0.11715$ & $0.124254$ & $-0.19215$ & $0.317442$ & $0.239049$ & $-0.690874$ & $-0.0308827$ & $-0.532737$ & $-0.310102$ & $0.0466033$ & $-0.391579$ & $-0.0634146$ & $0.702559$ \\
mtop & $0.499018$ & $-0.0772823$ & $1$ & $0$ & $-0.268351$ & $0.0255986$ & $0.0374789$ & $-0.193887$ & $-0.184659$ & $0.607777$ & $-0.137412$ & $0.103804$ & $-0.121113$ & $0.304048$ & $-0.0758562$ & $-0.446118$ & $0.55685$ & $0.489938$ & $0.745065$ & $0.0877339$ & $0.18629$ & $0.216307$ & $0.233342$ & $0.130686$ & $0.457119$ & $-0.147717$ & $0.15385$ & $-0.338113$ & $-0.0169845$ & $-0.0641882$ & $-0.0250668$ & $0.363857$ & $-0.0648279$ & $-0.00157273$ & $0.340726$ & $0.0896232$ & $0.494339$ & $0.222656$ & $0.00193708$ & $-0.0717264$ & $0.381642$ & $0.0917483$ & $-0.0264553$ & $0.530903$ & $-0.389944$ & $0.40204$ & $0.357248$ & $0.501943$ & $-0.331684$ \\
mHl & $0$ & $0$ & $0$ & $1$ & $0$ & $0$ & $0$ & $0$ & $0$ & $0$ & $0$ & $0$ & $0$ & $0$ & $0$ & $0$ & $0$ & $0$ & $0$ & $0$ & $0$ & $0$ & $0$ & $0$ & $0$ & $0$ & $0$ & $0$ & $0$ & $0$ & $0$ & $0$ & $0$ & $0$ & $0$ & $0$ & $0$ & $0$ & $0$ & $0$ & $0$ & $0$ & $0$ & $0$ & $0$ & $0$ & $0$ & $0$ & $0$ \\
Mz & $0.326752$ & $-0.106475$ & $-0.268351$ & $0$ & $1$ & $0.10792$ & $0.0291769$ & $0.0494503$ & $0.0444457$ & $0.0979566$ & $-0.121439$ & $-0.0801713$ & $-0.214342$ & $0.179928$ & $-0.153846$ & $-0.281901$ & $0.109877$ & $0.221779$ & $0.32041$ & $0.0845118$ & $0.174056$ & $0.191938$ & $0.115066$ & $-0.0243046$ & $0.0594671$ & $-0.189187$ & $0.0409514$ & $0.0906627$ & $-0.0102836$ & $-0.00706317$ & $-0.037305$ & $0.23317$ & $0.00590096$ & $0.131185$ & $-0.0563648$ & $0.221004$ & $0.0635407$ & $-0.0566547$ & $-0.226524$ & $-0.296824$ & $-0.239951$ & $0.0626038$ & $-0.266318$ & $0.0261033$ & $-0.016374$ & $0.251682$ & $0.229082$ & $-0.018238$ & $-0.133278$ \\
CW & $0.0626764$ & $-0.0328918$ & $0.0255986$ & $0$ & $0.10792$ & $1$ & $-0.0255749$ & $-0.295513$ & $-0.300194$ & $0.197959$ & $0.204305$ & $0.190894$ & $0.0151009$ & $0.216503$ & $0.0347475$ & $0.0200526$ & $-0.102966$ & $0.0803464$ & $0.0975882$ & $-0.175818$ & $-0.235846$ & $-0.189472$ & $-0.109935$ & $0.186343$ & $0.0802797$ & $0.0804356$ & $-0.293691$ & $-0.150808$ & $0.00569785$ & $-0.0295451$ & $0.0176742$ & $0.115758$ & $-0.0202423$ & $-0.305507$ & $-0.191097$ & $-0.275278$ & $0.11597$ & $0.00748688$ & $0.243738$ & $-0.209322$ & $-0.297678$ & $-0.079568$ & $-0.144468$ & $0.0656666$ & $0.252214$ & $-0.178403$ & $-0.00564926$ & $-0.020296$ & $-0.0543663$ \\
CHG & $0.0179989$ & $-0.0379341$ & $0.0374789$ & $0$ & $0.0291769$ & $-0.0255749$ & $1$ & $-0.0965122$ & $0.00106979$ & $0.101152$ & $0.0523056$ & $-0.0591602$ & $-0.01189$ & $0.025243$ & $-0.0737506$ & $-0.0697008$ & $0.0523562$ & $0.108987$ & $0.0702605$ & $-0.0507094$ & $-0.0435449$ & $-0.0603982$ & $-0.0129983$ & $0.0539042$ & $0.0199187$ & $0.0227704$ & $-0.086672$ & $-0.00218918$ & $0.0321415$ & $-0.389323$ & $-0.239774$ & $0.122854$ & $-0.559681$ & $0.0110399$ & $-0.022001$ & $0.0157862$ & $0.0133088$ & $0.0350154$ & $0.0208265$ & $-0.0401734$ & $-0.110464$ & $0.0544266$ & $-0.123645$ & $0.0213155$ & $0.0963911$ & $0.0458136$ & $0.132466$ & $0.0273754$ & $-0.103681$ \\
CHWB & $-0.0790437$ & $0.121026$ & $-0.193887$ & $0$ & $0.0494503$ & $-0.295513$ & $-0.0965122$ & $1$ & $0.927702$ & $-0.617181$ & $-0.743965$ & $-0.230462$ & $0.00361107$ & $0.000699891$ & $0.181933$ & $-0.116702$ & $-0.176147$ & $-0.398692$ & $-0.124245$ & $0.679054$ & $0.789467$ & $0.70052$ & $0.082388$ & $-0.440215$ & $-0.30277$ & $-0.339525$ & $0.594626$ & $0.366269$ & $0.0112966$ & $0.183224$ & $0.0755393$ & $-0.136548$ & $0.240056$ & $0.393168$ & $0.100992$ & $0.131799$ & $-0.149934$ & $-0.232887$ & $-0.462811$ & $-0.129091$ & $0.380274$ & $-0.102238$ & $0.224128$ & $-0.00421356$ & $-0.372885$ & $-0.0847343$ & $-0.129663$ & $-0.117762$ & $0.439233$ \\
CHWHB_gaga & $-0.0797864$ & $0.126578$ & $-0.184659$ & $0$ & $0.0444457$ & $-0.300194$ & $0.00106979$ & $0.927702$ & $1$ & $-0.586623$ & $-0.695781$ & $-0.206966$ & $0.0270975$ & $0.0120245$ & $0.185705$ & $-0.113832$ & $-0.160451$ & $-0.37407$ & $-0.105133$ & $0.637473$ & $0.73673$ & $0.654258$ & $0.0622347$ & $-0.389237$ & $-0.276904$ & $-0.302269$ & $0.551228$ & $0.339357$ & $0.0237579$ & $0.183009$ & $0.0909331$ & $-0.138653$ & $0.24549$ & $0.347319$ & $0.112717$ & $0.114802$ & $-0.12994$ & $-0.250884$ & $-0.458225$ & $-0.136289$ & $0.349481$ & $-0.110567$ & $0.230243$ & $-5.42894e-05$ & $-0.362206$ & $-0.0558274$ & $-0.101188$ & $-0.108654$ & $0.424599$ \\
CHWHB_gagaorth & $0.231939$ & $-0.375933$ & $0.607777$ & $0$ & $0.0979566$ & $0.197959$ & $0.101152$ & $-0.617181$ & $-0.586623$ & $1$ & $0.261188$ & $0.288197$ & $-0.213133$ & $0.270973$ & $-0.0786609$ & $-0.0729379$ & $0.414839$ & $0.503749$ & $0.417783$ & $-0.261076$ & $-0.279337$ & $-0.284851$ & $-0.278814$ & $0.385266$ & $0.392472$ & $0.271146$ & $-0.468695$ & $-0.234675$ & $-0.0106493$ & $-0.226769$ & $-0.0481206$ & $0.390422$ & $-0.282097$ & $-0.263827$ & $0.040407$ & $-0.194486$ & $0.399695$ & $0.137213$ & $0.295509$ & $-0.00368617$ & $-0.267399$ & $0.14076$ & $-0.155171$ & $0.317588$ & $0.194607$ & $0.113292$ & $0.324132$ & $0.368352$ & $-0.516456$ \\
CHD & $-0.0875035$ & $0.0590204$ & $-0.137412$ & $0$ & $-0.121439$ & $0.204305$ & $0.0523056$ & $-0.743965$ & $-0.695781$ & $0.261188$ & $1$ & $0.291581$ & $0.0225123$ & $-0.557077$ & $-0.461671$ & $-0.0622686$ & $-0.441271$ & $-0.120372$ & $-0.356336$ & $-0.971097$ & $-0.973559$ & $-0.881432$ & $0.136063$ & $-0.0866656$ & $-0.328712$ & $0.242983$ & $-0.323568$ & $-0.248616$ & $-0.0253055$ & $-0.172851$ & $-0.0516238$ & $-0.0279646$ & $-0.235641$ & $0.00198267$ & $-0.0880122$ & $0.0800117$ & $-0.177698$ & $0.285995$ & $0.505367$ & $0.295174$ & $-0.220375$ & $0.19$ & $-0.129562$ & $-0.354973$ & $0.323268$ & $0.0425968$ & $-0.159042$ & $0.120003$ & $-0.292642$ \\
CHbox & $-0.143085$ & $0.0325714$ & $0.103804$ & $0$ & $-0.0801713$ & $0.190894$ & $-0.0591602$ & $-0.230462$ & $-0.206966$ & $0.288197$ & $0.291581$ & $1$ & $0.121715$ & $-0.0959326$ & $0.0630349$ & $-0.0303635$ & $-0.196948$ & $-0.178829$ & $-0.0668559$ & $-0.265359$ & $-0.313817$ & $-0.303705$ & $-0.0693695$ & $0.0620621$ & $0.0519078$ & $0.220251$ & $0.11248$ & $-0.0162351$ & $0.00435885$ & $0.0106997$ & $0.0170592$ & $-0.084736$ & $0.0228119$ & $-0.232789$ & $0.424288$ & $-0.138745$ & $0.0978428$ & $-0.161724$ & $0.0269649$ & $0.153723$ & $0.127796$ & $-0.0696039$ & $0.315382$ & $0.0190531$ & $-0.0656812$ & $0.278252$ & $-0.123629$ & $0.0494158$ & $-0.0418902$ \\
CH & $-0.0972447$ & $-0.063579$ & $-0.121113$ & $0$ & $-0.214342$ & $0.0151009$ & $-0.01189$ & $0.00361107$ & $0.0270975$ & $-0.213133$ & $0.0225123$ & $0.121715$ & $1$ & $-0.0584238$ & $0.378139$ & $0.226207$ & $-0.0628214$ & $-0.318831$ & $-0.181992$ & $0.015876$ & $-0.0863503$ & $-0.0687739$ & $-0.0168544$ & $0.105866$ & $-0.0450267$ & $0.142352$ & $-0.0676782$ & $-0.0436678$ & $-0.000746587$ & $0.0568304$ & $0.0207393$ & $-0.26568$ & $0.0349375$ & $-0.319239$ & $0.389135$ & $-0.221284$ & $0.00798368$ & $-0.308889$ & $0.130841$ & $0.00982186$ & $0.0977804$ & $0.00753017$ & $0.357231$ & $0.0790164$ & $0.189304$ & $0.141251$ & $0.0719064$ & $-0.333437$ & $-0.0339171$ \\
CHL1_11 & $0.233691$ & $-0.207729$ & $0.304048$ & $0$ & $0.179928$ & $0.216503$ & $0.025243$ & $0.000699891$ & $0.0120245$ & $0.270973$ & $-0.557077$ & $-0.0959326$ & $-0.0584238$ & $1$ & $0.364971$ & $0.119777$ & $0.514201$ & $0.573959$ & $0.633458$ & $0.56584$ & $0.48696$ & $0.448778$ & $-0.257453$ & $0.548421$ & $0.710025$ & $-0.0205382$ & $-0.152475$ & $0.0110379$ & $0.036798$ & $0.0661402$ & $0.0154878$ & $0.217772$ & $0.104622$ & $-0.461564$ & $-0.0178303$ & $-0.280185$ & $0.408867$ & $-0.224289$ & $-0.224731$ & $-0.331177$ & $-0.149354$ & $-0.123852$ & $-0.0835707$ & $0.465685$ & $-0.035498$ & $0.0164254$ & $0.346505$ & $-0.076774$ & $-0.0473151$ \\
CHL1_22 & $-0.113149$ & $-0.0592613$ & $-0.0758562$ & $0$ & $-0.153846$ & $0.0347475$ & $-0.0737506$ & $0.181933$ & $0.185705$ & $-0.0786609$ & $-0.461671$ & $0.0630349$ & $0.378139$ & $0.364971$ & $1$ & $0.310024$ & $0.345835$ & $-0.322023$ & $0.189163$ & $0.531457$ & $0.33195$ & $0.295685$ & $-0.449564$ & $0.391155$ & $0.416946$ & $0.308801$ & $-0.0465709$ & $0.029046$ & $0.0175507$ & $0.164012$ & $0.0275123$ & $-0.158361$ & $0.178863$ & $-0.777288$ & $0.244082$ & $-0.390911$ & $0.293286$ & $-0.462479$ & $-0.138847$ & $-0.172239$ & $0.0111159$ & $-0.325915$ & $0.308034$ & $0.255982$ & $-0.0143478$ & $-0.00583537$ & $0.0777936$ & $-0.287855$ & $0.203867$ \\
CHL1_33 & $-0.0990355$ & $0.100269$ & $-0.446118$ & $0$ & $-0.281901$ & $0.0200526$ & $-0.0697008$ & $-0.116702$ & $-0.113832$ & $-0.0729379$ & $-0.0622686$ & $-0.0303635$ & $0.226207$ & $0.119777$ & $0.310024$ & $1$ & $0.140594$ & $0.0902374$ & $-0.48684$ & $0.172708$ & $-0.0800462$ & $-0.0361411$ & $-0.298114$ & $0.368449$ & $0.222559$ & $0.308707$ & $-0.341852$ & $-0.153401$ & $0.00298627$ & $0.0202834$ & $0.0390244$ & $-0.286587$ & $0.054168$ & $-0.294176$ & $-0.192444$ & $-0.270752$ & $0.0969401$ & $0.00233324$ & $0.25736$ & $0.0482887$ & $-0.148299$ & $-0.270433$ & $0.086811$ & $0.00806351$ & $0.237515$ & $-0.338873$ & $-0.233158$ & $-0.12947$ & $0.211391$ \\
CHL3_11 & $0.233671$ & $-0.236818$ & $0.55685$ & $0$ & $0.109877$ & $-0.102966$ & $0.0523562$ & $-0.176147$ & $-0.160451$ & $0.414839$ & $-0.441271$ & $-0.196948$ & $-0.0628214$ & $0.514201$ & $0.345835$ & $0.140594$ & $1$ & $0.630168$ & $0.650547$ & $0.450912$ & $0.391116$ & $0.38165$ & $-0.217691$ & $0.54875$ & $0.748125$ & $0.0388482$ & $-0.244512$ & $-0.131823$ & $0.0129433$ & $-0.00013331$ & $-0.0379579$ & $0.212122$ & $0.0159677$ & $-0.272483$ & $0.0295826$ & $-0.147655$ & $0.370207$ & $0.0029168$ & $-0.132268$ & $-0.180675$ & $-0.0955014$ & $-0.0938576$ & $-0.101949$ & $0.471725$ & $-0.0386605$ & $0.103976$ & $0.397786$ & $0.0553903$ & $-0.188055$ \\
CHL3_22 & $0.334981$ & $-0.197444$ & $0.489938$ & $0$ & $0.221779$ & $0.0803464$ & $0.108987$ & $-0.398692$ & $-0.37407$ & $0.503749$ & $-0.120372$ & $-0.178829$ & $-0.318831$ & $0.573959$ & $-0.322023$ & $0.0902374$ & $0.630168$ & $1$ & $0.513784$ & $0.130294$ & $0.114385$ & $0.133056$ & $0.0162972$ & $0.452563$ & $0.595953$ & $-0.122469$ & $-0.319722$ & $-0.161946$ & $0.0072308$ & $-0.119865$ & $-0.0404713$ & $0.330242$ & $-0.111324$ & $0.0617393$ & $-0.219126$ & $-0.00783416$ & $0.249337$ & $0.252561$ & $0.00243791$ & $-0.134744$ & $-0.219831$ & $0.0920059$ & $-0.353577$ & $0.335352$ & $0.0562372$ & $0.0284519$ & $0.33698$ & $0.196046$ & $-0.30717$ \\
CHL3_33 & $0.298574$ & $-0.266958$ & $0.745065$ & $0$ & $0.32041$ & $0.0975882$ & $0.0702605$ & $-0.124245$ & $-0.105133$ & $0.417783$ & $-0.356336$ & $-0.0668559$ & $-0.181992$ & $0.633458$ & $0.189163$ & $-0.48684$ & $0.650547$ & $0.513784$ & $1$ & $0.321141$ & $0.381955$ & $0.399171$ & $-0.0489309$ & $0.346056$ & $0.611305$ & $-0.133674$ & $-0.017045$ & $-0.00258854$ & $0.0160739$ & $0.0216696$ & $-0.0360869$ & $0.381888$ & $0.0193553$ & $-0.27732$ & $0.163911$ & $-0.0464408$ & $0.334169$ & $-0.130578$ & $-0.317794$ & $-0.287556$ & $-0.0630319$ & $0.0375121$ & $-0.148797$ & $0.444992$ & $-0.174177$ & $0.326702$ & $0.516666$ & $0.0415687$ & $-0.274217$ \\
CHe_11 & $0.066523$ & $-0.0470378$ & $0.0877339$ & $0$ & $0.0845118$ & $-0.175818$ & $-0.0507094$ & $0.679054$ & $0.637473$ & $-0.261076$ & $-0.971097$ & $-0.265359$ & $0.015876$ & $0.56584$ & $0.531457$ & $0.172708$ & $0.450912$ & $0.130294$ & $0.321141$ & $1$ & $0.927047$ & $0.837718$ & $-0.181688$ & $0.169338$ & $0.393274$ & $-0.176606$ & $0.267521$ & $0.224177$ & $0.0173392$ & $0.162349$ & $0.0483357$ & $-0.00338006$ & $0.215034$ & $-0.107072$ & $0.0832077$ & $-0.126627$ & $0.198803$ & $-0.308229$ & $-0.4726$ & $-0.299125$ & $0.181983$ & $-0.226984$ & $0.138906$ & $0.358566$ & $-0.283395$ & $-0.0632043$ & $0.140641$ & $-0.155265$ & $0.306372$ \\
CHe_22 & $0.108834$ & $-0.0547929$ & $0.18629$ & $0$ & $0.174056$ & $-0.235846$ & $-0.0435449$ & $0.789467$ & $0.73673$ & $-0.279337$ & $-0.973559$ & $-0.313817$ & $-0.0863503$ & $0.48696$ & $0.33195$ & $-0.0800462$ & $0.391116$ & $0.114385$ & $0.381955$ & $0.927047$ & $1$ & $0.893857$ & $-0.0486706$ & $-0.0248882$ & $0.239977$ & $-0.325465$ & $0.396518$ & $0.279329$ & $0.0214631$ & $0.164841$ & $0.0470726$ & $0.0656807$ & $0.224288$ & $0.142245$ & $0.0890968$ & $0.0103393$ & $0.121649$ & $-0.245822$ & $-0.544357$ & $-0.291217$ & $0.250882$ & $-0.135452$ & $0.0970779$ & $0.321306$ & $-0.367729$ & $-0.00297911$ & $0.167907$ & $-0.0852936$ & $0.271019$ \\
CHe_33 & $0.172951$ & $-0.00924884$ & $0.216307$ & $0$ & $0.191938$ & $-0.189472$ & $-0.0603982$ & $0.70052$ & $0.654258$ & $-0.284851$ & $-0.881432$ & $-0.303705$ & $-0.0687739$ & $0.448778$ & $0.295685$ & $-0.0361411$ & $0.38165$ & $0.133056$ & $0.399171$ & $0.837718$ & $0.893857$ & $1$ & $-0.0190373$ & $-0.0243857$ & $0.235481$ & $-0.297452$ & $0.357411$ & $0.210882$ & $0.0215582$ & $0.180538$ & $0.0626313$ & $0.0358451$ & $0.244014$ & $0.137321$ & $0.0914547$ & $0.044946$ & $0.123314$ & $-0.237885$ & $-0.526972$ & $-0.291811$ & $0.209932$ & $-0.167931$ & $0.077313$ & $0.288626$ & $-0.368383$ & $0.0363356$ & $0.154514$ & $-0.115471$ & $0.248383$ \\
CHQ1_11 & $-0.183283$ & $-0.0474706$ & $0.233342$ & $0$ & $0.115066$ & $-0.109935$ & $-0.0129983$ & $0.082388$ & $0.0622347$ & $-0.278814$ & $0.136063$ & $-0.0693695$ & $-0.0168544$ & $-0.257453$ & $-0.449564$ & $-0.298114$ & $-0.217691$ & $0.0162972$ & $-0.0489309$ & $-0.181688$ & $-0.0486706$ & $-0.0190373$ & $1$ & $-0.324966$ & $-0.267192$ & $-0.711804$ & $0.335262$ & $0.0988422$ & $-0.0294925$ & $0.0911631$ & $0.0668179$ & $0.272922$ & $0.100125$ & $0.449486$ & $-0.0132265$ & $0.263319$ & $-0.605289$ & $0.392246$ & $-0.0915713$ & $-0.0579972$ & $0.214576$ & $0.367112$ & $-0.304011$ & $0.0816265$ & $0.0353202$ & $0.166934$ & $0.0670543$ & $-0.108004$ & $-0.125663$ \\
CHQ1_33 & $0.0979884$ & $-0.162376$ & $0.130686$ & $0$ & $-0.0243046$ & $0.186343$ & $0.0539042$ & $-0.440215$ & $-0.389237$ & $0.385266$ & $-0.0866656$ & $0.0620621$ & $0.105866$ & $0.548421$ & $0.391155$ & $0.368449$ & $0.54875$ & $0.452563$ & $0.346056$ & $0.169338$ & $-0.0248882$ & $-0.0243857$ & $-0.324966$ & $1$ & $0.566827$ & $0.229413$ & $-0.395174$ & $-0.0449418$ & $0.0160433$ & $-0.0328377$ & $-0.017942$ & $0.103718$ & $-0.0201371$ & $-0.61308$ & $-0.0107705$ & $-0.340591$ & $0.329738$ & $-0.107646$ & $0.0739452$ & $-0.143906$ & $-0.233468$ & $-0.107717$ & $-0.0503603$ & $0.337944$ & $0.182779$ & $0.0157643$ & $0.252923$ & $-0.0509391$ & $-0.151922$ \\
CHQ3_11 & $0.170128$ & $-0.109872$ & $0.457119$ & $0$ & $0.0594671$ & $0.0802797$ & $0.0199187$ & $-0.30277$ & $-0.276904$ & $0.392472$ & $-0.328712$ & $0.0519078$ & $-0.0450267$ & $0.710025$ & $0.416946$ & $0.222559$ & $0.748125$ & $0.595953$ & $0.611305$ & $0.393274$ & $0.239977$ & $0.235481$ & $-0.267192$ & $0.566827$ & $1$ & $0.101736$ & $-0.0651624$ & $-0.169085$ & $0.0160362$ & $0.0293111$ & $-0.0227307$ & $0.103701$ & $0.0548321$ & $-0.553686$ & $0.117634$ & $-0.20619$ & $0.361463$ & $-0.0803238$ & $-0.235533$ & $-0.110082$ & $-0.0597864$ & $-0.175001$ & $-0.0381062$ & $0.426332$ & $-0.120809$ & $0.204886$ & $0.298336$ & $-0.0982531$ & $-0.0773783$ \\
CHu_11 & $0.105171$ & $0.130249$ & $-0.147717$ & $0$ & $-0.189187$ & $0.0804356$ & $0.0227704$ & $-0.339525$ & $-0.302269$ & $0.271146$ & $0.242983$ & $0.220251$ & $0.142352$ & $-0.0205382$ & $0.308801$ & $0.308707$ & $0.0388482$ & $-0.122469$ & $-0.133674$ & $-0.176606$ & $-0.325465$ & $-0.297452$ & $-0.711804$ & $0.229413$ & $0.101736$ & $1$ & $-0.284012$ & $-0.18492$ & $0.0122123$ & $-0.125764$ & $-0.0863116$ & $-0.305579$ & $-0.159793$ & $-0.449129$ & $0.098976$ & $-0.219709$ & $0.426515$ & $-0.281608$ & $0.180494$ & $0.160804$ & $-0.144511$ & $-0.322017$ & $0.275228$ & $-0.140681$ & $0.030061$ & $-0.0183801$ & $-0.147603$ & $0.0108035$ & $0.0735982$ \\
CHd_11 & $-0.0962145$ & $0.310664$ & $0.15385$ & $0$ & $0.0409514$ & $-0.293691$ & $-0.086672$ & $0.594626$ & $0.551228$ & $-0.468695$ & $-0.323568$ & $0.11248$ & $-0.0676782$ & $-0.152475$ & $-0.0465709$ & $-0.341852$ & $-0.244512$ & $-0.319722$ & $-0.017045$ & $0.267521$ & $0.396518$ & $0.357411$ & $0.335262$ & $-0.395174$ & $-0.0651624$ & $-0.284012$ & $1$ & $0.173929$ & $0.000830714$ & $0.149204$ & $0.049004$ & $-0.181233$ & $0.21029$ & $0.355491$ & $0.354032$ & $0.329517$ & $-0.332369$ & $-0.029972$ & $-0.65398$ & $0.140052$ & $0.582204$ & $-0.0582113$ & $0.193757$ & $-0.0782687$ & $-0.608888$ & $0.366027$ & $-0.158967$ & $-0.196162$ & $0.384596$ \\
CHd_33 & $-0.106041$ & $-0.135747$ & $-0.338113$ & $0$ & $0.0906627$ & $-0.150808$ & $-0.00218918$ & $0.366269$ & $0.339357$ & $-0.234675$ & $-0.248616$ & $-0.0162351$ & $-0.0436678$ & $0.0110379$ & $0.029046$ & $-0.153401$ & $-0.131823$ & $-0.161946$ & $-0.00258854$ & $0.224177$ & $0.279329$ & $0.210882$ & $0.0988422$ & $-0.0449418$ & $-0.169085$ & $-0.18492$ & $0.173929$ & $1$ & $-0.00338406$ & $0.052451$ & $-0.000932098$ & $0.142031$ & $0.0769684$ & $0.141776$ & $0.0193104$ & $-0.0742806$ & $-0.0775579$ & $-0.342267$ & $-0.212019$ & $-0.243097$ & $0.173905$ & $0.176675$ & $0.126637$ & $0.181047$ & $-0.044723$ & $-0.0173652$ & $0.0803939$ & $-0.0613779$ & $0.0247245$ \\
CeH_22r & $-0.00591088$ & $-0.00177596$ & $-0.0169845$ & $0$ & $-0.0102836$ & $0.00569785$ & $0.0321415$ & $0.0112966$ & $0.0237579$ & $-0.0106493$ & $-0.0253055$ & $0.00435885$ & $-0.000746587$ & $0.036798$ & $0.0175507$ & $0.00298627$ & $0.0129433$ & $0.0072308$ & $0.0160739$ & $0.0173392$ & $0.0214631$ & $0.0215582$ & $-0.0294925$ & $0.0160433$ & $0.0160362$ & $0.0122123$ & $0.000830714$ & $-0.00338406$ & $1$ & $0.0465641$ & $0.00452441$ & $-0.0137255$ & $0.0550303$ & $-0.0138717$ & $0.017206$ & $-0.0269513$ & $0.0207504$ & $-0.0228791$ & $-0.0160454$ & $-0.00374338$ & $0.00482998$ & $-0.0207627$ & $0.0149665$ & $0.000911885$ & $-0.0123895$ & $0.00295924$ & $0.0116642$ & $-0.0139566$ & $0.0142262$ \\
CeH_33r & $-0.0610656$ & $-0.00765756$ & $-0.0641882$ & $0$ & $-0.00706317$ & $-0.0295451$ & $-0.389323$ & $0.183224$ & $0.183009$ & $-0.226769$ & $-0.172851$ & $0.0106997$ & $0.0568304$ & $0.0661402$ & $0.164012$ & $0.0202834$ & $-0.00013331$ & $-0.119865$ & $0.0216696$ & $0.162349$ & $0.164841$ & $0.180538$ & $0.0911631$ & $-0.0328377$ & $0.0293111$ & $-0.125764$ & $0.149204$ & $0.052451$ & $0.0465641$ & $1$ & $0.289815$ & $-0.0621806$ & $0.662474$ & $-0.0506978$ & $0.0444767$ & $-0.0184816$ & $-0.0425813$ & $-0.131225$ & $-0.147394$ & $-0.0567154$ & $0.108093$ & $-0.0199848$ & $0.118436$ & $0.0548216$ & $-0.132552$ & $0.0318286$ & $-0.0228609$ & $-0.106837$ & $0.118187$ \\
CuH_22r & $-0.0647841$ & $-0.0720156$ & $-0.0250668$ & $0$ & $-0.037305$ & $0.0176742$ & $-0.239774$ & $0.0755393$ & $0.0909331$ & $-0.0481206$ & $-0.0516238$ & $0.0170592$ & $0.0207393$ & $0.0154878$ & $0.0275123$ & $0.0390244$ & $-0.0379579$ & $-0.0404713$ & $-0.0360869$ & $0.0483357$ & $0.0470726$ & $0.0626313$ & $0.0668179$ & $-0.017942$ & $-0.0227307$ & $-0.0863116$ & $0.049004$ & $-0.000932098$ & $0.00452441$ & $0.289815$ & $1$ & $0.0353495$ & $0.395652$ & $0.0128182$ & $-0.0378405$ & $-0.0581483$ & $-0.0323085$ & $-0.0333636$ & $-0.0371663$ & $-0.0464464$ & $0.0627995$ & $0.0238565$ & $0.0541348$ & $0.064632$ & $-0.0482857$ & $-0.0251644$ & $0.0322152$ & $-0.0307397$ & $0.0325006$ \\
CuH_33r & $0.0358015$ & $-0.618609$ & $0.363857$ & $0$ & $0.23317$ & $0.115758$ & $0.122854$ & $-0.136548$ & $-0.138653$ & $0.390422$ & $-0.0279646$ & $-0.084736$ & $-0.26568$ & $0.217772$ & $-0.158361$ & $-0.286587$ & $0.212122$ & $0.330242$ & $0.381888$ & $-0.00338006$ & $0.0656807$ & $0.0358451$ & $0.272922$ & $0.103718$ & $0.103701$ & $-0.305579$ & $-0.181233$ & $0.142031$ & $-0.0137255$ & $-0.0621806$ & $0.0353495$ & $1$ & $-0.090171$ & $0.0372081$ & $-0.243117$ & $-0.199688$ & $-0.120313$ & $0.113651$ & $-0.0219017$ & $-0.500123$ & $-0.324726$ & $0.513267$ & $-0.398939$ & $0.552936$ & $0.285902$ & $0.114872$ & $0.581015$ & $0.234643$ & $-0.467527$ \\
CdH_33r & $-0.0576517$ & $0.0289442$ & $-0.0648279$ & $0$ & $0.00590096$ & $-0.0202423$ & $-0.559681$ & $0.240056$ & $0.24549$ & $-0.282097$ & $-0.235641$ & $0.0228119$ & $0.0349375$ & $0.104622$ & $0.178863$ & $0.054168$ & $0.0159677$ & $-0.111324$ & $0.0193553$ & $0.215034$ & $0.224288$ & $0.244014$ & $0.100125$ & $-0.0201371$ & $0.0548321$ & $-0.159793$ & $0.21029$ & $0.0769684$ & $0.0550303$ & $0.662474$ & $0.395652$ & $-0.090171$ & $1$ & $-0.029649$ & $0.0258643$ & $-0.0389843$ & $-0.0543855$ & $-0.142571$ & $-0.218589$ & $-0.0816653$ & $0.149885$ & $-0.0707411$ & $0.146896$ & $0.0702226$ & $-0.193104$ & $0.0149685$ & $-0.0561369$ & $-0.118218$ & $0.195348$ \\
CLL_1221 & $0.0579492$ & $0.123117$ & $-0.00157273$ & $0$ & $0.131185$ & $-0.305507$ & $0.0110399$ & $0.393168$ & $0.347319$ & $-0.263827$ & $0.00198267$ & $-0.232789$ & $-0.319239$ & $-0.461564$ & $-0.777288$ & $-0.294176$ & $-0.272483$ & $0.0617393$ & $-0.27732$ & $-0.107072$ & $0.142245$ & $0.137321$ & $0.449486$ & $-0.61308$ & $-0.553686$ & $-0.449129$ & $0.355491$ & $0.141776$ & $-0.0138717$ & $-0.0506978$ & $0.0128182$ & $0.0372081$ & $-0.029649$ & $1$ & $-0.155463$ & $0.460773$ & $-0.361216$ & $0.346604$ & $-0.107064$ & $0.129694$ & $0.228902$ & $0.229187$ & $-0.138003$ & $-0.236294$ & $-0.200523$ & $-0.0412424$ & $-0.148381$ & $0.225741$ & $0.0487651$ \\
eHggint & $0.0911021$ & $-0.055929$ & $0.340726$ & $0$ & $-0.0563648$ & $-0.191097$ & $-0.022001$ & $0.100992$ & $0.112717$ & $0.040407$ & $-0.0880122$ & $0.424288$ & $0.389135$ & $-0.0178303$ & $0.244082$ & $-0.192444$ & $0.0295826$ & $-0.219126$ & $0.163911$ & $0.0832077$ & $0.0890968$ & $0.0914547$ & $-0.0132265$ & $-0.0107705$ & $0.117634$ & $0.098976$ & $0.354032$ & $0.0193104$ & $0.017206$ & $0.0444767$ & $-0.0378405$ & $-0.243117$ & $0.0258643$ & $-0.155463$ & $1$ & $0.179816$ & $0.157959$ & $-0.302819$ & $-0.179728$ & $0.245363$ & $0.30266$ & $0.0755928$ & $0.483846$ & $0.0153177$ & $-0.313356$ & $0.507483$ & $0.0332549$ & $-0.20648$ & $-0.193384$ \\
eHggpar & $0.283691$ & $0.215345$ & $0.0896232$ & $0$ & $0.221004$ & $-0.275278$ & $0.0157862$ & $0.131799$ & $0.114802$ & $-0.194486$ & $0.0800117$ & $-0.138745$ & $-0.221284$ & $-0.280185$ & $-0.390911$ & $-0.270752$ & $-0.147655$ & $-0.00783416$ & $-0.0464408$ & $-0.126627$ & $0.0103393$ & $0.044946$ & $0.263319$ & $-0.340591$ & $-0.20619$ & $-0.219709$ & $0.329517$ & $-0.0742806$ & $-0.0269513$ & $-0.0184816$ & $-0.0581483$ & $-0.199688$ & $-0.0389843$ & $0.460773$ & $0.179816$ & $1$ & $-0.109837$ & $0.219307$ & $-0.160502$ & $0.315175$ & $0.0346273$ & $0.156638$ & $-0.0181524$ & $-0.55489$ & $-0.392382$ & $0.240318$ & $-0.252453$ & $0.0145622$ & $-0.0845948$ \\
eHWWint & $0.549759$ & $-0.11715$ & $0.494339$ & $0$ & $0.0635407$ & $0.11597$ & $0.0133088$ & $-0.149934$ & $-0.12994$ & $0.399695$ & $-0.177698$ & $0.0978428$ & $0.00798368$ & $0.408867$ & $0.293286$ & $0.0969401$ & $0.370207$ & $0.249337$ & $0.334169$ & $0.198803$ & $0.121649$ & $0.123314$ & $-0.605289$ & $0.329738$ & $0.361463$ & $0.426515$ & $-0.332369$ & $-0.0775579$ & $0.0207504$ & $-0.0425813$ & $-0.0323085$ & $-0.120313$ & $-0.0543855$ & $-0.361216$ & $0.157959$ & $-0.109837$ & $1$ & $-0.475881$ & $0.132811$ & $-0.0362351$ & $-0.0658582$ & $-0.123811$ & $0.393664$ & $0.102659$ & $-0.271833$ & $-0.0786803$ & $0.0371022$ & $0.244159$ & $-0.17367$ \\
eHWWpar & $-0.176952$ & $0.124254$ & $0.222656$ & $0$ & $-0.0566547$ & $0.00748688$ & $0.0350154$ & $-0.232887$ & $-0.250884$ & $0.137213$ & $0.285995$ & $-0.161724$ & $-0.308889$ & $-0.224289$ & $-0.462479$ & $0.00233324$ & $0.0029168$ & $0.252561$ & $-0.130578$ & $-0.308229$ & $-0.245822$ & $-0.237885$ & $0.392246$ & $-0.107646$ & $-0.0803238$ & $-0.281608$ & $-0.029972$ & $-0.342267$ & $-0.0228791$ & $-0.131225$ & $-0.0333636$ & $0.113651$ & $-0.142571$ & $0.346604$ & $-0.302819$ & $0.219307$ & $-0.475881$ & $1$ & $0.309897$ & $0.341828$ & $0.108372$ & $0.104124$ & $-0.551853$ & $-0.100115$ & $0.236936$ & $-0.136444$ & $-0.111432$ & $0.267714$ & $-0.064653$ \\
eHZZint & $0.00171811$ & $-0.19215$ & $0.00193708$ & $0$ & $-0.226524$ & $0.243738$ & $0.0208265$ & $-0.462811$ & $-0.458225$ & $0.295509$ & $0.505367$ & $0.0269649$ & $0.130841$ & $-0.224731$ & $-0.138847$ & $0.25736$ & $-0.132268$ & $0.00243791$ & $-0.317794$ & $-0.4726$ & $-0.544357$ & $-0.526972$ & $-0.0915713$ & $0.0739452$ & $-0.235533$ & $0.180494$ & $-0.65398$ & $-0.212019$ & $-0.0160454$ & $-0.147394$ & $-0.0371663$ & $-0.0219017$ & $-0.218589$ & $-0.107064$ & $-0.179728$ & $-0.160502$ & $0.132811$ & $0.309897$ & $1$ & $0.330995$ & $-0.194302$ & $0.237148$ & $-0.0826081$ & $-0.147273$ & $0.565363$ & $-0.435796$ & $-0.222591$ & $0.314058$ & $-0.383349$ \\
eHZZpar & $-0.0397964$ & $0.317442$ & $-0.0717264$ & $0$ & $-0.296824$ & $-0.209322$ & $-0.0401734$ & $-0.129091$ & $-0.136289$ & $-0.00368617$ & $0.295174$ & $0.153723$ & $0.00982186$ & $-0.331177$ & $-0.172239$ & $0.0482887$ & $-0.180675$ & $-0.134744$ & $-0.287556$ & $-0.299125$ & $-0.291217$ & $-0.291811$ & $-0.0579972$ & $-0.143906$ & $-0.110082$ & $0.160804$ & $0.140052$ & $-0.243097$ & $-0.00374338$ & $-0.0567154$ & $-0.0464464$ & $-0.500123$ & $-0.0816653$ & $0.129694$ & $0.245363$ & $0.315175$ & $-0.0362351$ & $0.341828$ & $0.330995$ & $1$ & $0.319433$ & $-0.00181583$ & $0.229819$ & $-0.5379$ & $-0.161067$ & $-0.0382028$ & $-0.507251$ & $0.119424$ & $0.0107354$ \\
eHZgaint & $-0.192276$ & $0.239049$ & $0.381642$ & $0$ & $-0.239951$ & $-0.297678$ & $-0.110464$ & $0.380274$ & $0.349481$ & $-0.267399$ & $-0.220375$ & $0.127796$ & $0.0977804$ & $-0.149354$ & $0.0111159$ & $-0.148299$ & $-0.0955014$ & $-0.219831$ & $-0.0630319$ & $0.181983$ & $0.250882$ & $0.209932$ & $0.214576$ & $-0.233468$ & $-0.0597864$ & $-0.144511$ & $0.582204$ & $0.173905$ & $0.00482998$ & $0.108093$ & $0.0627995$ & $-0.324726$ & $0.149885$ & $0.228902$ & $0.30266$ & $0.0346273$ & $-0.0658582$ & $0.108372$ & $-0.194302$ & $0.319433$ & $1$ & $-0.0524879$ & $0.383033$ & $0.0995768$ & $-0.495251$ & $0.0191581$ & $-0.191471$ & $0.090477$ & $0.312105$ \\
eHZgapar & $0.123221$ & $-0.690874$ & $0.0917483$ & $0$ & $0.0626038$ & $-0.079568$ & $0.0544266$ & $-0.102238$ & $-0.110567$ & $0.14076$ & $0.19$ & $-0.0696039$ & $0.00753017$ & $-0.123852$ & $-0.325915$ & $-0.270433$ & $-0.0938576$ & $0.0920059$ & $0.0375121$ & $-0.226984$ & $-0.135452$ & $-0.167931$ & $0.367112$ & $-0.107717$ & $-0.175001$ & $-0.322017$ & $-0.0582113$ & $0.176675$ & $-0.0207627$ & $-0.0199848$ & $0.0238565$ & $0.513267$ & $-0.0707411$ & $0.229187$ & $0.0755928$ & $0.156638$ & $-0.123811$ & $0.104124$ & $0.237148$ & $-0.00181583$ & $-0.0524879$ & $1$ & $0.00880263$ & $0.173687$ & $0.15161$ & $0.00590653$ & $0.189842$ & $0.168388$ & $-0.740265$ \\
eHgagaint & $0.0961268$ & $-0.0308827$ & $-0.0264553$ & $0$ & $-0.266318$ & $-0.144468$ & $-0.123645$ & $0.224128$ & $0.230243$ & $-0.155171$ & $-0.129562$ & $0.315382$ & $0.357231$ & $-0.0835707$ & $0.308034$ & $0.086811$ & $-0.101949$ & $-0.353577$ & $-0.148797$ & $0.138906$ & $0.0970779$ & $0.077313$ & $-0.304011$ & $-0.0503603$ & $-0.0381062$ & $0.275228$ & $0.193757$ & $0.126637$ & $0.0149665$ & $0.118436$ & $0.0541348$ & $-0.398939$ & $0.146896$ & $-0.138003$ & $0.483846$ & $-0.0181524$ & $0.393664$ & $-0.551853$ & $-0.0826081$ & $0.229819$ & $0.383033$ & $0.00880263$ & $1$ & $-0.0537254$ & $-0.530724$ & $0.000295714$ & $-0.282806$ & $0.0824614$ & $0.0638015$ \\
eHmumuint & $0.00629002$ & $-0.532737$ & $0.530903$ & $0$ & $0.0261033$ & $0.0656666$ & $0.0213155$ & $-0.00421356$ & $-5.42894e-05$ & $0.317588$ & $-0.354973$ & $0.0190531$ & $0.0790164$ & $0.465685$ & $0.255982$ & $0.00806351$ & $0.471725$ & $0.335352$ & $0.444992$ & $0.358566$ & $0.321306$ & $0.288626$ & $0.0816265$ & $0.337944$ & $0.426332$ & $-0.140681$ & $-0.0782687$ & $0.181047$ & $0.000911885$ & $0.0548216$ & $0.064632$ & $0.552936$ & $0.0702226$ & $-0.236294$ & $0.0153177$ & $-0.55489$ & $0.102659$ & $-0.100115$ & $-0.147273$ & $-0.5379$ & $0.0995768$ & $0.173687$ & $-0.0537254$ & $1$ & $0.125935$ & $0.047851$ & $0.544138$ & $0.0500393$ & $-0.232111$ \\
eHtautauint & $-0.274861$ & $-0.310102$ & $-0.389944$ & $0$ & $-0.016374$ & $0.252214$ & $0.0963911$ & $-0.372885$ & $-0.362206$ & $0.194607$ & $0.323268$ & $-0.0656812$ & $0.189304$ & $-0.035498$ & $-0.0143478$ & $0.237515$ & $-0.0386605$ & $0.0562372$ & $-0.174177$ & $-0.283395$ & $-0.367729$ & $-0.368383$ & $0.0353202$ & $0.182779$ & $-0.120809$ & $0.030061$ & $-0.608888$ & $-0.044723$ & $-0.0123895$ & $-0.132552$ & $-0.0482857$ & $0.285902$ & $-0.193104$ & $-0.200523$ & $-0.313356$ & $-0.392382$ & $-0.271833$ & $0.236936$ & $0.565363$ & $-0.161067$ & $-0.495251$ & $0.15161$ & $-0.530724$ & $0.125935$ & $1$ & $-0.209873$ & $0.227332$ & $-0.093915$ & $-0.288467$ \\
eHccint & $0.159036$ & $0.0466033$ & $0.40204$ & $0$ & $0.251682$ & $-0.178403$ & $0.0458136$ & $-0.0847343$ & $-0.0558274$ & $0.113292$ & $0.0425968$ & $0.278252$ & $0.141251$ & $0.0164254$ & $-0.00583537$ & $-0.338873$ & $0.103976$ & $0.0284519$ & $0.326702$ & $-0.0632043$ & $-0.00297911$ & $0.0363356$ & $0.166934$ & $0.0157643$ & $0.204886$ & $-0.0183801$ & $0.366027$ & $-0.0173652$ & $0.00295924$ & $0.0318286$ & $-0.0251644$ & $0.114872$ & $0.0149685$ & $-0.0412424$ & $0.507483$ & $0.240318$ & $-0.0786803$ & $-0.136444$ & $-0.435796$ & $-0.0382028$ & $0.0191581$ & $0.00590653$ & $0.000295714$ & $0.047851$ & $-0.209873$ & $1$ & $0.48656$ & $-0.176236$ & $-0.145072$ \\
eHccpar & $0.0628783$ & $-0.391579$ & $0.357248$ & $0$ & $0.229082$ & $-0.00564926$ & $0.132466$ & $-0.129663$ & $-0.101188$ & $0.324132$ & $-0.159042$ & $-0.123629$ & $0.0719064$ & $0.346505$ & $0.0777936$ & $-0.233158$ & $0.397786$ & $0.33698$ & $0.516666$ & $0.140641$ & $0.167907$ & $0.154514$ & $0.0670543$ & $0.252923$ & $0.298336$ & $-0.147603$ & $-0.158967$ & $0.0803939$ & $0.0116642$ & $-0.0228609$ & $0.0322152$ & $0.581015$ & $-0.0561369$ & $-0.148381$ & $0.0332549$ & $-0.252453$ & $0.0371022$ & $-0.111432$ & $-0.222591$ & $-0.507251$ & $-0.191471$ & $0.189842$ & $-0.282806$ & $0.544138$ & $0.227332$ & $0.48656$ & $1$ & $0.00854049$ & $-0.343655$ \\
eHbbint & $0.204505$ & $-0.0634146$ & $0.501943$ & $0$ & $-0.018238$ & $-0.020296$ & $0.0273754$ & $-0.117762$ & $-0.108654$ & $0.368352$ & $0.120003$ & $0.0494158$ & $-0.333437$ & $-0.076774$ & $-0.287855$ & $-0.12947$ & $0.0553903$ & $0.196046$ & $0.0415687$ & $-0.155265$ & $-0.0852936$ & $-0.115471$ & $-0.108004$ & $-0.0509391$ & $-0.0982531$ & $0.0108035$ & $-0.196162$ & $-0.0613779$ & $-0.0139566$ & $-0.106837$ & $-0.0307397$ & $0.234643$ & $-0.118218$ & $0.225741$ & $-0.20648$ & $0.0145622$ & $0.244159$ & $0.267714$ & $0.314058$ & $0.119424$ & $0.090477$ & $0.168388$ & $0.0824614$ & $0.0500393$ & $-0.093915$ & $-0.176236$ & $0.00854049$ & $1$ & $-0.200768$ \\
eHbbpar & $-0.368846$ & $0.702559$ & $-0.331684$ & $0$ & $-0.133278$ & $-0.0543663$ & $-0.103681$ & $0.439233$ & $0.424599$ & $-0.516456$ & $-0.292642$ & $-0.0418902$ & $-0.0339171$ & $-0.0473151$ & $0.203867$ & $0.211391$ & $-0.188055$ & $-0.30717$ & $-0.274217$ & $0.306372$ & $0.271019$ & $0.248383$ & $-0.125663$ & $-0.151922$ & $-0.0773783$ & $0.0735982$ & $0.384596$ & $0.0247245$ & $0.0142262$ & $0.118187$ & $0.0325006$ & $-0.467527$ & $0.195348$ & $0.0487651$ & $-0.193384$ & $-0.0845948$ & $-0.17367$ & $-0.064653$ & $-0.383349$ & $0.0107354$ & $0.312105$ & $-0.740265$ & $0.0638015$ & $-0.232111$ & $-0.288467$ & $-0.145072$ & $-0.343655$ & $-0.200768$ & $1$ \\
