 & AlsMz & dAle5Mz & mtop & mHl & Mz & CW & CHG & CHWB & CHWHB_gaga & CHWHB_gagaorth & CHD & CHbox & CH & CHL1_11 & CHL1_22 & CHL1_33 & CHL3_11 & CHL3_22 & CHL3_33 & CHe_11 & CHe_22 & CHe_33 & CHQ1_11 & CHQ1_33 & CHQ3_11 & CHu_11 & CHd_11 & CHd_33 & CeH_22r & CeH_33r & CuH_22r & CuH_33r & CdH_33r & CLL_1221 & eHggint & eHggpar & eHWWint & eHWWpar & eHZZint & eHZZpar & eHZgaint & eHZgapar & eHgagaint & eHmumuint & eHtautauint & eHccint & eHccpar & eHbbint & eHbbpar \\
AlsMz & $1$ & $-0.0469734$ & $-0.0363298$ & $-0.120718$ & $-0.00311943$ & $-0.00227971$ & $0.00603403$ & $0.0108565$ & $0.00609597$ & $-0.0124225$ & $-0.0141021$ & $-0.00462084$ & $-0.000168801$ & $-0.00708351$ & $0.00180938$ & $0.00757223$ & $-0.00355758$ & $-0.007455$ & $-0.0116514$ & $0.0045069$ & $0.00600743$ & $0.00535425$ & $-0.0104635$ & $-0.0633802$ & $-0.10591$ & $-0.0354576$ & $-0.025164$ & $0.0105792$ & $-0.0116831$ & $0.00118001$ & $-0.0358344$ & $0.0059898$ & $0.0484352$ & $0.00630539$ & $0.0596549$ & $-0.0358649$ & $-0.0727815$ & $0.0185873$ & $0.0479776$ & $-0.00319966$ & $0.0735249$ & $-0.000125727$ & $-0.0654671$ & $0.0583226$ & $-0.0528511$ & $-0.083154$ & $-0.104661$ & $0.118314$ & $0.0614313$ \\
dAle5Mz & $-0.0469734$ & $1$ & $0.1528$ & $0.10389$ & $-0.00346939$ & $0.0238047$ & $-0.00108926$ & $-0.0695368$ & $-0.0645185$ & $0.0324445$ & $0.0502524$ & $0.0391805$ & $-0.00797691$ & $-0.00955723$ & $-0.000821925$ & $-0.00484725$ & $0.0252887$ & $0.0151011$ & $0.0164104$ & $-0.0258837$ & $-0.0280895$ & $-0.0317152$ & $-0.0081831$ & $0.0326566$ & $0.0178529$ & $0.0165215$ & $-0.0241196$ & $-0.0128404$ & $-0.00564361$ & $0.0231055$ & $0.0269806$ & $0.0164933$ & $0.00676976$ & $0.000998504$ & $0.138574$ & $-0.02315$ & $-0.141354$ & $-0.0180047$ & $0.00457709$ & $-0.00152195$ & $0.00732877$ & $-0.0233524$ & $0.083218$ & $0.0680995$ & $-0.0682058$ & $0.048499$ & $0.053217$ & $-0.00183337$ & $-0.0358036$ \\
mtop & $-0.0363298$ & $0.1528$ & $1$ & $0.078372$ & $0.00629321$ & $0.00843992$ & $-0.00838305$ & $3.87771e-05$ & $7.45882e-06$ & $-0.00575162$ & $-0.000298842$ & $-0.0109063$ & $-0.00923444$ & $0.0144631$ & $0.000738923$ & $0.0117717$ & $0.00933218$ & $0.0107$ & $0.00377022$ & $0.0106664$ & $0.00999215$ & $0.00966249$ & $-0.0082749$ & $0.00554477$ & $0.0152008$ & $0.00383777$ & $0.00518345$ & $-0.000712856$ & $-0.00700641$ & $-0.00883103$ & $-0.0171641$ & $-0.0164513$ & $-0.0252728$ & $0.00875904$ & $-0.0634152$ & $-0.0501445$ & $0.073659$ & $0.00744516$ & $0.165966$ & $-0.00850681$ & $0.0353665$ & $0.00572352$ & $0.00974493$ & $0.192934$ & $-0.00141957$ & $-0.0583733$ & $-0.00683702$ & $-0.0435352$ & $-0.0154422$ \\
mHl & $-0.120718$ & $0.10389$ & $0.078372$ & $1$ & $0.0211681$ & $0.00804455$ & $0.00316602$ & $-0.00721509$ & $-9.90446e-05$ & $0.00602512$ & $0.00661203$ & $0.00315655$ & $-0.00444255$ & $-0.00167895$ & $-0.0150453$ & $-0.00342184$ & $0.00467223$ & $0.0124693$ & $0.00257809$ & $-0.00284319$ & $-0.00188423$ & $-0.00297218$ & $-0.00414353$ & $0.0111264$ & $0.0163842$ & $0.00919192$ & $0.00736378$ & $0.0050182$ & $0.000727348$ & $-0.0122937$ & $0.033335$ & $-0.000679732$ & $-0.0736017$ & $0.0136992$ & $0.0380719$ & $-0.124221$ & $0.0472235$ & $-0.00083384$ & $-0.0800261$ & $0.00634267$ & $-0.0729537$ & $0.00417084$ & $0.0941425$ & $0.147064$ & $-0.0439592$ & $0.0324864$ & $0.0828044$ & $0.110454$ & $-0.197744$ \\
Mz & $-0.00311943$ & $-0.00346939$ & $0.00629321$ & $0.0211681$ & $1$ & $-0.00146451$ & $-0.00240397$ & $-0.00929457$ & $-0.0109677$ & $0.00923494$ & $0.0180965$ & $0.0157508$ & $-0.00567722$ & $-0.00463173$ & $-0.000672015$ & $0.00565951$ & $-0.00161582$ & $-0.00139546$ & $-0.00600612$ & $-0.0100707$ & $-0.0100056$ & $-0.00837848$ & $-0.000984561$ & $0.00401658$ & $0.000922648$ & $0.00542373$ & $-0.00293603$ & $-0.00285918$ & $-0.00431282$ & $0.00475081$ & $-0.00130332$ & $0.00143584$ & $0.00588841$ & $-0.00732957$ & $-0.00535376$ & $0.00154883$ & $0.00927915$ & $-0.00122001$ & $0.00550538$ & $0.00394854$ & $-0.0176693$ & $0.00788233$ & $-0.00719586$ & $2.98466e-05$ & $0.0100234$ & $-0.00279877$ & $-0.00151754$ & $0.00991256$ & $0.00274618$ \\
CW & $-0.00227971$ & $0.0238047$ & $0.00843992$ & $0.00804455$ & $-0.00146451$ & $1$ & $0.0029493$ & $-0.130961$ & $-0.126742$ & $0.0130721$ & $0.188454$ & $0.0441972$ & $0.00138299$ & $0.0226997$ & $-0.0795252$ & $-0.0846556$ & $-0.25646$ & $-0.0459125$ & $-0.04074$ & $-0.185211$ & $-0.190458$ & $-0.186273$ & $0.00107643$ & $0.00861024$ & $-0.0816997$ & $0.104518$ & $-0.0776066$ & $-0.0540709$ & $-5.11195e-05$ & $0.000196066$ & $0.00319544$ & $0.00437283$ & $-0.00591158$ & $-0.125816$ & $0.00792438$ & $-0.00355506$ & $-0.0116801$ & $0.00167225$ & $0.00289057$ & $-0.00611397$ & $0.00798442$ & $-0.00766503$ & $0.0228553$ & $0.0219749$ & $0.00386384$ & $-0.0149321$ & $0.0223634$ & $-0.0116247$ & $-0.0120057$ \\
CHG & $0.00603403$ & $-0.00108926$ & $-0.00838305$ & $0.00316602$ & $-0.00240397$ & $0.0029493$ & $1$ & $-0.104964$ & $-0.0536083$ & $0.0747196$ & $0.0574865$ & $0.122996$ & $-0.314392$ & $0.0594974$ & $-0.0233183$ & $-0.00857069$ & $0.0943807$ & $0.106124$ & $0.0951918$ & $-0.055566$ & $-0.0616127$ & $-0.0595036$ & $-0.0167209$ & $0.109825$ & $0.0964274$ & $0.0374044$ & $-0.0516504$ & $-0.0188709$ & $-0.000571809$ & $-0.128615$ & $-0.0697561$ & $0.931588$ & $-0.160066$ & $-0.0638381$ & $-0.049543$ & $-0.0275015$ & $-0.00885485$ & $0.012013$ & $-0.0181572$ & $-0.00249966$ & $-0.00329206$ & $0.00439982$ & $0.0144858$ & $0.0178257$ & $-0.00928571$ & $-0.00378344$ & $-0.0025473$ & $0.00662366$ & $-0.0124464$ \\
CHWB & $0.0108565$ & $-0.0695368$ & $3.87771e-05$ & $-0.00721509$ & $-0.00929457$ & $-0.130961$ & $-0.104964$ & $1$ & $0.984112$ & $-0.573902$ & $-0.8794$ & $-0.395811$ & $0.345033$ & $0.0921072$ & $0.292243$ & $0.294786$ & $-0.242079$ & $-0.433742$ & $-0.439032$ & $0.85023$ & $0.896765$ & $0.879155$ & $0.0748122$ & $-0.677035$ & $-0.397394$ & $-0.51549$ & $0.434373$ & $0.307812$ & $0.0140114$ & $0.0972367$ & $0.0474795$ & $-0.0981508$ & $0.108239$ & $0.569809$ & $-0.000121407$ & $-0.00025095$ & $0.0148567$ & $0.00612308$ & $0.00884066$ & $-0.00109451$ & $0.00427435$ & $0.00275414$ & $-0.0215018$ & $0.0155064$ & $-0.00966479$ & $0.00459548$ & $-0.013529$ & $-0.00353729$ & $0.000382977$ \\
CHWHB_gaga & $0.00609597$ & $-0.0645185$ & $7.45882e-06$ & $-9.90446e-05$ & $-0.0109677$ & $-0.126742$ & $-0.0536083$ & $0.984112$ & $1$ & $-0.56226$ & $-0.862805$ & $-0.369386$ & $0.3389$ & $0.084695$ & $0.28835$ & $0.292366$ & $-0.244009$ & $-0.432087$ & $-0.438118$ & $0.834788$ & $0.879799$ & $0.862878$ & $0.0745517$ & $-0.669413$ & $-0.396023$ & $-0.506938$ & $0.425623$ & $0.301529$ & $0.0209417$ & $0.119745$ & $0.0592267$ & $-0.0565449$ & $0.128026$ & $0.560288$ & $-0.0156023$ & $-0.0131294$ & $0.00289918$ & $0.00603243$ & $0.00215991$ & $-0.00229011$ & $0.00269812$ & $-3.77072e-05$ & $0.0441608$ & $0.0220611$ & $-0.0169998$ & $-0.00322394$ & $-0.0131308$ & $-0.00122844$ & $-0.00589122$ \\
CHWHB_gagaorth & $-0.0124225$ & $0.0324445$ & $-0.00575162$ & $0.00602512$ & $0.00923494$ & $0.0130721$ & $0.0747196$ & $-0.573902$ & $-0.56226$ & $1$ & $0.359733$ & $0.680864$ & $-0.249771$ & $0.230356$ & $-0.124449$ & $-0.126068$ & $0.433909$ & $0.489243$ & $0.491635$ & $-0.345492$ & $-0.375989$ & $-0.369106$ & $-0.0628831$ & $0.559187$ & $0.476964$ & $0.225087$ & $-0.240282$ & $-0.133197$ & $-0.00735188$ & $-0.121857$ & $-0.0628119$ & $0.0883401$ & $-0.134196$ & $-0.353677$ & $0.0195857$ & $0.0124971$ & $-0.00594614$ & $-0.00425884$ & $-0.00326551$ & $0.00205294$ & $-0.0428827$ & $-0.00260197$ & $0.00381831$ & $-0.0231924$ & $0.00487855$ & $-0.00681481$ & $-0.00591224$ & $0.000584222$ & $-0.00859306$ \\
CHD & $-0.0141021$ & $0.0502524$ & $-0.000298842$ & $0.00661203$ & $0.0180965$ & $0.188454$ & $0.0574865$ & $-0.8794$ & $-0.862805$ & $0.359733$ & $1$ & $0.347084$ & $-0.169876$ & $-0.507986$ & $-0.416848$ & $-0.415851$ & $-0.214131$ & $0.0670096$ & $0.071951$ & $-0.990303$ & $-0.991239$ & $-0.970199$ & $-0.0137323$ & $0.312395$ & $0.0163309$ & $0.568185$ & $-0.304405$ & $-0.341121$ & $-0.00307728$ & $-0.0486182$ & $-0.02698$ & $0.0634342$ & $-0.0596362$ & $-0.373989$ & $0.0116303$ & $0.00494063$ & $-0.0125638$ & $-0.00236681$ & $-0.0127174$ & $-0.00243208$ & $0.00513119$ & $0.000539692$ & $0.0237931$ & $-0.0116695$ & $0.0157283$ & $-0.00101543$ & $0.0173865$ & $0.00294711$ & $0.000692792$ \\
CHbox & $-0.00462084$ & $0.0391805$ & $-0.0109063$ & $0.00315655$ & $0.0157508$ & $0.0441972$ & $0.122996$ & $-0.395811$ & $-0.369386$ & $0.680864$ & $0.347084$ & $1$ & $-0.410133$ & $-0.0444437$ & $-0.0727943$ & $-0.0776759$ & $0.0877498$ & $0.145949$ & $0.150137$ & $-0.325442$ & $-0.359293$ & $-0.351546$ & $-0.0512524$ & $0.276876$ & $0.138059$ & $0.213868$ & $-0.20959$ & $-0.126832$ & $0.00941074$ & $0.0738218$ & $-0.00988233$ & $0.176789$ & $0.0686465$ & $-0.262863$ & $0.0523455$ & $0.0279475$ & $-0.0106325$ & $-0.00336188$ & $-0.0133347$ & $0.000172579$ & $-0.0227165$ & $0.00013428$ & $0.00142552$ & $-0.0228007$ & $0.0102269$ & $-0.00642788$ & $0.00242824$ & $0.00395$ & $-0.00673724$ \\
CH & $-0.000168801$ & $-0.00797691$ & $-0.00923444$ & $-0.00444255$ & $-0.00567722$ & $0.00138299$ & $-0.314392$ & $0.345033$ & $0.3389$ & $-0.249771$ & $-0.169876$ & $-0.410133$ & $1$ & $-0.238093$ & $0.0715265$ & $0.0774207$ & $-0.352642$ & $-0.377613$ & $-0.381377$ & $0.165616$ & $0.180217$ & $0.178749$ & $0.0402314$ & $-0.391498$ & $-0.365467$ & $-0.108901$ & $0.137101$ & $0.0630249$ & $0.0500951$ & $0.267054$ & $0.116747$ & $-0.259924$ & $0.317699$ & $0.215396$ & $0.0428623$ & $0.016799$ & $0.00236242$ & $0.00757978$ & $-0.000955593$ & $-0.00368647$ & $0.00514368$ & $0.0022587$ & $-0.00556065$ & $0.00567302$ & $-0.00815498$ & $0.0135769$ & $0.00123596$ & $-0.00133296$ & $0.00210212$ \\
CHL1_11 & $-0.00708351$ & $-0.00955723$ & $0.0144631$ & $-0.00167895$ & $-0.00463173$ & $0.0226997$ & $0.0594974$ & $0.0921072$ & $0.084695$ & $0.230356$ & $-0.507986$ & $-0.0444437$ & $-0.238093$ & $1$ & $0.270009$ & $0.263626$ & $0.664897$ & $0.601694$ & $0.600495$ & $0.526962$ & $0.46876$ & $0.454958$ & $-0.0847679$ & $0.474325$ & $0.605979$ & $-0.266701$ & $-0.0918281$ & $0.162635$ & $-0.0178636$ & $-0.0679873$ & $-0.026014$ & $0.0346388$ & $-0.0637354$ & $-0.212998$ & $-0.0283622$ & $-0.0146294$ & $0.00592527$ & $-0.00473192$ & $0.011592$ & $0.00651972$ & $-0.0216473$ & $-0.00706256$ & $-0.0134735$ & $-0.00330085$ & $-0.0102244$ & $-0.00787072$ & $-0.00981923$ & $-0.00672196$ & $-0.00216907$ \\
CHL1_22 & $0.00180938$ & $-0.000821925$ & $0.000738923$ & $-0.0150453$ & $-0.000672015$ & $-0.0795252$ & $-0.0233183$ & $0.292243$ & $0.28835$ & $-0.124449$ & $-0.416848$ & $-0.0727943$ & $0.0715265$ & $0.270009$ & $1$ & $0.449614$ & $0.165757$ & $-0.444955$ & $-0.033739$ & $0.483308$ & $0.333266$ & $0.323618$ & $-0.182166$ & $0.106445$ & $-0.131104$ & $-0.190412$ & $-0.394283$ & $0.116379$ & $0.000746805$ & $0.0252531$ & $0.0262314$ & $-0.0208786$ & $0.0353829$ & $-0.589886$ & $-0.000876671$ & $0.00324863$ & $0.00138804$ & $-0.00082984$ & $-0.00475585$ & $0.000116621$ & $-0.00363787$ & $0.00123504$ & $-0.00552098$ & $3.43114e-05$ & $-0.0108529$ & $-0.00306281$ & $0.0142567$ & $-0.00487308$ & $0.00761252$ \\
CHL1_33 & $0.00757223$ & $-0.00484725$ & $0.0117717$ & $-0.00342184$ & $0.00565951$ & $-0.0846556$ & $-0.00857069$ & $0.294786$ & $0.292366$ & $-0.126068$ & $-0.415851$ & $-0.0776759$ & $0.0774207$ & $0.263626$ & $0.449614$ & $1$ & $0.161509$ & $-0.0310597$ & $-0.431958$ & $0.481089$ & $0.335851$ & $0.353199$ & $-0.165349$ & $0.0972454$ & $-0.128106$ & $-0.201163$ & $-0.378684$ & $0.111282$ & $-0.00203011$ & $0.0257315$ & $0.00957455$ & $-0.00662755$ & $0.0351491$ & $-0.0999712$ & $0.00598267$ & $-0.00338836$ & $-0.00957973$ & $0.000848565$ & $-0.00275247$ & $0.00179017$ & $0.00743846$ & $0.00128392$ & $-0.00259379$ & $0.00279195$ & $-0.00866624$ & $-0.00480782$ & $-0.00810143$ & $0.00246478$ & $0.00787596$ \\
CHL3_11 & $-0.00355758$ & $0.0252887$ & $0.00933218$ & $0.00467223$ & $-0.00161582$ & $-0.25646$ & $0.0943807$ & $-0.242079$ & $-0.244009$ & $0.433909$ & $-0.214131$ & $0.0877498$ & $-0.352642$ & $0.664897$ & $0.165757$ & $0.161509$ & $1$ & $0.738063$ & $0.738251$ & $0.236987$ & $0.181136$ & $0.175335$ & $-0.0870512$ & $0.680503$ & $0.779452$ & $-0.0987258$ & $-0.159203$ & $0.0620956$ & $-0.0212983$ & $-0.0971682$ & $-0.0452736$ & $0.0680269$ & $-0.101855$ & $-0.252854$ & $-0.0280158$ & $-0.00700574$ & $0.00203518$ & $-0.00837771$ & $0.00952049$ & $0.00724906$ & $-0.0171555$ & $-0.00420554$ & $-0.00675722$ & $-0.00799488$ & $-0.00905446$ & $-0.00365168$ & $-0.0112817$ & $0.00596148$ & $-0.00399696$ \\
CHL3_22 & $-0.007455$ & $0.0151011$ & $0.0107$ & $0.0124693$ & $-0.00139546$ & $-0.0459125$ & $0.106124$ & $-0.433742$ & $-0.432087$ & $0.489243$ & $0.0670096$ & $0.145949$ & $-0.377613$ & $0.601694$ & $-0.444955$ & $-0.0310597$ & $0.738063$ & $1$ & $0.683065$ & $-0.069588$ & $-0.0618627$ & $-0.0591168$ & $0.000843444$ & $0.625349$ & $0.797844$ & $0.0366441$ & $-0.0038624$ & $-0.0212075$ & $-0.0212632$ & $-0.108735$ & $-0.0571128$ & $0.0801183$ & $-0.116174$ & $0.0286039$ & $-0.02557$ & $-0.0111596$ & $-0.000683616$ & $-0.0064699$ & $0.0108246$ & $0.00667372$ & $-0.0150875$ & $-0.00605172$ & $-0.00127838$ & $-0.00821719$ & $-0.00111862$ & $-0.00578537$ & $-0.0170078$ & $0.00341312$ & $-0.00727524$ \\
CHL3_33 & $-0.0116514$ & $0.0164104$ & $0.00377022$ & $0.00257809$ & $-0.00600612$ & $-0.04074$ & $0.0951918$ & $-0.439032$ & $-0.438118$ & $0.491635$ & $0.071951$ & $0.150137$ & $-0.381377$ & $0.600495$ & $-0.033739$ & $-0.431958$ & $0.738251$ & $0.683065$ & $1$ & $-0.0741001$ & $-0.0675823$ & $-0.0639934$ & $-0.00738942$ & $0.630733$ & $0.799613$ & $0.047095$ & $-0.0069068$ & $-0.0183053$ & $-0.0187286$ & $-0.110893$ & $-0.0458589$ & $0.0691158$ & $-0.117785$ & $-0.34356$ & $-0.0313002$ & $-0.00838558$ & $0.00913775$ & $-0.00830313$ & $0.00985958$ & $0.00353268$ & $-0.0241081$ & $-0.0063023$ & $-0.000430073$ & $-0.010636$ & $-0.00206124$ & $-0.00586021$ & $-0.00206557$ & $-0.00305859$ & $-0.00820614$ \\
CHe_11 & $0.0045069$ & $-0.0258837$ & $0.0106664$ & $-0.00284319$ & $-0.0100707$ & $-0.185211$ & $-0.055566$ & $0.85023$ & $0.834788$ & $-0.345492$ & $-0.990303$ & $-0.325442$ & $0.165616$ & $0.526962$ & $0.483308$ & $0.481089$ & $0.236987$ & $-0.069588$ & $-0.0741001$ & $1$ & $0.972678$ & $0.952373$ & $-0.0124556$ & $-0.258403$ & $-0.00940423$ & $-0.557383$ & $0.228863$ & $0.33486$ & $0.00293693$ & $0.048715$ & $0.0282048$ & $-0.0605918$ & $0.0591506$ & $0.294133$ & $-0.00869643$ & $-0.00492134$ & $0.00929948$ & $0.00123379$ & $0.0120472$ & $0.00221557$ & $-0.0049557$ & $-0.000448403$ & $-0.0196501$ & $0.0127839$ & $-0.0168567$ & $0.000689721$ & $-0.0142476$ & $-0.00497177$ & $-0.00187164$ \\
CHe_22 & $0.00600743$ & $-0.0280895$ & $0.00999215$ & $-0.00188423$ & $-0.0100056$ & $-0.190458$ & $-0.0616127$ & $0.896765$ & $0.879799$ & $-0.375989$ & $-0.991239$ & $-0.359293$ & $0.180217$ & $0.46876$ & $0.333266$ & $0.335851$ & $0.181136$ & $-0.0618627$ & $-0.0675823$ & $0.972678$ & $1$ & $0.975284$ & $0.0422806$ & $-0.367054$ & $-0.0219933$ & $-0.570851$ & $0.384254$ & $0.343081$ & $0.00397784$ & $0.051596$ & $0.0273758$ & $-0.0673238$ & $0.0606346$ & $0.459633$ & $-0.0095073$ & $-0.00626032$ & $0.0116468$ & $0.00174357$ & $0.0136799$ & $0.0027854$ & $-0.00500361$ & $-0.00167022$ & $-0.0222501$ & $0.0138833$ & $-0.0152734$ & $0.00294631$ & $-0.0167484$ & $-0.00311621$ & $-0.00307105$ \\
CHe_33 & $0.00535425$ & $-0.0317152$ & $0.00966249$ & $-0.00297218$ & $-0.00837848$ & $-0.186273$ & $-0.0595036$ & $0.879155$ & $0.862878$ & $-0.369106$ & $-0.970199$ & $-0.351546$ & $0.178749$ & $0.454958$ & $0.323618$ & $0.353199$ & $0.175335$ & $-0.0591168$ & $-0.0639934$ & $0.952373$ & $0.975284$ & $1$ & $0.0445866$ & $-0.360415$ & $-0.0200177$ & $-0.559766$ & $0.380043$ & $0.336941$ & $0.00502545$ & $0.0503526$ & $0.0277238$ & $-0.0646215$ & $0.0597288$ & $0.455689$ & $-0.00884057$ & $-0.0079753$ & $0.0128649$ & $0.00237054$ & $0.0155244$ & $0.00155274$ & $-0.00614442$ & $-0.00153035$ & $-0.019834$ & $0.0127347$ & $-0.0141934$ & $0.00459644$ & $-0.0191182$ & $-0.00381927$ & $-0.00284007$ \\
CHQ1_11 & $-0.0104635$ & $-0.0081831$ & $-0.0082749$ & $-0.00414353$ & $-0.000984561$ & $0.00107643$ & $-0.0167209$ & $0.0748122$ & $0.0745517$ & $-0.0628831$ & $-0.0137323$ & $-0.0512524$ & $0.0402314$ & $-0.0847679$ & $-0.182166$ & $-0.165349$ & $-0.0870512$ & $0.000843444$ & $-0.00738942$ & $-0.0124556$ & $0.0422806$ & $0.0445866$ & $1$ & $-0.148564$ & $0.075652$ & $-0.672935$ & $0.357657$ & $0.0177424$ & $0.00885749$ & $0.00849993$ & $0.00537366$ & $-0.0187977$ & $0.0122194$ & $0.213146$ & $-0.00997606$ & $-0.0146809$ & $-0.00112342$ & $-0.00491751$ & $0.000772719$ & $0.00324032$ & $0.00994407$ & $0.000963431$ & $0.00434707$ & $0.00947522$ & $0.000655936$ & $-0.00403863$ & $0.00310099$ & $-0.00101836$ & $0.00277751$ \\
CHQ1_33 & $-0.0633802$ & $0.0326566$ & $0.00554477$ & $0.0111264$ & $0.00401658$ & $0.00861024$ & $0.109825$ & $-0.677035$ & $-0.669413$ & $0.559187$ & $0.312395$ & $0.276876$ & $-0.391498$ & $0.474325$ & $0.106445$ & $0.0972454$ & $0.680503$ & $0.625349$ & $0.630733$ & $-0.258403$ & $-0.367054$ & $-0.360415$ & $-0.148564$ & $1$ & $0.644854$ & $0.214653$ & $-0.425764$ & $-0.0306122$ & $-0.0203915$ & $-0.109763$ & $-0.0424598$ & $0.0914441$ & $-0.117446$ & $-0.633854$ & $-0.0246303$ & $-0.00225526$ & $-0.00167382$ & $-0.0122205$ & $-0.00918159$ & $0.000837251$ & $-0.0200786$ & $-0.00216295$ & $0.0152731$ & $-0.0219459$ & $0.00283225$ & $-0.00592244$ & $0.00804396$ & $-0.00788506$ & $-0.00498244$ \\
CHQ3_11 & $-0.10591$ & $0.0178529$ & $0.0152008$ & $0.0163842$ & $0.000922648$ & $-0.0816997$ & $0.0964274$ & $-0.397394$ & $-0.396023$ & $0.476964$ & $0.0163309$ & $0.138059$ & $-0.365467$ & $0.605979$ & $-0.131104$ & $-0.128106$ & $0.779452$ & $0.797844$ & $0.799613$ & $-0.00940423$ & $-0.0219933$ & $-0.0200177$ & $0.075652$ & $0.644854$ & $1$ & $0.0170533$ & $0.204803$ & $-0.00970742$ & $-0.0157937$ & $-0.110078$ & $-0.0467526$ & $0.0699309$ & $-0.119764$ & $-0.199685$ & $-0.0389328$ & $0.00132106$ & $0.014611$ & $-0.0096785$ & $0.0098503$ & $0.00945153$ & $-0.0242462$ & $-0.00584221$ & $0.00478221$ & $-0.0156724$ & $-0.00340714$ & $0.00320326$ & $0.00130644$ & $-0.0125736$ & $-0.0138774$ \\
CHu_11 & $-0.0354576$ & $0.0165215$ & $0.00383777$ & $0.00919192$ & $0.00542373$ & $0.104518$ & $0.0374044$ & $-0.51549$ & $-0.506938$ & $0.225087$ & $0.568185$ & $0.213868$ & $-0.108901$ & $-0.266701$ & $-0.190412$ & $-0.201163$ & $-0.0987258$ & $0.0366441$ & $0.047095$ & $-0.557383$ & $-0.570851$ & $-0.559766$ & $-0.672935$ & $0.214653$ & $0.0170533$ & $1$ & $-0.19246$ & $-0.201461$ & $-0.00447846$ & $-0.0309043$ & $-0.0202611$ & $0.042512$ & $-0.0437708$ & $-0.265821$ & $0.00598691$ & $0.0185307$ & $0.00193698$ & $0.00317852$ & $-0.00672271$ & $-0.00190992$ & $-0.0124368$ & $-0.00192032$ & $0.0139839$ & $-0.0166022$ & $0.010753$ & $0.00692272$ & $0.00561352$ & $-0.00794254$ & $-0.00255756$ \\
CHd_11 & $-0.025164$ & $-0.0241196$ & $0.00518345$ & $0.00736378$ & $-0.00293603$ & $-0.0776066$ & $-0.0516504$ & $0.434373$ & $0.425623$ & $-0.240282$ & $-0.304405$ & $-0.20959$ & $0.137101$ & $-0.0918281$ & $-0.394283$ & $-0.378684$ & $-0.159203$ & $-0.0038624$ & $-0.0069068$ & $0.228863$ & $0.384254$ & $0.380043$ & $0.357657$ & $-0.425764$ & $0.204803$ & $-0.19246$ & $1$ & $0.114846$ & $0.0122009$ & $0.028111$ & $0.0130742$ & $-0.0535977$ & $0.0261163$ & $0.688263$ & $-0.0142931$ & $0.0064186$ & $0.0195064$ & $0.000481753$ & $0.0146582$ & $0.00203186$ & $-0.00290341$ & $0.000377882$ & $-0.00446206$ & $0.00628246$ & $-0.00662341$ & $0.0106113$ & $-0.0112442$ & $-0.00854922$ & $-0.0115423$ \\
CHd_33 & $0.0105792$ & $-0.0128404$ & $-0.000712856$ & $0.0050182$ & $-0.00285918$ & $-0.0540709$ & $-0.0188709$ & $0.307812$ & $0.301529$ & $-0.133197$ & $-0.341121$ & $-0.126832$ & $0.0630249$ & $0.162635$ & $0.116379$ & $0.111282$ & $0.0620956$ & $-0.0212075$ & $-0.0183053$ & $0.33486$ & $0.343081$ & $0.336941$ & $0.0177424$ & $-0.0306122$ & $-0.00970742$ & $-0.201461$ & $0.114846$ & $1$ & $-0.00697276$ & $0.021496$ & $0.0147245$ & $-0.019512$ & $0.0227711$ & $0.155015$ & $0.000510296$ & $0.00144421$ & $0.00186379$ & $-0.0017543$ & $7.38593e-05$ & $-0.00068611$ & $-0.00695145$ & $-0.00450263$ & $-0.00401534$ & $0.00704645$ & $-0.00647385$ & $-0.0104678$ & $-0.0175965$ & $0.00160845$ & $-0.00839661$ \\
CeH_22r & $-0.0116831$ & $-0.00564361$ & $-0.00700641$ & $0.000727348$ & $-0.00431282$ & $-5.11195e-05$ & $-0.000571809$ & $0.0140114$ & $0.0209417$ & $-0.00735188$ & $-0.00307728$ & $0.00941074$ & $0.0500951$ & $-0.0178636$ & $0.000746805$ & $-0.00203011$ & $-0.0212983$ & $-0.0212632$ & $-0.0187286$ & $0.00293693$ & $0.00397784$ & $0.00502545$ & $0.00885749$ & $-0.0203915$ & $-0.0157937$ & $-0.00447846$ & $0.0122009$ & $-0.00697276$ & $1$ & $0.0519291$ & $0.0344363$ & $-0.0142035$ & $0.0582811$ & $0.0098388$ & $-0.0221078$ & $-0.0166379$ & $-0.0261618$ & $0.00695522$ & $-0.00293375$ & $0.00704474$ & $-0.00514311$ & $4.24071e-05$ & $0.00337628$ & $0.00755995$ & $-0.00967767$ & $0.00188898$ & $0.00309592$ & $-0.00321748$ & $0.0142439$ \\
CeH_33r & $0.00118001$ & $0.0231055$ & $-0.00883103$ & $-0.0122937$ & $0.00475081$ & $0.000196066$ & $-0.128615$ & $0.0972367$ & $0.119745$ & $-0.121857$ & $-0.0486182$ & $0.0738218$ & $0.267054$ & $-0.0679873$ & $0.0252531$ & $0.0257315$ & $-0.0971682$ & $-0.108735$ & $-0.110893$ & $0.048715$ & $0.051596$ & $0.0503526$ & $0.00849993$ & $-0.109763$ & $-0.110078$ & $-0.0309043$ & $0.028111$ & $0.021496$ & $0.0519291$ & $1$ & $0.312532$ & $0.0257414$ & $0.664224$ & $0.0588865$ & $-0.0512912$ & $-0.0377059$ & $-0.161287$ & $-0.0157399$ & $-0.0114697$ & $0.00547027$ & $-0.00188311$ & $0.00351493$ & $0.00267737$ & $0.00485652$ & $0.0428371$ & $-0.0162242$ & $-0.00113943$ & $0.023348$ & $0.0432251$ \\
CuH_22r & $-0.0358344$ & $0.0269806$ & $-0.0171641$ & $0.033335$ & $-0.00130332$ & $0.00319544$ & $-0.0697561$ & $0.0474795$ & $0.0592267$ & $-0.0628119$ & $-0.02698$ & $-0.00988233$ & $0.116747$ & $-0.026014$ & $0.0262314$ & $0.00957455$ & $-0.0452736$ & $-0.0571128$ & $-0.0458589$ & $0.0282048$ & $0.0273758$ & $0.0277238$ & $0.00537366$ & $-0.0424598$ & $-0.0467526$ & $-0.0202611$ & $0.0130742$ & $0.0147245$ & $0.0344363$ & $0.312532$ & $1$ & $0.022516$ & $0.338586$ & $0.0164466$ & $-0.015054$ & $-0.00941902$ & $-0.059181$ & $-0.0102872$ & $-0.0214503$ & $-0.00593324$ & $0.0620673$ & $0.00769645$ & $-0.000145155$ & $-0.0247792$ & $-0.0015201$ & $0.0692029$ & $0.322035$ & $-0.0203133$ & $-0.00298785$ \\
CuH_33r & $0.0059898$ & $0.0164933$ & $-0.0164513$ & $-0.000679732$ & $0.00143584$ & $0.00437283$ & $0.931588$ & $-0.0981508$ & $-0.0565449$ & $0.0883401$ & $0.0634342$ & $0.176789$ & $-0.259924$ & $0.0346388$ & $-0.0208786$ & $-0.00662755$ & $0.0680269$ & $0.0801183$ & $0.0691158$ & $-0.0605918$ & $-0.0673238$ & $-0.0646215$ & $-0.0187977$ & $0.0914441$ & $0.0699309$ & $0.042512$ & $-0.0535977$ & $-0.019512$ & $-0.0142035$ & $0.0257414$ & $0.022516$ & $1$ & $0.0233298$ & $-0.0599869$ & $0.0218896$ & $0.00330306$ & $-0.0384127$ & $0.0070571$ & $-0.0134456$ & $0.000704318$ & $0.00263787$ & $0.00745809$ & $0.0129049$ & $0.0153012$ & $-0.0115789$ & $-0.00247997$ & $-0.00345339$ & $0.0084232$ & $-0.00515361$ \\
CdH_33r & $0.0484352$ & $0.00676976$ & $-0.0252728$ & $-0.0736017$ & $0.00588841$ & $-0.00591158$ & $-0.160066$ & $0.108239$ & $0.128026$ & $-0.134196$ & $-0.0596362$ & $0.0686465$ & $0.317699$ & $-0.0637354$ & $0.0353829$ & $0.0351491$ & $-0.101855$ & $-0.116174$ & $-0.117785$ & $0.0591506$ & $0.0606346$ & $0.0597288$ & $0.0122194$ & $-0.117446$ & $-0.119764$ & $-0.0437708$ & $0.0261163$ & $0.0227711$ & $0.0582811$ & $0.664224$ & $0.338586$ & $0.0233298$ & $1$ & $0.0569363$ & $-0.0725076$ & $-0.0301072$ & $-0.265407$ & $-0.0117324$ & $-0.000696241$ & $0.00362044$ & $0.000632771$ & $0.00664321$ & $-0.0574983$ & $-0.0419654$ & $0.00610082$ & $-0.0388026$ & $-0.0336614$ & $0.142965$ & $0.466549$ \\
CLL_1221 & $0.00630539$ & $0.000998504$ & $0.00875904$ & $0.0136992$ & $-0.00732957$ & $-0.125816$ & $-0.0638381$ & $0.569809$ & $0.560288$ & $-0.353677$ & $-0.373989$ & $-0.262863$ & $0.215396$ & $-0.212998$ & $-0.589886$ & $-0.0999712$ & $-0.252854$ & $0.0286039$ & $-0.34356$ & $0.294133$ & $0.459633$ & $0.455689$ & $0.213146$ & $-0.633854$ & $-0.199685$ & $-0.265821$ & $0.688263$ & $0.155015$ & $0.0098388$ & $0.0588865$ & $0.0164466$ & $-0.0599869$ & $0.0569363$ & $1$ & $0.007317$ & $-0.00297417$ & $0.00358458$ & $0.00440197$ & $0.0115926$ & $-0.000565568$ & $0.00879525$ & $0.00117451$ & $-0.00899869$ & $0.0158309$ & $-0.00328075$ & $0.0110663$ & $-0.0219791$ & $0.00529757$ & $-0.00827713$ \\
eHggint & $0.0596549$ & $0.138574$ & $-0.0634152$ & $0.0380719$ & $-0.00535376$ & $0.00792438$ & $-0.049543$ & $-0.000121407$ & $-0.0156023$ & $0.0195857$ & $0.0116303$ & $0.0523455$ & $0.0428623$ & $-0.0283622$ & $-0.000876671$ & $0.00598267$ & $-0.0280158$ & $-0.02557$ & $-0.0313002$ & $-0.00869643$ & $-0.0095073$ & $-0.00884057$ & $-0.00997606$ & $-0.0246303$ & $-0.0389328$ & $0.00598691$ & $-0.0142931$ & $0.000510296$ & $-0.0221078$ & $-0.0512912$ & $-0.015054$ & $0.0218896$ & $-0.0725076$ & $0.007317$ & $1$ & $-0.0972633$ & $0.0353852$ & $0.0257629$ & $-0.0140316$ & $0.00119464$ & $0.0690993$ & $0.0142987$ & $0.0377313$ & $0.0939153$ & $0.00418231$ & $0.00174559$ & $-0.00435775$ & $-0.00615026$ & $-0.0639347$ \\
eHggpar & $-0.0358649$ & $-0.02315$ & $-0.0501445$ & $-0.124221$ & $0.00154883$ & $-0.00355506$ & $-0.0275015$ & $-0.00025095$ & $-0.0131294$ & $0.0124971$ & $0.00494063$ & $0.0279475$ & $0.016799$ & $-0.0146294$ & $0.00324863$ & $-0.00338836$ & $-0.00700574$ & $-0.0111596$ & $-0.00838558$ & $-0.00492134$ & $-0.00626032$ & $-0.0079753$ & $-0.0146809$ & $-0.00225526$ & $0.00132106$ & $0.0185307$ & $0.0064186$ & $0.00144421$ & $-0.0166379$ & $-0.0377059$ & $-0.00941902$ & $0.00330306$ & $-0.0301072$ & $-0.00297417$ & $-0.0972633$ & $1$ & $0.0923861$ & $-0.0127309$ & $-0.0739263$ & $-0.00123176$ & $-0.0216517$ & $0.00354295$ & $-0.0564984$ & $-0.227194$ & $-0.00764545$ & $0.131304$ & $0.00222556$ & $-0.0190056$ & $0.018289$ \\
eHWWint & $-0.0727815$ & $-0.141354$ & $0.073659$ & $0.0472235$ & $0.00927915$ & $-0.0116801$ & $-0.00885485$ & $0.0148567$ & $0.00289918$ & $-0.00594614$ & $-0.0125638$ & $-0.0106325$ & $0.00236242$ & $0.00592527$ & $0.00138804$ & $-0.00957973$ & $0.00203518$ & $-0.000683616$ & $0.00913775$ & $0.00929948$ & $0.0116468$ & $0.0128649$ & $-0.00112342$ & $-0.00167382$ & $0.014611$ & $0.00193698$ & $0.0195064$ & $0.00186379$ & $-0.0261618$ & $-0.161287$ & $-0.059181$ & $-0.0384127$ & $-0.265407$ & $0.00358458$ & $0.0353852$ & $0.0923861$ & $1$ & $-0.00269628$ & $0.0160984$ & $-0.0196079$ & $-0.0042823$ & $-0.00774309$ & $0.0166311$ & $-0.0235393$ & $0.107141$ & $0.108334$ & $0.0458016$ & $-0.0717343$ & $-0.179287$ \\
eHWWpar & $0.0185873$ & $-0.0180047$ & $0.00744516$ & $-0.00083384$ & $-0.00122001$ & $0.00167225$ & $0.012013$ & $0.00612308$ & $0.00603243$ & $-0.00425884$ & $-0.00236681$ & $-0.00336188$ & $0.00757978$ & $-0.00473192$ & $-0.00082984$ & $0.000848565$ & $-0.00837771$ & $-0.0064699$ & $-0.00830313$ & $0.00123379$ & $0.00174357$ & $0.00237054$ & $-0.00491751$ & $-0.0122205$ & $-0.0096785$ & $0.00317852$ & $0.000481753$ & $-0.0017543$ & $0.00695522$ & $-0.0157399$ & $-0.0102872$ & $0.0070571$ & $-0.0117324$ & $0.00440197$ & $0.0257629$ & $-0.0127309$ & $-0.00269628$ & $1$ & $0.0116898$ & $0.00025393$ & $-0.00775486$ & $-0.00471228$ & $0.0112359$ & $0.00402558$ & $-0.0196042$ & $-0.0190102$ & $-0.0120229$ & $0.00545005$ & $0.0197639$ \\
eHZZint & $0.0479776$ & $0.00457709$ & $0.165966$ & $-0.0800261$ & $0.00550538$ & $0.00289057$ & $-0.0181572$ & $0.00884066$ & $0.00215991$ & $-0.00326551$ & $-0.0127174$ & $-0.0133347$ & $-0.000955593$ & $0.011592$ & $-0.00475585$ & $-0.00275247$ & $0.00952049$ & $0.0108246$ & $0.00985958$ & $0.0120472$ & $0.0136799$ & $0.0155244$ & $0.000772719$ & $-0.00918159$ & $0.0098503$ & $-0.00672271$ & $0.0146582$ & $7.38593e-05$ & $-0.00293375$ & $-0.0114697$ & $-0.0214503$ & $-0.0134456$ & $-0.000696241$ & $0.0115926$ & $-0.0140316$ & $-0.0739263$ & $0.0160984$ & $0.0116898$ & $1$ & $0.0233429$ & $-0.0483187$ & $-0.00800762$ & $-0.0283607$ & $0.0528823$ & $0.0353402$ & $-0.0109223$ & $-0.0457467$ & $-0.0487085$ & $0.0439813$ \\
eHZZpar & $-0.00319966$ & $-0.00152195$ & $-0.00850681$ & $0.00634267$ & $0.00394854$ & $-0.00611397$ & $-0.00249966$ & $-0.00109451$ & $-0.00229011$ & $0.00205294$ & $-0.00243208$ & $0.000172579$ & $-0.00368647$ & $0.00651972$ & $0.000116621$ & $0.00179017$ & $0.00724906$ & $0.00667372$ & $0.00353268$ & $0.00221557$ & $0.0027854$ & $0.00155274$ & $0.00324032$ & $0.000837251$ & $0.00945153$ & $-0.00190992$ & $0.00203186$ & $-0.00068611$ & $0.00704474$ & $0.00547027$ & $-0.00593324$ & $0.000704318$ & $0.00362044$ & $-0.000565568$ & $0.00119464$ & $-0.00123176$ & $-0.0196079$ & $0.00025393$ & $0.0233429$ & $1$ & $-0.0013565$ & $-0.00214905$ & $-0.0124682$ & $-0.00630063$ & $0.00626909$ & $-0.0118901$ & $-0.0253092$ & $-0.0188153$ & $0.00693573$ \\
eHZgaint & $0.0735249$ & $0.00732877$ & $0.0353665$ & $-0.0729537$ & $-0.0176693$ & $0.00798442$ & $-0.00329206$ & $0.00427435$ & $0.00269812$ & $-0.0428827$ & $0.00513119$ & $-0.0227165$ & $0.00514368$ & $-0.0216473$ & $-0.00363787$ & $0.00743846$ & $-0.0171555$ & $-0.0150875$ & $-0.0241081$ & $-0.0049557$ & $-0.00500361$ & $-0.00614442$ & $0.00994407$ & $-0.0200786$ & $-0.0242462$ & $-0.0124368$ & $-0.00290341$ & $-0.00695145$ & $-0.00514311$ & $-0.00188311$ & $0.0620673$ & $0.00263787$ & $0.000632771$ & $0.00879525$ & $0.0690993$ & $-0.0216517$ & $-0.0042823$ & $-0.00775486$ & $-0.0483187$ & $-0.0013565$ & $1$ & $0.013916$ & $-0.0298944$ & $-0.00128137$ & $0.0433023$ & $0.0366137$ & $0.165588$ & $-0.0640238$ & $0.00171427$ \\
eHZgapar & $-0.000125727$ & $-0.0233524$ & $0.00572352$ & $0.00417084$ & $0.00788233$ & $-0.00766503$ & $0.00439982$ & $0.00275414$ & $-3.77072e-05$ & $-0.00260197$ & $0.000539692$ & $0.00013428$ & $0.0022587$ & $-0.00706256$ & $0.00123504$ & $0.00128392$ & $-0.00420554$ & $-0.00605172$ & $-0.0063023$ & $-0.000448403$ & $-0.00167022$ & $-0.00153035$ & $0.000963431$ & $-0.00216295$ & $-0.00584221$ & $-0.00192032$ & $0.000377882$ & $-0.00450263$ & $4.24071e-05$ & $0.00351493$ & $0.00769645$ & $0.00745809$ & $0.00664321$ & $0.00117451$ & $0.0142987$ & $0.00354295$ & $-0.00774309$ & $-0.00471228$ & $-0.00800762$ & $-0.00214905$ & $0.013916$ & $1$ & $-0.0248062$ & $-0.0146966$ & $0.00911358$ & $0.0174911$ & $0.012143$ & $-0.00938611$ & $0.0185156$ \\
eHgagaint & $-0.0654671$ & $0.083218$ & $0.00974493$ & $0.0941425$ & $-0.00719586$ & $0.0228553$ & $0.0144858$ & $-0.0215018$ & $0.0441608$ & $0.00381831$ & $0.0237931$ & $0.00142552$ & $-0.00556065$ & $-0.0134735$ & $-0.00552098$ & $-0.00259379$ & $-0.00675722$ & $-0.00127838$ & $-0.000430073$ & $-0.0196501$ & $-0.0222501$ & $-0.019834$ & $0.00434707$ & $0.0152731$ & $0.00478221$ & $0.0139839$ & $-0.00446206$ & $-0.00401534$ & $0.00337628$ & $0.00267737$ & $-0.000145155$ & $0.0129049$ & $-0.0574983$ & $-0.00899869$ & $0.0377313$ & $-0.0564984$ & $0.0166311$ & $0.0112359$ & $-0.0283607$ & $-0.0124682$ & $-0.0298944$ & $-0.0248062$ & $1$ & $0.0742251$ & $-0.06674$ & $-0.0875307$ & $0.00822997$ & $0.00565442$ & $-0.130851$ \\
eHmumuint & $0.0583226$ & $0.0680995$ & $0.192934$ & $0.147064$ & $2.98466e-05$ & $0.0219749$ & $0.0178257$ & $0.0155064$ & $0.0220611$ & $-0.0231924$ & $-0.0116695$ & $-0.0228007$ & $0.00567302$ & $-0.00330085$ & $3.43114e-05$ & $0.00279195$ & $-0.00799488$ & $-0.00821719$ & $-0.010636$ & $0.0127839$ & $0.0138833$ & $0.0127347$ & $0.00947522$ & $-0.0219459$ & $-0.0156724$ & $-0.0166022$ & $0.00628246$ & $0.00704645$ & $0.00755995$ & $0.00485652$ & $-0.0247792$ & $0.0153012$ & $-0.0419654$ & $0.0158309$ & $0.0939153$ & $-0.227194$ & $-0.0235393$ & $0.00402558$ & $0.0528823$ & $-0.00630063$ & $-0.00128137$ & $-0.0146966$ & $0.0742251$ & $1$ & $-0.0746882$ & $0.021373$ & $-0.115245$ & $-0.0119538$ & $-0.112274$ \\
eHtautauint & $-0.0528511$ & $-0.0682058$ & $-0.00141957$ & $-0.0439592$ & $0.0100234$ & $0.00386384$ & $-0.00928571$ & $-0.00966479$ & $-0.0169998$ & $0.00487855$ & $0.0157283$ & $0.0102269$ & $-0.00815498$ & $-0.0102244$ & $-0.0108529$ & $-0.00866624$ & $-0.00905446$ & $-0.00111862$ & $-0.00206124$ & $-0.0168567$ & $-0.0152734$ & $-0.0141934$ & $0.000655936$ & $0.00283225$ & $-0.00340714$ & $0.010753$ & $-0.00662341$ & $-0.00647385$ & $-0.00967767$ & $0.0428371$ & $-0.0015201$ & $-0.0115789$ & $0.00610082$ & $-0.00328075$ & $0.00418231$ & $-0.00764545$ & $0.107141$ & $-0.0196042$ & $0.0353402$ & $0.00626909$ & $0.0433023$ & $0.00911358$ & $-0.06674$ & $-0.0746882$ & $1$ & $0.1394$ & $0.0123086$ & $0.0297173$ & $0.0613025$ \\
eHccint & $-0.083154$ & $0.048499$ & $-0.0583733$ & $0.0324864$ & $-0.00279877$ & $-0.0149321$ & $-0.00378344$ & $0.00459548$ & $-0.00322394$ & $-0.00681481$ & $-0.00101543$ & $-0.00642788$ & $0.0135769$ & $-0.00787072$ & $-0.00306281$ & $-0.00480782$ & $-0.00365168$ & $-0.00578537$ & $-0.00586021$ & $0.000689721$ & $0.00294631$ & $0.00459644$ & $-0.00403863$ & $-0.00592244$ & $0.00320326$ & $0.00692272$ & $0.0106113$ & $-0.0104678$ & $0.00188898$ & $-0.0162242$ & $0.0692029$ & $-0.00247997$ & $-0.0388026$ & $0.0110663$ & $0.00174559$ & $0.131304$ & $0.108334$ & $-0.0190102$ & $-0.0109223$ & $-0.0118901$ & $0.0366137$ & $0.0174911$ & $-0.0875307$ & $0.021373$ & $0.1394$ & $1$ & $0.0172904$ & $-0.125686$ & $-0.0132219$ \\
eHccpar & $-0.104661$ & $0.053217$ & $-0.00683702$ & $0.0828044$ & $-0.00151754$ & $0.0223634$ & $-0.0025473$ & $-0.013529$ & $-0.0131308$ & $-0.00591224$ & $0.0173865$ & $0.00242824$ & $0.00123596$ & $-0.00981923$ & $0.0142567$ & $-0.00810143$ & $-0.0112817$ & $-0.0170078$ & $-0.00206557$ & $-0.0142476$ & $-0.0167484$ & $-0.0191182$ & $0.00310099$ & $0.00804396$ & $0.00130644$ & $0.00561352$ & $-0.0112442$ & $-0.0175965$ & $0.00309592$ & $-0.00113943$ & $0.322035$ & $-0.00345339$ & $-0.0336614$ & $-0.0219791$ & $-0.00435775$ & $0.00222556$ & $0.0458016$ & $-0.0120229$ & $-0.0457467$ & $-0.0253092$ & $0.165588$ & $0.012143$ & $0.00822997$ & $-0.115245$ & $0.0123086$ & $0.0172904$ & $1$ & $-0.0753779$ & $-0.0512076$ \\
eHbbint & $0.118314$ & $-0.00183337$ & $-0.0435352$ & $0.110454$ & $0.00991256$ & $-0.0116247$ & $0.00662366$ & $-0.00353729$ & $-0.00122844$ & $0.000584222$ & $0.00294711$ & $0.00395$ & $-0.00133296$ & $-0.00672196$ & $-0.00487308$ & $0.00246478$ & $0.00596148$ & $0.00341312$ & $-0.00305859$ & $-0.00497177$ & $-0.00311621$ & $-0.00381927$ & $-0.00101836$ & $-0.00788506$ & $-0.0125736$ & $-0.00794254$ & $-0.00854922$ & $0.00160845$ & $-0.00321748$ & $0.023348$ & $-0.0203133$ & $0.0084232$ & $0.142965$ & $0.00529757$ & $-0.00615026$ & $-0.0190056$ & $-0.0717343$ & $0.00545005$ & $-0.0487085$ & $-0.0188153$ & $-0.0640238$ & $-0.00938611$ & $0.00565442$ & $-0.0119538$ & $0.0297173$ & $-0.125686$ & $-0.0753779$ & $1$ & $-0.0448752$ \\
eHbbpar & $0.0614313$ & $-0.0358036$ & $-0.0154422$ & $-0.197744$ & $0.00274618$ & $-0.0120057$ & $-0.0124464$ & $0.000382977$ & $-0.00589122$ & $-0.00859306$ & $0.000692792$ & $-0.00673724$ & $0.00210212$ & $-0.00216907$ & $0.00761252$ & $0.00787596$ & $-0.00399696$ & $-0.00727524$ & $-0.00820614$ & $-0.00187164$ & $-0.00307105$ & $-0.00284007$ & $0.00277751$ & $-0.00498244$ & $-0.0138774$ & $-0.00255756$ & $-0.0115423$ & $-0.00839661$ & $0.0142439$ & $0.0432251$ & $-0.00298785$ & $-0.00515361$ & $0.466549$ & $-0.00827713$ & $-0.0639347$ & $0.018289$ & $-0.179287$ & $0.0197639$ & $0.0439813$ & $0.00693573$ & $0.00171427$ & $0.0185156$ & $-0.130851$ & $-0.112274$ & $0.0613025$ & $-0.0132219$ & $-0.0512076$ & $-0.0448752$ & $1$ \\
