 & AlsMz & dAle5Mz & mtop & mHl & Mz & CW & CHG & CHWB & CHWHB_gaga & CHWHB_gagaorth & CHD & CHbox & CH & CHL1_11 & CHL1_22 & CHL1_33 & CHL3_11 & CHL3_22 & CHL3_33 & CHe_11 & CHe_22 & CHe_33 & CHQ1_11 & CHQ1_33 & CHQ3_11 & CHu_11 & CHd_11 & CHd_33 & CeH_22r & CeH_33r & CuH_22r & CuH_33r & CdH_33r & CLL_1221 & eHggint & eHggpar & eHWWint & eHWWpar & eHZZint & eHZZpar & eHZgaint & eHZgapar & eHgagaint & eHmumuint & eHtautauint & eHccint & eHccpar & eHbbint & eHbbpar \\
AlsMz & $1$ & $-0.19371$ & $0.123284$ & $0.117176$ & $0.0358167$ & $-0.0247024$ & $0.0166181$ & $-0.0347298$ & $-0.0356693$ & $0.0209392$ & $0.053645$ & $0.0208064$ & $-0.0174853$ & $-0.0633961$ & $-0.0251298$ & $-0.0382072$ & $-0.0401884$ & $-0.0334413$ & $-0.0267866$ & $-0.0604961$ & $-0.0618802$ & $-0.0606535$ & $-0.00434603$ & $-0.0543025$ & $-0.096755$ & $0.0310716$ & $-0.0234767$ & $-0.026081$ & $-0.0299063$ & $-0.0145269$ & $0.0200803$ & $0.0156831$ & $-0.0726516$ & $-0.0230392$ & $0.0129533$ & $0.0442191$ & $0.16923$ & $0.00492564$ & $0.138635$ & $0.0103949$ & $-0.0851955$ & $-0.0110481$ & $0.0604307$ & $0.165419$ & $-0.0034856$ & $-0.0960379$ & $0.151526$ & $0.0684364$ & $-0.111021$ \\
dAle5Mz & $-0.19371$ & $1$ & $-0.14078$ & $-0.108454$ & $-0.0314612$ & $0.0196066$ & $0.0587043$ & $-0.036943$ & $-0.0354566$ & $0.0574414$ & $0.0312256$ & $-0.0477578$ & $-0.0352796$ & $-0.0218001$ & $-0.0203875$ & $-0.020715$ & $-0.00887121$ & $-0.00324921$ & $-0.000561365$ & $-0.013279$ & $-0.0123819$ & $-0.00963934$ & $-0.0388381$ & $0.00833717$ & $0.0173983$ & $0.0300873$ & $0.0257081$ & $-0.00638693$ & $-0.0302648$ & $-0.0573041$ & $-0.0436913$ & $0.0613883$ & $-0.0546911$ & $0.0377297$ & $0.185279$ & $-0.0756522$ & $-0.134111$ & $0.0236455$ & $0.111665$ & $0.0173209$ & $-0.0968012$ & $-0.0445675$ & $0.0120734$ & $-0.0188659$ & $-0.0415872$ & $0.108416$ & $-0.108912$ & $0.016696$ & $-0.0519169$ \\
mtop & $0.123284$ & $-0.14078$ & $1$ & $0.201849$ & $0.047015$ & $0.000774739$ & $-0.114665$ & $0.0059543$ & $0.00172322$ & $-0.0642821$ & $-0.0210755$ & $0.0477398$ & $0.118246$ & $0.0366238$ & $-0.013384$ & $0.0181364$ & $0.0457942$ & $0.0524278$ & $0.0297918$ & $0.021644$ & $0.0222697$ & $0.0226138$ & $-0.0605733$ & $0.0233158$ & $0.0187124$ & $0.0126534$ & $-0.0219187$ & $0.0613676$ & $0.00139073$ & $0.0742447$ & $0.0930404$ & $-0.119083$ & $0.0227622$ & $0.0183408$ & $-0.118579$ & $0.00713923$ & $0.236333$ & $0.0546087$ & $-0.195917$ & $-0.0205809$ & $-0.014653$ & $-0.0553986$ & $-0.0121173$ & $0.153329$ & $-0.0318131$ & $-0.00832112$ & $0.159723$ & $-0.0145876$ & $-0.210871$ \\
mHl & $0.117176$ & $-0.108454$ & $0.201849$ & $1$ & $0.0732319$ & $-0.00651951$ & $-0.0528976$ & $0.0147561$ & $0.0168421$ & $-0.0548763$ & $-0.0375382$ & $0.0593697$ & $0.0747097$ & $0.0465289$ & $0.00503915$ & $-0.0141766$ & $0.05574$ & $0.0460303$ & $0.0596045$ & $0.0334134$ & $0.0375621$ & $0.0409669$ & $0.00699556$ & $0.017401$ & $0.0384638$ & $-0.0491818$ & $0.0118451$ & $0.0220581$ & $0.012817$ & $0.0569438$ & $0.0139627$ & $-0.0476778$ & $0.0328233$ & $0.00860238$ & $-0.00683564$ & $-0.0474097$ & $0.0245147$ & $0.0111311$ & $-0.116923$ & $-0.00517438$ & $0.0843108$ & $0.0539445$ & $0.0489779$ & $0.0907871$ & $-0.00891682$ & $-0.0553576$ & $0.0486481$ & $0.0248521$ & $-0.0876905$ \\
Mz & $0.0358167$ & $-0.0314612$ & $0.047015$ & $0.0732319$ & $1$ & $-0.0233583$ & $0.0225302$ & $0.0109284$ & $0.0134957$ & $-0.033604$ & $0.00221886$ & $-0.0417177$ & $-0.0394811$ & $-0.0170566$ & $0.0184675$ & $-0.00357383$ & $-0.0084952$ & $-0.0276432$ & $-0.00808484$ & $0.00339381$ & $0.00586242$ & $0.000839591$ & $0.0310708$ & $-0.0293962$ & $-0.0136005$ & $-0.0377898$ & $0.00125999$ & $0.00413585$ & $0.000394732$ & $-0.0413334$ & $-0.0227839$ & $0.0120228$ & $-0.0274074$ & $-0.00922261$ & $-0.01919$ & $-0.00219199$ & $0.0322445$ & $0.00375666$ & $-0.0129331$ & $-0.0174921$ & $0.0375981$ & $0.0357269$ & $0.0268163$ & $-0.00921082$ & $-0.0368729$ & $-0.0244989$ & $-0.0432602$ & $0.0547488$ & $0.0211258$ \\
CW & $-0.0247024$ & $0.0196066$ & $0.000774739$ & $-0.00651951$ & $-0.0233583$ & $1$ & $0.0459187$ & $-0.0672612$ & $-0.0693153$ & $0.0238449$ & $0.175185$ & $-0.0382389$ & $-0.0432247$ & $-0.0432646$ & $-0.118154$ & $-0.0883081$ & $-0.371483$ & $-0.146009$ & $-0.172494$ & $-0.174172$ & $-0.17743$ & $-0.179352$ & $-0.0203591$ & $-0.119942$ & $-0.209499$ & $0.124803$ & $-0.0846233$ & $-0.0816104$ & $-0.039288$ & $-0.029611$ & $-0.017643$ & $0.0561476$ & $-0.0205155$ & $-0.084346$ & $0.0212522$ & $0.00777818$ & $-0.0590181$ & $0.0207747$ & $-0.0122259$ & $0.010565$ & $-0.0373937$ & $-0.00840343$ & $-0.035847$ & $-0.000298944$ & $0.043619$ & $-0.0355056$ & $-0.022636$ & $-0.0185134$ & $0.0437354$ \\
CHG & $0.0166181$ & $0.0587043$ & $-0.114665$ & $-0.0528976$ & $0.0225302$ & $0.0459187$ & $1$ & $-0.0889991$ & $-0.0735404$ & $0.214681$ & $0.139374$ & $-0.598769$ & $-0.788495$ & $-0.133797$ & $-0.0900584$ & $-0.0914459$ & $-0.110905$ & $-0.0614196$ & $-0.0630855$ & $-0.1376$ & $-0.135212$ & $-0.132929$ & $-0.00669057$ & $-0.0412869$ & $-0.051824$ & $0.113216$ & $0.0193906$ & $-0.0936272$ & $-0.160348$ & $-0.606431$ & $-0.407428$ & $0.959743$ & $-0.618312$ & $-0.0102428$ & $-0.123816$ & $-0.097771$ & $0.055233$ & $-0.00136227$ & $0.113043$ & $0.0210943$ & $-0.0521195$ & $0.0152163$ & $-0.0103781$ & $0.00329372$ & $0.0791518$ & $-0.0692696$ & $-0.129047$ & $0.101524$ & $0.0482528$ \\
CHWB & $-0.0347298$ & $-0.036943$ & $0.0059543$ & $0.0147561$ & $0.0109284$ & $-0.0672612$ & $-0.0889991$ & $1$ & $0.990235$ & $-0.58394$ & $-0.8785$ & $-0.0831941$ & $0.0870466$ & $0.278293$ & $0.473914$ & $0.471399$ & $-0.201311$ & $-0.396308$ & $-0.407626$ & $0.861923$ & $0.890227$ & $0.883666$ & $0.0469194$ & $-0.626362$ & $-0.364486$ & $-0.623991$ & $0.388689$ & $0.380166$ & $0.00978109$ & $0.0824684$ & $0.068932$ & $-0.0958306$ & $0.0882371$ & $0.524517$ & $-0.0245674$ & $-0.00362672$ & $0.0135362$ & $0.0106613$ & $0.00788927$ & $-0.0139046$ & $-0.0144442$ & $0.007648$ & $0.000142322$ & $-0.00924848$ & $0.0359622$ & $0.00319908$ & $0.01683$ & $0.0264247$ & $0.0293208$ \\
CHWHB_gaga & $-0.0356693$ & $-0.0354566$ & $0.00172322$ & $0.0168421$ & $0.0134957$ & $-0.0693153$ & $-0.0735404$ & $0.990235$ & $1$ & $-0.581349$ & $-0.866063$ & $-0.0698237$ & $0.0960834$ & $0.268598$ & $0.466929$ & $0.461477$ & $-0.206789$ & $-0.398854$ & $-0.407986$ & $0.849566$ & $0.878133$ & $0.871706$ & $0.0465165$ & $-0.625961$ & $-0.367549$ & $-0.614734$ & $0.385936$ & $0.376119$ & $0.0129584$ & $0.102451$ & $0.0818527$ & $-0.082484$ & $0.108999$ & $0.521195$ & $-0.0350368$ & $-0.012122$ & $0.0157516$ & $0.00876419$ & $0.00567996$ & $-0.00980874$ & $-0.0137169$ & $0.0153085$ & $0.04828$ & $-0.00540528$ & $0.0368072$ & $0.00723307$ & $0.0120919$ & $0.026991$ & $0.02996$ \\
CHWHB_gagaorth & $0.0209392$ & $0.0574414$ & $-0.0642821$ & $-0.0548763$ & $-0.033604$ & $0.0238449$ & $0.214681$ & $-0.58394$ & $-0.581349$ & $1$ & $0.505077$ & $0.0897729$ & $-0.246646$ & $-0.138572$ & $-0.289515$ & $-0.265759$ & $0.123046$ & $0.254007$ & $0.246532$ & $-0.495192$ & $-0.510649$ & $-0.506304$ & $-0.0160073$ & $0.371575$ & $0.224165$ & $0.347656$ & $-0.229264$ & $-0.220535$ & $-0.0596473$ & $-0.23429$ & $-0.169552$ & $0.230114$ & $-0.257984$ & $-0.29837$ & $0.039025$ & $-0.0173069$ & $0.019241$ & $-0.00356427$ & $0.0473606$ & $-0.0127565$ & $-0.0462154$ & $0.00134817$ & $-0.0630611$ & $0.0113688$ & $0.00664968$ & $-0.0445067$ & $-0.0195933$ & $0.00688411$ & $-0.0197322$ \\
CHD & $0.053645$ & $0.0312256$ & $-0.0210755$ & $-0.0375382$ & $0.00221886$ & $0.175185$ & $0.139374$ & $-0.8785$ & $-0.866063$ & $0.505077$ & $1$ & $0.0754559$ & $-0.143241$ & $-0.662097$ & $-0.57283$ & $-0.578511$ & $-0.261923$ & $-0.0186477$ & $-0.0052684$ & $-0.994779$ & $-0.995098$ & $-0.983271$ & $0.0171012$ & $0.221181$ & $-0.0621835$ & $0.688208$ & $-0.26894$ & $-0.436249$ & $-0.0116714$ & $-0.125058$ & $-0.100141$ & $0.149929$ & $-0.132136$ & $-0.330784$ & $0.0457065$ & $-0.021442$ & $-0.014008$ & $-0.00658111$ & $0.00433733$ & $0.0234578$ & $0.0077301$ & $0.00512319$ & $-0.00225953$ & $0.00821766$ & $-0.0341324$ & $-0.0246344$ & $-0.031838$ & $-0.0107383$ & $0.00433692$ \\
CHbox & $0.0208064$ & $-0.0477578$ & $0.0477398$ & $0.0593697$ & $-0.0417177$ & $-0.0382389$ & $-0.598769$ & $-0.0831941$ & $-0.0698237$ & $0.0897729$ & $0.0754559$ & $1$ & $0.780316$ & $-0.0488938$ & $0.0411094$ & $-0.0123329$ & $0.0217101$ & $-0.0200922$ & $0.0219456$ & $-0.0692011$ & $-0.0823008$ & $-0.0787924$ & $-0.014451$ & $0.0606317$ & $0.0010819$ & $0.0497952$ & $-0.0937481$ & $0.00737615$ & $0.153627$ & $0.614738$ & $0.362025$ & $-0.510791$ & $0.605508$ & $-0.110939$ & $0.102147$ & $0.137261$ & $-0.00311051$ & $-0.00642469$ & $-0.16622$ & $-0.02504$ & $0.0880766$ & $-0.00345718$ & $-0.0115066$ & $0.00842784$ & $-0.0615635$ & $0.0415102$ & $0.114114$ & $-0.0713618$ & $-0.0748013$ \\
CH & $-0.0174853$ & $-0.0352796$ & $0.118246$ & $0.0747097$ & $-0.0394811$ & $-0.0432247$ & $-0.788495$ & $0.0870466$ & $0.0960834$ & $-0.246646$ & $-0.143241$ & $0.780316$ & $1$ & $0.141335$ & $0.119441$ & $0.0705484$ & $0.121275$ & $0.0530773$ & $0.0879173$ & $0.143447$ & $0.139252$ & $0.135408$ & $-0.0164048$ & $0.0487903$ & $0.0684451$ & $-0.0989279$ & $-0.0134919$ & $0.100044$ & $0.197683$ & $0.743892$ & $0.448613$ & $-0.712894$ & $0.744211$ & $-0.0184285$ & $0.101993$ & $0.112179$ & $-0.05381$ & $0.00180494$ & $-0.188194$ & $-0.0247164$ & $0.0571418$ & $0.00552028$ & $0.0116781$ & $0.0269735$ & $-0.0645278$ & $0.0583518$ & $0.0948605$ & $-0.131336$ & $-0.0676636$ \\
CHL1_11 & $-0.0633961$ & $-0.0218001$ & $0.0366238$ & $0.0465289$ & $-0.0170566$ & $-0.0432646$ & $-0.133797$ & $0.278293$ & $0.268598$ & $-0.138572$ & $-0.662097$ & $-0.0488938$ & $0.141335$ & $1$ & $0.374089$ & $0.397796$ & $0.634648$ & $0.596197$ & $0.580118$ & $0.671088$ & $0.638027$ & $0.621862$ & $-0.0814105$ & $0.429681$ & $0.600946$ & $-0.440527$ & $-0.0298767$ & $0.274967$ & $0.0059425$ & $0.120617$ & $0.091637$ & $-0.141785$ & $0.121781$ & $-0.143489$ & $-0.0435075$ & $0.0403902$ & $0.00208872$ & $0.00440597$ & $-0.0223882$ & $-0.0400891$ & $-0.0044091$ & $-0.0192284$ & $-0.00928597$ & $0.00180937$ & $0.0193722$ & $0.0380775$ & $0.0225386$ & $-0.0321123$ & $-0.0484112$ \\
CHL1_22 & $-0.0251298$ & $-0.0203875$ & $-0.013384$ & $0.00503915$ & $0.0184675$ & $-0.118154$ & $-0.0900584$ & $0.473914$ & $0.466929$ & $-0.289515$ & $-0.57283$ & $0.0411094$ & $0.119441$ & $0.374089$ & $1$ & $0.537656$ & $0.165146$ & $-0.341287$ & $-0.0330411$ & $0.614904$ & $0.518251$ & $0.50773$ & $-0.168414$ & $0.0148124$ & $-0.0961735$ & $-0.371131$ & $-0.306615$ & $0.267037$ & $0.0103196$ & $0.0969256$ & $0.0832091$ & $-0.0922677$ & $0.118134$ & $-0.461297$ & $-0.0211409$ & $0.042599$ & $0.00396395$ & $0.0160829$ & $-0.0256988$ & $-0.0374091$ & $0.0207816$ & $0.00679185$ & $-0.0221315$ & $0.00242373$ & $0.0307149$ & $0.0257466$ & $0.0524518$ & $0.00317752$ & $0.0434118$ \\
CHL1_33 & $-0.0382072$ & $-0.020715$ & $0.0181364$ & $-0.0141766$ & $-0.00357383$ & $-0.0883081$ & $-0.0914459$ & $0.471399$ & $0.461477$ & $-0.265759$ & $-0.578511$ & $-0.0123329$ & $0.0705484$ & $0.397796$ & $0.537656$ & $1$ & $0.171898$ & $-0.00755906$ & $-0.321659$ & $0.620429$ & $0.524738$ & $0.532623$ & $-0.182265$ & $0.0352982$ & $-0.0779958$ & $-0.348215$ & $-0.292414$ & $0.244307$ & $-0.0178894$ & $0.0804349$ & $0.0948335$ & $-0.0898533$ & $0.0951122$ & $-0.0128956$ & $-0.00936703$ & $0.0353175$ & $0.00628788$ & $0.0137733$ & $0.0348812$ & $-0.0338652$ & $-0.00427721$ & $-0.00248923$ & $0.0116442$ & $0.0241755$ & $0.00532872$ & $0.00842892$ & $0.0536251$ & $0.0130847$ & $0.0231074$ \\
CHL3_11 & $-0.0401884$ & $-0.00887121$ & $0.0457942$ & $0.05574$ & $-0.0084952$ & $-0.371483$ & $-0.110905$ & $-0.201311$ & $-0.206789$ & $0.123046$ & $-0.261923$ & $0.0217101$ & $0.121275$ & $0.634648$ & $0.165146$ & $0.171898$ & $1$ & $0.804894$ & $0.807574$ & $0.273691$ & $0.241461$ & $0.232946$ & $-0.101087$ & $0.744218$ & $0.846597$ & $-0.143465$ & $-0.134166$ & $0.136091$ & $0.00723527$ & $0.0886189$ & $0.0642852$ & $-0.121472$ & $0.0935444$ & $-0.234357$ & $-0.0592359$ & $0.045706$ & $0.00857299$ & $-0.0170733$ & $-0.0350489$ & $-0.00520922$ & $0.0196842$ & $-0.0227571$ & $0.0161669$ & $-0.00340193$ & $-0.00568896$ & $0.0374057$ & $0.0364829$ & $-0.0207049$ & $-0.0690217$ \\
CHL3_22 & $-0.0334413$ & $-0.00324921$ & $0.0524278$ & $0.0460303$ & $-0.0276432$ & $-0.146009$ & $-0.0614196$ & $-0.396308$ & $-0.398854$ & $0.254007$ & $-0.0186477$ & $-0.0200922$ & $0.0530773$ & $0.596197$ & $-0.341287$ & $-0.00755906$ & $0.804894$ & $1$ & $0.77953$ & $0.0171884$ & $0.0179497$ & $0.0138001$ & $-0.0277055$ & $0.732386$ & $0.866977$ & $0.0113381$ & $-0.0230492$ & $0.00288095$ & $-0.00289431$ & $0.0409189$ & $0.0235509$ & $-0.0681511$ & $0.0316846$ & $-0.0405179$ & $-0.0398955$ & $0.0265856$ & $0.00460743$ & $-0.017696$ & $-0.0111351$ & $-0.00140964$ & $0.00267963$ & $-0.0277499$ & $0.0199158$ & $-0.00208413$ & $-0.0193778$ & $0.0261098$ & $0.00307678$ & $-0.0304224$ & $-0.0887319$ \\
CHL3_33 & $-0.0267866$ & $-0.000561365$ & $0.0297918$ & $0.0596045$ & $-0.00808484$ & $-0.172494$ & $-0.0630855$ & $-0.407626$ & $-0.407986$ & $0.246532$ & $-0.0052684$ & $0.0219456$ & $0.0879173$ & $0.580118$ & $-0.0330411$ & $-0.321659$ & $0.807574$ & $0.77953$ & $1$ & $0.00369335$ & $0.00547478$ & $0.000285594$ & $-0.0146469$ & $0.727749$ & $0.868683$ & $0.00177065$ & $-0.0268373$ & $0.0112654$ & $0.0120163$ & $0.0517176$ & $0.014732$ & $-0.0716459$ & $0.0494022$ & $-0.354943$ & $-0.0419173$ & $0.0271662$ & $-0.00200644$ & $-0.0207692$ & $-0.0520778$ & $-0.00312759$ & $0.0198841$ & $-0.0210975$ & $-0.000730453$ & $-0.01188$ & $-0.00118974$ & $0.0368574$ & $-0.00122593$ & $-0.0419276$ & $-0.0705806$ \\
CHe_11 & $-0.0604961$ & $-0.013279$ & $0.021644$ & $0.0334134$ & $0.00339381$ & $-0.174172$ & $-0.1376$ & $0.861923$ & $0.849566$ & $-0.495192$ & $-0.994779$ & $-0.0692011$ & $0.143447$ & $0.671088$ & $0.614904$ & $0.620429$ & $0.273691$ & $0.0171884$ & $0.00369335$ & $1$ & $0.985046$ & $0.973529$ & $-0.0373267$ & $-0.186925$ & $0.066793$ & $-0.680188$ & $0.215635$ & $0.434538$ & $0.0102623$ & $0.123951$ & $0.100151$ & $-0.14769$ & $0.131918$ & $0.27435$ & $-0.0433111$ & $0.0260854$ & $0.0127773$ & $0.00794743$ & $-0.00210753$ & $-0.0264816$ & $-0.00492745$ & $-0.00726609$ & $0.00266626$ & $-0.00975609$ & $0.0296816$ & $0.0282612$ & $0.0324067$ & $0.0117545$ & $-0.00378441$ \\
CHe_22 & $-0.0618802$ & $-0.0123819$ & $0.0222697$ & $0.0375621$ & $0.00586242$ & $-0.17743$ & $-0.135212$ & $0.890227$ & $0.878133$ & $-0.510649$ & $-0.995098$ & $-0.0823008$ & $0.139252$ & $0.638027$ & $0.518251$ & $0.524738$ & $0.241461$ & $0.0179497$ & $0.00547478$ & $0.985046$ & $1$ & $0.986842$ & $0.006329$ & $-0.260334$ & $0.056326$ & $-0.691806$ & $0.330631$ & $0.434977$ & $0.0119726$ & $0.119662$ & $0.0951015$ & $-0.146522$ & $0.125965$ & $0.395447$ & $-0.0439344$ & $0.0161957$ & $0.0108671$ & $0.00534282$ & $-0.00392395$ & $-0.0201037$ & $-0.0111476$ & $-0.00451969$ & $0.00229694$ & $-0.0111012$ & $0.0328754$ & $0.0246994$ & $0.0243088$ & $0.0116066$ & $-0.00691901$ \\
CHe_33 & $-0.0606535$ & $-0.00963934$ & $0.0226138$ & $0.0409669$ & $0.000839591$ & $-0.179352$ & $-0.132929$ & $0.883666$ & $0.871706$ & $-0.506304$ & $-0.983271$ & $-0.0787924$ & $0.135408$ & $0.621862$ & $0.50773$ & $0.532623$ & $0.232946$ & $0.0138001$ & $0.000285594$ & $0.973529$ & $0.986842$ & $1$ & $0.000847984$ & $-0.26423$ & $0.0509417$ & $-0.676788$ & $0.333506$ & $0.432013$ & $0.00436767$ & $0.116469$ & $0.093787$ & $-0.14329$ & $0.124015$ & $0.401724$ & $-0.0371367$ & $0.013586$ & $0.0151708$ & $0.00131997$ & $0.000996784$ & $-0.0203231$ & $-0.00486653$ & $-0.00318059$ & $0.00777251$ & $-0.0131331$ & $0.0384568$ & $0.0155792$ & $0.0252851$ & $0.0135614$ & $-0.00111752$ \\
CHQ1_11 & $-0.00434603$ & $-0.0388381$ & $-0.0605733$ & $0.00699556$ & $0.0310708$ & $-0.0203591$ & $-0.00669057$ & $0.0469194$ & $0.0465165$ & $-0.0160073$ & $0.0171012$ & $-0.014451$ & $-0.0164048$ & $-0.0814105$ & $-0.168414$ & $-0.182265$ & $-0.101087$ & $-0.0277055$ & $-0.0146469$ & $-0.0373267$ & $0.006329$ & $0.000847984$ & $1$ & $-0.138553$ & $0.0164393$ & $-0.57522$ & $0.330198$ & $0.00758378$ & $-0.0380148$ & $-0.00712056$ & $-0.0686695$ & $-0.00598703$ & $-0.03282$ & $0.194279$ & $0.0621188$ & $-0.0594507$ & $-0.0453218$ & $0.0166969$ & $0.0683068$ & $-0.0312397$ & $-0.0200685$ & $0.0160646$ & $0.0292345$ & $-0.0217843$ & $-0.0106213$ & $-0.0204423$ & $-0.0745007$ & $-0.0207894$ & $-0.0140687$ \\
CHQ1_33 & $-0.0543025$ & $0.00833717$ & $0.0233158$ & $0.017401$ & $-0.0293962$ & $-0.119942$ & $-0.0412869$ & $-0.626362$ & $-0.625961$ & $0.371575$ & $0.221181$ & $0.0606317$ & $0.0487903$ & $0.429681$ & $0.0148124$ & $0.0352982$ & $0.744218$ & $0.732386$ & $0.727749$ & $-0.186925$ & $-0.260334$ & $-0.26423$ & $-0.138553$ & $1$ & $0.74472$ & $0.192801$ & $-0.393872$ & $-0.0276601$ & $-0.00456129$ & $0.0313936$ & $0.00977348$ & $-0.0447045$ & $0.0268091$ & $-0.598646$ & $-0.0249132$ & $0.0371314$ & $-0.00545046$ & $-0.00517363$ & $-0.022298$ & $-0.0155954$ & $0.0246726$ & $-0.019712$ & $0.00540204$ & $0.0055849$ & $-0.0172278$ & $0.0429164$ & $0.00760107$ & $-0.0562824$ & $-0.0570628$ \\
CHQ3_11 & $-0.096755$ & $0.0173983$ & $0.0187124$ & $0.0384638$ & $-0.0136005$ & $-0.209499$ & $-0.051824$ & $-0.364486$ & $-0.367549$ & $0.224165$ & $-0.0621835$ & $0.0010819$ & $0.0684451$ & $0.600946$ & $-0.0961735$ & $-0.0779958$ & $0.846597$ & $0.866977$ & $0.868683$ & $0.066793$ & $0.056326$ & $0.0509417$ & $0.0164393$ & $0.74472$ & $1$ & $-0.00841713$ & $0.142685$ & $0.0352894$ & $-0.00597479$ & $0.0408323$ & $0.0117808$ & $-0.0590923$ & $0.0384639$ & $-0.226313$ & $-0.057351$ & $0.0404031$ & $-0.00409051$ & $-0.0173977$ & $-0.0386341$ & $-0.00833833$ & $0.0288192$ & $-0.0217627$ & $0.00912134$ & $-0.0246773$ & $-0.0189786$ & $0.0405823$ & $-0.00317712$ & $-0.0401183$ & $-0.0759258$ \\
CHu_11 & $0.0310716$ & $0.0300873$ & $0.0126534$ & $-0.0491818$ & $-0.0377898$ & $0.124803$ & $0.113216$ & $-0.623991$ & $-0.614734$ & $0.347656$ & $0.688208$ & $0.0497952$ & $-0.0989279$ & $-0.440527$ & $-0.371131$ & $-0.348215$ & $-0.143465$ & $0.0113381$ & $0.00177065$ & $-0.680188$ & $-0.691806$ & $-0.676788$ & $-0.57522$ & $0.192801$ & $-0.00841713$ & $1$ & $-0.185446$ & $-0.3159$ & $0.00754285$ & $-0.0846413$ & $-0.0277663$ & $0.120879$ & $-0.0824666$ & $-0.261033$ & $-0.0229807$ & $0.0302173$ & $0.016624$ & $-0.0144792$ & $-0.0498176$ & $0.0331765$ & $0.0215964$ & $-0.0101475$ & $-0.00346002$ & $0.00711451$ & $-0.00313168$ & $0.000196254$ & $0.0268313$ & $-0.00849168$ & $0.0113779$ \\
CHd_11 & $-0.0234767$ & $0.0257081$ & $-0.0219187$ & $0.0118451$ & $0.00125999$ & $-0.0846233$ & $0.0193906$ & $0.388689$ & $0.385936$ & $-0.229264$ & $-0.26894$ & $-0.0937481$ & $-0.0134919$ & $-0.0298767$ & $-0.306615$ & $-0.292414$ & $-0.134166$ & $-0.0230492$ & $-0.0268373$ & $0.215635$ & $0.330631$ & $0.333506$ & $0.330198$ & $-0.393872$ & $0.142685$ & $-0.185446$ & $1$ & $0.09611$ & $-0.013252$ & $-0.018239$ & $-0.0466427$ & $0.0118419$ & $-0.0386451$ & $0.678424$ & $-0.0316125$ & $-0.0265299$ & $0.00517963$ & $-0.00921208$ & $0.00500984$ & $0.011019$ & $-0.00552675$ & $-0.000238548$ & $0.0266284$ & $-0.0379822$ & $0.00345637$ & $0.00537559$ & $-0.0448286$ & $-0.00534768$ & $-0.0298404$ \\
CHd_33 & $-0.026081$ & $-0.00638693$ & $0.0613676$ & $0.0220581$ & $0.00413585$ & $-0.0816104$ & $-0.0936272$ & $0.380166$ & $0.376119$ & $-0.220535$ & $-0.436249$ & $0.00737615$ & $0.100044$ & $0.274967$ & $0.267037$ & $0.244307$ & $0.136091$ & $0.00288095$ & $0.0112654$ & $0.434538$ & $0.434977$ & $0.432013$ & $0.00758378$ & $-0.0276601$ & $0.0352894$ & $-0.3159$ & $0.09611$ & $1$ & $-0.0128939$ & $0.0659385$ & $0.0398184$ & $-0.100813$ & $0.0669728$ & $0.137633$ & $-0.0388626$ & $0.0421981$ & $0.035164$ & $0.0223838$ & $0.012636$ & $0.0394087$ & $0.0440836$ & $0.0244432$ & $-0.0143765$ & $0.00708952$ & $0.0350067$ & $-0.000457472$ & $0.0499907$ & $-0.0277319$ & $-0.0026536$ \\
CeH_22r & $-0.0299063$ & $-0.0302648$ & $0.00139073$ & $0.012817$ & $0.000394732$ & $-0.039288$ & $-0.160348$ & $0.00978109$ & $0.0129584$ & $-0.0596473$ & $-0.0116714$ & $0.153627$ & $0.197683$ & $0.0059425$ & $0.0103196$ & $-0.0178894$ & $0.00723527$ & $-0.00289431$ & $0.0120163$ & $0.0102623$ & $0.0119726$ & $0.00436767$ & $-0.0380148$ & $-0.00456129$ & $-0.00597479$ & $0.00754285$ & $-0.013252$ & $-0.0128939$ & $1$ & $0.160767$ & $0.0842279$ & $-0.157438$ & $0.168452$ & $-0.00223101$ & $0.0324743$ & $-0.00475945$ & $-0.0470467$ & $-0.0166951$ & $-0.0348712$ & $-0.00877281$ & $0.0318433$ & $-0.0503833$ & $-0.0058259$ & $0.0520535$ & $-0.0585024$ & $-0.00718548$ & $0.00336849$ & $-0.0188223$ & $-0.0240215$ \\
CeH_33r & $-0.0145269$ & $-0.0573041$ & $0.0742447$ & $0.0569438$ & $-0.0413334$ & $-0.029611$ & $-0.606431$ & $0.0824684$ & $0.102451$ & $-0.23429$ & $-0.125058$ & $0.614738$ & $0.743892$ & $0.120617$ & $0.0969256$ & $0.0804349$ & $0.0886189$ & $0.0409189$ & $0.0517176$ & $0.123951$ & $0.119662$ & $0.116469$ & $-0.00712056$ & $0.0313936$ & $0.0408323$ & $-0.0846413$ & $-0.018239$ & $0.0659385$ & $0.160767$ & $1$ & $0.539261$ & $-0.479319$ & $0.832237$ & $-0.00652125$ & $0.0351618$ & $0.0649819$ & $-0.129307$ & $-0.00280053$ & $-0.178727$ & $-0.000473939$ & $0.0582622$ & $-0.00101352$ & $0.00279924$ & $0.00903743$ & $0.00768644$ & $0.0506439$ & $0.0930812$ & $-0.0837608$ & $-0.0571786$ \\
CuH_22r & $0.0200803$ & $-0.0436913$ & $0.0930404$ & $0.0139627$ & $-0.0227839$ & $-0.017643$ & $-0.407428$ & $0.068932$ & $0.0818527$ & $-0.169552$ & $-0.100141$ & $0.362025$ & $0.448613$ & $0.091637$ & $0.0832091$ & $0.0948335$ & $0.0642852$ & $0.0235509$ & $0.014732$ & $0.100151$ & $0.0951015$ & $0.093787$ & $-0.0686695$ & $0.00977348$ & $0.0117808$ & $-0.0277663$ & $-0.0466427$ & $0.0398184$ & $0.0842279$ & $0.539261$ & $1$ & $-0.322766$ & $0.550882$ & $-0.00871734$ & $-0.0489907$ & $0.105581$ & $-0.0728806$ & $0.0132414$ & $-0.0926807$ & $-0.0116292$ & $0.0381642$ & $-0.0173936$ & $-0.00642353$ & $0.0556344$ & $0.0260363$ & $0.0970508$ & $0.336719$ & $-0.0159268$ & $-0.0249549$ \\
CuH_33r & $0.0156831$ & $0.0613883$ & $-0.119083$ & $-0.0476778$ & $0.0120228$ & $0.0561476$ & $0.959743$ & $-0.0958306$ & $-0.082484$ & $0.230114$ & $0.149929$ & $-0.510791$ & $-0.712894$ & $-0.141785$ & $-0.0922677$ & $-0.0898533$ & $-0.121472$ & $-0.0681511$ & $-0.0716459$ & $-0.14769$ & $-0.146522$ & $-0.14329$ & $-0.00598703$ & $-0.0447045$ & $-0.0590923$ & $0.120879$ & $0.0118419$ & $-0.100813$ & $-0.157438$ & $-0.479319$ & $-0.322766$ & $1$ & $-0.477585$ & $-0.0165581$ & $-0.0946412$ & $-0.0811999$ & $0.0289687$ & $0.002265$ & $0.0959032$ & $0.0211415$ & $-0.0423817$ & $0.0116778$ & $-0.0110994$ & $0.0217297$ & $0.0834811$ & $-0.0703598$ & $-0.130541$ & $0.0948623$ & $0.0442832$ \\
CdH_33r & $-0.0726516$ & $-0.0546911$ & $0.0227622$ & $0.0328233$ & $-0.0274074$ & $-0.0205155$ & $-0.618312$ & $0.0882371$ & $0.108999$ & $-0.257984$ & $-0.132136$ & $0.605508$ & $0.744211$ & $0.121781$ & $0.118134$ & $0.0951122$ & $0.0935444$ & $0.0316846$ & $0.0494022$ & $0.131918$ & $0.125965$ & $0.124015$ & $-0.03282$ & $0.0268091$ & $0.0384639$ & $-0.0824666$ & $-0.0386451$ & $0.0669728$ & $0.168452$ & $0.832237$ & $0.550882$ & $-0.477585$ & $1$ & $-0.0177321$ & $0.0318963$ & $0.047358$ & $-0.136848$ & $-0.0144192$ & $-0.169346$ & $-0.00739017$ & $0.0704205$ & $-0.00753738$ & $0.00742681$ & $0.017794$ & $-0.0449049$ & $0.0570429$ & $0.0787359$ & $0.0122872$ & $0.23308$ \\
CLL_1221 & $-0.0230392$ & $0.0377297$ & $0.0183408$ & $0.00860238$ & $-0.00922261$ & $-0.084346$ & $-0.0102428$ & $0.524517$ & $0.521195$ & $-0.29837$ & $-0.330784$ & $-0.110939$ & $-0.0184285$ & $-0.143489$ & $-0.461297$ & $-0.0128956$ & $-0.234357$ & $-0.0405179$ & $-0.354943$ & $0.27435$ & $0.395447$ & $0.401724$ & $0.194279$ & $-0.598646$ & $-0.226313$ & $-0.261033$ & $0.678424$ & $0.137633$ & $-0.00223101$ & $-0.00652125$ & $-0.00871734$ & $-0.0165581$ & $-0.0177321$ & $1$ & $-0.00638419$ & $-0.0468464$ & $0.00694054$ & $-0.0108634$ & $0.0344201$ & $0.0301704$ & $-0.0328501$ & $-0.00155493$ & $0.0329158$ & $-0.0169046$ & $0.000773952$ & $-0.0154286$ & $-0.0292314$ & $0.0304195$ & $-0.0172342$ \\
eHggint & $0.0129533$ & $0.185279$ & $-0.118579$ & $-0.00683564$ & $-0.01919$ & $0.0212522$ & $-0.123816$ & $-0.0245674$ & $-0.0350368$ & $0.039025$ & $0.0457065$ & $0.102147$ & $0.101993$ & $-0.0435075$ & $-0.0211409$ & $-0.00936703$ & $-0.0592359$ & $-0.0398955$ & $-0.0419173$ & $-0.0433111$ & $-0.0439344$ & $-0.0371367$ & $0.0621188$ & $-0.0249132$ & $-0.057351$ & $-0.0229807$ & $-0.0316125$ & $-0.0388626$ & $0.0324743$ & $0.0351618$ & $-0.0489907$ & $-0.0946412$ & $0.0318963$ & $-0.00638419$ & $1$ & $-0.164779$ & $-0.109632$ & $-0.0346349$ & $0.171959$ & $-0.0141966$ & $0.0236161$ & $-0.0459742$ & $-0.0353283$ & $0.0637501$ & $-0.0110445$ & $-0.0664717$ & $-0.173891$ & $-0.0466849$ & $0.0039382$ \\
eHggpar & $0.0442191$ & $-0.0756522$ & $0.00713923$ & $-0.0474097$ & $-0.00219199$ & $0.00777818$ & $-0.097771$ & $-0.00362672$ & $-0.012122$ & $-0.0173069$ & $-0.021442$ & $0.137261$ & $0.112179$ & $0.0403902$ & $0.042599$ & $0.0353175$ & $0.045706$ & $0.0265856$ & $0.0271662$ & $0.0260854$ & $0.0161957$ & $0.013586$ & $-0.0594507$ & $0.0371314$ & $0.0404031$ & $0.0302173$ & $-0.0265299$ & $0.0421981$ & $-0.00475945$ & $0.0649819$ & $0.105581$ & $-0.0811999$ & $0.047358$ & $-0.0468464$ & $-0.164779$ & $1$ & $0.0480372$ & $0.0396744$ & $-0.114011$ & $0.0344274$ & $0.0236748$ & $-0.0150027$ & $-0.0528114$ & $-0.0266386$ & $-0.0750034$ & $0.134438$ & $0.152944$ & $-0.0518198$ & $-0.0504075$ \\
eHWWint & $0.16923$ & $-0.134111$ & $0.236333$ & $0.0245147$ & $0.0322445$ & $-0.0590181$ & $0.055233$ & $0.0135362$ & $0.0157516$ & $0.019241$ & $-0.014008$ & $-0.00311051$ & $-0.05381$ & $0.00208872$ & $0.00396395$ & $0.00628788$ & $0.00857299$ & $0.00460743$ & $-0.00200644$ & $0.0127773$ & $0.0108671$ & $0.0151708$ & $-0.0453218$ & $-0.00545046$ & $-0.00409051$ & $0.016624$ & $0.00517963$ & $0.035164$ & $-0.0470467$ & $-0.129307$ & $-0.0728806$ & $0.0289687$ & $-0.136848$ & $0.00694054$ & $-0.109632$ & $0.0480372$ & $1$ & $0.0642465$ & $-0.0215657$ & $-0.0585966$ & $-0.0352743$ & $0.00410173$ & $0.137832$ & $0.069633$ & $0.0173099$ & $-0.0550063$ & $0.0419286$ & $0.115852$ & $0.0104504$ \\
eHWWpar & $0.00492564$ & $0.0236455$ & $0.0546087$ & $0.0111311$ & $0.00375666$ & $0.0207747$ & $-0.00136227$ & $0.0106613$ & $0.00876419$ & $-0.00356427$ & $-0.00658111$ & $-0.00642469$ & $0.00180494$ & $0.00440597$ & $0.0160829$ & $0.0137733$ & $-0.0170733$ & $-0.017696$ & $-0.0207692$ & $0.00794743$ & $0.00534282$ & $0.00131997$ & $0.0166969$ & $-0.00517363$ & $-0.0173977$ & $-0.0144792$ & $-0.00921208$ & $0.0223838$ & $-0.0166951$ & $-0.00280053$ & $0.0132414$ & $0.002265$ & $-0.0144192$ & $-0.0108634$ & $-0.0346349$ & $0.0396744$ & $0.0642465$ & $1$ & $0.00808514$ & $0.0107074$ & $0.00178752$ & $0.0132304$ & $0.0292465$ & $0.015308$ & $-0.0506686$ & $0.0595724$ & $0.0423746$ & $0.0188793$ & $-0.0094171$ \\
eHZZint & $0.138635$ & $0.111665$ & $-0.195917$ & $-0.116923$ & $-0.0129331$ & $-0.0122259$ & $0.113043$ & $0.00788927$ & $0.00567996$ & $0.0473606$ & $0.00433733$ & $-0.16622$ & $-0.188194$ & $-0.0223882$ & $-0.0256988$ & $0.0348812$ & $-0.0350489$ & $-0.0111351$ & $-0.0520778$ & $-0.00210753$ & $-0.00392395$ & $0.000996784$ & $0.0683068$ & $-0.022298$ & $-0.0386341$ & $-0.0498176$ & $0.00500984$ & $0.012636$ & $-0.0348712$ & $-0.178727$ & $-0.0926807$ & $0.0959032$ & $-0.169346$ & $0.0344201$ & $0.171959$ & $-0.114011$ & $-0.0215657$ & $0.00808514$ & $1$ & $0.0303368$ & $-0.0785369$ & $-0.00512063$ & $0.0318619$ & $-0.0478307$ & $-0.00108832$ & $-0.0388199$ & $-0.0208674$ & $0.0866929$ & $0.0458143$ \\
eHZZpar & $0.0103949$ & $0.0173209$ & $-0.0205809$ & $-0.00517438$ & $-0.0174921$ & $0.010565$ & $0.0210943$ & $-0.0139046$ & $-0.00980874$ & $-0.0127565$ & $0.0234578$ & $-0.02504$ & $-0.0247164$ & $-0.0400891$ & $-0.0374091$ & $-0.0338652$ & $-0.00520922$ & $-0.00140964$ & $-0.00312759$ & $-0.0264816$ & $-0.0201037$ & $-0.0203231$ & $-0.0312397$ & $-0.0155954$ & $-0.00833833$ & $0.0331765$ & $0.011019$ & $0.0394087$ & $-0.00877281$ & $-0.000473939$ & $-0.0116292$ & $0.0211415$ & $-0.00739017$ & $0.0301704$ & $-0.0141966$ & $0.0344274$ & $-0.0585966$ & $0.0107074$ & $0.0303368$ & $1$ & $0.0259669$ & $-0.0149441$ & $0.0111715$ & $0.0127777$ & $0.0172549$ & $0.0401179$ & $0.0289996$ & $0.00210412$ & $-0.0231342$ \\
eHZgaint & $-0.0851955$ & $-0.0968012$ & $-0.014653$ & $0.0843108$ & $0.0375981$ & $-0.0373937$ & $-0.0521195$ & $-0.0144442$ & $-0.0137169$ & $-0.0462154$ & $0.0077301$ & $0.0880766$ & $0.0571418$ & $-0.0044091$ & $0.0207816$ & $-0.00427721$ & $0.0196842$ & $0.00267963$ & $0.0198841$ & $-0.00492745$ & $-0.0111476$ & $-0.00486653$ & $-0.0200685$ & $0.0246726$ & $0.0288192$ & $0.0215964$ & $-0.00552675$ & $0.0440836$ & $0.0318433$ & $0.0582622$ & $0.0381642$ & $-0.0423817$ & $0.0704205$ & $-0.0328501$ & $0.0236161$ & $0.0236748$ & $-0.0352743$ & $0.00178752$ & $-0.0785369$ & $0.0259669$ & $1$ & $-0.0430728$ & $-0.0334698$ & $-0.0137816$ & $-0.0303071$ & $-0.0099193$ & $0.0184683$ & $-0.0229956$ & $0.0199449$ \\
eHZgapar & $-0.0110481$ & $-0.0445675$ & $-0.0553986$ & $0.0539445$ & $0.0357269$ & $-0.00840343$ & $0.0152163$ & $0.007648$ & $0.0153085$ & $0.00134817$ & $0.00512319$ & $-0.00345718$ & $0.00552028$ & $-0.0192284$ & $0.00679185$ & $-0.00248923$ & $-0.0227571$ & $-0.0277499$ & $-0.0210975$ & $-0.00726609$ & $-0.00451969$ & $-0.00318059$ & $0.0160646$ & $-0.019712$ & $-0.0217627$ & $-0.0101475$ & $-0.000238548$ & $0.0244432$ & $-0.0503833$ & $-0.00101352$ & $-0.0173936$ & $0.0116778$ & $-0.00753738$ & $-0.00155493$ & $-0.0459742$ & $-0.0150027$ & $0.00410173$ & $0.0132304$ & $-0.00512063$ & $-0.0149441$ & $-0.0430728$ & $1$ & $0.0537171$ & $0.0269096$ & $0.0614896$ & $-0.119864$ & $0.013051$ & $0.00149852$ & $-0.0314127$ \\
eHgagaint & $0.0604307$ & $0.0120734$ & $-0.0121173$ & $0.0489779$ & $0.0268163$ & $-0.035847$ & $-0.0103781$ & $0.000142322$ & $0.04828$ & $-0.0630611$ & $-0.00225953$ & $-0.0115066$ & $0.0116781$ & $-0.00928597$ & $-0.0221315$ & $0.0116442$ & $0.0161669$ & $0.0199158$ & $-0.000730453$ & $0.00266626$ & $0.00229694$ & $0.00777251$ & $0.0292345$ & $0.00540204$ & $0.00912134$ & $-0.00346002$ & $0.0266284$ & $-0.0143765$ & $-0.0058259$ & $0.00279924$ & $-0.00642353$ & $-0.0110994$ & $0.00742681$ & $0.0329158$ & $-0.0353283$ & $-0.0528114$ & $0.137832$ & $0.0292465$ & $0.0318619$ & $0.0111715$ & $-0.0334698$ & $0.0537171$ & $1$ & $0.0763809$ & $0.0383616$ & $0.137321$ & $-0.0479272$ & $0.0772641$ & $-0.0327232$ \\
eHmumuint & $0.165419$ & $-0.0188659$ & $0.153329$ & $0.0907871$ & $-0.00921082$ & $-0.000298944$ & $0.00329372$ & $-0.00924848$ & $-0.00540528$ & $0.0113688$ & $0.00821766$ & $0.00842784$ & $0.0269735$ & $0.00180937$ & $0.00242373$ & $0.0241755$ & $-0.00340193$ & $-0.00208413$ & $-0.01188$ & $-0.00975609$ & $-0.0111012$ & $-0.0131331$ & $-0.0217843$ & $0.0055849$ & $-0.0246773$ & $0.00711451$ & $-0.0379822$ & $0.00708952$ & $0.0520535$ & $0.00903743$ & $0.0556344$ & $0.0217297$ & $0.017794$ & $-0.0169046$ & $0.0637501$ & $-0.0266386$ & $0.069633$ & $0.015308$ & $-0.0478307$ & $0.0127777$ & $-0.0137816$ & $0.0269096$ & $0.0763809$ & $1$ & $0.0737174$ & $-0.0160743$ & $0.183177$ & $0.009297$ & $0.00011497$ \\
eHtautauint & $-0.0034856$ & $-0.0415872$ & $-0.0318131$ & $-0.00891682$ & $-0.0368729$ & $0.043619$ & $0.0791518$ & $0.0359622$ & $0.0368072$ & $0.00664968$ & $-0.0341324$ & $-0.0615635$ & $-0.0645278$ & $0.0193722$ & $0.0307149$ & $0.00532872$ & $-0.00568896$ & $-0.0193778$ & $-0.00118974$ & $0.0296816$ & $0.0328754$ & $0.0384568$ & $-0.0106213$ & $-0.0172278$ & $-0.0189786$ & $-0.00313168$ & $0.00345637$ & $0.0350067$ & $-0.0585024$ & $0.00768644$ & $0.0260363$ & $0.0834811$ & $-0.0449049$ & $0.000773952$ & $-0.0110445$ & $-0.0750034$ & $0.0173099$ & $-0.0506686$ & $-0.00108832$ & $0.0172549$ & $-0.0303071$ & $0.0614896$ & $0.0383616$ & $0.0737174$ & $1$ & $-0.157102$ & $0.211642$ & $0.0373703$ & $0.0187825$ \\
eHccint & $-0.0960379$ & $0.108416$ & $-0.00832112$ & $-0.0553576$ & $-0.0244989$ & $-0.0355056$ & $-0.0692696$ & $0.00319908$ & $0.00723307$ & $-0.0445067$ & $-0.0246344$ & $0.0415102$ & $0.0583518$ & $0.0380775$ & $0.0257466$ & $0.00842892$ & $0.0374057$ & $0.0261098$ & $0.0368574$ & $0.0282612$ & $0.0246994$ & $0.0155792$ & $-0.0204423$ & $0.0429164$ & $0.0405823$ & $0.000196254$ & $0.00537559$ & $-0.000457472$ & $-0.00718548$ & $0.0506439$ & $0.0970508$ & $-0.0703598$ & $0.0570429$ & $-0.0154286$ & $-0.0664717$ & $0.134438$ & $-0.0550063$ & $0.0595724$ & $-0.0388199$ & $0.0401179$ & $-0.0099193$ & $-0.119864$ & $0.137321$ & $-0.0160743$ & $-0.157102$ & $1$ & $0.0146731$ & $0.036694$ & $-0.0617316$ \\
eHccpar & $0.151526$ & $-0.108912$ & $0.159723$ & $0.0486481$ & $-0.0432602$ & $-0.022636$ & $-0.129047$ & $0.01683$ & $0.0120919$ & $-0.0195933$ & $-0.031838$ & $0.114114$ & $0.0948605$ & $0.0225386$ & $0.0524518$ & $0.0536251$ & $0.0364829$ & $0.00307678$ & $-0.00122593$ & $0.0324067$ & $0.0243088$ & $0.0252851$ & $-0.0745007$ & $0.00760107$ & $-0.00317712$ & $0.0268313$ & $-0.0448286$ & $0.0499907$ & $0.00336849$ & $0.0930812$ & $0.336719$ & $-0.130541$ & $0.0787359$ & $-0.0292314$ & $-0.173891$ & $0.152944$ & $0.0419286$ & $0.0423746$ & $-0.0208674$ & $0.0289996$ & $0.0184683$ & $0.013051$ & $-0.0479272$ & $0.183177$ & $0.211642$ & $0.0146731$ & $1$ & $0.0810253$ & $0.0237794$ \\
eHbbint & $0.0684364$ & $0.016696$ & $-0.0145876$ & $0.0248521$ & $0.0547488$ & $-0.0185134$ & $0.101524$ & $0.0264247$ & $0.026991$ & $0.00688411$ & $-0.0107383$ & $-0.0713618$ & $-0.131336$ & $-0.0321123$ & $0.00317752$ & $0.0130847$ & $-0.0207049$ & $-0.0304224$ & $-0.0419276$ & $0.0117545$ & $0.0116066$ & $0.0135614$ & $-0.0207894$ & $-0.0562824$ & $-0.0401183$ & $-0.00849168$ & $-0.00534768$ & $-0.0277319$ & $-0.0188223$ & $-0.0837608$ & $-0.0159268$ & $0.0948623$ & $0.0122872$ & $0.0304195$ & $-0.0466849$ & $-0.0518198$ & $0.115852$ & $0.0188793$ & $0.0866929$ & $0.00210412$ & $-0.0229956$ & $0.00149852$ & $0.0772641$ & $0.009297$ & $0.0373703$ & $0.036694$ & $0.0810253$ & $1$ & $0.0844781$ \\
eHbbpar & $-0.111021$ & $-0.0519169$ & $-0.210871$ & $-0.0876905$ & $0.0211258$ & $0.0437354$ & $0.0482528$ & $0.0293208$ & $0.02996$ & $-0.0197322$ & $0.00433692$ & $-0.0748013$ & $-0.0676636$ & $-0.0484112$ & $0.0434118$ & $0.0231074$ & $-0.0690217$ & $-0.0887319$ & $-0.0705806$ & $-0.00378441$ & $-0.00691901$ & $-0.00111752$ & $-0.0140687$ & $-0.0570628$ & $-0.0759258$ & $0.0113779$ & $-0.0298404$ & $-0.0026536$ & $-0.0240215$ & $-0.0571786$ & $-0.0249549$ & $0.0442832$ & $0.23308$ & $-0.0172342$ & $0.0039382$ & $-0.0504075$ & $0.0104504$ & $-0.0094171$ & $0.0458143$ & $-0.0231342$ & $0.0199449$ & $-0.0314127$ & $-0.0327232$ & $0.00011497$ & $0.0187825$ & $-0.0617316$ & $0.0237794$ & $0.0844781$ & $1$ \\
