 & AlsMz & dAle5Mz & mtop & mHl & Mz & CW & CHG & CHWB & CHWHB_gaga & CHWHB_gagaorth & CHD & CHbox & CH & CHL1_11 & CHL1_22 & CHL1_33 & CHL3_11 & CHL3_22 & CHL3_33 & CHe_11 & CHe_22 & CHe_33 & CHQ1_11 & CHQ1_33 & CHQ3_11 & CHu_11 & CHd_11 & CHd_33 & CeH_22r & CeH_33r & CuH_22r & CuH_33r & CdH_33r & CLL_1221 & eHggint & eHggpar & eHWWint & eHWWpar & eHZZint & eHZZpar & eHZgaint & eHZgapar & eHgagaint & eHmumuint & eHtautauint & eHccint & eHccpar & eHbbint & eHbbpar \\
AlsMz & $1$ & $-0.00969867$ & $0.0244164$ & $-0.0316053$ & $0.00801828$ & $0.0252658$ & $-0.010203$ & $0.0260839$ & $0.0193872$ & $0.00507235$ & $-0.0319133$ & $-0.024529$ & $0.0240542$ & $-0.00928089$ & $-0.0309564$ & $-0.00297879$ & $0.00114958$ & $0.0103876$ & $-0.00985123$ & $0.0154843$ & $0.0235271$ & $0.0299215$ & $0.00532959$ & $-0.0913035$ & $-0.161067$ & $-0.057763$ & $-0.0341133$ & $0.0203452$ & $-0.035615$ & $0.0205681$ & $0.010475$ & $-0.016797$ & $-0.0138499$ & $0.0483119$ & $0.0131344$ & $0.0012597$ & $0.0331144$ & $0.0352208$ & $0.0408142$ & $-0.0261205$ & $0.0121632$ & $-0.0517924$ & $-0.0320186$ & $0.0199788$ & $-0.00906932$ & $-0.00986581$ & $0.00138939$ & $-0.009722$ & $0.0345861$ \\
dAle5Mz & $-0.00969867$ & $1$ & $0.00205326$ & $-0.00228541$ & $-0.0379236$ & $-0.0138861$ & $0.0140113$ & $-0.0772633$ & $-0.0753872$ & $0.0204705$ & $0.0656076$ & $0.0381571$ & $-0.0227818$ & $-0.0349544$ & $0.00844595$ & $0.00207252$ & $0.0154684$ & $-0.00822841$ & $-0.00930912$ & $-0.036236$ & $-0.036977$ & $-0.040268$ & $-0.0221487$ & $0.0205907$ & $-0.0127601$ & $0.0223906$ & $-0.0397743$ & $-0.00875543$ & $-0.0165288$ & $-0.00628443$ & $0.00375583$ & $0.0117517$ & $-0.0119827$ & $0.00883925$ & $0.0163751$ & $0.0280092$ & $0.019299$ & $0.00684186$ & $0.0207855$ & $0.00112766$ & $0.0203793$ & $0.00726747$ & $0.0127523$ & $-0.041869$ & $0.0238724$ & $0.0118673$ & $-0.0101327$ & $-0.000761523$ & $-0.0127356$ \\
mtop & $0.0244164$ & $0.00205326$ & $1$ & $0.0469415$ & $-0.014841$ & $0.00276494$ & $-0.0100169$ & $0.0101501$ & $0.00457349$ & $0.0162598$ & $-0.000614953$ & $0.0244656$ & $-0.00698851$ & $0.00301424$ & $0.0757065$ & $0.0743027$ & $-0.00877214$ & $-0.0463368$ & $-0.0414393$ & $0.017606$ & $0.00141083$ & $0.00348017$ & $-0.0517754$ & $0.0150187$ & $-0.0520243$ & $0.0269274$ & $-0.0697663$ & $-0.0279938$ & $-0.0102694$ & $0.0147446$ & $-0.0122209$ & $-0.00983745$ & $-0.0259136$ & $-0.0474356$ & $0.00652194$ & $0.0184399$ & $-0.00535561$ & $0.0242409$ & $0.0138274$ & $0.00777748$ & $0.0341692$ & $0.0249385$ & $0.00161221$ & $0.00723598$ & $-0.107047$ & $0.0277994$ & $0.0333401$ & $0.0144341$ & $-0.0149031$ \\
mHl & $-0.0316053$ & $-0.00228541$ & $0.0469415$ & $1$ & $0.0615826$ & $0.0201352$ & $0.0304866$ & $-0.0210055$ & $-0.0186738$ & $0.0260172$ & $0.00652536$ & $0.0181065$ & $-0.0219444$ & $0.0321794$ & $0.0129928$ & $0.0289487$ & $0.0133282$ & $0.0206672$ & $0.00673421$ & $-0.00260294$ & $-0.013947$ & $-0.0126913$ & $-0.08022$ & $0.0273045$ & $0.00759119$ & $0.0511986$ & $-0.0538625$ & $0.0129424$ & $0.0469344$ & $-0.0661994$ & $-0.00694016$ & $0.00663549$ & $-0.0330479$ & $-0.0330676$ & $0.0298529$ & $-0.00618537$ & $0.0553059$ & $-0.00714618$ & $-0.0142508$ & $0.0297294$ & $-0.0375203$ & $0.00876661$ & $-0.00285244$ & $-0.00739647$ & $-0.0226754$ & $0.00843955$ & $-0.00251693$ & $-0.00458382$ & $0.0294846$ \\
Mz & $0.00801828$ & $-0.0379236$ & $-0.014841$ & $0.0615826$ & $1$ & $-0.0377876$ & $0.0125021$ & $0.0474461$ & $0.0503607$ & $-0.0317583$ & $-0.0244085$ & $-0.00486452$ & $-0.000461584$ & $-0.00976821$ & $0.0153298$ & $0.00691669$ & $-0.0294598$ & $-0.0381168$ & $-0.0327217$ & $0.0280375$ & $0.0340048$ & $0.0254226$ & $0.0259681$ & $-0.0461232$ & $-0.0282348$ & $-0.0339436$ & $0.0272267$ & $0.0473973$ & $-0.01703$ & $-0.00336316$ & $0.00924599$ & $-0.00866029$ & $-0.0139727$ & $0.0232031$ & $-0.0543799$ & $-0.00638443$ & $0.00962558$ & $-0.00587553$ & $0.0195795$ & $-0.0173368$ & $-0.018958$ & $0.0133166$ & $0.0184962$ & $-0.0290095$ & $0.0163166$ & $-0.017414$ & $-0.00323168$ & $0.0052901$ & $-0.0327797$ \\
CW & $0.0252658$ & $-0.0138861$ & $0.00276494$ & $0.0201352$ & $-0.0377876$ & $1$ & $0.0278355$ & $-0.0954723$ & $-0.0934446$ & $0.0252432$ & $0.16279$ & $0.029622$ & $0.00610326$ & $0.015841$ & $-0.0949458$ & $-0.0674895$ & $-0.243348$ & $-0.0414909$ & $-0.0566675$ & $-0.165991$ & $-0.165644$ & $-0.157151$ & $0.0074315$ & $-0.0237344$ & $-0.0722468$ & $0.065783$ & $-0.0326818$ & $-0.0976866$ & $0.0389978$ & $-0.0125836$ & $0.0109785$ & $0.0326961$ & $-0.0185708$ & $-0.0727626$ & $0.0208233$ & $0.0468821$ & $0.043206$ & $0.0159077$ & $0.0346674$ & $-0.0167598$ & $-0.00847207$ & $0.0473651$ & $0.00416102$ & $0.0301897$ & $0.00172016$ & $-0.062593$ & $0.0120853$ & $-0.0260795$ & $-0.0147201$ \\
CHG & $-0.010203$ & $0.0140113$ & $-0.0100169$ & $0.0304866$ & $0.0125021$ & $0.0278355$ & $1$ & $-0.0851926$ & $-0.0230979$ & $0.0302396$ & $0.0626629$ & $0.242919$ & $-0.310319$ & $0.0226424$ & $-0.0384448$ & $-0.0613354$ & $0.0541367$ & $0.0717803$ & $0.0759435$ & $-0.0616831$ & $-0.0582625$ & $-0.0624649$ & $0.0127077$ & $0.0651918$ & $0.0683402$ & $0.0290205$ & $-0.0163889$ & $-0.0200865$ & $0.0262976$ & $-0.150776$ & $-0.0641$ & $0.9307$ & $-0.18767$ & $-0.0338459$ & $-0.0659794$ & $-0.0455788$ & $0.0240394$ & $0.0359302$ & $-0.0405205$ & $-0.00774129$ & $-0.000317175$ & $0.0213188$ & $0.00911655$ & $0.0217858$ & $0.0216823$ & $-0.0163152$ & $-0.0019178$ & $0.027658$ & $-0.068641$ \\
CHWB & $0.0260839$ & $-0.0772633$ & $0.0101501$ & $-0.0210055$ & $0.0474461$ & $-0.0954723$ & $-0.0851926$ & $1$ & $0.982114$ & $-0.590676$ & $-0.871723$ & $-0.471628$ & $0.379078$ & $0.0381711$ & $0.256384$ & $0.278073$ & $-0.317704$ & $-0.478439$ & $-0.478992$ & $0.837242$ & $0.891116$ & $0.871891$ & $0.0549963$ & $-0.704777$ & $-0.456297$ & $-0.480197$ & $0.425998$ & $0.285469$ & $-0.0120071$ & $0.144935$ & $0.0640953$ & $-0.0840781$ & $0.111487$ & $0.567823$ & $-0.0308595$ & $-0.0526169$ & $-0.0331677$ & $0.00881643$ & $-0.00236211$ & $0.0309863$ & $0.00358096$ & $-0.0215847$ & $-0.0285652$ & $-0.00522338$ & $0.0503917$ & $-0.000861239$ & $-0.0231567$ & $0.0247153$ & $0.0252806$ \\
CHWHB_gaga & $0.0193872$ & $-0.0753872$ & $0.00457349$ & $-0.0186738$ & $0.0503607$ & $-0.0934446$ & $-0.0230979$ & $0.982114$ & $1$ & $-0.584589$ & $-0.853586$ & $-0.456962$ & $0.373922$ & $0.0292553$ & $0.256139$ & $0.266169$ & $-0.315615$ & $-0.477137$ & $-0.47145$ & $0.821249$ & $0.872946$ & $0.854446$ & $0.0529139$ & $-0.694035$ & $-0.450489$ & $-0.471942$ & $0.418359$ & $0.284418$ & $-0.00202499$ & $0.161961$ & $0.0732107$ & $-0.03076$ & $0.135631$ & $0.554679$ & $-0.0472362$ & $-0.0602397$ & $-0.0413193$ & $0.0136351$ & $-0.00821838$ & $0.0377038$ & $0.00118901$ & $-0.0223659$ & $0.0480918$ & $-0.00614454$ & $0.0650545$ & $0.00518468$ & $-0.020924$ & $0.0275453$ & $0.0250903$ \\
CHWHB_gagaorth & $0.00507235$ & $0.0204705$ & $0.0162598$ & $0.0260172$ & $-0.0317583$ & $0.0252432$ & $0.0302396$ & $-0.590676$ & $-0.584589$ & $1$ & $0.352617$ & $0.579693$ & $-0.284412$ & $0.268803$ & $-0.0935926$ & $-0.0890978$ & $0.510646$ & $0.531159$ & $0.519741$ & $-0.333306$ & $-0.375319$ & $-0.362369$ & $-0.0699182$ & $0.599447$ & $0.520878$ & $0.220264$ & $-0.257218$ & $-0.0977005$ & $-0.0141008$ & $-0.146589$ & $-0.0859889$ & $0.06701$ & $-0.113396$ & $-0.366844$ & $0.0602317$ & $0.0659463$ & $0.0282424$ & $-0.00774056$ & $0.0372996$ & $-0.0284523$ & $-0.0624721$ & $0.0398834$ & $0.0209842$ & $0.00612207$ & $-0.0460258$ & $-0.0047565$ & $0.0124813$ & $-0.0581044$ & $-7.13555e-05$ \\
CHD & $-0.0319133$ & $0.0656076$ & $-0.000614953$ & $0.00652536$ & $-0.0244085$ & $0.16279$ & $0.0626629$ & $-0.871723$ & $-0.853586$ & $0.352617$ & $1$ & $0.316171$ & $-0.191599$ & $-0.472209$ & $-0.401658$ & $-0.398802$ & $-0.152251$ & $0.112889$ & $0.102681$ & $-0.988768$ & $-0.989639$ & $-0.966765$ & $0.0075972$ & $0.342912$ & $0.0732452$ & $0.539802$ & $-0.27452$ & $-0.322907$ & $0.0285302$ & $-0.0867247$ & $-0.0297967$ & $0.0652621$ & $-0.0600513$ & $-0.353722$ & $0.0310678$ & $0.0428805$ & $0.0283137$ & $-0.016948$ & $-0.0388152$ & $-0.0250364$ & $0.0178112$ & $0.0129925$ & $0.00190879$ & $0.0181413$ & $-0.0119522$ & $-0.00494223$ & $0.0178285$ & $-0.0114316$ & $-0.0350192$ \\
CHbox & $-0.024529$ & $0.0381571$ & $0.0244656$ & $0.0181065$ & $-0.00486452$ & $0.029622$ & $0.242919$ & $-0.471628$ & $-0.456962$ & $0.579693$ & $0.316171$ & $1$ & $-0.844538$ & $0.140509$ & $-0.0722807$ & $-0.103166$ & $0.339687$ & $0.359632$ & $0.370203$ & $-0.296832$ & $-0.330093$ & $-0.317557$ & $-0.0389986$ & $0.441403$ & $0.367462$ & $0.182053$ & $-0.198891$ & $-0.104437$ & $-0.0285197$ & $-0.167111$ & $-0.0930436$ & $0.263035$ & $-0.150927$ & $-0.296473$ & $0.0364593$ & $0.036624$ & $-0.0160222$ & $-0.0129258$ & $0.0362092$ & $-0.0094489$ & $-0.0237119$ & $0.0374639$ & $0.00874346$ & $0.0400568$ & $-0.0511206$ & $-0.00101694$ & $-0.0311889$ & $-0.0353238$ & $-0.0338795$ \\
CH & $0.0240542$ & $-0.0227818$ & $-0.00698851$ & $-0.0219444$ & $-0.000461584$ & $0.00610326$ & $-0.310319$ & $0.379078$ & $0.373922$ & $-0.284412$ & $-0.191599$ & $-0.844538$ & $1$ & $-0.25056$ & $0.0739357$ & $0.103925$ & $-0.392434$ & $-0.409469$ & $-0.415092$ & $0.185388$ & $0.200641$ & $0.195396$ & $0.024486$ & $-0.414443$ & $-0.411009$ & $-0.112748$ & $0.129778$ & $0.0671519$ & $0.051345$ & $0.308872$ & $0.108613$ & $-0.266304$ & $0.319927$ & $0.225391$ & $0.0315035$ & $0.00455253$ & $-0.000749923$ & $0.00707436$ & $-0.0362563$ & $0.00167974$ & $0.00320101$ & $-0.0138945$ & $-0.00932813$ & $-0.0350424$ & $0.0429139$ & $-0.00493678$ & $0.0344853$ & $0.0130715$ & $0.0264432$ \\
CHL1_11 & $-0.00928089$ & $-0.0349544$ & $0.00301424$ & $0.0321794$ & $-0.00976821$ & $0.015841$ & $0.0226424$ & $0.0381711$ & $0.0292553$ & $0.268803$ & $-0.472209$ & $0.140509$ & $-0.25056$ & $1$ & $0.27624$ & $0.253484$ & $0.655886$ & $0.590446$ & $0.596977$ & $0.496666$ & $0.425606$ & $0.411221$ & $-0.0824238$ & $0.477674$ & $0.592256$ & $-0.243474$ & $-0.145295$ & $0.132454$ & $-0.0370129$ & $-0.0618106$ & $-0.0396079$ & $0.0140202$ & $-0.0755774$ & $-0.26112$ & $-0.0390507$ & $-0.0121588$ & $0.0205938$ & $0.0152637$ & $0.0757041$ & $-0.00961819$ & $-0.0490154$ & $0.0168532$ & $0.0244937$ & $-0.0100427$ & $-0.0377337$ & $0.0019054$ & $0.00981388$ & $-0.0265509$ & $0.0262453$ \\
CHL1_22 & $-0.0309564$ & $0.00844595$ & $0.0757065$ & $0.0129928$ & $0.0153298$ & $-0.0949458$ & $-0.0384448$ & $0.256384$ & $0.256139$ & $-0.0935926$ & $-0.401658$ & $-0.0722807$ & $0.0739357$ & $0.27624$ & $1$ & $0.441632$ & $0.174249$ & $-0.443164$ & $-0.00501339$ & $0.476502$ & $0.310291$ & $0.303724$ & $-0.166851$ & $0.124843$ & $-0.108584$ & $-0.203055$ & $-0.418911$ & $0.0808522$ & $-0.00195802$ & $0.0443145$ & $-0.0240561$ & $-0.0428111$ & $-0.00860367$ & $-0.620735$ & $-0.000666107$ & $-0.00483077$ & $-0.0164969$ & $0.0424314$ & $0.021273$ & $0.00871576$ & $-0.00849557$ & $-0.00661783$ & $0.0245811$ & $-0.0282777$ & $-0.0490612$ & $-0.00252838$ & $0.0281389$ & $-0.0218327$ & $-0.0466184$ \\
CHL1_33 & $-0.00297879$ & $0.00207252$ & $0.0743027$ & $0.0289487$ & $0.00691669$ & $-0.0674895$ & $-0.0613354$ & $0.278073$ & $0.266169$ & $-0.0890978$ & $-0.398802$ & $-0.103166$ & $0.103925$ & $0.253484$ & $0.441632$ & $1$ & $0.119892$ & $-0.0532714$ & $-0.442894$ & $0.47011$ & $0.311686$ & $0.327006$ & $-0.173242$ & $0.0921556$ & $-0.170937$ & $-0.18942$ & $-0.423585$ & $0.127615$ & $0.0190581$ & $0.022477$ & $-0.0260623$ & $-0.0668639$ & $-0.0322037$ & $-0.116759$ & $0.0285944$ & $-0.00047796$ & $0.0328256$ & $-0.00828712$ & $-0.0123014$ & $0.0490222$ & $-0.0268112$ & $-0.0377319$ & $0.00541285$ & $-0.0364969$ & $0.00305566$ & $0.0333917$ & $0.0275084$ & $-0.0357148$ & $0.0144762$ \\
CHL3_11 & $0.00114958$ & $0.0154684$ & $-0.00877214$ & $0.0133282$ & $-0.0294598$ & $-0.243348$ & $0.0541367$ & $-0.317704$ & $-0.315615$ & $0.510646$ & $-0.152251$ & $0.339687$ & $-0.392434$ & $0.655886$ & $0.174249$ & $0.119892$ & $1$ & $0.735858$ & $0.761209$ & $0.182267$ & $0.116124$ & $0.113451$ & $-0.0905493$ & $0.692238$ & $0.786519$ & $-0.0689252$ & $-0.210346$ & $0.0519176$ & $-0.0375773$ & $-0.127225$ & $-0.0647443$ & $0.0501343$ & $-0.095455$ & $-0.314625$ & $0.00931191$ & $0.0374382$ & $0.00445082$ & $-0.000418422$ & $0.0701449$ & $-0.0112244$ & $-0.0320274$ & $0.00697414$ & $0.0580067$ & $-0.0263382$ & $-0.0813073$ & $0.0150568$ & $0.00281451$ & $-0.0139952$ & $0.0171059$ \\
CHL3_22 & $0.0103876$ & $-0.00822841$ & $-0.0463368$ & $0.0206672$ & $-0.0381168$ & $-0.0414909$ & $0.0717803$ & $-0.478439$ & $-0.477137$ & $0.531159$ & $0.112889$ & $0.359632$ & $-0.409469$ & $0.590446$ & $-0.443164$ & $-0.0532714$ & $0.735858$ & $1$ & $0.677326$ & $-0.113724$ & $-0.107856$ & $-0.105411$ & $-0.00303737$ & $0.623697$ & $0.784991$ & $0.0665573$ & $-0.0373775$ & $-0.00848505$ & $-0.0250195$ & $-0.146509$ & $-0.0511818$ & $0.0674824$ & $-0.0988649$ & $0.00235166$ & $-0.000581206$ & $0.0250795$ & $0.0310218$ & $-0.0197716$ & $0.053544$ & $-0.0194273$ & $-0.0318892$ & $0.0216015$ & $0.0332346$ & $0.00259219$ & $-0.0367711$ & $0.0115632$ & $-0.000276774$ & $-0.0119914$ & $0.0445766$ \\
CHL3_33 & $-0.00985123$ & $-0.00930912$ & $-0.0414393$ & $0.00673421$ & $-0.0327217$ & $-0.0566675$ & $0.0759435$ & $-0.478992$ & $-0.47145$ & $0.519741$ & $0.102681$ & $0.370203$ & $-0.415092$ & $0.596977$ & $-0.00501339$ & $-0.442894$ & $0.761209$ & $0.677326$ & $1$ & $-0.100921$ & $-0.100816$ & $-0.0946133$ & $-0.00434325$ & $0.63046$ & $0.815505$ & $0.056907$ & $-0.0328011$ & $-0.046061$ & $-0.0382301$ & $-0.117779$ & $-0.0448888$ & $0.0728394$ & $-0.0759153$ & $-0.382081$ & $-0.0194229$ & $0.0228227$ & $-0.0134832$ & $0.017478$ & $0.0740798$ & $-0.0477293$ & $-0.0201724$ & $0.039644$ & $0.045726$ & $0.00724403$ & $-0.0689332$ & $-0.00499213$ & $-0.000689239$ & $-0.00632395$ & $-0.00307088$ \\
CHe_11 & $0.0154843$ & $-0.036236$ & $0.017606$ & $-0.00260294$ & $0.0280375$ & $-0.165991$ & $-0.0616831$ & $0.837242$ & $0.821249$ & $-0.333306$ & $-0.988768$ & $-0.296832$ & $0.185388$ & $0.496666$ & $0.476502$ & $0.47011$ & $0.182267$ & $-0.113724$ & $-0.100921$ & $1$ & $0.968087$ & $0.945707$ & $-0.0329259$ & $-0.280183$ & $-0.0627074$ & $-0.533662$ & $0.188202$ & $0.32052$ & $-0.0256201$ & $0.0825916$ & $0.020219$ & $-0.0653015$ & $0.0526679$ & $0.265357$ & $-0.0250454$ & $-0.0385627$ & $-0.026729$ & $0.0215929$ & $0.0379117$ & $0.0245653$ & $-0.0157686$ & $-0.00648792$ & $0.00358397$ & $-0.0217249$ & $0.00400864$ & $0.00814422$ & $-0.0122891$ & $0.00715954$ & $0.0279177$ \\
CHe_22 & $0.0235271$ & $-0.036977$ & $0.00141083$ & $-0.013947$ & $0.0340048$ & $-0.165644$ & $-0.0582625$ & $0.891116$ & $0.872946$ & $-0.375319$ & $-0.989639$ & $-0.330093$ & $0.200641$ & $0.425606$ & $0.310291$ & $0.311686$ & $0.116124$ & $-0.107856$ & $-0.100816$ & $0.968087$ & $1$ & $0.972751$ & $0.0217621$ & $-0.401548$ & $-0.0796041$ & $-0.539981$ & $0.363812$ & $0.325615$ & $-0.0322522$ & $0.0904407$ & $0.0362387$ & $-0.0601322$ & $0.070556$ & $0.447952$ & $-0.0350027$ & $-0.042228$ & $-0.0296813$ & $0.014095$ & $0.0366289$ & $0.0263211$ & $-0.0131554$ & $-0.0110178$ & $-0.00602239$ & $-0.0135401$ & $0.0206608$ & $0.00193141$ & $-0.0242825$ & $0.0176323$ & $0.0386822$ \\
CHe_33 & $0.0299215$ & $-0.040268$ & $0.00348017$ & $-0.0126913$ & $0.0254226$ & $-0.157151$ & $-0.0624649$ & $0.871891$ & $0.854446$ & $-0.362369$ & $-0.966765$ & $-0.317557$ & $0.195396$ & $0.411221$ & $0.303724$ & $0.327006$ & $0.113451$ & $-0.105411$ & $-0.0946133$ & $0.945707$ & $0.972751$ & $1$ & $0.016999$ & $-0.394798$ & $-0.0735986$ & $-0.520295$ & $0.362637$ & $0.319218$ & $-0.0288373$ & $0.0883603$ & $0.041736$ & $-0.0659294$ & $0.0725635$ & $0.442295$ & $-0.0326124$ & $-0.0464634$ & $-0.0340429$ & $0.00349886$ & $0.0267905$ & $0.0220902$ & $-0.0170858$ & $-0.0161149$ & $-0.00236406$ & $-0.0085857$ & $0.0322763$ & $0.0112679$ & $-0.0273388$ & $0.0118699$ & $0.0376786$ \\
CHQ1_11 & $0.00532959$ & $-0.0221487$ & $-0.0517754$ & $-0.08022$ & $0.0259681$ & $0.0074315$ & $0.0127077$ & $0.0549963$ & $0.0529139$ & $-0.0699182$ & $0.0075972$ & $-0.0389986$ & $0.024486$ & $-0.0824238$ & $-0.166851$ & $-0.173242$ & $-0.0905493$ & $-0.00303737$ & $-0.00434325$ & $-0.0329259$ & $0.0217621$ & $0.016999$ & $1$ & $-0.128844$ & $0.072188$ & $-0.681885$ & $0.336679$ & $-0.00132708$ & $0.00544008$ & $0.0192921$ & $-0.0456135$ & $0.000670251$ & $0.0345641$ & $0.181291$ & $-0.0525959$ & $-0.0189845$ & $0.00501942$ & $0.0143057$ & $-0.0552603$ & $-0.00105232$ & $-0.00271447$ & $0.00217796$ & $-0.0408062$ & $0.00358976$ & $0.0376048$ & $-0.0301355$ & $-0.0260745$ & $0.00739769$ & $0.0216545$ \\
CHQ1_33 & $-0.0913035$ & $0.0205907$ & $0.0150187$ & $0.0273045$ & $-0.0461232$ & $-0.0237344$ & $0.0651918$ & $-0.704777$ & $-0.694035$ & $0.599447$ & $0.342912$ & $0.441403$ & $-0.414443$ & $0.477674$ & $0.124843$ & $0.0921556$ & $0.692238$ & $0.623697$ & $0.63046$ & $-0.280183$ & $-0.401548$ & $-0.394798$ & $-0.128844$ & $1$ & $0.663463$ & $0.208515$ & $-0.433657$ & $-0.0294772$ & $0.00228324$ & $-0.155746$ & $-0.070698$ & $0.0629237$ & $-0.125882$ & $-0.648642$ & $0.0235688$ & $0.0351072$ & $0.0183349$ & $0.0158225$ & $0.041313$ & $-0.0111882$ & $-0.0321247$ & $0.0274964$ & $0.033846$ & $-0.0290089$ & $-0.0671618$ & $0.0107298$ & $0.0231589$ & $-0.0381077$ & $0.000462147$ \\
CHQ3_11 & $-0.161067$ & $-0.0127601$ & $-0.0520243$ & $0.00759119$ & $-0.0282348$ & $-0.0722468$ & $0.0683402$ & $-0.456297$ & $-0.450489$ & $0.520878$ & $0.0732452$ & $0.367462$ & $-0.411009$ & $0.592256$ & $-0.108584$ & $-0.170937$ & $0.786519$ & $0.784991$ & $0.815505$ & $-0.0627074$ & $-0.0796041$ & $-0.0735986$ & $0.072188$ & $0.663463$ & $1$ & $0.0446456$ & $0.157642$ & $-0.0249428$ & $-0.0165354$ & $-0.122228$ & $-0.0340068$ & $0.0688331$ & $-0.0820492$ & $-0.251817$ & $0.000587047$ & $0.0310109$ & $0.000335664$ & $-0.00440401$ & $0.0331532$ & $-0.0179698$ & $-0.0495673$ & $0.0326081$ & $0.0515526$ & $-0.00213201$ & $-0.0336215$ & $0.0176385$ & $-0.0116076$ & $-0.000129443$ & $0.0057551$ \\
CHu_11 & $-0.057763$ & $0.0223906$ & $0.0269274$ & $0.0511986$ & $-0.0339436$ & $0.065783$ & $0.0290205$ & $-0.480197$ & $-0.471942$ & $0.220264$ & $0.539802$ & $0.182053$ & $-0.112748$ & $-0.243474$ & $-0.203055$ & $-0.18942$ & $-0.0689252$ & $0.0665573$ & $0.056907$ & $-0.533662$ & $-0.539981$ & $-0.520295$ & $-0.681885$ & $0.208515$ & $0.0446456$ & $1$ & $-0.150698$ & $-0.171191$ & $-0.00581522$ & $-0.0680492$ & $0.0290891$ & $0.0406631$ & $-0.0603906$ & $-0.213215$ & $0.0549825$ & $0.0120666$ & $0.0044826$ & $-0.0289422$ & $0.029859$ & $-0.0328331$ & $-0.000193845$ & $0.00927689$ & $0.0264062$ & $0.0335402$ & $-0.0221367$ & $0.0342802$ & $0.0408371$ & $-0.0185182$ & $-0.0368112$ \\
CHd_11 & $-0.0341133$ & $-0.0397743$ & $-0.0697663$ & $-0.0538625$ & $0.0272267$ & $-0.0326818$ & $-0.0163889$ & $0.425998$ & $0.418359$ & $-0.257218$ & $-0.27452$ & $-0.198891$ & $0.129778$ & $-0.145295$ & $-0.418911$ & $-0.423585$ & $-0.210346$ & $-0.0373775$ & $-0.0328011$ & $0.188202$ & $0.363812$ & $0.362637$ & $0.336679$ & $-0.433657$ & $0.157642$ & $-0.150698$ & $1$ & $0.0948627$ & $-0.0103023$ & $0.0629694$ & $0.0877275$ & $-0.00645641$ & $0.0902128$ & $0.687122$ & $-0.0230451$ & $-0.0293055$ & $-0.040274$ & $-0.00679596$ & $-0.0236677$ & $0.00173207$ & $-0.0145937$ & $0.00611581$ & $-0.0228286$ & $0.0225475$ & $0.0785746$ & $0.0113088$ & $-0.0459501$ & $0.043148$ & $0.025428$ \\
CHd_33 & $0.0203452$ & $-0.00875543$ & $-0.0279938$ & $0.0129424$ & $0.0473973$ & $-0.0976866$ & $-0.0200865$ & $0.285469$ & $0.284418$ & $-0.0977005$ & $-0.322907$ & $-0.104437$ & $0.0671519$ & $0.132454$ & $0.0808522$ & $0.127615$ & $0.0519176$ & $-0.00848505$ & $-0.046061$ & $0.32052$ & $0.325615$ & $0.319218$ & $-0.00132708$ & $-0.0294772$ & $-0.0249428$ & $-0.171191$ & $0.0948627$ & $1$ & $0.00589852$ & $0.0431921$ & $-0.0251514$ & $-0.0185185$ & $-0.0124869$ & $0.164411$ & $0.0166136$ & $-0.066997$ & $-0.0631961$ & $0.0237475$ & $0.0162159$ & $0.00841682$ & $-0.0275867$ & $-0.0168919$ & $-0.002435$ & $0.0048856$ & $0.0296678$ & $-0.0529411$ & $-0.0719755$ & $0.031536$ & $-0.0113791$ \\
CeH_22r & $-0.035615$ & $-0.0165288$ & $-0.0102694$ & $0.0469344$ & $-0.01703$ & $0.0389978$ & $0.0262976$ & $-0.0120071$ & $-0.00202499$ & $-0.0141008$ & $0.0285302$ & $-0.0285197$ & $0.051345$ & $-0.0370129$ & $-0.00195802$ & $0.0190581$ & $-0.0375773$ & $-0.0250195$ & $-0.0382301$ & $-0.0256201$ & $-0.0322522$ & $-0.0288373$ & $0.00544008$ & $0.00228324$ & $-0.0165354$ & $-0.00581522$ & $-0.0103023$ & $0.00589852$ & $1$ & $0.038181$ & $0.0313772$ & $0.00785711$ & $0.0451628$ & $-0.0111303$ & $-0.0530477$ & $-0.0215363$ & $-0.0162633$ & $-0.00527864$ & $0.0174286$ & $0.0212824$ & $-0.0174701$ & $-0.0218518$ & $0.0318037$ & $0.00800624$ & $0.00865648$ & $0.00422971$ & $0.0215832$ & $-0.0342716$ & $-0.00360508$ \\
CeH_33r & $0.0205681$ & $-0.00628443$ & $0.0147446$ & $-0.0661994$ & $-0.00336316$ & $-0.0125836$ & $-0.150776$ & $0.144935$ & $0.161961$ & $-0.146589$ & $-0.0867247$ & $-0.167111$ & $0.308872$ & $-0.0618106$ & $0.0443145$ & $0.022477$ & $-0.127225$ & $-0.146509$ & $-0.117779$ & $0.0825916$ & $0.0904407$ & $0.0883603$ & $0.0192921$ & $-0.155746$ & $-0.122228$ & $-0.0680492$ & $0.0629694$ & $0.0431921$ & $0.038181$ & $1$ & $0.295298$ & $0.0145014$ & $0.643708$ & $0.070204$ & $-0.0651214$ & $-0.0650603$ & $-0.229687$ & $-0.0280173$ & $0.0239686$ & $-0.00849943$ & $-0.0147501$ & $0.0206317$ & $0.0074913$ & $0.0182261$ & $0.0266438$ & $0.018137$ & $-0.00234577$ & $-0.00623232$ & $0.0143609$ \\
CuH_22r & $0.010475$ & $0.00375583$ & $-0.0122209$ & $-0.00694016$ & $0.00924599$ & $0.0109785$ & $-0.0641$ & $0.0640953$ & $0.0732107$ & $-0.0859889$ & $-0.0297967$ & $-0.0930436$ & $0.108613$ & $-0.0396079$ & $-0.0240561$ & $-0.0260623$ & $-0.0647443$ & $-0.0511818$ & $-0.0448888$ & $0.020219$ & $0.0362387$ & $0.041736$ & $-0.0456135$ & $-0.070698$ & $-0.0340068$ & $0.0290891$ & $0.0877275$ & $-0.0251514$ & $0.0313772$ & $0.295298$ & $1$ & $0.0186633$ & $0.296649$ & $0.0691901$ & $-0.00484615$ & $-0.00406769$ & $-0.0573354$ & $-0.0742438$ & $0.00282094$ & $0.0194775$ & $-0.035793$ & $0.0155514$ & $-0.0114345$ & $0.0176824$ & $-0.00125763$ & $0.0930281$ & $0.376139$ & $0.0243595$ & $-0.0111967$ \\
CuH_33r & $-0.016797$ & $0.0117517$ & $-0.00983745$ & $0.00663549$ & $-0.00866029$ & $0.0326961$ & $0.9307$ & $-0.0840781$ & $-0.03076$ & $0.06701$ & $0.0652621$ & $0.263035$ & $-0.266304$ & $0.0140202$ & $-0.0428111$ & $-0.0668639$ & $0.0501343$ & $0.0674824$ & $0.0728394$ & $-0.0653015$ & $-0.0601322$ & $-0.0659294$ & $0.000670251$ & $0.0629237$ & $0.0688331$ & $0.0406631$ & $-0.00645641$ & $-0.0185185$ & $0.00785711$ & $0.0145014$ & $0.0186633$ & $1$ & $0.00389082$ & $-0.028431$ & $0.0200717$ & $-0.0010991$ & $-0.0226324$ & $0.0161417$ & $-0.0192947$ & $-0.0242186$ & $-0.0208442$ & $0.0397775$ & $0.0129737$ & $0.0291019$ & $0.0190136$ & $-0.00700831$ & $-0.00790965$ & $0.0275157$ & $-0.0550045$ \\
CdH_33r & $-0.0138499$ & $-0.0119827$ & $-0.0259136$ & $-0.0330479$ & $-0.0139727$ & $-0.0185708$ & $-0.18767$ & $0.111487$ & $0.135631$ & $-0.113396$ & $-0.0600513$ & $-0.150927$ & $0.319927$ & $-0.0755774$ & $-0.00860367$ & $-0.0322037$ & $-0.095455$ & $-0.0988649$ & $-0.0759153$ & $0.0526679$ & $0.070556$ & $0.0725635$ & $0.0345641$ & $-0.125882$ & $-0.0820492$ & $-0.0603906$ & $0.0902128$ & $-0.0124869$ & $0.0451628$ & $0.643708$ & $0.296649$ & $0.00389082$ & $1$ & $0.0918125$ & $-0.0318952$ & $-0.00901376$ & $-0.244893$ & $-0.0486972$ & $-0.00399494$ & $-0.0479199$ & $-0.0499055$ & $0.000992358$ & $0.013423$ & $0.0332223$ & $0.0138715$ & $0.0116703$ & $-0.0102467$ & $0.184291$ & $0.489528$ \\
CLL_1221 & $0.0483119$ & $0.00883925$ & $-0.0474356$ & $-0.0330676$ & $0.0232031$ & $-0.0727626$ & $-0.0338459$ & $0.567823$ & $0.554679$ & $-0.366844$ & $-0.353722$ & $-0.296473$ & $0.225391$ & $-0.26112$ & $-0.620735$ & $-0.116759$ & $-0.314625$ & $0.00235166$ & $-0.382081$ & $0.265357$ & $0.447952$ & $0.442295$ & $0.181291$ & $-0.648642$ & $-0.251817$ & $-0.213215$ & $0.687122$ & $0.164411$ & $-0.0111303$ & $0.070204$ & $0.0691901$ & $-0.028431$ & $0.0918125$ & $1$ & $-0.0165177$ & $-0.0270129$ & $-0.0109028$ & $-0.0352394$ & $-0.0200872$ & $0.0193694$ & $0.0141604$ & $-0.0190216$ & $-0.0356884$ & $0.0154547$ & $0.0772022$ & $0.00419657$ & $-0.0403783$ & $0.0413321$ & $0.0546781$ \\
eHggint & $0.0131344$ & $0.0163751$ & $0.00652194$ & $0.0298529$ & $-0.0543799$ & $0.0208233$ & $-0.0659794$ & $-0.0308595$ & $-0.0472362$ & $0.0602317$ & $0.0310678$ & $0.0364593$ & $0.0315035$ & $-0.0390507$ & $-0.000666107$ & $0.0285944$ & $0.00931191$ & $-0.000581206$ & $-0.0194229$ & $-0.0250454$ & $-0.0350027$ & $-0.0326124$ & $-0.0525959$ & $0.0235688$ & $0.000587047$ & $0.0549825$ & $-0.0230451$ & $0.0166136$ & $-0.0530477$ & $-0.0651214$ & $-0.00484615$ & $0.0200717$ & $-0.0318952$ & $-0.0165177$ & $1$ & $-0.0306769$ & $-0.00340092$ & $-0.025144$ & $-0.00866568$ & $0.0167828$ & $-0.0171396$ & $0.0383764$ & $0.044359$ & $-0.0919168$ & $0.0284564$ & $-0.0407934$ & $0.0545463$ & $0.011452$ & $0.0281006$ \\
eHggpar & $0.0012597$ & $0.0280092$ & $0.0184399$ & $-0.00618537$ & $-0.00638443$ & $0.0468821$ & $-0.0455788$ & $-0.0526169$ & $-0.0602397$ & $0.0659463$ & $0.0428805$ & $0.036624$ & $0.00455253$ & $-0.0121588$ & $-0.00483077$ & $-0.00047796$ & $0.0374382$ & $0.0250795$ & $0.0228227$ & $-0.0385627$ & $-0.042228$ & $-0.0464634$ & $-0.0189845$ & $0.0351072$ & $0.0310109$ & $0.0120666$ & $-0.0293055$ & $-0.066997$ & $-0.0215363$ & $-0.0650603$ & $-0.00406769$ & $-0.0010991$ & $-0.00901376$ & $-0.0270129$ & $-0.0306769$ & $1$ & $0.0587874$ & $0.000120728$ & $0.0405968$ & $-0.0194314$ & $0.048914$ & $-0.0455957$ & $0.0270179$ & $-0.0237596$ & $-0.0678386$ & $0.0624398$ & $-0.0174895$ & $-0.00773096$ & $0.0602941$ \\
eHWWint & $0.0331144$ & $0.019299$ & $-0.00535561$ & $0.0553059$ & $0.00962558$ & $0.043206$ & $0.0240394$ & $-0.0331677$ & $-0.0413193$ & $0.0282424$ & $0.0283137$ & $-0.0160222$ & $-0.000749923$ & $0.0205938$ & $-0.0164969$ & $0.0328256$ & $0.00445082$ & $0.0310218$ & $-0.0134832$ & $-0.026729$ & $-0.0296813$ & $-0.0340429$ & $0.00501942$ & $0.0183349$ & $0.000335664$ & $0.0044826$ & $-0.040274$ & $-0.0631961$ & $-0.0162633$ & $-0.229687$ & $-0.0573354$ & $-0.0226324$ & $-0.244893$ & $-0.0109028$ & $-0.00340092$ & $0.0587874$ & $1$ & $-0.030754$ & $-0.072219$ & $0.0512371$ & $0.00191286$ & $-0.00487714$ & $-0.00165406$ & $0.0317735$ & $0.00801491$ & $-0.0209958$ & $0.0227437$ & $-0.0290002$ & $0.009514$ \\
eHWWpar & $0.0352208$ & $0.00684186$ & $0.0242409$ & $-0.00714618$ & $-0.00587553$ & $0.0159077$ & $0.0359302$ & $0.00881643$ & $0.0136351$ & $-0.00774056$ & $-0.016948$ & $-0.0129258$ & $0.00707436$ & $0.0152637$ & $0.0424314$ & $-0.00828712$ & $-0.000418422$ & $-0.0197716$ & $0.017478$ & $0.0215929$ & $0.014095$ & $0.00349886$ & $0.0143057$ & $0.0158225$ & $-0.00440401$ & $-0.0289422$ & $-0.00679596$ & $0.0237475$ & $-0.00527864$ & $-0.0280173$ & $-0.0742438$ & $0.0161417$ & $-0.0486972$ & $-0.0352394$ & $-0.025144$ & $0.000120728$ & $-0.030754$ & $1$ & $0.0404773$ & $0.0151886$ & $0.0135171$ & $0.0414086$ & $0.0187956$ & $0.0097329$ & $0.00101236$ & $-0.064343$ & $0.0133601$ & $0.0125066$ & $-0.0202551$ \\
eHZZint & $0.0408142$ & $0.0207855$ & $0.0138274$ & $-0.0142508$ & $0.0195795$ & $0.0346674$ & $-0.0405205$ & $-0.00236211$ & $-0.00821838$ & $0.0372996$ & $-0.0388152$ & $0.0362092$ & $-0.0362563$ & $0.0757041$ & $0.021273$ & $-0.0123014$ & $0.0701449$ & $0.053544$ & $0.0740798$ & $0.0379117$ & $0.0366289$ & $0.0267905$ & $-0.0552603$ & $0.041313$ & $0.0331532$ & $0.029859$ & $-0.0236677$ & $0.0162159$ & $0.0174286$ & $0.0239686$ & $0.00282094$ & $-0.0192947$ & $-0.00399494$ & $-0.0200872$ & $-0.00866568$ & $0.0405968$ & $-0.072219$ & $0.0404773$ & $1$ & $-0.0281778$ & $0.0106725$ & $-0.0062438$ & $-0.00899838$ & $0.0229599$ & $-0.0140922$ & $-0.0196167$ & $0.0563196$ & $0.0460758$ & $-0.00691309$ \\
eHZZpar & $-0.0261205$ & $0.00112766$ & $0.00777748$ & $0.0297294$ & $-0.0173368$ & $-0.0167598$ & $-0.00774129$ & $0.0309863$ & $0.0377038$ & $-0.0284523$ & $-0.0250364$ & $-0.0094489$ & $0.00167974$ & $-0.00961819$ & $0.00871576$ & $0.0490222$ & $-0.0112244$ & $-0.0194273$ & $-0.0477293$ & $0.0245653$ & $0.0263211$ & $0.0220902$ & $-0.00105232$ & $-0.0111882$ & $-0.0179698$ & $-0.0328331$ & $0.00173207$ & $0.00841682$ & $0.0212824$ & $-0.00849943$ & $0.0194775$ & $-0.0242186$ & $-0.0479199$ & $0.0193694$ & $0.0167828$ & $-0.0194314$ & $0.0512371$ & $0.0151886$ & $-0.0281778$ & $1$ & $-0.0163404$ & $0.00734385$ & $0.0643522$ & $-0.0396555$ & $0.0236524$ & $-0.00334016$ & $0.0334613$ & $0.00139838$ & $-0.0537319$ \\
eHZgaint & $0.0121632$ & $0.0203793$ & $0.0341692$ & $-0.0375203$ & $-0.018958$ & $-0.00847207$ & $-0.000317175$ & $0.00358096$ & $0.00118901$ & $-0.0624721$ & $0.0178112$ & $-0.0237119$ & $0.00320101$ & $-0.0490154$ & $-0.00849557$ & $-0.0268112$ & $-0.0320274$ & $-0.0318892$ & $-0.0201724$ & $-0.0157686$ & $-0.0131554$ & $-0.0170858$ & $-0.00271447$ & $-0.0321247$ & $-0.0495673$ & $-0.000193845$ & $-0.0145937$ & $-0.0275867$ & $-0.0174701$ & $-0.0147501$ & $-0.035793$ & $-0.0208442$ & $-0.0499055$ & $0.0141604$ & $-0.0171396$ & $0.048914$ & $0.00191286$ & $0.0135171$ & $0.0106725$ & $-0.0163404$ & $1$ & $0.01292$ & $-0.0114351$ & $-0.0429235$ & $-0.0439345$ & $-0.0018479$ & $-0.0189131$ & $-0.0823432$ & $-0.0204277$ \\
eHZgapar & $-0.0517924$ & $0.00726747$ & $0.0249385$ & $0.00876661$ & $0.0133166$ & $0.0473651$ & $0.0213188$ & $-0.0215847$ & $-0.0223659$ & $0.0398834$ & $0.0129925$ & $0.0374639$ & $-0.0138945$ & $0.0168532$ & $-0.00661783$ & $-0.0377319$ & $0.00697414$ & $0.0216015$ & $0.039644$ & $-0.00648792$ & $-0.0110178$ & $-0.0161149$ & $0.00217796$ & $0.0274964$ & $0.0326081$ & $0.00927689$ & $0.00611581$ & $-0.0168919$ & $-0.0218518$ & $0.0206317$ & $0.0155514$ & $0.0397775$ & $0.000992358$ & $-0.0190216$ & $0.0383764$ & $-0.0455957$ & $-0.00487714$ & $0.0414086$ & $-0.0062438$ & $0.00734385$ & $0.01292$ & $1$ & $-0.00215643$ & $0.0027893$ & $-0.0491441$ & $-0.0345609$ & $0.0230077$ & $-0.0175883$ & $-0.0389086$ \\
eHgagaint & $-0.0320186$ & $0.0127523$ & $0.00161221$ & $-0.00285244$ & $0.0184962$ & $0.00416102$ & $0.00911655$ & $-0.0285652$ & $0.0480918$ & $0.0209842$ & $0.00190879$ & $0.00874346$ & $-0.00932813$ & $0.0244937$ & $0.0245811$ & $0.00541285$ & $0.0580067$ & $0.0332346$ & $0.045726$ & $0.00358397$ & $-0.00602239$ & $-0.00236406$ & $-0.0408062$ & $0.033846$ & $0.0515526$ & $0.0264062$ & $-0.0228286$ & $-0.002435$ & $0.0318037$ & $0.0074913$ & $-0.0114345$ & $0.0129737$ & $0.013423$ & $-0.0356884$ & $0.044359$ & $0.0270179$ & $-0.00165406$ & $0.0187956$ & $-0.00899838$ & $0.0643522$ & $-0.0114351$ & $-0.00215643$ & $1$ & $-0.00796641$ & $0.0844289$ & $0.0304102$ & $-0.00439981$ & $-0.015228$ & $0.00538493$ \\
eHmumuint & $0.0199788$ & $-0.041869$ & $0.00723598$ & $-0.00739647$ & $-0.0290095$ & $0.0301897$ & $0.0217858$ & $-0.00522338$ & $-0.00614454$ & $0.00612207$ & $0.0181413$ & $0.0400568$ & $-0.0350424$ & $-0.0100427$ & $-0.0282777$ & $-0.0364969$ & $-0.0263382$ & $0.00259219$ & $0.00724403$ & $-0.0217249$ & $-0.0135401$ & $-0.0085857$ & $0.00358976$ & $-0.0290089$ & $-0.00213201$ & $0.0335402$ & $0.0225475$ & $0.0048856$ & $0.00800624$ & $0.0182261$ & $0.0176824$ & $0.0291019$ & $0.0332223$ & $0.0154547$ & $-0.0919168$ & $-0.0237596$ & $0.0317735$ & $0.0097329$ & $0.0229599$ & $-0.0396555$ & $-0.0429235$ & $0.0027893$ & $-0.00796641$ & $1$ & $0.0148447$ & $0.0210178$ & $-0.022576$ & $0.062912$ & $0.0218916$ \\
eHtautauint & $-0.00906932$ & $0.0238724$ & $-0.107047$ & $-0.0226754$ & $0.0163166$ & $0.00172016$ & $0.0216823$ & $0.0503917$ & $0.0650545$ & $-0.0460258$ & $-0.0119522$ & $-0.0511206$ & $0.0429139$ & $-0.0377337$ & $-0.0490612$ & $0.00305566$ & $-0.0813073$ & $-0.0367711$ & $-0.0689332$ & $0.00400864$ & $0.0206608$ & $0.0322763$ & $0.0376048$ & $-0.0671618$ & $-0.0336215$ & $-0.0221367$ & $0.0785746$ & $0.0296678$ & $0.00865648$ & $0.0266438$ & $-0.00125763$ & $0.0190136$ & $0.0138715$ & $0.0772022$ & $0.0284564$ & $-0.0678386$ & $0.00801491$ & $0.00101236$ & $-0.0140922$ & $0.0236524$ & $-0.0439345$ & $-0.0491441$ & $0.0844289$ & $0.0148447$ & $1$ & $-0.0122308$ & $-0.0257204$ & $0.0317616$ & $0.00691988$ \\
eHccint & $-0.00986581$ & $0.0118673$ & $0.0277994$ & $0.00843955$ & $-0.017414$ & $-0.062593$ & $-0.0163152$ & $-0.000861239$ & $0.00518468$ & $-0.0047565$ & $-0.00494223$ & $-0.00101694$ & $-0.00493678$ & $0.0019054$ & $-0.00252838$ & $0.0333917$ & $0.0150568$ & $0.0115632$ & $-0.00499213$ & $0.00814422$ & $0.00193141$ & $0.0112679$ & $-0.0301355$ & $0.0107298$ & $0.0176385$ & $0.0342802$ & $0.0113088$ & $-0.0529411$ & $0.00422971$ & $0.018137$ & $0.0930281$ & $-0.00700831$ & $0.0116703$ & $0.00419657$ & $-0.0407934$ & $0.0624398$ & $-0.0209958$ & $-0.064343$ & $-0.0196167$ & $-0.00334016$ & $-0.0018479$ & $-0.0345609$ & $0.0304102$ & $0.0210178$ & $-0.0122308$ & $1$ & $-0.033173$ & $0.0155387$ & $-0.0116992$ \\
eHccpar & $0.00138939$ & $-0.0101327$ & $0.0333401$ & $-0.00251693$ & $-0.00323168$ & $0.0120853$ & $-0.0019178$ & $-0.0231567$ & $-0.020924$ & $0.0124813$ & $0.0178285$ & $-0.0311889$ & $0.0344853$ & $0.00981388$ & $0.0281389$ & $0.0275084$ & $0.00281451$ & $-0.000276774$ & $-0.000689239$ & $-0.0122891$ & $-0.0242825$ & $-0.0273388$ & $-0.0260745$ & $0.0231589$ & $-0.0116076$ & $0.0408371$ & $-0.0459501$ & $-0.0719755$ & $0.0215832$ & $-0.00234577$ & $0.376139$ & $-0.00790965$ & $-0.0102467$ & $-0.0403783$ & $0.0545463$ & $-0.0174895$ & $0.0227437$ & $0.0133601$ & $0.0563196$ & $0.0334613$ & $-0.0189131$ & $0.0230077$ & $-0.00439981$ & $-0.022576$ & $-0.0257204$ & $-0.033173$ & $1$ & $-0.0037933$ & $-0.000811457$ \\
eHbbint & $-0.009722$ & $-0.000761523$ & $0.0144341$ & $-0.00458382$ & $0.0052901$ & $-0.0260795$ & $0.027658$ & $0.0247153$ & $0.0275453$ & $-0.0581044$ & $-0.0114316$ & $-0.0353238$ & $0.0130715$ & $-0.0265509$ & $-0.0218327$ & $-0.0357148$ & $-0.0139952$ & $-0.0119914$ & $-0.00632395$ & $0.00715954$ & $0.0176323$ & $0.0118699$ & $0.00739769$ & $-0.0381077$ & $-0.000129443$ & $-0.0185182$ & $0.043148$ & $0.031536$ & $-0.0342716$ & $-0.00623232$ & $0.0243595$ & $0.0275157$ & $0.184291$ & $0.0413321$ & $0.011452$ & $-0.00773096$ & $-0.0290002$ & $0.0125066$ & $0.0460758$ & $0.00139838$ & $-0.0823432$ & $-0.0175883$ & $-0.015228$ & $0.062912$ & $0.0317616$ & $0.0155387$ & $-0.0037933$ & $1$ & $0.012062$ \\
eHbbpar & $0.0345861$ & $-0.0127356$ & $-0.0149031$ & $0.0294846$ & $-0.0327797$ & $-0.0147201$ & $-0.068641$ & $0.0252806$ & $0.0250903$ & $-7.13555e-05$ & $-0.0350192$ & $-0.0338795$ & $0.0264432$ & $0.0262453$ & $-0.0466184$ & $0.0144762$ & $0.0171059$ & $0.0445766$ & $-0.00307088$ & $0.0279177$ & $0.0386822$ & $0.0376786$ & $0.0216545$ & $0.000462147$ & $0.0057551$ & $-0.0368112$ & $0.025428$ & $-0.0113791$ & $-0.00360508$ & $0.0143609$ & $-0.0111967$ & $-0.0550045$ & $0.489528$ & $0.0546781$ & $0.0281006$ & $0.0602941$ & $0.009514$ & $-0.0202551$ & $-0.00691309$ & $-0.0537319$ & $-0.0204277$ & $-0.0389086$ & $0.00538493$ & $0.0218916$ & $0.00691988$ & $-0.0116992$ & $-0.000811457$ & $0.012062$ & $1$ \\
