 & AlsMz & dAle5Mz & mtop & mHl & Mz & CW & CHG & CHWB & CHWHB_gaga & CHWHB_gagaorth & CHD & CHbox & CH & CHL1_11 & CHL1_22 & CHL1_33 & CHL3_11 & CHL3_22 & CHL3_33 & CHe_11 & CHe_22 & CHe_33 & CHQ1_11 & CHQ1_33 & CHQ3_11 & CHu_11 & CHd_11 & CHd_33 & CeH_22r & CeH_33r & CuH_22r & CuH_33r & CdH_33r & CLL_1221 & eHggint & eHggpar & eHWWint & eHWWpar & eHZZint & eHZZpar & eHZgaint & eHZgapar & eHgagaint & eHmumuint & eHtautauint & eHccint & eHccpar & eHbbint & eHbbpar \\
AlsMz & $1$ & $-0.185335$ & $-0.283352$ & $0.00557697$ & $-0.00822612$ & $0.000522433$ & $0.0228793$ & $0.0964755$ & $0.095168$ & $-0.0880686$ & $-0.0459606$ & $0.00278922$ & $0.0502422$ & $-0.0849921$ & $-0.121422$ & $-0.054287$ & $-0.0823846$ & $-0.0225091$ & $-0.0741882$ & $0.0237453$ & $0.0555493$ & $0.0550905$ & $0.0452646$ & $-0.136097$ & $-0.0700259$ & $-0.0388169$ & $0.205888$ & $0.0277246$ & $-0.00900345$ & $0.0241079$ & $-0.134849$ & $0.0336911$ & $0.0407407$ & $0.186248$ & $-0.450542$ & $0.202607$ & $0.0956137$ & $-0.0414721$ & $-0.0969723$ & $0.328831$ & $0.0387233$ & $-0.171231$ & $-0.0530716$ & $0.408094$ & $0.0862681$ & $-0.0541988$ & $-0.473825$ & $-0.194757$ & $0.0999123$ \\
dAle5Mz & $-0.185335$ & $1$ & $0.411777$ & $-0.41005$ & $-0.00903435$ & $0.0332245$ & $-0.0262574$ & $-0.267486$ & $-0.256253$ & $0.177895$ & $0.184637$ & $0.0402739$ & $-0.0639837$ & $0.0746412$ & $-0.0194021$ & $-0.0975511$ & $0.15427$ & $0.160534$ & $0.20995$ & $-0.161614$ & $-0.181395$ & $-0.187704$ & $-0.132094$ & $0.227529$ & $0.164377$ & $0.159568$ & $-0.172005$ & $-0.0404636$ & $0.0449989$ & $-0.017431$ & $-0.0341218$ & $-0.0259735$ & $-0.0860248$ & $-0.184176$ & $0.261404$ & $-0.00809036$ & $0.231242$ & $-0.0229014$ & $-0.00482111$ & $-0.236745$ & $-0.016016$ & $0.247875$ & $0.278205$ & $-0.0493987$ & $-0.386983$ & $-0.0510974$ & $-0.0684213$ & $-0.143465$ & $-0.21514$ \\
mtop & $-0.283352$ & $0.411777$ & $1$ & $-0.215255$ & $-0.00682146$ & $-0.029911$ & $-0.0104967$ & $-0.129173$ & $-0.124308$ & $0.162707$ & $0.00470251$ & $0.0490767$ & $0.0193435$ & $0.210772$ & $0.0702139$ & $0.0431123$ & $0.238322$ & $0.192653$ & $0.208288$ & $0.0175092$ & $-0.0103281$ & $-0.0138054$ & $-0.0401541$ & $0.225272$ & $0.229353$ & $-0.000381045$ & $-0.117766$ & $-0.0176443$ & $-0.0101727$ & $0.00368908$ & $0.0550474$ & $-0.00082391$ & $-0.0503554$ & $-0.154935$ & $0.230018$ & $0.0369096$ & $0.128945$ & $-0.120637$ & $-0.0635327$ & $-0.236482$ & $-0.26442$ & $0.221108$ & $0.0283757$ & $-0.352728$ & $-0.335201$ & $-0.0557059$ & $0.25652$ & $-0.0810548$ & $-0.257513$ \\
mHl & $0.00557697$ & $-0.41005$ & $-0.215255$ & $1$ & $0.040161$ & $0.0336983$ & $0.150029$ & $0.0776931$ & $0.0903547$ & $-0.0890763$ & $-0.0226508$ & $0.0396142$ & $0.0228773$ & $-0.083713$ & $0.147781$ & $0.200246$ & $-0.143986$ & $-0.188599$ & $-0.221889$ & $0.0364395$ & $-0.00231953$ & $0.00435042$ & $-0.1036$ & $-0.0761567$ & $-0.253998$ & $0.0117389$ & $-0.233914$ & $0.029678$ & $-0.0711262$ & $0.0660586$ & $-0.00412873$ & $0.176784$ & $0.0965247$ & $-0.0778018$ & $0.129839$ & $0.127263$ & $-0.200444$ & $0.0482109$ & $0.0300315$ & $-0.000167379$ & $-0.530684$ & $-0.19155$ & $0.0465087$ & $-0.297031$ & $0.1111$ & $0.0750082$ & $-0.153768$ & $0.538413$ & $0.00409771$ \\
Mz & $-0.00822612$ & $-0.00903435$ & $-0.00682146$ & $0.040161$ & $1$ & $-0.0153757$ & $0.0245914$ & $-0.00587088$ & $-0.00363172$ & $0.0130302$ & $0.00786274$ & $-0.0050097$ & $-0.0121722$ & $0.0120266$ & $0.0333035$ & $0.0371202$ & $0.000107628$ & $-0.0109254$ & $-0.00946272$ & $0.00507334$ & $-0.00476752$ & $-0.00133309$ & $0.000450413$ & $0.0161391$ & $-0.010955$ & $-0.0129924$ & $-0.0431361$ & $0.0128879$ & $-0.0447246$ & $0.000485274$ & $0.00726068$ & $0.0213738$ & $-0.0170292$ & $-0.038377$ & $0.0127926$ & $0.0192956$ & $-0.0424113$ & $0.0251681$ & $0.00990142$ & $0.0177207$ & $-0.0137938$ & $-0.00302964$ & $0.0293875$ & $-0.0274689$ & $0.0182875$ & $0.0114752$ & $0.0105088$ & $0.0105611$ & $0.00245739$ \\
CW & $0.000522433$ & $0.0332245$ & $-0.029911$ & $0.0336983$ & $-0.0153757$ & $1$ & $-0.0161279$ & $-0.126205$ & $-0.126822$ & $0.0306035$ & $0.169434$ & $0.0240269$ & $-0.0105478$ & $0.0509456$ & $-0.0415257$ & $-0.0693416$ & $-0.232535$ & $-0.0449369$ & $-0.0255843$ & $-0.16334$ & $-0.178408$ & $-0.173863$ & $-0.0299773$ & $0.0351011$ & $-0.0772454$ & $0.0913293$ & $-0.119852$ & $-0.0451414$ & $0.0622328$ & $-0.0359097$ & $0.00803413$ & $-0.0202044$ & $-0.0328997$ & $-0.1579$ & $0.0357137$ & $0.0229937$ & $-6.31198e-05$ & $0.0283862$ & $0.0447046$ & $-0.0238409$ & $-0.0308882$ & $0.00325998$ & $0.108845$ & $0.0203951$ & $0.0374995$ & $0.0765424$ & $-0.038511$ & $0.0015514$ & $-0.0308849$ \\
CHG & $0.0228793$ & $-0.0262574$ & $-0.0104967$ & $0.150029$ & $0.0245914$ & $-0.0161279$ & $1$ & $-0.0434034$ & $0.00960863$ & $0.0251025$ & $0.0203349$ & $-0.169249$ & $-0.266757$ & $0.0276021$ & $0.00199122$ & $-0.00500477$ & $0.0434721$ & $0.0397255$ & $0.0470058$ & $-0.0175092$ & $-0.0238166$ & $-0.0246837$ & $0.0168686$ & $0.0665706$ & $0.0489857$ & $0.00802598$ & $-0.00665665$ & $-0.0335073$ & $0.0169365$ & $-0.0788205$ & $-0.0855811$ & $0.93751$ & $-0.113502$ & $-0.0416063$ & $-0.103231$ & $0.0390149$ & $-0.0110967$ & $-0.0229839$ & $-0.0506954$ & $-0.0170488$ & $-0.177822$ & $-0.0032744$ & $-0.0586314$ & $-0.153301$ & $0.0736905$ & $0.0329311$ & $-0.0970853$ & $-0.0202917$ & $-0.0240485$ \\
CHWB & $0.0964755$ & $-0.267486$ & $-0.129173$ & $0.0776931$ & $-0.00587088$ & $-0.126205$ & $-0.0434034$ & $1$ & $0.986026$ & $-0.587297$ & $-0.881168$ & $-0.0610264$ & $0.228971$ & $0.0866823$ & $0.333069$ & $0.355107$ & $-0.25549$ & $-0.457757$ & $-0.473778$ & $0.851684$ & $0.894846$ & $0.878114$ & $0.0788476$ & $-0.681612$ & $-0.46438$ & $-0.53583$ & $0.376638$ & $0.30787$ & $-0.0302603$ & $0.0895746$ & $0.0805995$ & $-0.0307359$ & $0.156543$ & $0.543275$ & $-0.0953631$ & $-0.0476387$ & $-0.16198$ & $-0.0159639$ & $-0.154934$ & $0.119017$ & $0.0578884$ & $-0.120737$ & $-0.168177$ & $0.062421$ & $0.0359029$ & $0.0527263$ & $0.024244$ & $-0.0309554$ & $0.151077$ \\
CHWHB_gaga & $0.095168$ & $-0.256253$ & $-0.124308$ & $0.0903547$ & $-0.00363172$ & $-0.126822$ & $0.00960863$ & $0.986026$ & $1$ & $-0.579128$ & $-0.866235$ & $-0.0476102$ & $0.222721$ & $0.0795371$ & $0.332992$ & $0.354497$ & $-0.258083$ & $-0.459347$ & $-0.474206$ & $0.838099$ & $0.879333$ & $0.86312$ & $0.077381$ & $-0.674522$ & $-0.465383$ & $-0.528805$ & $0.365296$ & $0.301037$ & $-0.0245288$ & $0.111512$ & $0.0906024$ & $0.0135788$ & $0.182441$ & $0.531534$ & $-0.102772$ & $-0.0488259$ & $-0.179622$ & $-0.0239494$ & $-0.165863$ & $0.11553$ & $0.0480443$ & $-0.114327$ & $-0.137354$ & $0.050449$ & $0.0367714$ & $0.0672287$ & $0.0222495$ & $-0.0308124$ & $0.159532$ \\
CHWHB_gagaorth & $-0.0880686$ & $0.177895$ & $0.162707$ & $-0.0890763$ & $0.0130302$ & $0.0306035$ & $0.0251025$ & $-0.587297$ & $-0.579128$ & $1$ & $0.366379$ & $0.360215$ & $-0.164441$ & $0.248952$ & $-0.112108$ & $-0.140334$ & $0.44746$ & $0.492871$ & $0.508289$ & $-0.346326$ & $-0.38435$ & $-0.378622$ & $-0.0629669$ & $0.57984$ & $0.508906$ & $0.22579$ & $-0.258879$ & $-0.168401$ & $0.0577359$ & $-0.101475$ & $-0.0835829$ & $0.040076$ & $-0.150069$ & $-0.384019$ & $0.113915$ & $-0.0281397$ & $0.122052$ & $-0.0119126$ & $0.146523$ & $-0.093515$ & $-0.0428801$ & $0.115954$ & $0.114324$ & $-0.0278766$ & $-0.0489665$ & $-0.0366201$ & $0.0366955$ & $-0.0124213$ & $-0.0943083$ \\
CHD & $-0.0459606$ & $0.184637$ & $0.00470251$ & $-0.0226508$ & $0.00786274$ & $0.169434$ & $0.0203349$ & $-0.881168$ & $-0.866235$ & $0.366379$ & $1$ & $0.16154$ & $-0.0941$ & $-0.501494$ & $-0.44649$ & $-0.454485$ & $-0.19571$ & $0.0943928$ & $0.106747$ & $-0.990318$ & $-0.992029$ & $-0.970142$ & $-0.042725$ & $0.322264$ & $0.0766777$ & $0.60718$ & $-0.24831$ & $-0.328455$ & $0.0180582$ & $-0.0604383$ & $-0.0720006$ & $0.00891692$ & $-0.121079$ & $-0.350393$ & $0.010778$ & $0.104543$ & $0.13025$ & $0.0324764$ & $0.0931169$ & $-0.0746762$ & $-0.0121048$ & $0.0632012$ & $0.143551$ & $-0.0382303$ & $0.0112548$ & $-0.0353876$ & $-0.0746203$ & $0.0428498$ & $-0.12576$ \\
CHbox & $0.00278922$ & $0.0402739$ & $0.0490767$ & $0.0396142$ & $-0.0050097$ & $0.0240269$ & $-0.169249$ & $-0.0610264$ & $-0.0476102$ & $0.360215$ & $0.16154$ & $1$ & $0.684175$ & $-0.233082$ & $0.0616379$ & $0.0354002$ & $-0.219832$ & $-0.219605$ & $-0.195947$ & $-0.139717$ & $-0.171945$ & $-0.160771$ & $-0.0742469$ & $-0.0845262$ & $-0.227669$ & $0.116403$ & $-0.171347$ & $-0.0627988$ & $0.0736161$ & $0.310527$ & $0.107467$ & $-0.0888989$ & $0.3658$ & $-0.107579$ & $0.0940224$ & $-0.00101675$ & $0.0480276$ & $-0.022611$ & $0.0266655$ & $-0.0398409$ & $-0.031912$ & $0.0364524$ & $0.0397212$ & $-0.0232117$ & $-0.0725166$ & $-0.0304$ & $0.0630397$ & $0.0164638$ & $0.000437982$ \\
CH & $0.0502422$ & $-0.0639837$ & $0.0193435$ & $0.0228773$ & $-0.0121722$ & $-0.0105478$ & $-0.266757$ & $0.228971$ & $0.222721$ & $-0.164441$ & $-0.0941$ & $0.684175$ & $1$ & $-0.197131$ & $0.0954153$ & $0.0767551$ & $-0.278171$ & $-0.31332$ & $-0.294947$ & $0.0944806$ & $0.0974267$ & $0.102631$ & $-0.0329475$ & $-0.290432$ & $-0.33878$ & $-0.048767$ & $-0.00894561$ & $0.0402418$ & $0.0368002$ & $0.244068$ & $0.154755$ & $-0.219629$ & $0.321785$ & $0.105046$ & $0.0416686$ & $-0.00986421$ & $0.0134809$ & $-0.0428686$ & $-0.0495728$ & $-0.00100023$ & $0.021834$ & $-0.0268237$ & $-0.0408528$ & $0.0156289$ & $-0.0810602$ & $-0.0374976$ & $0.0761029$ & $0.0141682$ & $0.0390431$ \\
CHL1_11 & $-0.0849921$ & $0.0746412$ & $0.210772$ & $-0.083713$ & $0.0120266$ & $0.0509456$ & $0.0276021$ & $0.0866823$ & $0.0795371$ & $0.248952$ & $-0.501494$ & $-0.233082$ & $-0.197131$ & $1$ & $0.276633$ & $0.245825$ & $0.657101$ & $0.585959$ & $0.593486$ & $0.523289$ & $0.467486$ & $0.451299$ & $-0.0462999$ & $0.477681$ & $0.589577$ & $-0.312915$ & $-0.13583$ & $0.13386$ & $0.0185081$ & $-0.0413292$ & $0.0171036$ & $0.0280881$ & $-0.0254293$ & $-0.23519$ & $0.148038$ & $-0.130905$ & $0.00505019$ & $-0.0380154$ & $0.0712639$ & $-0.0553909$ & $-0.0687581$ & $0.0973138$ & $0.00587455$ & $-0.0277374$ & $-0.0731687$ & $-0.00115461$ & $0.115608$ & $-0.0319493$ & $-0.00401441$ \\
CHL1_22 & $-0.121422$ & $-0.0194021$ & $0.0702139$ & $0.147781$ & $0.0333035$ & $-0.0415257$ & $0.00199122$ & $0.333069$ & $0.332992$ & $-0.112108$ & $-0.44649$ & $0.0616379$ & $0.0954153$ & $0.276633$ & $1$ & $0.446181$ & $0.135657$ & $-0.466331$ & $-0.0446249$ & $0.51108$ & $0.369377$ & $0.363303$ & $-0.172087$ & $0.0569038$ & $-0.137136$ & $-0.214728$ & $-0.403009$ & $0.120529$ & $0.0161426$ & $0.0292572$ & $0.0446074$ & $0.0118683$ & $0.0755333$ & $-0.581925$ & $0.152935$ & $0.0259138$ & $-0.0738106$ & $0.00815158$ & $0.091053$ & $-0.0376768$ & $-0.170282$ & $-0.0157455$ & $0.0502749$ & $-0.141804$ & $-0.0114578$ & $0.0927404$ & $0.0859307$ & $0.0618756$ & $0.0255016$ \\
CHL1_33 & $-0.054287$ & $-0.0975511$ & $0.0431123$ & $0.200246$ & $0.0371202$ & $-0.0693416$ & $-0.00500477$ & $0.355107$ & $0.354497$ & $-0.140334$ & $-0.454485$ & $0.0354002$ & $0.0767551$ & $0.245825$ & $0.446181$ & $1$ & $0.120259$ & $-0.071455$ & $-0.463162$ & $0.512679$ & $0.380161$ & $0.399237$ & $-0.126667$ & $0.0374574$ & $-0.149291$ & $-0.226069$ & $-0.347932$ & $0.138338$ & $-0.00564092$ & $0.0748885$ & $0.0724138$ & $0.0167924$ & $0.109702$ & $-0.0538685$ & $0.103214$ & $0.020192$ & $-0.120436$ & $-0.0379016$ & $0.0181134$ & $0.0279932$ & $-0.165564$ & $-0.0452845$ & $0.0200663$ & $-0.140559$ & $-0.00251467$ & $0.0731765$ & $0.0904822$ & $0.0833597$ & $0.055821$ \\
CHL3_11 & $-0.0823846$ & $0.15427$ & $0.238322$ & $-0.143986$ & $0.000107628$ & $-0.232535$ & $0.0434721$ & $-0.25549$ & $-0.258083$ & $0.44746$ & $-0.19571$ & $-0.219832$ & $-0.278171$ & $0.657101$ & $0.135657$ & $0.120259$ & $1$ & $0.740745$ & $0.740576$ & $0.219169$ & $0.171803$ & $0.162149$ & $-0.0314493$ & $0.677685$ & $0.803654$ & $-0.124307$ & $-0.144317$ & $0.0300949$ & $0.0160734$ & $-0.0578419$ & $-0.0333406$ & $0.0375532$ & $-0.0772021$ & $-0.247227$ & $0.124126$ & $-0.12654$ & $0.0688722$ & $-0.0373539$ & $0.098247$ & $-0.0753691$ & $-0.0582929$ & $0.0977299$ & $0.0224397$ & $-0.0206132$ & $-0.0903776$ & $-0.0568323$ & $0.0929628$ & $-0.0398821$ & $-0.0433199$ \\
CHL3_22 & $-0.0225091$ & $0.160534$ & $0.192653$ & $-0.188599$ & $-0.0109254$ & $-0.0449369$ & $0.0397255$ & $-0.457757$ & $-0.459347$ & $0.492871$ & $0.0943928$ & $-0.219605$ & $-0.31332$ & $0.585959$ & $-0.466331$ & $-0.071455$ & $0.740745$ & $1$ & $0.68403$ & $-0.0948253$ & $-0.0847266$ & $-0.0874693$ & $0.0417159$ & $0.643483$ & $0.807025$ & $0.0207649$ & $0.00472225$ & $-0.0465246$ & $0.0103987$ & $-0.0702799$ & $-0.0402895$ & $0.0325907$ & $-0.113017$ & $0.0306072$ & $0.0632294$ & $-0.119451$ & $0.105055$ & $-0.0375464$ & $0.0563564$ & $-0.0572673$ & $0.0164657$ & $0.117647$ & $0.0146099$ & $0.0372638$ & $-0.0791971$ & $-0.0919486$ & $0.0455264$ & $-0.0560273$ & $-0.0662562$ \\
CHL3_33 & $-0.0741882$ & $0.20995$ & $0.208288$ & $-0.221889$ & $-0.00946272$ & $-0.0255843$ & $0.0470058$ & $-0.473778$ & $-0.474206$ & $0.508289$ & $0.106747$ & $-0.195947$ & $-0.294947$ & $0.593486$ & $-0.0446249$ & $-0.463162$ & $0.740576$ & $0.68403$ & $1$ & $-0.102439$ & $-0.0984165$ & $-0.0978638$ & $0.00620191$ & $0.650634$ & $0.807882$ & $0.0353981$ & $-0.0338087$ & $-0.0622303$ & $0.0283429$ & $-0.102992$ & $-0.0638624$ & $0.0293885$ & $-0.136327$ & $-0.372937$ & $0.0919928$ & $-0.115599$ & $0.135677$ & $-0.00493716$ & $0.111785$ & $-0.102651$ & $0.0126507$ & $0.139672$ & $0.0365897$ & $0.0380191$ & $-0.0848716$ & $-0.074623$ & $0.0432152$ & $-0.0644409$ & $-0.0835833$ \\
CHe_11 & $0.0237453$ & $-0.161614$ & $0.0175092$ & $0.0364395$ & $0.00507334$ & $-0.16334$ & $-0.0175092$ & $0.851684$ & $0.838099$ & $-0.346326$ & $-0.990318$ & $-0.139717$ & $0.0944806$ & $0.523289$ & $0.51108$ & $0.512679$ & $0.219169$ & $-0.0948253$ & $-0.102439$ & $1$ & $0.973808$ & $0.952634$ & $0.0172945$ & $-0.268172$ & $-0.0643361$ & $-0.596$ & $0.170242$ & $0.324249$ & $-0.0144209$ & $0.0609219$ & $0.077025$ & $-0.00449564$ & $0.120359$ & $0.268119$ & $0.0194524$ & $-0.0949275$ & $-0.125057$ & $-0.0292118$ & $-0.0721216$ & $0.059641$ & $-0.0131155$ & $-0.0557507$ & $-0.125748$ & $0.0126405$ & $-0.0227441$ & $0.0398269$ & $0.0840259$ & $-0.0320535$ & $0.113248$ \\
CHe_22 & $0.0555493$ & $-0.181395$ & $-0.0103281$ & $-0.00231953$ & $-0.00476752$ & $-0.178408$ & $-0.0238166$ & $0.894846$ & $0.879333$ & $-0.38435$ & $-0.992029$ & $-0.171945$ & $0.0974267$ & $0.467486$ & $0.369377$ & $0.380161$ & $0.171803$ & $-0.0847266$ & $-0.0984165$ & $0.973808$ & $1$ & $0.973833$ & $0.0672127$ & $-0.368261$ & $-0.082498$ & $-0.609961$ & $0.322601$ & $0.329615$ & $-0.0204891$ & $0.059312$ & $0.0698817$ & $-0.0140481$ & $0.117211$ & $0.429562$ & $-0.0292052$ & $-0.112833$ & $-0.125093$ & $-0.0336296$ & $-0.1113$ & $0.0777562$ & $0.0381579$ & $-0.0639125$ & $-0.156056$ & $0.0579638$ & $-0.0137679$ & $0.0263327$ & $0.0678814$ & $-0.0555135$ & $0.126403$ \\
CHe_33 & $0.0550905$ & $-0.187704$ & $-0.0138054$ & $0.00435042$ & $-0.00133309$ & $-0.173863$ & $-0.0246837$ & $0.878114$ & $0.86312$ & $-0.378622$ & $-0.970142$ & $-0.160771$ & $0.102631$ & $0.451299$ & $0.363303$ & $0.399237$ & $0.162149$ & $-0.0874693$ & $-0.0978638$ & $0.952634$ & $0.973833$ & $1$ & $0.0616058$ & $-0.365936$ & $-0.0837448$ & $-0.593516$ & $0.315662$ & $0.324299$ & $-0.0165458$ & $0.0662214$ & $0.0707048$ & $-0.0136469$ & $0.124942$ & $0.423207$ & $-0.0379933$ & $-0.111154$ & $-0.132945$ & $-0.0345528$ & $-0.114457$ & $0.0820422$ & $0.0352618$ & $-0.0612204$ & $-0.148803$ & $0.0566443$ & $-0.0104796$ & $0.0360603$ & $0.0724098$ & $-0.0486785$ & $0.130089$ \\
CHQ1_11 & $0.0452646$ & $-0.132094$ & $-0.0401541$ & $-0.1036$ & $0.000450413$ & $-0.0299773$ & $0.0168686$ & $0.0788476$ & $0.077381$ & $-0.0629669$ & $-0.042725$ & $-0.0742469$ & $-0.0329475$ & $-0.0462999$ & $-0.172087$ & $-0.126667$ & $-0.0314493$ & $0.0417159$ & $0.00620191$ & $0.0172945$ & $0.0672127$ & $0.0616058$ & $1$ & $-0.108483$ & $0.091346$ & $-0.668898$ & $0.365103$ & $0.0407307$ & $-0.00481024$ & $-0.0436084$ & $-0.0443571$ & $-0.0100117$ & $-0.0425511$ & $0.215709$ & $-0.135859$ & $-0.064377$ & $-0.111207$ & $0.0158805$ & $-0.0647172$ & $0.0413566$ & $0.16962$ & $-0.0153913$ & $-0.0467126$ & $0.0832791$ & $0.0762101$ & $0.0471015$ & $0.0435113$ & $-0.0801995$ & $0.0663613$ \\
CHQ1_33 & $-0.136097$ & $0.227529$ & $0.225272$ & $-0.0761567$ & $0.0161391$ & $0.0351011$ & $0.0665706$ & $-0.681612$ & $-0.674522$ & $0.57984$ & $0.322264$ & $-0.0845262$ & $-0.290432$ & $0.477681$ & $0.0569038$ & $0.0374574$ & $0.677685$ & $0.643483$ & $0.650634$ & $-0.268172$ & $-0.368261$ & $-0.365936$ & $-0.108483$ & $1$ & $0.683278$ & $0.197076$ & $-0.398785$ & $-0.0422006$ & $0.0219922$ & $-0.09429$ & $-0.053347$ & $0.0539812$ & $-0.135344$ & $-0.612604$ & $0.178148$ & $-0.0564684$ & $0.105395$ & $-0.0135902$ & $0.157537$ & $-0.125466$ & $-0.106914$ & $0.138895$ & $0.111837$ & $-0.0896273$ & $-0.079598$ & $-0.0424669$ & $0.0677381$ & $0.021329$ & $-0.108417$ \\
CHQ3_11 & $-0.0700259$ & $0.164377$ & $0.229353$ & $-0.253998$ & $-0.010955$ & $-0.0772454$ & $0.0489857$ & $-0.46438$ & $-0.465383$ & $0.508906$ & $0.0766777$ & $-0.227669$ & $-0.33878$ & $0.589577$ & $-0.137136$ & $-0.149291$ & $0.803654$ & $0.807025$ & $0.807882$ & $-0.0643361$ & $-0.082498$ & $-0.0837448$ & $0.091346$ & $0.683278$ & $1$ & $0.016338$ & $0.155177$ & $-0.052523$ & $0.0137149$ & $-0.099425$ & $-0.0690563$ & $0.0250392$ & $-0.148259$ & $-0.250458$ & $0.0271505$ & $-0.156913$ & $0.0821439$ & $-0.0235454$ & $0.0450368$ & $-0.075736$ & $0.0402942$ & $0.143554$ & $0.0114016$ & $0.0360156$ & $-0.0815661$ & $-0.0741961$ & $0.0688212$ & $-0.081725$ & $-0.0599901$ \\
CHu_11 & $-0.0388169$ & $0.159568$ & $-0.000381045$ & $0.0117389$ & $-0.0129924$ & $0.0913293$ & $0.00802598$ & $-0.53583$ & $-0.528805$ & $0.22579$ & $0.60718$ & $0.116403$ & $-0.048767$ & $-0.312915$ & $-0.214728$ & $-0.226069$ & $-0.124307$ & $0.0207649$ & $0.0353981$ & $-0.596$ & $-0.609961$ & $-0.593516$ & $-0.668898$ & $0.197076$ & $0.016338$ & $1$ & $-0.181555$ & $-0.216975$ & $-0.000316024$ & $-0.0166571$ & $-0.0120826$ & $0.0151836$ & $-0.0513467$ & $-0.258112$ & $0.0267663$ & $0.0867479$ & $0.150403$ & $0.0149513$ & $0.0648925$ & $-0.0480192$ & $-0.069189$ & $0.0456286$ & $0.0666654$ & $-0.0446131$ & $-0.0420398$ & $-0.0660215$ & $-0.094882$ & $0.0645995$ & $-0.106682$ \\
CHd_11 & $0.205888$ & $-0.172005$ & $-0.117766$ & $-0.233914$ & $-0.0431361$ & $-0.119852$ & $-0.00665665$ & $0.376638$ & $0.365296$ & $-0.258879$ & $-0.24831$ & $-0.171347$ & $-0.00894561$ & $-0.13583$ & $-0.403009$ & $-0.347932$ & $-0.144317$ & $0.00472225$ & $-0.0338087$ & $0.170242$ & $0.322601$ & $0.315662$ & $0.365103$ & $-0.398785$ & $0.155177$ & $-0.181555$ & $1$ & $0.0916494$ & $-0.0441228$ & $-0.0174456$ & $-0.0408594$ & $-0.0338538$ & $-0.0270808$ & $0.674587$ & $-0.319536$ & $-0.13101$ & $-0.0556844$ & $-0.00667926$ & $-0.238844$ & $0.122677$ & $0.280651$ & $-0.0297102$ & $-0.212291$ & $0.239565$ & $0.0222821$ & $-0.0589119$ & $-0.0681834$ & $-0.154818$ & $0.0992927$ \\
CHd_33 & $0.0277246$ & $-0.0404636$ & $-0.0176443$ & $0.029678$ & $0.0128879$ & $-0.0451414$ & $-0.0335073$ & $0.30787$ & $0.301037$ & $-0.168401$ & $-0.328455$ & $-0.0627988$ & $0.0402418$ & $0.13386$ & $0.120529$ & $0.138338$ & $0.0300949$ & $-0.0465246$ & $-0.0622303$ & $0.324249$ & $0.329615$ & $0.324299$ & $0.0407307$ & $-0.0422006$ & $-0.052523$ & $-0.216975$ & $0.0916494$ & $1$ & $-0.00690955$ & $0.0120194$ & $0.0302188$ & $-0.0240303$ & $0.0452978$ & $0.153682$ & $0.0436339$ & $-0.0805178$ & $-0.0678133$ & $-0.00947732$ & $-0.0783492$ & $0.0367654$ & $-0.00272056$ & $-0.0547208$ & $-0.0220013$ & $0.0407593$ & $-0.00694543$ & $0.0543717$ & $0.019381$ & $-0.011377$ & $0.0508424$ \\
CeH_22r & $-0.00900345$ & $0.0449989$ & $-0.0101727$ & $-0.0711262$ & $-0.0447246$ & $0.0622328$ & $0.0169365$ & $-0.0302603$ & $-0.0245288$ & $0.0577359$ & $0.0180582$ & $0.0736161$ & $0.0368002$ & $0.0185081$ & $0.0161426$ & $-0.00564092$ & $0.0160734$ & $0.0103987$ & $0.0283429$ & $-0.0144209$ & $-0.0204891$ & $-0.0165458$ & $-0.00481024$ & $0.0219922$ & $0.0137149$ & $-0.000316024$ & $-0.0441228$ & $-0.00690955$ & $1$ & $0.00523583$ & $-0.00833663$ & $0.000621305$ & $0.0067578$ & $-0.0426452$ & $0.0132541$ & $-0.0673807$ & $0.0333945$ & $0.0206859$ & $0.0102585$ & $-0.0317342$ & $0.0721708$ & $0.0154844$ & $0.00353069$ & $0.0480663$ & $0.0588766$ & $0.0303126$ & $0.0383071$ & $-0.00700366$ & $-0.0226321$ \\
CeH_33r & $0.0241079$ & $-0.017431$ & $0.00368908$ & $0.0660586$ & $0.000485274$ & $-0.0359097$ & $-0.0788205$ & $0.0895746$ & $0.111512$ & $-0.101475$ & $-0.0604383$ & $0.310527$ & $0.244068$ & $-0.0413292$ & $0.0292572$ & $0.0748885$ & $-0.0578419$ & $-0.0702799$ & $-0.102992$ & $0.0609219$ & $0.059312$ & $0.0662214$ & $-0.0436084$ & $-0.09429$ & $-0.099425$ & $-0.0166571$ & $-0.0174456$ & $0.0120194$ & $0.00523583$ & $1$ & $0.35042$ & $0.0695073$ & $0.712424$ & $0.0564494$ & $-0.0166427$ & $-0.116863$ & $-0.119177$ & $-0.0258136$ & $-0.0528934$ & $0.00667782$ & $-0.0592548$ & $0.0225604$ & $0.0180234$ & $-0.0455781$ & $-0.0300564$ & $-0.0118302$ & $0.110372$ & $0.0600078$ & $0.149325$ \\
CuH_22r & $-0.134849$ & $-0.0341218$ & $0.0550474$ & $-0.00412873$ & $0.00726068$ & $0.00803413$ & $-0.0855811$ & $0.0805995$ & $0.0906024$ & $-0.0835829$ & $-0.0720006$ & $0.107467$ & $0.154755$ & $0.0171036$ & $0.0446074$ & $0.0724138$ & $-0.0333406$ & $-0.0402895$ & $-0.0638624$ & $0.077025$ & $0.0698817$ & $0.0707048$ & $-0.0443571$ & $-0.053347$ & $-0.0690563$ & $-0.0120826$ & $-0.0408594$ & $0.0302188$ & $-0.00833663$ & $0.35042$ & $1$ & $-0.000993229$ & $0.434077$ & $0.0245832$ & $0.0109337$ & $-0.159121$ & $-0.129982$ & $-0.0297397$ & $-0.0969069$ & $0.00176413$ & $0.01505$ & $0.0198254$ & $-0.021782$ & $-0.0735522$ & $-0.0778123$ & $-0.0406854$ & $0.31614$ & $0.0271053$ & $0.143894$ \\
CuH_33r & $0.0336911$ & $-0.0259735$ & $-0.00082391$ & $0.176784$ & $0.0213738$ & $-0.0202044$ & $0.93751$ & $-0.0307359$ & $0.0135788$ & $0.040076$ & $0.00891692$ & $-0.0888989$ & $-0.219629$ & $0.0280881$ & $0.0118683$ & $0.0167924$ & $0.0375532$ & $0.0325907$ & $0.0293885$ & $-0.00449564$ & $-0.0140481$ & $-0.0136469$ & $-0.0100117$ & $0.0539812$ & $0.0250392$ & $0.0151836$ & $-0.0338538$ & $-0.0240303$ & $0.000621305$ & $0.0695073$ & $-0.000993229$ & $1$ & $0.0678896$ & $-0.0385939$ & $-0.0764129$ & $0.0388269$ & $-0.0133376$ & $-0.0158865$ & $-0.0350587$ & $-0.0157652$ & $-0.204128$ & $-0.00694995$ & $-0.0577047$ & $-0.167157$ & $0.0650202$ & $0.0282205$ & $-0.087555$ & $-0.0157003$ & $-0.0169509$ \\
CdH_33r & $0.0407407$ & $-0.0860248$ & $-0.0503554$ & $0.0965247$ & $-0.0170292$ & $-0.0328997$ & $-0.113502$ & $0.156543$ & $0.182441$ & $-0.150069$ & $-0.121079$ & $0.3658$ & $0.321785$ & $-0.0254293$ & $0.0755333$ & $0.109702$ & $-0.0772021$ & $-0.113017$ & $-0.136327$ & $0.120359$ & $0.117211$ & $0.124942$ & $-0.0425511$ & $-0.135344$ & $-0.148259$ & $-0.0513467$ & $-0.0270808$ & $0.0452978$ & $0.0067578$ & $0.712424$ & $0.434077$ & $0.0678896$ & $1$ & $0.0689367$ & $-0.0981315$ & $-0.258234$ & $-0.329788$ & $-0.0740026$ & $-0.0946868$ & $0.0214355$ & $-0.0485187$ & $0.0404919$ & $0.0497263$ & $0.0253216$ & $-0.0849572$ & $0.0316743$ & $0.245638$ & $0.0771958$ & $0.445016$ \\
CLL_1221 & $0.186248$ & $-0.184176$ & $-0.154935$ & $-0.0778018$ & $-0.038377$ & $-0.1579$ & $-0.0416063$ & $0.543275$ & $0.531534$ & $-0.384019$ & $-0.350393$ & $-0.107579$ & $0.105046$ & $-0.23519$ & $-0.581925$ & $-0.0538685$ & $-0.247227$ & $0.0306072$ & $-0.372937$ & $0.268119$ & $0.429562$ & $0.423207$ & $0.215709$ & $-0.612604$ & $-0.250458$ & $-0.258112$ & $0.674587$ & $0.153682$ & $-0.0426452$ & $0.0564494$ & $0.0245832$ & $-0.0385939$ & $0.0689367$ & $1$ & $-0.215609$ & $-0.066205$ & $-0.0666413$ & $-0.0258496$ & $-0.216376$ & $0.133456$ & $0.193672$ & $-0.0912265$ & $-0.185376$ & $0.175494$ & $0.0276114$ & $-0.0449289$ & $-0.0536225$ & $-0.0859942$ & $0.103779$ \\
eHggint & $-0.450542$ & $0.261404$ & $0.230018$ & $0.129839$ & $0.0127926$ & $0.0357137$ & $-0.103231$ & $-0.0953631$ & $-0.102772$ & $0.113915$ & $0.010778$ & $0.0940224$ & $0.0416686$ & $0.148038$ & $0.152935$ & $0.103214$ & $0.124126$ & $0.0632294$ & $0.0919928$ & $0.0194524$ & $-0.0292052$ & $-0.0379933$ & $-0.135859$ & $0.178148$ & $0.0271505$ & $0.0267663$ & $-0.319536$ & $0.0436339$ & $0.0132541$ & $-0.0166427$ & $0.0109337$ & $-0.0764129$ & $-0.0981315$ & $-0.215609$ & $1$ & $-0.0763504$ & $0.208928$ & $-0.115606$ & $0.360208$ & $-0.193281$ & $-0.202445$ & $0.113411$ & $-0.0276847$ & $-0.125759$ & $-0.0207107$ & $-0.0502234$ & $0.0682387$ & $-0.0159448$ & $-0.349748$ \\
eHggpar & $0.202607$ & $-0.00809036$ & $0.0369096$ & $0.127263$ & $0.0192956$ & $0.0229937$ & $0.0390149$ & $-0.0476387$ & $-0.0488259$ & $-0.0281397$ & $0.104543$ & $-0.00101675$ & $-0.00986421$ & $-0.130905$ & $0.0259138$ & $0.020192$ & $-0.12654$ & $-0.119451$ & $-0.115599$ & $-0.0949275$ & $-0.112833$ & $-0.111154$ & $-0.064377$ & $-0.0564684$ & $-0.156913$ & $0.0867479$ & $-0.13101$ & $-0.0805178$ & $-0.0673807$ & $-0.116863$ & $-0.159121$ & $0.0388269$ & $-0.258234$ & $-0.066205$ & $-0.0763504$ & $1$ & $0.163603$ & $0.201784$ & $0.114184$ & $-0.0257609$ & $-0.202453$ & $-0.150379$ & $0.00228916$ & $-0.255352$ & $0.142806$ & $0.260275$ & $-0.550579$ & $0.0829402$ & $-0.500153$ \\
eHWWint & $0.0956137$ & $0.231242$ & $0.128945$ & $-0.200444$ & $-0.0424113$ & $-6.31198e-05$ & $-0.0110967$ & $-0.16198$ & $-0.179622$ & $0.122052$ & $0.13025$ & $0.0480276$ & $0.0134809$ & $0.00505019$ & $-0.0738106$ & $-0.120436$ & $0.0688722$ & $0.105055$ & $0.135677$ & $-0.125057$ & $-0.125093$ & $-0.132945$ & $-0.111207$ & $0.105395$ & $0.0821439$ & $0.150403$ & $-0.0556844$ & $-0.0678133$ & $0.0333945$ & $-0.119177$ & $-0.129982$ & $-0.0133376$ & $-0.329788$ & $-0.0666413$ & $0.208928$ & $0.163603$ & $1$ & $0.0246542$ & $0.125959$ & $0.0411873$ & $-0.0404393$ & $0.0128$ & $-0.389063$ & $0.0564947$ & $-0.165985$ & $-0.524628$ & $-0.314972$ & $-0.10864$ & $-0.700282$ \\
eHWWpar & $-0.0414721$ & $-0.0229014$ & $-0.120637$ & $0.0482109$ & $0.0251681$ & $0.0283862$ & $-0.0229839$ & $-0.0159639$ & $-0.0239494$ & $-0.0119126$ & $0.0324764$ & $-0.022611$ & $-0.0428686$ & $-0.0380154$ & $0.00815158$ & $-0.0379016$ & $-0.0373539$ & $-0.0375464$ & $-0.00493716$ & $-0.0292118$ & $-0.0336296$ & $-0.0345528$ & $0.0158805$ & $-0.0135902$ & $-0.0235454$ & $0.0149513$ & $-0.00667926$ & $-0.00947732$ & $0.0206859$ & $-0.0258136$ & $-0.0297397$ & $-0.0158865$ & $-0.0740026$ & $-0.0258496$ & $-0.115606$ & $0.201784$ & $0.0246542$ & $1$ & $0.164773$ & $-0.0293232$ & $0.119553$ & $-0.0295086$ & $-0.0198779$ & $-0.0692829$ & $0.198228$ & $0.0391023$ & $-0.156444$ & $0.0906411$ & $-0.169422$ \\
eHZZint & $-0.0969723$ & $-0.00482111$ & $-0.0635327$ & $0.0300315$ & $0.00990142$ & $0.0447046$ & $-0.0506954$ & $-0.154934$ & $-0.165863$ & $0.146523$ & $0.0931169$ & $0.0266655$ & $-0.0495728$ & $0.0712639$ & $0.091053$ & $0.0181134$ & $0.098247$ & $0.0563564$ & $0.111785$ & $-0.0721216$ & $-0.1113$ & $-0.114457$ & $-0.0647172$ & $0.157537$ & $0.0450368$ & $0.0648925$ & $-0.238844$ & $-0.0783492$ & $0.0102585$ & $-0.0528934$ & $-0.0969069$ & $-0.0350587$ & $-0.0946868$ & $-0.216376$ & $0.360208$ & $0.114184$ & $0.125959$ & $0.164773$ & $1$ & $-0.138541$ & $0.123374$ & $-0.104541$ & $-0.00978083$ & $0.0744366$ & $0.162337$ & $0.109138$ & $-0.187209$ & $0.151426$ & $-0.137673$ \\
eHZZpar & $0.328831$ & $-0.236745$ & $-0.236482$ & $-0.000167379$ & $0.0177207$ & $-0.0238409$ & $-0.0170488$ & $0.119017$ & $0.11553$ & $-0.093515$ & $-0.0746762$ & $-0.0398409$ & $-0.00100023$ & $-0.0553909$ & $-0.0376768$ & $0.0279932$ & $-0.0753691$ & $-0.0572673$ & $-0.102651$ & $0.059641$ & $0.0777562$ & $0.0820422$ & $0.0413566$ & $-0.125466$ & $-0.075736$ & $-0.0480192$ & $0.122677$ & $0.0367654$ & $-0.0317342$ & $0.00667782$ & $0.00176413$ & $-0.0157652$ & $0.0214355$ & $0.133456$ & $-0.193281$ & $-0.0257609$ & $0.0411873$ & $-0.0293232$ & $-0.138541$ & $1$ & $0.00495881$ & $-0.0392816$ & $-0.127515$ & $0.187836$ & $0.0737677$ & $0.00394467$ & $-0.123392$ & $0.0143187$ & $0.0683803$ \\
eHZgaint & $0.0387233$ & $-0.016016$ & $-0.26442$ & $-0.530684$ & $-0.0137938$ & $-0.0308882$ & $-0.177822$ & $0.0578884$ & $0.0480443$ & $-0.0428801$ & $-0.0121048$ & $-0.031912$ & $0.021834$ & $-0.0687581$ & $-0.170282$ & $-0.165564$ & $-0.0582929$ & $0.0164657$ & $0.0126507$ & $-0.0131155$ & $0.0381579$ & $0.0352618$ & $0.16962$ & $-0.106914$ & $0.0402942$ & $-0.069189$ & $0.280651$ & $-0.00272056$ & $0.0721708$ & $-0.0592548$ & $0.01505$ & $-0.204128$ & $-0.0485187$ & $0.193672$ & $-0.202445$ & $-0.202453$ & $-0.0404393$ & $0.119553$ & $0.123374$ & $0.00495881$ & $1$ & $-0.046493$ & $0.0497563$ & $0.509291$ & $0.134705$ & $-0.028266$ & $0.180786$ & $-0.419241$ & $0.143957$ \\
eHZgapar & $-0.171231$ & $0.247875$ & $0.221108$ & $-0.19155$ & $-0.00302964$ & $0.00325998$ & $-0.0032744$ & $-0.120737$ & $-0.114327$ & $0.115954$ & $0.0632012$ & $0.0364524$ & $-0.0268237$ & $0.0973138$ & $-0.0157455$ & $-0.0452845$ & $0.0977299$ & $0.117647$ & $0.139672$ & $-0.0557507$ & $-0.0639125$ & $-0.0612204$ & $-0.0153913$ & $0.138895$ & $0.143554$ & $0.0456286$ & $-0.0297102$ & $-0.0547208$ & $0.0154844$ & $0.0225604$ & $0.0198254$ & $-0.00694995$ & $0.0404919$ & $-0.0912265$ & $0.113411$ & $-0.150379$ & $0.0128$ & $-0.0295086$ & $-0.104541$ & $-0.0392816$ & $-0.046493$ & $1$ & $0.0638649$ & $-0.0732331$ & $-0.128938$ & $-0.0489254$ & $0.177828$ & $0.0555671$ & $0.0380214$ \\
eHgagaint & $-0.0530716$ & $0.278205$ & $0.0283757$ & $0.0465087$ & $0.0293875$ & $0.108845$ & $-0.0586314$ & $-0.168177$ & $-0.137354$ & $0.114324$ & $0.143551$ & $0.0397212$ & $-0.0408528$ & $0.00587455$ & $0.0502749$ & $0.0200663$ & $0.0224397$ & $0.0146099$ & $0.0365897$ & $-0.125748$ & $-0.156056$ & $-0.148803$ & $-0.0467126$ & $0.111837$ & $0.0114016$ & $0.0666654$ & $-0.212291$ & $-0.0220013$ & $0.00353069$ & $0.0180234$ & $-0.021782$ & $-0.0577047$ & $0.0497263$ & $-0.185376$ & $-0.0276847$ & $0.00228916$ & $-0.389063$ & $-0.0198779$ & $-0.00978083$ & $-0.127515$ & $0.0497563$ & $0.0638649$ & $1$ & $-0.0128714$ & $0.121981$ & $0.438267$ & $-0.112885$ & $-0.0890867$ & $0.14687$ \\
eHmumuint & $0.408094$ & $-0.0493987$ & $-0.352728$ & $-0.297031$ & $-0.0274689$ & $0.0203951$ & $-0.153301$ & $0.062421$ & $0.050449$ & $-0.0278766$ & $-0.0382303$ & $-0.0232117$ & $0.0156289$ & $-0.0277374$ & $-0.141804$ & $-0.140559$ & $-0.0206132$ & $0.0372638$ & $0.0380191$ & $0.0126405$ & $0.0579638$ & $0.0566443$ & $0.0832791$ & $-0.0896273$ & $0.0360156$ & $-0.0446131$ & $0.239565$ & $0.0407593$ & $0.0480663$ & $-0.0455781$ & $-0.0735522$ & $-0.167157$ & $0.0253216$ & $0.175494$ & $-0.125759$ & $-0.255352$ & $0.0564947$ & $-0.0692829$ & $0.0744366$ & $0.187836$ & $0.509291$ & $-0.0732331$ & $-0.0128714$ & $1$ & $0.0417418$ & $-0.0120196$ & $-0.0785206$ & $-0.349256$ & $0.314531$ \\
eHtautauint & $0.0862681$ & $-0.386983$ & $-0.335201$ & $0.1111$ & $0.0182875$ & $0.0374995$ & $0.0736905$ & $0.0359029$ & $0.0367714$ & $-0.0489665$ & $0.0112548$ & $-0.0725166$ & $-0.0810602$ & $-0.0731687$ & $-0.0114578$ & $-0.00251467$ & $-0.0903776$ & $-0.0791971$ & $-0.0848716$ & $-0.0227441$ & $-0.0137679$ & $-0.0104796$ & $0.0762101$ & $-0.079598$ & $-0.0815661$ & $-0.0420398$ & $0.0222821$ & $-0.00694543$ & $0.0588766$ & $-0.0300564$ & $-0.0778123$ & $0.0650202$ & $-0.0849572$ & $0.0276114$ & $-0.0207107$ & $0.142806$ & $-0.165985$ & $0.198228$ & $0.162337$ & $0.0737677$ & $0.134705$ & $-0.128938$ & $0.121981$ & $0.0417418$ & $1$ & $0.426122$ & $-0.281077$ & $-0.0089652$ & $-0.0856539$ \\
eHccint & $-0.0541988$ & $-0.0510974$ & $-0.0557059$ & $0.0750082$ & $0.0114752$ & $0.0765424$ & $0.0329311$ & $0.0527263$ & $0.0672287$ & $-0.0366201$ & $-0.0353876$ & $-0.0304$ & $-0.0374976$ & $-0.00115461$ & $0.0927404$ & $0.0731765$ & $-0.0568323$ & $-0.0919486$ & $-0.074623$ & $0.0398269$ & $0.0263327$ & $0.0360603$ & $0.0471015$ & $-0.0424669$ & $-0.0741961$ & $-0.0660215$ & $-0.0589119$ & $0.0543717$ & $0.0303126$ & $-0.0118302$ & $-0.0406854$ & $0.0282205$ & $0.0316743$ & $-0.0449289$ & $-0.0502234$ & $0.260275$ & $-0.524628$ & $0.0391023$ & $0.109138$ & $0.00394467$ & $-0.028266$ & $-0.0489254$ & $0.438267$ & $-0.0120196$ & $0.426122$ & $1$ & $-0.252759$ & $0.113252$ & $0.117565$ \\
eHccpar & $-0.473825$ & $-0.0684213$ & $0.25652$ & $-0.153768$ & $0.0105088$ & $-0.038511$ & $-0.0970853$ & $0.024244$ & $0.0222495$ & $0.0366955$ & $-0.0746203$ & $0.0630397$ & $0.0761029$ & $0.115608$ & $0.0859307$ & $0.0904822$ & $0.0929628$ & $0.0455264$ & $0.0432152$ & $0.0840259$ & $0.0678814$ & $0.0724098$ & $0.0435113$ & $0.0677381$ & $0.0688212$ & $-0.094882$ & $-0.0681834$ & $0.019381$ & $0.0383071$ & $0.110372$ & $0.31614$ & $-0.087555$ & $0.245638$ & $-0.0536225$ & $0.0682387$ & $-0.550579$ & $-0.314972$ & $-0.156444$ & $-0.187209$ & $-0.123392$ & $0.180786$ & $0.177828$ & $-0.112885$ & $-0.0785206$ & $-0.281077$ & $-0.252759$ & $1$ & $-0.0227437$ & $0.385067$ \\
eHbbint & $-0.194757$ & $-0.143465$ & $-0.0810548$ & $0.538413$ & $0.0105611$ & $0.0015514$ & $-0.0202917$ & $-0.0309554$ & $-0.0308124$ & $-0.0124213$ & $0.0428498$ & $0.0164638$ & $0.0141682$ & $-0.0319493$ & $0.0618756$ & $0.0833597$ & $-0.0398821$ & $-0.0560273$ & $-0.0644409$ & $-0.0320535$ & $-0.0555135$ & $-0.0486785$ & $-0.0801995$ & $0.021329$ & $-0.081725$ & $0.0645995$ & $-0.154818$ & $-0.011377$ & $-0.00700366$ & $0.0600078$ & $0.0271053$ & $-0.0157003$ & $0.0771958$ & $-0.0859942$ & $-0.0159448$ & $0.0829402$ & $-0.10864$ & $0.0906411$ & $0.151426$ & $0.0143187$ & $-0.419241$ & $0.0555671$ & $-0.0890867$ & $-0.349256$ & $-0.0089652$ & $0.113252$ & $-0.0227437$ & $1$ & $-0.0158653$ \\
eHbbpar & $0.0999123$ & $-0.21514$ & $-0.257513$ & $0.00409771$ & $0.00245739$ & $-0.0308849$ & $-0.0240485$ & $0.151077$ & $0.159532$ & $-0.0943083$ & $-0.12576$ & $0.000437982$ & $0.0390431$ & $-0.00401441$ & $0.0255016$ & $0.055821$ & $-0.0433199$ & $-0.0662562$ & $-0.0835833$ & $0.113248$ & $0.126403$ & $0.130089$ & $0.0663613$ & $-0.108417$ & $-0.0599901$ & $-0.106682$ & $0.0992927$ & $0.0508424$ & $-0.0226321$ & $0.149325$ & $0.143894$ & $-0.0169509$ & $0.445016$ & $0.103779$ & $-0.349748$ & $-0.500153$ & $-0.700282$ & $-0.169422$ & $-0.137673$ & $0.0683803$ & $0.143957$ & $0.0380214$ & $0.14687$ & $0.314531$ & $-0.0856539$ & $0.117565$ & $0.385067$ & $-0.0158653$ & $1$ \\
