 & AlsMz & dAle5Mz & mtop & mHl & Mz & CW & CHG & CHWB & CHWHB_gaga & CHWHB_gagaorth & CHD & CHbox & CH & CHL1_11 & CHL1_22 & CHL1_33 & CHL3_11 & CHL3_22 & CHL3_33 & CHe_11 & CHe_22 & CHe_33 & CHQ1_11 & CHQ1_33 & CHQ3_11 & CHu_11 & CHd_11 & CHd_33 & CeH_22r & CeH_33r & CuH_22r & CuH_33r & CdH_33r & CLL_1221 & eHggint & eHggpar & eHWWint & eHWWpar & eHZZint & eHZZpar & eHZgaint & eHZgapar & eHgagaint & eHmumuint & eHtautauint & eHccint & eHccpar & eHbbint & eHbbpar \\
AlsMz & $1$ & $-0.170371$ & $-0.272797$ & $0.549848$ & $-0.0167669$ & $-0.0471946$ & $-0.0712845$ & $0.0568605$ & $0.0545912$ & $-0.0673163$ & $-0.0357089$ & $0.0860886$ & $0.160488$ & $-0.0515375$ & $-0.053359$ & $-0.0045139$ & $-0.0354788$ & $0.00721763$ & $-0.0136987$ & $0.0148892$ & $0.0105669$ & $-0.0309366$ & $0.0295591$ & $-0.0368322$ & $-0.0423057$ & $-0.0509941$ & $0.0766719$ & $0.0215295$ & $-0.00318458$ & $0.0415692$ & $0.0525014$ & $-0.0652397$ & $0.0536989$ & $0.0833949$ & $-0.408459$ & $0.238647$ & $-0.120488$ & $0.08437$ & $0.0304138$ & $0.11414$ & $-0.0851344$ & $0.177465$ & $-0.0963128$ & $0.182008$ & $-0.223278$ & $-0.194874$ & $0.301871$ & $0.0541548$ & $-0.134667$ \\
dAle5Mz & $-0.170371$ & $1$ & $-0.140342$ & $-0.291213$ & $0.0241021$ & $0.0300985$ & $0.0144195$ & $-0.153539$ & $-0.151271$ & $0.112371$ & $0.125708$ & $-0.0723348$ & $-0.0834535$ & $0.0372207$ & $-0.0314689$ & $-0.101743$ & $0.108095$ & $0.0817164$ & $0.112386$ & $-0.118056$ & $-0.0612668$ & $-0.0126647$ & $0.0697608$ & $0.0189822$ & $0.10918$ & $0.0125787$ & $0.0853358$ & $-0.0176623$ & $-0.00473533$ & $-0.0543236$ & $-0.00403326$ & $-0.0120917$ & $-0.0329039$ & $0.0360299$ & $-0.196317$ & $0.0872277$ & $0.360786$ & $-0.0256798$ & $0.0538537$ & $-0.0743068$ & $0.0775866$ & $0.025542$ & $-0.0256688$ & $-0.0888965$ & $-0.502486$ & $0.398667$ & $-0.0508408$ & $0.0917506$ & $0.074046$ \\
mtop & $-0.272797$ & $-0.140342$ & $1$ & $-0.2283$ & $0.107785$ & $0.0334763$ & $0.100292$ & $-0.0575948$ & $-0.0481939$ & $0.0336599$ & $0.0494262$ & $-0.0550279$ & $-0.0969851$ & $0.0479265$ & $0.0859678$ & $0.071979$ & $0.0410262$ & $0.0109349$ & $-0.00295264$ & $-0.0384131$ & $-0.0638844$ & $-0.0526161$ & $-0.0584096$ & $0.0764048$ & $-0.0174771$ & $-0.0152642$ & $-0.31271$ & $-0.00316439$ & $0.0126592$ & $-0.0138171$ & $-0.0285061$ & $0.107075$ & $0.0174792$ & $-0.0961851$ & $0.350945$ & $-0.168017$ & $-0.20303$ & $-0.0220005$ & $-0.0797328$ & $-0.13929$ & $0.305096$ & $-0.0299381$ & $0.256217$ & $0.0577168$ & $0.189095$ & $-0.395003$ & $0.126484$ & $0.032039$ & $0.300603$ \\
mHl & $0.549848$ & $-0.291213$ & $-0.2283$ & $1$ & $-0.0293449$ & $-0.0316731$ & $-0.0399732$ & $0.0745131$ & $0.0610312$ & $-0.0508857$ & $-0.0586736$ & $0.143631$ & $0.172666$ & $-0.0304039$ & $-0.045873$ & $-0.0537731$ & $-0.0483451$ & $0.0152428$ & $0.0142764$ & $0.047282$ & $0.0482212$ & $0.00805048$ & $0.0718803$ & $-0.0371545$ & $-0.0141211$ & $-0.0522864$ & $0.131241$ & $0.0315554$ & $0.00157652$ & $0.0482324$ & $0.0514412$ & $-0.0171431$ & $0.0481512$ & $0.0752701$ & $-0.0915178$ & $0.186903$ & $0.0532343$ & $0.211316$ & $0.0907175$ & $-0.0371637$ & $-0.112453$ & $0.295727$ & $-0.478636$ & $0.0686139$ & $-0.239014$ & $-0.0671961$ & $0.161598$ & $0.0671754$ & $-0.180234$ \\
Mz & $-0.0167669$ & $0.0241021$ & $0.107785$ & $-0.0293449$ & $1$ & $0.00547266$ & $-0.000830381$ & $-0.0348221$ & $-0.0337179$ & $0.00530247$ & $0.0782251$ & $0.00777655$ & $0.0141076$ & $0.0238433$ & $0.0658538$ & $0.0765836$ & $0.0138239$ & $-0.0229335$ & $-0.0337243$ & $-0.031845$ & $-0.0294532$ & $-0.0369249$ & $-0.0124848$ & $0.0309232$ & $-0.0248118$ & $0.0423836$ & $-0.122019$ & $0.029759$ & $0.0115243$ & $0.0166207$ & $0.00437666$ & $0.00635519$ & $0.0161511$ & $-0.0651073$ & $0.159224$ & $-0.0816837$ & $-0.023421$ & $0.00624353$ & $-0.0124657$ & $-0.0347719$ & $0.104789$ & $0.00414331$ & $0.0495125$ & $-0.0693826$ & $0.0170376$ & $-0.0286008$ & $-0.0074554$ & $-0.0023627$ & $0.0603642$ \\
CW & $-0.0471946$ & $0.0300985$ & $0.0334763$ & $-0.0316731$ & $0.00547266$ & $1$ & $0.0139813$ & $-0.0536589$ & $-0.0550832$ & $-0.00805714$ & $0.0665634$ & $-0.0244581$ & $-0.0322229$ & $0.176772$ & $0.00732171$ & $-0.00320562$ & $-0.154264$ & $-0.0111145$ & $-0.00604188$ & $-0.06602$ & $-0.0619651$ & $-0.0228752$ & $0.00614966$ & $0.0148221$ & $-0.0167247$ & $0.018748$ & $-0.0501687$ & $0.00801408$ & $0.00431561$ & $-0.0295355$ & $-0.0243679$ & $0.0096164$ & $-0.0133278$ & $-0.117263$ & $0.0299334$ & $-0.0363456$ & $0.0257238$ & $-0.0534834$ & $-0.0113025$ & $-0.00883842$ & $0.0507451$ & $-0.00799432$ & $0.00370693$ & $-0.0221359$ & $-0.00328576$ & $-0.0178603$ & $0.0136588$ & $0.00890283$ & $0.0149639$ \\
CHG & $-0.0712845$ & $0.0144195$ & $0.100292$ & $-0.0399732$ & $-0.000830381$ & $0.0139813$ & $1$ & $-0.0936307$ & $-0.0628471$ & $0.136183$ & $0.0223127$ & $-0.443808$ & $-0.573783$ & $0.138719$ & $0.010387$ & $-0.0152725$ & $0.150548$ & $0.108063$ & $0.117077$ & $-0.0406065$ & $-0.0389469$ & $-0.00750996$ & $-0.06907$ & $0.101386$ & $0.138625$ & $0.0519785$ & $-0.0381414$ & $-0.0172369$ & $-0.0327041$ & $-0.275288$ & $-0.166824$ & $0.924441$ & $-0.333179$ & $-0.071995$ & $0.088602$ & $-0.0711134$ & $0.095718$ & $-0.0509793$ & $-0.1142$ & $0.0897881$ & $0.15138$ & $0.122173$ & $0.047259$ & $-0.134773$ & $0.0747143$ & $0.0151442$ & $-0.0287213$ & $0.0238257$ & $-0.0305978$ \\
CHWB & $0.0568605$ & $-0.153539$ & $-0.0575948$ & $0.0745131$ & $-0.0348221$ & $-0.0536589$ & $-0.0936307$ & $1$ & $0.992499$ & $-0.479572$ & $-0.887061$ & $-0.00721298$ & $0.125633$ & $-0.207429$ & $0.0985525$ & $0.0927937$ & $-0.606672$ & $-0.535411$ & $-0.537805$ & $0.849721$ & $0.606151$ & $0.565882$ & $-0.0597781$ & $-0.600329$ & $-0.64744$ & $-0.206505$ & $0.250943$ & $0.124406$ & $0.0231901$ & $0.0364893$ & $-0.0130991$ & $-0.0908557$ & $0.0395568$ & $0.607805$ & $-0.0275703$ & $-0.0184857$ & $-0.129842$ & $0.0405128$ & $0.084462$ & $0.0810887$ & $-0.0545037$ & $-0.00629832$ & $0.0311484$ & $-0.0251862$ & $0.0451886$ & $-0.045396$ & $-0.100602$ & $0.0736677$ & $0.0314925$ \\
CHWHB_gaga & $0.0545912$ & $-0.151271$ & $-0.0481939$ & $0.0610312$ & $-0.0337179$ & $-0.0550832$ & $-0.0628471$ & $0.992499$ & $1$ & $-0.479034$ & $-0.879384$ & $0.00020894$ & $0.119923$ & $-0.212386$ & $0.0937472$ & $0.0918066$ & $-0.605863$ & $-0.531562$ & $-0.535393$ & $0.846502$ & $0.601108$ & $0.561502$ & $-0.0646511$ & $-0.59519$ & $-0.642364$ & $-0.202908$ & $0.253546$ & $0.124186$ & $0.0298616$ & $0.0564055$ & $-0.00295207$ & $-0.0640134$ & $0.0597881$ & $0.603791$ & $-0.034976$ & $-0.0186813$ & $-0.144557$ & $0.0311165$ & $0.0712513$ & $0.0840334$ & $-0.0471744$ & $-0.0101983$ & $0.0623039$ & $-0.0306625$ & $0.0478684$ & $-0.0517364$ & $-0.0960327$ & $0.0762394$ & $0.0287377$ \\
CHWHB_gagaorth & $-0.0673163$ & $0.112371$ & $0.0336599$ & $-0.0508857$ & $0.00530247$ & $-0.00805714$ & $0.136183$ & $-0.479572$ & $-0.479034$ & $1$ & $0.138582$ & $0.0623824$ & $-0.208595$ & $0.687613$ & $0.0371508$ & $0.0452555$ & $0.769673$ & $0.562169$ & $0.567377$ & $-0.215529$ & $-0.140539$ & $-0.0962265$ & $-0.00167034$ & $0.512861$ & $0.681329$ & $0.0792105$ & $-0.169085$ & $-0.0345844$ & $-0.0401598$ & $-0.116215$ & $-0.0466045$ & $0.149449$ & $-0.122416$ & $-0.323547$ & $0.00691122$ & $0.00992031$ & $0.0904312$ & $-0.044998$ & $-0.0587371$ & $-0.0592983$ & $0.0409012$ & $0.0336041$ & $-0.0538972$ & $0.0378211$ & $-0.0230074$ & $0.0565233$ & $0.0363233$ & $-0.0396361$ & $-0.0122223$ \\
CHD & $-0.0357089$ & $0.125708$ & $0.0494262$ & $-0.0586736$ & $0.0782251$ & $0.0665634$ & $0.0223127$ & $-0.887061$ & $-0.879384$ & $0.138582$ & $1$ & $0.0499319$ & $-0.0169593$ & $-0.1559$ & $-0.142114$ & $-0.141683$ & $0.261953$ & $0.293945$ & $0.295396$ & $-0.882579$ & $-0.640902$ & $-0.613776$ & $0.068375$ & $0.400312$ & $0.359874$ & $0.20064$ & $-0.185686$ & $-0.116282$ & $-0.00750507$ & $0.015785$ & $0.0345796$ & $0.0224929$ & $0.0123554$ & $-0.480907$ & $0.0351019$ & $0.0132769$ & $0.09631$ & $-0.0259324$ & $-0.0705888$ & $-0.0702974$ & $0.0432012$ & $-0.0165301$ & $0.00186152$ & $-0.00265794$ & $-0.0521157$ & $0.0263548$ & $0.0933459$ & $-0.0486581$ & $-0.0204816$ \\
CHbox & $0.0860886$ & $-0.0723348$ & $-0.0550279$ & $0.143631$ & $0.00777655$ & $-0.0244581$ & $-0.443808$ & $-0.00721298$ & $0.00020894$ & $0.0623824$ & $0.0499319$ & $1$ & $0.770081$ & $-0.203391$ & $0.0130696$ & $0.0420684$ & $-0.142976$ & $-0.0807214$ & $-0.10092$ & $0.103957$ & $-0.00592722$ & $-0.0350309$ & $0.0530621$ & $-0.0426094$ & $-0.0993333$ & $-0.0285827$ & $-0.00336393$ & $0.0307225$ & $0.0898035$ & $0.459667$ & $0.203333$ & $-0.313536$ & $0.490169$ & $-0.079084$ & $-0.0180581$ & $0.155972$ & $-0.131262$ & $0.0404938$ & $0.0639597$ & $-0.108535$ & $-0.151854$ & $-0.0944382$ & $-0.069032$ & $0.0713485$ & $-0.0811706$ & $-0.0881894$ & $0.0732648$ & $-0.091132$ & $0.0344939$ \\
CH & $0.160488$ & $-0.0834535$ & $-0.0969851$ & $0.172666$ & $0.0141076$ & $-0.0322229$ & $-0.573783$ & $0.125633$ & $0.119923$ & $-0.208595$ & $-0.0169593$ & $0.770081$ & $1$ & $-0.226589$ & $-0.0147504$ & $0.00813667$ & $-0.221092$ & $-0.151078$ & $-0.166623$ & $0.0495729$ & $0.03298$ & $-0.00830097$ & $0.0726602$ & $-0.134068$ & $-0.192292$ & $-0.0618223$ & $0.0530672$ & $0.0503331$ & $0.0976197$ & $0.410723$ & $0.203934$ & $-0.498708$ & $0.461964$ & $0.0980496$ & $-0.113406$ & $0.173723$ & $-0.176313$ & $0.100713$ & $0.105621$ & $-0.09839$ & $-0.212253$ & $-0.109717$ & $-0.0631691$ & $0.0826524$ & $-0.122649$ & $-0.0913418$ & $0.0678465$ & $-0.0802807$ & $0.0318649$ \\
CHL1_11 & $-0.0515375$ & $0.0372207$ & $0.0479265$ & $-0.0304039$ & $0.0238433$ & $0.176772$ & $0.138719$ & $-0.207429$ & $-0.212386$ & $0.687613$ & $-0.1559$ & $-0.203391$ & $-0.226589$ & $1$ & $0.0767258$ & $0.0885844$ & $0.593527$ & $0.494744$ & $0.495782$ & $-0.0543444$ & $0.0345609$ & $0.0794945$ & $-0.031137$ & $0.41526$ & $0.572502$ & $0.0368323$ & $-0.167366$ & $-0.00386825$ & $-0.0358728$ & $-0.118126$ & $-0.0477334$ & $0.11722$ & $-0.111806$ & $-0.195621$ & $-0.0047864$ & $-0.00139313$ & $0.0449031$ & $-0.0202015$ & $-0.0293854$ & $-0.00446444$ & $0.0336299$ & $0.0605522$ & $-0.0700387$ & $0.0410144$ & $0.0182972$ & $0.0141475$ & $0.0286396$ & $-0.057221$ & $-0.0127792$ \\
CHL1_22 & $-0.053359$ & $-0.0314689$ & $0.0859678$ & $-0.045873$ & $0.0658538$ & $0.00732171$ & $0.010387$ & $0.0985525$ & $0.0937472$ & $0.0371508$ & $-0.142114$ & $0.0130696$ & $-0.0147504$ & $0.0767258$ & $1$ & $0.22033$ & $-0.0111747$ & $-0.509417$ & $-0.119871$ & $0.159719$ & $-0.0508776$ & $-0.0124387$ & $-0.0118937$ & $0.108574$ & $-0.130459$ & $0.0879822$ & $-0.341962$ & $-0.0237089$ & $-0.0315224$ & $-0.0122819$ & $-0.00730252$ & $0.00976697$ & $-0.0139122$ & $-0.473822$ & $0.0922124$ & $-0.0184604$ & $0.0374143$ & $-0.0494514$ & $0.0549662$ & $0.0223985$ & $-0.0143923$ & $-0.0213434$ & $-0.0982724$ & $0.119217$ & $0.145461$ & $-0.0321249$ & $0.032707$ & $-0.0679539$ & $0.0123894$ \\
CHL1_33 & $-0.0045139$ & $-0.101743$ & $0.071979$ & $-0.0537731$ & $0.0765836$ & $-0.00320562$ & $-0.0152725$ & $0.0927937$ & $0.0918066$ & $0.0452555$ & $-0.141683$ & $0.0420684$ & $0.00813667$ & $0.0885844$ & $0.22033$ & $1$ & $-0.00569522$ & $-0.0976577$ & $-0.480824$ & $0.15365$ & $0.00426402$ & $-0.10309$ & $-0.0144302$ & $0.136454$ & $-0.121387$ & $0.076958$ & $-0.321883$ & $-0.0179563$ & $-0.00492694$ & $0.0142977$ & $-0.0066422$ & $-0.00954057$ & $0.0010495$ & $-0.0964413$ & $0.0445035$ & $0.00786088$ & $-0.020066$ & $-0.0388449$ & $-0.0244692$ & $0.0641053$ & $-0.0158832$ & $0.0248016$ & $-0.0364385$ & $0.125021$ & $0.125197$ & $-0.0682718$ & $0.0403772$ & $-0.0242217$ & $-0.0145447$ \\
CHL3_11 & $-0.0354788$ & $0.108095$ & $0.0410262$ & $-0.0483451$ & $0.0138239$ & $-0.154264$ & $0.150548$ & $-0.606672$ & $-0.605863$ & $0.769673$ & $0.261953$ & $-0.142976$ & $-0.221092$ & $0.593527$ & $-0.0111747$ & $-0.00569522$ & $1$ & $0.663362$ & $0.668407$ & $-0.413336$ & $-0.228686$ & $-0.192387$ & $0.0154273$ & $0.593411$ & $0.79315$ & $0.0893218$ & $-0.177761$ & $-0.069632$ & $-0.0355168$ & $-0.0936372$ & $-0.0265268$ & $0.13763$ & $-0.0889147$ & $-0.280548$ & $-0.012141$ & $0.0203954$ & $0.092962$ & $-0.0166681$ & $-0.0620078$ & $-0.0597353$ & $0.0393582$ & $0.0380617$ & $-0.0508034$ & $0.0368179$ & $-0.0292097$ & $0.0383362$ & $0.0580821$ & $-0.056718$ & $-0.0268494$ \\
CHL3_22 & $0.00721763$ & $0.0817164$ & $0.0109349$ & $0.0152428$ & $-0.0229335$ & $-0.0111145$ & $0.108063$ & $-0.535411$ & $-0.531562$ & $0.562169$ & $0.293945$ & $-0.0807214$ & $-0.151078$ & $0.494744$ & $-0.509417$ & $-0.0976577$ & $0.663362$ & $1$ & $0.61104$ & $-0.386755$ & $-0.21334$ & $-0.171625$ & $0.039682$ & $0.442017$ & $0.746592$ & $0.0187708$ & $0.0407731$ & $-0.0383308$ & $-0.0170478$ & $-0.0640318$ & $-0.00213168$ & $0.106581$ & $-0.053507$ & $0.172849$ & $-0.0582021$ & $0.0383658$ & $0.0179864$ & $0.00133107$ & $-0.0769571$ & $-0.0372539$ & $0.023581$ & $0.0526068$ & $-0.00536343$ & $-0.00295552$ & $-0.0785164$ & $0.0141171$ & $0.0593816$ & $-0.0170935$ & $-0.0204283$ \\
CHL3_33 & $-0.0136987$ & $0.112386$ & $-0.00295264$ & $0.0142764$ & $-0.0337243$ & $-0.00604188$ & $0.117077$ & $-0.537805$ & $-0.535393$ & $0.567377$ & $0.295396$ & $-0.10092$ & $-0.166623$ & $0.495782$ & $-0.119871$ & $-0.480824$ & $0.668407$ & $0.61104$ & $1$ & $-0.384991$ & $-0.215427$ & $-0.177608$ & $0.027836$ & $0.424045$ & $0.753622$ & $0.0327284$ & $0.0359244$ & $-0.0438969$ & $-0.0260643$ & $-0.0796197$ & $-0.00477385$ & $0.104158$ & $-0.072424$ & $-0.203538$ & $-0.043693$ & $0.0215273$ & $0.05536$ & $0.00912906$ & $-0.0400514$ & $-0.0783866$ & $0.0318524$ & $0.0115047$ & $-0.0298062$ & $-0.0229499$ & $-0.0692712$ & $0.0547767$ & $0.0438901$ & $-0.0379001$ & $-0.0168092$ \\
CHe_11 & $0.0148892$ & $-0.118056$ & $-0.0384131$ & $0.047282$ & $-0.031845$ & $-0.06602$ & $-0.0406065$ & $0.849721$ & $0.846502$ & $-0.215529$ & $-0.882579$ & $0.103957$ & $0.0495729$ & $-0.0543444$ & $0.159719$ & $0.15365$ & $-0.413336$ & $-0.386755$ & $-0.384991$ & $1$ & $0.624919$ & $0.58897$ & $-0.0462329$ & $-0.452248$ & $-0.459207$ & $-0.213329$ & $0.186241$ & $0.11906$ & $0.0124334$ & $-0.00486907$ & $-0.0281864$ & $-0.0224793$ & $-0.00587947$ & $0.382651$ & $-0.000917951$ & $-0.0205849$ & $-0.0931275$ & $0.000837366$ & $0.0625078$ & $0.0573271$ & $-0.0395428$ & $0.00428656$ & $0.0144507$ & $-0.000393407$ & $0.0606673$ & $-0.0224274$ & $-0.1058$ & $0.0625696$ & $0.0403591$ \\
CHe_22 & $0.0105669$ & $-0.0612668$ & $-0.0638844$ & $0.0482212$ & $-0.0294532$ & $-0.0619651$ & $-0.0389469$ & $0.606151$ & $0.601108$ & $-0.140539$ & $-0.640902$ & $-0.00592722$ & $0.03298$ & $0.0345609$ & $-0.0508776$ & $0.00426402$ & $-0.228686$ & $-0.21334$ & $-0.215427$ & $0.624919$ & $1$ & $0.4855$ & $-0.0373621$ & $-0.393096$ & $-0.29639$ & $-0.177005$ & $0.280128$ & $0.102177$ & $0.00574357$ & $-0.0159124$ & $-0.0192014$ & $-0.033478$ & $-0.00541508$ & $0.347053$ & $-0.0140054$ & $-0.0302258$ & $-0.0293961$ & $0.0287222$ & $0.0886814$ & $0.0361844$ & $-0.0278901$ & $-0.0151321$ & $0.0225169$ & $-0.0534444$ & $-0.0208281$ & $0.0395458$ & $-0.120691$ & $0.0764571$ & $0.0135395$ \\
CHe_33 & $-0.0309366$ & $-0.0126647$ & $-0.0526161$ & $0.00805048$ & $-0.0369249$ & $-0.0228752$ & $-0.00750996$ & $0.565882$ & $0.561502$ & $-0.0962265$ & $-0.613776$ & $-0.0350309$ & $-0.00830097$ & $0.0794945$ & $-0.0124387$ & $-0.10309$ & $-0.192387$ & $-0.171625$ & $-0.177608$ & $0.58897$ & $0.4855$ & $1$ & $-0.0512175$ & $-0.36454$ & $-0.249379$ & $-0.161236$ & $0.263391$ & $0.0927815$ & $0.00353316$ & $-0.015994$ & $-0.0253119$ & $-0.00390773$ & $-0.0145685$ & $0.336131$ & $-0.00750359$ & $-0.013638$ & $-0.0484544$ & $-0.00674774$ & $0.0532493$ & $0.0478316$ & $-0.0188463$ & $-0.0238186$ & $0.0268706$ & $-0.034377$ & $0.00873816$ & $0.0265382$ & $-0.129558$ & $0.0642419$ & $0.0192211$ \\
CHQ1_11 & $0.0295591$ & $0.0697608$ & $-0.0584096$ & $0.0718803$ & $-0.0124848$ & $0.00614966$ & $-0.06907$ & $-0.0597781$ & $-0.0646511$ & $-0.00167034$ & $0.068375$ & $0.0530621$ & $0.0726602$ & $-0.031137$ & $-0.0118937$ & $-0.0144302$ & $0.0154273$ & $0.039682$ & $0.027836$ & $-0.0462329$ & $-0.0373621$ & $-0.0512175$ & $1$ & $-0.00279585$ & $0.03439$ & $-0.625366$ & $0.0629786$ & $-0.0234157$ & $0.00238292$ & $-0.00190175$ & $0.0013585$ & $-0.0704328$ & $0.0035548$ & $-0.00253177$ & $0.00233241$ & $0.0773748$ & $0.0875756$ & $0.00501381$ & $0.0171613$ & $-0.015969$ & $-0.062848$ & $0.0192899$ & $-0.0777209$ & $0.0245153$ & $-0.0329273$ & $-0.0149204$ & $0.00899324$ & $-0.0135611$ & $0.00840889$ \\
CHQ1_33 & $-0.0368322$ & $0.0189822$ & $0.0764048$ & $-0.0371545$ & $0.0309232$ & $0.0148221$ & $0.101386$ & $-0.600329$ & $-0.59519$ & $0.512861$ & $0.400312$ & $-0.0426094$ & $-0.134068$ & $0.41526$ & $0.108574$ & $0.136454$ & $0.593411$ & $0.442017$ & $0.424045$ & $-0.452248$ & $-0.393096$ & $-0.36454$ & $-0.00279585$ & $1$ & $0.551438$ & $0.14664$ & $-0.236689$ & $0.0491762$ & $-0.0292199$ & $-0.0378253$ & $-0.0180128$ & $0.0982315$ & $-0.0409033$ & $-0.41093$ & $0.0123576$ & $-0.0215958$ & $0.0242126$ & $-0.0407779$ & $-0.0607116$ & $-0.0462409$ & $0.0283665$ & $0.0361288$ & $-0.0286537$ & $0.0506436$ & $0.0495973$ & $-0.00355435$ & $0.082175$ & $-0.0709207$ & $-0.0511056$ \\
CHQ3_11 & $-0.0423057$ & $0.10918$ & $-0.0174771$ & $-0.0141211$ & $-0.0248118$ & $-0.0167247$ & $0.138625$ & $-0.64744$ & $-0.642364$ & $0.681329$ & $0.359874$ & $-0.0993333$ & $-0.192292$ & $0.572502$ & $-0.130459$ & $-0.121387$ & $0.79315$ & $0.746592$ & $0.753622$ & $-0.459207$ & $-0.29639$ & $-0.249379$ & $0.03439$ & $0.551438$ & $1$ & $0.0513574$ & $0.0757472$ & $-0.0770614$ & $-0.0355296$ & $-0.0870609$ & $-0.0172739$ & $0.127069$ & $-0.0773839$ & $-0.232672$ & $-0.0512619$ & $0.0281126$ & $0.0705415$ & $-0.000548313$ & $-0.0754395$ & $-0.0608611$ & $0.0214899$ & $0.0287036$ & $-0.00603498$ & $-0.0178216$ & $-0.068683$ & $0.0670848$ & $0.0230792$ & $-0.0502738$ & $-0.0389384$ \\
CHu_11 & $-0.0509941$ & $0.0125787$ & $-0.0152642$ & $-0.0522864$ & $0.0423836$ & $0.018748$ & $0.0519785$ & $-0.206505$ & $-0.202908$ & $0.0792105$ & $0.20064$ & $-0.0285827$ & $-0.0618223$ & $0.0368323$ & $0.0879822$ & $0.076958$ & $0.0893218$ & $0.0187708$ & $0.0327284$ & $-0.213329$ & $-0.177005$ & $-0.161236$ & $-0.625366$ & $0.14664$ & $0.0513574$ & $1$ & $0.0354855$ & $-0.00657309$ & $-0.0303895$ & $0.00640216$ & $0.0110505$ & $0.047387$ & $-0.0179596$ & $-0.196731$ & $0.0180626$ & $-0.0550935$ & $0.0283278$ & $0.00819451$ & $-0.0139981$ & $-0.0404785$ & $0.0256951$ & $-0.0499735$ & $0.0509384$ & $-0.043797$ & $-0.0155706$ & $0.127128$ & $-0.0245104$ & $0.0296855$ & $-0.0678758$ \\
CHd_11 & $0.0766719$ & $0.0853358$ & $-0.31271$ & $0.131241$ & $-0.122019$ & $-0.0501687$ & $-0.0381414$ & $0.250943$ & $0.253546$ & $-0.169085$ & $-0.185686$ & $-0.00336393$ & $0.0530672$ & $-0.167366$ & $-0.341962$ & $-0.321883$ & $-0.177761$ & $0.0407731$ & $0.0359244$ & $0.186241$ & $0.280128$ & $0.263391$ & $0.0629786$ & $-0.236689$ & $0.0757472$ & $0.0354855$ & $1$ & $0.0320616$ & $0.00394694$ & $0.00893023$ & $-0.0115534$ & $-0.0410397$ & $0.00702337$ & $0.40784$ & $-0.171531$ & $0.0317811$ & $0.01095$ & $0.0768846$ & $0.0179114$ & $-0.00814919$ & $-0.0803072$ & $-0.0410156$ & $0.150329$ & $-0.235132$ & $-0.246304$ & $0.216656$ & $-0.198313$ & $0.134812$ & $-0.0498493$ \\
CHd_33 & $0.0215295$ & $-0.0176623$ & $-0.00316439$ & $0.0315554$ & $0.029759$ & $0.00801408$ & $-0.0172369$ & $0.124406$ & $0.124186$ & $-0.0345844$ & $-0.116282$ & $0.0307225$ & $0.0503331$ & $-0.00386825$ & $-0.0237089$ & $-0.0179563$ & $-0.069632$ & $-0.0383308$ & $-0.0438969$ & $0.11906$ & $0.102177$ & $0.0927815$ & $-0.0234157$ & $0.0491762$ & $-0.0770614$ & $-0.00657309$ & $0.0320616$ & $1$ & $-0.00253675$ & $0.00980338$ & $-0.0128216$ & $-0.0157859$ & $0.00221541$ & $0.0874069$ & $0.00158334$ & $0.0134827$ & $-0.0730947$ & $0.0222143$ & $-0.0128743$ & $-0.00465133$ & $-0.0221384$ & $0.0264916$ & $-0.00909219$ & $-0.0303478$ & $0.0724074$ & $-0.0122715$ & $0.000335032$ & $-0.00244082$ & $0.000490524$ \\
CeH_22r & $-0.00318458$ & $-0.00473533$ & $0.0126592$ & $0.00157652$ & $0.0115243$ & $0.00431561$ & $-0.0327041$ & $0.0231901$ & $0.0298616$ & $-0.0401598$ & $-0.00750507$ & $0.0898035$ & $0.0976197$ & $-0.0358728$ & $-0.0315224$ & $-0.00492694$ & $-0.0355168$ & $-0.0170478$ & $-0.0260643$ & $0.0124334$ & $0.00574357$ & $0.00353316$ & $0.00238292$ & $-0.0292199$ & $-0.0355296$ & $-0.0303895$ & $0.00394694$ & $-0.00253675$ & $1$ & $0.0736025$ & $0.038758$ & $-0.0449279$ & $0.0955687$ & $0.0258416$ & $-0.0313886$ & $0.0177572$ & $-0.0535428$ & $0.0195871$ & $0.00176886$ & $0.0086945$ & $-0.00316956$ & $0.0126258$ & $0.00955314$ & $0.00849767$ & $-0.0171374$ & $-0.0404408$ & $-0.00536064$ & $-0.00154804$ & $0.0322586$ \\
CeH_33r & $0.0415692$ & $-0.0543236$ & $-0.0138171$ & $0.0482324$ & $0.0166207$ & $-0.0295355$ & $-0.275288$ & $0.0364893$ & $0.0564055$ & $-0.116215$ & $0.015785$ & $0.459667$ & $0.410723$ & $-0.118126$ & $-0.0122819$ & $0.0142977$ & $-0.0936372$ & $-0.0640318$ & $-0.0796197$ & $-0.00486907$ & $-0.0159124$ & $-0.015994$ & $-0.00190175$ & $-0.0378253$ & $-0.0870609$ & $0.00640216$ & $0.00893023$ & $0.00980338$ & $0.0736025$ & $1$ & $0.365503$ & $-0.0892785$ & $0.741614$ & $0.0320153$ & $-0.0639083$ & $0.0752601$ & $-0.19499$ & $-0.067582$ & $0.0158994$ & $-0.0198021$ & $-0.0776809$ & $-0.0493033$ & $0.036224$ & $0.00287625$ & $0.0107405$ & $-0.0946487$ & $0.0817246$ & $-0.0770466$ & $0.00152182$ \\
CuH_22r & $0.0525014$ & $-0.00403326$ & $-0.0285061$ & $0.0514412$ & $0.00437666$ & $-0.0243679$ & $-0.166824$ & $-0.0130991$ & $-0.00295207$ & $-0.0466045$ & $0.0345796$ & $0.203333$ & $0.203934$ & $-0.0477334$ & $-0.00730252$ & $-0.0066422$ & $-0.0265268$ & $-0.00213168$ & $-0.00477385$ & $-0.0281864$ & $-0.0192014$ & $-0.0253119$ & $0.0013585$ & $-0.0180128$ & $-0.0172739$ & $0.0110505$ & $-0.0115534$ & $-0.0128216$ & $0.038758$ & $0.365503$ & $1$ & $-0.0456123$ & $0.432038$ & $0.0106462$ & $-0.0488215$ & $0.0555136$ & $-0.0501817$ & $-0.0786492$ & $0.025393$ & $-0.0274868$ & $-0.0509422$ & $-0.0361651$ & $0.0116126$ & $-0.00998429$ & $-0.0411777$ & $-0.0356216$ & $0.112805$ & $-0.0268473$ & $0.0137847$ \\
CuH_33r & $-0.0652397$ & $-0.0120917$ & $0.107075$ & $-0.0171431$ & $0.00635519$ & $0.0096164$ & $0.924441$ & $-0.0908557$ & $-0.0640134$ & $0.149449$ & $0.0224929$ & $-0.313536$ & $-0.498708$ & $0.11722$ & $0.00976697$ & $-0.00954057$ & $0.13763$ & $0.106581$ & $0.104158$ & $-0.0224793$ & $-0.033478$ & $-0.00390773$ & $-0.0704328$ & $0.0982315$ & $0.127069$ & $0.047387$ & $-0.0410397$ & $-0.0157859$ & $-0.0449279$ & $-0.0892785$ & $-0.0456123$ & $1$ & $-0.097423$ & $-0.0750408$ & $0.101675$ & $-0.0448365$ & $0.0588344$ & $-0.0861586$ & $-0.119617$ & $0.0877036$ & $0.135524$ & $0.117666$ & $0.0460694$ & $-0.140567$ & $0.0847171$ & $-0.0150905$ & $-0.00664186$ & $-0.00297326$ & $-0.0120839$ \\
CdH_33r & $0.0536989$ & $-0.0329039$ & $0.0174792$ & $0.0481512$ & $0.0161511$ & $-0.0133278$ & $-0.333179$ & $0.0395568$ & $0.0597881$ & $-0.122416$ & $0.0123554$ & $0.490169$ & $0.461964$ & $-0.111806$ & $-0.0139122$ & $0.0010495$ & $-0.0889147$ & $-0.053507$ & $-0.072424$ & $-0.00587947$ & $-0.00541508$ & $-0.0145685$ & $0.0035548$ & $-0.0409033$ & $-0.0773839$ & $-0.0179596$ & $0.00702337$ & $0.00221541$ & $0.0955687$ & $0.741614$ & $0.432038$ & $-0.097423$ & $1$ & $0.049495$ & $-0.0207599$ & $0.109919$ & $-0.18769$ & $-0.117068$ & $0.0479268$ & $-0.0623452$ & $-0.0971367$ & $-0.030784$ & $0.0072334$ & $0.0251865$ & $-0.0438728$ & $-0.138774$ & $0.0943333$ & $-0.076414$ & $0.19759$ \\
CLL_1221 & $0.0833949$ & $0.0360299$ & $-0.0961851$ & $0.0752701$ & $-0.0651073$ & $-0.117263$ & $-0.071995$ & $0.607805$ & $0.603791$ & $-0.323547$ & $-0.480907$ & $-0.079084$ & $0.0980496$ & $-0.195621$ & $-0.473822$ & $-0.0964413$ & $-0.280548$ & $0.172849$ & $-0.203538$ & $0.382651$ & $0.347053$ & $0.336131$ & $-0.00253177$ & $-0.41093$ & $-0.232672$ & $-0.196731$ & $0.40784$ & $0.0874069$ & $0.0258416$ & $0.0320153$ & $0.0106462$ & $-0.0750408$ & $0.049495$ & $1$ & $-0.127342$ & $0.0335179$ & $-0.100325$ & $0.0677798$ & $0.0368759$ & $0.0481747$ & $-0.0437477$ & $0.0211925$ & $0.0609946$ & $-0.0750826$ & $-0.124296$ & $0.00598193$ & $-0.0587433$ & $0.104171$ & $0.0257028$ \\
eHggint & $-0.408459$ & $-0.196317$ & $0.350945$ & $-0.0915178$ & $0.159224$ & $0.0299334$ & $0.088602$ & $-0.0275703$ & $-0.034976$ & $0.00691122$ & $0.0351019$ & $-0.0180581$ & $-0.113406$ & $-0.0047864$ & $0.0922124$ & $0.0445035$ & $-0.012141$ & $-0.0582021$ & $-0.043693$ & $-0.000917951$ & $-0.0140054$ & $-0.00750359$ & $0.00233241$ & $0.0123576$ & $-0.0512619$ & $0.0180626$ & $-0.171531$ & $0.00158334$ & $-0.0313886$ & $-0.0639083$ & $-0.0488215$ & $0.101675$ & $-0.0207599$ & $-0.127342$ & $1$ & $-0.133971$ & $0.197937$ & $-0.174237$ & $-0.0146471$ & $-0.265385$ & $0.227567$ & $-0.0805396$ & $-0.133513$ & $-0.151717$ & $0.187425$ & $-0.0713286$ & $-0.050655$ & $-0.0241731$ & $0.36393$ \\
eHggpar & $0.238647$ & $0.0872277$ & $-0.168017$ & $0.186903$ & $-0.0816837$ & $-0.0363456$ & $-0.0711134$ & $-0.0184857$ & $-0.0186813$ & $0.00992031$ & $0.0132769$ & $0.155972$ & $0.173723$ & $-0.00139313$ & $-0.0184604$ & $0.00786088$ & $0.0203954$ & $0.0383658$ & $0.0215273$ & $-0.0205849$ & $-0.0302258$ & $-0.013638$ & $0.0773748$ & $-0.0215958$ & $0.0281126$ & $-0.0550935$ & $0.0317811$ & $0.0134827$ & $0.0177572$ & $0.0752601$ & $0.0555136$ & $-0.0448365$ & $0.109919$ & $0.0335179$ & $-0.133971$ & $1$ & $-0.0633055$ & $0.0894324$ & $-0.259753$ & $-0.0630816$ & $-0.444028$ & $-0.00981474$ & $-0.0731998$ & $0.30385$ & $-0.24836$ & $-0.173113$ & $0.152712$ & $-0.0552097$ & $0.0561736$ \\
eHWWint & $-0.120488$ & $0.360786$ & $-0.20303$ & $0.0532343$ & $-0.023421$ & $0.0257238$ & $0.095718$ & $-0.129842$ & $-0.144557$ & $0.0904312$ & $0.09631$ & $-0.131262$ & $-0.176313$ & $0.0449031$ & $0.0374143$ & $-0.020066$ & $0.092962$ & $0.0179864$ & $0.05536$ & $-0.0931275$ & $-0.0293961$ & $-0.0484544$ & $0.0875756$ & $0.0242126$ & $0.0705415$ & $0.0283278$ & $0.01095$ & $-0.0730947$ & $-0.0535428$ & $-0.19499$ & $-0.0501817$ & $0.0588344$ & $-0.18769$ & $-0.100325$ & $0.197937$ & $-0.0633055$ & $1$ & $0.0330248$ & $0.169629$ & $-0.172757$ & $-0.0473445$ & $-0.00296849$ & $-0.419064$ & $-0.032094$ & $-0.271438$ & $0.5448$ & $-0.0763477$ & $-0.0156943$ & $0.0361835$ \\
eHWWpar & $0.08437$ & $-0.0256798$ & $-0.0220005$ & $0.211316$ & $0.00624353$ & $-0.0534834$ & $-0.0509793$ & $0.0405128$ & $0.0311165$ & $-0.044998$ & $-0.0259324$ & $0.0404938$ & $0.100713$ & $-0.0202015$ & $-0.0494514$ & $-0.0388449$ & $-0.0166681$ & $0.00133107$ & $0.00912906$ & $0.000837366$ & $0.0287222$ & $-0.00674774$ & $0.00501381$ & $-0.0407779$ & $-0.000548313$ & $0.00819451$ & $0.0768846$ & $0.0222143$ & $0.0195871$ & $-0.067582$ & $-0.0786492$ & $-0.0861586$ & $-0.117068$ & $0.0677798$ & $-0.174237$ & $0.0894324$ & $0.0330248$ & $1$ & $0.00363116$ & $0.0900364$ & $-0.0680407$ & $0.191213$ & $-0.140015$ & $0.0762052$ & $-0.0828968$ & $0.0586638$ & $-0.243374$ & $-0.0349809$ & $-0.224055$ \\
eHZZint & $0.0304138$ & $0.0538537$ & $-0.0797328$ & $0.0907175$ & $-0.0124657$ & $-0.0113025$ & $-0.1142$ & $0.084462$ & $0.0712513$ & $-0.0587371$ & $-0.0705888$ & $0.0639597$ & $0.105621$ & $-0.0293854$ & $0.0549662$ & $-0.0244692$ & $-0.0620078$ & $-0.0769571$ & $-0.0400514$ & $0.0625078$ & $0.0886814$ & $0.0532493$ & $0.0171613$ & $-0.0607116$ & $-0.0754395$ & $-0.0139981$ & $0.0179114$ & $-0.0128743$ & $0.00176886$ & $0.0158994$ & $0.025393$ & $-0.119617$ & $0.0479268$ & $0.0368759$ & $-0.0146471$ & $-0.259753$ & $0.169629$ & $0.00363116$ & $1$ & $-0.0425655$ & $-0.125166$ & $-0.188347$ & $-0.263195$ & $-0.0814388$ & $-0.0631945$ & $0.0400686$ & $0.0940137$ & $-0.0694744$ & $0.170623$ \\
eHZZpar & $0.11414$ & $-0.0743068$ & $-0.13929$ & $-0.0371637$ & $-0.0347719$ & $-0.00883842$ & $0.0897881$ & $0.0810887$ & $0.0840334$ & $-0.0592983$ & $-0.0702974$ & $-0.108535$ & $-0.09839$ & $-0.00446444$ & $0.0223985$ & $0.0641053$ & $-0.0597353$ & $-0.0372539$ & $-0.0783866$ & $0.0573271$ & $0.0361844$ & $0.0478316$ & $-0.015969$ & $-0.0462409$ & $-0.0608611$ & $-0.0404785$ & $-0.00814919$ & $-0.00465133$ & $0.0086945$ & $-0.0198021$ & $-0.0274868$ & $0.0877036$ & $-0.0623452$ & $0.0481747$ & $-0.265385$ & $-0.0630816$ & $-0.172757$ & $0.0900364$ & $-0.0425655$ & $1$ & $0.145448$ & $0.183315$ & $0.0447575$ & $0.225811$ & $0.351571$ & $0.0768412$ & $-0.0850185$ & $-0.133719$ & $-0.134228$ \\
eHZgaint & $-0.0851344$ & $0.0775866$ & $0.305096$ & $-0.112453$ & $0.104789$ & $0.0507451$ & $0.15138$ & $-0.0545037$ & $-0.0471744$ & $0.0409012$ & $0.0432012$ & $-0.151854$ & $-0.212253$ & $0.0336299$ & $-0.0143923$ & $-0.0158832$ & $0.0393582$ & $0.023581$ & $0.0318524$ & $-0.0395428$ & $-0.0278901$ & $-0.0188463$ & $-0.062848$ & $0.0283665$ & $0.0214899$ & $0.0256951$ & $-0.0803072$ & $-0.0221384$ & $-0.00316956$ & $-0.0776809$ & $-0.0509422$ & $0.135524$ & $-0.0971367$ & $-0.0437477$ & $0.227567$ & $-0.444028$ & $-0.0473445$ & $-0.0680407$ & $-0.125166$ & $0.145448$ & $1$ & $0.11321$ & $0.190945$ & $-0.259567$ & $0.0302269$ & $-0.0504943$ & $-0.131556$ & $-0.107722$ & $0.0268392$ \\
eHZgapar & $0.177465$ & $0.025542$ & $-0.0299381$ & $0.295727$ & $0.00414331$ & $-0.00799432$ & $0.122173$ & $-0.00629832$ & $-0.0101983$ & $0.0336041$ & $-0.0165301$ & $-0.0944382$ & $-0.109717$ & $0.0605522$ & $-0.0213434$ & $0.0248016$ & $0.0380617$ & $0.0526068$ & $0.0115047$ & $0.00428656$ & $-0.0151321$ & $-0.0238186$ & $0.0192899$ & $0.0361288$ & $0.0287036$ & $-0.0499735$ & $-0.0410156$ & $0.0264916$ & $0.0126258$ & $-0.0493033$ & $-0.0361651$ & $0.117666$ & $-0.030784$ & $0.0211925$ & $-0.0805396$ & $-0.00981474$ & $-0.00296849$ & $0.191213$ & $-0.188347$ & $0.183315$ & $0.11321$ & $1$ & $-0.28615$ & $-0.0646581$ & $0.0106185$ & $-0.030104$ & $-0.0416577$ & $0.0221662$ & $0.043082$ \\
eHgagaint & $-0.0963128$ & $-0.0256688$ & $0.256217$ & $-0.478636$ & $0.0495125$ & $0.00370693$ & $0.047259$ & $0.0311484$ & $0.0623039$ & $-0.0538972$ & $0.00186152$ & $-0.069032$ & $-0.0631691$ & $-0.0700387$ & $-0.0982724$ & $-0.0364385$ & $-0.0508034$ & $-0.00536343$ & $-0.0298062$ & $0.0144507$ & $0.0225169$ & $0.0268706$ & $-0.0777209$ & $-0.0286537$ & $-0.00603498$ & $0.0509384$ & $0.150329$ & $-0.00909219$ & $0.00955314$ & $0.036224$ & $0.0116126$ & $0.0460694$ & $0.0072334$ & $0.0609946$ & $-0.133513$ & $-0.0731998$ & $-0.419064$ & $-0.140015$ & $-0.263195$ & $0.0447575$ & $0.190945$ & $-0.28615$ & $1$ & $-0.127888$ & $0.0948079$ & $-0.164035$ & $0.0792375$ & $0.14031$ & $-0.0503962$ \\
eHmumuint & $0.182008$ & $-0.0888965$ & $0.0577168$ & $0.0686139$ & $-0.0693826$ & $-0.0221359$ & $-0.134773$ & $-0.0251862$ & $-0.0306625$ & $0.0378211$ & $-0.00265794$ & $0.0713485$ & $0.0826524$ & $0.0410144$ & $0.119217$ & $0.125021$ & $0.0368179$ & $-0.00295552$ & $-0.0229499$ & $-0.000393407$ & $-0.0534444$ & $-0.034377$ & $0.0245153$ & $0.0506436$ & $-0.0178216$ & $-0.043797$ & $-0.235132$ & $-0.0303478$ & $0.00849767$ & $0.00287625$ & $-0.00998429$ & $-0.140567$ & $0.0251865$ & $-0.0750826$ & $-0.151717$ & $0.30385$ & $-0.032094$ & $0.0762052$ & $-0.0814388$ & $0.225811$ & $-0.259567$ & $-0.0646581$ & $-0.127888$ & $1$ & $0.194697$ & $-0.072483$ & $-0.00774409$ & $-0.0982124$ & $0.0509946$ \\
eHtautauint & $-0.223278$ & $-0.502486$ & $0.189095$ & $-0.239014$ & $0.0170376$ & $-0.00328576$ & $0.0747143$ & $0.0451886$ & $0.0478684$ & $-0.0230074$ & $-0.0521157$ & $-0.0811706$ & $-0.122649$ & $0.0182972$ & $0.145461$ & $0.125197$ & $-0.0292097$ & $-0.0785164$ & $-0.0692712$ & $0.0606673$ & $-0.0208281$ & $0.00873816$ & $-0.0329273$ & $0.0495973$ & $-0.068683$ & $-0.0155706$ & $-0.246304$ & $0.0724074$ & $-0.0171374$ & $0.0107405$ & $-0.0411777$ & $0.0847171$ & $-0.0438728$ & $-0.124296$ & $0.187425$ & $-0.24836$ & $-0.271438$ & $-0.0828968$ & $-0.0631945$ & $0.351571$ & $0.0302269$ & $0.0106185$ & $0.0948079$ & $0.194697$ & $1$ & $-0.240067$ & $-0.0590914$ & $-0.169776$ & $-0.0508818$ \\
eHccint & $-0.194874$ & $0.398667$ & $-0.395003$ & $-0.0671961$ & $-0.0286008$ & $-0.0178603$ & $0.0151442$ & $-0.045396$ & $-0.0517364$ & $0.0565233$ & $0.0263548$ & $-0.0881894$ & $-0.0913418$ & $0.0141475$ & $-0.0321249$ & $-0.0682718$ & $0.0383362$ & $0.0141171$ & $0.0547767$ & $-0.0224274$ & $0.0395458$ & $0.0265382$ & $-0.0149204$ & $-0.00355435$ & $0.0670848$ & $0.127128$ & $0.216656$ & $-0.0122715$ & $-0.0404408$ & $-0.0946487$ & $-0.0356216$ & $-0.0150905$ & $-0.138774$ & $0.00598193$ & $-0.0713286$ & $-0.173113$ & $0.5448$ & $0.0586638$ & $0.0400686$ & $0.0768412$ & $-0.0504943$ & $-0.030104$ & $-0.164035$ & $-0.072483$ & $-0.240067$ & $1$ & $-0.363634$ & $0.0549557$ & $-0.199574$ \\
eHccpar & $0.301871$ & $-0.0508408$ & $0.126484$ & $0.161598$ & $-0.0074554$ & $0.0136588$ & $-0.0287213$ & $-0.100602$ & $-0.0960327$ & $0.0363233$ & $0.0933459$ & $0.0732648$ & $0.0678465$ & $0.0286396$ & $0.032707$ & $0.0403772$ & $0.0580821$ & $0.0593816$ & $0.0438901$ & $-0.1058$ & $-0.120691$ & $-0.129558$ & $0.00899324$ & $0.082175$ & $0.0230792$ & $-0.0245104$ & $-0.198313$ & $0.000335032$ & $-0.00536064$ & $0.0817246$ & $0.112805$ & $-0.00664186$ & $0.0943333$ & $-0.0587433$ & $-0.050655$ & $0.152712$ & $-0.0763477$ & $-0.243374$ & $0.0940137$ & $-0.0850185$ & $-0.131556$ & $-0.0416577$ & $0.0792375$ & $-0.00774409$ & $-0.0590914$ & $-0.363634$ & $1$ & $0.042302$ & $0.0230964$ \\
eHbbint & $0.0541548$ & $0.0917506$ & $0.032039$ & $0.0671754$ & $-0.0023627$ & $0.00890283$ & $0.0238257$ & $0.0736677$ & $0.0762394$ & $-0.0396361$ & $-0.0486581$ & $-0.091132$ & $-0.0802807$ & $-0.057221$ & $-0.0679539$ & $-0.0242217$ & $-0.056718$ & $-0.0170935$ & $-0.0379001$ & $0.0625696$ & $0.0764571$ & $0.0642419$ & $-0.0135611$ & $-0.0709207$ & $-0.0502738$ & $0.0296855$ & $0.134812$ & $-0.00244082$ & $-0.00154804$ & $-0.0770466$ & $-0.0268473$ & $-0.00297326$ & $-0.076414$ & $0.104171$ & $-0.0241731$ & $-0.0552097$ & $-0.0156943$ & $-0.0349809$ & $-0.0694744$ & $-0.133719$ & $-0.107722$ & $0.0221662$ & $0.14031$ & $-0.0982124$ & $-0.169776$ & $0.0549557$ & $0.042302$ & $1$ & $-0.129387$ \\
eHbbpar & $-0.134667$ & $0.074046$ & $0.300603$ & $-0.180234$ & $0.0603642$ & $0.0149639$ & $-0.0305978$ & $0.0314925$ & $0.0287377$ & $-0.0122223$ & $-0.0204816$ & $0.0344939$ & $0.0318649$ & $-0.0127792$ & $0.0123894$ & $-0.0145447$ & $-0.0268494$ & $-0.0204283$ & $-0.0168092$ & $0.0403591$ & $0.0135395$ & $0.0192211$ & $0.00840889$ & $-0.0511056$ & $-0.0389384$ & $-0.0678758$ & $-0.0498493$ & $0.000490524$ & $0.0322586$ & $0.00152182$ & $0.0137847$ & $-0.0120839$ & $0.19759$ & $0.0257028$ & $0.36393$ & $0.0561736$ & $0.0361835$ & $-0.224055$ & $0.170623$ & $-0.134228$ & $0.0268392$ & $0.043082$ & $-0.0503962$ & $0.0509946$ & $-0.0508818$ & $-0.199574$ & $0.0230964$ & $-0.129387$ & $1$ \\
