 & AlsMz & dAle5Mz & mtop & mHl & Mz & CW & CHG & CHWB & CHWHB_gaga & CHWHB_gagaorth & CHD & CHbox & CH & CHL1_11 & CHL1_22 & CHL1_33 & CHL3_11 & CHL3_22 & CHL3_33 & CHe_11 & CHe_22 & CHe_33 & CHQ1_11 & CHQ1_33 & CHQ3_11 & CHu_11 & CHd_11 & CHd_33 & CeH_22r & CeH_33r & CuH_22r & CuH_33r & CdH_33r & CLL_1221 & eHggint & eHggpar & eHWWint & eHWWpar & eHZZint & eHZZpar & eHZgaint & eHZgapar & eHgagaint & eHmumuint & eHtautauint & eHccint & eHccpar & eHbbint & eHbbpar \\
AlsMz & $1$ & $0.196957$ & $-0.418971$ & $-0.0789443$ & $0.0446646$ & $0.0311098$ & $0.000398705$ & $-0.0394874$ & $-0.0318971$ & $-0.0244549$ & $0.0286348$ & $0.0340565$ & $0.0337014$ & $-0.00791282$ & $-0.0152275$ & $-0.0349793$ & $0.0151025$ & $0.0190235$ & $0.0297491$ & $-0.0291919$ & $-0.0293502$ & $-0.0302136$ & $-0.00165769$ & $0.00173854$ & $-0.0124587$ & $0.0175908$ & $-0.0177894$ & $-0.0226591$ & $-0.0228444$ & $0.0219374$ & $0.0383666$ & $0.00478735$ & $-0.0066288$ & $-0.0179703$ & $-0.478146$ & $0.0837917$ & $-0.106908$ & $-0.0175293$ & $0.0647989$ & $0.108226$ & $0.227763$ & $-0.0540236$ & $0.257202$ & $-0.203354$ & $-0.318138$ & $-0.541753$ & $0.170195$ & $0.156428$ & $-0.412087$ \\
dAle5Mz & $0.196957$ & $1$ & $-0.000590405$ & $0.379101$ & $-0.052146$ & $-0.0435867$ & $0.00570032$ & $-0.0161086$ & $-0.0211033$ & $0.0151118$ & $0.0144357$ & $-0.0248985$ & $0.000361948$ & $-0.0233989$ & $-0.00139776$ & $-0.0217544$ & $0.00279733$ & $-0.0113602$ & $0.0069234$ & $-0.00942719$ & $-0.00511995$ & $-0.00439978$ & $0.0382189$ & $-0.0111771$ & $-0.0147476$ & $-0.00684213$ & $0.00545487$ & $-0.00628544$ & $-0.0196786$ & $0.00956482$ & $0.0481799$ & $0.00680411$ & $-0.00355045$ & $0.0138101$ & $-0.0171043$ & $-0.206209$ & $-0.350792$ & $-0.0505944$ & $-0.0676944$ & $0.0935885$ & $-0.198771$ & $-0.0515061$ & $-0.367175$ & $0.144734$ & $-0.195617$ & $-0.244335$ & $0.240302$ & $0.0409559$ & $-0.133274$ \\
mtop & $-0.418971$ & $-0.000590405$ & $1$ & $0.349084$ & $-0.0602975$ & $-0.0128173$ & $-0.0722005$ & $0.00489361$ & $-0.00191886$ & $-0.0163847$ & $0.0017593$ & $0.0672808$ & $0.0545932$ & $-0.0177216$ & $-0.0211838$ & $0.0123754$ & $0.00458617$ & $0.00449725$ & $-0.0090199$ & $-0.000465703$ & $0.00248237$ & $0.00768442$ & $0.0364157$ & $0.0054526$ & $0.0219216$ & $-0.0130942$ & $0.0392606$ & $0.00272647$ & $0.00688146$ & $0.0342473$ & $0.0111452$ & $-0.0751745$ & $0.0154492$ & $0.0325773$ & $0.122927$ & $-0.0413056$ & $0.0411978$ & $-0.0147537$ & $0.00939231$ & $-0.185703$ & $-0.227384$ & $0.122893$ & $-0.249467$ & $-0.0545089$ & $0.0459853$ & $0.341299$ & $0.112902$ & $-0.446945$ & $-0.0244943$ \\
mHl & $-0.0789443$ & $0.379101$ & $0.349084$ & $1$ & $-0.0248846$ & $0.00148339$ & $-0.0727742$ & $0.0170879$ & $0.0196523$ & $-0.0359035$ & $-0.0240854$ & $0.0555724$ & $0.0806694$ & $0.0236919$ & $0.0143066$ & $-0.00527053$ & $0.00916623$ & $0.00303364$ & $0.0253607$ & $0.0283346$ & $0.0295054$ & $0.0343834$ & $0.0209494$ & $-0.00718685$ & $0.0117194$ & $-0.0256429$ & $0.0171312$ & $-0.0117729$ & $0.015592$ & $0.0802932$ & $0.0500775$ & $-0.0853503$ & $0.0398789$ & $0.00542995$ & $-0.158696$ & $-0.497082$ & $-0.356972$ & $0.0594459$ & $-0.0173313$ & $-0.0492697$ & $-0.210402$ & $0.0732644$ & $-0.188171$ & $0.0834234$ & $-0.41805$ & $0.0286024$ & $0.0461361$ & $-0.256958$ & $-0.261809$ \\
Mz & $0.0446646$ & $-0.052146$ & $-0.0602975$ & $-0.0248846$ & $1$ & $-0.0116805$ & $-0.0161278$ & $-0.0169464$ & $-0.0161663$ & $0.0213181$ & $0.014628$ & $-0.0140946$ & $-0.0120019$ & $0.0103482$ & $0.0187132$ & $0.0202412$ & $0.00872772$ & $0.00335989$ & $0.00361441$ & $-0.00801211$ & $-0.0118732$ & $-0.0132272$ & $-0.0214326$ & $0.0190947$ & $0.00297008$ & $0.00726428$ & $-0.0375474$ & $-0.0173602$ & $-0.00824913$ & $-0.0065044$ & $0.00187764$ & $-0.0234919$ & $-0.00854193$ & $-0.0381358$ & $-0.0419356$ & $0.0473546$ & $0.003454$ & $-0.00569049$ & $0.0188072$ & $-0.0247929$ & $0.0200797$ & $0.0142719$ & $0.0501912$ & $0.011666$ & $0.030509$ & $-0.0317934$ & $-0.0148185$ & $0.0128745$ & $-0.039321$ \\
CW & $0.0311098$ & $-0.0435867$ & $-0.0128173$ & $0.00148339$ & $-0.0116805$ & $1$ & $0.0169804$ & $-0.028035$ & $-0.0269515$ & $0.0110693$ & $0.139564$ & $0.0223054$ & $-0.021556$ & $-0.0358441$ & $-0.102682$ & $-0.0754547$ & $-0.376864$ & $-0.16715$ & $-0.184087$ & $-0.139593$ & $-0.140927$ & $-0.141108$ & $0.0291576$ & $-0.139952$ & $-0.226762$ & $0.0863099$ & $-0.0514964$ & $-0.067919$ & $0.018358$ & $0.00157362$ & $-0.0178045$ & $0.026534$ & $-0.0177449$ & $-0.0665387$ & $-0.00662503$ & $0.0199731$ & $0.0316282$ & $0.0293938$ & $-0.031966$ & $-0.0499653$ & $0.0344375$ & $0.00960158$ & $0.062963$ & $0.000202771$ & $-0.00240005$ & $0.00818953$ & $-0.0184779$ & $-0.00601117$ & $0.00125175$ \\
CHG & $0.000398705$ & $0.00570032$ & $-0.0722005$ & $-0.0727742$ & $-0.0161278$ & $0.0169804$ & $1$ & $-0.0464476$ & $-0.0247377$ & $0.167215$ & $0.104591$ & $-0.685822$ & $-0.756389$ & $-0.139134$ & $-0.0392247$ & $-0.0290769$ & $-0.115867$ & $-0.103104$ & $-0.106402$ & $-0.102572$ & $-0.104796$ & $-0.101351$ & $-0.0287797$ & $-0.0696884$ & $-0.122878$ & $0.0960698$ & $-0.0547412$ & $-0.0733491$ & $-0.12606$ & $-0.56981$ & $-0.363568$ & $0.95013$ & $-0.603885$ & $-0.00901076$ & $-0.029082$ & $0.00132684$ & $0.0447841$ & $0.00974659$ & $0.105188$ & $0.103821$ & $-0.111063$ & $-0.0101948$ & $0.154177$ & $0.0858647$ & $-0.0409241$ & $-0.0715889$ & $-0.054323$ & $0.128801$ & $0.0157341$ \\
CHWB & $-0.0394874$ & $-0.0161086$ & $0.00489361$ & $0.0170879$ & $-0.0169464$ & $-0.028035$ & $-0.0464476$ & $1$ & $0.991567$ & $-0.556276$ & $-0.880648$ & $-0.0654591$ & $0.0154279$ & $0.313684$ & $0.476252$ & $0.451905$ & $-0.203155$ & $-0.390653$ & $-0.375468$ & $0.864369$ & $0.893337$ & $0.885705$ & $0.0562032$ & $-0.613907$ & $-0.337858$ & $-0.6238$ & $0.437971$ & $0.404917$ & $0.00853055$ & $0.0153907$ & $0.0142495$ & $-0.0659275$ & $0.00956791$ & $0.520783$ & $0.00751408$ & $-0.0368772$ & $-0.0505572$ & $0.0367441$ & $0.0643268$ & $-0.0247883$ & $-0.0212145$ & $0.00868038$ & $-0.0273976$ & $0.00820588$ & $-0.00830687$ & $-0.0135046$ & $0.010466$ & $-0.0189922$ & $-0.00798976$ \\
CHWHB_gaga & $-0.0318971$ & $-0.0211033$ & $-0.00191886$ & $0.0196523$ & $-0.0161663$ & $-0.0269515$ & $-0.0247377$ & $0.991567$ & $1$ & $-0.554464$ & $-0.874767$ & $-0.0570036$ & $0.0206822$ & $0.314809$ & $0.475309$ & $0.448288$ & $-0.199642$ & $-0.386118$ & $-0.369279$ & $0.858805$ & $0.887126$ & $0.879328$ & $0.0556842$ & $-0.606548$ & $-0.331445$ & $-0.619155$ & $0.435321$ & $0.398833$ & $0.0175906$ & $0.0327243$ & $0.0282825$ & $-0.046157$ & $0.0296957$ & $0.512554$ & $0.000947395$ & $-0.037788$ & $-0.0483754$ & $0.041646$ & $0.0689614$ & $-0.0232789$ & $-0.0190026$ & $0.0122092$ & $-0.00900756$ & $0.01191$ & $-0.012126$ & $-0.0214862$ & $0.00772662$ & $-0.021822$ & $-0.00909343$ \\
CHWHB_gagaorth & $-0.0244549$ & $0.0151118$ & $-0.0163847$ & $-0.0359035$ & $0.0213181$ & $0.0110693$ & $0.167215$ & $-0.556276$ & $-0.554464$ & $1$ & $0.477179$ & $-0.0383751$ & $-0.228396$ & $-0.147128$ & $-0.242037$ & $-0.223038$ & $0.132954$ & $0.230918$ & $0.22239$ & $-0.465712$ & $-0.487598$ & $-0.48009$ & $-0.0711644$ & $0.363856$ & $0.208089$ & $0.367884$ & $-0.257635$ & $-0.229471$ & $-0.023602$ & $-0.206014$ & $-0.128343$ & $0.18044$ & $-0.226252$ & $-0.312609$ & $0.0340812$ & $0.0465697$ & $0.0576436$ & $-0.0372254$ & $-0.0466731$ & $0.0216552$ & $-0.0304837$ & $-0.00891625$ & $0.00345523$ & $0.000190974$ & $0.0355789$ & $0.0447256$ & $-0.0202782$ & $0.0740507$ & $0.015297$ \\
CHD & $0.0286348$ & $0.0144357$ & $0.0017593$ & $-0.0240854$ & $0.014628$ & $0.139564$ & $0.104591$ & $-0.880648$ & $-0.874767$ & $0.477179$ & $1$ & $0.0217139$ & $-0.105213$ & $-0.68915$ & $-0.590483$ & $-0.557772$ & $-0.257602$ & $-0.0221635$ & $-0.036923$ & $-0.995257$ & $-0.995416$ & $-0.984331$ & $0.0109529$ & $0.211799$ & $-0.0885324$ & $0.693743$ & $-0.308958$ & $-0.443191$ & $-0.02152$ & $-0.085914$ & $-0.055525$ & $0.125918$ & $-0.0948415$ & $-0.31672$ & $0.0004964$ & $0.0525757$ & $0.0311588$ & $-0.0153819$ & $-0.0645322$ & $0.029535$ & $-0.0166853$ & $-0.00658248$ & $0.0409595$ & $-0.00514985$ & $0.0290806$ & $0.0149627$ & $0.000175497$ & $0.0320317$ & $-0.0109276$ \\
CHbox & $0.0340565$ & $-0.0248985$ & $0.0672808$ & $0.0555724$ & $-0.0140946$ & $0.0223054$ & $-0.685822$ & $-0.0654591$ & $-0.0570036$ & $-0.0383751$ & $0.0217139$ & $1$ & $0.909924$ & $0.0529054$ & $-0.0143297$ & $-0.0284039$ & $0.0762916$ & $0.0881802$ & $0.0967041$ & $-0.0203997$ & $-0.0237493$ & $-0.022191$ & $0.00447601$ & $0.0995673$ & $0.0978501$ & $0.00322272$ & $-0.0125875$ & $0.0172622$ & $0.183322$ & $0.687057$ & $0.407121$ & $-0.57967$ & $0.740092$ & $-0.056586$ & $0.0275906$ & $-0.00710056$ & $-0.0560289$ & $-0.0110229$ & $-0.0584098$ & $-0.0696316$ & $0.180443$ & $0.0143388$ & $-0.119803$ & $-0.0405749$ & $-0.00810831$ & $0.0406653$ & $0.0100544$ & $-0.0818854$ & $0.0184292$ \\
CH & $0.0337014$ & $0.000361948$ & $0.0545932$ & $0.0806694$ & $-0.0120019$ & $-0.021556$ & $-0.756389$ & $0.0154279$ & $0.0206822$ & $-0.228396$ & $-0.105213$ & $0.909924$ & $1$ & $0.180003$ & $0.0443459$ & $0.0100923$ & $0.178369$ & $0.159884$ & $0.179002$ & $0.102905$ & $0.104522$ & $0.103043$ & $0.00988723$ & $0.121544$ & $0.178931$ & $-0.0910416$ & $0.031916$ & $0.0671254$ & $0.182354$ & $0.721272$ & $0.432121$ & $-0.665737$ & $0.775986$ & $-0.0231078$ & $-0.00611405$ & $-0.0531031$ & $-0.0641098$ & $0.0165934$ & $-0.0528899$ & $-0.0780805$ & $0.167189$ & $0.00912191$ & $-0.159885$ & $-0.072432$ & $-0.0215092$ & $0.0280069$ & $0.000729704$ & $-0.111521$ & $0.0153283$ \\
CHL1_11 & $-0.00791282$ & $-0.0233989$ & $-0.0177216$ & $0.0236919$ & $0.0103482$ & $-0.0358441$ & $-0.139134$ & $0.313684$ & $0.314809$ & $-0.147128$ & $-0.68915$ & $0.0529054$ & $0.180003$ & $1$ & $0.438325$ & $0.410142$ & $0.635612$ & $0.574904$ & $0.581512$ & $0.700072$ & $0.663129$ & $0.651324$ & $-0.0868879$ & $0.415125$ & $0.598841$ & $-0.472887$ & $-0.0251134$ & $0.287568$ & $0.0359048$ & $0.145243$ & $0.0867042$ & $-0.153292$ & $0.168242$ & $-0.159244$ & $-0.0111068$ & $-0.0461391$ & $0.0304599$ & $-0.00970837$ & $0.0212976$ & $-0.0380484$ & $0.0708356$ & $0.00139144$ & $-0.0203017$ & $0.0294116$ & $-0.0482648$ & $-0.00311523$ & $-0.0405945$ & $-0.0489896$ & $0.0472902$ \\
CHL1_22 & $-0.0152275$ & $-0.00139776$ & $-0.0211838$ & $0.0143066$ & $0.0187132$ & $-0.102682$ & $-0.0392247$ & $0.476252$ & $0.475309$ & $-0.242037$ & $-0.590483$ & $-0.0143297$ & $0.0443459$ & $0.438325$ & $1$ & $0.539704$ & $0.185544$ & $-0.301394$ & $0.010672$ & $0.630753$ & $0.537403$ & $0.528596$ & $-0.152564$ & $0.0482472$ & $-0.0425869$ & $-0.382264$ & $-0.257666$ & $0.24507$ & $0.00146833$ & $0.040797$ & $0.0280131$ & $-0.0530753$ & $0.0350526$ & $-0.464957$ & $-0.00511735$ & $-6.45121e-05$ & $0.0339899$ & $-0.0337177$ & $0.00366067$ & $-0.0587634$ & $0.0126941$ & $0.0179831$ & $-0.0265896$ & $0.0315381$ & $0.0251078$ & $0.0204479$ & $0.0112726$ & $-0.023493$ & $-0.00607255$ \\
CHL1_33 & $-0.0349793$ & $-0.0217544$ & $0.0123754$ & $-0.00527053$ & $0.0202412$ & $-0.0754547$ & $-0.0290769$ & $0.451905$ & $0.448288$ & $-0.223038$ & $-0.557772$ & $-0.0284039$ & $0.0100923$ & $0.410142$ & $0.539704$ & $1$ & $0.166756$ & $-7.569e-05$ & $-0.307666$ & $0.599677$ & $0.503852$ & $0.514748$ & $-0.161339$ & $0.0502851$ & $-0.0563473$ & $-0.357892$ & $-0.276656$ & $0.235732$ & $0.00811005$ & $0.0137689$ & $0.0259217$ & $-0.0433982$ & $0.0196787$ & $-0.0341386$ & $0.0274598$ & $0.022461$ & $0.0186932$ & $-0.0330115$ & $0.059977$ & $-0.0402741$ & $0.0234596$ & $0.032669$ & $-0.0207766$ & $0.0407915$ & $0.0166238$ & $0.0210567$ & $-0.00359393$ & $-0.051921$ & $0.00289397$ \\
CHL3_11 & $0.0151025$ & $0.00279733$ & $0.00458617$ & $0.00916623$ & $0.00872772$ & $-0.376864$ & $-0.115867$ & $-0.203155$ & $-0.199642$ & $0.132954$ & $-0.257602$ & $0.0762916$ & $0.178369$ & $0.635612$ & $0.185544$ & $0.166756$ & $1$ & $0.818059$ & $0.819354$ & $0.269848$ & $0.236083$ & $0.229528$ & $-0.108343$ & $0.749294$ & $0.862358$ & $-0.153257$ & $-0.145546$ & $0.0894516$ & $0.0216643$ & $0.137504$ & $0.0822267$ & $-0.120495$ & $0.168147$ & $-0.253664$ & $-0.0127113$ & $-0.0349552$ & $0.0210386$ & $-0.038623$ & $0.0129644$ & $0.00371895$ & $0.0648333$ & $-0.00427258$ & $-0.039073$ & $-0.03723$ & $-0.0342181$ & $-0.00166732$ & $-0.00388431$ & $-0.0153239$ & $0.0252329$ \\
CHL3_22 & $0.0190235$ & $-0.0113602$ & $0.00449725$ & $0.00303364$ & $0.00335989$ & $-0.16715$ & $-0.103104$ & $-0.390653$ & $-0.386118$ & $0.230918$ & $-0.0221635$ & $0.0881802$ & $0.159884$ & $0.574904$ & $-0.301394$ & $-7.569e-05$ & $0.818059$ & $1$ & $0.780473$ & $0.0228007$ & $0.0188041$ & $0.0172124$ & $-0.0457391$ & $0.728444$ & $0.865106$ & $-0.00747492$ & $-0.0655941$ & $-0.0077023$ & $0.0275793$ & $0.121223$ & $0.0706801$ & $-0.101991$ & $0.154964$ & $-0.0622916$ & $-0.00853215$ & $-0.0321587$ & $0.0184916$ & $-0.0182434$ & $0.0101939$ & $0.017881$ & $0.0703305$ & $-0.0104407$ & $-0.0112211$ & $-0.0231275$ & $-0.0555362$ & $-0.0115042$ & $-0.0324051$ & $-0.0210804$ & $0.0456421$ \\
CHL3_33 & $0.0297491$ & $0.0069234$ & $-0.0090199$ & $0.0253607$ & $0.00361441$ & $-0.184087$ & $-0.106402$ & $-0.375468$ & $-0.369279$ & $0.22239$ & $-0.036923$ & $0.0967041$ & $0.179002$ & $0.581512$ & $0.010672$ & $-0.307666$ & $0.819354$ & $0.780473$ & $1$ & $0.03626$ & $0.0354222$ & $0.0322196$ & $-0.0378483$ & $0.716955$ & $0.865625$ & $-0.018404$ & $-0.0492067$ & $-0.00591977$ & $0.0247393$ & $0.135602$ & $0.0705598$ & $-0.105845$ & $0.160575$ & $-0.358511$ & $-0.037059$ & $-0.0484556$ & $0.0290619$ & $-0.017421$ & $-0.0317954$ & $0.00342231$ & $0.0572846$ & $-0.0161145$ & $-0.0218746$ & $-0.0293869$ & $-0.0509811$ & $-0.00955208$ & $-0.0225593$ & $-0.00539967$ & $0.0359111$ \\
CHe_11 & $-0.0291919$ & $-0.00942719$ & $-0.000465703$ & $0.0283346$ & $-0.00801211$ & $-0.139593$ & $-0.102572$ & $0.864369$ & $0.858805$ & $-0.465712$ & $-0.995257$ & $-0.0203997$ & $0.102905$ & $0.700072$ & $0.630753$ & $0.599677$ & $0.269848$ & $0.0228007$ & $0.03626$ & $1$ & $0.985836$ & $0.975099$ & $-0.0295985$ & $-0.177362$ & $0.0937774$ & $-0.687163$ & $0.256573$ & $0.438165$ & $0.0206381$ & $0.0836548$ & $0.0546843$ & $-0.124009$ & $0.0921134$ & $0.261025$ & $0.000460716$ & $-0.0514459$ & $-0.0285051$ & $0.0103094$ & $0.0632409$ & $-0.0314854$ & $0.0152201$ & $0.00859977$ & $-0.0431633$ & $0.00929561$ & $-0.0286204$ & $-0.0130224$ & $-9.41047e-05$ & $-0.0364711$ & $0.011969$ \\
CHe_22 & $-0.0293502$ & $-0.00511995$ & $0.00248237$ & $0.0295054$ & $-0.0118732$ & $-0.140927$ & $-0.104796$ & $0.893337$ & $0.887126$ & $-0.487598$ & $-0.995416$ & $-0.0237493$ & $0.104522$ & $0.663129$ & $0.537403$ & $0.503852$ & $0.236083$ & $0.0188041$ & $0.0354222$ & $0.985836$ & $1$ & $0.987075$ & $0.0104098$ & $-0.252498$ & $0.07941$ & $-0.695175$ & $0.368568$ & $0.443778$ & $0.0213337$ & $0.0847677$ & $0.0546426$ & $-0.125893$ & $0.0936222$ & $0.380305$ & $-0.000568649$ & $-0.0579696$ & $-0.0395489$ & $0.021241$ & $0.0649134$ & $-0.0244679$ & $0.0115585$ & $0.00552318$ & $-0.0448427$ & $0.00208059$ & $-0.0328145$ & $-0.0181585$ & $0.0021427$ & $-0.029743$ & $0.00944557$ \\
CHe_33 & $-0.0302136$ & $-0.00439978$ & $0.00768442$ & $0.0343834$ & $-0.0132272$ & $-0.141108$ & $-0.101351$ & $0.885705$ & $0.879328$ & $-0.48009$ & $-0.984331$ & $-0.022191$ & $0.103043$ & $0.651324$ & $0.528596$ & $0.514748$ & $0.229528$ & $0.0172124$ & $0.0322196$ & $0.975099$ & $0.987075$ & $1$ & $0.00815192$ & $-0.253988$ & $0.0739145$ & $-0.684963$ & $0.36449$ & $0.438247$ & $0.0200392$ & $0.0807241$ & $0.0507518$ & $-0.122929$ & $0.0892956$ & $0.383058$ & $-0.00732888$ & $-0.0583506$ & $-0.0444483$ & $0.0195518$ & $0.0652372$ & $-0.0267619$ & $0.00728075$ & $0.009356$ & $-0.050307$ & $0.00109688$ & $-0.0364083$ & $-0.0224874$ & $0.00344452$ & $-0.0298388$ & $0.00542475$ \\
CHQ1_11 & $-0.00165769$ & $0.0382189$ & $0.0364157$ & $0.0209494$ & $-0.0214326$ & $0.0291576$ & $-0.0287797$ & $0.0562032$ & $0.0556842$ & $-0.0711644$ & $0.0109529$ & $0.00447601$ & $0.00988723$ & $-0.0868879$ & $-0.152564$ & $-0.161339$ & $-0.108343$ & $-0.0457391$ & $-0.0378483$ & $-0.0295985$ & $0.0104098$ & $0.00815192$ & $1$ & $-0.154125$ & $0.00721979$ & $-0.57095$ & $0.326979$ & $-0.0266239$ & $-0.0101374$ & $0.0108212$ & $0.0085149$ & $-0.0287232$ & $0.0135442$ & $0.193935$ & $0.0140563$ & $-0.0447882$ & $-0.0200657$ & $-0.0468748$ & $-0.0154807$ & $-0.0121251$ & $-0.0318891$ & $0.000722262$ & $-0.00195786$ & $-0.0200003$ & $-0.0537264$ & $-0.0202504$ & $0.00600374$ & $-0.0267937$ & $0.00234131$ \\
CHQ1_33 & $0.00173854$ & $-0.0111771$ & $0.0054526$ & $-0.00718685$ & $0.0190947$ & $-0.139952$ & $-0.0696884$ & $-0.613907$ & $-0.606548$ & $0.363856$ & $0.211799$ & $0.0995673$ & $0.121544$ & $0.415125$ & $0.0482472$ & $0.0502851$ & $0.749294$ & $0.728444$ & $0.716955$ & $-0.177362$ & $-0.252498$ & $-0.253988$ & $-0.154125$ & $1$ & $0.735742$ & $0.171176$ & $-0.427467$ & $-0.0384819$ & $0.00875508$ & $0.0954771$ & $0.0526386$ & $-0.0652249$ & $0.119831$ & $-0.613407$ & $0.0190492$ & $0.00247206$ & $0.0657751$ & $-0.0589968$ & $-0.0282597$ & $-0.00559645$ & $0.0609659$ & $0.00248488$ & $0.00105896$ & $0.017741$ & $-0.00403743$ & $0.0238798$ & $-0.0298749$ & $-0.0262836$ & $0.0591031$ \\
CHQ3_11 & $-0.0124587$ & $-0.0147476$ & $0.0219216$ & $0.0117194$ & $0.00297008$ & $-0.226762$ & $-0.122878$ & $-0.337858$ & $-0.331445$ & $0.208089$ & $-0.0885324$ & $0.0978501$ & $0.178931$ & $0.598841$ & $-0.0425869$ & $-0.0563473$ & $0.862358$ & $0.865106$ & $0.865625$ & $0.0937774$ & $0.07941$ & $0.0739145$ & $0.00721979$ & $0.735742$ & $1$ & $-0.0412439$ & $0.112942$ & $0.0156124$ & $0.0263102$ & $0.132133$ & $0.0801477$ & $-0.125033$ & $0.171438$ & $-0.241908$ & $0.00457144$ & $-0.0487784$ & $0.0207359$ & $-0.0233782$ & $0.00197165$ & $0.00219388$ & $0.0568535$ & $-0.00790364$ & $-0.0378534$ & $-0.0337791$ & $-0.049494$ & $0.0113815$ & $-0.0316809$ & $-0.0255728$ & $0.053647$ \\
CHu_11 & $0.0175908$ & $-0.00684213$ & $-0.0130942$ & $-0.0256429$ & $0.00726428$ & $0.0863099$ & $0.0960698$ & $-0.6238$ & $-0.619155$ & $0.367884$ & $0.693743$ & $0.00322272$ & $-0.0910416$ & $-0.472887$ & $-0.382264$ & $-0.357892$ & $-0.153257$ & $-0.00747492$ & $-0.018404$ & $-0.687163$ & $-0.695175$ & $-0.684963$ & $-0.57095$ & $0.171176$ & $-0.0412439$ & $1$ & $-0.210913$ & $-0.30181$ & $-0.00601672$ & $-0.0819001$ & $-0.0497169$ & $0.109259$ & $-0.0838377$ & $-0.253238$ & $-0.00531229$ & $0.0458775$ & $0.0237486$ & $0.0306001$ & $-0.0226814$ & $0.0266549$ & $-0.00418898$ & $-0.00613309$ & $0.0298501$ & $0.00427793$ & $0.0525$ & $0.0165254$ & $0.00226878$ & $0.0418799$ & $-0.0143924$ \\
CHd_11 & $-0.0177894$ & $0.00545487$ & $0.0392606$ & $0.0171312$ & $-0.0375474$ & $-0.0514964$ & $-0.0547412$ & $0.437971$ & $0.435321$ & $-0.257635$ & $-0.308958$ & $-0.0125875$ & $0.031916$ & $-0.0251134$ & $-0.257666$ & $-0.276656$ & $-0.145546$ & $-0.0655941$ & $-0.0492067$ & $0.256573$ & $0.368568$ & $0.36449$ & $0.326979$ & $-0.427467$ & $0.112942$ & $-0.210913$ & $1$ & $0.140769$ & $0.00461481$ & $0.0128639$ & $0.0149911$ & $-0.0640949$ & $0.0290268$ & $0.685885$ & $0.0142005$ & $-0.0733921$ & $-0.088718$ & $0.0579807$ & $0.0468082$ & $0.0194616$ & $-0.0391367$ & $-0.0129068$ & $-0.0307971$ & $-0.0523582$ & $-0.0519779$ & $-0.0335427$ & $0.00766171$ & $0.00437028$ & $0.00384323$ \\
CHd_33 & $-0.0226591$ & $-0.00628544$ & $0.00272647$ & $-0.0117729$ & $-0.0173602$ & $-0.067919$ & $-0.0733491$ & $0.404917$ & $0.398833$ & $-0.229471$ & $-0.443191$ & $0.0172622$ & $0.0671254$ & $0.287568$ & $0.24507$ & $0.235732$ & $0.0894516$ & $-0.0077023$ & $-0.00591977$ & $0.438165$ & $0.443778$ & $0.438247$ & $-0.0266239$ & $-0.0384819$ & $0.0156124$ & $-0.30181$ & $0.140769$ & $1$ & $0.0257023$ & $0.0472479$ & $0.0305176$ & $-0.0800177$ & $0.0545825$ & $0.171272$ & $0.0516127$ & $-0.0137395$ & $-0.00920974$ & $-0.0265714$ & $0.0493532$ & $0.0201545$ & $0.0280223$ & $0.0173346$ & $-0.00979617$ & $0.044127$ & $0.00832054$ & $-0.00541077$ & $-0.00948376$ & $-0.0364421$ & $0.0367693$ \\
CeH_22r & $-0.0228444$ & $-0.0196786$ & $0.00688146$ & $0.015592$ & $-0.00824913$ & $0.018358$ & $-0.12606$ & $0.00853055$ & $0.0175906$ & $-0.023602$ & $-0.02152$ & $0.183322$ & $0.182354$ & $0.0359048$ & $0.00146833$ & $0.00811005$ & $0.0216643$ & $0.0275793$ & $0.0247393$ & $0.0206381$ & $0.0213337$ & $0.0200392$ & $-0.0101374$ & $0.00875508$ & $0.0263102$ & $-0.00601672$ & $0.00461481$ & $0.0257023$ & $1$ & $0.144554$ & $0.0691015$ & $-0.122854$ & $0.162709$ & $0.00277715$ & $0.0164124$ & $0.0306003$ & $-0.0297437$ & $-0.00106943$ & $0.000170226$ & $-0.0189849$ & $0.0432923$ & $0.0480435$ & $-0.00300653$ & $-0.0408458$ & $0.0218772$ & $0.0137201$ & $0.031465$ & $-0.0100904$ & $-0.00231007$ \\
CeH_33r & $0.0219374$ & $0.00956482$ & $0.0342473$ & $0.0802932$ & $-0.0065044$ & $0.00157362$ & $-0.56981$ & $0.0153907$ & $0.0327243$ & $-0.206014$ & $-0.085914$ & $0.687057$ & $0.721272$ & $0.145243$ & $0.040797$ & $0.0137689$ & $0.137504$ & $0.121223$ & $0.135602$ & $0.0836548$ & $0.0847677$ & $0.0807241$ & $0.0108212$ & $0.0954771$ & $0.132133$ & $-0.0819001$ & $0.0128639$ & $0.0472479$ & $0.144554$ & $1$ & $0.513082$ & $-0.420185$ & $0.862033$ & $-0.023057$ & $-0.0399964$ & $-0.0693368$ & $-0.0675168$ & $0.00798558$ & $-0.036921$ & $-0.0629445$ & $0.0887421$ & $-0.013058$ & $-0.13967$ & $-0.0266135$ & $-0.0135439$ & $-0.004796$ & $0.0162296$ & $-0.0765557$ & $-0.0298951$ \\
CuH_22r & $0.0383666$ & $0.0481799$ & $0.0111452$ & $0.0500775$ & $0.00187764$ & $-0.0178045$ & $-0.363568$ & $0.0142495$ & $0.0282825$ & $-0.128343$ & $-0.055525$ & $0.407121$ & $0.432121$ & $0.0867042$ & $0.0280131$ & $0.0259217$ & $0.0822267$ & $0.0706801$ & $0.0705598$ & $0.0546843$ & $0.0546426$ & $0.0507518$ & $0.0085149$ & $0.0526386$ & $0.0801477$ & $-0.0497169$ & $0.0149911$ & $0.0305176$ & $0.0691015$ & $0.513082$ & $1$ & $-0.261245$ & $0.556176$ & $-0.00744569$ & $-0.00357642$ & $-0.0111553$ & $-0.0964995$ & $0.0146232$ & $-0.00544701$ & $-0.0311536$ & $0.00729043$ & $0.0134411$ & $-0.11046$ & $-0.0797268$ & $0.0192751$ & $-0.00737999$ & $0.156522$ & $-0.0342427$ & $-0.0647343$ \\
CuH_33r & $0.00478735$ & $0.00680411$ & $-0.0751745$ & $-0.0853503$ & $-0.0234919$ & $0.026534$ & $0.95013$ & $-0.0659275$ & $-0.046157$ & $0.18044$ & $0.125918$ & $-0.57967$ & $-0.665737$ & $-0.153292$ & $-0.0530753$ & $-0.0433982$ & $-0.120495$ & $-0.101991$ & $-0.105845$ & $-0.124009$ & $-0.125893$ & $-0.122929$ & $-0.0287232$ & $-0.0652249$ & $-0.125033$ & $0.109259$ & $-0.0640949$ & $-0.0800177$ & $-0.122854$ & $-0.420185$ & $-0.261245$ & $1$ & $-0.429788$ & $-0.0158679$ & $-0.0188388$ & $0.00454721$ & $0.0510435$ & $0.00955885$ & $0.102941$ & $0.102545$ & $-0.0869529$ & $-0.00330891$ & $0.14541$ & $0.0821544$ & $-0.0399594$ & $-0.0754727$ & $-0.0619514$ & $0.144102$ & $0.0310367$ \\
CdH_33r & $-0.0066288$ & $-0.00355045$ & $0.0154492$ & $0.0398789$ & $-0.00854193$ & $-0.0177449$ & $-0.603885$ & $0.00956791$ & $0.0296957$ & $-0.226252$ & $-0.0948415$ & $0.740092$ & $0.775986$ & $0.168242$ & $0.0350526$ & $0.0196787$ & $0.168147$ & $0.154964$ & $0.160575$ & $0.0921134$ & $0.0936222$ & $0.0892956$ & $0.0135442$ & $0.119831$ & $0.171438$ & $-0.0838377$ & $0.0290268$ & $0.0545825$ & $0.162709$ & $0.862033$ & $0.556176$ & $-0.429788$ & $1$ & $-0.0210571$ & $0.0377042$ & $-0.0688441$ & $-0.0336449$ & $0.0048494$ & $-0.0924872$ & $-0.0424221$ & $0.148068$ & $0.0197413$ & $-0.129667$ & $-0.0259083$ & $-0.00269324$ & $0.0349773$ & $-0.0367532$ & $-0.0183751$ & $0.114996$ \\
CLL_1221 & $-0.0179703$ & $0.0138101$ & $0.0325773$ & $0.00542995$ & $-0.0381358$ & $-0.0665387$ & $-0.00901076$ & $0.520783$ & $0.512554$ & $-0.312609$ & $-0.31672$ & $-0.056586$ & $-0.0231078$ & $-0.159244$ & $-0.464957$ & $-0.0341386$ & $-0.253664$ & $-0.0622916$ & $-0.358511$ & $0.261025$ & $0.380305$ & $0.383058$ & $0.193935$ & $-0.613407$ & $-0.241908$ & $-0.253238$ & $0.685885$ & $0.171272$ & $0.00277715$ & $-0.023057$ & $-0.00744569$ & $-0.0158679$ & $-0.0210571$ & $1$ & $0.014584$ & $-0.0395094$ & $-0.0992071$ & $0.0623674$ & $0.0675704$ & $0.0407016$ & $-0.0395735$ & $-0.00829969$ & $-0.0205229$ & $-0.0403579$ & $-0.0310021$ & $-0.0389682$ & $0.0198725$ & $0.0121154$ & $-0.0149591$ \\
eHggint & $-0.478146$ & $-0.0171043$ & $0.122927$ & $-0.158696$ & $-0.0419356$ & $-0.00662503$ & $-0.029082$ & $0.00751408$ & $0.000947395$ & $0.0340812$ & $0.0004964$ & $0.0275906$ & $-0.00611405$ & $-0.0111068$ & $-0.00511735$ & $0.0274598$ & $-0.0127113$ & $-0.00853215$ & $-0.037059$ & $0.000460716$ & $-0.000568649$ & $-0.00732888$ & $0.0140563$ & $0.0190492$ & $0.00457144$ & $-0.00531229$ & $0.0142005$ & $0.0516127$ & $0.0164124$ & $-0.0399964$ & $-0.00357642$ & $-0.0188388$ & $0.0377042$ & $0.014584$ & $1$ & $0.135609$ & $0.0106634$ & $-0.0744477$ & $-0.180512$ & $-0.000395823$ & $0.156887$ & $-0.00390552$ & $0.0467825$ & $0.210905$ & $0.0292353$ & $0.359631$ & $-0.145759$ & $0.0455457$ & $0.559986$ \\
eHggpar & $0.0837917$ & $-0.206209$ & $-0.0413056$ & $-0.497082$ & $0.0473546$ & $0.0199731$ & $0.00132684$ & $-0.0368772$ & $-0.037788$ & $0.0465697$ & $0.0525757$ & $-0.00710056$ & $-0.0531031$ & $-0.0461391$ & $-6.45121e-05$ & $0.022461$ & $-0.0349552$ & $-0.0321587$ & $-0.0484556$ & $-0.0514459$ & $-0.0579696$ & $-0.0583506$ & $-0.0447882$ & $0.00247206$ & $-0.0487784$ & $0.0458775$ & $-0.0733921$ & $-0.0137395$ & $0.0306003$ & $-0.0693368$ & $-0.0111553$ & $0.00454721$ & $-0.0688441$ & $-0.0395094$ & $0.135609$ & $1$ & $0.284575$ & $-0.0628373$ & $-0.00155827$ & $0.0429194$ & $0.280155$ & $0.146749$ & $0.30685$ & $-0.18057$ & $0.482874$ & $0.175017$ & $0.0482619$ & $0.133281$ & $0.01407$ \\
eHWWint & $-0.106908$ & $-0.350792$ & $0.0411978$ & $-0.356972$ & $0.003454$ & $0.0316282$ & $0.0447841$ & $-0.0505572$ & $-0.0483754$ & $0.0576436$ & $0.0311588$ & $-0.0560289$ & $-0.0641098$ & $0.0304599$ & $0.0339899$ & $0.0186932$ & $0.0210386$ & $0.0184916$ & $0.0290619$ & $-0.0285051$ & $-0.0395489$ & $-0.0444483$ & $-0.0200657$ & $0.0657751$ & $0.0207359$ & $0.0237486$ & $-0.088718$ & $-0.00920974$ & $-0.0297437$ & $-0.0675168$ & $-0.0964995$ & $0.0510435$ & $-0.0336449$ & $-0.0992071$ & $0.0106634$ & $0.284575$ & $1$ & $-0.0482322$ & $-0.109399$ & $-0.0442924$ & $0.389429$ & $0.0360892$ & $0.295562$ & $-0.0517827$ & $0.249105$ & $0.430195$ & $-0.464495$ & $-0.0274901$ & $0.288282$ \\
eHWWpar & $-0.0175293$ & $-0.0505944$ & $-0.0147537$ & $0.0594459$ & $-0.00569049$ & $0.0293938$ & $0.00974659$ & $0.0367441$ & $0.041646$ & $-0.0372254$ & $-0.0153819$ & $-0.0110229$ & $0.0165934$ & $-0.00970837$ & $-0.0337177$ & $-0.0330115$ & $-0.038623$ & $-0.0182434$ & $-0.017421$ & $0.0103094$ & $0.021241$ & $0.0195518$ & $-0.0468748$ & $-0.0589968$ & $-0.0233782$ & $0.0306001$ & $0.0579807$ & $-0.0265714$ & $-0.00106943$ & $0.00798558$ & $0.0146232$ & $0.00955885$ & $0.0048494$ & $0.0623674$ & $-0.0744477$ & $-0.0628373$ & $-0.0482322$ & $1$ & $0.058289$ & $0.0126701$ & $-0.0437658$ & $-0.0363327$ & $-0.106108$ & $-0.024378$ & $-0.0297176$ & $-0.00276857$ & $0.00267687$ & $0.0245733$ & $-0.0710296$ \\
eHZZint & $0.0647989$ & $-0.0676944$ & $0.00939231$ & $-0.0173313$ & $0.0188072$ & $-0.031966$ & $0.105188$ & $0.0643268$ & $0.0689614$ & $-0.0466731$ & $-0.0645322$ & $-0.0584098$ & $-0.0528899$ & $0.0212976$ & $0.00366067$ & $0.059977$ & $0.0129644$ & $0.0101939$ & $-0.0317954$ & $0.0632409$ & $0.0649134$ & $0.0652372$ & $-0.0154807$ & $-0.0282597$ & $0.00197165$ & $-0.0226814$ & $0.0468082$ & $0.0493532$ & $0.000170226$ & $-0.036921$ & $-0.00544701$ & $0.102941$ & $-0.0924872$ & $0.0675704$ & $-0.180512$ & $-0.00155827$ & $-0.109399$ & $0.058289$ & $1$ & $0.0557791$ & $-0.0882351$ & $-0.042202$ & $0.0239833$ & $-0.0136382$ & $0.0838107$ & $-0.370057$ & $0.297331$ & $-0.34821$ & $-0.378727$ \\
eHZZpar & $0.108226$ & $0.0935885$ & $-0.185703$ & $-0.0492697$ & $-0.0247929$ & $-0.0499653$ & $0.103821$ & $-0.0247883$ & $-0.0232789$ & $0.0216552$ & $0.029535$ & $-0.0696316$ & $-0.0780805$ & $-0.0380484$ & $-0.0587634$ & $-0.0402741$ & $0.00371895$ & $0.017881$ & $0.00342231$ & $-0.0314854$ & $-0.0244679$ & $-0.0267619$ & $-0.0121251$ & $-0.00559645$ & $0.00219388$ & $0.0266549$ & $0.0194616$ & $0.0201545$ & $-0.0189849$ & $-0.0629445$ & $-0.0311536$ & $0.102545$ & $-0.0424221$ & $0.0407016$ & $-0.000395823$ & $0.0429194$ & $-0.0442924$ & $0.0126701$ & $0.0557791$ & $1$ & $0.0649914$ & $-0.0317966$ & $0.0875926$ & $0.0077168$ & $-0.0141425$ & $-0.0851336$ & $-0.0105874$ & $0.057656$ & $0.0918775$ \\
eHZgaint & $0.227763$ & $-0.198771$ & $-0.227384$ & $-0.210402$ & $0.0200797$ & $0.0344375$ & $-0.111063$ & $-0.0212145$ & $-0.0190026$ & $-0.0304837$ & $-0.0166853$ & $0.180443$ & $0.167189$ & $0.0708356$ & $0.0126941$ & $0.0234596$ & $0.0648333$ & $0.0703305$ & $0.0572846$ & $0.0152201$ & $0.0115585$ & $0.00728075$ & $-0.0318891$ & $0.0609659$ & $0.0568535$ & $-0.00418898$ & $-0.0391367$ & $0.0280223$ & $0.0432923$ & $0.0887421$ & $0.00729043$ & $-0.0869529$ & $0.148068$ & $-0.0395735$ & $0.156887$ & $0.280155$ & $0.389429$ & $-0.0437658$ & $-0.0882351$ & $0.0649914$ & $1$ & $0.110616$ & $0.239012$ & $-0.0738634$ & $-0.191266$ & $0.224319$ & $-0.382685$ & $0.347695$ & $0.183048$ \\
eHZgapar & $-0.0540236$ & $-0.0515061$ & $0.122893$ & $0.0732644$ & $0.0142719$ & $0.00960158$ & $-0.0101948$ & $0.00868038$ & $0.0122092$ & $-0.00891625$ & $-0.00658248$ & $0.0143388$ & $0.00912191$ & $0.00139144$ & $0.0179831$ & $0.032669$ & $-0.00427258$ & $-0.0104407$ & $-0.0161145$ & $0.00859977$ & $0.00552318$ & $0.009356$ & $0.000722262$ & $0.00248488$ & $-0.00790364$ & $-0.00613309$ & $-0.0129068$ & $0.0173346$ & $0.0480435$ & $-0.013058$ & $0.0134411$ & $-0.00330891$ & $0.0197413$ & $-0.00829969$ & $-0.00390552$ & $0.146749$ & $0.0360892$ & $-0.0363327$ & $-0.042202$ & $-0.0317966$ & $0.110616$ & $1$ & $-0.0302043$ & $-0.0381132$ & $0.0511603$ & $0.112552$ & $0.028689$ & $0.0915875$ & $0.0446488$ \\
eHgagaint & $0.257202$ & $-0.367175$ & $-0.249467$ & $-0.188171$ & $0.0501912$ & $0.062963$ & $0.154177$ & $-0.0273976$ & $-0.00900756$ & $0.00345523$ & $0.0409595$ & $-0.119803$ & $-0.159885$ & $-0.0203017$ & $-0.0265896$ & $-0.0207766$ & $-0.039073$ & $-0.0112211$ & $-0.0218746$ & $-0.0431633$ & $-0.0448427$ & $-0.050307$ & $-0.00195786$ & $0.00105896$ & $-0.0378534$ & $0.0298501$ & $-0.0307971$ & $-0.00979617$ & $-0.00300653$ & $-0.13967$ & $-0.11046$ & $0.14541$ & $-0.129667$ & $-0.0205229$ & $0.0467825$ & $0.30685$ & $0.295562$ & $-0.106108$ & $0.0239833$ & $0.0875926$ & $0.239012$ & $-0.0302043$ & $1$ & $0.150948$ & $-0.0221894$ & $-0.234663$ & $-0.224609$ & $-0.11343$ & $0.0814197$ \\
eHmumuint & $-0.203354$ & $0.144734$ & $-0.0545089$ & $0.0834234$ & $0.011666$ & $0.000202771$ & $0.0858647$ & $0.00820588$ & $0.01191$ & $0.000190974$ & $-0.00514985$ & $-0.0405749$ & $-0.072432$ & $0.0294116$ & $0.0315381$ & $0.0407915$ & $-0.03723$ & $-0.0231275$ & $-0.0293869$ & $0.00929561$ & $0.00208059$ & $0.00109688$ & $-0.0200003$ & $0.017741$ & $-0.0337791$ & $0.00427793$ & $-0.0523582$ & $0.044127$ & $-0.0408458$ & $-0.0266135$ & $-0.0797268$ & $0.0821544$ & $-0.0259083$ & $-0.0403579$ & $0.210905$ & $-0.18057$ & $-0.0517827$ & $-0.024378$ & $-0.0136382$ & $0.0077168$ & $-0.0738634$ & $-0.0381132$ & $0.150948$ & $1$ & $-0.0636586$ & $-0.211086$ & $-0.256065$ & $-0.354181$ & $0.247971$ \\
eHtautauint & $-0.318138$ & $-0.195617$ & $0.0459853$ & $-0.41805$ & $0.030509$ & $-0.00240005$ & $-0.0409241$ & $-0.00830687$ & $-0.012126$ & $0.0355789$ & $0.0290806$ & $-0.00810831$ & $-0.0215092$ & $-0.0482648$ & $0.0251078$ & $0.0166238$ & $-0.0342181$ & $-0.0555362$ & $-0.0509811$ & $-0.0286204$ & $-0.0328145$ & $-0.0364083$ & $-0.0537264$ & $-0.00403743$ & $-0.049494$ & $0.0525$ & $-0.0519779$ & $0.00832054$ & $0.0218772$ & $-0.0135439$ & $0.0192751$ & $-0.0399594$ & $-0.00269324$ & $-0.0310021$ & $0.0292353$ & $0.482874$ & $0.249105$ & $-0.0297176$ & $0.0838107$ & $-0.0141425$ & $-0.191266$ & $0.0511603$ & $-0.0221894$ & $-0.0636586$ & $1$ & $0.26295$ & $0.172067$ & $0.0575691$ & $0.15789$ \\
eHccint & $-0.541753$ & $-0.244335$ & $0.341299$ & $0.0286024$ & $-0.0317934$ & $0.00818953$ & $-0.0715889$ & $-0.0135046$ & $-0.0214862$ & $0.0447256$ & $0.0149627$ & $0.0406653$ & $0.0280069$ & $-0.00311523$ & $0.0204479$ & $0.0210567$ & $-0.00166732$ & $-0.0115042$ & $-0.00955208$ & $-0.0130224$ & $-0.0181585$ & $-0.0224874$ & $-0.0202504$ & $0.0238798$ & $0.0113815$ & $0.0165254$ & $-0.0335427$ & $-0.00541077$ & $0.0137201$ & $-0.004796$ & $-0.00737999$ & $-0.0754727$ & $0.0349773$ & $-0.0389682$ & $0.359631$ & $0.175017$ & $0.430195$ & $-0.00276857$ & $-0.370057$ & $-0.0851336$ & $0.224319$ & $0.112552$ & $-0.234663$ & $-0.211086$ & $0.26295$ & $1$ & $-0.267366$ & $0.137289$ & $0.317543$ \\
eHccpar & $0.170195$ & $0.240302$ & $0.112902$ & $0.0461361$ & $-0.0148185$ & $-0.0184779$ & $-0.054323$ & $0.010466$ & $0.00772662$ & $-0.0202782$ & $0.000175497$ & $0.0100544$ & $0.000729704$ & $-0.0405945$ & $0.0112726$ & $-0.00359393$ & $-0.00388431$ & $-0.0324051$ & $-0.0225593$ & $-9.41047e-05$ & $0.0021427$ & $0.00344452$ & $0.00600374$ & $-0.0298749$ & $-0.0316809$ & $0.00226878$ & $0.00766171$ & $-0.00948376$ & $0.031465$ & $0.0162296$ & $0.156522$ & $-0.0619514$ & $-0.0367532$ & $0.0198725$ & $-0.145759$ & $0.0482619$ & $-0.464495$ & $0.00267687$ & $0.297331$ & $-0.0105874$ & $-0.382685$ & $0.028689$ & $-0.224609$ & $-0.256065$ & $0.172067$ & $-0.267366$ & $1$ & $-0.127632$ & $-0.41742$ \\
eHbbint & $0.156428$ & $0.0409559$ & $-0.446945$ & $-0.256958$ & $0.0128745$ & $-0.00601117$ & $0.128801$ & $-0.0189922$ & $-0.021822$ & $0.0740507$ & $0.0320317$ & $-0.0818854$ & $-0.111521$ & $-0.0489896$ & $-0.023493$ & $-0.051921$ & $-0.0153239$ & $-0.0210804$ & $-0.00539967$ & $-0.0364711$ & $-0.029743$ & $-0.0298388$ & $-0.0267937$ & $-0.0262836$ & $-0.0255728$ & $0.0418799$ & $0.00437028$ & $-0.0364421$ & $-0.0100904$ & $-0.0765557$ & $-0.0342427$ & $0.144102$ & $-0.0183751$ & $0.0121154$ & $0.0455457$ & $0.133281$ & $-0.0274901$ & $0.0245733$ & $-0.34821$ & $0.057656$ & $0.347695$ & $0.0915875$ & $-0.11343$ & $-0.354181$ & $0.0575691$ & $0.137289$ & $-0.127632$ & $1$ & $0.0933108$ \\
eHbbpar & $-0.412087$ & $-0.133274$ & $-0.0244943$ & $-0.261809$ & $-0.039321$ & $0.00125175$ & $0.0157341$ & $-0.00798976$ & $-0.00909343$ & $0.015297$ & $-0.0109276$ & $0.0184292$ & $0.0153283$ & $0.0472902$ & $-0.00607255$ & $0.00289397$ & $0.0252329$ & $0.0456421$ & $0.0359111$ & $0.011969$ & $0.00944557$ & $0.00542475$ & $0.00234131$ & $0.0591031$ & $0.053647$ & $-0.0143924$ & $0.00384323$ & $0.0367693$ & $-0.00231007$ & $-0.0298951$ & $-0.0647343$ & $0.0310367$ & $0.114996$ & $-0.0149591$ & $0.559986$ & $0.01407$ & $0.288282$ & $-0.0710296$ & $-0.378727$ & $0.0918775$ & $0.183048$ & $0.0446488$ & $0.0814197$ & $0.247971$ & $0.15789$ & $0.317543$ & $-0.41742$ & $0.0933108$ & $1$ \\
