 & AlsMz & dAle5Mz & mtop & mHl & Mz & CW & CHG & CHWB & CHWHB_gaga & CHWHB_gagaorth & CHD & CHbox & CH & CHL1_11 & CHL1_22 & CHL1_33 & CHL3_11 & CHL3_22 & CHL3_33 & CHe_11 & CHe_22 & CHe_33 & CHQ1_11 & CHQ1_33 & CHQ3_11 & CHu_11 & CHd_11 & CHd_33 & CeH_22r & CeH_33r & CuH_22r & CuH_33r & CdH_33r & CLL_1221 & eHggint & eHggpar & eHWWint & eHWWpar & eHZZint & eHZZpar & eHZgaint & eHZgapar & eHgagaint & eHmumuint & eHtautauint & eHccint & eHccpar & eHbbint & eHbbpar \\
AlsMz & $1$ & $-0.0696834$ & $-0.141268$ & $-0.166356$ & $0.0159733$ & $0.0438438$ & $-0.00596405$ & $0.0192294$ & $0.0199324$ & $-0.00531539$ & $-0.0227604$ & $-0.0293699$ & $-0.0610122$ & $0.0133445$ & $-0.0112223$ & $-0.00893127$ & $-0.0112329$ & $0.00605699$ & $-0.000600056$ & $0.0148801$ & $0.0221413$ & $0.010601$ & $0.0221341$ & $-0.0176415$ & $-0.0228637$ & $0.00626399$ & $0.036261$ & $0.0117716$ & $-0.00189498$ & $-0.046047$ & $-0.0393535$ & $-0.0250481$ & $-0.115836$ & $0.0173519$ & $0.102467$ & $-0.0705196$ & $0.342884$ & $-0.00666088$ & $-0.287281$ & $-0.311609$ & $0.217024$ & $-0.302796$ & $0.196275$ & $0.063194$ & $-0.0172914$ & $-0.07423$ & $-0.0967757$ & $0.0540996$ & $-0.381547$ \\
dAle5Mz & $-0.0696834$ & $1$ & $-0.150894$ & $0.093858$ & $0.0911432$ & $-0.0345255$ & $-0.0443107$ & $0.00478166$ & $0.00595638$ & $-0.0329291$ & $0.0187589$ & $0.0179843$ & $0.0122402$ & $-0.0582973$ & $-0.0371132$ & $-0.00821741$ & $-0.0297074$ & $-0.0254617$ & $-0.0314765$ & $-0.00196704$ & $0.0139402$ & $0.015358$ & $0.0502275$ & $-0.0329559$ & $-0.0360429$ & $-0.0228698$ & $0.0294184$ & $0.013955$ & $-0.00699205$ & $0.0252463$ & $0.0593272$ & $-0.042346$ & $-0.0247258$ & $0.0635573$ & $0.116469$ & $0.225958$ & $0.200692$ & $-0.268282$ & $0.134433$ & $-0.154278$ & $0.0597961$ & $0.311065$ & $0.137853$ & $0.00603809$ & $0.0119184$ & $-0.0205578$ & $0.276614$ & $-0.103687$ & $-0.265891$ \\
mtop & $-0.141268$ & $-0.150894$ & $1$ & $-0.556463$ & $-0.167808$ & $0.0131277$ & $-0.026167$ & $-0.00268999$ & $-0.00849084$ & $0.0182515$ & $-0.00751921$ & $-0.0520219$ & $-0.0183454$ & $0.0299319$ & $-0.0123651$ & $-0.00471716$ & $0.0134858$ & $0.0241023$ & $0.0117412$ & $-0.0127572$ & $-0.00648803$ & $-0.0346946$ & $-0.0304231$ & $0.0187035$ & $0.0163115$ & $0.00762214$ & $-0.0168946$ & $-0.0032951$ & $-0.00402171$ & $-0.0237795$ & $-0.0281037$ & $-0.0439439$ & $-0.0282149$ & $0.00806067$ & $-0.241423$ & $-0.0513565$ & $-0.26752$ & $0.200455$ & $-0.543636$ & $0.0147248$ & $-0.0472742$ & $0.10519$ & $-0.276751$ & $-0.236338$ & $-0.228199$ & $-0.149184$ & $0.0845842$ & $-0.0686115$ & $0.0552376$ \\
mHl & $-0.166356$ & $0.093858$ & $-0.556463$ & $1$ & $-0.0165277$ & $-0.00323528$ & $-0.0383552$ & $-0.0154864$ & $-0.0120942$ & $-0.0152943$ & $0.0276791$ & $0.0586167$ & $0.0985107$ & $-0.0303493$ & $0.0106051$ & $0.00780835$ & $-0.016656$ & $-0.0206974$ & $-0.0161282$ & $-0.0131774$ & $-0.0412945$ & $0.00169291$ & $0.0381098$ & $-0.00132094$ & $-0.00540351$ & $-0.0314952$ & $-0.00670558$ & $-0.0107711$ & $0.0138601$ & $0.039221$ & $0.0644798$ & $-0.0267056$ & $0.0442195$ & $-0.0168449$ & $-0.136514$ & $0.136568$ & $0.175681$ & $-0.124647$ & $0.520693$ & $0.270341$ & $-0.0606077$ & $0.0949668$ & $0.0632845$ & $0.019855$ & $0.18048$ & $-0.000240645$ & $0.209821$ & $0.11831$ & $-0.0773728$ \\
Mz & $0.0159733$ & $0.0911432$ & $-0.167808$ & $-0.0165277$ & $1$ & $-0.00807233$ & $-0.133168$ & $0.0219292$ & $0.0226932$ & $-0.021727$ & $0.0262363$ & $0.0592994$ & $0.110344$ & $-0.00891766$ & $0.0566455$ & $0.00309463$ & $-0.0182548$ & $-0.0528561$ & $-0.00268571$ & $0.0274643$ & $0.00440749$ & $-0.00225107$ & $0.0398897$ & $-0.0206305$ & $-0.0276592$ & $-0.0393063$ & $-0.0201804$ & $-0.0130784$ & $0.00211283$ & $0.071922$ & $0.0524145$ & $-0.131865$ & $0.0725049$ & $-0.0223967$ & $-0.0455615$ & $0.229694$ & $-0.0171901$ & $-0.220255$ & $0.215955$ & $0.051065$ & $0.170108$ & $0.0918109$ & $0.109536$ & $0.214509$ & $-0.112942$ & $-0.0853421$ & $-0.0597864$ & $-0.0214216$ & $0.048048$ \\
CW & $0.0438438$ & $-0.0345255$ & $0.0131277$ & $-0.00323528$ & $-0.00807233$ & $1$ & $0.00541482$ & $-0.0876717$ & $-0.0886552$ & $0.0225678$ & $0.0919137$ & $-0.0263332$ & $-0.00745952$ & $0.204566$ & $0.0244993$ & $0.0174009$ & $-0.116476$ & $0.0142344$ & $0.00997184$ & $-0.100835$ & $-0.0834736$ & $-0.0572185$ & $-0.0220422$ & $0.0590513$ & $-0.00872936$ & $0.0383944$ & $-0.0730549$ & $-0.0173741$ & $0.00566117$ & $0.00755719$ & $0.000719348$ & $0.00661291$ & $-0.00720797$ & $-0.136719$ & $-0.000275213$ & $-0.0257986$ & $0.00312286$ & $0.0126187$ & $-0.0251418$ & $-0.00456802$ & $0.00753101$ & $-0.0086903$ & $-0.0211262$ & $-0.0193421$ & $0.009464$ & $0.0250975$ & $-0.0148554$ & $-0.0124827$ & $-0.0217742$ \\
CHG & $-0.00596405$ & $-0.0443107$ & $-0.026167$ & $-0.0383552$ & $-0.133168$ & $0.00541482$ & $1$ & $-0.135907$ & $-0.107671$ & $0.16333$ & $0.0444658$ & $-0.292621$ & $-0.671991$ & $0.182337$ & $0.00789336$ & $0.0343507$ & $0.204529$ & $0.172724$ & $0.135474$ & $-0.0809038$ & $-0.0139361$ & $-0.0127228$ & $-0.0356797$ & $0.145187$ & $0.162505$ & $0.0259652$ & $-0.0712015$ & $-0.00144332$ & $-0.0704192$ & $-0.369023$ & $-0.188333$ & $0.935415$ & $-0.387556$ & $-0.0755413$ & $-0.00958493$ & $-0.123968$ & $-0.0376392$ & $0.0277164$ & $-0.0837772$ & $0.0280465$ & $0.0480856$ & $-0.0802114$ & $-0.0537612$ & $-0.0182871$ & $0.0382288$ & $0.0113367$ & $0.0175203$ & $0.0410972$ & $0.0768444$ \\
CHWB & $0.0192294$ & $0.00478166$ & $-0.00268999$ & $-0.0154864$ & $0.0219292$ & $-0.0876717$ & $-0.135907$ & $1$ & $0.993813$ & $-0.535497$ & $-0.888714$ & $-0.0777133$ & $0.159366$ & $-0.284935$ & $-0.0410096$ & $-0.0451721$ & $-0.625942$ & $-0.513961$ & $-0.511532$ & $0.86228$ & $0.636028$ & $0.626519$ & $0.0883439$ & $-0.65853$ & $-0.575153$ & $-0.198598$ & $0.417758$ & $0.0892976$ & $0.0148921$ & $0.0726683$ & $0.0318166$ & $-0.132611$ & $0.0637729$ & $0.676017$ & $0.0191197$ & $0.0109953$ & $-0.00650465$ & $-0.0101695$ & $-0.0434613$ & $-0.0329836$ & $0.0272802$ & $-0.0196841$ & $0.0544227$ & $0.0116766$ & $-0.0575114$ & $-0.0214593$ & $-0.0203439$ & $-0.0605704$ & $0.0316401$ \\
CHWHB_gaga & $0.0199324$ & $0.00595638$ & $-0.00849084$ & $-0.0120942$ & $0.0226932$ & $-0.0886552$ & $-0.107671$ & $0.993813$ & $1$ & $-0.534194$ & $-0.882993$ & $-0.0649004$ & $0.152647$ & $-0.286288$ & $-0.0402747$ & $-0.0445258$ & $-0.624804$ & $-0.510779$ & $-0.508638$ & $0.859655$ & $0.632783$ & $0.623887$ & $0.089183$ & $-0.654905$ & $-0.57046$ & $-0.199474$ & $0.416633$ & $0.0895725$ & $0.0196923$ & $0.089145$ & $0.0417563$ & $-0.107506$ & $0.081534$ & $0.671287$ & $0.0158985$ & $0.0114301$ & $-0.00866123$ & $-0.0165158$ & $-0.0375619$ & $-0.034028$ & $0.030639$ & $-0.0206989$ & $0.0659182$ & $0.0176298$ & $-0.059235$ & $-0.0265327$ & $-0.0180027$ & $-0.059788$ & $0.0285909$ \\
CHWHB_gagaorth & $-0.00531539$ & $-0.0329291$ & $0.0182515$ & $-0.0152943$ & $-0.021727$ & $0.0225678$ & $0.16333$ & $-0.535497$ & $-0.534194$ & $1$ & $0.197714$ & $0.162617$ & $-0.245066$ & $0.712289$ & $0.1319$ & $0.109713$ & $0.79774$ & $0.559973$ & $0.568436$ & $-0.28844$ & $-0.178258$ & $-0.17898$ & $-0.0858382$ & $0.571544$ & $0.634551$ & $0.0622037$ & $-0.302911$ & $-0.0108976$ & $-0.0513979$ & $-0.133728$ & $-0.0594242$ & $0.172132$ & $-0.150355$ & $-0.40817$ & $0.000680679$ & $-0.0223401$ & $0.00563676$ & $0.0134865$ & $0.00522986$ & $0.0174194$ & $-0.02645$ & $0.00909945$ & $-0.0242587$ & $-0.00270086$ & $0.0523495$ & $0.0471925$ & $0.00782593$ & $0.0623024$ & $-0.0025354$ \\
CHD & $-0.0227604$ & $0.0187589$ & $-0.00751921$ & $0.0276791$ & $0.0262363$ & $0.0919137$ & $0.0444658$ & $-0.888714$ & $-0.882993$ & $0.197714$ & $1$ & $0.0920995$ & $-0.0253818$ & $-0.0822548$ & $-0.0363575$ & $-0.0275273$ & $0.284879$ & $0.28579$ & $0.283793$ & $-0.889311$ & $-0.666645$ & $-0.657637$ & $-0.0512516$ & $0.448633$ & $0.323412$ & $0.207442$ & $-0.30908$ & $-0.104469$ & $0.0074515$ & $-0.00537466$ & $-0.00299379$ & $0.0455919$ & $0.00850473$ & $-0.53621$ & $-0.0164384$ & $0.0210585$ & $0.0113256$ & $-0.00415482$ & $0.0564994$ & $0.0325647$ & $-0.0190829$ & $0.0263501$ & $-0.0404058$ & $-0.000537244$ & $0.039587$ & $0.00524675$ & $0.023563$ & $0.0399784$ & $-0.0307455$ \\
CHbox & $-0.0293699$ & $0.0179843$ & $-0.0520219$ & $0.0586167$ & $0.0592994$ & $-0.0263332$ & $-0.292621$ & $-0.0777133$ & $-0.0649004$ & $0.162617$ & $0.0920995$ & $1$ & $0.445488$ & $-0.163278$ & $0.036764$ & $-0.0094862$ & $-0.0920225$ & $-0.0605399$ & $-0.0151182$ & $0.100221$ & $-0.017476$ & $-0.0360206$ & $0.0223869$ & $-0.0153051$ & $-0.0215496$ & $0.00308726$ & $0.0127867$ & $0.0110724$ & $0.0588111$ & $0.410721$ & $0.162364$ & $-0.173266$ & $0.412832$ & $-0.162$ & $0.0228015$ & $0.0946037$ & $0.00358762$ & $-0.0424066$ & $0.0335298$ & $0.00742258$ & $0.00108727$ & $-0.0128171$ & $-0.0199138$ & $-0.0328458$ & $-0.0197416$ & $-0.0131315$ & $0.0301341$ & $0.0206465$ & $-0.0549914$ \\
CH & $-0.0610122$ & $0.0122402$ & $-0.0183454$ & $0.0985107$ & $0.110344$ & $-0.00745952$ & $-0.671991$ & $0.159366$ & $0.152647$ & $-0.245066$ & $-0.0253818$ & $0.445488$ & $1$ & $-0.280212$ & $-0.0394367$ & $-0.0563948$ & $-0.288118$ & $-0.215826$ & $-0.185994$ & $0.077353$ & $0.0117484$ & $0.0315852$ & $0.0556144$ & $-0.198459$ & $-0.195069$ & $-0.0271648$ & $0.129605$ & $0.00687151$ & $0.131148$ & $0.501995$ & $0.225205$ & $-0.59463$ & $0.529678$ & $0.106536$ & $0.0317357$ & $0.103239$ & $-0.0138882$ & $-0.0585923$ & $0.077023$ & $-0.00403207$ & $-0.021087$ & $0.00909559$ & $-0.00959549$ & $-0.0325027$ & $-0.095152$ & $-0.0583062$ & $-0.013056$ & $-0.0228914$ & $-0.0773507$ \\
CHL1_11 & $0.0133445$ & $-0.0582973$ & $0.0299319$ & $-0.0303493$ & $-0.00891766$ & $0.204566$ & $0.182337$ & $-0.284935$ & $-0.286288$ & $0.712289$ & $-0.0822548$ & $-0.163278$ & $-0.280212$ & $1$ & $0.152143$ & $0.155075$ & $0.637858$ & $0.493043$ & $0.484052$ & $-0.123558$ & $-0.0271114$ & $-0.0127303$ & $-0.0886566$ & $0.486532$ & $0.521396$ & $-0.0010492$ & $-0.295048$ & $0.00625971$ & $-0.0527614$ & $-0.156194$ & $-0.0589478$ & $0.157849$ & $-0.15798$ & $-0.289086$ & $-0.00351978$ & $-0.0387301$ & $-0.00483952$ & $0.0150266$ & $-0.0168696$ & $0.0234991$ & $-0.00044456$ & $0.00516905$ & $-0.0156697$ & $0.00424597$ & $0.0301599$ & $0.0333973$ & $-0.0237978$ & $0.0305165$ & $0.0137091$ \\
CHL1_22 & $-0.0112223$ & $-0.0371132$ & $-0.0123651$ & $0.0106051$ & $0.0566455$ & $0.0244993$ & $0.00789336$ & $-0.0410096$ & $-0.0402747$ & $0.1319$ & $-0.0363575$ & $0.036764$ & $-0.0394367$ & $0.152143$ & $1$ & $0.347497$ & $0.0905789$ & $-0.472003$ & $-0.127379$ & $0.0523329$ & $-0.161474$ & $-0.108438$ & $-0.0892087$ & $0.239828$ & $-0.169138$ & $0.00879081$ & $-0.491026$ & $-0.0173968$ & $0.00752891$ & $-0.0118411$ & $-0.00770243$ & $0.0140002$ & $-0.0289578$ & $-0.562518$ & $0.0165081$ & $0.053399$ & $-0.00198251$ & $-0.0142633$ & $0.0315077$ & $0.0102281$ & $-0.0101549$ & $0.0500786$ & $0.0363743$ & $0.0858629$ & $0.0264466$ & $-0.0250474$ & $0.0246188$ & $0.0214086$ & $0.00127154$ \\
CHL1_33 & $-0.00893127$ & $-0.00821741$ & $-0.00471716$ & $0.00780835$ & $0.00309463$ & $0.0174009$ & $0.0343507$ & $-0.0451721$ & $-0.0445258$ & $0.109713$ & $-0.0275273$ & $-0.0094862$ & $-0.0563948$ & $0.155075$ & $0.347497$ & $1$ & $0.0843759$ & $-0.117009$ & $-0.457226$ & $0.0324112$ & $-0.130254$ & $-0.196592$ & $-0.0972201$ & $0.233454$ & $-0.162692$ & $0.0162535$ & $-0.483584$ & $-0.0430305$ & $0.00521297$ & $-0.0239749$ & $-0.0300872$ & $0.0314671$ & $-0.0336672$ & $-0.249332$ & $-0.0225345$ & $-0.00343041$ & $-0.00755085$ & $-0.00834664$ & $0.00794935$ & $0.00352661$ & $0.00608633$ & $0.0223203$ & $-0.00866009$ & $0.0514486$ & $0.00903543$ & $-0.0424618$ & $0.0116518$ & $0.0222496$ & $-0.0286384$ \\
CHL3_11 & $-0.0112329$ & $-0.0297074$ & $0.0134858$ & $-0.016656$ & $-0.0182548$ & $-0.116476$ & $0.204529$ & $-0.625942$ & $-0.624804$ & $0.79774$ & $0.284879$ & $-0.0920225$ & $-0.288118$ & $0.637858$ & $0.0905789$ & $0.0843759$ & $1$ & $0.648892$ & $0.646886$ & $-0.44165$ & $-0.244547$ & $-0.243845$ & $-0.0876168$ & $0.6321$ & $0.73134$ & $0.0814284$ & $-0.310631$ & $-0.0154147$ & $-0.0581568$ & $-0.15049$ & $-0.0727138$ & $0.185164$ & $-0.147017$ & $-0.358125$ & $-0.0118915$ & $-0.0485604$ & $0.00158081$ & $0.0122877$ & $0.0129277$ & $0.0191595$ & $-0.0199784$ & $0.00246698$ & $-0.0331124$ & $0.00225897$ & $0.0418225$ & $0.0248323$ & $0.00227843$ & $0.0637429$ & $0.00775931$ \\
CHL3_22 & $0.00605699$ & $-0.0254617$ & $0.0241023$ & $-0.0206974$ & $-0.0528561$ & $0.0142344$ & $0.172724$ & $-0.513961$ & $-0.510779$ & $0.559973$ & $0.28579$ & $-0.0605399$ & $-0.215826$ & $0.493043$ & $-0.472003$ & $-0.117009$ & $0.648892$ & $1$ & $0.623083$ & $-0.384345$ & $-0.178523$ & $-0.175888$ & $-0.011714$ & $0.418841$ & $0.756657$ & $0.0750193$ & $0.0397885$ & $-0.0100983$ & $-0.0425335$ & $-0.109014$ & $-0.047515$ & $0.157812$ & $-0.0998229$ & $0.13133$ & $-0.02175$ & $-0.0682903$ & $-0.0130324$ & $0.0117552$ & $-0.0217473$ & $0.0272119$ & $0.00680132$ & $-0.0307439$ & $-0.0605589$ & $-0.0585127$ & $0.0131249$ & $0.0271552$ & $-0.0272613$ & $0.0302528$ & $0.00220431$ \\
CHL3_33 & $-0.000600056$ & $-0.0314765$ & $0.0117412$ & $-0.0161282$ & $-0.00268571$ & $0.00997184$ & $0.135474$ & $-0.511532$ & $-0.508638$ & $0.568436$ & $0.283793$ & $-0.0151182$ & $-0.185994$ & $0.484052$ & $-0.127379$ & $-0.457226$ & $0.646886$ & $0.623083$ & $1$ & $-0.371778$ & $-0.175462$ & $-0.174124$ & $0.000396673$ & $0.421517$ & $0.750264$ & $0.0625298$ & $0.0367113$ & $-0.00327277$ & $-0.0477766$ & $-0.0954006$ & $-0.0422817$ & $0.127189$ & $-0.0874858$ & $-0.196456$ & $0.00595605$ & $-0.0366581$ & $-0.00343125$ & $0.00521945$ & $0.0123186$ & $0.00780298$ & $-0.0187356$ & $-0.00986499$ & $-0.0192055$ & $-0.027969$ & $0.0327218$ & $0.0516325$ & $-0.02251$ & $0.0388994$ & $0.00851494$ \\
CHe_11 & $0.0148801$ & $-0.00196704$ & $-0.0127572$ & $-0.0131774$ & $0.0274643$ & $-0.100835$ & $-0.0809038$ & $0.86228$ & $0.859655$ & $-0.28844$ & $-0.889311$ & $0.100221$ & $0.077353$ & $-0.123558$ & $0.0523329$ & $0.0324112$ & $-0.44165$ & $-0.384345$ & $-0.371778$ & $1$ & $0.646042$ & $0.633439$ & $0.0604978$ & $-0.503009$ & $-0.420235$ & $-0.205002$ & $0.318609$ & $0.0970429$ & $0.00983004$ & $0.0434082$ & $0.0262591$ & $-0.0640955$ & $0.0202662$ & $0.457172$ & $0.00548957$ & $0.0108146$ & $-0.0169907$ & $-0.0148829$ & $-0.0300722$ & $-0.026235$ & $0.0299439$ & $-0.0184607$ & $0.0430575$ & $0.0073898$ & $-0.0439365$ & $-0.0185038$ & $-0.014352$ & $-0.0381998$ & $0.0157129$ \\
CHe_22 & $0.0221413$ & $0.0139402$ & $-0.00648803$ & $-0.0412945$ & $0.00440749$ & $-0.0834736$ & $-0.0139361$ & $0.636028$ & $0.632783$ & $-0.178258$ & $-0.666645$ & $-0.017476$ & $0.0117484$ & $-0.0271114$ & $-0.161474$ & $-0.130254$ & $-0.244547$ & $-0.178523$ & $-0.175462$ & $0.646042$ & $1$ & $0.536155$ & $0.0702621$ & $-0.450953$ & $-0.226584$ & $-0.149621$ & $0.400954$ & $0.0958117$ & $-0.00145942$ & $-0.00589812$ & $0.00265484$ & $-0.0163782$ & $-0.00829167$ & $0.446347$ & $0.0164669$ & $-0.0207057$ & $0.00775366$ & $-0.0200081$ & $-0.0546947$ & $-0.0384823$ & $0.0331597$ & $-0.0252627$ & $0.0418286$ & $-0.00970877$ & $-0.0403445$ & $0.00374064$ & $-0.0082631$ & $-0.0424223$ & $0.0437614$ \\
CHe_33 & $0.010601$ & $0.015358$ & $-0.0346946$ & $0.00169291$ & $-0.00225107$ & $-0.0572185$ & $-0.0127228$ & $0.626519$ & $0.623887$ & $-0.17898$ & $-0.657637$ & $-0.0360206$ & $0.0315852$ & $-0.0127303$ & $-0.108438$ & $-0.196592$ & $-0.243845$ & $-0.175888$ & $-0.174124$ & $0.633439$ & $0.536155$ & $1$ & $0.0635584$ & $-0.420528$ & $-0.226457$ & $-0.15631$ & $0.382159$ & $0.119612$ & $-0.00667707$ & $0.0128522$ & $0.00878488$ & $-0.00683115$ & $0.00902004$ & $0.436101$ & $-0.00392813$ & $-0.0131068$ & $0.00240721$ & $-0.00989156$ & $-0.0273324$ & $-0.0179913$ & $0.0221934$ & $-0.021645$ & $0.0366229$ & $-0.00187517$ & $-0.0403535$ & $-0.0106674$ & $-0.00178284$ & $-0.0278262$ & $0.0482115$ \\
CHQ1_11 & $0.0221341$ & $0.0502275$ & $-0.0304231$ & $0.0381098$ & $0.0398897$ & $-0.0220422$ & $-0.0356797$ & $0.0883439$ & $0.089183$ & $-0.0858382$ & $-0.0512516$ & $0.0223869$ & $0.0556144$ & $-0.0886566$ & $-0.0892087$ & $-0.0972201$ & $-0.0876168$ & $-0.011714$ & $0.000396673$ & $0.0604978$ & $0.0702621$ & $0.0635584$ & $1$ & $-0.104745$ & $0.0163588$ & $-0.591917$ & $0.24484$ & $-0.00236202$ & $0.0230003$ & $0.03164$ & $0.0318283$ & $-0.0284189$ & $0.0285358$ & $0.121917$ & $-0.00637609$ & $0.0101691$ & $0.0227164$ & $-0.00342207$ & $0.0196275$ & $0.00546877$ & $0.0439335$ & $0.0422723$ & $0.0428111$ & $0.0163591$ & $-0.0203437$ & $-0.00390666$ & $0.0093113$ & $-0.0483161$ & $0.000897013$ \\
CHQ1_33 & $-0.0176415$ & $-0.0329559$ & $0.0187035$ & $-0.00132094$ & $-0.0206305$ & $0.0590513$ & $0.145187$ & $-0.65853$ & $-0.654905$ & $0.571544$ & $0.448633$ & $-0.0153051$ & $-0.198459$ & $0.486532$ & $0.239828$ & $0.233454$ & $0.6321$ & $0.418841$ & $0.421517$ & $-0.503009$ & $-0.450953$ & $-0.420528$ & $-0.104745$ & $1$ & $0.492774$ & $0.112792$ & $-0.407224$ & $0.049899$ & $-0.0163827$ & $-0.0862495$ & $-0.0411327$ & $0.133718$ & $-0.0939254$ & $-0.524767$ & $-0.0144952$ & $-0.0449277$ & $-0.0220885$ & $0.01711$ & $0.0323472$ & $0.0214923$ & $-0.020736$ & $0.0250618$ & $-0.0482593$ & $0.000806901$ & $0.028394$ & $0.00954479$ & $-0.00549765$ & $0.032721$ & $-0.0133007$ \\
CHQ3_11 & $-0.0228637$ & $-0.0360429$ & $0.0163115$ & $-0.00540351$ & $-0.0276592$ & $-0.00872936$ & $0.162505$ & $-0.575153$ & $-0.57046$ & $0.634551$ & $0.323412$ & $-0.0215496$ & $-0.195069$ & $0.521396$ & $-0.169138$ & $-0.162692$ & $0.73134$ & $0.756657$ & $0.750264$ & $-0.420235$ & $-0.226584$ & $-0.226457$ & $0.0163588$ & $0.492774$ & $1$ & $0.0889222$ & $0.134371$ & $-0.0192616$ & $-0.0450075$ & $-0.109976$ & $-0.0428897$ & $0.152992$ & $-0.0884116$ & $-0.162254$ & $-0.0326743$ & $-0.0604239$ & $-0.0224306$ & $0.0202718$ & $0.014321$ & $0.0386356$ & $-0.023462$ & $-0.0299936$ & $-0.0525484$ & $-0.0488299$ & $0.0287081$ & $0.0405815$ & $-0.0097091$ & $0.0422623$ & $0.0127475$ \\
CHu_11 & $0.00626399$ & $-0.0228698$ & $0.00762214$ & $-0.0314952$ & $-0.0393063$ & $0.0383944$ & $0.0259652$ & $-0.198598$ & $-0.199474$ & $0.0622037$ & $0.207442$ & $0.00308726$ & $-0.0271648$ & $-0.0010492$ & $0.00879081$ & $0.0162535$ & $0.0814284$ & $0.0750193$ & $0.0625298$ & $-0.205002$ & $-0.149621$ & $-0.15631$ & $-0.591917$ & $0.112792$ & $0.0889222$ & $1$ & $0.0984582$ & $-0.0123663$ & $-0.00330337$ & $-0.0186619$ & $-0.0170758$ & $0.0259153$ & $0.00234209$ & $-0.118102$ & $-0.0103739$ & $-0.027062$ & $-0.00145004$ & $0.0160446$ & $-0.028159$ & $-0.0139042$ & $-0.0208117$ & $-0.0430916$ & $-0.0375567$ & $-0.0312798$ & $0.00435877$ & $0.00825849$ & $0.00234032$ & $0.0109863$ & $0.0100654$ \\
CHd_11 & $0.036261$ & $0.0294184$ & $-0.0168946$ & $-0.00670558$ & $-0.0201804$ & $-0.0730549$ & $-0.0712015$ & $0.417758$ & $0.416633$ & $-0.302911$ & $-0.30908$ & $0.0127867$ & $0.129605$ & $-0.295048$ & $-0.491026$ & $-0.483584$ & $-0.310631$ & $0.0397885$ & $0.0367113$ & $0.318609$ & $0.400954$ & $0.382159$ & $0.24484$ & $-0.407224$ & $0.134371$ & $0.0984582$ & $1$ & $0.0567904$ & $0.020695$ & $0.0596394$ & $0.0359609$ & $-0.0598242$ & $0.0768968$ & $0.595833$ & $-0.0125308$ & $-0.0592495$ & $-0.0072191$ & $0.013125$ & $-0.0360719$ & $-0.0238728$ & $0.0169943$ & $-0.0780309$ & $-0.000697455$ & $-0.0776714$ & $-0.0510337$ & $0.0237537$ & $-0.0276592$ & $-0.0667813$ & $0.0213555$ \\
CHd_33 & $0.0117716$ & $0.013955$ & $-0.0032951$ & $-0.0107711$ & $-0.0130784$ & $-0.0173741$ & $-0.00144332$ & $0.0892976$ & $0.0895725$ & $-0.0108976$ & $-0.104469$ & $0.0110724$ & $0.00687151$ & $0.00625971$ & $-0.0173968$ & $-0.0430305$ & $-0.0154147$ & $-0.0100983$ & $-0.00327277$ & $0.0970429$ & $0.0958117$ & $0.119612$ & $-0.00236202$ & $0.049899$ & $-0.0192616$ & $-0.0123663$ & $0.0567904$ & $1$ & $0.0237418$ & $0.0207438$ & $-0.00223481$ & $0.00612052$ & $0.0144978$ & $0.0668569$ & $0.0180658$ & $-0.0260021$ & $-0.0217007$ & $0.0528269$ & $-0.0329127$ & $-0.00882061$ & $0.0094834$ & $-0.0256108$ & $-0.050801$ & $-0.0409686$ & $0.0377734$ & $0.033121$ & $-0.00201633$ & $-0.0197711$ & $-0.0344459$ \\
CeH_22r & $-0.00189498$ & $-0.00699205$ & $-0.00402171$ & $0.0138601$ & $0.00211283$ & $0.00566117$ & $-0.0704192$ & $0.0148921$ & $0.0196923$ & $-0.0513979$ & $0.0074515$ & $0.0588111$ & $0.131148$ & $-0.0527614$ & $0.00752891$ & $0.00521297$ & $-0.0581568$ & $-0.0425335$ & $-0.0477766$ & $0.00983004$ & $-0.00145942$ & $-0.00667707$ & $0.0230003$ & $-0.0163827$ & $-0.0450075$ & $-0.00330337$ & $0.020695$ & $0.0237418$ & $1$ & $0.0906548$ & $0.0448195$ & $-0.0733153$ & $0.100863$ & $-0.00340433$ & $0.00185731$ & $-0.0189627$ & $-0.0295522$ & $-0.00363492$ & $0.0189807$ & $-0.00278842$ & $0.00357118$ & $-0.0127618$ & $-0.0142361$ & $-0.0247099$ & $-0.0284776$ & $-0.00575317$ & $-0.0139472$ & $-0.0114437$ & $-0.0399554$ \\
CeH_33r & $-0.046047$ & $0.0252463$ & $-0.0237795$ & $0.039221$ & $0.071922$ & $0.00755719$ & $-0.369023$ & $0.0726683$ & $0.089145$ & $-0.133728$ & $-0.00537466$ & $0.410721$ & $0.501995$ & $-0.156194$ & $-0.0118411$ & $-0.0239749$ & $-0.15049$ & $-0.109014$ & $-0.0954006$ & $0.0434082$ & $-0.00589812$ & $0.0128522$ & $0.03164$ & $-0.0862495$ & $-0.109976$ & $-0.0186619$ & $0.0596394$ & $0.0207438$ & $0.0906548$ & $1$ & $0.360822$ & $-0.191111$ & $0.769448$ & $0.0435942$ & $0.00980591$ & $0.0586881$ & $-0.0447613$ & $-0.0727456$ & $0.0636625$ & $-0.00660418$ & $0.0148203$ & $0.0133022$ & $-0.00291007$ & $-0.00522072$ & $-0.0473912$ & $-0.0410875$ & $-0.00174046$ & $-0.0191374$ & $-0.054006$ \\
CuH_22r & $-0.0393535$ & $0.0593272$ & $-0.0281037$ & $0.0644798$ & $0.0524145$ & $0.000719348$ & $-0.188333$ & $0.0318166$ & $0.0417563$ & $-0.0594242$ & $-0.00299379$ & $0.162364$ & $0.225205$ & $-0.0589478$ & $-0.00770243$ & $-0.0300872$ & $-0.0727138$ & $-0.047515$ & $-0.0422817$ & $0.0262591$ & $0.00265484$ & $0.00878488$ & $0.0318283$ & $-0.0411327$ & $-0.0428897$ & $-0.0170758$ & $0.0359609$ & $-0.00223481$ & $0.0448195$ & $0.360822$ & $1$ & $-0.0761896$ & $0.426847$ & $0.0147037$ & $-0.0390227$ & $0.0666421$ & $0.0143036$ & $-0.0728637$ & $0.0531152$ & $-0.0135263$ & $-0.0256035$ & $0.0322135$ & $0.0215429$ & $-0.0200817$ & $-0.0342568$ & $-0.0306693$ & $0.0905186$ & $0.0219502$ & $-0.018511$ \\
CuH_33r & $-0.0250481$ & $-0.042346$ & $-0.0439439$ & $-0.0267056$ & $-0.131865$ & $0.00661291$ & $0.935415$ & $-0.132611$ & $-0.107506$ & $0.172132$ & $0.0455919$ & $-0.173266$ & $-0.59463$ & $0.157849$ & $0.0140002$ & $0.0314671$ & $0.185164$ & $0.157812$ & $0.127189$ & $-0.0640955$ & $-0.0163782$ & $-0.00683115$ & $-0.0284189$ & $0.133718$ & $0.152992$ & $0.0259153$ & $-0.0598242$ & $0.00612052$ & $-0.0733153$ & $-0.191111$ & $-0.0761896$ & $1$ & $-0.166221$ & $-0.0844056$ & $0.0138445$ & $-0.108246$ & $-0.0477672$ & $0.0158148$ & $-0.0682979$ & $0.0338784$ & $0.0431392$ & $-0.0822995$ & $-0.0487018$ & $-0.0138798$ & $0.0394293$ & $0.0129558$ & $0.0209828$ & $0.0459151$ & $0.0687546$ \\
CdH_33r & $-0.115836$ & $-0.0247258$ & $-0.0282149$ & $0.0442195$ & $0.0725049$ & $-0.00720797$ & $-0.387556$ & $0.0637729$ & $0.081534$ & $-0.150355$ & $0.00850473$ & $0.412832$ & $0.529678$ & $-0.15798$ & $-0.0289578$ & $-0.0336672$ & $-0.147017$ & $-0.0998229$ & $-0.0874858$ & $0.0202662$ & $-0.00829167$ & $0.00902004$ & $0.0285358$ & $-0.0939254$ & $-0.0884116$ & $0.00234209$ & $0.0768968$ & $0.0144978$ & $0.100863$ & $0.769448$ & $0.426847$ & $-0.166221$ & $1$ & $0.0474427$ & $-0.0124905$ & $0.0702061$ & $-0.0337206$ & $-0.071278$ & $0.0523823$ & $-0.00318399$ & $-0.0128793$ & $0.0127434$ & $0.000585763$ & $0.0110146$ & $-0.0615685$ & $-0.0341931$ & $0.0201376$ & $0.020486$ & $0.100723$ \\
CLL_1221 & $0.0173519$ & $0.0635573$ & $0.00806067$ & $-0.0168449$ & $-0.0223967$ & $-0.136719$ & $-0.0755413$ & $0.676017$ & $0.671287$ & $-0.40817$ & $-0.53621$ & $-0.162$ & $0.106536$ & $-0.289086$ & $-0.562518$ & $-0.249332$ & $-0.358125$ & $0.13133$ & $-0.196456$ & $0.457172$ & $0.446347$ & $0.436101$ & $0.121917$ & $-0.524767$ & $-0.162254$ & $-0.118102$ & $0.595833$ & $0.0668569$ & $-0.00340433$ & $0.0435942$ & $0.0147037$ & $-0.0844056$ & $0.0474427$ & $1$ & $0.0158408$ & $-0.0196565$ & $0.00146353$ & $-0.0172269$ & $-0.0536698$ & $-0.0256486$ & $0.0337379$ & $-0.0289837$ & $0.0207685$ & $-0.0356666$ & $-0.0608379$ & $-0.0131525$ & $-0.0224681$ & $-0.0609698$ & $0.0207914$ \\
eHggint & $0.102467$ & $0.116469$ & $-0.241423$ & $-0.136514$ & $-0.0455615$ & $-0.000275213$ & $-0.00958493$ & $0.0191197$ & $0.0158985$ & $0.000680679$ & $-0.0164384$ & $0.0228015$ & $0.0317357$ & $-0.00351978$ & $0.0165081$ & $-0.0225345$ & $-0.0118915$ & $-0.02175$ & $0.00595605$ & $0.00548957$ & $0.0164669$ & $-0.00392813$ & $-0.00637609$ & $-0.0144952$ & $-0.0326743$ & $-0.0103739$ & $-0.0125308$ & $0.0180658$ & $0.00185731$ & $0.00980591$ & $-0.0390227$ & $0.0138445$ & $-0.0124905$ & $0.0158408$ & $1$ & $-0.161769$ & $-0.00748742$ & $0.0570658$ & $0.0966534$ & $-0.167633$ & $-0.0623157$ & $0.0502276$ & $0.173439$ & $0.267232$ & $0.302343$ & $0.370397$ & $-0.396056$ & $-0.196357$ & $-0.0915168$ \\
eHggpar & $-0.0705196$ & $0.225958$ & $-0.0513565$ & $0.136568$ & $0.229694$ & $-0.0257986$ & $-0.123968$ & $0.0109953$ & $0.0114301$ & $-0.0223401$ & $0.0210585$ & $0.0946037$ & $0.103239$ & $-0.0387301$ & $0.053399$ & $-0.00343041$ & $-0.0485604$ & $-0.0682903$ & $-0.0366581$ & $0.0108146$ & $-0.0207057$ & $-0.0131068$ & $0.0101691$ & $-0.0449277$ & $-0.0604239$ & $-0.027062$ & $-0.0592495$ & $-0.0260021$ & $-0.0189627$ & $0.0586881$ & $0.0666421$ & $-0.108246$ & $0.0702061$ & $-0.0196565$ & $-0.161769$ & $1$ & $0.288453$ & $-0.300818$ & $0.191899$ & $0.25997$ & $-0.0944154$ & $0.16608$ & $0.145292$ & $0.0597374$ & $-0.000246162$ & $-0.0524509$ & $0.340997$ & $0.319265$ & $-0.0171246$ \\
eHWWint & $0.342884$ & $0.200692$ & $-0.26752$ & $0.175681$ & $-0.0171901$ & $0.00312286$ & $-0.0376392$ & $-0.00650465$ & $-0.00866123$ & $0.00563676$ & $0.0113256$ & $0.00358762$ & $-0.0138882$ & $-0.00483952$ & $-0.00198251$ & $-0.00755085$ & $0.00158081$ & $-0.0130324$ & $-0.00343125$ & $-0.0169907$ & $0.00775366$ & $0.00240721$ & $0.0227164$ & $-0.0220885$ & $-0.0224306$ & $-0.00145004$ & $-0.0072191$ & $-0.0217007$ & $-0.0295522$ & $-0.0447613$ & $0.0143036$ & $-0.0477672$ & $-0.0337206$ & $0.00146353$ & $-0.00748742$ & $0.288453$ & $1$ & $-0.280717$ & $0.0398545$ & $-0.0675016$ & $-0.0893944$ & $-0.0637001$ & $0.164593$ & $-0.0647865$ & $0.0307807$ & $0.0765771$ & $0.459122$ & $0.538368$ & $-0.073788$ \\
eHWWpar & $-0.00666088$ & $-0.268282$ & $0.200455$ & $-0.124647$ & $-0.220255$ & $0.0126187$ & $0.0277164$ & $-0.0101695$ & $-0.0165158$ & $0.0134865$ & $-0.00415482$ & $-0.0424066$ & $-0.0585923$ & $0.0150266$ & $-0.0142633$ & $-0.00834664$ & $0.0122877$ & $0.0117552$ & $0.00521945$ & $-0.0148829$ & $-0.0200081$ & $-0.00989156$ & $-0.00342207$ & $0.01711$ & $0.0202718$ & $0.0160446$ & $0.013125$ & $0.0528269$ & $-0.00363492$ & $-0.0727456$ & $-0.0728637$ & $0.0158148$ & $-0.071278$ & $-0.0172269$ & $0.0570658$ & $-0.300818$ & $-0.280717$ & $1$ & $-0.1843$ & $-0.158565$ & $-0.379523$ & $-0.110615$ & $-0.164862$ & $0.0435009$ & $0.489579$ & $0.384077$ & $-0.130043$ & $-0.158114$ & $0.123657$ \\
eHZZint & $-0.287281$ & $0.134433$ & $-0.543636$ & $0.520693$ & $0.215955$ & $-0.0251418$ & $-0.0837772$ & $-0.0434613$ & $-0.0375619$ & $0.00522986$ & $0.0564994$ & $0.0335298$ & $0.077023$ & $-0.0168696$ & $0.0315077$ & $0.00794935$ & $0.0129277$ & $-0.0217473$ & $0.0123186$ & $-0.0300722$ & $-0.0546947$ & $-0.0273324$ & $0.0196275$ & $0.0323472$ & $0.014321$ & $-0.028159$ & $-0.0360719$ & $-0.0329127$ & $0.0189807$ & $0.0636625$ & $0.0531152$ & $-0.0682979$ & $0.0523823$ & $-0.0536698$ & $0.0966534$ & $0.191899$ & $0.0398545$ & $-0.1843$ & $1$ & $0.198262$ & $-0.175435$ & $0.215642$ & $0.304714$ & $0.419313$ & $0.174706$ & $0.134309$ & $-0.128321$ & $0.100583$ & $-0.0738583$ \\
eHZZpar & $-0.311609$ & $-0.154278$ & $0.0147248$ & $0.270341$ & $0.051065$ & $-0.00456802$ & $0.0280465$ & $-0.0329836$ & $-0.034028$ & $0.0174194$ & $0.0325647$ & $0.00742258$ & $-0.00403207$ & $0.0234991$ & $0.0102281$ & $0.00352661$ & $0.0191595$ & $0.0272119$ & $0.00780298$ & $-0.026235$ & $-0.0384823$ & $-0.0179913$ & $0.00546877$ & $0.0214923$ & $0.0386356$ & $-0.0139042$ & $-0.0238728$ & $-0.00882061$ & $-0.00278842$ & $-0.00660418$ & $-0.0135263$ & $0.0338784$ & $-0.00318399$ & $-0.0256486$ & $-0.167633$ & $0.25997$ & $-0.0675016$ & $-0.158565$ & $0.198262$ & $1$ & $0.158328$ & $0.132722$ & $-0.177852$ & $-0.0399051$ & $-0.228732$ & $-0.161808$ & $-0.0350136$ & $0.0800314$ & $-0.0250648$ \\
eHZgaint & $0.217024$ & $0.0597961$ & $-0.0472742$ & $-0.0606077$ & $0.170108$ & $0.00753101$ & $0.0480856$ & $0.0272802$ & $0.030639$ & $-0.02645$ & $-0.0190829$ & $0.00108727$ & $-0.021087$ & $-0.00044456$ & $-0.0101549$ & $0.00608633$ & $-0.0199784$ & $0.00680132$ & $-0.0187356$ & $0.0299439$ & $0.0331597$ & $0.0221934$ & $0.0439335$ & $-0.020736$ & $-0.023462$ & $-0.0208117$ & $0.0169943$ & $0.0094834$ & $0.00357118$ & $0.0148203$ & $-0.0256035$ & $0.0431392$ & $-0.0128793$ & $0.0337379$ & $-0.0623157$ & $-0.0944154$ & $-0.0893944$ & $-0.379523$ & $-0.175435$ & $0.158328$ & $1$ & $0.206051$ & $0.0681555$ & $0.152848$ & $-0.316442$ & $-0.553539$ & $-0.23354$ & $-0.403595$ & $-0.0148856$ \\
eHZgapar & $-0.302796$ & $0.311065$ & $0.10519$ & $0.0949668$ & $0.0918109$ & $-0.0086903$ & $-0.0802114$ & $-0.0196841$ & $-0.0206989$ & $0.00909945$ & $0.0263501$ & $-0.0128171$ & $0.00909559$ & $0.00516905$ & $0.0500786$ & $0.0223203$ & $0.00246698$ & $-0.0307439$ & $-0.00986499$ & $-0.0184607$ & $-0.0252627$ & $-0.021645$ & $0.0422723$ & $0.0250618$ & $-0.0299936$ & $-0.0430916$ & $-0.0780309$ & $-0.0256108$ & $-0.0127618$ & $0.0133022$ & $0.0322135$ & $-0.0822995$ & $0.0127434$ & $-0.0289837$ & $0.0502276$ & $0.16608$ & $-0.0637001$ & $-0.110615$ & $0.215642$ & $0.132722$ & $0.206051$ & $1$ & $0.30086$ & $0.230326$ & $0.0112372$ & $-0.207092$ & $0.134135$ & $-0.351602$ & $0.129969$ \\
eHgagaint & $0.196275$ & $0.137853$ & $-0.276751$ & $0.0632845$ & $0.109536$ & $-0.0211262$ & $-0.0537612$ & $0.0544227$ & $0.0659182$ & $-0.0242587$ & $-0.0404058$ & $-0.0199138$ & $-0.00959549$ & $-0.0156697$ & $0.0363743$ & $-0.00866009$ & $-0.0331124$ & $-0.0605589$ & $-0.0192055$ & $0.0430575$ & $0.0418286$ & $0.0366229$ & $0.0428111$ & $-0.0482593$ & $-0.0525484$ & $-0.0375567$ & $-0.000697455$ & $-0.050801$ & $-0.0142361$ & $-0.00291007$ & $0.0215429$ & $-0.0487018$ & $0.000585763$ & $0.0207685$ & $0.173439$ & $0.145292$ & $0.164593$ & $-0.164862$ & $0.304714$ & $-0.177852$ & $0.0681555$ & $0.30086$ & $1$ & $0.558931$ & $0.0870523$ & $-0.0886097$ & $-0.041104$ & $-0.114816$ & $-0.0137675$ \\
eHmumuint & $0.063194$ & $0.00603809$ & $-0.236338$ & $0.019855$ & $0.214509$ & $-0.0193421$ & $-0.0182871$ & $0.0116766$ & $0.0176298$ & $-0.00270086$ & $-0.000537244$ & $-0.0328458$ & $-0.0325027$ & $0.00424597$ & $0.0858629$ & $0.0514486$ & $0.00225897$ & $-0.0585127$ & $-0.027969$ & $0.0073898$ & $-0.00970877$ & $-0.00187517$ & $0.0163591$ & $0.000806901$ & $-0.0488299$ & $-0.0312798$ & $-0.0776714$ & $-0.0409686$ & $-0.0247099$ & $-0.00522072$ & $-0.0200817$ & $-0.0138798$ & $0.0110146$ & $-0.0356666$ & $0.267232$ & $0.0597374$ & $-0.0647865$ & $0.0435009$ & $0.419313$ & $-0.0399051$ & $0.152848$ & $0.230326$ & $0.558931$ & $1$ & $0.242332$ & $-0.0111641$ & $-0.416031$ & $-0.287387$ & $0.204843$ \\
eHtautauint & $-0.0172914$ & $0.0119184$ & $-0.228199$ & $0.18048$ & $-0.112942$ & $0.009464$ & $0.0382288$ & $-0.0575114$ & $-0.059235$ & $0.0523495$ & $0.039587$ & $-0.0197416$ & $-0.095152$ & $0.0301599$ & $0.0264466$ & $0.00903543$ & $0.0418225$ & $0.0131249$ & $0.0327218$ & $-0.0439365$ & $-0.0403445$ & $-0.0403535$ & $-0.0203437$ & $0.028394$ & $0.0287081$ & $0.00435877$ & $-0.0510337$ & $0.0377734$ & $-0.0284776$ & $-0.0473912$ & $-0.0342568$ & $0.0394293$ & $-0.0615685$ & $-0.0608379$ & $0.302343$ & $-0.000246162$ & $0.0307807$ & $0.489579$ & $0.174706$ & $-0.228732$ & $-0.316442$ & $0.0112372$ & $0.0870523$ & $0.242332$ & $1$ & $0.54802$ & $-0.0276011$ & $-0.0204715$ & $0.0328798$ \\
eHccint & $-0.07423$ & $-0.0205578$ & $-0.149184$ & $-0.000240645$ & $-0.0853421$ & $0.0250975$ & $0.0113367$ & $-0.0214593$ & $-0.0265327$ & $0.0471925$ & $0.00524675$ & $-0.0131315$ & $-0.0583062$ & $0.0333973$ & $-0.0250474$ & $-0.0424618$ & $0.0248323$ & $0.0271552$ & $0.0516325$ & $-0.0185038$ & $0.00374064$ & $-0.0106674$ & $-0.00390666$ & $0.00954479$ & $0.0405815$ & $0.00825849$ & $0.0237537$ & $0.033121$ & $-0.00575317$ & $-0.0410875$ & $-0.0306693$ & $0.0129558$ & $-0.0341931$ & $-0.0131525$ & $0.370397$ & $-0.0524509$ & $0.0765771$ & $0.384077$ & $0.134309$ & $-0.161808$ & $-0.553539$ & $-0.207092$ & $-0.0886097$ & $-0.0111641$ & $0.54802$ & $1$ & $-0.0931618$ & $0.0496813$ & $0.0975617$ \\
eHccpar & $-0.0967757$ & $0.276614$ & $0.0845842$ & $0.209821$ & $-0.0597864$ & $-0.0148554$ & $0.0175203$ & $-0.0203439$ & $-0.0180027$ & $0.00782593$ & $0.023563$ & $0.0301341$ & $-0.013056$ & $-0.0237978$ & $0.0246188$ & $0.0116518$ & $0.00227843$ & $-0.0272613$ & $-0.02251$ & $-0.014352$ & $-0.0082631$ & $-0.00178284$ & $0.0093113$ & $-0.00549765$ & $-0.0097091$ & $0.00234032$ & $-0.0276592$ & $-0.00201633$ & $-0.0139472$ & $-0.00174046$ & $0.0905186$ & $0.0209828$ & $0.0201376$ & $-0.0224681$ & $-0.396056$ & $0.340997$ & $0.459122$ & $-0.130043$ & $-0.128321$ & $-0.0350136$ & $-0.23354$ & $0.134135$ & $-0.041104$ & $-0.416031$ & $-0.0276011$ & $-0.0931618$ & $1$ & $0.487266$ & $-0.0459628$ \\
eHbbint & $0.0540996$ & $-0.103687$ & $-0.0686115$ & $0.11831$ & $-0.0214216$ & $-0.0124827$ & $0.0410972$ & $-0.0605704$ & $-0.059788$ & $0.0623024$ & $0.0399784$ & $0.0206465$ & $-0.0228914$ & $0.0305165$ & $0.0214086$ & $0.0222496$ & $0.0637429$ & $0.0302528$ & $0.0388994$ & $-0.0381998$ & $-0.0424223$ & $-0.0278262$ & $-0.0483161$ & $0.032721$ & $0.0422623$ & $0.0109863$ & $-0.0667813$ & $-0.0197711$ & $-0.0114437$ & $-0.0191374$ & $0.0219502$ & $0.0459151$ & $0.020486$ & $-0.0609698$ & $-0.196357$ & $0.319265$ & $0.538368$ & $-0.158114$ & $0.100583$ & $0.0800314$ & $-0.403595$ & $-0.351602$ & $-0.114816$ & $-0.287387$ & $-0.0204715$ & $0.0496813$ & $0.487266$ & $1$ & $-0.0462869$ \\
eHbbpar & $-0.381547$ & $-0.265891$ & $0.0552376$ & $-0.0773728$ & $0.048048$ & $-0.0217742$ & $0.0768444$ & $0.0316401$ & $0.0285909$ & $-0.0025354$ & $-0.0307455$ & $-0.0549914$ & $-0.0773507$ & $0.0137091$ & $0.00127154$ & $-0.0286384$ & $0.00775931$ & $0.00220431$ & $0.00851494$ & $0.0157129$ & $0.0437614$ & $0.0482115$ & $0.000897013$ & $-0.0133007$ & $0.0127475$ & $0.0100654$ & $0.0213555$ & $-0.0344459$ & $-0.0399554$ & $-0.054006$ & $-0.018511$ & $0.0687546$ & $0.100723$ & $0.0207914$ & $-0.0915168$ & $-0.0171246$ & $-0.073788$ & $0.123657$ & $-0.0738583$ & $-0.0250648$ & $-0.0148856$ & $0.129969$ & $-0.0137675$ & $0.204843$ & $0.0328798$ & $0.0975617$ & $-0.0459628$ & $-0.0462869$ & $1$ \\
