 & AlsMz & dAle5Mz & mtop & mHl & Mz & CW & CHG & CHWB & CHWHB_gaga & CHWHB_gagaorth & CHD & CHbox & CH & CHL1_11 & CHL1_22 & CHL1_33 & CHL3_11 & CHL3_22 & CHL3_33 & CHe_11 & CHe_22 & CHe_33 & CHQ1_11 & CHQ1_33 & CHQ3_11 & CHu_11 & CHd_11 & CHd_33 & CeH_22r & CeH_33r & CuH_22r & CuH_33r & CdH_33r & CLL_1221 & eHggint & eHggpar & eHWWint & eHWWpar & eHZZint & eHZZpar & eHZgaint & eHZgapar & eHgagaint & eHmumuint & eHtautauint & eHccint & eHccpar & eHbbint & eHbbpar \\
AlsMz & $1$ & $0.375399$ & $-0.212907$ & $0.591865$ & $0.0133674$ & $0.00062427$ & $0.105358$ & $0.0265698$ & $0.0301755$ & $-0.0103557$ & $-0.0489269$ & $0.0433401$ & $0.0597138$ & $0.0571973$ & $-0.0408146$ & $-0.0402175$ & $0.0325068$ & $0.0544757$ & $0.053523$ & $0.0436671$ & $0.0572285$ & $0.0546687$ & $0.0730165$ & $0.0221162$ & $0.0817598$ & $-0.0632252$ & $0.181691$ & $0.0647277$ & $0.013668$ & $0.0729254$ & $0.0868178$ & $0.10642$ & $0.125011$ & $0.0619206$ & $-0.538237$ & $0.0975028$ & $-0.678422$ & $0.158001$ & $-0.00414926$ & $0.0622749$ & $0.114846$ & $-0.149234$ & $-0.210213$ & $-0.200014$ & $0.345848$ & $0.317952$ & $-0.0514358$ & $-0.0585136$ & $0.27097$ \\
dAle5Mz & $0.375399$ & $1$ & $0.102405$ & $0.429387$ & $0.0100114$ & $0.000200939$ & $-0.0121636$ & $0.0960151$ & $0.099233$ & $0.0188622$ & $-0.0712221$ & $0.139248$ & $0.129611$ & $-0.0184847$ & $-0.0679872$ & $-0.114493$ & $-0.0323714$ & $-0.0179345$ & $0.0229126$ & $0.0575179$ & $0.0973009$ & $0.0972033$ & $0.130153$ & $-0.0804939$ & $0.0965737$ & $-0.0577948$ & $0.435873$ & $0.0155231$ & $0.0729482$ & $0.0964911$ & $0.0733192$ & $0.00384166$ & $0.0897465$ & $0.168226$ & $-0.222029$ & $-0.0504509$ & $-0.290764$ & $0.172818$ & $-0.0678668$ & $0.0464889$ & $0.0883233$ & $-0.189864$ & $0.0324366$ & $-0.0674505$ & $0.0571969$ & $0.340233$ & $0.0162763$ & $0.111864$ & $-0.321142$ \\
mtop & $-0.212907$ & $0.102405$ & $1$ & $-0.396948$ & $-0.0190665$ & $-0.0986578$ & $-0.161631$ & $0.26817$ & $0.262876$ & $-0.178722$ & $-0.141294$ & $0.228304$ & $0.244516$ & $-0.18169$ & $-0.0649349$ & $-0.128507$ & $-0.192097$ & $-0.191552$ & $-0.143786$ & $0.119057$ & $0.177774$ & $0.173164$ & $0.150168$ & $-0.306002$ & $-0.111702$ & $-0.104226$ & $0.482708$ & $0.0653486$ & $0.0432233$ & $0.102152$ & $0.0463892$ & $-0.132215$ & $0.0801507$ & $0.317953$ & $0.61132$ & $0.0861003$ & $0.53571$ & $-0.163409$ & $-0.259293$ & $0.0113649$ & $-0.173711$ & $-0.111648$ & $0.474668$ & $0.353234$ & $-0.126779$ & $-0.437819$ & $0.181828$ & $0.338725$ & $-0.314121$ \\
mHl & $0.591865$ & $0.429387$ & $-0.396948$ & $1$ & $-0.0265833$ & $0.0740421$ & $-0.00699016$ & $0.00585202$ & $0.00877673$ & $0.0164498$ & $-0.0177071$ & $0.0530321$ & $0.0492917$ & $0.0378326$ & $0.045602$ & $0.0261176$ & $-0.00760516$ & $-0.0140865$ & $-0.00446076$ & $0.021444$ & $0.0127754$ & $0.00882915$ & $0.0166511$ & $0.0401187$ & $0.0257486$ & $-0.0166589$ & $0.0478678$ & $0.0471481$ & $0.0893163$ & $0.0679745$ & $0.0637298$ & $-0.0094463$ & $0.10941$ & $-0.0430321$ & $-0.632641$ & $-0.279454$ & $-0.61095$ & $0.144282$ & $0.0922844$ & $0.044514$ & $0.0584079$ & $-0.144723$ & $-0.162941$ & $-0.21047$ & $0.186652$ & $0.243928$ & $-0.100981$ & $-0.0796679$ & $0.182131$ \\
Mz & $0.0133674$ & $0.0100114$ & $-0.0190665$ & $-0.0265833$ & $1$ & $-0.00266038$ & $-0.0179207$ & $-0.00284455$ & $-0.00395801$ & $0.0118981$ & $0.00720136$ & $0.00804629$ & $0.00330074$ & $0.00472116$ & $0.0196892$ & $0.00590528$ & $0.00813433$ & $-0.00591362$ & $0.00589993$ & $0.00374487$ & $0.00215643$ & $0.00515644$ & $0.00265503$ & $0.0017476$ & $0.0238048$ & $0.00582868$ & $0.0202006$ & $0.0286806$ & $-0.00444468$ & $0.00206352$ & $-0.00421236$ & $-0.017418$ & $-0.0045791$ & $-0.0229877$ & $0.00510604$ & $0.0493057$ & $0.00499273$ & $-0.0170041$ & $-0.0477302$ & $-0.00946869$ & $0.00546671$ & $-0.00818388$ & $0.0346164$ & $-0.00756652$ & $0.0020644$ & $0.0221733$ & $-0.0309837$ & $-0.0109057$ & $0.0203997$ \\
CW & $0.00062427$ & $0.000200939$ & $-0.0986578$ & $0.0740421$ & $-0.00266038$ & $1$ & $-0.00896106$ & $-0.0460347$ & $-0.0447403$ & $-0.0115778$ & $0.0929811$ & $0.0243227$ & $0.016729$ & $0.0928114$ & $-0.0626479$ & $0.018674$ & $-0.243721$ & $-0.0260018$ & $-0.0825358$ & $-0.0874089$ & $-0.101757$ & $-0.0959608$ & $0.0181459$ & $-0.0120753$ & $-0.0751889$ & $0.0329418$ & $-0.068981$ & $-0.0275244$ & $-0.0290496$ & $-0.00391619$ & $0.00572609$ & $-0.00946834$ & $-0.0222716$ & $-0.0873209$ & $-0.0510635$ & $-0.0130086$ & $-0.0373847$ & $-0.034768$ & $-0.015417$ & $0.0209006$ & $-0.0549897$ & $-0.00718533$ & $0.0332386$ & $-0.0183461$ & $0.0652205$ & $-0.00599601$ & $0.0217447$ & $-0.000629716$ & $-0.0839718$ \\
CHG & $0.105358$ & $-0.0121636$ & $-0.161631$ & $-0.00699016$ & $-0.0179207$ & $-0.00896106$ & $1$ & $-0.177989$ & $-0.137178$ & $0.13681$ & $0.12168$ & $-0.319598$ & $-0.336826$ & $0.0488578$ & $-0.130018$ & $-0.0837771$ & $0.130834$ & $0.179092$ & $0.154355$ & $-0.125839$ & $-0.118628$ & $-0.11226$ & $0.065689$ & $0.149883$ & $0.176489$ & $0.0251534$ & $0.0113758$ & $0.00115288$ & $-0.0173286$ & $-0.181849$ & $-0.0993355$ & $0.931684$ & $-0.230436$ & $-0.0340795$ & $-0.164563$ & $0.119717$ & $-0.0403907$ & $0.153237$ & $0.30386$ & $0.0292731$ & $-0.0265278$ & $0.161159$ & $-0.0961373$ & $0.0330217$ & $-0.0514483$ & $0.159808$ & $0.00105644$ & $-0.052399$ & $0.157222$ \\
CHWB & $0.0265698$ & $0.0960151$ & $0.26817$ & $0.00585202$ & $-0.00284455$ & $-0.0460347$ & $-0.177989$ & $1$ & $0.985706$ & $-0.618768$ & $-0.871381$ & $0.278194$ & $0.388033$ & $0.0473609$ & $0.432055$ & $0.35906$ & $-0.307392$ & $-0.523094$ & $-0.493122$ & $0.849306$ & $0.884046$ & $0.860582$ & $0.0567826$ & $-0.677107$ & $-0.533357$ & $-0.525756$ & $0.354472$ & $0.28246$ & $0.0156309$ & $0.164998$ & $0.0619276$ & $-0.153123$ & $0.193481$ & $0.505856$ & $0.199496$ & $0.0714109$ & $0.0947461$ & $-0.144102$ & $-0.251951$ & $0.0395118$ & $-0.00350433$ & $0.0163752$ & $0.231099$ & $0.0353124$ & $0.0642459$ & $-0.108186$ & $0.00788134$ & $0.0903758$ & $-0.103149$ \\
CHWHB_gaga & $0.0301755$ & $0.099233$ & $0.262876$ & $0.00877673$ & $-0.00395801$ & $-0.0447403$ & $-0.137178$ & $0.985706$ & $1$ & $-0.606763$ & $-0.856723$ & $0.281332$ & $0.383285$ & $0.0414414$ & $0.420592$ & $0.35638$ & $-0.306451$ & $-0.51605$ & $-0.491894$ & $0.834878$ & $0.869476$ & $0.846577$ & $0.0587473$ & $-0.669757$ & $-0.528653$ & $-0.517317$ & $0.352269$ & $0.276623$ & $0.025799$ & $0.181759$ & $0.0718885$ & $-0.119581$ & $0.214538$ & $0.503995$ & $0.192355$ & $0.0777852$ & $0.0932449$ & $-0.140373$ & $-0.240809$ & $0.0435418$ & $-0.00884923$ & $0.0195276$ & $0.239113$ & $0.0397603$ & $0.062038$ & $-0.105277$ & $0.00724089$ & $0.0869873$ & $-0.0952032$ \\
CHWHB_gagaorth & $-0.0103557$ & $0.0188622$ & $-0.178722$ & $0.0164498$ & $0.0118981$ & $-0.0115778$ & $0.13681$ & $-0.618768$ & $-0.606763$ & $1$ & $0.404465$ & $-0.0649069$ & $-0.285167$ & $0.222103$ & $-0.22816$ & $-0.188016$ & $0.448067$ & $0.524119$ & $0.509212$ & $-0.394963$ & $-0.414561$ & $-0.40521$ & $-0.0548941$ & $0.568545$ & $0.539227$ & $0.246589$ & $-0.230689$ & $-0.129567$ & $-0.00352203$ & $-0.170021$ & $-0.0884542$ & $0.135482$ & $-0.200767$ & $-0.33817$ & $-0.132187$ & $-0.11883$ & $-0.0530758$ & $0.0552479$ & $0.207098$ & $-0.0651713$ & $0.0890756$ & $0.0100739$ & $-0.1588$ & $-0.0971218$ & $-0.0752419$ & $0.162561$ & $-0.0332027$ & $-0.0966302$ & $0.0787091$ \\
CHD & $-0.0489269$ & $-0.0712221$ & $-0.141294$ & $-0.0177071$ & $0.00720136$ & $0.0929811$ & $0.12168$ & $-0.871381$ & $-0.856723$ & $0.404465$ & $1$ & $-0.0767203$ & $-0.192915$ & $-0.476776$ & $-0.508355$ & $-0.450889$ & $-0.16093$ & $0.133617$ & $0.112401$ & $-0.991005$ & $-0.991922$ & $-0.965408$ & $0.0123377$ & $0.303131$ & $0.113767$ & $0.556944$ & $-0.237656$ & $-0.316762$ & $0.00949737$ & $-0.106955$ & $-0.0216359$ & $0.109983$ & $-0.134926$ & $-0.323992$ & $-0.134335$ & $-0.071888$ & $-0.0565094$ & $0.128088$ & $0.168691$ & $0.026502$ & $-0.043281$ & $0.0230426$ & $-0.157623$ & $0.0245551$ & $-0.0827098$ & $-0.0189124$ & $0.00929885$ & $-0.0847738$ & $0.0679611$ \\
CHbox & $0.0433401$ & $0.139248$ & $0.228304$ & $0.0530321$ & $0.00804629$ & $0.0243227$ & $-0.319598$ & $0.278194$ & $0.281332$ & $-0.0649069$ & $-0.0767203$ & $1$ & $0.94446$ & $-0.315073$ & $0.074954$ & $0.0262592$ & $-0.386818$ & $-0.398505$ & $-0.368739$ & $0.0760107$ & $0.0890268$ & $0.0881432$ & $0.024325$ & $-0.383547$ & $-0.391357$ & $-0.0586803$ & $0.136441$ & $0.0048024$ & $0.114458$ & $0.332149$ & $0.167247$ & $-0.248241$ & $0.419902$ & $0.178718$ & $0.0832669$ & $-0.0918$ & $0.0156841$ & $-0.122442$ & $-0.109885$ & $0.0167354$ & $0.0228982$ & $0.00178602$ & $0.0556076$ & $-0.0862257$ & $0.0911758$ & $-0.0834617$ & $-0.0228343$ & $-0.0133961$ & $-0.111888$ \\
CH & $0.0597138$ & $0.129611$ & $0.244516$ & $0.0492917$ & $0.00330074$ & $0.016729$ & $-0.336826$ & $0.388033$ & $0.383285$ & $-0.285167$ & $-0.192915$ & $0.94446$ & $1$ & $-0.26291$ & $0.115498$ & $0.0596125$ & $-0.382143$ & $-0.417678$ & $-0.384077$ & $0.185266$ & $0.207344$ & $0.204013$ & $0.0224076$ & $-0.436693$ & $-0.417153$ & $-0.119852$ & $0.181891$ & $0.0395444$ & $0.0949605$ & $0.295655$ & $0.165338$ & $-0.285225$ & $0.374884$ & $0.240295$ & $0.0942717$ & $-0.067691$ & $0.0172768$ & $-0.122425$ & $-0.138325$ & $0.0136931$ & $0.0107137$ & $-0.00981071$ & $0.0620141$ & $-0.0786251$ & $0.120912$ & $-0.091613$ & $-0.00803016$ & $0.0240052$ & $-0.126364$ \\
CHL1_11 & $0.0571973$ & $-0.0184847$ & $-0.18169$ & $0.0378326$ & $0.00472116$ & $0.0928114$ & $0.0488578$ & $0.0473609$ & $0.0414414$ & $0.222103$ & $-0.476776$ & $-0.315073$ & $-0.26291$ & $1$ & $0.197541$ & $0.218931$ & $0.628141$ & $0.60625$ & $0.589694$ & $0.485597$ & $0.446495$ & $0.433147$ & $-0.101555$ & $0.487545$ & $0.611353$ & $-0.213518$ & $-0.117115$ & $0.140532$ & $-0.0579345$ & $-0.0724947$ & $-0.0611692$ & $0.0289237$ & $-0.0648986$ & $-0.22504$ & $-0.0682785$ & $0.028695$ & $-0.0488999$ & $-0.0197065$ & $0.0725844$ & $-0.105948$ & $0.0700594$ & $-0.0786994$ & $-0.0639996$ & $-0.0972409$ & $0.0738826$ & $0.220948$ & $-0.00989145$ & $0.0272385$ & $0.0241739$ \\
CHL1_22 & $-0.0408146$ & $-0.0679872$ & $-0.0649349$ & $0.045602$ & $0.0196892$ & $-0.0626479$ & $-0.130018$ & $0.432055$ & $0.420592$ & $-0.22816$ & $-0.508355$ & $0.074954$ & $0.115498$ & $0.197541$ & $1$ & $0.36012$ & $0.0700589$ & $-0.508144$ & $-0.0805957$ & $0.554566$ & $0.442224$ & $0.425601$ & $-0.0886883$ & $-0.0287588$ & $-0.131428$ & $-0.230414$ & $-0.205804$ & $0.15469$ & $0.00898449$ & $0.0495081$ & $0.0125501$ & $-0.121497$ & $0.0580705$ & $-0.52286$ & $0.0162701$ & $-0.118975$ & $-0.0297283$ & $-0.0891658$ & $-0.126029$ & $0.0563598$ & $0.15044$ & $-0.000754718$ & $0.0121347$ & $-0.0980653$ & $-0.0840259$ & $0.000585416$ & $-0.156988$ & $-0.153711$ & $0.000707494$ \\
CHL1_33 & $-0.0402175$ & $-0.114493$ & $-0.128507$ & $0.0261176$ & $0.00590528$ & $0.018674$ & $-0.0837771$ & $0.35906$ & $0.35638$ & $-0.188016$ & $-0.450889$ & $0.0262592$ & $0.0596125$ & $0.218931$ & $0.36012$ & $1$ & $0.0856779$ & $-0.0317718$ & $-0.484245$ & $0.502173$ & $0.381623$ & $0.397144$ & $-0.136685$ & $0.0276058$ & $-0.111422$ & $-0.183594$ & $-0.297306$ & $0.0796369$ & $-0.000642995$ & $0.00397741$ & $-0.00681358$ & $-0.0896737$ & $0.0341275$ & $0.0309035$ & $-0.0174493$ & $-0.0849421$ & $-0.0756913$ & $-0.0288932$ & $-0.0381563$ & $0.0190929$ & $0.0923106$ & $0.0235119$ & $-0.00659861$ & $-0.094363$ & $-0.0752995$ & $0.008702$ & $-0.0989287$ & $-0.124325$ & $0.0811373$ \\
CHL3_11 & $0.0325068$ & $-0.0323714$ & $-0.192097$ & $-0.00760516$ & $0.00813433$ & $-0.243721$ & $0.130834$ & $-0.307392$ & $-0.306451$ & $0.448067$ & $-0.16093$ & $-0.386818$ & $-0.382143$ & $0.628141$ & $0.0700589$ & $0.0856779$ & $1$ & $0.751252$ & $0.748294$ & $0.174852$ & $0.138348$ & $0.134593$ & $-0.115843$ & $0.702667$ & $0.818914$ & $-0.020073$ & $-0.161637$ & $0.0490438$ & $-0.0345898$ & $-0.107758$ & $-0.073916$ & $0.106593$ & $-0.110536$ & $-0.244713$ & $-0.105127$ & $0.0203733$ & $-0.0473301$ & $0.0430527$ & $0.176611$ & $-0.133595$ & $0.0761194$ & $-0.0693989$ & $-0.135726$ & $-0.0890957$ & $0.0258307$ & $0.222839$ & $-0.0213675$ & $0.0106373$ & $0.0684548$ \\
CHL3_22 & $0.0544757$ & $-0.0179345$ & $-0.191552$ & $-0.0140865$ & $-0.00591362$ & $-0.0260018$ & $0.179092$ & $-0.523094$ & $-0.51605$ & $0.524119$ & $0.133617$ & $-0.398505$ & $-0.417678$ & $0.60625$ & $-0.508144$ & $-0.0317718$ & $0.751252$ & $1$ & $0.679683$ & $-0.133266$ & $-0.130031$ & $-0.121508$ & $-0.0718374$ & $0.681428$ & $0.80333$ & $0.114127$ & $-0.107094$ & $-0.0519423$ & $-0.0483597$ & $-0.139767$ & $-0.0799453$ & $0.149552$ & $-0.14537$ & $0.00332018$ & $-0.12574$ & $0.0673923$ & $-0.0505033$ & $0.0873057$ & $0.227906$ & $-0.146167$ & $-0.0120943$ & $-0.0657807$ & $-0.140803$ & $-0.0432375$ & $0.072311$ & $0.215738$ & $0.0639929$ & $0.0748784$ & $0.0706486$ \\
CHL3_33 & $0.053523$ & $0.0229126$ & $-0.143786$ & $-0.00446076$ & $0.00589993$ & $-0.0825358$ & $0.154355$ & $-0.493122$ & $-0.491894$ & $0.509212$ & $0.112401$ & $-0.368739$ & $-0.384077$ & $0.589694$ & $-0.0805957$ & $-0.484245$ & $0.748294$ & $0.679683$ & $1$ & $-0.116669$ & $-0.102992$ & $-0.0932409$ & $-0.0390384$ & $0.651717$ & $0.80907$ & $0.0956668$ & $-0.0282785$ & $-0.00551047$ & $-0.0447882$ & $-0.109168$ & $-0.0656001$ & $0.135585$ & $-0.13013$ & $-0.388653$ & $-0.100962$ & $0.0453813$ & $-0.0150063$ & $0.0468321$ & $0.172529$ & $-0.128617$ & $0.026491$ & $-0.0801805$ & $-0.124429$ & $-0.0401921$ & $0.0614724$ & $0.212157$ & $0.0304988$ & $0.0595542$ & $0.0110133$ \\
CHe_11 & $0.0436671$ & $0.0575179$ & $0.119057$ & $0.021444$ & $0.00374487$ & $-0.0874089$ & $-0.125839$ & $0.849306$ & $0.834878$ & $-0.394963$ & $-0.991005$ & $0.0760107$ & $0.185266$ & $0.485597$ & $0.554566$ & $0.502173$ & $0.174852$ & $-0.133266$ & $-0.116669$ & $1$ & $0.976127$ & $0.950624$ & $-0.0283557$ & $-0.260288$ & $-0.0962541$ & $-0.542453$ & $0.186534$ & $0.311024$ & $-0.00908905$ & $0.100014$ & $0.0196854$ & $-0.115029$ & $0.127467$ & $0.259158$ & $0.123092$ & $0.0548447$ & $0.046316$ & $-0.123931$ & $-0.164918$ & $-0.0247461$ & $0.0558008$ & $-0.0245091$ & $0.146521$ & $-0.0361567$ & $0.0690794$ & $0.0231549$ & $-0.0251247$ & $0.0646292$ & $-0.060565$ \\
CHe_22 & $0.0572285$ & $0.0973009$ & $0.177774$ & $0.0127754$ & $0.00215643$ & $-0.101757$ & $-0.118628$ & $0.884046$ & $0.869476$ & $-0.414561$ & $-0.991922$ & $0.0890268$ & $0.207344$ & $0.446495$ & $0.442224$ & $0.381623$ & $0.138348$ & $-0.130031$ & $-0.102992$ & $0.976127$ & $1$ & $0.96941$ & $0.00768998$ & $-0.34794$ & $-0.128544$ & $-0.563595$ & $0.302102$ & $0.319413$ & $-0.00751031$ & $0.114266$ & $0.0267367$ & $-0.105359$ & $0.141843$ & $0.397734$ & $0.149663$ & $0.0929934$ & $0.0713344$ & $-0.128501$ & $-0.174173$ & $-0.0304709$ & $0.0266391$ & $-0.0243642$ & $0.174841$ & $-0.00756973$ & $0.0967977$ & $0.0130379$ & $0.00959156$ & $0.111939$ & $-0.0829049$ \\
CHe_33 & $0.0546687$ & $0.0972033$ & $0.173164$ & $0.00882915$ & $0.00515644$ & $-0.0959608$ & $-0.11226$ & $0.860582$ & $0.846577$ & $-0.40521$ & $-0.965408$ & $0.0881432$ & $0.204013$ & $0.433147$ & $0.425601$ & $0.397144$ & $0.134593$ & $-0.121508$ & $-0.0932409$ & $0.950624$ & $0.96941$ & $1$ & $-0.000851911$ & $-0.337291$ & $-0.120827$ & $-0.53984$ & $0.300261$ & $0.316849$ & $-0.0122114$ & $0.114643$ & $0.0271966$ & $-0.0986239$ & $0.140225$ & $0.394793$ & $0.148555$ & $0.0875167$ & $0.0703259$ & $-0.128665$ & $-0.174128$ & $-0.0338131$ & $0.0300099$ & $-0.0202914$ & $0.177163$ & $-0.0071837$ & $0.0862011$ & $0.0118594$ & $0.00760841$ & $0.102681$ & $-0.0790842$ \\
CHQ1_11 & $0.0730165$ & $0.130153$ & $0.150168$ & $0.0166511$ & $0.00265503$ & $0.0181459$ & $0.065689$ & $0.0567826$ & $0.0587473$ & $-0.0548941$ & $0.0123377$ & $0.024325$ & $0.0224076$ & $-0.101555$ & $-0.0886883$ & $-0.136685$ & $-0.115843$ & $-0.0718374$ & $-0.0390384$ & $-0.0283557$ & $0.00768998$ & $-0.000851911$ & $1$ & $-0.151481$ & $-0.0167913$ & $-0.67619$ & $0.304509$ & $-0.00767766$ & $-0.0311256$ & $0.0286339$ & $0.0399813$ & $0.0748628$ & $0.0222177$ & $0.129814$ & $0.0237076$ & $0.127279$ & $0.0709162$ & $0.0347469$ & $0.0393793$ & $0.0891831$ & $-0.171106$ & $-0.0444355$ & $0.0659585$ & $0.147757$ & $0.0345486$ & $-0.0411444$ & $0.129103$ & $0.122402$ & $-0.0954941$ \\
CHQ1_33 & $0.0221162$ & $-0.0804939$ & $-0.306002$ & $0.0401187$ & $0.0017476$ & $-0.0120753$ & $0.149883$ & $-0.677107$ & $-0.669757$ & $0.568545$ & $0.303131$ & $-0.383547$ & $-0.436693$ & $0.487545$ & $-0.0287588$ & $0.0276058$ & $0.702667$ & $0.681428$ & $0.651717$ & $-0.260288$ & $-0.34794$ & $-0.337291$ & $-0.151481$ & $1$ & $0.743205$ & $0.25833$ & $-0.347362$ & $-0.0146126$ & $-0.0467232$ & $-0.160673$ & $-0.0794703$ & $0.1179$ & $-0.179929$ & $-0.579704$ & $-0.203048$ & $-0.0616288$ & $-0.107511$ & $0.108197$ & $0.22728$ & $-0.109565$ & $0.0520702$ & $-0.0595197$ & $-0.209677$ & $-0.0789561$ & $-0.0385746$ & $0.193023$ & $-0.0152236$ & $-0.0512245$ & $0.0943618$ \\
CHQ3_11 & $0.0817598$ & $0.0965737$ & $-0.111702$ & $0.0257486$ & $0.0238048$ & $-0.0751889$ & $0.176489$ & $-0.533357$ & $-0.528653$ & $0.539227$ & $0.113767$ & $-0.391357$ & $-0.417153$ & $0.611353$ & $-0.131428$ & $-0.111422$ & $0.818914$ & $0.80333$ & $0.80907$ & $-0.0962541$ & $-0.128544$ & $-0.120827$ & $-0.0167913$ & $0.743205$ & $1$ & $0.108469$ & $0.0818775$ & $-0.0190816$ & $-0.0614623$ & $-0.116392$ & $-0.0601217$ & $0.156879$ & $-0.13371$ & $-0.344556$ & $-0.121405$ & $0.0665$ & $-0.0141514$ & $0.103515$ & $0.212892$ & $-0.13285$ & $-0.0305095$ & $-0.0676959$ & $-0.0881795$ & $0.0248656$ & $0.0390968$ & $0.215217$ & $0.106766$ & $0.150265$ & $0.0110597$ \\
CHu_11 & $-0.0632252$ & $-0.0577948$ & $-0.104226$ & $-0.0166589$ & $0.00582868$ & $0.0329418$ & $0.0251534$ & $-0.525756$ & $-0.517317$ & $0.246589$ & $0.556944$ & $-0.0586803$ & $-0.119852$ & $-0.213518$ & $-0.230414$ & $-0.183594$ & $-0.020073$ & $0.114127$ & $0.0956668$ & $-0.542453$ & $-0.563595$ & $-0.53984$ & $-0.67619$ & $0.25833$ & $0.108469$ & $1$ & $-0.180357$ & $-0.156589$ & $0.0269641$ & $-0.0532789$ & $-0.0338543$ & $0.0188347$ & $-0.0729861$ & $-0.26252$ & $-0.0637672$ & $-0.0893957$ & $-0.0474766$ & $0.0418344$ & $0.0623522$ & $-0.0559903$ & $0.0596844$ & $0.0666046$ & $-0.0857461$ & $-0.0357301$ & $-0.0623602$ & $0.0121768$ & $-0.0371647$ & $-0.0566052$ & $0.0708058$ \\
CHd_11 & $0.181691$ & $0.435873$ & $0.482708$ & $0.0478678$ & $0.0202006$ & $-0.068981$ & $0.0113758$ & $0.354472$ & $0.352269$ & $-0.230689$ & $-0.237656$ & $0.136441$ & $0.181891$ & $-0.117115$ & $-0.205804$ & $-0.297306$ & $-0.161637$ & $-0.107094$ & $-0.0282785$ & $0.186534$ & $0.302102$ & $0.300261$ & $0.304509$ & $-0.347362$ & $0.0818775$ & $-0.180357$ & $1$ & $0.121232$ & $-0.02505$ & $0.135139$ & $0.0737062$ & $0.0396956$ & $0.127547$ & $0.524609$ & $0.150562$ & $0.241322$ & $0.173432$ & $0.0171049$ & $-0.0849295$ & $-0.0376348$ & $-0.236746$ & $-0.00507094$ & $0.290466$ & $0.28679$ & $0.135824$ & $-0.0648577$ & $0.310319$ & $0.456355$ & $-0.212424$ \\
CHd_33 & $0.0647277$ & $0.0155231$ & $0.0653486$ & $0.0471481$ & $0.0286806$ & $-0.0275244$ & $0.00115288$ & $0.28246$ & $0.276623$ & $-0.129567$ & $-0.316762$ & $0.0048024$ & $0.0395444$ & $0.140532$ & $0.15469$ & $0.0796369$ & $0.0490438$ & $-0.0519423$ & $-0.00551047$ & $0.311024$ & $0.319413$ & $0.316849$ & $-0.00767766$ & $-0.0146126$ & $-0.0190816$ & $-0.156589$ & $0.121232$ & $1$ & $-0.0284212$ & $0.0380839$ & $0.0188179$ & $0.0109571$ & $0.0282883$ & $0.115367$ & $0.0529667$ & $0.0663511$ & $0.029158$ & $-0.0364865$ & $-0.102339$ & $0.0175661$ & $-0.0276338$ & $-0.00795328$ & $0.0855761$ & $0.0190211$ & $-0.00254076$ & $-0.040099$ & $-0.00977104$ & $0.014593$ & $-0.0406959$ \\
CeH_22r & $0.013668$ & $0.0729482$ & $0.0432233$ & $0.0893163$ & $-0.00444468$ & $-0.0290496$ & $-0.0173286$ & $0.0156309$ & $0.025799$ & $-0.00352203$ & $0.00949737$ & $0.114458$ & $0.0949605$ & $-0.0579345$ & $0.00898449$ & $-0.000642995$ & $-0.0345898$ & $-0.0483597$ & $-0.0447882$ & $-0.00908905$ & $-0.00751031$ & $-0.0122114$ & $-0.0311256$ & $-0.0467232$ & $-0.0614623$ & $0.0269641$ & $-0.02505$ & $-0.0284212$ & $1$ & $0.0628187$ & $0.0256468$ & $-0.0277574$ & $0.0729222$ & $0.0157334$ & $-0.0258163$ & $-0.0346992$ & $0.00275456$ & $-0.0161788$ & $0.0792842$ & $-0.0159263$ & $-0.0202063$ & $-0.0194194$ & $0.00452561$ & $-0.0143937$ & $0.0592596$ & $0.0149205$ & $0.0219734$ & $-0.0343062$ & $-0.041503$ \\
CeH_33r & $0.0729254$ & $0.0964911$ & $0.102152$ & $0.0679745$ & $0.00206352$ & $-0.00391619$ & $-0.181849$ & $0.164998$ & $0.181759$ & $-0.170021$ & $-0.106955$ & $0.332149$ & $0.295655$ & $-0.0724947$ & $0.0495081$ & $0.00397741$ & $-0.107758$ & $-0.139767$ & $-0.109168$ & $0.100014$ & $0.114266$ & $0.114643$ & $0.0286339$ & $-0.160673$ & $-0.116392$ & $-0.0532789$ & $0.135139$ & $0.0380839$ & $0.0628187$ & $1$ & $0.322997$ & $-0.0207001$ & $0.723968$ & $0.106862$ & $0.0167409$ & $0.0930705$ & $-0.0338023$ & $-0.0859826$ & $-0.0951755$ & $0.0375448$ & $-0.0159529$ & $-0.0357082$ & $0.103171$ & $-0.0234989$ & $0.127901$ & $-0.0135476$ & $-0.055883$ & $-0.0209575$ & $-0.0152795$ \\
CuH_22r & $0.0868178$ & $0.0733192$ & $0.0463892$ & $0.0637298$ & $-0.00421236$ & $0.00572609$ & $-0.0993355$ & $0.0619276$ & $0.0718885$ & $-0.0884542$ & $-0.0216359$ & $0.167247$ & $0.165338$ & $-0.0611692$ & $0.0125501$ & $-0.00681358$ & $-0.073916$ & $-0.0799453$ & $-0.0656001$ & $0.0196854$ & $0.0267367$ & $0.0271966$ & $0.0399813$ & $-0.0794703$ & $-0.0601217$ & $-0.0338543$ & $0.0737062$ & $0.0188179$ & $0.0256468$ & $0.322997$ & $1$ & $-0.00380822$ & $0.414013$ & $0.0455067$ & $-0.00445364$ & $0.019439$ & $-0.0575913$ & $-0.0179306$ & $-0.0319954$ & $0.0230937$ & $-0.00811228$ & $-0.0377008$ & $0.0272481$ & $-0.00825314$ & $0.0379888$ & $0.0185659$ & $0.0277635$ & $-0.0299356$ & $0.0154638$ \\
CuH_33r & $0.10642$ & $0.00384166$ & $-0.132215$ & $-0.0094463$ & $-0.017418$ & $-0.00946834$ & $0.931684$ & $-0.153123$ & $-0.119581$ & $0.135482$ & $0.109983$ & $-0.248241$ & $-0.285225$ & $0.0289237$ & $-0.121497$ & $-0.0896737$ & $0.106593$ & $0.149552$ & $0.135585$ & $-0.115029$ & $-0.105359$ & $-0.0986239$ & $0.0748628$ & $0.1179$ & $0.156879$ & $0.0188347$ & $0.0396956$ & $0.0109571$ & $-0.0277574$ & $-0.0207001$ & $-0.00380822$ & $1$ & $-0.0204976$ & $-0.0193557$ & $-0.129465$ & $0.152499$ & $-0.0261371$ & $0.124156$ & $0.30162$ & $0.0429551$ & $-0.035471$ & $0.154685$ & $-0.0568438$ & $0.0413134$ & $-0.0447587$ & $0.167288$ & $-0.00971165$ & $-0.0598276$ & $0.153584$ \\
CdH_33r & $0.125011$ & $0.0897465$ & $0.0801507$ & $0.10941$ & $-0.0045791$ & $-0.0222716$ & $-0.230436$ & $0.193481$ & $0.214538$ & $-0.200767$ & $-0.134926$ & $0.419902$ & $0.374884$ & $-0.0648986$ & $0.0580705$ & $0.0341275$ & $-0.110536$ & $-0.14537$ & $-0.13013$ & $0.127467$ & $0.141843$ & $0.140225$ & $0.0222177$ & $-0.179929$ & $-0.13371$ & $-0.0729861$ & $0.127547$ & $0.0282883$ & $0.0729222$ & $0.723968$ & $0.414013$ & $-0.0204976$ & $1$ & $0.12666$ & $-0.010597$ & $0.095725$ & $-0.0939285$ & $-0.105476$ & $-0.0735505$ & $0.0261468$ & $-0.00941339$ & $-0.0859238$ & $0.0785555$ & $-0.0276109$ & $0.173025$ & $0.0178903$ & $-0.0384211$ & $0.0256803$ & $0.0688581$ \\
CLL_1221 & $0.0619206$ & $0.168226$ & $0.317953$ & $-0.0430321$ & $-0.0229877$ & $-0.0873209$ & $-0.0340795$ & $0.505856$ & $0.503995$ & $-0.33817$ & $-0.323992$ & $0.178718$ & $0.240295$ & $-0.22504$ & $-0.52286$ & $0.0309035$ & $-0.244713$ & $0.00332018$ & $-0.388653$ & $0.259158$ & $0.397734$ & $0.394793$ & $0.129814$ & $-0.579704$ & $-0.344556$ & $-0.26252$ & $0.524609$ & $0.115367$ & $0.0157334$ & $0.106862$ & $0.0455067$ & $-0.0193557$ & $0.12666$ & $1$ & $0.16857$ & $0.175911$ & $0.112645$ & $-0.0398667$ & $-0.104671$ & $-0.0190543$ & $-0.134411$ & $0.0147623$ & $0.197108$ & $0.123586$ & $0.123138$ & $-0.0965795$ & $0.146507$ & $0.224555$ & $-0.0895704$ \\
eHggint & $-0.538237$ & $-0.222029$ & $0.61132$ & $-0.632641$ & $0.00510604$ & $-0.0510635$ & $-0.164563$ & $0.199496$ & $0.192355$ & $-0.132187$ & $-0.134335$ & $0.0832669$ & $0.0942717$ & $-0.0682785$ & $0.0162701$ & $-0.0174493$ & $-0.105127$ & $-0.12574$ & $-0.100962$ & $0.123092$ & $0.149663$ & $0.148555$ & $0.0237076$ & $-0.203048$ & $-0.121405$ & $-0.0637672$ & $0.150562$ & $0.0529667$ & $-0.0258163$ & $0.0167409$ & $-0.00445364$ & $-0.129465$ & $-0.010597$ & $0.16857$ & $1$ & $0.146955$ & $0.687625$ & $-0.271767$ & $-0.118184$ & $-0.00447322$ & $-0.13473$ & $0.0523285$ & $0.533286$ & $0.314928$ & $-0.353109$ & $-0.209566$ & $0.190445$ & $0.0889732$ & $-0.305116$ \\
eHggpar & $0.0975028$ & $-0.0504509$ & $0.0861003$ & $-0.279454$ & $0.0493057$ & $-0.0130086$ & $0.119717$ & $0.0714109$ & $0.0777852$ & $-0.11883$ & $-0.071888$ & $-0.0918$ & $-0.067691$ & $0.028695$ & $-0.118975$ & $-0.0849421$ & $0.0203733$ & $0.0673923$ & $0.0453813$ & $0.0548447$ & $0.0929934$ & $0.0875167$ & $0.127279$ & $-0.0616288$ & $0.0665$ & $-0.0893957$ & $0.241322$ & $0.0663511$ & $-0.0346992$ & $0.0930705$ & $0.019439$ & $0.152499$ & $0.095725$ & $0.175911$ & $0.146955$ & $1$ & $0.0722892$ & $-0.0127514$ & $-0.110984$ & $0.120919$ & $-0.459891$ & $-0.0185654$ & $0.196418$ & $0.31483$ & $0.271969$ & $-0.103157$ & $0.273991$ & $0.341088$ & $-0.0460598$ \\
eHWWint & $-0.678422$ & $-0.290764$ & $0.53571$ & $-0.61095$ & $0.00499273$ & $-0.0373847$ & $-0.0403907$ & $0.0947461$ & $0.0932449$ & $-0.0530758$ & $-0.0565094$ & $0.0156841$ & $0.0172768$ & $-0.0488999$ & $-0.0297283$ & $-0.0756913$ & $-0.0473301$ & $-0.0505033$ & $-0.0150063$ & $0.046316$ & $0.0713344$ & $0.0703259$ & $0.0709162$ & $-0.107511$ & $-0.0141514$ & $-0.0474766$ & $0.173432$ & $0.029158$ & $0.00275456$ & $-0.0338023$ & $-0.0575913$ & $-0.0261371$ & $-0.0939285$ & $0.112645$ & $0.687625$ & $0.0722892$ & $1$ & $-0.146853$ & $0.0989778$ & $-0.115056$ & $-0.312501$ & $0.205614$ & $0.471775$ & $0.381435$ & $-0.276234$ & $-0.390742$ & $0.234994$ & $0.204469$ & $-0.375818$ \\
eHWWpar & $0.158001$ & $0.172818$ & $-0.163409$ & $0.144282$ & $-0.0170041$ & $-0.034768$ & $0.153237$ & $-0.144102$ & $-0.140373$ & $0.0552479$ & $0.128088$ & $-0.122442$ & $-0.122425$ & $-0.0197065$ & $-0.0891658$ & $-0.0288932$ & $0.0430527$ & $0.0873057$ & $0.0468321$ & $-0.123931$ & $-0.128501$ & $-0.128665$ & $0.0347469$ & $0.108197$ & $0.103515$ & $0.0418344$ & $0.0171049$ & $-0.0364865$ & $-0.0161788$ & $-0.0859826$ & $-0.0179306$ & $0.124156$ & $-0.105476$ & $-0.0398667$ & $-0.271767$ & $-0.0127514$ & $-0.146853$ & $1$ & $0.363178$ & $0.00946974$ & $-0.137707$ & $0.115397$ & $-0.0639671$ & $0.186914$ & $-0.1886$ & $-0.0112492$ & $0.177506$ & $0.14094$ & $0.023944$ \\
eHZZint & $-0.00414926$ & $-0.0678668$ & $-0.259293$ & $0.0922844$ & $-0.0477302$ & $-0.015417$ & $0.30386$ & $-0.251951$ & $-0.240809$ & $0.207098$ & $0.168691$ & $-0.109885$ & $-0.138325$ & $0.0725844$ & $-0.126029$ & $-0.0381563$ & $0.176611$ & $0.227906$ & $0.172529$ & $-0.164918$ & $-0.174173$ & $-0.174128$ & $0.0393793$ & $0.22728$ & $0.212892$ & $0.0623522$ & $-0.0849295$ & $-0.102339$ & $0.0792842$ & $-0.0951755$ & $-0.0319954$ & $0.30162$ & $-0.0735505$ & $-0.104671$ & $-0.118184$ & $-0.110984$ & $0.0989778$ & $0.363178$ & $1$ & $-0.144366$ & $-0.200447$ & $0.174909$ & $-0.183134$ & $0.256591$ & $-0.250289$ & $0.210768$ & $0.288261$ & $0.0556917$ & $0.041537$ \\
eHZZpar & $0.0622749$ & $0.0464889$ & $0.0113649$ & $0.044514$ & $-0.00946869$ & $0.0209006$ & $0.0292731$ & $0.0395118$ & $0.0435418$ & $-0.0651713$ & $0.026502$ & $0.0167354$ & $0.0136931$ & $-0.105948$ & $0.0563598$ & $0.0190929$ & $-0.133595$ & $-0.146167$ & $-0.128617$ & $-0.0247461$ & $-0.0304709$ & $-0.0338131$ & $0.0891831$ & $-0.109565$ & $-0.13285$ & $-0.0559903$ & $-0.0376348$ & $0.0175661$ & $-0.0159263$ & $0.0375448$ & $0.0230937$ & $0.0429551$ & $0.0261468$ & $-0.0190543$ & $-0.00447322$ & $0.120919$ & $-0.115056$ & $0.00946974$ & $-0.144366$ & $1$ & $-0.0166534$ & $0.0247311$ & $0.0953692$ & $0.00973863$ & $-0.0653074$ & $-0.106573$ & $-0.0578339$ & $-0.120027$ & $0.000442271$ \\
eHZgaint & $0.114846$ & $0.0883233$ & $-0.173711$ & $0.0584079$ & $0.00546671$ & $-0.0549897$ & $-0.0265278$ & $-0.00350433$ & $-0.00884923$ & $0.0890756$ & $-0.043281$ & $0.0228982$ & $0.0107137$ & $0.0700594$ & $0.15044$ & $0.0923106$ & $0.0761194$ & $-0.0120943$ & $0.026491$ & $0.0558008$ & $0.0266391$ & $0.0300099$ & $-0.171106$ & $0.0520702$ & $-0.0305095$ & $0.0596844$ & $-0.236746$ & $-0.0276338$ & $-0.0202063$ & $-0.0159529$ & $-0.00811228$ & $-0.035471$ & $-0.00941339$ & $-0.134411$ & $-0.13473$ & $-0.459891$ & $-0.312501$ & $-0.137707$ & $-0.200447$ & $-0.0166534$ & $1$ & $0.0134725$ & $-0.407592$ & $-0.74222$ & $0.168619$ & $0.439311$ & $-0.59598$ & $-0.518987$ & $0.271702$ \\
eHZgapar & $-0.149234$ & $-0.189864$ & $-0.111648$ & $-0.144723$ & $-0.00818388$ & $-0.00718533$ & $0.161159$ & $0.0163752$ & $0.0195276$ & $0.0100739$ & $0.0230426$ & $0.00178602$ & $-0.00981071$ & $-0.0786994$ & $-0.000754718$ & $0.0235119$ & $-0.0693989$ & $-0.0657807$ & $-0.0801805$ & $-0.0245091$ & $-0.0243642$ & $-0.0202914$ & $-0.0444355$ & $-0.0595197$ & $-0.0676959$ & $0.0666046$ & $-0.00507094$ & $-0.00795328$ & $-0.0194194$ & $-0.0357082$ & $-0.0377008$ & $0.154685$ & $-0.0859238$ & $0.0147623$ & $0.0523285$ & $-0.0185654$ & $0.205614$ & $0.115397$ & $0.174909$ & $0.0247311$ & $0.0134725$ & $1$ & $-0.00253325$ & $-0.0410892$ & $-0.155229$ & $-0.078158$ & $-0.0224377$ & $-0.337266$ & $-0.0575831$ \\
eHgagaint & $-0.210213$ & $0.0324366$ & $0.474668$ & $-0.162941$ & $0.0346164$ & $0.0332386$ & $-0.0961373$ & $0.231099$ & $0.239113$ & $-0.1588$ & $-0.157623$ & $0.0556076$ & $0.0620141$ & $-0.0639996$ & $0.0121347$ & $-0.00659861$ & $-0.135726$ & $-0.140803$ & $-0.124429$ & $0.146521$ & $0.174841$ & $0.177163$ & $0.0659585$ & $-0.209677$ & $-0.0881795$ & $-0.0857461$ & $0.290466$ & $0.0855761$ & $0.00452561$ & $0.103171$ & $0.0272481$ & $-0.0568438$ & $0.0785555$ & $0.197108$ & $0.533286$ & $0.196418$ & $0.471775$ & $-0.0639671$ & $-0.183134$ & $0.0953692$ & $-0.407592$ & $-0.00253325$ & $1$ & $0.484171$ & $-0.36224$ & $-0.363819$ & $0.219851$ & $0.307843$ & $-0.196895$ \\
eHmumuint & $-0.200014$ & $-0.0674505$ & $0.353234$ & $-0.21047$ & $-0.00756652$ & $-0.0183461$ & $0.0330217$ & $0.0353124$ & $0.0397603$ & $-0.0971218$ & $0.0245551$ & $-0.0862257$ & $-0.0786251$ & $-0.0972409$ & $-0.0980653$ & $-0.094363$ & $-0.0890957$ & $-0.0432375$ & $-0.0401921$ & $-0.0361567$ & $-0.00756973$ & $-0.0071837$ & $0.147757$ & $-0.0789561$ & $0.0248656$ & $-0.0357301$ & $0.28679$ & $0.0190211$ & $-0.0143937$ & $-0.0234989$ & $-0.00825314$ & $0.0413134$ & $-0.0276109$ & $0.123586$ & $0.314928$ & $0.31483$ & $0.381435$ & $0.186914$ & $0.256591$ & $0.00973863$ & $-0.74222$ & $-0.0410892$ & $0.484171$ & $1$ & $-0.482003$ & $-0.470066$ & $0.603151$ & $0.560535$ & $-0.121673$ \\
eHtautauint & $0.345848$ & $0.0571969$ & $-0.126779$ & $0.186652$ & $0.0020644$ & $0.0652205$ & $-0.0514483$ & $0.0642459$ & $0.062038$ & $-0.0752419$ & $-0.0827098$ & $0.0911758$ & $0.120912$ & $0.0738826$ & $-0.0840259$ & $-0.0752995$ & $0.0258307$ & $0.072311$ & $0.0614724$ & $0.0690794$ & $0.0967977$ & $0.0862011$ & $0.0345486$ & $-0.0385746$ & $0.0390968$ & $-0.0623602$ & $0.135824$ & $-0.00254076$ & $0.0592596$ & $0.127901$ & $0.0379888$ & $-0.0447587$ & $0.173025$ & $0.123138$ & $-0.353109$ & $0.271969$ & $-0.276234$ & $-0.1886$ & $-0.250289$ & $-0.0653074$ & $0.168619$ & $-0.155229$ & $-0.36224$ & $-0.482003$ & $1$ & $0.182679$ & $-0.214412$ & $0.0769604$ & $0.106368$ \\
eHccint & $0.317952$ & $0.340233$ & $-0.437819$ & $0.243928$ & $0.0221733$ & $-0.00599601$ & $0.159808$ & $-0.108186$ & $-0.105277$ & $0.162561$ & $-0.0189124$ & $-0.0834617$ & $-0.091613$ & $0.220948$ & $0.000585416$ & $0.008702$ & $0.222839$ & $0.215738$ & $0.212157$ & $0.0231549$ & $0.0130379$ & $0.0118594$ & $-0.0411444$ & $0.193023$ & $0.215217$ & $0.0121768$ & $-0.0648577$ & $-0.040099$ & $0.0149205$ & $-0.0135476$ & $0.0185659$ & $0.167288$ & $0.0178903$ & $-0.0965795$ & $-0.209566$ & $-0.103157$ & $-0.390742$ & $-0.0112492$ & $0.210768$ & $-0.106573$ & $0.439311$ & $-0.078158$ & $-0.363819$ & $-0.470066$ & $0.182679$ & $1$ & $-0.199741$ & $-0.293834$ & $0.0965326$ \\
eHccpar & $-0.0514358$ & $0.0162763$ & $0.181828$ & $-0.100981$ & $-0.0309837$ & $0.0217447$ & $0.00105644$ & $0.00788134$ & $0.00724089$ & $-0.0332027$ & $0.00929885$ & $-0.0228343$ & $-0.00803016$ & $-0.00989145$ & $-0.156988$ & $-0.0989287$ & $-0.0213675$ & $0.0639929$ & $0.0304988$ & $-0.0251247$ & $0.00959156$ & $0.00760841$ & $0.129103$ & $-0.0152236$ & $0.106766$ & $-0.0371647$ & $0.310319$ & $-0.00977104$ & $0.0219734$ & $-0.055883$ & $0.0277635$ & $-0.00971165$ & $-0.0384211$ & $0.146507$ & $0.190445$ & $0.273991$ & $0.234994$ & $0.177506$ & $0.288261$ & $-0.0578339$ & $-0.59598$ & $-0.0224377$ & $0.219851$ & $0.603151$ & $-0.214412$ & $-0.199741$ & $1$ & $0.546586$ & $-0.121044$ \\
eHbbint & $-0.0585136$ & $0.111864$ & $0.338725$ & $-0.0796679$ & $-0.0109057$ & $-0.000629716$ & $-0.052399$ & $0.0903758$ & $0.0869873$ & $-0.0966302$ & $-0.0847738$ & $-0.0133961$ & $0.0240052$ & $0.0272385$ & $-0.153711$ & $-0.124325$ & $0.0106373$ & $0.0748784$ & $0.0595542$ & $0.0646292$ & $0.111939$ & $0.102681$ & $0.122402$ & $-0.0512245$ & $0.150265$ & $-0.0566052$ & $0.456355$ & $0.014593$ & $-0.0343062$ & $-0.0209575$ & $-0.0299356$ & $-0.0598276$ & $0.0256803$ & $0.224555$ & $0.0889732$ & $0.341088$ & $0.204469$ & $0.14094$ & $0.0556917$ & $-0.120027$ & $-0.518987$ & $-0.337266$ & $0.307843$ & $0.560535$ & $0.0769604$ & $-0.293834$ & $0.546586$ & $1$ & $-0.0995361$ \\
eHbbpar & $0.27097$ & $-0.321142$ & $-0.314121$ & $0.182131$ & $0.0203997$ & $-0.0839718$ & $0.157222$ & $-0.103149$ & $-0.0952032$ & $0.0787091$ & $0.0679611$ & $-0.111888$ & $-0.126364$ & $0.0241739$ & $0.000707494$ & $0.0811373$ & $0.0684548$ & $0.0706486$ & $0.0110133$ & $-0.060565$ & $-0.0829049$ & $-0.0790842$ & $-0.0954941$ & $0.0943618$ & $0.0110597$ & $0.0708058$ & $-0.212424$ & $-0.0406959$ & $-0.041503$ & $-0.0152795$ & $0.0154638$ & $0.153584$ & $0.0688581$ & $-0.0895704$ & $-0.305116$ & $-0.0460598$ & $-0.375818$ & $0.023944$ & $0.041537$ & $0.000442271$ & $0.271702$ & $-0.0575831$ & $-0.196895$ & $-0.121673$ & $0.106368$ & $0.0965326$ & $-0.121044$ & $-0.0995361$ & $1$ \\
