 & AlsMz & dAle5Mz & mtop & mHl & Mz & CW & CHG & CHWB & CHWHB_gaga & CHWHB_gagaorth & CHD & CHbox & CH & CHL1_11 & CHL1_22 & CHL1_33 & CHL3_11 & CHL3_22 & CHL3_33 & CHe_11 & CHe_22 & CHe_33 & CHQ1_11 & CHQ1_33 & CHQ3_11 & CHu_11 & CHd_11 & CHd_33 & CeH_22r & CeH_33r & CuH_22r & CuH_33r & CdH_33r & CLL_1221 & eHggint & eHggpar & eHWWint & eHWWpar & eHZZint & eHZZpar & eHZgaint & eHZgapar & eHgagaint & eHmumuint & eHtautauint & eHccint & eHccpar & eHbbint & eHbbpar \\
AlsMz & $1$ & $-0.0360158$ & $0.022894$ & $0.046203$ & $-0.0846993$ & $0.0507299$ & $0.0342759$ & $-0.0413192$ & $-0.0444884$ & $0.0360837$ & $0.0285807$ & $0.0333329$ & $-0.0390547$ & $-0.00414679$ & $-0.0541381$ & $-0.0474605$ & $0.019041$ & $0.0409211$ & $0.0297258$ & $-0.0419147$ & $-0.0339159$ & $-0.0376427$ & $-0.0460916$ & $-0.0397575$ & $-0.0719249$ & $0.0142029$ & $-0.0395625$ & $-0.00285489$ & $0.0109257$ & $-0.0266215$ & $0.0292216$ & $0.0442084$ & $-0.0205817$ & $0.00920862$ & $0.0259931$ & $-0.0120284$ & $-0.00791069$ & $-0.0161546$ & $0.0483158$ & $0.0154274$ & $-0.0126814$ & $-0.0360354$ & $0.0800583$ & $0.0447007$ & $0.0316742$ & $-0.051421$ & $-0.00616281$ & $-0.0856055$ & $0.021795$ \\
dAle5Mz & $-0.0360158$ & $1$ & $-0.0468848$ & $0.0369975$ & $0.0320584$ & $0.0190765$ & $-0.0552045$ & $0.0171541$ & $0.0126042$ & $0.0239739$ & $-0.0243495$ & $-0.0488489$ & $0.0606711$ & $0.0102852$ & $0.0178137$ & $-0.0443369$ & $-0.00473766$ & $-0.0258137$ & $0.0146253$ & $0.0365278$ & $0.0482045$ & $0.04352$ & $0.0786966$ & $-0.0356043$ & $0.00787839$ & $-0.0564647$ & $0.095077$ & $-0.0216922$ & $-0.0348351$ & $0.057667$ & $0.0530107$ & $-0.0345499$ & $0.0374541$ & $0.0671845$ & $0.0309302$ & $0.0136118$ & $0.0125321$ & $0.0200337$ & $-0.0599342$ & $-0.0634607$ & $0.0136136$ & $0.0434388$ & $-0.00779618$ & $0.0375469$ & $0.0302424$ & $-0.0576691$ & $0.0307821$ & $0.0334251$ & $0.0119273$ \\
mtop & $0.022894$ & $-0.0468848$ & $1$ & $0.0122473$ & $-0.0503742$ & $-0.0688686$ & $-0.0118426$ & $0.00886258$ & $0.00681776$ & $-0.0371651$ & $-0.00923634$ & $0.0322666$ & $-0.0438467$ & $0.0183495$ & $0.00124411$ & $-0.00324912$ & $0.00910915$ & $0.0159557$ & $0.0227427$ & $0.0173142$ & $0.0138086$ & $0.0195258$ & $0.0210235$ & $0.0317055$ & $0.00646891$ & $-0.0182097$ & $0.0123256$ & $0.0863168$ & $-0.00295934$ & $-0.0294875$ & $-0.035841$ & $-0.0338938$ & $-0.0291094$ & $0.00589638$ & $0.00750556$ & $-0.0322195$ & $0.000716072$ & $0.00417088$ & $-0.0123519$ & $-0.048465$ & $-0.0088574$ & $0.0212037$ & $-0.047544$ & $0.0395703$ & $0.0391845$ & $-0.0178401$ & $-0.0210876$ & $-0.00731908$ & $0.0268014$ \\
mHl & $0.046203$ & $0.0369975$ & $0.0122473$ & $1$ & $-0.00815515$ & $-0.0409741$ & $-0.0110995$ & $0.00360117$ & $0.00832218$ & $-0.0112585$ & $0.00268604$ & $-0.0394807$ & $0.0410462$ & $-0.011479$ & $-0.0724566$ & $-0.00845167$ & $-0.00038858$ & $0.0362114$ & $-0.0129771$ & $-0.00506679$ & $0.0013308$ & $0.000621803$ & $0.057351$ & $-0.00686232$ & $0.034524$ & $-0.0231042$ & $0.104484$ & $0.0133273$ & $-0.00518621$ & $0.0359913$ & $-0.0118307$ & $-0.0220961$ & $0.0118863$ & $0.0901402$ & $-0.0535196$ & $0.00145932$ & $0.0172864$ & $-0.0534158$ & $0.0115919$ & $0.047945$ & $-0.0268509$ & $-0.0202876$ & $0.00936076$ & $0.0124218$ & $0.00307418$ & $-0.00553952$ & $0.00299483$ & $0.00797674$ & $-0.0367982$ \\
Mz & $-0.0846993$ & $0.0320584$ & $-0.0503742$ & $-0.00815515$ & $1$ & $0.0196157$ & $-0.0772048$ & $0.0611814$ & $0.0603137$ & $-0.0261337$ & $-0.0320216$ & $-0.0373652$ & $0.0410239$ & $-0.016918$ & $0.0872058$ & $-0.0182094$ & $-0.0418194$ & $-0.095085$ & $-0.0300951$ & $0.0416324$ & $0.0403811$ & $0.0325595$ & $0.0146846$ & $-0.068388$ & $-0.0517893$ & $-0.0473404$ & $0.0093416$ & $-0.029267$ & $0.0272426$ & $0.0606783$ & $-0.000501108$ & $-0.0728055$ & $0.0048486$ & $-0.0170805$ & $0.0865275$ & $-0.00872871$ & $-0.0688438$ & $0.0603671$ & $-0.0230833$ & $-0.0299045$ & $-0.060361$ & $-0.0395042$ & $-0.00457873$ & $-0.0526937$ & $-0.00414592$ & $0.0240755$ & $0.0420271$ & $0.00532544$ & $-0.0228791$ \\
CW & $0.0507299$ & $0.0190765$ & $-0.0688686$ & $-0.0409741$ & $0.0196157$ & $1$ & $-0.0321533$ & $0.0244395$ & $0.0286715$ & $-0.0166169$ & $0.0840817$ & $0.042848$ & $-0.0197832$ & $-0.0314027$ & $-0.0475228$ & $0.00185132$ & $-0.355523$ & $-0.181273$ & $-0.220492$ & $-0.0816108$ & $-0.0883603$ & $-0.0870729$ & $0.0204538$ & $-0.157131$ & $-0.240055$ & $0.043985$ & $-0.076028$ & $-0.029432$ & $0.00386075$ & $0.000137393$ & $0.0523225$ & $-0.0157832$ & $0.0373387$ & $-0.0496905$ & $0.0368343$ & $-0.0413871$ & $-0.0805867$ & $-0.0381808$ & $-0.00803012$ & $-0.00143747$ & $0.0823849$ & $-0.0310345$ & $0.0412825$ & $0.0270147$ & $0.00413464$ & $0.00872584$ & $-0.0239362$ & $0.0164443$ & $0.0518731$ \\
CHG & $0.0342759$ & $-0.0552045$ & $-0.0118426$ & $-0.0110995$ & $-0.0772048$ & $-0.0321533$ & $1$ & $-0.042281$ & $-0.0216022$ & $0.0831454$ & $0.0819599$ & $0.600163$ & $-0.633665$ & $-0.100436$ & $-0.00513971$ & $-0.00224176$ & $-0.0848639$ & $-0.0830545$ & $-0.0896596$ & $-0.0829637$ & $-0.0881074$ & $-0.0927474$ & $-0.00475275$ & $-0.0240276$ & $-0.0700155$ & $0.0519274$ & $-0.0382924$ & $-0.0543768$ & $-0.0975583$ & $-0.375703$ & $-0.175354$ & $0.923819$ & $-0.354186$ & $-0.0501892$ & $-0.151853$ & $-0.00985455$ & $0.0640972$ & $0.0126262$ & $-0.0166525$ & $0.00983284$ & $0.0340137$ & $-0.0172545$ & $-0.0669916$ & $-0.00316007$ & $-0.0500191$ & $-0.0284842$ & $-0.00332563$ & $0.0369358$ & $0.0465569$ \\
CHWB & $-0.0413192$ & $0.0171541$ & $0.00886258$ & $0.00360117$ & $0.0611814$ & $0.0244395$ & $-0.042281$ & $1$ & $0.989736$ & $-0.551373$ & $-0.885086$ & $-0.109921$ & $0.0330567$ & $0.297389$ & $0.539976$ & $0.528808$ & $-0.274374$ & $-0.463404$ & $-0.455918$ & $0.871126$ & $0.895334$ & $0.888776$ & $0.0297381$ & $-0.657332$ & $-0.431143$ & $-0.624128$ & $0.344046$ & $0.431741$ & $0.00600234$ & $0.0587706$ & $0.0314249$ & $-0.0725563$ & $0.0215878$ & $0.509055$ & $-0.0425702$ & $0.0380748$ & $0.0216485$ & $0.0581106$ & $0.0214894$ & $-0.0178842$ & $-0.00485546$ & $0.0377836$ & $-1.22131e-05$ & $0.0197738$ & $0.00877832$ & $-0.0254342$ & $-0.0137447$ & $0.00820848$ & $-0.00380482$ \\
CHWHB_gaga & $-0.0444884$ & $0.0126042$ & $0.00681776$ & $0.00832218$ & $0.0603137$ & $0.0286715$ & $-0.0216022$ & $0.989736$ & $1$ & $-0.552547$ & $-0.873918$ & $-0.107292$ & $0.034356$ & $0.289951$ & $0.533082$ & $0.520469$ & $-0.273683$ & $-0.461397$ & $-0.454199$ & $0.859777$ & $0.884492$ & $0.876828$ & $0.0327793$ & $-0.654583$ & $-0.429632$ & $-0.619096$ & $0.339897$ & $0.430436$ & $0.00998001$ & $0.079488$ & $0.0372959$ & $-0.0576263$ & $0.0402803$ & $0.506534$ & $-0.0461668$ & $0.0332814$ & $0.0137628$ & $0.0470284$ & $0.0068909$ & $-0.0187836$ & $-0.00015394$ & $0.0418324$ & $0.0535666$ & $0.0172337$ & $0.00401326$ & $-0.0310909$ & $-0.0162812$ & $0.0146367$ & $-0.00317235$ \\
CHWHB_gagaorth & $0.0360837$ & $0.0239739$ & $-0.0371651$ & $-0.0112585$ & $-0.0261337$ & $-0.0166169$ & $0.0831454$ & $-0.551373$ & $-0.552547$ & $1$ & $0.46036$ & $0.311057$ & $-0.143284$ & $-0.110601$ & $-0.261006$ & $-0.214769$ & $0.197209$ & $0.292163$ & $0.254069$ & $-0.446396$ & $-0.471926$ & $-0.473597$ & $-0.0492583$ & $0.395207$ & $0.256247$ & $0.326312$ & $-0.263128$ & $-0.248241$ & $0.0131759$ & $-0.153656$ & $-0.137218$ & $0.113758$ & $-0.16635$ & $-0.312291$ & $0.0857009$ & $0.0153633$ & $0.029314$ & $0.0010971$ & $-0.0264691$ & $0.0146235$ & $-0.0297389$ & $-0.0282853$ & $-0.0270605$ & $-0.0389274$ & $-0.00624986$ & $0.00654212$ & $0.000504366$ & $-0.0103434$ & $0.0313097$ \\
CHD & $0.0285807$ & $-0.0243495$ & $-0.00923634$ & $0.00268604$ & $-0.0320216$ & $0.0840817$ & $0.0819599$ & $-0.885086$ & $-0.873918$ & $0.46036$ & $1$ & $0.204343$ & $-0.10253$ & $-0.671885$ & $-0.625711$ & $-0.614965$ & $-0.180022$ & $0.0624962$ & $0.0514969$ & $-0.995209$ & $-0.995593$ & $-0.984962$ & $0.0212687$ & $0.278737$ & $0.0218048$ & $0.682027$ & $-0.248006$ & $-0.474472$ & $-0.0122916$ & $-0.100509$ & $-0.045206$ & $0.113973$ & $-0.0507363$ & $-0.325779$ & $0.0565145$ & $-0.0290015$ & $-0.0487342$ & $-0.0379601$ & $-0.018673$ & $0.0149027$ & $0.00114235$ & $-0.0254674$ & $-0.00620334$ & $-0.0222468$ & $-0.0139954$ & $0.0220137$ & $0.0285672$ & $-0.0107642$ & $0.0220842$ \\
CHbox & $0.0333329$ & $-0.0488489$ & $0.0322666$ & $-0.0394807$ & $-0.0373652$ & $0.042848$ & $0.600163$ & $-0.109921$ & $-0.107292$ & $0.311057$ & $0.204343$ & $1$ & $-0.956459$ & $-0.242278$ & $-0.0333905$ & $-0.0553472$ & $-0.192729$ & $-0.179391$ & $-0.17122$ & $-0.198104$ & $-0.210968$ & $-0.211558$ & $-0.0127927$ & $-0.0604085$ & $-0.174014$ & $0.125143$ & $-0.114566$ & $-0.120473$ & $-0.111223$ & $-0.452219$ & $-0.264575$ & $0.520187$ & $-0.443703$ & $-0.0995152$ & $-0.0833834$ & $-0.0100326$ & $0.0128814$ & $0.0129658$ & $-0.019168$ & $0.0478256$ & $0.0200039$ & $-0.0550132$ & $-0.0495308$ & $0.0186443$ & $-0.0308632$ & $-0.0376863$ & $-0.0557456$ & $0.00779301$ & $0.0254644$ \\
CH & $-0.0390547$ & $0.0606711$ & $-0.0438467$ & $0.0410462$ & $0.0410239$ & $-0.0197832$ & $-0.633665$ & $0.0330567$ & $0.034356$ & $-0.143284$ & $-0.10253$ & $-0.956459$ & $1$ & $0.152089$ & $-0.00720755$ & $0.0253113$ & $0.141517$ & $0.147457$ & $0.130799$ & $0.101019$ & $0.107451$ & $0.108881$ & $0.0136946$ & $0.064005$ & $0.138554$ & $-0.0597008$ & $0.0631769$ & $0.0730436$ & $0.126151$ & $0.520489$ & $0.277393$ & $-0.520722$ & $0.507773$ & $0.0557425$ & $0.127513$ & $0.0301999$ & $-0.019113$ & $-0.0114323$ & $0.00382676$ & $-0.0496876$ & $-0.0292628$ & $0.0486489$ & $0.0452462$ & $-0.0350498$ & $0.023569$ & $0.0466338$ & $0.0576599$ & $-0.0183827$ & $-0.0253971$ \\
CHL1_11 & $-0.00414679$ & $0.0102852$ & $0.0183495$ & $-0.011479$ & $-0.016918$ & $-0.0314027$ & $-0.100436$ & $0.297389$ & $0.289951$ & $-0.110601$ & $-0.671885$ & $-0.242278$ & $0.152089$ & $1$ & $0.399631$ & $0.406319$ & $0.620911$ & $0.549622$ & $0.550749$ & $0.679957$ & $0.649933$ & $0.639167$ & $-0.0813642$ & $0.381834$ & $0.547482$ & $-0.424546$ & $-0.0160271$ & $0.292455$ & $0.0200319$ & $0.0951034$ & $0.0352419$ & $-0.124774$ & $0.0626415$ & $-0.129691$ & $-0.0582057$ & $0.00444538$ & $0.0711538$ & $0.00124207$ & $0.0158999$ & $0.0123518$ & $0.0263022$ & $-0.00429845$ & $0.0121596$ & $0.0392601$ & $0.0361254$ & $-0.0144566$ & $-0.0342506$ & $0.0228891$ & $-0.019283$ \\
CHL1_22 & $-0.0541381$ & $0.0178137$ & $0.00124411$ & $-0.0724566$ & $0.0872058$ & $-0.0475228$ & $-0.00513971$ & $0.539976$ & $0.533082$ & $-0.261006$ & $-0.625711$ & $-0.0333905$ & $-0.00720755$ & $0.399631$ & $1$ & $0.547136$ & $0.102388$ & $-0.377625$ & $-0.0675183$ & $0.662395$ & $0.578351$ & $0.570949$ & $-0.146897$ & $-0.0723916$ & $-0.140919$ & $-0.38987$ & $-0.250009$ & $0.280408$ & $0.0130494$ & $0.051966$ & $-0.00787422$ & $-0.0186987$ & $-0.026029$ & $-0.410602$ & $0.00760166$ & $0.0206665$ & $0.0465403$ & $0.00526628$ & $0.0418497$ & $-0.0186522$ & $-0.00403152$ & $0.0087341$ & $0.0179416$ & $-0.00507109$ & $-0.0116332$ & $-0.0164066$ & $-0.0198887$ & $-0.0483155$ & $-0.0306437$ \\
CHL1_33 & $-0.0474605$ & $-0.0443369$ & $-0.00324912$ & $-0.00845167$ & $-0.0182094$ & $0.00185132$ & $-0.00224176$ & $0.528808$ & $0.520469$ & $-0.214769$ & $-0.614965$ & $-0.0553472$ & $0.0253113$ & $0.406319$ & $0.547136$ & $1$ & $0.101889$ & $-0.069759$ & $-0.352477$ & $0.649199$ & $0.568313$ & $0.5802$ & $-0.200153$ & $-0.0639342$ & $-0.122337$ & $-0.356069$ & $-0.243649$ & $0.302929$ & $0.0330431$ & $0.0456356$ & $0.0372024$ & $-0.0241616$ & $0.00135227$ & $0.0436207$ & $-0.0226393$ & $0.061502$ & $0.0500341$ & $0.0533483$ & $0.0219862$ & $-0.0314664$ & $-0.0166577$ & $-0.00413367$ & $-0.037474$ & $0.0128011$ & $-0.0337716$ & $-0.0197115$ & $-0.00959055$ & $-0.0157564$ & $-0.0036833$ \\
CHL3_11 & $0.019041$ & $-0.00473766$ & $0.00910915$ & $-0.00038858$ & $-0.0418194$ & $-0.355523$ & $-0.0848639$ & $-0.274374$ & $-0.273683$ & $0.197209$ & $-0.180022$ & $-0.192729$ & $0.141517$ & $0.620911$ & $0.102388$ & $0.101889$ & $1$ & $0.826551$ & $0.834614$ & $0.189905$ & $0.160476$ & $0.151183$ & $-0.0785135$ & $0.760689$ & $0.85785$ & $-0.093918$ & $-0.124652$ & $0.0723859$ & $0.00562466$ & $0.0958417$ & $0.0378209$ & $-0.0859049$ & $0.0678532$ & $-0.268751$ & $-0.0185405$ & $-0.0264493$ & $0.0395423$ & $-0.0516438$ & $-0.0169404$ & $-0.0126038$ & $-0.0183692$ & $-0.0235403$ & $0.00854085$ & $-0.0162604$ & $-0.0082704$ & $0.0199028$ & $-0.0235311$ & $-0.00136503$ & $-0.0488494$ \\
CHL3_22 & $0.0409211$ & $-0.0258137$ & $0.0159557$ & $0.0362114$ & $-0.095085$ & $-0.181273$ & $-0.0830545$ & $-0.463404$ & $-0.461397$ & $0.292163$ & $0.0624962$ & $-0.179391$ & $0.147457$ & $0.549622$ & $-0.377625$ & $-0.069759$ & $0.826551$ & $1$ & $0.795073$ & $-0.0639243$ & $-0.064373$ & $-0.0675213$ & $-0.0228818$ & $0.754527$ & $0.868138$ & $0.0628186$ & $-0.030829$ & $-0.0360524$ & $0.00926831$ & $0.0554413$ & $0.0359429$ & $-0.0834347$ & $0.0754757$ & $-0.075176$ & $-0.0336724$ & $-0.0223657$ & $0.0272532$ & $-0.0338727$ & $-0.0303302$ & $0.0139519$ & $0.00532984$ & $-0.0284161$ & $-0.00249685$ & $0.0109686$ & $0.0121723$ & $0.0157367$ & $-0.0157634$ & $0.0347296$ & $-0.0158841$ \\
CHL3_33 & $0.0297258$ & $0.0146253$ & $0.0227427$ & $-0.0129771$ & $-0.0300951$ & $-0.220492$ & $-0.0896596$ & $-0.455918$ & $-0.454199$ & $0.254069$ & $0.0514969$ & $-0.17122$ & $0.130799$ & $0.550749$ & $-0.0675183$ & $-0.352477$ & $0.834614$ & $0.795073$ & $1$ & $-0.0514435$ & $-0.054117$ & $-0.0581182$ & $0.0051474$ & $0.756991$ & $0.864922$ & $0.044846$ & $-0.0316204$ & $-0.0451241$ & $-0.00122081$ & $0.0632204$ & $0.0022051$ & $-0.0850417$ & $0.0608398$ & $-0.388216$ & $-0.0196746$ & $-0.0477297$ & $0.0319287$ & $-0.0700918$ & $-0.016136$ & $0.0162762$ & $0.0173319$ & $-0.0184491$ & $0.0252302$ & $-0.00439746$ & $0.0329546$ & $0.0129824$ & $-0.0306493$ & $0.00476693$ & $-0.0299761$ \\
CHe_11 & $-0.0419147$ & $0.0365278$ & $0.0173142$ & $-0.00506679$ & $0.0416324$ & $-0.0816108$ & $-0.0829637$ & $0.871126$ & $0.859777$ & $-0.446396$ & $-0.995209$ & $-0.198104$ & $0.101019$ & $0.679957$ & $0.662395$ & $0.649199$ & $0.189905$ & $-0.0639243$ & $-0.0514435$ & $1$ & $0.987$ & $0.976379$ & $-0.0379612$ & $-0.248362$ & $-0.0156917$ & $-0.673633$ & $0.202604$ & $0.477226$ & $0.0124074$ & $0.097201$ & $0.0442966$ & $-0.11374$ & $0.0488499$ & $0.273271$ & $-0.053333$ & $0.0353627$ & $0.0529981$ & $0.0408086$ & $0.0184658$ & $-0.0147127$ & $-0.000974613$ & $0.0240156$ & $0.00364188$ & $0.0221261$ & $0.00663606$ & $-0.0216024$ & $-0.024802$ & $0.00887154$ & $-0.018209$ \\
CHe_22 & $-0.0339159$ & $0.0482045$ & $0.0138086$ & $0.0013308$ & $0.0403811$ & $-0.0883603$ & $-0.0881074$ & $0.895334$ & $0.884492$ & $-0.471926$ & $-0.995593$ & $-0.210968$ & $0.107451$ & $0.649933$ & $0.578351$ & $0.568313$ & $0.160476$ & $-0.064373$ & $-0.054117$ & $0.987$ & $1$ & $0.987117$ & $-0.00151706$ & $-0.312522$ & $-0.0302758$ & $-0.685216$ & $0.301141$ & $0.476013$ & $0.0096168$ & $0.102721$ & $0.0478369$ & $-0.119688$ & $0.0571843$ & $0.385887$ & $-0.0584341$ & $0.0292687$ & $0.0439878$ & $0.0395768$ & $0.0134051$ & $-0.0180086$ & $-0.00209275$ & $0.0297731$ & $0.00594464$ & $0.0257798$ & $0.0164894$ & $-0.0240453$ & $-0.0259501$ & $0.0148277$ & $-0.0191549$ \\
CHe_33 & $-0.0376427$ & $0.04352$ & $0.0195258$ & $0.000621803$ & $0.0325595$ & $-0.0870729$ & $-0.0927474$ & $0.888776$ & $0.876828$ & $-0.473597$ & $-0.984962$ & $-0.211558$ & $0.108881$ & $0.639167$ & $0.570949$ & $0.5802$ & $0.151183$ & $-0.0675213$ & $-0.0581182$ & $0.976379$ & $0.987117$ & $1$ & $-0.00819386$ & $-0.312745$ & $-0.0342471$ & $-0.676001$ & $0.298698$ & $0.47162$ & $0.0173087$ & $0.100347$ & $0.0423009$ & $-0.126067$ & $0.0512652$ & $0.38613$ & $-0.0584923$ & $0.0327454$ & $0.0508652$ & $0.044723$ & $0.0120618$ & $-0.0115725$ & $-0.0101826$ & $0.0248629$ & $0.00310664$ & $0.0245749$ & $0.0339845$ & $-0.0311994$ & $-0.0281482$ & $0.0158054$ & $-0.0234689$ \\
CHQ1_11 & $-0.0460916$ & $0.0786966$ & $0.0210235$ & $0.057351$ & $0.0146846$ & $0.0204538$ & $-0.00475275$ & $0.0297381$ & $0.0327793$ & $-0.0492583$ & $0.0212687$ & $-0.0127927$ & $0.0136946$ & $-0.0813642$ & $-0.146897$ & $-0.200153$ & $-0.0785135$ & $-0.0228818$ & $0.0051474$ & $-0.0379612$ & $-0.00151706$ & $-0.00819386$ & $1$ & $-0.108414$ & $0.0567355$ & $-0.589324$ & $0.380673$ & $-0.011104$ & $0.0200469$ & $0.0342429$ & $0.020363$ & $-0.0184181$ & $0.0225737$ & $0.179441$ & $0.0198681$ & $0.00424689$ & $0.0104019$ & $-0.0121697$ & $-0.00115761$ & $0.0455031$ & $-0.00542773$ & $-0.0208696$ & $0.00625049$ & $-0.00225883$ & $0.0171719$ & $-0.00547483$ & $-0.0424266$ & $0.0462544$ & $0.0186285$ \\
CHQ1_33 & $-0.0397575$ & $-0.0356043$ & $0.0317055$ & $-0.00686232$ & $-0.068388$ & $-0.157131$ & $-0.0240276$ & $-0.657332$ & $-0.654583$ & $0.395207$ & $0.278737$ & $-0.0604085$ & $0.064005$ & $0.381834$ & $-0.0723916$ & $-0.0639342$ & $0.760689$ & $0.754527$ & $0.756991$ & $-0.248362$ & $-0.312522$ & $-0.312745$ & $-0.108414$ & $1$ & $0.768019$ & $0.226099$ & $-0.333555$ & $-0.0690866$ & $0.00668777$ & $0.0232181$ & $-0.00256218$ & $-0.0112401$ & $0.0225273$ & $-0.58925$ & $-0.0196572$ & $-0.0268976$ & $0.0244876$ & $-0.0621245$ & $0.005585$ & $0.0180729$ & $0.00965089$ & $-0.0506906$ & $-0.000368384$ & $0.0124247$ & $-0.0180334$ & $0.0145884$ & $-0.00467015$ & $0.0172457$ & $-0.0197604$ \\
CHQ3_11 & $-0.0719249$ & $0.00787839$ & $0.00646891$ & $0.034524$ & $-0.0517893$ & $-0.240055$ & $-0.0700155$ & $-0.431143$ & $-0.429632$ & $0.256247$ & $0.0218048$ & $-0.174014$ & $0.138554$ & $0.547482$ & $-0.140919$ & $-0.122337$ & $0.85785$ & $0.868138$ & $0.864922$ & $-0.0156917$ & $-0.0302758$ & $-0.0342471$ & $0.0567355$ & $0.768019$ & $1$ & $0.0311462$ & $0.158172$ & $-0.0132303$ & $0.0173933$ & $0.0597211$ & $0.0115166$ & $-0.0670426$ & $0.0696486$ & $-0.260875$ & $-0.0200441$ & $-0.0185696$ & $0.0313255$ & $-0.0442702$ & $-0.0103805$ & $-0.00608978$ & $0.0181203$ & $-0.0254716$ & $-0.0164238$ & $-0.00835113$ & $0.00303368$ & $0.0088236$ & $-0.0267446$ & $0.0180079$ & $-0.00382211$ \\
CHu_11 & $0.0142029$ & $-0.0564647$ & $-0.0182097$ & $-0.0231042$ & $-0.0473404$ & $0.043985$ & $0.0519274$ & $-0.624128$ & $-0.619096$ & $0.326312$ & $0.682027$ & $0.125143$ & $-0.0597008$ & $-0.424546$ & $-0.38987$ & $-0.356069$ & $-0.093918$ & $0.0628186$ & $0.044846$ & $-0.673633$ & $-0.685216$ & $-0.676001$ & $-0.589324$ & $0.226099$ & $0.0311462$ & $1$ & $-0.229301$ & $-0.295634$ & $-0.018071$ & $-0.0803139$ & $-0.0443185$ & $0.0829551$ & $-0.0319198$ & $-0.287111$ & $0.00333364$ & $-0.0109461$ & $-0.0172389$ & $-0.0140312$ & $-0.0257537$ & $-0.0291937$ & $0.0068555$ & $0.0176452$ & $-0.0219712$ & $-0.0220563$ & $-0.0208404$ & $0.000686377$ & $0.0418767$ & $-0.0065822$ & $0.0125867$ \\
CHd_11 & $-0.0395625$ & $0.095077$ & $0.0123256$ & $0.104484$ & $0.0093416$ & $-0.076028$ & $-0.0382924$ & $0.344046$ & $0.339897$ & $-0.263128$ & $-0.248006$ & $-0.114566$ & $0.0631769$ & $-0.0160271$ & $-0.250009$ & $-0.243649$ & $-0.124652$ & $-0.030829$ & $-0.0316204$ & $0.202604$ & $0.301141$ & $0.298698$ & $0.380673$ & $-0.333555$ & $0.158172$ & $-0.229301$ & $1$ & $0.151646$ & $0.00520978$ & $0.0329027$ & $0.0157828$ & $-0.0452306$ & $0.0644322$ & $0.630836$ & $-0.0456268$ & $0.0129948$ & $-0.0158212$ & $0.0184862$ & $0.00665182$ & $-0.0269346$ & $0.0191806$ & $0.0216279$ & $-0.0363553$ & $0.010515$ & $0.0137614$ & $-0.0299497$ & $-0.0114308$ & $0.0462859$ & $0.0463492$ \\
CHd_33 & $-0.00285489$ & $-0.0216922$ & $0.0863168$ & $0.0133273$ & $-0.029267$ & $-0.029432$ & $-0.0543768$ & $0.431741$ & $0.430436$ & $-0.248241$ & $-0.474472$ & $-0.120473$ & $0.0730436$ & $0.292455$ & $0.280408$ & $0.302929$ & $0.0723859$ & $-0.0360524$ & $-0.0451241$ & $0.477226$ & $0.476013$ & $0.47162$ & $-0.011104$ & $-0.0690866$ & $-0.0132303$ & $-0.295634$ & $0.151646$ & $1$ & $0.0287504$ & $0.0357271$ & $-0.00553549$ & $-0.0760176$ & $0.0313263$ & $0.188904$ & $-0.0258051$ & $0.0438598$ & $0.0280292$ & $0.0266649$ & $0.0196193$ & $0.0223938$ & $-0.00493689$ & $0.0493006$ & $0.034$ & $0.0329279$ & $-0.00589845$ & $-0.0183156$ & $-0.0278539$ & $0.0301337$ & $0.0171148$ \\
CeH_22r & $0.0109257$ & $-0.0348351$ & $-0.00295934$ & $-0.00518621$ & $0.0272426$ & $0.00386075$ & $-0.0975583$ & $0.00600234$ & $0.00998001$ & $0.0131759$ & $-0.0122916$ & $-0.111223$ & $0.126151$ & $0.0200319$ & $0.0130494$ & $0.0330431$ & $0.00562466$ & $0.00926831$ & $-0.00122081$ & $0.0124074$ & $0.0096168$ & $0.0173087$ & $0.0200469$ & $0.00668777$ & $0.0173933$ & $-0.018071$ & $0.00520978$ & $0.0287504$ & $1$ & $0.0537048$ & $-0.00796841$ & $-0.116765$ & $0.048345$ & $-0.01006$ & $-0.0337911$ & $0.00720123$ & $0.00995707$ & $-0.0183713$ & $0.00716003$ & $-0.00457327$ & $-0.0679982$ & $-0.0536572$ & $0.0299784$ & $0.0519434$ & $-0.0124104$ & $-0.0205164$ & $-0.0675032$ & $-0.0398537$ & $-0.00389368$ \\
CeH_33r & $-0.0266215$ & $0.057667$ & $-0.0294875$ & $0.0359913$ & $0.0606783$ & $0.000137393$ & $-0.375703$ & $0.0587706$ & $0.079488$ & $-0.153656$ & $-0.100509$ & $-0.452219$ & $0.520489$ & $0.0951034$ & $0.051966$ & $0.0456356$ & $0.0958417$ & $0.0554413$ & $0.0632204$ & $0.097201$ & $0.102721$ & $0.100347$ & $0.0342429$ & $0.0232181$ & $0.0597211$ & $-0.0803139$ & $0.0329027$ & $0.0357271$ & $0.0537048$ & $1$ & $0.394857$ & $-0.195521$ & $0.723997$ & $0.0322289$ & $0.0223304$ & $0.00234461$ & $-0.162722$ & $-0.0383622$ & $-0.0237937$ & $-0.0541928$ & $-0.0516634$ & $0.0592323$ & $-0.0084835$ & $-0.0433968$ & $0.0532082$ & $0.0324345$ & $-0.00238594$ & $-0.0456963$ & $-0.0266342$ \\
CuH_22r & $0.0292216$ & $0.0530107$ & $-0.035841$ & $-0.0118307$ & $-0.000501108$ & $0.0523225$ & $-0.175354$ & $0.0314249$ & $0.0372959$ & $-0.137218$ & $-0.045206$ & $-0.264575$ & $0.277393$ & $0.0352419$ & $-0.00787422$ & $0.0372024$ & $0.0378209$ & $0.0359429$ & $0.0022051$ & $0.0442966$ & $0.0478369$ & $0.0423009$ & $0.020363$ & $-0.00256218$ & $0.0115166$ & $-0.0443185$ & $0.0157828$ & $-0.00553549$ & $-0.00796841$ & $0.394857$ & $1$ & $-0.0475229$ & $0.480222$ & $0.0571714$ & $-0.036909$ & $0.035358$ & $-0.139693$ & $-0.0425628$ & $0.00901335$ & $-0.0646922$ & $-0.0335082$ & $0.0731611$ & $-0.015238$ & $0.065743$ & $-0.0756085$ & $0.0830191$ & $0.383331$ & $-0.00948735$ & $0.0558846$ \\
CuH_33r & $0.0442084$ & $-0.0345499$ & $-0.0338938$ & $-0.0220961$ & $-0.0728055$ & $-0.0157832$ & $0.923819$ & $-0.0725563$ & $-0.0576263$ & $0.113758$ & $0.113973$ & $0.520187$ & $-0.520722$ & $-0.124774$ & $-0.0186987$ & $-0.0241616$ & $-0.0859049$ & $-0.0834347$ & $-0.0850417$ & $-0.11374$ & $-0.119688$ & $-0.126067$ & $-0.0184181$ & $-0.0112401$ & $-0.0670426$ & $0.0829551$ & $-0.0452306$ & $-0.0760176$ & $-0.116765$ & $-0.195521$ & $-0.0475229$ & $1$ & $-0.133062$ & $-0.0666938$ & $-0.0691042$ & $0.0238994$ & $0.0165867$ & $0.00167919$ & $-0.014095$ & $0.0133393$ & $0.0146338$ & $-0.0191791$ & $-0.0961156$ & $-0.00740094$ & $-0.0860369$ & $-0.0189933$ & $0.0197309$ & $0.0273247$ & $0.0471546$ \\
CdH_33r & $-0.0205817$ & $0.0374541$ & $-0.0291094$ & $0.0118863$ & $0.0048486$ & $0.0373387$ & $-0.354186$ & $0.0215878$ & $0.0402803$ & $-0.16635$ & $-0.0507363$ & $-0.443703$ & $0.507773$ & $0.0626415$ & $-0.026029$ & $0.00135227$ & $0.0678532$ & $0.0754757$ & $0.0608398$ & $0.0488499$ & $0.0571843$ & $0.0512652$ & $0.0225737$ & $0.0225273$ & $0.0696486$ & $-0.0319198$ & $0.0644322$ & $0.0313263$ & $0.048345$ & $0.723997$ & $0.480222$ & $-0.133062$ & $1$ & $0.0595996$ & $-0.0113403$ & $0.0291133$ & $-0.182824$ & $-0.0551137$ & $-0.049878$ & $-0.0431239$ & $-0.0188948$ & $-0.00925446$ & $-0.0239037$ & $-0.00569598$ & $-0.0463407$ & $0.040077$ & $0.0304744$ & $0.110391$ & $0.368274$ \\
CLL_1221 & $0.00920862$ & $0.0671845$ & $0.00589638$ & $0.0901402$ & $-0.0170805$ & $-0.0496905$ & $-0.0501892$ & $0.509055$ & $0.506534$ & $-0.312291$ & $-0.325779$ & $-0.0995152$ & $0.0557425$ & $-0.129691$ & $-0.410602$ & $0.0436207$ & $-0.268751$ & $-0.075176$ & $-0.388216$ & $0.273271$ & $0.385887$ & $0.38613$ & $0.179441$ & $-0.58925$ & $-0.260875$ & $-0.287111$ & $0.630836$ & $0.188904$ & $-0.01006$ & $0.0322289$ & $0.0571714$ & $-0.0666938$ & $0.0595996$ & $1$ & $-0.040428$ & $0.0187038$ & $-0.0297602$ & $0.0507932$ & $-0.0329589$ & $-0.0240435$ & $-0.0243892$ & $0.0330013$ & $-0.0218512$ & $0.0136514$ & $0.00483771$ & $-0.00669785$ & $0.0117964$ & $0.049712$ & $0.0129601$ \\
eHggint & $0.0259931$ & $0.0309302$ & $0.00750556$ & $-0.0535196$ & $0.0865275$ & $0.0368343$ & $-0.151853$ & $-0.0425702$ & $-0.0461668$ & $0.0857009$ & $0.0565145$ & $-0.0833834$ & $0.127513$ & $-0.0582057$ & $0.00760166$ & $-0.0226393$ & $-0.0185405$ & $-0.0336724$ & $-0.0196746$ & $-0.053333$ & $-0.0584341$ & $-0.0584923$ & $0.0198681$ & $-0.0196572$ & $-0.0200441$ & $0.00333364$ & $-0.0456268$ & $-0.0258051$ & $-0.0337911$ & $0.0223304$ & $-0.036909$ & $-0.0691042$ & $-0.0113403$ & $-0.040428$ & $1$ & $-0.114481$ & $-0.00388154$ & $0.0654834$ & $-0.0710893$ & $-0.0078942$ & $-0.0102197$ & $-0.0126095$ & $0.0368032$ & $-0.0210103$ & $0.00951153$ & $0.0141093$ & $0.0437337$ & $-0.0418895$ & $-0.0498997$ \\
eHggpar & $-0.0120284$ & $0.0136118$ & $-0.0322195$ & $0.00145932$ & $-0.00872871$ & $-0.0413871$ & $-0.00985455$ & $0.0380748$ & $0.0332814$ & $0.0153633$ & $-0.0290015$ & $-0.0100326$ & $0.0301999$ & $0.00444538$ & $0.0206665$ & $0.061502$ & $-0.0264493$ & $-0.0223657$ & $-0.0477297$ & $0.0353627$ & $0.0292687$ & $0.0327454$ & $0.00424689$ & $-0.0268976$ & $-0.0185696$ & $-0.0109461$ & $0.0129948$ & $0.0438598$ & $0.00720123$ & $0.00234461$ & $0.035358$ & $0.0238994$ & $0.0291133$ & $0.0187038$ & $-0.114481$ & $1$ & $0.0407258$ & $0.0168848$ & $0.0178159$ & $0.0038934$ & $0.0313798$ & $0.0325139$ & $0.0222869$ & $0.0136251$ & $0.0416375$ & $-0.110248$ & $-0.00279207$ & $-0.00431332$ & $0.0871461$ \\
eHWWint & $-0.00791069$ & $0.0125321$ & $0.000716072$ & $0.0172864$ & $-0.0688438$ & $-0.0805867$ & $0.0640972$ & $0.0216485$ & $0.0137628$ & $0.029314$ & $-0.0487342$ & $0.0128814$ & $-0.019113$ & $0.0711538$ & $0.0465403$ & $0.0500341$ & $0.0395423$ & $0.0272532$ & $0.0319287$ & $0.0529981$ & $0.0439878$ & $0.0508652$ & $0.0104019$ & $0.0244876$ & $0.0313255$ & $-0.0172389$ & $-0.0158212$ & $0.0280292$ & $0.00995707$ & $-0.162722$ & $-0.139693$ & $0.0165867$ & $-0.182824$ & $-0.0297602$ & $-0.00388154$ & $0.0407258$ & $1$ & $-0.0352539$ & $0.0405213$ & $0.000971224$ & $0.0389741$ & $-0.0045425$ & $-0.00224567$ & $0.00176772$ & $-0.0232605$ & $-0.0323234$ & $-0.0442352$ & $0.0112629$ & $0.058447$ \\
eHWWpar & $-0.0161546$ & $0.0200337$ & $0.00417088$ & $-0.0534158$ & $0.0603671$ & $-0.0381808$ & $0.0126262$ & $0.0581106$ & $0.0470284$ & $0.0010971$ & $-0.0379601$ & $0.0129658$ & $-0.0114323$ & $0.00124207$ & $0.00526628$ & $0.0533483$ & $-0.0516438$ & $-0.0338727$ & $-0.0700918$ & $0.0408086$ & $0.0395768$ & $0.044723$ & $-0.0121697$ & $-0.0621245$ & $-0.0442702$ & $-0.0140312$ & $0.0184862$ & $0.0266649$ & $-0.0183713$ & $-0.0383622$ & $-0.0425628$ & $0.00167919$ & $-0.0551137$ & $0.0507932$ & $0.0654834$ & $0.0168848$ & $-0.0352539$ & $1$ & $0.0588424$ & $0.026321$ & $-0.0624796$ & $0.0199615$ & $-0.112215$ & $-0.0417786$ & $0.031231$ & $-0.0368147$ & $0.0286557$ & $0.0328538$ & $-0.0130424$ \\
eHZZint & $0.0483158$ & $-0.0599342$ & $-0.0123519$ & $0.0115919$ & $-0.0230833$ & $-0.00803012$ & $-0.0166525$ & $0.0214894$ & $0.0068909$ & $-0.0264691$ & $-0.018673$ & $-0.019168$ & $0.00382676$ & $0.0158999$ & $0.0418497$ & $0.0219862$ & $-0.0169404$ & $-0.0303302$ & $-0.016136$ & $0.0184658$ & $0.0134051$ & $0.0120618$ & $-0.00115761$ & $0.005585$ & $-0.0103805$ & $-0.0257537$ & $0.00665182$ & $0.0196193$ & $0.00716003$ & $-0.0237937$ & $0.00901335$ & $-0.014095$ & $-0.049878$ & $-0.0329589$ & $-0.0710893$ & $0.0178159$ & $0.0405213$ & $0.0588424$ & $1$ & $-0.00483708$ & $0.0213392$ & $0.0274499$ & $-0.0618838$ & $0.0529631$ & $0.0663614$ & $-0.0207165$ & $0.0217263$ & $-0.0275688$ & $-0.0234519$ \\
eHZZpar & $0.0154274$ & $-0.0634607$ & $-0.048465$ & $0.047945$ & $-0.0299045$ & $-0.00143747$ & $0.00983284$ & $-0.0178842$ & $-0.0187836$ & $0.0146235$ & $0.0149027$ & $0.0478256$ & $-0.0496876$ & $0.0123518$ & $-0.0186522$ & $-0.0314664$ & $-0.0126038$ & $0.0139519$ & $0.0162762$ & $-0.0147127$ & $-0.0180086$ & $-0.0115725$ & $0.0455031$ & $0.0180729$ & $-0.00608978$ & $-0.0291937$ & $-0.0269346$ & $0.0223938$ & $-0.00457327$ & $-0.0541928$ & $-0.0646922$ & $0.0133393$ & $-0.0431239$ & $-0.0240435$ & $-0.0078942$ & $0.0038934$ & $0.000971224$ & $0.026321$ & $-0.00483708$ & $1$ & $-0.0299405$ & $-0.0251592$ & $0.0611559$ & $0.0220299$ & $-0.0407079$ & $-0.00228176$ & $0.0199654$ & $0.0595459$ & $-0.036459$ \\
eHZgaint & $-0.0126814$ & $0.0136136$ & $-0.0088574$ & $-0.0268509$ & $-0.060361$ & $0.0823849$ & $0.0340137$ & $-0.00485546$ & $-0.00015394$ & $-0.0297389$ & $0.00114235$ & $0.0200039$ & $-0.0292628$ & $0.0263022$ & $-0.00403152$ & $-0.0166577$ & $-0.0183692$ & $0.00532984$ & $0.0173319$ & $-0.000974613$ & $-0.00209275$ & $-0.0101826$ & $-0.00542773$ & $0.00965089$ & $0.0181203$ & $0.0068555$ & $0.0191806$ & $-0.00493689$ & $-0.0679982$ & $-0.0516634$ & $-0.0335082$ & $0.0146338$ & $-0.0188948$ & $-0.0243892$ & $-0.0102197$ & $0.0313798$ & $0.0389741$ & $-0.0624796$ & $0.0213392$ & $-0.0299405$ & $1$ & $-0.0373978$ & $0.0287626$ & $0.0169045$ & $0.00300689$ & $-0.0127639$ & $-0.0445665$ & $0.0371623$ & $0.0536246$ \\
eHZgapar & $-0.0360354$ & $0.0434388$ & $0.0212037$ & $-0.0202876$ & $-0.0395042$ & $-0.0310345$ & $-0.0172545$ & $0.0377836$ & $0.0418324$ & $-0.0282853$ & $-0.0254674$ & $-0.0550132$ & $0.0486489$ & $-0.00429845$ & $0.0087341$ & $-0.00413367$ & $-0.0235403$ & $-0.0284161$ & $-0.0184491$ & $0.0240156$ & $0.0297731$ & $0.0248629$ & $-0.0208696$ & $-0.0506906$ & $-0.0254716$ & $0.0176452$ & $0.0216279$ & $0.0493006$ & $-0.0536572$ & $0.0592323$ & $0.0731611$ & $-0.0191791$ & $-0.00925446$ & $0.0330013$ & $-0.0126095$ & $0.0325139$ & $-0.0045425$ & $0.0199615$ & $0.0274499$ & $-0.0251592$ & $-0.0373978$ & $1$ & $0.0200255$ & $-0.0473035$ & $-0.0100621$ & $0.0139634$ & $0.0482088$ & $-0.0309535$ & $-0.0286598$ \\
eHgagaint & $0.0800583$ & $-0.00779618$ & $-0.047544$ & $0.00936076$ & $-0.00457873$ & $0.0412825$ & $-0.0669916$ & $-1.22131e-05$ & $0.0535666$ & $-0.0270605$ & $-0.00620334$ & $-0.0495308$ & $0.0452462$ & $0.0121596$ & $0.0179416$ & $-0.037474$ & $0.00854085$ & $-0.00249685$ & $0.0252302$ & $0.00364188$ & $0.00594464$ & $0.00310664$ & $0.00625049$ & $-0.000368384$ & $-0.0164238$ & $-0.0219712$ & $-0.0363553$ & $0.034$ & $0.0299784$ & $-0.0084835$ & $-0.015238$ & $-0.0961156$ & $-0.0239037$ & $-0.0218512$ & $0.0368032$ & $0.0222869$ & $-0.00224567$ & $-0.112215$ & $-0.0618838$ & $0.0611559$ & $0.0287626$ & $0.0200255$ & $1$ & $-0.0141067$ & $0.00787721$ & $-0.0323743$ & $0.0194661$ & $0.0333666$ & $0.00483754$ \\
eHmumuint & $0.0447007$ & $0.0375469$ & $0.0395703$ & $0.0124218$ & $-0.0526937$ & $0.0270147$ & $-0.00316007$ & $0.0197738$ & $0.0172337$ & $-0.0389274$ & $-0.0222468$ & $0.0186443$ & $-0.0350498$ & $0.0392601$ & $-0.00507109$ & $0.0128011$ & $-0.0162604$ & $0.0109686$ & $-0.00439746$ & $0.0221261$ & $0.0257798$ & $0.0245749$ & $-0.00225883$ & $0.0124247$ & $-0.00835113$ & $-0.0220563$ & $0.010515$ & $0.0329279$ & $0.0519434$ & $-0.0433968$ & $0.065743$ & $-0.00740094$ & $-0.00569598$ & $0.0136514$ & $-0.0210103$ & $0.0136251$ & $0.00176772$ & $-0.0417786$ & $0.0529631$ & $0.0220299$ & $0.0169045$ & $-0.0473035$ & $-0.0141067$ & $1$ & $0.00648585$ & $-0.024255$ & $0.099725$ & $0.0194732$ & $-0.00210756$ \\
eHtautauint & $0.0316742$ & $0.0302424$ & $0.0391845$ & $0.00307418$ & $-0.00414592$ & $0.00413464$ & $-0.0500191$ & $0.00877832$ & $0.00401326$ & $-0.00624986$ & $-0.0139954$ & $-0.0308632$ & $0.023569$ & $0.0361254$ & $-0.0116332$ & $-0.0337716$ & $-0.0082704$ & $0.0121723$ & $0.0329546$ & $0.00663606$ & $0.0164894$ & $0.0339845$ & $0.0171719$ & $-0.0180334$ & $0.00303368$ & $-0.0208404$ & $0.0137614$ & $-0.00589845$ & $-0.0124104$ & $0.0532082$ & $-0.0756085$ & $-0.0860369$ & $-0.0463407$ & $0.00483771$ & $0.00951153$ & $0.0416375$ & $-0.0232605$ & $0.031231$ & $0.0663614$ & $-0.0407079$ & $0.00300689$ & $-0.0100621$ & $0.00787721$ & $0.00648585$ & $1$ & $-0.0549967$ & $0.0135621$ & $-0.0365511$ & $0.0296315$ \\
eHccint & $-0.051421$ & $-0.0576691$ & $-0.0178401$ & $-0.00553952$ & $0.0240755$ & $0.00872584$ & $-0.0284842$ & $-0.0254342$ & $-0.0310909$ & $0.00654212$ & $0.0220137$ & $-0.0376863$ & $0.0466338$ & $-0.0144566$ & $-0.0164066$ & $-0.0197115$ & $0.0199028$ & $0.0157367$ & $0.0129824$ & $-0.0216024$ & $-0.0240453$ & $-0.0311994$ & $-0.00547483$ & $0.0145884$ & $0.0088236$ & $0.000686377$ & $-0.0299497$ & $-0.0183156$ & $-0.0205164$ & $0.0324345$ & $0.0830191$ & $-0.0189933$ & $0.040077$ & $-0.00669785$ & $0.0141093$ & $-0.110248$ & $-0.0323234$ & $-0.0368147$ & $-0.0207165$ & $-0.00228176$ & $-0.0127639$ & $0.0139634$ & $-0.0323743$ & $-0.024255$ & $-0.0549967$ & $1$ & $0.0522944$ & $-0.0279393$ & $-0.0306621$ \\
eHccpar & $-0.00616281$ & $0.0307821$ & $-0.0210876$ & $0.00299483$ & $0.0420271$ & $-0.0239362$ & $-0.00332563$ & $-0.0137447$ & $-0.0162812$ & $0.000504366$ & $0.0285672$ & $-0.0557456$ & $0.0576599$ & $-0.0342506$ & $-0.0198887$ & $-0.00959055$ & $-0.0235311$ & $-0.0157634$ & $-0.0306493$ & $-0.024802$ & $-0.0259501$ & $-0.0281482$ & $-0.0424266$ & $-0.00467015$ & $-0.0267446$ & $0.0418767$ & $-0.0114308$ & $-0.0278539$ & $-0.0675032$ & $-0.00238594$ & $0.383331$ & $0.0197309$ & $0.0304744$ & $0.0117964$ & $0.0437337$ & $-0.00279207$ & $-0.0442352$ & $0.0286557$ & $0.0217263$ & $0.0199654$ & $-0.0445665$ & $0.0482088$ & $0.0194661$ & $0.099725$ & $0.0135621$ & $0.0522944$ & $1$ & $-0.0162739$ & $0.0308475$ \\
eHbbint & $-0.0856055$ & $0.0334251$ & $-0.00731908$ & $0.00797674$ & $0.00532544$ & $0.0164443$ & $0.0369358$ & $0.00820848$ & $0.0146367$ & $-0.0103434$ & $-0.0107642$ & $0.00779301$ & $-0.0183827$ & $0.0228891$ & $-0.0483155$ & $-0.0157564$ & $-0.00136503$ & $0.0347296$ & $0.00476693$ & $0.00887154$ & $0.0148277$ & $0.0158054$ & $0.0462544$ & $0.0172457$ & $0.0180079$ & $-0.0065822$ & $0.0462859$ & $0.0301337$ & $-0.0398537$ & $-0.0456963$ & $-0.00948735$ & $0.0273247$ & $0.110391$ & $0.049712$ & $-0.0418895$ & $-0.00431332$ & $0.0112629$ & $0.0328538$ & $-0.0275688$ & $0.0595459$ & $0.0371623$ & $-0.0309535$ & $0.0333666$ & $0.0194732$ & $-0.0365511$ & $-0.0279393$ & $-0.0162739$ & $1$ & $0.0369555$ \\
eHbbpar & $0.021795$ & $0.0119273$ & $0.0268014$ & $-0.0367982$ & $-0.0228791$ & $0.0518731$ & $0.0465569$ & $-0.00380482$ & $-0.00317235$ & $0.0313097$ & $0.0220842$ & $0.0254644$ & $-0.0253971$ & $-0.019283$ & $-0.0306437$ & $-0.0036833$ & $-0.0488494$ & $-0.0158841$ & $-0.0299761$ & $-0.018209$ & $-0.0191549$ & $-0.0234689$ & $0.0186285$ & $-0.0197604$ & $-0.00382211$ & $0.0125867$ & $0.0463492$ & $0.0171148$ & $-0.00389368$ & $-0.0266342$ & $0.0558846$ & $0.0471546$ & $0.368274$ & $0.0129601$ & $-0.0498997$ & $0.0871461$ & $0.058447$ & $-0.0130424$ & $-0.0234519$ & $-0.036459$ & $0.0536246$ & $-0.0286598$ & $0.00483754$ & $-0.00210756$ & $0.0296315$ & $-0.0306621$ & $0.0308475$ & $0.0369555$ & $1$ \\
