 & AlsMz & dAle5Mz & mtop & mHl & Mz & CW & CHG & CHWB & CHWHB_gaga & CHWHB_gagaorth & CHD & CHbox & CH & CHL1_11 & CHL1_22 & CHL1_33 & CHL3_11 & CHL3_22 & CHL3_33 & CHe_11 & CHe_22 & CHe_33 & CHQ1_11 & CHQ1_33 & CHQ3_11 & CHu_11 & CHd_11 & CHd_33 & CeH_22r & CeH_33r & CuH_22r & CuH_33r & CdH_33r & CLL_1221 & eHggint & eHggpar & eHWWint & eHWWpar & eHZZint & eHZZpar & eHZgaint & eHZgapar & eHgagaint & eHmumuint & eHtautauint & eHccint & eHccpar & eHbbint & eHbbpar \\
AlsMz & $1$ & $-0.193515$ & $-0.123815$ & $0.316698$ & $0.0373423$ & $0.0136834$ & $0.170269$ & $-0.0179132$ & $-0.0214833$ & $0.0334779$ & $-0.0236012$ & $-0.0972193$ & $-0.100351$ & $0.0746553$ & $0.00616879$ & $0.0208327$ & $0.0685328$ & $0.0714615$ & $0.059922$ & $0.0180404$ & $0.0120719$ & $0.0155351$ & $0.0241422$ & $0.0283567$ & $-0.00455$ & $-0.0436617$ & $-0.0295757$ & $0.0184924$ & $0.0102771$ & $-0.0478637$ & $-0.122263$ & $0.170026$ & $-0.124625$ & $-0.0264587$ & $0.0154152$ & $-0.00828984$ & $0.0826695$ & $0.0201588$ & $0.15944$ & $0.0603466$ & $-0.224525$ & $-0.17184$ & $-0.0544493$ & $-0.203121$ & $0.24853$ & $0.182623$ & $-0.435485$ & $-0.267301$ & $-0.0941945$ \\
dAle5Mz & $-0.193515$ & $1$ & $0.173342$ & $0.0977732$ & $0.00418784$ & $-0.0221064$ & $0.0317345$ & $-0.0654022$ & $-0.0756252$ & $0.0173619$ & $0.0415599$ & $-0.138355$ & $-0.141118$ & $0.0192635$ & $-0.0418381$ & $-0.0384503$ & $0.0514925$ & $0.0628148$ & $0.0567509$ & $-0.0338431$ & $-0.0253373$ & $-0.02048$ & $-0.0351474$ & $0.0428603$ & $0.0770823$ & $0.056374$ & $0.0165195$ & $-0.0186234$ & $-0.0115051$ & $-0.0516177$ & $0.0347983$ & $0.0123287$ & $0.0435255$ & $0.0164137$ & $-0.071528$ & $-0.120694$ & $-0.0752633$ & $0.0180449$ & $-0.0208502$ & $-0.0621289$ & $-0.128744$ & $0.074075$ & $-0.443621$ & $0.246916$ & $0.31947$ & $0.000539396$ & $0.311656$ & $0.0860595$ & $0.274966$ \\
mtop & $-0.123815$ & $0.173342$ & $1$ & $-0.275674$ & $0.012756$ & $-0.0363083$ & $-0.117197$ & $-0.0266589$ & $-0.0424734$ & $0.0325077$ & $0.0331884$ & $0.0275934$ & $-0.00511482$ & $-0.0276324$ & $-0.0300068$ & $-0.0479994$ & $0.011076$ & $0.0113787$ & $0.0260585$ & $-0.0286545$ & $-0.0235759$ & $-0.0200623$ & $0.00393255$ & $-5.40016e-05$ & $0.000200004$ & $0.0127663$ & $-0.0101545$ & $-0.0293991$ & $-0.0332262$ & $0.0273115$ & $0.00688129$ & $-0.122281$ & $0.135131$ & $0.0143785$ & $-0.108829$ & $-0.262582$ & $-0.139081$ & $0.00357941$ & $-0.263814$ & $-0.113261$ & $-0.179397$ & $0.00569954$ & $-0.458972$ & $0.366087$ & $-0.0533472$ & $0.193468$ & $-0.0760944$ & $0.201748$ & $0.205152$ \\
mHl & $0.316698$ & $0.0977732$ & $-0.275674$ & $1$ & $-0.0141063$ & $-0.0145254$ & $0.00971836$ & $0.00782476$ & $-0.00511528$ & $0.000970524$ & $-0.0229531$ & $-0.0363933$ & $-0.0113683$ & $0.0291599$ & $0.0503374$ & $0.0407028$ & $0.0150496$ & $-0.0111018$ & $-0.00215751$ & $0.0230332$ & $0.0162037$ & $0.0231641$ & $-0.0295934$ & $0.012395$ & $-0.00896139$ & $0.0047507$ & $-0.0151517$ & $0.0171018$ & $-0.000734543$ & $-0.0821397$ & $-0.113867$ & $-0.00451071$ & $-0.131406$ & $-0.0333883$ & $0.147645$ & $-0.0278775$ & $0.531603$ & $0.0437581$ & $0.163804$ & $0.00682043$ & $0.258191$ & $-0.0876524$ & $-0.207458$ & $0.156811$ & $0.155698$ & $-0.00368079$ & $-0.188796$ & $-0.186306$ & $-0.0488323$ \\
Mz & $0.0373423$ & $0.00418784$ & $0.012756$ & $-0.0141063$ & $1$ & $-0.00434727$ & $0.0134346$ & $-0.00662166$ & $-0.00406353$ & $-0.00725974$ & $0.0200229$ & $-0.0319797$ & $-0.031027$ & $-0.0074529$ & $0.00205251$ & $-0.0192912$ & $-0.0145519$ & $-0.0150816$ & $0.00500683$ & $-0.0137965$ & $-0.0110087$ & $-0.0126488$ & $0.0127337$ & $-0.00785708$ & $-0.00307012$ & $0.00661718$ & $0.0146111$ & $-0.00861768$ & $-0.00864896$ & $-0.00430186$ & $0.0125775$ & $0.0150808$ & $-0.0235795$ & $-0.011449$ & $0.0011072$ & $0.00453047$ & $-0.0214645$ & $0.0246569$ & $0.0273905$ & $0.0118886$ & $-0.0544781$ & $-0.00735036$ & $-0.00087519$ & $0.00231004$ & $0.0364713$ & $0.0228274$ & $-0.0299072$ & $-0.00669949$ & $-0.0298421$ \\
CW & $0.0136834$ & $-0.0221064$ & $-0.0363083$ & $-0.0145254$ & $-0.00434727$ & $1$ & $0.0372924$ & $-0.129905$ & $-0.122379$ & $0.0361958$ & $0.178508$ & $0.0408947$ & $-0.00782759$ & $0.0333307$ & $-0.05441$ & $-0.0693023$ & $-0.242799$ & $-0.0480032$ & $-0.0358206$ & $-0.173181$ & $-0.184426$ & $-0.182923$ & $-0.0082149$ & $0.0178978$ & $-0.0816235$ & $0.0992359$ & $-0.0990241$ & $-0.0839006$ & $-0.0187123$ & $-0.0264599$ & $0.00151846$ & $0.0408683$ & $-0.0142363$ & $-0.14855$ & $-0.0221539$ & $-0.031373$ & $-0.0351114$ & $-0.0443946$ & $-0.00684253$ & $0.0110009$ & $0.00806056$ & $-0.0278481$ & $0.0261939$ & $0.00166313$ & $0.00647837$ & $0.0124484$ & $0.00474374$ & $0.00563006$ & $-0.0121018$ \\
CHG & $0.170269$ & $0.0317345$ & $-0.117197$ & $0.00971836$ & $0.0134346$ & $0.0372924$ & $1$ & $-0.124805$ & $-0.0702731$ & $0.081136$ & $0.0675775$ & $-0.25248$ & $-0.330121$ & $0.0591102$ & $-0.0184963$ & $0.00181017$ & $0.11393$ & $0.120804$ & $0.105503$ & $-0.0651943$ & $-0.0758273$ & $-0.0713007$ & $-0.00277053$ & $0.127298$ & $0.0970776$ & $0.0378341$ & $-0.0723329$ & $-0.0422985$ & $0.0206101$ & $-0.144121$ & $-0.0826558$ & $0.94325$ & $-0.187297$ & $-0.0824285$ & $-0.149409$ & $-0.0375742$ & $0.0182924$ & $-0.0170105$ & $0.244755$ & $0.0156615$ & $-0.148338$ & $-0.0580786$ & $-0.00247584$ & $0.0205384$ & $0.000690084$ & $0.036049$ & $0.0207089$ & $-0.0611623$ & $0.0463471$ \\
CHWB & $-0.0179132$ & $-0.0654022$ & $-0.0266589$ & $0.00782476$ & $-0.00662166$ & $-0.129905$ & $-0.124805$ & $1$ & $0.98431$ & $-0.572221$ & $-0.881079$ & $0.100502$ & $0.379933$ & $0.0957409$ & $0.308037$ & $0.323902$ & $-0.234893$ & $-0.446173$ & $-0.449781$ & $0.852252$ & $0.899252$ & $0.8837$ & $0.0793464$ & $-0.679938$ & $-0.40728$ & $-0.525161$ & $0.439743$ & $0.312567$ & $0.0321902$ & $0.106926$ & $0.0421516$ & $-0.125302$ & $0.1087$ & $0.572592$ & $0.0679466$ & $-0.0145695$ & $0.007754$ & $-0.0159654$ & $-0.0264812$ & $-0.00976488$ & $-0.0105272$ & $0.0306617$ & $0.03803$ & $-0.0396724$ & $-0.0158419$ & $-0.0289479$ & $-0.00353465$ & $0.00871984$ & $-0.0558199$ \\
CHWHB_gaga & $-0.0214833$ & $-0.0756252$ & $-0.0424734$ & $-0.00511528$ & $-0.00406353$ & $-0.122379$ & $-0.0702731$ & $0.98431$ & $1$ & $-0.563444$ & $-0.864184$ & $0.114439$ & $0.381577$ & $0.0887762$ & $0.300952$ & $0.319764$ & $-0.237565$ & $-0.443117$ & $-0.449112$ & $0.835614$ & $0.881979$ & $0.866769$ & $0.0829761$ & $-0.673198$ & $-0.405691$ & $-0.519427$ & $0.432274$ & $0.309925$ & $0.0388947$ & $0.128094$ & $0.0548676$ & $-0.0790546$ & $0.130359$ & $0.565058$ & $0.0412745$ & $-0.0140413$ & $-0.00333763$ & $-0.01668$ & $-0.0184625$ & $-0.00636911$ & $-0.00795619$ & $0.0297067$ & $0.0690719$ & $-0.0515799$ & $-0.0278802$ & $-0.0220687$ & $0.00243937$ & $0.00482827$ & $-0.0547804$ \\
CHWHB_gagaorth & $0.0334779$ & $0.0173619$ & $0.0325077$ & $0.000970524$ & $-0.00725974$ & $0.0361958$ & $0.081136$ & $-0.572221$ & $-0.563444$ & $1$ & $0.363415$ & $0.232761$ & $-0.255882$ & $0.222278$ & $-0.119498$ & $-0.117418$ & $0.41812$ & $0.487588$ & $0.472493$ & $-0.346487$ & $-0.382365$ & $-0.377722$ & $-0.0846234$ & $0.561287$ & $0.455547$ & $0.243688$ & $-0.281966$ & $-0.122066$ & $-0.00186674$ & $-0.135011$ & $-0.0641338$ & $0.0901123$ & $-0.144174$ & $-0.36736$ & $-0.0383708$ & $-0.008184$ & $0.0112944$ & $0.0252116$ & $0.0130752$ & $-0.000962765$ & $-0.0066818$ & $0.00293945$ & $-0.0242138$ & $0.00560609$ & $0.0224983$ & $0.00199523$ & $-0.016261$ & $0.0143006$ & $0.00314839$ \\
CHD & $-0.0236012$ & $0.0415599$ & $0.0331884$ & $-0.0229531$ & $0.0200229$ & $0.178508$ & $0.0675775$ & $-0.881079$ & $-0.864184$ & $0.363415$ & $1$ & $0.0640957$ & $-0.186943$ & $-0.509528$ & $-0.446241$ & $-0.447123$ & $-0.219286$ & $0.0830835$ & $0.0844155$ & $-0.991141$ & $-0.991806$ & $-0.971451$ & $-0.00345655$ & $0.317008$ & $0.028649$ & $0.568121$ & $-0.291397$ & $-0.357293$ & $-0.0298972$ & $-0.0557945$ & $-0.0113079$ & $0.0842765$ & $-0.0435259$ & $-0.364432$ & $-0.0499155$ & $0.0107209$ & $-0.0200909$ & $0.00330448$ & $-0.00275212$ & $0.000610288$ & $0.0306365$ & $-0.0243433$ & $-0.0176755$ & $0.0237349$ & $-0.0200593$ & $0.0262327$ & $0.00518295$ & $0.0183605$ & $0.0306748$ \\
CHbox & $-0.0972193$ & $-0.138355$ & $0.0275934$ & $-0.0363933$ & $-0.0319797$ & $0.0408947$ & $-0.25248$ & $0.100502$ & $0.114439$ & $0.232761$ & $0.0640957$ & $1$ & $0.752448$ & $-0.305445$ & $-0.00551026$ & $0.0179398$ & $-0.337346$ & $-0.308385$ & $-0.323996$ & $-0.0565246$ & $-0.0602535$ & $-0.057148$ & $0.0312856$ & $-0.233955$ & $-0.302933$ & $0.0215691$ & $0.0307137$ & $-0.0319778$ & $0.0429117$ & $0.336326$ & $0.11556$ & $-0.170966$ & $0.417098$ & $0.074485$ & $0.0691977$ & $-0.0342183$ & $-0.0223362$ & $0.019996$ & $-0.125691$ & $-0.0217992$ & $0.0999921$ & $0.0727178$ & $0.0514694$ & $-0.118501$ & $-0.038285$ & $-0.0694525$ & $-0.0551533$ & $0.0984895$ & $-0.111741$ \\
CH & $-0.100351$ & $-0.141118$ & $-0.00511482$ & $-0.0113683$ & $-0.031027$ & $-0.00782759$ & $-0.330121$ & $0.379933$ & $0.381577$ & $-0.255882$ & $-0.186943$ & $0.752448$ & $1$ & $-0.260637$ & $0.0463165$ & $0.0654$ & $-0.382111$ & $-0.402327$ & $-0.408052$ & $0.177087$ & $0.202097$ & $0.206274$ & $0.0731622$ & $-0.428199$ & $-0.376024$ & $-0.127003$ & $0.206619$ & $0.0670969$ & $0.0282891$ & $0.292708$ & $0.103378$ & $-0.284935$ & $0.357106$ & $0.266645$ & $0.0924551$ & $-0.0353971$ & $-0.0201013$ & $0.0331131$ & $-0.138014$ & $-0.0120212$ & $0.126207$ & $0.075373$ & $0.0718704$ & $-0.143864$ & $-0.0308545$ & $-0.0769826$ & $-0.0814098$ & $0.101471$ & $-0.10528$ \\
CHL1_11 & $0.0746553$ & $0.0192635$ & $-0.0276324$ & $0.0291599$ & $-0.0074529$ & $0.0333307$ & $0.0591102$ & $0.0957409$ & $0.0887762$ & $0.222278$ & $-0.509528$ & $-0.305445$ & $-0.260637$ & $1$ & $0.306306$ & $0.277329$ & $0.671159$ & $0.593519$ & $0.599881$ & $0.530316$ & $0.469549$ & $0.452909$ & $-0.106325$ & $0.469214$ & $0.602975$ & $-0.256572$ & $-0.123444$ & $0.180574$ & $0.00583897$ & $-0.0702514$ & $-0.0490039$ & $0.0266117$ & $-0.0982616$ & $-0.23737$ & $-0.0228088$ & $0.00949811$ & $0.0166208$ & $0.0263325$ & $0.0395918$ & $0.0185434$ & $-0.03846$ & $-0.0056161$ & $-0.0144774$ & $0.0206698$ & $0.0545509$ & $-0.00191477$ & $-0.00637411$ & $-0.0537185$ & $0.0230137$ \\
CHL1_22 & $0.00616879$ & $-0.0418381$ & $-0.0300068$ & $0.0503374$ & $0.00205251$ & $-0.05441$ & $-0.0184963$ & $0.308037$ & $0.300952$ & $-0.119498$ & $-0.446241$ & $-0.00551026$ & $0.0463165$ & $0.306306$ & $1$ & $0.457162$ & $0.201154$ & $-0.421001$ & $-0.00765547$ & $0.5114$ & $0.365895$ & $0.350943$ & $-0.198864$ & $0.108014$ & $-0.107641$ & $-0.19968$ & $-0.388208$ & $0.134511$ & $-0.00350666$ & $0.00212726$ & $-0.00655986$ & $-0.0262644$ & $-0.000695083$ & $-0.575893$ & $0.0412805$ & $-0.0130458$ & $0.0472638$ & $0.0384128$ & $0.0101733$ & $0.0181524$ & $0.00996548$ & $0.0227027$ & $-0.00468849$ & $-0.0220328$ & $0.0615428$ & $-0.0122182$ & $-0.0135602$ & $-0.0127508$ & $-0.0033789$ \\
CHL1_33 & $0.0208327$ & $-0.0384503$ & $-0.0479994$ & $0.0407028$ & $-0.0192912$ & $-0.0693023$ & $0.00181017$ & $0.323902$ & $0.319764$ & $-0.117418$ & $-0.447123$ & $0.0179398$ & $0.0654$ & $0.277329$ & $0.457162$ & $1$ & $0.177257$ & $-0.0302603$ & $-0.426106$ & $0.508032$ & $0.36923$ & $0.378857$ & $-0.1929$ & $0.0780888$ & $-0.132901$ & $-0.201131$ & $-0.370234$ & $0.147615$ & $0.0166861$ & $0.0106367$ & $-0.00604222$ & $-0.00915563$ & $-0.0115031$ & $-0.0786299$ & $0.0394132$ & $0.0163891$ & $0.0286799$ & $0.0034245$ & $0.0291394$ & $0.0139606$ & $-0.0156729$ & $-0.00809492$ & $0.0216137$ & $-0.0252565$ & $0.0386715$ & $-0.0347137$ & $-0.0214361$ & $-0.00386196$ & $-0.0253173$ \\
CHL3_11 & $0.0685328$ & $0.0514925$ & $0.011076$ & $0.0150496$ & $-0.0145519$ & $-0.242799$ & $0.11393$ & $-0.234893$ & $-0.237565$ & $0.41812$ & $-0.219286$ & $-0.337346$ & $-0.382111$ & $0.671159$ & $0.201154$ & $0.177257$ & $1$ & $0.733485$ & $0.734416$ & $0.245258$ & $0.185025$ & $0.177038$ & $-0.118275$ & $0.683793$ & $0.776378$ & $-0.082471$ & $-0.200092$ & $0.0914087$ & $-0.00292395$ & $-0.102728$ & $-0.0606662$ & $0.0817254$ & $-0.125144$ & $-0.281538$ & $-0.0329617$ & $0.00167524$ & $0.0285842$ & $0.0166909$ & $0.0563018$ & $0.0141761$ & $-0.0416117$ & $-0.00457423$ & $-0.0514947$ & $0.0390053$ & $0.05822$ & $0.0104399$ & $-0.00038643$ & $-0.0484758$ & $0.0608621$ \\
CHL3_22 & $0.0714615$ & $0.0628148$ & $0.0113787$ & $-0.0111018$ & $-0.0150816$ & $-0.0480032$ & $0.120804$ & $-0.446173$ & $-0.443117$ & $0.487588$ & $0.0830835$ & $-0.308385$ & $-0.402327$ & $0.593519$ & $-0.421001$ & $-0.0302603$ & $0.733485$ & $1$ & $0.681891$ & $-0.0835369$ & $-0.0807888$ & $-0.0775473$ & $-0.0178801$ & $0.635802$ & $0.798012$ & $0.057916$ & $-0.0430755$ & $-0.00845326$ & $-0.00150772$ & $-0.102329$ & $-0.0563578$ & $0.094347$ & $-0.128219$ & $-0.00564435$ & $-0.0612791$ & $0.0204525$ & $-0.00752727$ & $-0.00181209$ & $0.0492962$ & $0.00625735$ & $-0.045078$ & $-0.0294508$ & $-0.0304365$ & $0.0459704$ & $0.0204099$ & $0.011734$ & $0.00378923$ & $-0.04273$ & $0.0491196$ \\
CHL3_33 & $0.059922$ & $0.0567509$ & $0.0260585$ & $-0.00215751$ & $0.00500683$ & $-0.0358206$ & $0.105503$ & $-0.449781$ & $-0.449112$ & $0.472493$ & $0.0844155$ & $-0.323996$ & $-0.408052$ & $0.599881$ & $-0.00765547$ & $-0.426106$ & $0.734416$ & $0.681891$ & $1$ & $-0.082487$ & $-0.0822714$ & $-0.0783296$ & $-0.0180662$ & $0.643449$ & $0.804505$ & $0.0610476$ & $-0.0454895$ & $-0.0199029$ & $-0.0223615$ & $-0.104995$ & $-0.0531546$ & $0.0819888$ & $-0.116044$ & $-0.380493$ & $-0.0654429$ & $-0.00350351$ & $0.00424128$ & $0.0232553$ & $0.0326466$ & $0.00799862$ & $-0.0217315$ & $-0.00556833$ & $-0.0434789$ & $0.0456346$ & $0.0371364$ & $0.0286079$ & $0.00497848$ & $-0.0475986$ & $0.0692978$ \\
CHe_11 & $0.0180404$ & $-0.0338431$ & $-0.0286545$ & $0.0230332$ & $-0.0137965$ & $-0.173181$ & $-0.0651943$ & $0.852252$ & $0.835614$ & $-0.346487$ & $-0.991141$ & $-0.0565246$ & $0.177087$ & $0.530316$ & $0.5114$ & $0.508032$ & $0.245258$ & $-0.0835369$ & $-0.082487$ & $1$ & $0.973831$ & $0.95402$ & $-0.0239224$ & $-0.262719$ & $-0.0183553$ & $-0.557072$ & $0.217758$ & $0.350728$ & $0.0282315$ & $0.054351$ & $0.0107129$ & $-0.082454$ & $0.0416484$ & $0.28491$ & $0.0502454$ & $-0.0110637$ & $0.0197864$ & $0.00075965$ & $0.00283701$ & $0.000173618$ & $-0.0310431$ & $0.0234358$ & $0.0129427$ & $-0.0187589$ & $0.028931$ & $-0.0285286$ & $-0.00218603$ & $-0.0177097$ & $-0.0250643$ \\
CHe_22 & $0.0120719$ & $-0.0253373$ & $-0.0235759$ & $0.0162037$ & $-0.0110087$ & $-0.184426$ & $-0.0758273$ & $0.899252$ & $0.881979$ & $-0.382365$ & $-0.991806$ & $-0.0602535$ & $0.202097$ & $0.469549$ & $0.365895$ & $0.36923$ & $0.185025$ & $-0.0807888$ & $-0.0822714$ & $0.973831$ & $1$ & $0.976907$ & $0.0359097$ & $-0.371584$ & $-0.0356422$ & $-0.573204$ & $0.372058$ & $0.355526$ & $0.0321754$ & $0.0605691$ & $0.0153395$ & $-0.0917401$ & $0.0519827$ & $0.448082$ & $0.0486195$ & $-0.015268$ & $0.0148833$ & $-0.00627048$ & $-0.00342748$ & $-0.00354808$ & $-0.0303836$ & $0.028869$ & $0.0112864$ & $-0.0163022$ & $0.0159417$ & $-0.0252474$ & $0.0029468$ & $-0.0145565$ & $-0.0267648$ \\
CHe_33 & $0.0155351$ & $-0.02048$ & $-0.0200623$ & $0.0231641$ & $-0.0126488$ & $-0.182923$ & $-0.0713007$ & $0.8837$ & $0.866769$ & $-0.377722$ & $-0.971451$ & $-0.057148$ & $0.206274$ & $0.452909$ & $0.350943$ & $0.378857$ & $0.177038$ & $-0.0775473$ & $-0.0783296$ & $0.95402$ & $0.976907$ & $1$ & $0.0375453$ & $-0.36828$ & $-0.0341993$ & $-0.558948$ & $0.37494$ & $0.34751$ & $0.0246224$ & $0.0587521$ & $0.0154146$ & $-0.0883114$ & $0.0512498$ & $0.45045$ & $0.0430933$ & $-0.0154114$ & $0.017089$ & $-0.00616503$ & $0.000794639$ & $-0.00748722$ & $-0.0310185$ & $0.0227259$ & $0.0136468$ & $-0.0180284$ & $0.0140706$ & $-0.0240355$ & $-0.00641762$ & $-0.00781632$ & $-0.0191538$ \\
CHQ1_11 & $0.0241422$ & $-0.0351474$ & $0.00393255$ & $-0.0295934$ & $0.0127337$ & $-0.0082149$ & $-0.00277053$ & $0.0793464$ & $0.0829761$ & $-0.0846234$ & $-0.00345655$ & $0.0312856$ & $0.0731622$ & $-0.106325$ & $-0.198864$ & $-0.1929$ & $-0.118275$ & $-0.0178801$ & $-0.0180662$ & $-0.0239224$ & $0.0359097$ & $0.0375453$ & $1$ & $-0.164599$ & $0.0561053$ & $-0.670327$ & $0.380372$ & $0.0260699$ & $0.0249097$ & $0.0124163$ & $0.00605742$ & $0.0029385$ & $0.00978713$ & $0.227331$ & $0.000287131$ & $-0.00885191$ & $-0.0306298$ & $-0.0123784$ & $0.0130082$ & $-0.0190124$ & $-0.026583$ & $0.00892693$ & $0.0445713$ & $-0.0275265$ & $-0.0425876$ & $0.00403852$ & $-0.00753506$ & $-0.0181056$ & $-0.0368252$ \\
CHQ1_33 & $0.0283567$ & $0.0428603$ & $-5.40016e-05$ & $0.012395$ & $-0.00785708$ & $0.0178978$ & $0.127298$ & $-0.679938$ & $-0.673198$ & $0.561287$ & $0.317008$ & $-0.233955$ & $-0.428199$ & $0.469214$ & $0.108014$ & $0.0780888$ & $0.683793$ & $0.635802$ & $0.643449$ & $-0.262719$ & $-0.371584$ & $-0.36828$ & $-0.164599$ & $1$ & $0.654354$ & $0.228503$ & $-0.446131$ & $-0.0100522$ & $-0.0247239$ & $-0.116392$ & $-0.0666035$ & $0.108187$ & $-0.130939$ & $-0.646819$ & $-0.0545114$ & $0.0270503$ & $0.0200245$ & $0.023632$ & $0.0347443$ & $0.0247847$ & $0.00716006$ & $-0.0247379$ & $-0.0324976$ & $0.0461266$ & $0.0399577$ & $0.00626988$ & $0.00421875$ & $-0.0340881$ & $0.0635683$ \\
CHQ3_11 & $-0.00455$ & $0.0770823$ & $0.000200004$ & $-0.00896139$ & $-0.00307012$ & $-0.0816235$ & $0.0970776$ & $-0.40728$ & $-0.405691$ & $0.455547$ & $0.028649$ & $-0.302933$ & $-0.376024$ & $0.602975$ & $-0.107641$ & $-0.132901$ & $0.776378$ & $0.798012$ & $0.804505$ & $-0.0183553$ & $-0.0356422$ & $-0.0341993$ & $0.0561053$ & $0.654354$ & $1$ & $0.0291678$ & $0.162857$ & $0.00939816$ & $-0.0015322$ & $-0.107292$ & $-0.0515361$ & $0.0705724$ & $-0.112281$ & $-0.232161$ & $-0.0417544$ & $0.0197495$ & $0.00860399$ & $0.00517817$ & $0.0427301$ & $0.00163732$ & $-0.0197106$ & $-0.00384469$ & $-0.0301846$ & $0.0518218$ & $0.0108033$ & $-0.0123887$ & $0.0301491$ & $-0.0215887$ & $0.0752111$ \\
CHu_11 & $-0.0436617$ & $0.056374$ & $0.0127663$ & $0.0047507$ & $0.00661718$ & $0.0992359$ & $0.0378341$ & $-0.525161$ & $-0.519427$ & $0.243688$ & $0.568121$ & $0.0215691$ & $-0.127003$ & $-0.256572$ & $-0.19968$ & $-0.201131$ & $-0.082471$ & $0.057916$ & $0.0610476$ & $-0.557072$ & $-0.573204$ & $-0.558948$ & $-0.670327$ & $0.228503$ & $0.0291678$ & $1$ & $-0.208115$ & $-0.216132$ & $-0.0347457$ & $-0.0472851$ & $-0.0108001$ & $0.0396349$ & $-0.0309382$ & $-0.269086$ & $-0.0219475$ & $0.000731055$ & $0.00623474$ & $0.0131099$ & $-0.0206403$ & $0.0147705$ & $0.0367826$ & $-0.0179372$ & $-0.0404821$ & $0.0242373$ & $-0.00192357$ & $0.00203294$ & $0.00594389$ & $0.0467677$ & $0.0431911$ \\
CHd_11 & $-0.0295757$ & $0.0165195$ & $-0.0101545$ & $-0.0151517$ & $0.0146111$ & $-0.0990241$ & $-0.0723329$ & $0.439743$ & $0.432274$ & $-0.281966$ & $-0.291397$ & $0.0307137$ & $0.206619$ & $-0.123444$ & $-0.388208$ & $-0.370234$ & $-0.200092$ & $-0.0430755$ & $-0.0454895$ & $0.217758$ & $0.372058$ & $0.37494$ & $0.380372$ & $-0.446131$ & $0.162857$ & $-0.208115$ & $1$ & $0.12026$ & $0.0238487$ & $0.0484872$ & $0.022931$ & $-0.0704041$ & $0.0740891$ & $0.695207$ & $0.0276088$ & $0.000950779$ & $-0.0135307$ & $-0.0380908$ & $-0.0228583$ & $-0.0257298$ & $-0.00793863$ & $0.0174647$ & $0.0169111$ & $-0.0070602$ & $-0.0598072$ & $-0.0261666$ & $0.0140247$ & $0.0208763$ & $-0.00115383$ \\
CHd_33 & $0.0184924$ & $-0.0186234$ & $-0.0293991$ & $0.0171018$ & $-0.00861768$ & $-0.0839006$ & $-0.0422985$ & $0.312567$ & $0.309925$ & $-0.122066$ & $-0.357293$ & $-0.0319778$ & $0.0670969$ & $0.180574$ & $0.134511$ & $0.147615$ & $0.0914087$ & $-0.00845326$ & $-0.0199029$ & $0.350728$ & $0.355526$ & $0.34751$ & $0.0260699$ & $-0.0100522$ & $0.00939816$ & $-0.216132$ & $0.12026$ & $1$ & $0.0173663$ & $0.0160025$ & $-0.0125425$ & $-0.0560939$ & $-0.00666411$ & $0.153827$ & $0.00741686$ & $-0.00499202$ & $0.0279247$ & $0.026107$ & $-0.0148364$ & $0.0298678$ & $0.000501841$ & $-0.000664701$ & $0.0338206$ & $-0.0161223$ & $-0.0146677$ & $0.00541327$ & $-0.00385498$ & $-0.014029$ & $-0.0150248$ \\
CeH_22r & $0.0102771$ & $-0.0115051$ & $-0.0332262$ & $-0.000734543$ & $-0.00864896$ & $-0.0187123$ & $0.0206101$ & $0.0321902$ & $0.0388947$ & $-0.00186674$ & $-0.0298972$ & $0.0429117$ & $0.0282891$ & $0.00583897$ & $-0.00350666$ & $0.0166861$ & $-0.00292395$ & $-0.00150772$ & $-0.0223615$ & $0.0282315$ & $0.0321754$ & $0.0246224$ & $0.0249097$ & $-0.0247239$ & $-0.0015322$ & $-0.0347457$ & $0.0238487$ & $0.0173663$ & $1$ & $0.05162$ & $0.037439$ & $0.00680472$ & $0.0368169$ & $0.0301236$ & $-0.0250918$ & $0.00217872$ & $0.00947681$ & $0.0194449$ & $-0.00125007$ & $0.00828436$ & $0.018984$ & $0.0479685$ & $0.00605931$ & $-0.0420044$ & $0.0123655$ & $0.00359303$ & $0.00752137$ & $-0.0136629$ & $-0.00492972$ \\
CeH_33r & $-0.0478637$ & $-0.0516177$ & $0.0273115$ & $-0.0821397$ & $-0.00430186$ & $-0.0264599$ & $-0.144121$ & $0.106926$ & $0.128094$ & $-0.135011$ & $-0.0557945$ & $0.336326$ & $0.292708$ & $-0.0702514$ & $0.00212726$ & $0.0106367$ & $-0.102728$ & $-0.102329$ & $-0.104995$ & $0.054351$ & $0.0605691$ & $0.0587521$ & $0.0124163$ & $-0.116392$ & $-0.107292$ & $-0.0472851$ & $0.0484872$ & $0.0160025$ & $0.05162$ & $1$ & $0.331412$ & $0.000904985$ & $0.691826$ & $0.0796481$ & $-0.0563578$ & $-0.0604409$ & $-0.139809$ & $-0.0153945$ & $-0.0898619$ & $-0.00959217$ & $0.044063$ & $0.0282393$ & $0.0128782$ & $-0.0349616$ & $0.00551851$ & $0.0179048$ & $0.0424649$ & $0.00400925$ & $-0.0416639$ \\
CuH_22r & $-0.122263$ & $0.0347983$ & $0.00688129$ & $-0.113867$ & $0.0125775$ & $0.00151846$ & $-0.0826558$ & $0.0421516$ & $0.0548676$ & $-0.0641338$ & $-0.0113079$ & $0.11556$ & $0.103378$ & $-0.0490039$ & $-0.00655986$ & $-0.00604222$ & $-0.0606662$ & $-0.0563578$ & $-0.0531546$ & $0.0107129$ & $0.0153395$ & $0.0154146$ & $0.00605742$ & $-0.0666035$ & $-0.0515361$ & $-0.0108001$ & $0.022931$ & $-0.0125425$ & $0.037439$ & $0.331412$ & $1$ & $0.0074055$ & $0.379461$ & $0.0388747$ & $-0.0106971$ & $-0.0531675$ & $-0.108275$ & $-0.0041444$ & $-0.0157848$ & $0.000135272$ & $0.0293094$ & $0.014592$ & $0.0344089$ & $0.0364816$ & $-0.00125219$ & $0.0269245$ & $0.224631$ & $-0.0732802$ & $-0.0142836$ \\
CuH_33r & $0.170026$ & $0.0123287$ & $-0.122281$ & $-0.00451071$ & $0.0150808$ & $0.0408683$ & $0.94325$ & $-0.125302$ & $-0.0790546$ & $0.0901123$ & $0.0842765$ & $-0.170966$ & $-0.284935$ & $0.0266117$ & $-0.0262644$ & $-0.00915563$ & $0.0817254$ & $0.094347$ & $0.0819888$ & $-0.082454$ & $-0.0917401$ & $-0.0883114$ & $0.0029385$ & $0.108187$ & $0.0705724$ & $0.0396349$ & $-0.0704041$ & $-0.0560939$ & $0.00680472$ & $0.000904985$ & $0.0074055$ & $1$ & $-0.0102006$ & $-0.0785218$ & $-0.111277$ & $-0.022788$ & $0.0126063$ & $-0.0189351$ & $0.256722$ & $0.00894087$ & $-0.155193$ & $-0.0656034$ & $0.00232441$ & $0.018945$ & $-0.0179495$ & $0.0233564$ & $0.0339896$ & $-0.0636568$ & $0.0279578$ \\
CdH_33r & $-0.124625$ & $0.0435255$ & $0.135131$ & $-0.131406$ & $-0.0235795$ & $-0.0142363$ & $-0.187297$ & $0.1087$ & $0.130359$ & $-0.144174$ & $-0.0435259$ & $0.417098$ & $0.357106$ & $-0.0982616$ & $-0.000695083$ & $-0.0115031$ & $-0.125144$ & $-0.128219$ & $-0.116044$ & $0.0416484$ & $0.0519827$ & $0.0512498$ & $0.00978713$ & $-0.130939$ & $-0.112281$ & $-0.0309382$ & $0.0740891$ & $-0.00666411$ & $0.0368169$ & $0.691826$ & $0.379461$ & $-0.0102006$ & $1$ & $0.0880168$ & $-0.103524$ & $-0.0482084$ & $-0.159595$ & $-0.0507185$ & $-0.117175$ & $-0.0332712$ & $0.00987711$ & $0.0554091$ & $-0.0684142$ & $-0.025949$ & $0.0144792$ & $-0.0473971$ & $0.0240938$ & $0.117457$ & $0.260367$ \\
CLL_1221 & $-0.0264587$ & $0.0164137$ & $0.0143785$ & $-0.0333883$ & $-0.011449$ & $-0.14855$ & $-0.0824285$ & $0.572592$ & $0.565058$ & $-0.36736$ & $-0.364432$ & $0.074485$ & $0.266645$ & $-0.23737$ & $-0.575893$ & $-0.0786299$ & $-0.281538$ & $-0.00564435$ & $-0.380493$ & $0.28491$ & $0.448082$ & $0.45045$ & $0.227331$ & $-0.646819$ & $-0.232161$ & $-0.269086$ & $0.695207$ & $0.153827$ & $0.0301236$ & $0.0796481$ & $0.0388747$ & $-0.0785218$ & $0.0880168$ & $1$ & $0.0240376$ & $-0.00531326$ & $-0.0273217$ & $-0.0487056$ & $-0.0257513$ & $-0.0263698$ & $-0.0245938$ & $0.0117739$ & $0.0145954$ & $-0.00568047$ & $-0.0546494$ & $-0.013012$ & $0.0191416$ & $0.0207533$ & $-0.0289218$ \\
eHggint & $0.0154152$ & $-0.071528$ & $-0.108829$ & $0.147645$ & $0.0011072$ & $-0.0221539$ & $-0.149409$ & $0.0679466$ & $0.0412745$ & $-0.0383708$ & $-0.0499155$ & $0.0691977$ & $0.0924551$ & $-0.0228088$ & $0.0412805$ & $0.0394132$ & $-0.0329617$ & $-0.0612791$ & $-0.0654429$ & $0.0502454$ & $0.0486195$ & $0.0430933$ & $0.000287131$ & $-0.0545114$ & $-0.0417544$ & $-0.0219475$ & $0.0276088$ & $0.00741686$ & $-0.0250918$ & $-0.0563578$ & $-0.0106971$ & $-0.111277$ & $-0.103524$ & $0.0240376$ & $1$ & $0.0626701$ & $0.334155$ & $0.0269851$ & $0.231939$ & $-0.0221434$ & $0.026517$ & $-0.134546$ & $-0.176602$ & $0.154193$ & $-0.0765575$ & $-0.2719$ & $-0.00591778$ & $-0.0535412$ & $-0.151975$ \\
eHggpar & $-0.00828984$ & $-0.120694$ & $-0.262582$ & $-0.0278775$ & $0.00453047$ & $-0.031373$ & $-0.0375742$ & $-0.0145695$ & $-0.0140413$ & $-0.008184$ & $0.0107209$ & $-0.0342183$ & $-0.0353971$ & $0.00949811$ & $-0.0130458$ & $0.0163891$ & $0.00167524$ & $0.0204525$ & $-0.00350351$ & $-0.0110637$ & $-0.015268$ & $-0.0154114$ & $-0.00885191$ & $0.0270503$ & $0.0197495$ & $0.000731055$ & $0.000950779$ & $-0.00499202$ & $0.00217872$ & $-0.0604409$ & $-0.0531675$ & $-0.022788$ & $-0.0482084$ & $-0.00531326$ & $0.0626701$ & $1$ & $0.28933$ & $0.00147813$ & $-0.0872251$ & $-0.0187648$ & $-0.0624336$ & $0.021626$ & $0.275773$ & $-0.305564$ & $0.0243074$ & $-0.404678$ & $-0.0124874$ & $-0.0323896$ & $0.0941952$ \\
eHWWint & $0.0826695$ & $-0.0752633$ & $-0.139081$ & $0.531603$ & $-0.0214645$ & $-0.0351114$ & $0.0182924$ & $0.007754$ & $-0.00333763$ & $0.0112944$ & $-0.0200909$ & $-0.0223362$ & $-0.0201013$ & $0.0166208$ & $0.0472638$ & $0.0286799$ & $0.0285842$ & $-0.00752727$ & $0.00424128$ & $0.0197864$ & $0.0148833$ & $0.017089$ & $-0.0306298$ & $0.0200245$ & $0.00860399$ & $0.00623474$ & $-0.0135307$ & $0.0279247$ & $0.00947681$ & $-0.139809$ & $-0.108275$ & $0.0126063$ & $-0.159595$ & $-0.0273217$ & $0.334155$ & $0.28933$ & $1$ & $0.0461887$ & $0.352589$ & $0.0847229$ & $0.0314467$ & $-0.0680878$ & $-0.0893829$ & $0.0193051$ & $0.0452499$ & $-0.181072$ & $-0.0417784$ & $-0.167369$ & $0.0550707$ \\
eHWWpar & $0.0201588$ & $0.0180449$ & $0.00357941$ & $0.0437581$ & $0.0246569$ & $-0.0443946$ & $-0.0170105$ & $-0.0159654$ & $-0.01668$ & $0.0252116$ & $0.00330448$ & $0.019996$ & $0.0331131$ & $0.0263325$ & $0.0384128$ & $0.0034245$ & $0.0166909$ & $-0.00181209$ & $0.0232553$ & $0.00075965$ & $-0.00627048$ & $-0.00616503$ & $-0.0123784$ & $0.023632$ & $0.00517817$ & $0.0131099$ & $-0.0380908$ & $0.026107$ & $0.0194449$ & $-0.0153945$ & $-0.0041444$ & $-0.0189351$ & $-0.0507185$ & $-0.0487056$ & $0.0269851$ & $0.00147813$ & $0.0461887$ & $1$ & $0.0140723$ & $0.0258375$ & $0.0510995$ & $0.070356$ & $-0.045484$ & $-0.0465169$ & $-0.0308555$ & $-0.0761802$ & $-0.0672759$ & $0.0175434$ & $-0.0956872$ \\
eHZZint & $0.15944$ & $-0.0208502$ & $-0.263814$ & $0.163804$ & $0.0273905$ & $-0.00684253$ & $0.244755$ & $-0.0264812$ & $-0.0184625$ & $0.0130752$ & $-0.00275212$ & $-0.125691$ & $-0.138014$ & $0.0395918$ & $0.0101733$ & $0.0291394$ & $0.0563018$ & $0.0492962$ & $0.0326466$ & $0.00283701$ & $-0.00342748$ & $0.000794639$ & $0.0130082$ & $0.0347443$ & $0.0427301$ & $-0.0206403$ & $-0.0228583$ & $-0.0148364$ & $-0.00125007$ & $-0.0898619$ & $-0.0157848$ & $0.256722$ & $-0.117175$ & $-0.0257513$ & $0.231939$ & $-0.0872251$ & $0.352589$ & $0.0140723$ & $1$ & $0.0661422$ & $-0.347774$ & $-0.137632$ & $0.164878$ & $0.0295398$ & $0.026794$ & $0.040149$ & $0.0900574$ & $-0.203307$ & $0.0671625$ \\
eHZZpar & $0.0603466$ & $-0.0621289$ & $-0.113261$ & $0.00682043$ & $0.0118886$ & $0.0110009$ & $0.0156615$ & $-0.00976488$ & $-0.00636911$ & $-0.000962765$ & $0.000610288$ & $-0.0217992$ & $-0.0120212$ & $0.0185434$ & $0.0181524$ & $0.0139606$ & $0.0141761$ & $0.00625735$ & $0.00799862$ & $0.000173618$ & $-0.00354808$ & $-0.00748722$ & $-0.0190124$ & $0.0247847$ & $0.00163732$ & $0.0147705$ & $-0.0257298$ & $0.0298678$ & $0.00828436$ & $-0.00959217$ & $0.000135272$ & $0.00894087$ & $-0.0332712$ & $-0.0263698$ & $-0.0221434$ & $-0.0187648$ & $0.0847229$ & $0.0258375$ & $0.0661422$ & $1$ & $0.0183084$ & $-0.0340028$ & $0.0538774$ & $-0.0302989$ & $-0.0336031$ & $0.102313$ & $-0.00957549$ & $-0.0816439$ & $-0.0326526$ \\
eHZgaint & $-0.224525$ & $-0.128744$ & $-0.179397$ & $0.258191$ & $-0.0544781$ & $0.00806056$ & $-0.148338$ & $-0.0105272$ & $-0.00795619$ & $-0.0066818$ & $0.0306365$ & $0.0999921$ & $0.126207$ & $-0.03846$ & $0.00996548$ & $-0.0156729$ & $-0.0416117$ & $-0.045078$ & $-0.0217315$ & $-0.0310431$ & $-0.0303836$ & $-0.0310185$ & $-0.026583$ & $0.00716006$ & $-0.0197106$ & $0.0367826$ & $-0.00793863$ & $0.000501841$ & $0.018984$ & $0.044063$ & $0.0293094$ & $-0.155193$ & $0.00987711$ & $-0.0245938$ & $0.026517$ & $-0.0624336$ & $0.0314467$ & $0.0510995$ & $-0.347774$ & $0.0183084$ & $1$ & $-0.0290124$ & $0.111793$ & $-0.0969872$ & $-0.0370943$ & $0.0311229$ & $0.0679199$ & $-0.231273$ & $-0.0431355$ \\
eHZgapar & $-0.17184$ & $0.074075$ & $0.00569954$ & $-0.0876524$ & $-0.00735036$ & $-0.0278481$ & $-0.0580786$ & $0.0306617$ & $0.0297067$ & $0.00293945$ & $-0.0243433$ & $0.0727178$ & $0.075373$ & $-0.0056161$ & $0.0227027$ & $-0.00809492$ & $-0.00457423$ & $-0.0294508$ & $-0.00556833$ & $0.0234358$ & $0.028869$ & $0.0227259$ & $0.00892693$ & $-0.0247379$ & $-0.00384469$ & $-0.0179372$ & $0.0174647$ & $-0.000664701$ & $0.0479685$ & $0.0282393$ & $0.014592$ & $-0.0656034$ & $0.0554091$ & $0.0117739$ & $-0.134546$ & $0.021626$ & $-0.0680878$ & $0.070356$ & $-0.137632$ & $-0.0340028$ & $-0.0290124$ & $1$ & $-0.0257031$ & $-0.131942$ & $-0.0187457$ & $-0.0548065$ & $-0.0576203$ & $0.148808$ & $-0.0921052$ \\
eHgagaint & $-0.0544493$ & $-0.443621$ & $-0.458972$ & $-0.207458$ & $-0.00087519$ & $0.0261939$ & $-0.00247584$ & $0.03803$ & $0.0690719$ & $-0.0242138$ & $-0.0176755$ & $0.0514694$ & $0.0718704$ & $-0.0144774$ & $-0.00468849$ & $0.0216137$ & $-0.0514947$ & $-0.0304365$ & $-0.0434789$ & $0.0129427$ & $0.0112864$ & $0.0136468$ & $0.0445713$ & $-0.0324976$ & $-0.0301846$ & $-0.0404821$ & $0.0169111$ & $0.0338206$ & $0.00605931$ & $0.0128782$ & $0.0344089$ & $0.00232441$ & $-0.0684142$ & $0.0145954$ & $-0.176602$ & $0.275773$ & $-0.0893829$ & $-0.045484$ & $0.164878$ & $0.0538774$ & $0.111793$ & $-0.0257031$ & $1$ & $-0.368456$ & $-0.275529$ & $0.0628971$ & $0.083593$ & $-0.221185$ & $-0.182886$ \\
eHmumuint & $-0.203121$ & $0.246916$ & $0.366087$ & $0.156811$ & $0.00231004$ & $0.00166313$ & $0.0205384$ & $-0.0396724$ & $-0.0515799$ & $0.00560609$ & $0.0237349$ & $-0.118501$ & $-0.143864$ & $0.0206698$ & $-0.0220328$ & $-0.0252565$ & $0.0390053$ & $0.0459704$ & $0.0456346$ & $-0.0187589$ & $-0.0163022$ & $-0.0180284$ & $-0.0275265$ & $0.0461266$ & $0.0518218$ & $0.0242373$ & $-0.0070602$ & $-0.0161223$ & $-0.0420044$ & $-0.0349616$ & $0.0364816$ & $0.018945$ & $-0.025949$ & $-0.00568047$ & $0.154193$ & $-0.305564$ & $0.0193051$ & $-0.0465169$ & $0.0295398$ & $-0.0302989$ & $-0.0969872$ & $-0.131942$ & $-0.368456$ & $1$ & $-0.00933611$ & $0.0652806$ & $0.258153$ & $-0.0866087$ & $0.0954406$ \\
eHtautauint & $0.24853$ & $0.31947$ & $-0.0533472$ & $0.155698$ & $0.0364713$ & $0.00647837$ & $0.000690084$ & $-0.0158419$ & $-0.0278802$ & $0.0224983$ & $-0.0200593$ & $-0.038285$ & $-0.0308545$ & $0.0545509$ & $0.0615428$ & $0.0386715$ & $0.05822$ & $0.0204099$ & $0.0371364$ & $0.028931$ & $0.0159417$ & $0.0140706$ & $-0.0425876$ & $0.0399577$ & $0.0108033$ & $-0.00192357$ & $-0.0598072$ & $-0.0146677$ & $0.0123655$ & $0.00551851$ & $-0.00125219$ & $-0.0179495$ & $0.0144792$ & $-0.0546494$ & $-0.0765575$ & $0.0243074$ & $0.0452499$ & $-0.0308555$ & $0.026794$ & $-0.0336031$ & $-0.0370943$ & $-0.0187457$ & $-0.275529$ & $-0.00933611$ & $1$ & $-0.0244618$ & $0.0509849$ & $-0.239782$ & $0.252598$ \\
eHccint & $0.182623$ & $0.000539396$ & $0.193468$ & $-0.00368079$ & $0.0228274$ & $0.0124484$ & $0.036049$ & $-0.0289479$ & $-0.0220687$ & $0.00199523$ & $0.0262327$ & $-0.0694525$ & $-0.0769826$ & $-0.00191477$ & $-0.0122182$ & $-0.0347137$ & $0.0104399$ & $0.011734$ & $0.0286079$ & $-0.0285286$ & $-0.0252474$ & $-0.0240355$ & $0.00403852$ & $0.00626988$ & $-0.0123887$ & $0.00203294$ & $-0.0261666$ & $0.00541327$ & $0.00359303$ & $0.0179048$ & $0.0269245$ & $0.0233564$ & $-0.0473971$ & $-0.013012$ & $-0.2719$ & $-0.404678$ & $-0.181072$ & $-0.0761802$ & $0.040149$ & $0.102313$ & $0.0311229$ & $-0.0548065$ & $0.0628971$ & $0.0652806$ & $-0.0244618$ & $1$ & $-0.128009$ & $-0.309355$ & $-0.102019$ \\
eHccpar & $-0.435485$ & $0.311656$ & $-0.0760944$ & $-0.188796$ & $-0.0299072$ & $0.00474374$ & $0.0207089$ & $-0.00353465$ & $0.00243937$ & $-0.016261$ & $0.00518295$ & $-0.0551533$ & $-0.0814098$ & $-0.00637411$ & $-0.0135602$ & $-0.0214361$ & $-0.00038643$ & $0.00378923$ & $0.00497848$ & $-0.00218603$ & $0.0029468$ & $-0.00641762$ & $-0.00753506$ & $0.00421875$ & $0.0301491$ & $0.00594389$ & $0.0140247$ & $-0.00385498$ & $0.00752137$ & $0.0424649$ & $0.224631$ & $0.0339896$ & $0.0240938$ & $0.0191416$ & $-0.00591778$ & $-0.0124874$ & $-0.0417784$ & $-0.0672759$ & $0.0900574$ & $-0.00957549$ & $0.0679199$ & $-0.0576203$ & $0.083593$ & $0.258153$ & $0.0509849$ & $-0.128009$ & $1$ & $-0.289502$ & $0.0986192$ \\
eHbbint & $-0.267301$ & $0.0860595$ & $0.201748$ & $-0.186306$ & $-0.00669949$ & $0.00563006$ & $-0.0611623$ & $0.00871984$ & $0.00482827$ & $0.0143006$ & $0.0183605$ & $0.0984895$ & $0.101471$ & $-0.0537185$ & $-0.0127508$ & $-0.00386196$ & $-0.0484758$ & $-0.04273$ & $-0.0475986$ & $-0.0177097$ & $-0.0145565$ & $-0.00781632$ & $-0.0181056$ & $-0.0340881$ & $-0.0215887$ & $0.0467677$ & $0.0208763$ & $-0.014029$ & $-0.0136629$ & $0.00400925$ & $-0.0732802$ & $-0.0636568$ & $0.117457$ & $0.0207533$ & $-0.0535412$ & $-0.0323896$ & $-0.167369$ & $0.0175434$ & $-0.203307$ & $-0.0816439$ & $-0.231273$ & $0.148808$ & $-0.221185$ & $-0.0866087$ & $-0.239782$ & $-0.309355$ & $-0.289502$ & $1$ & $-0.0868304$ \\
eHbbpar & $-0.0941945$ & $0.274966$ & $0.205152$ & $-0.0488323$ & $-0.0298421$ & $-0.0121018$ & $0.0463471$ & $-0.0558199$ & $-0.0547804$ & $0.00314839$ & $0.0306748$ & $-0.111741$ & $-0.10528$ & $0.0230137$ & $-0.0033789$ & $-0.0253173$ & $0.0608621$ & $0.0491196$ & $0.0692978$ & $-0.0250643$ & $-0.0267648$ & $-0.0191538$ & $-0.0368252$ & $0.0635683$ & $0.0752111$ & $0.0431911$ & $-0.00115383$ & $-0.0150248$ & $-0.00492972$ & $-0.0416639$ & $-0.0142836$ & $0.0279578$ & $0.260367$ & $-0.0289218$ & $-0.151975$ & $0.0941952$ & $0.0550707$ & $-0.0956872$ & $0.0671625$ & $-0.0326526$ & $-0.0431355$ & $-0.0921052$ & $-0.182886$ & $0.0954406$ & $0.252598$ & $-0.102019$ & $0.0986192$ & $-0.0868304$ & $1$ \\
