 & AlsMz & dAle5Mz & mtop & mHl & Mz & CW & CHG & CHWB & CHWHB_gaga & CHWHB_gagaorth & CHD & CHbox & CH & CHL1_11 & CHL1_22 & CHL1_33 & CHL3_11 & CHL3_22 & CHL3_33 & CHe_11 & CHe_22 & CHe_33 & CHQ1_11 & CHQ1_33 & CHQ3_11 & CHu_11 & CHd_11 & CHd_33 & CeH_22r & CeH_33r & CuH_22r & CuH_33r & CdH_33r & CLL_1221 & eHggint & eHggpar & eHWWint & eHWWpar & eHZZint & eHZZpar & eHZgaint & eHZgapar & eHgagaint & eHmumuint & eHtautauint & eHccint & eHccpar & eHbbint & eHbbpar \\
AlsMz & $1$ & $0.0712699$ & $-0.0742764$ & $0.0716011$ & $0.0151387$ & $-0.0317504$ & $0.0215243$ & $-0.0531252$ & $-0.0535022$ & $0.0172918$ & $0.0511632$ & $-0.0174612$ & $-0.0497643$ & $-0.0155883$ & $-0.117827$ & $-0.106128$ & $0.0279725$ & $0.0912272$ & $0.104193$ & $-0.0500938$ & $-0.00139544$ & $-0.0413352$ & $-0.00326242$ & $0.0205202$ & $0.0705185$ & $0.105076$ & $0.214571$ & $0.0210045$ & $0.0393143$ & $0.00431972$ & $0.0258425$ & $0.0341033$ & $0.0808139$ & $0.0488952$ & $0.172182$ & $0.181603$ & $-0.21153$ & $-0.0370047$ & $-0.172774$ & $-0.0745532$ & $-0.00693997$ & $0.373923$ & $-0.116768$ & $0.139006$ & $0.138601$ & $-0.0609314$ & $-0.0237943$ & $0.256005$ & $0.14448$ \\
dAle5Mz & $0.0712699$ & $1$ & $-0.147288$ & $-0.328501$ & $0.119906$ & $0.0398236$ & $0.077089$ & $-0.222994$ & $-0.223129$ & $0.181168$ & $0.180657$ & $-0.0172257$ & $-0.108641$ & $0.0803634$ & $-0.0256609$ & $-0.0346999$ & $0.157305$ & $0.1253$ & $0.147253$ & $-0.151856$ & $-0.100998$ & $-0.0815915$ & $0.0250609$ & $0.131905$ & $0.134175$ & $-0.0222014$ & $-0.108375$ & $0.068806$ & $0.00474301$ & $-0.0334963$ & $-0.014585$ & $0.0747131$ & $-0.102167$ & $-0.0510583$ & $0.155465$ & $-0.0663501$ & $0.207246$ & $0.214169$ & $-0.138412$ & $-0.258535$ & $-0.12882$ & $0.364006$ & $-0.156042$ & $0.367874$ & $-0.119193$ & $-0.152252$ & $-0.160403$ & $-0.176882$ & $-0.318778$ \\
mtop & $-0.0742764$ & $-0.147288$ & $1$ & $-0.346728$ & $0.0211559$ & $-0.0139433$ & $-0.0999454$ & $0.103698$ & $0.102347$ & $-0.0912363$ & $-0.0636223$ & $0.0259226$ & $0.0983515$ & $-0.0576594$ & $-0.11577$ & $-0.141616$ & $-0.0823103$ & $0.0236772$ & $0.0170431$ & $0.0566314$ & $0.045902$ & $0.0863137$ & $-0.0750112$ & $-0.0752097$ & $0.016984$ & $0.0642237$ & $0.255072$ & $0.0193947$ & $0.00447231$ & $0.0789828$ & $0.0821879$ & $-0.082995$ & $0.138845$ & $0.163715$ & $-0.117223$ & $-0.106982$ & $0.0598777$ & $0.0488896$ & $-0.382742$ & $0.0144779$ & $0.353848$ & $-0.276895$ & $0.0315949$ & $-0.38676$ & $0.141961$ & $0.233647$ & $0.306368$ & $0.15271$ & $0.233144$ \\
mHl & $0.0716011$ & $-0.328501$ & $-0.346728$ & $1$ & $-0.0194942$ & $-0.0446097$ & $-0.0222615$ & $0.0883734$ & $0.0821898$ & $-0.0686231$ & $-0.0721124$ & $-0.0491428$ & $-0.0262681$ & $-0.0288593$ & $-0.0461472$ & $-0.00763899$ & $-0.0516029$ & $-0.00167431$ & $-0.0444823$ & $0.0541931$ & $0.0519108$ & $0.0200411$ & $0.0199205$ & $-0.0502403$ & $-0.0450741$ & $0.012602$ & $0.0757892$ & $-0.00919068$ & $-0.0393344$ & $-0.0119982$ & $-0.0633845$ & $-0.0217835$ & $0.0334954$ & $0.0804653$ & $0.0123295$ & $0.0509867$ & $-0.274599$ & $-0.12309$ & $0.336669$ & $-0.0524572$ & $-0.49637$ & $-0.0268308$ & $-0.1219$ & $0.0892395$ & $-0.0384991$ & $0.02269$ & $-0.270914$ & $0.0474466$ & $0.223647$ \\
Mz & $0.0151387$ & $0.119906$ & $0.0211559$ & $-0.0194942$ & $1$ & $-0.0306977$ & $0.0641457$ & $-0.00618204$ & $-0.00570649$ & $0.00115373$ & $0.0496027$ & $-0.078462$ & $-0.0998511$ & $-0.00729549$ & $-0.0403521$ & $-0.0147559$ & $0.0103272$ & $0.0220402$ & $0.00988145$ & $0.00988987$ & $0.0337313$ & $-0.00151125$ & $-0.0389472$ & $-0.0261507$ & $0.00801896$ & $0.0341588$ & $0.0290922$ & $0.0204856$ & $-0.0159776$ & $-0.0519221$ & $-0.0427842$ & $0.0557911$ & $-0.0583599$ & $0.0246249$ & $-0.0326694$ & $0.0116595$ & $0.0256183$ & $0.0504795$ & $0.0409287$ & $-0.137083$ & $0.0368797$ & $0.00505535$ & $-0.0491354$ & $0.0285246$ & $-0.0381818$ & $-0.0536437$ & $-0.102797$ & $-0.0898609$ & $-0.0311965$ \\
CW & $-0.0317504$ & $0.0398236$ & $-0.0139433$ & $-0.0446097$ & $-0.0306977$ & $1$ & $-0.0310517$ & $-0.0618036$ & $-0.0645297$ & $0.0198663$ & $0.0682146$ & $0.0102105$ & $0.00642205$ & $0.195957$ & $0.0449527$ & $0.035678$ & $-0.148249$ & $-0.01017$ & $-0.0086865$ & $-0.0746099$ & $-0.0553376$ & $-0.061273$ & $-0.0373583$ & $0.0450233$ & $-0.0213033$ & $0.0523298$ & $-0.0897601$ & $-0.0279174$ & $-0.00707938$ & $0.0109243$ & $-0.00413571$ & $-0.0228098$ & $0.00441221$ & $-0.132828$ & $0.0566431$ & $0.0118534$ & $0.0600609$ & $-0.0109881$ & $0.00735581$ & $0.00988691$ & $-0.0440357$ & $0.0295653$ & $-0.0249374$ & $0.00910489$ & $-0.000464414$ & $-0.00435992$ & $0.0316673$ & $-0.0318549$ & $-0.0362169$ \\
CHG & $0.0215243$ & $0.077089$ & $-0.0999454$ & $-0.0222615$ & $0.0641457$ & $-0.0310517$ & $1$ & $-0.107174$ & $-0.0727194$ & $0.100768$ & $0.0543864$ & $-0.43243$ & $-0.548797$ & $0.0825589$ & $0.010611$ & $0.0572998$ & $0.141078$ & $0.0932454$ & $0.0642292$ & $-0.0470469$ & $-0.0278563$ & $-0.0513858$ & $0.0193608$ & $0.096025$ & $0.0872873$ & $-0.00219314$ & $-0.0982495$ & $-0.0183503$ & $-0.0308956$ & $-0.250258$ & $-0.122639$ & $0.925181$ & $-0.279287$ & $-0.0768072$ & $0.0346416$ & $0.0534009$ & $0.0759368$ & $-0.0697889$ & $0.118227$ & $-0.018327$ & $-0.00917812$ & $-0.0464571$ & $0.0890858$ & $0.150384$ & $-0.0691656$ & $-0.03528$ & $-0.053841$ & $0.0300271$ & $-0.023381$ \\
CHWB & $-0.0531252$ & $-0.222994$ & $0.103698$ & $0.0883734$ & $-0.00618204$ & $-0.0618036$ & $-0.107174$ & $1$ & $0.992793$ & $-0.475454$ & $-0.897223$ & $-0.050721$ & $0.112321$ & $-0.165018$ & $0.130474$ & $0.104465$ & $-0.589427$ & $-0.548143$ & $-0.541503$ & $0.855727$ & $0.605941$ & $0.597771$ & $-0.0550654$ & $-0.599775$ & $-0.633311$ & $-0.148202$ & $0.288161$ & $0.0798107$ & $-0.00986668$ & $0.0575153$ & $0.00605067$ & $-0.107742$ & $0.0705695$ & $0.60835$ & $-0.113506$ & $0.101815$ & $-0.100532$ & $-0.0655148$ & $-0.113683$ & $0.0981369$ & $0.0129221$ & $-0.0318445$ & $0.00160872$ & $-0.135155$ & $0.0683936$ & $0.10113$ & $0.0274964$ & $0.054698$ & $0.0823426$ \\
CHWHB_gaga & $-0.0535022$ & $-0.223129$ & $0.102347$ & $0.0821898$ & $-0.00570649$ & $-0.0645297$ & $-0.0727194$ & $0.992793$ & $1$ & $-0.474918$ & $-0.891016$ & $-0.0436641$ & $0.105994$ & $-0.168917$ & $0.134646$ & $0.110005$ & $-0.588738$ & $-0.548443$ & $-0.542981$ & $0.854941$ & $0.60191$ & $0.591114$ & $-0.052345$ & $-0.596385$ & $-0.632566$ & $-0.150827$ & $0.278015$ & $0.0776998$ & $-0.00422508$ & $0.0759774$ & $0.0164969$ & $-0.0768928$ & $0.0926796$ & $0.597985$ & $-0.122536$ & $0.0940375$ & $-0.106377$ & $-0.0732328$ & $-0.113836$ & $0.100505$ & $0.0231078$ & $-0.0422698$ & $0.0281913$ & $-0.14379$ & $0.0679438$ & $0.108848$ & $0.0223703$ & $0.061021$ & $0.086081$ \\
CHWHB_gagaorth & $0.0172918$ & $0.181168$ & $-0.0912363$ & $-0.0686231$ & $0.00115373$ & $0.0198663$ & $0.100768$ & $-0.475454$ & $-0.474918$ & $1$ & $0.156366$ & $0.0766496$ & $-0.156018$ & $0.672152$ & $0.0251248$ & $0.0864545$ & $0.757797$ & $0.56257$ & $0.538622$ & $-0.225983$ & $-0.128988$ & $-0.132319$ & $0.00762017$ & $0.511651$ & $0.646477$ & $0.0388072$ & $-0.22731$ & $0.0071302$ & $-0.00618774$ & $-0.103076$ & $-0.034422$ & $0.117966$ & $-0.128829$ & $-0.313565$ & $0.067477$ & $-0.042203$ & $0.070873$ & $0.0446461$ & $0.0971747$ & $-0.0562713$ & $-0.0504143$ & $0.00348467$ & $0.0264666$ & $0.13811$ & $-0.0875038$ & $-0.0601513$ & $-0.0421923$ & $-0.0666577$ & $-0.0811526$ \\
CHD & $0.0511632$ & $0.180657$ & $-0.0636223$ & $-0.0721124$ & $0.0496027$ & $0.0682146$ & $0.0543864$ & $-0.897223$ & $-0.891016$ & $0.156366$ & $1$ & $0.0929821$ & $-0.0260735$ & $-0.179578$ & $-0.181592$ & $-0.172422$ & $0.261746$ & $0.32284$ & $0.326737$ & $-0.885256$ & $-0.639544$ & $-0.627324$ & $0.0610001$ & $0.403866$ & $0.376731$ & $0.148293$ & $-0.202066$ & $-0.0990005$ & $0.0196961$ & $-0.0152203$ & $0.0103156$ & $0.0604195$ & $-0.018501$ & $-0.49013$ & $0.0954229$ & $-0.0902346$ & $0.0819566$ & $0.0561461$ & $0.0719896$ & $-0.0857439$ & $0.00173334$ & $0.0473729$ & $-0.0176448$ & $0.0826264$ & $-0.0391408$ & $-0.0850628$ & $-0.00660881$ & $-0.03099$ & $-0.0599369$ \\
CHbox & $-0.0174612$ & $-0.0172257$ & $0.0259226$ & $-0.0491428$ & $-0.078462$ & $0.0102105$ & $-0.43243$ & $-0.050721$ & $-0.0436641$ & $0.0766496$ & $0.0929821$ & $1$ & $0.824109$ & $-0.172322$ & $-0.0145456$ & $-0.00604227$ & $-0.128366$ & $-0.0654478$ & $-0.063736$ & $0.0393419$ & $-0.0473705$ & $-0.0372461$ & $0.0261475$ & $-0.0322246$ & $-0.0706172$ & $-0.0445651$ & $-0.0149362$ & $-0.0236317$ & $0.108929$ & $0.453791$ & $0.213484$ & $-0.306054$ & $0.466235$ & $-0.0998994$ & $-0.000240628$ & $-0.149653$ & $0.0223517$ & $0.11978$ & $-0.116008$ & $-0.0154567$ & $0.0371687$ & $0.0558455$ & $-0.013705$ & $-0.226206$ & $0.085866$ & $0.0454412$ & $0.0917986$ & $-0.052814$ & $-0.0365629$ \\
CH & $-0.0497643$ & $-0.108641$ & $0.0983515$ & $-0.0262681$ & $-0.0998511$ & $0.00642205$ & $-0.548797$ & $0.112321$ & $0.105994$ & $-0.156018$ & $-0.0260735$ & $0.824109$ & $1$ & $-0.164326$ & $-0.0330354$ & $-0.062839$ & $-0.194231$ & $-0.1276$ & $-0.112758$ & $0.0364758$ & $0.00925327$ & $0.0315781$ & $0.0289088$ & $-0.11787$ & $-0.146293$ & $-0.0520436$ & $0.0800516$ & $-0.00345685$ & $0.0917505$ & $0.39231$ & $0.20839$ & $-0.472497$ & $0.424498$ & $0.088165$ & $-0.0587204$ & $-0.141509$ & $-0.0243019$ & $0.112845$ & $-0.167631$ & $0.0530614$ & $0.045892$ & $0.0450724$ & $-0.0147499$ & $-0.317518$ & $0.126482$ & $0.10467$ & $0.117564$ & $-0.042634$ & $-0.007027$ \\
CHL1_11 & $-0.0155883$ & $0.0803634$ & $-0.0576594$ & $-0.0288593$ & $-0.00729549$ & $0.195957$ & $0.0825589$ & $-0.165018$ & $-0.168917$ & $0.672152$ & $-0.179578$ & $-0.172322$ & $-0.164326$ & $1$ & $0.0983469$ & $0.131163$ & $0.575453$ & $0.468117$ & $0.451282$ & $-0.0242384$ & $0.0638067$ & $0.0501058$ & $-0.0243115$ & $0.414369$ & $0.516352$ & $0.0171621$ & $-0.199396$ & $0.0418632$ & $-0.0396204$ & $-0.0961847$ & $-0.0573172$ & $0.0578821$ & $-0.117083$ & $-0.16734$ & $0.0205705$ & $-0.000605304$ & $0.0591174$ & $0.0220458$ & $0.110837$ & $-0.0248893$ & $-0.0443863$ & $-0.0253639$ & $0.0284693$ & $0.109723$ & $-0.0744416$ & $-0.030439$ & $-0.047834$ & $-0.0668687$ & $-0.0509742$ \\
CHL1_22 & $-0.117827$ & $-0.0256609$ & $-0.11577$ & $-0.0461472$ & $-0.0403521$ & $0.0449527$ & $0.010611$ & $0.130474$ & $0.134646$ & $0.0251248$ & $-0.181592$ & $-0.0145456$ & $-0.0330354$ & $0.0983469$ & $1$ & $0.268268$ & $-0.0328136$ & $-0.514962$ & $-0.155934$ & $0.192154$ & $-0.0415153$ & $0.0149638$ & $0.0103619$ & $0.106097$ & $-0.177583$ & $-0.0148546$ & $-0.37107$ & $-0.0232673$ & $0.0178543$ & $-0.0190456$ & $-0.0209516$ & $0.00120957$ & $-0.0493785$ & $-0.457049$ & $-0.132952$ & $0.0236157$ & $0.0174087$ & $-0.0951596$ & $0.135482$ & $0.0852433$ & $0.053972$ & $-0.0889884$ & $0.124639$ & $0.0096573$ & $-0.0843969$ & $0.0891874$ & $-0.0560541$ & $-0.0261664$ & $-0.0533707$ \\
CHL1_33 & $-0.106128$ & $-0.0346999$ & $-0.141616$ & $-0.00763899$ & $-0.0147559$ & $0.035678$ & $0.0572998$ & $0.104465$ & $0.110005$ & $0.0864545$ & $-0.172422$ & $-0.00604227$ & $-0.062839$ & $0.131163$ & $0.268268$ & $1$ & $0.0161559$ & $-0.120806$ & $-0.497203$ & $0.183221$ & $-0.00229582$ & $-0.0972541$ & $-0.0291528$ & $0.147256$ & $-0.141635$ & $0.0208226$ & $-0.362904$ & $-0.0374316$ & $0.00401835$ & $-0.0186228$ & $-0.0301407$ & $0.0543274$ & $-0.0201361$ & $-0.118878$ & $-0.0760599$ & $-0.00337488$ & $0.0423461$ & $-0.0942011$ & $0.163394$ & $0.0712569$ & $0.0439473$ & $-0.0810298$ & $0.152832$ & $0.0509275$ & $-0.069084$ & $0.0830111$ & $-0.12468$ & $0.0371722$ & $-0.0428273$ \\
CHL3_11 & $0.0279725$ & $0.157305$ & $-0.0823103$ & $-0.0516029$ & $0.0103272$ & $-0.148249$ & $0.141078$ & $-0.589427$ & $-0.588738$ & $0.757797$ & $0.261746$ & $-0.128366$ & $-0.194231$ & $0.575453$ & $-0.0328136$ & $0.0161559$ & $1$ & $0.674917$ & $0.649288$ & $-0.410805$ & $-0.20819$ & $-0.214091$ & $0.0154678$ & $0.589559$ & $0.773143$ & $0.0719995$ & $-0.201197$ & $0.00263991$ & $-0.016496$ & $-0.116891$ & $-0.0264574$ & $0.119892$ & $-0.129939$ & $-0.251393$ & $0.0713535$ & $-0.0525468$ & $0.0627807$ & $0.0520483$ & $0.110573$ & $-0.0622314$ & $-0.0363701$ & $-0.0262654$ & $0.0318106$ & $0.137505$ & $-0.0553642$ & $-0.0756435$ & $-0.055279$ & $-0.0625228$ & $-0.0581976$ \\
CHL3_22 & $0.0912272$ & $0.1253$ & $0.0236772$ & $-0.00167431$ & $0.0220402$ & $-0.01017$ & $0.0932454$ & $-0.548143$ & $-0.548443$ & $0.56257$ & $0.32284$ & $-0.0654478$ & $-0.1276$ & $0.468117$ & $-0.514962$ & $-0.120806$ & $0.674917$ & $1$ & $0.616735$ & $-0.407004$ & $-0.212972$ & $-0.210029$ & $0.0162493$ & $0.445121$ & $0.75613$ & $0.0638681$ & $0.0419957$ & $0.00618473$ & $-0.0275081$ & $-0.0762166$ & $-0.00909572$ & $0.0889198$ & $-0.0576688$ & $0.16656$ & $0.14275$ & $-0.0635625$ & $0.0329629$ & $0.0835615$ & $0.00290587$ & $-0.105126$ & $-0.0570725$ & $0.0354343$ & $-0.0509717$ & $0.090365$ & $-0.0019525$ & $-0.100249$ & $0.000410469$ & $-0.0134712$ & $-0.00431802$ \\
CHL3_33 & $0.104193$ & $0.147253$ & $0.0170431$ & $-0.0444823$ & $0.00988145$ & $-0.0086865$ & $0.0642292$ & $-0.541503$ & $-0.542981$ & $0.538622$ & $0.326737$ & $-0.063736$ & $-0.112758$ & $0.451282$ & $-0.155934$ & $-0.497203$ & $0.649288$ & $0.616735$ & $1$ & $-0.411346$ & $-0.195481$ & $-0.211228$ & $0.0343526$ & $0.413768$ & $0.743369$ & $0.0509589$ & $0.0426543$ & $0.0136257$ & $-0.008595$ & $-0.0679838$ & $-0.0003663$ & $0.0528585$ & $-0.0866277$ & $-0.187395$ & $0.117892$ & $-0.0491824$ & $0.0370226$ & $0.114094$ & $-0.00510164$ & $-0.113832$ & $-0.0595453$ & $0.044153$ & $-0.0923543$ & $0.0959908$ & $-0.0204554$ & $-0.122701$ & $0.0357131$ & $-0.0808723$ & $-0.0349683$ \\
CHe_11 & $-0.0500938$ & $-0.151856$ & $0.0566314$ & $0.0541931$ & $0.00988987$ & $-0.0746099$ & $-0.0470469$ & $0.855727$ & $0.854941$ & $-0.225983$ & $-0.885256$ & $0.0393419$ & $0.0364758$ & $-0.0242384$ & $0.192154$ & $0.183221$ & $-0.410805$ & $-0.407004$ & $-0.411346$ & $1$ & $0.625865$ & $0.608276$ & $-0.0479277$ & $-0.454691$ & $-0.463623$ & $-0.166588$ & $0.201581$ & $0.0948763$ & $-0.00723873$ & $0.0265687$ & $-0.00607816$ & $-0.0334139$ & $0.0231353$ & $0.38959$ & $-0.0933413$ & $0.0702056$ & $-0.0760792$ & $-0.0630175$ & $-0.0872992$ & $0.0686384$ & $0.0110738$ & $-0.0312986$ & $0.00660484$ & $-0.0918669$ & $0.0313158$ & $0.0806559$ & $0.00890877$ & $0.0307534$ & $0.0483128$ \\
CHe_22 & $-0.00139544$ & $-0.100998$ & $0.045902$ & $0.0519108$ & $0.0337313$ & $-0.0553376$ & $-0.0278563$ & $0.605941$ & $0.60191$ & $-0.128988$ & $-0.639544$ & $-0.0473705$ & $0.00925327$ & $0.0638067$ & $-0.0415153$ & $-0.00229582$ & $-0.20819$ & $-0.212972$ & $-0.195481$ & $0.625865$ & $1$ & $0.494481$ & $-0.0439389$ & $-0.386284$ & $-0.283475$ & $-0.116058$ & $0.288001$ & $0.0964739$ & $-0.0200144$ & $0.00448079$ & $0.00337907$ & $-0.0270592$ & $0.00491332$ & $0.35831$ & $-0.0427531$ & $0.0779823$ & $-0.0880864$ & $-0.0243812$ & $-0.0856103$ & $0.0292417$ & $-0.000128705$ & $0.00462333$ & $-0.0329777$ & $-0.071006$ & $0.0624106$ & $0.0291647$ & $0.00599174$ & $0.0111819$ & $0.0444178$ \\
CHe_33 & $-0.0413352$ & $-0.0815915$ & $0.0863137$ & $0.0200411$ & $-0.00151125$ & $-0.061273$ & $-0.0513858$ & $0.597771$ & $0.591114$ & $-0.132319$ & $-0.627324$ & $-0.0372461$ & $0.0315781$ & $0.0501058$ & $0.0149638$ & $-0.0972541$ & $-0.214091$ & $-0.210029$ & $-0.211228$ & $0.608276$ & $0.494481$ & $1$ & $-0.0423575$ & $-0.395279$ & $-0.286547$ & $-0.118103$ & $0.272729$ & $0.0915433$ & $-0.00573315$ & $0.00284324$ & $-0.0166878$ & $-0.0516081$ & $0.000683933$ & $0.364629$ & $-0.0480701$ & $0.0620537$ & $-0.081209$ & $-0.0245656$ & $-0.14138$ & $0.0579228$ & $-0.026768$ & $0.0248121$ & $-0.0328275$ & $-0.0816312$ & $0.0604993$ & $0.0380523$ & $0.0383997$ & $0.00926723$ & $0.0426721$ \\
CHQ1_11 & $-0.00326242$ & $0.0250609$ & $-0.0750112$ & $0.0199205$ & $-0.0389472$ & $-0.0373583$ & $0.0193608$ & $-0.0550654$ & $-0.052345$ & $0.00762017$ & $0.0610001$ & $0.0261475$ & $0.0289088$ & $-0.0243115$ & $0.0103619$ & $-0.0291528$ & $0.0154678$ & $0.0162493$ & $0.0343526$ & $-0.0479277$ & $-0.0439389$ & $-0.0423575$ & $1$ & $-0.0124818$ & $0.0475317$ & $-0.61064$ & $0.0931562$ & $-0.0469506$ & $0.0289987$ & $0.00062334$ & $-0.0103005$ & $0.0153073$ & $0.00897072$ & $-0.0301061$ & $-0.00238851$ & $-0.0490492$ & $-0.0445961$ & $0.0104123$ & $-0.0404633$ & $0.0500209$ & $-0.0242439$ & $0.0886209$ & $0.04209$ & $0.0175324$ & $-0.019013$ & $0.0296038$ & $-0.0676429$ & $0.0585307$ & $0.0429766$ \\
CHQ1_33 & $0.0205202$ & $0.131905$ & $-0.0752097$ & $-0.0502403$ & $-0.0261507$ & $0.0450233$ & $0.096025$ & $-0.599775$ & $-0.596385$ & $0.511651$ & $0.403866$ & $-0.0322246$ & $-0.11787$ & $0.414369$ & $0.106097$ & $0.147256$ & $0.589559$ & $0.445121$ & $0.413768$ & $-0.454691$ & $-0.386284$ & $-0.395279$ & $-0.0124818$ & $1$ & $0.533591$ & $0.102714$ & $-0.2859$ & $0.081084$ & $-0.00962935$ & $-0.0743736$ & $-0.00866781$ & $0.0867339$ & $-0.0719087$ & $-0.412777$ & $0.0604871$ & $-0.0774625$ & $0.0812886$ & $0.0474025$ & $0.125112$ & $-0.09179$ & $-0.0287909$ & $-0.0206435$ & $0.028788$ & $0.0933392$ & $-0.112288$ & $-0.0649198$ & $-0.0379034$ & $-0.0575119$ & $-0.0466201$ \\
CHQ3_11 & $0.0705185$ & $0.134175$ & $0.016984$ & $-0.0450741$ & $0.00801896$ & $-0.0213033$ & $0.0872873$ & $-0.633311$ & $-0.632566$ & $0.646477$ & $0.376731$ & $-0.0706172$ & $-0.146293$ & $0.516352$ & $-0.177583$ & $-0.141635$ & $0.773143$ & $0.75613$ & $0.743369$ & $-0.463623$ & $-0.283475$ & $-0.286547$ & $0.0475317$ & $0.533591$ & $1$ & $0.0609777$ & $0.0963203$ & $-0.0148383$ & $-0.0142177$ & $-0.0807235$ & $-0.000755283$ & $0.0734502$ & $-0.0805597$ & $-0.194521$ & $0.116993$ & $-0.107558$ & $0.0289734$ & $0.104668$ & $0.00415293$ & $-0.105888$ & $-0.0417873$ & $0.00839795$ & $-0.0749987$ & $0.0781679$ & $-0.0352996$ & $-0.112003$ & $0.00822904$ & $-0.0619925$ & $-0.0169344$ \\
CHu_11 & $0.105076$ & $-0.0222014$ & $0.0642237$ & $0.012602$ & $0.0341588$ & $0.0523298$ & $-0.00219314$ & $-0.148202$ & $-0.150827$ & $0.0388072$ & $0.148293$ & $-0.0445651$ & $-0.0520436$ & $0.0171621$ & $-0.0148546$ & $0.0208226$ & $0.0719995$ & $0.0638681$ & $0.0509589$ & $-0.166588$ & $-0.116058$ & $-0.118103$ & $-0.61064$ & $0.102714$ & $0.0609777$ & $1$ & $0.140439$ & $0.010909$ & $-0.0173863$ & $-0.00159991$ & $-0.00527681$ & $0.00165278$ & $0.0154805$ & $-0.0881663$ & $0.0201714$ & $0.0443005$ & $-0.0411082$ & $-0.0177947$ & $-0.0196969$ & $-0.049939$ & $-0.0106401$ & $-0.00694057$ & $-0.113178$ & $-0.0193425$ & $0.0576838$ & $-0.0556244$ & $0.0682756$ & $-0.0327644$ & $0.0183673$ \\
CHd_11 & $0.214571$ & $-0.108375$ & $0.255072$ & $0.0757892$ & $0.0290922$ & $-0.0897601$ & $-0.0982495$ & $0.288161$ & $0.278015$ & $-0.22731$ & $-0.202066$ & $-0.0149362$ & $0.0800516$ & $-0.199396$ & $-0.37107$ & $-0.362904$ & $-0.201197$ & $0.0419957$ & $0.0426543$ & $0.201581$ & $0.288001$ & $0.272729$ & $0.0931562$ & $-0.2859$ & $0.0963203$ & $0.140439$ & $1$ & $0.0423487$ & $0.00153506$ & $0.0579525$ & $0.0523899$ & $-0.0857811$ & $0.107864$ & $0.457068$ & $0.0574614$ & $-0.0167862$ & $-0.212296$ & $0.0965311$ & $-0.345638$ & $-0.0562788$ & $-0.0436444$ & $0.115945$ & $-0.277028$ & $-0.166206$ & $0.142642$ & $-0.0569651$ & $0.122469$ & $0.0513201$ & $0.170241$ \\
CHd_33 & $0.0210045$ & $0.068806$ & $0.0193947$ & $-0.00919068$ & $0.0204856$ & $-0.0279174$ & $-0.0183503$ & $0.0798107$ & $0.0776998$ & $0.0071302$ & $-0.0990005$ & $-0.0236317$ & $-0.00345685$ & $0.0418632$ & $-0.0232673$ & $-0.0374316$ & $0.00263991$ & $0.00618473$ & $0.0136257$ & $0.0948763$ & $0.0964739$ & $0.0915433$ & $-0.0469506$ & $0.081084$ & $-0.0148383$ & $0.010909$ & $0.0423487$ & $1$ & $0.0112729$ & $0.00999665$ & $-0.00288429$ & $-0.0170125$ & $0.032212$ & $0.07155$ & $-0.0731201$ & $0.0236333$ & $0.0151659$ & $-0.048485$ & $-0.0442554$ & $-0.0901046$ & $0.0182068$ & $0.00505976$ & $-0.0667841$ & $0.0179469$ & $-0.0212933$ & $0.0319736$ & $0.0213436$ & $-0.0309544$ & $0.0130184$ \\
CeH_22r & $0.0393143$ & $0.00474301$ & $0.00447231$ & $-0.0393344$ & $-0.0159776$ & $-0.00707938$ & $-0.0308956$ & $-0.00986668$ & $-0.00422508$ & $-0.00618774$ & $0.0196961$ & $0.108929$ & $0.0917505$ & $-0.0396204$ & $0.0178543$ & $0.00401835$ & $-0.016496$ & $-0.0275081$ & $-0.008595$ & $-0.00723873$ & $-0.0200144$ & $-0.00573315$ & $0.0289987$ & $-0.00962935$ & $-0.0142177$ & $-0.0173863$ & $0.00153506$ & $0.0112729$ & $1$ & $0.0865578$ & $0.0346812$ & $-0.0332691$ & $0.0892664$ & $-0.0228254$ & $0.0147895$ & $-0.0107376$ & $0.0264732$ & $0.00741944$ & $-0.0265351$ & $0.00260246$ & $0.00431846$ & $0.00868195$ & $-0.0214942$ & $-0.0413673$ & $-0.0153709$ & $0.0275999$ & $0.0442656$ & $-0.00487567$ & $-0.000806945$ \\
CeH_33r & $0.00431972$ & $-0.0334963$ & $0.0789828$ & $-0.0119982$ & $-0.0519221$ & $0.0109243$ & $-0.250258$ & $0.0575153$ & $0.0759774$ & $-0.103076$ & $-0.0152203$ & $0.453791$ & $0.39231$ & $-0.0961847$ & $-0.0190456$ & $-0.0186228$ & $-0.116891$ & $-0.0762166$ & $-0.0679838$ & $0.0265687$ & $0.00448079$ & $0.00284324$ & $0.00062334$ & $-0.0743736$ & $-0.0807235$ & $-0.00159991$ & $0.0579525$ & $0.00999665$ & $0.0865578$ & $1$ & $0.3648$ & $-0.06091$ & $0.72573$ & $0.0323096$ & $-0.0678082$ & $-0.0651884$ & $-0.0719676$ & $0.0130614$ & $-0.135569$ & $-0.0106848$ & $0.0483537$ & $-0.00165642$ & $-0.00652204$ & $-0.161442$ & $0.067793$ & $0.0567696$ & $0.0593424$ & $0.00980602$ & $0.0103494$ \\
CuH_22r & $0.0258425$ & $-0.014585$ & $0.0821879$ & $-0.0633845$ & $-0.0427842$ & $-0.00413571$ & $-0.122639$ & $0.00605067$ & $0.0164969$ & $-0.034422$ & $0.0103156$ & $0.213484$ & $0.20839$ & $-0.0573172$ & $-0.0209516$ & $-0.0301407$ & $-0.0264574$ & $-0.00909572$ & $-0.0003663$ & $-0.00607816$ & $0.00337907$ & $-0.0166878$ & $-0.0103005$ & $-0.00866781$ & $-0.000755283$ & $-0.00527681$ & $0.0523899$ & $-0.00288429$ & $0.0346812$ & $0.3648$ & $1$ & $0.00170529$ & $0.431917$ & $0.0233293$ & $-0.0209282$ & $-0.0821072$ & $-0.0182521$ & $-0.0190422$ & $-0.112878$ & $-0.0107998$ & $0.076926$ & $-0.00825517$ & $-0.0226399$ & $-0.144978$ & $0.0531625$ & $0.0905153$ & $0.178224$ & $0.0393774$ & $0.0340171$ \\
CuH_33r & $0.0341033$ & $0.0747131$ & $-0.082995$ & $-0.0217835$ & $0.0557911$ & $-0.0228098$ & $0.925181$ & $-0.107742$ & $-0.0768928$ & $0.117966$ & $0.0604195$ & $-0.306054$ & $-0.472497$ & $0.0578821$ & $0.00120957$ & $0.0543274$ & $0.119892$ & $0.0889198$ & $0.0528585$ & $-0.0334139$ & $-0.0270592$ & $-0.0516081$ & $0.0153073$ & $0.0867339$ & $0.0734502$ & $0.00165278$ & $-0.0857811$ & $-0.0170125$ & $-0.0332691$ & $-0.06091$ & $0.00170529$ & $1$ & $-0.0395133$ & $-0.0803594$ & $0.0359322$ & $0.0466604$ & $0.0568697$ & $-0.0671383$ & $0.0895209$ & $-0.021109$ & $-0.00815789$ & $-0.0378533$ & $0.0864312$ & $0.117682$ & $-0.059623$ & $-0.0217832$ & $-0.0338082$ & $0.0488793$ & $-0.0176488$ \\
CdH_33r & $0.0808139$ & $-0.102167$ & $0.138845$ & $0.0334954$ & $-0.0583599$ & $0.00441221$ & $-0.279287$ & $0.0705695$ & $0.0926796$ & $-0.128829$ & $-0.018501$ & $0.466235$ & $0.424498$ & $-0.117083$ & $-0.0493785$ & $-0.0201361$ & $-0.129939$ & $-0.0576688$ & $-0.0866277$ & $0.0231353$ & $0.00491332$ & $0.000683933$ & $0.00897072$ & $-0.0719087$ & $-0.0805597$ & $0.0154805$ & $0.107864$ & $0.032212$ & $0.0892664$ & $0.72573$ & $0.431917$ & $-0.0395133$ & $1$ & $0.0729576$ & $-0.0923753$ & $-0.0859068$ & $-0.177571$ & $-0.0339955$ & $-0.138772$ & $0.0380237$ & $0.0494937$ & $0.00875129$ & $0.0411816$ & $-0.204413$ & $0.0684699$ & $0.154998$ & $0.0592635$ & $0.17081$ & $0.224236$ \\
CLL_1221 & $0.0488952$ & $-0.0510583$ & $0.163715$ & $0.0804653$ & $0.0246249$ & $-0.132828$ & $-0.0768072$ & $0.60835$ & $0.597985$ & $-0.313565$ & $-0.49013$ & $-0.0998994$ & $0.088165$ & $-0.16734$ & $-0.457049$ & $-0.118878$ & $-0.251393$ & $0.16656$ & $-0.187395$ & $0.38959$ & $0.35831$ & $0.364629$ & $-0.0301061$ & $-0.412777$ & $-0.194521$ & $-0.0881663$ & $0.457068$ & $0.07155$ & $-0.0228254$ & $0.0323096$ & $0.0233293$ & $-0.0803594$ & $0.0729576$ & $1$ & $0.0211626$ & $0.0555928$ & $-0.0809585$ & $0.0307654$ & $-0.190319$ & $-0.0066313$ & $-0.0453604$ & $0.0604887$ & $-0.083025$ & $-0.0723018$ & $0.104482$ & $0.00909336$ & $0.038634$ & $0.0598811$ & $0.079408$ \\
eHggint & $0.172182$ & $0.155465$ & $-0.117223$ & $0.0123295$ & $-0.0326694$ & $0.0566431$ & $0.0346416$ & $-0.113506$ & $-0.122536$ & $0.067477$ & $0.0954229$ & $-0.000240628$ & $-0.0587204$ & $0.0205705$ & $-0.132952$ & $-0.0760599$ & $0.0713535$ & $0.14275$ & $0.117892$ & $-0.0933413$ & $-0.0427531$ & $-0.0480701$ & $-0.00238851$ & $0.0604871$ & $0.116993$ & $0.0201714$ & $0.0574614$ & $-0.0731201$ & $0.0147895$ & $-0.0678082$ & $-0.0209282$ & $0.0359322$ & $-0.0923753$ & $0.0211626$ & $1$ & $-0.174431$ & $0.262797$ & $0.244201$ & $0.0995161$ & $0.00308858$ & $-0.479651$ & $0.257512$ & $-0.128416$ & $0.0420929$ & $-0.000298393$ & $-0.156756$ & $0.0418482$ & $0.0517009$ & $-0.00830747$ \\
eHggpar & $0.181603$ & $-0.0663501$ & $-0.106982$ & $0.0509867$ & $0.0116595$ & $0.0118534$ & $0.0534009$ & $0.101815$ & $0.0940375$ & $-0.042203$ & $-0.0902346$ & $-0.149653$ & $-0.141509$ & $-0.000605304$ & $0.0236157$ & $-0.00337488$ & $-0.0525468$ & $-0.0635625$ & $-0.0491824$ & $0.0702056$ & $0.0779823$ & $0.0620537$ & $-0.0490492$ & $-0.0774625$ & $-0.107558$ & $0.0443005$ & $-0.0167862$ & $0.0236333$ & $-0.0107376$ & $-0.0651884$ & $-0.0821072$ & $0.0466604$ & $-0.0859068$ & $0.0555928$ & $-0.174431$ & $1$ & $-0.255307$ & $-0.127529$ & $-0.0338163$ & $-0.0151161$ & $-0.0548813$ & $0.287829$ & $-0.269568$ & $0.326481$ & $0.103413$ & $-0.167141$ & $-0.0553019$ & $0.107721$ & $-0.259273$ \\
eHWWint & $-0.21153$ & $0.207246$ & $0.0598777$ & $-0.274599$ & $0.0256183$ & $0.0600609$ & $0.0759368$ & $-0.100532$ & $-0.106377$ & $0.070873$ & $0.0819566$ & $0.0223517$ & $-0.0243019$ & $0.0591174$ & $0.0174087$ & $0.0423461$ & $0.0627807$ & $0.0329629$ & $0.0370226$ & $-0.0760792$ & $-0.0880864$ & $-0.081209$ & $-0.0445961$ & $0.0812886$ & $0.0289734$ & $-0.0411082$ & $-0.212296$ & $0.0151659$ & $0.0264732$ & $-0.0719676$ & $-0.0182521$ & $0.0568697$ & $-0.177571$ & $-0.0809585$ & $0.262797$ & $-0.255307$ & $1$ & $0.164823$ & $0.114293$ & $-0.135434$ & $0.0547396$ & $-0.118279$ & $-0.109487$ & $0.0763432$ & $0.0347071$ & $0.0501598$ & $0.168108$ & $-0.39936$ & $-0.176191$ \\
eHWWpar & $-0.0370047$ & $0.214169$ & $0.0488896$ & $-0.12309$ & $0.0504795$ & $-0.0109881$ & $-0.0697889$ & $-0.0655148$ & $-0.0732328$ & $0.0446461$ & $0.0561461$ & $0.11978$ & $0.112845$ & $0.0220458$ & $-0.0951596$ & $-0.0942011$ & $0.0520483$ & $0.0835615$ & $0.114094$ & $-0.0630175$ & $-0.0243812$ & $-0.0245656$ & $0.0104123$ & $0.0474025$ & $0.104668$ & $-0.0177947$ & $0.0965311$ & $-0.048485$ & $0.00741944$ & $0.0130614$ & $-0.0190422$ & $-0.0671383$ & $-0.0339955$ & $0.0307654$ & $0.244201$ & $-0.127529$ & $0.164823$ & $1$ & $0.0111882$ & $-0.11332$ & $-0.176889$ & $0.0734884$ & $-0.155816$ & $0.038137$ & $-0.163062$ & $-0.454423$ & $-0.0725372$ & $-0.119885$ & $-0.158523$ \\
eHZZint & $-0.172774$ & $-0.138412$ & $-0.382742$ & $0.336669$ & $0.0409287$ & $0.00735581$ & $0.118227$ & $-0.113683$ & $-0.113836$ & $0.0971747$ & $0.0719896$ & $-0.116008$ & $-0.167631$ & $0.110837$ & $0.135482$ & $0.163394$ & $0.110573$ & $0.00290587$ & $-0.00510164$ & $-0.0872992$ & $-0.0856103$ & $-0.14138$ & $-0.0404633$ & $0.125112$ & $0.00415293$ & $-0.0196969$ & $-0.345638$ & $-0.0442554$ & $-0.0265351$ & $-0.135569$ & $-0.112878$ & $0.0895209$ & $-0.138772$ & $-0.190319$ & $0.0995161$ & $-0.0338163$ & $0.114293$ & $0.0111882$ & $1$ & $-0.115087$ & $-0.176435$ & $-0.0295211$ & $0.154711$ & $0.387384$ & $-0.191799$ & $-0.129252$ & $-0.301787$ & $0.0100336$ & $0.150986$ \\
eHZZpar & $-0.0745532$ & $-0.258535$ & $0.0144779$ & $-0.0524572$ & $-0.137083$ & $0.00988691$ & $-0.018327$ & $0.0981369$ & $0.100505$ & $-0.0562713$ & $-0.0857439$ & $-0.0154567$ & $0.0530614$ & $-0.0248893$ & $0.0852433$ & $0.0712569$ & $-0.0622314$ & $-0.105126$ & $-0.113832$ & $0.0686384$ & $0.0292417$ & $0.0579228$ & $0.0500209$ & $-0.09179$ & $-0.105888$ & $-0.049939$ & $-0.0562788$ & $-0.0901046$ & $0.00260246$ & $-0.0106848$ & $-0.0107998$ & $-0.021109$ & $0.0380237$ & $-0.0066313$ & $0.00308858$ & $-0.0151161$ & $-0.135434$ & $-0.11332$ & $-0.115087$ & $1$ & $-0.0737941$ & $-0.042966$ & $0.210716$ & $-0.242393$ & $0.193465$ & $0.194081$ & $0.0095379$ & $0.226557$ & $0.256447$ \\
eHZgaint & $-0.00693997$ & $-0.12882$ & $0.353848$ & $-0.49637$ & $0.0368797$ & $-0.0440357$ & $-0.00917812$ & $0.0129221$ & $0.0231078$ & $-0.0504143$ & $0.00173334$ & $0.0371687$ & $0.045892$ & $-0.0443863$ & $0.053972$ & $0.0439473$ & $-0.0363701$ & $-0.0570725$ & $-0.0595453$ & $0.0110738$ & $-0.000128705$ & $-0.026768$ & $-0.0242439$ & $-0.0287909$ & $-0.0417873$ & $-0.0106401$ & $-0.0436444$ & $0.0182068$ & $0.00431846$ & $0.0483537$ & $0.076926$ & $-0.00815789$ & $0.0494937$ & $-0.0453604$ & $-0.479651$ & $-0.0548813$ & $0.0547396$ & $-0.176889$ & $-0.176435$ & $-0.0737941$ & $1$ & $-0.318434$ & $0.224567$ & $-0.220267$ & $0.122997$ & $0.200359$ & $0.182267$ & $0.0013416$ & $-0.0552938$ \\
eHZgapar & $0.373923$ & $0.364006$ & $-0.276895$ & $-0.0268308$ & $0.00505535$ & $0.0295653$ & $-0.0464571$ & $-0.0318445$ & $-0.0422698$ & $0.00348467$ & $0.0473729$ & $0.0558455$ & $0.0450724$ & $-0.0253639$ & $-0.0889884$ & $-0.0810298$ & $-0.0262654$ & $0.0354343$ & $0.044153$ & $-0.0312986$ & $0.00462333$ & $0.0248121$ & $0.0886209$ & $-0.0206435$ & $0.00839795$ & $-0.00694057$ & $0.115945$ & $0.00505976$ & $0.00868195$ & $-0.00165642$ & $-0.00825517$ & $-0.0378533$ & $0.00875129$ & $0.0604887$ & $0.257512$ & $0.287829$ & $-0.118279$ & $0.0734884$ & $-0.0295211$ & $-0.042966$ & $-0.318434$ & $1$ & $-0.366776$ & $0.453856$ & $-0.0347256$ & $-0.314486$ & $0.00207807$ & $0.214762$ & $-0.105229$ \\
eHgagaint & $-0.116768$ & $-0.156042$ & $0.0315949$ & $-0.1219$ & $-0.0491354$ & $-0.0249374$ & $0.0890858$ & $0.00160872$ & $0.0281913$ & $0.0264666$ & $-0.0176448$ & $-0.013705$ & $-0.0147499$ & $0.0284693$ & $0.124639$ & $0.152832$ & $0.0318106$ & $-0.0509717$ & $-0.0923543$ & $0.00660484$ & $-0.0329777$ & $-0.0328275$ & $0.04209$ & $0.028788$ & $-0.0749987$ & $-0.113178$ & $-0.277028$ & $-0.0667841$ & $-0.0214942$ & $-0.00652204$ & $-0.0226399$ & $0.0864312$ & $0.0411816$ & $-0.083025$ & $-0.128416$ & $-0.269568$ & $-0.109487$ & $-0.155816$ & $0.154711$ & $0.210716$ & $0.224567$ & $-0.366776$ & $1$ & $-0.313588$ & $0.0557837$ & $0.302206$ & $-0.235984$ & $0.172821$ & $0.223691$ \\
eHmumuint & $0.139006$ & $0.367874$ & $-0.38676$ & $0.0892395$ & $0.0285246$ & $0.00910489$ & $0.150384$ & $-0.135155$ & $-0.14379$ & $0.13811$ & $0.0826264$ & $-0.226206$ & $-0.317518$ & $0.109723$ & $0.0096573$ & $0.0509275$ & $0.137505$ & $0.090365$ & $0.0959908$ & $-0.0918669$ & $-0.071006$ & $-0.0816312$ & $0.0175324$ & $0.0933392$ & $0.0781679$ & $-0.0193425$ & $-0.166206$ & $0.0179469$ & $-0.0413673$ & $-0.161442$ & $-0.144978$ & $0.117682$ & $-0.204413$ & $-0.0723018$ & $0.0420929$ & $0.326481$ & $0.0763432$ & $0.038137$ & $0.387384$ & $-0.242393$ & $-0.220267$ & $0.453856$ & $-0.313588$ & $1$ & $-0.106145$ & $-0.316695$ & $-0.375351$ & $0.0820122$ & $-0.153013$ \\
eHtautauint & $0.138601$ & $-0.119193$ & $0.141961$ & $-0.0384991$ & $-0.0381818$ & $-0.000464414$ & $-0.0691656$ & $0.0683936$ & $0.0679438$ & $-0.0875038$ & $-0.0391408$ & $0.085866$ & $0.126482$ & $-0.0744416$ & $-0.0843969$ & $-0.069084$ & $-0.0553642$ & $-0.0019525$ & $-0.0204554$ & $0.0313158$ & $0.0624106$ & $0.0604993$ & $-0.019013$ & $-0.112288$ & $-0.0352996$ & $0.0576838$ & $0.142642$ & $-0.0212933$ & $-0.0153709$ & $0.067793$ & $0.0531625$ & $-0.059623$ & $0.0684699$ & $0.104482$ & $-0.000298393$ & $0.103413$ & $0.0347071$ & $-0.163062$ & $-0.191799$ & $0.193465$ & $0.122997$ & $-0.0347256$ & $0.0557837$ & $-0.106145$ & $1$ & $0.20401$ & $0.0466707$ & $0.0666551$ & $0.154555$ \\
eHccint & $-0.0609314$ & $-0.152252$ & $0.233647$ & $0.02269$ & $-0.0536437$ & $-0.00435992$ & $-0.03528$ & $0.10113$ & $0.108848$ & $-0.0601513$ & $-0.0850628$ & $0.0454412$ & $0.10467$ & $-0.030439$ & $0.0891874$ & $0.0830111$ & $-0.0756435$ & $-0.100249$ & $-0.122701$ & $0.0806559$ & $0.0291647$ & $0.0380523$ & $0.0296038$ & $-0.0649198$ & $-0.112003$ & $-0.0556244$ & $-0.0569651$ & $0.0319736$ & $0.0275999$ & $0.0567696$ & $0.0905153$ & $-0.0217832$ & $0.154998$ & $0.00909336$ & $-0.156756$ & $-0.167141$ & $0.0501598$ & $-0.454423$ & $-0.129252$ & $0.194081$ & $0.200359$ & $-0.314486$ & $0.302206$ & $-0.316695$ & $0.20401$ & $1$ & $0.0482505$ & $0.18918$ & $0.448869$ \\
eHccpar & $-0.0237943$ & $-0.160403$ & $0.306368$ & $-0.270914$ & $-0.102797$ & $0.0316673$ & $-0.053841$ & $0.0274964$ & $0.0223703$ & $-0.0421923$ & $-0.00660881$ & $0.0917986$ & $0.117564$ & $-0.047834$ & $-0.0560541$ & $-0.12468$ & $-0.055279$ & $0.000410469$ & $0.0357131$ & $0.00890877$ & $0.00599174$ & $0.0383997$ & $-0.0676429$ & $-0.0379034$ & $0.00822904$ & $0.0682756$ & $0.122469$ & $0.0213436$ & $0.0442656$ & $0.0593424$ & $0.178224$ & $-0.0338082$ & $0.0592635$ & $0.038634$ & $0.0418482$ & $-0.0553019$ & $0.168108$ & $-0.0725372$ & $-0.301787$ & $0.0095379$ & $0.182267$ & $0.00207807$ & $-0.235984$ & $-0.375351$ & $0.0466707$ & $0.0482505$ & $1$ & $-0.00519614$ & $-0.0542434$ \\
eHbbint & $0.256005$ & $-0.176882$ & $0.15271$ & $0.0474466$ & $-0.0898609$ & $-0.0318549$ & $0.0300271$ & $0.054698$ & $0.061021$ & $-0.0666577$ & $-0.03099$ & $-0.052814$ & $-0.042634$ & $-0.0668687$ & $-0.0261664$ & $0.0371722$ & $-0.0625228$ & $-0.0134712$ & $-0.0808723$ & $0.0307534$ & $0.0111819$ & $0.00926723$ & $0.0585307$ & $-0.0575119$ & $-0.0619925$ & $-0.0327644$ & $0.0513201$ & $-0.0309544$ & $-0.00487567$ & $0.00980602$ & $0.0393774$ & $0.0488793$ & $0.17081$ & $0.0598811$ & $0.0517009$ & $0.107721$ & $-0.39936$ & $-0.119885$ & $0.0100336$ & $0.226557$ & $0.0013416$ & $0.214762$ & $0.172821$ & $0.0820122$ & $0.0666551$ & $0.18918$ & $-0.00519614$ & $1$ & $0.355478$ \\
eHbbpar & $0.14448$ & $-0.318778$ & $0.233144$ & $0.223647$ & $-0.0311965$ & $-0.0362169$ & $-0.023381$ & $0.0823426$ & $0.086081$ & $-0.0811526$ & $-0.0599369$ & $-0.0365629$ & $-0.007027$ & $-0.0509742$ & $-0.0533707$ & $-0.0428273$ & $-0.0581976$ & $-0.00431802$ & $-0.0349683$ & $0.0483128$ & $0.0444178$ & $0.0426721$ & $0.0429766$ & $-0.0466201$ & $-0.0169344$ & $0.0183673$ & $0.170241$ & $0.0130184$ & $-0.000806945$ & $0.0103494$ & $0.0340171$ & $-0.0176488$ & $0.224236$ & $0.079408$ & $-0.00830747$ & $-0.259273$ & $-0.176191$ & $-0.158523$ & $0.150986$ & $0.256447$ & $-0.0552938$ & $-0.105229$ & $0.223691$ & $-0.153013$ & $0.154555$ & $0.448869$ & $-0.0542434$ & $0.355478$ & $1$ \\
