 & AlsMz & dAle5Mz & mtop & mHl & Mz & CW & CHG & CHWB & CHWHB_gaga & CHWHB_gagaorth & CHD & CHbox & CH & CHL1_11 & CHL1_22 & CHL1_33 & CHL3_11 & CHL3_22 & CHL3_33 & CHe_11 & CHe_22 & CHe_33 & CHQ1_11 & CHQ1_33 & CHQ3_11 & CHu_11 & CHd_11 & CHd_33 & CeH_22r & CeH_33r & CuH_22r & CuH_33r & CdH_33r & CLL_1221 & eHggint & eHggpar & eHWWint & eHWWpar & eHZZint & eHZZpar & eHZgaint & eHZgapar & eHgagaint & eHmumuint & eHtautauint & eHccint & eHccpar & eHbbint & eHbbpar \\
AlsMz & $1$ & $-0.0430447$ & $-0.0488845$ & $0.0845376$ & $0.0137863$ & $0.0194474$ & $-0.0441004$ & $0.0522487$ & $0.0543176$ & $-0.0444962$ & $-0.0806732$ & $0.0460174$ & $0.0514318$ & $0.0748495$ & $0.0245213$ & $0.0232738$ & $0.0365302$ & $0.0378233$ & $0.0328527$ & $0.0722209$ & $0.0724515$ & $0.0768963$ & $-0.0126155$ & $-0.0441921$ & $-0.0712963$ & $-0.0869711$ & $-0.0171904$ & $0.0390058$ & $0.0365909$ & $0.0409489$ & $0.014483$ & $-0.0521355$ & $0.0458177$ & $0.0248786$ & $-0.0395609$ & $-0.066918$ & $-0.0431036$ & $0.0151719$ & $-0.0251408$ & $-0.00273117$ & $0.0670129$ & $-0.00777977$ & $-0.040359$ & $-0.0287117$ & $0.0839285$ & $-0.0423956$ & $-0.00509952$ & $-0.00637787$ & $0.0213636$ \\
dAle5Mz & $-0.0430447$ & $1$ & $0.0292972$ & $0.0414739$ & $-0.00899002$ & $0.0247813$ & $-0.0197604$ & $-0.0688072$ & $-0.06741$ & $0.0160817$ & $0.0578036$ & $0.0440801$ & $0.0371496$ & $-0.0312276$ & $-0.0218348$ & $-0.0353526$ & $0.0115632$ & $0.00613992$ & $0.0206046$ & $-0.0376902$ & $-0.0353773$ & $-0.0296227$ & $0.00769116$ & $0.0108981$ & $0.019143$ & $0.019428$ & $-0.000524847$ & $-0.011923$ & $0.011098$ & $0.0470032$ & $0.0458556$ & $0.00532789$ & $0.0714877$ & $0.0186799$ & $0.0329354$ & $0.00385739$ & $-0.0544561$ & $0.00656775$ & $-0.0880936$ & $0.00296274$ & $0.0392737$ & $0.0296536$ & $0.0434926$ & $0.0341454$ & $-0.0662293$ & $-0.0287594$ & $0.0664714$ & $-0.00111965$ & $0.0425193$ \\
mtop & $-0.0488845$ & $0.0292972$ & $1$ & $0.0191237$ & $0.0165781$ & $-0.0290896$ & $0.0566501$ & $0.0149218$ & $0.0154481$ & $0.0161167$ & $-0.00928437$ & $-0.0227316$ & $-0.0465868$ & $-0.0246142$ & $0.0597684$ & $0.027781$ & $0.0185135$ & $-0.0350998$ & $-0.0107729$ & $0.0206576$ & $0.0166805$ & $0.0163162$ & $-0.0211711$ & $-0.00766157$ & $-0.00478625$ & $0.0107009$ & $-0.0100354$ & $-0.057116$ & $0.0237213$ & $-0.0430295$ & $-0.0483449$ & $0.0596128$ & $-0.015585$ & $-0.0190401$ & $-0.0333604$ & $-0.0348597$ & $-0.0140431$ & $-0.0282503$ & $-0.0175808$ & $-0.0136714$ & $-0.0413952$ & $-0.0424717$ & $0.0116486$ & $0.0566045$ & $-0.0659337$ & $-0.01886$ & $-0.00664815$ & $-0.0288324$ & $0.0290772$ \\
mHl & $0.0845376$ & $0.0414739$ & $0.0191237$ & $1$ & $-0.0144031$ & $-0.032732$ & $-0.0502951$ & $0.0185684$ & $0.0181276$ & $-0.00881267$ & $-0.0347441$ & $0.0288106$ & $0.0332236$ & $0.0212252$ & $0.0283393$ & $0.0474771$ & $0.0424416$ & $0.0188083$ & $0.00485967$ & $0.037835$ & $0.0340807$ & $0.0323933$ & $-0.0514883$ & $0.0137553$ & $0.0293545$ & $0.0207395$ & $0.0207919$ & $-8.14633e-05$ & $-0.00269226$ & $-0.00721593$ & $-0.0239327$ & $-0.0592632$ & $0.00802915$ & $0.00895552$ & $0.0539628$ & $-0.0295933$ & $0.00355309$ & $0.0216277$ & $-0.0219388$ & $0.0111087$ & $0.093914$ & $-0.0113226$ & $-0.0228583$ & $0.0025603$ & $0.0308411$ & $-0.0831213$ & $-0.00878529$ & $-0.0328408$ & $0.0318439$ \\
Mz & $0.0137863$ & $-0.00899002$ & $0.0165781$ & $-0.0144031$ & $1$ & $-0.00356383$ & $-0.032642$ & $0.0109789$ & $0.0128616$ & $-0.00599223$ & $-0.0168642$ & $0.0255921$ & $0.0245439$ & $0.0348173$ & $0.0379611$ & $0.0204233$ & $0.0181162$ & $0.00171167$ & $0.0128921$ & $0.0209754$ & $0.0196367$ & $0.0212938$ & $0.0346153$ & $0.00156512$ & $0.00989073$ & $-0.0507825$ & $-0.0173551$ & $-0.0164436$ & $0.00278191$ & $0.0168485$ & $-0.0099276$ & $-0.0381945$ & $0.0107806$ & $-0.0267334$ & $-0.031264$ & $0.0246844$ & $0.00764212$ & $0.00621494$ & $-0.020153$ & $-0.00776254$ & $0.0028866$ & $-0.0318967$ & $0.0249029$ & $0.037016$ & $0.0192249$ & $-0.0169385$ & $-0.0493031$ & $-0.0242223$ & $-0.0270392$ \\
CW & $0.0194474$ & $0.0247813$ & $-0.0290896$ & $-0.032732$ & $-0.00356383$ & $1$ & $0.0883814$ & $-0.0256276$ & $-0.0232838$ & $0.0156964$ & $0.145246$ & $-0.0470641$ & $-0.0691465$ & $-0.056697$ & $-0.0879435$ & $-0.078607$ & $-0.384529$ & $-0.18843$ & $-0.193251$ & $-0.142347$ & $-0.14739$ & $-0.141462$ & $-0.00132625$ & $-0.148898$ & $-0.225465$ & $0.0990421$ & $-0.0449797$ & $-0.0611342$ & $-0.0258144$ & $-0.0411081$ & $-0.0408604$ & $0.0902266$ & $-0.0746259$ & $-0.0729985$ & $-0.0125582$ & $-0.0223071$ & $0.00664226$ & $-0.0063012$ & $0.0868581$ & $-0.0163185$ & $-0.0298839$ & $-0.0285684$ & $-0.0183929$ & $-0.00667207$ & $0.0233949$ & $-0.0108193$ & $-0.0149707$ & $-0.0611759$ & $-0.0254522$ \\
CHG & $-0.0441004$ & $-0.0197604$ & $0.0566501$ & $-0.0502951$ & $-0.032642$ & $0.0883814$ & $1$ & $-0.0112024$ & $0.00880064$ & $0.164215$ & $0.0976085$ & $-0.716333$ & $-0.757681$ & $-0.150643$ & $-0.0519813$ & $-0.0364709$ & $-0.194753$ & $-0.148278$ & $-0.154043$ & $-0.0950309$ & $-0.0959289$ & $-0.0928474$ & $0.0239493$ & $-0.102089$ & $-0.153905$ & $0.0730681$ & $-0.00412475$ & $-0.0197121$ & $-0.159299$ & $-0.569212$ & $-0.352999$ & $0.960208$ & $-0.572012$ & $0.00469304$ & $-0.0921302$ & $-0.0483722$ & $-0.0030817$ & $-0.00715299$ & $0.097804$ & $0.0106272$ & $-0.0174049$ & $-0.0253317$ & $-0.00401264$ & $-0.0387511$ & $-0.034312$ & $0.0632409$ & $-0.0525767$ & $0.0224321$ & $0.0032946$ \\
CHWB & $0.0522487$ & $-0.0688072$ & $0.0149218$ & $0.0185684$ & $0.0109789$ & $-0.0256276$ & $-0.0112024$ & $1$ & $0.990436$ & $-0.611756$ & $-0.883234$ & $-0.0241071$ & $0.051651$ & $0.284971$ & $0.473932$ & $0.473811$ & $-0.258989$ & $-0.429054$ & $-0.436052$ & $0.869964$ & $0.895171$ & $0.88778$ & $0.0133477$ & $-0.667322$ & $-0.411483$ & $-0.611257$ & $0.42021$ & $0.426708$ & $0.00592$ & $0.0539011$ & $0.0278761$ & $-0.0219875$ & $0.0419903$ & $0.56152$ & $0.0148486$ & $-0.0389325$ & $-0.0440115$ & $0.0511997$ & $0.0379956$ & $-0.0175163$ & $0.00277934$ & $-0.00535767$ & $-0.0205548$ & $0.00283746$ & $0.0212336$ & $-0.0193675$ & $0.0366387$ & $-0.0299376$ & $0.0167183$ \\
CHWHB_gaga & $0.0543176$ & $-0.06741$ & $0.0154481$ & $0.0181276$ & $0.0128616$ & $-0.0232838$ & $0.00880064$ & $0.990436$ & $1$ & $-0.609217$ & $-0.871585$ & $-0.0167394$ & $0.0574055$ & $0.276792$ & $0.468089$ & $0.467904$ & $-0.263342$ & $-0.430977$ & $-0.437991$ & $0.858547$ & $0.883584$ & $0.876197$ & $0.0215698$ & $-0.665876$ & $-0.412106$ & $-0.608983$ & $0.418154$ & $0.419327$ & $0.0116681$ & $0.0723551$ & $0.0356802$ & $-0.0030169$ & $0.0616551$ & $0.556294$ & $-0.00124873$ & $-0.0417767$ & $-0.0540763$ & $0.0496284$ & $0.0400163$ & $-0.0171169$ & $0.000351638$ & $-0.00204277$ & $0.0371023$ & $0.00775635$ & $0.0207238$ & $-0.0205541$ & $0.028127$ & $-0.0277312$ & $0.0193872$ \\
CHWHB_gagaorth & $-0.0444962$ & $0.0160817$ & $0.0161167$ & $-0.00881267$ & $-0.00599223$ & $0.0156964$ & $0.164215$ & $-0.611756$ & $-0.609217$ & $1$ & $0.537426$ & $-0.068951$ & $-0.226996$ & $-0.159759$ & $-0.304079$ & $-0.28945$ & $0.161115$ & $0.279375$ & $0.275093$ & $-0.530812$ & $-0.545214$ & $-0.537806$ & $-0.00384327$ & $0.419123$ & $0.253329$ & $0.370965$ & $-0.262281$ & $-0.243305$ & $-0.042898$ & $-0.217913$ & $-0.1422$ & $0.174932$ & $-0.211946$ & $-0.335394$ & $0.0267179$ & $0.0356916$ & $0.0313924$ & $-0.0647863$ & $-0.023658$ & $0.0126795$ & $-0.0402313$ & $-0.00245991$ & $-0.0133706$ & $-0.0271$ & $-0.0359618$ & $0.0256113$ & $-0.0525307$ & $0.0435036$ & $-0.00492093$ \\
CHD & $-0.0806732$ & $0.0578036$ & $-0.00928437$ & $-0.0347441$ & $-0.0168642$ & $0.145246$ & $0.0976085$ & $-0.883234$ & $-0.871585$ & $0.537426$ & $1$ & $-0.0414422$ & $-0.144142$ & $-0.661845$ & $-0.580764$ & $-0.567428$ & $-0.196706$ & $0.0213008$ & $0.0298085$ & $-0.995434$ & $-0.995223$ & $-0.984563$ & $0.0396719$ & $0.283148$ & $-0.00261778$ & $0.689022$ & $-0.295876$ & $-0.460701$ & $-0.0300886$ & $-0.12457$ & $-0.084101$ & $0.113772$ & $-0.117152$ & $-0.369294$ & $0.00257599$ & $0.0243373$ & $0.0231275$ & $-0.04427$ & $-0.00945543$ & $0.0149722$ & $-0.0243473$ & $0.00699352$ & $0.0202093$ & $0.00510055$ & $-0.0310298$ & $0.0298725$ & $-0.0320383$ & $0.0263341$ & $-0.0117695$ \\
CHbox & $0.0460174$ & $0.0440801$ & $-0.0227316$ & $0.0288106$ & $0.0255921$ & $-0.0470641$ & $-0.716333$ & $-0.0241071$ & $-0.0167394$ & $-0.068951$ & $-0.0414422$ & $1$ & $0.949001$ & $0.0955415$ & $0.0271751$ & $0.0223064$ & $0.143303$ & $0.11434$ & $0.115903$ & $0.0413977$ & $0.0394542$ & $0.0387391$ & $-0.0271906$ & $0.0905173$ & $0.128508$ & $-0.0336288$ & $-0.00416958$ & $0.00405822$ & $0.193385$ & $0.706814$ & $0.431625$ & $-0.626687$ & $0.68947$ & $-0.0268487$ & $0.111314$ & $0.0809104$ & $0.0323584$ & $1.51572e-05$ & $-0.100309$ & $-0.00423917$ & $0.015295$ & $0.0229399$ & $-0.0186794$ & $0.0457857$ & $0.00378655$ & $-0.0391769$ & $0.0562035$ & $-0.00410919$ & $-0.0422726$ \\
CH & $0.0514318$ & $0.0371496$ & $-0.0465868$ & $0.0332236$ & $0.0245439$ & $-0.0691465$ & $-0.757681$ & $0.051651$ & $0.0574055$ & $-0.226996$ & $-0.144142$ & $0.949001$ & $1$ & $0.184319$ & $0.0686258$ & $0.0612132$ & $0.199766$ & $0.151074$ & $0.151427$ & $0.140338$ & $0.142957$ & $0.139272$ & $-0.0360111$ & $0.0849553$ & $0.165886$ & $-0.0982092$ & $0.0354596$ & $0.056947$ & $0.198101$ & $0.720719$ & $0.444983$ & $-0.67769$ & $0.712942$ & $0.0164293$ & $0.0941156$ & $0.0767186$ & $0.0277652$ & $0.0146072$ & $-0.0992759$ & $-0.0162455$ & $0.0318746$ & $0.0318889$ & $-0.00938083$ & $0.0528946$ & $0.021243$ & $-0.0622772$ & $0.0506508$ & $0.000922788$ & $-0.0210401$ \\
CHL1_11 & $0.0748495$ & $-0.0312276$ & $-0.0246142$ & $0.0212252$ & $0.0348173$ & $-0.056697$ & $-0.150643$ & $0.284971$ & $0.276792$ & $-0.159759$ & $-0.661845$ & $0.0955415$ & $0.184319$ & $1$ & $0.415166$ & $0.383815$ & $0.611647$ & $0.567243$ & $0.563358$ & $0.670487$ & $0.634925$ & $0.622119$ & $-0.10175$ & $0.389548$ & $0.560181$ & $-0.45644$ & $-0.0448969$ & $0.272396$ & $0.0483912$ & $0.148463$ & $0.113854$ & $-0.170572$ & $0.143851$ & $-0.146288$ & $-0.0436779$ & $0.00184094$ & $0.0200104$ & $0.0178467$ & $-0.0132806$ & $0.00558042$ & $0.0158301$ & $-0.0126044$ & $-0.0103889$ & $-0.0352132$ & $0.0359401$ & $-0.034714$ & $0.0138766$ & $-0.0308934$ & $-0.00122606$ \\
CHL1_22 & $0.0245213$ & $-0.0218348$ & $0.0597684$ & $0.0283393$ & $0.0379611$ & $-0.0879435$ & $-0.0519813$ & $0.473932$ & $0.468089$ & $-0.304079$ & $-0.580764$ & $0.0271751$ & $0.0686258$ & $0.415166$ & $1$ & $0.555758$ & $0.13796$ & $-0.324892$ & $-0.0446038$ & $0.61859$ & $0.526954$ & $0.521331$ & $-0.177896$ & $-0.0121559$ & $-0.0964355$ & $-0.365335$ & $-0.275607$ & $0.239478$ & $0.0149282$ & $0.0857098$ & $0.0611619$ & $-0.0621126$ & $0.0615617$ & $-0.421782$ & $0.00502713$ & $-0.00483253$ & $-0.00190485$ & $0.00061597$ & $-0.0145915$ & $-0.00389309$ & $-0.00891246$ & $0.00107228$ & $-0.0320402$ & $0.0118078$ & $0.0203612$ & $-0.0408383$ & $0.0388386$ & $-0.0677791$ & $-0.00330134$ \\
CHL1_33 & $0.0232738$ & $-0.0353526$ & $0.027781$ & $0.0474771$ & $0.0204233$ & $-0.078607$ & $-0.0364709$ & $0.473811$ & $0.467904$ & $-0.28945$ & $-0.567428$ & $0.0223064$ & $0.0612132$ & $0.383815$ & $0.555758$ & $1$ & $0.115521$ & $-0.0550823$ & $-0.345842$ & $0.6073$ & $0.515412$ & $0.526606$ & $-0.176948$ & $-0.0250006$ & $-0.122937$ & $-0.354804$ & $-0.277946$ & $0.230097$ & $0.0196047$ & $0.0514748$ & $0.0623619$ & $-0.042193$ & $0.0272137$ & $0.000830865$ & $0.0376702$ & $-0.00255267$ & $-0.0362086$ & $0.0167572$ & $0.00865997$ & $-0.0168805$ & $0.0117652$ & $-0.00200797$ & $0.0278002$ & $0.0312249$ & $-0.0243462$ & $-0.0176548$ & $0.0385379$ & $-0.0490365$ & $-0.0475594$ \\
CHL3_11 & $0.0365302$ & $0.0115632$ & $0.0185135$ & $0.0424416$ & $0.0181162$ & $-0.384529$ & $-0.194753$ & $-0.258989$ & $-0.263342$ & $0.161115$ & $-0.196706$ & $0.143303$ & $0.199766$ & $0.611647$ & $0.13796$ & $0.115521$ & $1$ & $0.829874$ & $0.827638$ & $0.204024$ & $0.175663$ & $0.170944$ & $-0.0725668$ & $0.74962$ & $0.856101$ & $-0.131046$ & $-0.163354$ & $0.0614762$ & $0.0462853$ & $0.146962$ & $0.109695$ & $-0.202071$ & $0.165767$ & $-0.262854$ & $-0.0215168$ & $0.0341623$ & $0.0400309$ & $-0.0135678$ & $-0.06585$ & $0.000762181$ & $0.0587232$ & $-0.00105589$ & $0.00695864$ & $0.00101541$ & $0.0187332$ & $-0.0204634$ & $-0.0233197$ & $0.0294257$ & $-0.00815201$ \\
CHL3_22 & $0.0378233$ & $0.00613992$ & $-0.0350998$ & $0.0188083$ & $0.00171167$ & $-0.18843$ & $-0.148278$ & $-0.429054$ & $-0.430977$ & $0.279375$ & $0.0213008$ & $0.11434$ & $0.151074$ & $0.567243$ & $-0.324892$ & $-0.0550823$ & $0.829874$ & $1$ & $0.805837$ & $-0.0237351$ & $-0.0247624$ & $-0.0278905$ & $-0.0100994$ & $0.746374$ & $0.868894$ & $0.000337651$ & $-0.0757457$ & $-0.0343189$ & $0.0432021$ & $0.0957436$ & $0.0815036$ & $-0.154911$ & $0.116616$ & $-0.0983847$ & $-0.0371647$ & $0.0305782$ & $0.0403981$ & $-0.00827726$ & $-0.0417907$ & $0.00547661$ & $0.0476828$ & $-0.00481298$ & $0.0218144$ & $-0.0225117$ & $0.00838336$ & $0.000150532$ & $-0.0261896$ & $0.0400502$ & $-0.00998098$ \\
CHL3_33 & $0.0328527$ & $0.0206046$ & $-0.0107729$ & $0.00485967$ & $0.0128921$ & $-0.193251$ & $-0.154043$ & $-0.436052$ & $-0.437991$ & $0.275093$ & $0.0298085$ & $0.115903$ & $0.151427$ & $0.563358$ & $-0.0446038$ & $-0.345842$ & $0.827638$ & $0.805837$ & $1$ & $-0.0341846$ & $-0.032651$ & $-0.0348291$ & $-0.0033588$ & $0.742286$ & $0.875948$ & $0.00574002$ & $-0.0647343$ & $-0.0325048$ & $0.0373534$ & $0.112949$ & $0.0772324$ & $-0.162024$ & $0.135479$ & $-0.373827$ & $-0.0575418$ & $0.0326121$ & $0.0647289$ & $-0.0163849$ & $-0.0574772$ & $0.0146819$ & $0.0271139$ & $-0.00513279$ & $-0.0163866$ & $-0.0302852$ & $0.0400237$ & $-0.0111131$ & $-0.0329604$ & $0.0301626$ & $0.0196797$ \\
CHe_11 & $0.0722209$ & $-0.0376902$ & $0.0206576$ & $0.037835$ & $0.0209754$ & $-0.142347$ & $-0.0950309$ & $0.869964$ & $0.858547$ & $-0.530812$ & $-0.995434$ & $0.0413977$ & $0.140338$ & $0.670487$ & $0.61859$ & $0.6073$ & $0.204024$ & $-0.0237351$ & $-0.0341846$ & $1$ & $0.986691$ & $0.97634$ & $-0.0535439$ & $-0.254929$ & $0.0054242$ & $-0.685061$ & $0.248904$ & $0.456322$ & $0.033827$ & $0.12428$ & $0.086799$ & $-0.110229$ & $0.115158$ & $0.32038$ & $-0.0022316$ & $-0.0216643$ & $-0.0194017$ & $0.0425593$ & $0.00650202$ & $-0.0160882$ & $0.0220633$ & $-0.00481983$ & $-0.018316$ & $-0.00239609$ & $0.0281321$ & $-0.0307903$ & $0.0383333$ & $-0.0296193$ & $0.00988505$ \\
CHe_22 & $0.0724515$ & $-0.0353773$ & $0.0166805$ & $0.0340807$ & $0.0196367$ & $-0.14739$ & $-0.0959289$ & $0.895171$ & $0.883584$ & $-0.545214$ & $-0.995223$ & $0.0394542$ & $0.142957$ & $0.634925$ & $0.526954$ & $0.515412$ & $0.175663$ & $-0.0247624$ & $-0.032651$ & $0.986691$ & $1$ & $0.987374$ & $-0.0180217$ & $-0.321202$ & $-0.00602255$ & $-0.691055$ & $0.355352$ & $0.464046$ & $0.0297241$ & $0.12379$ & $0.081329$ & $-0.110633$ & $0.119173$ & $0.432781$ & $-0.00305613$ & $-0.0239054$ & $-0.0245666$ & $0.0478127$ & $0.0109559$ & $-0.0146438$ & $0.0229818$ & $-0.00641848$ & $-0.0175749$ & $-0.00482852$ & $0.0302723$ & $-0.0280474$ & $0.0311744$ & $-0.021086$ & $0.0167929$ \\
CHe_33 & $0.0768963$ & $-0.0296227$ & $0.0163162$ & $0.0323933$ & $0.0212938$ & $-0.141462$ & $-0.0928474$ & $0.88778$ & $0.876197$ & $-0.537806$ & $-0.984563$ & $0.0387391$ & $0.139272$ & $0.622119$ & $0.521331$ & $0.526606$ & $0.170944$ & $-0.0278905$ & $-0.0348291$ & $0.97634$ & $0.987374$ & $1$ & $-0.0178835$ & $-0.322945$ & $-0.00861742$ & $-0.680182$ & $0.355544$ & $0.457643$ & $0.0309679$ & $0.115938$ & $0.0792408$ & $-0.108116$ & $0.11327$ & $0.433634$ & $-0.0015909$ & $-0.0233262$ & $-0.0254648$ & $0.0498808$ & $0.00790619$ & $-0.0155117$ & $0.0161131$ & $-0.00986355$ & $-0.0161421$ & $-0.000529724$ & $0.0326032$ & $-0.0286936$ & $0.0322178$ & $-0.0185926$ & $0.0155567$ \\
CHQ1_11 & $-0.0126155$ & $0.00769116$ & $-0.0211711$ & $-0.0514883$ & $0.0346153$ & $-0.00132625$ & $0.0239493$ & $0.0133477$ & $0.0215698$ & $-0.00384327$ & $0.0396719$ & $-0.0271906$ & $-0.0360111$ & $-0.10175$ & $-0.177896$ & $-0.176948$ & $-0.0725668$ & $-0.0100994$ & $-0.0033588$ & $-0.0535439$ & $-0.0180217$ & $-0.0178835$ & $1$ & $-0.114049$ & $0.033128$ & $-0.560115$ & $0.303087$ & $-0.0150553$ & $-0.0179162$ & $-0.0473563$ & $-0.0264383$ & $0.0165994$ & $-0.012103$ & $0.176209$ & $-0.0553929$ & $-0.0032556$ & $-0.0259373$ & $0.0185831$ & $0.0037686$ & $0.0305998$ & $0.0069763$ & $-0.00104209$ & $0.0393774$ & $-0.0349557$ & $0.00199817$ & $0.036104$ & $-0.0402131$ & $0.0232813$ & $0.0230832$ \\
CHQ1_33 & $-0.0441921$ & $0.0108981$ & $-0.00766157$ & $0.0137553$ & $0.00156512$ & $-0.148898$ & $-0.102089$ & $-0.667322$ & $-0.665876$ & $0.419123$ & $0.283148$ & $0.0905173$ & $0.0849553$ & $0.389548$ & $-0.0121559$ & $-0.0250006$ & $0.74962$ & $0.746374$ & $0.742286$ & $-0.254929$ & $-0.321202$ & $-0.322945$ & $-0.114049$ & $1$ & $0.760188$ & $0.212312$ & $-0.419349$ & $-0.0958556$ & $0.0354241$ & $0.0535098$ & $0.0703727$ & $-0.104729$ & $0.0637233$ & $-0.628883$ & $-0.0282574$ & $0.0463583$ & $0.0518694$ & $-0.0452866$ & $-0.0695575$ & $0.0259663$ & $0.0450016$ & $0.00557535$ & $0.010529$ & $-0.00752611$ & $-0.016373$ & $-0.000985386$ & $0.0105775$ & $0.0199099$ & $-0.027218$ \\
CHQ3_11 & $-0.0712963$ & $0.019143$ & $-0.00478625$ & $0.0293545$ & $0.00989073$ & $-0.225465$ & $-0.153905$ & $-0.411483$ & $-0.412106$ & $0.253329$ & $-0.00261778$ & $0.128508$ & $0.165886$ & $0.560181$ & $-0.0964355$ & $-0.122937$ & $0.856101$ & $0.868894$ & $0.875948$ & $0.0054242$ & $-0.00602255$ & $-0.00861742$ & $0.033128$ & $0.760188$ & $1$ & $0.00664047$ & $0.091401$ & $-0.0317336$ & $0.0402621$ & $0.11596$ & $0.0853262$ & $-0.159529$ & $0.129537$ & $-0.27703$ & $-0.0320704$ & $0.0294478$ & $0.0580424$ & $-0.0178125$ & $-0.0571776$ & $0.00472134$ & $0.0332764$ & $-0.00213861$ & $0.0210371$ & $-0.0115618$ & $0.0157351$ & $-0.0162007$ & $-0.020434$ & $0.0386723$ & $-0.00908704$ \\
CHu_11 & $-0.0869711$ & $0.019428$ & $0.0107009$ & $0.0207395$ & $-0.0507825$ & $0.0990421$ & $0.0730681$ & $-0.611257$ & $-0.608983$ & $0.370965$ & $0.689022$ & $-0.0336288$ & $-0.0982092$ & $-0.45644$ & $-0.365335$ & $-0.354804$ & $-0.131046$ & $0.000337651$ & $0.00574002$ & $-0.685061$ & $-0.691055$ & $-0.680182$ & $-0.560115$ & $0.212312$ & $0.00664047$ & $1$ & $-0.189963$ & $-0.31647$ & $-0.00842748$ & $-0.0834717$ & $-0.0530923$ & $0.0898855$ & $-0.0953487$ & $-0.28597$ & $0.0604176$ & $0.0111134$ & $0.0405867$ & $-0.0393013$ & $-0.00528546$ & $0.00424912$ & $-0.0173382$ & $-0.00392414$ & $-0.00861152$ & $0.0266393$ & $-0.0376246$ & $0.00494062$ & $-0.00208973$ & $0.00585521$ & $-0.0319711$ \\
CHd_11 & $-0.0171904$ & $-0.000524847$ & $-0.0100354$ & $0.0207919$ & $-0.0173551$ & $-0.0449797$ & $-0.00412475$ & $0.42021$ & $0.418154$ & $-0.262281$ & $-0.295876$ & $-0.00416958$ & $0.0354596$ & $-0.0448969$ & $-0.275607$ & $-0.277946$ & $-0.163354$ & $-0.0757457$ & $-0.0647343$ & $0.248904$ & $0.355352$ & $0.355544$ & $0.303087$ & $-0.419349$ & $0.091401$ & $-0.189963$ & $1$ & $0.156627$ & $0.00171536$ & $0.0132787$ & $-0.00638516$ & $-0.00468987$ & $0.0253759$ & $0.684012$ & $0.00829085$ & $-0.03749$ & $-0.0131472$ & $0.0308029$ & $0.00391466$ & $-0.0018324$ & $0.0247101$ & $-0.000690204$ & $0.00762563$ & $-0.00131632$ & $0.014545$ & $-0.000580084$ & $0.0118739$ & $0.0489547$ & $0.0216182$ \\
CHd_33 & $0.0390058$ & $-0.011923$ & $-0.057116$ & $-8.14633e-05$ & $-0.0164436$ & $-0.0611342$ & $-0.0197121$ & $0.426708$ & $0.419327$ & $-0.243305$ & $-0.460701$ & $0.00405822$ & $0.056947$ & $0.272396$ & $0.239478$ & $0.230097$ & $0.0614762$ & $-0.0343189$ & $-0.0325048$ & $0.456322$ & $0.464046$ & $0.457643$ & $-0.0150553$ & $-0.0958556$ & $-0.0317336$ & $-0.31647$ & $0.156627$ & $1$ & $0.0306109$ & $0.0300362$ & $0.035598$ & $-0.0321784$ & $0.0513581$ & $0.218436$ & $-0.0232298$ & $0.0101346$ & $0.00714828$ & $0.0432696$ & $0.0137832$ & $0.0244116$ & $0.0474082$ & $-0.0180171$ & $-0.0439175$ & $-0.0090933$ & $0.00825641$ & $-0.0265474$ & $0.0602818$ & $0.00859247$ & $0.0372252$ \\
CeH_22r & $0.0365909$ & $0.011098$ & $0.0237213$ & $-0.00269226$ & $0.00278191$ & $-0.0258144$ & $-0.159299$ & $0.00592$ & $0.0116681$ & $-0.042898$ & $-0.0300886$ & $0.193385$ & $0.198101$ & $0.0483912$ & $0.0149282$ & $0.0196047$ & $0.0462853$ & $0.0432021$ & $0.0373534$ & $0.033827$ & $0.0297241$ & $0.0309679$ & $-0.0179162$ & $0.0354241$ & $0.0402621$ & $-0.00842748$ & $0.00171536$ & $0.0306109$ & $1$ & $0.142286$ & $0.0922207$ & $-0.1674$ & $0.143149$ & $-0.00465806$ & $-0.0310104$ & $-0.0498579$ & $0.0126454$ & $0.0208077$ & $-0.0442495$ & $-0.0216735$ & $0.0489213$ & $0.0351762$ & $-0.00954323$ & $-0.0063606$ & $0.00328335$ & $-0.0538866$ & $0.000339197$ & $0.0160514$ & $-0.0208111$ \\
CeH_33r & $0.0409489$ & $0.0470032$ & $-0.0430295$ & $-0.00721593$ & $0.0168485$ & $-0.0411081$ & $-0.569212$ & $0.0539011$ & $0.0723551$ & $-0.217913$ & $-0.12457$ & $0.706814$ & $0.720719$ & $0.148463$ & $0.0857098$ & $0.0514748$ & $0.146962$ & $0.0957436$ & $0.112949$ & $0.12428$ & $0.12379$ & $0.115938$ & $-0.0473563$ & $0.0535098$ & $0.11596$ & $-0.0834717$ & $0.0132787$ & $0.0300362$ & $0.142286$ & $1$ & $0.513275$ & $-0.439629$ & $0.818123$ & $-0.00550919$ & $0.0242851$ & $0.0615723$ & $-0.138481$ & $0.0101616$ & $-0.0589223$ & $-0.00426536$ & $0.0177938$ & $0.0355619$ & $0.0120437$ & $0.0353694$ & $0.0680041$ & $-0.0629826$ & $0.0280814$ & $-0.0184104$ & $-2.78748e-05$ \\
CuH_22r & $0.014483$ & $0.0458556$ & $-0.0483449$ & $-0.0239327$ & $-0.0099276$ & $-0.0408604$ & $-0.352999$ & $0.0278761$ & $0.0356802$ & $-0.1422$ & $-0.084101$ & $0.431625$ & $0.444983$ & $0.113854$ & $0.0611619$ & $0.0623619$ & $0.109695$ & $0.0815036$ & $0.0772324$ & $0.086799$ & $0.081329$ & $0.0792408$ & $-0.0264383$ & $0.0703727$ & $0.0853262$ & $-0.0530923$ & $-0.00638516$ & $0.035598$ & $0.0922207$ & $0.513275$ & $1$ & $-0.261221$ & $0.520094$ & $-0.0151023$ & $0.0187341$ & $0.0384119$ & $-0.102028$ & $-0.0130061$ & $-0.0681619$ & $0.00701414$ & $0.0445255$ & $0.0810952$ & $0.00427047$ & $0.0176175$ & $-0.0040639$ & $0.0411356$ & $0.349419$ & $0.00720105$ & $-0.00881749$ \\
CuH_33r & $-0.0521355$ & $0.00532789$ & $0.0596128$ & $-0.0592632$ & $-0.0381945$ & $0.0902266$ & $0.960208$ & $-0.0219875$ & $-0.0030169$ & $0.174932$ & $0.113772$ & $-0.626687$ & $-0.67769$ & $-0.170572$ & $-0.0621126$ & $-0.042193$ & $-0.202071$ & $-0.154911$ & $-0.162024$ & $-0.110229$ & $-0.110633$ & $-0.108116$ & $0.0165994$ & $-0.104729$ & $-0.159529$ & $0.0898855$ & $-0.00468987$ & $-0.0321784$ & $-0.1674$ & $-0.439629$ & $-0.261221$ & $1$ & $-0.428325$ & $0.00657066$ & $-0.0303782$ & $-0.017301$ & $-0.0405354$ & $-0.0108084$ & $0.0833964$ & $0.0139425$ & $-0.0355924$ & $-0.0197781$ & $-0.00571157$ & $-0.0233386$ & $-0.0474368$ & $0.0605321$ & $-0.0527559$ & $0.0309564$ & $-0.00147397$ \\
CdH_33r & $0.0458177$ & $0.0714877$ & $-0.015585$ & $0.00802915$ & $0.0107806$ & $-0.0746259$ & $-0.572012$ & $0.0419903$ & $0.0616551$ & $-0.211946$ & $-0.117152$ & $0.68947$ & $0.712942$ & $0.143851$ & $0.0615617$ & $0.0272137$ & $0.165767$ & $0.116616$ & $0.135479$ & $0.115158$ & $0.119173$ & $0.11327$ & $-0.012103$ & $0.0637233$ & $0.129537$ & $-0.0953487$ & $0.0253759$ & $0.0513581$ & $0.143149$ & $0.818123$ & $0.520094$ & $-0.428325$ & $1$ & $0.0118021$ & $0.00479259$ & $0.0418892$ & $-0.154965$ & $0.0183193$ & $-0.089563$ & $0.00348612$ & $0.0112774$ & $0.0428648$ & $0.00523892$ & $0.0393311$ & $0.00979391$ & $-0.0628313$ & $0.0137822$ & $0.109581$ & $0.337048$ \\
CLL_1221 & $0.0248786$ & $0.0186799$ & $-0.0190401$ & $0.00895552$ & $-0.0267334$ & $-0.0729985$ & $0.00469304$ & $0.56152$ & $0.556294$ & $-0.335394$ & $-0.369294$ & $-0.0268487$ & $0.0164293$ & $-0.146288$ & $-0.421782$ & $0.000830865$ & $-0.262854$ & $-0.0983847$ & $-0.373827$ & $0.32038$ & $0.432781$ & $0.433634$ & $0.176209$ & $-0.628883$ & $-0.27703$ & $-0.28597$ & $0.684012$ & $0.218436$ & $-0.00465806$ & $-0.00550919$ & $-0.0151023$ & $0.00657066$ & $0.0118021$ & $1$ & $0.0258105$ & $-0.0296177$ & $-0.0505257$ & $0.0515448$ & $0.0347071$ & $-0.0188495$ & $0.0319866$ & $-0.00149091$ & $0.0155509$ & $0.00872937$ & $-0.00418933$ & $0.0138476$ & $0.00122841$ & $0.0422237$ & $0.0206063$ \\
eHggint & $-0.0395609$ & $0.0329354$ & $-0.0333604$ & $0.0539628$ & $-0.031264$ & $-0.0125582$ & $-0.0921302$ & $0.0148486$ & $-0.00124873$ & $0.0267179$ & $0.00257599$ & $0.111314$ & $0.0941156$ & $-0.0436779$ & $0.00502713$ & $0.0376702$ & $-0.0215168$ & $-0.0371647$ & $-0.0575418$ & $-0.0022316$ & $-0.00305613$ & $-0.0015909$ & $-0.0553929$ & $-0.0282574$ & $-0.0320704$ & $0.0604176$ & $0.00829085$ & $-0.0232298$ & $-0.0310104$ & $0.0242851$ & $0.0187341$ & $-0.0303782$ & $0.00479259$ & $0.0258105$ & $1$ & $-0.0926698$ & $0.0867055$ & $-0.0922501$ & $-0.0464606$ & $0.0350682$ & $0.0543688$ & $-0.00735576$ & $-0.118393$ & $0.0442904$ & $-0.0358578$ & $-0.042924$ & $0.046324$ & $-0.0155545$ & $-0.0287031$ \\
eHggpar & $-0.066918$ & $0.00385739$ & $-0.0348597$ & $-0.0295933$ & $0.0246844$ & $-0.0223071$ & $-0.0483722$ & $-0.0389325$ & $-0.0417767$ & $0.0356916$ & $0.0243373$ & $0.0809104$ & $0.0767186$ & $0.00184094$ & $-0.00483253$ & $-0.00255267$ & $0.0341623$ & $0.0305782$ & $0.0326121$ & $-0.0216643$ & $-0.0239054$ & $-0.0233262$ & $-0.0032556$ & $0.0463583$ & $0.0294478$ & $0.0111134$ & $-0.03749$ & $0.0101346$ & $-0.0498579$ & $0.0615723$ & $0.0384119$ & $-0.017301$ & $0.0418892$ & $-0.0296177$ & $-0.0926698$ & $1$ & $-0.0361147$ & $-0.00109066$ & $-0.0241147$ & $-0.0136196$ & $-0.0458901$ & $-0.0385833$ & $0.0346986$ & $-0.0477497$ & $-0.0555474$ & $0.0274554$ & $0.00118979$ & $0.0641556$ & $-0.0592839$ \\
eHWWint & $-0.0431036$ & $-0.0544561$ & $-0.0140431$ & $0.00355309$ & $0.00764212$ & $0.00664226$ & $-0.0030817$ & $-0.0440115$ & $-0.0540763$ & $0.0313924$ & $0.0231275$ & $0.0323584$ & $0.0277652$ & $0.0200104$ & $-0.00190485$ & $-0.0362086$ & $0.0400309$ & $0.0403981$ & $0.0647289$ & $-0.0194017$ & $-0.0245666$ & $-0.0254648$ & $-0.0259373$ & $0.0518694$ & $0.0580424$ & $0.0405867$ & $-0.0131472$ & $0.00714828$ & $0.0126454$ & $-0.138481$ & $-0.102028$ & $-0.0405354$ & $-0.154965$ & $-0.0505257$ & $0.0867055$ & $-0.0361147$ & $1$ & $0.000290021$ & $0.027566$ & $-0.0031955$ & $0.0386566$ & $0.0198032$ & $-0.0797589$ & $0.0115629$ & $0.0381944$ & $-0.0183265$ & $-0.00164952$ & $0.0418504$ & $-0.01863$ \\
eHWWpar & $0.0151719$ & $0.00656775$ & $-0.0282503$ & $0.0216277$ & $0.00621494$ & $-0.0063012$ & $-0.00715299$ & $0.0511997$ & $0.0496284$ & $-0.0647863$ & $-0.04427$ & $1.51572e-05$ & $0.0146072$ & $0.0178467$ & $0.00061597$ & $0.0167572$ & $-0.0135678$ & $-0.00827726$ & $-0.0163849$ & $0.0425593$ & $0.0478127$ & $0.0498808$ & $0.0185831$ & $-0.0452866$ & $-0.0178125$ & $-0.0393013$ & $0.0308029$ & $0.0432696$ & $0.0208077$ & $0.0101616$ & $-0.0130061$ & $-0.0108084$ & $0.0183193$ & $0.0515448$ & $-0.0922501$ & $-0.00109066$ & $0.000290021$ & $1$ & $0.0378749$ & $-0.0245904$ & $0.0244565$ & $-0.0310034$ & $-0.0310905$ & $0.0145236$ & $0.0106367$ & $0.0290929$ & $-0.0231059$ & $0.00266715$ & $0.0161619$ \\
eHZZint & $-0.0251408$ & $-0.0880936$ & $-0.0175808$ & $-0.0219388$ & $-0.020153$ & $0.0868581$ & $0.097804$ & $0.0379956$ & $0.0400163$ & $-0.023658$ & $-0.00945543$ & $-0.100309$ & $-0.0992759$ & $-0.0132806$ & $-0.0145915$ & $0.00865997$ & $-0.06585$ & $-0.0417907$ & $-0.0574772$ & $0.00650202$ & $0.0109559$ & $0.00790619$ & $0.0037686$ & $-0.0695575$ & $-0.0571776$ & $-0.00528546$ & $0.00391466$ & $0.0137832$ & $-0.0442495$ & $-0.0589223$ & $-0.0681619$ & $0.0833964$ & $-0.089563$ & $0.0347071$ & $-0.0464606$ & $-0.0241147$ & $0.027566$ & $0.0378749$ & $1$ & $0.00168282$ & $-0.0257906$ & $-0.0626745$ & $0.00906076$ & $-0.0333115$ & $0.0164734$ & $-0.0125655$ & $-0.0770468$ & $-0.0124374$ & $-0.00361848$ \\
eHZZpar & $-0.00273117$ & $0.00296274$ & $-0.0136714$ & $0.0111087$ & $-0.00776254$ & $-0.0163185$ & $0.0106272$ & $-0.0175163$ & $-0.0171169$ & $0.0126795$ & $0.0149722$ & $-0.00423917$ & $-0.0162455$ & $0.00558042$ & $-0.00389309$ & $-0.0168805$ & $0.000762181$ & $0.00547661$ & $0.0146819$ & $-0.0160882$ & $-0.0146438$ & $-0.0155117$ & $0.0305998$ & $0.0259663$ & $0.00472134$ & $0.00424912$ & $-0.0018324$ & $0.0244116$ & $-0.0216735$ & $-0.00426536$ & $0.00701414$ & $0.0139425$ & $0.00348612$ & $-0.0188495$ & $0.0350682$ & $-0.0136196$ & $-0.0031955$ & $-0.0245904$ & $0.00168282$ & $1$ & $0.0339461$ & $-0.0172849$ & $-0.00908296$ & $0.0427636$ & $-0.0501491$ & $-0.0226529$ & $0.0613896$ & $-0.00337655$ & $0.0131871$ \\
eHZgaint & $0.0670129$ & $0.0392737$ & $-0.0413952$ & $0.093914$ & $0.0028866$ & $-0.0298839$ & $-0.0174049$ & $0.00277934$ & $0.000351638$ & $-0.0402313$ & $-0.0243473$ & $0.015295$ & $0.0318746$ & $0.0158301$ & $-0.00891246$ & $0.0117652$ & $0.0587232$ & $0.0476828$ & $0.0271139$ & $0.0220633$ & $0.0229818$ & $0.0161131$ & $0.0069763$ & $0.0450016$ & $0.0332764$ & $-0.0173382$ & $0.0247101$ & $0.0474082$ & $0.0489213$ & $0.0177938$ & $0.0445255$ & $-0.0355924$ & $0.0112774$ & $0.0319866$ & $0.0543688$ & $-0.0458901$ & $0.0386566$ & $0.0244565$ & $-0.0257906$ & $0.0339461$ & $1$ & $0.0374893$ & $-0.0928203$ & $-0.0274923$ & $-0.0278758$ & $-0.0471064$ & $0.0650863$ & $-0.00258898$ & $0.0264051$ \\
eHZgapar & $-0.00777977$ & $0.0296536$ & $-0.0424717$ & $-0.0113226$ & $-0.0318967$ & $-0.0285684$ & $-0.0253317$ & $-0.00535767$ & $-0.00204277$ & $-0.00245991$ & $0.00699352$ & $0.0229399$ & $0.0318889$ & $-0.0126044$ & $0.00107228$ & $-0.00200797$ & $-0.00105589$ & $-0.00481298$ & $-0.00513279$ & $-0.00481983$ & $-0.00641848$ & $-0.00986355$ & $-0.00104209$ & $0.00557535$ & $-0.00213861$ & $-0.00392414$ & $-0.000690204$ & $-0.0180171$ & $0.0351762$ & $0.0355619$ & $0.0810952$ & $-0.0197781$ & $0.0428648$ & $-0.00149091$ & $-0.00735576$ & $-0.0385833$ & $0.0198032$ & $-0.0310034$ & $-0.0626745$ & $-0.0172849$ & $0.0374893$ & $1$ & $-0.0233123$ & $0.0482315$ & $-0.00560188$ & $0.0255267$ & $0.0268369$ & $0.0374426$ & $0.00160269$ \\
eHgagaint & $-0.040359$ & $0.0434926$ & $0.0116486$ & $-0.0228583$ & $0.0249029$ & $-0.0183929$ & $-0.00401264$ & $-0.0205548$ & $0.0371023$ & $-0.0133706$ & $0.0202093$ & $-0.0186794$ & $-0.00938083$ & $-0.0103889$ & $-0.0320402$ & $0.0278002$ & $0.00695864$ & $0.0218144$ & $-0.0163866$ & $-0.018316$ & $-0.0175749$ & $-0.0161421$ & $0.0393774$ & $0.010529$ & $0.0210371$ & $-0.00861152$ & $0.00762563$ & $-0.0439175$ & $-0.00954323$ & $0.0120437$ & $0.00427047$ & $-0.00571157$ & $0.00523892$ & $0.0155509$ & $-0.118393$ & $0.0346986$ & $-0.0797589$ & $-0.0310905$ & $0.00906076$ & $-0.00908296$ & $-0.0928203$ & $-0.0233123$ & $1$ & $0.0277454$ & $-0.0583099$ & $0.0140386$ & $-0.00968646$ & $0.0193913$ & $-0.026677$ \\
eHmumuint & $-0.0287117$ & $0.0341454$ & $0.0566045$ & $0.0025603$ & $0.037016$ & $-0.00667207$ & $-0.0387511$ & $0.00283746$ & $0.00775635$ & $-0.0271$ & $0.00510055$ & $0.0457857$ & $0.0528946$ & $-0.0352132$ & $0.0118078$ & $0.0312249$ & $0.00101541$ & $-0.0225117$ & $-0.0302852$ & $-0.00239609$ & $-0.00482852$ & $-0.000529724$ & $-0.0349557$ & $-0.00752611$ & $-0.0115618$ & $0.0266393$ & $-0.00131632$ & $-0.0090933$ & $-0.0063606$ & $0.0353694$ & $0.0176175$ & $-0.0233386$ & $0.0393311$ & $0.00872937$ & $0.0442904$ & $-0.0477497$ & $0.0115629$ & $0.0145236$ & $-0.0333115$ & $0.0427636$ & $-0.0274923$ & $0.0482315$ & $0.0277454$ & $1$ & $-0.0334455$ & $0.0275627$ & $-0.0508011$ & $0.0135991$ & $-0.0157628$ \\
eHtautauint & $0.0839285$ & $-0.0662293$ & $-0.0659337$ & $0.0308411$ & $0.0192249$ & $0.0233949$ & $-0.034312$ & $0.0212336$ & $0.0207238$ & $-0.0359618$ & $-0.0310298$ & $0.00378655$ & $0.021243$ & $0.0359401$ & $0.0203612$ & $-0.0243462$ & $0.0187332$ & $0.00838336$ & $0.0400237$ & $0.0281321$ & $0.0302723$ & $0.0326032$ & $0.00199817$ & $-0.016373$ & $0.0157351$ & $-0.0376246$ & $0.014545$ & $0.00825641$ & $0.00328335$ & $0.0680041$ & $-0.0040639$ & $-0.0474368$ & $0.00979391$ & $-0.00418933$ & $-0.0358578$ & $-0.0555474$ & $0.0381944$ & $0.0106367$ & $0.0164734$ & $-0.0501491$ & $-0.0278758$ & $-0.00560188$ & $-0.0583099$ & $-0.0334455$ & $1$ & $-0.047692$ & $-0.026849$ & $0.00816673$ & $-0.00988615$ \\
eHccint & $-0.0423956$ & $-0.0287594$ & $-0.01886$ & $-0.0831213$ & $-0.0169385$ & $-0.0108193$ & $0.0632409$ & $-0.0193675$ & $-0.0205541$ & $0.0256113$ & $0.0298725$ & $-0.0391769$ & $-0.0622772$ & $-0.034714$ & $-0.0408383$ & $-0.0176548$ & $-0.0204634$ & $0.000150532$ & $-0.0111131$ & $-0.0307903$ & $-0.0280474$ & $-0.0286936$ & $0.036104$ & $-0.000985386$ & $-0.0162007$ & $0.00494062$ & $-0.000580084$ & $-0.0265474$ & $-0.0538866$ & $-0.0629826$ & $0.0411356$ & $0.0605321$ & $-0.0628313$ & $0.0138476$ & $-0.042924$ & $0.0274554$ & $-0.0183265$ & $0.0290929$ & $-0.0125655$ & $-0.0226529$ & $-0.0471064$ & $0.0255267$ & $0.0140386$ & $0.0275627$ & $-0.047692$ & $1$ & $-0.0197483$ & $-0.0570119$ & $-0.0232812$ \\
eHccpar & $-0.00509952$ & $0.0664714$ & $-0.00664815$ & $-0.00878529$ & $-0.0493031$ & $-0.0149707$ & $-0.0525767$ & $0.0366387$ & $0.028127$ & $-0.0525307$ & $-0.0320383$ & $0.0562035$ & $0.0506508$ & $0.0138766$ & $0.0388386$ & $0.0385379$ & $-0.0233197$ & $-0.0261896$ & $-0.0329604$ & $0.0383333$ & $0.0311744$ & $0.0322178$ & $-0.0402131$ & $0.0105775$ & $-0.020434$ & $-0.00208973$ & $0.0118739$ & $0.0602818$ & $0.000339197$ & $0.0280814$ & $0.349419$ & $-0.0527559$ & $0.0137822$ & $0.00122841$ & $0.046324$ & $0.00118979$ & $-0.00164952$ & $-0.0231059$ & $-0.0770468$ & $0.0613896$ & $0.0650863$ & $0.0268369$ & $-0.00968646$ & $-0.0508011$ & $-0.026849$ & $-0.0197483$ & $1$ & $-0.0470199$ & $0.0328409$ \\
eHbbint & $-0.00637787$ & $-0.00111965$ & $-0.0288324$ & $-0.0328408$ & $-0.0242223$ & $-0.0611759$ & $0.0224321$ & $-0.0299376$ & $-0.0277312$ & $0.0435036$ & $0.0263341$ & $-0.00410919$ & $0.000922788$ & $-0.0308934$ & $-0.0677791$ & $-0.0490365$ & $0.0294257$ & $0.0400502$ & $0.0301626$ & $-0.0296193$ & $-0.021086$ & $-0.0185926$ & $0.0232813$ & $0.0199099$ & $0.0386723$ & $0.00585521$ & $0.0489547$ & $0.00859247$ & $0.0160514$ & $-0.0184104$ & $0.00720105$ & $0.0309564$ & $0.109581$ & $0.0422237$ & $-0.0155545$ & $0.0641556$ & $0.0418504$ & $0.00266715$ & $-0.0124374$ & $-0.00337655$ & $-0.00258898$ & $0.0374426$ & $0.0193913$ & $0.0135991$ & $0.00816673$ & $-0.0570119$ & $-0.0470199$ & $1$ & $-0.0361887$ \\
eHbbpar & $0.0213636$ & $0.0425193$ & $0.0290772$ & $0.0318439$ & $-0.0270392$ & $-0.0254522$ & $0.0032946$ & $0.0167183$ & $0.0193872$ & $-0.00492093$ & $-0.0117695$ & $-0.0422726$ & $-0.0210401$ & $-0.00122606$ & $-0.00330134$ & $-0.0475594$ & $-0.00815201$ & $-0.00998098$ & $0.0196797$ & $0.00988505$ & $0.0167929$ & $0.0155567$ & $0.0230832$ & $-0.027218$ & $-0.00908704$ & $-0.0319711$ & $0.0216182$ & $0.0372252$ & $-0.0208111$ & $-2.78748e-05$ & $-0.00881749$ & $-0.00147397$ & $0.337048$ & $0.0206063$ & $-0.0287031$ & $-0.0592839$ & $-0.01863$ & $0.0161619$ & $-0.00361848$ & $0.0131871$ & $0.0264051$ & $0.00160269$ & $-0.026677$ & $-0.0157628$ & $-0.00988615$ & $-0.0232812$ & $0.0328409$ & $-0.0361887$ & $1$ \\
