 & AlsMz & dAle5Mz & mtop & mHl & Mz & CW & CHG & CHWB & CHWHB_gaga & CHWHB_gagaorth & CHD & CHbox & CH & CHL1_11 & CHL1_22 & CHL1_33 & CHL3_11 & CHL3_22 & CHL3_33 & CHe_11 & CHe_22 & CHe_33 & CHQ1_11 & CHQ1_33 & CHQ3_11 & CHu_11 & CHd_11 & CHd_33 & CeH_22r & CeH_33r & CuH_22r & CuH_33r & CdH_33r & CLL_1221 & eHggint & eHggpar & eHWWint & eHWWpar & eHZZint & eHZZpar & eHZgaint & eHZgapar & eHgagaint & eHmumuint & eHtautauint & eHccint & eHccpar & eHbbint & eHbbpar \\
AlsMz & $1$ & $0.092897$ & $0.0757402$ & $-0.000397322$ & $-0.328406$ & $-0.408026$ & $-0.026329$ & $0.10835$ & $0.0905067$ & $-0.0505768$ & $-0.124062$ & $-0.19737$ & $-0.134163$ & $-0.223621$ & $-0.571554$ & $-0.418172$ & $0.194738$ & $0.459907$ & $0.25171$ & $-0.00733722$ & $0.151767$ & $0.435305$ & $-0.343514$ & $-0.0439107$ & $0.383585$ & $0.573574$ & $0.68819$ & $0.136688$ & $0.103183$ & $0.0607848$ & $0.162635$ & $-0.00328972$ & $0.196415$ & $0.571295$ & $-0.401998$ & $0.165091$ & $-0.244362$ & $-0.361817$ & $0.654539$ & $-0.541413$ & $0.0745043$ & $0.189733$ & $-0.613371$ & $-0.63293$ & $-0.672471$ & $0.197106$ & $-0.660755$ & $-0.293971$ & $0.310123$ \\
dAle5Mz & $0.092897$ & $1$ & $0.292552$ & $0.033243$ & $0.727259$ & $0.426574$ & $0.225778$ & $-0.0463304$ & $-0.0498607$ & $-0.229222$ & $0.262115$ & $0.491165$ & $-0.133757$ & $-0.260109$ & $0.302142$ & $0.203146$ & $-0.333914$ & $-0.445455$ & $-0.397597$ & $-0.0507059$ & $-0.0827715$ & $-0.210413$ & $0.313092$ & $-0.3336$ & $-0.534065$ & $-0.353124$ & $-0.400864$ & $-0.196011$ & $-0.103115$ & $-0.26536$ & $-0.275021$ & $0.196819$ & $-0.30707$ & $-0.0688235$ & $0.218298$ & $-0.145358$ & $-0.328973$ & $0.00768247$ & $0.110688$ & $-0.302642$ & $0.496402$ & $0.310806$ & $-0.012824$ & $0.0728079$ & $0.244169$ & $0.805568$ & $0.307618$ & $-0.283097$ & $-0.308017$ \\
mtop & $0.0757402$ & $0.292552$ & $1$ & $0.3001$ & $0.153197$ & $0.137321$ & $-0.530973$ & $0.0991577$ & $0.0707126$ & $-0.194721$ & $0.0563954$ & $-0.0391407$ & $0.581195$ & $-0.20904$ & $-0.0150182$ & $0.0377352$ & $-0.286861$ & $-0.233766$ & $-0.225161$ & $0.0276076$ & $0.00288362$ & $-0.116389$ & $-0.0418679$ & $-0.146702$ & $-0.224482$ & $-0.0356691$ & $0.010279$ & $0.0258289$ & $0.193469$ & $0.398752$ & $0.049023$ & $-0.524645$ & $0.328555$ & $0.0457576$ & $0.022866$ & $-0.508257$ & $-0.420393$ & $-0.0130694$ & $0.220764$ & $0.106582$ & $0.583947$ & $0.364133$ & $-0.406084$ & $-0.0480408$ & $0.143509$ & $0.129138$ & $-0.0413319$ & $0.0186539$ & $-0.13448$ \\
mHl & $-0.000397322$ & $0.033243$ & $0.3001$ & $1$ & $0.172932$ & $0.165331$ & $0.0324241$ & $-0.399642$ & $-0.409723$ & $0.436042$ & $0.304174$ & $0.489721$ & $-0.0666912$ & $0.330494$ & $0.240183$ & $0.0470922$ & $0.239894$ & $0.00442084$ & $0.251867$ & $-0.250169$ & $-0.18593$ & $-0.281306$ & $0.278326$ & $0.361477$ & $0.125456$ & $-0.279978$ & $-0.285218$ & $0.119308$ & $-0.151214$ & $-0.132405$ & $-0.322071$ & $0.0490391$ & $-0.195319$ & $-0.41962$ & $0.690296$ & $0.257095$ & $0.469051$ & $-0.267802$ & $0.131664$ & $0.556276$ & $-0.175253$ & $-0.378879$ & $0.0740015$ & $-0.329353$ & $0.233127$ & $-0.349504$ & $-0.349798$ & $0.617855$ & $-0.158019$ \\
Mz & $-0.328406$ & $0.727259$ & $0.153197$ & $0.172932$ & $1$ & $0.531927$ & $0.254363$ & $-0.203641$ & $-0.195974$ & $-0.0335725$ & $0.357641$ & $0.599298$ & $-0.150011$ & $-0.0165518$ & $0.516912$ & $0.404186$ & $-0.245769$ & $-0.508257$ & $-0.362581$ & $-0.118502$ & $-0.162953$ & $-0.43274$ & $0.428672$ & $-0.123473$ & $-0.529608$ & $-0.562158$ & $-0.67624$ & $-0.178861$ & $-0.210165$ & $-0.321016$ & $-0.372676$ & $0.216686$ & $-0.433528$ & $-0.402409$ & $0.48945$ & $-0.0758291$ & $0.00288579$ & $0.0941788$ & $-0.232973$ & $0.0902778$ & $0.288151$ & $0.0640206$ & $0.327219$ & $0.256334$ & $0.516325$ & $0.470732$ & $0.460996$ & $-0.0140629$ & $-0.439771$ \\
CW & $-0.408026$ & $0.426574$ & $0.137321$ & $0.165331$ & $0.531927$ & $1$ & $0.0160043$ & $-0.0547309$ & $-0.0445544$ & $-0.0858769$ & $0.186524$ & $0.341993$ & $0.135089$ & $0.118425$ & $0.456734$ & $0.260831$ & $-0.403988$ & $-0.500802$ & $-0.326771$ & $0.00316255$ & $-0.110425$ & $-0.346912$ & $0.360075$ & $-0.170328$ & $-0.500367$ & $-0.533729$ & $-0.562737$ & $-0.131903$ & $-0.0697952$ & $-0.0591046$ & $-0.260273$ & $0.00205759$ & $-0.147756$ & $-0.378498$ & $0.406566$ & $-0.200032$ & $-0.0564617$ & $0.23517$ & $-0.272168$ & $0.249162$ & $0.081671$ & $-0.00918029$ & $0.440447$ & $0.373796$ & $0.434834$ & $0.269635$ & $0.363971$ & $0.0670836$ & $-0.167535$ \\
CHG & $-0.026329$ & $0.225778$ & $-0.530973$ & $0.0324241$ & $0.254363$ & $0.0160043$ & $1$ & $-0.324763$ & $-0.300855$ & $0.319348$ & $0.202081$ & $0.48933$ & $-0.869693$ & $0.256238$ & $0.151324$ & $0.0834373$ & $0.366052$ & $0.187267$ & $0.208559$ & $-0.196842$ & $-0.120038$ & $-0.0364022$ & $0.119086$ & $0.212156$ & $0.129995$ & $-0.063504$ & $-0.264689$ & $-0.0653864$ & $-0.325202$ & $-0.72933$ & $-0.350679$ & $0.974432$ & $-0.72958$ & $-0.146165$ & $0.270488$ & $0.608004$ & $0.519325$ & $-0.263861$ & $-0.0227295$ & $-0.18968$ & $-0.162697$ & $-0.239059$ & $0.146483$ & $-0.12368$ & $0.0984537$ & $0.129176$ & $0.113445$ & $0.112739$ & $-0.376584$ \\
CHWB & $0.10835$ & $-0.0463304$ & $0.0991577$ & $-0.399642$ & $-0.203641$ & $-0.0547309$ & $-0.324763$ & $1$ & $0.994352$ & $-0.662622$ & $-0.869398$ & $-0.433893$ & $0.421242$ & $-0.401612$ & $-0.2331$ & $-0.149418$ & $-0.6228$ & $-0.283266$ & $-0.477174$ & $0.837848$ & $0.619089$ & $0.579105$ & $-0.221122$ & $-0.707921$ & $-0.400139$ & $0.134998$ & $0.442098$ & $0.0246815$ & $0.274376$ & $0.403149$ & $0.363858$ & $-0.303631$ & $0.478547$ & $0.673907$ & $-0.323484$ & $-0.398024$ & $-0.501442$ & $0.0521362$ & $0.209671$ & $-0.352448$ & $0.188184$ & $0.117143$ & $-0.133965$ & $0.37324$ & $-0.324877$ & $0.29249$ & $0.00120334$ & $-0.127623$ & $0.404879$ \\
CHWHB_gaga & $0.0905067$ & $-0.0498607$ & $0.0707126$ & $-0.409723$ & $-0.195974$ & $-0.0445544$ & $-0.300855$ & $0.994352$ & $1$ & $-0.660578$ & $-0.864403$ & $-0.421719$ & $0.413789$ & $-0.396436$ & $-0.222696$ & $-0.138411$ & $-0.62535$ & $-0.289489$ & $-0.481512$ & $0.838238$ & $0.610793$ & $0.568658$ & $-0.217454$ & $-0.706032$ & $-0.406053$ & $0.126131$ & $0.426123$ & $0.019861$ & $0.272099$ & $0.404994$ & $0.36536$ & $-0.282446$ & $0.477215$ & $0.660514$ & $-0.319103$ & $-0.399204$ & $-0.496678$ & $0.0552476$ & $0.186303$ & $-0.346117$ & $0.1735$ & $0.0978169$ & $-0.0945248$ & $0.389972$ & $-0.326616$ & $0.290694$ & $0.0218517$ & $-0.128711$ & $0.406794$ \\
CHWHB_gagaorth & $-0.0505768$ & $-0.229222$ & $-0.194721$ & $0.436042$ & $-0.0335725$ & $-0.0858769$ & $0.319348$ & $-0.662622$ & $-0.660578$ & $1$ & $0.297568$ & $0.373156$ & $-0.4535$ & $0.761103$ & $0.177334$ & $0.16081$ & $0.80719$ & $0.455837$ & $0.620019$ & $-0.366931$ & $-0.21562$ & $-0.195381$ & $0.0936335$ & $0.736376$ & $0.595757$ & $-0.0430307$ & $-0.244075$ & $0.146981$ & $-0.244793$ & $-0.360864$ & $-0.301786$ & $0.322696$ & $-0.424728$ & $-0.484646$ & $0.304542$ & $0.468926$ & $0.640682$ & $-0.135188$ & $-0.150477$ & $0.412455$ & $-0.32495$ & $-0.252206$ & $0.0942454$ & $-0.447999$ & $0.193501$ & $-0.506077$ & $-0.158428$ & $0.251087$ & $-0.324069$ \\
CHD & $-0.124062$ & $0.262115$ & $0.0563954$ & $0.304174$ & $0.357641$ & $0.186524$ & $0.202081$ & $-0.869398$ & $-0.864403$ & $0.297568$ & $1$ & $0.422189$ & $-0.23239$ & $0.0149683$ & $0.238048$ & $0.104634$ & $0.236393$ & $0.0033407$ & $0.182905$ & $-0.863609$ & $-0.681834$ & $-0.668936$ & $0.254543$ & $0.415462$ & $0.0760968$ & $-0.192483$ & $-0.46213$ & $-0.146086$ & $-0.208552$ & $-0.291201$ & $-0.315775$ & $0.173006$ & $-0.37073$ & $-0.576306$ & $0.298985$ & $0.188149$ & $0.245495$ & $0.0145133$ & $-0.163642$ & $0.227657$ & $-0.00431809$ & $0.00808484$ & $0.12413$ & $-0.180377$ & $0.341909$ & $-0.035347$ & $0.109431$ & $0.0437134$ & $-0.33427$ \\
CHbox & $-0.19737$ & $0.491165$ & $-0.0391407$ & $0.489721$ & $0.599298$ & $0.341993$ & $0.48933$ & $-0.433893$ & $-0.421719$ & $0.373156$ & $0.422189$ & $1$ & $-0.453325$ & $0.178876$ & $0.500087$ & $0.303111$ & $0.106235$ & $-0.221202$ & $-0.0187512$ & $-0.198035$ & $-0.246016$ & $-0.364201$ & $0.413558$ & $0.176936$ & $-0.181497$ & $-0.430943$ & $-0.595355$ & $-0.128293$ & $-0.306812$ & $-0.451586$ & $-0.469179$ & $0.491978$ & $-0.565244$ & $-0.500486$ & $0.720601$ & $0.330542$ & $0.472793$ & $-0.253693$ & $-0.0453507$ & $0.160792$ & $0.0549444$ & $-0.319231$ & $0.28994$ & $0.00812957$ & $0.364028$ & $0.15287$ & $0.162563$ & $0.375525$ & $-0.495046$ \\
CH & $-0.134163$ & $-0.133757$ & $0.581195$ & $-0.0666912$ & $-0.150011$ & $0.135089$ & $-0.869693$ & $0.421242$ & $0.413789$ & $-0.4535$ & $-0.23239$ & $-0.453325$ & $1$ & $-0.30419$ & $-0.0958149$ & $-0.0311147$ & $-0.548597$ & $-0.338684$ & $-0.366967$ & $0.268981$ & $0.133889$ & $-0.0108453$ & $-0.0927315$ & $-0.356044$ & $-0.313631$ & $-0.0197125$ & $0.170613$ & $-0.0257568$ & $0.37805$ & $0.779399$ & $0.338466$ & $-0.850154$ & $0.754747$ & $0.144231$ & $-0.203012$ & $-0.776182$ & $-0.622073$ & $0.284659$ & $-0.0380342$ & $0.199872$ & $0.258743$ & $0.194778$ & $-0.00917911$ & $0.376442$ & $-0.0477263$ & $-0.0291969$ & $0.071076$ & $-0.0651692$ & $0.354871$ \\
CHL1_11 & $-0.223621$ & $-0.260109$ & $-0.20904$ & $0.330494$ & $-0.0165518$ & $0.118425$ & $0.256238$ & $-0.401612$ & $-0.396436$ & $0.761103$ & $0.0149683$ & $0.178876$ & $-0.30419$ & $1$ & $0.213256$ & $0.221251$ & $0.593023$ & $0.34339$ & $0.487458$ & $-0.155473$ & $-0.0447932$ & $-0.0985031$ & $0.0997586$ & $0.587839$ & $0.448913$ & $-0.132099$ & $-0.28259$ & $0.163365$ & $-0.178528$ & $-0.265521$ & $-0.276353$ & $0.250505$ & $-0.331215$ & $-0.433376$ & $0.302293$ & $0.303906$ & $0.540945$ & $-0.0402907$ & $-0.258566$ & $0.460299$ & $-0.313428$ & $-0.287828$ & $0.245834$ & $-0.204224$ & $0.223646$ & $-0.470647$ & $-0.00700958$ & $0.26342$ & $-0.289415$ \\
CHL1_22 & $-0.571554$ & $0.302142$ & $-0.0150182$ & $0.240183$ & $0.516912$ & $0.456734$ & $0.151324$ & $-0.2331$ & $-0.222696$ & $0.177334$ & $0.238048$ & $0.500087$ & $-0.0958149$ & $0.213256$ & $1$ & $0.481552$ & $-0.118751$ & $-0.655642$ & $-0.230728$ & $-0.0090391$ & $-0.246348$ & $-0.485629$ & $0.496531$ & $0.124763$ & $-0.434553$ & $-0.65629$ & $-0.801712$ & $-0.0599527$ & $-0.246688$ & $-0.290394$ & $-0.422798$ & $0.11904$ & $-0.411127$ & $-0.75032$ & $0.505945$ & $0.0367891$ & $0.267259$ & $0.267796$ & $-0.517853$ & $0.460988$ & $-0.0808922$ & $-0.0393583$ & $0.538295$ & $0.193527$ & $0.665306$ & $0.022446$ & $0.420668$ & $0.113272$ & $-0.345445$ \\
CHL1_33 & $-0.418172$ & $0.203146$ & $0.0377352$ & $0.0470922$ & $0.404186$ & $0.260831$ & $0.0834373$ & $-0.149418$ & $-0.138411$ & $0.16081$ & $0.104634$ & $0.303111$ & $-0.0311147$ & $0.221251$ & $0.481552$ & $1$ & $-0.0322171$ & $-0.32212$ & $-0.463787$ & $0.047177$ & $-0.111242$ & $-0.37357$ & $0.188027$ & $0.179462$ & $-0.272536$ & $-0.347415$ & $-0.563201$ & $-0.0976509$ & $-0.0526681$ & $-0.176813$ & $-0.247993$ & $0.0616191$ & $-0.297386$ & $-0.44718$ & $0.266752$ & $-0.18203$ & $0.118104$ & $0.00589424$ & $-0.41743$ & $0.307154$ & $0.210986$ & $-0.0658737$ & $0.40159$ & $0.154819$ & $0.308649$ & $-0.0710774$ & $0.482949$ & $-0.0413944$ & $-0.440512$ \\
CHL3_11 & $0.194738$ & $-0.333914$ & $-0.286861$ & $0.239894$ & $-0.245769$ & $-0.403988$ & $0.366052$ & $-0.6228$ & $-0.62535$ & $0.80719$ & $0.236393$ & $0.106235$ & $-0.548597$ & $0.593023$ & $-0.118751$ & $-0.0322171$ & $1$ & $0.71952$ & $0.758927$ & $-0.443031$ & $-0.181875$ & $-0.0178269$ & $-0.104113$ & $0.751239$ & $0.81024$ & $0.246163$ & $0.0567932$ & $0.187675$ & $-0.206243$ & $-0.358674$ & $-0.138656$ & $0.367376$ & $-0.341737$ & $-0.195174$ & $0.0235955$ & $0.567645$ & $0.563502$ & $-0.235743$ & $0.0231162$ & $0.141478$ & $-0.327224$ & $-0.174351$ & $-0.154847$ & $-0.583684$ & $-0.0588234$ & $-0.476381$ & $-0.30336$ & $0.129144$ & $-0.217656$ \\
CHL3_22 & $0.459907$ & $-0.445455$ & $-0.233766$ & $0.00442084$ & $-0.508257$ & $-0.500802$ & $0.187267$ & $-0.283266$ & $-0.289489$ & $0.455837$ & $0.0033407$ & $-0.221202$ & $-0.338684$ & $0.34339$ & $-0.655642$ & $-0.32212$ & $0.71952$ & $1$ & $0.710616$ & $-0.274132$ & $-0.0031329$ & $0.278557$ & $-0.394141$ & $0.452392$ & $0.87641$ & $0.592777$ & $0.538181$ & $0.147836$ & $0.00933449$ & $-0.0854781$ & $0.146163$ & $0.211136$ & $0.00712043$ & $0.373674$ & $-0.278254$ & $0.385243$ & $0.254434$ & $-0.341432$ & $0.33551$ & $-0.187486$ & $-0.196466$ & $-0.134122$ & $-0.410363$ & $-0.48024$ & $-0.455642$ & $-0.362798$ & $-0.445917$ & $0.0515401$ & $0.0622828$ \\
CHL3_33 & $0.25171$ & $-0.397597$ & $-0.225161$ & $0.251867$ & $-0.362581$ & $-0.326771$ & $0.208559$ & $-0.477174$ & $-0.481512$ & $0.620019$ & $0.182905$ & $-0.0187512$ & $-0.366967$ & $0.487458$ & $-0.230728$ & $-0.463787$ & $0.758927$ & $0.710616$ & $1$ & $-0.389709$ & $-0.167331$ & $0.0450644$ & $-0.101745$ & $0.565861$ & $0.796154$ & $0.274458$ & $0.224265$ & $0.205221$ & $-0.157509$ & $-0.172939$ & $-0.0428178$ & $0.218061$ & $-0.127118$ & $-0.0487754$ & $-0.0201946$ & $0.52811$ & $0.44241$ & $-0.118006$ & $0.135835$ & $0.103868$ & $-0.410855$ & $-0.148119$ & $-0.222206$ & $-0.501889$ & $-0.0931073$ & $-0.412031$ & $-0.468369$ & $0.176791$ & $0.0269587$ \\
CHe_11 & $-0.00733722$ & $-0.0507059$ & $0.0276076$ & $-0.250169$ & $-0.118502$ & $0.00316255$ & $-0.196842$ & $0.837848$ & $0.838238$ & $-0.366931$ & $-0.863609$ & $-0.198035$ & $0.268981$ & $-0.155473$ & $-0.0090391$ & $0.047177$ & $-0.443031$ & $-0.274132$ & $-0.389709$ & $1$ & $0.630947$ & $0.529021$ & $-0.0797016$ & $-0.516379$ & $-0.331385$ & $-0.0326498$ & $0.234587$ & $0.10546$ & $0.193378$ & $0.251108$ & $0.216809$ & $-0.170602$ & $0.285446$ & $0.390669$ & $-0.154013$ & $-0.264415$ & $-0.285215$ & $0.0627451$ & $0.0741816$ & $-0.16536$ & $0.0962736$ & $0.0255242$ & $0.00804446$ & $0.280688$ & $-0.167145$ & $0.166195$ & $0.0306837$ & $-0.0648238$ & $0.239593$ \\
CHe_22 & $0.151767$ & $-0.0827715$ & $0.00288362$ & $-0.18593$ & $-0.162953$ & $-0.110425$ & $-0.120038$ & $0.619089$ & $0.610793$ & $-0.21562$ & $-0.681834$ & $-0.246016$ & $0.133889$ & $-0.0447932$ & $-0.246348$ & $-0.111242$ & $-0.181875$ & $-0.0031329$ & $-0.167331$ & $0.630947$ & $1$ & $0.543643$ & $-0.165407$ & $-0.38402$ & $-0.104346$ & $0.108334$ & $0.353684$ & $0.128951$ & $0.107269$ & $0.170687$ & $0.207114$ & $-0.0949471$ & $0.232676$ & $0.443684$ & $-0.162526$ & $-0.127084$ & $-0.187163$ & $-0.0631765$ & $0.162749$ & $-0.208599$ & $0.0602652$ & $0.0215671$ & $-0.128329$ & $0.11589$ & $-0.243959$ & $0.122938$ & $-0.11048$ & $-0.0421305$ & $0.208345$ \\
CHe_33 & $0.435305$ & $-0.210413$ & $-0.116389$ & $-0.281306$ & $-0.43274$ & $-0.346912$ & $-0.0364022$ & $0.579105$ & $0.568658$ & $-0.195381$ & $-0.668936$ & $-0.364201$ & $-0.0108453$ & $-0.0985031$ & $-0.485629$ & $-0.37357$ & $-0.0178269$ & $0.278557$ & $0.0450644$ & $0.529021$ & $0.543643$ & $1$ & $-0.363813$ & $-0.314826$ & $0.167161$ & $0.41879$ & $0.647285$ & $0.149621$ & $0.157192$ & $0.16058$ & $0.344017$ & $0.00318891$ & $0.291324$ & $0.644856$ & $-0.39881$ & $0.0586496$ & $-0.181285$ & $-0.16726$ & $0.433335$ & $-0.458112$ & $-0.0174425$ & $0.0483225$ & $-0.39255$ & $-0.0848771$ & $-0.498109$ & $0.0996015$ & $-0.318423$ & $-0.0824723$ & $0.337476$ \\
CHQ1_11 & $-0.343514$ & $0.313092$ & $-0.0418679$ & $0.278326$ & $0.428672$ & $0.360075$ & $0.119086$ & $-0.221122$ & $-0.217454$ & $0.0936335$ & $0.254543$ & $0.413558$ & $-0.0927315$ & $0.0997586$ & $0.496531$ & $0.188027$ & $-0.104113$ & $-0.394141$ & $-0.101745$ & $-0.0797016$ & $-0.165407$ & $-0.363813$ & $1$ & $-0.00404318$ & $-0.32382$ & $-0.811208$ & $-0.569267$ & $0.00513248$ & $-0.20053$ & $-0.207588$ & $-0.344725$ & $0.101138$ & $-0.285555$ & $-0.476243$ & $0.438587$ & $0.145709$ & $0.163691$ & $0.346872$ & $-0.255972$ & $0.31698$ & $-0.251487$ & $-0.0341479$ & $0.356917$ & $0.093695$ & $0.5273$ & $0.168185$ & $0.0952376$ & $0.0958488$ & $-0.0548619$ \\
CHQ1_33 & $-0.0439107$ & $-0.3336$ & $-0.146702$ & $0.361477$ & $-0.123473$ & $-0.170328$ & $0.212156$ & $-0.707921$ & $-0.706032$ & $0.736376$ & $0.415462$ & $0.176936$ & $-0.356044$ & $0.587839$ & $0.124763$ & $0.179462$ & $0.751239$ & $0.452392$ & $0.565861$ & $-0.516379$ & $-0.38402$ & $-0.314826$ & $-0.00404318$ & $1$ & $0.585616$ & $0.0642513$ & $-0.188803$ & $0.202784$ & $-0.17712$ & $-0.252668$ & $-0.199048$ & $0.203156$ & $-0.317574$ & $-0.475954$ & $0.163205$ & $0.394193$ & $0.56853$ & $-0.13751$ & $-0.200834$ & $0.430683$ & $-0.284309$ & $-0.190897$ & $0.0280806$ & $-0.495104$ & $0.139581$ & $-0.605968$ & $-0.154113$ & $0.178795$ & $-0.316742$ \\
CHQ3_11 & $0.383585$ & $-0.534065$ & $-0.224482$ & $0.125456$ & $-0.529608$ & $-0.500367$ & $0.129995$ & $-0.400139$ & $-0.406053$ & $0.595757$ & $0.0760968$ & $-0.181497$ & $-0.313631$ & $0.448913$ & $-0.434553$ & $-0.272536$ & $0.81024$ & $0.87641$ & $0.796154$ & $-0.331385$ & $-0.104346$ & $0.167161$ & $-0.32382$ & $0.585616$ & $1$ & $0.512481$ & $0.463147$ & $0.175121$ & $-0.0376663$ & $-0.0894557$ & $0.0777367$ & $0.15093$ & $-0.0181051$ & $0.120742$ & $-0.194203$ & $0.400117$ & $0.347686$ & $-0.304414$ & $0.247978$ & $-0.0153056$ & $-0.278494$ & $-0.203078$ & $-0.324157$ & $-0.533718$ & $-0.381955$ & $-0.50178$ & $-0.486889$ & $0.122067$ & $0.03988$ \\
CHu_11 & $0.573574$ & $-0.353124$ & $-0.0356691$ & $-0.279978$ & $-0.562158$ & $-0.533729$ & $-0.063504$ & $0.134998$ & $0.126131$ & $-0.0430307$ & $-0.192483$ & $-0.430943$ & $-0.0197125$ & $-0.132099$ & $-0.65629$ & $-0.347415$ & $0.246163$ & $0.592777$ & $0.274458$ & $-0.0326498$ & $0.108334$ & $0.41879$ & $-0.811208$ & $0.0642513$ & $0.512481$ & $1$ & $0.782861$ & $-0.0107432$ & $0.223281$ & $0.19017$ & $0.374137$ & $-0.0373301$ & $0.302665$ & $0.576634$ & $-0.518308$ & $0.00283757$ & $-0.160766$ & $-0.421165$ & $0.423997$ & $-0.46471$ & $0.156075$ & $0.0340033$ & $-0.519262$ & $-0.262017$ & $-0.689267$ & $-0.139159$ & $-0.316139$ & $-0.0994954$ & $0.181654$ \\
CHd_11 & $0.68819$ & $-0.400864$ & $0.010279$ & $-0.285218$ & $-0.67624$ & $-0.562737$ & $-0.264689$ & $0.442098$ & $0.426123$ & $-0.244075$ & $-0.46213$ & $-0.595355$ & $0.170613$ & $-0.28259$ & $-0.801712$ & $-0.563201$ & $0.0567932$ & $0.538181$ & $0.224265$ & $0.234587$ & $0.353684$ & $0.647285$ & $-0.569267$ & $-0.188803$ & $0.463147$ & $0.782861$ & $1$ & $0.102762$ & $0.267717$ & $0.375692$ & $0.483862$ & $-0.220589$ & $0.536679$ & $0.804334$ & $-0.589673$ & $-0.0664386$ & $-0.335281$ & $-0.298652$ & $0.602823$ & $-0.530995$ & $0.0605808$ & $0.041958$ & $-0.608373$ & $-0.220494$ & $-0.79832$ & $-0.0351492$ & $-0.544339$ & $-0.107631$ & $0.484612$ \\
CHd_33 & $0.136688$ & $-0.196011$ & $0.0258289$ & $0.119308$ & $-0.178861$ & $-0.131903$ & $-0.0653864$ & $0.0246815$ & $0.019861$ & $0.146981$ & $-0.146086$ & $-0.128293$ & $-0.0257568$ & $0.163365$ & $-0.0599527$ & $-0.0976509$ & $0.187675$ & $0.147836$ & $0.205221$ & $0.10546$ & $0.128951$ & $0.149621$ & $0.00513248$ & $0.202784$ & $0.175121$ & $-0.0107432$ & $0.102762$ & $1$ & $0.00424213$ & $0.0356112$ & $0.0407571$ & $-0.0651445$ & $0.0484325$ & $0.0221149$ & $-0.102409$ & $0.148441$ & $0.0734855$ & $0.0829995$ & $0.0473479$ & $0.118273$ & $-0.173393$ & $0.0301652$ & $-0.132805$ & $-0.31653$ & $-0.0275617$ & $-0.193298$ & $-0.263754$ & $-0.049796$ & $0.0606997$ \\
CeH_22r & $0.103183$ & $-0.103115$ & $0.193469$ & $-0.151214$ & $-0.210165$ & $-0.0697952$ & $-0.325202$ & $0.274376$ & $0.272099$ & $-0.244793$ & $-0.208552$ & $-0.306812$ & $0.37805$ & $-0.178528$ & $-0.246688$ & $-0.0526681$ & $-0.206243$ & $0.00933449$ & $-0.157509$ & $0.193378$ & $0.107269$ & $0.157192$ & $-0.20053$ & $-0.17712$ & $-0.0376663$ & $0.223281$ & $0.267717$ & $0.00424213$ & $1$ & $0.375689$ & $0.295104$ & $-0.316831$ & $0.373453$ & $0.265268$ & $-0.279488$ & $-0.377156$ & $-0.369461$ & $-0.0189538$ & $0.0975788$ & $-0.119639$ & $0.205873$ & $0.0720111$ & $-0.0977485$ & $0.124532$ & $-0.2602$ & $-0.00599473$ & $0.0366659$ & $-0.112773$ & $0.175776$ \\
CeH_33r & $0.0607848$ & $-0.26536$ & $0.398752$ & $-0.132405$ & $-0.321016$ & $-0.0591046$ & $-0.72933$ & $0.403149$ & $0.404994$ & $-0.360864$ & $-0.291201$ & $-0.451586$ & $0.779399$ & $-0.265521$ & $-0.290394$ & $-0.176813$ & $-0.358674$ & $-0.0854781$ & $-0.172939$ & $0.251108$ & $0.170687$ & $0.16058$ & $-0.207588$ & $-0.252668$ & $-0.0894557$ & $0.19017$ & $0.375692$ & $0.0356112$ & $0.375689$ & $1$ & $0.513917$ & $-0.655147$ & $0.8785$ & $0.287635$ & $-0.345974$ & $-0.56127$ & $-0.525777$ & $0.172721$ & $0.0749295$ & $0.0302033$ & $0.152925$ & $0.156817$ & $-0.148603$ & $0.19845$ & $-0.228111$ & $-0.0859039$ & $-0.0883361$ & $-0.0912782$ & $0.4042$ \\
CuH_22r & $0.162635$ & $-0.275021$ & $0.049023$ & $-0.322071$ & $-0.372676$ & $-0.260273$ & $-0.350679$ & $0.363858$ & $0.36536$ & $-0.301786$ & $-0.315775$ & $-0.469179$ & $0.338466$ & $-0.276353$ & $-0.422798$ & $-0.247993$ & $-0.138656$ & $0.146163$ & $-0.0428178$ & $0.216809$ & $0.207114$ & $0.344017$ & $-0.344725$ & $-0.199048$ & $0.0777367$ & $0.374137$ & $0.483862$ & $0.0407571$ & $0.295104$ & $0.513917$ & $1$ & $-0.288767$ & $0.602977$ & $0.439761$ & $-0.448964$ & $-0.246313$ & $-0.361195$ & $0.0141757$ & $0.217251$ & $-0.271658$ & $0.0837216$ & $0.105122$ & $-0.255283$ & $0.122832$ & $-0.36768$ & $-0.0126685$ & $-0.0569683$ & $-0.120833$ & $0.36436$ \\
CuH_33r & $-0.00328972$ & $0.196819$ & $-0.524645$ & $0.0490391$ & $0.216686$ & $0.00205759$ & $0.974432$ & $-0.303631$ & $-0.282446$ & $0.322696$ & $0.173006$ & $0.491978$ & $-0.850154$ & $0.250505$ & $0.11904$ & $0.0616191$ & $0.367376$ & $0.211136$ & $0.218061$ & $-0.170602$ & $-0.0949471$ & $0.00318891$ & $0.101138$ & $0.203156$ & $0.15093$ & $-0.0373301$ & $-0.220589$ & $-0.0651445$ & $-0.316831$ & $-0.655147$ & $-0.288767$ & $1$ & $-0.635068$ & $-0.119502$ & $0.26748$ & $0.610192$ & $0.516198$ & $-0.288764$ & $0.0140552$ & $-0.198419$ & $-0.166228$ & $-0.265458$ & $0.126031$ & $-0.123006$ & $0.060926$ & $0.115644$ & $0.0734586$ & $0.140528$ & $-0.351947$ \\
CdH_33r & $0.196415$ & $-0.30707$ & $0.328555$ & $-0.195319$ & $-0.433528$ & $-0.147756$ & $-0.72958$ & $0.478547$ & $0.477215$ & $-0.424728$ & $-0.37073$ & $-0.565244$ & $0.754747$ & $-0.331215$ & $-0.411127$ & $-0.297386$ & $-0.341737$ & $0.00712043$ & $-0.127118$ & $0.285446$ & $0.232676$ & $0.291324$ & $-0.285555$ & $-0.317574$ & $-0.0181051$ & $0.302665$ & $0.536679$ & $0.0484325$ & $0.373453$ & $0.8785$ & $0.602977$ & $-0.635068$ & $1$ & $0.435926$ & $-0.444541$ & $-0.514217$ & $-0.577593$ & $0.140277$ & $0.208315$ & $-0.103049$ & $0.102101$ & $0.159675$ & $-0.238458$ & $0.168941$ & $-0.371541$ & $-0.0393571$ & $-0.195518$ & $-0.110654$ & $0.559201$ \\
CLL_1221 & $0.571295$ & $-0.0688235$ & $0.0457576$ & $-0.41962$ & $-0.402409$ & $-0.378498$ & $-0.146165$ & $0.673907$ & $0.660514$ & $-0.484646$ & $-0.576306$ & $-0.500486$ & $0.144231$ & $-0.433376$ & $-0.75032$ & $-0.44718$ & $-0.195174$ & $0.373674$ & $-0.0487754$ & $0.390669$ & $0.443684$ & $0.644856$ & $-0.476243$ & $-0.475954$ & $0.120742$ & $0.576634$ & $0.804334$ & $0.0221149$ & $0.265268$ & $0.287635$ & $0.439761$ & $-0.119502$ & $0.435926$ & $1$ & $-0.54224$ & $-0.153953$ & $-0.47012$ & $-0.227312$ & $0.572023$ & $-0.671624$ & $0.22346$ & $0.165272$ & $-0.54534$ & $-0.00259796$ & $-0.658201$ & $0.296363$ & $-0.288294$ & $-0.211388$ & $0.408604$ \\
eHggint & $-0.401998$ & $0.218298$ & $0.022866$ & $0.690296$ & $0.48945$ & $0.406566$ & $0.270488$ & $-0.323484$ & $-0.319103$ & $0.304542$ & $0.298985$ & $0.720601$ & $-0.203012$ & $0.302293$ & $0.505945$ & $0.266752$ & $0.0235955$ & $-0.278254$ & $-0.0201946$ & $-0.154013$ & $-0.162526$ & $-0.39881$ & $0.438587$ & $0.163205$ & $-0.194203$ & $-0.518308$ & $-0.589673$ & $-0.102409$ & $-0.279488$ & $-0.345974$ & $-0.448964$ & $0.26748$ & $-0.444541$ & $-0.54224$ & $1$ & $0.195228$ & $0.583298$ & $-0.25316$ & $-0.0840015$ & $0.507782$ & $-0.0883209$ & $-0.538204$ & $0.444874$ & $0.162772$ & $0.419575$ & $-0.129165$ & $0.0657387$ & $0.658372$ & $-0.339367$ \\
eHggpar & $0.165091$ & $-0.145358$ & $-0.508257$ & $0.257095$ & $-0.0758291$ & $-0.200032$ & $0.608004$ & $-0.398024$ & $-0.399204$ & $0.468926$ & $0.188149$ & $0.330542$ & $-0.776182$ & $0.303906$ & $0.0367891$ & $-0.18203$ & $0.567645$ & $0.385243$ & $0.52811$ & $-0.264415$ & $-0.127084$ & $0.0586496$ & $0.145709$ & $0.394193$ & $0.400117$ & $0.00283757$ & $-0.0664386$ & $0.148441$ & $-0.377156$ & $-0.56127$ & $-0.246313$ & $0.610192$ & $-0.514217$ & $-0.153953$ & $0.195228$ & $1$ & $0.707724$ & $-0.0702586$ & $0.017616$ & $-0.0239722$ & $-0.596961$ & $-0.168939$ & $-0.0606777$ & $-0.437107$ & $0.155005$ & $-0.132551$ & $-0.386344$ & $0.245323$ & $-0.0606495$ \\
eHWWint & $-0.244362$ & $-0.328973$ & $-0.420393$ & $0.469051$ & $0.00288579$ & $-0.0564617$ & $0.519325$ & $-0.501442$ & $-0.496678$ & $0.640682$ & $0.245495$ & $0.472793$ & $-0.622073$ & $0.540945$ & $0.267259$ & $0.118104$ & $0.563502$ & $0.254434$ & $0.44241$ & $-0.285215$ & $-0.187163$ & $-0.181285$ & $0.163691$ & $0.56853$ & $0.347686$ & $-0.160766$ & $-0.335281$ & $0.0734855$ & $-0.369461$ & $-0.525777$ & $-0.361195$ & $0.516198$ & $-0.577593$ & $-0.47012$ & $0.583298$ & $0.707724$ & $1$ & $-0.259281$ & $-0.152427$ & $0.440302$ & $-0.482167$ & $-0.515855$ & $0.242766$ & $-0.229351$ & $0.27865$ & $-0.547256$ & $-0.165143$ & $0.567182$ & $-0.333427$ \\
eHWWpar & $-0.361817$ & $0.00768247$ & $-0.0130694$ & $-0.267802$ & $0.0941788$ & $0.23517$ & $-0.263861$ & $0.0521362$ & $0.0552476$ & $-0.135188$ & $0.0145133$ & $-0.253693$ & $0.284659$ & $-0.0402907$ & $0.267796$ & $0.00589424$ & $-0.235743$ & $-0.341432$ & $-0.118006$ & $0.0627451$ & $-0.0631765$ & $-0.16726$ & $0.346872$ & $-0.13751$ & $-0.304414$ & $-0.421165$ & $-0.298652$ & $0.0829995$ & $-0.0189538$ & $0.172721$ & $0.0141757$ & $-0.288764$ & $0.140277$ & $-0.227312$ & $-0.25316$ & $-0.0702586$ & $-0.259281$ & $1$ & $-0.49728$ & $0.204334$ & $-0.326733$ & $0.484426$ & $0.209723$ & $0.21867$ & $0.545458$ & $0.171608$ & $0.16595$ & $-0.391118$ & $0.246642$ \\
eHZZint & $0.654539$ & $0.110688$ & $0.220764$ & $0.131664$ & $-0.232973$ & $-0.272168$ & $-0.0227295$ & $0.209671$ & $0.186303$ & $-0.150477$ & $-0.163642$ & $-0.0453507$ & $-0.0380342$ & $-0.258566$ & $-0.517853$ & $-0.41743$ & $0.0231162$ & $0.33551$ & $0.135835$ & $0.0741816$ & $0.162749$ & $0.433335$ & $-0.255972$ & $-0.200834$ & $0.247978$ & $0.423997$ & $0.602823$ & $0.0473479$ & $0.0975788$ & $0.0749295$ & $0.217251$ & $0.0140552$ & $0.208315$ & $0.572023$ & $-0.0840015$ & $0.017616$ & $-0.152427$ & $-0.49728$ & $1$ & $-0.535835$ & $0.27098$ & $-0.0746643$ & $-0.62885$ & $-0.196611$ & $-0.598237$ & $0.192896$ & $-0.492168$ & $0.13801$ & $0.242163$ \\
eHZZpar & $-0.541413$ & $-0.302642$ & $0.106582$ & $0.556276$ & $0.0902778$ & $0.249162$ & $-0.18968$ & $-0.352448$ & $-0.346117$ & $0.412455$ & $0.227657$ & $0.160792$ & $0.199872$ & $0.460299$ & $0.460988$ & $0.307154$ & $0.141478$ & $-0.187486$ & $0.103868$ & $-0.16536$ & $-0.208599$ & $-0.458112$ & $0.31698$ & $0.430683$ & $-0.0153056$ & $-0.46471$ & $-0.530995$ & $0.118273$ & $-0.119639$ & $0.0302033$ & $-0.271658$ & $-0.198419$ & $-0.103049$ & $-0.671624$ & $0.507782$ & $-0.0239722$ & $0.440302$ & $0.204334$ & $-0.535835$ & $1$ & $-0.351629$ & $-0.271616$ & $0.479661$ & $-0.0542937$ & $0.52277$ & $-0.601584$ & $0.0314017$ & $0.380887$ & $-0.195402$ \\
eHZgaint & $0.0745043$ & $0.496402$ & $0.583947$ & $-0.175253$ & $0.288151$ & $0.081671$ & $-0.162697$ & $0.188184$ & $0.1735$ & $-0.32495$ & $-0.00431809$ & $0.0549444$ & $0.258743$ & $-0.313428$ & $-0.0808922$ & $0.210986$ & $-0.327224$ & $-0.196466$ & $-0.410855$ & $0.0962736$ & $0.0602652$ & $-0.0174425$ & $-0.251487$ & $-0.284309$ & $-0.278494$ & $0.156075$ & $0.0605808$ & $-0.173393$ & $0.205873$ & $0.152925$ & $0.0837216$ & $-0.166228$ & $0.102101$ & $0.22346$ & $-0.0883209$ & $-0.596961$ & $-0.482167$ & $-0.326733$ & $0.27098$ & $-0.351629$ & $1$ & $0.237763$ & $-0.345691$ & $0.209943$ & $-0.14606$ & $0.342509$ & $0.378813$ & $-0.226133$ & $-0.42058$ \\
eHZgapar & $0.189733$ & $0.310806$ & $0.364133$ & $-0.378879$ & $0.0640206$ & $-0.00918029$ & $-0.239059$ & $0.117143$ & $0.0978169$ & $-0.252206$ & $0.00808484$ & $-0.319231$ & $0.194778$ & $-0.287828$ & $-0.0393583$ & $-0.0658737$ & $-0.174351$ & $-0.134122$ & $-0.148119$ & $0.0255242$ & $0.0215671$ & $0.0483225$ & $-0.0341479$ & $-0.190897$ & $-0.203078$ & $0.0340033$ & $0.041958$ & $0.0301652$ & $0.0720111$ & $0.156817$ & $0.105122$ & $-0.265458$ & $0.159675$ & $0.165272$ & $-0.538204$ & $-0.168939$ & $-0.515855$ & $0.484426$ & $-0.0746643$ & $-0.271616$ & $0.237763$ & $1$ & $-0.426283$ & $-0.157651$ & $0.247066$ & $0.4148$ & $0.076879$ & $-0.700609$ & $0.103578$ \\
eHgagaint & $-0.613371$ & $-0.012824$ & $-0.406084$ & $0.0740015$ & $0.327219$ & $0.440447$ & $0.146483$ & $-0.133965$ & $-0.0945248$ & $0.0942454$ & $0.12413$ & $0.28994$ & $-0.00917911$ & $0.245834$ & $0.538295$ & $0.40159$ & $-0.154847$ & $-0.410363$ & $-0.222206$ & $0.00804446$ & $-0.128329$ & $-0.39255$ & $0.356917$ & $0.0280806$ & $-0.324157$ & $-0.519262$ & $-0.608373$ & $-0.132805$ & $-0.0977485$ & $-0.148603$ & $-0.255283$ & $0.126031$ & $-0.238458$ & $-0.54534$ & $0.444874$ & $-0.0606777$ & $0.242766$ & $0.209723$ & $-0.62885$ & $0.479661$ & $-0.345691$ & $-0.426283$ & $1$ & $0.441222$ & $0.299275$ & $-0.107509$ & $0.458224$ & $0.163724$ & $-0.0546552$ \\
eHmumuint & $-0.63293$ & $0.0728079$ & $-0.0480408$ & $-0.329353$ & $0.256334$ & $0.373796$ & $-0.12368$ & $0.37324$ & $0.389972$ & $-0.447999$ & $-0.180377$ & $0.00812957$ & $0.376442$ & $-0.204224$ & $0.193527$ & $0.154819$ & $-0.583684$ & $-0.48024$ & $-0.501889$ & $0.280688$ & $0.11589$ & $-0.0848771$ & $0.093695$ & $-0.495104$ & $-0.533718$ & $-0.262017$ & $-0.220494$ & $-0.31653$ & $0.124532$ & $0.19845$ & $0.122832$ & $-0.123006$ & $0.168941$ & $-0.00259796$ & $0.162772$ & $-0.437107$ & $-0.229351$ & $0.21867$ & $-0.196611$ & $-0.0542937$ & $0.209943$ & $-0.157651$ & $0.441222$ & $1$ & $0.175951$ & $0.235242$ & $0.61284$ & $0.176653$ & $0.0472642$ \\
eHtautauint & $-0.672471$ & $0.244169$ & $0.143509$ & $0.233127$ & $0.516325$ & $0.434834$ & $0.0984537$ & $-0.324877$ & $-0.326616$ & $0.193501$ & $0.341909$ & $0.364028$ & $-0.0477263$ & $0.223646$ & $0.665306$ & $0.308649$ & $-0.0588234$ & $-0.455642$ & $-0.0931073$ & $-0.167145$ & $-0.243959$ & $-0.498109$ & $0.5273$ & $0.139581$ & $-0.381955$ & $-0.689267$ & $-0.79832$ & $-0.0275617$ & $-0.2602$ & $-0.228111$ & $-0.36768$ & $0.060926$ & $-0.371541$ & $-0.658201$ & $0.419575$ & $0.155005$ & $0.27865$ & $0.545458$ & $-0.598237$ & $0.52277$ & $-0.14606$ & $0.247066$ & $0.299275$ & $0.175951$ & $1$ & $0.0248401$ & $0.365847$ & $0.0891406$ & $-0.364851$ \\
eHccint & $0.197106$ & $0.805568$ & $0.129138$ & $-0.349504$ & $0.470732$ & $0.269635$ & $0.129176$ & $0.29249$ & $0.290694$ & $-0.506077$ & $-0.035347$ & $0.15287$ & $-0.0291969$ & $-0.470647$ & $0.022446$ & $-0.0710774$ & $-0.476381$ & $-0.362798$ & $-0.412031$ & $0.166195$ & $0.122938$ & $0.0996015$ & $0.168185$ & $-0.605968$ & $-0.50178$ & $-0.139159$ & $-0.0351492$ & $-0.193298$ & $-0.00599473$ & $-0.0859039$ & $-0.0126685$ & $0.115644$ & $-0.0393571$ & $0.296363$ & $-0.129165$ & $-0.132551$ & $-0.547256$ & $0.171608$ & $0.192896$ & $-0.601584$ & $0.342509$ & $0.4148$ & $-0.107509$ & $0.235242$ & $0.0248401$ & $1$ & $0.184094$ & $-0.400299$ & $0.0645307$ \\
eHccpar & $-0.660755$ & $0.307618$ & $-0.0413319$ & $-0.349798$ & $0.460996$ & $0.363971$ & $0.113445$ & $0.00120334$ & $0.0218517$ & $-0.158428$ & $0.109431$ & $0.162563$ & $0.071076$ & $-0.00700958$ & $0.420668$ & $0.482949$ & $-0.30336$ & $-0.445917$ & $-0.468369$ & $0.0306837$ & $-0.11048$ & $-0.318423$ & $0.0952376$ & $-0.154113$ & $-0.486889$ & $-0.316139$ & $-0.544339$ & $-0.263754$ & $0.0366659$ & $-0.0883361$ & $-0.0569683$ & $0.0734586$ & $-0.195518$ & $-0.288294$ & $0.0657387$ & $-0.386344$ & $-0.165143$ & $0.16595$ & $-0.492168$ & $0.0314017$ & $0.378813$ & $0.076879$ & $0.458224$ & $0.61284$ & $0.365847$ & $0.184094$ & $1$ & $-0.130528$ & $-0.40509$ \\
eHbbint & $-0.293971$ & $-0.283097$ & $0.0186539$ & $0.617855$ & $-0.0140629$ & $0.0670836$ & $0.112739$ & $-0.127623$ & $-0.128711$ & $0.251087$ & $0.0437134$ & $0.375525$ & $-0.0651692$ & $0.26342$ & $0.113272$ & $-0.0413944$ & $0.129144$ & $0.0515401$ & $0.176791$ & $-0.0648238$ & $-0.0421305$ & $-0.0824723$ & $0.0958488$ & $0.178795$ & $0.122067$ & $-0.0994954$ & $-0.107631$ & $-0.049796$ & $-0.112773$ & $-0.0912782$ & $-0.120833$ & $0.140528$ & $-0.110654$ & $-0.211388$ & $0.658372$ & $0.245323$ & $0.567182$ & $-0.391118$ & $0.13801$ & $0.380887$ & $-0.226133$ & $-0.700609$ & $0.163724$ & $0.176653$ & $0.0891406$ & $-0.400299$ & $-0.130528$ & $1$ & $-0.127659$ \\
eHbbpar & $0.310123$ & $-0.308017$ & $-0.13448$ & $-0.158019$ & $-0.439771$ & $-0.167535$ & $-0.376584$ & $0.404879$ & $0.406794$ & $-0.324069$ & $-0.33427$ & $-0.495046$ & $0.354871$ & $-0.289415$ & $-0.345445$ & $-0.440512$ & $-0.217656$ & $0.0622828$ & $0.0269587$ & $0.239593$ & $0.208345$ & $0.337476$ & $-0.0548619$ & $-0.316742$ & $0.03988$ & $0.181654$ & $0.484612$ & $0.0606997$ & $0.175776$ & $0.4042$ & $0.36436$ & $-0.351947$ & $0.559201$ & $0.408604$ & $-0.339367$ & $-0.0606495$ & $-0.333427$ & $0.246642$ & $0.242163$ & $-0.195402$ & $-0.42058$ & $0.103578$ & $-0.0546552$ & $0.0472642$ & $-0.364851$ & $0.0645307$ & $-0.40509$ & $-0.127659$ & $1$ \\
