 & AlsMz & dAle5Mz & mtop & mHl & Mz & CW & CHG & CHWB & CHWHB_gaga & CHWHB_gagaorth & CHD & CHbox & CH & CHL1_11 & CHL1_22 & CHL1_33 & CHL3_11 & CHL3_22 & CHL3_33 & CHe_11 & CHe_22 & CHe_33 & CHQ1_11 & CHQ1_33 & CHQ3_11 & CHu_11 & CHd_11 & CHd_33 & CeH_22r & CeH_33r & CuH_22r & CuH_33r & CdH_33r & CLL_1221 & eHggint & eHggpar & eHWWint & eHWWpar & eHZZint & eHZZpar & eHZgaint & eHZgapar & eHgagaint & eHmumuint & eHtautauint & eHccint & eHccpar & eHbbint & eHbbpar \\
AlsMz & $1$ & $-0.013746$ & $0.00601541$ & $-0.000448752$ & $-0.0339738$ & $-0.0220704$ & $0.0455953$ & $0.0223085$ & $0.0279052$ & $0.00204534$ & $-0.0311803$ & $-0.0337211$ & $-0.0284212$ & $0.0137238$ & $0.0451465$ & $-0.0123594$ & $0.010598$ & $-0.0224287$ & $0.0174562$ & $0.0205306$ & $0.0257555$ & $0.0259383$ & $-0.0143517$ & $-0.0730722$ & $-0.116643$ & $-0.0495757$ & $-0.0569666$ & $0.0322401$ & $0.0363297$ & $-0.0118385$ & $-0.0196818$ & $0.0477813$ & $-0.0100733$ & $-0.0164459$ & $-0.0448727$ & $-0.0243965$ & $-0.0386795$ & $-0.0106185$ & $0.0403102$ & $0.0336751$ & $-0.0142992$ & $0.0609182$ & $-0.0272529$ & $0.0174929$ & $0.0293263$ & $-0.0100276$ & $0.0525135$ & $-0.0264749$ & $0.0164813$ \\
dAle5Mz & $-0.013746$ & $1$ & $-0.0511648$ & $-0.0431624$ & $0.000551242$ & $0.00487071$ & $0.0178397$ & $-0.0845802$ & $-0.0912365$ & $0.0583001$ & $0.0549073$ & $-0.0141185$ & $-0.0233655$ & $-0.00154906$ & $0.0152173$ & $0.00727354$ & $0.0291492$ & $0.0191615$ & $0.0236763$ & $-0.0283423$ & $-0.0388299$ & $-0.0395546$ & $-0.0188689$ & $0.0514663$ & $0.0106131$ & $0.0218482$ & $-0.0752762$ & $0.0144949$ & $-0.0211815$ & $0.00499135$ & $0.000438243$ & $0.0384205$ & $-0.017919$ & $-0.0314066$ & $0.0924016$ & $0.0483966$ & $-0.102488$ & $-0.000450499$ & $0.00210602$ & $0.0304395$ & $0.0429352$ & $0.0278824$ & $-0.0733165$ & $-0.00635973$ & $-0.0451457$ & $0.0616161$ & $-0.0280329$ & $0.0124466$ & $-0.00692374$ \\
mtop & $0.00601541$ & $-0.0511648$ & $1$ & $-0.0461062$ & $0.00638848$ & $0.00391201$ & $-0.0160556$ & $0.00105761$ & $0.00395227$ & $-0.0230486$ & $0.018267$ & $0.0168909$ & $0.0197201$ & $-0.0462684$ & $0.000736002$ & $0.00458584$ & $-0.00841146$ & $-0.0273417$ & $-0.0341955$ & $-0.0144533$ & $-0.014286$ & $-0.0127608$ & $0.00678769$ & $-0.0209851$ & $-0.0280567$ & $-0.00485535$ & $-0.01516$ & $0.0120377$ & $-0.0263358$ & $0.0213765$ & $0.0383248$ & $-0.0141475$ & $0.0235374$ & $0.0123991$ & $0.0231441$ & $-0.000372364$ & $-0.0149161$ & $0.0324689$ & $-0.0699739$ & $-0.0438965$ & $-0.0474953$ & $-0.0216999$ & $0.0233709$ & $-0.0100357$ & $-0.0748536$ & $0.0229386$ & $0.019373$ & $0.0167111$ & $0.0102635$ \\
mHl & $-0.000448752$ & $-0.0431624$ & $-0.0461062$ & $1$ & $0.000803663$ & $0.00844656$ & $-0.0120541$ & $-0.0146666$ & $-0.010276$ & $0.0180621$ & $-0.00673374$ & $0.0204946$ & $0.0151075$ & $0.0377875$ & $-0.00861197$ & $-0.00187362$ & $0.0381263$ & $0.0468613$ & $0.0391169$ & $0.0055718$ & $0.00399403$ & $0.00300952$ & $0.00459709$ & $0.0397885$ & $0.0448222$ & $0.000990714$ & $0.00227415$ & $0.0149451$ & $0.0361142$ & $0.00855091$ & $0.00416925$ & $-0.00723001$ & $0.00952978$ & $-0.0132961$ & $0.037026$ & $-0.0172905$ & $-0.045638$ & $-0.0137794$ & $-0.0496115$ & $0.0134933$ & $0.0146537$ & $0.00905827$ & $0.0647982$ & $0.0214783$ & $-0.0180537$ & $0.0235651$ & $-0.0038107$ & $-0.0357521$ & $0.0255582$ \\
Mz & $-0.0339738$ & $0.000551242$ & $0.00638848$ & $0.000803663$ & $1$ & $0.0103814$ & $0.019636$ & $0.00500043$ & $-0.000506885$ & $0.00871515$ & $0.00149263$ & $-0.0357063$ & $-0.0325559$ & $-0.00517012$ & $0.0228385$ & $0.0134899$ & $0.00736801$ & $-0.0159772$ & $-0.00743395$ & $0.00348643$ & $0.00419719$ & $0.0104066$ & $-0.033223$ & $-0.0123921$ & $0.00742562$ & $0.0239668$ & $0.00711697$ & $-0.038216$ & $-0.0505961$ & $-0.0246138$ & $-0.0169028$ & $0.0200345$ & $-0.0328544$ & $-0.0104147$ & $0.0230685$ & $0.00412212$ & $0.00458051$ & $-0.00425913$ & $-0.0391043$ & $0.01932$ & $0.0400283$ & $0.0285016$ & $0.0083658$ & $0.0447025$ & $-0.0625585$ & $0.0084076$ & $-0.0415171$ & $-0.0252136$ & $-0.0135796$ \\
CW & $-0.0220704$ & $0.00487071$ & $0.00391201$ & $0.00844656$ & $0.0103814$ & $1$ & $0.0185569$ & $-0.0662724$ & $-0.0626415$ & $0.0415925$ & $0.15192$ & $-0.0277166$ & $-0.0371421$ & $0.000960821$ & $-0.0806464$ & $-0.0657093$ & $-0.328313$ & $-0.121638$ & $-0.133216$ & $-0.148138$ & $-0.157033$ & $-0.160795$ & $-0.0179386$ & $-0.0640949$ & $-0.152133$ & $0.100778$ & $-0.0678896$ & $-0.0894371$ & $-0.0480955$ & $-0.0454485$ & $-0.024204$ & $0.0130606$ & $-0.0486314$ & $-0.117763$ & $0.0520784$ & $-0.0522225$ & $0.013434$ & $-0.0122363$ & $-0.0308071$ & $-0.0117406$ & $-0.0374847$ & $-0.017937$ & $0.0306295$ & $-0.0311159$ & $-0.0134218$ & $-0.0133292$ & $-0.025901$ & $-0.0145131$ & $-0.0209637$ \\
CHG & $0.0455953$ & $0.0178397$ & $-0.0160556$ & $-0.0120541$ & $0.019636$ & $0.0185569$ & $1$ & $0.0162403$ & $0.0435255$ & $0.158602$ & $0.039728$ & $-0.746283$ & $-0.758831$ & $-0.102595$ & $-0.00532583$ & $0.0111478$ & $-0.110018$ & $-0.108646$ & $-0.115866$ & $-0.0392639$ & $-0.036652$ & $-0.0426812$ & $-0.00155775$ & $-0.0742012$ & $-0.121426$ & $0.0126526$ & $-0.0180051$ & $0.0137226$ & $-0.10643$ & $-0.579281$ & $-0.358853$ & $0.958023$ & $-0.585315$ & $0.0230886$ & $-0.121626$ & $-0.135524$ & $0.0231136$ & $-0.0146216$ & $0.0148347$ & $0.0365397$ & $0.0293337$ & $0.0324454$ & $-0.030521$ & $0.0362653$ & $0.00715442$ & $-0.0784693$ & $-0.0393593$ & $0.0349795$ & $0.0283633$ \\
CHWB & $0.0223085$ & $-0.0845802$ & $0.00105761$ & $-0.0146666$ & $0.00500043$ & $-0.0662724$ & $0.0162403$ & $1$ & $0.987919$ & $-0.521489$ & $-0.878875$ & $-0.0437202$ & $-0.0036312$ & $0.259668$ & $0.461754$ & $0.447769$ & $-0.24445$ & $-0.427494$ & $-0.418993$ & $0.861152$ & $0.892226$ & $0.883364$ & $0.0546157$ & $-0.657394$ & $-0.393738$ & $-0.623589$ & $0.407337$ & $0.388175$ & $-0.0248579$ & $0.0162045$ & $0.00405659$ & $0.0136309$ & $0.0206272$ & $0.548787$ & $-0.0117167$ & $0.00724992$ & $0.0175199$ & $-0.00758045$ & $-0.0216535$ & $-0.00204383$ & $-0.00771338$ & $-0.0197441$ & $-0.00747589$ & $-0.00811121$ & $-0.00160979$ & $-0.00369979$ & $0.0018709$ & $-0.0496912$ & $0.0377115$ \\
CHWHB_gaga & $0.0279052$ & $-0.0912365$ & $0.00395227$ & $-0.010276$ & $-0.000506885$ & $-0.0626415$ & $0.0435255$ & $0.987919$ & $1$ & $-0.51306$ & $-0.864733$ & $-0.0403496$ & $-0.00293871$ & $0.249636$ & $0.453983$ & $0.442835$ & $-0.248235$ & $-0.428268$ & $-0.4207$ & $0.847189$ & $0.878027$ & $0.868743$ & $0.0588641$ & $-0.65449$ & $-0.39618$ & $-0.616389$ & $0.401329$ & $0.384034$ & $-0.0200616$ & $0.0300311$ & $0.0133493$ & $0.0367979$ & $0.0329863$ & $0.543218$ & $-0.0242179$ & $0.00139978$ & $0.0177667$ & $-0.0194208$ & $-0.0274605$ & $-0.00287865$ & $-0.00716622$ & $-0.0186915$ & $0.0401715$ & $-0.00192081$ & $0.00760958$ & $-0.00348609$ & $0.00521878$ & $-0.0556848$ & $0.0370111$ \\
CHWHB_gagaorth & $0.00204534$ & $0.0583001$ & $-0.0230486$ & $0.0180621$ & $0.00871515$ & $0.0415925$ & $0.158602$ & $-0.521489$ & $-0.51306$ & $1$ & $0.447029$ & $-0.135457$ & $-0.235206$ & $-0.104858$ & $-0.22639$ & $-0.223159$ & $0.140742$ & $0.237855$ & $0.237926$ & $-0.436406$ & $-0.454039$ & $-0.449574$ & $-0.0435174$ & $0.355005$ & $0.212791$ & $0.314884$ & $-0.237533$ & $-0.194816$ & $-0.0393894$ & $-0.225$ & $-0.139636$ & $0.161382$ & $-0.247529$ & $-0.303695$ & $-0.00462888$ & $0.0298016$ & $-0.0038132$ & $-0.00595775$ & $0.0370655$ & $0.0110129$ & $-0.0527089$ & $0.00941548$ & $0.00311219$ & $-0.00544087$ & $-0.00120641$ & $0.00705989$ & $-0.00441953$ & $0.0513934$ & $-0.0243544$ \\
CHD & $-0.0311803$ & $0.0549073$ & $0.018267$ & $-0.00673374$ & $0.00149263$ & $0.15192$ & $0.039728$ & $-0.878875$ & $-0.864733$ & $0.447029$ & $1$ & $-0.00404405$ & $-0.0580056$ & $-0.650011$ & $-0.580916$ & $-0.550404$ & $-0.218647$ & $0.0144293$ & $0.00797594$ & $-0.994718$ & $-0.994988$ & $-0.982997$ & $0.0009114$ & $0.263547$ & $-0.0239552$ & $0.691599$ & $-0.279641$ & $-0.432508$ & $-0.00240003$ & $-0.0600731$ & $-0.0255998$ & $0.0494753$ & $-0.0642367$ & $-0.337059$ & $0.0496416$ & $-0.0520274$ & $-0.0242799$ & $-0.0182531$ & $0.00027248$ & $-0.0154377$ & $0.00463953$ & $0.0263668$ & $-0.00709365$ & $0.00660311$ & $0.00377011$ & $0.00495517$ & $-0.0104029$ & $0.0294182$ & $-0.0281876$ \\
CHbox & $-0.0337211$ & $-0.0141185$ & $0.0168909$ & $0.0204946$ & $-0.0357063$ & $-0.0277166$ & $-0.746283$ & $-0.0437202$ & $-0.0403496$ & $-0.135457$ & $-0.00404405$ & $1$ & $0.97571$ & $0.0663426$ & $0.0139738$ & $-0.0131035$ & $0.0922997$ & $0.0828333$ & $0.104206$ & $0.00748467$ & $-0.000798384$ & $0.00778817$ & $0.0130549$ & $0.0775002$ & $0.0916506$ & $0.000850881$ & $-0.0259812$ & $-0.0193898$ & $0.173351$ & $0.735155$ & $0.438691$ & $-0.649662$ & $0.737942$ & $-0.0580433$ & $0.148223$ & $0.148353$ & $-0.0193845$ & $-0.00686626$ & $-0.00627212$ & $0.012748$ & $-0.033621$ & $-0.0377456$ & $-0.000184831$ & $-6.80242e-05$ & $0.011453$ & $0.0499542$ & $0.0461205$ & $-0.0287453$ & $-0.0319101$ \\
CH & $-0.0284212$ & $-0.0233655$ & $0.0197201$ & $0.0151075$ & $-0.0325559$ & $-0.0371421$ & $-0.758831$ & $-0.0036312$ & $-0.00293871$ & $-0.235206$ & $-0.0580056$ & $0.97571$ & $1$ & $0.11016$ & $0.0288265$ & $0.00758289$ & $0.124095$ & $0.106676$ & $0.121359$ & $0.0592206$ & $0.0538954$ & $0.0603126$ & $0.0182441$ & $0.0758755$ & $0.114685$ & $-0.0349069$ & $0.002732$ & $0.00380198$ & $0.182243$ & $0.733171$ & $0.444803$ & $-0.669879$ & $0.733824$ & $-0.0285379$ & $0.133023$ & $0.148242$ & $-0.0100968$ & $-0.00982942$ & $-0.011226$ & $0.0140509$ & $-0.0309536$ & $-0.0423786$ & $-0.0051525$ & $0.00272584$ & $0.0144778$ & $0.0372621$ & $0.041868$ & $-0.0450805$ & $-0.0343799$ \\
CHL1_11 & $0.0137238$ & $-0.00154906$ & $-0.0462684$ & $0.0377875$ & $-0.00517012$ & $0.000960821$ & $-0.102595$ & $0.259668$ & $0.249636$ & $-0.104858$ & $-0.650011$ & $0.0663426$ & $0.11016$ & $1$ & $0.41816$ & $0.381752$ & $0.631994$ & $0.584292$ & $0.580879$ & $0.662481$ & $0.621249$ & $0.608105$ & $-0.0839236$ & $0.420213$ & $0.578187$ & $-0.427181$ & $-0.0607034$ & $0.256082$ & $0.0165688$ & $0.0839261$ & $0.0390902$ & $-0.123308$ & $0.0770144$ & $-0.189169$ & $-0.0713736$ & $0.07815$ & $0.0295879$ & $0.0559012$ & $0.022025$ & $0.0307999$ & $-0.00252139$ & $-0.0204149$ & $0.0218579$ & $-0.0125726$ & $-0.00157302$ & $-0.00135335$ & $0.01165$ & $0.011103$ & $-0.0021597$ \\
CHL1_22 & $0.0451465$ & $0.0152173$ & $0.000736002$ & $-0.00861197$ & $0.0228385$ & $-0.0806464$ & $-0.00532583$ & $0.461754$ & $0.453983$ & $-0.22639$ & $-0.580916$ & $0.0139738$ & $0.0288265$ & $0.41816$ & $1$ & $0.538445$ & $0.164363$ & $-0.310796$ & $-0.0115506$ & $0.624244$ & $0.525442$ & $0.51902$ & $-0.182866$ & $0.0177167$ & $-0.0897713$ & $-0.371531$ & $-0.303778$ & $0.226584$ & $-0.0308836$ & $0.0387777$ & $0.00465247$ & $0.00221271$ & $0.0584569$ & $-0.450258$ & $-0.00828082$ & $0.00937037$ & $0.00558833$ & $-0.00462823$ & $-0.00890789$ & $-0.0113061$ & $-0.00738194$ & $0.030281$ & $-0.00407619$ & $-0.0072528$ & $0.00114933$ & $0.00351432$ & $-0.0105747$ & $0.0100683$ & $0.0308933$ \\
CHL1_33 & $-0.0123594$ & $0.00727354$ & $0.00458584$ & $-0.00187362$ & $0.0134899$ & $-0.0657093$ & $0.0111478$ & $0.447769$ & $0.442835$ & $-0.223159$ & $-0.550404$ & $-0.0131035$ & $0.00758289$ & $0.381752$ & $0.538445$ & $1$ & $0.131918$ & $-0.0296903$ & $-0.339282$ & $0.593981$ & $0.494923$ & $0.503056$ & $-0.175459$ & $0.00301062$ & $-0.101509$ & $-0.352883$ & $-0.300174$ & $0.200127$ & $-0.0156949$ & $0.0364491$ & $0.0101961$ & $0.0174645$ & $0.0245956$ & $-0.0229927$ & $-0.0259543$ & $0.0289064$ & $0.0153826$ & $0.0107556$ & $0.00390127$ & $0.0237639$ & $-0.00503056$ & $0.00726025$ & $0.0195713$ & $-0.00865649$ & $0.00831461$ & $-0.00407223$ & $0.0156032$ & $-0.000339364$ & $-0.0111093$ \\
CHL3_11 & $0.010598$ & $0.0291492$ & $-0.00841146$ & $0.0381263$ & $0.00736801$ & $-0.328313$ & $-0.110018$ & $-0.24445$ & $-0.248235$ & $0.140742$ & $-0.218647$ & $0.0922997$ & $0.124095$ & $0.631994$ & $0.164363$ & $0.131918$ & $1$ & $0.821645$ & $0.821271$ & $0.232157$ & $0.195698$ & $0.191896$ & $-0.0652847$ & $0.743461$ & $0.851348$ & $-0.127357$ & $-0.145984$ & $0.0926022$ & $0.0720075$ & $0.0868056$ & $0.0461263$ & $-0.124573$ & $0.0950039$ & $-0.282314$ & $-0.0842294$ & $0.0878966$ & $0.00908891$ & $0.0406788$ & $0.0459941$ & $0.0299372$ & $0.0178361$ & $-0.019321$ & $0.0308952$ & $0.0129782$ & $-0.00808693$ & $-0.000960456$ & $0.0191002$ & $0.0375955$ & $-0.0116054$ \\
CHL3_22 & $-0.0224287$ & $0.0191615$ & $-0.0273417$ & $0.0468613$ & $-0.0159772$ & $-0.121638$ & $-0.108646$ & $-0.427494$ & $-0.428268$ & $0.237855$ & $0.0144293$ & $0.0828333$ & $0.106676$ & $0.584292$ & $-0.310796$ & $-0.0296903$ & $0.821645$ & $1$ & $0.788252$ & $-0.0132204$ & $-0.0193879$ & $-0.0218664$ & $-0.00564496$ & $0.73995$ & $0.86898$ & $0.0232474$ & $-0.0586083$ & $-0.0115433$ & $0.0676585$ & $0.0671352$ & $0.0430303$ & $-0.128792$ & $0.052929$ & $-0.110455$ & $-0.0757715$ & $0.0839534$ & $0.0151097$ & $0.0548971$ & $0.0467001$ & $0.0446498$ & $0.0112625$ & $-0.03271$ & $0.0336973$ & $0.00987371$ & $-0.00538466$ & $-0.00692258$ & $0.0256431$ & $0.0307683$ & $-0.0381203$ \\
CHL3_33 & $0.0174562$ & $0.0236763$ & $-0.0341955$ & $0.0391169$ & $-0.00743395$ & $-0.133216$ & $-0.115866$ & $-0.418993$ & $-0.4207$ & $0.237926$ & $0.00797594$ & $0.104206$ & $0.121359$ & $0.580879$ & $-0.0115506$ & $-0.339282$ & $0.821271$ & $0.788252$ & $1$ & $-0.00768305$ & $-0.0107909$ & $-0.0106983$ & $-0.00462601$ & $0.731088$ & $0.859564$ & $0.020725$ & $-0.0490088$ & $0.00328693$ & $0.0599719$ & $0.0694895$ & $0.0397207$ & $-0.133945$ & $0.079189$ & $-0.390144$ & $-0.0648641$ & $0.0709055$ & $0.00522474$ & $0.0497163$ & $0.0364406$ & $0.0177611$ & $0.00902655$ & $-0.013762$ & $0.0125378$ & $0.0101217$ & $-0.0109839$ & $0.00368637$ & $0.00233829$ & $0.038989$ & $-0.00412415$ \\
CHe_11 & $0.0205306$ & $-0.0283423$ & $-0.0144533$ & $0.0055718$ & $0.00348643$ & $-0.148138$ & $-0.0392639$ & $0.861152$ & $0.847189$ & $-0.436406$ & $-0.994718$ & $0.00748467$ & $0.0592206$ & $0.662481$ & $0.624244$ & $0.593981$ & $0.232157$ & $-0.0132204$ & $-0.00768305$ & $1$ & $0.984873$ & $0.973448$ & $-0.0215311$ & $-0.228208$ & $0.0292915$ & $-0.685009$ & $0.223454$ & $0.427945$ & $-0.000272534$ & $0.0636614$ & $0.0301813$ & $-0.0467494$ & $0.0665691$ & $0.280106$ & $-0.044744$ & $0.0532412$ & $0.0220194$ & $0.018664$ & $-0.00229488$ & $0.0172483$ & $-0.00489133$ & $-0.0214324$ & $0.00690814$ & $-0.00354828$ & $-0.00848628$ & $-0.00288952$ & $0.0100717$ & $-0.0250738$ & $0.0265129$ \\
CHe_22 & $0.0257555$ & $-0.0388299$ & $-0.014286$ & $0.00399403$ & $0.00419719$ & $-0.157033$ & $-0.036652$ & $0.892226$ & $0.878027$ & $-0.454039$ & $-0.994988$ & $-0.000798384$ & $0.0538954$ & $0.621249$ & $0.525442$ & $0.494923$ & $0.195698$ & $-0.0193879$ & $-0.0107909$ & $0.984873$ & $1$ & $0.986535$ & $0.0240794$ & $-0.304708$ & $0.0147713$ & $-0.693485$ & $0.342076$ & $0.435143$ & $0.00227908$ & $0.0564761$ & $0.0264345$ & $-0.0475031$ & $0.0606566$ & $0.403275$ & $-0.0460076$ & $0.0506831$ & $0.0228137$ & $0.0182162$ & $-0.000238997$ & $0.0136786$ & $-0.00165443$ & $-0.0294907$ & $0.00504275$ & $-0.00563518$ & $-0.00651855$ & $-0.00270181$ & $0.00963414$ & $-0.0319628$ & $0.0315713$ \\
CHe_33 & $0.0259383$ & $-0.0395546$ & $-0.0127608$ & $0.00300952$ & $0.0104066$ & $-0.160795$ & $-0.0426812$ & $0.883364$ & $0.868743$ & $-0.449574$ & $-0.982997$ & $0.00778817$ & $0.0603126$ & $0.608105$ & $0.51902$ & $0.503056$ & $0.191896$ & $-0.0218664$ & $-0.0106983$ & $0.973448$ & $0.986535$ & $1$ & $0.0256945$ & $-0.302845$ & $0.0129634$ & $-0.686335$ & $0.340713$ & $0.4351$ & $0.00314215$ & $0.0624561$ & $0.0272855$ & $-0.0510434$ & $0.069103$ & $0.402871$ & $-0.0456056$ & $0.0549691$ & $0.0180503$ & $0.0227189$ & $-0.00534434$ & $0.0194435$ & $0.000939157$ & $-0.0281595$ & $8.68408e-05$ & $-0.00424146$ & $-0.00524226$ & $0.00375376$ & $0.00794282$ & $-0.0262663$ & $0.0360072$ \\
CHQ1_11 & $-0.0143517$ & $-0.0188689$ & $0.00678769$ & $0.00459709$ & $-0.033223$ & $-0.0179386$ & $-0.00155775$ & $0.0546157$ & $0.0588641$ & $-0.0435174$ & $0.0009114$ & $0.0130549$ & $0.0182441$ & $-0.0839236$ & $-0.182866$ & $-0.175459$ & $-0.0652847$ & $-0.00564496$ & $-0.00462601$ & $-0.0215311$ & $0.0240794$ & $0.0256945$ & $1$ & $-0.141914$ & $0.0448276$ & $-0.573235$ & $0.345774$ & $0.00203004$ & $0.0260804$ & $0.0140345$ & $0.0163249$ & $-0.0110881$ & $0.0161322$ & $0.227295$ & $0.00901375$ & $-0.0196222$ & $0.00852608$ & $0.00280352$ & $0.0102114$ & $0.0301789$ & $0.0266355$ & $0.00151581$ & $-0.0207541$ & $-0.0121953$ & $0.0271532$ & $-0.0128459$ & $0.0188489$ & $-0.0159807$ & $0.0276255$ \\
CHQ1_33 & $-0.0730722$ & $0.0514663$ & $-0.0209851$ & $0.0397885$ & $-0.0123921$ & $-0.0640949$ & $-0.0742012$ & $-0.657394$ & $-0.65449$ & $0.355005$ & $0.263547$ & $0.0775002$ & $0.0758755$ & $0.420213$ & $0.0177167$ & $0.00301062$ & $0.743461$ & $0.73995$ & $0.731088$ & $-0.228208$ & $-0.304708$ & $-0.302845$ & $-0.141914$ & $1$ & $0.745117$ & $0.220029$ & $-0.410509$ & $-0.0737784$ & $0.0418642$ & $0.0522984$ & $0.0222875$ & $-0.080362$ & $0.0516637$ & $-0.63952$ & $-0.0449981$ & $0.0443824$ & $0.00403679$ & $0.0423066$ & $0.0276548$ & $0.0185173$ & $0.0135556$ & $0.00986923$ & $0.00663175$ & $0.022199$ & $-0.00982958$ & $0.00815257$ & $0.000756212$ & $0.0500831$ & $-0.0157372$ \\
CHQ3_11 & $-0.116643$ & $0.0106131$ & $-0.0280567$ & $0.0448222$ & $0.00742562$ & $-0.152133$ & $-0.121426$ & $-0.393738$ & $-0.39618$ & $0.212791$ & $-0.0239552$ & $0.0916506$ & $0.114685$ & $0.578187$ & $-0.0897713$ & $-0.101509$ & $0.851348$ & $0.86898$ & $0.859564$ & $0.0292915$ & $0.0147713$ & $0.0129634$ & $0.0448276$ & $0.745117$ & $1$ & $0.0189906$ & $0.124807$ & $0.00366028$ & $0.0610284$ & $0.0658915$ & $0.0369936$ & $-0.140637$ & $0.063001$ & $-0.266433$ & $-0.055369$ & $0.0730809$ & $0.024819$ & $0.0355131$ & $0.0424077$ & $0.0309901$ & $0.0239941$ & $-0.0280799$ & $0.0385336$ & $0.0227622$ & $-0.00616098$ & $0.0052032$ & $0.0127266$ & $0.0288808$ & $-0.0268464$ \\
CHu_11 & $-0.0495757$ & $0.0218482$ & $-0.00485535$ & $0.000990714$ & $0.0239668$ & $0.100778$ & $0.0126526$ & $-0.623589$ & $-0.616389$ & $0.314884$ & $0.691599$ & $0.000850881$ & $-0.0349069$ & $-0.427181$ & $-0.371531$ & $-0.352883$ & $-0.127357$ & $0.0232474$ & $0.020725$ & $-0.685009$ & $-0.693485$ & $-0.686335$ & $-0.573235$ & $0.220029$ & $0.0189906$ & $1$ & $-0.178848$ & $-0.303931$ & $0.00146968$ & $-0.0432247$ & $-0.0128081$ & $0.0216378$ & $-0.0505287$ & $-0.279281$ & $0.0380003$ & $-0.0289836$ & $-0.00909026$ & $-0.0345591$ & $-0.0198691$ & $-0.0421502$ & $0.00140911$ & $0.00363811$ & $0.0201192$ & $0.0038515$ & $-0.00487502$ & $0.00481453$ & $-0.00956507$ & $0.0309042$ & $-0.0320854$ \\
CHd_11 & $-0.0569666$ & $-0.0752762$ & $-0.01516$ & $0.00227415$ & $0.00711697$ & $-0.0678896$ & $-0.0180051$ & $0.407337$ & $0.401329$ & $-0.237533$ & $-0.279641$ & $-0.0259812$ & $0.002732$ & $-0.0607034$ & $-0.303778$ & $-0.300174$ & $-0.145984$ & $-0.0586083$ & $-0.0490088$ & $0.223454$ & $0.342076$ & $0.340713$ & $0.345774$ & $-0.410509$ & $0.124807$ & $-0.178848$ & $1$ & $0.133968$ & $0.0256736$ & $-0.00752911$ & $-3.62372e-05$ & $-0.0302412$ & $-0.0095438$ & $0.689897$ & $0.0121842$ & $-0.00832592$ & $0.0208396$ & $-0.026157$ & $-0.00996166$ & $0.000551406$ & $0.0288592$ & $-0.0367278$ & $-0.00509761$ & $0.0300334$ & $-0.00254364$ & $0.00918769$ & $0.00156397$ & $-0.0553163$ & $0.0241128$ \\
CHd_33 & $0.0322401$ & $0.0144949$ & $0.0120377$ & $0.0149451$ & $-0.038216$ & $-0.0894371$ & $0.0137226$ & $0.388175$ & $0.384034$ & $-0.194816$ & $-0.432508$ & $-0.0193898$ & $0.00380198$ & $0.256082$ & $0.226584$ & $0.200127$ & $0.0926022$ & $-0.0115433$ & $0.00328693$ & $0.427945$ & $0.435143$ & $0.4351$ & $0.00203004$ & $-0.0737784$ & $0.00366028$ & $-0.303931$ & $0.133968$ & $1$ & $-0.0254035$ & $0.000736311$ & $-0.0114136$ & $0.00325876$ & $0.009871$ & $0.184353$ & $-0.0787166$ & $0.0389801$ & $-0.0139185$ & $0.0174506$ & $0.000127372$ & $0.0382656$ & $0.00330453$ & $-0.0471034$ & $-0.0088604$ & $0.00891054$ & $-0.0138402$ & $-0.00182827$ & $0.0183935$ & $-0.0160718$ & $0.0211801$ \\
CeH_22r & $0.0363297$ & $-0.0211815$ & $-0.0263358$ & $0.0361142$ & $-0.0505961$ & $-0.0480955$ & $-0.10643$ & $-0.0248579$ & $-0.0200616$ & $-0.0393894$ & $-0.00240003$ & $0.173351$ & $0.182243$ & $0.0165688$ & $-0.0308836$ & $-0.0156949$ & $0.0720075$ & $0.0676585$ & $0.0599719$ & $-0.000272534$ & $0.00227908$ & $0.00314215$ & $0.0260804$ & $0.0418642$ & $0.0610284$ & $0.00146968$ & $0.0256736$ & $-0.0254035$ & $1$ & $0.166413$ & $0.103132$ & $-0.0993215$ & $0.161667$ & $0.0152292$ & $-0.0147594$ & $0.0238632$ & $-0.0197275$ & $-0.0119291$ & $-0.0142863$ & $0.0187472$ & $0.00902916$ & $-0.0179883$ & $-0.0261066$ & $0.0269391$ & $0.0290779$ & $0.0126019$ & $0.00883156$ & $0.0090783$ & $-0.00177405$ \\
CeH_33r & $-0.0118385$ & $0.00499135$ & $0.0213765$ & $0.00855091$ & $-0.0246138$ & $-0.0454485$ & $-0.579281$ & $0.0162045$ & $0.0300311$ & $-0.225$ & $-0.0600731$ & $0.735155$ & $0.733171$ & $0.0839261$ & $0.0387777$ & $0.0364491$ & $0.0868056$ & $0.0671352$ & $0.0694895$ & $0.0636614$ & $0.0564761$ & $0.0624561$ & $0.0140345$ & $0.0522984$ & $0.0658915$ & $-0.0432247$ & $-0.00752911$ & $0.000736311$ & $0.166413$ & $1$ & $0.498734$ & $-0.4458$ & $0.827187$ & $-0.0159145$ & $0.0574368$ & $0.0913693$ & $-0.124614$ & $-0.000446212$ & $-0.0281019$ & $0.0317099$ & $0.0015822$ & $-0.0395835$ & $0.00491389$ & $0.0025019$ & $0.0505952$ & $0.0374935$ & $0.0318755$ & $-0.0369805$ & $-0.0401896$ \\
CuH_22r & $-0.0196818$ & $0.000438243$ & $0.0383248$ & $0.00416925$ & $-0.0169028$ & $-0.024204$ & $-0.358853$ & $0.00405659$ & $0.0133493$ & $-0.139636$ & $-0.0255998$ & $0.438691$ & $0.444803$ & $0.0390902$ & $0.00465247$ & $0.0101961$ & $0.0461263$ & $0.0430303$ & $0.0397207$ & $0.0301813$ & $0.0264345$ & $0.0272855$ & $0.0163249$ & $0.0222875$ & $0.0369936$ & $-0.0128081$ & $-3.62372e-05$ & $-0.0114136$ & $0.103132$ & $0.498734$ & $1$ & $-0.264422$ & $0.509312$ & $0.00169008$ & $0.0787228$ & $0.0736995$ & $-0.0685549$ & $0.0304872$ & $0.0228059$ & $0.0269864$ & $-0.0268143$ & $-0.0342912$ & $0.0301597$ & $-0.0454263$ & $-0.0161339$ & $0.086945$ & $0.361836$ & $-0.0180475$ & $-0.0163164$ \\
CuH_33r & $0.0477813$ & $0.0384205$ & $-0.0141475$ & $-0.00723001$ & $0.0200345$ & $0.0130606$ & $0.958023$ & $0.0136309$ & $0.0367979$ & $0.161382$ & $0.0494753$ & $-0.649662$ & $-0.669879$ & $-0.123308$ & $0.00221271$ & $0.0174645$ & $-0.124573$ & $-0.128792$ & $-0.133945$ & $-0.0467494$ & $-0.0475031$ & $-0.0510434$ & $-0.0110881$ & $-0.080362$ & $-0.140637$ & $0.0216378$ & $-0.0302412$ & $0.00325876$ & $-0.0993215$ & $-0.4458$ & $-0.264422$ & $1$ & $-0.437548$ & $0.0158243$ & $-0.0663794$ & $-0.102229$ & $-0.0115187$ & $-0.0208926$ & $0.0176019$ & $0.0533109$ & $0.032535$ & $0.0227494$ & $-0.0411169$ & $0.0318669$ & $-0.00107388$ & $-0.070422$ & $-0.047504$ & $0.0389879$ & $0.0156056$ \\
CdH_33r & $-0.0100733$ & $-0.017919$ & $0.0235374$ & $0.00952978$ & $-0.0328544$ & $-0.0486314$ & $-0.585315$ & $0.0206272$ & $0.0329863$ & $-0.247529$ & $-0.0642367$ & $0.737942$ & $0.733824$ & $0.0770144$ & $0.0584569$ & $0.0245956$ & $0.0950039$ & $0.052929$ & $0.079189$ & $0.0665691$ & $0.0606566$ & $0.069103$ & $0.0161322$ & $0.0516637$ & $0.063001$ & $-0.0505287$ & $-0.0095438$ & $0.009871$ & $0.161667$ & $0.827187$ & $0.509312$ & $-0.437548$ & $1$ & $-0.026406$ & $0.0450198$ & $0.075944$ & $-0.135513$ & $0.00220687$ & $0.00702658$ & $0.023104$ & $0.0286608$ & $-0.033788$ & $-0.0243607$ & $-0.0258717$ & $-0.000349351$ & $0.0633338$ & $0.0165142$ & $0.0772914$ & $0.285044$ \\
CLL_1221 & $-0.0164459$ & $-0.0314066$ & $0.0123991$ & $-0.0132961$ & $-0.0104147$ & $-0.117763$ & $0.0230886$ & $0.548787$ & $0.543218$ & $-0.303695$ & $-0.337059$ & $-0.0580433$ & $-0.0285379$ & $-0.189169$ & $-0.450258$ & $-0.0229927$ & $-0.282314$ & $-0.110455$ & $-0.390144$ & $0.280106$ & $0.403275$ & $0.402871$ & $0.227295$ & $-0.63952$ & $-0.266433$ & $-0.279281$ & $0.689897$ & $0.184353$ & $0.0152292$ & $-0.0159145$ & $0.00169008$ & $0.0158243$ & $-0.026406$ & $1$ & $-0.00734583$ & $0.0053326$ & $-2.44077e-05$ & $-0.0113988$ & $-0.00702783$ & $0.0127583$ & $0.0110105$ & $-0.0464943$ & $-0.00787865$ & $0.00875906$ & $-0.00646209$ & $-0.00411112$ & $0.0135839$ & $-0.0564834$ & $0.00866364$ \\
eHggint & $-0.0448727$ & $0.0924016$ & $0.0231441$ & $0.037026$ & $0.0230685$ & $0.0520784$ & $-0.121626$ & $-0.0117167$ & $-0.0242179$ & $-0.00462888$ & $0.0496416$ & $0.148223$ & $0.133023$ & $-0.0713736$ & $-0.00828082$ & $-0.0259543$ & $-0.0842294$ & $-0.0757715$ & $-0.0648641$ & $-0.044744$ & $-0.0460076$ & $-0.0456056$ & $0.00901375$ & $-0.0449981$ & $-0.055369$ & $0.0380003$ & $0.0121842$ & $-0.0787166$ & $-0.0147594$ & $0.0574368$ & $0.0787228$ & $-0.0663794$ & $0.0450198$ & $-0.00734583$ & $1$ & $-0.0598442$ & $0.0224017$ & $0.00274633$ & $0.00447729$ & $-0.0253731$ & $-0.0236037$ & $-0.0405251$ & $0.0227583$ & $0.0468265$ & $0.0174073$ & $0.0205332$ & $0.0256156$ & $-0.011244$ & $-0.0145758$ \\
eHggpar & $-0.0243965$ & $0.0483966$ & $-0.000372364$ & $-0.0172905$ & $0.00412212$ & $-0.0522225$ & $-0.135524$ & $0.00724992$ & $0.00139978$ & $0.0298016$ & $-0.0520274$ & $0.148353$ & $0.148242$ & $0.07815$ & $0.00937037$ & $0.0289064$ & $0.0878966$ & $0.0839534$ & $0.0709055$ & $0.0532412$ & $0.0506831$ & $0.0549691$ & $-0.0196222$ & $0.0443824$ & $0.0730809$ & $-0.0289836$ & $-0.00832592$ & $0.0389801$ & $0.0238632$ & $0.0913693$ & $0.0736995$ & $-0.102229$ & $0.075944$ & $0.0053326$ & $-0.0598442$ & $1$ & $-0.0372991$ & $0.0260635$ & $0.0493986$ & $0.0656115$ & $0.0398627$ & $-0.0171767$ & $0.0151593$ & $-0.00512663$ & $0.0148776$ & $0.0330125$ & $0.038681$ & $-0.00402029$ & $-0.0326624$ \\
eHWWint & $-0.0386795$ & $-0.102488$ & $-0.0149161$ & $-0.045638$ & $0.00458051$ & $0.013434$ & $0.0231136$ & $0.0175199$ & $0.0177667$ & $-0.0038132$ & $-0.0242799$ & $-0.0193845$ & $-0.0100968$ & $0.0295879$ & $0.00558833$ & $0.0153826$ & $0.00908891$ & $0.0151097$ & $0.00522474$ & $0.0220194$ & $0.0228137$ & $0.0180503$ & $0.00852608$ & $0.00403679$ & $0.024819$ & $-0.00909026$ & $0.0208396$ & $-0.0139185$ & $-0.0197275$ & $-0.124614$ & $-0.0685549$ & $-0.0115187$ & $-0.135513$ & $-2.44077e-05$ & $0.0224017$ & $-0.0372991$ & $1$ & $-0.0169558$ & $-0.0353895$ & $0.0153423$ & $0.0116902$ & $-0.00659842$ & $0.0310869$ & $0.0260736$ & $0.0615127$ & $-0.113444$ & $-0.00492268$ & $-0.00080325$ & $-0.00614464$ \\
eHWWpar & $-0.0106185$ & $-0.000450499$ & $0.0324689$ & $-0.0137794$ & $-0.00425913$ & $-0.0122363$ & $-0.0146216$ & $-0.00758045$ & $-0.0194208$ & $-0.00595775$ & $-0.0182531$ & $-0.00686626$ & $-0.00982942$ & $0.0559012$ & $-0.00462823$ & $0.0107556$ & $0.0406788$ & $0.0548971$ & $0.0497163$ & $0.018664$ & $0.0182162$ & $0.0227189$ & $0.00280352$ & $0.0423066$ & $0.0355131$ & $-0.0345591$ & $-0.026157$ & $0.0174506$ & $-0.0119291$ & $-0.000446212$ & $0.0304872$ & $-0.0208926$ & $0.00220687$ & $-0.0113988$ & $0.00274633$ & $0.0260635$ & $-0.0169558$ & $1$ & $0.0542066$ & $-0.0120499$ & $-0.00267123$ & $0.0241394$ & $-0.000633886$ & $-0.0766982$ & $0.0107887$ & $0.0255303$ & $0.0606728$ & $0.0158591$ & $0.0628984$ \\
eHZZint & $0.0403102$ & $0.00210602$ & $-0.0699739$ & $-0.0496115$ & $-0.0391043$ & $-0.0308071$ & $0.0148347$ & $-0.0216535$ & $-0.0274605$ & $0.0370655$ & $0.00027248$ & $-0.00627212$ & $-0.011226$ & $0.022025$ & $-0.00890789$ & $0.00390127$ & $0.0459941$ & $0.0467001$ & $0.0364406$ & $-0.00229488$ & $-0.000238997$ & $-0.00534434$ & $0.0102114$ & $0.0276548$ & $0.0424077$ & $-0.0198691$ & $-0.00996166$ & $0.000127372$ & $-0.0142863$ & $-0.0281019$ & $0.0228059$ & $0.0176019$ & $0.00702658$ & $-0.00702783$ & $0.00447729$ & $0.0493986$ & $-0.0353895$ & $0.0542066$ & $1$ & $0.0337932$ & $0.00791126$ & $-0.0213551$ & $0.0099454$ & $-0.0413149$ & $0.0276462$ & $-0.0386482$ & $0.0600837$ & $0.0995128$ & $0.0874989$ \\
eHZZpar & $0.0336751$ & $0.0304395$ & $-0.0438965$ & $0.0134933$ & $0.01932$ & $-0.0117406$ & $0.0365397$ & $-0.00204383$ & $-0.00287865$ & $0.0110129$ & $-0.0154377$ & $0.012748$ & $0.0140509$ & $0.0307999$ & $-0.0113061$ & $0.0237639$ & $0.0299372$ & $0.0446498$ & $0.0177611$ & $0.0172483$ & $0.0136786$ & $0.0194435$ & $0.0301789$ & $0.0185173$ & $0.0309901$ & $-0.0421502$ & $0.000551406$ & $0.0382656$ & $0.0187472$ & $0.0317099$ & $0.0269864$ & $0.0533109$ & $0.023104$ & $0.0127583$ & $-0.0253731$ & $0.0656115$ & $0.0153423$ & $-0.0120499$ & $0.0337932$ & $1$ & $0.0309449$ & $-0.025375$ & $-0.0255144$ & $0.00781932$ & $0.0622295$ & $-0.010841$ & $0.0218626$ & $0.044262$ & $0.0174054$ \\
eHZgaint & $-0.0142992$ & $0.0429352$ & $-0.0474953$ & $0.0146537$ & $0.0400283$ & $-0.0374847$ & $0.0293337$ & $-0.00771338$ & $-0.00716622$ & $-0.0527089$ & $0.00463953$ & $-0.033621$ & $-0.0309536$ & $-0.00252139$ & $-0.00738194$ & $-0.00503056$ & $0.0178361$ & $0.0112625$ & $0.00902655$ & $-0.00489133$ & $-0.00165443$ & $0.000939157$ & $0.0266355$ & $0.0135556$ & $0.0239941$ & $0.00140911$ & $0.0288592$ & $0.00330453$ & $0.00902916$ & $0.0015822$ & $-0.0268143$ & $0.032535$ & $0.0286608$ & $0.0110105$ & $-0.0236037$ & $0.0398627$ & $0.0116902$ & $-0.00267123$ & $0.00791126$ & $0.0309449$ & $1$ & $0.0288704$ & $0.0748165$ & $-0.0296831$ & $0.0217098$ & $-0.104794$ & $-0.0356517$ & $0.038285$ & $0.111813$ \\
eHZgapar & $0.0609182$ & $0.0278824$ & $-0.0216999$ & $0.00905827$ & $0.0285016$ & $-0.017937$ & $0.0324454$ & $-0.0197441$ & $-0.0186915$ & $0.00941548$ & $0.0263668$ & $-0.0377456$ & $-0.0423786$ & $-0.0204149$ & $0.030281$ & $0.00726025$ & $-0.019321$ & $-0.03271$ & $-0.013762$ & $-0.0214324$ & $-0.0294907$ & $-0.0281595$ & $0.00151581$ & $0.00986923$ & $-0.0280799$ & $0.00363811$ & $-0.0367278$ & $-0.0471034$ & $-0.0179883$ & $-0.0395835$ & $-0.0342912$ & $0.0227494$ & $-0.033788$ & $-0.0464943$ & $-0.0405251$ & $-0.0171767$ & $-0.00659842$ & $0.0241394$ & $-0.0213551$ & $-0.025375$ & $0.0288704$ & $1$ & $0.033923$ & $0.0222757$ & $0.00172142$ & $0.00254615$ & $-0.0287382$ & $-0.0156335$ & $2.85125e-05$ \\
eHgagaint & $-0.0272529$ & $-0.0733165$ & $0.0233709$ & $0.0647982$ & $0.0083658$ & $0.0306295$ & $-0.030521$ & $-0.00747589$ & $0.0401715$ & $0.00311219$ & $-0.00709365$ & $-0.000184831$ & $-0.0051525$ & $0.0218579$ & $-0.00407619$ & $0.0195713$ & $0.0308952$ & $0.0336973$ & $0.0125378$ & $0.00690814$ & $0.00504275$ & $8.68408e-05$ & $-0.0207541$ & $0.00663175$ & $0.0385336$ & $0.0201192$ & $-0.00509761$ & $-0.0088604$ & $-0.0261066$ & $0.00491389$ & $0.0301597$ & $-0.0411169$ & $-0.0243607$ & $-0.00787865$ & $0.0227583$ & $0.0151593$ & $0.0310869$ & $-0.000633886$ & $0.0099454$ & $-0.0255144$ & $0.0748165$ & $0.033923$ & $1$ & $0.0568048$ & $0.0250906$ & $0.00977238$ & $-0.00266416$ & $-0.0782887$ & $-0.0114724$ \\
eHmumuint & $0.0174929$ & $-0.00635973$ & $-0.0100357$ & $0.0214783$ & $0.0447025$ & $-0.0311159$ & $0.0362653$ & $-0.00811121$ & $-0.00192081$ & $-0.00544087$ & $0.00660311$ & $-6.80242e-05$ & $0.00272584$ & $-0.0125726$ & $-0.0072528$ & $-0.00865649$ & $0.0129782$ & $0.00987371$ & $0.0101217$ & $-0.00354828$ & $-0.00563518$ & $-0.00424146$ & $-0.0121953$ & $0.022199$ & $0.0227622$ & $0.0038515$ & $0.0300334$ & $0.00891054$ & $0.0269391$ & $0.0025019$ & $-0.0454263$ & $0.0318669$ & $-0.0258717$ & $0.00875906$ & $0.0468265$ & $-0.00512663$ & $0.0260736$ & $-0.0766982$ & $-0.0413149$ & $0.00781932$ & $-0.0296831$ & $0.0222757$ & $0.0568048$ & $1$ & $0.0348973$ & $-0.018776$ & $-0.0689417$ & $-0.0581173$ & $-0.0549149$ \\
eHtautauint & $0.0293263$ & $-0.0451457$ & $-0.0748536$ & $-0.0180537$ & $-0.0625585$ & $-0.0134218$ & $0.00715442$ & $-0.00160979$ & $0.00760958$ & $-0.00120641$ & $0.00377011$ & $0.011453$ & $0.0144778$ & $-0.00157302$ & $0.00114933$ & $0.00831461$ & $-0.00808693$ & $-0.00538466$ & $-0.0109839$ & $-0.00848628$ & $-0.00651855$ & $-0.00524226$ & $0.0271532$ & $-0.00982958$ & $-0.00616098$ & $-0.00487502$ & $-0.00254364$ & $-0.0138402$ & $0.0290779$ & $0.0505952$ & $-0.0161339$ & $-0.00107388$ & $-0.000349351$ & $-0.00646209$ & $0.0174073$ & $0.0148776$ & $0.0615127$ & $0.0107887$ & $0.0276462$ & $0.0622295$ & $0.0217098$ & $0.00172142$ & $0.0250906$ & $0.0348973$ & $1$ & $-0.0256697$ & $0.0387841$ & $-0.0541393$ & $0.021653$ \\
eHccint & $-0.0100276$ & $0.0616161$ & $0.0229386$ & $0.0235651$ & $0.0084076$ & $-0.0133292$ & $-0.0784693$ & $-0.00369979$ & $-0.00348609$ & $0.00705989$ & $0.00495517$ & $0.0499542$ & $0.0372621$ & $-0.00135335$ & $0.00351432$ & $-0.00407223$ & $-0.000960456$ & $-0.00692258$ & $0.00368637$ & $-0.00288952$ & $-0.00270181$ & $0.00375376$ & $-0.0128459$ & $0.00815257$ & $0.0052032$ & $0.00481453$ & $0.00918769$ & $-0.00182827$ & $0.0126019$ & $0.0374935$ & $0.086945$ & $-0.070422$ & $0.0633338$ & $-0.00411112$ & $0.0205332$ & $0.0330125$ & $-0.113444$ & $0.0255303$ & $-0.0386482$ & $-0.010841$ & $-0.104794$ & $0.00254615$ & $0.00977238$ & $-0.018776$ & $-0.0256697$ & $1$ & $-0.057031$ & $0.0596111$ & $0.00764801$ \\
eHccpar & $0.0525135$ & $-0.0280329$ & $0.019373$ & $-0.0038107$ & $-0.0415171$ & $-0.025901$ & $-0.0393593$ & $0.0018709$ & $0.00521878$ & $-0.00441953$ & $-0.0104029$ & $0.0461205$ & $0.041868$ & $0.01165$ & $-0.0105747$ & $0.0156032$ & $0.0191002$ & $0.0256431$ & $0.00233829$ & $0.0100717$ & $0.00963414$ & $0.00794282$ & $0.0188489$ & $0.000756212$ & $0.0127266$ & $-0.00956507$ & $0.00156397$ & $0.0183935$ & $0.00883156$ & $0.0318755$ & $0.361836$ & $-0.047504$ & $0.0165142$ & $0.0135839$ & $0.0256156$ & $0.038681$ & $-0.00492268$ & $0.0606728$ & $0.0600837$ & $0.0218626$ & $-0.0356517$ & $-0.0287382$ & $-0.00266416$ & $-0.0689417$ & $0.0387841$ & $-0.057031$ & $1$ & $-0.0499594$ & $0.00437746$ \\
eHbbint & $-0.0264749$ & $0.0124466$ & $0.0167111$ & $-0.0357521$ & $-0.0252136$ & $-0.0145131$ & $0.0349795$ & $-0.0496912$ & $-0.0556848$ & $0.0513934$ & $0.0294182$ & $-0.0287453$ & $-0.0450805$ & $0.011103$ & $0.0100683$ & $-0.000339364$ & $0.0375955$ & $0.0307683$ & $0.038989$ & $-0.0250738$ & $-0.0319628$ & $-0.0262663$ & $-0.0159807$ & $0.0500831$ & $0.0288808$ & $0.0309042$ & $-0.0553163$ & $-0.0160718$ & $0.0090783$ & $-0.0369805$ & $-0.0180475$ & $0.0389879$ & $0.0772914$ & $-0.0564834$ & $-0.011244$ & $-0.00402029$ & $-0.00080325$ & $0.0158591$ & $0.0995128$ & $0.044262$ & $0.038285$ & $-0.0156335$ & $-0.0782887$ & $-0.0581173$ & $-0.0541393$ & $0.0596111$ & $-0.0499594$ & $1$ & $0.023505$ \\
eHbbpar & $0.0164813$ & $-0.00692374$ & $0.0102635$ & $0.0255582$ & $-0.0135796$ & $-0.0209637$ & $0.0283633$ & $0.0377115$ & $0.0370111$ & $-0.0243544$ & $-0.0281876$ & $-0.0319101$ & $-0.0343799$ & $-0.0021597$ & $0.0308933$ & $-0.0111093$ & $-0.0116054$ & $-0.0381203$ & $-0.00412415$ & $0.0265129$ & $0.0315713$ & $0.0360072$ & $0.0276255$ & $-0.0157372$ & $-0.0268464$ & $-0.0320854$ & $0.0241128$ & $0.0211801$ & $-0.00177405$ & $-0.0401896$ & $-0.0163164$ & $0.0156056$ & $0.285044$ & $0.00866364$ & $-0.0145758$ & $-0.0326624$ & $-0.00614464$ & $0.0628984$ & $0.0874989$ & $0.0174054$ & $0.111813$ & $2.85125e-05$ & $-0.0114724$ & $-0.0549149$ & $0.021653$ & $0.00764801$ & $0.00437746$ & $0.023505$ & $1$ \\
