 & AlsMz & dAle5Mz & mtop & mHl & Mz & CW & CHG & CHWB & CHWHB_gaga & CHWHB_gagaorth & CHD & CHbox & CH & CHL1_11 & CHL1_22 & CHL1_33 & CHL3_11 & CHL3_22 & CHL3_33 & CHe_11 & CHe_22 & CHe_33 & CHQ1_11 & CHQ1_33 & CHQ3_11 & CHu_11 & CHd_11 & CHd_33 & CeH_22r & CeH_33r & CuH_22r & CuH_33r & CdH_33r & CLL_1221 & eHggint & eHggpar & eHWWint & eHWWpar & eHZZint & eHZZpar & eHZgaint & eHZgapar & eHgagaint & eHmumuint & eHtautauint & eHccint & eHccpar & eHbbint & eHbbpar \\
AlsMz & $1$ & $0.0512922$ & $0.0386624$ & $-0.024254$ & $-0.00102964$ & $-0.00826685$ & $0.00806386$ & $-0.00622194$ & $-0.00355916$ & $0.0207011$ & $-0.00904209$ & $0.0232976$ & $0.0198118$ & $0.011285$ & $-0.00412229$ & $0.000258297$ & $0.00999012$ & $0.0141519$ & $0.00957247$ & $0.000893082$ & $0.000119708$ & $0.00205253$ & $-0.0163341$ & $-0.0484974$ & $-0.115454$ & $-0.0342034$ & $-0.0342929$ & $0.0152514$ & $0.0104005$ & $0.0317477$ & $-0.0222278$ & $0.0237773$ & $0.0313019$ & $0.000482478$ & $-0.00673995$ & $0.0160718$ & $-0.0634605$ & $0.0178959$ & $0.10382$ & $-0.0443433$ & $-0.0525369$ & $-0.0126497$ & $0.0173714$ & $0.0729269$ & $0.0114469$ & $-0.0055443$ & $-0.0828426$ & $0.0577909$ & $-0.0215057$ \\
dAle5Mz & $0.0512922$ & $1$ & $0.0098706$ & $-0.039898$ & $0.0137469$ & $0.0215775$ & $0.00684226$ & $-0.0971562$ & $-0.0929641$ & $0.0369991$ & $0.092017$ & $0.0334456$ & $0.00118255$ & $-0.0590079$ & $-0.0307914$ & $-0.0437433$ & $-0.00375243$ & $-0.00382186$ & $0.00626971$ & $-0.0696172$ & $-0.0657622$ & $-0.0621411$ & $0.00117$ & $0.00650183$ & $-0.00964703$ & $0.0452894$ & $-0.0123801$ & $-0.0160406$ & $0.0348636$ & $0.00500948$ & $-0.0218573$ & $0.0068402$ & $-0.0127788$ & $0.0151103$ & $0.0124588$ & $-0.0825872$ & $0.0507354$ & $0.0417762$ & $0.0156447$ & $-0.00307668$ & $-0.00580735$ & $0.00336118$ & $0.0109098$ & $-0.0500069$ & $0.0446308$ & $0.0728017$ & $-0.10302$ & $0.0127951$ & $-0.0278792$ \\
mtop & $0.0386624$ & $0.0098706$ & $1$ & $0.0996984$ & $-0.00640763$ & $-0.010119$ & $0.0223082$ & $-0.00386614$ & $-0.00988686$ & $0.00301673$ & $-0.00891936$ & $-0.0173429$ & $-0.0189459$ & $0.0319022$ & $0.0151457$ & $0.0461484$ & $0.035501$ & $0.0311257$ & $0.00413708$ & $0.0206973$ & $0.0117237$ & $0.00793777$ & $-0.00772591$ & $0.0307863$ & $0.0173706$ & $-0.0122898$ & $-0.0262648$ & $-0.00639081$ & $0.0176468$ & $0.00449777$ & $0.0296395$ & $0.0384496$ & $-0.0287891$ & $-0.0104986$ & $0.0168724$ & $0.045935$ & $-0.0325678$ & $0.00726327$ & $0.0547365$ & $-0.00116736$ & $-0.0249926$ & $0.0213445$ & $-0.0817627$ & $-0.168551$ & $-0.00308211$ & $-0.0284308$ & $0.0541344$ & $-0.116422$ & $-0.0369941$ \\
mHl & $-0.024254$ & $-0.039898$ & $0.0996984$ & $1$ & $0.022389$ & $0.00537532$ & $-0.00856311$ & $-0.0201398$ & $-0.0208932$ & $0.0106156$ & $0.0239834$ & $0.00677684$ & $0.000218089$ & $-0.0224054$ & $0.00179139$ & $-0.00377108$ & $0.00414839$ & $-0.00576259$ & $0.00404221$ & $-0.0231496$ & $-0.0238023$ & $-0.0261273$ & $0.0032424$ & $0.0151192$ & $-0.00410536$ & $-0.00507142$ & $-0.0215707$ & $-0.0202378$ & $0.00707776$ & $-0.00557629$ & $0.0138364$ & $-0.00809798$ & $-0.041489$ & $-0.0162044$ & $-0.00502665$ & $0.024971$ & $0.0609753$ & $-0.0404808$ & $0.0360274$ & $-0.00484727$ & $-0.0223616$ & $0.0235616$ & $-0.0301721$ & $0.0435497$ & $-0.0272075$ & $-0.0396926$ & $0.047325$ & $-0.0713592$ & $-0.056867$ \\
Mz & $-0.00102964$ & $0.0137469$ & $-0.00640763$ & $0.022389$ & $1$ & $-0.00490016$ & $-0.0462703$ & $-0.0106506$ & $-0.00872184$ & $0.0227127$ & $0.0147103$ & $0.0250196$ & $0.00888403$ & $0.00899885$ & $0.0109818$ & $-0.00204645$ & $0.00787592$ & $0.000686597$ & $0.00664016$ & $-0.0041163$ & $-0.00415804$ & $-0.00444091$ & $0.00225476$ & $0.0110912$ & $0.00484777$ & $0.000312215$ & $-0.0106094$ & $-0.00576328$ & $0.00507256$ & $-0.00101166$ & $0.00846447$ & $-0.0449906$ & $0.0105838$ & $-0.0197928$ & $-0.00322941$ & $-0.00357688$ & $0.000902714$ & $0.00315744$ & $-0.00171583$ & $0.000781509$ & $-0.0115371$ & $0.00637261$ & $-0.00465038$ & $-0.0172121$ & $0.0300544$ & $0.0158092$ & $0.00766323$ & $-0.0217126$ & $0.00797618$ \\
CW & $-0.00826685$ & $0.0215775$ & $-0.010119$ & $0.00537532$ & $-0.00490016$ & $1$ & $-0.0107936$ & $-0.128798$ & $-0.123953$ & $0.0207281$ & $0.18947$ & $0.0458482$ & $0.00293641$ & $0.0119297$ & $-0.0790345$ & $-0.0924665$ & $-0.263178$ & $-0.0544297$ & $-0.0415308$ & $-0.185392$ & $-0.191358$ & $-0.183657$ & $-0.0104136$ & $0.00654915$ & $-0.0948852$ & $0.106751$ & $-0.0855228$ & $-0.0441492$ & $0.00999663$ & $0.00856317$ & $-0.00249372$ & $-0.00775895$ & $-0.0122892$ & $-0.12498$ & $0.00779632$ & $0.0166395$ & $0.000112173$ & $-0.00363546$ & $0.00302986$ & $-0.00640058$ & $-0.00207058$ & $-0.000144031$ & $0.0251224$ & $-0.00345111$ & $0.0186056$ & $-0.0200727$ & $-0.000441322$ & $-0.00877824$ & $-0.0231598$ \\
CHG & $0.00806386$ & $0.00684226$ & $0.0223082$ & $-0.00856311$ & $-0.0462703$ & $-0.0107936$ & $1$ & $-0.0840447$ & $-0.031655$ & $0.0431048$ & $0.0418226$ & $-0.233332$ & $-0.283694$ & $0.058558$ & $-0.0355229$ & $-0.0215795$ & $0.0851906$ & $0.102688$ & $0.0932923$ & $-0.0428695$ & $-0.0435487$ & $-0.0424448$ & $-0.0116942$ & $0.0954245$ & $0.101769$ & $0.0298099$ & $-0.0134394$ & $-0.000407042$ & $0.0228273$ & $-0.106027$ & $-0.0625545$ & $0.937685$ & $-0.134265$ & $-0.0380278$ & $-0.0472616$ & $0.0147789$ & $0.00895185$ & $0.00912898$ & $0.0181216$ & $-0.00634245$ & $0.0177668$ & $-0.0150108$ & $0.0180716$ & $0.0209533$ & $0.0268251$ & $0.0196262$ & $0.00706089$ & $0.0329402$ & $-0.0154923$ \\
CHWB & $-0.00622194$ & $-0.0971562$ & $-0.00386614$ & $-0.0201398$ & $-0.0106506$ & $-0.128798$ & $-0.0840447$ & $1$ & $0.982152$ & $-0.581214$ & $-0.882505$ & $0.0763739$ & $0.353991$ & $0.111063$ & $0.317313$ & $0.303674$ & $-0.229659$ & $-0.436424$ & $-0.431256$ & $0.854254$ & $0.898679$ & $0.881799$ & $0.0665416$ & $-0.676471$ & $-0.402688$ & $-0.522128$ & $0.411164$ & $0.296658$ & $-0.00595179$ & $0.110988$ & $0.0573268$ & $-0.0780275$ & $0.13457$ & $0.555928$ & $0.00134515$ & $-0.00307041$ & $0.0261634$ & $-0.00511353$ & $-0.024906$ & $0.00536847$ & $-0.00399778$ & $-0.00759777$ & $-0.0374941$ & $-0.000868643$ & $-0.0340916$ & $-0.0155824$ & $-0.00824737$ & $0.00809799$ & $0.0323551$ \\
CHWHB_gaga & $-0.00355916$ & $-0.0929641$ & $-0.00988686$ & $-0.0208932$ & $-0.00872184$ & $-0.123953$ & $-0.031655$ & $0.982152$ & $1$ & $-0.571406$ & $-0.862869$ & $0.0854937$ & $0.3485$ & $0.10164$ & $0.310725$ & $0.298404$ & $-0.23419$ & $-0.435544$ & $-0.43092$ & $0.83518$ & $0.878902$ & $0.862689$ & $0.064586$ & $-0.670107$ & $-0.402387$ & $-0.510289$ & $0.403644$ & $0.285442$ & $-0.0001403$ & $0.129526$ & $0.0704018$ & $-0.0343216$ & $0.159801$ & $0.546382$ & $-0.0198941$ & $-0.0157142$ & $0.0126425$ & $-0.00746843$ & $-0.0359088$ & $0.00451334$ & $-0.0087373$ & $-0.00809225$ & $0.0347296$ & $0.00771872$ & $-0.0390744$ & $-0.00812473$ & $-0.00319693$ & $0.012886$ & $0.0392417$ \\
CHWHB_gagaorth & $0.0207011$ & $0.0369991$ & $0.00301673$ & $0.0106156$ & $0.0227127$ & $0.0207281$ & $0.0431048$ & $-0.581214$ & $-0.571406$ & $1$ & $0.377049$ & $0.240451$ & $-0.240129$ & $0.20258$ & $-0.146864$ & $-0.13123$ & $0.414959$ & $0.483285$ & $0.477702$ & $-0.364915$ & $-0.39277$ & $-0.383021$ & $-0.0566911$ & $0.550155$ & $0.467829$ & $0.229758$ & $-0.232817$ & $-0.132376$ & $-0.000753597$ & $-0.139612$ & $-0.0734313$ & $0.0504853$ & $-0.150021$ & $-0.345541$ & $0.023766$ & $0.0423681$ & $-0.013463$ & $-0.00144773$ & $0.00174002$ & $-0.00582639$ & $-0.0451038$ & $-0.000263894$ & $0.0181252$ & $-0.000589719$ & $-0.00541458$ & $0.016911$ & $-0.0179817$ & $-0.00293256$ & $-0.0045538$ \\
CHD & $-0.00904209$ & $0.092017$ & $-0.00891936$ & $0.0239834$ & $0.0147103$ & $0.18947$ & $0.0418226$ & $-0.882505$ & $-0.862869$ & $0.377049$ & $1$ & $0.0776565$ & $-0.172091$ & $-0.518245$ & $-0.436369$ & $-0.423943$ & $-0.220981$ & $0.0739671$ & $0.0713783$ & $-0.990447$ & $-0.991371$ & $-0.970663$ & $-0.00752269$ & $0.318184$ & $0.0295131$ & $0.575527$ & $-0.281152$ & $-0.330068$ & $0.0155889$ & $-0.0565574$ & $-0.0327834$ & $0.0510641$ & $-0.0766008$ & $-0.364399$ & $0.0185287$ & $-0.0057874$ & $-0.0285455$ & $0.00652414$ & $-0.000281484$ & $0.00636398$ & $0.0129485$ & $0.0129626$ & $0.0441708$ & $0.00476159$ & $0.0364336$ & $0.027219$ & $0.00436359$ & $-0.000627453$ & $-0.028289$ \\
CHbox & $0.0232976$ & $0.0334456$ & $-0.0173429$ & $0.00677684$ & $0.0250196$ & $0.0458482$ & $-0.233332$ & $0.0763739$ & $0.0854937$ & $0.240451$ & $0.0776565$ & $1$ & $0.763092$ & $-0.29537$ & $0.0299444$ & $0.0361659$ & $-0.325621$ & $-0.3079$ & $-0.313865$ & $-0.065054$ & $-0.0784529$ & $-0.0705179$ & $-0.0016687$ & $-0.220526$ & $-0.30559$ & $0.044741$ & $-0.0198709$ & $-0.0272815$ & $0.0512567$ & $0.323373$ & $0.0988014$ & $-0.140754$ & $0.366415$ & $0.0309556$ & $0.103705$ & $0.0295894$ & $-0.00970541$ & $-0.0113204$ & $-0.0393686$ & $0.0228619$ & $-0.019458$ & $-0.0121679$ & $0.000828816$ & $-0.00925362$ & $-0.0186577$ & $0.0307324$ & $-0.0547727$ & $0.00694811$ & $0.0114992$ \\
CH & $0.0198118$ & $0.00118255$ & $-0.0189459$ & $0.000218089$ & $0.00888403$ & $0.00293641$ & $-0.283694$ & $0.353991$ & $0.3485$ & $-0.240129$ & $-0.172091$ & $0.763092$ & $1$ & $-0.247647$ & $0.0856825$ & $0.0879933$ & $-0.370548$ & $-0.399186$ & $-0.405202$ & $0.169627$ & $0.180864$ & $0.182459$ & $0.0304616$ & $-0.402562$ & $-0.38968$ & $-0.109507$ & $0.129455$ & $0.0649113$ & $0.0333752$ & $0.265545$ & $0.102826$ & $-0.227984$ & $0.317979$ & $0.214666$ & $0.0562825$ & $-0.00824982$ & $-0.00324083$ & $-0.0123422$ & $-0.0246837$ & $0.0250047$ & $-0.0105612$ & $-0.0243284$ & $-0.010438$ & $-0.0145758$ & $-0.0271261$ & $0.0248244$ & $-0.0386011$ & $0.0107803$ & $0.0213961$ \\
CHL1_11 & $0.011285$ & $-0.0590079$ & $0.0319022$ & $-0.0224054$ & $0.00899885$ & $0.0119297$ & $0.058558$ & $0.111063$ & $0.10164$ & $0.20258$ & $-0.518245$ & $-0.29537$ & $-0.247647$ & $1$ & $0.28087$ & $0.268468$ & $0.662039$ & $0.587911$ & $0.592832$ & $0.535172$ & $0.480235$ & $0.463526$ & $-0.0844357$ & $0.459687$ & $0.592551$ & $-0.281901$ & $-0.0937968$ & $0.16381$ & $-0.0166097$ & $-0.0796598$ & $-0.0358226$ & $0.0253524$ & $-0.0724157$ & $-0.211008$ & $-0.0432135$ & $0.0190208$ & $0.0208053$ & $0.000777079$ & $0.0485588$ & $-0.0354679$ & $-0.019937$ & $-0.019092$ & $-0.0270103$ & $-0.0156022$ & $-0.0268223$ & $-0.0317026$ & $0.00383344$ & $-0.0157496$ & $0.0136911$ \\
CHL1_22 & $-0.00412229$ & $-0.0307914$ & $0.0151457$ & $0.00179139$ & $0.0109818$ & $-0.0790345$ & $-0.0355229$ & $0.317313$ & $0.310725$ & $-0.146864$ & $-0.436369$ & $0.0299444$ & $0.0856825$ & $0.28087$ & $1$ & $0.442946$ & $0.160546$ & $-0.450382$ & $-0.0361863$ & $0.500969$ & $0.35531$ & $0.342067$ & $-0.165061$ & $0.0866452$ & $-0.142025$ & $-0.216314$ & $-0.392162$ & $0.12167$ & $-0.0125113$ & $0.0519311$ & $0.0194694$ & $-0.029103$ & $0.0559509$ & $-0.581677$ & $0.0012479$ & $0.00765231$ & $0.00521422$ & $-0.0124736$ & $-6.2106e-05$ & $-0.00200972$ & $-0.000779971$ & $-0.00899143$ & $-0.00653423$ & $-0.00226121$ & $-0.0155135$ & $-0.027662$ & $-0.00703393$ & $-0.00386462$ & $0.00867618$ \\
CHL1_33 & $0.000258297$ & $-0.0437433$ & $0.0461484$ & $-0.00377108$ & $-0.00204645$ & $-0.0924665$ & $-0.0215795$ & $0.303674$ & $0.298404$ & $-0.13123$ & $-0.423943$ & $0.0361659$ & $0.0879933$ & $0.268468$ & $0.442946$ & $1$ & $0.171006$ & $-0.0212551$ & $-0.437837$ & $0.487235$ & $0.345609$ & $0.358725$ & $-0.164567$ & $0.0925958$ & $-0.127029$ & $-0.212298$ & $-0.385833$ & $0.122724$ & $0.0141709$ & $0.0467262$ & $0.039296$ & $-0.00912227$ & $0.0519696$ & $-0.0878254$ & $0.0176639$ & $0.014105$ & $0.00861721$ & $-0.0185321$ & $-0.00266653$ & $0.00609631$ & $0.0103967$ & $0.0223126$ & $-0.00790871$ & $-0.000800972$ & $-0.0469938$ & $-0.0294132$ & $0.0232696$ & $0.00383127$ & $-0.00546526$ \\
CHL3_11 & $0.00999012$ & $-0.00375243$ & $0.035501$ & $0.00414839$ & $0.00787592$ & $-0.263178$ & $0.0851906$ & $-0.229659$ & $-0.23419$ & $0.414959$ & $-0.220981$ & $-0.325621$ & $-0.370548$ & $0.662039$ & $0.160546$ & $0.171006$ & $1$ & $0.738499$ & $0.728639$ & $0.243851$ & $0.189885$ & $0.184248$ & $-0.0798953$ & $0.674038$ & $0.772417$ & $-0.106346$ & $-0.158792$ & $0.0669568$ & $-0.0281791$ & $-0.114226$ & $-0.0478288$ & $0.0541227$ & $-0.125499$ & $-0.243281$ & $-0.0384674$ & $0.0159567$ & $0.000878957$ & $-0.00870783$ & $0.0386105$ & $-0.013746$ & $-0.0243316$ & $-0.00912449$ & $-0.0146184$ & $-0.00523888$ & $0.000239066$ & $-0.0166948$ & $0.0184156$ & $-0.018177$ & $-0.0130778$ \\
CHL3_22 & $0.0141519$ & $-0.00382186$ & $0.0311257$ & $-0.00576259$ & $0.000686597$ & $-0.0544297$ & $0.102688$ & $-0.436424$ & $-0.435544$ & $0.483285$ & $0.0739671$ & $-0.3079$ & $-0.399186$ & $0.587911$ & $-0.450382$ & $-0.0212551$ & $0.738499$ & $1$ & $0.673002$ & $-0.0767053$ & $-0.068547$ & $-0.0653938$ & $-0.00826394$ & $0.628735$ & $0.795777$ & $0.0467439$ & $-0.00384537$ & $-0.021058$ & $-0.00896133$ & $-0.13632$ & $-0.0557093$ & $0.0705268$ & $-0.145726$ & $0.0331117$ & $-0.0365887$ & $0.0155345$ & $0.000735957$ & $0.00129374$ & $0.0438263$ & $-0.0205405$ & $-0.0151858$ & $-0.0027984$ & $-0.00981063$ & $-0.00882067$ & $0.00285117$ & $-0.00630577$ & $0.0200405$ & $-0.0143077$ & $-0.0139141$ \\
CHL3_33 & $0.00957247$ & $0.00626971$ & $0.00413708$ & $0.00404221$ & $0.00664016$ & $-0.0415308$ & $0.0932923$ & $-0.431256$ & $-0.43092$ & $0.477702$ & $0.0713783$ & $-0.313865$ & $-0.405202$ & $0.592832$ & $-0.0361863$ & $-0.437837$ & $0.728639$ & $0.673002$ & $1$ & $-0.074479$ & $-0.0655696$ & $-0.0621759$ & $-0.00383713$ & $0.622045$ & $0.79095$ & $0.0453845$ & $0.00192942$ & $-0.0245076$ & $-0.0322313$ & $-0.132566$ & $-0.0710647$ & $0.0564032$ & $-0.14596$ & $-0.342587$ & $-0.0467223$ & $0.00899702$ & $0.000537722$ & $0.00762251$ & $0.0453832$ & $-0.0221768$ & $-0.0236114$ & $-0.0304578$ & $-0.00646815$ & $-0.00760816$ & $0.022437$ & $-0.0034212$ & $-0.00394888$ & $-0.0155286$ & $-0.0058125$ \\
CHe_11 & $0.000893082$ & $-0.0696172$ & $0.0206973$ & $-0.0231496$ & $-0.0041163$ & $-0.185392$ & $-0.0428695$ & $0.854254$ & $0.83518$ & $-0.364915$ & $-0.990447$ & $-0.065054$ & $0.169627$ & $0.535172$ & $0.500969$ & $0.487235$ & $0.243851$ & $-0.0767053$ & $-0.074479$ & $1$ & $0.973441$ & $0.952783$ & $-0.0198438$ & $-0.265508$ & $-0.0236394$ & $-0.56416$ & $0.205537$ & $0.323207$ & $-0.0133413$ & $0.0581839$ & $0.0356257$ & $-0.0504478$ & $0.0766925$ & $0.286452$ & $-0.0161714$ & $0.00601522$ & $0.0310426$ & $-0.00966796$ & $-0.00147843$ & $-0.0048177$ & $-0.00981463$ & $-0.0117379$ & $-0.042042$ & $-0.0083662$ & $-0.0361931$ & $-0.0276881$ & $-0.00203784$ & $0.000199098$ & $0.0246657$ \\
CHe_22 & $0.000119708$ & $-0.0657622$ & $0.0117237$ & $-0.0238023$ & $-0.00415804$ & $-0.191358$ & $-0.0435487$ & $0.898679$ & $0.878902$ & $-0.39277$ & $-0.991371$ & $-0.0784529$ & $0.180864$ & $0.480235$ & $0.35531$ & $0.345609$ & $0.189885$ & $-0.068547$ & $-0.0655696$ & $0.973441$ & $1$ & $0.97616$ & $0.0345836$ & $-0.370924$ & $-0.033843$ & $-0.576614$ & $0.360753$ & $0.331451$ & $-0.0158702$ & $0.0555307$ & $0.0320667$ & $-0.0538464$ & $0.0751761$ & $0.448881$ & $-0.0185053$ & $0.00295371$ & $0.0321942$ & $-0.00405221$ & $-0.00243885$ & $-0.00526395$ & $-0.0143684$ & $-0.0140336$ & $-0.0441603$ & $-0.00794598$ & $-0.0340372$ & $-0.0210695$ & $-0.00617577$ & $0.000979529$ & $0.0286186$ \\
CHe_33 & $0.00205253$ & $-0.0621411$ & $0.00793777$ & $-0.0261273$ & $-0.00444091$ & $-0.183657$ & $-0.0424448$ & $0.881799$ & $0.862689$ & $-0.383021$ & $-0.970663$ & $-0.0705179$ & $0.182459$ & $0.463526$ & $0.342067$ & $0.358725$ & $0.184248$ & $-0.0653938$ & $-0.0621759$ & $0.952783$ & $0.97616$ & $1$ & $0.0334029$ & $-0.367677$ & $-0.0329403$ & $-0.563279$ & $0.35874$ & $0.322661$ & $-0.0185702$ & $0.0584623$ & $0.0345942$ & $-0.051876$ & $0.0770479$ & $0.449345$ & $-0.0144124$ & $-0.000493957$ & $0.0302178$ & $-0.00384294$ & $-0.002802$ & $-0.00293217$ & $-0.015792$ & $-0.0151353$ & $-0.0419029$ & $-0.00441429$ & $-0.035445$ & $-0.016518$ & $-0.00756824$ & $0.00710595$ & $0.0248783$ \\
CHQ1_11 & $-0.0163341$ & $0.00117$ & $-0.00772591$ & $0.0032424$ & $0.00225476$ & $-0.0104136$ & $-0.0116942$ & $0.0665416$ & $0.064586$ & $-0.0566911$ & $-0.00752269$ & $-0.0016687$ & $0.0304616$ & $-0.0844357$ & $-0.165061$ & $-0.164567$ & $-0.0798953$ & $-0.00826394$ & $-0.00383713$ & $-0.0198438$ & $0.0345836$ & $0.0334029$ & $1$ & $-0.145158$ & $0.0695661$ & $-0.669087$ & $0.341147$ & $0.00420727$ & $-0.0229546$ & $-0.00240659$ & $-0.00317728$ & $-0.0197607$ & $1.58771e-05$ & $0.198159$ & $0.00516638$ & $-0.00675418$ & $-0.0144938$ & $0.00666184$ & $-0.00398975$ & $-0.0161353$ & $0.0133194$ & $-0.0249636$ & $-0.0123223$ & $0.0236738$ & $0.0256682$ & $0.0395967$ & $-0.00942423$ & $0.0117023$ & $0.00823165$ \\
CHQ1_33 & $-0.0484974$ & $0.00650183$ & $0.0307863$ & $0.0151192$ & $0.0110912$ & $0.00654915$ & $0.0954245$ & $-0.676471$ & $-0.670107$ & $0.550155$ & $0.318184$ & $-0.220526$ & $-0.402562$ & $0.459687$ & $0.0866452$ & $0.0925958$ & $0.674038$ & $0.628735$ & $0.622045$ & $-0.265508$ & $-0.370924$ & $-0.367677$ & $-0.145158$ & $1$ & $0.64873$ & $0.221819$ & $-0.415959$ & $-0.0255559$ & $-0.0137129$ & $-0.123724$ & $-0.0529814$ & $0.0756256$ & $-0.145268$ & $-0.626945$ & $-0.0236836$ & $0.022938$ & $-0.0072027$ & $-0.000469874$ & $0.0391988$ & $-0.0107886$ & $-0.00126723$ & $-0.00400126$ & $0.00572463$ & $-0.0112587$ & $0.00832268$ & $-0.022031$ & $0.0248025$ & $-0.0211881$ & $-0.0266664$ \\
CHQ3_11 & $-0.115454$ & $-0.00964703$ & $0.0173706$ & $-0.00410536$ & $0.00484777$ & $-0.0948852$ & $0.101769$ & $-0.402688$ & $-0.402387$ & $0.467829$ & $0.0295131$ & $-0.30559$ & $-0.38968$ & $0.592551$ & $-0.142025$ & $-0.127029$ & $0.772417$ & $0.795777$ & $0.79095$ & $-0.0236394$ & $-0.033843$ & $-0.0329403$ & $0.0695661$ & $0.64873$ & $1$ & $0.0324738$ & $0.208445$ & $-0.0103663$ & $-0.0198933$ & $-0.138176$ & $-0.0540037$ & $0.0647848$ & $-0.146482$ & $-0.199028$ & $-0.046017$ & $0.00490504$ & $0.00298254$ & $0.00179261$ & $0.0337136$ & $-0.0148124$ & $-0.00332916$ & $-0.00802909$ & $-0.0120297$ & $-0.0142552$ & $0.0102929$ & $-0.000209029$ & $0.0212304$ & $-0.0141787$ & $-0.007669$ \\
CHu_11 & $-0.0342034$ & $0.0452894$ & $-0.0122898$ & $-0.00507142$ & $0.000312215$ & $0.106751$ & $0.0298099$ & $-0.522128$ & $-0.510289$ & $0.229758$ & $0.575527$ & $0.044741$ & $-0.109507$ & $-0.281901$ & $-0.216314$ & $-0.212298$ & $-0.106346$ & $0.0467439$ & $0.0453845$ & $-0.56416$ & $-0.576614$ & $-0.563279$ & $-0.669087$ & $0.221819$ & $0.0324738$ & $1$ & $-0.166958$ & $-0.185238$ & $0.029151$ & $-0.0235888$ & $-0.0108161$ & $0.0398517$ & $-0.0442667$ & $-0.25205$ & $0.00939343$ & $-0.0016908$ & $-0.00992135$ & $0.00707344$ & $-0.0114389$ & $0.0153256$ & $0.00383284$ & $0.0237296$ & $0.0358519$ & $-0.0108117$ & $0.0190704$ & $-0.00110225$ & $0.0128823$ & $-0.00855912$ & $-0.0265388$ \\
CHd_11 & $-0.0342929$ & $-0.0123801$ & $-0.0262648$ & $-0.0215707$ & $-0.0106094$ & $-0.0855228$ & $-0.0134394$ & $0.411164$ & $0.403644$ & $-0.232817$ & $-0.281152$ & $-0.0198709$ & $0.129455$ & $-0.0937968$ & $-0.392162$ & $-0.385833$ & $-0.158792$ & $-0.00384537$ & $0.00192942$ & $0.205537$ & $0.360753$ & $0.35874$ & $0.341147$ & $-0.415959$ & $0.208445$ & $-0.166958$ & $1$ & $0.100824$ & $-0.00890245$ & $0.0143396$ & $0.0140243$ & $-0.0247498$ & $0.0241143$ & $0.678264$ & $-0.0176325$ & $-0.0199479$ & $0.00719834$ & $0.0158257$ & $-0.0137148$ & $0.00372017$ & $0.00335043$ & $-0.0117502$ & $-0.0262741$ & $0.00236294$ & $0.0111519$ & $0.0252006$ & $-0.00964378$ & $0.0154146$ & $0.0143754$ \\
CHd_33 & $0.0152514$ & $-0.0160406$ & $-0.00639081$ & $-0.0202378$ & $-0.00576328$ & $-0.0441492$ & $-0.000407042$ & $0.296658$ & $0.285442$ & $-0.132376$ & $-0.330068$ & $-0.0272815$ & $0.0649113$ & $0.16381$ & $0.12167$ & $0.122724$ & $0.0669568$ & $-0.021058$ & $-0.0245076$ & $0.323207$ & $0.331451$ & $0.322661$ & $0.00420727$ & $-0.0255559$ & $-0.0103663$ & $-0.185238$ & $0.100824$ & $1$ & $-0.00416484$ & $0.0279617$ & $0.015255$ & $-0.00235463$ & $0.0207833$ & $0.144994$ & $-0.0192786$ & $-0.000551593$ & $0.0073657$ & $0.00202241$ & $0.00785349$ & $-0.00974549$ & $0.00167749$ & $-0.0049232$ & $-0.0115721$ & $0.00100603$ & $-0.00884148$ & $-0.030629$ & $-0.000811464$ & $-0.0249526$ & $0.0151335$ \\
CeH_22r & $0.0104005$ & $0.0348636$ & $0.0176468$ & $0.00707776$ & $0.00507256$ & $0.00999663$ & $0.0228273$ & $-0.00595179$ & $-0.0001403$ & $-0.000753597$ & $0.0155889$ & $0.0512567$ & $0.0333752$ & $-0.0166097$ & $-0.0125113$ & $0.0141709$ & $-0.0281791$ & $-0.00896133$ & $-0.0322313$ & $-0.0133413$ & $-0.0158702$ & $-0.0185702$ & $-0.0229546$ & $-0.0137129$ & $-0.0198933$ & $0.029151$ & $-0.00890245$ & $-0.00416484$ & $1$ & $0.0423376$ & $0.0201153$ & $0.015995$ & $0.0436129$ & $0.00484489$ & $-0.0278349$ & $0.0120153$ & $-0.029666$ & $-0.00899746$ & $-0.0184415$ & $0.028112$ & $0.0301296$ & $0.0246744$ & $0.0184284$ & $0.0221512$ & $0.00179004$ & $-0.0336725$ & $-0.0114652$ & $-4.04526e-05$ & $-0.0156048$ \\
CeH_33r & $0.0317477$ & $0.00500948$ & $0.00449777$ & $-0.00557629$ & $-0.00101166$ & $0.00856317$ & $-0.106027$ & $0.110988$ & $0.129526$ & $-0.139612$ & $-0.0565574$ & $0.323373$ & $0.265545$ & $-0.0796598$ & $0.0519311$ & $0.0467262$ & $-0.114226$ & $-0.13632$ & $-0.132566$ & $0.0581839$ & $0.0555307$ & $0.0584623$ & $-0.00240659$ & $-0.123724$ & $-0.138176$ & $-0.0235888$ & $0.0143396$ & $0.0279617$ & $0.0423376$ & $1$ & $0.300919$ & $0.0469188$ & $0.641375$ & $0.0481128$ & $-0.0563235$ & $-0.0117022$ & $-0.165705$ & $-0.0286999$ & $-0.0228045$ & $-0.000182127$ & $-0.0146132$ & $-0.00512542$ & $0.00637798$ & $0.00595235$ & $0.058135$ & $0.00651623$ & $-0.0167421$ & $-0.0167268$ & $0.00562848$ \\
CuH_22r & $-0.0222278$ & $-0.0218573$ & $0.0296395$ & $0.0138364$ & $0.00846447$ & $-0.00249372$ & $-0.0625545$ & $0.0573268$ & $0.0704018$ & $-0.0734313$ & $-0.0327834$ & $0.0988014$ & $0.102826$ & $-0.0358226$ & $0.0194694$ & $0.039296$ & $-0.0478288$ & $-0.0557093$ & $-0.0710647$ & $0.0356257$ & $0.0320667$ & $0.0345942$ & $-0.00317728$ & $-0.0529814$ & $-0.0540037$ & $-0.0108161$ & $0.0140243$ & $0.015255$ & $0.0201153$ & $0.300919$ & $1$ & $0.0223386$ & $0.329265$ & $0.0317244$ & $-0.00434747$ & $0.0101038$ & $-0.0828789$ & $-0.00617225$ & $-0.0377329$ & $0.00755494$ & $-0.0193309$ & $-0.00581067$ & $0.0204232$ & $0.0155109$ & $0.0351135$ & $0.0585026$ & $0.404695$ & $0.0418793$ & $0.0120846$ \\
CuH_33r & $0.0237773$ & $0.0068402$ & $0.0384496$ & $-0.00809798$ & $-0.0449906$ & $-0.00775895$ & $0.937685$ & $-0.0780275$ & $-0.0343216$ & $0.0504853$ & $0.0510641$ & $-0.140754$ & $-0.227984$ & $0.0253524$ & $-0.029103$ & $-0.00912227$ & $0.0541227$ & $0.0705268$ & $0.0564032$ & $-0.0504478$ & $-0.0538464$ & $-0.051876$ & $-0.0197607$ & $0.0756256$ & $0.0647848$ & $0.0398517$ & $-0.0247498$ & $-0.00235463$ & $0.015995$ & $0.0469188$ & $0.0223386$ & $1$ & $0.0358436$ & $-0.0378093$ & $0.0274915$ & $0.0565095$ & $-0.0303825$ & $0.0052588$ & $0.035234$ & $0.000611847$ & $0.0129624$ & $-0.0197756$ & $0.0172415$ & $0.0211567$ & $0.036241$ & $0.0135427$ & $0.00581925$ & $0.0386784$ & $-0.015667$ \\
CdH_33r & $0.0313019$ & $-0.0127788$ & $-0.0287891$ & $-0.041489$ & $0.0105838$ & $-0.0122892$ & $-0.134265$ & $0.13457$ & $0.159801$ & $-0.150021$ & $-0.0766008$ & $0.366415$ & $0.317979$ & $-0.0724157$ & $0.0559509$ & $0.0519696$ & $-0.125499$ & $-0.145726$ & $-0.14596$ & $0.0766925$ & $0.0751761$ & $0.0770479$ & $1.58771e-05$ & $-0.145268$ & $-0.146482$ & $-0.0442667$ & $0.0241143$ & $0.0207833$ & $0.0436129$ & $0.641375$ & $0.329265$ & $0.0358436$ & $1$ & $0.0605106$ & $-0.0566012$ & $-0.0417904$ & $-0.205175$ & $-0.0283796$ & $-0.0325355$ & $-0.0033494$ & $-0.00991644$ & $-0.0434042$ & $0.04485$ & $0.0502111$ & $0.0289195$ & $0.0715026$ & $-0.0108963$ & $0.196752$ & $0.501896$ \\
CLL_1221 & $0.000482478$ & $0.0151103$ & $-0.0104986$ & $-0.0162044$ & $-0.0197928$ & $-0.12498$ & $-0.0380278$ & $0.555928$ & $0.546382$ & $-0.345541$ & $-0.364399$ & $0.0309556$ & $0.214666$ & $-0.211008$ & $-0.581677$ & $-0.0878254$ & $-0.243281$ & $0.0331117$ & $-0.342587$ & $0.286452$ & $0.448881$ & $0.449345$ & $0.198159$ & $-0.626945$ & $-0.199028$ & $-0.25205$ & $0.678264$ & $0.144994$ & $0.00484489$ & $0.0481128$ & $0.0317244$ & $-0.0378093$ & $0.0605106$ & $1$ & $0.00247811$ & $-0.0152415$ & $0.0167925$ & $0.0042238$ & $-0.0248749$ & $0.0106019$ & $-0.00619139$ & $0.00432459$ & $-0.0259187$ & $-6.05737e-07$ & $-0.0100837$ & $0.0173754$ & $-0.00312617$ & $0.0102799$ & $0.0131732$ \\
eHggint & $-0.00673995$ & $0.0124588$ & $0.0168724$ & $-0.00502665$ & $-0.00322941$ & $0.00779632$ & $-0.0472616$ & $0.00134515$ & $-0.0198941$ & $0.023766$ & $0.0185287$ & $0.103705$ & $0.0562825$ & $-0.0432135$ & $0.0012479$ & $0.0176639$ & $-0.0384674$ & $-0.0365887$ & $-0.0467223$ & $-0.0161714$ & $-0.0185053$ & $-0.0144124$ & $0.00516638$ & $-0.0236836$ & $-0.046017$ & $0.00939343$ & $-0.0176325$ & $-0.0192786$ & $-0.0278349$ & $-0.0563235$ & $-0.00434747$ & $0.0274915$ & $-0.0566012$ & $0.00247811$ & $1$ & $-0.10895$ & $0.0597179$ & $-0.0394969$ & $0.0481501$ & $0.0212455$ & $0.0131176$ & $-0.0321625$ & $-0.000544535$ & $0.0510418$ & $0.0503944$ & $0.0497405$ & $-0.0475434$ & $0.0238568$ & $-0.0133212$ \\
eHggpar & $0.0160718$ & $-0.0825872$ & $0.045935$ & $0.024971$ & $-0.00357688$ & $0.0166395$ & $0.0147789$ & $-0.00307041$ & $-0.0157142$ & $0.0423681$ & $-0.0057874$ & $0.0295894$ & $-0.00824982$ & $0.0190208$ & $0.00765231$ & $0.014105$ & $0.0159567$ & $0.0155345$ & $0.00899702$ & $0.00601522$ & $0.00295371$ & $-0.000493957$ & $-0.00675418$ & $0.022938$ & $0.00490504$ & $-0.0016908$ & $-0.0199479$ & $-0.000551593$ & $0.0120153$ & $-0.0117022$ & $0.0101038$ & $0.0565095$ & $-0.0417904$ & $-0.0152415$ & $-0.10895$ & $1$ & $-0.0372266$ & $0.0121744$ & $0.0751923$ & $0.008509$ & $-0.0491517$ & $0.0304948$ & $-0.0424055$ & $0.00436454$ & $-0.016637$ & $-0.0306217$ & $0.0064149$ & $-0.0248642$ & $-0.0351634$ \\
eHWWint & $-0.0634605$ & $0.0507354$ & $-0.0325678$ & $0.0609753$ & $0.000902714$ & $0.000112173$ & $0.00895185$ & $0.0261634$ & $0.0126425$ & $-0.013463$ & $-0.0285455$ & $-0.00970541$ & $-0.00324083$ & $0.0208053$ & $0.00521422$ & $0.00861721$ & $0.000878957$ & $0.000735957$ & $0.000537722$ & $0.0310426$ & $0.0321942$ & $0.0302178$ & $-0.0144938$ & $-0.0072027$ & $0.00298254$ & $-0.00992135$ & $0.00719834$ & $0.0073657$ & $-0.029666$ & $-0.165705$ & $-0.0828789$ & $-0.0303825$ & $-0.205175$ & $0.0167925$ & $0.0597179$ & $-0.0372266$ & $1$ & $-0.0204982$ & $0.0673931$ & $0.0154269$ & $0.0129092$ & $0.0143691$ & $-0.0350771$ & $0.00823976$ & $-0.0330504$ & $-0.0206485$ & $-0.0194009$ & $-0.0240333$ & $-0.0303918$ \\
eHWWpar & $0.0178959$ & $0.0417762$ & $0.00726327$ & $-0.0404808$ & $0.00315744$ & $-0.00363546$ & $0.00912898$ & $-0.00511353$ & $-0.00746843$ & $-0.00144773$ & $0.00652414$ & $-0.0113204$ & $-0.0123422$ & $0.000777079$ & $-0.0124736$ & $-0.0185321$ & $-0.00870783$ & $0.00129374$ & $0.00762251$ & $-0.00966796$ & $-0.00405221$ & $-0.00384294$ & $0.00666184$ & $-0.000469874$ & $0.00179261$ & $0.00707344$ & $0.0158257$ & $0.00202241$ & $-0.00899746$ & $-0.0286999$ & $-0.00617225$ & $0.0052588$ & $-0.0283796$ & $0.0042238$ & $-0.0394969$ & $0.0121744$ & $-0.0204982$ & $1$ & $0.0178514$ & $0.000249487$ & $0.00532756$ & $0.0120907$ & $0.00760172$ & $0.00806216$ & $-0.00312258$ & $-0.0132104$ & $-0.0204682$ & $-0.0225444$ & $-0.0105621$ \\
eHZZint & $0.10382$ & $0.0156447$ & $0.0547365$ & $0.0360274$ & $-0.00171583$ & $0.00302986$ & $0.0181216$ & $-0.024906$ & $-0.0359088$ & $0.00174002$ & $-0.000281484$ & $-0.0393686$ & $-0.0246837$ & $0.0485588$ & $-6.2106e-05$ & $-0.00266653$ & $0.0386105$ & $0.0438263$ & $0.0453832$ & $-0.00147843$ & $-0.00243885$ & $-0.002802$ & $-0.00398975$ & $0.0391988$ & $0.0337136$ & $-0.0114389$ & $-0.0137148$ & $0.00785349$ & $-0.0184415$ & $-0.0228045$ & $-0.0377329$ & $0.035234$ & $-0.0325355$ & $-0.0248749$ & $0.0481501$ & $0.0751923$ & $0.0673931$ & $0.0178514$ & $1$ & $0.0109974$ & $-0.0168397$ & $0.0040419$ & $-0.0605737$ & $-0.0903611$ & $0.0467992$ & $-0.128987$ & $-0.0376846$ & $0.0127479$ & $-0.00440563$ \\
eHZZpar & $-0.0443433$ & $-0.00307668$ & $-0.00116736$ & $-0.00484727$ & $0.000781509$ & $-0.00640058$ & $-0.00634245$ & $0.00536847$ & $0.00451334$ & $-0.00582639$ & $0.00636398$ & $0.0228619$ & $0.0250047$ & $-0.0354679$ & $-0.00200972$ & $0.00609631$ & $-0.013746$ & $-0.0205405$ & $-0.0221768$ & $-0.0048177$ & $-0.00526395$ & $-0.00293217$ & $-0.0161353$ & $-0.0107886$ & $-0.0148124$ & $0.0153256$ & $0.00372017$ & $-0.00974549$ & $0.028112$ & $-0.000182127$ & $0.00755494$ & $0.000611847$ & $-0.0033494$ & $0.0106019$ & $0.0212455$ & $0.008509$ & $0.0154269$ & $0.000249487$ & $0.0109974$ & $1$ & $0.00619939$ & $-0.00763641$ & $-0.0106595$ & $0.00577238$ & $0.0105919$ & $-0.0126695$ & $0.0130116$ & $0.0107888$ & $0.000927718$ \\
eHZgaint & $-0.0525369$ & $-0.00580735$ & $-0.0249926$ & $-0.0223616$ & $-0.0115371$ & $-0.00207058$ & $0.0177668$ & $-0.00399778$ & $-0.0087373$ & $-0.0451038$ & $0.0129485$ & $-0.019458$ & $-0.0105612$ & $-0.019937$ & $-0.000779971$ & $0.0103967$ & $-0.0243316$ & $-0.0151858$ & $-0.0236114$ & $-0.00981463$ & $-0.0143684$ & $-0.015792$ & $0.0133194$ & $-0.00126723$ & $-0.00332916$ & $0.00383284$ & $0.00335043$ & $0.00167749$ & $0.0301296$ & $-0.0146132$ & $-0.0193309$ & $0.0129624$ & $-0.00991644$ & $-0.00619139$ & $0.0131176$ & $-0.0491517$ & $0.0129092$ & $0.00532756$ & $-0.0168397$ & $0.00619939$ & $1$ & $0.0180662$ & $-0.053306$ & $-0.0105933$ & $-0.0584725$ & $-0.0883482$ & $-0.0221711$ & $0.00496444$ & $-0.00639512$ \\
eHZgapar & $-0.0126497$ & $0.00336118$ & $0.0213445$ & $0.0235616$ & $0.00637261$ & $-0.000144031$ & $-0.0150108$ & $-0.00759777$ & $-0.00809225$ & $-0.000263894$ & $0.0129626$ & $-0.0121679$ & $-0.0243284$ & $-0.019092$ & $-0.00899143$ & $0.0223126$ & $-0.00912449$ & $-0.0027984$ & $-0.0304578$ & $-0.0117379$ & $-0.0140336$ & $-0.0151353$ & $-0.0249636$ & $-0.00400126$ & $-0.00802909$ & $0.0237296$ & $-0.0117502$ & $-0.0049232$ & $0.0246744$ & $-0.00512542$ & $-0.00581067$ & $-0.0197756$ & $-0.0434042$ & $0.00432459$ & $-0.0321625$ & $0.0304948$ & $0.0143691$ & $0.0120907$ & $0.0040419$ & $-0.00763641$ & $0.0180662$ & $1$ & $0.0205431$ & $-0.0184509$ & $-0.00450409$ & $-0.0573699$ & $-0.00362842$ & $-0.0570435$ & $-0.0355034$ \\
eHgagaint & $0.0173714$ & $0.0109098$ & $-0.0817627$ & $-0.0301721$ & $-0.00465038$ & $0.0251224$ & $0.0180716$ & $-0.0374941$ & $0.0347296$ & $0.0181252$ & $0.0441708$ & $0.000828816$ & $-0.010438$ & $-0.0270103$ & $-0.00653423$ & $-0.00790871$ & $-0.0146184$ & $-0.00981063$ & $-0.00646815$ & $-0.042042$ & $-0.0441603$ & $-0.0419029$ & $-0.0123223$ & $0.00572463$ & $-0.0120297$ & $0.0358519$ & $-0.0262741$ & $-0.0115721$ & $0.0184284$ & $0.00637798$ & $0.0204232$ & $0.0172415$ & $0.04485$ & $-0.0259187$ & $-0.000544535$ & $-0.0424055$ & $-0.0350771$ & $0.00760172$ & $-0.0605737$ & $-0.0106595$ & $-0.053306$ & $0.0205431$ & $1$ & $0.0926137$ & $-0.0551031$ & $0.0409324$ & $0.021754$ & $0.0271591$ & $0.0519676$ \\
eHmumuint & $0.0729269$ & $-0.0500069$ & $-0.168551$ & $0.0435497$ & $-0.0172121$ & $-0.00345111$ & $0.0209533$ & $-0.000868643$ & $0.00771872$ & $-0.000589719$ & $0.00476159$ & $-0.00925362$ & $-0.0145758$ & $-0.0156022$ & $-0.00226121$ & $-0.000800972$ & $-0.00523888$ & $-0.00882067$ & $-0.00760816$ & $-0.0083662$ & $-0.00794598$ & $-0.00441429$ & $0.0236738$ & $-0.0112587$ & $-0.0142552$ & $-0.0108117$ & $0.00236294$ & $0.00100603$ & $0.0221512$ & $0.00595235$ & $0.0155109$ & $0.0211567$ & $0.0502111$ & $-6.05737e-07$ & $0.0510418$ & $0.00436454$ & $0.00823976$ & $0.00806216$ & $-0.0903611$ & $0.00577238$ & $-0.0105933$ & $-0.0184509$ & $0.0926137$ & $1$ & $0.124868$ & $0.029755$ & $0.068642$ & $0.118797$ & $0.0770818$ \\
eHtautauint & $0.0114469$ & $0.0446308$ & $-0.00308211$ & $-0.0272075$ & $0.0300544$ & $0.0186056$ & $0.0268251$ & $-0.0340916$ & $-0.0390744$ & $-0.00541458$ & $0.0364336$ & $-0.0186577$ & $-0.0271261$ & $-0.0268223$ & $-0.0155135$ & $-0.0469938$ & $0.000239066$ & $0.00285117$ & $0.022437$ & $-0.0361931$ & $-0.0340372$ & $-0.035445$ & $0.0256682$ & $0.00832268$ & $0.0102929$ & $0.0190704$ & $0.0111519$ & $-0.00884148$ & $0.00179004$ & $0.058135$ & $0.0351135$ & $0.036241$ & $0.0289195$ & $-0.0100837$ & $0.0503944$ & $-0.016637$ & $-0.0330504$ & $-0.00312258$ & $0.0467992$ & $0.0105919$ & $-0.0584725$ & $-0.00450409$ & $-0.0551031$ & $0.124868$ & $1$ & $0.148301$ & $0.0732092$ & $0.0604643$ & $0.0581593$ \\
eHccint & $-0.0055443$ & $0.0728017$ & $-0.0284308$ & $-0.0396926$ & $0.0158092$ & $-0.0200727$ & $0.0196262$ & $-0.0155824$ & $-0.00812473$ & $0.016911$ & $0.027219$ & $0.0307324$ & $0.0248244$ & $-0.0317026$ & $-0.027662$ & $-0.0294132$ & $-0.0166948$ & $-0.00630577$ & $-0.0034212$ & $-0.0276881$ & $-0.0210695$ & $-0.016518$ & $0.0395967$ & $-0.022031$ & $-0.000209029$ & $-0.00110225$ & $0.0252006$ & $-0.030629$ & $-0.0336725$ & $0.00651623$ & $0.0585026$ & $0.0135427$ & $0.0715026$ & $0.0173754$ & $0.0497405$ & $-0.0306217$ & $-0.0206485$ & $-0.0132104$ & $-0.128987$ & $-0.0126695$ & $-0.0883482$ & $-0.0573699$ & $0.0409324$ & $0.029755$ & $0.148301$ & $1$ & $-0.0445306$ & $0.0863427$ & $0.0978882$ \\
eHccpar & $-0.0828426$ & $-0.10302$ & $0.0541344$ & $0.047325$ & $0.00766323$ & $-0.000441322$ & $0.00706089$ & $-0.00824737$ & $-0.00319693$ & $-0.0179817$ & $0.00436359$ & $-0.0547727$ & $-0.0386011$ & $0.00383344$ & $-0.00703393$ & $0.0232696$ & $0.0184156$ & $0.0200405$ & $-0.00394888$ & $-0.00203784$ & $-0.00617577$ & $-0.00756824$ & $-0.00942423$ & $0.0248025$ & $0.0212304$ & $0.0128823$ & $-0.00964378$ & $-0.000811464$ & $-0.0114652$ & $-0.0167421$ & $0.404695$ & $0.00581925$ & $-0.0108963$ & $-0.00312617$ & $-0.0475434$ & $0.0064149$ & $-0.0194009$ & $-0.0204682$ & $-0.0376846$ & $0.0130116$ & $-0.0221711$ & $-0.00362842$ & $0.021754$ & $0.068642$ & $0.0732092$ & $-0.0445306$ & $1$ & $0.0588701$ & $-0.00820156$ \\
eHbbint & $0.0577909$ & $0.0127951$ & $-0.116422$ & $-0.0713592$ & $-0.0217126$ & $-0.00877824$ & $0.0329402$ & $0.00809799$ & $0.012886$ & $-0.00293256$ & $-0.000627453$ & $0.00694811$ & $0.0107803$ & $-0.0157496$ & $-0.00386462$ & $0.00383127$ & $-0.018177$ & $-0.0143077$ & $-0.0155286$ & $0.000199098$ & $0.000979529$ & $0.00710595$ & $0.0117023$ & $-0.0211881$ & $-0.0141787$ & $-0.00855912$ & $0.0154146$ & $-0.0249526$ & $-4.04526e-05$ & $-0.0167268$ & $0.0418793$ & $0.0386784$ & $0.196752$ & $0.0102799$ & $0.0238568$ & $-0.0248642$ & $-0.0240333$ & $-0.0225444$ & $0.0127479$ & $0.0107888$ & $0.00496444$ & $-0.0570435$ & $0.0271591$ & $0.118797$ & $0.0604643$ & $0.0863427$ & $0.0588701$ & $1$ & $0.0767602$ \\
eHbbpar & $-0.0215057$ & $-0.0278792$ & $-0.0369941$ & $-0.056867$ & $0.00797618$ & $-0.0231598$ & $-0.0154923$ & $0.0323551$ & $0.0392417$ & $-0.0045538$ & $-0.028289$ & $0.0114992$ & $0.0213961$ & $0.0136911$ & $0.00867618$ & $-0.00546526$ & $-0.0130778$ & $-0.0139141$ & $-0.0058125$ & $0.0246657$ & $0.0286186$ & $0.0248783$ & $0.00823165$ & $-0.0266664$ & $-0.007669$ & $-0.0265388$ & $0.0143754$ & $0.0151335$ & $-0.0156048$ & $0.00562848$ & $0.0120846$ & $-0.015667$ & $0.501896$ & $0.0131732$ & $-0.0133212$ & $-0.0351634$ & $-0.0303918$ & $-0.0105621$ & $-0.00440563$ & $0.000927718$ & $-0.00639512$ & $-0.0355034$ & $0.0519676$ & $0.0770818$ & $0.0581593$ & $0.0978882$ & $-0.00820156$ & $0.0767602$ & $1$ \\
