 & AlsMz & dAle5Mz & mtop & mHl & Mz & CW & CHG & CHWB & CHWHB_gaga & CHWHB_gagaorth & CHD & CHbox & CH & CHL1_11 & CHL1_22 & CHL1_33 & CHL3_11 & CHL3_22 & CHL3_33 & CHe_11 & CHe_22 & CHe_33 & CHQ1_11 & CHQ1_33 & CHQ3_11 & CHu_11 & CHd_11 & CHd_33 & CeH_22r & CeH_33r & CuH_22r & CuH_33r & CdH_33r & CLL_1221 & eHggint & eHggpar & eHWWint & eHWWpar & eHZZint & eHZZpar & eHZgaint & eHZgapar & eHgagaint & eHmumuint & eHtautauint & eHccint & eHccpar & eHbbint & eHbbpar \\
AlsMz & $1$ & $0.223941$ & $-0.154617$ & $-0.106866$ & $-0.0484182$ & $0.0036604$ & $-0.148283$ & $-0.0527159$ & $-0.0629992$ & $0.0284519$ & $0.0432676$ & $0.140469$ & $0.162349$ & $0.00457056$ & $0.0585997$ & $0.0712422$ & $0.0315566$ & $-0.0186968$ & $-0.0370214$ & $-0.0567527$ & $-0.070154$ & $-0.069554$ & $-0.044102$ & $0.120674$ & $-0.0738249$ & $-0.0335403$ & $-0.164909$ & $0.0121738$ & $0.00568626$ & $0.0477336$ & $0.0324285$ & $-0.151165$ & $0.0701269$ & $-0.0495318$ & $-0.283696$ & $0.0827663$ & $-0.168627$ & $0.324486$ & $-0.0982346$ & $0.332002$ & $-0.0860845$ & $0.136654$ & $-0.326532$ & $0.0516848$ & $0.324932$ & $0.0492761$ & $-0.0548312$ & $0.232735$ & $0.0967217$ \\
dAle5Mz & $0.223941$ & $1$ & $-0.288244$ & $-0.20927$ & $-0.0971784$ & $0.0377434$ & $-0.0625873$ & $-0.101931$ & $-0.0997172$ & $-0.00867619$ & $0.121889$ & $0.0939945$ & $0.0823945$ & $-0.0488033$ & $0.0760892$ & $0.0843366$ & $-0.0261802$ & $-0.0650527$ & $-0.0837712$ & $-0.10541$ & $-0.122704$ & $-0.113895$ & $0.0093327$ & $0.0348064$ & $-0.108012$ & $-0.0587569$ & $-0.242417$ & $0.0714852$ & $-0.0204596$ & $0.0335815$ & $0.0225925$ & $-0.0770823$ & $0.0341045$ & $-0.0404501$ & $-0.370917$ & $0.233754$ & $-0.203657$ & $-0.0349347$ & $-0.301757$ & $0.0375877$ & $0.24915$ & $0.0913514$ & $0.0565328$ & $0.422268$ & $0.284351$ & $-0.00398375$ & $0.126761$ & $-0.0870928$ & $0.128278$ \\
mtop & $-0.154617$ & $-0.288244$ & $1$ & $0.220367$ & $-0.00461104$ & $0.0114904$ & $-0.107806$ & $0.0274675$ & $0.0183463$ & $-0.0152866$ & $-0.0215298$ & $0.136052$ & $0.143426$ & $-0.00154316$ & $0.0689094$ & $0.0389107$ & $-0.0223548$ & $-0.0425953$ & $-0.0321758$ & $0.0202335$ & $0.003702$ & $-0.00745623$ & $-0.13849$ & $0.0278684$ & $-0.0454433$ & $0.065024$ & $-0.112598$ & $-0.0283304$ & $0.0116604$ & $0.0797181$ & $0.0327497$ & $-0.0801378$ & $0.0471842$ & $-0.0402285$ & $0.40434$ & $-0.207711$ & $-0.161866$ & $0.274899$ & $0.100492$ & $-0.117152$ & $-0.308654$ & $-0.326798$ & $-0.284156$ & $-0.572764$ & $0.0388135$ & $0.0236604$ & $-0.240188$ & $-0.140037$ & $-0.333918$ \\
mHl & $-0.106866$ & $-0.20927$ & $0.220367$ & $1$ & $-0.0419987$ & $-0.0545524$ & $0.175519$ & $-0.183079$ & $-0.183381$ & $0.159878$ & $0.119363$ & $-0.241091$ & $-0.252207$ & $0.132337$ & $0.0604416$ & $-0.0050664$ & $0.181698$ & $0.109595$ & $0.145007$ & $-0.132879$ & $-0.114473$ & $-0.0890724$ & $-0.0891969$ & $0.146815$ & $0.129357$ & $-0.0196628$ & $-0.219804$ & $-0.0592228$ & $-0.00588185$ & $-0.15479$ & $-0.0751427$ & $0.166982$ & $-0.199204$ & $-0.179919$ & $0.218834$ & $0.229999$ & $0.406519$ & $-0.0504168$ & $0.712286$ & $0.248528$ & $-0.182863$ & $-0.203321$ & $0.104505$ & $-0.258825$ & $0.295555$ & $-0.467291$ & $0.103511$ & $0.122223$ & $-0.178122$ \\
Mz & $-0.0484182$ & $-0.0971784$ & $-0.00461104$ & $-0.0419987$ & $1$ & $-0.0262823$ & $0.0103062$ & $-0.00677759$ & $-0.00690134$ & $-0.00419773$ & $0.0527729$ & $0.0187562$ & $0.0232014$ & $-0.00485412$ & $-0.0790039$ & $-0.0252944$ & $0.0073191$ & $0.055513$ & $0.0181722$ & $0.00185208$ & $0.0123974$ & $0.0283319$ & $-0.00857781$ & $-0.0130231$ & $0.045208$ & $0.0375567$ & $0.10959$ & $-0.0713317$ & $0.0184378$ & $-0.00963433$ & $-0.00773991$ & $0.0152569$ & $0.000255293$ & $0.0343835$ & $0.037097$ & $-0.0614589$ & $0.0156027$ & $-0.0293175$ & $0.00281416$ & $-0.0657681$ & $0.00898144$ & $-0.0114215$ & $0.0760511$ & $-0.0572327$ & $-0.0772263$ & $0.0656389$ & $0.00943367$ & $-0.107179$ & $0.010817$ \\
CW & $0.0036604$ & $0.0377434$ & $0.0114904$ & $-0.0545524$ & $-0.0262823$ & $1$ & $-0.0599515$ & $-0.0500966$ & $-0.0538547$ & $-0.0248648$ & $0.0768568$ & $0.0438122$ & $0.0503963$ & $0.149419$ & $0.026326$ & $0.0256922$ & $-0.194536$ & $-0.0424703$ & $-0.0532124$ & $-0.0649722$ & $-0.0503858$ & $-0.0557109$ & $0.016097$ & $0.00401134$ & $-0.0682275$ & $-0.029571$ & $-0.0952495$ & $-0.020548$ & $-0.00701253$ & $0.0147813$ & $-0.00939608$ & $-0.0614647$ & $0.00629348$ & $-0.133245$ & $-0.00853576$ & $0.0990195$ & $0.0159548$ & $0.0138805$ & $-0.0722387$ & $-0.0925436$ & $0.0562643$ & $0.0977926$ & $-0.0859183$ & $-0.0476808$ & $0.0109188$ & $0.0810192$ & $-0.0765303$ & $-0.0491849$ & $0.0281299$ \\
CHG & $-0.148283$ & $-0.0625873$ & $-0.107806$ & $0.175519$ & $0.0103062$ & $-0.0599515$ & $1$ & $-0.126512$ & $-0.0890787$ & $0.109145$ & $0.0692075$ & $-0.590619$ & $-0.617426$ & $0.0863191$ & $0.00268398$ & $-0.0185648$ & $0.172034$ & $0.124082$ & $0.132911$ & $-0.0732941$ & $-0.0542638$ & $0.00309378$ & $0.0286281$ & $0.117193$ & $0.151218$ & $-0.0306747$ & $-0.0354259$ & $-0.0202589$ & $-0.0345598$ & $-0.340153$ & $-0.146858$ & $0.935173$ & $-0.349804$ & $-0.0787707$ & $-0.119959$ & $-0.0223635$ & $0.165022$ & $-0.199204$ & $0.135671$ & $0.1212$ & $0.113536$ & $-0.0950277$ & $0.152764$ & $0.0740453$ & $-0.0835795$ & $-0.166475$ & $0.0912947$ & $0.113508$ & $0.126593$ \\
CHWB & $-0.0527159$ & $-0.101931$ & $0.0274675$ & $-0.183079$ & $-0.00677759$ & $-0.0500966$ & $-0.126512$ & $1$ & $0.992714$ & $-0.494224$ & $-0.887219$ & $0.143338$ & $0.204566$ & $-0.21601$ & $0.0779398$ & $0.0480103$ & $-0.596718$ & $-0.544347$ & $-0.51736$ & $0.853212$ & $0.620116$ & $0.608062$ & $-0.00997377$ & $-0.597119$ & $-0.611135$ & $-0.18998$ & $0.305924$ & $0.134139$ & $0.0426177$ & $0.0718633$ & $-0.0101154$ & $-0.127503$ & $0.0500334$ & $0.631658$ & $0.0484418$ & $-0.194302$ & $-0.14042$ & $-0.0669527$ & $-0.0716292$ & $0.0636565$ & $-0.093974$ & $0.033439$ & $-0.00859552$ & $0.0807153$ & $-0.15031$ & $0.111456$ & $0.00247406$ & $0.0568588$ & $-0.156221$ \\
CHWHB_gaga & $-0.0629992$ & $-0.0997172$ & $0.0183463$ & $-0.183381$ & $-0.00690134$ & $-0.0538547$ & $-0.0890787$ & $0.992714$ & $1$ & $-0.49583$ & $-0.87888$ & $0.139693$ & $0.194388$ & $-0.223829$ & $0.0740314$ & $0.0428773$ & $-0.596926$ & $-0.541154$ & $-0.513666$ & $0.850511$ & $0.616593$ & $0.60592$ & $-0.0112268$ & $-0.596728$ & $-0.606437$ & $-0.186243$ & $0.311809$ & $0.132362$ & $0.0466579$ & $0.0840607$ & $-0.00189238$ & $-0.0944864$ & $0.0658822$ & $0.628145$ & $0.0435362$ & $-0.203527$ & $-0.14152$ & $-0.0795333$ & $-0.0696136$ & $0.0688908$ & $-0.0856511$ & $0.0269613$ & $0.0149914$ & $0.0943827$ & $-0.158517$ & $0.108998$ & $0.0100849$ & $0.0583484$ & $-0.154835$ \\
CHWHB_gagaorth & $0.0284519$ & $-0.00867619$ & $-0.0152866$ & $0.159878$ & $-0.00419773$ & $-0.0248648$ & $0.109145$ & $-0.494224$ & $-0.49583$ & $1$ & $0.154876$ & $-0.12577$ & $-0.234827$ & $0.688981$ & $0.0954301$ & $0.0824054$ & $0.774518$ & $0.548825$ & $0.54522$ & $-0.229381$ & $-0.160739$ & $-0.148234$ & $-0.0502411$ & $0.539159$ & $0.635242$ & $0.0591694$ & $-0.280608$ & $-0.0246193$ & $-0.0240103$ & $-0.139725$ & $-0.0361273$ & $0.118547$ & $-0.139358$ & $-0.387753$ & $-0.0239948$ & $0.150399$ & $0.162139$ & $0.0495909$ & $0.074058$ & $-0.0655659$ & $-0.000180612$ & $0.0153222$ & $-0.0574141$ & $-0.0932957$ & $0.1219$ & $-0.103957$ & $-0.0165115$ & $-0.0710556$ & $0.102244$ \\
CHD & $0.0432676$ & $0.121889$ & $-0.0215298$ & $0.119363$ & $0.0527729$ & $0.0768568$ & $0.0692075$ & $-0.887219$ & $-0.87888$ & $0.154876$ & $1$ & $-0.0385171$ & $-0.0810734$ & $-0.14951$ & $-0.154159$ & $-0.125067$ & $0.250626$ & $0.317886$ & $0.292061$ & $-0.888049$ & $-0.646013$ & $-0.636235$ & $0.0366628$ & $0.379883$ & $0.351761$ & $0.199099$ & $-0.181181$ & $-0.15165$ & $-0.0262$ & $0.000765933$ & $0.0345894$ & $0.0759831$ & $0.0140138$ & $-0.47464$ & $-0.0296733$ & $0.143179$ & $0.0706576$ & $0.0500768$ & $0.041653$ & $-0.040751$ & $0.108433$ & $-0.0515783$ & $0.0515129$ & $-0.0375914$ & $0.103141$ & $-0.0702475$ & $-0.00358233$ & $-0.0353949$ & $0.116169$ \\
CHbox & $0.140469$ & $0.0939945$ & $0.136052$ & $-0.241091$ & $0.0187562$ & $0.0438122$ & $-0.590619$ & $0.143338$ & $0.139693$ & $-0.12577$ & $-0.0385171$ & $1$ & $0.95378$ & $-0.241632$ & $-0.0436472$ & $-0.0373333$ & $-0.2722$ & $-0.16763$ & $-0.171146$ & $0.122242$ & $0.0399715$ & $0.0181932$ & $-0.0347352$ & $-0.181769$ & $-0.181945$ & $0.0499479$ & $0.139151$ & $0.0222435$ & $0.0729252$ & $0.519789$ & $0.209372$ & $-0.488196$ & $0.536456$ & $0.103727$ & $0.146221$ & $-0.0800323$ & $-0.250835$ & $0.254318$ & $-0.138264$ & $-0.0466209$ & $-0.0702872$ & $0.0357914$ & $-0.0194343$ & $-0.00596379$ & $0.0726874$ & $0.272939$ & $-0.116013$ & $-0.0917504$ & $-0.190455$ \\
CH & $0.162349$ & $0.0823945$ & $0.143426$ & $-0.252207$ & $0.0232014$ & $0.0503963$ & $-0.617426$ & $0.204566$ & $0.194388$ & $-0.234827$ & $-0.0810734$ & $0.95378$ & $1$ & $-0.227135$ & $-0.0455486$ & $-0.0422307$ & $-0.291194$ & $-0.196556$ & $-0.1963$ & $0.102043$ & $0.0578709$ & $0.0364638$ & $-0.0396729$ & $-0.205429$ & $-0.218631$ & $0.0405645$ & $0.138561$ & $0.0287118$ & $0.0720975$ & $0.462555$ & $0.191072$ & $-0.546571$ & $0.480783$ & $0.17557$ & $0.142798$ & $-0.0770039$ & $-0.254923$ & $0.275232$ & $-0.134794$ & $-0.0526745$ & $-0.0675457$ & $0.0589577$ & $-0.0223537$ & $-0.0340314$ & $0.0652648$ & $0.293641$ & $-0.115204$ & $-0.0777857$ & $-0.20906$ \\
CHL1_11 & $0.00457056$ & $-0.0488033$ & $-0.00154316$ & $0.132337$ & $-0.00485412$ & $0.149419$ & $0.0863191$ & $-0.21601$ & $-0.223829$ & $0.688981$ & $-0.14951$ & $-0.241632$ & $-0.227135$ & $1$ & $0.148955$ & $0.164746$ & $0.593852$ & $0.446839$ & $0.427522$ & $-0.0488678$ & $0.0222409$ & $0.029436$ & $-0.0470493$ & $0.460197$ & $0.500441$ & $-0.00990317$ & $-0.286221$ & $0.0266101$ & $-0.0257662$ & $-0.163629$ & $-0.0569462$ & $0.0580323$ & $-0.148102$ & $-0.283323$ & $-0.0288216$ & $0.133532$ & $0.166796$ & $0.028708$ & $0.0510363$ & $-0.081553$ & $-0.0215779$ & $0.0598946$ & $-0.110447$ & $-0.131118$ & $0.101411$ & $-0.0620992$ & $-0.0106531$ & $-0.0815792$ & $0.0785188$ \\
CHL1_22 & $0.0585997$ & $0.0760892$ & $0.0689094$ & $0.0604416$ & $-0.0790039$ & $0.026326$ & $0.00268398$ & $0.0779398$ & $0.0740314$ & $0.0954301$ & $-0.154159$ & $-0.0436472$ & $-0.0455486$ & $0.148955$ & $1$ & $0.259597$ & $0.0392671$ & $-0.502475$ & $-0.113563$ & $0.141478$ & $-0.0596546$ & $-0.00684212$ & $-0.0916675$ & $0.160331$ & $-0.161408$ & $0.0151489$ & $-0.413441$ & $0.0309402$ & $-0.00766517$ & $-0.0321189$ & $-0.0404984$ & $-0.000445835$ & $-0.0552498$ & $-0.489732$ & $-0.0858097$ & $0.179958$ & $0.084531$ & $0.00345891$ & $-0.0536165$ & $-0.126722$ & $0.0132178$ & $0.1204$ & $-0.112449$ & $-0.170513$ & $0.134892$ & $0.112793$ & $-0.121368$ & $-0.0944285$ & $-0.0508905$ \\
CHL1_33 & $0.0712422$ & $0.0843366$ & $0.0389107$ & $-0.0050664$ & $-0.0252944$ & $0.0256922$ & $-0.0185648$ & $0.0480103$ & $0.0428773$ & $0.0824054$ & $-0.125067$ & $-0.0373333$ & $-0.0422307$ & $0.164746$ & $0.259597$ & $1$ & $0.0465333$ & $-0.105084$ & $-0.484827$ & $0.108927$ & $-0.0415118$ & $-0.147951$ & $-0.0301061$ & $0.211438$ & $-0.144229$ & $-0.0193318$ & $-0.408757$ & $0.0242575$ & $-0.015737$ & $-0.0303102$ & $0.00315374$ & $-0.0241739$ & $-0.0410256$ & $-0.151895$ & $-0.0623499$ & $0.162254$ & $0.125788$ & $0.0228627$ & $-0.106097$ & $-0.159514$ & $0.0473739$ & $0.132895$ & $-0.182756$ & $-0.172983$ & $0.110349$ & $0.114129$ & $-0.148404$ & $-0.178115$ & $0.0498635$ \\
CHL3_11 & $0.0315566$ & $-0.0261802$ & $-0.0223548$ & $0.181698$ & $0.0073191$ & $-0.194536$ & $0.172034$ & $-0.596718$ & $-0.596926$ & $0.774518$ & $0.250626$ & $-0.2722$ & $-0.291194$ & $0.593852$ & $0.0392671$ & $0.0465333$ & $1$ & $0.648608$ & $0.643789$ & $-0.398244$ & $-0.228691$ & $-0.23035$ & $-0.0356427$ & $0.613006$ & $0.750817$ & $0.0737505$ & $-0.263052$ & $-0.0423039$ & $-0.0327632$ & $-0.16538$ & $-0.038251$ & $0.149256$ & $-0.14262$ & $-0.328373$ & $-0.0363604$ & $0.118773$ & $0.163256$ & $0.0556643$ & $0.102769$ & $-0.0398914$ & $0.0151956$ & $-0.0212747$ & $-0.0184535$ & $-0.099681$ & $0.103557$ & $-0.130232$ & $0.0188555$ & $-0.0390886$ & $0.118853$ \\
CHL3_22 & $-0.0186968$ & $-0.0650527$ & $-0.0425953$ & $0.109595$ & $0.055513$ & $-0.0424703$ & $0.124082$ & $-0.544347$ & $-0.541154$ & $0.548825$ & $0.317886$ & $-0.16763$ & $-0.196556$ & $0.446839$ & $-0.502475$ & $-0.105084$ & $0.648608$ & $1$ & $0.593053$ & $-0.384595$ & $-0.218336$ & $-0.210876$ & $0.0486879$ & $0.429711$ & $0.746163$ & $0.0586149$ & $0.033918$ & $-0.060994$ & $-0.0259758$ & $-0.115263$ & $-0.0213414$ & $0.110885$ & $-0.0770534$ & $0.125233$ & $0.022357$ & $0.00456344$ & $0.0894096$ & $0.0294636$ & $0.118177$ & $0.0369896$ & $-0.00572254$ & $-0.0872179$ & $0.0272042$ & $0.0287724$ & $0.0290837$ & $-0.187981$ & $0.0873391$ & $0.0200808$ & $0.14289$ \\
CHL3_33 & $-0.0370214$ & $-0.0837712$ & $-0.0321758$ & $0.145007$ & $0.0181722$ & $-0.0532124$ & $0.132911$ & $-0.51736$ & $-0.513666$ & $0.54522$ & $0.292061$ & $-0.171146$ & $-0.1963$ & $0.427522$ & $-0.113563$ & $-0.484827$ & $0.643789$ & $0.593053$ & $1$ & $-0.356857$ & $-0.194854$ & $-0.187095$ & $0.0170441$ & $0.389034$ & $0.745968$ & $0.0704484$ & $0.0574348$ & $-0.055978$ & $-0.0126589$ & $-0.118734$ & $-0.0224622$ & $0.119965$ & $-0.0875285$ & $-0.223724$ & $0.0305917$ & $-0.00890693$ & $0.0589493$ & $0.0156546$ & $0.156792$ & $0.0451948$ & $-0.0257261$ & $-0.106712$ & $0.0929903$ & $0.0434748$ & $0.0183078$ & $-0.190197$ & $0.106793$ & $0.0505563$ & $0.0718788$ \\
CHe_11 & $-0.0567527$ & $-0.10541$ & $0.0202335$ & $-0.132879$ & $0.00185208$ & $-0.0649722$ & $-0.0732941$ & $0.853212$ & $0.850511$ & $-0.229381$ & $-0.888049$ & $0.122242$ & $0.102043$ & $-0.0488678$ & $0.141478$ & $0.108927$ & $-0.398244$ & $-0.384595$ & $-0.356857$ & $1$ & $0.634534$ & $0.628385$ & $-0.0274018$ & $-0.447312$ & $-0.427475$ & $-0.197652$ & $0.21448$ & $0.140598$ & $0.028872$ & $0.0324325$ & $-0.0273199$ & $-0.0569338$ & $0.011595$ & $0.40732$ & $0.0386676$ & $-0.144737$ & $-0.0888953$ & $-0.0668183$ & $-0.0497836$ & $0.0345015$ & $-0.103853$ & $0.0491244$ & $-0.0345852$ & $0.0631885$ & $-0.114265$ & $0.0787112$ & $0.00248061$ & $0.0320243$ & $-0.118329$ \\
CHe_22 & $-0.070154$ & $-0.122704$ & $0.003702$ & $-0.114473$ & $0.0123974$ & $-0.0503858$ & $-0.0542638$ & $0.620116$ & $0.616593$ & $-0.160739$ & $-0.646013$ & $0.0399715$ & $0.0578709$ & $0.0222409$ & $-0.0596546$ & $-0.0415118$ & $-0.228691$ & $-0.218336$ & $-0.194854$ & $0.634534$ & $1$ & $0.504858$ & $0.00974836$ & $-0.377806$ & $-0.27501$ & $-0.175289$ & $0.297775$ & $0.100539$ & $0.00789899$ & $0.0283561$ & $0.00355299$ & $-0.0524508$ & $0.010304$ & $0.371252$ & $0.0757158$ & $-0.173351$ & $-0.0964866$ & $-0.0579454$ & $-0.00504611$ & $0.0578267$ & $-0.0602767$ & $0.00983974$ & $-0.00245358$ & $0.0772561$ & $-0.125189$ & $0.0347575$ & $0.0565096$ & $0.0547291$ & $-0.096721$ \\
CHe_33 & $-0.069554$ & $-0.113895$ & $-0.00745623$ & $-0.0890724$ & $0.0283319$ & $-0.0557109$ & $0.00309378$ & $0.608062$ & $0.60592$ & $-0.148234$ & $-0.636235$ & $0.0181932$ & $0.0364638$ & $0.029436$ & $-0.00684212$ & $-0.147951$ & $-0.23035$ & $-0.210876$ & $-0.187095$ & $0.628385$ & $0.504858$ & $1$ & $-0.0397913$ & $-0.383445$ & $-0.262553$ & $-0.126056$ & $0.271949$ & $0.120924$ & $0.0222545$ & $0.00248428$ & $-0.0565874$ & $0.00612703$ & $-0.0250153$ & $0.360096$ & $0.0249179$ & $-0.146216$ & $-0.0920356$ & $-0.0440231$ & $0.00559664$ & $0.108316$ & $-0.0744243$ & $0.0134376$ & $0.050139$ & $0.0784569$ & $-0.127785$ & $0.0387626$ & $0.045213$ & $0.0947996$ & $-0.0941247$ \\
CHQ1_11 & $-0.044102$ & $0.0093327$ & $-0.13849$ & $-0.0891969$ & $-0.00857781$ & $0.016097$ & $0.0286281$ & $-0.00997377$ & $-0.0112268$ & $-0.0502411$ & $0.0366628$ & $-0.0347352$ & $-0.0396729$ & $-0.0470493$ & $-0.0916675$ & $-0.0301061$ & $-0.0356427$ & $0.0486879$ & $0.0170441$ & $-0.0274018$ & $0.00974836$ & $-0.0397913$ & $1$ & $-0.0444842$ & $0.0380051$ & $-0.560851$ & $0.18448$ & $0.0476918$ & $0.0125581$ & $-0.0112468$ & $-0.0288176$ & $0.0214841$ & $-0.0275606$ & $0.0681396$ & $-0.00505633$ & $0.00896982$ & $0.0265427$ & $-0.0500428$ & $-0.0310247$ & $-0.0517341$ & $-0.0786857$ & $-0.00320387$ & $-0.0732309$ & $0.111168$ & $-0.0722701$ & $-0.0855756$ & $0.0326809$ & $0.0129522$ & $-0.00673068$ \\
CHQ1_33 & $0.120674$ & $0.0348064$ & $0.0278684$ & $0.146815$ & $-0.0130231$ & $0.00401134$ & $0.117193$ & $-0.597119$ & $-0.596728$ & $0.539159$ & $0.379883$ & $-0.181769$ & $-0.205429$ & $0.460197$ & $0.160331$ & $0.211438$ & $0.613006$ & $0.429711$ & $0.389034$ & $-0.447312$ & $-0.377806$ & $-0.383445$ & $-0.0444842$ & $1$ & $0.501215$ & $0.116143$ & $-0.328098$ & $0.053706$ & $-0.0447546$ & $-0.117494$ & $-0.0262846$ & $0.102751$ & $-0.0897179$ & $-0.452912$ & $-0.070927$ & $0.135136$ & $0.1306$ & $0.0866641$ & $0.0292292$ & $-0.0378766$ & $0.00786358$ & $-0.0259793$ & $-0.104025$ & $-0.15046$ & $0.187577$ & $-0.0895932$ & $-0.0384083$ & $-0.0598451$ & $0.137444$ \\
CHQ3_11 & $-0.0738249$ & $-0.108012$ & $-0.0454433$ & $0.129357$ & $0.045208$ & $-0.0682275$ & $0.151218$ & $-0.611135$ & $-0.606437$ & $0.635242$ & $0.351761$ & $-0.181945$ & $-0.218631$ & $0.500441$ & $-0.161408$ & $-0.144229$ & $0.750817$ & $0.746163$ & $0.745968$ & $-0.427475$ & $-0.27501$ & $-0.262553$ & $0.0380051$ & $0.501215$ & $1$ & $0.0820977$ & $0.106865$ & $-0.0849263$ & $-0.0211065$ & $-0.137641$ & $-0.0297165$ & $0.137779$ & $-0.0976298$ & $-0.216337$ & $0.0310963$ & $-0.0322571$ & $0.062376$ & $0.0128674$ & $0.136377$ & $0.0605756$ & $-0.0295075$ & $-0.130653$ & $0.0803821$ & $0.0365104$ & $0.00327955$ & $-0.209885$ & $0.103668$ & $0.0436047$ & $0.114808$ \\
CHu_11 & $-0.0335403$ & $-0.0587569$ & $0.065024$ & $-0.0196628$ & $0.0375567$ & $-0.029571$ & $-0.0306747$ & $-0.18998$ & $-0.186243$ & $0.0591694$ & $0.199099$ & $0.0499479$ & $0.0405645$ & $-0.00990317$ & $0.0151489$ & $-0.0193318$ & $0.0737505$ & $0.0586149$ & $0.0704484$ & $-0.197652$ & $-0.175289$ & $-0.126056$ & $-0.560851$ & $0.116143$ & $0.0820977$ & $1$ & $0.151691$ & $-0.106317$ & $-0.0310173$ & $0.0207788$ & $0.0251821$ & $-0.0209179$ & $0.0680504$ & $-0.13012$ & $0.0443449$ & $-0.0967777$ & $-0.102924$ & $0.0515441$ & $-0.0219348$ & $0.110829$ & $0.0889362$ & $-0.104559$ & $0.114277$ & $-0.0351966$ & $-0.0263259$ & $0.0261418$ & $-0.0103363$ & $0.0476162$ & $0.141917$ \\
CHd_11 & $-0.164909$ & $-0.242417$ & $-0.112598$ & $-0.219804$ & $0.10959$ & $-0.0952495$ & $-0.0354259$ & $0.305924$ & $0.311809$ & $-0.280608$ & $-0.181181$ & $0.139151$ & $0.138561$ & $-0.286221$ & $-0.413441$ & $-0.408757$ & $-0.263052$ & $0.033918$ & $0.0574348$ & $0.21448$ & $0.297775$ & $0.271949$ & $0.18448$ & $-0.328098$ & $0.106865$ & $0.151691$ & $1$ & $-0.0377324$ & $0.0315782$ & $0.0811951$ & $0.0266405$ & $-0.0195531$ & $0.109263$ & $0.481495$ & $0.140951$ & $-0.440719$ & $-0.29141$ & $-0.0658508$ & $0.0196423$ & $0.294399$ & $-0.0964561$ & $-0.256916$ & $0.221707$ & $0.318659$ & $-0.315283$ & $-0.115736$ & $0.174729$ & $0.243591$ & $0.00749713$ \\
CHd_33 & $0.0121738$ & $0.0714852$ & $-0.0283304$ & $-0.0592228$ & $-0.0713317$ & $-0.020548$ & $-0.0202589$ & $0.134139$ & $0.132362$ & $-0.0246193$ & $-0.15165$ & $0.0222435$ & $0.0287118$ & $0.0266101$ & $0.0309402$ & $0.0242575$ & $-0.0423039$ & $-0.060994$ & $-0.055978$ & $0.140598$ & $0.100539$ & $0.120924$ & $0.0476918$ & $0.053706$ & $-0.0849263$ & $-0.106317$ & $-0.0377324$ & $1$ & $-0.00791003$ & $0.00742087$ & $0.0286698$ & $-0.0218953$ & $0.00805772$ & $0.0646611$ & $-0.0286213$ & $0.00839023$ & $-0.0192413$ & $-0.00425284$ & $-0.0432752$ & $-0.0146077$ & $-0.0635471$ & $0.0309401$ & $-0.0286557$ & $0.0827644$ & $0.0708679$ & $-0.0566246$ & $0.0439286$ & $0.00340378$ & $-0.0483373$ \\
CeH_22r & $0.00568626$ & $-0.0204596$ & $0.0116604$ & $-0.00588185$ & $0.0184378$ & $-0.00701253$ & $-0.0345598$ & $0.0426177$ & $0.0466579$ & $-0.0240103$ & $-0.0262$ & $0.0729252$ & $0.0720975$ & $-0.0257662$ & $-0.00766517$ & $-0.015737$ & $-0.0327632$ & $-0.0259758$ & $-0.0126589$ & $0.028872$ & $0.00789899$ & $0.0222545$ & $0.0125581$ & $-0.0447546$ & $-0.0211065$ & $-0.0310173$ & $0.0315782$ & $-0.00791003$ & $1$ & $0.0786261$ & $0.0638975$ & $-0.0423942$ & $0.0595216$ & $0.0369465$ & $0.0201498$ & $-0.0377673$ & $-0.0185345$ & $-0.0133264$ & $0.00805963$ & $0.00771854$ & $-0.0392319$ & $0.000606037$ & $-0.0105961$ & $0.0187413$ & $-0.00482226$ & $-0.0101888$ & $0.00183019$ & $-0.00658732$ & $-0.0734425$ \\
CeH_33r & $0.0477336$ & $0.0335815$ & $0.0797181$ & $-0.15479$ & $-0.00963433$ & $0.0147813$ & $-0.340153$ & $0.0718633$ & $0.0840607$ & $-0.139725$ & $0.000765933$ & $0.519789$ & $0.462555$ & $-0.163629$ & $-0.0321189$ & $-0.0303102$ & $-0.16538$ & $-0.115263$ & $-0.118734$ & $0.0324325$ & $0.0283561$ & $0.00248428$ & $-0.0112468$ & $-0.117494$ & $-0.137641$ & $0.0207788$ & $0.0811951$ & $0.00742087$ & $0.0786261$ & $1$ & $0.324014$ & $-0.168236$ & $0.749661$ & $0.051805$ & $0.0617996$ & $-0.0711898$ & $-0.152767$ & $0.0862575$ & $-0.116402$ & $-0.0336527$ & $-0.0326187$ & $0.0237053$ & $-0.0316083$ & $0.00986842$ & $0.0291135$ & $0.162752$ & $-0.0831756$ & $-0.036659$ & $-0.110883$ \\
CuH_22r & $0.0324285$ & $0.0225925$ & $0.0327497$ & $-0.0751427$ & $-0.00773991$ & $-0.00939608$ & $-0.146858$ & $-0.0101154$ & $-0.00189238$ & $-0.0361273$ & $0.0345894$ & $0.209372$ & $0.191072$ & $-0.0569462$ & $-0.0404984$ & $0.00315374$ & $-0.038251$ & $-0.0213414$ & $-0.0224622$ & $-0.0273199$ & $0.00355299$ & $-0.0565874$ & $-0.0288176$ & $-0.0262846$ & $-0.0297165$ & $0.0251821$ & $0.0266405$ & $0.0286698$ & $0.0638975$ & $0.324014$ & $1$ & $-0.0405256$ & $0.408683$ & $0.00350996$ & $0.0982604$ & $-0.0973371$ & $-0.0968336$ & $0.0479204$ & $-0.0751822$ & $0.00509791$ & $-0.0395055$ & $-0.00840405$ & $-0.0008435$ & $0.0433301$ & $0.0133104$ & $0.0677519$ & $0.0470153$ & $-0.0647292$ & $-0.0430057$ \\
CuH_33r & $-0.151165$ & $-0.0770823$ & $-0.0801378$ & $0.166982$ & $0.0152569$ & $-0.0614647$ & $0.935173$ & $-0.127503$ & $-0.0944864$ & $0.118547$ & $0.0759831$ & $-0.488196$ & $-0.546571$ & $0.0580323$ & $-0.000445835$ & $-0.0241739$ & $0.149256$ & $0.110885$ & $0.119965$ & $-0.0569338$ & $-0.0524508$ & $0.00612703$ & $0.0214841$ & $0.102751$ & $0.137779$ & $-0.0209179$ & $-0.0195531$ & $-0.0218953$ & $-0.0423942$ & $-0.168236$ & $-0.0405256$ & $1$ & $-0.128899$ & $-0.0924502$ & $-0.0832251$ & $-0.0333806$ & $0.15569$ & $-0.18702$ & $0.137757$ & $0.125935$ & $0.108997$ & $-0.103898$ & $0.148194$ & $0.0698064$ & $-0.0853024$ & $-0.144209$ & $0.0625165$ & $0.11583$ & $0.111131$ \\
CdH_33r & $0.0701269$ & $0.0341045$ & $0.0471842$ & $-0.199204$ & $0.000255293$ & $0.00629348$ & $-0.349804$ & $0.0500334$ & $0.0658822$ & $-0.139358$ & $0.0140138$ & $0.536456$ & $0.480783$ & $-0.148102$ & $-0.0552498$ & $-0.0410256$ & $-0.14262$ & $-0.0770534$ & $-0.0875285$ & $0.011595$ & $0.010304$ & $-0.0250153$ & $-0.0275606$ & $-0.0897179$ & $-0.0976298$ & $0.0680504$ & $0.109263$ & $0.00805772$ & $0.0595216$ & $0.749661$ & $0.408683$ & $-0.128899$ & $1$ & $0.0574234$ & $0.0592209$ & $-0.0841627$ & $-0.140761$ & $0.0895845$ & $-0.120961$ & $-0.00982447$ & $0.00453085$ & $0.00951255$ & $-0.0340354$ & $0.0153556$ & $-0.0175716$ & $0.18129$ & $-0.115669$ & $-0.00721514$ & $0.00192872$ \\
CLL_1221 & $-0.0495318$ & $-0.0404501$ & $-0.0402285$ & $-0.179919$ & $0.0343835$ & $-0.133245$ & $-0.0787707$ & $0.631658$ & $0.628145$ & $-0.387753$ & $-0.47464$ & $0.103727$ & $0.17557$ & $-0.283323$ & $-0.489732$ & $-0.151895$ & $-0.328373$ & $0.125233$ & $-0.223724$ & $0.40732$ & $0.371252$ & $0.360096$ & $0.0681396$ & $-0.452912$ & $-0.216337$ & $-0.13012$ & $0.481495$ & $0.0646611$ & $0.0369465$ & $0.051805$ & $0.00350996$ & $-0.0924502$ & $0.0574234$ & $1$ & $0.0517889$ & $-0.244195$ & $-0.169967$ & $-0.0570795$ & $-0.0226783$ & $0.149103$ & $-0.0577886$ & $-0.0728109$ & $0.0859927$ & $0.213633$ & $-0.15781$ & $-0.0244744$ & $0.103283$ & $0.112286$ & $-0.0605176$ \\
eHggint & $-0.283696$ & $-0.370917$ & $0.40434$ & $0.218834$ & $0.037097$ & $-0.00853576$ & $-0.119959$ & $0.0484418$ & $0.0435362$ & $-0.0239948$ & $-0.0296733$ & $0.146221$ & $0.142798$ & $-0.0288216$ & $-0.0858097$ & $-0.0623499$ & $-0.0363604$ & $0.022357$ & $0.0305917$ & $0.0386676$ & $0.0757158$ & $0.0249179$ & $-0.00505633$ & $-0.070927$ & $0.0310963$ & $0.0443449$ & $0.140951$ & $-0.0286213$ & $0.0201498$ & $0.0617996$ & $0.0982604$ & $-0.0832251$ & $0.0592209$ & $0.0517889$ & $1$ & $-0.254722$ & $0.0105511$ & $0.0027778$ & $0.182408$ & $-0.154845$ & $-0.267926$ & $-0.359979$ & $0.0304356$ & $-0.190551$ & $-0.111387$ & $-0.127929$ & $-0.00799856$ & $-0.363593$ & $-0.103828$ \\
eHggpar & $0.0827663$ & $0.233754$ & $-0.207711$ & $0.229999$ & $-0.0614589$ & $0.0990195$ & $-0.0223635$ & $-0.194302$ & $-0.203527$ & $0.150399$ & $0.143179$ & $-0.0800323$ & $-0.0770039$ & $0.133532$ & $0.179958$ & $0.162254$ & $0.118773$ & $0.00456344$ & $-0.00890693$ & $-0.144737$ & $-0.173351$ & $-0.146216$ & $0.00896982$ & $0.135136$ & $-0.0322571$ & $-0.0967777$ & $-0.440719$ & $0.00839023$ & $-0.0377673$ & $-0.0711898$ & $-0.0973371$ & $-0.0333806$ & $-0.0841627$ & $-0.244195$ & $-0.254722$ & $1$ & $0.4622$ & $0.133239$ & $0.222427$ & $-0.131151$ & $0.373732$ & $0.47654$ & $-0.0801725$ & $-0.231181$ & $0.24963$ & $0.145246$ & $-0.316726$ & $0.143047$ & $0.179004$ \\
eHWWint & $-0.168627$ & $-0.203657$ & $-0.161866$ & $0.406519$ & $0.0156027$ & $0.0159548$ & $0.165022$ & $-0.14042$ & $-0.14152$ & $0.162139$ & $0.0706576$ & $-0.250835$ & $-0.254923$ & $0.166796$ & $0.084531$ & $0.125788$ & $0.163256$ & $0.0894096$ & $0.0589493$ & $-0.0888953$ & $-0.0964866$ & $-0.0920356$ & $0.0265427$ & $0.1306$ & $0.062376$ & $-0.102924$ & $-0.29141$ & $-0.0192413$ & $-0.0185345$ & $-0.152767$ & $-0.0968336$ & $0.15569$ & $-0.140761$ & $-0.169967$ & $0.0105511$ & $0.4622$ & $1$ & $-0.41534$ & $0.531797$ & $-0.227987$ & $0.288765$ & $0.299878$ & $0.0424819$ & $-0.245544$ & $-0.1885$ & $-0.157566$ & $-0.187551$ & $-0.0863135$ & $0.232272$ \\
eHWWpar & $0.324486$ & $-0.0349347$ & $0.274899$ & $-0.0504168$ & $-0.0293175$ & $0.0138805$ & $-0.199204$ & $-0.0669527$ & $-0.0795333$ & $0.0495909$ & $0.0500768$ & $0.254318$ & $0.275232$ & $0.028708$ & $0.00345891$ & $0.0228627$ & $0.0556643$ & $0.0294636$ & $0.0156546$ & $-0.0668183$ & $-0.0579454$ & $-0.0440231$ & $-0.0500428$ & $0.0866641$ & $0.0128674$ & $0.0515441$ & $-0.0658508$ & $-0.00425284$ & $-0.0133264$ & $0.0862575$ & $0.0479204$ & $-0.18702$ & $0.0895845$ & $-0.0570795$ & $0.0027778$ & $0.133239$ & $-0.41534$ & $1$ & $-0.131049$ & $0.156615$ & $-0.229246$ & $-0.0530994$ & $-0.328594$ & $-0.282678$ & $0.237878$ & $0.181594$ & $-0.144823$ & $0.249584$ & $-0.158519$ \\
eHZZint & $-0.0982346$ & $-0.301757$ & $0.100492$ & $0.712286$ & $0.00281416$ & $-0.0722387$ & $0.135671$ & $-0.0716292$ & $-0.0696136$ & $0.074058$ & $0.041653$ & $-0.138264$ & $-0.134794$ & $0.0510363$ & $-0.0536165$ & $-0.106097$ & $0.102769$ & $0.118177$ & $0.156792$ & $-0.0497836$ & $-0.00504611$ & $0.00559664$ & $-0.0310247$ & $0.0292292$ & $0.136377$ & $-0.0219348$ & $0.0196423$ & $-0.0432752$ & $0.00805963$ & $-0.116402$ & $-0.0751822$ & $0.137757$ & $-0.120961$ & $-0.0226783$ & $0.182408$ & $0.222427$ & $0.531797$ & $-0.131049$ & $1$ & $0.31017$ & $0.040879$ & $-0.143224$ & $0.288212$ & $-0.163739$ & $-0.0454904$ & $-0.459965$ & $-0.017707$ & $0.348305$ & $-0.0811241$ \\
eHZZpar & $0.332002$ & $0.0375877$ & $-0.117152$ & $0.248528$ & $-0.0657681$ & $-0.0925436$ & $0.1212$ & $0.0636565$ & $0.0688908$ & $-0.0655659$ & $-0.040751$ & $-0.0466209$ & $-0.0526745$ & $-0.081553$ & $-0.126722$ & $-0.159514$ & $-0.0398914$ & $0.0369896$ & $0.0451948$ & $0.0345015$ & $0.0578267$ & $0.108316$ & $-0.0517341$ & $-0.0378766$ & $0.0605756$ & $0.110829$ & $0.294399$ & $-0.0146077$ & $0.00771854$ & $-0.0336527$ & $0.00509791$ & $0.125935$ & $-0.00982447$ & $0.149103$ & $-0.154845$ & $-0.131151$ & $-0.227987$ & $0.156615$ & $0.31017$ & $1$ & $-0.196967$ & $-0.158079$ & $0.150258$ & $0.150259$ & $0.191626$ & $-0.280107$ & $0.257829$ & $0.571283$ & $-0.0647916$ \\
eHZgaint & $-0.0860845$ & $0.24915$ & $-0.308654$ & $-0.182863$ & $0.00898144$ & $0.0562643$ & $0.113536$ & $-0.093974$ & $-0.0856511$ & $-0.000180612$ & $0.108433$ & $-0.0702872$ & $-0.0675457$ & $-0.0215779$ & $0.0132178$ & $0.0473739$ & $0.0151956$ & $-0.00572254$ & $-0.0257261$ & $-0.103853$ & $-0.0602767$ & $-0.0744243$ & $-0.0786857$ & $0.00786358$ & $-0.0295075$ & $0.0889362$ & $-0.0964561$ & $-0.0635471$ & $-0.0392319$ & $-0.0326187$ & $-0.0395055$ & $0.108997$ & $0.00453085$ & $-0.0577886$ & $-0.267926$ & $0.373732$ & $0.288765$ & $-0.229246$ & $0.040879$ & $-0.196967$ & $1$ & $0.281216$ & $0.317428$ & $0.0166188$ & $-0.190992$ & $0.410082$ & $-0.327912$ & $-0.0771544$ & $0.44766$ \\
eHZgapar & $0.136654$ & $0.0913514$ & $-0.326798$ & $-0.203321$ & $-0.0114215$ & $0.0977926$ & $-0.0950277$ & $0.033439$ & $0.0269613$ & $0.0153222$ & $-0.0515783$ & $0.0357914$ & $0.0589577$ & $0.0598946$ & $0.1204$ & $0.132895$ & $-0.0212747$ & $-0.0872179$ & $-0.106712$ & $0.0491244$ & $0.00983974$ & $0.0134376$ & $-0.00320387$ & $-0.0259793$ & $-0.130653$ & $-0.104559$ & $-0.256916$ & $0.0309401$ & $0.000606037$ & $0.0237053$ & $-0.00840405$ & $-0.103898$ & $0.00951255$ & $-0.0728109$ & $-0.359979$ & $0.47654$ & $0.299878$ & $-0.0530994$ & $-0.143224$ & $-0.158079$ & $0.281216$ & $1$ & $-0.118395$ & $-0.108252$ & $0.0214914$ & $0.423127$ & $0.0110606$ & $0.0402561$ & $0.0477403$ \\
eHgagaint & $-0.326532$ & $0.0565328$ & $-0.284156$ & $0.104505$ & $0.0760511$ & $-0.0859183$ & $0.152764$ & $-0.00859552$ & $0.0149914$ & $-0.0574141$ & $0.0515129$ & $-0.0194343$ & $-0.0223537$ & $-0.110447$ & $-0.112449$ & $-0.182756$ & $-0.0184535$ & $0.0272042$ & $0.0929903$ & $-0.0345852$ & $-0.00245358$ & $0.050139$ & $-0.0732309$ & $-0.104025$ & $0.0803821$ & $0.114277$ & $0.221707$ & $-0.0286557$ & $-0.0105961$ & $-0.0316083$ & $-0.0008435$ & $0.148194$ & $-0.0340354$ & $0.0859927$ & $0.0304356$ & $-0.0801725$ & $0.0424819$ & $-0.328594$ & $0.288212$ & $0.150258$ & $0.317428$ & $-0.118395$ & $1$ & $0.355428$ & $-0.249516$ & $-0.0945817$ & $0.2838$ & $0.0368819$ & $-0.0452035$ \\
eHmumuint & $0.0516848$ & $0.422268$ & $-0.572764$ & $-0.258825$ & $-0.0572327$ & $-0.0476808$ & $0.0740453$ & $0.0807153$ & $0.0943827$ & $-0.0932957$ & $-0.0375914$ & $-0.00596379$ & $-0.0340314$ & $-0.131118$ & $-0.170513$ & $-0.172983$ & $-0.099681$ & $0.0287724$ & $0.0434748$ & $0.0631885$ & $0.0772561$ & $0.0784569$ & $0.111168$ & $-0.15046$ & $0.0365104$ & $-0.0351966$ & $0.318659$ & $0.0827644$ & $0.0187413$ & $0.00986842$ & $0.0433301$ & $0.0698064$ & $0.0153556$ & $0.213633$ & $-0.190551$ & $-0.231181$ & $-0.245544$ & $-0.282678$ & $-0.163739$ & $0.150259$ & $0.0166188$ & $-0.108252$ & $0.355428$ & $1$ & $0.0390101$ & $-0.296162$ & $0.433926$ & $0.0192178$ & $0.0739221$ \\
eHtautauint & $0.324932$ & $0.284351$ & $0.0388135$ & $0.295555$ & $-0.0772263$ & $0.0109188$ & $-0.0835795$ & $-0.15031$ & $-0.158517$ & $0.1219$ & $0.103141$ & $0.0726874$ & $0.0652648$ & $0.101411$ & $0.134892$ & $0.110349$ & $0.103557$ & $0.0290837$ & $0.0183078$ & $-0.114265$ & $-0.125189$ & $-0.127785$ & $-0.0722701$ & $0.187577$ & $0.00327955$ & $-0.0263259$ & $-0.315283$ & $0.0708679$ & $-0.00482226$ & $0.0291135$ & $0.0133104$ & $-0.0853024$ & $-0.0175716$ & $-0.15781$ & $-0.111387$ & $0.24963$ & $-0.1885$ & $0.237878$ & $-0.0454904$ & $0.191626$ & $-0.190992$ & $0.0214914$ & $-0.249516$ & $0.0390101$ & $1$ & $-0.091067$ & $0.176285$ & $-0.0563185$ & $-0.0841103$ \\
eHccint & $0.0492761$ & $-0.00398375$ & $0.0236604$ & $-0.467291$ & $0.0656389$ & $0.0810192$ & $-0.166475$ & $0.111456$ & $0.108998$ & $-0.103957$ & $-0.0702475$ & $0.272939$ & $0.293641$ & $-0.0620992$ & $0.112793$ & $0.114129$ & $-0.130232$ & $-0.187981$ & $-0.190197$ & $0.0787112$ & $0.0347575$ & $0.0387626$ & $-0.0855756$ & $-0.0895932$ & $-0.209885$ & $0.0261418$ & $-0.115736$ & $-0.0566246$ & $-0.0101888$ & $0.162752$ & $0.0677519$ & $-0.144209$ & $0.18129$ & $-0.0244744$ & $-0.127929$ & $0.145246$ & $-0.157566$ & $0.181594$ & $-0.459965$ & $-0.280107$ & $0.410082$ & $0.423127$ & $-0.0945817$ & $-0.296162$ & $-0.091067$ & $1$ & $-0.362266$ & $-0.260843$ & $0.0955007$ \\
eHccpar & $-0.0548312$ & $0.126761$ & $-0.240188$ & $0.103511$ & $0.00943367$ & $-0.0765303$ & $0.0912947$ & $0.00247406$ & $0.0100849$ & $-0.0165115$ & $-0.00358233$ & $-0.116013$ & $-0.115204$ & $-0.0106531$ & $-0.121368$ & $-0.148404$ & $0.0188555$ & $0.0873391$ & $0.106793$ & $0.00248061$ & $0.0565096$ & $0.045213$ & $0.0326809$ & $-0.0384083$ & $0.103668$ & $-0.0103363$ & $0.174729$ & $0.0439286$ & $0.00183019$ & $-0.0831756$ & $0.0470153$ & $0.0625165$ & $-0.115669$ & $0.103283$ & $-0.00799856$ & $-0.316726$ & $-0.187551$ & $-0.144823$ & $-0.017707$ & $0.257829$ & $-0.327912$ & $0.0110606$ & $0.2838$ & $0.433926$ & $0.176285$ & $-0.362266$ & $1$ & $0.0216517$ & $-0.238519$ \\
eHbbint & $0.232735$ & $-0.0870928$ & $-0.140037$ & $0.122223$ & $-0.107179$ & $-0.0491849$ & $0.113508$ & $0.0568588$ & $0.0583484$ & $-0.0710556$ & $-0.0353949$ & $-0.0917504$ & $-0.0777857$ & $-0.0815792$ & $-0.0944285$ & $-0.178115$ & $-0.0390886$ & $0.0200808$ & $0.0505563$ & $0.0320243$ & $0.0547291$ & $0.0947996$ & $0.0129522$ & $-0.0598451$ & $0.0436047$ & $0.0476162$ & $0.243591$ & $0.00340378$ & $-0.00658732$ & $-0.036659$ & $-0.0647292$ & $0.11583$ & $-0.00721514$ & $0.112286$ & $-0.363593$ & $0.143047$ & $-0.0863135$ & $0.249584$ & $0.348305$ & $0.571283$ & $-0.0771544$ & $0.0402561$ & $0.0368819$ & $0.0192178$ & $-0.0563185$ & $-0.260843$ & $0.0216517$ & $1$ & $-0.096693$ \\
eHbbpar & $0.0967217$ & $0.128278$ & $-0.333918$ & $-0.178122$ & $0.010817$ & $0.0281299$ & $0.126593$ & $-0.156221$ & $-0.154835$ & $0.102244$ & $0.116169$ & $-0.190455$ & $-0.20906$ & $0.0785188$ & $-0.0508905$ & $0.0498635$ & $0.118853$ & $0.14289$ & $0.0718788$ & $-0.118329$ & $-0.096721$ & $-0.0941247$ & $-0.00673068$ & $0.137444$ & $0.114808$ & $0.141917$ & $0.00749713$ & $-0.0483373$ & $-0.0734425$ & $-0.110883$ & $-0.0430057$ & $0.111131$ & $0.00192872$ & $-0.0605176$ & $-0.103828$ & $0.179004$ & $0.232272$ & $-0.158519$ & $-0.0811241$ & $-0.0647916$ & $0.44766$ & $0.0477403$ & $-0.0452035$ & $0.0739221$ & $-0.0841103$ & $0.0955007$ & $-0.238519$ & $-0.096693$ & $1$ \\
