 & AlsMz & dAle5Mz & mtop & mHl & Mz & CW & CHG & CHWB & CHWHB_gaga & CHWHB_gagaorth & CHD & CHbox & CH & CHL1_11 & CHL1_22 & CHL1_33 & CHL3_11 & CHL3_22 & CHL3_33 & CHe_11 & CHe_22 & CHe_33 & CHQ1_11 & CHQ1_33 & CHQ3_11 & CHu_11 & CHd_11 & CHd_33 & CeH_22r & CeH_33r & CuH_22r & CuH_33r & CdH_33r & CLL_1221 & eHggint & eHggpar & eHWWint & eHWWpar & eHZZint & eHZZpar & eHZgaint & eHZgapar & eHgagaint & eHmumuint & eHtautauint & eHccint & eHccpar & eHbbint & eHbbpar \\
AlsMz & $1$ & $0.000883824$ & $0.00881026$ & $0.0676023$ & $-0.00242631$ & $-0.00521678$ & $-0.0242025$ & $0.0296953$ & $0.023846$ & $-0.00358041$ & $-0.0471862$ & $0.0244356$ & $0.0367524$ & $0.029627$ & $-0.00290978$ & $-0.0188639$ & $0.0124866$ & $0.012761$ & $0.0167458$ & $0.0326482$ & $0.0394861$ & $0.024951$ & $0.012905$ & $-0.0748585$ & $-0.108089$ & $-0.0788296$ & $-0.00818673$ & $0.0494582$ & $0.0199395$ & $0.0536926$ & $0.014103$ & $-0.0160579$ & $0.00729758$ & $0.0219653$ & $-0.0159179$ & $0.0260964$ & $-0.0247389$ & $0.0131612$ & $0.0148746$ & $-0.00917222$ & $-0.00860931$ & $-0.0496427$ & $0.0118429$ & $-0.0274588$ & $-0.0195415$ & $-0.00816686$ & $0.0198058$ & $-0.0490972$ & $0.00151248$ \\
dAle5Mz & $0.000883824$ & $1$ & $-0.0270307$ & $0.0193066$ & $0.00185512$ & $-0.00126723$ & $0.0269622$ & $-0.0731653$ & $-0.072063$ & $0.0126592$ & $0.0402307$ & $-0.0342283$ & $-0.0457978$ & $0.00976172$ & $-0.00669873$ & $-0.00802305$ & $0.0477684$ & $0.0364805$ & $0.0319009$ & $-0.0128998$ & $-0.0125909$ & $-0.00895196$ & $-0.0389829$ & $0.0396028$ & $0.0347869$ & $0.0216432$ & $-0.017962$ & $0.0233598$ & $0.0170398$ & $-0.00347837$ & $-0.0203765$ & $0.0242239$ & $0.0227953$ & $0.01925$ & $0.0217006$ & $-0.0411045$ & $0.0232662$ & $0.0518883$ & $-0.0368724$ & $0.00327707$ & $0.0391963$ & $0.00955616$ & $-0.00460392$ & $0.0332497$ & $-0.00152894$ & $0.0134034$ & $-0.0244716$ & $0.0382087$ & $0.0341399$ \\
mtop & $0.00881026$ & $-0.0270307$ & $1$ & $0.0199048$ & $0.0256293$ & $-0.0328243$ & $-0.0214303$ & $0.0170188$ & $0.0197962$ & $0.00484112$ & $-0.000658404$ & $0.00514313$ & $0.00104546$ & $-0.0179018$ & $0.0299568$ & $-0.00634442$ & $-0.00500987$ & $-0.0373191$ & $-0.00959927$ & $0.00507548$ & $0.00797612$ & $0.00276618$ & $-0.016134$ & $0.0155013$ & $-0.0291591$ & $0.0165689$ & $0.00176185$ & $0.0564931$ & $-0.0436643$ & $-0.00985221$ & $0.0111192$ & $-0.0138425$ & $-0.000259339$ & $-0.00710678$ & $0.00718586$ & $0.00619672$ & $0.0228496$ & $0.00232516$ & $-0.017772$ & $-0.0127027$ & $0.0238518$ & $0.0363462$ & $0.0108564$ & $-0.0795322$ & $0.0192032$ & $-0.0233272$ & $0.0545098$ & $-0.0212158$ & $0.0334435$ \\
mHl & $0.0676023$ & $0.0193066$ & $0.0199048$ & $1$ & $-0.0494228$ & $-0.00294289$ & $0.0198218$ & $-0.0159376$ & $-0.0127553$ & $0.0425932$ & $-0.00561008$ & $-0.0346966$ & $-0.0498098$ & $0.0329679$ & $0.00854918$ & $0.0197201$ & $0.0421846$ & $0.0335218$ & $0.0240546$ & $0.00577184$ & $0.000711858$ & $0.0002386$ & $0.00303843$ & $0.0382301$ & $0.0180512$ & $-0.0321508$ & $-0.0282798$ & $0.00557187$ & $0.00457231$ & $-0.0230983$ & $-0.00412943$ & $0.0158527$ & $-0.0508087$ & $-0.014311$ & $0.0532072$ & $-0.0171821$ & $0.0310563$ & $-0.0624704$ & $-0.0103185$ & $-0.0451849$ & $-0.00797241$ & $0.0342961$ & $0.0269283$ & $0.0593737$ & $0.065924$ & $-0.0562397$ & $0.0482522$ & $-0.00720683$ & $-0.013759$ \\
Mz & $-0.00242631$ & $0.00185512$ & $0.0256293$ & $-0.0494228$ & $1$ & $0.0136763$ & $0.0372059$ & $0.000791497$ & $0.00193772$ & $0.0427684$ & $-0.0093401$ & $0.00285071$ & $-0.00920174$ & $0.0400356$ & $0.0376303$ & $0.00867701$ & $0.0220524$ & $0.002193$ & $0.0276931$ & $0.0176375$ & $0.0155529$ & $0.0195467$ & $-0.0137839$ & $0.0360032$ & $0.0397444$ & $0.00456849$ & $0.0203387$ & $0.0210574$ & $0.0112157$ & $-0.01717$ & $-0.00982717$ & $0.0298192$ & $-0.0285383$ & $-0.0369038$ & $-0.0306881$ & $0.0604285$ & $0.0235717$ & $0.0284842$ & $-0.0197844$ & $-0.013713$ & $0.00760335$ & $0.0122676$ & $0.0411684$ & $-0.0323167$ & $-0.0156634$ & $-0.0354662$ & $0.00179086$ & $-0.0102469$ & $-0.0111209$ \\
CW & $-0.00521678$ & $-0.00126723$ & $-0.0328243$ & $-0.00294289$ & $0.0136763$ & $1$ & $-0.002595$ & $-0.148113$ & $-0.148801$ & $0.00627402$ & $0.206603$ & $0.0429207$ & $0.0183599$ & $0.0168302$ & $-0.0767328$ & $-0.0809983$ & $-0.250588$ & $-0.0458236$ & $-0.0429979$ & $-0.202311$ & $-0.211233$ & $-0.205994$ & $-0.0229024$ & $0.0208607$ & $-0.0834131$ & $0.132362$ & $-0.0992218$ & $-0.0510309$ & $0.0254075$ & $0.0279634$ & $0.0548356$ & $0.00122089$ & $0.00495885$ & $-0.14516$ & $-0.023013$ & $-0.0389675$ & $0.0262401$ & $0.0202219$ & $-0.0421266$ & $-0.0367316$ & $0.0109851$ & $0.0365578$ & $-0.00163268$ & $0.020247$ & $-0.0520797$ & $0.0276976$ & $0.0264655$ & $0.00574626$ & $-0.0533161$ \\
CHG & $-0.0242025$ & $0.0269622$ & $-0.0214303$ & $0.0198218$ & $0.0372059$ & $-0.002595$ & $1$ & $-0.0997865$ & $-0.043425$ & $0.0584547$ & $0.0528167$ & $-0.258441$ & $-0.294293$ & $0.0707684$ & $-0.0255029$ & $-0.0321976$ & $0.0864501$ & $0.103544$ & $0.103745$ & $-0.0507945$ & $-0.0558541$ & $-0.0496024$ & $0.0323561$ & $0.109318$ & $0.111811$ & $-0.00130618$ & $-0.0253845$ & $-0.0190291$ & $-0.000563344$ & $-0.130711$ & $-0.0630169$ & $0.938831$ & $-0.133565$ & $-0.0613671$ & $-0.0454073$ & $-0.00821075$ & $0.0098084$ & $0.0347028$ & $-0.056905$ & $0.0139481$ & $0.00973238$ & $-0.0227832$ & $-0.0177924$ & $-0.0366372$ & $-0.0139812$ & $0.00587961$ & $-0.0263959$ & $0.0344324$ & $-0.0353782$ \\
CHWB & $0.0296953$ & $-0.0731653$ & $0.0170188$ & $-0.0159376$ & $0.000791497$ & $-0.148113$ & $-0.0997865$ & $1$ & $0.979948$ & $-0.554647$ & $-0.87428$ & $0.175088$ & $0.354513$ & $0.0717567$ & $0.304031$ & $0.317689$ & $-0.258694$ & $-0.448362$ & $-0.456131$ & $0.847078$ & $0.889161$ & $0.871524$ & $0.0811926$ & $-0.671382$ & $-0.414453$ & $-0.5127$ & $0.430755$ & $0.295352$ & $0.015707$ & $0.110642$ & $0.0664994$ & $-0.0910584$ & $0.107867$ & $0.562767$ & $0.00915055$ & $0.0137838$ & $-0.0351196$ & $-0.0105662$ & $-0.018971$ & $0.00431316$ & $0.00938508$ & $0.0158499$ & $-0.00895062$ & $-0.0240377$ & $0.0143141$ & $-0.0104925$ & $0.0201882$ & $-0.0302241$ & $0.0115908$ \\
CHWHB_gaga & $0.023846$ & $-0.072063$ & $0.0197962$ & $-0.0127553$ & $0.00193772$ & $-0.148801$ & $-0.043425$ & $0.979948$ & $1$ & $-0.544719$ & $-0.850386$ & $0.180497$ & $0.347273$ & $0.0601363$ & $0.293247$ & $0.301447$ & $-0.265227$ & $-0.447668$ & $-0.452335$ & $0.823174$ & $0.866017$ & $0.848561$ & $0.0772668$ & $-0.668342$ & $-0.414392$ & $-0.497502$ & $0.423235$ & $0.287409$ & $0.0199584$ & $0.128627$ & $0.0690776$ & $-0.042353$ & $0.129314$ & $0.554707$ & $-0.0113462$ & $0.00700754$ & $-0.0448742$ & $-0.00781016$ & $-0.0257157$ & $0.0059864$ & $-0.000318723$ & $0.011239$ & $0.066353$ & $-0.0232183$ & $0.00539746$ & $-0.0172947$ & $0.014833$ & $-0.0278228$ & $0.00480637$ \\
CHWHB_gagaorth & $-0.00358041$ & $0.0126592$ & $0.00484112$ & $0.0425932$ & $0.0427684$ & $0.00627402$ & $0.0584547$ & $-0.554647$ & $-0.544719$ & $1$ & $0.335071$ & $0.104663$ & $-0.245383$ & $0.246174$ & $-0.129346$ & $-0.13017$ & $0.444167$ & $0.493767$ & $0.494738$ & $-0.323901$ & $-0.349439$ & $-0.340698$ & $-0.040828$ & $0.559535$ & $0.479923$ & $0.174117$ & $-0.226984$ & $-0.105198$ & $-0.00548122$ & $-0.125445$ & $-0.0647547$ & $0.0722959$ & $-0.1413$ & $-0.334416$ & $0.0231284$ & $0.00188961$ & $0.0456873$ & $-0.00735949$ & $0.00167584$ & $0.0112309$ & $-0.0468559$ & $-0.0224558$ & $-0.030579$ & $-0.0184858$ & $0.0162818$ & $-0.00403479$ & $0.00910423$ & $0.0307799$ & $-0.0300208$ \\
CHD & $-0.0471862$ & $0.0402307$ & $-0.000658404$ & $-0.00561008$ & $-0.0093401$ & $0.206603$ & $0.0528167$ & $-0.87428$ & $-0.850386$ & $0.335071$ & $1$ & $0.00355614$ & $-0.165876$ & $-0.500729$ & $-0.422162$ & $-0.425799$ & $-0.209231$ & $0.0697591$ & $0.0754572$ & $-0.99031$ & $-0.991362$ & $-0.970291$ & $-0.0412283$ & $0.296971$ & $0.0223397$ & $0.590088$ & $-0.30861$ & $-0.325988$ & $-0.00548422$ & $-0.0538285$ & $-0.0339265$ & $0.0610282$ & $-0.0465681$ & $-0.371559$ & $0.00453612$ & $-0.00549914$ & $0.0052882$ & $0.0309286$ & $0.032958$ & $-0.00435912$ & $-0.00275793$ & $-0.00598367$ & $0.0164134$ & $0.0205506$ & $-0.0233699$ & $0.0249007$ & $-0.0113228$ & $0.0220972$ & $-0.0107618$ \\
CHbox & $0.0244356$ & $-0.0342283$ & $0.00514313$ & $-0.0346966$ & $0.00285071$ & $0.0429207$ & $-0.258441$ & $0.175088$ & $0.180497$ & $0.104663$ & $0.00355614$ & $1$ & $0.870806$ & $-0.300859$ & $0.0316812$ & $0.0500469$ & $-0.357155$ & $-0.345643$ & $-0.352847$ & $0.00118014$ & $0.000251822$ & $-9.72093e-05$ & $0.0101969$ & $-0.294087$ & $-0.340435$ & $0.000281104$ & $0.0437055$ & $0.0120001$ & $0.0683221$ & $0.333561$ & $0.149132$ & $-0.170901$ & $0.369514$ & $0.103015$ & $0.0731057$ & $0.033927$ & $-0.024529$ & $0.00611369$ & $-0.0133979$ & $-0.0223809$ & $-0.0173242$ & $-0.00902258$ & $-0.0333837$ & $0.00154615$ & $-0.00857882$ & $-0.000540043$ & $0.0223271$ & $-0.0151913$ & $-0.00958637$ \\
CH & $0.0367524$ & $-0.0457978$ & $0.00104546$ & $-0.0498098$ & $-0.00920174$ & $0.0183599$ & $-0.294293$ & $0.354513$ & $0.347273$ & $-0.245383$ & $-0.165876$ & $0.870806$ & $1$ & $-0.257787$ & $0.0714033$ & $0.087434$ & $-0.376352$ & $-0.394725$ & $-0.403007$ & $0.160641$ & $0.174228$ & $0.167776$ & $0.0267318$ & $-0.407882$ & $-0.38494$ & $-0.0940588$ & $0.141055$ & $0.0684936$ & $0.056767$ & $0.279655$ & $0.152444$ & $-0.236969$ & $0.316009$ & $0.218018$ & $0.0359074$ & $0.0185524$ & $-0.0393734$ & $0.00687302$ & $-0.0114399$ & $-0.0305594$ & $-0.00247949$ & $-0.00617799$ & $-0.0227009$ & $0.00425246$ & $-0.0134117$ & $0.0011278$ & $0.0119688$ & $-0.0258336$ & $-0.00411414$ \\
CHL1_11 & $0.029627$ & $0.00976172$ & $-0.0179018$ & $0.0329679$ & $0.0400356$ & $0.0168302$ & $0.0707684$ & $0.0717567$ & $0.0601363$ & $0.246174$ & $-0.500729$ & $-0.300859$ & $-0.257787$ & $1$ & $0.257484$ & $0.246369$ & $0.679598$ & $0.612898$ & $0.610147$ & $0.516808$ & $0.46487$ & $0.452218$ & $-0.0459554$ & $0.493638$ & $0.615057$ & $-0.29723$ & $-0.083971$ & $0.149911$ & $-0.0142213$ & $-0.0789247$ & $-0.0341107$ & $0.0395412$ & $-0.0984235$ & $-0.211113$ & $-0.0285906$ & $-0.018328$ & $0.0612143$ & $-0.0412145$ & $-0.0369195$ & $0.00359977$ & $-0.0186711$ & $-0.0187302$ & $-0.0167957$ & $-0.00845137$ & $0.0190155$ & $-0.0242461$ & $-0.00225037$ & $-0.000423645$ & $-0.0241589$ \\
CHL1_22 & $-0.00290978$ & $-0.00669873$ & $0.0299568$ & $0.00854918$ & $0.0376303$ & $-0.0767328$ & $-0.0255029$ & $0.304031$ & $0.293247$ & $-0.129346$ & $-0.422162$ & $0.0316812$ & $0.0714033$ & $0.257484$ & $1$ & $0.442473$ & $0.146989$ & $-0.450036$ & $-0.0371517$ & $0.488987$ & $0.341486$ & $0.333824$ & $-0.129443$ & $0.0921497$ & $-0.140571$ & $-0.241442$ & $-0.389152$ & $0.119309$ & $0.0185293$ & $0.00406045$ & $0.0101665$ & $-0.0351126$ & $0.0189116$ & $-0.585243$ & $0.00457218$ & $0.0276687$ & $0.0382885$ & $-0.00469189$ & $-0.0314648$ & $-0.00166745$ & $-0.0224092$ & $0.0414774$ & $0.00880898$ & $-0.00553747$ & $0.0560164$ & $-0.0518033$ & $0.0303867$ & $-0.00321368$ & $0.03858$ \\
CHL1_33 & $-0.0188639$ & $-0.00802305$ & $-0.00634442$ & $0.0197201$ & $0.00867701$ & $-0.0809983$ & $-0.0321976$ & $0.317689$ & $0.301447$ & $-0.13017$ & $-0.425799$ & $0.0500469$ & $0.087434$ & $0.246369$ & $0.442473$ & $1$ & $0.130854$ & $-0.0525817$ & $-0.444454$ & $0.487426$ & $0.347829$ & $0.371794$ & $-0.146716$ & $0.0847938$ & $-0.153002$ & $-0.224878$ & $-0.366668$ & $0.101653$ & $-0.00259915$ & $0.00377527$ & $-0.00116295$ & $-0.0280271$ & $0.0247045$ & $-0.0739705$ & $-0.000574593$ & $0.0171009$ & $0.0192515$ & $-0.0316336$ & $-0.0325005$ & $-0.0194942$ & $0.03175$ & $-0.0128371$ & $0.0109149$ & $0.0133917$ & $-0.0358598$ & $-0.0660462$ & $-0.0193901$ & $-0.0153944$ & $0.0213363$ \\
CHL3_11 & $0.0124866$ & $0.0477684$ & $-0.00500987$ & $0.0421846$ & $0.0220524$ & $-0.250588$ & $0.0864501$ & $-0.258694$ & $-0.265227$ & $0.444167$ & $-0.209231$ & $-0.357155$ & $-0.376352$ & $0.679598$ & $0.146989$ & $0.130854$ & $1$ & $0.751445$ & $0.754415$ & $0.228299$ & $0.181702$ & $0.175452$ & $-0.0510413$ & $0.697103$ & $0.789099$ & $-0.13397$ & $-0.147332$ & $0.0586703$ & $-0.0277452$ & $-0.107069$ & $-0.0741967$ & $0.0565912$ & $-0.115276$ & $-0.24637$ & $-0.0206703$ & $-0.00688752$ & $0.0515625$ & $-0.0347077$ & $-0.0184778$ & $0.000541647$ & $-0.0164719$ & $-0.0179294$ & $-0.0171135$ & $-0.00456178$ & $0.0187919$ & $-0.028102$ & $-0.0230604$ & $0.0229974$ & $0.0083956$ \\
CHL3_22 & $0.012761$ & $0.0364805$ & $-0.0373191$ & $0.0335218$ & $0.002193$ & $-0.0458236$ & $0.103544$ & $-0.448362$ & $-0.447668$ & $0.493767$ & $0.0697591$ & $-0.345643$ & $-0.394725$ & $0.612898$ & $-0.450036$ & $-0.0525817$ & $0.751445$ & $1$ & $0.693575$ & $-0.0765187$ & $-0.0619781$ & $-0.0602225$ & $0.00117834$ & $0.64134$ & $0.805221$ & $0.0347376$ & $0.00433132$ & $-0.029343$ & $-0.0361252$ & $-0.109266$ & $-0.0694268$ & $0.0789395$ & $-0.129532$ & $0.0296933$ & $-0.032031$ & $-0.0296517$ & $0.0342374$ & $-0.0360939$ & $-0.00560402$ & $0.000465972$ & $0.00169907$ & $-0.0463673$ & $-0.0173312$ & $0.00814398$ & $-0.0263316$ & $0.00265941$ & $-0.037644$ & $0.0166379$ & $-0.0308844$ \\
CHL3_33 & $0.0167458$ & $0.0319009$ & $-0.00959927$ & $0.0240546$ & $0.0276931$ & $-0.0429979$ & $0.103745$ & $-0.456131$ & $-0.452335$ & $0.494738$ & $0.0754572$ & $-0.352847$ & $-0.403007$ & $0.610147$ & $-0.0371517$ & $-0.444454$ & $0.754415$ & $0.693575$ & $1$ & $-0.0784986$ & $-0.0683978$ & $-0.0695174$ & $0.0156919$ & $0.64231$ & $0.809767$ & $0.0247492$ & $-0.00630503$ & $-0.0197691$ & $-0.0192437$ & $-0.113107$ & $-0.0609618$ & $0.0718986$ & $-0.135046$ & $-0.350075$ & $-0.0203243$ & $-0.0193349$ & $0.0523868$ & $-0.0102852$ & $0.00143204$ & $0.0190249$ & $-0.0351733$ & $0.00335511$ & $-0.0232059$ & $-0.00431571$ & $0.0432465$ & $0.014844$ & $-0.00167081$ & $0.027847$ & $-0.0258039$ \\
CHe_11 & $0.0326482$ & $-0.0128998$ & $0.00507548$ & $0.00577184$ & $0.0176375$ & $-0.202311$ & $-0.0507945$ & $0.847078$ & $0.823174$ & $-0.323901$ & $-0.99031$ & $0.00118014$ & $0.160641$ & $0.516808$ & $0.488987$ & $0.487426$ & $0.228299$ & $-0.0765187$ & $-0.0784986$ & $1$ & $0.973584$ & $0.953248$ & $0.0188266$ & $-0.246247$ & $-0.0174612$ & $-0.582454$ & $0.235034$ & $0.319664$ & $0.00453481$ & $0.0468924$ & $0.0290567$ & $-0.0605159$ & $0.0414079$ & $0.292801$ & $-0.00394273$ & $0.00379933$ & $-0.000241505$ & $-0.0316191$ & $-0.0360001$ & $0.00408881$ & $0.00797212$ & $0.0103918$ & $-0.0136299$ & $-0.0121388$ & $0.0228343$ & $-0.0338086$ & $0.0116171$ & $-0.0239138$ & $0.0129789$ \\
CHe_22 & $0.0394861$ & $-0.0125909$ & $0.00797612$ & $0.000711858$ & $0.0155529$ & $-0.211233$ & $-0.0558541$ & $0.889161$ & $0.866017$ & $-0.349439$ & $-0.991362$ & $0.000251822$ & $0.174228$ & $0.46487$ & $0.341486$ & $0.347829$ & $0.181702$ & $-0.0619781$ & $-0.0683978$ & $0.973584$ & $1$ & $0.974742$ & $0.0632227$ & $-0.347976$ & $-0.0246013$ & $-0.586924$ & $0.385983$ & $0.329351$ & $0.00624872$ & $0.0589542$ & $0.0342704$ & $-0.0621912$ & $0.0498867$ & $0.454275$ & $0.00048328$ & $0.00148533$ & $-0.00953143$ & $-0.0268491$ & $-0.0279461$ & $0.00378937$ & $0.00374611$ & $0.0080202$ & $-0.0203103$ & $-0.0219682$ & $0.020879$ & $-0.0190104$ & $0.0111534$ & $-0.0205805$ & $0.00648609$ \\
CHe_33 & $0.024951$ & $-0.00895196$ & $0.00276618$ & $0.0002386$ & $0.0195467$ & $-0.205994$ & $-0.0496024$ & $0.871524$ & $0.848561$ & $-0.340698$ & $-0.970291$ & $-9.72093e-05$ & $0.167776$ & $0.452218$ & $0.333824$ & $0.371794$ & $0.175452$ & $-0.0602225$ & $-0.0695174$ & $0.953248$ & $0.974742$ & $1$ & $0.0635121$ & $-0.334789$ & $-0.0210683$ & $-0.574492$ & $0.382444$ & $0.320863$ & $0.00651196$ & $0.0550224$ & $0.0314738$ & $-0.0563306$ & $0.0439233$ & $0.448966$ & $0.00227798$ & $0.000248047$ & $-0.00739018$ & $-0.0205383$ & $-0.0293349$ & $0.00868472$ & $0.00874006$ & $0.0105775$ & $-0.0200841$ & $-0.0172155$ & $0.0208473$ & $-0.0187731$ & $0.0137988$ & $-0.0119126$ & $-0.00425807$ \\
CHQ1_11 & $0.012905$ & $-0.0389829$ & $-0.016134$ & $0.00303843$ & $-0.0137839$ & $-0.0229024$ & $0.0323561$ & $0.0811926$ & $0.0772668$ & $-0.040828$ & $-0.0412283$ & $0.0101969$ & $0.0267318$ & $-0.0459554$ & $-0.129443$ & $-0.146716$ & $-0.0510413$ & $0.00117834$ & $0.0156919$ & $0.0188266$ & $0.0632227$ & $0.0635121$ & $1$ & $-0.13058$ & $0.080217$ & $-0.674619$ & $0.3215$ & $0.0143949$ & $0.0261692$ & $0.0136797$ & $-0.0168079$ & $0.0376995$ & $-0.00714079$ & $0.170589$ & $-0.0115368$ & $0.00327133$ & $-0.0171888$ & $-0.00322634$ & $0.0228826$ & $-0.00574317$ & $0.00242119$ & $-0.00351442$ & $-0.0297941$ & $-0.0180897$ & $0.0595584$ & $0.0114183$ & $-0.0158483$ & $-0.0536328$ & $0.000450614$ \\
CHQ1_33 & $-0.0748585$ & $0.0396028$ & $0.0155013$ & $0.0382301$ & $0.0360032$ & $0.0208607$ & $0.109318$ & $-0.671382$ & $-0.668342$ & $0.559535$ & $0.296971$ & $-0.294087$ & $-0.407882$ & $0.493638$ & $0.0921497$ & $0.0847938$ & $0.697103$ & $0.64134$ & $0.64231$ & $-0.246247$ & $-0.347976$ & $-0.334789$ & $-0.13058$ & $1$ & $0.654427$ & $0.173367$ & $-0.423543$ & $-0.0256453$ & $-0.0263805$ & $-0.147609$ & $-0.0832712$ & $0.0799071$ & $-0.146202$ & $-0.614479$ & $-0.00870377$ & $-0.0125825$ & $0.0748692$ & $-0.0230794$ & $0.000449611$ & $-0.00353048$ & $-0.0193123$ & $-0.0144063$ & $-0.0201347$ & $0.0158923$ & $0.0126607$ & $-0.0170097$ & $-0.0155559$ & $0.0409763$ & $-0.00770826$ \\
CHQ3_11 & $-0.108089$ & $0.0347869$ & $-0.0291591$ & $0.0180512$ & $0.0397444$ & $-0.0834131$ & $0.111811$ & $-0.414453$ & $-0.414392$ & $0.479923$ & $0.0223397$ & $-0.340435$ & $-0.38494$ & $0.615057$ & $-0.140571$ & $-0.153002$ & $0.789099$ & $0.805221$ & $0.809767$ & $-0.0174612$ & $-0.0246013$ & $-0.0210683$ & $0.080217$ & $0.654427$ & $1$ & $0.00984863$ & $0.203454$ & $-0.021568$ & $-0.0396635$ & $-0.122858$ & $-0.078375$ & $0.0798906$ & $-0.120666$ & $-0.199948$ & $-0.0273238$ & $-0.0320292$ & $0.0453447$ & $-0.030955$ & $-0.0132951$ & $0.00410508$ & $-0.00767912$ & $-0.0266092$ & $-0.0319049$ & $-0.00440883$ & $0.0224109$ & $-0.00311993$ & $-0.0182131$ & $0.0225491$ & $0.00306832$ \\
CHu_11 & $-0.0788296$ & $0.0216432$ & $0.0165689$ & $-0.0321508$ & $0.00456849$ & $0.132362$ & $-0.00130618$ & $-0.5127$ & $-0.497502$ & $0.174117$ & $0.590088$ & $0.000281104$ & $-0.0940588$ & $-0.29723$ & $-0.241442$ & $-0.224878$ & $-0.13397$ & $0.0347376$ & $0.0247492$ & $-0.582454$ & $-0.586924$ & $-0.574492$ & $-0.674619$ & $0.173367$ & $0.00984863$ & $1$ & $-0.163003$ & $-0.205499$ & $-0.0307166$ & $-0.0343826$ & $-0.0114548$ & $-0.00735527$ & $-0.0125557$ & $-0.222607$ & $-0.00317485$ & $0.000140684$ & $0.00758484$ & $0.00909415$ & $0.00927627$ & $0.020509$ & $0.00500407$ & $0.00620281$ & $0.00919107$ & $0.0249576$ & $-0.0556103$ & $0.0163834$ & $-0.00109982$ & $0.0327808$ & $0.00534277$ \\
CHd_11 & $-0.00818673$ & $-0.017962$ & $0.00176185$ & $-0.0282798$ & $0.0203387$ & $-0.0992218$ & $-0.0253845$ & $0.430755$ & $0.423235$ & $-0.226984$ & $-0.30861$ & $0.0437055$ & $0.141055$ & $-0.083971$ & $-0.389152$ & $-0.366668$ & $-0.147332$ & $0.00433132$ & $-0.00630503$ & $0.235034$ & $0.385983$ & $0.382444$ & $0.3215$ & $-0.423543$ & $0.203454$ & $-0.163003$ & $1$ & $0.10398$ & $-0.0156616$ & $0.0451049$ & $0.0139133$ & $-0.0264772$ & $0.0457112$ & $0.686024$ & $-0.000944954$ & $-0.0142539$ & $-0.0394168$ & $-0.00168143$ & $0.0115925$ & $0.0158611$ & $0.01399$ & $-0.00637059$ & $-0.0468962$ & $-0.0325766$ & $0.0191806$ & $0.0397583$ & $0.00720718$ & $-0.0112401$ & $0.0114779$ \\
CHd_33 & $0.0494582$ & $0.0233598$ & $0.0564931$ & $0.00557187$ & $0.0210574$ & $-0.0510309$ & $-0.0190291$ & $0.295352$ & $0.287409$ & $-0.105198$ & $-0.325988$ & $0.0120001$ & $0.0684936$ & $0.149911$ & $0.119309$ & $0.101653$ & $0.0586703$ & $-0.029343$ & $-0.0197691$ & $0.319664$ & $0.329351$ & $0.320863$ & $0.0143949$ & $-0.0256453$ & $-0.021568$ & $-0.205499$ & $0.10398$ & $1$ & $-0.0105361$ & $0.00374526$ & $0.0122109$ & $-0.0300827$ & $0.011081$ & $0.150581$ & $-0.00342625$ & $-0.0121457$ & $0.00709196$ & $-0.00116581$ & $-0.0209938$ & $0.000791428$ & $-0.0105137$ & $-0.0358692$ & $-0.0275126$ & $-0.0354103$ & $0.00531833$ & $-0.0122712$ & $-0.00788031$ & $-0.0271881$ & $0.00957513$ \\
CeH_22r & $0.0199395$ & $0.0170398$ & $-0.0436643$ & $0.00457231$ & $0.0112157$ & $0.0254075$ & $-0.000563344$ & $0.015707$ & $0.0199584$ & $-0.00548122$ & $-0.00548422$ & $0.0683221$ & $0.056767$ & $-0.0142213$ & $0.0185293$ & $-0.00259915$ & $-0.0277452$ & $-0.0361252$ & $-0.0192437$ & $0.00453481$ & $0.00624872$ & $0.00651196$ & $0.0261692$ & $-0.0263805$ & $-0.0396635$ & $-0.0307166$ & $-0.0156616$ & $-0.0105361$ & $1$ & $0.0392834$ & $0.0192614$ & $-0.00704314$ & $0.0351711$ & $-0.00784168$ & $-0.00664943$ & $0.0175891$ & $-0.0266159$ & $0.00557223$ & $-0.00872191$ & $-0.0160235$ & $0.0306172$ & $-0.0356018$ & $-0.00536629$ & $-0.0334433$ & $-0.00271713$ & $-0.0166856$ & $-0.00884735$ & $0.0079824$ & $-0.0328616$ \\
CeH_33r & $0.0536926$ & $-0.00347837$ & $-0.00985221$ & $-0.0230983$ & $-0.01717$ & $0.0279634$ & $-0.130711$ & $0.110642$ & $0.128627$ & $-0.125445$ & $-0.0538285$ & $0.333561$ & $0.279655$ & $-0.0789247$ & $0.00406045$ & $0.00377527$ & $-0.107069$ & $-0.109266$ & $-0.113107$ & $0.0468924$ & $0.0589542$ & $0.0550224$ & $0.0136797$ & $-0.147609$ & $-0.122858$ & $-0.0343826$ & $0.0451049$ & $0.00374526$ & $0.0392834$ & $1$ & $0.328773$ & $0.0121622$ & $0.647959$ & $0.0874978$ & $-0.0680725$ & $-0.0226427$ & $-0.174414$ & $-0.0645832$ & $-0.0503781$ & $0.00704782$ & $-0.0403017$ & $-0.00802938$ & $-0.0310619$ & $-0.00572467$ & $0.0315815$ & $0.0177392$ & $0.0163112$ & $0.00264888$ & $0.0431552$ \\
CuH_22r & $0.014103$ & $-0.0203765$ & $0.0111192$ & $-0.00412943$ & $-0.00982717$ & $0.0548356$ & $-0.0630169$ & $0.0664994$ & $0.0690776$ & $-0.0647547$ & $-0.0339265$ & $0.149132$ & $0.152444$ & $-0.0341107$ & $0.0101665$ & $-0.00116295$ & $-0.0741967$ & $-0.0694268$ & $-0.0609618$ & $0.0290567$ & $0.0342704$ & $0.0314738$ & $-0.0168079$ & $-0.0832712$ & $-0.078375$ & $-0.0114548$ & $0.0139133$ & $0.0122109$ & $0.0192614$ & $0.328773$ & $1$ & $0.02225$ & $0.354105$ & $0.0371139$ & $-0.0110857$ & $-0.00412341$ & $-0.115013$ & $-0.0261179$ & $-0.0627173$ & $0.0231854$ & $-0.00624539$ & $-0.0412137$ & $-0.0144893$ & $0.00892798$ & $0.00270413$ & $0.0785682$ & $0.397407$ & $0.0058079$ & $0.0542698$ \\
CuH_33r & $-0.0160579$ & $0.0242239$ & $-0.0138425$ & $0.0158527$ & $0.0298192$ & $0.00122089$ & $0.938831$ & $-0.0910584$ & $-0.042353$ & $0.0722959$ & $0.0610282$ & $-0.170901$ & $-0.236969$ & $0.0395412$ & $-0.0351126$ & $-0.0280271$ & $0.0565912$ & $0.0789395$ & $0.0718986$ & $-0.0605159$ & $-0.0621912$ & $-0.0563306$ & $0.0376995$ & $0.0799071$ & $0.0798906$ & $-0.00735527$ & $-0.0264772$ & $-0.0300827$ & $-0.00704314$ & $0.0121622$ & $0.02225$ & $1$ & $0.0363174$ & $-0.0457211$ & $0.0448689$ & $0.0386092$ & $-0.0354242$ & $0.0325879$ & $-0.0377591$ & $0.00899469$ & $0.00659342$ & $-0.0304084$ & $-0.0182801$ & $-0.043386$ & $-0.0159395$ & $0.0106429$ & $-0.0229208$ & $0.037948$ & $-0.0191211$ \\
CdH_33r & $0.00729758$ & $0.0227953$ & $-0.000259339$ & $-0.0508087$ & $-0.0285383$ & $0.00495885$ & $-0.133565$ & $0.107867$ & $0.129314$ & $-0.1413$ & $-0.0465681$ & $0.369514$ & $0.316009$ & $-0.0984235$ & $0.0189116$ & $0.0247045$ & $-0.115276$ & $-0.129532$ & $-0.135046$ & $0.0414079$ & $0.0498867$ & $0.0439233$ & $-0.00714079$ & $-0.146202$ & $-0.120666$ & $-0.0125557$ & $0.0457112$ & $0.011081$ & $0.0351711$ & $0.647959$ & $0.354105$ & $0.0363174$ & $1$ & $0.0752665$ & $-0.0126641$ & $-0.0134655$ & $-0.208667$ & $-0.0359515$ & $-0.0392918$ & $0.00111864$ & $-0.0154171$ & $-0.00284253$ & $0.00132632$ & $0.0037268$ & $0.00966021$ & $-0.0124881$ & $0.0189023$ & $0.190357$ & $0.517824$ \\
CLL_1221 & $0.0219653$ & $0.01925$ & $-0.00710678$ & $-0.014311$ & $-0.0369038$ & $-0.14516$ & $-0.0613671$ & $0.562767$ & $0.554707$ & $-0.334416$ & $-0.371559$ & $0.103015$ & $0.218018$ & $-0.211113$ & $-0.585243$ & $-0.0739705$ & $-0.24637$ & $0.0296933$ & $-0.350075$ & $0.292801$ & $0.454275$ & $0.448966$ & $0.170589$ & $-0.614479$ & $-0.199948$ & $-0.222607$ & $0.686024$ & $0.150581$ & $-0.00784168$ & $0.0874978$ & $0.0371139$ & $-0.0457211$ & $0.0752665$ & $1$ & $0.00402726$ & $-0.00696517$ & $-0.0592932$ & $-0.00217528$ & $0.00773966$ & $0.00411603$ & $0.0277397$ & $-0.0229752$ & $-0.0153093$ & $-0.0187234$ & $-0.03813$ & $0.0303093$ & $-0.0167679$ & $-0.0145503$ & $-0.0124423$ \\
eHggint & $-0.0159179$ & $0.0217006$ & $0.00718586$ & $0.0532072$ & $-0.0306881$ & $-0.023013$ & $-0.0454073$ & $0.00915055$ & $-0.0113462$ & $0.0231284$ & $0.00453612$ & $0.0731057$ & $0.0359074$ & $-0.0285906$ & $0.00457218$ & $-0.000574593$ & $-0.0206703$ & $-0.032031$ & $-0.0203243$ & $-0.00394273$ & $0.00048328$ & $0.00227798$ & $-0.0115368$ & $-0.00870377$ & $-0.0273238$ & $-0.00317485$ & $-0.000944954$ & $-0.00342625$ & $-0.00664943$ & $-0.0680725$ & $-0.0110857$ & $0.0448689$ & $-0.0126641$ & $0.00402726$ & $1$ & $-0.0999712$ & $0.0440963$ & $0.0304601$ & $0.0238661$ & $-0.0176013$ & $0.034261$ & $0.00957116$ & $0.00337683$ & $0.0173106$ & $-0.0160651$ & $0.00124344$ & $0.0448015$ & $0.0687723$ & $0.0293678$ \\
eHggpar & $0.0260964$ & $-0.0411045$ & $0.00619672$ & $-0.0171821$ & $0.0604285$ & $-0.0389675$ & $-0.00821075$ & $0.0137838$ & $0.00700754$ & $0.00188961$ & $-0.00549914$ & $0.033927$ & $0.0185524$ & $-0.018328$ & $0.0276687$ & $0.0171009$ & $-0.00688752$ & $-0.0296517$ & $-0.0193349$ & $0.00379933$ & $0.00148533$ & $0.000248047$ & $0.00327133$ & $-0.0125825$ & $-0.0320292$ & $0.000140684$ & $-0.0142539$ & $-0.0121457$ & $0.0175891$ & $-0.0226427$ & $-0.00412341$ & $0.0386092$ & $-0.0134655$ & $-0.00696517$ & $-0.0999712$ & $1$ & $-0.00944257$ & $-0.00953634$ & $0.0256126$ & $0.0280926$ & $-0.0170009$ & $-0.0189687$ & $-0.00748635$ & $-0.0673665$ & $0.0153451$ & $0.0286126$ & $0.00705373$ & $-0.0532473$ & $0.00255706$ \\
eHWWint & $-0.0247389$ & $0.0232662$ & $0.0228496$ & $0.0310563$ & $0.0235717$ & $0.0262401$ & $0.0098084$ & $-0.0351196$ & $-0.0448742$ & $0.0456873$ & $0.0052882$ & $-0.024529$ & $-0.0393734$ & $0.0612143$ & $0.0382885$ & $0.0192515$ & $0.0515625$ & $0.0342374$ & $0.0523868$ & $-0.000241505$ & $-0.00953143$ & $-0.00739018$ & $-0.0171888$ & $0.0748692$ & $0.0453447$ & $0.00758484$ & $-0.0394168$ & $0.00709196$ & $-0.0266159$ & $-0.174414$ & $-0.115013$ & $-0.0354242$ & $-0.208667$ & $-0.0592932$ & $0.0440963$ & $-0.00944257$ & $1$ & $0.0443183$ & $0.00105973$ & $-0.00660375$ & $0.0138525$ & $0.027758$ & $-0.0018522$ & $0.0114047$ & $-0.0269701$ & $-0.0312703$ & $-0.0214559$ & $-0.0265796$ & $-0.0074714$ \\
eHWWpar & $0.0131612$ & $0.0518883$ & $0.00232516$ & $-0.0624704$ & $0.0284842$ & $0.0202219$ & $0.0347028$ & $-0.0105662$ & $-0.00781016$ & $-0.00735949$ & $0.0309286$ & $0.00611369$ & $0.00687302$ & $-0.0412145$ & $-0.00469189$ & $-0.0316336$ & $-0.0347077$ & $-0.0360939$ & $-0.0102852$ & $-0.0316191$ & $-0.0268491$ & $-0.0205383$ & $-0.00322634$ & $-0.0230794$ & $-0.030955$ & $0.00909415$ & $-0.00168143$ & $-0.00116581$ & $0.00557223$ & $-0.0645832$ & $-0.0261179$ & $0.0325879$ & $-0.0359515$ & $-0.00217528$ & $0.0304601$ & $-0.00953634$ & $0.0443183$ & $1$ & $0.020583$ & $-0.0132224$ & $0.00612945$ & $-0.0507272$ & $0.0177315$ & $-0.0199272$ & $-0.0312594$ & $0.0143229$ & $0.00774017$ & $0.0224009$ & $0.000582017$ \\
eHZZint & $0.0148746$ & $-0.0368724$ & $-0.017772$ & $-0.0103185$ & $-0.0197844$ & $-0.0421266$ & $-0.056905$ & $-0.018971$ & $-0.0257157$ & $0.00167584$ & $0.032958$ & $-0.0133979$ & $-0.0114399$ & $-0.0369195$ & $-0.0314648$ & $-0.0325005$ & $-0.0184778$ & $-0.00560402$ & $0.00143204$ & $-0.0360001$ & $-0.0279461$ & $-0.0293349$ & $0.0228826$ & $0.000449611$ & $-0.0132951$ & $0.00927627$ & $0.0115925$ & $-0.0209938$ & $-0.00872191$ & $-0.0503781$ & $-0.0627173$ & $-0.0377591$ & $-0.0392918$ & $0.00773966$ & $0.0238661$ & $0.0256126$ & $0.00105973$ & $0.020583$ & $1$ & $0.027946$ & $-0.0782641$ & $0.0342813$ & $0.0209696$ & $0.00164754$ & $0.0623702$ & $-0.0266192$ & $-0.0513366$ & $0.0185868$ & $-0.00190306$ \\
eHZZpar & $-0.00917222$ & $0.00327707$ & $-0.0127027$ & $-0.0451849$ & $-0.013713$ & $-0.0367316$ & $0.0139481$ & $0.00431316$ & $0.0059864$ & $0.0112309$ & $-0.00435912$ & $-0.0223809$ & $-0.0305594$ & $0.00359977$ & $-0.00166745$ & $-0.0194942$ & $0.000541647$ & $0.000465972$ & $0.0190249$ & $0.00408881$ & $0.00378937$ & $0.00868472$ & $-0.00574317$ & $-0.00353048$ & $0.00410508$ & $0.020509$ & $0.0158611$ & $0.000791428$ & $-0.0160235$ & $0.00704782$ & $0.0231854$ & $0.00899469$ & $0.00111864$ & $0.00411603$ & $-0.0176013$ & $0.0280926$ & $-0.00660375$ & $-0.0132224$ & $0.027946$ & $1$ & $-0.0420508$ & $-0.0358667$ & $-0.0283326$ & $0.00298409$ & $0.00662755$ & $0.012774$ & $0.0188987$ & $-0.0330698$ & $0.0270378$ \\
eHZgaint & $-0.00860931$ & $0.0391963$ & $0.0238518$ & $-0.00797241$ & $0.00760335$ & $0.0109851$ & $0.00973238$ & $0.00938508$ & $-0.000318723$ & $-0.0468559$ & $-0.00275793$ & $-0.0173242$ & $-0.00247949$ & $-0.0186711$ & $-0.0224092$ & $0.03175$ & $-0.0164719$ & $0.00169907$ & $-0.0351733$ & $0.00797212$ & $0.00374611$ & $0.00874006$ & $0.00242119$ & $-0.0193123$ & $-0.00767912$ & $0.00500407$ & $0.01399$ & $-0.0105137$ & $0.0306172$ & $-0.0403017$ & $-0.00624539$ & $0.00659342$ & $-0.0154171$ & $0.0277397$ & $0.034261$ & $-0.0170009$ & $0.0138525$ & $0.00612945$ & $-0.0782641$ & $-0.0420508$ & $1$ & $0.0145332$ & $-0.0521863$ & $0.0332457$ & $-0.0745957$ & $-0.0367484$ & $0.00691711$ & $-0.0336501$ & $0.0338706$ \\
eHZgapar & $-0.0496427$ & $0.00955616$ & $0.0363462$ & $0.0342961$ & $0.0122676$ & $0.0365578$ & $-0.0227832$ & $0.0158499$ & $0.011239$ & $-0.0224558$ & $-0.00598367$ & $-0.00902258$ & $-0.00617799$ & $-0.0187302$ & $0.0414774$ & $-0.0128371$ & $-0.0179294$ & $-0.0463673$ & $0.00335511$ & $0.0103918$ & $0.0080202$ & $0.0105775$ & $-0.00351442$ & $-0.0144063$ & $-0.0266092$ & $0.00620281$ & $-0.00637059$ & $-0.0358692$ & $-0.0356018$ & $-0.00802938$ & $-0.0412137$ & $-0.0304084$ & $-0.00284253$ & $-0.0229752$ & $0.00957116$ & $-0.0189687$ & $0.027758$ & $-0.0507272$ & $0.0342813$ & $-0.0358667$ & $0.0145332$ & $1$ & $-0.0129577$ & $-0.0141645$ & $0.00522605$ & $0.0114652$ & $-0.0266617$ & $0.0405514$ & $0.0126485$ \\
eHgagaint & $0.0118429$ & $-0.00460392$ & $0.0108564$ & $0.0269283$ & $0.0411684$ & $-0.00163268$ & $-0.0177924$ & $-0.00895062$ & $0.066353$ & $-0.030579$ & $0.0164134$ & $-0.0333837$ & $-0.0227009$ & $-0.0167957$ & $0.00880898$ & $0.0109149$ & $-0.0171135$ & $-0.0173312$ & $-0.0232059$ & $-0.0136299$ & $-0.0203103$ & $-0.0200841$ & $-0.0297941$ & $-0.0201347$ & $-0.0319049$ & $0.00919107$ & $-0.0468962$ & $-0.0275126$ & $-0.00536629$ & $-0.0310619$ & $-0.0144893$ & $-0.0182801$ & $0.00132632$ & $-0.0153093$ & $0.00337683$ & $-0.00748635$ & $-0.0018522$ & $0.0177315$ & $0.0209696$ & $-0.0283326$ & $-0.0521863$ & $-0.0129577$ & $1$ & $0.0459752$ & $-0.022024$ & $-0.0591622$ & $-0.0209442$ & $0.0144373$ & $0.00748978$ \\
eHmumuint & $-0.0274588$ & $0.0332497$ & $-0.0795322$ & $0.0593737$ & $-0.0323167$ & $0.020247$ & $-0.0366372$ & $-0.0240377$ & $-0.0232183$ & $-0.0184858$ & $0.0205506$ & $0.00154615$ & $0.00425246$ & $-0.00845137$ & $-0.00553747$ & $0.0133917$ & $-0.00456178$ & $0.00814398$ & $-0.00431571$ & $-0.0121388$ & $-0.0219682$ & $-0.0172155$ & $-0.0180897$ & $0.0158923$ & $-0.00440883$ & $0.0249576$ & $-0.0325766$ & $-0.0354103$ & $-0.0334433$ & $-0.00572467$ & $0.00892798$ & $-0.043386$ & $0.0037268$ & $-0.0187234$ & $0.0173106$ & $-0.0673665$ & $0.0114047$ & $-0.0199272$ & $0.00164754$ & $0.00298409$ & $0.0332457$ & $-0.0141645$ & $0.0459752$ & $1$ & $0.00359915$ & $0.0335988$ & $0.0413869$ & $-0.0292156$ & $0.0170686$ \\
eHtautauint & $-0.0195415$ & $-0.00152894$ & $0.0192032$ & $0.065924$ & $-0.0156634$ & $-0.0520797$ & $-0.0139812$ & $0.0143141$ & $0.00539746$ & $0.0162818$ & $-0.0233699$ & $-0.00857882$ & $-0.0134117$ & $0.0190155$ & $0.0560164$ & $-0.0358598$ & $0.0187919$ & $-0.0263316$ & $0.0432465$ & $0.0228343$ & $0.020879$ & $0.0208473$ & $0.0595584$ & $0.0126607$ & $0.0224109$ & $-0.0556103$ & $0.0191806$ & $0.00531833$ & $-0.00271713$ & $0.0315815$ & $0.00270413$ & $-0.0159395$ & $0.00966021$ & $-0.03813$ & $-0.0160651$ & $0.0153451$ & $-0.0269701$ & $-0.0312594$ & $0.0623702$ & $0.00662755$ & $-0.0745957$ & $0.00522605$ & $-0.022024$ & $0.00359915$ & $1$ & $-0.0293698$ & $0.0582951$ & $0.00986817$ & $0.0514969$ \\
eHccint & $-0.00816686$ & $0.0134034$ & $-0.0233272$ & $-0.0562397$ & $-0.0354662$ & $0.0276976$ & $0.00587961$ & $-0.0104925$ & $-0.0172947$ & $-0.00403479$ & $0.0249007$ & $-0.000540043$ & $0.0011278$ & $-0.0242461$ & $-0.0518033$ & $-0.0660462$ & $-0.028102$ & $0.00265941$ & $0.014844$ & $-0.0338086$ & $-0.0190104$ & $-0.0187731$ & $0.0114183$ & $-0.0170097$ & $-0.00311993$ & $0.0163834$ & $0.0397583$ & $-0.0122712$ & $-0.0166856$ & $0.0177392$ & $0.0785682$ & $0.0106429$ & $-0.0124881$ & $0.0303093$ & $0.00124344$ & $0.0286126$ & $-0.0312703$ & $0.0143229$ & $-0.0266192$ & $0.012774$ & $-0.0367484$ & $0.0114652$ & $-0.0591622$ & $0.0335988$ & $-0.0293698$ & $1$ & $-0.0283252$ & $0.00561317$ & $-0.0444181$ \\
eHccpar & $0.0198058$ & $-0.0244716$ & $0.0545098$ & $0.0482522$ & $0.00179086$ & $0.0264655$ & $-0.0263959$ & $0.0201882$ & $0.014833$ & $0.00910423$ & $-0.0113228$ & $0.0223271$ & $0.0119688$ & $-0.00225037$ & $0.0303867$ & $-0.0193901$ & $-0.0230604$ & $-0.037644$ & $-0.00167081$ & $0.0116171$ & $0.0111534$ & $0.0137988$ & $-0.0158483$ & $-0.0155559$ & $-0.0182131$ & $-0.00109982$ & $0.00720718$ & $-0.00788031$ & $-0.00884735$ & $0.0163112$ & $0.397407$ & $-0.0229208$ & $0.0189023$ & $-0.0167679$ & $0.0448015$ & $0.00705373$ & $-0.0214559$ & $0.00774017$ & $-0.0513366$ & $0.0188987$ & $0.00691711$ & $-0.0266617$ & $-0.0209442$ & $0.0413869$ & $0.0582951$ & $-0.0283252$ & $1$ & $0.0454869$ & $0.0388046$ \\
eHbbint & $-0.0490972$ & $0.0382087$ & $-0.0212158$ & $-0.00720683$ & $-0.0102469$ & $0.00574626$ & $0.0344324$ & $-0.0302241$ & $-0.0278228$ & $0.0307799$ & $0.0220972$ & $-0.0151913$ & $-0.0258336$ & $-0.000423645$ & $-0.00321368$ & $-0.0153944$ & $0.0229974$ & $0.0166379$ & $0.027847$ & $-0.0239138$ & $-0.0205805$ & $-0.0119126$ & $-0.0536328$ & $0.0409763$ & $0.0225491$ & $0.0327808$ & $-0.0112401$ & $-0.0271881$ & $0.0079824$ & $0.00264888$ & $0.0058079$ & $0.037948$ & $0.190357$ & $-0.0145503$ & $0.0687723$ & $-0.0532473$ & $-0.0265796$ & $0.0224009$ & $0.0185868$ & $-0.0330698$ & $-0.0336501$ & $0.0405514$ & $0.0144373$ & $-0.0292156$ & $0.00986817$ & $0.00561317$ & $0.0454869$ & $1$ & $0.0572547$ \\
eHbbpar & $0.00151248$ & $0.0341399$ & $0.0334435$ & $-0.013759$ & $-0.0111209$ & $-0.0533161$ & $-0.0353782$ & $0.0115908$ & $0.00480637$ & $-0.0300208$ & $-0.0107618$ & $-0.00958637$ & $-0.00411414$ & $-0.0241589$ & $0.03858$ & $0.0213363$ & $0.0083956$ & $-0.0308844$ & $-0.0258039$ & $0.0129789$ & $0.00648609$ & $-0.00425807$ & $0.000450614$ & $-0.00770826$ & $0.00306832$ & $0.00534277$ & $0.0114779$ & $0.00957513$ & $-0.0328616$ & $0.0431552$ & $0.0542698$ & $-0.0191211$ & $0.517824$ & $-0.0124423$ & $0.0293678$ & $0.00255706$ & $-0.0074714$ & $0.000582017$ & $-0.00190306$ & $0.0270378$ & $0.0338706$ & $0.0126485$ & $0.00748978$ & $0.0170686$ & $0.0514969$ & $-0.0444181$ & $0.0388046$ & $0.0572547$ & $1$ \\
