-22.0 -0.5282160556687113 eeZH_FCCee240 0.9171923360499439
-22.0 -0.5282160556687113 eeZH_FCCee365 0.8015249030172368
-21.12 -0.5135794656028987 eeZH_FCCee240 0.9259296363507082
-21.12 -0.5135794656028987 eeZH_FCCee365 0.8149023726703479
-20.24 -0.49894287553708605 eeZH_FCCee240 0.9341478757111972
-20.24 -0.49894287553708605 eeZH_FCCee365 0.827760781383184
-19.36 -0.4843062854712734 eeZH_FCCee240 0.9418470541314109
-19.36 -0.4843062854712734 eeZH_FCCee365 0.8401001291557445
-18.48 -0.4696696954054609 eeZH_FCCee240 0.9490271716113492
-18.48 -0.4696696954054609 eeZH_FCCee365 0.8519204159880299
-17.6 -0.4498502840273347 eeZH_FCCee240 0.9563060914354745
-17.6 -0.4498502840273347 eeZH_FCCee365 0.8638287499937399
-16.72 -0.4196370021635085 eeZH_FCCee240 0.964309797783627
-16.72 -0.4196370021635085 eeZH_FCCee365 0.8764403016046942
-15.84 -0.3976551515889178 eeZH_FCCee240 0.9708165210370315
-15.84 -0.3976551515889178 eeZH_FCCee365 0.8875719516376647
-14.96 -0.38124515184141117 eeZH_FCCee240 0.9761394884703093
-14.96 -0.38124515184141117 eeZH_FCCee365 0.8975314083188041
-14.08 -0.36483515209390455 eeZH_FCCee240 0.9809442099879352
-14.08 -0.36483515209390455 eeZH_FCCee365 0.9069726190842918
-13.2 -0.3529344118939776 eeZH_FCCee240 0.9846879502575575
-13.2 -0.3529344118939776 eeZH_FCCee365 0.9153622060257584
-12.32 -0.3413931689452719 eeZH_FCCee240 0.9878680189996573
-12.32 -0.3413931689452719 eeZH_FCCee365 0.9231888674531366
-11.44 -0.3286375756808717 eeZH_FCCee240 0.9906743214196582
-11.44 -0.3286375756808717 eeZH_FCCee365 0.930639242590193
-10.56 -0.3083997527612764 eeZH_FCCee240 0.9938664244556661
-10.56 -0.3083997527612764 eeZH_FCCee365 0.9384598915379179
-9.68 -0.2881619298416811 eeZH_FCCee240 0.99654203858632
-9.68 -0.2881619298416811 eeZH_FCCee365 0.9457640515802884
-8.8 -0.270584207634957 eeZH_FCCee240 0.9983779382916268
-8.8 -0.270584207634957 eeZH_FCCee365 0.9522340173253826
-7.92 -0.25389615705715646 eeZH_FCCee240 0.9995878210915501
-7.92 -0.25389615705715646 eeZH_FCCee365 0.9580798123738887
-7.039999999999999 -0.23660479469232704 eeZH_FCCee240 1.000353170557763
-7.039999999999999 -0.23660479469232704 eeZH_FCCee365 0.9634798221216766
-6.16 -0.21635886105209884 eeZH_FCCee240 1.000961720535007
-6.16 -0.21635886105209884 eeZH_FCCee365 0.9687169011796135
-5.280000000000001 -0.19611292741187064 eeZH_FCCee240 1.001053785326633
-5.280000000000001 -0.19611292741187064 eeZH_FCCee365 0.9734374950519336
-4.399999999999999 -0.17559884219076818 eeZH_FCCee240 1.000662255355734
-4.399999999999999 -0.17559884219076818 eeZH_FCCee365 0.9776739377049516
-3.5199999999999996 -0.1549990037225764 eeZH_FCCee240 0.9997649009890036
-3.5199999999999996 -0.1549990037225764 eeZH_FCCee365 0.9814043780106395
-2.6400000000000006 -0.12931826537940536 eeZH_FCCee240 0.9989767554655735
-2.6400000000000006 -0.12931826537940536 eeZH_FCCee365 0.9852334834919062
-1.7600000000000016 -0.09658181607796588 eeZH_FCCee240 0.9985448832681327
-1.7600000000000016 -0.09658181607796588 eeZH_FCCee365 0.9894042205873159
-0.879999999999999 -0.0638453667765263 eeZH_FCCee240 0.997602238388739
-0.879999999999999 -0.0638453667765263 eeZH_FCCee365 0.9930641850007728
0.0 -0.03110891747508685 eeZH_FCCee240 0.9961488208273925
0.0 -0.03110891747508685 eeZH_FCCee365 0.9962133767322768
