-0.2735635811946019 -0.04128562236883379 eeZH_FCCee240 0.9966784489056577
-0.2735635811946019 -0.04128562236883379 eeZH_FCCee365 0.9953122022185059
-3.008405311121386 -0.1430231310497534 eeZH_FCCee240 1.001972967332484
-3.008405311121386 -0.1430231310497534 eeZH_FCCee365 0.9863028479627906
-5.06677076017055 -0.19120721713943498 eeZH_FCCee240 1.009472199084302
-5.06677076017055 -0.19120721713943498 eeZH_FCCee365 0.9829774289657441
-7.189221984890975 -0.2400379065147882 eeZH_FCCee240 1.017310583251849
-7.189221984890975 -0.2400379065147882 eeZH_FCCee365 0.9796523731151411
-9.459447536892744 -0.2830897688270843 eeZH_FCCee240 1.026830987172071
-9.459447536892744 -0.2830897688270843 eeZH_FCCee365 0.9772130424403968
-11.562879141155273 -0.33146349192997665 eeZH_FCCee240 1.034601530342956
-11.562879141155273 -0.33146349192997665 eeZH_FCCee365 0.9739201427107306
-14.01502292389044 -0.36362347731827777 eeZH_FCCee240 1.046660271499734
-14.01502292389044 -0.36362347731827777 eeZH_FCCee365 0.9730310277719311
-16.364778054486255 -0.4074410694771183 eeZH_FCCee240 1.05660610179132
-16.364778054486255 -0.4074410694771183 eeZH_FCCee365 0.9705966144292946
-17.892801758805913 -0.45990312728759264 eeZH_FCCee240 1.060106655308027
-17.892801758805913 -0.45990312728759264 eeZH_FCCee365 0.966096148869413
-22.03756071858245 -0.5288407838965167 eeZH_FCCee240 1.078684242138204
-22.03756071858245 -0.5288407838965167 eeZH_FCCee365 0.9628187544518396
