-22.0 -0.5282160556687113 eeZH_FCCee240 1.07851588795461
-22.0 -0.5282160556687113 eeZH_FCCee365 0.9628484549219024
-21.12 -0.5135794656028987 eeZH_FCCee240 1.074571562948208
-21.12 -0.5135794656028987 eeZH_FCCee365 0.9635442992678471
-20.24 -0.49894287553708605 eeZH_FCCee240 1.070627237941805
-20.24 -0.49894287553708605 eeZH_FCCee365 0.9642401436137921
-19.36 -0.4843062854712734 eeZH_FCCee240 1.066682912935403
-19.36 -0.4843062854712734 eeZH_FCCee365 0.9649359879597368
-18.48 -0.4696696954054609 eeZH_FCCee240 1.062738587929001
-18.48 -0.4696696954054609 eeZH_FCCee365 0.9656318323056816
-17.6 -0.4498502840273347 eeZH_FCCee240 1.059435874989902
-17.6 -0.4498502840273347 eeZH_FCCee365 0.9669585335481674
-16.72 -0.4196370021635085 eeZH_FCCee240 1.057419880679085
-16.72 -0.4196370021635085 eeZH_FCCee365 0.9695503845001519
-15.84 -0.3976551515889178 eeZH_FCCee240 1.054384868862531
-15.84 -0.3976551515889178 eeZH_FCCee365 0.9711402994631646
-14.96 -0.38124515184141117 eeZH_FCCee240 1.050660084716885
-14.96 -0.38124515184141117 eeZH_FCCee365 0.9720520045653795
-14.08 -0.36483515209390455 eeZH_FCCee240 1.046935300571238
-14.08 -0.36483515209390455 eeZH_FCCee365 0.9729637096675946
-13.2 -0.3529344118939776 eeZH_FCCee240 1.04265228854815
-13.2 -0.3529344118939776 eeZH_FCCee365 0.973326544316351
-12.32 -0.3413931689452719 eeZH_FCCee240 1.038324772236636
-12.32 -0.3413931689452719 eeZH_FCCee365 0.9736456206901153
-11.44 -0.3286375756808717 eeZH_FCCee240 1.034147587524367
-11.44 -0.3286375756808717 eeZH_FCCee365 0.9741125086949022
-10.56 -0.3083997527612764 eeZH_FCCee240 1.030896672221715
-10.56 -0.3083997527612764 eeZH_FCCee365 0.975490139303967
-9.68 -0.2881619298416811 eeZH_FCCee240 1.027645756919063
-9.68 -0.2881619298416811 eeZH_FCCee365 0.9768677699130317
-8.8 -0.270584207634957 eeZH_FCCee240 1.024065532034859
-8.8 -0.270584207634957 eeZH_FCCee365 0.9779216110686146
-7.92 -0.25389615705715646 eeZH_FCCee240 1.020375169444054
-7.92 -0.25389615705715646 eeZH_FCCee365 0.9788671607263929
-7.039999999999999 -0.23660479469232704 eeZH_FCCee240 1.016759494383377
-7.039999999999999 -0.23660479469232704 eeZH_FCCee365 0.9798861459472897
-6.16 -0.21635886105209884 eeZH_FCCee240 1.013509583154745
-6.16 -0.21635886105209884 eeZH_FCCee365 0.9812647637993519
-5.280000000000001 -0.19611292741187064 eeZH_FCCee240 1.010259671926114
-5.280000000000001 -0.19611292741187064 eeZH_FCCee365 0.9826433816514141
-4.399999999999999 -0.17559884219076818 eeZH_FCCee240 1.00704295676576
-4.399999999999999 -0.17559884219076818 eeZH_FCCee365 0.9840546391149771
-3.5199999999999996 -0.1549990037225764 eeZH_FCCee240 1.003836857506443
-3.5199999999999996 -0.1549990037225764 eeZH_FCCee365 0.9854763345280791
-2.6400000000000006 -0.12931826537940536 eeZH_FCCee240 1.00125975285761
-2.6400000000000006 -0.12931826537940536 eeZH_FCCee365 0.9875164808839425
-1.7600000000000016 -0.09658181607796588 eeZH_FCCee240 0.9995561163492803
-1.7600000000000016 -0.09658181607796588 eeZH_FCCee365 0.9904154536684634
-0.879999999999999 -0.0638453667765263 eeZH_FCCee240 0.9978524798409505
-0.879999999999999 -0.0638453667765263 eeZH_FCCee365 0.9933144264529842
0.0 -0.03110891747508685 eeZH_FCCee240 0.9961488433326207
0.0 -0.03110891747508685 eeZH_FCCee365 0.996213399237505
