-0.2735635811946019 -0.04128562236883379 eeZH_FCCee240 0.996655352564548
-0.2735635811946019 -0.04128562236883379 eeZH_FCCee365 0.9952891058773963
-3.008405311121386 -0.1430231310497534 eeZH_FCCee240 0.9990058805453793
-3.008405311121386 -0.1430231310497534 eeZH_FCCee365 0.983335761175686
-5.06677076017055 -0.19120721713943498 eeZH_FCCee240 1.000998357471491
-5.06677076017055 -0.19120721713943498 eeZH_FCCee365 0.9745035873529336
-7.189221984890975 -0.2400379065147882 eeZH_FCCee240 1.000198762620625
-7.189221984890975 -0.2400379065147882 eeZH_FCCee365 0.9625405524839175
-9.459447536892744 -0.2830897688270843 eeZH_FCCee240 0.9971316771851684
-9.459447536892744 -0.2830897688270843 eeZH_FCCee365 0.9475137324534938
-11.562879141155273 -0.33146349192997665 eeZH_FCCee240 0.990187495549404
-11.562879141155273 -0.33146349192997665 eeZH_FCCee365 0.9295061079171781
-14.01502292389044 -0.36362347731827777 eeZH_FCCee240 0.9812784332791729
-14.01502292389044 -0.36362347731827777 eeZH_FCCee365 0.90764918955137
-16.364778054486255 -0.4074410694771183 eeZH_FCCee240 0.9673955552539235
-16.364778054486255 -0.4074410694771183 eeZH_FCCee365 0.8813860678918983
-17.892801758805913 -0.45990312728759264 eeZH_FCCee240 0.9535295207476264
-17.892801758805913 -0.45990312728759264 eeZH_FCCee365 0.8595190143090128
-22.03756071858245 -0.5288407838965167 eeZH_FCCee240 0.9168078547937094
-22.03756071858245 -0.5288407838965167 eeZH_FCCee365 0.8009423671073449
