-22.0 -0.5282160556687113 eeZH_FCCee240 0.918478288012313
-22.0 -0.5282160556687113 eeZH_FCCee365 0.8028108549796059
-21.12 -0.5135794656028987 eeZH_FCCee240 0.9271163491942317
-21.12 -0.5135794656028987 eeZH_FCCee365 0.8160890855138713
-20.24 -0.49894287553708605 eeZH_FCCee240 0.9352393324248571
-20.24 -0.49894287553708605 eeZH_FCCee365 0.8288522380968439
-19.36 -0.4843062854712734 eeZH_FCCee240 0.9428472377041893
-19.36 -0.4843062854712734 eeZH_FCCee365 0.8411003127285229
-18.48 -0.4696696954054609 eeZH_FCCee240 0.9499400650322286
-18.48 -0.4696696954054609 eeZH_FCCee365 0.8528333094089092
-17.6 -0.4498502840273347 eeZH_FCCee240 0.9571358643523691
-17.6 -0.4498502840273347 eeZH_FCCee365 0.8646585229106347
-16.72 -0.4196370021635085 eeZH_FCCee240 0.9650607710270085
-16.72 -0.4196370021635085 eeZH_FCCee365 0.8771912748480757
-15.84 -0.3976551515889178 eeZH_FCCee240 0.9714923552267558
-15.84 -0.3976551515889178 eeZH_FCCee365 0.888247785827389
-14.96 -0.38124515184141117 eeZH_FCCee240 0.9767439694089128
-14.96 -0.38124515184141117 eeZH_FCCee365 0.8981358892574076
-14.08 -0.36483515209390455 eeZH_FCCee240 0.9814813144103484
-14.08 -0.36483515209390455 eeZH_FCCee365 0.9075097235067049
-13.2 -0.3529344118939776 eeZH_FCCee240 0.9851615321685372
-13.2 -0.3529344118939776 eeZH_FCCee365 0.9158357879367378
-12.32 -0.3413931689452719 eeZH_FCCee240 0.9882820618970156
-12.32 -0.3413931689452719 eeZH_FCCee365 0.9236029103504949
-11.44 -0.3286375756808717 eeZH_FCCee240 0.9910328479799165
-11.44 -0.3286375756808717 eeZH_FCCee365 0.9309977691504514
-10.56 -0.3083997527612764 eeZH_FCCee240 0.9941735883263899
-10.56 -0.3083997527612764 eeZH_FCCee365 0.9387670554086417
-9.68 -0.2881619298416811 eeZH_FCCee240 0.9968018030201061
-9.68 -0.2881619298416811 eeZH_FCCee365 0.9460238160140747
-8.8 -0.270584207634957 eeZH_FCCee240 0.9985942175847915
-8.8 -0.270584207634957 eeZH_FCCee365 0.9524502966185473
-7.92 -0.25389615705715646 eeZH_FCCee240 0.9997645730587569
-7.92 -0.25389615705715646 eeZH_FCCee365 0.9582565643410954
-7.039999999999999 -0.23660479469232704 eeZH_FCCee240 1.000494379930117
-7.039999999999999 -0.23660479469232704 eeZH_FCCee365 0.96362103149403
-6.16 -0.21635886105209884 eeZH_FCCee240 1.001071399698713
-6.16 -0.21635886105209884 eeZH_FCCee365 0.9688265803433196
-5.280000000000001 -0.19611292741187064 eeZH_FCCee240 1.001135897505745
-5.280000000000001 -0.19611292741187064 eeZH_FCCee365 0.9735196072310457
-4.399999999999999 -0.17559884219076818 eeZH_FCCee240 1.000720766348541
-4.399999999999999 -0.17559884219076818 eeZH_FCCee365 0.9777324486977579
-3.5199999999999996 -0.1549990037225764 eeZH_FCCee240 0.9998037737483007
-3.5199999999999996 -0.1549990037225764 eeZH_FCCee365 0.9814432507699367
-2.6400000000000006 -0.12931826537940536 eeZH_FCCee240 0.9989999828790702
-2.6400000000000006 -0.12931826537940536 eeZH_FCCee365 0.9852567109054028
-1.7600000000000016 -0.09658181607796588 eeZH_FCCee240 0.9985564400275884
-1.7600000000000016 -0.09658181607796588 eeZH_FCCee365 0.9894157773467714
-0.879999999999999 -0.0638453667765263 eeZH_FCCee240 0.997606043883587
-0.879999999999999 -0.0638453667765263 eeZH_FCCee365 0.9930679904956207
0.0 -0.03110891747508685 eeZH_FCCee240 0.9961487944470663
0.0 -0.03110891747508685 eeZH_FCCee365 0.9962133503519506
