-22.0 -0.5282160556687113 eeZH_FCCee240 0.9130033589665026
-22.0 -0.5282160556687113 eeZH_FCCee365 0.8009751434760106
-21.12 -0.5135794656028987 eeZH_FCCee240 0.9220718669411305
-21.12 -0.5135794656028987 eeZH_FCCee365 0.8143977002878314
-20.24 -0.49894287553708605 eeZH_FCCee240 0.9306076760101556
-20.24 -0.49894287553708605 eeZH_FCCee365 0.8272992709460323
-19.36 -0.4843062854712734 eeZH_FCCee240 0.938610786173578
-19.36 -0.4843062854712734 eeZH_FCCee365 0.8396798554506121
-18.48 -0.4696696954054609 eeZH_FCCee240 0.9460811974313978
-18.48 -0.4696696954054609 eeZH_FCCee365 0.8515394538015718
-17.6 -0.4498502840273347 eeZH_FCCee240 0.9536361536604562
-17.6 -0.4498502840273347 eeZH_FCCee365 0.8634850905021698
-16.72 -0.4196370021635085 eeZH_FCCee240 0.9619011412133793
-16.72 -0.4196370021635085 eeZH_FCCee365 0.8761318695576236
-15.84 -0.3976551515889178 eeZH_FCCee240 0.9686565801917117
-15.84 -0.3976551515889178 eeZH_FCCee365 0.8872969671391683
-14.96 -0.38124515184141117 eeZH_FCCee240 0.9742152793585809
-14.96 -0.38124515184141117 eeZH_FCCee365 0.8972880343581787
-14.08 -0.36483515209390455 eeZH_FCCee240 0.9792421160586764
-14.08 -0.36483515209390455 eeZH_FCCee365 0.9067589334711443
-13.2 -0.3529344118939776 eeZH_FCCee240 0.983194758034947
-13.2 -0.3529344118939776 eeZH_FCCee365 0.9151763401390046
-12.32 -0.3413931689452719 eeZH_FCCee240 0.9865700874080939
-12.32 -0.3413931689452719 eeZH_FCCee365 0.9230288953747976
-11.44 -0.3286375756808717 eeZH_FCCee240 0.9895578812226071
-11.44 -0.3286375756808717 eeZH_FCCee365 0.9305032214730006
-10.56 -0.3083997527612764 eeZH_FCCee240 0.9929172818162777
-10.56 -0.3083997527612764 eeZH_FCCee365 0.9383458232258394
-9.68 -0.2881619298416811 eeZH_FCCee240 0.9957466231176961
-9.68 -0.2881619298416811 eeZH_FCCee365 0.9456700203997372
-8.8 -0.270584207634957 eeZH_FCCee240 0.9977228371131528
-8.8 -0.270584207634957 eeZH_FCCee365 0.9521581278721744
-7.92 -0.25389615705715646 eeZH_FCCee240 0.9990594790505861
-7.92 -0.25389615705715646 eeZH_FCCee365 0.9580201504677676
-7.039999999999999 -0.23660479469232704 eeZH_FCCee240 0.9999379460196753
-7.039999999999999 -0.23660479469232704 eeZH_FCCee365 0.9634344624769996
-6.16 -0.21635886105209884 eeZH_FCCee240 1.000645886119997
-6.16 -0.21635886105209884 eeZH_FCCee365 0.9686839081433972
-5.280000000000001 -0.19611292741187064 eeZH_FCCee240 1.000823770745537
-5.280000000000001 -0.19611292741187064 eeZH_FCCee365 0.9734149529643876
-4.399999999999999 -0.17559884219076818 eeZH_FCCee240 1.000504482525484
-4.399999999999999 -0.17559884219076818 eeZH_FCCee365 0.9776599300041446
-3.5199999999999996 -0.1549990037225764 eeZH_FCCee240 0.9996658008755532
-3.5199999999999996 -0.1549990037225764 eeZH_FCCee365 0.9813969892773096
-2.6400000000000006 -0.12931826537940536 eeZH_FCCee240 0.9989226755444387
-2.6400000000000006 -0.12931826537940536 eeZH_FCCee365 0.9852307902108499
-1.7600000000000016 -0.09658181607796588 eeZH_FCCee240 0.9985222408335739
-1.7600000000000016 -0.09658181607796588 eeZH_FCCee365 0.9894043105581901
-0.879999999999999 -0.0638453667765263 eeZH_FCCee240 0.9975976132436537
-0.879999999999999 -0.0638453667765263 eeZH_FCCee365 0.993065163751643
0.0 -0.03110891747508685 eeZH_FCCee240 0.9961487927746784
0.0 -0.03110891747508685 eeZH_FCCee365 0.9962133497912088
