-0.2735635811946019 -0.04128562236883379 eeZH_FCCee240 0.9966553036241732
-0.2735635811946019 -0.04128562236883379 eeZH_FCCee365 0.9952895957571242
-3.008405311121386 -0.1430231310497534 eeZH_FCCee240 0.9988905062272886
-3.008405311121386 -0.1430231310497534 eeZH_FCCee365 0.9833332361932771
-5.06677076017055 -0.19120721713943498 eeZH_FCCee240 1.000573728428054
-5.06677076017055 -0.19120721713943498 eeZH_FCCee365 0.9744924528289234
-7.189221984890975 -0.2400379065147882 eeZH_FCCee240 0.9991527018608982
-7.189221984890975 -0.2400379065147882 eeZH_FCCee365 0.9625192170790778
-9.459447536892744 -0.2830897688270843 eeZH_FCCee240 0.9949713893254372
-9.459447536892744 -0.2830897688270843 eeZH_FCCee365 0.9474846040922326
-11.562879141155273 -0.33146349192997665 eeZH_FCCee240 0.9864835069374155
-11.562879141155273 -0.33146349192997665 eeZH_FCCee365 0.9294769480164804
-14.01502292389044 -0.36362347731827777 eeZH_FCCee240 0.9750135465798973
-14.01502292389044 -0.36362347731827777 eeZH_FCCee365 0.9076342614726545
-16.364778054486255 -0.4074410694771183 eeZH_FCCee240 0.9577902762834466
-16.364778054486255 -0.4074410694771183 eeZH_FCCee365 0.8814047606570412
-17.892801758805913 -0.45990312728759264 eeZH_FCCee240 0.9412391861784867
-17.892801758805913 -0.45990312728759264 eeZH_FCCee365 0.8595725226666154
-22.03756071858245 -0.5288407838965167 eeZH_FCCee240 0.8947626122880882
-22.03756071858245 -0.5288407838965167 eeZH_FCCee365 0.8011569017084074
