-22.0 -0.5282160556687113 eeZH_FCCee240 0.9191763063517208
-22.0 -0.5282160556687113 eeZH_FCCee365 0.8304171853109388
-21.12 -0.5135794656028987 eeZH_FCCee240 0.9263363299791172
-21.12 -0.5135794656028987 eeZH_FCCee365 0.8399679788414054
-20.24 -0.49894287553708605 eeZH_FCCee240 0.9332313280607287
-20.24 -0.49894287553708605 eeZH_FCCee365 0.8493620570737993
-19.36 -0.4843062854712734 eeZH_FCCee240 0.9398427482158767
-19.36 -0.4843062854712734 eeZH_FCCee365 0.8585812753545419
-18.48 -0.4696696954054609 eeZH_FCCee240 0.9461519558965484
-18.48 -0.4696696954054609 eeZH_FCCee365 0.8676071290953266
-17.6 -0.4498502840273347 eeZH_FCCee240 0.9527644037529952
-17.6 -0.4498502840273347 eeZH_FCCee365 0.8769874960747696
-16.72 -0.4196370021635085 eeZH_FCCee240 0.9603024892811326
-16.72 -0.4196370021635085 eeZH_FCCee365 0.8872937601496049
-15.84 -0.3976551515889178 eeZH_FCCee240 0.9665000916333444
-15.84 -0.3976551515889178 eeZH_FCCee365 0.8964636106433238
-14.96 -0.38124515184141117 eeZH_FCCee240 0.9716482292927616
-14.96 -0.38124515184141117 eeZH_FCCee365 0.9047517487172566
-14.08 -0.36483515209390455 eeZH_FCCee240 0.9764033919706933
-14.08 -0.36483515209390455 eeZH_FCCee365 0.9127534282466567
-13.2 -0.3529344118939776 eeZH_FCCee240 0.9801922690852961
-13.2 -0.3529344118939776 eeZH_FCCee365 0.9199351243386251
-12.32 -0.3413931689452719 eeZH_FCCee240 0.9835052538851589
-12.32 -0.3413931689452719 eeZH_FCCee365 0.9267429727642398
-11.44 -0.3286375756808717 eeZH_FCCee240 0.9865215578752907
-11.44 -0.3286375756808717 eeZH_FCCee365 0.9333398539887657
-10.56 -0.3083997527612764 eeZH_FCCee240 0.9900073021851749
-10.56 -0.3083997527612764 eeZH_FCCee365 0.9404406024626694
-9.68 -0.2881619298416811 eeZH_FCCee240 0.9930218408578675
-9.68 -0.2881619298416811 eeZH_FCCee365 0.9471672999959779
-8.8 -0.270584207634957 eeZH_FCCee240 0.9952187047175621
-8.8 -0.270584207634957 eeZH_FCCee365 0.9531887066893345
-7.92 -0.25389615705715646 eeZH_FCCee240 0.9968048029054247
-7.92 -0.25389615705715646 eeZH_FCCee365 0.958692464031013
-7.039999999999999 -0.23660479469232704 eeZH_FCCee240 0.9979551660151863
-7.039999999999999 -0.23660479469232704 eeZH_FCCee365 0.9638388762015259
-6.16 -0.21635886105209884 eeZH_FCCee240 0.9989541326749829
-6.16 -0.21635886105209884 eeZH_FCCee365 0.9688952400990445
-5.280000000000001 -0.19611292741187064 eeZH_FCCee240 0.9994228686454232
-5.280000000000001 -0.19611292741187064 eeZH_FCCee365 0.9734972028768779
-4.399999999999999 -0.17559884219076818 eeZH_FCCee240 0.9993869844964107
-4.399999999999999 -0.17559884219076818 eeZH_FCCee365 0.977663854162073
-3.5199999999999996 -0.1549990037225764 eeZH_FCCee240 0.9988171546005533
-3.5199999999999996 -0.1549990037225764 eeZH_FCCee365 0.9813614388909632
-2.6400000000000006 -0.12931826537940536 eeZH_FCCee240 0.9983314950533377
-2.6400000000000006 -0.12931826537940536 eeZH_FCCee365 0.9851844122045095
-1.7600000000000016 -0.09658181607796588 eeZH_FCCee240 0.9981683436284089
-1.7600000000000016 -0.09658181607796588 eeZH_FCCee365 0.9893668939543496
-0.879999999999999 -0.0638453667765263 eeZH_FCCee240 0.9974421705039943
-0.879999999999999 -0.0638453667765263 eeZH_FCCee365 0.9930461737060908
0.0 -0.03110891747508685 eeZH_FCCee240 0.9961506919647929
0.0 -0.03110891747508685 eeZH_FCCee365 0.9962135881297234
