-22.0 -0.5282160556687113 eeZH_FCCee240 0.895252868721979
-22.0 -0.5282160556687113 eeZH_FCCee365 0.8017374822941237
-21.12 -0.5135794656028987 eeZH_FCCee240 0.9063730289672481
-21.12 -0.5135794656028987 eeZH_FCCee365 0.8150719258118533
-20.24 -0.49894287553708605 eeZH_FCCee240 0.91679597678931
-20.24 -0.49894287553708605 eeZH_FCCee365 0.8278924486169082
-19.36 -0.4843062854712734 eeZH_FCCee240 0.9265285875095495
-19.36 -0.4843062854712734 eeZH_FCCee365 0.8401987554315624
-18.48 -0.4696696954054609 eeZH_FCCee240 0.9355777364493517
-18.48 -0.4696696954054609 eeZH_FCCee365 0.8519905509780917
-17.6 -0.4498502840273347 eeZH_FCCee240 0.9445644088297409
-17.6 -0.4498502840273347 eeZH_FCCee365 0.8638746990784515
-16.72 -0.4196370021635085 eeZH_FCCee240 0.9541190392981632
-16.72 -0.4196370021635085 eeZH_FCCee365 0.8764660912210681
-15.84 -0.3976551515889178 eeZH_FCCee240 0.9620397456995059
-15.84 -0.3976551515889178 eeZH_FCCee365 0.8875811435037053
-14.96 -0.38124515184141117 eeZH_FCCee240 0.9686436013658236
-14.96 -0.38124515184141117 eeZH_FCCee365 0.8975273238852506
-14.08 -0.36483515209390455 eeZH_FCCee240 0.9745993002120469
-14.08 -0.36483515209390455 eeZH_FCCee365 0.9069583307101208
-13.2 -0.3529344118939776 eeZH_FCCee240 0.9793729018440445
-13.2 -0.3529344118939776 eeZH_FCCee365 0.9153404792298937
-12.32 -0.3413931689452719 eeZH_FCCee240 0.9834663244728714
-12.32 -0.3413931689452719 eeZH_FCCee365 0.9231621941702194
-11.44 -0.3286375756808717 eeZH_FCCee240 0.9870758001779673
-11.44 -0.3286375756808717 eeZH_FCCee365 0.9306098205980932
-10.56 -0.3083997527612764 eeZH_FCCee240 0.9909661526326501
-10.56 -0.3083997527612764 eeZH_FCCee365 0.9384296193066992
-9.68 -0.2881619298416811 eeZH_FCCee240 0.9942447530025064
-9.68 -0.2881619298416811 eeZH_FCCee365 0.945734521935909
-8.8 -0.270584207634957 eeZH_FCCee240 0.996595758150345
-8.8 -0.270584207634957 eeZH_FCCee365 0.9522065330729654
-7.92 -0.25389615705715646 eeZH_FCCee240 0.9982391026748083
-7.92 -0.25389615705715646 eeZH_FCCee365 0.9580553835654513
-7.039999999999999 -0.23660479469232704 eeZH_FCCee240 0.9993628200306995
-7.039999999999999 -0.23660479469232704 eeZH_FCCee365 0.963459162688693
-6.16 -0.21635886105209884 eeZH_FCCee240 1.000261283051569
-6.16 -0.21635886105209884 eeZH_FCCee365 0.9687004258758423
-5.280000000000001 -0.19611292741187064 eeZH_FCCee240 1.000582147275977
-5.280000000000001 -0.19611292741187064 eeZH_FCCee365 0.9734253300834235
-4.399999999999999 -0.17559884219076818 eeZH_FCCee240 1.000365109519857
-4.399999999999999 -0.17559884219076818 eeZH_FCCee365 0.9776659157234641
-3.5199999999999996 -0.1549990037225764 eeZH_FCCee240 0.9995947886424914
-3.5199999999999996 -0.1549990037225764 eeZH_FCCee365 0.9814000390737421
-2.6400000000000006 -0.12931826537940536 eeZH_FCCee240 0.9988928921865894
-2.6400000000000006 -0.12931826537940536 eeZH_FCCee365 0.9852320693310043
-1.7600000000000016 -0.09658181607796588 eeZH_FCCee240 0.9985134775590694
-1.7600000000000016 -0.09658181607796588 eeZH_FCCee365 0.9894046869187434
-0.879999999999999 -0.0638453667765263 eeZH_FCCee240 0.9975965406544496
-0.879999999999999 -0.0638453667765263 eeZH_FCCee365 0.993065209816646
0.0 -0.03110891747508685 eeZH_FCCee240 0.9961487927776751
0.0 -0.03110891747508685 eeZH_FCCee365 0.9962133497910801
