-0.2735635811946019 -0.04128562236883379 eeZH_FCCee240 0.9966560975670753
-0.2735635811946019 -0.04128562236883379 eeZH_FCCee365 0.9952898508799235
-3.008405311121386 -0.1430231310497534 eeZH_FCCee240 0.9990351576597328
-3.008405311121386 -0.1430231310497534 eeZH_FCCee365 0.9833650382900396
-5.06677076017055 -0.19120721713943498 eeZH_FCCee240 1.001074386507239
-5.06677076017055 -0.19120721713943498 eeZH_FCCee365 0.9745796163886815
-7.189221984890975 -0.2400379065147882 eeZH_FCCee240 1.000345711586604
-7.189221984890975 -0.2400379065147882 eeZH_FCCee365 0.9626875014498962
-9.459447536892744 -0.2830897688270843 eeZH_FCCee240 0.9973801831274957
-9.459447536892744 -0.2830897688270843 eeZH_FCCee365 0.9477622383958211
-11.562879141155273 -0.33146349192997665 eeZH_FCCee240 0.9905535095017157
-11.562879141155273 -0.33146349192997665 eeZH_FCCee365 0.9298721218694899
-14.01502292389044 -0.36362347731827777 eeZH_FCCee240 0.981810720439057
-14.01502292389044 -0.36362347731827777 eeZH_FCCee365 0.9081814767112539
-16.364778054486255 -0.4074410694771183 eeZH_FCCee240 0.9681158329919309
-16.364778054486255 -0.4074410694771183 eeZH_FCCee365 0.8821063456299058
-17.892801758805913 -0.45990312728759264 eeZH_FCCee240 0.9543863835845967
-17.892801758805913 -0.45990312728759264 eeZH_FCCee365 0.860375877145983
-22.03756071858245 -0.5288407838965167 eeZH_FCCee240 0.9180981311734927
-22.03756071858245 -0.5288407838965167 eeZH_FCCee365 0.8022326434871282
