-0.2735635811946019 -0.04128562236883379 eeZH_FCCee240 0.9966553329218115
-0.2735635811946019 -0.04128562236883379 eeZH_FCCee365 0.9952895944988644
-3.008405311121386 -0.1430231310497534 eeZH_FCCee240 0.9989346544060337
-3.008405311121386 -0.1430231310497534 eeZH_FCCee365 0.9833313401402699
-5.06677076017055 -0.19120721713943498 eeZH_FCCee240 1.000787095095621
-5.06677076017055 -0.19120721713943498 eeZH_FCCee365 0.9744832892683154
-7.189221984890975 -0.2400379065147882 eeZH_FCCee240 0.9997653387950105
-7.189221984890975 -0.2400379065147882 eeZH_FCCee365 0.9624929058668324
-9.459447536892744 -0.2830897688270843 eeZH_FCCee240 0.9963726632537644
-9.459447536892744 -0.2830897688270843 eeZH_FCCee365 0.9474244229087465
-11.562879141155273 -0.33146349192997665 eeZH_FCCee240 0.9890466149419302
-11.562879141155273 -0.33146349192997665 eeZH_FCCee365 0.9293668689876794
-14.01502292389044 -0.36362347731827777 eeZH_FCCee240 0.9795921999736297
-14.01502292389044 -0.36362347731827777 eeZH_FCCee365 0.9074376198493165
-16.364778054486255 -0.4074410694771183 eeZH_FCCee240 0.9650885572573784
-16.364778054486255 -0.4074410694771183 eeZH_FCCee365 0.8810913178836146
-17.892801758805913 -0.45990312728759264 eeZH_FCCee240 0.9507696648472608
-17.892801758805913 -0.45990312728759264 eeZH_FCCee365 0.8591632126281703
-22.03756071858245 -0.5288407838965167 eeZH_FCCee240 0.9126044374190786
-22.03756071858245 -0.5288407838965167 eeZH_FCCee365 0.8003906402871187
