-0.2735635811946019 -0.04128562236883379 eeZH_FCCee240 0.9966127917323836
-0.2735635811946019 -0.04128562236883379 eeZH_FCCee365 0.9952842314074285
-3.008405311121386 -0.1430231310497534 eeZH_FCCee240 0.9982334995667619
-3.008405311121386 -0.1430231310497534 eeZH_FCCee365 0.9832863931629421
-5.06677076017055 -0.19120721713943498 eeZH_FCCee240 0.9994557175240405
-5.06677076017055 -0.19120721713943498 eeZH_FCCee365 0.9745423826763424
-7.189221984890975 -0.2400379065147882 eeZH_FCCee240 0.9977338433843468
-7.189221984890975 -0.2400379065147882 eeZH_FCCee365 0.9629374188231598
-9.459447536892744 -0.2830897688270843 eeZH_FCCee240 0.9937018206501372
-9.459447536892744 -0.2830897688270843 eeZH_FCCee365 0.9487924709057526
-11.562879141155273 -0.33146349192997665 eeZH_FCCee240 0.985998185562439
-11.562879141155273 -0.33146349192997665 eeZH_FCCee365 0.9323196121839551
-14.01502292389044 -0.36362347731827777 eeZH_FCCee240 0.9767384377386971
-14.01502292389044 -0.36362347731827777 eeZH_FCCee365 0.9133323653560559
-16.364778054486255 -0.4074410694771183 eeZH_FCCee240 0.9632504171824015
-16.364778054486255 -0.4074410694771183 eeZH_FCCee365 0.8913927314347914
-17.892801758805913 -0.45990312728759264 eeZH_FCCee240 0.9501845774998923
-17.892801758805913 -0.45990312728759264 eeZH_FCCee365 0.8735129682368006
-22.03756071858245 -0.5288407838965167 eeZH_FCCee240 0.9188650797103285
-22.03756071858245 -0.5288407838965167 eeZH_FCCee365 0.8300063152348058
