 & AlsMz & dAle5Mz & mtop & mHl & Mz & CW & CHG & CHWB & CHWHB_gaga & CHWHB_gagaorth & CHD & CHbox & CH & CHL1_11 & CHL1_22 & CHL1_33 & CHL3_11 & CHL3_22 & CHL3_33 & CHe_11 & CHe_22 & CHe_33 & CHQ1_11 & CHQ1_33 & CHQ3_11 & CHu_11 & CHd_11 & CHd_33 & CeH_22r & CeH_33r & CuH_22r & CuH_33r & CdH_33r & CLL_1221 & eHggpar & eHWWpar & eHZZpar & eHZgapar & eHccpar & eHbbpar \\
AlsMz & $1$ & $0.0180093$ & $-0.000287791$ & $-0.0223829$ & $-0.0233568$ & $-0.00692611$ & $-0.00645022$ & $0.0245434$ & $0.0233075$ & $-0.00402103$ & $-0.0419551$ & $-0.0191115$ & $-0.00153101$ & $0.012038$ & $0.0126745$ & $0.0102114$ & $0.00711933$ & $-0.0012595$ & $0.00206041$ & $0.0231724$ & $-0.000170213$ & $0.0405016$ & $-0.0258042$ & $-0.0505107$ & $-0.0662026$ & $0.0243381$ & $0.0022591$ & $0.0608083$ & $-0.000554904$ & $0.00309962$ & $0.0237932$ & $-0.0155631$ & $-0.00822908$ & $0.0199396$ & $-0.0121121$ & $0.0198024$ & $-0.00602857$ & $-0.0307241$ & $0.0555953$ & $-0.0514247$ \\
dAle5Mz & $0.0180093$ & $1$ & $-0.029653$ & $0.00656876$ & $0.0268207$ & $0.0351402$ & $0.0300306$ & $-0.252666$ & $-0.248681$ & $0.110032$ & $0.260202$ & $0.0807029$ & $-0.0068021$ & $-0.0367149$ & $-0.00475116$ & $-0.0039868$ & $0.0719945$ & $0.0458524$ & $0.0442242$ & $-0.202221$ & $-0.146275$ & $-0.129186$ & $-0.000420111$ & $0.0845219$ & $0.055135$ & $0.0242872$ & $-0.0630463$ & $-0.0190855$ & $0.00480105$ & $-0.00203849$ & $0.0062306$ & $0.0456032$ & $0.0174292$ & $-0.0215036$ & $0.018458$ & $-0.00784672$ & $-0.00898916$ & $0.0166307$ & $-0.0212417$ & $0.0163764$ \\
mtop & $-0.000287791$ & $-0.029653$ & $1$ & $0.0102326$ & $-0.00273109$ & $-0.0175908$ & $-0.00456126$ & $0.0219833$ & $0.0201169$ & $-0.00699251$ & $0.102548$ & $-0.00125237$ & $-0.00223678$ & $0.00255971$ & $0.0212389$ & $-0.00167956$ & $-0.00990922$ & $-0.0144231$ & $-0.0064039$ & $0.0330595$ & $0.0225783$ & $0.0210949$ & $0.000259749$ & $0.0383514$ & $-0.0224521$ & $-0.0149118$ & $-0.0126045$ & $0.00558938$ & $0.0104679$ & $-0.0259579$ & $-0.0150187$ & $-0.00617729$ & $-0.025892$ & $0.0131001$ & $-0.00376043$ & $-0.010156$ & $0.0160617$ & $0.00614623$ & $-0.0332133$ & $-0.00320252$ \\
mHl & $-0.0223829$ & $0.00656876$ & $0.0102326$ & $1$ & $0.00389661$ & $0.0324756$ & $0.00562067$ & $0.0140003$ & $0.0140519$ & $-0.0164556$ & $-0.0133232$ & $-0.00596224$ & $-0.00183515$ & $0.0107167$ & $0.00408033$ & $0.0156675$ & $-0.0308531$ & $-0.0164224$ & $-0.0162015$ & $0.01838$ & $0.00411081$ & $-0.00125209$ & $-0.0132476$ & $-0.00833072$ & $-0.0208861$ & $-0.00513138$ & $-0.000675696$ & $0.00346598$ & $-0.0285562$ & $0.000381444$ & $-0.0118992$ & $0.00870985$ & $-0.0188778$ & $-0.00696549$ & $0.0218164$ & $0.0165245$ & $-0.00724071$ & $0.0155852$ & $-0.00266383$ & $-0.0233981$ \\
Mz & $-0.0233568$ & $0.0268207$ & $-0.00273109$ & $0.00389661$ & $1$ & $-0.0119766$ & $0.0237837$ & $0.0167991$ & $0.0173258$ & $-0.00259771$ & $0.0290414$ & $0.00495829$ & $-0.0275086$ & $-0.0123199$ & $0.0113458$ & $-0.0101693$ & $-0.0227482$ & $-0.0228493$ & $-0.00560969$ & $0.0220765$ & $0.0116499$ & $0.0126897$ & $0.000466772$ & $-0.0245271$ & $-0.0114368$ & $-0.0144762$ & $0.0176877$ & $0.00599903$ & $0.000809107$ & $-0.0190592$ & $0.00330346$ & $0.0297746$ & $-0.00440082$ & $0.00428238$ & $-0.00890658$ & $-0.0173225$ & $-0.0256618$ & $0.00824383$ & $-0.0146926$ & $0.022271$ \\
CW & $-0.00692611$ & $0.0351402$ & $-0.0175908$ & $0.0324756$ & $-0.0119766$ & $1$ & $-0.00620142$ & $-0.0756267$ & $-0.0757177$ & $0.0153442$ & $0.0850896$ & $0.00995512$ & $0.00106521$ & $0.21122$ & $0.0442372$ & $0.0428784$ & $-0.161068$ & $-0.0150476$ & $-0.0175488$ & $-0.0815672$ & $-0.0797258$ & $-0.0774029$ & $-0.0455564$ & $0.0591112$ & $-0.0387297$ & $0.0277665$ & $-0.10499$ & $-0.0112563$ & $-0.0106606$ & $5.41668e-05$ & $-0.0162177$ & $-0.00213151$ & $0.00229239$ & $-0.160085$ & $0.00845849$ & $-0.00891449$ & $0.0070797$ & $0.00759024$ & $-0.0109847$ & $-0.0124516$ \\
CHG & $-0.00645022$ & $0.0300306$ & $-0.00456126$ & $0.00562067$ & $0.0237837$ & $-0.00620142$ & $1$ & $0.0223615$ & $0.0498666$ & $-0.00343163$ & $-0.0163293$ & $-0.220888$ & $-0.45482$ & $-0.0274749$ & $-0.0141198$ & $-0.0165078$ & $-0.0295699$ & $-0.00895366$ & $-0.0250614$ & $0.0366106$ & $0.0151487$ & $0.0290564$ & $0.0116441$ & $-0.0338405$ & $-0.0150803$ & $-0.00425246$ & $0.0283914$ & $0.0189328$ & $-0.00459022$ & $-0.194821$ & $-0.0877002$ & $0.917598$ & $-0.212438$ & $0.0234567$ & $-0.0112462$ & $0.0152113$ & $0.00106613$ & $0.00424498$ & $0.0187712$ & $0.00759762$ \\
CHWB & $0.0245434$ & $-0.252666$ & $0.0219833$ & $0.0140003$ & $0.0167991$ & $-0.0756267$ & $0.0223615$ & $1$ & $0.994983$ & $-0.566575$ & $-0.890154$ & $-0.172007$ & $-0.0300958$ & $-0.302309$ & $-0.0277546$ & $-0.0230827$ & $-0.654725$ & $-0.553066$ & $-0.55486$ & $0.883358$ & $0.677249$ & $0.663533$ & $0.0708826$ & $-0.683564$ & $-0.606541$ & $-0.166021$ & $0.458825$ & $0.161401$ & $0.0168012$ & $-0.0335145$ & $-0.0219761$ & $0.0075434$ & $-0.0526941$ & $0.661144$ & $-0.00377$ & $0.0128269$ & $-0.00961356$ & $-0.0131094$ & $-0.0065222$ & $0.00159071$ \\
CHWHB_gaga & $0.0233075$ & $-0.248681$ & $0.0201169$ & $0.0140519$ & $0.0173258$ & $-0.0757177$ & $0.0498666$ & $0.994983$ & $1$ & $-0.566946$ & $-0.884139$ & $-0.158704$ & $-0.0344093$ & $-0.307194$ & $-0.0286543$ & $-0.0246997$ & $-0.656604$ & $-0.552593$ & $-0.554006$ & $0.880628$ & $0.673679$ & $0.659727$ & $0.0701633$ & $-0.683196$ & $-0.605832$ & $-0.163972$ & $0.458387$ & $0.161121$ & $0.0223317$ & $-0.0163354$ & $-0.012345$ & $0.0316043$ & $-0.0339194$ & $0.657466$ & $-0.00653357$ & $0.0102272$ & $-0.0096544$ & $-0.0114509$ & $-0.00628538$ & $0.00187329$ \\
CHWHB_gagaorth & $-0.00402103$ & $0.110032$ & $-0.00699251$ & $-0.0164556$ & $-0.00259771$ & $0.0153442$ & $-0.00343163$ & $-0.566575$ & $-0.566946$ & $1$ & $0.256884$ & $0.30913$ & $-0.0193052$ & $0.673351$ & $0.142137$ & $0.142089$ & $0.761597$ & $0.559348$ & $0.563642$ & $-0.33893$ & $-0.244516$ & $-0.2513$ & $-0.0899153$ & $0.603055$ & $0.628719$ & $0.060076$ & $-0.359496$ & $-0.0625024$ & $-0.0241959$ & $-0.0191296$ & $-3.55014e-05$ & $0.0270331$ & $-0.0209723$ & $-0.446416$ & $0.00639105$ & $-0.00803473$ & $-0.00952006$ & $-0.020418$ & $0.0149794$ & $-0.0201773$ \\
CHD & $-0.0419551$ & $0.260202$ & $0.102548$ & $-0.0133232$ & $0.0290414$ & $0.0850896$ & $-0.0163293$ & $-0.890154$ & $-0.884139$ & $0.256884$ & $1$ & $0.138442$ & $0.0244213$ & $-0.0551158$ & $-0.0565557$ & $-0.0631862$ & $0.329836$ & $0.324839$ & $0.325693$ & $-0.891593$ & $-0.701079$ & $-0.681937$ & $-0.0411298$ & $0.473685$ & $0.352341$ & $0.178198$ & $-0.343383$ & $-0.168148$ & $-0.0102156$ & $0.0328777$ & $0.0158814$ & $-0.00409814$ & $0.0470126$ & $-0.520242$ & $0.00403722$ & $-0.0165063$ & $0.0142029$ & $0.0300445$ & $-0.00665716$ & $0.00447318$ \\
CHbox & $-0.0191115$ & $0.0807029$ & $-0.00125237$ & $-0.00596224$ & $0.00495829$ & $0.00995512$ & $-0.220888$ & $-0.172007$ & $-0.158704$ & $0.30913$ & $0.138442$ & $1$ & $0.493975$ & $-0.0344645$ & $0.0520055$ & $0.0441384$ & $0.0257909$ & $0.0326546$ & $0.0490781$ & $0.0252818$ & $-0.0709197$ & $-0.0770024$ & $-0.011931$ & $0.0979799$ & $0.0533788$ & $0.00956874$ & $-0.0810561$ & $-0.0290561$ & $0.0656845$ & $0.383358$ & $0.10775$ & $-0.0689233$ & $0.352782$ & $-0.228748$ & $0.0565345$ & $-0.0252436$ & $-0.0226462$ & $-0.009461$ & $0.0127496$ & $-0.00964992$ \\
CH & $-0.00153101$ & $-0.0068021$ & $-0.00223678$ & $-0.00183515$ & $-0.0275086$ & $0.00106521$ & $-0.45482$ & $-0.0300958$ & $-0.0344093$ & $-0.0193052$ & $0.0244213$ & $0.493975$ & $1$ & $0.0193616$ & $-0.00504253$ & $0.00466532$ & $0.0299317$ & $0.0162384$ & $0.0218881$ & $-0.0459908$ & $-0.0179109$ & $-0.0203314$ & $0.00889727$ & $0.0256108$ & $0.0206206$ & $0.000161987$ & $-0.00797952$ & $-0.016231$ & $0.0786035$ & $0.320905$ & $0.134327$ & $-0.380429$ & $0.317537$ & $-0.0178669$ & $0.0243782$ & $-0.00322807$ & $-0.030032$ & $-0.000661525$ & $-0.00943112$ & $0.00901867$ \\
CHL1_11 & $0.012038$ & $-0.0367149$ & $0.00255971$ & $0.0107167$ & $-0.0123199$ & $0.21122$ & $-0.0274749$ & $-0.302309$ & $-0.307194$ & $0.673351$ & $-0.0551158$ & $-0.0344645$ & $0.0193616$ & $1$ & $0.181355$ & $0.189343$ & $0.616135$ & $0.508385$ & $0.508842$ & $-0.151259$ & $-0.0441188$ & $-0.0575052$ & $-0.0868644$ & $0.522479$ & $0.547994$ & $0.0025702$ & $-0.324877$ & $0.00083162$ & $-0.0176011$ & $-0.00431677$ & $0.00901828$ & $-0.0336955$ & $0.00782591$ & $-0.337811$ & $-0.00742982$ & $0.0151401$ & $-0.00159674$ & $-0.00883749$ & $0.0120363$ & $-0.0200657$ \\
CHL1_22 & $0.0126745$ & $-0.00475116$ & $0.0212389$ & $0.00408033$ & $0.0113458$ & $0.0442372$ & $-0.0141198$ & $-0.0277546$ & $-0.0286543$ & $0.142137$ & $-0.0565557$ & $0.0520055$ & $-0.00504253$ & $0.181355$ & $1$ & $0.352497$ & $0.0958864$ & $-0.443545$ & $-0.101443$ & $0.0627513$ & $-0.135555$ & $-0.0900216$ & $-0.10966$ & $0.231812$ & $-0.152645$ & $0.00991211$ & $-0.486539$ & $-0.0184425$ & $-0.0135273$ & $-0.00450688$ & $0.00197288$ & $-0.00372277$ & $-0.00878283$ & $-0.556087$ & $-0.000507808$ & $0.00235798$ & $-0.00426544$ & $-0.0138765$ & $-0.00266828$ & $-0.0102616$ \\
CHL1_33 & $0.0102114$ & $-0.0039868$ & $-0.00167956$ & $0.0156675$ & $-0.0101693$ & $0.0428784$ & $-0.0165078$ & $-0.0230827$ & $-0.0246997$ & $0.142089$ & $-0.0631862$ & $0.0441384$ & $0.00466532$ & $0.189343$ & $0.352497$ & $1$ & $0.0903988$ & $-0.10297$ & $-0.422647$ & $0.0610826$ & $-0.0877308$ & $-0.171723$ & $-0.120184$ & $0.229755$ & $-0.135962$ & $0.00269018$ & $-0.467349$ & $-0.0162756$ & $0.00582563$ & $-0.0157402$ & $-0.00646311$ & $-0.0157983$ & $-0.0188352$ & $-0.243576$ & $0.0174984$ & $0.00150107$ & $0.00737404$ & $-0.0146823$ & $0.00977438$ & $-0.0186815$ \\
CHL3_11 & $0.00711933$ & $0.0719945$ & $-0.00990922$ & $-0.0308531$ & $-0.0227482$ & $-0.161068$ & $-0.0295699$ & $-0.654725$ & $-0.656604$ & $0.761597$ & $0.329836$ & $0.0257909$ & $0.0299317$ & $0.616135$ & $0.0958864$ & $0.0903988$ & $1$ & $0.673028$ & $0.683707$ & $-0.502339$ & $-0.306662$ & $-0.308122$ & $-0.0593157$ & $0.674355$ & $0.759234$ & $0.0641987$ & $-0.354769$ & $-0.0759135$ & $-0.0160693$ & $0.00378656$ & $0.0226456$ & $-0.0324476$ & $0.0287152$ & $-0.381954$ & $-0.00233645$ & $0.00357424$ & $-0.00311042$ & $-0.0189064$ & $0.011551$ & $-0.000619685$ \\
CHL3_22 & $-0.0012595$ & $0.0458524$ & $-0.0144231$ & $-0.0164224$ & $-0.0228493$ & $-0.0150476$ & $-0.00895366$ & $-0.553066$ & $-0.552593$ & $0.559348$ & $0.324839$ & $0.0326546$ & $0.0162384$ & $0.508385$ & $-0.443545$ & $-0.10297$ & $0.673028$ & $1$ & $0.654324$ & $-0.440467$ & $-0.24097$ & $-0.242843$ & $0.00841486$ & $0.472317$ & $0.775203$ & $0.0634555$ & $-0.0288494$ & $-0.0625865$ & $-0.00974425$ & $0.00593547$ & $0.00691048$ & $-0.0110842$ & $0.028209$ & $0.0706871$ & $-0.00801769$ & $6.98832e-05$ & $-0.00396224$ & $0.00862886$ & $0.0106556$ & $0.00139091$ \\
CHL3_33 & $0.00206041$ & $0.0442242$ & $-0.0064039$ & $-0.0162015$ & $-0.00560969$ & $-0.0175488$ & $-0.0250614$ & $-0.55486$ & $-0.554006$ & $0.563642$ & $0.325693$ & $0.0490781$ & $0.0218881$ & $0.508842$ & $-0.101443$ & $-0.422647$ & $0.683707$ & $0.654324$ & $1$ & $-0.435176$ & $-0.242729$ & $-0.234764$ & $0.0102321$ & $0.471874$ & $0.766201$ & $0.0683337$ & $-0.0417765$ & $-0.0691194$ & $-0.00805758$ & $0.0157718$ & $0.0158432$ & $-0.0214678$ & $0.0400974$ & $-0.244595$ & $-0.0172643$ & $-0.018708$ & $-0.00696434$ & $-0.00670007$ & $0.0083209$ & $-0.00867177$ \\
CHe_11 & $0.0231724$ & $-0.202221$ & $0.0330595$ & $0.01838$ & $0.0220765$ & $-0.0815672$ & $0.0366106$ & $0.883358$ & $0.880628$ & $-0.33893$ & $-0.891593$ & $0.0252818$ & $-0.0459908$ & $-0.151259$ & $0.0627513$ & $0.0610826$ & $-0.502339$ & $-0.440467$ & $-0.435176$ & $1$ & $0.690608$ & $0.677418$ & $0.0473442$ & $-0.548769$ & $-0.471564$ & $-0.181895$ & $0.360799$ & $0.163226$ & $0.0153149$ & $-0.0452644$ & $-0.0232671$ & $0.0406492$ & $-0.0660104$ & $0.463205$ & $0.00182496$ & $0.00312019$ & $-0.0111697$ & $-0.0283106$ & $0.0127697$ & $-0.00153196$ \\
CHe_22 & $-0.000170213$ & $-0.146275$ & $0.0225783$ & $0.00411081$ & $0.0116499$ & $-0.0797258$ & $0.0151487$ & $0.677249$ & $0.673679$ & $-0.244516$ & $-0.701079$ & $-0.0709197$ & $-0.0179109$ & $-0.0441188$ & $-0.135555$ & $-0.0877308$ & $-0.306662$ & $-0.24097$ & $-0.242729$ & $0.690608$ & $1$ & $0.581807$ & $0.0638961$ & $-0.475272$ & $-0.276111$ & $-0.137639$ & $0.430434$ & $0.137098$ & $0.0164615$ & $-0.0237021$ & $-0.0119301$ & $0.00606123$ & $-0.0275669$ & $0.450298$ & $-0.00627348$ & $-5.31626e-05$ & $-0.0303876$ & $0.00458258$ & $-0.00280627$ & $0.0172098$ \\
CHe_33 & $0.0405016$ & $-0.129186$ & $0.0210949$ & $-0.00125209$ & $0.0126897$ & $-0.0774029$ & $0.0290564$ & $0.663533$ & $0.659727$ & $-0.2513$ & $-0.681937$ & $-0.0770024$ & $-0.0203314$ & $-0.0575052$ & $-0.0900216$ & $-0.171723$ & $-0.308122$ & $-0.242843$ & $-0.234764$ & $0.677418$ & $0.581807$ & $1$ & $0.0744828$ & $-0.470944$ & $-0.276014$ & $-0.15962$ & $0.419386$ & $0.149627$ & $0.0204329$ & $-0.0308818$ & $-0.00874757$ & $0.0185266$ & $-0.0504237$ & $0.443928$ & $-0.0119016$ & $0.0274397$ & $-0.00446055$ & $0.00602578$ & $0.000156502$ & $-0.00314674$ \\
CHQ1_11 & $-0.0258042$ & $-0.000420111$ & $0.000259749$ & $-0.0132476$ & $0.000466772$ & $-0.0455564$ & $0.0116441$ & $0.0708826$ & $0.0701633$ & $-0.0899153$ & $-0.0411298$ & $-0.011931$ & $0.00889727$ & $-0.0868644$ & $-0.10966$ & $-0.120184$ & $-0.0593157$ & $0.00841486$ & $0.0102321$ & $0.0473442$ & $0.0638961$ & $0.0744828$ & $1$ & $-0.110155$ & $0.0494265$ & $-0.583175$ & $0.274264$ & $0.00496843$ & $0.00291937$ & $0.0156757$ & $0.00380305$ & $0.0165426$ & $0.0125665$ & $0.129029$ & $0.0138653$ & $-0.00284919$ & $-0.0116215$ & $0.016549$ & $-0.0308962$ & $-0.0118133$ \\
CHQ1_33 & $-0.0505107$ & $0.0845219$ & $0.0383514$ & $-0.00833072$ & $-0.0245271$ & $0.0591112$ & $-0.0338405$ & $-0.683564$ & $-0.683196$ & $0.603055$ & $0.473685$ & $0.0979799$ & $0.0256108$ & $0.522479$ & $0.231812$ & $0.229755$ & $0.674355$ & $0.472317$ & $0.471874$ & $-0.548769$ & $-0.475272$ & $-0.470944$ & $-0.110155$ & $1$ & $0.543537$ & $0.100252$ & $-0.456953$ & $-0.00685851$ & $-0.011411$ & $0.020668$ & $0.0143719$ & $-0.0258011$ & $0.0402196$ & $-0.545277$ & $0.000179337$ & $-0.0197644$ & $0.0147288$ & $-0.0009271$ & $0.00500188$ & $0.00821682$ \\
CHQ3_11 & $-0.0662026$ & $0.055135$ & $-0.0224521$ & $-0.0208861$ & $-0.0114368$ & $-0.0387297$ & $-0.0150803$ & $-0.606541$ & $-0.605832$ & $0.628719$ & $0.352341$ & $0.0533788$ & $0.0206206$ & $0.547994$ & $-0.152645$ & $-0.135962$ & $0.759234$ & $0.775203$ & $0.766201$ & $-0.471564$ & $-0.276111$ & $-0.276014$ & $0.0494265$ & $0.543537$ & $1$ & $0.0708786$ & $0.0589127$ & $-0.077$ & $-0.0135363$ & $-0.00446938$ & $0.00798785$ & $-0.0172089$ & $0.0234513$ & $-0.211015$ & $0.00024217$ & $-0.00349122$ & $-0.00176586$ & $-0.0125783$ & $0.00541376$ & $0.00243151$ \\
CHu_11 & $0.0243381$ & $0.0242872$ & $-0.0149118$ & $-0.00513138$ & $-0.0144762$ & $0.0277665$ & $-0.00425246$ & $-0.166021$ & $-0.163972$ & $0.060076$ & $0.178198$ & $0.00956874$ & $0.000161987$ & $0.0025702$ & $0.00991211$ & $0.00269018$ & $0.0641987$ & $0.0634555$ & $0.0683337$ & $-0.181895$ & $-0.137639$ & $-0.15962$ & $-0.583175$ & $0.100252$ & $0.0708786$ & $1$ & $0.0856842$ & $-0.0380805$ & $0.00488757$ & $-0.0054916$ & $0.00507343$ & $-0.00944865$ & $-0.000395587$ & $-0.0992613$ & $-0.00591161$ & $-0.00272709$ & $0.0122037$ & $-0.00722652$ & $0.0127483$ & $0.00297063$ \\
CHd_11 & $0.0022591$ & $-0.0630463$ & $-0.0126045$ & $-0.000675696$ & $0.0176877$ & $-0.10499$ & $0.0283914$ & $0.458825$ & $0.458387$ & $-0.359496$ & $-0.343383$ & $-0.0810561$ & $-0.00797952$ & $-0.324877$ & $-0.486539$ & $-0.467349$ & $-0.354769$ & $-0.0288494$ & $-0.0417765$ & $0.360799$ & $0.430434$ & $0.419386$ & $0.274264$ & $-0.456953$ & $0.0589127$ & $0.0856842$ & $1$ & $0.0648645$ & $0.0216054$ & $-0.0194884$ & $-0.022381$ & $0.0185947$ & $-0.0233476$ & $0.617408$ & $0.00104231$ & $0.00112448$ & $-0.00463124$ & $0.00106709$ & $-0.0165796$ & $0.00902336$ \\
CHd_33 & $0.0608083$ & $-0.0190855$ & $0.00558938$ & $0.00346598$ & $0.00599903$ & $-0.0112563$ & $0.0189328$ & $0.161401$ & $0.161121$ & $-0.0625024$ & $-0.168148$ & $-0.0290561$ & $-0.016231$ & $0.00083162$ & $-0.0184425$ & $-0.0162756$ & $-0.0759135$ & $-0.0625865$ & $-0.0691194$ & $0.163226$ & $0.137098$ & $0.149627$ & $0.00496843$ & $-0.00685851$ & $-0.077$ & $-0.0380805$ & $0.0648645$ & $1$ & $0.00916624$ & $0.000149024$ & $0.0131115$ & $0.020693$ & $-0.00986349$ & $0.101564$ & $-0.00703128$ & $-0.0023021$ & $0.0280744$ & $0.0216453$ & $0.00188011$ & $-0.00852228$ \\
CeH_22r & $-0.000554904$ & $0.00480105$ & $0.0104679$ & $-0.0285562$ & $0.000809107$ & $-0.0106606$ & $-0.00459022$ & $0.0168012$ & $0.0223317$ & $-0.0241959$ & $-0.0102156$ & $0.0656845$ & $0.0786035$ & $-0.0176011$ & $-0.0135273$ & $0.00582563$ & $-0.0160693$ & $-0.00974425$ & $-0.00805758$ & $0.0153149$ & $0.0164615$ & $0.0204329$ & $0.00291937$ & $-0.011411$ & $-0.0135363$ & $0.00488757$ & $0.0216054$ & $0.00916624$ & $1$ & $0.0659925$ & $0.0338558$ & $-0.0189774$ & $0.0497437$ & $0.0155416$ & $-0.00273809$ & $-0.0318656$ & $-0.0307313$ & $0.000713948$ & $0.00484929$ & $-0.017272$ \\
CeH_33r & $0.00309962$ & $-0.00203849$ & $-0.0259579$ & $0.000381444$ & $-0.0190592$ & $5.41668e-05$ & $-0.194821$ & $-0.0335145$ & $-0.0163354$ & $-0.0191296$ & $0.0328777$ & $0.383358$ & $0.320905$ & $-0.00431677$ & $-0.00450688$ & $-0.0157402$ & $0.00378656$ & $0.00593547$ & $0.0157718$ & $-0.0452644$ & $-0.0237021$ & $-0.0308818$ & $0.0156757$ & $0.020668$ & $-0.00446938$ & $-0.0054916$ & $-0.0194884$ & $0.000149024$ & $0.0659925$ & $1$ & $0.31238$ & $-4.37861e-05$ & $0.676138$ & $-0.0262447$ & $-0.0233088$ & $-0.0698683$ & $-0.018501$ & $0.0232834$ & $0.00841674$ & $-0.00136401$ \\
CuH_22r & $0.0237932$ & $0.0062306$ & $-0.0150187$ & $-0.0118992$ & $0.00330346$ & $-0.0162177$ & $-0.0877002$ & $-0.0219761$ & $-0.012345$ & $-3.55014e-05$ & $0.0158814$ & $0.10775$ & $0.134327$ & $0.00901828$ & $0.00197288$ & $-0.00646311$ & $0.0226456$ & $0.00691048$ & $0.0158432$ & $-0.0232671$ & $-0.0119301$ & $-0.00874757$ & $0.00380305$ & $0.0143719$ & $0.00798785$ & $0.00507343$ & $-0.022381$ & $0.0131115$ & $0.0338558$ & $0.31238$ & $1$ & $0.0290212$ & $0.342035$ & $-0.0186714$ & $-0.0160565$ & $-0.0381024$ & $-0.0191749$ & $0.00183529$ & $0.295024$ & $-0.0163589$ \\
CuH_33r & $-0.0155631$ & $0.0456032$ & $-0.00617729$ & $0.00870985$ & $0.0297746$ & $-0.00213151$ & $0.917598$ & $0.0075434$ & $0.0316043$ & $0.0270331$ & $-0.00409814$ & $-0.0689233$ & $-0.380429$ & $-0.0336955$ & $-0.00372277$ & $-0.0157983$ & $-0.0324476$ & $-0.0110842$ & $-0.0214678$ & $0.0406492$ & $0.00606123$ & $0.0185266$ & $0.0165426$ & $-0.0258011$ & $-0.0172089$ & $-0.00944865$ & $0.0185947$ & $0.020693$ & $-0.0189774$ & $-4.37861e-05$ & $0.0290212$ & $1$ & $0.0307763$ & $0.00105769$ & $0.0157142$ & $-0.00611174$ & $-0.0018822$ & $0.00371803$ & $0.0261012$ & $0.0188218$ \\
CdH_33r & $-0.00822908$ & $0.0174292$ & $-0.025892$ & $-0.0188778$ & $-0.00440082$ & $0.00229239$ & $-0.212438$ & $-0.0526941$ & $-0.0339194$ & $-0.0209723$ & $0.0470126$ & $0.352782$ & $0.317537$ & $0.00782591$ & $-0.00878283$ & $-0.0188352$ & $0.0287152$ & $0.028209$ & $0.0400974$ & $-0.0660104$ & $-0.0275669$ & $-0.0504237$ & $0.0125665$ & $0.0402196$ & $0.0234513$ & $-0.000395587$ & $-0.0233476$ & $-0.00986349$ & $0.0497437$ & $0.676138$ & $0.342035$ & $0.0307763$ & $1$ & $-0.0258703$ & $0.00938488$ & $-0.0771619$ & $-0.0124021$ & $0.00792098$ & $-0.00960546$ & $0.373836$ \\
CLL_1221 & $0.0199396$ & $-0.0215036$ & $0.0131001$ & $-0.00696549$ & $0.00428238$ & $-0.160085$ & $0.0234567$ & $0.661144$ & $0.657466$ & $-0.446416$ & $-0.520242$ & $-0.228748$ & $-0.0178669$ & $-0.337811$ & $-0.556087$ & $-0.243576$ & $-0.381954$ & $0.0706871$ & $-0.244595$ & $0.463205$ & $0.450298$ & $0.443928$ & $0.129029$ & $-0.545277$ & $-0.211015$ & $-0.0992613$ & $0.617408$ & $0.101564$ & $0.0155416$ & $-0.0262447$ & $-0.0186714$ & $0.00105769$ & $-0.0258703$ & $1$ & $-0.00643787$ & $0.0128538$ & $-0.0147845$ & $0.010167$ & $-0.0169491$ & $0.0161377$ \\
eHggpar & $-0.0121121$ & $0.018458$ & $-0.00376043$ & $0.0218164$ & $-0.00890658$ & $0.00845849$ & $-0.0112462$ & $-0.00377$ & $-0.00653357$ & $0.00639105$ & $0.00403722$ & $0.0565345$ & $0.0243782$ & $-0.00742982$ & $-0.000507808$ & $0.0174984$ & $-0.00233645$ & $-0.00801769$ & $-0.0172643$ & $0.00182496$ & $-0.00627348$ & $-0.0119016$ & $0.0138653$ & $0.000179337$ & $0.00024217$ & $-0.00591161$ & $0.00104231$ & $-0.00703128$ & $-0.00273809$ & $-0.0233088$ & $-0.0160565$ & $0.0157142$ & $0.00938488$ & $-0.00643787$ & $1$ & $0.0241394$ & $-0.0254901$ & $-0.0183312$ & $-0.0284537$ & $0.0597778$ \\
eHWWpar & $0.0198024$ & $-0.00784672$ & $-0.010156$ & $0.0165245$ & $-0.0173225$ & $-0.00891449$ & $0.0152113$ & $0.0128269$ & $0.0102272$ & $-0.00803473$ & $-0.0165063$ & $-0.0252436$ & $-0.00322807$ & $0.0151401$ & $0.00235798$ & $0.00150107$ & $0.00357424$ & $6.98832e-05$ & $-0.018708$ & $0.00312019$ & $-5.31626e-05$ & $0.0274397$ & $-0.00284919$ & $-0.0197644$ & $-0.00349122$ & $-0.00272709$ & $0.00112448$ & $-0.0023021$ & $-0.0318656$ & $-0.0698683$ & $-0.0381024$ & $-0.00611174$ & $-0.0771619$ & $0.0128538$ & $0.0241394$ & $1$ & $-0.00806766$ & $-0.03378$ & $-0.0265413$ & $-0.0129621$ \\
eHZZpar & $-0.00602857$ & $-0.00898916$ & $0.0160617$ & $-0.00724071$ & $-0.0256618$ & $0.0070797$ & $0.00106613$ & $-0.00961356$ & $-0.0096544$ & $-0.00952006$ & $0.0142029$ & $-0.0226462$ & $-0.030032$ & $-0.00159674$ & $-0.00426544$ & $0.00737404$ & $-0.00311042$ & $-0.00396224$ & $-0.00696434$ & $-0.0111697$ & $-0.0303876$ & $-0.00446055$ & $-0.0116215$ & $0.0147288$ & $-0.00176586$ & $0.0122037$ & $-0.00463124$ & $0.0280744$ & $-0.0307313$ & $-0.018501$ & $-0.0191749$ & $-0.0018822$ & $-0.0124021$ & $-0.0147845$ & $-0.0254901$ & $-0.00806766$ & $1$ & $0.00422601$ & $-0.00260785$ & $0.0115805$ \\
eHZgapar & $-0.0307241$ & $0.0166307$ & $0.00614623$ & $0.0155852$ & $0.00824383$ & $0.00759024$ & $0.00424498$ & $-0.0131094$ & $-0.0114509$ & $-0.020418$ & $0.0300445$ & $-0.009461$ & $-0.000661525$ & $-0.00883749$ & $-0.0138765$ & $-0.0146823$ & $-0.0189064$ & $0.00862886$ & $-0.00670007$ & $-0.0283106$ & $0.00458258$ & $0.00602578$ & $0.016549$ & $-0.0009271$ & $-0.0125783$ & $-0.00722652$ & $0.00106709$ & $0.0216453$ & $0.000713948$ & $0.0232834$ & $0.00183529$ & $0.00371803$ & $0.00792098$ & $0.010167$ & $-0.0183312$ & $-0.03378$ & $0.00422601$ & $1$ & $0.0128295$ & $0.00719316$ \\
eHccpar & $0.0555953$ & $-0.0212417$ & $-0.0332133$ & $-0.00266383$ & $-0.0146926$ & $-0.0109847$ & $0.0187712$ & $-0.0065222$ & $-0.00628538$ & $0.0149794$ & $-0.00665716$ & $0.0127496$ & $-0.00943112$ & $0.0120363$ & $-0.00266828$ & $0.00977438$ & $0.011551$ & $0.0106556$ & $0.0083209$ & $0.0127697$ & $-0.00280627$ & $0.000156502$ & $-0.0308962$ & $0.00500188$ & $0.00541376$ & $0.0127483$ & $-0.0165796$ & $0.00188011$ & $0.00484929$ & $0.00841674$ & $0.295024$ & $0.0261012$ & $-0.00960546$ & $-0.0169491$ & $-0.0284537$ & $-0.0265413$ & $-0.00260785$ & $0.0128295$ & $1$ & $-0.0247934$ \\
eHbbpar & $-0.0514247$ & $0.0163764$ & $-0.00320252$ & $-0.0233981$ & $0.022271$ & $-0.0124516$ & $0.00759762$ & $0.00159071$ & $0.00187329$ & $-0.0201773$ & $0.00447318$ & $-0.00964992$ & $0.00901867$ & $-0.0200657$ & $-0.0102616$ & $-0.0186815$ & $-0.000619685$ & $0.00139091$ & $-0.00867177$ & $-0.00153196$ & $0.0172098$ & $-0.00314674$ & $-0.0118133$ & $0.00821682$ & $0.00243151$ & $0.00297063$ & $0.00902336$ & $-0.00852228$ & $-0.017272$ & $-0.00136401$ & $-0.0163589$ & $0.0188218$ & $0.373836$ & $0.0161377$ & $0.0597778$ & $-0.0129621$ & $0.0115805$ & $0.00719316$ & $-0.0247934$ & $1$ \\
