 & AlsMz & dAle5Mz & mtop & mHl & Mz & CW & CHG & CHWB & CHWHB_gaga & CHWHB_gagaorth & CHD & CHbox & CH & CHL1_11 & CHL1_22 & CHL1_33 & CHL3_11 & CHL3_22 & CHL3_33 & CHe_11 & CHe_22 & CHe_33 & CHQ1_11 & CHQ1_33 & CHQ3_11 & CHu_11 & CHd_11 & CHd_33 & CeH_22r & CeH_33r & CuH_22r & CuH_33r & CdH_33r & CLL_1221 & eHggint & eHggpar & eHWWint & eHWWpar & eHZZint & eHZZpar & eHZgaint & eHZgapar & eHgagaint & eHmumuint & eHtautauint & eHccint & eHccpar & eHbbint & eHbbpar \\
AlsMz & $1$ & $0.0610607$ & $0.0664116$ & $-0.0457632$ & $0.000608498$ & $-0.0148913$ & $0.00845291$ & $0.0105098$ & $0.0138139$ & $-0.0225818$ & $-0.00562796$ & $0.000821087$ & $0.0226696$ & $-0.0351501$ & $0.00283435$ & $0.00688473$ & $-0.00684487$ & $-0.0231321$ & $-0.0199802$ & $-0.000452151$ & $0.000340723$ & $0.00359981$ & $-0.000190617$ & $-0.0409086$ & $-0.104193$ & $-0.0531718$ & $-0.013853$ & $0.0683619$ & $-0.0135402$ & $-0.0172554$ & $0.0290871$ & $0.0132608$ & $0.0125956$ & $0.0169749$ & $0.135017$ & $-0.157866$ & $-0.175103$ & $0.0138472$ & $-0.0939354$ & $0.0067634$ & $-0.021801$ & $0.117999$ & $0.167891$ & $-0.0392285$ & $-0.0883781$ & $0.00558985$ & $0.0210281$ & $-0.234051$ & $0.0324733$ \\
dAle5Mz & $0.0610607$ & $1$ & $-0.0675102$ & $0.0515008$ & $-0.00900711$ & $0.0253642$ & $0.0335028$ & $-0.0580203$ & $-0.0582213$ & $0.0311658$ & $0.0536436$ & $0.0592806$ & $-0.0306409$ & $-0.028128$ & $-0.0259903$ & $-0.00786771$ & $-0.00611308$ & $0.00612126$ & $-0.00695999$ & $-0.0382978$ & $-0.0374408$ & $-0.0362066$ & $0.0225519$ & $-0.00140036$ & $-0.0133098$ & $0.0160914$ & $-0.0102102$ & $-0.0291404$ & $0.00851651$ & $0.0345567$ & $0.0424494$ & $0.0539406$ & $0.058343$ & $0.0213503$ & $-0.0181855$ & $0.0573089$ & $-0.226864$ & $0.0503164$ & $-0.167868$ & $-0.0346175$ & $-0.108606$ & $-0.0101278$ & $-0.159633$ & $0.116594$ & $-0.129625$ & $-0.0539823$ & $0.100778$ & $-0.121774$ & $0.0349581$ \\
mtop & $0.0664116$ & $-0.0675102$ & $1$ & $-0.0145063$ & $-0.00989846$ & $-0.0575372$ & $0.00930862$ & $0.0563507$ & $0.0576743$ & $-0.0168278$ & $-0.0621732$ & $-0.0427958$ & $0.0238045$ & $0.0438972$ & $-0.00983877$ & $-0.00961309$ & $0.0270263$ & $0.0272678$ & $0.0318634$ & $0.0630893$ & $0.0735488$ & $0.0786362$ & $-0.0108994$ & $-0.00184696$ & $0.0425745$ & $-0.0183476$ & $0.0875867$ & $0.0305903$ & $-0.00843777$ & $-0.0114786$ & $-0.0257993$ & $-0.0127521$ & $0.0883843$ & $0.0511993$ & $-0.200163$ & $0.0267002$ & $0.0833674$ & $-0.04332$ & $-0.0353653$ & $0.0359718$ & $0.10937$ & $0.0185198$ & $-0.038167$ & $-0.137455$ & $-0.124571$ & $-0.0277853$ & $-0.0963813$ & $0.101312$ & $0.186237$ \\
mHl & $-0.0457632$ & $0.0515008$ & $-0.0145063$ & $1$ & $0.00901146$ & $-0.0297335$ & $-0.0200417$ & $0.0368627$ & $0.0458721$ & $-0.0273099$ & $-0.0289156$ & $-0.0118462$ & $0.00118743$ & $-0.0252875$ & $0.0338431$ & $0.0113419$ & $-0.000330002$ & $-0.0402683$ & $-0.0236057$ & $0.0308995$ & $0.0312219$ & $0.0265818$ & $0.0384604$ & $-0.0158654$ & $-0.0297023$ & $-0.0318521$ & $0.00739376$ & $0.0194699$ & $-0.0390795$ & $-0.0615306$ & $-0.036674$ & $-0.0130296$ & $-0.0897942$ & $0.0118534$ & $0.16395$ & $0.0240648$ & $-0.0138104$ & $-0.0532496$ & $-0.0607453$ & $0.0834445$ & $-0.181023$ & $0.0267887$ & $0.288872$ & $0.158559$ & $-0.103241$ & $-0.271818$ & $-0.000293277$ & $-0.0710931$ & $-0.164768$ \\
Mz & $0.000608498$ & $-0.00900711$ & $-0.00989846$ & $0.00901146$ & $1$ & $0.00947786$ & $-0.0141097$ & $0.0190022$ & $0.0143248$ & $-0.0251444$ & $-0.00467485$ & $-0.0232306$ & $0.00808729$ & $0.00169934$ & $0.0181575$ & $0.011049$ & $-0.0175999$ & $-0.0243167$ & $-0.025355$ & $0.0130163$ & $0.012829$ & $0.00761337$ & $-0.0302636$ & $-0.0160526$ & $-0.0165859$ & $0.00769476$ & $0.00118491$ & $-0.0249669$ & $0.00769671$ & $0.00115408$ & $-0.0280064$ & $-0.0159704$ & $-0.0367261$ & $-0.0055137$ & $0.0247$ & $-0.0197618$ & $0.0264533$ & $-0.0128644$ & $-0.000491677$ & $0.0236761$ & $0.00699854$ & $-0.0257614$ & $-0.0139366$ & $0.00274963$ & $0.000626288$ & $-0.00721493$ & $-0.0708311$ & $0.00516447$ & $-0.056498$ \\
CW & $-0.0148913$ & $0.0253642$ & $-0.0575372$ & $-0.0297335$ & $0.00947786$ & $1$ & $-0.00615363$ & $-0.0845747$ & $-0.0779699$ & $-0.040699$ & $0.149521$ & $0.0193515$ & $0.0452977$ & $0.0316428$ & $-0.0695567$ & $-0.0772406$ & $-0.271727$ & $-0.0657266$ & $-0.0614729$ & $-0.147666$ & $-0.151149$ & $-0.152596$ & $-0.00972834$ & $-0.0177098$ & $-0.0979939$ & $0.0778874$ & $-0.0536992$ & $-0.055931$ & $0.00938503$ & $0.0256484$ & $0.0161612$ & $-0.00109511$ & $0.0192442$ & $-0.0972499$ & $-0.0585869$ & $-0.0293371$ & $0.0154839$ & $-0.015023$ & $0.0151278$ & $-0.0218885$ & $0.0415476$ & $-0.0258256$ & $-0.00271995$ & $0.0325819$ & $0.0331198$ & $-0.0063243$ & $-0.00604838$ & $0.0236388$ & $-0.00617058$ \\
CHG & $0.00845291$ & $0.0335028$ & $0.00930862$ & $-0.0200417$ & $-0.0141097$ & $-0.00615363$ & $1$ & $-0.102497$ & $-0.0481829$ & $0.0788471$ & $0.0529542$ & $-0.117433$ & $-0.307954$ & $0.056226$ & $-0.0239427$ & $-0.0117252$ & $0.106654$ & $0.108892$ & $0.0980761$ & $-0.0532657$ & $-0.0561115$ & $-0.0605272$ & $-0.0188383$ & $0.108492$ & $0.100929$ & $0.0384316$ & $-0.0414384$ & $-0.028282$ & $-0.0143656$ & $-0.131301$ & $-0.11857$ & $0.93508$ & $-0.176481$ & $-0.0513638$ & $0.00234357$ & $-0.000212106$ & $0.037474$ & $-0.0166321$ & $-0.0492424$ & $0.0358819$ & $0.00151413$ & $0.0276063$ & $-0.00354481$ & $-0.0136408$ & $0.0212876$ & $-0.0409123$ & $0.00220782$ & $-0.0435604$ & $-0.0258873$ \\
CHWB & $0.0105098$ & $-0.0580203$ & $0.0563507$ & $0.0368627$ & $0.0190022$ & $-0.0845747$ & $-0.102497$ & $1$ & $0.983459$ & $-0.54886$ & $-0.874531$ & $-0.114184$ & $0.344759$ & $0.101038$ & $0.29751$ & $0.319051$ & $-0.258739$ & $-0.445721$ & $-0.459062$ & $0.843656$ & $0.89368$ & $0.879219$ & $0.0364279$ & $-0.666251$ & $-0.436262$ & $-0.493436$ & $0.381864$ & $0.285394$ & $0.0207496$ & $0.0623734$ & $0.0236561$ & $-0.113182$ & $0.0902132$ & $0.53904$ & $0.00899958$ & $-0.0221388$ & $0.0153836$ & $-0.0198619$ & $0.04733$ & $-0.00269487$ & $-0.0389117$ & $0.0028257$ & $0.0421259$ & $0.0273807$ & $-0.00655875$ & $0.030207$ & $-0.0394639$ & $0.00344383$ & $0.00199452$ \\
CHWHB_gaga & $0.0138139$ & $-0.0582213$ & $0.0576743$ & $0.0458721$ & $0.0143248$ & $-0.0779699$ & $-0.0481829$ & $0.983459$ & $1$ & $-0.53945$ & $-0.857233$ & $-0.0963448$ & $0.340216$ & $0.0935223$ & $0.29306$ & $0.317632$ & $-0.261183$ & $-0.443608$ & $-0.458459$ & $0.827558$ & $0.87572$ & $0.862308$ & $0.0325882$ & $-0.659242$ & $-0.433891$ & $-0.482881$ & $0.373634$ & $0.281079$ & $0.0250749$ & $0.0810723$ & $0.0338817$ & $-0.0680886$ & $0.110522$ & $0.52932$ & $-0.00180476$ & $-0.0367089$ & $0.00640496$ & $-0.0201244$ & $0.0403996$ & $-0.00126166$ & $-0.035424$ & $0.00243261$ & $0.0786843$ & $0.0203789$ & $0.00962438$ & $0.0304021$ & $-0.0357431$ & $0.00570292$ & $-0.000704399$ \\
CHWHB_gagaorth & $-0.0225818$ & $0.0311658$ & $-0.0168278$ & $-0.0273099$ & $-0.0251444$ & $-0.040699$ & $0.0788471$ & $-0.54886$ & $-0.53945$ & $1$ & $0.328864$ & $0.512305$ & $-0.233702$ & $0.23435$ & $-0.120488$ & $-0.127986$ & $0.444124$ & $0.493172$ & $0.495897$ & $-0.315371$ & $-0.345899$ & $-0.340711$ & $-0.036858$ & $0.537742$ & $0.499368$ & $0.208004$ & $-0.193083$ & $-0.128688$ & $-0.0147765$ & $-0.0976158$ & $-0.0759395$ & $0.103373$ & $-0.118351$ & $-0.320966$ & $0.053059$ & $0.0688909$ & $0.055064$ & $0.0119639$ & $-0.0414583$ & $0.0202441$ & $-0.0220912$ & $0.0108736$ & $-0.0487935$ & $-0.00968242$ & $0.029542$ & $-0.00144609$ & $0.0249662$ & $-0.000587979$ & $0.0284618$ \\
CHD & $-0.00562796$ & $0.0536436$ & $-0.0621732$ & $-0.0289156$ & $-0.00467485$ & $0.149521$ & $0.0529542$ & $-0.874531$ & $-0.857233$ & $0.328864$ & $1$ & $0.20042$ & $-0.161991$ & $-0.521902$ & $-0.438416$ & $-0.445717$ & $-0.208094$ & $0.0793972$ & $0.0881151$ & $-0.989945$ & $-0.991041$ & $-0.966581$ & $0.012516$ & $0.292025$ & $0.0474102$ & $0.554102$ & $-0.236423$ & $-0.309976$ & $-0.00945704$ & $-0.0365858$ & $-0.0130469$ & $0.0678702$ & $-0.0483191$ & $-0.325797$ & $0.00744403$ & $0.00870188$ & $-0.0152206$ & $0.0259938$ & $-0.0448181$ & $0.00587189$ & $0.0338798$ & $0.00130392$ & $-0.0264702$ & $0.00992667$ & $-0.00694857$ & $-0.0158459$ & $0.00435558$ & $-0.0012892$ & $-0.00567865$ \\
CHbox & $0.000821087$ & $0.0592806$ & $-0.0427958$ & $-0.0118462$ & $-0.0232306$ & $0.0193515$ & $-0.117433$ & $-0.114184$ & $-0.0963448$ & $0.512305$ & $0.20042$ & $1$ & $0.382666$ & $-0.226206$ & $-0.0221956$ & $-0.0139439$ & $-0.179146$ & $-0.141376$ & $-0.14257$ & $-0.18183$ & $-0.205961$ & $-0.192112$ & $-0.0136884$ & $-0.0338597$ & $-0.131297$ & $0.12698$ & $-0.0739247$ & $-0.0687415$ & $0.0613083$ & $0.258203$ & $0.0393918$ & $-0.0299041$ & $0.311588$ & $-0.0752719$ & $0.0943837$ & $0.0662948$ & $0.0339131$ & $0.0270037$ & $-0.0295622$ & $-0.0154817$ & $-0.0524072$ & $0.00361092$ & $0.00116575$ & $-0.000851936$ & $0.00693632$ & $0.0138396$ & $-0.0181266$ & $-0.0158522$ & $0.0223353$ \\
CH & $0.0226696$ & $-0.0306409$ & $0.0238045$ & $0.00118743$ & $0.00808729$ & $0.0452977$ & $-0.307954$ & $0.344759$ & $0.340216$ & $-0.233702$ & $-0.161991$ & $0.382666$ & $1$ & $-0.234666$ & $0.0621915$ & $0.0694837$ & $-0.37028$ & $-0.382507$ & $-0.380148$ & $0.156394$ & $0.173379$ & $0.179485$ & $0.0216416$ & $-0.389129$ & $-0.367685$ & $-0.0877914$ & $0.149304$ & $0.045233$ & $0.0614174$ & $0.257866$ & $0.115276$ & $-0.259589$ & $0.348169$ & $0.207786$ & $0.0361849$ & $-0.015048$ & $0.00174571$ & $0.00747404$ & $0.0068354$ & $-0.0164798$ & $-0.040454$ & $-0.00520825$ & $0.0436719$ & $0.0339689$ & $0.00695826$ & $0.0286536$ & $-0.0406059$ & $-0.0131254$ & $0.0433044$ \\
CHL1_11 & $-0.0351501$ & $-0.028128$ & $0.0438972$ & $-0.0252875$ & $0.00169934$ & $0.0316428$ & $0.056226$ & $0.101038$ & $0.0935223$ & $0.23435$ & $-0.521902$ & $-0.226206$ & $-0.234666$ & $1$ & $0.292094$ & $0.278101$ & $0.660515$ & $0.583317$ & $0.58215$ & $0.540105$ & $0.482084$ & $0.456228$ & $-0.0714058$ & $0.46916$ & $0.592509$ & $-0.277405$ & $-0.11769$ & $0.130906$ & $-0.0207331$ & $-0.0213561$ & $-0.00998239$ & $0.0442664$ & $-0.046614$ & $-0.230641$ & $-0.0481781$ & $0.0176158$ & $0.0275917$ & $-0.0242636$ & $0.0150663$ & $-0.000230951$ & $0.0149989$ & $-0.00730076$ & $-0.029479$ & $-0.0415106$ & $0.0393179$ & $-0.0130416$ & $0.0483474$ & $0.00661279$ & $0.0177424$ \\
CHL1_22 & $0.00283435$ & $-0.0259903$ & $-0.00983877$ & $0.0338431$ & $0.0181575$ & $-0.0695567$ & $-0.0239427$ & $0.29751$ & $0.29306$ & $-0.120488$ & $-0.438416$ & $-0.0221956$ & $0.0621915$ & $0.292094$ & $1$ & $0.461335$ & $0.193318$ & $-0.440115$ & $-0.0166995$ & $0.507687$ & $0.354295$ & $0.340805$ & $-0.172255$ & $0.13059$ & $-0.110087$ & $-0.209657$ & $-0.42445$ & $0.11727$ & $0.0368396$ & $0.0306732$ & $-0.00208079$ & $-0.0255533$ & $0.0269843$ & $-0.615726$ & $-0.0100911$ & $0.0161181$ & $-0.0194041$ & $-0.0325294$ & $0.0128511$ & $0.0158091$ & $-0.0179729$ & $-0.0259129$ & $0.0318168$ & $-0.053497$ & $0.0279163$ & $-0.0348556$ & $0.0283277$ & $-0.0288887$ & $-0.00049989$ \\
CHL1_33 & $0.00688473$ & $-0.00786771$ & $-0.00961309$ & $0.0113419$ & $0.011049$ & $-0.0772406$ & $-0.0117252$ & $0.319051$ & $0.317632$ & $-0.127986$ & $-0.445717$ & $-0.0139439$ & $0.0694837$ & $0.278101$ & $0.461335$ & $1$ & $0.168182$ & $-0.0405289$ & $-0.434923$ & $0.50849$ & $0.365911$ & $0.37369$ & $-0.158199$ & $0.101255$ & $-0.12812$ & $-0.230927$ & $-0.396562$ & $0.129002$ & $0.0462096$ & $0.00477309$ & $0.0203635$ & $-0.0117537$ & $0.025506$ & $-0.103724$ & $0.00570332$ & $0.0275027$ & $-0.0170638$ & $-0.000335171$ & $-1.38914e-05$ & $-0.000589061$ & $-0.012849$ & $0.0270623$ & $0.0744159$ & $-0.0444191$ & $-0.00735524$ & $-0.0653211$ & $0.0233011$ & $-0.00184898$ & $-0.00290268$ \\
CHL3_11 & $-0.00684487$ & $-0.00611308$ & $0.0270263$ & $-0.000330002$ & $-0.0175999$ & $-0.271727$ & $0.106654$ & $-0.258739$ & $-0.261183$ & $0.444124$ & $-0.208094$ & $-0.179146$ & $-0.37028$ & $0.660515$ & $0.193318$ & $0.168182$ & $1$ & $0.727588$ & $0.734747$ & $0.233918$ & $0.171979$ & $0.153782$ & $-0.0731818$ & $0.693233$ & $0.781385$ & $-0.0964059$ & $-0.188384$ & $0.0449$ & $-0.0268406$ & $-0.0615379$ & $-0.0328245$ & $0.0960896$ & $-0.0934228$ & $-0.289064$ & $-0.0171237$ & $0.024922$ & $-0.000189503$ & $-0.0111797$ & $-0.00309935$ & $-0.00283559$ & $0.0067925$ & $-0.0108653$ & $-0.0386403$ & $-0.0786949$ & $0.00247745$ & $-0.0166156$ & $0.0542974$ & $-0.00144671$ & $0.00286216$ \\
CHL3_22 & $-0.0231321$ & $0.00612126$ & $0.0272678$ & $-0.0402683$ & $-0.0243167$ & $-0.0657266$ & $0.108892$ & $-0.445721$ & $-0.443608$ & $0.493172$ & $0.0793972$ & $-0.141376$ & $-0.382507$ & $0.583317$ & $-0.440115$ & $-0.0405289$ & $0.727588$ & $1$ & $0.671217$ & $-0.0833189$ & $-0.0747238$ & $-0.0820798$ & $0.021666$ & $0.615954$ & $0.794749$ & $0.0363879$ & $0.00440814$ & $-0.0393116$ & $-0.0448959$ & $-0.0706398$ & $-0.0190096$ & $0.10235$ & $-0.0976017$ & $0.036928$ & $-0.0244344$ & $0.0147407$ & $0.0197089$ & $0.00999361$ & $-0.010856$ & $-0.0160825$ & $0.0283759$ & $0.0116704$ & $-0.0475897$ & $-0.0353811$ & $0.00539194$ & $-0.00567959$ & $0.0410384$ & $0.0224142$ & $0.00660479$ \\
CHL3_33 & $-0.0199802$ & $-0.00695999$ & $0.0318634$ & $-0.0236057$ & $-0.025355$ & $-0.0614729$ & $0.0980761$ & $-0.459062$ & $-0.458459$ & $0.495897$ & $0.0881151$ & $-0.14257$ & $-0.380148$ & $0.58215$ & $-0.0166995$ & $-0.434923$ & $0.734747$ & $0.671217$ & $1$ & $-0.087135$ & $-0.0856683$ & $-0.0859003$ & $0.0116473$ & $0.628181$ & $0.801562$ & $0.0560913$ & $-0.0117272$ & $-0.0456031$ & $-0.0486308$ & $-0.0525825$ & $-0.0374108$ & $0.0892139$ & $-0.0944866$ & $-0.365353$ & $-0.0349064$ & $0.00997225$ & $0.022484$ & $-0.0120873$ & $0.00071747$ & $0.002119$ & $0.0221389$ & $-0.0274097$ & $-0.0730697$ & $-0.0442468$ & $0.0354204$ & $0.0172262$ & $0.0447349$ & $0.00564298$ & $0.015524$ \\
CHe_11 & $-0.000452151$ & $-0.0382978$ & $0.0630893$ & $0.0308995$ & $0.0130163$ & $-0.147666$ & $-0.0532657$ & $0.843656$ & $0.827558$ & $-0.315371$ & $-0.989945$ & $-0.18183$ & $0.156394$ & $0.540105$ & $0.507687$ & $0.50849$ & $0.233918$ & $-0.0833189$ & $-0.087135$ & $1$ & $0.97142$ & $0.947101$ & $-0.0318651$ & $-0.234727$ & $-0.0376116$ & $-0.549043$ & $0.1578$ & $0.303433$ & $0.0147981$ & $0.0371195$ & $0.014954$ & $-0.0662548$ & $0.0495642$ & $0.240947$ & $-0.0132763$ & $-0.00215188$ & $0.0103794$ & $-0.0232909$ & $0.0411248$ & $-0.00839452$ & $-0.0341494$ & $-0.00200662$ & $0.028554$ & $-0.014943$ & $0.0113559$ & $0.00457946$ & $0.000616297$ & $0.00116013$ & $0.00527473$ \\
CHe_22 & $0.000340723$ & $-0.0374408$ & $0.0735488$ & $0.0312219$ & $0.012829$ & $-0.151149$ & $-0.0561115$ & $0.89368$ & $0.87572$ & $-0.345899$ & $-0.991041$ & $-0.205961$ & $0.173379$ & $0.482084$ & $0.354295$ & $0.365911$ & $0.171979$ & $-0.0747238$ & $-0.0856683$ & $0.97142$ & $1$ & $0.97274$ & $0.0118978$ & $-0.349948$ & $-0.0568603$ & $-0.552816$ & $0.319828$ & $0.309903$ & $0.00640749$ & $0.0378215$ & $0.0126705$ & $-0.0718674$ & $0.0503485$ & $0.414267$ & $-0.00841085$ & $-0.0113309$ & $0.0164296$ & $-0.0240076$ & $0.0433717$ & $-0.00699759$ & $-0.0366015$ & $-0.00315282$ & $0.0171822$ & $0.000911044$ & $0.000142228$ & $0.0216526$ & $-0.0111469$ & $0.00313873$ & $0.00673007$ \\
CHe_33 & $0.00359981$ & $-0.0362066$ & $0.0786362$ & $0.0265818$ & $0.00761337$ & $-0.152596$ & $-0.0605272$ & $0.879219$ & $0.862308$ & $-0.340711$ & $-0.966581$ & $-0.192112$ & $0.179485$ & $0.456228$ & $0.340805$ & $0.37369$ & $0.153782$ & $-0.0820798$ & $-0.0859003$ & $0.947101$ & $0.97274$ & $1$ & $0.0125728$ & $-0.355393$ & $-0.0627483$ & $-0.53687$ & $0.323926$ & $0.309603$ & $0.00699796$ & $0.0358742$ & $0.0122022$ & $-0.0759605$ & $0.0493133$ & $0.416307$ & $-0.0005452$ & $-0.0080008$ & $0.0246778$ & $-0.0228159$ & $0.0441153$ & $-0.00500387$ & $-0.0398482$ & $-0.000575125$ & $0.0269618$ & $-0.000841474$ & $-0.00276531$ & $0.0198952$ & $-0.00559438$ & $0.00251478$ & $0.00852215$ \\
CHQ1_11 & $-0.000190617$ & $0.0225519$ & $-0.0108994$ & $0.0384604$ & $-0.0302636$ & $-0.00972834$ & $-0.0188383$ & $0.0364279$ & $0.0325882$ & $-0.036858$ & $0.012516$ & $-0.0136884$ & $0.0216416$ & $-0.0714058$ & $-0.172255$ & $-0.158199$ & $-0.0731818$ & $0.021666$ & $0.0116473$ & $-0.0318651$ & $0.0118978$ & $0.0125728$ & $1$ & $-0.107249$ & $0.089937$ & $-0.666773$ & $0.33376$ & $0.0382215$ & $-0.0352312$ & $0.0120038$ & $0.00500442$ & $-0.00568077$ & $0.00865089$ & $0.173784$ & $0.0508416$ & $0.000433403$ & $-0.0173442$ & $0.0075423$ & $0.0284815$ & $-0.00148146$ & $-0.0625542$ & $-0.0339191$ & $0.0418948$ & $0.0350234$ & $0.000326979$ & $0.014426$ & $0.037329$ & $0.00795949$ & $-0.00486814$ \\
CHQ1_33 & $-0.0409086$ & $-0.00140036$ & $-0.00184696$ & $-0.0158654$ & $-0.0160526$ & $-0.0177098$ & $0.108492$ & $-0.666251$ & $-0.659242$ & $0.537742$ & $0.292025$ & $-0.0338597$ & $-0.389129$ & $0.46916$ & $0.13059$ & $0.101255$ & $0.693233$ & $0.615954$ & $0.628181$ & $-0.234727$ & $-0.349948$ & $-0.355393$ & $-0.107249$ & $1$ & $0.650533$ & $0.178796$ & $-0.424267$ & $-0.0166929$ & $-0.00966458$ & $-0.0641842$ & $-0.0276777$ & $0.10259$ & $-0.103831$ & $-0.632623$ & $-0.0363313$ & $0.0444636$ & $0.00326435$ & $0.00940197$ & $-0.0267732$ & $0.00633504$ & $0.0162815$ & $-0.0129614$ & $-0.0206825$ & $-0.0682354$ & $0.028505$ & $-0.0401583$ & $0.0625525$ & $0.0131955$ & $-0.000947923$ \\
CHQ3_11 & $-0.104193$ & $-0.0133098$ & $0.0425745$ & $-0.0297023$ & $-0.0165859$ & $-0.0979939$ & $0.100929$ & $-0.436262$ & $-0.433891$ & $0.499368$ & $0.0474102$ & $-0.131297$ & $-0.367685$ & $0.592509$ & $-0.110087$ & $-0.12812$ & $0.781385$ & $0.794749$ & $0.801562$ & $-0.0376116$ & $-0.0568603$ & $-0.0627483$ & $0.089937$ & $0.650533$ & $1$ & $0.034152$ & $0.180732$ & $-0.0413086$ & $-0.0428253$ & $-0.0627856$ & $-0.0243424$ & $0.0953014$ & $-0.0863574$ & $-0.23752$ & $-0.0194151$ & $0.0413669$ & $0.0615484$ & $0.00270416$ & $-0.00859791$ & $0.0149893$ & $0.00646924$ & $-0.0318136$ & $-0.0700939$ & $-0.0301819$ & $0.0379688$ & $0.0190603$ & $0.0278115$ & $0.0406734$ & $0.0240231$ \\
CHu_11 & $-0.0531718$ & $0.0160914$ & $-0.0183476$ & $-0.0318521$ & $0.00769476$ & $0.0778874$ & $0.0384316$ & $-0.493436$ & $-0.482881$ & $0.208004$ & $0.554102$ & $0.12698$ & $-0.0877914$ & $-0.277405$ & $-0.209657$ & $-0.230927$ & $-0.0964059$ & $0.0363879$ & $0.0560913$ & $-0.549043$ & $-0.552816$ & $-0.53687$ & $-0.666773$ & $0.178796$ & $0.034152$ & $1$ & $-0.127477$ & $-0.191892$ & $0.0179848$ & $-0.0211593$ & $-0.0174072$ & $0.0415774$ & $-0.0072025$ & $-0.214975$ & $-0.0384034$ & $0.0159007$ & $0.0223347$ & $0.00299852$ & $-0.0508499$ & $0.0139793$ & $0.0631695$ & $0.0284509$ & $-0.0698465$ & $-0.00201341$ & $-0.000708389$ & $0.012889$ & $-0.0470785$ & $0.0239267$ & $0.031397$ \\
CHd_11 & $-0.013853$ & $-0.0102102$ & $0.0875867$ & $0.00739376$ & $0.00118491$ & $-0.0536992$ & $-0.0414384$ & $0.381864$ & $0.373634$ & $-0.193083$ & $-0.236423$ & $-0.0739247$ & $0.149304$ & $-0.11769$ & $-0.42445$ & $-0.396562$ & $-0.188384$ & $0.00440814$ & $-0.0117272$ & $0.1578$ & $0.319828$ & $0.323926$ & $0.33376$ & $-0.424267$ & $0.180732$ & $-0.127477$ & $1$ & $0.0820106$ & $-0.029852$ & $0.0158434$ & $0.0112612$ & $-0.0473744$ & $0.0437731$ & $0.672204$ & $0.0304227$ & $-0.0058576$ & $0.0657112$ & $0.0120648$ & $0.00787242$ & $0.0219038$ & $-0.0452955$ & $-0.0181901$ & $-0.0249495$ & $0.0736149$ & $0.00106547$ & $0.0978374$ & $-0.0624523$ & $0.0437699$ & $0.0353575$ \\
CHd_33 & $0.0683619$ & $-0.0291404$ & $0.0305903$ & $0.0194699$ & $-0.0249669$ & $-0.055931$ & $-0.028282$ & $0.285394$ & $0.281079$ & $-0.128688$ & $-0.309976$ & $-0.0687415$ & $0.045233$ & $0.130906$ & $0.11727$ & $0.129002$ & $0.0449$ & $-0.0393116$ & $-0.0456031$ & $0.303433$ & $0.309903$ & $0.309603$ & $0.0382215$ & $-0.0166929$ & $-0.0413086$ & $-0.191892$ & $0.0820106$ & $1$ & $0.0384541$ & $0.0243342$ & $-0.00950197$ & $-0.0419471$ & $0.0195721$ & $0.131477$ & $-0.00810335$ & $-0.0135106$ & $-0.00548384$ & $-0.0183581$ & $0.0313412$ & $-0.00154806$ & $-0.0133929$ & $0.0131617$ & $0.0183289$ & $0.00733605$ & $-0.0111807$ & $0.0157353$ & $-0.000801589$ & $-0.0227993$ & $0.0117404$ \\
CeH_22r & $-0.0135402$ & $0.00851651$ & $-0.00843777$ & $-0.0390795$ & $0.00769671$ & $0.00938503$ & $-0.0143656$ & $0.0207496$ & $0.0250749$ & $-0.0147765$ & $-0.00945704$ & $0.0613083$ & $0.0614174$ & $-0.0207331$ & $0.0368396$ & $0.0462096$ & $-0.0268406$ & $-0.0448959$ & $-0.0486308$ & $0.0147981$ & $0.00640749$ & $0.00699796$ & $-0.0352312$ & $-0.00966458$ & $-0.0428253$ & $0.0179848$ & $-0.029852$ & $0.0384541$ & $1$ & $0.0611197$ & $-0.0112704$ & $-0.0281149$ & $0.0741235$ & $-0.014139$ & $-0.0551356$ & $-0.0369036$ & $-0.0338955$ & $-0.0120119$ & $0.00472797$ & $-0.0256303$ & $-0.00967691$ & $-0.0242047$ & $-0.0409223$ & $0.0397713$ & $-0.0197261$ & $0.00935256$ & $-0.0119778$ & $0.0125444$ & $0.0239299$ \\
CeH_33r & $-0.0172554$ & $0.0345567$ & $-0.0114786$ & $-0.0615306$ & $0.00115408$ & $0.0256484$ & $-0.131301$ & $0.0623734$ & $0.0810723$ & $-0.0976158$ & $-0.0365858$ & $0.258203$ & $0.257866$ & $-0.0213561$ & $0.0306732$ & $0.00477309$ & $-0.0615379$ & $-0.0706398$ & $-0.0525825$ & $0.0371195$ & $0.0378215$ & $0.0358742$ & $0.0120038$ & $-0.0641842$ & $-0.0627856$ & $-0.0211593$ & $0.0158434$ & $0.0243342$ & $0.0611197$ & $1$ & $0.316803$ & $0.0224505$ & $0.666774$ & $0.0188118$ & $-0.0493174$ & $-0.0876367$ & $-0.12834$ & $-0.0202283$ & $-0.0126367$ & $-0.053802$ & $-0.0227369$ & $-0.00591125$ & $-0.00965966$ & $-0.0406164$ & $0.0292446$ & $0.03601$ & $0.0168073$ & $-0.0385926$ & $0.0359159$ \\
CuH_22r & $0.0290871$ & $0.0424494$ & $-0.0257993$ & $-0.036674$ & $-0.0280064$ & $0.0161612$ & $-0.11857$ & $0.0236561$ & $0.0338817$ & $-0.0759395$ & $-0.0130469$ & $0.0393918$ & $0.115276$ & $-0.00998239$ & $-0.00208079$ & $0.0203635$ & $-0.0328245$ & $-0.0190096$ & $-0.0374108$ & $0.014954$ & $0.0126705$ & $0.0122022$ & $0.00500442$ & $-0.0276777$ & $-0.0243424$ & $-0.0174072$ & $0.0112612$ & $-0.00950197$ & $-0.0112704$ & $0.316803$ & $1$ & $-0.0327944$ & $0.350147$ & $0.0183886$ & $-0.0825077$ & $-0.0178276$ & $-0.138855$ & $-0.0107813$ & $-0.0882457$ & $-0.0596179$ & $-0.0284169$ & $0.0221706$ & $0.0192757$ & $-0.0666337$ & $0.0403653$ & $0.0481841$ & $0.310511$ & $-0.020693$ & $-0.0247166$ \\
CuH_33r & $0.0132608$ & $0.0539406$ & $-0.0127521$ & $-0.0130296$ & $-0.0159704$ & $-0.00109511$ & $0.93508$ & $-0.113182$ & $-0.0680886$ & $0.103373$ & $0.0678702$ & $-0.0299041$ & $-0.259589$ & $0.0442664$ & $-0.0255533$ & $-0.0117537$ & $0.0960896$ & $0.10235$ & $0.0892139$ & $-0.0662548$ & $-0.0718674$ & $-0.0759605$ & $-0.00568077$ & $0.10259$ & $0.0953014$ & $0.0415774$ & $-0.0473744$ & $-0.0419471$ & $-0.0281149$ & $0.0224505$ & $-0.0327944$ & $1$ & $0.00846183$ & $-0.0582117$ & $0.0656298$ & $0.0421782$ & $0.0263935$ & $-0.0158596$ & $-0.0516112$ & $0.0198135$ & $-0.0184955$ & $0.0244297$ & $0.0153791$ & $-0.0213839$ & $0.00824447$ & $-0.0549013$ & $-0.00800674$ & $-0.0587385$ & $-0.0104922$ \\
CdH_33r & $0.0125956$ & $0.058343$ & $0.0883843$ & $-0.0897942$ & $-0.0367261$ & $0.0192442$ & $-0.176481$ & $0.0902132$ & $0.110522$ & $-0.118351$ & $-0.0483191$ & $0.311588$ & $0.348169$ & $-0.046614$ & $0.0269843$ & $0.025506$ & $-0.0934228$ & $-0.0976017$ & $-0.0944866$ & $0.0495642$ & $0.0503485$ & $0.0493133$ & $0.00865089$ & $-0.103831$ & $-0.0863574$ & $-0.0072025$ & $0.0437731$ & $0.0195721$ & $0.0741235$ & $0.666774$ & $0.350147$ & $0.00846183$ & $1$ & $0.0456127$ & $-0.130929$ & $-0.0199058$ & $-0.155549$ & $-0.00241515$ & $-0.0200973$ & $-0.0467041$ & $-0.0354492$ & $0.0267447$ & $-0.0399313$ & $-0.109696$ & $-0.0150342$ & $0.109496$ & $-0.0431168$ & $0.101339$ & $0.450193$ \\
CLL_1221 & $0.0169749$ & $0.0213503$ & $0.0511993$ & $0.0118534$ & $-0.0055137$ & $-0.0972499$ & $-0.0513638$ & $0.53904$ & $0.52932$ & $-0.320966$ & $-0.325797$ & $-0.0752719$ & $0.207786$ & $-0.230641$ & $-0.615726$ & $-0.103724$ & $-0.289064$ & $0.036928$ & $-0.365353$ & $0.240947$ & $0.414267$ & $0.416307$ & $0.173784$ & $-0.632623$ & $-0.23752$ & $-0.214975$ & $0.672204$ & $0.131477$ & $-0.014139$ & $0.0188118$ & $0.0183886$ & $-0.0582117$ & $0.0456127$ & $1$ & $0.0268443$ & $-0.0285661$ & $0.012308$ & $0.0140185$ & $0.0179333$ & $-0.0168492$ & $-0.0230839$ & $0.0246464$ & $0.000751616$ & $0.0642607$ & $-0.0497317$ & $0.0522586$ & $-0.0522451$ & $0.0194845$ & $0.000487419$ \\
eHggint & $0.135017$ & $-0.0181855$ & $-0.200163$ & $0.16395$ & $0.0247$ & $-0.0585869$ & $0.00234357$ & $0.00899958$ & $-0.00180476$ & $0.053059$ & $0.00744403$ & $0.0943837$ & $0.0361849$ & $-0.0481781$ & $-0.0100911$ & $0.00570332$ & $-0.0171237$ & $-0.0244344$ & $-0.0349064$ & $-0.0132763$ & $-0.00841085$ & $-0.0005452$ & $0.0508416$ & $-0.0363313$ & $-0.0194151$ & $-0.0384034$ & $0.0304227$ & $-0.00810335$ & $-0.0551356$ & $-0.0493174$ & $-0.0825077$ & $0.0656298$ & $-0.130929$ & $0.0268443$ & $1$ & $0.131671$ & $-0.032225$ & $-0.01487$ & $-0.13907$ & $0.025976$ & $-0.188394$ & $-0.0109396$ & $0.162996$ & $0.0292458$ & $-0.119078$ & $-0.214864$ & $-0.147166$ & $-0.110634$ & $-0.192796$ \\
eHggpar & $-0.157866$ & $0.0573089$ & $0.0267002$ & $0.0240648$ & $-0.0197618$ & $-0.0293371$ & $-0.000212106$ & $-0.0221388$ & $-0.0367089$ & $0.0688909$ & $0.00870188$ & $0.0662948$ & $-0.015048$ & $0.0176158$ & $0.0161181$ & $0.0275027$ & $0.024922$ & $0.0147407$ & $0.00997225$ & $-0.00215188$ & $-0.0113309$ & $-0.0080008$ & $0.000433403$ & $0.0444636$ & $0.0413669$ & $0.0159007$ & $-0.0058576$ & $-0.0135106$ & $-0.0369036$ & $-0.0876367$ & $-0.0178276$ & $0.0421782$ & $-0.0199058$ & $-0.0285661$ & $0.131671$ & $1$ & $0.337076$ & $-4.34521e-05$ & $-0.113137$ & $0.0231451$ & $0.0424503$ & $-0.0538094$ & $-0.0627806$ & $0.0996645$ & $-0.0416236$ & $-0.0368379$ & $0.0379437$ & $0.0436361$ & $0.112559$ \\
eHWWint & $-0.175103$ & $-0.226864$ & $0.0833674$ & $-0.0138104$ & $0.0264533$ & $0.0154839$ & $0.037474$ & $0.0153836$ & $0.00640496$ & $0.055064$ & $-0.0152206$ & $0.0339131$ & $0.00174571$ & $0.0275917$ & $-0.0194041$ & $-0.0170638$ & $-0.000189503$ & $0.0197089$ & $0.022484$ & $0.0103794$ & $0.0164296$ & $0.0246778$ & $-0.0173442$ & $0.00326435$ & $0.0615484$ & $0.0223347$ & $0.0657112$ & $-0.00548384$ & $-0.0338955$ & $-0.12834$ & $-0.138855$ & $0.0263935$ & $-0.155549$ & $0.012308$ & $-0.032225$ & $0.337076$ & $1$ & $-0.00859422$ & $0.139702$ & $0.0276499$ & $0.0859664$ & $-0.0304152$ & $0.00590543$ & $0.100942$ & $0.110018$ & $-0.0114135$ & $-0.1449$ & $0.0525918$ & $-0.0216664$ \\
eHWWpar & $0.0138472$ & $0.0503164$ & $-0.04332$ & $-0.0532496$ & $-0.0128644$ & $-0.015023$ & $-0.0166321$ & $-0.0198619$ & $-0.0201244$ & $0.0119639$ & $0.0259938$ & $0.0270037$ & $0.00747404$ & $-0.0242636$ & $-0.0325294$ & $-0.000335171$ & $-0.0111797$ & $0.00999361$ & $-0.0120873$ & $-0.0232909$ & $-0.0240076$ & $-0.0228159$ & $0.0075423$ & $0.00940197$ & $0.00270416$ & $0.00299852$ & $0.0120648$ & $-0.0183581$ & $-0.0120119$ & $-0.0202283$ & $-0.0107813$ & $-0.0158596$ & $-0.00241515$ & $0.0140185$ & $-0.01487$ & $-4.34521e-05$ & $-0.00859422$ & $1$ & $-0.00983605$ & $-0.0207193$ & $-0.0367031$ & $-0.0156556$ & $-0.0436916$ & $0.0445098$ & $-0.0345833$ & $0.038877$ & $-0.0294024$ & $0.0123511$ & $0.0369557$ \\
eHZZint & $-0.0939354$ & $-0.167868$ & $-0.0353653$ & $-0.0607453$ & $-0.000491677$ & $0.0151278$ & $-0.0492424$ & $0.04733$ & $0.0403996$ & $-0.0414583$ & $-0.0448181$ & $-0.0295622$ & $0.0068354$ & $0.0150663$ & $0.0128511$ & $-1.38914e-05$ & $-0.00309935$ & $-0.010856$ & $0.00071747$ & $0.0411248$ & $0.0433717$ & $0.0441153$ & $0.0284815$ & $-0.0267732$ & $-0.00859791$ & $-0.0508499$ & $0.00787242$ & $0.0313412$ & $0.00472797$ & $-0.0126367$ & $-0.0882457$ & $-0.0516112$ & $-0.0200973$ & $0.0179333$ & $-0.13907$ & $-0.113137$ & $0.139702$ & $-0.00983605$ & $1$ & $-0.0850885$ & $0.0256248$ & $-0.0543268$ & $-0.0664424$ & $-0.224456$ & $-0.0320512$ & $0.076205$ & $-0.158039$ & $-0.0368365$ & $0.00112684$ \\
eHZZpar & $0.0067634$ & $-0.0346175$ & $0.0359718$ & $0.0834445$ & $0.0236761$ & $-0.0218885$ & $0.0358819$ & $-0.00269487$ & $-0.00126166$ & $0.0202441$ & $0.00587189$ & $-0.0154817$ & $-0.0164798$ & $-0.000230951$ & $0.0158091$ & $-0.000589061$ & $-0.00283559$ & $-0.0160825$ & $0.002119$ & $-0.00839452$ & $-0.00699759$ & $-0.00500387$ & $-0.00148146$ & $0.00633504$ & $0.0149893$ & $0.0139793$ & $0.0219038$ & $-0.00154806$ & $-0.0256303$ & $-0.053802$ & $-0.0596179$ & $0.0198135$ & $-0.0467041$ & $-0.0168492$ & $0.025976$ & $0.0231451$ & $0.0276499$ & $-0.0207193$ & $-0.0850885$ & $1$ & $-0.0211196$ & $0.00899996$ & $-0.0454136$ & $0.0786627$ & $-0.0406251$ & $-0.0217752$ & $-0.0815959$ & $0.00534618$ & $0.0274307$ \\
eHZgaint & $-0.021801$ & $-0.108606$ & $0.10937$ & $-0.181023$ & $0.00699854$ & $0.0415476$ & $0.00151413$ & $-0.0389117$ & $-0.035424$ & $-0.0220912$ & $0.0338798$ & $-0.0524072$ & $-0.040454$ & $0.0149989$ & $-0.0179729$ & $-0.012849$ & $0.0067925$ & $0.0283759$ & $0.0221389$ & $-0.0341494$ & $-0.0366015$ & $-0.0398482$ & $-0.0625542$ & $0.0162815$ & $0.00646924$ & $0.0631695$ & $-0.0452955$ & $-0.0133929$ & $-0.00967691$ & $-0.0227369$ & $-0.0284169$ & $-0.0184955$ & $-0.0354492$ & $-0.0230839$ & $-0.188394$ & $0.0424503$ & $0.0859664$ & $-0.0367031$ & $0.0256248$ & $-0.0211196$ & $1$ & $0.00517661$ & $-0.029793$ & $-0.042914$ & $0.000801838$ & $0.083943$ & $-0.115564$ & $0.208591$ & $-0.0501982$ \\
eHZgapar & $0.117999$ & $-0.0101278$ & $0.0185198$ & $0.0267887$ & $-0.0257614$ & $-0.0258256$ & $0.0276063$ & $0.0028257$ & $0.00243261$ & $0.0108736$ & $0.00130392$ & $0.00361092$ & $-0.00520825$ & $-0.00730076$ & $-0.0259129$ & $0.0270623$ & $-0.0108653$ & $0.0116704$ & $-0.0274097$ & $-0.00200662$ & $-0.00315282$ & $-0.000575125$ & $-0.0339191$ & $-0.0129614$ & $-0.0318136$ & $0.0284509$ & $-0.0181901$ & $0.0131617$ & $-0.0242047$ & $-0.00591125$ & $0.0221706$ & $0.0244297$ & $0.0267447$ & $0.0246464$ & $-0.0109396$ & $-0.0538094$ & $-0.0304152$ & $-0.0156556$ & $-0.0543268$ & $0.00899996$ & $0.00517661$ & $1$ & $-0.0157485$ & $0.0356313$ & $0.0424099$ & $0.0161747$ & $-0.011356$ & $-0.0531047$ & $0.0779204$ \\
eHgagaint & $0.167891$ & $-0.159633$ & $-0.038167$ & $0.288872$ & $-0.0139366$ & $-0.00271995$ & $-0.00354481$ & $0.0421259$ & $0.0786843$ & $-0.0487935$ & $-0.0264702$ & $0.00116575$ & $0.0436719$ & $-0.029479$ & $0.0318168$ & $0.0744159$ & $-0.0386403$ & $-0.0475897$ & $-0.0730697$ & $0.028554$ & $0.0171822$ & $0.0269618$ & $0.0418948$ & $-0.0206825$ & $-0.0700939$ & $-0.0698465$ & $-0.0249495$ & $0.0183289$ & $-0.0409223$ & $-0.00965966$ & $0.0192757$ & $0.0153791$ & $-0.0399313$ & $0.000751616$ & $0.162996$ & $-0.0627806$ & $0.00590543$ & $-0.0436916$ & $-0.0664424$ & $-0.0454136$ & $-0.029793$ & $-0.0157485$ & $1$ & $-0.0489683$ & $0.180945$ & $-0.156576$ & $-0.0329487$ & $0.0350566$ & $-0.153229$ \\
eHmumuint & $-0.0392285$ & $0.116594$ & $-0.137455$ & $0.158559$ & $0.00274963$ & $0.0325819$ & $-0.0136408$ & $0.0273807$ & $0.0203789$ & $-0.00968242$ & $0.00992667$ & $-0.000851936$ & $0.0339689$ & $-0.0415106$ & $-0.053497$ & $-0.0444191$ & $-0.0786949$ & $-0.0353811$ & $-0.0442468$ & $-0.014943$ & $0.000911044$ & $-0.000841474$ & $0.0350234$ & $-0.0682354$ & $-0.0301819$ & $-0.00201341$ & $0.0736149$ & $0.00733605$ & $0.0397713$ & $-0.0406164$ & $-0.0666337$ & $-0.0213839$ & $-0.109696$ & $0.0642607$ & $0.0292458$ & $0.0996645$ & $0.100942$ & $0.0445098$ & $-0.224456$ & $0.0786627$ & $-0.042914$ & $0.0356313$ & $-0.0489683$ & $1$ & $-0.00548746$ & $-0.28616$ & $-0.0294583$ & $-0.10166$ & $-0.115471$ \\
eHtautauint & $-0.0883781$ & $-0.129625$ & $-0.124571$ & $-0.103241$ & $0.000626288$ & $0.0331198$ & $0.0212876$ & $-0.00655875$ & $0.00962438$ & $0.029542$ & $-0.00694857$ & $0.00693632$ & $0.00695826$ & $0.0393179$ & $0.0279163$ & $-0.00735524$ & $0.00247745$ & $0.00539194$ & $0.0354204$ & $0.0113559$ & $0.000142228$ & $-0.00276531$ & $0.000326979$ & $0.028505$ & $0.0379688$ & $-0.000708389$ & $0.00106547$ & $-0.0111807$ & $-0.0197261$ & $0.0292446$ & $0.0403653$ & $0.00824447$ & $-0.0150342$ & $-0.0497317$ & $-0.119078$ & $-0.0416236$ & $0.110018$ & $-0.0345833$ & $-0.0320512$ & $-0.0406251$ & $0.000801838$ & $0.0424099$ & $0.180945$ & $-0.00548746$ & $1$ & $-0.00456968$ & $0.1467$ & $0.0659392$ & $0.0247674$ \\
eHccint & $0.00558985$ & $-0.0539823$ & $-0.0277853$ & $-0.271818$ & $-0.00721493$ & $-0.0063243$ & $-0.0409123$ & $0.030207$ & $0.0304021$ & $-0.00144609$ & $-0.0158459$ & $0.0138396$ & $0.0286536$ & $-0.0130416$ & $-0.0348556$ & $-0.0653211$ & $-0.0166156$ & $-0.00567959$ & $0.0172262$ & $0.00457946$ & $0.0216526$ & $0.0198952$ & $0.014426$ & $-0.0401583$ & $0.0190603$ & $0.012889$ & $0.0978374$ & $0.0157353$ & $0.00935256$ & $0.03601$ & $0.0481841$ & $-0.0549013$ & $0.109496$ & $0.0522586$ & $-0.214864$ & $-0.0368379$ & $-0.0114135$ & $0.038877$ & $0.076205$ & $-0.0217752$ & $0.083943$ & $0.0161747$ & $-0.156576$ & $-0.28616$ & $-0.00456968$ & $1$ & $-0.00231409$ & $0.186167$ & $0.128681$ \\
eHccpar & $0.0210281$ & $0.100778$ & $-0.0963813$ & $-0.000293277$ & $-0.0708311$ & $-0.00604838$ & $0.00220782$ & $-0.0394639$ & $-0.0357431$ & $0.0249662$ & $0.00435558$ & $-0.0181266$ & $-0.0406059$ & $0.0483474$ & $0.0283277$ & $0.0233011$ & $0.0542974$ & $0.0410384$ & $0.0447349$ & $0.000616297$ & $-0.0111469$ & $-0.00559438$ & $0.037329$ & $0.0625525$ & $0.0278115$ & $-0.0470785$ & $-0.0624523$ & $-0.000801589$ & $-0.0119778$ & $0.0168073$ & $0.310511$ & $-0.00800674$ & $-0.0431168$ & $-0.0522451$ & $-0.147166$ & $0.0379437$ & $-0.1449$ & $-0.0294024$ & $-0.158039$ & $-0.0815959$ & $-0.115564$ & $-0.011356$ & $-0.0329487$ & $-0.0294583$ & $0.1467$ & $-0.00231409$ & $1$ & $-0.0133134$ & $-0.155115$ \\
eHbbint & $-0.234051$ & $-0.121774$ & $0.101312$ & $-0.0710931$ & $0.00516447$ & $0.0236388$ & $-0.0435604$ & $0.00344383$ & $0.00570292$ & $-0.000587979$ & $-0.0012892$ & $-0.0158522$ & $-0.0131254$ & $0.00661279$ & $-0.0288887$ & $-0.00184898$ & $-0.00144671$ & $0.0224142$ & $0.00564298$ & $0.00116013$ & $0.00313873$ & $0.00251478$ & $0.00795949$ & $0.0131955$ & $0.0406734$ & $0.0239267$ & $0.0437699$ & $-0.0227993$ & $0.0125444$ & $-0.0385926$ & $-0.020693$ & $-0.0587385$ & $0.101339$ & $0.0194845$ & $-0.110634$ & $0.0436361$ & $0.0525918$ & $0.0123511$ & $-0.0368365$ & $0.00534618$ & $0.208591$ & $-0.0531047$ & $0.0350566$ & $-0.10166$ & $0.0659392$ & $0.186167$ & $-0.0133134$ & $1$ & $0.0412767$ \\
eHbbpar & $0.0324733$ & $0.0349581$ & $0.186237$ & $-0.164768$ & $-0.056498$ & $-0.00617058$ & $-0.0258873$ & $0.00199452$ & $-0.000704399$ & $0.0284618$ & $-0.00567865$ & $0.0223353$ & $0.0433044$ & $0.0177424$ & $-0.00049989$ & $-0.00290268$ & $0.00286216$ & $0.00660479$ & $0.015524$ & $0.00527473$ & $0.00673007$ & $0.00852215$ & $-0.00486814$ & $-0.000947923$ & $0.0240231$ & $0.031397$ & $0.0353575$ & $0.0117404$ & $0.0239299$ & $0.0359159$ & $-0.0247166$ & $-0.0104922$ & $0.450193$ & $0.000487419$ & $-0.192796$ & $0.112559$ & $-0.0216664$ & $0.0369557$ & $0.00112684$ & $0.0274307$ & $-0.0501982$ & $0.0779204$ & $-0.153229$ & $-0.115471$ & $0.0247674$ & $0.128681$ & $-0.155115$ & $0.0412767$ & $1$ \\
