######################################################################
#--  FCCee aTGC: Using Optimal observables analysis (Full)  --
# This is for 365 GeV
#
ObservablesWithCovarianceInverse OptOobsFullFCCee365 6
Observable deltag1Z_OO_FCCee365 deltag1Z #delta{g_{1,Z}} 1. -1. MCMC weight -8.253472320027612e-16 1. 0.
Observable deltaKgamma_OO_FCCee365 deltaKgamma #delta#kappa_{#gamma} 1. -1. MCMC weight 0.0 1. 0.
Observable lambdaZ_OO_FCCee365 lambdaZ #lamdba_{Z} 1. -1. MCMC weight 0.0 1. 0.
Observable deltageL_OO_FCCee365 delgZeL #delta{g_{L}^{e}} 1. -1. MCMC weight 4.126736160013806e-16 1. 0.
Observable deltageR_OO_FCCee365 delgZeR #delta{g_{R}^{e}} 1. -1. MCMC weight 1.906290110763493e-16 1. 0.
Observable deltaUev_OO_FCCee365 deltaUWeve #delta{U_{{#nu}e}} 1. -1. MCMC weight -6.347182209264119e-16 1. 0.
10969650.   3270942.   5858532.   -37299463.   2886209.   -36350318.
3270942.   6077127.   1538581.   -24921733.   -16203978.   -23849839.
5858532.   1538581.   24447675.   -21375306.   -270104.   -20775716.
-37299463.   -24921733.   -21375306.   164866741.   37611835.   159587888.
2886209.   -16203978.   -270104.   37611835.   59499683.   34918182.
-36350318.   -23849839.   -20775716.   159587888.   34918182.   154522214.
#
#
##################################################
 
CorrelatedGaussianObservables BRWleptFCCee365 3
Observable BrWelectron_FCCee365 BrWelectron BR_{We#nu} 1. -1. MCMC weight 0.1083790594476624 0.00012877 0.
Observable BrWmuon_FCCee365 BrWmuon BR_{W#mu#nu} 1. -1. MCMC weight 0.1083790594476624 0.00012877 0.
Observable BrWtau_FCCee365 BrWtau BR_{W#tau#nu} 1. -1. MCMC weight 0.1083790594476624 0.00012877 0.
1.   -0.121553   -0.121553
-0.121553   1.   -0.121553
-0.121553   -0.121553   1.
