 & AlsMz & dAle5Mz & mtop & mHl & Mz & CW & CHG & CHWB & CHWHB_gaga & CHWHB_gagaorth & CHD & CHbox & CH & CHL1_11 & CHL1_22 & CHL1_33 & CHL3_11 & CHL3_22 & CHL3_33 & CHe_11 & CHe_22 & CHe_33 & CHQ1_11 & CHQ1_33 & CHQ3_11 & CHu_11 & CHd_11 & CHd_33 & CeH_22r & CeH_33r & CuH_22r & CuH_33r & CdH_33r & CLL_1221 & eHggint & eHggpar & eHWWint & eHWWpar & eHZZint & eHZZpar & eHZgaint & eHZgapar & eHgagaint & eHmumuint & eHtautauint & eHccint & eHccpar & eHbbint & eHbbpar \\
AlsMz & $1$ & $0.0178914$ & $-0.0321598$ & $-0.0269814$ & $-0.011385$ & $0.0164373$ & $0.0093635$ & $0.000541456$ & $-0.0117547$ & $0.0454437$ & $-0.0201385$ & $0.0931899$ & $-0.0948368$ & $0.0358673$ & $-3.02552e-05$ & $0.0277173$ & $0.0124941$ & $0.0262367$ & $0.00725475$ & $0.0161213$ & $0.00979528$ & $0.00500154$ & $-0.0870777$ & $0.00211268$ & $-0.111321$ & $0.0138516$ & $-0.0772769$ & $0.0466069$ & $-0.0211696$ & $-0.0829203$ & $-0.037246$ & $-0.00859332$ & $-0.0602116$ & $-0.00565425$ & $-0.0260238$ & $0.0585193$ & $-0.00811369$ & $0.0031241$ & $0.0248567$ & $0.0555003$ & $0.07734$ & $0.0157717$ & $-0.00874194$ & $-0.0467246$ & $0.00333789$ & $-0.0708898$ & $0.0417237$ & $-0.0182832$ & $0.0311754$ \\
dAle5Mz & $0.0178914$ & $1$ & $0.104165$ & $0.072237$ & $-0.0205942$ & $-0.0158434$ & $-0.0103992$ & $-0.10721$ & $-0.10035$ & $0.0692457$ & $0.0662627$ & $0.0233748$ & $-0.000854968$ & $0.00558929$ & $-0.0334664$ & $-0.0339701$ & $0.0538748$ & $0.0671177$ & $0.0627831$ & $-0.0410641$ & $-0.0484058$ & $-0.0479498$ & $-0.0449626$ & $0.0771176$ & $0.0743075$ & $0.107442$ & $0.00280817$ & $0.0252628$ & $0.0841194$ & $0.0116212$ & $-0.0544807$ & $-0.0204208$ & $0.0245062$ & $-0.018738$ & $-0.00163505$ & $-0.0966849$ & $-0.0444774$ & $-0.0584401$ & $0.0129198$ & $0.00820143$ & $-0.0353627$ & $0.0221675$ & $0.0215169$ & $0.0813442$ & $0.0798635$ & $-0.0507665$ & $-0.062172$ & $0.038788$ & $0.0538994$ \\
mtop & $-0.0321598$ & $0.104165$ & $1$ & $0.106591$ & $0.0360683$ & $-0.0186579$ & $0.0247113$ & $0.0178875$ & $0.0271566$ & $0.00853394$ & $-0.00603647$ & $-0.00361193$ & $0.00917595$ & $-0.000173132$ & $-0.033569$ & $0.00302351$ & $-0.00298905$ & $0.0078711$ & $-0.0305054$ & $0.00931622$ & $0.0176024$ & $0.00473518$ & $-0.0828279$ & $-0.00443506$ & $-0.0103683$ & $0.0567604$ & $0.0229082$ & $0.0324576$ & $-0.0217973$ & $0.0567575$ & $-0.0351057$ & $0.0300326$ & $-0.0182967$ & $0.0618013$ & $0.0527549$ & $-0.0828699$ & $0.000904478$ & $-0.0822042$ & $0.0334875$ & $0.0117315$ & $-0.0475861$ & $0.0246725$ & $0.0445875$ & $0.0547689$ & $-0.0167159$ & $0.00359091$ & $0.00275723$ & $-0.0156225$ & $-0.0442581$ \\
mHl & $-0.0269814$ & $0.072237$ & $0.106591$ & $1$ & $-0.0444751$ & $0.00538999$ & $0.0892706$ & $0.0624082$ & $0.0673419$ & $-0.00521225$ & $-0.0496975$ & $0.0161856$ & $-0.019314$ & $0.0311378$ & $-0.0524951$ & $-0.00547301$ & $-0.0354806$ & $0.0101822$ & $-0.0303336$ & $0.0467037$ & $0.0579423$ & $0.0457791$ & $-0.0596372$ & $-0.0584665$ & $-0.0126236$ & $-0.00113727$ & $0.0643466$ & $0.0365128$ & $0.0717662$ & $-0.0338405$ & $-0.00608769$ & $0.0835657$ & $-0.0763133$ & $0.0988534$ & $0.0249602$ & $0.0128186$ & $0.0655547$ & $-0.0197438$ & $-0.0361932$ & $-0.0877255$ & $0.0214295$ & $-0.0548847$ & $0.039662$ & $0.0399156$ & $-0.0581722$ & $-0.0846554$ & $-0.0553356$ & $0.0530267$ & $-0.0910769$ \\
Mz & $-0.011385$ & $-0.0205942$ & $0.0360683$ & $-0.0444751$ & $1$ & $0.0633604$ & $0.0277059$ & $0.0579717$ & $0.0528253$ & $-0.00290394$ & $-0.0499767$ & $-0.0275152$ & $0.0371821$ & $0.0410705$ & $0.00639058$ & $0.0635302$ & $-0.0136544$ & $0.000381419$ & $-0.028219$ & $0.0553156$ & $0.0575767$ & $0.058029$ & $0.0156402$ & $-0.0387253$ & $-0.0168094$ & $-0.0457596$ & $0.00924049$ & $-0.0153589$ & $0.0407164$ & $-0.00114835$ & $-0.0253793$ & $0.0401265$ & $0.0121268$ & $0.0389397$ & $0.0302586$ & $0.0287102$ & $-0.0107786$ & $-0.0155378$ & $0.0247412$ & $-0.00539068$ & $0.0488517$ & $0.0324295$ & $-0.0464719$ & $0.0251701$ & $-0.0369925$ & $0.0236563$ & $-0.0530442$ & $0.0199736$ & $-0.0544923$ \\
CW & $0.0164373$ & $-0.0158434$ & $-0.0186579$ & $0.00538999$ & $0.0633604$ & $1$ & $0.0350734$ & $-0.0884737$ & $-0.094146$ & $0.0426739$ & $0.192422$ & $0.0589752$ & $0.0140615$ & $-0.046962$ & $-0.075347$ & $-0.0812774$ & $-0.349946$ & $-0.161056$ & $-0.150257$ & $-0.188121$ & $-0.198471$ & $-0.197559$ & $-0.0333513$ & $-0.0582296$ & $-0.205103$ & $0.126281$ & $-0.133141$ & $-0.019925$ & $0.0854077$ & $-0.00854021$ & $-0.0254968$ & $0.0561614$ & $0.00400901$ & $-0.154437$ & $0.00592659$ & $0.0811419$ & $0.0168035$ & $-0.0039473$ & $-0.0665118$ & $-0.00826933$ & $0.0397945$ & $-0.059693$ & $-0.038456$ & $0.00967721$ & $0.0193806$ & $-0.0229807$ & $0.0248035$ & $0.00350632$ & $0.00993838$ \\
CHG & $0.0093635$ & $-0.0103992$ & $0.0247113$ & $0.0892706$ & $0.0277059$ & $0.0350734$ & $1$ & $-0.0759235$ & $-0.0340141$ & $0.0236186$ & $0.0290357$ & $0.205806$ & $-0.277388$ & $0.0547333$ & $-0.050108$ & $-0.0101625$ & $0.0961903$ & $0.114479$ & $0.0819431$ & $-0.0347232$ & $-0.0340047$ & $-0.0375562$ & $0.0316464$ & $0.12527$ & $0.113534$ & $0.00228153$ & $0.0214314$ & $-0.039187$ & $-0.0133973$ & $-0.127092$ & $-0.0117007$ & $0.920356$ & $-0.0913377$ & $-0.0225456$ & $-0.0461093$ & $0.011463$ & $0.0135694$ & $-0.0894796$ & $-0.0394463$ & $0.0445794$ & $0.00120525$ & $-0.00200252$ & $0.0622376$ & $0.0441802$ & $0.00668195$ & $-0.0049545$ & $0.0124741$ & $0.000438726$ & $-0.0110708$ \\
CHWB & $0.000541456$ & $-0.10721$ & $0.0178875$ & $0.0624082$ & $0.0579717$ & $-0.0884737$ & $-0.0759235$ & $1$ & $0.989121$ & $-0.542152$ & $-0.873597$ & $-0.164628$ & $-0.0147554$ & $0.233522$ & $0.481675$ & $0.449656$ & $-0.249184$ & $-0.441962$ & $-0.430171$ & $0.859094$ & $0.885437$ & $0.86925$ & $0.0176299$ & $-0.658686$ & $-0.394166$ & $-0.609572$ & $0.412015$ & $0.378346$ & $0.00343814$ & $0.0431305$ & $0.0675211$ & $-0.106285$ & $-0.0236912$ & $0.537574$ & $-0.0403486$ & $0.00649268$ & $0.0293175$ & $-0.0776155$ & $0.0869931$ & $-0.00414835$ & $0.0191056$ & $0.110099$ & $-0.0562605$ & $-0.0184088$ & $-0.00507872$ & $0.0596047$ & $0.0192693$ & $-0.0297712$ & $-0.0725825$ \\
CHWHB_gaga & $-0.0117547$ & $-0.10035$ & $0.0271566$ & $0.0673419$ & $0.0528253$ & $-0.094146$ & $-0.0340141$ & $0.989121$ & $1$ & $-0.534225$ & $-0.866071$ & $-0.1511$ & $-0.0181482$ & $0.232332$ & $0.483413$ & $0.446726$ & $-0.24143$ & $-0.437615$ & $-0.424007$ & $0.852251$ & $0.877301$ & $0.861134$ & $0.0182726$ & $-0.643709$ & $-0.385057$ & $-0.602956$ & $0.409155$ & $0.384659$ & $0.0111062$ & $0.0666161$ & $0.0817755$ & $-0.07086$ & $0.00204301$ & $0.527107$ & $-0.0624352$ & $0.00254964$ & $0.00720397$ & $-0.0793079$ & $0.0885007$ & $-0.00700845$ & $0.0165335$ & $0.101483$ & $0.0111283$ & $-0.0258576$ & $0.000397776$ & $0.0582213$ & $0.0224287$ & $-0.0361907$ & $-0.0675832$ \\
CHWHB_gagaorth & $0.0454437$ & $0.0692457$ & $0.00853394$ & $-0.00521225$ & $-0.00290394$ & $0.0426739$ & $0.0236186$ & $-0.542152$ & $-0.534225$ & $1$ & $0.440247$ & $0.43101$ & $-0.0397949$ & $-0.0515323$ & $-0.260125$ & $-0.211206$ & $0.194189$ & $0.307107$ & $0.284436$ & $-0.432563$ & $-0.44642$ & $-0.430713$ & $0.00185643$ & $0.392319$ & $0.277877$ & $0.305604$ & $-0.213208$ & $-0.183223$ & $-0.00655131$ & $-0.152155$ & $-0.142335$ & $0.0510519$ & $-0.146328$ & $-0.293713$ & $0.0475696$ & $-0.00176486$ & $-0.0226242$ & $0.0769682$ & $0.00363358$ & $0.028324$ & $-0.104589$ & $-0.0538039$ & $0.0345289$ & $0.00971016$ & $-0.00626574$ & $-0.0896231$ & $-0.0395783$ & $0.00683379$ & $-0.0039969$ \\
CHD & $-0.0201385$ & $0.0662627$ & $-0.00603647$ & $-0.0496975$ & $-0.0499767$ & $0.192422$ & $0.0290357$ & $-0.873597$ & $-0.866071$ & $0.440247$ & $1$ & $0.220916$ & $0.0239212$ & $-0.638289$ & $-0.582799$ & $-0.542896$ & $-0.22603$ & $0.0168986$ & $0.00687267$ & $-0.995112$ & $-0.994895$ & $-0.983838$ & $0.0486852$ & $0.254112$ & $-0.0435141$ & $0.684423$ & $-0.312799$ & $-0.426755$ & $0.00392488$ & $-0.0313578$ & $-0.0424898$ & $0.0913302$ & $0.0246102$ & $-0.342064$ & $0.07165$ & $0.0046365$ & $-0.0239569$ & $0.0353326$ & $-0.111771$ & $-0.0339657$ & $-0.00104906$ & $-0.0442$ & $0.0217331$ & $0.00954302$ & $0.0224725$ & $-0.0291993$ & $-0.00910012$ & $0.0412426$ & $0.0329137$ \\
CHbox & $0.0931899$ & $0.0233748$ & $-0.00361193$ & $0.0161856$ & $-0.0275152$ & $0.0589752$ & $0.205806$ & $-0.164628$ & $-0.1511$ & $0.43101$ & $0.220916$ & $1$ & $-0.819808$ & $-0.178328$ & $-0.109545$ & $-0.058688$ & $-0.123578$ & $-0.0595265$ & $-0.0877457$ & $-0.215205$ & $-0.227636$ & $-0.223244$ & $0.0272653$ & $0.0200074$ & $-0.0886594$ & $0.138125$ & $-0.0907095$ & $-0.0552327$ & $-0.0106968$ & $-0.128693$ & $-0.0958407$ & $0.214862$ & $-0.0593001$ & $-0.0755465$ & $0.0221504$ & $0.0337109$ & $-0.00525953$ & $-0.0163865$ & $-0.0226716$ & $0.0169351$ & $-0.0420247$ & $0.0336069$ & $0.00544745$ & $0.0330021$ & $-0.0221749$ & $-0.0319624$ & $-0.00710712$ & $0.0197517$ & $0.0208142$ \\
CH & $-0.0948368$ & $-0.000854968$ & $0.00917595$ & $-0.019314$ & $0.0371821$ & $0.0140615$ & $-0.277388$ & $-0.0147554$ & $-0.0181482$ & $-0.0397949$ & $0.0239212$ & $-0.819808$ & $1$ & $-0.0209097$ & $-0.00352547$ & $-0.0299518$ & $-0.0102393$ & $-0.015515$ & $0.00223032$ & $-0.0228467$ & $-0.0174464$ & $-0.0197309$ & $-0.000372226$ & $-0.0181736$ & $0.00311992$ & $0.0285552$ & $6.61599e-05$ & $-0.0486258$ & $0.0309054$ & $0.250242$ & $0.10778$ & $-0.206236$ & $0.183166$ & $-0.0105701$ & $0.0521455$ & $-0.0100281$ & $-0.00376363$ & $0.0205402$ & $-0.00507168$ & $-0.0272022$ & $-0.0042563$ & $-0.035979$ & $-0.0187076$ & $-0.0352225$ & $0.0233448$ & $-0.00644039$ & $-0.00865252$ & $-0.00156657$ & $-0.0412533$ \\
CHL1_11 & $0.0358673$ & $0.00558929$ & $-0.000173132$ & $0.0311378$ & $0.0410705$ & $-0.046962$ & $0.0547333$ & $0.233522$ & $0.232332$ & $-0.0515323$ & $-0.638289$ & $-0.178328$ & $-0.0209097$ & $1$ & $0.389535$ & $0.362056$ & $0.652179$ & $0.59388$ & $0.594339$ & $0.648791$ & $0.611306$ & $0.613991$ & $-0.145383$ & $0.445741$ & $0.597864$ & $-0.420404$ & $-0.044728$ & $0.274737$ & $-0.00307563$ & $-0.0156629$ & $-0.0188589$ & $-0.0160644$ & $-0.023815$ & $-0.178049$ & $-0.0465983$ & $0.019046$ & $-0.00644767$ & $0.0569983$ & $0.0650929$ & $0.0748937$ & $-0.0149896$ & $-0.0941163$ & $0.0342676$ & $0.00715444$ & $-0.0623863$ & $-0.0525116$ & $0.00553154$ & $-0.0381446$ & $0.0373454$ \\
CHL1_22 & $-3.02552e-05$ & $-0.0334664$ & $-0.033569$ & $-0.0524951$ & $0.00639058$ & $-0.075347$ & $-0.050108$ & $0.481675$ & $0.483413$ & $-0.260125$ & $-0.582799$ & $-0.109545$ & $-0.00352547$ & $0.389535$ & $1$ & $0.50663$ & $0.125401$ & $-0.341346$ & $-0.0309213$ & $0.623753$ & $0.526152$ & $0.522453$ & $-0.150165$ & $-0.0135125$ & $-0.09007$ & $-0.383538$ & $-0.253303$ & $0.209401$ & $0.00401855$ & $0.0317652$ & $0.0170507$ & $-0.0910044$ & $-0.020647$ & $-0.441091$ & $-0.0645184$ & $0.0286061$ & $0.00226288$ & $-0.0192499$ & $0.0367415$ & $0.0234373$ & $0.00509075$ & $0.00997325$ & $-0.0188025$ & $0.0189815$ & $0.00174643$ & $-0.0367566$ & $-0.0237074$ & $-0.027614$ & $-0.00236999$ \\
CHL1_33 & $0.0277173$ & $-0.0339701$ & $0.00302351$ & $-0.00547301$ & $0.0635302$ & $-0.0812774$ & $-0.0101625$ & $0.449656$ & $0.446726$ & $-0.211206$ & $-0.542896$ & $-0.058688$ & $-0.0299518$ & $0.362056$ & $0.50663$ & $1$ & $0.111951$ & $-0.0310497$ & $-0.351373$ & $0.584442$ & $0.487271$ & $0.502056$ & $-0.156226$ & $-0.0153593$ & $-0.0928414$ & $-0.353612$ & $-0.267735$ & $0.167939$ & $-0.0343089$ & $0.0161244$ & $0.0266389$ & $-0.0270861$ & $-0.010803$ & $0.00970416$ & $-0.0311322$ & $-0.0115956$ & $0.0142882$ & $-0.061824$ & $0.0643154$ & $-0.00113165$ & $-0.0241117$ & $0.00731642$ & $-0.0352889$ & $-0.0410641$ & $-0.049306$ & $-0.0460565$ & $-0.0134953$ & $0.0130314$ & $-0.00308559$ \\
CHL3_11 & $0.0124941$ & $0.0538748$ & $-0.00298905$ & $-0.0354806$ & $-0.0136544$ & $-0.349946$ & $0.0961903$ & $-0.249184$ & $-0.24143$ & $0.194189$ & $-0.22603$ & $-0.123578$ & $-0.0102393$ & $0.652179$ & $0.125401$ & $0.111951$ & $1$ & $0.832077$ & $0.828695$ & $0.233044$ & $0.206594$ & $0.213481$ & $-0.0815219$ & $0.750052$ & $0.877772$ & $-0.138673$ & $-0.0770029$ & $0.084669$ & $-0.0213389$ & $-0.0071211$ & $-0.0468827$ & $0.03393$ & $0.0063575$ & $-0.242395$ & $-0.0720759$ & $-0.0490499$ & $0.00150352$ & $0.0744387$ & $0.0620234$ & $0.0642333$ & $-0.0432468$ & $-0.104607$ & $0.064916$ & $0.0297861$ & $-0.0161404$ & $-0.0251717$ & $-0.0247353$ & $-0.018043$ & $0.0662684$ \\
CHL3_22 & $0.0262367$ & $0.0671177$ & $0.0078711$ & $0.0101822$ & $0.000381419$ & $-0.161056$ & $0.114479$ & $-0.441962$ & $-0.437615$ & $0.307107$ & $0.0168986$ & $-0.0595265$ & $-0.015515$ & $0.59388$ & $-0.341346$ & $-0.0310497$ & $0.832077$ & $1$ & $0.788322$ & $-0.0198158$ & $-0.0180094$ & $-0.00583443$ & $-0.0423138$ & $0.751087$ & $0.871981$ & $0.0206369$ & $-0.0327188$ & $0.000107354$ & $-0.0213009$ & $-0.0375454$ & $-0.0504917$ & $0.0751127$ & $0.00835669$ & $-0.0804375$ & $-0.0274545$ & $-0.0373337$ & $-0.00989173$ & $0.0843895$ & $0.036223$ & $0.0625673$ & $-0.0353009$ & $-0.131404$ & $0.0737438$ & $0.000830922$ & $-0.0427531$ & $-0.0329824$ & $-0.00302688$ & $-0.00789615$ & $0.0713816$ \\
CHL3_33 & $0.00725475$ & $0.0627831$ & $-0.0305054$ & $-0.0303336$ & $-0.028219$ & $-0.150257$ & $0.0819431$ & $-0.430171$ & $-0.424007$ & $0.284436$ & $0.00687267$ & $-0.0877457$ & $0.00223032$ & $0.594339$ & $-0.0309213$ & $-0.351373$ & $0.828695$ & $0.788322$ & $1$ & $-0.0107165$ & $-0.00795229$ & $0.00597668$ & $-0.028789$ & $0.743522$ & $0.869859$ & $0.0049216$ & $-0.0172223$ & $0.0155923$ & $0.00180361$ & $-0.0342347$ & $-0.0642579$ & $0.0245742$ & $-0.00686533$ & $-0.37566$ & $-0.0435334$ & $-0.00523696$ & $-0.0174448$ & $0.118298$ & $0.0144548$ & $0.071737$ & $-0.0257869$ & $-0.12456$ & $0.0764562$ & $0.0398632$ & $-0.0197445$ & $-0.0282635$ & $-0.0131041$ & $-0.0279308$ & $0.0660793$ \\
CHe_11 & $0.0161213$ & $-0.0410641$ & $0.00931622$ & $0.0467037$ & $0.0553156$ & $-0.188121$ & $-0.0347232$ & $0.859094$ & $0.852251$ & $-0.432563$ & $-0.995112$ & $-0.215205$ & $-0.0228467$ & $0.648791$ & $0.623753$ & $0.584442$ & $0.233044$ & $-0.0198158$ & $-0.0107165$ & $1$ & $0.985172$ & $0.975574$ & $-0.0607355$ & $-0.22616$ & $0.0472874$ & $-0.678868$ & $0.264067$ & $0.421263$ & $-0.00481254$ & $0.0330988$ & $0.0423958$ & $-0.0951782$ & $-0.0206239$ & $0.288518$ & $-0.0763013$ & $-0.00537775$ & $0.0195079$ & $-0.0383758$ & $0.108981$ & $0.0375614$ & $0.000646891$ & $0.0384847$ & $-0.0188719$ & $-0.0145793$ & $-0.0253264$ & $0.0228225$ & $0.00402286$ & $-0.0383038$ & $-0.0296644$ \\
CHe_22 & $0.00979528$ & $-0.0484058$ & $0.0176024$ & $0.0579423$ & $0.0575767$ & $-0.198471$ & $-0.0340047$ & $0.885437$ & $0.877301$ & $-0.44642$ & $-0.994895$ & $-0.227636$ & $-0.0174464$ & $0.611306$ & $0.526152$ & $0.487271$ & $0.206594$ & $-0.0180094$ & $-0.00795229$ & $0.985172$ & $1$ & $0.986076$ & $-0.029471$ & $-0.292212$ & $0.0368903$ & $-0.682452$ & $0.376048$ & $0.430123$ & $-0.00129455$ & $0.0351241$ & $0.0440195$ & $-0.0952055$ & $-0.0213808$ & $0.408763$ & $-0.0693473$ & $-0.00590457$ & $0.023875$ & $-0.0377817$ & $0.110489$ & $0.0352029$ & $-0.000197408$ & $0.0524542$ & $-0.0252085$ & $-0.00699155$ & $-0.0192572$ & $0.0393455$ & $0.0127676$ & $-0.0401509$ & $-0.0361137$ \\
CHe_33 & $0.00500154$ & $-0.0479498$ & $0.00473518$ & $0.0457791$ & $0.058029$ & $-0.197559$ & $-0.0375562$ & $0.86925$ & $0.861134$ & $-0.430713$ & $-0.983838$ & $-0.223244$ & $-0.0197309$ & $0.613991$ & $0.522453$ & $0.502056$ & $0.213481$ & $-0.00583443$ & $0.00597668$ & $0.975574$ & $0.986076$ & $1$ & $-0.0162112$ & $-0.276389$ & $0.0519885$ & $-0.688582$ & $0.370201$ & $0.426129$ & $-0.0014451$ & $0.0246258$ & $0.0244394$ & $-0.10319$ & $-0.0388859$ & $0.39634$ & $-0.0766993$ & $-0.0104027$ & $0.021965$ & $-0.0290377$ & $0.118416$ & $0.0333675$ & $-0.001282$ & $0.0463765$ & $-0.0207452$ & $-0.0147403$ & $-0.0321532$ & $0.0362774$ & $0.00726688$ & $-0.0315992$ & $-0.0450997$ \\
CHQ1_11 & $-0.0870777$ & $-0.0449626$ & $-0.0828279$ & $-0.0596372$ & $0.0156402$ & $-0.0333513$ & $0.0316464$ & $0.0176299$ & $0.0182726$ & $0.00185643$ & $0.0486852$ & $0.0272653$ & $-0.000372226$ & $-0.145383$ & $-0.150165$ & $-0.156226$ & $-0.0815219$ & $-0.0423138$ & $-0.028789$ & $-0.0607355$ & $-0.029471$ & $-0.0162112$ & $1$ & $-0.100462$ & $0.0311133$ & $-0.561932$ & $0.331546$ & $0.00559286$ & $-0.00455526$ & $0.0553938$ & $0.0185025$ & $0.0478053$ & $0.0359842$ & $0.171466$ & $-0.0394318$ & $-0.0435791$ & $-0.0549582$ & $0.0407848$ & $0.00114392$ & $0.012754$ & $-0.0130236$ & $-0.0194864$ & $-0.00472596$ & $-0.0475345$ & $0.0314758$ & $-0.00650779$ & $0.019217$ & $0.0384771$ & $0.0156508$ \\
CHQ1_33 & $0.00211268$ & $0.0771176$ & $-0.00443506$ & $-0.0584665$ & $-0.0387253$ & $-0.0582296$ & $0.12527$ & $-0.658686$ & $-0.643709$ & $0.392319$ & $0.254112$ & $0.0200074$ & $-0.0181736$ & $0.445741$ & $-0.0135125$ & $-0.0153593$ & $0.750052$ & $0.751087$ & $0.743522$ & $-0.22616$ & $-0.292212$ & $-0.276389$ & $-0.100462$ & $1$ & $0.756379$ & $0.178586$ & $-0.376094$ & $-0.0365609$ & $0.00289044$ & $-0.0263658$ & $-0.0716692$ & $0.0844976$ & $0.0136676$ & $-0.609235$ & $-0.0448439$ & $-0.0138427$ & $-0.00849115$ & $0.0690754$ & $-0.0314011$ & $0.0525417$ & $-0.0258177$ & $-0.160001$ & $0.0865683$ & $0.0165928$ & $-0.00594598$ & $-0.108486$ & $-0.00260071$ & $0.000463363$ & $0.0980352$ \\
CHQ3_11 & $-0.111321$ & $0.0743075$ & $-0.0103683$ & $-0.0126236$ & $-0.0168094$ & $-0.205103$ & $0.113534$ & $-0.394166$ & $-0.385057$ & $0.277877$ & $-0.0435141$ & $-0.0886594$ & $0.00311992$ & $0.597864$ & $-0.09007$ & $-0.0928414$ & $0.877772$ & $0.871981$ & $0.869859$ & $0.0472874$ & $0.0368903$ & $0.0519885$ & $0.0311133$ & $0.756379$ & $1$ & $-0.0272587$ & $0.1416$ & $0.015635$ & $0.00188464$ & $-0.0230511$ & $-0.0470502$ & $0.0590896$ & $0.0151906$ & $-0.246878$ & $-0.0428715$ & $-0.0487451$ & $-0.0142929$ & $0.0866756$ & $0.0509965$ & $0.0821137$ & $-0.0369046$ & $-0.130541$ & $0.106857$ & $0.0266558$ & $-0.0344303$ & $-0.0339298$ & $-0.0166159$ & $-0.013558$ & $0.0778525$ \\
CHu_11 & $0.0138516$ & $0.107442$ & $0.0567604$ & $-0.00113727$ & $-0.0457596$ & $0.126281$ & $0.00228153$ & $-0.609572$ & $-0.602956$ & $0.305604$ & $0.684423$ & $0.138125$ & $0.0285552$ & $-0.420404$ & $-0.383538$ & $-0.353612$ & $-0.138673$ & $0.0206369$ & $0.0049216$ & $-0.678868$ & $-0.682452$ & $-0.688582$ & $-0.561932$ & $0.178586$ & $-0.0272587$ & $1$ & $-0.231888$ & $-0.315527$ & $0.0181536$ & $-0.0660671$ & $-0.0165298$ & $0.0390261$ & $0.0232522$ & $-0.259689$ & $0.0762608$ & $0.0124779$ & $0.0250919$ & $-0.0351993$ & $-0.0804473$ & $-0.00542624$ & $0.00282871$ & $0.0191461$ & $0.0327395$ & $0.0286117$ & $-0.0124107$ & $0.00325719$ & $-0.00849579$ & $-0.0065163$ & $0.0388603$ \\
CHd_11 & $-0.0772769$ & $0.00280817$ & $0.0229082$ & $0.0643466$ & $0.00924049$ & $-0.133141$ & $0.0214314$ & $0.412015$ & $0.409155$ & $-0.213208$ & $-0.312799$ & $-0.0907095$ & $6.61599e-05$ & $-0.044728$ & $-0.253303$ & $-0.267735$ & $-0.0770029$ & $-0.0327188$ & $-0.0172223$ & $0.264067$ & $0.376048$ & $0.370201$ & $0.331546$ & $-0.376094$ & $0.1416$ & $-0.231888$ & $1$ & $0.166269$ & $0.0341006$ & $0.0100315$ & $0.0369299$ & $-0.0104375$ & $0.0123145$ & $0.680077$ & $-0.022925$ & $-0.0519147$ & $0.0217275$ & $-0.0455873$ & $0.0750239$ & $0.0392832$ & $0.0198646$ & $0.0681492$ & $0.0506536$ & $0.00381554$ & $0.0109496$ & $0.071163$ & $0.0366239$ & $-0.0233941$ & $-0.0151796$ \\
CHd_33 & $0.0466069$ & $0.0252628$ & $0.0324576$ & $0.0365128$ & $-0.0153589$ & $-0.019925$ & $-0.039187$ & $0.378346$ & $0.384659$ & $-0.183223$ & $-0.426755$ & $-0.0552327$ & $-0.0486258$ & $0.274737$ & $0.209401$ & $0.167939$ & $0.084669$ & $0.000107354$ & $0.0155923$ & $0.421263$ & $0.430123$ & $0.426129$ & $0.00559286$ & $-0.0365609$ & $0.015635$ & $-0.315527$ & $0.166269$ & $1$ & $0.0877871$ & $0.0287629$ & $0.0449895$ & $-0.0717201$ & $-0.010845$ & $0.183153$ & $-0.0605599$ & $-0.00416452$ & $-0.00957671$ & $-0.0319653$ & $0.0857169$ & $0.0384889$ & $-0.0531632$ & $0.0259471$ & $0.0105152$ & $-0.0860122$ & $0.0301186$ & $-0.0377149$ & $0.0434009$ & $0.0386255$ & $-0.0412307$ \\
CeH_22r & $-0.0211696$ & $0.0841194$ & $-0.0217973$ & $0.0717662$ & $0.0407164$ & $0.0854077$ & $-0.0133973$ & $0.00343814$ & $0.0111062$ & $-0.00655131$ & $0.00392488$ & $-0.0106968$ & $0.0309054$ & $-0.00307563$ & $0.00401855$ & $-0.0343089$ & $-0.0213389$ & $-0.0213009$ & $0.00180361$ & $-0.00481254$ & $-0.00129455$ & $-0.0014451$ & $-0.00455526$ & $0.00289044$ & $0.00188464$ & $0.0181536$ & $0.0341006$ & $0.0877871$ & $1$ & $0.0688335$ & $0.0691815$ & $-0.0172543$ & $0.0402028$ & $-0.00669092$ & $0.0129908$ & $0.0347843$ & $-0.0541495$ & $0.0470443$ & $0.0332048$ & $-0.0376735$ & $0.0267849$ & $-0.000281148$ & $0.0100011$ & $-0.10943$ & $-0.036217$ & $0.0242046$ & $0.0457121$ & $-0.0505193$ & $0.0199757$ \\
CeH_33r & $-0.0829203$ & $0.0116212$ & $0.0567575$ & $-0.0338405$ & $-0.00114835$ & $-0.00854021$ & $-0.127092$ & $0.0431305$ & $0.0666161$ & $-0.152155$ & $-0.0313578$ & $-0.128693$ & $0.250242$ & $-0.0156629$ & $0.0317652$ & $0.0161244$ & $-0.0071211$ & $-0.0375454$ & $-0.0342347$ & $0.0330988$ & $0.0351241$ & $0.0246258$ & $0.0553938$ & $-0.0263658$ & $-0.0230511$ & $-0.0660671$ & $0.0100315$ & $0.0287629$ & $0.0688335$ & $1$ & $0.282734$ & $0.0480335$ & $0.629027$ & $0.0244097$ & $0.00911997$ & $-0.00184995$ & $-0.127286$ & $0.00639121$ & $-0.0404612$ & $-0.0569302$ & $-0.0238285$ & $-0.0208863$ & $-0.00153098$ & $0.0013357$ & $0.00366556$ & $0.00374175$ & $0.0339669$ & $0.0193635$ & $0.00218178$ \\
CuH_22r & $-0.037246$ & $-0.0544807$ & $-0.0351057$ & $-0.00608769$ & $-0.0253793$ & $-0.0254968$ & $-0.0117007$ & $0.0675211$ & $0.0817755$ & $-0.142335$ & $-0.0424898$ & $-0.0958407$ & $0.10778$ & $-0.0188589$ & $0.0170507$ & $0.0266389$ & $-0.0468827$ & $-0.0504917$ & $-0.0642579$ & $0.0423958$ & $0.0440195$ & $0.0244394$ & $0.0185025$ & $-0.0716692$ & $-0.0470502$ & $-0.0165298$ & $0.0369299$ & $0.0449895$ & $0.0691815$ & $0.282734$ & $1$ & $0.0853711$ & $0.359824$ & $0.0495084$ & $0.0133664$ & $0.0303382$ & $-0.0711977$ & $-0.0651043$ & $0.0117565$ & $0.0371798$ & $-0.0120868$ & $0.051093$ & $0.00577664$ & $-0.0840749$ & $-0.0665696$ & $0.0983102$ & $0.389162$ & $0.00270262$ & $0.0714565$ \\
CuH_33r & $-0.00859332$ & $-0.0204208$ & $0.0300326$ & $0.0835657$ & $0.0401265$ & $0.0561614$ & $0.920356$ & $-0.106285$ & $-0.07086$ & $0.0510519$ & $0.0913302$ & $0.214862$ & $-0.206236$ & $-0.0160644$ & $-0.0910044$ & $-0.0270861$ & $0.03393$ & $0.0751127$ & $0.0245742$ & $-0.0951782$ & $-0.0952055$ & $-0.10319$ & $0.0478053$ & $0.0844976$ & $0.0590896$ & $0.0390261$ & $-0.0104375$ & $-0.0717201$ & $-0.0172543$ & $0.0480335$ & $0.0853711$ & $1$ & $0.117527$ & $-0.0200864$ & $0.00510156$ & $0.0617479$ & $-0.026913$ & $-0.0999543$ & $-0.04717$ & $0.0271209$ & $0.00818324$ & $-0.019868$ & $0.0492658$ & $0.0506835$ & $-0.00368538$ & $0.00592995$ & $0.0139299$ & $0.0317279$ & $-0.0114163$ \\
CdH_33r & $-0.0602116$ & $0.0245062$ & $-0.0182967$ & $-0.0763133$ & $0.0121268$ & $0.00400901$ & $-0.0913377$ & $-0.0236912$ & $0.00204301$ & $-0.146328$ & $0.0246102$ & $-0.0593001$ & $0.183166$ & $-0.023815$ & $-0.020647$ & $-0.010803$ & $0.0063575$ & $0.00835669$ & $-0.00686533$ & $-0.0206239$ & $-0.0213808$ & $-0.0388859$ & $0.0359842$ & $0.0136676$ & $0.0151906$ & $0.0232522$ & $0.0123145$ & $-0.010845$ & $0.0402028$ & $0.629027$ & $0.359824$ & $0.117527$ & $1$ & $0.00226485$ & $-0.0815095$ & $0.0226535$ & $-0.14784$ & $-0.0742334$ & $-0.0334298$ & $-0.0230495$ & $-0.0234549$ & $0.00843929$ & $-0.0083469$ & $-0.00419001$ & $-0.0109015$ & $-0.0208033$ & $0.029887$ & $0.196203$ & $0.485587$ \\
CLL_1221 & $-0.00565425$ & $-0.018738$ & $0.0618013$ & $0.0988534$ & $0.0389397$ & $-0.154437$ & $-0.0225456$ & $0.537574$ & $0.527107$ & $-0.293713$ & $-0.342064$ & $-0.0755465$ & $-0.0105701$ & $-0.178049$ & $-0.441091$ & $0.00970416$ & $-0.242395$ & $-0.0804375$ & $-0.37566$ & $0.288518$ & $0.408763$ & $0.39634$ & $0.171466$ & $-0.609235$ & $-0.246878$ & $-0.259689$ & $0.680077$ & $0.183153$ & $-0.00669092$ & $0.0244097$ & $0.0495084$ & $-0.0200864$ & $0.00226485$ & $1$ & $0.00161761$ & $-0.0513045$ & $0.0329666$ & $-0.0704387$ & $0.0746469$ & $-0.0273588$ & $0.00505773$ & $0.109327$ & $-0.0327713$ & $-0.0230644$ & $0.0110025$ & $0.106875$ & $0.0306516$ & $0.00096687$ & $-0.0661752$ \\
eHggint & $-0.0260238$ & $-0.00163505$ & $0.0527549$ & $0.0249602$ & $0.0302586$ & $0.00592659$ & $-0.0461093$ & $-0.0403486$ & $-0.0624352$ & $0.0475696$ & $0.07165$ & $0.0221504$ & $0.0521455$ & $-0.0465983$ & $-0.0645184$ & $-0.0311322$ & $-0.0720759$ & $-0.0274545$ & $-0.0435334$ & $-0.0763013$ & $-0.0693473$ & $-0.0766993$ & $-0.0394318$ & $-0.0448439$ & $-0.0428715$ & $0.0762608$ & $-0.022925$ & $-0.0605599$ & $0.0129908$ & $0.00911997$ & $0.0133664$ & $0.00510156$ & $-0.0815095$ & $0.00161761$ & $1$ & $-0.106587$ & $0.040431$ & $0.0462822$ & $-0.040564$ & $-0.0152736$ & $0.0169833$ & $0.0403269$ & $-0.0769016$ & $0.0494256$ & $0.0193609$ & $0.0480241$ & $0.04658$ & $-0.0371305$ & $-0.103949$ \\
eHggpar & $0.0585193$ & $-0.0966849$ & $-0.0828699$ & $0.0128186$ & $0.0287102$ & $0.0811419$ & $0.011463$ & $0.00649268$ & $0.00254964$ & $-0.00176486$ & $0.0046365$ & $0.0337109$ & $-0.0100281$ & $0.019046$ & $0.0286061$ & $-0.0115956$ & $-0.0490499$ & $-0.0373337$ & $-0.00523696$ & $-0.00537775$ & $-0.00590457$ & $-0.0104027$ & $-0.0435791$ & $-0.0138427$ & $-0.0487451$ & $0.0124779$ & $-0.0519147$ & $-0.00416452$ & $0.0347843$ & $-0.00184995$ & $0.0303382$ & $0.0617479$ & $0.0226535$ & $-0.0513045$ & $-0.106587$ & $1$ & $-0.0548658$ & $0.0114234$ & $0.0168554$ & $0.0379539$ & $-0.0248311$ & $-0.0361794$ & $-0.00121814$ & $-0.0371443$ & $-0.00668494$ & $0.00454519$ & $0.0242101$ & $-0.0130668$ & $0.0326062$ \\
eHWWint & $-0.00811369$ & $-0.0444774$ & $0.000904478$ & $0.0655547$ & $-0.0107786$ & $0.0168035$ & $0.0135694$ & $0.0293175$ & $0.00720397$ & $-0.0226242$ & $-0.0239569$ & $-0.00525953$ & $-0.00376363$ & $-0.00644767$ & $0.00226288$ & $0.0142882$ & $0.00150352$ & $-0.00989173$ & $-0.0174448$ & $0.0195079$ & $0.023875$ & $0.021965$ & $-0.0549582$ & $-0.00849115$ & $-0.0142929$ & $0.0250919$ & $0.0217275$ & $-0.00957671$ & $-0.0541495$ & $-0.127286$ & $-0.0711977$ & $-0.026913$ & $-0.14784$ & $0.0329666$ & $0.040431$ & $-0.0548658$ & $1$ & $-0.0123831$ & $-0.0426431$ & $0.0312139$ & $0.0166945$ & $0.0775351$ & $-0.053382$ & $-0.00555071$ & $0.0225512$ & $-0.0185807$ & $-0.0397187$ & $0.024992$ & $-0.0271378$ \\
eHWWpar & $0.0031241$ & $-0.0584401$ & $-0.0822042$ & $-0.0197438$ & $-0.0155378$ & $-0.0039473$ & $-0.0894796$ & $-0.0776155$ & $-0.0793079$ & $0.0769682$ & $0.0353326$ & $-0.0163865$ & $0.0205402$ & $0.0569983$ & $-0.0192499$ & $-0.061824$ & $0.0744387$ & $0.0843895$ & $0.118298$ & $-0.0383758$ & $-0.0377817$ & $-0.0290377$ & $0.0407848$ & $0.0690754$ & $0.0866756$ & $-0.0351993$ & $-0.0455873$ & $-0.0319653$ & $0.0470443$ & $0.00639121$ & $-0.0651043$ & $-0.0999543$ & $-0.0742334$ & $-0.0704387$ & $0.0462822$ & $0.0114234$ & $-0.0123831$ & $1$ & $-0.0611057$ & $-0.036278$ & $-0.019579$ & $-0.11632$ & $-0.0070195$ & $-0.0527482$ & $-0.0173494$ & $-0.101555$ & $-0.126231$ & $-0.111456$ & $-0.0331365$ \\
eHZZint & $0.0248567$ & $0.0129198$ & $0.0334875$ & $-0.0361932$ & $0.0247412$ & $-0.0665118$ & $-0.0394463$ & $0.0869931$ & $0.0885007$ & $0.00363358$ & $-0.111771$ & $-0.0226716$ & $-0.00507168$ & $0.0650929$ & $0.0367415$ & $0.0643154$ & $0.0620234$ & $0.036223$ & $0.0144548$ & $0.108981$ & $0.110489$ & $0.118416$ & $0.00114392$ & $-0.0314011$ & $0.0509965$ & $-0.0804473$ & $0.0750239$ & $0.0857169$ & $0.0332048$ & $-0.0404612$ & $0.0117565$ & $-0.04717$ & $-0.0334298$ & $0.0746469$ & $-0.040564$ & $0.0168554$ & $-0.0426431$ & $-0.0611057$ & $1$ & $0.0327219$ & $0.0236544$ & $-0.0354371$ & $0.0591633$ & $-0.0339271$ & $0.103432$ & $0.0967311$ & $0.0368658$ & $-0.0587234$ & $0.0331358$ \\
eHZZpar & $0.0555003$ & $0.00820143$ & $0.0117315$ & $-0.0877255$ & $-0.00539068$ & $-0.00826933$ & $0.0445794$ & $-0.00414835$ & $-0.00700845$ & $0.028324$ & $-0.0339657$ & $0.0169351$ & $-0.0272022$ & $0.0748937$ & $0.0234373$ & $-0.00113165$ & $0.0642333$ & $0.0625673$ & $0.071737$ & $0.0375614$ & $0.0352029$ & $0.0333675$ & $0.012754$ & $0.0525417$ & $0.0821137$ & $-0.00542624$ & $0.0392832$ & $0.0384889$ & $-0.0376735$ & $-0.0569302$ & $0.0371798$ & $0.0271209$ & $-0.0230495$ & $-0.0273588$ & $-0.0152736$ & $0.0379539$ & $0.0312139$ & $-0.036278$ & $0.0327219$ & $1$ & $0.00653498$ & $0.0889636$ & $0.0190343$ & $-0.0102751$ & $-0.0452391$ & $0.00855692$ & $0.0796234$ & $0.0342683$ & $0.0393126$ \\
eHZgaint & $0.07734$ & $-0.0353627$ & $-0.0475861$ & $0.0214295$ & $0.0488517$ & $0.0397945$ & $0.00120525$ & $0.0191056$ & $0.0165335$ & $-0.104589$ & $-0.00104906$ & $-0.0420247$ & $-0.0042563$ & $-0.0149896$ & $0.00509075$ & $-0.0241117$ & $-0.0432468$ & $-0.0353009$ & $-0.0257869$ & $0.000646891$ & $-0.000197408$ & $-0.001282$ & $-0.0130236$ & $-0.0258177$ & $-0.0369046$ & $0.00282871$ & $0.0198646$ & $-0.0531632$ & $0.0267849$ & $-0.0238285$ & $-0.0120868$ & $0.00818324$ & $-0.0234549$ & $0.00505773$ & $0.0169833$ & $-0.0248311$ & $0.0166945$ & $-0.019579$ & $0.0236544$ & $0.00653498$ & $1$ & $-0.0271934$ & $0.00857778$ & $0.00164672$ & $0.0461921$ & $0.0478977$ & $0.0700647$ & $0.020507$ & $-0.0305674$ \\
eHZgapar & $0.0157717$ & $0.0221675$ & $0.0246725$ & $-0.0548847$ & $0.0324295$ & $-0.059693$ & $-0.00200252$ & $0.110099$ & $0.101483$ & $-0.0538039$ & $-0.0442$ & $0.0336069$ & $-0.035979$ & $-0.0941163$ & $0.00997325$ & $0.00731642$ & $-0.104607$ & $-0.131404$ & $-0.12456$ & $0.0384847$ & $0.0524542$ & $0.0463765$ & $-0.0194864$ & $-0.160001$ & $-0.130541$ & $0.0191461$ & $0.0681492$ & $0.0259471$ & $-0.000281148$ & $-0.0208863$ & $0.051093$ & $-0.019868$ & $0.00843929$ & $0.109327$ & $0.0403269$ & $-0.0361794$ & $0.0775351$ & $-0.11632$ & $-0.0354371$ & $0.0889636$ & $-0.0271934$ & $1$ & $-0.0324271$ & $0.0137861$ & $-0.079678$ & $-0.0235781$ & $0.0540478$ & $0.0165054$ & $0.106132$ \\
eHgagaint & $-0.00874194$ & $0.0215169$ & $0.0445875$ & $0.039662$ & $-0.0464719$ & $-0.038456$ & $0.0622376$ & $-0.0562605$ & $0.0111283$ & $0.0345289$ & $0.0217331$ & $0.00544745$ & $-0.0187076$ & $0.0342676$ & $-0.0188025$ & $-0.0352889$ & $0.064916$ & $0.0737438$ & $0.0764562$ & $-0.0188719$ & $-0.0252085$ & $-0.0207452$ & $-0.00472596$ & $0.0865683$ & $0.106857$ & $0.0327395$ & $0.0506536$ & $0.0105152$ & $0.0100011$ & $-0.00153098$ & $0.00577664$ & $0.0492658$ & $-0.0083469$ & $-0.0327713$ & $-0.0769016$ & $-0.00121814$ & $-0.053382$ & $-0.0070195$ & $0.0591633$ & $0.0190343$ & $0.00857778$ & $-0.0324271$ & $1$ & $0.0332141$ & $0.0404977$ & $0.0144453$ & $0.0570114$ & $-0.0509807$ & $0.0374194$ \\
eHmumuint & $-0.0467246$ & $0.0813442$ & $0.0547689$ & $0.0399156$ & $0.0251701$ & $0.00967721$ & $0.0441802$ & $-0.0184088$ & $-0.0258576$ & $0.00971016$ & $0.00954302$ & $0.0330021$ & $-0.0352225$ & $0.00715444$ & $0.0189815$ & $-0.0410641$ & $0.0297861$ & $0.000830922$ & $0.0398632$ & $-0.0145793$ & $-0.00699155$ & $-0.0147403$ & $-0.0475345$ & $0.0165928$ & $0.0266558$ & $0.0286117$ & $0.00381554$ & $-0.0860122$ & $-0.10943$ & $0.0013357$ & $-0.0840749$ & $0.0506835$ & $-0.00419001$ & $-0.0230644$ & $0.0494256$ & $-0.0371443$ & $-0.00555071$ & $-0.0527482$ & $-0.0339271$ & $-0.0102751$ & $0.00164672$ & $0.0137861$ & $0.0332141$ & $1$ & $-0.0605398$ & $-0.0562645$ & $-0.0493121$ & $-8.46216e-06$ & $-0.001835$ \\
eHtautauint & $0.00333789$ & $0.0798635$ & $-0.0167159$ & $-0.0581722$ & $-0.0369925$ & $0.0193806$ & $0.00668195$ & $-0.00507872$ & $0.000397776$ & $-0.00626574$ & $0.0224725$ & $-0.0221749$ & $0.0233448$ & $-0.0623863$ & $0.00174643$ & $-0.049306$ & $-0.0161404$ & $-0.0427531$ & $-0.0197445$ & $-0.0253264$ & $-0.0192572$ & $-0.0321532$ & $0.0314758$ & $-0.00594598$ & $-0.0344303$ & $-0.0124107$ & $0.0109496$ & $0.0301186$ & $-0.036217$ & $0.00366556$ & $-0.0665696$ & $-0.00368538$ & $-0.0109015$ & $0.0110025$ & $0.0193609$ & $-0.00668494$ & $0.0225512$ & $-0.0173494$ & $0.103432$ & $-0.0452391$ & $0.0461921$ & $-0.079678$ & $0.0404977$ & $-0.0605398$ & $1$ & $0.00282745$ & $-0.0267907$ & $-0.0987169$ & $0.00187719$ \\
eHccint & $-0.0708898$ & $-0.0507665$ & $0.00359091$ & $-0.0846554$ & $0.0236563$ & $-0.0229807$ & $-0.0049545$ & $0.0596047$ & $0.0582213$ & $-0.0896231$ & $-0.0291993$ & $-0.0319624$ & $-0.00644039$ & $-0.0525116$ & $-0.0367566$ & $-0.0460565$ & $-0.0251717$ & $-0.0329824$ & $-0.0282635$ & $0.0228225$ & $0.0393455$ & $0.0362774$ & $-0.00650779$ & $-0.108486$ & $-0.0339298$ & $0.00325719$ & $0.071163$ & $-0.0377149$ & $0.0242046$ & $0.00374175$ & $0.0983102$ & $0.00592995$ & $-0.0208033$ & $0.106875$ & $0.0480241$ & $0.00454519$ & $-0.0185807$ & $-0.101555$ & $0.0967311$ & $0.00855692$ & $0.0478977$ & $-0.0235781$ & $0.0144453$ & $-0.0562645$ & $0.00282745$ & $1$ & $0.0697712$ & $0.00827029$ & $-0.0702953$ \\
eHccpar & $0.0417237$ & $-0.062172$ & $0.00275723$ & $-0.0553356$ & $-0.0530442$ & $0.0248035$ & $0.0124741$ & $0.0192693$ & $0.0224287$ & $-0.0395783$ & $-0.00910012$ & $-0.00710712$ & $-0.00865252$ & $0.00553154$ & $-0.0237074$ & $-0.0134953$ & $-0.0247353$ & $-0.00302688$ & $-0.0131041$ & $0.00402286$ & $0.0127676$ & $0.00726688$ & $0.019217$ & $-0.00260071$ & $-0.0166159$ & $-0.00849579$ & $0.0366239$ & $0.0434009$ & $0.0457121$ & $0.0339669$ & $0.389162$ & $0.0139299$ & $0.029887$ & $0.0306516$ & $0.04658$ & $0.0242101$ & $-0.0397187$ & $-0.126231$ & $0.0368658$ & $0.0796234$ & $0.0700647$ & $0.0540478$ & $0.0570114$ & $-0.0493121$ & $-0.0267907$ & $0.0697712$ & $1$ & $0.0163247$ & $0.0635813$ \\
eHbbint & $-0.0182832$ & $0.038788$ & $-0.0156225$ & $0.0530267$ & $0.0199736$ & $0.00350632$ & $0.000438726$ & $-0.0297712$ & $-0.0361907$ & $0.00683379$ & $0.0412426$ & $0.0197517$ & $-0.00156657$ & $-0.0381446$ & $-0.027614$ & $0.0130314$ & $-0.018043$ & $-0.00789615$ & $-0.0279308$ & $-0.0383038$ & $-0.0401509$ & $-0.0315992$ & $0.0384771$ & $0.000463363$ & $-0.013558$ & $-0.0065163$ & $-0.0233941$ & $0.0386255$ & $-0.0505193$ & $0.0193635$ & $0.00270262$ & $0.0317279$ & $0.196203$ & $0.00096687$ & $-0.0371305$ & $-0.0130668$ & $0.024992$ & $-0.111456$ & $-0.0587234$ & $0.0342683$ & $0.020507$ & $0.0165054$ & $-0.0509807$ & $-8.46216e-06$ & $-0.0987169$ & $0.00827029$ & $0.0163247$ & $1$ & $0.016434$ \\
eHbbpar & $0.0311754$ & $0.0538994$ & $-0.0442581$ & $-0.0910769$ & $-0.0544923$ & $0.00993838$ & $-0.0110708$ & $-0.0725825$ & $-0.0675832$ & $-0.0039969$ & $0.0329137$ & $0.0208142$ & $-0.0412533$ & $0.0373454$ & $-0.00236999$ & $-0.00308559$ & $0.0662684$ & $0.0713816$ & $0.0660793$ & $-0.0296644$ & $-0.0361137$ & $-0.0450997$ & $0.0156508$ & $0.0980352$ & $0.0778525$ & $0.0388603$ & $-0.0151796$ & $-0.0412307$ & $0.0199757$ & $0.00218178$ & $0.0714565$ & $-0.0114163$ & $0.485587$ & $-0.0661752$ & $-0.103949$ & $0.0326062$ & $-0.0271378$ & $-0.0331365$ & $0.0331358$ & $0.0393126$ & $-0.0305674$ & $0.106132$ & $0.0374194$ & $-0.001835$ & $0.00187719$ & $-0.0702953$ & $0.0635813$ & $0.016434$ & $1$ \\
