 & AlsMz & dAle5Mz & mtop & mHl & Mz & CW & CHG & CHWB & CHWHB_gaga & CHWHB_gagaorth & CHD & CHbox & CH & CHL1_11 & CHL1_22 & CHL1_33 & CHL3_11 & CHL3_22 & CHL3_33 & CHe_11 & CHe_22 & CHe_33 & CHQ1_11 & CHQ1_33 & CHQ3_11 & CHu_11 & CHd_11 & CHd_33 & CeH_22r & CeH_33r & CuH_22r & CuH_33r & CdH_33r & CLL_1221 & eHggint & eHggpar & eHWWint & eHWWpar & eHZZint & eHZZpar & eHZgaint & eHZgapar & eHgagaint & eHmumuint & eHtautauint & eHccint & eHccpar & eHbbint & eHbbpar \\
AlsMz & $1$ & $-0.0215758$ & $-0.465896$ & $-0.234688$ & $-0.0168131$ & $0.00148761$ & $-0.081963$ & $0.184914$ & $0.154975$ & $-0.068557$ & $-0.149335$ & $-0.0309296$ & $0.00958454$ & $0.00468981$ & $-0.119627$ & $-0.105072$ & $-0.0345395$ & $0.0138684$ & $0.00592263$ & $0.117804$ & $0.176029$ & $0.170148$ & $0.0637595$ & $-0.172881$ & $0.0295842$ & $-0.059624$ & $0.381436$ & $0.0965429$ & $-0.112151$ & $-0.0742332$ & $-0.0485289$ & $-0.0800948$ & $-0.110137$ & $0.258645$ & $0.623139$ & $-0.376903$ & $-0.357754$ & $0.0107981$ & $0.0146932$ & $-0.0592781$ & $-0.0927829$ & $-0.0144486$ & $-0.600475$ & $0.0638244$ & $0.142341$ & $0.0846209$ & $-0.112734$ & $-0.388405$ & $-0.0171056$ \\
dAle5Mz & $-0.0215758$ & $1$ & $-0.0122142$ & $0.0310264$ & $0.0553784$ & $0.0805423$ & $0.0727373$ & $-0.171992$ & $-0.165242$ & $0.111395$ & $0.125221$ & $0.0472788$ & $-0.0138807$ & $0.0205512$ & $0.0863854$ & $0.111799$ & $0.0409412$ & $0.0152723$ & $-0.00690454$ & $-0.0923907$ & $-0.141718$ & $-0.144947$ & $-0.15448$ & $0.143386$ & $-0.0458769$ & $0.106741$ & $-0.350135$ & $-0.0455609$ & $0.0561593$ & $0.0715304$ & $0.0225142$ & $0.091675$ & $0.0111489$ & $-0.201291$ & $-0.22057$ & $-0.0869875$ & $-0.348331$ & $0.101404$ & $-0.13717$ & $-0.115132$ & $-0.145419$ & $-0.162786$ & $-0.149104$ & $-0.125009$ & $-0.38451$ & $-0.486922$ & $0.022457$ & $-0.487624$ & $-0.188916$ \\
mtop & $-0.465896$ & $-0.0122142$ & $1$ & $-0.269619$ & $0.00995191$ & $0.000146048$ & $0.0892918$ & $-0.276581$ & $-0.262787$ & $0.223328$ & $0.180855$ & $0.0744726$ & $-0.0179876$ & $0.0681167$ & $0.116791$ & $0.0992475$ & $0.145045$ & $0.089815$ & $0.10287$ & $-0.143961$ & $-0.212317$ & $-0.205739$ & $-0.0718785$ & $0.304802$ & $0.077026$ & $0.0834687$ & $-0.400411$ & $-0.0886235$ & $0.0360756$ & $0.00690695$ & $-0.00429699$ & $0.100599$ & $-0.0260485$ & $-0.328992$ & $-0.105979$ & $0.56098$ & $0.414351$ & $0.096758$ & $-0.370981$ & $0.223171$ & $0.144274$ & $-0.0506774$ & $0.0919331$ & $0.239269$ & $0.0962203$ & $-0.0240643$ & $-0.0170774$ & $0.349837$ & $-0.432546$ \\
mHl & $-0.234688$ & $0.0310264$ & $-0.269619$ & $1$ & $-0.00176615$ & $-0.0157124$ & $-0.10147$ & $0.107111$ & $0.116517$ & $-0.105839$ & $-0.0304019$ & $0.0844554$ & $0.107786$ & $-0.102542$ & $-0.0492498$ & $-0.106428$ & $-0.123693$ & $-0.103386$ & $-0.0669903$ & $0.0159207$ & $0.048157$ & $0.0446571$ & $0.0827404$ & $-0.162719$ & $-0.0480119$ & $-0.0438677$ & $0.208573$ & $0.0468177$ & $0.0477221$ & $0.104144$ & $0.0571754$ & $-0.100992$ & $0.228658$ & $0.130747$ & $-0.502194$ & $-0.0658582$ & $-0.00729087$ & $-0.0680545$ & $0.0376388$ & $-0.00938858$ & $0.200576$ & $0.0791648$ & $0.372828$ & $0.000607149$ & $-0.404254$ & $0.1798$ & $-0.0791988$ & $0.17697$ & $0.60707$ \\
Mz & $-0.0168131$ & $0.0553784$ & $0.00995191$ & $-0.00176615$ & $1$ & $0.00825297$ & $0.0354322$ & $-0.034945$ & $-0.0344783$ & $0.0294385$ & $0.0325446$ & $0.0274024$ & $0.00755072$ & $0.00841838$ & $0.021558$ & $0.0254348$ & $0.01094$ & $0.00265732$ & $-0.00261859$ & $-0.0189361$ & $-0.0284084$ & $-0.0306741$ & $-0.0139741$ & $0.0308961$ & $0.000918257$ & $0.0226041$ & $-0.0581031$ & $-0.00297448$ & $0.00214033$ & $0.00275912$ & $-0.00809337$ & $0.0377129$ & $-0.000431038$ & $-0.0492168$ & $-0.0155529$ & $-0.00298015$ & $0.00177707$ & $-0.0370076$ & $-0.0205284$ & $0.021243$ & $-0.00277731$ & $-0.0308555$ & $-0.00502385$ & $-0.00868565$ & $-0.0396709$ & $-0.0459556$ & $0.0050938$ & $-0.0199626$ & $-0.0231711$ \\
CW & $0.00148761$ & $0.0805423$ & $0.000146048$ & $-0.0157124$ & $0.00825297$ & $1$ & $0.0129843$ & $-0.109439$ & $-0.106969$ & $-0.00278307$ & $0.18068$ & $0.0282189$ & $0.00714964$ & $-0.00388104$ & $-0.105071$ & $-0.0782897$ & $-0.274509$ & $-0.0540628$ & $-0.0772024$ & $-0.179313$ & $-0.181795$ & $-0.181568$ & $0.0529762$ & $-0.0290177$ & $-0.0892089$ & $0.0670974$ & $-0.0327847$ & $-0.0565358$ & $-0.00951088$ & $0.0123062$ & $-0.0353369$ & $0.0150037$ & $-0.0286573$ & $-0.0790295$ & $0.0375304$ & $-0.023532$ & $-0.0508129$ & $-0.000584448$ & $-0.0341881$ & $-0.0352937$ & $0.0351924$ & $-0.000369154$ & $0.00221804$ & $0.036827$ & $-0.0243619$ & $-0.0257282$ & $-0.0546527$ & $0.00022199$ & $-0.0916102$ \\
CHG & $-0.081963$ & $0.0727373$ & $0.0892918$ & $-0.10147$ & $0.0354322$ & $0.0129843$ & $1$ & $-0.142956$ & $-0.0845202$ & $0.083545$ & $0.0944801$ & $-0.198825$ & $-0.246672$ & $0.0568924$ & $0.00221872$ & $-0.02666$ & $0.0719515$ & $0.0781952$ & $0.102947$ & $-0.0887792$ & $-0.101546$ & $-0.0970647$ & $-0.0610216$ & $0.142082$ & $0.0971139$ & $0.0998715$ & $-0.0766009$ & $-0.0463648$ & $0.0467936$ & $-0.10766$ & $-0.0813486$ & $0.932294$ & $-0.164441$ & $-0.122348$ & $-0.0328783$ & $-0.104753$ & $-0.0695682$ & $0.0118814$ & $0.0221033$ & $0.0794032$ & $-0.117758$ & $0.0393846$ & $0.0185074$ & $0.068175$ & $-0.0531614$ & $-0.119436$ & $0.0259918$ & $-0.110134$ & $-0.0719254$ \\
CHWB & $0.184914$ & $-0.171992$ & $-0.276581$ & $0.107111$ & $-0.034945$ & $-0.109439$ & $-0.142956$ & $1$ & $0.981786$ & $-0.553613$ & $-0.866411$ & $0.108153$ & $0.310305$ & $0.102596$ & $0.349618$ & $0.363123$ & $-0.214087$ & $-0.429539$ & $-0.439768$ & $0.838929$ & $0.882072$ & $0.862244$ & $0.00334601$ & $-0.639586$ & $-0.446751$ & $-0.472203$ & $0.329655$ & $0.293009$ & $-0.00901432$ & $0.0891989$ & $0.0690096$ & $-0.138141$ & $0.152033$ & $0.490541$ & $0.0685957$ & $-0.0975387$ & $-0.194407$ & $-0.0263044$ & $0.198302$ & $-0.103118$ & $0.000820789$ & $0.215298$ & $0.0794727$ & $-0.0745362$ & $0.0470311$ & $0.167748$ & $0.0048917$ & $-0.0263109$ & $0.2127$ \\
CHWHB_gaga & $0.154975$ & $-0.165242$ & $-0.262787$ & $0.116517$ & $-0.0344783$ & $-0.106969$ & $-0.0845202$ & $0.981786$ & $1$ & $-0.543263$ & $-0.844423$ & $0.126798$ & $0.313536$ & $0.0891943$ & $0.346152$ & $0.358057$ & $-0.222635$ & $-0.434508$ & $-0.443604$ & $0.818186$ & $0.859524$ & $0.840241$ & $0.00589746$ & $-0.63424$ & $-0.449165$ & $-0.462317$ & $0.320513$ & $0.279423$ & $0.00239734$ & $0.113885$ & $0.0849224$ & $-0.0874599$ & $0.18385$ & $0.478555$ & $0.0439658$ & $-0.0953945$ & $-0.188121$ & $-0.0268147$ & $0.205125$ & $-0.0984376$ & $-0.00300494$ & $0.223571$ & $0.112293$ & $-0.0784262$ & $0.0297503$ & $0.15717$ & $0.016581$ & $-0.0260851$ & $0.218292$ \\
CHWHB_gagaorth & $-0.068557$ & $0.111395$ & $0.223328$ & $-0.105839$ & $0.0294385$ & $-0.00278307$ & $0.083545$ & $-0.553613$ & $-0.543263$ & $1$ & $0.3352$ & $0.161772$ & $-0.229643$ & $0.209011$ & $-0.14466$ & $-0.168687$ & $0.402726$ & $0.458219$ & $0.479539$ & $-0.325394$ & $-0.348093$ & $-0.341025$ & $-0.00361198$ & $0.520482$ & $0.478842$ & $0.16693$ & $-0.186306$ & $-0.132971$ & $0.0179472$ & $-0.115936$ & $-0.0609895$ & $0.105165$ & $-0.169512$ & $-0.304063$ & $-0.00851368$ & $0.0925726$ & $0.163859$ & $0.0430897$ & $-0.166132$ & $0.0997339$ & $0.00743976$ & $-0.11964$ & $-0.0634905$ & $0.0455824$ & $-0.0341374$ & $-0.13265$ & $0.0388773$ & $-0.00305432$ & $-0.137791$ \\
CHD & $-0.149335$ & $0.125221$ & $0.180855$ & $-0.0304019$ & $0.0325446$ & $0.18068$ & $0.0944801$ & $-0.866411$ & $-0.844423$ & $0.3352$ & $1$ & $0.0807859$ & $-0.104069$ & $-0.536511$ & $-0.464198$ & $-0.475427$ & $-0.266289$ & $0.0405735$ & $0.0455829$ & $-0.990078$ & $-0.991557$ & $-0.968479$ & $0.0324349$ & $0.245117$ & $0.0186823$ & $0.54929$ & $-0.196903$ & $-0.318977$ & $0.013255$ & $-0.026777$ & $-0.0458207$ & $0.10594$ & $-0.0683867$ & $-0.28534$ & $-0.0661511$ & $0.0869264$ & $0.142668$ & $-0.0172924$ & $-0.18787$ & $0.0783782$ & $-0.0421716$ & $-0.137524$ & $-0.0621794$ & $0.0810445$ & $-0.0279143$ & $-0.082085$ & $-0.0514601$ & $0.023924$ & $-0.163241$ \\
CHbox & $-0.0309296$ & $0.0472788$ & $0.0744726$ & $0.0844554$ & $0.0274024$ & $0.0282189$ & $-0.198825$ & $0.108153$ & $0.126798$ & $0.161772$ & $0.0807859$ & $1$ & $0.836834$ & $-0.34531$ & $0.092533$ & $0.0299351$ & $-0.36067$ & $-0.393402$ & $-0.346658$ & $-0.0637267$ & $-0.0824345$ & $-0.0830003$ & $0.0146591$ & $-0.248958$ & $-0.359749$ & $0.0366365$ & $-0.024367$ & $-0.0344583$ & $0.0799509$ & $0.35992$ & $0.136153$ & $-0.0955303$ & $0.471307$ & $-0.00247758$ & $-0.0514258$ & $0.161517$ & $0.0868144$ & $-0.0967541$ & $-0.193985$ & $0.00839771$ & $0.0573722$ & $0.0399183$ & $0.00866211$ & $0.0639389$ & $0.00249923$ & $0.0473778$ & $-0.118132$ & $0.112854$ & $-0.0234373$ \\
CH & $0.00958454$ & $-0.0138807$ & $-0.0179876$ & $0.107786$ & $0.00755072$ & $0.00714964$ & $-0.246672$ & $0.310305$ & $0.313536$ & $-0.229643$ & $-0.104069$ & $0.836834$ & $1$ & $-0.296423$ & $0.138791$ & $0.0835443$ & $-0.382984$ & $-0.447296$ & $-0.406008$ & $0.109037$ & $0.108707$ & $0.103219$ & $0.0137279$ & $-0.374197$ & $-0.420703$ & $-0.0564276$ & $0.0704163$ & $0.0262865$ & $0.0604791$ & $0.293728$ & $0.133769$ & $-0.179952$ & $0.402507$ & $0.117892$ & $-0.0402951$ & $0.125199$ & $0.00707425$ & $-0.0915896$ & $-0.11884$ & $-0.0365021$ & $0.0651562$ & $0.0891057$ & $0.0296087$ & $0.041255$ & $0.0233961$ & $0.106191$ & $-0.112971$ & $0.112419$ & $0.0360585$ \\
CHL1_11 & $0.00468981$ & $0.0205512$ & $0.0681167$ & $-0.102542$ & $0.00841838$ & $-0.00388104$ & $0.0568924$ & $0.102596$ & $0.0891943$ & $0.209011$ & $-0.536511$ & $-0.34531$ & $-0.296423$ & $1$ & $0.260075$ & $0.271641$ & $0.671139$ & $0.604483$ & $0.602276$ & $0.548761$ & $0.503438$ & $0.490823$ & $-0.0504674$ & $0.486101$ & $0.631664$ & $-0.304975$ & $-0.101374$ & $0.147422$ & $-0.0237359$ & $-0.0996131$ & $-0.043666$ & $0.0228032$ & $-0.128618$ & $-0.219471$ & $0.0317162$ & $-0.0252675$ & $0.0126509$ & $0.0801173$ & $0.0618302$ & $0.00366173$ & $0.0768666$ & $-0.0516202$ & $0.00486211$ & $-0.0364084$ & $-0.024192$ & $-0.0889994$ & $0.0881243$ & $-0.0132705$ & $-0.020191$ \\
CHL1_22 & $-0.119627$ & $0.0863854$ & $0.116791$ & $-0.0492498$ & $0.021558$ & $-0.105071$ & $0.00221872$ & $0.349618$ & $0.346152$ & $-0.14466$ & $-0.464198$ & $0.092533$ & $0.138791$ & $0.260075$ & $1$ & $0.452372$ & $0.166633$ & $-0.4657$ & $-0.0408401$ & $0.529004$ & $0.385577$ & $0.374708$ & $-0.170309$ & $0.104954$ & $-0.108228$ & $-0.201867$ & $-0.407314$ & $0.128168$ & $0.0614174$ & $0.0781723$ & $0.0553103$ & $0.0121736$ & $0.10676$ & $-0.615116$ & $-0.0669613$ & $0.0446487$ & $0.0669856$ & $-0.0518101$ & $-0.0518746$ & $-0.00317114$ & $0.109969$ & $-0.145876$ & $-0.0138828$ & $0.0097147$ & $-0.012004$ & $-0.0449449$ & $-0.0597563$ & $0.0922511$ & $-0.0893752$ \\
CHL1_33 & $-0.105072$ & $0.111799$ & $0.0992475$ & $-0.106428$ & $0.0254348$ & $-0.0782897$ & $-0.02666$ & $0.363123$ & $0.358057$ & $-0.168687$ & $-0.475427$ & $0.0299351$ & $0.0835443$ & $0.271641$ & $0.452372$ & $1$ & $0.158675$ & $-0.0455028$ & $-0.437079$ & $0.536289$ & $0.401253$ & $0.41832$ & $-0.128461$ & $0.0942367$ & $-0.109473$ & $-0.246566$ & $-0.386592$ & $0.143781$ & $0.0476054$ & $0.0483652$ & $0.026195$ & $-0.0309264$ & $0.0518447$ & $-0.0774229$ & $-0.0265944$ & $0.0514613$ & $0.0200495$ & $-0.0131848$ & $-0.0212012$ & $-0.034853$ & $0.110203$ & $-0.0908725$ & $-0.0298249$ & $-0.00528343$ & $-0.0164049$ & $-0.0540081$ & $-0.0385626$ & $0.0884898$ & $-0.0763101$ \\
CHL3_11 & $-0.0345395$ & $0.0409412$ & $0.145045$ & $-0.123693$ & $0.01094$ & $-0.274509$ & $0.0719515$ & $-0.214087$ & $-0.222635$ & $0.402726$ & $-0.266289$ & $-0.36067$ & $-0.382984$ & $0.671139$ & $0.166633$ & $0.158675$ & $1$ & $0.725435$ & $0.737776$ & $0.284228$ & $0.239328$ & $0.231385$ & $-0.0492248$ & $0.677393$ & $0.79998$ & $-0.158049$ & $-0.151843$ & $0.0568471$ & $-0.00768787$ & $-0.116789$ & $-0.0268501$ & $0.042865$ & $-0.146159$ & $-0.235612$ & $0.00113863$ & $0.0136929$ & $0.0846168$ & $0.0812174$ & $0.00252854$ & $0.0474971$ & $0.0553305$ & $-0.109872$ & $-0.0205292$ & $-0.0231029$ & $-0.0219835$ & $-0.136403$ & $0.107823$ & $-0.00705329$ & $-0.0478653$ \\
CHL3_22 & $0.0138684$ & $0.0152723$ & $0.089815$ & $-0.103386$ & $0.00265732$ & $-0.0540628$ & $0.0781952$ & $-0.429539$ & $-0.434508$ & $0.458219$ & $0.0405735$ & $-0.393402$ & $-0.447296$ & $0.604483$ & $-0.4657$ & $-0.0455028$ & $0.725435$ & $1$ & $0.677895$ & $-0.0492902$ & $-0.0305342$ & $-0.027172$ & $0.0485294$ & $0.607531$ & $0.807781$ & $-0.021424$ & $0.0366723$ & $-0.0278119$ & $-0.0471478$ & $-0.16001$ & $-0.0773819$ & $0.0422446$ & $-0.215317$ & $0.0860777$ & $0.0410396$ & $-0.00592593$ & $0.0449725$ & $0.109744$ & $0.0213672$ & $0.0412891$ & $0.00421871$ & $-0.0320216$ & $-0.0155325$ & $-0.0183557$ & $-0.021515$ & $-0.112429$ & $0.121222$ & $-0.0477927$ & $-0.0227185$ \\
CHL3_33 & $0.00592263$ & $-0.00690454$ & $0.10287$ & $-0.0669903$ & $-0.00261859$ & $-0.0772024$ & $0.102947$ & $-0.439768$ & $-0.443604$ & $0.479539$ & $0.0455829$ & $-0.346658$ & $-0.406008$ & $0.602276$ & $-0.0408401$ & $-0.437079$ & $0.737776$ & $0.677895$ & $1$ & $-0.0508296$ & $-0.0382466$ & $-0.0342281$ & $0.0163124$ & $0.619608$ & $0.816735$ & $0.0118377$ & $0.0220873$ & $-0.0353791$ & $-0.0371118$ & $-0.13718$ & $-0.0561867$ & $0.0774602$ & $-0.176199$ & $-0.33406$ & $0.0182396$ & $-0.0170953$ & $0.0758664$ & $0.0803694$ & $-0.00126142$ & $0.0677732$ & $-0.000303613$ & $-0.070263$ & $-0.0048439$ & $-0.00403548$ & $-0.0161907$ & $-0.108082$ & $0.107267$ & $-0.0510986$ & $-0.0376389$ \\
CHe_11 & $0.117804$ & $-0.0923907$ & $-0.143961$ & $0.0159207$ & $-0.0189361$ & $-0.179313$ & $-0.0887792$ & $0.838929$ & $0.818186$ & $-0.325394$ & $-0.990078$ & $-0.0637267$ & $0.109037$ & $0.548761$ & $0.529004$ & $0.536289$ & $0.284228$ & $-0.0492902$ & $-0.0508296$ & $1$ & $0.972604$ & $0.950707$ & $-0.0522072$ & $-0.191842$ & $-0.0104836$ & $-0.540741$ & $0.118392$ & $0.314005$ & $-0.00578769$ & $0.0347542$ & $0.0486791$ & $-0.0981507$ & $0.0750768$ & $0.203003$ & $0.0512614$ & $-0.070293$ & $-0.122933$ & $0.0140472$ & $0.16613$ & $-0.0738911$ & $0.055689$ & $0.106554$ & $0.0556364$ & $-0.0750505$ & $0.0208106$ & $0.0594666$ & $0.0424899$ & $-0.0100259$ & $0.134877$ \\
CHe_22 & $0.176029$ & $-0.141718$ & $-0.212317$ & $0.048157$ & $-0.0284084$ & $-0.181795$ & $-0.101546$ & $0.882072$ & $0.859524$ & $-0.348093$ & $-0.991557$ & $-0.0824345$ & $0.108707$ & $0.503438$ & $0.385577$ & $0.401253$ & $0.239328$ & $-0.0305342$ & $-0.0382466$ & $0.972604$ & $1$ & $0.972466$ & $-0.0118815$ & $-0.29941$ & $-0.0302838$ & $-0.5505$ & $0.272647$ & $0.3191$ & $-0.0216291$ & $0.024568$ & $0.0454079$ & $-0.112902$ & $0.0675782$ & $0.369895$ & $0.0738321$ & $-0.0985555$ & $-0.163203$ & $0.0212963$ & $0.205269$ & $-0.0828818$ & $0.0265395$ & $0.168086$ & $0.0704985$ & $-0.0886548$ & $0.028873$ & $0.094446$ & $0.0605566$ & $-0.0418884$ & $0.188504$ \\
CHe_33 & $0.170148$ & $-0.144947$ & $-0.205739$ & $0.0446571$ & $-0.0306741$ & $-0.181568$ & $-0.0970647$ & $0.862244$ & $0.840241$ & $-0.341025$ & $-0.968479$ & $-0.0830003$ & $0.103219$ & $0.490823$ & $0.374708$ & $0.41832$ & $0.231385$ & $-0.027172$ & $-0.0342281$ & $0.950707$ & $0.972466$ & $1$ & $-0.0152474$ & $-0.293202$ & $-0.0293689$ & $-0.532585$ & $0.265779$ & $0.315705$ & $-0.0166062$ & $0.0201781$ & $0.0416842$ & $-0.109684$ & $0.0597071$ & $0.365568$ & $0.0762841$ & $-0.0996687$ & $-0.164964$ & $0.0191878$ & $0.200408$ & $-0.0810548$ & $0.0167959$ & $0.168198$ & $0.0729091$ & $-0.0822996$ & $0.0324979$ & $0.0954304$ & $0.061804$ & $-0.043918$ & $0.180673$ \\
CHQ1_11 & $0.0637595$ & $-0.15448$ & $-0.0718785$ & $0.0827404$ & $-0.0139741$ & $0.0529762$ & $-0.0610216$ & $0.00334601$ & $0.00589746$ & $-0.00361198$ & $0.0324349$ & $0.0146591$ & $0.0137279$ & $-0.0504674$ & $-0.170309$ & $-0.128461$ & $-0.0492248$ & $0.0485294$ & $0.0163124$ & $-0.0522072$ & $-0.0118815$ & $-0.0152474$ & $1$ & $-0.0901461$ & $0.0642749$ & $-0.672291$ & $0.269641$ & $-0.0135308$ & $-0.0560777$ & $0.000663699$ & $0.0222324$ & $-0.0593941$ & $0.0304344$ & $0.149882$ & $0.0393413$ & $0.0118457$ & $-0.00651513$ & $0.0451794$ & $0.0990843$ & $0.0646629$ & $0.0522075$ & $0.0921654$ & $0.0993737$ & $-0.0239868$ & $0.0147104$ & $0.0817659$ & $0.0105983$ & $0.0382105$ & $0.138932$ \\
CHQ1_33 & $-0.172881$ & $0.143386$ & $0.304802$ & $-0.162719$ & $0.0308961$ & $-0.0290177$ & $0.142082$ & $-0.639586$ & $-0.63424$ & $0.520482$ & $0.245117$ & $-0.248958$ & $-0.374197$ & $0.486101$ & $0.104954$ & $0.0942367$ & $0.677393$ & $0.607531$ & $0.619608$ & $-0.191842$ & $-0.29941$ & $-0.293202$ & $-0.0901461$ & $1$ & $0.678009$ & $0.133614$ & $-0.396796$ & $-0.015928$ & $0.0145214$ & $-0.10887$ & $-0.0526299$ & $0.121019$ & $-0.1627$ & $-0.60261$ & $-0.0422664$ & $0.0998255$ & $0.189562$ & $0.0574457$ & $-0.158353$ & $0.0834183$ & $0.0899999$ & $-0.221309$ & $-0.0711749$ & $0.061605$ & $-0.0365746$ & $-0.174296$ & $0.0264928$ & $0.0707377$ & $-0.19647$ \\
CHQ3_11 & $0.0295842$ & $-0.0458769$ & $0.077026$ & $-0.0480119$ & $0.000918257$ & $-0.0892089$ & $0.0971139$ & $-0.446751$ & $-0.449165$ & $0.478842$ & $0.0186823$ & $-0.359749$ & $-0.420703$ & $0.631664$ & $-0.108228$ & $-0.109473$ & $0.79998$ & $0.807781$ & $0.816735$ & $-0.0104836$ & $-0.0302838$ & $-0.0293689$ & $0.0642749$ & $0.678009$ & $1$ & $-0.0125728$ & $0.154144$ & $-0.0314508$ & $-0.0403276$ & $-0.140501$ & $-0.0611874$ & $0.065891$ & $-0.178671$ & $-0.25249$ & $0.0331691$ & $-0.00383198$ & $0.0480188$ & $0.111501$ & $0.00791903$ & $0.039193$ & $0.0424906$ & $-0.00766482$ & $0.0124082$ & $0.0126394$ & $-0.0295238$ & $-0.0763461$ & $0.115024$ & $-0.0141453$ & $0.026416$ \\
CHu_11 & $-0.059624$ & $0.106741$ & $0.0834687$ & $-0.0438677$ & $0.0226041$ & $0.0670974$ & $0.0998715$ & $-0.472203$ & $-0.462317$ & $0.16693$ & $0.54929$ & $0.0366365$ & $-0.0564276$ & $-0.304975$ & $-0.201867$ & $-0.246566$ & $-0.158049$ & $-0.021424$ & $0.0118377$ & $-0.540741$ & $-0.5505$ & $-0.532585$ & $-0.672291$ & $0.133614$ & $-0.0125728$ & $1$ & $-0.101373$ & $-0.173894$ & $0.0318687$ & $-0.0112871$ & $-0.0536927$ & $0.107439$ & $-0.0608453$ & $-0.200858$ & $-0.0295885$ & $0.0256646$ & $0.0340376$ & $-0.0331904$ & $-0.166473$ & $-0.0168643$ & $-0.089732$ & $-0.0590095$ & $-0.108135$ & $0.0749415$ & $-0.00146545$ & $-0.0386177$ & $-0.0341171$ & $-0.0273343$ & $-0.147432$ \\
CHd_11 & $0.381436$ & $-0.350135$ & $-0.400411$ & $0.208573$ & $-0.0581031$ & $-0.0327847$ & $-0.0766009$ & $0.329655$ & $0.320513$ & $-0.186306$ & $-0.196903$ & $-0.024367$ & $0.0704163$ & $-0.101374$ & $-0.407314$ & $-0.386592$ & $-0.151843$ & $0.0366723$ & $0.0220873$ & $0.118392$ & $0.272647$ & $0.265779$ & $0.269641$ & $-0.396796$ & $0.154144$ & $-0.101373$ & $1$ & $0.063026$ & $-0.0832798$ & $-0.0153546$ & $0.00532663$ & $-0.0813991$ & $0.01791$ & $0.631241$ & $0.165591$ & $-0.141776$ & $-0.253007$ & $0.0591961$ & $0.196736$ & $-0.0801288$ & $-0.0828162$ & $0.39964$ & $0.0897409$ & $-0.0185734$ & $0.0548851$ & $0.251578$ & $0.0762243$ & $-0.105691$ & $0.352463$ \\
CHd_33 & $0.0965429$ & $-0.0455609$ & $-0.0886235$ & $0.0468177$ & $-0.00297448$ & $-0.0565358$ & $-0.0463648$ & $0.293009$ & $0.279423$ & $-0.132971$ & $-0.318977$ & $-0.0344583$ & $0.0262865$ & $0.147422$ & $0.128168$ & $0.143781$ & $0.0568471$ & $-0.0278119$ & $-0.0353791$ & $0.314005$ & $0.3191$ & $0.315705$ & $-0.0135308$ & $-0.015928$ & $-0.0314508$ & $-0.173894$ & $0.063026$ & $1$ & $-0.0233609$ & $-0.00724474$ & $-0.0268328$ & $-0.0498196$ & $0.0105222$ & $0.12236$ & $0.0795416$ & $-0.0757559$ & $-0.0882854$ & $0.0347994$ & $0.0494668$ & $-0.0118392$ & $0.0715392$ & $0.0212643$ & $-0.0220464$ & $0.032181$ & $5.22311e-05$ & $0.0544638$ & $-0.0458309$ & $0.00248495$ & $0.0638288$ \\
CeH_22r & $-0.112151$ & $0.0561593$ & $0.0360756$ & $0.0477221$ & $0.00214033$ & $-0.00951088$ & $0.0467936$ & $-0.00901432$ & $0.00239734$ & $0.0179472$ & $0.013255$ & $0.0799509$ & $0.0604791$ & $-0.0237359$ & $0.0614174$ & $0.0476054$ & $-0.00768787$ & $-0.0471478$ & $-0.0371118$ & $-0.00578769$ & $-0.0216291$ & $-0.0166062$ & $-0.0560777$ & $0.0145214$ & $-0.0403276$ & $0.0318687$ & $-0.0832798$ & $-0.0233609$ & $1$ & $0.0599006$ & $0.041959$ & $0.0529794$ & $0.0773122$ & $-0.0553945$ & $-0.0426196$ & $0.0311566$ & $0.0379668$ & $-0.0720849$ & $-0.0902644$ & $0.0308965$ & $0.00879771$ & $-0.0173499$ & $0.0328869$ & $0.0472563$ & $-0.0346621$ & $-0.0414622$ & $-0.0412692$ & $0.00827626$ & $-0.0207164$ \\
CeH_33r & $-0.0742332$ & $0.0715304$ & $0.00690695$ & $0.104144$ & $0.00275912$ & $0.0123062$ & $-0.10766$ & $0.0891989$ & $0.113885$ & $-0.115936$ & $-0.026777$ & $0.35992$ & $0.293728$ & $-0.0996131$ & $0.0781723$ & $0.0483652$ & $-0.116789$ & $-0.16001$ & $-0.13718$ & $0.0347542$ & $0.024568$ & $0.0201781$ & $0.000663699$ & $-0.10887$ & $-0.140501$ & $-0.0112871$ & $-0.0153546$ & $-0.00724474$ & $0.0599006$ & $1$ & $0.316808$ & $0.0494874$ & $0.709352$ & $0.00219089$ & $-0.0865279$ & $0.0515592$ & $-0.00947305$ & $-0.0732452$ & $-0.0965759$ & $-0.00399037$ & $-0.0189681$ & $0.0717542$ & $0.0435198$ & $0.0567007$ & $-0.00667395$ & $0.015347$ & $-0.0934084$ & $0.0469185$ & $-0.0186916$ \\
CuH_22r & $-0.0485289$ & $0.0225142$ & $-0.00429699$ & $0.0571754$ & $-0.00809337$ & $-0.0353369$ & $-0.0813486$ & $0.0690096$ & $0.0849224$ & $-0.0609895$ & $-0.0458207$ & $0.136153$ & $0.133769$ & $-0.043666$ & $0.0553103$ & $0.026195$ & $-0.0268501$ & $-0.0773819$ & $-0.0561867$ & $0.0486791$ & $0.0454079$ & $0.0416842$ & $0.0222324$ & $-0.0526299$ & $-0.0611874$ & $-0.0536927$ & $0.00532663$ & $-0.0268328$ & $0.041959$ & $0.316808$ & $1$ & $0.00618201$ & $0.401665$ & $0.0149664$ & $-0.147297$ & $0.0508035$ & $0.0217636$ & $-0.0610841$ & $-0.0236479$ & $-0.0268443$ & $-0.0584814$ & $0.0360016$ & $0.0738935$ & $-0.0922457$ & $-0.0343034$ & $0.0507995$ & $0.11643$ & $0.00531977$ & $0.0335828$ \\
CuH_33r & $-0.0800948$ & $0.091675$ & $0.100599$ & $-0.100992$ & $0.0377129$ & $0.0150037$ & $0.932294$ & $-0.138141$ & $-0.0874599$ & $0.105165$ & $0.10594$ & $-0.0955303$ & $-0.179952$ & $0.0228032$ & $0.0121736$ & $-0.0309264$ & $0.042865$ & $0.0422446$ & $0.0774602$ & $-0.0981507$ & $-0.112902$ & $-0.109684$ & $-0.0593941$ & $0.121019$ & $0.065891$ & $0.107439$ & $-0.0813991$ & $-0.0498196$ & $0.0529794$ & $0.0494874$ & $0.00618201$ & $1$ & $0.0387293$ & $-0.126774$ & $-0.0246953$ & $-0.0929804$ & $-0.0681692$ & $-0.00839935$ & $-0.0120889$ & $0.0816831$ & $-0.105544$ & $0.0469789$ & $0.0114768$ & $0.0917197$ & $-0.0544888$ & $-0.131985$ & $-0.014413$ & $-0.0970398$ & $-0.085623$ \\
CdH_33r & $-0.110137$ & $0.0111489$ & $-0.0260485$ & $0.228658$ & $-0.000431038$ & $-0.0286573$ & $-0.164441$ & $0.152033$ & $0.18385$ & $-0.169512$ & $-0.0683867$ & $0.471307$ & $0.402507$ & $-0.128618$ & $0.10676$ & $0.0518447$ & $-0.146159$ & $-0.215317$ & $-0.176199$ & $0.0750768$ & $0.0675782$ & $0.0597071$ & $0.0304344$ & $-0.1627$ & $-0.178671$ & $-0.0608453$ & $0.01791$ & $0.0105222$ & $0.0773122$ & $0.709352$ & $0.401665$ & $0.0387293$ & $1$ & $0.029492$ & $-0.191965$ & $0.0908401$ & $0.0328646$ & $-0.133326$ & $-0.0613075$ & $0.00387143$ & $0.104663$ & $0.0669829$ & $0.139847$ & $-0.0051415$ & $-0.0852682$ & $0.0592178$ & $-0.0796915$ & $0.155654$ & $0.191846$ \\
CLL_1221 & $0.258645$ & $-0.201291$ & $-0.328992$ & $0.130747$ & $-0.0492168$ & $-0.0790295$ & $-0.122348$ & $0.490541$ & $0.478555$ & $-0.304063$ & $-0.28534$ & $-0.00247758$ & $0.117892$ & $-0.219471$ & $-0.615116$ & $-0.0774229$ & $-0.235612$ & $0.0860777$ & $-0.33406$ & $0.203003$ & $0.369895$ & $0.365568$ & $0.149882$ & $-0.60261$ & $-0.25249$ & $-0.200858$ & $0.631241$ & $0.12236$ & $-0.0553945$ & $0.00219089$ & $0.0149664$ & $-0.126774$ & $0.029492$ & $1$ & $0.107305$ & $-0.116181$ & $-0.22306$ & $0.0270359$ & $0.204068$ & $-0.0817244$ & $-0.106227$ & $0.302664$ & $0.0724431$ & $-0.0745436$ & $0.044113$ & $0.166547$ & $0.0657831$ & $-0.114734$ & $0.257852$ \\
eHggint & $0.623139$ & $-0.22057$ & $-0.105979$ & $-0.502194$ & $-0.0155529$ & $0.0375304$ & $-0.0328783$ & $0.0685957$ & $0.0439658$ & $-0.00851368$ & $-0.0661511$ & $-0.0514258$ & $-0.0402951$ & $0.0317162$ & $-0.0669613$ & $-0.0265944$ & $0.00113863$ & $0.0410396$ & $0.0182396$ & $0.0512614$ & $0.0738321$ & $0.0762841$ & $0.0393413$ & $-0.0422664$ & $0.0331691$ & $-0.0295885$ & $0.165591$ & $0.0795416$ & $-0.0426196$ & $-0.0865279$ & $-0.147297$ & $-0.0246953$ & $-0.191965$ & $0.107305$ & $1$ & $-0.364449$ & $-0.15135$ & $0.104248$ & $0.0369425$ & $0.0682595$ & $0.105157$ & $-0.0208647$ & $-0.485176$ & $0.33808$ & $0.354976$ & $-0.0869453$ & $-0.375413$ & $-0.147722$ & $-0.319625$ \\
eHggpar & $-0.376903$ & $-0.0869875$ & $0.56098$ & $-0.0658582$ & $-0.00298015$ & $-0.023532$ & $-0.104753$ & $-0.0975387$ & $-0.0953945$ & $0.0925726$ & $0.0869264$ & $0.161517$ & $0.125199$ & $-0.0252675$ & $0.0446487$ & $0.0514613$ & $0.0136929$ & $-0.00592593$ & $-0.0170953$ & $-0.070293$ & $-0.0985555$ & $-0.0996687$ & $0.0118457$ & $0.0998255$ & $-0.00383198$ & $0.0256646$ & $-0.141776$ & $-0.0757559$ & $0.0311566$ & $0.0515592$ & $0.0508035$ & $-0.0929804$ & $0.0908401$ & $-0.116181$ & $-0.364449$ & $1$ & $0.440506$ & $-0.143076$ & $-0.340831$ & $0.00737541$ & $0.192116$ & $0.131459$ & $0.0355498$ & $0.0267368$ & $0.152324$ & $0.365195$ & $0.069514$ & $0.547652$ & $-0.144084$ \\
eHWWint & $-0.357754$ & $-0.348331$ & $0.414351$ & $-0.00729087$ & $0.00177707$ & $-0.0508129$ & $-0.0695682$ & $-0.194407$ & $-0.188121$ & $0.163859$ & $0.142668$ & $0.0868144$ & $0.00707425$ & $0.0126509$ & $0.0669856$ & $0.0200495$ & $0.0846168$ & $0.0449725$ & $0.0758664$ & $-0.122933$ & $-0.163203$ & $-0.164964$ & $-0.00651513$ & $0.189562$ & $0.0480188$ & $0.0340376$ & $-0.253007$ & $-0.0882854$ & $0.0379668$ & $-0.00947305$ & $0.0217636$ & $-0.0681692$ & $0.0328646$ & $-0.22306$ & $-0.15135$ & $0.440506$ & $1$ & $-0.176613$ & $0.0190038$ & $0.0119519$ & $0.326407$ & $-0.137097$ & $0.243493$ & $-0.192439$ & $-0.0780322$ & $0.0257915$ & $0.207374$ & $0.487677$ & $0.0051427$ \\
eHWWpar & $0.0107981$ & $0.101404$ & $0.096758$ & $-0.0680545$ & $-0.0370076$ & $-0.000584448$ & $0.0118814$ & $-0.0263044$ & $-0.0268147$ & $0.0430897$ & $-0.0172924$ & $-0.0967541$ & $-0.0915896$ & $0.0801173$ & $-0.0518101$ & $-0.0131848$ & $0.0812174$ & $0.109744$ & $0.0803694$ & $0.0140472$ & $0.0212963$ & $0.0191878$ & $0.0451794$ & $0.0574457$ & $0.111501$ & $-0.0331904$ & $0.0591961$ & $0.0347994$ & $-0.0720849$ & $-0.0732452$ & $-0.0610841$ & $-0.00839935$ & $-0.133326$ & $0.0270359$ & $0.104248$ & $-0.143076$ & $-0.176613$ & $1$ & $0.137513$ & $0.0554268$ & $-0.0271456$ & $0.0612049$ & $0.0133145$ & $0.0402132$ & $-0.0412075$ & $-0.152287$ & $-0.109236$ & $-0.147038$ & $-0.114061$ \\
eHZZint & $0.0146932$ & $-0.13717$ & $-0.370981$ & $0.0376388$ & $-0.0205284$ & $-0.0341881$ & $0.0221033$ & $0.198302$ & $0.205125$ & $-0.166132$ & $-0.18787$ & $-0.193985$ & $-0.11884$ & $0.0618302$ & $-0.0518746$ & $-0.0212012$ & $0.00252854$ & $0.0213672$ & $-0.00126142$ & $0.16613$ & $0.205269$ & $0.200408$ & $0.0990843$ & $-0.158353$ & $0.00791903$ & $-0.166473$ & $0.196736$ & $0.0494668$ & $-0.0902644$ & $-0.0965759$ & $-0.0236479$ & $-0.0120889$ & $-0.0613075$ & $0.204068$ & $0.0369425$ & $-0.340831$ & $0.0190038$ & $0.137513$ & $1$ & $-0.111062$ & $-0.0563335$ & $0.179678$ & $0.435776$ & $-0.573009$ & $-0.231495$ & $-0.309828$ & $0.360543$ & $-0.275027$ & $0.369228$ \\
eHZZpar & $-0.0592781$ & $-0.115132$ & $0.223171$ & $-0.00938858$ & $0.021243$ & $-0.0352937$ & $0.0794032$ & $-0.103118$ & $-0.0984376$ & $0.0997339$ & $0.0783782$ & $0.00839771$ & $-0.0365021$ & $0.00366173$ & $-0.00317114$ & $-0.034853$ & $0.0474971$ & $0.0412891$ & $0.0677732$ & $-0.0738911$ & $-0.0828818$ & $-0.0810548$ & $0.0646629$ & $0.0834183$ & $0.039193$ & $-0.0168643$ & $-0.0801288$ & $-0.0118392$ & $0.0308965$ & $-0.00399037$ & $-0.0268443$ & $0.0816831$ & $0.00387143$ & $-0.0817244$ & $0.0682595$ & $0.00737541$ & $0.0119519$ & $0.0554268$ & $-0.111062$ & $1$ & $0.110882$ & $-0.103287$ & $0.0209084$ & $0.166117$ & $0.130912$ & $0.0497378$ & $-0.0963749$ & $0.166823$ & $0.0159408$ \\
eHZgaint & $-0.0927829$ & $-0.145419$ & $0.144274$ & $0.200576$ & $-0.00277731$ & $0.0351924$ & $-0.117758$ & $0.000820789$ & $-0.00300494$ & $0.00743976$ & $-0.0421716$ & $0.0573722$ & $0.0651562$ & $0.0768666$ & $0.109969$ & $0.110203$ & $0.0553305$ & $0.00421871$ & $-0.000303613$ & $0.055689$ & $0.0265395$ & $0.0167959$ & $0.0522075$ & $0.0899999$ & $0.0424906$ & $-0.089732$ & $-0.0828162$ & $0.0715392$ & $0.00879771$ & $-0.0189681$ & $-0.0584814$ & $-0.105544$ & $0.104663$ & $-0.106227$ & $0.105157$ & $0.192116$ & $0.326407$ & $-0.0271456$ & $-0.0563335$ & $0.110882$ & $1$ & $-0.0427999$ & $0.0853733$ & $0.0505258$ & $-0.356023$ & $-0.000889021$ & $-0.367822$ & $0.554454$ & $0.354396$ \\
eHZgapar & $-0.0144486$ & $-0.162786$ & $-0.0506774$ & $0.0791648$ & $-0.0308555$ & $-0.000369154$ & $0.0393846$ & $0.215298$ & $0.223571$ & $-0.11964$ & $-0.137524$ & $0.0399183$ & $0.0891057$ & $-0.0516202$ & $-0.145876$ & $-0.0908725$ & $-0.109872$ & $-0.0320216$ & $-0.070263$ & $0.106554$ & $0.168086$ & $0.168198$ & $0.0921654$ & $-0.221309$ & $-0.00766482$ & $-0.0590095$ & $0.39964$ & $0.0212643$ & $-0.0173499$ & $0.0717542$ & $0.0360016$ & $0.0469789$ & $0.0669829$ & $0.302664$ & $-0.0208647$ & $0.131459$ & $-0.137097$ & $0.0612049$ & $0.179678$ & $-0.103287$ & $-0.0427999$ & $1$ & $0.19272$ & $0.124471$ & $0.0485983$ & $0.156875$ & $-0.0240299$ & $0.0435048$ & $0.0716298$ \\
eHgagaint & $-0.600475$ & $-0.149104$ & $0.0919331$ & $0.372828$ & $-0.00502385$ & $0.00221804$ & $0.0185074$ & $0.0794727$ & $0.112293$ & $-0.0634905$ & $-0.0621794$ & $0.00866211$ & $0.0296087$ & $0.00486211$ & $-0.0138828$ & $-0.0298249$ & $-0.0205292$ & $-0.0155325$ & $-0.0048439$ & $0.0556364$ & $0.0704985$ & $0.0729091$ & $0.0993737$ & $-0.0711749$ & $0.0124082$ & $-0.108135$ & $0.0897409$ & $-0.0220464$ & $0.0328869$ & $0.0435198$ & $0.0738935$ & $0.0114768$ & $0.139847$ & $0.0724431$ & $-0.485176$ & $0.0355498$ & $0.243493$ & $0.0133145$ & $0.435776$ & $0.0209084$ & $0.0853733$ & $0.19272$ & $1$ & $-0.367076$ & $-0.384686$ & $-0.211016$ & $0.410723$ & $0.132722$ & $0.3987$ \\
eHmumuint & $0.0638244$ & $-0.125009$ & $0.239269$ & $0.000607149$ & $-0.00868565$ & $0.036827$ & $0.068175$ & $-0.0745362$ & $-0.0784262$ & $0.0455824$ & $0.0810445$ & $0.0639389$ & $0.041255$ & $-0.0364084$ & $0.0097147$ & $-0.00528343$ & $-0.0231029$ & $-0.0183557$ & $-0.00403548$ & $-0.0750505$ & $-0.0886548$ & $-0.0822996$ & $-0.0239868$ & $0.061605$ & $0.0126394$ & $0.0749415$ & $-0.0185734$ & $0.032181$ & $0.0472563$ & $0.0567007$ & $-0.0922457$ & $0.0917197$ & $-0.0051415$ & $-0.0745436$ & $0.33808$ & $0.0267368$ & $-0.192439$ & $0.0402132$ & $-0.573009$ & $0.166117$ & $0.0505258$ & $0.124471$ & $-0.367076$ & $1$ & $0.439705$ & $0.327379$ & $-0.651925$ & $0.25432$ & $-0.290485$ \\
eHtautauint & $0.142341$ & $-0.38451$ & $0.0962203$ & $-0.404254$ & $-0.0396709$ & $-0.0243619$ & $-0.0531614$ & $0.0470311$ & $0.0297503$ & $-0.0341374$ & $-0.0279143$ & $0.00249923$ & $0.0233961$ & $-0.024192$ & $-0.012004$ & $-0.0164049$ & $-0.0219835$ & $-0.021515$ & $-0.0161907$ & $0.0208106$ & $0.028873$ & $0.0324979$ & $0.0147104$ & $-0.0365746$ & $-0.0295238$ & $-0.00146545$ & $0.0548851$ & $5.22311e-05$ & $-0.0346621$ & $-0.00667395$ & $-0.0343034$ & $-0.0544888$ & $-0.0852682$ & $0.044113$ & $0.354976$ & $0.152324$ & $-0.0780322$ & $-0.0412075$ & $-0.231495$ & $0.130912$ & $-0.356023$ & $0.0485983$ & $-0.384686$ & $0.439705$ & $1$ & $0.443505$ & $-0.245905$ & $0.262472$ & $-0.463805$ \\
eHccint & $0.0846209$ & $-0.486922$ & $-0.0240643$ & $0.1798$ & $-0.0459556$ & $-0.0257282$ & $-0.119436$ & $0.167748$ & $0.15717$ & $-0.13265$ & $-0.082085$ & $0.0473778$ & $0.106191$ & $-0.0889994$ & $-0.0449449$ & $-0.0540081$ & $-0.136403$ & $-0.112429$ & $-0.108082$ & $0.0594666$ & $0.094446$ & $0.0954304$ & $0.0817659$ & $-0.174296$ & $-0.0763461$ & $-0.0386177$ & $0.251578$ & $0.0544638$ & $-0.0414622$ & $0.015347$ & $0.0507995$ & $-0.131985$ & $0.0592178$ & $0.166547$ & $-0.0869453$ & $0.365195$ & $0.0257915$ & $-0.152287$ & $-0.309828$ & $0.0497378$ & $-0.000889021$ & $0.156875$ & $-0.211016$ & $0.327379$ & $0.443505$ & $1$ & $-0.179335$ & $0.502256$ & $0.0756625$ \\
eHccpar & $-0.112734$ & $0.022457$ & $-0.0170774$ & $-0.0791988$ & $0.0050938$ & $-0.0546527$ & $0.0259918$ & $0.0048917$ & $0.016581$ & $0.0388773$ & $-0.0514601$ & $-0.118132$ & $-0.112971$ & $0.0881243$ & $-0.0597563$ & $-0.0385626$ & $0.107823$ & $0.121222$ & $0.107267$ & $0.0424899$ & $0.0605566$ & $0.061804$ & $0.0105983$ & $0.0264928$ & $0.115024$ & $-0.0341171$ & $0.0762243$ & $-0.0458309$ & $-0.0412692$ & $-0.0934084$ & $0.11643$ & $-0.014413$ & $-0.0796915$ & $0.0657831$ & $-0.375413$ & $0.069514$ & $0.207374$ & $-0.109236$ & $0.360543$ & $-0.0963749$ & $-0.367822$ & $-0.0240299$ & $0.410723$ & $-0.651925$ & $-0.245905$ & $-0.179335$ & $1$ & $-0.359002$ & $0.120657$ \\
eHbbint & $-0.388405$ & $-0.487624$ & $0.349837$ & $0.17697$ & $-0.0199626$ & $0.00022199$ & $-0.110134$ & $-0.0263109$ & $-0.0260851$ & $-0.00305432$ & $0.023924$ & $0.112854$ & $0.112419$ & $-0.0132705$ & $0.0922511$ & $0.0884898$ & $-0.00705329$ & $-0.0477927$ & $-0.0510986$ & $-0.0100259$ & $-0.0418884$ & $-0.043918$ & $0.0382105$ & $0.0707377$ & $-0.0141453$ & $-0.0273343$ & $-0.105691$ & $0.00248495$ & $0.00827626$ & $0.0469185$ & $0.00531977$ & $-0.0970398$ & $0.155654$ & $-0.114734$ & $-0.147722$ & $0.547652$ & $0.487677$ & $-0.147038$ & $-0.275027$ & $0.166823$ & $0.554454$ & $0.0435048$ & $0.132722$ & $0.25432$ & $0.262472$ & $0.502256$ & $-0.359002$ & $1$ & $0.106655$ \\
eHbbpar & $-0.0171056$ & $-0.188916$ & $-0.432546$ & $0.60707$ & $-0.0231711$ & $-0.0916102$ & $-0.0719254$ & $0.2127$ & $0.218292$ & $-0.137791$ & $-0.163241$ & $-0.0234373$ & $0.0360585$ & $-0.020191$ & $-0.0893752$ & $-0.0763101$ & $-0.0478653$ & $-0.0227185$ & $-0.0376389$ & $0.134877$ & $0.188504$ & $0.180673$ & $0.138932$ & $-0.19647$ & $0.026416$ & $-0.147432$ & $0.352463$ & $0.0638288$ & $-0.0207164$ & $-0.0186916$ & $0.0335828$ & $-0.085623$ & $0.191846$ & $0.257852$ & $-0.319625$ & $-0.144084$ & $0.0051427$ & $-0.114061$ & $0.369228$ & $0.0159408$ & $0.354396$ & $0.0716298$ & $0.3987$ & $-0.290485$ & $-0.463805$ & $0.0756625$ & $0.120657$ & $0.106655$ & $1$ \\
