 & AlsMz & dAle5Mz & mtop & mHl & Mz & CW & CHG & CHWB & CHWHB_gaga & CHWHB_gagaorth & CHD & CHbox & CH & CHL1_11 & CHL1_22 & CHL1_33 & CHL3_11 & CHL3_22 & CHL3_33 & CHe_11 & CHe_22 & CHe_33 & CHQ1_11 & CHQ1_33 & CHQ3_11 & CHu_11 & CHd_11 & CHd_33 & CeH_22r & CeH_33r & CuH_22r & CuH_33r & CdH_33r & CLL_1221 & eHggint & eHggpar & eHWWint & eHWWpar & eHZZint & eHZZpar & eHZgaint & eHZgapar & eHgagaint & eHmumuint & eHtautauint & eHccint & eHccpar & eHbbint & eHbbpar \\
AlsMz & $1$ & $0.165667$ & $0.0607112$ & $0.0562258$ & $0.037992$ & $0.0111624$ & $-0.172215$ & $-0.0190376$ & $-0.023533$ & $-0.058618$ & $-0.0233462$ & $0.208698$ & $0.21659$ & $0.0539953$ & $0.0267913$ & $0.00806716$ & $0.0688779$ & $0.0543503$ & $0.0658974$ & $0.0212566$ & $0.0174278$ & $0.0173435$ & $-0.0107099$ & $0.00385741$ & $-0.0335908$ & $-0.0504651$ & $-0.0421388$ & $0.0247236$ & $0.0552279$ & $0.147916$ & $0.0957284$ & $-0.161786$ & $0.135382$ & $-0.0262055$ & $0.160567$ & $-0.0548715$ & $0.0607024$ & $-0.0295336$ & $-0.0191418$ & $0.0406093$ & $0.230395$ & $-0.0661178$ & $-0.0267495$ & $-0.11376$ & $-0.131381$ & $-0.122613$ & $0.00410388$ & $-0.0262956$ & $-0.0463569$ \\
dAle5Mz & $0.165667$ & $1$ & $0.0633076$ & $-0.0248294$ & $0.00790852$ & $0.00771256$ & $-0.0582792$ & $-0.121043$ & $-0.112503$ & $0.0367109$ & $0.0914756$ & $0.0961753$ & $0.0736967$ & $-0.0333562$ & $-0.049871$ & $-0.0224223$ & $0.0297248$ & $0.0438134$ & $0.0268761$ & $-0.0744289$ & $-0.075928$ & $-0.0722389$ & $-0.0122038$ & $0.0460837$ & $0.0129251$ & $0.0393064$ & $-0.0473814$ & $-0.0642937$ & $0.0860227$ & $0.0529281$ & $0.0494872$ & $-0.05589$ & $0.0652328$ & $9.47533e-05$ & $0.0305853$ & $-0.0191518$ & $0.00281492$ & $-0.0114592$ & $-0.0585918$ & $0.0861143$ & $0.0459597$ & $-0.0442368$ & $0.07648$ & $0.00628879$ & $-0.0565083$ & $-0.0724468$ & $-0.0535415$ & $0.0434976$ & $-0.0183521$ \\
mtop & $0.0607112$ & $0.0633076$ & $1$ & $0.0578987$ & $-0.029084$ & $-0.0451835$ & $0.0261887$ & $0.0195734$ & $0.0228727$ & $0.00347969$ & $-0.0131212$ & $-0.00689757$ & $-0.00492801$ & $-0.00111469$ & $-0.00389643$ & $-0.00457741$ & $0.00121283$ & $-0.00290976$ & $-0.00580917$ & $0.0153784$ & $0.0207901$ & $0.018107$ & $-0.0232063$ & $-0.0288932$ & $-0.0115542$ & $-0.00151737$ & $0.0112638$ & $-0.0162498$ & $0.0382482$ & $-0.0323955$ & $-0.012495$ & $0.0195113$ & $-0.033281$ & $0.0290494$ & $0.00958868$ & $-0.00644255$ & $0.083774$ & $0.00458352$ & $-0.0381369$ & $-0.0473521$ & $-0.138032$ & $0.015031$ & $0.0173405$ & $-0.100816$ & $-0.0427202$ & $0.0389747$ & $0.0267708$ & $-0.120791$ & $0.0231365$ \\
mHl & $0.0562258$ & $-0.0248294$ & $0.0578987$ & $1$ & $0.0549218$ & $0.029512$ & $-0.0111144$ & $-0.0231714$ & $-0.0165373$ & $0.0390757$ & $0.0215392$ & $0.0428145$ & $0.0423476$ & $0.000112532$ & $0.00578448$ & $-0.0316954$ & $-0.00548792$ & $-0.00625225$ & $0.0189754$ & $-0.022817$ & $-0.0234453$ & $-0.023673$ & $0.0261243$ & $0.00739459$ & $-0.000620105$ & $-0.0184361$ & $-0.017052$ & $-0.0217479$ & $0.0241768$ & $0.0117834$ & $0.0367814$ & $-0.0112732$ & $-0.0202524$ & $-0.0357238$ & $0.0277487$ & $-0.0409667$ & $0.0091271$ & $0.0152597$ & $0.0700753$ & $0.00632878$ & $-0.129806$ & $-0.0573787$ & $-0.0248053$ & $-0.20728$ & $-0.0818713$ & $0.0238725$ & $0.0349914$ & $-0.0752412$ & $-0.109493$ \\
Mz & $0.037992$ & $0.00790852$ & $-0.029084$ & $0.0549218$ & $1$ & $-0.00735373$ & $0.000474112$ & $-0.0326665$ & $-0.0297931$ & $-0.0146214$ & $0.0495586$ & $0.0168321$ & $0.0116121$ & $-0.027782$ & $-0.0102259$ & $-0.0325939$ & $-0.0325391$ & $-0.0251635$ & $-0.0116786$ & $-0.0430107$ & $-0.0432331$ & $-0.0487416$ & $0.00561578$ & $-0.0120411$ & $-0.0152227$ & $0.0149517$ & $-0.00837693$ & $-0.0356435$ & $0.018541$ & $-0.0060038$ & $-0.0130727$ & $-0.00413785$ & $-0.0303211$ & $-0.0291106$ & $0.034046$ & $-0.0645485$ & $0.0367653$ & $-0.0138636$ & $0.0361766$ & $0.0700925$ & $0.0346051$ & $0.0107211$ & $0.0288898$ & $-0.000946898$ & $-0.00381393$ & $-0.00523994$ & $-0.00237971$ & $0.0182389$ & $-0.0831991$ \\
CW & $0.0111624$ & $0.00771256$ & $-0.0451835$ & $0.029512$ & $-0.00735373$ & $1$ & $0.0179431$ & $-0.017799$ & $-0.0178238$ & $-0.0153609$ & $0.111803$ & $-0.0492303$ & $-0.0546149$ & $-0.00316863$ & $-0.0596964$ & $-0.0672057$ & $-0.335931$ & $-0.154383$ & $-0.151902$ & $-0.109545$ & $-0.114292$ & $-0.119731$ & $0.04213$ & $-0.121614$ & $-0.198142$ & $0.0463473$ & $-0.0590032$ & $-0.0591823$ & $-0.00522705$ & $-0.0210853$ & $-0.0293516$ & $0.00690805$ & $-0.0518029$ & $-0.0859479$ & $-0.00421301$ & $0.02459$ & $-0.0155866$ & $0.0136655$ & $-0.0309951$ & $0.0120816$ & $-0.00176949$ & $-0.0367172$ & $-0.00823468$ & $0.0102244$ & $-0.0116544$ & $-0.00756534$ & $-0.00284835$ & $0.00649109$ & $-0.0078081$ \\
CHG & $-0.172215$ & $-0.0582792$ & $0.0261887$ & $-0.0111144$ & $0.000474112$ & $0.0179431$ & $1$ & $-0.0139832$ & $0.00820476$ & $0.172321$ & $0.0709751$ & $-0.762366$ & $-0.774686$ & $-0.104755$ & $-0.0141903$ & $-0.0181017$ & $-0.11819$ & $-0.109056$ & $-0.106681$ & $-0.0674536$ & $-0.0709104$ & $-0.0755957$ & $0.0229837$ & $-0.0726259$ & $-0.0843515$ & $0.0504372$ & $-0.010776$ & $-0.0299859$ & $-0.14526$ & $-0.611134$ & $-0.382202$ & $0.956971$ & $-0.607591$ & $-0.0147492$ & $-0.142634$ & $-0.00079203$ & $0.00597149$ & $0.0309913$ & $0.0202471$ & $-0.0101768$ & $-0.0319886$ & $0.0155593$ & $-0.0403336$ & $0.0458718$ & $0.0123802$ & $0.00982416$ & $0.0575841$ & $-0.0330218$ & $0.0863655$ \\
CHWB & $-0.0190376$ & $-0.121043$ & $0.0195734$ & $-0.0231714$ & $-0.0326665$ & $-0.017799$ & $-0.0139832$ & $1$ & $0.988892$ & $-0.534793$ & $-0.871025$ & $-0.0278129$ & $0.0206049$ & $0.294307$ & $0.453113$ & $0.448772$ & $-0.168869$ & $-0.365791$ & $-0.357775$ & $0.853643$ & $0.886129$ & $0.876118$ & $0.00988763$ & $-0.594883$ & $-0.319313$ & $-0.601283$ & $0.39076$ & $0.396611$ & $0.0012644$ & $0.0197736$ & $0.0189214$ & $-0.0236265$ & $0.0102888$ & $0.491077$ & $-0.011273$ & $-0.0118644$ & $0.019174$ & $0.028738$ & $-0.019171$ & $0.0539068$ & $-0.0204951$ & $-0.00921192$ & $0.00565711$ & $-0.0187985$ & $0.000106504$ & $-0.00582028$ & $0.00276651$ & $-0.000818382$ & $-0.0246883$ \\
CHWHB_gaga & $-0.023533$ & $-0.112503$ & $0.0228727$ & $-0.0165373$ & $-0.0297931$ & $-0.0178238$ & $0.00820476$ & $0.988892$ & $1$ & $-0.530856$ & $-0.857997$ & $-0.0219691$ & $0.0243323$ & $0.286353$ & $0.44524$ & $0.446173$ & $-0.17484$ & $-0.366563$ & $-0.361932$ & $0.841202$ & $0.873286$ & $0.863786$ & $0.0146824$ & $-0.593312$ & $-0.32069$ & $-0.592674$ & $0.388024$ & $0.389069$ & $0.00405596$ & $0.0353874$ & $0.0323818$ & $-0.0033857$ & $0.0260204$ & $0.487695$ & $-0.0241504$ & $-0.0107468$ & $0.00274427$ & $0.0209876$ & $-0.0258438$ & $0.0504767$ & $-0.0238589$ & $-0.014396$ & $0.0552368$ & $-0.021205$ & $0.00403851$ & $-0.00376145$ & $0.00378004$ & $-0.00501377$ & $-0.0260134$ \\
CHWHB_gagaorth & $-0.058618$ & $0.0367109$ & $0.00347969$ & $0.0390757$ & $-0.0146214$ & $-0.0153609$ & $0.172321$ & $-0.534793$ & $-0.530856$ & $1$ & $0.455102$ & $-0.133274$ & $-0.237109$ & $-0.14122$ & $-0.214892$ & $-0.225665$ & $0.108785$ & $0.200109$ & $0.2056$ & $-0.444307$ & $-0.465597$ & $-0.461194$ & $0.000270552$ & $0.335951$ & $0.192837$ & $0.309764$ & $-0.219717$ & $-0.24446$ & $-0.0563247$ & $-0.207264$ & $-0.128731$ & $0.181879$ & $-0.215453$ & $-0.290822$ & $0.0101455$ & $0.0473889$ & $-0.00853464$ & $-0.00366053$ & $0.0103875$ & $-0.065559$ & $-0.0635721$ & $0.00795523$ & $-0.0295411$ & $-0.0243498$ & $0.0256565$ & $0.0130143$ & $0.00823001$ & $-0.00275217$ & $0.0288017$ \\
CHD & $-0.0233462$ & $0.0914756$ & $-0.0131212$ & $0.0215392$ & $0.0495586$ & $0.111803$ & $0.0709751$ & $-0.871025$ & $-0.857997$ & $0.455102$ & $1$ & $-0.0290995$ & $-0.0953496$ & $-0.687891$ & $-0.589651$ & $-0.573268$ & $-0.307573$ & $-0.0617859$ & $-0.0707697$ & $-0.994971$ & $-0.994778$ & $-0.982772$ & $0.0623159$ & $0.169459$ & $-0.117651$ & $0.683886$ & $-0.235211$ & $-0.437596$ & $-0.0183283$ & $-0.0720029$ & $-0.064143$ & $0.0864864$ & $-0.0737019$ & $-0.262237$ & $0.000209635$ & $0.0240306$ & $-0.0303501$ & $-0.0327427$ & $0.0319082$ & $-0.0503386$ & $-0.0269857$ & $0.00606046$ & $0.00575419$ & $0.0349697$ & $-0.00794724$ & $0.00494756$ & $-0.00109742$ & $-0.012393$ & $0.0204999$ \\
CHbox & $0.208698$ & $0.0961753$ & $-0.00689757$ & $0.0428145$ & $0.0168321$ & $-0.0492303$ & $-0.762366$ & $-0.0278129$ & $-0.0219691$ & $-0.133274$ & $-0.0290995$ & $1$ & $0.975699$ & $0.0808841$ & $-0.0198296$ & $0.00125278$ & $0.116221$ & $0.122613$ & $0.109777$ & $0.0276488$ & $0.0296881$ & $0.0347732$ & $-0.0288645$ & $0.0886323$ & $0.0862434$ & $-0.0115957$ & $0.00278877$ & $0.0215861$ & $0.191739$ & $0.743179$ & $0.455532$ & $-0.674601$ & $0.735319$ & $0.0113844$ & $0.18963$ & $0.0202077$ & $0.0239192$ & $-0.0407868$ & $-0.0560963$ & $-0.00347448$ & $0.055419$ & $-0.0266897$ & $0.025217$ & $-0.0671893$ & $-0.0313247$ & $-0.0649947$ & $-0.0300051$ & $0.031853$ & $-0.0851746$ \\
CH & $0.21659$ & $0.0736967$ & $-0.00492801$ & $0.0423476$ & $0.0116121$ & $-0.0546149$ & $-0.774686$ & $0.0206049$ & $0.0243323$ & $-0.237109$ & $-0.0953496$ & $0.975699$ & $1$ & $0.139283$ & $0.00585169$ & $0.0275534$ & $0.157875$ & $0.152605$ & $0.137985$ & $0.0909863$ & $0.0962692$ & $0.100278$ & $-0.0256012$ & $0.0912449$ & $0.11558$ & $-0.0611064$ & $0.0231866$ & $0.0535196$ & $0.197226$ & $0.745338$ & $0.462411$ & $-0.694479$ & $0.735916$ & $0.0337053$ & $0.175887$ & $0.00895976$ & $0.0273128$ & $-0.0430263$ & $-0.0598438$ & $0.00549384$ & $0.0740752$ & $-0.025164$ & $0.029141$ & $-0.0601935$ & $-0.0252985$ & $-0.0479267$ & $-0.026245$ & $0.0418048$ & $-0.0924901$ \\
CHL1_11 & $0.0539953$ & $-0.0333562$ & $-0.00111469$ & $0.000112532$ & $-0.027782$ & $-0.00316863$ & $-0.104755$ & $0.294307$ & $0.286353$ & $-0.14122$ & $-0.687891$ & $0.0808841$ & $0.139283$ & $1$ & $0.461801$ & $0.432551$ & $0.657666$ & $0.594251$ & $0.600591$ & $0.699377$ & $0.658011$ & $0.647595$ & $-0.113221$ & $0.456303$ & $0.605291$ & $-0.480355$ & $-0.101624$ & $0.283404$ & $0.0401678$ & $0.113128$ & $0.0940131$ & $-0.124497$ & $0.121384$ & $-0.219071$ & $-0.00715897$ & $-0.0046894$ & $0.0318414$ & $0.0312515$ & $-0.0255026$ & $0.0279216$ & $0.0742709$ & $0.00890049$ & $-0.0179807$ & $-0.0452868$ & $0.0268876$ & $-0.00699577$ & $0.00120033$ & $0.0293785$ & $0.00172872$ \\
CHL1_22 & $0.0267913$ & $-0.049871$ & $-0.00389643$ & $0.00578448$ & $-0.0102259$ & $-0.0596964$ & $-0.0141903$ & $0.453113$ & $0.44524$ & $-0.214892$ & $-0.589651$ & $-0.0198296$ & $0.00585169$ & $0.461801$ & $1$ & $0.552112$ & $0.236103$ & $-0.263963$ & $0.0566255$ & $0.633052$ & $0.53202$ & $0.525291$ & $-0.187424$ & $0.0845219$ & $-0.00567851$ & $-0.381366$ & $-0.324886$ & $0.222629$ & $0.00965908$ & $-0.00808758$ & $0.0186883$ & $-0.0372096$ & $-0.00594619$ & $-0.515612$ & $-0.02706$ & $-0.0539267$ & $0.00952645$ & $-0.00315216$ & $-0.0296664$ & $-0.00520866$ & $0.0137035$ & $0.000381743$ & $-0.021678$ & $-0.0183952$ & $-0.0151985$ & $-0.00803987$ & $0.0113305$ & $0.0188059$ & $-0.0121827$ \\
CHL1_33 & $0.00806716$ & $-0.0224223$ & $-0.00457741$ & $-0.0316954$ & $-0.0325939$ & $-0.0672057$ & $-0.0181017$ & $0.448772$ & $0.446173$ & $-0.225665$ & $-0.573268$ & $0.00125278$ & $0.0275534$ & $0.432551$ & $0.552112$ & $1$ & $0.213241$ & $0.0328035$ & $-0.271585$ & $0.615584$ & $0.516968$ & $0.528143$ & $-0.170344$ & $0.0776845$ & $-0.0243496$ & $-0.382461$ & $-0.316476$ & $0.239115$ & $0.0034093$ & $0.0186028$ & $0.0296571$ & $-0.0302829$ & $0.000643107$ & $-0.0724504$ & $0.01713$ & $-0.0502433$ & $0.0140311$ & $0.00754328$ & $-0.0346603$ & $-0.00237864$ & $0.0312992$ & $-0.00803976$ & $0.0419421$ & $0.00551292$ & $-0.00628196$ & $-0.00274228$ & $0.00952224$ & $0.00695632$ & $-0.0408895$ \\
CHL3_11 & $0.0688779$ & $0.0297248$ & $0.00121283$ & $-0.00548792$ & $-0.0325391$ & $-0.335931$ & $-0.11819$ & $-0.168869$ & $-0.17484$ & $0.108785$ & $-0.307573$ & $0.116221$ & $0.157875$ & $0.657666$ & $0.236103$ & $0.213241$ & $1$ & $0.809048$ & $0.813046$ & $0.319166$ & $0.2828$ & $0.278082$ & $-0.120719$ & $0.743414$ & $0.850458$ & $-0.189634$ & $-0.160263$ & $0.104171$ & $0.0263677$ & $0.101634$ & $0.0874656$ & $-0.126544$ & $0.128546$ & $-0.26248$ & $0.0338279$ & $-0.0328938$ & $0.0256961$ & $0.00523991$ & $-0.0182385$ & $-0.0076552$ & $0.0864108$ & $0.00403984$ & $-0.02497$ & $-0.0244844$ & $0.0149876$ & $0.0146988$ & $-0.00452185$ & $0.0176615$ & $0.000123442$ \\
CHL3_22 & $0.0543503$ & $0.0438134$ & $-0.00290976$ & $-0.00625225$ & $-0.0251635$ & $-0.154383$ & $-0.109056$ & $-0.365791$ & $-0.366563$ & $0.200109$ & $-0.0617859$ & $0.122613$ & $0.152605$ & $0.594251$ & $-0.263963$ & $0.0328035$ & $0.809048$ & $1$ & $0.770542$ & $0.0598256$ & $0.0569211$ & $0.0562558$ & $-0.0342999$ & $0.728993$ & $0.851875$ & $-0.0467431$ & $-0.063738$ & $0.0211989$ & $0.0292917$ & $0.115806$ & $0.0841121$ & $-0.10873$ & $0.134591$ & $-0.0562031$ & $0.036437$ & $0.0063817$ & $0.0243436$ & $0.0161126$ & $-0.00727944$ & $0.000317069$ & $0.0852538$ & $0.00639155$ & $-0.00603855$ & $-0.0235622$ & $0.0285335$ & $0.00761616$ & $-0.00870934$ & $0.0126304$ & $0.0110327$ \\
CHL3_33 & $0.0658974$ & $0.0268761$ & $-0.00580917$ & $0.0189754$ & $-0.0116786$ & $-0.151902$ & $-0.106681$ & $-0.357775$ & $-0.361932$ & $0.2056$ & $-0.0707697$ & $0.109777$ & $0.137985$ & $0.600591$ & $0.0566255$ & $-0.271585$ & $0.813046$ & $0.770542$ & $1$ & $0.069546$ & $0.0660484$ & $0.0654574$ & $-0.0475542$ & $0.721723$ & $0.854745$ & $-0.0393958$ & $-0.0608908$ & $0.0102387$ & $0.0304391$ & $0.0978501$ & $0.0771179$ & $-0.113588$ & $0.1288$ & $-0.369765$ & $0.00769349$ & $0.00367631$ & $0.0151967$ & $0.0117654$ & $-0.00618871$ & $-0.00294208$ & $0.0643533$ & $0.00901515$ & $-0.0524138$ & $-0.0363006$ & $0.0229017$ & $0.00403104$ & $-0.00239767$ & $0.0233436$ & $0.0266712$ \\
CHe_11 & $0.0212566$ & $-0.0744289$ & $0.0153784$ & $-0.022817$ & $-0.0430107$ & $-0.109545$ & $-0.0674536$ & $0.853643$ & $0.841202$ & $-0.444307$ & $-0.994971$ & $0.0276488$ & $0.0909863$ & $0.699377$ & $0.633052$ & $0.615584$ & $0.319166$ & $0.0598256$ & $0.069546$ & $1$ & $0.984581$ & $0.973269$ & $-0.0809$ & $-0.136228$ & $0.121311$ & $-0.677269$ & $0.179253$ & $0.433301$ & $0.0193774$ & $0.0680469$ & $0.0634802$ & $-0.0836512$ & $0.0698814$ & $0.203797$ & $-0.00176869$ & $-0.0291902$ & $0.0313412$ & $0.0310958$ & $-0.0356275$ & $0.0464829$ & $0.0284061$ & $-0.00747152$ & $-0.00336794$ & $-0.0323207$ & $0.00717077$ & $-0.00979635$ & $0.00198622$ & $0.013239$ & $-0.0206604$ \\
CHe_22 & $0.0174278$ & $-0.075928$ & $0.0207901$ & $-0.0234453$ & $-0.0432331$ & $-0.114292$ & $-0.0709104$ & $0.886129$ & $0.873286$ & $-0.465597$ & $-0.994778$ & $0.0296881$ & $0.0962692$ & $0.658011$ & $0.53202$ & $0.516968$ & $0.2828$ & $0.0569211$ & $0.0660484$ & $0.984581$ & $1$ & $0.98597$ & $-0.0429133$ & $-0.214027$ & $0.10607$ & $-0.681873$ & $0.300539$ & $0.437043$ & $0.018112$ & $0.0732062$ & $0.063942$ & $-0.0855032$ & $0.0761249$ & $0.332922$ & $-0.000610032$ & $-0.0193155$ & $0.0315599$ & $0.0336081$ & $-0.0289111$ & $0.0555884$ & $0.0245222$ & $-0.00630539$ & $-0.00383521$ & $-0.0323644$ & $0.0103367$ & $-0.00593154$ & $0.000761268$ & $0.0112881$ & $-0.0209845$ \\
CHe_33 & $0.0173435$ & $-0.0722389$ & $0.018107$ & $-0.023673$ & $-0.0487416$ & $-0.119731$ & $-0.0755957$ & $0.876118$ & $0.863786$ & $-0.461194$ & $-0.982772$ & $0.0347732$ & $0.100278$ & $0.647595$ & $0.525291$ & $0.528143$ & $0.278082$ & $0.0562558$ & $0.0654574$ & $0.973269$ & $0.98597$ & $1$ & $-0.0447651$ & $-0.211953$ & $0.105842$ & $-0.668865$ & $0.299812$ & $0.434003$ & $0.0173072$ & $0.0735137$ & $0.063469$ & $-0.0897124$ & $0.0767165$ & $0.331726$ & $0.00234495$ & $-0.0227686$ & $0.0257186$ & $0.0365157$ & $-0.0315507$ & $0.0485061$ & $0.0191965$ & $-0.00991019$ & $0.000497256$ & $-0.0285936$ & $0.00817471$ & $-0.00159022$ & $0.00562691$ & $0.0117963$ & $-0.023322$ \\
CHQ1_11 & $-0.0107099$ & $-0.0122038$ & $-0.0232063$ & $0.0261243$ & $0.00561578$ & $0.04213$ & $0.0229837$ & $0.00988763$ & $0.0146824$ & $0.000270552$ & $0.0623159$ & $-0.0288645$ & $-0.0256012$ & $-0.113221$ & $-0.187424$ & $-0.170344$ & $-0.120719$ & $-0.0342999$ & $-0.0475542$ & $-0.0809$ & $-0.0429133$ & $-0.0447651$ & $1$ & $-0.124878$ & $0.0201891$ & $-0.534248$ & $0.325993$ & $0.0107156$ & $-0.0120671$ & $-0.000469225$ & $-0.0383753$ & $0.0220154$ & $-0.0195704$ & $0.178148$ & $-0.0520008$ & $0.0134818$ & $-0.0253354$ & $-0.0128805$ & $0.0552528$ & $-7.68348e-05$ & $-0.0164857$ & $0.00212964$ & $0.0157411$ & $-0.0187952$ & $0.0359877$ & $0.0341182$ & $-0.0166092$ & $-0.0155274$ & $0.0172254$ \\
CHQ1_33 & $0.00385741$ & $0.0460837$ & $-0.0288932$ & $0.00739459$ & $-0.0120411$ & $-0.121614$ & $-0.0726259$ & $-0.594883$ & $-0.593312$ & $0.335951$ & $0.169459$ & $0.0886323$ & $0.0912449$ & $0.456303$ & $0.0845219$ & $0.0776845$ & $0.743414$ & $0.728993$ & $0.721723$ & $-0.136228$ & $-0.214027$ & $-0.211953$ & $-0.124878$ & $1$ & $0.736501$ & $0.126508$ & $-0.412888$ & $-0.0327337$ & $0.00995427$ & $0.0656842$ & $0.050774$ & $-0.0767716$ & $0.0847382$ & $-0.605134$ & $0.011746$ & $-0.011352$ & $0.00379903$ & $0.00234422$ & $-0.0104019$ & $-0.0374044$ & $0.0637847$ & $0.0184674$ & $-0.0117818$ & $0.00595485$ & $0.0229286$ & $0.0160894$ & $0.00132067$ & $0.0187064$ & $0.0270213$ \\
CHQ3_11 & $-0.0335908$ & $0.0129251$ & $-0.0115542$ & $-0.000620105$ & $-0.0152227$ & $-0.198142$ & $-0.0843515$ & $-0.319313$ & $-0.32069$ & $0.192837$ & $-0.117651$ & $0.0862434$ & $0.11558$ & $0.605291$ & $-0.00567851$ & $-0.0243496$ & $0.850458$ & $0.851875$ & $0.854745$ & $0.121311$ & $0.10607$ & $0.105842$ & $0.0201891$ & $0.736501$ & $1$ & $-0.0692353$ & $0.116312$ & $0.0361235$ & $0.0304858$ & $0.082659$ & $0.065452$ & $-0.0928846$ & $0.107022$ & $-0.245289$ & $-0.015146$ & $0.00377304$ & $0.0213682$ & $0.0197779$ & $0.010564$ & $-0.00147206$ & $0.0430928$ & $0.0182181$ & $-0.0220702$ & $-0.0102928$ & $0.0532796$ & $0.0334364$ & $-0.014974$ & $0.0137726$ & $0.0215672$ \\
CHu_11 & $-0.0504651$ & $0.0393064$ & $-0.00151737$ & $-0.0184361$ & $0.0149517$ & $0.0463473$ & $0.0504372$ & $-0.601283$ & $-0.592674$ & $0.309764$ & $0.683886$ & $-0.0115957$ & $-0.0611064$ & $-0.480355$ & $-0.381366$ & $-0.382461$ & $-0.189634$ & $-0.0467431$ & $-0.0393958$ & $-0.677269$ & $-0.681873$ & $-0.668865$ & $-0.534248$ & $0.126508$ & $-0.0692353$ & $1$ & $-0.148854$ & $-0.314433$ & $-0.0125481$ & $-0.0589651$ & $-0.0325957$ & $0.0629142$ & $-0.0466602$ & $-0.199081$ & $0.0287393$ & $0.00898057$ & $0.00587249$ & $-0.0202231$ & $0.00439835$ & $-0.0261545$ & $-0.0279057$ & $0.0102855$ & $-0.0105508$ & $0.0438643$ & $-0.0242906$ & $-0.019325$ & $0.00512527$ & $-0.00313542$ & $0.017093$ \\
CHd_11 & $-0.0421388$ & $-0.0473814$ & $0.0112638$ & $-0.017052$ & $-0.00837693$ & $-0.0590032$ & $-0.010776$ & $0.39076$ & $0.388024$ & $-0.219717$ & $-0.235211$ & $0.00278877$ & $0.0231866$ & $-0.101624$ & $-0.324886$ & $-0.316476$ & $-0.160263$ & $-0.063738$ & $-0.0608908$ & $0.179253$ & $0.300539$ & $0.299812$ & $0.325993$ & $-0.412888$ & $0.116312$ & $-0.148854$ & $1$ & $0.125684$ & $0.0035988$ & $0.0253683$ & $-0.00280449$ & $-0.00488286$ & $0.0285881$ & $0.687932$ & $-0.0280275$ & $0.0363489$ & $0.0171056$ & $0.0331686$ & $0.0408143$ & $0.058788$ & $-0.052842$ & $0.00391027$ & $0.000348145$ & $0.00448325$ & $0.0379355$ & $0.0275779$ & $-0.0239936$ & $-0.0204345$ & $0.012846$ \\
CHd_33 & $0.0247236$ & $-0.0642937$ & $-0.0162498$ & $-0.0217479$ & $-0.0356435$ & $-0.0591823$ & $-0.0299859$ & $0.396611$ & $0.389069$ & $-0.24446$ & $-0.437596$ & $0.0215861$ & $0.0535196$ & $0.283404$ & $0.222629$ & $0.239115$ & $0.104171$ & $0.0211989$ & $0.0102387$ & $0.433301$ & $0.437043$ & $0.434003$ & $0.0107156$ & $-0.0327337$ & $0.0361235$ & $-0.314433$ & $0.125684$ & $1$ & $-0.00777589$ & $0.0497741$ & $0.043609$ & $-0.0371542$ & $0.0350455$ & $0.157256$ & $0.00733198$ & $-0.0371054$ & $-0.00722511$ & $0.0214462$ & $-0.0282283$ & $0.0113868$ & $0.00748377$ & $8.54401e-05$ & $-0.0298214$ & $-0.024499$ & $0.0343683$ & $-0.00394006$ & $0.018818$ & $0.00473578$ & $-0.00280804$ \\
CeH_22r & $0.0552279$ & $0.0860227$ & $0.0382482$ & $0.0241768$ & $0.018541$ & $-0.00522705$ & $-0.14526$ & $0.0012644$ & $0.00405596$ & $-0.0563247$ & $-0.0183283$ & $0.191739$ & $0.197226$ & $0.0401678$ & $0.00965908$ & $0.0034093$ & $0.0263677$ & $0.0292917$ & $0.0304391$ & $0.0193774$ & $0.018112$ & $0.0173072$ & $-0.0120671$ & $0.00995427$ & $0.0304858$ & $-0.0125481$ & $0.0035988$ & $-0.00777589$ & $1$ & $0.170852$ & $0.101434$ & $-0.14195$ & $0.171257$ & $-0.00416168$ & $0.00727451$ & $0.0152224$ & $-0.0161773$ & $0.00265523$ & $-0.0126826$ & $0.0264832$ & $0.0274313$ & $0.00744705$ & $-0.0176537$ & $0.00695671$ & $-0.0359528$ & $-0.0341817$ & $-0.0187848$ & $0.0401029$ & $-0.00312235$ \\
CeH_33r & $0.147916$ & $0.0529281$ & $-0.0323955$ & $0.0117834$ & $-0.0060038$ & $-0.0210853$ & $-0.611134$ & $0.0197736$ & $0.0353874$ & $-0.207264$ & $-0.0720029$ & $0.743179$ & $0.745338$ & $0.113128$ & $-0.00808758$ & $0.0186028$ & $0.101634$ & $0.115806$ & $0.0978501$ & $0.0680469$ & $0.0732062$ & $0.0735137$ & $-0.000469225$ & $0.0656842$ & $0.082659$ & $-0.0589651$ & $0.0253683$ & $0.0497741$ & $0.170852$ & $1$ & $0.532513$ & $-0.475447$ & $0.831169$ & $0.0320977$ & $0.0652658$ & $-0.0138147$ & $-0.116954$ & $-0.0316895$ & $-0.0500622$ & $0.00764931$ & $0.0615276$ & $-0.00577327$ & $0.00686944$ & $-0.0093873$ & $0.0419525$ & $-0.0128013$ & $0.0183991$ & $0.059369$ & $-0.082771$ \\
CuH_22r & $0.0957284$ & $0.0494872$ & $-0.012495$ & $0.0367814$ & $-0.0130727$ & $-0.0293516$ & $-0.382202$ & $0.0189214$ & $0.0323818$ & $-0.128731$ & $-0.064143$ & $0.455532$ & $0.462411$ & $0.0940131$ & $0.0186883$ & $0.0296571$ & $0.0874656$ & $0.0841121$ & $0.0771179$ & $0.0634802$ & $0.063942$ & $0.063469$ & $-0.0383753$ & $0.050774$ & $0.065452$ & $-0.0325957$ & $-0.00280449$ & $0.043609$ & $0.101434$ & $0.532513$ & $1$ & $-0.282822$ & $0.533857$ & $0.00618212$ & $0.0568381$ & $-0.0680596$ & $-0.105776$ & $-0.0271629$ & $-0.020404$ & $0.00153541$ & $0.0343699$ & $0.0108783$ & $-0.0070541$ & $0.0655347$ & $-0.0112094$ & $0.0603435$ & $0.31982$ & $0.0488656$ & $-0.100993$ \\
CuH_33r & $-0.161786$ & $-0.05589$ & $0.0195113$ & $-0.0112732$ & $-0.00413785$ & $0.00690805$ & $0.956971$ & $-0.0236265$ & $-0.0033857$ & $0.181879$ & $0.0864864$ & $-0.674601$ & $-0.694479$ & $-0.124497$ & $-0.0372096$ & $-0.0302829$ & $-0.126544$ & $-0.10873$ & $-0.113588$ & $-0.0836512$ & $-0.0855032$ & $-0.0897124$ & $0.0220154$ & $-0.0767716$ & $-0.0928846$ & $0.0629142$ & $-0.00488286$ & $-0.0371542$ & $-0.14195$ & $-0.475447$ & $-0.282822$ & $1$ & $-0.453667$ & $0.000285852$ & $-0.0820811$ & $0.0061205$ & $-0.0228837$ & $0.0310764$ & $0.0186185$ & $-0.0112657$ & $-0.0240145$ & $0.02927$ & $-0.0418602$ & $0.033527$ & $0.0116099$ & $0.00843291$ & $0.0691588$ & $-0.0321755$ & $0.08377$ \\
CdH_33r & $0.135382$ & $0.0652328$ & $-0.033281$ & $-0.0202524$ & $-0.0303211$ & $-0.0518029$ & $-0.607591$ & $0.0102888$ & $0.0260204$ & $-0.215453$ & $-0.0737019$ & $0.735319$ & $0.735916$ & $0.121384$ & $-0.00594619$ & $0.000643107$ & $0.128546$ & $0.134591$ & $0.1288$ & $0.0698814$ & $0.0761249$ & $0.0767165$ & $-0.0195704$ & $0.0847382$ & $0.107022$ & $-0.0466602$ & $0.0285881$ & $0.0350455$ & $0.171257$ & $0.831169$ & $0.533857$ & $-0.453667$ & $1$ & $0.0268698$ & $0.0573774$ & $0.00135153$ & $-0.129216$ & $-0.0350698$ & $-0.0647853$ & $0.0186155$ & $0.0855858$ & $0.00155185$ & $0.016354$ & $-0.0118463$ & $0.0539834$ & $0.0123423$ & $-0.0075062$ & $0.0926899$ & $0.231774$ \\
CLL_1221 & $-0.0262055$ & $9.47533e-05$ & $0.0290494$ & $-0.0357238$ & $-0.0291106$ & $-0.0859479$ & $-0.0147492$ & $0.491077$ & $0.487695$ & $-0.290822$ & $-0.262237$ & $0.0113844$ & $0.0337053$ & $-0.219071$ & $-0.515612$ & $-0.0724504$ & $-0.26248$ & $-0.0562031$ & $-0.369765$ & $0.203797$ & $0.332922$ & $0.331726$ & $0.178148$ & $-0.605134$ & $-0.245289$ & $-0.199081$ & $0.687932$ & $0.157256$ & $-0.00416168$ & $0.0320977$ & $0.00618212$ & $0.000285852$ & $0.0268698$ & $1$ & $0.0315955$ & $0.0251698$ & $0.0121468$ & $0.0235979$ & $0.00908869$ & $0.0528312$ & $-0.0249197$ & $-0.0146834$ & $0.0311542$ & $0.00306933$ & $0.00538802$ & $0.00697021$ & $-0.0142614$ & $-0.0197783$ & $-0.019093$ \\
eHggint & $0.160567$ & $0.0305853$ & $0.00958868$ & $0.0277487$ & $0.034046$ & $-0.00421301$ & $-0.142634$ & $-0.011273$ & $-0.0241504$ & $0.0101455$ & $0.000209635$ & $0.18963$ & $0.175887$ & $-0.00715897$ & $-0.02706$ & $0.01713$ & $0.0338279$ & $0.036437$ & $0.00769349$ & $-0.00176869$ & $-0.000610032$ & $0.00234495$ & $-0.0520008$ & $0.011746$ & $-0.015146$ & $0.0287393$ & $-0.0280275$ & $0.00733198$ & $0.00727451$ & $0.0652658$ & $0.0568381$ & $-0.0820811$ & $0.0573774$ & $0.0315955$ & $1$ & $-0.147751$ & $0.147285$ & $-0.0207902$ & $-0.0420372$ & $0.0332784$ & $0.135901$ & $-0.0260477$ & $0.0326158$ & $-0.201347$ & $-0.0943753$ & $-0.0715366$ & $-0.0734709$ & $-0.0174824$ & $-0.126183$ \\
eHggpar & $-0.0548715$ & $-0.0191518$ & $-0.00644255$ & $-0.0409667$ & $-0.0645485$ & $0.02459$ & $-0.00079203$ & $-0.0118644$ & $-0.0107468$ & $0.0473889$ & $0.0240306$ & $0.0202077$ & $0.00895976$ & $-0.0046894$ & $-0.0539267$ & $-0.0502433$ & $-0.0328938$ & $0.0063817$ & $0.00367631$ & $-0.0291902$ & $-0.0193155$ & $-0.0227686$ & $0.0134818$ & $-0.011352$ & $0.00377304$ & $0.00898057$ & $0.0363489$ & $-0.0371054$ & $0.0152224$ & $-0.0138147$ & $-0.0680596$ & $0.0061205$ & $0.00135153$ & $0.0251698$ & $-0.147751$ & $1$ & $0.102574$ & $0.0321012$ & $0.0359033$ & $0.017729$ & $-0.0227088$ & $0.0324984$ & $0.0935682$ & $0.0141533$ & $0.0576666$ & $-0.0438171$ & $-0.100144$ & $0.0156315$ & $0.0923023$ \\
eHWWint & $0.0607024$ & $0.00281492$ & $0.083774$ & $0.0091271$ & $0.0367653$ & $-0.0155866$ & $0.00597149$ & $0.019174$ & $0.00274427$ & $-0.00853464$ & $-0.0303501$ & $0.0239192$ & $0.0273128$ & $0.0318414$ & $0.00952645$ & $0.0140311$ & $0.0256961$ & $0.0243436$ & $0.0151967$ & $0.0313412$ & $0.0315599$ & $0.0257186$ & $-0.0253354$ & $0.00379903$ & $0.0213682$ & $0.00587249$ & $0.0171056$ & $-0.00722511$ & $-0.0161773$ & $-0.116954$ & $-0.105776$ & $-0.0228837$ & $-0.129216$ & $0.0121468$ & $0.147285$ & $0.102574$ & $1$ & $-0.0365376$ & $0.045479$ & $0.0492278$ & $0.00423498$ & $-0.0143614$ & $-0.075508$ & $-0.0476661$ & $0.00543169$ & $-0.0539906$ & $-0.0567767$ & $-0.0122537$ & $0.0174792$ \\
eHWWpar & $-0.0295336$ & $-0.0114592$ & $0.00458352$ & $0.0152597$ & $-0.0138636$ & $0.0136655$ & $0.0309913$ & $0.028738$ & $0.0209876$ & $-0.00366053$ & $-0.0327427$ & $-0.0407868$ & $-0.0430263$ & $0.0312515$ & $-0.00315216$ & $0.00754328$ & $0.00523991$ & $0.0161126$ & $0.0117654$ & $0.0310958$ & $0.0336081$ & $0.0365157$ & $-0.0128805$ & $0.00234422$ & $0.0197779$ & $-0.0202231$ & $0.0331686$ & $0.0214462$ & $0.00265523$ & $-0.0316895$ & $-0.0271629$ & $0.0310764$ & $-0.0350698$ & $0.0235979$ & $-0.0207902$ & $0.0321012$ & $-0.0365376$ & $1$ & $-0.0108147$ & $-0.0135502$ & $-0.0319416$ & $0.0338997$ & $0.004551$ & $-0.0187325$ & $0.0210918$ & $0.0094195$ & $-0.0314874$ & $0.0102873$ & $0.0204924$ \\
eHZZint & $-0.0191418$ & $-0.0585918$ & $-0.0381369$ & $0.0700753$ & $0.0361766$ & $-0.0309951$ & $0.0202471$ & $-0.019171$ & $-0.0258438$ & $0.0103875$ & $0.0319082$ & $-0.0560963$ & $-0.0598438$ & $-0.0255026$ & $-0.0296664$ & $-0.0346603$ & $-0.0182385$ & $-0.00727944$ & $-0.00618871$ & $-0.0356275$ & $-0.0289111$ & $-0.0315507$ & $0.0552528$ & $-0.0104019$ & $0.010564$ & $0.00439835$ & $0.0408143$ & $-0.0282283$ & $-0.0126826$ & $-0.0500622$ & $-0.020404$ & $0.0186185$ & $-0.0647853$ & $0.00908869$ & $-0.0420372$ & $0.0359033$ & $0.045479$ & $-0.0108147$ & $1$ & $0.0224484$ & $-0.0924316$ & $-0.0461274$ & $-0.0627784$ & $-0.0849787$ & $-0.0381349$ & $0.0544159$ & $-0.0753791$ & $-0.00516957$ & $-0.0901922$ \\
eHZZpar & $0.0406093$ & $0.0861143$ & $-0.0473521$ & $0.00632878$ & $0.0700925$ & $0.0120816$ & $-0.0101768$ & $0.0539068$ & $0.0504767$ & $-0.065559$ & $-0.0503386$ & $-0.00347448$ & $0.00549384$ & $0.0279216$ & $-0.00520866$ & $-0.00237864$ & $-0.0076552$ & $0.000317069$ & $-0.00294208$ & $0.0464829$ & $0.0555884$ & $0.0485061$ & $-7.68348e-05$ & $-0.0374044$ & $-0.00147206$ & $-0.0261545$ & $0.058788$ & $0.0113868$ & $0.0264832$ & $0.00764931$ & $0.00153541$ & $-0.0112657$ & $0.0186155$ & $0.0528312$ & $0.0332784$ & $0.017729$ & $0.0492278$ & $-0.0135502$ & $0.0224484$ & $1$ & $0.0403934$ & $-0.00492277$ & $0.0173384$ & $0.0324264$ & $-0.00269089$ & $-0.029525$ & $0.0252298$ & $-0.0102949$ & $0.0385147$ \\
eHZgaint & $0.230395$ & $0.0459597$ & $-0.138032$ & $-0.129806$ & $0.0346051$ & $-0.00176949$ & $-0.0319886$ & $-0.0204951$ & $-0.0238589$ & $-0.0635721$ & $-0.0269857$ & $0.055419$ & $0.0740752$ & $0.0742709$ & $0.0137035$ & $0.0312992$ & $0.0864108$ & $0.0852538$ & $0.0643533$ & $0.0284061$ & $0.0245222$ & $0.0191965$ & $-0.0164857$ & $0.0637847$ & $0.0430928$ & $-0.0279057$ & $-0.052842$ & $0.00748377$ & $0.0274313$ & $0.0615276$ & $0.0343699$ & $-0.0240145$ & $0.0855858$ & $-0.0249197$ & $0.135901$ & $-0.0227088$ & $0.00423498$ & $-0.0319416$ & $-0.0924316$ & $0.0403934$ & $1$ & $0.0217074$ & $-0.0561009$ & $-0.00748623$ & $0.0351424$ & $0.0313973$ & $0.0702472$ & $0.112708$ & $0.056358$ \\
eHZgapar & $-0.0661178$ & $-0.0442368$ & $0.015031$ & $-0.0573787$ & $0.0107211$ & $-0.0367172$ & $0.0155593$ & $-0.00921192$ & $-0.014396$ & $0.00795523$ & $0.00606046$ & $-0.0266897$ & $-0.025164$ & $0.00890049$ & $0.000381743$ & $-0.00803976$ & $0.00403984$ & $0.00639155$ & $0.00901515$ & $-0.00747152$ & $-0.00630539$ & $-0.00991019$ & $0.00212964$ & $0.0184674$ & $0.0182181$ & $0.0102855$ & $0.00391027$ & $8.54401e-05$ & $0.00744705$ & $-0.00577327$ & $0.0108783$ & $0.02927$ & $0.00155185$ & $-0.0146834$ & $-0.0260477$ & $0.0324984$ & $-0.0143614$ & $0.0338997$ & $-0.0461274$ & $-0.00492277$ & $0.0217074$ & $1$ & $-0.060263$ & $0.0718543$ & $0.00190383$ & $-0.010315$ & $0.0495675$ & $0.0451063$ & $-0.0170644$ \\
eHgagaint & $-0.0267495$ & $0.07648$ & $0.0173405$ & $-0.0248053$ & $0.0288898$ & $-0.00823468$ & $-0.0403336$ & $0.00565711$ & $0.0552368$ & $-0.0295411$ & $0.00575419$ & $0.025217$ & $0.029141$ & $-0.0179807$ & $-0.021678$ & $0.0419421$ & $-0.02497$ & $-0.00603855$ & $-0.0524138$ & $-0.00336794$ & $-0.00383521$ & $0.000497256$ & $0.0157411$ & $-0.0117818$ & $-0.0220702$ & $-0.0105508$ & $0.000348145$ & $-0.0298214$ & $-0.0176537$ & $0.00686944$ & $-0.0070541$ & $-0.0418602$ & $0.016354$ & $0.0311542$ & $0.0326158$ & $0.0935682$ & $-0.075508$ & $0.004551$ & $-0.0627784$ & $0.0173384$ & $-0.0561009$ & $-0.060263$ & $1$ & $-0.0537315$ & $0.0715369$ & $0.0202506$ & $-0.0179165$ & $-0.112879$ & $0.0242954$ \\
eHmumuint & $-0.11376$ & $0.00628879$ & $-0.100816$ & $-0.20728$ & $-0.000946898$ & $0.0102244$ & $0.0458718$ & $-0.0187985$ & $-0.021205$ & $-0.0243498$ & $0.0349697$ & $-0.0671893$ & $-0.0601935$ & $-0.0452868$ & $-0.0183952$ & $0.00551292$ & $-0.0244844$ & $-0.0235622$ & $-0.0363006$ & $-0.0323207$ & $-0.0323644$ & $-0.0285936$ & $-0.0187952$ & $0.00595485$ & $-0.0102928$ & $0.0438643$ & $0.00448325$ & $-0.024499$ & $0.00695671$ & $-0.0093873$ & $0.0655347$ & $0.033527$ & $-0.0118463$ & $0.00306933$ & $-0.201347$ & $0.0141533$ & $-0.0476661$ & $-0.0187325$ & $-0.0849787$ & $0.0324264$ & $-0.00748623$ & $0.0718543$ & $-0.0537315$ & $1$ & $0.0279019$ & $0.0527635$ & $0.128049$ & $0.160542$ & $-0.0296141$ \\
eHtautauint & $-0.131381$ & $-0.0565083$ & $-0.0427202$ & $-0.0818713$ & $-0.00381393$ & $-0.0116544$ & $0.0123802$ & $0.000106504$ & $0.00403851$ & $0.0256565$ & $-0.00794724$ & $-0.0313247$ & $-0.0252985$ & $0.0268876$ & $-0.0151985$ & $-0.00628196$ & $0.0149876$ & $0.0285335$ & $0.0229017$ & $0.00717077$ & $0.0103367$ & $0.00817471$ & $0.0359877$ & $0.0229286$ & $0.0532796$ & $-0.0242906$ & $0.0379355$ & $0.0343683$ & $-0.0359528$ & $0.0419525$ & $-0.0112094$ & $0.0116099$ & $0.0539834$ & $0.00538802$ & $-0.0943753$ & $0.0576666$ & $0.00543169$ & $0.0210918$ & $-0.0381349$ & $-0.00269089$ & $0.0351424$ & $0.00190383$ & $0.0715369$ & $0.0279019$ & $1$ & $-0.00560747$ & $0.10068$ & $0.118$ & $0.141125$ \\
eHccint & $-0.122613$ & $-0.0724468$ & $0.0389747$ & $0.0238725$ & $-0.00523994$ & $-0.00756534$ & $0.00982416$ & $-0.00582028$ & $-0.00376145$ & $0.0130143$ & $0.00494756$ & $-0.0649947$ & $-0.0479267$ & $-0.00699577$ & $-0.00803987$ & $-0.00274228$ & $0.0146988$ & $0.00761616$ & $0.00403104$ & $-0.00979635$ & $-0.00593154$ & $-0.00159022$ & $0.0341182$ & $0.0160894$ & $0.0334364$ & $-0.019325$ & $0.0275779$ & $-0.00394006$ & $-0.0341817$ & $-0.0128013$ & $0.0603435$ & $0.00843291$ & $0.0123423$ & $0.00697021$ & $-0.0715366$ & $-0.0438171$ & $-0.0539906$ & $0.0094195$ & $0.0544159$ & $-0.029525$ & $0.0313973$ & $-0.010315$ & $0.0202506$ & $0.0527635$ & $-0.00560747$ & $1$ & $0.0373025$ & $-0.0101451$ & $0.0689171$ \\
eHccpar & $0.00410388$ & $-0.0535415$ & $0.0267708$ & $0.0349914$ & $-0.00237971$ & $-0.00284835$ & $0.0575841$ & $0.00276651$ & $0.00378004$ & $0.00823001$ & $-0.00109742$ & $-0.0300051$ & $-0.026245$ & $0.00120033$ & $0.0113305$ & $0.00952224$ & $-0.00452185$ & $-0.00870934$ & $-0.00239767$ & $0.00198622$ & $0.000761268$ & $0.00562691$ & $-0.0166092$ & $0.00132067$ & $-0.014974$ & $0.00512527$ & $-0.0239936$ & $0.018818$ & $-0.0187848$ & $0.0183991$ & $0.31982$ & $0.0691588$ & $-0.0075062$ & $-0.0142614$ & $-0.0734709$ & $-0.100144$ & $-0.0567767$ & $-0.0314874$ & $-0.0753791$ & $0.0252298$ & $0.0702472$ & $0.0495675$ & $-0.0179165$ & $0.128049$ & $0.10068$ & $0.0373025$ & $1$ & $-0.00944952$ & $-0.0404847$ \\
eHbbint & $-0.0262956$ & $0.0434976$ & $-0.120791$ & $-0.0752412$ & $0.0182389$ & $0.00649109$ & $-0.0330218$ & $-0.000818382$ & $-0.00501377$ & $-0.00275217$ & $-0.012393$ & $0.031853$ & $0.0418048$ & $0.0293785$ & $0.0188059$ & $0.00695632$ & $0.0176615$ & $0.0126304$ & $0.0233436$ & $0.013239$ & $0.0112881$ & $0.0117963$ & $-0.0155274$ & $0.0187064$ & $0.0137726$ & $-0.00313542$ & $-0.0204345$ & $0.00473578$ & $0.0401029$ & $0.059369$ & $0.0488656$ & $-0.0321755$ & $0.0926899$ & $-0.0197783$ & $-0.0174824$ & $0.0156315$ & $-0.0122537$ & $0.0102873$ & $-0.00516957$ & $-0.0102949$ & $0.112708$ & $0.0451063$ & $-0.112879$ & $0.160542$ & $0.118$ & $-0.0101451$ & $-0.00944952$ & $1$ & $-0.187307$ \\
eHbbpar & $-0.0463569$ & $-0.0183521$ & $0.0231365$ & $-0.109493$ & $-0.0831991$ & $-0.0078081$ & $0.0863655$ & $-0.0246883$ & $-0.0260134$ & $0.0288017$ & $0.0204999$ & $-0.0851746$ & $-0.0924901$ & $0.00172872$ & $-0.0121827$ & $-0.0408895$ & $0.000123442$ & $0.0110327$ & $0.0266712$ & $-0.0206604$ & $-0.0209845$ & $-0.023322$ & $0.0172254$ & $0.0270213$ & $0.0215672$ & $0.017093$ & $0.012846$ & $-0.00280804$ & $-0.00312235$ & $-0.082771$ & $-0.100993$ & $0.08377$ & $0.231774$ & $-0.019093$ & $-0.126183$ & $0.0923023$ & $0.0174792$ & $0.0204924$ & $-0.0901922$ & $0.0385147$ & $0.056358$ & $-0.0170644$ & $0.0242954$ & $-0.0296141$ & $0.141125$ & $0.0689171$ & $-0.0404847$ & $-0.187307$ & $1$ \\
