 & AlsMz & dAle5Mz & mtop & mHl & Mz & CW & CHG & CHWB & CHWHB_gaga & CHWHB_gagaorth & CHD & CHbox & CH & CHL1_11 & CHL1_22 & CHL1_33 & CHL3_11 & CHL3_22 & CHL3_33 & CHe_11 & CHe_22 & CHe_33 & CHQ1_11 & CHQ1_33 & CHQ3_11 & CHu_11 & CHd_11 & CHd_33 & CeH_22r & CeH_33r & CuH_22r & CuH_33r & CdH_33r & CLL_1221 & eHggint & eHggpar & eHWWint & eHWWpar & eHZZint & eHZZpar & eHZgaint & eHZgapar & eHgagaint & eHmumuint & eHtautauint & eHccint & eHccpar & eHbbint & eHbbpar \\
AlsMz & $1$ & $-0.0257029$ & $0.0428261$ & $-0.0140722$ & $0.0327549$ & $0.0485058$ & $-0.012991$ & $0.0411007$ & $0.0452113$ & $-0.0494564$ & $-0.0494628$ & $-0.0682449$ & $0.0592063$ & $0.0227767$ & $0.0183924$ & $0.0109856$ & $0.00672707$ & $-0.00134646$ & $0.00280317$ & $0.0421997$ & $0.0466312$ & $0.0505241$ & $0.0240526$ & $-0.0835523$ & $-0.106759$ & $-0.0894671$ & $-0.0366879$ & $0.00197335$ & $-0.032192$ & $0.013056$ & $0.017407$ & $-0.0148708$ & $0.0195793$ & $0.0214829$ & $0.0016914$ & $0.0253446$ & $0.0646943$ & $0.00906221$ & $-0.010443$ & $0.00693094$ & $-0.04513$ & $0.00322191$ & $0.0190706$ & $0.00755233$ & $0.0285195$ & $-0.00590124$ & $-0.0192056$ & $0.0253524$ & $-0.0495725$ \\
dAle5Mz & $-0.0257029$ & $1$ & $-0.0212599$ & $-0.00522231$ & $-0.0462833$ & $0.0602338$ & $0.023299$ & $-0.0841544$ & $-0.0713862$ & $-0.00764176$ & $0.0830267$ & $-0.0334833$ & $0.0359224$ & $-0.050705$ & $-0.0193697$ & $-0.0166173$ & $-0.0276622$ & $-0.0174881$ & $-0.0209343$ & $-0.058184$ & $-0.0634043$ & $-0.0648725$ & $-0.00392239$ & $0.0030553$ & $-0.0139617$ & $0.0384657$ & $-0.0365123$ & $-0.00461361$ & $0.0103327$ & $-0.0231155$ & $0.00539449$ & $0.00264885$ & $-0.0257814$ & $-0.00522852$ & $-0.00347746$ & $0.0220141$ & $0.0458516$ & $0.0161565$ & $0.00648757$ & $-0.00838162$ & $-0.0198744$ & $-0.00325144$ & $0.0219247$ & $0.0253655$ & $0.0440531$ & $0.0345136$ & $-0.0159488$ & $-0.0324002$ & $0.00471777$ \\
mtop & $0.0428261$ & $-0.0212599$ & $1$ & $0.00997949$ & $-0.0388899$ & $0.00759208$ & $-0.0154632$ & $-0.0309165$ & $-0.03611$ & $0.00123279$ & $0.02499$ & $0.0467463$ & $-0.0586865$ & $0.0288384$ & $-0.0380196$ & $0.00513797$ & $-0.00154165$ & $0.0450143$ & $0.0119071$ & $-0.0159712$ & $-0.0213681$ & $-0.0202541$ & $0.0811334$ & $0.0429405$ & $0.0488112$ & $-0.0497645$ & $0.0384828$ & $-0.0394057$ & $0.013294$ & $-0.0909302$ & $-0.0283467$ & $-0.0400215$ & $-0.0860138$ & $-0.00991218$ & $-0.0323198$ & $-0.0295123$ & $0.0155476$ & $0.0349433$ & $0.0553341$ & $0.021421$ & $-0.0535908$ & $-0.00161878$ & $0.00567324$ & $0.0165164$ & $0.0302461$ & $-0.0607088$ & $-0.00289866$ & $-0.0480918$ & $-0.071684$ \\
mHl & $-0.0140722$ & $-0.00522231$ & $0.00997949$ & $1$ & $0.00547403$ & $0.00910469$ & $-0.0602558$ & $0.0152466$ & $0.0032914$ & $0.0286758$ & $-0.0302711$ & $0.00614259$ & $0.000126354$ & $0.056053$ & $0.0305834$ & $0.0169729$ & $0.015154$ & $0.0141014$ & $0.0208137$ & $0.0278544$ & $0.0305757$ & $0.0307869$ & $0.0318982$ & $0.0360259$ & $0.0250771$ & $-0.0432228$ & $0.00755105$ & $0.0714037$ & $-0.0138581$ & $-0.00692017$ & $-0.0421965$ & $-0.0437453$ & $0.0411964$ & $-0.0215168$ & $0.0667861$ & $-0.017011$ & $0.0364656$ & $0.017267$ & $-0.00883828$ & $0.101875$ & $0.0343688$ & $-0.0271413$ & $-0.0507907$ & $0.0886214$ & $-0.0896068$ & $0.0384656$ & $-0.0380719$ & $-0.00758378$ & $0.023388$ \\
Mz & $0.0327549$ & $-0.0462833$ & $-0.0388899$ & $0.00547403$ & $1$ & $-0.0138756$ & $-0.0187066$ & $0.0288837$ & $0.0297831$ & $0.0281855$ & $-0.031432$ & $0.00590984$ & $-0.0121246$ & $0.0310966$ & $0.00813317$ & $-0.0358812$ & $0.0245951$ & $0.00956178$ & $0.0358321$ & $0.0319584$ & $0.0403632$ & $0.035115$ & $0.030256$ & $-0.00934753$ & $0.0171257$ & $-0.0428813$ & $0.0422487$ & $-0.0291146$ & $0.037098$ & $-0.0244934$ & $-0.020259$ & $-0.0443377$ & $-0.0556839$ & $0.015936$ & $-0.0059432$ & $-0.00191049$ & $0.0510239$ & $-0.0346331$ & $-0.0617163$ & $0.00978665$ & $0.0169149$ & $0.0318575$ & $0.0520551$ & $0.0143738$ & $0.0259737$ & $-0.0166278$ & $-0.0419352$ & $-0.0126537$ & $-0.0224446$ \\
CW & $0.0485058$ & $0.0602338$ & $0.00759208$ & $0.00910469$ & $-0.0138756$ & $1$ & $-0.00347926$ & $-0.00160023$ & $0.00512511$ & $-0.00152344$ & $0.121363$ & $0.0444079$ & $-0.00599636$ & $-0.018921$ & $-0.0491251$ & $-0.00513521$ & $-0.379765$ & $-0.189401$ & $-0.205947$ & $-0.11411$ & $-0.126836$ & $-0.120866$ & $0.0142271$ & $-0.130686$ & $-0.243753$ & $0.0316492$ & $-0.1128$ & $-0.0539783$ & $0.021438$ & $-0.0162377$ & $0.0300438$ & $-0.0088126$ & $-0.0355484$ & $-0.0906255$ & $0.0377474$ & $0.0104824$ & $0.0656605$ & $-0.00666102$ & $-0.0758382$ & $0.00339168$ & $-0.0244749$ & $-0.0655827$ & $0.056115$ & $0.0217138$ & $-0.00612465$ & $0.0384762$ & $-0.059522$ & $-0.00393278$ & $0.0287726$ \\
CHG & $-0.012991$ & $0.023299$ & $-0.0154632$ & $-0.0602558$ & $-0.0187066$ & $-0.00347926$ & $1$ & $0.0436194$ & $0.0786256$ & $0.0181462$ & $-0.022$ & $0.417655$ & $-0.442936$ & $-0.0114528$ & $0.0617235$ & $0.0776202$ & $-0.0446543$ & $-0.0654491$ & $-0.0809451$ & $0.0270231$ & $0.0146278$ & $0.0177846$ & $-0.054927$ & $-0.0389536$ & $-0.0781629$ & $0.00867935$ & $-0.066467$ & $-0.0383912$ & $-0.0449128$ & $-0.187734$ & $-0.145404$ & $0.923571$ & $-0.184912$ & $-0.00856743$ & $-0.0746748$ & $-0.030693$ & $0.0313038$ & $-0.0395379$ & $-0.0718513$ & $-0.0192105$ & $0.0294131$ & $-0.0232445$ & $-0.0418006$ & $-0.0171681$ & $0.0043097$ & $0.0103502$ & $-0.0178144$ & $-0.00901838$ & $0.0653809$ \\
CHWB & $0.0411007$ & $-0.0841544$ & $-0.0309165$ & $0.0152466$ & $0.0288837$ & $-0.00160023$ & $0.0436194$ & $1$ & $0.987923$ & $-0.506687$ & $-0.856847$ & $-0.0923005$ & $-0.0109506$ & $0.221453$ & $0.394547$ & $0.435027$ & $-0.258057$ & $-0.40035$ & $-0.409072$ & $0.837921$ & $0.869575$ & $0.862993$ & $0.0600848$ & $-0.626023$ & $-0.389424$ & $-0.604172$ & $0.37864$ & $0.346936$ & $0.00278993$ & $-0.0556913$ & $-0.000361429$ & $0.0338573$ & $-0.00714818$ & $0.552176$ & $0.0337774$ & $0.0582967$ & $-0.0504111$ & $-0.012509$ & $-0.0481326$ & $0.0348484$ & $0.0521101$ & $-0.0400746$ & $0.0263468$ & $0.0492186$ & $0.0389897$ & $-0.00784552$ & $-0.0515385$ & $-0.0256502$ & $0.0233936$ \\
CHWHB_gaga & $0.0452113$ & $-0.0713862$ & $-0.03611$ & $0.0032914$ & $0.0297831$ & $0.00512511$ & $0.0786256$ & $0.987923$ & $1$ & $-0.493818$ & $-0.841364$ & $-0.0943629$ & $0.00279578$ & $0.209373$ & $0.393935$ & $0.427091$ & $-0.26626$ & $-0.408605$ & $-0.411971$ & $0.823633$ & $0.853459$ & $0.848912$ & $0.0559941$ & $-0.625663$ & $-0.397518$ & $-0.595422$ & $0.36643$ & $0.335854$ & $0.0106129$ & $-0.0244727$ & $0.00955196$ & $0.0607668$ & $0.0170137$ & $0.540892$ & $0.0244442$ & $0.053906$ & $-0.0521057$ & $-0.0210093$ & $-0.0545092$ & $0.0365947$ & $0.047874$ & $-0.0429022$ & $0.0931021$ & $0.0516972$ & $0.0440942$ & $0.0074358$ & $-0.0521555$ & $-0.0299291$ & $0.02511$ \\
CHWHB_gagaorth & $-0.0494564$ & $-0.00764176$ & $0.00123279$ & $0.0286758$ & $0.0281855$ & $-0.00152344$ & $0.0181462$ & $-0.506687$ & $-0.493818$ & $1$ & $0.40158$ & $0.294841$ & $-0.0486677$ & $-0.0353198$ & $-0.173405$ & $-0.251153$ & $0.190625$ & $0.250534$ & $0.29004$ & $-0.397893$ & $-0.408532$ & $-0.399528$ & $-0.0723619$ & $0.352156$ & $0.269977$ & $0.32778$ & $-0.166769$ & $-0.126383$ & $0.00527126$ & $-0.0336471$ & $-0.0486099$ & $0.0530393$ & $-0.0786423$ & $-0.306513$ & $0.099452$ & $-0.0205193$ & $0.0186906$ & $-0.0444604$ & $-0.0222762$ & $-0.00422938$ & $-0.0478398$ & $-0.000654679$ & $-0.0068145$ & $-0.00299941$ & $-0.0629128$ & $-0.0208182$ & $-0.00488515$ & $-0.0111493$ & $0.0121491$ \\
CHD & $-0.0494628$ & $0.0830267$ & $0.02499$ & $-0.0302711$ & $-0.031432$ & $0.121363$ & $-0.022$ & $-0.856847$ & $-0.841364$ & $0.40158$ & $1$ & $0.135928$ & $0.00787399$ & $-0.651623$ & $-0.526754$ & $-0.518668$ & $-0.246401$ & $-0.0572786$ & $-0.0440555$ & $-0.993746$ & $-0.994217$ & $-0.980575$ & $0.0137863$ & $0.182269$ & $-0.0740204$ & $0.673109$ & $-0.285372$ & $-0.423376$ & $-0.00317067$ & $0.0285161$ & $-0.0202562$ & $-0.00993489$ & $-0.021104$ & $-0.326377$ & $-0.0125895$ & $-0.0718267$ & $0.0495338$ & $0.0407022$ & $0.0158831$ & $-0.0346775$ & $-0.0813752$ & $0.0417532$ & $-0.0260043$ & $-0.0264692$ & $-0.0271713$ & $0.0301722$ & $0.0189988$ & $0.0467519$ & $0.0168195$ \\
CHbox & $-0.0682449$ & $-0.0334833$ & $0.0467463$ & $0.00614259$ & $0.00590984$ & $0.0444079$ & $0.417655$ & $-0.0923005$ & $-0.0943629$ & $0.294841$ & $0.135928$ & $1$ & $-0.927872$ & $-0.0997497$ & $-0.0259159$ & $0.00414461$ & $-0.0947486$ & $-0.0689259$ & $-0.0881279$ & $-0.129776$ & $-0.142858$ & $-0.139797$ & $-0.0788062$ & $-0.00358217$ & $-0.0566082$ & $0.147484$ & $-0.0769413$ & $-0.0400923$ & $-0.0416998$ & $-0.236781$ & $-0.123144$ & $0.369269$ & $-0.208136$ & $-0.0746213$ & $-0.0365538$ & $-0.055863$ & $-0.00544955$ & $-0.033202$ & $-0.0457817$ & $-0.0375785$ & $0.0297065$ & $0.000314255$ & $-0.072881$ & $0.00505162$ & $0.0183115$ & $-0.00405331$ & $0.00893249$ & $-0.0030621$ & $0.0983517$ \\
CH & $0.0592063$ & $0.0359224$ & $-0.0586865$ & $0.000126354$ & $-0.0121246$ & $-0.00599636$ & $-0.442936$ & $-0.0109506$ & $0.00279578$ & $-0.0486677$ & $0.00787399$ & $-0.927872$ & $1$ & $-0.0172025$ & $-0.025717$ & $-0.0695746$ & $0.0170569$ & $0.0113442$ & $0.0444277$ & $-0.0103671$ & $-0.00139231$ & $-0.000465836$ & $0.0681502$ & $-0.00419759$ & $0.00588332$ & $-0.0381819$ & $0.0273195$ & $-0.00766075$ & $0.0561256$ & $0.339437$ & $0.142601$ & $-0.353454$ & $0.306448$ & $0.0189874$ & $0.101544$ & $0.0572012$ & $0.0151468$ & $0.0314607$ & $0.0300187$ & $0.0365167$ & $-0.0520726$ & $0.000390006$ & $0.0698441$ & $-0.0101498$ & $-0.0435686$ & $0.00503214$ & $-0.0205145$ & $0.00434974$ & $-0.0835904$ \\
CHL1_11 & $0.0227767$ & $-0.050705$ & $0.0288384$ & $0.056053$ & $0.0310966$ & $-0.018921$ & $-0.0114528$ & $0.221453$ & $0.209373$ & $-0.0353198$ & $-0.651623$ & $-0.0997497$ & $-0.0172025$ & $1$ & $0.378895$ & $0.321343$ & $0.650657$ & $0.635694$ & $0.615514$ & $0.662389$ & $0.624515$ & $0.608345$ & $-0.0941846$ & $0.490323$ & $0.622815$ & $-0.414963$ & $0.00631728$ & $0.309954$ & $-0.0213835$ & $-0.00244084$ & $0.034977$ & $-0.0253841$ & $0.0238199$ & $-0.190197$ & $-0.00122212$ & $0.0448351$ & $-0.0132747$ & $-0.0703327$ & $0.00546139$ & $0.0320074$ & $0.0762203$ & $-0.0284062$ & $0.0106667$ & $-0.0202681$ & $-0.000653513$ & $-0.0221478$ & $0.025805$ & $-0.0270651$ & $-0.0701536$ \\
CHL1_22 & $0.0183924$ & $-0.0193697$ & $-0.0380196$ & $0.0305834$ & $0.00813317$ & $-0.0491251$ & $0.0617235$ & $0.394547$ & $0.393935$ & $-0.173405$ & $-0.526754$ & $-0.0259159$ & $-0.025717$ & $0.378895$ & $1$ & $0.512397$ & $0.177239$ & $-0.276134$ & $0.0169216$ & $0.577811$ & $0.463006$ & $0.458262$ & $-0.262599$ & $0.0737362$ & $-0.0406644$ & $-0.254422$ & $-0.328261$ & $0.209028$ & $-0.0278751$ & $-0.00180471$ & $0.0196983$ & $0.0406368$ & $0.0268258$ & $-0.505497$ & $-0.0306399$ & $0.0299817$ & $-0.0623009$ & $-0.0168526$ & $-0.0425245$ & $0.0177067$ & $0.120169$ & $-0.0416343$ & $-0.0022285$ & $-0.0364339$ & $0.0212577$ & $0.00048646$ & $0.00525074$ & $-0.00821075$ & $0.0524626$ \\
CHL1_33 & $0.0109856$ & $-0.0166173$ & $0.00513797$ & $0.0169729$ & $-0.0358812$ & $-0.00513521$ & $0.0776202$ & $0.435027$ & $0.427091$ & $-0.251153$ & $-0.518668$ & $0.00414461$ & $-0.0695746$ & $0.321343$ & $0.512397$ & $1$ & $0.0834812$ & $-0.0448999$ & $-0.368901$ & $0.569054$ & $0.457839$ & $0.463046$ & $-0.169928$ & $0.00680779$ & $-0.125944$ & $-0.316118$ & $-0.31745$ & $0.231855$ & $0.000957589$ & $-0.0528369$ & $0.0292493$ & $0.0535034$ & $-0.0196943$ & $-0.0220453$ & $-0.0201017$ & $0.0017556$ & $-0.0152587$ & $-0.027516$ & $0.0181813$ & $-0.0369891$ & $0.0637838$ & $-0.0385457$ & $0.00553148$ & $0.0236555$ & $0.0113524$ & $0.00393751$ & $-0.0224991$ & $-0.0453858$ & $0.0269165$ \\
CHL3_11 & $0.00672707$ & $-0.0276622$ & $-0.00154165$ & $0.015154$ & $0.0245951$ & $-0.379765$ & $-0.0446543$ & $-0.258057$ & $-0.26626$ & $0.190625$ & $-0.246401$ & $-0.0947486$ & $0.0170569$ & $0.650657$ & $0.177239$ & $0.0834812$ & $1$ & $0.833672$ & $0.833496$ & $0.256954$ & $0.227148$ & $0.214448$ & $-0.103593$ & $0.765354$ & $0.858079$ & $-0.118389$ & $-0.0747165$ & $0.121165$ & $0.0175423$ & $0.0653727$ & $0.0341339$ & $-0.042803$ & $0.0619564$ & $-0.274397$ & $-0.0444722$ & $0.0259486$ & $0.00227234$ & $-0.0344304$ & $0.0788306$ & $0.00255423$ & $0.0485103$ & $0.0130952$ & $-0.00875317$ & $-0.0322539$ & $-0.025$ & $-0.0657736$ & $0.0629791$ & $-0.0465529$ & $-0.0784115$ \\
CHL3_22 & $-0.00134646$ & $-0.0174881$ & $0.0450143$ & $0.0141014$ & $0.00956178$ & $-0.189401$ & $-0.0654491$ & $-0.40035$ & $-0.408605$ & $0.250534$ & $-0.0572786$ & $-0.0689259$ & $0.0113442$ & $0.635694$ & $-0.276134$ & $-0.0448999$ & $0.833672$ & $1$ & $0.793374$ & $0.0545851$ & $0.0571416$ & $0.0468895$ & $0.0127049$ & $0.753494$ & $0.867168$ & $-0.0506763$ & $0.0245674$ & $0.0635916$ & $0.0182686$ & $0.0450116$ & $0.0306361$ & $-0.0603873$ & $0.0332035$ & $-0.0901625$ & $-0.0243727$ & $0.0114356$ & $0.0371407$ & $-0.04358$ & $0.0842707$ & $-0.00813512$ & $0.000976641$ & $0.0155055$ & $-0.00128877$ & $-0.0192907$ & $-0.0324785$ & $-0.0411453$ & $0.0505601$ & $-0.0371548$ & $-0.105178$ \\
CHL3_33 & $0.00280317$ & $-0.0209343$ & $0.0119071$ & $0.0208137$ & $0.0358321$ & $-0.205947$ & $-0.0809451$ & $-0.409072$ & $-0.411971$ & $0.29004$ & $-0.0440555$ & $-0.0881279$ & $0.0444277$ & $0.615514$ & $0.0169216$ & $-0.368901$ & $0.833496$ & $0.793374$ & $1$ & $0.0394082$ & $0.0460521$ & $0.0412627$ & $-0.0358765$ & $0.738994$ & $0.870941$ & $0.0022333$ & $0.0443585$ & $0.0335579$ & $-0.00628397$ & $0.0741354$ & $0.0197044$ & $-0.071279$ & $0.0594697$ & $-0.371576$ & $-0.0282575$ & $0.0239168$ & $0.0122211$ & $-0.0308137$ & $0.0396725$ & $0.0249843$ & $0.0260159$ & $0.00926837$ & $-0.00379415$ & $-0.0494262$ & $-0.0193782$ & $-0.0413514$ & $0.0724058$ & $-0.00428836$ & $-0.0877114$ \\
CHe_11 & $0.0421997$ & $-0.058184$ & $-0.0159712$ & $0.0278544$ & $0.0319584$ & $-0.11411$ & $0.0270231$ & $0.837921$ & $0.823633$ & $-0.397893$ & $-0.993746$ & $-0.129776$ & $-0.0103671$ & $0.662389$ & $0.577811$ & $0.569054$ & $0.256954$ & $0.0545851$ & $0.0394082$ & $1$ & $0.982044$ & $0.968701$ & $-0.0338225$ & $-0.146566$ & $0.0779157$ & $-0.666533$ & $0.226095$ & $0.421049$ & $0.0031826$ & $-0.0266027$ & $0.0247808$ & $0.013137$ & $0.0216022$ & $0.263609$ & $0.00389094$ & $0.073118$ & $-0.0473076$ & $-0.0418412$ & $-0.010625$ & $0.0316422$ & $0.0913667$ & $-0.0464115$ & $0.0294389$ & $0.0171261$ & $0.0278071$ & $-0.0252119$ & $-0.0178529$ & $-0.0499229$ & $-0.0144247$ \\
CHe_22 & $0.0466312$ & $-0.0634043$ & $-0.0213681$ & $0.0305757$ & $0.0403632$ & $-0.126836$ & $0.0146278$ & $0.869575$ & $0.853459$ & $-0.408532$ & $-0.994217$ & $-0.142858$ & $-0.00139231$ & $0.624515$ & $0.463006$ & $0.457839$ & $0.227148$ & $0.0571416$ & $0.0460521$ & $0.982044$ & $1$ & $0.984269$ & $0.0148976$ & $-0.221355$ & $0.0674773$ & $-0.677774$ & $0.351161$ & $0.421351$ & $0.00432204$ & $-0.0277161$ & $0.0175822$ & $0.00479774$ & $0.0190545$ & $0.396758$ & $0.016197$ & $0.0764364$ & $-0.043903$ & $-0.0375289$ & $-0.0153282$ & $0.0396537$ & $0.0760815$ & $-0.0409209$ & $0.0265816$ & $0.0314923$ & $0.0264427$ & $-0.0339888$ & $-0.0207776$ & $-0.0477599$ & $-0.0259836$ \\
CHe_33 & $0.0505241$ & $-0.0648725$ & $-0.0202541$ & $0.0307869$ & $0.035115$ & $-0.120866$ & $0.0177846$ & $0.862993$ & $0.848912$ & $-0.399528$ & $-0.980575$ & $-0.139797$ & $-0.000465836$ & $0.608345$ & $0.458262$ & $0.463046$ & $0.214448$ & $0.0468895$ & $0.0412627$ & $0.968701$ & $0.984269$ & $1$ & $0.0197949$ & $-0.224368$ & $0.0621966$ & $-0.672803$ & $0.355999$ & $0.417145$ & $0.00639273$ & $-0.0233076$ & $0.0206555$ & $0.0076353$ & $0.0172542$ & $0.395777$ & $0.0152078$ & $0.0649296$ & $-0.0395394$ & $-0.0395021$ & $-0.0102841$ & $0.034303$ & $0.0663848$ & $-0.0439308$ & $0.0293587$ & $0.0361925$ & $0.046392$ & $-0.023285$ & $-0.0154635$ & $-0.0423975$ & $-0.0219909$ \\
CHQ1_11 & $0.0240526$ & $-0.00392239$ & $0.0811334$ & $0.0318982$ & $0.030256$ & $0.0142271$ & $-0.054927$ & $0.0600848$ & $0.0559941$ & $-0.0723619$ & $0.0137863$ & $-0.0788062$ & $0.0681502$ & $-0.0941846$ & $-0.262599$ & $-0.169928$ & $-0.103593$ & $0.0127049$ & $-0.0358765$ & $-0.0338225$ & $0.0148976$ & $0.0197949$ & $1$ & $-0.141573$ & $0.0417268$ & $-0.587226$ & $0.412627$ & $0.0354944$ & $0.000274455$ & $-0.0086048$ & $-0.0171196$ & $-0.0277828$ & $-0.022523$ & $0.28153$ & $-0.00509809$ & $0.0142363$ & $-0.00266678$ & $-0.0309778$ & $-0.0411921$ & $0.0382147$ & $-0.0112015$ & $-0.0211087$ & $0.015682$ & $-0.0282669$ & $-0.0201146$ & $0.0276673$ & $-0.00972584$ & $-0.00997655$ & $-0.0718732$ \\
CHQ1_33 & $-0.0835523$ & $0.0030553$ & $0.0429405$ & $0.0360259$ & $-0.00934753$ & $-0.130686$ & $-0.0389536$ & $-0.626023$ & $-0.625663$ & $0.352156$ & $0.182269$ & $-0.00358217$ & $-0.00419759$ & $0.490323$ & $0.0737362$ & $0.00680779$ & $0.765354$ & $0.753494$ & $0.738994$ & $-0.146566$ & $-0.221355$ & $-0.224368$ & $-0.141573$ & $1$ & $0.767543$ & $0.171076$ & $-0.316531$ & $0.0244908$ & $0.00320914$ & $0.0507023$ & $0.0312808$ & $-0.038678$ & $0.0282599$ & $-0.611583$ & $-0.0539861$ & $-0.0162878$ & $0.0197248$ & $-0.0436243$ & $0.0830958$ & $-0.0141674$ & $0.037708$ & $0.00886443$ & $-0.0172867$ & $-0.0565939$ & $-0.030042$ & $0.000233421$ & $0.0709556$ & $-0.0457315$ & $-0.0634101$ \\
CHQ3_11 & $-0.106759$ & $-0.0139617$ & $0.0488112$ & $0.0250771$ & $0.0171257$ & $-0.243753$ & $-0.0781629$ & $-0.389424$ & $-0.397518$ & $0.269977$ & $-0.0740204$ & $-0.0566082$ & $0.00588332$ & $0.622815$ & $-0.0406644$ & $-0.125944$ & $0.858079$ & $0.867168$ & $0.870941$ & $0.0779157$ & $0.0674773$ & $0.0621966$ & $0.0417268$ & $0.767543$ & $1$ & $-0.0289516$ & $0.197638$ & $0.073917$ & $0.00421134$ & $0.0602988$ & $0.0175748$ & $-0.066263$ & $0.0510234$ & $-0.277742$ & $-0.0555555$ & $0.0141332$ & $-0.00334245$ & $-0.0458581$ & $0.0758441$ & $-0.0185981$ & $0.0126703$ & $0.0158444$ & $-0.0106572$ & $-0.0312248$ & $-0.0328197$ & $-0.0670873$ & $0.0333976$ & $-0.0256394$ & $-0.0978059$ \\
CHu_11 & $-0.0894671$ & $0.0384657$ & $-0.0497645$ & $-0.0432228$ & $-0.0428813$ & $0.0316492$ & $0.00867935$ & $-0.604172$ & $-0.595422$ & $0.32778$ & $0.673109$ & $0.147484$ & $-0.0381819$ & $-0.414963$ & $-0.254422$ & $-0.316118$ & $-0.118389$ & $-0.0506763$ & $0.0022333$ & $-0.666533$ & $-0.677774$ & $-0.672803$ & $-0.587226$ & $0.171076$ & $-0.0289516$ & $1$ & $-0.253582$ & $-0.308913$ & $0.0175976$ & $0.0119895$ & $-0.0108046$ & $0.0154508$ & $0.00818741$ & $-0.329624$ & $-0.00124433$ & $-0.0471765$ & $0.0406434$ & $0.0455028$ & $0.0331759$ & $-0.0601525$ & $-0.0440301$ & $0.0468536$ & $-0.0333483$ & $0.0149041$ & $-0.0146677$ & $-0.0278422$ & $0.00928726$ & $0.0440141$ & $0.0612755$ \\
CHd_11 & $-0.0366879$ & $-0.0365123$ & $0.0384828$ & $0.00755105$ & $0.0422487$ & $-0.1128$ & $-0.066467$ & $0.37864$ & $0.36643$ & $-0.166769$ & $-0.285372$ & $-0.0769413$ & $0.0273195$ & $0.00631728$ & $-0.328261$ & $-0.31745$ & $-0.0747165$ & $0.0245674$ & $0.0443585$ & $0.226095$ & $0.351161$ & $0.355999$ & $0.412627$ & $-0.316531$ & $0.197638$ & $-0.253582$ & $1$ & $0.123168$ & $0.0213598$ & $-0.00977082$ & $-0.0288346$ & $-0.0377105$ & $0.00945296$ & $0.642111$ & $-0.00381258$ & $0.041937$ & $-0.0282193$ & $-0.00669476$ & $0.0164683$ & $0.000590169$ & $-0.0446054$ & $0.00851743$ & $0.00689648$ & $0.0573451$ & $0.00899843$ & $-0.0532547$ & $-0.061535$ & $-0.0147376$ & $-0.0621985$ \\
CHd_33 & $0.00197335$ & $-0.00461361$ & $-0.0394057$ & $0.0714037$ & $-0.0291146$ & $-0.0539783$ & $-0.0383912$ & $0.346936$ & $0.335854$ & $-0.126383$ & $-0.423376$ & $-0.0400923$ & $-0.00766075$ & $0.309954$ & $0.209028$ & $0.231855$ & $0.121165$ & $0.0635916$ & $0.0335579$ & $0.421049$ & $0.421351$ & $0.417145$ & $0.0354944$ & $0.0244908$ & $0.073917$ & $-0.308913$ & $0.123168$ & $1$ & $-0.0130134$ & $0.013655$ & $0.0275159$ & $-0.0230442$ & $0.0160271$ & $0.134202$ & $0.0278062$ & $-0.00468097$ & $0.0179$ & $-0.108662$ & $-0.0234203$ & $0.0247803$ & $0.0492952$ & $-0.0241874$ & $0.0403306$ & $-0.0291088$ & $-0.0669289$ & $-0.063806$ & $0.0170237$ & $-0.057367$ & $-0.00564163$ \\
CeH_22r & $-0.032192$ & $0.0103327$ & $0.013294$ & $-0.0138581$ & $0.037098$ & $0.021438$ & $-0.0449128$ & $0.00278993$ & $0.0106129$ & $0.00527126$ & $-0.00317067$ & $-0.0416998$ & $0.0561256$ & $-0.0213835$ & $-0.0278751$ & $0.000957589$ & $0.0175423$ & $0.0182686$ & $-0.00628397$ & $0.0031826$ & $0.00432204$ & $0.00639273$ & $0.000274455$ & $0.00320914$ & $0.00421134$ & $0.0175976$ & $0.0213598$ & $-0.0130134$ & $1$ & $0.0538428$ & $-0.0251384$ & $-0.0776189$ & $0.0516414$ & $0.0437364$ & $-0.10232$ & $-0.0885182$ & $-0.0276294$ & $-0.02676$ & $0.0268328$ & $-0.0382529$ & $-0.0260431$ & $-0.0624292$ & $0.0780626$ & $0.0638211$ & $-0.0227501$ & $-0.0478637$ & $-0.0577334$ & $0.0196225$ & $0.0282973$ \\
CeH_33r & $0.013056$ & $-0.0231155$ & $-0.0909302$ & $-0.00692017$ & $-0.0244934$ & $-0.0162377$ & $-0.187734$ & $-0.0556913$ & $-0.0244727$ & $-0.0336471$ & $0.0285161$ & $-0.236781$ & $0.339437$ & $-0.00244084$ & $-0.00180471$ & $-0.0528369$ & $0.0653727$ & $0.0450116$ & $0.0741354$ & $-0.0266027$ & $-0.0277161$ & $-0.0233076$ & $-0.0086048$ & $0.0507023$ & $0.0602988$ & $0.0119895$ & $-0.00977082$ & $0.013655$ & $0.0538428$ & $1$ & $0.332495$ & $-0.0114764$ & $0.665338$ & $-0.0366557$ & $-0.0329433$ & $0.013065$ & $-0.129604$ & $0.0128766$ & $0.00861308$ & $-0.0183969$ & $-0.0559504$ & $0.024075$ & $0.0604462$ & $-0.062328$ & $0.0367727$ & $0.0150682$ & $-0.00460048$ & $0.0212672$ & $0.00395619$ \\
CuH_22r & $0.017407$ & $0.00539449$ & $-0.0283467$ & $-0.0421965$ & $-0.020259$ & $0.0300438$ & $-0.145404$ & $-0.000361429$ & $0.00955196$ & $-0.0486099$ & $-0.0202562$ & $-0.123144$ & $0.142601$ & $0.034977$ & $0.0196983$ & $0.0292493$ & $0.0341339$ & $0.0306361$ & $0.0197044$ & $0.0247808$ & $0.0175822$ & $0.0206555$ & $-0.0171196$ & $0.0312808$ & $0.0175748$ & $-0.0108046$ & $-0.0288346$ & $0.0275159$ & $-0.0251384$ & $0.332495$ & $1$ & $-0.0430055$ & $0.345202$ & $-0.0145664$ & $-0.0395158$ & $0.0450843$ & $-0.124535$ & $0.0265485$ & $-0.00762498$ & $-0.0239308$ & $0.0131793$ & $0.0213703$ & $0.0618389$ & $-0.0100177$ & $0.0145623$ & $0.122926$ & $0.344691$ & $-0.00701324$ & $-0.00823246$ \\
CuH_33r & $-0.0148708$ & $0.00264885$ & $-0.0400215$ & $-0.0437453$ & $-0.0443377$ & $-0.0088126$ & $0.923571$ & $0.0338573$ & $0.0607668$ & $0.0530393$ & $-0.00993489$ & $0.369269$ & $-0.353454$ & $-0.0253841$ & $0.0406368$ & $0.0535034$ & $-0.042803$ & $-0.0603873$ & $-0.071279$ & $0.013137$ & $0.00479774$ & $0.0076353$ & $-0.0277828$ & $-0.038678$ & $-0.066263$ & $0.0154508$ & $-0.0377105$ & $-0.0230442$ & $-0.0776189$ & $-0.0114764$ & $-0.0430055$ & $1$ & $0.0291462$ & $0.00185526$ & $-0.0167794$ & $0.0137692$ & $-0.00274276$ & $-0.0223743$ & $-0.0646914$ & $0.0102344$ & $0.0352477$ & $-0.0111848$ & $-0.0493261$ & $-0.0192505$ & $-0.0223282$ & $0.00240842$ & $-0.0105497$ & $-0.0174947$ & $0.0839437$ \\
CdH_33r & $0.0195793$ & $-0.0257814$ & $-0.0860138$ & $0.0411964$ & $-0.0556839$ & $-0.0355484$ & $-0.184912$ & $-0.00714818$ & $0.0170137$ & $-0.0786423$ & $-0.021104$ & $-0.208136$ & $0.306448$ & $0.0238199$ & $0.0268258$ & $-0.0196943$ & $0.0619564$ & $0.0332035$ & $0.0594697$ & $0.0216022$ & $0.0190545$ & $0.0172542$ & $-0.022523$ & $0.0282599$ & $0.0510234$ & $0.00818741$ & $0.00945296$ & $0.0160271$ & $0.0516414$ & $0.665338$ & $0.345202$ & $0.0291462$ & $1$ & $-0.0214593$ & $-0.0165101$ & $-0.0236864$ & $-0.16594$ & $0.0231428$ & $0.00881095$ & $0.00516971$ & $-0.00968841$ & $0.0397828$ & $-0.0196417$ & $-0.017517$ & $-0.00617871$ & $-0.000172987$ & $-0.0149612$ & $0.187521$ & $0.425211$ \\
CLL_1221 & $0.0214829$ & $-0.00522852$ & $-0.00991218$ & $-0.0215168$ & $0.015936$ & $-0.0906255$ & $-0.00856743$ & $0.552176$ & $0.540892$ & $-0.306513$ & $-0.326377$ & $-0.0746213$ & $0.0189874$ & $-0.190197$ & $-0.505497$ & $-0.0220453$ & $-0.274397$ & $-0.0901625$ & $-0.371576$ & $0.263609$ & $0.396758$ & $0.395777$ & $0.28153$ & $-0.611583$ & $-0.277742$ & $-0.329624$ & $0.642111$ & $0.134202$ & $0.0437364$ & $-0.0366557$ & $-0.0145664$ & $0.00185526$ & $-0.0214593$ & $1$ & $0.0444238$ & $0.0285569$ & $0.0124667$ & $0.0163295$ & $0.0145789$ & $0.0126505$ & $-0.0525334$ & $0.00893605$ & $0.0175104$ & $0.0846704$ & $0.015992$ & $-0.023276$ & $-0.0496913$ & $-0.0290094$ & $-0.0251657$ \\
eHggint & $0.0016914$ & $-0.00347746$ & $-0.0323198$ & $0.0667861$ & $-0.0059432$ & $0.0377474$ & $-0.0746748$ & $0.0337774$ & $0.0244442$ & $0.099452$ & $-0.0125895$ & $-0.0365538$ & $0.101544$ & $-0.00122212$ & $-0.0306399$ & $-0.0201017$ & $-0.0444722$ & $-0.0243727$ & $-0.0282575$ & $0.00389094$ & $0.016197$ & $0.0152078$ & $-0.00509809$ & $-0.0539861$ & $-0.0555555$ & $-0.00124433$ & $-0.00381258$ & $0.0278062$ & $-0.10232$ & $-0.0329433$ & $-0.0395158$ & $-0.0167794$ & $-0.0165101$ & $0.0444238$ & $1$ & $-0.0639231$ & $0.0452635$ & $-0.0072638$ & $-0.0353828$ & $-0.0125508$ & $-0.0156072$ & $0.0290899$ & $-0.0030392$ & $-0.026869$ & $-0.0488512$ & $-0.00527877$ & $-0.00560932$ & $-0.0404041$ & $0.0102705$ \\
eHggpar & $0.0253446$ & $0.0220141$ & $-0.0295123$ & $-0.017011$ & $-0.00191049$ & $0.0104824$ & $-0.030693$ & $0.0582967$ & $0.053906$ & $-0.0205193$ & $-0.0718267$ & $-0.055863$ & $0.0572012$ & $0.0448351$ & $0.0299817$ & $0.0017556$ & $0.0259486$ & $0.0114356$ & $0.0239168$ & $0.073118$ & $0.0764364$ & $0.0649296$ & $0.0142363$ & $-0.0162878$ & $0.0141332$ & $-0.0471765$ & $0.041937$ & $-0.00468097$ & $-0.0885182$ & $0.013065$ & $0.0450843$ & $0.0137692$ & $-0.0236864$ & $0.0285569$ & $-0.0639231$ & $1$ & $-0.0181335$ & $0.0857013$ & $0.0217091$ & $0.102975$ & $0.103768$ & $-0.0380466$ & $0.0500446$ & $0.0259147$ & $0.0306325$ & $0.00154983$ & $-0.0104854$ & $-0.0869925$ & $-0.0663918$ \\
eHWWint & $0.0646943$ & $0.0458516$ & $0.0155476$ & $0.0364656$ & $0.0510239$ & $0.0656605$ & $0.0313038$ & $-0.0504111$ & $-0.0521057$ & $0.0186906$ & $0.0495338$ & $-0.00544955$ & $0.0151468$ & $-0.0132747$ & $-0.0623009$ & $-0.0152587$ & $0.00227234$ & $0.0371407$ & $0.0122211$ & $-0.0473076$ & $-0.043903$ & $-0.0395394$ & $-0.00266678$ & $0.0197248$ & $-0.00334245$ & $0.0406434$ & $-0.0282193$ & $0.0179$ & $-0.0276294$ & $-0.129604$ & $-0.124535$ & $-0.00274276$ & $-0.16594$ & $0.0124667$ & $0.0452635$ & $-0.0181335$ & $1$ & $-0.0877787$ & $0.0219647$ & $0.0613546$ & $-0.0638093$ & $-0.067016$ & $0.00435054$ & $0.0183322$ & $0.0178979$ & $-0.0188369$ & $-0.0644939$ & $0.0383964$ & $-0.0543332$ \\
eHWWpar & $0.00906221$ & $0.0161565$ & $0.0349433$ & $0.017267$ & $-0.0346331$ & $-0.00666102$ & $-0.0395379$ & $-0.012509$ & $-0.0210093$ & $-0.0444604$ & $0.0407022$ & $-0.033202$ & $0.0314607$ & $-0.0703327$ & $-0.0168526$ & $-0.027516$ & $-0.0344304$ & $-0.04358$ & $-0.0308137$ & $-0.0418412$ & $-0.0375289$ & $-0.0395021$ & $-0.0309778$ & $-0.0436243$ & $-0.0458581$ & $0.0455028$ & $-0.00669476$ & $-0.108662$ & $-0.02676$ & $0.0128766$ & $0.0265485$ & $-0.0223743$ & $0.0231428$ & $0.0163295$ & $-0.0072638$ & $0.0857013$ & $-0.0877787$ & $1$ & $0.0154399$ & $-0.022204$ & $0.00714963$ & $0.0280324$ & $-0.0654098$ & $0.0535885$ & $0.00184361$ & $0.00297315$ & $0.0336459$ & $-0.0460455$ & $-0.0103378$ \\
eHZZint & $-0.010443$ & $0.00648757$ & $0.0553341$ & $-0.00883828$ & $-0.0617163$ & $-0.0758382$ & $-0.0718513$ & $-0.0481326$ & $-0.0545092$ & $-0.0222762$ & $0.0158831$ & $-0.0457817$ & $0.0300187$ & $0.00546139$ & $-0.0425245$ & $0.0181813$ & $0.0788306$ & $0.0842707$ & $0.0396725$ & $-0.010625$ & $-0.0153282$ & $-0.0102841$ & $-0.0411921$ & $0.0830958$ & $0.0758441$ & $0.0331759$ & $0.0164683$ & $-0.0234203$ & $0.0268328$ & $0.00861308$ & $-0.00762498$ & $-0.0646914$ & $0.00881095$ & $0.0145789$ & $-0.0353828$ & $0.0217091$ & $0.0219647$ & $0.0154399$ & $1$ & $-0.0131016$ & $0.0350678$ & $-0.0443919$ & $-0.0272524$ & $0.00258498$ & $-0.0115336$ & $0.0345002$ & $0.017225$ & $0.00744875$ & $0.00412373$ \\
eHZZpar & $0.00693094$ & $-0.00838162$ & $0.021421$ & $0.101875$ & $0.00978665$ & $0.00339168$ & $-0.0192105$ & $0.0348484$ & $0.0365947$ & $-0.00422938$ & $-0.0346775$ & $-0.0375785$ & $0.0365167$ & $0.0320074$ & $0.0177067$ & $-0.0369891$ & $0.00255423$ & $-0.00813512$ & $0.0249843$ & $0.0316422$ & $0.0396537$ & $0.034303$ & $0.0382147$ & $-0.0141674$ & $-0.0185981$ & $-0.0601525$ & $0.000590169$ & $0.0247803$ & $-0.0382529$ & $-0.0183969$ & $-0.0239308$ & $0.0102344$ & $0.00516971$ & $0.0126505$ & $-0.0125508$ & $0.102975$ & $0.0613546$ & $-0.022204$ & $-0.0131016$ & $1$ & $0.0224695$ & $-0.0125898$ & $0.0477725$ & $-0.0657351$ & $-0.0322221$ & $-0.0110608$ & $-0.0220811$ & $-0.0255564$ & $-0.0798665$ \\
eHZgaint & $-0.04513$ & $-0.0198744$ & $-0.0535908$ & $0.0343688$ & $0.0169149$ & $-0.0244749$ & $0.0294131$ & $0.0521101$ & $0.047874$ & $-0.0478398$ & $-0.0813752$ & $0.0297065$ & $-0.0520726$ & $0.0762203$ & $0.120169$ & $0.0637838$ & $0.0485103$ & $0.000976641$ & $0.0260159$ & $0.0913667$ & $0.0760815$ & $0.0663848$ & $-0.0112015$ & $0.037708$ & $0.0126703$ & $-0.0440301$ & $-0.0446054$ & $0.0492952$ & $-0.0260431$ & $-0.0559504$ & $0.0131793$ & $0.0352477$ & $-0.00968841$ & $-0.0525334$ & $-0.0156072$ & $0.103768$ & $-0.0638093$ & $0.00714963$ & $0.0350678$ & $0.0224695$ & $1$ & $0.0614019$ & $-0.0294368$ & $0.00926184$ & $-0.0528017$ & $0.0251359$ & $-0.0142531$ & $0.0400786$ & $0.0218087$ \\
eHZgapar & $0.00322191$ & $-0.00325144$ & $-0.00161878$ & $-0.0271413$ & $0.0318575$ & $-0.0655827$ & $-0.0232445$ & $-0.0400746$ & $-0.0429022$ & $-0.000654679$ & $0.0417532$ & $0.000314255$ & $0.000390006$ & $-0.0284062$ & $-0.0416343$ & $-0.0385457$ & $0.0130952$ & $0.0155055$ & $0.00926837$ & $-0.0464115$ & $-0.0409209$ & $-0.0439308$ & $-0.0211087$ & $0.00886443$ & $0.0158444$ & $0.0468536$ & $0.00851743$ & $-0.0241874$ & $-0.0624292$ & $0.024075$ & $0.0213703$ & $-0.0111848$ & $0.0397828$ & $0.00893605$ & $0.0290899$ & $-0.0380466$ & $-0.067016$ & $0.0280324$ & $-0.0443919$ & $-0.0125898$ & $0.0614019$ & $1$ & $0.00870149$ & $0.016102$ & $-0.0100435$ & $-0.0212454$ & $-0.0532083$ & $0.0189746$ & $-0.0277257$ \\
eHgagaint & $0.0190706$ & $0.0219247$ & $0.00567324$ & $-0.0507907$ & $0.0520551$ & $0.056115$ & $-0.0418006$ & $0.0263468$ & $0.0931021$ & $-0.0068145$ & $-0.0260043$ & $-0.072881$ & $0.0698441$ & $0.0106667$ & $-0.0022285$ & $0.00553148$ & $-0.00875317$ & $-0.00128877$ & $-0.00379415$ & $0.0294389$ & $0.0265816$ & $0.0293587$ & $0.015682$ & $-0.0172867$ & $-0.0106572$ & $-0.0333483$ & $0.00689648$ & $0.0403306$ & $0.0780626$ & $0.0604462$ & $0.0618389$ & $-0.0493261$ & $-0.0196417$ & $0.0175104$ & $-0.0030392$ & $0.0500446$ & $0.00435054$ & $-0.0654098$ & $-0.0272524$ & $0.0477725$ & $-0.0294368$ & $0.00870149$ & $1$ & $6.82251e-05$ & $0.0571042$ & $0.00564239$ & $0.0283158$ & $-0.048087$ & $-0.0145901$ \\
eHmumuint & $0.00755233$ & $0.0253655$ & $0.0165164$ & $0.0886214$ & $0.0143738$ & $0.0217138$ & $-0.0171681$ & $0.0492186$ & $0.0516972$ & $-0.00299941$ & $-0.0264692$ & $0.00505162$ & $-0.0101498$ & $-0.0202681$ & $-0.0364339$ & $0.0236555$ & $-0.0322539$ & $-0.0192907$ & $-0.0494262$ & $0.0171261$ & $0.0314923$ & $0.0361925$ & $-0.0282669$ & $-0.0565939$ & $-0.0312248$ & $0.0149041$ & $0.0573451$ & $-0.0291088$ & $0.0638211$ & $-0.062328$ & $-0.0100177$ & $-0.0192505$ & $-0.017517$ & $0.0846704$ & $-0.026869$ & $0.0259147$ & $0.0183322$ & $0.0535885$ & $0.00258498$ & $-0.0657351$ & $0.00926184$ & $0.016102$ & $6.82251e-05$ & $1$ & $0.0256915$ & $0.06833$ & $0.0066336$ & $0.0263246$ & $0.0230127$ \\
eHtautauint & $0.0285195$ & $0.0440531$ & $0.0302461$ & $-0.0896068$ & $0.0259737$ & $-0.00612465$ & $0.0043097$ & $0.0389897$ & $0.0440942$ & $-0.0629128$ & $-0.0271713$ & $0.0183115$ & $-0.0435686$ & $-0.000653513$ & $0.0212577$ & $0.0113524$ & $-0.025$ & $-0.0324785$ & $-0.0193782$ & $0.0278071$ & $0.0264427$ & $0.046392$ & $-0.0201146$ & $-0.030042$ & $-0.0328197$ & $-0.0146677$ & $0.00899843$ & $-0.0669289$ & $-0.0227501$ & $0.0367727$ & $0.0145623$ & $-0.0223282$ & $-0.00617871$ & $0.015992$ & $-0.0488512$ & $0.0306325$ & $0.0178979$ & $0.00184361$ & $-0.0115336$ & $-0.0322221$ & $-0.0528017$ & $-0.0100435$ & $0.0571042$ & $0.0256915$ & $1$ & $-0.0243126$ & $0.00430924$ & $0.00224715$ & $0.0589406$ \\
eHccint & $-0.00590124$ & $0.0345136$ & $-0.0607088$ & $0.0384656$ & $-0.0166278$ & $0.0384762$ & $0.0103502$ & $-0.00784552$ & $0.0074358$ & $-0.0208182$ & $0.0301722$ & $-0.00405331$ & $0.00503214$ & $-0.0221478$ & $0.00048646$ & $0.00393751$ & $-0.0657736$ & $-0.0411453$ & $-0.0413514$ & $-0.0252119$ & $-0.0339888$ & $-0.023285$ & $0.0276673$ & $0.000233421$ & $-0.0670873$ & $-0.0278422$ & $-0.0532547$ & $-0.063806$ & $-0.0478637$ & $0.0150682$ & $0.122926$ & $0.00240842$ & $-0.000172987$ & $-0.023276$ & $-0.00527877$ & $0.00154983$ & $-0.0188369$ & $0.00297315$ & $0.0345002$ & $-0.0110608$ & $0.0251359$ & $-0.0212454$ & $0.00564239$ & $0.06833$ & $-0.0243126$ & $1$ & $0.0429803$ & $-0.00938373$ & $0.0118898$ \\
eHccpar & $-0.0192056$ & $-0.0159488$ & $-0.00289866$ & $-0.0380719$ & $-0.0419352$ & $-0.059522$ & $-0.0178144$ & $-0.0515385$ & $-0.0521555$ & $-0.00488515$ & $0.0189988$ & $0.00893249$ & $-0.0205145$ & $0.025805$ & $0.00525074$ & $-0.0224991$ & $0.0629791$ & $0.0505601$ & $0.0724058$ & $-0.0178529$ & $-0.0207776$ & $-0.0154635$ & $-0.00972584$ & $0.0709556$ & $0.0333976$ & $0.00928726$ & $-0.061535$ & $0.0170237$ & $-0.0577334$ & $-0.00460048$ & $0.344691$ & $-0.0105497$ & $-0.0149612$ & $-0.0496913$ & $-0.00560932$ & $-0.0104854$ & $-0.0644939$ & $0.0336459$ & $0.017225$ & $-0.0220811$ & $-0.0142531$ & $-0.0532083$ & $0.0283158$ & $0.0066336$ & $0.00430924$ & $0.0429803$ & $1$ & $0.0747464$ & $-0.0777987$ \\
eHbbint & $0.0253524$ & $-0.0324002$ & $-0.0480918$ & $-0.00758378$ & $-0.0126537$ & $-0.00393278$ & $-0.00901838$ & $-0.0256502$ & $-0.0299291$ & $-0.0111493$ & $0.0467519$ & $-0.0030621$ & $0.00434974$ & $-0.0270651$ & $-0.00821075$ & $-0.0453858$ & $-0.0465529$ & $-0.0371548$ & $-0.00428836$ & $-0.0499229$ & $-0.0477599$ & $-0.0423975$ & $-0.00997655$ & $-0.0457315$ & $-0.0256394$ & $0.0440141$ & $-0.0147376$ & $-0.057367$ & $0.0196225$ & $0.0212672$ & $-0.00701324$ & $-0.0174947$ & $0.187521$ & $-0.0290094$ & $-0.0404041$ & $-0.0869925$ & $0.0383964$ & $-0.0460455$ & $0.00744875$ & $-0.0255564$ & $0.0400786$ & $0.0189746$ & $-0.048087$ & $0.0263246$ & $0.00224715$ & $-0.00938373$ & $0.0747464$ & $1$ & $0.0485087$ \\
eHbbpar & $-0.0495725$ & $0.00471777$ & $-0.071684$ & $0.023388$ & $-0.0224446$ & $0.0287726$ & $0.0653809$ & $0.0233936$ & $0.02511$ & $0.0121491$ & $0.0168195$ & $0.0983517$ & $-0.0835904$ & $-0.0701536$ & $0.0524626$ & $0.0269165$ & $-0.0784115$ & $-0.105178$ & $-0.0877114$ & $-0.0144247$ & $-0.0259836$ & $-0.0219909$ & $-0.0718732$ & $-0.0634101$ & $-0.0978059$ & $0.0612755$ & $-0.0621985$ & $-0.00564163$ & $0.0282973$ & $0.00395619$ & $-0.00823246$ & $0.0839437$ & $0.425211$ & $-0.0251657$ & $0.0102705$ & $-0.0663918$ & $-0.0543332$ & $-0.0103378$ & $0.00412373$ & $-0.0798665$ & $0.0218087$ & $-0.0277257$ & $-0.0145901$ & $0.0230127$ & $0.0589406$ & $0.0118898$ & $-0.0777987$ & $0.0485087$ & $1$ \\
