 & AlsMz & dAle5Mz & mtop & mHl & Mz & CW & CHG & CHWB & CHWHB_gaga & CHWHB_gagaorth & CHD & CHbox & CH & CHL1_11 & CHL1_22 & CHL1_33 & CHL3_11 & CHL3_22 & CHL3_33 & CHe_11 & CHe_22 & CHe_33 & CHQ1_11 & CHQ1_33 & CHQ3_11 & CHu_11 & CHd_11 & CHd_33 & CeH_22r & CeH_33r & CuH_22r & CuH_33r & CdH_33r & CLL_1221 & eHggint & eHggpar & eHWWint & eHWWpar & eHZZint & eHZZpar & eHZgaint & eHZgapar & eHgagaint & eHmumuint & eHtautauint & eHccint & eHccpar & eHbbint & eHbbpar \\
AlsMz & $1$ & $-0.226107$ & $0.00879119$ & $0.0113087$ & $0.0086246$ & $0.000201407$ & $-0.0226288$ & $0.0169461$ & $0.0115312$ & $-0.0086179$ & $-0.0155563$ & $-0.00516971$ & $0.00646492$ & $-0.0103674$ & $0.0161192$ & $0.00503853$ & $-0.00442437$ & $-0.0191364$ & $-0.011316$ & $0.00654044$ & $0.00542674$ & $0.00590537$ & $-0.0125405$ & $-0.0457401$ & $-0.0901775$ & $-0.0197523$ & $-0.0247005$ & $-0.00453608$ & $0.0102735$ & $-0.011085$ & $0.0449595$ & $-0.0169963$ & $-0.0105544$ & $-0.00797753$ & $0.140199$ & $0.0176483$ & $0.0128069$ & $-0.00165809$ & $-0.179923$ & $0.0499339$ & $0.208355$ & $-0.0109511$ & $-0.00865393$ & $-0.132839$ & $0.00974508$ & $0.0173834$ & $0.190532$ & $-0.118301$ & $0.0475713$ \\
dAle5Mz & $-0.226107$ & $1$ & $-0.0342851$ & $-0.258934$ & $0.0094406$ & $0.0085079$ & $0.026143$ & $-0.0512336$ & $-0.0446144$ & $-0.00266501$ & $0.0411334$ & $-0.00782112$ & $-0.00770027$ & $-0.0153521$ & $-0.0170959$ & $-0.0192018$ & $0.00908566$ & $0.0106366$ & $0.00953075$ & $-0.0225111$ & $-0.0208657$ & $-0.0237544$ & $0.00633499$ & $0.0177758$ & $0.0301354$ & $0.0124289$ & $0.00920107$ & $-0.0132376$ & $0.00268954$ & $-0.00663533$ & $-0.000532605$ & $0.017709$ & $0.0182701$ & $0.0194749$ & $-0.155894$ & $-0.0247752$ & $0.0495967$ & $-0.00223299$ & $0.04395$ & $-0.0129553$ & $-0.219648$ & $-0.0389516$ & $0.0493976$ & $0.0328017$ & $-0.171863$ & $-0.0662248$ & $0.0221804$ & $0.0907893$ & $-0.00369454$ \\
mtop & $0.00879119$ & $-0.0342851$ & $1$ & $0.0269445$ & $0.00654419$ & $0.00361223$ & $0.00371748$ & $0.00591726$ & $0.0197937$ & $-0.0161161$ & $0.00193541$ & $-0.0199336$ & $0.00279521$ & $0.00278717$ & $0.00417708$ & $-0.00472745$ & $-0.00904384$ & $-0.00664834$ & $0.00105374$ & $0.00395263$ & $0.00319604$ & $0.00268626$ & $-0.0117867$ & $-0.00258731$ & $-0.00370197$ & $0.00783765$ & $0.00149592$ & $0.0134014$ & $-0.00184966$ & $0.032826$ & $0.0389182$ & $0.00594671$ & $0.0778864$ & $-0.00281467$ & $0.0732283$ & $-0.280009$ & $-0.159415$ & $0.018167$ & $0.0762967$ & $-0.0459073$ & $-0.0927465$ & $-0.012503$ & $0.22623$ & $0.048625$ & $0.0742795$ & $-0.150135$ & $0.137534$ & $0.156865$ & $0.0861797$ \\
mHl & $0.0113087$ & $-0.258934$ & $0.0269445$ & $1$ & $0.00935146$ & $-0.00863099$ & $0.00582496$ & $0.0123394$ & $-0.00428512$ & $-0.000293231$ & $-0.00458062$ & $0.0107541$ & $0.00657068$ & $-0.00566697$ & $0.0133683$ & $0.00212965$ & $-0.011277$ & $-0.01734$ & $-0.0103279$ & $-0.000255316$ & $-0.00059948$ & $-0.00219224$ & $0.00124468$ & $-0.00581429$ & $-0.0174777$ & $-0.00562925$ & $-0.01016$ & $-0.000343909$ & $-0.00180495$ & $-0.00859576$ & $-0.0280212$ & $0.00776475$ & $-0.0514373$ & $-0.0121033$ & $0.0500589$ & $0.0841973$ & $-0.0322698$ & $0.00804344$ & $-0.236351$ & $-0.00290172$ & $0.0888882$ & $0.0261874$ & $-0.304811$ & $-0.318474$ & $-0.0436243$ & $0.222693$ & $-0.153053$ & $-0.226301$ & $-0.0460397$ \\
Mz & $0.0086246$ & $0.0094406$ & $0.00654419$ & $0.00935146$ & $1$ & $-5.7452e-05$ & $-0.0016005$ & $-0.00123797$ & $-0.00157799$ & $0.0065467$ & $0.00705409$ & $0.00522697$ & $0.000590559$ & $0.006409$ & $0.00397704$ & $0.00929612$ & $0.00107169$ & $-7.08168e-05$ & $-0.00400792$ & $0.00135464$ & $0.00128967$ & $0.000523459$ & $-0.0102987$ & $0.00334428$ & $-0.0046719$ & $0.00231175$ & $-0.00953952$ & $-0.00711901$ & $-0.00410621$ & $0.00649925$ & $0.00979458$ & $-0.000276619$ & $0.00433294$ & $-0.00609856$ & $0.00427792$ & $-0.0152068$ & $-0.00728052$ & $0.00413223$ & $-0.0194101$ & $0.0114028$ & $-0.00734797$ & $-0.00649496$ & $-0.00195506$ & $0.00153964$ & $0.00072396$ & $-0.0105998$ & $0.00660968$ & $-0.0103712$ & $-0.00561929$ \\
CW & $0.000201407$ & $0.0085079$ & $0.00361223$ & $-0.00863099$ & $-5.7452e-05$ & $1$ & $-0.0018886$ & $-0.132594$ & $-0.127576$ & $0.0181039$ & $0.190618$ & $0.047719$ & $-0.000583744$ & $0.0220897$ & $-0.0811026$ & $-0.0827116$ & $-0.261272$ & $-0.0456196$ & $-0.0430811$ & $-0.187502$ & $-0.193609$ & $-0.188908$ & $-0.00812918$ & $0.00991325$ & $-0.0845821$ & $0.103247$ & $-0.0804811$ & $-0.0739916$ & $0.000241145$ & $-0.0063154$ & $-0.0101232$ & $-0.000262414$ & $-0.00867872$ & $-0.126845$ & $-0.00133422$ & $-0.00377394$ & $-0.00535828$ & $-0.00725496$ & $-0.00184549$ & $0.00131536$ & $-0.000359634$ & $0.000269588$ & $0.0174128$ & $0.0223549$ & $-0.00307989$ & $0.0120451$ & $0.00955592$ & $0.0127837$ & $-0.0167778$ \\
CHG & $-0.0226288$ & $0.026143$ & $0.00371748$ & $0.00582496$ & $-0.0016005$ & $-0.0018886$ & $1$ & $-0.106739$ & $-0.0542444$ & $0.08064$ & $0.0593247$ & $-0.115504$ & $-0.303098$ & $0.0612031$ & $-0.0167514$ & $-0.0201788$ & $0.095586$ & $0.0998879$ & $0.103082$ & $-0.0574872$ & $-0.0621612$ & $-0.0622352$ & $-0.000508998$ & $0.118737$ & $0.102439$ & $0.0239725$ & $-0.0443525$ & $-0.0251132$ & $0.0010414$ & $-0.130087$ & $-0.0755427$ & $0.936075$ & $-0.146857$ & $-0.0704054$ & $-0.0618422$ & $-0.018608$ & $0.00742302$ & $0.000991401$ & $-0.00768408$ & $0.000316592$ & $-0.00333766$ & $-0.00269606$ & $0.00361231$ & $0.00995634$ & $-0.00670426$ & $0.0380445$ & $-0.0172276$ & $-0.00764262$ & $0.039036$ \\
CHWB & $0.0169461$ & $-0.0512336$ & $0.00591726$ & $0.0123394$ & $-0.00123797$ & $-0.132594$ & $-0.106739$ & $1$ & $0.984584$ & $-0.571653$ & $-0.881487$ & $-0.12781$ & $0.335687$ & $0.0980326$ & $0.303425$ & $0.296291$ & $-0.236634$ & $-0.436215$ & $-0.432769$ & $0.852825$ & $0.898326$ & $0.881094$ & $0.076202$ & $-0.676934$ & $-0.397272$ & $-0.508332$ & $0.430591$ & $0.301843$ & $0.0233139$ & $0.111032$ & $0.0591454$ & $-0.100929$ & $0.124497$ & $0.560931$ & $0.022473$ & $-0.00221002$ & $-0.00722713$ & $0.00577949$ & $-0.00888152$ & $0.00342329$ & $0.0237664$ & $-0.00143639$ & $-2.36852e-05$ & $-0.0196366$ & $0.0179215$ & $-0.0271725$ & $0.000716363$ & $0.0210859$ & $0.0108451$ \\
CHWHB_gaga & $0.0115312$ & $-0.0446144$ & $0.0197937$ & $-0.00428512$ & $-0.00157799$ & $-0.127576$ & $-0.0542444$ & $0.984584$ & $1$ & $-0.561656$ & $-0.86577$ & $-0.10811$ & $0.329116$ & $0.0923245$ & $0.298437$ & $0.293475$ & $-0.237896$ & $-0.433097$ & $-0.431013$ & $0.838171$ & $0.882491$ & $0.865647$ & $0.0749891$ & $-0.668165$ & $-0.39323$ & $-0.498054$ & $0.425369$ & $0.296531$ & $0.0277501$ & $0.133798$ & $0.0705407$ & $-0.0567009$ & $0.155694$ & $0.552396$ & $0.0112424$ & $-0.0227532$ & $-0.0206335$ & $0.00621165$ & $0.00594773$ & $0.0025925$ & $0.0220129$ & $-0.00119236$ & $0.0546917$ & $0.00328003$ & $0.0223518$ & $-0.0296434$ & $0.00231076$ & $0.0307312$ & $0.0272163$ \\
CHWHB_gagaorth & $-0.0086179$ & $-0.00266501$ & $-0.0161161$ & $-0.000293231$ & $0.0065467$ & $0.0181039$ & $0.08064$ & $-0.571653$ & $-0.561656$ & $1$ & $0.364503$ & $0.495465$ & $-0.236781$ & $0.217075$ & $-0.129972$ & $-0.126695$ & $0.421203$ & $0.479511$ & $0.477787$ & $-0.35142$ & $-0.381298$ & $-0.374549$ & $-0.0628539$ & $0.549883$ & $0.461409$ & $0.218701$ & $-0.248263$ & $-0.130543$ & $-0.0187665$ & $-0.130382$ & $-0.0692071$ & $0.0934182$ & $-0.152834$ & $-0.348649$ & $0.0138917$ & $0.0364345$ & $0.0152145$ & $-0.00960832$ & $0.00144153$ & $-0.00744521$ & $-0.0389777$ & $0.00955057$ & $-0.0162067$ & $0.000335225$ & $0.00320461$ & $0.0152915$ & $-0.000684682$ & $-0.014687$ & $-0.00592277$ \\
CHD & $-0.0155563$ & $0.0411334$ & $0.00193541$ & $-0.00458062$ & $0.00705409$ & $0.190618$ & $0.0593247$ & $-0.881487$ & $-0.86577$ & $0.364503$ & $1$ & $0.220434$ & $-0.16481$ & $-0.509022$ & $-0.423071$ & $-0.412473$ & $-0.214809$ & $0.0744041$ & $0.0716331$ & $-0.990331$ & $-0.991258$ & $-0.97008$ & $-0.017399$ & $0.318425$ & $0.021651$ & $0.560383$ & $-0.298805$ & $-0.336099$ & $-0.00988008$ & $-0.0659835$ & $-0.0407148$ & $0.0648345$ & $-0.074251$ & $-0.36899$ & $-0.0109322$ & $0.0069001$ & $0.00603179$ & $-0.000938383$ & $0.00470671$ & $-0.00596995$ & $-0.0120433$ & $-0.00329437$ & $0.00583923$ & $0.0153452$ & $-0.0095292$ & $0.0277026$ & $-0.00167859$ & $-0.0161806$ & $-0.00998721$ \\
CHbox & $-0.00516971$ & $-0.00782112$ & $-0.0199336$ & $0.0107541$ & $0.00522697$ & $0.047719$ & $-0.115504$ & $-0.12781$ & $-0.10811$ & $0.495465$ & $0.220434$ & $1$ & $0.386955$ & $-0.241821$ & $-0.0126289$ & $-0.00626647$ & $-0.200791$ & $-0.159154$ & $-0.161521$ & $-0.202183$ & $-0.227165$ & $-0.218167$ & $-0.025985$ & $-0.0286619$ & $-0.164686$ & $0.132999$ & $-0.115296$ & $-0.080642$ & $0.0407766$ & $0.276124$ & $0.0727344$ & $-0.0246169$ & $0.330287$ & $-0.101386$ & $0.0691152$ & $0.0611739$ & $0.0156186$ & $-0.00408081$ & $-0.0142703$ & $-0.00604182$ & $-0.0197601$ & $0.000522366$ & $-0.0144983$ & $-0.00711718$ & $0.0149906$ & $0.0152793$ & $0.00254421$ & $-0.00658013$ & $0.00374892$ \\
CH & $0.00646492$ & $-0.00770027$ & $0.00279521$ & $0.00657068$ & $0.000590559$ & $-0.000583744$ & $-0.303098$ & $0.335687$ & $0.329116$ & $-0.236781$ & $-0.16481$ & $0.386955$ & $1$ & $-0.233574$ & $0.0776914$ & $0.0781348$ & $-0.34545$ & $-0.372515$ & $-0.373293$ & $0.160706$ & $0.17397$ & $0.173203$ & $0.036168$ & $-0.380817$ & $-0.363805$ & $-0.0987162$ & $0.127935$ & $0.0578828$ & $0.0471167$ & $0.26292$ & $0.112708$ & $-0.252978$ & $0.331628$ & $0.203654$ & $0.0397006$ & $0.0111228$ & $-0.00809744$ & $-0.000697558$ & $-0.0097205$ & $-0.00222976$ & $0.0100351$ & $-0.00843172$ & $0.00565109$ & $-0.00939576$ & $0.013643$ & $-0.0189546$ & $0.00175889$ & $0.00754845$ & $0.00741494$ \\
CHL1_11 & $-0.0103674$ & $-0.0153521$ & $0.00278717$ & $-0.00566697$ & $0.006409$ & $0.0220897$ & $0.0612031$ & $0.0980326$ & $0.0923245$ & $0.217075$ & $-0.509022$ & $-0.241821$ & $-0.233574$ & $1$ & $0.268675$ & $0.255959$ & $0.65978$ & $0.592808$ & $0.594839$ & $0.52736$ & $0.470152$ & $0.455594$ & $-0.079912$ & $0.462622$ & $0.596652$ & $-0.26812$ & $-0.0989765$ & $0.163906$ & $-0.0164506$ & $-0.053614$ & $-0.0173511$ & $0.0394668$ & $-0.0584934$ & $-0.210326$ & $-0.0177813$ & $-0.0165031$ & $-0.00289769$ & $-0.00941652$ & $0.00857233$ & $0.00532485$ & $-0.0120765$ & $0.0127057$ & $-0.00415091$ & $0.0084879$ & $-0.00979765$ & $-0.00539761$ & $0.00330203$ & $0.00601173$ & $0.00307168$ \\
CHL1_22 & $0.0161192$ & $-0.0170959$ & $0.00417708$ & $0.0133683$ & $0.00397704$ & $-0.0811026$ & $-0.0167514$ & $0.303425$ & $0.298437$ & $-0.129972$ & $-0.423071$ & $-0.0126289$ & $0.0776914$ & $0.268675$ & $1$ & $0.44273$ & $0.156864$ & $-0.456972$ & $-0.0382728$ & $0.488556$ & $0.340106$ & $0.330975$ & $-0.16283$ & $0.0998484$ & $-0.143991$ & $-0.198599$ & $-0.387894$ & $0.117154$ & $0.00353671$ & $0.039734$ & $0.0232043$ & $-0.0132243$ & $0.0430443$ & $-0.589842$ & $0.0149648$ & $-0.00883126$ & $-0.00815633$ & $-0.00271674$ & $-0.00151838$ & $-0.013889$ & $-0.00736439$ & $0.00516581$ & $-0.00680424$ & $-0.01435$ & $0.00423554$ & $-0.000388344$ & $0.0102663$ & $-0.0126235$ & $0.00800504$ \\
CHL1_33 & $0.00503853$ & $-0.0192018$ & $-0.00472745$ & $0.00212965$ & $0.00929612$ & $-0.0827116$ & $-0.0201788$ & $0.296291$ & $0.293475$ & $-0.126695$ & $-0.412473$ & $-0.00626647$ & $0.0781348$ & $0.255959$ & $0.44273$ & $1$ & $0.155192$ & $-0.0347035$ & $-0.446778$ & $0.476853$ & $0.332227$ & $0.348627$ & $-0.1638$ & $0.0959507$ & $-0.138055$ & $-0.192641$ & $-0.379457$ & $0.110115$ & $-3.13866e-05$ & $0.0434549$ & $0.0225366$ & $-0.0162491$ & $0.0490318$ & $-0.094883$ & $0.0092171$ & $-0.0157895$ & $-0.0212635$ & $-0.00674043$ & $-0.007537$ & $-0.00621439$ & $0.00273764$ & $-0.00538171$ & $-0.000850064$ & $-0.00941855$ & $-0.000904768$ & $-0.0114029$ & $-0.00445946$ & $-0.00714922$ & $0.0137215$ \\
CHL3_11 & $-0.00442437$ & $0.00908566$ & $-0.00904384$ & $-0.011277$ & $0.00107169$ & $-0.261272$ & $0.095586$ & $-0.236634$ & $-0.237896$ & $0.421203$ & $-0.214809$ & $-0.200791$ & $-0.34545$ & $0.65978$ & $0.156864$ & $0.155192$ & $1$ & $0.734227$ & $0.731209$ & $0.236837$ & $0.183267$ & $0.175733$ & $-0.0847608$ & $0.67036$ & $0.774764$ & $-0.0987512$ & $-0.161328$ & $0.0684008$ & $-0.0290788$ & $-0.0956115$ & $-0.0409571$ & $0.0717346$ & $-0.106334$ & $-0.243048$ & $-0.0210526$ & $-0.0068254$ & $0.00252802$ & $-0.00749473$ & $0.00943779$ & $0.00483116$ & $-0.0245973$ & $0.00860164$ & $-0.0140787$ & $0.0049662$ & $-0.0117211$ & $-0.00765611$ & $-0.00020533$ & $-0.0117352$ & $-0.0022204$ \\
CHL3_22 & $-0.0191364$ & $0.0106366$ & $-0.00664834$ & $-0.01734$ & $-7.08168e-05$ & $-0.0456196$ & $0.0998879$ & $-0.436215$ & $-0.433097$ & $0.479511$ & $0.0744041$ & $-0.159154$ & $-0.372515$ & $0.592808$ & $-0.456972$ & $-0.0347035$ & $0.734227$ & $1$ & $0.672811$ & $-0.0772378$ & $-0.0683745$ & $-0.0671037$ & $-0.00825075$ & $0.616924$ & $0.795005$ & $0.0429523$ & $-0.0100414$ & $-0.0183617$ & $-0.0274719$ & $-0.110735$ & $-0.0505386$ & $0.0767715$ & $-0.122184$ & $0.0396428$ & $-0.0292073$ & $-0.00746291$ & $0.00441532$ & $-0.00826668$ & $0.00966755$ & $0.0131094$ & $-0.0146601$ & $0.00530617$ & $-0.00489282$ & $0.0195391$ & $-0.014577$ & $-0.00134161$ & $-0.00658852$ & $-0.000644032$ & $-0.00563987$ \\
CHL3_33 & $-0.011316$ & $0.00953075$ & $0.00105374$ & $-0.0103279$ & $-0.00400792$ & $-0.0430811$ & $0.103082$ & $-0.432769$ & $-0.431013$ & $0.477787$ & $0.0716331$ & $-0.161521$ & $-0.373293$ & $0.594839$ & $-0.0382728$ & $-0.446778$ & $0.731209$ & $0.672811$ & $1$ & $-0.0746053$ & $-0.0653269$ & $-0.062535$ & $-0.00419728$ & $0.615855$ & $0.793417$ & $0.0419966$ & $-0.00541027$ & $-0.0162029$ & $-0.0246249$ & $-0.112809$ & $-0.0505749$ & $0.0795775$ & $-0.128412$ & $-0.337212$ & $-0.0262783$ & $-0.000250771$ & $0.011211$ & $-0.0044857$ & $0.0144386$ & $0.00733399$ & $-0.019921$ & $0.0133413$ & $-0.00872371$ & $0.0159923$ & $-0.00745238$ & $0.00825563$ & $0.00364625$ & $-0.0047011$ & $-0.0122975$ \\
CHe_11 & $0.00654044$ & $-0.0225111$ & $0.00395263$ & $-0.000255316$ & $0.00135464$ & $-0.187502$ & $-0.0574872$ & $0.852825$ & $0.838171$ & $-0.35142$ & $-0.990331$ & $-0.202183$ & $0.160706$ & $0.52736$ & $0.488556$ & $0.476853$ & $0.236837$ & $-0.0772378$ & $-0.0746053$ & $1$ & $0.972649$ & $0.952134$ & $-0.00708767$ & $-0.264016$ & $-0.0153404$ & $-0.550397$ & $0.224287$ & $0.330148$ & $0.00983624$ & $0.0661883$ & $0.0412966$ & $-0.0621411$ & $0.0754066$ & $0.289443$ & $0.00951116$ & $-0.0114009$ & $-0.00737329$ & $0.000363462$ & $-0.00299663$ & $0.005072$ & $0.0054927$ & $0.00223382$ & $-0.00342173$ & $-0.0122822$ & $0.00686679$ & $-0.028463$ & $0.00217504$ & $0.0167599$ & $0.010576$ \\
CHe_22 & $0.00542674$ & $-0.0208657$ & $0.00319604$ & $-0.00059948$ & $0.00128967$ & $-0.193609$ & $-0.0621612$ & $0.898326$ & $0.882491$ & $-0.381298$ & $-0.991258$ & $-0.227165$ & $0.17397$ & $0.470152$ & $0.340106$ & $0.332227$ & $0.183267$ & $-0.0683745$ & $-0.0653269$ & $0.972649$ & $1$ & $0.975103$ & $0.0445936$ & $-0.372698$ & $-0.0255665$ & $-0.5623$ & $0.379019$ & $0.338288$ & $0.0108699$ & $0.0666046$ & $0.040888$ & $-0.0680404$ & $0.0761046$ & $0.454165$ & $0.00714542$ & $-0.00700975$ & $-0.00475189$ & $0.00171396$ & $-0.002615$ & $0.00655859$ & $0.00836119$ & $0.00226344$ & $-0.00333769$ & $-0.0140764$ & $0.00715427$ & $-0.0308346$ & $0.000442717$ & $0.0217866$ & $0.00960207$ \\
CHe_33 & $0.00590537$ & $-0.0237544$ & $0.00268626$ & $-0.00219224$ & $0.000523459$ & $-0.188908$ & $-0.0622352$ & $0.881094$ & $0.865647$ & $-0.374549$ & $-0.97008$ & $-0.218167$ & $0.173203$ & $0.455594$ & $0.330975$ & $0.348627$ & $0.175733$ & $-0.0671037$ & $-0.062535$ & $0.952134$ & $0.975103$ & $1$ & $0.0436217$ & $-0.366833$ & $-0.0253554$ & $-0.548313$ & $0.374666$ & $0.329206$ & $0.0102657$ & $0.0662819$ & $0.0412689$ & $-0.0680288$ & $0.073482$ & $0.449977$ & $0.00509415$ & $-0.00550732$ & $-0.00787096$ & $0.00302068$ & $-0.00266363$ & $0.00664431$ & $0.01227$ & $0.00276125$ & $-0.0034579$ & $-0.0148112$ & $0.0102526$ & $-0.0288983$ & $0.00271908$ & $0.0211191$ & $0.00572048$ \\
CHQ1_11 & $-0.0125405$ & $0.00633499$ & $-0.0117867$ & $0.00124468$ & $-0.0102987$ & $-0.00812918$ & $-0.000508998$ & $0.076202$ & $0.0749891$ & $-0.0628539$ & $-0.017399$ & $-0.025985$ & $0.036168$ & $-0.079912$ & $-0.16283$ & $-0.1638$ & $-0.0847608$ & $-0.00825075$ & $-0.00419728$ & $-0.00708767$ & $0.0445936$ & $0.0436217$ & $1$ & $-0.15003$ & $0.0676263$ & $-0.685185$ & $0.339707$ & $0.0128152$ & $-0.00260186$ & $0.000433218$ & $0.00105685$ & $-0.00373458$ & $-0.0028689$ & $0.199315$ & $0.00977282$ & $-0.0018845$ & $-0.007261$ & $0.00837553$ & $0.000935571$ & $0.00222923$ & $0.00304381$ & $0.000421078$ & $-0.0149354$ & $-0.00450712$ & $-0.00478309$ & $-0.00200948$ & $-0.00933006$ & $0.00386878$ & $-0.000753793$ \\
CHQ1_33 & $-0.0457401$ & $0.0177758$ & $-0.00258731$ & $-0.00581429$ & $0.00334428$ & $0.00991325$ & $0.118737$ & $-0.676934$ & $-0.668165$ & $0.549883$ & $0.318425$ & $-0.0286619$ & $-0.380817$ & $0.462622$ & $0.0998484$ & $0.0959507$ & $0.67036$ & $0.616924$ & $0.615855$ & $-0.264016$ & $-0.372698$ & $-0.366833$ & $-0.15003$ & $1$ & $0.630658$ & $0.213687$ & $-0.433177$ & $-0.0200146$ & $-0.028707$ & $-0.110139$ & $-0.0567164$ & $0.103569$ & $-0.121918$ & $-0.630711$ & $-0.0254781$ & $-0.00968017$ & $-0.000782943$ & $-0.00912245$ & $0.0144009$ & $-0.00515269$ & $-0.0321416$ & $0.00732236$ & $-0.00297538$ & $0.0219212$ & $-0.0195112$ & $0.0158842$ & $-0.00792254$ & $-0.0145722$ & $-0.00653595$ \\
CHQ3_11 & $-0.0901775$ & $0.0301354$ & $-0.00370197$ & $-0.0174777$ & $-0.0046719$ & $-0.0845821$ & $0.102439$ & $-0.397272$ & $-0.39323$ & $0.461409$ & $0.021651$ & $-0.164686$ & $-0.363805$ & $0.596652$ & $-0.143991$ & $-0.138055$ & $0.774764$ & $0.795005$ & $0.793417$ & $-0.0153404$ & $-0.0255665$ & $-0.0253554$ & $0.0676263$ & $0.630658$ & $1$ & $0.0222435$ & $0.208662$ & $-0.00358179$ & $-0.0303422$ & $-0.113018$ & $-0.0538975$ & $0.076997$ & $-0.122116$ & $-0.187752$ & $-0.0379612$ & $-0.0135778$ & $0.00253164$ & $-0.00676003$ & $0.0244331$ & $0.000236643$ & $-0.0283766$ & $0.00585958$ & $-0.00389273$ & $0.0224011$ & $-0.0178243$ & $0.00580122$ & $-0.0165524$ & $0.00588935$ & $-0.00687703$ \\
CHu_11 & $-0.0197523$ & $0.0124289$ & $0.00783765$ & $-0.00562925$ & $0.00231175$ & $0.103247$ & $0.0239725$ & $-0.508332$ & $-0.498054$ & $0.218701$ & $0.560383$ & $0.132999$ & $-0.0987162$ & $-0.26812$ & $-0.198599$ & $-0.192641$ & $-0.0987512$ & $0.0429523$ & $0.0419966$ & $-0.550397$ & $-0.5623$ & $-0.548313$ & $-0.685185$ & $0.213687$ & $0.0222435$ & $1$ & $-0.17739$ & $-0.189436$ & $-0.00647892$ & $-0.0337949$ & $-0.0219873$ & $0.0287099$ & $-0.0334345$ & $-0.251244$ & $-0.0117655$ & $0.00388795$ & $0.00872471$ & $-0.00217187$ & $-0.000273753$ & $-0.00709614$ & $-0.00561984$ & $0.00133054$ & $0.0163764$ & $0.0148836$ & $0.00257485$ & $0.0188167$ & $0.00327772$ & $-0.00746632$ & $-0.00414245$ \\
CHd_11 & $-0.0247005$ & $0.00920107$ & $0.00149592$ & $-0.01016$ & $-0.00953952$ & $-0.0804811$ & $-0.0443525$ & $0.430591$ & $0.425369$ & $-0.248263$ & $-0.298805$ & $-0.115296$ & $0.127935$ & $-0.0989765$ & $-0.387894$ & $-0.379457$ & $-0.161328$ & $-0.0100414$ & $-0.00541027$ & $0.224287$ & $0.379019$ & $0.374666$ & $0.339707$ & $-0.433177$ & $0.208662$ & $-0.17739$ & $1$ & $0.112261$ & $0.00565235$ & $0.0224727$ & $0.0117612$ & $-0.0494813$ & $0.0313292$ & $0.685421$ & $-0.00396704$ & $-0.00158668$ & $0.00348663$ & $0.0089594$ & $0.00114842$ & $0.0039876$ & $0.0155092$ & $-0.00546074$ & $0.00652341$ & $-0.00239829$ & $-0.000104927$ & $-0.0104971$ & $-0.00748101$ & $0.0283151$ & $0.00117826$ \\
CHd_33 & $-0.00453608$ & $-0.0132376$ & $0.0134014$ & $-0.000343909$ & $-0.00711901$ & $-0.0739916$ & $-0.0251132$ & $0.301843$ & $0.296531$ & $-0.130543$ & $-0.336099$ & $-0.080642$ & $0.0578828$ & $0.163906$ & $0.117154$ & $0.110115$ & $0.0684008$ & $-0.0183617$ & $-0.0162029$ & $0.330148$ & $0.338288$ & $0.329206$ & $0.0128152$ & $-0.0200146$ & $-0.00358179$ & $-0.189436$ & $0.112261$ & $1$ & $0.0086942$ & $0.030936$ & $0.00763466$ & $-0.0286222$ & $0.0279224$ & $0.150863$ & $-0.00567492$ & $-0.00352899$ & $0.00257191$ & $-0.00143087$ & $-0.0148549$ & $-0.00173814$ & $0.00453277$ & $0.00875987$ & $-5.74227e-05$ & $-3.09295e-05$ & $0.00246509$ & $-0.0131466$ & $-0.00634273$ & $0.0147071$ & $0.00232046$ \\
CeH_22r & $0.0102735$ & $0.00268954$ & $-0.00184966$ & $-0.00180495$ & $-0.00410621$ & $0.000241145$ & $0.0010414$ & $0.0233139$ & $0.0277501$ & $-0.0187665$ & $-0.00988008$ & $0.0407766$ & $0.0471167$ & $-0.0164506$ & $0.00353671$ & $-3.13866e-05$ & $-0.0290788$ & $-0.0274719$ & $-0.0246249$ & $0.00983624$ & $0.0108699$ & $0.0102657$ & $-0.00260186$ & $-0.028707$ & $-0.0303422$ & $-0.00647892$ & $0.00565235$ & $0.0086942$ & $1$ & $0.0448795$ & $0.0196017$ & $-0.00945773$ & $0.047345$ & $0.0143952$ & $-0.014057$ & $-0.0098451$ & $-0.0128953$ & $0.000588666$ & $0.000570479$ & $-0.00202826$ & $-0.00100044$ & $-0.00611488$ & $0.000453354$ & $0.00714103$ & $-0.00142898$ & $-0.00208367$ & $0.0021931$ & $0.0112807$ & $-0.0118354$ \\
CeH_33r & $-0.011085$ & $-0.00663533$ & $0.032826$ & $-0.00859576$ & $0.00649925$ & $-0.0063154$ & $-0.130087$ & $0.111032$ & $0.133798$ & $-0.130382$ & $-0.0659835$ & $0.276124$ & $0.26292$ & $-0.053614$ & $0.039734$ & $0.0434549$ & $-0.0956115$ & $-0.110735$ & $-0.112809$ & $0.0661883$ & $0.0666046$ & $0.0662819$ & $0.000433218$ & $-0.110139$ & $-0.113018$ & $-0.0337949$ & $0.0224727$ & $0.030936$ & $0.0448795$ & $1$ & $0.312046$ & $0.0194454$ & $0.678976$ & $0.05415$ & $-0.0328757$ & $-0.0691649$ & $-0.156506$ & $-0.0189103$ & $0.00701973$ & $-0.0027861$ & $0.015275$ & $-0.000273964$ & $0.0171831$ & $-0.0306243$ & $0.0730572$ & $-0.00793663$ & $0.00202395$ & $0.0378228$ & $0.00400654$ \\
CuH_22r & $0.0449595$ & $-0.000532605$ & $0.0389182$ & $-0.0280212$ & $0.00979458$ & $-0.0101232$ & $-0.0755427$ & $0.0591454$ & $0.0705407$ & $-0.0692071$ & $-0.0407148$ & $0.0727344$ & $0.112708$ & $-0.0173511$ & $0.0232043$ & $0.0225366$ & $-0.0409571$ & $-0.0505386$ & $-0.0505749$ & $0.0412966$ & $0.040888$ & $0.0412689$ & $0.00105685$ & $-0.0567164$ & $-0.0538975$ & $-0.0219873$ & $0.0117612$ & $0.00763466$ & $0.0196017$ & $0.312046$ & $1$ & $0.0167995$ & $0.353867$ & $0.02649$ & $0.0105666$ & $-0.0359395$ & $-0.0618888$ & $-0.00194781$ & $0.0607028$ & $0.000674805$ & $-0.00676885$ & $0.00449132$ & $0.0265816$ & $0.03479$ & $0.0491455$ & $0.00802555$ & $0.244542$ & $-0.017327$ & $-0.0280279$ \\
CuH_33r & $-0.0169963$ & $0.017709$ & $0.00594671$ & $0.00776475$ & $-0.000276619$ & $-0.000262414$ & $0.936075$ & $-0.100929$ & $-0.0567009$ & $0.0934182$ & $0.0648345$ & $-0.0246169$ & $-0.252978$ & $0.0394668$ & $-0.0132243$ & $-0.0162491$ & $0.0717346$ & $0.0767715$ & $0.0795775$ & $-0.0621411$ & $-0.0680404$ & $-0.0680288$ & $-0.00373458$ & $0.103569$ & $0.076997$ & $0.0287099$ & $-0.0494813$ & $-0.0286222$ & $-0.00945773$ & $0.0194454$ & $0.0167995$ & $1$ & $0.0421928$ & $-0.0696339$ & $-0.000520126$ & $0.00942249$ & $-0.0158411$ & $-0.00389935$ & $-0.0149095$ & $0.000422459$ & $-0.0113173$ & $-0.0053386$ & $0.0135026$ & $0.00608686$ & $-0.00437794$ & $0.0312467$ & $-0.00934386$ & $-0.000959938$ & $0.0471214$ \\
CdH_33r & $-0.0105544$ & $0.0182701$ & $0.0778864$ & $-0.0514373$ & $0.00433294$ & $-0.00867872$ & $-0.146857$ & $0.124497$ & $0.155694$ & $-0.152834$ & $-0.074251$ & $0.330287$ & $0.331628$ & $-0.0584934$ & $0.0430443$ & $0.0490318$ & $-0.106334$ & $-0.122184$ & $-0.128412$ & $0.0754066$ & $0.0761046$ & $0.073482$ & $-0.0028689$ & $-0.121918$ & $-0.122116$ & $-0.0334345$ & $0.0313292$ & $0.0279224$ & $0.047345$ & $0.678976$ & $0.353867$ & $0.0421928$ & $1$ & $0.0635652$ & $0.00095374$ & $-0.149499$ & $-0.141656$ & $-0.0253777$ & $-0.0242761$ & $-0.0084974$ & $0.0436292$ & $0.00276732$ & $0.124965$ & $-0.0153197$ & $0.0571067$ & $-0.032185$ & $-0.0575594$ & $0.183129$ & $0.357278$ \\
CLL_1221 & $-0.00797753$ & $0.0194749$ & $-0.00281467$ & $-0.0121033$ & $-0.00609856$ & $-0.126845$ & $-0.0704054$ & $0.560931$ & $0.552396$ & $-0.348649$ & $-0.36899$ & $-0.101386$ & $0.203654$ & $-0.210326$ & $-0.589842$ & $-0.094883$ & $-0.243048$ & $0.0396428$ & $-0.337212$ & $0.289443$ & $0.454165$ & $0.449977$ & $0.199315$ & $-0.630711$ & $-0.187752$ & $-0.251244$ & $0.685421$ & $0.150863$ & $0.0143952$ & $0.05415$ & $0.02649$ & $-0.0696339$ & $0.0635652$ & $1$ & $-0.000989858$ & $0.00515379$ & $0.0037966$ & $0.00667167$ & $-0.00466894$ & $0.0128031$ & $0.014286$ & $-0.00876077$ & $0.00469864$ & $-0.00551915$ & $0.00361725$ & $-0.0287197$ & $-0.00808307$ & $0.0287425$ & $0.00274245$ \\
eHggint & $0.140199$ & $-0.155894$ & $0.0732283$ & $0.0500589$ & $0.00427792$ & $-0.00133422$ & $-0.0618422$ & $0.022473$ & $0.0112424$ & $0.0138917$ & $-0.0109322$ & $0.0691152$ & $0.0397006$ & $-0.0177813$ & $0.0149648$ & $0.0092171$ & $-0.0210526$ & $-0.0292073$ & $-0.0262783$ & $0.00951116$ & $0.00714542$ & $0.00509415$ & $0.00977282$ & $-0.0254781$ & $-0.0379612$ & $-0.0117655$ & $-0.00396704$ & $-0.00567492$ & $-0.014057$ & $-0.0328757$ & $0.0105666$ & $-0.000520126$ & $0.00095374$ & $-0.000989858$ & $1$ & $0.145511$ & $-0.0508519$ & $0.0110594$ & $-0.209336$ & $-0.00324158$ & $-0.0721025$ & $0.00416729$ & $0.117094$ & $0.0389584$ & $0.0270872$ & $-0.0240256$ & $0.0749572$ & $0.0473564$ & $0.0788437$ \\
eHggpar & $0.0176483$ & $-0.0247752$ & $-0.280009$ & $0.0841973$ & $-0.0152068$ & $-0.00377394$ & $-0.018608$ & $-0.00221002$ & $-0.0227532$ & $0.0364345$ & $0.0069001$ & $0.0611739$ & $0.0111228$ & $-0.0165031$ & $-0.00883126$ & $-0.0157895$ & $-0.0068254$ & $-0.00746291$ & $-0.000250771$ & $-0.0114009$ & $-0.00700975$ & $-0.00550732$ & $-0.0018845$ & $-0.00968017$ & $-0.0135778$ & $0.00388795$ & $-0.00158668$ & $-0.00352899$ & $-0.0098451$ & $-0.0691649$ & $-0.0359395$ & $0.00942249$ & $-0.149499$ & $0.00515379$ & $0.145511$ & $1$ & $0.25649$ & $-0.0371717$ & $-0.142274$ & $-0.0103816$ & $-0.0429887$ & $-0.0505277$ & $-0.142213$ & $-0.0970578$ & $-0.0468793$ & $-0.103912$ & $0.0183775$ & $0.00234067$ & $-0.225654$ \\
eHWWint & $0.0128069$ & $0.0495967$ & $-0.159415$ & $-0.0322698$ & $-0.00728052$ & $-0.00535828$ & $0.00742302$ & $-0.00722713$ & $-0.0206335$ & $0.0152145$ & $0.00603179$ & $0.0156186$ & $-0.00809744$ & $-0.00289769$ & $-0.00815633$ & $-0.0212635$ & $0.00252802$ & $0.00441532$ & $0.011211$ & $-0.00737329$ & $-0.00475189$ & $-0.00787096$ & $-0.007261$ & $-0.000782943$ & $0.00253164$ & $0.00872471$ & $0.00348663$ & $0.00257191$ & $-0.0128953$ & $-0.156506$ & $-0.0618888$ & $-0.0158411$ & $-0.141656$ & $0.0037966$ & $-0.0508519$ & $0.25649$ & $1$ & $-0.0351414$ & $-0.0112689$ & $0.0360378$ & $-0.0612584$ & $0.0211769$ & $-0.065617$ & $0.169291$ & $-0.130405$ & $0.107898$ & $0.0538242$ & $-0.141519$ & $0.111688$ \\
eHWWpar & $-0.00165809$ & $-0.00223299$ & $0.018167$ & $0.00804344$ & $0.00413223$ & $-0.00725496$ & $0.000991401$ & $0.00577949$ & $0.00621165$ & $-0.00960832$ & $-0.000938383$ & $-0.00408081$ & $-0.000697558$ & $-0.00941652$ & $-0.00271674$ & $-0.00674043$ & $-0.00749473$ & $-0.00826668$ & $-0.0044857$ & $0.000363462$ & $0.00171396$ & $0.00302068$ & $0.00837553$ & $-0.00912245$ & $-0.00676003$ & $-0.00217187$ & $0.0089594$ & $-0.00143087$ & $0.000588666$ & $-0.0189103$ & $-0.00194781$ & $-0.00389935$ & $-0.0253777$ & $0.00667167$ & $0.0110594$ & $-0.0371717$ & $-0.0351414$ & $1$ & $0.00252473$ & $0.0010744$ & $-0.0295119$ & $-0.00566663$ & $0.0228055$ & $-0.0128656$ & $-0.00752737$ & $0.00326075$ & $0.0166688$ & $-0.0104644$ & $-0.00510538$ \\
eHZZint & $-0.179923$ & $0.04395$ & $0.0762967$ & $-0.236351$ & $-0.0194101$ & $-0.00184549$ & $-0.00768408$ & $-0.00888152$ & $0.00594773$ & $0.00144153$ & $0.00470671$ & $-0.0142703$ & $-0.0097205$ & $0.00857233$ & $-0.00151838$ & $-0.007537$ & $0.00943779$ & $0.00966755$ & $0.0144386$ & $-0.00299663$ & $-0.002615$ & $-0.00266363$ & $0.000935571$ & $0.0144009$ & $0.0244331$ & $-0.000273753$ & $0.00114842$ & $-0.0148549$ & $0.000570479$ & $0.00701973$ & $0.0607028$ & $-0.0149095$ & $-0.0242761$ & $-0.00466894$ & $-0.209336$ & $-0.142274$ & $-0.0112689$ & $0.00252473$ & $1$ & $0.033517$ & $-0.180806$ & $-0.0121693$ & $0.240208$ & $0.209438$ & $-0.0181358$ & $-0.0526393$ & $0.235544$ & $-0.0202608$ & $-0.0706$ \\
eHZZpar & $0.0499339$ & $-0.0129553$ & $-0.0459073$ & $-0.00290172$ & $0.0114028$ & $0.00131536$ & $0.000316592$ & $0.00342329$ & $0.0025925$ & $-0.00744521$ & $-0.00596995$ & $-0.00604182$ & $-0.00222976$ & $0.00532485$ & $-0.013889$ & $-0.00621439$ & $0.00483116$ & $0.0131094$ & $0.00733399$ & $0.005072$ & $0.00655859$ & $0.00664431$ & $0.00222923$ & $-0.00515269$ & $0.000236643$ & $-0.00709614$ & $0.0039876$ & $-0.00173814$ & $-0.00202826$ & $-0.0027861$ & $0.000674805$ & $0.000422459$ & $-0.0084974$ & $0.0128031$ & $-0.00324158$ & $-0.0103816$ & $0.0360378$ & $0.0010744$ & $0.033517$ & $1$ & $0.0109074$ & $-0.0123531$ & $-0.0120372$ & $-0.00944145$ & $-0.0488565$ & $0.00195928$ & $0.0155051$ & $-0.0467937$ & $-0.00662876$ \\
eHZgaint & $0.208355$ & $-0.219648$ & $-0.0927465$ & $0.0888882$ & $-0.00734797$ & $-0.000359634$ & $-0.00333766$ & $0.0237664$ & $0.0220129$ & $-0.0389777$ & $-0.0120433$ & $-0.0197601$ & $0.0100351$ & $-0.0120765$ & $-0.00736439$ & $0.00273764$ & $-0.0245973$ & $-0.0146601$ & $-0.019921$ & $0.0054927$ & $0.00836119$ & $0.01227$ & $0.00304381$ & $-0.0321416$ & $-0.0283766$ & $-0.00561984$ & $0.0155092$ & $0.00453277$ & $-0.00100044$ & $0.015275$ & $-0.00676885$ & $-0.0113173$ & $0.0436292$ & $0.014286$ & $-0.0721025$ & $-0.0429887$ & $-0.0612584$ & $-0.0295119$ & $-0.180806$ & $0.0109074$ & $1$ & $-0.019046$ & $-0.105518$ & $0.0431947$ & $0.0293023$ & $0.272935$ & $-0.133458$ & $0.0103614$ & $0.0699955$ \\
eHZgapar & $-0.0109511$ & $-0.0389516$ & $-0.012503$ & $0.0261874$ & $-0.00649496$ & $0.000269588$ & $-0.00269606$ & $-0.00143639$ & $-0.00119236$ & $0.00955057$ & $-0.00329437$ & $0.000522366$ & $-0.00843172$ & $0.0127057$ & $0.00516581$ & $-0.00538171$ & $0.00860164$ & $0.00530617$ & $0.0133413$ & $0.00223382$ & $0.00226344$ & $0.00276125$ & $0.000421078$ & $0.00732236$ & $0.00585958$ & $0.00133054$ & $-0.00546074$ & $0.00875987$ & $-0.00611488$ & $-0.000273964$ & $0.00449132$ & $-0.0053386$ & $0.00276732$ & $-0.00876077$ & $0.00416729$ & $-0.0505277$ & $0.0211769$ & $-0.00566663$ & $-0.0121693$ & $-0.0123531$ & $-0.019046$ & $1$ & $-0.0357732$ & $0.0146132$ & $0.0223809$ & $0.0115663$ & $0.027832$ & $-0.0459693$ & $0.0323657$ \\
eHgagaint & $-0.00865393$ & $0.0493976$ & $0.22623$ & $-0.304811$ & $-0.00195506$ & $0.0174128$ & $0.00361231$ & $-2.36852e-05$ & $0.0546917$ & $-0.0162067$ & $0.00583923$ & $-0.0144983$ & $0.00565109$ & $-0.00415091$ & $-0.00680424$ & $-0.000850064$ & $-0.0140787$ & $-0.00489282$ & $-0.00872371$ & $-0.00342173$ & $-0.00333769$ & $-0.0034579$ & $-0.0149354$ & $-0.00297538$ & $-0.00389273$ & $0.0163764$ & $0.00652341$ & $-5.74227e-05$ & $0.000453354$ & $0.0171831$ & $0.0265816$ & $0.0135026$ & $0.124965$ & $0.00469864$ & $0.117094$ & $-0.142213$ & $-0.065617$ & $0.0228055$ & $0.240208$ & $-0.0120372$ & $-0.105518$ & $-0.0357732$ & $1$ & $0.43688$ & $0.0567882$ & $-0.0924626$ & $0.0791427$ & $0.175751$ & $0.24903$ \\
eHmumuint & $-0.132839$ & $0.0328017$ & $0.048625$ & $-0.318474$ & $0.00153964$ & $0.0223549$ & $0.00995634$ & $-0.0196366$ & $0.00328003$ & $0.000335225$ & $0.0153452$ & $-0.00711718$ & $-0.00939576$ & $0.0084879$ & $-0.01435$ & $-0.00941855$ & $0.0049662$ & $0.0195391$ & $0.0159923$ & $-0.0122822$ & $-0.0140764$ & $-0.0148112$ & $-0.00450712$ & $0.0219212$ & $0.0224011$ & $0.0148836$ & $-0.00239829$ & $-3.09295e-05$ & $0.00714103$ & $-0.0306243$ & $0.03479$ & $0.00608686$ & $-0.0153197$ & $-0.00551915$ & $0.0389584$ & $-0.0970578$ & $0.169291$ & $-0.0128656$ & $0.209438$ & $-0.00944145$ & $0.0431947$ & $0.0146132$ & $0.43688$ & $1$ & $-0.112247$ & $-0.109796$ & $0.192313$ & $0.0594237$ & $0.0079051$ \\
eHtautauint & $0.00974508$ & $-0.171863$ & $0.0742795$ & $-0.0436243$ & $0.00072396$ & $-0.00307989$ & $-0.00670426$ & $0.0179215$ & $0.0223518$ & $0.00320461$ & $-0.0095292$ & $0.0149906$ & $0.013643$ & $-0.00979765$ & $0.00423554$ & $-0.000904768$ & $-0.0117211$ & $-0.014577$ & $-0.00745238$ & $0.00686679$ & $0.00715427$ & $0.0102526$ & $-0.00478309$ & $-0.0195112$ & $-0.0178243$ & $0.00257485$ & $-0.000104927$ & $0.00246509$ & $-0.00142898$ & $0.0730572$ & $0.0491455$ & $-0.00437794$ & $0.0571067$ & $0.00361725$ & $0.0270872$ & $-0.0468793$ & $-0.130405$ & $-0.00752737$ & $-0.0181358$ & $-0.0488565$ & $0.0293023$ & $0.0223809$ & $0.0567882$ & $-0.112247$ & $1$ & $0.101208$ & $0.131465$ & $0.232302$ & $0.0182284$ \\
eHccint & $0.0173834$ & $-0.0662248$ & $-0.150135$ & $0.222693$ & $-0.0105998$ & $0.0120451$ & $0.0380445$ & $-0.0271725$ & $-0.0296434$ & $0.0152915$ & $0.0277026$ & $0.0152793$ & $-0.0189546$ & $-0.00539761$ & $-0.000388344$ & $-0.0114029$ & $-0.00765611$ & $-0.00134161$ & $0.00825563$ & $-0.028463$ & $-0.0308346$ & $-0.0288983$ & $-0.00200948$ & $0.0158842$ & $0.00580122$ & $0.0188167$ & $-0.0104971$ & $-0.0131466$ & $-0.00208367$ & $-0.00793663$ & $0.00802555$ & $0.0312467$ & $-0.032185$ & $-0.0287197$ & $-0.0240256$ & $-0.103912$ & $0.107898$ & $0.00326075$ & $-0.0526393$ & $0.00195928$ & $0.272935$ & $0.0115663$ & $-0.0924626$ & $-0.109796$ & $0.101208$ & $1$ & $-0.108742$ & $-0.204451$ & $0.0188371$ \\
eHccpar & $0.190532$ & $0.0221804$ & $0.137534$ & $-0.153053$ & $0.00660968$ & $0.00955592$ & $-0.0172276$ & $0.000716363$ & $0.00231076$ & $-0.000684682$ & $-0.00167859$ & $0.00254421$ & $0.00175889$ & $0.00330203$ & $0.0102663$ & $-0.00445946$ & $-0.00020533$ & $-0.00658852$ & $0.00364625$ & $0.00217504$ & $0.000442717$ & $0.00271908$ & $-0.00933006$ & $-0.00792254$ & $-0.0165524$ & $0.00327772$ & $-0.00748101$ & $-0.00634273$ & $0.0021931$ & $0.00202395$ & $0.244542$ & $-0.00934386$ & $-0.0575594$ & $-0.00808307$ & $0.0749572$ & $0.0183775$ & $0.0538242$ & $0.0166688$ & $0.235544$ & $0.0155051$ & $-0.133458$ & $0.027832$ & $0.0791427$ & $0.192313$ & $0.131465$ & $-0.108742$ & $1$ & $-0.0614673$ & $-0.121132$ \\
eHbbint & $-0.118301$ & $0.0907893$ & $0.156865$ & $-0.226301$ & $-0.0103712$ & $0.0127837$ & $-0.00764262$ & $0.0210859$ & $0.0307312$ & $-0.014687$ & $-0.0161806$ & $-0.00658013$ & $0.00754845$ & $0.00601173$ & $-0.0126235$ & $-0.00714922$ & $-0.0117352$ & $-0.000644032$ & $-0.0047011$ & $0.0167599$ & $0.0217866$ & $0.0211191$ & $0.00386878$ & $-0.0145722$ & $0.00588935$ & $-0.00746632$ & $0.0283151$ & $0.0147071$ & $0.0112807$ & $0.0378228$ & $-0.017327$ & $-0.000959938$ & $0.183129$ & $0.0287425$ & $0.0473564$ & $0.00234067$ & $-0.141519$ & $-0.0104644$ & $-0.0202608$ & $-0.0467937$ & $0.0103614$ & $-0.0459693$ & $0.175751$ & $0.0594237$ & $0.232302$ & $-0.204451$ & $-0.0614673$ & $1$ & $0.0735843$ \\
eHbbpar & $0.0475713$ & $-0.00369454$ & $0.0861797$ & $-0.0460397$ & $-0.00561929$ & $-0.0167778$ & $0.039036$ & $0.0108451$ & $0.0272163$ & $-0.00592277$ & $-0.00998721$ & $0.00374892$ & $0.00741494$ & $0.00307168$ & $0.00800504$ & $0.0137215$ & $-0.0022204$ & $-0.00563987$ & $-0.0122975$ & $0.010576$ & $0.00960207$ & $0.00572048$ & $-0.000753793$ & $-0.00653595$ & $-0.00687703$ & $-0.00414245$ & $0.00117826$ & $0.00232046$ & $-0.0118354$ & $0.00400654$ & $-0.0280279$ & $0.0471214$ & $0.357278$ & $0.00274245$ & $0.0788437$ & $-0.225654$ & $0.111688$ & $-0.00510538$ & $-0.0706$ & $-0.00662876$ & $0.0699955$ & $0.0323657$ & $0.24903$ & $0.0079051$ & $0.0182284$ & $0.0188371$ & $-0.121132$ & $0.0735843$ & $1$ \\
