 & AlsMz & dAle5Mz & mtop & mHl & Mz & CW & CHG & CHWB & CHWHB_gaga & CHWHB_gagaorth & CHD & CHbox & CH & CHL1_11 & CHL1_22 & CHL1_33 & CHL3_11 & CHL3_22 & CHL3_33 & CHe_11 & CHe_22 & CHe_33 & CHQ1_11 & CHQ1_33 & CHQ3_11 & CHu_11 & CHd_11 & CHd_33 & CeH_22r & CeH_33r & CuH_22r & CuH_33r & CdH_33r & CLL_1221 & eHggint & eHggpar & eHWWint & eHWWpar & eHZZint & eHZZpar & eHZgaint & eHZgapar & eHgagaint & eHmumuint & eHtautauint & eHccint & eHccpar & eHbbint & eHbbpar \\
AlsMz & $1$ & $-0.00963157$ & $0.140074$ & $-0.0278331$ & $-0.013675$ & $-0.0266602$ & $-0.0601263$ & $-0.0607179$ & $-0.0620308$ & $0.0588157$ & $0.0274868$ & $-0.0226438$ & $0.0393673$ & $0.0222299$ & $-0.0039754$ & $-0.00985988$ & $0.0593479$ & $0.0534716$ & $0.0603686$ & $-0.0329856$ & $-0.0364812$ & $-0.0301948$ & $0.00879429$ & $0.0184023$ & $-0.0139445$ & $-0.0130302$ & $-0.048752$ & $-0.0374318$ & $0.034082$ & $0.0558144$ & $0.0697818$ & $-0.0406813$ & $0.0532194$ & $-0.0487706$ & $0.0763593$ & $-0.165194$ & $-0.0412844$ & $0.0217931$ & $0.121233$ & $0.00743849$ & $-0.125722$ & $-0.0129408$ & $0.0125111$ & $-0.0142733$ & $-0.0668266$ & $0.133671$ & $0.185114$ & $-0.0697571$ & $-0.0249005$ \\
dAle5Mz & $-0.00963157$ & $1$ & $-0.253153$ & $0.0224101$ & $0.0104351$ & $0.0105681$ & $0.13745$ & $-0.0277704$ & $-0.0292353$ & $0.0939904$ & $0.0454808$ & $0.150252$ & $-0.135954$ & $-0.0738992$ & $-0.0535483$ & $-0.0288123$ & $-0.0445515$ & $-0.0284757$ & $-0.0423857$ & $-0.0327811$ & $-0.0264234$ & $-0.0268975$ & $0.0258658$ & $-0.0401854$ & $-0.0207173$ & $0.0273456$ & $0.0679171$ & $-0.0415008$ & $0.0369138$ & $-0.107367$ & $-0.0481222$ & $0.136432$ & $-0.120612$ & $0.0742612$ & $0.0895629$ & $-0.0639417$ & $0.0933184$ & $0.0184709$ & $0.0570373$ & $-0.0473483$ & $-0.211235$ & $0.0118005$ & $-0.0748796$ & $0.0551523$ & $-0.0733234$ & $0.0612975$ & $-0.0968847$ & $0.077826$ & $-0.0298574$ \\
mtop & $0.140074$ & $-0.253153$ & $1$ & $-0.177709$ & $-0.000190575$ & $-0.013884$ & $-0.105094$ & $0.0263732$ & $0.0285656$ & $-0.0380128$ & $-0.0663892$ & $-0.14392$ & $0.0872016$ & $0.103014$ & $0.0226984$ & $0.062697$ & $0.0952405$ & $0.0895258$ & $0.0696068$ & $0.0649956$ & $0.0632364$ & $0.0711067$ & $0.0113541$ & $0.0600812$ & $0.0659926$ & $-0.076303$ & $-0.0102397$ & $-0.00163929$ & $0.034783$ & $0.0356608$ & $0.0439405$ & $-0.097263$ & $0.0948333$ & $0.000699986$ & $0.14284$ & $-0.114832$ & $0.16254$ & $-0.0373897$ & $0.0955321$ & $-0.00870388$ & $0.0408478$ & $-0.00802676$ & $0.102437$ & $-0.0643056$ & $0.0262487$ & $0.13874$ & $0.085465$ & $-0.101976$ & $0.138402$ \\
mHl & $-0.0278331$ & $0.0224101$ & $-0.177709$ & $1$ & $-0.00480692$ & $-0.0189809$ & $0.0190553$ & $-0.0065174$ & $-0.00795859$ & $-0.00975559$ & $0.0168534$ & $0.0570731$ & $-0.031749$ & $-0.0170119$ & $-0.0267061$ & $-0.0233905$ & $-0.0270651$ & $-0.00913021$ & $-0.0184238$ & $-0.0188919$ & $-0.0156288$ & $-0.0205154$ & $0.0248078$ & $-0.0142083$ & $-0.0188356$ & $0.00201398$ & $0.00396471$ & $0.0053917$ & $-0.0189858$ & $-0.00739533$ & $-0.0238466$ & $0.0167703$ & $-0.0371708$ & $0.0127931$ & $0.0605874$ & $0.0855038$ & $-0.0912198$ & $0.00517714$ & $-0.0850143$ & $-0.00588088$ & $-0.0659846$ & $-0.0609928$ & $-0.0474073$ & $0.0253146$ & $-0.039215$ & $-0.0130135$ & $0.0147065$ & $-0.106861$ & $-0.0731393$ \\
Mz & $-0.013675$ & $0.0104351$ & $-0.000190575$ & $-0.00480692$ & $1$ & $0.0106241$ & $-0.0572117$ & $-0.0067454$ & $-0.00773232$ & $-0.044054$ & $0.00123928$ & $-0.0852231$ & $0.0517509$ & $0.0174984$ & $0.00552329$ & $0.0440604$ & $0.0218164$ & $0.0222352$ & $-0.00425448$ & $0.00788582$ & $0.00204444$ & $0.00447379$ & $-0.0118551$ & $0.0254518$ & $0.0158912$ & $0.0100803$ & $-0.0180506$ & $0.0332461$ & $0.0311349$ & $0.0276468$ & $0.0284773$ & $-0.0594729$ & $0.0291705$ & $-0.00875877$ & $0.00329998$ & $-0.0207911$ & $0.00480099$ & $0.00608456$ & $-0.0559474$ & $-0.0118319$ & $-0.00420086$ & $0.0272239$ & $0.0606266$ & $0.00702246$ & $-0.0489166$ & $0.00789043$ & $0.0278078$ & $-0.00948514$ & $-0.0294182$ \\
CW & $-0.0266602$ & $0.0105681$ & $-0.013884$ & $-0.0189809$ & $0.0106241$ & $1$ & $0.0313191$ & $-0.0645511$ & $-0.0616609$ & $0.0431168$ & $0.155239$ & $0.0648408$ & $-0.0374285$ & $-0.0305132$ & $-0.0992572$ & $-0.12388$ & $-0.330618$ & $-0.132825$ & $-0.113528$ & $-0.154279$ & $-0.154858$ & $-0.15491$ & $-0.00564162$ & $-0.0960296$ & $-0.167667$ & $0.109985$ & $-0.0427488$ & $-0.0906271$ & $0.0226969$ & $-0.012898$ & $-0.0269707$ & $0.0266205$ & $-0.00706307$ & $-0.0913111$ & $-0.0354717$ & $0.0402004$ & $-0.0400187$ & $-0.0100781$ & $-0.0329212$ & $-0.0196713$ & $0.0296083$ & $-0.011152$ & $-0.00121658$ & $-0.00589096$ & $0.0116509$ & $0.00575156$ & $-0.00595425$ & $-0.0250858$ & $0.0877773$ \\
CHG & $-0.0601263$ & $0.13745$ & $-0.105094$ & $0.0190553$ & $-0.0572117$ & $0.0313191$ & $1$ & $-0.0860376$ & $-0.0688712$ & $0.212356$ & $0.178569$ & $0.67328$ & $-0.805922$ & $-0.223277$ & $-0.11348$ & $-0.148968$ & $-0.188909$ & $-0.142197$ & $-0.119244$ & $-0.178788$ & $-0.169839$ & $-0.167882$ & $0.0112815$ & $-0.107144$ & $-0.12577$ & $0.146261$ & $0.0413609$ & $-0.0790049$ & $-0.126313$ & $-0.592745$ & $-0.35084$ & $0.961107$ & $-0.627189$ & $0.0197013$ & $-0.0614729$ & $0.0193456$ & $0.00668399$ & $0.0881703$ & $0.0259299$ & $-0.0463179$ & $-0.00234753$ & $0.0244793$ & $-0.0355626$ & $0.027787$ & $0.0301512$ & $-0.0121756$ & $0.0179186$ & $-0.0220754$ & $0.00820823$ \\
CHWB & $-0.0607179$ & $-0.0277704$ & $0.0263732$ & $-0.0065174$ & $-0.0067454$ & $-0.0645511$ & $-0.0860376$ & $1$ & $0.989508$ & $-0.568449$ & $-0.880957$ & $-0.155475$ & $0.0663843$ & $0.295078$ & $0.453208$ & $0.462752$ & $-0.191519$ & $-0.379742$ & $-0.397607$ & $0.864686$ & $0.895344$ & $0.88502$ & $0.0309072$ & $-0.617998$ & $-0.361022$ & $-0.625889$ & $0.39319$ & $0.388413$ & $0.0320837$ & $0.0716553$ & $0.068034$ & $-0.0900161$ & $0.0614424$ & $0.530458$ & $-0.00149761$ & $0.0219072$ & $-0.0118557$ & $0.00435129$ & $0.0127843$ & $-0.00663736$ & $0.0266666$ & $-0.00429105$ & $0.033515$ & $0.00905215$ & $0.00213739$ & $0.00854345$ & $0.0674524$ & $0.00919817$ & $-0.0361739$ \\
CHWHB_gaga & $-0.0620308$ & $-0.0292353$ & $0.0285656$ & $-0.00795859$ & $-0.00773232$ & $-0.0616609$ & $-0.0688712$ & $0.989508$ & $1$ & $-0.562573$ & $-0.868372$ & $-0.152759$ & $0.0760832$ & $0.286391$ & $0.440926$ & $0.454304$ & $-0.196352$ & $-0.378074$ & $-0.398203$ & $0.852057$ & $0.883047$ & $0.873435$ & $0.0273321$ & $-0.616309$ & $-0.361465$ & $-0.612605$ & $0.393928$ & $0.380076$ & $0.036031$ & $0.0944181$ & $0.0802351$ & $-0.0738268$ & $0.0843998$ & $0.530906$ & $-0.0138872$ & $0.0233369$ & $-0.0226288$ & $0.00520762$ & $0.0077988$ & $-0.00496756$ & $0.0367287$ & $-0.00856633$ & $0.0807758$ & $0.00750532$ & $-6.93335e-05$ & $-0.000209154$ & $0.0672782$ & $0.0129128$ & $-0.0413204$ \\
CHWHB_gagaorth & $0.0588157$ & $0.0939904$ & $-0.0380128$ & $-0.00975559$ & $-0.044054$ & $0.0431168$ & $0.212356$ & $-0.568449$ & $-0.562573$ & $1$ & $0.506536$ & $0.440905$ & $-0.247798$ & $-0.186225$ & $-0.257446$ & $-0.29014$ & $0.0980666$ & $0.198504$ & $0.225993$ & $-0.496929$ & $-0.512616$ & $-0.508588$ & $-0.00772978$ & $0.327332$ & $0.205521$ & $0.358862$ & $-0.196448$ & $-0.258078$ & $-0.0469414$ & $-0.200318$ & $-0.134882$ & $0.226756$ & $-0.215064$ & $-0.298293$ & $0.0562145$ & $-0.0156863$ & $0.00475294$ & $0.00345019$ & $0.00124802$ & $-0.0103114$ & $-0.0951759$ & $-0.00878601$ & $-0.0606342$ & $-0.0200243$ & $0.0353827$ & $-0.0137445$ & $0.00160682$ & $0.00230215$ & $0.0480828$ \\
CHD & $0.0274868$ & $0.0454808$ & $-0.0663892$ & $0.0168534$ & $0.00123928$ & $0.155239$ & $0.178569$ & $-0.880957$ & $-0.868372$ & $0.506536$ & $1$ & $0.284733$ & $-0.168666$ & $-0.676123$ & $-0.568821$ & $-0.584527$ & $-0.268538$ & $-0.0290988$ & $-0.0112938$ & $-0.99521$ & $-0.995072$ & $-0.983652$ & $0.0369391$ & $0.216538$ & $-0.0589304$ & $0.692452$ & $-0.252663$ & $-0.426395$ & $-0.0401362$ & $-0.151183$ & $-0.119448$ & $0.182459$ & $-0.151675$ & $-0.323496$ & $-0.000971491$ & $-0.00729086$ & $-0.0239282$ & $0.0337205$ & $-0.0157511$ & $0.00849819$ & $-0.0120116$ & $-0.0163516$ & $-0.0299612$ & $-0.0182677$ & $-0.0092462$ & $-0.0222027$ & $-0.0548918$ & $-0.00884319$ & $0.0263842$ \\
CHbox & $-0.0226438$ & $0.150252$ & $-0.14392$ & $0.0570731$ & $-0.0852231$ & $0.0648408$ & $0.67328$ & $-0.155475$ & $-0.152759$ & $0.440905$ & $0.284733$ & $1$ & $-0.796704$ & $-0.332019$ & $-0.139691$ & $-0.200073$ & $-0.27093$ & $-0.215943$ & $-0.174314$ & $-0.282856$ & $-0.276855$ & $-0.273647$ & $0.0288523$ & $-0.130885$ & $-0.183741$ & $0.212494$ & $0.0183094$ & $-0.134424$ & $-0.109908$ & $-0.489619$ & $-0.288775$ & $0.65447$ & $-0.511386$ & $-0.0270963$ & $-0.0350331$ & $0.0425612$ & $-0.0768185$ & $0.116403$ & $0.0191971$ & $-0.0292539$ & $-0.0502965$ & $0.0243304$ & $-0.078916$ & $0.0344203$ & $0.0329313$ & $-0.0609336$ & $0.0413093$ & $-0.0198969$ & $0.0272559$ \\
CH & $0.0393673$ & $-0.135954$ & $0.0872016$ & $-0.031749$ & $0.0517509$ & $-0.0374285$ & $-0.805922$ & $0.0663843$ & $0.0760832$ & $-0.247798$ & $-0.168666$ & $-0.796704$ & $1$ & $0.229744$ & $0.0972125$ & $0.14576$ & $0.209569$ & $0.171365$ & $0.138564$ & $0.169802$ & $0.15965$ & $0.158537$ & $-0.0220096$ & $0.127319$ & $0.140721$ & $-0.136804$ & $-0.0616889$ & $0.0832212$ & $0.174035$ & $0.717853$ & $0.401209$ & $-0.737346$ & $0.741351$ & $-0.0203497$ & $0.0612007$ & $0.0167995$ & $0.000870721$ & $-0.111518$ & $-0.0158718$ & $0.026177$ & $0.0356351$ & $-0.0354783$ & $0.0486336$ & $-0.0108284$ & $-0.00892984$ & $0.0317054$ & $-0.0446304$ & $0.0377233$ & $-0.014986$ \\
CHL1_11 & $0.0222299$ & $-0.0738992$ & $0.103014$ & $-0.0170119$ & $0.0174984$ & $-0.0305132$ & $-0.223277$ & $0.295078$ & $0.286391$ & $-0.186225$ & $-0.676123$ & $-0.332019$ & $0.229744$ & $1$ & $0.411983$ & $0.424398$ & $0.654645$ & $0.593605$ & $0.587196$ & $0.685997$ & $0.648219$ & $0.638686$ & $-0.11407$ & $0.429426$ & $0.592162$ & $-0.450865$ & $-0.0696777$ & $0.267683$ & $0.040789$ & $0.191299$ & $0.135731$ & $-0.22865$ & $0.205569$ & $-0.159901$ & $-0.00658297$ & $-0.0180243$ & $0.0504787$ & $-0.084599$ & $-0.0019687$ & $-0.0112473$ & $-0.0150774$ & $0.0434351$ & $0.0184758$ & $0.0211156$ & $0.0194737$ & $0.0307131$ & $0.017327$ & $0.00243217$ & $0.0101362$ \\
CHL1_22 & $-0.0039754$ & $-0.0535483$ & $0.0226984$ & $-0.0267061$ & $0.00552329$ & $-0.0992572$ & $-0.11348$ & $0.453208$ & $0.440926$ & $-0.257446$ & $-0.568821$ & $-0.139691$ & $0.0972125$ & $0.411983$ & $1$ & $0.55897$ & $0.201574$ & $-0.310616$ & $-0.00335145$ & $0.610139$ & $0.511405$ & $0.505636$ & $-0.21914$ & $0.0523111$ & $-0.061911$ & $-0.332981$ & $-0.324517$ & $0.241177$ & $0.0227978$ & $0.0915393$ & $0.0547237$ & $-0.108321$ & $0.118468$ & $-0.478535$ & $-0.0128221$ & $0.018059$ & $0.036713$ & $-0.0223574$ & $-0.0177585$ & $0.0125835$ & $-0.000753553$ & $0.00888054$ & $-0.0493842$ & $-0.0222246$ & $0.0210904$ & $-0.0309422$ & $-0.00204748$ & $-0.00606841$ & $0.0500977$ \\
CHL1_33 & $-0.00985988$ & $-0.0288123$ & $0.062697$ & $-0.0233905$ & $0.0440604$ & $-0.12388$ & $-0.148968$ & $0.462752$ & $0.454304$ & $-0.29014$ & $-0.584527$ & $-0.200073$ & $0.14576$ & $0.424398$ & $0.55897$ & $1$ & $0.219503$ & $0.0145664$ & $-0.286465$ & $0.625203$ & $0.53029$ & $0.54272$ & $-0.186169$ & $0.0505539$ & $-0.0417118$ & $-0.368305$ & $-0.299953$ & $0.222123$ & $0.0392223$ & $0.120968$ & $0.0763791$ & $-0.145167$ & $0.142375$ & $-0.0355295$ & $-0.026764$ & $-0.0546079$ & $0.0610795$ & $-0.0520855$ & $-0.0177642$ & $0.0355519$ & $0.0207328$ & $0.0283843$ & $-0.0313528$ & $0.000679181$ & $0.0307079$ & $0.028355$ & $0.0266821$ & $-0.00590528$ & $0.0255975$ \\
CHL3_11 & $0.0593479$ & $-0.0445515$ & $0.0952405$ & $-0.0270651$ & $0.0218164$ & $-0.330618$ & $-0.188909$ & $-0.191519$ & $-0.196352$ & $0.0980666$ & $-0.268538$ & $-0.27093$ & $0.209569$ & $0.654645$ & $0.201574$ & $0.219503$ & $1$ & $0.806791$ & $0.802766$ & $0.281696$ & $0.241726$ & $0.240151$ & $-0.100362$ & $0.748915$ & $0.845862$ & $-0.161906$ & $-0.173738$ & $0.100282$ & $0.0109721$ & $0.158913$ & $0.106345$ & $-0.187267$ & $0.177746$ & $-0.265436$ & $0.0166555$ & $-0.0274255$ & $0.0791777$ & $-0.0634839$ & $0.0283289$ & $-0.00153273$ & $-0.0211797$ & $0.0318206$ & $0.000288415$ & $0.0177764$ & $0.00892902$ & $0.03186$ & $-0.0239367$ & $-0.0026287$ & $0.00298846$ \\
CHL3_22 & $0.0534716$ & $-0.0284757$ & $0.0895258$ & $-0.00913021$ & $0.0222352$ & $-0.132825$ & $-0.142197$ & $-0.379742$ & $-0.378074$ & $0.198504$ & $-0.0290988$ & $-0.215943$ & $0.171365$ & $0.593605$ & $-0.310616$ & $0.0145664$ & $0.806791$ & $1$ & $0.778431$ & $0.0283575$ & $0.0249114$ & $0.0260574$ & $-0.00862741$ & $0.721854$ & $0.859128$ & $-0.02663$ & $-0.0531384$ & $-0.0124772$ & $0.0102584$ & $0.12432$ & $0.0862274$ & $-0.145756$ & $0.130436$ & $-0.0542865$ & $0.010345$ & $-0.0402861$ & $0.0517178$ & $-0.0683992$ & $0.0158505$ & $-0.00908474$ & $-0.0199111$ & $0.0360959$ & $0.0288088$ & $0.0335272$ & $0.00554677$ & $0.0522422$ & $-0.0132823$ & $0.00359688$ & $-0.0119915$ \\
CHL3_33 & $0.0603686$ & $-0.0423857$ & $0.0696068$ & $-0.0184238$ & $-0.00425448$ & $-0.113528$ & $-0.119244$ & $-0.397607$ & $-0.398203$ & $0.225993$ & $-0.0112938$ & $-0.174314$ & $0.138564$ & $0.587196$ & $-0.00335145$ & $-0.286465$ & $0.802766$ & $0.778431$ & $1$ & $0.0111393$ & $0.00554079$ & $0.00765769$ & $-0.0329484$ & $0.733987$ & $0.856477$ & $0.00428399$ & $-0.0714846$ & $9.56253e-05$ & $-0.00207441$ & $0.105356$ & $0.0703994$ & $-0.121038$ & $0.115944$ & $-0.376052$ & $0.022129$ & $0.00559949$ & $0.0339935$ & $-0.0502732$ & $0.0186284$ & $-0.0275259$ & $-0.0364095$ & $0.0258126$ & $0.0158698$ & $0.0193874$ & $-0.00386699$ & $0.00813833$ & $-0.0330113$ & $0.000145361$ & $0.00912065$ \\
CHe_11 & $-0.0329856$ & $-0.0327811$ & $0.0649956$ & $-0.0188919$ & $0.00788582$ & $-0.154279$ & $-0.178788$ & $0.864686$ & $0.852057$ & $-0.496929$ & $-0.99521$ & $-0.282856$ & $0.169802$ & $0.685997$ & $0.610139$ & $0.625203$ & $0.281696$ & $0.0283575$ & $0.0111393$ & $1$ & $0.985503$ & $0.974738$ & $-0.0559721$ & $-0.183164$ & $0.0640437$ & $-0.68464$ & $0.200027$ & $0.422227$ & $0.0410735$ & $0.152065$ & $0.118812$ & $-0.181947$ & $0.154186$ & $0.269088$ & $0.00171399$ & $0.00638409$ & $0.0275786$ & $-0.0352515$ & $0.010005$ & $-0.00626587$ & $0.00968184$ & $0.0184251$ & $0.0239577$ & $0.0167635$ & $0.0098085$ & $0.0224913$ & $0.051983$ & $0.0100615$ & $-0.0211135$ \\
CHe_22 & $-0.0364812$ & $-0.0264234$ & $0.0632364$ & $-0.0156288$ & $0.00204444$ & $-0.154858$ & $-0.169839$ & $0.895344$ & $0.883047$ & $-0.512616$ & $-0.995072$ & $-0.276855$ & $0.15965$ & $0.648219$ & $0.511405$ & $0.53029$ & $0.241726$ & $0.0249114$ & $0.00554079$ & $0.985503$ & $1$ & $0.986487$ & $-0.0104669$ & $-0.259567$ & $0.0467522$ & $-0.696606$ & $0.315994$ & $0.427719$ & $0.03977$ & $0.142942$ & $0.115989$ & $-0.174419$ & $0.140543$ & $0.391403$ & $0.00688843$ & $0.010035$ & $0.0220697$ & $-0.0292537$ & $0.0199014$ & $-0.0118196$ & $0.00856614$ & $0.0146205$ & $0.0369373$ & $0.0215329$ & $0.00496316$ & $0.0252673$ & $0.0562267$ & $0.0113961$ & $-0.0333996$ \\
CHe_33 & $-0.0301948$ & $-0.0268975$ & $0.0711067$ & $-0.0205154$ & $0.00447379$ & $-0.15491$ & $-0.167882$ & $0.88502$ & $0.873435$ & $-0.508588$ & $-0.983652$ & $-0.273647$ & $0.158537$ & $0.638686$ & $0.505636$ & $0.54272$ & $0.240151$ & $0.0260574$ & $0.00765769$ & $0.974738$ & $0.986487$ & $1$ & $-0.0127861$ & $-0.255497$ & $0.0466434$ & $-0.685929$ & $0.311863$ & $0.423009$ & $0.0421541$ & $0.141394$ & $0.115899$ & $-0.172216$ & $0.140213$ & $0.389244$ & $0.0045064$ & $0.00822131$ & $0.0219283$ & $-0.0258279$ & $0.017075$ & $-0.0125739$ & $0.00990165$ & $0.0118466$ & $0.0408123$ & $0.0231427$ & $0.00313983$ & $0.0232671$ & $0.0585798$ & $0.00777132$ & $-0.0296882$ \\
CHQ1_11 & $0.00879429$ & $0.0258658$ & $0.0113541$ & $0.0248078$ & $-0.0118551$ & $-0.00564162$ & $0.0112815$ & $0.0309072$ & $0.0273321$ & $-0.00772978$ & $0.0369391$ & $0.0288523$ & $-0.0220096$ & $-0.11407$ & $-0.21914$ & $-0.186169$ & $-0.100362$ & $-0.00862741$ & $-0.0329484$ & $-0.0559721$ & $-0.0104669$ & $-0.0127861$ & $1$ & $-0.153506$ & $0.0268537$ & $-0.569034$ & $0.353322$ & $-0.027197$ & $0.0151669$ & $-0.0536298$ & $0.0200316$ & $0.00489146$ & $-0.0456406$ & $0.234266$ & $0.0224379$ & $-0.0101903$ & $-0.0289298$ & $0.017392$ & $0.0373212$ & $-0.0442405$ & $-0.00210409$ & $-0.0512258$ & $-0.0286683$ & $-0.00331279$ & $-0.0174345$ & $0.00658802$ & $0.00161663$ & $-0.0246999$ & $-0.0354772$ \\
CHQ1_33 & $0.0184023$ & $-0.0401854$ & $0.0600812$ & $-0.0142083$ & $0.0254518$ & $-0.0960296$ & $-0.107144$ & $-0.617998$ & $-0.616309$ & $0.327332$ & $0.216538$ & $-0.130885$ & $0.127319$ & $0.429426$ & $0.0523111$ & $0.0505539$ & $0.748915$ & $0.721854$ & $0.733987$ & $-0.183164$ & $-0.259567$ & $-0.255497$ & $-0.153506$ & $1$ & $0.747333$ & $0.197955$ & $-0.413482$ & $-0.0337857$ & $-0.0128805$ & $0.0832191$ & $0.0497276$ & $-0.106295$ & $0.118546$ & $-0.6171$ & $-0.00291059$ & $-0.0217046$ & $0.0537653$ & $-0.0516978$ & $-0.0189935$ & $0.00398359$ & $-0.0218994$ & $0.0375853$ & $-0.0198648$ & $-0.0105314$ & $0.0053839$ & $0.0189234$ & $-0.0629769$ & $-0.0144604$ & $0.0582061$ \\
CHQ3_11 & $-0.0139445$ & $-0.0207173$ & $0.0659926$ & $-0.0188356$ & $0.0158912$ & $-0.167667$ & $-0.12577$ & $-0.361022$ & $-0.361465$ & $0.205521$ & $-0.0589304$ & $-0.183741$ & $0.140721$ & $0.592162$ & $-0.061911$ & $-0.0417118$ & $0.845862$ & $0.859128$ & $0.856477$ & $0.0640437$ & $0.0467522$ & $0.0466434$ & $0.0268537$ & $0.747333$ & $1$ & $-0.025384$ & $0.107121$ & $0.000422832$ & $-0.00708743$ & $0.0974383$ & $0.0682486$ & $-0.131466$ & $0.108066$ & $-0.253418$ & $0.0138072$ & $-0.0208568$ & $0.0687912$ & $-0.0507208$ & $0.0234586$ & $-0.0169966$ & $-0.0276134$ & $0.0288375$ & $0.0232105$ & $0.032393$ & $-0.000327987$ & $0.0144769$ & $-0.0362412$ & $0.00882938$ & $-0.0119588$ \\
CHu_11 & $-0.0130302$ & $0.0273456$ & $-0.076303$ & $0.00201398$ & $0.0100803$ & $0.109985$ & $0.146261$ & $-0.625889$ & $-0.612605$ & $0.358862$ & $0.692452$ & $0.212494$ & $-0.136804$ & $-0.450865$ & $-0.332981$ & $-0.368305$ & $-0.161906$ & $-0.02663$ & $0.00428399$ & $-0.68464$ & $-0.696606$ & $-0.685929$ & $-0.569034$ & $0.197955$ & $-0.025384$ & $1$ & $-0.201941$ & $-0.277979$ & $-0.0418185$ & $-0.102165$ & $-0.105749$ & $0.14722$ & $-0.109398$ & $-0.294406$ & $-0.0358123$ & $0.00646827$ & $-0.00776$ & $0.0323456$ & $-0.0259693$ & $0.0312993$ & $-0.0216286$ & $0.0163048$ & $0.014769$ & $-0.0200358$ & $0.00438506$ & $-0.0257678$ & $-0.0365489$ & $0.0135628$ & $0.0234584$ \\
CHd_11 & $-0.048752$ & $0.0679171$ & $-0.0102397$ & $0.00396471$ & $-0.0180506$ & $-0.0427488$ & $0.0413609$ & $0.39319$ & $0.393928$ & $-0.196448$ & $-0.252663$ & $0.0183094$ & $-0.0616889$ & $-0.0696777$ & $-0.324517$ & $-0.299953$ & $-0.173738$ & $-0.0531384$ & $-0.0714846$ & $0.200027$ & $0.315994$ & $0.311863$ & $0.353322$ & $-0.413482$ & $0.107121$ & $-0.201941$ & $1$ & $0.107718$ & $-0.0168404$ & $-0.0558239$ & $0.00385756$ & $0.0281235$ & $-0.0798284$ & $0.688804$ & $0.0241978$ & $0.0101501$ & $-0.0247492$ & $0.0543693$ & $0.0617922$ & $-0.0423098$ & $-0.014077$ & $-0.0226601$ & $0.0866006$ & $0.0280307$ & $-0.045386$ & $0.0122024$ & $0.04145$ & $0.0151249$ & $-0.0888266$ \\
CHd_33 & $-0.0374318$ & $-0.0415008$ & $-0.00163929$ & $0.0053917$ & $0.0332461$ & $-0.0906271$ & $-0.0790049$ & $0.388413$ & $0.380076$ & $-0.258078$ & $-0.426395$ & $-0.134424$ & $0.0832212$ & $0.267683$ & $0.241177$ & $0.222123$ & $0.100282$ & $-0.0124772$ & $9.56253e-05$ & $0.422227$ & $0.427719$ & $0.423009$ & $-0.027197$ & $-0.0337857$ & $0.000422832$ & $-0.277979$ & $0.107718$ & $1$ & $-0.0102307$ & $0.0664846$ & $0.0421113$ & $-0.0749335$ & $0.0804435$ & $0.153581$ & $0.00692293$ & $0.0360112$ & $-0.00807415$ & $0.0105886$ & $-0.00886999$ & $0.0504762$ & $0.00671377$ & $0.00973065$ & $-0.0266478$ & $-0.00536601$ & $0.0311224$ & $-0.0224234$ & $-0.0181003$ & $0.0196237$ & $0.0243103$ \\
CeH_22r & $0.034082$ & $0.0369138$ & $0.034783$ & $-0.0189858$ & $0.0311349$ & $0.0226969$ & $-0.126313$ & $0.0320837$ & $0.036031$ & $-0.0469414$ & $-0.0401362$ & $-0.109908$ & $0.174035$ & $0.040789$ & $0.0227978$ & $0.0392223$ & $0.0109721$ & $0.0102584$ & $-0.00207441$ & $0.0410735$ & $0.03977$ & $0.0421541$ & $0.0151669$ & $-0.0128805$ & $-0.00708743$ & $-0.0418185$ & $-0.0168404$ & $-0.0102307$ & $1$ & $0.137149$ & $0.0724454$ & $-0.122648$ & $0.15696$ & $0.00996958$ & $-0.00991487$ & $-0.025797$ & $0.0140854$ & $-0.0667445$ & $0.0375114$ & $-0.0212884$ & $-0.00326552$ & $-0.0297387$ & $-0.0102251$ & $0.0353081$ & $0.0285624$ & $-0.0227676$ & $0.0290051$ & $0.0174223$ & $-0.0151061$ \\
CeH_33r & $0.0558144$ & $-0.107367$ & $0.0356608$ & $-0.00739533$ & $0.0276468$ & $-0.012898$ & $-0.592745$ & $0.0716553$ & $0.0944181$ & $-0.200318$ & $-0.151183$ & $-0.489619$ & $0.717853$ & $0.191299$ & $0.0915393$ & $0.120968$ & $0.158913$ & $0.12432$ & $0.105356$ & $0.152065$ & $0.142942$ & $0.141394$ & $-0.0536298$ & $0.0832191$ & $0.0974383$ & $-0.102165$ & $-0.0558239$ & $0.0664846$ & $0.137149$ & $1$ & $0.474069$ & $-0.463741$ & $0.836167$ & $-0.0159475$ & $-0.00288599$ & $0.0335166$ & $-0.145707$ & $-0.0565376$ & $-0.0114076$ & $0.0380769$ & $0.0215235$ & $-0.0316014$ & $0.0381072$ & $-0.0189826$ & $0.0264573$ & $0.00424484$ & $-0.0311318$ & $0.0432154$ & $-0.0282124$ \\
CuH_22r & $0.0697818$ & $-0.0481222$ & $0.0439405$ & $-0.0238466$ & $0.0284773$ & $-0.0269707$ & $-0.35084$ & $0.068034$ & $0.0802351$ & $-0.134882$ & $-0.119448$ & $-0.288775$ & $0.401209$ & $0.135731$ & $0.0547237$ & $0.0763791$ & $0.106345$ & $0.0862274$ & $0.0703994$ & $0.118812$ & $0.115989$ & $0.115899$ & $0.0200316$ & $0.0497276$ & $0.0682486$ & $-0.105749$ & $0.00385756$ & $0.0421113$ & $0.0724454$ & $0.474069$ & $1$ & $-0.266286$ & $0.505542$ & $0.0168329$ & $-0.000723983$ & $0.0471345$ & $-0.0489502$ & $-0.0119111$ & $0.0138304$ & $0.025647$ & $-0.0223806$ & $-0.0329145$ & $-0.0223437$ & $-0.0261601$ & $0.00618305$ & $0.137032$ & $0.282382$ & $0.0720099$ & $-0.0105381$ \\
CuH_33r & $-0.0406813$ & $0.136432$ & $-0.097263$ & $0.0167703$ & $-0.0594729$ & $0.0266205$ & $0.961107$ & $-0.0900161$ & $-0.0738268$ & $0.226756$ & $0.182459$ & $0.65447$ & $-0.737346$ & $-0.22865$ & $-0.108321$ & $-0.145167$ & $-0.187267$ & $-0.145756$ & $-0.121038$ & $-0.181947$ & $-0.174419$ & $-0.172216$ & $0.00489146$ & $-0.106295$ & $-0.131466$ & $0.14722$ & $0.0281235$ & $-0.0749335$ & $-0.122648$ & $-0.463741$ & $-0.266286$ & $1$ & $-0.484796$ & $0.0131501$ & $-0.0320161$ & $0.0333168$ & $-0.00795892$ & $0.0808469$ & $0.0405162$ & $-0.0552207$ & $-0.0061095$ & $0.0138367$ & $-0.0359313$ & $0.0313076$ & $0.0289699$ & $-0.00806092$ & $0.0134226$ & $-0.000242265$ & $-0.00256243$ \\
CdH_33r & $0.0532194$ & $-0.120612$ & $0.0948333$ & $-0.0371708$ & $0.0291705$ & $-0.00706307$ & $-0.627189$ & $0.0614424$ & $0.0843998$ & $-0.215064$ & $-0.151675$ & $-0.511386$ & $0.741351$ & $0.205569$ & $0.118468$ & $0.142375$ & $0.177746$ & $0.130436$ & $0.115944$ & $0.154186$ & $0.140543$ & $0.140213$ & $-0.0456406$ & $0.118546$ & $0.108066$ & $-0.109398$ & $-0.0798284$ & $0.0804435$ & $0.15696$ & $0.836167$ & $0.505542$ & $-0.484796$ & $1$ & $-0.0487405$ & $-0.00251455$ & $0.0523575$ & $-0.115891$ & $-0.0749881$ & $-0.0690905$ & $0.0312862$ & $0.0198865$ & $-0.0371731$ & $0.0385994$ & $-0.0370558$ & $-0.0222043$ & $-0.0488273$ & $-0.0276598$ & $0.0663505$ & $0.238269$ \\
CLL_1221 & $-0.0487706$ & $0.0742612$ & $0.000699986$ & $0.0127931$ & $-0.00875877$ & $-0.0913111$ & $0.0197013$ & $0.530458$ & $0.530906$ & $-0.298293$ & $-0.323496$ & $-0.0270963$ & $-0.0203497$ & $-0.159901$ & $-0.478535$ & $-0.0355295$ & $-0.265436$ & $-0.0542865$ & $-0.376052$ & $0.269088$ & $0.391403$ & $0.389244$ & $0.234266$ & $-0.6171$ & $-0.253418$ & $-0.294406$ & $0.688804$ & $0.153581$ & $0.00996958$ & $-0.0159475$ & $0.0168329$ & $0.0131501$ & $-0.0487405$ & $1$ & $0.020867$ & $-0.00392451$ & $-0.0277998$ & $0.0305136$ & $0.0465069$ & $-0.0150319$ & $0.0179361$ & $-0.0180603$ & $0.070157$ & $0.0328993$ & $-0.0227161$ & $0.0449475$ & $0.0573409$ & $0.0182193$ & $-0.0876997$ \\
eHggint & $0.0763593$ & $0.0895629$ & $0.14284$ & $0.0605874$ & $0.00329998$ & $-0.0354717$ & $-0.0614729$ & $-0.00149761$ & $-0.0138872$ & $0.0562145$ & $-0.000971491$ & $-0.0350331$ & $0.0612007$ & $-0.00658297$ & $-0.0128221$ & $-0.026764$ & $0.0166555$ & $0.010345$ & $0.022129$ & $0.00171399$ & $0.00688843$ & $0.0045064$ & $0.0224379$ & $-0.00291059$ & $0.0138072$ & $-0.0358123$ & $0.0241978$ & $0.00692293$ & $-0.00991487$ & $-0.00288599$ & $-0.000723983$ & $-0.0320161$ & $-0.00251455$ & $0.020867$ & $1$ & $-0.108277$ & $0.199488$ & $0.0110114$ & $0.138245$ & $0.00477444$ & $-0.049423$ & $-0.00100766$ & $-0.0846203$ & $-0.0696041$ & $0.0206961$ & $0.257687$ & $0.0671614$ & $0.106191$ & $0.0259774$ \\
eHggpar & $-0.165194$ & $-0.0639417$ & $-0.114832$ & $0.0855038$ & $-0.0207911$ & $0.0402004$ & $0.0193456$ & $0.0219072$ & $0.0233369$ & $-0.0156863$ & $-0.00729086$ & $0.0425612$ & $0.0167995$ & $-0.0180243$ & $0.018059$ & $-0.0546079$ & $-0.0274255$ & $-0.0402861$ & $0.00559949$ & $0.00638409$ & $0.010035$ & $0.00822131$ & $-0.0101903$ & $-0.0217046$ & $-0.0208568$ & $0.00646827$ & $0.0101501$ & $0.0360112$ & $-0.025797$ & $0.0335166$ & $0.0471345$ & $0.0333168$ & $0.0523575$ & $-0.00392451$ & $-0.108277$ & $1$ & $-0.213977$ & $0.0398907$ & $-0.211596$ & $0.0158982$ & $-0.00635374$ & $-0.0441127$ & $0.0112792$ & $-0.0659856$ & $0.0933343$ & $-0.178206$ & $-0.0564155$ & $0.0270629$ & $0.106653$ \\
eHWWint & $-0.0412844$ & $0.0933184$ & $0.16254$ & $-0.0912198$ & $0.00480099$ & $-0.0400187$ & $0.00668399$ & $-0.0118557$ & $-0.0226288$ & $0.00475294$ & $-0.0239282$ & $-0.0768185$ & $0.000870721$ & $0.0504787$ & $0.036713$ & $0.0610795$ & $0.0791777$ & $0.0517178$ & $0.0339935$ & $0.0275786$ & $0.0220697$ & $0.0219283$ & $-0.0289298$ & $0.0537653$ & $0.0687912$ & $-0.00776$ & $-0.0247492$ & $-0.00807415$ & $0.0140854$ & $-0.145707$ & $-0.0489502$ & $-0.00795892$ & $-0.115891$ & $-0.0277998$ & $0.199488$ & $-0.213977$ & $1$ & $0.023251$ & $0.141443$ & $0.0295799$ & $0.00743783$ & $0.0660165$ & $-0.0454831$ & $0.0532012$ & $-0.103764$ & $0.0287264$ & $-0.00838246$ & $-0.0175816$ & $0.00199426$ \\
eHWWpar & $0.0217931$ & $0.0184709$ & $-0.0373897$ & $0.00517714$ & $0.00608456$ & $-0.0100781$ & $0.0881703$ & $0.00435129$ & $0.00520762$ & $0.00345019$ & $0.0337205$ & $0.116403$ & $-0.111518$ & $-0.084599$ & $-0.0223574$ & $-0.0520855$ & $-0.0634839$ & $-0.0683992$ & $-0.0502732$ & $-0.0352515$ & $-0.0292537$ & $-0.0258279$ & $0.017392$ & $-0.0516978$ & $-0.0507208$ & $0.0323456$ & $0.0543693$ & $0.0105886$ & $-0.0667445$ & $-0.0565376$ & $-0.0119111$ & $0.0808469$ & $-0.0749881$ & $0.0305136$ & $0.0110114$ & $0.0398907$ & $0.023251$ & $1$ & $0.000959012$ & $0.0077919$ & $0.0143794$ & $-0.0106616$ & $-0.033665$ & $-0.0164074$ & $0.0542243$ & $0.00168784$ & $0.0292855$ & $0.00805971$ & $0.0253879$ \\
eHZZint & $0.121233$ & $0.0570373$ & $0.0955321$ & $-0.0850143$ & $-0.0559474$ & $-0.0329212$ & $0.0259299$ & $0.0127843$ & $0.0077988$ & $0.00124802$ & $-0.0157511$ & $0.0191971$ & $-0.0158718$ & $-0.0019687$ & $-0.0177585$ & $-0.0177642$ & $0.0283289$ & $0.0158505$ & $0.0186284$ & $0.010005$ & $0.0199014$ & $0.017075$ & $0.0373212$ & $-0.0189935$ & $0.0234586$ & $-0.0259693$ & $0.0617922$ & $-0.00886999$ & $0.0375114$ & $-0.0114076$ & $0.0138304$ & $0.0405162$ & $-0.0690905$ & $0.0465069$ & $0.138245$ & $-0.211596$ & $0.141443$ & $0.000959012$ & $1$ & $-0.0667896$ & $0.0604385$ & $0.0404735$ & $-0.0832738$ & $0.0156138$ & $0.146228$ & $0.115674$ & $0.0103069$ & $-0.00331239$ & $-0.197094$ \\
eHZZpar & $0.00743849$ & $-0.0473483$ & $-0.00870388$ & $-0.00588088$ & $-0.0118319$ & $-0.0196713$ & $-0.0463179$ & $-0.00663736$ & $-0.00496756$ & $-0.0103114$ & $0.00849819$ & $-0.0292539$ & $0.026177$ & $-0.0112473$ & $0.0125835$ & $0.0355519$ & $-0.00153273$ & $-0.00908474$ & $-0.0275259$ & $-0.00626587$ & $-0.0118196$ & $-0.0125739$ & $-0.0442405$ & $0.00398359$ & $-0.0169966$ & $0.0312993$ & $-0.0423098$ & $0.0504762$ & $-0.0212884$ & $0.0380769$ & $0.025647$ & $-0.0552207$ & $0.0312862$ & $-0.0150319$ & $0.00477444$ & $0.0158982$ & $0.0295799$ & $0.0077919$ & $-0.0667896$ & $1$ & $-0.0843046$ & $0.0633368$ & $0.00875132$ & $-0.0500355$ & $0.0231356$ & $-0.0409431$ & $0.0524778$ & $0.0160816$ & $0.0259071$ \\
eHZgaint & $-0.125722$ & $-0.211235$ & $0.0408478$ & $-0.0659846$ & $-0.00420086$ & $0.0296083$ & $-0.00234753$ & $0.0266666$ & $0.0367287$ & $-0.0951759$ & $-0.0120116$ & $-0.0502965$ & $0.0356351$ & $-0.0150774$ & $-0.000753553$ & $0.0207328$ & $-0.0211797$ & $-0.0199111$ & $-0.0364095$ & $0.00968184$ & $0.00856614$ & $0.00990165$ & $-0.00210409$ & $-0.0218994$ & $-0.0276134$ & $-0.0216286$ & $-0.014077$ & $0.00671377$ & $-0.00326552$ & $0.0215235$ & $-0.0223806$ & $-0.0061095$ & $0.0198865$ & $0.0179361$ & $-0.049423$ & $-0.00635374$ & $0.00743783$ & $0.0143794$ & $0.0604385$ & $-0.0843046$ & $1$ & $-0.0799672$ & $0.123725$ & $0.131231$ & $0.0965578$ & $-0.0375485$ & $-0.242077$ & $-0.066531$ & $-0.0325044$ \\
eHZgapar & $-0.0129408$ & $0.0118005$ & $-0.00802676$ & $-0.0609928$ & $0.0272239$ & $-0.011152$ & $0.0244793$ & $-0.00429105$ & $-0.00856633$ & $-0.00878601$ & $-0.0163516$ & $0.0243304$ & $-0.0354783$ & $0.0434351$ & $0.00888054$ & $0.0283843$ & $0.0318206$ & $0.0360959$ & $0.0258126$ & $0.0184251$ & $0.0146205$ & $0.0118466$ & $-0.0512258$ & $0.0375853$ & $0.0288375$ & $0.0163048$ & $-0.0226601$ & $0.00973065$ & $-0.0297387$ & $-0.0316014$ & $-0.0329145$ & $0.0138367$ & $-0.0371731$ & $-0.0180603$ & $-0.00100766$ & $-0.0441127$ & $0.0660165$ & $-0.0106616$ & $0.0404735$ & $0.0633368$ & $-0.0799672$ & $1$ & $-0.0487518$ & $-0.00936137$ & $-0.0139354$ & $-0.0432805$ & $0.00727309$ & $0.00575644$ & $0.0627958$ \\
eHgagaint & $0.0125111$ & $-0.0748796$ & $0.102437$ & $-0.0474073$ & $0.0606266$ & $-0.00121658$ & $-0.0355626$ & $0.033515$ & $0.0807758$ & $-0.0606342$ & $-0.0299612$ & $-0.078916$ & $0.0486336$ & $0.0184758$ & $-0.0493842$ & $-0.0313528$ & $0.000288415$ & $0.0288088$ & $0.0158698$ & $0.0239577$ & $0.0369373$ & $0.0408123$ & $-0.0286683$ & $-0.0198648$ & $0.0232105$ & $0.014769$ & $0.0866006$ & $-0.0266478$ & $-0.0102251$ & $0.0381072$ & $-0.0223437$ & $-0.0359313$ & $0.0385994$ & $0.070157$ & $-0.0846203$ & $0.0112792$ & $-0.0454831$ & $-0.033665$ & $-0.0832738$ & $0.00875132$ & $0.123725$ & $-0.0487518$ & $1$ & $0.0431645$ & $-0.0644294$ & $-0.149872$ & $-0.0664188$ & $0.0326203$ & $-0.0901318$ \\
eHmumuint & $-0.0142733$ & $0.0551523$ & $-0.0643056$ & $0.0253146$ & $0.00702246$ & $-0.00589096$ & $0.027787$ & $0.00905215$ & $0.00750532$ & $-0.0200243$ & $-0.0182677$ & $0.0344203$ & $-0.0108284$ & $0.0211156$ & $-0.0222246$ & $0.000679181$ & $0.0177764$ & $0.0335272$ & $0.0193874$ & $0.0167635$ & $0.0215329$ & $0.0231427$ & $-0.00331279$ & $-0.0105314$ & $0.032393$ & $-0.0200358$ & $0.0280307$ & $-0.00536601$ & $0.0353081$ & $-0.0189826$ & $-0.0261601$ & $0.0313076$ & $-0.0370558$ & $0.0328993$ & $-0.0696041$ & $-0.0659856$ & $0.0532012$ & $-0.0164074$ & $0.0156138$ & $-0.0500355$ & $0.131231$ & $-0.00936137$ & $0.0431645$ & $1$ & $-0.0715167$ & $-0.0630271$ & $-0.0471253$ & $0.0948505$ & $-0.214091$ \\
eHtautauint & $-0.0668266$ & $-0.0733234$ & $0.0262487$ & $-0.039215$ & $-0.0489166$ & $0.0116509$ & $0.0301512$ & $0.00213739$ & $-6.93335e-05$ & $0.0353827$ & $-0.0092462$ & $0.0329313$ & $-0.00892984$ & $0.0194737$ & $0.0210904$ & $0.0307079$ & $0.00892902$ & $0.00554677$ & $-0.00386699$ & $0.0098085$ & $0.00496316$ & $0.00313983$ & $-0.0174345$ & $0.0053839$ & $-0.000327987$ & $0.00438506$ & $-0.045386$ & $0.0311224$ & $0.0285624$ & $0.0264573$ & $0.00618305$ & $0.0289699$ & $-0.0222043$ & $-0.0227161$ & $0.0206961$ & $0.0933343$ & $-0.103764$ & $0.0542243$ & $0.146228$ & $0.0231356$ & $0.0965578$ & $-0.0139354$ & $-0.0644294$ & $-0.0715167$ & $1$ & $0.00274263$ & $0.0245913$ & $0.0424434$ & $0.002488$ \\
eHccint & $0.133671$ & $0.0612975$ & $0.13874$ & $-0.0130135$ & $0.00789043$ & $0.00575156$ & $-0.0121756$ & $0.00854345$ & $-0.000209154$ & $-0.0137445$ & $-0.0222027$ & $-0.0609336$ & $0.0317054$ & $0.0307131$ & $-0.0309422$ & $0.028355$ & $0.03186$ & $0.0522422$ & $0.00813833$ & $0.0224913$ & $0.0252673$ & $0.0232671$ & $0.00658802$ & $0.0189234$ & $0.0144769$ & $-0.0257678$ & $0.0122024$ & $-0.0224234$ & $-0.0227676$ & $0.00424484$ & $0.137032$ & $-0.00806092$ & $-0.0488273$ & $0.0449475$ & $0.257687$ & $-0.178206$ & $0.0287264$ & $0.00168784$ & $0.115674$ & $-0.0409431$ & $-0.0375485$ & $-0.0432805$ & $-0.149872$ & $-0.0630271$ & $0.00274263$ & $1$ & $0.258544$ & $0.0837647$ & $-0.178619$ \\
eHccpar & $0.185114$ & $-0.0968847$ & $0.085465$ & $0.0147065$ & $0.0278078$ & $-0.00595425$ & $0.0179186$ & $0.0674524$ & $0.0672782$ & $0.00160682$ & $-0.0548918$ & $0.0413093$ & $-0.0446304$ & $0.017327$ & $-0.00204748$ & $0.0266821$ & $-0.0239367$ & $-0.0132823$ & $-0.0330113$ & $0.051983$ & $0.0562267$ & $0.0585798$ & $0.00161663$ & $-0.0629769$ & $-0.0362412$ & $-0.0365489$ & $0.04145$ & $-0.0181003$ & $0.0290051$ & $-0.0311318$ & $0.282382$ & $0.0134226$ & $-0.0276598$ & $0.0573409$ & $0.0671614$ & $-0.0564155$ & $-0.00838246$ & $0.0292855$ & $0.0103069$ & $0.0524778$ & $-0.242077$ & $0.00727309$ & $-0.0664188$ & $-0.0471253$ & $0.0245913$ & $0.258544$ & $1$ & $0.101226$ & $0.0231455$ \\
eHbbint & $-0.0697571$ & $0.077826$ & $-0.101976$ & $-0.106861$ & $-0.00948514$ & $-0.0250858$ & $-0.0220754$ & $0.00919817$ & $0.0129128$ & $0.00230215$ & $-0.00884319$ & $-0.0198969$ & $0.0377233$ & $0.00243217$ & $-0.00606841$ & $-0.00590528$ & $-0.0026287$ & $0.00359688$ & $0.000145361$ & $0.0100615$ & $0.0113961$ & $0.00777132$ & $-0.0246999$ & $-0.0144604$ & $0.00882938$ & $0.0135628$ & $0.0151249$ & $0.0196237$ & $0.0174223$ & $0.0432154$ & $0.0720099$ & $-0.000242265$ & $0.0663505$ & $0.0182193$ & $0.106191$ & $0.0270629$ & $-0.0175816$ & $0.00805971$ & $-0.00331239$ & $0.0160816$ & $-0.066531$ & $0.00575644$ & $0.0326203$ & $0.0948505$ & $0.0424434$ & $0.0837647$ & $0.101226$ & $1$ & $-0.189836$ \\
eHbbpar & $-0.0249005$ & $-0.0298574$ & $0.138402$ & $-0.0731393$ & $-0.0294182$ & $0.0877773$ & $0.00820823$ & $-0.0361739$ & $-0.0413204$ & $0.0480828$ & $0.0263842$ & $0.0272559$ & $-0.014986$ & $0.0101362$ & $0.0500977$ & $0.0255975$ & $0.00298846$ & $-0.0119915$ & $0.00912065$ & $-0.0211135$ & $-0.0333996$ & $-0.0296882$ & $-0.0354772$ & $0.0582061$ & $-0.0119588$ & $0.0234584$ & $-0.0888266$ & $0.0243103$ & $-0.0151061$ & $-0.0282124$ & $-0.0105381$ & $-0.00256243$ & $0.238269$ & $-0.0876997$ & $0.0259774$ & $0.106653$ & $0.00199426$ & $0.0253879$ & $-0.197094$ & $0.0259071$ & $-0.0325044$ & $0.0627958$ & $-0.0901318$ & $-0.214091$ & $0.002488$ & $-0.178619$ & $0.0231455$ & $-0.189836$ & $1$ \\
