 & AlsMz & dAle5Mz & mtop & mHl & Mz & CW & CHG & CHWB & CHWHB_gaga & CHWHB_gagaorth & CHD & CHbox & CH & CHL1_11 & CHL1_22 & CHL1_33 & CHL3_11 & CHL3_22 & CHL3_33 & CHe_11 & CHe_22 & CHe_33 & CHQ1_11 & CHQ1_33 & CHQ3_11 & CHu_11 & CHd_11 & CHd_33 & CeH_22r & CeH_33r & CuH_22r & CuH_33r & CdH_33r & CLL_1221 & eHggint & eHggpar & eHWWint & eHWWpar & eHZZint & eHZZpar & eHZgaint & eHZgapar & eHgagaint & eHmumuint & eHtautauint & eHccint & eHccpar & eHbbint & eHbbpar \\
AlsMz & $1$ & $-0.0234624$ & $0.00179631$ & $-0.033589$ & $-0.0294481$ & $-0.0526768$ & $-0.000951914$ & $0.104229$ & $0.104938$ & $-0.0747744$ & $-0.116926$ & $-0.0727745$ & $0.0409389$ & $0.0384908$ & $0.0277161$ & $-0.0606135$ & $0.0201139$ & $-0.0163076$ & $0.0494747$ & $0.0987785$ & $0.115465$ & $0.108794$ & $0.0204852$ & $-0.127544$ & $-0.0988558$ & $-0.124932$ & $0.0781516$ & $0.0414706$ & $-0.0275329$ & $0.0128284$ & $0.00661289$ & $-0.0168956$ & $-0.0130008$ & $0.0638587$ & $-0.042297$ & $-0.0138758$ & $-0.0257589$ & $-0.0167197$ & $0.00353597$ & $-0.0337408$ & $0.0017098$ & $0.0215625$ & $0.00259153$ & $-0.00437452$ & $-0.00284264$ & $-0.0344452$ & $-0.0155444$ & $0.0018166$ & $-0.0279995$ \\
dAle5Mz & $-0.0234624$ & $1$ & $0.015485$ & $0.0285229$ & $0.0205041$ & $0.0306188$ & $0.00217592$ & $-0.0976423$ & $-0.100527$ & $0.0308168$ & $0.0865222$ & $0.0310876$ & $-0.0151291$ & $-0.0467284$ & $-0.0184828$ & $-0.0290496$ & $0.000945532$ & $-0.00249867$ & $0.00755785$ & $-0.0597366$ & $-0.0560676$ & $-0.0551681$ & $0.019922$ & $0.00157319$ & $0.0319527$ & $0.0218132$ & $0.00647405$ & $-0.0422657$ & $-0.0881528$ & $-0.0368665$ & $-0.0338174$ & $0.00772587$ & $-0.0138334$ & $0.00500345$ & $-0.016593$ & $0.0533961$ & $0.0294312$ & $-0.0375222$ & $0.00953935$ & $0.0457996$ & $-0.016012$ & $-0.00955389$ & $-0.076813$ & $0.0557803$ & $-0.0211655$ & $0.040097$ & $0.0671212$ & $0.0850312$ & $-0.00560846$ \\
mtop & $0.00179631$ & $0.015485$ & $1$ & $0.0786622$ & $0.0146244$ & $0.0142855$ & $0.0225632$ & $-0.0289245$ & $-0.0248394$ & $0.044095$ & $0.0388209$ & $0.0913582$ & $-0.079103$ & $-0.0224159$ & $-0.038213$ & $-0.0150439$ & $0.00832675$ & $0.0243457$ & $-0.000366519$ & $-0.0296327$ & $-0.0255624$ & $-0.0351149$ & $0.049341$ & $0.0358575$ & $0.00777697$ & $-0.0185812$ & $0.00459419$ & $0.0581387$ & $0.0182472$ & $-0.0416967$ & $-0.0586787$ & $0.0287926$ & $-0.0267519$ & $0.0165963$ & $-0.0346967$ & $-0.0354151$ & $0.0306671$ & $0.0230709$ & $-0.0169458$ & $0.0329913$ & $-0.0754933$ & $0.0109829$ & $-0.0281516$ & $-0.0176304$ & $0.0241968$ & $-0.0365002$ & $-0.0204425$ & $0.0159211$ & $-0.0194656$ \\
mHl & $-0.033589$ & $0.0285229$ & $0.0786622$ & $1$ & $-0.0305045$ & $-0.0482284$ & $-0.0447304$ & $-0.0487446$ & $-0.0486984$ & $0.0233607$ & $0.0340501$ & $0.000754711$ & $0.00482403$ & $-0.0321088$ & $-0.0283392$ & $0.0289275$ & $0.0692843$ & $0.0497959$ & $0.00753815$ & $-0.0326984$ & $-0.0335967$ & $-0.0363911$ & $0.0345368$ & $0.0483599$ & $0.0256356$ & $-0.0428707$ & $-0.0423492$ & $-0.0238473$ & $-0.0289959$ & $0.0558965$ & $0.0251334$ & $-0.0330492$ & $0.00805394$ & $0.0104639$ & $-0.0291135$ & $0.0526528$ & $-0.0536852$ & $0.0499132$ & $-0.049182$ & $-0.0168926$ & $0.0610643$ & $-0.0114249$ & $-0.00733869$ & $0.0101224$ & $0.0214942$ & $0.0300996$ & $0.13989$ & $-0.017371$ & $-0.0317061$ \\
Mz & $-0.0294481$ & $0.0205041$ & $0.0146244$ & $-0.0305045$ & $1$ & $0.0274998$ & $-0.0278051$ & $9.11509e-05$ & $-0.00862626$ & $-0.0328718$ & $0.0121881$ & $-0.00795307$ & $0.010865$ & $-0.0125933$ & $-0.0177633$ & $0.0385401$ & $-0.0126477$ & $0.00901753$ & $-0.0385071$ & $0.00628301$ & $-0.00414846$ & $-0.00402433$ & $0.0506835$ & $0.0265082$ & $0.0017381$ & $-0.0417439$ & $0.00912619$ & $0.0362417$ & $0.00545985$ & $0.0383163$ & $0.013664$ & $-0.0258746$ & $0.0317237$ & $0.0127991$ & $-0.0114092$ & $-0.000445902$ & $-0.0364425$ & $-0.0117231$ & $-0.00716405$ & $-0.0308877$ & $-0.0230832$ & $0.00189132$ & $-0.075483$ & $0.0322237$ & $-0.00100585$ & $-0.00906705$ & $0.0191442$ & $0.0108614$ & $0.0194573$ \\
CW & $-0.0526768$ & $0.0306188$ & $0.0142855$ & $-0.0482284$ & $0.0274998$ & $1$ & $0.0319333$ & $-0.12345$ & $-0.116646$ & $0.0315804$ & $0.184762$ & $0.0456393$ & $-0.0218309$ & $0.0116827$ & $-0.0584316$ & $-0.0361076$ & $-0.262812$ & $-0.064061$ & $-0.0935142$ & $-0.178342$ & $-0.193047$ & $-0.189184$ & $-0.0185631$ & $0.0010888$ & $-0.0960503$ & $0.113154$ & $-0.101717$ & $-0.0751257$ & $-0.00656755$ & $-0.0429443$ & $0.0144654$ & $0.0233009$ & $-0.0423793$ & $-0.131175$ & $-0.0454058$ & $0.0145822$ & $-0.0447864$ & $0.00791742$ & $0.0455424$ & $-0.0145608$ & $-0.0797462$ & $-0.0370501$ & $-0.0023075$ & $0.0123181$ & $-0.0350236$ & $-0.02022$ & $-0.030079$ & $0.0136933$ & $-0.0635639$ \\
CHG & $-0.000951914$ & $0.00217592$ & $0.0225632$ & $-0.0447304$ & $-0.0278051$ & $0.0319333$ & $1$ & $-0.0954927$ & $-0.0480374$ & $0.0722183$ & $0.0851565$ & $0.245788$ & $-0.259703$ & $-0.00239106$ & $-0.020993$ & $-0.0198385$ & $0.0149538$ & $0.0402482$ & $0.0296172$ & $-0.0800135$ & $-0.0889102$ & $-0.0925701$ & $-0.0534217$ & $0.0708359$ & $0.0266532$ & $0.0902695$ & $-0.0587744$ & $0.00162704$ & $-0.0218607$ & $-0.075201$ & $-0.0969877$ & $0.924736$ & $-0.093184$ & $-0.0601022$ & $-0.00932223$ & $-0.0811115$ & $0.0202252$ & $-0.00589072$ & $0.0129085$ & $0.0346524$ & $-0.0198423$ & $0.0152952$ & $-0.0254791$ & $-0.0122518$ & $-0.00861799$ & $-0.0417886$ & $-0.026921$ & $0.00289984$ & $0.0368566$ \\
CHWB & $0.104229$ & $-0.0976423$ & $-0.0289245$ & $-0.0487446$ & $9.11509e-05$ & $-0.12345$ & $-0.0954927$ & $1$ & $0.982756$ & $-0.575069$ & $-0.88445$ & $-0.386347$ & $0.288692$ & $0.124481$ & $0.316303$ & $0.27284$ & $-0.249545$ & $-0.444696$ & $-0.404526$ & $0.856359$ & $0.899576$ & $0.886721$ & $0.0334832$ & $-0.675295$ & $-0.423911$ & $-0.514429$ & $0.400714$ & $0.294835$ & $0.0170153$ & $0.0435344$ & $0.0392325$ & $-0.0977724$ & $0.0223069$ & $0.544502$ & $0.0335651$ & $-0.0228721$ & $0.0512468$ & $0.0121403$ & $0.0416675$ & $-0.0158365$ & $0.0234516$ & $0.0379523$ & $0.0222678$ & $-0.00172759$ & $-0.0340642$ & $0.0112302$ & $-0.0529241$ & $-0.0747984$ & $-0.0087896$ \\
CHWHB_gaga & $0.104938$ & $-0.100527$ & $-0.0248394$ & $-0.0486984$ & $-0.00862626$ & $-0.116646$ & $-0.0480374$ & $0.982756$ & $1$ & $-0.565938$ & $-0.862181$ & $-0.370236$ & $0.284497$ & $0.102565$ & $0.312648$ & $0.273859$ & $-0.256898$ & $-0.450908$ & $-0.416688$ & $0.835184$ & $0.875259$ & $0.864682$ & $0.0340131$ & $-0.666969$ & $-0.433308$ & $-0.504307$ & $0.387846$ & $0.289528$ & $0.0279461$ & $0.0689218$ & $0.0521928$ & $-0.0609181$ & $0.0473164$ & $0.535765$ & $0.0130755$ & $-0.0329746$ & $0.044183$ & $0.0233843$ & $0.0486005$ & $-0.0135933$ & $0.0304221$ & $0.0470199$ & $0.104153$ & $-0.00796467$ & $-0.0270403$ & $0.00797876$ & $-0.0653772$ & $-0.074957$ & $-0.00438446$ \\
CHWHB_gagaorth & $-0.0747744$ & $0.0308168$ & $0.044095$ & $0.0233607$ & $-0.0328718$ & $0.0315804$ & $0.0722183$ & $-0.575069$ & $-0.565938$ & $1$ & $0.35227$ & $0.477237$ & $-0.219353$ & $0.242265$ & $-0.10244$ & $-0.104075$ & $0.460118$ & $0.49771$ & $0.492523$ & $-0.338325$ & $-0.369224$ & $-0.37309$ & $-0.0466625$ & $0.575347$ & $0.505325$ & $0.234922$ & $-0.238646$ & $-0.10115$ & $-0.00716023$ & $-0.1191$ & $-0.0899965$ & $0.0997503$ & $-0.110681$ & $-0.374829$ & $0.0609457$ & $0.0238191$ & $0.00576472$ & $0.0180013$ & $0.0455298$ & $0.0476451$ & $-0.0501274$ & $-0.0628555$ & $-0.00927139$ & $-0.0365989$ & $0.0685643$ & $0.0588896$ & $0.0010112$ & $0.103174$ & $-0.0373467$ \\
CHD & $-0.116926$ & $0.0865222$ & $0.0388209$ & $0.0340501$ & $0.0121881$ & $0.184762$ & $0.0851565$ & $-0.88445$ & $-0.862181$ & $0.35227$ & $1$ & $0.295918$ & $-0.183309$ & $-0.523894$ & $-0.443354$ & $-0.38422$ & $-0.193632$ & $0.0918493$ & $0.0452685$ & $-0.990045$ & $-0.991177$ & $-0.970781$ & $0.0253119$ & $0.326497$ & $0.0550302$ & $0.564801$ & $-0.278495$ & $-0.306614$ & $-0.00113451$ & $-0.00814135$ & $-0.00728765$ & $0.098408$ & $0.000605791$ & $-0.34786$ & $-0.0315878$ & $0.0246958$ & $-0.0590084$ & $-0.0124598$ & $-0.0241603$ & $0.0163091$ & $-0.005273$ & $-0.017686$ & $-0.00594762$ & $0.013949$ & $-0.00563418$ & $-0.0621225$ & $0.0522444$ & $0.0696964$ & $0.0173025$ \\
CHbox & $-0.0727745$ & $0.0310876$ & $0.0913582$ & $0.000754711$ & $-0.00795307$ & $0.0456393$ & $0.245788$ & $-0.386347$ & $-0.370236$ & $0.477237$ & $0.295918$ & $1$ & $-0.893723$ & $0.0261751$ & $-0.109907$ & $-0.0768632$ & $0.203202$ & $0.248858$ & $0.2202$ & $-0.285868$ & $-0.303304$ & $-0.310715$ & $-0.05049$ & $0.307789$ & $0.237532$ & $0.203773$ & $-0.171261$ & $-0.0605085$ & $-0.0373677$ & $-0.0786374$ & $-0.075763$ & $0.254843$ & $-0.118074$ & $-0.214773$ & $0.0269939$ & $0.0391672$ & $-0.0565422$ & $0.0238598$ & $0.0116775$ & $0.0492841$ & $-0.0207263$ & $-0.0225889$ & $-0.0130186$ & $-0.0362288$ & $0.0491279$ & $-0.0075749$ & $0.0491663$ & $0.0728467$ & $-0.0314195$ \\
CH & $0.0409389$ & $-0.0151291$ & $-0.079103$ & $0.00482403$ & $0.010865$ & $-0.0218309$ & $-0.259703$ & $0.288692$ & $0.284497$ & $-0.219353$ & $-0.183309$ & $-0.893723$ & $1$ & $-0.101441$ & $0.10488$ & $0.0835379$ & $-0.235317$ & $-0.271445$ & $-0.253298$ & $0.182967$ & $0.185613$ & $0.19295$ & $0.044858$ & $-0.264776$ & $-0.256478$ & $-0.133017$ & $0.100311$ & $0.0352334$ & $0.0596816$ & $0.204371$ & $0.086852$ & $-0.214178$ & $0.247207$ & $0.140269$ & $0.0415224$ & $-0.00563863$ & $0.0489564$ & $-0.025477$ & $0.0123083$ & $-0.0393799$ & $0.00176887$ & $0.00392179$ & $0.0174009$ & $0.0241131$ & $-0.0251995$ & $0.0159164$ & $-0.0563904$ & $-0.0402937$ & $0.0238483$ \\
CHL1_11 & $0.0384908$ & $-0.0467284$ & $-0.0224159$ & $-0.0321088$ & $-0.0125933$ & $0.0116827$ & $-0.00239106$ & $0.124481$ & $0.102565$ & $0.242265$ & $-0.523894$ & $0.0261751$ & $-0.101441$ & $1$ & $0.303964$ & $0.275668$ & $0.627112$ & $0.563974$ & $0.576493$ & $0.542536$ & $0.483866$ & $0.467452$ & $-0.132474$ & $0.431852$ & $0.555118$ & $-0.260818$ & $-0.114451$ & $0.128374$ & $-0.0107193$ & $-0.0880155$ & $-0.0507148$ & $-0.0376328$ & $-0.07641$ & $-0.227018$ & $-0.00681604$ & $-0.0148845$ & $0.0299349$ & $-0.000696238$ & $0.0132776$ & $-0.021448$ & $-0.0509425$ & $-0.039499$ & $-0.0650538$ & $0.0141735$ & $0.0550572$ & $0.0932845$ & $-0.0464084$ & $-0.0115211$ & $-0.0449057$ \\
CHL1_22 & $0.0277161$ & $-0.0184828$ & $-0.038213$ & $-0.0283392$ & $-0.0177633$ & $-0.0584316$ & $-0.020993$ & $0.316303$ & $0.312648$ & $-0.10244$ & $-0.443354$ & $-0.109907$ & $0.10488$ & $0.303964$ & $1$ & $0.429692$ & $0.161823$ & $-0.449597$ & $-0.0169103$ & $0.502602$ & $0.361929$ & $0.339371$ & $-0.201526$ & $0.100986$ & $-0.140851$ & $-0.177994$ & $-0.38042$ & $0.12617$ & $0.0112974$ & $0.0461403$ & $0.00436864$ & $-0.0210766$ & $0.0364382$ & $-0.592039$ & $0.0122899$ & $0.005169$ & $0.0324345$ & $0.022543$ & $-0.013865$ & $0.00218994$ & $-0.0572763$ & $-0.0386978$ & $0.0561352$ & $-0.03349$ & $0.0102816$ & $0.0622114$ & $-0.00581968$ & $0.0206955$ & $-0.00459605$ \\
CHL1_33 & $-0.0606135$ & $-0.0290496$ & $-0.0150439$ & $0.0289275$ & $0.0385401$ & $-0.0361076$ & $-0.0198385$ & $0.27284$ & $0.273859$ & $-0.104075$ & $-0.38422$ & $-0.0768632$ & $0.0835379$ & $0.275668$ & $0.429692$ & $1$ & $0.127363$ & $-0.0208657$ & $-0.44622$ & $0.452706$ & $0.302754$ & $0.317378$ & $-0.19026$ & $0.122493$ & $-0.154672$ & $-0.181422$ & $-0.42506$ & $0.0845158$ & $-0.0274489$ & $0.0525771$ & $-0.0163364$ & $-0.00921559$ & $0.099546$ & $-0.112226$ & $0.0494227$ & $-0.0333576$ & $-0.0326158$ & $0.0251493$ & $-0.0131608$ & $0.026916$ & $0.0176186$ & $-0.0182885$ & $0.0102824$ & $-0.00277845$ & $0.0642952$ & $0.0517478$ & $-0.00968086$ & $-0.0135711$ & $0.0757815$ \\
CHL3_11 & $0.0201139$ & $0.000945532$ & $0.00832675$ & $0.0692843$ & $-0.0126477$ & $-0.262812$ & $0.0149538$ & $-0.249545$ & $-0.256898$ & $0.460118$ & $-0.193632$ & $0.203202$ & $-0.235317$ & $0.627112$ & $0.161823$ & $0.127363$ & $1$ & $0.727932$ & $0.744336$ & $0.213459$ & $0.166178$ & $0.148054$ & $-0.0531605$ & $0.672922$ & $0.783639$ & $-0.0994761$ & $-0.126699$ & $0.022598$ & $-0.0410828$ & $-0.0668814$ & $-0.074716$ & $0.000532537$ & $-0.0413825$ & $-0.255303$ & $0.00946665$ & $-0.0125224$ & $0.0321867$ & $0.00454895$ & $-0.0536308$ & $0.0138274$ & $-0.00766218$ & $-0.0291578$ & $-0.00733591$ & $-0.051118$ & $0.0764314$ & $0.0875301$ & $0.0204285$ & $0.00155007$ & $-0.0106083$ \\
CHL3_22 & $-0.0163076$ & $-0.00249867$ & $0.0243457$ & $0.0497959$ & $0.00901753$ & $-0.064061$ & $0.0402482$ & $-0.444696$ & $-0.450908$ & $0.49771$ & $0.0918493$ & $0.248858$ & $-0.271445$ & $0.563974$ & $-0.449597$ & $-0.0208657$ & $0.727932$ & $1$ & $0.659747$ & $-0.0908917$ & $-0.0853601$ & $-0.0814197$ & $0.0135758$ & $0.615191$ & $0.793451$ & $0.0309689$ & $-0.00581824$ & $-0.0656536$ & $-0.036721$ & $-0.0988916$ & $-0.0643777$ & $0.0185932$ & $-0.0633966$ & $0.0317119$ & $-0.00901851$ & $-0.0159517$ & $-0.00628181$ & $-0.0127384$ & $-0.0274318$ & $9.93371e-05$ & $0.00555564$ & $-0.0149435$ & $-0.0710204$ & $0.00220821$ & $0.0767489$ & $0.0542124$ & $0.00247976$ & $-0.0138094$ & $-0.00289302$ \\
CHL3_33 & $0.0494747$ & $0.00755785$ & $-0.000366519$ & $0.00753815$ & $-0.0385071$ & $-0.0935142$ & $0.0296172$ & $-0.404526$ & $-0.416688$ & $0.492523$ & $0.0452685$ & $0.2202$ & $-0.253298$ & $0.576493$ & $-0.0169103$ & $-0.44622$ & $0.744336$ & $0.659747$ & $1$ & $-0.0532884$ & $-0.0361412$ & $-0.0428559$ & $0.0100072$ & $0.587526$ & $0.800928$ & $0.0283792$ & $0.0426386$ & $-0.0232572$ & $-0.00270347$ & $-0.110195$ & $-0.0400549$ & $0.00494914$ & $-0.111212$ & $-0.330049$ & $-0.0306701$ & $0.00426663$ & $0.0425714$ & $-0.0115139$ & $-0.0248833$ & $-0.0209003$ & $-0.0404699$ & $-0.0311714$ & $-0.0369098$ & $-0.0232401$ & $0.0267295$ & $0.0543114$ & $0.0116577$ & $0.0217064$ & $-0.0628175$ \\
CHe_11 & $0.0987785$ & $-0.0597366$ & $-0.0296327$ & $-0.0326984$ & $0.00628301$ & $-0.178342$ & $-0.0800135$ & $0.856359$ & $0.835184$ & $-0.338325$ & $-0.990045$ & $-0.285868$ & $0.182967$ & $0.542536$ & $0.502602$ & $0.452706$ & $0.213459$ & $-0.0908917$ & $-0.0532884$ & $1$ & $0.972949$ & $0.952394$ & $-0.0484812$ & $-0.271857$ & $-0.0487158$ & $-0.556211$ & $0.204838$ & $0.300617$ & $-0.00337802$ & $0.0113026$ & $0.00835839$ & $-0.0932749$ & $0.00422467$ & $0.274087$ & $0.0307768$ & $-0.026642$ & $0.0583875$ & $0.0149224$ & $0.0161039$ & $-0.00800118$ & $-0.00176844$ & $0.0135416$ & $0.00655366$ & $-0.0187517$ & $0.0117243$ & $0.0771602$ & $-0.0481485$ & $-0.0696714$ & $-0.0122294$ \\
CHe_22 & $0.115465$ & $-0.0560676$ & $-0.0255624$ & $-0.0335967$ & $-0.00414846$ & $-0.193047$ & $-0.0889102$ & $0.899576$ & $0.875259$ & $-0.369224$ & $-0.991177$ & $-0.303304$ & $0.185613$ & $0.483866$ & $0.361929$ & $0.302754$ & $0.166178$ & $-0.0853601$ & $-0.0361412$ & $0.972949$ & $1$ & $0.977191$ & $0.00400178$ & $-0.378819$ & $-0.054331$ & $-0.566765$ & $0.362678$ & $0.309884$ & $0.00424307$ & $0.00145727$ & $0.00572454$ & $-0.10266$ & $-0.00950783$ & $0.433221$ & $0.0289505$ & $-0.0245775$ & $0.0656821$ & $0.00717007$ & $0.0262075$ & $-0.0156627$ & $0.00975004$ & $0.0238033$ & $-0.00287754$ & $-0.0122584$ & $-0.00304086$ & $0.0556071$ & $-0.0512764$ & $-0.0706462$ & $-0.0214881$ \\
CHe_33 & $0.108794$ & $-0.0551681$ & $-0.0351149$ & $-0.0363911$ & $-0.00402433$ & $-0.189184$ & $-0.0925701$ & $0.886721$ & $0.864682$ & $-0.37309$ & $-0.970781$ & $-0.310715$ & $0.19295$ & $0.467452$ & $0.339371$ & $0.317378$ & $0.148054$ & $-0.0814197$ & $-0.0428559$ & $0.952394$ & $0.977191$ & $1$ & $-0.00151521$ & $-0.382749$ & $-0.0599853$ & $-0.555599$ & $0.359603$ & $0.30831$ & $-0.0021365$ & $0.000403358$ & $0.0224974$ & $-0.103435$ & $0.00678158$ & $0.442116$ & $0.0311963$ & $-0.0287527$ & $0.0624724$ & $0.000906111$ & $0.0154854$ & $-0.0192258$ & $0.0194674$ & $0.0222943$ & $0.00351149$ & $-0.0129623$ & $-0.004564$ & $0.0494028$ & $-0.043326$ & $-0.0590033$ & $-0.00146772$ \\
CHQ1_11 & $0.0204852$ & $0.019922$ & $0.049341$ & $0.0345368$ & $0.0506835$ & $-0.0185631$ & $-0.0534217$ & $0.0334832$ & $0.0340131$ & $-0.0466625$ & $0.0253119$ & $-0.05049$ & $0.044858$ & $-0.132474$ & $-0.201526$ & $-0.19026$ & $-0.0531605$ & $0.0135758$ & $0.0100072$ & $-0.0484812$ & $0.00400178$ & $-0.00151521$ & $1$ & $-0.138373$ & $0.0901203$ & $-0.652625$ & $0.358463$ & $-0.06172$ & $0.022565$ & $0.0326925$ & $-0.0335988$ & $-0.0284261$ & $0.00639504$ & $0.214876$ & $-0.0329058$ & $-0.0206745$ & $0.0201341$ & $0.0453318$ & $1.28769e-05$ & $0.00327453$ & $0.00179858$ & $0.0291245$ & $0.0109033$ & $0.0467932$ & $-0.0290295$ & $-0.040644$ & $-0.0353786$ & $-0.0617974$ & $-0.0171461$ \\
CHQ1_33 & $-0.127544$ & $0.00157319$ & $0.0358575$ & $0.0483599$ & $0.0265082$ & $0.0010888$ & $0.0708359$ & $-0.675295$ & $-0.666969$ & $0.575347$ & $0.326497$ & $0.307789$ & $-0.264776$ & $0.431852$ & $0.100986$ & $0.122493$ & $0.672922$ & $0.615191$ & $0.587526$ & $-0.271857$ & $-0.378819$ & $-0.382749$ & $-0.138373$ & $1$ & $0.65234$ & $0.247443$ & $-0.400846$ & $-0.0455401$ & $-0.0301846$ & $-0.04939$ & $-0.0641959$ & $0.0645426$ & $-0.0125321$ & $-0.62993$ & $-0.0241389$ & $0.0202542$ & $-0.0165321$ & $0.00669815$ & $-0.0496994$ & $0.0175937$ & $-0.0647066$ & $-0.0604306$ & $0.00852322$ & $-0.0254525$ & $0.0627638$ & $0.0439329$ & $0.0146117$ & $0.0592995$ & $0.0144012$ \\
CHQ3_11 & $-0.0988558$ & $0.0319527$ & $0.00777697$ & $0.0256356$ & $0.0017381$ & $-0.0960503$ & $0.0266532$ & $-0.423911$ & $-0.433308$ & $0.505325$ & $0.0550302$ & $0.237532$ & $-0.256478$ & $0.555118$ & $-0.140851$ & $-0.154672$ & $0.783639$ & $0.793451$ & $0.800928$ & $-0.0487158$ & $-0.054331$ & $-0.0599853$ & $0.0901203$ & $0.65234$ & $1$ & $0.0374536$ & $0.213905$ & $-0.0565873$ & $-0.0227689$ & $-0.0979952$ & $-0.0562241$ & $0.0162194$ & $-0.0736118$ & $-0.205804$ & $0.00272001$ & $0.0125197$ & $0.0197642$ & $-0.0164862$ & $-0.0433868$ & $-0.00541845$ & $-0.0246405$ & $-0.017624$ & $-0.0508457$ & $0.00774682$ & $0.0457142$ & $0.0704505$ & $0.025459$ & $0.00273409$ & $-0.0198796$ \\
CHu_11 & $-0.124932$ & $0.0218132$ & $-0.0185812$ & $-0.0428707$ & $-0.0417439$ & $0.113154$ & $0.0902695$ & $-0.514429$ & $-0.504307$ & $0.234922$ & $0.564801$ & $0.203773$ & $-0.133017$ & $-0.260818$ & $-0.177994$ & $-0.181422$ & $-0.0994761$ & $0.0309689$ & $0.0283792$ & $-0.556211$ & $-0.566765$ & $-0.555599$ & $-0.652625$ & $0.247443$ & $0.0374536$ & $1$ & $-0.183976$ & $-0.121016$ & $-0.0143168$ & $-0.0384898$ & $0.0188846$ & $0.0934372$ & $-0.00623722$ & $-0.278788$ & $0.0364326$ & $0.0582543$ & $-0.0450041$ & $-0.0387727$ & $-0.016703$ & $0.00719512$ & $-0.0192925$ & $0.0121897$ & $0.0156194$ & $-0.0207689$ & $-0.0199955$ & $0.0175253$ & $0.0490136$ & $0.0826883$ & $0.0365572$ \\
CHd_11 & $0.0781516$ & $0.00647405$ & $0.00459419$ & $-0.0423492$ & $0.00912619$ & $-0.101717$ & $-0.0587744$ & $0.400714$ & $0.387846$ & $-0.238646$ & $-0.278495$ & $-0.171261$ & $0.100311$ & $-0.114451$ & $-0.38042$ & $-0.42506$ & $-0.126699$ & $-0.00581824$ & $0.0426386$ & $0.204838$ & $0.362678$ & $0.359603$ & $0.358463$ & $-0.400846$ & $0.213905$ & $-0.183976$ & $1$ & $0.0904022$ & $0.00976813$ & $-0.0223987$ & $0.0227644$ & $-0.0466039$ & $-0.0354131$ & $0.668972$ & $0.0233125$ & $0.0243039$ & $0.045719$ & $-0.0149639$ & $0.0172322$ & $-0.0256528$ & $0.0158377$ & $0.0683411$ & $-0.00058343$ & $0.0339227$ & $-0.0709726$ & $-0.0222208$ & $-0.0142108$ & $-0.0559375$ & $-0.0180676$ \\
CHd_33 & $0.0414706$ & $-0.0422657$ & $0.0581387$ & $-0.0238473$ & $0.0362417$ & $-0.0751257$ & $0.00162704$ & $0.294835$ & $0.289528$ & $-0.10115$ & $-0.306614$ & $-0.0605085$ & $0.0352334$ & $0.128374$ & $0.12617$ & $0.0845158$ & $0.022598$ & $-0.0656536$ & $-0.0232572$ & $0.300617$ & $0.309884$ & $0.30831$ & $-0.06172$ & $-0.0455401$ & $-0.0565873$ & $-0.121016$ & $0.0904022$ & $1$ & $0.0107757$ & $-0.0189174$ & $-0.0208084$ & $-0.00936301$ & $-0.0241316$ & $0.132848$ & $-0.00377237$ & $0.0195817$ & $0.0523867$ & $0.00342843$ & $0.0344602$ & $0.0268248$ & $-0.00519706$ & $-0.0106974$ & $-0.0010462$ & $-0.000206186$ & $0.00121627$ & $-0.0155029$ & $-0.0434369$ & $-0.0046836$ & $-0.0277843$ \\
CeH_22r & $-0.0275329$ & $-0.0881528$ & $0.0182472$ & $-0.0289959$ & $0.00545985$ & $-0.00656755$ & $-0.0218607$ & $0.0170153$ & $0.0279461$ & $-0.00716023$ & $-0.00113451$ & $-0.0373677$ & $0.0596816$ & $-0.0107193$ & $0.0112974$ & $-0.0274489$ & $-0.0410828$ & $-0.036721$ & $-0.00270347$ & $-0.00337802$ & $0.00424307$ & $-0.0021365$ & $0.022565$ & $-0.0301846$ & $-0.0227689$ & $-0.0143168$ & $0.00976813$ & $0.0107757$ & $1$ & $0.0502652$ & $0.0234059$ & $-0.046288$ & $0.0365288$ & $-0.0104926$ & $0.0469164$ & $0.0256782$ & $-0.080038$ & $0.00844978$ & $-0.0196124$ & $-0.0218589$ & $-0.0146589$ & $-0.0214174$ & $0.0486069$ & $-0.0218667$ & $0.0723999$ & $0.0104487$ & $-0.0566873$ & $-0.0279435$ & $-0.00293862$ \\
CeH_33r & $0.0128284$ & $-0.0368665$ & $-0.0416967$ & $0.0558965$ & $0.0383163$ & $-0.0429443$ & $-0.075201$ & $0.0435344$ & $0.0689218$ & $-0.1191$ & $-0.00814135$ & $-0.0786374$ & $0.204371$ & $-0.0880155$ & $0.0461403$ & $0.0525771$ & $-0.0668814$ & $-0.0988916$ & $-0.110195$ & $0.0113026$ & $0.00145727$ & $0.000403358$ & $0.0326925$ & $-0.04939$ & $-0.0979952$ & $-0.0384898$ & $-0.0223987$ & $-0.0189174$ & $0.0502652$ & $1$ & $0.269151$ & $0.0840879$ & $0.62818$ & $0.00160028$ & $-0.0433189$ & $0.0279637$ & $-0.161089$ & $-0.0371684$ & $-0.0547601$ & $-0.0813473$ & $-0.0121666$ & $-0.00981288$ & $0.0141336$ & $0.0235297$ & $0.108174$ & $-0.0761157$ & $0.00205242$ & $-0.0155997$ & $0.00327517$ \\
CuH_22r & $0.00661289$ & $-0.0338174$ & $-0.0586787$ & $0.0251334$ & $0.013664$ & $0.0144654$ & $-0.0969877$ & $0.0392325$ & $0.0521928$ & $-0.0899965$ & $-0.00728765$ & $-0.075763$ & $0.086852$ & $-0.0507148$ & $0.00436864$ & $-0.0163364$ & $-0.074716$ & $-0.0643777$ & $-0.0400549$ & $0.00835839$ & $0.00572454$ & $0.0224974$ & $-0.0335988$ & $-0.0641959$ & $-0.0562241$ & $0.0188846$ & $0.0227644$ & $-0.0208084$ & $0.0234059$ & $0.269151$ & $1$ & $-0.0112488$ & $0.281045$ & $0.0180361$ & $-0.0870527$ & $0.0611502$ & $-0.125148$ & $0.00781165$ & $0.0214307$ & $-0.0567589$ & $0.00868312$ & $0.0200981$ & $0.0855434$ & $0.0118141$ & $-0.0353429$ & $0.0241332$ & $0.393839$ & $0.033163$ & $-0.0508697$ \\
CuH_33r & $-0.0168956$ & $0.00772587$ & $0.0287926$ & $-0.0330492$ & $-0.0258746$ & $0.0233009$ & $0.924736$ & $-0.0977724$ & $-0.0609181$ & $0.0997503$ & $0.098408$ & $0.254843$ & $-0.214178$ & $-0.0376328$ & $-0.0210766$ & $-0.00921559$ & $0.000532537$ & $0.0185932$ & $0.00494914$ & $-0.0932749$ & $-0.10266$ & $-0.103435$ & $-0.0284261$ & $0.0645426$ & $0.0162194$ & $0.0934372$ & $-0.0466039$ & $-0.00936301$ & $-0.046288$ & $0.0840879$ & $-0.0112488$ & $1$ & $0.089575$ & $-0.0567021$ & $0.0748748$ & $-0.0273175$ & $-0.015103$ & $-0.0317357$ & $0.0252898$ & $0.0261824$ & $-0.0197181$ & $0.0132626$ & $-0.0307404$ & $-0.0114495$ & $-0.013981$ & $-0.0415282$ & $-0.0120642$ & $0.0227788$ & $0.0233971$ \\
CdH_33r & $-0.0130008$ & $-0.0138334$ & $-0.0267519$ & $0.00805394$ & $0.0317237$ & $-0.0423793$ & $-0.093184$ & $0.0223069$ & $0.0473164$ & $-0.110681$ & $0.000605791$ & $-0.118074$ & $0.247207$ & $-0.07641$ & $0.0364382$ & $0.099546$ & $-0.0413825$ & $-0.0633966$ & $-0.111212$ & $0.00422467$ & $-0.00950783$ & $0.00678158$ & $0.00639504$ & $-0.0125321$ & $-0.0736118$ & $-0.00623722$ & $-0.0354131$ & $-0.0241316$ & $0.0365288$ & $0.62818$ & $0.281045$ & $0.089575$ & $1$ & $0.00142113$ & $-0.0536547$ & $0.0261351$ & $-0.213506$ & $-0.0612444$ & $-0.0380573$ & $-0.0788835$ & $0.0104133$ & $0.0164784$ & $0.0163485$ & $0.0114813$ & $0.0714168$ & $-0.0667004$ & $0.00384393$ & $0.154504$ & $0.520452$ \\
CLL_1221 & $0.0638587$ & $0.00500345$ & $0.0165963$ & $0.0104639$ & $0.0127991$ & $-0.131175$ & $-0.0601022$ & $0.544502$ & $0.535765$ & $-0.374829$ & $-0.34786$ & $-0.214773$ & $0.140269$ & $-0.227018$ & $-0.592039$ & $-0.112226$ & $-0.255303$ & $0.0317119$ & $-0.330049$ & $0.274087$ & $0.433221$ & $0.442116$ & $0.214876$ & $-0.62993$ & $-0.205804$ & $-0.278788$ & $0.668972$ & $0.132848$ & $-0.0104926$ & $0.00160028$ & $0.0180361$ & $-0.0567021$ & $0.00142113$ & $1$ & $0.0273766$ & $-0.0251034$ & $0.0279149$ & $-0.00842608$ & $0.0332669$ & $-0.00185625$ & $0.0831622$ & $0.0657089$ & $-0.0171164$ & $0.0166568$ & $-0.0295241$ & $-0.0425347$ & $-0.0240867$ & $-0.0821972$ & $0.0109481$ \\
eHggint & $-0.042297$ & $-0.016593$ & $-0.0346967$ & $-0.0291135$ & $-0.0114092$ & $-0.0454058$ & $-0.00932223$ & $0.0335651$ & $0.0130755$ & $0.0609457$ & $-0.0315878$ & $0.0269939$ & $0.0415224$ & $-0.00681604$ & $0.0122899$ & $0.0494227$ & $0.00946665$ & $-0.00901851$ & $-0.0306701$ & $0.0307768$ & $0.0289505$ & $0.0311963$ & $-0.0329058$ & $-0.0241389$ & $0.00272001$ & $0.0364326$ & $0.0233125$ & $-0.00377237$ & $0.0469164$ & $-0.0433189$ & $-0.0870527$ & $0.0748748$ & $-0.0536547$ & $0.0273766$ & $1$ & $-0.02648$ & $0.0232387$ & $-0.0249004$ & $0.0630686$ & $-0.0252077$ & $-0.00267813$ & $0.000802973$ & $0.028802$ & $0.012815$ & $0.0187719$ & $-0.00107337$ & $-0.0614084$ & $0.0168307$ & $-0.0376005$ \\
eHggpar & $-0.0138758$ & $0.0533961$ & $-0.0354151$ & $0.0526528$ & $-0.000445902$ & $0.0145822$ & $-0.0811115$ & $-0.0228721$ & $-0.0329746$ & $0.0238191$ & $0.0246958$ & $0.0391672$ & $-0.00563863$ & $-0.0148845$ & $0.005169$ & $-0.0333576$ & $-0.0125224$ & $-0.0159517$ & $0.00426663$ & $-0.026642$ & $-0.0245775$ & $-0.0287527$ & $-0.0206745$ & $0.0202542$ & $0.0125197$ & $0.0582543$ & $0.0243039$ & $0.0195817$ & $0.0256782$ & $0.0279637$ & $0.0611502$ & $-0.0273175$ & $0.0261351$ & $-0.0251034$ & $-0.02648$ & $1$ & $0.0199427$ & $0.0174034$ & $0.0203325$ & $-0.0122504$ & $-0.0428966$ & $-0.042929$ & $0.0231596$ & $0.0243498$ & $0.0453304$ & $0.0933772$ & $0.0221849$ & $0.0477009$ & $-0.00147542$ \\
eHWWint & $-0.0257589$ & $0.0294312$ & $0.0306671$ & $-0.0536852$ & $-0.0364425$ & $-0.0447864$ & $0.0202252$ & $0.0512468$ & $0.044183$ & $0.00576472$ & $-0.0590084$ & $-0.0565422$ & $0.0489564$ & $0.0299349$ & $0.0324345$ & $-0.0326158$ & $0.0321867$ & $-0.00628181$ & $0.0425714$ & $0.0583875$ & $0.0656821$ & $0.0624724$ & $0.0201341$ & $-0.0165321$ & $0.0197642$ & $-0.0450041$ & $0.045719$ & $0.0523867$ & $-0.080038$ & $-0.161089$ & $-0.125148$ & $-0.015103$ & $-0.213506$ & $0.0279149$ & $0.0232387$ & $0.0199427$ & $1$ & $-0.0553323$ & $0.0158601$ & $0.0382968$ & $0.0153742$ & $-0.0589288$ & $-0.0157582$ & $-0.0338684$ & $-0.00913048$ & $0.0414122$ & $-0.0936585$ & $-0.0769943$ & $0.0127774$ \\
eHWWpar & $-0.0167197$ & $-0.0375222$ & $0.0230709$ & $0.0499132$ & $-0.0117231$ & $0.00791742$ & $-0.00589072$ & $0.0121403$ & $0.0233843$ & $0.0180013$ & $-0.0124598$ & $0.0238598$ & $-0.025477$ & $-0.000696238$ & $0.022543$ & $0.0251493$ & $0.00454895$ & $-0.0127384$ & $-0.0115139$ & $0.0149224$ & $0.00717007$ & $0.000906111$ & $0.0453318$ & $0.00669815$ & $-0.0164862$ & $-0.0387727$ & $-0.0149639$ & $0.00342843$ & $0.00844978$ & $-0.0371684$ & $0.00781165$ & $-0.0317357$ & $-0.0612444$ & $-0.00842608$ & $-0.0249004$ & $0.0174034$ & $-0.0553323$ & $1$ & $0.038754$ & $0.000791271$ & $0.0604281$ & $-0.015226$ & $0.0235269$ & $-0.020869$ & $0.043328$ & $-0.0219457$ & $-0.0269424$ & $-0.0541617$ & $0.0155761$ \\
eHZZint & $0.00353597$ & $0.00953935$ & $-0.0169458$ & $-0.049182$ & $-0.00716405$ & $0.0455424$ & $0.0129085$ & $0.0416675$ & $0.0486005$ & $0.0455298$ & $-0.0241603$ & $0.0116775$ & $0.0123083$ & $0.0132776$ & $-0.013865$ & $-0.0131608$ & $-0.0536308$ & $-0.0274318$ & $-0.0248833$ & $0.0161039$ & $0.0262075$ & $0.0154854$ & $1.28769e-05$ & $-0.0496994$ & $-0.0433868$ & $-0.016703$ & $0.0172322$ & $0.0344602$ & $-0.0196124$ & $-0.0547601$ & $0.0214307$ & $0.0252898$ & $-0.0380573$ & $0.0332669$ & $0.0630686$ & $0.0203325$ & $0.0158601$ & $0.038754$ & $1$ & $0.00483939$ & $-0.0213944$ & $-0.0221442$ & $0.0113264$ & $-0.00555724$ & $-0.0726188$ & $-0.0503256$ & $-0.00558982$ & $0.0455154$ & $-0.0261026$ \\
eHZZpar & $-0.0337408$ & $0.0457996$ & $0.0329913$ & $-0.0168926$ & $-0.0308877$ & $-0.0145608$ & $0.0346524$ & $-0.0158365$ & $-0.0135933$ & $0.0476451$ & $0.0163091$ & $0.0492841$ & $-0.0393799$ & $-0.021448$ & $0.00218994$ & $0.026916$ & $0.0138274$ & $9.93371e-05$ & $-0.0209003$ & $-0.00800118$ & $-0.0156627$ & $-0.0192258$ & $0.00327453$ & $0.0175937$ & $-0.00541845$ & $0.00719512$ & $-0.0256528$ & $0.0268248$ & $-0.0218589$ & $-0.0813473$ & $-0.0567589$ & $0.0261824$ & $-0.0788835$ & $-0.00185625$ & $-0.0252077$ & $-0.0122504$ & $0.0382968$ & $0.000791271$ & $0.00483939$ & $1$ & $0.028013$ & $0.0118235$ & $0.031091$ & $-0.0745206$ & $-0.00690907$ & $0.0300035$ & $-0.00707807$ & $0.0158332$ & $-0.0156848$ \\
eHZgaint & $0.0017098$ & $-0.016012$ & $-0.0754933$ & $0.0610643$ & $-0.0230832$ & $-0.0797462$ & $-0.0198423$ & $0.0234516$ & $0.0304221$ & $-0.0501274$ & $-0.005273$ & $-0.0207263$ & $0.00176887$ & $-0.0509425$ & $-0.0572763$ & $0.0176186$ & $-0.00766218$ & $0.00555564$ & $-0.0404699$ & $-0.00176844$ & $0.00975004$ & $0.0194674$ & $0.00179858$ & $-0.0647066$ & $-0.0246405$ & $-0.0192925$ & $0.0158377$ & $-0.00519706$ & $-0.0146589$ & $-0.0121666$ & $0.00868312$ & $-0.0197181$ & $0.0104133$ & $0.0831622$ & $-0.00267813$ & $-0.0428966$ & $0.0153742$ & $0.0604281$ & $-0.0213944$ & $0.028013$ & $1$ & $-0.0320942$ & $0.0610497$ & $0.0122402$ & $0.0628753$ & $-0.0563771$ & $0.0539183$ & $-0.00851646$ & $0.0184966$ \\
eHZgapar & $0.0215625$ & $-0.00955389$ & $0.0109829$ & $-0.0114249$ & $0.00189132$ & $-0.0370501$ & $0.0152952$ & $0.0379523$ & $0.0470199$ & $-0.0628555$ & $-0.017686$ & $-0.0225889$ & $0.00392179$ & $-0.039499$ & $-0.0386978$ & $-0.0182885$ & $-0.0291578$ & $-0.0149435$ & $-0.0311714$ & $0.0135416$ & $0.0238033$ & $0.0222943$ & $0.0291245$ & $-0.0604306$ & $-0.017624$ & $0.0121897$ & $0.0683411$ & $-0.0106974$ & $-0.0214174$ & $-0.00981288$ & $0.0200981$ & $0.0132626$ & $0.0164784$ & $0.0657089$ & $0.000802973$ & $-0.042929$ & $-0.0589288$ & $-0.015226$ & $-0.0221442$ & $0.0118235$ & $-0.0320942$ & $1$ & $0.0222636$ & $0.0664784$ & $-0.00214743$ & $-0.0333587$ & $0.0240313$ & $-0.0213447$ & $0.0314294$ \\
eHgagaint & $0.00259153$ & $-0.076813$ & $-0.0281516$ & $-0.00733869$ & $-0.075483$ & $-0.0023075$ & $-0.0254791$ & $0.0222678$ & $0.104153$ & $-0.00927139$ & $-0.00594762$ & $-0.0130186$ & $0.0174009$ & $-0.0650538$ & $0.0561352$ & $0.0102824$ & $-0.00733591$ & $-0.0710204$ & $-0.0369098$ & $0.00655366$ & $-0.00287754$ & $0.00351149$ & $0.0109033$ & $0.00852322$ & $-0.0508457$ & $0.0156194$ & $-0.00058343$ & $-0.0010462$ & $0.0486069$ & $0.0141336$ & $0.0855434$ & $-0.0307404$ & $0.0163485$ & $-0.0171164$ & $0.028802$ & $0.0231596$ & $-0.0157582$ & $0.0235269$ & $0.0113264$ & $0.031091$ & $0.0610497$ & $0.0222636$ & $1$ & $-0.122045$ & $-0.0143806$ & $-0.00133459$ & $-0.0219494$ & $-0.0379484$ & $0.0137354$ \\
eHmumuint & $-0.00437452$ & $0.0557803$ & $-0.0176304$ & $0.0101224$ & $0.0322237$ & $0.0123181$ & $-0.0122518$ & $-0.00172759$ & $-0.00796467$ & $-0.0365989$ & $0.013949$ & $-0.0362288$ & $0.0241131$ & $0.0141735$ & $-0.03349$ & $-0.00277845$ & $-0.051118$ & $0.00220821$ & $-0.0232401$ & $-0.0187517$ & $-0.0122584$ & $-0.0129623$ & $0.0467932$ & $-0.0254525$ & $0.00774682$ & $-0.0207689$ & $0.0339227$ & $-0.000206186$ & $-0.0218667$ & $0.0235297$ & $0.0118141$ & $-0.0114495$ & $0.0114813$ & $0.0166568$ & $0.012815$ & $0.0243498$ & $-0.0338684$ & $-0.020869$ & $-0.00555724$ & $-0.0745206$ & $0.0122402$ & $0.0664784$ & $-0.122045$ & $1$ & $0.0381491$ & $-0.0466051$ & $0.00195324$ & $-0.0184909$ & $0.00934982$ \\
eHtautauint & $-0.00284264$ & $-0.0211655$ & $0.0241968$ & $0.0214942$ & $-0.00100585$ & $-0.0350236$ & $-0.00861799$ & $-0.0340642$ & $-0.0270403$ & $0.0685643$ & $-0.00563418$ & $0.0491279$ & $-0.0251995$ & $0.0550572$ & $0.0102816$ & $0.0642952$ & $0.0764314$ & $0.0767489$ & $0.0267295$ & $0.0117243$ & $-0.00304086$ & $-0.004564$ & $-0.0290295$ & $0.0627638$ & $0.0457142$ & $-0.0199955$ & $-0.0709726$ & $0.00121627$ & $0.0723999$ & $0.108174$ & $-0.0353429$ & $-0.013981$ & $0.0714168$ & $-0.0295241$ & $0.0187719$ & $0.0453304$ & $-0.00913048$ & $0.043328$ & $-0.0726188$ & $-0.00690907$ & $0.0628753$ & $-0.00214743$ & $-0.0143806$ & $0.0381491$ & $1$ & $0.00657226$ & $-0.058538$ & $0.00241698$ & $0.0895277$ \\
eHccint & $-0.0344452$ & $0.040097$ & $-0.0365002$ & $0.0300996$ & $-0.00906705$ & $-0.02022$ & $-0.0417886$ & $0.0112302$ & $0.00797876$ & $0.0588896$ & $-0.0621225$ & $-0.0075749$ & $0.0159164$ & $0.0932845$ & $0.0622114$ & $0.0517478$ & $0.0875301$ & $0.0542124$ & $0.0543114$ & $0.0771602$ & $0.0556071$ & $0.0494028$ & $-0.040644$ & $0.0439329$ & $0.0704505$ & $0.0175253$ & $-0.0222208$ & $-0.0155029$ & $0.0104487$ & $-0.0761157$ & $0.0241332$ & $-0.0415282$ & $-0.0667004$ & $-0.0425347$ & $-0.00107337$ & $0.0933772$ & $0.0414122$ & $-0.0219457$ & $-0.0503256$ & $0.0300035$ & $-0.0563771$ & $-0.0333587$ & $-0.00133459$ & $-0.0466051$ & $0.00657226$ & $1$ & $0.00665564$ & $-0.0191276$ & $-0.0557925$ \\
eHccpar & $-0.0155444$ & $0.0671212$ & $-0.0204425$ & $0.13989$ & $0.0191442$ & $-0.030079$ & $-0.026921$ & $-0.0529241$ & $-0.0653772$ & $0.0010112$ & $0.0522444$ & $0.0491663$ & $-0.0563904$ & $-0.0464084$ & $-0.00581968$ & $-0.00968086$ & $0.0204285$ & $0.00247976$ & $0.0116577$ & $-0.0481485$ & $-0.0512764$ & $-0.043326$ & $-0.0353786$ & $0.0146117$ & $0.025459$ & $0.0490136$ & $-0.0142108$ & $-0.0434369$ & $-0.0566873$ & $0.00205242$ & $0.393839$ & $-0.0120642$ & $0.00384393$ & $-0.0240867$ & $-0.0614084$ & $0.0221849$ & $-0.0936585$ & $-0.0269424$ & $-0.00558982$ & $-0.00707807$ & $0.0539183$ & $0.0240313$ & $-0.0219494$ & $0.00195324$ & $-0.058538$ & $0.00665564$ & $1$ & $0.0771916$ & $-0.0526637$ \\
eHbbint & $0.0018166$ & $0.0850312$ & $0.0159211$ & $-0.017371$ & $0.0108614$ & $0.0136933$ & $0.00289984$ & $-0.0747984$ & $-0.074957$ & $0.103174$ & $0.0696964$ & $0.0728467$ & $-0.0402937$ & $-0.0115211$ & $0.0206955$ & $-0.0135711$ & $0.00155007$ & $-0.0138094$ & $0.0217064$ & $-0.0696714$ & $-0.0706462$ & $-0.0590033$ & $-0.0617974$ & $0.0592995$ & $0.00273409$ & $0.0826883$ & $-0.0559375$ & $-0.0046836$ & $-0.0279435$ & $-0.0155997$ & $0.033163$ & $0.0227788$ & $0.154504$ & $-0.0821972$ & $0.0168307$ & $0.0477009$ & $-0.0769943$ & $-0.0541617$ & $0.0455154$ & $0.0158332$ & $-0.00851646$ & $-0.0213447$ & $-0.0379484$ & $-0.0184909$ & $0.00241698$ & $-0.0191276$ & $0.0771916$ & $1$ & $0.0340843$ \\
eHbbpar & $-0.0279995$ & $-0.00560846$ & $-0.0194656$ & $-0.0317061$ & $0.0194573$ & $-0.0635639$ & $0.0368566$ & $-0.0087896$ & $-0.00438446$ & $-0.0373467$ & $0.0173025$ & $-0.0314195$ & $0.0238483$ & $-0.0449057$ & $-0.00459605$ & $0.0757815$ & $-0.0106083$ & $-0.00289302$ & $-0.0628175$ & $-0.0122294$ & $-0.0214881$ & $-0.00146772$ & $-0.0171461$ & $0.0144012$ & $-0.0198796$ & $0.0365572$ & $-0.0180676$ & $-0.0277843$ & $-0.00293862$ & $0.00327517$ & $-0.0508697$ & $0.0233971$ & $0.520452$ & $0.0109481$ & $-0.0376005$ & $-0.00147542$ & $0.0127774$ & $0.0155761$ & $-0.0261026$ & $-0.0156848$ & $0.0184966$ & $0.0314294$ & $0.0137354$ & $0.00934982$ & $0.0895277$ & $-0.0557925$ & $-0.0526637$ & $0.0340843$ & $1$ \\
