 & AlsMz & dAle5Mz & mtop & mHl & Mz & CW & CHG & CHWB & CHWHB_gaga & CHWHB_gagaorth & CHD & CHbox & CH & CHL1_11 & CHL1_22 & CHL1_33 & CHL3_11 & CHL3_22 & CHL3_33 & CHe_11 & CHe_22 & CHe_33 & CHQ1_11 & CHQ1_33 & CHQ3_11 & CHu_11 & CHd_11 & CHd_33 & CeH_22r & CeH_33r & CuH_22r & CuH_33r & CdH_33r & CLL_1221 & eHggint & eHggpar & eHWWint & eHWWpar & eHZZint & eHZZpar & eHZgaint & eHZgapar & eHgagaint & eHmumuint & eHtautauint & eHccint & eHccpar & eHbbint & eHbbpar \\
AlsMz & $1$ & $0.113088$ & $-0.159915$ & $0.0429585$ & $0.0117904$ & $-0.0295771$ & $0.0026423$ & $-0.0329246$ & $-0.0339064$ & $0.0391286$ & $0.000598159$ & $-0.0121334$ & $-0.0433046$ & $0.0330477$ & $-0.0869711$ & $-0.0411442$ & $0.0655795$ & $0.0996057$ & $0.0686547$ & $-0.0178186$ & $-7.70128e-06$ & $0.000538759$ & $0.0166915$ & $-0.00770399$ & $0.0124312$ & $-0.00745488$ & $0.0732292$ & $0.00719206$ & $0.0072711$ & $0.0110032$ & $0.0413698$ & $-0.00999121$ & $-0.0296194$ & $0.060427$ & $0.0034022$ & $-0.00970933$ & $-0.00419534$ & $0.0231064$ & $0.0968847$ & $0.00187831$ & $-0.109739$ & $-0.0367312$ & $-0.020554$ & $0.163446$ & $0.0175282$ & $0.00849139$ & $0.0984336$ & $0.0203224$ & $-0.0539077$ \\
dAle5Mz & $0.113088$ & $1$ & $0.131796$ & $-0.0928882$ & $0.00180197$ & $-0.0317516$ & $0.00940176$ & $-0.0786026$ & $-0.0759954$ & $0.0336763$ & $0.0438172$ & $0.017048$ & $-0.0467311$ & $0.0221313$ & $-0.0225416$ & $-0.0345171$ & $0.0591689$ & $0.0552118$ & $0.0634738$ & $-0.0289588$ & $-0.0235495$ & $-0.0335298$ & $-0.0099303$ & $0.0433374$ & $0.0405016$ & $0.0111825$ & $-0.0129144$ & $-0.0171727$ & $-0.0129504$ & $-0.0287706$ & $0.0653768$ & $0.00235753$ & $-0.0536583$ & $0.00594348$ & $0.152628$ & $-0.0534765$ & $0.0291127$ & $0.00462776$ & $0.104619$ & $-0.0240278$ & $0.12358$ & $0.0132708$ & $-0.0138803$ & $0.107053$ & $-0.0891107$ & $-0.0601898$ & $0.259122$ & $-0.210212$ & $0.00123212$ \\
mtop & $-0.159915$ & $0.131796$ & $1$ & $-0.152305$ & $-0.0224269$ & $-0.0370268$ & $0.00239126$ & $0.00580919$ & $-0.0034854$ & $-0.00673967$ & $-0.0193279$ & $-0.0189831$ & $-0.0317548$ & $0.0230014$ & $0.0383849$ & $0.0358986$ & $0.0433997$ & $0.0101368$ & $0.0120423$ & $0.0343941$ & $0.0254895$ & $0.02875$ & $-0.00022102$ & $0.0493531$ & $0.0574457$ & $0.0042222$ & $0.0230516$ & $0.0125256$ & $-0.0578589$ & $0.00429727$ & $0.0460713$ & $-0.0122768$ & $-0.0472516$ & $-0.0138115$ & $-0.0878003$ & $-0.0349058$ & $-0.0798518$ & $-0.0181518$ & $-0.147744$ & $0.00552731$ & $0.148935$ & $0.00337292$ & $-0.14005$ & $-0.0693849$ & $0.0552861$ & $0.344$ & $0.0791474$ & $-0.0365917$ & $-0.0975966$ \\
mHl & $0.0429585$ & $-0.0928882$ & $-0.152305$ & $1$ & $0.0065045$ & $-0.0095894$ & $0.0041759$ & $0.0240164$ & $0.0226106$ & $0.0250822$ & $-0.0363723$ & $0.0032536$ & $0.0111487$ & $0.0389138$ & $-0.00858838$ & $0.0356706$ & $0.0161978$ & $0.0291739$ & $-0.00910095$ & $0.0309648$ & $0.0319912$ & $0.0202931$ & $-0.0276693$ & $0.00724237$ & $-0.00750576$ & $0.00356696$ & $-0.0102231$ & $0.0110626$ & $0.0089717$ & $-0.00954597$ & $-0.0119638$ & $0.0220375$ & $0.0737656$ & $0.0216957$ & $-0.00692822$ & $0.0947499$ & $0.184365$ & $-0.0884105$ & $0.206558$ & $0.0193521$ & $-0.0812137$ & $0.0410621$ & $0.0780629$ & $0.0140003$ & $-0.0981284$ & $-0.131144$ & $0.045224$ & $0.29075$ & $0.123054$ \\
Mz & $0.0117904$ & $0.00180197$ & $-0.0224269$ & $0.0065045$ & $1$ & $0.0351982$ & $0.00880303$ & $-0.00178802$ & $-0.00374155$ & $-0.00503119$ & $0.0235032$ & $0.00859798$ & $0.0255458$ & $-0.0174548$ & $-0.00912056$ & $-0.0102364$ & $-0.0346288$ & $-0.0190619$ & $-0.0213478$ & $-0.0133137$ & $-0.0133355$ & $-0.0129318$ & $0.00939895$ & $-0.0139031$ & $-0.0309414$ & $0.00810889$ & $-0.00378246$ & $-0.032049$ & $0.0190255$ & $-0.00234013$ & $0.0117847$ & $0.0004691$ & $-0.0345027$ & $-0.00125924$ & $-0.00444537$ & $-0.00674421$ & $0.0191973$ & $0.0093795$ & $-0.00331198$ & $0.0055248$ & $-0.0100369$ & $-0.0107629$ & $0.00642814$ & $0.00757877$ & $0.00951717$ & $-0.0289123$ & $-0.000509404$ & $0.0059268$ & $-0.0244186$ \\
CW & $-0.0295771$ & $-0.0317516$ & $-0.0370268$ & $-0.0095894$ & $0.0351982$ & $1$ & $0.0329836$ & $-0.129853$ & $-0.1272$ & $0.0176946$ & $0.193531$ & $0.0522394$ & $-0.00799375$ & $0.00989697$ & $-0.0944238$ & $-0.0892475$ & $-0.250973$ & $-0.0424603$ & $-0.0489101$ & $-0.19324$ & $-0.19634$ & $-0.191272$ & $-0.0340607$ & $0.00738732$ & $-0.0837886$ & $0.129633$ & $-0.0703803$ & $-0.0470577$ & $-0.0152243$ & $-0.0150793$ & $-0.0177283$ & $0.0321987$ & $-0.0193145$ & $-0.109495$ & $-0.00337081$ & $-0.00903137$ & $-0.0206821$ & $-0.0387403$ & $-0.0106362$ & $-0.0210585$ & $-0.0194472$ & $0.00342757$ & $-0.0110548$ & $0.00417643$ & $0.00217198$ & $-0.0145321$ & $0.0026031$ & $-0.0164679$ & $0.0173385$ \\
CHG & $0.0026423$ & $0.00940176$ & $0.00239126$ & $0.0041759$ & $0.00880303$ & $0.0329836$ & $1$ & $-0.111324$ & $-0.0518764$ & $0.0839732$ & $0.0746433$ & $-0.0446001$ & $-0.28637$ & $0.0311357$ & $-0.0221971$ & $-0.024503$ & $0.0802585$ & $0.0829566$ & $0.0874104$ & $-0.0732901$ & $-0.0783025$ & $-0.0697686$ & $0.00149391$ & $0.0997669$ & $0.0845034$ & $0.0288458$ & $-0.0482868$ & $-0.0162475$ & $0.000291385$ & $-0.154861$ & $-0.0837321$ & $0.934501$ & $-0.192779$ & $-0.0648896$ & $-0.0511219$ & $-0.0339335$ & $0.0544358$ & $-0.0289768$ & $-0.0140085$ & $0.0226868$ & $0.0243334$ & $0.0139462$ & $0.0594826$ & $0.0151406$ & $-0.00696833$ & $0.0310983$ & $0.0193988$ & $-0.0188473$ & $-0.0333226$ \\
CHWB & $-0.0329246$ & $-0.0786026$ & $0.00580919$ & $0.0240164$ & $-0.00178802$ & $-0.129853$ & $-0.111324$ & $1$ & $0.982891$ & $-0.580994$ & $-0.869972$ & $-0.224564$ & $0.37219$ & $0.0536981$ & $0.312037$ & $0.318764$ & $-0.254873$ & $-0.464816$ & $-0.460447$ & $0.839969$ & $0.888726$ & $0.873971$ & $0.0667213$ & $-0.675817$ & $-0.430561$ & $-0.505566$ & $0.403479$ & $0.261289$ & $0.0381519$ & $0.108624$ & $0.114052$ & $-0.0927895$ & $0.10679$ & $0.545389$ & $0.0472326$ & $-0.00148541$ & $-0.017156$ & $-0.0114669$ & $-0.0433754$ & $0.0507079$ & $0.0571445$ & $-0.0282899$ & $-0.0245056$ & $-0.0226794$ & $-0.016839$ & $0.0163279$ & $0.0172604$ & $0.00211095$ & $-0.0426177$ \\
CHWHB_gaga & $-0.0339064$ & $-0.0759954$ & $-0.0034854$ & $0.0226106$ & $-0.00374155$ & $-0.1272$ & $-0.0518764$ & $0.982891$ & $1$ & $-0.569366$ & $-0.852469$ & $-0.200828$ & $0.368207$ & $0.0459285$ & $0.308686$ & $0.315442$ & $-0.256231$ & $-0.463033$ & $-0.458876$ & $0.823842$ & $0.870322$ & $0.856341$ & $0.0662896$ & $-0.666524$ & $-0.430062$ & $-0.496455$ & $0.393005$ & $0.255938$ & $0.0443229$ & $0.130966$ & $0.125242$ & $-0.0416341$ & $0.122339$ & $0.534354$ & $0.0360041$ & $-0.0164536$ & $-0.0117478$ & $-0.0135799$ & $-0.0304619$ & $0.0583818$ & $0.0637516$ & $-0.026302$ & $0.0339352$ & $-0.0273002$ & $-0.0193877$ & $0.0111899$ & $0.0159395$ & $0.00352353$ & $-0.0580659$ \\
CHWHB_gagaorth & $0.0391286$ & $0.0336763$ & $-0.00673967$ & $0.0250822$ & $-0.00503119$ & $0.0176946$ & $0.0839732$ & $-0.580994$ & $-0.569366$ & $1$ & $0.353272$ & $0.59966$ & $-0.283353$ & $0.254785$ & $-0.116784$ & $-0.1534$ & $0.448585$ & $0.499155$ & $0.519232$ & $-0.339752$ & $-0.371347$ & $-0.372651$ & $-0.0723168$ & $0.567582$ & $0.500857$ & $0.219892$ & $-0.232774$ & $-0.120089$ & $-0.00824514$ & $-0.112883$ & $-0.0760293$ & $0.0950112$ & $-0.1137$ & $-0.359934$ & $-0.0336557$ & $0.0465284$ & $0.0124445$ & $-0.00513831$ & $0.034589$ & $-0.0250711$ & $-0.0488716$ & $-0.00883432$ & $-0.00545876$ & $0.0168032$ & $0.0305407$ & $0.00563778$ & $-0.000362087$ & $0.00295366$ & $0.0198811$ \\
CHD & $0.000598159$ & $0.0438172$ & $-0.0193279$ & $-0.0363723$ & $0.0235032$ & $0.193531$ & $0.0746433$ & $-0.869972$ & $-0.852469$ & $0.353272$ & $1$ & $0.274272$ & $-0.16197$ & $-0.492289$ & $-0.449345$ & $-0.445659$ & $-0.221528$ & $0.0858448$ & $0.0761115$ & $-0.990196$ & $-0.991007$ & $-0.968285$ & $-0.0105421$ & $0.292516$ & $0.0348918$ & $0.569069$ & $-0.251619$ & $-0.309325$ & $-0.0293763$ & $-0.0700491$ & $-0.0876586$ & $0.0698548$ & $-0.0621848$ & $-0.331466$ & $-0.0159414$ & $0.0119025$ & $0.0271666$ & $0.0180988$ & $0.0244339$ & $-0.0523622$ & $-0.0338428$ & $0.0306143$ & $0.0210148$ & $0.0130905$ & $0.00480618$ & $-0.0415316$ & $-0.0214032$ & $0.00168087$ & $0.0293602$ \\
CHbox & $-0.0121334$ & $0.017048$ & $-0.0189831$ & $0.0032536$ & $0.00859798$ & $0.0522394$ & $-0.0446001$ & $-0.224564$ & $-0.200828$ & $0.59966$ & $0.274272$ & $1$ & $0.146695$ & $-0.181817$ & $-0.041195$ & $-0.0636666$ & $-0.106383$ & $-0.0573513$ & $-0.0423744$ & $-0.252719$ & $-0.281563$ & $-0.279075$ & $-0.0344868$ & $0.0690104$ & $-0.0475935$ & $0.163181$ & $-0.12405$ & $-0.117375$ & $0.0195327$ & $0.228614$ & $0.0685925$ & $0.0395961$ & $0.276369$ & $-0.154916$ & $0.0574312$ & $0.0406714$ & $0.0184893$ & $0.00171378$ & $0.0117585$ & $-0.0308172$ & $0.0122758$ & $-0.0108777$ & $-0.0128474$ & $-0.0339902$ & $0.0470552$ & $-0.0137352$ & $0.00385408$ & $-0.0024157$ & $0.0123505$ \\
CH & $-0.0433046$ & $-0.0467311$ & $-0.0317548$ & $0.0111487$ & $0.0255458$ & $-0.00799375$ & $-0.28637$ & $0.37219$ & $0.368207$ & $-0.283353$ & $-0.16197$ & $0.146695$ & $1$ & $-0.295099$ & $0.0554376$ & $0.0512344$ & $-0.403784$ & $-0.422764$ & $-0.417649$ & $0.153249$ & $0.176493$ & $0.179717$ & $0.0266741$ & $-0.437035$ & $-0.413262$ & $-0.079665$ & $0.170567$ & $0.040842$ & $0.0612964$ & $0.275156$ & $0.123064$ & $-0.21987$ & $0.341941$ & $0.246821$ & $0.11844$ & $0.02698$ & $0.00505376$ & $0.000484975$ & $-0.010341$ & $0.00780564$ & $0.0465182$ & $-0.0324197$ & $0.0146249$ & $-0.0211012$ & $-0.0156348$ & $-0.0237273$ & $-0.0477402$ & $0.024313$ & $0.00186017$ \\
CHL1_11 & $0.0330477$ & $0.0221313$ & $0.0230014$ & $0.0389138$ & $-0.0174548$ & $0.00989697$ & $0.0311357$ & $0.0536981$ & $0.0459285$ & $0.254785$ & $-0.492289$ & $-0.181817$ & $-0.295099$ & $1$ & $0.288162$ & $0.264505$ & $0.687392$ & $0.604937$ & $0.619554$ & $0.512113$ & $0.451621$ & $0.431608$ & $-0.0784051$ & $0.506263$ & $0.613579$ & $-0.265874$ & $-0.146068$ & $0.159073$ & $-0.00570825$ & $-0.0481651$ & $-0.0271958$ & $0.00938198$ & $-0.0585243$ & $-0.258497$ & $-0.0449188$ & $-0.0083835$ & $-0.0302766$ & $-0.0227876$ & $0.0205754$ & $0.015365$ & $-0.0430177$ & $-0.0178548$ & $-0.0124402$ & $0.00941994$ & $0.0073257$ & $0.0531792$ & $-0.00393803$ & $-0.00494096$ & $0.0155361$ \\
CHL1_22 & $-0.0869711$ & $-0.0225416$ & $0.0383849$ & $-0.00858838$ & $-0.00912056$ & $-0.0944238$ & $-0.0221971$ & $0.312037$ & $0.308686$ & $-0.116784$ & $-0.449345$ & $-0.041195$ & $0.0554376$ & $0.288162$ & $1$ & $0.45019$ & $0.186629$ & $-0.435507$ & $-0.0132643$ & $0.513974$ & $0.365731$ & $0.354092$ & $-0.167185$ & $0.113812$ & $-0.123925$ & $-0.217392$ & $-0.408785$ & $0.142667$ & $0.0144718$ & $0.038288$ & $0.00892543$ & $-0.0164833$ & $0.0369586$ & $-0.597335$ & $0.0186379$ & $-0.030002$ & $-0.0214297$ & $-0.00545877$ & $-0.00987137$ & $-0.0153703$ & $0.0243116$ & $-0.00628434$ & $0.00205369$ & $-0.0136067$ & $0.0133885$ & $0.00250868$ & $-0.0533331$ & $0.0422114$ & $0.0119939$ \\
CHL1_33 & $-0.0411442$ & $-0.0345171$ & $0.0358986$ & $0.0356706$ & $-0.0102364$ & $-0.0892475$ & $-0.024503$ & $0.318764$ & $0.315442$ & $-0.1534$ & $-0.445659$ & $-0.0636666$ & $0.0512344$ & $0.264505$ & $0.45019$ & $1$ & $0.17886$ & $-0.0330193$ & $-0.421147$ & $0.505539$ & $0.367086$ & $0.380474$ & $-0.158889$ & $0.0923928$ & $-0.128744$ & $-0.216311$ & $-0.378648$ & $0.129116$ & $0.0425853$ & $0.021769$ & $0.0162262$ & $-0.0229834$ & $0.038189$ & $-0.0862885$ & $-0.00733379$ & $-0.0239838$ & $0.00173351$ & $-0.00599335$ & $-0.0140982$ & $0.0269299$ & $0.0176519$ & $-0.0255034$ & $0.0282396$ & $-0.019789$ & $0.0450533$ & $0.0286444$ & $0.00327537$ & $0.0648997$ & $-0.00317875$ \\
CHL3_11 & $0.0655795$ & $0.0591689$ & $0.0433997$ & $0.0161978$ & $-0.0346288$ & $-0.250973$ & $0.0802585$ & $-0.254873$ & $-0.256231$ & $0.448585$ & $-0.221528$ & $-0.106383$ & $-0.403784$ & $0.687392$ & $0.186629$ & $0.17886$ & $1$ & $0.736833$ & $0.738858$ & $0.246078$ & $0.185967$ & $0.172082$ & $-0.0761082$ & $0.69668$ & $0.780307$ & $-0.112041$ & $-0.197209$ & $0.0895831$ & $-0.0215738$ & $-0.0762632$ & $-0.0449382$ & $0.0521196$ & $-0.0946651$ & $-0.280661$ & $-0.0658016$ & $-0.024701$ & $-0.0124822$ & $-0.00815151$ & $0.0285207$ & $0.0103728$ & $-0.0348333$ & $-0.000677559$ & $0.00708851$ & $0.0171467$ & $0.030554$ & $0.0544999$ & $0.0208502$ & $-0.01857$ & $0.0176705$ \\
CHL3_22 & $0.0996057$ & $0.0552118$ & $0.0101368$ & $0.0291739$ & $-0.0190619$ & $-0.0424603$ & $0.0829566$ & $-0.464816$ & $-0.463033$ & $0.499155$ & $0.0858448$ & $-0.0573513$ & $-0.422764$ & $0.604937$ & $-0.435507$ & $-0.0330193$ & $0.736833$ & $1$ & $0.683845$ & $-0.0869633$ & $-0.0815926$ & $-0.0854286$ & $0.00251008$ & $0.63768$ & $0.802296$ & $0.0437157$ & $-0.0261248$ & $-0.015328$ & $-0.0235649$ & $-0.0983562$ & $-0.0575481$ & $0.0540965$ & $-0.105486$ & $0.0119884$ & $-0.0748833$ & $0.00124706$ & $-0.00379394$ & $-0.00862761$ & $0.032852$ & $0.0162342$ & $-0.0600575$ & $-0.00189888$ & $0.00527204$ & $0.0207881$ & $0.0179834$ & $0.0522551$ & $0.0364677$ & $-0.027783$ & $0.0160506$ \\
CHL3_33 & $0.0686547$ & $0.0634738$ & $0.0120423$ & $-0.00910095$ & $-0.0213478$ & $-0.0489101$ & $0.0874104$ & $-0.460447$ & $-0.458876$ & $0.519232$ & $0.0761115$ & $-0.0423744$ & $-0.417649$ & $0.619554$ & $-0.0132643$ & $-0.421147$ & $0.738858$ & $0.683845$ & $1$ & $-0.0737358$ & $-0.0745968$ & $-0.0758488$ & $-0.00165062$ & $0.647272$ & $0.802394$ & $0.0384981$ & $-0.0424017$ & $0.00128228$ & $-0.0453014$ & $-0.0884722$ & $-0.0619002$ & $0.0605964$ & $-0.108317$ & $-0.37483$ & $-0.055907$ & $-0.00514063$ & $-0.0249907$ & $-0.0088428$ & $0.0384951$ & $-0.0153517$ & $-0.0592911$ & $0.0143586$ & $-0.0194893$ & $0.0293365$ & $-0.0144691$ & $0.0274766$ & $-0.00830757$ & $-0.0459791$ & $0.0250559$ \\
CHe_11 & $-0.0178186$ & $-0.0289588$ & $0.0343941$ & $0.0309648$ & $-0.0133137$ & $-0.19324$ & $-0.0732901$ & $0.839969$ & $0.823842$ & $-0.339752$ & $-0.990196$ & $-0.252719$ & $0.153249$ & $0.512113$ & $0.513974$ & $0.505539$ & $0.246078$ & $-0.0869633$ & $-0.0737358$ & $1$ & $0.972595$ & $0.94984$ & $-0.01456$ & $-0.237599$ & $-0.025901$ & $-0.559425$ & $0.174937$ & $0.30682$ & $0.0308703$ & $0.0690209$ & $0.0851785$ & $-0.0682628$ & $0.0626729$ & $0.25027$ & $0.0152043$ & $-0.0140847$ & $-0.0279183$ & $-0.0192336$ & $-0.0261103$ & $0.0488055$ & $0.039213$ & $-0.0312914$ & $-0.0183972$ & $-0.0139285$ & $-0.00320422$ & $0.0446825$ & $0.0186515$ & $0.000828828$ & $-0.029533$ \\
CHe_22 & $-7.70128e-06$ & $-0.0235495$ & $0.0254895$ & $0.0319912$ & $-0.0133355$ & $-0.19634$ & $-0.0783025$ & $0.888726$ & $0.870322$ & $-0.371347$ & $-0.991007$ & $-0.281563$ & $0.176493$ & $0.451621$ & $0.365731$ & $0.367086$ & $0.185967$ & $-0.0815926$ & $-0.0745968$ & $0.972595$ & $1$ & $0.973788$ & $0.037332$ & $-0.349284$ & $-0.0426278$ & $-0.570605$ & $0.334037$ & $0.305485$ & $0.0282544$ & $0.0705439$ & $0.0942227$ & $-0.0738768$ & $0.0598261$ & $0.419535$ & $0.0199793$ & $-0.00971829$ & $-0.0265341$ & $-0.0207189$ & $-0.0243174$ & $0.0556275$ & $0.0379979$ & $-0.0302184$ & $-0.0253881$ & $-0.0114757$ & $-0.0134658$ & $0.039949$ & $0.0317095$ & $-0.0134839$ & $-0.0346175$ \\
CHe_33 & $0.000538759$ & $-0.0335298$ & $0.02875$ & $0.0202931$ & $-0.0129318$ & $-0.191272$ & $-0.0697686$ & $0.873971$ & $0.856341$ & $-0.372651$ & $-0.968285$ & $-0.279075$ & $0.179717$ & $0.431608$ & $0.354092$ & $0.380474$ & $0.172082$ & $-0.0854286$ & $-0.0758488$ & $0.94984$ & $0.973788$ & $1$ & $0.0389553$ & $-0.348627$ & $-0.0461198$ & $-0.558096$ & $0.334366$ & $0.303515$ & $0.0298056$ & $0.0694303$ & $0.0949333$ & $-0.0653682$ & $0.0599031$ & $0.419256$ & $0.0219577$ & $-0.0175071$ & $-0.0316251$ & $-0.0131627$ & $-0.0316811$ & $0.0575826$ & $0.0388896$ & $-0.02538$ & $-0.0255745$ & $-0.0117166$ & $-0.0198144$ & $0.0417304$ & $0.0270537$ & $-0.0189255$ & $-0.0350513$ \\
CHQ1_11 & $0.0166915$ & $-0.0099303$ & $-0.00022102$ & $-0.0276693$ & $0.00939895$ & $-0.0340607$ & $0.00149391$ & $0.0667213$ & $0.0662896$ & $-0.0723168$ & $-0.0105421$ & $-0.0344868$ & $0.0266741$ & $-0.0784051$ & $-0.167185$ & $-0.158889$ & $-0.0761082$ & $0.00251008$ & $-0.00165062$ & $-0.01456$ & $0.037332$ & $0.0389553$ & $1$ & $-0.141124$ & $0.074979$ & $-0.671272$ & $0.344673$ & $-0.0251083$ & $-0.0046745$ & $0.0109734$ & $0.0141511$ & $-0.00289405$ & $0.00132594$ & $0.197268$ & $-0.0305914$ & $0.0292117$ & $-0.0166793$ & $-0.0075008$ & $0.101318$ & $-0.0115579$ & $-0.0527337$ & $-0.0115209$ & $0.0058398$ & $0.00614444$ & $-0.02428$ & $-0.0324359$ & $0.0596726$ & $-0.0577155$ & $-0.0148837$ \\
CHQ1_33 & $-0.00770399$ & $0.0433374$ & $0.0493531$ & $0.00724237$ & $-0.0139031$ & $0.00738732$ & $0.0997669$ & $-0.675817$ & $-0.666524$ & $0.567582$ & $0.292516$ & $0.0690104$ & $-0.437035$ & $0.506263$ & $0.113812$ & $0.0923928$ & $0.69668$ & $0.63768$ & $0.647272$ & $-0.237599$ & $-0.349284$ & $-0.348627$ & $-0.141124$ & $1$ & $0.660664$ & $0.197327$ & $-0.435482$ & $0.0193196$ & $-0.0184149$ & $-0.100223$ & $-0.0963357$ & $0.073178$ & $-0.112514$ & $-0.636462$ & $-0.0617893$ & $-0.0144978$ & $-0.00131809$ & $0.000128244$ & $0.0364101$ & $-0.0106141$ & $-0.0499081$ & $0.00893191$ & $0.0340711$ & $0.0140106$ & $0.0368751$ & $0.0196666$ & $-0.0427781$ & $0.0242739$ & $0.0255954$ \\
CHQ3_11 & $0.0124312$ & $0.0405016$ & $0.0574457$ & $-0.00750576$ & $-0.0309414$ & $-0.0837886$ & $0.0845034$ & $-0.430561$ & $-0.430062$ & $0.500857$ & $0.0348918$ & $-0.0475935$ & $-0.413262$ & $0.613579$ & $-0.123925$ & $-0.128744$ & $0.780307$ & $0.802296$ & $0.802394$ & $-0.025901$ & $-0.0426278$ & $-0.0461198$ & $0.074979$ & $0.660664$ & $1$ & $0.0244804$ & $0.171369$ & $-0.00631627$ & $-0.0421321$ & $-0.0943533$ & $-0.0526533$ & $0.0529747$ & $-0.119616$ & $-0.225152$ & $-0.0986857$ & $0.00494014$ & $-0.0143396$ & $0.0138713$ & $0.0190427$ & $-0.000282661$ & $-0.0566821$ & $-0.00772931$ & $-0.0321016$ & $0.0111984$ & $0.00462058$ & $0.0586415$ & $0.0317126$ & $-0.0788345$ & $-0.00126372$ \\
CHu_11 & $-0.00745488$ & $0.0111825$ & $0.0042222$ & $0.00356696$ & $0.00810889$ & $0.129633$ & $0.0288458$ & $-0.505566$ & $-0.496455$ & $0.219892$ & $0.569069$ & $0.163181$ & $-0.079665$ & $-0.265874$ & $-0.217392$ & $-0.216311$ & $-0.112041$ & $0.0437157$ & $0.0384981$ & $-0.559425$ & $-0.570605$ & $-0.558096$ & $-0.671272$ & $0.197327$ & $0.0244804$ & $1$ & $-0.150293$ & $-0.153786$ & $-0.0118419$ & $-0.0391549$ & $-0.0542792$ & $0.0335403$ & $-0.0228852$ & $-0.230044$ & $0.00622361$ & $-0.00564566$ & $0.0168531$ & $0.0123364$ & $-0.0606527$ & $-0.0210461$ & $0.0240007$ & $0.0384468$ & $0.00114897$ & $-0.00219928$ & $0.0018096$ & $0.0167793$ & $-0.0530932$ & $0.00931568$ & $0.0227628$ \\
CHd_11 & $0.0732292$ & $-0.0129144$ & $0.0230516$ & $-0.0102231$ & $-0.00378246$ & $-0.0703803$ & $-0.0482868$ & $0.403479$ & $0.393005$ & $-0.232774$ & $-0.251619$ & $-0.12405$ & $0.170567$ & $-0.146068$ & $-0.408785$ & $-0.378648$ & $-0.197209$ & $-0.0261248$ & $-0.0424017$ & $0.174937$ & $0.334037$ & $0.334366$ & $0.344673$ & $-0.435482$ & $0.171369$ & $-0.150293$ & $1$ & $0.0507975$ & $-0.00824712$ & $0.0386349$ & $0.0804577$ & $-0.0472688$ & $0.00991558$ & $0.684431$ & $-0.0162735$ & $0.0322241$ & $-0.00914088$ & $0.0251124$ & $-0.0142055$ & $0.0391769$ & $0.00763244$ & $-0.02064$ & $-0.0621669$ & $0.00867825$ & $-0.0418777$ & $0.0240063$ & $0.0711862$ & $-0.110593$ & $-0.0693909$ \\
CHd_33 & $0.00719206$ & $-0.0171727$ & $0.0125256$ & $0.0110626$ & $-0.032049$ & $-0.0470577$ & $-0.0162475$ & $0.261289$ & $0.255938$ & $-0.120089$ & $-0.309325$ & $-0.117375$ & $0.040842$ & $0.159073$ & $0.142667$ & $0.129116$ & $0.0895831$ & $-0.015328$ & $0.00128228$ & $0.30682$ & $0.305485$ & $0.303515$ & $-0.0251083$ & $0.0193196$ & $-0.00631627$ & $-0.153786$ & $0.0507975$ & $1$ & $0.00747063$ & $-0.00674322$ & $0.0225859$ & $-0.0261286$ & $-0.00536501$ & $0.0958944$ & $0.0227307$ & $-0.0457387$ & $-0.0133501$ & $-0.019703$ & $-0.0320144$ & $0.000463372$ & $-0.00475124$ & $-0.00813555$ & $0.00918404$ & $-0.0134448$ & $-0.00957784$ & $0.0135299$ & $-0.0186973$ & $0.0188507$ & $-0.00997255$ \\
CeH_22r & $0.0072711$ & $-0.0129504$ & $-0.0578589$ & $0.0089717$ & $0.0190255$ & $-0.0152243$ & $0.000291385$ & $0.0381519$ & $0.0443229$ & $-0.00824514$ & $-0.0293763$ & $0.0195327$ & $0.0612964$ & $-0.00570825$ & $0.0144718$ & $0.0425853$ & $-0.0215738$ & $-0.0235649$ & $-0.0453014$ & $0.0308703$ & $0.0282544$ & $0.0298056$ & $-0.0046745$ & $-0.0184149$ & $-0.0421321$ & $-0.0118419$ & $-0.00824712$ & $0.00747063$ & $1$ & $0.037683$ & $0.000338042$ & $-0.0124574$ & $0.0211608$ & $0.0185549$ & $-0.0270645$ & $-0.0132522$ & $0.00558044$ & $0.0169834$ & $-0.00677509$ & $-0.00513038$ & $0.0605302$ & $0.0269793$ & $0.0427069$ & $-0.00109372$ & $-0.00668013$ & $-0.0334884$ & $-0.0419425$ & $0.0120625$ & $-0.023792$ \\
CeH_33r & $0.0110032$ & $-0.0287706$ & $0.00429727$ & $-0.00954597$ & $-0.00234013$ & $-0.0150793$ & $-0.154861$ & $0.108624$ & $0.130966$ & $-0.112883$ & $-0.0700491$ & $0.228614$ & $0.275156$ & $-0.0481651$ & $0.038288$ & $0.021769$ & $-0.0762632$ & $-0.0983562$ & $-0.0884722$ & $0.0690209$ & $0.0705439$ & $0.0694303$ & $0.0109734$ & $-0.100223$ & $-0.0943533$ & $-0.0391549$ & $0.0386349$ & $-0.00674322$ & $0.037683$ & $1$ & $0.351232$ & $0.00771083$ & $0.669716$ & $0.0523587$ & $0.00565805$ & $-0.0176931$ & $-0.163685$ & $-0.0246731$ & $0.0122493$ & $-0.0102817$ & $0.0201694$ & $-0.00225895$ & $-0.0164709$ & $-0.016822$ & $0.0356526$ & $0.0549443$ & $0.00573673$ & $-0.0400785$ & $0.0220027$ \\
CuH_22r & $0.0413698$ & $0.0653768$ & $0.0460713$ & $-0.0119638$ & $0.0117847$ & $-0.0177283$ & $-0.0837321$ & $0.114052$ & $0.125242$ & $-0.0760293$ & $-0.0876586$ & $0.0685925$ & $0.123064$ & $-0.0271958$ & $0.00892543$ & $0.0162262$ & $-0.0449382$ & $-0.0575481$ & $-0.0619002$ & $0.0851785$ & $0.0942227$ & $0.0949333$ & $0.0141511$ & $-0.0963357$ & $-0.0526533$ & $-0.0542792$ & $0.0804577$ & $0.0225859$ & $0.000338042$ & $0.351232$ & $1$ & $0.00251697$ & $0.354099$ & $0.0913471$ & $-0.023878$ & $-0.0537093$ & $-0.094891$ & $0.00421897$ & $-0.0896856$ & $-0.00850389$ & $0.00387277$ & $0.002302$ & $-0.0344533$ & $0.00208297$ & $0.014683$ & $0.0775707$ & $0.29631$ & $-0.05938$ & $-0.0327066$ \\
CuH_33r & $-0.00999121$ & $0.00235753$ & $-0.0122768$ & $0.0220375$ & $0.0004691$ & $0.0321987$ & $0.934501$ & $-0.0927895$ & $-0.0416341$ & $0.0950112$ & $0.0698548$ & $0.0395961$ & $-0.21987$ & $0.00938198$ & $-0.0164833$ & $-0.0229834$ & $0.0521196$ & $0.0540965$ & $0.0605964$ & $-0.0682628$ & $-0.0738768$ & $-0.0653682$ & $-0.00289405$ & $0.073178$ & $0.0529747$ & $0.0335403$ & $-0.0472688$ & $-0.0261286$ & $-0.0124574$ & $0.00771083$ & $0.00251697$ & $1$ & $0.00558488$ & $-0.0560054$ & $0.0241164$ & $-0.0113922$ & $0.0336663$ & $-0.0329044$ & $0.0117954$ & $0.0208031$ & $0.0269724$ & $0.0182646$ & $0.0788316$ & $-0.0170728$ & $-0.0058485$ & $0.0306623$ & $0.00310767$ & $-0.0043523$ & $-0.00434929$ \\
CdH_33r & $-0.0296194$ & $-0.0536583$ & $-0.0472516$ & $0.0737656$ & $-0.0345027$ & $-0.0193145$ & $-0.192779$ & $0.10679$ & $0.122339$ & $-0.1137$ & $-0.0621848$ & $0.276369$ & $0.341941$ & $-0.0585243$ & $0.0369586$ & $0.038189$ & $-0.0946651$ & $-0.105486$ & $-0.108317$ & $0.0626729$ & $0.0598261$ & $0.0599031$ & $0.00132594$ & $-0.112514$ & $-0.119616$ & $-0.0228852$ & $0.00991558$ & $-0.00536501$ & $0.0211608$ & $0.669716$ & $0.354099$ & $0.00558488$ & $1$ & $0.0501318$ & $0.0985944$ & $-0.0763841$ & $-0.167226$ & $-0.0306986$ & $0.0627536$ & $-0.00640937$ & $-0.0214831$ & $-0.0267549$ & $-0.0603973$ & $-0.117259$ & $-0.077207$ & $0.0853411$ & $-0.0683762$ & $0.121389$ & $0.456391$ \\
CLL_1221 & $0.060427$ & $0.00594348$ & $-0.0138115$ & $0.0216957$ & $-0.00125924$ & $-0.109495$ & $-0.0648896$ & $0.545389$ & $0.534354$ & $-0.359934$ & $-0.331466$ & $-0.154916$ & $0.246821$ & $-0.258497$ & $-0.597335$ & $-0.0862885$ & $-0.280661$ & $0.0119884$ & $-0.37483$ & $0.25027$ & $0.419535$ & $0.419256$ & $0.197268$ & $-0.636462$ & $-0.225152$ & $-0.230044$ & $0.684431$ & $0.0958944$ & $0.0185549$ & $0.0523587$ & $0.0913471$ & $-0.0560054$ & $0.0501318$ & $1$ & $0.0277427$ & $0.0149874$ & $0.010159$ & $-0.00139989$ & $-0.025428$ & $0.0593292$ & $0.0371294$ & $-0.0166497$ & $-0.0184443$ & $-0.00253677$ & $-0.0203768$ & $0.0139274$ & $0.0807704$ & $-0.0459581$ & $-0.0461577$ \\
eHggint & $0.0034022$ & $0.152628$ & $-0.0878003$ & $-0.00692822$ & $-0.00444537$ & $-0.00337081$ & $-0.0511219$ & $0.0472326$ & $0.0360041$ & $-0.0336557$ & $-0.0159414$ & $0.0574312$ & $0.11844$ & $-0.0449188$ & $0.0186379$ & $-0.00733379$ & $-0.0658016$ & $-0.0748833$ & $-0.055907$ & $0.0152043$ & $0.0199793$ & $0.0219577$ & $-0.0305914$ & $-0.0617893$ & $-0.0986857$ & $0.00622361$ & $-0.0162735$ & $0.0227307$ & $-0.0270645$ & $0.00565805$ & $-0.023878$ & $0.0241164$ & $0.0985944$ & $0.0277427$ & $1$ & $-0.0917343$ & $0.0321009$ & $-0.03609$ & $0.0608949$ & $0.0597776$ & $0.152221$ & $0.00274186$ & $0.0902058$ & $-0.350908$ & $0.0230486$ & $-0.0704336$ & $-0.0570067$ & $0.0814177$ & $0.18881$ \\
eHggpar & $-0.00970933$ & $-0.0534765$ & $-0.0349058$ & $0.0947499$ & $-0.00674421$ & $-0.00903137$ & $-0.0339335$ & $-0.00148541$ & $-0.0164536$ & $0.0465284$ & $0.0119025$ & $0.0406714$ & $0.02698$ & $-0.0083835$ & $-0.030002$ & $-0.0239838$ & $-0.024701$ & $0.00124706$ & $-0.00514063$ & $-0.0140847$ & $-0.00971829$ & $-0.0175071$ & $0.0292117$ & $-0.0144978$ & $0.00494014$ & $-0.00564566$ & $0.0322241$ & $-0.0457387$ & $-0.0132522$ & $-0.0176931$ & $-0.0537093$ & $-0.0113922$ & $-0.0763841$ & $0.0149874$ & $-0.0917343$ & $1$ & $0.0781694$ & $0.0243111$ & $0.0517039$ & $0.00319854$ & $-0.0842444$ & $-0.0099733$ & $-0.0922122$ & $0.114734$ & $0.0569211$ & $-0.0318616$ & $-0.120573$ & $0.0421291$ & $-0.0946485$ \\
eHWWint & $-0.00419534$ & $0.0291127$ & $-0.0798518$ & $0.184365$ & $0.0191973$ & $-0.0206821$ & $0.0544358$ & $-0.017156$ & $-0.0117478$ & $0.0124445$ & $0.0271666$ & $0.0184893$ & $0.00505376$ & $-0.0302766$ & $-0.0214297$ & $0.00173351$ & $-0.0124822$ & $-0.00379394$ & $-0.0249907$ & $-0.0279183$ & $-0.0265341$ & $-0.0316251$ & $-0.0166793$ & $-0.00131809$ & $-0.0143396$ & $0.0168531$ & $-0.00914088$ & $-0.0133501$ & $0.00558044$ & $-0.163685$ & $-0.094891$ & $0.0336663$ & $-0.167226$ & $0.010159$ & $0.0321009$ & $0.0781694$ & $1$ & $-0.0130369$ & $0.0579132$ & $-1.15893e-05$ & $0.0680544$ & $-0.0272457$ & $0.238855$ & $-0.0750064$ & $0.206171$ & $-0.188837$ & $0.0165962$ & $0.150964$ & $-0.0487268$ \\
eHWWpar & $0.0231064$ & $0.00462776$ & $-0.0181518$ & $-0.0884105$ & $0.0093795$ & $-0.0387403$ & $-0.0289768$ & $-0.0114669$ & $-0.0135799$ & $-0.00513831$ & $0.0180988$ & $0.00171378$ & $0.000484975$ & $-0.0227876$ & $-0.00545877$ & $-0.00599335$ & $-0.00815151$ & $-0.00862761$ & $-0.0088428$ & $-0.0192336$ & $-0.0207189$ & $-0.0131627$ & $-0.0075008$ & $0.000128244$ & $0.0138713$ & $0.0123364$ & $0.0251124$ & $-0.019703$ & $0.0169834$ & $-0.0246731$ & $0.00421897$ & $-0.0329044$ & $-0.0306986$ & $-0.00139989$ & $-0.03609$ & $0.0243111$ & $-0.0130369$ & $1$ & $-0.0101349$ & $0.016823$ & $0.0251089$ & $0.00401996$ & $0.0180858$ & $0.00487348$ & $0.0408646$ & $0.000890634$ & $0.0100423$ & $-0.0545421$ & $-0.0441572$ \\
eHZZint & $0.0968847$ & $0.104619$ & $-0.147744$ & $0.206558$ & $-0.00331198$ & $-0.0106362$ & $-0.0140085$ & $-0.0433754$ & $-0.0304619$ & $0.034589$ & $0.0244339$ & $0.0117585$ & $-0.010341$ & $0.0205754$ & $-0.00987137$ & $-0.0140982$ & $0.0285207$ & $0.032852$ & $0.0384951$ & $-0.0261103$ & $-0.0243174$ & $-0.0316811$ & $0.101318$ & $0.0364101$ & $0.0190427$ & $-0.0606527$ & $-0.0142055$ & $-0.0320144$ & $-0.00677509$ & $0.0122493$ & $-0.0896856$ & $0.0117954$ & $0.0627536$ & $-0.025428$ & $0.0608949$ & $0.0517039$ & $0.0579132$ & $-0.0101349$ & $1$ & $0.0565753$ & $-0.149094$ & $0.0320631$ & $0.280468$ & $0.00171219$ & $-0.013368$ & $-0.276672$ & $-0.0869436$ & $0.119833$ & $0.115195$ \\
eHZZpar & $0.00187831$ & $-0.0240278$ & $0.00552731$ & $0.0193521$ & $0.0055248$ & $-0.0210585$ & $0.0226868$ & $0.0507079$ & $0.0583818$ & $-0.0250711$ & $-0.0523622$ & $-0.0308172$ & $0.00780564$ & $0.015365$ & $-0.0153703$ & $0.0269299$ & $0.0103728$ & $0.0162342$ & $-0.0153517$ & $0.0488055$ & $0.0556275$ & $0.0575826$ & $-0.0115579$ & $-0.0106141$ & $-0.000282661$ & $-0.0210461$ & $0.0391769$ & $0.000463372$ & $-0.00513038$ & $-0.0102817$ & $-0.00850389$ & $0.0208031$ & $-0.00640937$ & $0.0593292$ & $0.0597776$ & $0.00319854$ & $-1.15893e-05$ & $0.016823$ & $0.0565753$ & $1$ & $0.00550603$ & $0.0224596$ & $0.114157$ & $-0.0471032$ & $-0.00534321$ & $-0.00346065$ & $0.0108444$ & $0.0524218$ & $-0.00379462$ \\
eHZgaint & $-0.109739$ & $0.12358$ & $0.148935$ & $-0.0812137$ & $-0.0100369$ & $-0.0194472$ & $0.0243334$ & $0.0571445$ & $0.0637516$ & $-0.0488716$ & $-0.0338428$ & $0.0122758$ & $0.0465182$ & $-0.0430177$ & $0.0243116$ & $0.0176519$ & $-0.0348333$ & $-0.0600575$ & $-0.0592911$ & $0.039213$ & $0.0379979$ & $0.0388896$ & $-0.0527337$ & $-0.0499081$ & $-0.0566821$ & $0.0240007$ & $0.00763244$ & $-0.00475124$ & $0.0605302$ & $0.0201694$ & $0.00387277$ & $0.0269724$ & $-0.0214831$ & $0.0371294$ & $0.152221$ & $-0.0842444$ & $0.0680544$ & $0.0251089$ & $-0.149094$ & $0.00550603$ & $1$ & $0.0815179$ & $0.0322148$ & $-0.1302$ & $-0.0707788$ & $-0.186231$ & $-0.064456$ & $-0.0634094$ & $-0.0711443$ \\
eHZgapar & $-0.0367312$ & $0.0132708$ & $0.00337292$ & $0.0410621$ & $-0.0107629$ & $0.00342757$ & $0.0139462$ & $-0.0282899$ & $-0.026302$ & $-0.00883432$ & $0.0306143$ & $-0.0108777$ & $-0.0324197$ & $-0.0178548$ & $-0.00628434$ & $-0.0255034$ & $-0.000677559$ & $-0.00189888$ & $0.0143586$ & $-0.0312914$ & $-0.0302184$ & $-0.02538$ & $-0.0115209$ & $0.00893191$ & $-0.00772931$ & $0.0384468$ & $-0.02064$ & $-0.00813555$ & $0.0269793$ & $-0.00225895$ & $0.002302$ & $0.0182646$ & $-0.0267549$ & $-0.0166497$ & $0.00274186$ & $-0.0099733$ & $-0.0272457$ & $0.00401996$ & $0.0320631$ & $0.0224596$ & $0.0815179$ & $1$ & $0.0144872$ & $0.00220448$ & $-0.0271888$ & $-0.0296538$ & $0.0138967$ & $0.00197166$ & $-0.0522837$ \\
eHgagaint & $-0.020554$ & $-0.0138803$ & $-0.14005$ & $0.0780629$ & $0.00642814$ & $-0.0110548$ & $0.0594826$ & $-0.0245056$ & $0.0339352$ & $-0.00545876$ & $0.0210148$ & $-0.0128474$ & $0.0146249$ & $-0.0124402$ & $0.00205369$ & $0.0282396$ & $0.00708851$ & $0.00527204$ & $-0.0194893$ & $-0.0183972$ & $-0.0253881$ & $-0.0255745$ & $0.0058398$ & $0.0340711$ & $-0.0321016$ & $0.00114897$ & $-0.0621669$ & $0.00918404$ & $0.0427069$ & $-0.0164709$ & $-0.0344533$ & $0.0788316$ & $-0.0603973$ & $-0.0184443$ & $0.0902058$ & $-0.0922122$ & $0.238855$ & $0.0180858$ & $0.280468$ & $0.114157$ & $0.0322148$ & $0.0144872$ & $1$ & $-0.188596$ & $0.0377948$ & $-0.112094$ & $-0.040217$ & $0.114485$ & $-0.144922$ \\
eHmumuint & $0.163446$ & $0.107053$ & $-0.0693849$ & $0.0140003$ & $0.00757877$ & $0.00417643$ & $0.0151406$ & $-0.0226794$ & $-0.0273002$ & $0.0168032$ & $0.0130905$ & $-0.0339902$ & $-0.0211012$ & $0.00941994$ & $-0.0136067$ & $-0.019789$ & $0.0171467$ & $0.0207881$ & $0.0293365$ & $-0.0139285$ & $-0.0114757$ & $-0.0117166$ & $0.00614444$ & $0.0140106$ & $0.0111984$ & $-0.00219928$ & $0.00867825$ & $-0.0134448$ & $-0.00109372$ & $-0.016822$ & $0.00208297$ & $-0.0170728$ & $-0.117259$ & $-0.00253677$ & $-0.350908$ & $0.114734$ & $-0.0750064$ & $0.00487348$ & $0.00171219$ & $-0.0471032$ & $-0.1302$ & $0.00220448$ & $-0.188596$ & $1$ & $0.0343351$ & $0.14721$ & $0.0120158$ & $-0.0602916$ & $-0.213147$ \\
eHtautauint & $0.0175282$ & $-0.0891107$ & $0.0552861$ & $-0.0981284$ & $0.00951717$ & $0.00217198$ & $-0.00696833$ & $-0.016839$ & $-0.0193877$ & $0.0305407$ & $0.00480618$ & $0.0470552$ & $-0.0156348$ & $0.0073257$ & $0.0133885$ & $0.0450533$ & $0.030554$ & $0.0179834$ & $-0.0144691$ & $-0.00320422$ & $-0.0134658$ & $-0.0198144$ & $-0.02428$ & $0.0368751$ & $0.00462058$ & $0.0018096$ & $-0.0418777$ & $-0.00957784$ & $-0.00668013$ & $0.0356526$ & $0.014683$ & $-0.0058485$ & $-0.077207$ & $-0.0203768$ & $0.0230486$ & $0.0569211$ & $0.206171$ & $0.0408646$ & $-0.013368$ & $-0.00534321$ & $-0.0707788$ & $-0.0271888$ & $0.0377948$ & $0.0343351$ & $1$ & $0.115796$ & $0.0893097$ & $-0.070883$ & $-0.157628$ \\
eHccint & $0.00849139$ & $-0.0601898$ & $0.344$ & $-0.131144$ & $-0.0289123$ & $-0.0145321$ & $0.0310983$ & $0.0163279$ & $0.0111899$ & $0.00563778$ & $-0.0415316$ & $-0.0137352$ & $-0.0237273$ & $0.0531792$ & $0.00250868$ & $0.0286444$ & $0.0544999$ & $0.0522551$ & $0.0274766$ & $0.0446825$ & $0.039949$ & $0.0417304$ & $-0.0324359$ & $0.0196666$ & $0.0586415$ & $0.0167793$ & $0.0240063$ & $0.0135299$ & $-0.0334884$ & $0.0549443$ & $0.0775707$ & $0.0306623$ & $0.0853411$ & $0.0139274$ & $-0.0704336$ & $-0.0318616$ & $-0.188837$ & $0.000890634$ & $-0.276672$ & $-0.00346065$ & $-0.186231$ & $-0.0296538$ & $-0.112094$ & $0.14721$ & $0.115796$ & $1$ & $-0.00737622$ & $-0.203258$ & $0.142356$ \\
eHccpar & $0.0984336$ & $0.259122$ & $0.0791474$ & $0.045224$ & $-0.000509404$ & $0.0026031$ & $0.0193988$ & $0.0172604$ & $0.0159395$ & $-0.000362087$ & $-0.0214032$ & $0.00385408$ & $-0.0477402$ & $-0.00393803$ & $-0.0533331$ & $0.00327537$ & $0.0208502$ & $0.0364677$ & $-0.00830757$ & $0.0186515$ & $0.0317095$ & $0.0270537$ & $0.0596726$ & $-0.0427781$ & $0.0317126$ & $-0.0530932$ & $0.0711862$ & $-0.0186973$ & $-0.0419425$ & $0.00573673$ & $0.29631$ & $0.00310767$ & $-0.0683762$ & $0.0807704$ & $-0.0570067$ & $-0.120573$ & $0.0165962$ & $0.0100423$ & $-0.0869436$ & $0.0108444$ & $-0.064456$ & $0.0138967$ & $-0.040217$ & $0.0120158$ & $0.0893097$ & $-0.00737622$ & $1$ & $-0.0885705$ & $-0.089336$ \\
eHbbint & $0.0203224$ & $-0.210212$ & $-0.0365917$ & $0.29075$ & $0.0059268$ & $-0.0164679$ & $-0.0188473$ & $0.00211095$ & $0.00352353$ & $0.00295366$ & $0.00168087$ & $-0.0024157$ & $0.024313$ & $-0.00494096$ & $0.0422114$ & $0.0648997$ & $-0.01857$ & $-0.027783$ & $-0.0459791$ & $0.000828828$ & $-0.0134839$ & $-0.0189255$ & $-0.0577155$ & $0.0242739$ & $-0.0788345$ & $0.00931568$ & $-0.110593$ & $0.0188507$ & $0.0120625$ & $-0.0400785$ & $-0.05938$ & $-0.0043523$ & $0.121389$ & $-0.0459581$ & $0.0814177$ & $0.0421291$ & $0.150964$ & $-0.0545421$ & $0.119833$ & $0.0524218$ & $-0.0634094$ & $0.00197166$ & $0.114485$ & $-0.0602916$ & $-0.070883$ & $-0.203258$ & $-0.0885705$ & $1$ & $0.110331$ \\
eHbbpar & $-0.0539077$ & $0.00123212$ & $-0.0975966$ & $0.123054$ & $-0.0244186$ & $0.0173385$ & $-0.0333226$ & $-0.0426177$ & $-0.0580659$ & $0.0198811$ & $0.0293602$ & $0.0123505$ & $0.00186017$ & $0.0155361$ & $0.0119939$ & $-0.00317875$ & $0.0176705$ & $0.0160506$ & $0.0250559$ & $-0.029533$ & $-0.0346175$ & $-0.0350513$ & $-0.0148837$ & $0.0255954$ & $-0.00126372$ & $0.0227628$ & $-0.0693909$ & $-0.00997255$ & $-0.023792$ & $0.0220027$ & $-0.0327066$ & $-0.00434929$ & $0.456391$ & $-0.0461577$ & $0.18881$ & $-0.0946485$ & $-0.0487268$ & $-0.0441572$ & $0.115195$ & $-0.00379462$ & $-0.0711443$ & $-0.0522837$ & $-0.144922$ & $-0.213147$ & $-0.157628$ & $0.142356$ & $-0.089336$ & $0.110331$ & $1$ \\
