 & AlsMz & dAle5Mz & mtop & mHl & Mz & CW & CHG & CHWB & CHWHB_gaga & CHWHB_gagaorth & CHD & CHbox & CH & CHL1_11 & CHL1_22 & CHL1_33 & CHL3_11 & CHL3_22 & CHL3_33 & CHe_11 & CHe_22 & CHe_33 & CHQ1_11 & CHQ1_33 & CHQ3_11 & CHu_11 & CHd_11 & CHd_33 & CeH_22r & CeH_33r & CuH_22r & CuH_33r & CdH_33r & CLL_1221 & eHggint & eHggpar & eHWWint & eHWWpar & eHZZint & eHZZpar & eHZgaint & eHZgapar & eHgagaint & eHmumuint & eHtautauint & eHccint & eHccpar & eHbbint & eHbbpar \\
AlsMz & $1$ & $-0.0156137$ & $0.0113806$ & $-0.00747465$ & $0.00255351$ & $0.00939607$ & $0.00592852$ & $-0.00515307$ & $-0.00677898$ & $-0.000242829$ & $0.000652925$ & $-0.00696073$ & $0.00682371$ & $-0.0123434$ & $-0.0233049$ & $-0.0290975$ & $-0.00337128$ & $0.00520572$ & $0.00831743$ & $-0.0134593$ & $-0.00826174$ & $-0.00799379$ & $-0.00271019$ & $-0.0783655$ & $-0.122625$ & $-0.0302734$ & $-0.0240056$ & $0.00464696$ & $0.00176439$ & $-0.00371127$ & $0.0169733$ & $-0.0130332$ & $-9.64456e-05$ & $0.0173491$ & $-0.00977007$ & $-0.00469104$ & $0.00571794$ & $0.0174238$ & $0.00533071$ & $-0.00229593$ & $-0.0103425$ & $0.0105233$ & $-0.0112771$ & $0.000335945$ & $-0.0231798$ & $0.00812604$ & $0.0142278$ & $0.0191266$ & $-0.00215653$ \\
dAle5Mz & $-0.0156137$ & $1$ & $-0.000916457$ & $-0.0100459$ & $-0.00845795$ & $0.0208503$ & $0.001554$ & $-0.0988394$ & $-0.095427$ & $0.0303764$ & $0.0769373$ & $0.0146945$ & $-0.00494863$ & $-0.0219604$ & $-0.0344825$ & $-0.0302165$ & $0.0105626$ & $0.022027$ & $0.0192489$ & $-0.0487644$ & $-0.048629$ & $-0.0489401$ & $-0.0032006$ & $0.0301424$ & $0.0252405$ & $0.0262768$ & $0.00202383$ & $-0.0231695$ & $-0.0167261$ & $-0.00113401$ & $-0.0109164$ & $0.00897295$ & $-0.00133026$ & $0.0258694$ & $0.00458284$ & $0.00250931$ & $0.00787394$ & $-0.0175556$ & $0.0191618$ & $0.00159743$ & $-0.00457444$ & $0.00567396$ & $0.0115617$ & $0.00338204$ & $0.00745831$ & $0.00401069$ & $-0.00603453$ & $-0.00662223$ & $0.0048239$ \\
mtop & $0.0113806$ & $-0.000916457$ & $1$ & $-0.0109887$ & $0.00818147$ & $-0.00072198$ & $-0.00215079$ & $0.00335834$ & $0.00627379$ & $-0.00490923$ & $0.00799961$ & $-0.00298963$ & $0.00364299$ & $-0.000707263$ & $0.00570704$ & $-0.00576931$ & $-0.00709232$ & $-0.00841065$ & $0.000903739$ & $0.00136105$ & $0.00143485$ & $0.00100749$ & $-0.0139599$ & $-0.00220217$ & $-0.00858082$ & $0.0119563$ & $-0.00732475$ & $0.00226703$ & $-0.000607514$ & $0.00610674$ & $0.00142195$ & $0.010476$ & $0.0155257$ & $-0.00371691$ & $0.00255221$ & $0.0104127$ & $0.0133927$ & $-0.00302013$ & $-0.0169016$ & $0.00508257$ & $0.00013561$ & $-0.0120524$ & $0.00630578$ & $0.000131333$ & $-0.00946977$ & $-0.0101626$ & $-0.00459053$ & $0.00388731$ & $0.000521016$ \\
mHl & $-0.00747465$ & $-0.0100459$ & $-0.0109887$ & $1$ & $0.00584326$ & $0.00231978$ & $0.00424678$ & $-0.0173642$ & $-0.0159314$ & $0.0151537$ & $0.0163127$ & $0.00943061$ & $-0.00322339$ & $-0.0084481$ & $-0.00793793$ & $0.00328662$ & $0.0012231$ & $0.00546927$ & $-0.000626072$ & $-0.0154913$ & $-0.0177056$ & $-0.0159169$ & $0.00209482$ & $0.00785969$ & $0.00876187$ & $0.00496192$ & $-0.0102476$ & $-0.00648905$ & $-0.0104237$ & $-0.00149189$ & $0.000320968$ & $0.00963254$ & $-0.000615615$ & $-0.00910248$ & $0.0182521$ & $-0.00306081$ & $-0.00463844$ & $0.0100027$ & $0.000235292$ & $0.00770259$ & $0.00651783$ & $-0.00935808$ & $0.0105582$ & $0.000954329$ & $0.00712043$ & $0.00827852$ & $0.00805347$ & $0.0131904$ & $-0.00806634$ \\
Mz & $0.00255351$ & $-0.00845795$ & $0.00818147$ & $0.00584326$ & $1$ & $0.00741612$ & $-0.000748858$ & $-0.0140676$ & $-0.013947$ & $0.0130789$ & $0.011873$ & $0.012106$ & $-0.0139094$ & $0.0175311$ & $0.000424464$ & $-0.00422548$ & $0.0192884$ & $0.0184445$ & $0.0221563$ & $-0.00241682$ & $-0.00243856$ & $-0.00234485$ & $8.05127e-05$ & $0.0186054$ & $0.0211807$ & $-0.000685907$ & $-0.00373221$ & $-0.0095802$ & $0.00184167$ & $-0.00928865$ & $-0.000503391$ & $-0.00141527$ & $-0.00641046$ & $-0.0167153$ & $0.00345906$ & $-0.00365561$ & $-0.00742826$ & $-0.0106506$ & $0.00908829$ & $0.00158199$ & $0.00313715$ & $-0.00341073$ & $-8.83909e-06$ & $0.000593453$ & $-0.000465065$ & $-0.0131488$ & $0.000444978$ & $-0.000362343$ & $0.00443819$ \\
CW & $0.00939607$ & $0.0208503$ & $-0.00072198$ & $0.00231978$ & $0.00741612$ & $1$ & $2.51411e-05$ & $-0.119159$ & $-0.117113$ & $0.00688354$ & $0.181072$ & $0.0120908$ & $0.005867$ & $0.016073$ & $-0.122853$ & $-0.11621$ & $-0.270516$ & $-0.0385469$ & $-0.0435568$ & $-0.179686$ & $-0.183549$ & $-0.179395$ & $0.00798295$ & $-0.0165989$ & $-0.0687761$ & $0.103805$ & $-0.0361865$ & $-0.0587444$ & $-0.00345936$ & $0.00174329$ & $-0.00252902$ & $0.0120774$ & $6.46386e-05$ & $-0.101596$ & $0.0139621$ & $0.0158486$ & $-0.00999491$ & $-0.00648506$ & $-0.0062073$ & $0.00108918$ & $-0.00208842$ & $0.00295522$ & $0.00672656$ & $0.0145669$ & $0.0037884$ & $0.00505725$ & $0.000367446$ & $0.005526$ & $-0.00390643$ \\
CHG & $0.00592852$ & $0.001554$ & $-0.00215079$ & $0.00424678$ & $-0.000748858$ & $2.51411e-05$ & $1$ & $-0.0288558$ & $-0.00982994$ & $0.0183948$ & $0.0140438$ & $0.105015$ & $-0.114032$ & $0.01883$ & $-0.0145066$ & $-0.0109118$ & $0.0273413$ & $0.0336858$ & $0.0310164$ & $-0.0143916$ & $-0.0143589$ & $-0.0142157$ & $3.67174e-05$ & $0.0308439$ & $0.0338841$ & $0.00946374$ & $-0.000527428$ & $-0.0073625$ & $0.00322576$ & $-0.0313219$ & $-0.0202229$ & $0.666255$ & $-0.0479602$ & $-0.0125145$ & $-0.0121501$ & $0.000726853$ & $0.00305528$ & $0.00512988$ & $-0.00011856$ & $0.00036192$ & $-0.00451769$ & $-0.00424165$ & $-0.000790783$ & $-0.000933148$ & $0.00319731$ & $-0.00582769$ & $0.0027906$ & $0.00370088$ & $0.00286496$ \\
CHWB & $-0.00515307$ & $-0.0988394$ & $0.00335834$ & $-0.0173642$ & $-0.0140676$ & $-0.119159$ & $-0.0288558$ & $1$ & $0.981017$ & $-0.533485$ & $-0.874112$ & $-0.362374$ & $0.302166$ & $0.144078$ & $0.503818$ & $0.493456$ & $-0.1974$ & $-0.466514$ & $-0.465398$ & $0.856185$ & $0.882099$ & $0.863521$ & $-0.0508822$ & $-0.619343$ & $-0.509411$ & $-0.491637$ & $0.20546$ & $0.288829$ & $0.0204027$ & $0.0789897$ & $0.0361992$ & $-0.0316961$ & $0.0775933$ & $0.448318$ & $0.00120833$ & $-0.0161067$ & $0.0110586$ & $0.000618606$ & $0.0136147$ & $-0.010675$ & $0.00881225$ & $-0.0011585$ & $-0.00576336$ & $0.00211268$ & $0.00682632$ & $-0.0104469$ & $0.000698577$ & $0.00958207$ & $-0.0258398$ \\
CHWHB_gaga & $-0.00677898$ & $-0.095427$ & $0.00627379$ & $-0.0159314$ & $-0.013947$ & $-0.117113$ & $-0.00982994$ & $0.981017$ & $1$ & $-0.522971$ & $-0.852727$ & $-0.359911$ & $0.307759$ & $0.1314$ & $0.49323$ & $0.485331$ & $-0.203189$ & $-0.465589$ & $-0.466216$ & $0.835625$ & $0.860501$ & $0.842286$ & $-0.0506757$ & $-0.613267$ & $-0.506687$ & $-0.478286$ & $0.202679$ & $0.281406$ & $0.0299844$ & $0.102784$ & $0.0470116$ & $-0.0383235$ & $0.100821$ & $0.440744$ & $-0.0166893$ & $-0.0234833$ & $-0.000354186$ & $0.00054998$ & $0.00933006$ & $-0.0117935$ & $0.0088693$ & $-0.00150474$ & $0.0766041$ & $0.00351202$ & $0.00633819$ & $-0.00864486$ & $0.00362748$ & $0.00683033$ & $-0.0304526$ \\
CHWHB_gagaorth & $-0.000242829$ & $0.0303764$ & $-0.00490923$ & $0.0151537$ & $0.0130789$ & $0.00688354$ & $0.0183948$ & $-0.533485$ & $-0.522971$ & $1$ & $0.303931$ & $0.411861$ & $-0.211407$ & $0.233099$ & $-0.20965$ & $-0.214874$ & $0.425102$ & $0.503953$ & $0.507193$ & $-0.299663$ & $-0.312367$ & $-0.309591$ & $0.0129593$ & $0.528757$ & $0.541271$ & $0.171042$ & $-0.11049$ & $-0.107786$ & $-0.00769577$ & $-0.0971511$ & $-0.0501041$ & $0.0743165$ & $-0.10195$ & $-0.288445$ & $0.0411974$ & $0.0339191$ & $-0.0114739$ & $0.0120449$ & $-0.00468141$ & $0.00916583$ & $-0.0633241$ & $-0.00865498$ & $0.00268403$ & $-0.00803296$ & $0.00713473$ & $0.00537351$ & $0.000979722$ & $0.00114815$ & $0.0366744$ \\
CHD & $0.000652925$ & $0.0769373$ & $0.00799961$ & $0.0163127$ & $0.011873$ & $0.181072$ & $0.0140438$ & $-0.874112$ & $-0.852727$ & $0.303931$ & $1$ & $0.215904$ & $-0.135762$ & $-0.557842$ & $-0.572514$ & $-0.557612$ & $-0.268952$ & $0.0683217$ & $0.0670048$ & $-0.992074$ & $-0.993349$ & $-0.970028$ & $0.0699588$ & $0.23964$ & $0.0657891$ & $0.5487$ & $-0.142434$ & $-0.31941$ & $-0.0112331$ & $-0.0422583$ & $-0.0184261$ & $0.0399179$ & $-0.0387577$ & $-0.268455$ & $0.00948276$ & $0.0207029$ & $-0.0103227$ & $-0.0109068$ & $-0.0123934$ & $0.00763224$ & $0.00518985$ & $0.00329759$ & $0.00326945$ & $-0.00300005$ & $-0.010815$ & $0.00764908$ & $0.00108814$ & $-0.00970793$ & $0.0141187$ \\
CHbox & $-0.00696073$ & $0.0146945$ & $-0.00298963$ & $0.00943061$ & $0.012106$ & $0.0120908$ & $0.105015$ & $-0.362374$ & $-0.359911$ & $0.411861$ & $0.215904$ & $1$ & $-0.940082$ & $0.141565$ & $-0.144353$ & $-0.138214$ & $0.267492$ & $0.327725$ & $0.32447$ & $-0.211139$ & $-0.22167$ & $-0.218989$ & $0.00682923$ & $0.355341$ & $0.352075$ & $0.128295$ & $-0.074067$ & $-0.0816436$ & $-0.0405121$ & $-0.11908$ & $-0.0467189$ & $0.0929682$ & $-0.146736$ & $-0.196607$ & $0.00511539$ & $0.00794111$ & $-0.0276146$ & $-0.00121012$ & $-0.0115541$ & $0.0142272$ & $-0.0154405$ & $0.00237901$ & $0.000678481$ & $0.00543514$ & $0.000457365$ & $0.00900249$ & $-0.005081$ & $0.00220516$ & $0.0451817$ \\
CH & $0.00682371$ & $-0.00494863$ & $0.00364299$ & $-0.00322339$ & $-0.0139094$ & $0.005867$ & $-0.114032$ & $0.302166$ & $0.307759$ & $-0.211407$ & $-0.135762$ & $-0.940082$ & $1$ & $-0.206135$ & $0.117998$ & $0.111497$ & $-0.313213$ & $-0.351144$ & $-0.347216$ & $0.136542$ & $0.140078$ & $0.139435$ & $-0.002123$ & $-0.348345$ & $-0.367007$ & $-0.0843017$ & $0.0522847$ & $0.0545883$ & $0.0527586$ & $0.187926$ & $0.0515449$ & $-0.0358638$ & $0.221571$ & $0.162856$ & $0.0366016$ & $0.014295$ & $0.029841$ & $0.00451234$ & $0.00865232$ & $-0.0141106$ & $0.00226783$ & $-0.00512783$ & $-0.00526741$ & $-0.00947286$ & $0.00363838$ & $-0.00726189$ & $0.00738846$ & $-0.00700527$ & $-0.0607638$ \\
CHL1_11 & $-0.0123434$ & $-0.0219604$ & $-0.000707263$ & $-0.0084481$ & $0.0175311$ & $0.016073$ & $0.01883$ & $0.144078$ & $0.1314$ & $0.233099$ & $-0.557842$ & $0.141565$ & $-0.206135$ & $1$ & $0.257586$ & $0.248413$ & $0.658217$ & $0.600716$ & $0.598614$ & $0.561955$ & $0.537275$ & $0.519398$ & $-0.0588104$ & $0.467404$ & $0.629523$ & $-0.285868$ & $-0.0349398$ & $0.164372$ & $-0.00874523$ & $-0.041542$ & $-0.0213951$ & $-0.0268455$ & $-0.0459838$ & $-0.202011$ & $-0.0152796$ & $-0.0127175$ & $0.00233243$ & $0.0165797$ & $0.00118551$ & $-0.00031426$ & $-0.0225424$ & $-0.00326382$ & $0.00226418$ & $0.00761386$ & $0.0102451$ & $-0.000316054$ & $-0.00558391$ & $0.00677079$ & $0.00880725$ \\
CHL1_22 & $-0.0233049$ & $-0.0344825$ & $0.00570704$ & $-0.00793793$ & $0.000424464$ & $-0.122853$ & $-0.0145066$ & $0.503818$ & $0.49323$ & $-0.20965$ & $-0.572514$ & $-0.144353$ & $0.117998$ & $0.257586$ & $1$ & $0.373044$ & $0.126584$ & $-0.479867$ & $-0.0372987$ & $0.608854$ & $0.521489$ & $0.508988$ & $-0.069092$ & $-0.0360243$ & $-0.0695695$ & $-0.276352$ & $-0.177047$ & $0.158108$ & $0.0164961$ & $0.0315523$ & $0.00457502$ & $-0.0291399$ & $0.0235083$ & $-0.504267$ & $-0.00266502$ & $-0.0166049$ & $0.00816546$ & $0.0193988$ & $-0.00370451$ & $-0.00974231$ & $0.00562791$ & $-5.43771e-05$ & $-0.013215$ & $-0.00210556$ & $0.0170727$ & $-0.000192265$ & $-0.00583873$ & $0.00684419$ & $-0.0176076$ \\
CHL1_33 & $-0.0290975$ & $-0.0302165$ & $-0.00576931$ & $0.00328662$ & $-0.00422548$ & $-0.11621$ & $-0.0109118$ & $0.493456$ & $0.485331$ & $-0.214874$ & $-0.557612$ & $-0.138214$ & $0.111497$ & $0.248413$ & $0.373044$ & $1$ & $0.114861$ & $-0.0382265$ & $-0.468487$ & $0.594032$ & $0.50792$ & $0.526606$ & $-0.0726824$ & $-0.038463$ & $-0.0698953$ & $-0.26425$ & $-0.172618$ & $0.16197$ & $0.0107355$ & $0.0341246$ & $0.00902663$ & $-0.0172923$ & $0.0306872$ & $0.149582$ & $-0.00469487$ & $-0.00636707$ & $0.00398825$ & $-0.00040753$ & $-0.00846573$ & $-0.00803821$ & $0.00363161$ & $9.01292e-05$ & $0.00880223$ & $0.00479307$ & $0.00508274$ & $-0.00777345$ & $-0.000183943$ & $0.0128657$ & $-0.0139631$ \\
CHL3_11 & $-0.00337128$ & $0.0105626$ & $-0.00709232$ & $0.0012231$ & $0.0192884$ & $-0.270516$ & $0.0273413$ & $-0.1974$ & $-0.203189$ & $0.425102$ & $-0.268952$ & $0.267492$ & $-0.313213$ & $0.658217$ & $0.126584$ & $0.114861$ & $1$ & $0.740901$ & $0.744161$ & $0.277403$ & $0.253409$ & $0.243506$ & $-0.0259206$ & $0.672429$ & $0.824701$ & $-0.13857$ & $-0.0606065$ & $0.0739787$ & $-0.0187191$ & $-0.0666902$ & $-0.0304931$ & $-0.0177411$ & $-0.0702078$ & $-0.20753$ & $-0.0266576$ & $-0.0113052$ & $-0.000402972$ & $0.0199165$ & $0.000718198$ & $0.0082417$ & $-0.0282366$ & $-0.00713294$ & $0.00325589$ & $-0.00138961$ & $0.0098146$ & $0.00297891$ & $0.000473219$ & $-0.00386896$ & $0.0265446$ \\
CHL3_22 & $0.00520572$ & $0.022027$ & $-0.00841065$ & $0.00546927$ & $0.0184445$ & $-0.0385469$ & $0.0336858$ & $-0.466514$ & $-0.465589$ & $0.503953$ & $0.0683217$ & $0.327725$ & $-0.351144$ & $0.600716$ & $-0.479867$ & $-0.0382265$ & $0.740901$ & $1$ & $0.679152$ & $-0.0702027$ & $-0.0629889$ & $-0.0623704$ & $0.00362507$ & $0.666985$ & $0.807471$ & $0.0356656$ & $0.00271505$ & $-0.0224723$ & $-0.0238044$ & $-0.0800581$ & $-0.0321257$ & $0.00188168$ & $-0.0785631$ & $0.0446216$ & $-0.0172484$ & $0.00157871$ & $-0.00626463$ & $0.00580864$ & $-0.000989487$ & $0.0112575$ & $-0.0291172$ & $-0.00476462$ & $0.012512$ & $0.00409262$ & $-0.00351756$ & $0.00432937$ & $0.00128215$ & $-0.00331047$ & $0.0301545$ \\
CHL3_33 & $0.00831743$ & $0.0192489$ & $0.000903739$ & $-0.000626072$ & $0.0221563$ & $-0.0435568$ & $0.0310164$ & $-0.465398$ & $-0.466216$ & $0.507193$ & $0.0670048$ & $0.32447$ & $-0.347216$ & $0.598614$ & $-0.0372987$ & $-0.468487$ & $0.744161$ & $0.679152$ & $1$ & $-0.0688356$ & $-0.0609847$ & $-0.0606232$ & $0.00856444$ & $0.666827$ & $0.806117$ & $0.0315292$ & $0.00201377$ & $-0.0289012$ & $-0.019947$ & $-0.0824634$ & $-0.0355241$ & $-0.00620143$ & $-0.0830066$ & $-0.426961$ & $-0.0165873$ & $-0.00506334$ & $-0.00394564$ & $0.01945$ & $0.00149558$ & $0.0105898$ & $-0.0252825$ & $-0.00300518$ & $-0.00314945$ & $-0.00111591$ & $0.00492832$ & $0.00909073$ & $-0.00400412$ & $-0.00482638$ & $0.0283386$ \\
CHe_11 & $-0.0134593$ & $-0.0487644$ & $0.00136105$ & $-0.0154913$ & $-0.00241682$ & $-0.179686$ & $-0.0143916$ & $0.856185$ & $0.835625$ & $-0.299663$ & $-0.992074$ & $-0.211139$ & $0.136542$ & $0.561955$ & $0.608854$ & $0.594032$ & $0.277403$ & $-0.0702027$ & $-0.0688356$ & $1$ & $0.981925$ & $0.959915$ & $-0.0749912$ & $-0.2037$ & $-0.0442753$ & $-0.53957$ & $0.107214$ & $0.314414$ & $0.012637$ & $0.041908$ & $0.018051$ & $-0.0379485$ & $0.0387516$ & $0.21531$ & $-0.00814813$ & $-0.0202149$ & $0.0098222$ & $0.0112317$ & $0.0103524$ & $-0.00715839$ & $-0.00560681$ & $-0.00249987$ & $-0.0021483$ & $0.00327277$ & $0.0106477$ & $-0.00637018$ & $-0.000692034$ & $0.00909122$ & $-0.0143203$ \\
CHe_22 & $-0.00826174$ & $-0.048629$ & $0.00143485$ & $-0.0177056$ & $-0.00243856$ & $-0.183549$ & $-0.0143589$ & $0.882099$ & $0.860501$ & $-0.312367$ & $-0.993349$ & $-0.22167$ & $0.140078$ & $0.537275$ & $0.521489$ & $0.50792$ & $0.253409$ & $-0.0629889$ & $-0.0609847$ & $0.981925$ & $1$ & $0.972122$ & $-0.0645597$ & $-0.275358$ & $-0.0856327$ & $-0.552763$ & $0.182417$ & $0.320636$ & $0.0100116$ & $0.0440821$ & $0.0198182$ & $-0.0389433$ & $0.0407323$ & $0.329931$ & $-0.00894538$ & $-0.0203908$ & $0.0108419$ & $0.00879853$ & $0.0147261$ & $-0.00657184$ & $-0.00513726$ & $-0.00315225$ & $-0.00244025$ & $0.00320239$ & $0.0102243$ & $-0.00909763$ & $-0.000880153$ & $0.00835934$ & $-0.0136262$ \\
CHe_33 & $-0.00799379$ & $-0.0489401$ & $0.00100749$ & $-0.0159169$ & $-0.00234485$ & $-0.179395$ & $-0.0142157$ & $0.863521$ & $0.842286$ & $-0.309591$ & $-0.970028$ & $-0.218989$ & $0.139435$ & $0.519398$ & $0.508988$ & $0.526606$ & $0.243506$ & $-0.0623704$ & $-0.0606232$ & $0.959915$ & $0.972122$ & $1$ & $-0.061014$ & $-0.271942$ & $-0.0859609$ & $-0.54087$ & $0.177192$ & $0.311585$ & $0.0117624$ & $0.0437173$ & $0.0185455$ & $-0.0370253$ & $0.0415518$ & $0.327976$ & $-0.00960341$ & $-0.0191246$ & $0.00969503$ & $0.00943089$ & $0.0122369$ & $-0.00660189$ & $-0.00458958$ & $-0.00102279$ & $-0.00290095$ & $0.003087$ & $0.00919821$ & $-0.00840331$ & $-0.00292597$ & $0.0116282$ & $-0.0134853$ \\
CHQ1_11 & $-0.00271019$ & $-0.0032006$ & $-0.0139599$ & $0.00209482$ & $8.05127e-05$ & $0.00798295$ & $3.67174e-05$ & $-0.0508822$ & $-0.0506757$ & $0.0129593$ & $0.0699588$ & $0.00682923$ & $-0.002123$ & $-0.0588104$ & $-0.069092$ & $-0.0726824$ & $-0.0259206$ & $0.00362507$ & $0.00856444$ & $-0.0749912$ & $-0.0645597$ & $-0.061014$ & $1$ & $-0.0292564$ & $0.0197496$ & $-0.670438$ & $0.166475$ & $-0.0212231$ & $-0.00408044$ & $0.00524545$ & $-0.0109135$ & $0.00844345$ & $0.00198602$ & $0.0237873$ & $0.00824535$ & $-0.000766084$ & $-0.0069366$ & $-0.0130222$ & $-0.0159781$ & $0.00750172$ & $-0.00141608$ & $9.56762e-05$ & $-0.00952516$ & $-0.00792094$ & $-0.0124633$ & $-0.00527877$ & $-0.00698254$ & $0.00933567$ & $-0.00220834$ \\
CHQ1_33 & $-0.0783655$ & $0.0301424$ & $-0.00220217$ & $0.00785969$ & $0.0186054$ & $-0.0165989$ & $0.0308439$ & $-0.619343$ & $-0.613267$ & $0.528757$ & $0.23964$ & $0.355341$ & $-0.348345$ & $0.467404$ & $-0.0360243$ & $-0.038463$ & $0.672429$ & $0.666985$ & $0.666827$ & $-0.2037$ & $-0.275358$ & $-0.271942$ & $-0.0292564$ & $1$ & $0.781797$ & $0.164651$ & $-0.191769$ & $0.005739$ & $-0.0216824$ & $-0.0774676$ & $-0.0413787$ & $0.00979826$ & $-0.0822838$ & $-0.546158$ & $-0.0146591$ & $0.003633$ & $-0.00981452$ & $0.0150363$ & $-0.00934779$ & $0.0043961$ & $-0.0163446$ & $-0.00315588$ & $0.00529567$ & $0.00456898$ & $0.00752168$ & $0.00516672$ & $-0.00696792$ & $-0.00384905$ & $0.0254357$ \\
CHQ3_11 & $-0.122625$ & $0.0252405$ & $-0.00858082$ & $0.00876187$ & $0.0211807$ & $-0.0687761$ & $0.0338841$ & $-0.509411$ & $-0.506687$ & $0.541271$ & $0.0657891$ & $0.352075$ & $-0.367007$ & $0.629523$ & $-0.0695695$ & $-0.0698953$ & $0.824701$ & $0.807471$ & $0.806117$ & $-0.0442753$ & $-0.0856327$ & $-0.0859609$ & $0.0197496$ & $0.781797$ & $1$ & $0.0452206$ & $0.102452$ & $-0.0320387$ & $-0.0245882$ & $-0.0859479$ & $-0.0398162$ & $-0.00215189$ & $-0.0859357$ & $-0.399995$ & $-0.0187629$ & $-0.00280069$ & $-0.00940627$ & $0.0103911$ & $-0.0061559$ & $0.0128374$ & $-0.0293436$ & $-0.0072652$ & $0.00391929$ & $-0.000980197$ & $0.00832996$ & $0.0104321$ & $-0.00162651$ & $-0.00738701$ & $0.0260722$ \\
CHu_11 & $-0.0302734$ & $0.0262768$ & $0.0119563$ & $0.00496192$ & $-0.000685907$ & $0.103805$ & $0.00946374$ & $-0.491637$ & $-0.478286$ & $0.171042$ & $0.5487$ & $0.128295$ & $-0.0843017$ & $-0.285868$ & $-0.276352$ & $-0.26425$ & $-0.13857$ & $0.0356656$ & $0.0315292$ & $-0.53957$ & $-0.552763$ & $-0.54087$ & $-0.670438$ & $0.164651$ & $0.0452206$ & $1$ & $-0.0899465$ & $-0.176227$ & $0.00153327$ & $-0.0268961$ & $-0.00133879$ & $0.0195333$ & $-0.0222074$ & $-0.202789$ & $-0.000354068$ & $0.0100574$ & $-0.00473177$ & $0.00401774$ & $0.00433833$ & $-0.00327876$ & $0.00300143$ & $-0.00142917$ & $0.010248$ & $0.00368626$ & $0.00521096$ & $0.0126955$ & $0.00277878$ & $-0.0138842$ & $0.00810499$ \\
CHd_11 & $-0.0240056$ & $0.00202383$ & $-0.00732475$ & $-0.0102476$ & $-0.00373221$ & $-0.0361865$ & $-0.000527428$ & $0.20546$ & $0.202679$ & $-0.11049$ & $-0.142434$ & $-0.074067$ & $0.0522847$ & $-0.0349398$ & $-0.177047$ & $-0.172618$ & $-0.0606065$ & $0.00271505$ & $0.00201377$ & $0.107214$ & $0.182417$ & $0.177192$ & $0.166475$ & $-0.191769$ & $0.102452$ & $-0.0899465$ & $1$ & $0.0481775$ & $-0.0104439$ & $0.0142725$ & $0.0168654$ & $0.00190967$ & $0.025407$ & $0.379335$ & $-0.00516191$ & $-0.00646147$ & $-0.0129943$ & $-0.0131767$ & $0.0203554$ & $0.0062853$ & $-0.0105541$ & $-0.0090809$ & $-0.00602697$ & $-0.00108368$ & $0.00448051$ & $0.00946406$ & $0.0042124$ & $-0.00701499$ & $-0.00413428$ \\
CHd_33 & $0.00464696$ & $-0.0231695$ & $0.00226703$ & $-0.00648905$ & $-0.0095802$ & $-0.0587444$ & $-0.0073625$ & $0.288829$ & $0.281406$ & $-0.107786$ & $-0.31941$ & $-0.0816436$ & $0.0545883$ & $0.164372$ & $0.158108$ & $0.16197$ & $0.0739787$ & $-0.0224723$ & $-0.0289012$ & $0.314414$ & $0.320636$ & $0.311585$ & $-0.0212231$ & $0.005739$ & $-0.0320387$ & $-0.176227$ & $0.0481775$ & $1$ & $0.00373928$ & $0.0144674$ & $-0.000160319$ & $-0.0186739$ & $0.00631533$ & $0.121565$ & $-0.00324436$ & $-0.0026091$ & $0.0123306$ & $0.0035439$ & $-0.00767951$ & $-0.00186378$ & $-0.00514234$ & $-0.00433258$ & $-0.00672669$ & $-0.00349878$ & $-0.000263045$ & $-0.00807869$ & $-0.00670877$ & $0.011092$ & $-0.0111991$ \\
CeH_22r & $0.00176439$ & $-0.0167261$ & $-0.000607514$ & $-0.0104237$ & $0.00184167$ & $-0.00345936$ & $0.00322576$ & $0.0204027$ & $0.0299844$ & $-0.00769577$ & $-0.0112331$ & $-0.0405121$ & $0.0527586$ & $-0.00874523$ & $0.0164961$ & $0.0107355$ & $-0.0187191$ & $-0.0238044$ & $-0.019947$ & $0.012637$ & $0.0100116$ & $0.0117624$ & $-0.00408044$ & $-0.0216824$ & $-0.0245882$ & $0.00153327$ & $-0.0104439$ & $0.00373928$ & $1$ & $0.0393892$ & $0.0226353$ & $-0.0399138$ & $0.0419303$ & $0.000412131$ & $-0.0308315$ & $-0.0148939$ & $-0.018598$ & $-0.00495799$ & $-0.0147357$ & $0.00360061$ & $0.00977351$ & $-0.000487523$ & $0.00808114$ & $0.0160127$ & $0.000195136$ & $0.00190426$ & $-0.000958482$ & $-0.0153723$ & $0.00268192$ \\
CeH_33r & $-0.00371127$ & $-0.00113401$ & $0.00610674$ & $-0.00149189$ & $-0.00928865$ & $0.00174329$ & $-0.0313219$ & $0.0789897$ & $0.102784$ & $-0.0971511$ & $-0.0422583$ & $-0.11908$ & $0.187926$ & $-0.041542$ & $0.0315523$ & $0.0341246$ & $-0.0666902$ & $-0.0800581$ & $-0.0824634$ & $0.041908$ & $0.0440821$ & $0.0437173$ & $0.00524545$ & $-0.0774676$ & $-0.0859479$ & $-0.0268961$ & $0.0142725$ & $0.0144674$ & $0.0393892$ & $1$ & $0.237757$ & $0.227227$ & $0.538223$ & $0.043004$ & $-0.0514167$ & $-0.0367245$ & $-0.160436$ & $-0.00981762$ & $-0.00685105$ & $-0.0105256$ & $0.0104074$ & $-0.0127362$ & $-0.00356781$ & $-0.00759111$ & $0.0912086$ & $0.000588413$ & $0.00370625$ & $-0.0360518$ & $-0.1261$ \\
CuH_22r & $0.0169733$ & $-0.0109164$ & $0.00142195$ & $0.000320968$ & $-0.000503391$ & $-0.00252902$ & $-0.0202229$ & $0.0361992$ & $0.0470116$ & $-0.0501041$ & $-0.0184261$ & $-0.0467189$ & $0.0515449$ & $-0.0213951$ & $0.00457502$ & $0.00902663$ & $-0.0304931$ & $-0.0321257$ & $-0.0355241$ & $0.018051$ & $0.0198182$ & $0.0185455$ & $-0.0109135$ & $-0.0413787$ & $-0.0398162$ & $-0.00133879$ & $0.0168654$ & $-0.000160319$ & $0.0226353$ & $0.237757$ & $1$ & $0.128748$ & $0.253022$ & $0.0289892$ & $-0.0123054$ & $-0.0192036$ & $-0.0676794$ & $-0.00985239$ & $-0.0200265$ & $0.00754348$ & $0.0123656$ & $-0.00515408$ & $-0.00259641$ & $0.00688195$ & $0.00680952$ & $0.0824016$ & $0.385219$ & $-0.0201277$ & $-0.0610749$ \\
CuH_33r & $-0.0130332$ & $0.00897295$ & $0.010476$ & $0.00963254$ & $-0.00141527$ & $0.0120774$ & $0.666255$ & $-0.0316961$ & $-0.0383235$ & $0.0743165$ & $0.0399179$ & $0.0929682$ & $-0.0358638$ & $-0.0268455$ & $-0.0291399$ & $-0.0172923$ & $-0.0177411$ & $0.00188168$ & $-0.00620143$ & $-0.0379485$ & $-0.0389433$ & $-0.0370253$ & $0.00844345$ & $0.00979826$ & $-0.00215189$ & $0.0195333$ & $0.00190967$ & $-0.0186739$ & $-0.0399138$ & $0.227227$ & $0.128748$ & $1$ & $0.270755$ & $-0.00187791$ & $0.174777$ & $0.0737746$ & $-0.0546715$ & $0.0026606$ & $0.0333795$ & $-0.00113123$ & $-0.00914958$ & $-0.00796468$ & $0.000336334$ & $-0.00177805$ & $0.0111613$ & $0.000106219$ & $0.00574958$ & $-0.012824$ & $-0.0479399$ \\
CdH_33r & $-9.64456e-05$ & $-0.00133026$ & $0.0155257$ & $-0.000615615$ & $-0.00641046$ & $6.46386e-05$ & $-0.0479602$ & $0.0775933$ & $0.100821$ & $-0.10195$ & $-0.0387577$ & $-0.146736$ & $0.221571$ & $-0.0459838$ & $0.0235083$ & $0.0306872$ & $-0.0702078$ & $-0.0785631$ & $-0.0830066$ & $0.0387516$ & $0.0407323$ & $0.0415518$ & $0.00198602$ & $-0.0822838$ & $-0.0859357$ & $-0.0222074$ & $0.025407$ & $0.00631533$ & $0.0419303$ & $0.538223$ & $0.253022$ & $0.270755$ & $1$ & $0.0497879$ & $-0.048086$ & $-0.0186675$ & $-0.177249$ & $-0.0106121$ & $-0.00636278$ & $0.00108223$ & $-0.0127024$ & $-0.000532055$ & $5.2694e-05$ & $0.000536524$ & $0.000480546$ & $0.00239031$ & $0.0100156$ & $0.135563$ & $0.414079$ \\
CLL_1221 & $0.0173491$ & $0.0258694$ & $-0.00371691$ & $-0.00910248$ & $-0.0167153$ & $-0.101596$ & $-0.0125145$ & $0.448318$ & $0.440744$ & $-0.288445$ & $-0.268455$ & $-0.196607$ & $0.162856$ & $-0.202011$ & $-0.504267$ & $0.149582$ & $-0.20753$ & $0.0446216$ & $-0.426961$ & $0.21531$ & $0.329931$ & $0.327976$ & $0.0237873$ & $-0.546158$ & $-0.399995$ & $-0.202789$ & $0.379335$ & $0.121565$ & $0.000412131$ & $0.043004$ & $0.0289892$ & $-0.00187791$ & $0.0497879$ & $1$ & $-0.00069004$ & $-0.000371796$ & $0.00371675$ & $-0.0191055$ & $0.01918$ & $0.00131209$ & $-0.000449055$ & $-0.00285841$ & $0.00820264$ & $0.00303753$ & $-0.00869378$ & $-0.00925664$ & $0.00837919$ & $-0.000645919$ & $-0.00345751$ \\
eHggint & $-0.00977007$ & $0.00458284$ & $0.00255221$ & $0.0182521$ & $0.00345906$ & $0.0139621$ & $-0.0121501$ & $0.00120833$ & $-0.0166893$ & $0.0411974$ & $0.00948276$ & $0.00511539$ & $0.0366016$ & $-0.0152796$ & $-0.00266502$ & $-0.00469487$ & $-0.0266576$ & $-0.0172484$ & $-0.0165873$ & $-0.00814813$ & $-0.00894538$ & $-0.00960341$ & $0.00824535$ & $-0.0146591$ & $-0.0187629$ & $-0.000354068$ & $-0.00516191$ & $-0.00324436$ & $-0.0308315$ & $-0.0514167$ & $-0.0123054$ & $0.174777$ & $-0.048086$ & $-0.00069004$ & $1$ & $-0.093362$ & $0.0287656$ & $0.000529965$ & $0.0106336$ & $0.0029141$ & $-0.00603701$ & $-0.00741618$ & $0.0125404$ & $-0.00611067$ & $0.0251658$ & $0.0113103$ & $-0.00499606$ & $0.00678163$ & $0.00417598$ \\
eHggpar & $-0.00469104$ & $0.00250931$ & $0.0104127$ & $-0.00306081$ & $-0.00365561$ & $0.0158486$ & $0.000726853$ & $-0.0161067$ & $-0.0234833$ & $0.0339191$ & $0.0207029$ & $0.00794111$ & $0.014295$ & $-0.0127175$ & $-0.0166049$ & $-0.00636707$ & $-0.0113052$ & $0.00157871$ & $-0.00506334$ & $-0.0202149$ & $-0.0203908$ & $-0.0191246$ & $-0.000766084$ & $0.003633$ & $-0.00280069$ & $0.0100574$ & $-0.00646147$ & $-0.0026091$ & $-0.0148939$ & $-0.0367245$ & $-0.0192036$ & $0.0737746$ & $-0.0186675$ & $-0.000371796$ & $-0.093362$ & $1$ & $0.0342116$ & $-0.00928129$ & $0.0230125$ & $-0.0066449$ & $-0.001118$ & $-0.00154164$ & $-0.00122948$ & $0.0137048$ & $0.0123207$ & $-0.00347272$ & $-0.00612842$ & $0.00816506$ & $0.0215945$ \\
eHWWint & $0.00571794$ & $0.00787394$ & $0.0133927$ & $-0.00463844$ & $-0.00742826$ & $-0.00999491$ & $0.00305528$ & $0.0110586$ & $-0.000354186$ & $-0.0114739$ & $-0.0103227$ & $-0.0276146$ & $0.029841$ & $0.00233243$ & $0.00816546$ & $0.00398825$ & $-0.000402972$ & $-0.00626463$ & $-0.00394564$ & $0.0098222$ & $0.0108419$ & $0.00969503$ & $-0.0069366$ & $-0.00981452$ & $-0.00940627$ & $-0.00473177$ & $-0.0129943$ & $0.0123306$ & $-0.018598$ & $-0.160436$ & $-0.0676794$ & $-0.0546715$ & $-0.177249$ & $0.00371675$ & $0.0287656$ & $0.0342116$ & $1$ & $0.0103682$ & $-0.00296991$ & $-0.0055894$ & $0.00282097$ & $0.00117887$ & $0.00734425$ & $0.0121843$ & $-0.000664716$ & $-0.0157717$ & $-0.0066063$ & $0.0129086$ & $0.0241222$ \\
eHWWpar & $0.0174238$ & $-0.0175556$ & $-0.00302013$ & $0.0100027$ & $-0.0106506$ & $-0.00648506$ & $0.00512988$ & $0.000618606$ & $0.00054998$ & $0.0120449$ & $-0.0109068$ & $-0.00121012$ & $0.00451234$ & $0.0165797$ & $0.0193988$ & $-0.00040753$ & $0.0199165$ & $0.00580864$ & $0.01945$ & $0.0112317$ & $0.00879853$ & $0.00943089$ & $-0.0130222$ & $0.0150363$ & $0.0103911$ & $0.00401774$ & $-0.0131767$ & $0.0035439$ & $-0.00495799$ & $-0.00981762$ & $-0.00985239$ & $0.0026606$ & $-0.0106121$ & $-0.0191055$ & $0.000529965$ & $-0.00928129$ & $0.0103682$ & $1$ & $-0.00552082$ & $-0.0159943$ & $-0.00172318$ & $0.001214$ & $-0.000135581$ & $-0.00850304$ & $-0.0101255$ & $-0.00428306$ & $0.000550813$ & $-0.00987007$ & $0.00351205$ \\
eHZZint & $0.00533071$ & $0.0191618$ & $-0.0169016$ & $0.000235292$ & $0.00908829$ & $-0.0062073$ & $-0.00011856$ & $0.0136147$ & $0.00933006$ & $-0.00468141$ & $-0.0123934$ & $-0.0115541$ & $0.00865232$ & $0.00118551$ & $-0.00370451$ & $-0.00846573$ & $0.000718198$ & $-0.000989487$ & $0.00149558$ & $0.0103524$ & $0.0147261$ & $0.0122369$ & $-0.0159781$ & $-0.00934779$ & $-0.0061559$ & $0.00433833$ & $0.0203554$ & $-0.00767951$ & $-0.0147357$ & $-0.00685105$ & $-0.0200265$ & $0.0333795$ & $-0.00636278$ & $0.01918$ & $0.0106336$ & $0.0230125$ & $-0.00296991$ & $-0.00552082$ & $1$ & $0.00199257$ & $-0.00823423$ & $0.00273776$ & $0.00167525$ & $0.000501349$ & $-0.00987467$ & $-0.00226689$ & $0.00174745$ & $-0.00205996$ & $0.0213438$ \\
eHZZpar & $-0.00229593$ & $0.00159743$ & $0.00508257$ & $0.00770259$ & $0.00158199$ & $0.00108918$ & $0.00036192$ & $-0.010675$ & $-0.0117935$ & $0.00916583$ & $0.00763224$ & $0.0142272$ & $-0.0141106$ & $-0.00031426$ & $-0.00974231$ & $-0.00803821$ & $0.0082417$ & $0.0112575$ & $0.0105898$ & $-0.00715839$ & $-0.00657184$ & $-0.00660189$ & $0.00750172$ & $0.0043961$ & $0.0128374$ & $-0.00327876$ & $0.0062853$ & $-0.00186378$ & $0.00360061$ & $-0.0105256$ & $0.00754348$ & $-0.00113123$ & $0.00108223$ & $0.00131209$ & $0.0029141$ & $-0.0066449$ & $-0.0055894$ & $-0.0159943$ & $0.00199257$ & $1$ & $-0.0117731$ & $0.00735272$ & $-0.00911398$ & $0.00233935$ & $-0.00450297$ & $-0.00368028$ & $-0.00571231$ & $0.00801314$ & $0.0068861$ \\
eHZgaint & $-0.0103425$ & $-0.00457444$ & $0.00013561$ & $0.00651783$ & $0.00313715$ & $-0.00208842$ & $-0.00451769$ & $0.00881225$ & $0.0088693$ & $-0.0633241$ & $0.00518985$ & $-0.0154405$ & $0.00226783$ & $-0.0225424$ & $0.00562791$ & $0.00363161$ & $-0.0282366$ & $-0.0291172$ & $-0.0252825$ & $-0.00560681$ & $-0.00513726$ & $-0.00458958$ & $-0.00141608$ & $-0.0163446$ & $-0.0293436$ & $0.00300143$ & $-0.0105541$ & $-0.00514234$ & $0.00977351$ & $0.0104074$ & $0.0123656$ & $-0.00914958$ & $-0.0127024$ & $-0.000449055$ & $-0.00603701$ & $-0.001118$ & $0.00282097$ & $-0.00172318$ & $-0.00823423$ & $-0.0117731$ & $1$ & $-0.00360443$ & $-0.00601795$ & $-0.00362651$ & $-0.0110607$ & $0.00413847$ & $0.0139505$ & $0.000991142$ & $-0.0285276$ \\
eHZgapar & $0.0105233$ & $0.00567396$ & $-0.0120524$ & $-0.00935808$ & $-0.00341073$ & $0.00295522$ & $-0.00424165$ & $-0.0011585$ & $-0.00150474$ & $-0.00865498$ & $0.00329759$ & $0.00237901$ & $-0.00512783$ & $-0.00326382$ & $-5.43771e-05$ & $9.01292e-05$ & $-0.00713294$ & $-0.00476462$ & $-0.00300518$ & $-0.00249987$ & $-0.00315225$ & $-0.00102279$ & $9.56762e-05$ & $-0.00315588$ & $-0.0072652$ & $-0.00142917$ & $-0.0090809$ & $-0.00433258$ & $-0.000487523$ & $-0.0127362$ & $-0.00515408$ & $-0.00796468$ & $-0.000532055$ & $-0.00285841$ & $-0.00741618$ & $-0.00154164$ & $0.00117887$ & $0.001214$ & $0.00273776$ & $0.00735272$ & $-0.00360443$ & $1$ & $0.00836782$ & $0.00317615$ & $0.00524131$ & $0.00367679$ & $0.00562822$ & $0.00751336$ & $0.00293672$ \\
eHgagaint & $-0.0112771$ & $0.0115617$ & $0.00630578$ & $0.0105582$ & $-8.83909e-06$ & $0.00672656$ & $-0.000790783$ & $-0.00576336$ & $0.0766041$ & $0.00268403$ & $0.00326945$ & $0.000678481$ & $-0.00526741$ & $0.00226418$ & $-0.013215$ & $0.00880223$ & $0.00325589$ & $0.012512$ & $-0.00314945$ & $-0.0021483$ & $-0.00244025$ & $-0.00290095$ & $-0.00952516$ & $0.00529567$ & $0.00391929$ & $0.010248$ & $-0.00602697$ & $-0.00672669$ & $0.00808114$ & $-0.00356781$ & $-0.00259641$ & $0.000336334$ & $5.2694e-05$ & $0.00820264$ & $0.0125404$ & $-0.00122948$ & $0.00734425$ & $-0.000135581$ & $0.00167525$ & $-0.00911398$ & $-0.00601795$ & $0.00836782$ & $1$ & $0.00568263$ & $-0.0123728$ & $0.00635246$ & $0.00902168$ & $0.0154017$ & $0.00775467$ \\
eHmumuint & $0.000335945$ & $0.00338204$ & $0.000131333$ & $0.000954329$ & $0.000593453$ & $0.0145669$ & $-0.000933148$ & $0.00211268$ & $0.00351202$ & $-0.00803296$ & $-0.00300005$ & $0.00543514$ & $-0.00947286$ & $0.00761386$ & $-0.00210556$ & $0.00479307$ & $-0.00138961$ & $0.00409262$ & $-0.00111591$ & $0.00327277$ & $0.00320239$ & $0.003087$ & $-0.00792094$ & $0.00456898$ & $-0.000980197$ & $0.00368626$ & $-0.00108368$ & $-0.00349878$ & $0.0160127$ & $-0.00759111$ & $0.00688195$ & $-0.00177805$ & $0.000536524$ & $0.00303753$ & $-0.00611067$ & $0.0137048$ & $0.0121843$ & $-0.00850304$ & $0.000501349$ & $0.00233935$ & $-0.00362651$ & $0.00317615$ & $0.00568263$ & $1$ & $-0.00563721$ & $0.00233266$ & $0.0102744$ & $0.00127242$ & $0.0214793$ \\
eHtautauint & $-0.0231798$ & $0.00745831$ & $-0.00946977$ & $0.00712043$ & $-0.000465065$ & $0.0037884$ & $0.00319731$ & $0.00682632$ & $0.00633819$ & $0.00713473$ & $-0.010815$ & $0.000457365$ & $0.00363838$ & $0.0102451$ & $0.0170727$ & $0.00508274$ & $0.0098146$ & $-0.00351756$ & $0.00492832$ & $0.0106477$ & $0.0102243$ & $0.00919821$ & $-0.0124633$ & $0.00752168$ & $0.00832996$ & $0.00521096$ & $0.00448051$ & $-0.000263045$ & $0.000195136$ & $0.0912086$ & $0.00680952$ & $0.0111613$ & $0.000480546$ & $-0.00869378$ & $0.0251658$ & $0.0123207$ & $-0.000664716$ & $-0.0101255$ & $-0.00987467$ & $-0.00450297$ & $-0.0110607$ & $0.00524131$ & $-0.0123728$ & $-0.00563721$ & $1$ & $0.00134145$ & $-0.0019755$ & $-0.0185704$ & $-0.00731325$ \\
eHccint & $0.00812604$ & $0.00401069$ & $-0.0101626$ & $0.00827852$ & $-0.0131488$ & $0.00505725$ & $-0.00582769$ & $-0.0104469$ & $-0.00864486$ & $0.00537351$ & $0.00764908$ & $0.00900249$ & $-0.00726189$ & $-0.000316054$ & $-0.000192265$ & $-0.00777345$ & $0.00297891$ & $0.00432937$ & $0.00909073$ & $-0.00637018$ & $-0.00909763$ & $-0.00840331$ & $-0.00527877$ & $0.00516672$ & $0.0104321$ & $0.0126955$ & $0.00946406$ & $-0.00807869$ & $0.00190426$ & $0.000588413$ & $0.0824016$ & $0.000106219$ & $0.00239031$ & $-0.00925664$ & $0.0113103$ & $-0.00347272$ & $-0.0157717$ & $-0.00428306$ & $-0.00226689$ & $-0.00368028$ & $0.00413847$ & $0.00367679$ & $0.00635246$ & $0.00233266$ & $0.00134145$ & $1$ & $0.012782$ & $-0.000586768$ & $0.00479424$ \\
eHccpar & $0.0142278$ & $-0.00603453$ & $-0.00459053$ & $0.00805347$ & $0.000444978$ & $0.000367446$ & $0.0027906$ & $0.000698577$ & $0.00362748$ & $0.000979722$ & $0.00108814$ & $-0.005081$ & $0.00738846$ & $-0.00558391$ & $-0.00583873$ & $-0.000183943$ & $0.000473219$ & $0.00128215$ & $-0.00400412$ & $-0.000692034$ & $-0.000880153$ & $-0.00292597$ & $-0.00698254$ & $-0.00696792$ & $-0.00162651$ & $0.00277878$ & $0.0042124$ & $-0.00670877$ & $-0.000958482$ & $0.00370625$ & $0.385219$ & $0.00574958$ & $0.0100156$ & $0.00837919$ & $-0.00499606$ & $-0.00612842$ & $-0.0066063$ & $0.000550813$ & $0.00174745$ & $-0.00571231$ & $0.0139505$ & $0.00562822$ & $0.00902168$ & $0.0102744$ & $-0.0019755$ & $0.012782$ & $1$ & $0.00799841$ & $-0.00443422$ \\
eHbbint & $0.0191266$ & $-0.00662223$ & $0.00388731$ & $0.0131904$ & $-0.000362343$ & $0.005526$ & $0.00370088$ & $0.00958207$ & $0.00683033$ & $0.00114815$ & $-0.00970793$ & $0.00220516$ & $-0.00700527$ & $0.00677079$ & $0.00684419$ & $0.0128657$ & $-0.00386896$ & $-0.00331047$ & $-0.00482638$ & $0.00909122$ & $0.00835934$ & $0.0116282$ & $0.00933567$ & $-0.00384905$ & $-0.00738701$ & $-0.0138842$ & $-0.00701499$ & $0.011092$ & $-0.0153723$ & $-0.0360518$ & $-0.0201277$ & $-0.012824$ & $0.135563$ & $-0.000645919$ & $0.00678163$ & $0.00816506$ & $0.0129086$ & $-0.00987007$ & $-0.00205996$ & $0.00801314$ & $0.000991142$ & $0.00751336$ & $0.0154017$ & $0.00127242$ & $-0.0185704$ & $-0.000586768$ & $0.00799841$ & $1$ & $-0.0298876$ \\
eHbbpar & $-0.00215653$ & $0.0048239$ & $0.000521016$ & $-0.00806634$ & $0.00443819$ & $-0.00390643$ & $0.00286496$ & $-0.0258398$ & $-0.0304526$ & $0.0366744$ & $0.0141187$ & $0.0451817$ & $-0.0607638$ & $0.00880725$ & $-0.0176076$ & $-0.0139631$ & $0.0265446$ & $0.0301545$ & $0.0283386$ & $-0.0143203$ & $-0.0136262$ & $-0.0134853$ & $-0.00220834$ & $0.0254357$ & $0.0260722$ & $0.00810499$ & $-0.00413428$ & $-0.0111991$ & $0.00268192$ & $-0.1261$ & $-0.0610749$ & $-0.0479399$ & $0.414079$ & $-0.00345751$ & $0.00417598$ & $0.0215945$ & $0.0241222$ & $0.00351205$ & $0.0213438$ & $0.0068861$ & $-0.0285276$ & $0.00293672$ & $0.00775467$ & $0.0214793$ & $-0.00731325$ & $0.00479424$ & $-0.00443422$ & $-0.0298876$ & $1$ \\
