 & AlsMz & dAle5Mz & mtop & mHl & Mz & CW & CHG & CHWB & CHWHB_gaga & CHWHB_gagaorth & CHD & CHbox & CH & CHL1_11 & CHL1_22 & CHL1_33 & CHL3_11 & CHL3_22 & CHL3_33 & CHe_11 & CHe_22 & CHe_33 & CHQ1_11 & CHQ1_33 & CHQ3_11 & CHu_11 & CHd_11 & CHd_33 & CeH_22r & CeH_33r & CuH_22r & CuH_33r & CdH_33r & CLL_1221 & eHggint & eHggpar & eHWWint & eHWWpar & eHZZint & eHZZpar & eHZgaint & eHZgapar & eHgagaint & eHmumuint & eHtautauint & eHccint & eHccpar & eHbbint & eHbbpar \\
AlsMz & $1$ & $-0.0265605$ & $0.0629906$ & $-0.0236226$ & $-0.00892382$ & $-0.0133659$ & $0.0347456$ & $0.0129066$ & $0.0144796$ & $0.0325838$ & $-0.0256138$ & $0.00365317$ & $-0.00633361$ & $0.0168607$ & $-0.0327446$ & $0.0271858$ & $0.0111128$ & $0.0352195$ & $0.00202857$ & $0.0166002$ & $0.0171019$ & $0.0257962$ & $-0.0154504$ & $-0.0550091$ & $-0.0903508$ & $-0.0285223$ & $-0.0231976$ & $0.0709366$ & $0.0265101$ & $0.00819155$ & $-0.0023472$ & $0.0380199$ & $0.00107032$ & $0.037949$ & $-0.027091$ & $0.0488186$ & $-0.0147266$ & $-0.007362$ & $0.0571719$ & $0.0231505$ & $-0.00506558$ & $0.073804$ & $-0.0296522$ & $-0.0780232$ & $0.00336704$ & $-0.0364315$ & $0.0510571$ & $-0.050857$ & $-0.0286902$ \\
dAle5Mz & $-0.0265605$ & $1$ & $0.0795255$ & $-0.00531166$ & $0.00334682$ & $0.0181915$ & $0.000897453$ & $-0.0454372$ & $-0.0466501$ & $-0.00393218$ & $0.0384645$ & $-0.0181994$ & $0.0147536$ & $-0.022807$ & $0.0513581$ & $-0.0248516$ & $-0.00970938$ & $-0.0493375$ & $0.00280461$ & $-0.0143904$ & $-0.0185526$ & $-0.0129465$ & $-0.0241512$ & $-0.00389566$ & $0.00265711$ & $0.0490496$ & $0.0108402$ & $-0.0302107$ & $0.0185871$ & $0.0154683$ & $0.0079806$ & $-0.00553176$ & $0.00737925$ & $-0.0249414$ & $0.0255849$ & $-0.0108004$ & $-0.0148029$ & $0.0137126$ & $-0.116707$ & $0.068008$ & $0.0902056$ & $0.016624$ & $0.0238797$ & $0.000694288$ & $0.0234906$ & $-0.0652327$ & $0.036034$ & $0.0753066$ & $-0.0225828$ \\
mtop & $0.0629906$ & $0.0795255$ & $1$ & $-0.0373034$ & $-0.0139449$ & $0.0586441$ & $0.0131045$ & $-0.0395142$ & $-0.0411991$ & $0.0238636$ & $0.0469498$ & $-0.0162083$ & $0.0169718$ & $-0.00952152$ & $-0.0155829$ & $0.00310945$ & $-0.0223326$ & $-0.00130436$ & $-0.0133212$ & $-0.0382666$ & $-0.0438147$ & $-0.037574$ & $-0.068234$ & $0.0330657$ & $-0.0175058$ & $0.0826985$ & $-0.0301306$ & $0.0428623$ & $-0.0622837$ & $0.0116847$ & $0.022258$ & $0.0322157$ & $0.0144929$ & $-0.0272234$ & $-0.0382757$ & $0.00868368$ & $-0.0460259$ & $0.0146923$ & $-0.0552549$ & $0.0313785$ & $0.037172$ & $-0.0261124$ & $-0.0658508$ & $-0.011526$ & $-0.0088501$ & $0.0435663$ & $0.0279783$ & $0.00844671$ & $-0.0352121$ \\
mHl & $-0.0236226$ & $-0.00531166$ & $-0.0373034$ & $1$ & $-0.0505919$ & $0.0141839$ & $-0.0211243$ & $0.001799$ & $0.00166522$ & $-0.0187396$ & $0.0169871$ & $-0.0283314$ & $0.0156717$ & $-0.0175457$ & $0.0543771$ & $-0.0363523$ & $-0.0574944$ & $-0.0762637$ & $-0.0149554$ & $-0.0182692$ & $-0.0237669$ & $-0.022087$ & $0.0629187$ & $-0.0359151$ & $-0.0390955$ & $-0.0119331$ & $-0.00957932$ & $-0.0319513$ & $-0.0219143$ & $0.0077519$ & $0.00545665$ & $-0.0216876$ & $0.00936535$ & $-0.0681396$ & $0.0118024$ & $0.0270188$ & $-0.00344025$ & $0.01015$ & $0.040043$ & $0.0188902$ & $0.0380543$ & $0.00496726$ & $0.00997138$ & $-0.0656394$ & $0.0301419$ & $0.0154663$ & $0.0450449$ & $0.0550805$ & $0.0055874$ \\
Mz & $-0.00892382$ & $0.00334682$ & $-0.0139449$ & $-0.0505919$ & $1$ & $0.0111748$ & $0.00557158$ & $0.00509521$ & $0.00644758$ & $0.0173221$ & $-0.0129098$ & $-0.0277958$ & $0.0157762$ & $0.0341974$ & $0.010178$ & $-0.00863125$ & $0.0258144$ & $0.0223255$ & $0.033251$ & $0.0181582$ & $0.0208081$ & $0.0262587$ & $0.00236965$ & $0.0161504$ & $0.0232073$ & $-0.0180218$ & $0.00402468$ & $-0.00570459$ & $0.0324238$ & $0.0138666$ & $-0.0117247$ & $0.011186$ & $-0.0157182$ & $-0.00537797$ & $0.0537338$ & $-0.0107027$ & $-0.0236296$ & $0.0297842$ & $-0.0430478$ & $0.00671299$ & $0.0264715$ & $0.0162492$ & $0.0321571$ & $-0.00367364$ & $-0.0357772$ & $0.0118495$ & $-0.0187398$ & $0.000412167$ & $-0.0782963$ \\
CW & $-0.0133659$ & $0.0181915$ & $0.0586441$ & $0.0141839$ & $0.0111748$ & $1$ & $0.0482572$ & $-0.0153373$ & $-0.021447$ & $0.016745$ & $0.148154$ & $0.128782$ & $-0.0880253$ & $-0.0645564$ & $-0.0704294$ & $-0.0481076$ & $-0.397881$ & $-0.213097$ & $-0.217221$ & $-0.140744$ & $-0.14983$ & $-0.144129$ & $0.0232983$ & $-0.156438$ & $-0.241649$ & $0.0767829$ & $-0.0482596$ & $-0.0620141$ & $-0.0464753$ & $-0.0768533$ & $-0.0678728$ & $0.054643$ & $-0.0983568$ & $-0.0816717$ & $0.0446446$ & $0.0251675$ & $0.108796$ & $-0.0152527$ & $-0.0307121$ & $-0.00484598$ & $0.0489015$ & $-0.0428597$ & $-0.034012$ & $-0.0419932$ & $0.00140189$ & $-0.0152689$ & $-0.0398759$ & $-0.0400863$ & $-0.00337765$ \\
CHG & $0.0347456$ & $0.000897453$ & $0.0131045$ & $-0.0211243$ & $0.00557158$ & $0.0482572$ & $1$ & $-0.009952$ & $0.00872467$ & $0.189922$ & $0.0817949$ & $0.690428$ & $-0.769359$ & $-0.118323$ & $-0.0465009$ & $-0.0550558$ & $-0.145138$ & $-0.114902$ & $-0.112584$ & $-0.0815446$ & $-0.0770718$ & $-0.0755968$ & $0.0457309$ & $-0.0788225$ & $-0.10238$ & $0.0281276$ & $0.0432057$ & $-0.0213909$ & $-0.2204$ & $-0.559533$ & $-0.308376$ & $0.955011$ & $-0.541637$ & $0.017113$ & $-0.184001$ & $-0.0562544$ & $0.0132553$ & $0.00572633$ & $0.0449227$ & $-0.0545609$ & $0.0358233$ & $-0.0184966$ & $-0.0505085$ & $-0.0105235$ & $0.00481739$ & $-0.0523486$ & $0.017531$ & $-0.0216954$ & $0.0697622$ \\
CHWB & $0.0129066$ & $-0.0454372$ & $-0.0395142$ & $0.001799$ & $0.00509521$ & $-0.0153373$ & $-0.009952$ & $1$ & $0.988238$ & $-0.511107$ & $-0.86456$ & $-0.061227$ & $-0.0174105$ & $0.271055$ & $0.413826$ & $0.436293$ & $-0.217417$ & $-0.365182$ & $-0.384919$ & $0.847416$ & $0.878806$ & $0.872244$ & $0.0465198$ & $-0.617656$ & $-0.344894$ & $-0.612448$ & $0.426544$ & $0.417698$ & $-0.0167904$ & $-0.000820211$ & $-0.00251459$ & $-0.0251317$ & $-0.0238944$ & $0.544852$ & $-0.0194794$ & $0.0635597$ & $-0.0489924$ & $0.0393291$ & $-0.0154315$ & $0.00290325$ & $-0.0374689$ & $-0.00843328$ & $0.026605$ & $-0.00901033$ & $0.0385$ & $-0.0143934$ & $0.0519813$ & $-0.0372794$ & $0.014717$ \\
CHWHB_gaga & $0.0144796$ & $-0.0466501$ & $-0.0411991$ & $0.00166522$ & $0.00644758$ & $-0.021447$ & $0.00872467$ & $0.988238$ & $1$ & $-0.514269$ & $-0.854078$ & $-0.0694279$ & $-0.00430544$ & $0.267365$ & $0.413135$ & $0.436335$ & $-0.216749$ & $-0.363695$ & $-0.384124$ & $0.837651$ & $0.867441$ & $0.861295$ & $0.0456794$ & $-0.609618$ & $-0.344645$ & $-0.606339$ & $0.415323$ & $0.408778$ & $-0.00353324$ & $0.0287295$ & $0.0145062$ & $-0.00712331$ & $0.00639222$ & $0.534183$ & $-0.030709$ & $0.0566149$ & $-0.060974$ & $0.0426778$ & $-0.0160705$ & $0.00375861$ & $-0.0314559$ & $-0.0072056$ & $0.0911631$ & $-0.00742524$ & $0.0339655$ & $-0.0167276$ & $0.0472978$ & $-0.0395971$ & $0.0180156$ \\
CHWHB_gagaorth & $0.0325838$ & $-0.00393218$ & $0.0238636$ & $-0.0187396$ & $0.0173221$ & $0.016745$ & $0.189922$ & $-0.511107$ & $-0.514269$ & $1$ & $0.429209$ & $0.378692$ & $-0.217606$ & $-0.113534$ & $-0.245361$ & $-0.214295$ & $0.138943$ & $0.2341$ & $0.215974$ & $-0.425198$ & $-0.436084$ & $-0.430067$ & $-0.0268701$ & $0.323836$ & $0.197258$ & $0.296143$ & $-0.217021$ & $-0.177662$ & $-0.0376874$ & $-0.205721$ & $-0.145849$ & $0.209955$ & $-0.208778$ & $-0.244737$ & $0.0518345$ & $-0.0597768$ & $0.0863605$ & $-0.0103994$ & $0.0275041$ & $-0.0283756$ & $-0.0311656$ & $-0.0273289$ & $-0.0694012$ & $0.00387207$ & $-0.0481808$ & $0.0482855$ & $-0.0343752$ & $0.00818106$ & $-0.0207286$ \\
CHD & $-0.0256138$ & $0.0384645$ & $0.0469498$ & $0.0169871$ & $-0.0129098$ & $0.148154$ & $0.0817949$ & $-0.86456$ & $-0.854078$ & $0.429209$ & $1$ & $0.187662$ & $-0.0643873$ & $-0.678866$ & $-0.54262$ & $-0.553797$ & $-0.274378$ & $-0.0787543$ & $-0.0627696$ & $-0.994656$ & $-0.995053$ & $-0.983639$ & $0.0497164$ & $0.186268$ & $-0.109823$ & $0.673548$ & $-0.284746$ & $-0.446127$ & $-0.00560548$ & $-0.0592782$ & $-0.0553273$ & $0.102877$ & $-0.0524865$ & $-0.328705$ & $0.0259253$ & $-0.0452536$ & $0.0424857$ & $-0.041395$ & $-0.0154019$ & $-0.0126438$ & $0.0590363$ & $0.00997511$ & $-0.0143844$ & $0.000616795$ & $-0.00877393$ & $-0.0337791$ & $-0.0550351$ & $0.00378633$ & $-0.00486421$ \\
CHbox & $0.00365317$ & $-0.0181994$ & $-0.0162083$ & $-0.0283314$ & $-0.0277958$ & $0.128782$ & $0.690428$ & $-0.061227$ & $-0.0694279$ & $0.378692$ & $0.187662$ & $1$ & $-0.886329$ & $-0.236275$ & $-0.0953049$ & $-0.106605$ & $-0.250202$ & $-0.198654$ & $-0.198215$ & $-0.187984$ & $-0.18286$ & $-0.182907$ & $0.0551274$ & $-0.130138$ & $-0.200488$ & $0.0829309$ & $-7.03315e-05$ & $-0.0967655$ & $-0.254761$ & $-0.587026$ & $-0.360708$ & $0.647819$ & $-0.566465$ & $0.0076111$ & $-0.108693$ & $-0.0469272$ & $0.0514824$ & $0.000549121$ & $0.0589804$ & $-0.0743035$ & $0.048359$ & $-0.00303318$ & $-0.0573167$ & $-0.0299022$ & $0.0312122$ & $-0.0236906$ & $-0.0298957$ & $-0.0225193$ & $0.0471939$ \\
CH & $-0.00633361$ & $0.0147536$ & $0.0169718$ & $0.0156717$ & $0.0157762$ & $-0.0880253$ & $-0.769359$ & $-0.0174105$ & $-0.00430544$ & $-0.217606$ & $-0.0643873$ & $-0.886329$ & $1$ & $0.116307$ & $0.0422999$ & $0.0499131$ & $0.162572$ & $0.130866$ & $0.132481$ & $0.0670488$ & $0.0599885$ & $0.0598951$ & $-0.0539544$ & $0.106947$ & $0.122928$ & $-0.000633023$ & $-0.0466359$ & $0.0425389$ & $0.268092$ & $0.712899$ & $0.39673$ & $-0.686218$ & $0.69066$ & $-0.038314$ & $0.177582$ & $0.0455889$ & $-0.0154775$ & $-0.00494767$ & $-0.064112$ & $0.0568294$ & $-0.0608478$ & $0.0027454$ & $0.0582411$ & $0.0156178$ & $-0.0265837$ & $0.0262781$ & $0.0170087$ & $-0.00298694$ & $-0.0526356$ \\
CHL1_11 & $0.0168607$ & $-0.022807$ & $-0.00952152$ & $-0.0175457$ & $0.0341974$ & $-0.0645564$ & $-0.118323$ & $0.271055$ & $0.267365$ & $-0.113534$ & $-0.678866$ & $-0.236275$ & $0.116307$ & $1$ & $0.395304$ & $0.399139$ & $0.653164$ & $0.628399$ & $0.615086$ & $0.688584$ & $0.652238$ & $0.63907$ & $-0.142084$ & $0.449019$ & $0.627698$ & $-0.431417$ & $-0.0401461$ & $0.263789$ & $0.0240941$ & $0.0887065$ & $0.085448$ & $-0.141405$ & $0.0951974$ & $-0.151663$ & $-0.0184975$ & $0.00730837$ & $0.0104602$ & $0.0342819$ & $0.0319807$ & $0.0121699$ & $-0.0368842$ & $-0.0182128$ & $-0.0122106$ & $-0.0138803$ & $-0.0370583$ & $0.0876491$ & $0.00810371$ & $0.0255158$ & $-0.0157209$ \\
CHL1_22 & $-0.0327446$ & $0.0513581$ & $-0.0155829$ & $0.0543771$ & $0.010178$ & $-0.0704294$ & $-0.0465009$ & $0.413826$ & $0.413135$ & $-0.245361$ & $-0.54262$ & $-0.0953049$ & $0.0422999$ & $0.395304$ & $1$ & $0.520397$ & $0.208317$ & $-0.272112$ & $0.0412826$ & $0.587906$ & $0.486886$ & $0.479996$ & $-0.205651$ & $0.0893273$ & $-0.00997501$ & $-0.327343$ & $-0.296385$ & $0.206686$ & $-0.00317298$ & $0.0438476$ & $0.0424909$ & $-0.0474592$ & $0.074396$ & $-0.495845$ & $0.00877037$ & $0.0614578$ & $-0.0455823$ & $-0.0477578$ & $0.0227459$ & $-0.022794$ & $-0.0525309$ & $0.0242334$ & $0.0216993$ & $-0.00653063$ & $-0.00324357$ & $0.038366$ & $0.0444916$ & $0.0309213$ & $0.0315173$ \\
CHL1_33 & $0.0271858$ & $-0.0248516$ & $0.00310945$ & $-0.0363523$ & $-0.00863125$ & $-0.0481076$ & $-0.0550558$ & $0.436293$ & $0.436335$ & $-0.214295$ & $-0.553797$ & $-0.106605$ & $0.0499131$ & $0.399139$ & $0.520397$ & $1$ & $0.182263$ & $0.029588$ & $-0.270452$ & $0.59442$ & $0.500744$ & $0.518595$ & $-0.220302$ & $0.0619319$ & $-0.0410614$ & $-0.325482$ & $-0.292555$ & $0.223937$ & $0.00777942$ & $0.0500212$ & $0.0437453$ & $-0.0604159$ & $0.0735092$ & $-0.0300045$ & $-0.0616472$ & $0.0130108$ & $-0.057496$ & $0.000902252$ & $0.0350717$ & $0.00338517$ & $-0.0330032$ & $0.0271414$ & $0.011764$ & $0.0363307$ & $0.0259081$ & $0.0260165$ & $0.0208383$ & $-0.000925666$ & $0.0215822$ \\
CHL3_11 & $0.0111128$ & $-0.00970938$ & $-0.0223326$ & $-0.0574944$ & $0.0258144$ & $-0.397881$ & $-0.145138$ & $-0.217417$ & $-0.216749$ & $0.138943$ & $-0.274378$ & $-0.250202$ & $0.162572$ & $0.653164$ & $0.208317$ & $0.182263$ & $1$ & $0.822225$ & $0.832789$ & $0.286154$ & $0.250388$ & $0.240281$ & $-0.153368$ & $0.760418$ & $0.857863$ & $-0.127618$ & $-0.167965$ & $0.0685431$ & $0.0464051$ & $0.122727$ & $0.120604$ & $-0.155537$ & $0.151323$ & $-0.264038$ & $-0.011481$ & $-0.046927$ & $-0.00948353$ & $0.00751711$ & $0.0643844$ & $0.026807$ & $-0.0586641$ & $-0.00452177$ & $-0.0193363$ & $0.0354038$ & $-0.0503841$ & $0.0834839$ & $0.0278746$ & $0.064763$ & $-0.0220399$ \\
CHL3_22 & $0.0352195$ & $-0.0493375$ & $-0.00130436$ & $-0.0762637$ & $0.0223255$ & $-0.213097$ & $-0.114902$ & $-0.365182$ & $-0.363695$ & $0.2341$ & $-0.0787543$ & $-0.198654$ & $0.130866$ & $0.628399$ & $-0.272112$ & $0.029588$ & $0.822225$ & $1$ & $0.792719$ & $0.0763323$ & $0.0739703$ & $0.0688996$ & $-0.0715568$ & $0.724767$ & $0.858245$ & $-0.0195865$ & $-0.0631913$ & $-0.000717423$ & $0.0417263$ & $0.0911693$ & $0.0870767$ & $-0.128133$ & $0.102997$ & $-0.0564643$ & $-0.022951$ & $-0.0663345$ & $0.0329812$ & $0.0401003$ & $0.0483315$ & $0.0317597$ & $-0.0153863$ & $-0.0214849$ & $-0.0317694$ & $0.0205324$ & $-0.0497718$ & $0.0734516$ & $-0.0144617$ & $0.0389588$ & $-0.0343086$ \\
CHL3_33 & $0.00202857$ & $0.00280461$ & $-0.0133212$ & $-0.0149554$ & $0.033251$ & $-0.217221$ & $-0.112584$ & $-0.384919$ & $-0.384124$ & $0.215974$ & $-0.0627696$ & $-0.198215$ & $0.132481$ & $0.615086$ & $0.0412826$ & $-0.270452$ & $0.832789$ & $0.792719$ & $1$ & $0.0636382$ & $0.0568875$ & $0.0480183$ & $-0.0582831$ & $0.740286$ & $0.870709$ & $-0.0219588$ & $-0.0715275$ & $-0.0126602$ & $0.0420346$ & $0.0942738$ & $0.0965242$ & $-0.120889$ & $0.105344$ & $-0.367969$ & $0.0219146$ & $-0.0289313$ & $0.038126$ & $0.00746381$ & $0.0408864$ & $0.0192348$ & $-0.0399748$ & $-0.025641$ & $-0.0293146$ & $-0.00400142$ & $-0.0657991$ & $0.0897578$ & $-0.000717497$ & $0.0717444$ & $-0.0428915$ \\
CHe_11 & $0.0166002$ & $-0.0143904$ & $-0.0382666$ & $-0.0182692$ & $0.0181582$ & $-0.140744$ & $-0.0815446$ & $0.847416$ & $0.837651$ & $-0.425198$ & $-0.994656$ & $-0.187984$ & $0.0670488$ & $0.688584$ & $0.587906$ & $0.59442$ & $0.286154$ & $0.0763323$ & $0.0636382$ & $1$ & $0.985406$ & $0.974861$ & $-0.0697148$ & $-0.152147$ & $0.115477$ & $-0.665452$ & $0.232922$ & $0.440807$ & $0.00755008$ & $0.0640421$ & $0.0581102$ & $-0.100737$ & $0.0610313$ & $0.271489$ & $-0.0268534$ & $0.047248$ & $-0.0433103$ & $0.0392955$ & $0.0148659$ & $0.0113382$ & $-0.0549667$ & $-0.00911111$ & $0.01671$ & $0.00036348$ & $0.00836044$ & $0.036168$ & $0.0522135$ & $0.00243508$ & $0.00735582$ \\
CHe_22 & $0.0171019$ & $-0.0185526$ & $-0.0438147$ & $-0.0237669$ & $0.0208081$ & $-0.14983$ & $-0.0770718$ & $0.878806$ & $0.867441$ & $-0.436084$ & $-0.995053$ & $-0.18286$ & $0.0599885$ & $0.652238$ & $0.486886$ & $0.500744$ & $0.250388$ & $0.0739703$ & $0.0568875$ & $0.985406$ & $1$ & $0.986639$ & $-0.0234171$ & $-0.227399$ & $0.0984253$ & $-0.677032$ & $0.345118$ & $0.448761$ & $0.00670549$ & $0.0568106$ & $0.0531435$ & $-0.0986191$ & $0.0450224$ & $0.394421$ & $-0.0256297$ & $0.0449081$ & $-0.041822$ & $0.0495747$ & $0.00503984$ & $0.0140974$ & $-0.0568596$ & $-0.0163547$ & $0.0152744$ & $9.83051e-05$ & $0.00778979$ & $0.0288268$ & $0.0556099$ & $-0.00422877$ & $0.00154277$ \\
CHe_33 & $0.0257962$ & $-0.0129465$ & $-0.037574$ & $-0.022087$ & $0.0262587$ & $-0.144129$ & $-0.0755968$ & $0.872244$ & $0.861295$ & $-0.430067$ & $-0.983639$ & $-0.182907$ & $0.0598951$ & $0.63907$ & $0.479996$ & $0.518595$ & $0.240281$ & $0.0688996$ & $0.0480183$ & $0.974861$ & $0.986639$ & $1$ & $-0.0244415$ & $-0.230115$ & $0.0874134$ & $-0.673468$ & $0.335357$ & $0.448216$ & $0.0143752$ & $0.0583887$ & $0.0629878$ & $-0.0966431$ & $0.0418895$ & $0.395924$ & $-0.025779$ & $0.0407574$ & $-0.0505241$ & $0.050697$ & $0.0110223$ & $0.0223576$ & $-0.0554749$ & $-0.016013$ & $0.0103247$ & $0.00143113$ & $0.0127022$ & $0.0399694$ & $0.0588993$ & $-0.00099987$ & $-0.0069912$ \\
CHQ1_11 & $-0.0154504$ & $-0.0241512$ & $-0.068234$ & $0.0629187$ & $0.00236965$ & $0.0232983$ & $0.0457309$ & $0.0465198$ & $0.0456794$ & $-0.0268701$ & $0.0497164$ & $0.0551274$ & $-0.0539544$ & $-0.142084$ & $-0.205651$ & $-0.220302$ & $-0.153368$ & $-0.0715568$ & $-0.0582831$ & $-0.0697148$ & $-0.0234171$ & $-0.0244415$ & $1$ & $-0.179616$ & $-0.00570521$ & $-0.563338$ & $0.380889$ & $-0.0322839$ & $0.0360232$ & $-0.0339025$ & $-0.0187215$ & $0.0429634$ & $-0.0582756$ & $0.217353$ & $0.0337541$ & $0.0438331$ & $0.0334163$ & $-0.00275201$ & $-0.0275083$ & $-0.0117645$ & $-0.00920035$ & $0.00060414$ & $0.0713358$ & $-0.0459739$ & $-0.0193713$ & $0.0640422$ & $0.0344404$ & $-0.0634745$ & $0.00715529$ \\
CHQ1_33 & $-0.0550091$ & $-0.00389566$ & $0.0330657$ & $-0.0359151$ & $0.0161504$ & $-0.156438$ & $-0.0788225$ & $-0.617656$ & $-0.609618$ & $0.323836$ & $0.186268$ & $-0.130138$ & $0.106947$ & $0.449019$ & $0.0893273$ & $0.0619319$ & $0.760418$ & $0.724767$ & $0.740286$ & $-0.152147$ & $-0.227399$ & $-0.230115$ & $-0.179616$ & $1$ & $0.755773$ & $0.180249$ & $-0.408706$ & $-0.0794206$ & $0.0150154$ & $0.0750506$ & $0.0879107$ & $-0.0792242$ & $0.105214$ & $-0.616228$ & $-0.00834152$ & $-0.0584395$ & $0.0266633$ & $-0.00968551$ & $0.0552717$ & $0.0117756$ & $-0.0109626$ & $0.00823383$ & $-0.0172445$ & $0.0194078$ & $-0.044888$ & $0.0736391$ & $-0.00673468$ & $0.052171$ & $-0.0281568$ \\
CHQ3_11 & $-0.0903508$ & $0.00265711$ & $-0.0175058$ & $-0.0390955$ & $0.0232073$ & $-0.241649$ & $-0.10238$ & $-0.344894$ & $-0.344645$ & $0.197258$ & $-0.109823$ & $-0.200488$ & $0.122928$ & $0.627698$ & $-0.00997501$ & $-0.0410614$ & $0.857863$ & $0.858245$ & $0.870709$ & $0.115477$ & $0.0984253$ & $0.0874134$ & $-0.00570521$ & $0.755773$ & $1$ & $-0.0364573$ & $0.105157$ & $-0.00212657$ & $0.0326557$ & $0.0826953$ & $0.0965934$ & $-0.11664$ & $0.105212$ & $-0.258982$ & $-0.00978478$ & $-0.0333556$ & $0.0256234$ & $0.0125102$ & $0.038838$ & $0.0234759$ & $-0.0212182$ & $-0.0285928$ & $-0.0252127$ & $0.0155154$ & $-0.0492943$ & $0.0795832$ & $0.00863103$ & $0.081886$ & $-0.0249604$ \\
CHu_11 & $-0.0285223$ & $0.0490496$ & $0.0826985$ & $-0.0119331$ & $-0.0180218$ & $0.0767829$ & $0.0281276$ & $-0.612448$ & $-0.606339$ & $0.296143$ & $0.673548$ & $0.0829309$ & $-0.000633023$ & $-0.431417$ & $-0.327343$ & $-0.325482$ & $-0.127618$ & $-0.0195865$ & $-0.0219588$ & $-0.665452$ & $-0.677032$ & $-0.673468$ & $-0.563338$ & $0.180249$ & $-0.0364573$ & $1$ & $-0.224633$ & $-0.281703$ & $-0.0404137$ & $-0.0171465$ & $-0.020775$ & $0.046148$ & $0.0119882$ & $-0.272736$ & $0.00667521$ & $-0.049506$ & $-0.00616883$ & $-0.0406127$ & $-0.00188479$ & $0.0222214$ & $0.0504279$ & $-0.00632071$ & $-0.0751685$ & $0.0302534$ & $-0.00136256$ & $-0.0720422$ & $-0.027791$ & $0.0526852$ & $0.00221277$ \\
CHd_11 & $-0.0231976$ & $0.0108402$ & $-0.0301306$ & $-0.00957932$ & $0.00402468$ & $-0.0482596$ & $0.0432057$ & $0.426544$ & $0.415323$ & $-0.217021$ & $-0.284746$ & $-7.03315e-05$ & $-0.0466359$ & $-0.0401461$ & $-0.296385$ & $-0.292555$ & $-0.167965$ & $-0.0631913$ & $-0.0715275$ & $0.232922$ & $0.345118$ & $0.335357$ & $0.380889$ & $-0.408706$ & $0.105157$ & $-0.224633$ & $1$ & $0.155273$ & $-0.0229596$ & $-0.0395969$ & $-0.0100918$ & $0.0270265$ & $-0.0735245$ & $0.673748$ & $-0.00628255$ & $0.0383574$ & $-0.00608069$ & $0.0466588$ & $-0.0368634$ & $0.029719$ & $0.00921158$ & $-0.0371343$ & $0.00542258$ & $-0.0209585$ & $0.0312413$ & $-0.0364461$ & $0.0589039$ & $0.00356515$ & $-0.0187789$ \\
CHd_33 & $0.0709366$ & $-0.0302107$ & $0.0428623$ & $-0.0319513$ & $-0.00570459$ & $-0.0620141$ & $-0.0213909$ & $0.417698$ & $0.408778$ & $-0.177662$ & $-0.446127$ & $-0.0967655$ & $0.0425389$ & $0.263789$ & $0.206686$ & $0.223937$ & $0.0685431$ & $-0.000717423$ & $-0.0126602$ & $0.440807$ & $0.448761$ & $0.448216$ & $-0.0322839$ & $-0.0794206$ & $-0.00212657$ & $-0.281703$ & $0.155273$ & $1$ & $-0.00311169$ & $0.00953495$ & $0.052599$ & $-0.0245408$ & $-0.00130086$ & $0.207512$ & $0.0267875$ & $0.0212946$ & $-0.0187599$ & $0.0256576$ & $-0.0230226$ & $0.0670991$ & $-0.0450256$ & $0.000681434$ & $-0.021074$ & $0.0535494$ & $-0.0251239$ & $0.0287316$ & $0.0823008$ & $-0.0272957$ & $-0.0248233$ \\
CeH_22r & $0.0265101$ & $0.0185871$ & $-0.0622837$ & $-0.0219143$ & $0.0324238$ & $-0.0464753$ & $-0.2204$ & $-0.0167904$ & $-0.00353324$ & $-0.0376874$ & $-0.00560548$ & $-0.254761$ & $0.268092$ & $0.0240941$ & $-0.00317298$ & $0.00777942$ & $0.0464051$ & $0.0417263$ & $0.0420346$ & $0.00755008$ & $0.00670549$ & $0.0143752$ & $0.0360232$ & $0.0150154$ & $0.0326557$ & $-0.0404137$ & $-0.0229596$ & $-0.00311169$ & $1$ & $0.220518$ & $0.107617$ & $-0.220928$ & $0.197903$ & $-0.00753733$ & $0.0314069$ & $0.0264958$ & $-0.0722988$ & $-0.00280032$ & $-0.0381256$ & $0.0126794$ & $0.0061285$ & $-0.00645656$ & $0.0682479$ & $-0.0307774$ & $-0.0384321$ & $0.0395181$ & $0.0274744$ & $0.0147623$ & $0.00394789$ \\
CeH_33r & $0.00819155$ & $0.0154683$ & $0.0116847$ & $0.0077519$ & $0.0138666$ & $-0.0768533$ & $-0.559533$ & $-0.000820211$ & $0.0287295$ & $-0.205721$ & $-0.0592782$ & $-0.587026$ & $0.712899$ & $0.0887065$ & $0.0438476$ & $0.0500212$ & $0.122727$ & $0.0911693$ & $0.0942738$ & $0.0640421$ & $0.0568106$ & $0.0583887$ & $-0.0339025$ & $0.0750506$ & $0.0826953$ & $-0.0171465$ & $-0.0395969$ & $0.00953495$ & $0.220518$ & $1$ & $0.483528$ & $-0.428764$ & $0.798693$ & $-0.0263002$ & $0.055139$ & $0.0247944$ & $-0.132365$ & $-0.00685689$ & $-0.0689047$ & $0.0260768$ & $-0.0534587$ & $-0.00562704$ & $0.0800069$ & $-0.00659082$ & $0.0492846$ & $0.0596384$ & $0.0451453$ & $-0.0559182$ & $-0.0335364$ \\
CuH_22r & $-0.0023472$ & $0.0079806$ & $0.022258$ & $0.00545665$ & $-0.0117247$ & $-0.0678728$ & $-0.308376$ & $-0.00251459$ & $0.0145062$ & $-0.145849$ & $-0.0553273$ & $-0.360708$ & $0.39673$ & $0.085448$ & $0.0424909$ & $0.0437453$ & $0.120604$ & $0.0870767$ & $0.0965242$ & $0.0581102$ & $0.0531435$ & $0.0629878$ & $-0.0187215$ & $0.0879107$ & $0.0965934$ & $-0.020775$ & $-0.0100918$ & $0.052599$ & $0.107617$ & $0.483528$ & $1$ & $-0.223297$ & $0.491835$ & $-0.025652$ & $0.0174545$ & $0.00805657$ & $-0.112253$ & $-0.0129256$ & $0.00640386$ & $0.0115834$ & $-0.0164725$ & $-0.0109939$ & $0.0222546$ & $0.00319432$ & $0.0193978$ & $0.134462$ & $0.372899$ & $-0.0106314$ & $-0.0129135$ \\
CuH_33r & $0.0380199$ & $-0.00553176$ & $0.0322157$ & $-0.0216876$ & $0.011186$ & $0.054643$ & $0.955011$ & $-0.0251317$ & $-0.00712331$ & $0.209955$ & $0.102877$ & $0.647819$ & $-0.686218$ & $-0.141405$ & $-0.0474592$ & $-0.0604159$ & $-0.155537$ & $-0.128133$ & $-0.120889$ & $-0.100737$ & $-0.0986191$ & $-0.0966431$ & $0.0429634$ & $-0.0792242$ & $-0.11664$ & $0.046148$ & $0.0270265$ & $-0.0245408$ & $-0.220928$ & $-0.428764$ & $-0.223297$ & $1$ & $-0.389288$ & $0.00383299$ & $-0.133491$ & $-0.0245178$ & $-0.00143917$ & $-0.0079544$ & $0.0589959$ & $-0.0574466$ & $0.00591956$ & $-0.0280256$ & $-0.0411696$ & $-0.0130555$ & $-0.011961$ & $-0.0421426$ & $0.0325586$ & $-0.0248204$ & $0.0647024$ \\
CdH_33r & $0.00107032$ & $0.00737925$ & $0.0144929$ & $0.00936535$ & $-0.0157182$ & $-0.0983568$ & $-0.541637$ & $-0.0238944$ & $0.00639222$ & $-0.208778$ & $-0.0524865$ & $-0.566465$ & $0.69066$ & $0.0951974$ & $0.074396$ & $0.0735092$ & $0.151323$ & $0.102997$ & $0.105344$ & $0.0610313$ & $0.0450224$ & $0.0418895$ & $-0.0582756$ & $0.105214$ & $0.105212$ & $0.0119882$ & $-0.0735245$ & $-0.00130086$ & $0.197903$ & $0.798693$ & $0.491835$ & $-0.389288$ & $1$ & $-0.0709778$ & $0.0601339$ & $0.0227784$ & $-0.136386$ & $-0.0298209$ & $-0.0569941$ & $0.0324704$ & $-0.0717731$ & $-0.0112515$ & $0.0614833$ & $-0.00722002$ & $-0.0256659$ & $0.0502221$ & $0.0233513$ & $0.0647327$ & $0.313073$ \\
CLL_1221 & $0.037949$ & $-0.0249414$ & $-0.0272234$ & $-0.0681396$ & $-0.00537797$ & $-0.0816717$ & $0.017113$ & $0.544852$ & $0.534183$ & $-0.244737$ & $-0.328705$ & $0.0076111$ & $-0.038314$ & $-0.151663$ & $-0.495845$ & $-0.0300045$ & $-0.264038$ & $-0.0564643$ & $-0.367969$ & $0.271489$ & $0.394421$ & $0.395924$ & $0.217353$ & $-0.616228$ & $-0.258982$ & $-0.272736$ & $0.673748$ & $0.207512$ & $-0.00753733$ & $-0.0263002$ & $-0.025652$ & $0.00383299$ & $-0.0709778$ & $1$ & $-0.0248406$ & $-0.0120481$ & $-0.0224004$ & $0.0789047$ & $-0.0303077$ & $0.0350625$ & $0.00416956$ & $-0.0256956$ & $0.00928981$ & $0.0159517$ & $0.0442684$ & $-0.0547378$ & $0.0297734$ & $-0.051216$ & $-0.0159421$ \\
eHggint & $-0.027091$ & $0.0255849$ & $-0.0382757$ & $0.0118024$ & $0.0537338$ & $0.0446446$ & $-0.184001$ & $-0.0194794$ & $-0.030709$ & $0.0518345$ & $0.0259253$ & $-0.108693$ & $0.177582$ & $-0.0184975$ & $0.00877037$ & $-0.0616472$ & $-0.011481$ & $-0.022951$ & $0.0219146$ & $-0.0268534$ & $-0.0256297$ & $-0.025779$ & $0.0337541$ & $-0.00834152$ & $-0.00978478$ & $0.00667521$ & $-0.00628255$ & $0.0267875$ & $0.0314069$ & $0.055139$ & $0.0174545$ & $-0.133491$ & $0.0601339$ & $-0.0248406$ & $1$ & $-0.071248$ & $0.0722818$ & $-0.0291686$ & $-0.0538263$ & $-0.0144148$ & $-0.026823$ & $-0.0273451$ & $0.00779064$ & $-0.00751222$ & $0.0355482$ & $0.0329919$ & $0.00251051$ & $0.0042152$ & $0.0156397$ \\
eHggpar & $0.0488186$ & $-0.0108004$ & $0.00868368$ & $0.0270188$ & $-0.0107027$ & $0.0251675$ & $-0.0562544$ & $0.0635597$ & $0.0566149$ & $-0.0597768$ & $-0.0452536$ & $-0.0469272$ & $0.0455889$ & $0.00730837$ & $0.0614578$ & $0.0130108$ & $-0.046927$ & $-0.0663345$ & $-0.0289313$ & $0.047248$ & $0.0449081$ & $0.0407574$ & $0.0438331$ & $-0.0584395$ & $-0.0333556$ & $-0.049506$ & $0.0383574$ & $0.0212946$ & $0.0264958$ & $0.0247944$ & $0.00805657$ & $-0.0245178$ & $0.0227784$ & $-0.0120481$ & $-0.071248$ & $1$ & $-0.0329043$ & $-0.016296$ & $0.0668609$ & $0.00996124$ & $5.33348e-05$ & $-0.043037$ & $-0.0246295$ & $0.00613574$ & $0.0159745$ & $-0.0404588$ & $-0.0237198$ & $0.063071$ & $-0.0771192$ \\
eHWWint & $-0.0147266$ & $-0.0148029$ & $-0.0460259$ & $-0.00344025$ & $-0.0236296$ & $0.108796$ & $0.0132553$ & $-0.0489924$ & $-0.060974$ & $0.0863605$ & $0.0424857$ & $0.0514824$ & $-0.0154775$ & $0.0104602$ & $-0.0455823$ & $-0.057496$ & $-0.00948353$ & $0.0329812$ & $0.038126$ & $-0.0433103$ & $-0.041822$ & $-0.0505241$ & $0.0334163$ & $0.0266633$ & $0.0256234$ & $-0.00616883$ & $-0.00608069$ & $-0.0187599$ & $-0.0722988$ & $-0.132365$ & $-0.112253$ & $-0.00143917$ & $-0.136386$ & $-0.0224004$ & $0.0722818$ & $-0.0329043$ & $1$ & $-0.0321628$ & $-0.00911949$ & $-0.0237058$ & $0.0093085$ & $0.00817202$ & $-0.0307162$ & $-0.0652758$ & $-0.0638021$ & $-0.0218723$ & $-0.00860619$ & $-0.0115905$ & $0.0209695$ \\
eHWWpar & $-0.007362$ & $0.0137126$ & $0.0146923$ & $0.01015$ & $0.0297842$ & $-0.0152527$ & $0.00572633$ & $0.0393291$ & $0.0426778$ & $-0.0103994$ & $-0.041395$ & $0.000549121$ & $-0.00494767$ & $0.0342819$ & $-0.0477578$ & $0.000902252$ & $0.00751711$ & $0.0401003$ & $0.00746381$ & $0.0392955$ & $0.0495747$ & $0.050697$ & $-0.00275201$ & $-0.00968551$ & $0.0125102$ & $-0.0406127$ & $0.0466588$ & $0.0256576$ & $-0.00280032$ & $-0.00685689$ & $-0.0129256$ & $-0.0079544$ & $-0.0298209$ & $0.0789047$ & $-0.0291686$ & $-0.016296$ & $-0.0321628$ & $1$ & $0.00166427$ & $0.0330335$ & $-0.0362399$ & $-0.00185119$ & $0.0714497$ & $-0.014983$ & $0.00326237$ & $-0.0155626$ & $-0.0500408$ & $0.0284396$ & $-0.0489372$ \\
eHZZint & $0.0571719$ & $-0.116707$ & $-0.0552549$ & $0.040043$ & $-0.0430478$ & $-0.0307121$ & $0.0449227$ & $-0.0154315$ & $-0.0160705$ & $0.0275041$ & $-0.0154019$ & $0.0589804$ & $-0.064112$ & $0.0319807$ & $0.0227459$ & $0.0350717$ & $0.0643844$ & $0.0483315$ & $0.0408864$ & $0.0148659$ & $0.00503984$ & $0.0110223$ & $-0.0275083$ & $0.0552717$ & $0.038838$ & $-0.00188479$ & $-0.0368634$ & $-0.0230226$ & $-0.0381256$ & $-0.0689047$ & $0.00640386$ & $0.0589959$ & $-0.0569941$ & $-0.0303077$ & $-0.0538263$ & $0.0668609$ & $-0.00911949$ & $0.00166427$ & $1$ & $-0.0708974$ & $-0.0167506$ & $-0.0419049$ & $-0.0415229$ & $-0.058732$ & $-0.0608273$ & $0.00747665$ & $0.096122$ & $0.010603$ & $-0.0547536$ \\
eHZZpar & $0.0231505$ & $0.068008$ & $0.0313785$ & $0.0188902$ & $0.00671299$ & $-0.00484598$ & $-0.0545609$ & $0.00290325$ & $0.00375861$ & $-0.0283756$ & $-0.0126438$ & $-0.0743035$ & $0.0568294$ & $0.0121699$ & $-0.022794$ & $0.00338517$ & $0.026807$ & $0.0317597$ & $0.0192348$ & $0.0113382$ & $0.0140974$ & $0.0223576$ & $-0.0117645$ & $0.0117756$ & $0.0234759$ & $0.0222214$ & $0.029719$ & $0.0670991$ & $0.0126794$ & $0.0260768$ & $0.0115834$ & $-0.0574466$ & $0.0324704$ & $0.0350625$ & $-0.0144148$ & $0.00996124$ & $-0.0237058$ & $0.0330335$ & $-0.0708974$ & $1$ & $0.0483527$ & $0.00913758$ & $-0.0218889$ & $0.0268912$ & $0.0752933$ & $-0.00991805$ & $-0.0263357$ & $0.044438$ & $-0.0196196$ \\
eHZgaint & $-0.00506558$ & $0.0902056$ & $0.037172$ & $0.0380543$ & $0.0264715$ & $0.0489015$ & $0.0358233$ & $-0.0374689$ & $-0.0314559$ & $-0.0311656$ & $0.0590363$ & $0.048359$ & $-0.0608478$ & $-0.0368842$ & $-0.0525309$ & $-0.0330032$ & $-0.0586641$ & $-0.0153863$ & $-0.0399748$ & $-0.0549667$ & $-0.0568596$ & $-0.0554749$ & $-0.00920035$ & $-0.0109626$ & $-0.0212182$ & $0.0504279$ & $0.00921158$ & $-0.0450256$ & $0.0061285$ & $-0.0534587$ & $-0.0164725$ & $0.00591956$ & $-0.0717731$ & $0.00416956$ & $-0.026823$ & $5.33348e-05$ & $0.0093085$ & $-0.0362399$ & $-0.0167506$ & $0.0483527$ & $1$ & $-0.00451749$ & $0.00365155$ & $-0.00135979$ & $0.0314011$ & $0.00169438$ & $-0.0206416$ & $0.00160604$ & $-0.000966273$ \\
eHZgapar & $0.073804$ & $0.016624$ & $-0.0261124$ & $0.00496726$ & $0.0162492$ & $-0.0428597$ & $-0.0184966$ & $-0.00843328$ & $-0.0072056$ & $-0.0273289$ & $0.00997511$ & $-0.00303318$ & $0.0027454$ & $-0.0182128$ & $0.0242334$ & $0.0271414$ & $-0.00452177$ & $-0.0214849$ & $-0.025641$ & $-0.00911111$ & $-0.0163547$ & $-0.016013$ & $0.00060414$ & $0.00823383$ & $-0.0285928$ & $-0.00632071$ & $-0.0371343$ & $0.000681434$ & $-0.00645656$ & $-0.00562704$ & $-0.0109939$ & $-0.0280256$ & $-0.0112515$ & $-0.0256956$ & $-0.0273451$ & $-0.043037$ & $0.00817202$ & $-0.00185119$ & $-0.0419049$ & $0.00913758$ & $-0.00451749$ & $1$ & $0.0134912$ & $-0.0242167$ & $-0.0384475$ & $-0.0246812$ & $-0.0055843$ & $-0.00163709$ & $-0.000475018$ \\
eHgagaint & $-0.0296522$ & $0.0238797$ & $-0.0658508$ & $0.00997138$ & $0.0321571$ & $-0.034012$ & $-0.0505085$ & $0.026605$ & $0.0911631$ & $-0.0694012$ & $-0.0143844$ & $-0.0573167$ & $0.0582411$ & $-0.0122106$ & $0.0216993$ & $0.011764$ & $-0.0193363$ & $-0.0317694$ & $-0.0293146$ & $0.01671$ & $0.0152744$ & $0.0103247$ & $0.0713358$ & $-0.0172445$ & $-0.0252127$ & $-0.0751685$ & $0.00542258$ & $-0.021074$ & $0.0682479$ & $0.0800069$ & $0.0222546$ & $-0.0411696$ & $0.0614833$ & $0.00928981$ & $0.00779064$ & $-0.0246295$ & $-0.0307162$ & $0.0714497$ & $-0.0415229$ & $-0.0218889$ & $0.00365155$ & $0.0134912$ & $1$ & $0.053593$ & $-0.0272557$ & $0.00437764$ & $-0.0299359$ & $-0.00119338$ & $-0.0114036$ \\
eHmumuint & $-0.0780232$ & $0.000694288$ & $-0.011526$ & $-0.0656394$ & $-0.00367364$ & $-0.0419932$ & $-0.0105235$ & $-0.00901033$ & $-0.00742524$ & $0.00387207$ & $0.000616795$ & $-0.0299022$ & $0.0156178$ & $-0.0138803$ & $-0.00653063$ & $0.0363307$ & $0.0354038$ & $0.0205324$ & $-0.00400142$ & $0.00036348$ & $9.83051e-05$ & $0.00143113$ & $-0.0459739$ & $0.0194078$ & $0.0155154$ & $0.0302534$ & $-0.0209585$ & $0.0535494$ & $-0.0307774$ & $-0.00659082$ & $0.00319432$ & $-0.0130555$ & $-0.00722002$ & $0.0159517$ & $-0.00751222$ & $0.00613574$ & $-0.0652758$ & $-0.014983$ & $-0.058732$ & $0.0268912$ & $-0.00135979$ & $-0.0242167$ & $0.053593$ & $1$ & $0.0137964$ & $-0.0145739$ & $0.0246853$ & $-0.0424389$ & $0.0118987$ \\
eHtautauint & $0.00336704$ & $0.0234906$ & $-0.0088501$ & $0.0301419$ & $-0.0357772$ & $0.00140189$ & $0.00481739$ & $0.0385$ & $0.0339655$ & $-0.0481808$ & $-0.00877393$ & $0.0312122$ & $-0.0265837$ & $-0.0370583$ & $-0.00324357$ & $0.0259081$ & $-0.0503841$ & $-0.0497718$ & $-0.0657991$ & $0.00836044$ & $0.00778979$ & $0.0127022$ & $-0.0193713$ & $-0.044888$ & $-0.0492943$ & $-0.00136256$ & $0.0312413$ & $-0.0251239$ & $-0.0384321$ & $0.0492846$ & $0.0193978$ & $-0.011961$ & $-0.0256659$ & $0.0442684$ & $0.0355482$ & $0.0159745$ & $-0.0638021$ & $0.00326237$ & $-0.0608273$ & $0.0752933$ & $0.0314011$ & $-0.0384475$ & $-0.0272557$ & $0.0137964$ & $1$ & $-0.0895658$ & $0.00607625$ & $-0.0705659$ & $-0.00239008$ \\
eHccint & $-0.0364315$ & $-0.0652327$ & $0.0435663$ & $0.0154663$ & $0.0118495$ & $-0.0152689$ & $-0.0523486$ & $-0.0143934$ & $-0.0167276$ & $0.0482855$ & $-0.0337791$ & $-0.0236906$ & $0.0262781$ & $0.0876491$ & $0.038366$ & $0.0260165$ & $0.0834839$ & $0.0734516$ & $0.0897578$ & $0.036168$ & $0.0288268$ & $0.0399694$ & $0.0640422$ & $0.0736391$ & $0.0795832$ & $-0.0720422$ & $-0.0364461$ & $0.0287316$ & $0.0395181$ & $0.0596384$ & $0.134462$ & $-0.0421426$ & $0.0502221$ & $-0.0547378$ & $0.0329919$ & $-0.0404588$ & $-0.0218723$ & $-0.0155626$ & $0.00747665$ & $-0.00991805$ & $0.00169438$ & $-0.0246812$ & $0.00437764$ & $-0.0145739$ & $-0.0895658$ & $1$ & $0.0412306$ & $0.0536468$ & $-0.00965519$ \\
eHccpar & $0.0510571$ & $0.036034$ & $0.0279783$ & $0.0450449$ & $-0.0187398$ & $-0.0398759$ & $0.017531$ & $0.0519813$ & $0.0472978$ & $-0.0343752$ & $-0.0550351$ & $-0.0298957$ & $0.0170087$ & $0.00810371$ & $0.0444916$ & $0.0208383$ & $0.0278746$ & $-0.0144617$ & $-0.000717497$ & $0.0522135$ & $0.0556099$ & $0.0588993$ & $0.0344404$ & $-0.00673468$ & $0.00863103$ & $-0.027791$ & $0.0589039$ & $0.0823008$ & $0.0274744$ & $0.0451453$ & $0.372899$ & $0.0325586$ & $0.0233513$ & $0.0297734$ & $0.00251051$ & $-0.0237198$ & $-0.00860619$ & $-0.0500408$ & $0.096122$ & $-0.0263357$ & $-0.0206416$ & $-0.0055843$ & $-0.0299359$ & $0.0246853$ & $0.00607625$ & $0.0412306$ & $1$ & $-0.0246918$ & $-0.016442$ \\
eHbbint & $-0.050857$ & $0.0753066$ & $0.00844671$ & $0.0550805$ & $0.000412167$ & $-0.0400863$ & $-0.0216954$ & $-0.0372794$ & $-0.0395971$ & $0.00818106$ & $0.00378633$ & $-0.0225193$ & $-0.00298694$ & $0.0255158$ & $0.0309213$ & $-0.000925666$ & $0.064763$ & $0.0389588$ & $0.0717444$ & $0.00243508$ & $-0.00422877$ & $-0.00099987$ & $-0.0634745$ & $0.052171$ & $0.081886$ & $0.0526852$ & $0.00356515$ & $-0.0272957$ & $0.0147623$ & $-0.0559182$ & $-0.0106314$ & $-0.0248204$ & $0.0647327$ & $-0.051216$ & $0.0042152$ & $0.063071$ & $-0.0115905$ & $0.0284396$ & $0.010603$ & $0.044438$ & $0.00160604$ & $-0.00163709$ & $-0.00119338$ & $-0.0424389$ & $-0.0705659$ & $0.0536468$ & $-0.0246918$ & $1$ & $-0.0913235$ \\
eHbbpar & $-0.0286902$ & $-0.0225828$ & $-0.0352121$ & $0.0055874$ & $-0.0782963$ & $-0.00337765$ & $0.0697622$ & $0.014717$ & $0.0180156$ & $-0.0207286$ & $-0.00486421$ & $0.0471939$ & $-0.0526356$ & $-0.0157209$ & $0.0315173$ & $0.0215822$ & $-0.0220399$ & $-0.0343086$ & $-0.0428915$ & $0.00735582$ & $0.00154277$ & $-0.0069912$ & $0.00715529$ & $-0.0281568$ & $-0.0249604$ & $0.00221277$ & $-0.0187789$ & $-0.0248233$ & $0.00394789$ & $-0.0335364$ & $-0.0129135$ & $0.0647024$ & $0.313073$ & $-0.0159421$ & $0.0156397$ & $-0.0771192$ & $0.0209695$ & $-0.0489372$ & $-0.0547536$ & $-0.0196196$ & $-0.000966273$ & $-0.000475018$ & $-0.0114036$ & $0.0118987$ & $-0.00239008$ & $-0.00965519$ & $-0.016442$ & $-0.0913235$ & $1$ \\
