 & AlsMz & dAle5Mz & mtop & mHl & Mz & CW & CHG & CHWB & CHWHB_gaga & CHWHB_gagaorth & CHD & CHbox & CH & CHL1_11 & CHL1_22 & CHL1_33 & CHL3_11 & CHL3_22 & CHL3_33 & CHe_11 & CHe_22 & CHe_33 & CHQ1_11 & CHQ1_33 & CHQ3_11 & CHu_11 & CHd_11 & CHd_33 & CeH_22r & CeH_33r & CuH_22r & CuH_33r & CdH_33r & CLL_1221 & eHggint & eHggpar & eHWWint & eHWWpar & eHZZint & eHZZpar & eHZgaint & eHZgapar & eHgagaint & eHmumuint & eHtautauint & eHccint & eHccpar & eHbbint & eHbbpar \\
AlsMz & $1$ & $0.233162$ & $0.572491$ & $-0.204243$ & $-0.00109866$ & $-0.0237842$ & $0.0200958$ & $-0.0143434$ & $-0.0357888$ & $-0.0469103$ & $0.0232449$ & $-0.00910578$ & $-0.00770369$ & $-0.0395263$ & $0.0460285$ & $0.0354238$ & $-0.0216799$ & $-0.0504095$ & $-0.0409972$ & $-0.0168901$ & $-0.0281332$ & $-0.0254604$ & $-0.0801499$ & $-0.0313605$ & $-0.112118$ & $0.0304375$ & $-0.132105$ & $0.0174772$ & $-0.0623053$ & $0.0595591$ & $0.0336555$ & $0.0159826$ & $-0.0284734$ & $-0.0462669$ & $-0.0995724$ & $0.294777$ & $-0.0623961$ & $-0.0193557$ & $-0.312502$ & $0.161902$ & $0.320454$ & $0.118788$ & $-0.727496$ & $-0.200272$ & $0.559771$ & $0.434677$ & $0.0530381$ & $-0.0811254$ & $-0.189858$ \\
dAle5Mz & $0.233162$ & $1$ & $0.347907$ & $0.0910763$ & $-0.0193695$ & $-0.0494281$ & $-0.0263302$ & $0.216587$ & $0.208525$ & $-0.131858$ & $-0.150401$ & $0.124142$ & $0.152671$ & $-0.0608013$ & $-0.0249745$ & $-0.0339014$ & $-0.117265$ & $-0.121239$ & $-0.10802$ & $0.134904$ & $0.176888$ & $0.17317$ & $0.0610707$ & $-0.219615$ & $-0.0702856$ & $-0.0718536$ & $0.31328$ & $0.0574675$ & $-0.0331688$ & $-0.0332867$ & $-0.0838944$ & $-0.0413297$ & $-0.0191866$ & $0.233664$ & $-0.124826$ & $0.111935$ & $-0.00398447$ & $0.122209$ & $-0.178558$ & $-0.0629213$ & $0.00939156$ & $0.138909$ & $-0.144658$ & $0.199409$ & $0.332863$ & $0.311258$ & $-0.259227$ & $-0.0647061$ & $0.0812706$ \\
mtop & $0.572491$ & $0.347907$ & $1$ & $0.0950554$ & $-0.00712213$ & $-0.0156572$ & $0.0510566$ & $-0.0378768$ & $-0.0557676$ & $-0.0358137$ & $0.059882$ & $0.000678813$ & $0.00974142$ & $-0.0609357$ & $-0.0639362$ & $-0.0953281$ & $-0.0183014$ & $-0.00322209$ & $0.0268557$ & $-0.0649181$ & $-0.0461456$ & $-0.0443107$ & $0.0404519$ & $-0.040606$ & $0.00283923$ & $0.00876863$ & $0.0788816$ & $-0.0446447$ & $-0.0293815$ & $0.0631068$ & $0.0348381$ & $0.0416415$ & $-0.0101827$ & $0.0363957$ & $-0.377771$ & $0.119985$ & $-0.0989626$ & $0.0401252$ & $-0.343087$ & $0.0267697$ & $0.633308$ & $0.0543284$ & $-0.673037$ & $0.0967015$ & $0.450174$ & $0.510949$ & $0.229644$ & $0.150348$ & $-0.342384$ \\
mHl & $-0.204243$ & $0.0910763$ & $0.0950554$ & $1$ & $-0.00893178$ & $-0.0502246$ & $-0.0856131$ & $-0.127873$ & $-0.126598$ & $0.0700938$ & $0.0676828$ & $-0.0466523$ & $-0.044654$ & $0.0669056$ & $-0.00202295$ & $-0.0422462$ & $0.132489$ & $0.111719$ & $0.138991$ & $-0.063041$ & $-0.0721993$ & $-0.0717725$ & $0.0350841$ & $0.168492$ & $0.151321$ & $0.0287642$ & $-0.0223806$ & $-0.0265914$ & $0.00156921$ & $0.00372257$ & $0.00620139$ & $-0.101473$ & $-0.00654731$ & $-0.101741$ & $-0.317135$ & $-0.367788$ & $-0.0969969$ & $-0.0897724$ & $0.293096$ & $-0.0784148$ & $0.187584$ & $-0.00020503$ & $-0.00962683$ & $0.448832$ & $0.278931$ & $0.0535243$ & $0.280478$ & $0.262379$ & $-0.173568$ \\
Mz & $-0.00109866$ & $-0.0193695$ & $-0.00712213$ & $-0.00893178$ & $1$ & $-0.0118627$ & $-0.00044331$ & $-0.00888916$ & $-0.00842611$ & $0.0307252$ & $0.0221632$ & $0.00783508$ & $-0.00272592$ & $-0.00959069$ & $-0.0250007$ & $-0.0107236$ & $-0.0071877$ & $0.00712573$ & $-0.00516545$ & $-0.015316$ & $-0.0106313$ & $-0.0149681$ & $-0.00184574$ & $-0.0101111$ & $0.000175748$ & $0.00800232$ & $0.00894415$ & $-0.00420514$ & $0.00479221$ & $-0.00148835$ & $-0.0233262$ & $0.00122897$ & $-0.00216586$ & $0.0127828$ & $0.0256162$ & $0.0138216$ & $0.0119599$ & $0.0128567$ & $-0.00132655$ & $-0.0522203$ & $0.00269041$ & $0.0140746$ & $0.0191696$ & $0.0215168$ & $-0.00306219$ & $0.00442301$ & $0.0102016$ & $-0.00762219$ & $0.00913516$ \\
CW & $-0.0237842$ & $-0.0494281$ & $-0.0156572$ & $-0.0502246$ & $-0.0118627$ & $1$ & $0.0373088$ & $-0.101569$ & $-0.0956689$ & $0.0203254$ & $0.162336$ & $-0.000691754$ & $-0.0187314$ & $0.0378669$ & $-0.0697737$ & $-0.0622287$ & $-0.27772$ & $-0.0582728$ & $-0.0649533$ & $-0.158824$ & $-0.167278$ & $-0.166602$ & $-0.0410122$ & $-0.023494$ & $-0.114981$ & $0.099204$ & $-0.129789$ & $-0.0631237$ & $0.00554585$ & $-0.0222254$ & $-0.00332773$ & $0.033329$ & $-0.0278081$ & $-0.12728$ & $-0.0416759$ & $-0.021536$ & $0.046014$ & $0.0299433$ & $-0.0537781$ & $-0.0124796$ & $0.0269405$ & $0.0309323$ & $0.0739558$ & $-0.028541$ & $-0.0301868$ & $-0.113958$ & $-0.0136418$ & $-0.0554919$ & $0.00762169$ \\
CHG & $0.0200958$ & $-0.0263302$ & $0.0510566$ & $-0.0856131$ & $-0.00044331$ & $0.0373088$ & $1$ & $-0.08736$ & $-0.0534902$ & $0.0707519$ & $0.0207734$ & $-0.3142$ & $-0.327137$ & $0.110644$ & $-0.0220768$ & $0.0144743$ & $0.128967$ & $0.139829$ & $0.111805$ & $-0.0201113$ & $-0.0268597$ & $-0.0291548$ & $0.0252399$ & $0.132421$ & $0.131278$ & $-0.031105$ & $-0.046178$ & $-0.0126102$ & $0.0161413$ & $-0.12718$ & $-0.0750558$ & $0.921857$ & $-0.174249$ & $-0.0572051$ & $-0.0182711$ & $-0.0873897$ & $0.00925629$ & $-0.0665257$ & $0.0255577$ & $-0.0273159$ & $0.0424907$ & $0.0267302$ & $-0.00864589$ & $-0.0621664$ & $0.000619368$ & $0.0176564$ & $0.00203391$ & $0.014255$ & $-0.0632385$ \\
CHWB & $-0.0143434$ & $0.216587$ & $-0.0378768$ & $-0.127873$ & $-0.00888916$ & $-0.101569$ & $-0.08736$ & $1$ & $0.987789$ & $-0.591473$ & $-0.887143$ & $0.223244$ & $0.330873$ & $0.110116$ & $0.408597$ & $0.383807$ & $-0.241329$ & $-0.478957$ & $-0.47299$ & $0.864704$ & $0.90121$ & $0.882921$ & $-0.00480738$ & $-0.672172$ & $-0.475327$ & $-0.50662$ & $0.347013$ & $0.293513$ & $-0.00467983$ & $0.0609675$ & $0.0238666$ & $-0.0807702$ & $0.11167$ & $0.52556$ & $0.198675$ & $0.0721191$ & $-0.107259$ & $0.0869343$ & $0.0916202$ & $-0.0040537$ & $-0.114866$ & $0.0181279$ & $0.0910054$ & $-0.0065302$ & $-0.0318445$ & $0.104093$ & $-0.132441$ & $-0.0211632$ & $0.174902$ \\
CHWHB_gaga & $-0.0357888$ & $0.208525$ & $-0.0557676$ & $-0.126598$ & $-0.00842611$ & $-0.0956689$ & $-0.0534902$ & $0.987789$ & $1$ & $-0.581337$ & $-0.873605$ & $0.223407$ & $0.323966$ & $0.103787$ & $0.403054$ & $0.383399$ & $-0.244957$ & $-0.47735$ & $-0.475521$ & $0.851707$ & $0.887057$ & $0.869004$ & $-0.00534297$ & $-0.665327$ & $-0.474361$ & $-0.497809$ & $0.340949$ & $0.288621$ & $0.000537722$ & $0.0770279$ & $0.03072$ & $-0.0547846$ & $0.131576$ & $0.51922$ & $0.190665$ & $0.0566221$ & $-0.106066$ & $0.0900201$ & $0.0962005$ & $-0.00625454$ & $-0.121558$ & $0.0154709$ & $0.121849$ & $-0.00218333$ & $-0.0496054$ & $0.0899873$ & $-0.143894$ & $-0.0196181$ & $0.178126$ \\
CHWHB_gagaorth & $-0.0469103$ & $-0.131858$ & $-0.0358137$ & $0.0700938$ & $0.0307252$ & $0.0203254$ & $0.0707519$ & $-0.591473$ & $-0.581337$ & $1$ & $0.395369$ & $-0.0485992$ & $-0.262718$ & $0.190023$ & $-0.231606$ & $-0.201265$ & $0.419081$ & $0.515384$ & $0.496582$ & $-0.388468$ & $-0.404546$ & $-0.397974$ & $-0.0047952$ & $0.553591$ & $0.523827$ & $0.237338$ & $-0.160104$ & $-0.125147$ & $0.0308609$ & $-0.10906$ & $-0.055608$ & $0.0855388$ & $-0.137838$ & $-0.30707$ & $-0.0914528$ & $-0.050621$ & $0.058245$ & $-0.0674459$ & $-0.00797866$ & $-0.00465227$ & $-0.0120962$ & $-0.020703$ & $-0.0158686$ & $0.0349257$ & $-0.0179997$ & $-0.104367$ & $0.0693583$ & $0.00493221$ & $-0.0657991$ \\
CHD & $0.0232449$ & $-0.150401$ & $0.059882$ & $0.0676828$ & $0.0221632$ & $0.162336$ & $0.0207734$ & $-0.887143$ & $-0.873605$ & $0.395369$ & $1$ & $-0.0396388$ & $-0.151144$ & $-0.505722$ & $-0.499444$ & $-0.48067$ & $-0.196448$ & $0.120444$ & $0.124602$ & $-0.991787$ & $-0.99206$ & $-0.970408$ & $0.0475471$ & $0.32399$ & $0.094335$ & $0.549767$ & $-0.23973$ & $-0.331108$ & $0.0144683$ & $-0.0148576$ & $0.00208026$ & $0.028909$ & $-0.0438298$ & $-0.349477$ & $-0.146469$ & $-0.0275144$ & $0.0623918$ & $-0.0296095$ & $-0.0799087$ & $-0.00545253$ & $0.115646$ & $-0.0195364$ & $-0.0740744$ & $0.0371959$ & $0.0124028$ & $-0.0640386$ & $0.112812$ & $0.00161901$ & $-0.0939803$ \\
CHbox & $-0.00910578$ & $0.124142$ & $0.000678813$ & $-0.0466523$ & $0.00783508$ & $-0.000691754$ & $-0.3142$ & $0.223244$ & $0.223407$ & $-0.0485992$ & $-0.0396388$ & $1$ & $0.950889$ & $-0.305389$ & $0.0537704$ & $0.0675001$ & $-0.375806$ & $-0.37259$ & $-0.380853$ & $0.0445325$ & $0.048063$ & $0.0517071$ & $0.00949228$ & $-0.33186$ & $-0.366912$ & $-0.0162362$ & $0.0837005$ & $0.00313605$ & $0.0471423$ & $0.272863$ & $0.11925$ & $-0.237115$ & $0.421618$ & $0.146386$ & $0.0713427$ & $0.07861$ & $0.0429212$ & $0.065316$ & $-0.0281343$ & $0.0200262$ & $0.0212113$ & $-0.0304186$ & $0.0433091$ & $0.128595$ & $0.0246091$ & $0.0656544$ & $-0.0822946$ & $-0.13127$ & $0.191521$ \\
CH & $-0.00770369$ & $0.152671$ & $0.00974142$ & $-0.044654$ & $-0.00272592$ & $-0.0187314$ & $-0.327137$ & $0.330873$ & $0.323966$ & $-0.262718$ & $-0.151144$ & $0.950889$ & $1$ & $-0.257208$ & $0.0986491$ & $0.106028$ & $-0.367759$ & $-0.3954$ & $-0.400597$ & $0.150879$ & $0.161108$ & $0.162013$ & $0.00225614$ & $-0.387911$ & $-0.393216$ & $-0.0755155$ & $0.119621$ & $0.0406218$ & $0.0351436$ & $0.222934$ & $0.111962$ & $-0.273532$ & $0.363032$ & $0.203591$ & $0.0752224$ & $0.0839974$ & $0.0318897$ & $0.0752365$ & $-0.029038$ & $0.0225614$ & $0.0215748$ & $-0.0244264$ & $0.0481871$ & $0.119729$ & $0.028308$ & $0.0771686$ & $-0.095849$ & $-0.126932$ & $0.189229$ \\
CHL1_11 & $-0.0395263$ & $-0.0608013$ & $-0.0609357$ & $0.0669056$ & $-0.00959069$ & $0.0378669$ & $0.110644$ & $0.110116$ & $0.103787$ & $0.190023$ & $-0.505722$ & $-0.305389$ & $-0.257208$ & $1$ & $0.266619$ & $0.266524$ & $0.625076$ & $0.567752$ & $0.552253$ & $0.519161$ & $0.470546$ & $0.454191$ & $-0.0958553$ & $0.448739$ & $0.573569$ & $-0.244699$ & $-0.107062$ & $0.160369$ & $-0.0115018$ & $-0.078794$ & $-0.0409161$ & $0.0804976$ & $-0.102903$ & $-0.216844$ & $-0.0437768$ & $-0.0637317$ & $0.0604704$ & $-0.0832549$ & $0.00709153$ & $0.0118639$ & $-0.0357929$ & $0.0217927$ & $0.0157926$ & $-0.0630156$ & $0.0106228$ & $-0.0714128$ & $-0.00870115$ & $0.0234352$ & $-0.0988498$ \\
CHL1_22 & $0.0460285$ & $-0.0249745$ & $-0.0639362$ & $-0.00202295$ & $-0.0250007$ & $-0.0697737$ & $-0.0220768$ & $0.408597$ & $0.403054$ & $-0.231606$ & $-0.499444$ & $0.0537704$ & $0.0986491$ & $0.266619$ & $1$ & $0.414835$ & $0.102503$ & $-0.490936$ & $-0.0746642$ & $0.549893$ & $0.427888$ & $0.417741$ & $-0.134172$ & $0.00226124$ & $-0.145866$ & $-0.227932$ & $-0.294702$ & $0.117184$ & $-0.0125892$ & $0.0354306$ & $0.0133521$ & $-0.0272492$ & $0.00958$ & $-0.529522$ & $-0.0422301$ & $-0.0772947$ & $0.0974985$ & $-0.0942017$ & $-0.0911171$ & $0.0782703$ & $0.0201617$ & $0.0276731$ & $-0.0379331$ & $-0.00606281$ & $0.0951258$ & $0.0110159$ & $-0.0253952$ & $-0.130615$ & $-0.0712117$ \\
CHL1_33 & $0.0354238$ & $-0.0339014$ & $-0.0953281$ & $-0.0422462$ & $-0.0107236$ & $-0.0622287$ & $0.0144743$ & $0.383807$ & $0.383399$ & $-0.201265$ & $-0.48067$ & $0.0675001$ & $0.106028$ & $0.266524$ & $0.414835$ & $1$ & $0.119588$ & $-0.0435788$ & $-0.489174$ & $0.530278$ & $0.409491$ & $0.42602$ & $-0.134901$ & $0.0274786$ & $-0.143544$ & $-0.232541$ & $-0.333403$ & $0.140907$ & $0.0111214$ & $0.0451933$ & $0.00726194$ & $0.0134036$ & $0.0386391$ & $0.00638362$ & $-0.0220482$ & $-0.0785147$ & $0.112946$ & $-0.0374364$ & $-0.0637097$ & $0.0379209$ & $-0.0113894$ & $0.0790072$ & $0.0492561$ & $-0.0605309$ & $0.0256588$ & $-0.0226689$ & $-0.107408$ & $-0.119915$ & $0.00310442$ \\
CHL3_11 & $-0.0216799$ & $-0.117265$ & $-0.0183014$ & $0.132489$ & $-0.0071877$ & $-0.27772$ & $0.128967$ & $-0.241329$ & $-0.244957$ & $0.419081$ & $-0.196448$ & $-0.375806$ & $-0.367759$ & $0.625076$ & $0.102503$ & $0.119588$ & $1$ & $0.740172$ & $0.720603$ & $0.211344$ & $0.171037$ & $0.165695$ & $-0.0534294$ & $0.670332$ & $0.793819$ & $-0.0827159$ & $-0.113469$ & $0.0831758$ & $-0.0189813$ & $-0.0943671$ & $-0.0580731$ & $0.0995868$ & $-0.136028$ & $-0.21112$ & $-0.0857933$ & $-0.0730434$ & $0.0555597$ & $-0.0977766$ & $0.000606202$ & $0.00800634$ & $-0.00815744$ & $-0.0174383$ & $-0.0440806$ & $-0.0532994$ & $0.0360921$ & $-0.0479957$ & $0.0505044$ & $0.0806501$ & $-0.154177$ \\
CHL3_22 & $-0.0504095$ & $-0.121239$ & $-0.00322209$ & $0.111719$ & $0.00712573$ & $-0.0582728$ & $0.139829$ & $-0.478957$ & $-0.47735$ & $0.515384$ & $0.120444$ & $-0.37259$ & $-0.3954$ & $0.567752$ & $-0.490936$ & $-0.0435788$ & $0.740172$ & $1$ & $0.664676$ & $-0.121537$ & $-0.116258$ & $-0.113489$ & $0.00299578$ & $0.653414$ & $0.796746$ & $0.0700088$ & $-0.0302569$ & $-0.00806339$ & $-0.00510773$ & $-0.106334$ & $-0.0558226$ & $0.116311$ & $-0.130599$ & $0.0269424$ & $-0.0742936$ & $-0.0381579$ & $0.02751$ & $-0.046461$ & $0.0330432$ & $-0.0325006$ & $-0.00999283$ & $-0.0103244$ & $-0.000611599$ & $-0.0565583$ & $-0.0303907$ & $-0.0874833$ & $0.050548$ & $0.117479$ & $-0.106037$ \\
CHL3_33 & $-0.0409972$ & $-0.10802$ & $0.0268557$ & $0.138991$ & $-0.00516545$ & $-0.0649533$ & $0.111805$ & $-0.47299$ & $-0.475521$ & $0.496582$ & $0.124602$ & $-0.380853$ & $-0.400597$ & $0.552253$ & $-0.0746642$ & $-0.489174$ & $0.720603$ & $0.664676$ & $1$ & $-0.127031$ & $-0.116356$ & $-0.112623$ & $0.00924578$ & $0.631194$ & $0.801417$ & $0.0835901$ & $0.0200945$ & $-0.0307152$ & $-0.0209309$ & $-0.114077$ & $-0.0524664$ & $0.0860305$ & $-0.150797$ & $-0.369541$ & $-0.0842617$ & $-0.028418$ & $0.0103219$ & $-0.082703$ & $0.0185254$ & $-0.00588218$ & $0.0159794$ & $-0.0564062$ & $-0.0695752$ & $-0.017499$ & $0.024127$ & $-0.0611073$ & $0.116202$ & $0.115804$ & $-0.158132$ \\
CHe_11 & $-0.0168901$ & $0.134904$ & $-0.0649181$ & $-0.063041$ & $-0.015316$ & $-0.158824$ & $-0.0201113$ & $0.864704$ & $0.851707$ & $-0.388468$ & $-0.991787$ & $0.0445325$ & $0.150879$ & $0.519161$ & $0.549893$ & $0.530278$ & $0.211344$ & $-0.121537$ & $-0.127031$ & $1$ & $0.976474$ & $0.955952$ & $-0.0604372$ & $-0.28011$ & $-0.082506$ & $-0.541427$ & $0.181277$ & $0.324806$ & $-0.0157069$ & $0.0181195$ & $-0.00053549$ & $-0.0272103$ & $0.0423865$ & $0.281919$ & $0.130894$ & $0.0160263$ & $-0.0423899$ & $0.0177018$ & $0.0630148$ & $0.0112605$ & $-0.10448$ & $0.0252237$ & $0.0694119$ & $-0.0396333$ & $-0.00298533$ & $0.056691$ & $-0.111979$ & $-0.0158069$ & $0.079313$ \\
CHe_22 & $-0.0281332$ & $0.176888$ & $-0.0461456$ & $-0.0721993$ & $-0.0106313$ & $-0.167278$ & $-0.0268597$ & $0.90121$ & $0.887057$ & $-0.404546$ & $-0.99206$ & $0.048063$ & $0.161108$ & $0.470546$ & $0.427888$ & $0.409491$ & $0.171037$ & $-0.116258$ & $-0.116356$ & $0.976474$ & $1$ & $0.974655$ & $-0.0292525$ & $-0.373293$ & $-0.104484$ & $-0.552447$ & $0.311427$ & $0.333867$ & $-0.0149833$ & $0.0141612$ & $-0.00257727$ & $-0.0338357$ & $0.0481717$ & $0.42729$ & $0.163709$ & $0.0454246$ & $-0.0838172$ & $0.0455661$ & $0.0950288$ & $-0.00457368$ & $-0.12211$ & $0.0124051$ & $0.0780104$ & $-0.0306008$ & $-0.0198731$ & $0.0759642$ & $-0.114421$ & $0.0161372$ & $0.109834$ \\
CHe_33 & $-0.0254604$ & $0.17317$ & $-0.0443107$ & $-0.0717725$ & $-0.0149681$ & $-0.166602$ & $-0.0291548$ & $0.882921$ & $0.869004$ & $-0.397974$ & $-0.970408$ & $0.0517071$ & $0.162013$ & $0.454191$ & $0.417741$ & $0.42602$ & $0.165695$ & $-0.113489$ & $-0.112623$ & $0.955952$ & $0.974655$ & $1$ & $-0.0307006$ & $-0.364536$ & $-0.102403$ & $-0.537553$ & $0.307888$ & $0.324914$ & $-0.0134843$ & $0.0137109$ & $-0.00385136$ & $-0.0355689$ & $0.0504205$ & $0.423594$ & $0.164766$ & $0.0458015$ & $-0.0871257$ & $0.0459541$ & $0.0963359$ & $-0.00660048$ & $-0.121048$ & $0.0126294$ & $0.0745517$ & $-0.0299001$ & $-0.0173304$ & $0.0794109$ & $-0.115544$ & $0.0180066$ & $0.11461$ \\
CHQ1_11 & $-0.0801499$ & $0.0610707$ & $0.0404519$ & $0.0350841$ & $-0.00184574$ & $-0.0410122$ & $0.0252399$ & $-0.00480738$ & $-0.00534297$ & $-0.0047952$ & $0.0475471$ & $0.00949228$ & $0.00225614$ & $-0.0958553$ & $-0.134172$ & $-0.134901$ & $-0.0534294$ & $0.00299578$ & $0.00924578$ & $-0.0604372$ & $-0.0292525$ & $-0.0307006$ & $1$ & $-0.0776785$ & $0.0701123$ & $-0.665803$ & $0.289355$ & $-0.00681985$ & $-0.0183939$ & $0.00448484$ & $-0.0159093$ & $0.0326263$ & $0.0283517$ & $0.122053$ & $0.0257359$ & $0.0484481$ & $-0.156426$ & $0.0920712$ & $0.150155$ & $-0.0341102$ & $-0.0417265$ & $-0.0427373$ & $0.0397631$ & $0.0647406$ & $-0.0623992$ & $0.0625368$ & $0.0454948$ & $0.0800204$ & $0.0732763$ \\
CHQ1_33 & $-0.0313605$ & $-0.219615$ & $-0.040606$ & $0.168492$ & $-0.0101111$ & $-0.023494$ & $0.132421$ & $-0.672172$ & $-0.665327$ & $0.553591$ & $0.32399$ & $-0.33186$ & $-0.387911$ & $0.448739$ & $0.00226124$ & $0.0274786$ & $0.670332$ & $0.653414$ & $0.631194$ & $-0.28011$ & $-0.373293$ & $-0.364536$ & $-0.0776785$ & $1$ & $0.693185$ & $0.216692$ & $-0.354066$ & $-0.0182422$ & $0.00283074$ & $-0.0815081$ & $-0.0346961$ & $0.114351$ & $-0.133852$ & $-0.592474$ & $-0.193013$ & $-0.126035$ & $0.137921$ & $-0.12532$ & $-0.065843$ & $0.0132356$ & $0.0619143$ & $-0.010806$ & $-0.0411404$ & $-0.0421277$ & $0.0395849$ & $-0.134633$ & $0.0990941$ & $0.0246189$ & $-0.207543$ \\
CHQ3_11 & $-0.112118$ & $-0.0702856$ & $0.00283923$ & $0.151321$ & $0.000175748$ & $-0.114981$ & $0.131278$ & $-0.475327$ & $-0.474361$ & $0.523827$ & $0.094335$ & $-0.366912$ & $-0.393216$ & $0.573569$ & $-0.145866$ & $-0.143544$ & $0.793819$ & $0.796746$ & $0.801417$ & $-0.082506$ & $-0.104484$ & $-0.102403$ & $0.0701123$ & $0.693185$ & $1$ & $0.0557443$ & $0.176217$ & $-0.0204528$ & $0.00538559$ & $-0.118171$ & $-0.0633443$ & $0.105721$ & $-0.141735$ & $-0.273235$ & $-0.0528172$ & $-0.0208227$ & $-0.0111076$ & $-0.075611$ & $0.087888$ & $-0.0356002$ & $-0.0260087$ & $-0.0580854$ & $-0.0154296$ & $-0.0122545$ & $-0.0122631$ & $-0.091042$ & $0.0932906$ & $0.149124$ & $-0.124546$ \\
CHu_11 & $0.0304375$ & $-0.0718536$ & $0.00876863$ & $0.0287642$ & $0.00800232$ & $0.099204$ & $-0.031105$ & $-0.50662$ & $-0.497809$ & $0.237338$ & $0.549767$ & $-0.0162362$ & $-0.0755155$ & $-0.244699$ & $-0.227932$ & $-0.232541$ & $-0.0827159$ & $0.0700088$ & $0.0835901$ & $-0.541427$ & $-0.552447$ & $-0.537553$ & $-0.665803$ & $0.216692$ & $0.0557443$ & $1$ & $-0.165319$ & $-0.18599$ & $0.0105748$ & $-0.0197519$ & $0.020729$ & $-0.0298946$ & $-0.0417175$ & $-0.253626$ & $-0.076299$ & $-0.0321741$ & $0.117332$ & $-0.0665193$ & $-0.115319$ & $0.0108553$ & $0.0745169$ & $-0.00728132$ & $-0.0480492$ & $-0.0152652$ & $0.0283105$ & $-0.0917135$ & $0.0425754$ & $-0.0392445$ & $-0.0839497$ \\
CHd_11 & $-0.132105$ & $0.31328$ & $0.0788816$ & $-0.0223806$ & $0.00894415$ & $-0.129789$ & $-0.046178$ & $0.347013$ & $0.340949$ & $-0.160104$ & $-0.23973$ & $0.0837005$ & $0.119621$ & $-0.107062$ & $-0.294702$ & $-0.333403$ & $-0.113469$ & $-0.0302569$ & $0.0200945$ & $0.181277$ & $0.311427$ & $0.307888$ & $0.289355$ & $-0.354066$ & $0.176217$ & $-0.165319$ & $1$ & $0.0882323$ & $0.0176705$ & $-0.0214294$ & $-0.00957648$ & $-0.0403002$ & $0.0478135$ & $0.590021$ & $0.233283$ & $0.185279$ & $-0.27185$ & $0.13968$ & $0.265042$ & $-0.0955044$ & $-0.138208$ & $-0.0959833$ & $0.0739523$ & $0.057182$ & $-0.0850583$ & $0.0800031$ & $-0.0032278$ & $0.195033$ & $0.178799$ \\
CHd_33 & $0.0174772$ & $0.0574675$ & $-0.0446447$ & $-0.0265914$ & $-0.00420514$ & $-0.0631237$ & $-0.0126102$ & $0.293513$ & $0.288621$ & $-0.125147$ & $-0.331108$ & $0.00313605$ & $0.0406218$ & $0.160369$ & $0.117184$ & $0.140907$ & $0.0831758$ & $-0.00806339$ & $-0.0307152$ & $0.324806$ & $0.333867$ & $0.324914$ & $-0.00681985$ & $-0.0182422$ & $-0.0204528$ & $-0.18599$ & $0.0882323$ & $1$ & $0.00546841$ & $0.0109714$ & $0.0247881$ & $-0.0129058$ & $0.0385442$ & $0.165674$ & $0.0625918$ & $-0.00691044$ & $-0.0293471$ & $0.0072878$ & $0.0471357$ & $0.00919542$ & $-0.0641303$ & $0.00979937$ & $0.0147919$ & $-0.0737933$ & $-0.00631514$ & $0.0350415$ & $-0.034161$ & $0.0326759$ & $0.0551043$ \\
CeH_22r & $-0.0623053$ & $-0.0331688$ & $-0.0293815$ & $0.00156921$ & $0.00479221$ & $0.00554585$ & $0.0161413$ & $-0.00467983$ & $0.000537722$ & $0.0308609$ & $0.0144683$ & $0.0471423$ & $0.0351436$ & $-0.0115018$ & $-0.0125892$ & $0.0111214$ & $-0.0189813$ & $-0.00510773$ & $-0.0209309$ & $-0.0157069$ & $-0.0149833$ & $-0.0134843$ & $-0.0183939$ & $0.00283074$ & $0.00538559$ & $0.0105748$ & $0.0176705$ & $0.00546841$ & $1$ & $0.026634$ & $0.0146267$ & $0.00124332$ & $0.0345793$ & $0.00847925$ & $-0.038792$ & $-0.0318254$ & $-0.0307382$ & $-0.0345385$ & $0.0624431$ & $-0.00718025$ & $-0.0188142$ & $-0.00764491$ & $0.0364796$ & $0.0519206$ & $-0.055857$ & $-0.0602261$ & $0.0224593$ & $-0.00854482$ & $0.0145972$ \\
CeH_33r & $0.0595591$ & $-0.0332867$ & $0.0631068$ & $0.00372257$ & $-0.00148835$ & $-0.0222254$ & $-0.12718$ & $0.0609675$ & $0.0770279$ & $-0.10906$ & $-0.0148576$ & $0.272863$ & $0.222934$ & $-0.078794$ & $0.0354306$ & $0.0451933$ & $-0.0943671$ & $-0.106334$ & $-0.114077$ & $0.0181195$ & $0.0141612$ & $0.0137109$ & $0.00448484$ & $-0.0815081$ & $-0.118171$ & $-0.0197519$ & $-0.0214294$ & $0.0109714$ & $0.026634$ & $1$ & $0.316745$ & $0.0418822$ & $0.69894$ & $0.022518$ & $-0.0529417$ & $0.0028912$ & $-0.00142061$ & $-0.0318868$ & $-0.0368889$ & $0.0160093$ & $0.138258$ & $-0.0244693$ & $-0.0428081$ & $0.0151535$ & $0.0863516$ & $0.0378168$ & $0.0384576$ & $0.00752646$ & $-0.0294172$ \\
CuH_22r & $0.0336555$ & $-0.0838944$ & $0.0348381$ & $0.00620139$ & $-0.0233262$ & $-0.00332773$ & $-0.0750558$ & $0.0238666$ & $0.03072$ & $-0.055608$ & $0.00208026$ & $0.11925$ & $0.111962$ & $-0.0409161$ & $0.0133521$ & $0.00726194$ & $-0.0580731$ & $-0.0558226$ & $-0.0524664$ & $-0.00053549$ & $-0.00257727$ & $-0.00385136$ & $-0.0159093$ & $-0.0346961$ & $-0.0633443$ & $0.020729$ & $-0.00957648$ & $0.0247881$ & $0.0146267$ & $0.316745$ & $1$ & $0.0252182$ & $0.401949$ & $0.00365655$ & $-0.0445108$ & $-0.00350176$ & $-0.0184577$ & $-0.00924045$ & $0.0432533$ & $-0.0243119$ & $0.109296$ & $-0.0185006$ & $-0.054756$ & $-0.0195018$ & $0.0390628$ & $0.00115588$ & $0.13201$ & $0.00134642$ & $0.00145324$ \\
CuH_33r & $0.0159826$ & $-0.0413297$ & $0.0416415$ & $-0.101473$ & $0.00122897$ & $0.033329$ & $0.921857$ & $-0.0807702$ & $-0.0547846$ & $0.0855388$ & $0.028909$ & $-0.237115$ & $-0.273532$ & $0.0804976$ & $-0.0272492$ & $0.0134036$ & $0.0995868$ & $0.116311$ & $0.0860305$ & $-0.0272103$ & $-0.0338357$ & $-0.0355689$ & $0.0326263$ & $0.114351$ & $0.105721$ & $-0.0298946$ & $-0.0403002$ & $-0.0129058$ & $0.00124332$ & $0.0418822$ & $0.0252182$ & $1$ & $0.0498513$ & $-0.0475369$ & $0.0187138$ & $-0.0701893$ & $0.0138877$ & $-0.0720423$ & $0.0372113$ & $-0.0249405$ & $0.0497421$ & $0.0120387$ & $0.000153103$ & $-0.0638382$ & $0.0123331$ & $0.0274777$ & $0.00268457$ & $0.0105881$ & $-0.0383602$ \\
CdH_33r & $-0.0284734$ & $-0.0191866$ & $-0.0101827$ & $-0.00654731$ & $-0.00216586$ & $-0.0278081$ & $-0.174249$ & $0.11167$ & $0.131576$ & $-0.137838$ & $-0.0438298$ & $0.421618$ & $0.363032$ & $-0.102903$ & $0.00958$ & $0.0386391$ & $-0.136028$ & $-0.130599$ & $-0.150797$ & $0.0423865$ & $0.0481717$ & $0.0504205$ & $0.0283517$ & $-0.133852$ & $-0.141735$ & $-0.0417175$ & $0.0478135$ & $0.0385442$ & $0.0345793$ & $0.69894$ & $0.401949$ & $0.0498513$ & $1$ & $0.0890182$ & $0.00571473$ & $-0.00148779$ & $-0.0347907$ & $0.00217084$ & $0.086724$ & $-0.00661901$ & $0.0448692$ & $-0.0442799$ & $0.0407418$ & $0.0304475$ & $-0.0013467$ & $0.096332$ & $-0.0156971$ & $0.0285794$ & $0.188221$ \\
CLL_1221 & $-0.0462669$ & $0.233664$ & $0.0363957$ & $-0.101741$ & $0.0127828$ & $-0.12728$ & $-0.0572051$ & $0.52556$ & $0.51922$ & $-0.30707$ & $-0.349477$ & $0.146386$ & $0.203591$ & $-0.216844$ & $-0.529522$ & $0.00638362$ & $-0.21112$ & $0.0269424$ & $-0.369541$ & $0.281919$ & $0.42729$ & $0.423594$ & $0.122053$ & $-0.592474$ & $-0.273235$ & $-0.253626$ & $0.590021$ & $0.165674$ & $0.00847925$ & $0.022518$ & $0.00365655$ & $-0.0475369$ & $0.0890182$ & $1$ & $0.212221$ & $0.133624$ & $-0.187406$ & $0.164763$ & $0.161176$ & $-0.073159$ & $-0.122031$ & $-0.0101201$ & $0.105896$ & $0.00340601$ & $-0.101824$ & $0.103068$ & $-0.100359$ & $0.106918$ & $0.218137$ \\
eHggint & $-0.0995724$ & $-0.124826$ & $-0.377771$ & $-0.317135$ & $0.0256162$ & $-0.0416759$ & $-0.0182711$ & $0.198675$ & $0.190665$ & $-0.0914528$ & $-0.146469$ & $0.0713427$ & $0.0752224$ & $-0.0437768$ & $-0.0422301$ & $-0.0220482$ & $-0.0857933$ & $-0.0742936$ & $-0.0842617$ & $0.130894$ & $0.163709$ & $0.164766$ & $0.0257359$ & $-0.193013$ & $-0.0528172$ & $-0.076299$ & $0.233283$ & $0.0625918$ & $-0.038792$ & $-0.0529417$ & $-0.0445108$ & $0.0187138$ & $0.00571473$ & $0.212221$ & $1$ & $0.333811$ & $0.168576$ & $0.0466221$ & $0.18263$ & $-0.00205999$ & $-0.596776$ & $-0.0475374$ & $0.160875$ & $-0.12235$ & $-0.10953$ & $0.032567$ & $-0.240315$ & $-0.0339413$ & $0.365783$ \\
eHggpar & $0.294777$ & $0.111935$ & $0.119985$ & $-0.367788$ & $0.0138216$ & $-0.021536$ & $-0.0873897$ & $0.0721191$ & $0.0566221$ & $-0.050621$ & $-0.0275144$ & $0.07861$ & $0.0839974$ & $-0.0637317$ & $-0.0772947$ & $-0.0785147$ & $-0.0730434$ & $-0.0381579$ & $-0.028418$ & $0.0160263$ & $0.0454246$ & $0.0458015$ & $0.0484481$ & $-0.126035$ & $-0.0208227$ & $-0.0321741$ & $0.185279$ & $-0.00691044$ & $-0.0318254$ & $0.0028912$ & $-0.00350176$ & $-0.0701893$ & $-0.00148779$ & $0.133624$ & $0.333811$ & $1$ & $0.274593$ & $0.0644887$ & $-0.264549$ & $0.0513551$ & $0.0539225$ & $-0.0611085$ & $-0.192047$ & $-0.234121$ & $0.293287$ & $-0.00296353$ & $-0.131449$ & $-0.113413$ & $0.184574$ \\
eHWWint & $-0.0623961$ & $-0.00398447$ & $-0.0989626$ & $-0.0969969$ & $0.0119599$ & $0.046014$ & $0.00925629$ & $-0.107259$ & $-0.106066$ & $0.058245$ & $0.0623918$ & $0.0429212$ & $0.0318897$ & $0.0604704$ & $0.0974985$ & $0.112946$ & $0.0555597$ & $0.02751$ & $0.0103219$ & $-0.0423899$ & $-0.0838172$ & $-0.0871257$ & $-0.156426$ & $0.137921$ & $-0.0111076$ & $0.117332$ & $-0.27185$ & $-0.0293471$ & $-0.0307382$ & $-0.00142061$ & $-0.0184577$ & $0.0138877$ & $-0.0347907$ & $-0.187406$ & $0.168576$ & $0.274593$ & $1$ & $-0.093973$ & $-0.392938$ & $0.0625413$ & $-0.156164$ & $0.0544491$ & $0.138675$ & $-0.217151$ & $0.0515378$ & $-0.0682197$ & $-0.309376$ & $-0.337845$ & $0.0403592$ \\
eHWWpar & $-0.0193557$ & $0.122209$ & $0.0401252$ & $-0.0897724$ & $0.0128567$ & $0.0299433$ & $-0.0665257$ & $0.0869343$ & $0.0900201$ & $-0.0674459$ & $-0.0296095$ & $0.065316$ & $0.0752365$ & $-0.0832549$ & $-0.0942017$ & $-0.0374364$ & $-0.0977766$ & $-0.046461$ & $-0.082703$ & $0.0177018$ & $0.0455661$ & $0.0459541$ & $0.0920712$ & $-0.12532$ & $-0.075611$ & $-0.0665193$ & $0.13968$ & $0.0072878$ & $-0.0345385$ & $-0.0318868$ & $-0.00924045$ & $-0.0720423$ & $0.00217084$ & $0.164763$ & $0.0466221$ & $0.0644887$ & $-0.093973$ & $1$ & $-0.128004$ & $-0.0804239$ & $0.0705568$ & $0.0100659$ & $0.190244$ & $-0.00351067$ & $-0.0713152$ & $-0.00691022$ & $-0.0720838$ & $0.120256$ & $0.126434$ \\
eHZZint & $-0.312502$ & $-0.178558$ & $-0.343087$ & $0.293096$ & $-0.00132655$ & $-0.0537781$ & $0.0255577$ & $0.0916202$ & $0.0962005$ & $-0.00797866$ & $-0.0799087$ & $-0.0281343$ & $-0.029038$ & $0.00709153$ & $-0.0911171$ & $-0.0637097$ & $0.000606202$ & $0.0330432$ & $0.0185254$ & $0.0630148$ & $0.0950288$ & $0.0963359$ & $0.150155$ & $-0.065843$ & $0.087888$ & $-0.115319$ & $0.265042$ & $0.0471357$ & $0.0624431$ & $-0.0368889$ & $0.0432533$ & $0.0372113$ & $0.086724$ & $0.161176$ & $0.18263$ & $-0.264549$ & $-0.392938$ & $-0.128004$ & $1$ & $-0.121502$ & $-0.18997$ & $-0.0186281$ & $0.162491$ & $0.16408$ & $-0.27093$ & $-0.0640029$ & $0.315901$ & $0.0761629$ & $0.394123$ \\
eHZZpar & $0.161902$ & $-0.0629213$ & $0.0267697$ & $-0.0784148$ & $-0.0522203$ & $-0.0124796$ & $-0.0273159$ & $-0.0040537$ & $-0.00625454$ & $-0.00465227$ & $-0.00545253$ & $0.0200262$ & $0.0225614$ & $0.0118639$ & $0.0782703$ & $0.0379209$ & $0.00800634$ & $-0.0325006$ & $-0.00588218$ & $0.0112605$ & $-0.00457368$ & $-0.00660048$ & $-0.0341102$ & $0.0132356$ & $-0.0356002$ & $0.0108553$ & $-0.0955044$ & $0.00919542$ & $-0.00718025$ & $0.0160093$ & $-0.0243119$ & $-0.0249405$ & $-0.00661901$ & $-0.073159$ & $-0.00205999$ & $0.0513551$ & $0.0625413$ & $-0.0804239$ & $-0.121502$ & $1$ & $-0.0182121$ & $-0.0838888$ & $-0.0825927$ & $-0.103403$ & $0.0994762$ & $0.000228289$ & $-0.0609315$ & $-0.182026$ & $-0.0406325$ \\
eHZgaint & $0.320454$ & $0.00939156$ & $0.633308$ & $0.187584$ & $0.00269041$ & $0.0269405$ & $0.0424907$ & $-0.114866$ & $-0.121558$ & $-0.0120962$ & $0.115646$ & $0.0212113$ & $0.0215748$ & $-0.0357929$ & $0.0201617$ & $-0.0113894$ & $-0.00815744$ & $-0.00999283$ & $0.0159794$ & $-0.10448$ & $-0.12211$ & $-0.121048$ & $-0.0417265$ & $0.0619143$ & $-0.0260087$ & $0.0745169$ & $-0.138208$ & $-0.0641303$ & $-0.0188142$ & $0.138258$ & $0.109296$ & $0.0497421$ & $0.0448692$ & $-0.122031$ & $-0.596776$ & $0.0539225$ & $-0.156164$ & $0.0705568$ & $-0.18997$ & $-0.0182121$ & $1$ & $0.00111845$ & $-0.440449$ & $0.0483554$ & $0.410396$ & $0.0651774$ & $0.459287$ & $0.0800468$ & $-0.438952$ \\
eHZgapar & $0.118788$ & $0.138909$ & $0.0543284$ & $-0.00020503$ & $0.0140746$ & $0.0309323$ & $0.0267302$ & $0.0181279$ & $0.0154709$ & $-0.020703$ & $-0.0195364$ & $-0.0304186$ & $-0.0244264$ & $0.0217927$ & $0.0276731$ & $0.0790072$ & $-0.0174383$ & $-0.0103244$ & $-0.0564062$ & $0.0252237$ & $0.0124051$ & $0.0126294$ & $-0.0427373$ & $-0.010806$ & $-0.0580854$ & $-0.00728132$ & $-0.0959833$ & $0.00979937$ & $-0.00764491$ & $-0.0244693$ & $-0.0185006$ & $0.0120387$ & $-0.0442799$ & $-0.0101201$ & $-0.0475374$ & $-0.0611085$ & $0.0544491$ & $0.0100659$ & $-0.0186281$ & $-0.0838888$ & $0.00111845$ & $1$ & $-0.121899$ & $0.0497393$ & $0.0322145$ & $0.0321567$ & $-0.0596969$ & $-0.118578$ & $-0.0209623$ \\
eHgagaint & $-0.727496$ & $-0.144658$ & $-0.673037$ & $-0.00962683$ & $0.0191696$ & $0.0739558$ & $-0.00864589$ & $0.0910054$ & $0.121849$ & $-0.0158686$ & $-0.0740744$ & $0.0433091$ & $0.0481871$ & $0.0157926$ & $-0.0379331$ & $0.0492561$ & $-0.0440806$ & $-0.000611599$ & $-0.0695752$ & $0.0694119$ & $0.0780104$ & $0.0745517$ & $0.0397631$ & $-0.0411404$ & $-0.0154296$ & $-0.0480492$ & $0.0739523$ & $0.0147919$ & $0.0364796$ & $-0.0428081$ & $-0.054756$ & $0.000153103$ & $0.0407418$ & $0.105896$ & $0.160875$ & $-0.192047$ & $0.138675$ & $0.190244$ & $0.162491$ & $-0.0825927$ & $-0.440449$ & $-0.121899$ & $1$ & $0.0838178$ & $-0.570595$ & $-0.415516$ & $-0.414927$ & $-0.0157794$ & $0.302469$ \\
eHmumuint & $-0.200272$ & $0.199409$ & $0.0967015$ & $0.448832$ & $0.0215168$ & $-0.028541$ & $-0.0621664$ & $-0.0065302$ & $-0.00218333$ & $0.0349257$ & $0.0371959$ & $0.128595$ & $0.119729$ & $-0.0630156$ & $-0.00606281$ & $-0.0605309$ & $-0.0532994$ & $-0.0565583$ & $-0.017499$ & $-0.0396333$ & $-0.0306008$ & $-0.0299001$ & $0.0647406$ & $-0.0421277$ & $-0.0122545$ & $-0.0152652$ & $0.057182$ & $-0.0737933$ & $0.0519206$ & $0.0151535$ & $-0.0195018$ & $-0.0638382$ & $0.0304475$ & $0.00340601$ & $-0.12235$ & $-0.234121$ & $-0.217151$ & $-0.00351067$ & $0.16408$ & $-0.103403$ & $0.0483554$ & $0.0497393$ & $0.0838178$ & $1$ & $0.0523775$ & $-0.0311285$ & $0.196518$ & $0.157503$ & $0.0130309$ \\
eHtautauint & $0.559771$ & $0.332863$ & $0.450174$ & $0.278931$ & $-0.00306219$ & $-0.0301868$ & $0.000619368$ & $-0.0318445$ & $-0.0496054$ & $-0.0179997$ & $0.0124028$ & $0.0246091$ & $0.028308$ & $0.0106228$ & $0.0951258$ & $0.0256588$ & $0.0360921$ & $-0.0303907$ & $0.024127$ & $-0.00298533$ & $-0.0198731$ & $-0.0173304$ & $-0.0623992$ & $0.0395849$ & $-0.0122631$ & $0.0283105$ & $-0.0850583$ & $-0.00631514$ & $-0.055857$ & $0.0863516$ & $0.0390628$ & $0.0123331$ & $-0.0013467$ & $-0.101824$ & $-0.10953$ & $0.293287$ & $0.0515378$ & $-0.0713152$ & $-0.27093$ & $0.0994762$ & $0.410396$ & $0.0322145$ & $-0.570595$ & $0.0523775$ & $1$ & $0.286889$ & $0.153597$ & $-0.00715541$ & $-0.242783$ \\
eHccint & $0.434677$ & $0.311258$ & $0.510949$ & $0.0535243$ & $0.00442301$ & $-0.113958$ & $0.0176564$ & $0.104093$ & $0.0899873$ & $-0.104367$ & $-0.0640386$ & $0.0656544$ & $0.0771686$ & $-0.0714128$ & $0.0110159$ & $-0.0226689$ & $-0.0479957$ & $-0.0874833$ & $-0.0611073$ & $0.056691$ & $0.0759642$ & $0.0794109$ & $0.0625368$ & $-0.134633$ & $-0.091042$ & $-0.0917135$ & $0.0800031$ & $0.0350415$ & $-0.0602261$ & $0.0378168$ & $0.00115588$ & $0.0274777$ & $0.096332$ & $0.103068$ & $0.032567$ & $-0.00296353$ & $-0.0682197$ & $-0.00691022$ & $-0.0640029$ & $0.000228289$ & $0.0651774$ & $0.0321567$ & $-0.415516$ & $-0.0311285$ & $0.286889$ & $1$ & $-0.230884$ & $0.205$ & $0.161682$ \\
eHccpar & $0.0530381$ & $-0.259227$ & $0.229644$ & $0.280478$ & $0.0102016$ & $-0.0136418$ & $0.00203391$ & $-0.132441$ & $-0.143894$ & $0.0693583$ & $0.112812$ & $-0.0822946$ & $-0.095849$ & $-0.00870115$ & $-0.0253952$ & $-0.107408$ & $0.0505044$ & $0.050548$ & $0.116202$ & $-0.111979$ & $-0.114421$ & $-0.115544$ & $0.0454948$ & $0.0990941$ & $0.0932906$ & $0.0425754$ & $-0.0032278$ & $-0.034161$ & $0.0224593$ & $0.0384576$ & $0.13201$ & $0.00268457$ & $-0.0156971$ & $-0.100359$ & $-0.240315$ & $-0.131449$ & $-0.309376$ & $-0.0720838$ & $0.315901$ & $-0.0609315$ & $0.459287$ & $-0.0596969$ & $-0.414927$ & $0.196518$ & $0.153597$ & $-0.230884$ & $1$ & $0.0279448$ & $-0.254251$ \\
eHbbint & $-0.0811254$ & $-0.0647061$ & $0.150348$ & $0.262379$ & $-0.00762219$ & $-0.0554919$ & $0.014255$ & $-0.0211632$ & $-0.0196181$ & $0.00493221$ & $0.00161901$ & $-0.13127$ & $-0.126932$ & $0.0234352$ & $-0.130615$ & $-0.119915$ & $0.0806501$ & $0.117479$ & $0.115804$ & $-0.0158069$ & $0.0161372$ & $0.0180066$ & $0.0800204$ & $0.0246189$ & $0.149124$ & $-0.0392445$ & $0.195033$ & $0.0326759$ & $-0.00854482$ & $0.00752646$ & $0.00134642$ & $0.0105881$ & $0.0285794$ & $0.106918$ & $-0.0339413$ & $-0.113413$ & $-0.337845$ & $0.120256$ & $0.0761629$ & $-0.182026$ & $0.0800468$ & $-0.118578$ & $-0.0157794$ & $0.157503$ & $-0.00715541$ & $0.205$ & $0.0279448$ & $1$ & $-0.222649$ \\
eHbbpar & $-0.189858$ & $0.0812706$ & $-0.342384$ & $-0.173568$ & $0.00913516$ & $0.00762169$ & $-0.0632385$ & $0.174902$ & $0.178126$ & $-0.0657991$ & $-0.0939803$ & $0.191521$ & $0.189229$ & $-0.0988498$ & $-0.0712117$ & $0.00310442$ & $-0.154177$ & $-0.106037$ & $-0.158132$ & $0.079313$ & $0.109834$ & $0.11461$ & $0.0732763$ & $-0.207543$ & $-0.124546$ & $-0.0839497$ & $0.178799$ & $0.0551043$ & $0.0145972$ & $-0.0294172$ & $0.00145324$ & $-0.0383602$ & $0.188221$ & $0.218137$ & $0.365783$ & $0.184574$ & $0.0403592$ & $0.126434$ & $0.394123$ & $-0.0406325$ & $-0.438952$ & $-0.0209623$ & $0.302469$ & $0.0130309$ & $-0.242783$ & $0.161682$ & $-0.254251$ & $-0.222649$ & $1$ \\
