 & AlsMz & dAle5Mz & mtop & mHl & Mz & CW & CHG & CHWB & CHWHB_gaga & CHWHB_gagaorth & CHD & CH & CHL1_11 & CHL1_22 & CHL1_33 & CHL3_11 & CHL3_22 & CHL3_33 & CHe_11 & CHe_22 & CHe_33 & CHQ1_11 & CHQ1_33 & CHQ3_11 & CHu_11 & CHd_11 & CHd_33 & CeH_22r & CeH_33r & CuH_22r & CuH_33r & CdH_33r & CLL_1221 & eHggint & eHggpar & eHWWint & eHWWpar & eHZZint & eHZZpar & eHZgaint & eHZgapar & eHgagaint & eHmumuint & eHtautauint & eHccint & eHccpar & eHbbint & eHbbpar \\
AlsMz & $1$ & $-0.0916626$ & $-0.185948$ & $-0.00242119$ & $-0.0257113$ & $-0.00358401$ & $-0.00640993$ & $0.0119372$ & $0.0112545$ & $-0.00319899$ & $-0.0198628$ & $0.00659686$ & $0.0128625$ & $-0.000586154$ & $0.00246816$ & $-0.00534098$ & $0.00254381$ & $0.000566219$ & $0.00941981$ & $0.009126$ & $0.00917303$ & $0.000180543$ & $-0.0498557$ & $-0.094078$ & $-0.0408733$ & $-0.0186013$ & $0.00221518$ & $-0.00484788$ & $0.0178194$ & $-0.0124023$ & $-0.0113074$ & $0.0419603$ & $0.0011554$ & $-0.0252731$ & $0.0171868$ & $-0.000849304$ & $-0.0162985$ & $-0.0719169$ & $0.00413723$ & $-0.163344$ & $0.0235119$ & $0.000759874$ & $0.0617571$ & $0.0643396$ & $-0.051253$ & $-0.0344368$ & $-0.102898$ & $0.0965035$ \\
dAle5Mz & $-0.0916626$ & $1$ & $0.0425026$ & $-0.0786152$ & $0.0186522$ & $0.011878$ & $-0.0168407$ & $-0.0591815$ & $-0.0543877$ & $0.0133007$ & $0.0425551$ & $-0.00769008$ & $-0.00573191$ & $-0.0156666$ & $-0.0161256$ & $0.0187343$ & $0.0191534$ & $0.0189223$ & $-0.021036$ & $-0.018484$ & $-0.0200961$ & $0.00743874$ & $0.028401$ & $0.028179$ & $0.0072938$ & $0.00508971$ & $-0.00136043$ & $-0.0113922$ & $-0.0244609$ & $-0.000830553$ & $-0.0159356$ & $-0.0332369$ & $0.0193976$ & $0.0499648$ & $-0.0302854$ & $0.094863$ & $-0.00217911$ & $0.0593684$ & $0.00311137$ & $0.0486135$ & $-0.0139431$ & $0.0716102$ & $-0.0171527$ & $0.0359087$ & $0.0735517$ & $0.0798859$ & $0.0899831$ & $-0.0438283$ \\
mtop & $-0.185948$ & $0.0425026$ & $1$ & $0.0666058$ & $0.0106295$ & $-0.0081779$ & $-0.0335747$ & $-0.0101331$ & $-0.00749083$ & $0.00575504$ & $0.0182228$ & $0.00342801$ & $-0.00439581$ & $-0.0084434$ & $-0.010753$ & $-0.000544219$ & $0.00396867$ & $0.0060232$ & $-0.0093097$ & $-0.00823182$ & $-0.0094301$ & $-0.0019911$ & $0.0115568$ & $0.0163928$ & $0.0128591$ & $-0.00130198$ & $0.00303716$ & $-0.00346173$ & $0.00260579$ & $0.027802$ & $-0.0371116$ & $-0.00838794$ & $0.00168011$ & $-0.137103$ & $0.178359$ & $-0.00551606$ & $0.0127855$ & $-0.110689$ & $-0.0191672$ & $-0.0480253$ & $-0.00581714$ & $0.0067964$ & $0.14347$ & $0.0875077$ & $-0.0927777$ & $0.0910843$ & $0.128146$ & $-0.0691406$ \\
mHl & $-0.00242119$ & $-0.0786152$ & $0.0666058$ & $1$ & $-0.0136971$ & $-0.0134328$ & $-0.0455876$ & $0.0239029$ & $0.019339$ & $0.00156554$ & $-0.0213832$ & $0.0179706$ & $0.00387118$ & $0.0069662$ & $0.0104469$ & $-0.00181487$ & $-0.00766372$ & $-0.00981436$ & $0.0191948$ & $0.0207188$ & $0.0199951$ & $0.0118848$ & $-0.013456$ & $-0.00820296$ & $-0.0222838$ & $0.00539225$ & $-0.00704952$ & $-0.00863552$ & $0.0117361$ & $0.0142394$ & $-0.0326568$ & $0.0445477$ & $0.00984389$ & $0.118185$ & $-0.01477$ & $-0.120292$ & $0.00197667$ & $-0.018377$ & $-0.028107$ & $-0.041066$ & $0.00034282$ & $-0.0199505$ & $-0.0378707$ & $-0.0112624$ & $0.00676493$ & $0.0162169$ & $-0.0087505$ & $0.0767916$ \\
Mz & $-0.0257113$ & $0.0186522$ & $0.0106295$ & $-0.0136971$ & $1$ & $-0.00247119$ & $-0.00338085$ & $0.010256$ & $0.0108935$ & $-0.00494415$ & $0.00176154$ & $0.00730775$ & $-0.000468357$ & $0.0101403$ & $0.000861751$ & $-0.00564354$ & $-0.0138302$ & $-0.00507071$ & $0.00739743$ & $0.00915298$ & $0.0104331$ & $0.00196408$ & $-0.0109554$ & $-0.00546922$ & $-0.00299218$ & $0.00553017$ & $0.0068062$ & $-0.0180375$ & $-0.0014879$ & $-0.00676735$ & $-0.00141372$ & $-0.0101971$ & $-0.000910591$ & $0.00242447$ & $-0.00436303$ & $0.00300641$ & $-0.00288328$ & $0.0116039$ & $-0.00766187$ & $-0.00211035$ & $0.00740396$ & $0.00136863$ & $0.000210011$ & $0.00322578$ & $-0.00648014$ & $-0.00655534$ & $-0.012716$ & $-0.0139448$ \\
CW & $-0.00358401$ & $0.011878$ & $-0.0081779$ & $-0.0134328$ & $-0.00247119$ & $1$ & $0.0124326$ & $-0.107428$ & $-0.104637$ & $-0.0253251$ & $0.168862$ & $-0.00163884$ & $0.0292233$ & $-0.07348$ & $-0.0810623$ & $-0.256545$ & $-0.0524653$ & $-0.0459741$ & $-0.166855$ & $-0.171098$ & $-0.167229$ & $0.00208684$ & $-0.00696967$ & $-0.0855958$ & $0.0869269$ & $-0.0626003$ & $-0.0625177$ & $0.000126528$ & $-0.0124019$ & $-0.0152609$ & $0.0108584$ & $-0.0229456$ & $-0.109933$ & $0.00367437$ & $-0.00728459$ & $-0.00910546$ & $0.00279618$ & $0.0105383$ & $-0.0126607$ & $0.00800464$ & $0.00709828$ & $-0.00580033$ & $-0.00940824$ & $-0.00745992$ & $-0.011875$ & $-0.00790103$ & $0.00488601$ & $-0.0106812$ \\
CHG & $-0.00640993$ & $-0.0168407$ & $-0.0335747$ & $-0.0455876$ & $-0.00338085$ & $0.0124326$ & $1$ & $-0.11915$ & $-0.0641752$ & $0.12755$ & $0.0759613$ & $-0.295452$ & $0.0478764$ & $-0.0293566$ & $-0.0326969$ & $0.0864347$ & $0.100098$ & $0.104677$ & $-0.0743702$ & $-0.0796663$ & $-0.0753686$ & $-0.00967227$ & $0.113159$ & $0.096902$ & $0.044735$ & $-0.0461782$ & $-0.0229638$ & $0.00701072$ & $-0.13108$ & $-0.0674273$ & $0.94033$ & $-0.15643$ & $-0.0716975$ & $-0.00921025$ & $-0.0321773$ & $0.028449$ & $0.00942336$ & $0.00935166$ & $-0.00499782$ & $0.0178238$ & $-0.00367513$ & $-0.000874812$ & $-0.00337952$ & $-0.023507$ & $0.00537882$ & $0.00218866$ & $-0.0176742$ & $0.00558464$ \\
CHWB & $0.0119372$ & $-0.0591815$ & $-0.0101331$ & $0.0239029$ & $0.010256$ & $-0.107428$ & $-0.11915$ & $1$ & $0.982871$ & $-0.558808$ & $-0.872723$ & $0.38374$ & $0.0639935$ & $0.296842$ & $0.291972$ & $-0.271266$ & $-0.458893$ & $-0.457027$ & $0.841873$ & $0.89126$ & $0.872327$ & $0.0647053$ & $-0.677109$ & $-0.422877$ & $-0.495148$ & $0.409084$ & $0.291111$ & $0.0162887$ & $0.176985$ & $0.07135$ & $-0.0932151$ & $0.191812$ & $0.549617$ & $0.0202176$ & $0.00875811$ & $-0.00771311$ & $0.00348934$ & $-0.0113761$ & $-0.00159619$ & $-0.0192113$ & $0.00555235$ & $-0.0027929$ & $-0.00512461$ & $0.00134812$ & $0.000821355$ & $0.00169366$ & $-0.0112337$ & $0.00495136$ \\
CHWHB_gaga & $0.0112545$ & $-0.0543877$ & $-0.00749083$ & $0.019339$ & $0.0108935$ & $-0.104637$ & $-0.0641752$ & $0.982871$ & $1$ & $-0.559479$ & $-0.856223$ & $0.372125$ & $0.0600321$ & $0.289594$ & $0.286149$ & $-0.269896$ & $-0.452315$ & $-0.451492$ & $0.826179$ & $0.87473$ & $0.855999$ & $0.0638538$ & $-0.667631$ & $-0.416839$ & $-0.485867$ & $0.403924$ & $0.284441$ & $0.0220061$ & $0.193107$ & $0.0793921$ & $-0.0495177$ & $0.208868$ & $0.541973$ & $0.00489405$ & $0.00049224$ & $-0.0233931$ & $0.00508861$ & $-0.0189894$ & $-0.00342674$ & $-0.0161042$ & $0.00682513$ & $0.0577265$ & $-0.00669835$ & $-0.00091443$ & $0.00194376$ & $-0.000639434$ & $-0.0214028$ & $0.0106439$ \\
CHWHB_gagaorth & $-0.00319899$ & $0.0133007$ & $0.00575504$ & $0.00156554$ & $-0.00494415$ & $-0.0253251$ & $0.12755$ & $-0.558808$ & $-0.559479$ & $1$ & $0.247718$ & $-0.415452$ & $0.436247$ & $-0.12516$ & $-0.128845$ & $0.628107$ & $0.659784$ & $0.658446$ & $-0.244378$ & $-0.263593$ & $-0.2626$ & $-0.0479219$ & $0.645614$ & $0.646081$ & $0.148408$ & $-0.190452$ & $-0.0884605$ & $-0.0338347$ & $-0.339323$ & $-0.119239$ & $0.0833975$ & $-0.385144$ & $-0.328049$ & $-0.0213144$ & $-0.00331478$ & $0.0140219$ & $0.00178273$ & $0.00565411$ & $-0.00011295$ & $-0.0300348$ & $0.00679948$ & $-0.00532928$ & $-0.0107718$ & $-0.012888$ & $0.000134745$ & $0.00377929$ & $0.00417239$ & $0.00409343$ \\
CHD & $-0.0198628$ & $0.0425551$ & $0.0182228$ & $-0.0213832$ & $0.00176154$ & $0.168862$ & $0.0759613$ & $-0.872723$ & $-0.856223$ & $0.247718$ & $1$ & $-0.212332$ & $-0.493328$ & $-0.429834$ & $-0.419036$ & $-0.196675$ & $0.0860295$ & $0.0847775$ & $-0.989874$ & $-0.990423$ & $-0.967383$ & $-0.0046512$ & $0.302223$ & $0.0346678$ & $0.550511$ & $-0.269779$ & $-0.323104$ & $-0.00778704$ & $-0.138021$ & $-0.0537791$ & $0.0566872$ & $-0.150592$ & $-0.340361$ & $-0.0130417$ & $-0.00487094$ & $0.00518236$ & $-0.00262879$ & $0.00802171$ & $-0.00359031$ & $0.0291401$ & $-0.00782282$ & $0.00547407$ & $0.00801086$ & $0.00868208$ & $-0.00707892$ & $-0.00259432$ & $0.012734$ & $-0.00479248$ \\
CH & $0.00659686$ & $-0.00769008$ & $0.00342801$ & $0.0179706$ & $0.00730775$ & $-0.00163884$ & $-0.295452$ & $0.38374$ & $0.372125$ & $-0.415452$ & $-0.212332$ & $1$ & $-0.212938$ & $0.0764584$ & $0.0802994$ & $-0.341769$ & $-0.371006$ & $-0.372679$ & $0.203867$ & $0.225034$ & $0.220408$ & $0.0379138$ & $-0.398032$ & $-0.363577$ & $-0.126948$ & $0.152979$ & $0.0746365$ & $0.0370629$ & $0.250571$ & $0.107455$ & $-0.257795$ & $0.308226$ & $0.237778$ & $0.0126507$ & $0.01913$ & $-0.0175873$ & $-0.00102941$ & $-0.0105637$ & $-0.00842638$ & $0.00128087$ & $0.00528776$ & $0.000453373$ & $0.000563222$ & $0.000951046$ & $-0.0145198$ & $0.00526581$ & $0.00409634$ & $-0.000434487$ \\
CHL1_11 & $0.0128625$ & $-0.00573191$ & $-0.00439581$ & $0.00387118$ & $-0.000468357$ & $0.0292233$ & $0.0478764$ & $0.0639935$ & $0.0600321$ & $0.436247$ & $-0.493328$ & $-0.212938$ & $1$ & $0.278844$ & $0.264782$ & $0.657292$ & $0.5943$ & $0.594433$ & $0.51371$ & $0.451127$ & $0.436513$ & $-0.0840722$ & $0.489105$ & $0.598734$ & $-0.255653$ & $-0.123924$ & $0.14689$ & $-0.0131801$ & $-0.0250194$ & $-0.0154459$ & $0.0420529$ & $-0.0210791$ & $-0.251537$ & $-0.00725489$ & $-0.00468782$ & $0.00516463$ & $-0.000351802$ & $0.00305594$ & $0.00605724$ & $-0.0301464$ & $0.00993326$ & $-0.00938105$ & $-0.00532685$ & $-0.0171714$ & $0.00433545$ & $0.00448141$ & $-0.00230886$ & $0.00221388$ \\
CHL1_22 & $-0.000586154$ & $-0.0156666$ & $-0.0084434$ & $0.0069662$ & $0.0101403$ & $-0.07348$ & $-0.0293566$ & $0.296842$ & $0.289594$ & $-0.12516$ & $-0.429834$ & $0.0764584$ & $0.278844$ & $1$ & $0.445519$ & $0.16796$ & $-0.445545$ & $-0.02857$ & $0.49558$ & $0.343289$ & $0.333631$ & $-0.182953$ & $0.107846$ & $-0.127761$ & $-0.193335$ & $-0.403893$ & $0.110677$ & $-0.00122369$ & $0.0469202$ & $0.0220133$ & $-0.0198869$ & $0.0563486$ & $-0.605106$ & $0.00981493$ & $-0.00543178$ & $-0.00256206$ & $0.0122592$ & $-0.00289406$ & $0.00745937$ & $0.00259861$ & $0.001532$ & $0.00700129$ & $-0.00574124$ & $-0.0120761$ & $0.000717198$ & $0.00704646$ & $-0.0126655$ & $0.00691762$ \\
CHL1_33 & $0.00246816$ & $-0.0161256$ & $-0.010753$ & $0.0104469$ & $0.000861751$ & $-0.0810623$ & $-0.0326969$ & $0.291972$ & $0.286149$ & $-0.128845$ & $-0.419036$ & $0.0802994$ & $0.264782$ & $0.445519$ & $1$ & $0.157607$ & $-0.0293015$ & $-0.439416$ & $0.484062$ & $0.335475$ & $0.352801$ & $-0.171106$ & $0.105358$ & $-0.13012$ & $-0.186866$ & $-0.391854$ & $0.0973232$ & $-0.00477279$ & $0.0481362$ & $0.0202833$ & $-0.0266083$ & $0.041941$ & $-0.108477$ & $0.0115359$ & $0.00435307$ & $-0.000997126$ & $0.00625893$ & $-0.00107105$ & $0.0133297$ & $0.00579914$ & $-0.00521538$ & $0.000995285$ & $0.00464155$ & $0.00376151$ & $-0.000420902$ & $0.00572292$ & $-0.0112715$ & $-0.00906467$ \\
CHL3_11 & $-0.00534098$ & $0.0187343$ & $-0.000544219$ & $-0.00181487$ & $-0.00564354$ & $-0.256545$ & $0.0864347$ & $-0.271266$ & $-0.269896$ & $0.628107$ & $-0.196675$ & $-0.341769$ & $0.657292$ & $0.16796$ & $0.157607$ & $1$ & $0.735615$ & $0.735569$ & $0.221783$ & $0.16228$ & $0.155164$ & $-0.0823365$ & $0.692434$ & $0.779078$ & $-0.0869791$ & $-0.177081$ & $0.0523802$ & $-0.0133857$ & $-0.075907$ & $-0.032813$ & $0.0731242$ & $-0.0834607$ & $-0.277994$ & $-0.0176674$ & $-0.00400408$ & $0.00199725$ & $-0.000670083$ & $0.00467058$ & $0.0102425$ & $-0.0190763$ & $0.00238456$ & $-0.0090264$ & $-0.00623407$ & $-0.0209499$ & $0.0149513$ & $0.00086266$ & $-0.00125815$ & $-0.00295505$ \\
CHL3_22 & $0.00254381$ & $0.0191534$ & $0.00396867$ & $-0.00766372$ & $-0.0138302$ & $-0.0524653$ & $0.100098$ & $-0.458893$ & $-0.452315$ & $0.659784$ & $0.0860295$ & $-0.371006$ & $0.5943$ & $-0.445545$ & $-0.0293015$ & $0.735615$ & $1$ & $0.674116$ & $-0.0863324$ & $-0.081115$ & $-0.0790134$ & $0.00578551$ & $0.632585$ & $0.793873$ & $0.0458534$ & $-0.0121344$ & $-0.0263958$ & $-0.0151629$ & $-0.107299$ & $-0.0482388$ & $0.0805324$ & $-0.119462$ & $0.0201033$ & $-0.0224945$ & $-0.000832277$ & $0.00498474$ & $-0.00916753$ & $0.00662497$ & $0.00496469$ & $-0.0183258$ & $0.00273092$ & $-0.0104078$ & $0.00133989$ & $-0.00912893$ & $0.00744823$ & $-0.00290069$ & $0.00616019$ & $-0.00742576$ \\
CHL3_33 & $0.000566219$ & $0.0189223$ & $0.0060232$ & $-0.00981436$ & $-0.00507071$ & $-0.0459741$ & $0.104677$ & $-0.457027$ & $-0.451492$ & $0.658446$ & $0.0847775$ & $-0.372679$ & $0.594433$ & $-0.02857$ & $-0.439416$ & $0.735569$ & $0.674116$ & $1$ & $-0.0853176$ & $-0.079767$ & $-0.0759833$ & $0.00034715$ & $0.628715$ & $0.794539$ & $0.0445699$ & $-0.0118134$ & $-0.0180855$ & $-0.0140712$ & $-0.107747$ & $-0.0457586$ & $0.0879721$ & $-0.108734$ & $-0.358304$ & $-0.0242305$ & $-0.00750952$ & $0.00272766$ & $-0.00374999$ & $0.00365505$ & $0.000318358$ & $-0.0203622$ & $0.00728333$ & $-0.00812729$ & $-0.00544703$ & $-0.0213331$ & $0.00709709$ & $0.000113833$ & $0.00422071$ & $0.00462216$ \\
CHe_11 & $0.00941981$ & $-0.021036$ & $-0.0093097$ & $0.0191948$ & $0.00739743$ & $-0.166855$ & $-0.0743702$ & $0.841873$ & $0.826179$ & $-0.244378$ & $-0.989874$ & $0.203867$ & $0.51371$ & $0.49558$ & $0.484062$ & $0.221783$ & $-0.0863324$ & $-0.0853176$ & $1$ & $0.97106$ & $0.948918$ & $-0.0213326$ & $-0.245727$ & $-0.0255414$ & $-0.539388$ & $0.193572$ & $0.317188$ & $0.00634083$ & $0.131897$ & $0.0526915$ & $-0.0556996$ & $0.143075$ & $0.259245$ & $0.0120056$ & $0.00537496$ & $-0.00456851$ & $0.00284807$ & $-0.00700443$ & $0.00519597$ & $-0.0233192$ & $0.0072912$ & $-0.00134222$ & $-0.00635871$ & $-0.00753523$ & $0.00696291$ & $0.00541856$ & $-0.0102237$ & $0.00159976$ \\
CHe_22 & $0.009126$ & $-0.018484$ & $-0.00823182$ & $0.0207188$ & $0.00915298$ & $-0.171098$ & $-0.0796663$ & $0.89126$ & $0.87473$ & $-0.263593$ & $-0.990423$ & $0.225034$ & $0.451127$ & $0.343289$ & $0.335475$ & $0.16228$ & $-0.081115$ & $-0.079767$ & $0.97106$ & $1$ & $0.972847$ & $0.0345956$ & $-0.359113$ & $-0.0407013$ & $-0.553513$ & $0.353937$ & $0.326506$ & $0.00914615$ & $0.141353$ & $0.0556393$ & $-0.0597752$ & $0.154655$ & $0.43064$ & $0.0135423$ & $0.00563302$ & $-0.00337137$ & $0.00182545$ & $-0.00703941$ & $0.00222127$ & $-0.0290484$ & $0.00773632$ & $-0.00480293$ & $-0.00865271$ & $-0.00721261$ & $0.00846506$ & $0.00445543$ & $-0.0081969$ & $0.00322569$ \\
CHe_33 & $0.00917303$ & $-0.0200961$ & $-0.0094301$ & $0.0199951$ & $0.0104331$ & $-0.167229$ & $-0.0753686$ & $0.872327$ & $0.855999$ & $-0.2626$ & $-0.967383$ & $0.220408$ & $0.436513$ & $0.333631$ & $0.352801$ & $0.155164$ & $-0.0790134$ & $-0.0759833$ & $0.948918$ & $0.972847$ & $1$ & $0.0349137$ & $-0.353205$ & $-0.0398829$ & $-0.540683$ & $0.348359$ & $0.317139$ & $0.00674419$ & $0.138515$ & $0.0548077$ & $-0.0560873$ & $0.149261$ & $0.425981$ & $0.0145002$ & $0.00691036$ & $-0.00280552$ & $0.00268032$ & $-0.00639917$ & $0.00364844$ & $-0.0258284$ & $0.00620715$ & $-0.00537594$ & $-0.00562615$ & $-0.00644349$ & $0.00910621$ & $0.00618822$ & $-0.00884852$ & $0.000307405$ \\
CHQ1_11 & $0.000180543$ & $0.00743874$ & $-0.0019911$ & $0.0118848$ & $0.00196408$ & $0.00208684$ & $-0.00967227$ & $0.0647053$ & $0.0638538$ & $-0.0479219$ & $-0.0046512$ & $0.0379138$ & $-0.0840722$ & $-0.182953$ & $-0.171106$ & $-0.0823365$ & $0.00578551$ & $0.00034715$ & $-0.0213326$ & $0.0345956$ & $0.0349137$ & $1$ & $-0.134625$ & $0.0721686$ & $-0.678823$ & $0.350235$ & $0.0144507$ & $0.00521358$ & $0.0176674$ & $0.00130479$ & $-0.00476078$ & $0.0121905$ & $0.207931$ & $0.00743937$ & $0.00947669$ & $-0.00548298$ & $-0.000268997$ & $-0.00715057$ & $-0.00373307$ & $-0.023557$ & $0.00175676$ & $0.00295636$ & $-0.00782035$ & $-0.000349749$ & $-0.00359732$ & $-0.0022792$ & $-0.00787338$ & $-0.011147$ \\
CHQ1_33 & $-0.0498557$ & $0.028401$ & $0.0115568$ & $-0.013456$ & $-0.0109554$ & $-0.00696967$ & $0.113159$ & $-0.677109$ & $-0.667631$ & $0.645614$ & $0.302223$ & $-0.398032$ & $0.489105$ & $0.107846$ & $0.105358$ & $0.692434$ & $0.632585$ & $0.628715$ & $-0.245727$ & $-0.359113$ & $-0.353205$ & $-0.134625$ & $1$ & $0.651329$ & $0.194206$ & $-0.416452$ & $-0.0202763$ & $-0.0189525$ & $-0.137667$ & $-0.051708$ & $0.0934196$ & $-0.147862$ & $-0.628458$ & $-0.0174719$ & $-0.00435297$ & $0.000884351$ & $-0.00279231$ & $0.0119704$ & $0.0115838$ & $0.00985377$ & $-0.00318931$ & $-0.000831074$ & $0.00457014$ & $-0.0126919$ & $0.00460248$ & $0.00383603$ & $0.0101441$ & $-0.0039062$ \\
CHQ3_11 & $-0.094078$ & $0.028179$ & $0.0163928$ & $-0.00820296$ & $-0.00546922$ & $-0.0855958$ & $0.096902$ & $-0.422877$ & $-0.416839$ & $0.646081$ & $0.0346678$ & $-0.363577$ & $0.598734$ & $-0.127761$ & $-0.13012$ & $0.779078$ & $0.793873$ & $0.794539$ & $-0.0255414$ & $-0.0407013$ & $-0.0398829$ & $0.0721686$ & $0.651329$ & $1$ & $0.0295282$ & $0.200136$ & $-0.00698753$ & $-0.0168134$ & $-0.110544$ & $-0.040672$ & $0.0781003$ & $-0.117388$ & $-0.215698$ & $-0.0223629$ & $-0.00566247$ & $0.00818552$ & $-0.00116409$ & $0.0144761$ & $0.000819923$ & $-0.00139801$ & $0.00580577$ & $-0.0127295$ & $-0.00984992$ & $-0.0246731$ & $0.0161428$ & $0.00311732$ & $0.00850281$ & $-0.00646703$ \\
CHu_11 & $-0.0408733$ & $0.0072938$ & $0.0128591$ & $-0.0222838$ & $-0.00299218$ & $0.0869269$ & $0.044735$ & $-0.495148$ & $-0.485867$ & $0.148408$ & $0.550511$ & $-0.126948$ & $-0.255653$ & $-0.193335$ & $-0.186866$ & $-0.0869791$ & $0.0458534$ & $0.0445699$ & $-0.539388$ & $-0.553513$ & $-0.540683$ & $-0.678823$ & $0.194206$ & $0.0295282$ & $1$ & $-0.165483$ & $-0.180025$ & $-0.00725777$ & $-0.0855082$ & $-0.0258253$ & $0.0310956$ & $-0.0865005$ & $-0.236409$ & $-0.02139$ & $-0.00285961$ & $0.00635894$ & $-0.00305186$ & $0.00890931$ & $0.00103495$ & $0.0385376$ & $-0.0108729$ & $-0.00135218$ & $0.00478744$ & $0.0033931$ & $0.000516921$ & $0.00129589$ & $0.0143512$ & $0.00218078$ \\
CHd_11 & $-0.0186013$ & $0.00508971$ & $-0.00130198$ & $0.00539225$ & $0.00553017$ & $-0.0626003$ & $-0.0461782$ & $0.409084$ & $0.403924$ & $-0.190452$ & $-0.269779$ & $0.152979$ & $-0.123924$ & $-0.403893$ & $-0.391854$ & $-0.177081$ & $-0.0121344$ & $-0.0118134$ & $0.193572$ & $0.353937$ & $0.348359$ & $0.350235$ & $-0.416452$ & $0.200136$ & $-0.165483$ & $1$ & $0.112537$ & $0.00736153$ & $0.0636038$ & $0.0326843$ & $-0.0383975$ & $0.0722828$ & $0.678303$ & $-0.000423908$ & $0.00898599$ & $0.00231459$ & $-0.00343836$ & $-0.00131691$ & $-0.0107826$ & $-0.0122404$ & $0.0054742$ & $-0.00994477$ & $-0.00603588$ & $-0.000803715$ & $0.00926802$ & $0.00155695$ & $0.00139909$ & $0.00447355$ \\
CHd_33 & $0.00221518$ & $-0.00136043$ & $0.00303716$ & $-0.00704952$ & $0.0068062$ & $-0.0625177$ & $-0.0229638$ & $0.291111$ & $0.284441$ & $-0.0884605$ & $-0.323104$ & $0.0746365$ & $0.14689$ & $0.110677$ & $0.0973232$ & $0.0523802$ & $-0.0263958$ & $-0.0180855$ & $0.317188$ & $0.326506$ & $0.317139$ & $0.0144507$ & $-0.0202763$ & $-0.00698753$ & $-0.180025$ & $0.112537$ & $1$ & $0.00620997$ & $0.0450702$ & $0.0186168$ & $-0.0154781$ & $0.0590054$ & $0.141653$ & $-0.00969648$ & $0.00745417$ & $0.00385026$ & $-0.00628794$ & $0.00321929$ & $0.00476085$ & $-0.0161923$ & $0.0120193$ & $-0.00729806$ & $-0.0035474$ & $0.00426885$ & $-0.00474327$ & $-0.0019506$ & $-0.00277845$ & $0.0155295$ \\
CeH_22r & $-0.00484788$ & $-0.0113922$ & $-0.00346173$ & $-0.00863552$ & $-0.0180375$ & $0.000126528$ & $0.00701072$ & $0.0162887$ & $0.0220061$ & $-0.0338347$ & $-0.00778704$ & $0.0370629$ & $-0.0131801$ & $-0.00122369$ & $-0.00477279$ & $-0.0133857$ & $-0.0151629$ & $-0.0140712$ & $0.00634083$ & $0.00914615$ & $0.00674419$ & $0.00521358$ & $-0.0189525$ & $-0.0168134$ & $-0.00725777$ & $0.00736153$ & $0.00620997$ & $1$ & $0.0255103$ & $0.0111189$ & $-0.0119911$ & $0.0358254$ & $0.01446$ & $-0.0215114$ & $-0.00627812$ & $-0.0116616$ & $-0.00559608$ & $-0.0187411$ & $-0.00601626$ & $0.00231454$ & $0.000784694$ & $-0.00555361$ & $-0.00413651$ & $-0.00387248$ & $0.0074519$ & $-0.00980269$ & $0.00123901$ & $0.0103005$ \\
CeH_33r & $0.0178194$ & $-0.0244609$ & $0.00260579$ & $0.0117361$ & $-0.0014879$ & $-0.0124019$ & $-0.13108$ & $0.176985$ & $0.193107$ & $-0.339323$ & $-0.138021$ & $0.250571$ & $-0.0250194$ & $0.0469202$ & $0.0481362$ & $-0.075907$ & $-0.107299$ & $-0.107747$ & $0.131897$ & $0.141353$ & $0.138515$ & $0.0176674$ & $-0.137667$ & $-0.110544$ & $-0.0855082$ & $0.0636038$ & $0.0450702$ & $0.0255103$ & $1$ & $0.307346$ & $-0.00231632$ & $0.647517$ & $0.102737$ & $-0.0859839$ & $-0.0148629$ & $-0.191489$ & $-0.023331$ & $-0.0365226$ & $-0.0116786$ & $0.0078964$ & $0.00294227$ & $0.0133232$ & $-0.0178519$ & $0.0769423$ & $0.0355637$ & $-0.000601961$ & $-0.0162826$ & $0.0102098$ \\
CuH_22r & $-0.0124023$ & $-0.000830553$ & $0.027802$ & $0.0142394$ & $-0.00676735$ & $-0.0152609$ & $-0.0674273$ & $0.07135$ & $0.0793921$ & $-0.119239$ & $-0.0537791$ & $0.107455$ & $-0.0154459$ & $0.0220133$ & $0.0202833$ & $-0.032813$ & $-0.0482388$ & $-0.0457586$ & $0.0526915$ & $0.0556393$ & $0.0548077$ & $0.00130479$ & $-0.051708$ & $-0.040672$ & $-0.0258253$ & $0.0326843$ & $0.0186168$ & $0.0111189$ & $0.307346$ & $1$ & $0.020468$ & $0.343297$ & $0.0397508$ & $0.0144998$ & $0.0124405$ & $-0.117026$ & $-0.00629618$ & $-0.0340111$ & $-0.00652927$ & $-0.0599285$ & $-0.00531218$ & $0.00514322$ & $0.0243345$ & $0.0320261$ & $0.0275592$ & $0.311986$ & $0.00562936$ & $-0.0310658$ \\
CuH_33r & $-0.0113074$ & $-0.0159356$ & $-0.0371116$ & $-0.0326568$ & $-0.00141372$ & $0.0108584$ & $0.94033$ & $-0.0932151$ & $-0.0495177$ & $0.0833975$ & $0.0566872$ & $-0.257795$ & $0.0420529$ & $-0.0198869$ & $-0.0266083$ & $0.0731242$ & $0.0805324$ & $0.0879721$ & $-0.0556996$ & $-0.0597752$ & $-0.0560873$ & $-0.00476078$ & $0.0934196$ & $0.0781003$ & $0.0310956$ & $-0.0383975$ & $-0.0154781$ & $-0.0119911$ & $-0.00231632$ & $0.020468$ & $1$ & $0.00485375$ & $-0.059043$ & $0.0466665$ & $-0.0110398$ & $0.00432881$ & $-0.00240139$ & $0.0209134$ & $-0.00564832$ & $0.00712428$ & $-0.00579168$ & $0.00378534$ & $0.00113474$ & $-0.0249589$ & $0.00491727$ & $0.0178437$ & $-0.00645758$ & $0.00348678$ \\
CdH_33r & $0.0419603$ & $-0.0332369$ & $-0.00838794$ & $0.0445477$ & $-0.0101971$ & $-0.0229456$ & $-0.15643$ & $0.191812$ & $0.208868$ & $-0.385144$ & $-0.150592$ & $0.308226$ & $-0.0210791$ & $0.0563486$ & $0.041941$ & $-0.0834607$ & $-0.119462$ & $-0.108734$ & $0.143075$ & $0.154655$ & $0.149261$ & $0.0121905$ & $-0.147862$ & $-0.117388$ & $-0.0865005$ & $0.0722828$ & $0.0590054$ & $0.0358254$ & $0.647517$ & $0.343297$ & $0.00485375$ & $1$ & $0.103721$ & $-0.0822679$ & $-0.0522863$ & $-0.194704$ & $-0.0334879$ & $-0.0595827$ & $-0.00876227$ & $-0.0101394$ & $0.000505045$ & $0.0253711$ & $-0.0157039$ & $0.0705495$ & $-0.0173338$ & $-0.0239946$ & $0.115107$ & $0.42868$ \\
CLL_1221 & $0.0011554$ & $0.0193976$ & $0.00168011$ & $0.00984389$ & $-0.000910591$ & $-0.109933$ & $-0.0716975$ & $0.549617$ & $0.541973$ & $-0.328049$ & $-0.340361$ & $0.237778$ & $-0.251537$ & $-0.605106$ & $-0.108477$ & $-0.277994$ & $0.0201033$ & $-0.358304$ & $0.259245$ & $0.43064$ & $0.425981$ & $0.207931$ & $-0.628458$ & $-0.215698$ & $-0.236409$ & $0.678303$ & $0.141653$ & $0.01446$ & $0.102737$ & $0.0397508$ & $-0.059043$ & $0.103721$ & $1$ & $0.0101062$ & $0.0108569$ & $0.000931574$ & $-0.0066754$ & $-0.00384877$ & $-0.00574242$ & $-0.0146921$ & $0.000562395$ & $-0.00535124$ & $-0.000923206$ & $0.0128589$ & $0.00668453$ & $-0.000193492$ & $0.00584623$ & $-0.00606743$ \\
eHggint & $-0.0252731$ & $0.0499648$ & $-0.137103$ & $0.118185$ & $0.00242447$ & $0.00367437$ & $-0.00921025$ & $0.0202176$ & $0.00489405$ & $-0.0213144$ & $-0.0130417$ & $0.0126507$ & $-0.00725489$ & $0.00981493$ & $0.0115359$ & $-0.0176674$ & $-0.0224945$ & $-0.0242305$ & $0.0120056$ & $0.0135423$ & $0.0145002$ & $0.00743937$ & $-0.0174719$ & $-0.0223629$ & $-0.02139$ & $-0.000423908$ & $-0.00969648$ & $-0.0215114$ & $-0.0859839$ & $0.0144998$ & $0.0466665$ & $-0.0822679$ & $0.0101062$ & $1$ & $-0.222295$ & $0.167482$ & $-0.0113554$ & $0.0885897$ & $-0.0178936$ & $-0.121238$ & $-0.0109637$ & $0.0551447$ & $0.100512$ & $-0.0800821$ & $-0.0481075$ & $0.149107$ & $0.0715033$ & $-0.0121479$ \\
eHggpar & $0.0171868$ & $-0.0302854$ & $0.178359$ & $-0.01477$ & $-0.00436303$ & $-0.00728459$ & $-0.0321773$ & $0.00875811$ & $0.00049224$ & $-0.00331478$ & $-0.00487094$ & $0.01913$ & $-0.00468782$ & $-0.00543178$ & $0.00435307$ & $-0.00400408$ & $-0.000832277$ & $-0.00750952$ & $0.00537496$ & $0.00563302$ & $0.00691036$ & $0.00947669$ & $-0.00435297$ & $-0.00566247$ & $-0.00285961$ & $0.00898599$ & $0.00745417$ & $-0.00627812$ & $-0.0148629$ & $0.0124405$ & $-0.0110398$ & $-0.0522863$ & $0.0108569$ & $-0.222295$ & $1$ & $-0.0633724$ & $-0.00894324$ & $-0.0347115$ & $-0.00377406$ & $-0.0432709$ & $-0.00302423$ & $-0.0493356$ & $0.071481$ & $0.00710948$ & $-0.0724035$ & $0.0565406$ & $0.0464248$ & $-0.114335$ \\
eHWWint & $-0.000849304$ & $0.094863$ & $-0.00551606$ & $-0.120292$ & $0.00300641$ & $-0.00910546$ & $0.028449$ & $-0.00771311$ & $-0.0233931$ & $0.0140219$ & $0.00518236$ & $-0.0175873$ & $0.00516463$ & $-0.00256206$ & $-0.000997126$ & $0.00199725$ & $0.00498474$ & $0.00272766$ & $-0.00456851$ & $-0.00337137$ & $-0.00280552$ & $-0.00548298$ & $0.000884351$ & $0.00818552$ & $0.00635894$ & $0.00231459$ & $0.00385026$ & $-0.0116616$ & $-0.191489$ & $-0.117026$ & $0.00432881$ & $-0.194704$ & $0.000931574$ & $0.167482$ & $-0.0633724$ & $1$ & $-0.026394$ & $0.120982$ & $0.00063385$ & $0.0414319$ & $-0.0132161$ & $-0.0517878$ & $0.106383$ & $-0.0598489$ & $-0.147408$ & $-0.0658561$ & $0.0609097$ & $0.00777702$ \\
eHWWpar & $-0.0162985$ & $-0.00217911$ & $0.0127855$ & $0.00197667$ & $-0.00288328$ & $0.00279618$ & $0.00942336$ & $0.00348934$ & $0.00508861$ & $0.00178273$ & $-0.00262879$ & $-0.00102941$ & $-0.000351802$ & $0.0122592$ & $0.00625893$ & $-0.000670083$ & $-0.00916753$ & $-0.00374999$ & $0.00284807$ & $0.00182545$ & $0.00268032$ & $-0.000268997$ & $-0.00279231$ & $-0.00116409$ & $-0.00305186$ & $-0.00343836$ & $-0.00628794$ & $-0.00559608$ & $-0.023331$ & $-0.00629618$ & $-0.00240139$ & $-0.0334879$ & $-0.0066754$ & $-0.0113554$ & $-0.00894324$ & $-0.026394$ & $1$ & $-0.0111242$ & $0.0095478$ & $0.0200726$ & $-0.00561127$ & $0.0042227$ & $0.00301244$ & $0.0127789$ & $-0.00840938$ & $0.0156691$ & $0.0385334$ & $-0.0162346$ \\
eHZZint & $-0.0719169$ & $0.0593684$ & $-0.110689$ & $-0.018377$ & $0.0116039$ & $0.0105383$ & $0.00935166$ & $-0.0113761$ & $-0.0189894$ & $0.00565411$ & $0.00802171$ & $-0.0105637$ & $0.00305594$ & $-0.00289406$ & $-0.00107105$ & $0.00467058$ & $0.00662497$ & $0.00365505$ & $-0.00700443$ & $-0.00703941$ & $-0.00639917$ & $-0.00715057$ & $0.0119704$ & $0.0144761$ & $0.00890931$ & $-0.00131691$ & $0.00321929$ & $-0.0187411$ & $-0.0365226$ & $-0.0340111$ & $0.0209134$ & $-0.0595827$ & $-0.00384877$ & $0.0885897$ & $-0.0347115$ & $0.120982$ & $-0.0111242$ & $1$ & $-0.0191066$ & $0.051681$ & $-0.00251165$ & $-0.0410571$ & $-0.034634$ & $0.0566459$ & $0.111107$ & $-0.0566513$ & $0.105556$ & $-0.0737261$ \\
eHZZpar & $0.00413723$ & $0.00311137$ & $-0.0191672$ & $-0.028107$ & $-0.00766187$ & $-0.0126607$ & $-0.00499782$ & $-0.00159619$ & $-0.00342674$ & $-0.00011295$ & $-0.00359031$ & $-0.00842638$ & $0.00605724$ & $0.00745937$ & $0.0133297$ & $0.0102425$ & $0.00496469$ & $0.000318358$ & $0.00519597$ & $0.00222127$ & $0.00364844$ & $-0.00373307$ & $0.0115838$ & $0.000819923$ & $0.00103495$ & $-0.0107826$ & $0.00476085$ & $-0.00601626$ & $-0.0116786$ & $-0.00652927$ & $-0.00564832$ & $-0.00876227$ & $-0.00574242$ & $-0.0178936$ & $-0.00377406$ & $0.00063385$ & $0.0095478$ & $-0.0191066$ & $1$ & $0.00895676$ & $0.00998823$ & $-0.00450032$ & $-0.0052863$ & $-0.0195672$ & $0.00467437$ & $-0.0172848$ & $0.00197124$ & $-0.0149817$ \\
eHZgaint & $-0.163344$ & $0.0486135$ & $-0.0480253$ & $-0.041066$ & $-0.00211035$ & $0.00800464$ & $0.0178238$ & $-0.0192113$ & $-0.0161042$ & $-0.0300348$ & $0.0291401$ & $0.00128087$ & $-0.0301464$ & $0.00259861$ & $0.00579914$ & $-0.0190763$ & $-0.0183258$ & $-0.0203622$ & $-0.0233192$ & $-0.0290484$ & $-0.0258284$ & $-0.023557$ & $0.00985377$ & $-0.00139801$ & $0.0385376$ & $-0.0122404$ & $-0.0161923$ & $0.00231454$ & $0.0078964$ & $-0.0599285$ & $0.00712428$ & $-0.0101394$ & $-0.0146921$ & $-0.121238$ & $-0.0432709$ & $0.0414319$ & $0.0200726$ & $0.051681$ & $0.00895676$ & $1$ & $-0.0211171$ & $0.0125082$ & $-0.146964$ & $0.174952$ & $-0.0933132$ & $-0.165108$ & $0.0402902$ & $-0.0252697$ \\
eHZgapar & $0.0235119$ & $-0.0139431$ & $-0.00581714$ & $0.00034282$ & $0.00740396$ & $0.00709828$ & $-0.00367513$ & $0.00555235$ & $0.00682513$ & $0.00679948$ & $-0.00782282$ & $0.00528776$ & $0.00993326$ & $0.001532$ & $-0.00521538$ & $0.00238456$ & $0.00273092$ & $0.00728333$ & $0.0072912$ & $0.00773632$ & $0.00620715$ & $0.00175676$ & $-0.00318931$ & $0.00580577$ & $-0.0108729$ & $0.0054742$ & $0.0120193$ & $0.000784694$ & $0.00294227$ & $-0.00531218$ & $-0.00579168$ & $0.000505045$ & $0.000562395$ & $-0.0109637$ & $-0.00302423$ & $-0.0132161$ & $-0.00561127$ & $-0.00251165$ & $0.00998823$ & $-0.0211171$ & $1$ & $0.00300593$ & $-0.0298548$ & $-0.0180027$ & $0.0118497$ & $-0.00323107$ & $-0.0246096$ & $0.00224322$ \\
eHgagaint & $0.000759874$ & $0.0716102$ & $0.0067964$ & $-0.0199505$ & $0.00136863$ & $-0.00580033$ & $-0.000874812$ & $-0.0027929$ & $0.0577265$ & $-0.00532928$ & $0.00547407$ & $0.000453373$ & $-0.00938105$ & $0.00700129$ & $0.000995285$ & $-0.0090264$ & $-0.0104078$ & $-0.00812729$ & $-0.00134222$ & $-0.00480293$ & $-0.00537594$ & $0.00295636$ & $-0.000831074$ & $-0.0127295$ & $-0.00135218$ & $-0.00994477$ & $-0.00729806$ & $-0.00555361$ & $0.0133232$ & $0.00514322$ & $0.00378534$ & $0.0253711$ & $-0.00535124$ & $0.0551447$ & $-0.0493356$ & $-0.0517878$ & $0.0042227$ & $-0.0410571$ & $-0.00450032$ & $0.0125082$ & $0.00300593$ & $1$ & $0.0320541$ & $-0.0799566$ & $-0.0443266$ & $0.0203843$ & $-0.125872$ & $0.0748934$ \\
eHmumuint & $0.0617571$ & $-0.0171527$ & $0.14347$ & $-0.0378707$ & $0.000210011$ & $-0.00940824$ & $-0.00337952$ & $-0.00512461$ & $-0.00669835$ & $-0.0107718$ & $0.00801086$ & $0.000563222$ & $-0.00532685$ & $-0.00574124$ & $0.00464155$ & $-0.00623407$ & $0.00133989$ & $-0.00544703$ & $-0.00635871$ & $-0.00865271$ & $-0.00562615$ & $-0.00782035$ & $0.00457014$ & $-0.00984992$ & $0.00478744$ & $-0.00603588$ & $-0.0035474$ & $-0.00413651$ & $-0.0178519$ & $0.0243345$ & $0.00113474$ & $-0.0157039$ & $-0.000923206$ & $0.100512$ & $0.071481$ & $0.106383$ & $0.00301244$ & $-0.034634$ & $-0.0052863$ & $-0.146964$ & $-0.0298548$ & $0.0320541$ & $1$ & $0.0760126$ & $0.0380874$ & $0.118285$ & $0.171303$ & $-0.0236958$ \\
eHtautauint & $0.0643396$ & $0.0359087$ & $0.0875077$ & $-0.0112624$ & $0.00322578$ & $-0.00745992$ & $-0.023507$ & $0.00134812$ & $-0.00091443$ & $-0.012888$ & $0.00868208$ & $0.000951046$ & $-0.0171714$ & $-0.0120761$ & $0.00376151$ & $-0.0209499$ & $-0.00912893$ & $-0.0213331$ & $-0.00753523$ & $-0.00721261$ & $-0.00644349$ & $-0.000349749$ & $-0.0126919$ & $-0.0246731$ & $0.0033931$ & $-0.000803715$ & $0.00426885$ & $-0.00387248$ & $0.0769423$ & $0.0320261$ & $-0.0249589$ & $0.0705495$ & $0.0128589$ & $-0.0800821$ & $0.00710948$ & $-0.0598489$ & $0.0127789$ & $0.0566459$ & $-0.0195672$ & $0.174952$ & $-0.0180027$ & $-0.0799566$ & $0.0760126$ & $1$ & $-0.00896823$ & $0.0707053$ & $0.0731553$ & $0.0941678$ \\
eHccint & $-0.051253$ & $0.0735517$ & $-0.0927777$ & $0.00676493$ & $-0.00648014$ & $-0.011875$ & $0.00537882$ & $0.000821355$ & $0.00194376$ & $0.000134745$ & $-0.00707892$ & $-0.0145198$ & $0.00433545$ & $0.000717198$ & $-0.000420902$ & $0.0149513$ & $0.00744823$ & $0.00709709$ & $0.00696291$ & $0.00846506$ & $0.00910621$ & $-0.00359732$ & $0.00460248$ & $0.0161428$ & $0.000516921$ & $0.00926802$ & $-0.00474327$ & $0.0074519$ & $0.0355637$ & $0.0275592$ & $0.00491727$ & $-0.0173338$ & $0.00668453$ & $-0.0481075$ & $-0.0724035$ & $-0.147408$ & $-0.00840938$ & $0.111107$ & $0.00467437$ & $-0.0933132$ & $0.0118497$ & $-0.0443266$ & $0.0380874$ & $-0.00896823$ & $1$ & $-0.1323$ & $-0.17995$ & $-0.0660656$ \\
eHccpar & $-0.0344368$ & $0.0798859$ & $0.0910843$ & $0.0162169$ & $-0.00655534$ & $-0.00790103$ & $0.00218866$ & $0.00169366$ & $-0.000639434$ & $0.00377929$ & $-0.00259432$ & $0.00526581$ & $0.00448141$ & $0.00704646$ & $0.00572292$ & $0.00086266$ & $-0.00290069$ & $0.000113833$ & $0.00541856$ & $0.00445543$ & $0.00618822$ & $-0.0022792$ & $0.00383603$ & $0.00311732$ & $0.00129589$ & $0.00155695$ & $-0.0019506$ & $-0.00980269$ & $-0.000601961$ & $0.311986$ & $0.0178437$ & $-0.0239946$ & $-0.000193492$ & $0.149107$ & $0.0565406$ & $-0.0658561$ & $0.0156691$ & $-0.0566513$ & $-0.0172848$ & $-0.165108$ & $-0.00323107$ & $0.0203843$ & $0.118285$ & $0.0707053$ & $-0.1323$ & $1$ & $0.0867718$ & $-0.0845562$ \\
eHbbint & $-0.102898$ & $0.0899831$ & $0.128146$ & $-0.0087505$ & $-0.012716$ & $0.00488601$ & $-0.0176742$ & $-0.0112337$ & $-0.0214028$ & $0.00417239$ & $0.012734$ & $0.00409634$ & $-0.00230886$ & $-0.0126655$ & $-0.0112715$ & $-0.00125815$ & $0.00616019$ & $0.00422071$ & $-0.0102237$ & $-0.0081969$ & $-0.00884852$ & $-0.00787338$ & $0.0101441$ & $0.00850281$ & $0.0143512$ & $0.00139909$ & $-0.00277845$ & $0.00123901$ & $-0.0162826$ & $0.00562936$ & $-0.00645758$ & $0.115107$ & $0.00584623$ & $0.0715033$ & $0.0464248$ & $0.0609097$ & $0.0385334$ & $0.105556$ & $0.00197124$ & $0.0402902$ & $-0.0246096$ & $-0.125872$ & $0.171303$ & $0.0731553$ & $-0.17995$ & $0.0867718$ & $1$ & $-0.00930186$ \\
eHbbpar & $0.0965035$ & $-0.0438283$ & $-0.0691406$ & $0.0767916$ & $-0.0139448$ & $-0.0106812$ & $0.00558464$ & $0.00495136$ & $0.0106439$ & $0.00409343$ & $-0.00479248$ & $-0.000434487$ & $0.00221388$ & $0.00691762$ & $-0.00906467$ & $-0.00295505$ & $-0.00742576$ & $0.00462216$ & $0.00159976$ & $0.00322569$ & $0.000307405$ & $-0.011147$ & $-0.0039062$ & $-0.00646703$ & $0.00218078$ & $0.00447355$ & $0.0155295$ & $0.0103005$ & $0.0102098$ & $-0.0310658$ & $0.00348678$ & $0.42868$ & $-0.00606743$ & $-0.0121479$ & $-0.114335$ & $0.00777702$ & $-0.0162346$ & $-0.0737261$ & $-0.0149817$ & $-0.0252697$ & $0.00224322$ & $0.0748934$ & $-0.0236958$ & $0.0941678$ & $-0.0660656$ & $-0.0845562$ & $-0.00930186$ & $1$ \\
