 & AlsMz & dAle5Mz & mtop & mHl & Mz & CW & CHG & CHWB & CHWHB_gaga & CHWHB_gagaorth & CHD & CHbox & CH & CHL1_11 & CHL1_22 & CHL1_33 & CHL3_11 & CHL3_22 & CHL3_33 & CHe_11 & CHe_22 & CHe_33 & CHQ1_11 & CHQ1_33 & CHQ3_11 & CHu_11 & CHd_11 & CHd_33 & CeH_22r & CeH_33r & CuH_22r & CuH_33r & CdH_33r & CLL_1221 & eHggint & eHggpar & eHWWint & eHWWpar & eHZZint & eHZZpar & eHZgaint & eHZgapar & eHgagaint & eHmumuint & eHtautauint & eHccint & eHccpar & eHbbint & eHbbpar \\
AlsMz & $1$ & $0.000500287$ & $0.0155843$ & $-0.00456792$ & $0.00113272$ & $0.000415002$ & $0.0417721$ & $-0.0143306$ & $-0.0158787$ & $0.0138734$ & $0.0027125$ & $-0.00156066$ & $0.00580145$ & $-0.0140588$ & $0.00114295$ & $-0.00819343$ & $0.0155962$ & $0.00638024$ & $0.00073975$ & $-0.00866852$ & $-0.0115327$ & $-0.0206637$ & $0.00535848$ & $-0.0512122$ & $-0.0956017$ & $-0.0209916$ & $-0.00694628$ & $0.0177395$ & $-0.0309044$ & $-0.0373568$ & $-0.0037457$ & $0.0352781$ & $-0.0335137$ & $-0.00499267$ & $0.0110375$ & $-0.0234553$ & $0.00722161$ & $0.0337097$ & $-0.0186466$ & $0.0176684$ & $-0.0253861$ & $-0.0157844$ & $0.0244897$ & $0.0314649$ & $0.00343332$ & $-0.00556577$ & $0.0193803$ & $0.0152916$ & $-0.0217354$ \\
dAle5Mz & $0.000500287$ & $1$ & $0.0117175$ & $-0.00908831$ & $0.0085471$ & $-0.00215728$ & $-0.0388476$ & $-0.0608354$ & $-0.0617381$ & $0.0327197$ & $0.0276872$ & $0.0229857$ & $-0.0116525$ & $-0.00244973$ & $-0.0416477$ & $0.0105392$ & $0.0655589$ & $0.0586402$ & $0.0253806$ & $-0.00272874$ & $0.00346925$ & $-0.00185952$ & $0.00681471$ & $0.00867037$ & $0.0473933$ & $0.0121808$ & $0.0167115$ & $0.00206656$ & $0.0504156$ & $-0.0223006$ & $-0.0197$ & $-0.0422928$ & $-0.00991107$ & $0.0670425$ & $0.0110975$ & $-0.00863637$ & $-0.00479786$ & $-0.00908685$ & $-0.035016$ & $-0.0157885$ & $0.00823959$ & $0.00305105$ & $0.0207865$ & $0.00516518$ & $0.00202298$ & $0.0333049$ & $0.0373005$ & $-0.0485893$ & $-0.0156927$ \\
mtop & $0.0155843$ & $0.0117175$ & $1$ & $0.0182041$ & $-0.0166759$ & $-0.0506682$ & $0.0285681$ & $0.0370493$ & $0.0325752$ & $-0.0165609$ & $-0.0359932$ & $-0.0255951$ & $0.00754521$ & $0.0240215$ & $-0.0575257$ & $-0.0348235$ & $0.0246321$ & $0.0473855$ & $0.0345177$ & $0.0407466$ & $0.0479285$ & $0.044867$ & $0.0216811$ & $-0.0425692$ & $0.0377776$ & $-0.0280975$ & $0.0703422$ & $0.00614555$ & $-0.0315963$ & $-0.0042394$ & $0.0392842$ & $0.0380974$ & $0.0419841$ & $0.0801383$ & $0.0184409$ & $-0.0222155$ & $-0.0363539$ & $-0.0354709$ & $0.00441962$ & $0.0562813$ & $0.0482625$ & $-0.0301736$ & $-0.0552493$ & $0.0210234$ & $-0.00287989$ & $-0.028302$ & $0.0878403$ & $-0.00639507$ & $0.059485$ \\
mHl & $-0.00456792$ & $-0.00908831$ & $0.0182041$ & $1$ & $-0.0127019$ & $-0.00925104$ & $-0.0185386$ & $-0.0335195$ & $-0.0253509$ & $0.0190276$ & $0.0400879$ & $0.0203689$ & $-0.00458304$ & $-0.0309999$ & $-0.0316801$ & $-0.0462685$ & $-0.000586331$ & $0.00716019$ & $0.0224574$ & $-0.0420079$ & $-0.035283$ & $-0.0387843$ & $0.0473615$ & $-0.00589327$ & $0.0155724$ & $-0.00423869$ & $0.0136442$ & $-0.0421417$ & $-0.024482$ & $0.00828604$ & $0.0140705$ & $-0.00796017$ & $0.0185849$ & $-0.000727679$ & $0.0101211$ & $-0.0523216$ & $0.00203436$ & $-0.0165435$ & $-0.08284$ & $0.0251616$ & $-0.0206369$ & $-0.0503449$ & $0.0182591$ & $0.0449436$ & $-0.00884909$ & $-0.017516$ & $0.0399954$ & $0.00686886$ & $-0.0184601$ \\
Mz & $0.00113272$ & $0.0085471$ & $-0.0166759$ & $-0.0127019$ & $1$ & $0.057876$ & $-0.0356103$ & $-0.0132655$ & $-0.012955$ & $-0.00896148$ & $0.0153015$ & $-0.0165269$ & $0.0131712$ & $0.0353417$ & $0.0134492$ & $0.014109$ & $-0.00177839$ & $0.00512368$ & $0.0115509$ & $-0.00630611$ & $-0.00586399$ & $-0.000999441$ & $-0.0167279$ & $0.0344652$ & $0.0189921$ & $0.0145374$ & $0.000627299$ & $-0.0152826$ & $-0.0355288$ & $0.032293$ & $0.0299798$ & $-0.0344362$ & $0.0211591$ & $-0.030759$ & $-0.0414666$ & $0.0164448$ & $0.0108613$ & $0.0242792$ & $0.0107101$ & $0.00624426$ & $-0.0121696$ & $0.0278714$ & $0.0116613$ & $-0.0304225$ & $-0.00466757$ & $0.0177106$ & $0.0379022$ & $-0.014414$ & $-0.0170867$ \\
CW & $0.000415002$ & $-0.00215728$ & $-0.0506682$ & $-0.00925104$ & $0.057876$ & $1$ & $-0.00663128$ & $-0.129769$ & $-0.122281$ & $0.0170525$ & $0.178019$ & $0.0385551$ & $0.00628433$ & $0.0275573$ & $-0.0785247$ & $-0.00788825$ & $-0.232146$ & $-0.0267266$ & $-0.0669372$ & $-0.174755$ & $-0.184489$ & $-0.176072$ & $-0.00689488$ & $0.0297809$ & $-0.0840028$ & $0.0852349$ & $-0.111443$ & $-0.0597815$ & $-0.0392705$ & $0.0323367$ & $-0.00602302$ & $0.0182403$ & $0.022919$ & $-0.122604$ & $0.00438147$ & $-0.00916055$ & $-0.0103372$ & $-0.0114329$ & $-0.0172111$ & $0.0190492$ & $0.0167945$ & $-0.003185$ & $0.0133327$ & $-0.003706$ & $0.0435007$ & $0.0180939$ & $-0.0260785$ & $-0.0198606$ & $-0.0292323$ \\
CHG & $0.0417721$ & $-0.0388476$ & $0.0285681$ & $-0.0185386$ & $-0.0356103$ & $-0.00663128$ & $1$ & $-0.104539$ & $-0.0570559$ & $0.0970324$ & $0.0559187$ & $0.270247$ & $-0.348726$ & $0.0607283$ & $-0.0491838$ & $-0.0318667$ & $0.102478$ & $0.126613$ & $0.109804$ & $-0.0542449$ & $-0.0591989$ & $-0.0554001$ & $0.0033331$ & $0.109771$ & $0.0978976$ & $0.0121794$ & $-0.0446867$ & $-0.00941869$ & $0.0230348$ & $-0.179138$ & $-0.111898$ & $0.92731$ & $-0.208966$ & $-0.0437952$ & $-0.0463979$ & $-0.0344158$ & $0.0460543$ & $-0.0053019$ & $0.0117921$ & $0.00528044$ & $-0.00366811$ & $0.0326313$ & $0.0204801$ & $0.0023632$ & $0.00310539$ & $-0.017574$ & $0.0132982$ & $-0.0274889$ & $-0.00143413$ \\
CHWB & $-0.0143306$ & $-0.0608354$ & $0.0370493$ & $-0.0335195$ & $-0.0132655$ & $-0.129769$ & $-0.104539$ & $1$ & $0.982584$ & $-0.56452$ & $-0.883416$ & $-0.463343$ & $0.364878$ & $0.0841528$ & $0.275517$ & $0.257099$ & $-0.245814$ & $-0.423973$ & $-0.419601$ & $0.855249$ & $0.896367$ & $0.881299$ & $0.0503942$ & $-0.679593$ & $-0.400604$ & $-0.495715$ & $0.443925$ & $0.27777$ & $-0.00745547$ & $0.0830721$ & $0.0258566$ & $-0.100686$ & $0.11422$ & $0.587105$ & $0.00868887$ & $0.00391056$ & $-0.0154131$ & $-0.0260275$ & $0.0111127$ & $0.00582631$ & $0.0360816$ & $0.0489481$ & $-0.0291714$ & $0.0124537$ & $-0.0212185$ & $0.00863369$ & $-0.0442922$ & $0.0235057$ & $0.0242201$ \\
CHWHB_gaga & $-0.0158787$ & $-0.0617381$ & $0.0325752$ & $-0.0253509$ & $-0.012955$ & $-0.122281$ & $-0.0570559$ & $0.982584$ & $1$ & $-0.552647$ & $-0.864998$ & $-0.439674$ & $0.355218$ & $0.0796205$ & $0.273873$ & $0.259274$ & $-0.251817$ & $-0.42355$ & $-0.422036$ & $0.838214$ & $0.876868$ & $0.861028$ & $0.0511885$ & $-0.671915$ & $-0.401262$ & $-0.486747$ & $0.429783$ & $0.276747$ & $0.000572826$ & $0.102899$ & $0.0364059$ & $-0.0645441$ & $0.134329$ & $0.572385$ & $-0.0130165$ & $-0.0135311$ & $-0.0318154$ & $-0.0242749$ & $0.0114888$ & $0.00631133$ & $0.0298688$ & $0.0479615$ & $0.0489381$ & $0.0198787$ & $-0.0190769$ & $0.00980392$ & $-0.0443637$ & $0.0222286$ & $0.0302363$ \\
CHWHB_gagaorth & $0.0138734$ & $0.0327197$ & $-0.0165609$ & $0.0190276$ & $-0.00896148$ & $0.0170525$ & $0.0970324$ & $-0.56452$ & $-0.552647$ & $1$ & $0.349669$ & $0.602943$ & $-0.256405$ & $0.253135$ & $-0.156382$ & $-0.1205$ & $0.44435$ & $0.512252$ & $0.496358$ & $-0.338725$ & $-0.359472$ & $-0.352517$ & $-0.0409104$ & $0.552017$ & $0.483842$ & $0.18858$ & $-0.232279$ & $-0.0818582$ & $-0.00230257$ & $-0.0895435$ & $-0.0642606$ & $0.111488$ & $-0.152902$ & $-0.323848$ & $0.0531493$ & $0.0250522$ & $0.0390587$ & $0.0072733$ & $-0.0312859$ & $-0.0212393$ & $-0.0775792$ & $-0.0373773$ & $0.0280829$ & $-0.0257957$ & $0.0343198$ & $-0.025731$ & $0.0361019$ & $-0.0146789$ & $-0.0323483$ \\
CHD & $0.0027125$ & $0.0276872$ & $-0.0359932$ & $0.0400879$ & $0.0153015$ & $0.178019$ & $0.0559187$ & $-0.883416$ & $-0.864998$ & $0.349669$ & $1$ & $0.352698$ & $-0.197863$ & $-0.495469$ & $-0.376705$ & $-0.36483$ & $-0.201098$ & $0.0571773$ & $0.0577505$ & $-0.990166$ & $-0.99114$ & $-0.970509$ & $0.00298877$ & $0.331482$ & $0.0269784$ & $0.547625$ & $-0.33147$ & $-0.33166$ & $0.0153549$ & $-0.039103$ & $-0.00497844$ & $0.0690285$ & $-0.0676648$ & $-0.418985$ & $0.014881$ & $-0.00251452$ & $0.0120586$ & $0.040228$ & $-0.00661754$ & $-0.00763863$ & $-0.00503177$ & $-0.0550044$ & $0.0258546$ & $-0.0257134$ & $0.00815831$ & $0.00317845$ & $0.0235745$ & $-0.0217961$ & $-0.0225633$ \\
CHbox & $-0.00156066$ & $0.0229857$ & $-0.0255951$ & $0.0203689$ & $-0.0165269$ & $0.0385551$ & $0.270247$ & $-0.463343$ & $-0.439674$ & $0.602943$ & $0.352698$ & $1$ & $-0.764609$ & $0.071738$ & $-0.116281$ & $-0.0762614$ & $0.225823$ & $0.295273$ & $0.268465$ & $-0.338517$ & $-0.362963$ & $-0.355917$ & $-0.0469055$ & $0.392479$ & $0.25996$ & $0.195923$ & $-0.233492$ & $-0.107$ & $0.0151171$ & $-0.0630739$ & $-0.0590423$ & $0.285334$ & $-0.123272$ & $-0.277169$ & $0.0469042$ & $0.00624896$ & $0.0142655$ & $0.0430676$ & $0.0196343$ & $-0.0229803$ & $-0.0624371$ & $-0.041984$ & $0.0270499$ & $-0.0112749$ & $0.00243484$ & $-0.0422292$ & $0.0449743$ & $-0.0155854$ & $-0.0361603$ \\
CH & $0.00580145$ & $-0.0116525$ & $0.00754521$ & $-0.00458304$ & $0.0131712$ & $0.00628433$ & $-0.348726$ & $0.364878$ & $0.355218$ & $-0.256405$ & $-0.197863$ & $-0.764609$ & $1$ & $-0.217924$ & $0.0968194$ & $0.0770227$ & $-0.354923$ & $-0.382275$ & $-0.366106$ & $0.195462$ & $0.204479$ & $0.203754$ & $0.0221446$ & $-0.393098$ & $-0.357404$ & $-0.102339$ & $0.150247$ & $0.060113$ & $0.0175738$ & $0.275081$ & $0.0848504$ & $-0.291873$ & $0.318052$ & $0.203313$ & $0.0428512$ & $0.0165683$ & $0.00196898$ & $-0.0359216$ & $-0.0422563$ & $0.0201634$ & $0.0493299$ & $0.00705748$ & $-0.022044$ & $-0.0269122$ & $0.0149417$ & $0.0367521$ & $-0.0654352$ & $0.0138988$ & $0.0122453$ \\
CHL1_11 & $-0.0140588$ & $-0.00244973$ & $0.0240215$ & $-0.0309999$ & $0.0353417$ & $0.0275573$ & $0.0607283$ & $0.0841528$ & $0.0796205$ & $0.253135$ & $-0.495469$ & $0.071738$ & $-0.217924$ & $1$ & $0.230645$ & $0.254006$ & $0.664691$ & $0.616586$ & $0.597861$ & $0.514876$ & $0.458609$ & $0.443164$ & $-0.0757359$ & $0.476361$ & $0.603959$ & $-0.266059$ & $-0.0798134$ & $0.204883$ & $-0.0535577$ & $-0.0519135$ & $-0.0203512$ & $0.0317981$ & $-0.050933$ & $-0.177944$ & $-0.0408869$ & $0.00920603$ & $0.00445233$ & $-0.0361492$ & $-0.0133552$ & $-0.00262363$ & $-0.0564787$ & $0.0429751$ & $0.00489125$ & $0.0481384$ & $0.000420258$ & $-0.0344146$ & $0.0214903$ & $-0.0065678$ & $0.00443808$ \\
CHL1_22 & $0.00114295$ & $-0.0416477$ & $-0.0575257$ & $-0.0316801$ & $0.0134492$ & $-0.0785247$ & $-0.0491838$ & $0.275517$ & $0.273873$ & $-0.156382$ & $-0.376705$ & $-0.116281$ & $0.0968194$ & $0.230645$ & $1$ & $0.445888$ & $0.105653$ & $-0.466262$ & $-0.0708509$ & $0.443062$ & $0.292035$ & $0.283483$ & $-0.243008$ & $0.103269$ & $-0.172454$ & $-0.117939$ & $-0.399099$ & $0.143466$ & $0.012362$ & $0.0295886$ & $-0.000586662$ & $-0.0469087$ & $0.031684$ & $-0.584281$ & $-0.0248117$ & $-0.00899967$ & $-0.0165918$ & $-0.00126548$ & $0.00405243$ & $-0.0059242$ & $0.0264234$ & $-0.00264412$ & $0.0196486$ & $-0.0224605$ & $0.0268578$ & $-0.0091405$ & $-0.0119404$ & $0.0257529$ & $-0.0437932$ \\
CHL1_33 & $-0.00819343$ & $0.0105392$ & $-0.0348235$ & $-0.0462685$ & $0.014109$ & $-0.00788825$ & $-0.0318667$ & $0.257099$ & $0.259274$ & $-0.1205$ & $-0.36483$ & $-0.0762614$ & $0.0770227$ & $0.254006$ & $0.445888$ & $1$ & $0.105092$ & $-0.045022$ & $-0.449712$ & $0.43303$ & $0.280589$ & $0.300887$ & $-0.177186$ & $0.107191$ & $-0.1586$ & $-0.169832$ & $-0.411044$ & $0.11671$ & $0.000874969$ & $0.00422207$ & $-0.0290255$ & $-0.0305593$ & $0.0392652$ & $-0.127152$ & $-0.010287$ & $0.00199431$ & $0.0208693$ & $0.00566588$ & $0.0308012$ & $0.0226268$ & $-0.0138929$ & $0.00446722$ & $0.021618$ & $0.0297467$ & $0.0124438$ & $0.0253492$ & $-0.0536117$ & $-0.00194968$ & $0.0141567$ \\
CHL3_11 & $0.0155962$ & $0.0655589$ & $0.0246321$ & $-0.000586331$ & $-0.00177839$ & $-0.232146$ & $0.102478$ & $-0.245814$ & $-0.251817$ & $0.44435$ & $-0.201098$ & $0.225823$ & $-0.354923$ & $0.664691$ & $0.105653$ & $0.105092$ & $1$ & $0.757101$ & $0.759188$ & $0.220258$ & $0.179473$ & $0.168948$ & $-0.0738395$ & $0.647669$ & $0.783161$ & $-0.0893898$ & $-0.121723$ & $0.0940181$ & $-0.000283845$ & $-0.102717$ & $-0.0394318$ & $0.0672615$ & $-0.0963253$ & $-0.197278$ & $-0.0362346$ & $-0.00392018$ & $0.00571646$ & $-0.0252005$ & $0.00559896$ & $0.00121776$ & $-0.0573971$ & $0.00786757$ & $-0.00183035$ & $0.016376$ & $0.035929$ & $-0.0117018$ & $0.0663882$ & $0.0124886$ & $0.0209775$ \\
CHL3_22 & $0.00638024$ & $0.0586402$ & $0.0473855$ & $0.00716019$ & $0.00512368$ & $-0.0267266$ & $0.126613$ & $-0.423973$ & $-0.42355$ & $0.512252$ & $0.0571773$ & $0.295273$ & $-0.382275$ & $0.616586$ & $-0.466262$ & $-0.045022$ & $0.757101$ & $1$ & $0.694705$ & $-0.060052$ & $-0.0461452$ & $-0.047005$ & $0.0483067$ & $0.606475$ & $0.804132$ & $-0.00338166$ & $0.0103773$ & $0.000161082$ & $-0.0257684$ & $-0.102783$ & $-0.0378646$ & $0.0942875$ & $-0.106151$ & $0.0495387$ & $-0.0282496$ & $0.00535313$ & $0.0166469$ & $-0.0230411$ & $-0.00721846$ & $0.00835679$ & $-0.0780296$ & $0.0128973$ & $-0.00557973$ & $0.0466301$ & $0.0034107$ & $-0.0169488$ & $0.0458585$ & $-0.0173486$ & $0.031192$ \\
CHL3_33 & $0.00073975$ & $0.0253806$ & $0.0345177$ & $0.0224574$ & $0.0115509$ & $-0.0669372$ & $0.109804$ & $-0.419601$ & $-0.422036$ & $0.496358$ & $0.0577505$ & $0.268465$ & $-0.366106$ & $0.597861$ & $-0.0708509$ & $-0.449712$ & $0.759188$ & $0.694705$ & $1$ & $-0.0628925$ & $-0.0440576$ & $-0.0464126$ & $0.00700715$ & $0.604225$ & $0.80583$ & $0.0396471$ & $0.028789$ & $0.0162287$ & $-0.011675$ & $-0.0836028$ & $-0.0183416$ & $0.0838705$ & $-0.116404$ & $-0.288006$ & $-0.0339217$ & $-0.00245051$ & $-0.00607404$ & $-0.0353443$ & $-0.0214297$ & $-0.0129382$ & $-0.0421766$ & $-0.000451266$ & $-0.00646555$ & $0.0021333$ & $0.00887855$ & $-0.04236$ & $0.0768494$ & $-0.00736309$ & $-0.0211942$ \\
CHe_11 & $-0.00866852$ & $-0.00272874$ & $0.0407466$ & $-0.0420079$ & $-0.00630611$ & $-0.174755$ & $-0.0542449$ & $0.855249$ & $0.838214$ & $-0.338725$ & $-0.990166$ & $-0.338517$ & $0.195462$ & $0.514876$ & $0.443062$ & $0.43303$ & $0.220258$ & $-0.060052$ & $-0.0628925$ & $1$ & $0.972849$ & $0.953342$ & $-0.0306889$ & $-0.279285$ & $-0.0228676$ & $-0.534445$ & $0.256809$ & $0.326006$ & $-0.0111752$ & $0.0375097$ & $0.000809352$ & $-0.0677503$ & $0.0634627$ & $0.341692$ & $-0.0208989$ & $0.000130072$ & $-0.0153453$ & $-0.0411757$ & $0.00450104$ & $0.0119321$ & $0.00577926$ & $0.052112$ & $-0.0253457$ & $0.0291331$ & $-0.00960591$ & $-0.00465462$ & $-0.0245308$ & $0.0185029$ & $0.0133859$ \\
CHe_22 & $-0.0115327$ & $0.00346925$ & $0.0479285$ & $-0.035283$ & $-0.00586399$ & $-0.184489$ & $-0.0591989$ & $0.896367$ & $0.876868$ & $-0.359472$ & $-0.99114$ & $-0.362963$ & $0.204479$ & $0.458609$ & $0.292035$ & $0.280589$ & $0.179473$ & $-0.0461452$ & $-0.0440576$ & $0.972849$ & $1$ & $0.97583$ & $0.0298113$ & $-0.381685$ & $-0.0256552$ & $-0.554183$ & $0.408252$ & $0.329229$ & $-0.0166974$ & $0.0387893$ & $0.0102473$ & $-0.0720854$ & $0.0672198$ & $0.501948$ & $-0.00929456$ & $0.00345661$ & $-0.00952641$ & $-0.0428432$ & $0.00621926$ & $0.00507114$ & $0.00551246$ & $0.0579025$ & $-0.0288702$ & $0.0269446$ & $-0.0131109$ & $-0.00223149$ & $-0.0169738$ & $0.0212066$ & $0.0251218$ \\
CHe_33 & $-0.0206637$ & $-0.00185952$ & $0.044867$ & $-0.0387843$ & $-0.000999441$ & $-0.176072$ & $-0.0554001$ & $0.881299$ & $0.861028$ & $-0.352517$ & $-0.970509$ & $-0.355917$ & $0.203754$ & $0.443164$ & $0.283483$ & $0.300887$ & $0.168948$ & $-0.047005$ & $-0.0464126$ & $0.953342$ & $0.97583$ & $1$ & $0.0296$ & $-0.375399$ & $-0.0301461$ & $-0.543712$ & $0.399062$ & $0.321827$ & $-0.0120686$ & $0.0349697$ & $0.00462198$ & $-0.0665581$ & $0.0593657$ & $0.498285$ & $-0.00933814$ & $0.000427579$ & $-0.00939269$ & $-0.0461996$ & $0.013367$ & $0.00354603$ & $0.0150192$ & $0.0510959$ & $-0.0349165$ & $0.0247975$ & $-0.0206375$ & $-0.00915206$ & $-0.0256989$ & $0.0141808$ & $0.0183447$ \\
CHQ1_11 & $0.00535848$ & $0.00681471$ & $0.0216811$ & $0.0473615$ & $-0.0167279$ & $-0.00689488$ & $0.0033331$ & $0.0503942$ & $0.0511885$ & $-0.0409104$ & $0.00298877$ & $-0.0469055$ & $0.0221446$ & $-0.0757359$ & $-0.243008$ & $-0.177186$ & $-0.0738395$ & $0.0483067$ & $0.00700715$ & $-0.0306889$ & $0.0298113$ & $0.0296$ & $1$ & $-0.1462$ & $0.0937132$ & $-0.679744$ & $0.352587$ & $-0.0287161$ & $0.0176128$ & $-0.055543$ & $-0.0152495$ & $-0.00360706$ & $-0.0571451$ & $0.234148$ & $0.00299343$ & $0.0472814$ & $-0.00593851$ & $-0.0346499$ & $0.0229037$ & $-0.0207272$ & $-0.0145389$ & $-0.0571958$ & $-0.0170395$ & $-0.00597295$ & $-0.0509544$ & $-0.0376067$ & $-0.00986781$ & $-0.0403626$ & $-0.0389177$ \\
CHQ1_33 & $-0.0512122$ & $0.00867037$ & $-0.0425692$ & $-0.00589327$ & $0.0344652$ & $0.0297809$ & $0.109771$ & $-0.679593$ & $-0.671915$ & $0.552017$ & $0.331482$ & $0.392479$ & $-0.393098$ & $0.476361$ & $0.103269$ & $0.107191$ & $0.647669$ & $0.606475$ & $0.604225$ & $-0.279285$ & $-0.381685$ & $-0.375399$ & $-0.1462$ & $1$ & $0.623531$ & $0.222741$ & $-0.428141$ & $0.0287713$ & $-0.0153545$ & $-0.0991541$ & $-0.0406476$ & $0.0883784$ & $-0.0960873$ & $-0.636026$ & $-0.0416216$ & $-0.00773154$ & $0.00180139$ & $0.0119156$ & $-0.0134276$ & $-0.00885797$ & $-0.0636249$ & $-0.0282994$ & $0.00924209$ & $-0.00366272$ & $0.000198958$ & $-0.0322091$ & $0.0211735$ & $-0.0328067$ & $0.00339377$ \\
CHQ3_11 & $-0.0956017$ & $0.0473933$ & $0.0377776$ & $0.0155724$ & $0.0189921$ & $-0.0840028$ & $0.0978976$ & $-0.400604$ & $-0.401262$ & $0.483842$ & $0.0269784$ & $0.25996$ & $-0.357404$ & $0.603959$ & $-0.172454$ & $-0.1586$ & $0.783161$ & $0.804132$ & $0.80583$ & $-0.0228676$ & $-0.0256552$ & $-0.0301461$ & $0.0937132$ & $0.623531$ & $1$ & $0.0127949$ & $0.21823$ & $0.00818926$ & $0.00505846$ & $-0.0995969$ & $-0.0159887$ & $0.066967$ & $-0.106808$ & $-0.16767$ & $-0.0350885$ & $-0.00381489$ & $0.0183258$ & $-0.0421598$ & $-0.0334652$ & $0.00464162$ & $-0.0611218$ & $-0.0182142$ & $-0.00429299$ & $0.0284289$ & $0.0114233$ & $-0.0330381$ & $0.0545493$ & $-0.00428677$ & $0.00340818$ \\
CHu_11 & $-0.0209916$ & $0.0121808$ & $-0.0280975$ & $-0.00423869$ & $0.0145374$ & $0.0852349$ & $0.0121794$ & $-0.495715$ & $-0.486747$ & $0.18858$ & $0.547625$ & $0.195923$ & $-0.102339$ & $-0.266059$ & $-0.117939$ & $-0.169832$ & $-0.0893898$ & $-0.00338166$ & $0.0396471$ & $-0.534445$ & $-0.554183$ & $-0.543712$ & $-0.679744$ & $0.222741$ & $0.0127949$ & $1$ & $-0.20416$ & $-0.168038$ & $0.0312739$ & $0.0305597$ & $0.0117284$ & $0.0316539$ & $0.0166191$ & $-0.30703$ & $-0.00685174$ & $-0.0370591$ & $0.0146977$ & $0.0646386$ & $-0.0368836$ & $0.00921273$ & $0.00512046$ & $0.00611609$ & $0.0175493$ & $-0.0180935$ & $0.0610928$ & $0.0133493$ & $0.025155$ & $0.029087$ & $0.00514483$ \\
CHd_11 & $-0.00694628$ & $0.0167115$ & $0.0703422$ & $0.0136442$ & $0.000627299$ & $-0.111443$ & $-0.0446867$ & $0.443925$ & $0.429783$ & $-0.232279$ & $-0.33147$ & $-0.233492$ & $0.150247$ & $-0.0798134$ & $-0.399099$ & $-0.411044$ & $-0.121723$ & $0.0103773$ & $0.028789$ & $0.256809$ & $0.408252$ & $0.399062$ & $0.352587$ & $-0.428141$ & $0.21823$ & $-0.20416$ & $1$ & $0.0805464$ & $0.0233917$ & $0.0167286$ & $0.0388573$ & $-0.0470513$ & $0.0405901$ & $0.692416$ & $0.00748591$ & $-0.00156876$ & $-0.00216996$ & $-0.0287436$ & $-0.0366418$ & $0.00239449$ & $0.00401141$ & $-0.00517047$ & $-0.043862$ & $0.0103936$ & $-0.0344398$ & $-0.019104$ & $-0.000171434$ & $0.00270337$ & $0.0270311$ \\
CHd_33 & $0.0177395$ & $0.00206656$ & $0.00614555$ & $-0.0421417$ & $-0.0152826$ & $-0.0597815$ & $-0.00941869$ & $0.27777$ & $0.276747$ & $-0.0818582$ & $-0.33166$ & $-0.107$ & $0.060113$ & $0.204883$ & $0.143466$ & $0.11671$ & $0.0940181$ & $0.000161082$ & $0.0162287$ & $0.326006$ & $0.329229$ & $0.321827$ & $-0.0287161$ & $0.0287713$ & $0.00818926$ & $-0.168038$ & $0.0805464$ & $1$ & $0.0176423$ & $0.0188676$ & $0.00749028$ & $-0.0171374$ & $0.0271446$ & $0.113896$ & $0.0265214$ & $-0.0284406$ & $0.0247141$ & $-0.0502474$ & $0.00365584$ & $-0.0107086$ & $-0.0241251$ & $0.0105124$ & $0.00915732$ & $-0.0160617$ & $-0.0147737$ & $-0.0184941$ & $-0.0410102$ & $0.00743758$ & $0.0237762$ \\
CeH_22r & $-0.0309044$ & $0.0504156$ & $-0.0315963$ & $-0.024482$ & $-0.0355288$ & $-0.0392705$ & $0.0230348$ & $-0.00745547$ & $0.000572826$ & $-0.00230257$ & $0.0153549$ & $0.0151171$ & $0.0175738$ & $-0.0535577$ & $0.012362$ & $0.000874969$ & $-0.000283845$ & $-0.0257684$ & $-0.011675$ & $-0.0111752$ & $-0.0166974$ & $-0.0120686$ & $0.0176128$ & $-0.0153545$ & $0.00505846$ & $0.0312739$ & $0.0233917$ & $0.0176423$ & $1$ & $0.00244317$ & $-0.0181884$ & $0.00765148$ & $0.0304661$ & $-0.00153671$ & $-0.033$ & $0.00445813$ & $-0.0147331$ & $-0.0162864$ & $0.00648721$ & $0.0100082$ & $0.0116423$ & $-0.025118$ & $0.0451906$ & $0.021801$ & $0.0267235$ & $-0.0104031$ & $-0.01511$ & $-0.000696444$ & $0.0373504$ \\
CeH_33r & $-0.0373568$ & $-0.0223006$ & $-0.0042394$ & $0.00828604$ & $0.032293$ & $0.0323367$ & $-0.179138$ & $0.0830721$ & $0.102899$ & $-0.0895435$ & $-0.039103$ & $-0.0630739$ & $0.275081$ & $-0.0519135$ & $0.0295886$ & $0.00422207$ & $-0.102717$ & $-0.102783$ & $-0.0836028$ & $0.0375097$ & $0.0387893$ & $0.0349697$ & $-0.055543$ & $-0.0991541$ & $-0.0995969$ & $0.0305597$ & $0.0167286$ & $0.0188676$ & $0.00244317$ & $1$ & $0.255619$ & $-0.0203898$ & $0.629848$ & $0.0321484$ & $-0.00226187$ & $-0.0174938$ & $-0.208303$ & $-0.0436938$ & $-0.0227059$ & $0.0159483$ & $-0.0101128$ & $0.0362203$ & $-0.0261876$ & $-0.0304355$ & $0.110507$ & $0.0159089$ & $-0.0477117$ & $0.0131576$ & $0.0272985$ \\
CuH_22r & $-0.0037457$ & $-0.0197$ & $0.0392842$ & $0.0140705$ & $0.0299798$ & $-0.00602302$ & $-0.111898$ & $0.0258566$ & $0.0364059$ & $-0.0642606$ & $-0.00497844$ & $-0.0590423$ & $0.0848504$ & $-0.0203512$ & $-0.000586662$ & $-0.0290255$ & $-0.0394318$ & $-0.0378646$ & $-0.0183416$ & $0.000809352$ & $0.0102473$ & $0.00462198$ & $-0.0152495$ & $-0.0406476$ & $-0.0159887$ & $0.0117284$ & $0.0388573$ & $0.00749028$ & $-0.0181884$ & $0.255619$ & $1$ & $-0.0342946$ & $0.312633$ & $0.0167513$ & $0.0229992$ & $-0.0362917$ & $-0.144095$ & $-0.0366023$ & $-0.0668897$ & $-0.0294028$ & $0.00541866$ & $0.0636709$ & $-0.0344558$ & $0.0404431$ & $-0.0225677$ & $0.0543447$ & $0.368939$ & $-0.0280802$ & $0.0415235$ \\
CuH_33r & $0.0352781$ & $-0.0422928$ & $0.0380974$ & $-0.00796017$ & $-0.0344362$ & $0.0182403$ & $0.92731$ & $-0.100686$ & $-0.0645441$ & $0.111488$ & $0.0690285$ & $0.285334$ & $-0.291873$ & $0.0317981$ & $-0.0469087$ & $-0.0305593$ & $0.0672615$ & $0.0942875$ & $0.0838705$ & $-0.0677503$ & $-0.0720854$ & $-0.0665581$ & $-0.00360706$ & $0.0883784$ & $0.066967$ & $0.0316539$ & $-0.0470513$ & $-0.0171374$ & $0.00765148$ & $-0.0203898$ & $-0.0342946$ & $1$ & $-0.028775$ & $-0.0446079$ & $0.0493964$ & $0.0268146$ & $-0.00866687$ & $-0.00160035$ & $0.00987817$ & $0.0128999$ & $-0.00348824$ & $0.0361837$ & $0.0118844$ & $-0.0144086$ & $0.0071946$ & $-0.0128806$ & $-0.000709684$ & $-0.016822$ & $-0.00230678$ \\
CdH_33r & $-0.0335137$ & $-0.00991107$ & $0.0419841$ & $0.0185849$ & $0.0211591$ & $0.022919$ & $-0.208966$ & $0.11422$ & $0.134329$ & $-0.152902$ & $-0.0676648$ & $-0.123272$ & $0.318052$ & $-0.050933$ & $0.031684$ & $0.0392652$ & $-0.0963253$ & $-0.106151$ & $-0.116404$ & $0.0634627$ & $0.0672198$ & $0.0593657$ & $-0.0571451$ & $-0.0960873$ & $-0.106808$ & $0.0166191$ & $0.0405901$ & $0.0271446$ & $0.0304661$ & $0.629848$ & $0.312633$ & $-0.028775$ & $1$ & $0.0662734$ & $-0.0306556$ & $-0.0435934$ & $-0.228064$ & $-0.0216419$ & $-0.0137671$ & $-0.00247153$ & $0.0152938$ & $0.0277423$ & $0.00492327$ & $0.00346965$ & $0.0146228$ & $0.0362052$ & $-0.0071864$ & $0.169308$ & $0.518436$ \\
CLL_1221 & $-0.00499267$ & $0.0670425$ & $0.0801383$ & $-0.000727679$ & $-0.030759$ & $-0.122604$ & $-0.0437952$ & $0.587105$ & $0.572385$ & $-0.323848$ & $-0.418985$ & $-0.277169$ & $0.203313$ & $-0.177944$ & $-0.584281$ & $-0.127152$ & $-0.197278$ & $0.0495387$ & $-0.288006$ & $0.341692$ & $0.501948$ & $0.498285$ & $0.234148$ & $-0.636026$ & $-0.16767$ & $-0.30703$ & $0.692416$ & $0.113896$ & $-0.00153671$ & $0.0321484$ & $0.0167513$ & $-0.0446079$ & $0.0662734$ & $1$ & $0.0312289$ & $0.00909601$ & $7.91745e-05$ & $-0.017316$ & $0.0129867$ & $0.00803642$ & $0.0064089$ & $0.0384584$ & $-0.0390842$ & $0.0267261$ & $-0.0300069$ & $0.024487$ & $-0.0141907$ & $0.00549896$ & $0.0696613$ \\
eHggint & $0.0110375$ & $0.0110975$ & $0.0184409$ & $0.0101211$ & $-0.0414666$ & $0.00438147$ & $-0.0463979$ & $0.00868887$ & $-0.0130165$ & $0.0531493$ & $0.014881$ & $0.0469042$ & $0.0428512$ & $-0.0408869$ & $-0.0248117$ & $-0.010287$ & $-0.0362346$ & $-0.0282496$ & $-0.0339217$ & $-0.0208989$ & $-0.00929456$ & $-0.00933814$ & $0.00299343$ & $-0.0416216$ & $-0.0350885$ & $-0.00685174$ & $0.00748591$ & $0.0265214$ & $-0.033$ & $-0.00226187$ & $0.0229992$ & $0.0493964$ & $-0.0306556$ & $0.0312289$ & $1$ & $-0.0901822$ & $0.0387861$ & $0.00407443$ & $0.00344832$ & $-0.0174766$ & $0.0538366$ & $-0.0242244$ & $-0.0121952$ & $-0.0278011$ & $0.00310016$ & $0.0261837$ & $-0.0289651$ & $-0.0172651$ & $-0.0438575$ \\
eHggpar & $-0.0234553$ & $-0.00863637$ & $-0.0222155$ & $-0.0523216$ & $0.0164448$ & $-0.00916055$ & $-0.0344158$ & $0.00391056$ & $-0.0135311$ & $0.0250522$ & $-0.00251452$ & $0.00624896$ & $0.0165683$ & $0.00920603$ & $-0.00899967$ & $0.00199431$ & $-0.00392018$ & $0.00535313$ & $-0.00245051$ & $0.000130072$ & $0.00345661$ & $0.000427579$ & $0.0472814$ & $-0.00773154$ & $-0.00381489$ & $-0.0370591$ & $-0.00156876$ & $-0.0284406$ & $0.00445813$ & $-0.0174938$ & $-0.0362917$ & $0.0268146$ & $-0.0435934$ & $0.00909601$ & $-0.0901822$ & $1$ & $0.0363046$ & $0.0629951$ & $0.0122705$ & $-0.0334514$ & $0.000236407$ & $0.0102663$ & $-0.0152709$ & $0.0057647$ & $0.00235272$ & $0.00147102$ & $-0.027578$ & $0.0201063$ & $-0.00983267$ \\
eHWWint & $0.00722161$ & $-0.00479786$ & $-0.0363539$ & $0.00203436$ & $0.0108613$ & $-0.0103372$ & $0.0460543$ & $-0.0154131$ & $-0.0318154$ & $0.0390587$ & $0.0120586$ & $0.0142655$ & $0.00196898$ & $0.00445233$ & $-0.0165918$ & $0.0208693$ & $0.00571646$ & $0.0166469$ & $-0.00607404$ & $-0.0153453$ & $-0.00952641$ & $-0.00939269$ & $-0.00593851$ & $0.00180139$ & $0.0183258$ & $0.0146977$ & $-0.00216996$ & $0.0247141$ & $-0.0147331$ & $-0.208303$ & $-0.144095$ & $-0.00866687$ & $-0.228064$ & $7.91745e-05$ & $0.0387861$ & $0.0363046$ & $1$ & $0.0484334$ & $0.0197641$ & $-0.0506858$ & $-0.0102147$ & $-0.0202142$ & $-0.0368958$ & $-0.0377866$ & $-0.0126456$ & $-0.0269771$ & $-0.00923182$ & $0.0309411$ & $-0.0546815$ \\
eHWWpar & $0.0337097$ & $-0.00908685$ & $-0.0354709$ & $-0.0165435$ & $0.0242792$ & $-0.0114329$ & $-0.0053019$ & $-0.0260275$ & $-0.0242749$ & $0.0072733$ & $0.040228$ & $0.0430676$ & $-0.0359216$ & $-0.0361492$ & $-0.00126548$ & $0.00566588$ & $-0.0252005$ & $-0.0230411$ & $-0.0353443$ & $-0.0411757$ & $-0.0428432$ & $-0.0461996$ & $-0.0346499$ & $0.0119156$ & $-0.0421598$ & $0.0646386$ & $-0.0287436$ & $-0.0502474$ & $-0.0162864$ & $-0.0436938$ & $-0.0366023$ & $-0.00160035$ & $-0.0216419$ & $-0.017316$ & $0.00407443$ & $0.0629951$ & $0.0484334$ & $1$ & $0.0131752$ & $-0.0276927$ & $-0.00534443$ & $0.00725371$ & $0.0389887$ & $0.0311697$ & $0.0116837$ & $0.0170069$ & $-0.051649$ & $0.0229135$ & $0.0297537$ \\
eHZZint & $-0.0186466$ & $-0.035016$ & $0.00441962$ & $-0.08284$ & $0.0107101$ & $-0.0172111$ & $0.0117921$ & $0.0111127$ & $0.0114888$ & $-0.0312859$ & $-0.00661754$ & $0.0196343$ & $-0.0422563$ & $-0.0133552$ & $0.00405243$ & $0.0308012$ & $0.00559896$ & $-0.00721846$ & $-0.0214297$ & $0.00450104$ & $0.00621926$ & $0.013367$ & $0.0229037$ & $-0.0134276$ & $-0.0334652$ & $-0.0368836$ & $-0.0366418$ & $0.00365584$ & $0.00648721$ & $-0.0227059$ & $-0.0668897$ & $0.00987817$ & $-0.0137671$ & $0.0129867$ & $0.00344832$ & $0.0122705$ & $0.0197641$ & $0.0131752$ & $1$ & $-0.0759635$ & $0.051766$ & $-0.0164429$ & $0.0409747$ & $-0.0189285$ & $-0.0105352$ & $-0.0063892$ & $-0.0118965$ & $0.00764197$ & $0.0681427$ \\
eHZZpar & $0.0176684$ & $-0.0157885$ & $0.0562813$ & $0.0251616$ & $0.00624426$ & $0.0190492$ & $0.00528044$ & $0.00582631$ & $0.00631133$ & $-0.0212393$ & $-0.00763863$ & $-0.0229803$ & $0.0201634$ & $-0.00262363$ & $-0.0059242$ & $0.0226268$ & $0.00121776$ & $0.00835679$ & $-0.0129382$ & $0.0119321$ & $0.00507114$ & $0.00354603$ & $-0.0207272$ & $-0.00885797$ & $0.00464162$ & $0.00921273$ & $0.00239449$ & $-0.0107086$ & $0.0100082$ & $0.0159483$ & $-0.0294028$ & $0.0128999$ & $-0.00247153$ & $0.00803642$ & $-0.0174766$ & $-0.0334514$ & $-0.0506858$ & $-0.0276927$ & $-0.0759635$ & $1$ & $-0.00690382$ & $0.0208715$ & $-0.0031691$ & $0.0184654$ & $0.0219714$ & $-0.011567$ & $0.0271429$ & $-0.04115$ & $-0.0276787$ \\
eHZgaint & $-0.0253861$ & $0.00823959$ & $0.0482625$ & $-0.0206369$ & $-0.0121696$ & $0.0167945$ & $-0.00366811$ & $0.0360816$ & $0.0298688$ & $-0.0775792$ & $-0.00503177$ & $-0.0624371$ & $0.0493299$ & $-0.0564787$ & $0.0264234$ & $-0.0138929$ & $-0.0573971$ & $-0.0780296$ & $-0.0421766$ & $0.00577926$ & $0.00551246$ & $0.0150192$ & $-0.0145389$ & $-0.0636249$ & $-0.0611218$ & $0.00512046$ & $0.00401141$ & $-0.0241251$ & $0.0116423$ & $-0.0101128$ & $0.00541866$ & $-0.00348824$ & $0.0152938$ & $0.0064089$ & $0.0538366$ & $0.000236407$ & $-0.0102147$ & $-0.00534443$ & $0.051766$ & $-0.00690382$ & $1$ & $0.0283851$ & $0.0400335$ & $-0.0130943$ & $0.0378233$ & $0.0749055$ & $0.0159354$ & $0.00716434$ & $0.0100423$ \\
eHZgapar & $-0.0157844$ & $0.00305105$ & $-0.0301736$ & $-0.0503449$ & $0.0278714$ & $-0.003185$ & $0.0326313$ & $0.0489481$ & $0.0479615$ & $-0.0373773$ & $-0.0550044$ & $-0.041984$ & $0.00705748$ & $0.0429751$ & $-0.00264412$ & $0.00446722$ & $0.00786757$ & $0.0128973$ & $-0.000451266$ & $0.052112$ & $0.0579025$ & $0.0510959$ & $-0.0571958$ & $-0.0282994$ & $-0.0182142$ & $0.00611609$ & $-0.00517047$ & $0.0105124$ & $-0.025118$ & $0.0362203$ & $0.0636709$ & $0.0361837$ & $0.0277423$ & $0.0384584$ & $-0.0242244$ & $0.0102663$ & $-0.0202142$ & $0.00725371$ & $-0.0164429$ & $0.0208715$ & $0.0283851$ & $1$ & $-0.0245301$ & $0.0553286$ & $0.0129517$ & $0.0027935$ & $0.0331721$ & $0.0254259$ & $0.0350385$ \\
eHgagaint & $0.0244897$ & $0.0207865$ & $-0.0552493$ & $0.0182591$ & $0.0116613$ & $0.0133327$ & $0.0204801$ & $-0.0291714$ & $0.0489381$ & $0.0280829$ & $0.0258546$ & $0.0270499$ & $-0.022044$ & $0.00489125$ & $0.0196486$ & $0.021618$ & $-0.00183035$ & $-0.00557973$ & $-0.00646555$ & $-0.0253457$ & $-0.0288702$ & $-0.0349165$ & $-0.0170395$ & $0.00924209$ & $-0.00429299$ & $0.0175493$ & $-0.043862$ & $0.00915732$ & $0.0451906$ & $-0.0261876$ & $-0.0344558$ & $0.0118844$ & $0.00492327$ & $-0.0390842$ & $-0.0121952$ & $-0.0152709$ & $-0.0368958$ & $0.0389887$ & $0.0409747$ & $-0.0031691$ & $0.0400335$ & $-0.0245301$ & $1$ & $0.0121211$ & $-0.0243284$ & $0.0617645$ & $-0.00140501$ & $-0.0404246$ & $0.0349281$ \\
eHmumuint & $0.0314649$ & $0.00516518$ & $0.0210234$ & $0.0449436$ & $-0.0304225$ & $-0.003706$ & $0.0023632$ & $0.0124537$ & $0.0198787$ & $-0.0257957$ & $-0.0257134$ & $-0.0112749$ & $-0.0269122$ & $0.0481384$ & $-0.0224605$ & $0.0297467$ & $0.016376$ & $0.0466301$ & $0.0021333$ & $0.0291331$ & $0.0269446$ & $0.0247975$ & $-0.00597295$ & $-0.00366272$ & $0.0284289$ & $-0.0180935$ & $0.0103936$ & $-0.0160617$ & $0.021801$ & $-0.0304355$ & $0.0404431$ & $-0.0144086$ & $0.00346965$ & $0.0267261$ & $-0.0278011$ & $0.0057647$ & $-0.0377866$ & $0.0311697$ & $-0.0189285$ & $0.0184654$ & $-0.0130943$ & $0.0553286$ & $0.0121211$ & $1$ & $-0.0299318$ & $-0.00259243$ & $0.0245984$ & $-0.0266345$ & $0.0600297$ \\
eHtautauint & $0.00343332$ & $0.00202298$ & $-0.00287989$ & $-0.00884909$ & $-0.00466757$ & $0.0435007$ & $0.00310539$ & $-0.0212185$ & $-0.0190769$ & $0.0343198$ & $0.00815831$ & $0.00243484$ & $0.0149417$ & $0.000420258$ & $0.0268578$ & $0.0124438$ & $0.035929$ & $0.0034107$ & $0.00887855$ & $-0.00960591$ & $-0.0131109$ & $-0.0206375$ & $-0.0509544$ & $0.000198958$ & $0.0114233$ & $0.0610928$ & $-0.0344398$ & $-0.0147737$ & $0.0267235$ & $0.110507$ & $-0.0225677$ & $0.0071946$ & $0.0146228$ & $-0.0300069$ & $0.00310016$ & $0.00235272$ & $-0.0126456$ & $0.0116837$ & $-0.0105352$ & $0.0219714$ & $0.0378233$ & $0.0129517$ & $-0.0243284$ & $-0.0299318$ & $1$ & $0.0882285$ & $0.0202693$ & $0.0128871$ & $0.00590652$ \\
eHccint & $-0.00556577$ & $0.0333049$ & $-0.028302$ & $-0.017516$ & $0.0177106$ & $0.0180939$ & $-0.017574$ & $0.00863369$ & $0.00980392$ & $-0.025731$ & $0.00317845$ & $-0.0422292$ & $0.0367521$ & $-0.0344146$ & $-0.0091405$ & $0.0253492$ & $-0.0117018$ & $-0.0169488$ & $-0.04236$ & $-0.00465462$ & $-0.00223149$ & $-0.00915206$ & $-0.0376067$ & $-0.0322091$ & $-0.0330381$ & $0.0133493$ & $-0.019104$ & $-0.0184941$ & $-0.0104031$ & $0.0159089$ & $0.0543447$ & $-0.0128806$ & $0.0362052$ & $0.024487$ & $0.0261837$ & $0.00147102$ & $-0.0269771$ & $0.0170069$ & $-0.0063892$ & $-0.011567$ & $0.0749055$ & $0.0027935$ & $0.0617645$ & $-0.00259243$ & $0.0882285$ & $1$ & $-0.0341972$ & $0.0631719$ & $0.0246741$ \\
eHccpar & $0.0193803$ & $0.0373005$ & $0.0878403$ & $0.0399954$ & $0.0379022$ & $-0.0260785$ & $0.0132982$ & $-0.0442922$ & $-0.0443637$ & $0.0361019$ & $0.0235745$ & $0.0449743$ & $-0.0654352$ & $0.0214903$ & $-0.0119404$ & $-0.0536117$ & $0.0663882$ & $0.0458585$ & $0.0768494$ & $-0.0245308$ & $-0.0169738$ & $-0.0256989$ & $-0.00986781$ & $0.0211735$ & $0.0545493$ & $0.025155$ & $-0.000171434$ & $-0.0410102$ & $-0.01511$ & $-0.0477117$ & $0.368939$ & $-0.000709684$ & $-0.0071864$ & $-0.0141907$ & $-0.0289651$ & $-0.027578$ & $-0.00923182$ & $-0.051649$ & $-0.0118965$ & $0.0271429$ & $0.0159354$ & $0.0331721$ & $-0.00140501$ & $0.0245984$ & $0.0202693$ & $-0.0341972$ & $1$ & $0.036173$ & $0.0603359$ \\
eHbbint & $0.0152916$ & $-0.0485893$ & $-0.00639507$ & $0.00686886$ & $-0.014414$ & $-0.0198606$ & $-0.0274889$ & $0.0235057$ & $0.0222286$ & $-0.0146789$ & $-0.0217961$ & $-0.0155854$ & $0.0138988$ & $-0.0065678$ & $0.0257529$ & $-0.00194968$ & $0.0124886$ & $-0.0173486$ & $-0.00736309$ & $0.0185029$ & $0.0212066$ & $0.0141808$ & $-0.0403626$ & $-0.0328067$ & $-0.00428677$ & $0.029087$ & $0.00270337$ & $0.00743758$ & $-0.000696444$ & $0.0131576$ & $-0.0280802$ & $-0.016822$ & $0.169308$ & $0.00549896$ & $-0.0172651$ & $0.0201063$ & $0.0309411$ & $0.0229135$ & $0.00764197$ & $-0.04115$ & $0.00716434$ & $0.0254259$ & $-0.0404246$ & $-0.0266345$ & $0.0128871$ & $0.0631719$ & $0.036173$ & $1$ & $0.0164414$ \\
eHbbpar & $-0.0217354$ & $-0.0156927$ & $0.059485$ & $-0.0184601$ & $-0.0170867$ & $-0.0292323$ & $-0.00143413$ & $0.0242201$ & $0.0302363$ & $-0.0323483$ & $-0.0225633$ & $-0.0361603$ & $0.0122453$ & $0.00443808$ & $-0.0437932$ & $0.0141567$ & $0.0209775$ & $0.031192$ & $-0.0211942$ & $0.0133859$ & $0.0251218$ & $0.0183447$ & $-0.0389177$ & $0.00339377$ & $0.00340818$ & $0.00514483$ & $0.0270311$ & $0.0237762$ & $0.0373504$ & $0.0272985$ & $0.0415235$ & $-0.00230678$ & $0.518436$ & $0.0696613$ & $-0.0438575$ & $-0.00983267$ & $-0.0546815$ & $0.0297537$ & $0.0681427$ & $-0.0276787$ & $0.0100423$ & $0.0350385$ & $0.0349281$ & $0.0600297$ & $0.00590652$ & $0.0246741$ & $0.0603359$ & $0.0164414$ & $1$ \\
