 & AlsMz & dAle5Mz & mtop & mHl & Mz & CW & CHG & CHWB & CHWHB_gaga & CHWHB_gagaorth & CHD & CHbox & CH & CHL1_11 & CHL1_22 & CHL1_33 & CHL3_11 & CHL3_22 & CHL3_33 & CHe_11 & CHe_22 & CHe_33 & CHQ1_11 & CHQ1_33 & CHQ3_11 & CHu_11 & CHd_11 & CHd_33 & CeH_22r & CeH_33r & CuH_22r & CuH_33r & CdH_33r & CLL_1221 & eHggint & eHggpar & eHWWint & eHWWpar & eHZZint & eHZZpar & eHZgaint & eHZgapar & eHgagaint & eHmumuint & eHtautauint & eHccint & eHccpar & eHbbint & eHbbpar \\
AlsMz & $1$ & $0.116696$ & $0.0507459$ & $-0.00346196$ & $-0.00589585$ & $-0.00502144$ & $0.0107291$ & $0.0141926$ & $0.0169329$ & $-0.0196638$ & $-0.0207313$ & $-0.0165402$ & $-0.00858249$ & $-0.000920662$ & $-0.0108486$ & $-0.00539036$ & $-0.00154298$ & $0.00137152$ & $-0.00368681$ & $0.0123248$ & $0.0169527$ & $0.0152731$ & $-0.00245972$ & $-0.0762678$ & $-0.114829$ & $-0.0367226$ & $-0.00240971$ & $0.00822445$ & $-0.00568031$ & $-0.02644$ & $0.0151096$ & $-0.0080263$ & $-0.0270023$ & $0.0271007$ & $-0.0599959$ & $-0.0693731$ & $0.151844$ & $-0.0204317$ & $0.199885$ & $0.0249246$ & $0.0792464$ & $0.0263568$ & $0.0586426$ & $-0.125246$ & $0.00719917$ & $-0.00678701$ & $0.0688339$ & $0.0764603$ & $-0.0164199$ \\
dAle5Mz & $0.116696$ & $1$ & $-0.04464$ & $-0.0883506$ & $0.0108196$ & $-0.00354634$ & $-0.000396312$ & $-0.0580641$ & $-0.0450349$ & $0.0152783$ & $0.0330816$ & $0.0173014$ & $-0.00702749$ & $-0.0024663$ & $0.0232802$ & $0.00897359$ & $0.0325502$ & $0.00525421$ & $0.0154986$ & $-0.0118401$ & $-0.0171568$ & $-0.0181215$ & $-0.0124436$ & $0.0250404$ & $-0.00607907$ & $0.00453173$ & $-0.0408728$ & $0.00155788$ & $0.018348$ & $0.00957421$ & $-0.0218621$ & $-0.00935993$ & $0.0154144$ & $-0.0121187$ & $0.000223359$ & $-0.101788$ & $0.0378581$ & $-0.00591734$ & $0.0859546$ & $0.0172226$ & $0.103435$ & $0.00838343$ & $0.153814$ & $-0.0200163$ & $-0.104079$ & $-0.0705759$ & $-0.0555985$ & $0.0693315$ & $0.00269285$ \\
mtop & $0.0507459$ & $-0.04464$ & $1$ & $-0.0225591$ & $0.00866601$ & $-0.0107995$ & $0.00177299$ & $0.0101421$ & $0.0112401$ & $-0.0125415$ & $-0.00198155$ & $-0.00878705$ & $0.0109771$ & $-0.00328503$ & $0.0137718$ & $0.0237534$ & $-0.00571449$ & $-0.0109427$ & $-0.017415$ & $0.00967647$ & $0.00528333$ & $0.00722932$ & $-0.0201466$ & $0.000151039$ & $-0.0254662$ & $0.00854948$ & $-0.0194331$ & $0.00177487$ & $-0.000469176$ & $-0.00749157$ & $-0.0314971$ & $-0.00603449$ & $-0.0847535$ & $-0.00379612$ & $0.0529514$ & $-0.000986934$ & $0.0807844$ & $0.031544$ & $-0.118907$ & $0.0108989$ & $-0.16471$ & $0.0172724$ & $0.0106234$ & $-0.065147$ & $0.0501102$ & $-0.107567$ & $-0.0283322$ & $-0.0492901$ & $-0.128282$ \\
mHl & $-0.00346196$ & $-0.0883506$ & $-0.0225591$ & $1$ & $-0.0627683$ & $0.00158908$ & $0.0178199$ & $0.0207531$ & $0.0157033$ & $-0.0115301$ & $-0.0179124$ & $-0.00377406$ & $-0.00112702$ & $0.00474744$ & $0.0154224$ & $0.00562583$ & $-0.00571818$ & $-0.0147886$ & $-0.00708205$ & $0.0151396$ & $0.0150079$ & $0.015037$ & $-0.0025725$ & $-0.0142319$ & $-0.0158484$ & $-0.0055691$ & $-0.00502152$ & $-0.00303478$ & $-0.00573985$ & $0.0132425$ & $0.020135$ & $0.0155958$ & $-0.0339755$ & $-0.000875511$ & $-0.0722602$ & $-0.0228573$ & $-0.0232849$ & $-0.00355597$ & $0.0453924$ & $0.00553555$ & $0.0249594$ & $-0.00027451$ & $-0.117267$ & $0.0571645$ & $-0.0173897$ & $0.0708957$ & $0.0204079$ & $0.0409447$ & $-0.128069$ \\
Mz & $-0.00589585$ & $0.0108196$ & $0.00866601$ & $-0.0627683$ & $1$ & $-0.00313502$ & $0.00220995$ & $-0.0021671$ & $-0.00426324$ & $0.00628544$ & $0.0213187$ & $0.00707727$ & $-0.00923653$ & $-0.00962147$ & $0.0196039$ & $0.00151209$ & $-0.0031715$ & $-0.0216581$ & $-0.00937857$ & $-0.00593641$ & $-0.0039087$ & $-0.00521242$ & $0.0151554$ & $-0.0065168$ & $-0.00452095$ & $-0.00981601$ & $-0.000144821$ & $-0.00657333$ & $-0.00294367$ & $-0.00170827$ & $0.00114776$ & $0.0035114$ & $-0.0172737$ & $-0.0173872$ & $-0.0170191$ & $0.00368037$ & $0.0278586$ & $-0.00379163$ & $0.0108952$ & $0.00390838$ & $0.0022239$ & $0.00312055$ & $0.00294422$ & $0.0171534$ & $-0.00242115$ & $-0.0303045$ & $0.011289$ & $-0.0144391$ & $-0.0129536$ \\
CW & $-0.00502144$ & $-0.00354634$ & $-0.0107995$ & $0.00158908$ & $-0.00313502$ & $1$ & $0.00935773$ & $-0.122458$ & $-0.118494$ & $0.0229949$ & $0.18005$ & $0.0462888$ & $0.00775165$ & $0.0208354$ & $-0.0774413$ & $-0.0756562$ & $-0.252759$ & $-0.0473273$ & $-0.0498648$ & $-0.177741$ & $-0.183138$ & $-0.1811$ & $-0.0126771$ & $-0.000285921$ & $-0.0879772$ & $0.101974$ & $-0.0864147$ & $-0.0624466$ & $0.00175621$ & $0.00171775$ & $-0.00238589$ & $0.0133004$ & $0.00540494$ & $-0.121358$ & $-0.00236883$ & $0.0347369$ & $-0.000433151$ & $-0.00241075$ & $-0.00434975$ & $-0.00611009$ & $0.010515$ & $0.00477866$ & $0.0212019$ & $-0.00825188$ & $-0.00165734$ & $-0.0182326$ & $0.00155496$ & $-0.00743853$ & $0.0169084$ \\
CHG & $0.0107291$ & $-0.000396312$ & $0.00177299$ & $0.0178199$ & $0.00220995$ & $0.00935773$ & $1$ & $-0.112513$ & $-0.0616192$ & $0.074271$ & $0.0671277$ & $0.156442$ & $-0.312878$ & $0.0570669$ & $-0.0238147$ & $-0.0215271$ & $0.0881733$ & $0.101768$ & $0.0998934$ & $-0.0653056$ & $-0.071156$ & $-0.0695291$ & $-0.0123057$ & $0.113418$ & $0.09539$ & $0.0409433$ & $-0.0515166$ & $-0.0304972$ & $0.00964706$ & $-0.128866$ & $-0.0824268$ & $0.929318$ & $-0.169668$ & $-0.0729087$ & $-0.0478555$ & $-0.0228446$ & $0.0175923$ & $-0.0124012$ & $-0.00381986$ & $-0.00261815$ & $0.0214849$ & $-0.00684471$ & $0.0272291$ & $-0.0246607$ & $0.0094653$ & $0.00193857$ & $-0.0231754$ & $0.0150743$ & $-0.0221172$ \\
CHWB & $0.0141926$ & $-0.0580641$ & $0.0101421$ & $0.0207531$ & $-0.0021671$ & $-0.122458$ & $-0.112513$ & $1$ & $0.983958$ & $-0.575826$ & $-0.880245$ & $-0.422115$ & $0.345479$ & $0.0985501$ & $0.304446$ & $0.299576$ & $-0.249118$ & $-0.439836$ & $-0.437283$ & $0.851975$ & $0.896467$ & $0.879527$ & $0.0643169$ & $-0.675803$ & $-0.409491$ & $-0.511897$ & $0.425441$ & $0.300729$ & $0.0181174$ & $0.108706$ & $0.0526478$ & $-0.105378$ & $0.0977729$ & $0.56489$ & $-0.00527913$ & $-0.0383827$ & $0.0168121$ & $0.00634115$ & $-0.00828161$ & $-0.00724347$ & $0.00565821$ & $-0.0101784$ & $-0.0164143$ & $0.00266665$ & $0.00839817$ & $0.018314$ & $-0.0101574$ & $-0.0160634$ & $-0.0267945$ \\
CHWHB_gaga & $0.0169329$ & $-0.0450349$ & $0.0112401$ & $0.0157033$ & $-0.00426324$ & $-0.118494$ & $-0.0616192$ & $0.983958$ & $1$ & $-0.567828$ & $-0.863094$ & $-0.399942$ & $0.340358$ & $0.0902268$ & $0.301525$ & $0.295101$ & $-0.251927$ & $-0.440062$ & $-0.436553$ & $0.835955$ & $0.879155$ & $0.862401$ & $0.0632219$ & $-0.669126$ & $-0.40969$ & $-0.502331$ & $0.416648$ & $0.294443$ & $0.0258675$ & $0.133573$ & $0.0606221$ & $-0.0641356$ & $0.118466$ & $0.554474$ & $-0.0222598$ & $-0.0575808$ & $-0.000180333$ & $0.00302781$ & $-0.00595703$ & $-0.00802598$ & $0.0118373$ & $-0.0109151$ & $0.0502448$ & $-0.0159436$ & $0.0052611$ & $0.0141691$ & $-0.0211935$ & $-0.0165656$ & $-0.0365678$ \\
CHWHB_gagaorth & $-0.0196638$ & $0.0152783$ & $-0.0125415$ & $-0.0115301$ & $0.00628544$ & $0.0229949$ & $0.074271$ & $-0.575826$ & $-0.567828$ & $1$ & $0.365986$ & $0.672598$ & $-0.250026$ & $0.22107$ & $-0.134133$ & $-0.146$ & $0.428757$ & $0.485748$ & $0.493537$ & $-0.352779$ & $-0.380631$ & $-0.376748$ & $-0.0485036$ & $0.554157$ & $0.480288$ & $0.218526$ & $-0.232638$ & $-0.125394$ & $-0.0160198$ & $-0.136586$ & $-0.0624971$ & $0.0898312$ & $-0.132991$ & $-0.35326$ & $0.0569892$ & $0.0352252$ & $0.00148376$ & $-0.00619127$ & $-0.00558868$ & $0.00223198$ & $-0.0534393$ & $0.00754362$ & $-0.026682$ & $0.015369$ & $-0.00959527$ & $0.00223956$ & $0.00695957$ & $-0.00388926$ & $0.0216064$ \\
CHD & $-0.0207313$ & $0.0330816$ & $-0.00198155$ & $-0.0179124$ & $0.0213187$ & $0.18005$ & $0.0671277$ & $-0.880245$ & $-0.863094$ & $0.365986$ & $1$ & $0.354369$ & $-0.172601$ & $-0.51174$ & $-0.422952$ & $-0.414567$ & $-0.205403$ & $0.0739086$ & $0.0712522$ & $-0.990432$ & $-0.991487$ & $-0.970295$ & $-0.00469673$ & $0.314168$ & $0.0304965$ & $0.56471$ & $-0.297105$ & $-0.333455$ & $-0.0010916$ & $-0.0570086$ & $-0.0299623$ & $0.0728389$ & $-0.0482914$ & $-0.372732$ & $0.0106283$ & $0.0426848$ & $-0.0258286$ & $-0.00824476$ & $-0.00672073$ & $-0.00252344$ & $-0.00342258$ & $0.00625334$ & $0.0199425$ & $-0.00799836$ & $-0.00418346$ & $-0.0166395$ & $0.00972861$ & $0.00656793$ & $0.0203032$ \\
CHbox & $-0.0165402$ & $0.0173014$ & $-0.00878705$ & $-0.00377406$ & $0.00707727$ & $0.0462888$ & $0.156442$ & $-0.422115$ & $-0.399942$ & $0.672598$ & $0.354369$ & $1$ & $-0.52689$ & $-0.018057$ & $-0.0850941$ & $-0.0919594$ & $0.13121$ & $0.189497$ & $0.194362$ & $-0.333882$ & $-0.367083$ & $-0.360687$ & $-0.0375967$ & $0.310981$ & $0.187892$ & $0.208002$ & $-0.20962$ & $-0.122155$ & $-0.00613989$ & $0.0194382$ & $-0.0267396$ & $0.200786$ & $0.0229913$ & $-0.276558$ & $0.0698675$ & $0.0435962$ & $-0.00870962$ & $-0.0150775$ & $-0.0166259$ & $-0.00849142$ & $-0.0352421$ & $-0.000648571$ & $-0.0204861$ & $0.0103059$ & $-0.00962553$ & $-0.0154664$ & $8.61901e-05$ & $-0.00232664$ & $0.0171097$ \\
CH & $-0.00858249$ & $-0.00702749$ & $0.0109771$ & $-0.00112702$ & $-0.00923653$ & $0.00775165$ & $-0.312878$ & $0.345479$ & $0.340358$ & $-0.250026$ & $-0.172601$ & $-0.52689$ & $1$ & $-0.229339$ & $0.0826208$ & $0.0769793$ & $-0.353289$ & $-0.379701$ & $-0.375333$ & $0.168856$ & $0.182262$ & $0.180731$ & $0.0278248$ & $-0.38285$ & $-0.37063$ & $-0.103438$ & $0.128272$ & $0.0652303$ & $0.0499867$ & $0.269791$ & $0.10963$ & $-0.258546$ & $0.312147$ & $0.206999$ & $0.0451358$ & $0.00497731$ & $0.0100271$ & $0.0167727$ & $-0.0197343$ & $-0.00323074$ & $0.00399498$ & $-0.00100174$ & $0.000650139$ & $-0.00116533$ & $0.00311095$ & $0.0140178$ & $-0.00839089$ & $-0.0152243$ & $-0.00780561$ \\
CHL1_11 & $-0.000920662$ & $-0.0024663$ & $-0.00328503$ & $0.00474744$ & $-0.00962147$ & $0.0208354$ & $0.0570669$ & $0.0985501$ & $0.0902268$ & $0.22107$ & $-0.51174$ & $-0.018057$ & $-0.229339$ & $1$ & $0.261999$ & $0.257139$ & $0.659505$ & $0.598561$ & $0.596076$ & $0.528789$ & $0.474429$ & $0.458587$ & $-0.0863472$ & $0.466214$ & $0.597367$ & $-0.270186$ & $-0.0910589$ & $0.160237$ & $-0.0249753$ & $-0.0695812$ & $-0.0308858$ & $0.0328436$ & $-0.0680419$ & $-0.204139$ & $-0.016284$ & $-0.0147466$ & $0.0215775$ & $0.00519785$ & $0.0211708$ & $0.0175019$ & $-0.00853381$ & $0.00934304$ & $-0.0126521$ & $0.0125456$ & $0.000176036$ & $0.0011838$ & $-0.00211314$ & $0.00658311$ & $0.00693343$ \\
CHL1_22 & $-0.0108486$ & $0.0232802$ & $0.0137718$ & $0.0154224$ & $0.0196039$ & $-0.0774413$ & $-0.0238147$ & $0.304446$ & $0.301525$ & $-0.134133$ & $-0.422952$ & $-0.0850941$ & $0.0826208$ & $0.261999$ & $1$ & $0.447904$ & $0.155344$ & $-0.453959$ & $-0.0425506$ & $0.488851$ & $0.341747$ & $0.332451$ & $-0.173898$ & $0.0947868$ & $-0.145751$ & $-0.200257$ & $-0.395736$ & $0.11771$ & $0.00890314$ & $0.0224535$ & $0.00707559$ & $-0.0217763$ & $0.0352693$ & $-0.584246$ & $0.0167227$ & $0.00266274$ & $0.0127946$ & $-5.12895e-05$ & $0.0043909$ & $0.00711046$ & $0.00733147$ & $-0.00502682$ & $0.0115953$ & $0.00346624$ & $-0.000823547$ & $-0.00190186$ & $-0.01121$ & $0.0156944$ & $0.00696246$ \\
CHL1_33 & $-0.00539036$ & $0.00897359$ & $0.0237534$ & $0.00562583$ & $0.00151209$ & $-0.0756562$ & $-0.0215271$ & $0.299576$ & $0.295101$ & $-0.146$ & $-0.414567$ & $-0.0919594$ & $0.0769793$ & $0.257139$ & $0.447904$ & $1$ & $0.147645$ & $-0.0404328$ & $-0.441983$ & $0.478893$ & $0.335256$ & $0.352414$ & $-0.168563$ & $0.0909904$ & $-0.139531$ & $-0.196451$ & $-0.382643$ & $0.11371$ & $-0.0034201$ & $0.0310461$ & $0.0157806$ & $-0.0179952$ & $0.0338597$ & $-0.0949272$ & $0.0150034$ & $0.000487778$ & $0.0146944$ & $0.00299221$ & $0.000240111$ & $0.00458343$ & $0.0124873$ & $-0.00311173$ & $-0.00542222$ & $-0.00276348$ & $0.012998$ & $-0.0162473$ & $-0.00221909$ & $0.0131635$ & $0.00812745$ \\
CHL3_11 & $-0.00154298$ & $0.0325502$ & $-0.00571449$ & $-0.00571818$ & $-0.0031715$ & $-0.252759$ & $0.0881733$ & $-0.249118$ & $-0.251927$ & $0.428757$ & $-0.205403$ & $0.13121$ & $-0.353289$ & $0.659505$ & $0.155344$ & $0.147645$ & $1$ & $0.738793$ & $0.741579$ & $0.227959$ & $0.174939$ & $0.167344$ & $-0.0823977$ & $0.681666$ & $0.78195$ & $-0.0938459$ & $-0.157364$ & $0.0607227$ & $-0.0367646$ & $-0.105711$ & $-0.044152$ & $0.0628163$ & $-0.105155$ & $-0.252912$ & $-0.0111619$ & $-0.00943138$ & $0.0155097$ & $0.00319951$ & $0.0250489$ & $0.0172443$ & $-0.0127448$ & $0.00426396$ & $-0.0149083$ & $0.01263$ & $-0.0105412$ & $0.00141678$ & $0.000897831$ & $0.0137677$ & $0.00668077$ \\
CHL3_22 & $0.00137152$ & $0.00525421$ & $-0.0109427$ & $-0.0147886$ & $-0.0216581$ & $-0.0473273$ & $0.101768$ & $-0.439836$ & $-0.440062$ & $0.485748$ & $0.0739086$ & $0.189497$ & $-0.379701$ & $0.598561$ & $-0.453959$ & $-0.0404328$ & $0.738793$ & $1$ & $0.683498$ & $-0.0772898$ & $-0.067934$ & $-0.0671264$ & $-0.00215585$ & $0.626507$ & $0.801504$ & $0.0443204$ & $-0.00101536$ & $-0.0229896$ & $-0.0389535$ & $-0.112359$ & $-0.0467895$ & $0.0769714$ & $-0.117091$ & $0.0301262$ & $-0.0193965$ & $-0.00466148$ & $0.00592384$ & $0.00403307$ & $0.01781$ & $0.0136856$ & $-0.0135857$ & $0.0109495$ & $-0.0185501$ & $0.0087434$ & $-0.0036025$ & $-0.00245478$ & $0.00868703$ & $0.00449562$ & $0.00786294$ \\
CHL3_33 & $-0.00368681$ & $0.0154986$ & $-0.017415$ & $-0.00708205$ & $-0.00937857$ & $-0.0498648$ & $0.0998934$ & $-0.437283$ & $-0.436553$ & $0.493537$ & $0.0712522$ & $0.194362$ & $-0.375333$ & $0.596076$ & $-0.0425506$ & $-0.441983$ & $0.741579$ & $0.683498$ & $1$ & $-0.074142$ & $-0.0645911$ & $-0.0628512$ & $-0.00195767$ & $0.625583$ & $0.800627$ & $0.0429042$ & $-0.000192864$ & $-0.0214993$ & $-0.0280061$ & $-0.119099$ & $-0.0538908$ & $0.0737321$ & $-0.118213$ & $-0.338592$ & $-0.0173541$ & $-0.00426847$ & $0.00550012$ & $0.00251977$ & $0.0210573$ & $0.0147172$ & $-0.0182148$ & $0.00874973$ & $-0.00749057$ & $0.0136685$ & $-0.0129755$ & $0.0082443$ & $0.00481001$ & $0.00443264$ & $0.00476446$ \\
CHe_11 & $0.0123248$ & $-0.0118401$ & $0.00967647$ & $0.0151396$ & $-0.00593641$ & $-0.177741$ & $-0.0653056$ & $0.851975$ & $0.835955$ & $-0.352779$ & $-0.990432$ & $-0.333882$ & $0.168856$ & $0.528789$ & $0.488851$ & $0.478893$ & $0.227959$ & $-0.0772898$ & $-0.074142$ & $1$ & $0.973198$ & $0.952968$ & $-0.0201437$ & $-0.260783$ & $-0.0245615$ & $-0.554996$ & $0.221503$ & $0.32738$ & $0.000897531$ & $0.0570261$ & $0.028238$ & $-0.0704246$ & $0.0494114$ & $0.293523$ & $-0.00619441$ & $-0.0424191$ & $0.0254315$ & $0.00902671$ & $0.0052605$ & $0.00430033$ & $0.00478102$ & $-0.00651967$ & $-0.0158387$ & $0.0080495$ & $0.00301058$ & $0.01201$ & $-0.0122991$ & $-0.00317677$ & $-0.0182001$ \\
CHe_22 & $0.0169527$ & $-0.0171568$ & $0.00528333$ & $0.0150079$ & $-0.0039087$ & $-0.183138$ & $-0.071156$ & $0.896467$ & $0.879155$ & $-0.380631$ & $-0.991487$ & $-0.367083$ & $0.182262$ & $0.474429$ & $0.341747$ & $0.335256$ & $0.174939$ & $-0.067934$ & $-0.0645911$ & $0.973198$ & $1$ & $0.975124$ & $0.0324787$ & $-0.366774$ & $-0.0343377$ & $-0.567091$ & $0.376414$ & $0.334996$ & $0.00230629$ & $0.0601242$ & $0.0308016$ & $-0.0768898$ & $0.0491508$ & $0.455985$ & $-0.0120421$ & $-0.0470968$ & $0.0249403$ & $0.00789536$ & $0.00594589$ & $0.00152904$ & $0.00198447$ & $-0.00668001$ & $-0.0182408$ & $0.0087558$ & $0.0015568$ & $0.0164142$ & $-0.011346$ & $-0.00870619$ & $-0.0237729$ \\
CHe_33 & $0.0152731$ & $-0.0181215$ & $0.00722932$ & $0.015037$ & $-0.00521242$ & $-0.1811$ & $-0.0695291$ & $0.879527$ & $0.862401$ & $-0.376748$ & $-0.970295$ & $-0.360687$ & $0.180731$ & $0.458587$ & $0.332451$ & $0.352414$ & $0.167344$ & $-0.0671264$ & $-0.0628512$ & $0.952968$ & $0.975124$ & $1$ & $0.0346589$ & $-0.362151$ & $-0.0343047$ & $-0.55523$ & $0.37187$ & $0.326898$ & $0.00463583$ & $0.0590537$ & $0.0285628$ & $-0.0752018$ & $0.046829$ & $0.452297$ & $-0.00987069$ & $-0.0469073$ & $0.0260226$ & $0.00933449$ & $0.00385436$ & $-0.000494611$ & $0.00444488$ & $-0.0067039$ & $-0.0191757$ & $0.00652988$ & $0.00124227$ & $0.0162469$ & $-0.0104475$ & $-0.0130171$ & $-0.0239575$ \\
CHQ1_11 & $-0.00245972$ & $-0.0124436$ & $-0.0201466$ & $-0.0025725$ & $0.0151554$ & $-0.0126771$ & $-0.0123057$ & $0.0643169$ & $0.0632219$ & $-0.0485036$ & $-0.00469673$ & $-0.0375967$ & $0.0278248$ & $-0.0863472$ & $-0.173898$ & $-0.168563$ & $-0.0823977$ & $-0.00215585$ & $-0.00195767$ & $-0.0201437$ & $0.0324787$ & $0.0346589$ & $1$ & $-0.139172$ & $0.0623699$ & $-0.671544$ & $0.334711$ & $0.016676$ & $-0.00705105$ & $0.00709502$ & $-0.00429096$ & $-0.0122903$ & $-0.006119$ & $0.200717$ & $-0.00371826$ & $-0.0169927$ & $0.00542285$ & $0.00453258$ & $0.0112484$ & $-0.00422391$ & $-0.00474211$ & $-0.0116783$ & $-0.00548261$ & $0.00745122$ & $-0.00531479$ & $0.00298657$ & $-0.000338873$ & $-0.0223677$ & $-0.0144366$ \\
CHQ1_33 & $-0.0762678$ & $0.0250404$ & $0.000151039$ & $-0.0142319$ & $-0.0065168$ & $-0.000285921$ & $0.113418$ & $-0.675803$ & $-0.669126$ & $0.554157$ & $0.314168$ & $0.310981$ & $-0.38285$ & $0.466214$ & $0.0947868$ & $0.0909904$ & $0.681666$ & $0.626507$ & $0.625583$ & $-0.260783$ & $-0.366774$ & $-0.362151$ & $-0.139172$ & $1$ & $0.647808$ & $0.209706$ & $-0.424256$ & $-0.0225393$ & $-0.0273729$ & $-0.114037$ & $-0.0523761$ & $0.0957993$ & $-0.107603$ & $-0.629449$ & $0.00657192$ & $0.0219473$ & $-0.0129054$ & $0.00344755$ & $0.00341034$ & $0.0155608$ & $-0.0107203$ & $0.0131583$ & $-0.00206931$ & $0.010716$ & $-0.00718236$ & $-0.0172822$ & $0.00159709$ & $0.0166305$ & $0.0206573$ \\
CHQ3_11 & $-0.114829$ & $-0.00607907$ & $-0.0254662$ & $-0.0158484$ & $-0.00452095$ & $-0.0879772$ & $0.09539$ & $-0.409491$ & $-0.40969$ & $0.480288$ & $0.0304965$ & $0.187892$ & $-0.37063$ & $0.597367$ & $-0.145751$ & $-0.139531$ & $0.78195$ & $0.801504$ & $0.800627$ & $-0.0245615$ & $-0.0343377$ & $-0.0343047$ & $0.0623699$ & $0.647808$ & $1$ & $0.0337103$ & $0.198761$ & $-0.0160852$ & $-0.0372302$ & $-0.11555$ & $-0.0518393$ & $0.0716452$ & $-0.121247$ & $-0.200144$ & $-0.015691$ & $-0.0050743$ & $-0.00927904$ & $0.00405878$ & $-0.000552001$ & $0.0121056$ & $-0.03679$ & $0.00511742$ & $-0.0213585$ & $0.0357337$ & $-0.0182044$ & $0.00577249$ & $0.000122899$ & $-0.00852718$ & $-0.00310545$ \\
CHu_11 & $-0.0367226$ & $0.00453173$ & $0.00854948$ & $-0.0055691$ & $-0.00981601$ & $0.101974$ & $0.0409433$ & $-0.511897$ & $-0.502331$ & $0.218526$ & $0.56471$ & $0.208002$ & $-0.103438$ & $-0.270186$ & $-0.200257$ & $-0.196451$ & $-0.0938459$ & $0.0443204$ & $0.0429042$ & $-0.554996$ & $-0.567091$ & $-0.55523$ & $-0.671544$ & $0.209706$ & $0.0337103$ & $1$ & $-0.173583$ & $-0.194942$ & $0.0133214$ & $-0.035195$ & $-0.00702145$ & $0.0440371$ & $-0.0185367$ & $-0.255974$ & $-0.000624189$ & $0.031762$ & $-0.0239785$ & $-0.00627127$ & $-0.0192868$ & $-0.00381118$ & $-0.00750204$ & $0.011684$ & $0.00648417$ & $-0.000170359$ & $-0.000978336$ & $-0.00214724$ & $0.00878043$ & $0.0137646$ & $0.0172122$ \\
CHd_11 & $-0.00240971$ & $-0.0408728$ & $-0.0194331$ & $-0.00502152$ & $-0.000144821$ & $-0.0864147$ & $-0.0515166$ & $0.425441$ & $0.416648$ & $-0.232638$ & $-0.297105$ & $-0.20962$ & $0.128272$ & $-0.0910589$ & $-0.395736$ & $-0.382643$ & $-0.157364$ & $-0.00101536$ & $-0.000192864$ & $0.221503$ & $0.376414$ & $0.37187$ & $0.334711$ & $-0.424256$ & $0.198761$ & $-0.173583$ & $1$ & $0.107238$ & $0.00408449$ & $0.0342472$ & $0.0220676$ & $-0.0545325$ & $0.0116981$ & $0.688933$ & $-0.02815$ & $-0.0459768$ & $-0.000515585$ & $0.00529562$ & $-0.00459016$ & $-0.00938534$ & $-0.0204673$ & $-0.00347996$ & $-0.0196797$ & $0.0186535$ & $-0.0157792$ & $0.024149$ & $0.000479818$ & $-0.0316149$ & $-0.0436967$ \\
CHd_33 & $0.00822445$ & $0.00155788$ & $0.00177487$ & $-0.00303478$ & $-0.00657333$ & $-0.0624466$ & $-0.0304972$ & $0.300729$ & $0.294443$ & $-0.125394$ & $-0.333455$ & $-0.122155$ & $0.0652303$ & $0.160237$ & $0.11771$ & $0.11371$ & $0.0607227$ & $-0.0229896$ & $-0.0214993$ & $0.32738$ & $0.334996$ & $0.326898$ & $0.016676$ & $-0.0225393$ & $-0.0160852$ & $-0.194942$ & $0.107238$ & $1$ & $0.00473565$ & $0.017202$ & $0.0158911$ & $-0.0281575$ & $0.0204202$ & $0.151989$ & $0.0106624$ & $-0.0129997$ & $0.00727539$ & $-0.00169826$ & $-0.0115043$ & $0.00514146$ & $0.00704541$ & $0.010424$ & $-0.00269937$ & $0.00373925$ & $0.00560166$ & $0.00303705$ & $0.00550064$ & $0.00589564$ & $-0.00851445$ \\
CeH_22r & $-0.00568031$ & $0.018348$ & $-0.000469176$ & $-0.00573985$ & $-0.00294367$ & $0.00175621$ & $0.00964706$ & $0.0181174$ & $0.0258675$ & $-0.0160198$ & $-0.0010916$ & $-0.00613989$ & $0.0499867$ & $-0.0249753$ & $0.00890314$ & $-0.0034201$ & $-0.0367646$ & $-0.0389535$ & $-0.0280061$ & $0.000897531$ & $0.00230629$ & $0.00463583$ & $-0.00705105$ & $-0.0273729$ & $-0.0372302$ & $0.0133214$ & $0.00408449$ & $0.00473565$ & $1$ & $0.036099$ & $0.0143617$ & $-0.00922326$ & $0.0417285$ & $0.00586934$ & $-0.0310553$ & $-0.0317796$ & $-0.0157711$ & $0.0117538$ & $0.00544127$ & $-0.0036402$ & $-0.00255917$ & $-0.00854314$ & $0.00329485$ & $0.0115978$ & $-0.00025763$ & $0.00425891$ & $-0.00876571$ & $-0.00587065$ & $-0.00190037$ \\
CeH_33r & $-0.02644$ & $0.00957421$ & $-0.00749157$ & $0.0132425$ & $-0.00170827$ & $0.00171775$ & $-0.128866$ & $0.108706$ & $0.133573$ & $-0.136586$ & $-0.0570086$ & $0.0194382$ & $0.269791$ & $-0.0695812$ & $0.0224535$ & $0.0310461$ & $-0.105711$ & $-0.112359$ & $-0.119099$ & $0.0570261$ & $0.0601242$ & $0.0590537$ & $0.00709502$ & $-0.114037$ & $-0.11555$ & $-0.035195$ & $0.0342472$ & $0.017202$ & $0.036099$ & $1$ & $0.2905$ & $0.0245408$ & $0.645474$ & $0.06863$ & $-0.0651117$ & $-0.080794$ & $-0.16244$ & $-0.010988$ & $-0.0102901$ & $-0.00605017$ & $-0.00547243$ & $-0.00284756$ & $0.0203796$ & $-0.00439827$ & $0.0272339$ & $-0.0044952$ & $-0.028349$ & $0.0340044$ & $-0.0221838$ \\
CuH_22r & $0.0151096$ & $-0.0218621$ & $-0.0314971$ & $0.020135$ & $0.00114776$ & $-0.00238589$ & $-0.0824268$ & $0.0526478$ & $0.0606221$ & $-0.0624971$ & $-0.0299623$ & $-0.0267396$ & $0.10963$ & $-0.0308858$ & $0.00707559$ & $0.0157806$ & $-0.044152$ & $-0.0467895$ & $-0.0538908$ & $0.028238$ & $0.0308016$ & $0.0285628$ & $-0.00429096$ & $-0.0523761$ & $-0.0518393$ & $-0.00702145$ & $0.0220676$ & $0.0158911$ & $0.0143617$ & $0.2905$ & $1$ & $0.00701787$ & $0.341474$ & $0.0373445$ & $-0.0462014$ & $0.00269543$ & $-0.0415619$ & $-0.00805032$ & $-0.0170289$ & $-0.00500172$ & $-0.0463862$ & $0.000438368$ & $-0.040039$ & $0.0484367$ & $-0.00794594$ & $0.0630536$ & $0.334769$ & $0.0112842$ & $0.0120012$ \\
CuH_33r & $-0.0080263$ & $-0.00935993$ & $-0.00603449$ & $0.0155958$ & $0.0035114$ & $0.0133004$ & $0.929318$ & $-0.105378$ & $-0.0641356$ & $0.0898312$ & $0.0728389$ & $0.200786$ & $-0.258546$ & $0.0328436$ & $-0.0217763$ & $-0.0179952$ & $0.0628163$ & $0.0769714$ & $0.0737321$ & $-0.0704246$ & $-0.0768898$ & $-0.0752018$ & $-0.0122903$ & $0.0957993$ & $0.0716452$ & $0.0440371$ & $-0.0545325$ & $-0.0281575$ & $-0.00922326$ & $0.0245408$ & $0.00701787$ & $1$ & $0.0158566$ & $-0.0695474$ & $0.0306914$ & $0.021939$ & $-0.00334351$ & $-0.0108904$ & $-0.00521909$ & $-0.00485964$ & $0.0207489$ & $-0.00736785$ & $0.030661$ & $-0.0190663$ & $0.00819028$ & $-0.000496854$ & $-0.0256449$ & $0.0165805$ & $-0.0123583$ \\
CdH_33r & $-0.0270023$ & $0.0154144$ & $-0.0847535$ & $-0.0339755$ & $-0.0172737$ & $0.00540494$ & $-0.169668$ & $0.0977729$ & $0.118466$ & $-0.132991$ & $-0.0482914$ & $0.0229913$ & $0.312147$ & $-0.0680419$ & $0.0352693$ & $0.0338597$ & $-0.105155$ & $-0.117091$ & $-0.118213$ & $0.0494114$ & $0.0491508$ & $0.046829$ & $-0.006119$ & $-0.107603$ & $-0.121247$ & $-0.0185367$ & $0.0116981$ & $0.0204202$ & $0.0417285$ & $0.645474$ & $0.341474$ & $0.0158566$ & $1$ & $0.0485576$ & $-0.0557914$ & $-0.021043$ & $-0.169105$ & $-0.00330537$ & $0.00948129$ & $-0.0103619$ & $-0.0100442$ & $0.00347908$ & $-0.0426883$ & $-0.0251654$ & $-0.00122611$ & $-0.0052161$ & $-0.00443121$ & $0.18614$ & $0.434807$ \\
CLL_1221 & $0.0271007$ & $-0.0121187$ & $-0.00379612$ & $-0.000875511$ & $-0.0173872$ & $-0.121358$ & $-0.0729087$ & $0.56489$ & $0.554474$ & $-0.35326$ & $-0.372732$ & $-0.276558$ & $0.206999$ & $-0.204139$ & $-0.584246$ & $-0.0949272$ & $-0.252912$ & $0.0301262$ & $-0.338592$ & $0.293523$ & $0.455985$ & $0.452297$ & $0.200717$ & $-0.629449$ & $-0.200144$ & $-0.255974$ & $0.688933$ & $0.151989$ & $0.00586934$ & $0.06863$ & $0.0373445$ & $-0.0695474$ & $0.0485576$ & $1$ & $-0.0183261$ & $-0.0398952$ & $0.0056618$ & $0.00465123$ & $-0.00600883$ & $-0.0110226$ & $0.00357838$ & $-0.00512345$ & $-0.017912$ & $-0.00169808$ & $0.000288709$ & $0.0148642$ & $-0.00194714$ & $-0.022134$ & $-0.0292663$ \\
eHggint & $-0.0599959$ & $0.000223359$ & $0.0529514$ & $-0.0722602$ & $-0.0170191$ & $-0.00236883$ & $-0.0478555$ & $-0.00527913$ & $-0.0222598$ & $0.0569892$ & $0.0106283$ & $0.0698675$ & $0.0451358$ & $-0.016284$ & $0.0167227$ & $0.0150034$ & $-0.0111619$ & $-0.0193965$ & $-0.0173541$ & $-0.00619441$ & $-0.0120421$ & $-0.00987069$ & $-0.00371826$ & $0.00657192$ & $-0.015691$ & $-0.000624189$ & $-0.02815$ & $0.0106624$ & $-0.0310553$ & $-0.0651117$ & $-0.0462014$ & $0.0306914$ & $-0.0557914$ & $-0.0183261$ & $1$ & $0.0876885$ & $0.0784694$ & $-0.0135471$ & $-0.109598$ & $0.00622676$ & $0.00604239$ & $-0.00991683$ & $0.032892$ & $-0.0017879$ & $0.0256964$ & $0.00771628$ & $-0.072014$ & $-0.0829376$ & $0.035223$ \\
eHggpar & $-0.0693731$ & $-0.101788$ & $-0.000986934$ & $-0.0228573$ & $0.00368037$ & $0.0347369$ & $-0.0228446$ & $-0.0383827$ & $-0.0575808$ & $0.0352252$ & $0.0426848$ & $0.0435962$ & $0.00497731$ & $-0.0147466$ & $0.00266274$ & $0.000487778$ & $-0.00943138$ & $-0.00466148$ & $-0.00426847$ & $-0.0424191$ & $-0.0470968$ & $-0.0469073$ & $-0.0169927$ & $0.0219473$ & $-0.0050743$ & $0.031762$ & $-0.0459768$ & $-0.0129997$ & $-0.0317796$ & $-0.080794$ & $0.00269543$ & $0.021939$ & $-0.021043$ & $-0.0398952$ & $0.0876885$ & $1$ & $0.204595$ & $0.0053578$ & $-0.0503821$ & $-0.00438407$ & $0.0516531$ & $-0.0169667$ & $-0.0684538$ & $0.107985$ & $0.0197434$ & $-0.058185$ & $0.108385$ & $-0.0530492$ & $0.133879$ \\
eHWWint & $0.151844$ & $0.0378581$ & $0.0807844$ & $-0.0232849$ & $0.0278586$ & $-0.000433151$ & $0.0175923$ & $0.0168121$ & $-0.000180333$ & $0.00148376$ & $-0.0258286$ & $-0.00870962$ & $0.0100271$ & $0.0215775$ & $0.0127946$ & $0.0146944$ & $0.0155097$ & $0.00592384$ & $0.00550012$ & $0.0254315$ & $0.0249403$ & $0.0260226$ & $0.00542285$ & $-0.0129054$ & $-0.00927904$ & $-0.0239785$ & $-0.000515585$ & $0.00727539$ & $-0.0157711$ & $-0.16244$ & $-0.0415619$ & $-0.00334351$ & $-0.169105$ & $0.0056618$ & $0.0784694$ & $0.204595$ & $1$ & $-0.0220791$ & $-0.0176065$ & $0.0225447$ & $0.0764471$ & $0.0167657$ & $-0.060412$ & $0.0211072$ & $0.118514$ & $0.0388618$ & $0.096871$ & $-0.140349$ & $0.0875366$ \\
eHWWpar & $-0.0204317$ & $-0.00591734$ & $0.031544$ & $-0.00355597$ & $-0.00379163$ & $-0.00241075$ & $-0.0124012$ & $0.00634115$ & $0.00302781$ & $-0.00619127$ & $-0.00824476$ & $-0.0150775$ & $0.0167727$ & $0.00519785$ & $-5.12895e-05$ & $0.00299221$ & $0.00319951$ & $0.00403307$ & $0.00251977$ & $0.00902671$ & $0.00789536$ & $0.00933449$ & $0.00453258$ & $0.00344755$ & $0.00405878$ & $-0.00627127$ & $0.00529562$ & $-0.00169826$ & $0.0117538$ & $-0.010988$ & $-0.00805032$ & $-0.0108904$ & $-0.00330537$ & $0.00465123$ & $-0.0135471$ & $0.0053578$ & $-0.0220791$ & $1$ & $0.00602191$ & $0.00247005$ & $-0.0194426$ & $-0.0126389$ & $-0.0132197$ & $0.00541977$ & $-0.000918236$ & $0.0141693$ & $-0.0180519$ & $0.00451293$ & $0.00914078$ \\
eHZZint & $0.199885$ & $0.0859546$ & $-0.118907$ & $0.0453924$ & $0.0108952$ & $-0.00434975$ & $-0.00381986$ & $-0.00828161$ & $-0.00595703$ & $-0.00558868$ & $-0.00672073$ & $-0.0166259$ & $-0.0197343$ & $0.0211708$ & $0.0043909$ & $0.000240111$ & $0.0250489$ & $0.01781$ & $0.0210573$ & $0.0052605$ & $0.00594589$ & $0.00385436$ & $0.0112484$ & $0.00341034$ & $-0.000552001$ & $-0.0192868$ & $-0.00459016$ & $-0.0115043$ & $0.00544127$ & $-0.0102901$ & $-0.0170289$ & $-0.00521909$ & $0.00948129$ & $-0.00600883$ & $-0.109598$ & $-0.0503821$ & $-0.0176065$ & $0.00602191$ & $1$ & $-0.0168989$ & $0.0436242$ & $0.00125018$ & $0.0523709$ & $-0.0593406$ & $-0.00569262$ & $-0.00840225$ & $-0.0362114$ & $0.0571663$ & $0.0330301$ \\
eHZZpar & $0.0249246$ & $0.0172226$ & $0.0108989$ & $0.00553555$ & $0.00390838$ & $-0.00611009$ & $-0.00261815$ & $-0.00724347$ & $-0.00802598$ & $0.00223198$ & $-0.00252344$ & $-0.00849142$ & $-0.00323074$ & $0.0175019$ & $0.00711046$ & $0.00458343$ & $0.0172443$ & $0.0136856$ & $0.0147172$ & $0.00430033$ & $0.00152904$ & $-0.000494611$ & $-0.00422391$ & $0.0155608$ & $0.0121056$ & $-0.00381118$ & $-0.00938534$ & $0.00514146$ & $-0.0036402$ & $-0.00605017$ & $-0.00500172$ & $-0.00485964$ & $-0.0103619$ & $-0.0110226$ & $0.00622676$ & $-0.00438407$ & $0.0225447$ & $0.00247005$ & $-0.0168989$ & $1$ & $0.00286439$ & $-0.00288741$ & $-0.00222756$ & $-0.0153926$ & $-0.0112631$ & $-0.00966855$ & $-0.0137335$ & $-0.00776698$ & $0.00421792$ \\
eHZgaint & $0.0792464$ & $0.103435$ & $-0.16471$ & $0.0249594$ & $0.0022239$ & $0.010515$ & $0.0214849$ & $0.00565821$ & $0.0118373$ & $-0.0534393$ & $-0.00342258$ & $-0.0352421$ & $0.00399498$ & $-0.00853381$ & $0.00733147$ & $0.0124873$ & $-0.0127448$ & $-0.0135857$ & $-0.0182148$ & $0.00478102$ & $0.00198447$ & $0.00444488$ & $-0.00474211$ & $-0.0107203$ & $-0.03679$ & $-0.00750204$ & $-0.0204673$ & $0.00704541$ & $-0.00255917$ & $-0.00547243$ & $-0.0463862$ & $0.0207489$ & $-0.0100442$ & $0.00357838$ & $0.00604239$ & $0.0516531$ & $0.0764471$ & $-0.0194426$ & $0.0436242$ & $0.00286439$ & $1$ & $-0.00138429$ & $0.113466$ & $-0.144211$ & $0.12997$ & $-0.135613$ & $-0.106168$ & $0.0555576$ & $-0.0129103$ \\
eHZgapar & $0.0263568$ & $0.00838343$ & $0.0172724$ & $-0.00027451$ & $0.00312055$ & $0.00477866$ & $-0.00684471$ & $-0.0101784$ & $-0.0109151$ & $0.00754362$ & $0.00625334$ & $-0.000648571$ & $-0.00100174$ & $0.00934304$ & $-0.00502682$ & $-0.00311173$ & $0.00426396$ & $0.0109495$ & $0.00874973$ & $-0.00651967$ & $-0.00668001$ & $-0.0067039$ & $-0.0116783$ & $0.0131583$ & $0.00511742$ & $0.011684$ & $-0.00347996$ & $0.010424$ & $-0.00854314$ & $-0.00284756$ & $0.000438368$ & $-0.00736785$ & $0.00347908$ & $-0.00512345$ & $-0.00991683$ & $-0.0169667$ & $0.0167657$ & $-0.0126389$ & $0.00125018$ & $-0.00288741$ & $-0.00138429$ & $1$ & $-0.0015014$ & $0.0137662$ & $-0.00365609$ & $-0.0164705$ & $0.0313739$ & $-0.0204925$ & $0.0161234$ \\
eHgagaint & $0.0586426$ & $0.153814$ & $0.0106234$ & $-0.117267$ & $0.00294422$ & $0.0212019$ & $0.0272291$ & $-0.0164143$ & $0.0502448$ & $-0.026682$ & $0.0199425$ & $-0.0204861$ & $0.000650139$ & $-0.0126521$ & $0.0115953$ & $-0.00542222$ & $-0.0149083$ & $-0.0185501$ & $-0.00749057$ & $-0.0158387$ & $-0.0182408$ & $-0.0191757$ & $-0.00548261$ & $-0.00206931$ & $-0.0213585$ & $0.00648417$ & $-0.0196797$ & $-0.00269937$ & $0.00329485$ & $0.0203796$ & $-0.040039$ & $0.030661$ & $-0.0426883$ & $-0.017912$ & $0.032892$ & $-0.0684538$ & $-0.060412$ & $-0.0132197$ & $0.0523709$ & $-0.00222756$ & $0.113466$ & $-0.0015014$ & $1$ & $-0.246588$ & $-0.0334936$ & $-0.0816668$ & $-0.111837$ & $-0.072862$ & $-0.107032$ \\
eHmumuint & $-0.125246$ & $-0.0200163$ & $-0.065147$ & $0.0571645$ & $0.0171534$ & $-0.00825188$ & $-0.0246607$ & $0.00266665$ & $-0.0159436$ & $0.015369$ & $-0.00799836$ & $0.0103059$ & $-0.00116533$ & $0.0125456$ & $0.00346624$ & $-0.00276348$ & $0.01263$ & $0.0087434$ & $0.0136685$ & $0.0080495$ & $0.0087558$ & $0.00652988$ & $0.00745122$ & $0.010716$ & $0.0357337$ & $-0.000170359$ & $0.0186535$ & $0.00373925$ & $0.0115978$ & $-0.00439827$ & $0.0484367$ & $-0.0190663$ & $-0.0251654$ & $-0.00169808$ & $-0.0017879$ & $0.107985$ & $0.0211072$ & $0.00541977$ & $-0.0593406$ & $-0.0153926$ & $-0.144211$ & $0.0137662$ & $-0.246588$ & $1$ & $0.00130092$ & $0.0156257$ & $0.149131$ & $-0.0519601$ & $-0.0149884$ \\
eHtautauint & $0.00719917$ & $-0.104079$ & $0.0501102$ & $-0.0173897$ & $-0.00242115$ & $-0.00165734$ & $0.0094653$ & $0.00839817$ & $0.0052611$ & $-0.00959527$ & $-0.00418346$ & $-0.00962553$ & $0.00311095$ & $0.000176036$ & $-0.000823547$ & $0.012998$ & $-0.0105412$ & $-0.0036025$ & $-0.0129755$ & $0.00301058$ & $0.0015568$ & $0.00124227$ & $-0.00531479$ & $-0.00718236$ & $-0.0182044$ & $-0.000978336$ & $-0.0157792$ & $0.00560166$ & $-0.00025763$ & $0.0272339$ & $-0.00794594$ & $0.00819028$ & $-0.00122611$ & $0.000288709$ & $0.0256964$ & $0.0197434$ & $0.118514$ & $-0.000918236$ & $-0.00569262$ & $-0.0112631$ & $0.12997$ & $-0.00365609$ & $-0.0334936$ & $0.00130092$ & $1$ & $-0.0357696$ & $0.0279141$ & $0.0691942$ & $0.030686$ \\
eHccint & $-0.00678701$ & $-0.0705759$ & $-0.107567$ & $0.0708957$ & $-0.0303045$ & $-0.0182326$ & $0.00193857$ & $0.018314$ & $0.0141691$ & $0.00223956$ & $-0.0166395$ & $-0.0154664$ & $0.0140178$ & $0.0011838$ & $-0.00190186$ & $-0.0162473$ & $0.00141678$ & $-0.00245478$ & $0.0082443$ & $0.01201$ & $0.0164142$ & $0.0162469$ & $0.00298657$ & $-0.0172822$ & $0.00577249$ & $-0.00214724$ & $0.024149$ & $0.00303705$ & $0.00425891$ & $-0.0044952$ & $0.0630536$ & $-0.000496854$ & $-0.0052161$ & $0.0148642$ & $0.00771628$ & $-0.058185$ & $0.0388618$ & $0.0141693$ & $-0.00840225$ & $-0.00966855$ & $-0.135613$ & $-0.0164705$ & $-0.0816668$ & $0.0156257$ & $-0.0357696$ & $1$ & $-0.026746$ & $0.0942012$ & $-0.0388306$ \\
eHccpar & $0.0688339$ & $-0.0555985$ & $-0.0283322$ & $0.0204079$ & $0.011289$ & $0.00155496$ & $-0.0231754$ & $-0.0101574$ & $-0.0211935$ & $0.00695957$ & $0.00972861$ & $8.61901e-05$ & $-0.00839089$ & $-0.00211314$ & $-0.01121$ & $-0.00221909$ & $0.000897831$ & $0.00868703$ & $0.00481001$ & $-0.0122991$ & $-0.011346$ & $-0.0104475$ & $-0.000338873$ & $0.00159709$ & $0.000122899$ & $0.00878043$ & $0.000479818$ & $0.00550064$ & $-0.00876571$ & $-0.028349$ & $0.334769$ & $-0.0256449$ & $-0.00443121$ & $-0.00194714$ & $-0.072014$ & $0.108385$ & $0.096871$ & $-0.0180519$ & $-0.0362114$ & $-0.0137335$ & $-0.106168$ & $0.0313739$ & $-0.111837$ & $0.149131$ & $0.0279141$ & $-0.026746$ & $1$ & $-0.0456692$ & $0.0643162$ \\
eHbbint & $0.0764603$ & $0.0693315$ & $-0.0492901$ & $0.0409447$ & $-0.0144391$ & $-0.00743853$ & $0.0150743$ & $-0.0160634$ & $-0.0165656$ & $-0.00388926$ & $0.00656793$ & $-0.00232664$ & $-0.0152243$ & $0.00658311$ & $0.0156944$ & $0.0131635$ & $0.0137677$ & $0.00449562$ & $0.00443264$ & $-0.00317677$ & $-0.00870619$ & $-0.0130171$ & $-0.0223677$ & $0.0166305$ & $-0.00852718$ & $0.0137646$ & $-0.0316149$ & $0.00589564$ & $-0.00587065$ & $0.0340044$ & $0.0112842$ & $0.0165805$ & $0.18614$ & $-0.022134$ & $-0.0829376$ & $-0.0530492$ & $-0.140349$ & $0.00451293$ & $0.0571663$ & $-0.00776698$ & $0.0555576$ & $-0.0204925$ & $-0.072862$ & $-0.0519601$ & $0.0691942$ & $0.0942012$ & $-0.0456692$ & $1$ & $-0.00962858$ \\
eHbbpar & $-0.0164199$ & $0.00269285$ & $-0.128282$ & $-0.128069$ & $-0.0129536$ & $0.0169084$ & $-0.0221172$ & $-0.0267945$ & $-0.0365678$ & $0.0216064$ & $0.0203032$ & $0.0171097$ & $-0.00780561$ & $0.00693343$ & $0.00696246$ & $0.00812745$ & $0.00668077$ & $0.00786294$ & $0.00476446$ & $-0.0182001$ & $-0.0237729$ & $-0.0239575$ & $-0.0144366$ & $0.0206573$ & $-0.00310545$ & $0.0172122$ & $-0.0436967$ & $-0.00851445$ & $-0.00190037$ & $-0.0221838$ & $0.0120012$ & $-0.0123583$ & $0.434807$ & $-0.0292663$ & $0.035223$ & $0.133879$ & $0.0875366$ & $0.00914078$ & $0.0330301$ & $0.00421792$ & $-0.0129103$ & $0.0161234$ & $-0.107032$ & $-0.0149884$ & $0.030686$ & $-0.0388306$ & $0.0643162$ & $-0.00962858$ & $1$ \\
