 & AlsMz & dAle5Mz & mtop & mHl & Mz & CW & CHG & CHWB & CHWHB_gaga & CHWHB_gagaorth & CHD & CHbox & CH & CHL1_11 & CHL1_22 & CHL1_33 & CHL3_11 & CHL3_22 & CHL3_33 & CHe_11 & CHe_22 & CHe_33 & CHQ1_11 & CHQ1_33 & CHQ3_11 & CHu_11 & CHd_11 & CHd_33 & CeH_22r & CeH_33r & CuH_22r & CuH_33r & CdH_33r & CLL_1221 & eHggint & eHggpar & eHWWint & eHWWpar & eHZZint & eHZZpar & eHZgaint & eHZgapar & eHgagaint & eHmumuint & eHtautauint & eHccint & eHccpar & eHbbint & eHbbpar \\
AlsMz & $1$ & $-0.00289186$ & $-0.0256135$ & $-0.068247$ & $-0.0541122$ & $0.000946054$ & $0.0292422$ & $-0.0351613$ & $-0.0419181$ & $0.019994$ & $0.0178299$ & $0.0245645$ & $-0.0214726$ & $0.0276743$ & $0.00845219$ & $-0.052958$ & $-0.00920597$ & $0.00842335$ & $0.0472927$ & $-0.02309$ & $-0.0275929$ & $-0.0324863$ & $-0.0563435$ & $-0.0301559$ & $-0.0998839$ & $-0.00778603$ & $-0.0919889$ & $0.0103567$ & $0.00956666$ & $-0.0500797$ & $-0.0169496$ & $0.017249$ & $-0.0706718$ & $-0.0650546$ & $0.0336582$ & $-0.0236173$ & $0.0211711$ & $0.0219341$ & $0.0062461$ & $-0.00494633$ & $-0.0332585$ & $-0.0225142$ & $0.0045677$ & $0.0269212$ & $0.026381$ & $0.0621692$ & $-0.00784205$ & $-0.0254033$ & $-0.0926862$ \\
dAle5Mz & $-0.00289186$ & $1$ & $-0.0198875$ & $0.0141398$ & $0.0304265$ & $0.031326$ & $0.0516978$ & $-0.115149$ & $-0.11539$ & $0.0690603$ & $0.0876436$ & $0.0995537$ & $-0.0919001$ & $-0.027955$ & $-0.0406336$ & $-0.00579084$ & $0.0397201$ & $0.0463201$ & $0.0217356$ & $-0.0664585$ & $-0.0677261$ & $-0.0676203$ & $0.0663928$ & $0.0651922$ & $0.074954$ & $0.0223956$ & $0.0241676$ & $-0.0127778$ & $-0.0510283$ & $-0.0556798$ & $-0.0289363$ & $0.0337851$ & $-0.090152$ & $-0.00225352$ & $-0.0595138$ & $0.0325705$ & $0.0356297$ & $-0.0110739$ & $-0.0197117$ & $0.0284911$ & $0.0315727$ & $-0.010581$ & $0.0630623$ & $0.0176618$ & $0.0314031$ & $0.0498306$ & $0.0396528$ & $-0.0756978$ & $-0.0230818$ \\
mtop & $-0.0256135$ & $-0.0198875$ & $1$ & $0.0327212$ & $0.0029975$ & $-0.0322903$ & $0.00409408$ & $0.0401432$ & $0.0344988$ & $-0.0682237$ & $-0.0469733$ & $-0.0231146$ & $0.00262687$ & $0.0443853$ & $0.0194874$ & $-0.020535$ & $0.033126$ & $0.0168401$ & $0.0447477$ & $0.0481473$ & $0.0541698$ & $0.0554907$ & $-0.0255781$ & $-0.0136694$ & $0.0196277$ & $0.00402976$ & $0.0249205$ & $0.0292705$ & $-0.031402$ & $0.0253923$ & $-0.0465653$ & $0.0139622$ & $0.0378513$ & $0.0233498$ & $-0.0205639$ & $-0.0575899$ & $0.0126919$ & $-0.00825046$ & $0.0330112$ & $9.06734e-05$ & $0.00478316$ & $0.046341$ & $0.017253$ & $-0.00110825$ & $0.00657145$ & $-0.0492565$ & $-0.089687$ & $0.00806693$ & $0.0228335$ \\
mHl & $-0.068247$ & $0.0141398$ & $0.0327212$ & $1$ & $-0.00148499$ & $-0.00828643$ & $0.0294262$ & $0.0408597$ & $0.0344736$ & $-0.0298606$ & $-0.0331336$ & $0.0467479$ & $-0.0559974$ & $-0.00719345$ & $-0.0248864$ & $-0.00424992$ & $0.000424856$ & $0.00491704$ & $-0.00793699$ & $0.0351793$ & $0.0399477$ & $0.0282033$ & $0.0230674$ & $-0.0344831$ & $0.0206461$ & $-0.0170108$ & $0.0837206$ & $-0.0370762$ & $-0.0514624$ & $-0.050901$ & $-0.0774187$ & $0.0175617$ & $-0.0467245$ & $0.0664005$ & $0.0341372$ & $-0.0919754$ & $0.0128455$ & $0.0175518$ & $-0.0698666$ & $0.0483687$ & $0.028505$ & $-0.00117216$ & $0.0519019$ & $0.0555236$ & $-0.00856299$ & $-0.0134229$ & $-0.102202$ & $-0.0528247$ & $0.0115015$ \\
Mz & $-0.0541122$ & $0.0304265$ & $0.0029975$ & $-0.00148499$ & $1$ & $-0.0556696$ & $-0.0103854$ & $-0.00232725$ & $0.00272791$ & $0.0104289$ & $0.0329341$ & $0.00931949$ & $-0.00656771$ & $-0.0461782$ & $0.0353086$ & $0.0244866$ & $-0.0471963$ & $-0.0688808$ & $-0.0669514$ & $-0.024934$ & $-0.0268551$ & $-0.036635$ & $-0.0332654$ & $-0.0186487$ & $-0.0531865$ & $0.0385986$ & $-0.0329236$ & $-0.0345429$ & $0.00980892$ & $-0.00805403$ & $-0.0207728$ & $-0.0152481$ & $-0.0144031$ & $-0.0284374$ & $-0.0131031$ & $0.0390403$ & $-0.000693366$ & $0.00336638$ & $0.014922$ & $-0.0243957$ & $0.0176513$ & $-0.00260467$ & $0.00942602$ & $-0.0490486$ & $-0.032467$ & $-0.00316016$ & $-0.0115849$ & $-0.0296663$ & $-0.0135627$ \\
CW & $0.000946054$ & $0.031326$ & $-0.0322903$ & $-0.00828643$ & $-0.0556696$ & $1$ & $0.0499556$ & $-0.0359368$ & $-0.0243821$ & $0.00901862$ & $0.164952$ & $0.0717141$ & $-0.0462824$ & $-0.0708879$ & $-0.0740526$ & $-0.0977503$ & $-0.41434$ & $-0.220381$ & $-0.207321$ & $-0.163758$ & $-0.169076$ & $-0.163386$ & $-0.0145738$ & $-0.153495$ & $-0.245257$ & $0.131447$ & $-0.0587138$ & $-0.0465574$ & $-0.0100223$ & $-0.0344373$ & $-0.0816785$ & $0.0480199$ & $-0.0287796$ & $-0.0993171$ & $0.0313908$ & $-0.0715016$ & $-0.040582$ & $-0.030218$ & $0.0188139$ & $0.00166693$ & $0.0370404$ & $0.007578$ & $0.0616263$ & $-0.0437941$ & $-0.00333308$ & $0.0575022$ & $-0.0214248$ & $-0.0344467$ & $0.0251576$ \\
CHG & $0.0292422$ & $0.0516978$ & $0.00409408$ & $0.0294262$ & $-0.0103854$ & $0.0499556$ & $1$ & $-0.0370328$ & $-0.0124103$ & $0.166645$ & $0.065759$ & $0.692079$ & $-0.739937$ & $-0.0750335$ & $-0.0333212$ & $-0.00471243$ & $-0.0580318$ & $-0.0406391$ & $-0.064914$ & $-0.0613681$ & $-0.0639248$ & $-0.0646173$ & $0.0781598$ & $-0.0213913$ & $-0.0567015$ & $-0.00587539$ & $-0.0289317$ & $0.0102044$ & $-0.0885807$ & $-0.526679$ & $-0.312444$ & $0.9472$ & $-0.550803$ & $-0.00335006$ & $-0.0615371$ & $-0.0294688$ & $0.0307915$ & $-0.0413744$ & $0.00312372$ & $0.0201285$ & $0.0624344$ & $-0.0639604$ & $-0.0424154$ & $0.0101449$ & $0.00581469$ & $0.0536863$ & $-0.0949229$ & $-0.0275072$ & $-0.0370341$ \\
CHWB & $-0.0351613$ & $-0.115149$ & $0.0401432$ & $0.0408597$ & $-0.00232725$ & $-0.0359368$ & $-0.0370328$ & $1$ & $0.988718$ & $-0.546168$ & $-0.877406$ & $-0.13506$ & $0.0575345$ & $0.273219$ & $0.401952$ & $0.43215$ & $-0.212132$ & $-0.372089$ & $-0.394009$ & $0.859433$ & $0.890779$ & $0.880895$ & $0.043052$ & $-0.642121$ & $-0.36396$ & $-0.604147$ & $0.422042$ & $0.403707$ & $-0.014091$ & $0.0590722$ & $0.0322233$ & $-0.0407649$ & $0.0637199$ & $0.572664$ & $-0.0173716$ & $-0.0333902$ & $-0.0307551$ & $0.0157673$ & $-0.00735732$ & $-0.022288$ & $-0.0568606$ & $0.0168063$ & $0.0258479$ & $-0.0480077$ & $-0.0723643$ & $-0.0615794$ & $-0.00995145$ & $-0.0474667$ & $0.00733997$ \\
CHWHB_gaga & $-0.0419181$ & $-0.11539$ & $0.0344988$ & $0.0344736$ & $0.00272791$ & $-0.0243821$ & $-0.0124103$ & $0.988718$ & $1$ & $-0.546005$ & $-0.860899$ & $-0.136758$ & $0.0637511$ & $0.258827$ & $0.39234$ & $0.420904$ & $-0.223678$ & $-0.378517$ & $-0.399203$ & $0.84296$ & $0.874498$ & $0.865238$ & $0.0472144$ & $-0.648341$ & $-0.368113$ & $-0.597712$ & $0.419558$ & $0.396589$ & $-0.00301982$ & $0.073821$ & $0.0413061$ & $-0.0208042$ & $0.0785968$ & $0.568847$ & $-0.0242203$ & $-0.0395264$ & $-0.033013$ & $0.0167494$ & $-0.0168507$ & $-0.0246827$ & $-0.0471303$ & $0.0121784$ & $0.0771329$ & $-0.0485567$ & $-0.0789068$ & $-0.0571631$ & $-0.00615653$ & $-0.0590872$ & $-0.00167536$ \\
CHWHB_gagaorth & $0.019994$ & $0.0690603$ & $-0.0682237$ & $-0.0298606$ & $0.0104289$ & $0.00901862$ & $0.166645$ & $-0.546168$ & $-0.546005$ & $1$ & $0.475706$ & $0.408315$ & $-0.259923$ & $-0.148919$ & $-0.223779$ & $-0.23265$ & $0.12849$ & $0.213676$ & $0.217947$ & $-0.465013$ & $-0.482677$ & $-0.477308$ & $-0.0210159$ & $0.36684$ & $0.201149$ & $0.311485$ & $-0.233613$ & $-0.225095$ & $-0.0326493$ & $-0.230841$ & $-0.143379$ & $0.167699$ & $-0.265278$ & $-0.303297$ & $0.00739327$ & $0.049125$ & $-0.0118753$ & $-0.0684074$ & $0.000262507$ & $-0.0113933$ & $-0.0238961$ & $-0.0297111$ & $-0.0626377$ & $0.0266292$ & $0.0607169$ & $0.0485704$ & $-0.0320322$ & $0.0477995$ & $-0.0224153$ \\
CHD & $0.0178299$ & $0.0876436$ & $-0.0469733$ & $-0.0331336$ & $0.0329341$ & $0.164952$ & $0.065759$ & $-0.877406$ & $-0.860899$ & $0.475706$ & $1$ & $0.203202$ & $-0.100294$ & $-0.66161$ & $-0.519731$ & $-0.537331$ & $-0.255219$ & $-0.0453059$ & $-0.0215083$ & $-0.994467$ & $-0.994742$ & $-0.984694$ & $0.0196834$ & $0.241767$ & $-0.0590862$ & $0.671396$ & $-0.303973$ & $-0.463997$ & $0.0335202$ & $-0.0871239$ & $-0.0544913$ & $0.0807177$ & $-0.0820006$ & $-0.380607$ & $0.0308789$ & $0.0142038$ & $0.0234834$ & $0.0109382$ & $0.0125366$ & $0.0265717$ & $0.0501427$ & $-0.0215334$ & $-0.00565444$ & $0.0416893$ & $0.0421759$ & $0.0757235$ & $0.018389$ & $0.0261858$ & $0.0159117$ \\
CHbox & $0.0245645$ & $0.0995537$ & $-0.0231146$ & $0.0467479$ & $0.00931949$ & $0.0717141$ & $0.692079$ & $-0.13506$ & $-0.136758$ & $0.408315$ & $0.203202$ & $1$ & $-0.946364$ & $-0.212751$ & $-0.063113$ & $-0.0130914$ & $-0.138458$ & $-0.112236$ & $-0.147539$ & $-0.189084$ & $-0.20362$ & $-0.200611$ & $0.072428$ & $-0.00405701$ & $-0.132489$ & $0.0820237$ & $-0.106423$ & $-0.0366815$ & $-0.148571$ & $-0.624634$ & $-0.360029$ & $0.619608$ & $-0.614415$ & $-0.06427$ & $-0.0856498$ & $-0.0364906$ & $-0.00387917$ & $-0.0483854$ & $0.0212679$ & $-0.015343$ & $0.0256093$ & $-0.0712916$ & $-0.0326205$ & $-0.00284447$ & $0.0170793$ & $0.0758913$ & $-0.11498$ & $-0.00981896$ & $0.0130764$ \\
CH & $-0.0214726$ & $-0.0919001$ & $0.00262687$ & $-0.0559974$ & $-0.00656771$ & $-0.0462824$ & $-0.739937$ & $0.0575345$ & $0.0637511$ & $-0.259923$ & $-0.100294$ & $-0.946364$ & $1$ & $0.1231$ & $0.0216298$ & $-0.0276554$ & $0.0844513$ & $0.0760578$ & $0.112129$ & $0.0891347$ & $0.100375$ & $0.0985163$ & $-0.0843497$ & $0.00987243$ & $0.0980139$ & $-0.00740237$ & $0.0708577$ & $-0.00898286$ & $0.16828$ & $0.687268$ & $0.379267$ & $-0.644777$ & $0.674882$ & $0.0250396$ & $0.12461$ & $0.0466206$ & $-0.00188696$ & $0.0390672$ & $-0.0210148$ & $0.0158971$ & $-0.0266613$ & $0.0619614$ & $0.0165855$ & $0.00422134$ & $-0.00141364$ & $-0.0654811$ & $0.109237$ & $0.00786106$ & $-0.0112347$ \\
CHL1_11 & $0.0276743$ & $-0.027955$ & $0.0443853$ & $-0.00719345$ & $-0.0461782$ & $-0.0708879$ & $-0.0750335$ & $0.273219$ & $0.258827$ & $-0.148919$ & $-0.66161$ & $-0.212751$ & $0.1231$ & $1$ & $0.384623$ & $0.358705$ & $0.646708$ & $0.605018$ & $0.602123$ & $0.670552$ & $0.633799$ & $0.629751$ & $-0.103519$ & $0.410362$ & $0.593065$ & $-0.419287$ & $-0.0165215$ & $0.309884$ & $-0.0341039$ & $0.0960641$ & $0.057494$ & $-0.0941423$ & $0.0808402$ & $-0.124681$ & $-0.00178702$ & $-0.0043939$ & $-0.00999871$ & $-0.0556436$ & $-0.00112053$ & $-0.0206017$ & $-0.0279275$ & $0.0143963$ & $-0.0174463$ & $-0.046599$ & $0.0091341$ & $-0.0472926$ & $-0.0209109$ & $-0.00372743$ & $-0.028935$ \\
CHL1_22 & $0.00845219$ & $-0.0406336$ & $0.0194874$ & $-0.0248864$ & $0.0353086$ & $-0.0740526$ & $-0.0333212$ & $0.401952$ & $0.39234$ & $-0.223779$ & $-0.519731$ & $-0.063113$ & $0.0216298$ & $0.384623$ & $1$ & $0.546468$ & $0.173364$ & $-0.305539$ & $-0.0136862$ & $0.568705$ & $0.45773$ & $0.452967$ & $-0.240968$ & $0.0719147$ & $-0.0897297$ & $-0.269348$ & $-0.359167$ & $0.240141$ & $-0.0235782$ & $0.00190765$ & $-0.00756336$ & $-0.0444917$ & $0.0342795$ & $-0.481347$ & $-0.00454475$ & $0.0358392$ & $0.00235863$ & $-0.0386666$ & $-0.020864$ & $0.000959004$ & $0.0418408$ & $0.0140536$ & $0.0386972$ & $-0.0453931$ & $-0.00077696$ & $-0.0104598$ & $0.00287345$ & $0.0237837$ & $0.0337138$ \\
CHL1_33 & $-0.052958$ & $-0.00579084$ & $-0.020535$ & $-0.00424992$ & $0.0244866$ & $-0.0977503$ & $-0.00471243$ & $0.43215$ & $0.420904$ & $-0.23265$ & $-0.537331$ & $-0.0130914$ & $-0.0276554$ & $0.358705$ & $0.546468$ & $1$ & $0.16842$ & $-0.0207925$ & $-0.326155$ & $0.586033$ & $0.4798$ & $0.491059$ & $-0.177078$ & $0.0374433$ & $-0.0868251$ & $-0.307773$ & $-0.300798$ & $0.258663$ & $-0.0295929$ & $-0.0109171$ & $-0.00447274$ & $-0.0233195$ & $-0.000168989$ & $-0.025596$ & $-0.0149579$ & $0.00355466$ & $-0.0723768$ & $-0.024128$ & $0.0101218$ & $-0.00674748$ & $-0.0205163$ & $-0.014283$ & $0.00246391$ & $-0.00753747$ & $-0.0418434$ & $0.00528768$ & $-0.00651488$ & $0.00957507$ & $0.00276693$ \\
CHL3_11 & $-0.00920597$ & $0.0397201$ & $0.033126$ & $0.000424856$ & $-0.0471963$ & $-0.41434$ & $-0.0580318$ & $-0.212132$ & $-0.223678$ & $0.12849$ & $-0.255219$ & $-0.138458$ & $0.0844513$ & $0.646708$ & $0.173364$ & $0.16842$ & $1$ & $0.826603$ & $0.812305$ & $0.270092$ & $0.232338$ & $0.231208$ & $-0.0745434$ & $0.746521$ & $0.849808$ & $-0.160337$ & $-0.123739$ & $0.131125$ & $-0.0450517$ & $0.0527992$ & $0.0380252$ & $-0.082277$ & $0.0310769$ & $-0.227035$ & $-0.0520587$ & $0.0467748$ & $0.0260762$ & $-0.0357476$ & $-0.0076429$ & $-0.00924393$ & $0.0101932$ & $0.00909871$ & $-0.0508079$ & $0.0274054$ & $0.0683153$ & $-0.0531795$ & $-0.0250765$ & $0.0577257$ & $-0.0509297$ \\
CHL3_22 & $0.00842335$ & $0.0463201$ & $0.0168401$ & $0.00491704$ & $-0.0688808$ & $-0.220381$ & $-0.0406391$ & $-0.372089$ & $-0.378517$ & $0.213676$ & $-0.0453059$ & $-0.112236$ & $0.0760578$ & $0.605018$ & $-0.305539$ & $-0.0207925$ & $0.826603$ & $1$ & $0.793011$ & $0.0430453$ & $0.0439501$ & $0.0467785$ & $0.0164272$ & $0.709424$ & $0.873791$ & $-0.0486558$ & $0.00376964$ & $0.0309913$ & $-0.0291401$ & $0.0601255$ & $0.0493817$ & $-0.0572345$ & $0.0215465$ & $-0.0383352$ & $-0.0235301$ & $0.0136836$ & $0.00726242$ & $-0.0332107$ & $0.0055944$ & $-0.0123583$ & $-0.0191008$ & $0.00225785$ & $-0.0655685$ & $0.032477$ & $0.0532086$ & $-0.0307107$ & $-0.0222122$ & $0.0266117$ & $-0.0662139$ \\
CHL3_33 & $0.0472927$ & $0.0217356$ & $0.0447477$ & $-0.00793699$ & $-0.0669514$ & $-0.207321$ & $-0.064914$ & $-0.394009$ & $-0.399203$ & $0.217947$ & $-0.0215083$ & $-0.147539$ & $0.112129$ & $0.602123$ & $-0.0136862$ & $-0.326155$ & $0.812305$ & $0.793011$ & $1$ & $0.0182966$ & $0.018996$ & $0.0219857$ & $-0.0222571$ & $0.71817$ & $0.85946$ & $-0.0149946$ & $-0.0251238$ & $0.0153891$ & $-0.0243703$ & $0.074582$ & $0.057206$ & $-0.0751977$ & $0.0535768$ & $-0.337325$ & $-0.0182042$ & $0.0306265$ & $0.0582608$ & $-0.0424551$ & $-0.0140046$ & $-0.00873593$ & $0.0150501$ & $0.0195597$ & $-0.0408028$ & $0.00619652$ & $0.0730753$ & $-0.045342$ & $-0.00718872$ & $0.0397108$ & $-0.0345183$ \\
CHe_11 & $-0.02309$ & $-0.0664585$ & $0.0481473$ & $0.0351793$ & $-0.024934$ & $-0.163758$ & $-0.0613681$ & $0.859433$ & $0.84296$ & $-0.465013$ & $-0.994467$ & $-0.189084$ & $0.0891347$ & $0.670552$ & $0.568705$ & $0.586033$ & $0.270092$ & $0.0430453$ & $0.0182966$ & $1$ & $0.983808$ & $0.974206$ & $-0.0403093$ & $-0.205047$ & $0.0637593$ & $-0.662445$ & $0.247448$ & $0.462514$ & $-0.0367803$ & $0.0797239$ & $0.0499556$ & $-0.0775299$ & $0.0763675$ & $0.322844$ & $-0.0310641$ & $-0.00950834$ & $-0.0232769$ & $-0.0188084$ & $-0.0160089$ & $-0.0253123$ & $-0.0384303$ & $0.0227815$ & $0.00587844$ & $-0.0382601$ & $-0.0419351$ & $-0.0684532$ & $-0.0146059$ & $-0.023202$ & $-0.0135196$ \\
CHe_22 & $-0.0275929$ & $-0.0677261$ & $0.0541698$ & $0.0399477$ & $-0.0268551$ & $-0.169076$ & $-0.0639248$ & $0.890779$ & $0.874498$ & $-0.482677$ & $-0.994742$ & $-0.20362$ & $0.100375$ & $0.633799$ & $0.45773$ & $0.4798$ & $0.232338$ & $0.0439501$ & $0.018996$ & $0.983808$ & $1$ & $0.987744$ & $0.0114243$ & $-0.283903$ & $0.0532071$ & $-0.678874$ & $0.371123$ & $0.461608$ & $-0.033295$ & $0.0892884$ & $0.052611$ & $-0.077994$ & $0.0828097$ & $0.448945$ & $-0.0338151$ & $-0.0174486$ & $-0.0202323$ & $-0.00741713$ & $-0.00960183$ & $-0.0240964$ & $-0.0518062$ & $0.0210493$ & $0.00664683$ & $-0.0425475$ & $-0.0440532$ & $-0.0804242$ & $-0.0169729$ & $-0.0314534$ & $-0.0140134$ \\
CHe_33 & $-0.0324863$ & $-0.0676203$ & $0.0554907$ & $0.0282033$ & $-0.036635$ & $-0.163386$ & $-0.0646173$ & $0.880895$ & $0.865238$ & $-0.477308$ & $-0.984694$ & $-0.200611$ & $0.0985163$ & $0.629751$ & $0.452967$ & $0.491059$ & $0.231208$ & $0.0467785$ & $0.0219857$ & $0.974206$ & $0.987744$ & $1$ & $0.00829097$ & $-0.278088$ & $0.0525835$ & $-0.670513$ & $0.361359$ & $0.462697$ & $-0.0394419$ & $0.0879329$ & $0.0577228$ & $-0.0788066$ & $0.0807041$ & $0.444987$ & $-0.0374232$ & $-0.0105048$ & $-0.0147414$ & $-0.00796263$ & $-0.0128531$ & $-0.020515$ & $-0.052568$ & $0.0231749$ & $0.0049912$ & $-0.0416335$ & $-0.0429291$ & $-0.0756315$ & $-0.0235482$ & $-0.0253139$ & $-0.0183997$ \\
CHQ1_11 & $-0.0563435$ & $0.0663928$ & $-0.0255781$ & $0.0230674$ & $-0.0332654$ & $-0.0145738$ & $0.0781598$ & $0.043052$ & $0.0472144$ & $-0.0210159$ & $0.0196834$ & $0.072428$ & $-0.0843497$ & $-0.103519$ & $-0.240968$ & $-0.177078$ & $-0.0745434$ & $0.0164272$ & $-0.0222571$ & $-0.0403093$ & $0.0114243$ & $0.00829097$ & $1$ & $-0.14969$ & $0.0524477$ & $-0.598431$ & $0.369554$ & $0.0338638$ & $0.0262716$ & $-0.0597091$ & $-0.0450986$ & $0.0597636$ & $-0.0672243$ & $0.263852$ & $-0.00643288$ & $-0.0141329$ & $-0.017877$ & $0.0231533$ & $0.037494$ & $0.021994$ & $0.020303$ & $-0.00364056$ & $0.0136729$ & $0.00332912$ & $-0.0158509$ & $-0.0191761$ & $0.000450038$ & $-0.0122371$ & $-0.0103896$ \\
CHQ1_33 & $-0.0301559$ & $0.0651922$ & $-0.0136694$ & $-0.0344831$ & $-0.0186487$ & $-0.153495$ & $-0.0213913$ & $-0.642121$ & $-0.648341$ & $0.36684$ & $0.241767$ & $-0.00405701$ & $0.00987243$ & $0.410362$ & $0.0719147$ & $0.0374433$ & $0.746521$ & $0.709424$ & $0.71817$ & $-0.205047$ & $-0.283903$ & $-0.278088$ & $-0.14969$ & $1$ & $0.728031$ & $0.206836$ & $-0.412694$ & $-0.0299609$ & $-0.0287768$ & $-0.00336755$ & $3.08348e-05$ & $-0.0334631$ & $-0.0193255$ & $-0.618064$ & $-0.00882142$ & $0.0448093$ & $0.0213427$ & $-0.0492244$ & $0.00195304$ & $0.00225835$ & $0.0341174$ & $0.00412119$ & $-0.0511181$ & $-0.00278624$ & $0.063555$ & $0.0133702$ & $-0.0200229$ & $0.0605564$ & $-0.0347781$ \\
CHQ3_11 & $-0.0998839$ & $0.074954$ & $0.0196277$ & $0.0206461$ & $-0.0531865$ & $-0.245257$ & $-0.0567015$ & $-0.36396$ & $-0.368113$ & $0.201149$ & $-0.0590862$ & $-0.132489$ & $0.0980139$ & $0.593065$ & $-0.0897297$ & $-0.0868251$ & $0.849808$ & $0.873791$ & $0.85946$ & $0.0637593$ & $0.0532071$ & $0.0525835$ & $0.0524477$ & $0.728031$ & $1$ & $-0.0372223$ & $0.151449$ & $0.0245555$ & $-0.0327343$ & $0.0927298$ & $0.0557927$ & $-0.0631754$ & $0.0606381$ & $-0.20687$ & $0.000144907$ & $0.0376378$ & $0.00952624$ & $-0.0554786$ & $-0.00101077$ & $0.0138606$ & $0.0433339$ & $0.00525559$ & $-0.0485171$ & $0.0200789$ & $0.0710761$ & $-0.0384175$ & $-0.0145378$ & $0.0464477$ & $-0.0369601$ \\
CHu_11 & $-0.00778603$ & $0.0223956$ & $0.00402976$ & $-0.0170108$ & $0.0385986$ & $0.131447$ & $-0.00587539$ & $-0.604147$ & $-0.597712$ & $0.311485$ & $0.671396$ & $0.0820237$ & $-0.00740237$ & $-0.419287$ & $-0.269348$ & $-0.307773$ & $-0.160337$ & $-0.0486558$ & $-0.0149946$ & $-0.662445$ & $-0.678874$ & $-0.670513$ & $-0.598431$ & $0.206836$ & $-0.0372223$ & $1$ & $-0.254396$ & $-0.33966$ & $-0.0160545$ & $-0.00459183$ & $-0.0032912$ & $0.0248018$ & $0.000754274$ & $-0.347242$ & $0.0249187$ & $-0.0146063$ & $0.024129$ & $0.00138313$ & $-0.0108511$ & $0.0180812$ & $0.0439536$ & $-0.00396918$ & $-0.0186007$ & $0.0201377$ & $0.0647922$ & $0.0750854$ & $0.00872778$ & $0.0118962$ & $0.0201773$ \\
CHd_11 & $-0.0919889$ & $0.0241676$ & $0.0249205$ & $0.0837206$ & $-0.0329236$ & $-0.0587138$ & $-0.0289317$ & $0.422042$ & $0.419558$ & $-0.233613$ & $-0.303973$ & $-0.106423$ & $0.0708577$ & $-0.0165215$ & $-0.359167$ & $-0.300798$ & $-0.123739$ & $0.00376964$ & $-0.0251238$ & $0.247448$ & $0.371123$ & $0.361359$ & $0.369554$ & $-0.412694$ & $0.151449$ & $-0.254396$ & $1$ & $0.122065$ & $-0.0109752$ & $0.102963$ & $0.0507035$ & $-0.0106719$ & $0.0692934$ & $0.718708$ & $0.0181683$ & $-0.0342378$ & $-0.0111162$ & $0.0175715$ & $0.00656477$ & $0.0149225$ & $-0.00630544$ & $0.0117732$ & $-0.0101294$ & $-0.0195014$ & $-0.0163684$ & $-0.0561039$ & $-0.00779982$ & $-0.0373959$ & $-0.0153488$ \\
CHd_33 & $0.0103567$ & $-0.0127778$ & $0.0292705$ & $-0.0370762$ & $-0.0345429$ & $-0.0465574$ & $0.0102044$ & $0.403707$ & $0.396589$ & $-0.225095$ & $-0.463997$ & $-0.0366815$ & $-0.00898286$ & $0.309884$ & $0.240141$ & $0.258663$ & $0.131125$ & $0.0309913$ & $0.0153891$ & $0.462514$ & $0.461608$ & $0.462697$ & $0.0338638$ & $-0.0299609$ & $0.0245555$ & $-0.33966$ & $0.122065$ & $1$ & $-0.0882099$ & $-0.00163743$ & $0.00285223$ & $0.00400375$ & $0.0156626$ & $0.184136$ & $-0.0735826$ & $-0.0198404$ & $-0.0159365$ & $-0.0259294$ & $0.0302591$ & $-0.0189616$ & $-0.0445772$ & $0.00877638$ & $-0.00263553$ & $-0.0397283$ & $-0.0041502$ & $0.014647$ & $-0.0487859$ & $-0.015101$ & $0.00221529$ \\
CeH_22r & $0.00956666$ & $-0.0510283$ & $-0.031402$ & $-0.0514624$ & $0.00980892$ & $-0.0100223$ & $-0.0885807$ & $-0.014091$ & $-0.00301982$ & $-0.0326493$ & $0.0335202$ & $-0.148571$ & $0.16828$ & $-0.0341039$ & $-0.0235782$ & $-0.0295929$ & $-0.0450517$ & $-0.0291401$ & $-0.0243703$ & $-0.0367803$ & $-0.033295$ & $-0.0394419$ & $0.0262716$ & $-0.0287768$ & $-0.0327343$ & $-0.0160545$ & $-0.0109752$ & $-0.0882099$ & $1$ & $0.121369$ & $0.0954667$ & $-0.0799314$ & $0.137191$ & $-0.00647179$ & $0.0417805$ & $0.0592912$ & $-0.0278675$ & $-0.0233309$ & $-0.0405148$ & $0.0609991$ & $-0.00826667$ & $0.0298028$ & $0.00815659$ & $0.082831$ & $0.0443385$ & $0.0178805$ & $0.0418254$ & $0.0139868$ & $-0.0382825$ \\
CeH_33r & $-0.0500797$ & $-0.0556798$ & $0.0253923$ & $-0.050901$ & $-0.00805403$ & $-0.0344373$ & $-0.526679$ & $0.0590722$ & $0.073821$ & $-0.230841$ & $-0.0871239$ & $-0.624634$ & $0.687268$ & $0.0960641$ & $0.00190765$ & $-0.0109171$ & $0.0527992$ & $0.0601255$ & $0.074582$ & $0.0797239$ & $0.0892884$ & $0.0879329$ & $-0.0597091$ & $-0.00336755$ & $0.0927298$ & $-0.00459183$ & $0.102963$ & $-0.00163743$ & $0.121369$ & $1$ & $0.456622$ & $-0.3657$ & $0.773661$ & $0.0434544$ & $0.0627769$ & $0.0164337$ & $-0.126509$ & $-0.000954152$ & $-0.0190346$ & $-4.47902e-05$ & $-0.045967$ & $0.0313778$ & $-0.00605749$ & $-0.03416$ & $0.0665734$ & $-0.042943$ & $0.109379$ & $-0.0189478$ & $-0.0494625$ \\
CuH_22r & $-0.0169496$ & $-0.0289363$ & $-0.0465653$ & $-0.0774187$ & $-0.0207728$ & $-0.0816785$ & $-0.312444$ & $0.0322233$ & $0.0413061$ & $-0.143379$ & $-0.0544913$ & $-0.360029$ & $0.379267$ & $0.057494$ & $-0.00756336$ & $-0.00447274$ & $0.0380252$ & $0.0493817$ & $0.057206$ & $0.0499556$ & $0.052611$ & $0.0577228$ & $-0.0450986$ & $3.08348e-05$ & $0.0557927$ & $-0.0032912$ & $0.0507035$ & $0.00285223$ & $0.0954667$ & $0.456622$ & $1$ & $-0.208317$ & $0.463023$ & $0.0305178$ & $0.0236112$ & $-0.00555214$ & $-0.140209$ & $0.0392922$ & $-0.0153795$ & $0.0358841$ & $-0.00651517$ & $0.0116875$ & $0.00633395$ & $0.0276129$ & $-0.019516$ & $0.084166$ & $0.38004$ & $-0.0231208$ & $-0.0335999$ \\
CuH_33r & $0.017249$ & $0.0337851$ & $0.0139622$ & $0.0175617$ & $-0.0152481$ & $0.0480199$ & $0.9472$ & $-0.0407649$ & $-0.0208042$ & $0.167699$ & $0.0807177$ & $0.619608$ & $-0.644777$ & $-0.0941423$ & $-0.0444917$ & $-0.0233195$ & $-0.082277$ & $-0.0572345$ & $-0.0751977$ & $-0.0775299$ & $-0.077994$ & $-0.0788066$ & $0.0597636$ & $-0.0334631$ & $-0.0631754$ & $0.0248018$ & $-0.0106719$ & $0.00400375$ & $-0.0799314$ & $-0.3657$ & $-0.208317$ & $1$ & $-0.376273$ & $-0.00184292$ & $0.000237344$ & $-0.0013555$ & $-0.000671913$ & $-0.0469843$ & $0.0322136$ & $0.0333258$ & $0.0330404$ & $-0.0532755$ & $-0.0546829$ & $-0.0100922$ & $0.0125656$ & $0.0429886$ & $-0.0735065$ & $-0.0146776$ & $-0.0255814$ \\
CdH_33r & $-0.0706718$ & $-0.090152$ & $0.0378513$ & $-0.0467245$ & $-0.0144031$ & $-0.0287796$ & $-0.550803$ & $0.0637199$ & $0.0785968$ & $-0.265278$ & $-0.0820006$ & $-0.614415$ & $0.674882$ & $0.0808402$ & $0.0342795$ & $-0.000168989$ & $0.0310769$ & $0.0215465$ & $0.0535768$ & $0.0763675$ & $0.0828097$ & $0.0807041$ & $-0.0672243$ & $-0.0193255$ & $0.0606381$ & $0.000754274$ & $0.0692934$ & $0.0156626$ & $0.137191$ & $0.773661$ & $0.463023$ & $-0.376273$ & $1$ & $0.0148572$ & $0.0307432$ & $-0.00998795$ & $-0.13841$ & $0.017115$ & $0.00609578$ & $0.0157313$ & $-0.0343969$ & $0.0453577$ & $-0.00294271$ & $-0.0295865$ & $0.00728043$ & $-0.0507998$ & $0.0854636$ & $0.13366$ & $0.360401$ \\
CLL_1221 & $-0.0650546$ & $-0.00225352$ & $0.0233498$ & $0.0664005$ & $-0.0284374$ & $-0.0993171$ & $-0.00335006$ & $0.572664$ & $0.568847$ & $-0.303297$ & $-0.380607$ & $-0.06427$ & $0.0250396$ & $-0.124681$ & $-0.481347$ & $-0.025596$ & $-0.227035$ & $-0.0383352$ & $-0.337325$ & $0.322844$ & $0.448945$ & $0.444987$ & $0.263852$ & $-0.618064$ & $-0.20687$ & $-0.347242$ & $0.718708$ & $0.184136$ & $-0.00647179$ & $0.0434544$ & $0.0305178$ & $-0.00184292$ & $0.0148572$ & $1$ & $-0.0346995$ & $-0.0468363$ & $-0.0207843$ & $0.0529327$ & $0.0121663$ & $-0.0192938$ & $-0.0878739$ & $0.00128401$ & $-0.0157281$ & $0.00990916$ & $-0.0526921$ & $-0.0591878$ & $-0.0149522$ & $-0.0526341$ & $-0.0337653$ \\
eHggint & $0.0336582$ & $-0.0595138$ & $-0.0205639$ & $0.0341372$ & $-0.0131031$ & $0.0313908$ & $-0.0615371$ & $-0.0173716$ & $-0.0242203$ & $0.00739327$ & $0.0308789$ & $-0.0856498$ & $0.12461$ & $-0.00178702$ & $-0.00454475$ & $-0.0149579$ & $-0.0520587$ & $-0.0235301$ & $-0.0182042$ & $-0.0310641$ & $-0.0338151$ & $-0.0374232$ & $-0.00643288$ & $-0.00882142$ & $0.000144907$ & $0.0249187$ & $0.0181683$ & $-0.0735826$ & $0.0417805$ & $0.0627769$ & $0.0236112$ & $0.000237344$ & $0.0307432$ & $-0.0346995$ & $1$ & $-0.115965$ & $0.00528406$ & $0.0190875$ & $-0.0239$ & $0.0238618$ & $0.071782$ & $0.0305341$ & $0.0681549$ & $0.0433681$ & $0.0150829$ & $-0.0266373$ & $-0.0621516$ & $0.0393427$ & $-0.0288629$ \\
eHggpar & $-0.0236173$ & $0.0325705$ & $-0.0575899$ & $-0.0919754$ & $0.0390403$ & $-0.0715016$ & $-0.0294688$ & $-0.0333902$ & $-0.0395264$ & $0.049125$ & $0.0142038$ & $-0.0364906$ & $0.0466206$ & $-0.0043939$ & $0.0358392$ & $0.00355466$ & $0.0467748$ & $0.0136836$ & $0.0306265$ & $-0.00950834$ & $-0.0174486$ & $-0.0105048$ & $-0.0141329$ & $0.0448093$ & $0.0376378$ & $-0.0146063$ & $-0.0342378$ & $-0.0198404$ & $0.0592912$ & $0.0164337$ & $-0.00555214$ & $-0.0013555$ & $-0.00998795$ & $-0.0468363$ & $-0.115965$ & $1$ & $-0.0416319$ & $-0.0508962$ & $0.0431043$ & $0.00883621$ & $-0.0364555$ & $0.0132955$ & $0.0076882$ & $-0.00814561$ & $0.0877969$ & $0.0198402$ & $0.0968637$ & $0.0286318$ & $-0.0197305$ \\
eHWWint & $0.0211711$ & $0.0356297$ & $0.0126919$ & $0.0128455$ & $-0.000693366$ & $-0.040582$ & $0.0307915$ & $-0.0307551$ & $-0.033013$ & $-0.0118753$ & $0.0234834$ & $-0.00387917$ & $-0.00188696$ & $-0.00999871$ & $0.00235863$ & $-0.0723768$ & $0.0260762$ & $0.00726242$ & $0.0582608$ & $-0.0232769$ & $-0.0202323$ & $-0.0147414$ & $-0.017877$ & $0.0213427$ & $0.00952624$ & $0.024129$ & $-0.0111162$ & $-0.0159365$ & $-0.0278675$ & $-0.126509$ & $-0.140209$ & $-0.000671913$ & $-0.13841$ & $-0.0207843$ & $0.00528406$ & $-0.0416319$ & $1$ & $-0.00232698$ & $-0.0253291$ & $0.070061$ & $0.0362968$ & $-0.0241718$ & $0.0336142$ & $0.116469$ & $0.0107917$ & $-0.0671448$ & $-0.0375456$ & $-0.0308929$ & $0.0317921$ \\
eHWWpar & $0.0219341$ & $-0.0110739$ & $-0.00825046$ & $0.0175518$ & $0.00336638$ & $-0.030218$ & $-0.0413744$ & $0.0157673$ & $0.0167494$ & $-0.0684074$ & $0.0109382$ & $-0.0483854$ & $0.0390672$ & $-0.0556436$ & $-0.0386666$ & $-0.024128$ & $-0.0357476$ & $-0.0332107$ & $-0.0424551$ & $-0.0188084$ & $-0.00741713$ & $-0.00796263$ & $0.0231533$ & $-0.0492244$ & $-0.0554786$ & $0.00138313$ & $0.0175715$ & $-0.0259294$ & $-0.0233309$ & $-0.000954152$ & $0.0392922$ & $-0.0469843$ & $0.017115$ & $0.0529327$ & $0.0190875$ & $-0.0508962$ & $-0.00232698$ & $1$ & $-0.00568513$ & $0.020253$ & $0.0484158$ & $0.0318909$ & $0.0370972$ & $0.0614023$ & $-0.00926053$ & $0.0148735$ & $-0.0193241$ & $-0.0836781$ & $0.0395754$ \\
eHZZint & $0.0062461$ & $-0.0197117$ & $0.0330112$ & $-0.0698666$ & $0.014922$ & $0.0188139$ & $0.00312372$ & $-0.00735732$ & $-0.0168507$ & $0.000262507$ & $0.0125366$ & $0.0212679$ & $-0.0210148$ & $-0.00112053$ & $-0.020864$ & $0.0101218$ & $-0.0076429$ & $0.0055944$ & $-0.0140046$ & $-0.0160089$ & $-0.00960183$ & $-0.0128531$ & $0.037494$ & $0.00195304$ & $-0.00101077$ & $-0.0108511$ & $0.00656477$ & $0.0302591$ & $-0.0405148$ & $-0.0190346$ & $-0.0153795$ & $0.0322136$ & $0.00609578$ & $0.0121663$ & $-0.0239$ & $0.0431043$ & $-0.0253291$ & $-0.00568513$ & $1$ & $-0.0379106$ & $-0.0578761$ & $-0.0359011$ & $0.000614171$ & $-0.0345572$ & $0.0435323$ & $0.0208711$ & $0.0193513$ & $0.09941$ & $-0.0119701$ \\
eHZZpar & $-0.00494633$ & $0.0284911$ & $9.06734e-05$ & $0.0483687$ & $-0.0243957$ & $0.00166693$ & $0.0201285$ & $-0.022288$ & $-0.0246827$ & $-0.0113933$ & $0.0265717$ & $-0.015343$ & $0.0158971$ & $-0.0206017$ & $0.000959004$ & $-0.00674748$ & $-0.00924393$ & $-0.0123583$ & $-0.00873593$ & $-0.0253123$ & $-0.0240964$ & $-0.020515$ & $0.021994$ & $0.00225835$ & $0.0138606$ & $0.0180812$ & $0.0149225$ & $-0.0189616$ & $0.0609991$ & $-4.47902e-05$ & $0.0358841$ & $0.0333258$ & $0.0157313$ & $-0.0192938$ & $0.0238618$ & $0.00883621$ & $0.070061$ & $0.020253$ & $-0.0379106$ & $1$ & $0.0810045$ & $-0.003622$ & $0.0112928$ & $0.0770739$ & $0.0496957$ & $0.0477039$ & $-0.00972898$ & $0.00561168$ & $0.0142043$ \\
eHZgaint & $-0.0332585$ & $0.0315727$ & $0.00478316$ & $0.028505$ & $0.0176513$ & $0.0370404$ & $0.0624344$ & $-0.0568606$ & $-0.0471303$ & $-0.0238961$ & $0.0501427$ & $0.0256093$ & $-0.0266613$ & $-0.0279275$ & $0.0418408$ & $-0.0205163$ & $0.0101932$ & $-0.0191008$ & $0.0150501$ & $-0.0384303$ & $-0.0518062$ & $-0.052568$ & $0.020303$ & $0.0341174$ & $0.0433339$ & $0.0439536$ & $-0.00630544$ & $-0.0445772$ & $-0.00826667$ & $-0.045967$ & $-0.00651517$ & $0.0330404$ & $-0.0343969$ & $-0.0878739$ & $0.071782$ & $-0.0364555$ & $0.0362968$ & $0.0484158$ & $-0.0578761$ & $0.0810045$ & $1$ & $0.0250294$ & $0.0788799$ & $0.0458745$ & $0.0557238$ & $0.0528352$ & $0.0314785$ & $-0.021669$ & $0.0293166$ \\
eHZgapar & $-0.0225142$ & $-0.010581$ & $0.046341$ & $-0.00117216$ & $-0.00260467$ & $0.007578$ & $-0.0639604$ & $0.0168063$ & $0.0121784$ & $-0.0297111$ & $-0.0215334$ & $-0.0712916$ & $0.0619614$ & $0.0143963$ & $0.0140536$ & $-0.014283$ & $0.00909871$ & $0.00225785$ & $0.0195597$ & $0.0227815$ & $0.0210493$ & $0.0231749$ & $-0.00364056$ & $0.00412119$ & $0.00525559$ & $-0.00396918$ & $0.0117732$ & $0.00877638$ & $0.0298028$ & $0.0313778$ & $0.0116875$ & $-0.0532755$ & $0.0453577$ & $0.00128401$ & $0.0305341$ & $0.0132955$ & $-0.0241718$ & $0.0318909$ & $-0.0359011$ & $-0.003622$ & $0.0250294$ & $1$ & $-0.00386781$ & $-0.037959$ & $0.0501652$ & $0.0286731$ & $-0.00958113$ & $-0.0125681$ & $0.0103413$ \\
eHgagaint & $0.0045677$ & $0.0630623$ & $0.017253$ & $0.0519019$ & $0.00942602$ & $0.0616263$ & $-0.0424154$ & $0.0258479$ & $0.0771329$ & $-0.0626377$ & $-0.00565444$ & $-0.0326205$ & $0.0165855$ & $-0.0174463$ & $0.0386972$ & $0.00246391$ & $-0.0508079$ & $-0.0655685$ & $-0.0408028$ & $0.00587844$ & $0.00664683$ & $0.0049912$ & $0.0136729$ & $-0.0511181$ & $-0.0485171$ & $-0.0186007$ & $-0.0101294$ & $-0.00263553$ & $0.00815659$ & $-0.00605749$ & $0.00633395$ & $-0.0546829$ & $-0.00294271$ & $-0.0157281$ & $0.0681549$ & $0.0076882$ & $0.0336142$ & $0.0370972$ & $0.000614171$ & $0.0112928$ & $0.0788799$ & $-0.00386781$ & $1$ & $0.0236784$ & $-0.0326342$ & $-0.0174921$ & $0.0228585$ & $-0.0328528$ & $0.00253252$ \\
eHmumuint & $0.0269212$ & $0.0176618$ & $-0.00110825$ & $0.0555236$ & $-0.0490486$ & $-0.0437941$ & $0.0101449$ & $-0.0480077$ & $-0.0485567$ & $0.0266292$ & $0.0416893$ & $-0.00284447$ & $0.00422134$ & $-0.046599$ & $-0.0453931$ & $-0.00753747$ & $0.0274054$ & $0.032477$ & $0.00619652$ & $-0.0382601$ & $-0.0425475$ & $-0.0416335$ & $0.00332912$ & $-0.00278624$ & $0.0200789$ & $0.0201377$ & $-0.0195014$ & $-0.0397283$ & $0.082831$ & $-0.03416$ & $0.0276129$ & $-0.0100922$ & $-0.0295865$ & $0.00990916$ & $0.0433681$ & $-0.00814561$ & $0.116469$ & $0.0614023$ & $-0.0345572$ & $0.0770739$ & $0.0458745$ & $-0.037959$ & $0.0236784$ & $1$ & $0.0156077$ & $0.0535212$ & $-0.00451812$ & $-0.0294761$ & $-0.0195641$ \\
eHtautauint & $0.026381$ & $0.0314031$ & $0.00657145$ & $-0.00856299$ & $-0.032467$ & $-0.00333308$ & $0.00581469$ & $-0.0723643$ & $-0.0789068$ & $0.0607169$ & $0.0421759$ & $0.0170793$ & $-0.00141364$ & $0.0091341$ & $-0.00077696$ & $-0.0418434$ & $0.0683153$ & $0.0532086$ & $0.0730753$ & $-0.0419351$ & $-0.0440532$ & $-0.0429291$ & $-0.0158509$ & $0.063555$ & $0.0710761$ & $0.0647922$ & $-0.0163684$ & $-0.0041502$ & $0.0443385$ & $0.0665734$ & $-0.019516$ & $0.0125656$ & $0.00728043$ & $-0.0526921$ & $0.0150829$ & $0.0877969$ & $0.0107917$ & $-0.00926053$ & $0.0435323$ & $0.0496957$ & $0.0557238$ & $0.0501652$ & $-0.0326342$ & $0.0156077$ & $1$ & $0.0579114$ & $-0.0636138$ & $-0.0338671$ & $0.0202476$ \\
eHccint & $0.0621692$ & $0.0498306$ & $-0.0492565$ & $-0.0134229$ & $-0.00316016$ & $0.0575022$ & $0.0536863$ & $-0.0615794$ & $-0.0571631$ & $0.0485704$ & $0.0757235$ & $0.0758913$ & $-0.0654811$ & $-0.0472926$ & $-0.0104598$ & $0.00528768$ & $-0.0531795$ & $-0.0307107$ & $-0.045342$ & $-0.0684532$ & $-0.0804242$ & $-0.0756315$ & $-0.0191761$ & $0.0133702$ & $-0.0384175$ & $0.0750854$ & $-0.0561039$ & $0.014647$ & $0.0178805$ & $-0.042943$ & $0.084166$ & $0.0429886$ & $-0.0507998$ & $-0.0591878$ & $-0.0266373$ & $0.0198402$ & $-0.0671448$ & $0.0148735$ & $0.0208711$ & $0.0477039$ & $0.0528352$ & $0.0286731$ & $-0.0174921$ & $0.0535212$ & $0.0579114$ & $1$ & $0.0361001$ & $-0.0716814$ & $-0.0285248$ \\
eHccpar & $-0.00784205$ & $0.0396528$ & $-0.089687$ & $-0.102202$ & $-0.0115849$ & $-0.0214248$ & $-0.0949229$ & $-0.00995145$ & $-0.00615653$ & $-0.0320322$ & $0.018389$ & $-0.11498$ & $0.109237$ & $-0.0209109$ & $0.00287345$ & $-0.00651488$ & $-0.0250765$ & $-0.0222122$ & $-0.00718872$ & $-0.0146059$ & $-0.0169729$ & $-0.0235482$ & $0.000450038$ & $-0.0200229$ & $-0.0145378$ & $0.00872778$ & $-0.00779982$ & $-0.0487859$ & $0.0418254$ & $0.109379$ & $0.38004$ & $-0.0735065$ & $0.0854636$ & $-0.0149522$ & $-0.0621516$ & $0.0968637$ & $-0.0375456$ & $-0.0193241$ & $0.0193513$ & $-0.00972898$ & $0.0314785$ & $-0.00958113$ & $0.0228585$ & $-0.00451812$ & $-0.0636138$ & $0.0361001$ & $1$ & $0.0247275$ & $-0.028424$ \\
eHbbint & $-0.0254033$ & $-0.0756978$ & $0.00806693$ & $-0.0528247$ & $-0.0296663$ & $-0.0344467$ & $-0.0275072$ & $-0.0474667$ & $-0.0590872$ & $0.0477995$ & $0.0261858$ & $-0.00981896$ & $0.00786106$ & $-0.00372743$ & $0.0237837$ & $0.00957507$ & $0.0577257$ & $0.0266117$ & $0.0397108$ & $-0.023202$ & $-0.0314534$ & $-0.0253139$ & $-0.0122371$ & $0.0605564$ & $0.0464477$ & $0.0118962$ & $-0.0373959$ & $-0.015101$ & $0.0139868$ & $-0.0189478$ & $-0.0231208$ & $-0.0146776$ & $0.13366$ & $-0.0526341$ & $0.0393427$ & $0.0286318$ & $-0.0308929$ & $-0.0836781$ & $0.09941$ & $0.00561168$ & $-0.021669$ & $-0.0125681$ & $-0.0328528$ & $-0.0294761$ & $-0.0338671$ & $-0.0716814$ & $0.0247275$ & $1$ & $0.0719087$ \\
eHbbpar & $-0.0926862$ & $-0.0230818$ & $0.0228335$ & $0.0115015$ & $-0.0135627$ & $0.0251576$ & $-0.0370341$ & $0.00733997$ & $-0.00167536$ & $-0.0224153$ & $0.0159117$ & $0.0130764$ & $-0.0112347$ & $-0.028935$ & $0.0337138$ & $0.00276693$ & $-0.0509297$ & $-0.0662139$ & $-0.0345183$ & $-0.0135196$ & $-0.0140134$ & $-0.0183997$ & $-0.0103896$ & $-0.0347781$ & $-0.0369601$ & $0.0201773$ & $-0.0153488$ & $0.00221529$ & $-0.0382825$ & $-0.0494625$ & $-0.0335999$ & $-0.0255814$ & $0.360401$ & $-0.0337653$ & $-0.0288629$ & $-0.0197305$ & $0.0317921$ & $0.0395754$ & $-0.0119701$ & $0.0142043$ & $0.0293166$ & $0.0103413$ & $0.00253252$ & $-0.0195641$ & $0.0202476$ & $-0.0285248$ & $-0.028424$ & $0.0719087$ & $1$ \\
