 & AlsMz & dAle5Mz & mtop & mHl & Mz & CW & CHG & CHWB & CHWHB_gaga & CHWHB_gagaorth & CHD & CHbox & CH & CHL1_11 & CHL1_22 & CHL1_33 & CHL3_11 & CHL3_22 & CHL3_33 & CHe_11 & CHe_22 & CHe_33 & CHQ1_11 & CHQ1_33 & CHQ3_11 & CHu_11 & CHd_11 & CHd_33 & CeH_22r & CeH_33r & CuH_22r & CuH_33r & CdH_33r & CLL_1221 & eHggint & eHggpar & eHWWint & eHWWpar & eHZZint & eHZZpar & eHZgaint & eHZgapar & eHgagaint & eHmumuint & eHtautauint & eHccint & eHccpar & eHbbint & eHbbpar \\
AlsMz & $1$ & $-0.0898594$ & $-0.266026$ & $0.107994$ & $0.0325751$ & $0.0312075$ & $0.0554749$ & $-0.030549$ & $-0.0299637$ & $-0.00482082$ & $0.0233321$ & $-0.0198729$ & $0.0214775$ & $0.0013041$ & $-0.0472168$ & $0.00216815$ & $-0.00557934$ & $0.0351639$ & $-0.000884103$ & $-0.0338844$ & $-0.0328638$ & $-0.027259$ & $0.0346917$ & $-0.0580878$ & $-0.0920541$ & $-0.0502222$ & $-0.0709101$ & $0.00798608$ & $-0.0379467$ & $0.0703269$ & $-0.0221457$ & $0.0652345$ & $-0.125923$ & $0.00602053$ & $-0.061646$ & $0.0908302$ & $-0.0866681$ & $-0.00690582$ & $0.218751$ & $-0.0715289$ & $0.367353$ & $0.024806$ & $0.0517672$ & $-0.0473255$ & $0.244472$ & $-0.155367$ & $-0.0728688$ & $-0.110189$ & $-0.413913$ \\
dAle5Mz & $-0.0898594$ & $1$ & $0.130228$ & $-0.200364$ & $-0.0396885$ & $0.0130317$ & $0.0200818$ & $-0.0170062$ & $-0.0153112$ & $-0.0405398$ & $0.0224402$ & $-0.0485225$ & $-0.0176854$ & $-0.044747$ & $0.00505966$ & $-0.0328517$ & $-0.00782618$ & $-0.0361602$ & $-0.00668868$ & $-0.00866825$ & $0.00157274$ & $0.00471001$ & $-0.0042217$ & $-0.0116187$ & $0.00425215$ & $0.00904456$ & $0.0462178$ & $0.031676$ & $0.0634963$ & $-0.00520429$ & $0.0298714$ & $0.0105028$ & $-0.0360704$ & $0.0363514$ & $0.232499$ & $-0.352315$ & $-0.00282771$ & $0.0299088$ & $-0.161367$ & $-0.0125098$ & $0.101927$ & $0.00939635$ & $0.0212137$ & $0.223321$ & $0.132307$ & $-0.18865$ & $0.129871$ & $-0.0329346$ & $-0.00147534$ \\
mtop & $-0.266026$ & $0.130228$ & $1$ & $0.0135641$ & $-0.0253912$ & $-0.0382793$ & $0.00579215$ & $-0.0118523$ & $0.000129616$ & $0.00181305$ & $0.00894289$ & $-0.0053844$ & $-0.0407982$ & $0.00128199$ & $0.0514819$ & $0.0806015$ & $0.00928272$ & $-0.0177912$ & $-0.0370423$ & $0.0075496$ & $-0.00951615$ & $-0.00483411$ & $-0.0332515$ & $0.0506641$ & $0.0106077$ & $0.0221861$ & $-0.0484745$ & $0.0249323$ & $0.0305208$ & $0.0328106$ & $0.0631229$ & $-0.000532995$ & $0.0736761$ & $-0.0436289$ & $-0.0953309$ & $-0.0474979$ & $-0.205274$ & $-0.00356288$ & $-0.0878776$ & $-0.0230029$ & $-0.0685829$ & $0.00152953$ & $0.109975$ & $0.0417345$ & $-0.125085$ & $0.0144444$ & $0.201579$ & $0.0975688$ & $0.1272$ \\
mHl & $0.107994$ & $-0.200364$ & $0.0135641$ & $1$ & $-0.0240724$ & $-0.0226243$ & $-0.0122639$ & $-0.0121253$ & $-0.00752601$ & $0.012108$ & $-0.0103014$ & $-0.0299229$ & $-0.0366416$ & $0.0301548$ & $-0.012056$ & $0.00613632$ & $0.0555477$ & $0.0533181$ & $0.0350479$ & $0.00638721$ & $0.00497694$ & $0.00421906$ & $-0.0534488$ & $0.0307196$ & $0.0282856$ & $0.0358866$ & $-0.0201981$ & $0.0366266$ & $-0.0088913$ & $0.0649205$ & $-0.0309319$ & $-0.0395815$ & $0.091073$ & $-0.00205711$ & $-0.428963$ & $0.232677$ & $-0.236947$ & $0.00267398$ & $0.0413189$ & $-0.0712534$ & $-0.211769$ & $-0.00120048$ & $0.0349029$ & $-0.054422$ & $-0.0712535$ & $-0.0371557$ & $0.0729894$ & $-0.00321782$ & $0.157431$ \\
Mz & $0.0325751$ & $-0.0396885$ & $-0.0253912$ & $-0.0240724$ & $1$ & $0.00769971$ & $0.0136658$ & $0.00136216$ & $0.00218432$ & $-0.0414099$ & $0.0253092$ & $-0.00275339$ & $-0.000460156$ & $-0.0231568$ & $0.00396988$ & $-0.001146$ & $-0.0450048$ & $-0.036837$ & $-0.0274676$ & $-0.0180883$ & $-0.0171819$ & $-0.00976068$ & $-0.0118449$ & $-0.0236401$ & $-0.038912$ & $0.0119791$ & $-0.00880363$ & $-0.0300905$ & $-0.00796138$ & $-0.0105031$ & $0.0321242$ & $0.0145321$ & $-0.0159872$ & $-0.0112276$ & $0.0548006$ & $0.00506392$ & $0.0310282$ & $-0.0331078$ & $-0.0337734$ & $0.0144113$ & $0.0102687$ & $-0.0294761$ & $-0.0209379$ & $-0.0263169$ & $0.035193$ & $-0.00374862$ & $0.0414877$ & $0.0278987$ & $-0.0528544$ \\
CW & $0.0312075$ & $0.0130317$ & $-0.0382793$ & $-0.0226243$ & $0.00769971$ & $1$ & $-0.017366$ & $-0.115639$ & $-0.113297$ & $0.00830704$ & $0.182698$ & $0.0516659$ & $0.0077543$ & $0.0110478$ & $-0.0842434$ & $-0.0944107$ & $-0.278787$ & $-0.0610483$ & $-0.0574268$ & $-0.180877$ & $-0.184357$ & $-0.181094$ & $-0.0232905$ & $-0.00792724$ & $-0.0929261$ & $0.105107$ & $-0.058123$ & $-0.0447296$ & $0.0111728$ & $-0.0285448$ & $0.0103322$ & $-0.0195533$ & $-0.0164367$ & $-0.109035$ & $-0.0216997$ & $0.0184846$ & $0.0108771$ & $0.0049164$ & $0.0254989$ & $0.000816342$ & $-0.00212025$ & $-0.0463696$ & $-0.0123066$ & $0.0240735$ & $-4.46247e-05$ & $-0.0221542$ & $-0.0151158$ & $0.00772306$ & $-0.00752222$ \\
CHG & $0.0554749$ & $0.0200818$ & $0.00579215$ & $-0.0122639$ & $0.0136658$ & $-0.017366$ & $1$ & $-0.0950502$ & $-0.0404792$ & $0.0505433$ & $0.0600851$ & $-0.0968919$ & $-0.29213$ & $0.029343$ & $0.00249901$ & $-0.0282721$ & $0.068807$ & $0.0601736$ & $0.0847167$ & $-0.0556696$ & $-0.0643771$ & $-0.0540608$ & $0.0141654$ & $0.0913039$ & $0.0656958$ & $0.00520659$ & $-0.0530605$ & $-0.0245029$ & $-0.0054594$ & $-0.103053$ & $-0.0571464$ & $0.933914$ & $-0.150436$ & $-0.0776277$ & $-0.0352237$ & $-0.0141149$ & $-0.0345731$ & $0.00248557$ & $-0.0595374$ & $0.0392211$ & $-0.0160744$ & $0.00683781$ & $0.0531445$ & $0.0293219$ & $0.0673205$ & $-0.0304967$ & $-0.0260184$ & $0.0190015$ & $0.0288661$ \\
CHWB & $-0.030549$ & $-0.0170062$ & $-0.0118523$ & $-0.0121253$ & $0.00136216$ & $-0.115639$ & $-0.0950502$ & $1$ & $0.984414$ & $-0.579099$ & $-0.879816$ & $-0.129842$ & $0.365463$ & $0.115738$ & $0.325457$ & $0.328419$ & $-0.237596$ & $-0.44006$ & $-0.439041$ & $0.853085$ & $0.896594$ & $0.878304$ & $0.0311663$ & $-0.670736$ & $-0.425791$ & $-0.494092$ & $0.374717$ & $0.303984$ & $0.00782431$ & $0.117033$ & $0.0430136$ & $-0.0826716$ & $0.128325$ & $0.530264$ & $-0.00629497$ & $0.00324782$ & $0.0487768$ & $0.00740801$ & $0.0115393$ & $-0.00267174$ & $0.0349659$ & $-0.0530403$ & $-0.0169037$ & $-0.0255363$ & $0.0135273$ & $-0.00258943$ & $-0.0295375$ & $-0.0450404$ & $-0.00329867$ \\
CHWHB_gaga & $-0.0299637$ & $-0.0153112$ & $0.000129616$ & $-0.00752601$ & $0.00218432$ & $-0.113297$ & $-0.0404792$ & $0.984414$ & $1$ & $-0.566976$ & $-0.864673$ & $-0.107539$ & $0.359332$ & $0.109196$ & $0.318774$ & $0.322518$ & $-0.235955$ & $-0.434753$ & $-0.434322$ & $0.838755$ & $0.881482$ & $0.864512$ & $0.0347571$ & $-0.662635$ & $-0.419749$ & $-0.487072$ & $0.3716$ & $0.301963$ & $0.00881625$ & $0.141619$ & $0.0603904$ & $-0.0357469$ & $0.162942$ & $0.523789$ & $-0.0210999$ & $-0.000190892$ & $0.0398008$ & $0.00444969$ & $0.0229094$ & $-0.00197125$ & $0.0195851$ & $-0.0510193$ & $0.0258028$ & $-0.0261564$ & $0.0109221$ & $-0.00988719$ & $-0.0308123$ & $-0.0438131$ & $0.0183837$ \\
CHWHB_gagaorth & $-0.00482082$ & $-0.0405398$ & $0.00181305$ & $0.012108$ & $-0.0414099$ & $0.00830704$ & $0.0505433$ & $-0.579099$ & $-0.566976$ & $1$ & $0.358892$ & $0.497459$ & $-0.255573$ & $0.230591$ & $-0.133133$ & $-0.158563$ & $0.439286$ & $0.49226$ & $0.510951$ & $-0.346484$ & $-0.375292$ & $-0.36853$ & $-0.00842623$ & $0.574641$ & $0.490661$ & $0.177306$ & $-0.230039$ & $-0.137614$ & $-0.0283463$ & $-0.11331$ & $-0.0393704$ & $0.0698389$ & $-0.113755$ & $-0.353176$ & $0.0199486$ & $0.0139142$ & $-0.030919$ & $0.00443357$ & $0.00515165$ & $0.0118524$ & $-0.0744609$ & $0.0439102$ & $0.0766062$ & $-0.0262331$ & $-0.0266227$ & $0.0106644$ & $0.0241271$ & $0.0121875$ & $0.0457398$ \\
CHD & $0.0233321$ & $0.0224402$ & $0.00894289$ & $-0.0103014$ & $0.0253092$ & $0.182698$ & $0.0600851$ & $-0.879816$ & $-0.864673$ & $0.358892$ & $1$ & $0.219098$ & $-0.201117$ & $-0.528868$ & $-0.444636$ & $-0.438831$ & $-0.219136$ & $0.0790016$ & $0.0687281$ & $-0.990612$ & $-0.991295$ & $-0.970269$ & $0.0115182$ & $0.304792$ & $0.0453629$ & $0.567755$ & $-0.239488$ & $-0.334856$ & $-0.00120294$ & $-0.0843336$ & $-0.0465108$ & $0.0580462$ & $-0.0897684$ & $-0.33348$ & $0.0393116$ & $0.0147951$ & $-0.0187574$ & $-0.0169046$ & $-0.0137479$ & $0.0027763$ & $0.00888583$ & $0.0411173$ & $0.00158714$ & $-0.0123633$ & $-0.0101273$ & $0.00950953$ & $0.0222188$ & $0.0414576$ & $0.000891224$ \\
CHbox & $-0.0198729$ & $-0.0485225$ & $-0.0053844$ & $-0.0299229$ & $-0.00275339$ & $0.0516659$ & $-0.0968919$ & $-0.129842$ & $-0.107539$ & $0.497459$ & $0.219098$ & $1$ & $0.355783$ & $-0.2406$ & $-0.0191607$ & $-0.0234485$ & $-0.19206$ & $-0.150785$ & $-0.144293$ & $-0.200054$ & $-0.224378$ & $-0.216991$ & $0.00582039$ & $-0.0205106$ & $-0.146596$ & $0.112953$ & $-0.0984721$ & $-0.0904645$ & $0.00485396$ & $0.258616$ & $0.0893259$ & $-0.0014828$ & $0.336156$ & $-0.100852$ & $0.0821028$ & $0.0482166$ & $0.00857502$ & $-0.00391634$ & $-0.0303022$ & $0.0299731$ & $0.0155111$ & $0.014503$ & $0.0390527$ & $-0.0670475$ & $0.0149145$ & $0.027039$ & $0.0104624$ & $0.0151237$ & $0.0394022$ \\
CH & $0.0214775$ & $-0.0176854$ & $-0.0407982$ & $-0.0366416$ & $-0.000460156$ & $0.0077543$ & $-0.29213$ & $0.365463$ & $0.359332$ & $-0.255573$ & $-0.201117$ & $0.355783$ & $1$ & $-0.1996$ & $0.0899285$ & $0.104587$ & $-0.331859$ & $-0.361314$ & $-0.371302$ & $0.196445$ & $0.209957$ & $0.205836$ & $0.001474$ & $-0.385737$ & $-0.364737$ & $-0.0971146$ & $0.127948$ & $0.0673553$ & $0.0182224$ & $0.250089$ & $0.112143$ & $-0.237265$ & $0.318831$ & $0.212806$ & $0.0329425$ & $0.0200853$ & $0.0313994$ & $-0.00905336$ & $0.00435698$ & $0.014664$ & $0.0783027$ & $-0.0528735$ & $-0.0274698$ & $-0.0310479$ & $0.0205006$ & $0.0103667$ & $-0.0138878$ & $-0.035221$ & $-0.0206786$ \\
CHL1_11 & $0.0013041$ & $-0.044747$ & $0.00128199$ & $0.0301548$ & $-0.0231568$ & $0.0110478$ & $0.029343$ & $0.115738$ & $0.109196$ & $0.230591$ & $-0.528868$ & $-0.2406$ & $-0.1996$ & $1$ & $0.279459$ & $0.266075$ & $0.669559$ & $0.580804$ & $0.594614$ & $0.543922$ & $0.490792$ & $0.475375$ & $-0.0695079$ & $0.466969$ & $0.58638$ & $-0.311957$ & $-0.112565$ & $0.161218$ & $0.00323539$ & $-0.0384891$ & $0.0197987$ & $0.011165$ & $-0.0532389$ & $-0.212117$ & $-0.0685287$ & $-0.0285587$ & $-0.0315009$ & $0.0160849$ & $0.0135181$ & $-0.00161678$ & $-0.0740367$ & $-0.00089757$ & $0.0174613$ & $0.0716586$ & $-0.00292647$ & $-0.00893106$ & $0.00938242$ & $0.00708344$ & $-0.0183732$ \\
CHL1_22 & $-0.0472168$ & $0.00505966$ & $0.0514819$ & $-0.012056$ & $0.00396988$ & $-0.0842434$ & $0.00249901$ & $0.325457$ & $0.318774$ & $-0.133133$ & $-0.444636$ & $-0.0191607$ & $0.0899285$ & $0.279459$ & $1$ & $0.439156$ & $0.161633$ & $-0.468695$ & $-0.0263405$ & $0.509944$ & $0.362779$ & $0.353172$ & $-0.164924$ & $0.0903261$ & $-0.152577$ & $-0.243232$ & $-0.419478$ & $0.128757$ & $-0.0176457$ & $0.0214479$ & $0.040923$ & $0.00772694$ & $0.0342841$ & $-0.601465$ & $0.0250317$ & $-0.0217669$ & $-0.043188$ & $0.0294964$ & $-0.0466126$ & $0.0114782$ & $-0.0437728$ & $-0.0394942$ & $-0.0394058$ & $0.0128798$ & $0.0429356$ & $0.00214748$ & $0.017371$ & $-0.0376358$ & $0.0108506$ \\
CHL1_33 & $0.00216815$ & $-0.0328517$ & $0.0806015$ & $0.00613632$ & $-0.001146$ & $-0.0944107$ & $-0.0282721$ & $0.328419$ & $0.322518$ & $-0.158563$ & $-0.438831$ & $-0.0234485$ & $0.104587$ & $0.266075$ & $0.439156$ & $1$ & $0.146324$ & $-0.0465813$ & $-0.441406$ & $0.499341$ & $0.361076$ & $0.377421$ & $-0.190351$ & $0.0724262$ & $-0.158124$ & $-0.207667$ & $-0.393879$ & $0.118614$ & $-0.00670602$ & $0.0328427$ & $0.0623224$ & $-0.022295$ & $0.0487616$ & $-0.0820768$ & $0.0232515$ & $0.0136195$ & $-0.0421423$ & $-0.00225572$ & $-0.0449166$ & $-0.0203493$ & $-0.0217727$ & $-0.013196$ & $-0.014389$ & $0.0311642$ & $0.0712008$ & $0.0240988$ & $0.0254459$ & $0.0195655$ & $-0.0297742$ \\
CHL3_11 & $-0.00557934$ & $-0.00782618$ & $0.00928272$ & $0.0555477$ & $-0.0450048$ & $-0.278787$ & $0.068807$ & $-0.237596$ & $-0.235955$ & $0.439286$ & $-0.219136$ & $-0.19206$ & $-0.331859$ & $0.669559$ & $0.161633$ & $0.146324$ & $1$ & $0.727826$ & $0.744273$ & $0.238518$ & $0.187289$ & $0.183412$ & $-0.0507565$ & $0.681315$ & $0.778617$ & $-0.138628$ & $-0.168882$ & $0.0651381$ & $-0.0209674$ & $-0.0574121$ & $0.00174783$ & $0.0470826$ & $-0.0645743$ & $-0.255424$ & $-0.0753985$ & $-0.0274019$ & $-0.0506245$ & $0.0187688$ & $0.00906144$ & $0.00422158$ & $-0.0919627$ & $0.0288853$ & $0.0400771$ & $0.060344$ & $-0.026492$ & $-0.00599037$ & $0.0172904$ & $0.000416202$ & $0.0242388$ \\
CHL3_22 & $0.0351639$ & $-0.0361602$ & $-0.0177912$ & $0.0533181$ & $-0.036837$ & $-0.0610483$ & $0.0601736$ & $-0.44006$ & $-0.434753$ & $0.49226$ & $0.0790016$ & $-0.150785$ & $-0.361314$ & $0.580804$ & $-0.468695$ & $-0.0465813$ & $0.727826$ & $1$ & $0.670266$ & $-0.0866195$ & $-0.0717291$ & $-0.0683856$ & $0.023964$ & $0.619522$ & $0.798989$ & $0.0310626$ & $0.0186985$ & $-0.0307852$ & $-0.000254608$ & $-0.0763826$ & $-0.0186185$ & $0.0373309$ & $-0.0921873$ & $0.0590583$ & $-0.082281$ & $-0.0100448$ & $-0.0285436$ & $-0.00476011$ & $0.0338401$ & $-0.00684326$ & $-0.0571632$ & $0.0488815$ & $0.0536868$ & $0.0591294$ & $-0.0393809$ & $-0.00730488$ & $0.00386198$ & $0.0384101$ & $-0.00174597$ \\
CHL3_33 & $-0.000884103$ & $-0.00668868$ & $-0.0370423$ & $0.0350479$ & $-0.0274676$ & $-0.0574268$ & $0.0847167$ & $-0.439041$ & $-0.434322$ & $0.510951$ & $0.0687281$ & $-0.144293$ & $-0.371302$ & $0.594614$ & $-0.0263405$ & $-0.441406$ & $0.744273$ & $0.670266$ & $1$ & $-0.0716445$ & $-0.0647364$ & $-0.0603508$ & $0.0433609$ & $0.635296$ & $0.807761$ & $0.00187434$ & $-0.00147381$ & $-0.0212324$ & $-0.00742546$ & $-0.0800826$ & $-0.0331469$ & $0.0633249$ & $-0.0990941$ & $-0.34936$ & $-0.0727512$ & $-0.0331822$ & $-0.0361773$ & $0.0114311$ & $0.028634$ & $0.0202236$ & $-0.0752178$ & $0.0293134$ & $0.0383496$ & $0.0491279$ & $-0.0501033$ & $-0.0199273$ & $0.00523265$ & $-0.0032918$ & $0.026482$ \\
CHe_11 & $-0.0338844$ & $-0.00866825$ & $0.0075496$ & $0.00638721$ & $-0.0180883$ & $-0.180877$ & $-0.0556696$ & $0.853085$ & $0.838755$ & $-0.346484$ & $-0.990612$ & $-0.200054$ & $0.196445$ & $0.543922$ & $0.509944$ & $0.499341$ & $0.238518$ & $-0.0866195$ & $-0.0716445$ & $1$ & $0.972941$ & $0.952853$ & $-0.0341735$ & $-0.253757$ & $-0.0408319$ & $-0.560935$ & $0.165056$ & $0.327933$ & $0.000575352$ & $0.080477$ & $0.0507077$ & $-0.053835$ & $0.0907221$ & $0.253637$ & $-0.0321689$ & $-0.0219589$ & $0.00713614$ & $0.0174747$ & $0.00130575$ & $-0.00292149$ & $-0.0141453$ & $-0.0427251$ & $-0.00461082$ & $0.0193067$ & $0.0150696$ & $-0.0112451$ & $-0.0191456$ & $-0.0380623$ & $0.0062942$ \\
CHe_22 & $-0.0328638$ & $0.00157274$ & $-0.00951615$ & $0.00497694$ & $-0.0171819$ & $-0.184357$ & $-0.0643771$ & $0.896594$ & $0.881482$ & $-0.375292$ & $-0.991295$ & $-0.224378$ & $0.209957$ & $0.490792$ & $0.362779$ & $0.361076$ & $0.187289$ & $-0.0717291$ & $-0.0647364$ & $0.972941$ & $1$ & $0.975433$ & $0.0151702$ & $-0.359205$ & $-0.049306$ & $-0.566431$ & $0.322577$ & $0.336893$ & $0.00530351$ & $0.0880703$ & $0.0420595$ & $-0.0630547$ & $0.09232$ & $0.420367$ & $-0.0374023$ & $-0.0213388$ & $0.0262134$ & $0.016027$ & $0.0137197$ & $0.000515309$ & $-0.00452529$ & $-0.0408614$ & $0.00233451$ & $0.0141271$ & $0.00659016$ & $-0.0133304$ & $-0.020915$ & $-0.0434283$ & $0.00317011$ \\
CHe_33 & $-0.027259$ & $0.00471001$ & $-0.00483411$ & $0.00421906$ & $-0.00976068$ & $-0.181094$ & $-0.0540608$ & $0.878304$ & $0.864512$ & $-0.36853$ & $-0.970269$ & $-0.216991$ & $0.205836$ & $0.475375$ & $0.353172$ & $0.377421$ & $0.183412$ & $-0.0683856$ & $-0.0603508$ & $0.952853$ & $0.975433$ & $1$ & $0.0206231$ & $-0.3536$ & $-0.0444152$ & $-0.555724$ & $0.321717$ & $0.33152$ & $0.00689465$ & $0.0916497$ & $0.0400153$ & $-0.0519324$ & $0.094688$ & $0.416997$ & $-0.0311384$ & $-0.0176763$ & $0.0164605$ & $0.0055919$ & $0.0130308$ & $-0.00153984$ & $-0.000770563$ & $-0.0379581$ & $0.00803698$ & $0.0157149$ & $0.0142829$ & $-0.0126823$ & $-0.0166982$ & $-0.0428299$ & $0.00222071$ \\
CHQ1_11 & $0.0346917$ & $-0.0042217$ & $-0.0332515$ & $-0.0534488$ & $-0.0118449$ & $-0.0232905$ & $0.0141654$ & $0.0311663$ & $0.0347571$ & $-0.00842623$ & $0.0115182$ & $0.00582039$ & $0.001474$ & $-0.0695079$ & $-0.164924$ & $-0.190351$ & $-0.0507565$ & $0.023964$ & $0.0433609$ & $-0.0341735$ & $0.0151702$ & $0.0206231$ & $1$ & $-0.103861$ & $0.093605$ & $-0.645896$ & $0.328808$ & $0.0128983$ & $-0.0180441$ & $0.0145379$ & $-0.0299684$ & $0.0188918$ & $0.0122752$ & $0.168247$ & $-0.0100557$ & $0.00105916$ & $0.0193532$ & $-0.0276923$ & $0.0682195$ & $-0.0128687$ & $0.00375793$ & $-0.0211428$ & $0.0524429$ & $0.0265649$ & $-0.0455348$ & $0.0232351$ & $-0.0208277$ & $-0.0100776$ & $0.00778695$ \\
CHQ1_33 & $-0.0580878$ & $-0.0116187$ & $0.0506641$ & $0.0307196$ & $-0.0236401$ & $-0.00792724$ & $0.0913039$ & $-0.670736$ & $-0.662635$ & $0.574641$ & $0.304792$ & $-0.0205106$ & $-0.385737$ & $0.466969$ & $0.0903261$ & $0.0724262$ & $0.681315$ & $0.619522$ & $0.635296$ & $-0.253757$ & $-0.359205$ & $-0.3536$ & $-0.103861$ & $1$ & $0.661132$ & $0.171854$ & $-0.404313$ & $-0.0310235$ & $-0.0125148$ & $-0.118236$ & $-0.0129541$ & $0.0699416$ & $-0.112105$ & $-0.619859$ & $-0.0356125$ & $-0.0342018$ & $-0.0747368$ & $0.00951915$ & $-0.0220245$ & $0.0200717$ & $-0.105764$ & $0.0375269$ & $0.0233904$ & $0.0569692$ & $-0.0239939$ & $0.00245233$ & $0.0432354$ & $0.0455113$ & $0.0268895$ \\
CHQ3_11 & $-0.0920541$ & $0.00425215$ & $0.0106077$ & $0.0282856$ & $-0.038912$ & $-0.0929261$ & $0.0656958$ & $-0.425791$ & $-0.419749$ & $0.490661$ & $0.0453629$ & $-0.146596$ & $-0.364737$ & $0.58638$ & $-0.152577$ & $-0.158124$ & $0.778617$ & $0.798989$ & $0.807761$ & $-0.0408319$ & $-0.049306$ & $-0.0444152$ & $0.093605$ & $0.661132$ & $1$ & $0.0197541$ & $0.204407$ & $-0.0219661$ & $-0.00132453$ & $-0.0870457$ & $-0.022113$ & $0.0424351$ & $-0.0718034$ & $-0.200263$ & $-0.0899549$ & $-0.0347557$ & $-0.0374899$ & $-0.0124607$ & $0.0360629$ & $0.0121726$ & $-0.0846936$ & $0.0185956$ & $0.0647301$ & $0.0626214$ & $-0.0829628$ & $0.00867411$ & $0.0293599$ & $0.0262574$ & $0.0660953$ \\
CHu_11 & $-0.0502222$ & $0.00904456$ & $0.0221861$ & $0.0358866$ & $0.0119791$ & $0.105107$ & $0.00520659$ & $-0.494092$ & $-0.487072$ & $0.177306$ & $0.567755$ & $0.112953$ & $-0.0971146$ & $-0.311957$ & $-0.243232$ & $-0.207667$ & $-0.138628$ & $0.0310626$ & $0.00187434$ & $-0.560935$ & $-0.566431$ & $-0.555724$ & $-0.645896$ & $0.171854$ & $0.0197541$ & $1$ & $-0.106783$ & $-0.20282$ & $0.0236016$ & $-0.0421601$ & $-0.0124413$ & $-0.00181287$ & $-0.0404844$ & $-0.191456$ & $0.0107924$ & $0.00596086$ & $-0.00441209$ & $-0.00446156$ & $-0.0210063$ & $0.0104893$ & $0.013501$ & $0.0484038$ & $-0.0188963$ & $-0.0362976$ & $0.00356531$ & $-0.00236194$ & $0.0260845$ & $0.0279824$ & $0.0203366$ \\
CHd_11 & $-0.0709101$ & $0.0462178$ & $-0.0484745$ & $-0.0201981$ & $-0.00880363$ & $-0.058123$ & $-0.0530605$ & $0.374717$ & $0.3716$ & $-0.230039$ & $-0.239488$ & $-0.0984721$ & $0.127948$ & $-0.112565$ & $-0.419478$ & $-0.393879$ & $-0.168882$ & $0.0186985$ & $-0.00147381$ & $0.165056$ & $0.322577$ & $0.321717$ & $0.328808$ & $-0.404313$ & $0.204407$ & $-0.106783$ & $1$ & $0.0917189$ & $0.0234996$ & $0.047834$ & $-0.0231465$ & $-0.053433$ & $0.0632703$ & $0.677174$ & $-0.0552131$ & $-0.0181732$ & $0.0601098$ & $-0.0348247$ & $0.0861887$ & $0.0117577$ & $0.0570062$ & $-0.0260667$ & $0.0584598$ & $-0.0218066$ & $-0.0788764$ & $-0.00540325$ & $-0.00821894$ & $-0.0190498$ & $0.0441415$ \\
CHd_33 & $0.00798608$ & $0.031676$ & $0.0249323$ & $0.0366266$ & $-0.0300905$ & $-0.0447296$ & $-0.0245029$ & $0.303984$ & $0.301963$ & $-0.137614$ & $-0.334856$ & $-0.0904645$ & $0.0673553$ & $0.161218$ & $0.128757$ & $0.118614$ & $0.0651381$ & $-0.0307852$ & $-0.0212324$ & $0.327933$ & $0.336893$ & $0.33152$ & $0.0128983$ & $-0.0310235$ & $-0.0219661$ & $-0.20282$ & $0.0917189$ & $1$ & $-0.0269281$ & $0.0184354$ & $0.0453806$ & $-0.0283488$ & $0.0259546$ & $0.142711$ & $-0.00937438$ & $-0.0131677$ & $-6.1497e-05$ & $0.00896074$ & $0.0199043$ & $0.000483157$ & $0.00406267$ & $0.00377203$ & $0.0115743$ & $0.0192397$ & $-0.00722437$ & $-0.0155603$ & $0.0197917$ & $-0.00708672$ & $0.0157819$ \\
CeH_22r & $-0.0379467$ & $0.0634963$ & $0.0305208$ & $-0.0088913$ & $-0.00796138$ & $0.0111728$ & $-0.0054594$ & $0.00782431$ & $0.00881625$ & $-0.0283463$ & $-0.00120294$ & $0.00485396$ & $0.0182224$ & $0.00323539$ & $-0.0176457$ & $-0.00670602$ & $-0.0209674$ & $-0.000254608$ & $-0.00742546$ & $0.000575352$ & $0.00530351$ & $0.00689465$ & $-0.0180441$ & $-0.0125148$ & $-0.00132453$ & $0.0236016$ & $0.0234996$ & $-0.0269281$ & $1$ & $0.0227352$ & $-0.00421028$ & $-0.0317831$ & $0.016647$ & $0.0192776$ & $-0.00196132$ & $-0.057283$ & $-0.0101266$ & $0.00468039$ & $-0.038998$ & $0.00171035$ & $-0.0212564$ & $0.0525461$ & $-0.00385952$ & $0.0441868$ & $0.0374728$ & $-0.00284386$ & $-0.0243251$ & $-0.00610662$ & $0.0121118$ \\
CeH_33r & $0.0703269$ & $-0.00520429$ & $0.0328106$ & $0.0649205$ & $-0.0105031$ & $-0.0285448$ & $-0.103053$ & $0.117033$ & $0.141619$ & $-0.11331$ & $-0.0843336$ & $0.258616$ & $0.250089$ & $-0.0384891$ & $0.0214479$ & $0.0328427$ & $-0.0574121$ & $-0.0763826$ & $-0.0800826$ & $0.080477$ & $0.0880703$ & $0.0916497$ & $0.0145379$ & $-0.118236$ & $-0.0870457$ & $-0.0421601$ & $0.047834$ & $0.0184354$ & $0.0227352$ & $1$ & $0.325081$ & $0.052556$ & $0.680213$ & $0.0799032$ & $-0.0837168$ & $0.0172324$ & $-0.172539$ & $-0.0575723$ & $-0.0174114$ & $-0.00570067$ & $0.00606605$ & $0.011705$ & $0.0228127$ & $0.039343$ & $0.0604755$ & $0.00134693$ & $-0.0538232$ & $0.0476461$ & $-0.0214892$ \\
CuH_22r & $-0.0221457$ & $0.0298714$ & $0.0631229$ & $-0.0309319$ & $0.0321242$ & $0.0103322$ & $-0.0571464$ & $0.0430136$ & $0.0603904$ & $-0.0393704$ & $-0.0465108$ & $0.0893259$ & $0.112143$ & $0.0197987$ & $0.040923$ & $0.0623224$ & $0.00174783$ & $-0.0186185$ & $-0.0331469$ & $0.0507077$ & $0.0420595$ & $0.0400153$ & $-0.0299684$ & $-0.0129541$ & $-0.022113$ & $-0.0124413$ & $-0.0231465$ & $0.0453806$ & $-0.00421028$ & $0.325081$ & $1$ & $0.038739$ & $0.366047$ & $0.0016509$ & $0.0485709$ & $0.0324446$ & $-0.034049$ & $-0.00965155$ & $-0.0468638$ & $0.0379685$ & $-0.0284084$ & $-0.0180894$ & $0.0260476$ & $0.0212639$ & $0.0198647$ & $0.0556155$ & $0.191639$ & $-0.0180337$ & $-0.0297657$ \\
CuH_33r & $0.0652345$ & $0.0105028$ & $-0.000532995$ & $-0.0395815$ & $0.0145321$ & $-0.0195533$ & $0.933914$ & $-0.0826716$ & $-0.0357469$ & $0.0698389$ & $0.0580462$ & $-0.0014828$ & $-0.237265$ & $0.011165$ & $0.00772694$ & $-0.022295$ & $0.0470826$ & $0.0373309$ & $0.0633249$ & $-0.053835$ & $-0.0630547$ & $-0.0519324$ & $0.0188918$ & $0.0699416$ & $0.0424351$ & $-0.00181287$ & $-0.053433$ & $-0.0283488$ & $-0.0317831$ & $0.052556$ & $0.038739$ & $1$ & $0.0304112$ & $-0.0731474$ & $0.0113065$ & $0.0165397$ & $-0.0387093$ & $-0.00223096$ & $-0.0749063$ & $0.0371163$ & $0.00220664$ & $0.00646489$ & $0.073039$ & $0.0147184$ & $0.0923311$ & $-0.0178953$ & $-0.00622242$ & $0.015783$ & $0.0116393$ \\
CdH_33r & $-0.125923$ & $-0.0360704$ & $0.0736761$ & $0.091073$ & $-0.0159872$ & $-0.0164367$ & $-0.150436$ & $0.128325$ & $0.162942$ & $-0.113755$ & $-0.0897684$ & $0.336156$ & $0.318831$ & $-0.0532389$ & $0.0342841$ & $0.0487616$ & $-0.0645743$ & $-0.0921873$ & $-0.0990941$ & $0.0907221$ & $0.09232$ & $0.094688$ & $0.0122752$ & $-0.112105$ & $-0.0718034$ & $-0.0404844$ & $0.0632703$ & $0.0259546$ & $0.016647$ & $0.680213$ & $0.366047$ & $0.0304112$ & $1$ & $0.0785057$ & $-0.163783$ & $-0.0172925$ & $-0.15264$ & $-0.0442881$ & $0.00241832$ & $0.00687043$ & $-0.138255$ & $0.00216392$ & $0.0944584$ & $0.0500494$ & $-0.128064$ & $0.00317656$ & $-0.138533$ & $0.103361$ & $0.346564$ \\
CLL_1221 & $0.00602053$ & $0.0363514$ & $-0.0436289$ & $-0.00205711$ & $-0.0112276$ & $-0.109035$ & $-0.0776277$ & $0.530264$ & $0.523789$ & $-0.353176$ & $-0.33348$ & $-0.100852$ & $0.212806$ & $-0.212117$ & $-0.601465$ & $-0.0820768$ & $-0.255424$ & $0.0590583$ & $-0.34936$ & $0.253637$ & $0.420367$ & $0.416997$ & $0.168247$ & $-0.619859$ & $-0.200263$ & $-0.191456$ & $0.677174$ & $0.142711$ & $0.0192776$ & $0.0799032$ & $0.0016509$ & $-0.0731474$ & $0.0785057$ & $1$ & $-0.0186107$ & $0.00740225$ & $0.0760653$ & $-0.0167762$ & $0.0418669$ & $-0.0106973$ & $0.0684248$ & $-0.00437469$ & $0.0259076$ & $-0.0247472$ & $-0.0241604$ & $-0.0104747$ & $-0.0287097$ & $-0.01038$ & $-0.00594091$ \\
eHggint & $-0.061646$ & $0.232499$ & $-0.0953309$ & $-0.428963$ & $0.0548006$ & $-0.0216997$ & $-0.0352237$ & $-0.00629497$ & $-0.0210999$ & $0.0199486$ & $0.0393116$ & $0.0821028$ & $0.0329425$ & $-0.0685287$ & $0.0250317$ & $0.0232515$ & $-0.0753985$ & $-0.082281$ & $-0.0727512$ & $-0.0321689$ & $-0.0374023$ & $-0.0311384$ & $-0.0100557$ & $-0.0356125$ & $-0.0899549$ & $0.0107924$ & $-0.0552131$ & $-0.00937438$ & $-0.00196132$ & $-0.0837168$ & $0.0485709$ & $0.0113065$ & $-0.163783$ & $-0.0186107$ & $1$ & $-0.0315948$ & $0.194226$ & $0.0112831$ & $-0.320985$ & $0.0461925$ & $0.225629$ & $-0.00764982$ & $0.0285465$ & $0.0352688$ & $0.241008$ & $0.0429157$ & $0.25447$ & $-0.0599996$ & $-0.134372$ \\
eHggpar & $0.0908302$ & $-0.352315$ & $-0.0474979$ & $0.232677$ & $0.00506392$ & $0.0184846$ & $-0.0141149$ & $0.00324782$ & $-0.000190892$ & $0.0139142$ & $0.0147951$ & $0.0482166$ & $0.0200853$ & $-0.0285587$ & $-0.0217669$ & $0.0136195$ & $-0.0274019$ & $-0.0100448$ & $-0.0331822$ & $-0.0219589$ & $-0.0213388$ & $-0.0176763$ & $0.00105916$ & $-0.0342018$ & $-0.0347557$ & $0.00596086$ & $-0.0181732$ & $-0.0131677$ & $-0.057283$ & $0.0172324$ & $0.0324446$ & $0.0165397$ & $-0.0172925$ & $0.00740225$ & $-0.0315948$ & $1$ & $0.0133624$ & $-0.0266447$ & $-0.13901$ & $0.0137756$ & $0.0311058$ & $-0.061295$ & $0.125139$ & $-0.27654$ & $0.119025$ & $0.30962$ & $0.137566$ & $0.0369521$ & $-0.0346938$ \\
eHWWint & $-0.0866681$ & $-0.00282771$ & $-0.205274$ & $-0.236947$ & $0.0310282$ & $0.0108771$ & $-0.0345731$ & $0.0487768$ & $0.0398008$ & $-0.030919$ & $-0.0187574$ & $0.00857502$ & $0.0313994$ & $-0.0315009$ & $-0.043188$ & $-0.0421423$ & $-0.0506245$ & $-0.0285436$ & $-0.0361773$ & $0.00713614$ & $0.0262134$ & $0.0164605$ & $0.0193532$ & $-0.0747368$ & $-0.0374899$ & $-0.00441209$ & $0.0601098$ & $-6.1497e-05$ & $-0.0101266$ & $-0.172539$ & $-0.034049$ & $-0.0387093$ & $-0.15264$ & $0.0760653$ & $0.194226$ & $0.0133624$ & $1$ & $0.0735645$ & $0.0732899$ & $0.0948783$ & $-0.0583022$ & $-0.0191118$ & $0.040908$ & $-0.23658$ & $-0.108365$ & $-0.0265038$ & $0.25833$ & $-0.00712799$ & $-0.0553921$ \\
eHWWpar & $-0.00690582$ & $0.0299088$ & $-0.00356288$ & $0.00267398$ & $-0.0331078$ & $0.0049164$ & $0.00248557$ & $0.00740801$ & $0.00444969$ & $0.00443357$ & $-0.0169046$ & $-0.00391634$ & $-0.00905336$ & $0.0160849$ & $0.0294964$ & $-0.00225572$ & $0.0187688$ & $-0.00476011$ & $0.0114311$ & $0.0174747$ & $0.016027$ & $0.0055919$ & $-0.0276923$ & $0.00951915$ & $-0.0124607$ & $-0.00446156$ & $-0.0348247$ & $0.00896074$ & $0.00468039$ & $-0.0575723$ & $-0.00965155$ & $-0.00223096$ & $-0.0442881$ & $-0.0167762$ & $0.0112831$ & $-0.0266447$ & $0.0735645$ & $1$ & $0.0624291$ & $0.0325904$ & $-0.0346297$ & $0.0227909$ & $0.0830884$ & $0.0273576$ & $-0.0153139$ & $-0.0669674$ & $0.0128754$ & $-0.0361831$ & $0.0333761$ \\
eHZZint & $0.218751$ & $-0.161367$ & $-0.0878776$ & $0.0413189$ & $-0.0337734$ & $0.0254989$ & $-0.0595374$ & $0.0115393$ & $0.0229094$ & $0.00515165$ & $-0.0137479$ & $-0.0303022$ & $0.00435698$ & $0.0135181$ & $-0.0466126$ & $-0.0449166$ & $0.00906144$ & $0.0338401$ & $0.028634$ & $0.00130575$ & $0.0137197$ & $0.0130308$ & $0.0682195$ & $-0.0220245$ & $0.0360629$ & $-0.0210063$ & $0.0861887$ & $0.0199043$ & $-0.038998$ & $-0.0174114$ & $-0.0468638$ & $-0.0749063$ & $0.00241832$ & $0.0418669$ & $-0.320985$ & $-0.13901$ & $0.0732899$ & $0.0624291$ & $1$ & $-0.045924$ & $0.152162$ & $0.066509$ & $0.299799$ & $-0.210527$ & $-0.406852$ & $-0.202145$ & $-0.0707272$ & $-0.123953$ & $0.0382024$ \\
eHZZpar & $-0.0715289$ & $-0.0125098$ & $-0.0230029$ & $-0.0712534$ & $0.0144113$ & $0.000816342$ & $0.0392211$ & $-0.00267174$ & $-0.00197125$ & $0.0118524$ & $0.0027763$ & $0.0299731$ & $0.014664$ & $-0.00161678$ & $0.0114782$ & $-0.0203493$ & $0.00422158$ & $-0.00684326$ & $0.0202236$ & $-0.00292149$ & $0.000515309$ & $-0.00153984$ & $-0.0128687$ & $0.0200717$ & $0.0121726$ & $0.0104893$ & $0.0117577$ & $0.000483157$ & $0.00171035$ & $-0.00570067$ & $0.0379685$ & $0.0371163$ & $0.00687043$ & $-0.0106973$ & $0.0461925$ & $0.0137756$ & $0.0948783$ & $0.0325904$ & $-0.045924$ & $1$ & $-0.0396951$ & $0.00761284$ & $0.0234844$ & $0.0392614$ & $0.0116539$ & $-0.00602317$ & $0.0393577$ & $-0.0623041$ & $0.0724835$ \\
eHZgaint & $0.367353$ & $0.101927$ & $-0.0685829$ & $-0.211769$ & $0.0102687$ & $-0.00212025$ & $-0.0160744$ & $0.0349659$ & $0.0195851$ & $-0.0744609$ & $0.00888583$ & $0.0155111$ & $0.0783027$ & $-0.0740367$ & $-0.0437728$ & $-0.0217727$ & $-0.0919627$ & $-0.0571632$ & $-0.0752178$ & $-0.0141453$ & $-0.00452529$ & $-0.000770563$ & $0.00375793$ & $-0.105764$ & $-0.0846936$ & $0.013501$ & $0.0570062$ & $0.00406267$ & $-0.0212564$ & $0.00606605$ & $-0.0284084$ & $0.00220664$ & $-0.138255$ & $0.0684248$ & $0.225629$ & $0.0311058$ & $-0.0583022$ & $-0.0346297$ & $0.152162$ & $-0.0396951$ & $1$ & $-0.0183785$ & $-0.178031$ & $-0.0557494$ & $0.164049$ & $0.0206852$ & $-0.0703576$ & $0.0132778$ & $-0.371133$ \\
eHZgapar & $0.024806$ & $0.00939635$ & $0.00152953$ & $-0.00120048$ & $-0.0294761$ & $-0.0463696$ & $0.00683781$ & $-0.0530403$ & $-0.0510193$ & $0.0439102$ & $0.0411173$ & $0.014503$ & $-0.0528735$ & $-0.00089757$ & $-0.0394942$ & $-0.013196$ & $0.0288853$ & $0.0488815$ & $0.0293134$ & $-0.0427251$ & $-0.0408614$ & $-0.0379581$ & $-0.0211428$ & $0.0375269$ & $0.0185956$ & $0.0484038$ & $-0.0260667$ & $0.00377203$ & $0.0525461$ & $0.011705$ & $-0.0180894$ & $0.00646489$ & $0.00216392$ & $-0.00437469$ & $-0.00764982$ & $-0.061295$ & $-0.0191118$ & $0.0227909$ & $0.066509$ & $0.00761284$ & $-0.0183785$ & $1$ & $-0.0373547$ & $0.017023$ & $-0.0302249$ & $-0.0223079$ & $-0.050547$ & $0.042272$ & $0.0292349$ \\
eHgagaint & $0.0517672$ & $0.0212137$ & $0.109975$ & $0.0349029$ & $-0.0209379$ & $-0.0123066$ & $0.0531445$ & $-0.0169037$ & $0.0258028$ & $0.0766062$ & $0.00158714$ & $0.0390527$ & $-0.0274698$ & $0.0174613$ & $-0.0394058$ & $-0.014389$ & $0.0400771$ & $0.0536868$ & $0.0383496$ & $-0.00461082$ & $0.00233451$ & $0.00803698$ & $0.0524429$ & $0.0233904$ & $0.0647301$ & $-0.0188963$ & $0.0584598$ & $0.0115743$ & $-0.00385952$ & $0.0228127$ & $0.0260476$ & $0.073039$ & $0.0944584$ & $0.0259076$ & $0.0285465$ & $0.125139$ & $0.040908$ & $0.0830884$ & $0.299799$ & $0.0234844$ & $-0.178031$ & $-0.0373547$ & $1$ & $-0.0581503$ & $0.0150862$ & $-0.137818$ & $0.185205$ & $-0.0914658$ & $0.273811$ \\
eHmumuint & $-0.0473255$ & $0.223321$ & $0.0417345$ & $-0.054422$ & $-0.0263169$ & $0.0240735$ & $0.0293219$ & $-0.0255363$ & $-0.0261564$ & $-0.0262331$ & $-0.0123633$ & $-0.0670475$ & $-0.0310479$ & $0.0716586$ & $0.0128798$ & $0.0311642$ & $0.060344$ & $0.0591294$ & $0.0491279$ & $0.0193067$ & $0.0141271$ & $0.0157149$ & $0.0265649$ & $0.0569692$ & $0.0626214$ & $-0.0362976$ & $-0.0218066$ & $0.0192397$ & $0.0441868$ & $0.039343$ & $0.0212639$ & $0.0147184$ & $0.0500494$ & $-0.0247472$ & $0.0352688$ & $-0.27654$ & $-0.23658$ & $0.0273576$ & $-0.210527$ & $0.0392614$ & $-0.0557494$ & $0.017023$ & $-0.0581503$ & $1$ & $0.287241$ & $0.136249$ & $-0.12331$ & $0.0199449$ & $0.0953988$ \\
eHtautauint & $0.244472$ & $0.132307$ & $-0.125085$ & $-0.0712535$ & $0.035193$ & $-4.46247e-05$ & $0.0673205$ & $0.0135273$ & $0.0109221$ & $-0.0266227$ & $-0.0101273$ & $0.0149145$ & $0.0205006$ & $-0.00292647$ & $0.0429356$ & $0.0712008$ & $-0.026492$ & $-0.0393809$ & $-0.0501033$ & $0.0150696$ & $0.00659016$ & $0.0142829$ & $-0.0455348$ & $-0.0239939$ & $-0.0829628$ & $0.00356531$ & $-0.0788764$ & $-0.00722437$ & $0.0374728$ & $0.0604755$ & $0.0198647$ & $0.0923311$ & $-0.128064$ & $-0.0241604$ & $0.241008$ & $0.119025$ & $-0.108365$ & $-0.0153139$ & $-0.406852$ & $0.0116539$ & $0.164049$ & $-0.0302249$ & $0.0150862$ & $0.287241$ & $1$ & $0.0919333$ & $0.0508288$ & $-0.120059$ & $-0.337206$ \\
eHccint & $-0.155367$ & $-0.18865$ & $0.0144444$ & $-0.0371557$ & $-0.00374862$ & $-0.0221542$ & $-0.0304967$ & $-0.00258943$ & $-0.00988719$ & $0.0106644$ & $0.00950953$ & $0.027039$ & $0.0103667$ & $-0.00893106$ & $0.00214748$ & $0.0240988$ & $-0.00599037$ & $-0.00730488$ & $-0.0199273$ & $-0.0112451$ & $-0.0133304$ & $-0.0126823$ & $0.0232351$ & $0.00245233$ & $0.00867411$ & $-0.00236194$ & $-0.00540325$ & $-0.0155603$ & $-0.00284386$ & $0.00134693$ & $0.0556155$ & $-0.0178953$ & $0.00317656$ & $-0.0104747$ & $0.0429157$ & $0.30962$ & $-0.0265038$ & $-0.0669674$ & $-0.202145$ & $-0.00602317$ & $0.0206852$ & $-0.0223079$ & $-0.137818$ & $0.136249$ & $0.0919333$ & $1$ & $0.0348836$ & $0.0480573$ & $-0.0412683$ \\
eHccpar & $-0.0728688$ & $0.129871$ & $0.201579$ & $0.0729894$ & $0.0414877$ & $-0.0151158$ & $-0.0260184$ & $-0.0295375$ & $-0.0308123$ & $0.0241271$ & $0.0222188$ & $0.0104624$ & $-0.0138878$ & $0.00938242$ & $0.017371$ & $0.0254459$ & $0.0172904$ & $0.00386198$ & $0.00523265$ & $-0.0191456$ & $-0.020915$ & $-0.0166982$ & $-0.0208277$ & $0.0432354$ & $0.0293599$ & $0.0260845$ & $-0.00821894$ & $0.0197917$ & $-0.0243251$ & $-0.0538232$ & $0.191639$ & $-0.00622242$ & $-0.138533$ & $-0.0287097$ & $0.25447$ & $0.137566$ & $0.25833$ & $0.0128754$ & $-0.0707272$ & $0.0393577$ & $-0.0703576$ & $-0.050547$ & $0.185205$ & $-0.12331$ & $0.0508288$ & $0.0348836$ & $1$ & $-0.0832978$ & $-0.190494$ \\
eHbbint & $-0.110189$ & $-0.0329346$ & $0.0975688$ & $-0.00321782$ & $0.0278987$ & $0.00772306$ & $0.0190015$ & $-0.0450404$ & $-0.0438131$ & $0.0121875$ & $0.0414576$ & $0.0151237$ & $-0.035221$ & $0.00708344$ & $-0.0376358$ & $0.0195655$ & $0.000416202$ & $0.0384101$ & $-0.0032918$ & $-0.0380623$ & $-0.0434283$ & $-0.0428299$ & $-0.0100776$ & $0.0455113$ & $0.0262574$ & $0.0279824$ & $-0.0190498$ & $-0.00708672$ & $-0.00610662$ & $0.0476461$ & $-0.0180337$ & $0.015783$ & $0.103361$ & $-0.01038$ & $-0.0599996$ & $0.0369521$ & $-0.00712799$ & $-0.0361831$ & $-0.123953$ & $-0.0623041$ & $0.0132778$ & $0.042272$ & $-0.0914658$ & $0.0199449$ & $-0.120059$ & $0.0480573$ & $-0.0832978$ & $1$ & $-0.107937$ \\
eHbbpar & $-0.413913$ & $-0.00147534$ & $0.1272$ & $0.157431$ & $-0.0528544$ & $-0.00752222$ & $0.0288661$ & $-0.00329867$ & $0.0183837$ & $0.0457398$ & $0.000891224$ & $0.0394022$ & $-0.0206786$ & $-0.0183732$ & $0.0108506$ & $-0.0297742$ & $0.0242388$ & $-0.00174597$ & $0.026482$ & $0.0062942$ & $0.00317011$ & $0.00222071$ & $0.00778695$ & $0.0268895$ & $0.0660953$ & $0.0203366$ & $0.0441415$ & $0.0157819$ & $0.0121118$ & $-0.0214892$ & $-0.0297657$ & $0.0116393$ & $0.346564$ & $-0.00594091$ & $-0.134372$ & $-0.0346938$ & $-0.0553921$ & $0.0333761$ & $0.0382024$ & $0.0724835$ & $-0.371133$ & $0.0292349$ & $0.273811$ & $0.0953988$ & $-0.337206$ & $-0.0412683$ & $-0.190494$ & $-0.107937$ & $1$ \\
