 & AlsMz & dAle5Mz & mtop & mHl & Mz & CW & CHG & CHWB & CHWHB_gaga & CHWHB_gagaorth & CHD & CHbox & CH & CHL1_11 & CHL1_22 & CHL1_33 & CHL3_11 & CHL3_22 & CHL3_33 & CHe_11 & CHe_22 & CHe_33 & CHQ1_11 & CHQ1_33 & CHQ3_11 & CHu_11 & CHd_11 & CHd_33 & CeH_22r & CeH_33r & CuH_22r & CuH_33r & CdH_33r & CLL_1221 & eHggint & eHggpar & eHWWint & eHWWpar & eHZZint & eHZZpar & eHZgaint & eHZgapar & eHgagaint & eHmumuint & eHtautauint & eHccint & eHccpar & eHbbint & eHbbpar \\
AlsMz & $1$ & $0.159183$ & $0.0356402$ & $0.0992931$ & $-0.0183966$ & $0.00282829$ & $0.0792785$ & $-0.0335022$ & $-0.0384769$ & $0.0638363$ & $0.0243124$ & $-0.108833$ & $-0.126266$ & $-0.0194555$ & $-0.00271246$ & $0.000759417$ & $0.00574438$ & $0.00312462$ & $-0.00191967$ & $-0.0234849$ & $-0.028589$ & $-0.0342649$ & $-0.00297025$ & $-0.0206343$ & $-0.0839373$ & $-0.0133638$ & $-0.050938$ & $0.0179117$ & $0.00410339$ & $-0.0873158$ & $-0.0505144$ & $0.0585953$ & $-0.125028$ & $-0.0168345$ & $-0.100845$ & $-0.00602705$ & $0.000444359$ & $0.00443072$ & $-0.0743182$ & $0.0197501$ & $0.0409309$ & $-0.036475$ & $-0.0770196$ & $0.110278$ & $0.0162694$ & $-0.0526529$ & $0.053638$ & $-0.0121708$ & $-0.0650641$ \\
dAle5Mz & $0.159183$ & $1$ & $0.0163759$ & $-0.143486$ & $0.00233422$ & $0.0356969$ & $-0.0354326$ & $-0.0386655$ & $-0.0328843$ & $0.0182059$ & $0.0355522$ & $0.0121362$ & $0.00599324$ & $-0.0251079$ & $-0.000119022$ & $-0.00385469$ & $-0.017257$ & $-0.0218759$ & $-0.0194373$ & $-0.0187542$ & $-0.019475$ & $-0.0167477$ & $-0.0126214$ & $-0.0188595$ & $-0.0386832$ & $0.0156387$ & $-0.0227078$ & $0.00527339$ & $-0.00200872$ & $0.0145719$ & $0.0172973$ & $-0.0332594$ & $0.0104833$ & $0.0193188$ & $-0.0171565$ & $0.0377555$ & $0.0217909$ & $0.0132493$ & $0.0976258$ & $-0.0249331$ & $0.00302873$ & $-0.0259304$ & $0.0545016$ & $-0.120792$ & $0.199321$ & $0.0893909$ & $0.0529649$ & $0.0665548$ & $0.0203186$ \\
mtop & $0.0356402$ & $0.0163759$ & $1$ & $-0.0994049$ & $-0.0217132$ & $-0.00554449$ & $-0.0439485$ & $0.00234761$ & $0.00425695$ & $0.015624$ & $-0.0057527$ & $0.0314112$ & $0.0327287$ & $0.0217679$ & $0.0112947$ & $-0.00102814$ & $0.0122131$ & $0.0103764$ & $0.0174501$ & $0.010705$ & $0.0100818$ & $0.00974155$ & $-0.00421221$ & $0.0143609$ & $0.0041195$ & $-0.0137734$ & $-0.0126284$ & $0.00148935$ & $0.000233846$ & $0.0092561$ & $-0.0059743$ & $-0.0442453$ & $-0.0112998$ & $-0.00792782$ & $0.0231802$ & $0.116113$ & $0.065207$ & $-0.033301$ & $-0.0457634$ & $0.0100798$ & $-0.00649725$ & $0.0136076$ & $0.129408$ & $0.0103475$ & $-0.15759$ & $0.0169751$ & $0.0117777$ & $-0.0127922$ & $-0.0487115$ \\
mHl & $0.0992931$ & $-0.143486$ & $-0.0994049$ & $1$ & $0.00366$ & $-0.0119407$ & $0.000857758$ & $-0.00732522$ & $-0.00976774$ & $0.0064359$ & $0.0102414$ & $-0.0225214$ & $-0.0130079$ & $-0.0160269$ & $-0.00827581$ & $-0.00219431$ & $-0.00252375$ & $-0.00227348$ & $-0.00568397$ & $-0.0136692$ & $-0.0143915$ & $-0.0191771$ & $-0.0116796$ & $-0.0029711$ & $-0.00840035$ & $0.0130129$ & $-0.00286222$ & $-0.015742$ & $0.00434707$ & $-0.00154613$ & $0.0106511$ & $0.00278843$ & $0.0191816$ & $-0.00590207$ & $0.0645303$ & $0.0979037$ & $-0.0565222$ & $-0.000944549$ & $0.0595195$ & $0.0171683$ & $-0.0626433$ & $-0.0432848$ & $-0.0453716$ & $0.111216$ & $0.0995556$ & $0.0310057$ & $0.0491115$ & $0.00921955$ & $0.0604425$ \\
Mz & $-0.0183966$ & $0.00233422$ & $-0.0217132$ & $0.00366$ & $1$ & $-0.00253071$ & $-0.0207528$ & $-0.00884816$ & $-0.00809703$ & $0.00589596$ & $0.0181001$ & $0.022739$ & $0.0176499$ & $-0.00579488$ & $-0.00399536$ & $0.0074031$ & $-0.0109119$ & $-0.00461972$ & $-0.0122601$ & $-0.0107075$ & $-0.0122895$ & $-0.0105475$ & $0.0133463$ & $-0.00211628$ & $-0.00390726$ & $0.000911997$ & $-0.00637577$ & $-1.34946e-06$ & $-0.000693279$ & $0.0105064$ & $0.00187302$ & $-0.0136019$ & $0.0129008$ & $-0.0095256$ & $-0.0249042$ & $0.045485$ & $-0.0162996$ & $-0.0199246$ & $0.0146638$ & $0.0230231$ & $-0.00652616$ & $-0.00629503$ & $-0.0229671$ & $0.014569$ & $0.0100542$ & $-0.0184792$ & $0.0342769$ & $-0.00666699$ & $0.00195799$ \\
CW & $0.00282829$ & $0.0356969$ & $-0.00554449$ & $-0.0119407$ & $-0.00253071$ & $1$ & $-0.000616784$ & $-0.0143893$ & $-0.0117432$ & $-0.01255$ & $0.13052$ & $-0.00139428$ & $-0.0227588$ & $-0.0187134$ & $-0.0643431$ & $-0.0614239$ & $-0.381929$ & $-0.187707$ & $-0.186966$ & $-0.128226$ & $-0.133797$ & $-0.132244$ & $0.00839495$ & $-0.139203$ & $-0.222663$ & $0.0851552$ & $-0.0518152$ & $-0.0663724$ & $0.00606406$ & $-0.00774673$ & $-0.0248607$ & $0.00206314$ & $-0.030566$ & $-0.0902513$ & $0.018594$ & $-0.0296509$ & $0.0157788$ & $0.00176699$ & $0.0113317$ & $-0.00581703$ & $0.00255631$ & $0.0282464$ & $0.0159013$ & $-0.0300627$ & $-0.0114201$ & $-0.0329033$ & $-0.0093908$ & $-0.0114228$ & $-0.0391777$ \\
CHG & $0.0792785$ & $-0.0354326$ & $-0.0439485$ & $0.000857758$ & $-0.0207528$ & $-0.000616784$ & $1$ & $-0.00823079$ & $0.0186539$ & $0.169759$ & $0.0784492$ & $-0.711275$ & $-0.759257$ & $-0.142393$ & $-0.047236$ & $-0.0387784$ & $-0.127417$ & $-0.113635$ & $-0.120221$ & $-0.0789645$ & $-0.0764083$ & $-0.0774864$ & $0.00393154$ & $-0.0945302$ & $-0.119626$ & $0.0652886$ & $0.0157675$ & $-0.0351494$ & $-0.131714$ & $-0.575206$ & $-0.350457$ & $0.955357$ & $-0.586446$ & $0.0321174$ & $-0.113069$ & $-0.0336321$ & $0.0350869$ & $-0.00321982$ & $0.0085554$ & $0.00938791$ & $-0.0501919$ & $-0.0121497$ & $0.00204411$ & $-0.0280309$ & $0.0247263$ & $0.0487016$ & $0.026987$ & $0.0628137$ & $0.00808277$ \\
CHWB & $-0.0335022$ & $-0.0386655$ & $0.00234761$ & $-0.00732522$ & $-0.00884816$ & $-0.0143893$ & $-0.00823079$ & $1$ & $0.988183$ & $-0.553561$ & $-0.869373$ & $-0.0423482$ & $0.0279963$ & $0.267285$ & $0.444389$ & $0.460543$ & $-0.231542$ & $-0.403956$ & $-0.410015$ & $0.852493$ & $0.883917$ & $0.874889$ & $0.0419987$ & $-0.62897$ & $-0.370016$ & $-0.613676$ & $0.382346$ & $0.383854$ & $-0.00490145$ & $0.0218187$ & $-0.00457753$ & $-0.0185586$ & $0.0182624$ & $0.516998$ & $-0.0181468$ & $-0.0253032$ & $0.00162453$ & $0.000504641$ & $-0.002423$ & $-0.0156493$ & $0.0105307$ & $-0.000699703$ & $0.0106481$ & $-0.00564508$ & $0.0108539$ & $0.00536657$ & $-0.0382037$ & $0.0186927$ & $-0.0163116$ \\
CHWHB_gaga & $-0.0384769$ & $-0.0328843$ & $0.00425695$ & $-0.00976774$ & $-0.00809703$ & $-0.0117432$ & $0.0186539$ & $0.988183$ & $1$ & $-0.549042$ & $-0.858225$ & $-0.0367961$ & $0.0305595$ & $0.263679$ & $0.438974$ & $0.452942$ & $-0.231749$ & $-0.40101$ & $-0.406049$ & $0.841771$ & $0.872744$ & $0.863559$ & $0.0396184$ & $-0.622722$ & $-0.365301$ & $-0.6038$ & $0.380395$ & $0.3787$ & $0.00181418$ & $0.0396108$ & $0.00889939$ & $0.00549052$ & $0.0383955$ & $0.51012$ & $-0.0298955$ & $-0.0325517$ & $-0.00885967$ & $0.00226434$ & $-0.00535036$ & $-0.020027$ & $0.00354749$ & $0.00411296$ & $0.0612863$ & $-0.00775145$ & $0.00971266$ & $0.010235$ & $-0.0339406$ & $0.02266$ & $-0.0130567$ \\
CHWHB_gagaorth & $0.0638363$ & $0.0182059$ & $0.015624$ & $0.0064359$ & $0.00589596$ & $-0.01255$ & $0.169759$ & $-0.553561$ & $-0.549042$ & $1$ & $0.479175$ & $-0.0771807$ & $-0.236634$ & $-0.146975$ & $-0.245483$ & $-0.2423$ & $0.132636$ & $0.227721$ & $0.22372$ & $-0.469721$ & $-0.48872$ & $-0.482375$ & $-0.0192983$ & $0.35272$ & $0.216044$ & $0.342523$ & $-0.194885$ & $-0.19736$ & $-0.0496108$ & $-0.221573$ & $-0.13774$ & $0.181285$ & $-0.223354$ & $-0.284969$ & $0.0326436$ & $0.0306779$ & $0.0231487$ & $0.00603601$ & $0.00586253$ & $0.0128438$ & $-0.0763051$ & $-0.0139051$ & $-0.00901669$ & $-0.00976807$ & $-0.0125301$ & $0.00808803$ & $0.0337245$ & $0.0172719$ & $0.0187725$ \\
CHD & $0.0243124$ & $0.0355522$ & $-0.0057527$ & $0.0102414$ & $0.0181001$ & $0.13052$ & $0.0784492$ & $-0.869373$ & $-0.858225$ & $0.479175$ & $1$ & $-0.00809722$ & $-0.10958$ & $-0.665976$ & $-0.571177$ & $-0.569235$ & $-0.249158$ & $-0.0260705$ & $-0.0217875$ & $-0.994526$ & $-0.994823$ & $-0.982542$ & $0.0294701$ & $0.208564$ & $-0.0684499$ & $0.689298$ & $-0.245544$ & $-0.430827$ & $-0.0207983$ & $-0.0893011$ & $-0.0400403$ & $0.0917715$ & $-0.0919766$ & $-0.29934$ & $0.0268615$ & $0.0373829$ & $0.00455911$ & $-0.00907785$ & $-0.00302876$ & $0.0208128$ & $-0.00887312$ & $-0.00189655$ & $-0.0130916$ & $-0.00259039$ & $-0.0175317$ & $-0.021126$ & $0.0387923$ & $-0.0166782$ & $0.0276865$ \\
CHbox & $-0.108833$ & $0.0121362$ & $0.0314112$ & $-0.0225214$ & $0.022739$ & $-0.00139428$ & $-0.711275$ & $-0.0423482$ & $-0.0367961$ & $-0.0771807$ & $-0.00809722$ & $1$ & $0.938506$ & $0.0789961$ & $0.0184957$ & $-0.00271856$ & $0.0907361$ & $0.08537$ & $0.10133$ & $0.0100191$ & $0.00608087$ & $0.0082556$ & $-0.00412948$ & $0.095443$ & $0.100671$ & $-0.0110328$ & $-0.0239968$ & $-0.0111821$ & $0.184704$ & $0.704878$ & $0.421656$ & $-0.610367$ & $0.712537$ & $-0.0559872$ & $0.158$ & $0.0758966$ & $-0.0327132$ & $0.0067463$ & $-0.016499$ & $-0.0349607$ & $0.0368461$ & $0.0155257$ & $-0.0282224$ & $0.0334788$ & $-0.0444739$ & $-0.0514071$ & $-0.00688752$ & $-0.0698229$ & $-0.0274638$ \\
CH & $-0.126266$ & $0.00599324$ & $0.0327287$ & $-0.0130079$ & $0.0176499$ & $-0.0227588$ & $-0.759257$ & $0.0279963$ & $0.0305595$ & $-0.236634$ & $-0.10958$ & $0.938506$ & $1$ & $0.17315$ & $0.0655556$ & $0.0469326$ & $0.15219$ & $0.128344$ & $0.141671$ & $0.109073$ & $0.10745$ & $0.107919$ & $-0.0174176$ & $0.103102$ & $0.141703$ & $-0.0746134$ & $-0.00655462$ & $0.0269048$ & $0.195946$ & $0.731416$ & $0.444484$ & $-0.669629$ & $0.724552$ & $-0.0301781$ & $0.138096$ & $0.0601186$ & $-0.0301777$ & $0.00893388$ & $-0.0175533$ & $-0.037117$ & $0.052112$ & $0.0225376$ & $-0.0184721$ & $0.045324$ & $-0.0280978$ & $-0.0393047$ & $-0.010267$ & $-0.077161$ & $-0.0504572$ \\
CHL1_11 & $-0.0194555$ & $-0.0251079$ & $0.0217679$ & $-0.0160269$ & $-0.00579488$ & $-0.0187134$ & $-0.142393$ & $0.267285$ & $0.263679$ & $-0.146975$ & $-0.665976$ & $0.0789961$ & $0.17315$ & $1$ & $0.416806$ & $0.399628$ & $0.625069$ & $0.589403$ & $0.58312$ & $0.676217$ & $0.63652$ & $0.62492$ & $-0.109031$ & $0.440166$ & $0.589211$ & $-0.441155$ & $-0.0731309$ & $0.273536$ & $0.0484778$ & $0.147056$ & $0.0785465$ & $-0.15225$ & $0.149971$ & $-0.194169$ & $-0.0289847$ & $-0.0375608$ & $-0.0155491$ & $0.017779$ & $0.00179528$ & $-0.0221111$ & $-0.000334336$ & $0.0129565$ & $0.0184274$ & $0.0155027$ & $0.00795399$ & $0.0260436$ & $-0.0240312$ & $-0.00271223$ & $-0.0438459$ \\
CHL1_22 & $-0.00271246$ & $-0.000119022$ & $0.0112947$ & $-0.00827581$ & $-0.00399536$ & $-0.0643431$ & $-0.047236$ & $0.444389$ & $0.438974$ & $-0.245483$ & $-0.571177$ & $0.0184957$ & $0.0655556$ & $0.416806$ & $1$ & $0.535242$ & $0.185998$ & $-0.297409$ & $0.0144734$ & $0.615394$ & $0.513737$ & $0.504877$ & $-0.185579$ & $0.0610731$ & $-0.0602274$ & $-0.369075$ & $-0.333644$ & $0.225293$ & $0.0245249$ & $0.0544694$ & $0.0261674$ & $-0.0512095$ & $0.0491173$ & $-0.49604$ & $0.00235311$ & $-0.0354496$ & $0.0100016$ & $0.0103147$ & $0.0156904$ & $-0.0157277$ & $0.00616039$ & $-0.000330842$ & $0.0387747$ & $-0.0183891$ & $0.0205406$ & $0.00785291$ & $-0.0334173$ & $0.0221338$ & $-0.0295543$ \\
CHL1_33 & $0.000759417$ & $-0.00385469$ & $-0.00102814$ & $-0.00219431$ & $0.0074031$ & $-0.0614239$ & $-0.0387784$ & $0.460543$ & $0.452942$ & $-0.2423$ & $-0.569235$ & $-0.00271856$ & $0.0469326$ & $0.399628$ & $0.535242$ & $1$ & $0.149079$ & $-0.00956913$ & $-0.314311$ & $0.612381$ & $0.514264$ & $0.52479$ & $-0.169015$ & $0.0268388$ & $-0.0758148$ & $-0.367581$ & $-0.29635$ & $0.211688$ & $0.019559$ & $0.0444698$ & $0.0185671$ & $-0.0439389$ & $0.0470876$ & $-0.0334299$ & $-0.00599232$ & $-0.0225095$ & $-0.00111176$ & $0.00759466$ & $-0.00893652$ & $0.00726747$ & $0.00610195$ & $0.0144443$ & $0.0191879$ & $-0.00473713$ & $0.0475363$ & $0.0265033$ & $-0.0403142$ & $0.0247833$ & $-0.00294099$ \\
CHL3_11 & $0.00574438$ & $-0.017257$ & $0.0122131$ & $-0.00252375$ & $-0.0109119$ & $-0.381929$ & $-0.127417$ & $-0.231542$ & $-0.231749$ & $0.132636$ & $-0.249158$ & $0.0907361$ & $0.15219$ & $0.625069$ & $0.185998$ & $0.149079$ & $1$ & $0.816518$ & $0.823612$ & $0.259134$ & $0.225503$ & $0.219605$ & $-0.100554$ & $0.753335$ & $0.851623$ & $-0.150256$ & $-0.151868$ & $0.0981151$ & $0.0422359$ & $0.119351$ & $0.0820869$ & $-0.134293$ & $0.135714$ & $-0.265298$ & $-0.0123887$ & $-0.0144973$ & $-0.00684819$ & $0.0129907$ & $0.0130314$ & $-0.00820733$ & $3.57502e-05$ & $-0.00224259$ & $-0.00309874$ & $0.0168023$ & $0.00495296$ & $0.0319644$ & $0.00227452$ & $-0.00816536$ & $-0.0101706$ \\
CHL3_22 & $0.00312462$ & $-0.0218759$ & $0.0103764$ & $-0.00227348$ & $-0.00461972$ & $-0.187707$ & $-0.113635$ & $-0.403956$ & $-0.40101$ & $0.227721$ & $-0.0260705$ & $0.08537$ & $0.128344$ & $0.589403$ & $-0.297409$ & $-0.00956913$ & $0.816518$ & $1$ & $0.784579$ & $0.0234997$ & $0.0214116$ & $0.0206951$ & $-0.0310517$ & $0.732959$ & $0.865327$ & $-0.00586631$ & $-0.041412$ & $0.00654417$ & $0.0364596$ & $0.105563$ & $0.0718382$ & $-0.11843$ & $0.120569$ & $-0.0683464$ & $-0.0198728$ & $-0.00620213$ & $-0.0185778$ & $0.00943425$ & $-0.00160172$ & $-0.00231596$ & $-0.00654913$ & $0.00660971$ & $-0.0153214$ & $0.0281511$ & $-0.00312865$ & $0.0267974$ & $0.0114715$ & $-0.0186454$ & $-0.00656566$ \\
CHL3_33 & $-0.00191967$ & $-0.0194373$ & $0.0174501$ & $-0.00568397$ & $-0.0122601$ & $-0.186966$ & $-0.120221$ & $-0.410015$ & $-0.406049$ & $0.22372$ & $-0.0217875$ & $0.10133$ & $0.141671$ & $0.58312$ & $0.0144734$ & $-0.314311$ & $0.823612$ & $0.784579$ & $1$ & $0.019498$ & $0.0169894$ & $0.0154376$ & $-0.0372048$ & $0.73921$ & $0.862008$ & $-0.00318321$ & $-0.0559809$ & $0.0132057$ & $0.0414937$ & $0.110507$ & $0.075105$ & $-0.123712$ & $0.12178$ & $-0.376601$ & $-0.00951379$ & $-0.0128356$ & $-0.00860414$ & $0.0139722$ & $0.0137007$ & $-0.0212827$ & $-0.00443883$ & $0.00114746$ & $-0.00362493$ & $0.0169972$ & $-0.0201592$ & $0.0122509$ & $0.0139418$ & $-0.0180779$ & $-0.0208285$ \\
CHe_11 & $-0.0234849$ & $-0.0187542$ & $0.010705$ & $-0.0136692$ & $-0.0107075$ & $-0.128226$ & $-0.0789645$ & $0.852493$ & $0.841771$ & $-0.469721$ & $-0.994526$ & $0.0100191$ & $0.109073$ & $0.676217$ & $0.615394$ & $0.612381$ & $0.259134$ & $0.0234997$ & $0.019498$ & $1$ & $0.984197$ & $0.972605$ & $-0.0494036$ & $-0.17483$ & $0.0702865$ & $-0.682814$ & $0.189304$ & $0.426933$ & $0.0220245$ & $0.0893712$ & $0.0408305$ & $-0.0916239$ & $0.0916713$ & $0.240933$ & $-0.0244591$ & $-0.0392831$ & $-0.00286188$ & $0.00795441$ & $0.00432904$ & $-0.0209975$ & $0.00826524$ & $0.00220786$ & $0.0184812$ & $-0.00291306$ & $0.0226398$ & $0.0219281$ & $-0.0394623$ & $0.0191311$ & $-0.027118$ \\
CHe_22 & $-0.028589$ & $-0.019475$ & $0.0100818$ & $-0.0143915$ & $-0.0122895$ & $-0.133797$ & $-0.0764083$ & $0.883917$ & $0.872744$ & $-0.48872$ & $-0.994823$ & $0.00608087$ & $0.10745$ & $0.63652$ & $0.513737$ & $0.514264$ & $0.225503$ & $0.0214116$ & $0.0169894$ & $0.984197$ & $1$ & $0.985931$ & $-0.00621747$ & $-0.252054$ & $0.0577655$ & $-0.690414$ & $0.308949$ & $0.433454$ & $0.0181643$ & $0.0859888$ & $0.0373122$ & $-0.0899505$ & $0.088854$ & $0.368451$ & $-0.026866$ & $-0.0346185$ & $-0.00342383$ & $0.00781987$ & $0.00480472$ & $-0.0227057$ & $0.00946955$ & $0.00074178$ & $0.0128266$ & $0.00102859$ & $0.0177669$ & $0.0211727$ & $-0.0368139$ & $0.0149464$ & $-0.0260517$ \\
CHe_33 & $-0.0342649$ & $-0.0167477$ & $0.00974155$ & $-0.0191771$ & $-0.0105475$ & $-0.132244$ & $-0.0774864$ & $0.874889$ & $0.863559$ & $-0.482375$ & $-0.982542$ & $0.0082556$ & $0.107919$ & $0.62492$ & $0.504877$ & $0.52479$ & $0.219605$ & $0.0206951$ & $0.0154376$ & $0.972605$ & $0.985931$ & $1$ & $-0.00204713$ & $-0.251402$ & $0.0567762$ & $-0.682649$ & $0.309294$ & $0.431698$ & $0.0173797$ & $0.0841394$ & $0.0383374$ & $-0.0904247$ & $0.089275$ & $0.370111$ & $-0.0252936$ & $-0.0309718$ & $-0.00425653$ & $0.0100961$ & $0.0059331$ & $-0.0248658$ & $0.0106832$ & $0.00399496$ & $0.0118746$ & $-0.002629$ & $0.0160798$ & $0.0224646$ & $-0.0348748$ & $0.018627$ & $-0.0212279$ \\
CHQ1_11 & $-0.00297025$ & $-0.0126214$ & $-0.00421221$ & $-0.0116796$ & $0.0133463$ & $0.00839495$ & $0.00393154$ & $0.0419987$ & $0.0396184$ & $-0.0192983$ & $0.0294701$ & $-0.00412948$ & $-0.0174176$ & $-0.109031$ & $-0.185579$ & $-0.169015$ & $-0.100554$ & $-0.0310517$ & $-0.0372048$ & $-0.0494036$ & $-0.00621747$ & $-0.00204713$ & $1$ & $-0.143175$ & $0.0296648$ & $-0.557817$ & $0.361233$ & $-0.00900681$ & $-0.00260466$ & $-0.0228893$ & $-0.0217792$ & $0.00407241$ & $-0.0149581$ & $0.211763$ & $0.00562807$ & $0.0134477$ & $-0.0135681$ & $-0.0326696$ & $0.0163326$ & $-0.0143544$ & $-0.0185449$ & $-0.0116247$ & $-0.0245955$ & $-0.0211704$ & $-0.014219$ & $-0.0126715$ & $0.00705745$ & $0.00499701$ & $0.0298363$ \\
CHQ1_33 & $-0.0206343$ & $-0.0188595$ & $0.0143609$ & $-0.0029711$ & $-0.00211628$ & $-0.139203$ & $-0.0945302$ & $-0.62897$ & $-0.622722$ & $0.35272$ & $0.208564$ & $0.095443$ & $0.103102$ & $0.440166$ & $0.0610731$ & $0.0268388$ & $0.753335$ & $0.732959$ & $0.73921$ & $-0.17483$ & $-0.252054$ & $-0.251402$ & $-0.143175$ & $1$ & $0.744574$ & $0.177287$ & $-0.396183$ & $-0.0396402$ & $0.0352178$ & $0.0872565$ & $0.0588804$ & $-0.0914623$ & $0.0998367$ & $-0.617831$ & $0.00657899$ & $-0.0137136$ & $-0.0185043$ & $0.00884295$ & $0.0119016$ & $0.00482823$ & $-0.0106333$ & $0.00578786$ & $0.00614726$ & $0.00844694$ & $-0.00648183$ & $0.012921$ & $0.0112176$ & $-0.00629298$ & $-0.00318585$ \\
CHQ3_11 & $-0.0839373$ & $-0.0386832$ & $0.0041195$ & $-0.00840035$ & $-0.00390726$ & $-0.222663$ & $-0.119626$ & $-0.370016$ & $-0.365301$ & $0.216044$ & $-0.0684499$ & $0.100671$ & $0.141703$ & $0.589211$ & $-0.0602274$ & $-0.0758148$ & $0.851623$ & $0.865327$ & $0.862008$ & $0.0702865$ & $0.0577655$ & $0.0567762$ & $0.0296648$ & $0.744574$ & $1$ & $-0.0280123$ & $0.134408$ & $0.0235842$ & $0.03436$ & $0.111444$ & $0.0758051$ & $-0.122236$ & $0.131772$ & $-0.243331$ & $0.00208946$ & $-0.0106623$ & $-0.0227652$ & $0.0025988$ & $0.0117757$ & $-0.0093467$ & $-0.0117061$ & $0.00262674$ & $0.00569393$ & $0.0120941$ & $-0.0142224$ & $0.0293083$ & $0.00682258$ & $-0.019815$ & $-0.00112039$ \\
CHu_11 & $-0.0133638$ & $0.0156387$ & $-0.0137734$ & $0.0130129$ & $0.000911997$ & $0.0851552$ & $0.0652886$ & $-0.613676$ & $-0.6038$ & $0.342523$ & $0.689298$ & $-0.0110328$ & $-0.0746134$ & $-0.441155$ & $-0.369075$ & $-0.367581$ & $-0.150256$ & $-0.00586631$ & $-0.00318321$ & $-0.682814$ & $-0.690414$ & $-0.682649$ & $-0.557817$ & $0.177287$ & $-0.0280123$ & $1$ & $-0.175835$ & $-0.288117$ & $-0.0214999$ & $-0.0563641$ & $-0.0151724$ & $0.0749983$ & $-0.0661758$ & $-0.243924$ & $0.0233242$ & $0.0171738$ & $0.00457577$ & $0.00659679$ & $-0.00435558$ & $0.0253511$ & $0.00488996$ & $0.000259501$ & $0.00542765$ & $0.00939862$ & $-0.00629987$ & $-0.00373259$ & $0.0234857$ & $-0.0223545$ & $0.00182007$ \\
CHd_11 & $-0.050938$ & $-0.0227078$ & $-0.0126284$ & $-0.00286222$ & $-0.00637577$ & $-0.0518152$ & $0.0157675$ & $0.382346$ & $0.380395$ & $-0.194885$ & $-0.245544$ & $-0.0239968$ & $-0.00655462$ & $-0.0731309$ & $-0.333644$ & $-0.29635$ & $-0.151868$ & $-0.041412$ & $-0.0559809$ & $0.189304$ & $0.308949$ & $0.309294$ & $0.361233$ & $-0.396183$ & $0.134408$ & $-0.175835$ & $1$ & $0.125535$ & $-0.0251895$ & $-0.0129634$ & $-0.0144308$ & $0.0115685$ & $-0.00360457$ & $0.682527$ & $0.003662$ & $0.00180992$ & $-0.0239679$ & $-0.0196941$ & $0.00472803$ & $-0.00821675$ & $-0.00428207$ & $-0.0151698$ & $-0.00958949$ & $0.000353781$ & $-0.0262436$ & $0.00330791$ & $0.00451575$ & $-0.0103736$ & $0.0172891$ \\
CHd_33 & $0.0179117$ & $0.00527339$ & $0.00148935$ & $-0.015742$ & $-1.34946e-06$ & $-0.0663724$ & $-0.0351494$ & $0.383854$ & $0.3787$ & $-0.19736$ & $-0.430827$ & $-0.0111821$ & $0.0269048$ & $0.273536$ & $0.225293$ & $0.211688$ & $0.0981151$ & $0.00654417$ & $0.0132057$ & $0.426933$ & $0.433454$ & $0.431698$ & $-0.00900681$ & $-0.0396402$ & $0.0235842$ & $-0.288117$ & $0.125535$ & $1$ & $-0.0111466$ & $0.0228854$ & $-0.00345395$ & $-0.0486753$ & $0.0297847$ & $0.161268$ & $-0.038334$ & $-0.0165886$ & $-0.0185071$ & $-0.0118725$ & $0.0139897$ & $-0.00778182$ & $0.0166067$ & $0.00385081$ & $0.00216282$ & $-0.000306653$ & $0.00549302$ & $-0.018392$ & $-0.0128947$ & $0.00396711$ & $0.00354521$ \\
CeH_22r & $0.00410339$ & $-0.00200872$ & $0.000233846$ & $0.00434707$ & $-0.000693279$ & $0.00606406$ & $-0.131714$ & $-0.00490145$ & $0.00181418$ & $-0.0496108$ & $-0.0207983$ & $0.184704$ & $0.195946$ & $0.0484778$ & $0.0245249$ & $0.019559$ & $0.0422359$ & $0.0364596$ & $0.0414937$ & $0.0220245$ & $0.0181643$ & $0.0173797$ & $-0.00260466$ & $0.0352178$ & $0.03436$ & $-0.0214999$ & $-0.0251895$ & $-0.0111466$ & $1$ & $0.170882$ & $0.0919456$ & $-0.125862$ & $0.17638$ & $-0.0289313$ & $0.00149929$ & $-0.0124985$ & $-0.0306534$ & $-0.00157496$ & $-0.0216092$ & $-0.000360373$ & $-0.00924828$ & $0.000994614$ & $0.00673221$ & $0.0366938$ & $0.0197263$ & $0.0245488$ & $-0.00551808$ & $0.0112533$ & $0.00402268$ \\
CeH_33r & $-0.0873158$ & $0.0145719$ & $0.0092561$ & $-0.00154613$ & $0.0105064$ & $-0.00774673$ & $-0.575206$ & $0.0218187$ & $0.0396108$ & $-0.221573$ & $-0.0893011$ & $0.704878$ & $0.731416$ & $0.147056$ & $0.0544694$ & $0.0444698$ & $0.119351$ & $0.105563$ & $0.110507$ & $0.0893712$ & $0.0859888$ & $0.0841394$ & $-0.0228893$ & $0.0872565$ & $0.111444$ & $-0.0563641$ & $-0.0129634$ & $0.0228854$ & $0.170882$ & $1$ & $0.510365$ & $-0.434641$ & $0.832712$ & $-0.0294435$ & $0.0433412$ & $0.0416804$ & $-0.150493$ & $-0.0042696$ & $-0.0104516$ & $-0.0434293$ & $0.0259885$ & $0.0204463$ & $-0.00749033$ & $0.0641408$ & $0.0262967$ & $-0.0149832$ & $-0.00772066$ & $-0.0501738$ & $-0.0137022$ \\
CuH_22r & $-0.0505144$ & $0.0172973$ & $-0.0059743$ & $0.0106511$ & $0.00187302$ & $-0.0248607$ & $-0.350457$ & $-0.00457753$ & $0.00889939$ & $-0.13774$ & $-0.0400403$ & $0.421656$ & $0.444484$ & $0.0785465$ & $0.0261674$ & $0.0185671$ & $0.0820869$ & $0.0718382$ & $0.075105$ & $0.0408305$ & $0.0373122$ & $0.0383374$ & $-0.0217792$ & $0.0588804$ & $0.0758051$ & $-0.0151724$ & $-0.0144308$ & $-0.00345395$ & $0.0919456$ & $0.510365$ & $1$ & $-0.253737$ & $0.531448$ & $-0.0250727$ & $0.0411426$ & $0.043068$ & $-0.062063$ & $-0.0187595$ & $0.00479877$ & $-0.0278904$ & $0.0048362$ & $0.0135135$ & $0.00792766$ & $0.0943191$ & $0.0165977$ & $0.0585125$ & $0.299444$ & $-0.010773$ & $-0.0204717$ \\
CuH_33r & $0.0585953$ & $-0.0332594$ & $-0.0442453$ & $0.00278843$ & $-0.0136019$ & $0.00206314$ & $0.955357$ & $-0.0185586$ & $0.00549052$ & $0.181285$ & $0.0917715$ & $-0.610367$ & $-0.669629$ & $-0.15225$ & $-0.0512095$ & $-0.0439389$ & $-0.134293$ & $-0.11843$ & $-0.123712$ & $-0.0916239$ & $-0.0899505$ & $-0.0904247$ & $0.00407241$ & $-0.0914623$ & $-0.122236$ & $0.0749983$ & $0.0115685$ & $-0.0486753$ & $-0.125862$ & $-0.434641$ & $-0.253737$ & $1$ & $-0.43377$ & $0.0249181$ & $-0.050849$ & $-0.00684527$ & $0.0201953$ & $-0.00863105$ & $0.0163152$ & $0.0114076$ & $-0.0512358$ & $-0.00736499$ & $0.00453844$ & $-0.022389$ & $0.0246824$ & $0.041342$ & $0.0367192$ & $0.0574696$ & $0.00277337$ \\
CdH_33r & $-0.125028$ & $0.0104833$ & $-0.0112998$ & $0.0191816$ & $0.0129008$ & $-0.030566$ & $-0.586446$ & $0.0182624$ & $0.0383955$ & $-0.223354$ & $-0.0919766$ & $0.712537$ & $0.724552$ & $0.149971$ & $0.0491173$ & $0.0470876$ & $0.135714$ & $0.120569$ & $0.12178$ & $0.0916713$ & $0.088854$ & $0.089275$ & $-0.0149581$ & $0.0998367$ & $0.131772$ & $-0.0661758$ & $-0.00360457$ & $0.0297847$ & $0.17638$ & $0.832712$ & $0.531448$ & $-0.43377$ & $1$ & $-0.0240721$ & $0.0345148$ & $0.0371786$ & $-0.22014$ & $-0.0115377$ & $-0.00849568$ & $-0.0336631$ & $0.0430095$ & $0.0267685$ & $-0.0109978$ & $0.0554111$ & $-0.0146242$ & $-0.0272908$ & $-0.00322651$ & $0.0596049$ & $0.287407$ \\
CLL_1221 & $-0.0168345$ & $0.0193188$ & $-0.00792782$ & $-0.00590207$ & $-0.0095256$ & $-0.0902513$ & $0.0321174$ & $0.516998$ & $0.51012$ & $-0.284969$ & $-0.29934$ & $-0.0559872$ & $-0.0301781$ & $-0.194169$ & $-0.49604$ & $-0.0334299$ & $-0.265298$ & $-0.0683464$ & $-0.376601$ & $0.240933$ & $0.368451$ & $0.370111$ & $0.211763$ & $-0.617831$ & $-0.243331$ & $-0.243924$ & $0.682527$ & $0.161268$ & $-0.0289313$ & $-0.0294435$ & $-0.0250727$ & $0.0249181$ & $-0.0240721$ & $1$ & $-0.0186279$ & $0.0146936$ & $-0.00443797$ & $-0.00890996$ & $-0.00624451$ & $-0.000324248$ & $0.00679161$ & $-0.00809925$ & $-0.0271157$ & $0.00461926$ & $0.00339359$ & $0.00950132$ & $-0.000979073$ & $-1.50698e-05$ & $0.0220953$ \\
eHggint & $-0.100845$ & $-0.0171565$ & $0.0231802$ & $0.0645303$ & $-0.0249042$ & $0.018594$ & $-0.113069$ & $-0.0181468$ & $-0.0298955$ & $0.0326436$ & $0.0268615$ & $0.158$ & $0.138096$ & $-0.0289847$ & $0.00235311$ & $-0.00599232$ & $-0.0123887$ & $-0.0198728$ & $-0.00951379$ & $-0.0244591$ & $-0.026866$ & $-0.0252936$ & $0.00562807$ & $0.00657899$ & $0.00208946$ & $0.0233242$ & $0.003662$ & $-0.038334$ & $0.00149929$ & $0.0433412$ & $0.0411426$ & $-0.050849$ & $0.0345148$ & $-0.0186279$ & $1$ & $-0.113621$ & $0.149035$ & $-0.021798$ & $0.0236068$ & $-0.0250445$ & $0.0887086$ & $-0.0150798$ & $0.0168044$ & $-0.039355$ & $0.00786635$ & $-0.00100955$ & $0.0253296$ & $0.0121882$ & $-0.0481972$ \\
eHggpar & $-0.00602705$ & $0.0377555$ & $0.116113$ & $0.0979037$ & $0.045485$ & $-0.0296509$ & $-0.0336321$ & $-0.0253032$ & $-0.0325517$ & $0.0306779$ & $0.0373829$ & $0.0758966$ & $0.0601186$ & $-0.0375608$ & $-0.0354496$ & $-0.0225095$ & $-0.0144973$ & $-0.00620213$ & $-0.0128356$ & $-0.0392831$ & $-0.0346185$ & $-0.0309718$ & $0.0134477$ & $-0.0137136$ & $-0.0106623$ & $0.0171738$ & $0.00180992$ & $-0.0165886$ & $-0.0124985$ & $0.0416804$ & $0.043068$ & $-0.00684527$ & $0.0371786$ & $0.0146936$ & $-0.113621$ & $1$ & $-0.069427$ & $-0.0245797$ & $-0.0448197$ & $0.0164644$ & $-0.0433414$ & $-0.0206878$ & $-0.0895168$ & $0.0559469$ & $0.0814924$ & $-0.00548574$ & $0.0379625$ & $-0.0804863$ & $0.00862922$ \\
eHWWint & $0.000444359$ & $0.0217909$ & $0.065207$ & $-0.0565222$ & $-0.0162996$ & $0.0157788$ & $0.0350869$ & $0.00162453$ & $-0.00885967$ & $0.0231487$ & $0.00455911$ & $-0.0327132$ & $-0.0301777$ & $-0.0155491$ & $0.0100016$ & $-0.00111176$ & $-0.00684819$ & $-0.0185778$ & $-0.00860414$ & $-0.00286188$ & $-0.00342383$ & $-0.00425653$ & $-0.0135681$ & $-0.0185043$ & $-0.0227652$ & $0.00457577$ & $-0.0239679$ & $-0.0185071$ & $-0.0306534$ & $-0.150493$ & $-0.062063$ & $0.0201953$ & $-0.22014$ & $-0.00443797$ & $0.149035$ & $-0.069427$ & $1$ & $0.00358624$ & $-0.110413$ & $-0.00326818$ & $0.0513564$ & $-0.0173055$ & $0.0448709$ & $-0.147594$ & $0.050393$ & $-0.0207899$ & $0.0657187$ & $-0.000800794$ & $-0.17163$ \\
eHWWpar & $0.00443072$ & $0.0132493$ & $-0.033301$ & $-0.000944549$ & $-0.0199246$ & $0.00176699$ & $-0.00321982$ & $0.000504641$ & $0.00226434$ & $0.00603601$ & $-0.00907785$ & $0.0067463$ & $0.00893388$ & $0.017779$ & $0.0103147$ & $0.00759466$ & $0.0129907$ & $0.00943425$ & $0.0139722$ & $0.00795441$ & $0.00781987$ & $0.0100961$ & $-0.0326696$ & $0.00884295$ & $0.0025988$ & $0.00659679$ & $-0.0196941$ & $-0.0118725$ & $-0.00157496$ & $-0.0042696$ & $-0.0187595$ & $-0.00863105$ & $-0.0115377$ & $-0.00890996$ & $-0.021798$ & $-0.0245797$ & $0.00358624$ & $1$ & $-0.0338192$ & $0.015914$ & $-0.00531248$ & $-0.0072945$ & $-0.0166299$ & $-0.0384113$ & $-0.00315982$ & $-0.0204583$ & $-0.00412109$ & $-0.0250997$ & $-0.0180522$ \\
eHZZint & $-0.0743182$ & $0.0976258$ & $-0.0457634$ & $0.0595195$ & $0.0146638$ & $0.0113317$ & $0.0085554$ & $-0.002423$ & $-0.00535036$ & $0.00586253$ & $-0.00302876$ & $-0.016499$ & $-0.0175533$ & $0.00179528$ & $0.0156904$ & $-0.00893652$ & $0.0130314$ & $-0.00160172$ & $0.0137007$ & $0.00432904$ & $0.00480472$ & $0.0059331$ & $0.0163326$ & $0.0119016$ & $0.0117757$ & $-0.00435558$ & $0.00472803$ & $0.0139897$ & $-0.0216092$ & $-0.0104516$ & $0.00479877$ & $0.0163152$ & $-0.00849568$ & $-0.00624451$ & $0.0236068$ & $-0.0448197$ & $-0.110413$ & $-0.0338192$ & $1$ & $-0.0160525$ & $-0.0279014$ & $-0.0224415$ & $-0.028133$ & $-0.059794$ & $-0.00227983$ & $0.0922153$ & $0.00795747$ & $0.0362572$ & $0.00259042$ \\
eHZZpar & $0.0197501$ & $-0.0249331$ & $0.0100798$ & $0.0171683$ & $0.0230231$ & $-0.00581703$ & $0.00938791$ & $-0.0156493$ & $-0.020027$ & $0.0128438$ & $0.0208128$ & $-0.0349607$ & $-0.037117$ & $-0.0221111$ & $-0.0157277$ & $0.00726747$ & $-0.00820733$ & $-0.00231596$ & $-0.0212827$ & $-0.0209975$ & $-0.0227057$ & $-0.0248658$ & $-0.0143544$ & $0.00482823$ & $-0.0093467$ & $0.0253511$ & $-0.00821675$ & $-0.00778182$ & $-0.000360373$ & $-0.0434293$ & $-0.0278904$ & $0.0114076$ & $-0.0336631$ & $-0.000324248$ & $-0.0250445$ & $0.0164644$ & $-0.00326818$ & $0.015914$ & $-0.0160525$ & $1$ & $0.0158442$ & $0.00602638$ & $-0.0158244$ & $0.0140534$ & $-0.029191$ & $-0.0250102$ & $0.00888068$ & $-0.0063428$ & $0.00240103$ \\
eHZgaint & $0.0409309$ & $0.00302873$ & $-0.00649725$ & $-0.0626433$ & $-0.00652616$ & $0.00255631$ & $-0.0501919$ & $0.0105307$ & $0.00354749$ & $-0.0763051$ & $-0.00887312$ & $0.0368461$ & $0.052112$ & $-0.000334336$ & $0.00616039$ & $0.00610195$ & $3.57502e-05$ & $-0.00654913$ & $-0.00443883$ & $0.00826524$ & $0.00946955$ & $0.0106832$ & $-0.0185449$ & $-0.0106333$ & $-0.0117061$ & $0.00488996$ & $-0.00428207$ & $0.0166067$ & $-0.00924828$ & $0.0259885$ & $0.0048362$ & $-0.0512358$ & $0.0430095$ & $0.00679161$ & $0.0887086$ & $-0.0433414$ & $0.0513564$ & $-0.00531248$ & $-0.0279014$ & $0.0158442$ & $1$ & $-0.00205986$ & $-0.0658188$ & $0.0449535$ & $-0.0695949$ & $-0.0138977$ & $-0.0752651$ & $-0.0404491$ & $0.0538925$ \\
eHZgapar & $-0.036475$ & $-0.0259304$ & $0.0136076$ & $-0.0432848$ & $-0.00629503$ & $0.0282464$ & $-0.0121497$ & $-0.000699703$ & $0.00411296$ & $-0.0139051$ & $-0.00189655$ & $0.0155257$ & $0.0225376$ & $0.0129565$ & $-0.000330842$ & $0.0144443$ & $-0.00224259$ & $0.00660971$ & $0.00114746$ & $0.00220786$ & $0.00074178$ & $0.00399496$ & $-0.0116247$ & $0.00578786$ & $0.00262674$ & $0.000259501$ & $-0.0151698$ & $0.00385081$ & $0.000994614$ & $0.0204463$ & $0.0135135$ & $-0.00736499$ & $0.0267685$ & $-0.00809925$ & $-0.0150798$ & $-0.0206878$ & $-0.0173055$ & $-0.0072945$ & $-0.0224415$ & $0.00602638$ & $-0.00205986$ & $1$ & $0.0117592$ & $0.00333058$ & $-0.0026226$ & $0.00185053$ & $0.0153166$ & $0.0135185$ & $-0.00218698$ \\
eHgagaint & $-0.0770196$ & $0.0545016$ & $0.129408$ & $-0.0453716$ & $-0.0229671$ & $0.0159013$ & $0.00204411$ & $0.0106481$ & $0.0612863$ & $-0.00901669$ & $-0.0130916$ & $-0.0282224$ & $-0.0184721$ & $0.0184274$ & $0.0387747$ & $0.0191879$ & $-0.00309874$ & $-0.0153214$ & $-0.00362493$ & $0.0184812$ & $0.0128266$ & $0.0118746$ & $-0.0245955$ & $0.00614726$ & $0.00569393$ & $0.00542765$ & $-0.00958949$ & $0.00216282$ & $0.00673221$ & $-0.00749033$ & $0.00792766$ & $0.00453844$ & $-0.0109978$ & $-0.0271157$ & $0.0168044$ & $-0.0895168$ & $0.0448709$ & $-0.0166299$ & $-0.028133$ & $-0.0158244$ & $-0.0658188$ & $0.0117592$ & $1$ & $-0.084265$ & $-0.0440189$ & $0.0677773$ & $0.0718882$ & $0.0160475$ & $-0.0188545$ \\
eHmumuint & $0.110278$ & $-0.120792$ & $0.0103475$ & $0.111216$ & $0.014569$ & $-0.0300627$ & $-0.0280309$ & $-0.00564508$ & $-0.00775145$ & $-0.00976807$ & $-0.00259039$ & $0.0334788$ & $0.045324$ & $0.0155027$ & $-0.0183891$ & $-0.00473713$ & $0.0168023$ & $0.0281511$ & $0.0169972$ & $-0.00291306$ & $0.00102859$ & $-0.002629$ & $-0.0211704$ & $0.00844694$ & $0.0120941$ & $0.00939862$ & $0.000353781$ & $-0.000306653$ & $0.0366938$ & $0.0641408$ & $0.0943191$ & $-0.022389$ & $0.0554111$ & $0.00461926$ & $-0.039355$ & $0.0559469$ & $-0.147594$ & $-0.0384113$ & $-0.059794$ & $0.0140534$ & $0.0449535$ & $0.00333058$ & $-0.084265$ & $1$ & $0.0987377$ & $0.0655735$ & $0.0958277$ & $0.00408551$ & $-0.0410789$ \\
eHtautauint & $0.0162694$ & $0.199321$ & $-0.15759$ & $0.0995556$ & $0.0100542$ & $-0.0114201$ & $0.0247263$ & $0.0108539$ & $0.00971266$ & $-0.0125301$ & $-0.0175317$ & $-0.0444739$ & $-0.0280978$ & $0.00795399$ & $0.0205406$ & $0.0475363$ & $0.00495296$ & $-0.00312865$ & $-0.0201592$ & $0.0226398$ & $0.0177669$ & $0.0160798$ & $-0.014219$ & $-0.00648183$ & $-0.0142224$ & $-0.00629987$ & $-0.0262436$ & $0.00549302$ & $0.0197263$ & $0.0262967$ & $0.0165977$ & $0.0246824$ & $-0.0146242$ & $0.00339359$ & $0.00786635$ & $0.0814924$ & $0.050393$ & $-0.00315982$ & $-0.00227983$ & $-0.029191$ & $-0.0695949$ & $-0.0026226$ & $-0.0440189$ & $0.0987377$ & $1$ & $0.0888993$ & $0.057376$ & $-0.0107868$ & $-0.0182913$ \\
eHccint & $-0.0526529$ & $0.0893909$ & $0.0169751$ & $0.0310057$ & $-0.0184792$ & $-0.0329033$ & $0.0487016$ & $0.00536657$ & $0.010235$ & $0.00808803$ & $-0.021126$ & $-0.0514071$ & $-0.0393047$ & $0.0260436$ & $0.00785291$ & $0.0265033$ & $0.0319644$ & $0.0267974$ & $0.0122509$ & $0.0219281$ & $0.0211727$ & $0.0224646$ & $-0.0126715$ & $0.012921$ & $0.0293083$ & $-0.00373259$ & $0.00330791$ & $-0.018392$ & $0.0245488$ & $-0.0149832$ & $0.0585125$ & $0.041342$ & $-0.0272908$ & $0.00950132$ & $-0.00100955$ & $-0.00548574$ & $-0.0207899$ & $-0.0204583$ & $0.0922153$ & $-0.0250102$ & $-0.0138977$ & $0.00185053$ & $0.0677773$ & $0.0655735$ & $0.0888993$ & $1$ & $0.00117813$ & $0.0320478$ & $-0.0111534$ \\
eHccpar & $0.053638$ & $0.0529649$ & $0.0117777$ & $0.0491115$ & $0.0342769$ & $-0.0093908$ & $0.026987$ & $-0.0382037$ & $-0.0339406$ & $0.0337245$ & $0.0387923$ & $-0.00688752$ & $-0.010267$ & $-0.0240312$ & $-0.0334173$ & $-0.0403142$ & $0.00227452$ & $0.0114715$ & $0.0139418$ & $-0.0394623$ & $-0.0368139$ & $-0.0348748$ & $0.00705745$ & $0.0112176$ & $0.00682258$ & $0.0234857$ & $0.00451575$ & $-0.0128947$ & $-0.00551808$ & $-0.00772066$ & $0.299444$ & $0.0367192$ & $-0.00322651$ & $-0.000979073$ & $0.0253296$ & $0.0379625$ & $0.0657187$ & $-0.00412109$ & $0.00795747$ & $0.00888068$ & $-0.0752651$ & $0.0153166$ & $0.0718882$ & $0.0958277$ & $0.057376$ & $0.00117813$ & $1$ & $0.0544008$ & $0.00225077$ \\
eHbbint & $-0.0121708$ & $0.0665548$ & $-0.0127922$ & $0.00921955$ & $-0.00666699$ & $-0.0114228$ & $0.0628137$ & $0.0186927$ & $0.02266$ & $0.0172719$ & $-0.0166782$ & $-0.0698229$ & $-0.077161$ & $-0.00271223$ & $0.0221338$ & $0.0247833$ & $-0.00816536$ & $-0.0186454$ & $-0.0180779$ & $0.0191311$ & $0.0149464$ & $0.018627$ & $0.00499701$ & $-0.00629298$ & $-0.019815$ & $-0.0223545$ & $-0.0103736$ & $0.00396711$ & $0.0112533$ & $-0.0501738$ & $-0.010773$ & $0.0574696$ & $0.0596049$ & $-1.50698e-05$ & $0.0121882$ & $-0.0804863$ & $-0.000800794$ & $-0.0250997$ & $0.0362572$ & $-0.0063428$ & $-0.0404491$ & $0.0135185$ & $0.0160475$ & $0.00408551$ & $-0.0107868$ & $0.0320478$ & $0.0544008$ & $1$ & $0.0278422$ \\
eHbbpar & $-0.0650641$ & $0.0203186$ & $-0.0487115$ & $0.0604425$ & $0.00195799$ & $-0.0391777$ & $0.00808277$ & $-0.0163116$ & $-0.0130567$ & $0.0187725$ & $0.0276865$ & $-0.0274638$ & $-0.0504572$ & $-0.0438459$ & $-0.0295543$ & $-0.00294099$ & $-0.0101706$ & $-0.00656566$ & $-0.0208285$ & $-0.027118$ & $-0.0260517$ & $-0.0212279$ & $0.0298363$ & $-0.00318585$ & $-0.00112039$ & $0.00182007$ & $0.0172891$ & $0.00354521$ & $0.00402268$ & $-0.0137022$ & $-0.0204717$ & $0.00277337$ & $0.287407$ & $0.0220953$ & $-0.0481972$ & $0.00862922$ & $-0.17163$ & $-0.0180522$ & $0.00259042$ & $0.00240103$ & $0.0538925$ & $-0.00218698$ & $-0.0188545$ & $-0.0410789$ & $-0.0182913$ & $-0.0111534$ & $0.00225077$ & $0.0278422$ & $1$ \\
