 & AlsMz & dAle5Mz & mtop & mHl & Mz & CW & CHG & CHWB & CHWHB_gaga & CHWHB_gagaorth & CHD & CHbox & CHL1_11 & CHL1_22 & CHL1_33 & CHL3_11 & CHL3_22 & CHL3_33 & CHe_11 & CHe_22 & CHe_33 & CHQ1_11 & CHQ1_33 & CHQ3_11 & CHu_11 & CHd_11 & CHd_33 & CeH_22r & CeH_33r & CuH_22r & CuH_33r & CdH_33r & CLL_1221 & eHggint & eHggpar & eHWWint & eHWWpar & eHZZint & eHZZpar & eHZgaint & eHZgapar & eHgagaint & eHmumuint & eHtautauint & eHccint & eHccpar & eHbbint & eHbbpar \\
AlsMz & $1$ & $-0.119211$ & $0.428793$ & $0.225789$ & $-0.0304493$ & $0.00893923$ & $0.0812982$ & $-0.0307185$ & $-0.028068$ & $0.122759$ & $-0.0261762$ & $0.0893597$ & $0.0831036$ & $0.0506905$ & $0.0236093$ & $0.119644$ & $0.0748957$ & $0.0979511$ & $0.0290873$ & $0.0186269$ & $0.0241194$ & $-0.0622291$ & $0.086947$ & $0.0665224$ & $0.0224946$ & $-0.054229$ & $0.0557415$ & $-0.000779263$ & $-0.0112544$ & $0.0125229$ & $0.093756$ & $0.01523$ & $-0.0578575$ & $-0.335835$ & $0.241558$ & $0.0546197$ & $-0.0905293$ & $0.172353$ & $-0.148236$ & $0.242545$ & $-0.287099$ & $-0.271479$ & $0.0992577$ & $0.0105178$ & $0.306135$ & $-0.027687$ & $-0.131343$ & $0.0408258$ \\
dAle5Mz & $-0.119211$ & $1$ & $0.223597$ & $-0.185606$ & $0.0289743$ & $-0.000593142$ & $0.250471$ & $-0.000163367$ & $0.0164556$ & $0.0163597$ & $-0.00172025$ & $0.00172754$ & $0.0150386$ & $-0.0101891$ & $-0.0338629$ & $5.76633e-05$ & $0.00442303$ & $0.0299184$ & $-0.000662027$ & $0.00924672$ & $0.0150695$ & $-0.0166074$ & $-0.0421908$ & $0.0117425$ & $-0.0181953$ & $-0.0020932$ & $-0.0289417$ & $0.0134324$ & $0.0179285$ & $-0.0220024$ & $0.257379$ & $0.033345$ & $0.00859493$ & $-0.145026$ & $-0.20823$ & $0.0240345$ & $-0.0576964$ & $-0.0773141$ & $0.197311$ & $0.00875147$ & $-0.233431$ & $0.256656$ & $-0.152403$ & $0.101186$ & $-0.103662$ & $-0.122669$ & $0.0219234$ & $0.407473$ \\
mtop & $0.428793$ & $0.223597$ & $1$ & $0.18801$ & $-0.00947381$ & $-0.00353502$ & $0.351499$ & $-0.0428951$ & $-0.0206264$ & $0.0870471$ & $0.00978936$ & $0.0547923$ & $0.0478508$ & $0.00194795$ & $0.00915117$ & $0.0616788$ & $0.0631839$ & $0.0574072$ & $-0.00683034$ & $-0.0123172$ & $-0.00618256$ & $-0.00946533$ & $0.0345283$ & $0.0399193$ & $0.00610716$ & $-0.0514699$ & $-0.021672$ & $-0.0019082$ & $0.0130355$ & $0.00353565$ & $0.365287$ & $0.0133888$ & $-0.0325227$ & $-0.172997$ & $-0.0413175$ & $-0.197308$ & $0.260709$ & $0.0852548$ & $-0.236027$ & $0.0754415$ & $-0.0760275$ & $-0.0102408$ & $-0.073526$ & $-0.131641$ & $0.269562$ & $-0.179047$ & $0.0281482$ & $-0.0818524$ \\
mHl & $0.225789$ & $-0.185606$ & $0.18801$ & $1$ & $0.0111134$ & $0.00628777$ & $0.0326736$ & $-0.0759191$ & $-0.0771877$ & $0.0557543$ & $0.0255463$ & $-0.0255961$ & $0.0676411$ & $0.0423251$ & $-0.00731725$ & $0.0963189$ & $0.0626361$ & $0.0972848$ & $-0.0229118$ & $-0.0336746$ & $-0.0380006$ & $0.00950541$ & $0.0910917$ & $0.0913482$ & $0.0085452$ & $-0.0505542$ & $-0.0190403$ & $0.0148755$ & $-0.0544548$ & $-0.0619828$ & $0.0241525$ & $-0.1114$ & $-0.095852$ & $0.257652$ & $0.114782$ & $0.0937256$ & $0.133972$ & $0.00685612$ & $0.134871$ & $-0.00165732$ & $-0.0149691$ & $0.0762166$ & $0.382002$ & $-0.0852852$ & $-0.217234$ & $-0.424152$ & $-0.482271$ & $-0.529296$ \\
Mz & $-0.0304493$ & $0.0289743$ & $-0.00947381$ & $0.0111134$ & $1$ & $0.0736539$ & $0.0153203$ & $0.00404731$ & $-0.00311672$ & $-0.0406219$ & $0.0161048$ & $0.00393281$ & $-0.0222155$ & $0.00509583$ & $0.0338907$ & $-0.0280022$ & $-0.0275006$ & $-0.0466645$ & $-0.00746962$ & $-0.0103977$ & $-0.0123548$ & $0.00191937$ & $-0.00540972$ & $-0.0191342$ & $0.000264072$ & $0.00660343$ & $-0.0201192$ & $0.0240529$ & $0.0313954$ & $0.015126$ & $0.024692$ & $0.0446258$ & $-0.00221293$ & $0.0497892$ & $0.0179929$ & $-0.0571892$ & $0.0289369$ & $0.0189515$ & $-0.0515673$ & $-0.0594964$ & $0.025463$ & $0.0517342$ & $-0.0526507$ & $0.078932$ & $0.0260124$ & $0.0602114$ & $-0.0196865$ & $0.0331263$ \\
CW & $0.00893923$ & $-0.000593142$ & $-0.00353502$ & $0.00628777$ & $0.0736539$ & $1$ & $-0.0276213$ & $-0.0890601$ & $-0.0866269$ & $0.00389699$ & $0.139384$ & $0.0533824$ & $0.0430964$ & $-0.122182$ & $-0.0702355$ & $-0.241431$ & $-0.00781172$ & $-0.0511632$ & $-0.140721$ & $-0.138095$ & $-0.135528$ & $0.0376366$ & $-0.0373604$ & $-0.0845212$ & $0.0581588$ & $-0.0509426$ & $-0.00378777$ & $0.0128006$ & $-0.0039342$ & $-0.0287864$ & $-0.0249579$ & $-0.00430965$ & $-0.0491656$ & $0.0694161$ & $0.0326765$ & $0.0459362$ & $0.0247657$ & $0.0415116$ & $0.0139409$ & $0.0277275$ & $0.00282674$ & $-0.00734714$ & $0.0726429$ & $0.0278098$ & $-0.0381814$ & $0.00733715$ & $-0.0234547$ & $-0.0071723$ \\
CHG & $0.0812982$ & $0.250471$ & $0.351499$ & $0.0326736$ & $0.0153203$ & $-0.0276213$ & $1$ & $0.094733$ & $0.144353$ & $-0.0659122$ & $-0.0673041$ & $-0.0568199$ & $-0.0222202$ & $0.017063$ & $0.0321612$ & $-0.0474321$ & $-0.0628443$ & $-0.0691973$ & $0.0645552$ & $0.0703373$ & $0.0731406$ & $0.0742172$ & $-0.0750502$ & $-0.0596665$ & $-0.0821578$ & $0.0535832$ & $0.0205107$ & $-0.0169495$ & $-0.0299406$ & $-0.0150752$ & $0.925662$ & $-0.069247$ & $0.0615186$ & $-0.148584$ & $-0.0263672$ & $-0.33916$ & $-0.0323141$ & $0.0345997$ & $-0.135425$ & $0.179338$ & $-0.0222937$ & $-0.0451515$ & $-0.293434$ & $-0.0210651$ & $0.193455$ & $0.0775041$ & $0.259492$ & $0.103837$ \\
CHWB & $-0.0307185$ & $-0.000163367$ & $-0.0428951$ & $-0.0759191$ & $0.00404731$ & $-0.0890601$ & $0.094733$ & $1$ & $0.984438$ & $-0.521401$ & $-0.878242$ & $-0.260714$ & $0.157362$ & $0.299267$ & $0.307484$ & $-0.173278$ & $-0.39516$ & $-0.37602$ & $0.847862$ & $0.897578$ & $0.880531$ & $0.0647136$ & $-0.636798$ & $-0.363753$ & $-0.51616$ & $0.410744$ & $0.272375$ & $0.00341289$ & $0.0422258$ & $0.0341114$ & $0.08963$ & $0.0335507$ & $0.542849$ & $0.025514$ & $0.130934$ & $-0.162287$ & $-0.0150805$ & $0.0536624$ & $-0.00479733$ & $-0.0277407$ & $-0.0211629$ & $0.00545018$ & $-0.0548449$ & $0.030167$ & $0.0580333$ & $0.0622557$ & $0.0302948$ & $0.0109124$ \\
CHWHB_gaga & $-0.028068$ & $0.0164556$ & $-0.0206264$ & $-0.0771877$ & $-0.00311672$ & $-0.0866269$ & $0.144353$ & $0.984438$ & $1$ & $-0.509587$ & $-0.859683$ & $-0.232781$ & $0.144558$ & $0.294387$ & $0.30376$ & $-0.181186$ & $-0.398868$ & $-0.379007$ & $0.830171$ & $0.878782$ & $0.863709$ & $0.068218$ & $-0.632282$ & $-0.366916$ & $-0.507488$ & $0.404763$ & $0.266263$ & $0.0117156$ & $0.0639318$ & $0.0476843$ & $0.129767$ & $0.0584765$ & $0.534118$ & $0.0137953$ & $0.122857$ & $-0.178293$ & $-0.0124361$ & $0.0465397$ & $-0.00482401$ & $-0.0254265$ & $-0.0207088$ & $0.0128013$ & $-0.0728053$ & $0.0279342$ & $0.0675677$ & $0.0581979$ & $0.0462612$ & $0.0202486$ \\
CHWHB_gagaorth & $0.122759$ & $0.0163597$ & $0.0870471$ & $0.0557543$ & $-0.0406219$ & $0.00389699$ & $-0.0659122$ & $-0.521401$ & $-0.509587$ & $1$ & $0.271605$ & $0.656674$ & $0.273009$ & $-0.0579914$ & $-0.101534$ & $0.464812$ & $0.499301$ & $0.51518$ & $-0.253276$ & $-0.293317$ & $-0.291003$ & $-0.0974759$ & $0.571248$ & $0.486017$ & $0.181098$ & $-0.260448$ & $-0.0773594$ & $-0.00914505$ & $-0.0911459$ & $-0.0387847$ & $-0.0526203$ & $-0.109961$ & $-0.36018$ & $-0.111192$ & $0.0667472$ & $0.147173$ & $-0.0651742$ & $0.0886239$ & $-0.00155293$ & $-0.0630827$ & $-0.0778762$ & $0.00293392$ & $0.118322$ & $-0.0992517$ & $0.0835318$ & $-0.0958526$ & $-0.0255877$ & $-0.0784432$ \\
CHD & $-0.0261762$ & $-0.00172025$ & $0.00978936$ & $0.0255463$ & $0.0161048$ & $0.139384$ & $-0.0673041$ & $-0.878242$ & $-0.859683$ & $0.271605$ & $1$ & $0.249904$ & $-0.563276$ & $-0.450027$ & $-0.4224$ & $-0.284639$ & $0.032059$ & $-0.00210745$ & $-0.99087$ & $-0.991568$ & $-0.968996$ & $0.0134132$ & $0.26137$ & $-0.0193573$ & $0.562451$ & $-0.251274$ & $-0.300376$ & $0.00318003$ & $-0.027914$ & $-0.0111372$ & $-0.0568466$ & $-0.0183761$ & $-0.319691$ & $0.0462535$ & $-0.172397$ & $0.0917489$ & $0.0401068$ & $-0.101414$ & $0.00801285$ & $0.0430031$ & $0.0500568$ & $0.0134628$ & $-0.030508$ & $0.0163247$ & $-0.105639$ & $-0.017301$ & $0.00149847$ & $0.0410847$ \\
CHbox & $0.0893597$ & $0.00172754$ & $0.0547923$ & $-0.0255961$ & $0.00393281$ & $0.0533824$ & $-0.0568199$ & $-0.260714$ & $-0.232781$ & $0.656674$ & $0.249904$ & $1$ & $-0.0980894$ & $-0.0289235$ & $-0.0429044$ & $-0.012715$ & $0.0270469$ & $0.0410061$ & $-0.227764$ & $-0.261519$ & $-0.252578$ & $-0.0538052$ & $0.158026$ & $0.0436762$ & $0.165312$ & $-0.136309$ & $-0.0896648$ & $0.017561$ & $0.18813$ & $0.0504928$ & $0.0138383$ & $0.253023$ & $-0.189901$ & $-0.0591223$ & $0.0666662$ & $0.0398062$ & $-0.0707259$ & $0.0547136$ & $-0.0208836$ & $-0.074402$ & $-0.058248$ & $0.0221057$ & $0.000949716$ & $-0.0661664$ & $0.0803996$ & $-0.0405743$ & $0.0297575$ & $-0.021071$ \\
CHL1_11 & $0.0831036$ & $0.0150386$ & $0.0478508$ & $0.0676411$ & $-0.0222155$ & $0.0430964$ & $-0.0222202$ & $0.157362$ & $0.144558$ & $0.273009$ & $-0.563276$ & $-0.0980894$ & $1$ & $0.330257$ & $0.270328$ & $0.666615$ & $0.579432$ & $0.607718$ & $0.582291$ & $0.52454$ & $0.50402$ & $-0.103994$ & $0.447386$ & $0.582764$ & $-0.292564$ & $-0.12691$ & $0.155281$ & $-0.0135488$ & $-0.00670821$ & $-0.0346229$ & $-0.0341583$ & $-0.0168795$ & $-0.224861$ & $-0.117584$ & $0.162187$ & $0.0726627$ & $-0.0440758$ & $0.136933$ & $-0.00485936$ & $-0.0348253$ & $-0.0632957$ & $-0.037726$ & $0.169341$ & $-0.0503114$ & $0.0981722$ & $-0.0552078$ & $-0.0538519$ & $-0.107611$ \\
CHL1_22 & $0.0506905$ & $-0.0101891$ & $0.00194795$ & $0.0423251$ & $0.00509583$ & $-0.122182$ & $0.017063$ & $0.299267$ & $0.294387$ & $-0.0579914$ & $-0.450027$ & $-0.0289235$ & $0.330257$ & $1$ & $0.445427$ & $0.257354$ & $-0.408862$ & $0.0502402$ & $0.513413$ & $0.367624$ & $0.35347$ & $-0.178002$ & $0.163768$ & $-0.066768$ & $-0.213834$ & $-0.396285$ & $0.0728954$ & $0.025795$ & $0.00872272$ & $-0.0114605$ & $0.00781918$ & $0.00141041$ & $-0.611266$ & $-0.0504415$ & $0.0608137$ & $0.0392419$ & $-0.0316122$ & $0.022668$ & $-0.00268222$ & $-0.0133605$ & $-0.0579849$ & $-0.0470722$ & $0.0944296$ & $-0.122439$ & $0.0578143$ & $-0.0508692$ & $-0.0425504$ & $-0.0333033$ \\
CHL1_33 & $0.0236093$ & $-0.0338629$ & $0.00915117$ & $-0.00731725$ & $0.0338907$ & $-0.0702355$ & $0.0321612$ & $0.307484$ & $0.30376$ & $-0.101534$ & $-0.4224$ & $-0.0429044$ & $0.270328$ & $0.445427$ & $1$ & $0.185663$ & $-0.0237039$ & $-0.415664$ & $0.484207$ & $0.344996$ & $0.359648$ & $-0.165225$ & $0.109007$ & $-0.108234$ & $-0.193264$ & $-0.367616$ & $0.10984$ & $0.00267704$ & $0.0434626$ & $0.00158029$ & $0.036963$ & $0.00914937$ & $-0.0996107$ & $-0.0516566$ & $0.0109991$ & $0.0173703$ & $-0.0660451$ & $0.0314119$ & $-0.0292145$ & $-0.00258633$ & $-0.00298507$ & $-0.0279817$ & $0.0499974$ & $-0.0859599$ & $0.0489458$ & $-0.0176034$ & $-0.00251632$ & $-0.0263143$ \\
CHL3_11 & $0.119644$ & $5.76633e-05$ & $0.0616788$ & $0.0963189$ & $-0.0280022$ & $-0.241431$ & $-0.0474321$ & $-0.173278$ & $-0.181186$ & $0.464812$ & $-0.284639$ & $-0.012715$ & $0.666615$ & $0.257354$ & $0.185663$ & $1$ & $0.702145$ & $0.734162$ & $0.311394$ & $0.247843$ & $0.238153$ & $-0.128336$ & $0.66759$ & $0.76085$ & $-0.121428$ & $-0.197731$ & $0.0832798$ & $-0.0129727$ & $-0.0319207$ & $-0.0323288$ & $-0.0585013$ & $-0.0250453$ & $-0.280169$ & $-0.139127$ & $0.0693143$ & $0.117493$ & $-0.0441298$ & $0.0809709$ & $-0.00230721$ & $-0.034184$ & $-0.0590773$ & $-0.0231323$ & $0.138081$ & $-0.0837572$ & $0.0995568$ & $-0.0884649$ & $-0.0594159$ & $-0.0946712$ \\
CHL3_22 & $0.0748957$ & $0.00442303$ & $0.0631839$ & $0.0626361$ & $-0.0275006$ & $-0.00781172$ & $-0.0628443$ & $-0.39516$ & $-0.398868$ & $0.499301$ & $0.032059$ & $0.0270469$ & $0.579432$ & $-0.408862$ & $-0.0237039$ & $0.702145$ & $1$ & $0.653215$ & $-0.0317863$ & $-0.0279437$ & $-0.0275147$ & $-0.0306808$ & $0.590641$ & $0.773923$ & $0.0349626$ & $-0.0245312$ & $0.0195663$ & $-0.0320098$ & $-0.0280433$ & $-0.0356744$ & $-0.0657969$ & $-0.0279785$ & $0.0415514$ & $-0.103923$ & $0.0430108$ & $0.101222$ & $-0.0310095$ & $0.0795576$ & $-0.00721324$ & $-0.0227564$ & $-0.0127285$ & $-0.00375173$ & $0.0963958$ & $-0.00507933$ & $0.0559056$ & $-0.0471794$ & $-0.0302801$ & $-0.0788713$ \\
CHL3_33 & $0.0979511$ & $0.0299184$ & $0.0574072$ & $0.0972848$ & $-0.0466645$ & $-0.0511632$ & $-0.0691973$ & $-0.37602$ & $-0.379007$ & $0.51518$ & $-0.00210745$ & $0.0410061$ & $0.607718$ & $0.0502402$ & $-0.415664$ & $0.734162$ & $0.653215$ & $1$ & $0.00413629$ & $0.00237069$ & $0.00329612$ & $-0.0347816$ & $0.609311$ & $0.777445$ & $0.00681014$ & $-0.0433854$ & $-0.00440034$ & $-0.0135684$ & $-0.0510103$ & $-0.0393103$ & $-0.083598$ & $-0.0294268$ & $-0.362443$ & $-0.0980544$ & $0.0863063$ & $0.112221$ & $-0.00551134$ & $0.0777744$ & $0.00951261$ & $-0.0269412$ & $-0.0532666$ & $-0.022061$ & $0.129682$ & $-0.0292461$ & $0.0589702$ & $-0.0684356$ & $-0.0616828$ & $-0.0804105$ \\
CHe_11 & $0.0290873$ & $-0.000662027$ & $-0.00683034$ & $-0.0229118$ & $-0.00746962$ & $-0.140721$ & $0.0645552$ & $0.847862$ & $0.830171$ & $-0.253276$ & $-0.99087$ & $-0.227764$ & $0.582291$ & $0.513413$ & $0.484207$ & $0.311394$ & $-0.0317863$ & $0.00413629$ & $1$ & $0.97326$ & $0.951044$ & $-0.0387052$ & $-0.204337$ & $0.0314598$ & $-0.55177$ & $0.178798$ & $0.291377$ & $-0.00310484$ & $0.0285732$ & $0.0066007$ & $0.0538675$ & $0.0161919$ & $0.23963$ & $-0.0529993$ & $0.168567$ & $-0.0798549$ & $-0.0475431$ & $0.0992498$ & $-0.0109853$ & $-0.0467203$ & $-0.0512522$ & $-0.0167854$ & $0.0381405$ & $-0.0341038$ & $0.110038$ & $0.0116769$ & $-0.00518014$ & $-0.0435103$ \\
CHe_22 & $0.0186269$ & $0.00924672$ & $-0.0123172$ & $-0.0336746$ & $-0.0103977$ & $-0.138095$ & $0.0703373$ & $0.897578$ & $0.878782$ & $-0.293317$ & $-0.991568$ & $-0.261519$ & $0.52454$ & $0.367624$ & $0.344996$ & $0.247843$ & $-0.0279437$ & $0.00237069$ & $0.97326$ & $1$ & $0.97434$ & $0.0137494$ & $-0.319759$ & $0.00990222$ & $-0.56522$ & $0.33116$ & $0.306598$ & $-0.00616176$ & $0.0266697$ & $0.0143237$ & $0.0596244$ & $0.0193744$ & $0.406179$ & $-0.0380789$ & $0.174016$ & $-0.104458$ & $-0.0359184$ & $0.100333$ & $-0.00544164$ & $-0.0451987$ & $-0.04812$ & $-0.00517763$ & $0.0155113$ & $0.000763108$ & $0.101866$ & $0.0241122$ & $0.0021179$ & $-0.0359185$ \\
CHe_33 & $0.0241194$ & $0.0150695$ & $-0.00618256$ & $-0.0380006$ & $-0.0123548$ & $-0.135528$ & $0.0731406$ & $0.880531$ & $0.863709$ & $-0.291003$ & $-0.968996$ & $-0.252578$ & $0.50402$ & $0.35347$ & $0.359648$ & $0.238153$ & $-0.0275147$ & $0.00329612$ & $0.951044$ & $0.97434$ & $1$ & $0.01671$ & $-0.31944$ & $0.00642849$ & $-0.553117$ & $0.328544$ & $0.297479$ & $-0.0063864$ & $0.0317096$ & $0.0150046$ & $0.0641782$ & $0.0273744$ & $0.408162$ & $-0.042095$ & $0.173308$ & $-0.115094$ & $-0.0286619$ & $0.10154$ & $-0.0104946$ & $-0.0374551$ & $-0.0416265$ & $-0.0128038$ & $0.013178$ & $0.0131245$ & $0.098398$ & $0.0351974$ & $0.00719528$ & $-0.0247224$ \\
CHQ1_11 & $-0.0622291$ & $-0.0166074$ & $-0.00946533$ & $0.00950541$ & $0.00191937$ & $0.0376366$ & $0.0742172$ & $0.0647136$ & $0.068218$ & $-0.0974759$ & $0.0134132$ & $-0.0538052$ & $-0.103994$ & $-0.178002$ & $-0.165225$ & $-0.128336$ & $-0.0306808$ & $-0.0347816$ & $-0.0387052$ & $0.0137494$ & $0.01671$ & $1$ & $-0.146693$ & $0.039503$ & $-0.668627$ & $0.34527$ & $0.0157336$ & $0.00384582$ & $0.0320247$ & $0.0695883$ & $0.0775732$ & $0.0256139$ & $0.197476$ & $0.0370104$ & $-0.0353162$ & $-0.141351$ & $0.0517122$ & $0.0213553$ & $-0.0796018$ & $0.0713621$ & $0.0541025$ & $-0.021652$ & $-0.0876401$ & $0.0210287$ & $0.00566393$ & $0.133878$ & $0.0513533$ & $0.020727$ \\
CHQ1_33 & $0.086947$ & $-0.0421908$ & $0.0345283$ & $0.0910917$ & $-0.00540972$ & $-0.0373604$ & $-0.0750502$ & $-0.636798$ & $-0.632282$ & $0.571248$ & $0.26137$ & $0.158026$ & $0.447386$ & $0.163768$ & $0.109007$ & $0.66759$ & $0.590641$ & $0.609311$ & $-0.204337$ & $-0.319759$ & $-0.31944$ & $-0.146693$ & $1$ & $0.626324$ & $0.181234$ & $-0.432334$ & $0.00694692$ & $-0.0158075$ & $-0.0394337$ & $-0.0365681$ & $-0.0806247$ & $-0.0326825$ & $-0.642695$ & $-0.107647$ & $-0.00741128$ & $0.171618$ & $-0.0205128$ & $0.0604709$ & $-0.021527$ & $0.0357183$ & $-0.00979505$ & $-0.0513144$ & $0.1519$ & $-0.0748234$ & $0.0350903$ & $-0.0528847$ & $-0.043652$ & $-0.0774629$ \\
CHQ3_11 & $0.0665224$ & $0.0117425$ & $0.0399193$ & $0.0913482$ & $-0.0191342$ & $-0.0845212$ & $-0.0596665$ & $-0.363753$ & $-0.366916$ & $0.486017$ & $-0.0193573$ & $0.0436762$ & $0.582764$ & $-0.066768$ & $-0.108234$ & $0.76085$ & $0.773923$ & $0.777445$ & $0.0314598$ & $0.00990222$ & $0.00642849$ & $0.039503$ & $0.626324$ & $1$ & $0.00918941$ & $0.191285$ & $0.00592217$ & $-0.0347114$ & $-0.0231585$ & $-0.0315876$ & $-0.0622025$ & $-0.00519002$ & $-0.221488$ & $-0.0390681$ & $0.0661167$ & $0.109869$ & $-0.0182277$ & $0.0590655$ & $0.0300144$ & $-0.0679398$ & $-0.00975344$ & $0.0346889$ & $0.105021$ & $-0.00706868$ & $0.0114314$ & $-0.0816934$ & $-0.0869129$ & $-0.101826$ \\
CHu_11 & $0.0224946$ & $-0.0181953$ & $0.00610716$ & $0.0085452$ & $0.000264072$ & $0.0581588$ & $-0.0821578$ & $-0.51616$ & $-0.507488$ & $0.181098$ & $0.562451$ & $0.165312$ & $-0.292564$ & $-0.213834$ & $-0.193264$ & $-0.121428$ & $0.0349626$ & $0.00681014$ & $-0.55177$ & $-0.56522$ & $-0.553117$ & $-0.668627$ & $0.181234$ & $0.00918941$ & $1$ & $-0.163558$ & $-0.178105$ & $-0.0179133$ & $-0.0249704$ & $-0.0510668$ & $-0.0682799$ & $-0.000639999$ & $-0.226598$ & $0.0543795$ & $-0.0560452$ & $0.125332$ & $-0.00880859$ & $-0.076389$ & $0.0561013$ & $-0.0469147$ & $0.00736797$ & $0.0339115$ & $0.0133274$ & $0.0186163$ & $-0.0810014$ & $-0.107188$ & $-0.038052$ & $-0.00752478$ \\
CHd_11 & $-0.054229$ & $-0.0020932$ & $-0.0514699$ & $-0.0505542$ & $0.00660343$ & $-0.0509426$ & $0.0535832$ & $0.410744$ & $0.404763$ & $-0.260448$ & $-0.251274$ & $-0.136309$ & $-0.12691$ & $-0.396285$ & $-0.367616$ & $-0.197731$ & $-0.0245312$ & $-0.0433854$ & $0.178798$ & $0.33116$ & $0.328544$ & $0.34527$ & $-0.432334$ & $0.191285$ & $-0.163558$ & $1$ & $0.0986203$ & $-0.0363958$ & $0.0257553$ & $0.0419183$ & $0.0614271$ & $0.0563758$ & $0.673247$ & $0.130509$ & $0.0774765$ & $-0.145309$ & $0.0366059$ & $0.012585$ & $0.027981$ & $-0.0465549$ & $0.0477529$ & $0.0820218$ & $-0.117891$ & $0.142907$ & $-0.0495021$ & $0.0641592$ & $0.000801102$ & $0.00186088$ \\
CHd_33 & $0.0557415$ & $-0.0289417$ & $-0.021672$ & $-0.0190403$ & $-0.0201192$ & $-0.00378777$ & $0.0205107$ & $0.272375$ & $0.266263$ & $-0.0773594$ & $-0.300376$ & $-0.0896648$ & $0.155281$ & $0.0728954$ & $0.10984$ & $0.0832798$ & $0.0195663$ & $-0.00440034$ & $0.291377$ & $0.306598$ & $0.297479$ & $0.0157336$ & $0.00694692$ & $0.00592217$ & $-0.178105$ & $0.0986203$ & $1$ & $0.0170335$ & $-0.0194808$ & $0.0066502$ & $0.0108006$ & $-0.0184027$ & $0.161185$ & $-0.00835853$ & $0.0786465$ & $-0.00650964$ & $-0.00272364$ & $0.0998181$ & $-0.0227643$ & $0.0455972$ & $-0.0356433$ & $-0.0550209$ & $0.0619128$ & $0.0349444$ & $0.0151919$ & $0.0431837$ & $-0.0342267$ & $-0.00807832$ \\
CeH_22r & $-0.000779263$ & $0.0134324$ & $-0.0019082$ & $0.0148755$ & $0.0240529$ & $0.0128006$ & $-0.0169495$ & $0.00341289$ & $0.0117156$ & $-0.00914505$ & $0.00318003$ & $0.017561$ & $-0.0135488$ & $0.025795$ & $0.00267704$ & $-0.0129727$ & $-0.0320098$ & $-0.0135684$ & $-0.00310484$ & $-0.00616176$ & $-0.0063864$ & $0.00384582$ & $-0.0158075$ & $-0.0347114$ & $-0.0179133$ & $-0.0363958$ & $0.0170335$ & $1$ & $0.027662$ & $-0.00132232$ & $-0.0333567$ & $0.0267586$ & $-0.0189459$ & $-0.0112755$ & $-0.0388004$ & $0.0028426$ & $0.011012$ & $-0.0348718$ & $0.0154842$ & $-0.0175005$ & $0.0175097$ & $0.0190195$ & $-0.0124131$ & $-0.00594519$ & $-0.0125569$ & $-0.0165368$ & $-0.00495512$ & $0.0126631$ \\
CeH_33r & $-0.0112544$ & $0.0179285$ & $0.0130355$ & $-0.0544548$ & $0.0313954$ & $-0.0039342$ & $-0.0299406$ & $0.0422258$ & $0.0639318$ & $-0.0911459$ & $-0.027914$ & $0.18813$ & $-0.00670821$ & $0.00872272$ & $0.0434626$ & $-0.0319207$ & $-0.0280433$ & $-0.0510103$ & $0.0285732$ & $0.0266697$ & $0.0317096$ & $0.0320247$ & $-0.0394337$ & $-0.0231585$ & $-0.0249704$ & $0.0257553$ & $-0.0194808$ & $0.027662$ & $1$ & $0.30778$ & $0.127323$ & $0.703379$ & $0.0255587$ & $-0.0331733$ & $0.00924028$ & $-0.123394$ & $-0.046876$ & $0.0394044$ & $-0.0594026$ & $0.0120672$ & $0.039314$ & $-0.00328682$ & $-0.104085$ & $0.0339369$ & $0.0530442$ & $0.0685808$ & $0.0798733$ & $0.0444405$ \\
CuH_22r & $0.0125229$ & $-0.0220024$ & $0.00353565$ & $-0.0619828$ & $0.015126$ & $-0.0287864$ & $-0.0150752$ & $0.0341114$ & $0.0476843$ & $-0.0387847$ & $-0.0111372$ & $0.0504928$ & $-0.0346229$ & $-0.0114605$ & $0.00158029$ & $-0.0323288$ & $-0.0356744$ & $-0.0393103$ & $0.0066007$ & $0.0143237$ & $0.0150046$ & $0.0695883$ & $-0.0365681$ & $-0.0315876$ & $-0.0510668$ & $0.0419183$ & $0.0066502$ & $-0.00132232$ & $0.30778$ & $1$ & $0.080278$ & $0.393925$ & $0.0411048$ & $-0.046734$ & $-0.0284738$ & $-0.10173$ & $-0.0303493$ & $0.0688934$ & $-0.0816758$ & $0.0844627$ & $0.0264987$ & $-0.0713009$ & $-0.0839414$ & $0.0415629$ & $0.0820396$ & $0.136264$ & $0.081439$ & $0.0780528$ \\
CuH_33r & $0.093756$ & $0.257379$ & $0.365287$ & $0.0241525$ & $0.024692$ & $-0.0249579$ & $0.925662$ & $0.08963$ & $0.129767$ & $-0.0526203$ & $-0.0568466$ & $0.0138383$ & $-0.0341583$ & $0.00781918$ & $0.036963$ & $-0.0585013$ & $-0.0657969$ & $-0.083598$ & $0.0538675$ & $0.0596244$ & $0.0641782$ & $0.0775732$ & $-0.0806247$ & $-0.0622025$ & $-0.0682799$ & $0.0614271$ & $0.0108006$ & $-0.0333567$ & $0.127323$ & $0.080278$ & $1$ & $0.148227$ & $0.0664127$ & $-0.157242$ & $-0.0177231$ & $-0.373566$ & $-0.0610569$ & $0.0509669$ & $-0.152562$ & $0.190227$ & $-0.0258808$ & $-0.0567795$ & $-0.326455$ & $-0.0151769$ & $0.217052$ & $0.0906558$ & $0.2878$ & $0.109913$ \\
CdH_33r & $0.01523$ & $0.033345$ & $0.0133888$ & $-0.1114$ & $0.0446258$ & $-0.00430965$ & $-0.069247$ & $0.0335507$ & $0.0584765$ & $-0.109961$ & $-0.0183761$ & $0.253023$ & $-0.0168795$ & $0.00141041$ & $0.00914937$ & $-0.0250453$ & $-0.0279785$ & $-0.0294268$ & $0.0161919$ & $0.0193744$ & $0.0273744$ & $0.0256139$ & $-0.0326825$ & $-0.00519002$ & $-0.000639999$ & $0.0563758$ & $-0.0184027$ & $0.0267586$ & $0.703379$ & $0.393925$ & $0.148227$ & $1$ & $0.0277179$ & $-0.0738479$ & $-0.0468186$ & $-0.140061$ & $-0.0526043$ & $0.0334587$ & $-0.067603$ & $0.0670082$ & $0.00789367$ & $-0.0577743$ & $-0.153072$ & $0.0359975$ & $0.0993077$ & $0.119241$ & $0.151698$ & $0.143881$ \\
CLL_1221 & $-0.0578575$ & $0.00859493$ & $-0.0325227$ & $-0.095852$ & $-0.00221293$ & $-0.0491656$ & $0.0615186$ & $0.542849$ & $0.534118$ & $-0.36018$ & $-0.319691$ & $-0.189901$ & $-0.224861$ & $-0.611266$ & $-0.0996107$ & $-0.280169$ & $0.0415514$ & $-0.362443$ & $0.23963$ & $0.406179$ & $0.408162$ & $0.197476$ & $-0.642695$ & $-0.221488$ & $-0.226598$ & $0.673247$ & $0.161185$ & $-0.0189459$ & $0.0255587$ & $0.0411048$ & $0.0664127$ & $0.0277179$ & $1$ & $0.0570575$ & $0.0347033$ & $-0.163641$ & $0.0123869$ & $0.0106165$ & $0.00167683$ & $-0.0105883$ & $0.0308278$ & $0.0505908$ & $-0.137207$ & $0.122552$ & $-0.000609065$ & $0.0868326$ & $0.060701$ & $0.0442462$ \\
eHggint & $-0.335835$ & $-0.145026$ & $-0.172997$ & $0.257652$ & $0.0497892$ & $0.0694161$ & $-0.148584$ & $0.025514$ & $0.0137953$ & $-0.111192$ & $0.0462535$ & $-0.0591223$ & $-0.117584$ & $-0.0504415$ & $-0.0516566$ & $-0.139127$ & $-0.103923$ & $-0.0980544$ & $-0.0529993$ & $-0.0380789$ & $-0.042095$ & $0.0370104$ & $-0.107647$ & $-0.0390681$ & $0.0543795$ & $0.130509$ & $-0.00835853$ & $-0.0112755$ & $-0.0331733$ & $-0.046734$ & $-0.157242$ & $-0.0738479$ & $0.0570575$ & $1$ & $-0.0283988$ & $0.181979$ & $0.0298244$ & $-0.282419$ & $0.138157$ & $-0.352222$ & $0.148335$ & $0.211769$ & $0.102573$ & $-0.0942923$ & $-0.597623$ & $-0.313843$ & $-0.475507$ & $-0.367933$ \\
eHggpar & $0.241558$ & $-0.20823$ & $-0.0413175$ & $0.114782$ & $0.0179929$ & $0.0326765$ & $-0.0263672$ & $0.130934$ & $0.122857$ & $0.0667472$ & $-0.172397$ & $0.0666662$ & $0.162187$ & $0.0608137$ & $0.0109991$ & $0.0693143$ & $0.0430108$ & $0.0863063$ & $0.168567$ & $0.174016$ & $0.173308$ & $-0.0353162$ & $-0.00741128$ & $0.0661167$ & $-0.0560452$ & $0.0774765$ & $0.0786465$ & $-0.0388004$ & $0.00924028$ & $-0.0284738$ & $-0.0177231$ & $-0.0468186$ & $0.0347033$ & $-0.0283988$ & $1$ & $-0.129901$ & $-0.085152$ & $0.555142$ & $-0.302624$ & $-0.283672$ & $-0.230004$ & $-0.118214$ & $0.298868$ & $0.178338$ & $0.20887$ & $0.0204867$ & $-0.210066$ & $-0.447976$ \\
eHWWint & $0.0546197$ & $0.0240345$ & $-0.197308$ & $0.0937256$ & $-0.0571892$ & $0.0459362$ & $-0.33916$ & $-0.162287$ & $-0.178293$ & $0.147173$ & $0.0917489$ & $0.0398062$ & $0.0726627$ & $0.0392419$ & $0.0173703$ & $0.117493$ & $0.101222$ & $0.112221$ & $-0.0798549$ & $-0.104458$ & $-0.115094$ & $-0.141351$ & $0.171618$ & $0.109869$ & $0.125332$ & $-0.145309$ & $-0.00650964$ & $0.0028426$ & $-0.123394$ & $-0.10173$ & $-0.373566$ & $-0.140061$ & $-0.163641$ & $0.181979$ & $-0.129901$ & $1$ & $-0.208825$ & $-0.222192$ & $0.542688$ & $-0.0819453$ & $-0.113107$ & $0.196081$ & $0.554512$ & $-0.0311864$ & $-0.537921$ & $-0.468729$ & $-0.582141$ & $-0.203982$ \\
eHWWpar & $-0.0905293$ & $-0.0576964$ & $0.260709$ & $0.133972$ & $0.0289369$ & $0.0247657$ & $-0.0323141$ & $-0.0150805$ & $-0.0124361$ & $-0.0651742$ & $0.0401068$ & $-0.0707259$ & $-0.0440758$ & $-0.0316122$ & $-0.0660451$ & $-0.0441298$ & $-0.0310095$ & $-0.00551134$ & $-0.0475431$ & $-0.0359184$ & $-0.0286619$ & $0.0517122$ & $-0.0205128$ & $-0.0182277$ & $-0.00880859$ & $0.0366059$ & $-0.00272364$ & $0.011012$ & $-0.046876$ & $-0.0303493$ & $-0.0610569$ & $-0.0526043$ & $0.0123869$ & $0.0298244$ & $-0.085152$ & $-0.208825$ & $1$ & $-0.0672564$ & $0.0357952$ & $0.228449$ & $-0.0615028$ & $0.018892$ & $0.152563$ & $0.282765$ & $-0.0948517$ & $-0.0830155$ & $0.0694508$ & $-0.046352$ \\
eHZZint & $0.172353$ & $-0.0773141$ & $0.0852548$ & $0.00685612$ & $0.0189515$ & $0.0415116$ & $0.0345997$ & $0.0536624$ & $0.0465397$ & $0.0886239$ & $-0.101414$ & $0.0547136$ & $0.136933$ & $0.022668$ & $0.0314119$ & $0.0809709$ & $0.0795576$ & $0.0777744$ & $0.0992498$ & $0.100333$ & $0.10154$ & $0.0213553$ & $0.0604709$ & $0.0590655$ & $-0.076389$ & $0.012585$ & $0.0998181$ & $-0.0348718$ & $0.0394044$ & $0.0688934$ & $0.0509669$ & $0.0334587$ & $0.0106165$ & $-0.282419$ & $0.555142$ & $-0.222192$ & $-0.0672564$ & $1$ & $-0.575395$ & $0.238552$ & $-0.177102$ & $-0.497188$ & $0.34604$ & $0.306144$ & $0.39538$ & $0.424998$ & $0.0115632$ & $-0.135791$ \\
eHZZpar & $-0.148236$ & $0.197311$ & $-0.236027$ & $0.134871$ & $-0.0515673$ & $0.0139409$ & $-0.135425$ & $-0.00479733$ & $-0.00482401$ & $-0.00155293$ & $0.00801285$ & $-0.0208836$ & $-0.00485936$ & $-0.00268222$ & $-0.0292145$ & $-0.00230721$ & $-0.00721324$ & $0.00951261$ & $-0.0109853$ & $-0.00544164$ & $-0.0104946$ & $-0.0796018$ & $-0.021527$ & $0.0300144$ & $0.0561013$ & $0.027981$ & $-0.0227643$ & $0.0154842$ & $-0.0594026$ & $-0.0816758$ & $-0.152562$ & $-0.067603$ & $0.00167683$ & $0.138157$ & $-0.302624$ & $0.542688$ & $0.0357952$ & $-0.575395$ & $1$ & $-0.129113$ & $-0.126989$ & $0.446825$ & $0.232446$ & $0.125871$ & $-0.575657$ & $-0.576266$ & $-0.313151$ & $0.013829$ \\
eHZgaint & $0.242545$ & $0.00875147$ & $0.0754415$ & $-0.00165732$ & $-0.0594964$ & $0.0277275$ & $0.179338$ & $-0.0277407$ & $-0.0254265$ & $-0.0630827$ & $0.0430031$ & $-0.074402$ & $-0.0348253$ & $-0.0133605$ & $-0.00258633$ & $-0.034184$ & $-0.0227564$ & $-0.0269412$ & $-0.0467203$ & $-0.0451987$ & $-0.0374551$ & $0.0713621$ & $0.0357183$ & $-0.0679398$ & $-0.0469147$ & $-0.0465549$ & $0.0455972$ & $-0.0175005$ & $0.0120672$ & $0.0844627$ & $0.190227$ & $0.0670082$ & $-0.0105883$ & $-0.352222$ & $-0.283672$ & $-0.0819453$ & $0.228449$ & $0.238552$ & $-0.129113$ & $1$ & $-0.135869$ & $-0.511533$ & $0.131594$ & $0.295871$ & $0.0969749$ & $0.469724$ & $0.327064$ & $0.339249$ \\
eHZgapar & $-0.287099$ & $-0.233431$ & $-0.0760275$ & $-0.0149691$ & $0.025463$ & $0.00282674$ & $-0.0222937$ & $-0.0211629$ & $-0.0207088$ & $-0.0778762$ & $0.0500568$ & $-0.058248$ & $-0.0632957$ & $-0.0579849$ & $-0.00298507$ & $-0.0590773$ & $-0.0127285$ & $-0.0532666$ & $-0.0512522$ & $-0.04812$ & $-0.0416265$ & $0.0541025$ & $-0.00979505$ & $-0.00975344$ & $0.00736797$ & $0.0477529$ & $-0.0356433$ & $0.0175097$ & $0.039314$ & $0.0264987$ & $-0.0258808$ & $0.00789367$ & $0.0308278$ & $0.148335$ & $-0.230004$ & $-0.113107$ & $-0.0615028$ & $-0.177102$ & $-0.126989$ & $-0.135869$ & $1$ & $0.148636$ & $-0.292825$ & $-0.0603603$ & $-0.0199476$ & $0.242588$ & $0.0971254$ & $-0.153115$ \\
eHgagaint & $-0.271479$ & $0.256656$ & $-0.0102408$ & $0.0762166$ & $0.0517342$ & $-0.00734714$ & $-0.0451515$ & $0.00545018$ & $0.0128013$ & $0.00293392$ & $0.0134628$ & $0.0221057$ & $-0.037726$ & $-0.0470722$ & $-0.0279817$ & $-0.0231323$ & $-0.00375173$ & $-0.022061$ & $-0.0167854$ & $-0.00517763$ & $-0.0128038$ & $-0.021652$ & $-0.0513144$ & $0.0346889$ & $0.0339115$ & $0.0820218$ & $-0.0550209$ & $0.0190195$ & $-0.00328682$ & $-0.0713009$ & $-0.0567795$ & $-0.0577743$ & $0.0505908$ & $0.211769$ & $-0.118214$ & $0.196081$ & $0.018892$ & $-0.497188$ & $0.446825$ & $-0.511533$ & $0.148636$ & $1$ & $-0.197066$ & $-0.162354$ & $-0.317126$ & $-0.595499$ & $-0.308283$ & $-0.255825$ \\
eHmumuint & $0.0992577$ & $-0.152403$ & $-0.073526$ & $0.382002$ & $-0.0526507$ & $0.0726429$ & $-0.293434$ & $-0.0548449$ & $-0.0728053$ & $0.118322$ & $-0.030508$ & $0.000949716$ & $0.169341$ & $0.0944296$ & $0.0499974$ & $0.138081$ & $0.0963958$ & $0.129682$ & $0.0381405$ & $0.0155113$ & $0.013178$ & $-0.0876401$ & $0.1519$ & $0.105021$ & $0.0133274$ & $-0.117891$ & $0.0619128$ & $-0.0124131$ & $-0.104085$ & $-0.0839414$ & $-0.326455$ & $-0.153072$ & $-0.137207$ & $0.102573$ & $0.298868$ & $0.554512$ & $0.152563$ & $0.34604$ & $0.232446$ & $0.131594$ & $-0.292825$ & $-0.197066$ & $1$ & $0.208557$ & $-0.335111$ & $-0.271875$ & $-0.52637$ & $-0.391734$ \\
eHtautauint & $0.0105178$ & $0.101186$ & $-0.131641$ & $-0.0852852$ & $0.078932$ & $0.0278098$ & $-0.0210651$ & $0.030167$ & $0.0279342$ & $-0.0992517$ & $0.0163247$ & $-0.0661664$ & $-0.0503114$ & $-0.122439$ & $-0.0859599$ & $-0.0837572$ & $-0.00507933$ & $-0.0292461$ & $-0.0341038$ & $0.000763108$ & $0.0131245$ & $0.0210287$ & $-0.0748234$ & $-0.00706868$ & $0.0186163$ & $0.142907$ & $0.0349444$ & $-0.00594519$ & $0.0339369$ & $0.0415629$ & $-0.0151769$ & $0.0359975$ & $0.122552$ & $-0.0942923$ & $0.178338$ & $-0.0311864$ & $0.282765$ & $0.306144$ & $0.125871$ & $0.295871$ & $-0.0603603$ & $-0.162354$ & $0.208557$ & $1$ & $-0.208189$ & $0.268528$ & $-0.0971372$ & $0.0609796$ \\
eHccint & $0.306135$ & $-0.103662$ & $0.269562$ & $-0.217234$ & $0.0260124$ & $-0.0381814$ & $0.193455$ & $0.0580333$ & $0.0675677$ & $0.0835318$ & $-0.105639$ & $0.0803996$ & $0.0981722$ & $0.0578143$ & $0.0489458$ & $0.0995568$ & $0.0559056$ & $0.0589702$ & $0.110038$ & $0.101866$ & $0.098398$ & $0.00566393$ & $0.0350903$ & $0.0114314$ & $-0.0810014$ & $-0.0495021$ & $0.0151919$ & $-0.0125569$ & $0.0530442$ & $0.0820396$ & $0.217052$ & $0.0993077$ & $-0.000609065$ & $-0.597623$ & $0.20887$ & $-0.537921$ & $-0.0948517$ & $0.39538$ & $-0.575657$ & $0.0969749$ & $-0.0199476$ & $-0.317126$ & $-0.335111$ & $-0.208189$ & $1$ & $0.45949$ & $0.604224$ & $0.206367$ \\
eHccpar & $-0.027687$ & $-0.122669$ & $-0.179047$ & $-0.424152$ & $0.0602114$ & $0.00733715$ & $0.0775041$ & $0.0622557$ & $0.0581979$ & $-0.0958526$ & $-0.017301$ & $-0.0405743$ & $-0.0552078$ & $-0.0508692$ & $-0.0176034$ & $-0.0884649$ & $-0.0471794$ & $-0.0684356$ & $0.0116769$ & $0.0241122$ & $0.0351974$ & $0.133878$ & $-0.0528847$ & $-0.0816934$ & $-0.107188$ & $0.0641592$ & $0.0431837$ & $-0.0165368$ & $0.0685808$ & $0.136264$ & $0.0906558$ & $0.119241$ & $0.0868326$ & $-0.313843$ & $0.0204867$ & $-0.468729$ & $-0.0830155$ & $0.424998$ & $-0.576266$ & $0.469724$ & $0.242588$ & $-0.595499$ & $-0.271875$ & $0.268528$ & $0.45949$ & $1$ & $0.522724$ & $0.42486$ \\
eHbbint & $-0.131343$ & $0.0219234$ & $0.0281482$ & $-0.482271$ & $-0.0196865$ & $-0.0234547$ & $0.259492$ & $0.0302948$ & $0.0462612$ & $-0.0255877$ & $0.00149847$ & $0.0297575$ & $-0.0538519$ & $-0.0425504$ & $-0.00251632$ & $-0.0594159$ & $-0.0302801$ & $-0.0616828$ & $-0.00518014$ & $0.0021179$ & $0.00719528$ & $0.0513533$ & $-0.043652$ & $-0.0869129$ & $-0.038052$ & $0.000801102$ & $-0.0342267$ & $-0.00495512$ & $0.0798733$ & $0.081439$ & $0.2878$ & $0.151698$ & $0.060701$ & $-0.475507$ & $-0.210066$ & $-0.582141$ & $0.0694508$ & $0.0115632$ & $-0.313151$ & $0.327064$ & $0.0971254$ & $-0.308283$ & $-0.52637$ & $-0.0971372$ & $0.604224$ & $0.522724$ & $1$ & $0.517801$ \\
eHbbpar & $0.0408258$ & $0.407473$ & $-0.0818524$ & $-0.529296$ & $0.0331263$ & $-0.0071723$ & $0.103837$ & $0.0109124$ & $0.0202486$ & $-0.0784432$ & $0.0410847$ & $-0.021071$ & $-0.107611$ & $-0.0333033$ & $-0.0263143$ & $-0.0946712$ & $-0.0788713$ & $-0.0804105$ & $-0.0435103$ & $-0.0359185$ & $-0.0247224$ & $0.020727$ & $-0.0774629$ & $-0.101826$ & $-0.00752478$ & $0.00186088$ & $-0.00807832$ & $0.0126631$ & $0.0444405$ & $0.0780528$ & $0.109913$ & $0.143881$ & $0.0442462$ & $-0.367933$ & $-0.447976$ & $-0.203982$ & $-0.046352$ & $-0.135791$ & $0.013829$ & $0.339249$ & $-0.153115$ & $-0.255825$ & $-0.391734$ & $0.0609796$ & $0.206367$ & $0.42486$ & $0.517801$ & $1$ \\
