 & AlsMz & dAle5Mz & mtop & mHl & Mz & CW & CHG & CHWB & CHWHB_gaga & CHWHB_gagaorth & CHD & CHbox & CH & CHL1_11 & CHL1_22 & CHL1_33 & CHL3_11 & CHL3_22 & CHL3_33 & CHe_11 & CHe_22 & CHe_33 & CHQ1_11 & CHQ1_33 & CHQ3_11 & CHu_11 & CHd_11 & CHd_33 & CeH_22r & CeH_33r & CuH_22r & CuH_33r & CdH_33r & CLL_1221 & eHggint & eHggpar & eHWWint & eHWWpar & eHZZint & eHZZpar & eHZgaint & eHZgapar & eHgagaint & eHmumuint & eHtautauint & eHccint & eHccpar & eHbbint & eHbbpar \\
AlsMz & $1$ & $0.00658617$ & $-0.187001$ & $0.105954$ & $0.0273681$ & $0.0230008$ & $0.0465175$ & $0.0200233$ & $0.0117511$ & $-0.0192366$ & $-0.0249061$ & $0.00781577$ & $-0.00330033$ & $0.000210824$ & $0.00334899$ & $0.0359599$ & $-0.0226173$ & $-0.0105502$ & $-0.0348301$ & $0.017992$ & $0.0128367$ & $0.0161361$ & $-0.00156342$ & $-0.0739712$ & $-0.159286$ & $-0.0567681$ & $-0.0573964$ & $0.0157904$ & $0.0272994$ & $0.0147439$ & $-0.0409192$ & $0.0487197$ & $-0.0302552$ & $0.00751403$ & $0.0240416$ & $-0.150618$ & $0.0381794$ & $-0.0278123$ & $-0.0802222$ & $0.0069782$ & $-0.138352$ & $0.0155479$ & $-0.109032$ & $-0.0823211$ & $0.0478241$ & $-0.00402268$ & $-0.0957795$ & $0.0337552$ & $-0.0985953$ \\
dAle5Mz & $0.00658617$ & $1$ & $-0.0744107$ & $-0.014377$ & $-0.0204939$ & $-0.0080016$ & $-0.0122727$ & $-0.0932342$ & $-0.0903189$ & $0.0414207$ & $0.0527173$ & $0.0311492$ & $-0.0301724$ & $0.0176011$ & $0.0367642$ & $0.0193118$ & $0.0533771$ & $0.02532$ & $0.0391812$ & $-0.0236603$ & $-0.036816$ & $-0.03364$ & $-0.000687981$ & $0.0656764$ & $0.0178686$ & $0.000426684$ & $-0.0836982$ & $0.0402322$ & $-0.00218834$ & $-0.0370019$ & $0.00718387$ & $-0.0224988$ & $0.0159059$ & $-0.0483613$ & $-0.0635776$ & $0.0132892$ & $0.0908198$ & $0.0213802$ & $0.0735384$ & $-0.0070254$ & $0.00460223$ & $0.0491342$ & $0.0196569$ & $0.0316918$ & $-0.0226928$ & $0.0610666$ & $0.0878516$ & $0.0430239$ & $0.083189$ \\
mtop & $-0.187001$ & $-0.0744107$ & $1$ & $0.00150803$ & $0.00883603$ & $0.0147153$ & $-0.0319484$ & $0.0380981$ & $0.0373002$ & $-0.00947202$ & $-0.0225536$ & $-0.0102592$ & $-0.00363549$ & $0.00690463$ & $-0.0131734$ & $-0.00927242$ & $-0.0129077$ & $0.000116805$ & $-0.0050645$ & $0.0272689$ & $0.0308437$ & $0.0330021$ & $0.0200506$ & $-0.0128382$ & $0.0303086$ & $-0.00941754$ & $0.0591968$ & $-0.0132144$ & $-0.0211248$ & $0.0149805$ & $0.0538922$ & $-0.0424082$ & $-0.0213272$ & $0.0393364$ & $-0.0805151$ & $0.061467$ & $-0.00233353$ & $0.00557058$ & $-0.100628$ & $-0.00555336$ & $0.0523669$ & $-0.0144048$ & $0.0358276$ & $-0.0694389$ & $0.13307$ & $0.0802785$ & $0.00529442$ & $-0.0120157$ & $-0.0332384$ \\
mHl & $0.105954$ & $-0.014377$ & $0.00150803$ & $1$ & $0.0120221$ & $0.0420176$ & $-0.0135499$ & $0.0242228$ & $0.0188909$ & $-0.0489299$ & $0.00240693$ & $-0.0317308$ & $0.0380948$ & $-0.0391524$ & $0.0232645$ & $-0.0207355$ & $-0.0579538$ & $-0.0674177$ & $-0.0362591$ & $-0.00513675$ & $-0.00444442$ & $-0.00478833$ & $0.0507118$ & $-0.0621541$ & $-0.0616413$ & $-0.0154671$ & $0.00912408$ & $0.00129634$ & $0.00211551$ & $0.028438$ & $0.0579674$ & $-0.00452374$ & $0.0288293$ & $-0.00352031$ & $-0.00449479$ & $0.0244041$ & $-0.0200175$ & $0.0172758$ & $-0.117719$ & $-0.0143049$ & $0.0847631$ & $-0.0144166$ & $-0.120541$ & $0.0526553$ & $-0.0214752$ & $-0.0503947$ & $0.202962$ & $0.0516785$ & $-0.0354353$ \\
Mz & $0.0273681$ & $-0.0204939$ & $0.00883603$ & $0.0120221$ & $1$ & $0.0051413$ & $0.00702327$ & $0.0322711$ & $0.0334902$ & $-0.00950833$ & $-0.0157921$ & $0.000156168$ & $0.028642$ & $0.00579737$ & $-0.0262198$ & $-0.00368662$ & $-0.0221081$ & $0.00246434$ & $-0.0132812$ & $0.0200292$ & $0.0280257$ & $0.029688$ & $0.0240792$ & $-0.03388$ & $-0.0137594$ & $-0.0320638$ & $0.0332546$ & $0.00245233$ & $0.00802407$ & $0.0431607$ & $0.0145668$ & $0.0157508$ & $0.00792052$ & $0.0417297$ & $0.0230221$ & $0.0105016$ & $-0.0238672$ & $-0.0205284$ & $-0.0237579$ & $-0.010856$ & $-0.00221301$ & $0.00340209$ & $0.0200779$ & $-0.035342$ & $0.045858$ & $0.0175096$ & $-0.0100943$ & $0.00867129$ & $-0.0458218$ \\
CW & $0.0230008$ & $-0.0080016$ & $0.0147153$ & $0.0420176$ & $0.0051413$ & $1$ & $0.0335233$ & $-0.145405$ & $-0.138573$ & $0.0339616$ & $0.20581$ & $0.049864$ & $0.00205933$ & $0.021848$ & $-0.101443$ & $-0.0980507$ & $-0.251196$ & $-0.0330284$ & $-0.0325657$ & $-0.208051$ & $-0.205781$ & $-0.206028$ & $-0.0250959$ & $0.00531158$ & $-0.0709901$ & $0.137548$ & $-0.0682476$ & $-0.0842628$ & $0.0200014$ & $0.00179844$ & $0.00306315$ & $0.0328357$ & $-0.00358903$ & $-0.119439$ & $-0.0298477$ & $-0.00838712$ & $0.016897$ & $0.0360988$ & $0.00117134$ & $0.0081044$ & $0.00334377$ & $0.0206811$ & $-0.00191243$ & $-0.0170726$ & $0.0252064$ & $0.0032644$ & $0.0187934$ & $0.000288018$ & $-0.0179101$ \\
CHG & $0.0465175$ & $-0.0122727$ & $-0.0319484$ & $-0.0135499$ & $0.00702327$ & $0.0335233$ & $1$ & $-0.114301$ & $-0.0676931$ & $0.0764454$ & $0.0616291$ & $0.124344$ & $-0.331094$ & $0.0802749$ & $-0.0320161$ & $-0.0130967$ & $0.0972819$ & $0.121215$ & $0.106067$ & $-0.0622204$ & $-0.0671458$ & $-0.0701377$ & $-0.00443061$ & $0.116702$ & $0.0977968$ & $0.0312656$ & $-0.0590543$ & $-0.0294911$ & $0.0105445$ & $-0.14969$ & $-0.0636972$ & $0.92837$ & $-0.177681$ & $-0.0701603$ & $-0.0412711$ & $-0.0458608$ & $0.024484$ & $-0.00507923$ & $0.00195654$ & $-0.0145446$ & $-0.00861004$ & $-0.007216$ & $-0.0215827$ & $-0.0109142$ & $-0.0225936$ & $0.0154393$ & $0.00387626$ & $0.0179843$ & $-0.0378158$ \\
CHWB & $0.0200233$ & $-0.0932342$ & $0.0380981$ & $0.0242228$ & $0.0322711$ & $-0.145405$ & $-0.114301$ & $1$ & $0.983958$ & $-0.570034$ & $-0.87755$ & $-0.389714$ & $0.352617$ & $0.0760106$ & $0.283062$ & $0.291325$ & $-0.254848$ & $-0.443891$ & $-0.4545$ & $0.846508$ & $0.895624$ & $0.876077$ & $0.0973831$ & $-0.687614$ & $-0.407075$ & $-0.519122$ & $0.437153$ & $0.301781$ & $0.0149174$ & $0.109365$ & $0.0720485$ & $-0.105757$ & $0.114394$ & $0.578027$ & $0.0340597$ & $-0.0375997$ & $-0.00850726$ & $-0.0316157$ & $-0.00227688$ & $0.000597483$ & $-0.0438909$ & $0.00554324$ & $-0.0087232$ & $-0.0377641$ & $0.0256505$ & $-0.00785505$ & $-0.0197993$ & $-0.0160458$ & $-0.0208809$ \\
CHWHB_gaga & $0.0117511$ & $-0.0903189$ & $0.0373002$ & $0.0188909$ & $0.0334902$ & $-0.138573$ & $-0.0676931$ & $0.983958$ & $1$ & $-0.560868$ & $-0.860491$ & $-0.36815$ & $0.346358$ & $0.0711642$ & $0.276938$ & $0.289379$ & $-0.258155$ & $-0.440593$ & $-0.454593$ & $0.830157$ & $0.878111$ & $0.859569$ & $0.0975805$ & $-0.679441$ & $-0.405242$ & $-0.511113$ & $0.428653$ & $0.292918$ & $0.0221548$ & $0.12724$ & $0.0852754$ & $-0.0701531$ & $0.137206$ & $0.56947$ & $0.0066901$ & $-0.0524466$ & $-0.0126933$ & $-0.0314785$ & $-4.50422e-05$ & $-0.00802723$ & $-0.0458468$ & $0.00365396$ & $0.0601317$ & $-0.0387756$ & $0.0233711$ & $-0.0134882$ & $-0.0129087$ & $-0.0102192$ & $-0.0201523$ \\
CHWHB_gagaorth & $-0.0192366$ & $0.0414207$ & $-0.00947202$ & $-0.0489299$ & $-0.00950833$ & $0.0339616$ & $0.0764454$ & $-0.570034$ & $-0.560868$ & $1$ & $0.357613$ & $0.678956$ & $-0.263341$ & $0.225927$ & $-0.11234$ & $-0.118361$ & $0.442743$ & $0.483707$ & $0.489073$ & $-0.342534$ & $-0.373952$ & $-0.366592$ & $-0.0659514$ & $0.557304$ & $0.482573$ & $0.218551$ & $-0.23421$ & $-0.139855$ & $-0.0153527$ & $-0.133354$ & $-0.0627478$ & $0.095686$ & $-0.126996$ & $-0.355722$ & $0.0162283$ & $0.0556054$ & $-0.00899847$ & $-0.0036001$ & $-0.0200393$ & $-0.00949343$ & $-0.0194635$ & $-0.0243761$ & $-0.00971645$ & $0.0301237$ & $-0.0244198$ & $0.0246233$ & $0.0203452$ & $-0.0200412$ & $0.0493194$ \\
CHD & $-0.0249061$ & $0.0527173$ & $-0.0225536$ & $0.00240693$ & $-0.0157921$ & $0.20581$ & $0.0616291$ & $-0.87755$ & $-0.860491$ & $0.357613$ & $1$ & $0.343664$ & $-0.170625$ & $-0.497301$ & $-0.41254$ & $-0.421107$ & $-0.205207$ & $0.0752524$ & $0.0916792$ & $-0.990153$ & $-0.990875$ & $-0.970144$ & $-0.0343509$ & $0.321618$ & $0.0293124$ & $0.575504$ & $-0.297581$ & $-0.332751$ & $-0.000307657$ & $-0.0484599$ & $-0.0503203$ & $0.069711$ & $-0.0619788$ & $-0.379292$ & $-0.0141752$ & $0.0444602$ & $-0.00694346$ & $0.0397371$ & $-0.0015431$ & $1.12758e-05$ & $0.0411488$ & $0.00673433$ & $0.00568059$ & $0.0294788$ & $-0.0157015$ & $-0.00793665$ & $0.00342432$ & $0.0232484$ & $-0.015492$ \\
CHbox & $0.00781577$ & $0.0311492$ & $-0.0102592$ & $-0.0317308$ & $0.000156168$ & $0.049864$ & $0.124344$ & $-0.389714$ & $-0.36815$ & $0.678956$ & $0.343664$ & $1$ & $-0.42231$ & $-0.0487804$ & $-0.052458$ & $-0.0645888$ & $0.0924618$ & $0.133059$ & $0.145566$ & $-0.321866$ & $-0.357112$ & $-0.348829$ & $-0.0454534$ & $0.272736$ & $0.140657$ & $0.203467$ & $-0.205195$ & $-0.118189$ & $-0.0076685$ & $0.0725018$ & $-0.00845981$ & $0.189221$ & $0.0776505$ & $-0.2715$ & $0.0697323$ & $0.0822893$ & $-0.022065$ & $-0.000486023$ & $-0.0175527$ & $-0.00133406$ & $-0.018046$ & $-0.0115858$ & $-0.0219527$ & $0.0145277$ & $-0.0247339$ & $0.00896206$ & $0.0152952$ & $-0.0214935$ & $0.0153217$ \\
CH & $-0.00330033$ & $-0.0301724$ & $-0.00363549$ & $0.0380948$ & $0.028642$ & $0.00205933$ & $-0.331094$ & $0.352617$ & $0.346358$ & $-0.263341$ & $-0.170625$ & $-0.42231$ & $1$ & $-0.247585$ & $0.0557005$ & $0.0644726$ & $-0.368242$ & $-0.381394$ & $-0.38919$ & $0.163734$ & $0.183106$ & $0.178896$ & $0.0433774$ & $-0.402655$ & $-0.369998$ & $-0.106216$ & $0.154261$ & $0.0535342$ & $0.0603889$ & $0.272537$ & $0.120447$ & $-0.274832$ & $0.322944$ & $0.232391$ & $0.0381061$ & $-0.00212574$ & $-0.0101551$ & $0.000177048$ & $0.000419993$ & $-0.00184823$ & $-0.00573925$ & $0.00543817$ & $-0.0190365$ & $-0.00702981$ & $0.0222007$ & $-0.00277103$ & $0.0010645$ & $-0.0062981$ & $-0.0152886$ \\
CHL1_11 & $0.000210824$ & $0.0176011$ & $0.00690463$ & $-0.0391524$ & $0.00579737$ & $0.021848$ & $0.0802749$ & $0.0760106$ & $0.0711642$ & $0.225927$ & $-0.497301$ & $-0.0487804$ & $-0.247585$ & $1$ & $0.278378$ & $0.288561$ & $0.667582$ & $0.599939$ & $0.581627$ & $0.520135$ & $0.455353$ & $0.444724$ & $-0.0829143$ & $0.483208$ & $0.594619$ & $-0.26756$ & $-0.12178$ & $0.152939$ & $-0.0107807$ & $-0.0811906$ & $-0.0160278$ & $0.0481718$ & $-0.058273$ & $-0.227638$ & $-0.0338056$ & $-0.0346041$ & $0.0335241$ & $-0.0145681$ & $0.00913524$ & $0.00864345$ & $-0.00979468$ & $-0.00738719$ & $0.00757965$ & $-0.00375858$ & $-0.00172124$ & $0.02862$ & $0.0244357$ & $-0.00623919$ & $0.0687916$ \\
CHL1_22 & $0.00334899$ & $0.0367642$ & $-0.0131734$ & $0.0232645$ & $-0.0262198$ & $-0.101443$ & $-0.0320161$ & $0.283062$ & $0.276938$ & $-0.11234$ & $-0.41254$ & $-0.052458$ & $0.0557005$ & $0.278378$ & $1$ & $0.46471$ & $0.166276$ & $-0.439077$ & $-0.0466338$ & $0.479714$ & $0.327427$ & $0.318741$ & $-0.18951$ & $0.104195$ & $-0.136708$ & $-0.186527$ & $-0.414402$ & $0.114318$ & $-0.0261614$ & $0.013493$ & $0.0110601$ & $-0.0254406$ & $0.0340198$ & $-0.589808$ & $0.00532955$ & $0.0259076$ & $-0.00348604$ & $-0.010128$ & $0.0205746$ & $-0.00490416$ & $0.00562608$ & $0.0127119$ & $0.0124051$ & $-0.0120817$ & $-0.00814366$ & $0.00967819$ & $0.0282084$ & $-0.0138878$ & $0.0197428$ \\
CHL1_33 & $0.0359599$ & $0.0193118$ & $-0.00927242$ & $-0.0207355$ & $-0.00368662$ & $-0.0980507$ & $-0.0130967$ & $0.291325$ & $0.289379$ & $-0.118361$ & $-0.421107$ & $-0.0645888$ & $0.0644726$ & $0.288561$ & $0.46471$ & $1$ & $0.162535$ & $-0.0280429$ & $-0.436351$ & $0.487617$ & $0.336694$ & $0.357581$ & $-0.198327$ & $0.109793$ & $-0.122855$ & $-0.173872$ & $-0.381787$ & $0.110316$ & $-0.0260414$ & $0.0271247$ & $0.0238285$ & $-0.0166954$ & $0.023899$ & $-0.112944$ & $0.0119086$ & $-0.0111133$ & $-0.00118413$ & $-0.0137874$ & $0.0177239$ & $-0.00667553$ & $-0.0103618$ & $-0.0223178$ & $-0.00224402$ & $-0.0311041$ & $-0.00185501$ & $0.0281124$ & $0.0280643$ & $-0.0315055$ & $0.00512766$ \\
CHL3_11 & $-0.0226173$ & $0.0533771$ & $-0.0129077$ & $-0.0579538$ & $-0.0221081$ & $-0.251196$ & $0.0972819$ & $-0.254848$ & $-0.258155$ & $0.442743$ & $-0.205207$ & $0.0924618$ & $-0.368242$ & $0.667582$ & $0.166276$ & $0.162535$ & $1$ & $0.742008$ & $0.736513$ & $0.230877$ & $0.170915$ & $0.16998$ & $-0.0794355$ & $0.68428$ & $0.777628$ & $-0.105487$ & $-0.173523$ & $0.0455309$ & $-0.0392692$ & $-0.128523$ & $-0.0448757$ & $0.0636004$ & $-0.119124$ & $-0.261946$ & $-0.0403656$ & $0.00398331$ & $0.0159647$ & $-0.0286225$ & $0.00186845$ & $-0.0128249$ & $0.00835089$ & $-0.0347519$ & $0.00822002$ & $0.0213554$ & $-0.0224593$ & $0.0254452$ & $0.0284542$ & $-0.0178645$ & $0.0581318$ \\
CHL3_22 & $-0.0105502$ & $0.02532$ & $0.000116805$ & $-0.0674177$ & $0.00246434$ & $-0.0330284$ & $0.121215$ & $-0.443891$ & $-0.440593$ & $0.483707$ & $0.0752524$ & $0.133059$ & $-0.381394$ & $0.599939$ & $-0.439077$ & $-0.0280429$ & $0.742008$ & $1$ & $0.683594$ & $-0.074537$ & $-0.071633$ & $-0.0643494$ & $0.000112628$ & $0.636431$ & $0.798168$ & $0.0370976$ & $-0.0121277$ & $-0.0309846$ & $-0.0130647$ & $-0.122286$ & $-0.0473032$ & $0.0856903$ & $-0.122709$ & $0.0150672$ & $-0.0425449$ & $-0.0235466$ & $0.0273216$ & $-0.00763601$ & $-0.0100416$ & $0.000800979$ & $0.00528664$ & $-0.0345237$ & $0.000719532$ & $0.0207373$ & $-0.00985726$ & $0.0240437$ & $0.0119706$ & $-0.00613252$ & $0.0511959$ \\
CHL3_33 & $-0.0348301$ & $0.0391812$ & $-0.0050645$ & $-0.0362591$ & $-0.0132812$ & $-0.0325657$ & $0.106067$ & $-0.4545$ & $-0.454593$ & $0.489073$ & $0.0916792$ & $0.145566$ & $-0.38919$ & $0.581627$ & $-0.0466338$ & $-0.436351$ & $0.736513$ & $0.683594$ & $1$ & $-0.0921218$ & $-0.0849409$ & $-0.0798059$ & $0.01539$ & $0.624611$ & $0.791489$ & $0.0303322$ & $-0.0196796$ & $-0.0310381$ & $-0.0128084$ & $-0.129609$ & $-0.0589053$ & $0.0795595$ & $-0.113282$ & $-0.342577$ & $-0.0483342$ & $0.00625161$ & $0.0215085$ & $-0.0097998$ & $-0.00511566$ & $0.00354232$ & $0.00809106$ & $-0.00433289$ & $0.00768012$ & $0.0339404$ & $-0.0135052$ & $0.00361777$ & $0.00806743$ & $0.00518688$ & $0.0631719$ \\
CHe_11 & $0.017992$ & $-0.0236603$ & $0.0272689$ & $-0.00513675$ & $0.0200292$ & $-0.208051$ & $-0.0622204$ & $0.846508$ & $0.830157$ & $-0.342534$ & $-0.990153$ & $-0.321866$ & $0.163734$ & $0.520135$ & $0.479714$ & $0.487617$ & $0.230877$ & $-0.074537$ & $-0.0921218$ & $1$ & $0.97182$ & $0.952476$ & $0.00518286$ & $-0.265264$ & $-0.0194952$ & $-0.562452$ & $0.220936$ & $0.327866$ & $-0.00239803$ & $0.0473978$ & $0.0507451$ & $-0.0691086$ & $0.062507$ & $0.298179$ & $0.0114989$ & $-0.0388007$ & $0.00996155$ & $-0.0371613$ & $0.00200266$ & $-0.000201849$ & $-0.0363082$ & $-0.0076044$ & $-0.00397012$ & $-0.028679$ & $0.0159445$ & $0.0140057$ & $0.0037331$ & $-0.0254972$ & $0.020644$ \\
CHe_22 & $0.0128367$ & $-0.036816$ & $0.0308437$ & $-0.00444442$ & $0.0280257$ & $-0.205781$ & $-0.0671458$ & $0.895624$ & $0.878111$ & $-0.373952$ & $-0.990875$ & $-0.357112$ & $0.183106$ & $0.455353$ & $0.327427$ & $0.336694$ & $0.170915$ & $-0.071633$ & $-0.0849409$ & $0.97182$ & $1$ & $0.975183$ & $0.0688208$ & $-0.378271$ & $-0.0346307$ & $-0.580924$ & $0.380116$ & $0.334264$ & $0.00528302$ & $0.0517955$ & $0.0518662$ & $-0.074933$ & $0.0641667$ & $0.465674$ & $0.0139326$ & $-0.0441067$ & $0.00863012$ & $-0.0410664$ & $0.000308608$ & $-0.000956341$ & $-0.0418235$ & $-0.004041$ & $-0.00420597$ & $-0.0295748$ & $0.0173876$ & $0.00591988$ & $-0.00732591$ & $-0.0185225$ & $0.0120815$ \\
CHe_33 & $0.0161361$ & $-0.03364$ & $0.0330021$ & $-0.00478833$ & $0.029688$ & $-0.206028$ & $-0.0701377$ & $0.876077$ & $0.859569$ & $-0.366592$ & $-0.970144$ & $-0.348829$ & $0.178896$ & $0.444724$ & $0.318741$ & $0.357581$ & $0.16998$ & $-0.0643494$ & $-0.0798059$ & $0.952476$ & $0.975183$ & $1$ & $0.0697015$ & $-0.366418$ & $-0.0289628$ & $-0.570855$ & $0.374333$ & $0.327141$ & $-0.00239283$ & $0.0515676$ & $0.0486399$ & $-0.0777591$ & $0.0648771$ & $0.460626$ & $0.0111479$ & $-0.0446277$ & $0.00145017$ & $-0.0462387$ & $0.00185138$ & $0.00191603$ & $-0.0547072$ & $-0.003791$ & $-0.00164008$ & $-0.0271936$ & $0.0205899$ & $-0.000806335$ & $-0.00951395$ & $-0.0209181$ & $0.0147436$ \\
CHQ1_11 & $-0.00156342$ & $-0.000687981$ & $0.0200506$ & $0.0507118$ & $0.0240792$ & $-0.0250959$ & $-0.00443061$ & $0.0973831$ & $0.0975805$ & $-0.0659514$ & $-0.0343509$ & $-0.0454534$ & $0.0433774$ & $-0.0829143$ & $-0.18951$ & $-0.198327$ & $-0.0794355$ & $0.000112628$ & $0.01539$ & $0.00518286$ & $0.0688208$ & $0.0697015$ & $1$ & $-0.155997$ & $0.0813839$ & $-0.681216$ & $0.389354$ & $0.0449643$ & $0.00670249$ & $0.0255671$ & $0.0375028$ & $-0.00458303$ & $0.00853766$ & $0.240189$ & $0.0192982$ & $0.0296189$ & $-0.00581747$ & $-0.00389076$ & $-0.043234$ & $0.0174181$ & $-0.0149913$ & $0.0273792$ & $-0.0426907$ & $-0.0303071$ & $0.0193898$ & $-0.0204649$ & $-0.00493897$ & $0.0132956$ & $-0.0376741$ \\
CHQ1_33 & $-0.0739712$ & $0.0656764$ & $-0.0128382$ & $-0.0621541$ & $-0.03388$ & $0.00531158$ & $0.116702$ & $-0.687614$ & $-0.679441$ & $0.557304$ & $0.321618$ & $0.272736$ & $-0.402655$ & $0.483208$ & $0.104195$ & $0.109793$ & $0.68428$ & $0.636431$ & $0.624611$ & $-0.265264$ & $-0.378271$ & $-0.366418$ & $-0.155997$ & $1$ & $0.646513$ & $0.217359$ & $-0.440127$ & $-0.0356821$ & $-0.0342469$ & $-0.131948$ & $-0.0664822$ & $0.0902286$ & $-0.121063$ & $-0.637331$ & $-0.0457202$ & $0.0143336$ & $0.0135855$ & $0.0100798$ & $0.00214883$ & $0.000257885$ & $0.03876$ & $-0.0273202$ & $0.0172012$ & $0.0314604$ & $-0.013815$ & $0.0313154$ & $0.0218395$ & $0.00458044$ & $0.0585293$ \\
CHQ3_11 & $-0.159286$ & $0.0178686$ & $0.0303086$ & $-0.0616413$ & $-0.0137594$ & $-0.0709901$ & $0.0977968$ & $-0.407075$ & $-0.405242$ & $0.482573$ & $0.0293124$ & $0.140657$ & $-0.369998$ & $0.594619$ & $-0.136708$ & $-0.122855$ & $0.777628$ & $0.798168$ & $0.791489$ & $-0.0194952$ & $-0.0346307$ & $-0.0289628$ & $0.0813839$ & $0.646513$ & $1$ & $0.0152549$ & $0.193936$ & $-0.0266155$ & $-0.0169496$ & $-0.122211$ & $-0.0439176$ & $0.0687492$ & $-0.110532$ & $-0.20064$ & $-0.052662$ & $0.0122264$ & $0.0204289$ & $-0.00235247$ & $-0.00704115$ & $-0.0023095$ & $0.0194521$ & $-0.0344406$ & $0.00222611$ & $0.0321393$ & $-0.0225509$ & $0.00952122$ & $0.0218685$ & $-0.000456143$ & $0.0598355$ \\
CHu_11 & $-0.0567681$ & $0.000426684$ & $-0.00941754$ & $-0.0154671$ & $-0.0320638$ & $0.137548$ & $0.0312656$ & $-0.519122$ & $-0.511113$ & $0.218551$ & $0.575504$ & $0.203467$ & $-0.106216$ & $-0.26756$ & $-0.186527$ & $-0.173872$ & $-0.105487$ & $0.0370976$ & $0.0303322$ & $-0.562452$ & $-0.580924$ & $-0.570855$ & $-0.681216$ & $0.217359$ & $0.0152549$ & $1$ & $-0.206921$ & $-0.212352$ & $0.00371424$ & $-0.0453274$ & $-0.0533723$ & $0.038054$ & $-0.0326507$ & $-0.276965$ & $-0.0355352$ & $0.0156436$ & $0.0139217$ & $0.0278649$ & $0.0187847$ & $-0.0270693$ & $0.0294914$ & $-0.0154892$ & $0.0208111$ & $0.0293279$ & $-0.0259331$ & $0.0102017$ & $0.00432573$ & $0.000943361$ & $0.0317536$ \\
CHd_11 & $-0.0573964$ & $-0.0836982$ & $0.0591968$ & $0.00912408$ & $0.0332546$ & $-0.0682476$ & $-0.0590543$ & $0.437153$ & $0.428653$ & $-0.23421$ & $-0.297581$ & $-0.205195$ & $0.154261$ & $-0.12178$ & $-0.414402$ & $-0.381787$ & $-0.173523$ & $-0.0121277$ & $-0.0196796$ & $0.220936$ & $0.380116$ & $0.374333$ & $0.389354$ & $-0.440127$ & $0.193936$ & $-0.206921$ & $1$ & $0.10553$ & $0.0290624$ & $0.0433469$ & $0.0313559$ & $-0.0578029$ & $0.0433521$ & $0.703545$ & $-0.00294132$ & $-0.0260023$ & $0.00228253$ & $-0.0131096$ & $-0.0332535$ & $-0.00166864$ & $-0.0361071$ & $-0.0080098$ & $-0.0315467$ & $-0.00985783$ & $0.0197686$ & $-0.0266317$ & $-0.0422333$ & $0.0143184$ & $-0.0201065$ \\
CHd_33 & $0.0157904$ & $0.0402322$ & $-0.0132144$ & $0.00129634$ & $0.00245233$ & $-0.0842628$ & $-0.0294911$ & $0.301781$ & $0.292918$ & $-0.139855$ & $-0.332751$ & $-0.118189$ & $0.0535342$ & $0.152939$ & $0.114318$ & $0.110316$ & $0.0455309$ & $-0.0309846$ & $-0.0310381$ & $0.327866$ & $0.334264$ & $0.327141$ & $0.0449643$ & $-0.0356821$ & $-0.0266155$ & $-0.212352$ & $0.10553$ & $1$ & $0.0159547$ & $0.0296468$ & $0.0178508$ & $-0.0335577$ & $0.033052$ & $0.152488$ & $-0.016813$ & $-0.0259854$ & $0.019431$ & $0.0203366$ & $-0.0391444$ & $0.00636837$ & $-0.0137754$ & $-0.0147672$ & $0.00550751$ & $-0.0248407$ & $0.015722$ & $0.0229397$ & $-0.0102697$ & $0.00424285$ & $0.0119364$ \\
CeH_22r & $0.0272994$ & $-0.00218834$ & $-0.0211248$ & $0.00211551$ & $0.00802407$ & $0.0200014$ & $0.0105445$ & $0.0149174$ & $0.0221548$ & $-0.0153527$ & $-0.000307657$ & $-0.0076685$ & $0.0603889$ & $-0.0107807$ & $-0.0261614$ & $-0.0260414$ & $-0.0392692$ & $-0.0130647$ & $-0.0128084$ & $-0.00239803$ & $0.00528302$ & $-0.00239283$ & $0.00670249$ & $-0.0342469$ & $-0.0169496$ & $0.00371424$ & $0.0290624$ & $0.0159547$ & $1$ & $0.0304402$ & $0.0136482$ & $-0.00167604$ & $0.0481243$ & $0.0236065$ & $-0.042264$ & $0.00865195$ & $-0.00237247$ & $0.0216789$ & $-0.049563$ & $-0.0296492$ & $-0.022546$ & $0.00644134$ & $-0.0233661$ & $-0.00399456$ & $0.00618818$ & $-0.00285192$ & $0.00225508$ & $0.0150114$ & $0.0048073$ \\
CeH_33r & $0.0147439$ & $-0.0370019$ & $0.0149805$ & $0.028438$ & $0.0431607$ & $0.00179844$ & $-0.14969$ & $0.109365$ & $0.12724$ & $-0.133354$ & $-0.0484599$ & $0.0725018$ & $0.272537$ & $-0.0811906$ & $0.013493$ & $0.0271247$ & $-0.128523$ & $-0.122286$ & $-0.129609$ & $0.0473978$ & $0.0517955$ & $0.0515676$ & $0.0255671$ & $-0.131948$ & $-0.122211$ & $-0.0453274$ & $0.0433469$ & $0.0296468$ & $0.0304402$ & $1$ & $0.308659$ & $0.00440159$ & $0.622699$ & $0.070041$ & $-0.0411888$ & $-0.0148629$ & $-0.164058$ & $-0.00959928$ & $-0.0117114$ & $0.00692017$ & $-0.000744498$ & $0.00173068$ & $-0.0489002$ & $0.0229682$ & $0.104301$ & $-0.0578252$ & $0.000178141$ & $-0.0466301$ & $-0.0482386$ \\
CuH_22r & $-0.0409192$ & $0.00718387$ & $0.0538922$ & $0.0579674$ & $0.0145668$ & $0.00306315$ & $-0.0636972$ & $0.0720485$ & $0.0852754$ & $-0.0627478$ & $-0.0503203$ & $-0.00845981$ & $0.120447$ & $-0.0160278$ & $0.0110601$ & $0.0238285$ & $-0.0448757$ & $-0.0473032$ & $-0.0589053$ & $0.0507451$ & $0.0518662$ & $0.0486399$ & $0.0375028$ & $-0.0664822$ & $-0.0439176$ & $-0.0533723$ & $0.0313559$ & $0.0178508$ & $0.0136482$ & $0.308659$ & $1$ & $0.0324208$ & $0.352036$ & $0.0482866$ & $-0.0140873$ & $0.0349392$ & $-0.101101$ & $0.0117223$ & $-0.00351722$ & $-0.012364$ & $0.0226062$ & $-0.0425931$ & $-0.0235141$ & $0.0610532$ & $-0.0220639$ & $0.07531$ & $0.370907$ & $-0.0268853$ & $0.00235953$ \\
CuH_33r & $0.0487197$ & $-0.0224988$ & $-0.0424082$ & $-0.00452374$ & $0.0157508$ & $0.0328357$ & $0.92837$ & $-0.105757$ & $-0.0701531$ & $0.095686$ & $0.069711$ & $0.189221$ & $-0.274832$ & $0.0481718$ & $-0.0254406$ & $-0.0166954$ & $0.0636004$ & $0.0856903$ & $0.0795595$ & $-0.0691086$ & $-0.074933$ & $-0.0777591$ & $-0.00458303$ & $0.0902286$ & $0.0687492$ & $0.038054$ & $-0.0578029$ & $-0.0335577$ & $-0.00167604$ & $0.00440159$ & $0.0324208$ & $1$ & $0.00496271$ & $-0.070682$ & $0.0434727$ & $0.0133726$ & $-0.0275216$ & $-0.00399367$ & $0.00356147$ & $-0.0112496$ & $-0.000561663$ & $-0.00805135$ & $-0.0390273$ & $-0.0124317$ & $-0.00343841$ & $0.014503$ & $0.00846109$ & $0.00232285$ & $-0.044116$ \\
CdH_33r & $-0.0302552$ & $0.0159059$ & $-0.0213272$ & $0.0288293$ & $0.00792052$ & $-0.00358903$ & $-0.177681$ & $0.114394$ & $0.137206$ & $-0.126996$ & $-0.0619788$ & $0.0776505$ & $0.322944$ & $-0.058273$ & $0.0340198$ & $0.023899$ & $-0.119124$ & $-0.122709$ & $-0.113282$ & $0.062507$ & $0.0641667$ & $0.0648771$ & $0.00853766$ & $-0.121063$ & $-0.110532$ & $-0.0326507$ & $0.0433521$ & $0.033052$ & $0.0481243$ & $0.622699$ & $0.352036$ & $0.00496271$ & $1$ & $0.0575984$ & $-0.0342086$ & $-0.0420207$ & $-0.13655$ & $-0.0295986$ & $-0.0310251$ & $0.0204854$ & $0.00397819$ & $0.00504138$ & $-0.0100574$ & $0.0484305$ & $-0.0392339$ & $0.00837879$ & $0.0549961$ & $0.100411$ & $0.439392$ \\
CLL_1221 & $0.00751403$ & $-0.0483613$ & $0.0393364$ & $-0.00352031$ & $0.0417297$ & $-0.119439$ & $-0.0701603$ & $0.578027$ & $0.56947$ & $-0.355722$ & $-0.379292$ & $-0.2715$ & $0.232391$ & $-0.227638$ & $-0.589808$ & $-0.112944$ & $-0.261946$ & $0.0150672$ & $-0.342577$ & $0.298179$ & $0.465674$ & $0.460626$ & $0.240189$ & $-0.637331$ & $-0.20064$ & $-0.276965$ & $0.703545$ & $0.152488$ & $0.0236065$ & $0.070041$ & $0.0482866$ & $-0.070682$ & $0.0575984$ & $1$ & $0.0187122$ & $-0.0426735$ & $-0.00528854$ & $-0.0239414$ & $-0.0161878$ & $-0.00298514$ & $-0.0388099$ & $-0.0102937$ & $-0.0153211$ & $-0.0173524$ & $0.0235803$ & $-0.0115298$ & $-0.0342547$ & $-0.00393991$ & $-0.0338783$ \\
eHggint & $0.0240416$ & $-0.0635776$ & $-0.0805151$ & $-0.00449479$ & $0.0230221$ & $-0.0298477$ & $-0.0412711$ & $0.0340597$ & $0.0066901$ & $0.0162283$ & $-0.0141752$ & $0.0697323$ & $0.0381061$ & $-0.0338056$ & $0.00532955$ & $0.0119086$ & $-0.0403656$ & $-0.0425449$ & $-0.0483342$ & $0.0114989$ & $0.0139326$ & $0.0111479$ & $0.0192982$ & $-0.0457202$ & $-0.052662$ & $-0.0355352$ & $-0.00294132$ & $-0.016813$ & $-0.042264$ & $-0.0411888$ & $-0.0140873$ & $0.0434727$ & $-0.0342086$ & $0.0187122$ & $1$ & $-0.0646388$ & $-0.0602139$ & $-0.00116441$ & $0.0168302$ & $-0.00942164$ & $0.0944114$ & $-0.00585851$ & $-0.073489$ & $-0.0337753$ & $0.0632891$ & $0.00446256$ & $0.0422897$ & $0.0338115$ & $0.00416033$ \\
eHggpar & $-0.150618$ & $0.0132892$ & $0.061467$ & $0.0244041$ & $0.0105016$ & $-0.00838712$ & $-0.0458608$ & $-0.0375997$ & $-0.0524466$ & $0.0556054$ & $0.0444602$ & $0.0822893$ & $-0.00212574$ & $-0.0346041$ & $0.0259076$ & $-0.0111133$ & $0.00398331$ & $-0.0235466$ & $0.00625161$ & $-0.0388007$ & $-0.0441067$ & $-0.0446277$ & $0.0296189$ & $0.0143336$ & $0.0122264$ & $0.0156436$ & $-0.0260023$ & $-0.0259854$ & $0.00865195$ & $-0.0148629$ & $0.0349392$ & $0.0133726$ & $-0.0420207$ & $-0.0426735$ & $-0.0646388$ & $1$ & $-0.172935$ & $0.0277355$ & $-0.0432786$ & $-0.0276884$ & $0.0677276$ & $0.0359836$ & $-0.0924297$ & $0.0226768$ & $-0.00964999$ & $0.0664565$ & $0.0437842$ & $-0.0705383$ & $-0.0771453$ \\
eHWWint & $0.0381794$ & $0.0908198$ & $-0.00233353$ & $-0.0200175$ & $-0.0238672$ & $0.016897$ & $0.024484$ & $-0.00850726$ & $-0.0126933$ & $-0.00899847$ & $-0.00694346$ & $-0.022065$ & $-0.0101551$ & $0.0335241$ & $-0.00348604$ & $-0.00118413$ & $0.0159647$ & $0.0273216$ & $0.0215085$ & $0.00996155$ & $0.00863012$ & $0.00145017$ & $-0.00581747$ & $0.0135855$ & $0.0204289$ & $0.0139217$ & $0.00228253$ & $0.019431$ & $-0.00237247$ & $-0.164058$ & $-0.101101$ & $-0.0275216$ & $-0.13655$ & $-0.00528854$ & $-0.0602139$ & $-0.172935$ & $1$ & $-0.0113486$ & $0.00661429$ & $0.0390154$ & $-0.00482434$ & $0.0278152$ & $0.06273$ & $0.0593898$ & $-0.0210245$ & $0.0628292$ & $-0.0120243$ & $0.0479976$ & $0.0817141$ \\
eHWWpar & $-0.0278123$ & $0.0213802$ & $0.00557058$ & $0.0172758$ & $-0.0205284$ & $0.0360988$ & $-0.00507923$ & $-0.0316157$ & $-0.0314785$ & $-0.0036001$ & $0.0397371$ & $-0.000486023$ & $0.000177048$ & $-0.0145681$ & $-0.010128$ & $-0.0137874$ & $-0.0286225$ & $-0.00763601$ & $-0.0097998$ & $-0.0371613$ & $-0.0410664$ & $-0.0462387$ & $-0.00389076$ & $0.0100798$ & $-0.00235247$ & $0.0278649$ & $-0.0131096$ & $0.0203366$ & $0.0216789$ & $-0.00959928$ & $0.0117223$ & $-0.00399367$ & $-0.0295986$ & $-0.0239414$ & $-0.00116441$ & $0.0277355$ & $-0.0113486$ & $1$ & $0.0529161$ & $-0.00539773$ & $0.0133243$ & $-0.0244371$ & $0.0217817$ & $-0.000199975$ & $0.0204181$ & $0.0154376$ & $0.0278898$ & $-0.0294197$ & $-0.0171752$ \\
eHZZint & $-0.0802222$ & $0.0735384$ & $-0.100628$ & $-0.117719$ & $-0.0237579$ & $0.00117134$ & $0.00195654$ & $-0.00227688$ & $-4.50422e-05$ & $-0.0200393$ & $-0.0015431$ & $-0.0175527$ & $0.000419993$ & $0.00913524$ & $0.0205746$ & $0.0177239$ & $0.00186845$ & $-0.0100416$ & $-0.00511566$ & $0.00200266$ & $0.000308608$ & $0.00185138$ & $-0.043234$ & $0.00214883$ & $-0.00704115$ & $0.0187847$ & $-0.0332535$ & $-0.0391444$ & $-0.049563$ & $-0.0117114$ & $-0.00351722$ & $0.00356147$ & $-0.0310251$ & $-0.0161878$ & $0.0168302$ & $-0.0432786$ & $0.00661429$ & $0.0529161$ & $1$ & $0.0135404$ & $-0.0163814$ & $0.027367$ & $0.0550431$ & $0.0558713$ & $-0.00390424$ & $-0.0509158$ & $0.0303153$ & $0.0457999$ & $-0.0328731$ \\
eHZZpar & $0.0069782$ & $-0.0070254$ & $-0.00555336$ & $-0.0143049$ & $-0.010856$ & $0.0081044$ & $-0.0145446$ & $0.000597483$ & $-0.00802723$ & $-0.00949343$ & $1.12758e-05$ & $-0.00133406$ & $-0.00184823$ & $0.00864345$ & $-0.00490416$ & $-0.00667553$ & $-0.0128249$ & $0.000800979$ & $0.00354232$ & $-0.000201849$ & $-0.000956341$ & $0.00191603$ & $0.0174181$ & $0.000257885$ & $-0.0023095$ & $-0.0270693$ & $-0.00166864$ & $0.00636837$ & $-0.0296492$ & $0.00692017$ & $-0.012364$ & $-0.0112496$ & $0.0204854$ & $-0.00298514$ & $-0.00942164$ & $-0.0276884$ & $0.0390154$ & $-0.00539773$ & $0.0135404$ & $1$ & $-0.00329214$ & $-0.00369598$ & $-0.0332824$ & $-0.0149649$ & $-0.0386$ & $-0.00762156$ & $-0.0399924$ & $0.000264903$ & $0.0173284$ \\
eHZgaint & $-0.138352$ & $0.00460223$ & $0.0523669$ & $0.0847631$ & $-0.00221301$ & $0.00334377$ & $-0.00861004$ & $-0.0438909$ & $-0.0458468$ & $-0.0194635$ & $0.0411488$ & $-0.018046$ & $-0.00573925$ & $-0.00979468$ & $0.00562608$ & $-0.0103618$ & $0.00835089$ & $0.00528664$ & $0.00809106$ & $-0.0363082$ & $-0.0418235$ & $-0.0547072$ & $-0.0149913$ & $0.03876$ & $0.0194521$ & $0.0294914$ & $-0.0361071$ & $-0.0137754$ & $-0.022546$ & $-0.000744498$ & $0.0226062$ & $-0.000561663$ & $0.00397819$ & $-0.0388099$ & $0.0944114$ & $0.0677276$ & $-0.00482434$ & $0.0133243$ & $-0.0163814$ & $-0.00329214$ & $1$ & $-0.0304664$ & $0.0374488$ & $0.00587434$ & $0.072944$ & $0.021488$ & $0.107928$ & $0.0984795$ & $0.000321896$ \\
eHZgapar & $0.0155479$ & $0.0491342$ & $-0.0144048$ & $-0.0144166$ & $0.00340209$ & $0.0206811$ & $-0.007216$ & $0.00554324$ & $0.00365396$ & $-0.0243761$ & $0.00673433$ & $-0.0115858$ & $0.00543817$ & $-0.00738719$ & $0.0127119$ & $-0.0223178$ & $-0.0347519$ & $-0.0345237$ & $-0.00433289$ & $-0.0076044$ & $-0.004041$ & $-0.003791$ & $0.0273792$ & $-0.0273202$ & $-0.0344406$ & $-0.0154892$ & $-0.0080098$ & $-0.0147672$ & $0.00644134$ & $0.00173068$ & $-0.0425931$ & $-0.00805135$ & $0.00504138$ & $-0.0102937$ & $-0.00585851$ & $0.0359836$ & $0.0278152$ & $-0.0244371$ & $0.027367$ & $-0.00369598$ & $-0.0304664$ & $1$ & $-0.0207485$ & $-0.0560655$ & $-0.0210845$ & $-0.0346114$ & $-0.0441078$ & $0.00293032$ & $0.0369347$ \\
eHgagaint & $-0.109032$ & $0.0196569$ & $0.0358276$ & $-0.120541$ & $0.0200779$ & $-0.00191243$ & $-0.0215827$ & $-0.0087232$ & $0.0601317$ & $-0.00971645$ & $0.00568059$ & $-0.0219527$ & $-0.0190365$ & $0.00757965$ & $0.0124051$ & $-0.00224402$ & $0.00822002$ & $0.000719532$ & $0.00768012$ & $-0.00397012$ & $-0.00420597$ & $-0.00164008$ & $-0.0426907$ & $0.0172012$ & $0.00222611$ & $0.0208111$ & $-0.0315467$ & $0.00550751$ & $-0.0233661$ & $-0.0489002$ & $-0.0235141$ & $-0.0390273$ & $-0.0100574$ & $-0.0153211$ & $-0.073489$ & $-0.0924297$ & $0.06273$ & $0.0217817$ & $0.0550431$ & $-0.0332824$ & $0.0374488$ & $-0.0207485$ & $1$ & $-0.0184039$ & $-0.021779$ & $-0.0220731$ & $0.0427988$ & $0.0382502$ & $0.00703317$ \\
eHmumuint & $-0.0823211$ & $0.0316918$ & $-0.0694389$ & $0.0526553$ & $-0.035342$ & $-0.0170726$ & $-0.0109142$ & $-0.0377641$ & $-0.0387756$ & $0.0301237$ & $0.0294788$ & $0.0145277$ & $-0.00702981$ & $-0.00375858$ & $-0.0120817$ & $-0.0311041$ & $0.0213554$ & $0.0207373$ & $0.0339404$ & $-0.028679$ & $-0.0295748$ & $-0.0271936$ & $-0.0303071$ & $0.0314604$ & $0.0321393$ & $0.0293279$ & $-0.00985783$ & $-0.0248407$ & $-0.00399456$ & $0.0229682$ & $0.0610532$ & $-0.0124317$ & $0.0484305$ & $-0.0173524$ & $-0.0337753$ & $0.0226768$ & $0.0593898$ & $-0.000199975$ & $0.0558713$ & $-0.0149649$ & $0.00587434$ & $-0.0560655$ & $-0.0184039$ & $1$ & $-0.141151$ & $0.0809489$ & $0.105997$ & $0.154475$ & $0.0603345$ \\
eHtautauint & $0.0478241$ & $-0.0226928$ & $0.13307$ & $-0.0214752$ & $0.045858$ & $0.0252064$ & $-0.0225936$ & $0.0256505$ & $0.0233711$ & $-0.0244198$ & $-0.0157015$ & $-0.0247339$ & $0.0222007$ & $-0.00172124$ & $-0.00814366$ & $-0.00185501$ & $-0.0224593$ & $-0.00985726$ & $-0.0135052$ & $0.0159445$ & $0.0173876$ & $0.0205899$ & $0.0193898$ & $-0.013815$ & $-0.0225509$ & $-0.0259331$ & $0.0197686$ & $0.015722$ & $0.00618818$ & $0.104301$ & $-0.0220639$ & $-0.00343841$ & $-0.0392339$ & $0.0235803$ & $0.0632891$ & $-0.00964999$ & $-0.0210245$ & $0.0204181$ & $-0.00390424$ & $-0.0386$ & $0.072944$ & $-0.0210845$ & $-0.021779$ & $-0.141151$ & $1$ & $-0.0380561$ & $-0.0550648$ & $-0.118774$ & $-0.0811096$ \\
eHccint & $-0.00402268$ & $0.0610666$ & $0.0802785$ & $-0.0503947$ & $0.0175096$ & $0.0032644$ & $0.0154393$ & $-0.00785505$ & $-0.0134882$ & $0.0246233$ & $-0.00793665$ & $0.00896206$ & $-0.00277103$ & $0.02862$ & $0.00967819$ & $0.0281124$ & $0.0254452$ & $0.0240437$ & $0.00361777$ & $0.0140057$ & $0.00591988$ & $-0.000806335$ & $-0.0204649$ & $0.0313154$ & $0.00952122$ & $0.0102017$ & $-0.0266317$ & $0.0229397$ & $-0.00285192$ & $-0.0578252$ & $0.07531$ & $0.014503$ & $0.00837879$ & $-0.0115298$ & $0.00446256$ & $0.0664565$ & $0.0628292$ & $0.0154376$ & $-0.0509158$ & $-0.00762156$ & $0.021488$ & $-0.0346114$ & $-0.0220731$ & $0.0809489$ & $-0.0380561$ & $1$ & $0.0939135$ & $0.0251983$ & $0.117687$ \\
eHccpar & $-0.0957795$ & $0.0878516$ & $0.00529442$ & $0.202962$ & $-0.0100943$ & $0.0187934$ & $0.00387626$ & $-0.0197993$ & $-0.0129087$ & $0.0203452$ & $0.00342432$ & $0.0152952$ & $0.0010645$ & $0.0244357$ & $0.0282084$ & $0.0280643$ & $0.0284542$ & $0.0119706$ & $0.00806743$ & $0.0037331$ & $-0.00732591$ & $-0.00951395$ & $-0.00493897$ & $0.0218395$ & $0.0218685$ & $0.00432573$ & $-0.0422333$ & $-0.0102697$ & $0.00225508$ & $0.000178141$ & $0.370907$ & $0.00846109$ & $0.0549961$ & $-0.0342547$ & $0.0422897$ & $0.0437842$ & $-0.0120243$ & $0.0278898$ & $0.0303153$ & $-0.0399924$ & $0.107928$ & $-0.0441078$ & $0.0427988$ & $0.105997$ & $-0.0550648$ & $0.0939135$ & $1$ & $-0.0283189$ & $0.110293$ \\
eHbbint & $0.0337552$ & $0.0430239$ & $-0.0120157$ & $0.0516785$ & $0.00867129$ & $0.000288018$ & $0.0179843$ & $-0.0160458$ & $-0.0102192$ & $-0.0200412$ & $0.0232484$ & $-0.0214935$ & $-0.0062981$ & $-0.00623919$ & $-0.0138878$ & $-0.0315055$ & $-0.0178645$ & $-0.00613252$ & $0.00518688$ & $-0.0254972$ & $-0.0185225$ & $-0.0209181$ & $0.0132956$ & $0.00458044$ & $-0.000456143$ & $0.000943361$ & $0.0143184$ & $0.00424285$ & $0.0150114$ & $-0.0466301$ & $-0.0268853$ & $0.00232285$ & $0.100411$ & $-0.00393991$ & $0.0338115$ & $-0.0705383$ & $0.0479976$ & $-0.0294197$ & $0.0457999$ & $0.000264903$ & $0.0984795$ & $0.00293032$ & $0.0382502$ & $0.154475$ & $-0.118774$ & $0.0251983$ & $-0.0283189$ & $1$ & $-0.0666303$ \\
eHbbpar & $-0.0985953$ & $0.083189$ & $-0.0332384$ & $-0.0354353$ & $-0.0458218$ & $-0.0179101$ & $-0.0378158$ & $-0.0208809$ & $-0.0201523$ & $0.0493194$ & $-0.015492$ & $0.0153217$ & $-0.0152886$ & $0.0687916$ & $0.0197428$ & $0.00512766$ & $0.0581318$ & $0.0511959$ & $0.0631719$ & $0.020644$ & $0.0120815$ & $0.0147436$ & $-0.0376741$ & $0.0585293$ & $0.0598355$ & $0.0317536$ & $-0.0201065$ & $0.0119364$ & $0.0048073$ & $-0.0482386$ & $0.00235953$ & $-0.044116$ & $0.439392$ & $-0.0338783$ & $0.00416033$ & $-0.0771453$ & $0.0817141$ & $-0.0171752$ & $-0.0328731$ & $0.0173284$ & $0.000321896$ & $0.0369347$ & $0.00703317$ & $0.0603345$ & $-0.0811096$ & $0.117687$ & $0.110293$ & $-0.0666303$ & $1$ \\
