 & AlsMz & dAle5Mz & mtop & mHl & Mz & CW & CHG & CHWB & CHWHB_gaga & CHWHB_gagaorth & CHD & CHbox & CH & CHL1_11 & CHL1_22 & CHL1_33 & CHL3_11 & CHL3_22 & CHL3_33 & CHe_11 & CHe_22 & CHe_33 & CHQ1_11 & CHQ1_33 & CHQ3_11 & CHu_11 & CHd_11 & CHd_33 & CeH_22r & CeH_33r & CuH_22r & CuH_33r & CdH_33r & CLL_1221 & eHggint & eHggpar & eHWWint & eHWWpar & eHZZint & eHZZpar & eHZgaint & eHZgapar & eHgagaint & eHmumuint & eHtautauint & eHccint & eHccpar & eHbbint & eHbbpar \\
AlsMz & $1$ & $-0.10213$ & $-0.179952$ & $0.028585$ & $-0.00378364$ & $0.0245312$ & $-0.01953$ & $0.0200193$ & $0.0143528$ & $0.00165443$ & $-0.00801971$ & $-0.00972082$ & $0.0127779$ & $-0.0122132$ & $-0.0305943$ & $-0.0735712$ & $-0.0507538$ & $-0.0200163$ & $0.0118276$ & $-0.00425476$ & $0.00563905$ & $0.00566777$ & $0.039172$ & $-0.095254$ & $-0.134559$ & $-0.0595369$ & $-0.0124949$ & $0.0511185$ & $-0.0440505$ & $-0.0358322$ & $-0.0574268$ & $-0.0352423$ & $0.0322868$ & $0.0225743$ & $0.0808352$ & $-0.0731132$ & $-0.137099$ & $-0.0471824$ & $-0.127241$ & $2.76174e-05$ & $0.074098$ & $-0.00896056$ & $-0.0101579$ & $-0.155512$ & $-0.121437$ & $-0.0603965$ & $0.0268766$ & $-0.0214666$ & $0.150208$ \\
dAle5Mz & $-0.10213$ & $1$ & $0.048149$ & $-0.0281822$ & $-0.0259776$ & $-0.0230202$ & $0.00253375$ & $-0.0736419$ & $-0.0545352$ & $0.0146222$ & $0.055007$ & $0.00458669$ & $-0.0221361$ & $0.00271819$ & $-0.00575903$ & $-0.0489067$ & $0.0314388$ & $0.0206585$ & $0.0460163$ & $-0.0419932$ & $-0.0360832$ & $-0.0429524$ & $-0.0790383$ & $0.0319671$ & $0.0450616$ & $0.0839748$ & $-0.0075065$ & $-0.0606962$ & $0.0208298$ & $-0.0116673$ & $0.0526424$ & $-0.0123613$ & $0.0262552$ & $-0.012891$ & $-0.314825$ & $0.0497366$ & $0.00751089$ & $0.0141022$ & $-0.0422777$ & $0.0247107$ & $-0.0255859$ & $0.0547967$ & $0.12919$ & $0.0539313$ & $-0.150727$ & $0.099067$ & $0.166635$ & $-0.0724453$ & $0.0656724$ \\
mtop & $-0.179952$ & $0.048149$ & $1$ & $0.228009$ & $-0.0488001$ & $-0.0187202$ & $0.0828974$ & $0.0325971$ & $0.0247598$ & $-0.0359275$ & $-0.0432488$ & $-0.0546199$ & $0.0211295$ & $0.0462288$ & $0.0005906$ & $0.0323015$ & $0.0314469$ & $0.0327065$ & $0.00797879$ & $0.0493792$ & $0.0488163$ & $0.0506533$ & $-0.0377772$ & $0.00867929$ & $0.0140474$ & $-0.0035693$ & $-0.0158233$ & $0.0332866$ & $-0.0165842$ & $-0.0221675$ & $-0.0217836$ & $0.0913538$ & $-0.101393$ & $0.0293606$ & $-0.144861$ & $0.151105$ & $0.175148$ & $0.0678039$ & $0.0839171$ & $0.0199094$ & $0.159407$ & $0.0668558$ & $-0.143557$ & $0.00589346$ & $-0.0256692$ & $-0.0710961$ & $-0.0174844$ & $-0.161842$ & $-0.171337$ \\
mHl & $0.028585$ & $-0.0281822$ & $0.228009$ & $1$ & $-0.0517448$ & $-0.0970406$ & $0.0743791$ & $0.0218393$ & $0.032046$ & $-0.00526254$ & $-0.0279612$ & $-0.035946$ & $0.0402486$ & $-0.000301766$ & $0.0308875$ & $-0.00551079$ & $0.0240109$ & $-0.011294$ & $0.015323$ & $0.0296659$ & $0.0284227$ & $0.0248429$ & $-0.0537499$ & $-0.0217294$ & $-0.0342845$ & $0.00991936$ & $-0.046555$ & $0.0165209$ & $0.0093399$ & $-0.0124352$ & $0.0173766$ & $0.0685377$ & $0.0105955$ & $-0.00342609$ & $0.17475$ & $-0.156154$ & $-0.254242$ & $0.0160538$ & $0.00491253$ & $-0.0110556$ & $0.177538$ & $-0.00915439$ & $0.0776181$ & $0.00304735$ & $0.161542$ & $-0.259136$ & $0.0124378$ & $0.212364$ & $-0.13813$ \\
Mz & $-0.00378364$ & $-0.0259776$ & $-0.0488001$ & $-0.0517448$ & $1$ & $-0.0119777$ & $-0.0100518$ & $-0.0265854$ & $-0.0312746$ & $0.0190569$ & $0.0167743$ & $0.0385399$ & $-0.0459836$ & $0.0287901$ & $0.0121001$ & $0.0430614$ & $0.0331689$ & $0.0316018$ & $0.00471539$ & $-0.00136498$ & $-0.0138663$ & $-0.00794169$ & $-0.0437026$ & $0.0287903$ & $0.00600399$ & $0.0237805$ & $-0.0628943$ & $-0.0388583$ & $-0.0366376$ & $-0.0201899$ & $-0.00306473$ & $-0.0169157$ & $-0.0405148$ & $-0.032605$ & $-0.0305596$ & $0.0225893$ & $-0.0176286$ & $0.0197491$ & $-0.0331857$ & $-0.0393192$ & $0.00013871$ & $-0.00591181$ & $-0.0172729$ & $0.0363966$ & $0.0419013$ & $0.00610012$ & $-0.0275009$ & $0.0467314$ & $-0.0480056$ \\
CW & $0.0245312$ & $-0.0230202$ & $-0.0187202$ & $-0.0970406$ & $-0.0119777$ & $1$ & $0.017257$ & $-0.134611$ & $-0.131291$ & $0.0316717$ & $0.171019$ & $0.0613203$ & $-0.0349519$ & $0.0553443$ & $-0.0415733$ & $-0.0440026$ & $-0.218464$ & $-0.0281497$ & $-0.0227993$ & $-0.165947$ & $-0.179978$ & $-0.177464$ & $-0.0370228$ & $0.025476$ & $-0.0566688$ & $0.121376$ & $-0.107142$ & $-0.0728522$ & $-0.0583821$ & $-0.0117745$ & $-0.0207847$ & $0.0172374$ & $-0.00977474$ & $-0.158818$ & $-0.0377425$ & $0.0317842$ & $0.0209032$ & $0.0193602$ & $-0.0336365$ & $0.0280479$ & $-0.0735145$ & $0.0374255$ & $0.00572772$ & $0.0209545$ & $-1.6991e-05$ & $0.03078$ & $0.00114512$ & $-0.0200932$ & $0.0240624$ \\
CHG & $-0.01953$ & $0.00253375$ & $0.0828974$ & $0.0743791$ & $-0.0100518$ & $0.017257$ & $1$ & $-0.12687$ & $-0.0770215$ & $0.0951342$ & $0.0636872$ & $0.287674$ & $-0.348961$ & $0.0930441$ & $-0.0493453$ & $-0.0309953$ & $0.124503$ & $0.157976$ & $0.139214$ & $-0.0576444$ & $-0.0667734$ & $-0.0678134$ & $-0.0262723$ & $0.146528$ & $0.123823$ & $0.0429177$ & $-0.0686644$ & $-0.0060437$ & $0.00174604$ & $-0.163635$ & $-0.121709$ & $0.931209$ & $-0.190554$ & $-0.0698117$ & $-0.0178204$ & $-0.0364101$ & $0.0790282$ & $-0.0013336$ & $0.0207561$ & $-0.0115132$ & $0.0212064$ & $0.00812753$ & $-0.00797988$ & $-0.0400076$ & $0.0829144$ & $-0.032199$ & $-0.0774837$ & $-0.0259483$ & $0.0159112$ \\
CHWB & $0.0200193$ & $-0.0736419$ & $0.0325971$ & $0.0218393$ & $-0.0265854$ & $-0.134611$ & $-0.12687$ & $1$ & $0.98472$ & $-0.571475$ & $-0.888953$ & $-0.445093$ & $0.365941$ & $0.108597$ & $0.28985$ & $0.29819$ & $-0.272911$ & $-0.444645$ & $-0.451949$ & $0.859968$ & $0.905131$ & $0.888538$ & $0.141108$ & $-0.689751$ & $-0.426121$ & $-0.567193$ & $0.431358$ & $0.297889$ & $0.0210706$ & $0.153309$ & $0.0668373$ & $-0.112081$ & $0.159179$ & $0.578868$ & $0.0395595$ & $-0.000672959$ & $-0.0584104$ & $-0.00869885$ & $0.0378832$ & $0.00853706$ & $0.0126637$ & $0.0178986$ & $-0.0948064$ & $-0.022679$ & $0.0156208$ & $-0.0341791$ & $0.01136$ & $0.0223501$ & $0.00616246$ \\
CHWHB_gaga & $0.0143528$ & $-0.0545352$ & $0.0247598$ & $0.032046$ & $-0.0312746$ & $-0.131291$ & $-0.0770215$ & $0.98472$ & $1$ & $-0.563465$ & $-0.874462$ & $-0.42821$ & $0.360609$ & $0.104236$ & $0.293053$ & $0.294692$ & $-0.273515$ & $-0.445588$ & $-0.447704$ & $0.847339$ & $0.889909$ & $0.87362$ & $0.132516$ & $-0.678467$ & $-0.423803$ & $-0.557647$ & $0.4196$ & $0.299133$ & $0.0324359$ & $0.169974$ & $0.078665$ & $-0.0729569$ & $0.193347$ & $0.563191$ & $0.0176071$ & $-0.015349$ & $-0.0493809$ & $-0.0156105$ & $0.0419792$ & $0.00832243$ & $0.0112942$ & $0.0190229$ & $-0.028504$ & $-0.0130236$ & $0.0103586$ & $-0.0318193$ & $0.0107146$ & $0.03298$ & $0.0352808$ \\
CHWHB_gagaorth & $0.00165443$ & $0.0146222$ & $-0.0359275$ & $-0.00526254$ & $0.0190569$ & $0.0316717$ & $0.0951342$ & $-0.571475$ & $-0.563465$ & $1$ & $0.370235$ & $0.554142$ & $-0.23798$ & $0.206778$ & $-0.129072$ & $-0.145313$ & $0.443051$ & $0.488366$ & $0.500241$ & $-0.353256$ & $-0.385177$ & $-0.376757$ & $-0.069968$ & $0.55375$ & $0.478486$ & $0.220041$ & $-0.242612$ & $-0.161141$ & $-0.00426082$ & $-0.155606$ & $-0.12792$ & $0.108613$ & $-0.185063$ & $-0.355793$ & $0.0442936$ & $-0.0139465$ & $0.0333159$ & $-0.00715114$ & $-0.00762721$ & $-0.00859535$ & $-0.026467$ & $-0.0290785$ & $0.0371007$ & $-0.0208201$ & $0.0292419$ & $-0.00213236$ & $-0.00337635$ & $-0.049635$ & $-0.00962026$ \\
CHD & $-0.00801971$ & $0.055007$ & $-0.0432488$ & $-0.0279612$ & $0.0167743$ & $0.171019$ & $0.0636872$ & $-0.888953$ & $-0.874462$ & $0.370235$ & $1$ & $0.333043$ & $-0.214834$ & $-0.505207$ & $-0.406039$ & $-0.405261$ & $-0.162745$ & $0.0979303$ & $0.10713$ & $-0.990439$ & $-0.991511$ & $-0.97094$ & $-0.0858281$ & $0.348799$ & $0.0694628$ & $0.61622$ & $-0.303801$ & $-0.331125$ & $-0.0303601$ & $-0.115048$ & $-0.0367251$ & $0.0616097$ & $-0.124016$ & $-0.395086$ & $-0.0142785$ & $0.00590323$ & $0.0550047$ & $0.00520991$ & $-0.016552$ & $-0.0142794$ & $0.00468443$ & $-0.0100177$ & $0.0874307$ & $0.0254577$ & $-0.0138562$ & $0.0416939$ & $-0.0114388$ & $-0.0135933$ & $-0.0282871$ \\
CHbox & $-0.00972082$ & $0.00458669$ & $-0.0546199$ & $-0.035946$ & $0.0385399$ & $0.0613203$ & $0.287674$ & $-0.445093$ & $-0.42821$ & $0.554142$ & $0.333043$ & $1$ & $-0.819801$ & $0.0736149$ & $-0.0820754$ & $-0.092556$ & $0.243125$ & $0.287105$ & $0.29321$ & $-0.314103$ & $-0.347603$ & $-0.339524$ & $-0.0626008$ & $0.395012$ & $0.283331$ & $0.201914$ & $-0.215451$ & $-0.113686$ & $-0.024024$ & $-0.144496$ & $-0.099156$ & $0.291323$ & $-0.178091$ & $-0.295798$ & $0.0187768$ & $-0.0188523$ & $0.0721148$ & $0.0116732$ & $-0.0156905$ & $-0.0259046$ & $0.0100765$ & $0.00476941$ & $0.0314638$ & $-0.0270176$ & $0.0164093$ & $0.0157352$ & $-0.0117208$ & $-0.0396607$ & $-0.0196191$ \\
CH & $0.0127779$ & $-0.0221361$ & $0.0211295$ & $0.0402486$ & $-0.0459836$ & $-0.0349519$ & $-0.348961$ & $0.365941$ & $0.360609$ & $-0.23798$ & $-0.214834$ & $-0.819801$ & $1$ & $-0.196389$ & $0.087462$ & $0.0873021$ & $-0.32954$ & $-0.361171$ & $-0.354696$ & $0.209277$ & $0.224768$ & $0.222404$ & $0.0567965$ & $-0.388755$ & $-0.346857$ & $-0.145979$ & $0.150035$ & $0.0608021$ & $0.0351352$ & $0.289718$ & $0.105633$ & $-0.297816$ & $0.342525$ & $0.221351$ & $0.0529634$ & $0.0358252$ & $-0.0747682$ & $-0.0278612$ & $0.0229516$ & $0.01403$ & $-0.0209624$ & $-0.0178773$ & $-0.019606$ & $0.0274893$ & $0.00138779$ & $-0.0135414$ & $0.0193618$ & $0.0249333$ & $0.012854$ \\
CHL1_11 & $-0.0122132$ & $0.00271819$ & $0.0462288$ & $-0.000301766$ & $0.0287901$ & $0.0553443$ & $0.0930441$ & $0.108597$ & $0.104236$ & $0.206778$ & $-0.505207$ & $0.0736149$ & $-0.196389$ & $1$ & $0.271568$ & $0.256085$ & $0.638654$ & $0.573713$ & $0.568469$ & $0.525385$ & $0.465528$ & $0.450352$ & $-0.059951$ & $0.440988$ & $0.558819$ & $-0.284414$ & $-0.110205$ & $0.157676$ & $0.0220565$ & $-0.0368621$ & $-0.0429663$ & $0.0671214$ & $-0.0248481$ & $-0.202541$ & $-0.0432132$ & $-0.0075426$ & $0.00341334$ & $0.020932$ & $-0.0399435$ & $0.0155916$ & $-0.0359255$ & $0.00908594$ & $-0.0239363$ & $-0.0179188$ & $-0.0062001$ & $-0.0177576$ & $-0.00546047$ & $-0.0156015$ & $0.0591287$ \\
CHL1_22 & $-0.0305943$ & $-0.00575903$ & $0.0005906$ & $0.0308875$ & $0.0121001$ & $-0.0415733$ & $-0.0493453$ & $0.28985$ & $0.293053$ & $-0.129072$ & $-0.406039$ & $-0.0820754$ & $0.087462$ & $0.271568$ & $1$ & $0.447445$ & $0.135896$ & $-0.464869$ & $-0.0556905$ & $0.473652$ & $0.322438$ & $0.314326$ & $-0.147472$ & $0.0965255$ & $-0.152059$ & $-0.202312$ & $-0.39327$ & $0.135985$ & $-0.000780328$ & $0.0673132$ & $0.0221162$ & $-0.0453765$ & $0.103747$ & $-0.584858$ & $-0.0145885$ & $-0.00410297$ & $-0.0128617$ & $-0.0119165$ & $-0.0391711$ & $0.00871608$ & $0.0172829$ & $-0.00789894$ & $0.014836$ & $0.0277117$ & $-0.027321$ & $-0.0137581$ & $0.0135457$ & $-0.00278784$ & $0.0460523$ \\
CHL1_33 & $-0.0735712$ & $-0.0489067$ & $0.0323015$ & $-0.00551079$ & $0.0430614$ & $-0.0440026$ & $-0.0309953$ & $0.29819$ & $0.294692$ & $-0.145313$ & $-0.405261$ & $-0.092556$ & $0.0873021$ & $0.256085$ & $0.447445$ & $1$ & $0.119328$ & $-0.0566689$ & $-0.468387$ & $0.471303$ & $0.325089$ & $0.341498$ & $-0.122958$ & $0.0810535$ & $-0.150642$ & $-0.219877$ & $-0.372914$ & $0.126173$ & $0.0271599$ & $0.0674498$ & $0.0142572$ & $-0.0257055$ & $0.0787329$ & $-0.0971793$ & $-0.053408$ & $0.0213038$ & $0.0171931$ & $0.0167324$ & $-0.0606748$ & $-0.00138576$ & $-0.0242774$ & $0.00526217$ & $0.0141957$ & $0.0629169$ & $0.00409344$ & $0.0410868$ & $0.0260467$ & $0.0368195$ & $0.0378255$ \\
CHL3_11 & $-0.0507538$ & $0.0314388$ & $0.0314469$ & $0.0240109$ & $0.0331689$ & $-0.218464$ & $0.124503$ & $-0.272911$ & $-0.273515$ & $0.443051$ & $-0.162745$ & $0.243125$ & $-0.32954$ & $0.638654$ & $0.135896$ & $0.119328$ & $1$ & $0.741779$ & $0.738741$ & $0.188426$ & $0.13194$ & $0.126623$ & $-0.0846199$ & $0.684557$ & $0.779121$ & $-0.0658814$ & $-0.167798$ & $0.0521439$ & $0.018258$ & $-0.0873116$ & $-0.0588388$ & $0.100786$ & $-0.0999553$ & $-0.259197$ & $-0.0448656$ & $-0.00797849$ & $-0.00764139$ & $-0.00493845$ & $-0.0120571$ & $0.00220917$ & $-0.0237045$ & $-0.0258615$ & $0.00585985$ & $-0.0101347$ & $0.00613808$ & $-0.0168766$ & $0.00304506$ & $-0.0196184$ & $0.00901635$ \\
CHL3_22 & $-0.0200163$ & $0.0206585$ & $0.0327065$ & $-0.011294$ & $0.0316018$ & $-0.0281497$ & $0.157976$ & $-0.444645$ & $-0.445588$ & $0.488366$ & $0.0979303$ & $0.287105$ & $-0.361171$ & $0.573713$ & $-0.464869$ & $-0.0566689$ & $0.741779$ & $1$ & $0.677171$ & $-0.0994268$ & $-0.0911955$ & $-0.089579$ & $-0.0153284$ & $0.618416$ & $0.790246$ & $0.0622137$ & $-0.0157735$ & $-0.0384573$ & $0.0182923$ & $-0.123667$ & $-0.0735429$ & $0.130724$ & $-0.146849$ & $0.027241$ & $-0.0427425$ & $-0.00219335$ & $0.0261382$ & $0.0185034$ & $-0.0171609$ & $0.00343486$ & $-0.0454236$ & $-0.0126829$ & $0.00625359$ & $-0.0164537$ & $0.0194792$ & $0.000760571$ & $-0.00514876$ & $-0.0133807$ & $0.00759522$ \\
CHL3_33 & $0.0118276$ & $0.0460163$ & $0.00797879$ & $0.015323$ & $0.00471539$ & $-0.0227993$ & $0.139214$ & $-0.451949$ & $-0.447704$ & $0.500241$ & $0.10713$ & $0.29321$ & $-0.354696$ & $0.568469$ & $-0.0556905$ & $-0.468387$ & $0.738741$ & $0.677171$ & $1$ & $-0.108783$ & $-0.100229$ & $-0.0961851$ & $-0.0287899$ & $0.619798$ & $0.78461$ & $0.0788764$ & $-0.0171548$ & $-0.0330885$ & $0.00153067$ & $-0.11956$ & $-0.0666442$ & $0.113653$ & $-0.126525$ & $-0.339031$ & $-0.00882941$ & $-0.0202933$ & $-0.0066689$ & $-0.00911567$ & $0.00542098$ & $0.00333887$ & $-0.0123827$ & $-0.0177261$ & $-0.000606752$ & $-0.0412638$ & $0.00301379$ & $-0.0398256$ & $-0.0213723$ & $-0.0506065$ & $0.00716774$ \\
CHe_11 & $-0.00425476$ & $-0.0419932$ & $0.0493792$ & $0.0296659$ & $-0.00136498$ & $-0.165947$ & $-0.0576444$ & $0.859968$ & $0.847339$ & $-0.353256$ & $-0.990439$ & $-0.314103$ & $0.209277$ & $0.525385$ & $0.473652$ & $0.471303$ & $0.188426$ & $-0.0994268$ & $-0.108783$ & $1$ & $0.972825$ & $0.953272$ & $0.0608353$ & $-0.292479$ & $-0.0600009$ & $-0.607708$ & $0.228631$ & $0.329228$ & $0.0303629$ & $0.11715$ & $0.0347745$ & $-0.0546978$ & $0.128133$ & $0.31468$ & $0.00355899$ & $-0.00303231$ & $-0.0475627$ & $-0.00223384$ & $0.00822861$ & $0.0145338$ & $-0.00541876$ & $0.0063028$ & $-0.0799009$ & $-0.0180417$ & $0.0149688$ & $-0.0412653$ & $0.0154065$ & $0.0135416$ & $0.0334468$ \\
CHe_22 & $0.00563905$ & $-0.0360832$ & $0.0488163$ & $0.0284227$ & $-0.0138663$ & $-0.179978$ & $-0.0667734$ & $0.905131$ & $0.889909$ & $-0.385177$ & $-0.991511$ & $-0.347603$ & $0.224768$ & $0.465528$ & $0.322438$ & $0.325089$ & $0.13194$ & $-0.0911955$ & $-0.100229$ & $0.972825$ & $1$ & $0.976023$ & $0.111259$ & $-0.401835$ & $-0.0747271$ & $-0.617734$ & $0.381662$ & $0.328255$ & $0.0311163$ & $0.114879$ & $0.0404433$ & $-0.0642881$ & $0.119897$ & $0.479318$ & $0.0142176$ & $-0.00673965$ & $-0.0613515$ & $-0.00570998$ & $0.0280113$ & $0.0142627$ & $-0.00423325$ & $0.0136225$ & $-0.0959323$ & $-0.0326728$ & $0.0162991$ & $-0.0447939$ & $0.0107046$ & $0.0116885$ & $0.0191644$ \\
CHe_33 & $0.00566777$ & $-0.0429524$ & $0.0506533$ & $0.0248429$ & $-0.00794169$ & $-0.177464$ & $-0.0678134$ & $0.888538$ & $0.87362$ & $-0.376757$ & $-0.97094$ & $-0.339524$ & $0.222404$ & $0.450352$ & $0.314326$ & $0.341498$ & $0.126623$ & $-0.089579$ & $-0.0961851$ & $0.953272$ & $0.976023$ & $1$ & $0.112314$ & $-0.39503$ & $-0.0714256$ & $-0.609694$ & $0.378878$ & $0.318931$ & $0.0349178$ & $0.111543$ & $0.0417427$ & $-0.0659337$ & $0.116579$ & $0.475408$ & $0.0116608$ & $0.00468633$ & $-0.0615199$ & $-0.00902317$ & $0.0285326$ & $0.0160638$ & $0.00120597$ & $0.0134594$ & $-0.0935761$ & $-0.0151825$ & $0.0210288$ & $-0.0385758$ & $0.0138195$ & $0.00756825$ & $0.0147649$ \\
CHQ1_11 & $0.039172$ & $-0.0790383$ & $-0.0377772$ & $-0.0537499$ & $-0.0437026$ & $-0.0370228$ & $-0.0262723$ & $0.141108$ & $0.132516$ & $-0.069968$ & $-0.0858281$ & $-0.0626008$ & $0.0567965$ & $-0.059951$ & $-0.147472$ & $-0.122958$ & $-0.0846199$ & $-0.0153284$ & $-0.0287899$ & $0.0608353$ & $0.111259$ & $0.112314$ & $1$ & $-0.173623$ & $0.0488142$ & $-0.686688$ & $0.366996$ & $-0.00701165$ & $0.00295556$ & $0.0299812$ & $0.0223992$ & $-0.0135963$ & $0.00190115$ & $0.237093$ & $0.0379437$ & $0.100393$ & $-0.0219463$ & $0.00639424$ & $0.0337566$ & $0.00408219$ & $-0.00678965$ & $0.020809$ & $-0.0795608$ & $0.00929807$ & $-0.0313568$ & $0.0286578$ & $0.0108734$ & $0.0052208$ & $-0.0303828$ \\
CHQ1_33 & $-0.095254$ & $0.0319671$ & $0.00867929$ & $-0.0217294$ & $0.0287903$ & $0.025476$ & $0.146528$ & $-0.689751$ & $-0.678467$ & $0.55375$ & $0.348799$ & $0.395012$ & $-0.388755$ & $0.440988$ & $0.0965255$ & $0.0810535$ & $0.684557$ & $0.618416$ & $0.619798$ & $-0.292479$ & $-0.401835$ & $-0.39503$ & $-0.173623$ & $1$ & $0.652228$ & $0.26104$ & $-0.422408$ & $-0.0358755$ & $0.00942465$ & $-0.130214$ & $-0.0788187$ & $0.122624$ & $-0.127454$ & $-0.639546$ & $-0.0584101$ & $-0.00418273$ & $0.0562811$ & $0.0240005$ & $-0.0436178$ & $0.0160131$ & $-0.00733641$ & $-0.0252659$ & $0.0581074$ & $0.0241619$ & $-0.0146269$ & $0.022335$ & $-0.00883261$ & $-0.0141509$ & $0.0192325$ \\
CHQ3_11 & $-0.134559$ & $0.0450616$ & $0.0140474$ & $-0.0342845$ & $0.00600399$ & $-0.0566688$ & $0.123823$ & $-0.426121$ & $-0.423803$ & $0.478486$ & $0.0694628$ & $0.283331$ & $-0.346857$ & $0.558819$ & $-0.152059$ & $-0.150642$ & $0.779121$ & $0.790246$ & $0.78461$ & $-0.0600009$ & $-0.0747271$ & $-0.0714256$ & $0.0488142$ & $0.652228$ & $1$ & $0.0693986$ & $0.195696$ & $-0.0272268$ & $0.0175199$ & $-0.0986976$ & $-0.0596235$ & $0.101295$ & $-0.12305$ & $-0.206773$ & $-0.0611954$ & $0.00524949$ & $0.0555775$ & $0.0123953$ & $0.0129694$ & $0.0105184$ & $-0.050241$ & $-0.02552$ & $-0.0140758$ & $-0.0317401$ & $0.0270452$ & $-0.000210298$ & $-0.0292512$ & $-0.0319259$ & $-0.0109516$ \\
CHu_11 & $-0.0595369$ & $0.0839748$ & $-0.0035693$ & $0.00991936$ & $0.0237805$ & $0.121376$ & $0.0429177$ & $-0.567193$ & $-0.557647$ & $0.220041$ & $0.61622$ & $0.201914$ & $-0.145979$ & $-0.284414$ & $-0.202312$ & $-0.219877$ & $-0.0658814$ & $0.0622137$ & $0.0788764$ & $-0.607708$ & $-0.617734$ & $-0.609694$ & $-0.686688$ & $0.26104$ & $0.0693986$ & $1$ & $-0.197284$ & $-0.177257$ & $-0.00649389$ & $-0.0758902$ & $-0.0271134$ & $0.032074$ & $-0.0686839$ & $-0.297132$ & $-0.0448526$ & $-0.0534308$ & $0.0421749$ & $-0.00857738$ & $-0.0168425$ & $0.00802458$ & $-0.0228203$ & $-0.0225332$ & $0.0651435$ & $-0.00787903$ & $0.000251935$ & $-0.00792056$ & $-0.0172787$ & $0.0270936$ & $-0.0103318$ \\
CHd_11 & $-0.0124949$ & $-0.0075065$ & $-0.0158233$ & $-0.046555$ & $-0.0628943$ & $-0.107142$ & $-0.0686644$ & $0.431358$ & $0.4196$ & $-0.242612$ & $-0.303801$ & $-0.215451$ & $0.150035$ & $-0.110205$ & $-0.39327$ & $-0.372914$ & $-0.167798$ & $-0.0157735$ & $-0.0171548$ & $0.228631$ & $0.381662$ & $0.378878$ & $0.366996$ & $-0.422408$ & $0.195696$ & $-0.197284$ & $1$ & $0.089635$ & $0.0207673$ & $0.0569895$ & $0.031263$ & $-0.063559$ & $0.0285778$ & $0.69059$ & $0.0138712$ & $0.0127731$ & $-0.00868239$ & $-0.00476973$ & $0.0881629$ & $0.0196152$ & $-0.0128993$ & $0.00191114$ & $-0.116666$ & $-0.0742365$ & $0.0240182$ & $-0.0177756$ & $-0.0227919$ & $0.00290452$ & $-0.048139$ \\
CHd_33 & $0.0511185$ & $-0.0606962$ & $0.0332866$ & $0.0165209$ & $-0.0388583$ & $-0.0728522$ & $-0.0060437$ & $0.297889$ & $0.299133$ & $-0.161141$ & $-0.331125$ & $-0.113686$ & $0.0608021$ & $0.157676$ & $0.135985$ & $0.126173$ & $0.0521439$ & $-0.0384573$ & $-0.0330885$ & $0.329228$ & $0.328255$ & $0.318931$ & $-0.00701165$ & $-0.0358755$ & $-0.0272268$ & $-0.177257$ & $0.089635$ & $1$ & $0.0113523$ & $0.016187$ & $0.00843129$ & $-0.00345116$ & $0.0601124$ & $0.133456$ & $0.0280959$ & $-0.00543808$ & $0.0202049$ & $-0.0124075$ & $0.0323304$ & $0.00212731$ & $0.0403552$ & $-0.0287737$ & $-0.0107251$ & $-0.0594617$ & $-0.0388805$ & $0.00850093$ & $0.00768987$ & $0.000689584$ & $0.0501263$ \\
CeH_22r & $-0.0440505$ & $0.0208298$ & $-0.0165842$ & $0.0093399$ & $-0.0366376$ & $-0.0583821$ & $0.00174604$ & $0.0210706$ & $0.0324359$ & $-0.00426082$ & $-0.0303601$ & $-0.024024$ & $0.0351352$ & $0.0220565$ & $-0.000780328$ & $0.0271599$ & $0.018258$ & $0.0182923$ & $0.00153067$ & $0.0303629$ & $0.0311163$ & $0.0349178$ & $0.00295556$ & $0.00942465$ & $0.0175199$ & $-0.00649389$ & $0.0207673$ & $0.0113523$ & $1$ & $0.0250336$ & $0.0106779$ & $-0.0224169$ & $0.0270364$ & $0.0214408$ & $-0.0249251$ & $-0.0568864$ & $0.0260805$ & $0.00193909$ & $0.00665571$ & $-0.0224792$ & $-0.0204575$ & $-0.0123768$ & $0.0593974$ & $0.0120703$ & $-0.0155155$ & $-0.012508$ & $-0.00384735$ & $0.0349286$ & $-0.00530059$ \\
CeH_33r & $-0.0358322$ & $-0.0116673$ & $-0.0221675$ & $-0.0124352$ & $-0.0201899$ & $-0.0117745$ & $-0.163635$ & $0.153309$ & $0.169974$ & $-0.155606$ & $-0.115048$ & $-0.144496$ & $0.289718$ & $-0.0368621$ & $0.0673132$ & $0.0674498$ & $-0.0873116$ & $-0.123667$ & $-0.11956$ & $0.11715$ & $0.114879$ & $0.111543$ & $0.0299812$ & $-0.130214$ & $-0.0986976$ & $-0.0758902$ & $0.0569895$ & $0.016187$ & $0.0250336$ & $1$ & $0.338097$ & $-0.0231609$ & $0.642801$ & $0.0694908$ & $-0.0303947$ & $0.0140888$ & $-0.179274$ & $-0.0336353$ & $-0.04746$ & $-0.0313622$ & $-0.0119679$ & $-0.00204753$ & $-0.0294874$ & $0.019842$ & $0.0647412$ & $0.046739$ & $0.0246251$ & $0.00730564$ & $0.00791792$ \\
CuH_22r & $-0.0574268$ & $0.0526424$ & $-0.0217836$ & $0.0173766$ & $-0.00306473$ & $-0.0207847$ & $-0.121709$ & $0.0668373$ & $0.078665$ & $-0.12792$ & $-0.0367251$ & $-0.099156$ & $0.105633$ & $-0.0429663$ & $0.0221162$ & $0.0142572$ & $-0.0588388$ & $-0.0735429$ & $-0.0666442$ & $0.0347745$ & $0.0404433$ & $0.0417427$ & $0.0223992$ & $-0.0788187$ & $-0.0596235$ & $-0.0271134$ & $0.031263$ & $0.00843129$ & $0.0106779$ & $0.338097$ & $1$ & $-0.0279516$ & $0.381224$ & $0.0432052$ & $-0.0411885$ & $0.106658$ & $-0.173945$ & $0.0138262$ & $-0.0654848$ & $-0.0282059$ & $-0.00161466$ & $0.0209332$ & $-0.0120137$ & $0.0632233$ & $-0.0547039$ & $0.14835$ & $0.243263$ & $0.0971288$ & $0.0407922$ \\
CuH_33r & $-0.0352423$ & $-0.0123613$ & $0.0913538$ & $0.0685377$ & $-0.0169157$ & $0.0172374$ & $0.931209$ & $-0.112081$ & $-0.0729569$ & $0.108613$ & $0.0616097$ & $0.291323$ & $-0.297816$ & $0.0671214$ & $-0.0453765$ & $-0.0257055$ & $0.100786$ & $0.130724$ & $0.113653$ & $-0.0546978$ & $-0.0642881$ & $-0.0659337$ & $-0.0135963$ & $0.122624$ & $0.101295$ & $0.032074$ & $-0.063559$ & $-0.00345116$ & $-0.0224169$ & $-0.0231609$ & $-0.0279516$ & $1$ & $-0.0134806$ & $-0.0607977$ & $0.0502058$ & $0.015811$ & $0.0457559$ & $-0.00341562$ & $0.0318356$ & $-0.0309549$ & $0.00914958$ & $0.00108622$ & $-0.0193832$ & $-0.0332002$ & $0.0708079$ & $-0.0147728$ & $-0.0467156$ & $-0.0219452$ & $0.0238294$ \\
CdH_33r & $0.0322868$ & $0.0262552$ & $-0.101393$ & $0.0105955$ & $-0.0405148$ & $-0.00977474$ & $-0.190554$ & $0.159179$ & $0.193347$ & $-0.185063$ & $-0.124016$ & $-0.178091$ & $0.342525$ & $-0.0248481$ & $0.103747$ & $0.0787329$ & $-0.0999553$ & $-0.146849$ & $-0.126525$ & $0.128133$ & $0.119897$ & $0.116579$ & $0.00190115$ & $-0.127454$ & $-0.12305$ & $-0.0686839$ & $0.0285778$ & $0.0601124$ & $0.0270364$ & $0.642801$ & $0.381224$ & $-0.0134806$ & $1$ & $0.0387689$ & $-0.0242888$ & $-0.0314911$ & $-0.192202$ & $-0.0677121$ & $-0.0884662$ & $-0.0141129$ & $-0.0660915$ & $0.00740098$ & $0.151073$ & $0.0379618$ & $-0.0188897$ & $0.0324965$ & $0.123848$ & $0.186332$ & $0.448144$ \\
CLL_1221 & $0.0225743$ & $-0.012891$ & $0.0293606$ & $-0.00342609$ & $-0.032605$ & $-0.158818$ & $-0.0698117$ & $0.578868$ & $0.563191$ & $-0.355793$ & $-0.395086$ & $-0.295798$ & $0.221351$ & $-0.202541$ & $-0.584858$ & $-0.0971793$ & $-0.259197$ & $0.027241$ & $-0.339031$ & $0.31468$ & $0.479318$ & $0.475408$ & $0.237093$ & $-0.639546$ & $-0.206773$ & $-0.297132$ & $0.69059$ & $0.133456$ & $0.0214408$ & $0.0694908$ & $0.0432052$ & $-0.0607977$ & $0.0387689$ & $1$ & $0.0279187$ & $0.00855496$ & $-0.0422654$ & $-0.00369655$ & $0.0697962$ & $-0.00239811$ & $-0.00147116$ & $0.0161117$ & $-0.0829753$ & $-0.0347702$ & $0.0309148$ & $-0.00649938$ & $0.0161295$ & $0.0193821$ & $-0.0412792$ \\
eHggint & $0.0808352$ & $-0.314825$ & $-0.144861$ & $0.17475$ & $-0.0305596$ & $-0.0377425$ & $-0.0178204$ & $0.0395595$ & $0.0176071$ & $0.0442936$ & $-0.0142785$ & $0.0187768$ & $0.0529634$ & $-0.0432132$ & $-0.0145885$ & $-0.053408$ & $-0.0448656$ & $-0.0427425$ & $-0.00882941$ & $0.00355899$ & $0.0142176$ & $0.0116608$ & $0.0379437$ & $-0.0584101$ & $-0.0611954$ & $-0.0448526$ & $0.0138712$ & $0.0280959$ & $-0.0249251$ & $-0.0303947$ & $-0.0411885$ & $0.0502058$ & $-0.0242888$ & $0.0279187$ & $1$ & $-0.0244772$ & $-0.112054$ & $-0.0393103$ & $0.139266$ & $-0.0606827$ & $0.140159$ & $-0.0275396$ & $-0.10895$ & $0.030597$ & $0.0403354$ & $-0.0696436$ & $-0.129007$ & $0.0256634$ & $-0.00779106$ \\
eHggpar & $-0.0731132$ & $0.0497366$ & $0.151105$ & $-0.156154$ & $0.0225893$ & $0.0317842$ & $-0.0364101$ & $-0.000672959$ & $-0.015349$ & $-0.0139465$ & $0.00590323$ & $-0.0188523$ & $0.0358252$ & $-0.0075426$ & $-0.00410297$ & $0.0213038$ & $-0.00797849$ & $-0.00219335$ & $-0.0202933$ & $-0.00303231$ & $-0.00673965$ & $0.00468633$ & $0.100393$ & $-0.00418273$ & $0.00524949$ & $-0.0534308$ & $0.0127731$ & $-0.00543808$ & $-0.0568864$ & $0.0140888$ & $0.106658$ & $0.015811$ & $-0.0314911$ & $0.00855496$ & $-0.0244772$ & $1$ & $0.0104141$ & $9.90294e-05$ & $0.0797094$ & $-0.0447061$ & $-0.130771$ & $0.0219245$ & $-0.0830649$ & $0.245266$ & $-0.26821$ & $0.376162$ & $0.295334$ & $0.0511554$ & $-0.151186$ \\
eHWWint & $-0.137099$ & $0.00751089$ & $0.175148$ & $-0.254242$ & $-0.0176286$ & $0.0209032$ & $0.0790282$ & $-0.0584104$ & $-0.0493809$ & $0.0333159$ & $0.0550047$ & $0.0721148$ & $-0.0747682$ & $0.00341334$ & $-0.0128617$ & $0.0171931$ & $-0.00764139$ & $0.0261382$ & $-0.0066689$ & $-0.0475627$ & $-0.0613515$ & $-0.0615199$ & $-0.0219463$ & $0.0562811$ & $0.0555775$ & $0.0421749$ & $-0.00868239$ & $0.0202049$ & $0.0260805$ & $-0.179274$ & $-0.173945$ & $0.0457559$ & $-0.192202$ & $-0.0422654$ & $-0.112054$ & $0.0104141$ & $1$ & $0.045456$ & $-0.0445669$ & $0.089383$ & $0.0405685$ & $-0.068696$ & $0.194225$ & $-0.0520253$ & $-0.0433174$ & $0.0823861$ & $-0.167167$ & $-0.193764$ & $0.0757981$ \\
eHWWpar & $-0.0471824$ & $0.0141022$ & $0.0678039$ & $0.0160538$ & $0.0197491$ & $0.0193602$ & $-0.0013336$ & $-0.00869885$ & $-0.0156105$ & $-0.00715114$ & $0.00520991$ & $0.0116732$ & $-0.0278612$ & $0.020932$ & $-0.0119165$ & $0.0167324$ & $-0.00493845$ & $0.0185034$ & $-0.00911567$ & $-0.00223384$ & $-0.00570998$ & $-0.00902317$ & $0.00639424$ & $0.0240005$ & $0.0123953$ & $-0.00857738$ & $-0.00476973$ & $-0.0124075$ & $0.00193909$ & $-0.0336353$ & $0.0138262$ & $-0.00341562$ & $-0.0677121$ & $-0.00369655$ & $-0.0393103$ & $9.90294e-05$ & $0.045456$ & $1$ & $0.0518822$ & $0.0319345$ & $-0.0494069$ & $-0.00766861$ & $-0.0413899$ & $0.0382954$ & $0.018498$ & $-0.0394405$ & $0.0208502$ & $-0.0199781$ & $-0.052607$ \\
eHZZint & $-0.127241$ & $-0.0422777$ & $0.0839171$ & $0.00491253$ & $-0.0331857$ & $-0.0336365$ & $0.0207561$ & $0.0378832$ & $0.0419792$ & $-0.00762721$ & $-0.016552$ & $-0.0156905$ & $0.0229516$ & $-0.0399435$ & $-0.0391711$ & $-0.0606748$ & $-0.0120571$ & $-0.0171609$ & $0.00542098$ & $0.00822861$ & $0.0280113$ & $0.0285326$ & $0.0337566$ & $-0.0436178$ & $0.0129694$ & $-0.0168425$ & $0.0881629$ & $0.0323304$ & $0.00665571$ & $-0.04746$ & $-0.0654848$ & $0.0318356$ & $-0.0884662$ & $0.0697962$ & $0.139266$ & $0.0797094$ & $-0.0445669$ & $0.0518822$ & $1$ & $-0.00900206$ & $-0.00673138$ & $0.0666892$ & $0.0360774$ & $0.0875046$ & $0.0838971$ & $-0.0838767$ & $-0.180091$ & $-0.0666642$ & $-0.171944$ \\
eHZZpar & $2.76174e-05$ & $0.0247107$ & $0.0199094$ & $-0.0110556$ & $-0.0393192$ & $0.0280479$ & $-0.0115132$ & $0.00853706$ & $0.00832243$ & $-0.00859535$ & $-0.0142794$ & $-0.0259046$ & $0.01403$ & $0.0155916$ & $0.00871608$ & $-0.00138576$ & $0.00220917$ & $0.00343486$ & $0.00333887$ & $0.0145338$ & $0.0142627$ & $0.0160638$ & $0.00408219$ & $0.0160131$ & $0.0105184$ & $0.00802458$ & $0.0196152$ & $0.00212731$ & $-0.0224792$ & $-0.0313622$ & $-0.0282059$ & $-0.0309549$ & $-0.0141129$ & $-0.00239811$ & $-0.0606827$ & $-0.0447061$ & $0.089383$ & $0.0319345$ & $-0.00900206$ & $1$ & $-0.00183267$ & $-0.0174907$ & $0.0238301$ & $-0.04705$ & $-0.0340815$ & $-0.026373$ & $0.00652138$ & $-0.0146382$ & $0.0262921$ \\
eHZgaint & $0.074098$ & $-0.0255859$ & $0.159407$ & $0.177538$ & $0.00013871$ & $-0.0735145$ & $0.0212064$ & $0.0126637$ & $0.0112942$ & $-0.026467$ & $0.00468443$ & $0.0100765$ & $-0.0209624$ & $-0.0359255$ & $0.0172829$ & $-0.0242774$ & $-0.0237045$ & $-0.0454236$ & $-0.0123827$ & $-0.00541876$ & $-0.00423325$ & $0.00120597$ & $-0.00678965$ & $-0.00733641$ & $-0.050241$ & $-0.0228203$ & $-0.0128993$ & $0.0403552$ & $-0.0204575$ & $-0.0119679$ & $-0.00161466$ & $0.00914958$ & $-0.0660915$ & $-0.00147116$ & $0.140159$ & $-0.130771$ & $0.0405685$ & $-0.0494069$ & $-0.00673138$ & $-0.00183267$ & $1$ & $-0.143466$ & $0.0483331$ & $0.162427$ & $0.0875357$ & $0.0362034$ & $-0.0753363$ & $-0.00878805$ & $-0.0346385$ \\
eHZgapar & $-0.00896056$ & $0.0547967$ & $0.0668558$ & $-0.00915439$ & $-0.00591181$ & $0.0374255$ & $0.00812753$ & $0.0178986$ & $0.0190229$ & $-0.0290785$ & $-0.0100177$ & $0.00476941$ & $-0.0178773$ & $0.00908594$ & $-0.00789894$ & $0.00526217$ & $-0.0258615$ & $-0.0126829$ & $-0.0177261$ & $0.0063028$ & $0.0136225$ & $0.0134594$ & $0.020809$ & $-0.0252659$ & $-0.02552$ & $-0.0225332$ & $0.00191114$ & $-0.0287737$ & $-0.0123768$ & $-0.00204753$ & $0.0209332$ & $0.00108622$ & $0.00740098$ & $0.0161117$ & $-0.0275396$ & $0.0219245$ & $-0.068696$ & $-0.00766861$ & $0.0666892$ & $-0.0174907$ & $-0.143466$ & $1$ & $-0.0553642$ & $-0.0173562$ & $-0.0770016$ & $-0.0478841$ & $0.027889$ & $0.0396598$ & $0.00406192$ \\
eHgagaint & $-0.0101579$ & $0.12919$ & $-0.143557$ & $0.0776181$ & $-0.0172729$ & $0.00572772$ & $-0.00797988$ & $-0.0948064$ & $-0.028504$ & $0.0371007$ & $0.0874307$ & $0.0314638$ & $-0.019606$ & $-0.0239363$ & $0.014836$ & $0.0141957$ & $0.00585985$ & $0.00625359$ & $-0.000606752$ & $-0.0799009$ & $-0.0959323$ & $-0.0935761$ & $-0.0795608$ & $0.0581074$ & $-0.0140758$ & $0.0651435$ & $-0.116666$ & $-0.0107251$ & $0.0593974$ & $-0.0294874$ & $-0.0120137$ & $-0.0193832$ & $0.151073$ & $-0.0829753$ & $-0.10895$ & $-0.0830649$ & $0.194225$ & $-0.0413899$ & $0.0360774$ & $0.0238301$ & $0.0483331$ & $-0.0553642$ & $1$ & $0.165898$ & $-0.0814643$ & $0.118104$ & $0.0763757$ & $0.169283$ & $0.331434$ \\
eHmumuint & $-0.155512$ & $0.0539313$ & $0.00589346$ & $0.00304735$ & $0.0363966$ & $0.0209545$ & $-0.0400076$ & $-0.022679$ & $-0.0130236$ & $-0.0208201$ & $0.0254577$ & $-0.0270176$ & $0.0274893$ & $-0.0179188$ & $0.0277117$ & $0.0629169$ & $-0.0101347$ & $-0.0164537$ & $-0.0412638$ & $-0.0180417$ & $-0.0326728$ & $-0.0151825$ & $0.00929807$ & $0.0241619$ & $-0.0317401$ & $-0.00787903$ & $-0.0742365$ & $-0.0594617$ & $0.0120703$ & $0.019842$ & $0.0632233$ & $-0.0332002$ & $0.0379618$ & $-0.0347702$ & $0.030597$ & $0.245266$ & $-0.0520253$ & $0.0382954$ & $0.0875046$ & $-0.04705$ & $0.162427$ & $-0.0173562$ & $0.165898$ & $1$ & $0.0069678$ & $0.172745$ & $0.0389843$ & $0.046464$ & $0.0193374$ \\
eHtautauint & $-0.121437$ & $-0.150727$ & $-0.0256692$ & $0.161542$ & $0.0419013$ & $-1.6991e-05$ & $0.0829144$ & $0.0156208$ & $0.0103586$ & $0.0292419$ & $-0.0138562$ & $0.0164093$ & $0.00138779$ & $-0.0062001$ & $-0.027321$ & $0.00409344$ & $0.00613808$ & $0.0194792$ & $0.00301379$ & $0.0149688$ & $0.0162991$ & $0.0210288$ & $-0.0313568$ & $-0.0146269$ & $0.0270452$ & $0.000251935$ & $0.0240182$ & $-0.0388805$ & $-0.0155155$ & $0.0647412$ & $-0.0547039$ & $0.0708079$ & $-0.0188897$ & $0.0309148$ & $0.0403354$ & $-0.26821$ & $-0.0433174$ & $0.018498$ & $0.0838971$ & $-0.0340815$ & $0.0875357$ & $-0.0770016$ & $-0.0814643$ & $0.0069678$ & $1$ & $-0.161152$ & $-0.252261$ & $-0.132885$ & $0.0156501$ \\
eHccint & $-0.0603965$ & $0.099067$ & $-0.0710961$ & $-0.259136$ & $0.00610012$ & $0.03078$ & $-0.032199$ & $-0.0341791$ & $-0.0318193$ & $-0.00213236$ & $0.0416939$ & $0.0157352$ & $-0.0135414$ & $-0.0177576$ & $-0.0137581$ & $0.0410868$ & $-0.0168766$ & $0.000760571$ & $-0.0398256$ & $-0.0412653$ & $-0.0447939$ & $-0.0385758$ & $0.0286578$ & $0.022335$ & $-0.000210298$ & $-0.00792056$ & $-0.0177756$ & $0.00850093$ & $-0.012508$ & $0.046739$ & $0.14835$ & $-0.0147728$ & $0.0324965$ & $-0.00649938$ & $-0.0696436$ & $0.376162$ & $0.0823861$ & $-0.0394405$ & $-0.0838767$ & $-0.026373$ & $0.0362034$ & $-0.0478841$ & $0.118104$ & $0.172745$ & $-0.161152$ & $1$ & $0.0989766$ & $0.0731566$ & $0.0401278$ \\
eHccpar & $0.0268766$ & $0.166635$ & $-0.0174844$ & $0.0124378$ & $-0.0275009$ & $0.00114512$ & $-0.0774837$ & $0.01136$ & $0.0107146$ & $-0.00337635$ & $-0.0114388$ & $-0.0117208$ & $0.0193618$ & $-0.00546047$ & $0.0135457$ & $0.0260467$ & $0.00304506$ & $-0.00514876$ & $-0.0213723$ & $0.0154065$ & $0.0107046$ & $0.0138195$ & $0.0108734$ & $-0.00883261$ & $-0.0292512$ & $-0.0172787$ & $-0.0227919$ & $0.00768987$ & $-0.00384735$ & $0.0246251$ & $0.243263$ & $-0.0467156$ & $0.123848$ & $0.0161295$ & $-0.129007$ & $0.295334$ & $-0.167167$ & $0.0208502$ & $-0.180091$ & $0.00652138$ & $-0.0753363$ & $0.027889$ & $0.0763757$ & $0.0389843$ & $-0.252261$ & $0.0989766$ & $1$ & $0.122616$ & $0.136081$ \\
eHbbint & $-0.0214666$ & $-0.0724453$ & $-0.161842$ & $0.212364$ & $0.0467314$ & $-0.0200932$ & $-0.0259483$ & $0.0223501$ & $0.03298$ & $-0.049635$ & $-0.0135933$ & $-0.0396607$ & $0.0249333$ & $-0.0156015$ & $-0.00278784$ & $0.0368195$ & $-0.0196184$ & $-0.0133807$ & $-0.0506065$ & $0.0135416$ & $0.0116885$ & $0.00756825$ & $0.0052208$ & $-0.0141509$ & $-0.0319259$ & $0.0270936$ & $0.00290452$ & $0.000689584$ & $0.0349286$ & $0.00730564$ & $0.0971288$ & $-0.0219452$ & $0.186332$ & $0.0193821$ & $0.0256634$ & $0.0511554$ & $-0.193764$ & $-0.0199781$ & $-0.0666642$ & $-0.0146382$ & $-0.00878805$ & $0.0396598$ & $0.169283$ & $0.046464$ & $-0.132885$ & $0.0731566$ & $0.122616$ & $1$ & $0.069596$ \\
eHbbpar & $0.150208$ & $0.0656724$ & $-0.171337$ & $-0.13813$ & $-0.0480056$ & $0.0240624$ & $0.0159112$ & $0.00616246$ & $0.0352808$ & $-0.00962026$ & $-0.0282871$ & $-0.0196191$ & $0.012854$ & $0.0591287$ & $0.0460523$ & $0.0378255$ & $0.00901635$ & $0.00759522$ & $0.00716774$ & $0.0334468$ & $0.0191644$ & $0.0147649$ & $-0.0303828$ & $0.0192325$ & $-0.0109516$ & $-0.0103318$ & $-0.048139$ & $0.0501263$ & $-0.00530059$ & $0.00791792$ & $0.0407922$ & $0.0238294$ & $0.448144$ & $-0.0412792$ & $-0.00779106$ & $-0.151186$ & $0.0757981$ & $-0.052607$ & $-0.171944$ & $0.0262921$ & $-0.0346385$ & $0.00406192$ & $0.331434$ & $0.0193374$ & $0.0156501$ & $0.0401278$ & $0.136081$ & $0.069596$ & $1$ \\
