 & AlsMz & dAle5Mz & mtop & mHl & Mz & CW & CHG & CHWB & CHWHB_gaga & CHWHB_gagaorth & CHD & CHbox & CH & CHL1_11 & CHL1_22 & CHL1_33 & CHL3_11 & CHL3_22 & CHL3_33 & CHe_11 & CHe_22 & CHe_33 & CHQ1_11 & CHQ1_33 & CHQ3_11 & CHu_11 & CHd_11 & CHd_33 & CeH_22r & CeH_33r & CuH_22r & CuH_33r & CdH_33r & CLL_1221 & eHggint & eHggpar & eHWWint & eHWWpar & eHZZint & eHZZpar & eHZgaint & eHZgapar & eHgagaint & eHmumuint & eHtautauint & eHccint & eHccpar & eHbbint & eHbbpar \\
AlsMz & $1$ & $-0.0447056$ & $0.0322728$ & $-0.00759097$ & $0.0139496$ & $-0.0105118$ & $0.0333604$ & $0.00474419$ & $0.00416109$ & $0.00406551$ & $-0.0115505$ & $-0.033991$ & $-0.0385573$ & $0.00616362$ & $-0.012146$ & $0.0194924$ & $0.0136495$ & $0.0165349$ & $-0.00532157$ & $0.00218562$ & $0.00681894$ & $0.00717667$ & $0.0414528$ & $-0.0156112$ & $-0.0562585$ & $-0.037563$ & $-0.00908064$ & $0.0110756$ & $-0.00562679$ & $0.0102253$ & $-0.031613$ & $0.0337291$ & $-0.00189757$ & $0.00673$ & $-0.00710577$ & $0.0427687$ & $-0.0257849$ & $-0.014451$ & $-0.0254538$ & $-0.0155454$ & $-0.0114202$ & $0.00487477$ & $-0.00102439$ & $-0.012847$ & $0.013466$ & $-0.0107314$ & $-0.0396616$ & $-0.01734$ & $-0.0130091$ \\
dAle5Mz & $-0.0447056$ & $1$ & $0.00573727$ & $0.00562965$ & $0.0136536$ & $0.0277873$ & $0.0264056$ & $-0.239455$ & $-0.235334$ & $0.11207$ & $0.252393$ & $0.0561025$ & $-0.00665208$ & $-0.0418138$ & $-0.0254946$ & $-0.0383141$ & $0.0848827$ & $0.048032$ & $0.0414949$ & $-0.199964$ & $-0.141773$ & $-0.114426$ & $0.0169363$ & $0.0626536$ & $0.0660374$ & $0.0386256$ & $-0.0332428$ & $-0.0170867$ & $0.00739846$ & $-0.0180353$ & $0.00101751$ & $0.0280011$ & $0.00014426$ & $0.00262381$ & $0.0273202$ & $-0.0224862$ & $0.0457909$ & $0.00820095$ & $-0.0217466$ & $0.00712725$ & $0.00892828$ & $-0.0141203$ & $0.0112954$ & $-0.00227579$ & $0.00250427$ & $0.0100457$ & $-0.0452555$ & $0.0364429$ & $0.0227496$ \\
mtop & $0.0322728$ & $0.00573727$ & $1$ & $0.0228255$ & $0.0142568$ & $0.0167536$ & $0.0145648$ & $0.0108176$ & $0.0136707$ & $-0.0140704$ & $0.108965$ & $-0.020242$ & $-0.0191325$ & $0.0151797$ & $0.00667369$ & $0.0232487$ & $-0.0139484$ & $-0.0132393$ & $-0.0249281$ & $0.0251626$ & $0.0226973$ & $0.00324988$ & $0.0215909$ & $0.0330876$ & $-0.0289031$ & $-0.0205911$ & $-0.0193896$ & $-0.0169018$ & $-0.00543087$ & $-0.0134084$ & $-0.0133163$ & $0.00706412$ & $-0.0156432$ & $-0.000225685$ & $-0.0444055$ & $0.0117385$ & $-0.0293657$ & $-0.0185119$ & $0.0157879$ & $-0.000325797$ & $-0.00327297$ & $0.00764711$ & $0.058793$ & $-0.0315242$ & $0.0240248$ & $-0.0102378$ & $0.0291509$ & $0.0220681$ & $-0.00480449$ \\
mHl & $-0.00759097$ & $0.00562965$ & $0.0228255$ & $1$ & $0.00274868$ & $0.0161842$ & $-0.02044$ & $0.00612794$ & $0.00791044$ & $-0.0181831$ & $-0.0023094$ & $-0.00394003$ & $0.00633542$ & $0.000378636$ & $-0.0132692$ & $-0.00507389$ & $-0.010323$ & $-0.000965144$ & $0.000745889$ & $0.00744389$ & $0.000431021$ & $-0.0219773$ & $-0.0287831$ & $0.00454103$ & $0.00154751$ & $0.0025707$ & $-0.00296941$ & $-0.00700409$ & $-0.0377171$ & $0.0114056$ & $0.0147641$ & $-0.0103999$ & $0.00605635$ & $0.0065716$ & $0.0159957$ & $0.0323586$ & $0.02732$ & $-0.0181656$ & $0.045238$ & $0.0215519$ & $0.00290789$ & $-0.000953101$ & $0.0418158$ & $-0.00280411$ & $0.0167112$ & $0.0232382$ & $0.0186678$ & $-0.0168862$ & $0.0166479$ \\
Mz & $0.0139496$ & $0.0136536$ & $0.0142568$ & $0.00274868$ & $1$ & $-0.0118518$ & $0.0134599$ & $0.0121442$ & $0.0117604$ & $-0.00301851$ & $0.0325138$ & $-0.0196027$ & $-0.0437316$ & $-0.0109573$ & $0.014899$ & $0.0344718$ & $-0.01548$ & $-0.026262$ & $-0.028503$ & $0.0235931$ & $-0.00562873$ & $0.00602039$ & $0.0163898$ & $-0.00941472$ & $-0.0165092$ & $-0.0013783$ & $0.00269369$ & $0.00613559$ & $0.0187728$ & $-0.0260368$ & $-0.0171075$ & $0.00852062$ & $-0.0204242$ & $-0.00882207$ & $0.00764475$ & $0.0116441$ & $-0.00367216$ & $-0.00902192$ & $-0.0136443$ & $-0.0141618$ & $0.00637424$ & $0.00721731$ & $-0.00941916$ & $-0.00531866$ & $0.00309812$ & $-0.0272297$ & $-0.00866846$ & $0.00295935$ & $-0.00850434$ \\
CW & $-0.0105118$ & $0.0277873$ & $0.0167536$ & $0.0161842$ & $-0.0118518$ & $1$ & $0.00663256$ & $-0.0782993$ & $-0.0780469$ & $0.0146316$ & $0.0920846$ & $0.0133175$ & $0.0190711$ & $0.201998$ & $0.0106486$ & $0.0309663$ & $-0.141322$ & $0.00524283$ & $-0.0019364$ & $-0.0940503$ & $-0.0797349$ & $-0.0834566$ & $-0.0277671$ & $0.0431801$ & $-0.030374$ & $0.0312398$ & $-0.0942369$ & $-0.0152662$ & $0.0173684$ & $0.00759443$ & $-0.0184151$ & $0.00733116$ & $0.0183705$ & $-0.13681$ & $-0.0157681$ & $0.0136918$ & $-0.0382856$ & $0.00158307$ & $-0.0132121$ & $-0.00781879$ & $-0.0126269$ & $0.008211$ & $-0.0060696$ & $-0.0191148$ & $-0.0141664$ & $-0.022408$ & $-0.00947893$ & $-0.00875752$ & $0.0196466$ \\
CHG & $0.0333604$ & $0.0264056$ & $0.0145648$ & $-0.02044$ & $0.0134599$ & $0.00663256$ & $1$ & $0.00419542$ & $0.0307781$ & $0.0160595$ & $0.00412908$ & $-0.425578$ & $-0.543439$ & $-0.0222781$ & $-0.00866126$ & $-0.00440708$ & $-0.01799$ & $-0.00769104$ & $-0.0170382$ & $0.0137169$ & $-0.00824191$ & $0.00978103$ & $-0.00597841$ & $-0.0139848$ & $-0.013293$ & $-0.00641099$ & $0.00605536$ & $-0.0127485$ & $-0.0126343$ & $-0.272174$ & $-0.134235$ & $0.91766$ & $-0.278154$ & $0.00791289$ & $-0.0687893$ & $-0.017228$ & $0.0521719$ & $0.00438314$ & $-0.0279869$ & $-0.0258116$ & $-0.0371321$ & $0.0317873$ & $0.0224519$ & $0.0247946$ & $-0.00254348$ & $-0.0114855$ & $-0.00830926$ & $-0.00952723$ & $-0.00483429$ \\
CHWB & $0.00474419$ & $-0.239455$ & $0.0108176$ & $0.00612794$ & $0.0121442$ & $-0.0782993$ & $0.00419542$ & $1$ & $0.994369$ & $-0.578527$ & $-0.889182$ & $-0.123299$ & $-0.0239879$ & $-0.313107$ & $-0.018293$ & $-0.0127236$ & $-0.662912$ & $-0.559628$ & $-0.569759$ & $0.88224$ & $0.685206$ & $0.664492$ & $0.0781574$ & $-0.686418$ & $-0.615366$ & $-0.222526$ & $0.453338$ & $0.146296$ & $0.00354862$ & $-0.0108768$ & $-0.0244687$ & $-0.00687962$ & $-0.0438354$ & $0.66268$ & $-0.0117345$ & $0.0163958$ & $0.017204$ & $0.0159929$ & $0.00185175$ & $-0.0263204$ & $0.00541589$ & $0.0263047$ & $-0.0093004$ & $0.0134775$ & $0.00405292$ & $-0.0122867$ & $0.0184221$ & $-0.0349814$ & $0.00284963$ \\
CHWHB_gaga & $0.00416109$ & $-0.235334$ & $0.0136707$ & $0.00791044$ & $0.0117604$ & $-0.0780469$ & $0.0307781$ & $0.994369$ & $1$ & $-0.577762$ & $-0.88353$ & $-0.11593$ & $-0.0275752$ & $-0.315592$ & $-0.0184974$ & $-0.0128404$ & $-0.66217$ & $-0.558355$ & $-0.569263$ & $0.879881$ & $0.682481$ & $0.661847$ & $0.0753628$ & $-0.683397$ & $-0.614054$ & $-0.219772$ & $0.450838$ & $0.145702$ & $0.0091629$ & $0.00513003$ & $-0.0149953$ & $0.0152059$ & $-0.0267606$ & $0.657627$ & $-0.021534$ & $0.0149659$ & $0.0122642$ & $0.0112856$ & $0.00054623$ & $-0.0272039$ & $0.00205862$ & $0.0239595$ & $0.0320553$ & $0.0164657$ & $0.00252978$ & $-0.0112657$ & $0.0206229$ & $-0.0364154$ & $0.00169942$ \\
CHWHB_gagaorth & $0.00406551$ & $0.11207$ & $-0.0140704$ & $-0.0181831$ & $-0.00301851$ & $0.0146316$ & $0.0160595$ & $-0.578527$ & $-0.577762$ & $1$ & $0.264446$ & $0.17946$ & $-0.0277444$ & $0.679587$ & $0.125201$ & $0.118176$ & $0.776232$ & $0.582389$ & $0.590997$ & $-0.350952$ & $-0.256561$ & $-0.254694$ & $-0.0787083$ & $0.612023$ & $0.648261$ & $0.0804252$ & $-0.356756$ & $-0.0565194$ & $-0.0116562$ & $-0.0527383$ & $-0.0100215$ & $0.0396485$ & $-0.03039$ & $-0.440553$ & $0.00592162$ & $0.00210613$ & $0.0019535$ & $-0.0144519$ & $-0.0127787$ & $0.00214898$ & $-0.0465419$ & $-0.00413502$ & $0.00243372$ & $0.00728905$ & $-0.0114335$ & $0.0187998$ & $-0.0250417$ & $0.0166112$ & $-0.00415309$ \\
CHD & $-0.0115505$ & $0.252393$ & $0.108965$ & $-0.0023094$ & $0.0325138$ & $0.0920846$ & $0.00412908$ & $-0.889182$ & $-0.88353$ & $0.264446$ & $1$ & $0.0990847$ & $0.0181139$ & $-0.0447042$ & $-0.0680759$ & $-0.0640579$ & $0.332877$ & $0.327717$ & $0.334906$ & $-0.892949$ & $-0.704013$ & $-0.684249$ & $-0.0455709$ & $0.471122$ & $0.356815$ & $0.235295$ & $-0.335224$ & $-0.152838$ & $0.0125349$ & $0.0137065$ & $0.0104108$ & $0.0119291$ & $0.0377607$ & $-0.521761$ & $0.0140568$ & $-0.0133823$ & $-0.0252999$ & $-0.0123302$ & $0.00266889$ & $0.027036$ & $0.0140803$ & $-0.0317475$ & $0.0117048$ & $-0.0171$ & $0.00434883$ & $0.0003553$ & $-0.0140454$ & $0.0339956$ & $0.00423957$ \\
CHbox & $-0.033991$ & $0.0561025$ & $-0.020242$ & $-0.00394003$ & $-0.0196027$ & $0.0133175$ & $-0.425578$ & $-0.123299$ & $-0.11593$ & $0.17946$ & $0.0990847$ & $1$ & $0.77157$ & $-0.0291123$ & $0.0366964$ & $0.0278376$ & $0.0224212$ & $0.0263719$ & $0.0258136$ & $0.00319495$ & $-0.0597458$ & $-0.0477548$ & $-0.00674279$ & $0.0580074$ & $0.0433363$ & $0.0137274$ & $-0.0522479$ & $0.00167383$ & $0.0838896$ & $0.439555$ & $0.148034$ & $-0.287737$ & $0.426291$ & $-0.153616$ & $0.108993$ & $0.0176172$ & $-0.0245032$ & $0.015074$ & $0.00360474$ & $0.00723331$ & $0.0250769$ & $-0.0351053$ & $-0.0287294$ & $-0.0273398$ & $-0.0189042$ & $0.0152801$ & $-0.00191191$ & $0.0198649$ & $-0.00333684$ \\
CH & $-0.0385573$ & $-0.00665208$ & $-0.0191325$ & $0.00633542$ & $-0.0437316$ & $0.0190711$ & $-0.543439$ & $-0.0239879$ & $-0.0275752$ & $-0.0277444$ & $0.0181139$ & $0.77157$ & $1$ & $0.0270752$ & $0.0120875$ & $0.0148979$ & $0.0270641$ & $0.0142337$ & $0.00176889$ & $-0.0487699$ & $-0.0274454$ & $-0.024633$ & $0.0122223$ & $0.0206529$ & $0.0200893$ & $-0.00254974$ & $-0.0157171$ & $0.0100833$ & $0.0818882$ & $0.363985$ & $0.143044$ & $-0.474096$ & $0.356711$ & $-0.0100662$ & $0.0741469$ & $-0.0123564$ & $-0.0182435$ & $-0.00783999$ & $0.0109791$ & $0.0181074$ & $0.0288711$ & $-0.0224955$ & $-0.0157282$ & $-0.0288477$ & $-0.0115897$ & $0.0121616$ & $0.0233219$ & $-0.009753$ & $-0.00639544$ \\
CHL1_11 & $0.00616362$ & $-0.0418138$ & $0.0151797$ & $0.000378636$ & $-0.0109573$ & $0.201998$ & $-0.0222781$ & $-0.313107$ & $-0.315592$ & $0.679587$ & $-0.0447042$ & $-0.0291123$ & $0.0270752$ & $1$ & $0.183553$ & $0.176097$ & $0.62742$ & $0.515571$ & $0.515707$ & $-0.160792$ & $-0.0637133$ & $-0.0701452$ & $-0.0899791$ & $0.535454$ & $0.552164$ & $0.0155864$ & $-0.338059$ & $-0.0135387$ & $-0.0260849$ & $-0.0161829$ & $0.0214458$ & $-0.0284328$ & $0.0124736$ & $-0.342327$ & $-0.0173669$ & $-0.0114556$ & $-0.000515599$ & $-0.0279713$ & $0.00128595$ & $0.00256041$ & $-0.0452589$ & $0.00444746$ & $0.0127467$ & $-0.0105586$ & $-0.0171952$ & $0.0224927$ & $0.00813194$ & $-0.00304459$ & $-0.0187796$ \\
CHL1_22 & $-0.012146$ & $-0.0254946$ & $0.00667369$ & $-0.0132692$ & $0.014899$ & $0.0106486$ & $-0.00866126$ & $-0.018293$ & $-0.0184974$ & $0.125201$ & $-0.0680759$ & $0.0366964$ & $0.0120875$ & $0.183553$ & $1$ & $0.366025$ & $0.0931357$ & $-0.437299$ & $-0.108547$ & $0.0620877$ & $-0.139976$ & $-0.101721$ & $-0.125313$ & $0.229836$ & $-0.155701$ & $0.0118859$ & $-0.498872$ & $-0.0203644$ & $-0.0201654$ & $0.0133864$ & $0.0208135$ & $0.00688609$ & $0.0130506$ & $-0.54419$ & $0.00280498$ & $0.00157931$ & $-0.0109557$ & $0.0146638$ & $-0.0123983$ & $0.0118232$ & $0.00248351$ & $0.000439552$ & $0.00110544$ & $-0.0213614$ & $0.0160422$ & $-0.0127438$ & $0.0222244$ & $0.0145994$ & $-0.0137532$ \\
CHL1_33 & $0.0194924$ & $-0.0383141$ & $0.0232487$ & $-0.00507389$ & $0.0344718$ & $0.0309663$ & $-0.00440708$ & $-0.0127236$ & $-0.0128404$ & $0.118176$ & $-0.0640579$ & $0.0278376$ & $0.0148979$ & $0.176097$ & $0.366025$ & $1$ & $0.0847746$ & $-0.100622$ & $-0.42575$ & $0.062259$ & $-0.0878958$ & $-0.185264$ & $-0.109411$ & $0.224422$ & $-0.148499$ & $0.0148518$ & $-0.474863$ & $-0.0397246$ & $-0.00163812$ & $0.0274745$ & $-0.00486639$ & $0.00468091$ & $0.0153821$ & $-0.229255$ & $-0.0109703$ & $0.0282807$ & $-0.00931241$ & $-0.0157778$ & $-0.00214799$ & $0.00481648$ & $0.00710487$ & $-0.0143013$ & $0.00106256$ & $-0.0442931$ & $0.0142751$ & $-0.0079207$ & $-0.0161885$ & $-0.0182334$ & $-0.0101574$ \\
CHL3_11 & $0.0136495$ & $0.0848827$ & $-0.0139484$ & $-0.010323$ & $-0.01548$ & $-0.141322$ & $-0.01799$ & $-0.662912$ & $-0.66217$ & $0.776232$ & $0.332877$ & $0.0224212$ & $0.0270641$ & $0.62742$ & $0.0931357$ & $0.0847746$ & $1$ & $0.686502$ & $0.690903$ & $-0.498528$ & $-0.319459$ & $-0.316278$ & $-0.059655$ & $0.690905$ & $0.765081$ & $0.0893398$ & $-0.35998$ & $-0.0694705$ & $-0.0313158$ & $-0.00842051$ & $0.0302746$ & $-0.021931$ & $0.029872$ & $-0.386445$ & $-0.0149358$ & $-0.0197772$ & $0.00852486$ & $-0.0268381$ & $-0.0137249$ & $0.0148431$ & $-0.0330487$ & $0.0021527$ & $0.00440631$ & $0.00774497$ & $-0.00558515$ & $0.0335242$ & $-0.00891118$ & $0.0191846$ & $-0.00173625$ \\
CHL3_22 & $0.0165349$ & $0.048032$ & $-0.0132393$ & $-0.000965144$ & $-0.026262$ & $0.00524283$ & $-0.00769104$ & $-0.559628$ & $-0.558355$ & $0.582389$ & $0.327717$ & $0.0263719$ & $0.0142337$ & $0.515571$ & $-0.437299$ & $-0.100622$ & $0.686502$ & $1$ & $0.660987$ & $-0.43582$ & $-0.247266$ & $-0.24137$ & $0.0193609$ & $0.49099$ & $0.780081$ & $0.0716258$ & $-0.038133$ & $-0.049045$ & $-0.00861326$ & $-0.0127644$ & $0.0162703$ & $-0.00995893$ & $0.0214262$ & $0.0605992$ & $-0.00893355$ & $-0.00980556$ & $-0.00461891$ & $-0.0268862$ & $-0.00469865$ & $0.00887794$ & $-0.0378517$ & $0.000348499$ & $0.0076169$ & $0.00573242$ & $-0.0295549$ & $0.0327782$ & $-0.0238699$ & $0.0199942$ & $-0.0140816$ \\
CHL3_33 & $-0.00532157$ & $0.0414949$ & $-0.0249281$ & $0.000745889$ & $-0.028503$ & $-0.0019364$ & $-0.0170382$ & $-0.569759$ & $-0.569263$ & $0.590997$ & $0.334906$ & $0.0258136$ & $0.00176889$ & $0.515707$ & $-0.108547$ & $-0.42575$ & $0.690903$ & $0.660987$ & $1$ & $-0.440883$ & $-0.256749$ & $-0.242934$ & $-0.000964293$ & $0.497293$ & $0.780918$ & $0.0804324$ & $-0.0508073$ & $-0.0480058$ & $-0.0159431$ & $-0.0350512$ & $0.0216486$ & $-0.0231226$ & $0.00563323$ & $-0.260119$ & $-0.00681544$ & $-0.0281123$ & $0.0136079$ & $-0.00965637$ & $0.00596783$ & $0.0115927$ & $-0.0350459$ & $0.00531399$ & $0.0180803$ & $0.0235404$ & $-0.0242237$ & $0.0215382$ & $0.00484231$ & $0.0290755$ & $0.00469372$ \\
CHe_11 & $0.00218562$ & $-0.199964$ & $0.0251626$ & $0.00744389$ & $0.0235931$ & $-0.0940503$ & $0.0137169$ & $0.88224$ & $0.879881$ & $-0.350952$ & $-0.892949$ & $0.00319495$ & $-0.0487699$ & $-0.160792$ & $0.0620877$ & $0.062259$ & $-0.498528$ & $-0.43582$ & $-0.440883$ & $1$ & $0.693993$ & $0.684195$ & $0.050447$ & $-0.548465$ & $-0.467615$ & $-0.225098$ & $0.364523$ & $0.143925$ & $-0.00956975$ & $-0.0208671$ & $-0.018989$ & $0.0218184$ & $-0.0533549$ & $0.469752$ & $0.00141352$ & $0.029095$ & $0.0130492$ & $0.0210365$ & $0.00505696$ & $-0.0245417$ & $-0.00350978$ & $0.0237744$ & $8.15445e-05$ & $0.00911378$ & $0.00220958$ & $-0.00295345$ & $0.0118997$ & $-0.0195401$ & $-0.00120785$ \\
CHe_22 & $0.00681894$ & $-0.141773$ & $0.0226973$ & $0.000431021$ & $-0.00562873$ & $-0.0797349$ & $-0.00824191$ & $0.685206$ & $0.682481$ & $-0.256561$ & $-0.704013$ & $-0.0597458$ & $-0.0274454$ & $-0.0637133$ & $-0.139976$ & $-0.0878958$ & $-0.319459$ & $-0.247266$ & $-0.256749$ & $0.693993$ & $1$ & $0.59285$ & $0.0709565$ & $-0.485414$ & $-0.291299$ & $-0.18401$ & $0.431631$ & $0.118298$ & $-0.0174336$ & $-0.0130533$ & $-0.0237946$ & $-0.0144306$ & $-0.0379938$ & $0.463996$ & $-0.0235834$ & $0.0212842$ & $0.0274647$ & $0.0187624$ & $-0.00752916$ & $-0.0281369$ & $-0.00539375$ & $0.0310046$ & $0.00170119$ & $-0.000314466$ & $0.0152704$ & $0.00520995$ & $0.021212$ & $-0.0354496$ & $-0.00385185$ \\
CHe_33 & $0.00717667$ & $-0.114426$ & $0.00324988$ & $-0.0219773$ & $0.00602039$ & $-0.0834566$ & $0.00978103$ & $0.664492$ & $0.661847$ & $-0.254694$ & $-0.684249$ & $-0.0477548$ & $-0.024633$ & $-0.0701452$ & $-0.101721$ & $-0.185264$ & $-0.316278$ & $-0.24137$ & $-0.242934$ & $0.684195$ & $0.59285$ & $1$ & $0.0805571$ & $-0.475289$ & $-0.286718$ & $-0.196263$ & $0.423803$ & $0.116755$ & $-0.0171432$ & $-0.0152134$ & $-0.0235864$ & $0.00494661$ & $-0.0335066$ & $0.451158$ & $0.00169332$ & $0.0141273$ & $0.00867409$ & $0.0121722$ & $-0.0034801$ & $-0.0224511$ & $-0.0184674$ & $0.00699365$ & $0.000759056$ & $0.0149752$ & $0.000762078$ & $0.00296077$ & $0.0155015$ & $-0.00644032$ & $0.000648685$ \\
CHQ1_11 & $0.0414528$ & $0.0169363$ & $0.0215909$ & $-0.0287831$ & $0.0163898$ & $-0.0277671$ & $-0.00597841$ & $0.0781574$ & $0.0753628$ & $-0.0787083$ & $-0.0455709$ & $-0.00674279$ & $0.0122223$ & $-0.0899791$ & $-0.125313$ & $-0.109411$ & $-0.059655$ & $0.0193609$ & $-0.000964293$ & $0.050447$ & $0.0709565$ & $0.0805571$ & $1$ & $-0.107107$ & $0.0346633$ & $-0.584984$ & $0.277508$ & $-0.00586112$ & $0.0127711$ & $-0.00582422$ & $0.00463487$ & $-0.00606562$ & $-0.00684747$ & $0.152282$ & $0.00530914$ & $0.0164254$ & $-0.0111586$ & $-0.00944787$ & $-0.0375208$ & $-0.00962117$ & $-0.00375938$ & $-0.03033$ & $0.00615585$ & $-0.0167628$ & $-0.0135724$ & $-0.0486787$ & $-0.00382447$ & $2.04143e-05$ & $-0.020114$ \\
CHQ1_33 & $-0.0156112$ & $0.0626536$ & $0.0330876$ & $0.00454103$ & $-0.00941472$ & $0.0431801$ & $-0.0139848$ & $-0.686418$ & $-0.683397$ & $0.612023$ & $0.471122$ & $0.0580074$ & $0.0206529$ & $0.535454$ & $0.229836$ & $0.224422$ & $0.690905$ & $0.49099$ & $0.497293$ & $-0.548465$ & $-0.485414$ & $-0.475289$ & $-0.107107$ & $1$ & $0.565776$ & $0.137868$ & $-0.452442$ & $0.0104742$ & $-0.0138127$ & $0.000438249$ & $0.0235402$ & $-0.00884503$ & $0.0314103$ & $-0.542239$ & $-0.00326946$ & $0.00557986$ & $-0.0263132$ & $-0.018771$ & $-0.000842033$ & $0.00994437$ & $-0.0258185$ & $-0.0181737$ & $0.0298564$ & $-0.0102438$ & $-0.0038201$ & $0.00642161$ & $-0.00585278$ & $0.016362$ & $-0.0210893$ \\
CHQ3_11 & $-0.0562585$ & $0.0660374$ & $-0.0289031$ & $0.00154751$ & $-0.0165092$ & $-0.030374$ & $-0.013293$ & $-0.615366$ & $-0.614054$ & $0.648261$ & $0.356815$ & $0.0433363$ & $0.0200893$ & $0.552164$ & $-0.155701$ & $-0.148499$ & $0.765081$ & $0.780081$ & $0.780918$ & $-0.467615$ & $-0.291299$ & $-0.286718$ & $0.0346633$ & $0.565776$ & $1$ & $0.0902619$ & $0.0461961$ & $-0.0622759$ & $-0.022376$ & $-0.0284726$ & $0.0178527$ & $-0.0154478$ & $0.0143079$ & $-0.21902$ & $0.000645763$ & $-0.0204096$ & $0.01463$ & $-0.0194778$ & $-0.00923734$ & $0.0114892$ & $-0.0325732$ & $-0.00842285$ & $0.00721104$ & $0.011793$ & $-0.0356222$ & $0.019924$ & $0.00121358$ & $0.0227771$ & $-0.00301887$ \\
CHu_11 & $-0.037563$ & $0.0386256$ & $-0.0205911$ & $0.0025707$ & $-0.0013783$ & $0.0312398$ & $-0.00641099$ & $-0.222526$ & $-0.219772$ & $0.0804252$ & $0.235295$ & $0.0137274$ & $-0.00254974$ & $0.0155864$ & $0.0118859$ & $0.0148518$ & $0.0893398$ & $0.0716258$ & $0.0804324$ & $-0.225098$ & $-0.18401$ & $-0.196263$ & $-0.584984$ & $0.137868$ & $0.0902619$ & $1$ & $0.0370461$ & $-0.0165716$ & $-0.015522$ & $-0.00296048$ & $-0.00648884$ & $-0.0108479$ & $0.0131714$ & $-0.153454$ & $-7.492e-05$ & $-0.0286228$ & $0.0249468$ & $0.0207148$ & $0.0253605$ & $-0.00667226$ & $0.0178563$ & $-0.000336822$ & $-0.00468073$ & $0.00099378$ & $-0.00307714$ & $0.0475373$ & $0.0276084$ & $0.00516574$ & $0.0179137$ \\
CHd_11 & $-0.00908064$ & $-0.0332428$ & $-0.0193896$ & $-0.00296941$ & $0.00269369$ & $-0.0942369$ & $0.00605536$ & $0.453338$ & $0.450838$ & $-0.356756$ & $-0.335224$ & $-0.0522479$ & $-0.0157171$ & $-0.338059$ & $-0.498872$ & $-0.474863$ & $-0.35998$ & $-0.038133$ & $-0.0508073$ & $0.364523$ & $0.431631$ & $0.423803$ & $0.277508$ & $-0.452442$ & $0.0461961$ & $0.0370461$ & $1$ & $0.0791574$ & $0.00181324$ & $-0.0251573$ & $-0.0260792$ & $-0.00559487$ & $-0.0355658$ & $0.614796$ & $0.000391546$ & $0.0119589$ & $0.037598$ & $0.0135776$ & $-0.00852228$ & $-0.0292193$ & $0.00871886$ & $0.0104855$ & $-0.00538754$ & $0.0208786$ & $-0.00972892$ & $0.00166652$ & $0.0209725$ & $-0.0228376$ & $0.0125528$ \\
CHd_33 & $0.0110756$ & $-0.0170867$ & $-0.0169018$ & $-0.00700409$ & $0.00613559$ & $-0.0152662$ & $-0.0127485$ & $0.146296$ & $0.145702$ & $-0.0565194$ & $-0.152838$ & $0.00167383$ & $0.0100833$ & $-0.0135387$ & $-0.0203644$ & $-0.0397246$ & $-0.0694705$ & $-0.049045$ & $-0.0480058$ & $0.143925$ & $0.118298$ & $0.116755$ & $-0.00586112$ & $0.0104742$ & $-0.0622759$ & $-0.0165716$ & $0.0791574$ & $1$ & $0.0145478$ & $0.00349287$ & $-0.00142929$ & $-0.00971889$ & $-0.00806155$ & $0.104688$ & $-0.0103509$ & $-0.0032319$ & $0.0262398$ & $0.0213303$ & $-0.00277246$ & $0.00571136$ & $-0.0203992$ & $-0.00931459$ & $0.00384485$ & $0.0539784$ & $-0.01238$ & $0.00284701$ & $-0.0127242$ & $0.00742264$ & $-0.0278236$ \\
CeH_22r & $-0.00562679$ & $0.00739846$ & $-0.00543087$ & $-0.0377171$ & $0.0187728$ & $0.0173684$ & $-0.0126343$ & $0.00354862$ & $0.0091629$ & $-0.0116562$ & $0.0125349$ & $0.0838896$ & $0.0818882$ & $-0.0260849$ & $-0.0201654$ & $-0.00163812$ & $-0.0313158$ & $-0.00861326$ & $-0.0159431$ & $-0.00956975$ & $-0.0174336$ & $-0.0171432$ & $0.0127711$ & $-0.0138127$ & $-0.022376$ & $-0.015522$ & $0.00181324$ & $0.0145478$ & $1$ & $0.0581866$ & $0.018958$ & $-0.0281409$ & $0.0526269$ & $0.0140614$ & $-0.025113$ & $-0.0170858$ & $-0.00364425$ & $-0.0231312$ & $-0.00264684$ & $-0.0153734$ & $0.0153999$ & $-0.0207269$ & $0.0026887$ & $0.00306456$ & $-0.0153038$ & $-0.0224812$ & $0.00997856$ & $-0.0247425$ & $-0.0327443$ \\
CeH_33r & $0.0102253$ & $-0.0180353$ & $-0.0134084$ & $0.0114056$ & $-0.0260368$ & $0.00759443$ & $-0.272174$ & $-0.0108768$ & $0.00513003$ & $-0.0527383$ & $0.0137065$ & $0.439555$ & $0.363985$ & $-0.0161829$ & $0.0133864$ & $0.0274745$ & $-0.00842051$ & $-0.0127644$ & $-0.0350512$ & $-0.0208671$ & $-0.0130533$ & $-0.0152134$ & $-0.00582422$ & $0.000438249$ & $-0.0284726$ & $-0.00296048$ & $-0.0251573$ & $0.00349287$ & $0.0581866$ & $1$ & $0.334597$ & $-0.0791571$ & $0.686512$ & $-0.0181789$ & $-0.0343716$ & $0.00732282$ & $-0.129626$ & $-0.0420943$ & $-0.0143754$ & $-0.012044$ & $0.0228583$ & $-0.00972986$ & $-0.00594561$ & $-0.0171738$ & $0.0842595$ & $0.0208891$ & $0.00897937$ & $0.0229047$ & $-0.0277642$ \\
CuH_22r & $-0.031613$ & $0.00101751$ & $-0.0133163$ & $0.0147641$ & $-0.0171075$ & $-0.0184151$ & $-0.134235$ & $-0.0244687$ & $-0.0149953$ & $-0.0100215$ & $0.0104108$ & $0.148034$ & $0.143044$ & $0.0214458$ & $0.0208135$ & $-0.00486639$ & $0.0302746$ & $0.0162703$ & $0.0216486$ & $-0.018989$ & $-0.0237946$ & $-0.0235864$ & $0.00463487$ & $0.0235402$ & $0.0178527$ & $-0.00648884$ & $-0.0260792$ & $-0.00142929$ & $0.018958$ & $0.334597$ & $1$ & $-0.0133259$ & $0.390092$ & $-0.0231371$ & $-0.0299547$ & $-0.0260587$ & $-0.0732242$ & $-0.0507723$ & $0.00171437$ & $-0.0238606$ & $0.014795$ & $-0.0109827$ & $0.00956193$ & $0.0145545$ & $0.0228997$ & $0.0791898$ & $0.290799$ & $0.00568128$ & $0.00343025$ \\
CuH_33r & $0.0337291$ & $0.0280011$ & $0.00706412$ & $-0.0103999$ & $0.00852062$ & $0.00733116$ & $0.91766$ & $-0.00687962$ & $0.0152059$ & $0.0396485$ & $0.0119291$ & $-0.287737$ & $-0.474096$ & $-0.0284328$ & $0.00688609$ & $0.00468091$ & $-0.021931$ & $-0.00995893$ & $-0.0231226$ & $0.0218184$ & $-0.0144306$ & $0.00494661$ & $-0.00606562$ & $-0.00884503$ & $-0.0154478$ & $-0.0108479$ & $-0.00559487$ & $-0.00971889$ & $-0.0281409$ & $-0.0791571$ & $-0.0133259$ & $1$ & $-0.0438841$ & $-0.0138911$ & $-0.0218849$ & $0.0145605$ & $0.0228136$ & $-0.0056354$ & $-0.0148583$ & $-0.0225492$ & $-0.0299862$ & $0.0308949$ & $0.0174593$ & $0.0214984$ & $0.0170471$ & $0.00185686$ & $-0.00863539$ & $0.00606243$ & $-0.00584931$ \\
CdH_33r & $-0.00189757$ & $0.00014426$ & $-0.0156432$ & $0.00605635$ & $-0.0204242$ & $0.0183705$ & $-0.278154$ & $-0.0438354$ & $-0.0267606$ & $-0.03039$ & $0.0377607$ & $0.426291$ & $0.356711$ & $0.0124736$ & $0.0130506$ & $0.0153821$ & $0.029872$ & $0.0214262$ & $0.00563323$ & $-0.0533549$ & $-0.0379938$ & $-0.0335066$ & $-0.00684747$ & $0.0314103$ & $0.0143079$ & $0.0131714$ & $-0.0355658$ & $-0.00806155$ & $0.0526269$ & $0.686512$ & $0.390092$ & $-0.0438841$ & $1$ & $-0.0277724$ & $-0.0266686$ & $0.000792752$ & $-0.131102$ & $-0.0505656$ & $-0.0108693$ & $-0.0136258$ & $0.00201383$ & $-0.0310293$ & $-0.00719649$ & $-0.0117867$ & $0.0245438$ & $0.0438089$ & $0.0494229$ & $0.146461$ & $0.341031$ \\
CLL_1221 & $0.00673$ & $0.00262381$ & $-0.000225685$ & $0.0065716$ & $-0.00882207$ & $-0.13681$ & $0.00791289$ & $0.66268$ & $0.657627$ & $-0.440553$ & $-0.521761$ & $-0.153616$ & $-0.0100662$ & $-0.342327$ & $-0.54419$ & $-0.229255$ & $-0.386445$ & $0.0605992$ & $-0.260119$ & $0.469752$ & $0.463996$ & $0.451158$ & $0.152282$ & $-0.542239$ & $-0.21902$ & $-0.153454$ & $0.614796$ & $0.104688$ & $0.0140614$ & $-0.0181789$ & $-0.0231371$ & $-0.0138911$ & $-0.0277724$ & $1$ & $-0.0158946$ & $0.00134581$ & $0.0257155$ & $-0.00191451$ & $-0.0073621$ & $-0.017407$ & $-0.00322881$ & $0.0235131$ & $-0.0101138$ & $0.0267371$ & $-0.0144817$ & $0.00990576$ & $-0.00978633$ & $-0.0194295$ & $0.00778868$ \\
eHggint & $-0.00710577$ & $0.0273202$ & $-0.0444055$ & $0.0159957$ & $0.00764475$ & $-0.0157681$ & $-0.0687893$ & $-0.0117345$ & $-0.021534$ & $0.00592162$ & $0.0140568$ & $0.108993$ & $0.0741469$ & $-0.0173669$ & $0.00280498$ & $-0.0109703$ & $-0.0149358$ & $-0.00893355$ & $-0.00681544$ & $0.00141352$ & $-0.0235834$ & $0.00169332$ & $0.00530914$ & $-0.00326946$ & $0.000645763$ & $-7.492e-05$ & $0.000391546$ & $-0.0103509$ & $-0.025113$ & $-0.0343716$ & $-0.0299547$ & $-0.0218849$ & $-0.0266686$ & $-0.0158946$ & $1$ & $-0.0540863$ & $-0.0244764$ & $0.0233575$ & $0.0140875$ & $-0.000712128$ & $0.0362512$ & $-0.0245262$ & $-0.023915$ & $-0.0731834$ & $-0.0385328$ & $0.0168914$ & $-0.0269832$ & $0.0274974$ & $-0.0108248$ \\
eHggpar & $0.0427687$ & $-0.0224862$ & $0.0117385$ & $0.0323586$ & $0.0116441$ & $0.0136918$ & $-0.017228$ & $0.0163958$ & $0.0149659$ & $0.00210613$ & $-0.0133823$ & $0.0176172$ & $-0.0123564$ & $-0.0114556$ & $0.00157931$ & $0.0282807$ & $-0.0197772$ & $-0.00980556$ & $-0.0281123$ & $0.029095$ & $0.0212842$ & $0.0141273$ & $0.0164254$ & $0.00557986$ & $-0.0204096$ & $-0.0286228$ & $0.0119589$ & $-0.0032319$ & $-0.0170858$ & $0.00732282$ & $-0.0260587$ & $0.0145605$ & $0.000792752$ & $0.00134581$ & $-0.0540863$ & $1$ & $-0.0494425$ & $0.00741213$ & $-0.000769606$ & $0.018613$ & $-0.0157893$ & $-0.00649527$ & $0.0392289$ & $0.0576319$ & $0.0678999$ & $0.0229899$ & $-0.0553863$ & $0.0436911$ & $0.0227612$ \\
eHWWint & $-0.0257849$ & $0.0457909$ & $-0.0293657$ & $0.02732$ & $-0.00367216$ & $-0.0382856$ & $0.0521719$ & $0.017204$ & $0.0122642$ & $0.0019535$ & $-0.0252999$ & $-0.0245032$ & $-0.0182435$ & $-0.000515599$ & $-0.0109557$ & $-0.00931241$ & $0.00852486$ & $-0.00461891$ & $0.0136079$ & $0.0130492$ & $0.0274647$ & $0.00867409$ & $-0.0111586$ & $-0.0263132$ & $0.01463$ & $0.0249468$ & $0.037598$ & $0.0262398$ & $-0.00364425$ & $-0.129626$ & $-0.0732242$ & $0.0228136$ & $-0.131102$ & $0.0257155$ & $-0.0244764$ & $-0.0494425$ & $1$ & $-0.0177267$ & $-0.0543277$ & $0.000350438$ & $0.00279027$ & $0.0172451$ & $-0.0399216$ & $0.0147388$ & $-0.0224761$ & $-0.01495$ & $-0.0189492$ & $-0.0332022$ & $0.0259129$ \\
eHWWpar & $-0.014451$ & $0.00820095$ & $-0.0185119$ & $-0.0181656$ & $-0.00902192$ & $0.00158307$ & $0.00438314$ & $0.0159929$ & $0.0112856$ & $-0.0144519$ & $-0.0123302$ & $0.015074$ & $-0.00783999$ & $-0.0279713$ & $0.0146638$ & $-0.0157778$ & $-0.0268381$ & $-0.0268862$ & $-0.00965637$ & $0.0210365$ & $0.0187624$ & $0.0121722$ & $-0.00944787$ & $-0.018771$ & $-0.0194778$ & $0.0207148$ & $0.0135776$ & $0.0213303$ & $-0.0231312$ & $-0.0420943$ & $-0.0507723$ & $-0.0056354$ & $-0.0505656$ & $-0.00191451$ & $0.0233575$ & $0.00741213$ & $-0.0177267$ & $1$ & $-0.00806765$ & $-0.00787521$ & $-0.0414705$ & $0.017654$ & $-0.00506401$ & $0.0102477$ & $-0.0180283$ & $0.03331$ & $-0.030163$ & $-0.00964834$ & $0.0365165$ \\
eHZZint & $-0.0254538$ & $-0.0217466$ & $0.0157879$ & $0.045238$ & $-0.0136443$ & $-0.0132121$ & $-0.0279869$ & $0.00185175$ & $0.00054623$ & $-0.0127787$ & $0.00266889$ & $0.00360474$ & $0.0109791$ & $0.00128595$ & $-0.0123983$ & $-0.00214799$ & $-0.0137249$ & $-0.00469865$ & $0.00596783$ & $0.00505696$ & $-0.00752916$ & $-0.0034801$ & $-0.0375208$ & $-0.000842033$ & $-0.00923734$ & $0.0253605$ & $-0.00852228$ & $-0.00277246$ & $-0.00264684$ & $-0.0143754$ & $0.00171437$ & $-0.0148583$ & $-0.0108693$ & $-0.0073621$ & $0.0140875$ & $-0.000769606$ & $-0.0543277$ & $-0.00806765$ & $1$ & $-0.0276682$ & $-0.0317537$ & $-0.0179518$ & $0.0263056$ & $0.0217383$ & $-0.0788791$ & $-0.0678887$ & $0.0426833$ & $0.0120899$ & $-0.00949721$ \\
eHZZpar & $-0.0155454$ & $0.00712725$ & $-0.000325797$ & $0.0215519$ & $-0.0141618$ & $-0.00781879$ & $-0.0258116$ & $-0.0263204$ & $-0.0272039$ & $0.00214898$ & $0.027036$ & $0.00723331$ & $0.0181074$ & $0.00256041$ & $0.0118232$ & $0.00481648$ & $0.0148431$ & $0.00887794$ & $0.0115927$ & $-0.0245417$ & $-0.0281369$ & $-0.0224511$ & $-0.00962117$ & $0.00994437$ & $0.0114892$ & $-0.00667226$ & $-0.0292193$ & $0.00571136$ & $-0.0153734$ & $-0.012044$ & $-0.0238606$ & $-0.0225492$ & $-0.0136258$ & $-0.017407$ & $-0.000712128$ & $0.018613$ & $0.000350438$ & $-0.00787521$ & $-0.0276682$ & $1$ & $-0.000700269$ & $0.00186212$ & $0.0405364$ & $-0.0157634$ & $-0.0136619$ & $-0.000217728$ & $-0.0528521$ & $0.00097662$ & $-0.0082131$ \\
eHZgaint & $-0.0114202$ & $0.00892828$ & $-0.00327297$ & $0.00290789$ & $0.00637424$ & $-0.0126269$ & $-0.0371321$ & $0.00541589$ & $0.00205862$ & $-0.0465419$ & $0.0140803$ & $0.0250769$ & $0.0288711$ & $-0.0452589$ & $0.00248351$ & $0.00710487$ & $-0.0330487$ & $-0.0378517$ & $-0.0350459$ & $-0.00350978$ & $-0.00539375$ & $-0.0184674$ & $-0.00375938$ & $-0.0258185$ & $-0.0325732$ & $0.0178563$ & $0.00871886$ & $-0.0203992$ & $0.0153999$ & $0.0228583$ & $0.014795$ & $-0.0299862$ & $0.00201383$ & $-0.00322881$ & $0.0362512$ & $-0.0157893$ & $0.00279027$ & $-0.0414705$ & $-0.0317537$ & $-0.000700269$ & $1$ & $0.0137439$ & $-0.0103293$ & $-0.0160173$ & $-0.0250711$ & $-0.0173716$ & $0.0116547$ & $-0.0436505$ & $-0.00615107$ \\
eHZgapar & $0.00487477$ & $-0.0141203$ & $0.00764711$ & $-0.000953101$ & $0.00721731$ & $0.008211$ & $0.0317873$ & $0.0263047$ & $0.0239595$ & $-0.00413502$ & $-0.0317475$ & $-0.0351053$ & $-0.0224955$ & $0.00444746$ & $0.000439552$ & $-0.0143013$ & $0.0021527$ & $0.000348499$ & $0.00531399$ & $0.0237744$ & $0.0310046$ & $0.00699365$ & $-0.03033$ & $-0.0181737$ & $-0.00842285$ & $-0.000336822$ & $0.0104855$ & $-0.00931459$ & $-0.0207269$ & $-0.00972986$ & $-0.0109827$ & $0.0308949$ & $-0.0310293$ & $0.0235131$ & $-0.0245262$ & $-0.00649527$ & $0.0172451$ & $0.017654$ & $-0.0179518$ & $0.00186212$ & $0.0137439$ & $1$ & $-0.0101172$ & $0.000918446$ & $-0.0185052$ & $-0.0383183$ & $-0.00339594$ & $-0.0486978$ & $-0.00740206$ \\
eHgagaint & $-0.00102439$ & $0.0112954$ & $0.058793$ & $0.0418158$ & $-0.00941916$ & $-0.0060696$ & $0.0224519$ & $-0.0093004$ & $0.0320553$ & $0.00243372$ & $0.0117048$ & $-0.0287294$ & $-0.0157282$ & $0.0127467$ & $0.00110544$ & $0.00106256$ & $0.00440631$ & $0.0076169$ & $0.0180803$ & $8.15445e-05$ & $0.00170119$ & $0.000759056$ & $0.00615585$ & $0.0298564$ & $0.00721104$ & $-0.00468073$ & $-0.00538754$ & $0.00384485$ & $0.0026887$ & $-0.00594561$ & $0.00956193$ & $0.0174593$ & $-0.00719649$ & $-0.0101138$ & $-0.023915$ & $0.0392289$ & $-0.0399216$ & $-0.00506401$ & $0.0263056$ & $0.0405364$ & $-0.0103293$ & $-0.0101172$ & $1$ & $0.0253448$ & $0.00381218$ & $-0.0180395$ & $0.0467166$ & $-0.0339771$ & $0.00274344$ \\
eHmumuint & $-0.012847$ & $-0.00227579$ & $-0.0315242$ & $-0.00280411$ & $-0.00531866$ & $-0.0191148$ & $0.0247946$ & $0.0134775$ & $0.0164657$ & $0.00728905$ & $-0.0171$ & $-0.0273398$ & $-0.0288477$ & $-0.0105586$ & $-0.0213614$ & $-0.0442931$ & $0.00774497$ & $0.00573242$ & $0.0235404$ & $0.00911378$ & $-0.000314466$ & $0.0149752$ & $-0.0167628$ & $-0.0102438$ & $0.011793$ & $0.00099378$ & $0.0208786$ & $0.0539784$ & $0.00306456$ & $-0.0171738$ & $0.0145545$ & $0.0214984$ & $-0.0117867$ & $0.0267371$ & $-0.0731834$ & $0.0576319$ & $0.0147388$ & $0.0102477$ & $0.0217383$ & $-0.0157634$ & $-0.0160173$ & $0.000918446$ & $0.0253448$ & $1$ & $-0.00320032$ & $-0.015954$ & $-0.0308211$ & $-0.0163289$ & $0.0220924$ \\
eHtautauint & $0.013466$ & $0.00250427$ & $0.0240248$ & $0.0167112$ & $0.00309812$ & $-0.0141664$ & $-0.00254348$ & $0.00405292$ & $0.00252978$ & $-0.0114335$ & $0.00434883$ & $-0.0189042$ & $-0.0115897$ & $-0.0171952$ & $0.0160422$ & $0.0142751$ & $-0.00558515$ & $-0.0295549$ & $-0.0242237$ & $0.00220958$ & $0.0152704$ & $0.000762078$ & $-0.0135724$ & $-0.0038201$ & $-0.0356222$ & $-0.00307714$ & $-0.00972892$ & $-0.01238$ & $-0.0153038$ & $0.0842595$ & $0.0228997$ & $0.0170471$ & $0.0245438$ & $-0.0144817$ & $-0.0385328$ & $0.0678999$ & $-0.0224761$ & $-0.0180283$ & $-0.0788791$ & $-0.0136619$ & $-0.0250711$ & $-0.0185052$ & $0.00381218$ & $-0.00320032$ & $1$ & $0.0283839$ & $0.00187031$ & $0.0103184$ & $0.00580034$ \\
eHccint & $-0.0107314$ & $0.0100457$ & $-0.0102378$ & $0.0232382$ & $-0.0272297$ & $-0.022408$ & $-0.0114855$ & $-0.0122867$ & $-0.0112657$ & $0.0187998$ & $0.0003553$ & $0.0152801$ & $0.0121616$ & $0.0224927$ & $-0.0127438$ & $-0.0079207$ & $0.0335242$ & $0.0327782$ & $0.0215382$ & $-0.00295345$ & $0.00520995$ & $0.00296077$ & $-0.0486787$ & $0.00642161$ & $0.019924$ & $0.0475373$ & $0.00166652$ & $0.00284701$ & $-0.0224812$ & $0.0208891$ & $0.0791898$ & $0.00185686$ & $0.0438089$ & $0.00990576$ & $0.0168914$ & $0.0229899$ & $-0.01495$ & $0.03331$ & $-0.0678887$ & $-0.000217728$ & $-0.0173716$ & $-0.0383183$ & $-0.0180395$ & $-0.015954$ & $0.0283839$ & $1$ & $0.00180055$ & $0.000995674$ & $0.0262759$ \\
eHccpar & $-0.0396616$ & $-0.0452555$ & $0.0291509$ & $0.0186678$ & $-0.00866846$ & $-0.00947893$ & $-0.00830926$ & $0.0184221$ & $0.0206229$ & $-0.0250417$ & $-0.0140454$ & $-0.00191191$ & $0.0233219$ & $0.00813194$ & $0.0222244$ & $-0.0161885$ & $-0.00891118$ & $-0.0238699$ & $0.00484231$ & $0.0118997$ & $0.021212$ & $0.0155015$ & $-0.00382447$ & $-0.00585278$ & $0.00121358$ & $0.0276084$ & $0.0209725$ & $-0.0127242$ & $0.00997856$ & $0.00897937$ & $0.290799$ & $-0.00863539$ & $0.0494229$ & $-0.00978633$ & $-0.0269832$ & $-0.0553863$ & $-0.0189492$ & $-0.030163$ & $0.0426833$ & $-0.0528521$ & $0.0116547$ & $-0.00339594$ & $0.0467166$ & $-0.0308211$ & $0.00187031$ & $0.00180055$ & $1$ & $0.00580524$ & $0.041628$ \\
eHbbint & $-0.01734$ & $0.0364429$ & $0.0220681$ & $-0.0168862$ & $0.00295935$ & $-0.00875752$ & $-0.00952723$ & $-0.0349814$ & $-0.0364154$ & $0.0166112$ & $0.0339956$ & $0.0198649$ & $-0.009753$ & $-0.00304459$ & $0.0145994$ & $-0.0182334$ & $0.0191846$ & $0.0199942$ & $0.0290755$ & $-0.0195401$ & $-0.0354496$ & $-0.00644032$ & $2.04143e-05$ & $0.016362$ & $0.0227771$ & $0.00516574$ & $-0.0228376$ & $0.00742264$ & $-0.0247425$ & $0.0229047$ & $0.00568128$ & $0.00606243$ & $0.146461$ & $-0.0194295$ & $0.0274974$ & $0.0436911$ & $-0.0332022$ & $-0.00964834$ & $0.0120899$ & $0.00097662$ & $-0.0436505$ & $-0.0486978$ & $-0.0339771$ & $-0.0163289$ & $0.0103184$ & $0.000995674$ & $0.00580524$ & $1$ & $0.00130922$ \\
eHbbpar & $-0.0130091$ & $0.0227496$ & $-0.00480449$ & $0.0166479$ & $-0.00850434$ & $0.0196466$ & $-0.00483429$ & $0.00284963$ & $0.00169942$ & $-0.00415309$ & $0.00423957$ & $-0.00333684$ & $-0.00639544$ & $-0.0187796$ & $-0.0137532$ & $-0.0101574$ & $-0.00173625$ & $-0.0140816$ & $0.00469372$ & $-0.00120785$ & $-0.00385185$ & $0.000648685$ & $-0.020114$ & $-0.0210893$ & $-0.00301887$ & $0.0179137$ & $0.0125528$ & $-0.0278236$ & $-0.0327443$ & $-0.0277642$ & $0.00343025$ & $-0.00584931$ & $0.341031$ & $0.00778868$ & $-0.0108248$ & $0.0227612$ & $0.0259129$ & $0.0365165$ & $-0.00949721$ & $-0.0082131$ & $-0.00615107$ & $-0.00740206$ & $0.00274344$ & $0.0220924$ & $0.00580034$ & $0.0262759$ & $0.041628$ & $0.00130922$ & $1$ \\
