 & AlsMz & dAle5Mz & mtop & mHl & Mz & CW & CHG & CHWB & CHWHB_gaga & CHWHB_gagaorth & CHD & CHbox & CH & CHL1_11 & CHL1_22 & CHL1_33 & CHL3_11 & CHL3_22 & CHL3_33 & CHe_11 & CHe_22 & CHe_33 & CHQ1_11 & CHQ1_33 & CHQ3_11 & CHu_11 & CHd_11 & CHd_33 & CeH_22r & CeH_33r & CuH_22r & CuH_33r & CdH_33r & CLL_1221 & eHggint & eHggpar & eHWWint & eHWWpar & eHZZint & eHZZpar & eHZgaint & eHZgapar & eHgagaint & eHmumuint & eHtautauint & eHccint & eHccpar & eHbbint & eHbbpar \\
AlsMz & $1$ & $-0.221731$ & $-0.130479$ & $0.41957$ & $-0.00680073$ & $-0.0137879$ & $-0.00880438$ & $0.050523$ & $0.0480671$ & $-0.00662481$ & $-0.040769$ & $-0.0168461$ & $0.00958098$ & $-0.013328$ & $-0.107868$ & $-0.0971372$ & $0.0064364$ & $0.0438022$ & $0.0430129$ & $0.0173914$ & $0.0511126$ & $0.049204$ & $0.0556979$ & $-0.0846019$ & $0.0415244$ & $-0.0214768$ & $0.233245$ & $0.0281121$ & $-0.0101775$ & $-0.0265847$ & $0.00694279$ & $-0.0111919$ & $0.052177$ & $0.135796$ & $0.026246$ & $-0.199638$ & $0.00789541$ & $0.0383129$ & $0.100401$ & $-0.070415$ & $-0.0202715$ & $-0.0499442$ & $-0.0734859$ & $-0.107946$ & $-0.200494$ & $-0.219533$ & $0.0401395$ & $0.0684929$ & $0.113713$ \\
dAle5Mz & $-0.221731$ & $1$ & $0.124793$ & $-0.124881$ & $-0.0346732$ & $0.0909358$ & $0.0279569$ & $-0.127905$ & $-0.117851$ & $0.0850848$ & $0.104036$ & $0.00928665$ & $-0.0620006$ & $-0.000224095$ & $-0.00191053$ & $0.0365023$ & $0.0141095$ & $0.0305302$ & $0.000654737$ & $-0.0827533$ & $-0.0965306$ & $-0.0994488$ & $-0.0434291$ & $0.0853064$ & $0.0305075$ & $0.0792353$ & $-0.102147$ & $-0.0605914$ & $0.00941963$ & $-0.0127975$ & $-0.0156652$ & $0.0180397$ & $-0.125907$ & $-0.0772091$ & $-0.0535295$ & $0.120526$ & $-0.165439$ & $-0.00198502$ & $-0.0943472$ & $0.00455396$ & $-0.0425573$ & $0.0233599$ & $0.224685$ & $0.0635566$ & $0.184069$ & $0.0199797$ & $0.101092$ & $-0.383539$ & $-0.0614696$ \\
mtop & $-0.130479$ & $0.124793$ & $1$ & $-0.0886534$ & $-0.0137633$ & $0.0336147$ & $0.01517$ & $-0.024615$ & $-0.0320285$ & $-0.00987925$ & $0.0515641$ & $0.017026$ & $-0.00535924$ & $-0.0478547$ & $-0.0218683$ & $-0.0263249$ & $-0.0509733$ & $-0.027503$ & $-0.0292012$ & $-0.042092$ & $-0.0408321$ & $-0.0447517$ & $0.032071$ & $-0.00450486$ & $-0.0217196$ & $0.00579815$ & $-7.29256e-05$ & $0.026836$ & $0.035248$ & $0.0599375$ & $0.0500026$ & $0.0367248$ & $-0.0138763$ & $-0.0024988$ & $0.12782$ & $0.086971$ & $-0.384703$ & $0.0543696$ & $-0.077682$ & $0.0473077$ & $-0.176445$ & $-0.0143996$ & $-0.212226$ & $0.171089$ & $0.25186$ & $0.23369$ & $0.0386092$ & $0.341363$ & $-0.215363$ \\
mHl & $0.41957$ & $-0.124881$ & $-0.0886534$ & $1$ & $-0.0251374$ & $-0.0155577$ & $-0.0222927$ & $-0.0769242$ & $-0.0849179$ & $0.0676134$ & $0.031648$ & $0.0032872$ & $-0.0418072$ & $0.0351548$ & $-0.0553442$ & $-0.0155873$ & $0.0980924$ & $0.116585$ & $0.0854441$ & $-0.0317655$ & $-0.0352349$ & $-0.0394143$ & $-0.0425721$ & $0.0827941$ & $0.1123$ & $0.0571818$ & $0.033961$ & $0.0166399$ & $0.00511687$ & $-0.0300372$ & $-0.06646$ & $-0.0473506$ & $-0.0561517$ & $-0.0119299$ & $-0.14763$ & $-0.145087$ & $0.149477$ & $0.0366866$ & $-0.245721$ & $-0.0439926$ & $0.22947$ & $-0.0852251$ & $-0.220538$ & $-0.106275$ & $-0.166046$ & $-0.124375$ & $-0.196043$ & $-0.0417449$ & $-0.0713089$ \\
Mz & $-0.00680073$ & $-0.0346732$ & $-0.0137633$ & $-0.0251374$ & $1$ & $-0.0126367$ & $-0.00422609$ & $0.0272784$ & $0.0257355$ & $-0.0177678$ & $-0.0149875$ & $0.0130329$ & $0.0163367$ & $0.000961354$ & $0.0283936$ & $0.032586$ & $-0.0112632$ & $-0.0244952$ & $-0.0301729$ & $0.0261588$ & $0.0218784$ & $0.0213755$ & $-0.0307239$ & $-0.0258515$ & $-0.0388046$ & $0.00122669$ & $-0.0382883$ & $-0.00846577$ & $0.00292649$ & $-0.0199767$ & $0.00467585$ & $0.00816857$ & $0.0300238$ & $-0.0053596$ & $0.0352728$ & $0.0215625$ & $-0.00137504$ & $-0.0125452$ & $0.0352283$ & $0.0173684$ & $0.0216318$ & $-0.000118379$ & $-0.0100776$ & $-0.0113194$ & $-0.0173197$ & $-0.00574919$ & $-0.00186837$ & $0.0158685$ & $0.042539$ \\
CW & $-0.0137879$ & $0.0909358$ & $0.0336147$ & $-0.0155577$ & $-0.0126367$ & $1$ & $0.0168629$ & $-0.139611$ & $-0.135899$ & $0.0184088$ & $0.208545$ & $0.0678843$ & $-0.00284293$ & $-0.0204097$ & $-0.075323$ & $-0.0426064$ & $-0.280536$ & $-0.0760723$ & $-0.0968699$ & $-0.200501$ & $-0.215996$ & $-0.207027$ & $0.0238369$ & $-0.0179651$ & $-0.10701$ & $0.0970605$ & $-0.11063$ & $-0.0797962$ & $0.0123678$ & $-0.015723$ & $0.0177031$ & $0.0161292$ & $0.00723213$ & $-0.138189$ & $0.0248059$ & $-0.045974$ & $-0.0113048$ & $0.000726127$ & $0.0596778$ & $0.0188586$ & $0.0386898$ & $-0.00633609$ & $-0.0244048$ & $-0.0382745$ & $-0.0279015$ & $0.103062$ & $0.0665699$ & $-0.0243197$ & $0.0627614$ \\
CHG & $-0.00880438$ & $0.0279569$ & $0.01517$ & $-0.0222927$ & $-0.00422609$ & $0.0168629$ & $1$ & $-0.10993$ & $-0.0570188$ & $0.0704494$ & $0.0854054$ & $-0.104168$ & $-0.297658$ & $0.0265885$ & $-0.0231577$ & $-0.0246708$ & $0.0317576$ & $0.0545886$ & $0.0585187$ & $-0.0847336$ & $-0.0884335$ & $-0.0887405$ & $-0.0576217$ & $0.0716663$ & $0.047544$ & $0.0877979$ & $-0.0775757$ & $-0.0379857$ & $-0.00292773$ & $-0.152241$ & $-0.0977709$ & $0.936347$ & $-0.176076$ & $-0.0821551$ & $-0.103918$ & $-0.0640077$ & $-0.0680709$ & $-0.0385183$ & $-0.0144736$ & $0.0190694$ & $-0.0128353$ & $-0.0463493$ & $-0.0418833$ & $0.0406982$ & $-0.00248188$ & $-0.00158186$ & $0.000448871$ & $0.0868413$ & $-0.00405321$ \\
CHWB & $0.050523$ & $-0.127905$ & $-0.024615$ & $-0.0769242$ & $0.0272784$ & $-0.139611$ & $-0.10993$ & $1$ & $0.985468$ & $-0.552691$ & $-0.87664$ & $-0.135182$ & $0.345805$ & $0.116069$ & $0.36898$ & $0.342127$ & $-0.200857$ & $-0.431051$ & $-0.418271$ & $0.852593$ & $0.890584$ & $0.875716$ & $0.0399632$ & $-0.646883$ & $-0.42737$ & $-0.521529$ & $0.36438$ & $0.289973$ & $0.0315444$ & $0.121051$ & $0.0323905$ & $-0.0979749$ & $0.142394$ & $0.536786$ & $-0.0462469$ & $-0.0312607$ & $0.0474022$ & $-0.0179926$ & $-0.00919393$ & $0.0100429$ & $-0.0169718$ & $-0.00599229$ & $-0.0399999$ & $-0.0225962$ & $0.0164707$ & $-0.0629889$ & $-0.0188665$ & $0.0662655$ & $-0.0120543$ \\
CHWHB_gaga & $0.0480671$ & $-0.117851$ & $-0.0320285$ & $-0.0849179$ & $0.0257355$ & $-0.135899$ & $-0.0570188$ & $0.985468$ & $1$ & $-0.545762$ & $-0.857728$ & $-0.113035$ & $0.342821$ & $0.103622$ & $0.363874$ & $0.334028$ & $-0.211231$ & $-0.436639$ & $-0.4218$ & $0.834259$ & $0.871705$ & $0.856434$ & $0.0376755$ & $-0.647321$ & $-0.432378$ & $-0.50944$ & $0.356283$ & $0.283226$ & $0.035461$ & $0.141046$ & $0.0418747$ & $-0.0528487$ & $0.159131$ & $0.528088$ & $-0.0669739$ & $-0.028484$ & $0.0440367$ & $-0.021424$ & $-0.00516272$ & $0.00855561$ & $-0.0137472$ & $-0.00482424$ & $-0.00710899$ & $-0.0130207$ & $0.0222511$ & $-0.0598728$ & $-0.0144854$ & $0.0531878$ & $-0.0218509$ \\
CHWHB_gagaorth & $-0.00662481$ & $0.0850848$ & $-0.00987925$ & $0.0676134$ & $-0.0177678$ & $0.0184088$ & $0.0704494$ & $-0.552691$ & $-0.545762$ & $1$ & $0.33715$ & $0.51034$ & $-0.250515$ & $0.228845$ & $-0.180016$ & $-0.175604$ & $0.409284$ & $0.492562$ & $0.4897$ & $-0.331959$ & $-0.346205$ & $-0.345377$ & $-0.0250649$ & $0.529913$ & $0.514784$ & $0.202215$ & $-0.139677$ & $-0.134192$ & $-0.0501711$ & $-0.125413$ & $-0.071608$ & $0.0787056$ & $-0.169698$ & $-0.308229$ & $0.0625001$ & $0.0353803$ & $-0.032858$ & $0.000480104$ & $-0.00836073$ & $-0.0133227$ & $-0.0568041$ & $-0.017798$ & $0.0379418$ & $-0.000485622$ & $-0.0222646$ & $-0.0394818$ & $-0.0244004$ & $-0.047548$ & $0.0029519$ \\
CHD & $-0.040769$ & $0.104036$ & $0.0515641$ & $0.031648$ & $-0.0149875$ & $0.208545$ & $0.0854054$ & $-0.87664$ & $-0.857728$ & $0.33715$ & $1$ & $0.226123$ & $-0.173563$ & $-0.535559$ & $-0.469837$ & $-0.438533$ & $-0.261348$ & $0.0448178$ & $0.034036$ & $-0.991216$ & $-0.992466$ & $-0.971627$ & $0.0125324$ & $0.271268$ & $0.0180857$ & $0.577097$ & $-0.26098$ & $-0.32534$ & $-0.00230887$ & $-0.0757238$ & $-0.0187215$ & $0.0832046$ & $-0.087478$ & $-0.349401$ & $0.0296743$ & $0.0494218$ & $-0.0647214$ & $0.000490543$ & $0.00451568$ & $0.00623813$ & $0.0118518$ & $-0.00709067$ & $0.0409562$ & $0.0439025$ & $0.0172418$ & $0.0652117$ & $0.0290158$ & $-0.0356684$ & $0.0162468$ \\
CHbox & $-0.0168461$ & $0.00928665$ & $0.017026$ & $0.0032872$ & $0.0130329$ & $0.0678843$ & $-0.104168$ & $-0.135182$ & $-0.113035$ & $0.51034$ & $0.226123$ & $1$ & $0.3443$ & $-0.224857$ & $-0.0408254$ & $-0.0489418$ & $-0.2042$ & $-0.145528$ & $-0.132945$ & $-0.211591$ & $-0.228706$ & $-0.221197$ & $0.0114276$ & $-0.0349546$ & $-0.120068$ & $0.126947$ & $-0.0623531$ & $-0.089452$ & $0.0411579$ & $0.284404$ & $0.0808206$ & $-0.0204439$ & $0.327149$ & $-0.0956882$ & $0.0511299$ & $0.0580805$ & $-0.0389764$ & $-0.00688999$ & $-0.0268465$ & $-0.00349687$ & $-0.0024863$ & $-0.0232564$ & $0.0205144$ & $-0.0169458$ & $-0.0150169$ & $-0.0309836$ & $-0.0236071$ & $-0.0362573$ & $-0.00394869$ \\
CH & $0.00958098$ & $-0.0620006$ & $-0.00535924$ & $-0.0418072$ & $0.0163367$ & $-0.00284293$ & $-0.297658$ & $0.345805$ & $0.342821$ & $-0.250515$ & $-0.173563$ & $0.3443$ & $1$ & $-0.21009$ & $0.112149$ & $0.0923147$ & $-0.334954$ & $-0.37819$ & $-0.356957$ & $0.17166$ & $0.181049$ & $0.181818$ & $0.0296429$ & $-0.370499$ & $-0.371661$ & $-0.113034$ & $0.105458$ & $0.0653285$ & $0.0582854$ & $0.299297$ & $0.129942$ & $-0.246869$ & $0.37372$ & $0.186071$ & $-0.0467442$ & $0.00835931$ & $0.000126437$ & $0.00869741$ & $-0.0177911$ & $-0.0156275$ & $0.0345454$ & $-0.00520773$ & $-0.0016748$ & $-0.0392879$ & $-0.0197795$ & $-0.00405522$ & $-0.0124798$ & $0.00576449$ & $-0.00236605$ \\
CHL1_11 & $-0.013328$ & $-0.000224095$ & $-0.0478547$ & $0.0351548$ & $0.000961354$ & $-0.0204097$ & $0.0265885$ & $0.116069$ & $0.103622$ & $0.228845$ & $-0.535559$ & $-0.224857$ & $-0.21009$ & $1$ & $0.278614$ & $0.255958$ & $0.682661$ & $0.608097$ & $0.612372$ & $0.551023$ & $0.501963$ & $0.484011$ & $-0.0827934$ & $0.482741$ & $0.624892$ & $-0.286039$ & $-0.065752$ & $0.168158$ & $-0.0426997$ & $-0.0494608$ & $-0.00865369$ & $0.0132534$ & $-0.0506553$ & $-0.206603$ & $0.0120003$ & $-0.0433354$ & $0.0486542$ & $0.022364$ & $0.0103091$ & $-0.024597$ & $-0.00378398$ & $0.0248498$ & $-0.0208338$ & $-0.0451284$ & $-0.0619976$ & $-0.00577736$ & $-0.00240144$ & $-0.0221862$ & $-0.00560134$ \\
CHL1_22 & $-0.107868$ & $-0.00191053$ & $-0.0218683$ & $-0.0553442$ & $0.0283936$ & $-0.075323$ & $-0.0231577$ & $0.36898$ & $0.363874$ & $-0.180016$ & $-0.469837$ & $-0.0408254$ & $0.112149$ & $0.278614$ & $1$ & $0.432933$ & $0.135001$ & $-0.448403$ & $-0.0464454$ & $0.527797$ & $0.398011$ & $0.380672$ & $-0.132943$ & $0.0627681$ & $-0.110911$ & $-0.233398$ & $-0.331137$ & $0.135375$ & $0.019693$ & $0.0474691$ & $0.0539247$ & $-0.017793$ & $0.0709278$ & $-0.555676$ & $0.0207598$ & $-0.0463569$ & $0.0352829$ & $0.0214589$ & $0.0587251$ & $-0.0211256$ & $0.0499352$ & $-0.00386558$ & $-0.0392313$ & $-0.0638122$ & $-0.0856568$ & $0.10424$ & $0.0358782$ & $-0.00277815$ & $0.0478095$ \\
CHL1_33 & $-0.0971372$ & $0.0365023$ & $-0.0263249$ & $-0.0155873$ & $0.032586$ & $-0.0426064$ & $-0.0246708$ & $0.342127$ & $0.334028$ & $-0.175604$ & $-0.438533$ & $-0.0489418$ & $0.0923147$ & $0.255958$ & $0.432933$ & $1$ & $0.125797$ & $-0.0427311$ & $-0.44461$ & $0.496654$ & $0.36769$ & $0.387626$ & $-0.14337$ & $0.0639255$ & $-0.131501$ & $-0.216011$ & $-0.370099$ & $0.126101$ & $0.0169673$ & $0.0125828$ & $0.0137493$ & $-0.0281763$ & $0.0291905$ & $-0.0521552$ & $-0.0022288$ & $-0.0519095$ & $0.00708009$ & $0.00735121$ & $0.0563007$ & $-0.0271019$ & $0.0918529$ & $0.0102032$ & $-0.0194001$ & $-0.0453807$ & $-0.0943939$ & $0.0836232$ & $0.0437511$ & $-0.0525583$ & $0.025489$ \\
CHL3_11 & $0.0064364$ & $0.0141095$ & $-0.0509733$ & $0.0980924$ & $-0.0112632$ & $-0.280536$ & $0.0317576$ & $-0.200857$ & $-0.211231$ & $0.409284$ & $-0.261348$ & $-0.2042$ & $-0.334954$ & $0.682661$ & $0.135001$ & $0.125797$ & $1$ & $0.756963$ & $0.753152$ & $0.274552$ & $0.238011$ & $0.225065$ & $-0.0764044$ & $0.668631$ & $0.802962$ & $-0.132459$ & $-0.0930224$ & $0.083415$ & $-0.0610251$ & $-0.0838404$ & $-0.0425005$ & $0.0123226$ & $-0.11108$ & $-0.203122$ & $0.0338729$ & $-0.0284118$ & $0.0284807$ & $0.0323845$ & $-0.0081887$ & $-0.0288013$ & $-0.00691795$ & $0.0211545$ & $-0.00219108$ & $-0.036637$ & $-0.0433568$ & $-0.0404242$ & $-0.0557639$ & $-0.0454359$ & $-0.0237995$ \\
CHL3_22 & $0.0438022$ & $0.0305302$ & $-0.027503$ & $0.116585$ & $-0.0244952$ & $-0.0760723$ & $0.0545886$ & $-0.431051$ & $-0.436639$ & $0.492562$ & $0.0448178$ & $-0.145528$ & $-0.37819$ & $0.608097$ & $-0.448403$ & $-0.0427311$ & $0.756963$ & $1$ & $0.698523$ & $-0.0494534$ & $-0.0392847$ & $-0.0371581$ & $-0.0147624$ & $0.639239$ & $0.807908$ & $0.028591$ & $0.0135403$ & $-0.0098344$ & $-0.0655829$ & $-0.111913$ & $-0.0569754$ & $0.0338635$ & $-0.141375$ & $0.0373267$ & $0.0185206$ & $-0.00537083$ & $0.00738124$ & $0.0172151$ & $-0.027505$ & $-0.0167137$ & $-0.0191841$ & $0.0269265$ & $0.017981$ & $-2.65852e-05$ & $-0.00901711$ & $-0.0640716$ & $-0.0426205$ & $-0.0476351$ & $-0.0391983$ \\
CHL3_33 & $0.0430129$ & $0.000654737$ & $-0.0292012$ & $0.0854441$ & $-0.0301729$ & $-0.0968699$ & $0.0585187$ & $-0.418271$ & $-0.4218$ & $0.4897$ & $0.034036$ & $-0.132945$ & $-0.356957$ & $0.612372$ & $-0.0464454$ & $-0.44461$ & $0.753152$ & $0.698523$ & $1$ & $-0.0393775$ & $-0.02721$ & $-0.0314672$ & $-0.0088938$ & $0.631999$ & $0.82068$ & $0.0257797$ & $0.0485649$ & $-0.00656697$ & $-0.0610124$ & $-0.0809251$ & $-0.0292994$ & $0.0444944$ & $-0.103891$ & $-0.329884$ & $0.0381654$ & $-0.00639747$ & $0.0255914$ & $0.029283$ & $-0.0286382$ & $-0.0124352$ & $-0.0455885$ & $0.0182192$ & $-0.00363126$ & $-0.0168548$ & $-0.00437494$ & $-0.0513028$ & $-0.047346$ & $-0.00611297$ & $-0.014247$ \\
CHe_11 & $0.0173914$ & $-0.0827533$ & $-0.042092$ & $-0.0317655$ & $0.0261588$ & $-0.200501$ & $-0.0847336$ & $0.852593$ & $0.834259$ & $-0.331959$ & $-0.991216$ & $-0.211591$ & $0.17166$ & $0.551023$ & $0.527797$ & $0.496654$ & $0.274552$ & $-0.0494534$ & $-0.0393775$ & $1$ & $0.976211$ & $0.95606$ & $-0.0300282$ & $-0.224555$ & $-0.0108544$ & $-0.567662$ & $0.192715$ & $0.320642$ & $0.00299518$ & $0.0737678$ & $0.0246966$ & $-0.0823984$ & $0.0858455$ & $0.275292$ & $-0.0258699$ & $-0.0504752$ & $0.0609947$ & $0.00217003$ & $-0.000881208$ & $-0.00611521$ & $-0.00221519$ & $0.00895448$ & $-0.0402794$ & $-0.0464809$ & $-0.0219615$ & $-0.0473891$ & $-0.0222169$ & $0.0253042$ & $-0.014552$ \\
CHe_22 & $0.0511126$ & $-0.0965306$ & $-0.0408321$ & $-0.0352349$ & $0.0218784$ & $-0.215996$ & $-0.0884335$ & $0.890584$ & $0.871705$ & $-0.346205$ & $-0.992466$ & $-0.228706$ & $0.181049$ & $0.501963$ & $0.398011$ & $0.36769$ & $0.238011$ & $-0.0392847$ & $-0.02721$ & $0.976211$ & $1$ & $0.975626$ & $0.00649798$ & $-0.318894$ & $-0.0279958$ & $-0.57808$ & $0.328897$ & $0.326202$ & $0.00142249$ & $0.0785915$ & $0.0156511$ & $-0.0854935$ & $0.0866317$ & $0.426076$ & $-0.0311459$ & $-0.041632$ & $0.0592861$ & $-0.00334693$ & $-0.0158573$ & $0.000445535$ & $-0.025406$ & $0.00667402$ & $-0.0371606$ & $-0.0369897$ & $0.000170357$ & $-0.0809606$ & $-0.0348555$ & $0.0396978$ & $-0.0245493$ \\
CHe_33 & $0.049204$ & $-0.0994488$ & $-0.0447517$ & $-0.0394143$ & $0.0213755$ & $-0.207027$ & $-0.0887405$ & $0.875716$ & $0.856434$ & $-0.345377$ & $-0.971627$ & $-0.221197$ & $0.181818$ & $0.484011$ & $0.380672$ & $0.387626$ & $0.225065$ & $-0.0371581$ & $-0.0314672$ & $0.95606$ & $0.975626$ & $1$ & $0.00675001$ & $-0.318981$ & $-0.0301997$ & $-0.564827$ & $0.328139$ & $0.320983$ & $0.006508$ & $0.0822848$ & $0.0166562$ & $-0.0834459$ & $0.0937519$ & $0.430333$ & $-0.0273043$ & $-0.0394926$ & $0.0614181$ & $-0.00136155$ & $-0.0188859$ & $-0.00952735$ & $-0.0192255$ & $0.0104758$ & $-0.0396662$ & $-0.0402021$ & $0.00270667$ & $-0.0858992$ & $-0.0368796$ & $0.0445643$ & $-0.018414$ \\
CHQ1_11 & $0.0556979$ & $-0.0434291$ & $0.032071$ & $-0.0425721$ & $-0.0307239$ & $0.0238369$ & $-0.0576217$ & $0.0399632$ & $0.0376755$ & $-0.0250649$ & $0.0125324$ & $0.0114276$ & $0.0296429$ & $-0.0827934$ & $-0.132943$ & $-0.14337$ & $-0.0764044$ & $-0.0147624$ & $-0.0088938$ & $-0.0300282$ & $0.00649798$ & $0.00675001$ & $1$ & $-0.132554$ & $0.0501714$ & $-0.669596$ & $0.307597$ & $-0.0247887$ & $0.0172652$ & $-0.000588431$ & $-0.0354302$ & $-0.063911$ & $-0.00751064$ & $0.149363$ & $0.00586167$ & $0.025524$ & $-0.0114013$ & $0.0161207$ & $-0.0788317$ & $0.0320663$ & $-0.0847237$ & $-0.0143849$ & $-0.0109268$ & $0.0477373$ & $0.0671427$ & $-0.048674$ & $-0.0105591$ & $0.0769612$ & $-0.0301099$ \\
CHQ1_33 & $-0.0846019$ & $0.0853064$ & $-0.00450486$ & $0.0827941$ & $-0.0258515$ & $-0.0179651$ & $0.0716663$ & $-0.646883$ & $-0.647321$ & $0.529913$ & $0.271268$ & $-0.0349546$ & $-0.370499$ & $0.482741$ & $0.0627681$ & $0.0639255$ & $0.668631$ & $0.639239$ & $0.631999$ & $-0.224555$ & $-0.318894$ & $-0.318981$ & $-0.132554$ & $1$ & $0.684764$ & $0.200015$ & $-0.35472$ & $0.00353912$ & $-0.0515674$ & $-0.110221$ & $-0.0251456$ & $0.0570556$ & $-0.132655$ & $-0.60397$ & $0.0444911$ & $-0.0180633$ & $-0.00231487$ & $0.0365027$ & $0.0104566$ & $-0.0286537$ & $0.0343049$ & $0.0413954$ & $0.00859356$ & $-0.0302286$ & $-0.0684685$ & $0.0420821$ & $-0.000115499$ & $-0.0619638$ & $-0.000472394$ \\
CHQ3_11 & $0.0415244$ & $0.0305075$ & $-0.0217196$ & $0.1123$ & $-0.0388046$ & $-0.10701$ & $0.047544$ & $-0.42737$ & $-0.432378$ & $0.514784$ & $0.0180857$ & $-0.120068$ & $-0.371661$ & $0.624892$ & $-0.110911$ & $-0.131501$ & $0.802962$ & $0.807908$ & $0.82068$ & $-0.0108544$ & $-0.0279958$ & $-0.0301997$ & $0.0501714$ & $0.684764$ & $1$ & $0.00889585$ & $0.197974$ & $-0.00427321$ & $-0.0588283$ & $-0.101227$ & $-0.0464016$ & $0.0257805$ & $-0.137931$ & $-0.253695$ & $0.00818698$ & $0.008933$ & $0.0308603$ & $0.0249947$ & $-0.0553024$ & $-0.024368$ & $-0.0662828$ & $0.0141852$ & $0.0137547$ & $-0.00494027$ & $0.0276168$ & $-0.100109$ & $-0.0594333$ & $-0.0224459$ & $-0.0439431$ \\
CHu_11 & $-0.0214768$ & $0.0792353$ & $0.00579815$ & $0.0571818$ & $0.00122669$ & $0.0970605$ & $0.0877979$ & $-0.521529$ & $-0.50944$ & $0.202215$ & $0.577097$ & $0.126947$ & $-0.113034$ & $-0.286039$ & $-0.233398$ & $-0.216011$ & $-0.132459$ & $0.028591$ & $0.0257797$ & $-0.567662$ & $-0.57808$ & $-0.564827$ & $-0.669596$ & $0.200015$ & $0.00889585$ & $1$ & $-0.176668$ & $-0.171708$ & $-0.0117275$ & $-0.0407691$ & $0.00948148$ & $0.0941172$ & $-0.051483$ & $-0.25067$ & $-0.0149685$ & $0.00422172$ & $-0.0272561$ & $-0.0129527$ & $0.0377035$ & $-0.0181047$ & $0.0514222$ & $-0.00646116$ & $0.0416464$ & $-0.00592559$ & $-0.0139992$ & $0.0352283$ & $0.00940437$ & $-0.0722702$ & $0.00364988$ \\
CHd_11 & $0.233245$ & $-0.102147$ & $-7.29256e-05$ & $0.033961$ & $-0.0382883$ & $-0.11063$ & $-0.0775757$ & $0.36438$ & $0.356283$ & $-0.139677$ & $-0.26098$ & $-0.0623531$ & $0.105458$ & $-0.065752$ & $-0.331137$ & $-0.370099$ & $-0.0930224$ & $0.0135403$ & $0.0485649$ & $0.192715$ & $0.328897$ & $0.328139$ & $0.307597$ & $-0.35472$ & $0.197974$ & $-0.176668$ & $1$ & $0.0889518$ & $0.00147256$ & $0.045616$ & $-0.0250462$ & $-0.0769672$ & $0.0214616$ & $0.610366$ & $-0.0740136$ & $0.0274619$ & $0.0363805$ & $-0.0174352$ & $-0.120479$ & $0.0122592$ & $-0.142235$ & $-0.0138855$ & $0.00743258$ & $0.0302014$ & $0.15012$ & $-0.251761$ & $-0.0896574$ & $0.087187$ & $-0.07702$ \\
CHd_33 & $0.0281121$ & $-0.0605914$ & $0.026836$ & $0.0166399$ & $-0.00846577$ & $-0.0797962$ & $-0.0379857$ & $0.289973$ & $0.283226$ & $-0.134192$ & $-0.32534$ & $-0.089452$ & $0.0653285$ & $0.168158$ & $0.135375$ & $0.126101$ & $0.083415$ & $-0.0098344$ & $-0.00656697$ & $0.320642$ & $0.326202$ & $0.320983$ & $-0.0247887$ & $0.00353912$ & $-0.00427321$ & $-0.171708$ & $0.0889518$ & $1$ & $-0.00301043$ & $0.0557907$ & $0.018327$ & $-0.0311828$ & $0.0635619$ & $0.135$ & $-0.0436385$ & $-0.0767424$ & $0.00194003$ & $0.0109587$ & $-0.00262733$ & $-0.0106877$ & $0.00374225$ & $0.0240367$ & $-0.0590913$ & $-0.0218024$ & $-0.0332842$ & $-0.0510398$ & $0.0179586$ & $0.0663595$ & $-0.0112481$ \\
CeH_22r & $-0.0101775$ & $0.00941963$ & $0.035248$ & $0.00511687$ & $0.00292649$ & $0.0123678$ & $-0.00292773$ & $0.0315444$ & $0.035461$ & $-0.0501711$ & $-0.00230887$ & $0.0411579$ & $0.0582854$ & $-0.0426997$ & $0.019693$ & $0.0169673$ & $-0.0610251$ & $-0.0655829$ & $-0.0610124$ & $0.00299518$ & $0.00142249$ & $0.006508$ & $0.0172652$ & $-0.0515674$ & $-0.0588283$ & $-0.0117275$ & $0.00147256$ & $-0.00301043$ & $1$ & $0.0467738$ & $0.0161327$ & $-0.0137221$ & $0.0753226$ & $0.00776879$ & $-0.0468355$ & $-0.0232641$ & $-0.0776736$ & $-0.00519347$ & $-0.00525044$ & $-0.027636$ & $-0.0196764$ & $0.000275548$ & $-0.0322219$ & $0.0423499$ & $0.0096837$ & $0.0182308$ & $-0.0184202$ & $0.0464367$ & $0.00810089$ \\
CeH_33r & $-0.0265847$ & $-0.0127975$ & $0.0599375$ & $-0.0300372$ & $-0.0199767$ & $-0.015723$ & $-0.152241$ & $0.121051$ & $0.141046$ & $-0.125413$ & $-0.0757238$ & $0.284404$ & $0.299297$ & $-0.0494608$ & $0.0474691$ & $0.0125828$ & $-0.0838404$ & $-0.111913$ & $-0.0809251$ & $0.0737678$ & $0.0785915$ & $0.0822848$ & $-0.000588431$ & $-0.110221$ & $-0.101227$ & $-0.0407691$ & $0.045616$ & $0.0557907$ & $0.0467738$ & $1$ & $0.323611$ & $-0.00459714$ & $0.675433$ & $0.0601174$ & $-0.0602701$ & $0.0284615$ & $-0.08331$ & $0.00852131$ & $-0.0585685$ & $-0.00897164$ & $0.0427393$ & $-0.000113135$ & $0.00916894$ & $0.0637118$ & $0.071794$ & $0.0181476$ & $-0.0292573$ & $0.000230893$ & $-0.0663724$ \\
CuH_22r & $0.00694279$ & $-0.0156652$ & $0.0500026$ & $-0.06646$ & $0.00467585$ & $0.0177031$ & $-0.0977709$ & $0.0323905$ & $0.0418747$ & $-0.071608$ & $-0.0187215$ & $0.0808206$ & $0.129942$ & $-0.00865369$ & $0.0539247$ & $0.0137493$ & $-0.0425005$ & $-0.0569754$ & $-0.0292994$ & $0.0246966$ & $0.0156511$ & $0.0166562$ & $-0.0354302$ & $-0.0251456$ & $-0.0464016$ & $0.00948148$ & $-0.0250462$ & $0.018327$ & $0.0161327$ & $0.323611$ & $1$ & $-0.00525091$ & $0.360513$ & $-0.0279297$ & $-0.0182701$ & $0.0110517$ & $0.0123307$ & $0.00587104$ & $0.047497$ & $-0.0379367$ & $0.0221036$ & $-0.0391054$ & $0.014276$ & $-0.026894$ & $-0.0822366$ & $0.0559535$ & $0.241265$ & $0.0588668$ & $-0.0895422$ \\
CuH_33r & $-0.0111919$ & $0.0180397$ & $0.0367248$ & $-0.0473506$ & $0.00816857$ & $0.0161292$ & $0.936347$ & $-0.0979749$ & $-0.0528487$ & $0.0787056$ & $0.0832046$ & $-0.0204439$ & $-0.246869$ & $0.0132534$ & $-0.017793$ & $-0.0281763$ & $0.0123226$ & $0.0338635$ & $0.0444944$ & $-0.0823984$ & $-0.0854935$ & $-0.0834459$ & $-0.063911$ & $0.0570556$ & $0.0257805$ & $0.0941172$ & $-0.0769672$ & $-0.0311828$ & $-0.0137221$ & $-0.00459714$ & $-0.00525091$ & $1$ & $0.0147558$ & $-0.0782805$ & $-0.0502439$ & $-0.029942$ & $-0.0882975$ & $-0.0391134$ & $-0.00641084$ & $0.0184515$ & $-0.024731$ & $-0.0488114$ & $-0.0270511$ & $0.0343988$ & $-0.00748753$ & $-0.0210951$ & $-0.0114707$ & $0.0859858$ & $-0.0102029$ \\
CdH_33r & $0.052177$ & $-0.125907$ & $-0.0138763$ & $-0.0561517$ & $0.0300238$ & $0.00723213$ & $-0.176076$ & $0.142394$ & $0.159131$ & $-0.169698$ & $-0.087478$ & $0.327149$ & $0.37372$ & $-0.0506553$ & $0.0709278$ & $0.0291905$ & $-0.11108$ & $-0.141375$ & $-0.103891$ & $0.0858455$ & $0.0866317$ & $0.0937519$ & $-0.00751064$ & $-0.132655$ & $-0.137931$ & $-0.051483$ & $0.0214616$ & $0.0635619$ & $0.0753226$ & $0.675433$ & $0.360513$ & $0.0147558$ & $1$ & $0.0486883$ & $0.0825914$ & $-0.116747$ & $-0.125129$ & $0.0181971$ & $-0.0100222$ & $-0.0357076$ & $-0.00202171$ & $0.00269182$ & $-0.181001$ & $-0.0370321$ & $-0.0639668$ & $0.0472806$ & $-0.0783586$ & $0.156215$ & $0.299267$ \\
CLL_1221 & $0.135796$ & $-0.0772091$ & $-0.0024988$ & $-0.0119299$ & $-0.0053596$ & $-0.138189$ & $-0.0821551$ & $0.536786$ & $0.528088$ & $-0.308229$ & $-0.349401$ & $-0.0956882$ & $0.186071$ & $-0.206603$ & $-0.555676$ & $-0.0521552$ & $-0.203122$ & $0.0373267$ & $-0.329884$ & $0.275292$ & $0.426076$ & $0.430333$ & $0.149363$ & $-0.60397$ & $-0.253695$ & $-0.25067$ & $0.610366$ & $0.135$ & $0.00776879$ & $0.0601174$ & $-0.0279297$ & $-0.0782805$ & $0.0486883$ & $1$ & $-0.0569551$ & $0.0182277$ & $0.000824975$ & $-0.0334035$ & $-0.0666964$ & $0.0234999$ & $-0.0600758$ & $-0.00370503$ & $0.011135$ & $0.0360014$ & $0.0989959$ & $-0.15599$ & $-0.0608012$ & $0.0419381$ & $-0.0596476$ \\
eHggint & $0.026246$ & $-0.0535295$ & $0.12782$ & $-0.14763$ & $0.0352728$ & $0.0248059$ & $-0.103918$ & $-0.0462469$ & $-0.0669739$ & $0.0625001$ & $0.0296743$ & $0.0511299$ & $-0.0467442$ & $0.0120003$ & $0.0207598$ & $-0.0022288$ & $0.0338729$ & $0.0185206$ & $0.0381654$ & $-0.0258699$ & $-0.0311459$ & $-0.0273043$ & $0.00586167$ & $0.0444911$ & $0.00818698$ & $-0.0149685$ & $-0.0740136$ & $-0.0436385$ & $-0.0468355$ & $-0.0602701$ & $-0.0182701$ & $-0.0502439$ & $0.0825914$ & $-0.0569551$ & $1$ & $0.107694$ & $0.00856662$ & $0.0776285$ & $0.16296$ & $0.11595$ & $-0.252977$ & $0.00343702$ & $-0.0734464$ & $-0.189473$ & $-0.0574019$ & $-0.0247809$ & $-0.212956$ & $0.0197955$ & $0.388928$ \\
eHggpar & $-0.199638$ & $0.120526$ & $0.086971$ & $-0.145087$ & $0.0215625$ & $-0.045974$ & $-0.0640077$ & $-0.0312607$ & $-0.028484$ & $0.0353803$ & $0.0494218$ & $0.0580805$ & $0.00835931$ & $-0.0433354$ & $-0.0463569$ & $-0.0519095$ & $-0.0284118$ & $-0.00537083$ & $-0.00639747$ & $-0.0504752$ & $-0.041632$ & $-0.0394926$ & $0.025524$ & $-0.0180633$ & $0.008933$ & $0.00422172$ & $0.0274619$ & $-0.0767424$ & $-0.0232641$ & $0.0284615$ & $0.0110517$ & $-0.029942$ & $-0.116747$ & $0.0182277$ & $0.107694$ & $1$ & $0.0702574$ & $-0.0901932$ & $-0.13019$ & $0.0415498$ & $-0.243663$ & $-0.00481856$ & $0.378386$ & $-0.0489917$ & $0.243261$ & $-0.0841207$ & $-0.0162954$ & $-0.196361$ & $-0.264858$ \\
eHWWint & $0.00789541$ & $-0.165439$ & $-0.384703$ & $0.149477$ & $-0.00137504$ & $-0.0113048$ & $-0.0680709$ & $0.0474022$ & $0.0440367$ & $-0.032858$ & $-0.0647214$ & $-0.0389764$ & $0.000126437$ & $0.0486542$ & $0.0352829$ & $0.00708009$ & $0.0284807$ & $0.00738124$ & $0.0255914$ & $0.0609947$ & $0.0592861$ & $0.0614181$ & $-0.0114013$ & $-0.00231487$ & $0.0308603$ & $-0.0272561$ & $0.0363805$ & $0.00194003$ & $-0.0776736$ & $-0.08331$ & $0.0123307$ & $-0.0882975$ & $-0.125129$ & $0.000824975$ & $0.00856662$ & $0.0702574$ & $1$ & $-0.0155666$ & $0.0513472$ & $-0.0429296$ & $0.114912$ & $-0.0113757$ & $0.188396$ & $-0.41074$ & $-0.18867$ & $-0.38415$ & $0.14766$ & $-0.18437$ & $-0.0573832$ \\
eHWWpar & $0.0383129$ & $-0.00198502$ & $0.0543696$ & $0.0366866$ & $-0.0125452$ & $0.000726127$ & $-0.0385183$ & $-0.0179926$ & $-0.021424$ & $0.000480104$ & $0.000490543$ & $-0.00688999$ & $0.00869741$ & $0.022364$ & $0.0214589$ & $0.00735121$ & $0.0323845$ & $0.0172151$ & $0.029283$ & $0.00217003$ & $-0.00334693$ & $-0.00136155$ & $0.0161207$ & $0.0365027$ & $0.0249947$ & $-0.0129527$ & $-0.0174352$ & $0.0109587$ & $-0.00519347$ & $0.00852131$ & $0.00587104$ & $-0.0391134$ & $0.0181971$ & $-0.0334035$ & $0.0776285$ & $-0.0901932$ & $-0.0155666$ & $1$ & $0.00443868$ & $0.0122892$ & $-0.0500835$ & $0.0374714$ & $-0.129002$ & $0.0239701$ & $0.0296463$ & $0.087992$ & $-0.100805$ & $0.0623045$ & $0.0295668$ \\
eHZZint & $0.100401$ & $-0.0943472$ & $-0.077682$ & $-0.245721$ & $0.0352283$ & $0.0596778$ & $-0.0144736$ & $-0.00919393$ & $-0.00516272$ & $-0.00836073$ & $0.00451568$ & $-0.0268465$ & $-0.0177911$ & $0.0103091$ & $0.0587251$ & $0.0563007$ & $-0.0081887$ & $-0.027505$ & $-0.0286382$ & $-0.000881208$ & $-0.0158573$ & $-0.0188859$ & $-0.0788317$ & $0.0104566$ & $-0.0553024$ & $0.0377035$ & $-0.120479$ & $-0.00262733$ & $-0.00525044$ & $-0.0585685$ & $0.047497$ & $-0.00641084$ & $-0.0100222$ & $-0.0666964$ & $0.16296$ & $-0.13019$ & $0.0513472$ & $0.00443868$ & $1$ & $-0.0396133$ & $-0.00211234$ & $0.00557271$ & $0.249399$ & $0.210618$ & $-0.29093$ & $0.145797$ & $0.182988$ & $-0.124591$ & $0.0885916$ \\
eHZZpar & $-0.070415$ & $0.00455396$ & $0.0473077$ & $-0.0439926$ & $0.0173684$ & $0.0188586$ & $0.0190694$ & $0.0100429$ & $0.00855561$ & $-0.0133227$ & $0.00623813$ & $-0.00349687$ & $-0.0156275$ & $-0.024597$ & $-0.0211256$ & $-0.0271019$ & $-0.0288013$ & $-0.0167137$ & $-0.0124352$ & $-0.00611521$ & $0.000445535$ & $-0.00952735$ & $0.0320663$ & $-0.0286537$ & $-0.024368$ & $-0.0181047$ & $0.0122592$ & $-0.0106877$ & $-0.027636$ & $-0.00897164$ & $-0.0379367$ & $0.0184515$ & $-0.0357076$ & $0.0234999$ & $0.11595$ & $0.0415498$ & $-0.0429296$ & $0.0122892$ & $-0.0396133$ & $1$ & $-0.00698817$ & $0.0251995$ & $-0.0623245$ & $0.0991334$ & $0.124461$ & $0.0580487$ & $-0.0562472$ & $0.022847$ & $-0.0430744$ \\
eHZgaint & $-0.0202715$ & $-0.0425573$ & $-0.176445$ & $0.22947$ & $0.0216318$ & $0.0386898$ & $-0.0128353$ & $-0.0169718$ & $-0.0137472$ & $-0.0568041$ & $0.0118518$ & $-0.0024863$ & $0.0345454$ & $-0.00378398$ & $0.0499352$ & $0.0918529$ & $-0.00691795$ & $-0.0191841$ & $-0.0455885$ & $-0.00221519$ & $-0.025406$ & $-0.0192255$ & $-0.0847237$ & $0.0343049$ & $-0.0662828$ & $0.0514222$ & $-0.142235$ & $0.00374225$ & $-0.0196764$ & $0.0427393$ & $0.0221036$ & $-0.024731$ & $-0.00202171$ & $-0.0600758$ & $-0.252977$ & $-0.243663$ & $0.114912$ & $-0.0500835$ & $-0.00211234$ & $-0.00698817$ & $1$ & $0.0506347$ & $-0.0595643$ & $0.0853135$ & $-0.0936629$ & $0.128324$ & $0.0905838$ & $-0.159634$ & $-0.140071$ \\
eHZgapar & $-0.0499442$ & $0.0233599$ & $-0.0143996$ & $-0.0852251$ & $-0.000118379$ & $-0.00633609$ & $-0.0463493$ & $-0.00599229$ & $-0.00482424$ & $-0.017798$ & $-0.00709067$ & $-0.0232564$ & $-0.00520773$ & $0.0248498$ & $-0.00386558$ & $0.0102032$ & $0.0211545$ & $0.0269265$ & $0.0182192$ & $0.00895448$ & $0.00667402$ & $0.0104758$ & $-0.0143849$ & $0.0413954$ & $0.0141852$ & $-0.00646116$ & $-0.0138855$ & $0.0240367$ & $0.000275548$ & $-0.000113135$ & $-0.0391054$ & $-0.0488114$ & $0.00269182$ & $-0.00370503$ & $0.00343702$ & $-0.00481856$ & $-0.0113757$ & $0.0374714$ & $0.00557271$ & $0.0251995$ & $0.0506347$ & $1$ & $0.0255484$ & $-0.104711$ & $-0.0550537$ & $-0.0215351$ & $0.00743217$ & $-0.00306693$ & $0.0261761$ \\
eHgagaint & $-0.0734859$ & $0.224685$ & $-0.212226$ & $-0.220538$ & $-0.0100776$ & $-0.0244048$ & $-0.0418833$ & $-0.0399999$ & $-0.00710899$ & $0.0379418$ & $0.0409562$ & $0.0205144$ & $-0.0016748$ & $-0.0208338$ & $-0.0392313$ & $-0.0194001$ & $-0.00219108$ & $0.017981$ & $-0.00363126$ & $-0.0402794$ & $-0.0371606$ & $-0.0396662$ & $-0.0109268$ & $0.00859356$ & $0.0137547$ & $0.0416464$ & $0.00743258$ & $-0.0590913$ & $-0.0322219$ & $0.00916894$ & $0.014276$ & $-0.0270511$ & $-0.181001$ & $0.011135$ & $-0.0734464$ & $0.378386$ & $0.188396$ & $-0.129002$ & $0.249399$ & $-0.0623245$ & $-0.0595643$ & $0.0255484$ & $1$ & $0.0678733$ & $0.0380337$ & $-0.120652$ & $0.117897$ & $-0.498009$ & $-0.353661$ \\
eHmumuint & $-0.107946$ & $0.0635566$ & $0.171089$ & $-0.106275$ & $-0.0113194$ & $-0.0382745$ & $0.0406982$ & $-0.0225962$ & $-0.0130207$ & $-0.000485622$ & $0.0439025$ & $-0.0169458$ & $-0.0392879$ & $-0.0451284$ & $-0.0638122$ & $-0.0453807$ & $-0.036637$ & $-2.65852e-05$ & $-0.0168548$ & $-0.0464809$ & $-0.0369897$ & $-0.0402021$ & $0.0477373$ & $-0.0302286$ & $-0.00494027$ & $-0.00592559$ & $0.0302014$ & $-0.0218024$ & $0.0423499$ & $0.0637118$ & $-0.026894$ & $0.0343988$ & $-0.0370321$ & $0.0360014$ & $-0.189473$ & $-0.0489917$ & $-0.41074$ & $0.0239701$ & $0.210618$ & $0.0991334$ & $0.0853135$ & $-0.104711$ & $0.0678733$ & $1$ & $0.313777$ & $0.244187$ & $-0.099971$ & $-0.0238091$ & $-0.192118$ \\
eHtautauint & $-0.200494$ & $0.184069$ & $0.25186$ & $-0.166046$ & $-0.0173197$ & $-0.0279015$ & $-0.00248188$ & $0.0164707$ & $0.0222511$ & $-0.0222646$ & $0.0172418$ & $-0.0150169$ & $-0.0197795$ & $-0.0619976$ & $-0.0856568$ & $-0.0943939$ & $-0.0433568$ & $-0.00901711$ & $-0.00437494$ & $-0.0219615$ & $0.000170357$ & $0.00270667$ & $0.0671427$ & $-0.0684685$ & $0.0276168$ & $-0.0139992$ & $0.15012$ & $-0.0332842$ & $0.0096837$ & $0.071794$ & $-0.0822366$ & $-0.00748753$ & $-0.0639668$ & $0.0989959$ & $-0.0574019$ & $0.243261$ & $-0.18867$ & $0.0296463$ & $-0.29093$ & $0.124461$ & $-0.0936629$ & $-0.0550537$ & $0.0380337$ & $0.313777$ & $1$ & $0.180043$ & $-0.296419$ & $-0.102727$ & $-0.145528$ \\
eHccint & $-0.219533$ & $0.0199797$ & $0.23369$ & $-0.124375$ & $-0.00574919$ & $0.103062$ & $-0.00158186$ & $-0.0629889$ & $-0.0598728$ & $-0.0394818$ & $0.0652117$ & $-0.0309836$ & $-0.00405522$ & $-0.00577736$ & $0.10424$ & $0.0836232$ & $-0.0404242$ & $-0.0640716$ & $-0.0513028$ & $-0.0473891$ & $-0.0809606$ & $-0.0858992$ & $-0.048674$ & $0.0420821$ & $-0.100109$ & $0.0352283$ & $-0.251761$ & $-0.0510398$ & $0.0182308$ & $0.0181476$ & $0.0559535$ & $-0.0210951$ & $0.0472806$ & $-0.15599$ & $-0.0247809$ & $-0.0841207$ & $-0.38415$ & $0.087992$ & $0.145797$ & $0.0580487$ & $0.128324$ & $-0.0215351$ & $-0.120652$ & $0.244187$ & $0.180043$ & $1$ & $0.0849586$ & $0.0777479$ & $0.0721321$ \\
eHccpar & $0.0401395$ & $0.101092$ & $0.0386092$ & $-0.196043$ & $-0.00186837$ & $0.0665699$ & $0.000448871$ & $-0.0188665$ & $-0.0144854$ & $-0.0244004$ & $0.0290158$ & $-0.0236071$ & $-0.0124798$ & $-0.00240144$ & $0.0358782$ & $0.0437511$ & $-0.0557639$ & $-0.0426205$ & $-0.047346$ & $-0.0222169$ & $-0.0348555$ & $-0.0368796$ & $-0.0105591$ & $-0.000115499$ & $-0.0594333$ & $0.00940437$ & $-0.0896574$ & $0.0179586$ & $-0.0184202$ & $-0.0292573$ & $0.241265$ & $-0.0114707$ & $-0.0783586$ & $-0.0608012$ & $-0.212956$ & $-0.0162954$ & $0.14766$ & $-0.100805$ & $0.182988$ & $-0.0562472$ & $0.0905838$ & $0.00743217$ & $0.117897$ & $-0.099971$ & $-0.296419$ & $0.0849586$ & $1$ & $0.0985504$ & $-0.22186$ \\
eHbbint & $0.0684929$ & $-0.383539$ & $0.341363$ & $-0.0417449$ & $0.0158685$ & $-0.0243197$ & $0.0868413$ & $0.0662655$ & $0.0531878$ & $-0.047548$ & $-0.0356684$ & $-0.0362573$ & $0.00576449$ & $-0.0221862$ & $-0.00277815$ & $-0.0525583$ & $-0.0454359$ & $-0.0476351$ & $-0.00611297$ & $0.0253042$ & $0.0396978$ & $0.0445643$ & $0.0769612$ & $-0.0619638$ & $-0.0224459$ & $-0.0722702$ & $0.087187$ & $0.0663595$ & $0.0464367$ & $0.000230893$ & $0.0588668$ & $0.0859858$ & $0.156215$ & $0.0419381$ & $0.0197955$ & $-0.196361$ & $-0.18437$ & $0.0623045$ & $-0.124591$ & $0.022847$ & $-0.159634$ & $-0.00306693$ & $-0.498009$ & $-0.0238091$ & $-0.102727$ & $0.0777479$ & $0.0985504$ & $1$ & $0.130694$ \\
eHbbpar & $0.113713$ & $-0.0614696$ & $-0.215363$ & $-0.0713089$ & $0.042539$ & $0.0627614$ & $-0.00405321$ & $-0.0120543$ & $-0.0218509$ & $0.0029519$ & $0.0162468$ & $-0.00394869$ & $-0.00236605$ & $-0.00560134$ & $0.0478095$ & $0.025489$ & $-0.0237995$ & $-0.0391983$ & $-0.014247$ & $-0.014552$ & $-0.0245493$ & $-0.018414$ & $-0.0301099$ & $-0.000472394$ & $-0.0439431$ & $0.00364988$ & $-0.07702$ & $-0.0112481$ & $0.00810089$ & $-0.0663724$ & $-0.0895422$ & $-0.0102029$ & $0.299267$ & $-0.0596476$ & $0.388928$ & $-0.264858$ & $-0.0573832$ & $0.0295668$ & $0.0885916$ & $-0.0430744$ & $-0.140071$ & $0.0261761$ & $-0.353661$ & $-0.192118$ & $-0.145528$ & $0.0721321$ & $-0.22186$ & $0.130694$ & $1$ \\
