 & AlsMz & dAle5Mz & mtop & mHl & Mz & CW & CHG & CHWB & CHWHB_gaga & CHWHB_gagaorth & CHD & CHbox & CH & CHL1_11 & CHL1_22 & CHL1_33 & CHL3_11 & CHL3_22 & CHL3_33 & CHe_11 & CHe_22 & CHe_33 & CHQ1_11 & CHQ1_33 & CHQ3_11 & CHu_11 & CHd_11 & CHd_33 & CeH_22r & CeH_33r & CuH_22r & CuH_33r & CdH_33r & CLL_1221 & eHggint & eHggpar & eHWWint & eHWWpar & eHZZint & eHZZpar & eHZgaint & eHZgapar & eHgagaint & eHmumuint & eHtautauint & eHccint & eHccpar & eHbbint & eHbbpar \\
AlsMz & $1$ & $0.275963$ & $0.0329263$ & $-0.0383585$ & $-0.0259075$ & $0.00612793$ & $-0.00128746$ & $-0.0363632$ & $-0.0443438$ & $0.0229665$ & $0.0214626$ & $0.0120109$ & $-0.00807914$ & $-0.015574$ & $-0.00755445$ & $0.0248568$ & $0.00909431$ & $0.00947123$ & $-0.0170798$ & $-0.0231355$ & $-0.026125$ & $-0.0278185$ & $-0.0383904$ & $-0.0610101$ & $-0.132502$ & $-0.012013$ & $-0.0646959$ & $-0.020659$ & $0.00319189$ & $0.0110267$ & $0.0169518$ & $0.00956823$ & $0.050283$ & $0.00019917$ & $0.0285182$ & $0.0488298$ & $-0.0755458$ & $-0.0129796$ & $-0.0430325$ & $0.00501737$ & $-0.00965265$ & $-0.0608059$ & $-0.0848058$ & $-0.00283359$ & $-0.010393$ & $-0.0222273$ & $0.0779962$ & $0.0936704$ & $0.0870424$ \\
dAle5Mz & $0.275963$ & $1$ & $0.0180634$ & $-0.0394629$ & $-0.000448434$ & $0.0278838$ & $-0.00345984$ & $-0.0939039$ & $-0.105014$ & $0.057503$ & $0.0784393$ & $0.0498347$ & $0.00301026$ & $-0.0305563$ & $-0.0487412$ & $-0.0277153$ & $0.00937132$ & $0.0292435$ & $0.0159072$ & $-0.0547711$ & $-0.0487351$ & $-0.0469776$ & $-0.00740453$ & $-0.00457198$ & $-0.0110542$ & $0.0307098$ & $-0.00233028$ & $-0.0065603$ & $-0.0211993$ & $0.00458805$ & $0.00406189$ & $0.00509816$ & $0.0495666$ & $0.035961$ & $0.0572542$ & $0.00096916$ & $-0.0686191$ & $-0.0464077$ & $-0.0633041$ & $-0.0170014$ & $-0.0550281$ & $-0.00462894$ & $-0.150327$ & $0.0122764$ & $-0.0628315$ & $-0.0937138$ & $0.0263072$ & $0.140159$ & $0.0453784$ \\
mtop & $0.0329263$ & $0.0180634$ & $1$ & $-0.049729$ & $0.00438729$ & $-0.0406058$ & $0.00926737$ & $0.0110145$ & $0.00755831$ & $0.0102015$ & $-0.0234115$ & $-0.0129731$ & $-0.00972601$ & $0.0366787$ & $0.0198768$ & $0.00689612$ & $0.0440699$ & $0.0247269$ & $0.0293549$ & $0.0332807$ & $0.0306251$ & $0.0286015$ & $-0.00908785$ & $0.0197596$ & $0.0277585$ & $-0.0129626$ & $0.00129304$ & $0.0407539$ & $0.0194857$ & $0.000475947$ & $0.0315891$ & $0.00753783$ & $0.00753811$ & $-0.00035707$ & $0.0594536$ & $0.0091108$ & $-0.00727643$ & $0.0141796$ & $-0.00185678$ & $0.0145463$ & $0.0655398$ & $-0.00324638$ & $-0.0747058$ & $-0.0703983$ & $0.112762$ & $-0.0309327$ & $0.0774375$ & $0.0198081$ & $0.0314026$ \\
mHl & $-0.0383585$ & $-0.0394629$ & $-0.049729$ & $1$ & $-0.000727083$ & $-0.015337$ & $-0.00155125$ & $0.0126329$ & $0.00664138$ & $-0.0305581$ & $-0.00402652$ & $-0.0144662$ & $-0.0213055$ & $-0.0106074$ & $0.00654556$ & $0.00435612$ & $-0.0226035$ & $-0.0197727$ & $-0.0174862$ & $0.00357763$ & $0.00128554$ & $0.00148872$ & $-0.00267132$ & $-0.0125221$ & $-0.012981$ & $0.00550409$ & $0.00469605$ & $-0.0169786$ & $-0.0107095$ & $-0.0155$ & $0.004337$ & $-0.00545465$ & $-0.0235555$ & $-8.08105e-05$ & $-0.0233268$ & $-0.0280358$ & $0.00736919$ & $-0.0197982$ & $0.123349$ & $-0.0236736$ & $0.100552$ & $0.00666025$ & $-0.0442037$ & $0.0808414$ & $-0.0404445$ & $-0.0264517$ & $0.0517238$ & $0.034359$ & $-0.0521382$ \\
Mz & $-0.0259075$ & $-0.000448434$ & $0.00438729$ & $-0.000727083$ & $1$ & $0.0139467$ & $-0.00345417$ & $-0.0172922$ & $-0.0170811$ & $-0.00958509$ & $0.0289018$ & $-0.00747415$ & $-0.00111472$ & $-0.0152843$ & $-0.0165526$ & $0.014621$ & $-0.00585499$ & $0.00537527$ & $-0.0177639$ & $-0.0207178$ & $-0.0201678$ & $-0.0203752$ & $0.00680358$ & $0.00356588$ & $-0.00225993$ & $0.010313$ & $-0.0106832$ & $0.0219185$ & $0.0140724$ & $0.00943808$ & $0.00639719$ & $-0.002976$ & $0.0135541$ & $0.000490754$ & $-0.00458142$ & $-0.0256984$ & $-0.02185$ & $-0.00915422$ & $-0.00110951$ & $-0.0148756$ & $-0.0193426$ & $-0.000298518$ & $0.00505371$ & $0.010458$ & $-0.0212939$ & $0.0162612$ & $-0.0129689$ & $-0.00322016$ & $0.00687458$ \\
CW & $0.00612793$ & $0.0278838$ & $-0.0406058$ & $-0.015337$ & $0.0139467$ & $1$ & $0.00134629$ & $-0.136292$ & $-0.133804$ & $0.0278523$ & $0.19254$ & $0.0470193$ & $0.00907344$ & $0.013244$ & $-0.0812643$ & $-0.0872828$ & $-0.246321$ & $-0.0452722$ & $-0.0422088$ & $-0.191021$ & $-0.193623$ & $-0.193306$ & $-0.0125153$ & $0.00775831$ & $-0.0789553$ & $0.109803$ & $-0.0819189$ & $-0.077099$ & $-0.00149282$ & $-0.00996474$ & $-0.0105048$ & $0.00189733$ & $0.00500607$ & $-0.123882$ & $-0.00489547$ & $0.00343934$ & $-0.0147222$ & $0.00363347$ & $-0.0144388$ & $-0.00650645$ & $0.0244456$ & $-0.00231504$ & $0.00422901$ & $0.03194$ & $-0.0152677$ & $-0.0101745$ & $-0.0066954$ & $0.00421551$ & $0.0168529$ \\
CHG & $-0.00128746$ & $-0.00345984$ & $0.00926737$ & $-0.00155125$ & $-0.00345417$ & $0.00134629$ & $1$ & $-0.113344$ & $-0.0587194$ & $0.0796982$ & $0.0738876$ & $-0.191335$ & $-0.297334$ & $0.0451363$ & $-0.0323407$ & $-0.0516333$ & $0.0853263$ & $0.0966191$ & $0.110896$ & $-0.0749483$ & $-0.0751252$ & $-0.0754849$ & $-0.00135643$ & $0.109525$ & $0.10209$ & $0.0477271$ & $-0.025416$ & $-0.0243689$ & $0.0184801$ & $-0.109226$ & $-0.0589966$ & $0.93708$ & $-0.138476$ & $-0.0650333$ & $-0.0562331$ & $0.0209433$ & $0.020214$ & $0.0125474$ & $0.00455844$ & $0.00166085$ & $-0.0176568$ & $-0.0193829$ & $0.0103745$ & $-0.0194547$ & $0.00465682$ & $0.04121$ & $0.0143667$ & $-0.0177479$ & $0.0115432$ \\
CHWB & $-0.0363632$ & $-0.0939039$ & $0.0110145$ & $0.0126329$ & $-0.0172922$ & $-0.136292$ & $-0.113344$ & $1$ & $0.982152$ & $-0.57347$ & $-0.881501$ & $0.0053747$ & $0.349822$ & $0.0998279$ & $0.292102$ & $0.302562$ & $-0.245177$ & $-0.435262$ & $-0.43673$ & $0.854238$ & $0.897988$ & $0.880398$ & $0.0500881$ & $-0.672258$ & $-0.397254$ & $-0.510022$ & $0.426217$ & $0.312685$ & $0.0304771$ & $0.0955374$ & $0.0321238$ & $-0.107922$ & $0.0758416$ & $0.569715$ & $0.00721062$ & $-0.0124583$ & $0.030744$ & $0.0283582$ & $-0.0137421$ & $0.00537048$ & $0.0298261$ & $0.014983$ & $0.0375967$ & $0.0217167$ & $0.0110634$ & $-0.00307373$ & $-0.0160049$ & $-0.0455077$ & $-0.0209861$ \\
CHWHB_gaga & $-0.0443438$ & $-0.105014$ & $0.00755831$ & $0.00664138$ & $-0.0170811$ & $-0.133804$ & $-0.0587194$ & $0.982152$ & $1$ & $-0.561068$ & $-0.861719$ & $0.0173227$ & $0.340533$ & $0.0894062$ & $0.2877$ & $0.295608$ & $-0.248099$ & $-0.435228$ & $-0.434527$ & $0.834805$ & $0.87749$ & $0.860213$ & $0.0482525$ & $-0.662348$ & $-0.395912$ & $-0.497736$ & $0.417997$ & $0.307299$ & $0.0369927$ & $0.116107$ & $0.0421905$ & $-0.0621864$ & $0.0971818$ & $0.55824$ & $-0.0116544$ & $-0.0201368$ & $0.0144721$ & $0.0259679$ & $-0.0188303$ & $0.00325172$ & $0.0277319$ & $0.0132033$ & $0.113364$ & $0.0229877$ & $0.00497711$ & $-0.00386689$ & $-0.0156214$ & $-0.0550874$ & $-0.0171057$ \\
CHWHB_gagaorth & $0.0229665$ & $0.057503$ & $0.0102015$ & $-0.0305581$ & $-0.00958509$ & $0.0278523$ & $0.0796982$ & $-0.57347$ & $-0.561068$ & $1$ & $0.362577$ & $0.332959$ & $-0.243996$ & $0.225059$ & $-0.114499$ & $-0.130487$ & $0.431396$ & $0.483591$ & $0.489378$ & $-0.346887$ & $-0.378194$ & $-0.370104$ & $-0.0429201$ & $0.555666$ & $0.46915$ & $0.215856$ & $-0.240636$ & $-0.129176$ & $-0.0166749$ & $-0.123972$ & $-0.0562422$ & $0.0993903$ & $-0.120824$ & $-0.36191$ & $0.0500967$ & $0.0526981$ & $-0.0108123$ & $-0.0125244$ & $0.0108337$ & $0.00614377$ & $-0.0784358$ & $-0.0222195$ & $-0.0119856$ & $0.0314534$ & $-0.0181851$ & $0.0346032$ & $0.0133316$ & $0.0168398$ & $0.0111421$ \\
CHD & $0.0214626$ & $0.0784393$ & $-0.0234115$ & $-0.00402652$ & $0.0289018$ & $0.19254$ & $0.0738876$ & $-0.881501$ & $-0.861719$ & $0.362577$ & $1$ & $0.130741$ & $-0.170893$ & $-0.511687$ & $-0.420748$ & $-0.410898$ & $-0.207185$ & $0.073322$ & $0.0691956$ & $-0.99072$ & $-0.991185$ & $-0.970704$ & $0.0105047$ & $0.313705$ & $0.0240366$ & $0.557921$ & $-0.300191$ & $-0.346383$ & $-0.0132999$ & $-0.0452355$ & $-0.00960315$ & $0.0807725$ & $-0.0325419$ & $-0.37192$ & $0.00590822$ & $0.000195036$ & $-0.0367577$ & $-0.0354931$ & $0.00336846$ & $-0.00335196$ & $-0.0211076$ & $-0.00557775$ & $-0.0361506$ & $-0.0304599$ & $-0.00174704$ & $-0.00389829$ & $0.00667995$ & $0.0313949$ & $0.0102157$ \\
CHbox & $0.0120109$ & $0.0498347$ & $-0.0129731$ & $-0.0144662$ & $-0.00747415$ & $0.0470193$ & $-0.191335$ & $0.0053747$ & $0.0173227$ & $0.332959$ & $0.130741$ & $1$ & $0.653997$ & $-0.284392$ & $0.0150049$ & $0.0162481$ & $-0.287772$ & $-0.266866$ & $-0.256158$ & $-0.113493$ & $-0.130007$ & $-0.122576$ & $0.00403661$ & $-0.15637$ & $-0.257922$ & $0.0658006$ & $-0.0490491$ & $-0.0363$ & $0.049271$ & $0.312364$ & $0.105971$ & $-0.089137$ & $0.345644$ & $-0.0134634$ & $0.124273$ & $0.0160369$ & $-0.0196567$ & $-0.0243363$ & $-0.034544$ & $-0.00751549$ & $-0.0502089$ & $0.0155054$ & $-0.0219981$ & $0.00829651$ & $-0.0305654$ & $0.0121324$ & $0.0211166$ & $-0.00869977$ & $0.00692762$ \\
CH & $-0.00807914$ & $0.00301026$ & $-0.00972601$ & $-0.0213055$ & $-0.00111472$ & $0.00907344$ & $-0.297334$ & $0.349822$ & $0.340533$ & $-0.243996$ & $-0.170893$ & $0.653997$ & $1$ & $-0.243416$ & $0.0720918$ & $0.0916669$ & $-0.371038$ & $-0.390615$ & $-0.397329$ & $0.170225$ & $0.180887$ & $0.179052$ & $0.0350283$ & $-0.399343$ & $-0.381125$ & $-0.113245$ & $0.127022$ & $0.062139$ & $0.058683$ & $0.258252$ & $0.111218$ & $-0.242153$ & $0.303137$ & $0.21852$ & $0.0511678$ & $-0.0186133$ & $0.000836649$ & $-0.0220119$ & $-0.0449501$ & $-0.0233375$ & $0.00978788$ & $0.0165133$ & $0.00474334$ & $-0.0133577$ & $-0.0259736$ & $-0.00239089$ & $0.0177249$ & $-0.00933017$ & $0.00491217$ \\
CHL1_11 & $-0.015574$ & $-0.0305563$ & $0.0366787$ & $-0.0106074$ & $-0.0152843$ & $0.013244$ & $0.0451363$ & $0.0998279$ & $0.0894062$ & $0.225059$ & $-0.511687$ & $-0.284392$ & $-0.243416$ & $1$ & $0.288823$ & $0.245914$ & $0.66407$ & $0.591391$ & $0.604322$ & $0.52983$ & $0.472802$ & $0.458274$ & $-0.102871$ & $0.467271$ & $0.595288$ & $-0.254398$ & $-0.092671$ & $0.158427$ & $-0.0218147$ & $-0.0744306$ & $-0.0388665$ & $0.0192043$ & $-0.0637925$ & $-0.223265$ & $-0.0323589$ & $0.0221268$ & $0.0273199$ & $0.0324591$ & $0.0209896$ & $0.00237496$ & $0.00482117$ & $-0.0141343$ & $0.0162421$ & $0.0313951$ & $-0.00414465$ & $0.00899526$ & $0.0101816$ & $0.00484856$ & $0.0210335$ \\
CHL1_22 & $-0.00755445$ & $-0.0487412$ & $0.0198768$ & $0.00654556$ & $-0.0165526$ & $-0.0812643$ & $-0.0323407$ & $0.292102$ & $0.2877$ & $-0.114499$ & $-0.420748$ & $0.0150049$ & $0.0720918$ & $0.288823$ & $1$ & $0.455907$ & $0.17074$ & $-0.438735$ & $-0.0244701$ & $0.485369$ & $0.337383$ & $0.326709$ & $-0.202199$ & $0.120668$ & $-0.128661$ & $-0.172558$ & $-0.40148$ & $0.13687$ & $0.00256596$ & $0.0454019$ & $0.00920375$ & $-0.0241013$ & $0.0250557$ & $-0.589339$ & $0.00726186$ & $0.0204981$ & $0.0122265$ & $0.0484209$ & $0.00783571$ & $0.0108141$ & $0.0179353$ & $0.0107521$ & $0.0238153$ & $0.00505869$ & $-0.0192488$ & $-0.00937775$ & $-0.007062$ & $0.00196898$ & $-0.0289247$ \\
CHL1_33 & $0.0248568$ & $-0.0277153$ & $0.00689612$ & $0.00435612$ & $0.014621$ & $-0.0872828$ & $-0.0516333$ & $0.302562$ & $0.295608$ & $-0.130487$ & $-0.410898$ & $0.0162481$ & $0.0916669$ & $0.245914$ & $0.455907$ & $1$ & $0.139175$ & $-0.0577296$ & $-0.443099$ & $0.474351$ & $0.331562$ & $0.355208$ & $-0.180072$ & $0.0823114$ & $-0.163584$ & $-0.189402$ & $-0.38947$ & $0.130512$ & $0.000284899$ & $0.0237934$ & $-0.00687374$ & $-0.0476812$ & $0.0217691$ & $-0.0961958$ & $0.007968$ & $-0.000992131$ & $0.0100179$ & $0.0225788$ & $-0.00301611$ & $0.00111255$ & $0.0127607$ & $-0.00455205$ & $0.00701898$ & $0.0370564$ & $-0.0228912$ & $-0.0135666$ & $-0.0134899$ & $0.00979467$ & $0.00398369$ \\
CHL3_11 & $0.00909431$ & $0.00937132$ & $0.0440699$ & $-0.0226035$ & $-0.00585499$ & $-0.246321$ & $0.0853263$ & $-0.245177$ & $-0.248099$ & $0.431396$ & $-0.207185$ & $-0.287772$ & $-0.371038$ & $0.66407$ & $0.17074$ & $0.139175$ & $1$ & $0.740163$ & $0.746553$ & $0.227887$ & $0.175034$ & $0.170859$ & $-0.0756546$ & $0.680159$ & $0.776809$ & $-0.0946398$ & $-0.151771$ & $0.0682549$ & $-0.0363204$ & $-0.104332$ & $-0.0419876$ & $0.0605054$ & $-0.0933267$ & $-0.26241$ & $-0.0289057$ & $0.027822$ & $0.00704927$ & $0.00524873$ & $0.0178561$ & $-0.00432142$ & $-0.0246492$ & $-0.0190785$ & $2.45819e-05$ & $0.0113918$ & $-0.015066$ & $0.0187986$ & $0.0166685$ & $0.0272082$ & $0.0125784$ \\
CHL3_22 & $0.00947123$ & $0.0292435$ & $0.0247269$ & $-0.0197727$ & $0.00537527$ & $-0.0452722$ & $0.0966191$ & $-0.435262$ & $-0.435228$ & $0.483591$ & $0.073322$ & $-0.266866$ & $-0.390615$ & $0.591391$ & $-0.438735$ & $-0.0577296$ & $0.740163$ & $1$ & $0.688584$ & $-0.0773444$ & $-0.0673976$ & $-0.0626918$ & $0.0156089$ & $0.616698$ & $0.794372$ & $0.0331554$ & $0.00519911$ & $-0.0333127$ & $-0.0344976$ & $-0.129844$ & $-0.0508927$ & $0.0669697$ & $-0.102901$ & $0.0203833$ & $-0.0327148$ & $0.00926649$ & $0.00237518$ & $-0.0172564$ & $0.0176331$ & $-0.0101374$ & $-0.0269376$ & $-0.0269413$ & $-0.0136021$ & $0.013949$ & $-0.00264654$ & $0.0204589$ & $0.020476$ & $0.0222008$ & $0.0392419$ \\
CHL3_33 & $-0.0170798$ & $0.0159072$ & $0.0293549$ & $-0.0174862$ & $-0.0177639$ & $-0.0422088$ & $0.110896$ & $-0.43673$ & $-0.434527$ & $0.489378$ & $0.0691956$ & $-0.256158$ & $-0.397329$ & $0.604322$ & $-0.0244701$ & $-0.443099$ & $0.746553$ & $0.688584$ & $1$ & $-0.072254$ & $-0.0647364$ & $-0.0651112$ & $0.00318999$ & $0.631892$ & $0.807325$ & $0.0463997$ & $0.00307235$ & $-0.0286817$ & $-0.0322462$ & $-0.109772$ & $-0.0355757$ & $0.0852324$ & $-0.0951948$ & $-0.35148$ & $-0.0342485$ & $0.0265549$ & $0.000744452$ & $0.00266483$ & $0.0269981$ & $-0.00404973$ & $-0.0222545$ & $-0.0117265$ & $-0.00410646$ & $-0.0124259$ & $-0.000107594$ & $0.0224924$ & $0.0268012$ & $0.0149138$ & $0.0146997$ \\
CHe_11 & $-0.0231355$ & $-0.0547711$ & $0.0332807$ & $0.00357763$ & $-0.0207178$ & $-0.191021$ & $-0.0749483$ & $0.854238$ & $0.834805$ & $-0.346887$ & $-0.99072$ & $-0.113493$ & $0.170225$ & $0.52983$ & $0.485369$ & $0.474351$ & $0.227887$ & $-0.0773444$ & $-0.072254$ & $1$ & $0.973715$ & $0.954489$ & $-0.0343083$ & $-0.262489$ & $-0.0198462$ & $-0.547476$ & $0.22739$ & $0.341296$ & $0.0116877$ & $0.0448445$ & $0.00974379$ & $-0.0804649$ & $0.0336958$ & $0.295912$ & $-0.000530203$ & $-0.00144236$ & $0.0324905$ & $0.0376321$ & $-0.00229582$ & $0.00256898$ & $0.0180789$ & $0.00576155$ & $0.0326513$ & $0.0305142$ & $-0.002632$ & $0.00102856$ & $-0.00723762$ & $-0.025775$ & $-0.00908955$ \\
CHe_22 & $-0.026125$ & $-0.0487351$ & $0.0306251$ & $0.00128554$ & $-0.0201678$ & $-0.193623$ & $-0.0751252$ & $0.897988$ & $0.87749$ & $-0.378194$ & $-0.991185$ & $-0.130007$ & $0.180887$ & $0.472802$ & $0.337383$ & $0.331562$ & $0.175034$ & $-0.0673976$ & $-0.0647364$ & $0.973715$ & $1$ & $0.975709$ & $0.0200731$ & $-0.368409$ & $-0.0278862$ & $-0.5628$ & $0.380943$ & $0.347118$ & $0.0125786$ & $0.0466681$ & $0.0119779$ & $-0.0820287$ & $0.0353328$ & $0.457149$ & $-0.00300478$ & $-0.00300779$ & $0.0326852$ & $0.0315447$ & $-0.00799115$ & $0.00217525$ & $0.0180764$ & $0.0046824$ & $0.0323958$ & $0.0293044$ & $0.00310094$ & $0.00228498$ & $-0.00646701$ & $-0.0300916$ & $-0.00958544$ \\
CHe_33 & $-0.0278185$ & $-0.0469776$ & $0.0286015$ & $0.00148872$ & $-0.0203752$ & $-0.193306$ & $-0.0754849$ & $0.880398$ & $0.860213$ & $-0.370104$ & $-0.970704$ & $-0.122576$ & $0.179052$ & $0.458274$ & $0.326709$ & $0.355208$ & $0.170859$ & $-0.0626918$ & $-0.0651112$ & $0.954489$ & $0.975709$ & $1$ & $0.0172934$ & $-0.360195$ & $-0.026233$ & $-0.54934$ & $0.374471$ & $0.338893$ & $0.0173536$ & $0.0494124$ & $0.0119132$ & $-0.0826655$ & $0.0381538$ & $0.455049$ & $-0.0128536$ & $-0.00130997$ & $0.0314749$ & $0.0287911$ & $-0.00136828$ & $-0.0001716$ & $0.0195107$ & $0.00846179$ & $0.0258032$ & $0.0258668$ & $0.00676217$ & $-0.00167614$ & $-0.00281016$ & $-0.0310996$ & $-0.00838751$ \\
CHQ1_11 & $-0.0383904$ & $-0.00740453$ & $-0.00908785$ & $-0.00267132$ & $0.00680358$ & $-0.0125153$ & $-0.00135643$ & $0.0500881$ & $0.0482525$ & $-0.0429201$ & $0.0105047$ & $0.00403661$ & $0.0350283$ & $-0.102871$ & $-0.202199$ & $-0.180072$ & $-0.0756546$ & $0.0156089$ & $0.00318999$ & $-0.0343083$ & $0.0200731$ & $0.0172934$ & $1$ & $-0.144381$ & $0.0832446$ & $-0.671297$ & $0.34445$ & $0.00315733$ & $0.0149984$ & $0.00474794$ & $-0.0256277$ & $-0.00731739$ & $0.0107819$ & $0.213508$ & $-0.0128633$ & $0.00219546$ & $-0.0218234$ & $-0.00286657$ & $-0.00990999$ & $0.0106206$ & $0.0173581$ & $0.018894$ & $0.0054716$ & $-0.00608385$ & $0.0208928$ & $0.00848048$ & $-0.0561071$ & $0.00068285$ & $0.0164622$ \\
CHQ1_33 & $-0.0610101$ & $-0.00457198$ & $0.0197596$ & $-0.0125221$ & $0.00356588$ & $0.00775831$ & $0.109525$ & $-0.672258$ & $-0.662348$ & $0.555666$ & $0.313705$ & $-0.15637$ & $-0.399343$ & $0.467271$ & $0.120668$ & $0.0823114$ & $0.680159$ & $0.616698$ & $0.631892$ & $-0.262489$ & $-0.368409$ & $-0.360195$ & $-0.144381$ & $1$ & $0.640602$ & $0.222299$ & $-0.423082$ & $-0.0255824$ & $-0.0339734$ & $-0.110984$ & $-0.0436454$ & $0.091259$ & $-0.0968936$ & $-0.644427$ & $-0.0271992$ & $0.0198838$ & $-0.00317489$ & $-0.00383011$ & $0.0282082$ & $-0.00104268$ & $-0.022512$ & $-0.0170121$ & $-0.00552645$ & $0.00997773$ & $-0.013448$ & $0.0182063$ & $0.0179008$ & $0.0297336$ & $0.0169937$ \\
CHQ3_11 & $-0.132502$ & $-0.0110542$ & $0.0277585$ & $-0.012981$ & $-0.00225993$ & $-0.0789553$ & $0.10209$ & $-0.397254$ & $-0.395912$ & $0.46915$ & $0.0240366$ & $-0.257922$ & $-0.381125$ & $0.595288$ & $-0.128661$ & $-0.163584$ & $0.776809$ & $0.794372$ & $0.807325$ & $-0.0198462$ & $-0.0278862$ & $-0.026233$ & $0.0832446$ & $0.640602$ & $1$ & $0.024339$ & $0.217013$ & $-0.0115233$ & $-0.0281133$ & $-0.111404$ & $-0.0383395$ & $0.0747186$ & $-0.0963932$ & $-0.205961$ & $-0.0398065$ & $0.0101346$ & $0.00200322$ & $0.0104096$ & $0.0236182$ & $-0.0120205$ & $-0.0277955$ & $-0.00510266$ & $0.00172784$ & $0.00900422$ & $0.0136161$ & $0.0278085$ & $0.015933$ & $0.00923401$ & $0.0179839$ \\
CHu_11 & $-0.012013$ & $0.0307098$ & $-0.0129626$ & $0.00550409$ & $0.010313$ & $0.109803$ & $0.0477271$ & $-0.510022$ & $-0.497736$ & $0.215856$ & $0.557921$ & $0.0658006$ & $-0.113245$ & $-0.254398$ & $-0.172558$ & $-0.189402$ & $-0.0946398$ & $0.0331554$ & $0.0463997$ & $-0.547476$ & $-0.5628$ & $-0.54934$ & $-0.671297$ & $0.222299$ & $0.024339$ & $1$ & $-0.193693$ & $-0.200491$ & $-0.020253$ & $-0.0253945$ & $0.0162617$ & $0.0540076$ & $-0.0280318$ & $-0.279218$ & $0.0121119$ & $-0.00443115$ & $-0.0103668$ & $-0.023163$ & $0.0141675$ & $-0.0187794$ & $-0.0321705$ & $-0.0127967$ & $-0.0228854$ & $-0.0178527$ & $-0.00178687$ & $0.0142782$ & $0.0413394$ & $0.00845177$ & $-0.0105371$ \\
CHd_11 & $-0.0646959$ & $-0.00233028$ & $0.00129304$ & $0.00469605$ & $-0.0106832$ & $-0.0819189$ & $-0.025416$ & $0.426217$ & $0.417997$ & $-0.240636$ & $-0.300191$ & $-0.0490491$ & $0.127022$ & $-0.092671$ & $-0.40148$ & $-0.38947$ & $-0.151771$ & $0.00519911$ & $0.00307235$ & $0.22739$ & $0.380943$ & $0.374471$ & $0.34445$ & $-0.423082$ & $0.217013$ & $-0.193693$ & $1$ & $0.107737$ & $0.0208539$ & $0.0291413$ & $0.0240099$ & $-0.0310869$ & $0.0285673$ & $0.687847$ & $-0.0131319$ & $-0.016887$ & $-0.00483203$ & $-0.000501467$ & $-0.0128761$ & $-0.00908038$ & $-0.00373067$ & $0.0146342$ & $0.00811267$ & $0.0060703$ & $0.0461941$ & $0.0194774$ & $0.00409835$ & $-0.0307278$ & $0.00359353$ \\
CHd_33 & $-0.020659$ & $-0.0065603$ & $0.0407539$ & $-0.0169786$ & $0.0219185$ & $-0.077099$ & $-0.0243689$ & $0.312685$ & $0.307299$ & $-0.129176$ & $-0.346383$ & $-0.0363$ & $0.062139$ & $0.158427$ & $0.13687$ & $0.130512$ & $0.0682549$ & $-0.0333127$ & $-0.0286817$ & $0.341296$ & $0.347118$ & $0.338893$ & $0.00315733$ & $-0.0255824$ & $-0.0115233$ & $-0.200491$ & $0.107737$ & $1$ & $0.0130423$ & $0.0211128$ & $0.0124368$ & $-0.0238509$ & $0.022445$ & $0.148675$ & $-0.00889113$ & $-0.00504645$ & $0.0159729$ & $0.0113251$ & $0.0094435$ & $-0.00936637$ & $-0.0163678$ & $-0.00708685$ & $0.0137751$ & $0.0179643$ & $-0.0348032$ & $0.0133303$ & $0.00846538$ & $-0.0183529$ & $0.00376109$ \\
CeH_22r & $0.00319189$ & $-0.0211993$ & $0.0194857$ & $-0.0107095$ & $0.0140724$ & $-0.00149282$ & $0.0184801$ & $0.0304771$ & $0.0369927$ & $-0.0166749$ & $-0.0132999$ & $0.049271$ & $0.058683$ & $-0.0218147$ & $0.00256596$ & $0.000284899$ & $-0.0363204$ & $-0.0344976$ & $-0.0322462$ & $0.0116877$ & $0.0125786$ & $0.0173536$ & $0.0149984$ & $-0.0339734$ & $-0.0281133$ & $-0.020253$ & $0.0208539$ & $0.0130423$ & $1$ & $0.027521$ & $0.012819$ & $-0.00127471$ & $0.0348239$ & $0.0193453$ & $-0.0210503$ & $-0.0185601$ & $-0.00570384$ & $0.00946027$ & $-0.00137669$ & $-0.035895$ & $-0.00274127$ & $-0.00474549$ & $0.0213127$ & $-0.00616724$ & $0.020708$ & $0.00357641$ & $-0.00056063$ & $0.0034868$ & $0.0045238$ \\
CeH_33r & $0.0110267$ & $0.00458805$ & $0.000475947$ & $-0.0155$ & $0.00943808$ & $-0.00996474$ & $-0.109226$ & $0.0955374$ & $0.116107$ & $-0.123972$ & $-0.0452355$ & $0.312364$ & $0.258252$ & $-0.0744306$ & $0.0454019$ & $0.0237934$ & $-0.104332$ & $-0.129844$ & $-0.109772$ & $0.0448445$ & $0.0466681$ & $0.0494124$ & $0.00474794$ & $-0.110984$ & $-0.111404$ & $-0.0253945$ & $0.0291413$ & $0.0211128$ & $0.027521$ & $1$ & $0.323514$ & $0.0403434$ & $0.638011$ & $0.0386284$ & $-0.0527233$ & $-0.0132607$ & $-0.208368$ & $-0.00489415$ & $-0.0651931$ & $-0.0162408$ & $-0.0311953$ & $0.0199559$ & $-0.00452493$ & $-0.0258594$ & $0.0457997$ & $-0.0158854$ & $0.0220631$ & $-0.0376439$ & $0.031668$ \\
CuH_22r & $0.0169518$ & $0.00406189$ & $0.0315891$ & $0.004337$ & $0.00639719$ & $-0.0105048$ & $-0.0589966$ & $0.0321238$ & $0.0421905$ & $-0.0562422$ & $-0.00960315$ & $0.105971$ & $0.111218$ & $-0.0388665$ & $0.00920375$ & $-0.00687374$ & $-0.0419876$ & $-0.0508927$ & $-0.0355757$ & $0.00974379$ & $0.0119779$ & $0.0119132$ & $-0.0256277$ & $-0.0436454$ & $-0.0383395$ & $0.0162617$ & $0.0240099$ & $0.0124368$ & $0.012819$ & $0.323514$ & $1$ & $0.0255155$ & $0.357542$ & $0.0190309$ & $-0.0330984$ & $0.0184224$ & $-0.108442$ & $0.00390163$ & $-0.0335676$ & $-0.00571299$ & $-0.0360153$ & $0.00842789$ & $-0.0276784$ & $-0.0240937$ & $-0.0339549$ & $0.0716236$ & $0.392423$ & $0.0495724$ & $0.0322843$ \\
CuH_33r & $0.00956823$ & $0.00509816$ & $0.00753783$ & $-0.00545465$ & $-0.002976$ & $0.00189733$ & $0.93708$ & $-0.107922$ & $-0.0621864$ & $0.0993903$ & $0.0807725$ & $-0.089137$ & $-0.242153$ & $0.0192043$ & $-0.0241013$ & $-0.0476812$ & $0.0605054$ & $0.0669697$ & $0.0852324$ & $-0.0804649$ & $-0.0820287$ & $-0.0826655$ & $-0.00731739$ & $0.091259$ & $0.0747186$ & $0.0540076$ & $-0.0310869$ & $-0.0238509$ & $-0.00127471$ & $0.0403434$ & $0.0255155$ & $1$ & $0.0266321$ & $-0.0668334$ & $0.0351396$ & $0.0579964$ & $-0.0242658$ & $0.010948$ & $-0.0118152$ & $0.00593455$ & $-0.0288875$ & $-0.0171538$ & $0.0120878$ & $-0.0118253$ & $-0.00122914$ & $0.0372191$ & $0.0186542$ & $-0.0238296$ & $0.0167205$ \\
CdH_33r & $0.050283$ & $0.0495666$ & $0.00753811$ & $-0.0235555$ & $0.0135541$ & $0.00500607$ & $-0.138476$ & $0.0758416$ & $0.0971818$ & $-0.120824$ & $-0.0325419$ & $0.345644$ & $0.303137$ & $-0.0637925$ & $0.0250557$ & $0.0217691$ & $-0.0933267$ & $-0.102901$ & $-0.0951948$ & $0.0336958$ & $0.0353328$ & $0.0381538$ & $0.0107819$ & $-0.0968936$ & $-0.0963932$ & $-0.0280318$ & $0.0285673$ & $0.022445$ & $0.0348239$ & $0.638011$ & $0.357542$ & $0.0266321$ & $1$ & $0.0414954$ & $-0.085286$ & $-0.0168719$ & $-0.201041$ & $-0.00909885$ & $-0.0946072$ & $-0.0157056$ & $-0.0219776$ & $0.00928115$ & $-0.0284903$ & $-0.0824866$ & $-0.00543968$ & $-0.113792$ & $0.0591919$ & $0.18529$ & $0.521519$ \\
CLL_1221 & $0.00019917$ & $0.035961$ & $-0.00035707$ & $-8.08105e-05$ & $0.000490754$ & $-0.123882$ & $-0.0650333$ & $0.569715$ & $0.55824$ & $-0.36191$ & $-0.37192$ & $-0.0134634$ & $0.21852$ & $-0.223265$ & $-0.589339$ & $-0.0961958$ & $-0.26241$ & $0.0203833$ & $-0.35148$ & $0.295912$ & $0.457149$ & $0.455049$ & $0.213508$ & $-0.644427$ & $-0.205961$ & $-0.279218$ & $0.687847$ & $0.148675$ & $0.0193453$ & $0.0386284$ & $0.0190309$ & $-0.0668334$ & $0.0414954$ & $1$ & $0.00173009$ & $-0.0232356$ & $0.00656403$ & $-0.0239861$ & $-0.0242475$ & $-0.00610864$ & $0.00139757$ & $0.000477232$ & $0.000356439$ & $0.0132866$ & $0.0178737$ & $-0.00134371$ & $-0.00600808$ & $-0.0248517$ & $0.00611022$ \\
eHggint & $0.0285182$ & $0.0572542$ & $0.0594536$ & $-0.0233268$ & $-0.00458142$ & $-0.00489547$ & $-0.0562331$ & $0.00721062$ & $-0.0116544$ & $0.0500967$ & $0.00590822$ & $0.124273$ & $0.0511678$ & $-0.0323589$ & $0.00726186$ & $0.007968$ & $-0.0289057$ & $-0.0327148$ & $-0.0342485$ & $-0.000530203$ & $-0.00300478$ & $-0.0128536$ & $-0.0128633$ & $-0.0271992$ & $-0.0398065$ & $0.0121119$ & $-0.0131319$ & $-0.00889113$ & $-0.0210503$ & $-0.0527233$ & $-0.0330984$ & $0.0351396$ & $-0.085286$ & $0.00173009$ & $1$ & $-0.119871$ & $0.0288386$ & $-0.0207071$ & $-0.096007$ & $0.00112154$ & $-0.044678$ & $-0.0128162$ & $-0.0132919$ & $0.070886$ & $-0.033271$ & $0.0287394$ & $-0.044287$ & $-0.00474915$ & $-0.0640377$ \\
eHggpar & $0.0488298$ & $0.00096916$ & $0.0091108$ & $-0.0280358$ & $-0.0256984$ & $0.00343934$ & $0.0209433$ & $-0.0124583$ & $-0.0201368$ & $0.0526981$ & $0.000195036$ & $0.0160369$ & $-0.0186133$ & $0.0221268$ & $0.0204981$ & $-0.000992131$ & $0.027822$ & $0.00926649$ & $0.0265549$ & $-0.00144236$ & $-0.00300779$ & $-0.00130997$ & $0.00219546$ & $0.0198838$ & $0.0101346$ & $-0.00443115$ & $-0.016887$ & $-0.00504645$ & $-0.0185601$ & $-0.0132607$ & $0.0184224$ & $0.0579964$ & $-0.0168719$ & $-0.0232356$ & $-0.119871$ & $1$ & $-0.0262882$ & $0.0254027$ & $0.0269795$ & $0.0333679$ & $0.0671848$ & $-0.0207533$ & $-0.00400301$ & $-0.00568196$ & $0.0376189$ & $0.0431092$ & $0.0385906$ & $-0.00954102$ & $0.011919$ \\
eHWWint & $-0.0755458$ & $-0.0686191$ & $-0.00727643$ & $0.00736919$ & $-0.02185$ & $-0.0147222$ & $0.020214$ & $0.030744$ & $0.0144721$ & $-0.0108123$ & $-0.0367577$ & $-0.0196567$ & $0.000836649$ & $0.0273199$ & $0.0122265$ & $0.0100179$ & $0.00704927$ & $0.00237518$ & $0.000744452$ & $0.0324905$ & $0.0326852$ & $0.0314749$ & $-0.0218234$ & $-0.00317489$ & $0.00200322$ & $-0.0103668$ & $-0.00483203$ & $0.0159729$ & $-0.00570384$ & $-0.208368$ & $-0.108442$ & $-0.0242658$ & $-0.201041$ & $0.00656403$ & $0.0288386$ & $-0.0262882$ & $1$ & $-0.00242694$ & $0.140402$ & $0.00052048$ & $0.0652128$ & $-0.003436$ & $-0.0593527$ & $0.0236221$ & $0.045743$ & $0.0564747$ & $-0.0254185$ & $0.0683142$ & $0.0235008$ \\
eHWWpar & $-0.0129796$ & $-0.0464077$ & $0.0141796$ & $-0.0197982$ & $-0.00915422$ & $0.00363347$ & $0.0125474$ & $0.0283582$ & $0.0259679$ & $-0.0125244$ & $-0.0354931$ & $-0.0243363$ & $-0.0220119$ & $0.0324591$ & $0.0484209$ & $0.0225788$ & $0.00524873$ & $-0.0172564$ & $0.00266483$ & $0.0376321$ & $0.0315447$ & $0.0287911$ & $-0.00286657$ & $-0.00383011$ & $0.0104096$ & $-0.023163$ & $-0.000501467$ & $0.0113251$ & $0.00946027$ & $-0.00489415$ & $0.00390163$ & $0.010948$ & $-0.00909885$ & $-0.0239861$ & $-0.0207071$ & $0.0254027$ & $-0.00242694$ & $1$ & $0.0176139$ & $0.0168048$ & $-0.0146237$ & $-0.00766976$ & $-0.0218087$ & $0.0327779$ & $0.0113461$ & $0.015987$ & $0.0103956$ & $-0.00980608$ & $0.0198316$ \\
eHZZint & $-0.0430325$ & $-0.0633041$ & $-0.00185678$ & $0.123349$ & $-0.00110951$ & $-0.0144388$ & $0.00455844$ & $-0.0137421$ & $-0.0188303$ & $0.0108337$ & $0.00336846$ & $-0.034544$ & $-0.0449501$ & $0.0209896$ & $0.00783571$ & $-0.00301611$ & $0.0178561$ & $0.0176331$ & $0.0269981$ & $-0.00229582$ & $-0.00799115$ & $-0.00136828$ & $-0.00990999$ & $0.0282082$ & $0.0236182$ & $0.0141675$ & $-0.0128761$ & $0.0094435$ & $-0.00137669$ & $-0.0651931$ & $-0.0335676$ & $-0.0118152$ & $-0.0946072$ & $-0.0242475$ & $-0.096007$ & $0.0269795$ & $0.140402$ & $0.0176139$ & $1$ & $0.00484473$ & $-0.00307$ & $-0.000903535$ & $-0.0233466$ & $0.0480659$ & $0.115681$ & $0.0306758$ & $-0.0170058$ & $-0.0955777$ & $-0.0239155$ \\
eHZZpar & $0.00501737$ & $-0.0170014$ & $0.0145463$ & $-0.0236736$ & $-0.0148756$ & $-0.00650645$ & $0.00166085$ & $0.00537048$ & $0.00325172$ & $0.00614377$ & $-0.00335196$ & $-0.00751549$ & $-0.0233375$ & $0.00237496$ & $0.0108141$ & $0.00111255$ & $-0.00432142$ & $-0.0101374$ & $-0.00404973$ & $0.00256898$ & $0.00217525$ & $-0.0001716$ & $0.0106206$ & $-0.00104268$ & $-0.0120205$ & $-0.0187794$ & $-0.00908038$ & $-0.00936637$ & $-0.035895$ & $-0.0162408$ & $-0.00571299$ & $0.00593455$ & $-0.0157056$ & $-0.00610864$ & $0.00112154$ & $0.0333679$ & $0.00052048$ & $0.0168048$ & $0.00484473$ & $1$ & $0.0341638$ & $0.0383196$ & $-0.00848296$ & $-0.0233409$ & $0.0377549$ & $-0.0283969$ & $-0.00801953$ & $0.00764693$ & $0.00267219$ \\
eHZgaint & $-0.00965265$ & $-0.0550281$ & $0.0655398$ & $0.100552$ & $-0.0193426$ & $0.0244456$ & $-0.0176568$ & $0.0298261$ & $0.0277319$ & $-0.0784358$ & $-0.0211076$ & $-0.0502089$ & $0.00978788$ & $0.00482117$ & $0.0179353$ & $0.0127607$ & $-0.0246492$ & $-0.0269376$ & $-0.0222545$ & $0.0180789$ & $0.0180764$ & $0.0195107$ & $0.0173581$ & $-0.022512$ & $-0.0277955$ & $-0.0321705$ & $-0.00373067$ & $-0.0163678$ & $-0.00274127$ & $-0.0311953$ & $-0.0360153$ & $-0.0288875$ & $-0.0219776$ & $0.00139757$ & $-0.044678$ & $0.0671848$ & $0.0652128$ & $-0.0146237$ & $-0.00307$ & $0.0341638$ & $1$ & $0.0155905$ & $0.0349936$ & $-0.0473264$ & $0.0490982$ & $-6.18405e-05$ & $-0.0485722$ & $-0.00118087$ & $0.00678346$ \\
eHZgapar & $-0.0608059$ & $-0.00462894$ & $-0.00324638$ & $0.00666025$ & $-0.000298518$ & $-0.00231504$ & $-0.0193829$ & $0.014983$ & $0.0132033$ & $-0.0222195$ & $-0.00557775$ & $0.0155054$ & $0.0165133$ & $-0.0141343$ & $0.0107521$ & $-0.00455205$ & $-0.0190785$ & $-0.0269413$ & $-0.0117265$ & $0.00576155$ & $0.0046824$ & $0.00846179$ & $0.018894$ & $-0.0170121$ & $-0.00510266$ & $-0.0127967$ & $0.0146342$ & $-0.00708685$ & $-0.00474549$ & $0.0199559$ & $0.00842789$ & $-0.0171538$ & $0.00928115$ & $0.000477232$ & $-0.0128162$ & $-0.0207533$ & $-0.003436$ & $-0.00766976$ & $-0.000903535$ & $0.0383196$ & $0.0155905$ & $1$ & $0.0133825$ & $-0.0210054$ & $-0.00613459$ & $-0.00549055$ & $0.0368368$ & $-0.0108246$ & $-0.0142086$ \\
eHgagaint & $-0.0848058$ & $-0.150327$ & $-0.0747058$ & $-0.0442037$ & $0.00505371$ & $0.00422901$ & $0.0103745$ & $0.0375967$ & $0.113364$ & $-0.0119856$ & $-0.0361506$ & $-0.0219981$ & $0.00474334$ & $0.0162421$ & $0.0238153$ & $0.00701898$ & $2.45819e-05$ & $-0.0136021$ & $-0.00410646$ & $0.0326513$ & $0.0323958$ & $0.0258032$ & $0.0054716$ & $-0.00552645$ & $0.00172784$ & $-0.0228854$ & $0.00811267$ & $0.0137751$ & $0.0213127$ & $-0.00452493$ & $-0.0276784$ & $0.0120878$ & $-0.0284903$ & $0.000356439$ & $-0.0132919$ & $-0.00400301$ & $-0.0593527$ & $-0.0218087$ & $-0.0233466$ & $-0.00848296$ & $0.0349936$ & $0.0133825$ & $1$ & $0.0685631$ & $-0.0342784$ & $-0.0148068$ & $-0.0563399$ & $-0.116565$ & $-0.0372432$ \\
eHmumuint & $-0.00283359$ & $0.0122764$ & $-0.0703983$ & $0.0808414$ & $0.010458$ & $0.03194$ & $-0.0194547$ & $0.0217167$ & $0.0229877$ & $0.0314534$ & $-0.0304599$ & $0.00829651$ & $-0.0133577$ & $0.0313951$ & $0.00505869$ & $0.0370564$ & $0.0113918$ & $0.013949$ & $-0.0124259$ & $0.0305142$ & $0.0293044$ & $0.0258668$ & $-0.00608385$ & $0.00997773$ & $0.00900422$ & $-0.0178527$ & $0.0060703$ & $0.0179643$ & $-0.00616724$ & $-0.0258594$ & $-0.0240937$ & $-0.0118253$ & $-0.0824866$ & $0.0132866$ & $0.070886$ & $-0.00568196$ & $0.0236221$ & $0.0327779$ & $0.0480659$ & $-0.0233409$ & $-0.0473264$ & $-0.0210054$ & $0.0685631$ & $1$ & $-0.0693265$ & $0.0226613$ & $-0.0374519$ & $-0.0625095$ & $-0.105288$ \\
eHtautauint & $-0.010393$ & $-0.0628315$ & $0.112762$ & $-0.0404445$ & $-0.0212939$ & $-0.0152677$ & $0.00465682$ & $0.0110634$ & $0.00497711$ & $-0.0181851$ & $-0.00174704$ & $-0.0305654$ & $-0.0259736$ & $-0.00414465$ & $-0.0192488$ & $-0.0228912$ & $-0.015066$ & $-0.00264654$ & $-0.000107594$ & $-0.002632$ & $0.00310094$ & $0.00676217$ & $0.0208928$ & $-0.013448$ & $0.0136161$ & $-0.00178687$ & $0.0461941$ & $-0.0348032$ & $0.020708$ & $0.0457997$ & $-0.0339549$ & $-0.00122914$ & $-0.00543968$ & $0.0178737$ & $-0.033271$ & $0.0376189$ & $0.045743$ & $0.0113461$ & $0.115681$ & $0.0377549$ & $0.0490982$ & $-0.00613459$ & $-0.0342784$ & $-0.0693265$ & $1$ & $-0.0916473$ & $-0.0274422$ & $-0.0595698$ & $0.0628511$ \\
eHccint & $-0.0222273$ & $-0.0937138$ & $-0.0309327$ & $-0.0264517$ & $0.0162612$ & $-0.0101745$ & $0.04121$ & $-0.00307373$ & $-0.00386689$ & $0.0346032$ & $-0.00389829$ & $0.0121324$ & $-0.00239089$ & $0.00899526$ & $-0.00937775$ & $-0.0135666$ & $0.0187986$ & $0.0204589$ & $0.0224924$ & $0.00102856$ & $0.00228498$ & $-0.00167614$ & $0.00848048$ & $0.0182063$ & $0.0278085$ & $0.0142782$ & $0.0194774$ & $0.0133303$ & $0.00357641$ & $-0.0158854$ & $0.0716236$ & $0.0372191$ & $-0.113792$ & $-0.00134371$ & $0.0287394$ & $0.0431092$ & $0.0564747$ & $0.015987$ & $0.0306758$ & $-0.0283969$ & $-6.18405e-05$ & $-0.00549055$ & $-0.0148068$ & $0.0226613$ & $-0.0916473$ & $1$ & $0.0248018$ & $-0.0434652$ & $-0.15228$ \\
eHccpar & $0.0779962$ & $0.0263072$ & $0.0774375$ & $0.0517238$ & $-0.0129689$ & $-0.0066954$ & $0.0143667$ & $-0.0160049$ & $-0.0156214$ & $0.0133316$ & $0.00667995$ & $0.0211166$ & $0.0177249$ & $0.0101816$ & $-0.007062$ & $-0.0134899$ & $0.0166685$ & $0.020476$ & $0.0268012$ & $-0.00723762$ & $-0.00646701$ & $-0.00281016$ & $-0.0561071$ & $0.0179008$ & $0.015933$ & $0.0413394$ & $0.00409835$ & $0.00846538$ & $-0.00056063$ & $0.0220631$ & $0.392423$ & $0.0186542$ & $0.0591919$ & $-0.00600808$ & $-0.044287$ & $0.0385906$ & $-0.0254185$ & $0.0103956$ & $-0.0170058$ & $-0.00801953$ & $-0.0485722$ & $0.0368368$ & $-0.0563399$ & $-0.0374519$ & $-0.0274422$ & $0.0248018$ & $1$ & $0.101012$ & $0.0381225$ \\
eHbbint & $0.0936704$ & $0.140159$ & $0.0198081$ & $0.034359$ & $-0.00322016$ & $0.00421551$ & $-0.0177479$ & $-0.0455077$ & $-0.0550874$ & $0.0168398$ & $0.0313949$ & $-0.00869977$ & $-0.00933017$ & $0.00484856$ & $0.00196898$ & $0.00979467$ & $0.0272082$ & $0.0222008$ & $0.0149138$ & $-0.025775$ & $-0.0300916$ & $-0.0310996$ & $0.00068285$ & $0.0297336$ & $0.00923401$ & $0.00845177$ & $-0.0307278$ & $-0.0183529$ & $0.0034868$ & $-0.0376439$ & $0.0495724$ & $-0.0238296$ & $0.18529$ & $-0.0248517$ & $-0.00474915$ & $-0.00954102$ & $0.0683142$ & $-0.00980608$ & $-0.0955777$ & $0.00764693$ & $-0.00118087$ & $-0.0108246$ & $-0.116565$ & $-0.0625095$ & $-0.0595698$ & $-0.0434652$ & $0.101012$ & $1$ & $0.0869522$ \\
eHbbpar & $0.0870424$ & $0.0453784$ & $0.0314026$ & $-0.0521382$ & $0.00687458$ & $0.0168529$ & $0.0115432$ & $-0.0209861$ & $-0.0171057$ & $0.0111421$ & $0.0102157$ & $0.00692762$ & $0.00491217$ & $0.0210335$ & $-0.0289247$ & $0.00398369$ & $0.0125784$ & $0.0392419$ & $0.0146997$ & $-0.00908955$ & $-0.00958544$ & $-0.00838751$ & $0.0164622$ & $0.0169937$ & $0.0179839$ & $-0.0105371$ & $0.00359353$ & $0.00376109$ & $0.0045238$ & $0.031668$ & $0.0322843$ & $0.0167205$ & $0.521519$ & $0.00611022$ & $-0.0640377$ & $0.011919$ & $0.0235008$ & $0.0198316$ & $-0.0239155$ & $0.00267219$ & $0.00678346$ & $-0.0142086$ & $-0.0372432$ & $-0.105288$ & $0.0628511$ & $-0.15228$ & $0.0381225$ & $0.0869522$ & $1$ \\
