 & AlsMz & dAle5Mz & mtop & mHl & Mz & CW & CHG & CHWB & CHWHB_gaga & CHWHB_gagaorth & CHD & CHbox & CH & CHL1_11 & CHL1_22 & CHL1_33 & CHL3_11 & CHL3_22 & CHL3_33 & CHe_11 & CHe_22 & CHe_33 & CHQ1_11 & CHQ1_33 & CHQ3_11 & CHu_11 & CHd_11 & CHd_33 & CeH_22r & CeH_33r & CuH_22r & CuH_33r & CdH_33r & CLL_1221 & eHggint & eHggpar & eHWWint & eHWWpar & eHZZint & eHZZpar & eHZgaint & eHZgapar & eHgagaint & eHmumuint & eHtautauint & eHccint & eHccpar & eHbbint & eHbbpar \\
AlsMz & $1$ & $0.00254336$ & $-0.0286516$ & $0.0384063$ & $-0.0140661$ & $-0.00671981$ & $0.033395$ & $-0.000647438$ & $-0.00851672$ & $0.0156081$ & $-0.0120774$ & $-0.0107026$ & $-0.015693$ & $0.0276191$ & $-0.00918564$ & $-0.0124764$ & $0.00422352$ & $0.0178757$ & $0.0203632$ & $0.00366103$ & $0.00604343$ & $0.00670556$ & $0.00586977$ & $-0.0324092$ & $-0.0781473$ & $-0.034541$ & $-0.0160519$ & $0.0311738$ & $0.000816966$ & $0.0278019$ & $-0.0293018$ & $0.0356298$ & $0.0329647$ & $0.000865876$ & $-0.0369559$ & $-0.0745855$ & $0.0662954$ & $-0.0115753$ & $0.111788$ & $0.0336509$ & $-0.0154843$ & $0.012845$ & $-0.116287$ & $-0.0770271$ & $0.11867$ & $0.0211184$ & $-0.0951868$ & $-0.0373615$ & $0.0953383$ \\
dAle5Mz & $0.00254336$ & $1$ & $0.093357$ & $-0.0704468$ & $-0.0116716$ & $0.0100818$ & $-0.00804316$ & $-0.0884576$ & $-0.0826481$ & $0.0443662$ & $0.0767341$ & $0.0449894$ & $0.0140768$ & $-0.0339266$ & $-0.00208041$ & $0.000690987$ & $0.0077898$ & $-9.55958e-05$ & $0.00244652$ & $-0.0510091$ & $-0.0571079$ & $-0.0544549$ & $0.0106271$ & $0.0312086$ & $-0.00634694$ & $0.0113324$ & $-0.0443754$ & $-0.0364013$ & $-0.012068$ & $-0.0123721$ & $0.0255317$ & $-0.000778586$ & $0.00935147$ & $-0.0123842$ & $0.0842013$ & $-0.0328$ & $-0.0237415$ & $0.0172511$ & $-0.026363$ & $0.0136875$ & $0.000361389$ & $-0.00698893$ & $0.109302$ & $-0.0636553$ & $-0.136136$ & $0.041681$ & $0.0584397$ & $-0.0263083$ & $0.0165798$ \\
mtop & $-0.0286516$ & $0.093357$ & $1$ & $-0.0814995$ & $-0.0151367$ & $0.016982$ & $-0.00846892$ & $-0.0183924$ & $-0.0175882$ & $0.0224316$ & $0.0265958$ & $0.0321976$ & $0.0158304$ & $-0.00446861$ & $0.00710996$ & $0.0134172$ & $-0.0123158$ & $-0.00805225$ & $-0.0130504$ & $-0.0149889$ & $-0.0195682$ & $-0.0238826$ & $-0.00647573$ & $0.00761686$ & $-0.00860851$ & $0.0196624$ & $-0.0246389$ & $-0.00394099$ & $0.0137634$ & $0.0140295$ & $0.0308563$ & $0.00209221$ & $0.0047078$ & $-0.01867$ & $0.0567648$ & $0.0183823$ & $-0.0736174$ & $0.00627434$ & $-0.142519$ & $-0.0161261$ & $-0.0905816$ & $-0.0105086$ & $0.0136356$ & $-0.0850009$ & $-0.21076$ & $-0.059458$ & $0.0293202$ & $-0.0281384$ & $-0.0547456$ \\
mHl & $0.0384063$ & $-0.0704468$ & $-0.0814995$ & $1$ & $0.00547767$ & $-0.00928647$ & $0.00671387$ & $-0.0235876$ & $-0.0184779$ & $-0.00137442$ & $0.0175094$ & $-0.026603$ & $-0.0343577$ & $-0.00447156$ & $-0.0133078$ & $-0.00161795$ & $0.0188556$ & $0.0204543$ & $0.00968631$ & $-0.0208669$ & $-0.0204848$ & $-0.0210552$ & $0.00294675$ & $0.0236971$ & $0.00376713$ & $-0.00346839$ & $-0.0207189$ & $-0.0016636$ & $0.000668042$ & $-0.0100486$ & $0.0330326$ & $0.0141749$ & $0.0203607$ & $-0.00704361$ & $-0.0278094$ & $0.0995051$ & $-0.0208451$ & $-0.0238378$ & $0.0601187$ & $-0.000465793$ & $0.00445764$ & $0.0110772$ & $0.0757482$ & $-0.0014618$ & $-0.0672677$ & $-0.107938$ & $0.0741348$ & $-0.0523551$ & $0.04673$ \\
Mz & $-0.0140661$ & $-0.0116716$ & $-0.0151367$ & $0.00547767$ & $1$ & $0.00751563$ & $-0.00488042$ & $-0.0193796$ & $-0.0167868$ & $0.00225791$ & $0.0344476$ & $-0.000784726$ & $-0.00578054$ & $-0.01643$ & $-0.0126586$ & $-0.0218311$ & $-0.0121539$ & $-0.00701289$ & $-0.00032457$ & $-0.0288977$ & $-0.0246357$ & $-0.0266309$ & $0.00875546$ & $0.00143852$ & $-0.00102043$ & $0.0113869$ & $0.00491916$ & $-0.0123637$ & $0.00413265$ & $-0.0199658$ & $-0.00649093$ & $-0.0108322$ & $-0.012063$ & $-0.0086034$ & $-0.024114$ & $-0.00565875$ & $0.0219914$ & $0.0152291$ & $-0.00929404$ & $-0.00686723$ & $0.00577023$ & $-0.00406089$ & $0.00277594$ & $0.0416993$ & $-0.00542639$ & $0.0106855$ & $-0.00361144$ & $0.00538271$ & $-0.0137421$ \\
CW & $-0.00671981$ & $0.0100818$ & $0.016982$ & $-0.00928647$ & $0.00751563$ & $1$ & $-7.98018e-05$ & $-0.108141$ & $-0.104717$ & $0.00570979$ & $0.176698$ & $0.0248651$ & $0.00178663$ & $0.00800047$ & $-0.078335$ & $-0.0716485$ & $-0.261335$ & $-0.062266$ & $-0.0710147$ & $-0.175005$ & $-0.177912$ & $-0.17541$ & $-0.0165837$ & $-0.0105229$ & $-0.0893435$ & $0.105672$ & $-0.0575953$ & $-0.0548347$ & $-0.00897512$ & $-0.00666469$ & $0.00533245$ & $0.00259423$ & $-0.00756054$ & $-0.104689$ & $0.0109171$ & $0.00966942$ & $-0.0205651$ & $-0.00511164$ & $0.0148533$ & $0.0195607$ & $0.00234033$ & $-0.00632397$ & $0.00942087$ & $0.0134449$ & $0.014335$ & $0.00282826$ & $-0.0114626$ & $-0.0105935$ & $-0.00485422$ \\
CHG & $0.033395$ & $-0.00804316$ & $-0.00846892$ & $0.00671387$ & $-0.00488042$ & $-7.98018e-05$ & $1$ & $-0.0846868$ & $-0.0296996$ & $0.0969462$ & $0.0652716$ & $-0.341359$ & $-0.445095$ & $0.0126705$ & $-0.0319748$ & $-0.0334567$ & $0.0408085$ & $0.0575592$ & $0.0603425$ & $-0.0659051$ & $-0.0664947$ & $-0.0605532$ & $0.00184528$ & $0.0657894$ & $0.0568402$ & $0.034588$ & $-0.0185403$ & $-0.0310287$ & $-0.010698$ & $-0.181075$ & $-0.0951649$ & $0.946382$ & $-0.218788$ & $-0.0406449$ & $0.0227985$ & $-0.0388521$ & $-0.0169182$ & $0.0238696$ & $0.00483542$ & $0.000480662$ & $0.0300773$ & $0.00751031$ & $0.00270637$ & $0.0168236$ & $-0.0391496$ & $-0.0560162$ & $0.0402632$ & $0.0240923$ & $0.0431183$ \\
CHWB & $-0.000647438$ & $-0.0884576$ & $-0.0183924$ & $-0.0235876$ & $-0.0193796$ & $-0.108141$ & $-0.0846868$ & $1$ & $0.982443$ & $-0.557313$ & $-0.866533$ & $0.0361503$ & $0.209352$ & $0.0661776$ & $0.286002$ & $0.289122$ & $-0.25875$ & $-0.439608$ & $-0.438974$ & $0.8375$ & $0.884937$ & $0.870959$ & $0.0727638$ & $-0.677266$ & $-0.412334$ & $-0.504007$ & $0.425694$ & $0.292083$ & $0.00590941$ & $0.0733556$ & $0.0315878$ & $-0.0892422$ & $0.0951495$ & $0.566699$ & $-0.0305389$ & $-0.0148942$ & $0.00923611$ & $0.00488922$ & $-0.0198509$ & $-0.0129621$ & $0.0168243$ & $-0.0086005$ & $-0.00888207$ & $0.0328375$ & $0.0240314$ & $0.00348362$ & $-0.00782076$ & $-0.00415367$ & $0.0324486$ \\
CHWHB_gaga & $-0.00851672$ & $-0.0826481$ & $-0.0175882$ & $-0.0184779$ & $-0.0167868$ & $-0.104717$ & $-0.0296996$ & $0.982443$ & $1$ & $-0.548772$ & $-0.849504$ & $0.0448248$ & $0.193319$ & $0.062052$ & $0.280981$ & $0.285295$ & $-0.257358$ & $-0.434932$ & $-0.433973$ & $0.821293$ & $0.868019$ & $0.855174$ & $0.0718446$ & $-0.6662$ & $-0.404371$ & $-0.490565$ & $0.422721$ & $0.28428$ & $0.0102931$ & $0.0897172$ & $0.0393358$ & $-0.0422078$ & $0.108074$ & $0.556891$ & $-0.0448025$ & $-0.0180241$ & $0.00296088$ & $0.000879476$ & $-0.0308285$ & $-0.0111135$ & $0.0122415$ & $-0.0131262$ & $0.0464606$ & $0.0330826$ & $0.00748041$ & $-2.69387e-05$ & $-0.00820356$ & $-0.00313993$ & $0.0147462$ \\
CHWHB_gagaorth & $0.0156081$ & $0.0443662$ & $0.0224316$ & $-0.00137442$ & $0.00225791$ & $0.00570979$ & $0.0969462$ & $-0.557313$ & $-0.548772$ & $1$ & $0.371908$ & $0.103419$ & $-0.24277$ & $0.169783$ & $-0.130603$ & $-0.131502$ & $0.359268$ & $0.42451$ & $0.42204$ & $-0.358594$ & $-0.386993$ & $-0.379488$ & $-0.0525867$ & $0.505899$ & $0.405065$ & $0.219845$ & $-0.237212$ & $-0.13692$ & $-0.0127575$ & $-0.166649$ & $-0.090349$ & $0.107435$ & $-0.19722$ & $-0.332462$ & $0.0333697$ & $0.0177375$ & $-0.00728086$ & $-0.00417165$ & $0.0245379$ & $0.0062704$ & $-0.0482176$ & $0.00716778$ & $-0.00574951$ & $-0.0281862$ & $-0.00799092$ & $0.0128863$ & $-0.00842183$ & $-0.00933923$ & $-0.0144638$ \\
CHD & $-0.0120774$ & $0.0767341$ & $0.0265958$ & $0.0175094$ & $0.0344476$ & $0.176698$ & $0.0652716$ & $-0.866533$ & $-0.849504$ & $0.371908$ & $1$ & $0.0251046$ & $-0.145543$ & $-0.509768$ & $-0.414706$ & $-0.406805$ & $-0.224085$ & $0.0442728$ & $0.0404919$ & $-0.990064$ & $-0.991085$ & $-0.969223$ & $-0.0115816$ & $0.288403$ & $0.00390609$ & $0.569718$ & $-0.285602$ & $-0.317873$ & $-0.00803028$ & $-0.0728158$ & $-0.018458$ & $0.0754749$ & $-0.094905$ & $-0.356941$ & $0.0406302$ & $0.02159$ & $-0.0106639$ & $-0.00901424$ & $-0.00655623$ & $0.0113456$ & $-0.00514301$ & $0.00867723$ & $0.00903149$ & $-0.0254029$ & $-0.0366198$ & $-0.00741916$ & $0.0114495$ & $0.0146554$ & $-0.0437645$ \\
CHbox & $-0.0107026$ & $0.0449894$ & $0.0321976$ & $-0.026603$ & $-0.000784726$ & $0.0248651$ & $-0.341359$ & $0.0361503$ & $0.0448248$ & $0.103419$ & $0.0251046$ & $1$ & $0.754797$ & $-0.112207$ & $0.0213456$ & $0.0272483$ & $-0.126154$ & $-0.123304$ & $-0.125012$ & $-0.0161954$ & $-0.02484$ & $-0.0213713$ & $-0.00919188$ & $-0.0735787$ & $-0.121119$ & $0.0252755$ & $-0.00727117$ & $0.0089898$ & $0.0790813$ & $0.427388$ & $0.158721$ & $-0.250965$ & $0.509892$ & $0.00937532$ & $0.0691607$ & $0.0779965$ & $-0.0033902$ & $-0.0186759$ & $-0.0272804$ & $0.00060845$ & $-0.0105456$ & $-0.025824$ & $-0.00356723$ & $-0.0310154$ & $-0.0298913$ & $-0.00117651$ & $-0.0416188$ & $-0.0313221$ & $-0.012484$ \\
CH & $-0.015693$ & $0.0140768$ & $0.0158304$ & $-0.0343577$ & $-0.00578054$ & $0.00178663$ & $-0.445095$ & $0.209352$ & $0.193319$ & $-0.24277$ & $-0.145543$ & $0.754797$ & $1$ & $-0.0502838$ & $0.0555087$ & $0.0481367$ & $-0.129264$ & $-0.153246$ & $-0.149121$ & $0.14348$ & $0.150918$ & $0.145628$ & $0.0119266$ & $-0.178727$ & $-0.147373$ & $-0.0801529$ & $0.0837877$ & $0.0774008$ & $0.0675465$ & $0.344744$ & $0.161156$ & $-0.407704$ & $0.42308$ & $0.119119$ & $-0.018773$ & $0.0413594$ & $0.00331353$ & $-0.0119134$ & $-0.0166015$ & $-0.00474624$ & $0.00320745$ & $-0.0148905$ & $-0.0112473$ & $-0.0103441$ & $-0.0013467$ & $0.00381423$ & $-0.0566746$ & $-0.0111373$ & $-0.00213638$ \\
CHL1_11 & $0.0276191$ & $-0.0339266$ & $-0.00446861$ & $-0.00447156$ & $-0.01643$ & $0.00800047$ & $0.0126705$ & $0.0661776$ & $0.062052$ & $0.169783$ & $-0.509768$ & $-0.112207$ & $-0.0502838$ & $1$ & $0.272645$ & $0.241751$ & $0.689159$ & $0.623924$ & $0.635643$ & $0.526658$ & $0.469255$ & $0.448926$ & $-0.0987474$ & $0.500294$ & $0.626408$ & $-0.268182$ & $-0.111613$ & $0.135117$ & $0.00998963$ & $0.021107$ & $-0.0185976$ & $-0.000172957$ & $0.0268361$ & $-0.236282$ & $-0.0338279$ & $-0.0206324$ & $0.00174355$ & $0.0119838$ & $0.0492569$ & $0.00311756$ & $-0.0249694$ & $-0.00224641$ & $-0.00517897$ & $0.00110669$ & $0.0393828$ & $0.00266734$ & $-0.0148885$ & $-0.0112083$ & $0.0270684$ \\
CHL1_22 & $-0.00918564$ & $-0.00208041$ & $0.00710996$ & $-0.0133078$ & $-0.0126586$ & $-0.078335$ & $-0.0319748$ & $0.286002$ & $0.280981$ & $-0.130603$ & $-0.414706$ & $0.0213456$ & $0.0555087$ & $0.272645$ & $1$ & $0.459497$ & $0.156271$ & $-0.424165$ & $-0.0304016$ & $0.482411$ & $0.329172$ & $0.317123$ & $-0.167682$ & $0.112075$ & $-0.12462$ & $-0.208627$ & $-0.409006$ & $0.115544$ & $-0.00972848$ & $0.0223493$ & $0.0135516$ & $-0.0354584$ & $0.0380213$ & $-0.598483$ & $-0.0224343$ & $-0.0126035$ & $0.0311444$ & $0.0116228$ & $0.024496$ & $-0.00612091$ & $0.0255085$ & $0.00847911$ & $0.0165266$ & $0.0421009$ & $0.00463021$ & $0.00932757$ & $-0.00915144$ & $-0.0146927$ & $0.0396963$ \\
CHL1_33 & $-0.0124764$ & $0.000690987$ & $0.0134172$ & $-0.00161795$ & $-0.0218311$ & $-0.0716485$ & $-0.0334567$ & $0.289122$ & $0.285295$ & $-0.131502$ & $-0.406805$ & $0.0272483$ & $0.0481367$ & $0.241751$ & $0.459497$ & $1$ & $0.148122$ & $-0.0450313$ & $-0.417921$ & $0.473704$ & $0.327213$ & $0.34388$ & $-0.169527$ & $0.0923078$ & $-0.128872$ & $-0.194383$ & $-0.386816$ & $0.0947572$ & $0.0183016$ & $0.0239811$ & $0.0128984$ & $-0.0372887$ & $0.0485194$ & $-0.112863$ & $-0.0127519$ & $-0.00163746$ & $0.0144339$ & $-0.000171189$ & $-0.00848846$ & $-0.0065769$ & $0.00322585$ & $0.0264846$ & $0.00839595$ & $0.0355029$ & $-0.00633445$ & $0.0384049$ & $-0.0101875$ & $-0.0184315$ & $0.0439736$ \\
CHL3_11 & $0.00422352$ & $0.0077898$ & $-0.0123158$ & $0.0188556$ & $-0.0121539$ & $-0.261335$ & $0.0408085$ & $-0.25875$ & $-0.257358$ & $0.359268$ & $-0.224085$ & $-0.126154$ & $-0.129264$ & $0.689159$ & $0.156271$ & $0.148122$ & $1$ & $0.762682$ & $0.761545$ & $0.245279$ & $0.191416$ & $0.177079$ & $-0.0723128$ & $0.695209$ & $0.797561$ & $-0.120602$ & $-0.167219$ & $0.0449013$ & $0.00303637$ & $-0.00586388$ & $-0.023371$ & $0.029849$ & $-0.00684684$ & $-0.262917$ & $-0.0208814$ & $-0.00722268$ & $-0.000428395$ & $0.00392682$ & $0.039345$ & $-0.00555037$ & $-0.0173355$ & $-0.00559968$ & $0.00483859$ & $-0.0188321$ & $0.013482$ & $0.00774826$ & $-0.00102744$ & $-0.0241301$ & $0.0119956$ \\
CHL3_22 & $0.0178757$ & $-9.55958e-05$ & $-0.00805225$ & $0.0204543$ & $-0.00701289$ & $-0.062266$ & $0.0575592$ & $-0.439608$ & $-0.434932$ & $0.42451$ & $0.0442728$ & $-0.123304$ & $-0.153246$ & $0.623924$ & $-0.424165$ & $-0.0450313$ & $0.762682$ & $1$ & $0.712413$ & $-0.0482814$ & $-0.0399455$ & $-0.0437095$ & $-0.00998632$ & $0.641304$ & $0.8134$ & $0.027711$ & $-0.0109872$ & $-0.0372306$ & $0.0134807$ & $-0.0184652$ & $-0.0322282$ & $0.0491818$ & $-0.0282351$ & $0.00828054$ & $-0.00700258$ & $-0.0012444$ & $-0.0199907$ & $-0.002061$ & $0.0308008$ & $0.00693446$ & $-0.0390466$ & $-0.00286263$ & $-0.00962743$ & $-0.0403105$ & $0.0172445$ & $5.97692e-05$ & $-0.00131214$ & $-0.008681$ & $-0.00761529$ \\
CHL3_33 & $0.0203632$ & $0.00244652$ & $-0.0130504$ & $0.00968631$ & $-0.00032457$ & $-0.0710147$ & $0.0603425$ & $-0.438974$ & $-0.433973$ & $0.42204$ & $0.0404919$ & $-0.125012$ & $-0.149121$ & $0.635643$ & $-0.0304016$ & $-0.417921$ & $0.761545$ & $0.712413$ & $1$ & $-0.0437654$ & $-0.0386628$ & $-0.0438601$ & $-0.00614442$ & $0.648801$ & $0.81343$ & $0.020045$ & $-0.0184777$ & $-0.0215672$ & $-0.00657154$ & $-0.0192448$ & $-0.031049$ & $0.053523$ & $-0.0333738$ & $-0.344831$ & $-0.012444$ & $-0.00709524$ & $-0.00424481$ & $0.00387093$ & $0.0520014$ & $0.00674846$ & $-0.0240587$ & $-0.017084$ & $0.00214072$ & $-0.0320819$ & $0.0228621$ & $-0.0145054$ & $-0.00270583$ & $-0.00275433$ & $-0.0123841$ \\
CHe_11 & $0.00366103$ & $-0.0510091$ & $-0.0149889$ & $-0.0208669$ & $-0.0288977$ & $-0.175005$ & $-0.0659051$ & $0.8375$ & $0.821293$ & $-0.358594$ & $-0.990064$ & $-0.0161954$ & $0.14348$ & $0.526658$ & $0.482411$ & $0.473704$ & $0.245279$ & $-0.0482814$ & $-0.0437654$ & $1$ & $0.97212$ & $0.951204$ & $-0.0123765$ & $-0.235316$ & $0.00164411$ & $-0.56144$ & $0.209443$ & $0.310058$ & $0.00813298$ & $0.0713425$ & $0.0196938$ & $-0.0755912$ & $0.093984$ & $0.276886$ & $-0.0398569$ & $-0.0214706$ & $0.0101034$ & $0.00901753$ & $0.0068009$ & $-0.00878494$ & $0.00430151$ & $-0.0057244$ & $-0.00277958$ & $0.0242561$ & $0.028794$ & $0.00774215$ & $-0.0107305$ & $-0.0170031$ & $0.044598$ \\
CHe_22 & $0.00604343$ & $-0.0571079$ & $-0.0195682$ & $-0.0204848$ & $-0.0246357$ & $-0.177912$ & $-0.0664947$ & $0.884937$ & $0.868019$ & $-0.386993$ & $-0.991085$ & $-0.02484$ & $0.150918$ & $0.469255$ & $0.329172$ & $0.327213$ & $0.191416$ & $-0.0399455$ & $-0.0386628$ & $0.97212$ & $1$ & $0.974958$ & $0.0408193$ & $-0.343288$ & $-0.0112775$ & $-0.571599$ & $0.36732$ & $0.318439$ & $0.00727644$ & $0.0735638$ & $0.0194675$ & $-0.0763527$ & $0.0942298$ & $0.445101$ & $-0.0393544$ & $-0.0215192$ & $0.00579322$ & $0.0100832$ & $0.000297392$ & $-0.0110353$ & $0.00373277$ & $-0.0119686$ & $-0.00561046$ & $0.0215892$ & $0.0307645$ & $0.00516259$ & $-0.00862684$ & $-0.013819$ & $0.0380231$ \\
CHe_33 & $0.00670556$ & $-0.0544549$ & $-0.0238826$ & $-0.0210552$ & $-0.0266309$ & $-0.17541$ & $-0.0605532$ & $0.870959$ & $0.855174$ & $-0.379488$ & $-0.969223$ & $-0.0213713$ & $0.145628$ & $0.448926$ & $0.317123$ & $0.34388$ & $0.177079$ & $-0.0437095$ & $-0.0438601$ & $0.951204$ & $0.974958$ & $1$ & $0.044009$ & $-0.344137$ & $-0.0177598$ & $-0.559171$ & $0.36505$ & $0.312568$ & $0.00887746$ & $0.073634$ & $0.0208729$ & $-0.0680048$ & $0.0960806$ & $0.446206$ & $-0.0382366$ & $-0.0192244$ & $0.00442429$ & $0.00460461$ & $-0.000150112$ & $-0.0129463$ & $0.00336179$ & $-0.0122702$ & $-0.00252268$ & $0.0218117$ & $0.0291363$ & $0.00726194$ & $-0.0118965$ & $-0.0119045$ & $0.0372741$ \\
CHQ1_11 & $0.00586977$ & $0.0106271$ & $-0.00647573$ & $0.00294675$ & $0.00875546$ & $-0.0165837$ & $0.00184528$ & $0.0727638$ & $0.0718446$ & $-0.0525867$ & $-0.0115816$ & $-0.00919188$ & $0.0119266$ & $-0.0987474$ & $-0.167682$ & $-0.169527$ & $-0.0723128$ & $-0.00998632$ & $-0.00614442$ & $-0.0123765$ & $0.0408193$ & $0.044009$ & $1$ & $-0.140062$ & $0.0594099$ & $-0.666613$ & $0.347601$ & $-0.000985689$ & $-0.00969595$ & $-0.0133695$ & $-0.000800381$ & $0.00619335$ & $-0.005431$ & $0.20615$ & $0.0174195$ & $0.00586248$ & $-0.00626713$ & $-0.0201675$ & $-0.0192952$ & $-0.0286873$ & $-0.00826581$ & $0.00945427$ & $0.0307859$ & $-0.0328241$ & $-0.00687694$ & $0.0156118$ & $0.0141808$ & $-0.00921206$ & $-0.0247045$ \\
CHQ1_33 & $-0.0324092$ & $0.0312086$ & $0.00761686$ & $0.0236971$ & $0.00143852$ & $-0.0105229$ & $0.0657894$ & $-0.677266$ & $-0.6662$ & $0.505899$ & $0.288403$ & $-0.0735787$ & $-0.178727$ & $0.500294$ & $0.112075$ & $0.0923078$ & $0.695209$ & $0.641304$ & $0.648801$ & $-0.235316$ & $-0.343288$ & $-0.344137$ & $-0.140062$ & $1$ & $0.662811$ & $0.186817$ & $-0.422736$ & $-0.0276441$ & $2.78269e-05$ & $-0.0363068$ & $-0.0278746$ & $0.0627707$ & $-0.0439551$ & $-0.63528$ & $0.00514395$ & $0.00594553$ & $-0.000531955$ & $0.00285273$ & $0.0412748$ & $0.00931609$ & $-0.0185533$ & $0.0247846$ & $0.0101904$ & $-0.0172969$ & $-0.0111907$ & $-0.00377369$ & $-0.00852384$ & $-0.00783427$ & $-0.00233478$ \\
CHQ3_11 & $-0.0781473$ & $-0.00634694$ & $-0.00860851$ & $0.00376713$ & $-0.00102043$ & $-0.0893435$ & $0.0568402$ & $-0.412334$ & $-0.404371$ & $0.405065$ & $0.00390609$ & $-0.121119$ & $-0.147373$ & $0.626408$ & $-0.12462$ & $-0.128872$ & $0.797561$ & $0.8134$ & $0.81343$ & $0.00164411$ & $-0.0112775$ & $-0.0177598$ & $0.0594099$ & $0.662811$ & $1$ & $0.0152905$ & $0.181368$ & $-0.0289572$ & $-0.00317608$ & $-0.021389$ & $-0.0249203$ & $0.0470676$ & $-0.0335865$ & $-0.215597$ & $-0.0184467$ & $0.00628954$ & $-0.0203559$ & $0.00204511$ & $0.0354961$ & $-0.00608289$ & $-0.0286396$ & $-0.0136923$ & $0.0168927$ & $-0.0262797$ & $0.00830774$ & $0.00416995$ & $0.00970129$ & $0.00573044$ & $-0.0313878$ \\
CHu_11 & $-0.034541$ & $0.0113324$ & $0.0196624$ & $-0.00346839$ & $0.0113869$ & $0.105672$ & $0.034588$ & $-0.504007$ & $-0.490565$ & $0.219845$ & $0.569718$ & $0.0252755$ & $-0.0801529$ & $-0.268182$ & $-0.208627$ & $-0.194383$ & $-0.120602$ & $0.027711$ & $0.020045$ & $-0.56144$ & $-0.571599$ & $-0.559171$ & $-0.666613$ & $0.186817$ & $0.0152905$ & $1$ & $-0.162571$ & $-0.176084$ & $-0.00345867$ & $-0.0342739$ & $-0.00915257$ & $0.0364169$ & $-0.0473221$ & $-0.240407$ & $0.0118385$ & $-0.0038233$ & $-0.00667008$ & $0.00940948$ & $0.0159536$ & $0.0265524$ & $-0.00116258$ & $-0.00574255$ & $-0.0128863$ & $0.0050594$ & $-0.0176424$ & $-0.0144677$ & $-0.00430171$ & $0.0350311$ & $-0.013613$ \\
CHd_11 & $-0.0160519$ & $-0.0443754$ & $-0.0246389$ & $-0.0207189$ & $0.00491916$ & $-0.0575953$ & $-0.0185403$ & $0.425694$ & $0.422721$ & $-0.237212$ & $-0.285602$ & $-0.00727117$ & $0.0837877$ & $-0.111613$ & $-0.409006$ & $-0.386816$ & $-0.167219$ & $-0.0109872$ & $-0.0184777$ & $0.209443$ & $0.36732$ & $0.36505$ & $0.347601$ & $-0.422736$ & $0.181368$ & $-0.162571$ & $1$ & $0.0971604$ & $-0.00724514$ & $0.0275906$ & $0.0132448$ & $-0.0207052$ & $0.0281514$ & $0.690294$ & $-0.0145161$ & $-0.00195533$ & $-0.0191992$ & $-0.00348421$ & $-0.0113607$ & $-0.0155923$ & $-0.00491183$ & $-0.0209245$ & $0.00512226$ & $-0.0170013$ & $0.00874425$ & $-0.00243323$ & $0.0065263$ & $0.0270114$ & $-0.0330017$ \\
CHd_33 & $0.0311738$ & $-0.0364013$ & $-0.00394099$ & $-0.0016636$ & $-0.0123637$ & $-0.0548347$ & $-0.0310287$ & $0.292083$ & $0.28428$ & $-0.13692$ & $-0.317873$ & $0.0089898$ & $0.0774008$ & $0.135117$ & $0.115544$ & $0.0947572$ & $0.0449013$ & $-0.0372306$ & $-0.0215672$ & $0.310058$ & $0.318439$ & $0.312568$ & $-0.000985689$ & $-0.0276441$ & $-0.0289572$ & $-0.176084$ & $0.0971604$ & $1$ & $-0.0110814$ & $0.0228815$ & $-0.00292172$ & $-0.0341901$ & $0.0331815$ & $0.138266$ & $-0.0128557$ & $0.00695843$ & $0.00808491$ & $0.000271487$ & $0.0243779$ & $0.0114189$ & $0.0125077$ & $-0.0123096$ & $-0.0135374$ & $-0.0171325$ & $0.019818$ & $0.00885572$ & $-0.0317059$ & $-0.00362243$ & $-0.00143626$ \\
CeH_22r & $0.000816966$ & $-0.012068$ & $0.0137634$ & $0.000668042$ & $0.00413265$ & $-0.00897512$ & $-0.010698$ & $0.00590941$ & $0.0102931$ & $-0.0127575$ & $-0.00803028$ & $0.0790813$ & $0.0675465$ & $0.00998963$ & $-0.00972848$ & $0.0183016$ & $0.00303637$ & $0.0134807$ & $-0.00657154$ & $0.00813298$ & $0.00727644$ & $0.00887746$ & $-0.00969595$ & $2.78269e-05$ & $-0.00317608$ & $-0.00345867$ & $-0.00724514$ & $-0.0110814$ & $1$ & $0.0561973$ & $-0.00460156$ & $-0.0237398$ & $0.0511235$ & $0.0132466$ & $-0.0247573$ & $-0.00153197$ & $-0.0297303$ & $-0.00861644$ & $-0.0222107$ & $-0.00982783$ & $0.0174238$ & $0.0270369$ & $0.00164137$ & $0.0246152$ & $-0.0104722$ & $0.00349244$ & $-0.0314282$ & $-0.00345213$ & $-0.0242508$ \\
CeH_33r & $0.0278019$ & $-0.0123721$ & $0.0140295$ & $-0.0100486$ & $-0.0199658$ & $-0.00666469$ & $-0.181075$ & $0.0733556$ & $0.0897172$ & $-0.166649$ & $-0.0728158$ & $0.427388$ & $0.344744$ & $0.021107$ & $0.0223493$ & $0.0239811$ & $-0.00586388$ & $-0.0184652$ & $-0.0192448$ & $0.0713425$ & $0.0735638$ & $0.073634$ & $-0.0133695$ & $-0.0363068$ & $-0.021389$ & $-0.0342739$ & $0.0275906$ & $0.0228815$ & $0.0561973$ & $1$ & $0.315705$ & $-0.043898$ & $0.690929$ & $0.0374161$ & $-0.0511944$ & $0.00019115$ & $-0.174425$ & $-0.0255031$ & $-0.0275896$ & $-0.00702767$ & $0.00528499$ & $-0.0271288$ & $-0.00267975$ & $0.01184$ & $0.0532945$ & $-0.0277971$ & $-0.0395826$ & $-0.00411285$ & $-0.00468392$ \\
CuH_22r & $-0.0293018$ & $0.0255317$ & $0.0308563$ & $0.0330326$ & $-0.00649093$ & $0.00533245$ & $-0.0951649$ & $0.0315878$ & $0.0393358$ & $-0.090349$ & $-0.018458$ & $0.158721$ & $0.161156$ & $-0.0185976$ & $0.0135516$ & $0.0128984$ & $-0.023371$ & $-0.0322282$ & $-0.031049$ & $0.0196938$ & $0.0194675$ & $0.0208729$ & $-0.000800381$ & $-0.0278746$ & $-0.0249203$ & $-0.00915257$ & $0.0132448$ & $-0.00292172$ & $-0.00460156$ & $0.315705$ & $1$ & $-0.0136548$ & $0.380315$ & $0.017243$ & $-0.00811371$ & $0.0228839$ & $-0.0544709$ & $-0.0228635$ & $-0.0632067$ & $-0.0275024$ & $0.0565138$ & $0.00994466$ & $-0.0132708$ & $0.0315776$ & $-0.00776232$ & $0.00864688$ & $0.366224$ & $-0.0256348$ & $0.0542388$ \\
CuH_33r & $0.0356298$ & $-0.000778586$ & $0.00209221$ & $0.0141749$ & $-0.0108322$ & $0.00259423$ & $0.946382$ & $-0.0892422$ & $-0.0422078$ & $0.107435$ & $0.0754749$ & $-0.250965$ & $-0.407704$ & $-0.000172957$ & $-0.0354584$ & $-0.0372887$ & $0.029849$ & $0.0491818$ & $0.053523$ & $-0.0755912$ & $-0.0763527$ & $-0.0680048$ & $0.00619335$ & $0.0627707$ & $0.0470676$ & $0.0364169$ & $-0.0207052$ & $-0.0341901$ & $-0.0237398$ & $-0.043898$ & $-0.0136548$ & $1$ & $-0.0562555$ & $-0.0416613$ & $0.0888314$ & $-0.00788453$ & $-0.0338059$ & $0.0288137$ & $0.00881005$ & $-0.00898932$ & $0.0321609$ & $0.00600868$ & $-0.00226842$ & $0.00342638$ & $-0.0494999$ & $-0.0611592$ & $0.0445804$ & $0.0150217$ & $0.0363713$ \\
CdH_33r & $0.0329647$ & $0.00935147$ & $0.0047078$ & $0.0203607$ & $-0.012063$ & $-0.00756054$ & $-0.218788$ & $0.0951495$ & $0.108074$ & $-0.19722$ & $-0.094905$ & $0.509892$ & $0.42308$ & $0.0268361$ & $0.0380213$ & $0.0485194$ & $-0.00684684$ & $-0.0282351$ & $-0.0333738$ & $0.093984$ & $0.0942298$ & $0.0960806$ & $-0.005431$ & $-0.0439551$ & $-0.0335865$ & $-0.0473221$ & $0.0281514$ & $0.0331815$ & $0.0511235$ & $0.690929$ & $0.380315$ & $-0.0562555$ & $1$ & $0.0442932$ & $-0.102655$ & $-0.0557998$ & $-0.0825072$ & $-0.000624816$ & $-0.00561237$ & $-0.00691062$ & $0.087705$ & $-0.0178474$ & $-0.115291$ & $-0.00405613$ & $0.00740503$ & $-0.041145$ & $0.0407253$ & $0.0890088$ & $0.359426$ \\
CLL_1221 & $0.000865876$ & $-0.0123842$ & $-0.01867$ & $-0.00704361$ & $-0.0086034$ & $-0.104689$ & $-0.0406449$ & $0.566699$ & $0.556891$ & $-0.332462$ & $-0.356941$ & $0.00937532$ & $0.119119$ & $-0.236282$ & $-0.598483$ & $-0.112863$ & $-0.262917$ & $0.00828054$ & $-0.344831$ & $0.276886$ & $0.445101$ & $0.446206$ & $0.20615$ & $-0.63528$ & $-0.215597$ & $-0.240407$ & $0.690294$ & $0.138266$ & $0.0132466$ & $0.0374161$ & $0.017243$ & $-0.0416613$ & $0.0442932$ & $1$ & $-0.00203789$ & $-0.0011546$ & $-0.019987$ & $-0.00771466$ & $-0.0405683$ & $-0.0093345$ & $-0.00335548$ & $-0.0147858$ & $-0.010653$ & $-0.0139261$ & $0.00272601$ & $0.000915$ & $0.00704678$ & $0.00265704$ & $-0.00599767$ \\
eHggint & $-0.0369559$ & $0.0842013$ & $0.0567648$ & $-0.0278094$ & $-0.024114$ & $0.0109171$ & $0.0227985$ & $-0.0305389$ & $-0.0448025$ & $0.0333697$ & $0.0406302$ & $0.0691607$ & $-0.018773$ & $-0.0338279$ & $-0.0224343$ & $-0.0127519$ & $-0.0208814$ & $-0.00700258$ & $-0.012444$ & $-0.0398569$ & $-0.0393544$ & $-0.0382366$ & $0.0174195$ & $0.00514395$ & $-0.0184467$ & $0.0118385$ & $-0.0145161$ & $-0.0128557$ & $-0.0247573$ & $-0.0511944$ & $-0.00811371$ & $0.0888314$ & $-0.102655$ & $-0.00203789$ & $1$ & $-0.183915$ & $0.153896$ & $0.0184634$ & $0.0493644$ & $-0.021294$ & $0.0223931$ & $0.0152275$ & $-0.0687395$ & $-0.0696494$ & $-0.0537363$ & $-0.0112567$ & $0.0595381$ & $0.0197747$ & $-0.114663$ \\
eHggpar & $-0.0745855$ & $-0.0328$ & $0.0183823$ & $0.0995051$ & $-0.00565875$ & $0.00966942$ & $-0.0388521$ & $-0.0148942$ & $-0.0180241$ & $0.0177375$ & $0.02159$ & $0.0779965$ & $0.0413594$ & $-0.0206324$ & $-0.0126035$ & $-0.00163746$ & $-0.00722268$ & $-0.0012444$ & $-0.00709524$ & $-0.0214706$ & $-0.0215192$ & $-0.0192244$ & $0.00586248$ & $0.00594553$ & $0.00628954$ & $-0.0038233$ & $-0.00195533$ & $0.00695843$ & $-0.00153197$ & $0.00019115$ & $0.0228839$ & $-0.00788453$ & $-0.0557998$ & $-0.0011546$ & $-0.183915$ & $1$ & $-0.0663408$ & $-0.00923614$ & $-0.0680891$ & $0.00333821$ & $-0.0751821$ & $-0.0384855$ & $0.0379552$ & $-0.136917$ & $-0.135609$ & $0.0977154$ & $-0.00842795$ & $-0.215156$ & $-0.157444$ \\
eHWWint & $0.0662954$ & $-0.0237415$ & $-0.0736174$ & $-0.0208451$ & $0.0219914$ & $-0.0205651$ & $-0.0169182$ & $0.00923611$ & $0.00296088$ & $-0.00728086$ & $-0.0106639$ & $-0.0033902$ & $0.00331353$ & $0.00174355$ & $0.0311444$ & $0.0144339$ & $-0.000428395$ & $-0.0199907$ & $-0.00424481$ & $0.0101034$ & $0.00579322$ & $0.00442429$ & $-0.00626713$ & $-0.000531955$ & $-0.0203559$ & $-0.00667008$ & $-0.0191992$ & $0.00808491$ & $-0.0297303$ & $-0.174425$ & $-0.0544709$ & $-0.0338059$ & $-0.0825072$ & $-0.019987$ & $0.153896$ & $-0.0663408$ & $1$ & $0.00712703$ & $0.157163$ & $-0.00193842$ & $0.0378479$ & $-0.0342849$ & $0.0798497$ & $-0.102887$ & $-0.0280884$ & $0.144802$ & $0.0453603$ & $0.0584574$ & $0.190827$ \\
eHWWpar & $-0.0115753$ & $0.0172511$ & $0.00627434$ & $-0.0238378$ & $0.0152291$ & $-0.00511164$ & $0.0238696$ & $0.00488922$ & $0.000879476$ & $-0.00417165$ & $-0.00901424$ & $-0.0186759$ & $-0.0119134$ & $0.0119838$ & $0.0116228$ & $-0.000171189$ & $0.00392682$ & $-0.002061$ & $0.00387093$ & $0.00901753$ & $0.0100832$ & $0.00460461$ & $-0.0201675$ & $0.00285273$ & $0.00204511$ & $0.00940948$ & $-0.00348421$ & $0.000271487$ & $-0.00861644$ & $-0.0255031$ & $-0.0228635$ & $0.0288137$ & $-0.000624816$ & $-0.00771466$ & $0.0184634$ & $-0.00923614$ & $0.00712703$ & $1$ & $-0.0449391$ & $0.0139302$ & $-0.0145891$ & $-0.00490079$ & $-0.015018$ & $-0.0258099$ & $-0.040662$ & $-0.0220378$ & $0.00304189$ & $0.0177274$ & $0.0416396$ \\
eHZZint & $0.111788$ & $-0.026363$ & $-0.142519$ & $0.0601187$ & $-0.00929404$ & $0.0148533$ & $0.00483542$ & $-0.0198509$ & $-0.0308285$ & $0.0245379$ & $-0.00655623$ & $-0.0272804$ & $-0.0166015$ & $0.0492569$ & $0.024496$ & $-0.00848846$ & $0.039345$ & $0.0308008$ & $0.0520014$ & $0.0068009$ & $0.000297392$ & $-0.000150112$ & $-0.0192952$ & $0.0412748$ & $0.0354961$ & $0.0159536$ & $-0.0113607$ & $0.0243779$ & $-0.0222107$ & $-0.0275896$ & $-0.0632067$ & $0.00881005$ & $-0.00561237$ & $-0.0405683$ & $0.0493644$ & $-0.0680891$ & $0.157163$ & $-0.0449391$ & $1$ & $-0.0105052$ & $-0.0468858$ & $0.0281451$ & $-0.101443$ & $-0.109674$ & $0.322602$ & $0.0447186$ & $-0.0835392$ & $0.0693497$ & $0.108823$ \\
eHZZpar & $0.0336509$ & $0.0136875$ & $-0.0161261$ & $-0.000465793$ & $-0.00686723$ & $0.0195607$ & $0.000480662$ & $-0.0129621$ & $-0.0111135$ & $0.0062704$ & $0.0113456$ & $0.00060845$ & $-0.00474624$ & $0.00311756$ & $-0.00612091$ & $-0.0065769$ & $-0.00555037$ & $0.00693446$ & $0.00674846$ & $-0.00878494$ & $-0.0110353$ & $-0.0129463$ & $-0.0286873$ & $0.00931609$ & $-0.00608289$ & $0.0265524$ & $-0.0155923$ & $0.0114189$ & $-0.00982783$ & $-0.00702767$ & $-0.0275024$ & $-0.00898932$ & $-0.00691062$ & $-0.0093345$ & $-0.021294$ & $0.00333821$ & $-0.00193842$ & $0.0139302$ & $-0.0105052$ & $1$ & $0.0429185$ & $-0.0573991$ & $-0.0158151$ & $0.0189983$ & $0.00353415$ & $-0.0107222$ & $-0.000472228$ & $0.0145873$ & $0.0160154$ \\
eHZgaint & $-0.0154843$ & $0.000361389$ & $-0.0905816$ & $0.00445764$ & $0.00577023$ & $0.00234033$ & $0.0300773$ & $0.0168243$ & $0.0122415$ & $-0.0482176$ & $-0.00514301$ & $-0.0105456$ & $0.00320745$ & $-0.0249694$ & $0.0255085$ & $0.00322585$ & $-0.0173355$ & $-0.0390466$ & $-0.0240587$ & $0.00430151$ & $0.00373277$ & $0.00336179$ & $-0.00826581$ & $-0.0185533$ & $-0.0286396$ & $-0.00116258$ & $-0.00491183$ & $0.0125077$ & $0.0174238$ & $0.00528499$ & $0.0565138$ & $0.0321609$ & $0.087705$ & $-0.00335548$ & $0.0223931$ & $-0.0751821$ & $0.0378479$ & $-0.0145891$ & $-0.0468858$ & $0.0429185$ & $1$ & $0.0112985$ & $-0.053689$ & $0.140029$ & $-0.0944802$ & $-0.0763022$ & $0.147105$ & $-0.0132426$ & $0.20961$ \\
eHZgapar & $0.012845$ & $-0.00698893$ & $-0.0105086$ & $0.0110772$ & $-0.00406089$ & $-0.00632397$ & $0.00751031$ & $-0.0086005$ & $-0.0131262$ & $0.00716778$ & $0.00867723$ & $-0.025824$ & $-0.0148905$ & $-0.00224641$ & $0.00847911$ & $0.0264846$ & $-0.00559968$ & $-0.00286263$ & $-0.017084$ & $-0.0057244$ & $-0.0119686$ & $-0.0122702$ & $0.00945427$ & $0.0247846$ & $-0.0136923$ & $-0.00574255$ & $-0.0209245$ & $-0.0123096$ & $0.0270369$ & $-0.0271288$ & $0.00994466$ & $0.00600868$ & $-0.0178474$ & $-0.0147858$ & $0.0152275$ & $-0.0384855$ & $-0.0342849$ & $-0.00490079$ & $0.0281451$ & $-0.0573991$ & $0.0112985$ & $1$ & $-0.0313197$ & $-0.010846$ & $0.0227532$ & $0.0327877$ & $0.0442563$ & $0.0386804$ & $0.00986602$ \\
eHgagaint & $-0.116287$ & $0.109302$ & $0.0136356$ & $0.0757482$ & $0.00277594$ & $0.00942087$ & $0.00270637$ & $-0.00888207$ & $0.0464606$ & $-0.00574951$ & $0.00903149$ & $-0.00356723$ & $-0.0112473$ & $-0.00517897$ & $0.0165266$ & $0.00839595$ & $0.00483859$ & $-0.00962743$ & $0.00214072$ & $-0.00277958$ & $-0.00561046$ & $-0.00252268$ & $0.0307859$ & $0.0101904$ & $0.0168927$ & $-0.0128863$ & $0.00512226$ & $-0.0135374$ & $0.00164137$ & $-0.00267975$ & $-0.0132708$ & $-0.00226842$ & $-0.115291$ & $-0.010653$ & $-0.0687395$ & $0.0379552$ & $0.0798497$ & $-0.015018$ & $-0.101443$ & $-0.0158151$ & $-0.053689$ & $-0.0313197$ & $1$ & $-0.071506$ & $-0.183196$ & $0.0238794$ & $-0.0726844$ & $-0.0426631$ & $-0.293676$ \\
eHmumuint & $-0.0770271$ & $-0.0636553$ & $-0.0850009$ & $-0.0014618$ & $0.0416993$ & $0.0134449$ & $0.0168236$ & $0.0328375$ & $0.0330826$ & $-0.0281862$ & $-0.0254029$ & $-0.0310154$ & $-0.0103441$ & $0.00110669$ & $0.0421009$ & $0.0355029$ & $-0.0188321$ & $-0.0403105$ & $-0.0320819$ & $0.0242561$ & $0.0215892$ & $0.0218117$ & $-0.0328241$ & $-0.0172969$ & $-0.0262797$ & $0.0050594$ & $-0.0170013$ & $-0.0171325$ & $0.0246152$ & $0.01184$ & $0.0315776$ & $0.00342638$ & $-0.00405613$ & $-0.0139261$ & $-0.0696494$ & $-0.136917$ & $-0.102887$ & $-0.0258099$ & $-0.109674$ & $0.0189983$ & $0.140029$ & $-0.010846$ & $-0.071506$ & $1$ & $0.0717782$ & $0.157491$ & $0.0346379$ & $-0.0709795$ & $-0.0123033$ \\
eHtautauint & $0.11867$ & $-0.136136$ & $-0.21076$ & $-0.0672677$ & $-0.00542639$ & $0.014335$ & $-0.0391496$ & $0.0240314$ & $0.00748041$ & $-0.00799092$ & $-0.0366198$ & $-0.0298913$ & $-0.0013467$ & $0.0393828$ & $0.00463021$ & $-0.00633445$ & $0.013482$ & $0.0172445$ & $0.0228621$ & $0.028794$ & $0.0307645$ & $0.0291363$ & $-0.00687694$ & $-0.0111907$ & $0.00830774$ & $-0.0176424$ & $0.00874425$ & $0.019818$ & $-0.0104722$ & $0.0532945$ & $-0.00776232$ & $-0.0494999$ & $0.00740503$ & $0.00272601$ & $-0.0537363$ & $-0.135609$ & $-0.0280884$ & $-0.040662$ & $0.322602$ & $0.00353415$ & $-0.0944802$ & $0.0227532$ & $-0.183196$ & $0.0717782$ & $1$ & $-0.0316563$ & $0.00460629$ & $0.0562842$ & $0.0165577$ \\
eHccint & $0.0211184$ & $0.041681$ & $-0.059458$ & $-0.107938$ & $0.0106855$ & $0.00282826$ & $-0.0560162$ & $0.00348362$ & $-2.69387e-05$ & $0.0128863$ & $-0.00741916$ & $-0.00117651$ & $0.00381423$ & $0.00266734$ & $0.00932757$ & $0.0384049$ & $0.00774826$ & $5.97692e-05$ & $-0.0145054$ & $0.00774215$ & $0.00516259$ & $0.00726194$ & $0.0156118$ & $-0.00377369$ & $0.00416995$ & $-0.0144677$ & $-0.00243323$ & $0.00885572$ & $0.00349244$ & $-0.0277971$ & $0.00864688$ & $-0.0611592$ & $-0.041145$ & $0.000915$ & $-0.0112567$ & $0.0977154$ & $0.144802$ & $-0.0220378$ & $0.0447186$ & $-0.0107222$ & $-0.0763022$ & $0.0327877$ & $0.0238794$ & $0.157491$ & $-0.0316563$ & $1$ & $-0.088185$ & $0.00182817$ & $-0.0469381$ \\
eHccpar & $-0.0951868$ & $0.0584397$ & $0.0293202$ & $0.0741348$ & $-0.00361144$ & $-0.0114626$ & $0.0402632$ & $-0.00782076$ & $-0.00820356$ & $-0.00842183$ & $0.0114495$ & $-0.0416188$ & $-0.0566746$ & $-0.0148885$ & $-0.00915144$ & $-0.0101875$ & $-0.00102744$ & $-0.00131214$ & $-0.00270583$ & $-0.0107305$ & $-0.00862684$ & $-0.0118965$ & $0.0141808$ & $-0.00852384$ & $0.00970129$ & $-0.00430171$ & $0.0065263$ & $-0.0317059$ & $-0.0314282$ & $-0.0395826$ & $0.366224$ & $0.0445804$ & $0.0407253$ & $0.00704678$ & $0.0595381$ & $-0.00842795$ & $0.0453603$ & $0.00304189$ & $-0.0835392$ & $-0.000472228$ & $0.147105$ & $0.0442563$ & $-0.0726844$ & $0.0346379$ & $0.00460629$ & $-0.088185$ & $1$ & $-0.0191357$ & $0.174386$ \\
eHbbint & $-0.0373615$ & $-0.0263083$ & $-0.0281384$ & $-0.0523551$ & $0.00538271$ & $-0.0105935$ & $0.0240923$ & $-0.00415367$ & $-0.00313993$ & $-0.00933923$ & $0.0146554$ & $-0.0313221$ & $-0.0111373$ & $-0.0112083$ & $-0.0146927$ & $-0.0184315$ & $-0.0241301$ & $-0.008681$ & $-0.00275433$ & $-0.0170031$ & $-0.013819$ & $-0.0119045$ & $-0.00921206$ & $-0.00783427$ & $0.00573044$ & $0.0350311$ & $0.0270114$ & $-0.00362243$ & $-0.00345213$ & $-0.00411285$ & $-0.0256348$ & $0.0150217$ & $0.0890088$ & $0.00265704$ & $0.0197747$ & $-0.215156$ & $0.0584574$ & $0.0177274$ & $0.0693497$ & $0.0145873$ & $-0.0132426$ & $0.0386804$ & $-0.0426631$ & $-0.0709795$ & $0.0562842$ & $0.00182817$ & $-0.0191357$ & $1$ & $-0.0880122$ \\
eHbbpar & $0.0953383$ & $0.0165798$ & $-0.0547456$ & $0.04673$ & $-0.0137421$ & $-0.00485422$ & $0.0431183$ & $0.0324486$ & $0.0147462$ & $-0.0144638$ & $-0.0437645$ & $-0.012484$ & $-0.00213638$ & $0.0270684$ & $0.0396963$ & $0.0439736$ & $0.0119956$ & $-0.00761529$ & $-0.0123841$ & $0.044598$ & $0.0380231$ & $0.0372741$ & $-0.0247045$ & $-0.00233478$ & $-0.0313878$ & $-0.013613$ & $-0.0330017$ & $-0.00143626$ & $-0.0242508$ & $-0.00468392$ & $0.0542388$ & $0.0363713$ & $0.359426$ & $-0.00599767$ & $-0.114663$ & $-0.157444$ & $0.190827$ & $0.0416396$ & $0.108823$ & $0.0160154$ & $0.20961$ & $0.00986602$ & $-0.293676$ & $-0.0123033$ & $0.0165577$ & $-0.0469381$ & $0.174386$ & $-0.0880122$ & $1$ \\
