 & AlsMz & dAle5Mz & mtop & mHl & Mz & CW & CHG & CHWB & CHWHB_gaga & CHWHB_gagaorth & CHD & CHbox & CH & CHL1_11 & CHL1_22 & CHL1_33 & CHL3_11 & CHL3_22 & CHL3_33 & CHe_11 & CHe_22 & CHe_33 & CHQ1_11 & CHQ1_33 & CHQ3_11 & CHu_11 & CHd_11 & CHd_33 & CeH_22r & CeH_33r & CuH_22r & CuH_33r & CdH_33r & CLL_1221 & eHggint & eHggpar & eHWWint & eHWWpar & eHZZint & eHZZpar & eHZgaint & eHZgapar & eHgagaint & eHmumuint & eHtautauint & eHccint & eHccpar & eHbbint & eHbbpar \\
AlsMz & $1$ & $-0.0596161$ & $0.093842$ & $-0.0724506$ & $-0.00473627$ & $-0.0060603$ & $0.0192623$ & $0.0522355$ & $0.0477981$ & $-0.00994744$ & $-0.0403433$ & $0.0356794$ & $0.0387519$ & $-0.0158512$ & $-0.0233895$ & $-0.0193253$ & $-0.0166048$ & $-0.0120662$ & $-0.0136037$ & $0.0298735$ & $0.0414917$ & $0.0401877$ & $0.00648553$ & $-0.0794444$ & $-0.0509334$ & $-0.0213193$ & $0.0832037$ & $0.0298124$ & $0.0184447$ & $0.0089511$ & $0.0667364$ & $0.0342758$ & $0.115193$ & $0.0648167$ & $-0.0530629$ & $0.373723$ & $0.0196166$ & $0.0391504$ & $-0.138621$ & $0.063219$ & $0.0392194$ & $0.0509955$ & $-0.107618$ & $0.042878$ & $-0.124383$ & $0.249879$ & $0.07782$ & $0.11045$ & $0.204868$ \\
dAle5Mz & $-0.0596161$ & $1$ & $0.108109$ & $0.0651113$ & $0.00911692$ & $0.013694$ & $0.00231637$ & $-0.0594997$ & $-0.0470915$ & $0.0492813$ & $0.0425231$ & $0.0270804$ & $-0.0119672$ & $-0.000982135$ & $-0.0128372$ & $-0.0176974$ & $0.0176277$ & $0.0208126$ & $0.0273078$ & $-0.0261158$ & $-0.0267773$ & $-0.0230444$ & $0.00031331$ & $0.0287709$ & $0.0350567$ & $0.0234444$ & $0.00700701$ & $-0.00234346$ & $0.00991366$ & $0.03112$ & $-0.0145073$ & $0.0176137$ & $-0.0133291$ & $0.00107471$ & $0.115146$ & $0.029119$ & $-0.198151$ & $0.0719012$ & $-0.110811$ & $-0.0301356$ & $-0.175858$ & $0.0263738$ & $0.237638$ & $0.386664$ & $0.0628121$ & $0.0189966$ & $-0.104281$ & $-0.0640743$ & $-0.0918184$ \\
mtop & $0.093842$ & $0.108109$ & $1$ & $-0.102966$ & $0.00564451$ & $-0.0104458$ & $0.0127895$ & $0.0123457$ & $0.011347$ & $0.029139$ & $-0.00918505$ & $0.0415832$ & $0.013842$ & $0.00159558$ & $-0.0137326$ & $-0.0107059$ & $0.00997076$ & $0.00934083$ & $0.00983532$ & $0.0129033$ & $0.018204$ & $0.0211449$ & $0.000158577$ & $-0.00739998$ & $0.0124963$ & $-0.000641193$ & $0.0417872$ & $0.0124613$ & $-0.00926404$ & $-0.00841407$ & $0.0880282$ & $0.0443347$ & $0.0208256$ & $0.0298618$ & $0.279617$ & $0.29621$ & $-0.0662794$ & $-0.0404503$ & $-0.325708$ & $0.00997721$ & $0.0538777$ & $-0.0350062$ & $0.0732423$ & $0.144383$ & $-0.149436$ & $0.549259$ & $0.193754$ & $0.138412$ & $-0.0301202$ \\
mHl & $-0.0724506$ & $0.0651113$ & $-0.102966$ & $1$ & $0.00392665$ & $-0.0181386$ & $-0.0131513$ & $0.0603385$ & $0.0587363$ & $-0.03385$ & $-0.0486559$ & $-0.0124343$ & $0.0108356$ & $-0.000946875$ & $-0.0143966$ & $-0.0272814$ & $-0.0133196$ & $-0.0133501$ & $-0.00297559$ & $0.043242$ & $0.0562792$ & $0.0532439$ & $0.0207666$ & $-0.0531446$ & $0.0165193$ & $-0.0289623$ & $0.100258$ & $0.00678338$ & $-0.00607405$ & $-0.0295889$ & $-0.105739$ & $-0.0276278$ & $0.149018$ & $0.0664574$ & $-0.107859$ & $-0.0333517$ & $0.209827$ & $0.0679883$ & $0.257383$ & $0.0186067$ & $-0.316473$ & $-0.046665$ & $-0.0139108$ & $0.00978309$ & $0.144165$ & $-0.108813$ & $-0.265677$ & $0.169889$ & $0.430906$ \\
Mz & $-0.00473627$ & $0.00911692$ & $0.00564451$ & $0.00392665$ & $1$ & $0.0060665$ & $0.000231373$ & $-0.00487474$ & $-0.00437401$ & $-0.00303535$ & $0.0216883$ & $0.0163222$ & $0.0144618$ & $-0.0145287$ & $0.000418197$ & $-0.00725667$ & $-0.014564$ & $-0.0153141$ & $-0.0104717$ & $-0.0116342$ & $-0.00983922$ & $-0.0108453$ & $0.00297657$ & $-0.00582523$ & $-0.008837$ & $0.00884336$ & $0.00530711$ & $0.0120327$ & $-0.0112941$ & $0.0118055$ & $0.00473117$ & $0.00321881$ & $0.0102957$ & $-0.00596358$ & $0.0196421$ & $-0.0036118$ & $0.00305406$ & $0.00460731$ & $-0.00618247$ & $-0.0186666$ & $-0.0150535$ & $0.0103633$ & $0.0189717$ & $0.00426426$ & $0.00956754$ & $0.00395985$ & $-0.0135831$ & $-0.0100372$ & $0.0131564$ \\
CW & $-0.0060603$ & $0.013694$ & $-0.0104458$ & $-0.0181386$ & $0.0060665$ & $1$ & $-0.0133053$ & $-0.131108$ & $-0.127906$ & $0.0145111$ & $0.189715$ & $0.0465026$ & $0.00504058$ & $0.0173145$ & $-0.0885211$ & $-0.0915375$ & $-0.276013$ & $-0.0520395$ & $-0.0477405$ & $-0.18771$ & $-0.192333$ & $-0.188665$ & $-0.0095253$ & $-0.00124861$ & $-0.0822327$ & $0.116081$ & $-0.0685735$ & $-0.0728668$ & $0.00873488$ & $0.0113661$ & $-0.00942059$ & $-0.00997056$ & $-0.00446584$ & $-0.124933$ & $0.0133203$ & $-0.00723707$ & $-0.00779038$ & $-0.010007$ & $-0.0157758$ & $0.0215816$ & $0.00692376$ & $-0.00850081$ & $0.0321986$ & $0.0229366$ & $-0.00291376$ & $-0.0161525$ & $-0.00375304$ & $0.00190627$ & $-0.0225934$ \\
CHG & $0.0192623$ & $0.00231637$ & $0.0127895$ & $-0.0131513$ & $0.000231373$ & $-0.0133053$ & $1$ & $-0.0681078$ & $-0.0177071$ & $0.0596797$ & $0.033481$ & $-0.159005$ & $-0.241241$ & $0.0338459$ & $-0.00975824$ & $-0.0155536$ & $0.0752689$ & $0.0689312$ & $0.074989$ & $-0.0323143$ & $-0.0354697$ & $-0.0330091$ & $-0.0109139$ & $0.081066$ & $0.0742947$ & $0.031213$ & $-0.0200252$ & $-0.00210491$ & $0.00525877$ & $-0.114058$ & $-0.0791938$ & $0.934171$ & $-0.148067$ & $-0.0428606$ & $0.00632904$ & $-0.00615239$ & $0.0293275$ & $-0.00237949$ & $-0.0146393$ & $-0.0169893$ & $-0.0410185$ & $-0.00326709$ & $-0.0238111$ & $0.00890335$ & $0.0540267$ & $-0.0923765$ & $-0.00659989$ & $-0.0487919$ & $0.00215731$ \\
CHWB & $0.0522355$ & $-0.0594997$ & $0.0123457$ & $0.0603385$ & $-0.00487474$ & $-0.131108$ & $-0.0681078$ & $1$ & $0.984755$ & $-0.562689$ & $-0.886582$ & $-0.0342919$ & $0.280609$ & $0.15663$ & $0.350898$ & $0.339043$ & $-0.181639$ & $-0.408391$ & $-0.405141$ & $0.861326$ & $0.900763$ & $0.882269$ & $0.0236383$ & $-0.645542$ & $-0.39986$ & $-0.504303$ & $0.3764$ & $0.301781$ & $0.0177421$ & $0.0663727$ & $0.0325595$ & $-0.0717937$ & $0.0883457$ & $0.531471$ & $-0.0436081$ & $0.0248001$ & $-0.00157477$ & $0.0105699$ & $-0.0215842$ & $0.00259169$ & $0.0198921$ & $-0.0228229$ & $-0.0673022$ & $0.0119381$ & $-0.0528052$ & $0.0424909$ & $-0.0464864$ & $0.0452263$ & $0.00767048$ \\
CHWHB_gaga & $0.0477981$ & $-0.0470915$ & $0.011347$ & $0.0587363$ & $-0.00437401$ & $-0.127906$ & $-0.0177071$ & $0.984755$ & $1$ & $-0.550695$ & $-0.870959$ & $-0.0150075$ & $0.278614$ & $0.148992$ & $0.350325$ & $0.337416$ & $-0.184422$ & $-0.409421$ & $-0.40532$ & $0.847225$ & $0.88448$ & $0.866421$ & $0.0217521$ & $-0.637571$ & $-0.401131$ & $-0.496061$ & $0.363761$ & $0.297255$ & $0.0219169$ & $0.087932$ & $0.0437069$ & $-0.0289005$ & $0.106654$ & $0.519414$ & $-0.0321068$ & $0.0191016$ & $-0.00425568$ & $0.00919384$ & $-0.0228101$ & $-0.000722986$ & $0.00895923$ & $-0.0203027$ & $-0.0284574$ & $0.0216832$ & $-0.0481766$ & $0.0435435$ & $-0.042413$ & $0.0303986$ & $0.00344995$ \\
CHWHB_gagaorth & $-0.00994744$ & $0.0492813$ & $0.029139$ & $-0.03385$ & $-0.00303535$ & $0.0145111$ & $0.0596797$ & $-0.562689$ & $-0.550695$ & $1$ & $0.359315$ & $0.349884$ & $-0.199801$ & $0.187877$ & $-0.161389$ & $-0.148879$ & $0.395197$ & $0.470741$ & $0.465784$ & $-0.347751$ & $-0.371624$ & $-0.36398$ & $-0.0183998$ & $0.538055$ & $0.479648$ & $0.20989$ & $-0.18372$ & $-0.122176$ & $-0.00180841$ & $-0.100464$ & $-0.0452916$ & $0.0776551$ & $-0.128005$ & $-0.320323$ & $0.0377724$ & $0.0111821$ & $0.018054$ & $-0.0183279$ & $0.00261099$ & $0.0161493$ & $-0.0379335$ & $-0.00253525$ & $0.0567206$ & $0.0142263$ & $0.0314008$ & $-0.0258497$ & $0.0371629$ & $-0.0370764$ & $-0.0051046$ \\
CHD & $-0.0403433$ & $0.0425231$ & $-0.00918505$ & $-0.0486559$ & $0.0216883$ & $0.189715$ & $0.033481$ & $-0.886582$ & $-0.870959$ & $0.359315$ & $1$ & $0.154007$ & $-0.127509$ & $-0.547366$ & $-0.45371$ & $-0.443299$ & $-0.257625$ & $0.0511809$ & $0.0505101$ & $-0.990985$ & $-0.991951$ & $-0.970065$ & $0.01578$ & $0.290247$ & $0.0156735$ & $0.554964$ & $-0.275755$ & $-0.332213$ & $-0.0130868$ & $-0.0321326$ & $-0.0161268$ & $0.0462168$ & $-0.0465722$ & $-0.352237$ & $0.0434291$ & $0.000608919$ & $-0.0130086$ & $0.00042372$ & $0.0183713$ & $-0.00933272$ & $-0.00584583$ & $0.0212603$ & $0.0474437$ & $-0.0100082$ & $0.0369676$ & $-0.0204287$ & $0.0293896$ & $-0.0253268$ & $-0.0077837$ \\
CHbox & $0.0356794$ & $0.0270804$ & $0.0415832$ & $-0.0124343$ & $0.0163222$ & $0.0465026$ & $-0.159005$ & $-0.0342919$ & $-0.0150075$ & $0.349884$ & $0.154007$ & $1$ & $0.675349$ & $-0.266652$ & $-0.00259643$ & $0.00467668$ & $-0.264052$ & $-0.225435$ & $-0.23164$ & $-0.137473$ & $-0.156684$ & $-0.151102$ & $-0.00152915$ & $-0.120684$ & $-0.226444$ & $0.081793$ & $-0.0658644$ & $-0.0606578$ & $0.0409479$ & $0.308434$ & $0.113205$ & $-0.069398$ & $0.36096$ & $-0.0350661$ & $0.0733549$ & $0.0634576$ & $-0.0201497$ & $0.0113421$ & $-0.0194134$ & $0.00312443$ & $0.0135259$ & $-0.00936061$ & $0.05392$ & $0.0351657$ & $0.0102073$ & $0.0447227$ & $0.0188215$ & $-0.00482456$ & $-0.0217731$ \\
CH & $0.0387519$ & $-0.0119672$ & $0.013842$ & $0.0108356$ & $0.0144618$ & $0.00504058$ & $-0.241241$ & $0.280609$ & $0.278614$ & $-0.199801$ & $-0.127509$ & $0.675349$ & $1$ & $-0.202854$ & $0.0762752$ & $0.0752976$ & $-0.308267$ & $-0.329461$ & $-0.331384$ & $0.127464$ & $0.133733$ & $0.131347$ & $0.0183733$ & $-0.328313$ & $-0.336019$ & $-0.0853716$ & $0.0790878$ & $0.0358177$ & $0.0385662$ & $0.23561$ & $0.114589$ & $-0.192974$ & $0.303618$ & $0.160469$ & $0.026844$ & $0.0356112$ & $-0.0288211$ & $0.0158242$ & $-0.00962857$ & $-0.001195$ & $0.0290357$ & $-0.0066986$ & $0.00471832$ & $0.0189654$ & $-0.0190899$ & $0.0570718$ & $-0.010187$ & $0.0229352$ & $-0.00791473$ \\
CHL1_11 & $-0.0158512$ & $-0.000982135$ & $0.00159558$ & $-0.000946875$ & $-0.0145287$ & $0.0173145$ & $0.0338459$ & $0.15663$ & $0.148992$ & $0.187877$ & $-0.547366$ & $-0.266652$ & $-0.202854$ & $1$ & $0.268382$ & $0.265844$ & $0.644017$ & $0.579386$ & $0.576963$ & $0.560718$ & $0.51472$ & $0.499397$ & $-0.0644568$ & $0.441241$ & $0.59764$ & $-0.285436$ & $-0.0359814$ & $0.172169$ & $-0.000628526$ & $-0.0433539$ & $-0.0219122$ & $0.0135048$ & $-0.0529755$ & $-0.173703$ & $-0.0147903$ & $-0.0518979$ & $0.0229491$ & $-0.0216231$ & $-0.00571142$ & $0.0182921$ & $-0.0257136$ & $-0.00680949$ & $0.0100537$ & $-0.00145829$ & $0.0114842$ & $-0.0306498$ & $0.0181874$ & $-0.0239476$ & $-0.000526143$ \\
CHL1_22 & $-0.0233895$ & $-0.0128372$ & $-0.0137326$ & $-0.0143966$ & $0.000418197$ & $-0.0885211$ & $-0.00975824$ & $0.350898$ & $0.350325$ & $-0.161389$ & $-0.45371$ & $-0.00259643$ & $0.0762752$ & $0.268382$ & $1$ & $0.415909$ & $0.159685$ & $-0.473085$ & $-0.0321725$ & $0.51156$ & $0.378043$ & $0.366409$ & $-0.143609$ & $0.0707965$ & $-0.117517$ & $-0.220228$ & $-0.349592$ & $0.118914$ & $9.00908e-05$ & $0.0382083$ & $0.0281605$ & $-0.0101972$ & $0.0244325$ & $-0.575347$ & $0.0109245$ & $-0.0525597$ & $0.0124928$ & $-0.0106929$ & $0.0148532$ & $0.0216801$ & $0.0211947$ & $-0.00184572$ & $0.0500879$ & $-0.0136781$ & $0.0532155$ & $-0.0248181$ & $0.0402959$ & $-0.0229218$ & $-0.0230848$ \\
CHL1_33 & $-0.0193253$ & $-0.0176974$ & $-0.0107059$ & $-0.0272814$ & $-0.00725667$ & $-0.0915375$ & $-0.0155536$ & $0.339043$ & $0.337416$ & $-0.148879$ & $-0.443299$ & $0.00467668$ & $0.0752976$ & $0.265844$ & $0.415909$ & $1$ & $0.162184$ & $-0.0168609$ & $-0.458779$ & $0.501618$ & $0.369795$ & $0.386064$ & $-0.138082$ & $0.0815505$ & $-0.104566$ & $-0.215419$ & $-0.340011$ & $0.114632$ & $-0.00759796$ & $0.0314132$ & $0.021107$ & $-0.0139523$ & $0.0233254$ & $-0.0404722$ & $0.0155983$ & $-0.0246582$ & $0.00858668$ & $0.0130561$ & $-0.00289449$ & $0.0165711$ & $0.0461234$ & $-0.00681339$ & $0.0364114$ & $-0.0244726$ & $0.0325339$ & $-0.0218049$ & $0.0392628$ & $-0.00254906$ & $-0.025468$ \\
CHL3_11 & $-0.0166048$ & $0.0176277$ & $0.00997076$ & $-0.0133196$ & $-0.014564$ & $-0.276013$ & $0.0752689$ & $-0.181639$ & $-0.184422$ & $0.395197$ & $-0.257625$ & $-0.264052$ & $-0.308267$ & $0.644017$ & $0.159685$ & $0.162184$ & $1$ & $0.717937$ & $0.714437$ & $0.27488$ & $0.230869$ & $0.22355$ & $-0.0504335$ & $0.649963$ & $0.782167$ & $-0.128047$ & $-0.0937095$ & $0.0797722$ & $-0.00915934$ & $-0.0743816$ & $-0.0354567$ & $0.0550257$ & $-0.0833077$ & $-0.200819$ & $-0.00849284$ & $-0.0323515$ & $0.0361884$ & $-0.0218512$ & $0.00362988$ & $0.00696068$ & $-0.0251649$ & $0.00139124$ & $0.0203987$ & $-0.00430731$ & $0.0131267$ & $-0.0279032$ & $0.0217696$ & $-0.0284114$ & $0.00930587$ \\
CHL3_22 & $-0.0120662$ & $0.0208126$ & $0.00934083$ & $-0.0133501$ & $-0.0153141$ & $-0.0520395$ & $0.0689312$ & $-0.408391$ & $-0.409421$ & $0.470741$ & $0.0511809$ & $-0.225435$ & $-0.329461$ & $0.579386$ & $-0.473085$ & $-0.0168609$ & $0.717937$ & $1$ & $0.647783$ & $-0.0550667$ & $-0.0432013$ & $-0.0402785$ & $0.0178696$ & $0.609013$ & $0.790061$ & $0.0293769$ & $0.0425918$ & $-0.00945131$ & $-0.00920606$ & $-0.0884121$ & $-0.048015$ & $0.0519793$ & $-0.0919794$ & $0.0835468$ & $-0.00664003$ & $-0.0135609$ & $0.0225434$ & $-0.0138097$ & $-0.00506663$ & $-0.00127926$ & $-0.0350825$ & $0.00230657$ & $-9.61927e-05$ & $-0.00146766$ & $-0.00804261$ & $-0.0221382$ & $0.00798165$ & $-0.0186755$ & $0.0159752$ \\
CHL3_33 & $-0.0136037$ & $0.0273078$ & $0.00983532$ & $-0.00297559$ & $-0.0104717$ & $-0.0477405$ & $0.074989$ & $-0.405141$ & $-0.40532$ & $0.465784$ & $0.0505101$ & $-0.23164$ & $-0.331384$ & $0.576963$ & $-0.0321725$ & $-0.458779$ & $0.714437$ & $0.647783$ & $1$ & $-0.0558873$ & $-0.0415419$ & $-0.038185$ & $0.0198601$ & $0.599995$ & $0.787851$ & $0.0279977$ & $0.0489832$ & $-0.00740755$ & $-0.00310848$ & $-0.0838356$ & $-0.0446589$ & $0.0564791$ & $-0.0922329$ & $-0.329289$ & $-0.0115282$ & $-0.032232$ & $0.0260456$ & $-0.0332035$ & $0.00718408$ & $0.00213269$ & $-0.0558249$ & $0.00522324$ & $0.00905374$ & $0.00887769$ & $0.00492926$ & $-0.023832$ & $0.00637029$ & $-0.0336618$ & $0.0189557$ \\
CHe_11 & $0.0298735$ & $-0.0261158$ & $0.0129033$ & $0.043242$ & $-0.0116342$ & $-0.18771$ & $-0.0323143$ & $0.861326$ & $0.847225$ & $-0.347751$ & $-0.990985$ & $-0.137473$ & $0.127464$ & $0.560718$ & $0.51156$ & $0.501618$ & $0.27488$ & $-0.0550667$ & $-0.0558873$ & $1$ & $0.975073$ & $0.953967$ & $-0.0331156$ & $-0.241554$ & $-0.00702455$ & $-0.546897$ & $0.208163$ & $0.325781$ & $0.0118242$ & $0.0345859$ & $0.0182876$ & $-0.043364$ & $0.046202$ & $0.27907$ & $-0.0345597$ & $-0.00667067$ & $0.0111495$ & $-0.000243427$ & $-0.0188414$ & $0.00962262$ & $0.0060838$ & $-0.0199214$ & $-0.0323166$ & $0.013416$ & $-0.027216$ & $0.0178462$ & $-0.0219019$ & $0.0197146$ & $0.0026189$ \\
CHe_22 & $0.0414917$ & $-0.0267773$ & $0.018204$ & $0.0562792$ & $-0.00983922$ & $-0.192333$ & $-0.0354697$ & $0.900763$ & $0.88448$ & $-0.371624$ & $-0.991951$ & $-0.156684$ & $0.133733$ & $0.51472$ & $0.378043$ & $0.369795$ & $0.230869$ & $-0.0432013$ & $-0.0415419$ & $0.975073$ & $1$ & $0.974409$ & $0.00589964$ & $-0.340222$ & $-0.0236555$ & $-0.556747$ & $0.347842$ & $0.335496$ & $0.0145444$ & $0.0314638$ & $0.0146414$ & $-0.0482073$ & $0.0477242$ & $0.431594$ & $-0.0444341$ & $0.00687468$ & $0.00817944$ & $0.000974333$ & $-0.0236279$ & $0.00548354$ & $-0.000308052$ & $-0.0219451$ & $-0.052997$ & $0.0203484$ & $-0.0457073$ & $0.0281676$ & $-0.0390574$ & $0.029219$ & $0.00948963$ \\
CHe_33 & $0.0401877$ & $-0.0230444$ & $0.0211449$ & $0.0532439$ & $-0.0108453$ & $-0.188665$ & $-0.0330091$ & $0.882269$ & $0.866421$ & $-0.36398$ & $-0.970065$ & $-0.151102$ & $0.131347$ & $0.499397$ & $0.366409$ & $0.386064$ & $0.22355$ & $-0.0402785$ & $-0.038185$ & $0.953967$ & $0.974409$ & $1$ & $0.00619842$ & $-0.333699$ & $-0.0212698$ & $-0.544318$ & $0.34528$ & $0.328427$ & $0.0148259$ & $0.03087$ & $0.0123536$ & $-0.0454453$ & $0.0468065$ & $0.429162$ & $-0.0438948$ & $0.00789642$ & $0.00860548$ & $0.00144918$ & $-0.0261459$ & $0.00420094$ & $-0.000830968$ & $-0.0231778$ & $-0.0520035$ & $0.0213012$ & $-0.0465318$ & $0.0281161$ & $-0.0403474$ & $0.0298818$ & $0.00878896$ \\
CHQ1_11 & $0.00648553$ & $0.00031331$ & $0.000158577$ & $0.0207666$ & $0.00297657$ & $-0.0095253$ & $-0.0109139$ & $0.0236383$ & $0.0217521$ & $-0.0183998$ & $0.01578$ & $-0.00152915$ & $0.0183733$ & $-0.0644568$ & $-0.143609$ & $-0.138082$ & $-0.0504335$ & $0.0178696$ & $0.0198601$ & $-0.0331156$ & $0.00589964$ & $0.00619842$ & $1$ & $-0.0955782$ & $0.0721868$ & $-0.67531$ & $0.291473$ & $0.0117464$ & $0.0178297$ & $-0.010097$ & $-0.0206143$ & $-0.0136881$ & $-0.00169551$ & $0.14717$ & $-0.0167853$ & $0.00810477$ & $0.0119844$ & $-0.0106517$ & $-0.00944172$ & $0.000128123$ & $-0.00946767$ & $-0.0120818$ & $-0.0274712$ & $0.0273722$ & $-0.0547859$ & $0.0155392$ & $-0.0399117$ & $0.0148802$ & $0.0158755$ \\
CHQ1_33 & $-0.0794444$ & $0.0287709$ & $-0.00739998$ & $-0.0531446$ & $-0.00582523$ & $-0.00124861$ & $0.081066$ & $-0.645542$ & $-0.637571$ & $0.538055$ & $0.290247$ & $-0.120684$ & $-0.328313$ & $0.441241$ & $0.0707965$ & $0.0815505$ & $0.649963$ & $0.609013$ & $0.599995$ & $-0.241554$ & $-0.340222$ & $-0.333699$ & $-0.0955782$ & $1$ & $0.658565$ & $0.188566$ & $-0.358295$ & $-0.0129048$ & $-0.0159421$ & $-0.0759095$ & $-0.0370915$ & $0.0720247$ & $-0.0996678$ & $-0.596917$ & $0.0278728$ & $-0.0658315$ & $0.0267469$ & $-0.0296326$ & $0.0223971$ & $0.0112662$ & $-0.0145783$ & $0.00822561$ & $0.066685$ & $-0.0246654$ & $0.0471098$ & $-0.0566338$ & $0.054552$ & $-0.0521631$ & $-0.00719139$ \\
CHQ3_11 & $-0.0509334$ & $0.0350567$ & $0.0124963$ & $0.0165193$ & $-0.008837$ & $-0.0822327$ & $0.0742947$ & $-0.39986$ & $-0.401131$ & $0.479648$ & $0.0156735$ & $-0.226444$ & $-0.336019$ & $0.59764$ & $-0.117517$ & $-0.104566$ & $0.782167$ & $0.790061$ & $0.787851$ & $-0.00702455$ & $-0.0236555$ & $-0.0212698$ & $0.0721868$ & $0.658565$ & $1$ & $0.0194219$ & $0.227501$ & $-0.0010992$ & $-0.00309678$ & $-0.094327$ & $-0.0625549$ & $0.0543832$ & $-0.0937605$ & $-0.216859$ & $-0.0285409$ & $-0.0361675$ & $0.0255485$ & $-0.0406026$ & $0.00471898$ & $-0.00195193$ & $-0.0600769$ & $-0.00597104$ & $-0.00911157$ & $0.0124962$ & $-0.0269678$ & $-0.0343767$ & $-0.0258167$ & $-0.0144532$ & $0.0209539$ \\
CHu_11 & $-0.0213193$ & $0.0234444$ & $-0.000641193$ & $-0.0289623$ & $0.00884336$ & $0.116081$ & $0.031213$ & $-0.504303$ & $-0.496061$ & $0.20989$ & $0.554964$ & $0.081793$ & $-0.0853716$ & $-0.285436$ & $-0.220228$ & $-0.215419$ & $-0.128047$ & $0.0293769$ & $0.0279977$ & $-0.546897$ & $-0.556747$ & $-0.544318$ & $-0.67531$ & $0.188566$ & $0.0194219$ & $1$ & $-0.152037$ & $-0.190152$ & $-0.0169177$ & $-0.0161528$ & $-0.00129931$ & $0.0391688$ & $-0.0243882$ & $-0.235493$ & $0.0139122$ & $0.00518319$ & $-0.0235004$ & $-0.00245598$ & $0.00847595$ & $-0.00768578$ & $-0.00597852$ & $0.015088$ & $0.0178306$ & $-0.0132358$ & $0.0266239$ & $-0.0144899$ & $0.0195449$ & $-0.0072244$ & $-0.0119498$ \\
CHd_11 & $0.0832037$ & $0.00700701$ & $0.0417872$ & $0.100258$ & $0.00530711$ & $-0.0685735$ & $-0.0200252$ & $0.3764$ & $0.363761$ & $-0.18372$ & $-0.275755$ & $-0.0658644$ & $0.0790878$ & $-0.0359814$ & $-0.349592$ & $-0.340011$ & $-0.0937095$ & $0.0425918$ & $0.0489832$ & $0.208163$ & $0.347842$ & $0.34528$ & $0.291473$ & $-0.358295$ & $0.227501$ & $-0.152037$ & $1$ & $0.114925$ & $0.0245688$ & $-0.0111562$ & $-0.0298609$ & $-0.0287316$ & $0.0343738$ & $0.628751$ & $-0.0854869$ & $0.0691398$ & $-0.00910165$ & $-0.0205315$ & $-0.0355988$ & $-0.0168738$ & $-0.048465$ & $-0.0261046$ & $-0.129878$ & $0.0576693$ & $-0.145941$ & $0.0615953$ & $-0.128259$ & $0.0729536$ & $0.0564651$ \\
CHd_33 & $0.0298124$ & $-0.00234346$ & $0.0124613$ & $0.00678338$ & $0.0120327$ & $-0.0728668$ & $-0.00210491$ & $0.301781$ & $0.297255$ & $-0.122176$ & $-0.332213$ & $-0.0606578$ & $0.0358177$ & $0.172169$ & $0.118914$ & $0.114632$ & $0.0797722$ & $-0.00945131$ & $-0.00740755$ & $0.325781$ & $0.335496$ & $0.328427$ & $0.0117464$ & $-0.0129048$ & $-0.0010992$ & $-0.190152$ & $0.114925$ & $1$ & $0.00380547$ & $0.00394094$ & $0.012658$ & $-0.00686556$ & $0.00773888$ & $0.15251$ & $0.00275473$ & $0.00653129$ & $0.002777$ & $-0.0069551$ & $0.00938939$ & $0.00694916$ & $-0.00607015$ & $0.00152288$ & $0.00715692$ & $0.0061345$ & $-0.0089064$ & $0.0213677$ & $0.00490122$ & $0.00691586$ & $0.000551093$ \\
CeH_22r & $0.0184447$ & $0.00991366$ & $-0.00926404$ & $-0.00607405$ & $-0.0112941$ & $0.00873488$ & $0.00525877$ & $0.0177421$ & $0.0219169$ & $-0.00180841$ & $-0.0130868$ & $0.0409479$ & $0.0385662$ & $-0.000628526$ & $9.00908e-05$ & $-0.00759796$ & $-0.00915934$ & $-0.00920606$ & $-0.00310848$ & $0.0118242$ & $0.0145444$ & $0.0148259$ & $0.0178297$ & $-0.0159421$ & $-0.00309678$ & $-0.0169177$ & $0.0245688$ & $0.00380547$ & $1$ & $0.0325603$ & $0.0169824$ & $-0.00683766$ & $0.0422553$ & $0.014076$ & $-0.0225345$ & $-0.00540614$ & $-0.0251672$ & $-0.0087834$ & $0.00152632$ & $-0.0100885$ & $-0.00493393$ & $-0.0109551$ & $-0.0184605$ & $-0.00422022$ & $-0.0228403$ & $0.00786537$ & $-0.0103115$ & $0.0183449$ & $0.000755732$ \\
CeH_33r & $0.0089511$ & $0.03112$ & $-0.00841407$ & $-0.0295889$ & $0.0118055$ & $0.0113661$ & $-0.114058$ & $0.0663727$ & $0.087932$ & $-0.100464$ & $-0.0321326$ & $0.308434$ & $0.23561$ & $-0.0433539$ & $0.0382083$ & $0.0314132$ & $-0.0743816$ & $-0.0884121$ & $-0.0838356$ & $0.0345859$ & $0.0314638$ & $0.03087$ & $-0.010097$ & $-0.0759095$ & $-0.094327$ & $-0.0161528$ & $-0.0111562$ & $0.00394094$ & $0.0325603$ & $1$ & $0.311431$ & $0.0369609$ & $0.652158$ & $0.0202278$ & $-0.0328646$ & $-0.0223416$ & $-0.131349$ & $-0.0271562$ & $-0.00681433$ & $-0.00709605$ & $-0.00462836$ & $-0.0140953$ & $-0.0102778$ & $0.00250933$ & $0.0414172$ & $0.0217778$ & $0.0161774$ & $0.00567702$ & $-0.0436349$ \\
CuH_22r & $0.0667364$ & $-0.0145073$ & $0.0880282$ & $-0.105739$ & $0.00473117$ & $-0.00942059$ & $-0.0791938$ & $0.0325595$ & $0.0437069$ & $-0.0452916$ & $-0.0161268$ & $0.113205$ & $0.114589$ & $-0.0219122$ & $0.0281605$ & $0.021107$ & $-0.0354567$ & $-0.048015$ & $-0.0446589$ & $0.0182876$ & $0.0146414$ & $0.0123536$ & $-0.0206143$ & $-0.0370915$ & $-0.0625549$ & $-0.00129931$ & $-0.0298609$ & $0.012658$ & $0.0169824$ & $0.311431$ & $1$ & $0.0185093$ & $0.329862$ & $0.000952609$ & $0.0637114$ & $0.0152339$ & $-0.164297$ & $-0.0138419$ & $0.00690874$ & $-0.012786$ & $0.0578239$ & $-0.00681537$ & $0.0205744$ & $-0.00970188$ & $-0.0423846$ & $0.156932$ & $0.287767$ & $-0.0484522$ & $-0.0845103$ \\
CuH_33r & $0.0342758$ & $0.0176137$ & $0.0443347$ & $-0.0276278$ & $0.00321881$ & $-0.00997056$ & $0.934171$ & $-0.0717937$ & $-0.0289005$ & $0.0776551$ & $0.0462168$ & $-0.069398$ & $-0.192974$ & $0.0135048$ & $-0.0101972$ & $-0.0139523$ & $0.0550257$ & $0.0519793$ & $0.0564791$ & $-0.043364$ & $-0.0482073$ & $-0.0454453$ & $-0.0136881$ & $0.0720247$ & $0.0543832$ & $0.0391688$ & $-0.0287316$ & $-0.00686556$ & $-0.00683766$ & $0.0369609$ & $0.0185093$ & $1$ & $0.0331093$ & $-0.0457873$ & $0.0670794$ & $0.0357541$ & $0.00446624$ & $-0.00684858$ & $-0.0291335$ & $-0.0186426$ & $-0.0324616$ & $-0.006148$ & $0.0053756$ & $0.0153749$ & $0.0465184$ & $-0.0693274$ & $0.015538$ & $-0.0559003$ & $-0.01204$ \\
CdH_33r & $0.115193$ & $-0.0133291$ & $0.0208256$ & $0.149018$ & $0.0102957$ & $-0.00446584$ & $-0.148067$ & $0.0883457$ & $0.106654$ & $-0.128005$ & $-0.0465722$ & $0.36096$ & $0.303618$ & $-0.0529755$ & $0.0244325$ & $0.0233254$ & $-0.0833077$ & $-0.0919794$ & $-0.0922329$ & $0.046202$ & $0.0477242$ & $0.0468065$ & $-0.00169551$ & $-0.0996678$ & $-0.0937605$ & $-0.0243882$ & $0.0343738$ & $0.00773888$ & $0.0422553$ & $0.652158$ & $0.329862$ & $0.0331093$ & $1$ & $0.0510162$ & $-0.117658$ & $-0.0178674$ & $-0.0796372$ & $0.00546708$ & $0.0903872$ & $0.0113073$ & $-0.156078$ & $-0.00652006$ & $-0.0957847$ & $-0.123074$ & $-0.0515251$ & $0.0481006$ & $-0.102935$ & $0.264853$ & $0.369835$ \\
CLL_1221 & $0.0648167$ & $0.00107471$ & $0.0298618$ & $0.0664574$ & $-0.00596358$ & $-0.124933$ & $-0.0428606$ & $0.531471$ & $0.519414$ & $-0.320323$ & $-0.352237$ & $-0.0350661$ & $0.160469$ & $-0.173703$ & $-0.575347$ & $-0.0404722$ & $-0.200819$ & $0.0835468$ & $-0.329289$ & $0.27907$ & $0.431594$ & $0.429162$ & $0.14717$ & $-0.596917$ & $-0.216859$ & $-0.235493$ & $0.628751$ & $0.15251$ & $0.014076$ & $0.0202278$ & $0.000952609$ & $-0.0457873$ & $0.0510162$ & $1$ & $-0.0437583$ & $0.0745021$ & $-0.0163212$ & $0.0229735$ & $-0.0353784$ & $-0.0199921$ & $-0.00573427$ & $-0.0161421$ & $-0.0937052$ & $0.0368332$ & $-0.0919623$ & $0.0613505$ & $-0.0810805$ & $0.0588237$ & $0.0262156$ \\
eHggint & $-0.0530629$ & $0.115146$ & $0.279617$ & $-0.107859$ & $0.0196421$ & $0.0133203$ & $0.00632904$ & $-0.0436081$ & $-0.0321068$ & $0.0377724$ & $0.0434291$ & $0.0733549$ & $0.026844$ & $-0.0147903$ & $0.0109245$ & $0.0155983$ & $-0.00849284$ & $-0.00664003$ & $-0.0115282$ & $-0.0345597$ & $-0.0444341$ & $-0.0438948$ & $-0.0167853$ & $0.0278728$ & $-0.0285409$ & $0.0139122$ & $-0.0854869$ & $0.00275473$ & $-0.0225345$ & $-0.0328646$ & $0.0637114$ & $0.0670794$ & $-0.117658$ & $-0.0437583$ & $1$ & $0.128904$ & $0.115943$ & $0.061578$ & $-0.156842$ & $-0.0791038$ & $0.153168$ & $0.00769806$ & $0.498079$ & $0.0323925$ & $-0.0125078$ & $0.0888611$ & $0.286072$ & $-0.247889$ & $-0.137469$ \\
eHggpar & $0.373723$ & $0.029119$ & $0.29621$ & $-0.0333517$ & $-0.0036118$ & $-0.00723707$ & $-0.00615239$ & $0.0248001$ & $0.0191016$ & $0.0111821$ & $0.000608919$ & $0.0634576$ & $0.0356112$ & $-0.0518979$ & $-0.0525597$ & $-0.0246582$ & $-0.0323515$ & $-0.0135609$ & $-0.032232$ & $-0.00667067$ & $0.00687468$ & $0.00789642$ & $0.00810477$ & $-0.0658315$ & $-0.0361675$ & $0.00518319$ & $0.0691398$ & $0.00653129$ & $-0.00540614$ & $-0.0223416$ & $0.0152339$ & $0.0357541$ & $-0.0178674$ & $0.0745021$ & $0.128904$ & $1$ & $-0.0562597$ & $-0.0134644$ & $-0.310106$ & $0.0814079$ & $0.188714$ & $0.0231461$ & $0.0477397$ & $0.241469$ & $-0.329768$ & $0.396071$ & $-0.062268$ & $0.130961$ & $-0.108638$ \\
eHWWint & $0.0196166$ & $-0.198151$ & $-0.0662794$ & $0.209827$ & $0.00305406$ & $-0.00779038$ & $0.0293275$ & $-0.00157477$ & $-0.00425568$ & $0.018054$ & $-0.0130086$ & $-0.0201497$ & $-0.0288211$ & $0.0229491$ & $0.0124928$ & $0.00858668$ & $0.0361884$ & $0.0225434$ & $0.0260456$ & $0.0111495$ & $0.00817944$ & $0.00860548$ & $0.0119844$ & $0.0267469$ & $0.0255485$ & $-0.0235004$ & $-0.00910165$ & $0.002777$ & $-0.0251672$ & $-0.131349$ & $-0.164297$ & $0.00446624$ & $-0.0796372$ & $-0.0163212$ & $0.115943$ & $-0.0562597$ & $1$ & $0.0438953$ & $0.023733$ & $-0.0599926$ & $0.0521665$ & $-0.0107305$ & $0.0854067$ & $0.109389$ & $0.196102$ & $-0.277558$ & $-0.298891$ & $-0.157222$ & $0.266539$ \\
eHWWpar & $0.0391504$ & $0.0719012$ & $-0.0404503$ & $0.0679883$ & $0.00460731$ & $-0.010007$ & $-0.00237949$ & $0.0105699$ & $0.00919384$ & $-0.0183279$ & $0.00042372$ & $0.0113421$ & $0.0158242$ & $-0.0216231$ & $-0.0106929$ & $0.0130561$ & $-0.0218512$ & $-0.0138097$ & $-0.0332035$ & $-0.000243427$ & $0.000974333$ & $0.00144918$ & $-0.0106517$ & $-0.0296326$ & $-0.0406026$ & $-0.00245598$ & $-0.0205315$ & $-0.0069551$ & $-0.0087834$ & $-0.0271562$ & $-0.0138419$ & $-0.00684858$ & $0.00546708$ & $0.0229735$ & $0.061578$ & $-0.0134644$ & $0.0438953$ & $1$ & $0.095249$ & $-0.00923535$ & $-0.0591446$ & $-0.00643027$ & $-0.0185524$ & $-0.0247$ & $0.00361518$ & $-0.0292188$ & $-0.0295857$ & $0.040646$ & $0.0723084$ \\
eHZZint & $-0.138621$ & $-0.110811$ & $-0.325708$ & $0.257383$ & $-0.00618247$ & $-0.0157758$ & $-0.0146393$ & $-0.0215842$ & $-0.0228101$ & $0.00261099$ & $0.0183713$ & $-0.0194134$ & $-0.00962857$ & $-0.00571142$ & $0.0148532$ & $-0.00289449$ & $0.00362988$ & $-0.00506663$ & $0.00718408$ & $-0.0188414$ & $-0.0236279$ & $-0.0261459$ & $-0.00944172$ & $0.0223971$ & $0.00471898$ & $0.00847595$ & $-0.0355988$ & $0.00938939$ & $0.00152632$ & $-0.00681433$ & $0.00690874$ & $-0.0291335$ & $0.0903872$ & $-0.0353784$ & $-0.156842$ & $-0.310106$ & $0.023733$ & $0.095249$ & $1$ & $0.0168345$ & $-0.16092$ & $-0.0227988$ & $-0.0822593$ & $-0.467613$ & $0.105863$ & $-0.277303$ & $0.122303$ & $0.00563645$ & $0.27106$ \\
eHZZpar & $0.063219$ & $-0.0301356$ & $0.00997721$ & $0.0186067$ & $-0.0186666$ & $0.0215816$ & $-0.0169893$ & $0.00259169$ & $-0.000722986$ & $0.0161493$ & $-0.00933272$ & $0.00312443$ & $-0.001195$ & $0.0182921$ & $0.0216801$ & $0.0165711$ & $0.00696068$ & $-0.00127926$ & $0.00213269$ & $0.00962262$ & $0.00548354$ & $0.00420094$ & $0.000128123$ & $0.0112662$ & $-0.00195193$ & $-0.00768578$ & $-0.0168738$ & $0.00694916$ & $-0.0100885$ & $-0.00709605$ & $-0.012786$ & $-0.0186426$ & $0.0113073$ & $-0.0199921$ & $-0.0791038$ & $0.0814079$ & $-0.0599926$ & $-0.00923535$ & $0.0168345$ & $1$ & $-0.0312476$ & $-0.000999772$ & $-0.0683989$ & $-0.0657245$ & $-0.0411493$ & $0.00214881$ & $-0.0305109$ & $0.0796812$ & $0.0114983$ \\
eHZgaint & $0.0392194$ & $-0.175858$ & $0.0538777$ & $-0.316473$ & $-0.0150535$ & $0.00692376$ & $-0.0410185$ & $0.0198921$ & $0.00895923$ & $-0.0379335$ & $-0.00584583$ & $0.0135259$ & $0.0290357$ & $-0.0257136$ & $0.0211947$ & $0.0461234$ & $-0.0251649$ & $-0.0350825$ & $-0.0558249$ & $0.0060838$ & $-0.000308052$ & $-0.000830968$ & $-0.00946767$ & $-0.0145783$ & $-0.0600769$ & $-0.00597852$ & $-0.048465$ & $-0.00607015$ & $-0.00493393$ & $-0.00462836$ & $0.0578239$ & $-0.0324616$ & $-0.156078$ & $-0.00573427$ & $0.153168$ & $0.188714$ & $0.0521665$ & $-0.0591446$ & $-0.16092$ & $-0.0312476$ & $1$ & $0.00400353$ & $-0.134261$ & $-0.266331$ & $-0.173842$ & $0.0493816$ & $0.171016$ & $-0.00121939$ & $-0.40515$ \\
eHZgapar & $0.0509955$ & $0.0263738$ & $-0.0350062$ & $-0.046665$ & $0.0103633$ & $-0.00850081$ & $-0.00326709$ & $-0.0228229$ & $-0.0203027$ & $-0.00253525$ & $0.0212603$ & $-0.00936061$ & $-0.0066986$ & $-0.00680949$ & $-0.00184572$ & $-0.00681339$ & $0.00139124$ & $0.00230657$ & $0.00522324$ & $-0.0199214$ & $-0.0219451$ & $-0.0231778$ & $-0.0120818$ & $0.00822561$ & $-0.00597104$ & $0.015088$ & $-0.0261046$ & $0.00152288$ & $-0.0109551$ & $-0.0140953$ & $-0.00681537$ & $-0.006148$ & $-0.00652006$ & $-0.0161421$ & $0.00769806$ & $0.0231461$ & $-0.0107305$ & $-0.00643027$ & $-0.0227988$ & $-0.000999772$ & $0.00400353$ & $1$ & $0.0411969$ & $0.023703$ & $-0.0373766$ & $-0.00475429$ & $-0.00994784$ & $-0.000155757$ & $-0.0146675$ \\
eHgagaint & $-0.107618$ & $0.237638$ & $0.0732423$ & $-0.0139108$ & $0.0189717$ & $0.0321986$ & $-0.0238111$ & $-0.0673022$ & $-0.0284574$ & $0.0567206$ & $0.0474437$ & $0.05392$ & $0.00471832$ & $0.0100537$ & $0.0500879$ & $0.0364114$ & $0.0203987$ & $-9.61927e-05$ & $0.00905374$ & $-0.0323166$ & $-0.052997$ & $-0.0520035$ & $-0.0274712$ & $0.066685$ & $-0.00911157$ & $0.0178306$ & $-0.129878$ & $0.00715692$ & $-0.0184605$ & $-0.0102778$ & $0.0205744$ & $0.0053756$ & $-0.0957847$ & $-0.0937052$ & $0.498079$ & $0.0477397$ & $0.0854067$ & $-0.0185524$ & $-0.0822593$ & $-0.0683989$ & $-0.134261$ & $0.0411969$ & $1$ & $0.252432$ & $-0.0293686$ & $0.159411$ & $0.0950774$ & $-0.315706$ & $-0.101739$ \\
eHmumuint & $0.042878$ & $0.386664$ & $0.144383$ & $0.00978309$ & $0.00426426$ & $0.0229366$ & $0.00890335$ & $0.0119381$ & $0.0216832$ & $0.0142263$ & $-0.0100082$ & $0.0351657$ & $0.0189654$ & $-0.00145829$ & $-0.0136781$ & $-0.0244726$ & $-0.00430731$ & $-0.00146766$ & $0.00887769$ & $0.013416$ & $0.0203484$ & $0.0213012$ & $0.0273722$ & $-0.0246654$ & $0.0124962$ & $-0.0132358$ & $0.0576693$ & $0.0061345$ & $-0.00422022$ & $0.00250933$ & $-0.00970188$ & $0.0153749$ & $-0.123074$ & $0.0368332$ & $0.0323925$ & $0.241469$ & $0.109389$ & $-0.0247$ & $-0.467613$ & $-0.0657245$ & $-0.266331$ & $0.023703$ & $0.252432$ & $1$ & $0.0716371$ & $0.181938$ & $-0.0878902$ & $-0.210631$ & $-0.244065$ \\
eHtautauint & $-0.124383$ & $0.0628121$ & $-0.149436$ & $0.144165$ & $0.00956754$ & $-0.00291376$ & $0.0540267$ & $-0.0528052$ & $-0.0481766$ & $0.0314008$ & $0.0369676$ & $0.0102073$ & $-0.0190899$ & $0.0114842$ & $0.0532155$ & $0.0325339$ & $0.0131267$ & $-0.00804261$ & $0.00492926$ & $-0.027216$ & $-0.0457073$ & $-0.0465318$ & $-0.0547859$ & $0.0471098$ & $-0.0269678$ & $0.0266239$ & $-0.145941$ & $-0.0089064$ & $-0.0228403$ & $0.0414172$ & $-0.0423846$ & $0.0465184$ & $-0.0515251$ & $-0.0919623$ & $-0.0125078$ & $-0.329768$ & $0.196102$ & $0.00361518$ & $0.105863$ & $-0.0411493$ & $-0.173842$ & $-0.0373766$ & $-0.0293686$ & $0.0716371$ & $1$ & $-0.359903$ & $-0.071961$ & $-0.330137$ & $-0.00241141$ \\
eHccint & $0.249879$ & $0.0189966$ & $0.549259$ & $-0.108813$ & $0.00395985$ & $-0.0161525$ & $-0.0923765$ & $0.0424909$ & $0.0435435$ & $-0.0258497$ & $-0.0204287$ & $0.0447227$ & $0.0570718$ & $-0.0306498$ & $-0.0248181$ & $-0.0218049$ & $-0.0279032$ & $-0.0221382$ & $-0.023832$ & $0.0178462$ & $0.0281676$ & $0.0281161$ & $0.0155392$ & $-0.0566338$ & $-0.0343767$ & $-0.0144899$ & $0.0615953$ & $0.0213677$ & $0.00786537$ & $0.0217778$ & $0.156932$ & $-0.0693274$ & $0.0481006$ & $0.0613505$ & $0.0888611$ & $0.396071$ & $-0.277558$ & $-0.0292188$ & $-0.277303$ & $0.00214881$ & $0.0493816$ & $-0.00475429$ & $0.159411$ & $0.181938$ & $-0.359903$ & $1$ & $0.27757$ & $0.21048$ & $-0.0860653$ \\
eHccpar & $0.07782$ & $-0.104281$ & $0.193754$ & $-0.265677$ & $-0.0135831$ & $-0.00375304$ & $-0.00659989$ & $-0.0464864$ & $-0.042413$ & $0.0371629$ & $0.0293896$ & $0.0188215$ & $-0.010187$ & $0.0181874$ & $0.0402959$ & $0.0392628$ & $0.0217696$ & $0.00798165$ & $0.00637029$ & $-0.0219019$ & $-0.0390574$ & $-0.0403474$ & $-0.0399117$ & $0.054552$ & $-0.0258167$ & $0.0195449$ & $-0.128259$ & $0.00490122$ & $-0.0103115$ & $0.0161774$ & $0.287767$ & $0.015538$ & $-0.102935$ & $-0.0810805$ & $0.286072$ & $-0.062268$ & $-0.298891$ & $-0.0295857$ & $0.122303$ & $-0.0305109$ & $0.171016$ & $-0.00994784$ & $0.0950774$ & $-0.0878902$ & $-0.071961$ & $0.27757$ & $1$ & $-0.278618$ & $-0.25169$ \\
eHbbint & $0.11045$ & $-0.0640743$ & $0.138412$ & $0.169889$ & $-0.0100372$ & $0.00190627$ & $-0.0487919$ & $0.0452263$ & $0.0303986$ & $-0.0370764$ & $-0.0253268$ & $-0.00482456$ & $0.0229352$ & $-0.0239476$ & $-0.0229218$ & $-0.00254906$ & $-0.0284114$ & $-0.0186755$ & $-0.0336618$ & $0.0197146$ & $0.029219$ & $0.0298818$ & $0.0148802$ & $-0.0521631$ & $-0.0144532$ & $-0.0072244$ & $0.0729536$ & $0.00691586$ & $0.0183449$ & $0.00567702$ & $-0.0484522$ & $-0.0559003$ & $0.264853$ & $0.0588237$ & $-0.247889$ & $0.130961$ & $-0.157222$ & $0.040646$ & $0.00563645$ & $0.0796812$ & $-0.00121939$ & $-0.000155757$ & $-0.315706$ & $-0.210631$ & $-0.330137$ & $0.21048$ & $-0.278618$ & $1$ & $0.252919$ \\
eHbbpar & $0.204868$ & $-0.0918184$ & $-0.0301202$ & $0.430906$ & $0.0131564$ & $-0.0225934$ & $0.00215731$ & $0.00767048$ & $0.00344995$ & $-0.0051046$ & $-0.0077837$ & $-0.0217731$ & $-0.00791473$ & $-0.000526143$ & $-0.0230848$ & $-0.025468$ & $0.00930587$ & $0.0159752$ & $0.0189557$ & $0.0026189$ & $0.00948963$ & $0.00878896$ & $0.0158755$ & $-0.00719139$ & $0.0209539$ & $-0.0119498$ & $0.0564651$ & $0.000551093$ & $0.000755732$ & $-0.0436349$ & $-0.0845103$ & $-0.01204$ & $0.369835$ & $0.0262156$ & $-0.137469$ & $-0.108638$ & $0.266539$ & $0.0723084$ & $0.27106$ & $0.0114983$ & $-0.40515$ & $-0.0146675$ & $-0.101739$ & $-0.244065$ & $-0.00241141$ & $-0.0860653$ & $-0.25169$ & $0.252919$ & $1$ \\
