 & AlsMz & dAle5Mz & mtop & mHl & Mz & CW & CHG & CHWB & CHWHB_gaga & CHWHB_gagaorth & CHD & CHbox & CH & CHL1_11 & CHL1_22 & CHL1_33 & CHL3_11 & CHL3_22 & CHL3_33 & CHe_11 & CHe_22 & CHe_33 & CHQ1_11 & CHQ1_33 & CHQ3_11 & CHu_11 & CHd_11 & CHd_33 & CeH_22r & CeH_33r & CuH_22r & CuH_33r & CdH_33r & CLL_1221 & eHggint & eHggpar & eHWWint & eHWWpar & eHZZint & eHZZpar & eHZgaint & eHZgapar & eHgagaint & eHmumuint & eHtautauint & eHccint & eHccpar & eHbbint & eHbbpar \\
AlsMz & $1$ & $-0.00502122$ & $0.0107525$ & $0.0204809$ & $-0.0190613$ & $0.0322916$ & $-0.00196837$ & $0.0305733$ & $0.0355369$ & $0.0305904$ & $-0.0211015$ & $0.0240792$ & $0.00241924$ & $-0.0122101$ & $-0.0300458$ & $-0.0365266$ & $-0.0172841$ & $-0.0107592$ & $-0.00271241$ & $0.00534435$ & $0.0194294$ & $0.0297802$ & $0.0340637$ & $-0.0959198$ & $-0.108787$ & $-0.0406313$ & $0.0400602$ & $-0.0624619$ & $0.115529$ & $0.00606726$ & $0.0927884$ & $-0.00276292$ & $0.0250575$ & $0.0620563$ & $0.0498033$ & $-0.0476583$ & $-0.0277527$ & $0.00200007$ & $0.00298772$ & $0.0374845$ & $-0.0193331$ & $-0.0767031$ & $0.0768312$ & $0.0216224$ & $-0.0529066$ & $-0.0403829$ & $0.046029$ & $-0.0247776$ & $-0.0324391$ \\
dAle5Mz & $-0.00502122$ & $1$ & $-0.0406322$ & $-0.0848644$ & $-0.0481552$ & $0.0598776$ & $0.000825152$ & $-0.103754$ & $-0.105136$ & $0.10515$ & $0.0721033$ & $0.0663441$ & $-0.00543657$ & $-0.00622587$ & $-0.0331725$ & $-0.032973$ & $0.0456797$ & $0.050067$ & $0.0453465$ & $-0.0550349$ & $-0.0579077$ & $-0.0548431$ & $0.0221283$ & $0.0431054$ & $0.0399551$ & $0.00843465$ & $-0.0337313$ & $-0.050241$ & $-0.0254924$ & $0.046781$ & $0.0634977$ & $0.00815283$ & $0.0108281$ & $0.00556862$ & $0.0660217$ & $-0.0102593$ & $0.00764292$ & $0.0314521$ & $-0.119321$ & $0.0134825$ & $0.0595746$ & $-0.00198716$ & $-0.0674325$ & $0.0239833$ & $0.032096$ & $0.0459602$ & $-0.0502075$ & $-0.0244835$ & $-0.0151045$ \\
mtop & $0.0107525$ & $-0.0406322$ & $1$ & $-0.0215631$ & $8.1494e-05$ & $-0.030075$ & $-0.108823$ & $0.0513055$ & $0.0552781$ & $-0.0496455$ & $-0.0260996$ & $-0.0742618$ & $0.0639903$ & $-0.00685247$ & $-0.0329347$ & $-0.00217771$ & $-0.0254088$ & $-0.0125212$ & $-0.0443494$ & $0.0197724$ & $0.0375614$ & $0.0264651$ & $-0.0657957$ & $-0.0746304$ & $-0.0472787$ & $0.0216247$ & $0.0116069$ & $0.0112813$ & $0.058829$ & $0.0287538$ & $-0.00331626$ & $-0.0842866$ & $0.0522701$ & $0.0818185$ & $0.0434485$ & $0.0311991$ & $0.00972809$ & $0.0102862$ & $-0.0581894$ & $-0.00991641$ & $-0.0217141$ & $0.130104$ & $0.116517$ & $0.0917858$ & $0.0570309$ & $-0.0276995$ & $0.0166404$ & $-0.0465577$ & $0.00188833$ \\
mHl & $0.0204809$ & $-0.0848644$ & $-0.0215631$ & $1$ & $0.0301187$ & $0.00116594$ & $0.00401169$ & $0.0989799$ & $0.101437$ & $-0.0921333$ & $-0.118461$ & $-0.062882$ & $0.0250013$ & $0.0726307$ & $0.115605$ & $0.116586$ & $0.0277306$ & $-0.019053$ & $-0.0318609$ & $0.123524$ & $0.106124$ & $0.0974485$ & $0.032359$ & $-0.0272775$ & $0.0128387$ & $-0.112458$ & $0.00337915$ & $0.0831897$ & $0.0177369$ & $0.0681167$ & $0.0119914$ & $0.0280175$ & $-0.0127617$ & $-0.0141621$ & $0.0456871$ & $0.0104277$ & $0.0257645$ & $-0.0631193$ & $0.0372089$ & $-0.0332999$ & $-0.0483989$ & $-0.0424535$ & $0.0174977$ & $-0.0367623$ & $0.0530683$ & $-0.0226319$ & $0.0819587$ & $-0.0314066$ & $-0.0907821$ \\
Mz & $-0.0190613$ & $-0.0481552$ & $8.1494e-05$ & $0.0301187$ & $1$ & $-0.00694915$ & $0.00622137$ & $-0.0174803$ & $-0.0152092$ & $-0.0177915$ & $0.0318174$ & $0.0434243$ & $-0.0498191$ & $-0.029465$ & $-0.0239412$ & $-0.0397894$ & $-0.00505663$ & $-0.00193243$ & $0.0140942$ & $-0.0271906$ & $-0.021469$ & $-0.0140218$ & $-0.0455227$ & $-0.00961397$ & $-0.0154691$ & $0.0218007$ & $-0.0239437$ & $0.00313783$ & $-0.0307778$ & $-0.012569$ & $-0.0296849$ & $-0.00515578$ & $-0.0252644$ & $0.00538457$ & $0.019973$ & $0.0446336$ & $0.0564185$ & $-0.0221395$ & $-0.0529309$ & $0.0331888$ & $0.0280952$ & $-0.0403211$ & $-0.0204046$ & $0.0291172$ & $0.0259005$ & $-0.0212044$ & $-0.0663043$ & $0.0682571$ & $-0.0601509$ \\
CW & $0.0322916$ & $0.0598776$ & $-0.030075$ & $0.00116594$ & $-0.00694915$ & $1$ & $-0.0143889$ & $-0.0476645$ & $-0.0498957$ & $0.0311598$ & $0.157951$ & $0.0826723$ & $0.00237293$ & $-0.0266312$ & $-0.073057$ & $-0.0831661$ & $-0.366777$ & $-0.174529$ & $-0.168082$ & $-0.158962$ & $-0.158659$ & $-0.154496$ & $-0.0554927$ & $-0.107198$ & $-0.213042$ & $0.148735$ & $-0.0671267$ & $-0.0937745$ & $0.0173199$ & $-0.0110234$ & $-0.0934664$ & $-0.020725$ & $-0.0378924$ & $-0.101822$ & $0.0707077$ & $-0.0266103$ & $0.00584228$ & $-0.0812733$ & $0.0102941$ & $-0.0137988$ & $0.0498558$ & $-0.0427653$ & $0.0127443$ & $-0.000244888$ & $-0.0333598$ & $0.0362071$ & $0.0153302$ & $-0.00835613$ & $-0.00745025$ \\
CHG & $-0.00196837$ & $0.000825152$ & $-0.108823$ & $0.00401169$ & $0.00622137$ & $-0.0143889$ & $1$ & $-0.0374517$ & $-0.00362005$ & $0.0240203$ & $0.026325$ & $0.124336$ & $-0.184278$ & $-0.00239241$ & $0.00829136$ & $-0.0198524$ & $0.021779$ & $0.00886367$ & $0.0294358$ & $-0.0257094$ & $-0.0276576$ & $-0.0356594$ & $0.0111084$ & $0.0381098$ & $0.00921952$ & $0.0124818$ & $-0.0360602$ & $-0.0349929$ & $0.0426417$ & $-0.146989$ & $-0.0773542$ & $0.892073$ & $-0.13649$ & $-0.0438447$ & $-0.0579051$ & $-0.0143184$ & $0.0179258$ & $0.0686627$ & $-0.0744691$ & $-0.00380386$ & $-0.076627$ & $-0.00112955$ & $-0.038381$ & $0.00455002$ & $-0.0627042$ & $-0.0380406$ & $-0.03445$ & $0.0120855$ & $0.0276456$ \\
CHWB & $0.0305733$ & $-0.103754$ & $0.0513055$ & $0.0989799$ & $-0.0174803$ & $-0.0476645$ & $-0.0374517$ & $1$ & $0.98945$ & $-0.562234$ & $-0.873676$ & $-0.244675$ & $0.00946027$ & $0.226728$ & $0.443831$ & $0.47278$ & $-0.232374$ & $-0.429535$ & $-0.44376$ & $0.85353$ & $0.887307$ & $0.884024$ & $0.00277521$ & $-0.644873$ & $-0.406067$ & $-0.601387$ & $0.379027$ & $0.39149$ & $0.0196114$ & $0.0371493$ & $0.020503$ & $-0.0694087$ & $0.0269616$ & $0.53196$ & $-0.0780668$ & $0.0171254$ & $-0.0203513$ & $-0.0745916$ & $-0.00796696$ & $-0.00217801$ & $0.0384201$ & $0.00591111$ & $0.0137023$ & $-0.00783113$ & $-0.00242948$ & $-0.0110695$ & $0.0575332$ & $0.000343896$ & $0.00527179$ \\
CHWHB_gaga & $0.0355369$ & $-0.105136$ & $0.0552781$ & $0.101437$ & $-0.0152092$ & $-0.0498957$ & $-0.00362005$ & $0.98945$ & $1$ & $-0.562909$ & $-0.860507$ & $-0.235906$ & $0.0119525$ & $0.216056$ & $0.437994$ & $0.463621$ & $-0.234578$ & $-0.431939$ & $-0.444255$ & $0.839746$ & $0.874356$ & $0.870345$ & $0.00850131$ & $-0.64154$ & $-0.410216$ & $-0.596715$ & $0.374846$ & $0.386709$ & $0.0313247$ & $0.0658615$ & $0.0311098$ & $-0.0438126$ & $0.0548417$ & $0.529035$ & $-0.0927056$ & $0.0143902$ & $-0.0388092$ & $-0.0768029$ & $-0.00469897$ & $-0.00467167$ & $0.0312021$ & $0.0117714$ & $0.0621209$ & $-0.0209113$ & $0.00592871$ & $-0.0179631$ & $0.0571514$ & $-0.000512445$ & $0.00158203$ \\
CHWHB_gagaorth & $0.0305904$ & $0.10515$ & $-0.0496455$ & $-0.0921333$ & $-0.0177915$ & $0.0311598$ & $0.0240203$ & $-0.562234$ & $-0.562909$ & $1$ & $0.468496$ & $0.525856$ & $-0.0402261$ & $-0.0963728$ & $-0.255332$ & $-0.272912$ & $0.178775$ & $0.290463$ & $0.291452$ & $-0.451313$ & $-0.473522$ & $-0.484675$ & $0.0131543$ & $0.382248$ & $0.263795$ & $0.304523$ & $-0.211485$ & $-0.230812$ & $-0.0576253$ & $-0.129519$ & $-0.00140328$ & $0.101808$ & $-0.0902977$ & $-0.286496$ & $0.0286503$ & $0.0633239$ & $-0.0388704$ & $0.0494066$ & $-0.0490204$ & $0.0474823$ & $-0.0382589$ & $-0.0154144$ & $0.00560742$ & $-0.0438644$ & $-0.00202321$ & $0.0845938$ & $-0.0406966$ & $0.0225877$ & $0.0430784$ \\
CHD & $-0.0211015$ & $0.0721033$ & $-0.0260996$ & $-0.118461$ & $0.0318174$ & $0.157951$ & $0.026325$ & $-0.873676$ & $-0.860507$ & $0.468496$ & $1$ & $0.312984$ & $-0.0117156$ & $-0.628184$ & $-0.566189$ & $-0.578673$ & $-0.240378$ & $0.0116335$ & $0.0205358$ & $-0.994239$ & $-0.99499$ & $-0.981355$ & $0.0286165$ & $0.2366$ & $-0.0257737$ & $0.68767$ & $-0.254814$ & $-0.412956$ & $-0.0126373$ & $-0.0461579$ & $-0.0475633$ & $0.0616703$ & $-0.0547681$ & $-0.322017$ & $0.0840442$ & $-0.00213705$ & $0.00119949$ & $0.0462436$ & $0.0237181$ & $0.00436562$ & $-0.0201008$ & $-0.0178041$ & $-0.0228028$ & $0.00714119$ & $-0.0226211$ & $-0.00563945$ & $-0.049469$ & $0.0105743$ & $-0.00423698$ \\
CHbox & $0.0240792$ & $0.0663441$ & $-0.0742618$ & $-0.062882$ & $0.0434243$ & $0.0826723$ & $0.124336$ & $-0.244675$ & $-0.235906$ & $0.525856$ & $0.312984$ & $1$ & $-0.713964$ & $-0.237064$ & $-0.149541$ & $-0.135713$ & $-0.145217$ & $-0.0631689$ & $-0.0691321$ & $-0.298499$ & $-0.311196$ & $-0.306654$ & $-0.0167489$ & $0.0426986$ & $-0.0748282$ & $0.223112$ & $-0.0926751$ & $-0.120428$ & $-0.0207225$ & $-0.00141701$ & $0.00799926$ & $0.191105$ & $0.0260658$ & $-0.104775$ & $0.0861153$ & $0.0701291$ & $0.00840956$ & $0.0345997$ & $-0.0252575$ & $0.0293948$ & $0.0200277$ & $-0.0558876$ & $-0.0109272$ & $-0.0546209$ & $-0.0282856$ & $0.0859449$ & $-0.0355393$ & $0.0316898$ & $0.0397417$ \\
CH & $0.00241924$ & $-0.00543657$ & $0.0639903$ & $0.0250013$ & $-0.0498191$ & $0.00237293$ & $-0.184278$ & $0.00946027$ & $0.0119525$ & $-0.0402261$ & $-0.0117156$ & $-0.713964$ & $1$ & $0.00128475$ & $0.0024517$ & $-0.006076$ & $0.00734078$ & $0.000475646$ & $0.00309467$ & $0.00982606$ & $0.00992078$ & $0.00434034$ & $0.0391114$ & $-0.0259824$ & $0.000143981$ & $-0.0309354$ & $0.00118711$ & $-0.025806$ & $0.0243992$ & $0.131137$ & $0.0408469$ & $-0.145629$ & $0.130622$ & $0.00814475$ & $-0.0417091$ & $-0.0152492$ & $-0.0425044$ & $-0.0111327$ & $0.0092116$ & $0.00110269$ & $-0.051648$ & $0.0505301$ & $-0.0132288$ & $0.0354272$ & $0.0268733$ & $-0.0518055$ & $0.021923$ & $-0.0235355$ & $-0.0330156$ \\
CHL1_11 & $-0.0122101$ & $-0.00622587$ & $-0.00685247$ & $0.0726307$ & $-0.029465$ & $-0.0266312$ & $-0.00239241$ & $0.226728$ & $0.216056$ & $-0.0963728$ & $-0.628184$ & $-0.237064$ & $0.00128475$ & $1$ & $0.406467$ & $0.36316$ & $0.639392$ & $0.583356$ & $0.602422$ & $0.642522$ & $0.600544$ & $0.5769$ & $-0.0742315$ & $0.458818$ & $0.59924$ & $-0.417815$ & $-0.0656076$ & $0.199372$ & $0.0161859$ & $0.0298723$ & $0.0382975$ & $-0.0385058$ & $0.0582519$ & $-0.214592$ & $-0.0391936$ & $-0.00825613$ & $0.0532494$ & $0.014979$ & $-0.00982119$ & $-0.0101106$ & $-0.0175868$ & $0.0188413$ & $0.0361151$ & $-0.00155803$ & $0.0337773$ & $0.0408516$ & $0.0105186$ & $-0.0479226$ & $0.00721779$ \\
CHL1_22 & $-0.0300458$ & $-0.0331725$ & $-0.0329347$ & $0.115605$ & $-0.0239412$ & $-0.073057$ & $0.00829136$ & $0.443831$ & $0.437994$ & $-0.255332$ & $-0.566189$ & $-0.149541$ & $0.0024517$ & $0.406467$ & $1$ & $0.548882$ & $0.171576$ & $-0.324182$ & $-0.0129847$ & $0.611262$ & $0.506855$ & $0.490893$ & $-0.207955$ & $0.0562621$ & $-0.0716986$ & $-0.340676$ & $-0.322486$ & $0.205336$ & $-0.0402897$ & $-0.00567958$ & $0.079181$ & $0.00373259$ & $0.0924779$ & $-0.482256$ & $-0.0835244$ & $-0.0505888$ & $0.0808448$ & $0.0222453$ & $0.0238356$ & $-0.0848386$ & $-0.0591788$ & $-0.0138403$ & $-0.0273856$ & $0.0533807$ & $0.0220968$ & $0.0292152$ & $-0.00450582$ & $0.013327$ & $0.0965731$ \\
CHL1_33 & $-0.0365266$ & $-0.032973$ & $-0.00217771$ & $0.116586$ & $-0.0397894$ & $-0.0831661$ & $-0.0198524$ & $0.47278$ & $0.463621$ & $-0.272912$ & $-0.578673$ & $-0.135713$ & $-0.006076$ & $0.36316$ & $0.548882$ & $1$ & $0.159935$ & $-0.046148$ & $-0.325847$ & $0.622131$ & $0.528523$ & $0.534553$ & $-0.157715$ & $0.00552761$ & $-0.107706$ & $-0.387621$ & $-0.304471$ & $0.151709$ & $-0.0405332$ & $-0.00930132$ & $0.0356466$ & $-0.0246924$ & $0.0467359$ & $-0.0156688$ & $-0.0737966$ & $0.00851816$ & $0.00791118$ & $0.00389839$ & $-0.0243183$ & $0.00284677$ & $-0.0505758$ & $0.075523$ & $-0.0277008$ & $-0.0397594$ & $0.00294378$ & $0.00933506$ & $0.0356291$ & $-0.00565775$ & $0.038316$ \\
CHL3_11 & $-0.0172841$ & $0.0456797$ & $-0.0254088$ & $0.0277306$ & $-0.00505663$ & $-0.366777$ & $0.021779$ & $-0.232374$ & $-0.234578$ & $0.178775$ & $-0.240378$ & $-0.145217$ & $0.00734078$ & $0.639392$ & $0.171576$ & $0.159935$ & $1$ & $0.814226$ & $0.811344$ & $0.25624$ & $0.217151$ & $0.200201$ & $-0.0125678$ & $0.743864$ & $0.845024$ & $-0.185868$ & $-0.146921$ & $0.0690695$ & $-0.0230091$ & $0.0203134$ & $0.062321$ & $0.0178288$ & $0.0554656$ & $-0.255732$ & $-0.011137$ & $-0.0239932$ & $0.016485$ & $0.0464949$ & $-0.0493605$ & $0.00430507$ & $-0.0189212$ & $0.0176509$ & $0.026815$ & $0.00145431$ & $0.0450641$ & $0.027215$ & $-0.0201091$ & $-0.000562384$ & $-0.0115914$ \\
CHL3_22 & $-0.0107592$ & $0.050067$ & $-0.0125212$ & $-0.019053$ & $-0.00193243$ & $-0.174529$ & $0.00886367$ & $-0.429535$ & $-0.431939$ & $0.290463$ & $0.0116335$ & $-0.0631689$ & $0.000475646$ & $0.583356$ & $-0.324182$ & $-0.046148$ & $0.814226$ & $1$ & $0.796011$ & $-0.00897768$ & $-0.012441$ & $-0.0220115$ & $0.0532445$ & $0.728336$ & $0.864886$ & $-0.0181878$ & $-0.0346458$ & $-0.0473533$ & $0.00836916$ & $0.0201271$ & $0.00565397$ & $0.0035519$ & $0.00441012$ & $-0.0752335$ & $0.0312241$ & $0.00693423$ & $-0.0157274$ & $0.0349792$ & $-0.0423821$ & $0.0495946$ & $-0.00192997$ & $0.0332324$ & $0.0369334$ & $-0.0321668$ & $0.0328619$ & $0.0165882$ & $-0.0069336$ & $-0.0337147$ & $-0.0562493$ \\
CHL3_33 & $-0.00271241$ & $0.0453465$ & $-0.0443494$ & $-0.0318609$ & $0.0140942$ & $-0.168082$ & $0.0294358$ & $-0.44376$ & $-0.444255$ & $0.291452$ & $0.0205358$ & $-0.0691321$ & $0.00309467$ & $0.602422$ & $-0.0129847$ & $-0.325847$ & $0.811344$ & $0.796011$ & $1$ & $-0.0164474$ & $-0.0277013$ & $-0.0398366$ & $0.0293648$ & $0.753179$ & $0.874635$ & $0.00458718$ & $-0.0521857$ & $-0.0158147$ & $0.0132308$ & $0.0238896$ & $0.0393305$ & $0.0202549$ & $0.0436001$ & $-0.392763$ & $0.0197429$ & $-0.0271651$ & $0.039282$ & $0.0552204$ & $-0.0119989$ & $-0.00713259$ & $0.000101011$ & $-0.0245862$ & $0.0308546$ & $0.0281188$ & $0.0445579$ & $0.0401647$ & $-0.0310271$ & $-0.016513$ & $-0.0133803$ \\
CHe_11 & $0.00534435$ & $-0.0550349$ & $0.0197724$ & $0.123524$ & $-0.0271906$ & $-0.158962$ & $-0.0257094$ & $0.85353$ & $0.839746$ & $-0.451313$ & $-0.994239$ & $-0.298499$ & $0.00982606$ & $0.642522$ & $0.611262$ & $0.622131$ & $0.25624$ & $-0.00897768$ & $-0.0164474$ & $1$ & $0.983851$ & $0.969394$ & $-0.0546921$ & $-0.198348$ & $0.0352214$ & $-0.676316$ & $0.195608$ & $0.405127$ & $0.000881018$ & $0.0435854$ & $0.0506916$ & $-0.0553557$ & $0.0591874$ & $0.26074$ & $-0.0852813$ & $-0.00152735$ & $0.00345888$ & $-0.0391994$ & $-0.0248033$ & $-0.00494658$ & $0.0105111$ & $0.020669$ & $0.0154609$ & $-0.00533679$ & $0.028032$ & $0.0120546$ & $0.0482316$ & $-0.0110573$ & $0.0110904$ \\
CHe_22 & $0.0194294$ & $-0.0579077$ & $0.0375614$ & $0.106124$ & $-0.021469$ & $-0.158659$ & $-0.0276576$ & $0.887307$ & $0.874356$ & $-0.473522$ & $-0.99499$ & $-0.311196$ & $0.00992078$ & $0.600544$ & $0.506855$ & $0.528523$ & $0.217151$ & $-0.012441$ & $-0.0277013$ & $0.983851$ & $1$ & $0.98479$ & $-0.00577289$ & $-0.279954$ & $0.0140281$ & $-0.690198$ & $0.313121$ & $0.417428$ & $0.0133808$ & $0.0475103$ & $0.047781$ & $-0.0650515$ & $0.0481484$ & $0.390892$ & $-0.0799028$ & $0.00632174$ & $-0.00245985$ & $-0.0533464$ & $-0.0272952$ & $0.00128065$ & $0.0361042$ & $0.0156292$ & $0.0260473$ & $-0.00933663$ & $0.0218211$ & $0.00640258$ & $0.0497905$ & $-0.0102892$ & $-0.00314966$ \\
CHe_33 & $0.0297802$ & $-0.0548431$ & $0.0264651$ & $0.0974485$ & $-0.0140218$ & $-0.154496$ & $-0.0356594$ & $0.884024$ & $0.870345$ & $-0.484675$ & $-0.981355$ & $-0.306654$ & $0.00434034$ & $0.5769$ & $0.490893$ & $0.534553$ & $0.200201$ & $-0.0220115$ & $-0.0398366$ & $0.969394$ & $0.98479$ & $1$ & $0.00615956$ & $-0.293363$ & $-0.000797748$ & $-0.692117$ & $0.318386$ & $0.409794$ & $0.0201723$ & $0.0414096$ & $0.0478131$ & $-0.0768727$ & $0.0469208$ & $0.406205$ & $-0.0724647$ & $0.0192228$ & $-0.00946907$ & $-0.0418907$ & $-0.0262178$ & $0.0153046$ & $0.0360289$ & $0.0215232$ & $0.0304604$ & $-0.00690954$ & $0.0165961$ & $0.0110257$ & $0.0625449$ & $-0.00459083$ & $-0.00873241$ \\
CHQ1_11 & $0.0340637$ & $0.0221283$ & $-0.0657957$ & $0.032359$ & $-0.0455227$ & $-0.0554927$ & $0.0111084$ & $0.00277521$ & $0.00850131$ & $0.0131543$ & $0.0286165$ & $-0.0167489$ & $0.0391114$ & $-0.0742315$ & $-0.207955$ & $-0.157715$ & $-0.0125678$ & $0.0532445$ & $0.0293648$ & $-0.0546921$ & $-0.00577289$ & $0.00615956$ & $1$ & $-0.102137$ & $0.0860935$ & $-0.57043$ & $0.333722$ & $-0.0746825$ & $0.0291227$ & $0.10377$ & $0.0522221$ & $0.00725713$ & $0.0183404$ & $0.208645$ & $0.0160394$ & $0.00581546$ & $0.0417211$ & $-0.0132859$ & $0.0359136$ & $-0.0130223$ & $0.0409773$ & $-0.00990037$ & $-0.000700439$ & $-3.66875e-05$ & $0.0411792$ & $0.0167222$ & $0.0128945$ & $0.0451153$ & $-0.0694002$ \\
CHQ1_33 & $-0.0959198$ & $0.0431054$ & $-0.0746304$ & $-0.0272775$ & $-0.00961397$ & $-0.107198$ & $0.0381098$ & $-0.644873$ & $-0.64154$ & $0.382248$ & $0.2366$ & $0.0426986$ & $-0.0259824$ & $0.458818$ & $0.0562621$ & $0.00552761$ & $0.743864$ & $0.728336$ & $0.753179$ & $-0.198348$ & $-0.279954$ & $-0.293363$ & $-0.102137$ & $1$ & $0.769534$ & $0.195947$ & $-0.376303$ & $-0.0910207$ & $-0.0483601$ & $-0.0303844$ & $0.0097423$ & $0.0434728$ & $0.0234812$ & $-0.634699$ & $0.0361155$ & $-0.0508641$ & $0.0601565$ & $0.0871279$ & $-0.00371372$ & $-0.0140492$ & $-0.0420204$ & $0.0407257$ & $-0.00267595$ & $-0.00241567$ & $0.0409509$ & $0.0505395$ & $-0.0633451$ & $-0.00197099$ & $0.0104224$ \\
CHQ3_11 & $-0.108787$ & $0.0399551$ & $-0.0472787$ & $0.0128387$ & $-0.0154691$ & $-0.213042$ & $0.00921952$ & $-0.406067$ & $-0.410216$ & $0.263795$ & $-0.0257737$ & $-0.0748282$ & $0.000143981$ & $0.59924$ & $-0.0716986$ & $-0.107706$ & $0.845024$ & $0.864886$ & $0.874635$ & $0.0352214$ & $0.0140281$ & $-0.000797748$ & $0.0860935$ & $0.769534$ & $1$ & $-0.0184955$ & $0.122875$ & $-0.0155033$ & $0.0144967$ & $0.0286331$ & $-0.0164889$ & $0.0105664$ & $0.0430272$ & $-0.277967$ & $0.0225566$ & $-0.00735529$ & $0.0116651$ & $0.0477595$ & $0.0195664$ & $-0.00917608$ & $0.0224229$ & $0.0281505$ & $0.0207555$ & $-0.0147049$ & $0.0547853$ & $0.0230623$ & $-0.0306843$ & $-0.0229097$ & $-0.0142575$ \\
CHu_11 & $-0.0406313$ & $0.00843465$ & $0.0216247$ & $-0.112458$ & $0.0218007$ & $0.148735$ & $0.0124818$ & $-0.601387$ & $-0.596715$ & $0.304523$ & $0.68767$ & $0.223112$ & $-0.0309354$ & $-0.417815$ & $-0.340676$ & $-0.387621$ & $-0.185868$ & $-0.0181878$ & $0.00458718$ & $-0.676316$ & $-0.690198$ & $-0.692117$ & $-0.57043$ & $0.195947$ & $-0.0184955$ & $1$ & $-0.173754$ & $-0.22011$ & $-0.0200472$ & $-0.0759355$ & $-0.0703722$ & $0.048664$ & $-0.0458713$ & $-0.283519$ & $0.0445609$ & $0.00587227$ & $-0.0513386$ & $0.031746$ & $0.0346154$ & $0.0210827$ & $0.00346949$ & $0.00501728$ & $0.00120885$ & $0.0137201$ & $-0.0245581$ & $-0.0383253$ & $-0.0307326$ & $-0.053425$ & $0.0378081$ \\
CHd_11 & $0.0400602$ & $-0.0337313$ & $0.0116069$ & $0.00337915$ & $-0.0239437$ & $-0.0671267$ & $-0.0360602$ & $0.379027$ & $0.374846$ & $-0.211485$ & $-0.254814$ & $-0.0926751$ & $0.00118711$ & $-0.0656076$ & $-0.322486$ & $-0.304471$ & $-0.146921$ & $-0.0346458$ & $-0.0521857$ & $0.195608$ & $0.313121$ & $0.318386$ & $0.333722$ & $-0.376303$ & $0.122875$ & $-0.173754$ & $1$ & $0.160832$ & $0.0790123$ & $0.0646244$ & $-0.0776111$ & $-0.0524054$ & $-0.0015701$ & $0.65992$ & $0.0235379$ & $0.0268101$ & $-0.0673579$ & $-0.0653386$ & $0.067616$ & $0.00902751$ & $0.147857$ & $0.0153131$ & $0.0348099$ & $-0.0354198$ & $0.0219375$ & $-0.02887$ & $0.0211119$ & $-0.00748005$ & $-0.0502241$ \\
CHd_33 & $-0.0624619$ & $-0.050241$ & $0.0112813$ & $0.0831897$ & $0.00313783$ & $-0.0937745$ & $-0.0349929$ & $0.39149$ & $0.386709$ & $-0.230812$ & $-0.412956$ & $-0.120428$ & $-0.025806$ & $0.199372$ & $0.205336$ & $0.151709$ & $0.0690695$ & $-0.0473533$ & $-0.0158147$ & $0.405127$ & $0.417428$ & $0.409794$ & $-0.0746825$ & $-0.0910207$ & $-0.0155033$ & $-0.22011$ & $0.160832$ & $1$ & $-0.00562759$ & $0.0198841$ & $0.0339996$ & $-0.0255739$ & $0.0214188$ & $0.19749$ & $-0.00552006$ & $0.00973184$ & $-0.0213005$ & $0.0261208$ & $-0.00425674$ & $-0.00123244$ & $0.0254239$ & $0.0100092$ & $-0.0166235$ & $-0.00613085$ & $-0.00913367$ & $0.00253432$ & $-0.0251708$ & $-0.0316386$ & $0.0269538$ \\
CeH_22r & $0.115529$ & $-0.0254924$ & $0.058829$ & $0.0177369$ & $-0.0307778$ & $0.0173199$ & $0.0426417$ & $0.0196114$ & $0.0313247$ & $-0.0576253$ & $-0.0126373$ & $-0.0207225$ & $0.0243992$ & $0.0161859$ & $-0.0402897$ & $-0.0405332$ & $-0.0230091$ & $0.00836916$ & $0.0132308$ & $0.000881018$ & $0.0133808$ & $0.0201723$ & $0.0291227$ & $-0.0483601$ & $0.0144967$ & $-0.0200472$ & $0.0790123$ & $-0.00562759$ & $1$ & $0.0609463$ & $0.0361272$ & $0.00438811$ & $0.0767034$ & $0.0421389$ & $0.0438796$ & $-0.0626489$ & $-0.033877$ & $0.0954632$ & $0.0311369$ & $-0.0844707$ & $-0.0342144$ & $0.0698344$ & $-0.0051177$ & $0.0987567$ & $0.0878565$ & $-0.135465$ & $0.0269597$ & $-0.0400636$ & $0.0211111$ \\
CeH_33r & $0.00606726$ & $0.046781$ & $0.0287538$ & $0.0681167$ & $-0.012569$ & $-0.0110234$ & $-0.146989$ & $0.0371493$ & $0.0658615$ & $-0.129519$ & $-0.0461579$ & $-0.00141701$ & $0.131137$ & $0.0298723$ & $-0.00567958$ & $-0.00930132$ & $0.0203134$ & $0.0201271$ & $0.0238896$ & $0.0435854$ & $0.0475103$ & $0.0414096$ & $0.10377$ & $-0.0303844$ & $0.0286331$ & $-0.0759355$ & $0.0646244$ & $0.0198841$ & $0.0609463$ & $1$ & $0.294527$ & $0.0253627$ & $0.594915$ & $0.0431724$ & $-0.0628025$ & $-0.126418$ & $-0.161015$ & $-0.0226172$ & $0.0115379$ & $-0.0379461$ & $-0.0109186$ & $-0.0257137$ & $-0.0021352$ & $0.0097861$ & $0.131996$ & $-0.00131865$ & $0.0524321$ & $-0.0850431$ & $-0.115264$ \\
CuH_22r & $0.0927884$ & $0.0634977$ & $-0.00331626$ & $0.0119914$ & $-0.0296849$ & $-0.0934664$ & $-0.0773542$ & $0.020503$ & $0.0311098$ & $-0.00140328$ & $-0.0475633$ & $0.00799926$ & $0.0408469$ & $0.0382975$ & $0.079181$ & $0.0356466$ & $0.062321$ & $0.00565397$ & $0.0393305$ & $0.0506916$ & $0.047781$ & $0.0478131$ & $0.0522221$ & $0.0097423$ & $-0.0164889$ & $-0.0703722$ & $-0.0776111$ & $0.0339996$ & $0.0361272$ & $0.294527$ & $1$ & $0.0311387$ & $0.327133$ & $-0.0317816$ & $-0.014439$ & $-0.0240171$ & $-0.0698688$ & $-0.0277247$ & $0.0596273$ & $-0.0276257$ & $-0.00344376$ & $-0.00173219$ & $-0.00859215$ & $0.0782464$ & $0.0587867$ & $0.0507879$ & $0.351507$ & $-0.0521225$ & $-0.00692195$ \\
CuH_33r & $-0.00276292$ & $0.00815283$ & $-0.0842866$ & $0.0280175$ & $-0.00515578$ & $-0.020725$ & $0.892073$ & $-0.0694087$ & $-0.0438126$ & $0.101808$ & $0.0616703$ & $0.191105$ & $-0.145629$ & $-0.0385058$ & $0.00373259$ & $-0.0246924$ & $0.0178288$ & $0.0035519$ & $0.0202549$ & $-0.0553557$ & $-0.0650515$ & $-0.0768727$ & $0.00725713$ & $0.0434728$ & $0.0105664$ & $0.048664$ & $-0.0524054$ & $-0.0255739$ & $0.00438811$ & $0.0253627$ & $0.0311387$ & $1$ & $0.0769528$ & $-0.0648757$ & $0.013984$ & $-0.00325444$ & $-0.0239081$ & $0.0403486$ & $-0.0595744$ & $-0.00370005$ & $-0.0660925$ & $-0.0127847$ & $-0.0120389$ & $0.0429478$ & $-0.043847$ & $-0.0160048$ & $-0.0307135$ & $-0.0261203$ & $0.0321047$ \\
CdH_33r & $0.0250575$ & $0.0108281$ & $0.0522701$ & $-0.0127617$ & $-0.0252644$ & $-0.0378924$ & $-0.13649$ & $0.0269616$ & $0.0548417$ & $-0.0902977$ & $-0.0547681$ & $0.0260658$ & $0.130622$ & $0.0582519$ & $0.0924779$ & $0.0467359$ & $0.0554656$ & $0.00441012$ & $0.0436001$ & $0.0591874$ & $0.0481484$ & $0.0469208$ & $0.0183404$ & $0.0234812$ & $0.0430272$ & $-0.0458713$ & $-0.0015701$ & $0.0214188$ & $0.0767034$ & $0.594915$ & $0.327133$ & $0.0769528$ & $1$ & $-0.0467769$ & $-0.126438$ & $-0.0859123$ & $-0.188191$ & $-0.00331912$ & $0.0207529$ & $-0.0614738$ & $-0.0299673$ & $0.0238338$ & $-0.0612845$ & $0.0306101$ & $0.0322134$ & $0.0291361$ & $-0.0546446$ & $0.0158512$ & $0.412525$ \\
CLL_1221 & $0.0620563$ & $0.00556862$ & $0.0818185$ & $-0.0141621$ & $0.00538457$ & $-0.101822$ & $-0.0438447$ & $0.53196$ & $0.529035$ & $-0.286496$ & $-0.322017$ & $-0.104775$ & $0.00814475$ & $-0.214592$ & $-0.482256$ & $-0.0156688$ & $-0.255732$ & $-0.0752335$ & $-0.392763$ & $0.26074$ & $0.390892$ & $0.406205$ & $0.208645$ & $-0.634699$ & $-0.277967$ & $-0.283519$ & $0.65992$ & $0.19749$ & $0.0421389$ & $0.0431724$ & $-0.0317816$ & $-0.0648757$ & $-0.0467769$ & $1$ & $0.00511228$ & $0.0596223$ & $-0.108662$ & $-0.0905527$ & $-0.0492663$ & $0.0781304$ & $0.09531$ & $0.0170472$ & $0.0333377$ & $-0.0536769$ & $-0.0219681$ & $-0.0383701$ & $0.0535003$ & $-0.000434439$ & $-0.0827409$ \\
eHggint & $0.0498033$ & $0.0660217$ & $0.0434485$ & $0.0456871$ & $0.019973$ & $0.0707077$ & $-0.0579051$ & $-0.0780668$ & $-0.0927056$ & $0.0286503$ & $0.0840442$ & $0.0861153$ & $-0.0417091$ & $-0.0391936$ & $-0.0835244$ & $-0.0737966$ & $-0.011137$ & $0.0312241$ & $0.0197429$ & $-0.0852813$ & $-0.0799028$ & $-0.0724647$ & $0.0160394$ & $0.0361155$ & $0.0225566$ & $0.0445609$ & $0.0235379$ & $-0.00552006$ & $0.0438796$ & $-0.0628025$ & $-0.014439$ & $0.013984$ & $-0.126438$ & $0.00511228$ & $1$ & $-0.0655592$ & $0.0555822$ & $-0.012758$ & $-0.0381022$ & $0.00696233$ & $0.052844$ & $-0.0266245$ & $-0.00549363$ & $0.0110868$ & $-0.0325501$ & $-0.0407055$ & $0.114683$ & $-0.000431785$ & $-0.0695754$ \\
eHggpar & $-0.0476583$ & $-0.0102593$ & $0.0311991$ & $0.0104277$ & $0.0446336$ & $-0.0266103$ & $-0.0143184$ & $0.0171254$ & $0.0143902$ & $0.0633239$ & $-0.00213705$ & $0.0701291$ & $-0.0152492$ & $-0.00825613$ & $-0.0505888$ & $0.00851816$ & $-0.0239932$ & $0.00693423$ & $-0.0271651$ & $-0.00152735$ & $0.00632174$ & $0.0192228$ & $0.00581546$ & $-0.0508641$ & $-0.00735529$ & $0.00587227$ & $0.0268101$ & $0.00973184$ & $-0.0626489$ & $-0.126418$ & $-0.0240171$ & $-0.00325444$ & $-0.0859123$ & $0.0596223$ & $-0.0655592$ & $1$ & $0.0888993$ & $0.0439391$ & $-0.00424151$ & $0.0924991$ & $0.0745627$ & $0.0235517$ & $0.0542656$ & $-0.0322177$ & $0.0290559$ & $0.0223099$ & $-0.00433484$ & $0.130822$ & $-0.0570451$ \\
eHWWint & $-0.0277527$ & $0.00764292$ & $0.00972809$ & $0.0257645$ & $0.0564185$ & $0.00584228$ & $0.0179258$ & $-0.0203513$ & $-0.0388092$ & $-0.0388704$ & $0.00119949$ & $0.00840956$ & $-0.0425044$ & $0.0532494$ & $0.0808448$ & $0.00791118$ & $0.016485$ & $-0.0157274$ & $0.039282$ & $0.00345888$ & $-0.00245985$ & $-0.00946907$ & $0.0417211$ & $0.0601565$ & $0.0116651$ & $-0.0513386$ & $-0.0673579$ & $-0.0213005$ & $-0.033877$ & $-0.161015$ & $-0.0698688$ & $-0.0239081$ & $-0.188191$ & $-0.108662$ & $0.0555822$ & $0.0888993$ & $1$ & $0.0620224$ & $0.021539$ & $-0.0605005$ & $0.0496263$ & $0.028043$ & $0.011279$ & $0.00433449$ & $-0.0407448$ & $0.0892893$ & $-0.0135249$ & $0.0918461$ & $-0.00346039$ \\
eHWWpar & $0.00200007$ & $0.0314521$ & $0.0102862$ & $-0.0631193$ & $-0.0221395$ & $-0.0812733$ & $0.0686627$ & $-0.0745916$ & $-0.0768029$ & $0.0494066$ & $0.0462436$ & $0.0345997$ & $-0.0111327$ & $0.014979$ & $0.0222453$ & $0.00389839$ & $0.0464949$ & $0.0349792$ & $0.0552204$ & $-0.0391994$ & $-0.0533464$ & $-0.0418907$ & $-0.0132859$ & $0.0871279$ & $0.0477595$ & $0.031746$ & $-0.0653386$ & $0.0261208$ & $0.0954632$ & $-0.0226172$ & $-0.0277247$ & $0.0403486$ & $-0.00331912$ & $-0.0905527$ & $-0.012758$ & $0.0439391$ & $0.0620224$ & $1$ & $-0.0964704$ & $0.101815$ & $-0.025909$ & $0.0691767$ & $0.0358291$ & $0.133142$ & $0.0284733$ & $0.00491544$ & $-0.131806$ & $-0.012506$ & $0.0740269$ \\
eHZZint & $0.00298772$ & $-0.119321$ & $-0.0581894$ & $0.0372089$ & $-0.0529309$ & $0.0102941$ & $-0.0744691$ & $-0.00796696$ & $-0.00469897$ & $-0.0490204$ & $0.0237181$ & $-0.0252575$ & $0.0092116$ & $-0.00982119$ & $0.0238356$ & $-0.0243183$ & $-0.0493605$ & $-0.0423821$ & $-0.0119989$ & $-0.0248033$ & $-0.0272952$ & $-0.0262178$ & $0.0359136$ & $-0.00371372$ & $0.0195664$ & $0.0346154$ & $0.067616$ & $-0.00425674$ & $0.0311369$ & $0.0115379$ & $0.0596273$ & $-0.0595744$ & $0.0207529$ & $-0.0492663$ & $-0.0381022$ & $-0.00424151$ & $0.021539$ & $-0.0964704$ & $1$ & $-0.0656223$ & $0.0475454$ & $-0.0102993$ & $0.000832316$ & $0.0153976$ & $-0.00191291$ & $-0.0506776$ & $0.0856166$ & $0.00527916$ & $-0.0389266$ \\
eHZZpar & $0.0374845$ & $0.0134825$ & $-0.00991641$ & $-0.0332999$ & $0.0331888$ & $-0.0137988$ & $-0.00380386$ & $-0.00217801$ & $-0.00467167$ & $0.0474823$ & $0.00436562$ & $0.0293948$ & $0.00110269$ & $-0.0101106$ & $-0.0848386$ & $0.00284677$ & $0.00430507$ & $0.0495946$ & $-0.00713259$ & $-0.00494658$ & $0.00128065$ & $0.0153046$ & $-0.0130223$ & $-0.0140492$ & $-0.00917608$ & $0.0210827$ & $0.00902751$ & $-0.00123244$ & $-0.0844707$ & $-0.0379461$ & $-0.0276257$ & $-0.00370005$ & $-0.0614738$ & $0.0781304$ & $0.00696233$ & $0.0924991$ & $-0.0605005$ & $0.101815$ & $-0.0656223$ & $1$ & $0.0292117$ & $-0.0119749$ & $0.113121$ & $0.0162773$ & $-0.0478516$ & $-0.00918847$ & $-0.0238303$ & $-0.0346026$ & $-0.044262$ \\
eHZgaint & $-0.0193331$ & $0.0595746$ & $-0.0217141$ & $-0.0483989$ & $0.0280952$ & $0.0498558$ & $-0.076627$ & $0.0384201$ & $0.0312021$ & $-0.0382589$ & $-0.0201008$ & $0.0200277$ & $-0.051648$ & $-0.0175868$ & $-0.0591788$ & $-0.0505758$ & $-0.0189212$ & $-0.00192997$ & $0.000101011$ & $0.0105111$ & $0.0361042$ & $0.0360289$ & $0.0409773$ & $-0.0420204$ & $0.0224229$ & $0.00346949$ & $0.147857$ & $0.0254239$ & $-0.0342144$ & $-0.0109186$ & $-0.00344376$ & $-0.0660925$ & $-0.0299673$ & $0.09531$ & $0.052844$ & $0.0745627$ & $0.0496263$ & $-0.025909$ & $0.0475454$ & $0.0292117$ & $1$ & $0.0449211$ & $0.0696418$ & $0.00155161$ & $0.0116028$ & $0.0496259$ & $-0.0372797$ & $0.00674057$ & $0.00302631$ \\
eHZgapar & $-0.0767031$ & $-0.00198716$ & $0.130104$ & $-0.0424535$ & $-0.0403211$ & $-0.0427653$ & $-0.00112955$ & $0.00591111$ & $0.0117714$ & $-0.0154144$ & $-0.0178041$ & $-0.0558876$ & $0.0505301$ & $0.0188413$ & $-0.0138403$ & $0.075523$ & $0.0176509$ & $0.0332324$ & $-0.0245862$ & $0.020669$ & $0.0156292$ & $0.0215232$ & $-0.00990037$ & $0.0407257$ & $0.0281505$ & $0.00501728$ & $0.0153131$ & $0.0100092$ & $0.0698344$ & $-0.0257137$ & $-0.00173219$ & $-0.0127847$ & $0.0238338$ & $0.0170472$ & $-0.0266245$ & $0.0235517$ & $0.028043$ & $0.0691767$ & $-0.0102993$ & $-0.0119749$ & $0.0449211$ & $1$ & $0.0432463$ & $-0.0396497$ & $-0.0106606$ & $-0.057593$ & $0.0218554$ & $-0.0142383$ & $0.0402994$ \\
eHgagaint & $0.0768312$ & $-0.0674325$ & $0.116517$ & $0.0174977$ & $-0.0204046$ & $0.0127443$ & $-0.038381$ & $0.0137023$ & $0.0621209$ & $0.00560742$ & $-0.0228028$ & $-0.0109272$ & $-0.0132288$ & $0.0361151$ & $-0.0273856$ & $-0.0277008$ & $0.026815$ & $0.0369334$ & $0.0308546$ & $0.0154609$ & $0.0260473$ & $0.0304604$ & $-0.000700439$ & $-0.00267595$ & $0.0207555$ & $0.00120885$ & $0.0348099$ & $-0.0166235$ & $-0.0051177$ & $-0.0021352$ & $-0.00859215$ & $-0.0120389$ & $-0.0612845$ & $0.0333377$ & $-0.00549363$ & $0.0542656$ & $0.011279$ & $0.0358291$ & $0.000832316$ & $0.113121$ & $0.0696418$ & $0.0432463$ & $1$ & $0.00872725$ & $0.023104$ & $-0.0230499$ & $-0.000696082$ & $-0.027342$ & $-0.0734184$ \\
eHmumuint & $0.0216224$ & $0.0239833$ & $0.0917858$ & $-0.0367623$ & $0.0291172$ & $-0.000244888$ & $0.00455002$ & $-0.00783113$ & $-0.0209113$ & $-0.0438644$ & $0.00714119$ & $-0.0546209$ & $0.0354272$ & $-0.00155803$ & $0.0533807$ & $-0.0397594$ & $0.00145431$ & $-0.0321668$ & $0.0281188$ & $-0.00533679$ & $-0.00933663$ & $-0.00690954$ & $-3.66875e-05$ & $-0.00241567$ & $-0.0147049$ & $0.0137201$ & $-0.0354198$ & $-0.00613085$ & $0.0987567$ & $0.0097861$ & $0.0782464$ & $0.0429478$ & $0.0306101$ & $-0.0536769$ & $0.0110868$ & $-0.0322177$ & $0.00433449$ & $0.133142$ & $0.0153976$ & $0.0162773$ & $0.00155161$ & $-0.0396497$ & $0.00872725$ & $1$ & $-0.00368621$ & $-0.0197217$ & $0.0030386$ & $-0.0470042$ & $0.00265198$ \\
eHtautauint & $-0.0529066$ & $0.032096$ & $0.0570309$ & $0.0530683$ & $0.0259005$ & $-0.0333598$ & $-0.0627042$ & $-0.00242948$ & $0.00592871$ & $-0.00202321$ & $-0.0226211$ & $-0.0282856$ & $0.0268733$ & $0.0337773$ & $0.0220968$ & $0.00294378$ & $0.0450641$ & $0.0328619$ & $0.0445579$ & $0.028032$ & $0.0218211$ & $0.0165961$ & $0.0411792$ & $0.0409509$ & $0.0547853$ & $-0.0245581$ & $0.0219375$ & $-0.00913367$ & $0.0878565$ & $0.131996$ & $0.0587867$ & $-0.043847$ & $0.0322134$ & $-0.0219681$ & $-0.0325501$ & $0.0290559$ & $-0.0407448$ & $0.0284733$ & $-0.00191291$ & $-0.0478516$ & $0.0116028$ & $-0.0106606$ & $0.023104$ & $-0.00368621$ & $1$ & $0.0267657$ & $0.10882$ & $-0.0732253$ & $0.0225824$ \\
eHccint & $-0.0403829$ & $0.0459602$ & $-0.0276995$ & $-0.0226319$ & $-0.0212044$ & $0.0362071$ & $-0.0380406$ & $-0.0110695$ & $-0.0179631$ & $0.0845938$ & $-0.00563945$ & $0.0859449$ & $-0.0518055$ & $0.0408516$ & $0.0292152$ & $0.00933506$ & $0.027215$ & $0.0165882$ & $0.0401647$ & $0.0120546$ & $0.00640258$ & $0.0110257$ & $0.0167222$ & $0.0505395$ & $0.0230623$ & $-0.0383253$ & $-0.02887$ & $0.00253432$ & $-0.135465$ & $-0.00131865$ & $0.0507879$ & $-0.0160048$ & $0.0291361$ & $-0.0383701$ & $-0.0407055$ & $0.0223099$ & $0.0892893$ & $0.00491544$ & $-0.0506776$ & $-0.00918847$ & $0.0496259$ & $-0.057593$ & $-0.0230499$ & $-0.0197217$ & $0.0267657$ & $1$ & $-0.0384825$ & $-0.0521337$ & $0.0319628$ \\
eHccpar & $0.046029$ & $-0.0502075$ & $0.0166404$ & $0.0819587$ & $-0.0663043$ & $0.0153302$ & $-0.03445$ & $0.0575332$ & $0.0571514$ & $-0.0406966$ & $-0.049469$ & $-0.0355393$ & $0.021923$ & $0.0105186$ & $-0.00450582$ & $0.0356291$ & $-0.0201091$ & $-0.0069336$ & $-0.0310271$ & $0.0482316$ & $0.0497905$ & $0.0625449$ & $0.0128945$ & $-0.0633451$ & $-0.0306843$ & $-0.0307326$ & $0.0211119$ & $-0.0251708$ & $0.0269597$ & $0.0524321$ & $0.351507$ & $-0.0307135$ & $-0.0546446$ & $0.0535003$ & $0.114683$ & $-0.00433484$ & $-0.0135249$ & $-0.131806$ & $0.0856166$ & $-0.0238303$ & $-0.0372797$ & $0.0218554$ & $-0.000696082$ & $0.0030386$ & $0.10882$ & $-0.0384825$ & $1$ & $0.0161629$ & $-0.0931159$ \\
eHbbint & $-0.0247776$ & $-0.0244835$ & $-0.0465577$ & $-0.0314066$ & $0.0682571$ & $-0.00835613$ & $0.0120855$ & $0.000343896$ & $-0.000512445$ & $0.0225877$ & $0.0105743$ & $0.0316898$ & $-0.0235355$ & $-0.0479226$ & $0.013327$ & $-0.00565775$ & $-0.000562384$ & $-0.0337147$ & $-0.016513$ & $-0.0110573$ & $-0.0102892$ & $-0.00459083$ & $0.0451153$ & $-0.00197099$ & $-0.0229097$ & $-0.053425$ & $-0.00748005$ & $-0.0316386$ & $-0.0400636$ & $-0.0850431$ & $-0.0521225$ & $-0.0261203$ & $0.0158512$ & $-0.000434439$ & $-0.000431785$ & $0.130822$ & $0.0918461$ & $-0.012506$ & $0.00527916$ & $-0.0346026$ & $0.00674057$ & $-0.0142383$ & $-0.027342$ & $-0.0470042$ & $-0.0732253$ & $-0.0521337$ & $0.0161629$ & $1$ & $-0.0955722$ \\
eHbbpar & $-0.0324391$ & $-0.0151045$ & $0.00188833$ & $-0.0907821$ & $-0.0601509$ & $-0.00745025$ & $0.0276456$ & $0.00527179$ & $0.00158203$ & $0.0430784$ & $-0.00423698$ & $0.0397417$ & $-0.0330156$ & $0.00721779$ & $0.0965731$ & $0.038316$ & $-0.0115914$ & $-0.0562493$ & $-0.0133803$ & $0.0110904$ & $-0.00314966$ & $-0.00873241$ & $-0.0694002$ & $0.0104224$ & $-0.0142575$ & $0.0378081$ & $-0.0502241$ & $0.0269538$ & $0.0211111$ & $-0.115264$ & $-0.00692195$ & $0.0321047$ & $0.412525$ & $-0.0827409$ & $-0.0695754$ & $-0.0570451$ & $-0.00346039$ & $0.0740269$ & $-0.0389266$ & $-0.044262$ & $0.00302631$ & $0.0402994$ & $-0.0734184$ & $0.00265198$ & $0.0225824$ & $0.0319628$ & $-0.0931159$ & $-0.0955722$ & $1$ \\
