 & AlsMz & dAle5Mz & mtop & mHl & Mz & CW & CHG & CHWB & CHWHB_gaga & CHWHB_gagaorth & CHD & CHbox & CH & CHL1_11 & CHL1_22 & CHL1_33 & CHL3_11 & CHL3_22 & CHL3_33 & CHe_11 & CHe_22 & CHe_33 & CHQ1_11 & CHQ1_33 & CHQ3_11 & CHu_11 & CHd_11 & CHd_33 & CeH_22r & CeH_33r & CuH_22r & CuH_33r & CdH_33r & CLL_1221 & eHggint & eHggpar & eHWWint & eHWWpar & eHZZint & eHZZpar & eHZgaint & eHZgapar & eHgagaint & eHmumuint & eHtautauint & eHccint & eHccpar & eHbbint & eHbbpar \\
AlsMz & $1$ & $-0.0306$ & $0.0517934$ & $-0.000591947$ & $0.0279557$ & $0.00531627$ & $0.063466$ & $-0.0373429$ & $-0.0294491$ & $0.0700157$ & $-0.00765892$ & $0.049836$ & $-0.0424713$ & $0.0564876$ & $-0.00629902$ & $0.017683$ & $0.0708667$ & $0.0828778$ & $0.067023$ & $0.00383065$ & $-0.000368752$ & $0.000289872$ & $-0.0357894$ & $0.0262035$ & $-0.0228141$ & $0.00224981$ & $-0.0515778$ & $-0.00251626$ & $0.0167831$ & $-0.0508259$ & $0.00192695$ & $0.0427732$ & $-0.0364588$ & $-0.0326467$ & $0.122039$ & $-0.156433$ & $0.108986$ & $0.00681557$ & $-6.75429e-05$ & $-0.0215551$ & $0.000125557$ & $-0.0225312$ & $0.0469601$ & $-0.15867$ & $-0.0305428$ & $0.112376$ & $0.0298582$ & $-0.0782242$ & $0.0885242$ \\
dAle5Mz & $-0.0306$ & $1$ & $0.0372126$ & $-0.115166$ & $0.0185741$ & $0.0128341$ & $0.0456716$ & $-0.0938898$ & $-0.0845505$ & $0.0443805$ & $0.0879919$ & $0.0511571$ & $-0.0426558$ & $-0.0527391$ & $-0.00300853$ & $-0.0109491$ & $-0.00960802$ & $-0.0173689$ & $-0.00699456$ & $-0.067701$ & $-0.073964$ & $-0.0738441$ & $-0.0277341$ & $0.0297737$ & $-0.0129392$ & $0.069669$ & $-0.0528625$ & $-0.0282918$ & $-0.0306935$ & $-0.0403666$ & $-0.0310447$ & $0.038514$ & $-0.0203746$ & $-0.0320765$ & $-0.00645148$ & $0.00508356$ & $0.00584099$ & $-0.00670183$ & $-0.0603975$ & $-0.0423393$ & $-0.0214604$ & $-0.000707273$ & $0.0777543$ & $0.107177$ & $0.0340408$ & $-0.109113$ & $0.0225844$ & $0.0732524$ & $0.0475754$ \\
mtop & $0.0517934$ & $0.0372126$ & $1$ & $-0.11042$ & $-0.00365024$ & $0.059979$ & $0.00264108$ & $-0.0349068$ & $-0.0285378$ & $0.0308797$ & $0.0389903$ & $0.0264294$ & $-0.0166579$ & $-0.0245679$ & $0.00548855$ & $-0.033598$ & $0.00812359$ & $-0.00649955$ & $0.0201839$ & $-0.0313709$ & $-0.0345797$ & $-0.0281816$ & $0.0246263$ & $0.0147626$ & $0.011002$ & $0.00227263$ & $-0.00798406$ & $-0.017557$ & $0.00360148$ & $0.0127895$ & $0.0136722$ & $0.00874786$ & $0.0389072$ & $-0.0320317$ & $0.0900343$ & $-0.0963901$ & $-0.0979552$ & $0.0336805$ & $0.0599312$ & $-0.0480963$ & $-0.0455226$ & $-0.0317821$ & $0.0506017$ & $-0.130582$ & $-0.0765677$ & $-0.0197337$ & $0.0459415$ & $-0.0500162$ & $0.121099$ \\
mHl & $-0.000591947$ & $-0.115166$ & $-0.11042$ & $1$ & $-0.0221705$ & $-0.0245597$ & $-0.0258347$ & $-0.00338587$ & $-0.00708353$ & $0.026614$ & $-0.0158054$ & $-0.0403963$ & $0.0476686$ & $0.0200668$ & $0.0303963$ & $0.027606$ & $0.0454924$ & $0.0222895$ & $0.0205401$ & $0.0143346$ & $0.00891204$ & $0.0110536$ & $-0.0207528$ & $0.0292312$ & $-0.000306645$ & $-0.0138237$ & $-0.0650245$ & $-0.0187862$ & $0.0228598$ & $0.0758632$ & $0.0542815$ & $-0.0168658$ & $0.0236321$ & $-0.0257053$ & $-0.0130551$ & $0.0189538$ & $0.00878202$ & $0.0209499$ & $0.175232$ & $-0.0262991$ & $-0.0909143$ & $0.0313686$ & $-0.0870318$ & $0.0935538$ & $0.165228$ & $0.00606091$ & $-0.00853784$ & $0.0261066$ & $-0.13616$ \\
Mz & $0.0279557$ & $0.0185741$ & $-0.00365024$ & $-0.0221705$ & $1$ & $-0.0141855$ & $-0.0122629$ & $0.0275752$ & $0.0268156$ & $-0.0222527$ & $-0.0366736$ & $-0.027615$ & $0.0130568$ & $0.0479241$ & $0.00814946$ & $0.0412899$ & $0.0211054$ & $0.0291273$ & $0.00385487$ & $0.0437667$ & $0.042024$ & $0.0377989$ & $0.00365491$ & $-0.00175742$ & $0.0162131$ & $-0.0430695$ & $-0.00112937$ & $0.0355754$ & $-0.00192909$ & $0.00281091$ & $0.00348175$ & $-0.0112521$ & $0.00991327$ & $0.0153121$ & $-0.00355131$ & $0.00409284$ & $0.0259438$ & $-0.0134516$ & $0.0151041$ & $-0.0010816$ & $-0.014819$ & $0.00991052$ & $0.0354772$ & $0.0130865$ & $0.0444957$ & $-0.0323977$ & $0.00765401$ & $-0.00826532$ & $0.0260067$ \\
CW & $0.00531627$ & $0.0128341$ & $0.059979$ & $-0.0245597$ & $-0.0141855$ & $1$ & $0.0132319$ & $-0.061275$ & $-0.0611367$ & $0.0462036$ & $0.150513$ & $0.0574206$ & $-0.0262021$ & $-0.013593$ & $-0.0848658$ & $-0.0635377$ & $-0.329401$ & $-0.129989$ & $-0.145528$ & $-0.148513$ & $-0.155148$ & $-0.151471$ & $-0.00474402$ & $-0.0775341$ & $-0.172143$ & $0.0999366$ & $-0.0679354$ & $-0.077411$ & $-0.0378655$ & $-0.0141512$ & $-0.00932389$ & $0.028544$ & $0.0102722$ & $-0.105782$ & $0.0260008$ & $0.0345582$ & $-0.0145852$ & $0.0437379$ & $0.00439195$ & $-0.00813604$ & $-0.0302689$ & $0.00289447$ & $0.00889053$ & $0.0186248$ & $-0.00697813$ & $-0.0257881$ & $0.0317355$ & $0.0337514$ & $0.0496319$ \\
CHG & $0.063466$ & $0.0456716$ & $0.00264108$ & $-0.0258347$ & $-0.0122629$ & $0.0132319$ & $1$ & $-0.0278581$ & $-0.00840574$ & $0.193223$ & $0.078414$ & $0.726449$ & $-0.784202$ & $-0.11002$ & $-0.0064675$ & $-0.0459114$ & $-0.107026$ & $-0.106432$ & $-0.0779849$ & $-0.0766775$ & $-0.0776398$ & $-0.0778731$ & $-0.0462738$ & $-0.0619653$ & $-0.106975$ & $0.0880198$ & $-0.0321981$ & $-0.0250876$ & $-0.105812$ & $-0.582913$ & $-0.35591$ & $0.952938$ & $-0.584723$ & $-0.0265466$ & $-0.0638755$ & $-0.0905835$ & $0.0149657$ & $-0.0389142$ & $0.00274465$ & $0.0264749$ & $0.0604729$ & $-0.0184936$ & $-0.0105128$ & $-0.0128671$ & $0.0106737$ & $0.0266339$ & $-0.00457913$ & $0.0505136$ & $0.0327025$ \\
CHWB & $-0.0373429$ & $-0.0938898$ & $-0.0349068$ & $-0.00338587$ & $0.0275752$ & $-0.061275$ & $-0.0278581$ & $1$ & $0.989603$ & $-0.529575$ & $-0.880754$ & $-0.0886706$ & $0.0230525$ & $0.291561$ & $0.467848$ & $0.450407$ & $-0.222525$ & $-0.401921$ & $-0.400791$ & $0.863881$ & $0.893097$ & $0.884254$ & $0.0517346$ & $-0.628638$ & $-0.364855$ & $-0.629116$ & $0.392565$ & $0.381323$ & $0.00257671$ & $0.0389835$ & $0.0400721$ & $-0.0396566$ & $0.0456046$ & $0.529019$ & $-0.0423752$ & $-0.055756$ & $-0.0411663$ & $-0.0425138$ & $-0.0375977$ & $-0.0152478$ & $0.00845382$ & $-0.0212484$ & $-0.0283384$ & $0.0101022$ & $0.0191883$ & $0.00776004$ & $0.0109278$ & $0.0366588$ & $-0.00520078$ \\
CHWHB_gaga & $-0.0294491$ & $-0.0845505$ & $-0.0285378$ & $-0.00708353$ & $0.0268156$ & $-0.0611367$ & $-0.00840574$ & $0.989603$ & $1$ & $-0.52374$ & $-0.871479$ & $-0.0903172$ & $0.029029$ & $0.287079$ & $0.463404$ & $0.445408$ & $-0.22059$ & $-0.398945$ & $-0.396756$ & $0.855032$ & $0.88384$ & $0.875014$ & $0.0455003$ & $-0.623442$ & $-0.363218$ & $-0.62059$ & $0.386843$ & $0.376963$ & $0.0116566$ & $0.0566647$ & $0.0516655$ & $-0.0232403$ & $0.0658572$ & $0.523401$ & $-0.0502715$ & $-0.0549137$ & $-0.058483$ & $-0.0413779$ & $-0.0431874$ & $-0.0193256$ & $0.00907176$ & $-0.0234746$ & $0.0304567$ & $0.0136559$ & $0.0131306$ & $-0.00296354$ & $0.0146294$ & $0.035933$ & $-1.54092e-05$ \\
CHWHB_gagaorth & $0.0700157$ & $0.0443805$ & $0.0308797$ & $0.026614$ & $-0.0222527$ & $0.0462036$ & $0.193223$ & $-0.529575$ & $-0.52374$ & $1$ & $0.466415$ & $0.375732$ & $-0.22909$ & $-0.138087$ & $-0.241548$ & $-0.221806$ & $0.100091$ & $0.210586$ & $0.201229$ & $-0.455818$ & $-0.474689$ & $-0.471146$ & $-0.0426313$ & $0.334978$ & $0.180632$ & $0.341687$ & $-0.223814$ & $-0.220665$ & $-0.0189667$ & $-0.211326$ & $-0.13776$ & $0.213799$ & $-0.224845$ & $-0.297881$ & $0.039443$ & $0.01522$ & $-0.0196425$ & $0.0382026$ & $0.0285685$ & $0.0244821$ & $-0.0822283$ & $0.000128252$ & $0.00557576$ & $-0.00775174$ & $0.022934$ & $0.0158665$ & $0.0104554$ & $-0.0121597$ & $0.0268301$ \\
CHD & $-0.00765892$ & $0.0879919$ & $0.0389903$ & $-0.0158054$ & $-0.0366736$ & $0.150513$ & $0.078414$ & $-0.880754$ & $-0.871479$ & $0.466415$ & $1$ & $0.185779$ & $-0.0934407$ & $-0.672115$ & $-0.572344$ & $-0.560617$ & $-0.237661$ & $-0.00940265$ & $-0.00513846$ & $-0.994591$ & $-0.995006$ & $-0.984282$ & $0.0150822$ & $0.230484$ & $-0.0479511$ & $0.691472$ & $-0.274551$ & $-0.421615$ & $-0.0494986$ & $-0.094686$ & $-0.098531$ & $0.0935023$ & $-0.106961$ & $-0.33519$ & $0.04485$ & $0.0679383$ & $0.0280562$ & $0.0384465$ & $0.0442583$ & $0.00176468$ & $-0.00992841$ & $0.00122787$ & $0.022455$ & $-0.00642156$ & $-0.0184436$ & $0.012773$ & $0.00258337$ & $-0.0118604$ & $0.00026275$ \\
CHbox & $0.049836$ & $0.0511571$ & $0.0264294$ & $-0.0403963$ & $-0.027615$ & $0.0574206$ & $0.726449$ & $-0.0886706$ & $-0.0903172$ & $0.375732$ & $0.185779$ & $1$ & $-0.930856$ & $-0.226471$ & $-0.0628685$ & $-0.10073$ & $-0.205068$ & $-0.175461$ & $-0.146247$ & $-0.183116$ & $-0.184667$ & $-0.178801$ & $-0.0210151$ & $-0.0958718$ & $-0.179947$ & $0.160752$ & $-0.0468396$ & $-0.0639974$ & $-0.133802$ & $-0.619777$ & $-0.367832$ & $0.672853$ & $-0.616291$ & $-0.041575$ & $-0.0614726$ & $-0.0513787$ & $-0.0174932$ & $-0.0106708$ & $0.0182126$ & $0.0342966$ & $0.0141026$ & $-0.0208279$ & $0.00355543$ & $0.000826063$ & $0.0183859$ & $0.0440589$ & $0.0339195$ & $0.0700883$ & $0.0342513$ \\
CH & $-0.0424713$ & $-0.0426558$ & $-0.0166579$ & $0.0476686$ & $0.0130568$ & $-0.0262021$ & $-0.784202$ & $0.0230525$ & $0.029029$ & $-0.22909$ & $-0.0934407$ & $-0.930856$ & $1$ & $0.145892$ & $0.0227803$ & $0.0701515$ & $0.142913$ & $0.137065$ & $0.103397$ & $0.0933956$ & $0.0912049$ & $0.0885637$ & $0.0209717$ & $0.0940287$ & $0.131479$ & $-0.0988444$ & $0.00622823$ & $0.0265972$ & $0.153984$ & $0.699139$ & $0.401147$ & $-0.702715$ & $0.699067$ & $0.007651$ & $0.0856034$ & $0.0728253$ & $0.00624356$ & $0.0200896$ & $-0.0161204$ & $-0.0238856$ & $-0.0234812$ & $0.0190543$ & $-0.00467874$ & $0.00283116$ & $-0.00554397$ & $-0.0342508$ & $-0.0352801$ & $-0.0654222$ & $-0.0299732$ \\
CHL1_11 & $0.0564876$ & $-0.0527391$ & $-0.0245679$ & $0.0200668$ & $0.0479241$ & $-0.013593$ & $-0.11002$ & $0.291561$ & $0.287079$ & $-0.138087$ & $-0.672115$ & $-0.226471$ & $0.145892$ & $1$ & $0.40829$ & $0.409457$ & $0.633878$ & $0.57941$ & $0.569158$ & $0.682709$ & $0.644566$ & $0.63733$ & $-0.106011$ & $0.418386$ & $0.57186$ & $-0.439169$ & $-0.0399181$ & $0.261124$ & $0.0830205$ & $0.122447$ & $0.134698$ & $-0.121297$ & $0.139236$ & $-0.149637$ & $-0.0341023$ & $-0.0362236$ & $-0.0119493$ & $-0.000547179$ & $-0.0373327$ & $0.029738$ & $-0.010033$ & $0.0135194$ & $-0.000249551$ & $0.0171063$ & $0.0166934$ & $-0.0308169$ & $-0.00853858$ & $-0.0140557$ & $0.00778941$ \\
CHL1_22 & $-0.00629902$ & $-0.00300853$ & $0.00548855$ & $0.0303963$ & $0.00814946$ & $-0.0848658$ & $-0.0064675$ & $0.467848$ & $0.463404$ & $-0.241548$ & $-0.572344$ & $-0.0628685$ & $0.0227803$ & $0.40829$ & $1$ & $0.557249$ & $0.146882$ & $-0.329483$ & $-0.0414845$ & $0.616847$ & $0.514986$ & $0.511069$ & $-0.143339$ & $0.0148677$ & $-0.101112$ & $-0.374158$ & $-0.304047$ & $0.222155$ & $0.0207818$ & $0.0482443$ & $0.0445574$ & $-0.00619897$ & $0.0468427$ & $-0.464947$ & $-0.0261552$ & $-0.00948502$ & $-0.0262283$ & $-0.0278212$ & $-0.024768$ & $-0.0170176$ & $0.0263276$ & $0.0370665$ & $-0.0353628$ & $-0.0164846$ & $-0.0183381$ & $-0.030513$ & $-0.0169654$ & $0.0286476$ & $-0.0177564$ \\
CHL1_33 & $0.017683$ & $-0.0109491$ & $-0.033598$ & $0.027606$ & $0.0412899$ & $-0.0635377$ & $-0.0459114$ & $0.450407$ & $0.445408$ & $-0.221806$ & $-0.560617$ & $-0.10073$ & $0.0701515$ & $0.409457$ & $0.557249$ & $1$ & $0.153572$ & $-0.0157575$ & $-0.326396$ & $0.607971$ & $0.505089$ & $0.512809$ & $-0.162794$ & $0.0430964$ & $-0.0942445$ & $-0.349691$ & $-0.311563$ & $0.216862$ & $0.0356332$ & $0.0791776$ & $0.0663688$ & $-0.0440679$ & $0.0649604$ & $-0.0523433$ & $-0.016401$ & $-0.00294952$ & $-0.00119606$ & $-0.0359528$ & $-0.0309062$ & $0.00302442$ & $0.00653729$ & $0.024707$ & $-0.0359809$ & $-0.0188849$ & $0.00502688$ & $-0.0347313$ & $-0.0531357$ & $0.00872572$ & $0.000683804$ \\
CHL3_11 & $0.0708667$ & $-0.00960802$ & $0.00812359$ & $0.0454924$ & $0.0211054$ & $-0.329401$ & $-0.107026$ & $-0.222525$ & $-0.22059$ & $0.100091$ & $-0.237661$ & $-0.205068$ & $0.142913$ & $0.633878$ & $0.146882$ & $0.153572$ & $1$ & $0.823349$ & $0.818295$ & $0.248819$ & $0.217336$ & $0.212474$ & $-0.0943191$ & $0.750738$ & $0.847468$ & $-0.133323$ & $-0.121622$ & $0.0954183$ & $0.101474$ & $0.113679$ & $0.111541$ & $-0.116706$ & $0.125464$ & $-0.237913$ & $-0.00688797$ & $-0.0389787$ & $0.0297398$ & $-0.00340079$ & $-0.00615034$ & $0.0183143$ & $0.00883573$ & $0.0460419$ & $0.00792921$ & $-0.0196488$ & $-0.00245847$ & $-0.0328046$ & $-0.0328293$ & $-0.0592064$ & $0.00870294$ \\
CHL3_22 & $0.0828778$ & $-0.0173689$ & $-0.00649955$ & $0.0222895$ & $0.0291273$ & $-0.129989$ & $-0.106432$ & $-0.401921$ & $-0.398945$ & $0.210586$ & $-0.00940265$ & $-0.175461$ & $0.137065$ & $0.57941$ & $-0.329483$ & $-0.0157575$ & $0.823349$ & $1$ & $0.787098$ & $0.00762188$ & $0.00826292$ & $0.00684664$ & $-0.0514873$ & $0.73583$ & $0.856982$ & $0.0193468$ & $-0.0315057$ & $-0.00348604$ & $0.0842638$ & $0.0934619$ & $0.10023$ & $-0.113761$ & $0.10533$ & $-0.0515397$ & $0.00528327$ & $-0.0244461$ & $0.0333702$ & $0.0192669$ & $-0.00120574$ & $0.0392427$ & $-0.0138548$ & $0.0178255$ & $0.0262608$ & $0.00419167$ & $0.0142172$ & $-0.0207672$ & $-0.0196925$ & $-0.0635381$ & $0.0231037$ \\
CHL3_33 & $0.067023$ & $-0.00699456$ & $0.0201839$ & $0.0205401$ & $0.00385487$ & $-0.145528$ & $-0.0779849$ & $-0.400791$ & $-0.396756$ & $0.201229$ & $-0.00513846$ & $-0.146247$ & $0.103397$ & $0.569158$ & $-0.0414845$ & $-0.326396$ & $0.818295$ & $0.787098$ & $1$ & $0.000434442$ & $0.00490487$ & $0.00697039$ & $-0.0317236$ & $0.716404$ & $0.859757$ & $0.00971341$ & $-0.0132755$ & $-0.00719697$ & $0.0784539$ & $0.0742769$ & $0.0843048$ & $-0.0863992$ & $0.0954875$ & $-0.332454$ & $-0.00602316$ & $-0.0259806$ & $0.019045$ & $0.0251922$ & $-0.000752163$ & $0.0218704$ & $0.00402507$ & $0.0261122$ & $0.029895$ & $0.00695358$ & $-0.00591231$ & $-0.0193778$ & $0.00887753$ & $-0.0499109$ & $0.0104489$ \\
CHe_11 & $0.00383065$ & $-0.067701$ & $-0.0313709$ & $0.0143346$ & $0.0437667$ & $-0.148513$ & $-0.0766775$ & $0.863881$ & $0.855032$ & $-0.455818$ & $-0.994591$ & $-0.183116$ & $0.0933956$ & $0.682709$ & $0.616847$ & $0.607971$ & $0.248819$ & $0.00762188$ & $0.000434442$ & $1$ & $0.984501$ & $0.974154$ & $-0.0361908$ & $-0.196253$ & $0.0488987$ & $-0.682516$ & $0.216297$ & $0.41635$ & $0.0484575$ & $0.0965093$ & $0.0993034$ & $-0.0901883$ & $0.107239$ & $0.27626$ & $-0.0429296$ & $-0.0652656$ & $-0.0302094$ & $-0.0398436$ & $-0.045329$ & $-0.000657843$ & $0.0133578$ & $0.00155692$ & $-0.0208402$ & $0.00750948$ & $0.0162908$ & $-0.0204781$ & $-0.00431155$ & $0.011359$ & $0.00306606$ \\
CHe_22 & $-0.000368752$ & $-0.073964$ & $-0.0345797$ & $0.00891204$ & $0.042024$ & $-0.155148$ & $-0.0776398$ & $0.893097$ & $0.88384$ & $-0.474689$ & $-0.995006$ & $-0.184667$ & $0.0912049$ & $0.644566$ & $0.514986$ & $0.505089$ & $0.217336$ & $0.00826292$ & $0.00490487$ & $0.984501$ & $1$ & $0.987152$ & $0.00523002$ & $-0.27037$ & $0.0421343$ & $-0.693643$ & $0.336318$ & $0.422725$ & $0.0470495$ & $0.0907289$ & $0.0949662$ & $-0.0939501$ & $0.10518$ & $0.403134$ & $-0.047507$ & $-0.0716278$ & $-0.0310689$ & $-0.0393421$ & $-0.0443697$ & $-0.00219525$ & $0.00979722$ & $-0.00633081$ & $-0.0189963$ & $0.0100663$ & $0.0211253$ & $-0.0128599$ & $0.000683414$ & $0.0130672$ & $0.00189109$ \\
CHe_33 & $0.000289872$ & $-0.0738441$ & $-0.0281816$ & $0.0110536$ & $0.0377989$ & $-0.151471$ & $-0.0778731$ & $0.884254$ & $0.875014$ & $-0.471146$ & $-0.984282$ & $-0.178801$ & $0.0885637$ & $0.63733$ & $0.511069$ & $0.512809$ & $0.212474$ & $0.00684664$ & $0.00697039$ & $0.974154$ & $0.987152$ & $1$ & $0.004039$ & $-0.269675$ & $0.039499$ & $-0.685786$ & $0.330087$ & $0.4144$ & $0.052284$ & $0.0945557$ & $0.0940298$ & $-0.0934172$ & $0.106648$ & $0.398741$ & $-0.050294$ & $-0.0688211$ & $-0.0254207$ & $-0.0360347$ & $-0.0443006$ & $-0.00586398$ & $0.00485976$ & $-0.00336034$ & $-0.0182576$ & $0.0132662$ & $0.0197484$ & $-0.0092095$ & $-0.000129715$ & $0.0148031$ & $-0.00295016$ \\
CHQ1_11 & $-0.0357894$ & $-0.0277341$ & $0.0246263$ & $-0.0207528$ & $0.00365491$ & $-0.00474402$ & $-0.0462738$ & $0.0517346$ & $0.0455003$ & $-0.0426313$ & $0.0150822$ & $-0.0210151$ & $0.0209717$ & $-0.106011$ & $-0.143339$ & $-0.162794$ & $-0.0943191$ & $-0.0514873$ & $-0.0317236$ & $-0.0361908$ & $0.00523002$ & $0.004039$ & $1$ & $-0.144201$ & $0.0349491$ & $-0.579872$ & $0.344158$ & $0.0166424$ & $-0.0388368$ & $0.0122164$ & $0.002003$ & $-0.0421337$ & $0.0164077$ & $0.187447$ & $0.00711361$ & $-0.0064446$ & $0.0113013$ & $0.0109645$ & $0.00839622$ & $-0.028246$ & $0.00913555$ & $-0.0175041$ & $-0.00948639$ & $0.015852$ & $0.0230696$ & $0.00458925$ & $-0.0571694$ & $-0.00609319$ & $-0.0078593$ \\
CHQ1_33 & $0.0262035$ & $0.0297737$ & $0.0147626$ & $0.0292312$ & $-0.00175742$ & $-0.0775341$ & $-0.0619653$ & $-0.628638$ & $-0.623442$ & $0.334978$ & $0.230484$ & $-0.0958718$ & $0.0940287$ & $0.418386$ & $0.0148677$ & $0.0430964$ & $0.750738$ & $0.73583$ & $0.716404$ & $-0.196253$ & $-0.27037$ & $-0.269675$ & $-0.144201$ & $1$ & $0.733997$ & $0.204748$ & $-0.379856$ & $-0.0524825$ & $0.0616997$ & $0.063436$ & $0.0645176$ & $-0.056724$ & $0.0670029$ & $-0.596751$ & $0.00814442$ & $0.021057$ & $0.0345236$ & $0.033008$ & $0.00782004$ & $0.0250053$ & $-0.00118295$ & $0.041426$ & $0.0164093$ & $-0.0237761$ & $-0.0268813$ & $-0.0467026$ & $-0.0301104$ & $-0.062002$ & $-0.00505658$ \\
CHQ3_11 & $-0.0228141$ & $-0.0129392$ & $0.011002$ & $-0.000306645$ & $0.0162131$ & $-0.172143$ & $-0.106975$ & $-0.364855$ & $-0.363218$ & $0.180632$ & $-0.0479511$ & $-0.179947$ & $0.131479$ & $0.57186$ & $-0.101112$ & $-0.0942445$ & $0.847468$ & $0.856982$ & $0.859757$ & $0.0488987$ & $0.0421343$ & $0.039499$ & $0.0349491$ & $0.733997$ & $1$ & $-0.0138318$ & $0.170875$ & $0.0168403$ & $0.0915902$ & $0.0961661$ & $0.108589$ & $-0.112867$ & $0.112466$ & $-0.215059$ & $-0.0211082$ & $-0.0278586$ & $0.00637206$ & $0.0176319$ & $0.00346076$ & $0.0215936$ & $0.00738555$ & $0.0268838$ & $0.0034312$ & $0.0276139$ & $0.00577156$ & $-0.0282774$ & $-0.00343446$ & $-0.0595626$ & $0.0114681$ \\
CHu_11 & $0.00224981$ & $0.069669$ & $0.00227263$ & $-0.0138237$ & $-0.0430695$ & $0.0999366$ & $0.0880198$ & $-0.629116$ & $-0.62059$ & $0.341687$ & $0.691472$ & $0.160752$ & $-0.0988444$ & $-0.439169$ & $-0.374158$ & $-0.349691$ & $-0.133323$ & $0.0193468$ & $0.00971341$ & $-0.682516$ & $-0.693643$ & $-0.685786$ & $-0.579872$ & $0.204748$ & $-0.0138318$ & $1$ & $-0.21264$ & $-0.301218$ & $-0.0205044$ & $-0.0908828$ & $-0.0683199$ & $0.0955574$ & $-0.0914034$ & $-0.272289$ & $0.0256931$ & $0.0514193$ & $0.0174729$ & $0.027406$ & $0.0154494$ & $0.02243$ & $-0.0110223$ & $0.00399332$ & $0.0133265$ & $-0.0226585$ & $-0.0374555$ & $0.0164807$ & $0.0583494$ & $0.00496141$ & $0.00924541$ \\
CHd_11 & $-0.0515778$ & $-0.0528625$ & $-0.00798406$ & $-0.0650245$ & $-0.00112937$ & $-0.0679354$ & $-0.0321981$ & $0.392565$ & $0.386843$ & $-0.223814$ & $-0.274551$ & $-0.0468396$ & $0.00622823$ & $-0.0399181$ & $-0.304047$ & $-0.311563$ & $-0.121622$ & $-0.0315057$ & $-0.0132755$ & $0.216297$ & $0.336318$ & $0.330087$ & $0.344158$ & $-0.379856$ & $0.170875$ & $-0.21264$ & $1$ & $0.133594$ & $0.00572036$ & $-0.00269046$ & $0.0253525$ & $-0.0444389$ & $0.0209611$ & $0.681021$ & $-0.0338702$ & $-0.0713482$ & $-0.0254644$ & $-0.000404342$ & $-0.00894107$ & $-0.0178158$ & $0.00917744$ & $-0.0427249$ & $-0.0105408$ & $0.0363041$ & $0.012497$ & $0.032943$ & $0.0532761$ & $-0.0095733$ & $0.00987624$ \\
CHd_33 & $-0.00251626$ & $-0.0282918$ & $-0.017557$ & $-0.0187862$ & $0.0355754$ & $-0.077411$ & $-0.0250876$ & $0.381323$ & $0.376963$ & $-0.220665$ & $-0.421615$ & $-0.0639974$ & $0.0265972$ & $0.261124$ & $0.222155$ & $0.216862$ & $0.0954183$ & $-0.00348604$ & $-0.00719697$ & $0.41635$ & $0.422725$ & $0.4144$ & $0.0166424$ & $-0.0524825$ & $0.0168403$ & $-0.301218$ & $0.133594$ & $1$ & $-0.00127319$ & $0.0314402$ & $0.0280551$ & $-0.0352069$ & $0.0286734$ & $0.178739$ & $-0.0507489$ & $0.00365749$ & $-0.0375768$ & $-0.0266978$ & $0.00565054$ & $-0.0260256$ & $-0.0158796$ & $0.0156475$ & $0.00338982$ & $0.00529642$ & $0.0495135$ & $-0.00474932$ & $0.0294495$ & $-0.0345335$ & $-0.0114532$ \\
CeH_22r & $0.0167831$ & $-0.0306935$ & $0.00360148$ & $0.0228598$ & $-0.00192909$ & $-0.0378655$ & $-0.105812$ & $0.00257671$ & $0.0116566$ & $-0.0189667$ & $-0.0494986$ & $-0.133802$ & $0.153984$ & $0.0830205$ & $0.0207818$ & $0.0356332$ & $0.101474$ & $0.0842638$ & $0.0784539$ & $0.0484575$ & $0.0470495$ & $0.052284$ & $-0.0388368$ & $0.0616997$ & $0.0915902$ & $-0.0205044$ & $0.00572036$ & $-0.00127319$ & $1$ & $0.165603$ & $0.0969871$ & $-0.104097$ & $0.159175$ & $-0.0078276$ & $-0.0326106$ & $-0.00434117$ & $-0.0441592$ & $-0.0111398$ & $0.017586$ & $-0.0164579$ & $-0.0383728$ & $0.0124668$ & $0.0304687$ & $-0.00160376$ & $0.0246596$ & $-0.00818392$ & $-0.00894879$ & $-0.0149837$ & $0.0156319$ \\
CeH_33r & $-0.0508259$ & $-0.0403666$ & $0.0127895$ & $0.0758632$ & $0.00281091$ & $-0.0141512$ & $-0.582913$ & $0.0389835$ & $0.0566647$ & $-0.211326$ & $-0.094686$ & $-0.619777$ & $0.699139$ & $0.122447$ & $0.0482443$ & $0.0791776$ & $0.113679$ & $0.0934619$ & $0.0742769$ & $0.0965093$ & $0.0907289$ & $0.0945557$ & $0.0122164$ & $0.063436$ & $0.0961661$ & $-0.0908828$ & $-0.00269046$ & $0.0314402$ & $0.165603$ & $1$ & $0.510727$ & $-0.439636$ & $0.815307$ & $-0.000193862$ & $0.00181272$ & $0.0280309$ & $-0.135041$ & $0.0180186$ & $-0.0157167$ & $0.0144036$ & $-0.0409257$ & $0.0151241$ & $-0.0170491$ & $0.00114281$ & $0.0643402$ & $-0.0145338$ & $-0.00550658$ & $-0.0377301$ & $-0.0155688$ \\
CuH_22r & $0.00192695$ & $-0.0310447$ & $0.0136722$ & $0.0542815$ & $0.00348175$ & $-0.00932389$ & $-0.35591$ & $0.0400721$ & $0.0516655$ & $-0.13776$ & $-0.098531$ & $-0.367832$ & $0.401147$ & $0.134698$ & $0.0445574$ & $0.0663688$ & $0.111541$ & $0.10023$ & $0.0843048$ & $0.0993034$ & $0.0949662$ & $0.0940298$ & $0.002003$ & $0.0645176$ & $0.108589$ & $-0.0683199$ & $0.0253525$ & $0.0280551$ & $0.0969871$ & $0.510727$ & $1$ & $-0.261756$ & $0.535198$ & $-0.000632448$ & $0.010542$ & $-0.0320034$ & $-0.111562$ & $0.00262664$ & $0.0208301$ & $-0.00188491$ & $-0.000800939$ & $-0.00112868$ & $-0.013276$ & $-0.0305437$ & $0.0126658$ & $0.0484258$ & $0.314606$ & $0.000380197$ & $-0.0134698$ \\
CuH_33r & $0.0427732$ & $0.038514$ & $0.00874786$ & $-0.0168658$ & $-0.0112521$ & $0.028544$ & $0.952938$ & $-0.0396566$ & $-0.0232403$ & $0.213799$ & $0.0935023$ & $0.672853$ & $-0.702715$ & $-0.121297$ & $-0.00619897$ & $-0.0440679$ & $-0.116706$ & $-0.113761$ & $-0.0863992$ & $-0.0901883$ & $-0.0939501$ & $-0.0934172$ & $-0.0421337$ & $-0.056724$ & $-0.112867$ & $0.0955574$ & $-0.0444389$ & $-0.0352069$ & $-0.104097$ & $-0.439636$ & $-0.261756$ & $1$ & $-0.423725$ & $-0.040461$ & $-0.0155993$ & $-0.059556$ & $-0.012881$ & $-0.0377319$ & $0.0127846$ & $0.0343934$ & $0.0644997$ & $-0.020526$ & $-0.0131375$ & $-0.00872926$ & $0.0190991$ & $0.0195305$ & $-0.00336961$ & $0.0601254$ & $0.0409449$ \\
CdH_33r & $-0.0364588$ & $-0.0203746$ & $0.0389072$ & $0.0236321$ & $0.00991327$ & $0.0102722$ & $-0.584723$ & $0.0456046$ & $0.0658572$ & $-0.224845$ & $-0.106961$ & $-0.616291$ & $0.699067$ & $0.139236$ & $0.0468427$ & $0.0649604$ & $0.125464$ & $0.10533$ & $0.0954875$ & $0.107239$ & $0.10518$ & $0.106648$ & $0.0164077$ & $0.0670029$ & $0.112466$ & $-0.0914034$ & $0.0209611$ & $0.0286734$ & $0.159175$ & $0.815307$ & $0.535198$ & $-0.423725$ & $1$ & $0.00781695$ & $0.0205115$ & $0.0371231$ & $-0.169067$ & $0.0126223$ & $-0.0664381$ & $-0.00638789$ & $0.00444951$ & $0.00641763$ & $-0.00372543$ & $0.00680337$ & $0.0205519$ & $-0.0256979$ & $-0.00150172$ & $0.106842$ & $0.295424$ \\
CLL_1221 & $-0.0326467$ & $-0.0320765$ & $-0.0320317$ & $-0.0257053$ & $0.0153121$ & $-0.105782$ & $-0.0265466$ & $0.529019$ & $0.523401$ & $-0.297881$ & $-0.33519$ & $-0.041575$ & $0.007651$ & $-0.149637$ & $-0.464947$ & $-0.0523433$ & $-0.237913$ & $-0.0515397$ & $-0.332454$ & $0.27626$ & $0.403134$ & $0.398741$ & $0.187447$ & $-0.596751$ & $-0.215059$ & $-0.272289$ & $0.681021$ & $0.178739$ & $-0.0078276$ & $-0.000193862$ & $-0.000632448$ & $-0.040461$ & $0.00781695$ & $1$ & $-0.0169666$ & $-0.0551557$ & $-0.00993756$ & $-0.0244387$ & $-0.0127862$ & $-0.00685965$ & $-0.0134135$ & $-0.0428866$ & $0.00366475$ & $0.0215859$ & $0.038118$ & $0.033932$ & $0.0157668$ & $0.00583876$ & $0.0149574$ \\
eHggint & $0.122039$ & $-0.00645148$ & $0.0900343$ & $-0.0130551$ & $-0.00355131$ & $0.0260008$ & $-0.0638755$ & $-0.0423752$ & $-0.0502715$ & $0.039443$ & $0.04485$ & $-0.0614726$ & $0.0856034$ & $-0.0341023$ & $-0.0261552$ & $-0.016401$ & $-0.00688797$ & $0.00528327$ & $-0.00602316$ & $-0.0429296$ & $-0.047507$ & $-0.050294$ & $0.00711361$ & $0.00814442$ & $-0.0211082$ & $0.0256931$ & $-0.0338702$ & $-0.0507489$ & $-0.0326106$ & $0.00181272$ & $0.010542$ & $-0.0155993$ & $0.0205115$ & $-0.0169666$ & $1$ & $-0.109148$ & $0.0521732$ & $-0.0109322$ & $0.0465404$ & $-0.0494653$ & $0.0953627$ & $0.0196436$ & $0.0179769$ & $-0.0630313$ & $-0.0948308$ & $0.0176233$ & $0.054831$ & $-0.092338$ & $0.0738502$ \\
eHggpar & $-0.156433$ & $0.00508356$ & $-0.0963901$ & $0.0189538$ & $0.00409284$ & $0.0345582$ & $-0.0905835$ & $-0.055756$ & $-0.0549137$ & $0.01522$ & $0.0679383$ & $-0.0513787$ & $0.0728253$ & $-0.0362236$ & $-0.00948502$ & $-0.00294952$ & $-0.0389787$ & $-0.0244461$ & $-0.0259806$ & $-0.0652656$ & $-0.0716278$ & $-0.0688211$ & $-0.0064446$ & $0.021057$ & $-0.0278586$ & $0.0514193$ & $-0.0713482$ & $0.00365749$ & $-0.00434117$ & $0.0280309$ & $-0.0320034$ & $-0.059556$ & $0.0371231$ & $-0.0551557$ & $-0.109148$ & $1$ & $-0.00290273$ & $-0.0113156$ & $0.0779924$ & $-0.0177402$ & $-0.143385$ & $-0.0243888$ & $0.17265$ & $0.174588$ & $-0.0489214$ & $-0.0930844$ & $-0.0419471$ & $0.0970561$ & $-0.031535$ \\
eHWWint & $0.108986$ & $0.00584099$ & $-0.0979552$ & $0.00878202$ & $0.0259438$ & $-0.0145852$ & $0.0149657$ & $-0.0411663$ & $-0.058483$ & $-0.0196425$ & $0.0280562$ & $-0.0174932$ & $0.00624356$ & $-0.0119493$ & $-0.0262283$ & $-0.00119606$ & $0.0297398$ & $0.0333702$ & $0.019045$ & $-0.0302094$ & $-0.0310689$ & $-0.0254207$ & $0.0113013$ & $0.0345236$ & $0.00637206$ & $0.0174729$ & $-0.0254644$ & $-0.0375768$ & $-0.0441592$ & $-0.135041$ & $-0.111562$ & $-0.012881$ & $-0.169067$ & $-0.00993756$ & $0.0521732$ & $-0.00290273$ & $1$ & $0.0255466$ & $0.026612$ & $-0.0528906$ & $0.0782684$ & $0.0172046$ & $-0.119434$ & $-0.119266$ & $-0.030254$ & $0.00671304$ & $-0.0675924$ & $-0.0173496$ & $-0.119396$ \\
eHWWpar & $0.00681557$ & $-0.00670183$ & $0.0336805$ & $0.0209499$ & $-0.0134516$ & $0.0437379$ & $-0.0389142$ & $-0.0425138$ & $-0.0413779$ & $0.0382026$ & $0.0384465$ & $-0.0106708$ & $0.0200896$ & $-0.000547179$ & $-0.0278212$ & $-0.0359528$ & $-0.00340079$ & $0.0192669$ & $0.0251922$ & $-0.0398436$ & $-0.0393421$ & $-0.0360347$ & $0.0109645$ & $0.033008$ & $0.0176319$ & $0.027406$ & $-0.000404342$ & $-0.0266978$ & $-0.0111398$ & $0.0180186$ & $0.00262664$ & $-0.0377319$ & $0.0126223$ & $-0.0244387$ & $-0.0109322$ & $-0.0113156$ & $0.0255466$ & $1$ & $0.0200026$ & $0.00852513$ & $0.0112828$ & $0.0204858$ & $0.0394867$ & $-0.00948612$ & $0.0144348$ & $0.00897047$ & $0.0187013$ & $0.0147964$ & $0.0135437$ \\
eHZZint & $-6.75429e-05$ & $-0.0603975$ & $0.0599312$ & $0.175232$ & $0.0151041$ & $0.00439195$ & $0.00274465$ & $-0.0375977$ & $-0.0431874$ & $0.0285685$ & $0.0442583$ & $0.0182126$ & $-0.0161204$ & $-0.0373327$ & $-0.024768$ & $-0.0309062$ & $-0.00615034$ & $-0.00120574$ & $-0.000752163$ & $-0.045329$ & $-0.0443697$ & $-0.0443006$ & $0.00839622$ & $0.00782004$ & $0.00346076$ & $0.0154494$ & $-0.00894107$ & $0.00565054$ & $0.017586$ & $-0.0157167$ & $0.0208301$ & $0.0127846$ & $-0.0664381$ & $-0.0127862$ & $0.0465404$ & $0.0779924$ & $0.026612$ & $0.0200026$ & $1$ & $-0.027388$ & $-0.0237715$ & $-0.0114237$ & $-0.00382128$ & $0.0473509$ & $0.0837618$ & $-0.0322132$ & $0.0338205$ & $-0.122772$ & $-0.0424024$ \\
eHZZpar & $-0.0215551$ & $-0.0423393$ & $-0.0480963$ & $-0.0262991$ & $-0.0010816$ & $-0.00813604$ & $0.0264749$ & $-0.0152478$ & $-0.0193256$ & $0.0244821$ & $0.00176468$ & $0.0342966$ & $-0.0238856$ & $0.029738$ & $-0.0170176$ & $0.00302442$ & $0.0183143$ & $0.0392427$ & $0.0218704$ & $-0.000657843$ & $-0.00219525$ & $-0.00586398$ & $-0.028246$ & $0.0250053$ & $0.0215936$ & $0.02243$ & $-0.0178158$ & $-0.0260256$ & $-0.0164579$ & $0.0144036$ & $-0.00188491$ & $0.0343934$ & $-0.00638789$ & $-0.00685965$ & $-0.0494653$ & $-0.0177402$ & $-0.0528906$ & $0.00852513$ & $-0.027388$ & $1$ & $0.0109865$ & $0.00968346$ & $-0.0713038$ & $-0.0135144$ & $-0.000272979$ & $0.0367715$ & $-0.0275457$ & $-0.0290485$ & $-0.0178472$ \\
eHZgaint & $0.000125557$ & $-0.0214604$ & $-0.0455226$ & $-0.0909143$ & $-0.014819$ & $-0.0302689$ & $0.0604729$ & $0.00845382$ & $0.00907176$ & $-0.0822283$ & $-0.00992841$ & $0.0141026$ & $-0.0234812$ & $-0.010033$ & $0.0263276$ & $0.00653729$ & $0.00883573$ & $-0.0138548$ & $0.00402507$ & $0.0133578$ & $0.00979722$ & $0.00485976$ & $0.00913555$ & $-0.00118295$ & $0.00738555$ & $-0.0110223$ & $0.00917744$ & $-0.0158796$ & $-0.0383728$ & $-0.0409257$ & $-0.000800939$ & $0.0644997$ & $0.00444951$ & $-0.0134135$ & $0.0953627$ & $-0.143385$ & $0.0782684$ & $0.0112828$ & $-0.0237715$ & $0.0109865$ & $1$ & $-0.0186569$ & $-0.0481987$ & $-0.0173606$ & $-0.172802$ & $-0.0773063$ & $0.0556843$ & $-0.0166017$ & $0.0416148$ \\
eHZgapar & $-0.0225312$ & $-0.000707273$ & $-0.0317821$ & $0.0313686$ & $0.00991052$ & $0.00289447$ & $-0.0184936$ & $-0.0212484$ & $-0.0234746$ & $0.000128252$ & $0.00122787$ & $-0.0208279$ & $0.0190543$ & $0.0135194$ & $0.0370665$ & $0.024707$ & $0.0460419$ & $0.0178255$ & $0.0261122$ & $0.00155692$ & $-0.00633081$ & $-0.00336034$ & $-0.0175041$ & $0.041426$ & $0.0268838$ & $0.00399332$ & $-0.0427249$ & $0.0156475$ & $0.0124668$ & $0.0151241$ & $-0.00112868$ & $-0.020526$ & $0.00641763$ & $-0.0428866$ & $0.0196436$ & $-0.0243888$ & $0.0172046$ & $0.0204858$ & $-0.0114237$ & $0.00968346$ & $-0.0186569$ & $1$ & $-0.0575475$ & $-0.0090986$ & $0.0282953$ & $0.0341842$ & $0.007019$ & $0.0330508$ & $-0.0228447$ \\
eHgagaint & $0.0469601$ & $0.0777543$ & $0.0506017$ & $-0.0870318$ & $0.0354772$ & $0.00889053$ & $-0.0105128$ & $-0.0283384$ & $0.0304567$ & $0.00557576$ & $0.022455$ & $0.00355543$ & $-0.00467874$ & $-0.000249551$ & $-0.0353628$ & $-0.0359809$ & $0.00792921$ & $0.0262608$ & $0.029895$ & $-0.0208402$ & $-0.0189963$ & $-0.0182576$ & $-0.00948639$ & $0.0164093$ & $0.0034312$ & $0.0133265$ & $-0.0105408$ & $0.00338982$ & $0.0304687$ & $-0.0170491$ & $-0.013276$ & $-0.0131375$ & $-0.00372543$ & $0.00366475$ & $0.0179769$ & $0.17265$ & $-0.119434$ & $0.0394867$ & $-0.00382128$ & $-0.0713038$ & $-0.0481987$ & $-0.0575475$ & $1$ & $0.0775467$ & $-0.127998$ & $-0.245638$ & $0.0856058$ & $0.0184633$ & $0.0154419$ \\
eHmumuint & $-0.15867$ & $0.107177$ & $-0.130582$ & $0.0935538$ & $0.0130865$ & $0.0186248$ & $-0.0128671$ & $0.0101022$ & $0.0136559$ & $-0.00775174$ & $-0.00642156$ & $0.000826063$ & $0.00283116$ & $0.0171063$ & $-0.0164846$ & $-0.0188849$ & $-0.0196488$ & $0.00419167$ & $0.00695358$ & $0.00750948$ & $0.0100663$ & $0.0132662$ & $0.015852$ & $-0.0237761$ & $0.0276139$ & $-0.0226585$ & $0.0363041$ & $0.00529642$ & $-0.00160376$ & $0.00114281$ & $-0.0305437$ & $-0.00872926$ & $0.00680337$ & $0.0215859$ & $-0.0630313$ & $0.174588$ & $-0.119266$ & $-0.00948612$ & $0.0473509$ & $-0.0135144$ & $-0.0173606$ & $-0.0090986$ & $0.0775467$ & $1$ & $0.0771695$ & $-0.111399$ & $-0.0497892$ & $0.0263735$ & $-0.0369569$ \\
eHtautauint & $-0.0305428$ & $0.0340408$ & $-0.0765677$ & $0.165228$ & $0.0444957$ & $-0.00697813$ & $0.0106737$ & $0.0191883$ & $0.0131306$ & $0.022934$ & $-0.0184436$ & $0.0183859$ & $-0.00554397$ & $0.0166934$ & $-0.0183381$ & $0.00502688$ & $-0.00245847$ & $0.0142172$ & $-0.00591231$ & $0.0162908$ & $0.0211253$ & $0.0197484$ & $0.0230696$ & $-0.0268813$ & $0.00577156$ & $-0.0374555$ & $0.012497$ & $0.0495135$ & $0.0246596$ & $0.0643402$ & $0.0126658$ & $0.0190991$ & $0.0205519$ & $0.038118$ & $-0.0948308$ & $-0.0489214$ & $-0.030254$ & $0.0144348$ & $0.0837618$ & $-0.000272979$ & $-0.172802$ & $0.0282953$ & $-0.127998$ & $0.0771695$ & $1$ & $0.0615699$ & $-0.0396926$ & $0.0340017$ & $0.00794384$ \\
eHccint & $0.112376$ & $-0.109113$ & $-0.0197337$ & $0.00606091$ & $-0.0323977$ & $-0.0257881$ & $0.0266339$ & $0.00776004$ & $-0.00296354$ & $0.0158665$ & $0.012773$ & $0.0440589$ & $-0.0342508$ & $-0.0308169$ & $-0.030513$ & $-0.0347313$ & $-0.0328046$ & $-0.0207672$ & $-0.0193778$ & $-0.0204781$ & $-0.0128599$ & $-0.0092095$ & $0.00458925$ & $-0.0467026$ & $-0.0282774$ & $0.0164807$ & $0.032943$ & $-0.00474932$ & $-0.00818392$ & $-0.0145338$ & $0.0484258$ & $0.0195305$ & $-0.0256979$ & $0.033932$ & $0.0176233$ & $-0.0930844$ & $0.00671304$ & $0.00897047$ & $-0.0322132$ & $0.0367715$ & $-0.0773063$ & $0.0341842$ & $-0.245638$ & $-0.111399$ & $0.0615699$ & $1$ & $0.0185428$ & $-0.0164009$ & $-0.0123645$ \\
eHccpar & $0.0298582$ & $0.0225844$ & $0.0459415$ & $-0.00853784$ & $0.00765401$ & $0.0317355$ & $-0.00457913$ & $0.0109278$ & $0.0146294$ & $0.0104554$ & $0.00258337$ & $0.0339195$ & $-0.0352801$ & $-0.00853858$ & $-0.0169654$ & $-0.0531357$ & $-0.0328293$ & $-0.0196925$ & $0.00887753$ & $-0.00431155$ & $0.000683414$ & $-0.000129715$ & $-0.0571694$ & $-0.0301104$ & $-0.00343446$ & $0.0583494$ & $0.0532761$ & $0.0294495$ & $-0.00894879$ & $-0.00550658$ & $0.314606$ & $-0.00336961$ & $-0.00150172$ & $0.0157668$ & $0.054831$ & $-0.0419471$ & $-0.0675924$ & $0.0187013$ & $0.0338205$ & $-0.0275457$ & $0.0556843$ & $0.007019$ & $0.0856058$ & $-0.0497892$ & $-0.0396926$ & $0.0185428$ & $1$ & $0.0455624$ & $0.0134129$ \\
eHbbint & $-0.0782242$ & $0.0732524$ & $-0.0500162$ & $0.0261066$ & $-0.00826532$ & $0.0337514$ & $0.0505136$ & $0.0366588$ & $0.035933$ & $-0.0121597$ & $-0.0118604$ & $0.0700883$ & $-0.0654222$ & $-0.0140557$ & $0.0286476$ & $0.00872572$ & $-0.0592064$ & $-0.0635381$ & $-0.0499109$ & $0.011359$ & $0.0130672$ & $0.0148031$ & $-0.00609319$ & $-0.062002$ & $-0.0595626$ & $0.00496141$ & $-0.0095733$ & $-0.0345335$ & $-0.0149837$ & $-0.0377301$ & $0.000380197$ & $0.0601254$ & $0.106842$ & $0.00583876$ & $-0.092338$ & $0.0970561$ & $-0.0173496$ & $0.0147964$ & $-0.122772$ & $-0.0290485$ & $-0.0166017$ & $0.0330508$ & $0.0184633$ & $0.0263735$ & $0.0340017$ & $-0.0164009$ & $0.0455624$ & $1$ & $0.115313$ \\
eHbbpar & $0.0885242$ & $0.0475754$ & $0.121099$ & $-0.13616$ & $0.0260067$ & $0.0496319$ & $0.0327025$ & $-0.00520078$ & $-1.54092e-05$ & $0.0268301$ & $0.00026275$ & $0.0342513$ & $-0.0299732$ & $0.00778941$ & $-0.0177564$ & $0.000683804$ & $0.00870294$ & $0.0231037$ & $0.0104489$ & $0.00306606$ & $0.00189109$ & $-0.00295016$ & $-0.0078593$ & $-0.00505658$ & $0.0114681$ & $0.00924541$ & $0.00987624$ & $-0.0114532$ & $0.0156319$ & $-0.0155688$ & $-0.0134698$ & $0.0409449$ & $0.295424$ & $0.0149574$ & $0.0738502$ & $-0.031535$ & $-0.119396$ & $0.0135437$ & $-0.0424024$ & $-0.0178472$ & $0.0416148$ & $-0.0228447$ & $0.0154419$ & $-0.0369569$ & $0.00794384$ & $-0.0123645$ & $0.0134129$ & $0.115313$ & $1$ \\
