 & AlsMz & dAle5Mz & mtop & mHl & Mz & CW & CHG & CHWB & CHWHB_gaga & CHWHB_gagaorth & CHD & CHbox & CH & CHL1_11 & CHL1_22 & CHL1_33 & CHL3_11 & CHL3_22 & CHL3_33 & CHe_11 & CHe_22 & CHe_33 & CHQ1_11 & CHQ1_33 & CHQ3_11 & CHu_11 & CHd_11 & CHd_33 & CeH_22r & CeH_33r & CuH_22r & CuH_33r & CdH_33r & CLL_1221 & eHggint & eHggpar & eHWWint & eHWWpar & eHZZint & eHZZpar & eHZgaint & eHZgapar & eHgagaint & eHmumuint & eHtautauint & eHccint & eHccpar & eHbbint & eHbbpar \\
AlsMz & $1$ & $-0.0324981$ & $-0.00148816$ & $0.000366627$ & $0.0108683$ & $0.000640903$ & $0.00971235$ & $0.00391376$ & $0.00213044$ & $-0.000768761$ & $-0.0145331$ & $-0.00729964$ & $0.000273976$ & $-0.00304014$ & $0.00126323$ & $-0.0033287$ & $-0.001998$ & $0.00730204$ & $0.00662742$ & $0.00134254$ & $-0.00612298$ & $0.00337695$ & $-0.00686682$ & $-0.0300976$ & $-0.103984$ & $-0.00728238$ & $-0.0116858$ & $0.00825995$ & $0.00933772$ & $0.00447464$ & $0.0166588$ & $0.00363744$ & $-0.0120546$ & $0.000128446$ & $-0.043828$ & $-0.0441274$ & $0.0179318$ & $-0.0257381$ & $-0.0390159$ & $0.00211839$ & $-0.0406039$ & $0.00826514$ & $-0.0423064$ & $-0.017109$ & $0.00742126$ & $-0.0774443$ & $0.0557941$ & $-0.0235496$ & $-0.0210392$ \\
dAle5Mz & $-0.0324981$ & $1$ & $-0.00736718$ & $-0.0311056$ & $-0.000194675$ & $0.0272223$ & $0.00722793$ & $-0.206047$ & $-0.202615$ & $0.0531348$ & $0.189344$ & $0.0040543$ & $-0.0225006$ & $-0.0434638$ & $-0.0102484$ & $-0.00795965$ & $0.0656194$ & $0.00276796$ & $0.000431227$ & $-0.195885$ & $-0.0180913$ & $-0.0160341$ & $0.0099606$ & $0.00709571$ & $0.0167964$ & $-0.00290283$ & $0.00894897$ & $-0.00425562$ & $0.00343851$ & $-0.0156479$ & $-0.017247$ & $0.0107126$ & $-0.0313862$ & $0.115315$ & $0.0185485$ & $-0.0076107$ & $0.0760997$ & $0.0123895$ & $0.0697899$ & $0.00204191$ & $0.0443325$ & $0.015397$ & $-0.0153275$ & $-0.00269646$ & $0.0323149$ & $0.0754179$ & $-0.0536567$ & $-0.0220211$ & $-0.0293284$ \\
mtop & $-0.00148816$ & $-0.00736718$ & $1$ & $0.00546328$ & $-0.00506558$ & $-0.00430375$ & $-0.0024861$ & $0.000742132$ & $-0.00166435$ & $0.0039232$ & $0.00867006$ & $-0.00525115$ & $0.0132865$ & $0.0031339$ & $0.000306373$ & $0.00126492$ & $0.00431511$ & $0.00163137$ & $-0.00303861$ & $-0.00038185$ & $0.00466724$ & $0.000642757$ & $-0.00506659$ & $-0.00201915$ & $-0.00566157$ & $0.00155092$ & $-0.00387488$ & $0.0016496$ & $0.00282547$ & $-0.00316611$ & $-0.00537932$ & $0.000560593$ & $0.0270491$ & $-0.000855701$ & $0.00996156$ & $0.0369384$ & $-0.0270002$ & $0.0215651$ & $0.0175132$ & $-0.000659634$ & $-0.0102371$ & $-0.0116425$ & $0.00427893$ & $0.0438057$ & $-0.0282678$ & $-0.0238885$ & $-0.00858914$ & $0.051281$ & $0.0358081$ \\
mHl & $0.000366627$ & $-0.0311056$ & $0.00546328$ & $1$ & $0.00555939$ & $-0.00257753$ & $0.00645836$ & $0.00541139$ & $0.00648172$ & $-0.00650888$ & $-0.00131418$ & $-0.00148929$ & $-0.013452$ & $0.00101124$ & $-0.000999133$ & $-0.0012659$ & $-0.00637524$ & $-0.00138828$ & $-0.00015776$ & $0.00339573$ & $-0.00318961$ & $-0.000801161$ & $-0.00235735$ & $0.00311241$ & $-0.00147661$ & $0.00192102$ & $0.00162676$ & $0.00518648$ & $-0.000701488$ & $-0.000101743$ & $-0.0069301$ & $0.00247409$ & $0.0154346$ & $-0.00385226$ & $-0.0214685$ & $-0.0214465$ & $0.000818963$ & $-0.0233911$ & $-0.0508696$ & $-0.00210362$ & $-0.0473228$ & $0.00299864$ & $-0.00717741$ & $0.0285482$ & $0.00553364$ & $-0.0265738$ & $-0.00562307$ & $-0.0194669$ & $0.0377689$ \\
Mz & $0.0108683$ & $-0.000194675$ & $-0.00506558$ & $0.00555939$ & $1$ & $0.00327059$ & $0.00138737$ & $0.000346115$ & $0.000731821$ & $-0.0046939$ & $0.0887494$ & $0.00979298$ & $0.00645785$ & $-0.00458778$ & $0.000629899$ & $-0.00131234$ & $-0.00586459$ & $-0.00429306$ & $-0.00489616$ & $0.0145983$ & $-0.000923964$ & $0.0021788$ & $0.00525166$ & $-0.00870531$ & $-0.00881497$ & $-0.00470299$ & $-0.000170387$ & $-0.00114821$ & $0.000988118$ & $-0.00759223$ & $0.00335327$ & $0.000268118$ & $-0.00976465$ & $-0.0033081$ & $0.00723661$ & $-0.00337187$ & $0.00675186$ & $-0.000530977$ & $-0.00835364$ & $-0.00185127$ & $-0.000236606$ & $-0.00923619$ & $0.00895847$ & $-0.00637366$ & $0.00353809$ & $-0.00247246$ & $0.0120877$ & $-0.0151449$ & $0.00204876$ \\
CW & $0.000640903$ & $0.0272223$ & $-0.00430375$ & $-0.00257753$ & $0.00327059$ & $1$ & $0.00426771$ & $-0.124629$ & $-0.121881$ & $0.03851$ & $0.111113$ & $0.0459595$ & $-0.0118835$ & $0.112379$ & $0.02402$ & $0.0198682$ & $-0.0465651$ & $0.00933016$ & $0.0128799$ & $-0.102306$ & $-0.0483499$ & $-0.0471171$ & $-0.0088075$ & $0.0540553$ & $0.010104$ & $0.0156064$ & $-0.0475918$ & $-0.00575237$ & $0.000899411$ & $-0.00265325$ & $-9.1389e-05$ & $0.00437629$ & $-0.00200538$ & $-0.103618$ & $-0.0026318$ & $0.00228609$ & $-0.00737719$ & $-0.00295677$ & $0.00407915$ & $0.00347289$ & $0.00691467$ & $-0.00873002$ & $-0.0019348$ & $0.00179112$ & $-0.00201359$ & $0.0122759$ & $0.000703033$ & $-0.00438479$ & $0.000121986$ \\
CHG & $0.00971235$ & $0.00722793$ & $-0.0024861$ & $0.00645836$ & $0.00138737$ & $0.00426771$ & $1$ & $-0.0143137$ & $0.049732$ & $0.00720796$ & $0.011878$ & $0.0323946$ & $-0.0896113$ & $0.0060839$ & $0.00175702$ & $0.00466936$ & $0.00666712$ & $0.00366856$ & $0.00484181$ & $-0.00418116$ & $-0.00674081$ & $-0.00807975$ & $-0.00185023$ & $0.00700363$ & $-0.00129466$ & $-0.000211285$ & $-0.0114324$ & $-0.001588$ & $0.0209221$ & $-0.0571836$ & $-0.0398445$ & $0.93785$ & $-0.0726956$ & $-0.00823581$ & $-0.028596$ & $-0.0119514$ & $0.0162659$ & $0.00493687$ & $0.0029435$ & $-0.00588733$ & $0.00457293$ & $-2.53225e-05$ & $0.00122063$ & $-0.000591369$ & $0.00283723$ & $-0.00758611$ & $-0.00276587$ & $-0.0105836$ & $-0.00336585$ \\
CHWB & $0.00391376$ & $-0.206047$ & $0.000742132$ & $0.00541139$ & $0.000346115$ & $-0.124629$ & $-0.0143137$ & $1$ & $0.976057$ & $-0.308364$ & $-0.878494$ & $-0.422444$ & $0.0814436$ & $-0.0790841$ & $-0.094439$ & $-0.083544$ & $-0.360036$ & $-0.206563$ & $-0.206128$ & $0.758495$ & $0.373392$ & $0.354483$ & $0.0359946$ & $-0.369307$ & $-0.252224$ & $-0.0750232$ & $0.276041$ & $0.0629596$ & $-0.00587322$ & $-1.35645e-05$ & $0.00621819$ & $-0.029687$ & $-0.0141021$ & $0.612148$ & $-0.0214251$ & $-0.00701411$ & $-0.0131946$ & $0.00611187$ & $-0.00676309$ & $0.00784396$ & $-0.00891217$ & $-0.00488819$ & $0.00309359$ & $-0.000400367$ & $-0.00710267$ & $-0.0190508$ & $0.0109129$ & $-0.00806447$ & $0.00432852$ \\
CHWHB_gaga & $0.00213044$ & $-0.202615$ & $-0.00166435$ & $0.00648172$ & $0.000731821$ & $-0.121881$ & $0.049732$ & $0.976057$ & $1$ & $-0.307941$ & $-0.857722$ & $-0.391665$ & $0.0787011$ & $-0.084858$ & $-0.0923218$ & $-0.0808787$ & $-0.358546$ & $-0.202556$ & $-0.202835$ & $0.748529$ & $0.365027$ & $0.344865$ & $0.033311$ & $-0.361866$ & $-0.245831$ & $-0.0716154$ & $0.270198$ & $0.061734$ & $0.00117725$ & $0.0276038$ & $0.018602$ & $0.0234239$ & $0.0129859$ & $0.595732$ & $-0.0454449$ & $-0.0160187$ & $-0.0270399$ & $-0.000952472$ & $-0.00899888$ & $0.00386852$ & $-0.00707946$ & $-0.00472378$ & $0.0875043$ & $-0.00114912$ & $-0.00805917$ & $-0.0195584$ & $0.0104896$ & $-0.00788258$ & $0.000852956$ \\
CHWHB_gagaorth & $-0.000768761$ & $0.0531348$ & $0.0039232$ & $-0.00650888$ & $-0.0046939$ & $0.03851$ & $0.00720796$ & $-0.308364$ & $-0.307941$ & $1$ & $0.0273125$ & $0.408159$ & $-0.127819$ & $0.762804$ & $0.0832339$ & $0.0773069$ & $0.810482$ & $0.270651$ & $0.270634$ & $-0.0351016$ & $-0.0339574$ & $-0.0303309$ & $-0.0375401$ & $0.259912$ & $0.330787$ & $0.00801854$ & $-0.139139$ & $-0.00682957$ & $0.000414897$ & $-0.0702417$ & $-0.0288194$ & $0.0226721$ & $-0.041171$ & $-0.199903$ & $0.0350877$ & $0.0200908$ & $-5.29999e-05$ & $-0.00608106$ & $0.00666337$ & $-6.88204e-05$ & $-0.0248577$ & $-0.00273624$ & $-0.0103866$ & $-0.000655199$ & $0.00298958$ & $0.00705341$ & $-0.000978956$ & $-0.00258759$ & $0.00172617$ \\
CHD & $-0.0145331$ & $0.189344$ & $0.00867006$ & $-0.00131418$ & $0.0887494$ & $0.111113$ & $0.011878$ & $-0.878494$ & $-0.857722$ & $0.0273125$ & $1$ & $0.293251$ & $-0.0388812$ & $-0.191945$ & $0.0465493$ & $0.0401229$ & $0.0720611$ & $0.107189$ & $0.105864$ & $-0.77733$ & $-0.371274$ & $-0.353061$ & $-0.0198199$ & $0.261708$ & $0.131565$ & $0.0740722$ & $-0.211113$ & $-0.0631722$ & $0.00331876$ & $0.00455433$ & $-0.00451534$ & $0.022521$ & $0.0155099$ & $-0.463563$ & $0.0179551$ & $0.00307807$ & $0.013669$ & $-0.00348335$ & $0.00639385$ & $-0.00816529$ & $0.0150597$ & $0.00517064$ & $-0.00225651$ & $-0.000275897$ & $0.00939706$ & $0.0150394$ & $-0.00927968$ & $0.00648049$ & $-0.00296835$ \\
CHbox & $-0.00729964$ & $0.0040543$ & $-0.00525115$ & $-0.00148929$ & $0.00979298$ & $0.0459595$ & $0.0323946$ & $-0.422444$ & $-0.391665$ & $0.408159$ & $0.293251$ & $1$ & $-0.398585$ & $0.14391$ & $0.0651664$ & $0.0564973$ & $0.273707$ & $0.125412$ & $0.130446$ & $-0.109635$ & $-0.119915$ & $-0.116562$ & $-0.0171876$ & $0.187143$ & $0.156361$ & $0.0172664$ & $-0.132795$ & $-0.0201254$ & $0.0219454$ & $0.15513$ & $0.031923$ & $0.100953$ & $0.224801$ & $-0.319051$ & $0.0931605$ & $0.05157$ & $-0.00485121$ & $-0.0138064$ & $0.000455884$ & $-0.00557696$ & $-0.00721105$ & $-0.00392995$ & $-0.0132479$ & $0.000784005$ & $0.002327$ & $-0.000135742$ & $0.0119397$ & $-0.000149562$ & $-0.00076028$ \\
CH & $0.000273976$ & $-0.0225006$ & $0.0132865$ & $-0.013452$ & $0.00645785$ & $-0.0118835$ & $-0.0896113$ & $0.0814436$ & $0.0787011$ & $-0.127819$ & $-0.0388812$ & $-0.398585$ & $1$ & $-0.13555$ & $-0.0119131$ & $-0.00708303$ & $-0.138645$ & $-0.0472036$ & $-0.0506671$ & $0.0803534$ & $0.0189359$ & $0.0233174$ & $0.00545878$ & $-0.0493727$ & $-0.0571474$ & $-0.00222254$ & $0.0311972$ & $0.00489189$ & $0.0184936$ & $0.0736971$ & $0.0425465$ & $-0.0852864$ & $0.108714$ & $0.0438527$ & $-0.00722572$ & $-0.00251942$ & $0.00376997$ & $0.00479338$ & $-0.0037914$ & $0.00371533$ & $0.00834031$ & $0.00287384$ & $0.00152155$ & $-0.00229756$ & $0.00746571$ & $-0.0022331$ & $0.00563247$ & $-0.000360236$ & $0.00409858$ \\
CHL1_11 & $-0.00304014$ & $-0.0434638$ & $0.0031339$ & $0.00101124$ & $-0.00458778$ & $0.112379$ & $0.0060839$ & $-0.0790841$ & $-0.084858$ & $0.762804$ & $-0.191945$ & $0.14391$ & $-0.13555$ & $1$ & $0.0837745$ & $0.0811453$ & $0.623812$ & $0.220754$ & $0.219598$ & $0.0893862$ & $0.0430927$ & $0.0428339$ & $-0.0356027$ & $0.200803$ & $0.262763$ & $-0.00571531$ & $-0.112031$ & $0.00653477$ & $-0.00249217$ & $-0.034699$ & $-0.0217599$ & $0.00471309$ & $-0.0475939$ & $-0.113662$ & $0.0121374$ & $0.00909645$ & $-0.00694035$ & $-0.00233853$ & $0.000816659$ & $0.00138492$ & $-0.0247628$ & $-0.00542139$ & $-0.00371684$ & $0.000718717$ & $-0.00374287$ & $-0.000473214$ & $-0.00123627$ & $-0.00354985$ & $0.00416515$ \\
CHL1_22 & $0.00126323$ & $-0.0102484$ & $0.000306373$ & $-0.000999133$ & $0.000629899$ & $0.02402$ & $0.00175702$ & $-0.094439$ & $-0.0923218$ & $0.0832339$ & $0.0465493$ & $0.0651664$ & $-0.0119131$ & $0.0837745$ & $1$ & $0.346095$ & $0.0716655$ & $-0.633656$ & $-0.229134$ & $-0.026756$ & $-0.261629$ & $-0.198299$ & $-0.0938517$ & $0.273858$ & $-0.316089$ & $0.020566$ & $-0.530239$ & $-0.0335105$ & $0.00310443$ & $0.00134643$ & $-0.00218774$ & $0.00636256$ & $0.00536939$ & $-0.59192$ & $0.00453128$ & $0.000654794$ & $-0.00323276$ & $-0.0050172$ & $-0.00509665$ & $-0.00270352$ & $-0.0100145$ & $0.0037806$ & $0.00675826$ & $0.000982526$ & $0.00685285$ & $0.00414404$ & $-0.00616646$ & $0.00231539$ & $-0.000766396$ \\
CHL1_33 & $-0.0033287$ & $-0.00795965$ & $0.00126492$ & $-0.0012659$ & $-0.00131234$ & $0.0198682$ & $0.00466936$ & $-0.083544$ & $-0.0808787$ & $0.0773069$ & $0.0401229$ & $0.0564973$ & $-0.00708303$ & $0.0811453$ & $0.346095$ & $1$ & $0.0619262$ & $-0.226059$ & $-0.616807$ & $-0.0193985$ & $-0.194323$ & $-0.300483$ & $-0.0844008$ & $0.266312$ & $-0.309589$ & $0.0217588$ & $-0.509748$ & $-0.0334877$ & $0.00514819$ & $2.44716e-05$ & $0.000572522$ & $0.00483225$ & $0.00227674$ & $-0.273994$ & $-0.005719$ & $0.00157446$ & $0.00109311$ & $-0.00114332$ & $-0.00271638$ & $-0.00215274$ & $-0.0135804$ & $-0.00146167$ & $-0.000642471$ & $0.00358622$ & $0.00108905$ & $-0.00636697$ & $-0.00158522$ & $0.000209841$ & $-0.000301055$ \\
CHL3_11 & $-0.001998$ & $0.0656194$ & $0.00431511$ & $-0.00637524$ & $-0.00586459$ & $-0.0465651$ & $0.00666712$ & $-0.360036$ & $-0.358546$ & $0.810482$ & $0.0720611$ & $0.273707$ & $-0.138645$ & $0.623812$ & $0.0716655$ & $0.0619262$ & $1$ & $0.303706$ & $0.306212$ & $-0.116145$ & $-0.0525776$ & $-0.0467902$ & $-0.0310161$ & $0.275747$ & $0.377749$ & $0.0100012$ & $-0.125716$ & $-0.0139321$ & $-0.00166935$ & $-0.0338036$ & $-0.0191374$ & $0.0122852$ & $-0.0417329$ & $-0.182441$ & $0.016365$ & $0.0129061$ & $0.00214644$ & $-0.00872238$ & $0.00571483$ & $0.00138052$ & $-0.0175607$ & $-0.00418802$ & $-0.00643242$ & $-0.00297356$ & $0.00349249$ & $0.011299$ & $-0.00167286$ & $0.00540701$ & $0.00199549$ \\
CHL3_22 & $0.00730204$ & $0.00276796$ & $0.00163137$ & $-0.00138828$ & $-0.00429306$ & $0.00933016$ & $0.00366856$ & $-0.206563$ & $-0.202556$ & $0.270651$ & $0.107189$ & $0.125412$ & $-0.0472036$ & $0.220754$ & $-0.633656$ & $-0.226059$ & $0.303706$ & $1$ & $0.413751$ & $-0.108834$ & $0.0252883$ & $0.0369748$ & $0.0691448$ & $0.0219845$ & $0.591348$ & $0.00351422$ & $0.336535$ & $0.00599153$ & $-0.00553095$ & $-0.0153993$ & $-0.00390751$ & $0.00536357$ & $-0.014092$ & $0.534179$ & $0.00315325$ & $0.0119234$ & $-0.00250643$ & $-0.0025536$ & $0.000766461$ & $-0.000626008$ & $0.00535301$ & $-0.00927934$ & $-0.00263204$ & $-0.00265622$ & $-0.0050359$ & $0.000164923$ & $0.00275665$ & $0.00500368$ & $-0.000500079$ \\
CHL3_33 & $0.00662742$ & $0.000431227$ & $-0.00303861$ & $-0.00015776$ & $-0.00489616$ & $0.0128799$ & $0.00484181$ & $-0.206128$ & $-0.202835$ & $0.270634$ & $0.105864$ & $0.130446$ & $-0.0506671$ & $0.219598$ & $-0.229134$ & $-0.616807$ & $0.306212$ & $0.413751$ & $1$ & $-0.112203$ & $0.031557$ & $0.0324523$ & $0.0603924$ & $0.0201027$ & $0.592637$ & $0.0041252$ & $0.334194$ & $0.00493627$ & $-0.0048854$ & $-0.0146654$ & $-0.0073191$ & $0.00872128$ & $-0.00891346$ & $0.0934519$ & $0.0116256$ & $0.00718975$ & $-0.00185687$ & $-0.00833005$ & $-0.000277796$ & $0.000952012$ & $7.6583e-05$ & $-0.00104876$ & $-0.00120498$ & $-0.0101112$ & $0.0053514$ & $0.0110648$ & $-0.000564014$ & $0.00655784$ & $0.000430333$ \\
CHe_11 & $0.00134254$ & $-0.195885$ & $-0.00038185$ & $0.00339573$ & $0.0145983$ & $-0.102306$ & $-0.00418116$ & $0.758495$ & $0.748529$ & $-0.0351016$ & $-0.77733$ & $-0.109635$ & $0.0803534$ & $0.0893862$ & $-0.026756$ & $-0.0193985$ & $-0.116145$ & $-0.108834$ & $-0.112203$ & $1$ & $0.342663$ & $0.327602$ & $0.0179723$ & $-0.240617$ & $-0.130016$ & $-0.0741456$ & $0.183506$ & $0.0542723$ & $3.66521e-07$ & $-0.0251149$ & $0.00535416$ & $-0.00503238$ & $0.00434931$ & $0.383501$ & $-0.00749629$ & $0.0027688$ & $-0.0150564$ & $0.00353599$ & $-0.00588906$ & $0.00478889$ & $-0.0131575$ & $-0.0058431$ & $0.011987$ & $-0.00173329$ & $-0.00863631$ & $-0.0201805$ & $0.0153437$ & $-0.00783614$ & $0.00774647$ \\
CHe_22 & $-0.00612298$ & $-0.0180913$ & $0.00466724$ & $-0.00318961$ & $-0.000923964$ & $-0.0483499$ & $-0.00674081$ & $0.373392$ & $0.365027$ & $-0.0339574$ & $-0.371274$ & $-0.119915$ & $0.0189359$ & $0.0430927$ & $-0.261629$ & $-0.194323$ & $-0.0525776$ & $0.0252883$ & $0.031557$ & $0.342663$ & $1$ & $0.279033$ & $0.0452935$ & $-0.286002$ & $-0.000553031$ & $-0.0507485$ & $0.327124$ & $0.0490732$ & $-0.00382205$ & $0.000562638$ & $0.00646455$ & $-0.0113444$ & $-0.00443346$ & $0.286429$ & $-0.00278582$ & $-0.00721333$ & $-0.00460682$ & $-0.000876267$ & $0.00665392$ & $-0.00392217$ & $0.00289238$ & $-0.00262352$ & $-0.00577334$ & $-0.00315508$ & $0.000475832$ & $-0.0035236$ & $0.00849849$ & $-0.00587112$ & $0.00293596$ \\
CHe_33 & $0.00337695$ & $-0.0160341$ & $0.000642757$ & $-0.000801161$ & $0.0021788$ & $-0.0471171$ & $-0.00807975$ & $0.354483$ & $0.344865$ & $-0.0303309$ & $-0.353061$ & $-0.116562$ & $0.0233174$ & $0.0428339$ & $-0.198299$ & $-0.300483$ & $-0.0467902$ & $0.0369748$ & $0.0324523$ & $0.327602$ & $0.279033$ & $1$ & $0.0405104$ & $-0.267308$ & $0.00323072$ & $-0.0469279$ & $0.313087$ & $0.0467398$ & $-0.00663398$ & $-0.00126911$ & $-0.00135043$ & $-0.00998027$ & $-0.00661412$ & $0.280661$ & $0.000210433$ & $-0.00291921$ & $-0.00444616$ & $0.00475451$ & $0.00420233$ & $0.00244057$ & $-0.000826647$ & $-0.00151306$ & $-0.00485925$ & $0.00417351$ & $0.0032948$ & $-0.000933198$ & $-0.00261449$ & $-0.0116686$ & $0.0066168$ \\
CHQ1_11 & $-0.00686682$ & $0.0099606$ & $-0.00506659$ & $-0.00235735$ & $0.00525166$ & $-0.0088075$ & $-0.00185023$ & $0.0359946$ & $0.033311$ & $-0.0375401$ & $-0.0198199$ & $-0.0171876$ & $0.00545878$ & $-0.0356027$ & $-0.0938517$ & $-0.0844008$ & $-0.0310161$ & $0.0691448$ & $0.0603924$ & $0.0179723$ & $0.0452935$ & $0.0405104$ & $1$ & $-0.0666057$ & $0.111377$ & $-0.597804$ & $0.238275$ & $0.00827994$ & $0.00236348$ & $0.0125974$ & $0.00299518$ & $0.000773882$ & $-0.00143429$ & $0.0932881$ & $0.00152774$ & $0.00173197$ & $0.000179732$ & $0.00261226$ & $-0.00439092$ & $0.00119488$ & $0.00288294$ & $-0.000834988$ & $0.00451602$ & $5.99189e-05$ & $0.000721118$ & $0.00613937$ & $0.00400107$ & $-0.000674288$ & $-0.00115386$ \\
CHQ1_33 & $-0.0300976$ & $0.00709571$ & $-0.00201915$ & $0.00311241$ & $-0.00870531$ & $0.0540553$ & $0.00700363$ & $-0.369307$ & $-0.361866$ & $0.259912$ & $0.261708$ & $0.187143$ & $-0.0493727$ & $0.200803$ & $0.273858$ & $0.266312$ & $0.275747$ & $0.0219845$ & $0.0201027$ & $-0.240617$ & $-0.286002$ & $-0.267308$ & $-0.0666057$ & $1$ & $0.072574$ & $0.046438$ & $-0.240927$ & $0.109251$ & $0.00126565$ & $-0.00841974$ & $-0.00895698$ & $0.0113194$ & $-0.00403$ & $-0.332984$ & $0.00471983$ & $0.00687675$ & $-0.00140248$ & $-0.00518947$ & $-0.00394032$ & $-0.00195703$ & $-0.0037896$ & $-0.00532918$ & $0.00200452$ & $0.00885685$ & $0.00125562$ & $0.00526414$ & $-0.00230163$ & $0.00834875$ & $-0.00253492$ \\
CHQ3_11 & $-0.103984$ & $0.0167964$ & $-0.00566157$ & $-0.00147661$ & $-0.00881497$ & $0.010104$ & $-0.00129466$ & $-0.252224$ & $-0.245831$ & $0.330787$ & $0.131565$ & $0.156361$ & $-0.0571474$ & $0.262763$ & $-0.316089$ & $-0.309589$ & $0.377749$ & $0.591348$ & $0.592637$ & $-0.130016$ & $-0.000553031$ & $0.00323072$ & $0.111377$ & $0.072574$ & $1$ & $0.0116923$ & $0.52453$ & $-0.00132746$ & $-0.00325277$ & $-0.0235023$ & $-0.0113323$ & $0.000449088$ & $-0.0139956$ & $0.183649$ & $0.0109088$ & $0.0150214$ & $0.0015403$ & $-0.0045117$ & $0.00464277$ & $-0.000891971$ & $0.00370813$ & $-0.00172761$ & $0.00249173$ & $-0.00556547$ & $-0.00266324$ & $0.0150227$ & $-0.0048051$ & $0.00724529$ & $0.00463711$ \\
CHu_11 & $-0.00728238$ & $-0.00290283$ & $0.00155092$ & $0.00192102$ & $-0.00470299$ & $0.0156064$ & $-0.000211285$ & $-0.0750232$ & $-0.0716154$ & $0.00801854$ & $0.0740722$ & $0.0172664$ & $-0.00222254$ & $-0.00571531$ & $0.020566$ & $0.0217588$ & $0.0100012$ & $0.00351422$ & $0.0041252$ & $-0.0741456$ & $-0.0507485$ & $-0.0469279$ & $-0.597804$ & $0.046438$ & $0.0116923$ & $1$ & $0.152195$ & $-0.0130445$ & $0.000234299$ & $-0.00432719$ & $-0.00240621$ & $-0.00138633$ & $0.00354997$ & $-0.0506263$ & $-0.00366884$ & $0.000550002$ & $-0.00230357$ & $-0.00314222$ & $0.00973227$ & $0.00523054$ & $-0.00310907$ & $-0.0013575$ & $-0.00296588$ & $0.00282278$ & $0.0061236$ & $-0.000140253$ & $-0.000241218$ & $-0.00371694$ & $0.00461178$ \\
CHd_11 & $-0.0116858$ & $0.00894897$ & $-0.00387488$ & $0.00162676$ & $-0.000170387$ & $-0.0475918$ & $-0.0114324$ & $0.276041$ & $0.270198$ & $-0.139139$ & $-0.211113$ & $-0.132795$ & $0.0311972$ & $-0.112031$ & $-0.530239$ & $-0.509748$ & $-0.125716$ & $0.336535$ & $0.334194$ & $0.183506$ & $0.327124$ & $0.313087$ & $0.238275$ & $-0.240927$ & $0.52453$ & $0.152195$ & $1$ & $0.0267241$ & $-0.00213745$ & $0.00067091$ & $0.00229486$ & $-0.0155061$ & $-0.00599602$ & $0.514087$ & $-0.0033332$ & $-0.000221781$ & $-0.00171524$ & $0.00198573$ & $0.00880581$ & $0.00663976$ & $0.00720186$ & $0.00047053$ & $-0.00279986$ & $-0.0023494$ & $0.00156652$ & $0.00260812$ & $0.00299548$ & $-0.00393665$ & $0.0014911$ \\
CHd_33 & $0.00825995$ & $-0.00425562$ & $0.0016496$ & $0.00518648$ & $-0.00114821$ & $-0.00575237$ & $-0.001588$ & $0.0629596$ & $0.061734$ & $-0.00682957$ & $-0.0631722$ & $-0.0201254$ & $0.00489189$ & $0.00653477$ & $-0.0335105$ & $-0.0334877$ & $-0.0139321$ & $0.00599153$ & $0.00493627$ & $0.0542723$ & $0.0490732$ & $0.0467398$ & $0.00827994$ & $0.109251$ & $-0.00132746$ & $-0.0130445$ & $0.0267241$ & $1$ & $-0.00275541$ & $-0.00588992$ & $0.000405613$ & $-0.00346096$ & $-0.00301782$ & $0.0493707$ & $-0.000106541$ & $-0.00452805$ & $-0.00249317$ & $0.00161163$ & $0.00338382$ & $0.000165024$ & $0.000234343$ & $-0.00475541$ & $-0.00076275$ & $-0.000739952$ & $-0.00463894$ & $0.0048666$ & $0.00565293$ & $-0.00796812$ & $0.00537084$ \\
CeH_22r & $0.00933772$ & $0.00343851$ & $0.00282547$ & $-0.000701488$ & $0.000988118$ & $0.000899411$ & $0.0209221$ & $-0.00587322$ & $0.00117725$ & $0.000414897$ & $0.00331876$ & $0.0219454$ & $0.0184936$ & $-0.00249217$ & $0.00310443$ & $0.00514819$ & $-0.00166935$ & $-0.00553095$ & $-0.0048854$ & $3.66521e-07$ & $-0.00382205$ & $-0.00663398$ & $0.00236348$ & $0.00126565$ & $-0.00325277$ & $0.000234299$ & $-0.00213745$ & $-0.00275541$ & $1$ & $0.0272758$ & $0.0165001$ & $0.00169756$ & $0.0335919$ & $-0.00882338$ & $-0.0383357$ & $-0.017683$ & $-0.0192377$ & $-0.000909345$ & $-0.00570338$ & $-0.00986192$ & $-0.00901822$ & $0.00987675$ & $-0.0130609$ & $0.0143844$ & $0.0071574$ & $-0.00510267$ & $-0.00270335$ & $-0.000104747$ & $0.00328673$ \\
CeH_33r & $0.00447464$ & $-0.0156479$ & $-0.00316611$ & $-0.000101743$ & $-0.00759223$ & $-0.00265325$ & $-0.0571836$ & $-1.35645e-05$ & $0.0276038$ & $-0.0702417$ & $0.00455433$ & $0.15513$ & $0.0736971$ & $-0.034699$ & $0.00134643$ & $2.44716e-05$ & $-0.0338036$ & $-0.0153993$ & $-0.0146654$ & $-0.0251149$ & $0.000562638$ & $-0.00126911$ & $0.0125974$ & $-0.00841974$ & $-0.0235023$ & $-0.00432719$ & $0.00067091$ & $-0.00588992$ & $0.0272758$ & $1$ & $0.253834$ & $0.0598245$ & $0.539613$ & $-0.00944081$ & $-0.0702337$ & $-0.00699723$ & $-0.192489$ & $-0.098185$ & $-0.0241483$ & $-0.00352283$ & $-0.00172549$ & $-0.000595851$ & $-0.00229525$ & $-0.00426939$ & $0.0804337$ & $0.00523658$ & $0.00301016$ & $-0.0102812$ & $-0.00102758$ \\
CuH_22r & $0.0166588$ & $-0.017247$ & $-0.00537932$ & $-0.0069301$ & $0.00335327$ & $-9.1389e-05$ & $-0.0398445$ & $0.00621819$ & $0.018602$ & $-0.0288194$ & $-0.00451534$ & $0.031923$ & $0.0425465$ & $-0.0217599$ & $-0.00218774$ & $0.000572522$ & $-0.0191374$ & $-0.00390751$ & $-0.0073191$ & $0.00535416$ & $0.00646455$ & $-0.00135043$ & $0.00299518$ & $-0.00895698$ & $-0.0113323$ & $-0.00240621$ & $0.00229486$ & $0.000405613$ & $0.0165001$ & $0.253834$ & $1$ & $0.0348564$ & $0.290934$ & $-0.00124888$ & $-0.0171254$ & $-0.00189304$ & $-0.0867463$ & $-0.0609864$ & $-0.0166617$ & $-0.00506053$ & $0.00889604$ & $-0.0139099$ & $-0.00400971$ & $0.00744753$ & $-0.0226087$ & $0.0859399$ & $0.404464$ & $-0.0227981$ & $0.00731676$ \\
CuH_33r & $0.00363744$ & $0.0107126$ & $0.000560593$ & $0.00247409$ & $0.000268118$ & $0.00437629$ & $0.93785$ & $-0.029687$ & $0.0234239$ & $0.0226721$ & $0.022521$ & $0.100953$ & $-0.0852864$ & $0.00471309$ & $0.00636256$ & $0.00483225$ & $0.0122852$ & $0.00536357$ & $0.00872128$ & $-0.00503238$ & $-0.0113444$ & $-0.00998027$ & $0.000773882$ & $0.0113194$ & $0.000449088$ & $-0.00138633$ & $-0.0155061$ & $-0.00346096$ & $0.00169756$ & $0.0598245$ & $0.0348564$ & $1$ & $0.0796847$ & $-0.0211126$ & $0.0646571$ & $0.0357215$ & $-0.0192009$ & $-0.01709$ & $0.0174596$ & $-0.000168013$ & $0.00516049$ & $-0.00143744$ & $0.0033861$ & $-7.66924e-05$ & $0.00552078$ & $-0.000967235$ & $0.00336441$ & $-0.0123753$ & $-0.00197855$ \\
CdH_33r & $-0.0120546$ & $-0.0313862$ & $0.0270491$ & $0.0154346$ & $-0.00976465$ & $-0.00200538$ & $-0.0726956$ & $-0.0141021$ & $0.0129859$ & $-0.041171$ & $0.0155099$ & $0.224801$ & $0.108714$ & $-0.0475939$ & $0.00536939$ & $0.00227674$ & $-0.0417329$ & $-0.014092$ & $-0.00891346$ & $0.00434931$ & $-0.00443346$ & $-0.00661412$ & $-0.00143429$ & $-0.00403$ & $-0.0139956$ & $0.00354997$ & $-0.00599602$ & $-0.00301782$ & $0.0335919$ & $0.539613$ & $0.290934$ & $0.0796847$ & $1$ & $-0.0283599$ & $-0.0764577$ & $-0.0396509$ & $-0.227295$ & $-0.111751$ & $-0.0108625$ & $-0.0125748$ & $0.00372307$ & $-0.00393363$ & $-0.0328605$ & $-0.00291974$ & $-0.0151352$ & $-0.014343$ & $0.0103826$ & $0.172191$ & $0.519713$ \\
CLL_1221 & $0.000128446$ & $0.115315$ & $-0.000855701$ & $-0.00385226$ & $-0.0033081$ & $-0.103618$ & $-0.00823581$ & $0.612148$ & $0.595732$ & $-0.199903$ & $-0.463563$ & $-0.319051$ & $0.0438527$ & $-0.113662$ & $-0.59192$ & $-0.273994$ & $-0.182441$ & $0.534179$ & $0.0934519$ & $0.383501$ & $0.286429$ & $0.280661$ & $0.0932881$ & $-0.332984$ & $0.183649$ & $-0.0506263$ & $0.514087$ & $0.0493707$ & $-0.00882338$ & $-0.00944081$ & $-0.00124888$ & $-0.0211126$ & $-0.0283599$ & $1$ & $-0.0125508$ & $-0.00197272$ & $0.00969562$ & $0.00679513$ & $0.0145256$ & $0.00665643$ & $0.0136888$ & $-0.0058483$ & $-0.00511713$ & $-0.00368471$ & $0.00186563$ & $0.00407796$ & $-0.00382408$ & $-0.00769451$ & $-0.00479042$ \\
eHggint & $-0.043828$ & $0.0185485$ & $0.00996156$ & $-0.0214685$ & $0.00723661$ & $-0.0026318$ & $-0.028596$ & $-0.0214251$ & $-0.0454449$ & $0.0350877$ & $0.0179551$ & $0.0931605$ & $-0.00722572$ & $0.0121374$ & $0.00453128$ & $-0.005719$ & $0.016365$ & $0.00315325$ & $0.0116256$ & $-0.00749629$ & $-0.00278582$ & $0.000210433$ & $0.00152774$ & $0.00471983$ & $0.0109088$ & $-0.00366884$ & $-0.0033332$ & $-0.000106541$ & $-0.0383357$ & $-0.0702337$ & $-0.0171254$ & $0.0646571$ & $-0.0764577$ & $-0.0125508$ & $1$ & $-0.0693083$ & $0.113612$ & $0.0155517$ & $0.0321944$ & $0.0141508$ & $-0.0230482$ & $-0.00154797$ & $0.0199506$ & $0.0181036$ & $0.0141575$ & $-5.28172e-05$ & $0.0179018$ & $-0.0382302$ & $-0.0120226$ \\
eHggpar & $-0.0441274$ & $-0.0076107$ & $0.0369384$ & $-0.0214465$ & $-0.00337187$ & $0.00228609$ & $-0.0119514$ & $-0.00701411$ & $-0.0160187$ & $0.0200908$ & $0.00307807$ & $0.05157$ & $-0.00251942$ & $0.00909645$ & $0.000654794$ & $0.00157446$ & $0.0129061$ & $0.0119234$ & $0.00718975$ & $0.0027688$ & $-0.00721333$ & $-0.00291921$ & $0.00173197$ & $0.00687675$ & $0.0150214$ & $0.000550002$ & $-0.000221781$ & $-0.00452805$ & $-0.017683$ & $-0.00699723$ & $-0.00189304$ & $0.0357215$ & $-0.0396509$ & $-0.00197272$ & $-0.0693083$ & $1$ & $-0.0225601$ & $0.00957699$ & $0.0419946$ & $0.0094328$ & $0.00582428$ & $0.00597237$ & $0.00746399$ & $-0.034202$ & $0.0280926$ & $0.0468921$ & $9.73185e-05$ & $0.00512565$ & $-0.0583994$ \\
eHWWint & $0.0179318$ & $0.0760997$ & $-0.0270002$ & $0.000818963$ & $0.00675186$ & $-0.00737719$ & $0.0162659$ & $-0.0131946$ & $-0.0270399$ & $-5.29999e-05$ & $0.013669$ & $-0.00485121$ & $0.00376997$ & $-0.00694035$ & $-0.00323276$ & $0.00109311$ & $0.00214644$ & $-0.00250643$ & $-0.00185687$ & $-0.0150564$ & $-0.00460682$ & $-0.00444616$ & $0.000179732$ & $-0.00140248$ & $0.0015403$ & $-0.00230357$ & $-0.00171524$ & $-0.00249317$ & $-0.0192377$ & $-0.192489$ & $-0.0867463$ & $-0.0192009$ & $-0.227295$ & $0.00969562$ & $0.113612$ & $-0.0225601$ & $1$ & $-0.00783299$ & $0.00815212$ & $0.00454676$ & $0.0087433$ & $0.0242031$ & $-0.00407331$ & $0.0061658$ & $0.0264446$ & $0.0102641$ & $0.023377$ & $-0.0255909$ & $0.00680841$ \\
eHWWpar & $-0.0257381$ & $0.0123895$ & $0.0215651$ & $-0.0233911$ & $-0.000530977$ & $-0.00295677$ & $0.00493687$ & $0.00611187$ & $-0.000952472$ & $-0.00608106$ & $-0.00348335$ & $-0.0138064$ & $0.00479338$ & $-0.00233853$ & $-0.0050172$ & $-0.00114332$ & $-0.00872238$ & $-0.0025536$ & $-0.00833005$ & $0.00353599$ & $-0.000876267$ & $0.00475451$ & $0.00261226$ & $-0.00518947$ & $-0.0045117$ & $-0.00314222$ & $0.00198573$ & $0.00161163$ & $-0.000909345$ & $-0.098185$ & $-0.0609864$ & $-0.01709$ & $-0.111751$ & $0.00679513$ & $0.0155517$ & $0.00957699$ & $-0.00783299$ & $1$ & $0.00314658$ & $0.00255921$ & $-0.0228866$ & $0.000930128$ & $-0.00578396$ & $0.0106147$ & $-0.00342197$ & $-0.0102592$ & $-0.0107213$ & $0.0300942$ & $-0.00635953$ \\
eHZZint & $-0.0390159$ & $0.0697899$ & $0.0175132$ & $-0.0508696$ & $-0.00835364$ & $0.00407915$ & $0.0029435$ & $-0.00676309$ & $-0.00899888$ & $0.00666337$ & $0.00639385$ & $0.000455884$ & $-0.0037914$ & $0.000816659$ & $-0.00509665$ & $-0.00271638$ & $0.00571483$ & $0.000766461$ & $-0.000277796$ & $-0.00588906$ & $0.00665392$ & $0.00420233$ & $-0.00439092$ & $-0.00394032$ & $0.00464277$ & $0.00973227$ & $0.00880581$ & $0.00338382$ & $-0.00570338$ & $-0.0241483$ & $-0.0166617$ & $0.0174596$ & $-0.0108625$ & $0.0145256$ & $0.0321944$ & $0.0419946$ & $0.00815212$ & $0.00314658$ & $1$ & $-0.0317128$ & $0.00821451$ & $0.0162814$ & $0.0117266$ & $0.0119658$ & $0.0395889$ & $0.0284472$ & $-0.00980473$ & $0.0499371$ & $0.0157059$ \\
eHZZpar & $0.00211839$ & $0.00204191$ & $-0.000659634$ & $-0.00210362$ & $-0.00185127$ & $0.00347289$ & $-0.00588733$ & $0.00784396$ & $0.00386852$ & $-6.88204e-05$ & $-0.00816529$ & $-0.00557696$ & $0.00371533$ & $0.00138492$ & $-0.00270352$ & $-0.00215274$ & $0.00138052$ & $-0.000626008$ & $0.000952012$ & $0.00478889$ & $-0.00392217$ & $0.00244057$ & $0.00119488$ & $-0.00195703$ & $-0.000891971$ & $0.00523054$ & $0.00663976$ & $0.000165024$ & $-0.00986192$ & $-0.00352283$ & $-0.00506053$ & $-0.000168013$ & $-0.0125748$ & $0.00665643$ & $0.0141508$ & $0.0094328$ & $0.00454676$ & $0.00255921$ & $-0.0317128$ & $1$ & $0.0117218$ & $0.00996538$ & $-0.00768637$ & $-0.0195107$ & $0.0130236$ & $-0.0075896$ & $-0.00647419$ & $0.00625282$ & $-0.016857$ \\
eHZgaint & $-0.0406039$ & $0.0443325$ & $-0.0102371$ & $-0.0473228$ & $-0.000236606$ & $0.00691467$ & $0.00457293$ & $-0.00891217$ & $-0.00707946$ & $-0.0248577$ & $0.0150597$ & $-0.00721105$ & $0.00834031$ & $-0.0247628$ & $-0.0100145$ & $-0.0135804$ & $-0.0175607$ & $0.00535301$ & $7.6583e-05$ & $-0.0131575$ & $0.00289238$ & $-0.000826647$ & $0.00288294$ & $-0.0037896$ & $0.00370813$ & $-0.00310907$ & $0.00720186$ & $0.000234343$ & $-0.00901822$ & $-0.00172549$ & $0.00889604$ & $0.00516049$ & $0.00372307$ & $0.0136888$ & $-0.0230482$ & $0.00582428$ & $0.0087433$ & $-0.0228866$ & $0.00821451$ & $0.0117218$ & $1$ & $0.0045261$ & $0.0167711$ & $-0.00187671$ & $-0.0286914$ & $-0.00375305$ & $0.0171772$ & $0.00254702$ & $-0.00332449$ \\
eHZgapar & $0.00826514$ & $0.015397$ & $-0.0116425$ & $0.00299864$ & $-0.00923619$ & $-0.00873002$ & $-2.53225e-05$ & $-0.00488819$ & $-0.00472378$ & $-0.00273624$ & $0.00517064$ & $-0.00392995$ & $0.00287384$ & $-0.00542139$ & $0.0037806$ & $-0.00146167$ & $-0.00418802$ & $-0.00927934$ & $-0.00104876$ & $-0.0058431$ & $-0.00262352$ & $-0.00151306$ & $-0.000834988$ & $-0.00532918$ & $-0.00172761$ & $-0.0013575$ & $0.00047053$ & $-0.00475541$ & $0.00987675$ & $-0.000595851$ & $-0.0139099$ & $-0.00143744$ & $-0.00393363$ & $-0.0058483$ & $-0.00154797$ & $0.00597237$ & $0.0242031$ & $0.000930128$ & $0.0162814$ & $0.00996538$ & $0.0045261$ & $1$ & $-0.00727245$ & $0.0156705$ & $0.00349007$ & $-0.00379089$ & $-0.0154788$ & $-0.0031243$ & $0.00253841$ \\
eHgagaint & $-0.0423064$ & $-0.0153275$ & $0.00427893$ & $-0.00717741$ & $0.00895847$ & $-0.0019348$ & $0.00122063$ & $0.00309359$ & $0.0875043$ & $-0.0103866$ & $-0.00225651$ & $-0.0132479$ & $0.00152155$ & $-0.00371684$ & $0.00675826$ & $-0.000642471$ & $-0.00643242$ & $-0.00263204$ & $-0.00120498$ & $0.011987$ & $-0.00577334$ & $-0.00485925$ & $0.00451602$ & $0.00200452$ & $0.00249173$ & $-0.00296588$ & $-0.00279986$ & $-0.00076275$ & $-0.0130609$ & $-0.00229525$ & $-0.00400971$ & $0.0033861$ & $-0.0328605$ & $-0.00511713$ & $0.0199506$ & $0.00746399$ & $-0.00407331$ & $-0.00578396$ & $0.0117266$ & $-0.00768637$ & $0.0167711$ & $-0.00727245$ & $1$ & $-0.013221$ & $0.00284561$ & $0.00725304$ & $-0.00495965$ & $-0.010353$ & $-0.0485666$ \\
eHmumuint & $-0.017109$ & $-0.00269646$ & $0.0438057$ & $0.0285482$ & $-0.00637366$ & $0.00179112$ & $-0.000591369$ & $-0.000400367$ & $-0.00114912$ & $-0.000655199$ & $-0.000275897$ & $0.000784005$ & $-0.00229756$ & $0.000718717$ & $0.000982526$ & $0.00358622$ & $-0.00297356$ & $-0.00265622$ & $-0.0101112$ & $-0.00173329$ & $-0.00315508$ & $0.00417351$ & $5.99189e-05$ & $0.00885685$ & $-0.00556547$ & $0.00282278$ & $-0.0023494$ & $-0.000739952$ & $0.0143844$ & $-0.00426939$ & $0.00744753$ & $-7.66924e-05$ & $-0.00291974$ & $-0.00368471$ & $0.0181036$ & $-0.034202$ & $0.0061658$ & $0.0106147$ & $0.0119658$ & $-0.0195107$ & $-0.00187671$ & $0.0156705$ & $-0.013221$ & $1$ & $0.0462077$ & $0.0330907$ & $0.0243538$ & $0.00758908$ & $-0.00153864$ \\
eHtautauint & $0.00742126$ & $0.0323149$ & $-0.0282678$ & $0.00553364$ & $0.00353809$ & $-0.00201359$ & $0.00283723$ & $-0.00710267$ & $-0.00805917$ & $0.00298958$ & $0.00939706$ & $0.002327$ & $0.00746571$ & $-0.00374287$ & $0.00685285$ & $0.00108905$ & $0.00349249$ & $-0.0050359$ & $0.0053514$ & $-0.00863631$ & $0.000475832$ & $0.0032948$ & $0.000721118$ & $0.00125562$ & $-0.00266324$ & $0.0061236$ & $0.00156652$ & $-0.00463894$ & $0.0071574$ & $0.0804337$ & $-0.0226087$ & $0.00552078$ & $-0.0151352$ & $0.00186563$ & $0.0141575$ & $0.0280926$ & $0.0264446$ & $-0.00342197$ & $0.0395889$ & $0.0130236$ & $-0.0286914$ & $0.00349007$ & $0.00284561$ & $0.0462077$ & $1$ & $0.0361321$ & $-0.0467059$ & $-0.0754971$ & $0.00181434$ \\
eHccint & $-0.0774443$ & $0.0754179$ & $-0.0238885$ & $-0.0265738$ & $-0.00247246$ & $0.0122759$ & $-0.00758611$ & $-0.0190508$ & $-0.0195584$ & $0.00705341$ & $0.0150394$ & $-0.000135742$ & $-0.0022331$ & $-0.000473214$ & $0.00414404$ & $-0.00636697$ & $0.011299$ & $0.000164923$ & $0.0110648$ & $-0.0201805$ & $-0.0035236$ & $-0.000933198$ & $0.00613937$ & $0.00526414$ & $0.0150227$ & $-0.000140253$ & $0.00260812$ & $0.0048666$ & $-0.00510267$ & $0.00523658$ & $0.0859399$ & $-0.000967235$ & $-0.014343$ & $0.00407796$ & $-5.28172e-05$ & $0.0468921$ & $0.0102641$ & $-0.0102592$ & $0.0284472$ & $-0.0075896$ & $-0.00375305$ & $-0.00379089$ & $0.00725304$ & $0.0330907$ & $0.0361321$ & $1$ & $0.0390918$ & $-0.0169298$ & $-0.016647$ \\
eHccpar & $0.0557941$ & $-0.0536567$ & $-0.00858914$ & $-0.00562307$ & $0.0120877$ & $0.000703033$ & $-0.00276587$ & $0.0109129$ & $0.0104896$ & $-0.000978956$ & $-0.00927968$ & $0.0119397$ & $0.00563247$ & $-0.00123627$ & $-0.00616646$ & $-0.00158522$ & $-0.00167286$ & $0.00275665$ & $-0.000564014$ & $0.0153437$ & $0.00849849$ & $-0.00261449$ & $0.00400107$ & $-0.00230163$ & $-0.0048051$ & $-0.000241218$ & $0.00299548$ & $0.00565293$ & $-0.00270335$ & $0.00301016$ & $0.404464$ & $0.00336441$ & $0.0103826$ & $-0.00382408$ & $0.0179018$ & $9.73185e-05$ & $0.023377$ & $-0.0107213$ & $-0.00980473$ & $-0.00647419$ & $0.0171772$ & $-0.0154788$ & $-0.00495965$ & $0.0243538$ & $-0.0467059$ & $0.0390918$ & $1$ & $-0.0446035$ & $0.0336255$ \\
eHbbint & $-0.0235496$ & $-0.0220211$ & $0.051281$ & $-0.0194669$ & $-0.0151449$ & $-0.00438479$ & $-0.0105836$ & $-0.00806447$ & $-0.00788258$ & $-0.00258759$ & $0.00648049$ & $-0.000149562$ & $-0.000360236$ & $-0.00354985$ & $0.00231539$ & $0.000209841$ & $0.00540701$ & $0.00500368$ & $0.00655784$ & $-0.00783614$ & $-0.00587112$ & $-0.0116686$ & $-0.000674288$ & $0.00834875$ & $0.00724529$ & $-0.00371694$ & $-0.00393665$ & $-0.00796812$ & $-0.000104747$ & $-0.0102812$ & $-0.0227981$ & $-0.0123753$ & $0.172191$ & $-0.00769451$ & $-0.0382302$ & $0.00512565$ & $-0.0255909$ & $0.0300942$ & $0.0499371$ & $0.00625282$ & $0.00254702$ & $-0.0031243$ & $-0.010353$ & $0.00758908$ & $-0.0754971$ & $-0.0169298$ & $-0.0446035$ & $1$ & $-0.0161652$ \\
eHbbpar & $-0.0210392$ & $-0.0293284$ & $0.0358081$ & $0.0377689$ & $0.00204876$ & $0.000121986$ & $-0.00336585$ & $0.00432852$ & $0.000852956$ & $0.00172617$ & $-0.00296835$ & $-0.00076028$ & $0.00409858$ & $0.00416515$ & $-0.000766396$ & $-0.000301055$ & $0.00199549$ & $-0.000500079$ & $0.000430333$ & $0.00774647$ & $0.00293596$ & $0.0066168$ & $-0.00115386$ & $-0.00253492$ & $0.00463711$ & $0.00461178$ & $0.0014911$ & $0.00537084$ & $0.00328673$ & $-0.00102758$ & $0.00731676$ & $-0.00197855$ & $0.519713$ & $-0.00479042$ & $-0.0120226$ & $-0.0583994$ & $0.00680841$ & $-0.00635953$ & $0.0157059$ & $-0.016857$ & $-0.00332449$ & $0.00253841$ & $-0.0485666$ & $-0.00153864$ & $0.00181434$ & $-0.016647$ & $0.0336255$ & $-0.0161652$ & $1$ \\
