 & AlsMz & dAle5Mz & mtop & mHl & Mz & CW & CHG & CHWB & CHWHB_gaga & CHWHB_gagaorth & CHD & CHbox & CH & CHL1_11 & CHL1_22 & CHL1_33 & CHL3_11 & CHL3_22 & CHL3_33 & CHe_11 & CHe_22 & CHe_33 & CHQ1_11 & CHQ1_33 & CHQ3_11 & CHu_11 & CHd_11 & CHd_33 & CeH_22r & CeH_33r & CuH_22r & CuH_33r & CdH_33r & CLL_1221 & eHggint & eHggpar & eHWWint & eHWWpar & eHZZint & eHZZpar & eHZgaint & eHZgapar & eHgagaint & eHmumuint & eHtautauint & eHccint & eHccpar & eHbbint & eHbbpar \\
AlsMz & $1$ & $0.145846$ & $0.252669$ & $0.39838$ & $-0.0938796$ & $-0.0501731$ & $0.111921$ & $-0.092635$ & $-0.0910464$ & $0.0421065$ & $0.0470761$ & $-0.0879688$ & $-0.0924223$ & $0.0416456$ & $0.0266083$ & $0.0537807$ & $0.0844307$ & $0.0635054$ & $0.0483608$ & $-0.0388423$ & $-0.0591677$ & $-0.0593621$ & $-0.0256613$ & $0.113039$ & $0.0568965$ & $0.0472187$ & $-0.0414399$ & $0.0280373$ & $-0.0102164$ & $-0.0187409$ & $-0.00741801$ & $0.118871$ & $-0.153794$ & $-0.0933113$ & $-0.134301$ & $0.0117649$ & $0.0932618$ & $-0.0398237$ & $0.176126$ & $-0.0813067$ & $0.205484$ & $0.06367$ & $0.35827$ & $0.0128803$ & $-0.176726$ & $-0.396013$ & $-0.0911917$ & $-0.0797546$ & $-0.62026$ \\
dAle5Mz & $0.145846$ & $1$ & $-0.246458$ & $0.0373441$ & $-0.0715482$ & $-0.00402327$ & $0.141875$ & $-0.102212$ & $-0.0938238$ & $0.0382971$ & $0.0747288$ & $-0.13075$ & $-0.177414$ & $0.0276368$ & $0.052914$ & $-0.0581316$ & $0.0355729$ & $0.00339059$ & $0.0835346$ & $-0.0676365$ & $-0.0721674$ & $-0.0807447$ & $0.0192267$ & $0.0765094$ & $0.0434234$ & $0.0177154$ & $-0.0534717$ & $0.0050597$ & $-0.0478382$ & $-0.0672833$ & $-0.0401881$ & $0.118316$ & $-0.110917$ & $-0.115547$ & $-0.114136$ & $0.356835$ & $0.56925$ & $0.140969$ & $0.480485$ & $0.00842877$ & $0.143813$ & $0.0577381$ & $-0.24312$ & $-0.0757255$ & $-0.35063$ & $-0.276354$ & $0.169804$ & $0.189136$ & $0.0441122$ \\
mtop & $0.252669$ & $-0.246458$ & $1$ & $0.172068$ & $-0.0912584$ & $0.0117865$ & $-0.00315178$ & $0.0042452$ & $0.0106209$ & $0.0148331$ & $-0.0116239$ & $0.0586882$ & $0.039497$ & $0.0148076$ & $-0.0265008$ & $0.0450154$ & $0.0110966$ & $0.042419$ & $-0.0175277$ & $0.0184772$ & $0.00569257$ & $0.0118183$ & $0.00663293$ & $0.0146147$ & $0.0208731$ & $0.0136372$ & $0.019935$ & $0.0397806$ & $0.0270803$ & $0.0653414$ & $0.00514077$ & $0.0313119$ & $0.0368239$ & $0.021756$ & $0.0899839$ & $0.00537169$ & $0.0190069$ & $-0.0247308$ & $-0.0451761$ & $0.065841$ & $0.281741$ & $0.143003$ & $0.428812$ & $0.112903$ & $-0.207118$ & $0.113495$ & $-0.173478$ & $-0.0684358$ & $-0.212165$ \\
mHl & $0.39838$ & $0.0373441$ & $0.172068$ & $1$ & $-0.0682046$ & $-0.0176213$ & $0.0296461$ & $0.00511693$ & $0.000142352$ & $-0.0554586$ & $0.000923748$ & $-0.00517467$ & $0.0173431$ & $-0.0200184$ & $0.00708589$ & $0.0259853$ & $-0.0147095$ & $-0.0222696$ & $-0.0295023$ & $-0.00071481$ & $-0.00453241$ & $0.000326535$ & $0.0101613$ & $-0.00464362$ & $-0.0228103$ & $0.0160534$ & $0.0143761$ & $0.0305835$ & $-0.0220792$ & $-0.0099687$ & $-0.0392598$ & $0.0446936$ & $-0.0930097$ & $-0.00157207$ & $-0.0601995$ & $0.165314$ & $0.251734$ & $0.150806$ & $0.088584$ & $0.0481532$ & $0.555517$ & $0.0730592$ & $0.114047$ & $-0.316418$ & $-0.128941$ & $-0.282227$ & $0.111122$ & $-0.212284$ & $-0.432686$ \\
Mz & $-0.0938796$ & $-0.0715482$ & $-0.0912584$ & $-0.0682046$ & $1$ & $0.0190122$ & $0.00861194$ & $0.0275743$ & $0.0256423$ & $0.0147373$ & $-0.0294579$ & $0.0246841$ & $0.0481555$ & $0.0193184$ & $-0.00840593$ & $-0.0227085$ & $0.0343948$ & $0.0202905$ & $0.0308925$ & $0.0363729$ & $0.0420368$ & $0.0354574$ & $-0.00932251$ & $-0.0167415$ & $0.0389056$ & $-0.0174715$ & $0.0448626$ & $-0.0222619$ & $0.0143627$ & $-0.0041405$ & $-0.00589958$ & $0.0203278$ & $-0.000771931$ & $0.0300043$ & $0.0336092$ & $-0.0526642$ & $-0.0291478$ & $-0.0341242$ & $-0.0403714$ & $-0.0457003$ & $0.00178368$ & $-0.0374982$ & $-0.089339$ & $0.000437593$ & $0.161769$ & $0.0740613$ & $-0.000503169$ & $-0.0329597$ & $0.070592$ \\
CW & $-0.0501731$ & $-0.00402327$ & $0.0117865$ & $-0.0176213$ & $0.0190122$ & $1$ & $-0.0319331$ & $-0.116863$ & $-0.114202$ & $0.0134268$ & $0.194072$ & $0.057129$ & $-0.0082849$ & $0.011576$ & $-0.0522162$ & $-0.0154923$ & $-0.306793$ & $-0.0905449$ & $-0.103805$ & $-0.188735$ & $-0.201784$ & $-0.193828$ & $0.0172563$ & $-0.00778202$ & $-0.125076$ & $0.092481$ & $-0.108583$ & $-0.0624298$ & $0.0154543$ & $-0.0162599$ & $-0.00964572$ & $-0.0430551$ & $-0.0222991$ & $-0.145419$ & $0.0405225$ & $0.0409683$ & $0.000131848$ & $-0.0229228$ & $-0.0530821$ & $0.00172068$ & $-0.0148116$ & $0.0105904$ & $0.0113061$ & $-0.0401533$ & $0.00985725$ & $0.0489184$ & $0.00252053$ & $-0.0438095$ & $0.0256605$ \\
CHG & $0.111921$ & $0.141875$ & $-0.00315178$ & $0.0296461$ & $0.00861194$ & $-0.0319331$ & $1$ & $-0.137322$ & $-0.0867209$ & $0.106607$ & $0.0611734$ & $-0.268091$ & $-0.338796$ & $0.109545$ & $0.0294859$ & $-0.0345346$ & $0.15886$ & $0.129702$ & $0.162811$ & $-0.0504908$ & $-0.0670871$ & $-0.0803323$ & $-0.036897$ & $0.190169$ & $0.131921$ & $0.0618349$ & $-0.0777741$ & $-0.0155817$ & $0.0436143$ & $-0.20141$ & $-0.0658934$ & $0.923689$ & $-0.288321$ & $-0.1292$ & $-0.13455$ & $-0.0180676$ & $-0.0522239$ & $0.0561487$ & $0.037295$ & $0.00441703$ & $-0.0689219$ & $0.0163633$ & $-0.216105$ & $-0.0602377$ & $-0.0926531$ & $-0.158686$ & $0.0889921$ & $-0.117958$ & $-0.208851$ \\
CHWB & $-0.092635$ & $-0.102212$ & $0.0042452$ & $0.00511693$ & $0.0275743$ & $-0.116863$ & $-0.137322$ & $1$ & $0.984953$ & $-0.59961$ & $-0.888555$ & $0.0796073$ & $0.388922$ & $0.0808814$ & $0.270321$ & $0.303034$ & $-0.280496$ & $-0.455452$ & $-0.462887$ & $0.860443$ & $0.90327$ & $0.88899$ & $0.086371$ & $-0.710326$ & $-0.422763$ & $-0.497973$ & $0.432123$ & $0.304521$ & $-0.00869294$ & $0.100557$ & $0.0370772$ & $-0.11648$ & $0.167204$ & $0.594685$ & $0.0326019$ & $0.0520861$ & $0.0124075$ & $-0.0241763$ & $0.0416199$ & $-0.00574015$ & $0.124766$ & $-0.00738382$ & $0.051855$ & $0.0584745$ & $0.0840544$ & $0.0429286$ & $-0.0013036$ & $-0.0407325$ & $0.11701$ \\
CHWHB_gaga & $-0.0910464$ & $-0.0938238$ & $0.0106209$ & $0.000142352$ & $0.0256423$ & $-0.114202$ & $-0.0867209$ & $0.984953$ & $1$ & $-0.582491$ & $-0.874382$ & $0.096643$ & $0.384204$ & $0.0772119$ & $0.264952$ & $0.299167$ & $-0.279446$ & $-0.449475$ & $-0.458571$ & $0.847692$ & $0.88905$ & $0.873672$ & $0.0837199$ & $-0.700068$ & $-0.41618$ & $-0.485733$ & $0.42752$ & $0.30757$ & $-0.000117894$ & $0.119103$ & $0.0536028$ & $-0.0745725$ & $0.188055$ & $0.585584$ & $0.0173244$ & $0.0505249$ & $0.00125908$ & $-0.0180487$ & $0.0336202$ & $-0.00194991$ & $0.112771$ & $-0.00837233$ & $0.0533685$ & $0.0579025$ & $0.071722$ & $0.0355002$ & $-0.00510072$ & $-0.0504627$ & $0.105518$ \\
CHWHB_gagaorth & $0.0421065$ & $0.0382971$ & $0.0148331$ & $-0.0554586$ & $0.0147373$ & $0.0134268$ & $0.106607$ & $-0.59961$ & $-0.582491$ & $1$ & $0.409483$ & $0.241559$ & $-0.26669$ & $0.190839$ & $-0.108085$ & $-0.132274$ & $0.425098$ & $0.468315$ & $0.462576$ & $-0.390397$ & $-0.42667$ & $-0.431189$ & $-0.0599219$ & $0.565437$ & $0.442217$ & $0.223268$ & $-0.280157$ & $-0.146659$ & $-0.00304952$ & $-0.103489$ & $-0.0307849$ & $0.129319$ & $-0.150618$ & $-0.386432$ & $0.0311273$ & $-0.0185282$ & $-0.0236481$ & $0.0371923$ & $-0.0296148$ & $0.0360918$ & $-0.0837264$ & $-0.0279606$ & $-0.0321479$ & $-0.0168788$ & $-0.0166382$ & $0.0280194$ & $0.0600842$ & $0.032746$ & $-0.0454629$ \\
CHD & $0.0470761$ & $0.0747288$ & $-0.0116239$ & $0.000923748$ & $-0.0294579$ & $0.194072$ & $0.0611734$ & $-0.888555$ & $-0.874382$ & $0.409483$ & $1$ & $0.0694447$ & $-0.22201$ & $-0.477077$ & $-0.384906$ & $-0.391759$ & $-0.154457$ & $0.112153$ & $0.113189$ & $-0.990531$ & $-0.991483$ & $-0.970034$ & $-0.0278731$ & $0.375771$ & $0.0666756$ & $0.550052$ & $-0.330384$ & $-0.327341$ & $0.0172715$ & $-0.059108$ & $-0.0147954$ & $0.0546755$ & $-0.101678$ & $-0.419883$ & $-0.00841522$ & $-0.0336853$ & $-0.013064$ & $0.00414925$ & $-0.0493641$ & $0.00551319$ & $-0.0853868$ & $0.0317292$ & $-0.0370645$ & $-0.0385253$ & $-0.0651215$ & $-0.0134589$ & $-0.0183098$ & $0.0290129$ & $-0.0738259$ \\
CHbox & $-0.0879688$ & $-0.13075$ & $0.0586882$ & $-0.00517467$ & $0.0246841$ & $0.057129$ & $-0.268091$ & $0.0796073$ & $0.096643$ & $0.241559$ & $0.0694447$ & $1$ & $0.737156$ & $-0.294786$ & $0.0559478$ & $0.0827523$ & $-0.311955$ & $-0.312076$ & $-0.32633$ & $-0.0578188$ & $-0.074358$ & $-0.0742411$ & $-0.0383114$ & $-0.204169$ & $-0.324804$ & $0.0559387$ & $-0.0811085$ & $-0.00545427$ & $0.0605039$ & $0.40396$ & $0.178097$ & $-0.149122$ & $0.502874$ & $0.0124141$ & $0.0886$ & $0.0585257$ & $-0.0347286$ & $-0.0348324$ & $-0.112064$ & $0.0748198$ & $0.133308$ & $-0.00928995$ & $0.0971063$ & $0.11413$ & $0.0743496$ & $0.126483$ & $-0.0442441$ & $-0.0831752$ & $0.10045$ \\
CH & $-0.0924223$ & $-0.177414$ & $0.039497$ & $0.0173431$ & $0.0481555$ & $-0.0082849$ & $-0.338796$ & $0.388922$ & $0.384204$ & $-0.26669$ & $-0.22201$ & $0.737156$ & $1$ & $-0.222263$ & $0.0880906$ & $0.125487$ & $-0.357487$ & $-0.390086$ & $-0.404444$ & $0.214049$ & $0.228198$ & $0.229912$ & $0.00750093$ & $-0.403568$ & $-0.394456$ & $-0.119976$ & $0.114173$ & $0.0991943$ & $0.0363947$ & $0.328403$ & $0.161357$ & $-0.267799$ & $0.432526$ & $0.23793$ & $0.0597643$ & $0.0640509$ & $-0.0355367$ & $-0.0905235$ & $-0.0943423$ & $0.0361496$ & $0.196304$ & $0.00302276$ & $0.129261$ & $0.134984$ & $0.0943341$ & $0.099003$ & $-0.116704$ & $-0.104658$ & $0.118989$ \\
CHL1_11 & $0.0416456$ & $0.0276368$ & $0.0148076$ & $-0.0200184$ & $0.0193184$ & $0.011576$ & $0.109545$ & $0.0808814$ & $0.0772119$ & $0.190839$ & $-0.477077$ & $-0.294786$ & $-0.222263$ & $1$ & $0.262453$ & $0.231311$ & $0.621271$ & $0.56359$ & $0.571713$ & $0.498738$ & $0.4378$ & $0.424895$ & $-0.0937999$ & $0.439717$ & $0.570891$ & $-0.243217$ & $-0.0670848$ & $0.119868$ & $0.00102534$ & $-0.0716012$ & $-0.0531833$ & $0.0770712$ & $-0.100483$ & $-0.207734$ & $-0.0424954$ & $-0.000648357$ & $0.0051688$ & $0.0380737$ & $0.025035$ & $0.00335725$ & $-0.0418825$ & $-0.0341441$ & $-0.0145629$ & $-0.0212557$ & $-0.0273631$ & $-0.034973$ & $0.041074$ & $0.0102114$ & $-0.0406143$ \\
CHL1_22 & $0.0266083$ & $0.052914$ & $-0.0265008$ & $0.00708589$ & $-0.00840593$ & $-0.0522162$ & $0.0294859$ & $0.270321$ & $0.264952$ & $-0.108085$ & $-0.384906$ & $0.0559478$ & $0.0880906$ & $0.262453$ & $1$ & $0.403458$ & $0.121971$ & $-0.47794$ & $-0.0324734$ & $0.44999$ & $0.300578$ & $0.289728$ & $-0.20434$ & $0.0710543$ & $-0.168945$ & $-0.164064$ & $-0.400662$ & $0.103045$ & $-0.0374537$ & $0.0511136$ & $0.0156119$ & $0.0298262$ & $0.0618807$ & $-0.584641$ & $-0.0332578$ & $0.0535973$ & $0.0180499$ & $0.000276905$ & $0.0382697$ & $0.0282766$ & $0.0312377$ & $0.00585298$ & $-0.0193136$ & $0.0364861$ & $-0.00879834$ & $-0.00382395$ & $-0.00852344$ & $-0.0126141$ & $0.0441388$ \\
CHL1_33 & $0.0537807$ & $-0.0581316$ & $0.0450154$ & $0.0259853$ & $-0.0227085$ & $-0.0154923$ & $-0.0345346$ & $0.303034$ & $0.299167$ & $-0.132274$ & $-0.391759$ & $0.0827523$ & $0.125487$ & $0.231311$ & $0.403458$ & $1$ & $0.0682926$ & $-0.07544$ & $-0.490527$ & $0.451706$ & $0.313281$ & $0.333316$ & $-0.150455$ & $0.0351308$ & $-0.207191$ & $-0.183532$ & $-0.362237$ & $0.130067$ & $-0.00939361$ & $0.0711614$ & $0.000745913$ & $-0.021406$ & $0.0698047$ & $-0.0561989$ & $-0.00937018$ & $-0.0586557$ & $-0.0180881$ & $0.0274396$ & $0.04164$ & $0.0113074$ & $0.0193787$ & $-0.0276826$ & $0.0270067$ & $0.00540063$ & $0.00119669$ & $-0.0331498$ & $-0.039284$ & $-0.0198578$ & $-0.0125347$ \\
CHL3_11 & $0.0844307$ & $0.0355729$ & $0.0110966$ & $-0.0147095$ & $0.0343948$ & $-0.306793$ & $0.15886$ & $-0.280496$ & $-0.279446$ & $0.425098$ & $-0.154457$ & $-0.311955$ & $-0.357487$ & $0.621271$ & $0.121971$ & $0.0682926$ & $1$ & $0.739688$ & $0.748024$ & $0.177193$ & $0.128442$ & $0.111568$ & $-0.0782579$ & $0.673525$ & $0.770658$ & $-0.0814935$ & $-0.123077$ & $0.0350517$ & $-0.0306712$ & $-0.0915638$ & $-0.0419702$ & $0.13318$ & $-0.139707$ & $-0.236767$ & $-0.0357647$ & $-0.0538123$ & $-0.00599828$ & $0.0307999$ & $0.00364697$ & $-0.0138521$ & $-0.0839218$ & $-0.0562351$ & $-0.036253$ & $-0.0464959$ & $-0.0221845$ & $-0.0595986$ & $0.0387489$ & $0.0228565$ & $-0.0924658$ \\
CHL3_22 & $0.0635054$ & $0.00339059$ & $0.042419$ & $-0.0222696$ & $0.0202905$ & $-0.0905449$ & $0.129702$ & $-0.455452$ & $-0.449475$ & $0.468315$ & $0.112153$ & $-0.312076$ & $-0.390086$ & $0.56359$ & $-0.47794$ & $-0.07544$ & $0.739688$ & $1$ & $0.671686$ & $-0.11361$ & $-0.10155$ & $-0.103503$ & $0.0130966$ & $0.628709$ & $0.7954$ & $0.0505646$ & $0.030483$ & $-0.0507288$ & $0.0108586$ & $-0.116595$ & $-0.0547607$ & $0.101612$ & $-0.172433$ & $0.0333535$ & $-0.021357$ & $-0.0807464$ & $-0.0220045$ & $0.0380832$ & $-0.0192521$ & $-0.0234788$ & $-0.106211$ & $-0.0486856$ & $-0.020204$ & $-0.0612964$ & $-0.029277$ & $-0.0472915$ & $0.0376079$ & $0.0272795$ & $-0.113181$ \\
CHL3_33 & $0.0483608$ & $0.0835346$ & $-0.0175277$ & $-0.0295023$ & $0.0308925$ & $-0.103805$ & $0.162811$ & $-0.462887$ & $-0.458571$ & $0.462576$ & $0.113189$ & $-0.32633$ & $-0.404444$ & $0.571713$ & $-0.0324734$ & $-0.490527$ & $0.748024$ & $0.671686$ & $1$ & $-0.111341$ & $-0.105026$ & $-0.109527$ & $-0.0226199$ & $0.630268$ & $0.79986$ & $0.0598538$ & $0.00840209$ & $-0.0626843$ & $-0.00993704$ & $-0.134593$ & $-0.0437347$ & $0.125597$ & $-0.177122$ & $-0.353974$ & $-0.0342959$ & $0.00319174$ & $0.00520057$ & $0.0267077$ & $-0.0267558$ & $0.00199593$ & $-0.0938009$ & $-0.0254997$ & $-0.0421748$ & $-0.0467284$ & $-0.042452$ & $-0.0260317$ & $0.0551709$ & $0.0334409$ & $-0.0703146$ \\
CHe_11 & $-0.0388423$ & $-0.0676365$ & $0.0184772$ & $-0.00071481$ & $0.0363729$ & $-0.188735$ & $-0.0504908$ & $0.860443$ & $0.847692$ & $-0.390397$ & $-0.990531$ & $-0.0578188$ & $0.214049$ & $0.498738$ & $0.44999$ & $0.451706$ & $0.177193$ & $-0.11361$ & $-0.111341$ & $1$ & $0.973071$ & $0.951722$ & $-0.00309704$ & $-0.323083$ & $-0.0595041$ & $-0.535702$ & $0.259974$ & $0.321625$ & $-0.0190056$ & $0.0634507$ & $0.0181833$ & $-0.042986$ & $0.101883$ & $0.341949$ & $0.00643179$ & $0.029568$ & $0.0112165$ & $-0.0015055$ & $0.0499503$ & $-0.00242306$ & $0.0822301$ & $-0.0332693$ & $0.0342056$ & $0.0406585$ & $0.0604578$ & $0.0117039$ & $0.0145644$ & $-0.0281551$ & $0.0699959$ \\
CHe_22 & $-0.0591677$ & $-0.0721674$ & $0.00569257$ & $-0.00453241$ & $0.0420368$ & $-0.201784$ & $-0.0670871$ & $0.90327$ & $0.88905$ & $-0.42667$ & $-0.991483$ & $-0.074358$ & $0.228198$ & $0.4378$ & $0.300578$ & $0.313281$ & $0.128442$ & $-0.10155$ & $-0.105026$ & $0.973071$ & $1$ & $0.97471$ & $0.059521$ & $-0.423879$ & $-0.0664665$ & $-0.55425$ & $0.407106$ & $0.326083$ & $-0.0157435$ & $0.0560678$ & $0.0140013$ & $-0.0591598$ & $0.101729$ & $0.501483$ & $0.0158378$ & $0.0383069$ & $0.0177939$ & $-0.00530531$ & $0.0479728$ & $-0.00731665$ & $0.0897644$ & $-0.0308303$ & $0.0370121$ & $0.0355458$ & $0.0678678$ & $0.0164746$ & $0.0235237$ & $-0.0277729$ & $0.0787726$ \\
CHe_33 & $-0.0593621$ & $-0.0807447$ & $0.0118183$ & $0.000326535$ & $0.0354574$ & $-0.193828$ & $-0.0803323$ & $0.88899$ & $0.873672$ & $-0.431189$ & $-0.970034$ & $-0.0742411$ & $0.229912$ & $0.424895$ & $0.289728$ & $0.333316$ & $0.111568$ & $-0.103503$ & $-0.109527$ & $0.951722$ & $0.97471$ & $1$ & $0.0494121$ & $-0.425568$ & $-0.0706421$ & $-0.534092$ & $0.401703$ & $0.320592$ & $-0.0121954$ & $0.0492461$ & $0.0136363$ & $-0.0750673$ & $0.0963585$ & $0.499043$ & $0.011609$ & $0.0414846$ & $0.0091339$ & $0.012193$ & $0.0331055$ & $9.24905e-05$ & $0.0873287$ & $-0.0313193$ & $0.0479702$ & $0.0375362$ & $0.0577175$ & $0.0193531$ & $0.0162621$ & $-0.0246344$ & $0.0793645$ \\
CHQ1_11 & $-0.0256613$ & $0.0192267$ & $0.00663293$ & $0.0101613$ & $-0.00932251$ & $0.0172563$ & $-0.036897$ & $0.086371$ & $0.0837199$ & $-0.0599219$ & $-0.0278731$ & $-0.0383114$ & $0.00750093$ & $-0.0937999$ & $-0.20434$ & $-0.150455$ & $-0.0782579$ & $0.0130966$ & $-0.0226199$ & $-0.00309704$ & $0.059521$ & $0.0494121$ & $1$ & $-0.166235$ & $0.0564951$ & $-0.684288$ & $0.330578$ & $-0.0146551$ & $-0.000670405$ & $-0.0416724$ & $-0.0305162$ & $-0.0458405$ & $-0.0244358$ & $0.239642$ & $0.03786$ & $0.0418348$ & $0.0447682$ & $-0.0214407$ & $0.0274406$ & $0.0703361$ & $0.0266184$ & $0.0187328$ & $0.0710537$ & $-0.00808901$ & $0.010778$ & $0.0134773$ & $0.0424875$ & $0.0265025$ & $0.00519704$ \\
CHQ1_33 & $0.113039$ & $0.0765094$ & $0.0146147$ & $-0.00464362$ & $-0.0167415$ & $-0.00778202$ & $0.190169$ & $-0.710326$ & $-0.700068$ & $0.565437$ & $0.375771$ & $-0.204169$ & $-0.403568$ & $0.439717$ & $0.0710543$ & $0.0351308$ & $0.673525$ & $0.628709$ & $0.630268$ & $-0.323083$ & $-0.423879$ & $-0.425568$ & $-0.166235$ & $1$ & $0.637955$ & $0.247146$ & $-0.392409$ & $-0.042813$ & $-0.0185623$ & $-0.108339$ & $-0.064671$ & $0.162598$ & $-0.182301$ & $-0.625167$ & $-0.0638628$ & $-0.0869609$ & $-0.0303734$ & $0.0291444$ & $-0.00762065$ & $-0.00647146$ & $-0.101314$ & $-0.0217871$ & $-0.0698219$ & $-0.0430956$ & $-0.0385198$ & $-0.0755738$ & $-0.0216025$ & $0.0406494$ & $-0.128106$ \\
CHQ3_11 & $0.0568965$ & $0.0434234$ & $0.0208731$ & $-0.0228103$ & $0.0389056$ & $-0.125076$ & $0.131921$ & $-0.422763$ & $-0.41618$ & $0.442217$ & $0.0666756$ & $-0.324804$ & $-0.394456$ & $0.570891$ & $-0.168945$ & $-0.207191$ & $0.770658$ & $0.7954$ & $0.79986$ & $-0.0595041$ & $-0.0664665$ & $-0.0706421$ & $0.0564951$ & $0.637955$ & $1$ & $0.0508874$ & $0.25327$ & $-0.0557738$ & $-0.0158957$ & $-0.127403$ & $-0.0803013$ & $0.101273$ & $-0.177176$ & $-0.188246$ & $-0.0164657$ & $-0.0247959$ & $0.0020944$ & $0.0258883$ & $0.0190667$ & $-0.0407987$ & $-0.069752$ & $-0.0522929$ & $-0.0401763$ & $-0.0158315$ & $-0.0103614$ & $-0.0400642$ & $0.0200873$ & $0.0372536$ & $-0.099854$ \\
CHu_11 & $0.0472187$ & $0.0177154$ & $0.0136372$ & $0.0160534$ & $-0.0174715$ & $0.092481$ & $0.0618349$ & $-0.497973$ & $-0.485733$ & $0.223268$ & $0.550052$ & $0.0559387$ & $-0.119976$ & $-0.243217$ & $-0.164064$ & $-0.183532$ & $-0.0814935$ & $0.0505646$ & $0.0598538$ & $-0.535702$ & $-0.55425$ & $-0.534092$ & $-0.684288$ & $0.247146$ & $0.0508874$ & $1$ & $-0.167051$ & $-0.1459$ & $0.0207834$ & $-0.0228874$ & $-0.00769115$ & $0.0675657$ & $-0.0529121$ & $-0.280774$ & $-0.0298836$ & $-0.0438553$ & $-0.0434569$ & $0.0370704$ & $-0.0226978$ & $-0.0906653$ & $-0.0406651$ & $-0.00570672$ & $-0.0799113$ & $0.00295903$ & $-0.0546786$ & $-0.0219165$ & $-0.0811201$ & $-0.00307062$ & $-0.0469398$ \\
CHd_11 & $-0.0414399$ & $-0.0534717$ & $0.019935$ & $0.0143761$ & $0.0448626$ & $-0.108583$ & $-0.0777741$ & $0.432123$ & $0.42752$ & $-0.280157$ & $-0.330384$ & $-0.0811085$ & $0.114173$ & $-0.0670848$ & $-0.400662$ & $-0.362237$ & $-0.123077$ & $0.030483$ & $0.00840209$ & $0.259974$ & $0.407106$ & $0.401703$ & $0.330578$ & $-0.392409$ & $0.25327$ & $-0.167051$ & $1$ & $0.105831$ & $-0.00603259$ & $-0.023783$ & $-0.0381454$ & $-0.0717515$ & $0.00671108$ & $0.683302$ & $0.0392889$ & $0.0447543$ & $0.0252383$ & $-0.0251589$ & $0.0610004$ & $-0.0722366$ & $0.105769$ & $-0.0187669$ & $0.0216117$ & $0.0622404$ & $0.0847063$ & $0.0119347$ & $-0.0253372$ & $-0.00430011$ & $0.015905$ \\
CHd_33 & $0.0280373$ & $0.0050597$ & $0.0397806$ & $0.0305835$ & $-0.0222619$ & $-0.0624298$ & $-0.0155817$ & $0.304521$ & $0.30757$ & $-0.146659$ & $-0.327341$ & $-0.00545427$ & $0.0991943$ & $0.119868$ & $0.103045$ & $0.130067$ & $0.0350517$ & $-0.0507288$ & $-0.0626843$ & $0.321625$ & $0.326083$ & $0.320592$ & $-0.0146551$ & $-0.042813$ & $-0.0557738$ & $-0.1459$ & $0.105831$ & $1$ & $-0.0246543$ & $0.0395463$ & $0.0103415$ & $-0.0243411$ & $0.0455729$ & $0.17102$ & $-0.0435035$ & $-0.0265943$ & $-0.0129811$ & $-0.00854872$ & $0.0188182$ & $-4.51663e-05$ & $0.0357755$ & $-0.0160758$ & $0.0719409$ & $0.00134577$ & $-0.021651$ & $-0.0811262$ & $-0.040345$ & $0.0512806$ & $-0.0236773$ \\
CeH_22r & $-0.0102164$ & $-0.0478382$ & $0.0270803$ & $-0.0220792$ & $0.0143627$ & $0.0154543$ & $0.0436143$ & $-0.00869294$ & $-0.000117894$ & $-0.00304952$ & $0.0172715$ & $0.0605039$ & $0.0363947$ & $0.00102534$ & $-0.0374537$ & $-0.00939361$ & $-0.0306712$ & $0.0108586$ & $-0.00993704$ & $-0.0190056$ & $-0.0157435$ & $-0.0121954$ & $-0.000670405$ & $-0.0185623$ & $-0.0158957$ & $0.0207834$ & $-0.00603259$ & $-0.0246543$ & $1$ & $0.060603$ & $0.0754358$ & $0.0403454$ & $0.0907522$ & $0.0118216$ & $-0.0263879$ & $-0.0334294$ & $-0.0440277$ & $-0.00336266$ & $-0.0377629$ & $0.0157212$ & $0.0139364$ & $0.0128464$ & $0.00181874$ & $0.0418064$ & $-0.0146438$ & $-0.0103113$ & $-0.0630415$ & $-0.0216307$ & $-0.0203939$ \\
CeH_33r & $-0.0187409$ & $-0.0672833$ & $0.0653414$ & $-0.0099687$ & $-0.0041405$ & $-0.0162599$ & $-0.20141$ & $0.100557$ & $0.119103$ & $-0.103489$ & $-0.059108$ & $0.40396$ & $0.328403$ & $-0.0716012$ & $0.0511136$ & $0.0711614$ & $-0.0915638$ & $-0.116595$ & $-0.134593$ & $0.0634507$ & $0.0560678$ & $0.0492461$ & $-0.0416724$ & $-0.108339$ & $-0.127403$ & $-0.0228874$ & $-0.023783$ & $0.0395463$ & $0.060603$ & $1$ & $0.342004$ & $-0.0257844$ & $0.726589$ & $0.039567$ & $0.014143$ & $0.00559721$ & $-0.0633987$ & $-0.0181557$ & $-0.0943267$ & $0.0436188$ & $0.00195823$ & $-0.0223122$ & $0.0662901$ & $0.0403614$ & $0.0224728$ & $0.0345952$ & $-0.00921719$ & $-0.0476182$ & $0.00325825$ \\
CuH_22r & $-0.00741801$ & $-0.0401881$ & $0.00514077$ & $-0.0392598$ & $-0.00589958$ & $-0.00964572$ & $-0.0658934$ & $0.0370772$ & $0.0536028$ & $-0.0307849$ & $-0.0147954$ & $0.178097$ & $0.161357$ & $-0.0531833$ & $0.0156119$ & $0.000745913$ & $-0.0419702$ & $-0.0547607$ & $-0.0437347$ & $0.0181833$ & $0.0140013$ & $0.0136363$ & $-0.0305162$ & $-0.064671$ & $-0.0803013$ & $-0.00769115$ & $-0.0381454$ & $0.0103415$ & $0.0754358$ & $0.342004$ & $1$ & $0.0371694$ & $0.417283$ & $0.0190114$ & $0.0267262$ & $0.0195837$ & $-0.0218905$ & $0.00968817$ & $-0.104082$ & $0.00670052$ & $-0.0712011$ & $-0.0172174$ & $0.0159723$ & $-0.0364746$ & $0.0171403$ & $0.0231569$ & $0.105025$ & $-0.0623166$ & $0.0113364$ \\
CuH_33r & $0.118871$ & $0.118316$ & $0.0313119$ & $0.0446936$ & $0.0203278$ & $-0.0430551$ & $0.923689$ & $-0.11648$ & $-0.0745725$ & $0.129319$ & $0.0546755$ & $-0.149122$ & $-0.267799$ & $0.0770712$ & $0.0298262$ & $-0.021406$ & $0.13318$ & $0.101612$ & $0.125597$ & $-0.042986$ & $-0.0591598$ & $-0.0750673$ & $-0.0458405$ & $0.162598$ & $0.101273$ & $0.0675657$ & $-0.0717515$ & $-0.0243411$ & $0.0403454$ & $-0.0257844$ & $0.0371694$ & $1$ & $-0.0723552$ & $-0.111369$ & $-0.085167$ & $0.00297507$ & $-0.0664723$ & $0.0595267$ & $0.0178411$ & $0.0166269$ & $-0.057061$ & $-0.00975981$ & $-0.207948$ & $-0.0598799$ & $-0.0768049$ & $-0.141824$ & $0.122156$ & $-0.152169$ & $-0.213471$ \\
CdH_33r & $-0.153794$ & $-0.110917$ & $0.0368239$ & $-0.0930097$ & $-0.000771931$ & $-0.0222991$ & $-0.288321$ & $0.167204$ & $0.188055$ & $-0.150618$ & $-0.101678$ & $0.502874$ & $0.432526$ & $-0.100483$ & $0.0618807$ & $0.0698047$ & $-0.139707$ & $-0.172433$ & $-0.177122$ & $0.101883$ & $0.101729$ & $0.0963585$ & $-0.0244358$ & $-0.182301$ & $-0.177176$ & $-0.0529121$ & $0.00671108$ & $0.0455729$ & $0.0907522$ & $0.726589$ & $0.417283$ & $-0.0723552$ & $1$ & $0.0850356$ & $0.066411$ & $0.0267923$ & $-0.0742479$ & $0.0333802$ & $-0.0728752$ & $0.0609155$ & $0.0124256$ & $-0.0148223$ & $0.0069747$ & $0.116846$ & $0.0720331$ & $0.182804$ & $-0.0192463$ & $0.0314034$ & $0.240129$ \\
CLL_1221 & $-0.0933113$ & $-0.115547$ & $0.021756$ & $-0.00157207$ & $0.0300043$ & $-0.145419$ & $-0.1292$ & $0.594685$ & $0.585584$ & $-0.386432$ & $-0.419883$ & $0.0124141$ & $0.23793$ & $-0.207734$ & $-0.584641$ & $-0.0561989$ & $-0.236767$ & $0.0333535$ & $-0.353974$ & $0.341949$ & $0.501483$ & $0.499043$ & $0.239642$ & $-0.625167$ & $-0.188246$ & $-0.280774$ & $0.683302$ & $0.17102$ & $0.0118216$ & $0.039567$ & $0.0190114$ & $-0.111369$ & $0.0850356$ & $1$ & $0.0525694$ & $-0.00201368$ & $0.00463679$ & $-0.0196853$ & $0.0148414$ & $-0.0388643$ & $0.0777362$ & $-0.0148752$ & $0.0458816$ & $0.0176131$ & $0.0764123$ & $0.028066$ & $0.00800145$ & $-0.0226099$ & $0.0593089$ \\
eHggint & $-0.134301$ & $-0.114136$ & $0.0899839$ & $-0.0601995$ & $0.0336092$ & $0.0405225$ & $-0.13455$ & $0.0326019$ & $0.0173244$ & $0.0311273$ & $-0.00841522$ & $0.0886$ & $0.0597643$ & $-0.0424954$ & $-0.0332578$ & $-0.00937018$ & $-0.0357647$ & $-0.021357$ & $-0.0342959$ & $0.00643179$ & $0.0158378$ & $0.011609$ & $0.03786$ & $-0.0638628$ & $-0.0164657$ & $-0.0298836$ & $0.0392889$ & $-0.0435035$ & $-0.0263879$ & $0.014143$ & $0.0267262$ & $-0.085167$ & $0.066411$ & $0.0525694$ & $1$ & $-0.094255$ & $0.234514$ & $-0.160423$ & $-0.0434361$ & $0.0673149$ & $0.168478$ & $-0.00828518$ & $0.163179$ & $-0.392762$ & $-0.0732747$ & $0.383498$ & $0.225451$ & $0.198857$ & $0.210615$ \\
eHggpar & $0.0117649$ & $0.356835$ & $0.00537169$ & $0.165314$ & $-0.0526642$ & $0.0409683$ & $-0.0180676$ & $0.0520861$ & $0.0505249$ & $-0.0185282$ & $-0.0336853$ & $0.0585257$ & $0.0640509$ & $-0.000648357$ & $0.0535973$ & $-0.0586557$ & $-0.0538123$ & $-0.0807464$ & $0.00319174$ & $0.029568$ & $0.0383069$ & $0.0414846$ & $0.0418348$ & $-0.0869609$ & $-0.0247959$ & $-0.0438553$ & $0.0447543$ & $-0.0265943$ & $-0.0334294$ & $0.00559721$ & $0.0195837$ & $0.00297507$ & $0.0267923$ & $-0.00201368$ & $-0.094255$ & $1$ & $0.410714$ & $0.192001$ & $0.385913$ & $0.063866$ & $0.424325$ & $0.100543$ & $-0.10103$ & $0.346562$ & $-0.127769$ & $0.157841$ & $0.28246$ & $-0.344437$ & $0.202937$ \\
eHWWint & $0.0932618$ & $0.56925$ & $0.0190069$ & $0.251734$ & $-0.0291478$ & $0.000131848$ & $-0.0522239$ & $0.0124075$ & $0.00125908$ & $-0.0236481$ & $-0.013064$ & $-0.0347286$ & $-0.0355367$ & $0.0051688$ & $0.0180499$ & $-0.0180881$ & $-0.00599828$ & $-0.0220045$ & $0.00520057$ & $0.0112165$ & $0.0177939$ & $0.0091339$ & $0.0447682$ & $-0.0303734$ & $0.0020944$ & $-0.0434569$ & $0.0252383$ & $-0.0129811$ & $-0.0440277$ & $-0.0633987$ & $-0.0218905$ & $-0.0664723$ & $-0.0742479$ & $0.00463679$ & $0.234514$ & $0.410714$ & $1$ & $-0.0210791$ & $0.509737$ & $-0.0513225$ & $0.480823$ & $0.136414$ & $-0.143042$ & $-0.146853$ & $-0.356224$ & $0.0958095$ & $0.478727$ & $0.0442446$ & $0.0503673$ \\
eHWWpar & $-0.0398237$ & $0.140969$ & $-0.0247308$ & $0.150806$ & $-0.0341242$ & $-0.0229228$ & $0.0561487$ & $-0.0241763$ & $-0.0180487$ & $0.0371923$ & $0.00414925$ & $-0.0348324$ & $-0.0905235$ & $0.0380737$ & $0.000276905$ & $0.0274396$ & $0.0307999$ & $0.0380832$ & $0.0267077$ & $-0.0015055$ & $-0.00530531$ & $0.012193$ & $-0.0214407$ & $0.0291444$ & $0.0258883$ & $0.0370704$ & $-0.0251589$ & $-0.00854872$ & $-0.00336266$ & $-0.0181557$ & $0.00968817$ & $0.0595267$ & $0.0333802$ & $-0.0196853$ & $-0.160423$ & $0.192001$ & $-0.0210791$ & $1$ & $0.00151028$ & $0.0320931$ & $0.0654873$ & $0.00882192$ & $-0.109743$ & $0.0554658$ & $-0.128539$ & $0.0604191$ & $-0.0415392$ & $0.135144$ & $0.100793$ \\
eHZZint & $0.176126$ & $0.480485$ & $-0.0451761$ & $0.088584$ & $-0.0403714$ & $-0.0530821$ & $0.037295$ & $0.0416199$ & $0.0336202$ & $-0.0296148$ & $-0.0493641$ & $-0.112064$ & $-0.0943423$ & $0.025035$ & $0.0382697$ & $0.04164$ & $0.00364697$ & $-0.0192521$ & $-0.0267558$ & $0.0499503$ & $0.0479728$ & $0.0331055$ & $0.0274406$ & $-0.00762065$ & $0.0190667$ & $-0.0226978$ & $0.0610004$ & $0.0188182$ & $-0.0377629$ & $-0.0943267$ & $-0.104082$ & $0.0178411$ & $-0.0728752$ & $0.0148414$ & $-0.0434361$ & $0.385913$ & $0.509737$ & $0.00151028$ & $1$ & $-0.0793692$ & $0.452844$ & $0.142726$ & $-0.398608$ & $0.341357$ & $-0.135735$ & $-0.0981014$ & $-0.137941$ & $0.0770694$ & $0.155109$ \\
eHZZpar & $-0.0813067$ & $0.00842877$ & $0.065841$ & $0.0481532$ & $-0.0457003$ & $0.00172068$ & $0.00441703$ & $-0.00574015$ & $-0.00194991$ & $0.0360918$ & $0.00551319$ & $0.0748198$ & $0.0361496$ & $0.00335725$ & $0.0282766$ & $0.0113074$ & $-0.0138521$ & $-0.0234788$ & $0.00199593$ & $-0.00242306$ & $-0.00731665$ & $9.24905e-05$ & $0.0703361$ & $-0.00647146$ & $-0.0407987$ & $-0.0906653$ & $-0.0722366$ & $-4.51663e-05$ & $0.0157212$ & $0.0436188$ & $0.00670052$ & $0.0166269$ & $0.0609155$ & $-0.0388643$ & $0.0673149$ & $0.063866$ & $-0.0513225$ & $0.0320931$ & $-0.0793692$ & $1$ & $0.113342$ & $0.0231305$ & $0.184008$ & $-0.0627758$ & $-0.0740266$ & $0.134408$ & $-0.0130874$ & $0.116388$ & $0.122186$ \\
eHZgaint & $0.205484$ & $0.143813$ & $0.281741$ & $0.555517$ & $0.00178368$ & $-0.0148116$ & $-0.0689219$ & $0.124766$ & $0.112771$ & $-0.0837264$ & $-0.0853868$ & $0.133308$ & $0.196304$ & $-0.0418825$ & $0.0312377$ & $0.0193787$ & $-0.0839218$ & $-0.106211$ & $-0.0938009$ & $0.0822301$ & $0.0897644$ & $0.0873287$ & $0.0266184$ & $-0.101314$ & $-0.069752$ & $-0.0406651$ & $0.105769$ & $0.0357755$ & $0.0139364$ & $0.00195823$ & $-0.0712011$ & $-0.057061$ & $0.0124256$ & $0.0777362$ & $0.168478$ & $0.424325$ & $0.480823$ & $0.0654873$ & $0.452844$ & $0.113342$ & $1$ & $0.15103$ & $0.00670313$ & $0.1374$ & $-0.111343$ & $0.032209$ & $-0.089402$ & $-0.0641407$ & $0.00296818$ \\
eHZgapar & $0.06367$ & $0.0577381$ & $0.143003$ & $0.0730592$ & $-0.0374982$ & $0.0105904$ & $0.0163633$ & $-0.00738382$ & $-0.00837233$ & $-0.0279606$ & $0.0317292$ & $-0.00928995$ & $0.00302276$ & $-0.0341441$ & $0.00585298$ & $-0.0276826$ & $-0.0562351$ & $-0.0486856$ & $-0.0254997$ & $-0.0332693$ & $-0.0308303$ & $-0.0313193$ & $0.0187328$ & $-0.0217871$ & $-0.0522929$ & $-0.00570672$ & $-0.0187669$ & $-0.0160758$ & $0.0128464$ & $-0.0223122$ & $-0.0172174$ & $-0.00975981$ & $-0.0148223$ & $-0.0148752$ & $-0.00828518$ & $0.100543$ & $0.136414$ & $0.00882192$ & $0.142726$ & $0.0231305$ & $0.15103$ & $1$ & $0.0124101$ & $0.0431851$ & $-0.122323$ & $-0.0208921$ & $0.0786954$ & $-0.0662796$ & $0.0977192$ \\
eHgagaint & $0.35827$ & $-0.24312$ & $0.428812$ & $0.114047$ & $-0.089339$ & $0.0113061$ & $-0.216105$ & $0.051855$ & $0.0533685$ & $-0.0321479$ & $-0.0370645$ & $0.0971063$ & $0.129261$ & $-0.0145629$ & $-0.0193136$ & $0.0270067$ & $-0.036253$ & $-0.020204$ & $-0.0421748$ & $0.0342056$ & $0.0370121$ & $0.0479702$ & $0.0710537$ & $-0.0698219$ & $-0.0401763$ & $-0.0799113$ & $0.0216117$ & $0.0719409$ & $0.00181874$ & $0.0662901$ & $0.0159723$ & $-0.207948$ & $0.0069747$ & $0.0458816$ & $0.163179$ & $-0.10103$ & $-0.143042$ & $-0.109743$ & $-0.398608$ & $0.184008$ & $0.00670313$ & $0.0124101$ & $1$ & $-0.141896$ & $-0.245807$ & $0.0706292$ & $-0.0143236$ & $0.0387029$ & $-0.318228$ \\
eHmumuint & $0.0128803$ & $-0.0757255$ & $0.112903$ & $-0.316418$ & $0.000437593$ & $-0.0401533$ & $-0.0602377$ & $0.0584745$ & $0.0579025$ & $-0.0168788$ & $-0.0385253$ & $0.11413$ & $0.134984$ & $-0.0212557$ & $0.0364861$ & $0.00540063$ & $-0.0464959$ & $-0.0612964$ & $-0.0467284$ & $0.0406585$ & $0.0355458$ & $0.0375362$ & $-0.00808901$ & $-0.0430956$ & $-0.0158315$ & $0.00295903$ & $0.0622404$ & $0.00134577$ & $0.0418064$ & $0.0403614$ & $-0.0364746$ & $-0.0598799$ & $0.116846$ & $0.0176131$ & $-0.392762$ & $0.346562$ & $-0.146853$ & $0.0554658$ & $0.341357$ & $-0.0627758$ & $0.1374$ & $0.0431851$ & $-0.141896$ & $1$ & $0.10878$ & $0.131911$ & $-0.329689$ & $-0.0258119$ & $0.247625$ \\
eHtautauint & $-0.176726$ & $-0.35063$ & $-0.207118$ & $-0.128941$ & $0.161769$ & $0.00985725$ & $-0.0926531$ & $0.0840544$ & $0.071722$ & $-0.0166382$ & $-0.0651215$ & $0.0743496$ & $0.0943341$ & $-0.0273631$ & $-0.00879834$ & $0.00119669$ & $-0.0221845$ & $-0.029277$ & $-0.042452$ & $0.0604578$ & $0.0678678$ & $0.0577175$ & $0.010778$ & $-0.0385198$ & $-0.0103614$ & $-0.0546786$ & $0.0847063$ & $-0.021651$ & $-0.0146438$ & $0.0224728$ & $0.0171403$ & $-0.0768049$ & $0.0720331$ & $0.0764123$ & $-0.0732747$ & $-0.127769$ & $-0.356224$ & $-0.128539$ & $-0.135735$ & $-0.0740266$ & $-0.111343$ & $-0.122323$ & $-0.245807$ & $0.10878$ & $1$ & $-0.113844$ & $-0.0704726$ & $-0.152492$ & $0.0978207$ \\
eHccint & $-0.396013$ & $-0.276354$ & $0.113495$ & $-0.282227$ & $0.0740613$ & $0.0489184$ & $-0.158686$ & $0.0429286$ & $0.0355002$ & $0.0280194$ & $-0.0134589$ & $0.126483$ & $0.099003$ & $-0.034973$ & $-0.00382395$ & $-0.0331498$ & $-0.0595986$ & $-0.0472915$ & $-0.0260317$ & $0.0117039$ & $0.0164746$ & $0.0193531$ & $0.0134773$ & $-0.0755738$ & $-0.0400642$ & $-0.0219165$ & $0.0119347$ & $-0.0811262$ & $-0.0103113$ & $0.0345952$ & $0.0231569$ & $-0.141824$ & $0.182804$ & $0.028066$ & $0.383498$ & $0.157841$ & $0.0958095$ & $0.0604191$ & $-0.0981014$ & $0.134408$ & $0.032209$ & $-0.0208921$ & $0.0706292$ & $0.131911$ & $-0.113844$ & $1$ & $0.136151$ & $0.271643$ & $0.574717$ \\
eHccpar & $-0.0911917$ & $0.169804$ & $-0.173478$ & $0.111122$ & $-0.000503169$ & $0.00252053$ & $0.0889921$ & $-0.0013036$ & $-0.00510072$ & $0.0600842$ & $-0.0183098$ & $-0.0442441$ & $-0.116704$ & $0.041074$ & $-0.00852344$ & $-0.039284$ & $0.0387489$ & $0.0376079$ & $0.0551709$ & $0.0145644$ & $0.0235237$ & $0.0162621$ & $0.0424875$ & $-0.0216025$ & $0.0200873$ & $-0.0811201$ & $-0.0253372$ & $-0.040345$ & $-0.0630415$ & $-0.00921719$ & $0.105025$ & $0.122156$ & $-0.0192463$ & $0.00800145$ & $0.225451$ & $0.28246$ & $0.478727$ & $-0.0415392$ & $-0.137941$ & $-0.0130874$ & $-0.089402$ & $0.0786954$ & $-0.0143236$ & $-0.329689$ & $-0.0704726$ & $0.136151$ & $1$ & $-0.176246$ & $0.068474$ \\
eHbbint & $-0.0797546$ & $0.189136$ & $-0.0684358$ & $-0.212284$ & $-0.0329597$ & $-0.0438095$ & $-0.117958$ & $-0.0407325$ & $-0.0504627$ & $0.032746$ & $0.0290129$ & $-0.0831752$ & $-0.104658$ & $0.0102114$ & $-0.0126141$ & $-0.0198578$ & $0.0228565$ & $0.0272795$ & $0.0334409$ & $-0.0281551$ & $-0.0277729$ & $-0.0246344$ & $0.0265025$ & $0.0406494$ & $0.0372536$ & $-0.00307062$ & $-0.00430011$ & $0.0512806$ & $-0.0216307$ & $-0.0476182$ & $-0.0623166$ & $-0.152169$ & $0.0314034$ & $-0.0226099$ & $0.198857$ & $-0.344437$ & $0.0442446$ & $0.135144$ & $0.0770694$ & $0.116388$ & $-0.0641407$ & $-0.0662796$ & $0.0387029$ & $-0.0258119$ & $-0.152492$ & $0.271643$ & $-0.176246$ & $1$ & $0.301404$ \\
eHbbpar & $-0.62026$ & $0.0441122$ & $-0.212165$ & $-0.432686$ & $0.070592$ & $0.0256605$ & $-0.208851$ & $0.11701$ & $0.105518$ & $-0.0454629$ & $-0.0738259$ & $0.10045$ & $0.118989$ & $-0.0406143$ & $0.0441388$ & $-0.0125347$ & $-0.0924658$ & $-0.113181$ & $-0.0703146$ & $0.0699959$ & $0.0787726$ & $0.0793645$ & $0.00519704$ & $-0.128106$ & $-0.099854$ & $-0.0469398$ & $0.015905$ & $-0.0236773$ & $-0.0203939$ & $0.00325825$ & $0.0113364$ & $-0.213471$ & $0.240129$ & $0.0593089$ & $0.210615$ & $0.202937$ & $0.0503673$ & $0.100793$ & $0.155109$ & $0.122186$ & $0.00296818$ & $0.0977192$ & $-0.318228$ & $0.247625$ & $0.0978207$ & $0.574717$ & $0.068474$ & $0.301404$ & $1$ \\
