 & AlsMz & dAle5Mz & mtop & mHl & Mz & CW & CHG & CHWB & CHWHB_gaga & CHWHB_gagaorth & CHD & CHbox & CH & CHL1_11 & CHL1_22 & CHL1_33 & CHL3_11 & CHL3_22 & CHL3_33 & CHe_11 & CHe_22 & CHe_33 & CHQ1_11 & CHQ1_33 & CHQ3_11 & CHu_11 & CHd_11 & CHd_33 & CeH_22r & CeH_33r & CuH_22r & CuH_33r & CdH_33r & CLL_1221 & eHggint & eHggpar & eHWWint & eHWWpar & eHZZint & eHZZpar & eHZgaint & eHZgapar & eHgagaint & eHmumuint & eHtautauint & eHccint & eHccpar & eHbbint & eHbbpar \\
AlsMz & $1$ & $0.0258336$ & $0.0325669$ & $0.0970846$ & $0.0243047$ & $-0.01541$ & $0.0386517$ & $0.00214077$ & $0.00303008$ & $-0.0200193$ & $-0.0105561$ & $-0.01431$ & $-0.021367$ & $0.00224841$ & $-0.0319217$ & $3.32883e-05$ & $0.007167$ & $0.024194$ & $0.00411065$ & $0.00119088$ & $0.00697531$ & $0.0028799$ & $-0.00966964$ & $-0.0413204$ & $-0.108518$ & $-0.0309404$ & $-0.0259459$ & $0.0357204$ & $-0.0394035$ & $0.00128496$ & $0.00305475$ & $0.031148$ & $-0.0413218$ & $0.0306007$ & $-0.0564792$ & $-0.171652$ & $-0.102034$ & $0.0099528$ & $0.00301079$ & $0.00424708$ & $0.049324$ & $0.0393294$ & $-0.0420691$ & $0.0565057$ & $0.0282029$ & $0.0930748$ & $-0.0620847$ & $-0.0271661$ & $-0.114692$ \\
dAle5Mz & $0.0258336$ & $1$ & $-0.1031$ & $0.00259902$ & $-0.0226332$ & $0.0304888$ & $0.0156284$ & $-0.0674013$ & $-0.0703903$ & $-0.00237512$ & $0.0579467$ & $0.0238639$ & $-0.0153926$ & $-0.0331714$ & $-0.0276389$ & $-0.0168553$ & $0.000695115$ & $0.0086947$ & $-0.000116665$ & $-0.0376813$ & $-0.0354637$ & $-0.0315066$ & $0.029139$ & $0.0013607$ & $-0.000311701$ & $0.00254521$ & $-0.00503445$ & $-0.0150054$ & $0.0121138$ & $-0.0561141$ & $-0.0385416$ & $0.0165334$ & $-0.0625205$ & $0.0265692$ & $0.146599$ & $0.0272051$ & $-0.0292514$ & $-0.0332247$ & $-0.0540833$ & $0.00700261$ & $9.91667e-06$ & $-0.0619154$ & $-0.0436229$ & $0.0495009$ & $0.0367356$ & $0.0025289$ & $0.0383005$ & $-0.0217006$ & $-0.0572092$ \\
mtop & $0.0325669$ & $-0.1031$ & $1$ & $0.0125897$ & $-0.0178707$ & $-0.0130158$ & $-0.0285438$ & $-0.00561259$ & $-0.0170177$ & $0.00886013$ & $0.00223253$ & $0.0101719$ & $-0.0332053$ & $0.024974$ & $0.0104154$ & $-0.0150816$ & $0.0250446$ & $0.0104358$ & $0.0307481$ & $-0.00211127$ & $0.00203436$ & $-0.00151783$ & $0.0122798$ & $0.00620025$ & $0.0349516$ & $0.0028328$ & $0.0191842$ & $-0.0292357$ & $-0.0462351$ & $-0.0302053$ & $-0.0725239$ & $-0.0405292$ & $0.0318474$ & $-0.0178177$ & $-0.0659676$ & $0.0575561$ & $0.0381405$ & $0.00136963$ & $-0.131704$ & $0.024117$ & $-0.031583$ & $0.0282725$ & $-0.100644$ & $-0.0547599$ & $0.00988145$ & $-0.0312027$ & $-0.196117$ & $0.0900982$ & $0.0988189$ \\
mHl & $0.0970846$ & $0.00259902$ & $0.0125897$ & $1$ & $-0.0150327$ & $0.0103554$ & $0.0016025$ & $-0.00815382$ & $-0.00682449$ & $0.0225406$ & $-0.00338079$ & $0.0237716$ & $0.00286291$ & $0.0150051$ & $0.0224534$ & $0.00786886$ & $0.0180334$ & $0.0032823$ & $0.0196623$ & $0.00472919$ & $0.000431666$ & $-0.00129198$ & $-0.000425848$ & $-0.00454998$ & $-0.0123206$ & $-0.00726251$ & $-0.0440388$ & $0.00179869$ & $-0.0184102$ & $0.0251289$ & $0.058148$ & $0.0275077$ & $0.0831777$ & $-0.0276226$ & $0.128646$ & $0.0738891$ & $0.039573$ & $-0.0293771$ & $0.0238739$ & $0.0421271$ & $-0.00858213$ & $-0.0269824$ & $0.0231475$ & $-0.141947$ & $0.125672$ & $0.0671086$ & $0.111471$ & $0.0589597$ & $0.14436$ \\
Mz & $0.0243047$ & $-0.0226332$ & $-0.0178707$ & $-0.0150327$ & $1$ & $0.0306877$ & $0.0171159$ & $-0.0316027$ & $-0.0288242$ & $0.00150229$ & $0.0394117$ & $0.0144692$ & $-0.0285402$ & $-0.00541535$ & $-0.00562312$ & $-0.0187822$ & $0.00183492$ & $0.00278169$ & $0.0118394$ & $-0.0332642$ & $-0.0306121$ & $-0.0295393$ & $0.00606336$ & $0.0103961$ & $-0.00208853$ & $0.0174699$ & $-0.0197384$ & $-0.0125072$ & $-0.018392$ & $-0.00624932$ & $0.0215565$ & $0.0127532$ & $0.0102635$ & $-0.0229106$ & $0.0106565$ & $-0.00335223$ & $0.00316019$ & $-0.0143749$ & $-0.00227628$ & $-0.0412495$ & $-0.0145522$ & $0.0211152$ & $0.037427$ & $0.0142526$ & $-0.00505579$ & $-0.00582998$ & $0.00844317$ & $0.00481537$ & $0.0192752$ \\
CW & $-0.01541$ & $0.0304888$ & $-0.0130158$ & $0.0103554$ & $0.0306877$ & $1$ & $0.0119487$ & $-0.126724$ & $-0.121021$ & $0.014274$ & $0.188316$ & $0.0596791$ & $0.00188754$ & $0.00223059$ & $-0.0868673$ & $-0.0695083$ & $-0.260966$ & $-0.0536128$ & $-0.0688119$ & $-0.18546$ & $-0.190016$ & $-0.18743$ & $-0.00555262$ & $-0.00393035$ & $-0.103148$ & $0.0863487$ & $-0.0963948$ & $-0.0857961$ & $0.012236$ & $0.0294588$ & $0.022077$ & $0.0189057$ & $0.0356641$ & $-0.110915$ & $0.0546722$ & $0.0060858$ & $-0.00692872$ & $-0.00951237$ & $0.025355$ & $0.0065652$ & $-0.0298069$ & $0.0177103$ & $-0.022129$ & $-0.0375088$ & $-0.00746385$ & $-0.0264903$ & $-0.00610718$ & $-0.0290119$ & $0.035638$ \\
CHG & $0.0386517$ & $0.0156284$ & $-0.0285438$ & $0.0016025$ & $0.0171159$ & $0.0119487$ & $1$ & $-0.0939466$ & $-0.0412234$ & $0.0513114$ & $0.0480745$ & $0.138468$ & $-0.31654$ & $0.0462197$ & $-0.0204616$ & $-0.0115545$ & $0.0931216$ & $0.096352$ & $0.0924806$ & $-0.0446908$ & $-0.0515148$ & $-0.0509656$ & $-0.0120491$ & $0.101535$ & $0.0926411$ & $0.0214417$ & $-0.0379242$ & $-0.0321245$ & $0.0179544$ & $-0.151346$ & $-0.0490528$ & $0.93147$ & $-0.140287$ & $-0.0541112$ & $-0.0418243$ & $-0.0700115$ & $-0.0229845$ & $-0.0312496$ & $0.0106489$ & $-0.0128738$ & $0.0207496$ & $-0.00339991$ & $0.00665734$ & $-0.00802444$ & $0.0099205$ & $0.0191622$ & $-0.00691657$ & $-0.000566561$ & $0.0241831$ \\
CHWB & $0.00214077$ & $-0.0674013$ & $-0.00561259$ & $-0.00815382$ & $-0.0316027$ & $-0.126724$ & $-0.0939466$ & $1$ & $0.983228$ & $-0.565091$ & $-0.877353$ & $-0.417536$ & $0.338001$ & $0.116708$ & $0.31012$ & $0.285003$ & $-0.211336$ & $-0.414321$ & $-0.410645$ & $0.84855$ & $0.895277$ & $0.876863$ & $0.0622684$ & $-0.658389$ & $-0.380344$ & $-0.513373$ & $0.434411$ & $0.306015$ & $0.020148$ & $0.115506$ & $0.0380183$ & $-0.0832494$ & $0.134494$ & $0.554311$ & $-0.0198804$ & $-0.000414497$ & $0.0323168$ & $-0.00317148$ & $0.0139701$ & $0.00843739$ & $0.029097$ & $0.012549$ & $0.0484318$ & $0.00936501$ & $0.0426573$ & $0.0100914$ & $0.00119773$ & $-0.0300383$ & $0.0527008$ \\
CHWHB_gaga & $0.00303008$ & $-0.0703903$ & $-0.0170177$ & $-0.00682449$ & $-0.0288242$ & $-0.121021$ & $-0.0412234$ & $0.983228$ & $1$ & $-0.557647$ & $-0.857632$ & $-0.395332$ & $0.334134$ & $0.103843$ & $0.306764$ & $0.283023$ & $-0.218231$ & $-0.41783$ & $-0.414916$ & $0.829777$ & $0.874926$ & $0.856278$ & $0.0639665$ & $-0.652576$ & $-0.38208$ & $-0.505082$ & $0.426474$ & $0.296522$ & $0.0281949$ & $0.138724$ & $0.0474003$ & $-0.0403556$ & $0.158952$ & $0.543278$ & $-0.0338354$ & $-0.0115442$ & $0.0256237$ & $-0.00697851$ & $-8.45505e-05$ & $0.00990985$ & $0.0294953$ & $0.0125315$ & $0.111296$ & $0.00594099$ & $0.0491421$ & $0.00603032$ & $0.00302067$ & $-0.034843$ & $0.0577158$ \\
CHWHB_gagaorth & $-0.0200193$ & $-0.00237512$ & $0.00886013$ & $0.0225406$ & $0.00150229$ & $0.014274$ & $0.0513114$ & $-0.565091$ & $-0.557647$ & $1$ & $0.337809$ & $0.670547$ & $-0.234081$ & $0.240081$ & $-0.132286$ & $-0.0936166$ & $0.438371$ & $0.501717$ & $0.486056$ & $-0.322903$ & $-0.356386$ & $-0.350886$ & $-0.0505041$ & $0.568316$ & $0.496362$ & $0.209302$ & $-0.231325$ & $-0.122777$ & $-0.0131905$ & $-0.106584$ & $-0.0773832$ & $0.0733101$ & $-0.139442$ & $-0.34314$ & $0.0293526$ & $0.0141301$ & $-0.0117124$ & $0.00406674$ & $0.00508954$ & $-0.0280765$ & $-0.0269833$ & $-0.00429385$ & $-0.0543212$ & $-0.0108411$ & $-0.0523719$ & $-0.0057959$ & $-0.0285593$ & $0.0357349$ & $-0.049716$ \\
CHD & $-0.0105561$ & $0.0579467$ & $0.00223253$ & $-0.00338079$ & $0.0394117$ & $0.188316$ & $0.0480745$ & $-0.877353$ & $-0.857632$ & $0.337809$ & $1$ & $0.347674$ & $-0.168686$ & $-0.534735$ & $-0.430163$ & $-0.422285$ & $-0.250176$ & $0.0386109$ & $0.0393658$ & $-0.990851$ & $-0.991478$ & $-0.970404$ & $-0.0110354$ & $0.284511$ & $-0.0117545$ & $0.568105$ & $-0.301754$ & $-0.343819$ & $-0.0126829$ & $-0.0668185$ & $-0.0067053$ & $0.0485944$ & $-0.0753196$ & $-0.35698$ & $0.0366818$ & $0.00288006$ & $-0.0325823$ & $-0.0102317$ & $-0.0274027$ & $8.44026e-05$ & $-0.0247581$ & $-0.00610673$ & $-0.0298204$ & $-0.00682863$ & $-0.0315946$ & $-0.00197649$ & $0.00669695$ & $0.0155972$ & $-0.0347625$ \\
CHbox & $-0.01431$ & $0.0238639$ & $0.0101719$ & $0.0237716$ & $0.0144692$ & $0.0596791$ & $0.138468$ & $-0.417536$ & $-0.395332$ & $0.670547$ & $0.347674$ & $1$ & $-0.488171$ & $-0.0145417$ & $-0.110267$ & $-0.0616081$ & $0.107865$ & $0.198874$ & $0.165778$ & $-0.326142$ & $-0.361975$ & $-0.352724$ & $-0.034028$ & $0.317244$ & $0.18157$ & $0.202661$ & $-0.20042$ & $-0.14083$ & $-0.0219009$ & $0.0392362$ & $-0.0230815$ & $0.188809$ & $0.0172805$ & $-0.252995$ & $0.0826326$ & $-0.00463687$ & $-0.00328642$ & $-0.00140485$ & $-0.014354$ & $-0.0126455$ & $-0.0172945$ & $-0.0119648$ & $-0.0310125$ & $-0.0211318$ & $-0.0387824$ & $-0.00192152$ & $-0.0249171$ & $0.0253136$ & $-0.0374931$ \\
CH & $-0.021367$ & $-0.0153926$ & $-0.0332053$ & $0.00286291$ & $-0.0285402$ & $0.00188754$ & $-0.31654$ & $0.338001$ & $0.334134$ & $-0.234081$ & $-0.168686$ & $-0.488171$ & $1$ & $-0.224444$ & $0.106637$ & $0.0542955$ & $-0.324111$ & $-0.381392$ & $-0.351129$ & $0.164102$ & $0.17866$ & $0.173918$ & $0.0319978$ & $-0.379057$ & $-0.34976$ & $-0.107154$ & $0.128289$ & $0.0639789$ & $0.0698512$ & $0.277406$ & $0.0911587$ & $-0.262353$ & $0.3429$ & $0.183282$ & $0.0234301$ & $0.0404515$ & $0.0104304$ & $-0.0141901$ & $0.00116058$ & $-0.00574407$ & $0.0208186$ & $0.0127128$ & $0.016344$ & $0.00554799$ & $0.0230581$ & $0.0111453$ & $0.00883204$ & $-0.0187874$ & $0.0242085$ \\
CHL1_11 & $0.00224841$ & $-0.0331714$ & $0.024974$ & $0.0150051$ & $-0.00541535$ & $0.00223059$ & $0.0462197$ & $0.116708$ & $0.103843$ & $0.240081$ & $-0.534735$ & $-0.0145417$ & $-0.224444$ & $1$ & $0.276645$ & $0.297076$ & $0.683651$ & $0.608911$ & $0.604229$ & $0.552926$ & $0.495678$ & $0.481191$ & $-0.0751083$ & $0.468133$ & $0.618736$ & $-0.282373$ & $-0.0877851$ & $0.167584$ & $-0.00389542$ & $-0.0483382$ & $-0.0316447$ & $0.0280013$ & $-0.0570824$ & $-0.202103$ & $-0.0409567$ & $-0.00641048$ & $0.0158213$ & $0.0193407$ & $0.0410379$ & $-0.025161$ & $-0.00820878$ & $0.00758829$ & $-0.033617$ & $-0.0113504$ & $-0.0166997$ & $-0.015306$ & $-0.00330967$ & $0.0156915$ & $-0.000795545$ \\
CHL1_22 & $-0.0319217$ & $-0.0276389$ & $0.0104154$ & $0.0224534$ & $-0.00562312$ & $-0.0868673$ & $-0.0204616$ & $0.31012$ & $0.306764$ & $-0.132286$ & $-0.430163$ & $-0.110267$ & $0.106637$ & $0.276645$ & $1$ & $0.434591$ & $0.174573$ & $-0.438844$ & $-0.017417$ & $0.492189$ & $0.349365$ & $0.337419$ & $-0.143383$ & $0.100586$ & $-0.110081$ & $-0.225523$ & $-0.378526$ & $0.119061$ & $0.0158294$ & $0.0455912$ & $-0.000720962$ & $-0.0131728$ & $0.0539201$ & $-0.590005$ & $-0.0519026$ & $0.0140862$ & $-0.00862631$ & $0.0191556$ & $0.0278635$ & $-0.00218543$ & $0.0142898$ & $-0.0132499$ & $-0.00590569$ & $-0.0411465$ & $0.0494489$ & $-0.0154236$ & $-0.0345083$ & $0.0150551$ & $0.0122153$ \\
CHL1_33 & $3.32883e-05$ & $-0.0168553$ & $-0.0150816$ & $0.00786886$ & $-0.0187822$ & $-0.0695083$ & $-0.0115545$ & $0.285003$ & $0.283023$ & $-0.0936166$ & $-0.422285$ & $-0.0616081$ & $0.0542955$ & $0.297076$ & $0.434591$ & $1$ & $0.214112$ & $0.022496$ & $-0.400351$ & $0.484043$ & $0.343022$ & $0.362697$ & $-0.149182$ & $0.14196$ & $-0.0599878$ & $-0.210279$ & $-0.357184$ & $0.128997$ & $-0.00223663$ & $0.0309444$ & $0.00566351$ & $-0.0144897$ & $0.0223662$ & $-0.0949936$ & $-0.0212135$ & $-0.0243947$ & $0.0137527$ & $0.0296478$ & $0.0595539$ & $0.00466541$ & $0.0176885$ & $-0.0153596$ & $0.00859105$ & $-0.00782844$ & $0.0227841$ & $-0.00367327$ & $-0.0591215$ & $0.0266347$ & $-0.0267153$ \\
CHL3_11 & $0.007167$ & $0.000695115$ & $0.0250446$ & $0.0180334$ & $0.00183492$ & $-0.260966$ & $0.0931216$ & $-0.211336$ & $-0.218231$ & $0.438371$ & $-0.250176$ & $0.107865$ & $-0.324111$ & $0.683651$ & $0.174573$ & $0.214112$ & $1$ & $0.740059$ & $0.729277$ & $0.274003$ & $0.215955$ & $0.211336$ & $-0.0678705$ & $0.685129$ & $0.786327$ & $-0.115161$ & $-0.149859$ & $0.0860794$ & $-0.0190131$ & $-0.103189$ & $-0.0700532$ & $0.0693601$ & $-0.122013$ & $-0.242798$ & $-0.0331081$ & $-0.00139952$ & $0.00388668$ & $0.0309993$ & $0.0107843$ & $-0.0126978$ & $-0.00473681$ & $-0.0141341$ & $-0.0196413$ & $0.00308017$ & $-0.019301$ & $-0.0185844$ & $-0.0206838$ & $0.0338207$ & $-0.0364258$ \\
CHL3_22 & $0.024194$ & $0.0086947$ & $0.0104358$ & $0.0032823$ & $0.00278169$ & $-0.0536128$ & $0.096352$ & $-0.414321$ & $-0.41783$ & $0.501717$ & $0.0386109$ & $0.198874$ & $-0.381392$ & $0.608911$ & $-0.438844$ & $0.022496$ & $0.740059$ & $1$ & $0.667221$ & $-0.0388376$ & $-0.0358671$ & $-0.0308657$ & $-0.00565516$ & $0.627272$ & $0.796345$ & $0.0385203$ & $-0.00395178$ & $-0.00524281$ & $-0.0272602$ & $-0.11755$ & $-0.0540494$ & $0.0707651$ & $-0.140962$ & $0.0428861$ & $0.000700025$ & $-0.0156018$ & $0.0100662$ & $0.0127961$ & $0.00892219$ & $-0.0147934$ & $-0.0201521$ & $-0.00272924$ & $-0.0268659$ & $0.0208159$ & $-0.0530055$ & $-0.00931171$ & $0.003887$ & $0.0229709$ & $-0.0395284$ \\
CHL3_33 & $0.00411065$ & $-0.000116665$ & $0.0307481$ & $0.0196623$ & $0.0118394$ & $-0.0688119$ & $0.0924806$ & $-0.410645$ & $-0.414916$ & $0.486056$ & $0.0393658$ & $0.165778$ & $-0.351129$ & $0.604229$ & $-0.017417$ & $-0.400351$ & $0.729277$ & $0.667221$ & $1$ & $-0.0402483$ & $-0.0360389$ & $-0.0347536$ & $-9.39283e-05$ & $0.613441$ & $0.781489$ & $0.0317796$ & $-0.0151789$ & $-0.011368$ & $-0.0065947$ & $-0.109684$ & $-0.0633243$ & $0.0724624$ & $-0.118826$ & $-0.341519$ & $-0.0240305$ & $0.0133284$ & $-0.00917753$ & $0.00509733$ & $-0.0208731$ & $-0.0242881$ & $-0.0230908$ & $5.40157e-05$ & $-0.0379365$ & $-0.000136177$ & $-0.0317518$ & $-0.0164625$ & $0.0219413$ & $0.0153423$ & $-0.0058583$ \\
CHe_11 & $0.00119088$ & $-0.0376813$ & $-0.00211127$ & $0.00472919$ & $-0.0332642$ & $-0.18546$ & $-0.0446908$ & $0.84855$ & $0.829777$ & $-0.322903$ & $-0.990851$ & $-0.326142$ & $0.164102$ & $0.552926$ & $0.492189$ & $0.484043$ & $0.274003$ & $-0.0388376$ & $-0.0402483$ & $1$ & $0.973887$ & $0.953686$ & $-0.00815694$ & $-0.231292$ & $0.0225719$ & $-0.561991$ & $0.230143$ & $0.338684$ & $0.0116267$ & $0.0644327$ & $0.00462454$ & $-0.0450999$ & $0.0736616$ & $0.280367$ & $-0.0350218$ & $-0.00277749$ & $0.0336745$ & $0.0106728$ & $0.0273658$ & $0.00103127$ & $0.0246263$ & $-0.000676714$ & $0.0271243$ & $0.00365286$ & $0.0343775$ & $-0.000943529$ & $-0.00958027$ & $-0.0124282$ & $0.0335513$ \\
CHe_22 & $0.00697531$ & $-0.0354637$ & $0.00203436$ & $0.000431666$ & $-0.0306121$ & $-0.190016$ & $-0.0515148$ & $0.895277$ & $0.874926$ & $-0.356386$ & $-0.991478$ & $-0.361975$ & $0.17866$ & $0.495678$ & $0.349365$ & $0.343022$ & $0.215955$ & $-0.0358671$ & $-0.0360389$ & $0.973887$ & $1$ & $0.975158$ & $0.0368825$ & $-0.340199$ & $0.00198197$ & $-0.569076$ & $0.38066$ & $0.345128$ & $0.01312$ & $0.0654722$ & $0.00697193$ & $-0.0521744$ & $0.0768283$ & $0.441782$ & $-0.029879$ & $-0.00136922$ & $0.0344641$ & $0.00608437$ & $0.0190317$ & $0.000820426$ & $0.0248666$ & $0.00777697$ & $0.0322678$ & $0.0119167$ & $0.0297277$ & $0.00319841$ & $0.0011705$ & $-0.0192583$ & $0.0393777$ \\
CHe_33 & $0.0028799$ & $-0.0315066$ & $-0.00151783$ & $-0.00129198$ & $-0.0295393$ & $-0.18743$ & $-0.0509656$ & $0.876863$ & $0.856278$ & $-0.350886$ & $-0.970404$ & $-0.352724$ & $0.173918$ & $0.481191$ & $0.337419$ & $0.362697$ & $0.211336$ & $-0.0308657$ & $-0.0347536$ & $0.953686$ & $0.975158$ & $1$ & $0.0374801$ & $-0.331839$ & $0.0030706$ & $-0.555311$ & $0.374948$ & $0.339326$ & $0.0161309$ & $0.0660293$ & $0.0105613$ & $-0.0523063$ & $0.0772764$ & $0.440391$ & $-0.0303184$ & $0.0054942$ & $0.0347551$ & $0.00256447$ & $0.0207502$ & $-0.00102655$ & $0.00835035$ & $-0.00131168$ & $0.0272205$ & $0.0208308$ & $0.0369068$ & $-0.00107769$ & $-0.00122346$ & $-0.0106618$ & $0.038938$ \\
CHQ1_11 & $-0.00966964$ & $0.029139$ & $0.0122798$ & $-0.000425848$ & $0.00606336$ & $-0.00555262$ & $-0.0120491$ & $0.0622684$ & $0.0639665$ & $-0.0505041$ & $-0.0110354$ & $-0.034028$ & $0.0319978$ & $-0.0751083$ & $-0.143383$ & $-0.149182$ & $-0.0678705$ & $-0.00565516$ & $-9.39283e-05$ & $-0.00815694$ & $0.0368825$ & $0.0374801$ & $1$ & $-0.128396$ & $0.0574424$ & $-0.673472$ & $0.310379$ & $-0.00319943$ & $0.0126163$ & $-0.00471616$ & $0.00358134$ & $-0.00673109$ & $0.0325458$ & $0.175912$ & $-0.0232126$ & $0.0200195$ & $0.00768026$ & $-0.000793526$ & $0.0104118$ & $-0.00119845$ & $0.0131839$ & $-0.0222427$ & $0.00115413$ & $-0.0211001$ & $-0.008711$ & $-0.00244607$ & $-0.00156497$ & $0.0066828$ & $0.0161238$ \\
CHQ1_33 & $-0.0413204$ & $0.0013607$ & $0.00620025$ & $-0.00454998$ & $0.0103961$ & $-0.00393035$ & $0.101535$ & $-0.658389$ & $-0.652576$ & $0.568316$ & $0.284511$ & $0.317244$ & $-0.379057$ & $0.468133$ & $0.100586$ & $0.14196$ & $0.685129$ & $0.627272$ & $0.613441$ & $-0.231292$ & $-0.340199$ & $-0.331839$ & $-0.128396$ & $1$ & $0.646828$ & $0.190138$ & $-0.42675$ & $-0.022933$ & $-0.00423422$ & $-0.10731$ & $-0.0530526$ & $0.0838704$ & $-0.131349$ & $-0.614909$ & $-0.0325741$ & $-0.0115679$ & $-0.0137313$ & $0.0250354$ & $0.00753104$ & $-0.022613$ & $-0.030029$ & $-0.0132005$ & $-0.0294745$ & $-0.011944$ & $-0.0408743$ & $-0.0235022$ & $-0.027666$ & $0.0384029$ & $-0.0535056$ \\
CHQ3_11 & $-0.108518$ & $-0.000311701$ & $0.0349516$ & $-0.0123206$ & $-0.00208853$ & $-0.103148$ & $0.0926411$ & $-0.380344$ & $-0.38208$ & $0.496362$ & $-0.0117545$ & $0.18157$ & $-0.34976$ & $0.618736$ & $-0.110081$ & $-0.0599878$ & $0.786327$ & $0.796345$ & $0.781489$ & $0.0225719$ & $0.00198197$ & $0.0030706$ & $0.0574424$ & $0.646828$ & $1$ & $0.0233324$ & $0.1906$ & $-0.00814086$ & $-0.0340974$ & $-0.124264$ & $-0.0792122$ & $0.0685473$ & $-0.131286$ & $-0.204265$ & $-0.0113401$ & $0.0231944$ & $0.0315017$ & $0.0058204$ & $-0.0046009$ & $-0.010945$ & $-0.0285461$ & $-0.00580342$ & $-0.00828693$ & $-0.000421103$ & $-0.0431697$ & $-0.0229876$ & $0.00682685$ & $0.0431581$ & $-0.0228856$ \\
CHu_11 & $-0.0309404$ & $0.00254521$ & $0.0028328$ & $-0.00726251$ & $0.0174699$ & $0.0863487$ & $0.0214417$ & $-0.513373$ & $-0.505082$ & $0.209302$ & $0.568105$ & $0.202661$ & $-0.107154$ & $-0.282373$ & $-0.225523$ & $-0.210279$ & $-0.115161$ & $0.0385203$ & $0.0317796$ & $-0.561991$ & $-0.569076$ & $-0.555311$ & $-0.673472$ & $0.190138$ & $0.0233324$ & $1$ & $-0.160394$ & $-0.182174$ & $-0.0110173$ & $-0.0455532$ & $-0.00589968$ & $0.0164604$ & $-0.0649302$ & $-0.230585$ & $0.0535216$ & $-0.00520627$ & $-0.0149673$ & $-0.0142597$ & $-0.0433135$ & $-0.00824761$ & $-0.0121112$ & $0.0175371$ & $-0.00893188$ & $0.0217659$ & $0.00435218$ & $0.00310524$ & $0.0196682$ & $0.0104597$ & $-0.0262023$ \\
CHd_11 & $-0.0259459$ & $-0.00503445$ & $0.0191842$ & $-0.0440388$ & $-0.0197384$ & $-0.0963948$ & $-0.0379242$ & $0.434411$ & $0.426474$ & $-0.231325$ & $-0.301754$ & $-0.20042$ & $0.128289$ & $-0.0877851$ & $-0.378526$ & $-0.357184$ & $-0.149859$ & $-0.00395178$ & $-0.0151789$ & $0.230143$ & $0.38066$ & $0.374948$ & $0.310379$ & $-0.42675$ & $0.1906$ & $-0.160394$ & $1$ & $0.100653$ & $-0.00780097$ & $0.0151612$ & $-0.0105843$ & $-0.0384908$ & $0.0350502$ & $0.686645$ & $0.0165923$ & $0.0152284$ & $0.0449527$ & $-0.0288163$ & $-0.0418321$ & $0.00457349$ & $-0.000910618$ & $0.0230634$ & $0.0653601$ & $0.0345433$ & $-0.00214439$ & $0.0105003$ & $0.0300367$ & $-0.0116434$ & $0.0245707$ \\
CHd_33 & $0.0357204$ & $-0.0150054$ & $-0.0292357$ & $0.00179869$ & $-0.0125072$ & $-0.0857961$ & $-0.0321245$ & $0.306015$ & $0.296522$ & $-0.122777$ & $-0.343819$ & $-0.14083$ & $0.0639789$ & $0.167584$ & $0.119061$ & $0.128997$ & $0.0860794$ & $-0.00524281$ & $-0.011368$ & $0.338684$ & $0.345128$ & $0.339326$ & $-0.00319943$ & $-0.022933$ & $-0.00814086$ & $-0.182174$ & $0.100653$ & $1$ & $0.0203989$ & $0.0101304$ & $0.00689691$ & $-0.037557$ & $0.0310304$ & $0.153237$ & $-0.0514152$ & $-0.0350424$ & $0.02361$ & $0.0136073$ & $-0.0205873$ & $0.0101161$ & $0.0313855$ & $-0.0159447$ & $0.00499461$ & $0.0205275$ & $0.0211205$ & $0.0377726$ & $0.0194037$ & $0.0123298$ & $0.0303771$ \\
CeH_22r & $-0.0394035$ & $0.0121138$ & $-0.0462351$ & $-0.0184102$ & $-0.018392$ & $0.012236$ & $0.0179544$ & $0.020148$ & $0.0281949$ & $-0.0131905$ & $-0.0126829$ & $-0.0219009$ & $0.0698512$ & $-0.00389542$ & $0.0158294$ & $-0.00223663$ & $-0.0190131$ & $-0.0272602$ & $-0.0065947$ & $0.0116267$ & $0.01312$ & $0.0161309$ & $0.0126163$ & $-0.00423422$ & $-0.0340974$ & $-0.0110173$ & $-0.00780097$ & $0.0203989$ & $1$ & $0.0500906$ & $0.0346145$ & $0.000313272$ & $0.0440245$ & $-0.00015551$ & $-0.0372027$ & $-0.0149245$ & $-0.0237399$ & $0.00974707$ & $-0.0224159$ & $-0.0224326$ & $0.00115695$ & $0.000288064$ & $0.00322091$ & $0.0569958$ & $0.0152088$ & $0.00584814$ & $0.0589503$ & $-0.0254505$ & $-0.0203622$ \\
CeH_33r & $0.00128496$ & $-0.0561141$ & $-0.0302053$ & $0.0251289$ & $-0.00624932$ & $0.0294588$ & $-0.151346$ & $0.115506$ & $0.138724$ & $-0.106584$ & $-0.0668185$ & $0.0392362$ & $0.277406$ & $-0.0483382$ & $0.0455912$ & $0.0309444$ & $-0.103189$ & $-0.11755$ & $-0.109684$ & $0.0644327$ & $0.0654722$ & $0.0660293$ & $-0.00471616$ & $-0.10731$ & $-0.124264$ & $-0.0455532$ & $0.0151612$ & $0.0101304$ & $0.0500906$ & $1$ & $0.291146$ & $-0.00737565$ & $0.640738$ & $0.047222$ & $-0.0991943$ & $-0.0290144$ & $-0.149158$ & $-0.0257358$ & $0.000542879$ & $0.0230263$ & $-0.0381643$ & $-0.00127952$ & $0.0400707$ & $-0.0867084$ & $0.066753$ & $0.0289637$ & $0.00269599$ & $-0.00888074$ & $0.000911642$ \\
CuH_22r & $0.00305475$ & $-0.0385416$ & $-0.0725239$ & $0.058148$ & $0.0215565$ & $0.022077$ & $-0.0490528$ & $0.0380183$ & $0.0474003$ & $-0.0773832$ & $-0.0067053$ & $-0.0230815$ & $0.0911587$ & $-0.0316447$ & $-0.000720962$ & $0.00566351$ & $-0.0700532$ & $-0.0540494$ & $-0.0633243$ & $0.00462454$ & $0.00697193$ & $0.0105613$ & $0.00358134$ & $-0.0530526$ & $-0.0792122$ & $-0.00589968$ & $-0.0105843$ & $0.00689691$ & $0.0346145$ & $0.291146$ & $1$ & $0.0279032$ & $0.34475$ & $0.0238856$ & $-0.0297702$ & $-0.0681359$ & $-0.0615389$ & $-0.0120613$ & $0.0234591$ & $0.00944084$ & $0.0417217$ & $-0.00602653$ & $0.00522367$ & $-0.0819506$ & $0.0129324$ & $0.0974241$ & $0.336501$ & $0.00713881$ & $0.0451622$ \\
CuH_33r & $0.031148$ & $0.0165334$ & $-0.0405292$ & $0.0275077$ & $0.0127532$ & $0.0189057$ & $0.93147$ & $-0.0832494$ & $-0.0403556$ & $0.0733101$ & $0.0485944$ & $0.188809$ & $-0.262353$ & $0.0280013$ & $-0.0131728$ & $-0.0144897$ & $0.0693601$ & $0.0707651$ & $0.0724624$ & $-0.0450999$ & $-0.0521744$ & $-0.0523063$ & $-0.00673109$ & $0.0838704$ & $0.0685473$ & $0.0164604$ & $-0.0384908$ & $-0.037557$ & $0.000313272$ & $-0.00737565$ & $0.0279032$ & $1$ & $0.0386065$ & $-0.0522695$ & $0.033708$ & $-0.0298383$ & $-0.0398268$ & $-0.0312187$ & $0.0223699$ & $-0.00877121$ & $0.0268076$ & $-0.00632126$ & $0.00700006$ & $-0.03044$ & $0.0204181$ & $0.0309655$ & $-0.00922468$ & $0.000982553$ & $0.0315643$ \\
CdH_33r & $-0.0413218$ & $-0.0625205$ & $0.0318474$ & $0.0831777$ & $0.0102635$ & $0.0356641$ & $-0.140287$ & $0.134494$ & $0.158952$ & $-0.139442$ & $-0.0753196$ & $0.0172805$ & $0.3429$ & $-0.0570824$ & $0.0539201$ & $0.0223662$ & $-0.122013$ & $-0.140962$ & $-0.118826$ & $0.0736616$ & $0.0768283$ & $0.0772764$ & $0.0325458$ & $-0.131349$ & $-0.131286$ & $-0.0649302$ & $0.0350502$ & $0.0310304$ & $0.0440245$ & $0.640738$ & $0.34475$ & $0.0386065$ & $1$ & $0.053769$ & $-0.0641323$ & $-0.0245564$ & $-0.15248$ & $-0.0167028$ & $-0.00359415$ & $0.0191769$ & $-0.00920422$ & $-0.0208775$ & $0.0357082$ & $-0.150887$ & $0.0137697$ & $0.0204826$ & $0.0624695$ & $0.146699$ & $0.450893$ \\
CLL_1221 & $0.0306007$ & $0.0265692$ & $-0.0178177$ & $-0.0276226$ & $-0.0229106$ & $-0.110915$ & $-0.0541112$ & $0.554311$ & $0.543278$ & $-0.34314$ & $-0.35698$ & $-0.252995$ & $0.183282$ & $-0.202103$ & $-0.590005$ & $-0.0949936$ & $-0.242798$ & $0.0428861$ & $-0.341519$ & $0.280367$ & $0.441782$ & $0.440391$ & $0.175912$ & $-0.614909$ & $-0.204265$ & $-0.230585$ & $0.686645$ & $0.153237$ & $-0.00015551$ & $0.047222$ & $0.0238856$ & $-0.0522695$ & $0.053769$ & $1$ & $0.0364478$ & $-0.0108426$ & $0.0316105$ & $-0.0157038$ & $-0.0189728$ & $0.0124479$ & $0.0135873$ & $0.0139631$ & $0.0522641$ & $0.0496207$ & $-4.06306e-05$ & $0.0184636$ & $0.0242718$ & $-0.0303381$ & $0.0208708$ \\
eHggint & $-0.0564792$ & $0.146599$ & $-0.0659676$ & $0.128646$ & $0.0106565$ & $0.0546722$ & $-0.0418243$ & $-0.0198804$ & $-0.0338354$ & $0.0293526$ & $0.0366818$ & $0.0826326$ & $0.0234301$ & $-0.0409567$ & $-0.0519026$ & $-0.0212135$ & $-0.0331081$ & $0.000700025$ & $-0.0240305$ & $-0.0350218$ & $-0.029879$ & $-0.0303184$ & $-0.0232126$ & $-0.0325741$ & $-0.0113401$ & $0.0535216$ & $0.0165923$ & $-0.0514152$ & $-0.0372027$ & $-0.0991943$ & $-0.0297702$ & $0.033708$ & $-0.0641323$ & $0.0364478$ & $1$ & $0.0678016$ & $0.192807$ & $0.0159707$ & $0.000524979$ & $-0.0117741$ & $0.00301695$ & $-0.0102246$ & $0.0690379$ & $0.0639562$ & $0.00728314$ & $0.0809109$ & $0.00969151$ & $-0.0831148$ & $0.0466822$ \\
eHggpar & $-0.171652$ & $0.0272051$ & $0.0575561$ & $0.0738891$ & $-0.00335223$ & $0.0060858$ & $-0.0700115$ & $-0.000414497$ & $-0.0115442$ & $0.0141301$ & $0.00288006$ & $-0.00463687$ & $0.0404515$ & $-0.00641048$ & $0.0140862$ & $-0.0243947$ & $-0.00139952$ & $-0.0156018$ & $0.0133284$ & $-0.00277749$ & $-0.00136922$ & $0.0054942$ & $0.0200195$ & $-0.0115679$ & $0.0231944$ & $-0.00520627$ & $0.0152284$ & $-0.0350424$ & $-0.0149245$ & $-0.0290144$ & $-0.0681359$ & $-0.0298383$ & $-0.0245564$ & $-0.0108426$ & $0.0678016$ & $1$ & $0.0841702$ & $-0.0226769$ & $0.141657$ & $0.0564378$ & $0.000591261$ & $-0.00970935$ & $-0.0295819$ & $-0.0903339$ & $0.0582592$ & $-0.109282$ & $-0.0657285$ & $0.0707124$ & $0.0128067$ \\
eHWWint & $-0.102034$ & $-0.0292514$ & $0.0381405$ & $0.039573$ & $0.00316019$ & $-0.00692872$ & $-0.0229845$ & $0.0323168$ & $0.0256237$ & $-0.0117124$ & $-0.0325823$ & $-0.00328642$ & $0.0104304$ & $0.0158213$ & $-0.00862631$ & $0.0137527$ & $0.00388668$ & $0.0100662$ & $-0.00917753$ & $0.0336745$ & $0.0344641$ & $0.0347551$ & $0.00768026$ & $-0.0137313$ & $0.0315017$ & $-0.0149673$ & $0.0449527$ & $0.02361$ & $-0.0237399$ & $-0.149158$ & $-0.0615389$ & $-0.0398268$ & $-0.15248$ & $0.0316105$ & $0.192807$ & $0.0841702$ & $1$ & $-0.0109092$ & $-0.0850119$ & $-0.0380357$ & $0.228208$ & $-0.00935893$ & $0.0682585$ & $0.106808$ & $-0.0708101$ & $-0.0318362$ & $-0.023762$ & $-0.0160329$ & $0.0592355$ \\
eHWWpar & $0.0099528$ & $-0.0332247$ & $0.00136963$ & $-0.0293771$ & $-0.0143749$ & $-0.00951237$ & $-0.0312496$ & $-0.00317148$ & $-0.00697851$ & $0.00406674$ & $-0.0102317$ & $-0.00140485$ & $-0.0141901$ & $0.0193407$ & $0.0191556$ & $0.0296478$ & $0.0309993$ & $0.0127961$ & $0.00509733$ & $0.0106728$ & $0.00608437$ & $0.00256447$ & $-0.000793526$ & $0.0250354$ & $0.0058204$ & $-0.0142597$ & $-0.0288163$ & $0.0136073$ & $0.00974707$ & $-0.0257358$ & $-0.0120613$ & $-0.0312187$ & $-0.0167028$ & $-0.0157038$ & $0.0159707$ & $-0.0226769$ & $-0.0109092$ & $1$ & $-0.0257291$ & $-0.00012027$ & $-0.0114111$ & $0.00266417$ & $-0.0297661$ & $0.00346714$ & $0.00667091$ & $-0.0182093$ & $-0.0119776$ & $-0.0485397$ & $0.0269834$ \\
eHZZint & $0.00301079$ & $-0.0540833$ & $-0.131704$ & $0.0238739$ & $-0.00227628$ & $0.025355$ & $0.0106489$ & $0.0139701$ & $-8.45505e-05$ & $0.00508954$ & $-0.0274027$ & $-0.014354$ & $0.00116058$ & $0.0410379$ & $0.0278635$ & $0.0595539$ & $0.0107843$ & $0.00892219$ & $-0.0208731$ & $0.0273658$ & $0.0190317$ & $0.0207502$ & $0.0104118$ & $0.00753104$ & $-0.0046009$ & $-0.0433135$ & $-0.0418321$ & $-0.0205873$ & $-0.0224159$ & $0.000542879$ & $0.0234591$ & $0.0223699$ & $-0.00359415$ & $-0.0189728$ & $0.000524979$ & $0.141657$ & $-0.0850119$ & $-0.0257291$ & $1$ & $-0.0338827$ & $-0.132995$ & $0.012015$ & $-0.188942$ & $-0.252196$ & $0.0723855$ & $0.0952698$ & $-0.028403$ & $0.0634731$ & $0.00425885$ \\
eHZZpar & $0.00424708$ & $0.00700261$ & $0.024117$ & $0.0421271$ & $-0.0412495$ & $0.0065652$ & $-0.0128738$ & $0.00843739$ & $0.00990985$ & $-0.0280765$ & $8.44026e-05$ & $-0.0126455$ & $-0.00574407$ & $-0.025161$ & $-0.00218543$ & $0.00466541$ & $-0.0126978$ & $-0.0147934$ & $-0.0242881$ & $0.00103127$ & $0.000820426$ & $-0.00102655$ & $-0.00119845$ & $-0.022613$ & $-0.010945$ & $-0.00824761$ & $0.00457349$ & $0.0101161$ & $-0.0224326$ & $0.0230263$ & $0.00944084$ & $-0.00877121$ & $0.0191769$ & $0.0124479$ & $-0.0117741$ & $0.0564378$ & $-0.0380357$ & $-0.00012027$ & $-0.0338827$ & $1$ & $-0.0648163$ & $-0.0264454$ & $0.000123229$ & $-0.0224202$ & $0.040634$ & $0.00119542$ & $0.0244895$ & $-0.0119059$ & $0.0285699$ \\
eHZgaint & $0.049324$ & $9.91667e-06$ & $-0.031583$ & $-0.00858213$ & $-0.0145522$ & $-0.0298069$ & $0.0207496$ & $0.029097$ & $0.0294953$ & $-0.0269833$ & $-0.0247581$ & $-0.0172945$ & $0.0208186$ & $-0.00820878$ & $0.0142898$ & $0.0176885$ & $-0.00473681$ & $-0.0201521$ & $-0.0230908$ & $0.0246263$ & $0.0248666$ & $0.00835035$ & $0.0131839$ & $-0.030029$ & $-0.0285461$ & $-0.0121112$ & $-0.000910618$ & $0.0313855$ & $0.00115695$ & $-0.0381643$ & $0.0417217$ & $0.0268076$ & $-0.00920422$ & $0.0135873$ & $0.00301695$ & $0.000591261$ & $0.228208$ & $-0.0114111$ & $-0.132995$ & $-0.0648163$ & $1$ & $-0.0208978$ & $0.0188367$ & $0.0533649$ & $0.0353194$ & $0.0936178$ & $0.0682651$ & $-0.0657309$ & $0.017422$ \\
eHZgapar & $0.0393294$ & $-0.0619154$ & $0.0282725$ & $-0.0269824$ & $0.0211152$ & $0.0177103$ & $-0.00339991$ & $0.012549$ & $0.0125315$ & $-0.00429385$ & $-0.00610673$ & $-0.0119648$ & $0.0127128$ & $0.00758829$ & $-0.0132499$ & $-0.0153596$ & $-0.0141341$ & $-0.00272924$ & $5.40157e-05$ & $-0.000676714$ & $0.00777697$ & $-0.00131168$ & $-0.0222427$ & $-0.0132005$ & $-0.00580342$ & $0.0175371$ & $0.0230634$ & $-0.0159447$ & $0.000288064$ & $-0.00127952$ & $-0.00602653$ & $-0.00632126$ & $-0.0208775$ & $0.0139631$ & $-0.0102246$ & $-0.00970935$ & $-0.00935893$ & $0.00266417$ & $0.012015$ & $-0.0264454$ & $-0.0208978$ & $1$ & $0.00765369$ & $0.0497314$ & $-0.00179301$ & $0.0558781$ & $-0.037925$ & $-0.0413635$ & $-0.049098$ \\
eHgagaint & $-0.0420691$ & $-0.0436229$ & $-0.100644$ & $0.0231475$ & $0.037427$ & $-0.022129$ & $0.00665734$ & $0.0484318$ & $0.111296$ & $-0.0543212$ & $-0.0298204$ & $-0.0310125$ & $0.016344$ & $-0.033617$ & $-0.00590569$ & $0.00859105$ & $-0.0196413$ & $-0.0268659$ & $-0.0379365$ & $0.0271243$ & $0.0322678$ & $0.0272205$ & $0.00115413$ & $-0.0294745$ & $-0.00828693$ & $-0.00893188$ & $0.0653601$ & $0.00499461$ & $0.00322091$ & $0.0400707$ & $0.00522367$ & $0.00700006$ & $0.0357082$ & $0.0522641$ & $0.0690379$ & $-0.0295819$ & $0.0682585$ & $-0.0297661$ & $-0.188942$ & $0.000123229$ & $0.0188367$ & $0.00765369$ & $1$ & $-0.0186786$ & $0.0705594$ & $-0.0134841$ & $0.0171793$ & $-0.114005$ & $0.0914174$ \\
eHmumuint & $0.0565057$ & $0.0495009$ & $-0.0547599$ & $-0.141947$ & $0.0142526$ & $-0.0375088$ & $-0.00802444$ & $0.00936501$ & $0.00594099$ & $-0.0108411$ & $-0.00682863$ & $-0.0211318$ & $0.00554799$ & $-0.0113504$ & $-0.0411465$ & $-0.00782844$ & $0.00308017$ & $0.0208159$ & $-0.000136177$ & $0.00365286$ & $0.0119167$ & $0.0208308$ & $-0.0211001$ & $-0.011944$ & $-0.000421103$ & $0.0217659$ & $0.0345433$ & $0.0205275$ & $0.0569958$ & $-0.0867084$ & $-0.0819506$ & $-0.03044$ & $-0.150887$ & $0.0496207$ & $0.0639562$ & $-0.0903339$ & $0.106808$ & $0.00346714$ & $-0.252196$ & $-0.0224202$ & $0.0533649$ & $0.0497314$ & $-0.0186786$ & $1$ & $-0.071072$ & $-0.0505319$ & $-0.0705494$ & $-0.100089$ & $-0.180213$ \\
eHtautauint & $0.0282029$ & $0.0367356$ & $0.00988145$ & $0.125672$ & $-0.00505579$ & $-0.00746385$ & $0.0099205$ & $0.0426573$ & $0.0491421$ & $-0.0523719$ & $-0.0315946$ & $-0.0387824$ & $0.0230581$ & $-0.0166997$ & $0.0494489$ & $0.0227841$ & $-0.019301$ & $-0.0530055$ & $-0.0317518$ & $0.0343775$ & $0.0297277$ & $0.0369068$ & $-0.008711$ & $-0.0408743$ & $-0.0431697$ & $0.00435218$ & $-0.00214439$ & $0.0211205$ & $0.0152088$ & $0.066753$ & $0.0129324$ & $0.0204181$ & $0.0137697$ & $-4.06306e-05$ & $0.00728314$ & $0.0582592$ & $-0.0708101$ & $0.00667091$ & $0.0723855$ & $0.040634$ & $0.0353194$ & $-0.00179301$ & $0.0705594$ & $-0.071072$ & $1$ & $-0.00395246$ & $0.0474733$ & $0.0575919$ & $-0.0439648$ \\
eHccint & $0.0930748$ & $0.0025289$ & $-0.0312027$ & $0.0671086$ & $-0.00582998$ & $-0.0264903$ & $0.0191622$ & $0.0100914$ & $0.00603032$ & $-0.0057959$ & $-0.00197649$ & $-0.00192152$ & $0.0111453$ & $-0.015306$ & $-0.0154236$ & $-0.00367327$ & $-0.0185844$ & $-0.00931171$ & $-0.0164625$ & $-0.000943529$ & $0.00319841$ & $-0.00107769$ & $-0.00244607$ & $-0.0235022$ & $-0.0229876$ & $0.00310524$ & $0.0105003$ & $0.0377726$ & $0.00584814$ & $0.0289637$ & $0.0974241$ & $0.0309655$ & $0.0204826$ & $0.0184636$ & $0.0809109$ & $-0.109282$ & $-0.0318362$ & $-0.0182093$ & $0.0952698$ & $0.00119542$ & $0.0936178$ & $0.0558781$ & $-0.0134841$ & $-0.0505319$ & $-0.00395246$ & $1$ & $0.00558675$ & $0.0260211$ & $-0.0101538$ \\
eHccpar & $-0.0620847$ & $0.0383005$ & $-0.196117$ & $0.111471$ & $0.00844317$ & $-0.00610718$ & $-0.00691657$ & $0.00119773$ & $0.00302067$ & $-0.0285593$ & $0.00669695$ & $-0.0249171$ & $0.00883204$ & $-0.00330967$ & $-0.0345083$ & $-0.0591215$ & $-0.0206838$ & $0.003887$ & $0.0219413$ & $-0.00958027$ & $0.0011705$ & $-0.00122346$ & $-0.00156497$ & $-0.027666$ & $0.00682685$ & $0.0196682$ & $0.0300367$ & $0.0194037$ & $0.0589503$ & $0.00269599$ & $0.336501$ & $-0.00922468$ & $0.0624695$ & $0.0242718$ & $0.00969151$ & $-0.0657285$ & $-0.023762$ & $-0.0119776$ & $-0.028403$ & $0.0244895$ & $0.0682651$ & $-0.037925$ & $0.0171793$ & $-0.0705494$ & $0.0474733$ & $0.00558675$ & $1$ & $-0.00488655$ & $0.151124$ \\
eHbbint & $-0.0271661$ & $-0.0217006$ & $0.0900982$ & $0.0589597$ & $0.00481537$ & $-0.0290119$ & $-0.000566561$ & $-0.0300383$ & $-0.034843$ & $0.0357349$ & $0.0155972$ & $0.0253136$ & $-0.0187874$ & $0.0156915$ & $0.0150551$ & $0.0266347$ & $0.0338207$ & $0.0229709$ & $0.0153423$ & $-0.0124282$ & $-0.0192583$ & $-0.0106618$ & $0.0066828$ & $0.0384029$ & $0.0431581$ & $0.0104597$ & $-0.0116434$ & $0.0123298$ & $-0.0254505$ & $-0.00888074$ & $0.00713881$ & $0.000982553$ & $0.146699$ & $-0.0303381$ & $-0.0831148$ & $0.0707124$ & $-0.0160329$ & $-0.0485397$ & $0.0634731$ & $-0.0119059$ & $-0.0657309$ & $-0.0413635$ & $-0.114005$ & $-0.100089$ & $0.0575919$ & $0.0260211$ & $-0.00488655$ & $1$ & $-0.00151776$ \\
eHbbpar & $-0.114692$ & $-0.0572092$ & $0.0988189$ & $0.14436$ & $0.0192752$ & $0.035638$ & $0.0241831$ & $0.0527008$ & $0.0577158$ & $-0.049716$ & $-0.0347625$ & $-0.0374931$ & $0.0242085$ & $-0.000795545$ & $0.0122153$ & $-0.0267153$ & $-0.0364258$ & $-0.0395284$ & $-0.0058583$ & $0.0335513$ & $0.0393777$ & $0.038938$ & $0.0161238$ & $-0.0535056$ & $-0.0228856$ & $-0.0262023$ & $0.0245707$ & $0.0303771$ & $-0.0203622$ & $0.000911642$ & $0.0451622$ & $0.0315643$ & $0.450893$ & $0.0208708$ & $0.0466822$ & $0.0128067$ & $0.0592355$ & $0.0269834$ & $0.00425885$ & $0.0285699$ & $0.017422$ & $-0.049098$ & $0.0914174$ & $-0.180213$ & $-0.0439648$ & $-0.0101538$ & $0.151124$ & $-0.00151776$ & $1$ \\
