 & AlsMz & dAle5Mz & mtop & mHl & Mz & CW & CHG & CHWB & CHWHB_gaga & CHWHB_gagaorth & CHD & CHbox & CH & CHL1_11 & CHL1_22 & CHL1_33 & CHL3_11 & CHL3_22 & CHL3_33 & CHe_11 & CHe_22 & CHe_33 & CHQ1_11 & CHQ1_33 & CHQ3_11 & CHu_11 & CHd_11 & CHd_33 & CeH_22r & CeH_33r & CuH_22r & CuH_33r & CdH_33r & CLL_1221 & eHggint & eHggpar & eHWWint & eHWWpar & eHZZint & eHZZpar & eHZgaint & eHZgapar & eHgagaint & eHmumuint & eHtautauint & eHccint & eHccpar & eHbbint & eHbbpar \\
AlsMz & $1$ & $0.229946$ & $-0.138156$ & $0.194872$ & $-0.0527791$ & $0.0240819$ & $0.120576$ & $-0.010309$ & $-0.00664118$ & $-0.0228669$ & $0.00448742$ & $-0.0566903$ & $-0.0277558$ & $-0.0284999$ & $-0.027583$ & $-0.0200353$ & $0.0262852$ & $0.0148509$ & $0.00732638$ & $-0.0144348$ & $-0.00350251$ & $-0.00817003$ & $-0.0152642$ & $-0.0309478$ & $-0.0627761$ & $-0.00389667$ & $-0.00327224$ & $0.0172335$ & $-0.0214192$ & $-0.0229862$ & $-0.0298081$ & $0.131012$ & $-0.0840048$ & $0.0370491$ & $0.0698571$ & $0.308995$ & $0.170578$ & $0.0876923$ & $0.126444$ & $0.0448206$ & $0.0593364$ & $0.0608538$ & $0.0949361$ & $-0.283929$ & $-0.262825$ & $0.086164$ & $-0.0551926$ & $-0.0296287$ & $-0.0879788$ \\
dAle5Mz & $0.229946$ & $1$ & $-0.127034$ & $-0.0794065$ & $-0.0395415$ & $-0.0091551$ & $-0.0225197$ & $-0.0181772$ & $-0.0202423$ & $0.0122236$ & $0.0209005$ & $0.0105563$ & $0.00380228$ & $-0.0200351$ & $-0.0342339$ & $-0.0332269$ & $-0.0207769$ & $-0.00222271$ & $0.00788828$ & $-0.0151013$ & $-0.00924343$ & $0.00403802$ & $-0.0418464$ & $-0.0386864$ & $-0.0299389$ & $0.0174509$ & $0.0055087$ & $0.0236677$ & $-0.0754794$ & $0.0209845$ & $0.0394611$ & $-0.00887118$ & $0.102527$ & $0.0425551$ & $0.0778866$ & $0.177846$ & $-0.241547$ & $0.0991582$ & $0.187316$ & $-0.0225502$ & $-0.016777$ & $0.0749234$ & $-0.0772035$ & $-0.327738$ & $0.137107$ & $0.0216799$ & $-0.0755248$ & $0.211433$ & $0.136206$ \\
mtop & $-0.138156$ & $-0.127034$ & $1$ & $0.0884897$ & $0.0278542$ & $0.0118926$ & $-0.0797203$ & $0.0434995$ & $0.0451012$ & $-0.0130415$ & $-0.0151398$ & $0.0597461$ & $0.12428$ & $-0.00550876$ & $-0.0274331$ & $0.0140311$ & $-0.0581272$ & $-0.0225039$ & $-0.0561758$ & $0.0138815$ & $0.0247449$ & $0.00960386$ & $0.00810261$ & $-0.0324877$ & $-0.0406822$ & $-0.0060249$ & $0.0259417$ & $-0.0386202$ & $-0.0132289$ & $0.00867628$ & $0.0255201$ & $-0.0875604$ & $-0.0296242$ & $0.0448785$ & $-0.128636$ & $-0.184116$ & $0.0888368$ & $-0.0618326$ & $-0.0281325$ & $-0.0345744$ & $0.0840421$ & $-0.00671666$ & $0.0174808$ & $-0.0581147$ & $0.16983$ & $0.140029$ & $0.174438$ & $0.134165$ & $-0.135059$ \\
mHl & $0.194872$ & $-0.0794065$ & $0.0884897$ & $1$ & $0.0809507$ & $-0.0253174$ & $0.0955745$ & $0.0668131$ & $0.0769671$ & $-0.0782072$ & $-0.0184924$ & $0.0307911$ & $0.0343517$ & $-0.0958926$ & $0.0235186$ & $0.00197148$ & $-0.0819592$ & $-0.10942$ & $-0.09461$ & $0.0165557$ & $0.0242814$ & $0.012642$ & $0.0129799$ & $-0.0771711$ & $-0.0702838$ & $0.0116539$ & $0.0855095$ & $-0.0105061$ & $0.01836$ & $-0.0541085$ & $-0.0827736$ & $0.104516$ & $-0.137745$ & $0.0404985$ & $0.12302$ & $0.131455$ & $0.319809$ & $0.0532634$ & $0.188337$ & $0.107831$ & $0.219635$ & $-0.017841$ & $0.172153$ & $-0.109487$ & $-0.340815$ & $0.10053$ & $-0.00879174$ & $0.0474029$ & $-0.219931$ \\
Mz & $-0.0527791$ & $-0.0395415$ & $0.0278542$ & $0.0809507$ & $1$ & $0.0630223$ & $0.0720446$ & $-0.0653033$ & $-0.0609086$ & $0.0579464$ & $0.0555672$ & $0.00170814$ & $-0.000304269$ & $0.0211793$ & $0.0107401$ & $0.0344502$ & $0.0251086$ & $0.0325527$ & $0.0160366$ & $-0.0402291$ & $-0.053198$ & $-0.0515015$ & $0.00875871$ & $0.0535645$ & $0.0332361$ & $0.0318958$ & $-0.0545986$ & $-0.0789002$ & $0.014978$ & $-0.00789939$ & $0.00873258$ & $0.0643235$ & $-0.0297249$ & $-0.0673847$ & $-0.00348786$ & $-0.0255889$ & $0.0445174$ & $-0.0207596$ & $0.0625943$ & $-0.0334538$ & $-0.0275963$ & $-0.043016$ & $-0.0521667$ & $0.048719$ & $-0.0189503$ & $0.0355295$ & $-0.0661375$ & $-0.0747568$ & $-0.0236325$ \\
CW & $0.0240819$ & $-0.0091551$ & $0.0118926$ & $-0.0253174$ & $0.0630223$ & $1$ & $0.00582718$ & $-0.208451$ & $-0.204575$ & $0.090736$ & $0.253655$ & $0.0670302$ & $-0.0329499$ & $-0.00098858$ & $-0.128678$ & $-0.134008$ & $-0.227014$ & $0.00579866$ & $0.0113357$ & $-0.249503$ & $-0.254409$ & $-0.247294$ & $0.0021623$ & $0.0459582$ & $-0.0442287$ & $0.147473$ & $-0.0963567$ & $-0.0964665$ & $-0.0179347$ & $-0.0118297$ & $-0.0181821$ & $0.0147503$ & $-0.0292742$ & $-0.144447$ & $0.0885845$ & $-0.00716526$ & $-0.00834915$ & $-0.0078483$ & $0.0190707$ & $0.0212381$ & $0.0301724$ & $-0.0173958$ & $-0.0019781$ & $-0.00140553$ & $-0.00750783$ & $0.0600959$ & $0.0213024$ & $-0.0357116$ & $-0.0146665$ \\
CHG & $0.120576$ & $-0.0225197$ & $-0.0797203$ & $0.0955745$ & $0.0720446$ & $0.00582718$ & $1$ & $-0.0866311$ & $-0.0383649$ & $0.0169611$ & $0.0382101$ & $-0.275357$ & $-0.32764$ & $0.0634229$ & $-0.0142511$ & $-0.0239845$ & $0.123652$ & $0.102579$ & $0.110147$ & $-0.0434035$ & $-0.0403138$ & $-0.0401489$ & $0.0209215$ & $0.101372$ & $0.100677$ & $0.0260604$ & $-0.0196581$ & $-0.0498585$ & $0.0350034$ & $-0.119803$ & $-0.0435286$ & $0.939534$ & $-0.196318$ & $-0.0464767$ & $-0.0231187$ & $0.090824$ & $0.134933$ & $0.079526$ & $-0.0122234$ & $0.0581065$ & $0.0873$ & $0.0692048$ & $0.0230361$ & $0.00590899$ & $-0.0602387$ & $0.0777$ & $0.0578807$ & $-0.0297654$ & $0.0290528$ \\
CHWB & $-0.010309$ & $-0.0181772$ & $0.0434995$ & $0.0668131$ & $-0.0653033$ & $-0.208451$ & $-0.0866311$ & $1$ & $0.986346$ & $-0.59427$ & $-0.891965$ & $-0.0161088$ & $0.316306$ & $0.102802$ & $0.316204$ & $0.314493$ & $-0.193969$ & $-0.426329$ & $-0.437519$ & $0.866846$ & $0.907908$ & $0.889606$ & $0.0603575$ & $-0.667599$ & $-0.368976$ & $-0.522437$ & $0.457317$ & $0.353747$ & $-0.00952195$ & $0.0989139$ & $0.0605104$ & $-0.0887033$ & $0.11724$ & $0.579455$ & $-0.022473$ & $-0.0149419$ & $0.0350712$ & $0.0156731$ & $-0.0722348$ & $0.0101254$ & $0.00156446$ & $-0.0113529$ & $0.0622096$ & $-0.0534772$ & $-0.0235453$ & $-0.0032502$ & $0.0502047$ & $0.020173$ & $0.0501305$ \\
CHWHB_gaga & $-0.00664118$ & $-0.0202423$ & $0.0451012$ & $0.0769671$ & $-0.0609086$ & $-0.204575$ & $-0.0383649$ & $0.986346$ & $1$ & $-0.583826$ & $-0.878928$ & $-0.00923382$ & $0.304017$ & $0.0984254$ & $0.313924$ & $0.312954$ & $-0.191738$ & $-0.423632$ & $-0.435846$ & $0.854138$ & $0.894572$ & $0.875269$ & $0.0665481$ & $-0.65546$ & $-0.365993$ & $-0.520121$ & $0.451616$ & $0.347955$ & $-0.00301112$ & $0.111116$ & $0.068108$ & $-0.0522565$ & $0.128954$ & $0.570645$ & $-0.0362879$ & $-0.0164834$ & $0.0412032$ & $0.0202332$ & $-0.0690452$ & $0.0170289$ & $-0.0065873$ & $-0.0166545$ & $0.112683$ & $-0.0529626$ & $-0.0337655$ & $0.0205448$ & $0.0498659$ & $0.0242766$ & $0.0447441$ \\
CHWHB_gagaorth & $-0.0228669$ & $0.0122236$ & $-0.0130415$ & $-0.0782072$ & $0.0579464$ & $0.090736$ & $0.0169611$ & $-0.59427$ & $-0.583826$ & $1$ & $0.411416$ & $0.345615$ & $-0.199197$ & $0.200099$ & $-0.166062$ & $-0.157474$ & $0.361326$ & $0.471258$ & $0.473474$ & $-0.39917$ & $-0.426178$ & $-0.40883$ & $-0.025881$ & $0.539366$ & $0.448357$ & $0.228538$ & $-0.249859$ & $-0.173537$ & $-0.027309$ & $-0.107037$ & $-0.0762161$ & $0.0344402$ & $-0.142379$ & $-0.35891$ & $0.0114281$ & $0.0148693$ & $-0.0656397$ & $-0.0424458$ & $0.0473969$ & $0.00773095$ & $0.00122969$ & $0.0216699$ & $-0.017733$ & $0.00937361$ & $0.0132968$ & $0.0257954$ & $-0.0351779$ & $-0.029809$ & $-0.0673679$ \\
CHD & $0.00448742$ & $0.0209005$ & $-0.0151398$ & $-0.0184924$ & $0.0555672$ & $0.253655$ & $0.0382101$ & $-0.891965$ & $-0.878928$ & $0.411416$ & $1$ & $0.151243$ & $-0.160767$ & $-0.496515$ & $-0.429942$ & $-0.42829$ & $-0.237261$ & $0.0841068$ & $0.0971152$ & $-0.991024$ & $-0.99194$ & $-0.973186$ & $-0.0204039$ & $0.325243$ & $0.00770981$ & $0.576408$ & $-0.341759$ & $-0.398549$ & $0.016059$ & $-0.0759249$ & $-0.049961$ & $0.0452856$ & $-0.0801096$ & $-0.400693$ & $0.0461088$ & $0.014726$ & $-0.0277823$ & $-0.0108148$ & $0.0666564$ & $-0.00737392$ & $-0.00350203$ & $-0.0106201$ & $-0.0676414$ & $0.0418583$ & $0.0469944$ & $-0.00397816$ & $-0.023728$ & $0.00879868$ & $-0.0226596$ \\
CHbox & $-0.0566903$ & $0.0105563$ & $0.0597461$ & $0.0307911$ & $0.00170814$ & $0.0670302$ & $-0.275357$ & $-0.0161088$ & $-0.00923382$ & $0.345615$ & $0.151243$ & $1$ & $0.669663$ & $-0.283591$ & $0.00166244$ & $-0.0143918$ & $-0.30725$ & $-0.261767$ & $-0.242475$ & $-0.138067$ & $-0.150101$ & $-0.148803$ & $-0.015777$ & $-0.146029$ & $-0.252558$ & $0.102614$ & $-0.043963$ & $-0.114746$ & $-0.00293788$ & $0.303452$ & $0.0351911$ & $-0.193865$ & $0.370137$ & $-0.033011$ & $0.0656965$ & $-0.0216588$ & $-0.138083$ & $0.0328408$ & $0.075854$ & $0.0238017$ & $-0.0162685$ & $-0.0217628$ & $-0.0151854$ & $-0.0324055$ & $0.0354253$ & $0.0110598$ & $-0.0119344$ & $0.00714493$ & $-0.03633$ \\
CH & $-0.0277558$ & $0.00380228$ & $0.12428$ & $0.0343517$ & $-0.000304269$ & $-0.0329499$ & $-0.32764$ & $0.316306$ & $0.304017$ & $-0.199197$ & $-0.160767$ & $0.669663$ & $1$ & $-0.21099$ & $0.0949167$ & $0.0681856$ & $-0.330279$ & $-0.367125$ & $-0.346533$ & $0.157661$ & $0.169469$ & $0.155742$ & $-0.0181386$ & $-0.362213$ & $-0.350029$ & $-0.0700409$ & $0.111203$ & $-0.0137516$ & $0.0153373$ & $0.247236$ & $0.073154$ & $-0.287504$ & $0.313795$ & $0.172313$ & $-0.0190508$ & $-0.0700703$ & $-0.129776$ & $0.0658664$ & $0.0242214$ & $-0.0175914$ & $-0.0211476$ & $-0.0207236$ & $-0.0150016$ & $-0.0425625$ & $0.0639634$ & $-0.0382141$ & $-0.00431828$ & $0.026726$ & $-0.0352191$ \\
CHL1_11 & $-0.0284999$ & $-0.0200351$ & $-0.00550876$ & $-0.0958926$ & $0.0211793$ & $-0.00098858$ & $0.0634229$ & $0.102802$ & $0.0984254$ & $0.200099$ & $-0.496515$ & $-0.283591$ & $-0.21099$ & $1$ & $0.260179$ & $0.26659$ & $0.675487$ & $0.59788$ & $0.586363$ & $0.513401$ & $0.458971$ & $0.451188$ & $-0.0362705$ & $0.465428$ & $0.620864$ & $-0.283459$ & $-0.059212$ & $0.189508$ & $-0.0280351$ & $-0.0233044$ & $-0.0025418$ & $0.0495273$ & $-0.0373092$ & $-0.187335$ & $-0.0512656$ & $-0.027154$ & $-0.00984166$ & $-0.021515$ & $-0.0214097$ & $0.0119601$ & $0.0338775$ & $0.0311026$ & $0.00945442$ & $-0.00575477$ & $-0.0214917$ & $0.0082063$ & $-0.00953038$ & $-0.0625713$ & $-0.0287613$ \\
CHL1_22 & $-0.027583$ & $-0.0342339$ & $-0.0274331$ & $0.0235186$ & $0.0107401$ & $-0.128678$ & $-0.0142511$ & $0.316204$ & $0.313924$ & $-0.166062$ & $-0.429942$ & $0.00166244$ & $0.0949167$ & $0.260179$ & $1$ & $0.448804$ & $0.176061$ & $-0.466836$ & $-0.0463878$ & $0.494091$ & $0.349435$ & $0.343584$ & $-0.169642$ & $0.0919307$ & $-0.129439$ & $-0.209605$ & $-0.358756$ & $0.15656$ & $0.00117985$ & $0.0436717$ & $-0.0186385$ & $-0.0244432$ & $0.0246448$ & $-0.562542$ & $-0.0585819$ & $-0.0520939$ & $-0.0212932$ & $0.00933375$ & $0.0154704$ & $-0.0399551$ & $-0.0106498$ & $0.0452458$ & $0.0552055$ & $0.00632442$ & $0.00837893$ & $0.048194$ & $-0.0244432$ & $-0.0559743$ & $0.0212197$ \\
CHL1_33 & $-0.0200353$ & $-0.0332269$ & $0.0140311$ & $0.00197148$ & $0.0344502$ & $-0.134008$ & $-0.0239845$ & $0.314493$ & $0.312954$ & $-0.157474$ & $-0.42829$ & $-0.0143918$ & $0.0681856$ & $0.26659$ & $0.448804$ & $1$ & $0.181837$ & $-0.0325712$ & $-0.454493$ & $0.489323$ & $0.351088$ & $0.37167$ & $-0.208044$ & $0.104438$ & $-0.126286$ & $-0.177977$ & $-0.352335$ & $0.164178$ & $-0.0100988$ & $0.0475569$ & $0.026158$ & $-0.0322549$ & $0.0191014$ & $-0.0698446$ & $-0.00163919$ & $0.00599401$ & $-0.0126364$ & $0.00362902$ & $-0.000461898$ & $-0.0185218$ & $0.0139455$ & $0.00602762$ & $0.0199511$ & $0.00559977$ & $-0.014597$ & $0.0332994$ & $-0.00839492$ & $0.00954075$ & $-0.0223262$ \\
CHL3_11 & $0.0262852$ & $-0.0207769$ & $-0.0581272$ & $-0.0819592$ & $0.0251086$ & $-0.227014$ & $0.123652$ & $-0.193969$ & $-0.191738$ & $0.361326$ & $-0.237261$ & $-0.30725$ & $-0.330279$ & $0.675487$ & $0.176061$ & $0.181837$ & $1$ & $0.715187$ & $0.707175$ & $0.254424$ & $0.205211$ & $0.201774$ & $-0.0564803$ & $0.65522$ & $0.764876$ & $-0.128667$ & $-0.142051$ & $0.113689$ & $-0.00168856$ & $-0.0414517$ & $-0.0166305$ & $0.112679$ & $-0.0739433$ & $-0.225608$ & $-0.0638755$ & $0.00988631$ & $0.00706685$ & $0.00162582$ & $0.0118316$ & $-0.00760865$ & $-0.0251337$ & $0.0475824$ & $0.0277473$ & $0.0373015$ & $-0.0785669$ & $0.01124$ & $-0.0793548$ & $-0.0461032$ & $-0.0587213$ \\
CHL3_22 & $0.0148509$ & $-0.00222271$ & $-0.0225039$ & $-0.10942$ & $0.0325527$ & $0.00579866$ & $0.102579$ & $-0.426329$ & $-0.423632$ & $0.471258$ & $0.0841068$ & $-0.261767$ & $-0.367125$ & $0.59788$ & $-0.466836$ & $-0.0325712$ & $0.715187$ & $1$ & $0.660795$ & $-0.0907887$ & $-0.0775894$ & $-0.0721654$ & $0.027945$ & $0.612064$ & $0.784563$ & $0.0413476$ & $-0.00216515$ & $-0.0192242$ & $-0.0114746$ & $-0.0742645$ & $-0.00445045$ & $0.0995855$ & $-0.090576$ & $0.0446142$ & $-0.00759883$ & $0.0290956$ & $0.00512025$ & $-0.0209767$ & $0.000281383$ & $0.0215751$ & $0.0119553$ & $0.00894373$ & $-0.0323023$ & $0.0262551$ & $-0.0497318$ & $-0.0182982$ & $-0.0364155$ & $-0.0205772$ & $-0.0684943$ \\
CHL3_33 & $0.00732638$ & $0.00788828$ & $-0.0561758$ & $-0.09461$ & $0.0160366$ & $0.0113357$ & $0.110147$ & $-0.437519$ & $-0.435846$ & $0.473474$ & $0.0971152$ & $-0.242475$ & $-0.346533$ & $0.586363$ & $-0.0463878$ & $-0.454493$ & $0.707175$ & $0.660795$ & $1$ & $-0.102242$ & $-0.0912162$ & $-0.0870487$ & $0.0604228$ & $0.607597$ & $0.790179$ & $0.0238217$ & $0.000729085$ & $-0.0360067$ & $-0.00400799$ & $-0.0710137$ & $-0.0376685$ & $0.106526$ & $-0.0815035$ & $-0.345816$ & $-0.0527642$ & $-0.0106712$ & $-0.00733748$ & $-0.00154436$ & $0.0117919$ & $0.000536075$ & $0.00700543$ & $0.0389586$ & $-0.00990058$ & $0.0277114$ & $-0.0172188$ & $-0.0127846$ & $-0.0410832$ & $-0.0636393$ & $-0.0324088$ \\
CHe_11 & $-0.0144348$ & $-0.0151013$ & $0.0138815$ & $0.0165557$ & $-0.0402291$ & $-0.249503$ & $-0.0434035$ & $0.866846$ & $0.854138$ & $-0.39917$ & $-0.991024$ & $-0.138067$ & $0.157661$ & $0.513401$ & $0.494091$ & $0.489323$ & $0.254424$ & $-0.0907887$ & $-0.102242$ & $1$ & $0.974401$ & $0.956933$ & $-0.00616648$ & $-0.274099$ & $-0.00486367$ & $-0.563678$ & $0.27076$ & $0.391378$ & $-0.0160789$ & $0.0759633$ & $0.0483415$ & $-0.0491011$ & $0.0786499$ & $0.323833$ & $-0.0423889$ & $-0.0173993$ & $0.0187967$ & $0.00962763$ & $-0.0595509$ & $0.00176844$ & $0.00568696$ & $0.013118$ & $0.0658631$ & $-0.0392695$ & $-0.0399373$ & $0.0100142$ & $0.0225612$ & $-0.0112765$ & $0.0209045$ \\
CHe_22 & $-0.00350251$ & $-0.00924343$ & $0.0247449$ & $0.0242814$ & $-0.053198$ & $-0.254409$ & $-0.0403138$ & $0.907908$ & $0.894572$ & $-0.426178$ & $-0.99194$ & $-0.150101$ & $0.169469$ & $0.458971$ & $0.349435$ & $0.351088$ & $0.205211$ & $-0.0775894$ & $-0.0912162$ & $0.974401$ & $1$ & $0.976966$ & $0.0500305$ & $-0.3786$ & $-0.0124934$ & $-0.580531$ & $0.418599$ & $0.396641$ & $-0.01842$ & $0.0766543$ & $0.0527683$ & $-0.0465308$ & $0.0858488$ & $0.481644$ & $-0.0439347$ & $-0.0107476$ & $0.0324965$ & $0.0122462$ & $-0.0696129$ & $0.0104346$ & $0.00505218$ & $0.00709942$ & $0.0668728$ & $-0.0471506$ & $-0.0460158$ & $0.000217835$ & $0.0282555$ & $0.0011176$ & $0.0254944$ \\
CHe_33 & $-0.00817003$ & $0.00403802$ & $0.00960386$ & $0.012642$ & $-0.0515015$ & $-0.247294$ & $-0.0401489$ & $0.889606$ & $0.875269$ & $-0.40883$ & $-0.973186$ & $-0.148803$ & $0.155742$ & $0.451188$ & $0.343584$ & $0.37167$ & $0.201774$ & $-0.0721654$ & $-0.0870487$ & $0.956933$ & $0.976966$ & $1$ & $0.0451552$ & $-0.36584$ & $-0.0101291$ & $-0.568937$ & $0.407878$ & $0.389608$ & $-0.020735$ & $0.0764466$ & $0.0584378$ & $-0.0455241$ & $0.0863259$ & $0.473547$ & $-0.0477145$ & $-0.0104533$ & $0.0271542$ & $0.0207453$ & $-0.0659095$ & $0.0111085$ & $0.0108498$ & $0.00670007$ & $0.0568019$ & $-0.0432165$ & $-0.0354486$ & $-0.00961661$ & $0.0196529$ & $-0.00031312$ & $0.0416828$ \\
CHQ1_11 & $-0.0152642$ & $-0.0418464$ & $0.00810261$ & $0.0129799$ & $0.00875871$ & $0.0021623$ & $0.0209215$ & $0.0603575$ & $0.0665481$ & $-0.025881$ & $-0.0204039$ & $-0.015777$ & $-0.0181386$ & $-0.0362705$ & $-0.169642$ & $-0.208044$ & $-0.0564803$ & $0.027945$ & $0.0604228$ & $-0.00616648$ & $0.0500305$ & $0.0451552$ & $1$ & $-0.129602$ & $0.0847431$ & $-0.673479$ & $0.312695$ & $0.0019586$ & $0.018238$ & $0.00996115$ & $0.0270804$ & $0.0183318$ & $0.0109516$ & $0.181579$ & $-0.0235238$ & $-0.0163109$ & $0.0402942$ & $0.0490953$ & $-0.0311146$ & $0.0482872$ & $-0.0286167$ & $-0.0143202$ & $0.0197236$ & $0.00371076$ & $-0.000746809$ & $-0.00291296$ & $0.00846014$ & $0.00477246$ & $-0.0381772$ \\
CHQ1_33 & $-0.0309478$ & $-0.0386864$ & $-0.0324877$ & $-0.0771711$ & $0.0535645$ & $0.0459582$ & $0.101372$ & $-0.667599$ & $-0.65546$ & $0.539366$ & $0.325243$ & $-0.146029$ & $-0.362213$ & $0.465428$ & $0.0919307$ & $0.104438$ & $0.65522$ & $0.612064$ & $0.607597$ & $-0.274099$ & $-0.3786$ & $-0.36584$ & $-0.129602$ & $1$ & $0.622894$ & $0.216193$ & $-0.435129$ & $-0.0441336$ & $0.011426$ & $-0.0675697$ & $-0.0425363$ & $0.0967108$ & $-0.0893369$ & $-0.631539$ & $-0.0243355$ & $-0.00418691$ & $-0.0140465$ & $-0.0239896$ & $0.0417432$ & $-0.0321944$ & $0.0102959$ & $0.0561446$ & $-0.00600007$ & $0.0638982$ & $-0.0230244$ & $0.0182359$ & $-0.0755557$ & $-0.0559991$ & $-0.0545284$ \\
CHQ3_11 & $-0.0627761$ & $-0.0299389$ & $-0.0406822$ & $-0.0702838$ & $0.0332361$ & $-0.0442287$ & $0.100677$ & $-0.368976$ & $-0.365993$ & $0.448357$ & $0.00770981$ & $-0.252558$ & $-0.350029$ & $0.620864$ & $-0.129439$ & $-0.126286$ & $0.764876$ & $0.784563$ & $0.790179$ & $-0.00486367$ & $-0.0124934$ & $-0.0101291$ & $0.0847431$ & $0.622894$ & $1$ & $0.01684$ & $0.219459$ & $0.0052874$ & $-0.0072145$ & $-0.0644072$ & $-0.0258176$ & $0.0912796$ & $-0.0893063$ & $-0.19084$ & $-0.0376575$ & $-0.033875$ & $-0.00547976$ & $-0.00276868$ & $-0.000997571$ & $0.0224251$ & $0.0156649$ & $0.0317097$ & $-0.0279859$ & $0.0748762$ & $-0.0190758$ & $-0.00820418$ & $-0.0520943$ & $-0.0468093$ & $-0.0812656$ \\
CHu_11 & $-0.00389667$ & $0.0174509$ & $-0.0060249$ & $0.0116539$ & $0.0318958$ & $0.147473$ & $0.0260604$ & $-0.522437$ & $-0.520121$ & $0.228538$ & $0.576408$ & $0.102614$ & $-0.0700409$ & $-0.283459$ & $-0.209605$ & $-0.177977$ & $-0.128667$ & $0.0413476$ & $0.0238217$ & $-0.563678$ & $-0.580531$ & $-0.568937$ & $-0.673479$ & $0.216193$ & $0.01684$ & $1$ & $-0.187503$ & $-0.222019$ & $0.000526274$ & $-0.0420532$ & $-0.0365657$ & $0.0310393$ & $-0.0481835$ & $-0.266674$ & $0.0548693$ & $-0.00433017$ & $-0.0440764$ & $-0.0514931$ & $0.0685574$ & $-0.0398456$ & $0.0260352$ & $-0.00398839$ & $-0.0932604$ & $0.0534926$ & $0.033776$ & $-0.0213772$ & $-0.0189232$ & $-0.0177051$ & $-0.017224$ \\
CHd_11 & $-0.00327224$ & $0.0055087$ & $0.0259417$ & $0.0855095$ & $-0.0545986$ & $-0.0963567$ & $-0.0196581$ & $0.457317$ & $0.451616$ & $-0.249859$ & $-0.341759$ & $-0.043963$ & $0.111203$ & $-0.059212$ & $-0.358756$ & $-0.352335$ & $-0.142051$ & $-0.00216515$ & $0.000729085$ & $0.27076$ & $0.418599$ & $0.407878$ & $0.312695$ & $-0.435129$ & $0.219459$ & $-0.187503$ & $1$ & $0.13168$ & $0.00261992$ & $0.0400018$ & $0.0411905$ & $-0.0178313$ & $0.0587972$ & $0.683214$ & $0.00299006$ & $-0.0135589$ & $0.0524431$ & $0.0247791$ & $-0.0580995$ & $0.0464254$ & $0.0197313$ & $-0.00788069$ & $-0.00198432$ & $-0.00324391$ & $-0.0195966$ & $-0.035455$ & $0.0202501$ & $0.0259369$ & $-0.0108757$ \\
CHd_33 & $0.0172335$ & $0.0236677$ & $-0.0386202$ & $-0.0105061$ & $-0.0789002$ & $-0.0964665$ & $-0.0498585$ & $0.353747$ & $0.347955$ & $-0.173537$ & $-0.398549$ & $-0.114746$ & $-0.0137516$ & $0.189508$ & $0.15656$ & $0.164178$ & $0.113689$ & $-0.0192242$ & $-0.0360067$ & $0.391378$ & $0.396641$ & $0.389608$ & $0.0019586$ & $-0.0441336$ & $0.0052874$ & $-0.222019$ & $0.13168$ & $1$ & $-0.010768$ & $0.022739$ & $0.0148869$ & $-0.0545107$ & $0.0240077$ & $0.182489$ & $-0.0270891$ & $-0.0248525$ & $-0.0200298$ & $-0.0128223$ & $0.0295889$ & $-0.0631444$ & $-0.0071838$ & $0.00911581$ & $0.0289119$ & $0.0191539$ & $1.30924e-05$ & $-0.0379778$ & $-0.00686725$ & $-0.0369947$ & $-0.00826478$ \\
CeH_22r & $-0.0214192$ & $-0.0754794$ & $-0.0132289$ & $0.01836$ & $0.014978$ & $-0.0179347$ & $0.0350034$ & $-0.00952195$ & $-0.00301112$ & $-0.027309$ & $0.016059$ & $-0.00293788$ & $0.0153373$ & $-0.0280351$ & $0.00117985$ & $-0.0100988$ & $-0.00168856$ & $-0.0114746$ & $-0.00400799$ & $-0.0160789$ & $-0.01842$ & $-0.020735$ & $0.018238$ & $0.011426$ & $-0.0072145$ & $0.000526274$ & $0.00261992$ & $-0.010768$ & $1$ & $0.013651$ & $0.017647$ & $0.012411$ & $0.0134082$ & $-0.00462392$ & $-0.032733$ & $-0.0498919$ & $-0.0308773$ & $0.0331943$ & $-0.0270614$ & $0.0040825$ & $-0.00868928$ & $-0.00114703$ & $-0.0161369$ & $0.0901494$ & $0.0442669$ & $-0.0290437$ & $-0.0111691$ & $-0.019268$ & $-0.00922326$ \\
CeH_33r & $-0.0229862$ & $0.0209845$ & $0.00867628$ & $-0.0541085$ & $-0.00789939$ & $-0.0118297$ & $-0.119803$ & $0.0989139$ & $0.111116$ & $-0.107037$ & $-0.0759249$ & $0.303452$ & $0.247236$ & $-0.0233044$ & $0.0436717$ & $0.0475569$ & $-0.0414517$ & $-0.0742645$ & $-0.0710137$ & $0.0759633$ & $0.0766543$ & $0.0764466$ & $0.00996115$ & $-0.0675697$ & $-0.0644072$ & $-0.0420532$ & $0.0400018$ & $0.022739$ & $0.013651$ & $1$ & $0.298994$ & $0.0188088$ & $0.704909$ & $0.0507836$ & $-0.0195721$ & $-0.0179638$ & $-0.129288$ & $0.0618223$ & $0.0636785$ & $0.0361365$ & $0.0014519$ & $-0.000547677$ & $-0.0305727$ & $-0.021951$ & $0.103244$ & $0.0166885$ & $-0.00928014$ & $0.0191221$ & $0.0686794$ \\
CuH_22r & $-0.0298081$ & $0.0394611$ & $0.0255201$ & $-0.0827736$ & $0.00873258$ & $-0.0181821$ & $-0.0435286$ & $0.0605104$ & $0.068108$ & $-0.0762161$ & $-0.049961$ & $0.0351911$ & $0.073154$ & $-0.0025418$ & $-0.0186385$ & $0.026158$ & $-0.0166305$ & $-0.00445045$ & $-0.0376685$ & $0.0483415$ & $0.0527683$ & $0.0584378$ & $0.0270804$ & $-0.0425363$ & $-0.0258176$ & $-0.0365657$ & $0.0411905$ & $0.0148869$ & $0.017647$ & $0.298994$ & $1$ & $0.0406261$ & $0.365235$ & $0.0711211$ & $0.00837145$ & $0.0297202$ & $-0.0658002$ & $-0.00148739$ & $-0.0725416$ & $0.0430553$ & $0.021838$ & $-0.0314616$ & $-0.0395762$ & $-0.00233841$ & $0.117243$ & $0.0369689$ & $0.25021$ & $0.0087056$ & $0.0357313$ \\
CuH_33r & $0.131012$ & $-0.00887118$ & $-0.0875604$ & $0.104516$ & $0.0643235$ & $0.0147503$ & $0.939534$ & $-0.0887033$ & $-0.0522565$ & $0.0344402$ & $0.0452856$ & $-0.193865$ & $-0.287504$ & $0.0495273$ & $-0.0244432$ & $-0.0322549$ & $0.112679$ & $0.0995855$ & $0.106526$ & $-0.0491011$ & $-0.0465308$ & $-0.0455241$ & $0.0183318$ & $0.0967108$ & $0.0912796$ & $0.0310393$ & $-0.0178313$ & $-0.0545107$ & $0.012411$ & $0.0188088$ & $0.0406261$ & $1$ & $-0.0225165$ & $-0.0399719$ & $0.041902$ & $0.147379$ & $0.115731$ & $0.0812956$ & $-0.0144363$ & $0.0576077$ & $0.115313$ & $0.0551324$ & $-0.00334472$ & $-0.0202689$ & $-0.068591$ & $0.0738405$ & $0.0808298$ & $-0.00852147$ & $0.0336266$ \\
CdH_33r & $-0.0840048$ & $0.102527$ & $-0.0296242$ & $-0.137745$ & $-0.0297249$ & $-0.0292742$ & $-0.196318$ & $0.11724$ & $0.128954$ & $-0.142379$ & $-0.0801096$ & $0.370137$ & $0.313795$ & $-0.0373092$ & $0.0246448$ & $0.0191014$ & $-0.0739433$ & $-0.090576$ & $-0.0815035$ & $0.0786499$ & $0.0858488$ & $0.0863259$ & $0.0109516$ & $-0.0893369$ & $-0.0893063$ & $-0.0481835$ & $0.0587972$ & $0.0240077$ & $0.0134082$ & $0.704909$ & $0.365235$ & $-0.0225165$ & $1$ & $0.0797625$ & $-0.0445082$ & $-0.0500188$ & $-0.156156$ & $-0.00139522$ & $0.0543416$ & $-0.00888859$ & $-0.0859087$ & $-0.0381669$ & $-0.0538416$ & $-0.106291$ & $0.160234$ & $-0.0139029$ & $-0.0172121$ & $0.108831$ & $0.331995$ \\
CLL_1221 & $0.0370491$ & $0.0425551$ & $0.0448785$ & $0.0404985$ & $-0.0673847$ & $-0.144447$ & $-0.0464767$ & $0.579455$ & $0.570645$ & $-0.35891$ & $-0.400693$ & $-0.033011$ & $0.172313$ & $-0.187335$ & $-0.562542$ & $-0.0698446$ & $-0.225608$ & $0.0446142$ & $-0.345816$ & $0.323833$ & $0.481644$ & $0.473547$ & $0.181579$ & $-0.631539$ & $-0.19084$ & $-0.266674$ & $0.683214$ & $0.182489$ & $-0.00462392$ & $0.0507836$ & $0.0711211$ & $-0.0399719$ & $0.0797625$ & $1$ & $0.0233608$ & $0.0449613$ & $0.0491925$ & $0.0135043$ & $-0.0617514$ & $0.0383149$ & $-0.00822303$ & $-0.04001$ & $0.011043$ & $-0.0543119$ & $-0.0421742$ & $-0.0423596$ & $0.0379414$ & $0.0762326$ & $0.0280056$ \\
eHggint & $0.0698571$ & $0.0778866$ & $-0.128636$ & $0.12302$ & $-0.00348786$ & $0.0885845$ & $-0.0231187$ & $-0.022473$ & $-0.0362879$ & $0.0114281$ & $0.0461088$ & $0.0656965$ & $-0.0190508$ & $-0.0512656$ & $-0.0585819$ & $-0.00163919$ & $-0.0638755$ & $-0.00759883$ & $-0.0527642$ & $-0.0423889$ & $-0.0439347$ & $-0.0477145$ & $-0.0235238$ & $-0.0243355$ & $-0.0376575$ & $0.0548693$ & $0.00299006$ & $-0.0270891$ & $-0.032733$ & $-0.0195721$ & $0.00837145$ & $0.041902$ & $-0.0445082$ & $0.0233608$ & $1$ & $0.273326$ & $0.00458445$ & $0.0545792$ & $-0.107223$ & $0.0199235$ & $0.23599$ & $-0.0295896$ & $-0.0442988$ & $-0.111352$ & $-0.198206$ & $0.0723392$ & $0.15583$ & $0.042346$ & $-0.101182$ \\
eHggpar & $0.308995$ & $0.177846$ & $-0.184116$ & $0.131455$ & $-0.0255889$ & $-0.00716526$ & $0.090824$ & $-0.0149419$ & $-0.0164834$ & $0.0148693$ & $0.014726$ & $-0.0216588$ & $-0.0700703$ & $-0.027154$ & $-0.0520939$ & $0.00599401$ & $0.00988631$ & $0.0290956$ & $-0.0106712$ & $-0.0173993$ & $-0.0107476$ & $-0.0104533$ & $-0.0163109$ & $-0.00418691$ & $-0.033875$ & $-0.00433017$ & $-0.0135589$ & $-0.0248525$ & $-0.0498919$ & $-0.0179638$ & $0.0297202$ & $0.147379$ & $-0.0500188$ & $0.0449613$ & $0.273326$ & $1$ & $0.220622$ & $0.00545094$ & $-0.10642$ & $-0.00335052$ & $0.0385784$ & $0.030966$ & $0.0457557$ & $-0.167654$ & $-0.349866$ & $-0.0249792$ & $0.201823$ & $0.282983$ & $-0.0608543$ \\
eHWWint & $0.170578$ & $-0.241547$ & $0.0888368$ & $0.319809$ & $0.0445174$ & $-0.00834915$ & $0.134933$ & $0.0350712$ & $0.0412032$ & $-0.0656397$ & $-0.0277823$ & $-0.138083$ & $-0.129776$ & $-0.00984166$ & $-0.0212932$ & $-0.0126364$ & $0.00706685$ & $0.00512025$ & $-0.00733748$ & $0.0187967$ & $0.0324965$ & $0.0271542$ & $0.0402942$ & $-0.0140465$ & $-0.00547976$ & $-0.0440764$ & $0.0524431$ & $-0.0200298$ & $-0.0308773$ & $-0.129288$ & $-0.0658002$ & $0.115731$ & $-0.156156$ & $0.0491925$ & $0.00458445$ & $0.220622$ & $1$ & $-0.0707653$ & $-0.107854$ & $0.0754086$ & $-0.132034$ & $0.00915912$ & $0.189356$ & $0.0891813$ & $-0.409142$ & $0.0570383$ & $0.0137595$ & $-0.144009$ & $0.0989308$ \\
eHWWpar & $0.0876923$ & $0.0991582$ & $-0.0618326$ & $0.0532634$ & $-0.0207596$ & $-0.0078483$ & $0.079526$ & $0.0156731$ & $0.0202332$ & $-0.0424458$ & $-0.0108148$ & $0.0328408$ & $0.0658664$ & $-0.021515$ & $0.00933375$ & $0.00362902$ & $0.00162582$ & $-0.0209767$ & $-0.00154436$ & $0.00962763$ & $0.0122462$ & $0.0207453$ & $0.0490953$ & $-0.0239896$ & $-0.00276868$ & $-0.0514931$ & $0.0247791$ & $-0.0128223$ & $0.0331943$ & $0.0618223$ & $-0.00148739$ & $0.0812956$ & $-0.00139522$ & $0.0135043$ & $0.0545792$ & $0.00545094$ & $-0.0707653$ & $1$ & $0.0891133$ & $0.00277589$ & $0.0989153$ & $0.0272789$ & $0.0115459$ & $-0.0428111$ & $0.0381964$ & $0.0359579$ & $-0.0239917$ & $0.0679359$ & $-0.0576548$ \\
eHZZint & $0.126444$ & $0.187316$ & $-0.0281325$ & $0.188337$ & $0.0625943$ & $0.0190707$ & $-0.0122234$ & $-0.0722348$ & $-0.0690452$ & $0.0473969$ & $0.0666564$ & $0.075854$ & $0.0242214$ & $-0.0214097$ & $0.0154704$ & $-0.000461898$ & $0.0118316$ & $0.000281383$ & $0.0117919$ & $-0.0595509$ & $-0.0696129$ & $-0.0659095$ & $-0.0311146$ & $0.0417432$ & $-0.000997571$ & $0.0685574$ & $-0.0580995$ & $0.0295889$ & $-0.0270614$ & $0.0636785$ & $-0.0725416$ & $-0.0144363$ & $0.0543416$ & $-0.0617514$ & $-0.107223$ & $-0.10642$ & $-0.107854$ & $0.0891133$ & $1$ & $0.089286$ & $-0.111689$ & $0.00352344$ & $-0.0357447$ & $0.0519924$ & $-0.111636$ & $0.0766313$ & $-0.286811$ & $-0.208422$ & $0.0304059$ \\
eHZZpar & $0.0448206$ & $-0.0225502$ & $-0.0345744$ & $0.107831$ & $-0.0334538$ & $0.0212381$ & $0.0581065$ & $0.0101254$ & $0.0170289$ & $0.00773095$ & $-0.00737392$ & $0.0238017$ & $-0.0175914$ & $0.0119601$ & $-0.0399551$ & $-0.0185218$ & $-0.00760865$ & $0.0215751$ & $0.000536075$ & $0.00176844$ & $0.0104346$ & $0.0111085$ & $0.0482872$ & $-0.0321944$ & $0.0224251$ & $-0.0398456$ & $0.0464254$ & $-0.0631444$ & $0.0040825$ & $0.0361365$ & $0.0430553$ & $0.0576077$ & $-0.00888859$ & $0.0383149$ & $0.0199235$ & $-0.00335052$ & $0.0754086$ & $0.00277589$ & $0.089286$ & $1$ & $0.0394826$ & $0.00352586$ & $-0.0552134$ & $0.039315$ & $-0.0569562$ & $0.0768385$ & $-0.0332114$ & $0.0312271$ & $-0.0464785$ \\
eHZgaint & $0.0593364$ & $-0.016777$ & $0.0840421$ & $0.219635$ & $-0.0275963$ & $0.0301724$ & $0.0873$ & $0.00156446$ & $-0.0065873$ & $0.00122969$ & $-0.00350203$ & $-0.0162685$ & $-0.0211476$ & $0.0338775$ & $-0.0106498$ & $0.0139455$ & $-0.0251337$ & $0.0119553$ & $0.00700543$ & $0.00568696$ & $0.00505218$ & $0.0108498$ & $-0.0286167$ & $0.0102959$ & $0.0156649$ & $0.0260352$ & $0.0197313$ & $-0.0071838$ & $-0.00868928$ & $0.0014519$ & $0.021838$ & $0.115313$ & $-0.0859087$ & $-0.00822303$ & $0.23599$ & $0.0385784$ & $-0.132034$ & $0.0989153$ & $-0.111689$ & $0.0394826$ & $1$ & $0.025908$ & $-0.262041$ & $-0.163458$ & $0.187985$ & $-0.0755058$ & $0.247746$ & $0.0212042$ & $-0.197243$ \\
eHZgapar & $0.0608538$ & $0.0749234$ & $-0.00671666$ & $-0.017841$ & $-0.043016$ & $-0.0173958$ & $0.0692048$ & $-0.0113529$ & $-0.0166545$ & $0.0216699$ & $-0.0106201$ & $-0.0217628$ & $-0.0207236$ & $0.0311026$ & $0.0452458$ & $0.00602762$ & $0.0475824$ & $0.00894373$ & $0.0389586$ & $0.013118$ & $0.00709942$ & $0.00670007$ & $-0.0143202$ & $0.0561446$ & $0.0317097$ & $-0.00398839$ & $-0.00788069$ & $0.00911581$ & $-0.00114703$ & $-0.000547677$ & $-0.0314616$ & $0.0551324$ & $-0.0381669$ & $-0.04001$ & $-0.0295896$ & $0.030966$ & $0.00915912$ & $0.0272789$ & $0.00352344$ & $0.00352586$ & $0.025908$ & $1$ & $-0.0686905$ & $-0.0454801$ & $0.00771427$ & $-0.0428555$ & $-0.0493126$ & $0.0119042$ & $-0.0581103$ \\
eHgagaint & $0.0949361$ & $-0.0772035$ & $0.0174808$ & $0.172153$ & $-0.0521667$ & $-0.0019781$ & $0.0230361$ & $0.0622096$ & $0.112683$ & $-0.017733$ & $-0.0676414$ & $-0.0151854$ & $-0.0150016$ & $0.00945442$ & $0.0552055$ & $0.0199511$ & $0.0277473$ & $-0.0323023$ & $-0.00990058$ & $0.0658631$ & $0.0668728$ & $0.0568019$ & $0.0197236$ & $-0.00600007$ & $-0.0279859$ & $-0.0932604$ & $-0.00198432$ & $0.0289119$ & $-0.0161369$ & $-0.0305727$ & $-0.0395762$ & $-0.00334472$ & $-0.0538416$ & $0.011043$ & $-0.0442988$ & $0.0457557$ & $0.189356$ & $0.0115459$ & $-0.0357447$ & $-0.0552134$ & $-0.262041$ & $-0.0686905$ & $1$ & $-0.0230273$ & $-0.274585$ & $0.254506$ & $-0.0196043$ & $0.160564$ & $-0.0634225$ \\
eHmumuint & $-0.283929$ & $-0.327738$ & $-0.0581147$ & $-0.109487$ & $0.048719$ & $-0.00140553$ & $0.00590899$ & $-0.0534772$ & $-0.0529626$ & $0.00937361$ & $0.0418583$ & $-0.0324055$ & $-0.0425625$ & $-0.00575477$ & $0.00632442$ & $0.00559977$ & $0.0373015$ & $0.0262551$ & $0.0277114$ & $-0.0392695$ & $-0.0471506$ & $-0.0432165$ & $0.00371076$ & $0.0638982$ & $0.0748762$ & $0.0534926$ & $-0.00324391$ & $0.0191539$ & $0.0901494$ & $-0.021951$ & $-0.00233841$ & $-0.0202689$ & $-0.106291$ & $-0.0543119$ & $-0.111352$ & $-0.167654$ & $0.0891813$ & $-0.0428111$ & $0.0519924$ & $0.039315$ & $-0.163458$ & $-0.0454801$ & $-0.0230273$ & $1$ & $0.150884$ & $0.0825037$ & $-0.131114$ & $-0.31073$ & $-0.152719$ \\
eHtautauint & $-0.262825$ & $0.137107$ & $0.16983$ & $-0.340815$ & $-0.0189503$ & $-0.00750783$ & $-0.0602387$ & $-0.0235453$ & $-0.0337655$ & $0.0132968$ & $0.0469944$ & $0.0354253$ & $0.0639634$ & $-0.0214917$ & $0.00837893$ & $-0.014597$ & $-0.0785669$ & $-0.0497318$ & $-0.0172188$ & $-0.0399373$ & $-0.0460158$ & $-0.0354486$ & $-0.000746809$ & $-0.0230244$ & $-0.0190758$ & $0.033776$ & $-0.0195966$ & $1.30924e-05$ & $0.0442669$ & $0.103244$ & $0.117243$ & $-0.068591$ & $0.160234$ & $-0.0421742$ & $-0.198206$ & $-0.349866$ & $-0.409142$ & $0.0381964$ & $-0.111636$ & $-0.0569562$ & $0.187985$ & $0.00771427$ & $-0.274585$ & $0.150884$ & $1$ & $0.124365$ & $0.130234$ & $-0.0203788$ & $0.255505$ \\
eHccint & $0.086164$ & $0.0216799$ & $0.140029$ & $0.10053$ & $0.0355295$ & $0.0600959$ & $0.0777$ & $-0.0032502$ & $0.0205448$ & $0.0257954$ & $-0.00397816$ & $0.0110598$ & $-0.0382141$ & $0.0082063$ & $0.048194$ & $0.0332994$ & $0.01124$ & $-0.0182982$ & $-0.0127846$ & $0.0100142$ & $0.000217835$ & $-0.00961661$ & $-0.00291296$ & $0.0182359$ & $-0.00820418$ & $-0.0213772$ & $-0.035455$ & $-0.0379778$ & $-0.0290437$ & $0.0166885$ & $0.0369689$ & $0.0738405$ & $-0.0139029$ & $-0.0423596$ & $0.0723392$ & $-0.0249792$ & $0.0570383$ & $0.0359579$ & $0.0766313$ & $0.0768385$ & $-0.0755058$ & $-0.0428555$ & $0.254506$ & $0.0825037$ & $0.124365$ & $1$ & $0.0247254$ & $-0.123801$ & $0.0985035$ \\
eHccpar & $-0.0551926$ & $-0.0755248$ & $0.174438$ & $-0.00879174$ & $-0.0661375$ & $0.0213024$ & $0.0578807$ & $0.0502047$ & $0.0498659$ & $-0.0351779$ & $-0.023728$ & $-0.0119344$ & $-0.00431828$ & $-0.00953038$ & $-0.0244432$ & $-0.00839492$ & $-0.0793548$ & $-0.0364155$ & $-0.0410832$ & $0.0225612$ & $0.0282555$ & $0.0196529$ & $0.00846014$ & $-0.0755557$ & $-0.0520943$ & $-0.0189232$ & $0.0202501$ & $-0.00686725$ & $-0.0111691$ & $-0.00928014$ & $0.25021$ & $0.0808298$ & $-0.0172121$ & $0.0379414$ & $0.15583$ & $0.201823$ & $0.0137595$ & $-0.0239917$ & $-0.286811$ & $-0.0332114$ & $0.247746$ & $-0.0493126$ & $-0.0196043$ & $-0.131114$ & $0.130234$ & $0.0247254$ & $1$ & $0.0297023$ & $0.0114741$ \\
eHbbint & $-0.0296287$ & $0.211433$ & $0.134165$ & $0.0474029$ & $-0.0747568$ & $-0.0357116$ & $-0.0297654$ & $0.020173$ & $0.0242766$ & $-0.029809$ & $0.00879868$ & $0.00714493$ & $0.026726$ & $-0.0625713$ & $-0.0559743$ & $0.00954075$ & $-0.0461032$ & $-0.0205772$ & $-0.0636393$ & $-0.0112765$ & $0.0011176$ & $-0.00031312$ & $0.00477246$ & $-0.0559991$ & $-0.0468093$ & $-0.0177051$ & $0.0259369$ & $-0.0369947$ & $-0.019268$ & $0.0191221$ & $0.0087056$ & $-0.00852147$ & $0.108831$ & $0.0762326$ & $0.042346$ & $0.282983$ & $-0.144009$ & $0.0679359$ & $-0.208422$ & $0.0312271$ & $0.0212042$ & $0.0119042$ & $0.160564$ & $-0.31073$ & $-0.0203788$ & $-0.123801$ & $0.0297023$ & $1$ & $0.0636451$ \\
eHbbpar & $-0.0879788$ & $0.136206$ & $-0.135059$ & $-0.219931$ & $-0.0236325$ & $-0.0146665$ & $0.0290528$ & $0.0501305$ & $0.0447441$ & $-0.0673679$ & $-0.0226596$ & $-0.03633$ & $-0.0352191$ & $-0.0287613$ & $0.0212197$ & $-0.0223262$ & $-0.0587213$ & $-0.0684943$ & $-0.0324088$ & $0.0209045$ & $0.0254944$ & $0.0416828$ & $-0.0381772$ & $-0.0545284$ & $-0.0812656$ & $-0.017224$ & $-0.0108757$ & $-0.00826478$ & $-0.00922326$ & $0.0686794$ & $0.0357313$ & $0.0336266$ & $0.331995$ & $0.0280056$ & $-0.101182$ & $-0.0608543$ & $0.0989308$ & $-0.0576548$ & $0.0304059$ & $-0.0464785$ & $-0.197243$ & $-0.0581103$ & $-0.0634225$ & $-0.152719$ & $0.255505$ & $0.0985035$ & $0.0114741$ & $0.0636451$ & $1$ \\
