 & AlsMz & dAle5Mz & mtop & mHl & Mz & CW & CHG & CHWB & CHWHB_gaga & CHWHB_gagaorth & CHD & CHbox & CH & CHL1_11 & CHL1_22 & CHL1_33 & CHL3_11 & CHL3_22 & CHL3_33 & CHe_11 & CHe_22 & CHe_33 & CHQ1_11 & CHQ1_33 & CHQ3_11 & CHu_11 & CHd_11 & CHd_33 & CeH_22r & CeH_33r & CuH_22r & CuH_33r & CdH_33r & CLL_1221 & eHggint & eHggpar & eHWWint & eHWWpar & eHZZint & eHZZpar & eHZgaint & eHZgapar & eHgagaint & eHmumuint & eHtautauint & eHccint & eHccpar & eHbbint & eHbbpar \\
AlsMz & $1$ & $-0.0725789$ & $-0.0342937$ & $-0.30932$ & $0.0181708$ & $0.0410644$ & $-0.0147061$ & $-0.0235826$ & $-0.024227$ & $0.0117069$ & $0.0213521$ & $0.0380396$ & $0.0256121$ & $0.00738613$ & $-0.00553127$ & $-0.0270933$ & $-0.0200221$ & $-0.00120179$ & $0.0158325$ & $-0.0259713$ & $-0.0258705$ & $-0.031563$ & $-0.0194893$ & $-0.0258228$ & $-0.0701528$ & $-0.00950251$ & $-0.0458391$ & $0.00745811$ & $-0.0110539$ & $0.0241464$ & $-0.0011395$ & $0.00485982$ & $-0.000535908$ & $-0.0328452$ & $0.160585$ & $0.116$ & $-0.140513$ & $0.0139851$ & $-0.0125953$ & $-0.0404977$ & $0.0280014$ & $-0.00754893$ & $0.0873625$ & $-0.0143195$ & $-0.0430642$ & $-0.240366$ & $0.0998453$ & $-0.0169116$ & $-0.0469109$ \\
dAle5Mz & $-0.0725789$ & $1$ & $0.119702$ & $-0.201033$ & $0.00250805$ & $0.0182804$ & $0.0473432$ & $-0.0492895$ & $-0.0377932$ & $0.0295609$ & $0.0479447$ & $0.00983682$ & $-0.00846734$ & $-0.0380255$ & $-0.0651427$ & $-0.0284399$ & $0.00126251$ & $0.025822$ & $0.00959095$ & $-0.0321152$ & $-0.0213234$ & $-0.0160166$ & $-0.0373926$ & $-0.0155695$ & $0.0372113$ & $0.0661764$ & $0.0557904$ & $-0.0316947$ & $-0.0194612$ & $-0.0174975$ & $-0.0341377$ & $0.0194904$ & $0.0534994$ & $0.0635328$ & $-0.0868752$ & $-0.217006$ & $0.225102$ & $-0.0173488$ & $0.102201$ & $0.0348823$ & $0.108954$ & $-0.0132053$ & $0.122428$ & $-0.00316194$ & $-0.0655892$ & $0.0391616$ & $-0.121642$ & $0.0505218$ & $0.237954$ \\
mtop & $-0.0342937$ & $0.119702$ & $1$ & $-0.0443109$ & $0.0387428$ & $0.0384946$ & $-0.100707$ & $-0.00621067$ & $-0.00552053$ & $0.00716938$ & $-0.0026174$ & $0.022046$ & $0.0169459$ & $0.0415511$ & $-0.0383649$ & $0.0205855$ & $0.0081486$ & $0.0507571$ & $0.00674863$ & $0.00996499$ & $0.0103486$ & $0.00574043$ & $-0.0287849$ & $0.0200843$ & $0.0256994$ & $0.0123763$ & $0.00367041$ & $0.0249554$ & $0.0281189$ & $0.0299458$ & $-0.0166147$ & $-0.106019$ & $-0.0349264$ & $0.0251994$ & $0.177871$ & $-0.135055$ & $-0.0032179$ & $-0.0116534$ & $-0.203791$ & $-0.0934984$ & $0.0216395$ & $0.039966$ & $0.117247$ & $-0.278903$ & $0.0851995$ & $-0.0328974$ & $-0.0668588$ & $0.12814$ & $-0.174327$ \\
mHl & $-0.30932$ & $-0.201033$ & $-0.0443109$ & $1$ & $-0.0388766$ & $-0.046215$ & $0.0122999$ & $0.00127932$ & $0.00562369$ & $-0.00926742$ & $-0.0159421$ & $-0.0250075$ & $-0.00484684$ & $0.00886838$ & $0.041974$ & $0.011985$ & $0.047686$ & $0.00397451$ & $0.0212933$ & $0.0156969$ & $0.00736757$ & $0.00813503$ & $0.0559999$ & $0.0286842$ & $0.0385196$ & $-0.0559944$ & $-0.0200102$ & $0.00956647$ & $0.00559264$ & $-0.0325341$ & $-0.0338081$ & $0.00851213$ & $-0.00920918$ & $-0.0319259$ & $-0.125854$ & $0.0481184$ & $0.163865$ & $-0.00612784$ & $0.106615$ & $-0.00235788$ & $0.158699$ & $0.0610768$ & $0.0512616$ & $0.118736$ & $0.0515805$ & $0.0872992$ & $-0.199637$ & $-0.0707023$ & $0.0551733$ \\
Mz & $0.0181708$ & $0.00250805$ & $0.0387428$ & $-0.0388766$ & $1$ & $0.0170149$ & $0.00937152$ & $0.0333745$ & $0.0316328$ & $-0.00174531$ & $-0.0205984$ & $0.00694347$ & $0.0113418$ & $0.00515628$ & $0.00668813$ & $0.0176885$ & $-0.00431361$ & $-0.0115378$ & $-0.0202025$ & $0.0251467$ & $0.0297791$ & $0.0348681$ & $0.021107$ & $-0.0274555$ & $0.00102729$ & $-0.0253662$ & $0.0352838$ & $-0.00812537$ & $-0.0350663$ & $-0.014992$ & $-0.00834371$ & $0.0241451$ & $0.0102171$ & $0.0251982$ & $0.0496325$ & $-0.024158$ & $0.00879382$ & $-0.0106015$ & $-0.0330429$ & $-0.023491$ & $0.0031531$ & $-0.00852315$ & $-0.00648048$ & $0.00229293$ & $-0.0218725$ & $-0.00525819$ & $0.0324502$ & $0.0244875$ & $0.0316461$ \\
CW & $0.0410644$ & $0.0182804$ & $0.0384946$ & $-0.046215$ & $0.0170149$ & $1$ & $-0.00216358$ & $-0.118062$ & $-0.113436$ & $-0.0139867$ & $0.192102$ & $0.0229158$ & $0.00390711$ & $0.00234595$ & $-0.0814807$ & $-0.116851$ & $-0.276877$ & $-0.0756485$ & $-0.0470685$ & $-0.192376$ & $-0.192888$ & $-0.186773$ & $-0.0178495$ & $-0.0238884$ & $-0.104827$ & $0.124766$ & $-0.0572827$ & $-0.0901634$ & $0.0313227$ & $-0.00438819$ & $0.00172631$ & $-0.000692484$ & $-0.00667058$ & $-0.122845$ & $0.0218662$ & $-0.000189385$ & $-0.00458631$ & $-0.0231791$ & $-0.0776813$ & $-0.0151306$ & $-0.0178603$ & $-0.0188049$ & $0.0282236$ & $-0.0121348$ & $-0.0223055$ & $-0.0276204$ & $-0.0251819$ & $-0.00639566$ & $-0.00175221$ \\
CHG & $-0.0147061$ & $0.0473432$ & $-0.100707$ & $0.0122999$ & $0.00937152$ & $-0.00216358$ & $1$ & $-0.116217$ & $-0.0668185$ & $0.0772528$ & $0.0711073$ & $-0.270626$ & $-0.313706$ & $0.0490794$ & $-0.0400706$ & $-0.0306208$ & $0.0905853$ & $0.106237$ & $0.101474$ & $-0.0712803$ & $-0.0736326$ & $-0.0659108$ & $-0.00112994$ & $0.111713$ & $0.0932387$ & $0.0319668$ & $-0.0448633$ & $-0.0502189$ & $0.00525923$ & $-0.144368$ & $-0.100384$ & $0.933947$ & $-0.201266$ & $-0.0562377$ & $-0.0923777$ & $-0.0463994$ & $0.0700796$ & $-0.00297739$ & $0.0444462$ & $0.0487039$ & $-0.0180751$ & $0.000141898$ & $-0.0179763$ & $0.0891646$ & $-0.0181271$ & $0.013147$ & $0.0163648$ & $-0.0112056$ & $-0.0750866$ \\
CHWB & $-0.0235826$ & $-0.0492895$ & $-0.00621067$ & $0.00127932$ & $0.0333745$ & $-0.118062$ & $-0.116217$ & $1$ & $0.983698$ & $-0.566117$ & $-0.869428$ & $0.154729$ & $0.359474$ & $0.0760055$ & $0.313711$ & $0.277778$ & $-0.266569$ & $-0.456307$ & $-0.438563$ & $0.840465$ & $0.887896$ & $0.872894$ & $0.0452038$ & $-0.674166$ & $-0.408495$ & $-0.494819$ & $0.417224$ & $0.289092$ & $0.0015445$ & $0.108567$ & $0.0573468$ & $-0.107254$ & $0.121847$ & $0.550902$ & $0.0197164$ & $-0.0125598$ & $0.000938954$ & $0.00633648$ & $-0.00758565$ & $-0.0104081$ & $-0.00836187$ & $-0.0339842$ & $-0.0435684$ & $-0.013814$ & $-0.000954164$ & $0.0337207$ & $0.0433298$ & $0.00157151$ & $0.0232657$ \\
CHWHB_gaga & $-0.024227$ & $-0.0377932$ & $-0.00552053$ & $0.00562369$ & $0.0316328$ & $-0.113436$ & $-0.0668185$ & $0.983698$ & $1$ & $-0.548652$ & $-0.85282$ & $0.170143$ & $0.354299$ & $0.0695348$ & $0.310864$ & $0.276932$ & $-0.266956$ & $-0.454418$ & $-0.438247$ & $0.824863$ & $0.870735$ & $0.8571$ & $0.0405413$ & $-0.66522$ & $-0.407094$ & $-0.481341$ & $0.408591$ & $0.280877$ & $0.0126756$ & $0.133571$ & $0.0670228$ & $-0.0646107$ & $0.151433$ & $0.54106$ & $0.0133664$ & $-0.0219462$ & $0.00697871$ & $0.00706224$ & $-0.0113918$ & $-0.0173427$ & $-0.00998878$ & $-0.0282204$ & $0.00567478$ & $-0.00395864$ & $-0.00229227$ & $0.0388055$ & $0.0380252$ & $0.00353612$ & $0.0355629$ \\
CHWHB_gagaorth & $0.0117069$ & $0.0295609$ & $0.00716938$ & $-0.00926742$ & $-0.00174531$ & $-0.0139867$ & $0.0772528$ & $-0.566117$ & $-0.548652$ & $1$ & $0.332562$ & $0.129732$ & $-0.256627$ & $0.251247$ & $-0.123908$ & $-0.101203$ & $0.46326$ & $0.507953$ & $0.499265$ & $-0.317372$ & $-0.351353$ & $-0.342174$ & $-0.0400361$ & $0.566258$ & $0.481641$ & $0.200365$ & $-0.242265$ & $-0.116432$ & $-0.0179224$ & $-0.137428$ & $-0.0941257$ & $0.0799265$ & $-0.134803$ & $-0.341742$ & $-0.00750503$ & $-0.060692$ & $0.0426636$ & $-0.0124906$ & $0.0182449$ & $-0.0431773$ & $-0.0153783$ & $0.0247894$ & $0.0598507$ & $0.0171152$ & $0.00741234$ & $0.0101872$ & $0.0163219$ & $0.0158553$ & $0.0308815$ \\
CHD & $0.0213521$ & $0.0479447$ & $-0.0026174$ & $-0.0159421$ & $-0.0205984$ & $0.192102$ & $0.0711073$ & $-0.869428$ & $-0.85282$ & $0.332562$ & $1$ & $0.0162211$ & $-0.169234$ & $-0.50835$ & $-0.43517$ & $-0.404036$ & $-0.210295$ & $0.0667842$ & $0.0548835$ & $-0.990385$ & $-0.990712$ & $-0.969318$ & $-0.000785281$ & $0.292379$ & $0.00633386$ & $0.565342$ & $-0.282767$ & $-0.31809$ & $0.0120791$ & $-0.0629359$ & $-0.0281945$ & $0.0751798$ & $-0.0695604$ & $-0.350482$ & $-0.00354927$ & $0.0286076$ & $-0.0128698$ & $-0.00886135$ & $-0.00936598$ & $0.0117311$ & $0.0109296$ & $0.0297098$ & $0.023258$ & $0.00902295$ & $0.00744286$ & $-0.0527699$ & $-0.064268$ & $0.0033577$ & $-0.00665385$ \\
CHbox & $0.0380396$ & $0.00983682$ & $0.022046$ & $-0.0250075$ & $0.00694347$ & $0.0229158$ & $-0.270626$ & $0.154729$ & $0.170143$ & $0.129732$ & $0.0162211$ & $1$ & $0.840028$ & $-0.292588$ & $0.0456823$ & $0.0525038$ & $-0.331417$ & $-0.335755$ & $-0.339694$ & $-0.00812771$ & $-0.0125788$ & $-0.00222017$ & $-0.00426423$ & $-0.263019$ & $-0.336016$ & $0.0251529$ & $0.0202848$ & $0.00265221$ & $0.0409638$ & $0.317646$ & $0.105563$ & $-0.188016$ & $0.422674$ & $0.0808869$ & $0.0586841$ & $-0.010368$ & $-0.000643668$ & $-0.00114727$ & $0.000908375$ & $-0.0483435$ & $0.0415972$ & $-0.0194143$ & $0.0400932$ & $-0.0107011$ & $-0.00287772$ & $-0.0085117$ & $0.00336727$ & $0.0244891$ & $0.0760468$ \\
CH & $0.0256121$ & $-0.00846734$ & $0.0169459$ & $-0.00484684$ & $0.0113418$ & $0.00390711$ & $-0.313706$ & $0.359474$ & $0.354299$ & $-0.256627$ & $-0.169234$ & $0.840028$ & $1$ & $-0.24984$ & $0.087978$ & $0.0780855$ & $-0.369071$ & $-0.403183$ & $-0.398788$ & $0.163674$ & $0.180476$ & $0.181954$ & $0.0131085$ & $-0.399828$ & $-0.39052$ & $-0.086114$ & $0.132456$ & $0.0631492$ & $0.0291657$ & $0.261048$ & $0.112544$ & $-0.260427$ & $0.348282$ & $0.211102$ & $0.0345871$ & $0.00796408$ & $-0.00464042$ & $0.00704881$ & $0.00959739$ & $-0.0236376$ & $0.0355291$ & $-0.0259405$ & $0.00863087$ & $-0.0190669$ & $-0.0153293$ & $0.00624457$ & $0.00480258$ & $0.0125744$ & $0.0519596$ \\
CHL1_11 & $0.00738613$ & $-0.0380255$ & $0.0415511$ & $0.00886838$ & $0.00515628$ & $0.00234595$ & $0.0490794$ & $0.0760055$ & $0.0695348$ & $0.251247$ & $-0.50835$ & $-0.292588$ & $-0.24984$ & $1$ & $0.252949$ & $0.23865$ & $0.663377$ & $0.613382$ & $0.617576$ & $0.524158$ & $0.469042$ & $0.448664$ & $-0.0641618$ & $0.481901$ & $0.613937$ & $-0.282487$ & $-0.0941991$ & $0.145565$ & $-0.014316$ & $-0.0519395$ & $-0.0413263$ & $0.0263577$ & $-0.066759$ & $-0.216527$ & $-0.0207977$ & $-0.0258745$ & $0.0221249$ & $-0.00590988$ & $0.0011178$ & $-0.00747401$ & $-0.0156865$ & $-0.00698943$ & $0.0312861$ & $0.00443192$ & $-0.0158609$ & $0.0245902$ & $0.0443015$ & $-0.0087243$ & $-0.0247361$ \\
CHL1_22 & $-0.00553127$ & $-0.0651427$ & $-0.0383649$ & $0.041974$ & $0.00668813$ & $-0.0814807$ & $-0.0400706$ & $0.313711$ & $0.310864$ & $-0.123908$ & $-0.43517$ & $0.0456823$ & $0.087978$ & $0.252949$ & $1$ & $0.463276$ & $0.160172$ & $-0.438717$ & $-0.0561009$ & $0.498311$ & $0.348772$ & $0.342965$ & $-0.162414$ & $0.0785283$ & $-0.137973$ & $-0.230812$ & $-0.396765$ & $0.106474$ & $-0.00785349$ & $0.0293571$ & $0.0334638$ & $-0.0387185$ & $0.0304143$ & $-0.587238$ & $-0.00755014$ & $0.0247179$ & $0.00326858$ & $-0.0174336$ & $0.0504396$ & $0.0265782$ & $0.0186582$ & $-0.0149003$ & $0.0141268$ & $-0.0151315$ & $-0.0224941$ & $0.0317373$ & $0.0296741$ & $-0.00927854$ & $-0.030842$ \\
CHL1_33 & $-0.0270933$ & $-0.0284399$ & $0.0205855$ & $0.011985$ & $0.0176885$ & $-0.116851$ & $-0.0306208$ & $0.277778$ & $0.276932$ & $-0.101203$ & $-0.404036$ & $0.0525038$ & $0.0780855$ & $0.23865$ & $0.463276$ & $1$ & $0.178515$ & $-0.0311961$ & $-0.427526$ & $0.470885$ & $0.320872$ & $0.340054$ & $-0.145063$ & $0.120634$ & $-0.115402$ & $-0.217311$ & $-0.393419$ & $0.0901697$ & $-0.0191312$ & $0.0475578$ & $0.0178747$ & $-0.0219381$ & $0.0393067$ & $-0.118823$ & $0.0271677$ & $-0.0285193$ & $-0.0227116$ & $0.00771111$ & $0.0299616$ & $-0.0156288$ & $-0.0197231$ & $0.016889$ & $0.0155597$ & $-0.0028852$ & $-0.00582086$ & $0.0365031$ & $0.0268845$ & $-0.014073$ & $-0.0370431$ \\
CHL3_11 & $-0.0200221$ & $0.00126251$ & $0.0081486$ & $0.047686$ & $-0.00431361$ & $-0.276877$ & $0.0905853$ & $-0.266569$ & $-0.266956$ & $0.46326$ & $-0.210295$ & $-0.331417$ & $-0.369071$ & $0.663377$ & $0.160172$ & $0.178515$ & $1$ & $0.75082$ & $0.73578$ & $0.234438$ & $0.174665$ & $0.164914$ & $-0.0562037$ & $0.695585$ & $0.790271$ & $-0.117717$ & $-0.176328$ & $0.0459856$ & $-0.0365606$ & $-0.0936172$ & $-0.0546516$ & $0.0653238$ & $-0.104897$ & $-0.262199$ & $-0.0303929$ & $-0.0385509$ & $0.0224062$ & $0.0192851$ & $0.04047$ & $-0.00014336$ & $-0.0058012$ & $0.0144669$ & $0.0297139$ & $0.00665185$ & $-0.00292651$ & $0.0538049$ & $0.0488292$ & $-0.00628654$ & $-0.0341354$ \\
CHL3_22 & $-0.00120179$ & $0.025822$ & $0.0507571$ & $0.00397451$ & $-0.0115378$ & $-0.0756485$ & $0.106237$ & $-0.456307$ & $-0.454418$ & $0.507953$ & $0.0667842$ & $-0.335755$ & $-0.403183$ & $0.613382$ & $-0.438717$ & $-0.0311961$ & $0.75082$ & $1$ & $0.700425$ & $-0.0671923$ & $-0.0627828$ & $-0.0678299$ & $0.019979$ & $0.652394$ & $0.809135$ & $0.0325016$ & $-0.0123029$ & $-0.0256355$ & $-0.0208509$ & $-0.101074$ & $-0.075397$ & $0.0834775$ & $-0.116321$ & $0.0175567$ & $-0.0190294$ & $-0.0457095$ & $0.0136975$ & $0.0171225$ & $-0.00607898$ & $-0.0229867$ & $-0.0211144$ & $0.0185445$ & $0.028693$ & $0.0175067$ & $0.00573011$ & $0.0130429$ & $0.0188876$ & $-0.00494423$ & $-0.0184378$ \\
CHL3_33 & $0.0158325$ & $0.00959095$ & $0.00674863$ & $0.0212933$ & $-0.0202025$ & $-0.0470685$ & $0.101474$ & $-0.438563$ & $-0.438247$ & $0.499265$ & $0.0548835$ & $-0.339694$ & $-0.398788$ & $0.617576$ & $-0.0561009$ & $-0.427526$ & $0.73578$ & $0.700425$ & $1$ & $-0.0588397$ & $-0.0497431$ & $-0.0528165$ & $0.00984637$ & $0.621689$ & $0.798967$ & $0.0296467$ & $-0.00305865$ & $-0.0151393$ & $-0.0112779$ & $-0.115097$ & $-0.0650695$ & $0.0723346$ & $-0.123957$ & $-0.326862$ & $-0.0442025$ & $-0.0108549$ & $0.033953$ & $0.0031185$ & $0.00834688$ & $0.0100644$ & $0.0037993$ & $-0.00475704$ & $0.0281989$ & $0.0132147$ & $-0.00718802$ & $0.00475327$ & $0.0176662$ & $-0.00221027$ & $-0.010553$ \\
CHe_11 & $-0.0259713$ & $-0.0321152$ & $0.00996499$ & $0.0156969$ & $0.0251467$ & $-0.192376$ & $-0.0712803$ & $0.840465$ & $0.824863$ & $-0.317372$ & $-0.990385$ & $-0.00812771$ & $0.163674$ & $0.524158$ & $0.498311$ & $0.470885$ & $0.234438$ & $-0.0671923$ & $-0.0588397$ & $1$ & $0.971916$ & $0.952026$ & $-0.0207342$ & $-0.240029$ & $0.000901274$ & $-0.557849$ & $0.209305$ & $0.309686$ & $-0.0119577$ & $0.0626198$ & $0.0276576$ & $-0.0746635$ & $0.0713226$ & $0.272737$ & $0.00242217$ & $-0.0325336$ & $0.0145036$ & $0.00651645$ & $0.0157141$ & $-0.0122012$ & $-0.00690041$ & $-0.0308751$ & $-0.0202446$ & $-0.00758549$ & $-0.0107212$ & $0.0536835$ & $0.0606811$ & $-0.00210243$ & $0.00513719$ \\
CHe_22 & $-0.0258705$ & $-0.0213234$ & $0.0103486$ & $0.00736757$ & $0.0297791$ & $-0.192888$ & $-0.0736326$ & $0.887896$ & $0.870735$ & $-0.351353$ & $-0.990712$ & $-0.0125788$ & $0.180476$ & $0.469042$ & $0.348772$ & $0.320872$ & $0.174665$ & $-0.0627828$ & $-0.0497431$ & $0.971916$ & $1$ & $0.974668$ & $0.0252297$ & $-0.348943$ & $-0.0122335$ & $-0.562154$ & $0.367485$ & $0.321887$ & $-0.0106363$ & $0.0634234$ & $0.0272116$ & $-0.0781771$ & $0.073355$ & $0.44036$ & $0.0025834$ & $-0.0345348$ & $0.0186924$ & $0.0113778$ & $0.00613734$ & $-0.0117109$ & $-0.00980447$ & $-0.0317024$ & $-0.0247238$ & $-0.00845022$ & $-0.00542801$ & $0.053802$ & $0.0604233$ & $0.00259573$ & $0.017057$ \\
CHe_33 & $-0.031563$ & $-0.0160166$ & $0.00574043$ & $0.00813503$ & $0.0348681$ & $-0.186773$ & $-0.0659108$ & $0.872894$ & $0.8571$ & $-0.342174$ & $-0.969318$ & $-0.00222017$ & $0.181954$ & $0.448664$ & $0.342965$ & $0.340054$ & $0.164914$ & $-0.0678299$ & $-0.0528165$ & $0.952026$ & $0.974668$ & $1$ & $0.021934$ & $-0.346537$ & $-0.0180814$ & $-0.546726$ & $0.360431$ & $0.313562$ & $-0.0084676$ & $0.0654482$ & $0.0295633$ & $-0.0699367$ & $0.0733166$ & $0.436666$ & $0.00250882$ & $-0.0395026$ & $0.0188038$ & $0.00988148$ & $0.00605909$ & $-0.00716293$ & $-0.017577$ & $-0.0286693$ & $-0.0275612$ & $-0.0042252$ & $-0.00332509$ & $0.0487897$ & $0.0567882$ & $-0.00851577$ & $0.0115334$ \\
CHQ1_11 & $-0.0194893$ & $-0.0373926$ & $-0.0287849$ & $0.0559999$ & $0.021107$ & $-0.0178495$ & $-0.00112994$ & $0.0452038$ & $0.0405413$ & $-0.0400361$ & $-0.000785281$ & $-0.00426423$ & $0.0131085$ & $-0.0641618$ & $-0.162414$ & $-0.145063$ & $-0.0562037$ & $0.019979$ & $0.00984637$ & $-0.0207342$ & $0.0252297$ & $0.021934$ & $1$ & $-0.0939683$ & $0.0935359$ & $-0.657872$ & $0.322632$ & $0.0526977$ & $0.00450338$ & $0.0245518$ & $-0.000617718$ & $0.0140209$ & $0.0365153$ & $0.174473$ & $-0.0145482$ & $-0.00188453$ & $0.00166977$ & $0.00378989$ & $-0.00569205$ & $-0.0186613$ & $0.00314723$ & $0.0184042$ & $0.00194378$ & $-0.00161971$ & $-0.00915754$ & $0.0131256$ & $-0.0126376$ & $-0.0132575$ & $0.0329803$ \\
CHQ1_33 & $-0.0258228$ & $-0.0155695$ & $0.0200843$ & $0.0286842$ & $-0.0274555$ & $-0.0238884$ & $0.111713$ & $-0.674166$ & $-0.66522$ & $0.566258$ & $0.292379$ & $-0.263019$ & $-0.399828$ & $0.481901$ & $0.0785283$ & $0.120634$ & $0.695585$ & $0.652394$ & $0.621689$ & $-0.240029$ & $-0.348943$ & $-0.346537$ & $-0.0939683$ & $1$ & $0.650495$ & $0.167972$ & $-0.411237$ & $-0.0154633$ & $-0.0193966$ & $-0.0983733$ & $-0.0491806$ & $0.0955991$ & $-0.111852$ & $-0.608972$ & $-0.0190396$ & $-0.0258211$ & $-0.00797001$ & $-0.0136921$ & $0.0133919$ & $0.00597022$ & $-0.0134579$ & $0.0395955$ & $0.0537371$ & $0.0143429$ & $-0.0168799$ & $0.00928289$ & $0.00371455$ & $-0.0217321$ & $-0.028733$ \\
CHQ3_11 & $-0.0701528$ & $0.0372113$ & $0.0256994$ & $0.0385196$ & $0.00102729$ & $-0.104827$ & $0.0932387$ & $-0.408495$ & $-0.407094$ & $0.481641$ & $0.00633386$ & $-0.336016$ & $-0.39052$ & $0.613937$ & $-0.137973$ & $-0.115402$ & $0.790271$ & $0.809135$ & $0.798967$ & $0.000901274$ & $-0.0122335$ & $-0.0180814$ & $0.0935359$ & $0.650495$ & $1$ & $0.00128253$ & $0.200612$ & $-0.00238497$ & $-0.0275636$ & $-0.0984628$ & $-0.0517262$ & $0.0657485$ & $-0.111284$ & $-0.193517$ & $-0.0365551$ & $-0.0468008$ & $0.036527$ & $0.00033287$ & $-0.000545092$ & $0.0137683$ & $-0.00180074$ & $0.00670381$ & $0.0254652$ & $0.0135916$ & $0.0206375$ & $0.0379691$ & $0.0198192$ & $-0.0179138$ & $-0.0251555$ \\
CHu_11 & $-0.00950251$ & $0.0661764$ & $0.0123763$ & $-0.0559944$ & $-0.0253662$ & $0.124766$ & $0.0319668$ & $-0.494819$ & $-0.481341$ & $0.200365$ & $0.565342$ & $0.0251529$ & $-0.086114$ & $-0.282487$ & $-0.230812$ & $-0.217311$ & $-0.117717$ & $0.0325016$ & $0.0296467$ & $-0.557849$ & $-0.562154$ & $-0.546726$ & $-0.657872$ & $0.167972$ & $0.00128253$ & $1$ & $-0.144385$ & $-0.196399$ & $-0.00378961$ & $-0.0436576$ & $-0.00858623$ & $0.0204512$ & $-0.0615339$ & $-0.212918$ & $0.00218618$ & $0.0262292$ & $-0.00395296$ & $-0.0162913$ & $0.00124246$ & $0.0146429$ & $-0.00339779$ & $-0.00346947$ & $0.00167407$ & $0.0151159$ & $0.0189529$ & $-0.0344431$ & $-0.0180039$ & $0.0103762$ & $-0.0258126$ \\
CHd_11 & $-0.0458391$ & $0.0557904$ & $0.00367041$ & $-0.0200102$ & $0.0352838$ & $-0.0572827$ & $-0.0448633$ & $0.417224$ & $0.408591$ & $-0.242265$ & $-0.282767$ & $0.0202848$ & $0.132456$ & $-0.0941991$ & $-0.396765$ & $-0.393419$ & $-0.176328$ & $-0.0123029$ & $-0.00305865$ & $0.209305$ & $0.367485$ & $0.360431$ & $0.322632$ & $-0.411237$ & $0.200612$ & $-0.144385$ & $1$ & $0.129947$ & $-0.00624321$ & $0.0422642$ & $0.0321967$ & $-0.0484642$ & $0.0517522$ & $0.685518$ & $0.00694142$ & $-0.0411281$ & $0.0222435$ & $-0.000230611$ & $-0.0469766$ & $0.00445297$ & $-0.00171024$ & $-0.0221816$ & $-0.0311455$ & $0.00162138$ & $0.0303134$ & $0.0149035$ & $0.0170804$ & $-0.0170868$ & $0.0441759$ \\
CHd_33 & $0.00745811$ & $-0.0316947$ & $0.0249554$ & $0.00956647$ & $-0.00812537$ & $-0.0901634$ & $-0.0502189$ & $0.289092$ & $0.280877$ & $-0.116432$ & $-0.31809$ & $0.00265221$ & $0.0631492$ & $0.145565$ & $0.106474$ & $0.0901697$ & $0.0459856$ & $-0.0256355$ & $-0.0151393$ & $0.309686$ & $0.321887$ & $0.313562$ & $0.0526977$ & $-0.0154633$ & $-0.00238497$ & $-0.196399$ & $0.129947$ & $1$ & $-0.0253733$ & $0.0359029$ & $0.00738278$ & $-0.0473183$ & $0.0478457$ & $0.144983$ & $-0.0209692$ & $0.0125321$ & $-0.0508503$ & $-0.0321696$ & $0.00114495$ & $-0.0106403$ & $-0.0255844$ & $0.0157903$ & $-0.00910188$ & $-0.000733926$ & $-0.00401502$ & $-0.0271235$ & $-0.00974045$ & $0.0461142$ & $0.00830845$ \\
CeH_22r & $-0.0110539$ & $-0.0194612$ & $0.0281189$ & $0.00559264$ & $-0.0350663$ & $0.0313227$ & $0.00525923$ & $0.0015445$ & $0.0126756$ & $-0.0179224$ & $0.0120791$ & $0.0409638$ & $0.0291657$ & $-0.014316$ & $-0.00785349$ & $-0.0191312$ & $-0.0365606$ & $-0.0208509$ & $-0.0112779$ & $-0.0119577$ & $-0.0106363$ & $-0.0084676$ & $0.00450338$ & $-0.0193966$ & $-0.0275636$ & $-0.00378961$ & $-0.00624321$ & $-0.0253733$ & $1$ & $0.0633061$ & $0.0139376$ & $-0.0130188$ & $0.0360939$ & $-0.00257376$ & $-0.0300825$ & $-0.0207845$ & $-0.00587636$ & $0.0124447$ & $-0.0345584$ & $0.0348699$ & $0.0246287$ & $0.0247527$ & $0.0235978$ & $-0.0208726$ & $0.0252403$ & $-0.0126973$ & $-0.0505969$ & $-0.0300655$ & $-0.0287306$ \\
CeH_33r & $0.0241464$ & $-0.0174975$ & $0.0299458$ & $-0.0325341$ & $-0.014992$ & $-0.00438819$ & $-0.144368$ & $0.108567$ & $0.133571$ & $-0.137428$ & $-0.0629359$ & $0.317646$ & $0.261048$ & $-0.0519395$ & $0.0293571$ & $0.0475578$ & $-0.0936172$ & $-0.101074$ & $-0.115097$ & $0.0626198$ & $0.0634234$ & $0.0654482$ & $0.0245518$ & $-0.0983733$ & $-0.0984628$ & $-0.0436576$ & $0.0422642$ & $0.0359029$ & $0.0633061$ & $1$ & $0.327147$ & $0.00506966$ & $0.66429$ & $0.0603688$ & $0.00554315$ & $-0.0161836$ & $-0.103993$ & $-0.0133635$ & $-0.0624448$ & $-0.0368265$ & $-0.00904255$ & $0.0168064$ & $0.0343105$ & $-0.0513727$ & $0.0218712$ & $-0.0144379$ & $-0.0177585$ & $0.00112174$ & $0.00970131$ \\
CuH_22r & $-0.0011395$ & $-0.0341377$ & $-0.0166147$ & $-0.0338081$ & $-0.00834371$ & $0.00172631$ & $-0.100384$ & $0.0573468$ & $0.0670228$ & $-0.0941257$ & $-0.0281945$ & $0.105563$ & $0.112544$ & $-0.0413263$ & $0.0334638$ & $0.0178747$ & $-0.0546516$ & $-0.075397$ & $-0.0650695$ & $0.0276576$ & $0.0272116$ & $0.0295633$ & $-0.000617718$ & $-0.0491806$ & $-0.0517262$ & $-0.00858623$ & $0.0321967$ & $0.00738278$ & $0.0139376$ & $0.327147$ & $1$ & $-0.00638062$ & $0.336896$ & $0.01746$ & $-0.0239578$ & $-0.0220334$ & $0.0144617$ & $-0.00158332$ & $0.0414436$ & $-0.00512957$ & $-0.0673937$ & $0.000187163$ & $-0.0389185$ & $-0.000698231$ & $-0.0400615$ & $0.104372$ & $0.219193$ & $0.0187124$ & $-0.0727069$ \\
CuH_33r & $0.00485982$ & $0.0194904$ & $-0.106019$ & $0.00851213$ & $0.0241451$ & $-0.000692484$ & $0.933947$ & $-0.107254$ & $-0.0646107$ & $0.0799265$ & $0.0751798$ & $-0.188016$ & $-0.260427$ & $0.0263577$ & $-0.0387185$ & $-0.0219381$ & $0.0653238$ & $0.0834775$ & $0.0723346$ & $-0.0746635$ & $-0.0781771$ & $-0.0699367$ & $0.0140209$ & $0.0955991$ & $0.0657485$ & $0.0204512$ & $-0.0484642$ & $-0.0473183$ & $-0.0130188$ & $0.00506966$ & $-0.00638062$ & $1$ & $-0.00881912$ & $-0.0515586$ & $-0.0161106$ & $-0.0199679$ & $0.0285856$ & $0.00319923$ & $0.0344419$ & $0.0543948$ & $0.0187847$ & $0.0105933$ & $0.000895685$ & $0.073148$ & $-0.0103279$ & $0.00813204$ & $0.0362088$ & $-0.00828697$ & $-0.0596334$ \\
CdH_33r & $-0.000535908$ & $0.0534994$ & $-0.0349264$ & $-0.00920918$ & $0.0102171$ & $-0.00667058$ & $-0.201266$ & $0.121847$ & $0.151433$ & $-0.134803$ & $-0.0695604$ & $0.422674$ & $0.348282$ & $-0.066759$ & $0.0304143$ & $0.0393067$ & $-0.104897$ & $-0.116321$ & $-0.123957$ & $0.0713226$ & $0.073355$ & $0.0733166$ & $0.0365153$ & $-0.111852$ & $-0.111284$ & $-0.0615339$ & $0.0517522$ & $0.0478457$ & $0.0360939$ & $0.66429$ & $0.336896$ & $-0.00881912$ & $1$ & $0.0736309$ & $0.0193818$ & $-0.00686439$ & $-0.185308$ & $-0.0250477$ & $-0.0825554$ & $-0.0568783$ & $0.0430554$ & $-0.0147188$ & $0.095589$ & $0.0129524$ & $-0.124577$ & $0.0145591$ & $-0.0955874$ & $0.224509$ & $0.405621$ \\
CLL_1221 & $-0.0328452$ & $0.0635328$ & $0.0251994$ & $-0.0319259$ & $0.0251982$ & $-0.122845$ & $-0.0562377$ & $0.550902$ & $0.54106$ & $-0.341742$ & $-0.350482$ & $0.0808869$ & $0.211102$ & $-0.216527$ & $-0.587238$ & $-0.118823$ & $-0.262199$ & $0.0175567$ & $-0.326862$ & $0.272737$ & $0.44036$ & $0.436666$ & $0.174473$ & $-0.608972$ & $-0.193517$ & $-0.212918$ & $0.685518$ & $0.144983$ & $-0.00257376$ & $0.0603688$ & $0.01746$ & $-0.0515586$ & $0.0736309$ & $1$ & $0.0194788$ & $-0.0498208$ & $0.00744471$ & $0.0291263$ & $-0.033865$ & $-0.0298553$ & $-0.0190363$ & $-0.0117019$ & $-0.0419658$ & $-0.000352758$ & $0.0196372$ & $0.0163369$ & $0.0130387$ & $0.00909409$ & $0.051587$ \\
eHggint & $0.160585$ & $-0.0868752$ & $0.177871$ & $-0.125854$ & $0.0496325$ & $0.0218662$ & $-0.0923777$ & $0.0197164$ & $0.0133664$ & $-0.00750503$ & $-0.00354927$ & $0.0586841$ & $0.0345871$ & $-0.0207977$ & $-0.00755014$ & $0.0271677$ & $-0.0303929$ & $-0.0190294$ & $-0.0442025$ & $0.00242217$ & $0.0025834$ & $0.00250882$ & $-0.0145482$ & $-0.0190396$ & $-0.0365551$ & $0.00218618$ & $0.00694142$ & $-0.0209692$ & $-0.0300825$ & $0.00554315$ & $-0.0239578$ & $-0.0161106$ & $0.0193818$ & $0.0194788$ & $1$ & $-0.0461012$ & $-0.3017$ & $0.0775471$ & $-0.164748$ & $0.0391486$ & $0.299228$ & $0.0338568$ & $0.173708$ & $-0.169112$ & $0.21287$ & $0.0143119$ & $0.149668$ & $-0.0523657$ & $0.0447233$ \\
eHggpar & $0.116$ & $-0.217006$ & $-0.135055$ & $0.0481184$ & $-0.024158$ & $-0.000189385$ & $-0.0463994$ & $-0.0125598$ & $-0.0219462$ & $-0.060692$ & $0.0286076$ & $-0.010368$ & $0.00796408$ & $-0.0258745$ & $0.0247179$ & $-0.0285193$ & $-0.0385509$ & $-0.0457095$ & $-0.0108549$ & $-0.0325336$ & $-0.0345348$ & $-0.0395026$ & $-0.00188453$ & $-0.0258211$ & $-0.0468008$ & $0.0262292$ & $-0.0411281$ & $0.0125321$ & $-0.0207845$ & $-0.0161836$ & $-0.0220334$ & $-0.0199679$ & $-0.00686439$ & $-0.0498208$ & $-0.0461012$ & $1$ & $-0.112473$ & $0.00690977$ & $-0.0877624$ & $0.0526539$ & $0.0958197$ & $0.0101901$ & $-0.01618$ & $-0.0209185$ & $-0.163896$ & $-0.387951$ & $-0.0184984$ & $0.0357066$ & $-0.0408384$ \\
eHWWint & $-0.140513$ & $0.225102$ & $-0.0032179$ & $0.163865$ & $0.00879382$ & $-0.00458631$ & $0.0700796$ & $0.000938954$ & $0.00697871$ & $0.0426636$ & $-0.0128698$ & $-0.000643668$ & $-0.00464042$ & $0.0221249$ & $0.00326858$ & $-0.0227116$ & $0.0224062$ & $0.0136975$ & $0.033953$ & $0.0145036$ & $0.0186924$ & $0.0188038$ & $0.00166977$ & $-0.00797001$ & $0.036527$ & $-0.00395296$ & $0.0222435$ & $-0.0508503$ & $-0.00587636$ & $-0.103993$ & $0.0144617$ & $0.0285856$ & $-0.185308$ & $0.00744471$ & $-0.3017$ & $-0.112473$ & $1$ & $-0.0268776$ & $0.229846$ & $0.00509741$ & $-0.0568042$ & $-0.00343644$ & $0.0374018$ & $0.10398$ & $0.0836988$ & $0.0153596$ & $0.129103$ & $-0.252098$ & $-0.0606012$ \\
eHWWpar & $0.0139851$ & $-0.0173488$ & $-0.0116534$ & $-0.00612784$ & $-0.0106015$ & $-0.0231791$ & $-0.00297739$ & $0.00633648$ & $0.00706224$ & $-0.0124906$ & $-0.00886135$ & $-0.00114727$ & $0.00704881$ & $-0.00590988$ & $-0.0174336$ & $0.00771111$ & $0.0192851$ & $0.0171225$ & $0.0031185$ & $0.00651645$ & $0.0113778$ & $0.00988148$ & $0.00378989$ & $-0.0136921$ & $0.00033287$ & $-0.0162913$ & $-0.000230611$ & $-0.0321696$ & $0.0124447$ & $-0.0133635$ & $-0.00158332$ & $0.00319923$ & $-0.0250477$ & $0.0291263$ & $0.0775471$ & $0.00690977$ & $-0.0268776$ & $1$ & $0.00914252$ & $0.0560005$ & $0.0173155$ & $0.0155016$ & $-0.0112317$ & $-0.0049665$ & $0.0822483$ & $0.00564347$ & $0.0284234$ & $-0.0372748$ & $-0.00772281$ \\
eHZZint & $-0.0125953$ & $0.102201$ & $-0.203791$ & $0.106615$ & $-0.0330429$ & $-0.0776813$ & $0.0444462$ & $-0.00758565$ & $-0.0113918$ & $0.0182449$ & $-0.00936598$ & $0.000908375$ & $0.00959739$ & $0.0011178$ & $0.0504396$ & $0.0299616$ & $0.04047$ & $-0.00607898$ & $0.00834688$ & $0.0157141$ & $0.00613734$ & $0.00605909$ & $-0.00569205$ & $0.0133919$ & $-0.000545092$ & $0.00124246$ & $-0.0469766$ & $0.00114495$ & $-0.0345584$ & $-0.0624448$ & $0.0414436$ & $0.0344419$ & $-0.0825554$ & $-0.033865$ & $-0.164748$ & $-0.0877624$ & $0.229846$ & $0.00914252$ & $1$ & $0.0108336$ & $-0.0115581$ & $-0.011171$ & $-0.0916421$ & $0.286401$ & $-0.0972422$ & $0.169221$ & $0.174538$ & $-0.0718446$ & $-0.0596226$ \\
eHZZpar & $-0.0404977$ & $0.0348823$ & $-0.0934984$ & $-0.00235788$ & $-0.023491$ & $-0.0151306$ & $0.0487039$ & $-0.0104081$ & $-0.0173427$ & $-0.0431773$ & $0.0117311$ & $-0.0483435$ & $-0.0236376$ & $-0.00747401$ & $0.0265782$ & $-0.0156288$ & $-0.00014336$ & $-0.0229867$ & $0.0100644$ & $-0.0122012$ & $-0.0117109$ & $-0.00716293$ & $-0.0186613$ & $0.00597022$ & $0.0137683$ & $0.0146429$ & $0.00445297$ & $-0.0106403$ & $0.0348699$ & $-0.0368265$ & $-0.00512957$ & $0.0543948$ & $-0.0568783$ & $-0.0298553$ & $0.0391486$ & $0.0526539$ & $0.00509741$ & $0.0560005$ & $0.0108336$ & $1$ & $0.0321747$ & $0.00270304$ & $-0.0317628$ & $-0.00678044$ & $0.0487324$ & $-0.0433359$ & $0.0227926$ & $-0.0418726$ & $-0.099445$ \\
eHZgaint & $0.0280014$ & $0.108954$ & $0.0216395$ & $0.158699$ & $0.0031531$ & $-0.0178603$ & $-0.0180751$ & $-0.00836187$ & $-0.00998878$ & $-0.0153783$ & $0.0109296$ & $0.0415972$ & $0.0355291$ & $-0.0156865$ & $0.0186582$ & $-0.0197231$ & $-0.0058012$ & $-0.0211144$ & $0.0037993$ & $-0.00690041$ & $-0.00980447$ & $-0.017577$ & $0.00314723$ & $-0.0134579$ & $-0.00180074$ & $-0.00339779$ & $-0.00171024$ & $-0.0255844$ & $0.0246287$ & $-0.00904255$ & $-0.0673937$ & $0.0187847$ & $0.0430554$ & $-0.0190363$ & $0.299228$ & $0.0958197$ & $-0.0568042$ & $0.0173155$ & $-0.0115581$ & $0.0321747$ & $1$ & $0.0151806$ & $0.0890216$ & $-0.23382$ & $0.0827209$ & $0.0716664$ & $-0.176624$ & $-0.00492878$ & $0.0779316$ \\
eHZgapar & $-0.00754893$ & $-0.0132053$ & $0.039966$ & $0.0610768$ & $-0.00852315$ & $-0.0188049$ & $0.000141898$ & $-0.0339842$ & $-0.0282204$ & $0.0247894$ & $0.0297098$ & $-0.0194143$ & $-0.0259405$ & $-0.00698943$ & $-0.0149003$ & $0.016889$ & $0.0144669$ & $0.0185445$ & $-0.00475704$ & $-0.0308751$ & $-0.0317024$ & $-0.0286693$ & $0.0184042$ & $0.0395955$ & $0.00670381$ & $-0.00346947$ & $-0.0221816$ & $0.0157903$ & $0.0247527$ & $0.0168064$ & $0.000187163$ & $0.0105933$ & $-0.0147188$ & $-0.0117019$ & $0.0338568$ & $0.0101901$ & $-0.00343644$ & $0.0155016$ & $-0.011171$ & $0.00270304$ & $0.0151806$ & $1$ & $0.0599183$ & $-0.0317685$ & $0.013233$ & $-0.0146918$ & $0.0171972$ & $0.00771774$ & $-0.0378993$ \\
eHgagaint & $0.0873625$ & $0.122428$ & $0.117247$ & $0.0512616$ & $-0.00648048$ & $0.0282236$ & $-0.0179763$ & $-0.0435684$ & $0.00567478$ & $0.0598507$ & $0.023258$ & $0.0400932$ & $0.00863087$ & $0.0312861$ & $0.0141268$ & $0.0155597$ & $0.0297139$ & $0.028693$ & $0.0281989$ & $-0.0202446$ & $-0.0247238$ & $-0.0275612$ & $0.00194378$ & $0.0537371$ & $0.0254652$ & $0.00167407$ & $-0.0311455$ & $-0.00910188$ & $0.0235978$ & $0.0343105$ & $-0.0389185$ & $0.000895685$ & $0.095589$ & $-0.0419658$ & $0.173708$ & $-0.01618$ & $0.0374018$ & $-0.0112317$ & $-0.0916421$ & $-0.0317628$ & $0.0890216$ & $0.0599183$ & $1$ & $-0.0409393$ & $0.104834$ & $0.109309$ & $-0.0705468$ & $0.0269334$ & $0.226272$ \\
eHmumuint & $-0.0143195$ & $-0.00316194$ & $-0.278903$ & $0.118736$ & $0.00229293$ & $-0.0121348$ & $0.0891646$ & $-0.013814$ & $-0.00395864$ & $0.0171152$ & $0.00902295$ & $-0.0107011$ & $-0.0190669$ & $0.00443192$ & $-0.0151315$ & $-0.0028852$ & $0.00665185$ & $0.0175067$ & $0.0132147$ & $-0.00758549$ & $-0.00845022$ & $-0.0042252$ & $-0.00161971$ & $0.0143429$ & $0.0135916$ & $0.0151159$ & $0.00162138$ & $-0.000733926$ & $-0.0208726$ & $-0.0513727$ & $-0.000698231$ & $0.073148$ & $0.0129524$ & $-0.000352758$ & $-0.169112$ & $-0.0209185$ & $0.10398$ & $-0.0049665$ & $0.286401$ & $-0.00678044$ & $-0.23382$ & $-0.0317685$ & $-0.0409393$ & $1$ & $-0.00670541$ & $-0.141461$ & $0.172272$ & $0.00618746$ & $0.107488$ \\
eHtautauint & $-0.0430642$ & $-0.0655892$ & $0.0851995$ & $0.0515805$ & $-0.0218725$ & $-0.0223055$ & $-0.0181271$ & $-0.000954164$ & $-0.00229227$ & $0.00741234$ & $0.00744286$ & $-0.00287772$ & $-0.0153293$ & $-0.0158609$ & $-0.0224941$ & $-0.00582086$ & $-0.00292651$ & $0.00573011$ & $-0.00718802$ & $-0.0107212$ & $-0.00542801$ & $-0.00332509$ & $-0.00915754$ & $-0.0168799$ & $0.0206375$ & $0.0189529$ & $0.0303134$ & $-0.00401502$ & $0.0252403$ & $0.0218712$ & $-0.0400615$ & $-0.0103279$ & $-0.124577$ & $0.0196372$ & $0.21287$ & $-0.163896$ & $0.0836988$ & $0.0822483$ & $-0.0972422$ & $0.0487324$ & $0.0827209$ & $0.013233$ & $0.104834$ & $-0.00670541$ & $1$ & $0.104018$ & $-0.150425$ & $-0.238859$ & $-0.168536$ \\
eHccint & $-0.240366$ & $0.0391616$ & $-0.0328974$ & $0.0872992$ & $-0.00525819$ & $-0.0276204$ & $0.013147$ & $0.0337207$ & $0.0388055$ & $0.0101872$ & $-0.0527699$ & $-0.0085117$ & $0.00624457$ & $0.0245902$ & $0.0317373$ & $0.0365031$ & $0.0538049$ & $0.0130429$ & $0.00475327$ & $0.0536835$ & $0.053802$ & $0.0487897$ & $0.0131256$ & $0.00928289$ & $0.0379691$ & $-0.0344431$ & $0.0149035$ & $-0.0271235$ & $-0.0126973$ & $-0.0144379$ & $0.104372$ & $0.00813204$ & $0.0145591$ & $0.0163369$ & $0.0143119$ & $-0.387951$ & $0.0153596$ & $0.00564347$ & $0.169221$ & $-0.0433359$ & $0.0716664$ & $-0.0146918$ & $0.109309$ & $-0.141461$ & $0.104018$ & $1$ & $0.0933669$ & $0.218765$ & $-0.0521859$ \\
eHccpar & $0.0998453$ & $-0.121642$ & $-0.0668588$ & $-0.199637$ & $0.0324502$ & $-0.0251819$ & $0.0163648$ & $0.0433298$ & $0.0380252$ & $0.0163219$ & $-0.064268$ & $0.00336727$ & $0.00480258$ & $0.0443015$ & $0.0296741$ & $0.0268845$ & $0.0488292$ & $0.0188876$ & $0.0176662$ & $0.0606811$ & $0.0604233$ & $0.0567882$ & $-0.0126376$ & $0.00371455$ & $0.0198192$ & $-0.0180039$ & $0.0170804$ & $-0.00974045$ & $-0.0505969$ & $-0.0177585$ & $0.219193$ & $0.0362088$ & $-0.0955874$ & $0.0130387$ & $0.149668$ & $-0.0184984$ & $0.129103$ & $0.0284234$ & $0.174538$ & $0.0227926$ & $-0.176624$ & $0.0171972$ & $-0.0705468$ & $0.172272$ & $-0.150425$ & $0.0933669$ & $1$ & $-0.0545356$ & $-0.224977$ \\
eHbbint & $-0.0169116$ & $0.0505218$ & $0.12814$ & $-0.0707023$ & $0.0244875$ & $-0.00639566$ & $-0.0112056$ & $0.00157151$ & $0.00353612$ & $0.0158553$ & $0.0033577$ & $0.0244891$ & $0.0125744$ & $-0.0087243$ & $-0.00927854$ & $-0.014073$ & $-0.00628654$ & $-0.00494423$ & $-0.00221027$ & $-0.00210243$ & $0.00259573$ & $-0.00851577$ & $-0.0132575$ & $-0.0217321$ & $-0.0179138$ & $0.0103762$ & $-0.0170868$ & $0.0461142$ & $-0.0300655$ & $0.00112174$ & $0.0187124$ & $-0.00828697$ & $0.224509$ & $0.00909409$ & $-0.0523657$ & $0.0357066$ & $-0.252098$ & $-0.0372748$ & $-0.0718446$ & $-0.0418726$ & $-0.00492878$ & $0.00771774$ & $0.0269334$ & $0.00618746$ & $-0.238859$ & $0.218765$ & $-0.0545356$ & $1$ & $0.218257$ \\
eHbbpar & $-0.0469109$ & $0.237954$ & $-0.174327$ & $0.0551733$ & $0.0316461$ & $-0.00175221$ & $-0.0750866$ & $0.0232657$ & $0.0355629$ & $0.0308815$ & $-0.00665385$ & $0.0760468$ & $0.0519596$ & $-0.0247361$ & $-0.030842$ & $-0.0370431$ & $-0.0341354$ & $-0.0184378$ & $-0.010553$ & $0.00513719$ & $0.017057$ & $0.0115334$ & $0.0329803$ & $-0.028733$ & $-0.0251555$ & $-0.0258126$ & $0.0441759$ & $0.00830845$ & $-0.0287306$ & $0.00970131$ & $-0.0727069$ & $-0.0596334$ & $0.405621$ & $0.051587$ & $0.0447233$ & $-0.0408384$ & $-0.0606012$ & $-0.00772281$ & $-0.0596226$ & $-0.099445$ & $0.0779316$ & $-0.0378993$ & $0.226272$ & $0.107488$ & $-0.168536$ & $-0.0521859$ & $-0.224977$ & $0.218257$ & $1$ \\
