 & AlsMz & dAle5Mz & mtop & mHl & Mz & CW & CHG & CHWB & CHWHB_gaga & CHWHB_gagaorth & CHD & CHbox & CH & CHL1_11 & CHL1_22 & CHL1_33 & CHL3_11 & CHL3_22 & CHL3_33 & CHe_11 & CHe_22 & CHe_33 & CHQ1_11 & CHQ1_33 & CHQ3_11 & CHu_11 & CHd_11 & CHd_33 & CeH_22r & CeH_33r & CuH_22r & CuH_33r & CdH_33r & CLL_1221 & eHggint & eHggpar & eHWWint & eHWWpar & eHZZint & eHZZpar & eHZgaint & eHZgapar & eHgagaint & eHmumuint & eHtautauint & eHccint & eHccpar & eHbbint & eHbbpar \\
AlsMz & $1$ & $0.041519$ & $0.046437$ & $0.358824$ & $0.303973$ & $0.0426747$ & $-0.0145338$ & $-0.31495$ & $-0.311743$ & $-0.00459401$ & $0.362026$ & $0.207461$ & $-0.0965879$ & $-0.115452$ & $-0.114161$ & $-0.228227$ & $-0.0231652$ & $0.0655612$ & $0.12105$ & $-0.287763$ & $-0.22899$ & $-0.217395$ & $-0.190138$ & $0.122366$ & $0.0573098$ & $0.202864$ & $-0.0592001$ & $0.0629495$ & $0.015924$ & $0.0750772$ & $0.0106696$ & $0.0577729$ & $0.101614$ & $-0.222272$ & $0.120273$ & $-0.196104$ & $0.0227693$ & $0.170061$ & $0.205321$ & $-0.0531051$ & $0.306358$ & $0.195371$ & $0.111543$ & $-0.0638519$ & $0.189997$ & $-0.206522$ & $0.0380677$ & $0.171758$ & $0.0193608$ \\
dAle5Mz & $0.041519$ & $1$ & $-0.244945$ & $0.0129436$ & $0.371748$ & $0.0016907$ & $0.125447$ & $-0.133342$ & $-0.132432$ & $-0.0321712$ & $0.117129$ & $-0.0691269$ & $0.285622$ & $0.015341$ & $0.057386$ & $-0.208278$ & $0.0721466$ & $-0.00686293$ & $0.232143$ & $-0.118224$ & $-0.0509723$ & $-0.0132968$ & $0.0735445$ & $0.0767778$ & $0.151654$ & $-0.0670559$ & $0.0906331$ & $0.0173731$ & $-0.00307263$ & $-0.00726647$ & $0.0358381$ & $0.155521$ & $0.00514282$ & $-0.1528$ & $-0.434084$ & $0.404298$ & $0.090566$ & $-0.130068$ & $-0.00547544$ & $-0.390002$ & $0.481537$ & $-0.102374$ & $-0.458604$ & $0.287629$ & $0.211565$ & $-0.279598$ & $-0.193164$ & $-0.291687$ & $-0.194598$ \\
mtop & $0.046437$ & $-0.244945$ & $1$ & $0.189687$ & $0.0502328$ & $-0.0364756$ & $-0.0671577$ & $-0.284236$ & $-0.272971$ & $0.323559$ & $0.210758$ & $0.670421$ & $-0.183277$ & $0.01$ & $-0.00152675$ & $0.340054$ & $0.135135$ & $0.141004$ & $-0.101673$ & $-0.07139$ & $-0.135676$ & $-0.119712$ & $0.577185$ & $0.189162$ & $0.0452489$ & $-0.52296$ & $-0.46$ & $0.0849843$ & $0.0263944$ & $0.154006$ & $0.0195721$ & $0.100926$ & $0.140627$ & $-0.297775$ & $0.306012$ & $0.0695319$ & $-0.188606$ & $0.492015$ & $0.215358$ & $0.487438$ & $0.130189$ & $0.351337$ & $0.462673$ & $0.290354$ & $-0.170592$ & $0.463093$ & $-0.626467$ & $-0.347768$ & $-0.652525$ \\
mHl & $0.358824$ & $0.0129436$ & $0.189687$ & $1$ & $0.588383$ & $0.0437196$ & $0.0466935$ & $-0.0372474$ & $-0.0321974$ & $-0.153052$ & $0.121578$ & $0.0911034$ & $0.246102$ & $-0.176321$ & $-0.143747$ & $0.0575708$ & $-0.163431$ & $0.0314553$ & $-0.158606$ & $-0.0581243$ & $-0.0999305$ & $-0.136506$ & $-0.183845$ & $-0.0264103$ & $-0.163272$ & $0.168692$ & $-0.123473$ & $0.0174047$ & $0.0144233$ & $0.0323289$ & $-0.00796174$ & $0.0886502$ & $0.0321845$ & $0.0701521$ & $0.405771$ & $0.0156125$ & $-0.206413$ & $-0.0428918$ & $0.204794$ & $-0.0654681$ & $0.315303$ & $0.374233$ & $0.175505$ & $-0.0982134$ & $0.578101$ & $0.174454$ & $0.19202$ & $-0.121812$ & $-0.284746$ \\
Mz & $0.303973$ & $0.371748$ & $0.0502328$ & $0.588383$ & $1$ & $0.0138328$ & $-0.135457$ & $-0.139838$ & $-0.137867$ & $-0.166206$ & $0.231502$ & $0.0976203$ & $0.215324$ & $-0.202125$ & $-0.341607$ & $-0.150475$ & $-0.11361$ & $0.203829$ & $0.0805327$ & $-0.147884$ & $-0.115785$ & $-0.0515736$ & $0.0706232$ & $-0.0582804$ & $0.0509979$ & $0.0757571$ & $0.211777$ & $-0.0747799$ & $0.0133355$ & $0.0298859$ & $0.000995774$ & $-0.182624$ & $0.0283722$ & $0.115129$ & $0.288323$ & $-0.0385489$ & $0.129535$ & $-0.111979$ & $0.0428836$ & $-0.13622$ & $0.450814$ & $0.441481$ & $-0.162422$ & $0.231526$ & $0.376315$ & $0.293584$ & $-0.039999$ & $-0.226764$ & $-0.307728$ \\
CW & $0.0426747$ & $0.0016907$ & $-0.0364756$ & $0.0437196$ & $0.0138328$ & $1$ & $0.0848654$ & $-0.0823147$ & $-0.0840967$ & $0.0439206$ & $0.063322$ & $-0.0630581$ & $0.032929$ & $0.218053$ & $-0.00101156$ & $-0.0435474$ & $-0.084935$ & $0.038595$ & $0.0863495$ & $-0.0867739$ & $-0.0643689$ & $-0.0572069$ & $-0.00699566$ & $0.0825728$ & $0.0532158$ & $0.00731453$ & $-0.0555439$ & $-0.094228$ & $-0.00502027$ & $-0.0280974$ & $-0.00995096$ & $0.114736$ & $-0.00563665$ & $-0.130986$ & $0.0527473$ & $0.0925229$ & $-0.0337367$ & $-0.0557025$ & $0.120966$ & $-0.0692018$ & $-0.00232472$ & $-0.0965936$ & $-0.0147439$ & $0.00253838$ & $0.0182312$ & $0.0606617$ & $0.0271377$ & $-0.0434999$ & $-0.0395654$ \\
CHG & $-0.0145338$ & $0.125447$ & $-0.0671577$ & $0.0466935$ & $-0.135457$ & $0.0848654$ & $1$ & $-0.18901$ & $-0.164244$ & $0.173635$ & $0.144034$ & $-0.0497568$ & $0.184493$ & $0.11764$ & $0.118344$ & $0.052412$ & $0.152176$ & $0.0394789$ & $0.0726585$ & $-0.176003$ & $-0.121528$ & $-0.144759$ & $-0.118421$ & $0.175497$ & $0.0886686$ & $0.105483$ & $-0.227205$ & $-0.00913955$ & $0.0382593$ & $-0.266276$ & $-0.16314$ & $0.644329$ & $-0.384404$ & $-0.204091$ & $-0.234709$ & $0.276173$ & $-0.297678$ & $0.0918193$ & $0.337328$ & $0.023601$ & $0.186333$ & $-0.315061$ & $0.0529835$ & $0.0630501$ & $0.183229$ & $-0.138172$ & $0.0555048$ & $-0.220622$ & $-0.167293$ \\
CHWB & $-0.31495$ & $-0.133342$ & $-0.284236$ & $-0.0372474$ & $-0.139838$ & $-0.0823147$ & $-0.18901$ & $1$ & $0.992845$ & $-0.488074$ & $-0.898714$ & $-0.46366$ & $0.00346386$ & $-0.0686913$ & $0.0649188$ & $0.227455$ & $-0.542456$ & $-0.543938$ & $-0.548064$ & $0.847769$ & $0.612236$ & $0.508563$ & $-0.291402$ & $-0.544076$ & $-0.577203$ & $0.13703$ & $0.469791$ & $0.194621$ & $-0.00260093$ & $-0.101162$ & $-0.0250966$ & $-0.391553$ & $-0.120603$ & $0.658503$ & $-0.0511725$ & $0.0432704$ & $0.115281$ & $-0.32516$ & $-0.313677$ & $-0.193665$ & $-0.464418$ & $-0.0724194$ & $-0.219197$ & $-0.153141$ & $0.176315$ & $0.00593205$ & $0.313528$ & $0.0901216$ & $0.388368$ \\
CHWHB_gaga & $-0.311743$ & $-0.132432$ & $-0.272971$ & $-0.0321974$ & $-0.137867$ & $-0.0840967$ & $-0.164244$ & $0.992845$ & $1$ & $-0.487553$ & $-0.892113$ & $-0.448453$ & $0.00890665$ & $-0.0711237$ & $0.0666507$ & $0.23298$ & $-0.541142$ & $-0.542249$ & $-0.548515$ & $0.844381$ & $0.607117$ & $0.503472$ & $-0.287899$ & $-0.539312$ & $-0.576507$ & $0.134659$ & $0.460322$ & $0.198561$ & $0.00270688$ & $-0.0834655$ & $-0.0167116$ & $-0.380795$ & $-0.100256$ & $0.651424$ & $-0.0502276$ & $0.0435396$ & $0.105277$ & $-0.314608$ & $-0.307685$ & $-0.186048$ & $-0.459491$ & $-0.0728229$ & $-0.213563$ & $-0.147848$ & $0.181176$ & $0.00443467$ & $0.306614$ & $0.0820678$ & $0.379276$ \\
CHWHB_gagaorth & $-0.00459401$ & $-0.0321712$ & $0.323559$ & $-0.153052$ & $-0.166206$ & $0.0439206$ & $0.173635$ & $-0.488074$ & $-0.487553$ & $1$ & $0.164918$ & $0.482551$ & $-0.0626209$ & $0.632089$ & $0.294267$ & $0.0374164$ & $0.76487$ & $0.388178$ & $0.470856$ & $-0.218828$ & $-0.157986$ & $-0.00671098$ & $0.303351$ & $0.457027$ & $0.578642$ & $-0.299465$ & $-0.504055$ & $-0.106237$ & $-0.0131428$ & $0.000969058$ & $-0.0107754$ & $0.366617$ & $0.00462033$ & $-0.565604$ & $0.0905062$ & $0.132217$ & $-0.332143$ & $0.164691$ & $0.235108$ & $0.239318$ & $0.0561293$ & $-0.114975$ & $0.312543$ & $0.0675928$ & $-0.210196$ & $0.0676589$ & $-0.345609$ & $-0.249029$ & $-0.38732$ \\
CHD & $0.362026$ & $0.117129$ & $0.210758$ & $0.121578$ & $0.231502$ & $0.063322$ & $0.144034$ & $-0.898714$ & $-0.892113$ & $0.164918$ & $1$ & $0.381416$ & $0.0233548$ & $-0.271549$ & $-0.197386$ & $-0.280376$ & $0.211434$ & $0.374774$ & $0.354869$ & $-0.888216$ & $-0.657161$ & $-0.603479$ & $0.178639$ & $0.368678$ & $0.333949$ & $0.00308365$ & $-0.313162$ & $-0.191163$ & $0.00847433$ & $0.0944603$ & $0.00941141$ & $0.298185$ & $0.103083$ & $-0.452599$ & $0.0474055$ & $-0.146713$ & $-0.00920063$ & $0.338858$ & $0.262545$ & $0.163458$ & $0.464949$ & $0.13371$ & $0.150475$ & $0.150745$ & $-0.105296$ & $-0.028295$ & $-0.196848$ & $-0.0071347$ & $-0.289393$ \\
CHbox & $0.207461$ & $-0.0691269$ & $0.670421$ & $0.0911034$ & $0.0976203$ & $-0.0630581$ & $-0.0497568$ & $-0.46366$ & $-0.448453$ & $0.482551$ & $0.381416$ & $1$ & $0.135517$ & $-0.0417459$ & $0.0896192$ & $0.125471$ & $0.222964$ & $0.138908$ & $0.0982109$ & $-0.183235$ & $-0.242672$ & $-0.198888$ & $0.380726$ & $0.242937$ & $0.155084$ & $-0.323342$ & $-0.471574$ & $0.030434$ & $0.0314233$ & $0.231534$ & $0.0212857$ & $0.219774$ & $0.216692$ & $-0.485484$ & $0.339296$ & $-0.153403$ & $-0.381578$ & $0.50886$ & $0.0980394$ & $0.513487$ & $0.0478065$ & $0.206861$ & $0.342672$ & $0.304213$ & $-0.0717557$ & $0.0359806$ & $-0.569618$ & $-0.326114$ & $-0.482749$ \\
CH & $-0.0965879$ & $0.285622$ & $-0.183277$ & $0.246102$ & $0.215324$ & $0.032929$ & $0.184493$ & $0.00346386$ & $0.00890665$ & $-0.0626209$ & $0.0233548$ & $0.135517$ & $1$ & $-0.0615456$ & $0.0738454$ & $0.130546$ & $-0.0856632$ & $-0.0787843$ & $-0.137197$ & $-0.00186705$ & $-0.0511248$ & $-0.109121$ & $-0.163354$ & $-0.0110953$ & $-0.0852394$ & $0.196583$ & $-0.0249803$ & $-0.0238565$ & $0.00900469$ & $0.0631571$ & $0.0348674$ & $0.309127$ & $0.0697377$ & $-0.0350378$ & $0.226832$ & $0.0993295$ & $-0.450877$ & $-0.0860983$ & $0.00427156$ & $-0.00990811$ & $-0.0765621$ & $-0.0906286$ & $-0.175718$ & $0.167199$ & $0.593354$ & $-0.226515$ & $0.0296558$ & $-0.385003$ & $-0.0232953$ \\
CHL1_11 & $-0.115452$ & $0.015341$ & $0.01$ & $-0.176321$ & $-0.202125$ & $0.218053$ & $0.11764$ & $-0.0686913$ & $-0.0711237$ & $0.632089$ & $-0.271549$ & $-0.0417459$ & $-0.0615456$ & $1$ & $0.278403$ & $0.0697104$ & $0.518976$ & $0.306234$ & $0.38186$ & $0.086733$ & $0.126566$ & $0.242502$ & $0.129244$ & $0.321557$ & $0.461821$ & $-0.176697$ & $-0.224509$ & $-0.00620287$ & $-0.0183781$ & $0.000328329$ & $0.0341485$ & $0.186009$ & $0.0358782$ & $-0.29866$ & $-0.0181913$ & $0.250389$ & $-0.143451$ & $-0.141424$ & $0.122234$ & $-0.0438488$ & $-0.0406623$ & $-0.20148$ & $0.0891825$ & $-0.0581448$ & $-0.110967$ & $0.0622387$ & $-0.0913217$ & $-0.133594$ & $-0.115193$ \\
CHL1_22 & $-0.114161$ & $0.057386$ & $-0.00152675$ & $-0.143747$ & $-0.341607$ & $-0.00101156$ & $0.118344$ & $0.0649188$ & $0.0666507$ & $0.294267$ & $-0.197386$ & $0.0896192$ & $0.0738454$ & $0.278403$ & $1$ & $0.23619$ & $0.21618$ & $-0.425628$ & $0.00421082$ & $0.172191$ & $-0.0788118$ & $0.0524978$ & $-0.0526254$ & $0.208864$ & $0.0323953$ & $-0.0854928$ & $-0.418012$ & $-0.114994$ & $-0.00418712$ & $-0.024015$ & $-0.0262401$ & $0.197189$ & $-0.0267482$ & $-0.44532$ & $-0.000486709$ & $0.18268$ & $-0.181683$ & $0.0332845$ & $0.011538$ & $-0.072515$ & $-0.158219$ & $-0.251246$ & $0.0715557$ & $-0.113818$ & $0.0241786$ & $-0.254882$ & $-0.109509$ & $-0.0369112$ & $-0.00479437$ \\
CHL1_33 & $-0.228227$ & $-0.208278$ & $0.340054$ & $0.0575708$ & $-0.150475$ & $-0.0435474$ & $0.052412$ & $0.227455$ & $0.23298$ & $0.0374164$ & $-0.280376$ & $0.125471$ & $0.130546$ & $0.0697104$ & $0.23619$ & $1$ & $-0.0346943$ & $-0.177027$ & $-0.519349$ & $0.317389$ & $0.0542918$ & $0.0404986$ & $0.0513974$ & $0.0891211$ & $-0.189281$ & $-0.131059$ & $-0.285074$ & $0.0219562$ & $0.00923973$ & $0.0126067$ & $-0.0181382$ & $0.0899385$ & $-0.0147941$ & $-0.00667547$ & $0.187633$ & $0.275897$ & $-0.255033$ & $-0.046406$ & $0.158424$ & $0.12289$ & $-0.225933$ & $-0.0139552$ & $0.249992$ & $-0.082132$ & $0.0997847$ & $0.174751$ & $-0.0799757$ & $-0.176271$ & $-0.237689$ \\
CHL3_11 & $-0.0231652$ & $0.0721466$ & $0.135135$ & $-0.163431$ & $-0.11361$ & $-0.084935$ & $0.152176$ & $-0.542456$ & $-0.541142$ & $0.76487$ & $0.211434$ & $0.222964$ & $-0.0856632$ & $0.518976$ & $0.21618$ & $-0.0346943$ & $1$ & $0.531566$ & $0.593178$ & $-0.329811$ & $-0.179123$ & $-0.0218645$ & $0.248987$ & $0.503763$ & $0.711284$ & $-0.239864$ & $-0.402006$ & $-0.137785$ & $-0.012923$ & $0.0497438$ & $0.0244911$ & $0.289746$ & $0.0718366$ & $-0.431926$ & $-0.0280415$ & $0.144747$ & $-0.18136$ & $0.0460114$ & $0.201371$ & $0.0574298$ & $0.180932$ & $-0.115173$ & $0.175232$ & $-0.00576496$ & $-0.20278$ & $0.034672$ & $-0.231175$ & $-0.139277$ & $-0.264741$ \\
CHL3_22 & $0.0655612$ & $-0.00686293$ & $0.141004$ & $0.0314553$ & $0.203829$ & $0.038595$ & $0.0394789$ & $-0.543938$ & $-0.542249$ & $0.388178$ & $0.374774$ & $0.138908$ & $-0.0787843$ & $0.306234$ & $-0.425628$ & $-0.177027$ & $0.531566$ & $1$ & $0.515062$ & $-0.428227$ & $-0.217403$ & $-0.141381$ & $0.255806$ & $0.333927$ & $0.654069$ & $-0.109186$ & $-0.0573639$ & $-0.0373017$ & $-0.00570746$ & $0.0456799$ & $0.0317342$ & $0.0894841$ & $0.0693564$ & $0.0700511$ & $0.0359252$ & $-0.063988$ & $-0.0207572$ & $0.027968$ & $0.152666$ & $0.0552503$ & $0.299269$ & $0.114105$ & $0.096883$ & $0.0513078$ & $-0.158293$ & $0.226636$ & $-0.0981729$ & $-0.0852459$ & $-0.227889$ \\
CHL3_33 & $0.12105$ & $0.232143$ & $-0.101673$ & $-0.158606$ & $0.0805327$ & $0.0863495$ & $0.0726585$ & $-0.548064$ & $-0.548515$ & $0.470856$ & $0.354869$ & $0.0982109$ & $-0.137197$ & $0.38186$ & $0.00421082$ & $-0.519349$ & $0.593178$ & $0.515062$ & $1$ & $-0.429166$ & $-0.19219$ & $-0.144512$ & $0.212718$ & $0.354361$ & $0.696774$ & $-0.119367$ & $-0.10731$ & $-0.125629$ & $-0.0130342$ & $0.0283258$ & $0.0362894$ & $0.137742$ & $0.0557162$ & $-0.346891$ & $-0.112758$ & $-0.0428739$ & $0.0479575$ & $0.0585757$ & $0.0130843$ & $-0.0470498$ & $0.303097$ & $-0.0226468$ & $-0.0640953$ & $0.0987978$ & $-0.258077$ & $-0.0287171$ & $-0.162028$ & $0.0083437$ & $-0.0945305$ \\
CHe_11 & $-0.287763$ & $-0.118224$ & $-0.07139$ & $-0.0581243$ & $-0.147884$ & $-0.0867739$ & $-0.176003$ & $0.847769$ & $0.844381$ & $-0.218828$ & $-0.888216$ & $-0.183235$ & $-0.00186705$ & $0.086733$ & $0.172191$ & $0.317389$ & $-0.329811$ & $-0.428227$ & $-0.429166$ & $1$ & $0.646288$ & $0.573734$ & $-0.115412$ & $-0.403906$ & $-0.41395$ & $-0.0631314$ & $0.277309$ & $0.204305$ & $-0.000183951$ & $-0.107731$ & $-0.034102$ & $-0.323245$ & $-0.136844$ & $0.375701$ & $0.0395992$ & $0.0735282$ & $-0.0243228$ & $-0.219614$ & $-0.289563$ & $-0.0495865$ & $-0.453696$ & $-0.0280925$ & $-0.114795$ & $-0.0533498$ & $0.117825$ & $0.0402153$ & $0.0818539$ & $-0.0296885$ & $0.212011$ \\
CHe_22 & $-0.22899$ & $-0.0509723$ & $-0.135676$ & $-0.0999305$ & $-0.115785$ & $-0.0643689$ & $-0.121528$ & $0.612236$ & $0.607117$ & $-0.157986$ & $-0.657161$ & $-0.242672$ & $-0.0511248$ & $0.126566$ & $-0.0788118$ & $0.0542918$ & $-0.179123$ & $-0.217403$ & $-0.19219$ & $0.646288$ & $1$ & $0.520676$ & $-0.00792439$ & $-0.417128$ & $-0.284577$ & $-0.115909$ & $0.327728$ & $0.197299$ & $-0.00217592$ & $-0.0715023$ & $-0.0138687$ & $-0.247433$ & $-0.0906457$ & $0.344721$ & $-0.0560935$ & $0.110796$ & $-0.0219302$ & $-0.200761$ & $-0.242997$ & $0.00446795$ & $-0.326464$ & $-0.0486159$ & $-0.131897$ & $0.0388309$ & $0.113869$ & $0.10066$ & $-3.66722e-05$ & $-0.0831311$ & $0.184168$ \\
CHe_33 & $-0.217395$ & $-0.0132968$ & $-0.119712$ & $-0.136506$ & $-0.0515736$ & $-0.0572069$ & $-0.144759$ & $0.508563$ & $0.503472$ & $-0.00671098$ & $-0.603479$ & $-0.198888$ & $-0.109121$ & $0.242502$ & $0.0524978$ & $0.0404986$ & $-0.0218645$ & $-0.141381$ & $-0.144512$ & $0.573734$ & $0.520676$ & $1$ & $-0.0759628$ & $-0.266743$ & $-0.14644$ & $-0.0587461$ & $0.260548$ & $0.149851$ & $-0.00701897$ & $-0.0901014$ & $-0.0307458$ & $-0.282315$ & $-0.103079$ & $0.244676$ & $-0.0442601$ & $0.0192378$ & $0.108134$ & $-0.152146$ & $-0.236616$ & $-0.0704901$ & $-0.247762$ & $-0.0536049$ & $-0.142524$ & $0.0130034$ & $0.0407432$ & $0.0599518$ & $0.0494087$ & $-0.0352139$ & $0.173024$ \\
CHQ1_11 & $-0.190138$ & $0.0735445$ & $0.577185$ & $-0.183845$ & $0.0706232$ & $-0.00699566$ & $-0.118421$ & $-0.291402$ & $-0.287899$ & $0.303351$ & $0.178639$ & $0.380726$ & $-0.163354$ & $0.129244$ & $-0.0526254$ & $0.0513974$ & $0.248987$ & $0.255806$ & $0.212718$ & $-0.115412$ & $-0.00792439$ & $-0.0759628$ & $1$ & $0.16592$ & $0.251441$ & $-0.757047$ & $-0.169762$ & $0.0320157$ & $0.0125864$ & $0.0806544$ & $0.0199454$ & $-0.0554934$ & $0.0708345$ & $-0.2413$ & $0.133467$ & $0.0834229$ & $0.0558957$ & $0.27431$ & $-0.0589163$ & $0.376006$ & $0.0524392$ & $0.154775$ & $0.0805298$ & $0.457706$ & $-0.361705$ & $0.446712$ & $-0.75724$ & $-0.259587$ & $-0.438846$ \\
CHQ1_33 & $0.122366$ & $0.0767778$ & $0.189162$ & $-0.0264103$ & $-0.0582804$ & $0.0825728$ & $0.175497$ & $-0.544076$ & $-0.539312$ & $0.457027$ & $0.368678$ & $0.242937$ & $-0.0110953$ & $0.321557$ & $0.208864$ & $0.0891211$ & $0.503763$ & $0.333927$ & $0.354361$ & $-0.403906$ & $-0.417128$ & $-0.266743$ & $0.16592$ & $1$ & $0.432178$ & $-0.12842$ & $-0.422585$ & $-0.0100243$ & $0.000201534$ & $0.0641798$ & $0.0248404$ & $0.328379$ & $0.0862141$ & $-0.478651$ & $0.0146737$ & $0.125329$ & $-0.120969$ & $0.0790262$ & $0.267559$ & $0.0452665$ & $0.234985$ & $-0.03521$ & $0.202256$ & $-0.0130925$ & $-0.148346$ & $-0.0400823$ & $-0.161141$ & $-0.0655678$ & $-0.267339$ \\
CHQ3_11 & $0.0573098$ & $0.151654$ & $0.0452489$ & $-0.163272$ & $0.0509979$ & $0.0532158$ & $0.0886686$ & $-0.577203$ & $-0.576507$ & $0.578642$ & $0.333949$ & $0.155084$ & $-0.0852394$ & $0.461821$ & $0.0323953$ & $-0.189281$ & $0.711284$ & $0.654069$ & $0.696774$ & $-0.41395$ & $-0.284577$ & $-0.14644$ & $0.251441$ & $0.432178$ & $1$ & $-0.228105$ & $-0.0971334$ & $-0.13563$ & $-0.0129558$ & $0.0205819$ & $0.0137994$ & $0.155087$ & $0.0523761$ & $-0.319749$ & $-0.0427073$ & $-0.00407154$ & $-0.0226149$ & $0.089091$ & $0.0114181$ & $0.0584962$ & $0.21221$ & $-0.0193775$ & $-0.0548485$ & $0.157323$ & $-0.276895$ & $0.0599195$ & $-0.222072$ & $-0.0745184$ & $-0.158416$ \\
CHu_11 & $0.202864$ & $-0.0670559$ & $-0.52296$ & $0.168692$ & $0.0757571$ & $0.00731453$ & $0.105483$ & $0.13703$ & $0.134659$ & $-0.299465$ & $0.00308365$ & $-0.323342$ & $0.196583$ & $-0.176697$ & $-0.0854928$ & $-0.131059$ & $-0.239864$ & $-0.109186$ & $-0.119367$ & $-0.0631314$ & $-0.115909$ & $-0.0587461$ & $-0.757047$ & $-0.12842$ & $-0.228105$ & $1$ & $0.297611$ & $-0.0180507$ & $-0.0112269$ & $-0.0620547$ & $-0.0155296$ & $0.0464177$ & $-0.0560926$ & $0.24105$ & $-0.107092$ & $-0.127815$ & $-0.0172356$ & $-0.208921$ & $0.0660709$ & $-0.265606$ & $-0.0291813$ & $-0.0220593$ & $-0.086422$ & $-0.263061$ & $0.336973$ & $-0.294962$ & $0.658785$ & $0.125573$ & $0.281019$ \\
CHd_11 & $-0.0592001$ & $0.0906331$ & $-0.46$ & $-0.123473$ & $0.211777$ & $-0.0555439$ & $-0.227205$ & $0.469791$ & $0.460322$ & $-0.504055$ & $-0.313162$ & $-0.471574$ & $-0.0249803$ & $-0.224509$ & $-0.418012$ & $-0.285074$ & $-0.402006$ & $-0.0573639$ & $-0.10731$ & $0.277309$ & $0.327728$ & $0.260548$ & $-0.169762$ & $-0.422585$ & $-0.0971334$ & $0.297611$ & $1$ & $0.12666$ & $-0.00817977$ & $-0.0968401$ & $-0.0292079$ & $-0.469784$ & $-0.104573$ & $0.618772$ & $-0.189396$ & $-0.214756$ & $0.355657$ & $-0.14441$ & $-0.539667$ & $-0.0697012$ & $-0.235718$ & $0.101262$ & $-0.597924$ & $0.268163$ & $-0.00904238$ & $0.0491426$ & $0.242766$ & $0.10118$ & $0.432637$ \\
CHd_33 & $0.0629495$ & $0.0173731$ & $0.0849843$ & $0.0174047$ & $-0.0747799$ & $-0.094228$ & $-0.00913955$ & $0.194621$ & $0.198561$ & $-0.106237$ & $-0.191163$ & $0.030434$ & $-0.0238565$ & $-0.00620287$ & $-0.114994$ & $0.0219562$ & $-0.137785$ & $-0.0373017$ & $-0.125629$ & $0.204305$ & $0.197299$ & $0.149851$ & $0.0320157$ & $-0.0100243$ & $-0.13563$ & $-0.0180507$ & $0.12666$ & $1$ & $0.0156782$ & $0.0578534$ & $0.0332918$ & $0.0303145$ & $0.0737666$ & $0.147775$ & $-0.0744995$ & $0.0560311$ & $-0.0147812$ & $0.0172686$ & $-0.0689362$ & $0.00782206$ & $-0.0543411$ & $-0.00530677$ & $-0.0184589$ & $0.0807352$ & $-0.000230438$ & $-0.11785$ & $-0.0493421$ & $-0.0703924$ & $0.068988$ \\
CeH_22r & $0.015924$ & $-0.00307263$ & $0.0263944$ & $0.0144233$ & $0.0133355$ & $-0.00502027$ & $0.0382593$ & $-0.00260093$ & $0.00270688$ & $-0.0131428$ & $0.00847433$ & $0.0314233$ & $0.00900469$ & $-0.0183781$ & $-0.00418712$ & $0.00923973$ & $-0.012923$ & $-0.00570746$ & $-0.0130342$ & $-0.000183951$ & $-0.00217592$ & $-0.00701897$ & $0.0125864$ & $0.000201534$ & $-0.0129558$ & $-0.0112269$ & $-0.00817977$ & $0.0156782$ & $1$ & $0.0431079$ & $0.0198549$ & $-0.000813174$ & $0.0442192$ & $-0.000816152$ & $0.0148719$ & $-0.0111865$ & $-0.0166879$ & $0.0216023$ & $0.000775358$ & $0.0171382$ & $0.00331861$ & $0.0113395$ & $0.009566$ & $0.0089328$ & $0.0149135$ & $0.00694892$ & $-0.0172274$ & $-0.00396754$ & $-0.0104233$ \\
CeH_33r & $0.0750772$ & $-0.00726647$ & $0.154006$ & $0.0323289$ & $0.0298859$ & $-0.0280974$ & $-0.266276$ & $-0.101162$ & $-0.0834655$ & $0.000969058$ & $0.0944603$ & $0.231534$ & $0.0631571$ & $0.000328329$ & $-0.024015$ & $0.0126067$ & $0.0497438$ & $0.0456799$ & $0.0283258$ & $-0.107731$ & $-0.0715023$ & $-0.0901014$ & $0.0806544$ & $0.0641798$ & $0.0205819$ & $-0.0620547$ & $-0.0968401$ & $0.0578534$ & $0.0431079$ & $1$ & $0.281929$ & $0.0687668$ & $0.675871$ & $-0.0635075$ & $0.0594146$ & $-0.0425537$ & $-0.0975042$ & $0.134509$ & $0.0237483$ & $0.120149$ & $0.0356353$ & $0.0371358$ & $0.0699105$ & $0.0738977$ & $0.0198965$ & $-0.0360342$ & $-0.123637$ & $-0.0881202$ & $-0.0881576$ \\
CuH_22r & $0.0106696$ & $0.0358381$ & $0.0195721$ & $-0.00796174$ & $0.000995774$ & $-0.00995096$ & $-0.16314$ & $-0.0250966$ & $-0.0167116$ & $-0.0107754$ & $0.00941141$ & $0.0212857$ & $0.0348674$ & $0.0341485$ & $-0.0262401$ & $-0.0181382$ & $0.0244911$ & $0.0317342$ & $0.0362894$ & $-0.034102$ & $-0.0138687$ & $-0.0307458$ & $0.0199454$ & $0.0248404$ & $0.0137994$ & $-0.0155296$ & $-0.0292079$ & $0.0332918$ & $0.0198549$ & $0.281929$ & $1$ & $0.0424698$ & $0.362776$ & $-0.014629$ & $-0.0181982$ & $0.0347873$ & $-0.0210513$ & $0.00896489$ & $0.0209613$ & $0.000439669$ & $0.0412169$ & $-0.0330624$ & $-0.00848534$ & $0.0169$ & $0.0126589$ & $-0.00584479$ & $-0.0208239$ & $-0.0534793$ & $-0.0170353$ \\
CuH_33r & $0.0577729$ & $0.155521$ & $0.100926$ & $0.0886502$ & $-0.182624$ & $0.114736$ & $0.644329$ & $-0.391553$ & $-0.380795$ & $0.366617$ & $0.298185$ & $0.219774$ & $0.309127$ & $0.186009$ & $0.197189$ & $0.0899385$ & $0.289746$ & $0.0894841$ & $0.137742$ & $-0.323245$ & $-0.247433$ & $-0.282315$ & $-0.0554934$ & $0.328379$ & $0.155087$ & $0.0464177$ & $-0.469784$ & $0.0303145$ & $-0.000813174$ & $0.0687668$ & $0.0424698$ & $1$ & $0.086876$ & $-0.423272$ & $-0.239026$ & $0.348474$ & $-0.552445$ & $0.27936$ & $0.507091$ & $0.186905$ & $0.279194$ & $-0.404861$ & $0.175925$ & $0.163365$ & $0.247711$ & $-0.220463$ & $-0.0877474$ & $-0.410134$ & $-0.355708$ \\
CdH_33r & $0.101614$ & $0.00514282$ & $0.140627$ & $0.0321845$ & $0.0283722$ & $-0.00563665$ & $-0.384404$ & $-0.120603$ & $-0.100256$ & $0.00462033$ & $0.103083$ & $0.216692$ & $0.0697377$ & $0.0358782$ & $-0.0267482$ & $-0.0147941$ & $0.0718366$ & $0.0693564$ & $0.0557162$ & $-0.136844$ & $-0.0906457$ & $-0.103079$ & $0.0708345$ & $0.0862141$ & $0.0523761$ & $-0.0560926$ & $-0.104573$ & $0.0737666$ & $0.0442192$ & $0.675871$ & $0.362776$ & $0.086876$ & $1$ & $-0.0744185$ & $0.0526276$ & $-0.0435496$ & $-0.0980616$ & $0.128159$ & $0.0319879$ & $0.0960706$ & $0.0523543$ & $0.018118$ & $0.0551752$ & $0.0530417$ & $0.0211671$ & $-0.0596003$ & $-0.11561$ & $-0.0735806$ & $-0.065987$ \\
CLL_1221 & $-0.222272$ & $-0.1528$ & $-0.297775$ & $0.0701521$ & $0.115129$ & $-0.130986$ & $-0.204091$ & $0.658503$ & $0.651424$ & $-0.565604$ & $-0.452599$ & $-0.485484$ & $-0.0350378$ & $-0.29866$ & $-0.44532$ & $-0.00667547$ & $-0.431926$ & $0.0700511$ & $-0.346891$ & $0.375701$ & $0.344721$ & $0.244676$ & $-0.2413$ & $-0.478651$ & $-0.319749$ & $0.24105$ & $0.618772$ & $0.147775$ & $-0.000816152$ & $-0.0635075$ & $-0.014629$ & $-0.423272$ & $-0.0744185$ & $1$ & $-0.063818$ & $-0.134231$ & $0.239287$ & $-0.298616$ & $-0.246494$ & $-0.211368$ & $-0.208264$ & $0.0720112$ & $-0.234233$ & $-0.143209$ & $0.12202$ & $0.141251$ & $0.405742$ & $0.143494$ & $0.347067$ \\
eHggint & $0.120273$ & $-0.434084$ & $0.306012$ & $0.405771$ & $0.288323$ & $0.0527473$ & $-0.234709$ & $-0.0511725$ & $-0.0502276$ & $0.0905062$ & $0.0474055$ & $0.339296$ & $0.226832$ & $-0.0181913$ & $-0.000486709$ & $0.187633$ & $-0.0280415$ & $0.0359252$ & $-0.112758$ & $0.0395992$ & $-0.0560935$ & $-0.0442601$ & $0.133467$ & $0.0146737$ & $-0.0427073$ & $-0.107092$ & $-0.189396$ & $-0.0744995$ & $0.0148719$ & $0.0594146$ & $-0.0181982$ & $-0.239026$ & $0.0526276$ & $-0.063818$ & $1$ & $-0.387539$ & $-0.130091$ & $-0.0374989$ & $-0.102018$ & $0.279515$ & $-0.296103$ & $0.464842$ & $0.287772$ & $-0.0790935$ & $0.12821$ & $0.323408$ & $-0.147435$ & $0.0563205$ & $-0.0372369$ \\
eHggpar & $-0.196104$ & $0.404298$ & $0.0695319$ & $0.0156125$ & $-0.0385489$ & $0.0925229$ & $0.276173$ & $0.0432704$ & $0.0435396$ & $0.132217$ & $-0.146713$ & $-0.153403$ & $0.0993295$ & $0.250389$ & $0.18268$ & $0.275897$ & $0.144747$ & $-0.063988$ & $-0.0428739$ & $0.0735282$ & $0.110796$ & $0.0192378$ & $0.0834229$ & $0.125329$ & $-0.00407154$ & $-0.127815$ & $-0.214756$ & $0.0560311$ & $-0.0111865$ & $-0.0425537$ & $0.0347873$ & $0.348474$ & $-0.0435496$ & $-0.134231$ & $-0.387539$ & $1$ & $-0.0696965$ & $-0.260535$ & $0.429051$ & $-0.325446$ & $0.198644$ & $-0.285253$ & $-0.0226225$ & $0.0598743$ & $0.152945$ & $0.0361402$ & $-0.0589224$ & $-0.488564$ & $-0.425949$ \\
eHWWint & $0.0227693$ & $0.090566$ & $-0.188606$ & $-0.206413$ & $0.129535$ & $-0.0337367$ & $-0.297678$ & $0.115281$ & $0.105277$ & $-0.332143$ & $-0.00920063$ & $-0.381578$ & $-0.450877$ & $-0.143451$ & $-0.181683$ & $-0.255033$ & $-0.18136$ & $-0.0207572$ & $0.0479575$ & $-0.0243228$ & $-0.0219302$ & $0.108134$ & $0.0558957$ & $-0.120969$ & $-0.0226149$ & $-0.0172356$ & $0.355657$ & $-0.0147812$ & $-0.0166879$ & $-0.0975042$ & $-0.0210513$ & $-0.552445$ & $-0.0980616$ & $0.239287$ & $-0.130091$ & $-0.0696965$ & $1$ & $-0.311185$ & $-0.159139$ & $-0.387345$ & $0.0484506$ & $0.186547$ & $-0.218475$ & $-0.12406$ & $-0.448448$ & $0.0582066$ & $0.120945$ & $0.294639$ & $0.257312$ \\
eHWWpar & $0.170061$ & $-0.130068$ & $0.492015$ & $-0.0428918$ & $-0.111979$ & $-0.0557025$ & $0.0918193$ & $-0.32516$ & $-0.314608$ & $0.164691$ & $0.338858$ & $0.50886$ & $-0.0860983$ & $-0.141424$ & $0.0332845$ & $-0.046406$ & $0.0460114$ & $0.027968$ & $0.0585757$ & $-0.219614$ & $-0.200761$ & $-0.152146$ & $0.27431$ & $0.0790262$ & $0.089091$ & $-0.208921$ & $-0.14441$ & $0.0172686$ & $0.0216023$ & $0.134509$ & $0.00896489$ & $0.27936$ & $0.128159$ & $-0.298616$ & $-0.0374989$ & $-0.260535$ & $-0.311185$ & $1$ & $-0.14372$ & $0.601449$ & $0.0959529$ & $0.0022495$ & $-0.0705313$ & $0.531027$ & $-0.0899327$ & $0.0459504$ & $-0.521938$ & $-0.105337$ & $-0.197102$ \\
eHZZint & $0.205321$ & $-0.00547544$ & $0.215358$ & $0.204794$ & $0.0428836$ & $0.120966$ & $0.337328$ & $-0.313677$ & $-0.307685$ & $0.235108$ & $0.262545$ & $0.0980394$ & $0.00427156$ & $0.122234$ & $0.011538$ & $0.158424$ & $0.201371$ & $0.152666$ & $0.0130843$ & $-0.289563$ & $-0.242997$ & $-0.236616$ & $-0.0589163$ & $0.267559$ & $0.0114181$ & $0.0660709$ & $-0.539667$ & $-0.0689362$ & $0.000775358$ & $0.0237483$ & $0.0209613$ & $0.507091$ & $0.0319879$ & $-0.246494$ & $-0.102018$ & $0.429051$ & $-0.159139$ & $-0.14372$ & $1$ & $-0.15548$ & $0.422822$ & $-0.20993$ & $0.596178$ & $-0.2744$ & $0.205021$ & $0.0983698$ & $0.118002$ & $-0.294754$ & $-0.429739$ \\
eHZZpar & $-0.0531051$ & $-0.390002$ & $0.487438$ & $-0.0654681$ & $-0.13622$ & $-0.0692018$ & $0.023601$ & $-0.193665$ & $-0.186048$ & $0.239318$ & $0.163458$ & $0.513487$ & $-0.00990811$ & $-0.0438488$ & $-0.072515$ & $0.12289$ & $0.0574298$ & $0.0552503$ & $-0.0470498$ & $-0.0495865$ & $0.00446795$ & $-0.0704901$ & $0.376006$ & $0.0452665$ & $0.0584962$ & $-0.265606$ & $-0.0697012$ & $0.00782206$ & $0.0171382$ & $0.120149$ & $0.000439669$ & $0.186905$ & $0.0960706$ & $-0.211368$ & $0.279515$ & $-0.325446$ & $-0.387345$ & $0.601449$ & $-0.15548$ & $1$ & $-0.191901$ & $0.149101$ & $0.183246$ & $0.463147$ & $-0.141276$ & $0.319246$ & $-0.467438$ & $-0.14932$ & $-0.225758$ \\
eHZgaint & $0.306358$ & $0.481537$ & $0.130189$ & $0.315303$ & $0.450814$ & $-0.00232472$ & $0.186333$ & $-0.464418$ & $-0.459491$ & $0.0561293$ & $0.464949$ & $0.0478065$ & $-0.0765621$ & $-0.0406623$ & $-0.158219$ & $-0.225933$ & $0.180932$ & $0.299269$ & $0.303097$ & $-0.453696$ & $-0.326464$ & $-0.247762$ & $0.0524392$ & $0.234985$ & $0.21221$ & $-0.0291813$ & $-0.235718$ & $-0.0543411$ & $0.00331861$ & $0.0356353$ & $0.0412169$ & $0.279194$ & $0.0523543$ & $-0.208264$ & $-0.296103$ & $0.198644$ & $0.0484506$ & $0.0959529$ & $0.422822$ & $-0.191901$ & $1$ & $0.11391$ & $0.0159483$ & $0.0747718$ & $0.140223$ & $0.0751743$ & $-0.0413123$ & $-0.136922$ & $-0.410875$ \\
eHZgapar & $0.195371$ & $-0.102374$ & $0.351337$ & $0.374233$ & $0.441481$ & $-0.0965936$ & $-0.315061$ & $-0.0724194$ & $-0.0728229$ & $-0.114975$ & $0.13371$ & $0.206861$ & $-0.0906286$ & $-0.20148$ & $-0.251246$ & $-0.0139552$ & $-0.115173$ & $0.114105$ & $-0.0226468$ & $-0.0280925$ & $-0.0486159$ & $-0.0536049$ & $0.154775$ & $-0.03521$ & $-0.0193775$ & $-0.0220593$ & $0.101262$ & $-0.00530677$ & $0.0113395$ & $0.0371358$ & $-0.0330624$ & $-0.404861$ & $0.018118$ & $0.0720112$ & $0.464842$ & $-0.285253$ & $0.186547$ & $0.0022495$ & $-0.20993$ & $0.149101$ & $0.11391$ & $1$ & $0.168565$ & $0.106717$ & $-0.0166801$ & $0.324856$ & $-0.178733$ & $0.0630603$ & $-0.321765$ \\
eHgagaint & $0.111543$ & $-0.458604$ & $0.462673$ & $0.175505$ & $-0.162422$ & $-0.0147439$ & $0.0529835$ & $-0.219197$ & $-0.213563$ & $0.312543$ & $0.150475$ & $0.342672$ & $-0.175718$ & $0.0891825$ & $0.0715557$ & $0.249992$ & $0.175232$ & $0.096883$ & $-0.0640953$ & $-0.114795$ & $-0.131897$ & $-0.142524$ & $0.0805298$ & $0.202256$ & $-0.0548485$ & $-0.086422$ & $-0.597924$ & $-0.0184589$ & $0.009566$ & $0.0699105$ & $-0.00848534$ & $0.175925$ & $0.0551752$ & $-0.234233$ & $0.287772$ & $-0.0226225$ & $-0.218475$ & $-0.0705313$ & $0.596178$ & $0.183246$ & $0.0159483$ & $0.168565$ & $1$ & $-0.391451$ & $-0.033991$ & $0.194726$ & $0.00405947$ & $-0.0186321$ & $-0.366116$ \\
eHmumuint & $-0.0638519$ & $0.287629$ & $0.290354$ & $-0.0982134$ & $0.231526$ & $0.00253838$ & $0.0630501$ & $-0.153141$ & $-0.147848$ & $0.0675928$ & $0.150745$ & $0.304213$ & $0.167199$ & $-0.0581448$ & $-0.113818$ & $-0.082132$ & $-0.00576496$ & $0.0513078$ & $0.0987978$ & $-0.0533498$ & $0.0388309$ & $0.0130034$ & $0.457706$ & $-0.0130925$ & $0.157323$ & $-0.263061$ & $0.268163$ & $0.0807352$ & $0.0089328$ & $0.0738977$ & $0.0169$ & $0.163365$ & $0.0530417$ & $-0.143209$ & $-0.0790935$ & $0.0598743$ & $-0.12406$ & $0.531027$ & $-0.2744$ & $0.463147$ & $0.0747718$ & $0.106717$ & $-0.391451$ & $1$ & $-0.0508631$ & $0.260645$ & $-0.616571$ & $-0.570354$ & $-0.365563$ \\
eHtautauint & $0.189997$ & $0.211565$ & $-0.170592$ & $0.578101$ & $0.376315$ & $0.0182312$ & $0.183229$ & $0.176315$ & $0.181176$ & $-0.210196$ & $-0.105296$ & $-0.0717557$ & $0.593354$ & $-0.110967$ & $0.0241786$ & $0.0997847$ & $-0.20278$ & $-0.158293$ & $-0.258077$ & $0.117825$ & $0.113869$ & $0.0407432$ & $-0.361705$ & $-0.148346$ & $-0.276895$ & $0.336973$ & $-0.00904238$ & $-0.000230438$ & $0.0149135$ & $0.0198965$ & $0.0126589$ & $0.247711$ & $0.0211671$ & $0.12202$ & $0.12821$ & $0.152945$ & $-0.448448$ & $-0.0899327$ & $0.205021$ & $-0.141276$ & $0.140223$ & $-0.0166801$ & $-0.033991$ & $-0.0508631$ & $1$ & $-0.117477$ & $0.265275$ & $-0.244182$ & $-0.0586724$ \\
eHccint & $-0.206522$ & $-0.279598$ & $0.463093$ & $0.174454$ & $0.293584$ & $0.0606617$ & $-0.138172$ & $0.00593205$ & $0.00443467$ & $0.0676589$ & $-0.028295$ & $0.0359806$ & $-0.226515$ & $0.0622387$ & $-0.254882$ & $0.174751$ & $0.034672$ & $0.226636$ & $-0.0287171$ & $0.0402153$ & $0.10066$ & $0.0599518$ & $0.446712$ & $-0.0400823$ & $0.0599195$ & $-0.294962$ & $0.0491426$ & $-0.11785$ & $0.00694892$ & $-0.0360342$ & $-0.00584479$ & $-0.220463$ & $-0.0596003$ & $0.141251$ & $0.323408$ & $0.0361402$ & $0.0582066$ & $0.0459504$ & $0.0983698$ & $0.319246$ & $0.0751743$ & $0.324856$ & $0.194726$ & $0.260645$ & $-0.117477$ & $1$ & $-0.255333$ & $-0.281452$ & $-0.428029$ \\
eHccpar & $0.0380677$ & $-0.193164$ & $-0.626467$ & $0.19202$ & $-0.039999$ & $0.0271377$ & $0.0555048$ & $0.313528$ & $0.306614$ & $-0.345609$ & $-0.196848$ & $-0.569618$ & $0.0296558$ & $-0.0913217$ & $-0.109509$ & $-0.0799757$ & $-0.231175$ & $-0.0981729$ & $-0.162028$ & $0.0818539$ & $-3.66722e-05$ & $0.0494087$ & $-0.75724$ & $-0.161141$ & $-0.222072$ & $0.658785$ & $0.242766$ & $-0.0493421$ & $-0.0172274$ & $-0.123637$ & $-0.0208239$ & $-0.0877474$ & $-0.11561$ & $0.405742$ & $-0.147435$ & $-0.0589224$ & $0.120945$ & $-0.521938$ & $0.118002$ & $-0.467438$ & $-0.0413123$ & $-0.178733$ & $0.00405947$ & $-0.616571$ & $0.265275$ & $-0.255333$ & $1$ & $0.361149$ & $0.476032$ \\
eHbbint & $0.171758$ & $-0.291687$ & $-0.347768$ & $-0.121812$ & $-0.226764$ & $-0.0434999$ & $-0.220622$ & $0.0901216$ & $0.0820678$ & $-0.249029$ & $-0.0071347$ & $-0.326114$ & $-0.385003$ & $-0.133594$ & $-0.0369112$ & $-0.176271$ & $-0.139277$ & $-0.0852459$ & $0.0083437$ & $-0.0296885$ & $-0.0831311$ & $-0.0352139$ & $-0.259587$ & $-0.0655678$ & $-0.0745184$ & $0.125573$ & $0.10118$ & $-0.0703924$ & $-0.00396754$ & $-0.0881202$ & $-0.0534793$ & $-0.410134$ & $-0.0735806$ & $0.143494$ & $0.0563205$ & $-0.488564$ & $0.294639$ & $-0.105337$ & $-0.294754$ & $-0.14932$ & $-0.136922$ & $0.0630603$ & $-0.0186321$ & $-0.570354$ & $-0.244182$ & $-0.281452$ & $0.361149$ & $1$ & $0.636559$ \\
eHbbpar & $0.0193608$ & $-0.194598$ & $-0.652525$ & $-0.284746$ & $-0.307728$ & $-0.0395654$ & $-0.167293$ & $0.388368$ & $0.379276$ & $-0.38732$ & $-0.289393$ & $-0.482749$ & $-0.0232953$ & $-0.115193$ & $-0.00479437$ & $-0.237689$ & $-0.264741$ & $-0.227889$ & $-0.0945305$ & $0.212011$ & $0.184168$ & $0.173024$ & $-0.438846$ & $-0.267339$ & $-0.158416$ & $0.281019$ & $0.432637$ & $0.068988$ & $-0.0104233$ & $-0.0881576$ & $-0.0170353$ & $-0.355708$ & $-0.065987$ & $0.347067$ & $-0.0372369$ & $-0.425949$ & $0.257312$ & $-0.197102$ & $-0.429739$ & $-0.225758$ & $-0.410875$ & $-0.321765$ & $-0.366116$ & $-0.365563$ & $-0.0586724$ & $-0.428029$ & $0.476032$ & $0.636559$ & $1$ \\
