 & AlsMz & dAle5Mz & mtop & mHl & Mz & CW & CHG & CHWB & CHWHB_gaga & CHWHB_gagaorth & CHD & CHbox & CH & CHL1_11 & CHL1_22 & CHL1_33 & CHL3_11 & CHL3_22 & CHL3_33 & CHe_11 & CHe_22 & CHe_33 & CHQ1_11 & CHQ1_33 & CHQ3_11 & CHu_11 & CHd_11 & CHd_33 & CeH_22r & CeH_33r & CuH_22r & CuH_33r & CdH_33r & CLL_1221 & eHggint & eHggpar & eHWWint & eHWWpar & eHZZint & eHZZpar & eHZgaint & eHZgapar & eHgagaint & eHmumuint & eHtautauint & eHccint & eHccpar & eHbbint & eHbbpar \\
AlsMz & $1$ & $0.339824$ & $0.0849362$ & $-0.167279$ & $-0.0102155$ & $0.0130199$ & $0.0426684$ & $-0.0179942$ & $-0.00592582$ & $0.0300211$ & $-0.00247124$ & $-0.0294638$ & $-0.00312776$ & $-0.00511405$ & $0.0194574$ & $-0.0133856$ & $0.00566602$ & $-0.017317$ & $0.00484901$ & $-0.0340564$ & $-0.00606389$ & $-0.00671903$ & $-0.0169843$ & $-0.0335881$ & $-0.0562828$ & $-0.00788748$ & $-0.0112656$ & $-0.0311445$ & $0.020996$ & $-0.0180464$ & $0.0104273$ & $0.0333791$ & $-0.042624$ & $0.0157487$ & $-0.0269456$ & $-0.311502$ & $-0.11039$ & $-0.0811492$ & $0.0151711$ & $-0.0463399$ & $0.0110007$ & $-0.0844971$ & $0.117207$ & $0.148691$ & $-0.155983$ & $0.0825269$ & $0.0853599$ & $-0.190606$ & $-0.0537242$ \\
dAle5Mz & $0.339824$ & $1$ & $-0.0367771$ & $0.00270875$ & $0.00975186$ & $0.0272441$ & $-0.0309738$ & $-0.124109$ & $-0.101425$ & $0.0468015$ & $0.101521$ & $0.0403886$ & $-0.0181727$ & $-0.0267379$ & $0.0123812$ & $-0.00721735$ & $0.0496544$ & $-0.0282895$ & $0.0136041$ & $-0.0938476$ & $-0.00809714$ & $0.0121879$ & $0.00267997$ & $-0.00270047$ & $-0.0503913$ & $-0.0515587$ & $-0.0488533$ & $0.0439139$ & $0.00581561$ & $0.00105571$ & $-0.011377$ & $-0.0346115$ & $-0.109855$ & $0.0089249$ & $-0.0401114$ & $0.105948$ & $-0.122086$ & $-0.097016$ & $-0.0270773$ & $-0.0232224$ & $0.270344$ & $-0.0462963$ & $0.401166$ & $-3.02565e-05$ & $0.0639622$ & $0.0264952$ & $0.0580603$ & $-0.0720724$ & $-0.271245$ \\
mtop & $0.0849362$ & $-0.0367771$ & $1$ & $-0.281625$ & $-0.0325291$ & $0.00348159$ & $-0.0155021$ & $0.0229817$ & $0.0254237$ & $-0.00291251$ & $-0.0219925$ & $0.0161363$ & $-0.00584636$ & $0.000172577$ & $-0.0584939$ & $-0.0195694$ & $-0.0112188$ & $0.0152432$ & $0.00563286$ & $0.00704115$ & $-0.0246567$ & $0.0346881$ & $0.0201093$ & $-0.0170727$ & $-0.00445794$ & $0.0235861$ & $0.0462077$ & $-0.00547998$ & $-0.0157572$ & $-0.000319954$ & $0.0406462$ & $-0.0155877$ & $0.05314$ & $0.023372$ & $-0.15981$ & $0.172785$ & $0.0020884$ & $0.053588$ & $0.0213268$ & $0.00290776$ & $0.123076$ & $0.0742197$ & $-0.0250346$ & $-0.181933$ & $-0.133785$ & $0.105962$ & $0.104895$ & $-0.0763781$ & $0.159805$ \\
mHl & $-0.167279$ & $0.00270875$ & $-0.281625$ & $1$ & $0.0144454$ & $-0.0259133$ & $0.0195806$ & $0.0065582$ & $-0.00221215$ & $0.0215284$ & $-0.0125935$ & $0.0588453$ & $-0.0173656$ & $0.00720737$ & $0.0275364$ & $-0.00293555$ & $0.00959875$ & $-0.00502739$ & $-0.00486125$ & $0.0222835$ & $0.0255221$ & $-0.0157514$ & $0.0174824$ & $-0.0012695$ & $0.00833363$ & $-0.00982948$ & $0.0153216$ & $0.00723747$ & $-0.0482572$ & $-0.0133669$ & $-0.0720485$ & $0.0438821$ & $-0.0696942$ & $-0.00281079$ & $0.278337$ & $-0.00806737$ & $0.109895$ & $-0.0553041$ & $-0.0932913$ & $-0.051168$ & $-0.085273$ & $0.0251046$ & $0.000727779$ & $0.222253$ & $0.102284$ & $0.0395262$ & $-0.252675$ & $0.204584$ & $-0.239771$ \\
Mz & $-0.0102155$ & $0.00975186$ & $-0.0325291$ & $0.0144454$ & $1$ & $0.0118488$ & $0.00388163$ & $0.00180522$ & $-0.000531713$ & $-0.0219442$ & $0.0913935$ & $0.00983543$ & $0.00841933$ & $-0.0350375$ & $0.0133388$ & $-0.015306$ & $-0.0109543$ & $-0.0345006$ & $-0.00523499$ & $0.0121163$ & $0.0214811$ & $-0.00091446$ & $-0.00510621$ & $-0.0168263$ & $-0.0159908$ & $-0.0110907$ & $-0.00719348$ & $-0.0182572$ & $-0.0132111$ & $-0.000519021$ & $0.0203722$ & $0.00326692$ & $0.0192813$ & $-0.0196058$ & $-0.00197648$ & $0.0747534$ & $-0.00915067$ & $-0.0459304$ & $-0.0118494$ & $-0.0066145$ & $0.0389551$ & $-0.0510834$ & $-0.00925499$ & $0.144597$ & $0.0809938$ & $0.0146145$ & $0.0555289$ & $-0.0186286$ & $0.0518946$ \\
CW & $0.0130199$ & $0.0272441$ & $0.00348159$ & $-0.0259133$ & $0.0118488$ & $1$ & $0.00894365$ & $-0.132219$ & $-0.124724$ & $0.0310723$ & $0.120827$ & $0.0647306$ & $-0.0128576$ & $0.082853$ & $0.0241351$ & $0.0353809$ & $-0.0537385$ & $0.00756185$ & $0.0184514$ & $-0.111963$ & $-0.062637$ & $-0.0509578$ & $0.0130931$ & $0.032266$ & $0.0104202$ & $0.00373786$ & $-0.0619117$ & $0.000120083$ & $0.028815$ & $-0.00683666$ & $0.0113832$ & $0.0055437$ & $0.0161708$ & $-0.109955$ & $-0.0241289$ & $-0.0099194$ & $-0.0260608$ & $-0.0305574$ & $0.00684685$ & $0.00279392$ & $-0.0201079$ & $-0.00901442$ & $0.00597686$ & $0.0100738$ & $-0.00756797$ & $-0.000435187$ & $-0.016159$ & $-0.0723497$ & $0.00433538$ \\
CHG & $0.0426684$ & $-0.0309738$ & $-0.0155021$ & $0.0195806$ & $0.00388163$ & $0.00894365$ & $1$ & $0.0163713$ & $0.0748891$ & $-0.0101079$ & $-0.0195623$ & $-0.00438669$ & $-0.0921876$ & $0.00202179$ & $-0.00217041$ & $-0.00273164$ & $-0.00611369$ & $0.00505972$ & $0.00206778$ & $0.0183501$ & $0.00540246$ & $-0.00738772$ & $-0.00903408$ & $0.0143599$ & $-0.00172337$ & $0.0144992$ & $0.00733426$ & $-0.0108577$ & $0.0439127$ & $-0.0566278$ & $-0.0236392$ & $0.93693$ & $-0.0909385$ & $0.00781215$ & $0.0161562$ & $-0.0224919$ & $0.0494089$ & $0.0229243$ & $0.0258027$ & $0.01774$ & $0.0548847$ & $-0.00783611$ & $0.0815977$ & $-0.08648$ & $-0.0231784$ & $-0.0298108$ & $0.024583$ & $-0.009187$ & $0.0114484$ \\
CHWB & $-0.0179942$ & $-0.124109$ & $0.0229817$ & $0.0065582$ & $0.00180522$ & $-0.132219$ & $0.0163713$ & $1$ & $0.980632$ & $-0.304489$ & $-0.875128$ & $-0.438002$ & $0.0727964$ & $-0.0863033$ & $-0.0873543$ & $-0.0726695$ & $-0.3548$ & $-0.179838$ & $-0.221591$ & $0.745876$ & $0.345094$ & $0.362624$ & $0.0312487$ & $-0.337632$ & $-0.247809$ & $-0.0614114$ & $0.285707$ & $0.0744049$ & $-0.0390903$ & $0.00494264$ & $0.00935587$ & $0.00523805$ & $0.00506486$ & $0.662096$ & $-0.0197367$ & $0.00435535$ & $0.0189783$ & $0.00954562$ & $0.0261292$ & $-0.0206277$ & $-0.0557038$ & $-0.0245806$ & $-0.0199145$ & $-0.00742335$ & $-0.00149387$ & $0.0100992$ & $0.00555027$ & $0.0233306$ & $0.0276402$ \\
CHWHB_gaga & $-0.00592582$ & $-0.101425$ & $0.0254237$ & $-0.00221215$ & $-0.000531713$ & $-0.124724$ & $0.0748891$ & $0.980632$ & $1$ & $-0.29741$ & $-0.86076$ & $-0.401161$ & $0.0683118$ & $-0.0857439$ & $-0.08386$ & $-0.0670099$ & $-0.352471$ & $-0.179531$ & $-0.219374$ & $0.739936$ & $0.334422$ & $0.357267$ & $0.0284778$ & $-0.330906$ & $-0.244578$ & $-0.0619065$ & $0.276792$ & $0.0749414$ & $-0.0236688$ & $0.0268373$ & $0.0261361$ & $0.0528323$ & $0.0330559$ & $0.647321$ & $-0.0408539$ & $0.000728522$ & $0.0157786$ & $0.00419625$ & $0.041438$ & $-0.0276437$ & $-0.0424798$ & $-0.0292029$ & $0.0249152$ & $-0.0232165$ & $0.00416449$ & $0.00281615$ & $0.0232313$ & $0.0147022$ & $0.0261254$ \\
CHWHB_gagaorth & $0.0300211$ & $0.0468015$ & $-0.00291251$ & $0.0215284$ & $-0.0219442$ & $0.0310723$ & $-0.0101079$ & $-0.304489$ & $-0.29741$ & $1$ & $0.0143903$ & $0.39649$ & $-0.114254$ & $0.769717$ & $0.0634716$ & $0.0945578$ & $0.81319$ & $0.266335$ & $0.257719$ & $-0.0209782$ & $0.00749761$ & $-0.0166037$ & $-0.0308204$ & $0.261286$ & $0.318947$ & $-0.0023612$ & $-0.135768$ & $0.00898682$ & $0.00785382$ & $-0.0816658$ & $-0.0315206$ & $0.00182825$ & $-0.0679845$ & $-0.206143$ & $0.0177203$ & $-0.0167233$ & $-0.0224882$ & $-0.0241353$ & $0.0388667$ & $0.0513022$ & $-0.0262226$ & $0.00918339$ & $0.0288275$ & $0.0268743$ & $-0.0268591$ & $0.042187$ & $0.0358553$ & $-0.056328$ & $-0.0174597$ \\
CHD & $-0.00247124$ & $0.101521$ & $-0.0219925$ & $-0.0125935$ & $0.0913935$ & $0.120827$ & $-0.0195623$ & $-0.875128$ & $-0.86076$ & $0.0143903$ & $1$ & $0.304493$ & $-0.0281061$ & $-0.195209$ & $0.0439098$ & $0.0295086$ & $0.0612607$ & $0.0810268$ & $0.117669$ & $-0.77498$ & $-0.354028$ & $-0.371859$ & $-0.0193875$ & $0.235953$ & $0.129559$ & $0.0664911$ & $-0.218906$ & $-0.0764347$ & $0.0441565$ & $0.0065094$ & $-0.0091147$ & $-0.00919748$ & $0.00922241$ & $-0.508663$ & $0.0164157$ & $0.0176165$ & $-0.00857427$ & $-0.0128689$ & $-0.0334607$ & $0.000155259$ & $0.0554693$ & $0.0139179$ & $0.00554721$ & $0.0221933$ & $0.0284366$ & $-0.0209869$ & $-0.0144818$ & $-0.0107686$ & $-0.0218779$ \\
CHbox & $-0.0294638$ & $0.0403886$ & $0.0161363$ & $0.0588453$ & $0.00983543$ & $0.0647306$ & $-0.00438669$ & $-0.438002$ & $-0.401161$ & $0.39649$ & $0.304493$ & $1$ & $-0.171255$ & $0.107277$ & $0.0444858$ & $0.0418469$ & $0.271733$ & $0.117982$ & $0.130186$ & $-0.0900463$ & $-0.0904349$ & $-0.117468$ & $-0.0282084$ & $0.158031$ & $0.167868$ & $0.0212486$ & $-0.120106$ & $-0.0227667$ & $0.0330363$ & $0.176734$ & $0.0455714$ & $0.0549924$ & $0.295107$ & $-0.330192$ & $0.0402035$ & $0.000335902$ & $0.000318313$ & $-0.0151925$ & $-0.00331893$ & $0.0347366$ & $0.0295074$ & $0.0442084$ & $-0.027669$ & $0.0236909$ & $-0.0404893$ & $0.020794$ & $0.0142343$ & $-0.0283382$ & $-0.0242387$ \\
CH & $-0.00312776$ & $-0.0181727$ & $-0.00584636$ & $-0.0173656$ & $0.00841933$ & $-0.0128576$ & $-0.0921876$ & $0.0727964$ & $0.0683118$ & $-0.114254$ & $-0.0281061$ & $-0.171255$ & $1$ & $-0.123365$ & $0.00291097$ & $-0.00665506$ & $-0.136016$ & $-0.050041$ & $-0.0461007$ & $0.0703529$ & $0.00650545$ & $0.0199671$ & $0.00719923$ & $-0.0437498$ & $-0.0617301$ & $-0.00516518$ & $0.0140913$ & $0.00402802$ & $0.0075557$ & $0.0784218$ & $0.0399358$ & $-0.0875087$ & $0.132282$ & $0.0377756$ & $-0.007404$ & $0.00937922$ & $-0.000980757$ & $0.0138385$ & $-0.00253181$ & $-0.0220597$ & $-0.0172794$ & $-0.00299777$ & $-0.00713162$ & $-0.00703189$ & $0.00766458$ & $-0.0168815$ & $-0.0086111$ & $0.00854636$ & $0.00925162$ \\
CHL1_11 & $-0.00511405$ & $-0.0267379$ & $0.000172577$ & $0.00720737$ & $-0.0350375$ & $0.082853$ & $0.00202179$ & $-0.0863033$ & $-0.0857439$ & $0.769717$ & $-0.195209$ & $0.107277$ & $-0.123365$ & $1$ & $0.0526467$ & $0.0963258$ & $0.627583$ & $0.227459$ & $0.208572$ & $0.0793875$ & $0.0820181$ & $0.0576441$ & $-0.0216241$ & $0.196022$ & $0.261802$ & $-0.0233274$ & $-0.109974$ & $0.0334369$ & $0.00815172$ & $-0.0529869$ & $-0.0263153$ & $-0.000401025$ & $-0.0749734$ & $-0.1024$ & $0.00289531$ & $-0.0153415$ & $-0.0325411$ & $-0.0053079$ & $0.0420404$ & $0.0302703$ & $-0.0384486$ & $0.00627584$ & $0.00133205$ & $0.021884$ & $-0.0261919$ & $0.0361725$ & $0.0461139$ & $-0.0445462$ & $-0.000471364$ \\
CHL1_22 & $0.0194574$ & $0.0123812$ & $-0.0584939$ & $0.0275364$ & $0.0133388$ & $0.0241351$ & $-0.00217041$ & $-0.0873543$ & $-0.08386$ & $0.0634716$ & $0.0439098$ & $0.0444858$ & $0.00291097$ & $0.0526467$ & $1$ & $0.329191$ & $0.0456561$ & $-0.652783$ & $-0.231542$ & $-0.0223909$ & $-0.281428$ & $-0.206112$ & $-0.0860772$ & $0.277165$ & $-0.32789$ & $0.0235191$ & $-0.517545$ & $-0.0493064$ & $0.0185302$ & $0.00248686$ & $-0.0221035$ & $-0.00329118$ & $-0.00831157$ & $-0.581837$ & $-0.00236709$ & $-0.0177309$ & $0.00858651$ & $-0.00944073$ & $4.27101e-05$ & $-0.0227709$ & $-0.0105833$ & $-0.0487478$ & $0.0438615$ & $0.000450131$ & $0.0405343$ & $0.006571$ & $-0.033054$ & $-0.0302618$ & $-0.0229977$ \\
CHL1_33 & $-0.0133856$ & $-0.00721735$ & $-0.0195694$ & $-0.00293555$ & $-0.015306$ & $0.0353809$ & $-0.00273164$ & $-0.0726695$ & $-0.0670099$ & $0.0945578$ & $0.0295086$ & $0.0418469$ & $-0.00665506$ & $0.0963258$ & $0.329191$ & $1$ & $0.0648164$ & $-0.215416$ & $-0.620282$ & $0.000332006$ & $-0.180573$ & $-0.269504$ & $-0.0487406$ & $0.273336$ & $-0.305854$ & $0.0108555$ & $-0.496069$ & $-0.0623388$ & $0.018955$ & $0.00463733$ & $-0.011419$ & $-0.00514822$ & $0.00220997$ & $-0.253048$ & $-0.0270756$ & $-0.0418354$ & $-0.0108956$ & $-0.0471549$ & $0.0256273$ & $-0.0122017$ & $-0.0012547$ & $-0.0305142$ & $0.029326$ & $-0.0231395$ & $0.00855483$ & $-0.00280761$ & $-0.00783986$ & $-0.024828$ & $-0.0299507$ \\
CHL3_11 & $0.00566602$ & $0.0496544$ & $-0.0112188$ & $0.00959875$ & $-0.0109543$ & $-0.0537385$ & $-0.00611369$ & $-0.3548$ & $-0.352471$ & $0.81319$ & $0.0612607$ & $0.271733$ & $-0.136016$ & $0.627583$ & $0.0456561$ & $0.0648164$ & $1$ & $0.306433$ & $0.303429$ & $-0.0958613$ & $-0.0188802$ & $-0.0187143$ & $-0.0366226$ & $0.278062$ & $0.370989$ & $-0.0130952$ & $-0.123867$ & $0.0100319$ & $-0.00309658$ & $-0.0334071$ & $-0.0228996$ & $0.00565221$ & $-0.0678446$ & $-0.183708$ & $0.0243642$ & $-0.0140526$ & $-0.0336733$ & $-0.00878442$ & $0.0156612$ & $0.0469547$ & $0.0168414$ & $-0.0042534$ & $0.0154318$ & $0.0173059$ & $-0.0105024$ & $0.0127445$ & $0.0258284$ & $-0.0280571$ & $-0.0275484$ \\
CHL3_22 & $-0.017317$ & $-0.0282895$ & $0.0152432$ & $-0.00502739$ & $-0.0345006$ & $0.00756185$ & $0.00505972$ & $-0.179838$ & $-0.179531$ & $0.266335$ & $0.0810268$ & $0.117982$ & $-0.050041$ & $0.227459$ & $-0.652783$ & $-0.215416$ & $0.306433$ & $1$ & $0.385792$ & $-0.100985$ & $0.0688438$ & $0.0588862$ & $0.0754523$ & $4.94639e-05$ & $0.573497$ & $-0.0056311$ & $0.341777$ & $0.0314741$ & $-0.0201291$ & $-0.017929$ & $0.00842058$ & $0.0115393$ & $-0.000513472$ & $0.544384$ & $0.0310594$ & $-0.0212375$ & $-0.0204479$ & $0.00270232$ & $-0.00964197$ & $0.0430182$ & $-0.0119559$ & $0.0310202$ & $-0.0616901$ & $0.0230556$ & $-0.058459$ & $0.0229184$ & $0.022788$ & $0.0253622$ & $0.026114$ \\
CHL3_33 & $0.00484901$ & $0.0136041$ & $0.00563286$ & $-0.00486125$ & $-0.00523499$ & $0.0184514$ & $0.00206778$ & $-0.221591$ & $-0.219374$ & $0.257719$ & $0.117669$ & $0.130186$ & $-0.0461007$ & $0.208572$ & $-0.231542$ & $-0.620282$ & $0.303429$ & $0.385792$ & $1$ & $-0.127578$ & $0.0308887$ & $0.0139169$ & $0.081935$ & $0.0146197$ & $0.592002$ & $-0.0142947$ & $0.335863$ & $0.0346614$ & $-0.0103819$ & $-0.0055343$ & $-0.00120405$ & $0.00895937$ & $-0.00918518$ & $0.060843$ & $0.00435349$ & $0.0327259$ & $0.00894552$ & $0.0298677$ & $-0.0155496$ & $0.0392046$ & $-0.00230464$ & $0.0343554$ & $0.00110046$ & $-0.00649107$ & $0.0101723$ & $0.00357009$ & $0.0229039$ & $0.0198378$ & $0.0225162$ \\
CHe_11 & $-0.0340564$ & $-0.0938476$ & $0.00704115$ & $0.0222835$ & $0.0121163$ & $-0.111963$ & $0.0183501$ & $0.745876$ & $0.739936$ & $-0.0209782$ & $-0.77498$ & $-0.0900463$ & $0.0703529$ & $0.0793875$ & $-0.0223909$ & $0.000332006$ & $-0.0958613$ & $-0.100985$ & $-0.127578$ & $1$ & $0.335936$ & $0.338166$ & $0.0133179$ & $-0.238743$ & $-0.140985$ & $-0.0707447$ & $0.174873$ & $0.0620232$ & $-0.0343774$ & $-0.0277075$ & $0.0165106$ & $0.0192534$ & $0.00902157$ & $0.409045$ & $0.00476339$ & $0.0280422$ & $0.0101841$ & $0.0301595$ & $0.00282372$ & $0.00482714$ & $-0.0457123$ & $-0.0146056$ & $-0.0358115$ & $0.000963813$ & $-0.00976071$ & $0.0208218$ & $0.0191663$ & $0.028803$ & $0.0203032$ \\
CHe_22 & $-0.00606389$ & $-0.00809714$ & $-0.0246567$ & $0.0255221$ & $0.0214811$ & $-0.062637$ & $0.00540246$ & $0.345094$ & $0.334422$ & $0.00749761$ & $-0.354028$ & $-0.0904349$ & $0.00650545$ & $0.0820181$ & $-0.281428$ & $-0.180573$ & $-0.0188802$ & $0.0688438$ & $0.0308887$ & $0.335936$ & $1$ & $0.276632$ & $0.0265375$ & $-0.265965$ & $0.00895061$ & $-0.0570264$ & $0.316984$ & $0.0743067$ & $-0.0241862$ & $-0.0340766$ & $-0.019928$ & $0.00524722$ & $-0.0317825$ & $0.286585$ & $0.0461432$ & $0.00624316$ & $-0.0249527$ & $0.0309674$ & $0.0167479$ & $0.031672$ & $0.0112034$ & $0.0341956$ & $-0.0142092$ & $-0.00954396$ & $-0.0210689$ & $-0.00297869$ & $0.00543631$ & $0.0419682$ & $-0.0426767$ \\
CHe_33 & $-0.00671903$ & $0.0121879$ & $0.0346881$ & $-0.0157514$ & $-0.00091446$ & $-0.0509578$ & $-0.00738772$ & $0.362624$ & $0.357267$ & $-0.0166037$ & $-0.371859$ & $-0.117468$ & $0.0199671$ & $0.0576441$ & $-0.206112$ & $-0.269504$ & $-0.0187143$ & $0.0588862$ & $0.0139169$ & $0.338166$ & $0.276632$ & $1$ & $0.043293$ & $-0.26378$ & $0.00149036$ & $-0.0636743$ & $0.29996$ & $0.0841055$ & $-0.00389058$ & $-0.0290771$ & $0.00616167$ & $-0.00985159$ & $-0.00949954$ & $0.300215$ & $0.0170632$ & $0.0421171$ & $-0.0106765$ & $0.0135538$ & $-0.0207317$ & $-0.0187522$ & $-0.0127744$ & $0.00534678$ & $-0.0303914$ & $-0.0217515$ & $0.010969$ & $-0.0068129$ & $0.00849634$ & $0.0197899$ & $0.00570436$ \\
CHQ1_11 & $-0.0169843$ & $0.00267997$ & $0.0201093$ & $0.0174824$ & $-0.00510621$ & $0.0130931$ & $-0.00903408$ & $0.0312487$ & $0.0284778$ & $-0.0308204$ & $-0.0193875$ & $-0.0282084$ & $0.00719923$ & $-0.0216241$ & $-0.0860772$ & $-0.0487406$ & $-0.0366226$ & $0.0754523$ & $0.081935$ & $0.0133179$ & $0.0265375$ & $0.043293$ & $1$ & $-0.0736822$ & $0.103347$ & $-0.627705$ & $0.208242$ & $0.0266232$ & $0.00240183$ & $-0.00850679$ & $-0.00146995$ & $-0.0125167$ & $0.00997626$ & $0.0861447$ & $-0.0454606$ & $-0.0307372$ & $0.0447663$ & $0.00149798$ & $-0.0301105$ & $-0.0105902$ & $-0.0124771$ & $0.0451479$ & $-0.00972925$ & $0.0287695$ & $-0.000816758$ & $0.0390651$ & $0.0404454$ & $0.0672351$ & $0.0084373$ \\
CHQ1_33 & $-0.0335881$ & $-0.00270047$ & $-0.0170727$ & $-0.0012695$ & $-0.0168263$ & $0.032266$ & $0.0143599$ & $-0.337632$ & $-0.330906$ & $0.261286$ & $0.235953$ & $0.158031$ & $-0.0437498$ & $0.196022$ & $0.277165$ & $0.273336$ & $0.278062$ & $4.94639e-05$ & $0.0146197$ & $-0.238743$ & $-0.265965$ & $-0.26378$ & $-0.0736822$ & $1$ & $0.0679454$ & $0.0579779$ & $-0.221894$ & $0.107384$ & $0.013522$ & $-0.00167352$ & $-0.0135131$ & $0.00893688$ & $-0.0270745$ & $-0.315549$ & $-0.0158396$ & $-0.0108296$ & $-0.0295208$ & $-0.0192363$ & $0.00603235$ & $0.0121804$ & $0.0468403$ & $-0.0390571$ & $0.0318444$ & $-0.0100229$ & $0.0107395$ & $-0.0178277$ & $-0.0223536$ & $-0.0226642$ & $-0.0115962$ \\
CHQ3_11 & $-0.0562828$ & $-0.0503913$ & $-0.00445794$ & $0.00833363$ & $-0.0159908$ & $0.0104202$ & $-0.00172337$ & $-0.247809$ & $-0.244578$ & $0.318947$ & $0.129559$ & $0.167868$ & $-0.0617301$ & $0.261802$ & $-0.32789$ & $-0.305854$ & $0.370989$ & $0.573497$ & $0.592002$ & $-0.140985$ & $0.00895061$ & $0.00149036$ & $0.103347$ & $0.0679454$ & $1$ & $0.0171614$ & $0.536735$ & $0.00969339$ & $-0.013389$ & $-0.0195995$ & $-0.0219198$ & $0.010665$ & $-0.0053528$ & $0.163314$ & $0.0351031$ & $-0.00926151$ & $0.0206165$ & $-0.0156202$ & $-0.033636$ & $0.0277967$ & $0.0179758$ & $0.0298711$ & $-0.0413976$ & $0.0352902$ & $-0.0261492$ & $0.0054153$ & $0.0231986$ & $0.0408917$ & $0.011318$ \\
CHu_11 & $-0.00788748$ & $-0.0515587$ & $0.0235861$ & $-0.00982948$ & $-0.0110907$ & $0.00373786$ & $0.0144992$ & $-0.0614114$ & $-0.0619065$ & $-0.0023612$ & $0.0664911$ & $0.0212486$ & $-0.00516518$ & $-0.0233274$ & $0.0235191$ & $0.0108555$ & $-0.0130952$ & $-0.0056311$ & $-0.0142947$ & $-0.0707447$ & $-0.0570264$ & $-0.0636743$ & $-0.627705$ & $0.0579779$ & $0.0171614$ & $1$ & $0.1568$ & $-0.0196326$ & $0.00377071$ & $0.00862639$ & $-0.0152937$ & $0.0171032$ & $0.000471914$ & $-0.0500691$ & $0.013157$ & $0.0180831$ & $0.00167583$ & $0.0109156$ & $0.00690569$ & $-0.0144308$ & $0.00656703$ & $-0.0109634$ & $-0.0279652$ & $-0.027028$ & $-0.00532375$ & $-0.0208875$ & $-0.0387607$ & $-0.0343394$ & $0.020528$ \\
CHd_11 & $-0.0112656$ & $-0.0488533$ & $0.0462077$ & $0.0153216$ & $-0.00719348$ & $-0.0619117$ & $0.00733426$ & $0.285707$ & $0.276792$ & $-0.135768$ & $-0.218906$ & $-0.120106$ & $0.0140913$ & $-0.109974$ & $-0.517545$ & $-0.496069$ & $-0.123867$ & $0.341777$ & $0.335863$ & $0.174873$ & $0.316984$ & $0.29996$ & $0.208242$ & $-0.221894$ & $0.536735$ & $0.1568$ & $1$ & $0.0440568$ & $-0.0268514$ & $-0.0109676$ & $-0.0122652$ & $0.0136719$ & $0.00869928$ & $0.506304$ & $0.0206351$ & $0.0230509$ & $0.043358$ & $0.0253265$ & $-0.0580468$ & $-0.00193661$ & $0.0112771$ & $0.0288647$ & $-0.0631967$ & $0.0515787$ & $-0.0347939$ & $0.0203087$ & $0.0199265$ & $0.0521835$ & $0.0245558$ \\
CHd_33 & $-0.0311445$ & $0.0439139$ & $-0.00547998$ & $0.00723747$ & $-0.0182572$ & $0.000120083$ & $-0.0108577$ & $0.0744049$ & $0.0749414$ & $0.00898682$ & $-0.0764347$ & $-0.0227667$ & $0.00402802$ & $0.0334369$ & $-0.0493064$ & $-0.0623388$ & $0.0100319$ & $0.0314741$ & $0.0346614$ & $0.0620232$ & $0.0743067$ & $0.0841055$ & $0.0266232$ & $0.107384$ & $0.00969339$ & $-0.0196326$ & $0.0440568$ & $1$ & $0.00471297$ & $0.0128291$ & $0.00380024$ & $-0.0124546$ & $-0.0150902$ & $0.0800835$ & $0.0200064$ & $-0.0107115$ & $-0.0240689$ & $0.00704209$ & $0.014627$ & $0.0275609$ & $0.0272786$ & $-0.00101902$ & $0.0227354$ & $0.00410703$ & $0.0322747$ & $-0.0326577$ & $-0.0037749$ & $0.015737$ & $-0.0319089$ \\
CeH_22r & $0.020996$ & $0.00581561$ & $-0.0157572$ & $-0.0482572$ & $-0.0132111$ & $0.028815$ & $0.0439127$ & $-0.0390903$ & $-0.0236688$ & $0.00785382$ & $0.0441565$ & $0.0330363$ & $0.0075557$ & $0.00815172$ & $0.0185302$ & $0.018955$ & $-0.00309658$ & $-0.0201291$ & $-0.0103819$ & $-0.0343774$ & $-0.0241862$ & $-0.00389058$ & $0.00240183$ & $0.013522$ & $-0.013389$ & $0.00377071$ & $-0.0268514$ & $0.00471297$ & $1$ & $0.0263183$ & $-0.00749386$ & $0.0201777$ & $0.0210055$ & $-0.0413811$ & $-0.027445$ & $-0.0328724$ & $-0.0227896$ & $-0.0307202$ & $-0.0121319$ & $0.0148125$ & $0.000178129$ & $0.0291597$ & $0.0269411$ & $-0.0236939$ & $-0.0200187$ & $0.0121175$ & $0.0116244$ & $0.046363$ & $-0.0329989$ \\
CeH_33r & $-0.0180464$ & $0.00105571$ & $-0.000319954$ & $-0.0133669$ & $-0.000519021$ & $-0.00683666$ & $-0.0566278$ & $0.00494264$ & $0.0268373$ & $-0.0816658$ & $0.0065094$ & $0.176734$ & $0.0784218$ & $-0.0529869$ & $0.00248686$ & $0.00463733$ & $-0.0334071$ & $-0.017929$ & $-0.0055343$ & $-0.0277075$ & $-0.0340766$ & $-0.0290771$ & $-0.00850679$ & $-0.00167352$ & $-0.0195995$ & $0.00862639$ & $-0.0109676$ & $0.0128291$ & $0.0263183$ & $1$ & $0.241735$ & $0.0645205$ & $0.560302$ & $0.00355435$ & $-0.0594566$ & $0.0335685$ & $-0.117854$ & $-0.050819$ & $0.005215$ & $-0.0264626$ & $-0.0116196$ & $0.0169334$ & $-0.0056008$ & $0.013837$ & $0.0194554$ & $0.0175932$ & $0.0163981$ & $-0.0173147$ & $-0.0377417$ \\
CuH_22r & $0.0104273$ & $-0.011377$ & $0.0406462$ & $-0.0720485$ & $0.0203722$ & $0.0113832$ & $-0.0236392$ & $0.00935587$ & $0.0261361$ & $-0.0315206$ & $-0.0091147$ & $0.0455714$ & $0.0399358$ & $-0.0263153$ & $-0.0221035$ & $-0.011419$ & $-0.0228996$ & $0.00842058$ & $-0.00120405$ & $0.0165106$ & $-0.019928$ & $0.00616167$ & $-0.00146995$ & $-0.0135131$ & $-0.0219198$ & $-0.0152937$ & $-0.0122652$ & $0.00380024$ & $-0.00749386$ & $0.241735$ & $1$ & $0.0587255$ & $0.347936$ & $0.0119025$ & $-0.0879311$ & $0.00533913$ & $-0.0569981$ & $-0.022052$ & $0.0529443$ & $0.037855$ & $0.00847092$ & $0.00446175$ & $0.0192489$ & $0.0432564$ & $0.00115235$ & $0.0184643$ & $0.2518$ & $-0.0136262$ & $0.0429973$ \\
CuH_33r & $0.0333791$ & $-0.0346115$ & $-0.0155877$ & $0.0438821$ & $0.00326692$ & $0.0055437$ & $0.93693$ & $0.00523805$ & $0.0528323$ & $0.00182825$ & $-0.00919748$ & $0.0549924$ & $-0.0875087$ & $-0.000401025$ & $-0.00329118$ & $-0.00514822$ & $0.00565221$ & $0.0115393$ & $0.00895937$ & $0.0192534$ & $0.00524722$ & $-0.00985159$ & $-0.0125167$ & $0.00893688$ & $0.010665$ & $0.0171032$ & $0.0136719$ & $-0.0124546$ & $0.0201777$ & $0.0645205$ & $0.0587255$ & $1$ & $0.0868216$ & $0.00305248$ & $0.0625951$ & $0.00392824$ & $0.0296269$ & $0.0103935$ & $0.0189854$ & $0.0433063$ & $0.0410938$ & $-0.00393718$ & $0.0716694$ & $-0.0703301$ & $-0.0155837$ & $-0.0268373$ & $0.0221215$ & $-0.0116692$ & $0.0077685$ \\
CdH_33r & $-0.042624$ & $-0.109855$ & $0.05314$ & $-0.0696942$ & $0.0192813$ & $0.0161708$ & $-0.0909385$ & $0.00506486$ & $0.0330559$ & $-0.0679845$ & $0.00922241$ & $0.295107$ & $0.132282$ & $-0.0749734$ & $-0.00831157$ & $0.00220997$ & $-0.0678446$ & $-0.000513472$ & $-0.00918518$ & $0.00902157$ & $-0.0317825$ & $-0.00949954$ & $0.00997626$ & $-0.0270745$ & $-0.0053528$ & $0.000471914$ & $0.00869928$ & $-0.0150902$ & $0.0210055$ & $0.560302$ & $0.347936$ & $0.0868216$ & $1$ & $-0.00480535$ & $-0.100204$ & $-0.034033$ & $-0.0491977$ & $-0.0753638$ & $0.133024$ & $0.0291084$ & $-0.0481481$ & $-0.0866192$ & $-0.0810567$ & $0.0279033$ & $-0.132702$ & $-0.0456292$ & $0.0960947$ & $-0.0314359$ & $0.352053$ \\
CLL_1221 & $0.0157487$ & $0.0089249$ & $0.023372$ & $-0.00281079$ & $-0.0196058$ & $-0.109955$ & $0.00781215$ & $0.662096$ & $0.647321$ & $-0.206143$ & $-0.508663$ & $-0.330192$ & $0.0377756$ & $-0.1024$ & $-0.581837$ & $-0.253048$ & $-0.183708$ & $0.544384$ & $0.060843$ & $0.409045$ & $0.286585$ & $0.300215$ & $0.0861447$ & $-0.315549$ & $0.163314$ & $-0.0500691$ & $0.506304$ & $0.0800835$ & $-0.0413811$ & $0.00355435$ & $0.0119025$ & $0.00305248$ & $-0.00480535$ & $1$ & $-0.00166386$ & $0.00634292$ & $-0.0123434$ & $-0.00479383$ & $0.00420644$ & $-0.00025108$ & $-0.016141$ & $-0.00452652$ & $-0.00953747$ & $0.0117207$ & $-0.0231362$ & $0.0185974$ & $0.0186626$ & $0.0337098$ & $0.00157606$ \\
eHggint & $-0.0269456$ & $-0.0401114$ & $-0.15981$ & $0.278337$ & $-0.00197648$ & $-0.0241289$ & $0.0161562$ & $-0.0197367$ & $-0.0408539$ & $0.0177203$ & $0.0164157$ & $0.0402035$ & $-0.007404$ & $0.00289531$ & $-0.00236709$ & $-0.0270756$ & $0.0243642$ & $0.0310594$ & $0.00435349$ & $0.00476339$ & $0.0461432$ & $0.0170632$ & $-0.0454606$ & $-0.0158396$ & $0.0351031$ & $0.013157$ & $0.0206351$ & $0.0200064$ & $-0.027445$ & $-0.0594566$ & $-0.0879311$ & $0.0625951$ & $-0.100204$ & $-0.00166386$ & $1$ & $-0.126097$ & $0.0513379$ & $-0.0338397$ & $-0.223209$ & $0.166477$ & $0.0774671$ & $0.117357$ & $-0.146317$ & $0.225185$ & $-0.0314174$ & $-0.0874574$ & $-0.284941$ & $0.161807$ & $-0.145431$ \\
eHggpar & $-0.311502$ & $0.105948$ & $0.172785$ & $-0.00806737$ & $0.0747534$ & $-0.0099194$ & $-0.0224919$ & $0.00435535$ & $0.000728522$ & $-0.0167233$ & $0.0176165$ & $0.000335902$ & $0.00937922$ & $-0.0153415$ & $-0.0177309$ & $-0.0418354$ & $-0.0140526$ & $-0.0212375$ & $0.0327259$ & $0.0280422$ & $0.00624316$ & $0.0421171$ & $-0.0307372$ & $-0.0108296$ & $-0.00926151$ & $0.0180831$ & $0.0230509$ & $-0.0107115$ & $-0.0328724$ & $0.0335685$ & $0.00533913$ & $0.00392824$ & $-0.034033$ & $0.00634292$ & $-0.126097$ & $1$ & $-0.0688871$ & $0.0800005$ & $-0.179029$ & $-0.126096$ & $-0.12827$ & $0.0404554$ & $0.061983$ & $-0.266606$ & $0.403078$ & $0.0367329$ & $0.00595541$ & $0.057163$ & $-0.0971301$ \\
eHWWint & $-0.11039$ & $-0.122086$ & $0.0020884$ & $0.109895$ & $-0.00915067$ & $-0.0260608$ & $0.0494089$ & $0.0189783$ & $0.0157786$ & $-0.0224882$ & $-0.00857427$ & $0.000318313$ & $-0.000980757$ & $-0.0325411$ & $0.00858651$ & $-0.0108956$ & $-0.0336733$ & $-0.0204479$ & $0.00894552$ & $0.0101841$ & $-0.0249527$ & $-0.0106765$ & $0.0447663$ & $-0.0295208$ & $0.0206165$ & $0.00167583$ & $0.043358$ & $-0.0240689$ & $-0.0227896$ & $-0.117854$ & $-0.0569981$ & $0.0296269$ & $-0.0491977$ & $-0.0123434$ & $0.0513379$ & $-0.0688871$ & $1$ & $0.0585163$ & $-0.0455862$ & $-0.0241279$ & $-0.257172$ & $0.0444043$ & $0.00784429$ & $-0.144849$ & $0.0443728$ & $-0.113201$ & $-0.0256009$ & $0.18189$ & $0.199851$ \\
eHWWpar & $-0.0811492$ & $-0.097016$ & $0.053588$ & $-0.0553041$ & $-0.0459304$ & $-0.0305574$ & $0.0229243$ & $0.00954562$ & $0.00419625$ & $-0.0241353$ & $-0.0128689$ & $-0.0151925$ & $0.0138385$ & $-0.0053079$ & $-0.00944073$ & $-0.0471549$ & $-0.00878442$ & $0.00270232$ & $0.0298677$ & $0.0301595$ & $0.0309674$ & $0.0135538$ & $0.00149798$ & $-0.0192363$ & $-0.0156202$ & $0.0109156$ & $0.0253265$ & $0.00704209$ & $-0.0307202$ & $-0.050819$ & $-0.022052$ & $0.0103935$ & $-0.0753638$ & $-0.00479383$ & $-0.0338397$ & $0.0800005$ & $0.0585163$ & $1$ & $0.00928119$ & $0.0304614$ & $-0.0787308$ & $0.110022$ & $0.0442215$ & $-0.173227$ & $0.105942$ & $-0.146317$ & $0.110547$ & $0.127339$ & $0.0112214$ \\
eHZZint & $0.0151711$ & $-0.0270773$ & $0.0213268$ & $-0.0932913$ & $-0.0118494$ & $0.00684685$ & $0.0258027$ & $0.0261292$ & $0.041438$ & $0.0388667$ & $-0.0334607$ & $-0.00331893$ & $-0.00253181$ & $0.0420404$ & $4.27101e-05$ & $0.0256273$ & $0.0156612$ & $-0.00964197$ & $-0.0155496$ & $0.00282372$ & $0.0167479$ & $-0.0207317$ & $-0.0301105$ & $0.00603235$ & $-0.033636$ & $0.00690569$ & $-0.0580468$ & $0.014627$ & $-0.0121319$ & $0.005215$ & $0.0529443$ & $0.0189854$ & $0.133024$ & $0.00420644$ & $-0.223209$ & $-0.179029$ & $-0.0455862$ & $0.00928119$ & $1$ & $-0.0115148$ & $0.0636442$ & $-0.191713$ & $0.21169$ & $-0.108683$ & $-0.277495$ & $-0.210324$ & $0.279642$ & $-0.321831$ & $0.34275$ \\
eHZZpar & $-0.0463399$ & $-0.0232224$ & $0.00290776$ & $-0.051168$ & $-0.0066145$ & $0.00279392$ & $0.01774$ & $-0.0206277$ & $-0.0276437$ & $0.0513022$ & $0.000155259$ & $0.0347366$ & $-0.0220597$ & $0.0302703$ & $-0.0227709$ & $-0.0122017$ & $0.0469547$ & $0.0430182$ & $0.0392046$ & $0.00482714$ & $0.031672$ & $-0.0187522$ & $-0.0105902$ & $0.0121804$ & $0.0277967$ & $-0.0144308$ & $-0.00193661$ & $0.0275609$ & $0.0148125$ & $-0.0264626$ & $0.037855$ & $0.0433063$ & $0.0291084$ & $-0.00025108$ & $0.166477$ & $-0.126096$ & $-0.0241279$ & $0.0304614$ & $-0.0115148$ & $1$ & $-0.0795071$ & $-0.039421$ & $0.0145105$ & $0.0474719$ & $-0.124399$ & $0.0588571$ & $0.00222115$ & $-0.0659691$ & $0.113155$ \\
eHZgaint & $0.0110007$ & $0.270344$ & $0.123076$ & $-0.085273$ & $0.0389551$ & $-0.0201079$ & $0.0548847$ & $-0.0557038$ & $-0.0424798$ & $-0.0262226$ & $0.0554693$ & $0.0295074$ & $-0.0172794$ & $-0.0384486$ & $-0.0105833$ & $-0.0012547$ & $0.0168414$ & $-0.0119559$ & $-0.00230464$ & $-0.0457123$ & $0.0112034$ & $-0.0127744$ & $-0.0124771$ & $0.0468403$ & $0.0179758$ & $0.00656703$ & $0.0112771$ & $0.0272786$ & $0.000178129$ & $-0.0116196$ & $0.00847092$ & $0.0410938$ & $-0.0481481$ & $-0.016141$ & $0.0774671$ & $-0.12827$ & $-0.257172$ & $-0.0787308$ & $0.0636442$ & $-0.0795071$ & $1$ & $0.0148221$ & $0.174174$ & $-0.0351773$ & $-0.0420895$ & $-0.150252$ & $0.114434$ & $0.0792253$ & $-0.156818$ \\
eHZgapar & $-0.0844971$ & $-0.0462963$ & $0.0742197$ & $0.0251046$ & $-0.0510834$ & $-0.00901442$ & $-0.00783611$ & $-0.0245806$ & $-0.0292029$ & $0.00918339$ & $0.0139179$ & $0.0442084$ & $-0.00299777$ & $0.00627584$ & $-0.0487478$ & $-0.0305142$ & $-0.0042534$ & $0.0310202$ & $0.0343554$ & $-0.0146056$ & $0.0341956$ & $0.00534678$ & $0.0451479$ & $-0.0390571$ & $0.0298711$ & $-0.0109634$ & $0.0288647$ & $-0.00101902$ & $0.0291597$ & $0.0169334$ & $0.00446175$ & $-0.00393718$ & $-0.0866192$ & $-0.00452652$ & $0.117357$ & $0.0404554$ & $0.0444043$ & $0.110022$ & $-0.191713$ & $-0.039421$ & $0.0148221$ & $1$ & $-0.0559732$ & $-0.150892$ & $0.162581$ & $-0.0325622$ & $0.00675658$ & $0.20723$ & $-0.286568$ \\
eHgagaint & $0.117207$ & $0.401166$ & $-0.0250346$ & $0.000727779$ & $-0.00925499$ & $0.00597686$ & $0.0815977$ & $-0.0199145$ & $0.0249152$ & $0.0288275$ & $0.00554721$ & $-0.027669$ & $-0.00713162$ & $0.00133205$ & $0.0438615$ & $0.029326$ & $0.0154318$ & $-0.0616901$ & $0.00110046$ & $-0.0358115$ & $-0.0142092$ & $-0.0303914$ & $-0.00972925$ & $0.0318444$ & $-0.0413976$ & $-0.0279652$ & $-0.0631967$ & $0.0227354$ & $0.0269411$ & $-0.0056008$ & $0.0192489$ & $0.0716694$ & $-0.0810567$ & $-0.00953747$ & $-0.146317$ & $0.061983$ & $0.00784429$ & $0.0442215$ & $0.21169$ & $0.0145105$ & $0.174174$ & $-0.0559732$ & $1$ & $-0.385902$ & $0.208698$ & $-0.0479073$ & $0.181767$ & $-0.0279245$ & $-0.110447$ \\
eHmumuint & $0.148691$ & $-3.02565e-05$ & $-0.181933$ & $0.222253$ & $0.144597$ & $0.0100738$ & $-0.08648$ & $-0.00742335$ & $-0.0232165$ & $0.0268743$ & $0.0221933$ & $0.0236909$ & $-0.00703189$ & $0.021884$ & $0.000450131$ & $-0.0231395$ & $0.0173059$ & $0.0230556$ & $-0.00649107$ & $0.000963813$ & $-0.00954396$ & $-0.0217515$ & $0.0287695$ & $-0.0100229$ & $0.0352902$ & $-0.027028$ & $0.0515787$ & $0.00410703$ & $-0.0236939$ & $0.013837$ & $0.0432564$ & $-0.0703301$ & $0.0279033$ & $0.0117207$ & $0.225185$ & $-0.266606$ & $-0.144849$ & $-0.173227$ & $-0.108683$ & $0.0474719$ & $-0.0351773$ & $-0.150892$ & $-0.385902$ & $1$ & $-0.114772$ & $0.16589$ & $0.0156529$ & $-0.111318$ & $-0.0126721$ \\
eHtautauint & $-0.155983$ & $0.0639622$ & $-0.133785$ & $0.102284$ & $0.0809938$ & $-0.00756797$ & $-0.0231784$ & $-0.00149387$ & $0.00416449$ & $-0.0268591$ & $0.0284366$ & $-0.0404893$ & $0.00766458$ & $-0.0261919$ & $0.0405343$ & $0.00855483$ & $-0.0105024$ & $-0.058459$ & $0.0101723$ & $-0.00976071$ & $-0.0210689$ & $0.010969$ & $-0.000816758$ & $0.0107395$ & $-0.0261492$ & $-0.00532375$ & $-0.0347939$ & $0.0322747$ & $-0.0200187$ & $0.0194554$ & $0.00115235$ & $-0.0155837$ & $-0.132702$ & $-0.0231362$ & $-0.0314174$ & $0.403078$ & $0.0443728$ & $0.105942$ & $-0.277495$ & $-0.124399$ & $-0.0420895$ & $0.162581$ & $0.208698$ & $-0.114772$ & $1$ & $-0.243771$ & $0.00952183$ & $0.191638$ & $-0.307027$ \\
eHccint & $0.0825269$ & $0.0264952$ & $0.105962$ & $0.0395262$ & $0.0146145$ & $-0.000435187$ & $-0.0298108$ & $0.0100992$ & $0.00281615$ & $0.042187$ & $-0.0209869$ & $0.020794$ & $-0.0168815$ & $0.0361725$ & $0.006571$ & $-0.00280761$ & $0.0127445$ & $0.0229184$ & $0.00357009$ & $0.0208218$ & $-0.00297869$ & $-0.0068129$ & $0.0390651$ & $-0.0178277$ & $0.0054153$ & $-0.0208875$ & $0.0203087$ & $-0.0326577$ & $0.0121175$ & $0.0175932$ & $0.0184643$ & $-0.0268373$ & $-0.0456292$ & $0.0185974$ & $-0.0874574$ & $0.0367329$ & $-0.113201$ & $-0.146317$ & $-0.210324$ & $0.0588571$ & $-0.150252$ & $-0.0325622$ & $-0.0479073$ & $0.16589$ & $-0.243771$ & $1$ & $-0.104733$ & $-0.155009$ & $-0.12468$ \\
eHccpar & $0.0853599$ & $0.0580603$ & $0.104895$ & $-0.252675$ & $0.0555289$ & $-0.016159$ & $0.024583$ & $0.00555027$ & $0.0232313$ & $0.0358553$ & $-0.0144818$ & $0.0142343$ & $-0.0086111$ & $0.0461139$ & $-0.033054$ & $-0.00783986$ & $0.0258284$ & $0.022788$ & $0.0229039$ & $0.0191663$ & $0.00543631$ & $0.00849634$ & $0.0404454$ & $-0.0223536$ & $0.0231986$ & $-0.0387607$ & $0.0199265$ & $-0.0037749$ & $0.0116244$ & $0.0163981$ & $0.2518$ & $0.0221215$ & $0.0960947$ & $0.0186626$ & $-0.284941$ & $0.00595541$ & $-0.0256009$ & $0.110547$ & $0.279642$ & $0.00222115$ & $0.114434$ & $0.00675658$ & $0.181767$ & $0.0156529$ & $0.00952183$ & $-0.104733$ & $1$ & $-0.0332001$ & $0.175907$ \\
eHbbint & $-0.190606$ & $-0.0720724$ & $-0.0763781$ & $0.204584$ & $-0.0186286$ & $-0.0723497$ & $-0.009187$ & $0.0233306$ & $0.0147022$ & $-0.056328$ & $-0.0107686$ & $-0.0283382$ & $0.00854636$ & $-0.0445462$ & $-0.0302618$ & $-0.024828$ & $-0.0280571$ & $0.0253622$ & $0.0198378$ & $0.028803$ & $0.0419682$ & $0.0197899$ & $0.0672351$ & $-0.0226642$ & $0.0408917$ & $-0.0343394$ & $0.0521835$ & $0.015737$ & $0.046363$ & $-0.0173147$ & $-0.0136262$ & $-0.0116692$ & $-0.0314359$ & $0.0337098$ & $0.161807$ & $0.057163$ & $0.18189$ & $0.127339$ & $-0.321831$ & $-0.0659691$ & $0.0792253$ & $0.20723$ & $-0.0279245$ & $-0.111318$ & $0.191638$ & $-0.155009$ & $-0.0332001$ & $1$ & $-0.239019$ \\
eHbbpar & $-0.0537242$ & $-0.271245$ & $0.159805$ & $-0.239771$ & $0.0518946$ & $0.00433538$ & $0.0114484$ & $0.0276402$ & $0.0261254$ & $-0.0174597$ & $-0.0218779$ & $-0.0242387$ & $0.00925162$ & $-0.000471364$ & $-0.0229977$ & $-0.0299507$ & $-0.0275484$ & $0.026114$ & $0.0225162$ & $0.0203032$ & $-0.0426767$ & $0.00570436$ & $0.0084373$ & $-0.0115962$ & $0.011318$ & $0.020528$ & $0.0245558$ & $-0.0319089$ & $-0.0329989$ & $-0.0377417$ & $0.0429973$ & $0.0077685$ & $0.352053$ & $0.00157606$ & $-0.145431$ & $-0.0971301$ & $0.199851$ & $0.0112214$ & $0.34275$ & $0.113155$ & $-0.156818$ & $-0.286568$ & $-0.110447$ & $-0.0126721$ & $-0.307027$ & $-0.12468$ & $0.175907$ & $-0.239019$ & $1$ \\
