 & AlsMz & dAle5Mz & mtop & mHl & Mz & CW & CHG & CHWB & CHWHB_gaga & CHWHB_gagaorth & CHD & CHbox & CH & CHL1_11 & CHL1_22 & CHL1_33 & CHL3_11 & CHL3_22 & CHL3_33 & CHe_11 & CHe_22 & CHe_33 & CHQ1_11 & CHQ1_33 & CHQ3_11 & CHu_11 & CHd_11 & CHd_33 & CeH_22r & CeH_33r & CuH_22r & CuH_33r & CdH_33r & CLL_1221 & eHggint & eHggpar & eHWWint & eHWWpar & eHZZint & eHZZpar & eHZgaint & eHZgapar & eHgagaint & eHmumuint & eHtautauint & eHccint & eHccpar & eHbbint & eHbbpar \\
AlsMz & $1$ & $0.0880986$ & $-0.0803784$ & $-0.0176849$ & $-0.0104906$ & $0.00933522$ & $-0.0765025$ & $-0.00412279$ & $-0.000712045$ & $-0.00386671$ & $-0.0115477$ & $-0.0210508$ & $0.030478$ & $0.0119202$ & $0.00172891$ & $0.0237434$ & $0.0190424$ & $0.0168272$ & $-0.000993251$ & $0.00892328$ & $0.00355984$ & $0.000361981$ & $0.0159132$ & $-0.0368898$ & $-0.0627875$ & $-0.0386978$ & $-0.0189495$ & $0.0111621$ & $0.0289896$ & $0.0342121$ & $-0.056811$ & $-0.0805951$ & $-0.00927058$ & $0.00260069$ & $-0.125126$ & $0.0746896$ & $-0.318368$ & $-0.00821351$ & $0.102115$ & $0.041493$ & $0.0345919$ & $-0.028755$ & $0.12917$ & $-0.284959$ & $0.0344622$ & $-0.297341$ & $-0.160794$ & $-0.128001$ & $-0.102825$ \\
dAle5Mz & $0.0880986$ & $1$ & $-0.122875$ & $0.176358$ & $0.0132178$ & $-0.0288245$ & $-0.0131777$ & $-0.0387464$ & $-0.0330708$ & $0.00343955$ & $0.0176639$ & $-0.000353279$ & $-0.0108302$ & $-0.00216541$ & $0.00211136$ & $0.00609301$ & $0.0332632$ & $0.0159311$ & $0.0131991$ & $-0.00209631$ & $-0.00154491$ & $0.000354411$ & $-0.0403657$ & $0.0194348$ & $0.00470501$ & $0.0213949$ & $-0.0143241$ & $0.0135877$ & $0.0338879$ & $0.0366816$ & $-0.0335944$ & $-0.025668$ & $0.0674702$ & $0.0179519$ & $-0.152237$ & $-0.160718$ & $-0.0841698$ & $-0.00709001$ & $0.000448172$ & $0.0201244$ & $0.0945692$ & $0.0711881$ & $0.117158$ & $-0.0580998$ & $0.178367$ & $-0.00365173$ & $-0.130362$ & $-0.01065$ & $0.112819$ \\
mtop & $-0.0803784$ & $-0.122875$ & $1$ & $-0.101763$ & $0.0382828$ & $0.0215788$ & $0.0133436$ & $0.0164532$ & $0.0037234$ & $-0.0322675$ & $-0.000523025$ & $0.0104096$ & $-0.000651118$ & $-0.0139138$ & $0.0464213$ & $0.0157837$ & $-0.023594$ & $-0.0456457$ & $-0.0197077$ & $0.0120367$ & $0.00270304$ & $0.00573684$ & $-0.0225382$ & $0.0033905$ & $-0.0286946$ & $0.0142963$ & $-0.0226976$ & $0.0032949$ & $-0.0130893$ & $-0.034388$ & $-0.0067464$ & $0.0293741$ & $4.16343e-05$ & $-0.0334024$ & $0.194486$ & $-0.043134$ & $0.250422$ & $-0.0561892$ & $0.0844397$ & $0.0258519$ & $0.174948$ & $0.021251$ & $-0.033716$ & $0.258848$ & $0.00726273$ & $0.0564734$ & $0.0505615$ & $0.42371$ & $-0.0575952$ \\
mHl & $-0.0176849$ & $0.176358$ & $-0.101763$ & $1$ & $0.0219953$ & $-0.0392293$ & $-0.0326575$ & $-0.00355552$ & $-0.0178265$ & $0.00841366$ & $0.00247381$ & $0.0316895$ & $0.00718004$ & $-0.0199859$ & $0.0129324$ & $0.0349493$ & $0.00407774$ & $-0.00854629$ & $-0.0326386$ & $0.00098001$ & $-0.00426421$ & $-0.00960407$ & $-0.0203946$ & $0.00917827$ & $-0.00292852$ & $0.0178629$ & $-0.00468755$ & $0.000249941$ & $0.0216868$ & $0.0282927$ & $0.0464237$ & $-0.0317004$ & $0.0398221$ & $0.00238916$ & $0.0736372$ & $-0.241474$ & $-0.118758$ & $-0.0437152$ & $-0.0730746$ & $-0.0214057$ & $0.0962689$ & $0.0235615$ & $-0.308521$ & $0.309842$ & $0.211504$ & $0.0843058$ & $0.0808593$ & $-0.119456$ & $0.0726115$ \\
Mz & $-0.0104906$ & $0.0132178$ & $0.0382828$ & $0.0219953$ & $1$ & $-0.0164463$ & $-0.032755$ & $0.00734477$ & $0.0043313$ & $0.00293126$ & $0.0111712$ & $0.00840357$ & $0.0158827$ & $-0.0166177$ & $-0.00852227$ & $-0.00596964$ & $-0.011093$ & $-0.0109466$ & $-0.0105492$ & $-0.00223105$ & $0.00207831$ & $0.00329468$ & $-0.00990324$ & $-0.0142806$ & $-0.00144991$ & $0.0309127$ & $0.0304271$ & $-0.0120261$ & $0.00499777$ & $0.00763147$ & $0.0150188$ & $-0.019436$ & $0.0239702$ & $0.0149243$ & $0.0448549$ & $-0.0250749$ & $-0.0354572$ & $0.0120178$ & $0.0296075$ & $0.00036071$ & $0.000576965$ & $-0.0186942$ & $0.0048404$ & $0.0126162$ & $0.0380152$ & $0.0315985$ & $0.0257551$ & $0.000995822$ & $0.0367976$ \\
CW & $0.00933522$ & $-0.0288245$ & $0.0215788$ & $-0.0392293$ & $-0.0164463$ & $1$ & $-0.0212713$ & $-0.129984$ & $-0.130662$ & $0.0215223$ & $0.18663$ & $0.0432416$ & $0.00828535$ & $0.0289356$ & $-0.0746229$ & $-0.116634$ & $-0.253939$ & $-0.0535635$ & $-0.0200257$ & $-0.188735$ & $-0.188302$ & $-0.186991$ & $0.00623984$ & $0.00337756$ & $-0.0784289$ & $0.0922765$ & $-0.0688771$ & $-0.0512484$ & $0.0199505$ & $0.0113763$ & $0.011423$ & $-0.0176696$ & $0.013106$ & $-0.13631$ & $0.0104999$ & $0.0129209$ & $-0.0306469$ & $0.0099875$ & $0.0122025$ & $0.000368335$ & $0.0201648$ & $-0.0381294$ & $0.0181637$ & $-0.00933107$ & $-0.00717464$ & $0.0270903$ & $0.0149823$ & $0.0160103$ & $-0.0195352$ \\
CHG & $-0.0765025$ & $-0.0131777$ & $0.0133436$ & $-0.0326575$ & $-0.032755$ & $-0.0212713$ & $1$ & $-0.0961347$ & $-0.0431741$ & $0.0678444$ & $0.0402525$ & $0.049523$ & $-0.289784$ & $0.0814605$ & $-0.0179887$ & $-0.0250945$ & $0.103987$ & $0.113695$ & $0.121459$ & $-0.0382877$ & $-0.042794$ & $-0.0421277$ & $-0.0243241$ & $0.126547$ & $0.110625$ & $0.0244576$ & $-0.0467295$ & $-0.0114536$ & $0.00241657$ & $-0.134641$ & $-0.0517988$ & $0.937969$ & $-0.169426$ & $-0.0643698$ & $-0.0280148$ & $-0.0323804$ & $0.0877862$ & $0.00371992$ & $-0.0758539$ & $-0.0245351$ & $-0.0594659$ & $-0.00418535$ & $-0.0132525$ & $0.00123883$ & $0.0187705$ & $0.0617323$ & $0.0242572$ & $-0.0204676$ & $-0.00899573$ \\
CHWB & $-0.00412279$ & $-0.0387464$ & $0.0164532$ & $-0.00355552$ & $0.00734477$ & $-0.129984$ & $-0.0961347$ & $1$ & $0.982103$ & $-0.554194$ & $-0.872177$ & $-0.349049$ & $0.36339$ & $0.0967133$ & $0.274711$ & $0.27576$ & $-0.223603$ & $-0.402846$ & $-0.414406$ & $0.843566$ & $0.890697$ & $0.876148$ & $0.0740004$ & $-0.668563$ & $-0.378431$ & $-0.511242$ & $0.444695$ & $0.288834$ & $0.00708482$ & $0.104065$ & $0.0411181$ & $-0.092022$ & $0.0974623$ & $0.583369$ & $-0.0058112$ & $0.00539098$ & $0.0185117$ & $0.0127694$ & $0.00849294$ & $-0.0142467$ & $0.00988528$ & $-0.0307275$ & $0.0211134$ & $-0.00918049$ & $0.0114003$ & $-0.0304314$ & $-0.00596461$ & $-0.024109$ & $-0.045362$ \\
CHWHB_gaga & $-0.000712045$ & $-0.0330708$ & $0.0037234$ & $-0.0178265$ & $0.0043313$ & $-0.130662$ & $-0.0431741$ & $0.982103$ & $1$ & $-0.542679$ & $-0.853461$ & $-0.324816$ & $0.360381$ & $0.0889148$ & $0.268607$ & $0.268766$ & $-0.226208$ & $-0.400809$ & $-0.411802$ & $0.82547$ & $0.871754$ & $0.857555$ & $0.0710743$ & $-0.660426$ & $-0.378002$ & $-0.499756$ & $0.43624$ & $0.281317$ & $0.011609$ & $0.123609$ & $0.0508367$ & $-0.048574$ & $0.121046$ & $0.573893$ & $-0.02674$ & $0.0134607$ & $0.0153698$ & $0.0112616$ & $0.000785095$ & $-0.019002$ & $0.00289291$ & $-0.028732$ & $0.0671145$ & $-0.0333653$ & $0.00557978$ & $-0.0376078$ & $-0.0174177$ & $-0.0274218$ & $-0.0385939$ \\
CHWHB_gagaorth & $-0.00386671$ & $0.00343955$ & $-0.0322675$ & $0.00841366$ & $0.00293126$ & $0.0215223$ & $0.0678444$ & $-0.554194$ & $-0.542679$ & $1$ & $0.326185$ & $0.672251$ & $-0.239663$ & $0.248099$ & $-0.104622$ & $-0.109708$ & $0.430717$ & $0.481268$ & $0.486349$ & $-0.312213$ & $-0.344103$ & $-0.344725$ & $-0.0599939$ & $0.556115$ & $0.473855$ & $0.208608$ & $-0.241444$ & $-0.118101$ & $-0.00138471$ & $-0.133215$ & $-0.0559051$ & $0.0833316$ & $-0.135093$ & $-0.353825$ & $0.0276281$ & $0.0077076$ & $-0.0155578$ & $-0.0201202$ & $0.0022011$ & $0.00131477$ & $-0.0705249$ & $0.00618144$ & $0.0116875$ & $-0.0219147$ & $-0.0393439$ & $-0.00138343$ & $0.0127201$ & $-0.00502398$ & $0.0208266$ \\
CHD & $-0.0115477$ & $0.0176639$ & $-0.000523025$ & $0.00247381$ & $0.0111712$ & $0.18663$ & $0.0402525$ & $-0.872177$ & $-0.853461$ & $0.326185$ & $1$ & $0.338989$ & $-0.160403$ & $-0.523097$ & $-0.395218$ & $-0.402559$ & $-0.247044$ & $0.0136653$ & $0.0328701$ & $-0.990742$ & $-0.991381$ & $-0.970117$ & $-0.0155319$ & $0.287843$ & $-0.020851$ & $0.566931$ & $-0.308914$ & $-0.323723$ & $0.0028835$ & $-0.0446117$ & $-0.0075622$ & $0.0478063$ & $-0.0343109$ & $-0.389051$ & $0.0296135$ & $0.000862042$ & $-0.0256542$ & $-0.000865274$ & $-0.00149007$ & $0.0143786$ & $0.0156616$ & $0.029687$ & $-0.0303354$ & $0.0269173$ & $-0.00785523$ & $0.0382847$ & $0.019722$ & $0.036621$ & $0.037533$ \\
CHbox & $-0.0210508$ & $-0.000353279$ & $0.0104096$ & $0.0316895$ & $0.00840357$ & $0.0432416$ & $0.049523$ & $-0.349049$ & $-0.324816$ & $0.672251$ & $0.338989$ & $1$ & $-0.188936$ & $-0.109648$ & $-0.0614156$ & $-0.0564103$ & $-0.00129495$ & $0.0597513$ & $0.054297$ & $-0.316936$ & $-0.350675$ & $-0.344213$ & $-0.0555853$ & $0.208631$ & $0.0560331$ & $0.220297$ & $-0.191752$ & $-0.137314$ & $0.00857848$ & $0.13715$ & $0.0435427$ & $0.114132$ & $0.163931$ & $-0.235751$ & $0.0689173$ & $0.0283501$ & $-0.0195262$ & $-0.0246854$ & $0.0224977$ & $0.0113391$ & $-0.0269374$ & $0.013171$ & $-0.0110359$ & $0.0207116$ & $-0.0172364$ & $0.00824609$ & $0.023957$ & $0.00670935$ & $0.00467469$ \\
CH & $0.030478$ & $-0.0108302$ & $-0.000651118$ & $0.00718004$ & $0.0158827$ & $0.00828535$ & $-0.289784$ & $0.36339$ & $0.360381$ & $-0.239663$ & $-0.160403$ & $-0.188936$ & $1$ & $-0.27064$ & $0.0528799$ & $0.0728003$ & $-0.389183$ & $-0.400829$ & $-0.421428$ & $0.155711$ & $0.17362$ & $0.173595$ & $0.0459979$ & $-0.426362$ & $-0.406512$ & $-0.108694$ & $0.148918$ & $0.0613253$ & $0.0347003$ & $0.288484$ & $0.10608$ & $-0.241614$ & $0.350701$ & $0.242078$ & $0.0168638$ & $0.0389628$ & $-0.0296199$ & $-0.00224457$ & $-0.00341587$ & $0.0059394$ & $0.0416112$ & $-0.0200166$ & $0.0220589$ & $-0.0176219$ & $-0.00766921$ & $-0.0294578$ & $-0.0290259$ & $0.00898944$ & $-0.0130293$ \\
CHL1_11 & $0.0119202$ & $-0.00216541$ & $-0.0139138$ & $-0.0199859$ & $-0.0166177$ & $0.0289356$ & $0.0814605$ & $0.0967133$ & $0.0889148$ & $0.248099$ & $-0.523097$ & $-0.109648$ & $-0.27064$ & $1$ & $0.251639$ & $0.261312$ & $0.671616$ & $0.628954$ & $0.616412$ & $0.540277$ & $0.484574$ & $0.466768$ & $-0.0727857$ & $0.481835$ & $0.622464$ & $-0.278094$ & $-0.0852283$ & $0.172724$ & $-0.00931095$ & $-0.0822122$ & $-0.0522245$ & $0.0584871$ & $-0.0939007$ & $-0.190413$ & $-0.04513$ & $-0.00694053$ & $0.0227238$ & $-0.0127365$ & $-0.0147609$ & $-0.0036017$ & $-0.0496796$ & $-0.00949394$ & $0.0241868$ & $-0.0402772$ & $-0.00870234$ & $-0.0278426$ & $-0.0271796$ & $-0.0335876$ & $-0.01164$ \\
CHL1_22 & $0.00172891$ & $0.00211136$ & $0.0464213$ & $0.0129324$ & $-0.00852227$ & $-0.0746229$ & $-0.0179887$ & $0.274711$ & $0.268607$ & $-0.104622$ & $-0.395218$ & $-0.0614156$ & $0.0528799$ & $0.251639$ & $1$ & $0.424886$ & $0.169478$ & $-0.427286$ & $-0.0194338$ & $0.458551$ & $0.31375$ & $0.303448$ & $-0.174688$ & $0.104089$ & $-0.126263$ & $-0.17842$ & $-0.396933$ & $0.0936597$ & $0.00471571$ & $0.0188874$ & $0.00894152$ & $-0.0162914$ & $0.0287244$ & $-0.589557$ & $0.00431985$ & $0.00185533$ & $0.0221236$ & $-0.00530953$ & $0.0286921$ & $-0.0229505$ & $-0.0164916$ & $-0.00644452$ & $0.0126753$ & $0.0365973$ & $-0.0191003$ & $0.0224503$ & $0.000455636$ & $0.0282606$ & $0.0139169$ \\
CHL1_33 & $0.0237434$ & $0.00609301$ & $0.0157837$ & $0.0349493$ & $-0.00596964$ & $-0.116634$ & $-0.0250945$ & $0.27576$ & $0.268766$ & $-0.109708$ & $-0.402559$ & $-0.0564103$ & $0.0728003$ & $0.261312$ & $0.424886$ & $1$ & $0.182669$ & $0.0102914$ & $-0.418294$ & $0.467912$ & $0.321662$ & $0.343296$ & $-0.174891$ & $0.120357$ & $-0.104143$ & $-0.1854$ & $-0.378125$ & $0.112058$ & $-0.00204662$ & $0.0455675$ & $0.0181409$ & $-0.0130105$ & $0.0614348$ & $-0.0846427$ & $-0.00683486$ & $0.0178189$ & $0.00793907$ & $-0.00190707$ & $0.00217819$ & $-0.0103034$ & $-0.00981002$ & $-0.0206145$ & $-0.0111545$ & $0.0112471$ & $0.0308303$ & $-0.0304712$ & $-0.0343634$ & $0.0164698$ & $0.00742309$ \\
CHL3_11 & $0.0190424$ & $0.0332632$ & $-0.023594$ & $0.00407774$ & $-0.011093$ & $-0.253939$ & $0.103987$ & $-0.223603$ & $-0.226208$ & $0.430717$ & $-0.247044$ & $-0.00129495$ & $-0.389183$ & $0.671616$ & $0.169478$ & $0.182669$ & $1$ & $0.748116$ & $0.734412$ & $0.27024$ & $0.212486$ & $0.199769$ & $-0.0854987$ & $0.678001$ & $0.784629$ & $-0.110973$ & $-0.16043$ & $0.0663676$ & $-0.0292625$ & $-0.117916$ & $-0.0641399$ & $0.0812917$ & $-0.123361$ & $-0.233209$ & $-0.0338153$ & $-0.0157152$ & $0.0202939$ & $-0.0233674$ & $-0.0137378$ & $0.00190394$ & $-0.0502725$ & $-0.00164155$ & $0.0145172$ & $-0.0232439$ & $-0.00727983$ & $-0.00400292$ & $-0.0148543$ & $-0.016834$ & $0.0163387$ \\
CHL3_22 & $0.0168272$ & $0.0159311$ & $-0.0456457$ & $-0.00854629$ & $-0.0109466$ & $-0.0535635$ & $0.113695$ & $-0.402846$ & $-0.400809$ & $0.481268$ & $0.0136653$ & $0.0597513$ & $-0.400829$ & $0.628954$ & $-0.427286$ & $0.0102914$ & $0.748116$ & $1$ & $0.678574$ & $-0.0139075$ & $-0.0125127$ & $-0.0159173$ & $-0.00219088$ & $0.633981$ & $0.805432$ & $0.0102398$ & $-0.00788217$ & $0.00646652$ & $-0.0229702$ & $-0.120544$ & $-0.0654283$ & $0.0925399$ & $-0.130989$ & $0.0373699$ & $-0.0408759$ & $-0.00925263$ & $0.00672642$ & $-0.0165552$ & $-0.0339241$ & $0.0133525$ & $-0.0398465$ & $0.00544643$ & $0.0025605$ & $-0.0501586$ & $0.00430258$ & $-0.0274711$ & $-0.0239359$ & $-0.0349636$ & $0.00528898$ \\
CHL3_33 & $-0.000993251$ & $0.0131991$ & $-0.0197077$ & $-0.0326386$ & $-0.0105492$ & $-0.0200257$ & $0.121459$ & $-0.414406$ & $-0.411802$ & $0.486349$ & $0.0328701$ & $0.054297$ & $-0.421428$ & $0.616412$ & $-0.0194338$ & $-0.418294$ & $0.734412$ & $0.678574$ & $1$ & $-0.03647$ & $-0.0284226$ & $-0.0346913$ & $0.00311198$ & $0.621732$ & $0.798658$ & $0.0239084$ & $-0.0058869$ & $-0.0143252$ & $-0.0176365$ & $-0.141003$ & $-0.0756078$ & $0.0927906$ & $-0.157752$ & $-0.334799$ & $-0.0332692$ & $-0.0225328$ & $0.0186507$ & $-0.0155883$ & $-0.0103527$ & $0.00831653$ & $-0.0420721$ & $0.0156248$ & $0.0247281$ & $-0.033438$ & $-0.0333585$ & $0.00905223$ & $0.00197432$ & $-0.0249721$ & $0.00650473$ \\
CHe_11 & $0.00892328$ & $-0.00209631$ & $0.0120367$ & $0.00098001$ & $-0.00223105$ & $-0.188735$ & $-0.0382877$ & $0.843566$ & $0.82547$ & $-0.312213$ & $-0.990742$ & $-0.316936$ & $0.155711$ & $0.540277$ & $0.458551$ & $0.467912$ & $0.27024$ & $-0.0139075$ & $-0.03647$ & $1$ & $0.973416$ & $0.952323$ & $-0.00979639$ & $-0.234986$ & $0.026747$ & $-0.555592$ & $0.235182$ & $0.316393$ & $-0.00206709$ & $0.0443152$ & $0.00825296$ & $-0.0448753$ & $0.0374027$ & $0.313537$ & $-0.0316945$ & $-0.00125196$ & $0.0300978$ & $0.000799429$ & $0.00173422$ & $-0.014531$ & $-0.0143073$ & $-0.0248754$ & $0.0289535$ & $-0.0225732$ & $0.00959713$ & $-0.0370275$ & $-0.0243831$ & $-0.0279897$ & $-0.0313942$ \\
CHe_22 & $0.00355984$ & $-0.00154491$ & $0.00270304$ & $-0.00426421$ & $0.00207831$ & $-0.188302$ & $-0.042794$ & $0.890697$ & $0.871754$ & $-0.344103$ & $-0.991381$ & $-0.350675$ & $0.17362$ & $0.484574$ & $0.31375$ & $0.321662$ & $0.212486$ & $-0.0125127$ & $-0.0284226$ & $0.973416$ & $1$ & $0.974906$ & $0.0428524$ & $-0.342873$ & $0.0132025$ & $-0.568341$ & $0.388117$ & $0.324995$ & $-0.00324073$ & $0.0468453$ & $0.00956435$ & $-0.0506886$ & $0.0360843$ & $0.471371$ & $-0.029504$ & $-0.00593091$ & $0.0253238$ & $0.00235673$ & $-0.00217187$ & $-0.0117561$ & $-0.0112289$ & $-0.0281078$ & $0.031872$ & $-0.026176$ & $0.0102272$ & $-0.035904$ & $-0.018565$ & $-0.0353168$ & $-0.0396757$ \\
CHe_33 & $0.000361981$ & $0.000354411$ & $0.00573684$ & $-0.00960407$ & $0.00329468$ & $-0.186991$ & $-0.0421277$ & $0.876148$ & $0.857555$ & $-0.344725$ & $-0.970117$ & $-0.344213$ & $0.173595$ & $0.466768$ & $0.303448$ & $0.343296$ & $0.199769$ & $-0.0159173$ & $-0.0346913$ & $0.952323$ & $0.974906$ & $1$ & $0.039819$ & $-0.341459$ & $0.006626$ & $-0.553909$ & $0.382207$ & $0.316194$ & $-0.00586464$ & $0.0484467$ & $0.00572189$ & $-0.0487107$ & $0.0395568$ & $0.470757$ & $-0.0297838$ & $-0.0060746$ & $0.0318324$ & $0.0026445$ & $-0.00550696$ & $-0.0104527$ & $-0.00687185$ & $-0.0263842$ & $0.0386251$ & $-0.0319124$ & $0.0154617$ & $-0.0397366$ & $-0.0209434$ & $-0.0335268$ & $-0.0358797$ \\
CHQ1_11 & $0.0159132$ & $-0.0403657$ & $-0.0225382$ & $-0.0203946$ & $-0.00990324$ & $0.00623984$ & $-0.0243241$ & $0.0740004$ & $0.0710743$ & $-0.0599939$ & $-0.0155319$ & $-0.0555853$ & $0.0459979$ & $-0.0727857$ & $-0.174688$ & $-0.174891$ & $-0.0854987$ & $-0.00219088$ & $0.00311198$ & $-0.00979639$ & $0.0428524$ & $0.039819$ & $1$ & $-0.154027$ & $0.0706268$ & $-0.675224$ & $0.344006$ & $0.00554673$ & $0.00594784$ & $-0.0221656$ & $-0.00647435$ & $-0.0266098$ & $-0.0127902$ & $0.196919$ & $-0.0125338$ & $0.0295902$ & $-0.0101563$ & $0.0256662$ & $0.00493502$ & $0.0411586$ & $-0.00979314$ & $0.0170772$ & $-0.0174132$ & $-0.0079721$ & $-0.0220348$ & $-0.00725474$ & $-0.0122404$ & $-0.00317016$ & $-0.0148508$ \\
CHQ1_33 & $-0.0368898$ & $0.0194348$ & $0.0033905$ & $0.00917827$ & $-0.0142806$ & $0.00337756$ & $0.126547$ & $-0.668563$ & $-0.660426$ & $0.556115$ & $0.287843$ & $0.208631$ & $-0.426362$ & $0.481835$ & $0.104089$ & $0.120357$ & $0.678001$ & $0.633981$ & $0.621732$ & $-0.234986$ & $-0.342873$ & $-0.341459$ & $-0.154027$ & $1$ & $0.650446$ & $0.212635$ & $-0.421615$ & $-0.0143292$ & $-0.0159471$ & $-0.119583$ & $-0.0487532$ & $0.113238$ & $-0.118103$ & $-0.618559$ & $-0.00308847$ & $-0.0130586$ & $0.0245207$ & $-0.0268151$ & $-0.00876175$ & $0.0103156$ & $-0.0358797$ & $0.0132611$ & $-0.0194702$ & $0.0109361$ & $-0.0170644$ & $0.0258989$ & $0.00437808$ & $0.0202701$ & $0.0373055$ \\
CHQ3_11 & $-0.0627875$ & $0.00470501$ & $-0.0286946$ & $-0.00292852$ & $-0.00144991$ & $-0.0784289$ & $0.110625$ & $-0.378431$ & $-0.378002$ & $0.473855$ & $-0.020851$ & $0.0560331$ & $-0.406512$ & $0.622464$ & $-0.126263$ & $-0.104143$ & $0.784629$ & $0.805432$ & $0.798658$ & $0.026747$ & $0.0132025$ & $0.006626$ & $0.0706268$ & $0.650446$ & $1$ & $0.00305315$ & $0.198919$ & $0.00460186$ & $-0.0220266$ & $-0.13729$ & $-0.0588374$ & $0.0871862$ & $-0.140566$ & $-0.186293$ & $-0.0194194$ & $-0.0249633$ & $0.0354421$ & $-0.00972456$ & $-0.0113409$ & $0.00238149$ & $-0.0351302$ & $0.0125438$ & $-0.00091462$ & $-0.00109503$ & $-0.0179669$ & $0.0265179$ & $4.79068e-05$ & $-0.0149977$ & $0.017379$ \\
CHu_11 & $-0.0386978$ & $0.0213949$ & $0.0142963$ & $0.0178629$ & $0.0309127$ & $0.0922765$ & $0.0244576$ & $-0.511242$ & $-0.499756$ & $0.208608$ & $0.566931$ & $0.220297$ & $-0.108694$ & $-0.278094$ & $-0.17842$ & $-0.1854$ & $-0.110973$ & $0.0102398$ & $0.0239084$ & $-0.555592$ & $-0.568341$ & $-0.553909$ & $-0.675224$ & $0.212635$ & $0.00305315$ & $1$ & $-0.186375$ & $-0.182155$ & $-0.00676205$ & $-0.0123019$ & $0.00560897$ & $0.0298124$ & $-0.0117649$ & $-0.268692$ & $0.0195274$ & $-0.0291676$ & $0.0102594$ & $-0.0257654$ & $-0.00660083$ & $-0.0299343$ & $0.0281411$ & $-0.000252009$ & $-0.00491061$ & $0.022949$ & $0.0178677$ & $0.0347103$ & $0.0338572$ & $0.00121557$ & $0.0338129$ \\
CHd_11 & $-0.0189495$ & $-0.0143241$ & $-0.0226976$ & $-0.00468755$ & $0.0304271$ & $-0.0688771$ & $-0.0467295$ & $0.444695$ & $0.43624$ & $-0.241444$ & $-0.308914$ & $-0.191752$ & $0.148918$ & $-0.0852283$ & $-0.396933$ & $-0.378125$ & $-0.16043$ & $-0.00788217$ & $-0.0058869$ & $0.235182$ & $0.388117$ & $0.382207$ & $0.344006$ & $-0.421615$ & $0.198919$ & $-0.186375$ & $1$ & $0.106803$ & $0.000989709$ & $0.0194119$ & $0.0141254$ & $-0.0523782$ & $0.010563$ & $0.688835$ & $-0.00180601$ & $-0.0191406$ & $0.00819336$ & $0.0139611$ & $0.012448$ & $0.00432294$ & $0.0295824$ & $-0.00856512$ & $0.0131812$ & $-0.0118907$ & $0.00253904$ & $-0.00150869$ & $0.0127585$ & $-0.039456$ & $-0.0332867$ \\
CHd_33 & $0.0111621$ & $0.0135877$ & $0.0032949$ & $0.000249941$ & $-0.0120261$ & $-0.0512484$ & $-0.0114536$ & $0.288834$ & $0.281317$ & $-0.118101$ & $-0.323723$ & $-0.137314$ & $0.0613253$ & $0.172724$ & $0.0936597$ & $0.112058$ & $0.0663676$ & $0.00646652$ & $-0.0143252$ & $0.316393$ & $0.324995$ & $0.316194$ & $0.00554673$ & $-0.0143292$ & $0.00460186$ & $-0.182155$ & $0.106803$ & $1$ & $0.00642472$ & $0.0238564$ & $0.0105494$ & $-0.0208632$ & $0.00939185$ & $0.157883$ & $-0.0214466$ & $-0.0158536$ & $0.0155582$ & $0.0230012$ & $0.0179518$ & $-0.00375498$ & $-0.0400978$ & $-0.0109399$ & $-0.0208094$ & $-0.0145981$ & $0.00476981$ & $-0.00527465$ & $-0.0166492$ & $-0.00867848$ & $-0.0186798$ \\
CeH_22r & $0.0289896$ & $0.0338879$ & $-0.0130893$ & $0.0216868$ & $0.00499777$ & $0.0199505$ & $0.00241657$ & $0.00708482$ & $0.011609$ & $-0.00138471$ & $0.0028835$ & $0.00857848$ & $0.0347003$ & $-0.00931095$ & $0.00471571$ & $-0.00204662$ & $-0.0292625$ & $-0.0229702$ & $-0.0176365$ & $-0.00206709$ & $-0.00324073$ & $-0.00586464$ & $0.00594784$ & $-0.0159471$ & $-0.0220266$ & $-0.00676205$ & $0.000989709$ & $0.00642472$ & $1$ & $0.0318926$ & $0.000306905$ & $-0.0150185$ & $0.0239184$ & $-0.00237434$ & $-0.00684435$ & $-0.0136662$ & $-0.0287113$ & $0.0309608$ & $0.00750494$ & $-0.00458542$ & $0.0140465$ & $0.0111614$ & $-0.0291179$ & $0.000131121$ & $0.0402384$ & $-0.0325041$ & $-0.0244707$ & $-0.0128026$ & $-0.0152014$ \\
CeH_33r & $0.0342121$ & $0.0366816$ & $-0.034388$ & $0.0282927$ & $0.00763147$ & $0.0113763$ & $-0.134641$ & $0.104065$ & $0.123609$ & $-0.133215$ & $-0.0446117$ & $0.13715$ & $0.288484$ & $-0.0822122$ & $0.0188874$ & $0.0455675$ & $-0.117916$ & $-0.120544$ & $-0.141003$ & $0.0443152$ & $0.0468453$ & $0.0484467$ & $-0.0221656$ & $-0.119583$ & $-0.13729$ & $-0.0123019$ & $0.0194119$ & $0.0238564$ & $0.0318926$ & $1$ & $0.289975$ & $0.0174727$ & $0.693247$ & $0.0675976$ & $-0.0018553$ & $-0.00593446$ & $-0.119659$ & $-0.00640587$ & $0.0129203$ & $0.0391536$ & $0.0420807$ & $0.015875$ & $0.00492699$ & $-0.0120828$ & $0.113049$ & $-0.0185248$ & $-0.0551618$ & $-0.0147139$ & $-0.00497185$ \\
CuH_22r & $-0.056811$ & $-0.0335944$ & $-0.0067464$ & $0.0464237$ & $0.0150188$ & $0.011423$ & $-0.0517988$ & $0.0411181$ & $0.0508367$ & $-0.0559051$ & $-0.0075622$ & $0.0435427$ & $0.10608$ & $-0.0522245$ & $0.00894152$ & $0.0181409$ & $-0.0641399$ & $-0.0654283$ & $-0.0756078$ & $0.00825296$ & $0.00956435$ & $0.00572189$ & $-0.00647435$ & $-0.0487532$ & $-0.0588374$ & $0.00560897$ & $0.0141254$ & $0.0105494$ & $0.000306905$ & $0.289975$ & $1$ & $0.0380408$ & $0.354994$ & $0.0225833$ & $0.0889584$ & $-0.0438436$ & $-0.0163189$ & $0.00721092$ & $0.0583098$ & $0.00169366$ & $0.041868$ & $0.00687962$ & $-0.057728$ & $0.125758$ & $0.0236548$ & $0.128022$ & $0.311691$ & $-0.0151816$ & $0.0189906$ \\
CuH_33r & $-0.0805951$ & $-0.025668$ & $0.0293741$ & $-0.0317004$ & $-0.019436$ & $-0.0176696$ & $0.937969$ & $-0.092022$ & $-0.048574$ & $0.0833316$ & $0.0478063$ & $0.114132$ & $-0.241614$ & $0.0584871$ & $-0.0162914$ & $-0.0130105$ & $0.0812917$ & $0.0925399$ & $0.0927906$ & $-0.0448753$ & $-0.0506886$ & $-0.0487107$ & $-0.0266098$ & $0.113238$ & $0.0871862$ & $0.0298124$ & $-0.0523782$ & $-0.0208632$ & $-0.0150185$ & $0.0174727$ & $0.0380408$ & $1$ & $0.0138286$ & $-0.0629885$ & $0.042448$ & $0.0023584$ & $0.0449368$ & $-0.0012686$ & $-0.0419233$ & $-0.02398$ & $-0.0510438$ & $0.000280232$ & $0.00117849$ & $0.0129722$ & $0.0133139$ & $0.0530099$ & $0.038504$ & $0.00444709$ & $-0.0155806$ \\
CdH_33r & $-0.00927058$ & $0.0674702$ & $4.16343e-05$ & $0.0398221$ & $0.0239702$ & $0.013106$ & $-0.169426$ & $0.0974623$ & $0.121046$ & $-0.135093$ & $-0.0343109$ & $0.163931$ & $0.350701$ & $-0.0939007$ & $0.0287244$ & $0.0614348$ & $-0.123361$ & $-0.130989$ & $-0.157752$ & $0.0374027$ & $0.0360843$ & $0.0395568$ & $-0.0127902$ & $-0.118103$ & $-0.140566$ & $-0.0117649$ & $0.010563$ & $0.00939185$ & $0.0239184$ & $0.693247$ & $0.354994$ & $0.0138286$ & $1$ & $0.058163$ & $-0.0325373$ & $0.0337147$ & $-0.18053$ & $-0.0281041$ & $0.00463173$ & $0.0354369$ & $-0.00716776$ & $-0.0148555$ & $0.0502533$ & $0.0198401$ & $-0.00061689$ & $0.0167254$ & $-0.0476396$ & $0.121833$ & $0.363706$ \\
CLL_1221 & $0.00260069$ & $0.0179519$ & $-0.0334024$ & $0.00238916$ & $0.0149243$ & $-0.13631$ & $-0.0643698$ & $0.583369$ & $0.573893$ & $-0.353825$ & $-0.389051$ & $-0.235751$ & $0.242078$ & $-0.190413$ & $-0.589557$ & $-0.0846427$ & $-0.233209$ & $0.0373699$ & $-0.334799$ & $0.313537$ & $0.471371$ & $0.470757$ & $0.196919$ & $-0.618559$ & $-0.186293$ & $-0.268692$ & $0.688835$ & $0.157883$ & $-0.00237434$ & $0.0675976$ & $0.0225833$ & $-0.0629885$ & $0.058163$ & $1$ & $-0.013109$ & $-0.00618993$ & $-0.00493957$ & $0.0134704$ & $-0.0171367$ & $0.00720541$ & $0.0218648$ & $-0.01841$ & $0.0106458$ & $-0.0367132$ & $0.0351935$ & $-0.0398877$ & $-0.00956302$ & $-0.0415319$ & $-0.0381665$ \\
eHggint & $-0.125126$ & $-0.152237$ & $0.194486$ & $0.0736372$ & $0.0448549$ & $0.0104999$ & $-0.0280148$ & $-0.0058112$ & $-0.02674$ & $0.0276281$ & $0.0296135$ & $0.0689173$ & $0.0168638$ & $-0.04513$ & $0.00431985$ & $-0.00683486$ & $-0.0338153$ & $-0.0408759$ & $-0.0332692$ & $-0.0316945$ & $-0.029504$ & $-0.0297838$ & $-0.0125338$ & $-0.00308847$ & $-0.0194194$ & $0.0195274$ & $-0.00180601$ & $-0.0214466$ & $-0.00684435$ & $-0.0018553$ & $0.0889584$ & $0.042448$ & $-0.0325373$ & $-0.013109$ & $1$ & $-0.197544$ & $-0.202552$ & $0.0134481$ & $0.252218$ & $-0.0395818$ & $-0.0202409$ & $-0.011453$ & $-0.0436676$ & $0.285443$ & $0.0359932$ & $0.180693$ & $0.227347$ & $0.215854$ & $-0.123941$ \\
eHggpar & $0.0746896$ & $-0.160718$ & $-0.043134$ & $-0.241474$ & $-0.0250749$ & $0.0129209$ & $-0.0323804$ & $0.00539098$ & $0.0134607$ & $0.0077076$ & $0.000862042$ & $0.0283501$ & $0.0389628$ & $-0.00694053$ & $0.00185533$ & $0.0178189$ & $-0.0157152$ & $-0.00925263$ & $-0.0225328$ & $-0.00125196$ & $-0.00593091$ & $-0.0060746$ & $0.0295902$ & $-0.0130586$ & $-0.0249633$ & $-0.0291676$ & $-0.0191406$ & $-0.0158536$ & $-0.0136662$ & $-0.00593446$ & $-0.0438436$ & $0.0023584$ & $0.0337147$ & $-0.00618993$ & $-0.197544$ & $1$ & $-0.197655$ & $-0.00347532$ & $0.148387$ & $-0.0803432$ & $0.141015$ & $0.0226264$ & $0.262953$ & $-0.248937$ & $-0.372633$ & $-0.414048$ & $-0.0297019$ & $0.108337$ & $0.0201374$ \\
eHWWint & $-0.318368$ & $-0.0841698$ & $0.250422$ & $-0.118758$ & $-0.0354572$ & $-0.0306469$ & $0.0877862$ & $0.0185117$ & $0.0153698$ & $-0.0155578$ & $-0.0256542$ & $-0.0195262$ & $-0.0296199$ & $0.0227238$ & $0.0221236$ & $0.00793907$ & $0.0202939$ & $0.00672642$ & $0.0186507$ & $0.0300978$ & $0.0253238$ & $0.0318324$ & $-0.0101563$ & $0.0245207$ & $0.0354421$ & $0.0102594$ & $0.00819336$ & $0.0155582$ & $-0.0287113$ & $-0.119659$ & $-0.0163189$ & $0.0449368$ & $-0.18053$ & $-0.00493957$ & $-0.202552$ & $-0.197655$ & $1$ & $-0.00329138$ & $-0.362647$ & $0.0175892$ & $-0.0981583$ & $0.00117779$ & $-0.110855$ & $0.0645272$ & $-0.0748681$ & $0.196844$ & $0.0841824$ & $-0.0216032$ & $-0.143812$ \\
eHWWpar & $-0.00821351$ & $-0.00709001$ & $-0.0561892$ & $-0.0437152$ & $0.0120178$ & $0.0099875$ & $0.00371992$ & $0.0127694$ & $0.0112616$ & $-0.0201202$ & $-0.000865274$ & $-0.0246854$ & $-0.00224457$ & $-0.0127365$ & $-0.00530953$ & $-0.00190707$ & $-0.0233674$ & $-0.0165552$ & $-0.0155883$ & $0.000799429$ & $0.00235673$ & $0.0026445$ & $0.0256662$ & $-0.0268151$ & $-0.00972456$ & $-0.0257654$ & $0.0139611$ & $0.0230012$ & $0.0309608$ & $-0.00640587$ & $0.00721092$ & $-0.0012686$ & $-0.0281041$ & $0.0134704$ & $0.0134481$ & $-0.00347532$ & $-0.00329138$ & $1$ & $0.00933689$ & $-0.00439313$ & $-0.0370624$ & $0.0411946$ & $-0.0136874$ & $0.00778348$ & $0.00928943$ & $0.0402087$ & $0.0335722$ & $0.0205433$ & $0.0128468$ \\
eHZZint & $0.102115$ & $0.000448172$ & $0.0844397$ & $-0.0730746$ & $0.0296075$ & $0.0122025$ & $-0.0758539$ & $0.00849294$ & $0.000785095$ & $0.0022011$ & $-0.00149007$ & $0.0224977$ & $-0.00341587$ & $-0.0147609$ & $0.0286921$ & $0.00217819$ & $-0.0137378$ & $-0.0339241$ & $-0.0103527$ & $0.00173422$ & $-0.00217187$ & $-0.00550696$ & $0.00493502$ & $-0.00876175$ & $-0.0113409$ & $-0.00660083$ & $0.012448$ & $0.0179518$ & $0.00750494$ & $0.0129203$ & $0.0583098$ & $-0.0419233$ & $0.00463173$ & $-0.0171367$ & $0.252218$ & $0.148387$ & $-0.362647$ & $0.00933689$ & $1$ & $0.00386388$ & $0.267982$ & $-0.0166328$ & $0.0712086$ & $0.0369292$ & $-0.152924$ & $-0.052626$ & $0.243886$ & $0.0937289$ & $-0.0680292$ \\
eHZZpar & $0.041493$ & $0.0201244$ & $0.0258519$ & $-0.0214057$ & $0.00036071$ & $0.000368335$ & $-0.0245351$ & $-0.0142467$ & $-0.019002$ & $0.00131477$ & $0.0143786$ & $0.0113391$ & $0.0059394$ & $-0.0036017$ & $-0.0229505$ & $-0.0103034$ & $0.00190394$ & $0.0133525$ & $0.00831653$ & $-0.014531$ & $-0.0117561$ & $-0.0104527$ & $0.0411586$ & $0.0103156$ & $0.00238149$ & $-0.0299343$ & $0.00432294$ & $-0.00375498$ & $-0.00458542$ & $0.0391536$ & $0.00169366$ & $-0.02398$ & $0.0354369$ & $0.00720541$ & $-0.0395818$ & $-0.0803432$ & $0.0175892$ & $-0.00439313$ & $0.00386388$ & $1$ & $-0.0345632$ & $0.022154$ & $-0.0506538$ & $-0.00671534$ & $0.0425557$ & $0.035573$ & $-0.0425012$ & $0.0143538$ & $-0.00802174$ \\
eHZgaint & $0.0345919$ & $0.0945692$ & $0.174948$ & $0.0962689$ & $0.000576965$ & $0.0201648$ & $-0.0594659$ & $0.00988528$ & $0.00289291$ & $-0.0705249$ & $0.0156616$ & $-0.0269374$ & $0.0416112$ & $-0.0496796$ & $-0.0164916$ & $-0.00981002$ & $-0.0502725$ & $-0.0398465$ & $-0.0420721$ & $-0.0143073$ & $-0.0112289$ & $-0.00687185$ & $-0.00979314$ & $-0.0358797$ & $-0.0351302$ & $0.0281411$ & $0.0295824$ & $-0.0400978$ & $0.0140465$ & $0.0420807$ & $0.041868$ & $-0.0510438$ & $-0.00716776$ & $0.0218648$ & $-0.0202409$ & $0.141015$ & $-0.0981583$ & $-0.0370624$ & $0.267982$ & $-0.0345632$ & $1$ & $0.0115975$ & $-0.00243062$ & $0.154848$ & $0.155236$ & $0.0360162$ & $0.132308$ & $0.112093$ & $-0.130804$ \\
eHZgapar & $-0.028755$ & $0.0711881$ & $0.021251$ & $0.0235615$ & $-0.0186942$ & $-0.0381294$ & $-0.00418535$ & $-0.0307275$ & $-0.028732$ & $0.00618144$ & $0.029687$ & $0.013171$ & $-0.0200166$ & $-0.00949394$ & $-0.00644452$ & $-0.0206145$ & $-0.00164155$ & $0.00544643$ & $0.0156248$ & $-0.0248754$ & $-0.0281078$ & $-0.0263842$ & $0.0170772$ & $0.0132611$ & $0.0125438$ & $-0.000252009$ & $-0.00856512$ & $-0.0109399$ & $0.0111614$ & $0.015875$ & $0.00687962$ & $0.000280232$ & $-0.0148555$ & $-0.01841$ & $-0.011453$ & $0.0226264$ & $0.00117779$ & $0.0411946$ & $-0.0166328$ & $0.022154$ & $0.0115975$ & $1$ & $-0.000851803$ & $-0.0254071$ & $0.01199$ & $-0.030775$ & $-0.000990495$ & $-0.0387234$ & $-0.0492586$ \\
eHgagaint & $0.12917$ & $0.117158$ & $-0.033716$ & $-0.308521$ & $0.0048404$ & $0.0181637$ & $-0.0132525$ & $0.0211134$ & $0.0671145$ & $0.0116875$ & $-0.0303354$ & $-0.0110359$ & $0.0220589$ & $0.0241868$ & $0.0126753$ & $-0.0111545$ & $0.0145172$ & $0.0025605$ & $0.0247281$ & $0.0289535$ & $0.031872$ & $0.0386251$ & $-0.0174132$ & $-0.0194702$ & $-0.00091462$ & $-0.00491061$ & $0.0131812$ & $-0.0208094$ & $-0.0291179$ & $0.00492699$ & $-0.057728$ & $0.00117849$ & $0.0502533$ & $0.0106458$ & $-0.0436676$ & $0.262953$ & $-0.110855$ & $-0.0136874$ & $0.0712086$ & $-0.0506538$ & $-0.00243062$ & $-0.000851803$ & $1$ & $-0.37748$ & $-0.127045$ & $-0.183978$ & $-0.145036$ & $0.108079$ & $0.0600608$ \\
eHmumuint & $-0.284959$ & $-0.0580998$ & $0.258848$ & $0.309842$ & $0.0126162$ & $-0.00933107$ & $0.00123883$ & $-0.00918049$ & $-0.0333653$ & $-0.0219147$ & $0.0269173$ & $0.0207116$ & $-0.0176219$ & $-0.0402772$ & $0.0365973$ & $0.0112471$ & $-0.0232439$ & $-0.0501586$ & $-0.033438$ & $-0.0225732$ & $-0.026176$ & $-0.0319124$ & $-0.0079721$ & $0.0109361$ & $-0.00109503$ & $0.022949$ & $-0.0118907$ & $-0.0145981$ & $0.000131121$ & $-0.0120828$ & $0.125758$ & $0.0129722$ & $0.0198401$ & $-0.0367132$ & $0.285443$ & $-0.248937$ & $0.0645272$ & $0.00778348$ & $0.0369292$ & $-0.00671534$ & $0.154848$ & $-0.0254071$ & $-0.37748$ & $1$ & $-0.0558423$ & $0.454701$ & $0.27343$ & $0.100498$ & $0.0375328$ \\
eHtautauint & $0.0344622$ & $0.178367$ & $0.00726273$ & $0.211504$ & $0.0380152$ & $-0.00717464$ & $0.0187705$ & $0.0114003$ & $0.00557978$ & $-0.0393439$ & $-0.00785523$ & $-0.0172364$ & $-0.00766921$ & $-0.00870234$ & $-0.0191003$ & $0.0308303$ & $-0.00727983$ & $0.00430258$ & $-0.0333585$ & $0.00959713$ & $0.0102272$ & $0.0154617$ & $-0.0220348$ & $-0.0170644$ & $-0.0179669$ & $0.0178677$ & $0.00253904$ & $0.00476981$ & $0.0402384$ & $0.113049$ & $0.0236548$ & $0.0133139$ & $-0.00061689$ & $0.0351935$ & $0.0359932$ & $-0.372633$ & $-0.0748681$ & $0.00928943$ & $-0.152924$ & $0.0425557$ & $0.155236$ & $0.01199$ & $-0.127045$ & $-0.0558423$ & $1$ & $0.198066$ & $-0.0824733$ & $-0.114887$ & $-0.129371$ \\
eHccint & $-0.297341$ & $-0.00365173$ & $0.0564734$ & $0.0843058$ & $0.0315985$ & $0.0270903$ & $0.0617323$ & $-0.0304314$ & $-0.0376078$ & $-0.00138343$ & $0.0382847$ & $0.00824609$ & $-0.0294578$ & $-0.0278426$ & $0.0224503$ & $-0.0304712$ & $-0.00400292$ & $-0.0274711$ & $0.00905223$ & $-0.0370275$ & $-0.035904$ & $-0.0397366$ & $-0.00725474$ & $0.0258989$ & $0.0265179$ & $0.0347103$ & $-0.00150869$ & $-0.00527465$ & $-0.0325041$ & $-0.0185248$ & $0.128022$ & $0.0530099$ & $0.0167254$ & $-0.0398877$ & $0.180693$ & $-0.414048$ & $0.196844$ & $0.0402087$ & $-0.052626$ & $0.035573$ & $0.0360162$ & $-0.030775$ & $-0.183978$ & $0.454701$ & $0.198066$ & $1$ & $0.200781$ & $0.117443$ & $0.0940273$ \\
eHccpar & $-0.160794$ & $-0.130362$ & $0.0505615$ & $0.0808593$ & $0.0257551$ & $0.0149823$ & $0.0242572$ & $-0.00596461$ & $-0.0174177$ & $0.0127201$ & $0.019722$ & $0.023957$ & $-0.0290259$ & $-0.0271796$ & $0.000455636$ & $-0.0343634$ & $-0.0148543$ & $-0.0239359$ & $0.00197432$ & $-0.0243831$ & $-0.018565$ & $-0.0209434$ & $-0.0122404$ & $0.00437808$ & $4.79068e-05$ & $0.0338572$ & $0.0127585$ & $-0.0166492$ & $-0.0244707$ & $-0.0551618$ & $0.311691$ & $0.038504$ & $-0.0476396$ & $-0.00956302$ & $0.227347$ & $-0.0297019$ & $0.0841824$ & $0.0335722$ & $0.243886$ & $-0.0425012$ & $0.132308$ & $-0.000990495$ & $-0.145036$ & $0.27343$ & $-0.0824733$ & $0.200781$ & $1$ & $-0.093335$ & $0.0339773$ \\
eHbbint & $-0.128001$ & $-0.01065$ & $0.42371$ & $-0.119456$ & $0.000995822$ & $0.0160103$ & $-0.0204676$ & $-0.024109$ & $-0.0274218$ & $-0.00502398$ & $0.036621$ & $0.00670935$ & $0.00898944$ & $-0.0335876$ & $0.0282606$ & $0.0164698$ & $-0.016834$ & $-0.0349636$ & $-0.0249721$ & $-0.0279897$ & $-0.0353168$ & $-0.0335268$ & $-0.00317016$ & $0.0202701$ & $-0.0149977$ & $0.00121557$ & $-0.039456$ & $-0.00867848$ & $-0.0128026$ & $-0.0147139$ & $-0.0151816$ & $0.00444709$ & $0.121833$ & $-0.0415319$ & $0.215854$ & $0.108337$ & $-0.0216032$ & $0.0205433$ & $0.0937289$ & $0.0143538$ & $0.112093$ & $-0.0387234$ & $0.108079$ & $0.100498$ & $-0.114887$ & $0.117443$ & $-0.093335$ & $1$ & $0.0764272$ \\
eHbbpar & $-0.102825$ & $0.112819$ & $-0.0575952$ & $0.0726115$ & $0.0367976$ & $-0.0195352$ & $-0.00899573$ & $-0.045362$ & $-0.0385939$ & $0.0208266$ & $0.037533$ & $0.00467469$ & $-0.0130293$ & $-0.01164$ & $0.0139169$ & $0.00742309$ & $0.0163387$ & $0.00528898$ & $0.00650473$ & $-0.0313942$ & $-0.0396757$ & $-0.0358797$ & $-0.0148508$ & $0.0373055$ & $0.017379$ & $0.0338129$ & $-0.0332867$ & $-0.0186798$ & $-0.0152014$ & $-0.00497185$ & $0.0189906$ & $-0.0155806$ & $0.363706$ & $-0.0381665$ & $-0.123941$ & $0.0201374$ & $-0.143812$ & $0.0128468$ & $-0.0680292$ & $-0.00802174$ & $-0.130804$ & $-0.0492586$ & $0.0600608$ & $0.0375328$ & $-0.129371$ & $0.0940273$ & $0.0339773$ & $0.0764272$ & $1$ \\
