 & AlsMz & dAle5Mz & mtop & mHl & Mz & CW & CHG & CHWB & CHWHB_gaga & CHWHB_gagaorth & CHD & CHbox & CH & CHL1_11 & CHL1_22 & CHL1_33 & CHL3_11 & CHL3_22 & CHL3_33 & CHe_11 & CHe_22 & CHe_33 & CHQ1_11 & CHQ1_33 & CHQ3_11 & CHu_11 & CHd_11 & CHd_33 & CeH_22r & CeH_33r & CuH_22r & CuH_33r & CdH_33r & CLL_1221 & eHggint & eHggpar & eHWWint & eHWWpar & eHZZint & eHZZpar & eHZgaint & eHZgapar & eHgagaint & eHmumuint & eHtautauint & eHccint & eHccpar & eHbbint & eHbbpar \\
AlsMz & $1$ & $-0.0821473$ & $-0.167747$ & $-0.185336$ & $-0.0208939$ & $-0.0492886$ & $-0.0136025$ & $-0.00994863$ & $0.00333419$ & $0.014039$ & $0.000169264$ & $0.0194468$ & $0.0119942$ & $-0.00573499$ & $-0.0124801$ & $0.0179489$ & $-0.00252334$ & $0.0108891$ & $-0.0124675$ & $-0.00856392$ & $-0.0129332$ & $-0.0126638$ & $-0.0325206$ & $-0.0280887$ & $-0.123715$ & $-0.0181048$ & $-0.0569001$ & $0.00110494$ & $0.000234296$ & $-0.017287$ & $0.0420452$ & $-0.0218838$ & $0.0407683$ & $-0.00524742$ & $0.0115103$ & $-0.119058$ & $-0.0618523$ & $0.0243471$ & $-0.0365043$ & $-0.0117716$ & $-0.211136$ & $0.00239639$ & $0.213556$ & $0.104767$ & $-0.0929047$ & $-0.13245$ & $0.208428$ & $-0.0845089$ & $0.117039$ \\
dAle5Mz & $-0.0821473$ & $1$ & $0.124203$ & $0.105629$ & $0.0219335$ & $0.0225339$ & $0.0649563$ & $-0.10525$ & $-0.107787$ & $0.0525941$ & $0.0774267$ & $0.00126293$ & $-0.0282741$ & $0.00151421$ & $0.0139842$ & $-0.0109871$ & $0.0442153$ & $0.0237581$ & $0.0466135$ & $-0.0515272$ & $-0.0592333$ & $-0.052082$ & $-0.0425068$ & $0.0685319$ & $0.0464399$ & $0.0571021$ & $-0.0428937$ & $-0.0398419$ & $0.001116$ & $0.0106067$ & $-0.0329724$ & $0.0734757$ & $0.064184$ & $-0.0431288$ & $-0.00644845$ & $0.0678965$ & $-0.0465196$ & $-0.0118985$ & $-0.0349969$ & $0.0320329$ & $-0.068165$ & $0.0332918$ & $-0.107168$ & $0.154329$ & $-0.0494658$ & $0.124642$ & $-0.115794$ & $0.113039$ & $0.0808998$ \\
mtop & $-0.167747$ & $0.124203$ & $1$ & $0.0466238$ & $0.0378836$ & $0.0163474$ & $-0.0128942$ & $0.00318506$ & $-0.0040075$ & $-0.0117585$ & $0.00344072$ & $-0.0164851$ & $-0.00778804$ & $0.00995687$ & $-0.0143972$ & $0.00911465$ & $0.000404343$ & $0.0119236$ & $-0.00824999$ & $0.00777083$ & $0.00934407$ & $0.00141741$ & $0.03931$ & $0.0184245$ & $0.0317654$ & $-0.00823571$ & $0.0331986$ & $0.0194553$ & $-0.00259251$ & $5.74466e-05$ & $0.000426841$ & $-0.017117$ & $-0.075629$ & $0.0203691$ & $-0.0493288$ & $-0.0513408$ & $0.0968603$ & $-0.0154439$ & $-0.063499$ & $0.0263923$ & $0.0894702$ & $0.012051$ & $-0.123923$ & $-0.101192$ & $0.0852123$ & $0.0886704$ & $-0.0667432$ & $0.0815311$ & $-0.191083$ \\
mHl & $-0.185336$ & $0.105629$ & $0.0466238$ & $1$ & $-0.00657777$ & $0.0324384$ & $0.00675821$ & $-0.0478521$ & $-0.048432$ & $0.0417254$ & $0.0281432$ & $-0.0216584$ & $-0.0282081$ & $0.0316627$ & $0.0235734$ & $-0.012846$ & $0.0403105$ & $0.023685$ & $0.0508378$ & $-0.0233034$ & $-0.0274653$ & $-0.024388$ & $-0.0791246$ & $0.0588712$ & $0.045866$ & $0.0700981$ & $-0.0417624$ & $-0.028437$ & $-0.0116023$ & $-0.0329859$ & $-0.063644$ & $-0.00747004$ & $-0.0669148$ & $-0.0499638$ & $-0.0155509$ & $0.0832423$ & $0.177109$ & $-0.0431874$ & $0.0685604$ & $-0.015619$ & $0.0267484$ & $-0.00887153$ & $0.0257522$ & $0.0563544$ & $-0.141949$ & $-0.130417$ & $-0.0737495$ & $-0.00100191$ & $-0.00156938$ \\
Mz & $-0.0208939$ & $0.0219335$ & $0.0378836$ & $-0.00657777$ & $1$ & $-0.0136655$ & $-0.00986757$ & $-0.0345325$ & $-0.0329633$ & $0.0262441$ & $0.0330257$ & $-0.00987369$ & $-0.0133702$ & $0.00474402$ & $0.000560805$ & $0.0278725$ & $0.023411$ & $0.0215685$ & $-0.0013991$ & $-0.0217132$ & $-0.0261934$ & $-0.0278191$ & $0.000940266$ & $0.042615$ & $0.00843836$ & $-0.00792664$ & $-0.0383092$ & $-0.0287418$ & $-0.0287332$ & $-0.00283026$ & $-0.0295144$ & $-0.0196951$ & $0.000978812$ & $-0.0240024$ & $-0.0388298$ & $-0.0367448$ & $0.0646359$ & $-0.023992$ & $0.0176361$ & $0.00654341$ & $-0.000470606$ & $-0.000307947$ & $-0.0196607$ & $-0.0274876$ & $0.00200353$ & $0.0077493$ & $-0.0134848$ & $0.00506154$ & $0.023314$ \\
CW & $-0.0492886$ & $0.0225339$ & $0.0163474$ & $0.0324384$ & $-0.0136655$ & $1$ & $-0.0258117$ & $-0.125662$ & $-0.124599$ & $0.0201437$ & $0.185865$ & $0.0349816$ & $-0.00103582$ & $0.020326$ & $-0.0795506$ & $-0.0696609$ & $-0.250754$ & $-0.0453241$ & $-0.0614107$ & $-0.183277$ & $-0.189376$ & $-0.190964$ & $-0.0124559$ & $-0.00169664$ & $-0.0909518$ & $0.0987799$ & $-0.0966127$ & $-0.0678339$ & $-4.7608e-05$ & $0.0102388$ & $-0.0137369$ & $-0.016576$ & $0.027186$ & $-0.115761$ & $0.0027541$ & $0.0169612$ & $0.028805$ & $0.0223313$ & $-0.016158$ & $-0.0176593$ & $0.0140793$ & $0.000856544$ & $-0.0264145$ & $-0.000151497$ & $-0.0314713$ & $0.0325$ & $-0.024742$ & $0.0159157$ & $0.0253337$ \\
CHG & $-0.0136025$ & $0.0649563$ & $-0.0128942$ & $0.00675821$ & $-0.00986757$ & $-0.0258117$ & $1$ & $-0.122969$ & $-0.0674815$ & $0.0805586$ & $0.0677518$ & $-0.277975$ & $-0.32186$ & $0.0615739$ & $-0.0289186$ & $-0.0313516$ & $0.119218$ & $0.117922$ & $0.119381$ & $-0.0681567$ & $-0.0686145$ & $-0.0728806$ & $0.00879979$ & $0.128277$ & $0.119559$ & $0.029914$ & $-0.0385897$ & $-0.0194215$ & $0.0233613$ & $-0.127992$ & $-0.0638695$ & $0.933348$ & $-0.161828$ & $-0.066089$ & $-0.0437706$ & $-0.0159852$ & $-0.00552265$ & $-0.00765423$ & $0.0129785$ & $-0.0339675$ & $-0.00867757$ & $0.00811169$ & $0.0335418$ & $-0.00790165$ & $0.0454294$ & $-0.0393182$ & $0.00325947$ & $0.019676$ & $0.00152118$ \\
CHWB & $-0.00994863$ & $-0.10525$ & $0.00318506$ & $-0.0478521$ & $-0.0345325$ & $-0.125662$ & $-0.122969$ & $1$ & $0.981621$ & $-0.567961$ & $-0.87486$ & $0.150345$ & $0.348663$ & $0.0663968$ & $0.274325$ & $0.290841$ & $-0.256186$ & $-0.43589$ & $-0.450067$ & $0.844007$ & $0.89242$ & $0.871544$ & $0.0641763$ & $-0.688569$ & $-0.401687$ & $-0.486976$ & $0.431688$ & $0.274137$ & $0.0443037$ & $0.132045$ & $0.0701203$ & $-0.100538$ & $0.130495$ & $0.574176$ & $0.0130157$ & $-0.0541341$ & $-0.00695006$ & $0.0087284$ & $-0.0132247$ & $0.0268329$ & $0.0517429$ & $-0.0119646$ & $-0.0134496$ & $-0.0182476$ & $0.0499688$ & $-0.00357217$ & $0.0024177$ & $-0.00959921$ & $-0.0470005$ \\
CHWHB_gaga & $0.00333419$ & $-0.107787$ & $-0.0040075$ & $-0.048432$ & $-0.0329633$ & $-0.124599$ & $-0.0674815$ & $0.981621$ & $1$ & $-0.557158$ & $-0.855708$ & $0.158134$ & $0.343982$ & $0.0586762$ & $0.262793$ & $0.283791$ & $-0.258256$ & $-0.429751$ & $-0.446549$ & $0.824811$ & $0.873157$ & $0.853534$ & $0.0672423$ & $-0.682402$ & $-0.399257$ & $-0.47874$ & $0.426187$ & $0.269593$ & $0.0510908$ & $0.149436$ & $0.0827921$ & $-0.0565685$ & $0.146051$ & $0.567936$ & $0.000971426$ & $-0.0585319$ & $-0.0153735$ & $0.00821012$ & $-0.00962598$ & $0.027395$ & $0.0474269$ & $-0.0137028$ & $0.0624963$ & $-0.0112987$ & $0.0569165$ & $-0.0163459$ & $0.010994$ & $-0.0227632$ & $-0.0483594$ \\
CHWHB_gagaorth & $0.014039$ & $0.0525941$ & $-0.0117585$ & $0.0417254$ & $0.0262441$ & $0.0201437$ & $0.0805586$ & $-0.567961$ & $-0.557158$ & $1$ & $0.344318$ & $0.126485$ & $-0.249631$ & $0.255851$ & $-0.111588$ & $-0.137856$ & $0.447324$ & $0.492236$ & $0.510704$ & $-0.330423$ & $-0.360623$ & $-0.349413$ & $-0.0375143$ & $0.567758$ & $0.486982$ & $0.190032$ & $-0.225605$ & $-0.104307$ & $-0.0471468$ & $-0.144641$ & $-0.0866152$ & $0.0848825$ & $-0.156363$ & $-0.354554$ & $3.98983e-05$ & $0.0476419$ & $0.0191224$ & $-0.00789892$ & $0.0217115$ & $-0.00862438$ & $-0.0491982$ & $0.0168124$ & $0.00682871$ & $0.0245095$ & $-0.00635551$ & $-0.0108055$ & $-0.0120143$ & $0.0238549$ & $0.0255476$ \\
CHD & $0.000169264$ & $0.0774267$ & $0.00344072$ & $0.0281432$ & $0.0330257$ & $0.185865$ & $0.0677518$ & $-0.87486$ & $-0.855708$ & $0.344318$ & $1$ & $0.016759$ & $-0.168729$ & $-0.493244$ & $-0.396059$ & $-0.405964$ & $-0.207013$ & $0.0606903$ & $0.0761086$ & $-0.989373$ & $-0.990695$ & $-0.968412$ & $-0.00898136$ & $0.319614$ & $0.0193197$ & $0.547948$ & $-0.29627$ & $-0.304767$ & $-0.0217127$ & $-0.0906322$ & $-0.0590142$ & $0.0586518$ & $-0.0758231$ & $-0.379108$ & $0.00761224$ & $0.0489257$ & $0.0146531$ & $-0.0305701$ & $0.0106457$ & $-0.0332765$ & $-0.0356376$ & $-0.00719624$ & $0.00702113$ & $0.0160368$ & $-0.0506565$ & $0.0101908$ & $0.00128026$ & $0.00487529$ & $0.0363529$ \\
CHbox & $0.0194468$ & $0.00126293$ & $-0.0164851$ & $-0.0216584$ & $-0.00987369$ & $0.0349816$ & $-0.277975$ & $0.150345$ & $0.158134$ & $0.126485$ & $0.016759$ & $1$ & $0.842515$ & $-0.289899$ & $0.0289363$ & $0.0325493$ & $-0.335852$ & $-0.32461$ & $-0.322144$ & $-0.0113449$ & $-0.0115412$ & $-0.00663161$ & $0.0244105$ & $-0.264526$ & $-0.306978$ & $0.00344246$ & $0.0543419$ & $-0.00351526$ & $0.0469335$ & $0.326467$ & $0.104563$ & $-0.191503$ & $0.403605$ & $0.0893497$ & $0.0860409$ & $0.0187682$ & $-0.00425462$ & $-0.0282931$ & $0.00720402$ & $-0.00792796$ & $-0.014304$ & $-0.00349987$ & $0.000303042$ & $0.0432608$ & $0.0138587$ & $-0.00393178$ & $0.00514054$ & $-0.00474256$ & $0.000595036$ \\
CH & $0.0119942$ & $-0.0282741$ & $-0.00778804$ & $-0.0282081$ & $-0.0133702$ & $-0.00103582$ & $-0.32186$ & $0.348663$ & $0.343982$ & $-0.249631$ & $-0.168729$ & $0.842515$ & $1$ & $-0.245447$ & $0.0573015$ & $0.0742539$ & $-0.355978$ & $-0.372085$ & $-0.379927$ & $0.161881$ & $0.181254$ & $0.180049$ & $0.036923$ & $-0.391517$ & $-0.361223$ & $-0.0977612$ & $0.152538$ & $0.0517562$ & $0.0542128$ & $0.283258$ & $0.118581$ & $-0.265638$ & $0.345704$ & $0.226212$ & $0.0532532$ & $-0.00884452$ & $-0.0215662$ & $-0.0128994$ & $0.00538008$ & $-0.00338295$ & $0.0153871$ & $5.78988e-05$ & $0.00955424$ & $0.0287343$ & $0.0204119$ & $-0.00405884$ & $0.00474509$ & $-0.0126725$ & $-0.0123395$ \\
CHL1_11 & $-0.00573499$ & $0.00151421$ & $0.00995687$ & $0.0316627$ & $0.00474402$ & $0.020326$ & $0.0615739$ & $0.0663968$ & $0.0586762$ & $0.255851$ & $-0.493244$ & $-0.289899$ & $-0.245447$ & $1$ & $0.253703$ & $0.24534$ & $0.66347$ & $0.611566$ & $0.602893$ & $0.512938$ & $0.451873$ & $0.440707$ & $-0.0779253$ & $0.482103$ & $0.601006$ & $-0.268133$ & $-0.115645$ & $0.136576$ & $-0.0126813$ & $-0.038612$ & $-0.00980294$ & $0.0426529$ & $-0.0735795$ & $-0.220361$ & $-0.0384401$ & $-0.0113392$ & $-0.0196584$ & $0.0541077$ & $0.000417508$ & $0.0206166$ & $-0.00525179$ & $0.0345722$ & $0.0071358$ & $-0.0042003$ & $0.022687$ & $-0.000828283$ & $-0.0152429$ & $-0.00387697$ & $0.00763523$ \\
CHL1_22 & $-0.0124801$ & $0.0139842$ & $-0.0143972$ & $0.0235734$ & $0.000560805$ & $-0.0795506$ & $-0.0289186$ & $0.274325$ & $0.262793$ & $-0.111588$ & $-0.396059$ & $0.0289363$ & $0.0573015$ & $0.253703$ & $1$ & $0.433252$ & $0.146146$ & $-0.449461$ & $-0.0306677$ & $0.466758$ & $0.311057$ & $0.306972$ & $-0.175698$ & $0.0994931$ & $-0.137328$ & $-0.165901$ & $-0.397485$ & $0.0933928$ & $0.00809371$ & $0.0302763$ & $0.0242631$ & $-0.0163693$ & $0.0359494$ & $-0.600236$ & $0.0038804$ & $0.0178214$ & $0.0115779$ & $-0.0163186$ & $-0.0504669$ & $-0.00268608$ & $-0.0226736$ & $0.00523198$ & $0.0128859$ & $0.0157514$ & $-0.0161749$ & $-0.0199395$ & $0.00650867$ & $-0.0145128$ & $0.0154586$ \\
CHL1_33 & $0.0179489$ & $-0.0109871$ & $0.00911465$ & $-0.012846$ & $0.0278725$ & $-0.0696609$ & $-0.0313516$ & $0.290841$ & $0.283791$ & $-0.137856$ & $-0.405964$ & $0.0325493$ & $0.0742539$ & $0.24534$ & $0.433252$ & $1$ & $0.133506$ & $-0.0357149$ & $-0.446307$ & $0.474121$ & $0.322398$ & $0.34256$ & $-0.151252$ & $0.0839567$ & $-0.14857$ & $-0.192914$ & $-0.380262$ & $0.089357$ & $0.011847$ & $0.0513771$ & $0.0522842$ & $-0.0194044$ & $0.0537789$ & $-0.092782$ & $0.0237032$ & $-0.0341408$ & $0.0093252$ & $-0.00777735$ & $-0.0376001$ & $0.000733571$ & $-0.0198952$ & $0.000982175$ & $0.0104519$ & $-0.0137875$ & $-0.0136914$ & $-0.0116897$ & $0.0483683$ & $-0.021909$ & $0.0220741$ \\
CHL3_11 & $-0.00252334$ & $0.0442153$ & $0.000404343$ & $0.0403105$ & $0.023411$ & $-0.250754$ & $0.119218$ & $-0.256186$ & $-0.258256$ & $0.447324$ & $-0.207013$ & $-0.335852$ & $-0.355978$ & $0.66347$ & $0.146146$ & $0.133506$ & $1$ & $0.74434$ & $0.745349$ & $0.229414$ & $0.176379$ & $0.173889$ & $-0.0716597$ & $0.682202$ & $0.776064$ & $-0.101659$ & $-0.157136$ & $0.0573935$ & $-0.0571635$ & $-0.0902291$ & $-0.0221212$ & $0.090221$ & $-0.114863$ & $-0.243392$ & $-0.0433833$ & $0.0199146$ & $-0.0138053$ & $0.0369374$ & $0.0107971$ & $0.0194969$ & $-0.0252946$ & $0.0383311$ & $-0.00386767$ & $-0.0070094$ & $0.0117945$ & $-0.0115372$ & $-0.0140001$ & $0.026488$ & $-0.00110017$ \\
CHL3_22 & $0.0108891$ & $0.0237581$ & $0.0119236$ & $0.023685$ & $0.0215685$ & $-0.0453241$ & $0.117922$ & $-0.43589$ & $-0.429751$ & $0.492236$ & $0.0606903$ & $-0.32461$ & $-0.372085$ & $0.611566$ & $-0.449461$ & $-0.0357149$ & $0.74434$ & $1$ & $0.679048$ & $-0.0639112$ & $-0.0559255$ & $-0.0531103$ & $0.0100668$ & $0.630238$ & $0.787953$ & $0.0117275$ & $-0.0165746$ & $-0.0136527$ & $-0.0483692$ & $-0.0992042$ & $-0.0368766$ & $0.085186$ & $-0.128804$ & $0.0317808$ & $-0.039162$ & $-0.00622083$ & $-0.0184375$ & $0.0481583$ & $0.0347517$ & $0.0110691$ & $-0.0119085$ & $0.0303133$ & $0.0017157$ & $-0.0171356$ & $0.0141573$ & $0.00468154$ & $-0.00888565$ & $0.0155773$ & $0.00685586$ \\
CHL3_33 & $-0.0124675$ & $0.0466135$ & $-0.00824999$ & $0.0508378$ & $-0.0013991$ & $-0.0614107$ & $0.119381$ & $-0.450067$ & $-0.446549$ & $0.510704$ & $0.0761086$ & $-0.322144$ & $-0.379927$ & $0.602893$ & $-0.0306677$ & $-0.446307$ & $0.745349$ & $0.679048$ & $1$ & $-0.0785087$ & $-0.0697838$ & $-0.0631733$ & $-0.00533815$ & $0.634981$ & $0.79381$ & $0.037461$ & $-0.019311$ & $-0.0106988$ & $-0.0474351$ & $-0.117117$ & $-0.0598488$ & $0.0857332$ & $-0.144241$ & $-0.347098$ & $-0.0588696$ & $0.0344267$ & $-0.0150149$ & $0.038509$ & $0.0237575$ & $0.0099475$ & $-0.0132046$ & $0.0306231$ & $0.00870268$ & $0.0165206$ & $0.0125791$ & $-0.00566029$ & $-0.0450399$ & $0.02795$ & $0.00125243$ \\
CHe_11 & $-0.00856392$ & $-0.0515272$ & $0.00777083$ & $-0.0233034$ & $-0.0217132$ & $-0.183277$ & $-0.0681567$ & $0.844007$ & $0.824811$ & $-0.330423$ & $-0.989373$ & $-0.0113449$ & $0.161881$ & $0.512938$ & $0.466758$ & $0.474121$ & $0.229414$ & $-0.0639112$ & $-0.0785087$ & $1$ & $0.970357$ & $0.949717$ & $-0.0135558$ & $-0.26443$ & $-0.0131301$ & $-0.539453$ & $0.217253$ & $0.297823$ & $0.0180497$ & $0.0876552$ & $0.0590964$ & $-0.0586325$ & $0.0738513$ & $0.295133$ & $-0.00782666$ & $-0.0481232$ & $-0.0133776$ & $0.0257682$ & $-0.0170636$ & $0.0302521$ & $0.0313503$ & $0.00645626$ & $-0.00592858$ & $-0.0128241$ & $0.0454641$ & $-0.0102393$ & $0.000593688$ & $-0.00651917$ & $-0.0316127$ \\
CHe_22 & $-0.0129332$ & $-0.0592333$ & $0.00934407$ & $-0.0274653$ & $-0.0261934$ & $-0.189376$ & $-0.0686145$ & $0.89242$ & $0.873157$ & $-0.360623$ & $-0.990695$ & $-0.0115412$ & $0.181254$ & $0.451873$ & $0.311057$ & $0.322398$ & $0.176379$ & $-0.0559255$ & $-0.0697838$ & $0.970357$ & $1$ & $0.97341$ & $0.0372633$ & $-0.37391$ & $-0.0223796$ & $-0.549547$ & $0.379051$ & $0.306286$ & $0.0225087$ & $0.090727$ & $0.0554656$ & $-0.0601738$ & $0.0765441$ & $0.465715$ & $-0.00931322$ & $-0.0473275$ & $-0.0176187$ & $0.0306834$ & $-0.00591978$ & $0.0364814$ & $0.0418831$ & $0.00753937$ & $-0.0142128$ & $-0.0140251$ & $0.0560809$ & $-0.00425341$ & $-0.00897258$ & $0.00277824$ & $-0.0427119$ \\
CHe_33 & $-0.0126638$ & $-0.052082$ & $0.00141741$ & $-0.024388$ & $-0.0278191$ & $-0.190964$ & $-0.0728806$ & $0.871544$ & $0.853534$ & $-0.349413$ & $-0.968412$ & $-0.00663161$ & $0.180049$ & $0.440707$ & $0.306972$ & $0.34256$ & $0.173889$ & $-0.0531103$ & $-0.0631733$ & $0.949717$ & $0.97341$ & $1$ & $0.0296534$ & $-0.361654$ & $-0.0210954$ & $-0.535307$ & $0.366035$ & $0.302165$ & $0.0179962$ & $0.0883404$ & $0.0571264$ & $-0.0655845$ & $0.0756623$ & $0.455182$ & $-0.00700467$ & $-0.0552273$ & $-0.0177751$ & $0.0270782$ & $-0.0057166$ & $0.0372387$ & $0.0390938$ & $0.00210679$ & $-0.0100548$ & $-0.0120787$ & $0.0523437$ & $-0.00758748$ & $-0.0125678$ & $0.00577255$ & $-0.0363385$ \\
CHQ1_11 & $-0.0325206$ & $-0.0425068$ & $0.03931$ & $-0.0791246$ & $0.000940266$ & $-0.0124559$ & $0.00879979$ & $0.0641763$ & $0.0672423$ & $-0.0375143$ & $-0.00898136$ & $0.0244105$ & $0.036923$ & $-0.0779253$ & $-0.175698$ & $-0.151252$ & $-0.0716597$ & $0.0100668$ & $-0.00533815$ & $-0.0135558$ & $0.0372633$ & $0.0296534$ & $1$ & $-0.127976$ & $0.104499$ & $-0.685263$ & $0.361309$ & $-0.0018617$ & $0.0158262$ & $0.0112241$ & $0.00637817$ & $0.00391751$ & $-0.00217048$ & $0.19542$ & $-0.00539682$ & $-0.00815523$ & $-0.00911751$ & $-0.0234263$ & $0.000594725$ & $0.020384$ & $0.0487708$ & $0.0100885$ & $-0.0197147$ & $0.00656917$ & $0.0570966$ & $0.0193584$ & $-0.00773976$ & $0.0135646$ & $-0.0441038$ \\
CHQ1_33 & $-0.0280887$ & $0.0685319$ & $0.0184245$ & $0.0588712$ & $0.042615$ & $-0.00169664$ & $0.128277$ & $-0.688569$ & $-0.682402$ & $0.567758$ & $0.319614$ & $-0.264526$ & $-0.391517$ & $0.482103$ & $0.0994931$ & $0.0839567$ & $0.682202$ & $0.630238$ & $0.634981$ & $-0.26443$ & $-0.37391$ & $-0.361654$ & $-0.127976$ & $1$ & $0.638947$ & $0.194088$ & $-0.425113$ & $-0.0249745$ & $-0.0452948$ & $-0.120268$ & $-0.0558094$ & $0.102919$ & $-0.140065$ & $-0.626499$ & $-0.0396045$ & $0.0297369$ & $-0.00388039$ & $0.0155983$ & $0.00578842$ & $-0.0158644$ & $-0.0405595$ & $0.0367254$ & $-0.00144537$ & $-0.00238375$ & $-0.025607$ & $-0.00694497$ & $-0.0136538$ & $0.0237395$ & $0.0254648$ \\
CHQ3_11 & $-0.123715$ & $0.0464399$ & $0.0317654$ & $0.045866$ & $0.00843836$ & $-0.0909518$ & $0.119559$ & $-0.401687$ & $-0.399257$ & $0.486982$ & $0.0193197$ & $-0.306978$ & $-0.361223$ & $0.601006$ & $-0.137328$ & $-0.14857$ & $0.776064$ & $0.787953$ & $0.79381$ & $-0.0131301$ & $-0.0223796$ & $-0.0210954$ & $0.104499$ & $0.638947$ & $1$ & $-0.00991416$ & $0.212698$ & $-0.00576433$ & $-0.0419255$ & $-0.085873$ & $-0.046185$ & $0.0865317$ & $-0.136424$ & $-0.192102$ & $-0.0440682$ & $0.034615$ & $-0.0297053$ & $0.0315585$ & $0.0492339$ & $0.0171248$ & $0.00759397$ & $0.0414456$ & $-0.0313535$ & $0.0123029$ & $0.041573$ & $0.0125033$ & $-0.0559002$ & $0.0437662$ & $-0.0340153$ \\
CHu_11 & $-0.0181048$ & $0.0571021$ & $-0.00823571$ & $0.0700981$ & $-0.00792664$ & $0.0987799$ & $0.029914$ & $-0.486976$ & $-0.47874$ & $0.190032$ & $0.547948$ & $0.00344246$ & $-0.0977612$ & $-0.268133$ & $-0.165901$ & $-0.192914$ & $-0.101659$ & $0.0117275$ & $0.037461$ & $-0.539453$ & $-0.549547$ & $-0.535307$ & $-0.685263$ & $0.194088$ & $-0.00991416$ & $1$ & $-0.191862$ & $-0.165061$ & $-0.00843616$ & $-0.0554996$ & $-0.0366573$ & $0.0272947$ & $-0.0509092$ & $-0.25248$ & $0.0306169$ & $0.027786$ & $0.0108254$ & $0.00234998$ & $0.0317428$ & $-0.0282342$ & $-0.0382032$ & $-0.0110276$ & $0.0119017$ & $0.0141118$ & $-0.0494919$ & $-0.00372898$ & $-0.00115522$ & $-0.0181324$ & $0.0259332$ \\
CHd_11 & $-0.0569001$ & $-0.0428937$ & $0.0331986$ & $-0.0417624$ & $-0.0383092$ & $-0.0966127$ & $-0.0385897$ & $0.431688$ & $0.426187$ & $-0.225605$ & $-0.29627$ & $0.0543419$ & $0.152538$ & $-0.115645$ & $-0.397485$ & $-0.380262$ & $-0.157136$ & $-0.0165746$ & $-0.019311$ & $0.217253$ & $0.379051$ & $0.366035$ & $0.361309$ & $-0.425113$ & $0.212698$ & $-0.191862$ & $1$ & $0.0984797$ & $0.0274303$ & $0.0607778$ & $0.0112976$ & $-0.0405636$ & $0.0295239$ & $0.683929$ & $-0.000767705$ & $-0.0235033$ & $-0.0394379$ & $0.0101374$ & $0.0567179$ & $0.0303804$ & $0.0571351$ & $0.00923949$ & $-0.0452985$ & $0.0183351$ & $0.0783997$ & $0.0132931$ & $-0.0468022$ & $0.0374078$ & $-0.0891424$ \\
CHd_33 & $0.00110494$ & $-0.0398419$ & $0.0194553$ & $-0.028437$ & $-0.0287418$ & $-0.0678339$ & $-0.0194215$ & $0.274137$ & $0.269593$ & $-0.104307$ & $-0.304767$ & $-0.00351526$ & $0.0517562$ & $0.136576$ & $0.0933928$ & $0.089357$ & $0.0573935$ & $-0.0136527$ & $-0.0106988$ & $0.297823$ & $0.306286$ & $0.302165$ & $-0.0018617$ & $-0.0249745$ & $-0.00576433$ & $-0.165061$ & $0.0984797$ & $1$ & $0.0283358$ & $0.0244953$ & $0.00596634$ & $-0.0167815$ & $0.030725$ & $0.1458$ & $-0.0623024$ & $0.000175811$ & $0.0097827$ & $0.023435$ & $0.0123243$ & $0.0158186$ & $0.0211913$ & $0.00994473$ & $0.00989076$ & $0.00227728$ & $0.0313803$ & $0.0411013$ & $-0.0183084$ & $0.0441298$ & $-0.0220406$ \\
CeH_22r & $0.000234296$ & $0.001116$ & $-0.00259251$ & $-0.0116023$ & $-0.0287332$ & $-4.7608e-05$ & $0.0233613$ & $0.0443037$ & $0.0510908$ & $-0.0471468$ & $-0.0217127$ & $0.0469335$ & $0.0542128$ & $-0.0126813$ & $0.00809371$ & $0.011847$ & $-0.0571635$ & $-0.0483692$ & $-0.0474351$ & $0.0180497$ & $0.0225087$ & $0.0179962$ & $0.0158262$ & $-0.0452948$ & $-0.0419255$ & $-0.00843616$ & $0.0274303$ & $0.0283358$ & $1$ & $0.0430642$ & $0.0195383$ & $0.0148049$ & $0.0599196$ & $0.020874$ & $-0.000677756$ & $-0.0106561$ & $-0.0243453$ & $-0.0269961$ & $0.0219732$ & $-0.0174876$ & $0.00790537$ & $-0.00347666$ & $0.00935636$ & $0.048154$ & $0.0123102$ & $-0.0175372$ & $-0.0296294$ & $-0.00598068$ & $0.00248918$ \\
CeH_33r & $-0.017287$ & $0.0106067$ & $5.74466e-05$ & $-0.0329859$ & $-0.00283026$ & $0.0102388$ & $-0.127992$ & $0.132045$ & $0.149436$ & $-0.144641$ & $-0.0906322$ & $0.326467$ & $0.283258$ & $-0.038612$ & $0.0302763$ & $0.0513771$ & $-0.0902291$ & $-0.0992042$ & $-0.117117$ & $0.0876552$ & $0.090727$ & $0.0883404$ & $0.0112241$ & $-0.120268$ & $-0.085873$ & $-0.0554996$ & $0.0607778$ & $0.0244953$ & $0.0430642$ & $1$ & $0.318428$ & $0.0136693$ & $0.644134$ & $0.0781597$ & $-0.0603234$ & $-0.0297653$ & $-0.162817$ & $-0.00603866$ & $-0.0183343$ & $0.0282967$ & $0.00603441$ & $-0.0105551$ & $-0.0280792$ & $0.0433407$ & $0.103245$ & $-0.0133521$ & $0.0405412$ & $-0.0170029$ & $-0.0651104$ \\
CuH_22r & $0.0420452$ & $-0.0329724$ & $0.000426841$ & $-0.063644$ & $-0.0295144$ & $-0.0137369$ & $-0.0638695$ & $0.0701203$ & $0.0827921$ & $-0.0866152$ & $-0.0590142$ & $0.104563$ & $0.118581$ & $-0.00980294$ & $0.0242631$ & $0.0522842$ & $-0.0221212$ & $-0.0368766$ & $-0.0598488$ & $0.0590964$ & $0.0554656$ & $0.0571264$ & $0.00637817$ & $-0.0558094$ & $-0.046185$ & $-0.0366573$ & $0.0112976$ & $0.00596634$ & $0.0195383$ & $0.318428$ & $1$ & $0.0141028$ & $0.342402$ & $0.0380508$ & $-0.0212363$ & $-0.0571572$ & $-0.133658$ & $-0.0198055$ & $-0.0243931$ & $0.025653$ & $-0.0518769$ & $-0.0083609$ & $-0.0249772$ & $0.0321792$ & $0.0327858$ & $0.104928$ & $0.320802$ & $-0.00403614$ & $-0.0604293$ \\
CuH_33r & $-0.0218838$ & $0.0734757$ & $-0.017117$ & $-0.00747004$ & $-0.0196951$ & $-0.016576$ & $0.933348$ & $-0.100538$ & $-0.0565685$ & $0.0848825$ & $0.0586518$ & $-0.191503$ & $-0.265638$ & $0.0426529$ & $-0.0163693$ & $-0.0194044$ & $0.090221$ & $0.085186$ & $0.0857332$ & $-0.0586325$ & $-0.0601738$ & $-0.0655845$ & $0.00391751$ & $0.102919$ & $0.0865317$ & $0.0272947$ & $-0.0405636$ & $-0.0167815$ & $0.0148049$ & $0.0136693$ & $0.0141028$ & $1$ & $0.0181169$ & $-0.0586552$ & $0.0246658$ & $0.0201254$ & $-0.0201567$ & $-0.0184753$ & $0.00266036$ & $-0.0295382$ & $-0.00940055$ & $0.0116384$ & $0.0271273$ & $-0.00331741$ & $0.0449942$ & $-0.0442455$ & $-0.00276909$ & $0.0263733$ & $0.00458093$ \\
CdH_33r & $0.0407683$ & $0.064184$ & $-0.075629$ & $-0.0669148$ & $0.000978812$ & $0.027186$ & $-0.161828$ & $0.130495$ & $0.146051$ & $-0.156363$ & $-0.0758231$ & $0.403605$ & $0.345704$ & $-0.0735795$ & $0.0359494$ & $0.0537789$ & $-0.114863$ & $-0.128804$ & $-0.144241$ & $0.0738513$ & $0.0765441$ & $0.0756623$ & $-0.00217048$ & $-0.140065$ & $-0.136424$ & $-0.0509092$ & $0.0295239$ & $0.030725$ & $0.0599196$ & $0.644134$ & $0.342402$ & $0.0181169$ & $1$ & $0.0776842$ & $-0.00321548$ & $-0.0712484$ & $-0.103006$ & $-0.00134962$ & $-0.0343728$ & $-0.0061461$ & $0.0548286$ & $0.019809$ & $-0.0429408$ & $0.0550077$ & $-0.0635707$ & $0.0168461$ & $0.0447991$ & $0.146009$ & $0.385$ \\
CLL_1221 & $-0.00524742$ & $-0.0431288$ & $0.0203691$ & $-0.0499638$ & $-0.0240024$ & $-0.115761$ & $-0.066089$ & $0.574176$ & $0.567936$ & $-0.354554$ & $-0.379108$ & $0.0893497$ & $0.226212$ & $-0.220361$ & $-0.600236$ & $-0.092782$ & $-0.243392$ & $0.0317808$ & $-0.347098$ & $0.295133$ & $0.465715$ & $0.455182$ & $0.19542$ & $-0.626499$ & $-0.192102$ & $-0.25248$ & $0.683929$ & $0.1458$ & $0.020874$ & $0.0781597$ & $0.0380508$ & $-0.0586552$ & $0.0776842$ & $1$ & $0.00826722$ & $-0.0523887$ & $-0.0165511$ & $0.0161988$ & $0.0266705$ & $0.0288994$ & $0.0536668$ & $-0.0108599$ & $-0.0329767$ & $-0.027206$ & $0.0535319$ & $0.0202933$ & $-0.008022$ & $0.0169782$ & $-0.052498$ \\
eHggint & $0.0115103$ & $-0.00644845$ & $-0.0493288$ & $-0.0155509$ & $-0.0388298$ & $0.0027541$ & $-0.0437706$ & $0.0130157$ & $0.000971426$ & $3.98983e-05$ & $0.00761224$ & $0.0860409$ & $0.0532532$ & $-0.0384401$ & $0.0038804$ & $0.0237032$ & $-0.0433833$ & $-0.039162$ & $-0.0588696$ & $-0.00782666$ & $-0.00931322$ & $-0.00700467$ & $-0.00539682$ & $-0.0396045$ & $-0.0440682$ & $0.0306169$ & $-0.000767705$ & $-0.0623024$ & $-0.000677756$ & $-0.0603234$ & $-0.0212363$ & $0.0246658$ & $-0.00321548$ & $0.00826722$ & $1$ & $-0.0968967$ & $0.0906753$ & $-0.0189678$ & $-0.0044934$ & $-0.0232317$ & $-0.122238$ & $0.0277491$ & $0.0327537$ & $-0.065615$ & $-0.0382491$ & $0.054043$ & $0.00223168$ & $-0.112572$ & $0.17606$ \\
eHggpar & $-0.119058$ & $0.0678965$ & $-0.0513408$ & $0.0832423$ & $-0.0367448$ & $0.0169612$ & $-0.0159852$ & $-0.0541341$ & $-0.0585319$ & $0.0476419$ & $0.0489257$ & $0.0187682$ & $-0.00884452$ & $-0.0113392$ & $0.0178214$ & $-0.0341408$ & $0.0199146$ & $-0.00622083$ & $0.0344267$ & $-0.0481232$ & $-0.0473275$ & $-0.0552273$ & $-0.00815523$ & $0.0297369$ & $0.034615$ & $0.027786$ & $-0.0235033$ & $0.000175811$ & $-0.0106561$ & $-0.0297653$ & $-0.0571572$ & $0.0201254$ & $-0.0712484$ & $-0.0523887$ & $-0.0968967$ & $1$ & $0.0286287$ & $0.00661167$ & $-0.0982588$ & $0.0193338$ & $0.0595973$ & $-0.0237197$ & $-0.0404402$ & $0.0893927$ & $0.00421292$ & $-0.0185238$ & $-0.158222$ & $0.131023$ & $-0.178584$ \\
eHWWint & $-0.0618523$ & $-0.0465196$ & $0.0968603$ & $0.177109$ & $0.0646359$ & $0.028805$ & $-0.00552265$ & $-0.00695006$ & $-0.0153735$ & $0.0191224$ & $0.0146531$ & $-0.00425462$ & $-0.0215662$ & $-0.0196584$ & $0.0115779$ & $0.0093252$ & $-0.0138053$ & $-0.0184375$ & $-0.0150149$ & $-0.0133776$ & $-0.0176187$ & $-0.0177751$ & $-0.00911751$ & $-0.00388039$ & $-0.0297053$ & $0.0108254$ & $-0.0394379$ & $0.0097827$ & $-0.0243453$ & $-0.162817$ & $-0.133658$ & $-0.0201567$ & $-0.103006$ & $-0.0165511$ & $0.0906753$ & $0.0286287$ & $1$ & $0.02162$ & $0.01887$ & $-0.0219757$ & $-0.00455192$ & $0.00772508$ & $0.00530694$ & $-0.0910706$ & $-0.148822$ & $0.0601675$ & $-0.205277$ & $0.066969$ & $0.124353$ \\
eHWWpar & $0.0243471$ & $-0.0118985$ & $-0.0154439$ & $-0.0431874$ & $-0.023992$ & $0.0223313$ & $-0.00765423$ & $0.0087284$ & $0.00821012$ & $-0.00789892$ & $-0.0305701$ & $-0.0282931$ & $-0.0128994$ & $0.0541077$ & $-0.0163186$ & $-0.00777735$ & $0.0369374$ & $0.0481583$ & $0.038509$ & $0.0257682$ & $0.0306834$ & $0.0270782$ & $-0.0234263$ & $0.0155983$ & $0.0315585$ & $0.00234998$ & $0.0101374$ & $0.023435$ & $-0.0269961$ & $-0.00603866$ & $-0.0198055$ & $-0.0184753$ & $-0.00134962$ & $0.0161988$ & $-0.0189678$ & $0.00661167$ & $0.02162$ & $1$ & $0.0176133$ & $0.00790991$ & $0.0233385$ & $-0.0138316$ & $0.00146862$ & $-0.00143753$ & $-0.0139984$ & $0.0229173$ & $-0.0343337$ & $0.00799759$ & $0.0361789$ \\
eHZZint & $-0.0365043$ & $-0.0349969$ & $-0.063499$ & $0.0685604$ & $0.0176361$ & $-0.016158$ & $0.0129785$ & $-0.0132247$ & $-0.00962598$ & $0.0217115$ & $0.0106457$ & $0.00720402$ & $0.00538008$ & $0.000417508$ & $-0.0504669$ & $-0.0376001$ & $0.0107971$ & $0.0347517$ & $0.0237575$ & $-0.0170636$ & $-0.00591978$ & $-0.0057166$ & $0.000594725$ & $0.00578842$ & $0.0492339$ & $0.0317428$ & $0.0567179$ & $0.0123243$ & $0.0219732$ & $-0.0183343$ & $-0.0243931$ & $0.00266036$ & $-0.0343728$ & $0.0266705$ & $-0.0044934$ & $-0.0982588$ & $0.01887$ & $0.0176133$ & $1$ & $-0.0131102$ & $0.135608$ & $-0.0378903$ & $0.0480896$ & $-0.0806667$ & $-0.0469908$ & $-0.0916192$ & $-0.0737035$ & $-0.0492723$ & $0.0168838$ \\
eHZZpar & $-0.0117716$ & $0.0320329$ & $0.0263923$ & $-0.015619$ & $0.00654341$ & $-0.0176593$ & $-0.0339675$ & $0.0268329$ & $0.027395$ & $-0.00862438$ & $-0.0332765$ & $-0.00792796$ & $-0.00338295$ & $0.0206166$ & $-0.00268608$ & $0.000733571$ & $0.0194969$ & $0.0110691$ & $0.0099475$ & $0.0302521$ & $0.0364814$ & $0.0372387$ & $0.020384$ & $-0.0158644$ & $0.0171248$ & $-0.0282342$ & $0.0303804$ & $0.0158186$ & $-0.0174876$ & $0.0282967$ & $0.025653$ & $-0.0295382$ & $-0.0061461$ & $0.0288994$ & $-0.0232317$ & $0.0193338$ & $-0.0219757$ & $0.00790991$ & $-0.0131102$ & $1$ & $-0.0375462$ & $-0.00805428$ & $0.015056$ & $0.00204892$ & $-0.00993121$ & $-0.00109031$ & $0.0191649$ & $0.0190858$ & $-0.0417662$ \\
eHZgaint & $-0.211136$ & $-0.068165$ & $0.0894702$ & $0.0267484$ & $-0.000470606$ & $0.0140793$ & $-0.00867757$ & $0.0517429$ & $0.0474269$ & $-0.0491982$ & $-0.0356376$ & $-0.014304$ & $0.0153871$ & $-0.00525179$ & $-0.0226736$ & $-0.0198952$ & $-0.0252946$ & $-0.0119085$ & $-0.0132046$ & $0.0313503$ & $0.0418831$ & $0.0390938$ & $0.0487708$ & $-0.0405595$ & $0.00759397$ & $-0.0382032$ & $0.0571351$ & $0.0211913$ & $0.00790537$ & $0.00603441$ & $-0.0518769$ & $-0.00940055$ & $0.0548286$ & $0.0536668$ & $-0.122238$ & $0.0595973$ & $-0.00455192$ & $0.0233385$ & $0.135608$ & $-0.0375462$ & $1$ & $-0.0209696$ & $-0.0705475$ & $-0.102933$ & $0.123535$ & $0.0644773$ & $-0.144217$ & $0.091184$ & $0.0888395$ \\
eHZgapar & $0.00239639$ & $0.0332918$ & $0.012051$ & $-0.00887153$ & $-0.000307947$ & $0.000856544$ & $0.00811169$ & $-0.0119646$ & $-0.0137028$ & $0.0168124$ & $-0.00719624$ & $-0.00349987$ & $5.78988e-05$ & $0.0345722$ & $0.00523198$ & $0.000982175$ & $0.0383311$ & $0.0303133$ & $0.0306231$ & $0.00645626$ & $0.00753937$ & $0.00210679$ & $0.0100885$ & $0.0367254$ & $0.0414456$ & $-0.0110276$ & $0.00923949$ & $0.00994473$ & $-0.00347666$ & $-0.0105551$ & $-0.0083609$ & $0.0116384$ & $0.019809$ & $-0.0108599$ & $0.0277491$ & $-0.0237197$ & $0.00772508$ & $-0.0138316$ & $-0.0378903$ & $-0.00805428$ & $-0.0209696$ & $1$ & $0.00917758$ & $0.0190545$ & $-0.0304231$ & $0.00719598$ & $-0.0294467$ & $0.0265104$ & $0.0421201$ \\
eHgagaint & $0.213556$ & $-0.107168$ & $-0.123923$ & $0.0257522$ & $-0.0196607$ & $-0.0264145$ & $0.0335418$ & $-0.0134496$ & $0.0624963$ & $0.00682871$ & $0.00702113$ & $0.000303042$ & $0.00955424$ & $0.0071358$ & $0.0128859$ & $0.0104519$ & $-0.00386767$ & $0.0017157$ & $0.00870268$ & $-0.00592858$ & $-0.0142128$ & $-0.0100548$ & $-0.0197147$ & $-0.00144537$ & $-0.0313535$ & $0.0119017$ & $-0.0452985$ & $0.00989076$ & $0.00935636$ & $-0.0280792$ & $-0.0249772$ & $0.0271273$ & $-0.0429408$ & $-0.0329767$ & $0.0327537$ & $-0.0404402$ & $0.00530694$ & $0.00146862$ & $0.0480896$ & $0.015056$ & $-0.0705475$ & $0.00917758$ & $1$ & $0.0082117$ & $0.00557637$ & $-0.134183$ & $0.0885485$ & $-0.170724$ & $0.0378232$ \\
eHmumuint & $0.104767$ & $0.154329$ & $-0.101192$ & $0.0563544$ & $-0.0274876$ & $-0.000151497$ & $-0.00790165$ & $-0.0182476$ & $-0.0112987$ & $0.0245095$ & $0.0160368$ & $0.0432608$ & $0.0287343$ & $-0.0042003$ & $0.0157514$ & $-0.0137875$ & $-0.0070094$ & $-0.0171356$ & $0.0165206$ & $-0.0128241$ & $-0.0140251$ & $-0.0120787$ & $0.00656917$ & $-0.00238375$ & $0.0123029$ & $0.0141118$ & $0.0183351$ & $0.00227728$ & $0.048154$ & $0.0433407$ & $0.0321792$ & $-0.00331741$ & $0.0550077$ & $-0.027206$ & $-0.065615$ & $0.0893927$ & $-0.0910706$ & $-0.00143753$ & $-0.0806667$ & $0.00204892$ & $-0.102933$ & $0.0190545$ & $0.0082117$ & $1$ & $0.0174813$ & $-0.0266517$ & $0.0649794$ & $0.167564$ & $-5.16411e-05$ \\
eHtautauint & $-0.0929047$ & $-0.0494658$ & $0.0852123$ & $-0.141949$ & $0.00200353$ & $-0.0314713$ & $0.0454294$ & $0.0499688$ & $0.0569165$ & $-0.00635551$ & $-0.0506565$ & $0.0138587$ & $0.0204119$ & $0.022687$ & $-0.0161749$ & $-0.0136914$ & $0.0117945$ & $0.0141573$ & $0.0125791$ & $0.0454641$ & $0.0560809$ & $0.0523437$ & $0.0570966$ & $-0.025607$ & $0.041573$ & $-0.0494919$ & $0.0783997$ & $0.0313803$ & $0.0123102$ & $0.103245$ & $0.0327858$ & $0.0449942$ & $-0.0635707$ & $0.0535319$ & $-0.0382491$ & $0.00421292$ & $-0.148822$ & $-0.0139984$ & $-0.0469908$ & $-0.00993121$ & $0.123535$ & $-0.0304231$ & $0.00557637$ & $0.0174813$ & $1$ & $0.0478178$ & $-0.0450438$ & $-0.0506045$ & $-0.237798$ \\
eHccint & $-0.13245$ & $0.124642$ & $0.0886704$ & $-0.130417$ & $0.0077493$ & $0.0325$ & $-0.0393182$ & $-0.00357217$ & $-0.0163459$ & $-0.0108055$ & $0.0101908$ & $-0.00393178$ & $-0.00405884$ & $-0.000828283$ & $-0.0199395$ & $-0.0116897$ & $-0.0115372$ & $0.00468154$ & $-0.00566029$ & $-0.0102393$ & $-0.00425341$ & $-0.00758748$ & $0.0193584$ & $-0.00694497$ & $0.0125033$ & $-0.00372898$ & $0.0132931$ & $0.0411013$ & $-0.0175372$ & $-0.0133521$ & $0.104928$ & $-0.0442455$ & $0.0168461$ & $0.0202933$ & $0.054043$ & $-0.0185238$ & $0.0601675$ & $0.0229173$ & $-0.0916192$ & $-0.00109031$ & $0.0644773$ & $0.00719598$ & $-0.134183$ & $-0.0266517$ & $0.0478178$ & $1$ & $0.0441817$ & $0.0144488$ & $0.0229671$ \\
eHccpar & $0.208428$ & $-0.115794$ & $-0.0667432$ & $-0.0737495$ & $-0.0134848$ & $-0.024742$ & $0.00325947$ & $0.0024177$ & $0.010994$ & $-0.0120143$ & $0.00128026$ & $0.00514054$ & $0.00474509$ & $-0.0152429$ & $0.00650867$ & $0.0483683$ & $-0.0140001$ & $-0.00888565$ & $-0.0450399$ & $0.000593688$ & $-0.00897258$ & $-0.0125678$ & $-0.00773976$ & $-0.0136538$ & $-0.0559002$ & $-0.00115522$ & $-0.0468022$ & $-0.0183084$ & $-0.0296294$ & $0.0405412$ & $0.320802$ & $-0.00276909$ & $0.0447991$ & $-0.008022$ & $0.00223168$ & $-0.158222$ & $-0.205277$ & $-0.0343337$ & $-0.0737035$ & $0.0191649$ & $-0.144217$ & $-0.0294467$ & $0.0885485$ & $0.0649794$ & $-0.0450438$ & $0.0441817$ & $1$ & $0.0223384$ & $0.0178696$ \\
eHbbint & $-0.0845089$ & $0.113039$ & $0.0815311$ & $-0.00100191$ & $0.00506154$ & $0.0159157$ & $0.019676$ & $-0.00959921$ & $-0.0227632$ & $0.0238549$ & $0.00487529$ & $-0.00474256$ & $-0.0126725$ & $-0.00387697$ & $-0.0145128$ & $-0.021909$ & $0.026488$ & $0.0155773$ & $0.02795$ & $-0.00651917$ & $0.00277824$ & $0.00577255$ & $0.0135646$ & $0.0237395$ & $0.0437662$ & $-0.0181324$ & $0.0374078$ & $0.0441298$ & $-0.00598068$ & $-0.0170029$ & $-0.00403614$ & $0.0263733$ & $0.146009$ & $0.0169782$ & $-0.112572$ & $0.131023$ & $0.066969$ & $0.00799759$ & $-0.0492723$ & $0.0190858$ & $0.091184$ & $0.0265104$ & $-0.170724$ & $0.167564$ & $-0.0506045$ & $0.0144488$ & $0.0223384$ & $1$ & $0.0172742$ \\
eHbbpar & $0.117039$ & $0.0808998$ & $-0.191083$ & $-0.00156938$ & $0.023314$ & $0.0253337$ & $0.00152118$ & $-0.0470005$ & $-0.0483594$ & $0.0255476$ & $0.0363529$ & $0.000595036$ & $-0.0123395$ & $0.00763523$ & $0.0154586$ & $0.0220741$ & $-0.00110017$ & $0.00685586$ & $0.00125243$ & $-0.0316127$ & $-0.0427119$ & $-0.0363385$ & $-0.0441038$ & $0.0254648$ & $-0.0340153$ & $0.0259332$ & $-0.0891424$ & $-0.0220406$ & $0.00248918$ & $-0.0651104$ & $-0.0604293$ & $0.00458093$ & $0.385$ & $-0.052498$ & $0.17606$ & $-0.178584$ & $0.124353$ & $0.0361789$ & $0.0168838$ & $-0.0417662$ & $0.0888395$ & $0.0421201$ & $0.0378232$ & $-5.16411e-05$ & $-0.237798$ & $0.0229671$ & $0.0178696$ & $0.0172742$ & $1$ \\
