 & AlsMz & dAle5Mz & mtop & mHl & Mz & CW & CHG & CHWB & CHWHB_gaga & CHWHB_gagaorth & CHD & CHbox & CH & CHL1_11 & CHL1_22 & CHL1_33 & CHL3_11 & CHL3_22 & CHL3_33 & CHe_11 & CHe_22 & CHe_33 & CHQ1_11 & CHQ1_33 & CHQ3_11 & CHu_11 & CHd_11 & CHd_33 & CeH_22r & CeH_33r & CuH_22r & CuH_33r & CdH_33r & CLL_1221 & eHggint & eHggpar & eHWWint & eHWWpar & eHZZint & eHZZpar & eHZgaint & eHZgapar & eHgagaint & eHmumuint & eHtautauint & eHccint & eHccpar & eHbbint & eHbbpar \\
AlsMz & $1$ & $-0.49795$ & $0.27896$ & $-0.157291$ & $0.324846$ & $-0.042658$ & $0.0495853$ & $0.227405$ & $0.226488$ & $-0.0218288$ & $-0.29248$ & $0.0687433$ & $-0.120776$ & $0.151043$ & $-0.404851$ & $-0.38295$ & $0.0838014$ & $0.250758$ & $0.271243$ & $0.146149$ & $0.326273$ & $0.306038$ & $0.269674$ & $-0.174183$ & $0.226942$ & $-0.00101088$ & $0.611182$ & $-0.0225936$ & $-0.124502$ & $-0.0972657$ & $0.0103382$ & $0.0291628$ & $-0.128904$ & $0.397121$ & $0.407713$ & $0.0943803$ & $-0.0206745$ & $0.560458$ & $-0.115557$ & $0.033004$ & $0.437518$ & $-0.437099$ & $0.156605$ & $-0.565882$ & $-0.108518$ & $0.218972$ & $0.179405$ & $0.275157$ & $-0.112409$ \\
dAle5Mz & $-0.49795$ & $1$ & $-0.694584$ & $0.651151$ & $-0.443868$ & $-0.133938$ & $-0.548915$ & $0.0724338$ & $0.0598982$ & $-0.297018$ & $0.164573$ & $0.558938$ & $0.629638$ & $-0.557879$ & $0.412529$ & $0.17097$ & $-0.46641$ & $-0.560416$ & $-0.500984$ & $0.0905126$ & $-0.0512436$ & $-0.0675644$ & $-0.202805$ & $-0.265696$ & $-0.543043$ & $0.158659$ & $-0.284541$ & $0.108073$ & $0.203553$ & $0.576985$ & $0.384729$ & $-0.454059$ & $0.587449$ & $-0.134944$ & $-0.0832562$ & $0.156089$ & $-0.0788132$ & $-0.637165$ & $0.558759$ & $0.0917515$ & $0.0763457$ & $0.645931$ & $-0.366046$ & $0.80022$ & $0.0882504$ & $0.362583$ & $-0.165711$ & $-0.289358$ & $0.235249$ \\
mtop & $0.27896$ & $-0.694584$ & $1$ & $-0.576025$ & $0.326173$ & $0.0776$ & $0.518186$ & $0.00588069$ & $0.0125411$ & $0.262116$ & $-0.199489$ & $-0.466367$ & $-0.575742$ & $0.421585$ & $-0.348147$ & $-0.181496$ & $0.339702$ & $0.415671$ & $0.375456$ & $0.0288971$ & $0.136867$ & $0.150377$ & $0.184249$ & $0.196826$ & $0.419489$ & $-0.0697787$ & $0.342966$ & $-0.0361029$ & $-0.122936$ & $-0.513543$ & $-0.401752$ & $0.488676$ & $-0.473498$ & $0.153918$ & $0.259841$ & $0.199175$ & $-0.0641333$ & $0.396236$ & $-0.266596$ & $0.146317$ & $-0.193731$ & $-0.70738$ & $0.213595$ & $-0.562628$ & $-0.253361$ & $-0.480841$ & $-0.122932$ & $0.303426$ & $-0.0813677$ \\
mHl & $-0.157291$ & $0.651151$ & $-0.576025$ & $1$ & $-0.348739$ & $-0.147039$ & $-0.508116$ & $0.236342$ & $0.214601$ & $-0.316752$ & $-0.0403625$ & $0.596875$ & $0.60453$ & $-0.506957$ & $0.137956$ & $-0.00494912$ & $-0.415779$ & $-0.409695$ & $-0.382728$ & $0.210233$ & $0.154775$ & $0.135036$ & $-0.10331$ & $-0.370477$ & $-0.386202$ & $0.21209$ & $0.136498$ & $0.132181$ & $0.15575$ & $0.538525$ & $0.369973$ & $-0.40346$ & $0.612854$ & $0.129426$ & $0.150071$ & $0.323709$ & $-0.244235$ & $-0.367099$ & $0.523026$ & $-0.0809484$ & $0.10073$ & $0.382854$ & $-0.528018$ & $0.544307$ & $-0.323549$ & $0.497768$ & $-0.0942897$ & $-0.138882$ & $0.429375$ \\
Mz & $0.324846$ & $-0.443868$ & $0.326173$ & $-0.348739$ & $1$ & $0.09199$ & $0.420489$ & $-0.216634$ & $-0.202208$ & $0.347287$ & $0.0391507$ & $-0.420673$ & $-0.507522$ & $0.482971$ & $-0.338242$ & $-0.136261$ & $0.464923$ & $0.509827$ & $0.486889$ & $-0.192061$ & $-0.0519948$ & $-0.0186302$ & $0.121798$ & $0.298439$ & $0.512156$ & $0.0125773$ & $0.20184$ & $-0.200852$ & $-0.231572$ & $-0.443763$ & $-0.359653$ & $0.342249$ & $-0.51106$ & $0.117384$ & $0.0889605$ & $-0.132741$ & $-0.155326$ & $0.54667$ & $-0.325459$ & $-0.133866$ & $0.020937$ & $-0.459257$ & $0.438237$ & $-0.574453$ & $0.0234941$ & $-0.0843704$ & $-0.154641$ & $-0.160814$ & $-0.260621$ \\
CW & $-0.042658$ & $-0.133938$ & $0.0776$ & $-0.147039$ & $0.09199$ & $1$ & $0.142872$ & $-0.154747$ & $-0.150718$ & $0.103381$ & $0.115784$ & $-0.174067$ & $-0.162536$ & $0.271393$ & $-0.0466001$ & $0.0447446$ & $0.0379017$ & $0.141586$ & $0.0985658$ & $-0.15716$ & $-0.0986938$ & $-0.151218$ & $-0.024872$ & $0.163347$ & $0.142827$ & $-0.0526919$ & $-0.105848$ & $0.00295808$ & $0.0632661$ & $-0.130976$ & $-0.100176$ & $0.108278$ & $-0.150592$ & $-0.119899$ & $-0.0778737$ & $-0.130702$ & $-0.00233003$ & $0.0914112$ & $-0.17344$ & $-0.0878366$ & $-0.0676592$ & $-0.076967$ & $0.099188$ & $-0.129658$ & $0.036935$ & $-0.135295$ & $0.0168212$ & $-0.0366251$ & $-0.0865401$ \\
CHG & $0.0495853$ & $-0.548915$ & $0.518186$ & $-0.508116$ & $0.420489$ & $0.142872$ & $1$ & $-0.228853$ & $-0.192073$ & $0.522949$ & $-0.0829384$ & $-0.844231$ & $-0.911209$ & $0.667553$ & $-0.309566$ & $0.0202919$ & $0.59892$ & $0.609014$ & $0.530338$ & $-0.127008$ & $-0.0209062$ & $0.0259111$ & $0.0736053$ & $0.459793$ & $0.616341$ & $-0.0381267$ & $0.127137$ & $-0.131868$ & $-0.34004$ & $-0.763005$ & $-0.715246$ & $0.959075$ & $-0.752976$ & $0.0782919$ & $0.236913$ & $-0.0221013$ & $-0.412491$ & $0.427648$ & $-0.219844$ & $-0.0194944$ & $-0.207832$ & $-0.649192$ & $0.551086$ & $-0.621687$ & $-0.0567479$ & $-0.547837$ & $-0.471535$ & $-0.0908613$ & $-0.0392167$ \\
CHWB & $0.227405$ & $0.0724338$ & $0.00588069$ & $0.236342$ & $-0.216634$ & $-0.154747$ & $-0.228853$ & $1$ & $0.994006$ & $-0.570676$ & $-0.869047$ & $0.256939$ & $0.230315$ & $-0.402237$ & $0.146984$ & $-0.0341492$ & $-0.640506$ & $-0.538266$ & $-0.524756$ & $0.891879$ & $0.723804$ & $0.629764$ & $0.0264766$ & $-0.736313$ & $-0.579603$ & $-0.0367951$ & $0.431356$ & $0.348861$ & $0.141023$ & $0.228431$ & $0.193384$ & $-0.134063$ & $0.317024$ & $0.517583$ & $0.422387$ & $0.443518$ & $-0.0780949$ & $-0.257438$ & $0.452394$ & $0.374099$ & $0.214487$ & $-0.063368$ & $-0.235278$ & $0.225814$ & $-0.195687$ & $0.0686268$ & $-0.0476308$ & $0.303999$ & $0.287391$ \\
CHWHB_gaga & $0.226488$ & $0.0598982$ & $0.0125411$ & $0.214601$ & $-0.202208$ & $-0.150718$ & $-0.192073$ & $0.994006$ & $1$ & $-0.557158$ & $-0.872241$ & $0.233366$ & $0.202073$ & $-0.384226$ & $0.142515$ & $-0.0278068$ & $-0.625175$ & $-0.522563$ & $-0.513107$ & $0.890621$ & $0.719579$ & $0.63037$ & $0.0230813$ & $-0.720793$ & $-0.564594$ & $-0.0371967$ & $0.426747$ & $0.344345$ & $0.136561$ & $0.215064$ & $0.177536$ & $-0.101003$ & $0.297935$ & $0.518019$ & $0.421974$ & $0.428248$ & $-0.0873917$ & $-0.245644$ & $0.444205$ & $0.377469$ & $0.214399$ & $-0.0747844$ & $-0.192105$ & $0.205199$ & $-0.177071$ & $0.0584311$ & $-0.0619471$ & $0.285405$ & $0.273146$ \\
CHWHB_gagaorth & $-0.0218288$ & $-0.297018$ & $0.262116$ & $-0.316752$ & $0.347287$ & $0.103381$ & $0.522949$ & $-0.570676$ & $-0.557158$ & $1$ & $0.18682$ & $-0.462401$ & $-0.563705$ & $0.764865$ & $-0.182451$ & $0.0556504$ & $0.82847$ & $0.663708$ & $0.668096$ & $-0.355181$ & $-0.23605$ & $-0.15047$ & $-0.00850468$ & $0.674444$ & $0.733262$ & $-0.000119138$ & $-0.127567$ & $-0.209379$ & $-0.264544$ & $-0.491701$ & $-0.444515$ & $0.475923$ & $-0.527971$ & $-0.215303$ & $0.0206073$ & $-0.170025$ & $-0.215794$ & $0.368672$ & $-0.273121$ & $-0.143568$ & $-0.187815$ & $-0.372863$ & $0.389956$ & $-0.444627$ & $0.0650376$ & $-0.264432$ & $-0.280361$ & $-0.219139$ & $-0.162936$ \\
CHD & $-0.29248$ & $0.164573$ & $-0.199489$ & $-0.0403625$ & $0.0391507$ & $0.115784$ & $-0.0829384$ & $-0.869047$ & $-0.872241$ & $0.18682$ & $1$ & $0.0377372$ & $0.107449$ & $-0.031157$ & $-0.0150332$ & $0.0106647$ & $0.235892$ & $0.189956$ & $0.192524$ & $-0.866753$ & $-0.745189$ & $-0.685841$ & $-0.0499812$ & $0.461611$ & $0.214499$ & $0.0773045$ & $-0.461345$ & $-0.284248$ & $-0.00423565$ & $0.0595385$ & $0.0681236$ & $-0.147226$ & $-0.0223136$ & $-0.51171$ & $-0.482632$ & $-0.384615$ & $0.215746$ & $0.0151247$ & $-0.304872$ & $-0.301935$ & $-0.138144$ & $0.322709$ & $0.019395$ & $0.0605035$ & $0.209731$ & $0.0934027$ & $0.188765$ & $-0.252021$ & $-0.231753$ \\
CHbox & $0.0687433$ & $0.558938$ & $-0.466367$ & $0.596875$ & $-0.420673$ & $-0.174067$ & $-0.844231$ & $0.256939$ & $0.233366$ & $-0.462401$ & $0.0377372$ & $1$ & $0.926148$ & $-0.700204$ & $0.179046$ & $-0.0776117$ & $-0.591289$ & $-0.545879$ & $-0.503543$ & $0.206553$ & $0.108255$ & $0.0638013$ & $-0.0541249$ & $-0.484404$ & $-0.559849$ & $0.106056$ & $0.0570562$ & $0.132502$ & $0.302677$ & $0.783463$ & $0.689449$ & $-0.763671$ & $0.800829$ & $0.0289745$ & $-0.0601123$ & $0.159483$ & $0.212741$ & $-0.397888$ & $0.371735$ & $-0.00452934$ & $0.369463$ & $0.559665$ & $-0.558667$ & $0.576986$ & $-0.0667757$ & $0.532504$ & $0.387142$ & $0.120802$ & $0.18239$ \\
CH & $-0.120776$ & $0.629638$ & $-0.575742$ & $0.60453$ & $-0.507522$ & $-0.162536$ & $-0.911209$ & $0.230315$ & $0.202073$ & $-0.563705$ & $0.107449$ & $0.926148$ & $1$ & $-0.745843$ & $0.310642$ & $-0.0151968$ & $-0.643077$ & $-0.644392$ & $-0.581079$ & $0.130794$ & $0.00542785$ & $-0.0404357$ & $-0.0828596$ & $-0.464972$ & $-0.657534$ & $0.0534553$ & $-0.121378$ & $0.158212$ & $0.343869$ & $0.81834$ & $0.753771$ & $-0.857791$ & $0.825014$ & $-0.0657583$ & $-0.267846$ & $0.0384683$ & $0.362637$ & $-0.497953$ & $0.275904$ & $-0.0550402$ & $0.214229$ & $0.728911$ & $-0.643348$ & $0.713984$ & $-0.0257889$ & $0.538578$ & $0.489581$ & $0.110415$ & $0.134048$ \\
CHL1_11 & $0.151043$ & $-0.557879$ & $0.421585$ & $-0.506957$ & $0.482971$ & $0.271393$ & $0.667553$ & $-0.402237$ & $-0.384226$ & $0.764865$ & $-0.031157$ & $-0.700204$ & $-0.745843$ & $1$ & $-0.334392$ & $0.00221272$ & $0.821861$ & $0.787192$ & $0.744355$ & $-0.297834$ & $-0.0957618$ & $-0.0325432$ & $0.0865107$ & $0.625924$ & $0.807992$ & $-0.110049$ & $0.00371062$ & $-0.191931$ & $-0.279817$ & $-0.639523$ & $-0.558379$ & $0.569132$ & $-0.686751$ & $-0.00836059$ & $0.0290182$ & $-0.240397$ & $-0.218292$ & $0.587884$ & $-0.444451$ & $-0.219576$ & $-0.174068$ & $-0.536838$ & $0.517526$ & $-0.677677$ & $0.0286542$ & $-0.336317$ & $-0.226557$ & $-0.145132$ & $-0.229084$ \\
CHL1_22 & $-0.404851$ & $0.412529$ & $-0.348147$ & $0.137956$ & $-0.338242$ & $-0.0466001$ & $-0.309566$ & $0.146984$ & $0.142515$ & $-0.182451$ & $-0.0150332$ & $0.179046$ & $0.310642$ & $-0.334392$ & $1$ & $0.411555$ & $-0.379488$ & $-0.709563$ & $-0.499281$ & $0.219002$ & $-0.0760632$ & $-0.123023$ & $-0.225734$ & $-0.082903$ & $-0.535548$ & $0.0275674$ & $-0.540584$ & $0.181203$ & $0.22282$ & $0.265106$ & $0.250421$ & $-0.258244$ & $0.261507$ & $-0.61191$ & $-0.130455$ & $0.0167614$ & $0.338419$ & $-0.579104$ & $0.230555$ & $0.388042$ & $-0.1354$ & $0.37752$ & $-0.206402$ & $0.537658$ & $0.327855$ & $0.10804$ & $-0.000518413$ & $-0.0726697$ & $-0.0505943$ \\
CHL1_33 & $-0.38295$ & $0.17097$ & $-0.181496$ & $-0.00494912$ & $-0.136261$ & $0.0447446$ & $0.0202919$ & $-0.0341492$ & $-0.0278068$ & $0.0556504$ & $0.0106647$ & $-0.0776117$ & $-0.0151968$ & $0.00221272$ & $0.411555$ & $1$ & $-0.0591098$ & $-0.195862$ & $-0.448135$ & $0.0703031$ & $-0.137721$ & $-0.223609$ & $-0.126313$ & $0.216208$ & $-0.192491$ & $0.0220211$ & $-0.485513$ & $0.0522792$ & $0.0620207$ & $-0.0135495$ & $-0.0371092$ & $0.0260134$ & $0.00316675$ & $-0.327538$ & $-0.120608$ & $-0.100464$ & $0.0795671$ & $-0.291169$ & $0.0460994$ & $0.131304$ & $-0.174494$ & $0.13662$ & $-0.0107755$ & $0.185634$ & $0.248473$ & $-0.0959457$ & $-0.116872$ & $-0.169645$ & $-0.030919$ \\
CHL3_11 & $0.0838014$ & $-0.46641$ & $0.339702$ & $-0.415779$ & $0.464923$ & $0.0379017$ & $0.59892$ & $-0.640506$ & $-0.625175$ & $0.82847$ & $0.235892$ & $-0.591289$ & $-0.643077$ & $0.821861$ & $-0.379488$ & $-0.0591098$ & $1$ & $0.842305$ & $0.814514$ & $-0.518885$ & $-0.288828$ & $-0.196869$ & $0.0791154$ & $0.723217$ & $0.883158$ & $-0.0492854$ & $-0.042722$ & $-0.272098$ & $-0.301256$ & $-0.562288$ & $-0.498124$ & $0.496351$ & $-0.623903$ & $-0.0637615$ & $-0.0935203$ & $-0.293916$ & $-0.187509$ & $0.582535$ & $-0.477698$ & $-0.321537$ & $-0.191854$ & $-0.41596$ & $0.462851$ & $-0.615909$ & $0.0246575$ & $-0.252103$ & $-0.16684$ & $-0.216074$ & $-0.239314$ \\
CHL3_22 & $0.250758$ & $-0.560416$ & $0.415671$ & $-0.409695$ & $0.509827$ & $0.141586$ & $0.609014$ & $-0.538266$ & $-0.522563$ & $0.663708$ & $0.189956$ & $-0.545879$ & $-0.644392$ & $0.787192$ & $-0.709563$ & $-0.195862$ & $0.842305$ & $1$ & $0.820577$ & $-0.466423$ & $-0.210467$ & $-0.108618$ & $0.178607$ & $0.587704$ & $0.904751$ & $-0.0785748$ & $0.195853$ & $-0.301953$ & $-0.309552$ & $-0.559473$ & $-0.498506$ & $0.502393$ & $-0.611504$ & $0.279558$ & $-0.0217383$ & $-0.25189$ & $-0.290899$ & $0.712364$ & $-0.487045$ & $-0.439167$ & $-0.0787489$ & $-0.485804$ & $0.458946$ & $-0.732119$ & $-0.114667$ & $-0.260347$ & $-0.114476$ & $-0.12947$ & $-0.169382$ \\
CHL3_33 & $0.271243$ & $-0.500984$ & $0.375456$ & $-0.382728$ & $0.486889$ & $0.0985658$ & $0.530338$ & $-0.524756$ & $-0.513107$ & $0.668096$ & $0.192524$ & $-0.503543$ & $-0.581079$ & $0.744355$ & $-0.499281$ & $-0.448135$ & $0.814514$ & $0.820577$ & $1$ & $-0.455976$ & $-0.186013$ & $-0.13052$ & $0.138703$ & $0.533289$ & $0.869298$ & $-0.0651052$ & $0.18656$ & $-0.282717$ & $-0.282934$ & $-0.505$ & $-0.427556$ & $0.436497$ & $-0.570151$ & $0.0781237$ & $0.00247743$ & $-0.209765$ & $-0.205249$ & $0.653247$ & $-0.436897$ & $-0.334681$ & $-0.047666$ & $-0.444368$ & $0.420068$ & $-0.648494$ & $-0.086909$ & $-0.179674$ & $-0.106387$ & $-0.111927$ & $-0.193188$ \\
CHe_11 & $0.146149$ & $0.0905126$ & $0.0288971$ & $0.210233$ & $-0.192061$ & $-0.15716$ & $-0.127008$ & $0.891879$ & $0.890621$ & $-0.355181$ & $-0.866753$ & $0.206553$ & $0.130794$ & $-0.297834$ & $0.219002$ & $0.0703031$ & $-0.518885$ & $-0.466423$ & $-0.455976$ & $1$ & $0.707304$ & $0.645992$ & $-0.0249589$ & $-0.601551$ & $-0.482115$ & $-0.0104242$ & $0.353371$ & $0.342237$ & $0.107132$ & $0.14345$ & $0.101969$ & $-0.0177301$ & $0.236933$ & $0.346862$ & $0.465443$ & $0.462232$ & $-0.138583$ & $-0.278682$ & $0.485974$ & $0.426084$ & $0.160048$ & $-0.119749$ & $-0.179683$ & $0.214516$ & $-0.159368$ & $-0.000554057$ & $-0.174074$ & $0.244839$ & $0.293674$ \\
CHe_22 & $0.326273$ & $-0.0512436$ & $0.136867$ & $0.154775$ & $-0.0519948$ & $-0.0986938$ & $-0.0209062$ & $0.723804$ & $0.719579$ & $-0.23605$ & $-0.745189$ & $0.108255$ & $0.00542785$ & $-0.0957618$ & $-0.0760632$ & $-0.137721$ & $-0.288828$ & $-0.210467$ & $-0.186013$ & $0.707304$ & $1$ & $0.624142$ & $0.0892993$ & $-0.522992$ & $-0.232344$ & $-0.0411758$ & $0.524382$ & $0.300247$ & $0.0257263$ & $0.0522925$ & $0.0292986$ & $0.0617371$ & $0.135995$ & $0.464109$ & $0.507487$ & $0.471593$ & $-0.272661$ & $-0.0612476$ & $0.394532$ & $0.284743$ & $0.213195$ & $-0.250085$ & $-0.0905824$ & $0.0104195$ & $-0.270982$ & $-0.00787404$ & $-0.173589$ & $0.219314$ & $0.289585$ \\
CHe_33 & $0.306038$ & $-0.0675644$ & $0.150377$ & $0.135036$ & $-0.0186302$ & $-0.151218$ & $0.0259111$ & $0.629764$ & $0.63037$ & $-0.15047$ & $-0.685841$ & $0.0638013$ & $-0.0404357$ & $-0.0325432$ & $-0.123023$ & $-0.223609$ & $-0.196869$ & $-0.108618$ & $-0.13052$ & $0.645992$ & $0.624142$ & $1$ & $0.0360795$ & $-0.434074$ & $-0.145888$ & $-0.0117975$ & $0.50889$ & $0.21758$ & $-0.0322815$ & $0.00818502$ & $-0.0193797$ & $0.10087$ & $0.0752873$ & $0.461048$ & $0.456109$ & $0.38405$ & $-0.256163$ & $0.0272572$ & $0.328854$ & $0.21938$ & $0.161296$ & $-0.261819$ & $-0.00666659$ & $-0.045794$ & $-0.236928$ & $0.00800932$ & $-0.190521$ & $0.183769$ & $0.210937$ \\
CHQ1_11 & $0.269674$ & $-0.202805$ & $0.184249$ & $-0.10331$ & $0.121798$ & $-0.024872$ & $0.0736053$ & $0.0264766$ & $0.0230813$ & $-0.00850468$ & $-0.0499812$ & $-0.0541249$ & $-0.0828596$ & $0.0865107$ & $-0.225734$ & $-0.126313$ & $0.0791154$ & $0.178607$ & $0.138703$ & $-0.0249589$ & $0.0892993$ & $0.0360795$ & $1$ & $-0.0738748$ & $0.143115$ & $-0.505822$ & $0.311985$ & $0.0031967$ & $-0.0988941$ & $-0.0967341$ & $-0.0220586$ & $0.0582846$ & $-0.103107$ & $0.20705$ & $0.100716$ & $0.0637593$ & $-0.0146398$ & $0.218127$ & $-0.0817788$ & $-0.0170539$ & $0.0481674$ & $-0.164926$ & $0.0487502$ & $-0.169191$ & $-0.126773$ & $-0.0246717$ & $0.0973385$ & $0.116471$ & $-0.0496976$ \\
CHQ1_33 & $-0.174183$ & $-0.265696$ & $0.196826$ & $-0.370477$ & $0.298439$ & $0.163347$ & $0.459793$ & $-0.736313$ & $-0.720793$ & $0.674444$ & $0.461611$ & $-0.484404$ & $-0.464972$ & $0.625924$ & $-0.082903$ & $0.216208$ & $0.723217$ & $0.587704$ & $0.533289$ & $-0.601551$ & $-0.522992$ & $-0.434074$ & $-0.0738748$ & $1$ & $0.630826$ & $-0.00416052$ & $-0.362792$ & $-0.172936$ & $-0.189699$ & $-0.42764$ & $-0.37009$ & $0.36878$ & $-0.483087$ & $-0.380856$ & $-0.266567$ & $-0.37018$ & $-0.00582353$ & $0.310314$ & $-0.451766$ & $-0.261164$ & $-0.286205$ & $-0.177571$ & $0.335284$ & $-0.378212$ & $0.161868$ & $-0.23772$ & $-0.100092$ & $-0.24521$ & $-0.269017$ \\
CHQ3_11 & $0.226942$ & $-0.543043$ & $0.419489$ & $-0.386202$ & $0.512156$ & $0.142827$ & $0.616341$ & $-0.579603$ & $-0.564594$ & $0.733262$ & $0.214499$ & $-0.559849$ & $-0.657534$ & $0.807992$ & $-0.535548$ & $-0.192491$ & $0.883158$ & $0.904751$ & $0.869298$ & $-0.482115$ & $-0.232344$ & $-0.145888$ & $0.143115$ & $0.630826$ & $1$ & $-0.0371357$ & $0.216312$ & $-0.300548$ & $-0.298937$ & $-0.573918$ & $-0.500891$ & $0.520706$ & $-0.620681$ & $0.0827671$ & $0.0266906$ & $-0.219104$ & $-0.268488$ & $0.666803$ & $-0.459701$ & $-0.351279$ & $-0.104305$ & $-0.520301$ & $0.454702$ & $-0.706193$ & $-0.115664$ & $-0.22913$ & $-0.164761$ & $-0.127387$ & $-0.181627$ \\
CHu_11 & $-0.00101088$ & $0.158659$ & $-0.0697787$ & $0.21209$ & $0.0125773$ & $-0.0526919$ & $-0.0381267$ & $-0.0367951$ & $-0.0371967$ & $-0.000119138$ & $0.0773045$ & $0.106056$ & $0.0534553$ & $-0.110049$ & $0.0275674$ & $0.0220211$ & $-0.0492854$ & $-0.0785748$ & $-0.0651052$ & $-0.0104242$ & $-0.0411758$ & $-0.0117975$ & $-0.505822$ & $-0.00416052$ & $-0.0371357$ & $1$ & $0.13713$ & $-0.0425389$ & $0.0197585$ & $0.057365$ & $-0.0155983$ & $-0.00564037$ & $0.0855764$ & $-0.0558621$ & $0.19296$ & $0.17512$ & $-0.16002$ & $-0.108054$ & $0.245053$ & $0.108329$ & $0.0625752$ & $-0.0440669$ & $-0.0486953$ & $0.0674489$ & $-0.0802795$ & $0.125874$ & $-0.203111$ & $-0.091028$ & $0.108054$ \\
CHd_11 & $0.611182$ & $-0.284541$ & $0.342966$ & $0.136498$ & $0.20184$ & $-0.105848$ & $0.127137$ & $0.431356$ & $0.426747$ & $-0.127567$ & $-0.461345$ & $0.0570562$ & $-0.121378$ & $0.00371062$ & $-0.540584$ & $-0.485513$ & $-0.042722$ & $0.195853$ & $0.18656$ & $0.353371$ & $0.524382$ & $0.50889$ & $0.311985$ & $-0.362792$ & $0.216312$ & $0.13713$ & $1$ & $0.0490056$ & $-0.11753$ & $-0.0886924$ & $-0.07736$ & $0.174374$ & $-0.0171144$ & $0.669677$ & $0.581147$ & $0.442013$ & $-0.390693$ & $0.326688$ & $0.206916$ & $0.0466097$ & $0.271269$ & $-0.484543$ & $-0.00367295$ & $-0.316978$ & $-0.523983$ & $0.0680453$ & $-0.125961$ & $0.28005$ & $0.245328$ \\
CHd_33 & $-0.0225936$ & $0.108073$ & $-0.0361029$ & $0.132181$ & $-0.200852$ & $0.00295808$ & $-0.131868$ & $0.348861$ & $0.344345$ & $-0.209379$ & $-0.284248$ & $0.132502$ & $0.158212$ & $-0.191931$ & $0.181203$ & $0.0522792$ & $-0.272098$ & $-0.301953$ & $-0.282717$ & $0.342237$ & $0.300247$ & $0.21758$ & $0.0031967$ & $-0.172936$ & $-0.300548$ & $-0.0425389$ & $0.0490056$ & $1$ & $0.098257$ & $0.180787$ & $0.133196$ & $-0.0590016$ & $0.235479$ & $0.0560274$ & $0.149468$ & $0.258544$ & $0.0212771$ & $-0.284274$ & $0.281809$ & $0.28271$ & $-0.0323971$ & $0.0516492$ & $-0.206722$ & $0.245618$ & $-0.0644004$ & $-0.0397568$ & $-0.0384978$ & $0.156085$ & $0.176903$ \\
CeH_22r & $-0.124502$ & $0.203553$ & $-0.122936$ & $0.15575$ & $-0.231572$ & $0.0632661$ & $-0.34004$ & $0.141023$ & $0.136561$ & $-0.264544$ & $-0.00423565$ & $0.302677$ & $0.343869$ & $-0.279817$ & $0.22282$ & $0.0620207$ & $-0.301256$ & $-0.309552$ & $-0.282934$ & $0.107132$ & $0.0257263$ & $-0.0322815$ & $-0.0988941$ & $-0.189699$ & $-0.298937$ & $0.0197585$ & $-0.11753$ & $0.098257$ & $1$ & $0.303258$ & $0.263416$ & $-0.330936$ & $0.296671$ & $-0.0772344$ & $-0.100279$ & $0.043736$ & $0.217112$ & $-0.282227$ & $0.105961$ & $0.117026$ & $0.00115583$ & $0.239812$ & $-0.222351$ & $0.297072$ & $0.0375415$ & $0.131056$ & $0.170267$ & $0.0506006$ & $0.0111323$ \\
CeH_33r & $-0.0972657$ & $0.576985$ & $-0.513543$ & $0.538525$ & $-0.443763$ & $-0.130976$ & $-0.763005$ & $0.228431$ & $0.215064$ & $-0.491701$ & $0.0595385$ & $0.783463$ & $0.81834$ & $-0.639523$ & $0.265106$ & $-0.0135495$ & $-0.562288$ & $-0.559473$ & $-0.505$ & $0.14345$ & $0.0522925$ & $0.00818502$ & $-0.0967341$ & $-0.42764$ & $-0.573918$ & $0.057365$ & $-0.0886924$ & $0.180787$ & $0.303258$ & $1$ & $0.710474$ & $-0.652243$ & $0.86395$ & $-0.0212994$ & $-0.154214$ & $0.085049$ & $0.228705$ & $-0.46449$ & $0.316129$ & $0.000730602$ & $0.215124$ & $0.614867$ & $-0.510956$ & $0.626822$ & $-0.0119316$ & $0.436999$ & $0.332057$ & $0.0622694$ & $0.170245$ \\
CuH_22r & $0.0103382$ & $0.384729$ & $-0.401752$ & $0.369973$ & $-0.359653$ & $-0.100176$ & $-0.715246$ & $0.193384$ & $0.177536$ & $-0.444515$ & $0.0681236$ & $0.689449$ & $0.753771$ & $-0.558379$ & $0.250421$ & $-0.0371092$ & $-0.498124$ & $-0.498506$ & $-0.427556$ & $0.101969$ & $0.0292986$ & $-0.0193797$ & $-0.0220586$ & $-0.37009$ & $-0.500891$ & $-0.0155983$ & $-0.07736$ & $0.133196$ & $0.263416$ & $0.710474$ & $1$ & $-0.657843$ & $0.688957$ & $-0.0697587$ & $-0.262695$ & $-0.00873935$ & $0.399783$ & $-0.355388$ & $0.129378$ & $-0.00678869$ & $0.185699$ & $0.578464$ & $-0.479089$ & $0.507265$ & $0.0151724$ & $0.413956$ & $0.540447$ & $0.134211$ & $0.00614287$ \\
CuH_33r & $0.0291628$ & $-0.454059$ & $0.488676$ & $-0.40346$ & $0.342249$ & $0.108278$ & $0.959075$ & $-0.134063$ & $-0.101003$ & $0.475923$ & $-0.147226$ & $-0.763671$ & $-0.857791$ & $0.569132$ & $-0.258244$ & $0.0260134$ & $0.496351$ & $0.502393$ & $0.436497$ & $-0.0177301$ & $0.0617371$ & $0.10087$ & $0.0582846$ & $0.36878$ & $0.520706$ & $-0.00564037$ & $0.174374$ & $-0.0590016$ & $-0.330936$ & $-0.652243$ & $-0.657843$ & $1$ & $-0.601938$ & $0.093255$ & $0.362509$ & $0.126212$ & $-0.496036$ & $0.301392$ & $-0.0445715$ & $0.0800186$ & $-0.16863$ & $-0.642502$ & $0.480801$ & $-0.517643$ & $-0.106426$ & $-0.567794$ & $-0.558054$ & $-0.0610932$ & $0.0867774$ \\
CdH_33r & $-0.128904$ & $0.587449$ & $-0.473498$ & $0.612854$ & $-0.51106$ & $-0.150592$ & $-0.752976$ & $0.317024$ & $0.297935$ & $-0.527971$ & $-0.0223136$ & $0.800829$ & $0.825014$ & $-0.686751$ & $0.261507$ & $0.00316675$ & $-0.623903$ & $-0.611504$ & $-0.570151$ & $0.236933$ & $0.135995$ & $0.0752873$ & $-0.103107$ & $-0.483087$ & $-0.620681$ & $0.0855764$ & $-0.0171144$ & $0.235479$ & $0.296671$ & $0.86395$ & $0.688957$ & $-0.601938$ & $1$ & $0.0153869$ & $-0.026418$ & $0.276595$ & $0.0715057$ & $-0.570798$ & $0.469427$ & $0.0137368$ & $0.216949$ & $0.568362$ & $-0.647064$ & $0.688503$ & $-0.18898$ & $0.291134$ & $0.255727$ & $0.225701$ & $0.446495$ \\
CLL_1221 & $0.397121$ & $-0.134944$ & $0.153918$ & $0.129426$ & $0.117384$ & $-0.119899$ & $0.0782919$ & $0.517583$ & $0.518019$ & $-0.215303$ & $-0.51171$ & $0.0289745$ & $-0.0657583$ & $-0.00836059$ & $-0.61191$ & $-0.327538$ & $-0.0637615$ & $0.279558$ & $0.0781237$ & $0.346862$ & $0.464109$ & $0.461048$ & $0.20705$ & $-0.380856$ & $0.0827671$ & $-0.0558621$ & $0.669677$ & $0.0560274$ & $-0.0772344$ & $-0.0212994$ & $-0.0697587$ & $0.093255$ & $0.0153869$ & $1$ & $0.33556$ & $0.249708$ & $-0.382401$ & $0.27427$ & $0.146475$ & $-0.134024$ & $0.244591$ & $-0.256833$ & $0.0183624$ & $-0.219939$ & $-0.364479$ & $0.019746$ & $-0.0916005$ & $0.126225$ & $0.229678$ \\
eHggint & $0.407713$ & $-0.0832562$ & $0.259841$ & $0.150071$ & $0.0889605$ & $-0.0778737$ & $0.236913$ & $0.422387$ & $0.421974$ & $0.0206073$ & $-0.482632$ & $-0.0601123$ & $-0.267846$ & $0.0290182$ & $-0.130455$ & $-0.120608$ & $-0.0935203$ & $-0.0217383$ & $0.00247743$ & $0.465443$ & $0.507487$ & $0.456109$ & $0.100716$ & $-0.266567$ & $0.0266906$ & $0.19296$ & $0.581147$ & $0.149468$ & $-0.100279$ & $-0.154214$ & $-0.262695$ & $0.362509$ & $-0.026418$ & $0.33556$ & $1$ & $0.631549$ & $-0.573435$ & $0.00680143$ & $0.587896$ & $0.481746$ & $0.311789$ & $-0.622656$ & $0.0849158$ & $-0.173169$ & $-0.28061$ & $-0.13328$ & $-0.607372$ & $0.236383$ & $0.393047$ \\
eHggpar & $0.0943803$ & $0.156089$ & $0.199175$ & $0.323709$ & $-0.132741$ & $-0.130702$ & $-0.0221013$ & $0.443518$ & $0.428248$ & $-0.170025$ & $-0.384615$ & $0.159483$ & $0.0384683$ & $-0.240397$ & $0.0167614$ & $-0.100464$ & $-0.293916$ & $-0.25189$ & $-0.209765$ & $0.462232$ & $0.471593$ & $0.38405$ & $0.0637593$ & $-0.37018$ & $-0.219104$ & $0.17512$ & $0.442013$ & $0.258544$ & $0.043736$ & $0.085049$ & $-0.00873935$ & $0.126212$ & $0.276595$ & $0.249708$ & $0.631549$ & $1$ & $-0.527525$ & $-0.334375$ & $0.744499$ & $0.473987$ & $-0.0368737$ & $-0.245827$ & $-0.286683$ & $0.243417$ & $-0.49388$ & $-0.231673$ & $-0.465111$ & $0.134195$ & $0.597846$ \\
eHWWint & $-0.0206745$ & $-0.0788132$ & $-0.0641333$ & $-0.244235$ & $-0.155326$ & $-0.00233003$ & $-0.412491$ & $-0.0780949$ & $-0.0873917$ & $-0.215794$ & $0.215746$ & $0.212741$ & $0.362637$ & $-0.218292$ & $0.338419$ & $0.0795671$ & $-0.187509$ & $-0.290899$ & $-0.205249$ & $-0.138583$ & $-0.272661$ & $-0.256163$ & $-0.0146398$ & $-0.00582353$ & $-0.268488$ & $-0.16002$ & $-0.390693$ & $0.0212771$ & $0.217112$ & $0.228705$ & $0.399783$ & $-0.496036$ & $0.0715057$ & $-0.382401$ & $-0.573435$ & $-0.527525$ & $1$ & $-0.0670746$ & $-0.490966$ & $0.0932167$ & $-0.0453753$ & $0.382557$ & $-0.154436$ & $0.125233$ & $0.468737$ & $0.315026$ & $0.711388$ & $0.114515$ & $-0.619567$ \\
eHWWpar & $0.560458$ & $-0.637165$ & $0.396236$ & $-0.367099$ & $0.54667$ & $0.0914112$ & $0.427648$ & $-0.257438$ & $-0.245644$ & $0.368672$ & $0.0151247$ & $-0.397888$ & $-0.497953$ & $0.587884$ & $-0.579104$ & $-0.291169$ & $0.582535$ & $0.712364$ & $0.653247$ & $-0.278682$ & $-0.0612476$ & $0.0272572$ & $0.218127$ & $0.310314$ & $0.666803$ & $-0.108054$ & $0.326688$ & $-0.284274$ & $-0.282227$ & $-0.46449$ & $-0.355388$ & $0.301392$ & $-0.570798$ & $0.27427$ & $0.00680143$ & $-0.334375$ & $-0.0670746$ & $1$ & $-0.619264$ & $-0.420703$ & $0.0499184$ & $-0.518432$ & $0.402914$ & $-0.844594$ & $-0.121981$ & $0.041561$ & $0.0980286$ & $-0.0277532$ & $-0.329925$ \\
eHZZint & $-0.115557$ & $0.558759$ & $-0.266596$ & $0.523026$ & $-0.325459$ & $-0.17344$ & $-0.219844$ & $0.452394$ & $0.444205$ & $-0.273121$ & $-0.304872$ & $0.371735$ & $0.275904$ & $-0.444451$ & $0.230555$ & $0.0460994$ & $-0.477698$ & $-0.487045$ & $-0.436897$ & $0.485974$ & $0.394532$ & $0.328854$ & $-0.0817788$ & $-0.451766$ & $-0.459701$ & $0.245053$ & $0.206916$ & $0.281809$ & $0.105961$ & $0.316129$ & $0.129378$ & $-0.0445715$ & $0.469427$ & $0.146475$ & $0.587896$ & $0.744499$ & $-0.490966$ & $-0.619264$ & $1$ & $0.501513$ & $0.240166$ & $0.092754$ & $-0.221353$ & $0.53726$ & $-0.153692$ & $-0.00409274$ & $-0.512389$ & $-0.0156349$ & $0.581645$ \\
eHZZpar & $0.033004$ & $0.0917515$ & $0.146317$ & $-0.0809484$ & $-0.133866$ & $-0.0878366$ & $-0.0194944$ & $0.374099$ & $0.377469$ & $-0.143568$ & $-0.301935$ & $-0.00452934$ & $-0.0550402$ & $-0.219576$ & $0.388042$ & $0.131304$ & $-0.321537$ & $-0.439167$ & $-0.334681$ & $0.426084$ & $0.284743$ & $0.21938$ & $-0.0170539$ & $-0.261164$ & $-0.351279$ & $0.108329$ & $0.0466097$ & $0.28271$ & $0.117026$ & $0.000730602$ & $-0.00678869$ & $0.0800186$ & $0.0137368$ & $-0.134024$ & $0.481746$ & $0.473987$ & $0.0932167$ & $-0.420703$ & $0.501513$ & $1$ & $0.000223692$ & $-0.202527$ & $0.12165$ & $0.210962$ & $0.268429$ & $-0.0751592$ & $-0.352503$ & $-0.02256$ & $-0.0752886$ \\
eHZgaint & $0.437518$ & $0.0763457$ & $-0.193731$ & $0.10073$ & $0.020937$ & $-0.0676592$ & $-0.207832$ & $0.214487$ & $0.214399$ & $-0.187815$ & $-0.138144$ & $0.369463$ & $0.214229$ & $-0.174068$ & $-0.1354$ & $-0.174494$ & $-0.191854$ & $-0.0787489$ & $-0.047666$ & $0.160048$ & $0.213195$ & $0.161296$ & $0.0481674$ & $-0.286205$ & $-0.104305$ & $0.0625752$ & $0.271269$ & $-0.0323971$ & $0.00115583$ & $0.215124$ & $0.185699$ & $-0.16863$ & $0.216949$ & $0.244591$ & $0.311789$ & $-0.0368737$ & $-0.0453753$ & $0.0499184$ & $0.240166$ & $0.000223692$ & $1$ & $0.0224306$ & $0.0353426$ & $-0.0570198$ & $0.173769$ & $0.268347$ & $0.0929796$ & $0.223365$ & $0.10754$ \\
eHZgapar & $-0.437099$ & $0.645931$ & $-0.70738$ & $0.382854$ & $-0.459257$ & $-0.076967$ & $-0.649192$ & $-0.063368$ & $-0.0747844$ & $-0.372863$ & $0.322709$ & $0.559665$ & $0.728911$ & $-0.536838$ & $0.37752$ & $0.13662$ & $-0.41596$ & $-0.485804$ & $-0.444368$ & $-0.119749$ & $-0.250085$ & $-0.261819$ & $-0.164926$ & $-0.177571$ & $-0.520301$ & $-0.0440669$ & $-0.484543$ & $0.0516492$ & $0.239812$ & $0.614867$ & $0.578464$ & $-0.642502$ & $0.568362$ & $-0.256833$ & $-0.622656$ & $-0.245827$ & $0.382557$ & $-0.518432$ & $0.092754$ & $-0.202527$ & $0.0224306$ & $1$ & $-0.375057$ & $0.69687$ & $0.277542$ & $0.312721$ & $0.47196$ & $-0.161947$ & $-0.00388115$ \\
eHgagaint & $0.156605$ & $-0.366046$ & $0.213595$ & $-0.528018$ & $0.438237$ & $0.099188$ & $0.551086$ & $-0.235278$ & $-0.192105$ & $0.389956$ & $0.019395$ & $-0.558667$ & $-0.643348$ & $0.517526$ & $-0.206402$ & $-0.0107755$ & $0.462851$ & $0.458946$ & $0.420068$ & $-0.179683$ & $-0.0905824$ & $-0.00666659$ & $0.0487502$ & $0.335284$ & $0.454702$ & $-0.0486953$ & $-0.00367295$ & $-0.206722$ & $-0.222351$ & $-0.510956$ & $-0.479089$ & $0.480801$ & $-0.647064$ & $0.0183624$ & $0.0849158$ & $-0.286683$ & $-0.154436$ & $0.402914$ & $-0.221353$ & $0.12165$ & $0.0353426$ & $-0.375057$ & $1$ & $-0.573615$ & $0.426471$ & $-0.159279$ & $-0.308593$ & $-0.39152$ & $-0.410679$ \\
eHmumuint & $-0.565882$ & $0.80022$ & $-0.562628$ & $0.544307$ & $-0.574453$ & $-0.129658$ & $-0.621687$ & $0.225814$ & $0.205199$ & $-0.444627$ & $0.0605035$ & $0.576986$ & $0.713984$ & $-0.677677$ & $0.537658$ & $0.185634$ & $-0.615909$ & $-0.732119$ & $-0.648494$ & $0.214516$ & $0.0104195$ & $-0.045794$ & $-0.169191$ & $-0.378212$ & $-0.706193$ & $0.0674489$ & $-0.316978$ & $0.245618$ & $0.297072$ & $0.626822$ & $0.507265$ & $-0.517643$ & $0.688503$ & $-0.219939$ & $-0.173169$ & $0.243417$ & $0.125233$ & $-0.844594$ & $0.53726$ & $0.210962$ & $-0.0570198$ & $0.69687$ & $-0.573615$ & $1$ & $0.0528597$ & $0.18287$ & $0.0501769$ & $-0.0293662$ & $0.269611$ \\
eHtautauint & $-0.108518$ & $0.0882504$ & $-0.253361$ & $-0.323549$ & $0.0234941$ & $0.036935$ & $-0.0567479$ & $-0.195687$ & $-0.177071$ & $0.0650376$ & $0.209731$ & $-0.0667757$ & $-0.0257889$ & $0.0286542$ & $0.327855$ & $0.248473$ & $0.0246575$ & $-0.114667$ & $-0.086909$ & $-0.159368$ & $-0.270982$ & $-0.236928$ & $-0.126773$ & $0.161868$ & $-0.115664$ & $-0.0802795$ & $-0.523983$ & $-0.0644004$ & $0.0375415$ & $-0.0119316$ & $0.0151724$ & $-0.106426$ & $-0.18898$ & $-0.364479$ & $-0.28061$ & $-0.49388$ & $0.468737$ & $-0.121981$ & $-0.153692$ & $0.268429$ & $0.173769$ & $0.277542$ & $0.426471$ & $0.0528597$ & $1$ & $0.143588$ & $0.0852389$ & $-0.316582$ & $-0.584845$ \\
eHccint & $0.218972$ & $0.362583$ & $-0.480841$ & $0.497768$ & $-0.0843704$ & $-0.135295$ & $-0.547837$ & $0.0686268$ & $0.0584311$ & $-0.264432$ & $0.0934027$ & $0.532504$ & $0.538578$ & $-0.336317$ & $0.10804$ & $-0.0959457$ & $-0.252103$ & $-0.260347$ & $-0.179674$ & $-0.000554057$ & $-0.00787404$ & $0.00800932$ & $-0.0246717$ & $-0.23772$ & $-0.22913$ & $0.125874$ & $0.0680453$ & $-0.0397568$ & $0.131056$ & $0.436999$ & $0.413956$ & $-0.567794$ & $0.291134$ & $0.019746$ & $-0.13328$ & $-0.231673$ & $0.315026$ & $0.041561$ & $-0.00409274$ & $-0.0751592$ & $0.268347$ & $0.312721$ & $-0.159279$ & $0.18287$ & $0.143588$ & $1$ & $0.257547$ & $-0.242383$ & $-0.300363$ \\
eHccpar & $0.179405$ & $-0.165711$ & $-0.122932$ & $-0.0942897$ & $-0.154641$ & $0.0168212$ & $-0.471535$ & $-0.0476308$ & $-0.0619471$ & $-0.280361$ & $0.188765$ & $0.387142$ & $0.489581$ & $-0.226557$ & $-0.000518413$ & $-0.116872$ & $-0.16684$ & $-0.114476$ & $-0.106387$ & $-0.174074$ & $-0.173589$ & $-0.190521$ & $0.0973385$ & $-0.100092$ & $-0.164761$ & $-0.203111$ & $-0.125961$ & $-0.0384978$ & $0.170267$ & $0.332057$ & $0.540447$ & $-0.558054$ & $0.255727$ & $-0.0916005$ & $-0.607372$ & $-0.465111$ & $0.711388$ & $0.0980286$ & $-0.512389$ & $-0.352503$ & $0.0929796$ & $0.47196$ & $-0.308593$ & $0.0501769$ & $0.0852389$ & $0.257547$ & $1$ & $0.319047$ & $-0.302051$ \\
eHbbint & $0.275157$ & $-0.289358$ & $0.303426$ & $-0.138882$ & $-0.160814$ & $-0.0366251$ & $-0.0908613$ & $0.303999$ & $0.285405$ & $-0.219139$ & $-0.252021$ & $0.120802$ & $0.110415$ & $-0.145132$ & $-0.0726697$ & $-0.169645$ & $-0.216074$ & $-0.12947$ & $-0.111927$ & $0.244839$ & $0.219314$ & $0.183769$ & $0.116471$ & $-0.24521$ & $-0.127387$ & $-0.091028$ & $0.28005$ & $0.156085$ & $0.0506006$ & $0.0622694$ & $0.134211$ & $-0.0610932$ & $0.225701$ & $0.126225$ & $0.236383$ & $0.134195$ & $0.114515$ & $-0.0277532$ & $-0.0156349$ & $-0.02256$ & $0.223365$ & $-0.161947$ & $-0.39152$ & $-0.0293662$ & $-0.316582$ & $-0.242383$ & $0.319047$ & $1$ & $0.350198$ \\
eHbbpar & $-0.112409$ & $0.235249$ & $-0.0813677$ & $0.429375$ & $-0.260621$ & $-0.0865401$ & $-0.0392167$ & $0.287391$ & $0.273146$ & $-0.162936$ & $-0.231753$ & $0.18239$ & $0.134048$ & $-0.229084$ & $-0.0505943$ & $-0.030919$ & $-0.239314$ & $-0.169382$ & $-0.193188$ & $0.293674$ & $0.289585$ & $0.210937$ & $-0.0496976$ & $-0.269017$ & $-0.181627$ & $0.108054$ & $0.245328$ & $0.176903$ & $0.0111323$ & $0.170245$ & $0.00614287$ & $0.0867774$ & $0.446495$ & $0.229678$ & $0.393047$ & $0.597846$ & $-0.619567$ & $-0.329925$ & $0.581645$ & $-0.0752886$ & $0.10754$ & $-0.00388115$ & $-0.410679$ & $0.269611$ & $-0.584845$ & $-0.300363$ & $-0.302051$ & $0.350198$ & $1$ \\
