 & AlsMz & dAle5Mz & mtop & mHl & Mz & CW & CHG & CHWB & CHWHB_gaga & CHWHB_gagaorth & CHD & CHbox & CH & CHL1_11 & CHL1_22 & CHL1_33 & CHL3_11 & CHL3_22 & CHL3_33 & CHe_11 & CHe_22 & CHe_33 & CHQ1_11 & CHQ1_33 & CHQ3_11 & CHu_11 & CHd_11 & CHd_33 & CeH_22r & CeH_33r & CuH_22r & CuH_33r & CdH_33r & CLL_1221 & eHggint & eHggpar & eHWWint & eHWWpar & eHZZint & eHZZpar & eHZgaint & eHZgapar & eHgagaint & eHmumuint & eHtautauint & eHccint & eHccpar & eHbbint & eHbbpar \\
AlsMz & $1$ & $0.0738626$ & $0.0242057$ & $-0.0473077$ & $-0.00624426$ & $0.00346851$ & $0.013193$ & $-0.0171225$ & $-0.020848$ & $0.01208$ & $0.0121417$ & $0.0126388$ & $0.00375895$ & $-0.0157525$ & $-0.00305426$ & $-0.00826947$ & $-0.00590973$ & $-0.00679788$ & $-0.00223261$ & $-0.0196125$ & $-0.018906$ & $-0.0202928$ & $-0.027528$ & $-0.0563132$ & $-0.128244$ & $-0.0134155$ & $-0.0462589$ & $0.0148038$ & $0.000385467$ & $0.0234646$ & $-0.00283904$ & $0.0186824$ & $0.0129068$ & $-0.00668746$ & $0.0654097$ & $0.0885709$ & $-0.052069$ & $-0.00180406$ & $-0.0803948$ & $-0.00747844$ & $0.0237067$ & $0.019304$ & $-0.0198534$ & $-0.0142018$ & $0.0129514$ & $-0.0939851$ & $-0.0377601$ & $-0.00260981$ & $-0.0021336$ \\
dAle5Mz & $0.0738626$ & $1$ & $0.0029972$ & $0.0662474$ & $-0.00056204$ & $0.0382493$ & $0.00372048$ & $-0.105422$ & $-0.102443$ & $0.0447605$ & $0.0916798$ & $0.0304068$ & $0.00261$ & $-0.0409061$ & $-0.017562$ & $-0.0021509$ & $0.00353789$ & $0.00721461$ & $-0.00497025$ & $-0.063427$ & $-0.0686523$ & $-0.0658406$ & $-0.0283786$ & $0.0230415$ & $-0.012741$ & $0.0494175$ & $-0.0487935$ & $-0.026149$ & $0.00691383$ & $-0.000550532$ & $0.00626332$ & $0.0116693$ & $-0.0111284$ & $-0.00278108$ & $0.0489636$ & $0.0805322$ & $0.0330826$ & $0.0144664$ & $0.0330807$ & $-0.0172813$ & $-0.052027$ & $-0.0174941$ & $-0.000209788$ & $0.026859$ & $0.0122853$ & $0.00241078$ & $-0.00172745$ & $0.0368235$ & $-0.0231942$ \\
mtop & $0.0242057$ & $0.0029972$ & $1$ & $0.19077$ & $0.00804894$ & $0.0176948$ & $-0.000237051$ & $-0.0113732$ & $-0.0226554$ & $0.016981$ & $0.0194302$ & $0.0175474$ & $-0.00626292$ & $-0.00195346$ & $-0.00268606$ & $-0.00839394$ & $-0.00122283$ & $0.00204204$ & $0.00565829$ & $-0.0125436$ & $-0.0127299$ & $-0.00964746$ & $-0.00818964$ & $0.00818586$ & $-0.0035193$ & $0.0155317$ & $-0.00702594$ & $0.00257161$ & $-0.000451368$ & $0.0192038$ & $-0.0389547$ & $0.00580312$ & $-0.0280061$ & $-0.00428093$ & $0.0413753$ & $0.0410361$ & $-0.090038$ & $-0.0104671$ & $0.0207322$ & $-0.012292$ & $0.0706048$ & $-0.00793051$ & $-0.152382$ & $0.0274428$ & $0.0561712$ & $-0.108097$ & $-0.133459$ & $-0.0578083$ & $-0.0614862$ \\
mHl & $-0.0473077$ & $0.0662474$ & $0.19077$ & $1$ & $0.00273325$ & $0.00308466$ & $-0.00545584$ & $-0.014946$ & $-0.0212413$ & $0.00292313$ & $0.00889901$ & $0.00150085$ & $0.00497517$ & $0.00636102$ & $0.00724765$ & $0.0135527$ & $0.0124351$ & $0.0101881$ & $0.00337053$ & $-0.00232223$ & $-0.00774445$ & $-0.00828383$ & $-0.0061132$ & $0.0256063$ & $0.0100243$ & $0.00971339$ & $-0.0172712$ & $0.0068623$ & $-0.00971779$ & $0.0261358$ & $0.00454793$ & $0.0049088$ & $-0.0391041$ & $-0.0113451$ & $0.0610372$ & $0.117216$ & $-0.0226172$ & $-0.0115374$ & $-0.0431331$ & $-0.0110559$ & $0.0630929$ & $-0.0166131$ & $-0.0681492$ & $0.0180275$ & $0.0436848$ & $0.00246119$ & $0.0171065$ & $-0.0191537$ & $-0.0979711$ \\
Mz & $-0.00624426$ & $-0.00056204$ & $0.00804894$ & $0.00273325$ & $1$ & $-0.00757794$ & $0.0049316$ & $-0.00867497$ & $-0.00942616$ & $0.0122469$ & $0.00922788$ & $0.00426468$ & $-0.00555869$ & $0.0130752$ & $0.00396051$ & $0.00138027$ & $0.0152027$ & $0.0101737$ & $0.0130923$ & $-0.00202064$ & $-0.00137449$ & $-0.000248261$ & $-0.00233974$ & $0.0126972$ & $0.0126313$ & $0.00425274$ & $-0.00353988$ & $-0.0049602$ & $0.00397558$ & $-0.00680846$ & $-0.0134417$ & $0.00260559$ & $-0.00486966$ & $-0.010639$ & $0.000887922$ & $-0.00560055$ & $-0.00652013$ & $-0.00034321$ & $0.0145815$ & $-0.00425391$ & $-0.000158235$ & $0.004156$ & $-0.00262437$ & $-0.00306481$ & $0.000165182$ & $0.00237469$ & $-0.00183372$ & $-0.0018686$ & $0.012601$ \\
CW & $0.00346851$ & $0.0382493$ & $0.0176948$ & $0.00308466$ & $-0.00757794$ & $1$ & $0.00510034$ & $-0.126194$ & $-0.120888$ & $0.0181536$ & $0.179127$ & $0.0390272$ & $-0.00383177$ & $0.0296057$ & $-0.0675342$ & $-0.0696943$ & $-0.247841$ & $-0.0453284$ & $-0.0465024$ & $-0.174524$ & $-0.182915$ & $-0.180553$ & $-0.007873$ & $0.0101268$ & $-0.0817627$ & $0.100771$ & $-0.0872106$ & $-0.0588718$ & $0.00258242$ & $-0.000278446$ & $-0.000181063$ & $0.0112998$ & $0.0161847$ & $-0.128732$ & $0.0176708$ & $0.00728789$ & $0.00976639$ & $-0.00352448$ & $0.0101223$ & $-0.00951099$ & $-0.00211951$ & $-0.00479677$ & $0.0103005$ & $0.00763927$ & $0.00312486$ & $0.0053357$ & $0.0039827$ & $0.0109974$ & $0.0195992$ \\
CHG & $0.013193$ & $0.00372048$ & $-0.000237051$ & $-0.00545584$ & $0.0049316$ & $0.00510034$ & $1$ & $-0.116905$ & $-0.0677522$ & $0.0804577$ & $0.0718133$ & $0.252282$ & $-0.316692$ & $0.0501999$ & $-0.028352$ & $-0.0269373$ & $0.0915851$ & $0.103764$ & $0.102548$ & $-0.0702594$ & $-0.0750559$ & $-0.0716833$ & $-0.00287275$ & $0.113169$ & $0.0989321$ & $0.0335544$ & $-0.0475676$ & $-0.0256405$ & $0.00879532$ & $-0.137389$ & $-0.0712093$ & $0.927009$ & $-0.172595$ & $-0.0686658$ & $-0.0395892$ & $-0.006904$ & $0.0163453$ & $-0.00433466$ & $-0.0119194$ & $3.88745e-05$ & $-0.0131818$ & $0.0122621$ & $-0.00197007$ & $0.000531975$ & $-0.00766557$ & $0.00856005$ & $-0.00667738$ & $0.000685098$ & $-0.0180628$ \\
CHWB & $-0.0171225$ & $-0.105422$ & $-0.0113732$ & $-0.014946$ & $-0.00867497$ & $-0.126194$ & $-0.116905$ & $1$ & $0.983145$ & $-0.566276$ & $-0.877706$ & $-0.437527$ & $0.341614$ & $0.0930852$ & $0.289147$ & $0.291755$ & $-0.244889$ & $-0.431441$ & $-0.432107$ & $0.848472$ & $0.894907$ & $0.87811$ & $0.0748948$ & $-0.674224$ & $-0.400069$ & $-0.516076$ & $0.426981$ & $0.299041$ & $0.0182431$ & $0.104916$ & $0.0567787$ & $-0.109444$ & $0.108593$ & $0.563205$ & $-0.0250597$ & $-0.0063182$ & $-0.0183323$ & $-0.0138308$ & $-0.0125018$ & $0.000324958$ & $0.014676$ & $-0.0104445$ & $-0.000628742$ & $-0.00667426$ & $0.00855203$ & $-0.00816579$ & $-0.00230498$ & $-0.016996$ & $-0.0112976$ \\
CHWHB_gaga & $-0.020848$ & $-0.102443$ & $-0.0226554$ & $-0.0212413$ & $-0.00942616$ & $-0.120888$ & $-0.0677522$ & $0.983145$ & $1$ & $-0.556481$ & $-0.85927$ & $-0.420438$ & $0.338375$ & $0.0842085$ & $0.286415$ & $0.28919$ & $-0.249496$ & $-0.432332$ & $-0.433144$ & $0.831114$ & $0.875739$ & $0.859522$ & $0.0744967$ & $-0.665833$ & $-0.401114$ & $-0.506025$ & $0.416713$ & $0.292778$ & $0.0237677$ & $0.131008$ & $0.0688619$ & $-0.0703241$ & $0.134292$ & $0.551448$ & $-0.0492023$ & $-0.0152157$ & $-0.0363746$ & $-0.0127529$ & $-0.0218903$ & $0.00212302$ & $0.00960729$ & $-0.011679$ & $0.0744501$ & $-0.0070014$ & $0.0116185$ & $-0.000841288$ & $-0.00353208$ & $-0.0068333$ & $-0.0156852$ \\
CHWHB_gagaorth & $0.01208$ & $0.0447605$ & $0.016981$ & $0.00292313$ & $0.0122469$ & $0.0181536$ & $0.0804577$ & $-0.566276$ & $-0.556481$ & $1$ & $0.344757$ & $0.567424$ & $-0.246771$ & $0.246111$ & $-0.117163$ & $-0.111879$ & $0.443591$ & $0.49532$ & $0.490281$ & $-0.330802$ & $-0.36206$ & $-0.355642$ & $-0.0536442$ & $0.560471$ & $0.478109$ & $0.207999$ & $-0.244482$ & $-0.122137$ & $-0.00372633$ & $-0.137429$ & $-0.0719899$ & $0.0974996$ & $-0.135693$ & $-0.35034$ & $0.0569941$ & $0.0544627$ & $0.0253521$ & $-0.000207844$ & $0.0209926$ & $0.00202068$ & $-0.0669774$ & $0.00610683$ & $-0.016245$ & $0.00866129$ & $-0.0122239$ & $-0.00243218$ & $-0.00405348$ & $0.0224421$ & $0.017433$ \\
CHD & $0.0121417$ & $0.0916798$ & $0.0194302$ & $0.00889901$ & $0.00922788$ & $0.179127$ & $0.0718133$ & $-0.877706$ & $-0.85927$ & $0.344757$ & $1$ & $0.307357$ & $-0.16691$ & $-0.512736$ & $-0.415109$ & $-0.411643$ & $-0.214391$ & $0.0618242$ & $0.0602781$ & $-0.990276$ & $-0.991146$ & $-0.970126$ & $-0.0180471$ & $0.307212$ & $0.0182495$ & $0.573024$ & $-0.291322$ & $-0.332468$ & $-0.00956571$ & $-0.0512597$ & $-0.0377922$ & $0.0763775$ & $-0.0533954$ & $-0.363747$ & $0.031161$ & $0.00888722$ & $0.00951396$ & $0.0118007$ & $0.00348696$ & $-0.00209976$ & $-0.00654131$ & $0.0068741$ & $0.00966102$ & $0.00634156$ & $-0.00199979$ & $0.00674922$ & $-0.00352541$ & $0.0194805$ & $0.0140167$ \\
CHbox & $0.0126388$ & $0.0304068$ & $0.0175474$ & $0.00150085$ & $0.00426468$ & $0.0390272$ & $0.252282$ & $-0.437527$ & $-0.420438$ & $0.567424$ & $0.307357$ & $1$ & $-0.811679$ & $0.107998$ & $-0.0775415$ & $-0.0714917$ & $0.251874$ & $0.299333$ & $0.294074$ & $-0.290808$ & $-0.322956$ & $-0.316378$ & $-0.0478187$ & $0.388282$ & $0.283541$ & $0.184785$ & $-0.219906$ & $-0.10794$ & $-0.0276657$ & $-0.113512$ & $-0.0692653$ & $0.262171$ & $-0.134625$ & $-0.286648$ & $0.0591362$ & $0.0502815$ & $0.0307972$ & $-0.0040584$ & $0.0135139$ & $-0.000231789$ & $-0.0214238$ & $0.00686732$ & $-0.0221575$ & $0.00696957$ & $-0.00830374$ & $-0.00739389$ & $-0.00645807$ & $0.00858553$ & $0.0057652$ \\
CH & $0.00375895$ & $0.00261$ & $-0.00626292$ & $0.00497517$ & $-0.00555869$ & $-0.00383177$ & $-0.316692$ & $0.341614$ & $0.338375$ & $-0.246771$ & $-0.16691$ & $-0.811679$ & $1$ & $-0.234756$ & $0.0629186$ & $0.0628751$ & $-0.349568$ & $-0.369864$ & $-0.368234$ & $0.16231$ & $0.179015$ & $0.177005$ & $0.0340116$ & $-0.384751$ & $-0.356732$ & $-0.0998916$ & $0.149583$ & $0.0598228$ & $0.0574615$ & $0.277813$ & $0.107131$ & $-0.263168$ & $0.323644$ & $0.218721$ & $0.0121826$ & $0.0063076$ & $-0.0259734$ & $-0.000169222$ & $-0.013606$ & $-0.000148705$ & $-0.00552972$ & $-0.00857149$ & $0.0149169$ & $-0.00309704$ & $0.00563637$ & $0.00449678$ & $-0.00258396$ & $-2.39585e-05$ & $0.000298953$ \\
CHL1_11 & $-0.0157525$ & $-0.0409061$ & $-0.00195346$ & $0.00636102$ & $0.0130752$ & $0.0296057$ & $0.0501999$ & $0.0930852$ & $0.0842085$ & $0.246111$ & $-0.512736$ & $0.107998$ & $-0.234756$ & $1$ & $0.277002$ & $0.265588$ & $0.667982$ & $0.600756$ & $0.604248$ & $0.531805$ & $0.472794$ & $0.457454$ & $-0.0781309$ & $0.476087$ & $0.600721$ & $-0.274975$ & $-0.108046$ & $0.160376$ & $-0.0128803$ & $-0.0755133$ & $-0.0180893$ & $0.0288011$ & $-0.073732$ & $-0.222565$ & $-0.0193194$ & $-0.0145875$ & $0.0160566$ & $-0.0028018$ & $0.0133333$ & $0.00175201$ & $-0.00274395$ & $0.00422386$ & $-0.0170889$ & $-0.00106767$ & $-0.0115777$ & $0.00293331$ & $0.0162246$ & $-0.0123123$ & $-0.00549836$ \\
CHL1_22 & $-0.00305426$ & $-0.017562$ & $-0.00268606$ & $0.00724765$ & $0.00396051$ & $-0.0675342$ & $-0.028352$ & $0.289147$ & $0.286415$ & $-0.117163$ & $-0.415109$ & $-0.0775415$ & $0.0629186$ & $0.277002$ & $1$ & $0.438674$ & $0.165024$ & $-0.442685$ & $-0.0217415$ & $0.48055$ & $0.331579$ & $0.319982$ & $-0.185856$ & $0.111695$ & $-0.130937$ & $-0.186053$ & $-0.402278$ & $0.118828$ & $0.00694454$ & $0.0273753$ & $0.0116553$ & $-0.027566$ & $0.014094$ & $-0.598132$ & $-0.00996435$ & $-0.00774272$ & $0.00245299$ & $-0.00532717$ & $-0.00935637$ & $-0.00961092$ & $-0.00470275$ & $-0.000944181$ & $0.0123543$ & $0.00497857$ & $-0.0018883$ & $0.00678875$ & $-0.000922981$ & $-0.0146995$ & $-0.0245266$ \\
CHL1_33 & $-0.00826947$ & $-0.0021509$ & $-0.00839394$ & $0.0135527$ & $0.00138027$ & $-0.0696943$ & $-0.0269373$ & $0.291755$ & $0.28919$ & $-0.111879$ & $-0.411643$ & $-0.0714917$ & $0.0628751$ & $0.265588$ & $0.438674$ & $1$ & $0.155321$ & $-0.026114$ & $-0.430194$ & $0.476128$ & $0.331893$ & $0.349349$ & $-0.166483$ & $0.103823$ & $-0.1304$ & $-0.194813$ & $-0.381649$ & $0.11695$ & $-0.00239425$ & $0.0250822$ & $0.0150319$ & $-0.0256841$ & $0.0175821$ & $-0.0967255$ & $-0.0122324$ & $0.0102729$ & $-0.00424787$ & $0.013146$ & $-0.000891914$ & $-0.00237831$ & $0.00152234$ & $-0.0122056$ & $0.0152206$ & $-0.0138967$ & $-0.00226062$ & $0.0138522$ & $-0.00317508$ & $-0.0148049$ & $-0.0245519$ \\
CHL3_11 & $-0.00590973$ & $0.00353789$ & $-0.00122283$ & $0.0124351$ & $0.0152027$ & $-0.247841$ & $0.0915851$ & $-0.244889$ & $-0.249496$ & $0.443591$ & $-0.214391$ & $0.251874$ & $-0.349568$ & $0.667982$ & $0.165024$ & $0.155321$ & $1$ & $0.740294$ & $0.744265$ & $0.236925$ & $0.182053$ & $0.174507$ & $-0.0739353$ & $0.680361$ & $0.779427$ & $-0.107697$ & $-0.165599$ & $0.0625719$ & $-0.0177338$ & $-0.108246$ & $-0.0399939$ & $0.0658198$ & $-0.113141$ & $-0.257646$ & $-0.01526$ & $-0.00556798$ & $0.0116834$ & $0.00284196$ & $0.0220914$ & $0.00597346$ & $-0.0190702$ & $0.00851548$ & $-0.0268289$ & $-0.000425399$ & $-0.0104858$ & $-0.00256793$ & $0.00593422$ & $-0.00742977$ & $-0.00415628$ \\
CHL3_22 & $-0.00679788$ & $0.00721461$ & $0.00204204$ & $0.0101881$ & $0.0101737$ & $-0.0453284$ & $0.103764$ & $-0.431441$ & $-0.432332$ & $0.49532$ & $0.0618242$ & $0.299333$ & $-0.369864$ & $0.600756$ & $-0.442685$ & $-0.026114$ & $0.740294$ & $1$ & $0.680061$ & $-0.0640647$ & $-0.056585$ & $-0.0540598$ & $0.0128739$ & $0.623122$ & $0.796625$ & $0.025222$ & $-0.00640656$ & $-0.0218939$ & $-0.0222325$ & $-0.119308$ & $-0.043986$ & $0.0807258$ & $-0.113625$ & $0.0297601$ & $-0.00597648$ & $-0.00204458$ & $0.012762$ & $0.00759147$ & $0.0239737$ & $0.00985579$ & $-0.00906614$ & $0.0069527$ & $-0.0262372$ & $-0.0044163$ & $-0.0103836$ & $-0.00125143$ & $0.01004$ & $0.0024536$ & $0.00996396$ \\
CHL3_33 & $-0.00223261$ & $-0.00497025$ & $0.00565829$ & $0.00337053$ & $0.0130923$ & $-0.0465024$ & $0.102548$ & $-0.432107$ & $-0.433144$ & $0.490281$ & $0.0602781$ & $0.294074$ & $-0.368234$ & $0.604248$ & $-0.0217415$ & $-0.430194$ & $0.744265$ & $0.680061$ & $1$ & $-0.0622494$ & $-0.0561206$ & $-0.055456$ & $0.000467042$ & $0.625557$ & $0.797746$ & $0.0331113$ & $-0.0131061$ & $-0.0195037$ & $-0.0147184$ & $-0.116647$ & $-0.0476393$ & $0.0790962$ & $-0.116325$ & $-0.348123$ & $-0.00329943$ & $-0.0135277$ & $0.0205655$ & $-0.00496881$ & $0.0178179$ & $0.00497688$ & $-0.0123119$ & $0.0164587$ & $-0.0288047$ & $0.007567$ & $-0.0108252$ & $-0.00636898$ & $0.011043$ & $0.000886491$ & $0.0113026$ \\
CHe_11 & $-0.0196125$ & $-0.063427$ & $-0.0125436$ & $-0.00232223$ & $-0.00202064$ & $-0.174524$ & $-0.0702594$ & $0.848472$ & $0.831114$ & $-0.330802$ & $-0.990276$ & $-0.290808$ & $0.16231$ & $0.531805$ & $0.48055$ & $0.476128$ & $0.236925$ & $-0.0640647$ & $-0.0622494$ & $1$ & $0.972835$ & $0.952686$ & $-0.00819309$ & $-0.253215$ & $-0.0116832$ & $-0.561885$ & $0.216177$ & $0.325965$ & $0.00982432$ & $0.0515609$ & $0.0363537$ & $-0.0737838$ & $0.0520698$ & $0.285281$ & $-0.0288892$ & $-0.00603107$ & $-0.00878533$ & $-0.00993752$ & $-0.0020394$ & $0.000843362$ & $0.0056647$ & $-0.00857768$ & $-0.00848815$ & $-0.00489354$ & $0.00310672$ & $-0.00420302$ & $0.00211614$ & $-0.0192416$ & $-0.0167802$ \\
CHe_22 & $-0.018906$ & $-0.0686523$ & $-0.0127299$ & $-0.00774445$ & $-0.00137449$ & $-0.182915$ & $-0.0750559$ & $0.894907$ & $0.875739$ & $-0.36206$ & $-0.991146$ & $-0.322956$ & $0.179015$ & $0.472794$ & $0.331579$ & $0.331893$ & $0.182053$ & $-0.056585$ & $-0.0561206$ & $0.972835$ & $1$ & $0.975618$ & $0.0467901$ & $-0.362599$ & $-0.0238244$ & $-0.575967$ & $0.371517$ & $0.332876$ & $0.0107673$ & $0.0539535$ & $0.0383411$ & $-0.0792582$ & $0.0570084$ & $0.449858$ & $-0.0296392$ & $-0.00679723$ & $-0.00995719$ & $-0.0126046$ & $-0.00134604$ & $0.00231254$ & $0.00655445$ & $-0.00740272$ & $-0.0128704$ & $-0.00551918$ & $0.00342711$ & $-0.0083315$ & $0.00220851$ & $-0.0179213$ & $-0.0118606$ \\
CHe_33 & $-0.0202928$ & $-0.0658406$ & $-0.00964746$ & $-0.00828383$ & $-0.000248261$ & $-0.180553$ & $-0.0716833$ & $0.87811$ & $0.859522$ & $-0.355642$ & $-0.970126$ & $-0.316378$ & $0.177005$ & $0.457454$ & $0.319982$ & $0.349349$ & $0.174507$ & $-0.0540598$ & $-0.055456$ & $0.952686$ & $0.975618$ & $1$ & $0.0474914$ & $-0.35758$ & $-0.0230067$ & $-0.563144$ & $0.368701$ & $0.326473$ & $0.0108093$ & $0.0522704$ & $0.0362394$ & $-0.0758419$ & $0.0540745$ & $0.44868$ & $-0.0289845$ & $-0.0069832$ & $-0.00698696$ & $-0.0124706$ & $-0.00221483$ & $0.00408301$ & $0.00693079$ & $-0.00526104$ & $-0.013354$ & $-0.00862625$ & $0.00251359$ & $-0.00994091$ & $-9.08525e-05$ & $-0.0192909$ & $-0.012475$ \\
CHQ1_11 & $-0.027528$ & $-0.0283786$ & $-0.00818964$ & $-0.0061132$ & $-0.00233974$ & $-0.007873$ & $-0.00287275$ & $0.0748948$ & $0.0744967$ & $-0.0536442$ & $-0.0180471$ & $-0.0478187$ & $0.0340116$ & $-0.0781309$ & $-0.185856$ & $-0.166483$ & $-0.0739353$ & $0.0128739$ & $0.000467042$ & $-0.00819309$ & $0.0467901$ & $0.0474914$ & $1$ & $-0.143882$ & $0.085015$ & $-0.672654$ & $0.358799$ & $0.0171318$ & $0.00563133$ & $0.00948752$ & $0.00637573$ & $-0.00510191$ & $0.0142309$ & $0.21675$ & $-0.0157839$ & $-0.0188106$ & $-0.00568903$ & $-0.00250389$ & $0.0101324$ & $-0.0024572$ & $0.00829186$ & $0.00542423$ & $-0.00835207$ & $0.00604797$ & $0.00191842$ & $-0.00362448$ & $0.00243601$ & $0.024857$ & $0.0121392$ \\
CHQ1_33 & $-0.0563132$ & $0.0230415$ & $0.00818586$ & $0.0256063$ & $0.0126972$ & $0.0101268$ & $0.113169$ & $-0.674224$ & $-0.665833$ & $0.560471$ & $0.307212$ & $0.388282$ & $-0.384751$ & $0.476087$ & $0.111695$ & $0.103823$ & $0.680361$ & $0.623122$ & $0.625557$ & $-0.253215$ & $-0.362599$ & $-0.35758$ & $-0.143882$ & $1$ & $0.644452$ & $0.207997$ & $-0.4293$ & $-0.0217818$ & $-0.0214555$ & $-0.116333$ & $-0.0578987$ & $0.0944975$ & $-0.122186$ & $-0.63442$ & $0.000417994$ & $-0.00736278$ & $0.0112578$ & $0.00922733$ & $0.0225051$ & $0.0013584$ & $-0.0220178$ & $0.0111222$ & $-0.007538$ & $0.00426922$ & $-0.00698971$ & $0.0150951$ & $0.00310993$ & $0.00986366$ & $0.0015282$ \\
CHQ3_11 & $-0.128244$ & $-0.012741$ & $-0.0035193$ & $0.0100243$ & $0.0126313$ & $-0.0817627$ & $0.0989321$ & $-0.400069$ & $-0.401114$ & $0.478109$ & $0.0182495$ & $0.283541$ & $-0.356732$ & $0.600721$ & $-0.130937$ & $-0.1304$ & $0.779427$ & $0.796625$ & $0.797746$ & $-0.0116832$ & $-0.0238244$ & $-0.0230067$ & $0.085015$ & $0.644452$ & $1$ & $0.0137132$ & $0.20028$ & $-0.0147557$ & $-0.0193171$ & $-0.119542$ & $-0.0473079$ & $0.0730867$ & $-0.111749$ & $-0.202346$ & $-0.0126029$ & $-0.0204685$ & $0.0158621$ & $-0.00424371$ & $0.0310516$ & $0.00497725$ & $-0.0134948$ & $0.0133322$ & $-0.0317326$ & $0.00303868$ & $-0.0107373$ & $0.0106968$ & $0.0142894$ & $0.00500793$ & $0.00901514$ \\
CHu_11 & $-0.0134155$ & $0.0494175$ & $0.0155317$ & $0.00971339$ & $0.00425274$ & $0.100771$ & $0.0335544$ & $-0.516076$ & $-0.506025$ & $0.207999$ & $0.573024$ & $0.184785$ & $-0.0998916$ & $-0.274975$ & $-0.186053$ & $-0.194813$ & $-0.107697$ & $0.025222$ & $0.0331113$ & $-0.561885$ & $-0.575967$ & $-0.563144$ & $-0.672654$ & $0.207997$ & $0.0137132$ & $1$ & $-0.186496$ & $-0.197366$ & $-0.0101194$ & $-0.0325092$ & $-0.0258113$ & $0.0363986$ & $-0.0312272$ & $-0.264548$ & $0.0216617$ & $0.0158826$ & $0.00808632$ & $0.00262581$ & $-0.00704645$ & $0.00242924$ & $-0.0119775$ & $0.000261112$ & $0.00353736$ & $-0.0029251$ & $-0.00441183$ & $0.00303494$ & $-0.00845149$ & $-0.00811564$ & $0.00490214$ \\
CHd_11 & $-0.0462589$ & $-0.0487935$ & $-0.00702594$ & $-0.0172712$ & $-0.00353988$ & $-0.0872106$ & $-0.0475676$ & $0.426981$ & $0.416713$ & $-0.244482$ & $-0.291322$ & $-0.219906$ & $0.149583$ & $-0.108046$ & $-0.402278$ & $-0.381649$ & $-0.165599$ & $-0.00640656$ & $-0.0131061$ & $0.216177$ & $0.371517$ & $0.368701$ & $0.358799$ & $-0.4293$ & $0.20028$ & $-0.186496$ & $1$ & $0.100734$ & $0.00709023$ & $0.0354243$ & $0.0167075$ & $-0.050164$ & $0.0523678$ & $0.687046$ & $-0.0120185$ & $-0.0084944$ & $-0.0191346$ & $-0.020619$ & $0.00375963$ & $0.00366264$ & $0.00595144$ & $0.00612861$ & $-0.0281455$ & $-0.00221833$ & $0.0102109$ & $-0.0114665$ & $-0.00349937$ & $0.00813171$ & $0.0158976$ \\
CHd_33 & $0.0148038$ & $-0.026149$ & $0.00257161$ & $0.0068623$ & $-0.0049602$ & $-0.0588718$ & $-0.0256405$ & $0.299041$ & $0.292778$ & $-0.122137$ & $-0.332468$ & $-0.10794$ & $0.0598228$ & $0.160376$ & $0.118828$ & $0.11695$ & $0.0625719$ & $-0.0218939$ & $-0.0195037$ & $0.325965$ & $0.332876$ & $0.326473$ & $0.0171318$ & $-0.0217818$ & $-0.0147557$ & $-0.197366$ & $0.100734$ & $1$ & $0.00585453$ & $0.0225271$ & $0.0208025$ & $-0.0231539$ & $0.0263968$ & $0.143875$ & $-0.00327594$ & $4.20318e-06$ & $-0.00399965$ & $-0.0113454$ & $0.00281697$ & $0.00606236$ & $0.0030828$ & $-0.00410421$ & $-0.00269848$ & $0.00246453$ & $-0.00552155$ & $-0.00450381$ & $0.0119224$ & $0.00616774$ & $-0.00405092$ \\
CeH_22r & $0.000385467$ & $0.00691383$ & $-0.000451368$ & $-0.00971779$ & $0.00397558$ & $0.00258242$ & $0.00879532$ & $0.0182431$ & $0.0237677$ & $-0.00372633$ & $-0.00956571$ & $-0.0276657$ & $0.0574615$ & $-0.0128803$ & $0.00694454$ & $-0.00239425$ & $-0.0177338$ & $-0.0222325$ & $-0.0147184$ & $0.00982432$ & $0.0107673$ & $0.0108093$ & $0.00563133$ & $-0.0214555$ & $-0.0193171$ & $-0.0101194$ & $0.00709023$ & $0.00585453$ & $1$ & $0.038523$ & $0.0146441$ & $-0.00809491$ & $0.0459148$ & $0.00849517$ & $-0.0165349$ & $-0.0114617$ & $-0.00795443$ & $0.00126833$ & $-0.00198533$ & $0.00216061$ & $0.00539532$ & $0.00820016$ & $0.00781958$ & $-0.00187199$ & $-0.000173916$ & $0.00138951$ & $-0.00623191$ & $0.012966$ & $-0.00268443$ \\
CeH_33r & $0.0234646$ & $-0.000550532$ & $0.0192038$ & $0.0261358$ & $-0.00680846$ & $-0.000278446$ & $-0.137389$ & $0.104916$ & $0.131008$ & $-0.137429$ & $-0.0512597$ & $-0.113512$ & $0.277813$ & $-0.0755133$ & $0.0273753$ & $0.0250822$ & $-0.108246$ & $-0.119308$ & $-0.116647$ & $0.0515609$ & $0.0539535$ & $0.0522704$ & $0.00948752$ & $-0.116333$ & $-0.119542$ & $-0.0325092$ & $0.0354243$ & $0.0225271$ & $0.038523$ & $1$ & $0.303516$ & $0.0175993$ & $0.640495$ & $0.0604401$ & $-0.0646271$ & $-0.0508973$ & $-0.187154$ & $-0.0153675$ & $-0.0306157$ & $0.00715461$ & $0.00355782$ & $-0.00388128$ & $0.0217266$ & $-0.00311701$ & $0.0801009$ & $-0.00603121$ & $-0.00175177$ & $0.000896923$ & $-0.00997596$ \\
CuH_22r & $-0.00283904$ & $0.00626332$ & $-0.0389547$ & $0.00454793$ & $-0.0134417$ & $-0.000181063$ & $-0.0712093$ & $0.0567787$ & $0.0688619$ & $-0.0719899$ & $-0.0377922$ & $-0.0692653$ & $0.107131$ & $-0.0180893$ & $0.0116553$ & $0.0150319$ & $-0.0399939$ & $-0.043986$ & $-0.0476393$ & $0.0363537$ & $0.0383411$ & $0.0362394$ & $0.00637573$ & $-0.0578987$ & $-0.0473079$ & $-0.0258113$ & $0.0167075$ & $0.0208025$ & $0.0146441$ & $0.303516$ & $1$ & $0.0219226$ & $0.341562$ & $0.0360119$ & $-0.0273774$ & $-0.042486$ & $-0.0654134$ & $-0.0141059$ & $-0.0170828$ & $-0.0029433$ & $0.00261655$ & $-0.00338435$ & $0.00327592$ & $-0.0116395$ & $-0.000361789$ & $0.0651711$ & $0.367908$ & $-0.0287065$ & $0.01562$ \\
CuH_33r & $0.0186824$ & $0.0116693$ & $0.00580312$ & $0.0049088$ & $0.00260559$ & $0.0112998$ & $0.927009$ & $-0.109444$ & $-0.0703241$ & $0.0974996$ & $0.0763775$ & $0.262171$ & $-0.263168$ & $0.0288011$ & $-0.027566$ & $-0.0256841$ & $0.0658198$ & $0.0807258$ & $0.0790962$ & $-0.0737838$ & $-0.0792582$ & $-0.0758419$ & $-0.00510191$ & $0.0944975$ & $0.0730867$ & $0.0363986$ & $-0.050164$ & $-0.0231539$ & $-0.00809491$ & $0.0175993$ & $0.0219226$ & $1$ & $0.0159272$ & $-0.0640418$ & $0.0405169$ & $0.043103$ & $-0.0146862$ & $-0.00861266$ & $0.00363884$ & $0.000549738$ & $-0.0160574$ & $0.0123265$ & $0.000495317$ & $-0.000815779$ & $-0.00488084$ & $-0.00391594$ & $-0.00429826$ & $-0.000929121$ & $-0.00550109$ \\
CdH_33r & $0.0129068$ & $-0.0111284$ & $-0.0280061$ & $-0.0391041$ & $-0.00486966$ & $0.0161847$ & $-0.172595$ & $0.108593$ & $0.134292$ & $-0.135693$ & $-0.0533954$ & $-0.134625$ & $0.323644$ & $-0.073732$ & $0.014094$ & $0.0175821$ & $-0.113141$ & $-0.113625$ & $-0.116325$ & $0.0520698$ & $0.0570084$ & $0.0540745$ & $0.0142309$ & $-0.122186$ & $-0.111749$ & $-0.0312272$ & $0.0523678$ & $0.0263968$ & $0.0459148$ & $0.640495$ & $0.341562$ & $0.0159272$ & $1$ & $0.0717884$ & $-0.0680252$ & $-0.0296665$ & $-0.183674$ & $-0.0300594$ & $-0.0128771$ & $0.00639881$ & $-0.059833$ & $-0.00549721$ & $0.0243963$ & $0.00934288$ & $-0.0114745$ & $0.0172335$ & $0.0229513$ & $0.13288$ & $0.462512$ \\
CLL_1221 & $-0.00668746$ & $-0.00278108$ & $-0.00428093$ & $-0.0113451$ & $-0.010639$ & $-0.128732$ & $-0.0686658$ & $0.563205$ & $0.551448$ & $-0.35034$ & $-0.363747$ & $-0.286648$ & $0.218721$ & $-0.222565$ & $-0.598132$ & $-0.0967255$ & $-0.257646$ & $0.0297601$ & $-0.348123$ & $0.285281$ & $0.449858$ & $0.44868$ & $0.21675$ & $-0.63442$ & $-0.202346$ & $-0.264548$ & $0.687046$ & $0.143875$ & $0.00849517$ & $0.0604401$ & $0.0360119$ & $-0.0640418$ & $0.0717884$ & $1$ & $-0.0108207$ & $0.00843145$ & $-0.0176105$ & $-0.00554861$ & $0.00170578$ & $0.00813909$ & $0.00931363$ & $-0.00856242$ & $-0.0138916$ & $-0.00986548$ & $0.010429$ & $-0.0144786$ & $-0.00431575$ & $-0.000875546$ & $0.00744773$ \\
eHggint & $0.0654097$ & $0.0489636$ & $0.0413753$ & $0.0610372$ & $0.000887922$ & $0.0176708$ & $-0.0395892$ & $-0.0250597$ & $-0.0492023$ & $0.0569941$ & $0.031161$ & $0.0591362$ & $0.0121826$ & $-0.0193194$ & $-0.00996435$ & $-0.0122324$ & $-0.01526$ & $-0.00597648$ & $-0.00329943$ & $-0.0288892$ & $-0.0296392$ & $-0.0289845$ & $-0.0157839$ & $0.000417994$ & $-0.0126029$ & $0.0216617$ & $-0.0120185$ & $-0.00327594$ & $-0.0165349$ & $-0.0646271$ & $-0.0273774$ & $0.0405169$ & $-0.0680252$ & $-0.0108207$ & $1$ & $0.0808513$ & $0.0505248$ & $-0.00283606$ & $0.0219912$ & $-0.0241253$ & $0.0788465$ & $-0.0204248$ & $-0.0462621$ & $0.0423753$ & $-0.0113884$ & $-0.0586114$ & $-0.0209877$ & $-0.0754851$ & $0.00595803$ \\
eHggpar & $0.0885709$ & $0.0805322$ & $0.0410361$ & $0.117216$ & $-0.00560055$ & $0.00728789$ & $-0.006904$ & $-0.0063182$ & $-0.0152157$ & $0.0544627$ & $0.00888722$ & $0.0502815$ & $0.0063076$ & $-0.0145875$ & $-0.00774272$ & $0.0102729$ & $-0.00556798$ & $-0.00204458$ & $-0.0135277$ & $-0.00603107$ & $-0.00679723$ & $-0.0069832$ & $-0.0188106$ & $-0.00736278$ & $-0.0204685$ & $0.0158826$ & $-0.0084944$ & $4.20318e-06$ & $-0.0114617$ & $-0.0508973$ & $-0.042486$ & $0.043103$ & $-0.0296665$ & $0.00843145$ & $0.0808513$ & $1$ & $0.04892$ & $0.0104278$ & $0.0454558$ & $0.000967828$ & $-0.1107$ & $0.00235208$ & $0.0269989$ & $-0.0927243$ & $0.0172288$ & $-0.0209965$ & $-0.0815416$ & $-0.0114158$ & $0.0245439$ \\
eHWWint & $-0.052069$ & $0.0330826$ & $-0.090038$ & $-0.0226172$ & $-0.00652013$ & $0.00976639$ & $0.0163453$ & $-0.0183323$ & $-0.0363746$ & $0.0253521$ & $0.00951396$ & $0.0307972$ & $-0.0259734$ & $0.0160566$ & $0.00245299$ & $-0.00424787$ & $0.0116834$ & $0.012762$ & $0.0205655$ & $-0.00878533$ & $-0.00995719$ & $-0.00698696$ & $-0.00568903$ & $0.0112578$ & $0.0158621$ & $0.00808632$ & $-0.0191346$ & $-0.00399965$ & $-0.00795443$ & $-0.187154$ & $-0.0654134$ & $-0.0146862$ & $-0.183674$ & $-0.0176105$ & $0.0505248$ & $0.04892$ & $1$ & $-0.00199942$ & $0.0174534$ & $-0.0128162$ & $0.0735057$ & $0.0116446$ & $-0.0955932$ & $0.075177$ & $-0.107682$ & $0.0704862$ & $0.0141419$ & $-0.026371$ & $0.025398$ \\
eHWWpar & $-0.00180406$ & $0.0144664$ & $-0.0104671$ & $-0.0115374$ & $-0.00034321$ & $-0.00352448$ & $-0.00433466$ & $-0.0138308$ & $-0.0127529$ & $-0.000207844$ & $0.0118007$ & $-0.0040584$ & $-0.000169222$ & $-0.0028018$ & $-0.00532717$ & $0.013146$ & $0.00284196$ & $0.00759147$ & $-0.00496881$ & $-0.00993752$ & $-0.0126046$ & $-0.0124706$ & $-0.00250389$ & $0.00922733$ & $-0.00424371$ & $0.00262581$ & $-0.020619$ & $-0.0113454$ & $0.00126833$ & $-0.0153675$ & $-0.0141059$ & $-0.00861266$ & $-0.0300594$ & $-0.00554861$ & $-0.00283606$ & $0.0104278$ & $-0.00199942$ & $1$ & $0.000282121$ & $-0.00558723$ & $0.0119303$ & $-0.0132172$ & $0.017673$ & $-0.0106639$ & $-0.0159171$ & $0.00315357$ & $-0.00912525$ & $0.0105184$ & $-0.0142786$ \\
eHZZint & $-0.0803948$ & $0.0330807$ & $0.0207322$ & $-0.0431331$ & $0.0145815$ & $0.0101223$ & $-0.0119194$ & $-0.0125018$ & $-0.0218903$ & $0.0209926$ & $0.00348696$ & $0.0135139$ & $-0.013606$ & $0.0133333$ & $-0.00935637$ & $-0.000891914$ & $0.0220914$ & $0.0239737$ & $0.0178179$ & $-0.0020394$ & $-0.00134604$ & $-0.00221483$ & $0.0101324$ & $0.0225051$ & $0.0310516$ & $-0.00704645$ & $0.00375963$ & $0.00281697$ & $-0.00198533$ & $-0.0306157$ & $-0.0170828$ & $0.00363884$ & $-0.0128771$ & $0.00170578$ & $0.0219912$ & $0.0454558$ & $0.0174534$ & $0.000282121$ & $1$ & $0.0161646$ & $-0.025093$ & $0.00432742$ & $-0.0505514$ & $-0.111649$ & $0.0356781$ & $-0.0460158$ & $0.00472912$ & $0.118761$ & $-0.000840219$ \\
eHZZpar & $-0.00747844$ & $-0.0172813$ & $-0.012292$ & $-0.0110559$ & $-0.00425391$ & $-0.00951099$ & $3.88745e-05$ & $0.000324958$ & $0.00212302$ & $0.00202068$ & $-0.00209976$ & $-0.000231789$ & $-0.000148705$ & $0.00175201$ & $-0.00961092$ & $-0.00237831$ & $0.00597346$ & $0.00985579$ & $0.00497688$ & $0.000843362$ & $0.00231254$ & $0.00408301$ & $-0.0024572$ & $0.0013584$ & $0.00497725$ & $0.00242924$ & $0.00366264$ & $0.00606236$ & $0.00216061$ & $0.00715461$ & $-0.0029433$ & $0.000549738$ & $0.00639881$ & $0.00813909$ & $-0.0241253$ & $0.000967828$ & $-0.0128162$ & $-0.00558723$ & $0.0161646$ & $1$ & $-0.00516513$ & $0.00774646$ & $-0.00355067$ & $0.00318976$ & $-0.00897634$ & $0.0068378$ & $-0.0107469$ & $-0.011996$ & $0.00944231$ \\
eHZgaint & $0.0237067$ & $-0.052027$ & $0.0706048$ & $0.0630929$ & $-0.000158235$ & $-0.00211951$ & $-0.0131818$ & $0.014676$ & $0.00960729$ & $-0.0669774$ & $-0.00654131$ & $-0.0214238$ & $-0.00552972$ & $-0.00274395$ & $-0.00470275$ & $0.00152234$ & $-0.0190702$ & $-0.00906614$ & $-0.0123119$ & $0.0056647$ & $0.00655445$ & $0.00693079$ & $0.00829186$ & $-0.0220178$ & $-0.0134948$ & $-0.0119775$ & $0.00595144$ & $0.0030828$ & $0.00539532$ & $0.00355782$ & $0.00261655$ & $-0.0160574$ & $-0.059833$ & $0.00931363$ & $0.0788465$ & $-0.1107$ & $0.0735057$ & $0.0119303$ & $-0.025093$ & $-0.00516513$ & $1$ & $-0.0109752$ & $-0.0345453$ & $0.00383357$ & $-0.00860979$ & $0.028183$ & $-0.0172361$ & $-0.119308$ & $-0.0845443$ \\
eHZgapar & $0.019304$ & $-0.0174941$ & $-0.00793051$ & $-0.0166131$ & $0.004156$ & $-0.00479677$ & $0.0122621$ & $-0.0104445$ & $-0.011679$ & $0.00610683$ & $0.0068741$ & $0.00686732$ & $-0.00857149$ & $0.00422386$ & $-0.000944181$ & $-0.0122056$ & $0.00851548$ & $0.0069527$ & $0.0164587$ & $-0.00857768$ & $-0.00740272$ & $-0.00526104$ & $0.00542423$ & $0.0111222$ & $0.0133322$ & $0.000261112$ & $0.00612861$ & $-0.00410421$ & $0.00820016$ & $-0.00388128$ & $-0.00338435$ & $0.0123265$ & $-0.00549721$ & $-0.00856242$ & $-0.0204248$ & $0.00235208$ & $0.0116446$ & $-0.0132172$ & $0.00432742$ & $0.00774646$ & $-0.0109752$ & $1$ & $-0.0312145$ & $0.0278816$ & $-0.0279058$ & $0.000711849$ & $0.00935191$ & $-0.0123221$ & $0.00298664$ \\
eHgagaint & $-0.0198534$ & $-0.000209788$ & $-0.152382$ & $-0.0681492$ & $-0.00262437$ & $0.0103005$ & $-0.00197007$ & $-0.000628742$ & $0.0744501$ & $-0.016245$ & $0.00966102$ & $-0.0221575$ & $0.0149169$ & $-0.0170889$ & $0.0123543$ & $0.0152206$ & $-0.0268289$ & $-0.0262372$ & $-0.0288047$ & $-0.00848815$ & $-0.0128704$ & $-0.013354$ & $-0.00835207$ & $-0.007538$ & $-0.0317326$ & $0.00353736$ & $-0.0281455$ & $-0.00269848$ & $0.00781958$ & $0.0217266$ & $0.00327592$ & $0.000495317$ & $0.0243963$ & $-0.0138916$ & $-0.0462621$ & $0.0269989$ & $-0.0955932$ & $0.017673$ & $-0.0505514$ & $-0.00355067$ & $-0.0345453$ & $-0.0312145$ & $1$ & $-0.0231207$ & $0.0372032$ & $0.0779161$ & $-0.0282786$ & $0.086687$ & $-0.0268164$ \\
eHmumuint & $-0.0142018$ & $0.026859$ & $0.0274428$ & $0.0180275$ & $-0.00306481$ & $0.00763927$ & $0.000531975$ & $-0.00667426$ & $-0.0070014$ & $0.00866129$ & $0.00634156$ & $0.00696957$ & $-0.00309704$ & $-0.00106767$ & $0.00497857$ & $-0.0138967$ & $-0.000425399$ & $-0.0044163$ & $0.007567$ & $-0.00489354$ & $-0.00551918$ & $-0.00862625$ & $0.00604797$ & $0.00426922$ & $0.00303868$ & $-0.0029251$ & $-0.00221833$ & $0.00246453$ & $-0.00187199$ & $-0.00311701$ & $-0.0116395$ & $-0.000815779$ & $0.00934288$ & $-0.00986548$ & $0.0423753$ & $-0.0927243$ & $0.075177$ & $-0.0106639$ & $-0.111649$ & $0.00318976$ & $0.00383357$ & $0.0278816$ & $-0.0231207$ & $1$ & $0.0198349$ & $0.0666613$ & $-0.038381$ & $-0.065218$ & $0.0610735$ \\
eHtautauint & $0.0129514$ & $0.0122853$ & $0.0561712$ & $0.0436848$ & $0.000165182$ & $0.00312486$ & $-0.00766557$ & $0.00855203$ & $0.0116185$ & $-0.0122239$ & $-0.00199979$ & $-0.00830374$ & $0.00563637$ & $-0.0115777$ & $-0.0018883$ & $-0.00226062$ & $-0.0104858$ & $-0.0103836$ & $-0.0108252$ & $0.00310672$ & $0.00342711$ & $0.00251359$ & $0.00191842$ & $-0.00698971$ & $-0.0107373$ & $-0.00441183$ & $0.0102109$ & $-0.00552155$ & $-0.000173916$ & $0.0801009$ & $-0.000361789$ & $-0.00488084$ & $-0.0114745$ & $0.010429$ & $-0.0113884$ & $0.0172288$ & $-0.107682$ & $-0.0159171$ & $0.0356781$ & $-0.00897634$ & $-0.00860979$ & $-0.0279058$ & $0.0372032$ & $0.0198349$ & $1$ & $0.0282848$ & $-0.0186917$ & $0.0567153$ & $-0.0683127$ \\
eHccint & $-0.0939851$ & $0.00241078$ & $-0.108097$ & $0.00246119$ & $0.00237469$ & $0.0053357$ & $0.00856005$ & $-0.00816579$ & $-0.000841288$ & $-0.00243218$ & $0.00674922$ & $-0.00739389$ & $0.00449678$ & $0.00293331$ & $0.00678875$ & $0.0138522$ & $-0.00256793$ & $-0.00125143$ & $-0.00636898$ & $-0.00420302$ & $-0.0083315$ & $-0.00994091$ & $-0.00362448$ & $0.0150951$ & $0.0106968$ & $0.00303494$ & $-0.0114665$ & $-0.00450381$ & $0.00138951$ & $-0.00603121$ & $0.0651711$ & $-0.00391594$ & $0.0172335$ & $-0.0144786$ & $-0.0586114$ & $-0.0209965$ & $0.0704862$ & $0.00315357$ & $-0.0460158$ & $0.0068378$ & $0.028183$ & $0.000711849$ & $0.0779161$ & $0.0666613$ & $0.0282848$ & $1$ & $-0.00696812$ & $-0.0404318$ & $0.062754$ \\
eHccpar & $-0.0377601$ & $-0.00172745$ & $-0.133459$ & $0.0171065$ & $-0.00183372$ & $0.0039827$ & $-0.00667738$ & $-0.00230498$ & $-0.00353208$ & $-0.00405348$ & $-0.00352541$ & $-0.00645807$ & $-0.00258396$ & $0.0162246$ & $-0.000922981$ & $-0.00317508$ & $0.00593422$ & $0.01004$ & $0.011043$ & $0.00211614$ & $0.00220851$ & $-9.08525e-05$ & $0.00243601$ & $0.00310993$ & $0.0142894$ & $-0.00845149$ & $-0.00349937$ & $0.0119224$ & $-0.00623191$ & $-0.00175177$ & $0.367908$ & $-0.00429826$ & $0.0229513$ & $-0.00431575$ & $-0.0209877$ & $-0.0815416$ & $0.0141419$ & $-0.00912525$ & $0.00472912$ & $-0.0107469$ & $-0.0172361$ & $0.00935191$ & $-0.0282786$ & $-0.038381$ & $-0.0186917$ & $-0.00696812$ & $1$ & $-0.0343975$ & $0.0572966$ \\
eHbbint & $-0.00260981$ & $0.0368235$ & $-0.0578083$ & $-0.0191537$ & $-0.0018686$ & $0.0109974$ & $0.000685098$ & $-0.016996$ & $-0.0068333$ & $0.0224421$ & $0.0194805$ & $0.00858553$ & $-2.39585e-05$ & $-0.0123123$ & $-0.0146995$ & $-0.0148049$ & $-0.00742977$ & $0.0024536$ & $0.000886491$ & $-0.0192416$ & $-0.0179213$ & $-0.0192909$ & $0.024857$ & $0.00986366$ & $0.00500793$ & $-0.00811564$ & $0.00813171$ & $0.00616774$ & $0.012966$ & $0.000896923$ & $-0.0287065$ & $-0.000929121$ & $0.13288$ & $-0.000875546$ & $-0.0754851$ & $-0.0114158$ & $-0.026371$ & $0.0105184$ & $0.118761$ & $-0.011996$ & $-0.119308$ & $-0.0123221$ & $0.086687$ & $-0.065218$ & $0.0567153$ & $-0.0404318$ & $-0.0343975$ & $1$ & $-0.0595427$ \\
eHbbpar & $-0.0021336$ & $-0.0231942$ & $-0.0614862$ & $-0.0979711$ & $0.012601$ & $0.0195992$ & $-0.0180628$ & $-0.0112976$ & $-0.0156852$ & $0.017433$ & $0.0140167$ & $0.0057652$ & $0.000298953$ & $-0.00549836$ & $-0.0245266$ & $-0.0245519$ & $-0.00415628$ & $0.00996396$ & $0.0113026$ & $-0.0167802$ & $-0.0118606$ & $-0.012475$ & $0.0121392$ & $0.0015282$ & $0.00901514$ & $0.00490214$ & $0.0158976$ & $-0.00405092$ & $-0.00268443$ & $-0.00997596$ & $0.01562$ & $-0.00550109$ & $0.462512$ & $0.00744773$ & $0.00595803$ & $0.0245439$ & $0.025398$ & $-0.0142786$ & $-0.000840219$ & $0.00944231$ & $-0.0845443$ & $0.00298664$ & $-0.0268164$ & $0.0610735$ & $-0.0683127$ & $0.062754$ & $0.0572966$ & $-0.0595427$ & $1$ \\
