 & AlsMz & dAle5Mz & mtop & mHl & Mz & CW & CHG & CHWB & CHWHB_gaga & CHWHB_gagaorth & CHD & CHbox & CH & CHL1_11 & CHL1_22 & CHL1_33 & CHL3_11 & CHL3_22 & CHL3_33 & CHe_11 & CHe_22 & CHe_33 & CHQ1_11 & CHQ1_33 & CHQ3_11 & CHu_11 & CHd_11 & CHd_33 & CeH_22r & CeH_33r & CuH_22r & CuH_33r & CdH_33r & CLL_1221 & eHggint & eHggpar & eHWWint & eHWWpar & eHZZint & eHZZpar & eHZgaint & eHZgapar & eHgagaint & eHmumuint & eHtautauint & eHccint & eHccpar & eHbbint & eHbbpar \\
AlsMz & $1$ & $-0.0679392$ & $-0.022146$ & $0.00230334$ & $0.00172335$ & $-0.0188911$ & $-0.0278142$ & $0.00107731$ & $-0.00457061$ & $-0.0159607$ & $-0.0167408$ & $0.00406517$ & $-0.0177165$ & $0.016598$ & $0.00519682$ & $-0.014372$ & $0.0164381$ & $0.0131067$ & $0.0254315$ & $0.00731514$ & $0.00670369$ & $0.00350549$ & $-0.0422878$ & $-0.0567993$ & $-0.107301$ & $-0.0140371$ & $-0.0419235$ & $0.0241536$ & $-0.000415652$ & $-0.0129895$ & $0.0139596$ & $-0.0306636$ & $-0.00520448$ & $-0.00942608$ & $0.0666915$ & $-0.0650164$ & $-0.0036388$ & $0.00784864$ & $-0.00699756$ & $0.000268436$ & $-0.0227915$ & $0.0199915$ & $-0.0485249$ & $-0.0632336$ & $0.0221906$ & $-0.0450722$ & $0.0580368$ & $-0.00209862$ & $0.0129266$ \\
dAle5Mz & $-0.0679392$ & $1$ & $0.00722194$ & $-0.0199538$ & $-0.0108018$ & $0.00780749$ & $0.0142852$ & $-0.0817793$ & $-0.0733231$ & $0.00606724$ & $0.0635736$ & $0.0088655$ & $-0.0119171$ & $-0.0281418$ & $-0.011971$ & $-0.0177326$ & $0.0250504$ & $0.0101866$ & $0.0143156$ & $-0.03704$ & $-0.0350755$ & $-0.0340343$ & $0.00253739$ & $0.0284467$ & $0.0365423$ & $0.0214553$ & $0.0110415$ & $-0.029838$ & $0.00897402$ & $-0.0365542$ & $-0.034564$ & $0.00280624$ & $-0.0718601$ & $0.019648$ & $-0.1699$ & $0.0982332$ & $0.111271$ & $0.0036654$ & $0.101001$ & $0.0302999$ & $-0.0761215$ & $-0.0416995$ & $0.0466671$ & $-0.0395797$ & $-0.077553$ & $0.0299432$ & $-0.0762402$ & $0.0651941$ & $-0.116925$ \\
mtop & $-0.022146$ & $0.00722194$ & $1$ & $-0.0618628$ & $0.0250774$ & $0.0218686$ & $-0.00119372$ & $0.0241697$ & $0.0291146$ & $-0.0213709$ & $-0.0135573$ & $-0.0241492$ & $0.0138898$ & $0.0213615$ & $0.0228878$ & $0.00144736$ & $-0.0208276$ & $-0.0241907$ & $-0.00831194$ & $0.0188269$ & $0.0211708$ & $0.0210826$ & $-0.00674264$ & $-0.0123896$ & $-0.0227834$ & $-0.00424712$ & $-0.00780148$ & $-0.00312119$ & $0.0057501$ & $0.0296359$ & $0.000504963$ & $-0.00828309$ & $0.00118819$ & $-0.00636352$ & $-0.0524719$ & $-0.105687$ & $-0.0613937$ & $-0.00927638$ & $0.0189474$ & $0.00402646$ & $0.00178626$ & $0.00725337$ & $0.00756682$ & $-0.119348$ & $-0.0220342$ & $-0.0398266$ & $0.0113522$ & $0.0296623$ & $-0.0638851$ \\
mHl & $0.00230334$ & $-0.0199538$ & $-0.0618628$ & $1$ & $0.00249793$ & $0.0152987$ & $0.021962$ & $-0.00506122$ & $0.00283824$ & $0.00258929$ & $0.000723707$ & $0.0170932$ & $-0.0409583$ & $0.0146013$ & $-0.0154288$ & $0.000647029$ & $0.00519797$ & $0.0183462$ & $0.00741223$ & $-0.00300604$ & $-0.00261008$ & $-0.00308026$ & $-0.0226276$ & $0.00380118$ & $0.00139335$ & $0.0169081$ & $-0.0114862$ & $0.00744535$ & $0.0167106$ & $-0.0288284$ & $0.0314975$ & $0.00262748$ & $-0.00618246$ & $0.00408764$ & $-0.117341$ & $0.00330919$ & $-0.0444773$ & $0.0102165$ & $-0.00100476$ & $0.00618612$ & $0.0248745$ & $0.0383905$ & $0.0708695$ & $0.0162341$ & $0.00519799$ & $0.0483135$ & $0.0775618$ & $0.0203602$ & $0.0426599$ \\
Mz & $0.00172335$ & $-0.0108018$ & $0.0250774$ & $0.00249793$ & $1$ & $0.01148$ & $-0.0152911$ & $0.00428772$ & $0.00309801$ & $0.00562959$ & $0.00594634$ & $0.00338007$ & $-0.00271247$ & $0.00222493$ & $0.0117966$ & $-0.00144884$ & $-0.00444818$ & $-0.0119333$ & $-0.00215679$ & $0.00335617$ & $0.00309143$ & $0.0032588$ & $-0.00418418$ & $-0.00968042$ & $-0.00860962$ & $0.012705$ & $-0.00186498$ & $-0.01778$ & $0.0155762$ & $-0.007475$ & $-0.0102888$ & $-0.0063$ & $-0.00242023$ & $-0.00991374$ & $0.0130803$ & $0.0104437$ & $-0.00102557$ & $-0.0124882$ & $0.0125174$ & $-0.00251704$ & $-0.000422573$ & $-0.0319911$ & $0.0333763$ & $0.00611602$ & $-0.0133472$ & $0.0238813$ & $0.00915462$ & $-0.0250052$ & $0.0208086$ \\
CW & $-0.0188911$ & $0.00780749$ & $0.0218686$ & $0.0152987$ & $0.01148$ & $1$ & $-0.00647194$ & $-0.116896$ & $-0.11501$ & $0.0141612$ & $0.168526$ & $0.0214399$ & $0.00493443$ & $0.0425968$ & $-0.0807021$ & $-0.053153$ & $-0.250365$ & $-0.0349777$ & $-0.0523459$ & $-0.165832$ & $-0.171563$ & $-0.171194$ & $-0.0133678$ & $0.0179903$ & $-0.0810375$ & $0.103741$ & $-0.0832767$ & $-0.0697908$ & $0.0158411$ & $0.00574375$ & $0.0009264$ & $-0.00763048$ & $-0.00267596$ & $-0.117862$ & $-0.0346843$ & $0.00229634$ & $-0.0247939$ & $0.00112656$ & $0.0111743$ & $-0.00230396$ & $0.0023142$ & $-0.00290356$ & $0.00500951$ & $-0.00419092$ & $0.0211796$ & $0.0185217$ & $0.0136234$ & $0.00480558$ & $-0.0124859$ \\
CHG & $-0.0278142$ & $0.0142852$ & $-0.00119372$ & $0.021962$ & $-0.0152911$ & $-0.00647194$ & $1$ & $-0.101469$ & $-0.0481166$ & $0.0535446$ & $0.0558939$ & $0.230271$ & $-0.298419$ & $0.05088$ & $-0.0242558$ & $-0.0198732$ & $0.102489$ & $0.10415$ & $0.0996315$ & $-0.0549012$ & $-0.0575642$ & $-0.0593134$ & $0.00591588$ & $0.108954$ & $0.107435$ & $0.0205984$ & $-0.0335523$ & $-0.0316704$ & $-0.00498834$ & $-0.120792$ & $-0.0729642$ & $0.937324$ & $-0.168994$ & $-0.0571186$ & $-0.0498737$ & $-0.00253532$ & $0.057009$ & $0.000785456$ & $0.00265184$ & $-0.0201261$ & $0.00190023$ & $0.00201287$ & $0.0091971$ & $-0.0105536$ & $0.0213007$ & $-0.0116113$ & $-0.0293578$ & $-0.00644323$ & $-0.0336893$ \\
CHWB & $0.00107731$ & $-0.0817793$ & $0.0241697$ & $-0.00506122$ & $0.00428772$ & $-0.116896$ & $-0.101469$ & $1$ & $0.981815$ & $-0.569324$ & $-0.886059$ & $-0.46717$ & $0.366344$ & $0.113508$ & $0.291785$ & $0.307086$ & $-0.249217$ & $-0.431303$ & $-0.4413$ & $0.858779$ & $0.90181$ & $0.886439$ & $0.0739337$ & $-0.692033$ & $-0.404631$ & $-0.520015$ & $0.42429$ & $0.307606$ & $0.0203326$ & $0.124356$ & $0.0465235$ & $-0.0936009$ & $0.119274$ & $0.577753$ & $-0.0104471$ & $-0.0219611$ & $0.00709553$ & $0.0129592$ & $-0.00307126$ & $0.0092337$ & $0.0208266$ & $-0.0139154$ & $0.00537907$ & $-0.0095334$ & $0.0190259$ & $-0.0112368$ & $0.00842751$ & $0.018541$ & $0.00283921$ \\
CHWHB_gaga & $-0.00457061$ & $-0.0733231$ & $0.0291146$ & $0.00283824$ & $0.00309801$ & $-0.11501$ & $-0.0481166$ & $0.981815$ & $1$ & $-0.561151$ & $-0.867572$ & $-0.451727$ & $0.361645$ & $0.105148$ & $0.286323$ & $0.302568$ & $-0.249842$ & $-0.428119$ & $-0.438718$ & $0.841477$ & $0.8832$ & $0.868315$ & $0.0737965$ & $-0.683746$ & $-0.400215$ & $-0.510063$ & $0.416685$ & $0.30109$ & $0.0265442$ & $0.148251$ & $0.0552055$ & $-0.0486167$ & $0.141409$ & $0.567693$ & $-0.0329404$ & $-0.0298005$ & $-0.00206604$ & $0.0105394$ & $0.000380119$ & $0.00343952$ & $0.0184255$ & $-0.0128567$ & $0.080404$ & $-0.0165827$ & $0.0167959$ & $-0.00165781$ & $-0.00548368$ & $0.0168078$ & $0.000320316$ \\
CHWHB_gagaorth & $-0.0159607$ & $0.00606724$ & $-0.0213709$ & $0.00258929$ & $0.00562959$ & $0.0141612$ & $0.0535446$ & $-0.569324$ & $-0.561151$ & $1$ & $0.366247$ & $0.588771$ & $-0.261328$ & $0.208163$ & $-0.130123$ & $-0.132146$ & $0.431467$ & $0.484227$ & $0.480704$ & $-0.354775$ & $-0.38219$ & $-0.380025$ & $-0.0459535$ & $0.555415$ & $0.476693$ & $0.218439$ & $-0.227039$ & $-0.140148$ & $-0.00729127$ & $-0.133718$ & $-0.0440702$ & $0.0793485$ & $-0.136394$ & $-0.35148$ & $0.0787706$ & $0.0398418$ & $-0.024392$ & $0.0131342$ & $-0.0149368$ & $-0.0102714$ & $-0.0567525$ & $0.00278564$ & $-0.0361802$ & $-0.0134715$ & $-0.0129184$ & $0.0146845$ & $0.0189783$ & $-0.0201676$ & $-0.00662761$ \\
CHD & $-0.0167408$ & $0.0635736$ & $-0.0135573$ & $0.000723707$ & $0.00594634$ & $0.168526$ & $0.0558939$ & $-0.886059$ & $-0.867572$ & $0.366247$ & $1$ & $0.341075$ & $-0.193251$ & $-0.512981$ & $-0.41166$ & $-0.418256$ & $-0.192441$ & $0.0769424$ & $0.08571$ & $-0.990481$ & $-0.991422$ & $-0.971093$ & $-0.0140758$ & $0.348945$ & $0.0395627$ & $0.567362$ & $-0.303258$ & $-0.336877$ & $-0.00423267$ & $-0.0847047$ & $-0.0248947$ & $0.0568804$ & $-0.0669577$ & $-0.390861$ & $0.008926$ & $0.0278678$ & $-0.00233823$ & $-0.0150793$ & $-0.0101639$ & $-0.00197807$ & $-0.00679228$ & $0.00918248$ & $-0.00377416$ & $0.0195641$ & $-0.0178888$ & $0.0114295$ & $-0.00181865$ & $-0.0105472$ & $0.00725711$ \\
CHbox & $0.00406517$ & $0.0088655$ & $-0.0241492$ & $0.0170932$ & $0.00338007$ & $0.0214399$ & $0.230271$ & $-0.46717$ & $-0.451727$ & $0.588771$ & $0.341075$ & $1$ & $-0.819681$ & $0.0886316$ & $-0.0877743$ & $-0.0967942$ & $0.262674$ & $0.308085$ & $0.316387$ & $-0.327109$ & $-0.356759$ & $-0.348936$ & $-0.0423871$ & $0.415734$ & $0.30076$ & $0.206132$ & $-0.215526$ & $-0.130299$ & $-0.0220736$ & $-0.139883$ & $-0.078526$ & $0.237875$ & $-0.159217$ & $-0.307695$ & $0.0600804$ & $0.0443566$ & $0.0246705$ & $-0.010916$ & $0.00188078$ & $-0.0195803$ & $-0.0213134$ & $0.0205119$ & $-0.00247789$ & $-0.00279977$ & $-0.0103046$ & $-0.00487506$ & $0.0100906$ & $-0.00824406$ & $0.00567702$ \\
CH & $-0.0177165$ & $-0.0119171$ & $0.0138898$ & $-0.0409583$ & $-0.00271247$ & $0.00493443$ & $-0.298419$ & $0.366344$ & $0.361645$ & $-0.261328$ & $-0.193251$ & $-0.819681$ & $1$ & $-0.226936$ & $0.0685523$ & $0.0851169$ & $-0.363906$ & $-0.380209$ & $-0.394236$ & $0.190139$ & $0.204745$ & $0.200629$ & $0.0412808$ & $-0.406836$ & $-0.3678$ & $-0.124301$ & $0.149671$ & $0.0759132$ & $0.0536774$ & $0.295217$ & $0.133119$ & $-0.245125$ & $0.328429$ & $0.23694$ & $0.00709112$ & $-0.00540785$ & $-0.0329457$ & $0.0182877$ & $-0.0278208$ & $0.0253035$ & $-0.00324162$ & $-0.0253272$ & $-0.0203192$ & $-0.000224303$ & $0.00138211$ & $0.0110502$ & $0.00115565$ & $0.015368$ & $-0.0141944$ \\
CHL1_11 & $0.016598$ & $-0.0281418$ & $0.0213615$ & $0.0146013$ & $0.00222493$ & $0.0425968$ & $0.05088$ & $0.113508$ & $0.105148$ & $0.208163$ & $-0.512981$ & $0.0886316$ & $-0.226936$ & $1$ & $0.269126$ & $0.265015$ & $0.640963$ & $0.586968$ & $0.581432$ & $0.529781$ & $0.47483$ & $0.459639$ & $-0.0765549$ & $0.435399$ & $0.580711$ & $-0.273406$ & $-0.080541$ & $0.155108$ & $-0.0248665$ & $-0.0399197$ & $-0.0274031$ & $0.0334955$ & $-0.0642888$ & $-0.198554$ & $-0.0032919$ & $-0.0272422$ & $-0.0189634$ & $-0.00061993$ & $0.0227632$ & $-0.0164622$ & $-0.0146837$ & $0.00212271$ & $-0.0093606$ & $-0.0328828$ & $0.0143041$ & $-0.00610726$ & $-0.00706269$ & $-0.0126912$ & $-0.018041$ \\
CHL1_22 & $0.00519682$ & $-0.011971$ & $0.0228878$ & $-0.0154288$ & $0.0117966$ & $-0.0807021$ & $-0.0242558$ & $0.291785$ & $0.286323$ & $-0.130123$ & $-0.41166$ & $-0.0877743$ & $0.0685523$ & $0.269126$ & $1$ & $0.44168$ & $0.159783$ & $-0.452233$ & $-0.0331826$ & $0.476682$ & $0.330546$ & $0.320723$ & $-0.179898$ & $0.0904662$ & $-0.13942$ & $-0.18622$ & $-0.391013$ & $0.10816$ & $0.0059017$ & $0.0539397$ & $0.0203297$ & $-0.0131814$ & $0.0440706$ & $-0.579948$ & $-0.00581755$ & $-0.00148398$ & $-0.0124433$ & $0.00837106$ & $-0.000937775$ & $0.0094223$ & $-0.00603498$ & $0.0139327$ & $-0.00773657$ & $-0.0173903$ & $0.00771162$ & $-0.0181326$ & $0.0119759$ & $0.0116989$ & $-0.0151178$ \\
CHL1_33 & $-0.014372$ & $-0.0177326$ & $0.00144736$ & $0.000647029$ & $-0.00144884$ & $-0.053153$ & $-0.0198732$ & $0.307086$ & $0.302568$ & $-0.132146$ & $-0.418256$ & $-0.0967942$ & $0.0851169$ & $0.265015$ & $0.44168$ & $1$ & $0.136835$ & $-0.0403688$ & $-0.447319$ & $0.481377$ & $0.340671$ & $0.357037$ & $-0.161249$ & $0.0677968$ & $-0.148878$ & $-0.197757$ & $-0.374846$ & $0.108621$ & $0.0101088$ & $0.046459$ & $0.0386116$ & $-0.0127608$ & $0.0548889$ & $-0.0815179$ & $-0.000686129$ & $-0.0079028$ & $-0.00482131$ & $0.0242175$ & $0.00612972$ & $-0.00542015$ & $-0.0112796$ & $0.0122777$ & $0.0033581$ & $-0.00176916$ & $-0.00418912$ & $-0.00308841$ & $0.0293966$ & $0.00659954$ & $0.0223143$ \\
CHL3_11 & $0.0164381$ & $0.0250504$ & $-0.0208276$ & $0.00519797$ & $-0.00444818$ & $-0.250365$ & $0.102489$ & $-0.249217$ & $-0.249842$ & $0.431467$ & $-0.192441$ & $0.262674$ & $-0.363906$ & $0.640963$ & $0.159783$ & $0.136835$ & $1$ & $0.733505$ & $0.739925$ & $0.213696$ & $0.16182$ & $0.152073$ & $-0.0920272$ & $0.66425$ & $0.771441$ & $-0.0793298$ & $-0.15236$ & $0.0580501$ & $-0.0325183$ & $-0.0873212$ & $-0.0493844$ & $0.0844021$ & $-0.113485$ & $-0.252523$ & $0.0104809$ & $-0.00759484$ & $-0.00550134$ & $0.00789321$ & $0.0245852$ & $-0.0103512$ & $-0.0277109$ & $0.00852765$ & $-0.00234584$ & $-0.0125384$ & $-0.00995398$ & $0.00353445$ & $-0.0157525$ & $-0.0230745$ & $-0.0188997$ \\
CHL3_22 & $0.0131067$ & $0.0101866$ & $-0.0241907$ & $0.0183462$ & $-0.0119333$ & $-0.0349777$ & $0.10415$ & $-0.431303$ & $-0.428119$ & $0.484227$ & $0.0769424$ & $0.308085$ & $-0.380209$ & $0.586968$ & $-0.452233$ & $-0.0403688$ & $0.733505$ & $1$ & $0.677302$ & $-0.0809192$ & $-0.0714842$ & $-0.0714376$ & $-0.000372419$ & $0.61481$ & $0.790693$ & $0.0459337$ & $0.00297241$ & $-0.0235058$ & $-0.0344471$ & $-0.112532$ & $-0.0514311$ & $0.0805307$ & $-0.1271$ & $0.0277233$ & $0.0138063$ & $-0.0134236$ & $-0.00599521$ & $-0.00388283$ & $0.0219996$ & $-0.0207718$ & $-0.0217832$ & $0.000945628$ & $9.01245e-05$ & $-0.00585241$ & $-0.00652292$ & $0.0105909$ & $-0.0170812$ & $-0.0277332$ & $-0.00386193$ \\
CHL3_33 & $0.0254315$ & $0.0143156$ & $-0.00831194$ & $0.00741223$ & $-0.00215679$ & $-0.0523459$ & $0.0996315$ & $-0.4413$ & $-0.438718$ & $0.480704$ & $0.08571$ & $0.316387$ & $-0.394236$ & $0.581432$ & $-0.0331826$ & $-0.447319$ & $0.739925$ & $0.677302$ & $1$ & $-0.0890307$ & $-0.0809922$ & $-0.0811376$ & $-0.0119905$ & $0.624793$ & $0.795574$ & $0.0574391$ & $0.00112245$ & $-0.0256754$ & $-0.0312439$ & $-0.106533$ & $-0.0633406$ & $0.0782134$ & $-0.134533$ & $-0.349248$ & $0.00665085$ & $-0.00688172$ & $-0.00867958$ & $-0.014024$ & $0.0167753$ & $-0.0107899$ & $-0.0165904$ & $0.00395903$ & $-0.00788461$ & $-0.0191308$ & $0.00470099$ & $-0.000212457$ & $-0.0268855$ & $-0.024007$ & $-0.030482$ \\
CHe_11 & $0.00731514$ & $-0.03704$ & $0.0188269$ & $-0.00300604$ & $0.00335617$ & $-0.165832$ & $-0.0549012$ & $0.858779$ & $0.841477$ & $-0.354775$ & $-0.990481$ & $-0.327109$ & $0.190139$ & $0.529781$ & $0.476682$ & $0.481377$ & $0.213696$ & $-0.0809192$ & $-0.0890307$ & $1$ & $0.973837$ & $0.954076$ & $-0.0103467$ & $-0.298547$ & $-0.0332809$ & $-0.555777$ & $0.23222$ & $0.328122$ & $0.0052612$ & $0.0857129$ & $0.0294591$ & $-0.0547713$ & $0.067824$ & $0.315072$ & $-0.0123856$ & $-0.025092$ & $0.00224048$ & $0.0134201$ & $0.0113167$ & $0.00273552$ & $0.003135$ & $-0.00829468$ & $0.00700327$ & $-0.0219375$ & $0.0160125$ & $-0.0115631$ & $0.00279025$ & $0.0113307$ & $-0.00877697$ \\
CHe_22 & $0.00670369$ & $-0.0350755$ & $0.0211708$ & $-0.00261008$ & $0.00309143$ & $-0.171563$ & $-0.0575642$ & $0.90181$ & $0.8832$ & $-0.38219$ & $-0.991422$ & $-0.356759$ & $0.204745$ & $0.47483$ & $0.330546$ & $0.340671$ & $0.16182$ & $-0.0714842$ & $-0.0809922$ & $0.973837$ & $1$ & $0.976073$ & $0.042898$ & $-0.400601$ & $-0.0427324$ & $-0.570705$ & $0.381755$ & $0.338102$ & $0.00483689$ & $0.0845565$ & $0.0243704$ & $-0.0593986$ & $0.0662232$ & $0.473735$ & $-0.0156108$ & $-0.0248618$ & $0.00610394$ & $0.0128506$ & $0.0127875$ & $0.00303396$ & $0.00657522$ & $-0.0142159$ & $0.00657795$ & $-0.0205426$ & $0.0164577$ & $-0.00870313$ & $-0.00138564$ & $0.0117624$ & $-0.0109909$ \\
CHe_33 & $0.00350549$ & $-0.0340343$ & $0.0210826$ & $-0.00308026$ & $0.0032588$ & $-0.171194$ & $-0.0593134$ & $0.886439$ & $0.868315$ & $-0.380025$ & $-0.971093$ & $-0.348936$ & $0.200629$ & $0.459639$ & $0.320723$ & $0.357037$ & $0.152073$ & $-0.0714376$ & $-0.0811376$ & $0.954076$ & $0.976073$ & $1$ & $0.0440209$ & $-0.397356$ & $-0.0431431$ & $-0.557624$ & $0.379249$ & $0.329387$ & $0.00675077$ & $0.0843928$ & $0.022362$ & $-0.0619888$ & $0.0639051$ & $0.471658$ & $-0.0181926$ & $-0.0249288$ & $0.0111202$ & $0.00986856$ & $0.0112846$ & $0.00680518$ & $0.00781542$ & $-0.00735008$ & $0.00645743$ & $-0.0228873$ & $0.0153868$ & $-0.0115404$ & $0.000133559$ & $0.00829896$ & $-0.0116437$ \\
CHQ1_11 & $-0.0422878$ & $0.00253739$ & $-0.00674264$ & $-0.0226276$ & $-0.00418418$ & $-0.0133678$ & $0.00591588$ & $0.0739337$ & $0.0737965$ & $-0.0459535$ & $-0.0140758$ & $-0.0423871$ & $0.0412808$ & $-0.0765549$ & $-0.179898$ & $-0.161249$ & $-0.0920272$ & $-0.000372419$ & $-0.0119905$ & $-0.0103467$ & $0.042898$ & $0.0440209$ & $1$ & $-0.150409$ & $0.0805695$ & $-0.673167$ & $0.355827$ & $0.0178455$ & $0.00399519$ & $0.032418$ & $0.00787695$ & $0.00720834$ & $0.0205911$ & $0.207604$ & $-0.00424055$ & $0.0121387$ & $-0.000559952$ & $0.00684281$ & $-0.010458$ & $-0.00625214$ & $-0.00616511$ & $0.0137639$ & $-0.00410592$ & $-0.00210423$ & $0.030337$ & $-0.00227594$ & $-0.0107451$ & $-0.0110161$ & $0.00620791$ \\
CHQ1_33 & $-0.0567993$ & $0.0284467$ & $-0.0123896$ & $0.00380118$ & $-0.00968042$ & $0.0179903$ & $0.108954$ & $-0.692033$ & $-0.683746$ & $0.555415$ & $0.348945$ & $0.415734$ & $-0.406836$ & $0.435399$ & $0.0904662$ & $0.0677968$ & $0.66425$ & $0.61481$ & $0.624793$ & $-0.298547$ & $-0.400601$ & $-0.397356$ & $-0.150409$ & $1$ & $0.633671$ & $0.242448$ & $-0.418338$ & $-0.0442172$ & $-0.0197291$ & $-0.107553$ & $-0.0561173$ & $0.0975934$ & $-0.115735$ & $-0.637795$ & $0.00587112$ & $0.00657904$ & $-0.0155999$ & $-0.00829578$ & $0.0205591$ & $-0.0223182$ & $-0.022366$ & $0.0211787$ & $-0.00845768$ & $-0.00231034$ & $-0.00486581$ & $0.0107586$ & $-0.0162036$ & $-0.0158887$ & $-0.00582977$ \\
CHQ3_11 & $-0.107301$ & $0.0365423$ & $-0.0227834$ & $0.00139335$ & $-0.00860962$ & $-0.0810375$ & $0.107435$ & $-0.404631$ & $-0.400215$ & $0.476693$ & $0.0395627$ & $0.30076$ & $-0.3678$ & $0.580711$ & $-0.13942$ & $-0.148878$ & $0.771441$ & $0.790693$ & $0.795574$ & $-0.0332809$ & $-0.0427324$ & $-0.0431431$ & $0.0805695$ & $0.633671$ & $1$ & $0.0331076$ & $0.220055$ & $-0.0241251$ & $-0.0305178$ & $-0.100805$ & $-0.0495405$ & $0.0895535$ & $-0.11621$ & $-0.202168$ & $0.00044034$ & $0.00658107$ & $-0.00526872$ & $-0.0142413$ & $0.0308491$ & $-0.0121168$ & $-0.0255331$ & $0.00274737$ & $0.00986518$ & $-0.00476022$ & $-0.0063668$ & $-0.00138607$ & $-0.0276762$ & $-0.0263261$ & $-0.0131264$ \\
CHu_11 & $-0.0140371$ & $0.0214553$ & $-0.00424712$ & $0.0169081$ & $0.012705$ & $0.103741$ & $0.0205984$ & $-0.520015$ & $-0.510063$ & $0.218439$ & $0.567362$ & $0.206132$ & $-0.124301$ & $-0.273406$ & $-0.18622$ & $-0.197757$ & $-0.0793298$ & $0.0459337$ & $0.0574391$ & $-0.555777$ & $-0.570705$ & $-0.557624$ & $-0.673167$ & $0.242448$ & $0.0331076$ & $1$ & $-0.189092$ & $-0.204054$ & $-0.00718273$ & $-0.0656314$ & $-0.0194682$ & $0.0222295$ & $-0.0482421$ & $-0.274692$ & $0.0093898$ & $0.0199508$ & $0.00787838$ & $-0.0245486$ & $0.013375$ & $-0.00166186$ & $-0.000241688$ & $0.00750941$ & $0.00806167$ & $0.0136098$ & $-0.0358619$ & $0.0157301$ & $0.00901055$ & $0.00664356$ & $-0.00294776$ \\
CHd_11 & $-0.0419235$ & $0.0110415$ & $-0.00780148$ & $-0.0114862$ & $-0.00186498$ & $-0.0832767$ & $-0.0335523$ & $0.42429$ & $0.416685$ & $-0.227039$ & $-0.303258$ & $-0.215526$ & $0.149671$ & $-0.080541$ & $-0.391013$ & $-0.374846$ & $-0.15236$ & $0.00297241$ & $0.00112245$ & $0.23222$ & $0.381755$ & $0.379249$ & $0.355827$ & $-0.418338$ & $0.220055$ & $-0.189092$ & $1$ & $0.109719$ & $0.010815$ & $0.0349765$ & $0.00330411$ & $-0.034895$ & $0.03484$ & $0.680056$ & $-0.0150181$ & $0.00857252$ & $0.0231285$ & $-0.0151673$ & $0.0207713$ & $0.00267967$ & $0.00702353$ & $-0.0139465$ & $0.0164714$ & $-0.00173462$ & $0.00827727$ & $-0.00447618$ & $-0.0205885$ & $0.00490289$ & $-0.00179778$ \\
CHd_33 & $0.0241536$ & $-0.029838$ & $-0.00312119$ & $0.00744535$ & $-0.01778$ & $-0.0697908$ & $-0.0316704$ & $0.307606$ & $0.30109$ & $-0.140148$ & $-0.336877$ & $-0.130299$ & $0.0759132$ & $0.155108$ & $0.10816$ & $0.108621$ & $0.0580501$ & $-0.0235058$ & $-0.0256754$ & $0.328122$ & $0.338102$ & $0.329387$ & $0.0178455$ & $-0.0442172$ & $-0.0241251$ & $-0.204054$ & $0.109719$ & $1$ & $0.0150886$ & $0.0447076$ & $0.00212151$ & $-0.0354743$ & $0.0287026$ & $0.167761$ & $-0.00492737$ & $-0.0254681$ & $-0.0119444$ & $0.0173757$ & $0.00226921$ & $-0.00683092$ & $0.000111526$ & $-0.000538433$ & $-0.00216833$ & $0.0242176$ & $0.0175375$ & $-0.0270202$ & $-0.0215345$ & $0.00830174$ & $0.00156398$ \\
CeH_22r & $-0.000415652$ & $0.00897402$ & $0.0057501$ & $0.0167106$ & $0.0155762$ & $0.0158411$ & $-0.00498834$ & $0.0203326$ & $0.0265442$ & $-0.00729127$ & $-0.00423267$ & $-0.0220736$ & $0.0536774$ & $-0.0248665$ & $0.0059017$ & $0.0101088$ & $-0.0325183$ & $-0.0344471$ & $-0.0312439$ & $0.0052612$ & $0.00483689$ & $0.00675077$ & $0.00399519$ & $-0.0197291$ & $-0.0305178$ & $-0.00718273$ & $0.010815$ & $0.0150886$ & $1$ & $0.0446594$ & $0.0253866$ & $-0.0185462$ & $0.0365266$ & $0.0122555$ & $-0.0281922$ & $-0.0322668$ & $-0.034872$ & $0.000759028$ & $-0.0132666$ & $0.000590476$ & $-0.0229212$ & $-0.00705389$ & $-0.0167457$ & $0.00271129$ & $-0.00320746$ & $-0.022812$ & $0.00582373$ & $-0.0137079$ & $-0.0232532$ \\
CeH_33r & $-0.0129895$ & $-0.0365542$ & $0.0296359$ & $-0.0288284$ & $-0.007475$ & $0.00574375$ & $-0.120792$ & $0.124356$ & $0.148251$ & $-0.133718$ & $-0.0847047$ & $-0.139883$ & $0.295217$ & $-0.0399197$ & $0.0539397$ & $0.046459$ & $-0.0873212$ & $-0.112532$ & $-0.106533$ & $0.0857129$ & $0.0845565$ & $0.0843928$ & $0.032418$ & $-0.107553$ & $-0.100805$ & $-0.0656314$ & $0.0349765$ & $0.0447076$ & $0.0446594$ & $1$ & $0.295483$ & $0.0295531$ & $0.62514$ & $0.0525231$ & $-0.0246343$ & $-0.0526292$ & $-0.207602$ & $-0.0241036$ & $-0.0593976$ & $-0.00749422$ & $-0.012092$ & $-0.00571004$ & $0.0210939$ & $-0.0153434$ & $0.101169$ & $0.0250127$ & $-0.0298911$ & $-0.00704697$ & $-0.0182216$ \\
CuH_22r & $0.0139596$ & $-0.034564$ & $0.000504963$ & $0.0314975$ & $-0.0102888$ & $0.0009264$ & $-0.0729642$ & $0.0465235$ & $0.0552055$ & $-0.0440702$ & $-0.0248947$ & $-0.078526$ & $0.133119$ & $-0.0274031$ & $0.0203297$ & $0.0386116$ & $-0.0493844$ & $-0.0514311$ & $-0.0633406$ & $0.0294591$ & $0.0243704$ & $0.022362$ & $0.00787695$ & $-0.0561173$ & $-0.0495405$ & $-0.0194682$ & $0.00330411$ & $0.00212151$ & $0.0253866$ & $0.295483$ & $1$ & $0.0105356$ & $0.336809$ & $0.0173003$ & $0.0131349$ & $-0.0306786$ & $-0.0688571$ & $-0.0174205$ & $-0.0113735$ & $0.00396549$ & $-0.0273358$ & $0.0133582$ & $-0.0245454$ & $-0.0692145$ & $-0.00473799$ & $0.0994508$ & $0.327991$ & $0.0207075$ & $0.0481655$ \\
CuH_33r & $-0.0306636$ & $0.00280624$ & $-0.00828309$ & $0.00262748$ & $-0.0063$ & $-0.00763048$ & $0.937324$ & $-0.0936009$ & $-0.0486167$ & $0.0793485$ & $0.0568804$ & $0.237875$ & $-0.245125$ & $0.0334955$ & $-0.0131814$ & $-0.0127608$ & $0.0844021$ & $0.0805307$ & $0.0782134$ & $-0.0547713$ & $-0.0593986$ & $-0.0619888$ & $0.00720834$ & $0.0975934$ & $0.0895535$ & $0.0222295$ & $-0.034895$ & $-0.0354743$ & $-0.0185462$ & $0.0295531$ & $0.0105356$ & $1$ & $0.00706764$ & $-0.0603652$ & $0.0332563$ & $0.0300796$ & $0.0229352$ & $-0.00174305$ & $-0.00111827$ & $-0.0192964$ & $-0.00664908$ & $-0.00132978$ & $0.00713437$ & $-0.0146929$ & $0.0325124$ & $-0.0112186$ & $-0.0308153$ & $0.00205227$ & $-0.0190912$ \\
CdH_33r & $-0.00520448$ & $-0.0718601$ & $0.00118819$ & $-0.00618246$ & $-0.00242023$ & $-0.00267596$ & $-0.168994$ & $0.119274$ & $0.141409$ & $-0.136394$ & $-0.0669577$ & $-0.159217$ & $0.328429$ & $-0.0642888$ & $0.0440706$ & $0.0548889$ & $-0.113485$ & $-0.1271$ & $-0.134533$ & $0.067824$ & $0.0662232$ & $0.0639051$ & $0.0205911$ & $-0.115735$ & $-0.11621$ & $-0.0482421$ & $0.03484$ & $0.0287026$ & $0.0365266$ & $0.62514$ & $0.336809$ & $0.00706764$ & $1$ & $0.0535172$ & $0.00886777$ & $-0.0484952$ & $-0.254028$ & $-0.0197834$ & $-0.00365001$ & $0.00518521$ & $-0.0149209$ & $0.00474859$ & $0.0281044$ & $-0.0577831$ & $-0.00526529$ & $0.0941343$ & $0.0294456$ & $0.105251$ & $0.507665$ \\
CLL_1221 & $-0.00942608$ & $0.019648$ & $-0.00636352$ & $0.00408764$ & $-0.00991374$ & $-0.117862$ & $-0.0571186$ & $0.577753$ & $0.567693$ & $-0.35148$ & $-0.390861$ & $-0.307695$ & $0.23694$ & $-0.198554$ & $-0.579948$ & $-0.0815179$ & $-0.252523$ & $0.0277233$ & $-0.349248$ & $0.315072$ & $0.473735$ & $0.471658$ & $0.207604$ & $-0.637795$ & $-0.202168$ & $-0.274692$ & $0.680056$ & $0.167761$ & $0.0122555$ & $0.0525231$ & $0.0173003$ & $-0.0603652$ & $0.0535172$ & $1$ & $-0.0117554$ & $-0.00669792$ & $0.0279094$ & $0.00773872$ & $0.00571307$ & $0.00510888$ & $0.0140075$ & $-0.0252003$ & $0.0132944$ & $0.00788373$ & $-0.00172355$ & $0.00817459$ & $-0.00978938$ & $0.0075236$ & $0.00645152$ \\
eHggint & $0.0666915$ & $-0.1699$ & $-0.0524719$ & $-0.117341$ & $0.0130803$ & $-0.0346843$ & $-0.0498737$ & $-0.0104471$ & $-0.0329404$ & $0.0787706$ & $0.008926$ & $0.0600804$ & $0.00709112$ & $-0.0032919$ & $-0.00581755$ & $-0.000686129$ & $0.0104809$ & $0.0138063$ & $0.00665085$ & $-0.0123856$ & $-0.0156108$ & $-0.0181926$ & $-0.00424055$ & $0.00587112$ & $0.00044034$ & $0.0093898$ & $-0.0150181$ & $-0.00492737$ & $-0.0281922$ & $-0.0246343$ & $0.0131349$ & $0.0332563$ & $0.00886777$ & $-0.0117554$ & $1$ & $-0.132078$ & $-0.0258074$ & $0.0217094$ & $-0.0646239$ & $-0.0121956$ & $-0.0630027$ & $-0.00360278$ & $-0.0825999$ & $-0.0572213$ & $0.0648507$ & $-0.107256$ & $0.0534809$ & $0.0241119$ & $0.0655205$ \\
eHggpar & $-0.0650164$ & $0.0982332$ & $-0.105687$ & $0.00330919$ & $0.0104437$ & $0.00229634$ & $-0.00253532$ & $-0.0219611$ & $-0.0298005$ & $0.0398418$ & $0.0278678$ & $0.0443566$ & $-0.00540785$ & $-0.0272422$ & $-0.00148398$ & $-0.0079028$ & $-0.00759484$ & $-0.0134236$ & $-0.00688172$ & $-0.025092$ & $-0.0248618$ & $-0.0249288$ & $0.0121387$ & $0.00657904$ & $0.00658107$ & $0.0199508$ & $0.00857252$ & $-0.0254681$ & $-0.0322668$ & $-0.0526292$ & $-0.0306786$ & $0.0300796$ & $-0.0484952$ & $-0.00669792$ & $-0.132078$ & $1$ & $0.0930979$ & $0.0106288$ & $-0.00566725$ & $0.0220639$ & $0.00947997$ & $0.005143$ & $0.0222755$ & $0.124837$ & $-0.099961$ & $0.013947$ & $0.0235563$ & $-0.0244925$ & $-0.000568916$ \\
eHWWint & $-0.0036388$ & $0.111271$ & $-0.0613937$ & $-0.0444773$ & $-0.00102557$ & $-0.0247939$ & $0.057009$ & $0.00709553$ & $-0.00206604$ & $-0.024392$ & $-0.00233823$ & $0.0246705$ & $-0.0329457$ & $-0.0189634$ & $-0.0124433$ & $-0.00482131$ & $-0.00550134$ & $-0.00599521$ & $-0.00867958$ & $0.00224048$ & $0.00610394$ & $0.0111202$ & $-0.000559952$ & $-0.0155999$ & $-0.00526872$ & $0.00787838$ & $0.0231285$ & $-0.0119444$ & $-0.034872$ & $-0.207602$ & $-0.0688571$ & $0.0229352$ & $-0.254028$ & $0.0279094$ & $-0.0258074$ & $0.0930979$ & $1$ & $-0.0270129$ & $0.0728012$ & $0.0258245$ & $0.108746$ & $-0.0203977$ & $-0.0133897$ & $0.0486564$ & $-0.071107$ & $-0.0566973$ & $0.0379545$ & $0.0811466$ & $-0.12672$ \\
eHWWpar & $0.00784864$ & $0.0036654$ & $-0.00927638$ & $0.0102165$ & $-0.0124882$ & $0.00112656$ & $0.000785456$ & $0.0129592$ & $0.0105394$ & $0.0131342$ & $-0.0150793$ & $-0.010916$ & $0.0182877$ & $-0.00061993$ & $0.00837106$ & $0.0242175$ & $0.00789321$ & $-0.00388283$ & $-0.014024$ & $0.0134201$ & $0.0128506$ & $0.00986856$ & $0.00684281$ & $-0.00829578$ & $-0.0142413$ & $-0.0245486$ & $-0.0151673$ & $0.0173757$ & $0.000759028$ & $-0.0241036$ & $-0.0174205$ & $-0.00174305$ & $-0.0197834$ & $0.00773872$ & $0.0217094$ & $0.0106288$ & $-0.0270129$ & $1$ & $0.0110384$ & $0.0125122$ & $-0.00978385$ & $-0.00192985$ & $-0.000154804$ & $0.00642588$ & $-0.014269$ & $0.00922172$ & $-0.0297439$ & $0.00702854$ & $0.000573837$ \\
eHZZint & $-0.00699756$ & $0.101001$ & $0.0189474$ & $-0.00100476$ & $0.0125174$ & $0.0111743$ & $0.00265184$ & $-0.00307126$ & $0.000380119$ & $-0.0149368$ & $-0.0101639$ & $0.00188078$ & $-0.0278208$ & $0.0227632$ & $-0.000937775$ & $0.00612972$ & $0.0245852$ & $0.0219996$ & $0.0167753$ & $0.0113167$ & $0.0127875$ & $0.0112846$ & $-0.010458$ & $0.0205591$ & $0.0308491$ & $0.013375$ & $0.0207713$ & $0.00226921$ & $-0.0132666$ & $-0.0593976$ & $-0.0113735$ & $-0.00111827$ & $-0.00365001$ & $0.00571307$ & $-0.0646239$ & $-0.00566725$ & $0.0728012$ & $0.0110384$ & $1$ & $-0.0103187$ & $0.0455223$ & $0.0180324$ & $0.112464$ & $-0.0384573$ & $-0.169163$ & $0.0886138$ & $0.031879$ & $0.0211757$ & $0.0713078$ \\
eHZZpar & $0.000268436$ & $0.0302999$ & $0.00402646$ & $0.00618612$ & $-0.00251704$ & $-0.00230396$ & $-0.0201261$ & $0.0092337$ & $0.00343952$ & $-0.0102714$ & $-0.00197807$ & $-0.0195803$ & $0.0253035$ & $-0.0164622$ & $0.0094223$ & $-0.00542015$ & $-0.0103512$ & $-0.0207718$ & $-0.0107899$ & $0.00273552$ & $0.00303396$ & $0.00680518$ & $-0.00625214$ & $-0.0223182$ & $-0.0121168$ & $-0.00166186$ & $0.00267967$ & $-0.00683092$ & $0.000590476$ & $-0.00749422$ & $0.00396549$ & $-0.0192964$ & $0.00518521$ & $0.00510888$ & $-0.0121956$ & $0.0220639$ & $0.0258245$ & $0.0125122$ & $-0.0103187$ & $1$ & $-0.0168073$ & $0.00802832$ & $-0.0261691$ & $-0.00522309$ & $-0.0503851$ & $0.0171304$ & $-0.000430561$ & $0.0184944$ & $0.00210717$ \\
eHZgaint & $-0.0227915$ & $-0.0761215$ & $0.00178626$ & $0.0248745$ & $-0.000422573$ & $0.0023142$ & $0.00190023$ & $0.0208266$ & $0.0184255$ & $-0.0567525$ & $-0.00679228$ & $-0.0213134$ & $-0.00324162$ & $-0.0146837$ & $-0.00603498$ & $-0.0112796$ & $-0.0277109$ & $-0.0217832$ & $-0.0165904$ & $0.003135$ & $0.00657522$ & $0.00781542$ & $-0.00616511$ & $-0.022366$ & $-0.0255331$ & $-0.000241688$ & $0.00702353$ & $0.000111526$ & $-0.0229212$ & $-0.012092$ & $-0.0273358$ & $-0.00664908$ & $-0.0149209$ & $0.0140075$ & $-0.0630027$ & $0.00947997$ & $0.108746$ & $-0.00978385$ & $0.0455223$ & $-0.0168073$ & $1$ & $0.0056037$ & $-0.00349466$ & $0.0472234$ & $0.0856019$ & $-0.0371732$ & $-0.0681571$ & $-0.0157073$ & $-0.00481121$ \\
eHZgapar & $0.0199915$ & $-0.0416995$ & $0.00725337$ & $0.0383905$ & $-0.0319911$ & $-0.00290356$ & $0.00201287$ & $-0.0139154$ & $-0.0128567$ & $0.00278564$ & $0.00918248$ & $0.0205119$ & $-0.0253272$ & $0.00212271$ & $0.0139327$ & $0.0122777$ & $0.00852765$ & $0.000945628$ & $0.00395903$ & $-0.00829468$ & $-0.0142159$ & $-0.00735008$ & $0.0137639$ & $0.0211787$ & $0.00274737$ & $0.00750941$ & $-0.0139465$ & $-0.000538433$ & $-0.00705389$ & $-0.00571004$ & $0.0133582$ & $-0.00132978$ & $0.00474859$ & $-0.0252003$ & $-0.00360278$ & $0.005143$ & $-0.0203977$ & $-0.00192985$ & $0.0180324$ & $0.00802832$ & $0.0056037$ & $1$ & $0.0175505$ & $-0.0255171$ & $-0.00582594$ & $-0.00921635$ & $0.0163419$ & $-0.0245462$ & $0.0350029$ \\
eHgagaint & $-0.0485249$ & $0.0466671$ & $0.00756682$ & $0.0708695$ & $0.0333763$ & $0.00500951$ & $0.0091971$ & $0.00537907$ & $0.080404$ & $-0.0361802$ & $-0.00377416$ & $-0.00247789$ & $-0.0203192$ & $-0.0093606$ & $-0.00773657$ & $0.0033581$ & $-0.00234584$ & $9.01245e-05$ & $-0.00788461$ & $0.00700327$ & $0.00657795$ & $0.00645743$ & $-0.00410592$ & $-0.00845768$ & $0.00986518$ & $0.00806167$ & $0.0164714$ & $-0.00216833$ & $-0.0167457$ & $0.0210939$ & $-0.0245454$ & $0.00713437$ & $0.0281044$ & $0.0132944$ & $-0.0825999$ & $0.0222755$ & $-0.0133897$ & $-0.000154804$ & $0.112464$ & $-0.0261691$ & $-0.00349466$ & $0.0175505$ & $1$ & $-0.0554343$ & $-0.0400883$ & $0.0844115$ & $-0.0686702$ & $0.0268604$ & $0.0204332$ \\
eHmumuint & $-0.0632336$ & $-0.0395797$ & $-0.119348$ & $0.0162341$ & $0.00611602$ & $-0.00419092$ & $-0.0105536$ & $-0.0095334$ & $-0.0165827$ & $-0.0134715$ & $0.0195641$ & $-0.00279977$ & $-0.000224303$ & $-0.0328828$ & $-0.0173903$ & $-0.00176916$ & $-0.0125384$ & $-0.00585241$ & $-0.0191308$ & $-0.0219375$ & $-0.0205426$ & $-0.0228873$ & $-0.00210423$ & $-0.00231034$ & $-0.00476022$ & $0.0136098$ & $-0.00173462$ & $0.0242176$ & $0.00271129$ & $-0.0153434$ & $-0.0692145$ & $-0.0146929$ & $-0.0577831$ & $0.00788373$ & $-0.0572213$ & $0.124837$ & $0.0486564$ & $0.00642588$ & $-0.0384573$ & $-0.00522309$ & $0.0472234$ & $-0.0255171$ & $-0.0554343$ & $1$ & $0.04168$ & $0.00536825$ & $-0.14222$ & $-0.0048883$ & $-0.0826472$ \\
eHtautauint & $0.0221906$ & $-0.077553$ & $-0.0220342$ & $0.00519799$ & $-0.0133472$ & $0.0211796$ & $0.0213007$ & $0.0190259$ & $0.0167959$ & $-0.0129184$ & $-0.0178888$ & $-0.0103046$ & $0.00138211$ & $0.0143041$ & $0.00771162$ & $-0.00418912$ & $-0.00995398$ & $-0.00652292$ & $0.00470099$ & $0.0160125$ & $0.0164577$ & $0.0153868$ & $0.030337$ & $-0.00486581$ & $-0.0063668$ & $-0.0358619$ & $0.00827727$ & $0.0175375$ & $-0.00320746$ & $0.101169$ & $-0.00473799$ & $0.0325124$ & $-0.00526529$ & $-0.00172355$ & $0.0648507$ & $-0.099961$ & $-0.071107$ & $-0.014269$ & $-0.169163$ & $-0.0503851$ & $0.0856019$ & $-0.00582594$ & $-0.0400883$ & $0.04168$ & $1$ & $-0.0684526$ & $-0.0348007$ & $-0.000775$ & $-0.051631$ \\
eHccint & $-0.0450722$ & $0.0299432$ & $-0.0398266$ & $0.0483135$ & $0.0238813$ & $0.0185217$ & $-0.0116113$ & $-0.0112368$ & $-0.00165781$ & $0.0146845$ & $0.0114295$ & $-0.00487506$ & $0.0110502$ & $-0.00610726$ & $-0.0181326$ & $-0.00308841$ & $0.00353445$ & $0.0105909$ & $-0.000212457$ & $-0.0115631$ & $-0.00870313$ & $-0.0115404$ & $-0.00227594$ & $0.0107586$ & $-0.00138607$ & $0.0157301$ & $-0.00447618$ & $-0.0270202$ & $-0.022812$ & $0.0250127$ & $0.0994508$ & $-0.0112186$ & $0.0941343$ & $0.00817459$ & $-0.107256$ & $0.013947$ & $-0.0566973$ & $0.00922172$ & $0.0886138$ & $0.0171304$ & $-0.0371732$ & $-0.00921635$ & $0.0844115$ & $0.00536825$ & $-0.0684526$ & $1$ & $0.0380227$ & $0.0316385$ & $0.111698$ \\
eHccpar & $0.0580368$ & $-0.0762402$ & $0.0113522$ & $0.0775618$ & $0.00915462$ & $0.0136234$ & $-0.0293578$ & $0.00842751$ & $-0.00548368$ & $0.0189783$ & $-0.00181865$ & $0.0100906$ & $0.00115565$ & $-0.00706269$ & $0.0119759$ & $0.0293966$ & $-0.0157525$ & $-0.0170812$ & $-0.0268855$ & $0.00279025$ & $-0.00138564$ & $0.000133559$ & $-0.0107451$ & $-0.0162036$ & $-0.0276762$ & $0.00901055$ & $-0.0205885$ & $-0.0215345$ & $0.00582373$ & $-0.0298911$ & $0.327991$ & $-0.0308153$ & $0.0294456$ & $-0.00978938$ & $0.0534809$ & $0.0235563$ & $0.0379545$ & $-0.0297439$ & $0.031879$ & $-0.000430561$ & $-0.0681571$ & $0.0163419$ & $-0.0686702$ & $-0.14222$ & $-0.0348007$ & $0.0380227$ & $1$ & $0.0350208$ & $0.10715$ \\
eHbbint & $-0.00209862$ & $0.0651941$ & $0.0296623$ & $0.0203602$ & $-0.0250052$ & $0.00480558$ & $-0.00644323$ & $0.018541$ & $0.0168078$ & $-0.0201676$ & $-0.0105472$ & $-0.00824406$ & $0.015368$ & $-0.0126912$ & $0.0116989$ & $0.00659954$ & $-0.0230745$ & $-0.0277332$ & $-0.024007$ & $0.0113307$ & $0.0117624$ & $0.00829896$ & $-0.0110161$ & $-0.0158887$ & $-0.0263261$ & $0.00664356$ & $0.00490289$ & $0.00830174$ & $-0.0137079$ & $-0.00704697$ & $0.0207075$ & $0.00205227$ & $0.105251$ & $0.0075236$ & $0.0241119$ & $-0.0244925$ & $0.0811466$ & $0.00702854$ & $0.0211757$ & $0.0184944$ & $-0.0157073$ & $-0.0245462$ & $0.0268604$ & $-0.0048883$ & $-0.000775$ & $0.0316385$ & $0.0350208$ & $1$ & $-0.0851742$ \\
eHbbpar & $0.0129266$ & $-0.116925$ & $-0.0638851$ & $0.0426599$ & $0.0208086$ & $-0.0124859$ & $-0.0336893$ & $0.00283921$ & $0.000320316$ & $-0.00662761$ & $0.00725711$ & $0.00567702$ & $-0.0141944$ & $-0.018041$ & $-0.0151178$ & $0.0223143$ & $-0.0188997$ & $-0.00386193$ & $-0.030482$ & $-0.00877697$ & $-0.0109909$ & $-0.0116437$ & $0.00620791$ & $-0.00582977$ & $-0.0131264$ & $-0.00294776$ & $-0.00179778$ & $0.00156398$ & $-0.0232532$ & $-0.0182216$ & $0.0481655$ & $-0.0190912$ & $0.507665$ & $0.00645152$ & $0.0655205$ & $-0.000568916$ & $-0.12672$ & $0.000573837$ & $0.0713078$ & $0.00210717$ & $-0.00481121$ & $0.0350029$ & $0.0204332$ & $-0.0826472$ & $-0.051631$ & $0.111698$ & $0.10715$ & $-0.0851742$ & $1$ \\
