 & AlsMz & dAle5Mz & mtop & mHl & Mz & CW & CHG & CHWB & CHWHB_gaga & CHWHB_gagaorth & CHD & CHbox & CH & CHL1_11 & CHL1_22 & CHL1_33 & CHL3_11 & CHL3_22 & CHL3_33 & CHe_11 & CHe_22 & CHe_33 & CHQ1_11 & CHQ1_33 & CHQ3_11 & CHu_11 & CHd_11 & CHd_33 & CeH_22r & CeH_33r & CuH_22r & CuH_33r & CdH_33r & CLL_1221 & eHggint & eHggpar & eHWWint & eHWWpar & eHZZint & eHZZpar & eHZgaint & eHZgapar & eHgagaint & eHmumuint & eHtautauint & eHccint & eHccpar & eHbbint & eHbbpar \\
AlsMz & $1$ & $0.276557$ & $-0.0153705$ & $-0.135519$ & $0.0307372$ & $0.0174423$ & $0.00198842$ & $-0.0618418$ & $-0.0613242$ & $0.0601039$ & $0.0462054$ & $0.0442116$ & $-0.0317303$ & $-0.0026312$ & $-0.0280181$ & $-0.0281436$ & $0.0114317$ & $0.0317008$ & $0.0313105$ & $-0.048904$ & $-0.0484026$ & $-0.0415677$ & $-0.0229321$ & $-0.0105721$ & $-0.0549206$ & $0.0109414$ & $-0.0253892$ & $-0.0153369$ & $0.015372$ & $-0.0139616$ & $-0.0551687$ & $0.00883211$ & $0.0093955$ & $-0.0157297$ & $0.037701$ & $0.0937258$ & $-0.0907067$ & $-0.0915449$ & $0.0907116$ & $0.0342811$ & $0.0179245$ & $0.0703801$ & $-0.0106255$ & $0.0998115$ & $-0.0895066$ & $0.18822$ & $-0.231216$ & $0.208815$ & $-0.0359803$ \\
dAle5Mz & $0.276557$ & $1$ & $-0.040153$ & $0.0545869$ & $0.0151889$ & $0.0454891$ & $0.0304682$ & $-0.0870251$ & $-0.0912662$ & $0.0528735$ & $0.0608135$ & $0.0369434$ & $-0.0233026$ & $0.00435206$ & $0.0158128$ & $-0.00268859$ & $0.0294001$ & $0.0156149$ & $0.0326295$ & $-0.043254$ & $-0.049836$ & $-0.0421163$ & $-0.0580822$ & $0.0398476$ & $-0.00887014$ & $0.0422437$ & $-0.0656933$ & $-0.00949415$ & $0.00161211$ & $-0.0308445$ & $-0.0140133$ & $0.0419542$ & $0.123177$ & $-0.0380765$ & $0.129004$ & $-0.0144094$ & $-0.113627$ & $0.0434165$ & $-0.149261$ & $-0.0103397$ & $-0.0880173$ & $0.0395842$ & $-0.0757802$ & $-0.0537186$ & $-0.190055$ & $0.0280517$ & $-0.0537514$ & $0.0107895$ & $0.38468$ \\
mtop & $-0.0153705$ & $-0.040153$ & $1$ & $0.0354467$ & $0.0291386$ & $0.00184335$ & $0.0245646$ & $-0.0255921$ & $-0.01637$ & $0.0274151$ & $0.0261838$ & $0.00651661$ & $-0.0136957$ & $0.0138823$ & $-0.0165362$ & $-0.0505194$ & $0.0065761$ & $0.0177951$ & $0.0469393$ & $-0.0233772$ & $-0.0166255$ & $-0.0188123$ & $0.0022993$ & $0.0330261$ & $0.0195972$ & $0.0221891$ & $0.00745597$ & $0.0235492$ & $-0.00928344$ & $-0.00590316$ & $0.0044838$ & $0.0218296$ & $0.0642243$ & $-0.0150156$ & $0.00248639$ & $-0.0885343$ & $0.0401632$ & $0.0268555$ & $-0.0191365$ & $-0.00851992$ & $-0.139212$ & $-0.0675729$ & $0.139864$ & $0.138301$ & $-0.062614$ & $0.000425518$ & $-0.00518221$ & $-0.0800958$ & $0.259969$ \\
mHl & $-0.135519$ & $0.0545869$ & $0.0354467$ & $1$ & $0.0126417$ & $0.037108$ & $-0.0287815$ & $-0.0424207$ & $-0.0395879$ & $-0.00151894$ & $0.0574332$ & $0.0220648$ & $-0.00735377$ & $-0.0413843$ & $-0.0167025$ & $-0.0196959$ & $-0.0266296$ & $-0.0129902$ & $-0.0153405$ & $-0.0564387$ & $-0.0575731$ & $-0.0552125$ & $0.0318971$ & $0.0132191$ & $0.0114027$ & $0.000121528$ & $0.00274673$ & $-0.0300117$ & $-0.032893$ & $-0.0110298$ & $-0.0429345$ & $-0.0235296$ & $0.0652058$ & $-0.0150699$ & $0.0662669$ & $0.076069$ & $0.140043$ & $0.0401703$ & $-0.0714559$ & $0.0234657$ & $-0.0849658$ & $-0.0521009$ & $-0.010639$ & $-0.278128$ & $0.0856151$ & $-0.00521572$ & $-0.245016$ & $0.0370728$ & $0.194747$ \\
Mz & $0.0307372$ & $0.0151889$ & $0.0291386$ & $0.0126417$ & $1$ & $0.00150204$ & $0.00508478$ & $0.00829319$ & $0.00813671$ & $-0.00207863$ & $-0.00376934$ & $-0.022205$ & $-0.00460481$ & $0.0172671$ & $-0.0126801$ & $-0.00506864$ & $0.00468995$ & $0.0133545$ & $0.00981168$ & $0.00872914$ & $0.0137323$ & $0.0162184$ & $-0.0214721$ & $-0.00688782$ & $-0.00602188$ & $0.0191352$ & $0.00451844$ & $-0.00466775$ & $0.0109899$ & $-0.007638$ & $-0.0134034$ & $0.000445428$ & $-0.000266661$ & $0.0153099$ & $-0.0308146$ & $-0.0145188$ & $-0.00380634$ & $-0.00423597$ & $0.00665466$ & $0.0494578$ & $0.0448386$ & $-0.00212192$ & $-0.0411914$ & $0.0080642$ & $-0.0235973$ & $0.0034502$ & $-0.0122834$ & $0.0532297$ & $0.0153957$ \\
CW & $0.0174423$ & $0.0454891$ & $0.00184335$ & $0.037108$ & $0.00150204$ & $1$ & $-0.0192758$ & $-0.103646$ & $-0.0999085$ & $0.0277938$ & $0.154873$ & $0.0723493$ & $0.0052319$ & $0.0383802$ & $-0.0767145$ & $-0.0546062$ & $-0.23595$ & $-0.0363638$ & $-0.0501331$ & $-0.153647$ & $-0.156989$ & $-0.154416$ & $-0.0205947$ & $0.00351809$ & $-0.0844636$ & $0.101315$ & $-0.0727971$ & $-0.0702719$ & $-0.0279827$ & $-0.00410681$ & $-0.0018862$ & $-0.0122485$ & $0.0108698$ & $-0.0986705$ & $-0.0199715$ & $0.00795323$ & $-0.00758012$ & $0.0186159$ & $0.0159187$ & $0.00542365$ & $-0.00432044$ & $-0.0410796$ & $-0.0129671$ & $0.00896411$ & $-0.00794675$ & $-0.00890576$ & $-0.00755714$ & $0.0227493$ & $-0.00631051$ \\
CHG & $0.00198842$ & $0.0304682$ & $0.0245646$ & $-0.0287815$ & $0.00508478$ & $-0.0192758$ & $1$ & $-0.12256$ & $-0.0708742$ & $0.113392$ & $0.0619931$ & $-0.094665$ & $-0.308283$ & $0.0792762$ & $-0.0196482$ & $-0.0174741$ & $0.11974$ & $0.126903$ & $0.120743$ & $-0.0581427$ & $-0.0652088$ & $-0.069546$ & $-0.0443986$ & $0.143778$ & $0.119183$ & $0.0616537$ & $-0.0617366$ & $-0.0215329$ & $0.0337362$ & $-0.161531$ & $-0.089935$ & $0.934781$ & $-0.211525$ & $-0.0787459$ & $-0.0419132$ & $0.0112999$ & $0.00354706$ & $0.0354737$ & $-0.0190715$ & $0.011245$ & $0.0332773$ & $0.00851037$ & $-0.00325144$ & $0.0281364$ & $-0.0290337$ & $-0.0213109$ & $0.00993089$ & $-0.025676$ & $-0.0277374$ \\
CHWB & $-0.0618418$ & $-0.0870251$ & $-0.0255921$ & $-0.0424207$ & $0.00829319$ & $-0.103646$ & $-0.12256$ & $1$ & $0.985494$ & $-0.596177$ & $-0.878877$ & $-0.15915$ & $0.350977$ & $0.100675$ & $0.2855$ & $0.311735$ & $-0.244094$ & $-0.418653$ & $-0.444814$ & $0.851606$ & $0.895506$ & $0.878435$ & $0.0898094$ & $-0.672832$ & $-0.3974$ & $-0.530827$ & $0.431955$ & $0.303308$ & $0.0253722$ & $0.115287$ & $0.0937199$ & $-0.114859$ & $0.126832$ & $0.565046$ & $-0.0271145$ & $-0.0176797$ & $0.0228664$ & $0.00248151$ & $-0.00299082$ & $-0.0163102$ & $0.0309045$ & $-0.0215569$ & $0.0369724$ & $-0.020764$ & $0.0109595$ & $-0.0230296$ & $0.0516067$ & $0.0034379$ & $-0.0296681$ \\
CHWHB_gaga & $-0.0613242$ & $-0.0912662$ & $-0.01637$ & $-0.0395879$ & $0.00813671$ & $-0.0999085$ & $-0.0708742$ & $0.985494$ & $1$ & $-0.58431$ & $-0.862955$ & $-0.136392$ & $0.350331$ & $0.0931185$ & $0.27949$ & $0.302676$ & $-0.246418$ & $-0.417197$ & $-0.441167$ & $0.835678$ & $0.879618$ & $0.862504$ & $0.0891821$ & $-0.667671$ & $-0.395162$ & $-0.519648$ & $0.42844$ & $0.298684$ & $0.0289239$ & $0.134495$ & $0.105221$ & $-0.0735019$ & $0.146517$ & $0.557987$ & $-0.0397309$ & $-0.0181547$ & $0.0222447$ & $0.00319913$ & $-0.0112072$ & $-0.0188887$ & $0.0317279$ & $-0.0245017$ & $0.0868823$ & $-0.0331782$ & $0.00564525$ & $-0.0270956$ & $0.0561843$ & $0.00423755$ & $-0.0297286$ \\
CHWHB_gagaorth & $0.0601039$ & $0.0528735$ & $0.0274151$ & $-0.00151894$ & $-0.00207863$ & $0.0277938$ & $0.113392$ & $-0.596177$ & $-0.58431$ & $1$ & $0.389526$ & $0.494959$ & $-0.268845$ & $0.215724$ & $-0.134669$ & $-0.142843$ & $0.407154$ & $0.474363$ & $0.486113$ & $-0.376231$ & $-0.405313$ & $-0.395724$ & $-0.0696375$ & $0.562169$ & $0.467196$ & $0.248867$ & $-0.245734$ & $-0.14507$ & $-0.00519843$ & $-0.140754$ & $-0.125167$ & $0.119588$ & $-0.158824$ & $-0.362749$ & $0.0692613$ & $0.0507222$ & $0.00596776$ & $-0.0130891$ & $0.0370215$ & $0.00387881$ & $-0.0655725$ & $0.0123187$ & $-0.0402607$ & $0.0187339$ & $0.0238268$ & $0.00990396$ & $-0.067961$ & $0.000175418$ & $0.0648003$ \\
CHD & $0.0462054$ & $0.0608135$ & $0.0261838$ & $0.0574332$ & $-0.00376934$ & $0.154873$ & $0.0619931$ & $-0.878877$ & $-0.862955$ & $0.389526$ & $1$ & $0.267081$ & $-0.161273$ & $-0.517482$ & $-0.405548$ & $-0.431242$ & $-0.214653$ & $0.0513614$ & $0.0752749$ & $-0.990662$ & $-0.991646$ & $-0.970601$ & $-0.0177003$ & $0.306008$ & $0.0109058$ & $0.571414$ & $-0.306248$ & $-0.324232$ & $-0.0134654$ & $-0.0639961$ & $-0.0612276$ & $0.0726963$ & $-0.065854$ & $-0.374321$ & $0.0463185$ & $0.021549$ & $-0.00702595$ & $0.00850683$ & $-0.0234017$ & $0.0169011$ & $-0.00283004$ & $0.00317473$ & $-0.0169359$ & $0.0125638$ & $0.00148503$ & $0.01957$ & $-0.0539194$ & $0.0103608$ & $0.0148703$ \\
CHbox & $0.0442116$ & $0.0369434$ & $0.00651661$ & $0.0220648$ & $-0.022205$ & $0.0723493$ & $-0.094665$ & $-0.15915$ & $-0.136392$ & $0.494959$ & $0.267081$ & $1$ & $0.344329$ & $-0.265818$ & $-0.026532$ & $-0.0489073$ & $-0.243084$ & $-0.179492$ & $-0.157939$ & $-0.247266$ & $-0.271385$ & $-0.259635$ & $-0.0208058$ & $-0.0338822$ & $-0.178145$ & $0.15555$ & $-0.117963$ & $-0.0782046$ & $0.0624763$ & $0.272324$ & $0.0435729$ & $-0.00382969$ & $0.337853$ & $-0.122571$ & $0.148366$ & $0.0805008$ & $0.0496984$ & $-0.0114503$ & $-0.014775$ & $-0.0275$ & $-0.0320448$ & $-0.0241184$ & $0.00446838$ & $-0.00604115$ & $0.0628453$ & $-0.000232189$ & $-0.0722866$ & $-0.0238583$ & $0.0684927$ \\
CH & $-0.0317303$ & $-0.0233026$ & $-0.0136957$ & $-0.00735377$ & $-0.00460481$ & $0.0052319$ & $-0.308283$ & $0.350977$ & $0.350331$ & $-0.268845$ & $-0.161273$ & $0.344329$ & $1$ & $-0.257808$ & $0.0679374$ & $0.0703629$ & $-0.383826$ & $-0.396256$ & $-0.400024$ & $0.157467$ & $0.172924$ & $0.172611$ & $0.053697$ & $-0.414501$ & $-0.398099$ & $-0.119306$ & $0.128463$ & $0.074843$ & $0.0671651$ & $0.287127$ & $0.143614$ & $-0.250712$ & $0.36624$ & $0.216625$ & $0.0510615$ & $-0.0100234$ & $0.033674$ & $0.0112967$ & $-0.0585076$ & $-0.0331255$ & $0.0237117$ & $-0.0238999$ & $0.0483365$ & $-0.0118013$ & $0.0149397$ & $-0.0161797$ & $0.00870222$ & $-0.0372273$ & $0.0133273$ \\
CHL1_11 & $-0.0026312$ & $0.00435206$ & $0.0138823$ & $-0.0413843$ & $0.0172671$ & $0.0383802$ & $0.0792762$ & $0.100675$ & $0.0931185$ & $0.215724$ & $-0.517482$ & $-0.265818$ & $-0.257808$ & $1$ & $0.256904$ & $0.271606$ & $0.673085$ & $0.606568$ & $0.597397$ & $0.532968$ & $0.480539$ & $0.465319$ & $-0.0962515$ & $0.473479$ & $0.611015$ & $-0.253007$ & $-0.0778859$ & $0.140737$ & $-0.0280798$ & $-0.0554745$ & $-0.0198662$ & $0.0454859$ & $-0.0741237$ & $-0.191522$ & $-0.0566054$ & $-0.020916$ & $-0.0208763$ & $-0.0153464$ & $0.0634914$ & $-0.00607164$ & $-0.0430445$ & $0.0153023$ & $-0.0315807$ & $0.0173207$ & $-0.0259368$ & $-0.00265204$ & $0.0322721$ & $-0.0240898$ & $0.0125522$ \\
CHL1_22 & $-0.0280181$ & $0.0158128$ & $-0.0165362$ & $-0.0167025$ & $-0.0126801$ & $-0.0767145$ & $-0.0196482$ & $0.2855$ & $0.27949$ & $-0.134669$ & $-0.405548$ & $-0.026532$ & $0.0679374$ & $0.256904$ & $1$ & $0.423865$ & $0.163012$ & $-0.455042$ & $-0.0203882$ & $0.470736$ & $0.324131$ & $0.313174$ & $-0.16186$ & $0.111731$ & $-0.114952$ & $-0.196671$ & $-0.377588$ & $0.064193$ & $-0.00887947$ & $0.0327027$ & $0.0370078$ & $-0.0210425$ & $0.0397215$ & $-0.601633$ & $-0.0228705$ & $-0.0394073$ & $-0.00454946$ & $-0.0117707$ & $-0.000126113$ & $-0.0172124$ & $0.00133462$ & $-0.0178567$ & $-0.00379262$ & $-0.00714036$ & $-0.0122263$ & $-0.0238357$ & $0.0299248$ & $-0.0485039$ & $0.0273388$ \\
CHL1_33 & $-0.0281436$ & $-0.00268859$ & $-0.0505194$ & $-0.0196959$ & $-0.00506864$ & $-0.0546062$ & $-0.0174741$ & $0.311735$ & $0.302676$ & $-0.142843$ & $-0.431242$ & $-0.0489073$ & $0.0703629$ & $0.271606$ & $0.423865$ & $1$ & $0.156085$ & $-0.0164845$ & $-0.431711$ & $0.49374$ & $0.353659$ & $0.369271$ & $-0.168925$ & $0.0826326$ & $-0.104584$ & $-0.205559$ & $-0.346347$ & $0.113601$ & $-0.00676195$ & $0.0234126$ & $0.0250686$ & $-0.0164177$ & $0.0178928$ & $-0.0704906$ & $-0.025745$ & $0.00952367$ & $0.00723493$ & $-0.00355375$ & $0.0378903$ & $-0.0309902$ & $0.00948709$ & $-0.0175474$ & $-0.0280646$ & $-0.0164319$ & $-0.0170183$ & $-0.0318584$ & $0.028476$ & $-0.036381$ & $-0.0164847$ \\
CHL3_11 & $0.0114317$ & $0.0294001$ & $0.0065761$ & $-0.0266296$ & $0.00468995$ & $-0.23595$ & $0.11974$ & $-0.244094$ & $-0.246418$ & $0.407154$ & $-0.214653$ & $-0.243084$ & $-0.383826$ & $0.673085$ & $0.163012$ & $0.156085$ & $1$ & $0.73639$ & $0.744627$ & $0.235374$ & $0.183481$ & $0.17619$ & $-0.110308$ & $0.68747$ & $0.789265$ & $-0.0744273$ & $-0.154141$ & $0.0453096$ & $-0.0141731$ & $-0.11024$ & $-0.0746224$ & $0.0807601$ & $-0.13147$ & $-0.251819$ & $-0.0350403$ & $-0.00129642$ & $-0.034059$ & $-0.0220404$ & $0.0429439$ & $0.00401804$ & $-0.0597689$ & $0.0463294$ & $-0.0315337$ & $0.00985769$ & $-0.017988$ & $0.0091732$ & $0.00567105$ & $-0.0197478$ & $0.0281341$ \\
CHL3_22 & $0.0317008$ & $0.0156149$ & $0.0177951$ & $-0.0129902$ & $0.0133545$ & $-0.0363638$ & $0.126903$ & $-0.418653$ & $-0.417197$ & $0.474363$ & $0.0513614$ & $-0.179492$ & $-0.396256$ & $0.606568$ & $-0.455042$ & $-0.0164845$ & $0.73639$ & $1$ & $0.669625$ & $-0.0566056$ & $-0.0447249$ & $-0.0428315$ & $-0.0319316$ & $0.614361$ & $0.790192$ & $0.0599458$ & $0.00204442$ & $-0.00453295$ & $-0.0166926$ & $-0.115424$ & $-0.0853751$ & $0.0941148$ & $-0.142238$ & $0.0568894$ & $-0.0239484$ & $0.0202261$ & $-0.0221932$ & $-0.0121179$ & $0.0542087$ & $0.0104094$ & $-0.0522561$ & $0.040384$ & $-0.0345613$ & $0.0212228$ & $-0.0128141$ & $0.0182627$ & $-0.0139313$ & $0.00561255$ & $0.00099253$ \\
CHL3_33 & $0.0313105$ & $0.0326295$ & $0.0469393$ & $-0.0153405$ & $0.00981168$ & $-0.0501331$ & $0.120743$ & $-0.444814$ & $-0.441167$ & $0.486113$ & $0.0752749$ & $-0.157939$ & $-0.400024$ & $0.597397$ & $-0.0203882$ & $-0.431711$ & $0.744627$ & $0.669625$ & $1$ & $-0.0781667$ & $-0.0704324$ & $-0.0682903$ & $-0.0247694$ & $0.642267$ & $0.792466$ & $0.0693935$ & $-0.016671$ & $-0.0475876$ & $-0.0180265$ & $-0.112363$ & $-0.0717101$ & $0.086777$ & $-0.125146$ & $-0.352566$ & $-0.0131753$ & $-0.0142145$ & $-0.0269041$ & $-0.0234606$ & $0.0264835$ & $0.0168386$ & $-0.0562746$ & $0.0460147$ & $-0.0191827$ & $0.027318$ & $-0.0124$ & $0.024164$ & $-0.00560322$ & $-0.00495187$ & $0.0376671$ \\
CHe_11 & $-0.048904$ & $-0.043254$ & $-0.0233772$ & $-0.0564387$ & $0.00872914$ & $-0.153647$ & $-0.0581427$ & $0.851606$ & $0.835678$ & $-0.376231$ & $-0.990662$ & $-0.247266$ & $0.157467$ & $0.532968$ & $0.470736$ & $0.49374$ & $0.235374$ & $-0.0566056$ & $-0.0781667$ & $1$ & $0.973604$ & $0.953178$ & $-0.0107289$ & $-0.255111$ & $-0.00462733$ & $-0.558658$ & $0.233734$ & $0.314023$ & $0.0144358$ & $0.0632862$ & $0.0587746$ & $-0.0678463$ & $0.0671667$ & $0.29675$ & $-0.0431637$ & $-0.0227131$ & $0.00928883$ & $-0.00791437$ & $0.0217548$ & $-0.0188776$ & $0.00180477$ & $-0.0039092$ & $0.014506$ & $-0.0122326$ & $-0.00227673$ & $-0.0241186$ & $0.0511409$ & $-0.0194455$ & $-0.00554237$ \\
CHe_22 & $-0.0484026$ & $-0.049836$ & $-0.0166255$ & $-0.0575731$ & $0.0137323$ & $-0.156989$ & $-0.0652088$ & $0.895506$ & $0.879618$ & $-0.405313$ & $-0.991646$ & $-0.271385$ & $0.172924$ & $0.480539$ & $0.324131$ & $0.353659$ & $0.183481$ & $-0.0447249$ & $-0.0704324$ & $0.973604$ & $1$ & $0.97546$ & $0.0455125$ & $-0.358368$ & $-0.0180626$ & $-0.574103$ & $0.382883$ & $0.329713$ & $0.0176002$ & $0.0665928$ & $0.0620073$ & $-0.0752449$ & $0.0717765$ & $0.457049$ & $-0.041834$ & $-0.0215378$ & $0.00666488$ & $-0.00534332$ & $0.0166519$ & $-0.0147865$ & $-0.00065954$ & $-0.000968854$ & $0.0192879$ & $-0.0116122$ & $-0.00194145$ & $-0.0179537$ & $0.0537405$ & $-0.00745512$ & $-0.00793979$ \\
CHe_33 & $-0.0415677$ & $-0.0421163$ & $-0.0188123$ & $-0.0552125$ & $0.0162184$ & $-0.154416$ & $-0.069546$ & $0.878435$ & $0.862504$ & $-0.395724$ & $-0.970601$ & $-0.259635$ & $0.172611$ & $0.465319$ & $0.313174$ & $0.369271$ & $0.17619$ & $-0.0428315$ & $-0.0682903$ & $0.953178$ & $0.97546$ & $1$ & $0.0466951$ & $-0.352602$ & $-0.0175123$ & $-0.562896$ & $0.380914$ & $0.316986$ & $0.0176274$ & $0.0663217$ & $0.0666147$ & $-0.0771378$ & $0.0752603$ & $0.455132$ & $-0.0336024$ & $-0.0208519$ & $0.0103092$ & $-0.0126545$ & $0.0245573$ & $-0.015594$ & $0.0113666$ & $-0.000319629$ & $0.011982$ & $-0.0114953$ & $-0.00506313$ & $-0.015293$ & $0.063172$ & $0.00449076$ & $-0.00865072$ \\
CHQ1_11 & $-0.0229321$ & $-0.0580822$ & $0.0022993$ & $0.0318971$ & $-0.0214721$ & $-0.0205947$ & $-0.0443986$ & $0.0898094$ & $0.0891821$ & $-0.0696375$ & $-0.0177003$ & $-0.0208058$ & $0.053697$ & $-0.0962515$ & $-0.16186$ & $-0.168925$ & $-0.110308$ & $-0.0319316$ & $-0.0247694$ & $-0.0107289$ & $0.0455125$ & $0.0466951$ & $1$ & $-0.164046$ & $0.0498733$ & $-0.667764$ & $0.366582$ & $0.031977$ & $0.0160846$ & $0.00999559$ & $0.0160076$ & $-0.042222$ & $0.0106873$ & $0.205216$ & $0.013392$ & $0.00737162$ & $0.0259676$ & $0.0223799$ & $0.00870325$ & $-0.0206769$ & $-0.00529091$ & $0.00490831$ & $0.0460128$ & $0.0150628$ & $0.0505213$ & $0.0435716$ & $0.00709287$ & $0.0388369$ & $0.000812447$ \\
CHQ1_33 & $-0.0105721$ & $0.0398476$ & $0.0330261$ & $0.0132191$ & $-0.00688782$ & $0.00351809$ & $0.143778$ & $-0.672832$ & $-0.667671$ & $0.562169$ & $0.306008$ & $-0.0338822$ & $-0.414501$ & $0.473479$ & $0.111731$ & $0.0826326$ & $0.68747$ & $0.614361$ & $0.642267$ & $-0.255111$ & $-0.358368$ & $-0.352602$ & $-0.164046$ & $1$ & $0.652945$ & $0.232242$ & $-0.416949$ & $-0.0367648$ & $-0.0324093$ & $-0.125555$ & $-0.0885612$ & $0.116591$ & $-0.146222$ & $-0.627133$ & $-0.0246233$ & $0.00574019$ & $-0.024715$ & $-0.0194253$ & $0.0334992$ & $0.00636807$ & $-0.0562174$ & $0.0140773$ & $-0.0600394$ & $0.023139$ & $-0.0266991$ & $-0.0103148$ & $-0.0110524$ & $-0.0437283$ & $0.0294434$ \\
CHQ3_11 & $-0.0549206$ & $-0.00887014$ & $0.0195972$ & $0.0114027$ & $-0.00602188$ & $-0.0844636$ & $0.119183$ & $-0.3974$ & $-0.395162$ & $0.467196$ & $0.0109058$ & $-0.178145$ & $-0.398099$ & $0.611015$ & $-0.114952$ & $-0.104584$ & $0.789265$ & $0.790192$ & $0.792466$ & $-0.00462733$ & $-0.0180626$ & $-0.0175123$ & $0.0498733$ & $0.652945$ & $1$ & $0.0436019$ & $0.201298$ & $-0.034699$ & $-0.0067169$ & $-0.13356$ & $-0.0756424$ & $0.079672$ & $-0.149021$ & $-0.206658$ & $-0.021199$ & $0.00613799$ & $-0.0177616$ & $-0.0225089$ & $0.0405507$ & $0.00181264$ & $-0.0417153$ & $0.0291486$ & $-0.0327273$ & $0.0105113$ & $-0.00543644$ & $0.00706985$ & $0.0193063$ & $-0.0176643$ & $0.0185803$ \\
CHu_11 & $0.0109414$ & $0.0422437$ & $0.0221891$ & $0.000121528$ & $0.0191352$ & $0.101315$ & $0.0616537$ & $-0.530827$ & $-0.519648$ & $0.248867$ & $0.571414$ & $0.15555$ & $-0.119306$ & $-0.253007$ & $-0.196671$ & $-0.205559$ & $-0.0744273$ & $0.0599458$ & $0.0693935$ & $-0.558658$ & $-0.574103$ & $-0.562896$ & $-0.667764$ & $0.232242$ & $0.0436019$ & $1$ & $-0.193225$ & $-0.192627$ & $-0.0122512$ & $-0.0413935$ & $-0.0509708$ & $0.0619737$ & $-0.0539251$ & $-0.266871$ & $0.0356258$ & $0.00595854$ & $-0.0377771$ & $-0.0117063$ & $-0.0214872$ & $0.0203953$ & $0.0126903$ & $-0.0135952$ & $-0.0320342$ & $0.0096274$ & $-0.0297624$ & $-0.0283009$ & $-0.0271273$ & $-0.0128992$ & $-0.0118305$ \\
CHd_11 & $-0.0253892$ & $-0.0656933$ & $0.00745597$ & $0.00274673$ & $0.00451844$ & $-0.0727971$ & $-0.0617366$ & $0.431955$ & $0.42844$ & $-0.245734$ & $-0.306248$ & $-0.117963$ & $0.128463$ & $-0.0778859$ & $-0.377588$ & $-0.346347$ & $-0.154141$ & $0.00204442$ & $-0.016671$ & $0.233734$ & $0.382883$ & $0.380914$ & $0.366582$ & $-0.416949$ & $0.201298$ & $-0.193225$ & $1$ & $0.118525$ & $0.0393121$ & $0.0125706$ & $0.025332$ & $-0.0681608$ & $0.0283504$ & $0.670363$ & $0.0103562$ & $0.0187536$ & $0.00801375$ & $-0.012681$ & $-0.00708327$ & $-0.00105678$ & $0.024182$ & $-0.00542157$ & $0.0270288$ & $-0.00319094$ & $0.0116118$ & $0.00961103$ & $0.0239104$ & $0.0427237$ & $-0.0240253$ \\
CHd_33 & $-0.0153369$ & $-0.00949415$ & $0.0235492$ & $-0.0300117$ & $-0.00466775$ & $-0.0702719$ & $-0.0215329$ & $0.303308$ & $0.298684$ & $-0.14507$ & $-0.324232$ & $-0.0782046$ & $0.074843$ & $0.140737$ & $0.064193$ & $0.113601$ & $0.0453096$ & $-0.00453295$ & $-0.0475876$ & $0.314023$ & $0.329713$ & $0.316986$ & $0.031977$ & $-0.0367648$ & $-0.034699$ & $-0.192627$ & $0.118525$ & $1$ & $0.00755192$ & $0.0301567$ & $0.0169433$ & $-0.0243356$ & $0.0318924$ & $0.196394$ & $-0.0021909$ & $-0.0183408$ & $-0.0116925$ & $0.010064$ & $-0.0435735$ & $0.0026222$ & $-0.0175272$ & $-0.0273307$ & $0.0110008$ & $0.00964733$ & $-0.0130489$ & $-0.014255$ & $0.0165448$ & $0.00119803$ & $-0.00258914$ \\
CeH_22r & $0.015372$ & $0.00161211$ & $-0.00928344$ & $-0.032893$ & $0.0109899$ & $-0.0279827$ & $0.0337362$ & $0.0253722$ & $0.0289239$ & $-0.00519843$ & $-0.0134654$ & $0.0624763$ & $0.0671651$ & $-0.0280798$ & $-0.00887947$ & $-0.00676195$ & $-0.0141731$ & $-0.0166926$ & $-0.0180265$ & $0.0144358$ & $0.0176002$ & $0.0176274$ & $0.0160846$ & $-0.0324093$ & $-0.0067169$ & $-0.0122512$ & $0.0393121$ & $0.00755192$ & $1$ & $0.0449685$ & $0.0423002$ & $0.0225603$ & $0.0747442$ & $0.0321476$ & $-0.0332898$ & $-0.0367351$ & $-0.00389115$ & $-0.00444997$ & $0.0226859$ & $0.00378796$ & $0.00787393$ & $0.00623482$ & $-0.016884$ & $0.0256534$ & $0.0033627$ & $0.0109119$ & $-0.0014039$ & $0.00524998$ & $0.0113439$ \\
CeH_33r & $-0.0139616$ & $-0.0308445$ & $-0.00590316$ & $-0.0110298$ & $-0.007638$ & $-0.00410681$ & $-0.161531$ & $0.115287$ & $0.134495$ & $-0.140754$ & $-0.0639961$ & $0.272324$ & $0.287127$ & $-0.0554745$ & $0.0327027$ & $0.0234126$ & $-0.11024$ & $-0.115424$ & $-0.112363$ & $0.0632862$ & $0.0665928$ & $0.0663217$ & $0.00999559$ & $-0.125555$ & $-0.13356$ & $-0.0413935$ & $0.0125706$ & $0.0301567$ & $0.0449685$ & $1$ & $0.327391$ & $-0.00848494$ & $0.699084$ & $0.0593809$ & $-0.0651293$ & $-0.0425731$ & $-0.128973$ & $-0.0457542$ & $0.0268201$ & $-0.0299135$ & $-0.00690969$ & $-0.0133074$ & $0.0308349$ & $-0.0139614$ & $0.0557274$ & $0.0110746$ & $0.019091$ & $-0.0288954$ & $-0.0261454$ \\
CuH_22r & $-0.0551687$ & $-0.0140133$ & $0.0044838$ & $-0.0429345$ & $-0.0134034$ & $-0.0018862$ & $-0.089935$ & $0.0937199$ & $0.105221$ & $-0.125167$ & $-0.0612276$ & $0.0435729$ & $0.143614$ & $-0.0198662$ & $0.0370078$ & $0.0250686$ & $-0.0746224$ & $-0.0853751$ & $-0.0717101$ & $0.0587746$ & $0.0620073$ & $0.0666147$ & $0.0160076$ & $-0.0885612$ & $-0.0756424$ & $-0.0509708$ & $0.025332$ & $0.0169433$ & $0.0423002$ & $0.327391$ & $1$ & $0.00216071$ & $0.400567$ & $0.0372343$ & $-0.0386564$ & $-0.031908$ & $-0.106304$ & $-0.0334542$ & $-0.0175777$ & $-0.0166754$ & $0.0218845$ & $-0.0161543$ & $0.0570954$ & $0.0372778$ & $-0.0412831$ & $0.087977$ & $0.279225$ & $0.0077771$ & $-0.0208648$ \\
CuH_33r & $0.00883211$ & $0.0419542$ & $0.0218296$ & $-0.0235296$ & $0.000445428$ & $-0.0122485$ & $0.934781$ & $-0.114859$ & $-0.0735019$ & $0.119588$ & $0.0726963$ & $-0.00382969$ & $-0.250712$ & $0.0454859$ & $-0.0210425$ & $-0.0164177$ & $0.0807601$ & $0.0941148$ & $0.086777$ & $-0.0678463$ & $-0.0752449$ & $-0.0771378$ & $-0.042222$ & $0.116591$ & $0.079672$ & $0.0619737$ & $-0.0681608$ & $-0.0243356$ & $0.0225603$ & $-0.00848494$ & $0.00216071$ & $1$ & $-0.0189093$ & $-0.0719434$ & $0.0276922$ & $0.0366548$ & $-0.0234484$ & $0.021622$ & $-0.0181497$ & $0.00538029$ & $0.0313741$ & $0.0014283$ & $0.00224543$ & $0.0223296$ & $-0.0205381$ & $-0.0228508$ & $-0.000827976$ & $-0.0395194$ & $-0.0250851$ \\
CdH_33r & $0.0093955$ & $0.123177$ & $0.0642243$ & $0.0652058$ & $-0.000266661$ & $0.0108698$ & $-0.211525$ & $0.126832$ & $0.146517$ & $-0.158824$ & $-0.065854$ & $0.337853$ & $0.36624$ & $-0.0741237$ & $0.0397215$ & $0.0178928$ & $-0.13147$ & $-0.142238$ & $-0.125146$ & $0.0671667$ & $0.0717765$ & $0.0752603$ & $0.0106873$ & $-0.146222$ & $-0.149021$ & $-0.0539251$ & $0.0283504$ & $0.0318924$ & $0.0747442$ & $0.699084$ & $0.400567$ & $-0.0189093$ & $1$ & $0.068109$ & $-0.0557506$ & $-0.0671367$ & $-0.0990112$ & $-0.0533186$ & $0.00632046$ & $-0.0526629$ & $-0.00528131$ & $-0.0099754$ & $0.00282793$ & $-0.0447616$ & $0.0180411$ & $0.0119366$ & $-0.0225113$ & $0.0981271$ & $0.294766$ \\
CLL_1221 & $-0.0157297$ & $-0.0380765$ & $-0.0150156$ & $-0.0150699$ & $0.0153099$ & $-0.0986705$ & $-0.0787459$ & $0.565046$ & $0.557987$ & $-0.362749$ & $-0.374321$ & $-0.122571$ & $0.216625$ & $-0.191522$ & $-0.601633$ & $-0.0704906$ & $-0.251819$ & $0.0568894$ & $-0.352566$ & $0.29675$ & $0.457049$ & $0.455132$ & $0.205216$ & $-0.627133$ & $-0.206658$ & $-0.266871$ & $0.670363$ & $0.196394$ & $0.0321476$ & $0.0593809$ & $0.0372343$ & $-0.0719434$ & $0.068109$ & $1$ & $0.00461736$ & $0.0230096$ & $0.0131818$ & $0.0125506$ & $-0.0115594$ & $0.00187034$ & $0.0164824$ & $0.002935$ & $0.0307742$ & $-0.0172683$ & $0.00964498$ & $0.00342963$ & $0.0123253$ & $0.0471214$ & $-0.031125$ \\
eHggint & $0.037701$ & $0.129004$ & $0.00248639$ & $0.0662669$ & $-0.0308146$ & $-0.0199715$ & $-0.0419132$ & $-0.0271145$ & $-0.0397309$ & $0.0692613$ & $0.0463185$ & $0.148366$ & $0.0510615$ & $-0.0566054$ & $-0.0228705$ & $-0.025745$ & $-0.0350403$ & $-0.0239484$ & $-0.0131753$ & $-0.0431637$ & $-0.041834$ & $-0.0336024$ & $0.013392$ & $-0.0246233$ & $-0.021199$ & $0.0356258$ & $0.0103562$ & $-0.0021909$ & $-0.0332898$ & $-0.0651293$ & $-0.0386564$ & $0.0276922$ & $-0.0557506$ & $0.00461736$ & $1$ & $0.10432$ & $0.188802$ & $-0.0193515$ & $-0.0786466$ & $-0.0297111$ & $0.00698011$ & $0.00784459$ & $0.108708$ & $-0.0609995$ & $0.105066$ & $-0.131163$ & $-0.119143$ & $-0.0102497$ & $0.0184914$ \\
eHggpar & $0.0937258$ & $-0.0144094$ & $-0.0885343$ & $0.076069$ & $-0.0145188$ & $0.00795323$ & $0.0112999$ & $-0.0176797$ & $-0.0181547$ & $0.0507222$ & $0.021549$ & $0.0805008$ & $-0.0100234$ & $-0.020916$ & $-0.0394073$ & $0.00952367$ & $-0.00129642$ & $0.0202261$ & $-0.0142145$ & $-0.0227131$ & $-0.0215378$ & $-0.0208519$ & $0.00737162$ & $0.00574019$ & $0.00613799$ & $0.00595854$ & $0.0187536$ & $-0.0183408$ & $-0.0367351$ & $-0.0425731$ & $-0.031908$ & $0.0366548$ & $-0.0671367$ & $0.0230096$ & $0.10432$ & $1$ & $-0.0433009$ & $-0.0195235$ & $-0.0619751$ & $-0.0558433$ & $-0.126669$ & $0.0167492$ & $0.048874$ & $-0.176761$ & $0.0527999$ & $0.0430076$ & $-0.0823297$ & $-0.148411$ & $-0.0114819$ \\
eHWWint & $-0.0907067$ & $-0.113627$ & $0.0401632$ & $0.140043$ & $-0.00380634$ & $-0.00758012$ & $0.00354706$ & $0.0228664$ & $0.0222447$ & $0.00596776$ & $-0.00702595$ & $0.0496984$ & $0.033674$ & $-0.0208763$ & $-0.00454946$ & $0.00723493$ & $-0.034059$ & $-0.0221932$ & $-0.0269041$ & $0.00928883$ & $0.00666488$ & $0.0103092$ & $0.0259676$ & $-0.024715$ & $-0.0177616$ & $-0.0377771$ & $0.00801375$ & $-0.0116925$ & $-0.00389115$ & $-0.128973$ & $-0.106304$ & $-0.0234484$ & $-0.0990112$ & $0.0131818$ & $0.188802$ & $-0.0433009$ & $1$ & $-0.018835$ & $-0.0975466$ & $-0.017439$ & $0.13494$ & $0.0255119$ & $0.0424196$ & $-0.0661907$ & $0.141318$ & $-0.112149$ & $-0.108816$ & $0.0952871$ & $0.141734$ \\
eHWWpar & $-0.0915449$ & $0.0434165$ & $0.0268555$ & $0.0401703$ & $-0.00423597$ & $0.0186159$ & $0.0354737$ & $0.00248151$ & $0.00319913$ & $-0.0130891$ & $0.00850683$ & $-0.0114503$ & $0.0112967$ & $-0.0153464$ & $-0.0117707$ & $-0.00355375$ & $-0.0220404$ & $-0.0121179$ & $-0.0234606$ & $-0.00791437$ & $-0.00534332$ & $-0.0126545$ & $0.0223799$ & $-0.0194253$ & $-0.0225089$ & $-0.0117063$ & $-0.012681$ & $0.010064$ & $-0.00444997$ & $-0.0457542$ & $-0.0334542$ & $0.021622$ & $-0.0533186$ & $0.0125506$ & $-0.0193515$ & $-0.0195235$ & $-0.018835$ & $1$ & $-0.0552672$ & $0.0189675$ & $-0.0234506$ & $-0.0264815$ & $0.0554319$ & $-0.012911$ & $0.0442508$ & $-0.0218835$ & $-0.021599$ & $-0.0985849$ & $-0.00709452$ \\
eHZZint & $0.0907116$ & $-0.149261$ & $-0.0191365$ & $-0.0714559$ & $0.00665466$ & $0.0159187$ & $-0.0190715$ & $-0.00299082$ & $-0.0112072$ & $0.0370215$ & $-0.0234017$ & $-0.014775$ & $-0.0585076$ & $0.0634914$ & $-0.000126113$ & $0.0378903$ & $0.0429439$ & $0.0542087$ & $0.0264835$ & $0.0217548$ & $0.0166519$ & $0.0245573$ & $0.00870325$ & $0.0334992$ & $0.0405507$ & $-0.0214872$ & $-0.00708327$ & $-0.0435735$ & $0.0226859$ & $0.0268201$ & $-0.0175777$ & $-0.0181497$ & $0.00632046$ & $-0.0115594$ & $-0.0786466$ & $-0.0619751$ & $-0.0975466$ & $-0.0552672$ & $1$ & $0.0461858$ & $-0.14662$ & $-0.0185425$ & $-0.118476$ & $0.0540399$ & $0.102998$ & $-0.121585$ & $0.000650477$ & $0.0872748$ & $0.0142121$ \\
eHZZpar & $0.0342811$ & $-0.0103397$ & $-0.00851992$ & $0.0234657$ & $0.0494578$ & $0.00542365$ & $0.011245$ & $-0.0163102$ & $-0.0188887$ & $0.00387881$ & $0.0169011$ & $-0.0275$ & $-0.0331255$ & $-0.00607164$ & $-0.0172124$ & $-0.0309902$ & $0.00401804$ & $0.0104094$ & $0.0168386$ & $-0.0188776$ & $-0.0147865$ & $-0.015594$ & $-0.0206769$ & $0.00636807$ & $0.00181264$ & $0.0203953$ & $-0.00105678$ & $0.0026222$ & $0.00378796$ & $-0.0299135$ & $-0.0166754$ & $0.00538029$ & $-0.0526629$ & $0.00187034$ & $-0.0297111$ & $-0.0558433$ & $-0.017439$ & $0.0189675$ & $0.0461858$ & $1$ & $-0.00375215$ & $0.0053591$ & $-0.0261548$ & $0.0314025$ & $0.00954325$ & $-0.044658$ & $-0.0127598$ & $-0.041868$ & $-0.0249482$ \\
eHZgaint & $0.0179245$ & $-0.0880173$ & $-0.139212$ & $-0.0849658$ & $0.0448386$ & $-0.00432044$ & $0.0332773$ & $0.0309045$ & $0.0317279$ & $-0.0655725$ & $-0.00283004$ & $-0.0320448$ & $0.0237117$ & $-0.0430445$ & $0.00133462$ & $0.00948709$ & $-0.0597689$ & $-0.0522561$ & $-0.0562746$ & $0.00180477$ & $-0.00065954$ & $0.0113666$ & $-0.00529091$ & $-0.0562174$ & $-0.0417153$ & $0.0126903$ & $0.024182$ & $-0.0175272$ & $0.00787393$ & $-0.00690969$ & $0.0218845$ & $0.0313741$ & $-0.00528131$ & $0.0164824$ & $0.00698011$ & $-0.126669$ & $0.13494$ & $-0.0234506$ & $-0.14662$ & $-0.00375215$ & $1$ & $-0.0120583$ & $-0.0365207$ & $-0.209741$ & $-0.0820505$ & $-0.102406$ & $0.0882061$ & $0.118268$ & $-0.0750394$ \\
eHZgapar & $0.0703801$ & $0.0395842$ & $-0.0675729$ & $-0.0521009$ & $-0.00212192$ & $-0.0410796$ & $0.00851037$ & $-0.0215569$ & $-0.0245017$ & $0.0123187$ & $0.00317473$ & $-0.0241184$ & $-0.0238999$ & $0.0153023$ & $-0.0178567$ & $-0.0175474$ & $0.0463294$ & $0.040384$ & $0.0460147$ & $-0.0039092$ & $-0.000968854$ & $-0.000319629$ & $0.00490831$ & $0.0140773$ & $0.0291486$ & $-0.0135952$ & $-0.00542157$ & $-0.0273307$ & $0.00623482$ & $-0.0133074$ & $-0.0161543$ & $0.0014283$ & $-0.0099754$ & $0.002935$ & $0.00784459$ & $0.0167492$ & $0.0255119$ & $-0.0264815$ & $-0.0185425$ & $0.0053591$ & $-0.0120583$ & $1$ & $-0.0187398$ & $0.0191086$ & $0.0245705$ & $0.00498805$ & $-0.0413628$ & $0.0584331$ & $0.0614536$ \\
eHgagaint & $-0.0106255$ & $-0.0757802$ & $0.139864$ & $-0.010639$ & $-0.0411914$ & $-0.0129671$ & $-0.00325144$ & $0.0369724$ & $0.0868823$ & $-0.0402607$ & $-0.0169359$ & $0.00446838$ & $0.0483365$ & $-0.0315807$ & $-0.00379262$ & $-0.0280646$ & $-0.0315337$ & $-0.0345613$ & $-0.0191827$ & $0.014506$ & $0.0192879$ & $0.011982$ & $0.0460128$ & $-0.0600394$ & $-0.0327273$ & $-0.0320342$ & $0.0270288$ & $0.0110008$ & $-0.016884$ & $0.0308349$ & $0.0570954$ & $0.00224543$ & $0.00282793$ & $0.0307742$ & $0.108708$ & $0.048874$ & $0.0424196$ & $0.0554319$ & $-0.118476$ & $-0.0261548$ & $-0.0365207$ & $-0.0187398$ & $1$ & $-0.261161$ & $0.0392006$ & $-0.0134697$ & $0.0842091$ & $-0.0648643$ & $0.000293874$ \\
eHmumuint & $0.0998115$ & $-0.0537186$ & $0.138301$ & $-0.278128$ & $0.0080642$ & $0.00896411$ & $0.0281364$ & $-0.020764$ & $-0.0331782$ & $0.0187339$ & $0.0125638$ & $-0.00604115$ & $-0.0118013$ & $0.0173207$ & $-0.00714036$ & $-0.0164319$ & $0.00985769$ & $0.0212228$ & $0.027318$ & $-0.0122326$ & $-0.0116122$ & $-0.0114953$ & $0.0150628$ & $0.023139$ & $0.0105113$ & $0.0096274$ & $-0.00319094$ & $0.00964733$ & $0.0256534$ & $-0.0139614$ & $0.0372778$ & $0.0223296$ & $-0.0447616$ & $-0.0172683$ & $-0.0609995$ & $-0.176761$ & $-0.0661907$ & $-0.012911$ & $0.0540399$ & $0.0314025$ & $-0.209741$ & $0.0191086$ & $-0.261161$ & $1$ & $-0.15847$ & $-0.0463595$ & $0.161069$ & $0.0812309$ & $-0.183385$ \\
eHtautauint & $-0.0895066$ & $-0.190055$ & $-0.062614$ & $0.0856151$ & $-0.0235973$ & $-0.00794675$ & $-0.0290337$ & $0.0109595$ & $0.00564525$ & $0.0238268$ & $0.00148503$ & $0.0628453$ & $0.0149397$ & $-0.0259368$ & $-0.0122263$ & $-0.0170183$ & $-0.017988$ & $-0.0128141$ & $-0.0124$ & $-0.00227673$ & $-0.00194145$ & $-0.00506313$ & $0.0505213$ & $-0.0266991$ & $-0.00543644$ & $-0.0297624$ & $0.0116118$ & $-0.0130489$ & $0.0033627$ & $0.0557274$ & $-0.0412831$ & $-0.0205381$ & $0.0180411$ & $0.00964498$ & $0.105066$ & $0.0527999$ & $0.141318$ & $0.0442508$ & $0.102998$ & $0.00954325$ & $-0.0820505$ & $0.0245705$ & $0.0392006$ & $-0.15847$ & $1$ & $-0.00256023$ & $-0.154314$ & $-0.0622633$ & $0.164777$ \\
eHccint & $0.18822$ & $0.0280517$ & $0.000425518$ & $-0.00521572$ & $0.0034502$ & $-0.00890576$ & $-0.0213109$ & $-0.0230296$ & $-0.0270956$ & $0.00990396$ & $0.01957$ & $-0.000232189$ & $-0.0161797$ & $-0.00265204$ & $-0.0238357$ & $-0.0318584$ & $0.0091732$ & $0.0182627$ & $0.024164$ & $-0.0241186$ & $-0.0179537$ & $-0.015293$ & $0.0435716$ & $-0.0103148$ & $0.00706985$ & $-0.0283009$ & $0.00961103$ & $-0.014255$ & $0.0109119$ & $0.0110746$ & $0.087977$ & $-0.0228508$ & $0.0119366$ & $0.00342963$ & $-0.131163$ & $0.0430076$ & $-0.112149$ & $-0.0218835$ & $-0.121585$ & $-0.044658$ & $-0.102406$ & $0.00498805$ & $-0.0134697$ & $-0.0463595$ & $-0.00256023$ & $1$ & $0.0912239$ & $-0.0127834$ & $-0.0270159$ \\
eHccpar & $-0.231216$ & $-0.0537514$ & $-0.00518221$ & $-0.245016$ & $-0.0122834$ & $-0.00755714$ & $0.00993089$ & $0.0516067$ & $0.0561843$ & $-0.067961$ & $-0.0539194$ & $-0.0722866$ & $0.00870222$ & $0.0322721$ & $0.0299248$ & $0.028476$ & $0.00567105$ & $-0.0139313$ & $-0.00560322$ & $0.0511409$ & $0.0537405$ & $0.063172$ & $0.00709287$ & $-0.0110524$ & $0.0193063$ & $-0.0271273$ & $0.0239104$ & $0.0165448$ & $-0.0014039$ & $0.019091$ & $0.279225$ & $-0.000827976$ & $-0.0225113$ & $0.0123253$ & $-0.119143$ & $-0.0823297$ & $-0.108816$ & $-0.021599$ & $0.000650477$ & $-0.0127598$ & $0.0882061$ & $-0.0413628$ & $0.0842091$ & $0.161069$ & $-0.154314$ & $0.0912239$ & $1$ & $-0.0618948$ & $-0.126971$ \\
eHbbint & $0.208815$ & $0.0107895$ & $-0.0800958$ & $0.0370728$ & $0.0532297$ & $0.0227493$ & $-0.025676$ & $0.0034379$ & $0.00423755$ & $0.000175418$ & $0.0103608$ & $-0.0238583$ & $-0.0372273$ & $-0.0240898$ & $-0.0485039$ & $-0.036381$ & $-0.0197478$ & $0.00561255$ & $-0.00495187$ & $-0.0194455$ & $-0.00745512$ & $0.00449076$ & $0.0388369$ & $-0.0437283$ & $-0.0176643$ & $-0.0128992$ & $0.0427237$ & $0.00119803$ & $0.00524998$ & $-0.0288954$ & $0.0077771$ & $-0.0395194$ & $0.0981271$ & $0.0471214$ & $-0.0102497$ & $-0.148411$ & $0.0952871$ & $-0.0985849$ & $0.0872748$ & $-0.041868$ & $0.118268$ & $0.0584331$ & $-0.0648643$ & $0.0812309$ & $-0.0622633$ & $-0.0127834$ & $-0.0618948$ & $1$ & $-0.00438384$ \\
eHbbpar & $-0.0359803$ & $0.38468$ & $0.259969$ & $0.194747$ & $0.0153957$ & $-0.00631051$ & $-0.0277374$ & $-0.0296681$ & $-0.0297286$ & $0.0648003$ & $0.0148703$ & $0.0684927$ & $0.0133273$ & $0.0125522$ & $0.0273388$ & $-0.0164847$ & $0.0281341$ & $0.00099253$ & $0.0376671$ & $-0.00554237$ & $-0.00793979$ & $-0.00865072$ & $0.000812447$ & $0.0294434$ & $0.0185803$ & $-0.0118305$ & $-0.0240253$ & $-0.00258914$ & $0.0113439$ & $-0.0261454$ & $-0.0208648$ & $-0.0250851$ & $0.294766$ & $-0.031125$ & $0.0184914$ & $-0.0114819$ & $0.141734$ & $-0.00709452$ & $0.0142121$ & $-0.0249482$ & $-0.0750394$ & $0.0614536$ & $0.000293874$ & $-0.183385$ & $0.164777$ & $-0.0270159$ & $-0.126971$ & $-0.00438384$ & $1$ \\
