 & AlsMz & dAle5Mz & mtop & mHl & Mz & CW & CHG & CHWB & CHWHB_gaga & CHWHB_gagaorth & CHD & CHbox & CH & CHL1_11 & CHL1_22 & CHL1_33 & CHL3_11 & CHL3_22 & CHL3_33 & CHe_11 & CHe_22 & CHe_33 & CHQ1_11 & CHQ1_33 & CHQ3_11 & CHu_11 & CHd_11 & CHd_33 & CeH_22r & CeH_33r & CuH_22r & CuH_33r & CdH_33r & CLL_1221 & eHggint & eHggpar & eHWWint & eHWWpar & eHZZint & eHZZpar & eHZgaint & eHZgapar & eHgagaint & eHmumuint & eHtautauint & eHccint & eHccpar & eHbbint & eHbbpar \\
AlsMz & $1$ & $0.254927$ & $0.31916$ & $0.328333$ & $0.0238281$ & $0.0159336$ & $-0.0133004$ & $-0.0131822$ & $-0.0127512$ & $0.0213091$ & $0.0234342$ & $-0.00697817$ & $0.0143523$ & $-0.0218262$ & $-0.0115435$ & $-0.0191217$ & $-0.0286362$ & $-0.0187534$ & $-0.0144384$ & $-0.0238179$ & $-0.0234525$ & $-0.0234747$ & $0.00328664$ & $-0.0172551$ & $-0.0420061$ & $0.0054671$ & $-0.00760431$ & $-0.0136677$ & $-0.00118913$ & $0.0190822$ & $0.0111165$ & $0.00465421$ & $-0.00428002$ & $-0.00530064$ & $0.564508$ & $0.37969$ & $-0.35791$ & $-0.0407668$ & $0.52563$ & $0.0653382$ & $0.447675$ & $0.047293$ & $0.0562234$ & $-0.109833$ & $0.189393$ & $0.422177$ & $-0.193141$ & $0.431448$ & $-0.364883$ \\
dAle5Mz & $0.254927$ & $1$ & $0.118051$ & $-0.0217718$ & $-0.0109213$ & $0.00579116$ & $0.120477$ & $-0.000797115$ & $0.00169194$ & $-0.00279392$ & $0.00730593$ & $0.132835$ & $0.048963$ & $-0.0154085$ & $-0.0123984$ & $-0.0117498$ & $-0.0163819$ & $-0.00984326$ & $-0.0105355$ & $-0.00429017$ & $-0.00314142$ & $-0.00197947$ & $-0.0300312$ & $-0.0140713$ & $-0.0215286$ & $0.0195746$ & $0.00475084$ & $0.0140117$ & $0.0118604$ & $0.0469546$ & $0.00483569$ & $0.167589$ & $0.0258363$ & $0.019652$ & $0.315842$ & $0.370668$ & $0.146465$ & $0.107411$ & $0.263816$ & $-0.105213$ & $0.0373497$ & $-0.0782698$ & $-0.343424$ & $0.127199$ & $0.214697$ & $0.167401$ & $-0.394561$ & $0.100022$ & $-0.233931$ \\
mtop & $0.31916$ & $0.118051$ & $1$ & $0.0903089$ & $-0.00732729$ & $-0.00200398$ & $-0.0926982$ & $0.0495602$ & $0.0555683$ & $-0.0339558$ & $-0.0580771$ & $0.0516942$ & $0.151354$ & $0.0425252$ & $-0.00268965$ & $0.00882176$ & $0.0223647$ & $0.025797$ & $0.0169726$ & $0.0559589$ & $0.062057$ & $0.0603378$ & $0.0233384$ & $-0.0143075$ & $0.0222902$ & $-0.0486045$ & $0.0619816$ & $0.0265677$ & $0.0356547$ & $0.100142$ & $0.0571843$ & $-0.0692937$ & $0.0854254$ & $0.0527447$ & $0.22457$ & $0.260477$ & $-0.228998$ & $-0.115575$ & $0.378167$ & $0.0995862$ & $0.519322$ & $-0.0865019$ & $0.527606$ & $-0.0462575$ & $-0.230432$ & $0.206426$ & $-0.256844$ & $0.378476$ & $-0.463226$ \\
mHl & $0.328333$ & $-0.0217718$ & $0.0903089$ & $1$ & $-0.118675$ & $0.0168294$ & $-0.12345$ & $-0.00610002$ & $-0.00346323$ & $-0.00708017$ & $0.00640622$ & $0.0382341$ & $0.121054$ & $0.00598588$ & $-0.00494712$ & $5.05946e-05$ & $-0.0108091$ & $0.00185586$ & $-0.0013509$ & $-0.00601161$ & $-0.00751212$ & $-0.00473164$ & $-0.00699049$ & $0.000423188$ & $-0.0146471$ & $0.0059911$ & $-0.0158722$ & $-0.00297867$ & $0.0181697$ & $0.09035$ & $0.0440365$ & $-0.112329$ & $0.130037$ & $-0.00868271$ & $0.0536856$ & $0.506269$ & $0.169523$ & $-0.0917639$ & $-0.114135$ & $0.239329$ & $0.455319$ & $0.0148045$ & $0.249296$ & $-0.159893$ & $0.260437$ & $-0.0643236$ & $-0.151445$ & $0.516416$ & $0.255546$ \\
Mz & $0.0238281$ & $-0.0109213$ & $-0.00732729$ & $-0.118675$ & $1$ & $-0.00163522$ & $-0.0291737$ & $0.0393289$ & $0.0400706$ & $-0.0306201$ & $-0.0225752$ & $0.0212013$ & $0.0263203$ & $0.0127254$ & $0.0325651$ & $0.0142574$ & $-0.0195945$ & $-0.0323404$ & $-0.0192723$ & $0.0309977$ & $0.0332166$ & $0.0323938$ & $-0.0025384$ & $-0.0354808$ & $-0.0131313$ & $-0.0135187$ & $0.0251692$ & $0.0163847$ & $-0.000918361$ & $0.00168856$ & $-0.00437527$ & $-0.0333744$ & $-0.00173264$ & $0.00102314$ & $0.0201672$ & $0.0147651$ & $0.017416$ & $0.00317863$ & $0.0184171$ & $0.0673758$ & $0.051268$ & $-0.0278447$ & $0.0462672$ & $-0.0467456$ & $-0.0017669$ & $0.0119289$ & $0.039873$ & $0.0523204$ & $0.00216626$ \\
CW & $0.0159336$ & $0.00579116$ & $-0.00200398$ & $0.0168294$ & $-0.00163522$ & $1$ & $0.0204731$ & $-0.0462955$ & $-0.0466768$ & $0.0218562$ & $0.155133$ & $-0.00639943$ & $-0.0462096$ & $-0.034036$ & $-0.0882718$ & $-0.0925202$ & $-0.371572$ & $-0.166852$ & $-0.165239$ & $-0.152412$ & $-0.157257$ & $-0.154547$ & $-0.0120046$ & $-0.11693$ & $-0.20589$ & $0.116993$ & $-0.0541333$ & $-0.0697779$ & $-0.00619137$ & $-0.0294399$ & $-0.0157285$ & $0.023122$ & $-0.0304398$ & $-0.0982177$ & $0.00416674$ & $0.00907022$ & $0.00206849$ & $0.00831297$ & $-0.00705204$ & $-0.00657416$ & $-0.0135363$ & $0.0180642$ & $0.00127057$ & $0.0176899$ & $0.012122$ & $-0.0264708$ & $0.0129483$ & $0.0153419$ & $0.0175356$ \\
CHG & $-0.0133004$ & $0.120477$ & $-0.0926982$ & $-0.12345$ & $-0.0291737$ & $0.0204731$ & $1$ & $-0.0539621$ & $-0.0367382$ & $0.196708$ & $0.0918799$ & $-0.602662$ & $-0.741631$ & $-0.0992904$ & $-0.0318023$ & $-0.0422851$ & $-0.0819176$ & $-0.0659915$ & $-0.0606373$ & $-0.0881186$ & $-0.0923274$ & $-0.0907292$ & $-0.0109128$ & $-0.0275433$ & $-0.0724812$ & $0.0657147$ & $-0.0414396$ & $-0.0493728$ & $-0.119027$ & $-0.562487$ & $-0.355311$ & $0.950719$ & $-0.629407$ & $-0.0285885$ & $0.258414$ & $-0.0389238$ & $0.3261$ & $0.0121998$ & $-0.00505366$ & $0.00569759$ & $-0.176195$ & $0.0231064$ & $-0.117738$ & $0.190511$ & $-0.175124$ & $0.205939$ & $-0.0698709$ & $-0.319204$ & $-0.146346$ \\
CHWB & $-0.0131822$ & $-0.000797115$ & $0.0495602$ & $-0.00610002$ & $0.0393289$ & $-0.0462955$ & $-0.0539621$ & $1$ & $0.990781$ & $-0.549145$ & $-0.876759$ & $-0.0929762$ & $0.0495619$ & $0.2773$ & $0.463649$ & $0.4418$ & $-0.208115$ & $-0.402814$ & $-0.392162$ & $0.860373$ & $0.890525$ & $0.882386$ & $0.0451312$ & $-0.630127$ & $-0.36601$ & $-0.617718$ & $0.408662$ & $0.401823$ & $0.00466362$ & $0.02675$ & $0.0213586$ & $-0.0675951$ & $0.0255538$ & $0.531937$ & $0.00961825$ & $0.025566$ & $0.00254617$ & $0.00389536$ & $0.0312399$ & $0.0428468$ & $0.0833$ & $-0.0548892$ & $0.0390058$ & $-0.0121824$ & $-0.0232558$ & $0.0533611$ & $0.0172409$ & $0.0126924$ & $-0.0672996$ \\
CHWHB_gaga & $-0.0127512$ & $0.00169194$ & $0.0555683$ & $-0.00346323$ & $0.0400706$ & $-0.0466768$ & $-0.0367382$ & $0.990781$ & $1$ & $-0.546319$ & $-0.868399$ & $-0.0767554$ & $0.0606306$ & $0.274167$ & $0.461104$ & $0.438797$ & $-0.207251$ & $-0.400725$ & $-0.389685$ & $0.852462$ & $0.88189$ & $0.873876$ & $0.0441694$ & $-0.623868$ & $-0.363352$ & $-0.611352$ & $0.404354$ & $0.398208$ & $0.0114731$ & $0.0483229$ & $0.0369051$ & $-0.0522418$ & $0.0482812$ & $0.525143$ & $0.00471143$ & $0.0254311$ & $0.00496565$ & $-0.000866114$ & $0.0285955$ & $0.0456407$ & $0.0927676$ & $-0.0574567$ & $0.0449821$ & $-0.010985$ & $-0.0280327$ & $0.0568394$ & $0.0164951$ & $0.0161897$ & $-0.0733171$ \\
CHWHB_gagaorth & $0.0213091$ & $-0.00279392$ & $-0.0339558$ & $-0.00708017$ & $-0.0306201$ & $0.0218562$ & $0.196708$ & $-0.549145$ & $-0.546319$ & $1$ & $0.464969$ & $0.0335164$ & $-0.26156$ & $-0.120856$ & $-0.230206$ & $-0.223338$ & $0.144187$ & $0.240993$ & $0.237672$ & $-0.454712$ & $-0.475133$ & $-0.471361$ & $-0.0414021$ & $0.370663$ & $0.225525$ & $0.333548$ & $-0.239457$ & $-0.213335$ & $-0.0451781$ & $-0.225126$ & $-0.156774$ & $0.202782$ & $-0.254455$ & $-0.312982$ & $0.0586307$ & $-0.017275$ & $0.0408983$ & $0.00481121$ & $-0.0430119$ & $-0.0357706$ & $-0.0974978$ & $0.0621572$ & $-0.0357819$ & $0.074765$ & $0.00572892$ & $-0.0233187$ & $0.0270068$ & $-0.0386336$ & $0.0135591$ \\
CHD & $0.0234342$ & $0.00730593$ & $-0.0580771$ & $0.00640622$ & $-0.0225752$ & $0.155133$ & $0.0918799$ & $-0.876759$ & $-0.868399$ & $0.464969$ & $1$ & $0.0747657$ & $-0.112795$ & $-0.664627$ & $-0.578951$ & $-0.55475$ & $-0.258731$ & $-0.0159816$ & $-0.0261809$ & $-0.995017$ & $-0.995214$ & $-0.983543$ & $0.0179168$ & $0.222701$ & $-0.0641242$ & $0.688829$ & $-0.278964$ & $-0.448568$ & $-0.0135752$ & $-0.0746337$ & $-0.0572572$ & $0.107529$ & $-0.0876986$ & $-0.327046$ & $0.0168609$ & $-0.0270986$ & $0.0170954$ & $-0.00349454$ & $-0.0371719$ & $-0.0366876$ & $-0.0912664$ & $0.0614473$ & $-0.0444043$ & $0.0202657$ & $0.0235686$ & $-0.0408968$ & $-0.0167071$ & $-0.0274792$ & $0.0639146$ \\
CHbox & $-0.00697817$ & $0.132835$ & $0.0516942$ & $0.0382341$ & $0.0212013$ & $-0.00639943$ & $-0.602662$ & $-0.0929762$ & $-0.0767554$ & $0.0335164$ & $0.0747657$ & $1$ & $0.84362$ & $-0.0146903$ & $-0.0452322$ & $-0.0364494$ & $0.0347874$ & $0.0530939$ & $0.0490469$ & $-0.0725854$ & $-0.074909$ & $-0.073508$ & $0.00960678$ & $0.0752859$ & $0.056687$ & $0.0492128$ & $-0.0164682$ & $-0.0303319$ & $0.164014$ & $0.661683$ & $0.388742$ & $-0.496412$ & $0.705922$ & $-0.0435715$ & $-0.318362$ & $0.0259611$ & $-0.226786$ & $-0.0466792$ & $0.0141617$ & $-0.0545655$ & $0.14726$ & $-0.111246$ & $-0.128264$ & $-0.222589$ & $0.172089$ & $-0.11622$ & $0.00602049$ & $0.23218$ & $0.0111764$ \\
CH & $0.0143523$ & $0.048963$ & $0.151354$ & $0.121054$ & $0.0263203$ & $-0.0462096$ & $-0.741631$ & $0.0495619$ & $0.0606306$ & $-0.26156$ & $-0.112795$ & $0.84362$ & $1$ & $0.141786$ & $0.0348712$ & $0.0425026$ & $0.133868$ & $0.11443$ & $0.110449$ & $0.109314$ & $0.113958$ & $0.112236$ & $0.00392529$ & $0.0690357$ & $0.119921$ & $-0.0784609$ & $0.046952$ & $0.0610794$ & $0.184452$ & $0.715343$ & $0.441493$ & $-0.65572$ & $0.7714$ & $0.0270312$ & $-0.298044$ & $0.0356308$ & $-0.256189$ & $-0.0344637$ & $0.00452533$ & $-0.00438676$ & $0.295351$ & $-0.0809937$ & $0.0276556$ & $-0.203375$ & $0.154299$ & $-0.161396$ & $0.0258272$ & $0.334795$ & $0.0245781$ \\
CHL1_11 & $-0.0218262$ & $-0.0154085$ & $0.0425252$ & $0.00598588$ & $0.0127254$ & $-0.034036$ & $-0.0992904$ & $0.2773$ & $0.274167$ & $-0.120856$ & $-0.664627$ & $-0.0146903$ & $0.141786$ & $1$ & $0.415106$ & $0.396238$ & $0.634647$ & $0.586066$ & $0.592253$ & $0.675513$ & $0.636969$ & $0.62522$ & $-0.0997986$ & $0.433017$ & $0.595269$ & $-0.436853$ & $-0.0485134$ & $0.286427$ & $0.0211784$ & $0.10498$ & $0.0804128$ & $-0.109299$ & $0.130482$ & $-0.172192$ & $-0.0432758$ & $0.0183931$ & $-0.0378337$ & $-0.000387606$ & $0.026662$ & $0.00746764$ & $0.0582667$ & $-0.0404771$ & $0.0350023$ & $-0.0193146$ & $-0.00657465$ & $-0.00532003$ & $0.0136349$ & $0.0465677$ & $-0.0235867$ \\
CHL1_22 & $-0.0115435$ & $-0.0123984$ & $-0.00268965$ & $-0.00494712$ & $0.0325651$ & $-0.0882718$ & $-0.0318023$ & $0.463649$ & $0.461104$ & $-0.230206$ & $-0.578951$ & $-0.0452322$ & $0.0348712$ & $0.415106$ & $1$ & $0.535684$ & $0.181265$ & $-0.309258$ & $0.00395613$ & $0.621614$ & $0.523433$ & $0.516864$ & $-0.159993$ & $0.0334139$ & $-0.0639778$ & $-0.371881$ & $-0.293945$ & $0.229133$ & $0.00524723$ & $0.0274697$ & $0.0232519$ & $-0.0400551$ & $0.0348458$ & $-0.464447$ & $-0.0391646$ & $0.0083364$ & $0.0192444$ & $0.0201292$ & $0.00463306$ & $0.0220438$ & $0.0250817$ & $-0.0359779$ & $0.035512$ & $-0.0392049$ & $-0.0301032$ & $0.0373887$ & $0.033958$ & $0.00474156$ & $-0.000140261$ \\
CHL1_33 & $-0.0191217$ & $-0.0117498$ & $0.00882176$ & $5.05946e-05$ & $0.0142574$ & $-0.0925202$ & $-0.0422851$ & $0.4418$ & $0.438797$ & $-0.223338$ & $-0.55475$ & $-0.0364494$ & $0.0425026$ & $0.396238$ & $0.535684$ & $1$ & $0.177707$ & $0.00304729$ & $-0.303125$ & $0.597409$ & $0.499872$ & $0.511158$ & $-0.176104$ & $0.0410576$ & $-0.0640772$ & $-0.343019$ & $-0.301875$ & $0.225202$ & $0.00594966$ & $0.0341792$ & $0.0264183$ & $-0.04895$ & $0.0413027$ & $-0.031886$ & $-0.0270019$ & $0.0236604$ & $0.00378043$ & $0.0232885$ & $-0.0131784$ & $0.0134367$ & $0.00883901$ & $-0.00781682$ & $0.0229473$ & $-0.0365607$ & $-0.00113626$ & $0.011548$ & $0.0338542$ & $0.00482415$ & $0.0140773$ \\
CHL3_11 & $-0.0286362$ & $-0.0163819$ & $0.0223647$ & $-0.0108091$ & $-0.0195945$ & $-0.371572$ & $-0.0819176$ & $-0.208115$ & $-0.207251$ & $0.144187$ & $-0.258731$ & $0.0347874$ & $0.133868$ & $0.634647$ & $0.181265$ & $0.177707$ & $1$ & $0.814337$ & $0.813616$ & $0.269897$ & $0.235893$ & $0.228875$ & $-0.0864503$ & $0.744119$ & $0.853832$ & $-0.161235$ & $-0.143286$ & $0.106142$ & $0.0179612$ & $0.0961895$ & $0.0706937$ & $-0.0877803$ & $0.124388$ & $-0.245014$ & $-0.0526825$ & $-0.0040014$ & $-0.0405793$ & $-0.00221099$ & $0.0144991$ & $-0.00886279$ & $0.0219481$ & $-0.0177977$ & $0.00917023$ & $-0.0172237$ & $-0.00707725$ & $-0.0175822$ & $-0.00618612$ & $0.0196412$ & $-0.00250419$ \\
CHL3_22 & $-0.0187534$ & $-0.00984326$ & $0.025797$ & $0.00185586$ & $-0.0323404$ & $-0.166852$ & $-0.0659915$ & $-0.402814$ & $-0.400725$ & $0.240993$ & $-0.0159816$ & $0.0530939$ & $0.11443$ & $0.586066$ & $-0.309258$ & $0.00304729$ & $0.814337$ & $1$ & $0.782336$ & $0.014967$ & $0.0120247$ & $0.00897679$ & $-0.0341383$ & $0.737871$ & $0.866444$ & $0.000383972$ & $-0.0538378$ & $0.0087081$ & $0.0159995$ & $0.0849045$ & $0.0625464$ & $-0.0667433$ & $0.10963$ & $-0.0673163$ & $-0.031618$ & $0.00103891$ & $-0.05088$ & $-0.0113159$ & $0.0101333$ & $-0.0199828$ & $0.00997713$ & $0.00234936$ & $-0.00319597$ & $0.00362414$ & $0.0145082$ & $-0.043366$ & $-0.0161392$ & $0.0285612$ & $0.00150141$ \\
CHL3_33 & $-0.0144384$ & $-0.0105355$ & $0.0169726$ & $-0.0013509$ & $-0.0192723$ & $-0.165239$ & $-0.0606373$ & $-0.392162$ & $-0.389685$ & $0.237672$ & $-0.0261809$ & $0.0490469$ & $0.110449$ & $0.592253$ & $0.00395613$ & $-0.303125$ & $0.813616$ & $0.782336$ & $1$ & $0.0249422$ & $0.0227553$ & $0.0201419$ & $-0.0195535$ & $0.731464$ & $0.867016$ & $-0.0157289$ & $-0.0438593$ & $0.00886819$ & $0.0163482$ & $0.0809275$ & $0.0595704$ & $-0.0623751$ & $0.106039$ & $-0.365429$ & $-0.0416292$ & $-0.010085$ & $-0.0412651$ & $-0.0158553$ & $0.0224057$ & $-0.0158715$ & $0.0192229$ & $-0.0161697$ & $0.00494198$ & $7.32637e-06$ & $-0.00492483$ & $-0.0272627$ & $-0.0165794$ & $0.0284684$ & $-0.00696235$ \\
CHe_11 & $-0.0238179$ & $-0.00429017$ & $0.0559589$ & $-0.00601161$ & $0.0309977$ & $-0.152412$ & $-0.0881186$ & $0.860373$ & $0.852462$ & $-0.454712$ & $-0.995017$ & $-0.0725854$ & $0.109314$ & $0.675513$ & $0.621614$ & $0.597409$ & $0.269897$ & $0.014967$ & $0.0249422$ & $1$ & $0.985011$ & $0.973744$ & $-0.0363229$ & $-0.1897$ & $0.0677137$ & $-0.682231$ & $0.223949$ & $0.443458$ & $0.0126724$ & $0.0731758$ & $0.0560994$ & $-0.103089$ & $0.086382$ & $0.269506$ & $-0.0187329$ & $0.0293926$ & $-0.014029$ & $0.00552207$ & $0.0347957$ & $0.0365271$ & $0.0873149$ & $-0.0595552$ & $0.0444118$ & $-0.0213408$ & $-0.0235477$ & $0.0401198$ & $0.017999$ & $0.0273335$ & $-0.0605094$ \\
CHe_22 & $-0.0234525$ & $-0.00314142$ & $0.062057$ & $-0.00751212$ & $0.0332166$ & $-0.157257$ & $-0.0923274$ & $0.890525$ & $0.88189$ & $-0.475133$ & $-0.995214$ & $-0.074909$ & $0.113958$ & $0.636969$ & $0.523433$ & $0.499872$ & $0.235893$ & $0.0120247$ & $0.0227553$ & $0.985011$ & $1$ & $0.986337$ & $0.00443588$ & $-0.263891$ & $0.0539308$ & $-0.691002$ & $0.340595$ & $0.450648$ & $0.0133943$ & $0.0742704$ & $0.056342$ & $-0.108037$ & $0.0865136$ & $0.392856$ & $-0.0128777$ & $0.0275698$ & $-0.017969$ & $0.00129973$ & $0.0403196$ & $0.0369941$ & $0.0950806$ & $-0.0629219$ & $0.0430392$ & $-0.0168644$ & $-0.0230507$ & $0.0414641$ & $0.0125157$ & $0.0283061$ & $-0.0701303$ \\
CHe_33 & $-0.0234747$ & $-0.00197947$ & $0.0603378$ & $-0.00473164$ & $0.0323938$ & $-0.154547$ & $-0.0907292$ & $0.882386$ & $0.873876$ & $-0.471361$ & $-0.983543$ & $-0.073508$ & $0.112236$ & $0.62522$ & $0.516864$ & $0.511158$ & $0.228875$ & $0.00897679$ & $0.0201419$ & $0.973744$ & $0.986337$ & $1$ & $0.00607829$ & $-0.264421$ & $0.0495145$ & $-0.683076$ & $0.337476$ & $0.44577$ & $0.0153345$ & $0.0726922$ & $0.054827$ & $-0.106123$ & $0.0852693$ & $0.392615$ & $-0.0127637$ & $0.0285501$ & $-0.016116$ & $0.00100068$ & $0.0397023$ & $0.0372008$ & $0.0937514$ & $-0.0610115$ & $0.043043$ & $-0.0193753$ & $-0.0237459$ & $0.0420065$ & $0.0132313$ & $0.0270931$ & $-0.0677743$ \\
CHQ1_11 & $0.00328664$ & $-0.0300312$ & $0.0233384$ & $-0.00699049$ & $-0.0025384$ & $-0.0120046$ & $-0.0109128$ & $0.0451312$ & $0.0441694$ & $-0.0414021$ & $0.0179168$ & $0.00960678$ & $0.00392529$ & $-0.0997986$ & $-0.159993$ & $-0.176104$ & $-0.0864503$ & $-0.0341383$ & $-0.0195535$ & $-0.0363229$ & $0.00443588$ & $0.00607829$ & $1$ & $-0.141325$ & $0.0354873$ & $-0.575692$ & $0.34991$ & $0.0039495$ & $0.00412734$ & $0.00321974$ & $0.00156231$ & $-0.0120461$ & $0.00297982$ & $0.193563$ & $0.0130739$ & $-0.0194897$ & $-0.0139199$ & $-0.033655$ & $0.00360854$ & $0.0114699$ & $0.0425367$ & $-0.0156901$ & $0.0140471$ & $0.00578891$ & $-0.0118611$ & $0.0288421$ & $0.00456429$ & $0.00411379$ & $-0.0349924$ \\
CHQ1_33 & $-0.0172551$ & $-0.0140713$ & $-0.0143075$ & $0.000423188$ & $-0.0354808$ & $-0.11693$ & $-0.0275433$ & $-0.630127$ & $-0.623868$ & $0.370663$ & $0.222701$ & $0.0752859$ & $0.0690357$ & $0.433017$ & $0.0334139$ & $0.0410576$ & $0.744119$ & $0.737871$ & $0.731464$ & $-0.1897$ & $-0.263891$ & $-0.264421$ & $-0.141325$ & $1$ & $0.747402$ & $0.18775$ & $-0.402387$ & $-0.043134$ & $0.0130114$ & $0.058622$ & $0.0402864$ & $-0.0234298$ & $0.0795016$ & $-0.610944$ & $-0.0500678$ & $-0.0177926$ & $-0.0264018$ & $0.00144126$ & $-0.0102314$ & $-0.0308208$ & $-0.0309632$ & $0.0132145$ & $-0.00932299$ & $-0.00605618$ & $0.00697152$ & $-0.047197$ & $-0.00347596$ & $0.0141518$ & $0.0422135$ \\
CHQ3_11 & $-0.0420061$ & $-0.0215286$ & $0.0222902$ & $-0.0146471$ & $-0.0131313$ & $-0.20589$ & $-0.0724812$ & $-0.36601$ & $-0.363352$ & $0.225525$ & $-0.0641242$ & $0.056687$ & $0.119921$ & $0.595269$ & $-0.0639778$ & $-0.0640772$ & $0.853832$ & $0.866444$ & $0.867016$ & $0.0677137$ & $0.0539308$ & $0.0495145$ & $0.0354873$ & $0.747402$ & $1$ & $-0.0363973$ & $0.121406$ & $0.0272229$ & $0.0195471$ & $0.0880665$ & $0.0665613$ & $-0.0760707$ & $0.112814$ & $-0.246755$ & $-0.0488917$ & $-0.0186946$ & $-0.0459533$ & $-0.0160081$ & $0.00540795$ & $-0.0157473$ & $0.00963883$ & $-0.0230064$ & $-0.00211102$ & $0.00774599$ & $0.00221713$ & $-0.0408875$ & $-0.00723401$ & $0.01898$ & $-0.00815367$ \\
CHu_11 & $0.0054671$ & $0.0195746$ & $-0.0486045$ & $0.0059911$ & $-0.0135187$ & $0.116993$ & $0.0657147$ & $-0.617718$ & $-0.611352$ & $0.333548$ & $0.688829$ & $0.0492128$ & $-0.0784609$ & $-0.436853$ & $-0.371881$ & $-0.343019$ & $-0.161235$ & $0.000383972$ & $-0.0157289$ & $-0.682231$ & $-0.691002$ & $-0.683076$ & $-0.575692$ & $0.18775$ & $-0.0363973$ & $1$ & $-0.212914$ & $-0.310159$ & $-0.0123805$ & $-0.0542922$ & $-0.038446$ & $0.0761747$ & $-0.0641046$ & $-0.264883$ & $0.00567446$ & $-0.0156264$ & $0.0174376$ & $0.0102421$ & $-0.0267676$ & $-0.0325663$ & $-0.084189$ & $0.0413886$ & $-0.0414118$ & $0.0199829$ & $0.0235567$ & $-0.046201$ & $-0.0113313$ & $-0.0275641$ & $0.0546781$ \\
CHd_11 & $-0.00760431$ & $0.00475084$ & $0.0619816$ & $-0.0158722$ & $0.0251692$ & $-0.0541333$ & $-0.0414396$ & $0.408662$ & $0.404354$ & $-0.239457$ & $-0.278964$ & $-0.0164682$ & $0.046952$ & $-0.0485134$ & $-0.293945$ & $-0.301875$ & $-0.143286$ & $-0.0538378$ & $-0.0438593$ & $0.223949$ & $0.340595$ & $0.337476$ & $0.34991$ & $-0.402387$ & $0.121406$ & $-0.212914$ & $1$ & $0.14799$ & $0.00873604$ & $0.0219295$ & $0.0163491$ & $-0.0489519$ & $0.0182739$ & $0.680781$ & $0.0361183$ & $-0.00710956$ & $-0.0332934$ & $-0.0303174$ & $0.0412773$ & $0.0193342$ & $0.0722828$ & $-0.0566968$ & $0.000325521$ & $0.0362711$ & $-0.00148649$ & $0.0221267$ & $-0.0173807$ & $0.0119928$ & $-0.0946339$ \\
CHd_33 & $-0.0136677$ & $0.0140117$ & $0.0265677$ & $-0.00297867$ & $0.0163847$ & $-0.0697779$ & $-0.0493728$ & $0.401823$ & $0.398208$ & $-0.213335$ & $-0.448568$ & $-0.0303319$ & $0.0610794$ & $0.286427$ & $0.229133$ & $0.225202$ & $0.106142$ & $0.0087081$ & $0.00886819$ & $0.443458$ & $0.450648$ & $0.44577$ & $0.0039495$ & $-0.043134$ & $0.0272229$ & $-0.310159$ & $0.14799$ & $1$ & $0.00865103$ & $0.0402381$ & $0.0269696$ & $-0.0554942$ & $0.0445989$ & $0.18399$ & $0.000753694$ & $0.0201996$ & $0.00904911$ & $-0.00601849$ & $0.0152926$ & $0.0236208$ & $0.05106$ & $-0.0242335$ & $0.00929839$ & $0.0029741$ & $-0.00892161$ & $0.0180493$ & $-0.0119898$ & $0.010898$ & $-0.0347236$ \\
CeH_22r & $-0.00118913$ & $0.0118604$ & $0.0356547$ & $0.0181697$ & $-0.000918361$ & $-0.00619137$ & $-0.119027$ & $0.00466362$ & $0.0114731$ & $-0.0451781$ & $-0.0135752$ & $0.164014$ & $0.184452$ & $0.0211784$ & $0.00524723$ & $0.00594966$ & $0.0179612$ & $0.0159995$ & $0.0163482$ & $0.0126724$ & $0.0133943$ & $0.0153345$ & $0.00412734$ & $0.0130114$ & $0.0195471$ & $-0.0123805$ & $0.00873604$ & $0.00865103$ & $1$ & $0.154801$ & $0.0996759$ & $-0.116101$ & $0.162728$ & $0.000959465$ & $-0.0609183$ & $0.00751689$ & $-0.0428153$ & $-0.0154414$ & $-0.00577518$ & $0.00130131$ & $0.0529937$ & $-0.0111533$ & $0.0132531$ & $-0.030749$ & $0.0206619$ & $-0.0323002$ & $-0.00714332$ & $0.0527275$ & $0.00264858$ \\
CeH_33r & $0.0190822$ & $0.0469546$ & $0.100142$ & $0.09035$ & $0.00168856$ & $-0.0294399$ & $-0.562487$ & $0.02675$ & $0.0483229$ & $-0.225126$ & $-0.0746337$ & $0.661683$ & $0.715343$ & $0.10498$ & $0.0274697$ & $0.0341792$ & $0.0961895$ & $0.0849045$ & $0.0809275$ & $0.0731758$ & $0.0742704$ & $0.0726922$ & $0.00321974$ & $0.058622$ & $0.0880665$ & $-0.0542922$ & $0.0219295$ & $0.0402381$ & $0.154801$ & $1$ & $0.518459$ & $-0.415709$ & $0.86082$ & $0.00618206$ & $-0.208565$ & $0.0269466$ & $-0.201512$ & $-0.0353259$ & $-0.00251121$ & $-0.00806278$ & $0.217217$ & $-0.0554172$ & $0.00143679$ & $-0.136055$ & $0.132703$ & $-0.123441$ & $0.034548$ & $0.258283$ & $0.0135512$ \\
CuH_22r & $0.0111165$ & $0.00483569$ & $0.0571843$ & $0.0440365$ & $-0.00437527$ & $-0.0157285$ & $-0.355311$ & $0.0213586$ & $0.0369051$ & $-0.156774$ & $-0.0572572$ & $0.388742$ & $0.441493$ & $0.0804128$ & $0.0232519$ & $0.0264183$ & $0.0706937$ & $0.0625464$ & $0.0595704$ & $0.0560994$ & $0.056342$ & $0.054827$ & $0.00156231$ & $0.0402864$ & $0.0665613$ & $-0.038446$ & $0.0163491$ & $0.0269696$ & $0.0996759$ & $0.518459$ & $1$ & $-0.247289$ & $0.573225$ & $0.00246948$ & $-0.124114$ & $-0.00254193$ & $-0.146172$ & $-0.0272488$ & $0.0124691$ & $-0.00448069$ & $0.148763$ & $-0.0405365$ & $0.0103529$ & $-0.0840686$ & $0.0576299$ & $-0.0477383$ & $0.0629684$ & $0.155594$ & $-0.0124283$ \\
CuH_33r & $0.00465421$ & $0.167589$ & $-0.0692937$ & $-0.112329$ & $-0.0333744$ & $0.023122$ & $0.950719$ & $-0.0675951$ & $-0.0522418$ & $0.202782$ & $0.107529$ & $-0.496412$ & $-0.65572$ & $-0.109299$ & $-0.0400551$ & $-0.04895$ & $-0.0877803$ & $-0.0667433$ & $-0.0623751$ & $-0.103089$ & $-0.108037$ & $-0.106123$ & $-0.0120461$ & $-0.0234298$ & $-0.0760707$ & $0.0761747$ & $-0.0489519$ & $-0.0554942$ & $-0.116101$ & $-0.415709$ & $-0.247289$ & $1$ & $-0.46241$ & $-0.0346857$ & $0.256162$ & $-0.0259212$ & $0.31882$ & $0.00801592$ & $0.000527267$ & $0.00853062$ & $-0.13356$ & $0.0126284$ & $-0.14002$ & $0.186132$ & $-0.164265$ & $0.207467$ & $-0.0723848$ & $-0.285875$ & $-0.177877$ \\
CdH_33r & $-0.00428002$ & $0.0258363$ & $0.0854254$ & $0.130037$ & $-0.00173264$ & $-0.0304398$ & $-0.629407$ & $0.0255538$ & $0.0482812$ & $-0.254455$ & $-0.0876986$ & $0.705922$ & $0.7714$ & $0.130482$ & $0.0348458$ & $0.0413027$ & $0.124388$ & $0.10963$ & $0.106039$ & $0.086382$ & $0.0865136$ & $0.0852693$ & $0.00297982$ & $0.0795016$ & $0.112814$ & $-0.0641046$ & $0.0182739$ & $0.0445989$ & $0.162728$ & $0.86082$ & $0.573225$ & $-0.46241$ & $1$ & $-0.000143923$ & $-0.266422$ & $0.0373888$ & $-0.20161$ & $-0.0319907$ & $-0.0420724$ & $-0.00741564$ & $0.222873$ & $-0.0657126$ & $0.0109144$ & $-0.148014$ & $0.164028$ & $-0.167442$ & $0.0305317$ & $0.298393$ & $0.0965678$ \\
CLL_1221 & $-0.00530064$ & $0.019652$ & $0.0527447$ & $-0.00868271$ & $0.00102314$ & $-0.0982177$ & $-0.0285885$ & $0.531937$ & $0.525143$ & $-0.312982$ & $-0.327046$ & $-0.0435715$ & $0.0270312$ & $-0.172192$ & $-0.464447$ & $-0.031886$ & $-0.245014$ & $-0.0673163$ & $-0.365429$ & $0.269506$ & $0.392856$ & $0.392615$ & $0.193563$ & $-0.610944$ & $-0.246755$ & $-0.264883$ & $0.680781$ & $0.18399$ & $0.000959465$ & $0.00618206$ & $0.00246948$ & $-0.0346857$ & $-0.000143923$ & $1$ & $0.0446613$ & $0.01709$ & $-0.015086$ & $-0.0117721$ & $0.0287275$ & $0.0202223$ & $0.0581416$ & $-0.0222238$ & $-0.00145067$ & $0.0213064$ & $0.00468116$ & $0.023028$ & $-0.0213706$ & $0.00159369$ & $-0.0687578$ \\
eHggint & $0.564508$ & $0.315842$ & $0.22457$ & $0.0536856$ & $0.0201672$ & $0.00416674$ & $0.258414$ & $0.00961825$ & $0.00471143$ & $0.0586307$ & $0.0168609$ & $-0.318362$ & $-0.298044$ & $-0.0432758$ & $-0.0391646$ & $-0.0270019$ & $-0.0526825$ & $-0.031618$ & $-0.0416292$ & $-0.0187329$ & $-0.0128777$ & $-0.0127637$ & $0.0130739$ & $-0.0500678$ & $-0.0488917$ & $0.00567446$ & $0.0361183$ & $0.000753694$ & $-0.0609183$ & $-0.208565$ & $-0.124114$ & $0.256162$ & $-0.266422$ & $0.0446613$ & $1$ & $0.156787$ & $-0.102831$ & $0.0127901$ & $0.347775$ & $0.032865$ & $0.146129$ & $0.0925566$ & $-0.117338$ & $0.214358$ & $0.199693$ & $0.225714$ & $0.00622303$ & $0.122145$ & $-0.423508$ \\
eHggpar & $0.37969$ & $0.370668$ & $0.260477$ & $0.506269$ & $0.0147651$ & $0.00907022$ & $-0.0389238$ & $0.025566$ & $0.0254311$ & $-0.017275$ & $-0.0270986$ & $0.0259611$ & $0.0356308$ & $0.0183931$ & $0.0083364$ & $0.0236604$ & $-0.0040014$ & $0.00103891$ & $-0.010085$ & $0.0293926$ & $0.0275698$ & $0.0285501$ & $-0.0194897$ & $-0.0177926$ & $-0.0186946$ & $-0.0156264$ & $-0.00710956$ & $0.0201996$ & $0.00751689$ & $0.0269466$ & $-0.00254193$ & $-0.0259212$ & $0.0373888$ & $0.01709$ & $0.156787$ & $1$ & $0.059895$ & $0.182187$ & $-0.0538039$ & $0.189942$ & $0.241998$ & $-0.0547562$ & $0.143665$ & $0.0822698$ & $0.293063$ & $0.0199937$ & $-0.242018$ & $0.482701$ & $0.00737917$ \\
eHWWint & $-0.35791$ & $0.146465$ & $-0.228998$ & $0.169523$ & $0.017416$ & $0.00206849$ & $0.3261$ & $0.00254617$ & $0.00496565$ & $0.0408983$ & $0.0170954$ & $-0.226786$ & $-0.256189$ & $-0.0378337$ & $0.0192444$ & $0.00378043$ & $-0.0405793$ & $-0.05088$ & $-0.0412651$ & $-0.014029$ & $-0.017969$ & $-0.016116$ & $-0.0139199$ & $-0.0264018$ & $-0.0459533$ & $0.0174376$ & $-0.0332934$ & $0.00904911$ & $-0.0428153$ & $-0.201512$ & $-0.146172$ & $0.31882$ & $-0.20161$ & $-0.015086$ & $-0.102831$ & $0.059895$ & $1$ & $0.0698561$ & $-0.474518$ & $0.0083949$ & $-0.140763$ & $-0.009315$ & $-0.022592$ & $0.0147794$ & $-0.0750361$ & $-0.00770623$ & $-0.314256$ & $-0.416487$ & $0.221496$ \\
eHWWpar & $-0.0407668$ & $0.107411$ & $-0.115575$ & $-0.0917639$ & $0.00317863$ & $0.00831297$ & $0.0121998$ & $0.00389536$ & $-0.000866114$ & $0.00481121$ & $-0.00349454$ & $-0.0466792$ & $-0.0344637$ & $-0.000387606$ & $0.0201292$ & $0.0232885$ & $-0.00221099$ & $-0.0113159$ & $-0.0158553$ & $0.00552207$ & $0.00129973$ & $0.00100068$ & $-0.033655$ & $0.00144126$ & $-0.0160081$ & $0.0102421$ & $-0.0303174$ & $-0.00601849$ & $-0.0154414$ & $-0.0353259$ & $-0.0272488$ & $0.00801592$ & $-0.0319907$ & $-0.0117721$ & $0.0127901$ & $0.182187$ & $0.0698561$ & $1$ & $0.019851$ & $0.000738669$ & $-0.234243$ & $0.0856456$ & $-0.101831$ & $0.115732$ & $0.05899$ & $-0.00635362$ & $0.0595491$ & $-0.116227$ & $0.144621$ \\
eHZZint & $0.52563$ & $0.263816$ & $0.378167$ & $-0.114135$ & $0.0184171$ & $-0.00705204$ & $-0.00505366$ & $0.0312399$ & $0.0285955$ & $-0.0430119$ & $-0.0371719$ & $0.0141617$ & $0.00452533$ & $0.026662$ & $0.00463306$ & $-0.0131784$ & $0.0144991$ & $0.0101333$ & $0.0224057$ & $0.0347957$ & $0.0403196$ & $0.0397023$ & $0.00360854$ & $-0.0102314$ & $0.00540795$ & $-0.0267676$ & $0.0412773$ & $0.0152926$ & $-0.00577518$ & $-0.00251121$ & $0.0124691$ & $0.000527267$ & $-0.0420724$ & $0.0287275$ & $0.347775$ & $-0.0538039$ & $-0.474518$ & $0.019851$ & $1$ & $0.0585746$ & $0.225876$ & $-0.00185616$ & $-0.00097988$ & $-0.210463$ & $-0.184169$ & $0.41156$ & $-0.219303$ & $0.166581$ & $-0.54656$ \\
eHZZpar & $0.0653382$ & $-0.105213$ & $0.0995862$ & $0.239329$ & $0.0673758$ & $-0.00657416$ & $0.00569759$ & $0.0428468$ & $0.0456407$ & $-0.0357706$ & $-0.0366876$ & $-0.0545655$ & $-0.00438676$ & $0.00746764$ & $0.0220438$ & $0.0134367$ & $-0.00886279$ & $-0.0199828$ & $-0.0158715$ & $0.0365271$ & $0.0369941$ & $0.0372008$ & $0.0114699$ & $-0.0308208$ & $-0.0157473$ & $-0.0325663$ & $0.0193342$ & $0.0236208$ & $0.00130131$ & $-0.00806278$ & $-0.00448069$ & $0.00853062$ & $-0.00741564$ & $0.0202223$ & $0.032865$ & $0.189942$ & $0.0083949$ & $0.000738669$ & $0.0585746$ & $1$ & $0.275219$ & $-0.0436459$ & $0.215329$ & $-0.0155541$ & $-0.247105$ & $0.117304$ & $-0.0140123$ & $0.111897$ & $-0.0874156$ \\
eHZgaint & $0.447675$ & $0.0373497$ & $0.519322$ & $0.455319$ & $0.051268$ & $-0.0135363$ & $-0.176195$ & $0.0833$ & $0.0927676$ & $-0.0974978$ & $-0.0912664$ & $0.14726$ & $0.295351$ & $0.0582667$ & $0.0250817$ & $0.00883901$ & $0.0219481$ & $0.00997713$ & $0.0192229$ & $0.0873149$ & $0.0950806$ & $0.0937514$ & $0.0425367$ & $-0.0309632$ & $0.00963883$ & $-0.084189$ & $0.0722828$ & $0.05106$ & $0.0529937$ & $0.217217$ & $0.148763$ & $-0.13356$ & $0.222873$ & $0.0581416$ & $0.146129$ & $0.241998$ & $-0.140763$ & $-0.234243$ & $0.225876$ & $0.275219$ & $1$ & $-0.001853$ & $0.463894$ & $-0.0684637$ & $-0.188692$ & $0.430336$ & $-0.0499932$ & $0.537259$ & $-0.341377$ \\
eHZgapar & $0.047293$ & $-0.0782698$ & $-0.0865019$ & $0.0148045$ & $-0.0278447$ & $0.0180642$ & $0.0231064$ & $-0.0548892$ & $-0.0574567$ & $0.0621572$ & $0.0614473$ & $-0.111246$ & $-0.0809937$ & $-0.0404771$ & $-0.0359779$ & $-0.00781682$ & $-0.0177977$ & $0.00234936$ & $-0.0161697$ & $-0.0595552$ & $-0.0629219$ & $-0.0610115$ & $-0.0156901$ & $0.0132145$ & $-0.0230064$ & $0.0413886$ & $-0.0566968$ & $-0.0242335$ & $-0.0111533$ & $-0.0554172$ & $-0.0405365$ & $0.0126284$ & $-0.0657126$ & $-0.0222238$ & $0.0925566$ & $-0.0547562$ & $-0.009315$ & $0.0856456$ & $-0.00185616$ & $-0.0436459$ & $-0.001853$ & $1$ & $-0.0115988$ & $0.0235081$ & $-0.0337751$ & $-0.116641$ & $-0.0108632$ & $-0.0343388$ & $-0.06473$ \\
eHgagaint & $0.0562234$ & $-0.343424$ & $0.527606$ & $0.249296$ & $0.0462672$ & $0.00127057$ & $-0.117738$ & $0.0390058$ & $0.0449821$ & $-0.0357819$ & $-0.0444043$ & $-0.128264$ & $0.0276556$ & $0.0350023$ & $0.035512$ & $0.0229473$ & $0.00917023$ & $-0.00319597$ & $0.00494198$ & $0.0444118$ & $0.0430392$ & $0.043043$ & $0.0140471$ & $-0.00932299$ & $-0.00211102$ & $-0.0414118$ & $0.000325521$ & $0.00929839$ & $0.0132531$ & $0.00143679$ & $0.0103529$ & $-0.14002$ & $0.0109144$ & $-0.00145067$ & $-0.117338$ & $0.143665$ & $-0.022592$ & $-0.101831$ & $-0.00097988$ & $0.215329$ & $0.463894$ & $-0.0115988$ & $1$ & $0.0998983$ & $-0.446056$ & $0.201534$ & $-0.0235431$ & $0.2914$ & $-0.103706$ \\
eHmumuint & $-0.109833$ & $0.127199$ & $-0.0462575$ & $-0.159893$ & $-0.0467456$ & $0.0176899$ & $0.190511$ & $-0.0121824$ & $-0.010985$ & $0.074765$ & $0.0202657$ & $-0.222589$ & $-0.203375$ & $-0.0193146$ & $-0.0392049$ & $-0.0365607$ & $-0.0172237$ & $0.00362414$ & $7.32637e-06$ & $-0.0213408$ & $-0.0168644$ & $-0.0193753$ & $0.00578891$ & $-0.00605618$ & $0.00774599$ & $0.0199829$ & $0.0362711$ & $0.0029741$ & $-0.030749$ & $-0.136055$ & $-0.0840686$ & $0.186132$ & $-0.148014$ & $0.0213064$ & $0.214358$ & $0.0822698$ & $0.0147794$ & $0.115732$ & $-0.210463$ & $-0.0155541$ & $-0.0684637$ & $0.0235081$ & $0.0998983$ & $1$ & $-0.0554048$ & $-0.175837$ & $0.0417363$ & $-0.0105583$ & $-0.018208$ \\
eHtautauint & $0.189393$ & $0.214697$ & $-0.230432$ & $0.260437$ & $-0.0017669$ & $0.012122$ & $-0.175124$ & $-0.0232558$ & $-0.0280327$ & $0.00572892$ & $0.0235686$ & $0.172089$ & $0.154299$ & $-0.00657465$ & $-0.0301032$ & $-0.00113626$ & $-0.00707725$ & $0.0145082$ & $-0.00492483$ & $-0.0235477$ & $-0.0230507$ & $-0.0237459$ & $-0.0118611$ & $0.00697152$ & $0.00221713$ & $0.0235567$ & $-0.00148649$ & $-0.00892161$ & $0.0206619$ & $0.132703$ & $0.0576299$ & $-0.164265$ & $0.164028$ & $0.00468116$ & $0.199693$ & $0.293063$ & $-0.0750361$ & $0.05899$ & $-0.184169$ & $-0.247105$ & $-0.188692$ & $-0.0337751$ & $-0.446056$ & $-0.0554048$ & $1$ & $-0.29673$ & $0.0251158$ & $0.328121$ & $0.40171$ \\
eHccint & $0.422177$ & $0.167401$ & $0.206426$ & $-0.0643236$ & $0.0119289$ & $-0.0264708$ & $0.205939$ & $0.0533611$ & $0.0568394$ & $-0.0233187$ & $-0.0408968$ & $-0.11622$ & $-0.161396$ & $-0.00532003$ & $0.0373887$ & $0.011548$ & $-0.0175822$ & $-0.043366$ & $-0.0272627$ & $0.0401198$ & $0.0414641$ & $0.0420065$ & $0.0288421$ & $-0.047197$ & $-0.0408875$ & $-0.046201$ & $0.0221267$ & $0.0180493$ & $-0.0323002$ & $-0.123441$ & $-0.0477383$ & $0.207467$ & $-0.167442$ & $0.023028$ & $0.225714$ & $0.0199937$ & $-0.00770623$ & $-0.00635362$ & $0.41156$ & $0.117304$ & $0.430336$ & $-0.116641$ & $0.201534$ & $-0.175837$ & $-0.29673$ & $1$ & $0.0181388$ & $-0.0310665$ & $-0.443043$ \\
eHccpar & $-0.193141$ & $-0.394561$ & $-0.256844$ & $-0.151445$ & $0.039873$ & $0.0129483$ & $-0.0698709$ & $0.0172409$ & $0.0164951$ & $0.0270068$ & $-0.0167071$ & $0.00602049$ & $0.0258272$ & $0.0136349$ & $0.033958$ & $0.0338542$ & $-0.00618612$ & $-0.0161392$ & $-0.0165794$ & $0.017999$ & $0.0125157$ & $0.0132313$ & $0.00456429$ & $-0.00347596$ & $-0.00723401$ & $-0.0113313$ & $-0.0173807$ & $-0.0119898$ & $-0.00714332$ & $0.034548$ & $0.0629684$ & $-0.0723848$ & $0.0305317$ & $-0.0213706$ & $0.00622303$ & $-0.242018$ & $-0.314256$ & $0.0595491$ & $-0.219303$ & $-0.0140123$ & $-0.0499932$ & $-0.0108632$ & $-0.0235431$ & $0.0417363$ & $0.0251158$ & $0.0181388$ & $1$ & $0.0403263$ & $0.0128568$ \\
eHbbint & $0.431448$ & $0.100022$ & $0.378476$ & $0.516416$ & $0.0523204$ & $0.0153419$ & $-0.319204$ & $0.0126924$ & $0.0161897$ & $-0.0386336$ & $-0.0274792$ & $0.23218$ & $0.334795$ & $0.0465677$ & $0.00474156$ & $0.00482415$ & $0.0196412$ & $0.0285612$ & $0.0284684$ & $0.0273335$ & $0.0283061$ & $0.0270931$ & $0.00411379$ & $0.0141518$ & $0.01898$ & $-0.0275641$ & $0.0119928$ & $0.010898$ & $0.0527275$ & $0.258283$ & $0.155594$ & $-0.285875$ & $0.298393$ & $0.00159369$ & $0.122145$ & $0.482701$ & $-0.416487$ & $-0.116227$ & $0.166581$ & $0.111897$ & $0.537259$ & $-0.0343388$ & $0.2914$ & $-0.0105583$ & $0.328121$ & $-0.0310665$ & $0.0403263$ & $1$ & $-0.0120582$ \\
eHbbpar & $-0.364883$ & $-0.233931$ & $-0.463226$ & $0.255546$ & $0.00216626$ & $0.0175356$ & $-0.146346$ & $-0.0672996$ & $-0.0733171$ & $0.0135591$ & $0.0639146$ & $0.0111764$ & $0.0245781$ & $-0.0235867$ & $-0.000140261$ & $0.0140773$ & $-0.00250419$ & $0.00150141$ & $-0.00696235$ & $-0.0605094$ & $-0.0701303$ & $-0.0677743$ & $-0.0349924$ & $0.0422135$ & $-0.00815367$ & $0.0546781$ & $-0.0946339$ & $-0.0347236$ & $0.00264858$ & $0.0135512$ & $-0.0124283$ & $-0.177877$ & $0.0965678$ & $-0.0687578$ & $-0.423508$ & $0.00737917$ & $0.221496$ & $0.144621$ & $-0.54656$ & $-0.0874156$ & $-0.341377$ & $-0.06473$ & $-0.103706$ & $-0.018208$ & $0.40171$ & $-0.443043$ & $0.0128568$ & $-0.0120582$ & $1$ \\
