 & AlsMz & dAle5Mz & mtop & mHl & Mz & CW & CHG & CHWB & CHWHB_gaga & CHWHB_gagaorth & CHD & CHbox & CH & CHL1_11 & CHL1_22 & CHL1_33 & CHL3_11 & CHL3_22 & CHL3_33 & CHe_11 & CHe_22 & CHe_33 & CHQ1_11 & CHQ1_33 & CHQ3_11 & CHu_11 & CHd_11 & CHd_33 & CeH_22r & CeH_33r & CuH_22r & CuH_33r & CdH_33r & CLL_1221 & eHggint & eHggpar & eHWWint & eHWWpar & eHZZint & eHZZpar & eHZgaint & eHZgapar & eHgagaint & eHmumuint & eHtautauint & eHccint & eHccpar & eHbbint & eHbbpar \\
AlsMz & $1$ & $-0.101239$ & $-0.071406$ & $-0.0594618$ & $0.0515798$ & $-0.0548708$ & $0.0514083$ & $0.012832$ & $0.00830805$ & $-0.0220541$ & $-0.014894$ & $-0.0282902$ & $-0.0240151$ & $-0.00181518$ & $-0.0385232$ & $-0.0521098$ & $0.000814016$ & $0.0158199$ & $0.0233858$ & $0.00266709$ & $0.0137505$ & $0.0143834$ & $0.00374809$ & $-0.0602967$ & $-0.0628038$ & $-0.0338975$ & $0.0291685$ & $0.0441194$ & $0.00820433$ & $-0.00406267$ & $-0.0364467$ & $0.0369645$ & $-0.0218544$ & $0.0366802$ & $-0.116582$ & $-0.22423$ & $0.224846$ & $0.0336276$ & $-0.0106785$ & $-0.0233675$ & $-0.0688256$ & $-0.0469373$ & $-0.099165$ & $-0.06724$ & $0.0992325$ & $0.0182838$ & $0.0200532$ & $-0.0810747$ & $-0.00390854$ \\
dAle5Mz & $-0.101239$ & $1$ & $0.061462$ & $0.136101$ & $0.0197083$ & $-0.0201745$ & $0.0212541$ & $-0.0477809$ & $-0.0329855$ & $0.0383227$ & $-9.59714e-07$ & $0.00228424$ & $-0.0119864$ & $0.0636161$ & $0.0158931$ & $-0.012109$ & $0.0920174$ & $0.0644126$ & $0.0806983$ & $0.015228$ & $0.0118033$ & $0.0170236$ & $0.0137616$ & $0.0590948$ & $0.0789071$ & $-0.0197709$ & $-0.0120174$ & $0.0159642$ & $0.0115855$ & $0.00624295$ & $0.0327242$ & $0.0262609$ & $0.0114954$ & $-0.00711634$ & $-0.0476554$ & $-0.0993881$ & $0.0312473$ & $0.00545733$ & $-0.0180426$ & $0.0559097$ & $0.0719812$ & $-0.0326629$ & $0.275467$ & $-0.0824804$ & $-0.277153$ & $-0.0473539$ & $0.0265935$ & $-0.026355$ & $-0.0903676$ \\
mtop & $-0.071406$ & $0.061462$ & $1$ & $0.0501071$ & $0.0442421$ & $0.00764661$ & $-0.0240178$ & $-0.0149988$ & $-0.00747174$ & $0.0158617$ & $0.028084$ & $-0.000205786$ & $-0.00658868$ & $-0.0170797$ & $-0.0322593$ & $-0.0269473$ & $-0.00717254$ & $0.00888291$ & $-0.000130896$ & $-0.0231041$ & $-0.0176971$ & $-0.0179871$ & $0.0747689$ & $-0.00898097$ & $0.0108101$ & $-0.0209256$ & $0.0205421$ & $-0.000790654$ & $-0.0140357$ & $-0.0388616$ & $-0.0149514$ & $-0.0193837$ & $0.0193735$ & $0.019803$ & $-0.04045$ & $-0.0177527$ & $0.0964903$ & $0.0411$ & $0.287093$ & $-0.00713298$ & $-0.307039$ & $0.0621848$ & $0.207283$ & $0.0275385$ & $-0.0185448$ & $-0.0647357$ & $-0.00290958$ & $0.0244719$ & $0.137779$ \\
mHl & $-0.0594618$ & $0.136101$ & $0.0501071$ & $1$ & $-0.00589272$ & $-0.062436$ & $0.0214533$ & $-0.0434412$ & $-0.0389609$ & $0.00814371$ & $0.0231085$ & $0.0109367$ & $-0.021078$ & $-0.00356296$ & $0.0355692$ & $0.0494936$ & $0.0465442$ & $0.0155131$ & $-0.00117243$ & $-0.0122745$ & $-0.0288515$ & $-0.0336072$ & $-0.0568788$ & $0.0633132$ & $-0.00828216$ & $0.0452048$ & $-0.0922578$ & $-0.0194881$ & $0.00137534$ & $0.0340452$ & $-0.00672477$ & $0.0196682$ & $0.0159591$ & $-0.0498049$ & $0.0285377$ & $0.00403474$ & $-0.268337$ & $-0.0966412$ & $-0.112177$ & $-0.0369805$ & $0.195526$ & $-0.0393594$ & $0.121487$ & $-0.171489$ & $0.0447407$ & $0.125616$ & $-0.0627509$ & $0.0336479$ & $-0.0940855$ \\
Mz & $0.0515798$ & $0.0197083$ & $0.0442421$ & $-0.00589272$ & $1$ & $0.0165262$ & $-0.00696775$ & $0.0140209$ & $0.0126074$ & $0.00287138$ & $-0.0100153$ & $-0.0152724$ & $0.00620633$ & $0.0143035$ & $-0.01003$ & $0.0462416$ & $0.0115941$ & $0.016037$ & $-0.0182822$ & $0.0178816$ & $0.019272$ & $0.0225301$ & $0.00108683$ & $-0.00489916$ & $-0.00151206$ & $-0.0200398$ & $0.000364673$ & $0.000491864$ & $-0.00963794$ & $-0.0231127$ & $-0.0208974$ & $-0.0201452$ & $-0.0208369$ & $0.021877$ & $-0.032574$ & $-0.0111324$ & $0.0449238$ & $0.013053$ & $0.0482372$ & $-0.016475$ & $-0.0283645$ & $-0.0130518$ & $0.0487245$ & $0.0254272$ & $-0.0146372$ & $0.0081182$ & $-0.00627015$ & $-0.0145943$ & $0.0164119$ \\
CW & $-0.0548708$ & $-0.0201745$ & $0.00764661$ & $-0.062436$ & $0.0165262$ & $1$ & $0.00160698$ & $-0.124689$ & $-0.121082$ & $0.0551628$ & $0.176922$ & $0.114127$ & $-0.00878475$ & $0.0337072$ & $-0.047948$ & $-0.0348978$ & $-0.251729$ & $-0.0538615$ & $-0.0644927$ & $-0.170749$ & $-0.183211$ & $-0.176958$ & $-0.021481$ & $0.0153243$ & $-0.0863302$ & $0.107154$ & $-0.113227$ & $-0.0311011$ & $-0.0257508$ & $0.0277522$ & $0.00561001$ & $0.00396643$ & $0.00498072$ & $-0.148428$ & $0.029444$ & $-0.0150418$ & $0.0127554$ & $0.0159172$ & $0.0435011$ & $-0.0132241$ & $0.0234393$ & $0.0121925$ & $-0.0370797$ & $-0.00320511$ & $-0.0238882$ & $-0.0438486$ & $-0.0330576$ & $0.0290219$ & $-0.0305015$ \\
CHG & $0.0514083$ & $0.0212541$ & $-0.0240178$ & $0.0214533$ & $-0.00696775$ & $0.00160698$ & $1$ & $-0.114498$ & $-0.0607981$ & $0.102812$ & $0.0511396$ & $-0.032099$ & $-0.310189$ & $0.084645$ & $-0.0358911$ & $-0.0163809$ & $0.128683$ & $0.141848$ & $0.124905$ & $-0.0497696$ & $-0.0547115$ & $-0.0577153$ & $-0.0256078$ & $0.136942$ & $0.149234$ & $0.0446565$ & $-0.0191459$ & $0.00264721$ & $0.0197175$ & $-0.138121$ & $-0.083916$ & $0.936868$ & $-0.146623$ & $-0.0606598$ & $0.0607508$ & $-0.017337$ & $0.0788264$ & $-0.0166526$ & $-0.0401191$ & $-0.0333061$ & $-0.0127135$ & $-0.047955$ & $0.0438176$ & $-0.0373216$ & $0.0713582$ & $0.0870301$ & $-0.00655794$ & $0.0833663$ & $0.0292469$ \\
CHWB & $0.012832$ & $-0.0477809$ & $-0.0149988$ & $-0.0434412$ & $0.0140209$ & $-0.124689$ & $-0.114498$ & $1$ & $0.98479$ & $-0.582298$ & $-0.88092$ & $-0.242873$ & $0.344992$ & $0.105176$ & $0.310844$ & $0.288093$ & $-0.244577$ & $-0.43774$ & $-0.424064$ & $0.853001$ & $0.896341$ & $0.877715$ & $0.0671891$ & $-0.670873$ & $-0.412036$ & $-0.508022$ & $0.423269$ & $0.305887$ & $0.00219603$ & $0.104646$ & $0.0744079$ & $-0.106645$ & $0.123816$ & $0.560748$ & $0.00693619$ & $-0.000904111$ & $-0.0270528$ & $-0.00235175$ & $0.039241$ & $0.0156317$ & $0.00439332$ & $0.00494347$ & $-0.00451209$ & $-0.00988681$ & $0.0564885$ & $-0.0643144$ & $0.0300626$ & $0.0236751$ & $0.00222292$ \\
CHWHB_gaga & $0.00830805$ & $-0.0329855$ & $-0.00747174$ & $-0.0389609$ & $0.0126074$ & $-0.121082$ & $-0.0607981$ & $0.98479$ & $1$ & $-0.567521$ & $-0.865512$ & $-0.215201$ & $0.338823$ & $0.0990609$ & $0.305475$ & $0.285102$ & $-0.245158$ & $-0.43453$ & $-0.422661$ & $0.838643$ & $0.880819$ & $0.862545$ & $0.0649133$ & $-0.662626$ & $-0.40945$ & $-0.498427$ & $0.416126$ & $0.301124$ & $0.0121907$ & $0.125455$ & $0.0858978$ & $-0.0597979$ & $0.150686$ & $0.553091$ & $0.00727114$ & $-0.00641511$ & $-0.026968$ & $-0.00489571$ & $0.0440588$ & $0.0127941$ & $0.00610522$ & $0.0062293$ & $0.0363062$ & $-0.00649249$ & $0.0623012$ & $-0.0644765$ & $0.0347169$ & $0.02772$ & $0.00683501$ \\
CHWHB_gagaorth & $-0.0220541$ & $0.0383227$ & $0.0158617$ & $0.00814371$ & $0.00287138$ & $0.0551628$ & $0.102812$ & $-0.582298$ & $-0.567521$ & $1$ & $0.369892$ & $0.600699$ & $-0.253995$ & $0.227562$ & $-0.138287$ & $-0.114444$ & $0.427004$ & $0.491876$ & $0.473454$ & $-0.35462$ & $-0.385461$ & $-0.380278$ & $-0.0868004$ & $0.567135$ & $0.482972$ & $0.243484$ & $-0.246436$ & $-0.142258$ & $0.00318146$ & $-0.114407$ & $-0.0882589$ & $0.112902$ & $-0.133348$ & $-0.358176$ & $0.0270579$ & $-0.00217961$ & $0.0254533$ & $0.0123998$ & $0.000651828$ & $-0.00321947$ & $-0.0365149$ & $0.000569145$ & $0.0569301$ & $0.0707773$ & $0.0185493$ & $0.0637947$ & $0.0159579$ & $-0.0154951$ & $0.0429409$ \\
CHD & $-0.014894$ & $-9.59714e-07$ & $0.028084$ & $0.0231085$ & $-0.0100153$ & $0.176922$ & $0.0511396$ & $-0.88092$ & $-0.865512$ & $0.369892$ & $1$ & $0.293867$ & $-0.170475$ & $-0.517764$ & $-0.424331$ & $-0.398704$ & $-0.208297$ & $0.0714356$ & $0.0571936$ & $-0.990557$ & $-0.991759$ & $-0.970777$ & $-0.00750219$ & $0.310229$ & $0.0311358$ & $0.567135$ & $-0.295495$ & $-0.329494$ & $0.00839121$ & $-0.0581162$ & $-0.0570242$ & $0.0532893$ & $-0.0696508$ & $-0.37127$ & $-0.0092465$ & $-0.00238485$ & $0.0164646$ & $0.00640419$ & $-0.0403005$ & $-0.0192294$ & $0.000182048$ & $-0.00973204$ & $0.00342262$ & $-0.0393207$ & $-0.0666518$ & $0.0278068$ & $-0.0332527$ & $0.000102048$ & $-0.00243565$ \\
CHbox & $-0.0282902$ & $0.00228424$ & $-0.000205786$ & $0.0109367$ & $-0.0152724$ & $0.114127$ & $-0.032099$ & $-0.242873$ & $-0.215201$ & $0.600699$ & $0.293867$ & $1$ & $0.153495$ & $-0.199158$ & $-0.0375198$ & $0.00605914$ & $-0.118871$ & $-0.0628372$ & $-0.0968316$ & $-0.270382$ & $-0.305222$ & $-0.300621$ & $-0.0414723$ & $0.0888224$ & $-0.0610071$ & $0.188245$ & $-0.161731$ & $-0.0932664$ & $0.0504822$ & $0.255723$ & $0.0301361$ & $0.0532535$ & $0.293661$ & $-0.173986$ & $0.0650154$ & $0.0134098$ & $-0.00276741$ & $0.0400982$ & $-0.000737812$ & $-0.00885767$ & $0.00112282$ & $-0.00486576$ & $0.045686$ & $0.00349131$ & $0.0217875$ & $0.045499$ & $-0.00911677$ & $0.0348383$ & $0.010075$ \\
CH & $-0.0240151$ & $-0.0119864$ & $-0.00658868$ & $-0.021078$ & $0.00620633$ & $-0.00878475$ & $-0.310189$ & $0.344992$ & $0.338823$ & $-0.253995$ & $-0.170475$ & $0.153495$ & $1$ & $-0.239346$ & $0.102845$ & $0.089667$ & $-0.352798$ & $-0.392958$ & $-0.379933$ & $0.169775$ & $0.178136$ & $0.176985$ & $0.0313186$ & $-0.382824$ & $-0.378458$ & $-0.096272$ & $0.119773$ & $0.0749753$ & $0.0461021$ & $0.250853$ & $0.125429$ & $-0.256934$ & $0.351654$ & $0.194826$ & $0.0155456$ & $0.0437964$ & $-0.000262408$ & $-0.00890606$ & $0.00626296$ & $0.00994041$ & $0.0421242$ & $0.0110677$ & $0.00585796$ & $-0.0205832$ & $0.012972$ & $-0.0187596$ & $0.00269754$ & $0.0326034$ & $0.0241087$ \\
CHL1_11 & $-0.00181518$ & $0.0636161$ & $-0.0170797$ & $-0.00356296$ & $0.0143035$ & $0.0337072$ & $0.084645$ & $0.105176$ & $0.0990609$ & $0.227562$ & $-0.517764$ & $-0.199158$ & $-0.239346$ & $1$ & $0.272422$ & $0.240244$ & $0.661974$ & $0.589996$ & $0.607927$ & $0.535902$ & $0.48258$ & $0.469433$ & $-0.0908598$ & $0.460155$ & $0.592402$ & $-0.281817$ & $-0.100459$ & $0.14443$ & $-0.0225113$ & $-0.0674624$ & $-0.0224351$ & $0.061146$ & $-0.0947901$ & $-0.208478$ & $0.0198974$ & $-0.00958905$ & $0.0217176$ & $-0.00834125$ & $0.0398951$ & $0.0083117$ & $-0.0177833$ & $0.0109144$ & $0.00155986$ & $0.10113$ & $0.0445493$ & $0.0287566$ & $0.0032882$ & $-0.0370992$ & $-0.00636141$ \\
CHL1_22 & $-0.0385232$ & $0.0158931$ & $-0.0322593$ & $0.0355692$ & $-0.01003$ & $-0.047948$ & $-0.0358911$ & $0.310844$ & $0.305475$ & $-0.138287$ & $-0.424331$ & $-0.0375198$ & $0.102845$ & $0.272422$ & $1$ & $0.434062$ & $0.139166$ & $-0.459221$ & $-0.03909$ & $0.489335$ & $0.343858$ & $0.331006$ & $-0.135978$ & $0.0860303$ & $-0.145896$ & $-0.220488$ & $-0.384383$ & $0.143081$ & $0.00941997$ & $0.0699137$ & $0.0426769$ & $-0.0243048$ & $0.0505012$ & $-0.583697$ & $0.00952729$ & $0.0263412$ & $-0.0556501$ & $-0.00898279$ & $-0.00147108$ & $0.0119258$ & $0.0396512$ & $0.0599485$ & $-0.0900088$ & $0.0533323$ & $0.0182445$ & $0.0192222$ & $0.0129565$ & $-0.0307517$ & $-0.053509$ \\
CHL1_33 & $-0.0521098$ & $-0.012109$ & $-0.0269473$ & $0.0494936$ & $0.0462416$ & $-0.0348978$ & $-0.0163809$ & $0.288093$ & $0.285102$ & $-0.114444$ & $-0.398704$ & $0.00605914$ & $0.089667$ & $0.240244$ & $0.434062$ & $1$ & $0.148821$ & $-0.0358906$ & $-0.445201$ & $0.462707$ & $0.320515$ & $0.336223$ & $-0.137248$ & $0.0799408$ & $-0.12806$ & $-0.212323$ & $-0.380083$ & $0.12325$ & $0.0408388$ & $0.079118$ & $0.0332385$ & $-0.00532045$ & $0.0684345$ & $-0.0907284$ & $0.0347905$ & $0.0214541$ & $-0.052602$ & $0.0124578$ & $-0.0124187$ & $-0.00489658$ & $0.0416741$ & $0.0307325$ & $-0.103682$ & $0.00857785$ & $-0.00996268$ & $0.0914577$ & $0.00292494$ & $0.0182935$ & $-0.0536405$ \\
CHL3_11 & $0.000814016$ & $0.0920174$ & $-0.00717254$ & $0.0465442$ & $0.0115941$ & $-0.251729$ & $0.128683$ & $-0.244577$ & $-0.245158$ & $0.427004$ & $-0.208297$ & $-0.118871$ & $-0.352798$ & $0.661974$ & $0.139166$ & $0.148821$ & $1$ & $0.745323$ & $0.737593$ & $0.229773$ & $0.179729$ & $0.176559$ & $-0.0879827$ & $0.680925$ & $0.784584$ & $-0.10676$ & $-0.153835$ & $0.033454$ & $-0.0232872$ & $-0.0965377$ & $-0.0241588$ & $0.112814$ & $-0.0940277$ & $-0.238382$ & $-0.00423015$ & $0.0217484$ & $0.0158047$ & $-0.0130458$ & $-0.00341612$ & $0.0172317$ & $-0.0135234$ & $0.00324661$ & $0.027336$ & $0.0807606$ & $0.0206442$ & $0.0768107$ & $0.0227722$ & $-0.0430866$ & $0.0175778$ \\
CHL3_22 & $0.0158199$ & $0.0644126$ & $0.00888291$ & $0.0155131$ & $0.016037$ & $-0.0538615$ & $0.141848$ & $-0.43774$ & $-0.43453$ & $0.491876$ & $0.0714356$ & $-0.0628372$ & $-0.392958$ & $0.589996$ & $-0.459221$ & $-0.0358906$ & $0.745323$ & $1$ & $0.679209$ & $-0.0744058$ & $-0.0637936$ & $-0.0572826$ & $-0.024258$ & $0.625222$ & $0.8009$ & $0.0395237$ & $-0.00764586$ & $-0.0552325$ & $-0.0229271$ & $-0.131474$ & $-0.0621335$ & $0.116453$ & $-0.135448$ & $0.036584$ & $0.00452165$ & $-0.00677445$ & $0.0541393$ & $0.00074573$ & $0.00933344$ & $-0.000983821$ & $-0.0375281$ & $-0.0289085$ & $0.0591743$ & $0.0569459$ & $0.00729414$ & $0.0600651$ & $-0.00546764$ & $-0.021583$ & $0.0336456$ \\
CHL3_33 & $0.0233858$ & $0.0806983$ & $-0.000130896$ & $-0.00117243$ & $-0.0182822$ & $-0.0644927$ & $0.124905$ & $-0.424064$ & $-0.422661$ & $0.473454$ & $0.0571936$ & $-0.0968316$ & $-0.379933$ & $0.607927$ & $-0.03909$ & $-0.445201$ & $0.737593$ & $0.679209$ & $1$ & $-0.0598676$ & $-0.049422$ & $-0.0442182$ & $-0.0210239$ & $0.627233$ & $0.793349$ & $0.0382626$ & $-0.0016356$ & $-0.0472502$ & $-0.0454512$ & $-0.138793$ & $-0.0509535$ & $0.100488$ & $-0.142557$ & $-0.335071$ & $-0.0159282$ & $-0.00108762$ & $0.0531499$ & $-0.0168899$ & $0.0122521$ & $0.00733327$ & $-0.0370997$ & $-0.00728772$ & $0.0656246$ & $0.0893$ & $0.0222916$ & $0.00888983$ & $0.00647311$ & $-0.0568701$ & $0.0408119$ \\
CHe_11 & $0.00266709$ & $0.015228$ & $-0.0231041$ & $-0.0122745$ & $0.0178816$ & $-0.170749$ & $-0.0497696$ & $0.853001$ & $0.838643$ & $-0.35462$ & $-0.990557$ & $-0.270382$ & $0.169775$ & $0.535902$ & $0.489335$ & $0.462707$ & $0.229773$ & $-0.0744058$ & $-0.0598676$ & $1$ & $0.973533$ & $0.953373$ & $-0.0105367$ & $-0.257631$ & $-0.0229867$ & $-0.562454$ & $0.222269$ & $0.328116$ & $-0.00448243$ & $0.0611065$ & $0.0570894$ & $-0.050671$ & $0.0718348$ & $0.292099$ & $0.0089796$ & $0.00646141$ & $-0.0200525$ & $-0.00454416$ & $0.0384913$ & $0.0186701$ & $0.00291708$ & $0.0144923$ & $-0.00893344$ & $0.0455606$ & $0.0584575$ & $-0.0206966$ & $0.03035$ & $-0.00202388$ & $-0.0027139$ \\
CHe_22 & $0.0137505$ & $0.0118033$ & $-0.0176971$ & $-0.0288515$ & $0.019272$ & $-0.183211$ & $-0.0547115$ & $0.896341$ & $0.880819$ & $-0.385461$ & $-0.991759$ & $-0.305222$ & $0.178136$ & $0.48258$ & $0.343858$ & $0.320515$ & $0.179729$ & $-0.0637936$ & $-0.049422$ & $0.973533$ & $1$ & $0.975353$ & $0.0321587$ & $-0.360241$ & $-0.0351797$ & $-0.567617$ & $0.372233$ & $0.327274$ & $-0.0116339$ & $0.0538797$ & $0.0568853$ & $-0.0577135$ & $0.0699769$ & $0.452803$ & $0.00529701$ & $0.00101439$ & $-0.0114648$ & $-0.00616366$ & $0.043063$ & $0.0210894$ & $-0.005759$ & $0.00193622$ & $0.0158243$ & $0.0318472$ & $0.0641777$ & $-0.0401775$ & $0.0351357$ & $0.00309374$ & $0.00910037$ \\
CHe_33 & $0.0143834$ & $0.0170236$ & $-0.0179871$ & $-0.0336072$ & $0.0225301$ & $-0.176958$ & $-0.0577153$ & $0.877715$ & $0.862545$ & $-0.380278$ & $-0.970777$ & $-0.300621$ & $0.176985$ & $0.469433$ & $0.331006$ & $0.336223$ & $0.176559$ & $-0.0572826$ & $-0.0442182$ & $0.953373$ & $0.975353$ & $1$ & $0.0333234$ & $-0.353369$ & $-0.0319646$ & $-0.556195$ & $0.367989$ & $0.317497$ & $-0.00894862$ & $0.0515098$ & $0.0599131$ & $-0.0596125$ & $0.0732577$ & $0.451524$ & $0.0100945$ & $-0.0049929$ & $-0.00746459$ & $-0.00636479$ & $0.0466727$ & $0.017421$ & $-0.0131937$ & $0.00906448$ & $0.0125268$ & $0.0287753$ & $0.0561363$ & $-0.0345439$ & $0.0335541$ & $-0.000777117$ & $0.01327$ \\
CHQ1_11 & $0.00374809$ & $0.0137616$ & $0.0747689$ & $-0.0568788$ & $0.00108683$ & $-0.021481$ & $-0.0256078$ & $0.0671891$ & $0.0649133$ & $-0.0868004$ & $-0.00750219$ & $-0.0414723$ & $0.0313186$ & $-0.0908598$ & $-0.135978$ & $-0.137248$ & $-0.0879827$ & $-0.024258$ & $-0.0210239$ & $-0.0105367$ & $0.0321587$ & $0.0333234$ & $1$ & $-0.130524$ & $0.0432693$ & $-0.678519$ & $0.303274$ & $0.00948452$ & $-0.0110839$ & $0.0144468$ & $0.0014645$ & $-0.0260046$ & $0.00510705$ & $0.173822$ & $0.00276381$ & $-0.0056528$ & $0.0277671$ & $0.0568332$ & $0.0491052$ & $0.023822$ & $-0.0384537$ & $-0.0195527$ & $0.046815$ & $-0.0186227$ & $-0.0256059$ & $-0.0728928$ & $0.00439635$ & $-0.00640441$ & $0.00514917$ \\
CHQ1_33 & $-0.0602967$ & $0.0590948$ & $-0.00898097$ & $0.0633132$ & $-0.00489916$ & $0.0153243$ & $0.136942$ & $-0.670873$ & $-0.662626$ & $0.567135$ & $0.310229$ & $0.0888224$ & $-0.382824$ & $0.460155$ & $0.0860303$ & $0.0799408$ & $0.680925$ & $0.625222$ & $0.627233$ & $-0.257631$ & $-0.360241$ & $-0.353369$ & $-0.130524$ & $1$ & $0.65907$ & $0.199416$ & $-0.399816$ & $-0.028001$ & $-0.0191445$ & $-0.099826$ & $-0.054535$ & $0.11854$ & $-0.121347$ & $-0.619486$ & $-0.0116992$ & $0.0280723$ & $0.0103911$ & $-0.0158205$ & $-0.0262653$ & $0.00693767$ & $-0.00593079$ & $0.00966764$ & $-0.017033$ & $0.0615385$ & $-0.00662431$ & $0.0874688$ & $-0.0141547$ & $-0.0202762$ & $-0.000636582$ \\
CHQ3_11 & $-0.0628038$ & $0.0789071$ & $0.0108101$ & $-0.00828216$ & $-0.00151206$ & $-0.0863302$ & $0.149234$ & $-0.412036$ & $-0.40945$ & $0.482972$ & $0.0311358$ & $-0.0610071$ & $-0.378458$ & $0.592402$ & $-0.145896$ & $-0.12806$ & $0.784584$ & $0.8009$ & $0.793349$ & $-0.0229867$ & $-0.0351797$ & $-0.0319646$ & $0.0432693$ & $0.65907$ & $1$ & $0.0320607$ & $0.194715$ & $-0.0224525$ & $-0.018679$ & $-0.150634$ & $-0.0735117$ & $0.126392$ & $-0.138862$ & $-0.202249$ & $0.00290577$ & $0.0416311$ & $0.0520502$ & $0.00128033$ & $0.0132638$ & $0.0147839$ & $-0.00232889$ & $-0.00950533$ & $0.0804156$ & $0.0392829$ & $-0.000147336$ & $0.0268067$ & $0.00205166$ & $-0.0175836$ & $0.0383073$ \\
CHu_11 & $-0.0338975$ & $-0.0197709$ & $-0.0209256$ & $0.0452048$ & $-0.0200398$ & $0.107154$ & $0.0446565$ & $-0.508022$ & $-0.498427$ & $0.243484$ & $0.567135$ & $0.188245$ & $-0.096272$ & $-0.281817$ & $-0.220488$ & $-0.212323$ & $-0.10676$ & $0.0395237$ & $0.0382626$ & $-0.562454$ & $-0.567617$ & $-0.556195$ & $-0.678519$ & $0.199416$ & $0.0320607$ & $1$ & $-0.147983$ & $-0.184647$ & $0.0126493$ & $-0.0619113$ & $-0.0482583$ & $0.0438316$ & $-0.0474608$ & $-0.237481$ & $-0.0104778$ & $0.0109872$ & $0.000387722$ & $-0.0498466$ & $-0.0565017$ & $-0.0333096$ & $0.0431299$ & $0.0143782$ & $0.00301768$ & $-0.0422008$ & $-0.0149542$ & $0.0493709$ & $-0.013004$ & $0.0227704$ & $0.0158432$ \\
CHd_11 & $0.0291685$ & $-0.0120174$ & $0.0205421$ & $-0.0922578$ & $0.000364673$ & $-0.113227$ & $-0.0191459$ & $0.423269$ & $0.416126$ & $-0.246436$ & $-0.295495$ & $-0.161731$ & $0.119773$ & $-0.100459$ & $-0.384383$ & $-0.380083$ & $-0.153835$ & $-0.00764586$ & $-0.0016356$ & $0.222269$ & $0.372233$ & $0.367989$ & $0.303274$ & $-0.399816$ & $0.194715$ & $-0.147983$ & $1$ & $0.117343$ & $-0.0116445$ & $-0.0345913$ & $-0.0125196$ & $-0.0283093$ & $0.0165453$ & $0.68031$ & $-0.0240843$ & $0.0124427$ & $0.0626427$ & $0.00305947$ & $0.0369756$ & $0.0248354$ & $-0.00163302$ & $-0.0361909$ & $0.125019$ & $-0.0874915$ & $0.0251083$ & $-0.10723$ & $0.0247163$ & $0.0456527$ & $0.0695148$ \\
CHd_33 & $0.0441194$ & $0.0159642$ & $-0.000790654$ & $-0.0194881$ & $0.000491864$ & $-0.0311011$ & $0.00264721$ & $0.305887$ & $0.301124$ & $-0.142258$ & $-0.329494$ & $-0.0932664$ & $0.0749753$ & $0.14443$ & $0.143081$ & $0.12325$ & $0.033454$ & $-0.0552325$ & $-0.0472502$ & $0.328116$ & $0.327274$ & $0.317497$ & $0.00948452$ & $-0.028001$ & $-0.0224525$ & $-0.184647$ & $0.117343$ & $1$ & $-0.00957575$ & $0.0311859$ & $0.0216776$ & $0.0006174$ & $0.0261977$ & $0.130845$ & $-0.0121717$ & $0.0296147$ & $-0.0230751$ & $-0.00432818$ & $0.0148494$ & $-0.0124743$ & $-0.00169558$ & $-0.000223502$ & $-0.0255884$ & $0.0512745$ & $0.0357262$ & $-0.0110056$ & $0.00938486$ & $0.00117064$ & $-0.023176$ \\
CeH_22r & $0.00820433$ & $0.0115855$ & $-0.0140357$ & $0.00137534$ & $-0.00963794$ & $-0.0257508$ & $0.0197175$ & $0.00219603$ & $0.0121907$ & $0.00318146$ & $0.00839121$ & $0.0504822$ & $0.0461021$ & $-0.0225113$ & $0.00941997$ & $0.0408388$ & $-0.0232872$ & $-0.0229271$ & $-0.0454512$ & $-0.00448243$ & $-0.0116339$ & $-0.00894862$ & $-0.0110839$ & $-0.0191445$ & $-0.018679$ & $0.0126493$ & $-0.0116445$ & $-0.00957575$ & $1$ & $0.0521856$ & $0.0209506$ & $0.00758869$ & $0.0442875$ & $-0.00316473$ & $-0.0569895$ & $-0.00479182$ & $-0.0112232$ & $0.020132$ & $0.00256156$ & $0.0257939$ & $0.0127229$ & $0.0142184$ & $0.000612261$ & $0.0312348$ & $-0.0073878$ & $-0.0813043$ & $0.0390332$ & $-0.0111376$ & $-0.00463599$ \\
CeH_33r & $-0.00406267$ & $0.00624295$ & $-0.0388616$ & $0.0340452$ & $-0.0231127$ & $0.0277522$ & $-0.138121$ & $0.104646$ & $0.125455$ & $-0.114407$ & $-0.0581162$ & $0.255723$ & $0.250853$ & $-0.0674624$ & $0.0699137$ & $0.079118$ & $-0.0965377$ & $-0.131474$ & $-0.138793$ & $0.0611065$ & $0.0538797$ & $0.0515098$ & $0.0144468$ & $-0.099826$ & $-0.150634$ & $-0.0619113$ & $-0.0345913$ & $0.0311859$ & $0.0521856$ & $1$ & $0.348148$ & $0.0173729$ & $0.698434$ & $0.0313637$ & $-0.0843035$ & $-0.0115402$ & $-0.155194$ & $0.00828647$ & $0.0111517$ & $0.0225311$ & $0.0408054$ & $-0.0135464$ & $-0.0419578$ & $-0.0203402$ & $0.0541431$ & $-0.0102781$ & $-0.0220507$ & $0.0325463$ & $0.0106902$ \\
CuH_22r & $-0.0364467$ & $0.0327242$ & $-0.0149514$ & $-0.00672477$ & $-0.0208974$ & $0.00561001$ & $-0.083916$ & $0.0744079$ & $0.0858978$ & $-0.0882589$ & $-0.0570242$ & $0.0301361$ & $0.125429$ & $-0.0224351$ & $0.0426769$ & $0.0332385$ & $-0.0241588$ & $-0.0621335$ & $-0.0509535$ & $0.0570894$ & $0.0568853$ & $0.0599131$ & $0.0014645$ & $-0.054535$ & $-0.0735117$ & $-0.0482583$ & $-0.0125196$ & $0.0216776$ & $0.0209506$ & $0.348148$ & $1$ & $0.00457766$ & $0.427955$ & $0.0335538$ & $-0.057605$ & $-0.0726418$ & $-0.128$ & $-0.0129261$ & $-0.0158938$ & $-0.0190819$ & $0.0284515$ & $0.0131182$ & $0.0211422$ & $0.054005$ & $-0.0466271$ & $0.0287665$ & $0.285356$ & $0.0248387$ & $0.0809315$ \\
CuH_33r & $0.0369645$ & $0.0262609$ & $-0.0193837$ & $0.0196682$ & $-0.0201452$ & $0.00396643$ & $0.936868$ & $-0.106645$ & $-0.0597979$ & $0.112902$ & $0.0532893$ & $0.0532535$ & $-0.256934$ & $0.061146$ & $-0.0243048$ & $-0.00532045$ & $0.112814$ & $0.116453$ & $0.100488$ & $-0.050671$ & $-0.0577135$ & $-0.0596125$ & $-0.0260046$ & $0.11854$ & $0.126392$ & $0.0438316$ & $-0.0283093$ & $0.0006174$ & $0.00758869$ & $0.0173729$ & $0.00457766$ & $1$ & $0.0434795$ & $-0.0601346$ & $0.106227$ & $0.0212181$ & $0.0737034$ & $-0.0100634$ & $-0.0357421$ & $-0.0297329$ & $0.000849467$ & $-0.0378364$ & $0.0682244$ & $-0.054243$ & $0.0699872$ & $0.10696$ & $-0.00936609$ & $0.103806$ & $0.019359$ \\
CdH_33r & $-0.0218544$ & $0.0114954$ & $0.0193735$ & $0.0159591$ & $-0.0208369$ & $0.00498072$ & $-0.146623$ & $0.123816$ & $0.150686$ & $-0.133348$ & $-0.0696508$ & $0.293661$ & $0.351654$ & $-0.0947901$ & $0.0505012$ & $0.0684345$ & $-0.0940277$ & $-0.135448$ & $-0.142557$ & $0.0718348$ & $0.0699769$ & $0.0732577$ & $0.00510705$ & $-0.121347$ & $-0.138862$ & $-0.0474608$ & $0.0165453$ & $0.0261977$ & $0.0442875$ & $0.698434$ & $0.427955$ & $0.0434795$ & $1$ & $0.0696895$ & $-0.136234$ & $-0.073478$ & $-0.127717$ & $0.00209178$ & $0.0307052$ & $-0.00227803$ & $0.0111754$ & $0.0149794$ & $-0.00124617$ & $0.0281424$ & $0.0344935$ & $0.0606984$ & $0.066868$ & $0.139479$ & $0.316443$ \\
CLL_1221 & $0.0366802$ & $-0.00711634$ & $0.019803$ & $-0.0498049$ & $0.021877$ & $-0.148428$ & $-0.0606598$ & $0.560748$ & $0.553091$ & $-0.358176$ & $-0.37127$ & $-0.173986$ & $0.194826$ & $-0.208478$ & $-0.583697$ & $-0.0907284$ & $-0.238382$ & $0.036584$ & $-0.335071$ & $0.292099$ & $0.452803$ & $0.451524$ & $0.173822$ & $-0.619486$ & $-0.202249$ & $-0.237481$ & $0.68031$ & $0.130845$ & $-0.00316473$ & $0.0313637$ & $0.0335538$ & $-0.0601346$ & $0.0696895$ & $1$ & $-0.00429341$ & $-0.0182021$ & $0.0193065$ & $0.00450978$ & $0.0285131$ & $0.0119661$ & $-0.0235132$ & $-0.0478808$ & $0.088932$ & $-0.0651364$ & $0.0178236$ & $-0.0603664$ & $0.0234303$ & $0.044785$ & $0.0441382$ \\
eHggint & $-0.116582$ & $-0.0476554$ & $-0.04045$ & $0.0285377$ & $-0.032574$ & $0.029444$ & $0.0607508$ & $0.00693619$ & $0.00727114$ & $0.0270579$ & $-0.0092465$ & $0.0650154$ & $0.0155456$ & $0.0198974$ & $0.00952729$ & $0.0347905$ & $-0.00423015$ & $0.00452165$ & $-0.0159282$ & $0.0089796$ & $0.00529701$ & $0.0100945$ & $0.00276381$ & $-0.0116992$ & $0.00290577$ & $-0.0104778$ & $-0.0240843$ & $-0.0121717$ & $-0.0569895$ & $-0.0843035$ & $-0.057605$ & $0.106227$ & $-0.136234$ & $-0.00429341$ & $1$ & $0.0161387$ & $0.246357$ & $0.021895$ & $0.00893701$ & $-0.0079357$ & $0.0731025$ & $0.0450383$ & $0.257215$ & $-0.138664$ & $0.0677661$ & $0.260501$ & $0.013729$ & $0.105358$ & $-0.176944$ \\
eHggpar & $-0.22423$ & $-0.0993881$ & $-0.0177527$ & $0.00403474$ & $-0.0111324$ & $-0.0150418$ & $-0.017337$ & $-0.000904111$ & $-0.00641511$ & $-0.00217961$ & $-0.00238485$ & $0.0134098$ & $0.0437964$ & $-0.00958905$ & $0.0263412$ & $0.0214541$ & $0.0217484$ & $-0.00677445$ & $-0.00108762$ & $0.00646141$ & $0.00101439$ & $-0.0049929$ & $-0.0056528$ & $0.0280723$ & $0.0416311$ & $0.0109872$ & $0.0124427$ & $0.0296147$ & $-0.00479182$ & $-0.0115402$ & $-0.0726418$ & $0.0212181$ & $-0.073478$ & $-0.0182021$ & $0.0161387$ & $1$ & $-0.0781451$ & $-0.0363551$ & $-0.158172$ & $-0.0127077$ & $0.150769$ & $0.0342526$ & $0.0720652$ & $-0.0575882$ & $-0.0807617$ & $0.0921017$ & $-0.0532717$ & $-0.00717793$ & $-0.181358$ \\
eHWWint & $0.224846$ & $0.0312473$ & $0.0964903$ & $-0.268337$ & $0.0449238$ & $0.0127554$ & $0.0788264$ & $-0.0270528$ & $-0.026968$ & $0.0254533$ & $0.0164646$ & $-0.00276741$ & $-0.000262408$ & $0.0217176$ & $-0.0556501$ & $-0.052602$ & $0.0158047$ & $0.0541393$ & $0.0531499$ & $-0.0200525$ & $-0.0114648$ & $-0.00746459$ & $0.0277671$ & $0.0103911$ & $0.0520502$ & $0.000387722$ & $0.0626427$ & $-0.0230751$ & $-0.0112232$ & $-0.155194$ & $-0.128$ & $0.0737034$ & $-0.127717$ & $0.0193065$ & $0.246357$ & $-0.0781451$ & $1$ & $0.0318362$ & $0.0894964$ & $-0.0217284$ & $-0.133954$ & $0.0163276$ & $0.179136$ & $-0.0352138$ & $0.0401902$ & $0.0709314$ & $-0.12771$ & $0.120221$ & $0.0638683$ \\
eHWWpar & $0.0336276$ & $0.00545733$ & $0.0411$ & $-0.0966412$ & $0.013053$ & $0.0159172$ & $-0.0166526$ & $-0.00235175$ & $-0.00489571$ & $0.0123998$ & $0.00640419$ & $0.0400982$ & $-0.00890606$ & $-0.00834125$ & $-0.00898279$ & $0.0124578$ & $-0.0130458$ & $0.00074573$ & $-0.0168899$ & $-0.00454416$ & $-0.00616366$ & $-0.00636479$ & $0.0568332$ & $-0.0158205$ & $0.00128033$ & $-0.0498466$ & $0.00305947$ & $-0.00432818$ & $0.020132$ & $0.00828647$ & $-0.0129261$ & $-0.0100634$ & $0.00209178$ & $0.00450978$ & $0.021895$ & $-0.0363551$ & $0.0318362$ & $1$ & $0.110192$ & $-0.0183192$ & $-0.0846048$ & $0.0198375$ & $-0.0136292$ & $0.0214728$ & $-0.0228397$ & $-0.0758239$ & $0.0107952$ & $-0.0531422$ & $0.0198852$ \\
eHZZint & $-0.0106785$ & $-0.0180426$ & $0.287093$ & $-0.112177$ & $0.0482372$ & $0.0435011$ & $-0.0401191$ & $0.039241$ & $0.0440588$ & $0.000651828$ & $-0.0403005$ & $-0.000737812$ & $0.00626296$ & $0.0398951$ & $-0.00147108$ & $-0.0124187$ & $-0.00341612$ & $0.00933344$ & $0.0122521$ & $0.0384913$ & $0.043063$ & $0.0466727$ & $0.0491052$ & $-0.0262653$ & $0.0132638$ & $-0.0565017$ & $0.0369756$ & $0.0148494$ & $0.00256156$ & $0.0111517$ & $-0.0158938$ & $-0.0357421$ & $0.0307052$ & $0.0285131$ & $0.00893701$ & $-0.158172$ & $0.0894964$ & $0.110192$ & $1$ & $0.0787451$ & $-0.258297$ & $0.0335333$ & $0.111705$ & $0.207919$ & $-0.0710545$ & $-0.144267$ & $0.00989803$ & $-0.242442$ & $0.181469$ \\
eHZZpar & $-0.0233675$ & $0.0559097$ & $-0.00713298$ & $-0.0369805$ & $-0.016475$ & $-0.0132241$ & $-0.0333061$ & $0.0156317$ & $0.0127941$ & $-0.00321947$ & $-0.0192294$ & $-0.00885767$ & $0.00994041$ & $0.0083117$ & $0.0119258$ & $-0.00489658$ & $0.0172317$ & $-0.000983821$ & $0.00733327$ & $0.0186701$ & $0.0210894$ & $0.017421$ & $0.023822$ & $0.00693767$ & $0.0147839$ & $-0.0333096$ & $0.0248354$ & $-0.0124743$ & $0.0257939$ & $0.0225311$ & $-0.0190819$ & $-0.0297329$ & $-0.00227803$ & $0.0119661$ & $-0.0079357$ & $-0.0127077$ & $-0.0217284$ & $-0.0183192$ & $0.0787451$ & $1$ & $0.0116236$ & $-0.0234625$ & $0.0405191$ & $0.0343859$ & $-0.0720632$ & $-0.0978959$ & $0.0335056$ & $-0.0672449$ & $-0.00744396$ \\
eHZgaint & $-0.0688256$ & $0.0719812$ & $-0.307039$ & $0.195526$ & $-0.0283645$ & $0.0234393$ & $-0.0127135$ & $0.00439332$ & $0.00610522$ & $-0.0365149$ & $0.000182048$ & $0.00112282$ & $0.0421242$ & $-0.0177833$ & $0.0396512$ & $0.0416741$ & $-0.0135234$ & $-0.0375281$ & $-0.0370997$ & $0.00291708$ & $-0.005759$ & $-0.0131937$ & $-0.0384537$ & $-0.00593079$ & $-0.00232889$ & $0.0431299$ & $-0.00163302$ & $-0.00169558$ & $0.0127229$ & $0.0408054$ & $0.0284515$ & $0.000849467$ & $0.0111754$ & $-0.0235132$ & $0.0731025$ & $0.150769$ & $-0.133954$ & $-0.0846048$ & $-0.258297$ & $0.0116236$ & $1$ & $-0.0229009$ & $0.0117105$ & $-0.369969$ & $-0.18174$ & $0.155818$ & $0.0270222$ & $0.196087$ & $-0.238898$ \\
eHZgapar & $-0.0469373$ & $-0.0326629$ & $0.0621848$ & $-0.0393594$ & $-0.0130518$ & $0.0121925$ & $-0.047955$ & $0.00494347$ & $0.0062293$ & $0.000569145$ & $-0.00973204$ & $-0.00486576$ & $0.0110677$ & $0.0109144$ & $0.0599485$ & $0.0307325$ & $0.00324661$ & $-0.0289085$ & $-0.00728772$ & $0.0144923$ & $0.00193622$ & $0.00906448$ & $-0.0195527$ & $0.00966764$ & $-0.00950533$ & $0.0143782$ & $-0.0361909$ & $-0.000223502$ & $0.0142184$ & $-0.0135464$ & $0.0131182$ & $-0.0378364$ & $0.0149794$ & $-0.0478808$ & $0.0450383$ & $0.0342526$ & $0.0163276$ & $0.0198375$ & $0.0335333$ & $-0.0234625$ & $-0.0229009$ & $1$ & $0.0271457$ & $0.0752302$ & $-0.0156519$ & $0.000618989$ & $-0.0197737$ & $-0.0673094$ & $0.0556874$ \\
eHgagaint & $-0.099165$ & $0.275467$ & $0.207283$ & $0.121487$ & $0.0487245$ & $-0.0370797$ & $0.0438176$ & $-0.00451209$ & $0.0363062$ & $0.0569301$ & $0.00342262$ & $0.045686$ & $0.00585796$ & $0.00155986$ & $-0.0900088$ & $-0.103682$ & $0.027336$ & $0.0591743$ & $0.0656246$ & $-0.00893344$ & $0.0158243$ & $0.0125268$ & $0.046815$ & $-0.017033$ & $0.0804156$ & $0.00301768$ & $0.125019$ & $-0.0255884$ & $0.000612261$ & $-0.0419578$ & $0.0211422$ & $0.0682244$ & $-0.00124617$ & $0.088932$ & $0.257215$ & $0.0720652$ & $0.179136$ & $-0.0136292$ & $0.111705$ & $0.0405191$ & $0.0117105$ & $0.0271457$ & $1$ & $0.00383089$ & $0.0828627$ & $-0.00119442$ & $0.101947$ & $-0.0227331$ & $0.0315643$ \\
eHmumuint & $-0.06724$ & $-0.0824804$ & $0.0275385$ & $-0.171489$ & $0.0254272$ & $-0.00320511$ & $-0.0373216$ & $-0.00988681$ & $-0.00649249$ & $0.0707773$ & $-0.0393207$ & $0.00349131$ & $-0.0205832$ & $0.10113$ & $0.0533323$ & $0.00857785$ & $0.0807606$ & $0.0569459$ & $0.0893$ & $0.0455606$ & $0.0318472$ & $0.0287753$ & $-0.0186227$ & $0.0615385$ & $0.0392829$ & $-0.0422008$ & $-0.0874915$ & $0.0512745$ & $0.0312348$ & $-0.0203402$ & $0.054005$ & $-0.054243$ & $0.0281424$ & $-0.0651364$ & $-0.138664$ & $-0.0575882$ & $-0.0352138$ & $0.0214728$ & $0.207919$ & $0.0343859$ & $-0.369969$ & $0.0752302$ & $0.00383089$ & $1$ & $0.0277365$ & $-0.0893963$ & $0.0931668$ & $-0.342059$ & $0.249708$ \\
eHtautauint & $0.0992325$ & $-0.277153$ & $-0.0185448$ & $0.0447407$ & $-0.0146372$ & $-0.0238882$ & $0.0713582$ & $0.0564885$ & $0.0623012$ & $0.0185493$ & $-0.0666518$ & $0.0217875$ & $0.012972$ & $0.0445493$ & $0.0182445$ & $-0.00996268$ & $0.0206442$ & $0.00729414$ & $0.0222916$ & $0.0584575$ & $0.0641777$ & $0.0561363$ & $-0.0256059$ & $-0.00662431$ & $-0.000147336$ & $-0.0149542$ & $0.0251083$ & $0.0357262$ & $-0.0073878$ & $0.0541431$ & $-0.0466271$ & $0.0699872$ & $0.0344935$ & $0.0178236$ & $0.0677661$ & $-0.0807617$ & $0.0401902$ & $-0.0228397$ & $-0.0710545$ & $-0.0720632$ & $-0.18174$ & $-0.0156519$ & $0.0828627$ & $0.0277365$ & $1$ & $-0.0167074$ & $-0.034018$ & $0.0904114$ & $0.0952141$ \\
eHccint & $0.0182838$ & $-0.0473539$ & $-0.0647357$ & $0.125616$ & $0.0081182$ & $-0.0438486$ & $0.0870301$ & $-0.0643144$ & $-0.0644765$ & $0.0637947$ & $0.0278068$ & $0.045499$ & $-0.0187596$ & $0.0287566$ & $0.0192222$ & $0.0914577$ & $0.0768107$ & $0.0600651$ & $0.00888983$ & $-0.0206966$ & $-0.0401775$ & $-0.0345439$ & $-0.0728928$ & $0.0874688$ & $0.0268067$ & $0.0493709$ & $-0.10723$ & $-0.0110056$ & $-0.0813043$ & $-0.0102781$ & $0.0287665$ & $0.10696$ & $0.0606984$ & $-0.0603664$ & $0.260501$ & $0.0921017$ & $0.0709314$ & $-0.0758239$ & $-0.144267$ & $-0.0978959$ & $0.155818$ & $0.000618989$ & $-0.00119442$ & $-0.0893963$ & $-0.0167074$ & $1$ & $-0.068405$ & $0.0996396$ & $0.197449$ \\
eHccpar & $0.0200532$ & $0.0265935$ & $-0.00290958$ & $-0.0627509$ & $-0.00627015$ & $-0.0330576$ & $-0.00655794$ & $0.0300626$ & $0.0347169$ & $0.0159579$ & $-0.0332527$ & $-0.00911677$ & $0.00269754$ & $0.0032882$ & $0.0129565$ & $0.00292494$ & $0.0227722$ & $-0.00546764$ & $0.00647311$ & $0.03035$ & $0.0351357$ & $0.0335541$ & $0.00439635$ & $-0.0141547$ & $0.00205166$ & $-0.013004$ & $0.0247163$ & $0.00938486$ & $0.0390332$ & $-0.0220507$ & $0.285356$ & $-0.00936609$ & $0.066868$ & $0.0234303$ & $0.013729$ & $-0.0532717$ & $-0.12771$ & $0.0107952$ & $0.00989803$ & $0.0335056$ & $0.0270222$ & $-0.0197737$ & $0.101947$ & $0.0931668$ & $-0.034018$ & $-0.068405$ & $1$ & $-0.014191$ & $0.186922$ \\
eHbbint & $-0.0810747$ & $-0.026355$ & $0.0244719$ & $0.0336479$ & $-0.0145943$ & $0.0290219$ & $0.0833663$ & $0.0236751$ & $0.02772$ & $-0.0154951$ & $0.000102048$ & $0.0348383$ & $0.0326034$ & $-0.0370992$ & $-0.0307517$ & $0.0182935$ & $-0.0430866$ & $-0.021583$ & $-0.0568701$ & $-0.00202388$ & $0.00309374$ & $-0.000777117$ & $-0.00640441$ & $-0.0202762$ & $-0.0175836$ & $0.0227704$ & $0.0456527$ & $0.00117064$ & $-0.0111376$ & $0.0325463$ & $0.0248387$ & $0.103806$ & $0.139479$ & $0.044785$ & $0.105358$ & $-0.00717793$ & $0.120221$ & $-0.0531422$ & $-0.242442$ & $-0.0672449$ & $0.196087$ & $-0.0673094$ & $-0.0227331$ & $-0.342059$ & $0.0904114$ & $0.0996396$ & $-0.014191$ & $1$ & $-0.083849$ \\
eHbbpar & $-0.00390854$ & $-0.0903676$ & $0.137779$ & $-0.0940855$ & $0.0164119$ & $-0.0305015$ & $0.0292469$ & $0.00222292$ & $0.00683501$ & $0.0429409$ & $-0.00243565$ & $0.010075$ & $0.0241087$ & $-0.00636141$ & $-0.053509$ & $-0.0536405$ & $0.0175778$ & $0.0336456$ & $0.0408119$ & $-0.0027139$ & $0.00910037$ & $0.01327$ & $0.00514917$ & $-0.000636582$ & $0.0383073$ & $0.0158432$ & $0.0695148$ & $-0.023176$ & $-0.00463599$ & $0.0106902$ & $0.0809315$ & $0.019359$ & $0.316443$ & $0.0441382$ & $-0.176944$ & $-0.181358$ & $0.0638683$ & $0.0198852$ & $0.181469$ & $-0.00744396$ & $-0.238898$ & $0.0556874$ & $0.0315643$ & $0.249708$ & $0.0952141$ & $0.197449$ & $0.186922$ & $-0.083849$ & $1$ \\
