 & AlsMz & dAle5Mz & mtop & mHl & Mz & CW & CHG & CHWB & CHWHB_gaga & CHWHB_gagaorth & CHD & CHbox & CH & CHL1_11 & CHL1_22 & CHL1_33 & CHL3_11 & CHL3_22 & CHL3_33 & CHe_11 & CHe_22 & CHe_33 & CHQ1_11 & CHQ1_33 & CHQ3_11 & CHu_11 & CHd_11 & CHd_33 & CeH_22r & CeH_33r & CuH_22r & CuH_33r & CdH_33r & CLL_1221 & eHggint & eHggpar & eHWWint & eHWWpar & eHZZint & eHZZpar & eHZgaint & eHZgapar & eHgagaint & eHmumuint & eHtautauint & eHccint & eHccpar & eHbbint & eHbbpar \\
AlsMz & $1$ & $-0.0523517$ & $0.215231$ & $0.108169$ & $-0.0126012$ & $-0.0075366$ & $-0.0806109$ & $-0.00913245$ & $-0.0100597$ & $-0.038894$ & $-0.000626323$ & $-0.0903947$ & $0.0808607$ & $-0.00668499$ & $0.0366172$ & $0.017073$ & $0.0169718$ & $-0.00968241$ & $-0.00223297$ & $-0.00177988$ & $-0.00980207$ & $-0.010083$ & $-0.0647463$ & $-0.0240938$ & $-0.0767174$ & $0.00524211$ & $-0.0621042$ & $0.0197063$ & $0.0171341$ & $0.0937027$ & $0.112001$ & $-0.0762799$ & $0.0577145$ & $-0.036946$ & $0.0296591$ & $0.0485781$ & $-0.0325145$ & $-0.0315555$ & $0.102211$ & $0.0399713$ & $0.0512798$ & $0.000581338$ & $-0.0254836$ & $0.0620336$ & $0.101153$ & $-0.116364$ & $0.175464$ & $-0.0502079$ & $-0.0790126$ \\
dAle5Mz & $-0.0523517$ & $1$ & $0.119928$ & $-0.043712$ & $0.0277826$ & $0.0265671$ & $0.104191$ & $-0.0835059$ & $-0.0798191$ & $0.0301996$ & $0.0903481$ & $0.163385$ & $-0.151163$ & $-0.0746855$ & $-0.0921665$ & $-0.068633$ & $-0.0247375$ & $0.007404$ & $-0.00423969$ & $-0.0737162$ & $-0.0677393$ & $-0.0631912$ & $0.0323341$ & $-0.00567284$ & $0.0119639$ & $0.0471352$ & $0.057114$ & $-0.0411666$ & $-0.0298294$ & $-0.113975$ & $-0.0595396$ & $0.0987466$ & $-0.093106$ & $0.0629141$ & $0.050989$ & $0.024977$ & $0.0524529$ & $-0.00638698$ & $0.0738487$ & $-0.0143678$ & $0.106218$ & $-0.0185831$ & $0.214724$ & $0.0475657$ & $-0.014194$ & $-0.0516377$ & $-0.0266049$ & $0.043764$ & $0.0782024$ \\
mtop & $0.215231$ & $0.119928$ & $1$ & $-0.133065$ & $-0.00674372$ & $-0.00125722$ & $-0.0254631$ & $0.00140131$ & $-0.00248704$ & $0.0591602$ & $-0.0202179$ & $0.0289631$ & $-0.0107374$ & $0.0526136$ & $0.0162217$ & $0.030502$ & $0.0318406$ & $0.0364678$ & $0.0213846$ & $0.027139$ & $0.0233364$ & $0.0190218$ & $0.00339889$ & $0.0230764$ & $0.0036975$ & $-0.0306265$ & $-0.039999$ & $0.051322$ & $0.0201403$ & $0.00505603$ & $0.0219159$ & $-0.0179026$ & $0.0230263$ & $-0.0106346$ & $0.0271913$ & $0.0777157$ & $-0.0628346$ & $0.0240433$ & $0.316121$ & $0.0648972$ & $-0.0505128$ & $-0.0300111$ & $0.0293923$ & $-0.0671019$ & $0.0913211$ & $-0.180672$ & $0.0800507$ & $-0.117959$ & $0.137231$ \\
mHl & $0.108169$ & $-0.043712$ & $-0.133065$ & $1$ & $-0.00774999$ & $-0.0137878$ & $-0.0120185$ & $0.0225907$ & $0.0212684$ & $-0.0249691$ & $-0.00114247$ & $-0.0467252$ & $0.0397591$ & $-0.0476157$ & $0.0272953$ & $-0.0234016$ & $-0.0249579$ & $-0.0618602$ & $-0.0212618$ & $-0.0033394$ & $0.000602303$ & $0.00203884$ & $0.0388312$ & $-0.0380843$ & $-0.0334407$ & $-0.00754184$ & $0.0450425$ & $0.014232$ & $-0.0293758$ & $0.0372609$ & $-0.000946531$ & $-0.0132479$ & $-0.0227264$ & $0.00297912$ & $-0.172072$ & $0.108983$ & $-0.12849$ & $0.0667319$ & $0.0220325$ & $-0.0161397$ & $-0.0242068$ & $-0.0424064$ & $-0.0699027$ & $-0.0687768$ & $-0.115236$ & $-0.0451802$ & $-0.0455641$ & $-0.155257$ & $-0.13926$ \\
Mz & $-0.0126012$ & $0.0277826$ & $-0.00674372$ & $-0.00774999$ & $1$ & $0.0265225$ & $0.0336425$ & $-0.00838205$ & $-0.00820705$ & $0.0111625$ & $0.0100989$ & $0.0273618$ & $-0.02729$ & $0.0113565$ & $0.00620456$ & $-0.03933$ & $-0.000177777$ & $-0.00109259$ & $0.030215$ & $-0.00504397$ & $-0.00245672$ & $-0.000922081$ & $0.0175723$ & $-0.00186299$ & $0.00863443$ & $-0.0159985$ & $0.00166249$ & $-0.0251628$ & $-0.0101487$ & $-0.0174688$ & $-0.0044488$ & $0.0355551$ & $-0.00903891$ & $-0.0211715$ & $0.0129438$ & $0.0136355$ & $-0.027108$ & $0.00685151$ & $-0.0102126$ & $0.0287302$ & $0.0272877$ & $-0.0337124$ & $0.00428899$ & $-0.00346414$ & $0.0206521$ & $0.00103864$ & $-0.0240681$ & $0.0614019$ & $-0.0131616$ \\
CW & $-0.0075366$ & $0.0265671$ & $-0.00125722$ & $-0.0137878$ & $0.0265225$ & $1$ & $0.0577639$ & $-0.0447786$ & $-0.0457686$ & $0.0158459$ & $0.150817$ & $0.0847698$ & $-0.0759549$ & $-0.0290719$ & $-0.100695$ & $-0.0651713$ & $-0.353453$ & $-0.151756$ & $-0.171267$ & $-0.150247$ & $-0.15381$ & $-0.147333$ & $-0.00562033$ & $-0.114172$ & $-0.215034$ & $0.093769$ & $-0.0818159$ & $-0.0487806$ & $0.026271$ & $-0.0723982$ & $-0.0697049$ & $0.045159$ & $-0.0820153$ & $-0.0796767$ & $-0.0816934$ & $-0.0427863$ & $0.00936506$ & $0.060412$ & $-0.0158506$ & $-0.00901719$ & $0.00280604$ & $-0.0267695$ & $0.00982558$ & $0.0309247$ & $-0.0306339$ & $-0.0109593$ & $-0.0641821$ & $0.053946$ & $-0.0226992$ \\
CHG & $-0.0806109$ & $0.104191$ & $-0.0254631$ & $-0.0120185$ & $0.0336425$ & $0.0577639$ & $1$ & $-0.0373292$ & $-0.0222484$ & $0.164446$ & $0.112669$ & $0.742678$ & $-0.789935$ & $-0.150726$ & $-0.0403521$ & $-0.0329299$ & $-0.156639$ & $-0.133252$ & $-0.137114$ & $-0.107158$ & $-0.1103$ & $-0.110486$ & $-0.0285238$ & $-0.0805312$ & $-0.135519$ & $0.0988587$ & $-0.0296105$ & $-0.0533936$ & $-0.153428$ & $-0.605057$ & $-0.364838$ & $0.949754$ & $-0.620976$ & $-0.00548727$ & $-0.0929206$ & $-0.111726$ & $0.0844931$ & $0.00537213$ & $-0.0194574$ & $0.0379885$ & $0.0538365$ & $0.005007$ & $-0.0159434$ & $-0.0125565$ & $0.0151057$ & $-0.00507307$ & $0.0655496$ & $-0.0196349$ & $0.0505227$ \\
CHWB & $-0.00913245$ & $-0.0835059$ & $0.00140131$ & $0.0225907$ & $-0.00838205$ & $-0.0447786$ & $-0.0373292$ & $1$ & $0.989583$ & $-0.556041$ & $-0.86738$ & $-0.118121$ & $0.048775$ & $0.280094$ & $0.47507$ & $0.450394$ & $-0.208336$ & $-0.394659$ & $-0.378611$ & $0.849939$ & $0.881734$ & $0.873767$ & $0.0383462$ & $-0.612072$ & $-0.359181$ & $-0.606101$ & $0.386072$ & $0.384359$ & $-0.0234641$ & $0.0130775$ & $0.00900668$ & $-0.0535156$ & $0.00438448$ & $0.506025$ & $-0.0177983$ & $-0.0204197$ & $0.0427022$ & $-0.0082178$ & $-0.00612581$ & $0.00756134$ & $-0.0124464$ & $-0.00712353$ & $-0.0174322$ & $-0.00476528$ & $0.0214378$ & $0.0260787$ & $0.0465541$ & $-0.0420912$ & $-0.00437686$ \\
CHWHB_gaga & $-0.0100597$ & $-0.0798191$ & $-0.00248704$ & $0.0212684$ & $-0.00820705$ & $-0.0457686$ & $-0.0222484$ & $0.989583$ & $1$ & $-0.553969$ & $-0.857955$ & $-0.12527$ & $0.0601701$ & $0.278249$ & $0.474237$ & $0.446304$ & $-0.209003$ & $-0.393728$ & $-0.375915$ & $0.841245$ & $0.871945$ & $0.864104$ & $0.0287352$ & $-0.605343$ & $-0.358758$ & $-0.5952$ & $0.376157$ & $0.379292$ & $-0.0179855$ & $0.0363079$ & $0.0250243$ & $-0.0398366$ & $0.0287179$ & $0.49545$ & $-0.015442$ & $-0.0298147$ & $0.0400935$ & $-0.0133104$ & $-0.00656673$ & $0.00762637$ & $-0.00937965$ & $0.00202303$ & $0.0290707$ & $-0.00430183$ & $0.0221033$ & $0.0352798$ & $0.04882$ & $-0.0445175$ & $-0.00158695$ \\
CHWHB_gagaorth & $-0.038894$ & $0.0301996$ & $0.0591602$ & $-0.0249691$ & $0.0111625$ & $0.0158459$ & $0.164446$ & $-0.556041$ & $-0.553969$ & $1$ & $0.484837$ & $0.337808$ & $-0.217291$ & $-0.151284$ & $-0.246476$ & $-0.261356$ & $0.10741$ & $0.206305$ & $0.21294$ & $-0.474614$ & $-0.494128$ & $-0.489448$ & $-0.0167072$ & $0.33729$ & $0.188026$ & $0.326805$ & $-0.239133$ & $-0.210275$ & $-0.0340745$ & $-0.181105$ & $-0.137413$ & $0.180733$ & $-0.201546$ & $-0.301425$ & $0.035242$ & $0.0150359$ & $-0.0218376$ & $0.0291618$ & $0.0182464$ & $-0.00322125$ & $-0.0314101$ & $-0.0218817$ & $-0.0249555$ & $-0.0244106$ & $0.00456165$ & $-0.0053833$ & $-0.0700245$ & $0.00649472$ & $-0.00814017$ \\
CHD & $-0.000626323$ & $0.0903481$ & $-0.0202179$ & $-0.00114247$ & $0.0100989$ & $0.150817$ & $0.112669$ & $-0.86738$ & $-0.857955$ & $0.484837$ & $1$ & $0.218355$ & $-0.130475$ & $-0.682548$ & $-0.599431$ & $-0.569208$ & $-0.279007$ & $-0.0465881$ & $-0.0606763$ & $-0.995107$ & $-0.995025$ & $-0.983444$ & $0.00364298$ & $0.179118$ & $-0.0903089$ & $0.698403$ & $-0.23935$ & $-0.432281$ & $0.0174303$ & $-0.0863468$ & $-0.0624514$ & $0.133039$ & $-0.0970261$ & $-0.280296$ & $0.0224763$ & $-0.00510316$ & $-0.00166958$ & $0.0215685$ & $0.00971836$ & $-0.00137992$ & $0.0170186$ & $0.0123655$ & $0.0186517$ & $-0.0244141$ & $-0.0096428$ & $-0.0362414$ & $-0.0355894$ & $0.0269479$ & $-0.00433816$ \\
CHbox & $-0.0903947$ & $0.163385$ & $0.0289631$ & $-0.0467252$ & $0.0273618$ & $0.0847698$ & $0.742678$ & $-0.118121$ & $-0.12527$ & $0.337808$ & $0.218355$ & $1$ & $-0.945606$ & $-0.234276$ & $-0.113244$ & $-0.094733$ & $-0.206826$ & $-0.151934$ & $-0.162575$ & $-0.211293$ & $-0.213103$ & $-0.211784$ & $0.00137237$ & $-0.0826475$ & $-0.166441$ & $0.150617$ & $-0.0486338$ & $-0.0991942$ & $-0.185569$ & $-0.675703$ & $-0.408492$ & $0.6658$ & $-0.682986$ & $-0.0136058$ & $-0.121038$ & $-0.0979452$ & $0.0664914$ & $0.000237253$ & $0.000357219$ & $0.0619156$ & $0.0472935$ & $-0.0343487$ & $-0.0110553$ & $-0.0400991$ & $0.0414777$ & $-0.00850978$ & $0.0229263$ & $-0.0214565$ & $0.0651766$ \\
CH & $0.0808607$ & $-0.151163$ & $-0.0107374$ & $0.0397591$ & $-0.02729$ & $-0.0759549$ & $-0.789935$ & $0.048775$ & $0.0601701$ & $-0.217291$ & $-0.130475$ & $-0.945606$ & $1$ & $0.165438$ & $0.0677497$ & $0.0598293$ & $0.166218$ & $0.131556$ & $0.135719$ & $0.125734$ & $0.124583$ & $0.125556$ & $-0.00168835$ & $0.0854567$ & $0.143017$ & $-0.0901071$ & $0.0207636$ & $0.0609515$ & $0.199216$ & $0.735866$ & $0.441091$ & $-0.694781$ & $0.748244$ & $-0.0128047$ & $0.146854$ & $0.113382$ & $-0.0718738$ & $0.00949924$ & $0.00917956$ & $-0.0491057$ & $-0.0412426$ & $0.0430744$ & $0.00563479$ & $0.0272139$ & $-0.0331808$ & $0.0128288$ & $-0.0390972$ & $0.0234669$ & $-0.0669131$ \\
CHL1_11 & $-0.00668499$ & $-0.0746855$ & $0.0526136$ & $-0.0476157$ & $0.0113565$ & $-0.0290719$ & $-0.150726$ & $0.280094$ & $0.278249$ & $-0.151284$ & $-0.682548$ & $-0.234276$ & $0.165438$ & $1$ & $0.433505$ & $0.419911$ & $0.657416$ & $0.607586$ & $0.607326$ & $0.693247$ & $0.655113$ & $0.645235$ & $-0.047607$ & $0.456872$ & $0.606652$ & $-0.491325$ & $-0.0871434$ & $0.285305$ & $0.00617285$ & $0.137771$ & $0.0967629$ & $-0.17018$ & $0.160381$ & $-0.197018$ & $-0.0321651$ & $0.0277907$ & $-0.0476672$ & $-0.017115$ & $-0.0142103$ & $-0.0158976$ & $-0.0210217$ & $-0.0222578$ & $0.00737603$ & $0.0596488$ & $-0.00122624$ & $0.0502574$ & $-0.0165027$ & $0.00924584$ & $0.00542264$ \\
CHL1_22 & $0.0366172$ & $-0.0921665$ & $0.0162217$ & $0.0272953$ & $0.00620456$ & $-0.100695$ & $-0.0403521$ & $0.47507$ & $0.474237$ & $-0.246476$ & $-0.599431$ & $-0.113244$ & $0.0677497$ & $0.433505$ & $1$ & $0.539974$ & $0.204298$ & $-0.271067$ & $0.0272697$ & $0.639249$ & $0.545297$ & $0.530348$ & $-0.180751$ & $0.0588248$ & $-0.0466044$ & $-0.371547$ & $-0.309851$ & $0.229424$ & $-0.00344708$ & $0.0519442$ & $0.0382771$ & $-0.0409596$ & $0.0795176$ & $-0.47923$ & $-0.0314788$ & $0.00922177$ & $-0.0238439$ & $0.0479825$ & $0.0211855$ & $0.0263781$ & $0.00490229$ & $-0.0123698$ & $0.0148302$ & $-0.00296681$ & $0.0448813$ & $0.0400495$ & $-0.00999038$ & $-0.039767$ & $0.0419313$ \\
CHL1_33 & $0.017073$ & $-0.068633$ & $0.030502$ & $-0.0234016$ & $-0.03933$ & $-0.0651713$ & $-0.0329299$ & $0.450394$ & $0.446304$ & $-0.261356$ & $-0.569208$ & $-0.094733$ & $0.0598293$ & $0.419911$ & $0.539974$ & $1$ & $0.186706$ & $0.0272172$ & $-0.276876$ & $0.609846$ & $0.514492$ & $0.522782$ & $-0.167064$ & $0.0562532$ & $-0.0540481$ & $-0.363076$ & $-0.33083$ & $0.231794$ & $-0.00412912$ & $0.0457974$ & $0.0726389$ & $-0.0360255$ & $0.0863345$ & $-0.0465742$ & $-0.00237262$ & $0.0113178$ & $-0.0683593$ & $0.00248692$ & $0.0368128$ & $-0.00287327$ & $0.0114674$ & $-0.00496426$ & $-0.0381015$ & $0.0460994$ & $0.013862$ & $-0.0084428$ & $0.0309359$ & $-0.0016715$ & $0.0784348$ \\
CHL3_11 & $0.0169718$ & $-0.0247375$ & $0.0318406$ & $-0.0249579$ & $-0.000177777$ & $-0.353453$ & $-0.156639$ & $-0.208336$ & $-0.209003$ & $0.10741$ & $-0.279007$ & $-0.206826$ & $0.166218$ & $0.657416$ & $0.204298$ & $0.186706$ & $1$ & $0.826407$ & $0.827917$ & $0.292801$ & $0.254598$ & $0.247126$ & $-0.0514404$ & $0.768675$ & $0.862319$ & $-0.192139$ & $-0.163696$ & $0.105578$ & $-0.000899719$ & $0.145994$ & $0.100516$ & $-0.164163$ & $0.180528$ & $-0.279197$ & $-0.00381723$ & $0.051335$ & $-0.0685717$ & $-0.0386603$ & $-0.00739057$ & $-0.00383748$ & $-0.0111091$ & $-0.00399273$ & $-0.0219591$ & $0.0400477$ & $-0.0324852$ & $0.00533594$ & $-0.00214325$ & $0.0253152$ & $0.0130293$ \\
CHL3_22 & $-0.00968241$ & $0.007404$ & $0.0364678$ & $-0.0618602$ & $-0.00109259$ & $-0.151756$ & $-0.133252$ & $-0.394659$ & $-0.393728$ & $0.206305$ & $-0.0465881$ & $-0.151934$ & $0.131556$ & $0.607586$ & $-0.271067$ & $0.0272172$ & $0.826407$ & $1$ & $0.79241$ & $0.0485759$ & $0.0401855$ & $0.0419086$ & $0.0234732$ & $0.750897$ & $0.875253$ & $-0.0604062$ & $-0.0723432$ & $0.020165$ & $0.0109163$ & $0.11934$ & $0.0883869$ & $-0.14379$ & $0.141829$ & $-0.0904398$ & $0.0068339$ & $0.0429463$ & $-0.0682554$ & $-0.056516$ & $-0.0185757$ & $-0.0276232$ & $-0.0154029$ & $-0.00398508$ & $-0.0170294$ & $0.059459$ & $-0.04299$ & $0.000872231$ & $-0.00795618$ & $0.0486205$ & $-0.00301693$ \\
CHL3_33 & $-0.00223297$ & $-0.00423969$ & $0.0213846$ & $-0.0212618$ & $0.030215$ & $-0.171267$ & $-0.137114$ & $-0.378611$ & $-0.375915$ & $0.21294$ & $-0.0606763$ & $-0.162575$ & $0.135719$ & $0.607326$ & $0.0272697$ & $-0.276876$ & $0.827917$ & $0.79241$ & $1$ & $0.0614054$ & $0.0567488$ & $0.0541916$ & $0.016048$ & $0.744332$ & $0.876175$ & $-0.0625734$ & $-0.0472636$ & $0.0181004$ & $0.0100414$ & $0.123478$ & $0.0656049$ & $-0.146731$ & $0.13619$ & $-0.374751$ & $-0.0137612$ & $0.0432628$ & $-0.0357549$ & $-0.0244687$ & $-0.0266985$ & $-0.00377801$ & $-0.0196989$ & $-0.0105051$ & $0.0103445$ & $0.0304887$ & $-0.0263789$ & $0.0302695$ & $-0.0311419$ & $0.0213163$ & $-0.0287403$ \\
CHe_11 & $-0.00177988$ & $-0.0737162$ & $0.027139$ & $-0.0033394$ & $-0.00504397$ & $-0.150247$ & $-0.107158$ & $0.849939$ & $0.841245$ & $-0.474614$ & $-0.995107$ & $-0.211293$ & $0.125734$ & $0.693247$ & $0.639249$ & $0.609846$ & $0.292801$ & $0.0485759$ & $0.0614054$ & $1$ & $0.985456$ & $0.973881$ & $-0.0210324$ & $-0.144639$ & $0.0973477$ & $-0.692014$ & $0.18776$ & $0.428214$ & $-0.0150386$ & $0.0824639$ & $0.0642191$ & $-0.126838$ & $0.0979173$ & $0.225033$ & $-0.0209$ & $0.00722597$ & $-0.00695791$ & $-0.0181902$ & $-0.00396986$ & $0.00129263$ & $-0.0117258$ & $-0.0134312$ & $-0.0135429$ & $0.0263826$ & $0.0119245$ & $0.0339535$ & $0.033361$ & $-0.0262432$ & $0.0138937$ \\
CHe_22 & $-0.00980207$ & $-0.0677393$ & $0.0233364$ & $0.000602303$ & $-0.00245672$ & $-0.15381$ & $-0.1103$ & $0.881734$ & $0.871945$ & $-0.494128$ & $-0.995025$ & $-0.213103$ & $0.124583$ & $0.655113$ & $0.545297$ & $0.514492$ & $0.254598$ & $0.0401855$ & $0.0567488$ & $0.985456$ & $1$ & $0.987135$ & $0.0211848$ & $-0.221359$ & $0.0803775$ & $-0.701901$ & $0.304209$ & $0.433879$ & $-0.0202338$ & $0.0806216$ & $0.0559549$ & $-0.131792$ & $0.0872342$ & $0.347353$ & $-0.0221403$ & $0.00317104$ & $0.00952279$ & $-0.0252865$ & $-0.0116967$ & $0.000870987$ & $-0.0162435$ & $-0.0115716$ & $-0.0143722$ & $0.0216899$ & $0.00493104$ & $0.035292$ & $0.0355182$ & $-0.0257491$ & $-0.00144632$ \\
CHe_33 & $-0.010083$ & $-0.0631912$ & $0.0190218$ & $0.00203884$ & $-0.000922081$ & $-0.147333$ & $-0.110486$ & $0.873767$ & $0.864104$ & $-0.489448$ & $-0.983444$ & $-0.211784$ & $0.125556$ & $0.645235$ & $0.530348$ & $0.522782$ & $0.247126$ & $0.0419086$ & $0.0541916$ & $0.973881$ & $0.987135$ & $1$ & $0.01845$ & $-0.222361$ & $0.0789151$ & $-0.692517$ & $0.307356$ & $0.434414$ & $-0.0181255$ & $0.0826595$ & $0.0611107$ & $-0.13206$ & $0.0895146$ & $0.354976$ & $-0.0221953$ & $0.00253523$ & $0.00762378$ & $-0.0221949$ & $-0.00888474$ & $0.000662499$ & $-0.0163343$ & $-0.0116244$ & $-0.0223633$ & $0.0240488$ & $-0.00125991$ & $0.0340501$ & $0.039058$ & $-0.0213611$ & $0.00104527$ \\
CHQ1_11 & $-0.0647463$ & $0.0323341$ & $0.00339889$ & $0.0388312$ & $0.0175723$ & $-0.00562033$ & $-0.0285238$ & $0.0383462$ & $0.0287352$ & $-0.0167072$ & $0.00364298$ & $0.00137237$ & $-0.00168835$ & $-0.047607$ & $-0.180751$ & $-0.167064$ & $-0.0514404$ & $0.0234732$ & $0.016048$ & $-0.0210324$ & $0.0211848$ & $0.01845$ & $1$ & $-0.100249$ & $0.074518$ & $-0.581231$ & $0.353493$ & $0.0129597$ & $-0.0115744$ & $0.0175671$ & $-0.00395243$ & $-0.0301174$ & $-0.00841297$ & $0.208889$ & $-0.0580641$ & $0.0417037$ & $0.0084618$ & $-0.00635832$ & $-0.0462604$ & $-0.00870836$ & $-0.0546889$ & $-0.0246847$ & $-0.0670902$ & $-0.00442314$ & $-0.0257776$ & $0.0168014$ & $0.00339755$ & $0.0419935$ & $-0.0708297$ \\
CHQ1_33 & $-0.0240938$ & $-0.00567284$ & $0.0230764$ & $-0.0380843$ & $-0.00186299$ & $-0.114172$ & $-0.0805312$ & $-0.612072$ & $-0.605343$ & $0.33729$ & $0.179118$ & $-0.0826475$ & $0.0854567$ & $0.456872$ & $0.0588248$ & $0.0562532$ & $0.768675$ & $0.750897$ & $0.744332$ & $-0.144639$ & $-0.221359$ & $-0.222361$ & $-0.100249$ & $1$ & $0.76159$ & $0.128837$ & $-0.410708$ & $-0.0301135$ & $0.0123828$ & $0.0964481$ & $0.0596689$ & $-0.0760852$ & $0.128646$ & $-0.616934$ & $-0.0127468$ & $0.0336629$ & $-0.0842187$ & $-0.00314626$ & $0.00600318$ & $-0.00346362$ & $0.00195607$ & $0.0027286$ & $-0.00726192$ & $0.0354936$ & $-0.0319084$ & $0.00539205$ & $-0.0483735$ & $0.0445686$ & $0.0285703$ \\
CHQ3_11 & $-0.0767174$ & $0.0119639$ & $0.0036975$ & $-0.0334407$ & $0.00863443$ & $-0.215034$ & $-0.135519$ & $-0.359181$ & $-0.358758$ & $0.188026$ & $-0.0903089$ & $-0.166441$ & $0.143017$ & $0.606652$ & $-0.0466044$ & $-0.0540481$ & $0.862319$ & $0.875253$ & $0.876175$ & $0.0973477$ & $0.0803775$ & $0.0789151$ & $0.074518$ & $0.76159$ & $1$ & $-0.0789449$ & $0.102312$ & $0.0494987$ & $0.0306691$ & $0.12877$ & $0.067478$ & $-0.144192$ & $0.152748$ & $-0.256183$ & $-0.00309321$ & $0.027481$ & $-0.0522098$ & $-0.0405901$ & $-0.0406665$ & $-0.0239503$ & $-0.012351$ & $-0.00171081$ & $-0.0241561$ & $0.0404004$ & $-0.0479935$ & $0.026554$ & $-0.0225558$ & $0.0452524$ & $-0.00229415$ \\
CHu_11 & $0.00524211$ & $0.0471352$ & $-0.0306265$ & $-0.00754184$ & $-0.0159985$ & $0.093769$ & $0.0988587$ & $-0.606101$ & $-0.5952$ & $0.326805$ & $0.698403$ & $0.150617$ & $-0.0901071$ & $-0.491325$ & $-0.371547$ & $-0.363076$ & $-0.192139$ & $-0.0604062$ & $-0.0625734$ & $-0.692014$ & $-0.701901$ & $-0.692517$ & $-0.581231$ & $0.128837$ & $-0.0789449$ & $1$ & $-0.185639$ & $-0.289542$ & $0.0226035$ & $-0.077337$ & $-0.0525695$ & $0.112274$ & $-0.0692827$ & $-0.234962$ & $0.0615054$ & $-0.0581285$ & $0.0275989$ & $0.0192508$ & $0.0392328$ & $-0.0153769$ & $0.0614123$ & $0.0313405$ & $0.0460585$ & $-0.0334971$ & $-0.00248093$ & $-0.0343996$ & $-0.0136447$ & $-0.0135438$ & $0.0310194$ \\
CHd_11 & $-0.0621042$ & $0.057114$ & $-0.039999$ & $0.0450425$ & $0.00166249$ & $-0.0818159$ & $-0.0296105$ & $0.386072$ & $0.376157$ & $-0.239133$ & $-0.23935$ & $-0.0486338$ & $0.0207636$ & $-0.0871434$ & $-0.309851$ & $-0.33083$ & $-0.163696$ & $-0.0723432$ & $-0.0472636$ & $0.18776$ & $0.304209$ & $0.307356$ & $0.353493$ & $-0.410708$ & $0.102312$ & $-0.185639$ & $1$ & $0.146944$ & $0.0067199$ & $0.00349745$ & $-0.0459378$ & $-0.0422908$ & $-0.0322827$ & $0.68687$ & $0.00676692$ & $-0.0447211$ & $0.0846854$ & $-0.0434182$ & $-0.0523442$ & $-0.0190484$ & $-0.00194927$ & $0.0137831$ & $-0.047684$ & $-0.0240106$ & $-0.0355406$ & $0.0114073$ & $0.0465822$ & $0.00439105$ & $-0.0617456$ \\
CHd_33 & $0.0197063$ & $-0.0411666$ & $0.051322$ & $0.014232$ & $-0.0251628$ & $-0.0487806$ & $-0.0533936$ & $0.384359$ & $0.379292$ & $-0.210275$ & $-0.432281$ & $-0.0991942$ & $0.0609515$ & $0.285305$ & $0.229424$ & $0.231794$ & $0.105578$ & $0.020165$ & $0.0181004$ & $0.428214$ & $0.433879$ & $0.434414$ & $0.0129597$ & $-0.0301135$ & $0.0494987$ & $-0.289542$ & $0.146944$ & $1$ & $0.0150279$ & $0.0448492$ & $0.0477889$ & $-0.0623309$ & $0.0417246$ & $0.156428$ & $-0.029855$ & $-0.031501$ & $0.0233224$ & $-0.0424966$ & $0.0348128$ & $0.0408305$ & $-0.0317894$ & $-0.00948971$ & $-0.000938667$ & $0.0305589$ & $-0.00872158$ & $0.00473826$ & $0.0407713$ & $-0.0368392$ & $0.0168788$ \\
CeH_22r & $0.0171341$ & $-0.0298294$ & $0.0201403$ & $-0.0293758$ & $-0.0101487$ & $0.026271$ & $-0.153428$ & $-0.0234641$ & $-0.0179855$ & $-0.0340745$ & $0.0174303$ & $-0.185569$ & $0.199216$ & $0.00617285$ & $-0.00344708$ & $-0.00412912$ & $-0.000899719$ & $0.0109163$ & $0.0100414$ & $-0.0150386$ & $-0.0202338$ & $-0.0181255$ & $-0.0115744$ & $0.0123828$ & $0.0306691$ & $0.0226035$ & $0.0067199$ & $0.0150279$ & $1$ & $0.166117$ & $0.0795625$ & $-0.145172$ & $0.187855$ & $-0.0304854$ & $0.00309978$ & $-0.00306739$ & $-0.00804362$ & $-0.0147802$ & $0.0294652$ & $-0.0289452$ & $0.0353928$ & $0.0217463$ & $0.0242213$ & $0.0345636$ & $0.0135342$ & $0.0444822$ & $0.00374618$ & $0.0234587$ & $0.0247894$ \\
CeH_33r & $0.0937027$ & $-0.113975$ & $0.00505603$ & $0.0372609$ & $-0.0174688$ & $-0.0723982$ & $-0.605057$ & $0.0130775$ & $0.0363079$ & $-0.181105$ & $-0.0863468$ & $-0.675703$ & $0.735866$ & $0.137771$ & $0.0519442$ & $0.0457974$ & $0.145994$ & $0.11934$ & $0.123478$ & $0.0824639$ & $0.0806216$ & $0.0826595$ & $0.0175671$ & $0.0964481$ & $0.12877$ & $-0.077337$ & $0.00349745$ & $0.0448492$ & $0.166117$ & $1$ & $0.530253$ & $-0.456938$ & $0.835266$ & $-0.0316605$ & $0.0406493$ & $0.0372148$ & $-0.180868$ & $0.0129901$ & $-0.000894805$ & $-0.0305842$ & $-0.0282442$ & $0.0356453$ & $-0.0254734$ & $0.091541$ & $0.0361033$ & $0.0281445$ & $-0.0361901$ & $0.0132236$ & $-0.0825474$ \\
CuH_22r & $0.112001$ & $-0.0595396$ & $0.0219159$ & $-0.000946531$ & $-0.0044488$ & $-0.0697049$ & $-0.364838$ & $0.00900668$ & $0.0250243$ & $-0.137413$ & $-0.0624514$ & $-0.408492$ & $0.441091$ & $0.0967629$ & $0.0382771$ & $0.0726389$ & $0.100516$ & $0.0883869$ & $0.0656049$ & $0.0642191$ & $0.0559549$ & $0.0611107$ & $-0.00395243$ & $0.0596689$ & $0.067478$ & $-0.0525695$ & $-0.0459378$ & $0.0477889$ & $0.0795625$ & $0.530253$ & $1$ & $-0.25388$ & $0.573422$ & $-0.0234753$ & $0.0666201$ & $0.0200174$ & $-0.164936$ & $-0.035355$ & $0.020219$ & $0.00239682$ & $-0.0412152$ & $-0.0260372$ & $0.00528134$ & $0.0250527$ & $0.00506997$ & $0.055082$ & $0.218911$ & $0.0459078$ & $0.0353451$ \\
CuH_33r & $-0.0762799$ & $0.0987466$ & $-0.0179026$ & $-0.0132479$ & $0.0355551$ & $0.045159$ & $0.949754$ & $-0.0535156$ & $-0.0398366$ & $0.180733$ & $0.133039$ & $0.6658$ & $-0.694781$ & $-0.17018$ & $-0.0409596$ & $-0.0360255$ & $-0.164163$ & $-0.14379$ & $-0.146731$ & $-0.126838$ & $-0.131792$ & $-0.13206$ & $-0.0301174$ & $-0.0760852$ & $-0.144192$ & $0.112274$ & $-0.0422908$ & $-0.0623309$ & $-0.145172$ & $-0.456938$ & $-0.25388$ & $1$ & $-0.450771$ & $-0.0195065$ & $-0.0314587$ & $-0.0656565$ & $0.0461203$ & $-0.00411616$ & $-0.000902554$ & $0.0385267$ & $0.0440758$ & $0.0122384$ & $-0.0166012$ & $0.000503785$ & $0.021521$ & $-0.00843535$ & $0.0591075$ & $-0.0163612$ & $0.0500417$ \\
CdH_33r & $0.0577145$ & $-0.093106$ & $0.0230263$ & $-0.0227264$ & $-0.00903891$ & $-0.0820153$ & $-0.620976$ & $0.00438448$ & $0.0287179$ & $-0.201546$ & $-0.0970261$ & $-0.682986$ & $0.748244$ & $0.160381$ & $0.0795176$ & $0.0863345$ & $0.180528$ & $0.141829$ & $0.13619$ & $0.0979173$ & $0.0872342$ & $0.0895146$ & $-0.00841297$ & $0.128646$ & $0.152748$ & $-0.0692827$ & $-0.0322827$ & $0.0417246$ & $0.187855$ & $0.835266$ & $0.573422$ & $-0.450771$ & $1$ & $-0.0612785$ & $0.0698175$ & $0.0731824$ & $-0.180683$ & $-0.030404$ & $0.0154022$ & $-0.04217$ & $0.0030673$ & $0.0278103$ & $-0.0125959$ & $0.0486146$ & $-0.00907204$ & $0.0292327$ & $0.00298832$ & $0.114265$ & $0.2017$ \\
CLL_1221 & $-0.036946$ & $0.0629141$ & $-0.0106346$ & $0.00297912$ & $-0.0211715$ & $-0.0796767$ & $-0.00548727$ & $0.506025$ & $0.49545$ & $-0.301425$ & $-0.280296$ & $-0.0136058$ & $-0.0128047$ & $-0.197018$ & $-0.47923$ & $-0.0465742$ & $-0.279197$ & $-0.0904398$ & $-0.374751$ & $0.225033$ & $0.347353$ & $0.354976$ & $0.208889$ & $-0.616934$ & $-0.256183$ & $-0.234962$ & $0.68687$ & $0.156428$ & $-0.0304854$ & $-0.0316605$ & $-0.0234753$ & $-0.0195065$ & $-0.0612785$ & $1$ & $0.0227528$ & $-0.0214535$ & $0.0636339$ & $-0.0637512$ & $-0.0194453$ & $-0.0132752$ & $-0.00895508$ & $0.0099095$ & $-0.032232$ & $-0.00668129$ & $-0.0267193$ & $-0.0271666$ & $0.0684452$ & $-0.000349798$ & $-0.03316$ \\
eHggint & $0.0296591$ & $0.050989$ & $0.0271913$ & $-0.172072$ & $0.0129438$ & $-0.0816934$ & $-0.0929206$ & $-0.0177983$ & $-0.015442$ & $0.035242$ & $0.0224763$ & $-0.121038$ & $0.146854$ & $-0.0321651$ & $-0.0314788$ & $-0.00237262$ & $-0.00381723$ & $0.0068339$ & $-0.0137612$ & $-0.0209$ & $-0.0221403$ & $-0.0221953$ & $-0.0580641$ & $-0.0127468$ & $-0.00309321$ & $0.0615054$ & $0.00676692$ & $-0.029855$ & $0.00309978$ & $0.0406493$ & $0.0666201$ & $-0.0314587$ & $0.0698175$ & $0.0227528$ & $1$ & $0.0367559$ & $-0.0340449$ & $-0.111987$ & $0.102972$ & $-0.00278669$ & $0.00121397$ & $0.0303468$ & $0.1638$ & $-0.0336717$ & $0.0663819$ & $-0.0201766$ & $0.05818$ & $-0.0407497$ & $0.082209$ \\
eHggpar & $0.0485781$ & $0.024977$ & $0.0777157$ & $0.108983$ & $0.0136355$ & $-0.0427863$ & $-0.111726$ & $-0.0204197$ & $-0.0298147$ & $0.0150359$ & $-0.00510316$ & $-0.0979452$ & $0.113382$ & $0.0277907$ & $0.00922177$ & $0.0113178$ & $0.051335$ & $0.0429463$ & $0.0432628$ & $0.00722597$ & $0.00317104$ & $0.00253523$ & $0.0417037$ & $0.0336629$ & $0.027481$ & $-0.0581285$ & $-0.0447211$ & $-0.031501$ & $-0.00306739$ & $0.0372148$ & $0.0200174$ & $-0.0656565$ & $0.0731824$ & $-0.0214535$ & $0.0367559$ & $1$ & $-0.0532349$ & $0.00707572$ & $0.0616196$ & $0.0218463$ & $0.0507854$ & $0.0131422$ & $-0.0179312$ & $-0.132754$ & $0.059832$ & $0.0790336$ & $-0.0858774$ & $-0.0201625$ & $-0.00561906$ \\
eHWWint & $-0.0325145$ & $0.0524529$ & $-0.0628346$ & $-0.12849$ & $-0.027108$ & $0.00936506$ & $0.0844931$ & $0.0427022$ & $0.0400935$ & $-0.0218376$ & $-0.00166958$ & $0.0664914$ & $-0.0718738$ & $-0.0476672$ & $-0.0238439$ & $-0.0683593$ & $-0.0685717$ & $-0.0682554$ & $-0.0357549$ & $-0.00695791$ & $0.00952279$ & $0.00762378$ & $0.0084618$ & $-0.0842187$ & $-0.0522098$ & $0.0275989$ & $0.0846854$ & $0.0233224$ & $-0.00804362$ & $-0.180868$ & $-0.164936$ & $0.0461203$ & $-0.180683$ & $0.0636339$ & $-0.0340449$ & $-0.0532349$ & $1$ & $0.0687953$ & $-0.0406994$ & $0.014588$ & $0.00743148$ & $0.0445313$ & $0.0987516$ & $-0.0920282$ & $-0.0165371$ & $-0.0152075$ & $-0.0737075$ & $-0.0480956$ & $0.0487315$ \\
eHWWpar & $-0.0315555$ & $-0.00638698$ & $0.0240433$ & $0.0667319$ & $0.00685151$ & $0.060412$ & $0.00537213$ & $-0.0082178$ & $-0.0133104$ & $0.0291618$ & $0.0215685$ & $0.000237253$ & $0.00949924$ & $-0.017115$ & $0.0479825$ & $0.00248692$ & $-0.0386603$ & $-0.056516$ & $-0.0244687$ & $-0.0181902$ & $-0.0252865$ & $-0.0221949$ & $-0.00635832$ & $-0.00314626$ & $-0.0405901$ & $0.0192508$ & $-0.0434182$ & $-0.0424966$ & $-0.0147802$ & $0.0129901$ & $-0.035355$ & $-0.00411616$ & $-0.030404$ & $-0.0637512$ & $-0.111987$ & $0.00707572$ & $0.0687953$ & $1$ & $0.0374255$ & $-0.00836758$ & $0.0112435$ & $-0.0219716$ & $-0.0298723$ & $-0.0351059$ & $-0.05752$ & $-0.0450777$ & $-0.0525278$ & $-0.039717$ & $-0.0281564$ \\
eHZZint & $0.102211$ & $0.0738487$ & $0.316121$ & $0.0220325$ & $-0.0102126$ & $-0.0158506$ & $-0.0194574$ & $-0.00612581$ & $-0.00656673$ & $0.0182464$ & $0.00971836$ & $0.000357219$ & $0.00917956$ & $-0.0142103$ & $0.0211855$ & $0.0368128$ & $-0.00739057$ & $-0.0185757$ & $-0.0266985$ & $-0.00396986$ & $-0.0116967$ & $-0.00888474$ & $-0.0462604$ & $0.00600318$ & $-0.0406665$ & $0.0392328$ & $-0.0523442$ & $0.0348128$ & $0.0294652$ & $-0.000894805$ & $0.020219$ & $-0.000902554$ & $0.0154022$ & $-0.0194453$ & $0.102972$ & $0.0616196$ & $-0.0406994$ & $0.0374255$ & $1$ & $0.0503895$ & $0.0846425$ & $-0.0217037$ & $0.135567$ & $-0.0910368$ & $0.14436$ & $-0.0849981$ & $-0.022428$ & $-0.0321726$ & $0.0785266$ \\
eHZZpar & $0.0399713$ & $-0.0143678$ & $0.0648972$ & $-0.0161397$ & $0.0287302$ & $-0.00901719$ & $0.0379885$ & $0.00756134$ & $0.00762637$ & $-0.00322125$ & $-0.00137992$ & $0.0619156$ & $-0.0491057$ & $-0.0158976$ & $0.0263781$ & $-0.00287327$ & $-0.00383748$ & $-0.0276232$ & $-0.00377801$ & $0.00129263$ & $0.000870987$ & $0.000662499$ & $-0.00870836$ & $-0.00346362$ & $-0.0239503$ & $-0.0153769$ & $-0.0190484$ & $0.0408305$ & $-0.0289452$ & $-0.0305842$ & $0.00239682$ & $0.0385267$ & $-0.04217$ & $-0.0132752$ & $-0.00278669$ & $0.0218463$ & $0.014588$ & $-0.00836758$ & $0.0503895$ & $1$ & $0.0404659$ & $-0.0586929$ & $-0.0177056$ & $-0.0249299$ & $0.0232981$ & $-0.0130453$ & $0.0470732$ & $0.02383$ & $-0.0417782$ \\
eHZgaint & $0.0512798$ & $0.106218$ & $-0.0505128$ & $-0.0242068$ & $0.0272877$ & $0.00280604$ & $0.0538365$ & $-0.0124464$ & $-0.00937965$ & $-0.0314101$ & $0.0170186$ & $0.0472935$ & $-0.0412426$ & $-0.0210217$ & $0.00490229$ & $0.0114674$ & $-0.0111091$ & $-0.0154029$ & $-0.0196989$ & $-0.0117258$ & $-0.0162435$ & $-0.0163343$ & $-0.0546889$ & $0.00195607$ & $-0.012351$ & $0.0614123$ & $-0.00194927$ & $-0.0317894$ & $0.0353928$ & $-0.0282442$ & $-0.0412152$ & $0.0440758$ & $0.0030673$ & $-0.00895508$ & $0.00121397$ & $0.0507854$ & $0.00743148$ & $0.0112435$ & $0.0846425$ & $0.0404659$ & $1$ & $0.00502594$ & $0.0985092$ & $-0.124779$ & $0.116343$ & $0.0205908$ & $-0.0283514$ & $0.0712831$ & $0.167063$ \\
eHZgapar & $0.000581338$ & $-0.0185831$ & $-0.0300111$ & $-0.0424064$ & $-0.0337124$ & $-0.0267695$ & $0.005007$ & $-0.00712353$ & $0.00202303$ & $-0.0218817$ & $0.0123655$ & $-0.0343487$ & $0.0430744$ & $-0.0222578$ & $-0.0123698$ & $-0.00496426$ & $-0.00399273$ & $-0.00398508$ & $-0.0105051$ & $-0.0134312$ & $-0.0115716$ & $-0.0116244$ & $-0.0246847$ & $0.0027286$ & $-0.00171081$ & $0.0313405$ & $0.0137831$ & $-0.00948971$ & $0.0217463$ & $0.0356453$ & $-0.0260372$ & $0.0122384$ & $0.0278103$ & $0.0099095$ & $0.0303468$ & $0.0131422$ & $0.0445313$ & $-0.0219716$ & $-0.0217037$ & $-0.0586929$ & $0.00502594$ & $1$ & $0.103501$ & $0.018393$ & $0.00883013$ & $0.0406942$ & $-0.0058175$ & $-0.0169221$ & $-0.00488894$ \\
eHgagaint & $-0.0254836$ & $0.214724$ & $0.0293923$ & $-0.0699027$ & $0.00428899$ & $0.00982558$ & $-0.0159434$ & $-0.0174322$ & $0.0290707$ & $-0.0249555$ & $0.0186517$ & $-0.0110553$ & $0.00563479$ & $0.00737603$ & $0.0148302$ & $-0.0381015$ & $-0.0219591$ & $-0.0170294$ & $0.0103445$ & $-0.0135429$ & $-0.0143722$ & $-0.0223633$ & $-0.0670902$ & $-0.00726192$ & $-0.0241561$ & $0.0460585$ & $-0.047684$ & $-0.000938667$ & $0.0242213$ & $-0.0254734$ & $0.00528134$ & $-0.0166012$ & $-0.0125959$ & $-0.032232$ & $0.1638$ & $-0.0179312$ & $0.0987516$ & $-0.0298723$ & $0.135567$ & $-0.0177056$ & $0.0985092$ & $0.103501$ & $1$ & $-0.0872461$ & $0.0341666$ & $0.122465$ & $-0.0301184$ & $-0.0186046$ & $0.0771778$ \\
eHmumuint & $0.0620336$ & $0.0475657$ & $-0.0671019$ & $-0.0687768$ & $-0.00346414$ & $0.0309247$ & $-0.0125565$ & $-0.00476528$ & $-0.00430183$ & $-0.0244106$ & $-0.0244141$ & $-0.0400991$ & $0.0272139$ & $0.0596488$ & $-0.00296681$ & $0.0460994$ & $0.0400477$ & $0.059459$ & $0.0304887$ & $0.0263826$ & $0.0216899$ & $0.0240488$ & $-0.00442314$ & $0.0354936$ & $0.0404004$ & $-0.0334971$ & $-0.0240106$ & $0.0305589$ & $0.0345636$ & $0.091541$ & $0.0250527$ & $0.000503785$ & $0.0486146$ & $-0.00668129$ & $-0.0336717$ & $-0.132754$ & $-0.0920282$ & $-0.0351059$ & $-0.0910368$ & $-0.0249299$ & $-0.124779$ & $0.018393$ & $-0.0872461$ & $1$ & $0.0154937$ & $0.0807427$ & $-0.0536312$ & $-0.00206738$ & $-0.100925$ \\
eHtautauint & $0.101153$ & $-0.014194$ & $0.0913211$ & $-0.115236$ & $0.0206521$ & $-0.0306339$ & $0.0151057$ & $0.0214378$ & $0.0221033$ & $0.00456165$ & $-0.0096428$ & $0.0414777$ & $-0.0331808$ & $-0.00122624$ & $0.0448813$ & $0.013862$ & $-0.0324852$ & $-0.04299$ & $-0.0263789$ & $0.0119245$ & $0.00493104$ & $-0.00125991$ & $-0.0257776$ & $-0.0319084$ & $-0.0479935$ & $-0.00248093$ & $-0.0355406$ & $-0.00872158$ & $0.0135342$ & $0.0361033$ & $0.00506997$ & $0.021521$ & $-0.00907204$ & $-0.0267193$ & $0.0663819$ & $0.059832$ & $-0.0165371$ & $-0.05752$ & $0.14436$ & $0.0232981$ & $0.116343$ & $0.00883013$ & $0.0341666$ & $0.0154937$ & $1$ & $-0.0326241$ & $0.0614425$ & $-0.0335689$ & $-0.000914644$ \\
eHccint & $-0.116364$ & $-0.0516377$ & $-0.180672$ & $-0.0451802$ & $0.00103864$ & $-0.0109593$ & $-0.00507307$ & $0.0260787$ & $0.0352798$ & $-0.0053833$ & $-0.0362414$ & $-0.00850978$ & $0.0128288$ & $0.0502574$ & $0.0400495$ & $-0.0084428$ & $0.00533594$ & $0.000872231$ & $0.0302695$ & $0.0339535$ & $0.035292$ & $0.0340501$ & $0.0168014$ & $0.00539205$ & $0.026554$ & $-0.0343996$ & $0.0114073$ & $0.00473826$ & $0.0444822$ & $0.0281445$ & $0.055082$ & $-0.00843535$ & $0.0292327$ & $-0.0271666$ & $-0.0201766$ & $0.0790336$ & $-0.0152075$ & $-0.0450777$ & $-0.0849981$ & $-0.0130453$ & $0.0205908$ & $0.0406942$ & $0.122465$ & $0.0807427$ & $-0.0326241$ & $1$ & $-0.108083$ & $-0.0457313$ & $0.0346759$ \\
eHccpar & $0.175464$ & $-0.0266049$ & $0.0800507$ & $-0.0455641$ & $-0.0240681$ & $-0.0641821$ & $0.0655496$ & $0.0465541$ & $0.04882$ & $-0.0700245$ & $-0.0355894$ & $0.0229263$ & $-0.0390972$ & $-0.0165027$ & $-0.00999038$ & $0.0309359$ & $-0.00214325$ & $-0.00795618$ & $-0.0311419$ & $0.033361$ & $0.0355182$ & $0.039058$ & $0.00339755$ & $-0.0483735$ & $-0.0225558$ & $-0.0136447$ & $0.0465822$ & $0.0407713$ & $0.00374618$ & $-0.0361901$ & $0.218911$ & $0.0591075$ & $0.00298832$ & $0.0684452$ & $0.05818$ & $-0.0858774$ & $-0.0737075$ & $-0.0525278$ & $-0.022428$ & $0.0470732$ & $-0.0283514$ & $-0.0058175$ & $-0.0301184$ & $-0.0536312$ & $0.0614425$ & $-0.108083$ & $1$ & $0.0294368$ & $0.172525$ \\
eHbbint & $-0.0502079$ & $0.043764$ & $-0.117959$ & $-0.155257$ & $0.0614019$ & $0.053946$ & $-0.0196349$ & $-0.0420912$ & $-0.0445175$ & $0.00649472$ & $0.0269479$ & $-0.0214565$ & $0.0234669$ & $0.00924584$ & $-0.039767$ & $-0.0016715$ & $0.0253152$ & $0.0486205$ & $0.0213163$ & $-0.0262432$ & $-0.0257491$ & $-0.0213611$ & $0.0419935$ & $0.0445686$ & $0.0452524$ & $-0.0135438$ & $0.00439105$ & $-0.0368392$ & $0.0234587$ & $0.0132236$ & $0.0459078$ & $-0.0163612$ & $0.114265$ & $-0.000349798$ & $-0.0407497$ & $-0.0201625$ & $-0.0480956$ & $-0.039717$ & $-0.0321726$ & $0.02383$ & $0.0712831$ & $-0.0169221$ & $-0.0186046$ & $-0.00206738$ & $-0.0335689$ & $-0.0457313$ & $0.0294368$ & $1$ & $0.0412391$ \\
eHbbpar & $-0.0790126$ & $0.0782024$ & $0.137231$ & $-0.13926$ & $-0.0131616$ & $-0.0226992$ & $0.0505227$ & $-0.00437686$ & $-0.00158695$ & $-0.00814017$ & $-0.00433816$ & $0.0651766$ & $-0.0669131$ & $0.00542264$ & $0.0419313$ & $0.0784348$ & $0.0130293$ & $-0.00301693$ & $-0.0287403$ & $0.0138937$ & $-0.00144632$ & $0.00104527$ & $-0.0708297$ & $0.0285703$ & $-0.00229415$ & $0.0310194$ & $-0.0617456$ & $0.0168788$ & $0.0247894$ & $-0.0825474$ & $0.0353451$ & $0.0500417$ & $0.2017$ & $-0.03316$ & $0.082209$ & $-0.00561906$ & $0.0487315$ & $-0.0281564$ & $0.0785266$ & $-0.0417782$ & $0.167063$ & $-0.00488894$ & $0.0771778$ & $-0.100925$ & $-0.000914644$ & $0.0346759$ & $0.172525$ & $0.0412391$ & $1$ \\
