 & AlsMz & dAle5Mz & mtop & mHl & Mz & CW & CHG & CHWB & CHWHB_gaga & CHWHB_gagaorth & CHD & CHbox & CH & CHL1_11 & CHL1_22 & CHL1_33 & CHL3_11 & CHL3_22 & CHL3_33 & CHe_11 & CHe_22 & CHe_33 & CHQ1_11 & CHQ1_33 & CHQ3_11 & CHu_11 & CHd_11 & CHd_33 & CeH_22r & CeH_33r & CuH_22r & CuH_33r & CdH_33r & CLL_1221 & eHggint & eHggpar & eHWWint & eHWWpar & eHZZint & eHZZpar & eHZgaint & eHZgapar & eHgagaint & eHmumuint & eHtautauint & eHccint & eHccpar & eHbbint & eHbbpar \\
AlsMz & $1$ & $0.0359109$ & $0.104369$ & $0.0325231$ & $-0.00626429$ & $-0.0273282$ & $-0.0115602$ & $-0.0106025$ & $-0.0110166$ & $0.0141537$ & $0.000507984$ & $0.00242585$ & $-0.0164782$ & $-0.00768165$ & $-0.0136709$ & $-0.00384072$ & $0.0157189$ & $0.0142239$ & $0.0108455$ & $-0.00716154$ & $-0.00629556$ & $-0.00428964$ & $-0.00770592$ & $-0.0564535$ & $-0.0987437$ & $-0.0325858$ & $-0.0257507$ & $0.0180324$ & $0.0165733$ & $0.00921899$ & $-0.00277866$ & $-0.00897076$ & $0.0121899$ & $0.00899153$ & $-0.0148202$ & $0.0064823$ & $-0.0651373$ & $-0.00622216$ & $0.0764884$ & $-0.0253046$ & $-0.105475$ & $0.0169872$ & $-0.046743$ & $0.0592169$ & $0.0267725$ & $-0.0611631$ & $-0.0278003$ & $-0.0483421$ & $0.0412105$ \\
dAle5Mz & $0.0359109$ & $1$ & $0.0703943$ & $-0.0309822$ & $-0.00958607$ & $-0.018368$ & $-0.00225154$ & $-0.0919827$ & $-0.0879459$ & $0.0510806$ & $0.0694047$ & $0.0406287$ & $-0.0212005$ & $-0.016146$ & $-0.0226078$ & $-0.0131102$ & $0.0331715$ & $0.0296582$ & $0.0258126$ & $-0.0469596$ & $-0.045851$ & $-0.040902$ & $0.00750858$ & $0.0256454$ & $0.0304872$ & $0.0275678$ & $-0.0148513$ & $-0.0128698$ & $-0.0329849$ & $-0.0305362$ & $0.00743647$ & $0.0118782$ & $0.00973055$ & $0.00602282$ & $0.01071$ & $0.0794517$ & $-0.0391074$ & $0.0319105$ & $0.00691105$ & $0.00209086$ & $-0.150211$ & $-0.00884013$ & $0.0584818$ & $-0.0879857$ & $-0.163529$ & $0.0330987$ & $0.0328729$ & $0.0443848$ & $0.00915832$ \\
mtop & $0.104369$ & $0.0703943$ & $1$ & $-0.0310403$ & $0.00796184$ & $-0.0122422$ & $-0.020194$ & $-0.017771$ & $-0.0195007$ & $0.0226095$ & $0.0137621$ & $0.0107238$ & $-0.000256973$ & $0.000704502$ & $0.0274412$ & $0.0332553$ & $0.0284218$ & $0.00347897$ & $-0.00246471$ & $-0.000529442$ & $-0.00874989$ & $-0.0105325$ & $0.0166425$ & $0.0144885$ & $-0.00138723$ & $-0.037075$ & $-0.0404347$ & $0.00403031$ & $5.57708e-05$ & $-0.0217301$ & $-0.0621027$ & $-0.0189892$ & $-0.0155358$ & $-0.0239503$ & $-0.0236009$ & $0.045355$ & $0.070303$ & $0.0150756$ & $0.0404788$ & $-0.0359603$ & $-0.0743008$ & $0.00382783$ & $-0.00609995$ & $-0.0936487$ & $0.00510577$ & $0.0243606$ & $-0.123691$ & $0.06924$ & $0.00791727$ \\
mHl & $0.0325231$ & $-0.0309822$ & $-0.0310403$ & $1$ & $0.0365514$ & $-0.0121137$ & $0.00990295$ & $0.00665102$ & $0.00178905$ & $-0.0015589$ & $-0.0074967$ & $-0.010342$ & $0.00974541$ & $0.00132658$ & $-0.00378923$ & $0.0174817$ & $0.000534847$ & $0.00446661$ & $-0.0120689$ & $0.00646854$ & $0.00496148$ & $0.00853234$ & $-0.0127463$ & $-0.00548485$ & $-0.00363914$ & $0.00976454$ & $-0.000664082$ & $0.0109666$ & $-0.0205651$ & $-0.029219$ & $0.0377984$ & $0.00701289$ & $-0.0201786$ & $0.00697315$ & $0.159465$ & $-0.105539$ & $0.0205787$ & $-0.0149904$ & $-0.124028$ & $0.0020504$ & $0.00294047$ & $0.0117633$ & $-0.0146068$ & $-0.0919324$ & $0.0367707$ & $0.0397251$ & $0.115218$ & $0.020356$ & $0.0292779$ \\
Mz & $-0.00626429$ & $-0.00958607$ & $0.00796184$ & $0.0365514$ & $1$ & $0.00561712$ & $-0.0253323$ & $0.0114968$ & $0.00811645$ & $-0.019327$ & $0.000797436$ & $-0.0151693$ & $-0.00356663$ & $-0.0062612$ & $0.00245765$ & $-0.010036$ & $-0.00589531$ & $-0.0134412$ & $-0.00285518$ & $0.00483898$ & $0.0102065$ & $0.0104092$ & $0.00997985$ & $-0.0181814$ & $-0.0154435$ & $-0.0103764$ & $-0.00051024$ & $0.0241435$ & $-0.012811$ & $-0.00879771$ & $-0.0196039$ & $-0.0248086$ & $0.0110629$ & $0.00485614$ & $0.0240969$ & $-0.0307336$ & $0.00853417$ & $0.0101712$ & $-0.0106214$ & $-0.00341047$ & $0.0150404$ & $-0.0306399$ & $0.0180898$ & $-0.0107408$ & $-0.00431013$ & $-0.00877885$ & $-0.0147194$ & $0.0113103$ & $0.0294753$ \\
CW & $-0.0273282$ & $-0.018368$ & $-0.0122422$ & $-0.0121137$ & $0.00561712$ & $1$ & $0.0090103$ & $-0.113625$ & $-0.111051$ & $0.00897692$ & $0.173988$ & $0.0460073$ & $-0.00581672$ & $0.0140231$ & $-0.0709206$ & $-0.0889601$ & $-0.256084$ & $-0.0569624$ & $-0.0451231$ & $-0.17143$ & $-0.175001$ & $-0.174786$ & $-0.0133524$ & $-0.00730808$ & $-0.0760998$ & $0.113865$ & $-0.0612285$ & $-0.0679982$ & $-0.00678628$ & $-0.00174126$ & $-0.0200503$ & $0.010902$ & $-0.00986767$ & $-0.120689$ & $0.0238506$ & $-0.0132215$ & $-0.014335$ & $0.00962131$ & $-0.0189797$ & $0.0150119$ & $0.00965583$ & $-0.0013241$ & $-0.00486244$ & $0.0158273$ & $0.000998214$ & $-0.0183797$ & $-0.0107598$ & $-0.00315127$ & $-0.0245042$ \\
CHG & $-0.0115602$ & $-0.00225154$ & $-0.020194$ & $0.00990295$ & $-0.0253323$ & $0.0090103$ & $1$ & $-0.118624$ & $-0.0641066$ & $0.0723623$ & $0.0614036$ & $0.168349$ & $-0.313885$ & $0.0796116$ & $-0.020068$ & $-0.0119252$ & $0.115672$ & $0.124427$ & $0.114606$ & $-0.0588822$ & $-0.0674632$ & $-0.0677657$ & $-0.031884$ & $0.136875$ & $0.117937$ & $0.0499732$ & $-0.062048$ & $-0.0154418$ & $0.00354271$ & $-0.131717$ & $-0.0777778$ & $0.938223$ & $-0.197348$ & $-0.0792458$ & $-0.0661554$ & $-0.0268005$ & $-0.0142982$ & $-0.014518$ & $-0.0253906$ & $0.0093742$ & $0.00353763$ & $-0.00526629$ & $0.0169699$ & $-0.000290855$ & $-0.0508474$ & $0.00679892$ & $-0.0365107$ & $-0.00211287$ & $-0.072574$ \\
CHWB & $-0.0106025$ & $-0.0919827$ & $-0.017771$ & $0.00665102$ & $0.0114968$ & $-0.113625$ & $-0.118624$ & $1$ & $0.982733$ & $-0.590085$ & $-0.884417$ & $-0.472635$ & $0.377678$ & $0.102399$ & $0.314744$ & $0.306131$ & $-0.249785$ & $-0.443547$ & $-0.443306$ & $0.856607$ & $0.900039$ & $0.88261$ & $0.0593596$ & $-0.68019$ & $-0.416989$ & $-0.518819$ & $0.423349$ & $0.292332$ & $0.0295402$ & $0.111701$ & $0.0463464$ & $-0.114299$ & $0.14782$ & $0.566172$ & $0.00471977$ & $-0.0303396$ & $0.0267478$ & $-0.00188197$ & $-0.0139423$ & $-0.00792558$ & $0.0178732$ & $-0.000168293$ & $0.0107928$ & $0.0373203$ & $0.0116627$ & $-0.0150051$ & $-0.00106889$ & $0.042072$ & $0.0322015$ \\
CHWHB_gaga & $-0.0110166$ & $-0.0879459$ & $-0.0195007$ & $0.00178905$ & $0.00811645$ & $-0.111051$ & $-0.0641066$ & $0.982733$ & $1$ & $-0.579576$ & $-0.866996$ & $-0.452588$ & $0.36713$ & $0.0962965$ & $0.307837$ & $0.300973$ & $-0.250719$ & $-0.438816$ & $-0.43976$ & $0.84008$ & $0.88252$ & $0.865762$ & $0.0592103$ & $-0.670606$ & $-0.412321$ & $-0.509238$ & $0.417637$ & $0.286962$ & $0.0320491$ & $0.132048$ & $0.0584416$ & $-0.0687444$ & $0.163849$ & $0.557369$ & $-0.0189171$ & $-0.0371736$ & $0.0149114$ & $-0.00167664$ & $-0.0150816$ & $-0.00415293$ & $0.0155746$ & $0.00291679$ & $0.078142$ & $0.0285299$ & $-0.00170794$ & $-0.0141584$ & $-0.00313905$ & $0.0414252$ & $0.0265049$ \\
CHWHB_gagaorth & $0.0141537$ & $0.0510806$ & $0.0226095$ & $-0.0015589$ & $-0.019327$ & $0.00897692$ & $0.0723623$ & $-0.590085$ & $-0.579576$ & $1$ & $0.382398$ & $0.667099$ & $-0.26359$ & $0.215519$ & $-0.134513$ & $-0.142205$ & $0.434519$ & $0.486523$ & $0.501145$ & $-0.367826$ & $-0.398612$ & $-0.388204$ & $-0.0512269$ & $0.569441$ & $0.479041$ & $0.224646$ & $-0.252851$ & $-0.120446$ & $-0.0146002$ & $-0.125053$ & $-0.0572483$ & $0.0897716$ & $-0.163927$ & $-0.368309$ & $0.028212$ & $0.058882$ & $-0.00299792$ & $0.000694554$ & $0.0210439$ & $0.00135284$ & $-0.0481774$ & $0.00802513$ & $-0.00762184$ & $-0.0350983$ & $-0.00910158$ & $0.020965$ & $0.0139145$ & $-0.0296886$ & $-0.0219403$ \\
CHD & $0.000507984$ & $0.0694047$ & $0.0137621$ & $-0.0074967$ & $0.000797436$ & $0.173988$ & $0.0614036$ & $-0.884417$ & $-0.866996$ & $0.382398$ & $1$ & $0.371005$ & $-0.187825$ & $-0.510083$ & $-0.425094$ & $-0.423432$ & $-0.197833$ & $0.0835993$ & $0.0851766$ & $-0.990648$ & $-0.99164$ & $-0.970897$ & $0.00761771$ & $0.325956$ & $0.048908$ & $0.565881$ & $-0.293735$ & $-0.327585$ & $-0.0256111$ & $-0.0600039$ & $-0.0238629$ & $0.0695765$ & $-0.0828996$ & $-0.383298$ & $0.0117741$ & $0.0236725$ & $-0.0222713$ & $0.00987643$ & $0.0106034$ & $0.0142969$ & $-0.00774257$ & $-0.00895099$ & $-0.014778$ & $-0.0204411$ & $-0.0189629$ & $0.0151858$ & $0.00481922$ & $-0.0208031$ & $-0.0214046$ \\
CHbox & $0.00242585$ & $0.0406287$ & $0.0107238$ & $-0.010342$ & $-0.0151693$ & $0.0460073$ & $0.168349$ & $-0.472635$ & $-0.452588$ & $0.667099$ & $0.371005$ & $1$ & $-0.636888$ & $0.0416404$ & $-0.0940021$ & $-0.0939816$ & $0.200925$ & $0.262376$ & $0.265527$ & $-0.351023$ & $-0.386735$ & $-0.374578$ & $-0.0510527$ & $0.388625$ & $0.254821$ & $0.218743$ & $-0.238951$ & $-0.125706$ & $-0.0342858$ & $-0.0282241$ & $-0.04178$ & $0.196852$ & $-0.0683511$ & $-0.314185$ & $0.0440195$ & $0.0470681$ & $0.00627694$ & $-0.00893412$ & $0.00735463$ & $-0.00985957$ & $-0.0278615$ & $0.00320381$ & $-0.00218909$ & $-0.0212007$ & $-0.00934379$ & $0.00488218$ & $0.00971195$ & $-0.0164864$ & $-0.0196817$ \\
CH & $-0.0164782$ & $-0.0212005$ & $-0.000256973$ & $0.00974541$ & $-0.00356663$ & $-0.00581672$ & $-0.313885$ & $0.377678$ & $0.36713$ & $-0.26359$ & $-0.187825$ & $-0.636888$ & $1$ & $-0.268715$ & $0.10042$ & $0.0852328$ & $-0.390737$ & $-0.427443$ & $-0.416263$ & $0.184751$ & $0.198739$ & $0.19724$ & $0.0391874$ & $-0.42822$ & $-0.41092$ & $-0.113907$ & $0.146668$ & $0.0654574$ & $0.0525663$ & $0.268765$ & $0.118552$ & $-0.262656$ & $0.351122$ & $0.224198$ & $0.046512$ & $0.000509711$ & $0.0165801$ & $0.0147219$ & $0.00643631$ & $-0.00154224$ & $-0.000192865$ & $-0.00732915$ & $-0.0257435$ & $0.0161141$ & $0.00144829$ & $0.00849857$ & $-0.00381604$ & $0.0222018$ & $0.0449459$ \\
CHL1_11 & $-0.00768165$ & $-0.016146$ & $0.000704502$ & $0.00132658$ & $-0.0062612$ & $0.0140231$ & $0.0796116$ & $0.102399$ & $0.0962965$ & $0.215519$ & $-0.510083$ & $0.0416404$ & $-0.268715$ & $1$ & $0.25637$ & $0.262897$ & $0.667924$ & $0.597098$ & $0.596624$ & $0.527395$ & $0.473769$ & $0.458203$ & $-0.108845$ & $0.464662$ & $0.595934$ & $-0.256639$ & $-0.089097$ & $0.159789$ & $-0.0074925$ & $-0.0712367$ & $-0.0407194$ & $0.0550267$ & $-0.086069$ & $-0.192308$ & $-0.0310504$ & $-0.00113242$ & $0.00238066$ & $-0.0106545$ & $0.00244656$ & $-0.0105353$ & $-0.00968234$ & $0.0101477$ & $0.0143113$ & $-0.014698$ & $0.0231917$ & $-0.00355545$ & $-0.0144904$ & $-0.0353574$ & $-0.00770974$ \\
CHL1_22 & $-0.0136709$ & $-0.0226078$ & $0.0274412$ & $-0.00378923$ & $0.00245765$ & $-0.0709206$ & $-0.020068$ & $0.314744$ & $0.307837$ & $-0.134513$ & $-0.425094$ & $-0.0940021$ & $0.10042$ & $0.25637$ & $1$ & $0.451543$ & $0.141256$ & $-0.464176$ & $-0.0555285$ & $0.490163$ & $0.344767$ & $0.336029$ & $-0.198476$ & $0.0770001$ & $-0.169576$ & $-0.189101$ & $-0.396098$ & $0.121215$ & $0.0119345$ & $0.0323968$ & $0.0189772$ & $-0.0195883$ & $0.0441669$ & $-0.57473$ & $0.00357225$ & $-0.0139179$ & $0.0141878$ & $-0.0123302$ & $-0.00508363$ & $-0.0360988$ & $0.0180279$ & $0.00796942$ & $-0.0212551$ & $-0.0131254$ & $0.0318298$ & $-0.0133357$ & $0.0125897$ & $0.00650279$ & $0.0175901$ \\
CHL1_33 & $-0.00384072$ & $-0.0131102$ & $0.0332553$ & $0.0174817$ & $-0.010036$ & $-0.0889601$ & $-0.0119252$ & $0.306131$ & $0.300973$ & $-0.142205$ & $-0.423432$ & $-0.0939816$ & $0.0852328$ & $0.262897$ & $0.451543$ & $1$ & $0.160524$ & $-0.0369456$ & $-0.437565$ & $0.487594$ & $0.346119$ & $0.361012$ & $-0.181698$ & $0.0881387$ & $-0.144511$ & $-0.193502$ & $-0.379014$ & $0.111273$ & $0.0142286$ & $0.0400327$ & $-0.00408389$ & $-0.017933$ & $0.0422446$ & $-0.087287$ & $-0.0279137$ & $-0.0319335$ & $0.0104986$ & $0.00824401$ & $-0.0340157$ & $-0.0222335$ & $0.00949973$ & $0.00859573$ & $-0.0179481$ & $-0.0115388$ & $0.0169922$ & $0.00125739$ & $-0.0150967$ & $-0.0119101$ & $0.0121945$ \\
CHL3_11 & $0.0157189$ & $0.0331715$ & $0.0284218$ & $0.000534847$ & $-0.00589531$ & $-0.256084$ & $0.115672$ & $-0.249785$ & $-0.250719$ & $0.434519$ & $-0.197833$ & $0.200925$ & $-0.390737$ & $0.667924$ & $0.141256$ & $0.160524$ & $1$ & $0.743832$ & $0.737349$ & $0.221319$ & $0.166508$ & $0.161776$ & $-0.0932501$ & $0.684273$ & $0.770237$ & $-0.0897656$ & $-0.175289$ & $0.0690754$ & $-0.00103616$ & $-0.111426$ & $-0.042205$ & $0.0882618$ & $-0.140974$ & $-0.24599$ & $-0.0349707$ & $0.021414$ & $-0.00837837$ & $-0.0185942$ & $0.00580872$ & $-0.0108657$ & $-0.0198271$ & $0.0216272$ & $0.00988891$ & $-0.0408907$ & $0.0148574$ & $0.000166291$ & $-0.00340535$ & $-0.0325845$ & $-0.0276751$ \\
CHL3_22 & $0.0142239$ & $0.0296582$ & $0.00347897$ & $0.00446661$ & $-0.0134412$ & $-0.0569624$ & $0.124427$ & $-0.443547$ & $-0.438816$ & $0.486523$ & $0.0835993$ & $0.262376$ & $-0.427443$ & $0.597098$ & $-0.464176$ & $-0.0369456$ & $0.743832$ & $1$ & $0.684103$ & $-0.0864344$ & $-0.0776897$ & $-0.0762244$ & $-0.00203668$ & $0.63289$ & $0.802504$ & $0.0490366$ & $-0.00860021$ & $-0.0213583$ & $-0.0157242$ & $-0.120382$ & $-0.0583171$ & $0.0994021$ & $-0.154468$ & $0.0329238$ & $-0.0375356$ & $0.0181071$ & $-0.014107$ & $-0.00337652$ & $0.00661435$ & $0.0124155$ & $-0.026283$ & $0.0118248$ & $0.0202765$ & $-0.0238991$ & $-0.00313123$ & $0.010688$ & $-0.021346$ & $-0.0452206$ & $-0.0327611$ \\
CHL3_33 & $0.0108455$ & $0.0258126$ & $-0.00246471$ & $-0.0120689$ & $-0.00285518$ & $-0.0451231$ & $0.114606$ & $-0.443306$ & $-0.43976$ & $0.501145$ & $0.0851766$ & $0.265527$ & $-0.416263$ & $0.596624$ & $-0.0555285$ & $-0.437565$ & $0.737349$ & $0.684103$ & $1$ & $-0.0877605$ & $-0.0796534$ & $-0.0750044$ & $-0.011535$ & $0.63023$ & $0.798202$ & $0.0545382$ & $-0.0122556$ & $-0.0175727$ & $-0.0164724$ & $-0.123691$ & $-0.0388331$ & $0.0936762$ & $-0.152099$ & $-0.338951$ & $-0.0130433$ & $0.0313852$ & $-0.00961836$ & $-0.0194018$ & $0.0299937$ & $0.00368801$ & $-0.0219284$ & $0.0123569$ & $0.0180001$ & $-0.027202$ & $0.00791115$ & $-0.00141575$ & $0.00227179$ & $-0.0321947$ & $-0.0269741$ \\
CHe_11 & $-0.00716154$ & $-0.0469596$ & $-0.000529442$ & $0.00646854$ & $0.00483898$ & $-0.17143$ & $-0.0588822$ & $0.856607$ & $0.84008$ & $-0.367826$ & $-0.990648$ & $-0.351023$ & $0.184751$ & $0.527395$ & $0.490163$ & $0.487594$ & $0.221319$ & $-0.0864344$ & $-0.0877605$ & $1$ & $0.97402$ & $0.953804$ & $-0.0342467$ & $-0.273369$ & $-0.0428997$ & $-0.554387$ & $0.219472$ & $0.321429$ & $0.0248725$ & $0.0600438$ & $0.0221886$ & $-0.0664236$ & $0.0832028$ & $0.30541$ & $-0.0128089$ & $-0.0234143$ & $0.024854$ & $-0.00828992$ & $-0.0128579$ & $-0.0175946$ & $0.00601924$ & $0.00871498$ & $0.0151429$ & $0.0146436$ & $0.0178581$ & $-0.0132192$ & $-0.0102354$ & $0.0197175$ & $0.0216944$ \\
CHe_22 & $-0.00629556$ & $-0.045851$ & $-0.00874989$ & $0.00496148$ & $0.0102065$ & $-0.175001$ & $-0.0674632$ & $0.900039$ & $0.88252$ & $-0.398612$ & $-0.99164$ & $-0.386735$ & $0.198739$ & $0.473769$ & $0.344767$ & $0.346119$ & $0.166508$ & $-0.0776897$ & $-0.0796534$ & $0.97402$ & $1$ & $0.975621$ & $0.0227178$ & $-0.377566$ & $-0.0518996$ & $-0.570164$ & $0.372273$ & $0.32813$ & $0.0250232$ & $0.0605674$ & $0.0243082$ & $-0.0749652$ & $0.0855564$ & $0.465464$ & $-0.00918368$ & $-0.0193859$ & $0.0232447$ & $-0.00790057$ & $-0.0095996$ & $-0.0104595$ & $0.00351822$ & $0.00755799$ & $0.0213205$ & $0.020628$ & $0.0116003$ & $-0.0127046$ & $-0.00668043$ & $0.0265162$ & $0.020698$ \\
CHe_33 & $-0.00428964$ & $-0.040902$ & $-0.0105325$ & $0.00853234$ & $0.0104092$ & $-0.174786$ & $-0.0677657$ & $0.88261$ & $0.865762$ & $-0.388204$ & $-0.970897$ & $-0.374578$ & $0.19724$ & $0.458203$ & $0.336029$ & $0.361012$ & $0.161776$ & $-0.0762244$ & $-0.0750044$ & $0.953804$ & $0.975621$ & $1$ & $0.0230547$ & $-0.373366$ & $-0.0522599$ & $-0.558242$ & $0.365668$ & $0.318284$ & $0.0241512$ & $0.0619175$ & $0.0278848$ & $-0.0757505$ & $0.0880119$ & $0.46153$ & $-0.01071$ & $-0.0221602$ & $0.0246939$ & $-0.00304445$ & $-0.00949098$ & $-0.00882659$ & $0.00243823$ & $0.0109646$ & $0.0190099$ & $0.019208$ & $0.00961496$ & $-0.0127371$ & $-0.00193077$ & $0.0297755$ & $0.0217823$ \\
CHQ1_11 & $-0.00770592$ & $0.00750858$ & $0.0166425$ & $-0.0127463$ & $0.00997985$ & $-0.0133524$ & $-0.031884$ & $0.0593596$ & $0.0592103$ & $-0.0512269$ & $0.00761771$ & $-0.0510527$ & $0.0391874$ & $-0.108845$ & $-0.198476$ & $-0.181698$ & $-0.0932501$ & $-0.00203668$ & $-0.011535$ & $-0.0342467$ & $0.0227178$ & $0.0230547$ & $1$ & $-0.149809$ & $0.0719363$ & $-0.665818$ & $0.36281$ & $0.00204047$ & $-0.0200428$ & $0.0124566$ & $0.00902401$ & $-0.0299506$ & $0.0161975$ & $0.220528$ & $0.029505$ & $-0.000257587$ & $-0.0177618$ & $0.0196362$ & $-0.00617843$ & $-0.00199097$ & $0.0229307$ & $0.00048073$ & $0.00923198$ & $0.0230094$ & $0.0179663$ & $0.0241043$ & $0.0237865$ & $0.0050425$ & $0.0122763$ \\
CHQ1_33 & $-0.0564535$ & $0.0256454$ & $0.0144885$ & $-0.00548485$ & $-0.0181814$ & $-0.00730808$ & $0.136875$ & $-0.68019$ & $-0.670606$ & $0.569441$ & $0.325956$ & $0.388625$ & $-0.42822$ & $0.464662$ & $0.0770001$ & $0.0881387$ & $0.684273$ & $0.63289$ & $0.63023$ & $-0.273369$ & $-0.377566$ & $-0.373366$ & $-0.149809$ & $1$ & $0.653174$ & $0.229053$ & $-0.424093$ & $-0.0187644$ & $-0.0241655$ & $-0.115471$ & $-0.0516273$ & $0.117384$ & $-0.156132$ & $-0.625909$ & $-0.0258443$ & $0.0170531$ & $-0.0180321$ & $-0.0144403$ & $-0.000883314$ & $-0.0108999$ & $-0.00550721$ & $0.00509744$ & $-0.00362018$ & $-0.049239$ & $0.0145917$ & $0.0102598$ & $-0.0045732$ & $-0.0418349$ & $-0.0359715$ \\
CHQ3_11 & $-0.0987437$ & $0.0304872$ & $-0.00138723$ & $-0.00363914$ & $-0.0154435$ & $-0.0760998$ & $0.117937$ & $-0.416989$ & $-0.412321$ & $0.479041$ & $0.048908$ & $0.254821$ & $-0.41092$ & $0.595934$ & $-0.169576$ & $-0.144511$ & $0.770237$ & $0.802504$ & $0.798202$ & $-0.0428997$ & $-0.0518996$ & $-0.0522599$ & $0.0719363$ & $0.653174$ & $1$ & $0.0356705$ & $0.199191$ & $-0.0168683$ & $-0.0223289$ & $-0.119252$ & $-0.0480051$ & $0.0953292$ & $-0.149969$ & $-0.192627$ & $-0.0291452$ & $0.0310376$ & $-0.0148616$ & $-0.00424031$ & $0.00884351$ & $0.00351896$ & $-0.00329893$ & $0.0193532$ & $0.0205122$ & $-0.0381121$ & $0.0205674$ & $0.0221249$ & $-0.00506628$ & $-0.0437691$ & $-0.0296595$ \\
CHu_11 & $-0.0325858$ & $0.0275678$ & $-0.037075$ & $0.00976454$ & $-0.0103764$ & $0.113865$ & $0.0499732$ & $-0.518819$ & $-0.509238$ & $0.224646$ & $0.565881$ & $0.218743$ & $-0.113907$ & $-0.256639$ & $-0.189101$ & $-0.193502$ & $-0.0897656$ & $0.0490366$ & $0.0545382$ & $-0.554387$ & $-0.570164$ & $-0.558242$ & $-0.665818$ & $0.229053$ & $0.0356705$ & $1$ & $-0.197922$ & $-0.196896$ & $5.54661e-05$ & $-0.0417578$ & $-0.0278299$ & $0.0517754$ & $-0.0566864$ & $-0.279051$ & $-0.0110854$ & $0.011131$ & $-0.0072905$ & $-0.00295389$ & $0.010937$ & $0.0105722$ & $-0.0159804$ & $-0.00749073$ & $-0.0130173$ & $-0.0175414$ & $-0.0296788$ & $0.00366724$ & $-0.0196164$ & $-0.02092$ & $-0.0209717$ \\
CHd_11 & $-0.0257507$ & $-0.0148513$ & $-0.0404347$ & $-0.000664082$ & $-0.00051024$ & $-0.0612285$ & $-0.062048$ & $0.423349$ & $0.417637$ & $-0.252851$ & $-0.293735$ & $-0.238951$ & $0.146668$ & $-0.089097$ & $-0.396098$ & $-0.379014$ & $-0.175289$ & $-0.00860021$ & $-0.0122556$ & $0.219472$ & $0.372273$ & $0.365668$ & $0.36281$ & $-0.424093$ & $0.199191$ & $-0.197922$ & $1$ & $0.0964802$ & $-0.000340829$ & $0.0368548$ & $0.0229106$ & $-0.0604193$ & $0.0535682$ & $0.688925$ & $0.00476179$ & $0.0105756$ & $-0.00703662$ & $0.00911667$ & $0.00813946$ & $0.0132062$ & $0.00657669$ & $0.00438363$ & $0.0276404$ & $0.0251818$ & $0.0052305$ & $0.0141845$ & $0.0045853$ & $0.0181179$ & $0.0102533$ \\
CHd_33 & $0.0180324$ & $-0.0128698$ & $0.00403031$ & $0.0109666$ & $0.0241435$ & $-0.0679982$ & $-0.0154418$ & $0.292332$ & $0.286962$ & $-0.120446$ & $-0.327585$ & $-0.125706$ & $0.0654574$ & $0.159789$ & $0.121215$ & $0.111273$ & $0.0690754$ & $-0.0213583$ & $-0.0175727$ & $0.321429$ & $0.32813$ & $0.318284$ & $0.00204047$ & $-0.0187644$ & $-0.0168683$ & $-0.196896$ & $0.0964802$ & $1$ & $0.0105532$ & $0.0299969$ & $0.00959538$ & $-0.016198$ & $0.0370837$ & $0.146493$ & $0.0151429$ & $-0.0162996$ & $-0.0360349$ & $-0.0241682$ & $-0.00425313$ & $0.00830115$ & $-0.00675042$ & $-0.00490892$ & $0.0193991$ & $0.0124841$ & $0.0116784$ & $-0.0190006$ & $0.00118596$ & $0.0183483$ & $0.0121145$ \\
CeH_22r & $0.0165733$ & $-0.0329849$ & $5.57708e-05$ & $-0.0205651$ & $-0.012811$ & $-0.00678628$ & $0.00354271$ & $0.0295402$ & $0.0320491$ & $-0.0146002$ & $-0.0256111$ & $-0.0342858$ & $0.0525663$ & $-0.0074925$ & $0.0119345$ & $0.0142286$ & $-0.00103616$ & $-0.0157242$ & $-0.0164724$ & $0.0248725$ & $0.0250232$ & $0.0241512$ & $-0.0200428$ & $-0.0241655$ & $-0.0223289$ & $5.54661e-05$ & $-0.000340829$ & $0.0105532$ & $1$ & $0.0282065$ & $0.0128855$ & $-0.012578$ & $0.025614$ & $0.0168671$ & $-0.0263577$ & $-0.00852734$ & $-0.013637$ & $-0.00872578$ & $-0.0197609$ & $0.0039512$ & $-0.0226519$ & $0.0176853$ & $-0.0206951$ & $-0.00838427$ & $-0.00236591$ & $-0.00825083$ & $-0.000613042$ & $-0.0109112$ & $-0.00352448$ \\
CeH_33r & $0.00921899$ & $-0.0305362$ & $-0.0217301$ & $-0.029219$ & $-0.00879771$ & $-0.00174126$ & $-0.131717$ & $0.111701$ & $0.132048$ & $-0.125053$ & $-0.0600039$ & $-0.0282241$ & $0.268765$ & $-0.0712367$ & $0.0323968$ & $0.0400327$ & $-0.111426$ & $-0.120382$ & $-0.123691$ & $0.0600438$ & $0.0605674$ & $0.0619175$ & $0.0124566$ & $-0.115471$ & $-0.119252$ & $-0.0417578$ & $0.0368548$ & $0.0299969$ & $0.0282065$ & $1$ & $0.317834$ & $0.00809793$ & $0.653833$ & $0.0601306$ & $-0.0767147$ & $-0.0279526$ & $-0.170099$ & $-0.0184825$ & $-0.0399815$ & $0.00163774$ & $-0.00928217$ & $-0.0162916$ & $-0.0198657$ & $0.028043$ & $0.0541436$ & $-0.0433388$ & $-0.00384224$ & $-0.00689494$ & $0.0101364$ \\
CuH_22r & $-0.00277866$ & $0.00743647$ & $-0.0621027$ & $0.0377984$ & $-0.0196039$ & $-0.0200503$ & $-0.0777778$ & $0.0463464$ & $0.0584416$ & $-0.0572483$ & $-0.0238629$ & $-0.04178$ & $0.118552$ & $-0.0407194$ & $0.0189772$ & $-0.00408389$ & $-0.042205$ & $-0.0583171$ & $-0.0388331$ & $0.0221886$ & $0.0243082$ & $0.0278848$ & $0.00902401$ & $-0.0516273$ & $-0.0480051$ & $-0.0278299$ & $0.0229106$ & $0.00959538$ & $0.0128855$ & $0.317834$ & $1$ & $0.00762261$ & $0.361549$ & $0.025516$ & $-0.0266136$ & $0.00893968$ & $-0.0975997$ & $0.00396846$ & $-0.0225171$ & $-0.00682495$ & $-0.0471224$ & $-0.00362055$ & $-0.00875525$ & $-0.010102$ & $0.00473431$ & $0.0693465$ & $0.354868$ & $0.0190012$ & $0.00453395$ \\
CuH_33r & $-0.00897076$ & $0.0118782$ & $-0.0189892$ & $0.00701289$ & $-0.0248086$ & $0.010902$ & $0.938223$ & $-0.114299$ & $-0.0687444$ & $0.0897716$ & $0.0695765$ & $0.196852$ & $-0.262656$ & $0.0550267$ & $-0.0195883$ & $-0.017933$ & $0.0882618$ & $0.0994021$ & $0.0936762$ & $-0.0664236$ & $-0.0749652$ & $-0.0757505$ & $-0.0299506$ & $0.117384$ & $0.0953292$ & $0.0517754$ & $-0.0604193$ & $-0.016198$ & $-0.012578$ & $0.00809793$ & $0.00762261$ & $1$ & $-0.0194096$ & $-0.0770262$ & $0.00845252$ & $0.0152501$ & $-0.0400232$ & $-0.0201729$ & $0.00418926$ & $0.00756507$ & $-0.000452563$ & $-0.00541914$ & $0.0139158$ & $0.00714135$ & $-0.0492749$ & $-0.00451617$ & $-0.0295592$ & $-0.00476959$ & $-0.0484122$ \\
CdH_33r & $0.0121899$ & $0.00973055$ & $-0.0155358$ & $-0.0201786$ & $0.0110629$ & $-0.00986767$ & $-0.197348$ & $0.14782$ & $0.163849$ & $-0.163927$ & $-0.0828996$ & $-0.0683511$ & $0.351122$ & $-0.086069$ & $0.0441669$ & $0.0422446$ & $-0.140974$ & $-0.154468$ & $-0.152099$ & $0.0832028$ & $0.0855564$ & $0.0880119$ & $0.0161975$ & $-0.156132$ & $-0.149969$ & $-0.0566864$ & $0.0535682$ & $0.0370837$ & $0.025614$ & $0.653833$ & $0.361549$ & $-0.0194096$ & $1$ & $0.0819084$ & $0.00017341$ & $-0.0474764$ & $-0.148666$ & $-0.0347003$ & $-0.0285005$ & $0.0189986$ & $-0.000707347$ & $-0.0165294$ & $-0.017559$ & $-0.0174224$ & $0.00594403$ & $-0.0341224$ & $0.016157$ & $0.13585$ & $0.437702$ \\
CLL_1221 & $0.00899153$ & $0.00602282$ & $-0.0239503$ & $0.00697315$ & $0.00485614$ & $-0.120689$ & $-0.0792458$ & $0.566172$ & $0.557369$ & $-0.368309$ & $-0.383298$ & $-0.314185$ & $0.224198$ & $-0.192308$ & $-0.57473$ & $-0.087287$ & $-0.24599$ & $0.0329238$ & $-0.338951$ & $0.30541$ & $0.465464$ & $0.46153$ & $0.220528$ & $-0.625909$ & $-0.192627$ & $-0.279051$ & $0.688925$ & $0.146493$ & $0.0168671$ & $0.0601306$ & $0.025516$ & $-0.0770262$ & $0.0819084$ & $1$ & $-0.00300548$ & $-0.00645325$ & $0.00724574$ & $0.0110733$ & $-0.00857529$ & $0.0236698$ & $-0.0103887$ & $-0.00287034$ & $0.0294329$ & $0.0317652$ & $-0.0270495$ & $0.00148332$ & $-0.00604716$ & $0.0358253$ & $0.00968909$ \\
eHggint & $-0.0148202$ & $0.01071$ & $-0.0236009$ & $0.159465$ & $0.0240969$ & $0.0238506$ & $-0.0661554$ & $0.00471977$ & $-0.0189171$ & $0.028212$ & $0.0117741$ & $0.0440195$ & $0.046512$ & $-0.0310504$ & $0.00357225$ & $-0.0279137$ & $-0.0349707$ & $-0.0375356$ & $-0.0130433$ & $-0.0128089$ & $-0.00918368$ & $-0.01071$ & $0.029505$ & $-0.0258443$ & $-0.0291452$ & $-0.0110854$ & $0.00476179$ & $0.0151429$ & $-0.0263577$ & $-0.0767147$ & $-0.0266136$ & $0.00845252$ & $0.00017341$ & $-0.00300548$ & $1$ & $-0.0128684$ & $0.0744626$ & $-0.005153$ & $0.193328$ & $-0.0170256$ & $0.0660874$ & $0.0266658$ & $-0.0223758$ & $-0.000711308$ & $0.0572455$ & $-0.0216401$ & $-0.0116363$ & $0.124906$ & $0.0866642$ \\
eHggpar & $0.0064823$ & $0.0794517$ & $0.045355$ & $-0.105539$ & $-0.0307336$ & $-0.0132215$ & $-0.0268005$ & $-0.0303396$ & $-0.0371736$ & $0.058882$ & $0.0236725$ & $0.0470681$ & $0.000509711$ & $-0.00113242$ & $-0.0139179$ & $-0.0319335$ & $0.021414$ & $0.0181071$ & $0.0313852$ & $-0.0234143$ & $-0.0193859$ & $-0.0221602$ & $-0.000257587$ & $0.0170531$ & $0.0310376$ & $0.011131$ & $0.0105756$ & $-0.0162996$ & $-0.00852734$ & $-0.0279526$ & $0.00893968$ & $0.0152501$ & $-0.0474764$ & $-0.00645325$ & $-0.0128684$ & $1$ & $-0.0310773$ & $-0.015564$ & $-0.00516129$ & $-0.0111015$ & $-0.0303508$ & $0.00198848$ & $0.0275677$ & $0.0680217$ & $-0.00373528$ & $-0.0485326$ & $0.0790374$ & $-0.100045$ & $-0.0199577$ \\
eHWWint & $-0.0651373$ & $-0.0391074$ & $0.070303$ & $0.0205787$ & $0.00853417$ & $-0.014335$ & $-0.0142982$ & $0.0267478$ & $0.0149114$ & $-0.00299792$ & $-0.0222713$ & $0.00627694$ & $0.0165801$ & $0.00238066$ & $0.0141878$ & $0.0104986$ & $-0.00837837$ & $-0.014107$ & $-0.00961836$ & $0.024854$ & $0.0232447$ & $0.0246939$ & $-0.0177618$ & $-0.0180321$ & $-0.0148616$ & $-0.0072905$ & $-0.00703662$ & $-0.0360349$ & $-0.013637$ & $-0.170099$ & $-0.0975997$ & $-0.0400232$ & $-0.148666$ & $0.00724574$ & $0.0744626$ & $-0.0310773$ & $1$ & $0.00791644$ & $0.0063859$ & $-0.0100214$ & $-0.0147777$ & $0.00131191$ & $0.00047775$ & $0.0497474$ & $-0.0127276$ & $0.0773318$ & $-0.0189858$ & $0.0676006$ & $0.0550459$ \\
eHWWpar & $-0.00622216$ & $0.0319105$ & $0.0150756$ & $-0.0149904$ & $0.0101712$ & $0.00962131$ & $-0.014518$ & $-0.00188197$ & $-0.00167664$ & $0.000694554$ & $0.00987643$ & $-0.00893412$ & $0.0147219$ & $-0.0106545$ & $-0.0123302$ & $0.00824401$ & $-0.0185942$ & $-0.00337652$ & $-0.0194018$ & $-0.00828992$ & $-0.00790057$ & $-0.00304445$ & $0.0196362$ & $-0.0144403$ & $-0.00424031$ & $-0.00295389$ & $0.00911667$ & $-0.0241682$ & $-0.00872578$ & $-0.0184825$ & $0.00396846$ & $-0.0201729$ & $-0.0347003$ & $0.0110733$ & $-0.005153$ & $-0.015564$ & $0.00791644$ & $1$ & $0.016197$ & $0.00508559$ & $-0.0137247$ & $-0.00233404$ & $0.00122735$ & $0.0105201$ & $0.00229604$ & $0.0297156$ & $-0.00422025$ & $0.00495207$ & $-0.0162182$ \\
eHZZint & $0.0764884$ & $0.00691105$ & $0.0404788$ & $-0.124028$ & $-0.0106214$ & $-0.0189797$ & $-0.0253906$ & $-0.0139423$ & $-0.0150816$ & $0.0210439$ & $0.0106034$ & $0.00735463$ & $0.00643631$ & $0.00244656$ & $-0.00508363$ & $-0.0340157$ & $0.00580872$ & $0.00661435$ & $0.0299937$ & $-0.0128579$ & $-0.0095996$ & $-0.00949098$ & $-0.00617843$ & $-0.000883314$ & $0.00884351$ & $0.010937$ & $0.00813946$ & $-0.00425313$ & $-0.0197609$ & $-0.0399815$ & $-0.0225171$ & $0.00418926$ & $-0.0285005$ & $-0.00857529$ & $0.193328$ & $-0.00516129$ & $0.0063859$ & $0.016197$ & $1$ & $0.00826549$ & $-0.0713912$ & $0.0207185$ & $0.124477$ & $-0.0206199$ & $0.00437742$ & $0.0584209$ & $-0.0262378$ & $-0.153646$ & $0.0982452$ \\
eHZZpar & $-0.0253046$ & $0.00209086$ & $-0.0359603$ & $0.0020504$ & $-0.00341047$ & $0.0150119$ & $0.0093742$ & $-0.00792558$ & $-0.00415293$ & $0.00135284$ & $0.0142969$ & $-0.00985957$ & $-0.00154224$ & $-0.0105353$ & $-0.0360988$ & $-0.0222335$ & $-0.0108657$ & $0.0124155$ & $0.00368801$ & $-0.0175946$ & $-0.0104595$ & $-0.00882659$ & $-0.00199097$ & $-0.0108999$ & $0.00351896$ & $0.0105722$ & $0.0132062$ & $0.00830115$ & $0.0039512$ & $0.00163774$ & $-0.00682495$ & $0.00756507$ & $0.0189986$ & $0.0236698$ & $-0.0170256$ & $-0.0111015$ & $-0.0100214$ & $0.00508559$ & $0.00826549$ & $1$ & $0.0451539$ & $-0.00607676$ & $0.0231821$ & $-0.0155952$ & $0.0164591$ & $-0.0285925$ & $-0.0134621$ & $0.0494945$ & $0.0477011$ \\
eHZgaint & $-0.105475$ & $-0.150211$ & $-0.0743008$ & $0.00294047$ & $0.0150404$ & $0.00965583$ & $0.00353763$ & $0.0178732$ & $0.0155746$ & $-0.0481774$ & $-0.00774257$ & $-0.0278615$ & $-0.000192865$ & $-0.00968234$ & $0.0180279$ & $0.00949973$ & $-0.0198271$ & $-0.026283$ & $-0.0219284$ & $0.00601924$ & $0.00351822$ & $0.00243823$ & $0.0229307$ & $-0.00550721$ & $-0.00329893$ & $-0.0159804$ & $0.00657669$ & $-0.00675042$ & $-0.0226519$ & $-0.00928217$ & $-0.0471224$ & $-0.000452563$ & $-0.000707347$ & $-0.0103887$ & $0.0660874$ & $-0.0303508$ & $-0.0147777$ & $-0.0137247$ & $-0.0713912$ & $0.0451539$ & $1$ & $0.0122749$ & $-0.018203$ & $0.0379341$ & $0.109391$ & $0.061255$ & $-0.109258$ & $-0.0472567$ & $0.0540422$ \\
eHZgapar & $0.0169872$ & $-0.00884013$ & $0.00382783$ & $0.0117633$ & $-0.0306399$ & $-0.0013241$ & $-0.00526629$ & $-0.000168293$ & $0.00291679$ & $0.00802513$ & $-0.00895099$ & $0.00320381$ & $-0.00732915$ & $0.0101477$ & $0.00796942$ & $0.00859573$ & $0.0216272$ & $0.0118248$ & $0.0123569$ & $0.00871498$ & $0.00755799$ & $0.0109646$ & $0.00048073$ & $0.00509744$ & $0.0193532$ & $-0.00749073$ & $0.00438363$ & $-0.00490892$ & $0.0176853$ & $-0.0162916$ & $-0.00362055$ & $-0.00541914$ & $-0.0165294$ & $-0.00287034$ & $0.0266658$ & $0.00198848$ & $0.00131191$ & $-0.00233404$ & $0.0207185$ & $-0.00607676$ & $0.0122749$ & $1$ & $0.0128411$ & $0.0280689$ & $-0.00829438$ & $0.0164946$ & $-0.0104577$ & $-0.0190104$ & $-0.0121108$ \\
eHgagaint & $-0.046743$ & $0.0584818$ & $-0.00609995$ & $-0.0146068$ & $0.0180898$ & $-0.00486244$ & $0.0169699$ & $0.0107928$ & $0.078142$ & $-0.00762184$ & $-0.014778$ & $-0.00218909$ & $-0.0257435$ & $0.0143113$ & $-0.0212551$ & $-0.0179481$ & $0.00988891$ & $0.0202765$ & $0.0180001$ & $0.0151429$ & $0.0213205$ & $0.0190099$ & $0.00923198$ & $-0.00362018$ & $0.0205122$ & $-0.0130173$ & $0.0276404$ & $0.0193991$ & $-0.0206951$ & $-0.0198657$ & $-0.00875525$ & $0.0139158$ & $-0.017559$ & $0.0294329$ & $-0.0223758$ & $0.0275677$ & $0.00047775$ & $0.00122735$ & $0.124477$ & $0.0231821$ & $-0.018203$ & $0.0128411$ & $1$ & $-0.119087$ & $-0.184931$ & $0.0257984$ & $-0.0381705$ & $0.0352235$ & $0.00222681$ \\
eHmumuint & $0.0592169$ & $-0.0879857$ & $-0.0936487$ & $-0.0919324$ & $-0.0107408$ & $0.0158273$ & $-0.000290855$ & $0.0373203$ & $0.0285299$ & $-0.0350983$ & $-0.0204411$ & $-0.0212007$ & $0.0161141$ & $-0.014698$ & $-0.0131254$ & $-0.0115388$ & $-0.0408907$ & $-0.0238991$ & $-0.027202$ & $0.0146436$ & $0.020628$ & $0.019208$ & $0.0230094$ & $-0.049239$ & $-0.0381121$ & $-0.0175414$ & $0.0251818$ & $0.0124841$ & $-0.00838427$ & $0.028043$ & $-0.010102$ & $0.00714135$ & $-0.0174224$ & $0.0317652$ & $-0.000711308$ & $0.0680217$ & $0.0497474$ & $0.0105201$ & $-0.0206199$ & $-0.0155952$ & $0.0379341$ & $0.0280689$ & $-0.119087$ & $1$ & $0.0171107$ & $-0.0172099$ & $-0.0374819$ & $-0.0520899$ & $-0.0441409$ \\
eHtautauint & $0.0267725$ & $-0.163529$ & $0.00510577$ & $0.0367707$ & $-0.00431013$ & $0.000998214$ & $-0.0508474$ & $0.0116627$ & $-0.00170794$ & $-0.00910158$ & $-0.0189629$ & $-0.00934379$ & $0.00144829$ & $0.0231917$ & $0.0318298$ & $0.0169922$ & $0.0148574$ & $-0.00313123$ & $0.00791115$ & $0.0178581$ & $0.0116003$ & $0.00961496$ & $0.0179663$ & $0.0145917$ & $0.0205674$ & $-0.0296788$ & $0.0052305$ & $0.0116784$ & $-0.00236591$ & $0.0541436$ & $0.00473431$ & $-0.0492749$ & $0.00594403$ & $-0.0270495$ & $0.0572455$ & $-0.00373528$ & $-0.0127276$ & $0.00229604$ & $0.00437742$ & $0.0164591$ & $0.109391$ & $-0.00829438$ & $-0.184931$ & $0.0171107$ & $1$ & $-0.0426161$ & $0.0862554$ & $-0.00758677$ & $0.0259706$ \\
eHccint & $-0.0611631$ & $0.0330987$ & $0.0243606$ & $0.0397251$ & $-0.00877885$ & $-0.0183797$ & $0.00679892$ & $-0.0150051$ & $-0.0141584$ & $0.020965$ & $0.0151858$ & $0.00488218$ & $0.00849857$ & $-0.00355545$ & $-0.0133357$ & $0.00125739$ & $0.000166291$ & $0.010688$ & $-0.00141575$ & $-0.0132192$ & $-0.0127046$ & $-0.0127371$ & $0.0241043$ & $0.0102598$ & $0.0221249$ & $0.00366724$ & $0.0141845$ & $-0.0190006$ & $-0.00825083$ & $-0.0433388$ & $0.0693465$ & $-0.00451617$ & $-0.0341224$ & $0.00148332$ & $-0.0216401$ & $-0.0485326$ & $0.0773318$ & $0.0297156$ & $0.0584209$ & $-0.0285925$ & $0.061255$ & $0.0164946$ & $0.0257984$ & $-0.0172099$ & $-0.0426161$ & $1$ & $0.0442891$ & $-0.0897425$ & $0.0118372$ \\
eHccpar & $-0.0278003$ & $0.0328729$ & $-0.123691$ & $0.115218$ & $-0.0147194$ & $-0.0107598$ & $-0.0365107$ & $-0.00106889$ & $-0.00313905$ & $0.0139145$ & $0.00481922$ & $0.00971195$ & $-0.00381604$ & $-0.0144904$ & $0.0125897$ & $-0.0150967$ & $-0.00340535$ & $-0.021346$ & $0.00227179$ & $-0.0102354$ & $-0.00668043$ & $-0.00193077$ & $0.0237865$ & $-0.0045732$ & $-0.00506628$ & $-0.0196164$ & $0.0045853$ & $0.00118596$ & $-0.000613042$ & $-0.00384224$ & $0.354868$ & $-0.0295592$ & $0.016157$ & $-0.00604716$ & $-0.0116363$ & $0.0790374$ & $-0.0189858$ & $-0.00422025$ & $-0.0262378$ & $-0.0134621$ & $-0.109258$ & $-0.0104577$ & $-0.0381705$ & $-0.0374819$ & $0.0862554$ & $0.0442891$ & $1$ & $0.0186845$ & $0.0400557$ \\
eHbbint & $-0.0483421$ & $0.0443848$ & $0.06924$ & $0.020356$ & $0.0113103$ & $-0.00315127$ & $-0.00211287$ & $0.042072$ & $0.0414252$ & $-0.0296886$ & $-0.0208031$ & $-0.0164864$ & $0.0222018$ & $-0.0353574$ & $0.00650279$ & $-0.0119101$ & $-0.0325845$ & $-0.0452206$ & $-0.0321947$ & $0.0197175$ & $0.0265162$ & $0.0297755$ & $0.0050425$ & $-0.0418349$ & $-0.0437691$ & $-0.02092$ & $0.0181179$ & $0.0183483$ & $-0.0109112$ & $-0.00689494$ & $0.0190012$ & $-0.00476959$ & $0.13585$ & $0.0358253$ & $0.124906$ & $-0.100045$ & $0.0676006$ & $0.00495207$ & $-0.153646$ & $0.0494945$ & $-0.0472567$ & $-0.0190104$ & $0.0352235$ & $-0.0520899$ & $-0.00758677$ & $-0.0897425$ & $0.0186845$ & $1$ & $-0.0479004$ \\
eHbbpar & $0.0412105$ & $0.00915832$ & $0.00791727$ & $0.0292779$ & $0.0294753$ & $-0.0245042$ & $-0.072574$ & $0.0322015$ & $0.0265049$ & $-0.0219403$ & $-0.0214046$ & $-0.0196817$ & $0.0449459$ & $-0.00770974$ & $0.0175901$ & $0.0121945$ & $-0.0276751$ & $-0.0327611$ & $-0.0269741$ & $0.0216944$ & $0.020698$ & $0.0217823$ & $0.0122763$ & $-0.0359715$ & $-0.0296595$ & $-0.0209717$ & $0.0102533$ & $0.0121145$ & $-0.00352448$ & $0.0101364$ & $0.00453395$ & $-0.0484122$ & $0.437702$ & $0.00968909$ & $0.0866642$ & $-0.0199577$ & $0.0550459$ & $-0.0162182$ & $0.0982452$ & $0.0477011$ & $0.0540422$ & $-0.0121108$ & $0.00222681$ & $-0.0441409$ & $0.0259706$ & $0.0118372$ & $0.0400557$ & $-0.0479004$ & $1$ \\
