 & AlsMz & dAle5Mz & mtop & mHl & Mz & CW & CHG & CHWB & CHWHB_gaga & CHWHB_gagaorth & CHD & CHbox & CH & CHL1_11 & CHL1_22 & CHL1_33 & CHL3_11 & CHL3_22 & CHL3_33 & CHe_11 & CHe_22 & CHe_33 & CHQ1_11 & CHQ1_33 & CHQ3_11 & CHu_11 & CHd_11 & CHd_33 & CeH_22r & CeH_33r & CuH_22r & CuH_33r & CdH_33r & CLL_1221 & eHggint & eHggpar & eHWWint & eHWWpar & eHZZint & eHZZpar & eHZgaint & eHZgapar & eHgagaint & eHmumuint & eHtautauint & eHccint & eHccpar & eHbbint & eHbbpar \\
AlsMz & $1$ & $-0.0715351$ & $-0.240355$ & $0.00380948$ & $-0.000989305$ & $0.0703115$ & $0.0190952$ & $-0.0727712$ & $-0.0693456$ & $0.0240719$ & $0.0525296$ & $0.0104137$ & $-0.0174726$ & $0.00326596$ & $0.0480383$ & $0.0669107$ & $0.0130445$ & $0.00215334$ & $-0.0105247$ & $-0.0496049$ & $-0.0739085$ & $-0.0692385$ & $-0.0826489$ & $0.0189851$ & $-0.139504$ & $0.0461306$ & $-0.20073$ & $-0.0346458$ & $-0.0178881$ & $-0.0248225$ & $0.0469402$ & $0.0166865$ & $-0.116534$ & $-0.104643$ & $-0.077721$ & $0.00871618$ & $0.0958641$ & $-0.0421203$ & $-0.245799$ & $-0.0433322$ & $-0.151697$ & $0.0466614$ & $0.0669561$ & $-0.0593627$ & $-0.0786647$ & $-0.110202$ & $0.20177$ & $-0.0395744$ & $-0.286432$ \\
dAle5Mz & $-0.0715351$ & $1$ & $0.125303$ & $-0.0809454$ & $0.00701069$ & $0.0114856$ & $-0.0108785$ & $-0.036985$ & $-0.0345261$ & $-0.00185687$ & $0.0421348$ & $0.0283576$ & $0.000306784$ & $-0.0359575$ & $-0.0499608$ & $-0.0182274$ & $-0.020057$ & $0.00472577$ & $-0.017921$ & $-0.026995$ & $-0.0177167$ & $-0.0223936$ & $-0.00335452$ & $0.00113049$ & $0.0198164$ & $0.0311784$ & $0.0645967$ & $-0.0265165$ & $8.34611e-05$ & $0.0308061$ & $-0.0501244$ & $-0.0119009$ & $0.000275574$ & $0.0602369$ & $0.0968562$ & $0.00115252$ & $-0.053465$ & $-0.00288211$ & $-0.0141076$ & $0.0844858$ & $-0.188912$ & $-0.0118341$ & $0.179243$ & $0.154295$ & $0.210971$ & $0.178489$ & $-0.0444683$ & $0.172996$ & $-0.0668732$ \\
mtop & $-0.240355$ & $0.125303$ & $1$ & $0.0906578$ & $-0.0330903$ & $-0.00771995$ & $0.027856$ & $0.0485553$ & $0.0442763$ & $-0.0274982$ & $-0.0407418$ & $-0.018262$ & $-0.0195298$ & $0.0153131$ & $0.0191998$ & $0.0199372$ & $-0.0124057$ & $-0.0190811$ & $-0.0187546$ & $0.0489746$ & $0.0497233$ & $0.0516179$ & $0.000192444$ & $-0.00769509$ & $-0.00862895$ & $-0.0275642$ & $0.013469$ & $0.0191168$ & $-0.00677741$ & $-0.0291333$ & $-0.000252776$ & $0.00743391$ & $-0.0119453$ & $0.0271348$ & $-0.116324$ & $0.0449272$ & $0.136175$ & $0.0226091$ & $-0.147815$ & $0.00198185$ & $0.0845554$ & $-0.0447006$ & $-0.101274$ & $0.210905$ & $-0.171079$ & $0.172363$ & $0.0544195$ & $0.117037$ & $0.0474772$ \\
mHl & $0.00380948$ & $-0.0809454$ & $0.0906578$ & $1$ & $-0.0051135$ & $-0.0382797$ & $-0.0176174$ & $0.0115476$ & $0.0069878$ & $-0.0159986$ & $-0.0351369$ & $-0.0454386$ & $-0.0159596$ & $0.0388465$ & $-0.0162377$ & $0.0118111$ & $0.0520972$ & $0.0558898$ & $0.0277865$ & $0.0352478$ & $0.0357531$ & $0.0316668$ & $0.0521007$ & $0.00848613$ & $0.0586764$ & $-0.038358$ & $0.0339365$ & $0.00832245$ & $-0.0214394$ & $0.0533529$ & $-0.0181694$ & $-0.0255561$ & $0.018387$ & $0.0232342$ & $-0.113675$ & $-0.145181$ & $-0.125504$ & $0.0311155$ & $-0.087176$ & $-0.059379$ & $0.276849$ & $-0.0368347$ & $-0.135292$ & $-0.0139944$ & $-0.0680914$ & $-0.039105$ & $-0.0832972$ & $0.0613592$ & $-0.0805374$ \\
Mz & $-0.000989305$ & $0.00701069$ & $-0.0330903$ & $-0.0051135$ & $1$ & $0.000888259$ & $-0.00656766$ & $-0.00237793$ & $-0.00182605$ & $0.0109334$ & $0.0120948$ & $0.00524224$ & $0.000317686$ & $0.008734$ & $0.000478518$ & $-0.00983672$ & $-0.00553385$ & $-0.00389027$ & $0.00262323$ & $-0.00714371$ & $-0.00107393$ & $0.00281187$ & $-0.0119002$ & $-0.0167938$ & $0.00661128$ & $0.0194294$ & $0.00771241$ & $-0.0023874$ & $0.0179408$ & $0.0137213$ & $-0.0294334$ & $-0.00648387$ & $0.00308633$ & $-0.00628129$ & $-0.0217637$ & $0.0216001$ & $0.0204624$ & $-0.0281283$ & $0.00222218$ & $-0.0531392$ & $0.00821572$ & $-0.0276061$ & $0.0182258$ & $0.0395317$ & $0.0175954$ & $0.026427$ & $-0.0226757$ & $-0.0509075$ & $0.0315105$ \\
CW & $0.0703115$ & $0.0114856$ & $-0.00771995$ & $-0.0382797$ & $0.000888259$ & $1$ & $0.00109804$ & $-0.121423$ & $-0.12235$ & $0.006766$ & $0.184943$ & $0.0665391$ & $0.00283457$ & $0.0153822$ & $-0.0646004$ & $-0.0889395$ & $-0.265575$ & $-0.067429$ & $-0.0436031$ & $-0.181844$ & $-0.188641$ & $-0.181391$ & $-0.0414025$ & $-0.00174928$ & $-0.103161$ & $0.121828$ & $-0.0885236$ & $-0.0572026$ & $-0.0118541$ & $0.0191795$ & $0.00423131$ & $0.00761124$ & $0.00515524$ & $-0.138454$ & $-0.000410905$ & $0.00202252$ & $-0.00128475$ & $0.0135734$ & $0.0230039$ & $0.0235663$ & $-0.0263249$ & $-0.0301448$ & $-0.0162752$ & $0.00249923$ & $0.0068743$ & $-0.00890038$ & $0.00112885$ & $0.0237171$ & $-0.0242298$ \\
CHG & $0.0190952$ & $-0.0108785$ & $0.027856$ & $-0.0176174$ & $-0.00656766$ & $0.00109804$ & $1$ & $-0.0942426$ & $-0.0442621$ & $0.0640105$ & $0.0389917$ & $-0.0791893$ & $-0.303035$ & $0.077351$ & $-0.0270144$ & $0.00873878$ & $0.1103$ & $0.121207$ & $0.0947023$ & $-0.0355427$ & $-0.0438819$ & $-0.0434606$ & $-0.0329978$ & $0.117322$ & $0.113863$ & $0.0381453$ & $-0.0397765$ & $0.00571766$ & $-0.00371198$ & $-0.145239$ & $-0.0331841$ & $0.937533$ & $-0.187407$ & $-0.0530671$ & $-0.0420141$ & $0.00242998$ & $0.0153938$ & $-0.020357$ & $0.0178265$ & $0.0169863$ & $-0.0111218$ & $-0.00192497$ & $0.00529396$ & $0.017973$ & $-0.0199949$ & $-0.0328333$ & $0.0349438$ & $0.0303668$ & $-0.0462662$ \\
CHWB & $-0.0727712$ & $-0.036985$ & $0.0485553$ & $0.0115476$ & $-0.00237793$ & $-0.121423$ & $-0.0942426$ & $1$ & $0.984379$ & $-0.571428$ & $-0.876888$ & $-0.219509$ & $0.374999$ & $0.0715437$ & $0.320458$ & $0.320776$ & $-0.259619$ & $-0.452418$ & $-0.458057$ & $0.850427$ & $0.893179$ & $0.874173$ & $0.0763525$ & $-0.681838$ & $-0.413794$ & $-0.496508$ & $0.428106$ & $0.288801$ & $0.00884346$ & $0.0996179$ & $0.0257521$ & $-0.0859187$ & $0.142163$ & $0.566547$ & $-0.0644775$ & $-0.0631498$ & $-0.0392842$ & $0.0243221$ & $-0.0295953$ & $-0.0154858$ & $0.0260008$ & $-0.0068133$ & $-0.114624$ & $0.0684745$ & $-0.043696$ & $0.0538036$ & $-0.0535248$ & $0.0726644$ & $0.0432003$ \\
CHWHB_gaga & $-0.0693456$ & $-0.0345261$ & $0.0442763$ & $0.0069878$ & $-0.00182605$ & $-0.12235$ & $-0.0442621$ & $0.984379$ & $1$ & $-0.560178$ & $-0.861877$ & $-0.197345$ & $0.367665$ & $0.0665601$ & $0.316926$ & $0.312685$ & $-0.256871$ & $-0.448813$ & $-0.451734$ & $0.835914$ & $0.87811$ & $0.859347$ & $0.0734508$ & $-0.672436$ & $-0.408634$ & $-0.487252$ & $0.42257$ & $0.285657$ & $0.0106019$ & $0.120606$ & $0.0391412$ & $-0.0446482$ & $0.162782$ & $0.55723$ & $-0.0753628$ & $-0.0628027$ & $-0.0406157$ & $0.0233083$ & $-0.0317531$ & $-0.0129885$ & $0.0124373$ & $-0.00728207$ & $-0.0718766$ & $0.0609068$ & $-0.037853$ & $0.0542199$ & $-0.0525205$ & $0.0676161$ & $0.0412832$ \\
CHWHB_gagaorth & $0.0240719$ & $-0.00185687$ & $-0.0274982$ & $-0.0159986$ & $0.0109334$ & $0.006766$ & $0.0640105$ & $-0.571428$ & $-0.560178$ & $1$ & $0.352805$ & $0.570609$ & $-0.27137$ & $0.242208$ & $-0.174467$ & $-0.16618$ & $0.457314$ & $0.520218$ & $0.515434$ & $-0.345981$ & $-0.364784$ & $-0.357495$ & $-0.0630557$ & $0.553543$ & $0.506777$ & $0.218578$ & $-0.201401$ & $-0.104918$ & $0.0146769$ & $-0.145152$ & $-0.066487$ & $0.0674563$ & $-0.171881$ & $-0.316101$ & $0.066031$ & $0.0390601$ & $0.0325719$ & $-0.0198249$ & $0.00128586$ & $0.0128617$ & $-0.0398476$ & $0.0246327$ & $0.0461574$ & $-0.0600906$ & $0.0185239$ & $-0.0490069$ & $0.00518378$ & $-0.0289844$ & $-0.0033519$ \\
CHD & $0.0525296$ & $0.0421348$ & $-0.0407418$ & $-0.0351369$ & $0.0120948$ & $0.184943$ & $0.0389917$ & $-0.876888$ & $-0.861877$ & $0.352805$ & $1$ & $0.294248$ & $-0.181682$ & $-0.495261$ & $-0.428267$ & $-0.426921$ & $-0.202091$ & $0.0739982$ & $0.0845576$ & $-0.990779$ & $-0.991214$ & $-0.970086$ & $-0.0348037$ & $0.316293$ & $0.0294368$ & $0.554673$ & $-0.304495$ & $-0.315491$ & $0.000453746$ & $-0.0262981$ & $-0.0154938$ & $0.0479161$ & $-0.069044$ & $-0.379705$ & $0.069647$ & $0.0430255$ & $0.0521634$ & $-0.0160465$ & $0.0113267$ & $0.0157502$ & $-0.0333944$ & $0.00696459$ & $0.117752$ & $-0.0446101$ & $0.0710877$ & $-0.0278759$ & $0.0554145$ & $-0.0717658$ & $-0.0338055$ \\
CHbox & $0.0104137$ & $0.0283576$ & $-0.018262$ & $-0.0454386$ & $0.00524224$ & $0.0665391$ & $-0.0791893$ & $-0.219509$ & $-0.197345$ & $0.570609$ & $0.294248$ & $1$ & $0.167626$ & $-0.240441$ & $-0.0615995$ & $-0.0661114$ & $-0.14109$ & $-0.0890096$ & $-0.0838755$ & $-0.277657$ & $-0.298529$ & $-0.291465$ & $-0.0517246$ & $0.0411276$ & $-0.0838605$ & $0.190765$ & $-0.116917$ & $-0.089888$ & $0.0465478$ & $0.240757$ & $0.046643$ & $0.00538927$ & $0.26434$ & $-0.131179$ & $0.0700099$ & $0.0432507$ & $0.0429995$ & $-0.0029205$ & $-0.0122424$ & $0.0106709$ & $-0.0590361$ & $0.0275299$ & $0.0258846$ & $-0.0424379$ & $0.0239752$ & $-0.0241211$ & $0.00232346$ & $0.00112282$ & $-0.0107054$ \\
CH & $-0.0174726$ & $0.000306784$ & $-0.0195298$ & $-0.0159596$ & $0.000317686$ & $0.00283457$ & $-0.303035$ & $0.374999$ & $0.367665$ & $-0.27137$ & $-0.181682$ & $0.167626$ & $1$ & $-0.269728$ & $0.0993038$ & $0.0940031$ & $-0.387138$ & $-0.420714$ & $-0.413274$ & $0.177687$ & $0.191503$ & $0.189832$ & $0.0424959$ & $-0.421652$ & $-0.399606$ & $-0.121111$ & $0.146195$ & $0.0811724$ & $0.038684$ & $0.276394$ & $0.0830348$ & $-0.249894$ & $0.328909$ & $0.224826$ & $0.0178682$ & $-0.0172498$ & $-0.0296307$ & $0.014263$ & $-0.0388345$ & $-0.0154967$ & $-0.0107352$ & $0.00190913$ & $-0.0350239$ & $0.0293925$ & $0.0279133$ & $0.0326892$ & $-0.0235113$ & $0.0163237$ & $-0.0178207$ \\
CHL1_11 & $0.00326596$ & $-0.0359575$ & $0.0153131$ & $0.0388465$ & $0.008734$ & $0.0153822$ & $0.077351$ & $0.0715437$ & $0.0665601$ & $0.242208$ & $-0.495261$ & $-0.240441$ & $-0.269728$ & $1$ & $0.24236$ & $0.231812$ & $0.67085$ & $0.61625$ & $0.611767$ & $0.510924$ & $0.458154$ & $0.447461$ & $-0.0619833$ & $0.479705$ & $0.607674$ & $-0.258132$ & $-0.0897991$ & $0.132766$ & $-0.0187914$ & $-0.131349$ & $-0.00817586$ & $0.0420771$ & $-0.111547$ & $-0.207709$ & $-0.0273518$ & $0.0183258$ & $-0.0267675$ & $-0.00115894$ & $0.0221575$ & $0.00119095$ & $0.0358497$ & $-0.00771368$ & $-0.0373664$ & $-0.00957081$ & $-0.045808$ & $-0.0244468$ & $-0.014815$ & $0.0153583$ & $0.00650346$ \\
CHL1_22 & $0.0480383$ & $-0.0499608$ & $0.0191998$ & $-0.0162377$ & $0.000478518$ & $-0.0646004$ & $-0.0270144$ & $0.320458$ & $0.316926$ & $-0.174467$ & $-0.428267$ & $-0.0615995$ & $0.0993038$ & $0.24236$ & $1$ & $0.43054$ & $0.126736$ & $-0.45669$ & $-0.0543632$ & $0.491541$ & $0.347232$ & $0.338931$ & $-0.166591$ & $0.0743909$ & $-0.167503$ & $-0.167509$ & $-0.369572$ & $0.126014$ & $-0.0154698$ & $0.0438769$ & $0.0373545$ & $-0.0278427$ & $0.0339178$ & $-0.568244$ & $-0.0914145$ & $0.0518074$ & $-0.011347$ & $0.00294557$ & $0.0468698$ & $-0.00169767$ & $-0.0354732$ & $0.0260103$ & $-0.0434494$ & $-0.0244894$ & $-0.0804918$ & $-0.0379907$ & $-0.00626797$ & $0.0207789$ & $-0.0592536$ \\
CHL1_33 & $0.0669107$ & $-0.0182274$ & $0.0199372$ & $0.0118111$ & $-0.00983672$ & $-0.0889395$ & $0.00873878$ & $0.320776$ & $0.312685$ & $-0.16618$ & $-0.426921$ & $-0.0661114$ & $0.0940031$ & $0.231812$ & $0.43054$ & $1$ & $0.132181$ & $-0.0423238$ & $-0.455003$ & $0.488205$ & $0.347657$ & $0.365308$ & $-0.116489$ & $0.0727339$ & $-0.148423$ & $-0.219196$ & $-0.338328$ & $0.110246$ & $-0.0196099$ & $0.017777$ & $0.0542697$ & $0.0138387$ & $0.0158832$ & $-0.051341$ & $-0.0364094$ & $0.0249373$ & $-0.0302126$ & $0.0344306$ & $0.00203791$ & $-0.000574618$ & $-0.0089682$ & $0.0333535$ & $-0.064246$ & $-0.0600037$ & $-0.0626739$ & $-0.0604259$ & $0.0473573$ & $0.0307879$ & $-0.0658821$ \\
CHL3_11 & $0.0130445$ & $-0.020057$ & $-0.0124057$ & $0.0520972$ & $-0.00553385$ & $-0.265575$ & $0.1103$ & $-0.259619$ & $-0.256871$ & $0.457314$ & $-0.202091$ & $-0.14109$ & $-0.387138$ & $0.67085$ & $0.126736$ & $0.132181$ & $1$ & $0.75704$ & $0.74368$ & $0.221368$ & $0.171294$ & $0.167567$ & $-0.0415654$ & $0.681256$ & $0.784163$ & $-0.104811$ & $-0.15055$ & $0.0535224$ & $-0.00961192$ & $-0.135456$ & $-0.0348624$ & $0.0769633$ & $-0.137383$ & $-0.239084$ & $-0.0036456$ & $0.0293922$ & $-0.0318895$ & $-0.0207591$ & $0.0315955$ & $-0.00817185$ & $0.014911$ & $-0.00484116$ & $-0.00494686$ & $-0.0456632$ & $-0.0583621$ & $-0.0404878$ & $-0.0153564$ & $-0.0033296$ & $-0.00174522$ \\
CHL3_22 & $0.00215334$ & $0.00472577$ & $-0.0190811$ & $0.0558898$ & $-0.00389027$ & $-0.067429$ & $0.121207$ & $-0.452418$ & $-0.448813$ & $0.520218$ & $0.0739982$ & $-0.0890096$ & $-0.420714$ & $0.61625$ & $-0.45669$ & $-0.0423238$ & $0.75704$ & $1$ & $0.691709$ & $-0.0775109$ & $-0.0698583$ & $-0.0655921$ & $0.0260723$ & $0.638057$ & $0.8072$ & $0.0111777$ & $-0.0171421$ & $-0.0398317$ & $-0.00771771$ & $-0.164857$ & $-0.0412224$ & $0.0902881$ & $-0.158328$ & $0.0192245$ & $0.0500296$ & $0.00740741$ & $-0.0129793$ & $-0.0137493$ & $0.00492241$ & $0.000401033$ & $0.0421829$ & $-0.0146013$ & $0.0193805$ & $-0.0342603$ & $-0.00257463$ & $-0.0292532$ & $0.00466816$ & $-0.0203495$ & $0.0221275$ \\
CHL3_33 & $-0.0105247$ & $-0.017921$ & $-0.0187546$ & $0.0277865$ & $0.00262323$ & $-0.0436031$ & $0.0947023$ & $-0.458057$ & $-0.451734$ & $0.515434$ & $0.0845576$ & $-0.0838755$ & $-0.413274$ & $0.611767$ & $-0.0543632$ & $-0.455003$ & $0.74368$ & $0.691709$ & $1$ & $-0.0886961$ & $-0.0785724$ & $-0.0722495$ & $-0.00994742$ & $0.631887$ & $0.793868$ & $0.0593689$ & $-0.0260968$ & $-0.0299501$ & $-0.00409324$ & $-0.148472$ & $-0.0555595$ & $0.0584836$ & $-0.148955$ & $-0.354739$ & $0.0101934$ & $0.026922$ & $0.00331149$ & $-0.0384174$ & $0.0368201$ & $0.00117955$ & $0.023106$ & $-0.0201854$ & $0.0316745$ & $-0.00957591$ & $-0.0197222$ & $-0.0107112$ & $-0.0304024$ & $-0.0264612$ & $0.0236513$ \\
CHe_11 & $-0.0496049$ & $-0.026995$ & $0.0489746$ & $0.0352478$ & $-0.00714371$ & $-0.181844$ & $-0.0355427$ & $0.850427$ & $0.835914$ & $-0.345981$ & $-0.990779$ & $-0.277657$ & $0.177687$ & $0.510924$ & $0.491541$ & $0.488205$ & $0.221368$ & $-0.0775109$ & $-0.0886961$ & $1$ & $0.973311$ & $0.95282$ & $0.0135266$ & $-0.264773$ & $-0.0257346$ & $-0.545282$ & $0.233264$ & $0.308239$ & $-0.00070533$ & $0.0265889$ & $0.0191237$ & $-0.0438606$ & $0.0664453$ & $0.303632$ & $-0.0728579$ & $-0.0322344$ & $-0.0501475$ & $0.017226$ & $-0.00367628$ & $-0.0128551$ & $0.0296985$ & $-0.00307551$ & $-0.116871$ & $0.0395098$ & $-0.0770155$ & $0.0190352$ & $-0.0501234$ & $0.0728379$ & $0.023013$ \\
CHe_22 & $-0.0739085$ & $-0.0177167$ & $0.0497233$ & $0.0357531$ & $-0.00107393$ & $-0.188641$ & $-0.0438819$ & $0.893179$ & $0.87811$ & $-0.364784$ & $-0.991214$ & $-0.298529$ & $0.191503$ & $0.458154$ & $0.347232$ & $0.347657$ & $0.171294$ & $-0.0698583$ & $-0.0785724$ & $0.973311$ & $1$ & $0.974489$ & $0.0600254$ & $-0.370116$ & $-0.0325406$ & $-0.557419$ & $0.383259$ & $0.316229$ & $0.00324368$ & $0.0294615$ & $0.0087055$ & $-0.0529802$ & $0.0747334$ & $0.462631$ & $-0.0632326$ & $-0.0517347$ & $-0.0537052$ & $0.0144126$ & $-0.0152409$ & $-0.0154623$ & $0.0359369$ & $-0.0133918$ & $-0.114943$ & $0.0581631$ & $-0.0606614$ & $0.0437745$ & $-0.064445$ & $0.0767968$ & $0.0460844$ \\
CHe_33 & $-0.0692385$ & $-0.0223936$ & $0.0516179$ & $0.0316668$ & $0.00281187$ & $-0.181391$ & $-0.0434606$ & $0.874173$ & $0.859347$ & $-0.357495$ & $-0.970086$ & $-0.291465$ & $0.189832$ & $0.447461$ & $0.338931$ & $0.365308$ & $0.167567$ & $-0.0655921$ & $-0.0722495$ & $0.95282$ & $0.974489$ & $1$ & $0.0577953$ & $-0.361575$ & $-0.0304708$ & $-0.544483$ & $0.374782$ & $0.313968$ & $2.47506e-05$ & $0.0306432$ & $0.00734006$ & $-0.0519658$ & $0.0752947$ & $0.455852$ & $-0.0641782$ & $-0.0445722$ & $-0.0535379$ & $0.0172303$ & $-0.0102924$ & $-0.00671638$ & $0.0371077$ & $-0.0118201$ & $-0.113626$ & $0.0510634$ & $-0.0685293$ & $0.0382686$ & $-0.062065$ & $0.080979$ & $0.0466303$ \\
CHQ1_11 & $-0.0826489$ & $-0.00335452$ & $0.000192444$ & $0.0521007$ & $-0.0119002$ & $-0.0414025$ & $-0.0329978$ & $0.0763525$ & $0.0734508$ & $-0.0630557$ & $-0.0348037$ & $-0.0517246$ & $0.0424959$ & $-0.0619833$ & $-0.166591$ & $-0.116489$ & $-0.0415654$ & $0.0260723$ & $-0.00994742$ & $0.0135266$ & $0.0600254$ & $0.0577953$ & $1$ & $-0.107482$ & $0.111742$ & $-0.702202$ & $0.364223$ & $0.0340018$ & $0.00951063$ & $0.0276638$ & $-0.0246103$ & $-0.0278008$ & $0.0518998$ & $0.211957$ & $-0.00938916$ & $-0.0563793$ & $-0.0747805$ & $0.00499634$ & $-0.0166264$ & $0.00287797$ & $-0.00314549$ & $-0.0154789$ & $-0.0304772$ & $-0.0243484$ & $-0.0283884$ & $0.033207$ & $-0.0913415$ & $0.0609625$ & $0.0537429$ \\
CHQ1_33 & $0.0189851$ & $0.00113049$ & $-0.00769509$ & $0.00848613$ & $-0.0167938$ & $-0.00174928$ & $0.117322$ & $-0.681838$ & $-0.672436$ & $0.553543$ & $0.316293$ & $0.0411276$ & $-0.421652$ & $0.479705$ & $0.0743909$ & $0.0727339$ & $0.681256$ & $0.638057$ & $0.631887$ & $-0.264773$ & $-0.370116$ & $-0.361575$ & $-0.107482$ & $1$ & $0.642842$ & $0.189159$ & $-0.419882$ & $-0.021221$ & $-0.00451292$ & $-0.137872$ & $-0.00704411$ & $0.0958399$ & $-0.158153$ & $-0.625225$ & $0.0137151$ & $0.0780494$ & $0.0154272$ & $-0.0112554$ & $0.0496246$ & $0.0116738$ & $0.00842599$ & $0.00505416$ & $0.0475767$ & $-0.068929$ & $-0.0198928$ & $-0.0514709$ & $0.0330219$ & $-0.0466676$ & $-0.0366297$ \\
CHQ3_11 & $-0.139504$ & $0.0198164$ & $-0.00862895$ & $0.0586764$ & $0.00661128$ & $-0.103161$ & $0.113863$ & $-0.413794$ & $-0.408634$ & $0.506777$ & $0.0294368$ & $-0.0838605$ & $-0.399606$ & $0.607674$ & $-0.167503$ & $-0.148423$ & $0.784163$ & $0.8072$ & $0.793868$ & $-0.0257346$ & $-0.0325406$ & $-0.0304708$ & $0.111742$ & $0.642842$ & $1$ & $-0.00379394$ & $0.213416$ & $-0.02414$ & $0.0017528$ & $-0.141766$ & $-0.059033$ & $0.0818056$ & $-0.140756$ & $-0.186556$ & $0.0400105$ & $-0.00972508$ & $-0.0242063$ & $-0.0205953$ & $0.0345473$ & $-0.0152612$ & $0.0442978$ & $-0.0346475$ & $0.0199936$ & $-0.0147952$ & $0.00636265$ & $0.00261279$ & $-0.0343718$ & $0.00133714$ & $0.0517123$ \\
CHu_11 & $0.0461306$ & $0.0311784$ & $-0.0275642$ & $-0.038358$ & $0.0194294$ & $0.121828$ & $0.0381453$ & $-0.496508$ & $-0.487252$ & $0.218578$ & $0.554673$ & $0.190765$ & $-0.121111$ & $-0.258132$ & $-0.167509$ & $-0.219196$ & $-0.104811$ & $0.0111777$ & $0.0593689$ & $-0.545282$ & $-0.557419$ & $-0.544483$ & $-0.702202$ & $0.189159$ & $-0.00379394$ & $1$ & $-0.2076$ & $-0.192204$ & $0.000630373$ & $-0.0296077$ & $0.0162426$ & $0.0413156$ & $-0.0660304$ & $-0.282271$ & $0.0452167$ & $0.0357261$ & $0.0744724$ & $-0.0217557$ & $0.0213782$ & $-0.0178567$ & $-0.0106706$ & $0.0143942$ & $0.0766647$ & $0.016163$ & $0.0837015$ & $-0.0126084$ & $0.104114$ & $-0.0857451$ & $-0.0473207$ \\
CHd_11 & $-0.20073$ & $0.0645967$ & $0.013469$ & $0.0339365$ & $0.00771241$ & $-0.0885236$ & $-0.0397765$ & $0.428106$ & $0.42257$ & $-0.201401$ & $-0.304495$ & $-0.116917$ & $0.146195$ & $-0.0897991$ & $-0.369572$ & $-0.338328$ & $-0.15055$ & $-0.0171421$ & $-0.0260968$ & $0.233264$ & $0.383259$ & $0.374782$ & $0.364223$ & $-0.419882$ & $0.213416$ & $-0.2076$ & $1$ & $0.101309$ & $0.0347953$ & $0.0383437$ & $-0.0361619$ & $-0.038333$ & $0.0675525$ & $0.678644$ & $0.0197125$ & $-0.118029$ & $-0.0293911$ & $-0.00221952$ & $-0.046436$ & $-0.0356683$ & $0.0437773$ & $-0.0511825$ & $-0.0348498$ & $0.099206$ & $0.0510642$ & $0.121813$ & $-0.07043$ & $0.0597194$ & $0.103387$ \\
CHd_33 & $-0.0346458$ & $-0.0265165$ & $0.0191168$ & $0.00832245$ & $-0.0023874$ & $-0.0572026$ & $0.00571766$ & $0.288801$ & $0.285657$ & $-0.104918$ & $-0.315491$ & $-0.089888$ & $0.0811724$ & $0.132766$ & $0.126014$ & $0.110246$ & $0.0535224$ & $-0.0398317$ & $-0.0299501$ & $0.308239$ & $0.316229$ & $0.313968$ & $0.0340018$ & $-0.021221$ & $-0.02414$ & $-0.192204$ & $0.101309$ & $1$ & $0.0175652$ & $-0.0152949$ & $0.000577073$ & $-0.0039953$ & $-0.00320834$ & $0.142077$ & $-0.011841$ & $-0.0128998$ & $0.010641$ & $-0.0019231$ & $-0.0421931$ & $-0.000489026$ & $0.0195434$ & $0.00019004$ & $-0.0421884$ & $0.0364923$ & $-0.0124765$ & $0.0122693$ & $0.003618$ & $0.0100675$ & $0.00151593$ \\
CeH_22r & $-0.0178881$ & $8.34611e-05$ & $-0.00677741$ & $-0.0214394$ & $0.0179408$ & $-0.0118541$ & $-0.00371198$ & $0.00884346$ & $0.0106019$ & $0.0146769$ & $0.000453746$ & $0.0465478$ & $0.038684$ & $-0.0187914$ & $-0.0154698$ & $-0.0196099$ & $-0.00961192$ & $-0.00771771$ & $-0.00409324$ & $-0.00070533$ & $0.00324368$ & $2.47506e-05$ & $0.00951063$ & $-0.00451292$ & $0.0017528$ & $0.000630373$ & $0.0347953$ & $0.0175652$ & $1$ & $0.0262192$ & $-0.0249566$ & $-0.0123686$ & $0.0145584$ & $0.0219005$ & $0.00623611$ & $0.00733814$ & $-0.0133564$ & $-0.0338855$ & $0.0626603$ & $-0.016359$ & $0.0143053$ & $-0.0107322$ & $-0.0345804$ & $0.0691412$ & $-0.0059532$ & $0.0458682$ & $0.0117324$ & $0.00732171$ & $-0.00690459$ \\
CeH_33r & $-0.0248225$ & $0.0308061$ & $-0.0291333$ & $0.0533529$ & $0.0137213$ & $0.0191795$ & $-0.145239$ & $0.0996179$ & $0.120606$ & $-0.145152$ & $-0.0262981$ & $0.240757$ & $0.276394$ & $-0.131349$ & $0.0438769$ & $0.017777$ & $-0.135456$ & $-0.164857$ & $-0.148472$ & $0.0265889$ & $0.0294615$ & $0.0306432$ & $0.0276638$ & $-0.137872$ & $-0.141766$ & $-0.0296077$ & $0.0383437$ & $-0.0152949$ & $0.0262192$ & $1$ & $0.271393$ & $0.00268261$ & $0.678865$ & $0.0522956$ & $-0.034833$ & $-0.0818098$ & $-0.168735$ & $-0.0492007$ & $-0.00605147$ & $0.00429456$ & $-0.0690405$ & $0.000415635$ & $0.00836228$ & $-0.0614676$ & $0.0499177$ & $0.015245$ & $-0.0881144$ & $0.0810215$ & $0.0134151$ \\
CuH_22r & $0.0469402$ & $-0.0501244$ & $-0.000252776$ & $-0.0181694$ & $-0.0294334$ & $0.00423131$ & $-0.0331841$ & $0.0257521$ & $0.0391412$ & $-0.066487$ & $-0.0154938$ & $0.046643$ & $0.0830348$ & $-0.00817586$ & $0.0373545$ & $0.0542697$ & $-0.0348624$ & $-0.0412224$ & $-0.0555595$ & $0.0191237$ & $0.0087055$ & $0.00734006$ & $-0.0246103$ & $-0.00704411$ & $-0.059033$ & $0.0162426$ & $-0.0361619$ & $0.000577073$ & $-0.0249566$ & $0.271393$ & $1$ & $0.0460617$ & $0.282075$ & $-0.0167486$ & $0.0232395$ & $-0.0468295$ & $-0.0245737$ & $-0.0290725$ & $-0.041928$ & $-0.029808$ & $0.0181498$ & $0.0535464$ & $0.0220848$ & $0.0228662$ & $0.0175995$ & $0.0685059$ & $0.28823$ & $-0.0231589$ & $-0.0859363$ \\
CuH_33r & $0.0166865$ & $-0.0119009$ & $0.00743391$ & $-0.0255561$ & $-0.00648387$ & $0.00761124$ & $0.937533$ & $-0.0859187$ & $-0.0446482$ & $0.0674563$ & $0.0479161$ & $0.00538927$ & $-0.249894$ & $0.0420771$ & $-0.0278427$ & $0.0138387$ & $0.0769633$ & $0.0902881$ & $0.0584836$ & $-0.0438606$ & $-0.0529802$ & $-0.0519658$ & $-0.0278008$ & $0.0958399$ & $0.0818056$ & $0.0413156$ & $-0.038333$ & $-0.0039953$ & $-0.0123686$ & $0.00268261$ & $0.0460617$ & $1$ & $-0.00410984$ & $-0.045553$ & $0.0333225$ & $0.00571911$ & $-0.0146667$ & $-0.0333265$ & $0.0162435$ & $0.0100512$ & $5.55881e-05$ & $0.00439827$ & $0.00444362$ & $0.00539862$ & $-0.0015299$ & $-0.0422833$ & $0.0242187$ & $0.0332896$ & $-0.0369782$ \\
CdH_33r & $-0.116534$ & $0.000275574$ & $-0.0119453$ & $0.018387$ & $0.00308633$ & $0.00515524$ & $-0.187407$ & $0.142163$ & $0.162782$ & $-0.171881$ & $-0.069044$ & $0.26434$ & $0.328909$ & $-0.111547$ & $0.0339178$ & $0.0158832$ & $-0.137383$ & $-0.158328$ & $-0.148955$ & $0.0664453$ & $0.0747334$ & $0.0752947$ & $0.0518998$ & $-0.158153$ & $-0.140756$ & $-0.0660304$ & $0.0675525$ & $-0.00320834$ & $0.0145584$ & $0.678865$ & $0.282075$ & $-0.00410984$ & $1$ & $0.0915544$ & $-0.00845657$ & $-0.120622$ & $-0.235737$ & $-0.0457542$ & $0.034268$ & $0.00540314$ & $-0.0096283$ & $-0.0105885$ & $-0.0237207$ & $-0.171402$ & $0.0787287$ & $-0.00540881$ & $-0.24194$ & $0.185984$ & $0.38969$ \\
CLL_1221 & $-0.104643$ & $0.0602369$ & $0.0271348$ & $0.0232342$ & $-0.00628129$ & $-0.138454$ & $-0.0530671$ & $0.566547$ & $0.55723$ & $-0.316101$ & $-0.379705$ & $-0.131179$ & $0.224826$ & $-0.207709$ & $-0.568244$ & $-0.051341$ & $-0.239084$ & $0.0192245$ & $-0.354739$ & $0.303632$ & $0.462631$ & $0.455852$ & $0.211957$ & $-0.625225$ & $-0.186556$ & $-0.282271$ & $0.678644$ & $0.142077$ & $0.0219005$ & $0.0522956$ & $-0.0167486$ & $-0.045553$ & $0.0915544$ & $1$ & $0.0293684$ & $-0.0984067$ & $-0.0330887$ & $0.0172136$ & $-0.0658835$ & $-0.00990919$ & $0.0375261$ & $-0.0250452$ & $-0.0515826$ & $0.0782346$ & $0.0340705$ & $0.0843313$ & $-0.0448938$ & $0.0533289$ & $0.0829799$ \\
eHggint & $-0.077721$ & $0.0968562$ & $-0.116324$ & $-0.113675$ & $-0.0217637$ & $-0.000410905$ & $-0.0420141$ & $-0.0644775$ & $-0.0753628$ & $0.066031$ & $0.069647$ & $0.0700099$ & $0.0178682$ & $-0.0273518$ & $-0.0914145$ & $-0.0364094$ & $-0.0036456$ & $0.0500296$ & $0.0101934$ & $-0.0728579$ & $-0.0632326$ & $-0.0641782$ & $-0.00938916$ & $0.0137151$ & $0.0400105$ & $0.0452167$ & $0.0197125$ & $-0.011841$ & $0.00623611$ & $-0.034833$ & $0.0232395$ & $0.0333225$ & $-0.00845657$ & $0.0293684$ & $1$ & $-0.243047$ & $-0.105207$ & $0.0103977$ & $-0.10726$ & $-0.00447167$ & $0.116122$ & $0.0263608$ & $0.0762741$ & $-0.0278788$ & $0.205403$ & $-0.0585689$ & $-0.0100111$ & $-0.0144122$ & $0.0383737$ \\
eHggpar & $0.00871618$ & $0.00115252$ & $0.0449272$ & $-0.145181$ & $0.0216001$ & $0.00202252$ & $0.00242998$ & $-0.0631498$ & $-0.0628027$ & $0.0390601$ & $0.0430255$ & $0.0432507$ & $-0.0172498$ & $0.0183258$ & $0.0518074$ & $0.0249373$ & $0.0293922$ & $0.00740741$ & $0.026922$ & $-0.0322344$ & $-0.0517347$ & $-0.0445722$ & $-0.0563793$ & $0.0780494$ & $-0.00972508$ & $0.0357261$ & $-0.118029$ & $-0.0128998$ & $0.00733814$ & $-0.0818098$ & $-0.0468295$ & $0.00571911$ & $-0.120622$ & $-0.0984067$ & $-0.243047$ & $1$ & $0.322554$ & $0.0757728$ & $0.155434$ & $0.0418938$ & $0.0128591$ & $-0.00294216$ & $0.00740142$ & $0.251875$ & $-0.0668195$ & $-0.0232495$ & $0.0648413$ & $-0.229373$ & $-0.0631549$ \\
eHWWint & $0.0958641$ & $-0.053465$ & $0.136175$ & $-0.125504$ & $0.0204624$ & $-0.00128475$ & $0.0153938$ & $-0.0392842$ & $-0.0406157$ & $0.0325719$ & $0.0521634$ & $0.0429995$ & $-0.0296307$ & $-0.0267675$ & $-0.011347$ & $-0.0302126$ & $-0.0318895$ & $-0.0129793$ & $0.00331149$ & $-0.0501475$ & $-0.0537052$ & $-0.0535379$ & $-0.0747805$ & $0.0154272$ & $-0.0242063$ & $0.0744724$ & $-0.0293911$ & $0.010641$ & $-0.0133564$ & $-0.168735$ & $-0.0245737$ & $-0.0146667$ & $-0.235737$ & $-0.0330887$ & $-0.105207$ & $0.322554$ & $1$ & $-0.0132302$ & $-0.0997345$ & $-0.0578286$ & $-0.0148999$ & $-0.0288303$ & $0.101762$ & $0.252722$ & $-0.0992377$ & $0.148429$ & $0.24017$ & $-0.250705$ & $-0.0573447$ \\
eHWWpar & $-0.0421203$ & $-0.00288211$ & $0.0226091$ & $0.0311155$ & $-0.0281283$ & $0.0135734$ & $-0.020357$ & $0.0243221$ & $0.0233083$ & $-0.0198249$ & $-0.0160465$ & $-0.0029205$ & $0.014263$ & $-0.00115894$ & $0.00294557$ & $0.0344306$ & $-0.0207591$ & $-0.0137493$ & $-0.0384174$ & $0.017226$ & $0.0144126$ & $0.0172303$ & $0.00499634$ & $-0.0112554$ & $-0.0205953$ & $-0.0217557$ & $-0.00221952$ & $-0.0019231$ & $-0.0338855$ & $-0.0492007$ & $-0.0290725$ & $-0.0333265$ & $-0.0457542$ & $0.0172136$ & $0.0103977$ & $0.0757728$ & $-0.0132302$ & $1$ & $0.0128364$ & $0.0361057$ & $-0.00942357$ & $-0.0242275$ & $-0.0305183$ & $0.00238051$ & $-0.0700664$ & $-0.042329$ & $-0.0580833$ & $-0.0444692$ & $0.0040518$ \\
eHZZint & $-0.245799$ & $-0.0141076$ & $-0.147815$ & $-0.087176$ & $0.00222218$ & $0.0230039$ & $0.0178265$ & $-0.0295953$ & $-0.0317531$ & $0.00128586$ & $0.0113267$ & $-0.0122424$ & $-0.0388345$ & $0.0221575$ & $0.0468698$ & $0.00203791$ & $0.0315955$ & $0.00492241$ & $0.0368201$ & $-0.00367628$ & $-0.0152409$ & $-0.0102924$ & $-0.0166264$ & $0.0496246$ & $0.0345473$ & $0.0213782$ & $-0.046436$ & $-0.0421931$ & $0.0626603$ & $-0.00605147$ & $-0.041928$ & $0.0162435$ & $0.034268$ & $-0.0658835$ & $-0.10726$ & $0.155434$ & $-0.0997345$ & $0.0128364$ & $1$ & $0.015493$ & $0.198801$ & $-0.0288415$ & $-0.0991572$ & $0.163059$ & $0.0604153$ & $0.0498763$ & $-0.118101$ & $0.0344739$ & $0.0945459$ \\
eHZZpar & $-0.0433322$ & $0.0844858$ & $0.00198185$ & $-0.059379$ & $-0.0531392$ & $0.0235663$ & $0.0169863$ & $-0.0154858$ & $-0.0129885$ & $0.0128617$ & $0.0157502$ & $0.0106709$ & $-0.0154967$ & $0.00119095$ & $-0.00169767$ & $-0.000574618$ & $-0.00817185$ & $0.000401033$ & $0.00117955$ & $-0.0128551$ & $-0.0154623$ & $-0.00671638$ & $0.00287797$ & $0.0116738$ & $-0.0152612$ & $-0.0178567$ & $-0.0356683$ & $-0.000489026$ & $-0.016359$ & $0.00429456$ & $-0.029808$ & $0.0100512$ & $0.00540314$ & $-0.00990919$ & $-0.00447167$ & $0.0418938$ & $-0.0578286$ & $0.0361057$ & $0.015493$ & $1$ & $-0.00688097$ & $-0.00610243$ & $0.0164567$ & $0.0358326$ & $0.0218433$ & $0.00500768$ & $-0.00199032$ & $0.0377703$ & $0.0289674$ \\
eHZgaint & $-0.151697$ & $-0.188912$ & $0.0845554$ & $0.276849$ & $0.00821572$ & $-0.0263249$ & $-0.0111218$ & $0.0260008$ & $0.0124373$ & $-0.0398476$ & $-0.0333944$ & $-0.0590361$ & $-0.0107352$ & $0.0358497$ & $-0.0354732$ & $-0.0089682$ & $0.014911$ & $0.0421829$ & $0.023106$ & $0.0296985$ & $0.0359369$ & $0.0371077$ & $-0.00314549$ & $0.00842599$ & $0.0442978$ & $-0.0106706$ & $0.0437773$ & $0.0195434$ & $0.0143053$ & $-0.0690405$ & $0.0181498$ & $5.55881e-05$ & $-0.0096283$ & $0.0375261$ & $0.116122$ & $0.0128591$ & $-0.0148999$ & $-0.00942357$ & $0.198801$ & $-0.00688097$ & $1$ & $-0.0451422$ & $-0.215843$ & $0.11553$ & $-0.131921$ & $0.125553$ & $0.0402305$ & $0.0833265$ & $0.0148331$ \\
eHZgapar & $0.0466614$ & $-0.0118341$ & $-0.0447006$ & $-0.0368347$ & $-0.0276061$ & $-0.0301448$ & $-0.00192497$ & $-0.0068133$ & $-0.00728207$ & $0.0246327$ & $0.00696459$ & $0.0275299$ & $0.00190913$ & $-0.00771368$ & $0.0260103$ & $0.0333535$ & $-0.00484116$ & $-0.0146013$ & $-0.0201854$ & $-0.00307551$ & $-0.0133918$ & $-0.0118201$ & $-0.0154789$ & $0.00505416$ & $-0.0346475$ & $0.0143942$ & $-0.0511825$ & $0.00019004$ & $-0.0107322$ & $0.000415635$ & $0.0535464$ & $0.00439827$ & $-0.0105885$ & $-0.0250452$ & $0.0263608$ & $-0.00294216$ & $-0.0288303$ & $-0.0242275$ & $-0.0288415$ & $-0.00610243$ & $-0.0451422$ & $1$ & $0.0291572$ & $-0.0229042$ & $0.0180836$ & $-0.000241673$ & $0.0309562$ & $0.0229077$ & $-0.0473476$ \\
eHgagaint & $0.0669561$ & $0.179243$ & $-0.101274$ & $-0.135292$ & $0.0182258$ & $-0.0162752$ & $0.00529396$ & $-0.114624$ & $-0.0718766$ & $0.0461574$ & $0.117752$ & $0.0258846$ & $-0.0350239$ & $-0.0373664$ & $-0.0434494$ & $-0.064246$ & $-0.00494686$ & $0.0193805$ & $0.0316745$ & $-0.116871$ & $-0.114943$ & $-0.113626$ & $-0.0304772$ & $0.0475767$ & $0.0199936$ & $0.0766647$ & $-0.0348498$ & $-0.0421884$ & $-0.0345804$ & $0.00836228$ & $0.0220848$ & $0.00444362$ & $-0.0237207$ & $-0.0515826$ & $0.0762741$ & $0.00740142$ & $0.101762$ & $-0.0305183$ & $-0.0991572$ & $0.0164567$ & $-0.215843$ & $0.0291572$ & $1$ & $-0.133932$ & $0.286477$ & $0.0359762$ & $0.0889968$ & $-0.307374$ & $0.106603$ \\
eHmumuint & $-0.0593627$ & $0.154295$ & $0.210905$ & $-0.0139944$ & $0.0395317$ & $0.00249923$ & $0.017973$ & $0.0684745$ & $0.0609068$ & $-0.0600906$ & $-0.0446101$ & $-0.0424379$ & $0.0293925$ & $-0.00957081$ & $-0.0244894$ & $-0.0600037$ & $-0.0456632$ & $-0.0342603$ & $-0.00957591$ & $0.0395098$ & $0.0581631$ & $0.0510634$ & $-0.0243484$ & $-0.068929$ & $-0.0147952$ & $0.016163$ & $0.099206$ & $0.0364923$ & $0.0691412$ & $-0.0614676$ & $0.0228662$ & $0.00539862$ & $-0.171402$ & $0.0782346$ & $-0.0278788$ & $0.251875$ & $0.252722$ & $0.00238051$ & $0.163059$ & $0.0358326$ & $0.11553$ & $-0.0229042$ & $-0.133932$ & $1$ & $-0.148359$ & $0.236787$ & $0.177254$ & $-0.102254$ & $-0.19724$ \\
eHtautauint & $-0.0786647$ & $0.210971$ & $-0.171079$ & $-0.0680914$ & $0.0175954$ & $0.0068743$ & $-0.0199949$ & $-0.043696$ & $-0.037853$ & $0.0185239$ & $0.0710877$ & $0.0239752$ & $0.0279133$ & $-0.045808$ & $-0.0804918$ & $-0.0626739$ & $-0.0583621$ & $-0.00257463$ & $-0.0197222$ & $-0.0770155$ & $-0.0606614$ & $-0.0685293$ & $-0.0283884$ & $-0.0198928$ & $0.00636265$ & $0.0837015$ & $0.0510642$ & $-0.0124765$ & $-0.0059532$ & $0.0499177$ & $0.0175995$ & $-0.0015299$ & $0.0787287$ & $0.0340705$ & $0.205403$ & $-0.0668195$ & $-0.0992377$ & $-0.0700664$ & $0.0604153$ & $0.0218433$ & $-0.131921$ & $0.0180836$ & $0.286477$ & $-0.148359$ & $1$ & $0.00352021$ & $-0.00845068$ & $-0.0664028$ & $0.207916$ \\
eHccint & $-0.110202$ & $0.178489$ & $0.172363$ & $-0.039105$ & $0.026427$ & $-0.00890038$ & $-0.0328333$ & $0.0538036$ & $0.0542199$ & $-0.0490069$ & $-0.0278759$ & $-0.0241211$ & $0.0326892$ & $-0.0244468$ & $-0.0379907$ & $-0.0604259$ & $-0.0404878$ & $-0.0292532$ & $-0.0107112$ & $0.0190352$ & $0.0437745$ & $0.0382686$ & $0.033207$ & $-0.0514709$ & $0.00261279$ & $-0.0126084$ & $0.121813$ & $0.0122693$ & $0.0458682$ & $0.015245$ & $0.0685059$ & $-0.0422833$ & $-0.00540881$ & $0.0843313$ & $-0.0585689$ & $-0.0232495$ & $0.148429$ & $-0.042329$ & $0.0498763$ & $0.00500768$ & $0.125553$ & $-0.000241673$ & $0.0359762$ & $0.236787$ & $0.00352021$ & $1$ & $0.0834617$ & $-0.0107126$ & $-0.00163879$ \\
eHccpar & $0.20177$ & $-0.0444683$ & $0.0544195$ & $-0.0832972$ & $-0.0226757$ & $0.00112885$ & $0.0349438$ & $-0.0535248$ & $-0.0525205$ & $0.00518378$ & $0.0554145$ & $0.00232346$ & $-0.0235113$ & $-0.014815$ & $-0.00626797$ & $0.0473573$ & $-0.0153564$ & $0.00466816$ & $-0.0304024$ & $-0.0501234$ & $-0.064445$ & $-0.062065$ & $-0.0913415$ & $0.0330219$ & $-0.0343718$ & $0.104114$ & $-0.07043$ & $0.003618$ & $0.0117324$ & $-0.0881144$ & $0.28823$ & $0.0242187$ & $-0.24194$ & $-0.0448938$ & $-0.0100111$ & $0.0648413$ & $0.24017$ & $-0.0580833$ & $-0.118101$ & $-0.00199032$ & $0.0402305$ & $0.0309562$ & $0.0889968$ & $0.177254$ & $-0.00845068$ & $0.0834617$ & $1$ & $-0.185109$ & $-0.34081$ \\
eHbbint & $-0.0395744$ & $0.172996$ & $0.117037$ & $0.0613592$ & $-0.0509075$ & $0.0237171$ & $0.0303668$ & $0.0726644$ & $0.0676161$ & $-0.0289844$ & $-0.0717658$ & $0.00112282$ & $0.0163237$ & $0.0153583$ & $0.0207789$ & $0.0307879$ & $-0.0033296$ & $-0.0203495$ & $-0.0264612$ & $0.0728379$ & $0.0767968$ & $0.080979$ & $0.0609625$ & $-0.0466676$ & $0.00133714$ & $-0.0857451$ & $0.0597194$ & $0.0100675$ & $0.00732171$ & $0.0810215$ & $-0.0231589$ & $0.0332896$ & $0.185984$ & $0.0533289$ & $-0.0144122$ & $-0.229373$ & $-0.250705$ & $-0.0444692$ & $0.0344739$ & $0.0377703$ & $0.0833265$ & $0.0229077$ & $-0.307374$ & $-0.102254$ & $-0.0664028$ & $-0.0107126$ & $-0.185109$ & $1$ & $-0.082399$ \\
eHbbpar & $-0.286432$ & $-0.0668732$ & $0.0474772$ & $-0.0805374$ & $0.0315105$ & $-0.0242298$ & $-0.0462662$ & $0.0432003$ & $0.0412832$ & $-0.0033519$ & $-0.0338055$ & $-0.0107054$ & $-0.0178207$ & $0.00650346$ & $-0.0592536$ & $-0.0658821$ & $-0.00174522$ & $0.0221275$ & $0.0236513$ & $0.023013$ & $0.0460844$ & $0.0466303$ & $0.0537429$ & $-0.0366297$ & $0.0517123$ & $-0.0473207$ & $0.103387$ & $0.00151593$ & $-0.00690459$ & $0.0134151$ & $-0.0859363$ & $-0.0369782$ & $0.38969$ & $0.0829799$ & $0.0383737$ & $-0.0631549$ & $-0.0573447$ & $0.0040518$ & $0.0945459$ & $0.0289674$ & $0.0148331$ & $-0.0473476$ & $0.106603$ & $-0.19724$ & $0.207916$ & $-0.00163879$ & $-0.34081$ & $-0.082399$ & $1$ \\
