 & AlsMz & dAle5Mz & mtop & mHl & Mz & CW & CHG & CHWB & CHWHB_gaga & CHWHB_gagaorth & CHD & CH & CHL1_11 & CHL1_22 & CHL1_33 & CHL3_11 & CHL3_22 & CHL3_33 & CHe_11 & CHe_22 & CHe_33 & CHQ1_11 & CHQ1_33 & CHQ3_11 & CHu_11 & CHd_11 & CHd_33 & CeH_22r & CeH_33r & CuH_22r & CuH_33r & CdH_33r & CLL_1221 & eHggint & eHggpar & eHWWint & eHWWpar & eHZZint & eHZZpar & eHZgaint & eHZgapar & eHgagaint & eHmumuint & eHtautauint & eHccint & eHccpar & eHbbint & eHbbpar \\
AlsMz & $1$ & $0.0111705$ & $0.0675359$ & $0.0397667$ & $0.0120398$ & $0.00258216$ & $-0.0209966$ & $0.0177248$ & $0.0163287$ & $-0.00348679$ & $-0.0306728$ & $-0.0127759$ & $0.0193938$ & $-0.000907471$ & $0.0200535$ & $0.0164339$ & $0.018029$ & $-0.0015399$ & $0.0260356$ & $0.0256496$ & $0.0213306$ & $0.005099$ & $-0.0357607$ & $-0.06095$ & $-0.0580428$ & $-0.0254173$ & $0.0465009$ & $0.0112581$ & $-0.0418326$ & $0.00034238$ & $-0.0307116$ & $-0.0900793$ & $0.0216984$ & $-0.0351648$ & $0.136684$ & $0.0738053$ & $0.00428868$ & $0.190853$ & $0.0105731$ & $-0.220296$ & $-0.048186$ & $0.0156989$ & $-0.205713$ & $0.0169217$ & $0.135238$ & $-0.058183$ & $-0.0194127$ & $-0.185794$ \\
dAle5Mz & $0.0111705$ & $1$ & $-0.109146$ & $-0.2331$ & $0.0115842$ & $0.0544948$ & $0.045404$ & $0.00955464$ & $0.00755483$ & $-0.022052$ & $-0.0179031$ & $0.000843904$ & $0.0111514$ & $0.028119$ & $0.0185666$ & $-0.00530092$ & $-0.0195594$ & $-0.0145179$ & $0.0309135$ & $0.0311787$ & $0.0329099$ & $-0.0227689$ & $-0.00729739$ & $-0.020593$ & $-0.0199771$ & $-0.0028273$ & $0.0373608$ & $0.0189441$ & $-0.0206671$ & $-0.0203565$ & $0.0489037$ & $0.0597829$ & $0.0267648$ & $-0.0692238$ & $-0.0518966$ & $0.0407983$ & $-0.0036851$ & $0.0043732$ & $0.00202968$ & $-0.0271501$ & $0.0266995$ & $-0.121065$ & $-0.0994735$ & $0.0134226$ & $-0.0555874$ & $0.0065383$ & $0.0568547$ & $0.18744$ \\
mtop & $0.0675359$ & $-0.109146$ & $1$ & $-0.0120234$ & $0.00827138$ & $-0.00576407$ & $-0.000941395$ & $-0.0148487$ & $-0.0142792$ & $-0.00446935$ & $0.0282982$ & $-0.00151188$ & $-0.02063$ & $-0.0534504$ & $-0.0257749$ & $-0.00978186$ & $0.0179327$ & $-0.00819289$ & $-0.0274303$ & $-0.0205804$ & $-0.0259204$ & $-0.0194183$ & $-0.00715825$ & $-0.00928889$ & $0.0290493$ & $0.00571844$ & $-0.00250508$ & $-0.00992114$ & $-0.0141859$ & $-0.000598144$ & $0.00390121$ & $-0.112562$ & $0.0322415$ & $0.336044$ & $-0.0119972$ & $0.0666029$ & $-0.0053642$ & $-0.231828$ & $0.0524893$ & $-0.0551361$ & $0.000665616$ & $0.0576409$ & $-0.190707$ & $0.0627355$ & $-0.159343$ & $0.0116971$ & $0.0785505$ & $-0.263445$ \\
mHl & $0.0397667$ & $-0.2331$ & $-0.0120234$ & $1$ & $-0.0156629$ & $0.0199496$ & $-0.0117524$ & $-0.0277205$ & $-0.0267003$ & $0.00417627$ & $0.0358803$ & $0.00180935$ & $-0.00696425$ & $-0.0314273$ & $0.0225041$ & $-0.0219112$ & $0.0120739$ & $-0.0263467$ & $-0.0378731$ & $-0.0426649$ & $-0.0458438$ & $0.0132402$ & $0.0237698$ & $7.28794e-05$ & $0.00246787$ & $-0.0139666$ & $0.00644674$ & $-0.00563877$ & $-0.0161264$ & $-0.0406956$ & $-0.00476801$ & $0.020878$ & $-0.0130572$ & $0.0610803$ & $0.0365019$ & $0.0650427$ & $0.0501716$ & $0.137464$ & $-0.0186445$ & $-0.332082$ & $0.0147315$ & $0.0715492$ & $-0.03176$ & $-0.011418$ & $0.108065$ & $-0.161913$ & $0.209114$ & $-0.00417996$ \\
Mz & $0.0120398$ & $0.0115842$ & $0.00827138$ & $-0.0156629$ & $1$ & $-0.0201553$ & $-0.00357672$ & $-0.0148503$ & $-0.0157764$ & $0.0303393$ & $0.00515247$ & $-0.00803979$ & $0.0294325$ & $0.0197937$ & $0.00166613$ & $0.0246153$ & $0.017889$ & $0.0288904$ & $0.00332706$ & $0.000785306$ & $0.001051$ & $0.00327739$ & $0.02726$ & $0.0316022$ & $0.00232552$ & $-0.00225919$ & $-0.0026642$ & $-0.00736474$ & $-0.0303153$ & $-0.00705635$ & $-0.00805841$ & $-0.0208417$ & $-0.0339895$ & $-0.0254411$ & $0.0252276$ & $0.0100077$ & $7.93587e-06$ & $0.013662$ & $-0.0269925$ & $-0.0227129$ & $0.0321094$ & $-0.0247825$ & $0.00743337$ & $0.0298478$ & $-0.0401127$ & $-0.0133849$ & $0.0302041$ & $-0.0142391$ \\
CW & $0.00258216$ & $0.0544948$ & $-0.00576407$ & $0.0199496$ & $-0.0201553$ & $1$ & $0.0185218$ & $0.000846972$ & $0.000802762$ & $-0.0960364$ & $0.123524$ & $0.0212452$ & $-0.00100861$ & $-0.0821416$ & $-0.0982708$ & $-0.39154$ & $-0.17146$ & $-0.164551$ & $-0.123536$ & $-0.123153$ & $-0.122063$ & $-0.011233$ & $-0.151643$ & $-0.204086$ & $0.0981602$ & $-0.00696641$ & $-0.0561262$ & $0.0117518$ & $-0.0197373$ & $0.00103616$ & $0.0242276$ & $0.00935701$ & $-0.0611118$ & $0.0324643$ & $0.0217985$ & $0.0374611$ & $-0.0102673$ & $0.0296466$ & $-0.0199673$ & $0.0123432$ & $-0.00966557$ & $-0.0288732$ & $-0.00213661$ & $-0.0212368$ & $-0.00141641$ & $0.000718492$ & $0.0166309$ & $0.0614279$ \\
CHG & $-0.0209966$ & $0.045404$ & $-0.000941395$ & $-0.0117524$ & $-0.00357672$ & $0.0185218$ & $1$ & $0.00323134$ & $0.039746$ & $-0.0275495$ & $0.0116208$ & $-0.488462$ & $-0.0276241$ & $-0.0182728$ & $-0.0230681$ & $-0.0237033$ & $-0.0164685$ & $-0.0156866$ & $-0.0128118$ & $-0.00862562$ & $-0.00910762$ & $-0.009179$ & $-0.020089$ & $-0.015679$ & $0.0200334$ & $0.0220713$ & $0.0113001$ & $-0.0243383$ & $-0.270513$ & $-0.124024$ & $0.927968$ & $-0.303175$ & $0.0233481$ & $-0.0307698$ & $-0.0353319$ & $0.00239251$ & $0.00594749$ & $0.0130089$ & $-0.00627663$ & $0.0122193$ & $0.0020472$ & $-0.00455205$ & $-0.0452243$ & $0.00372592$ & $-0.0148002$ & $0.0107091$ & $-0.0350709$ & $-0.00649702$ \\
CHWB & $0.0177248$ & $0.00955464$ & $-0.0148487$ & $-0.0277205$ & $-0.0148503$ & $0.000846972$ & $0.00323134$ & $1$ & $0.989315$ & $-0.494217$ & $-0.866378$ & $-0.0359868$ & $0.180494$ & $0.438308$ & $0.414421$ & $-0.337092$ & $-0.500343$ & $-0.490559$ & $0.846511$ & $0.882081$ & $0.871553$ & $0.0305834$ & $-0.673696$ & $-0.475782$ & $-0.556575$ & $0.353025$ & $0.357339$ & $0.0387617$ & $0.055171$ & $0.0358966$ & $0.0175775$ & $0.0660987$ & $0.488633$ & $0.00442324$ & $0.00955671$ & $-0.0229904$ & $-0.00165704$ & $0.0155913$ & $0.00279645$ & $-0.0137141$ & $0.0143576$ & $-0.0348474$ & $-0.00682364$ & $-0.00377613$ & $-0.00793411$ & $0.0116533$ & $-0.00550024$ & $0.0222672$ \\
CHWHB_gaga & $0.0163287$ & $0.00755483$ & $-0.0142792$ & $-0.0267003$ & $-0.0157764$ & $0.000802762$ & $0.039746$ & $0.989315$ & $1$ & $-0.497818$ & $-0.859083$ & $-0.0297888$ & $0.181447$ & $0.436442$ & $0.408993$ & $-0.329009$ & $-0.493148$ & $-0.480687$ & $0.839366$ & $0.87444$ & $0.864157$ & $0.0282788$ & $-0.661383$ & $-0.465403$ & $-0.549161$ & $0.35352$ & $0.352053$ & $0.0389601$ & $0.0742398$ & $0.0526756$ & $0.0474356$ & $0.0861294$ & $0.481501$ & $-0.00221924$ & $0.0069744$ & $-0.0391789$ & $-0.00180057$ & $0.0124663$ & $0.00101472$ & $-0.00963351$ & $0.0122587$ & $0.00995034$ & $0.00113863$ & $-0.00707346$ & $0.00397237$ & $0.0153862$ & $-0.0101559$ & $0.0200111$ \\
CHWHB_gagaorth & $-0.00348679$ & $-0.022052$ & $-0.00446935$ & $0.00417627$ & $0.0303393$ & $-0.0960364$ & $-0.0275495$ & $-0.494217$ & $-0.497818$ & $1$ & $0.258615$ & $0.0564205$ & $0.22611$ & $-0.158306$ & $-0.156983$ & $0.480118$ & $0.522201$ & $0.527594$ & $-0.255546$ & $-0.270188$ & $-0.268949$ & $-0.0377135$ & $0.538624$ & $0.512844$ & $0.172135$ & $-0.169964$ & $-0.111449$ & $-0.0222238$ & $-0.213501$ & $-0.0825721$ & $-0.0585609$ & $-0.242804$ & $-0.279179$ & $-0.0116826$ & $-0.00146388$ & $0.00767501$ & $-0.00253841$ & $-0.0143908$ & $0.013725$ & $-0.0345$ & $-0.0121804$ & $0.0410482$ & $0.00817496$ & $0.00378543$ & $0.0320319$ & $0.0114554$ & $-0.00744942$ & $-0.00545091$ \\
CHD & $-0.0306728$ & $-0.0179031$ & $0.0282982$ & $0.0358803$ & $0.00515247$ & $0.123524$ & $0.0116208$ & $-0.866378$ & $-0.859083$ & $0.258615$ & $1$ & $0.0303546$ & $-0.596324$ & $-0.561175$ & $-0.54253$ & $-0.144538$ & $0.0862322$ & $0.0727653$ & $-0.99403$ & $-0.994073$ & $-0.979252$ & $0.0165169$ & $0.261268$ & $0.0467001$ & $0.647487$ & $-0.215696$ & $-0.397251$ & $-0.0386082$ & $-0.0856736$ & $-0.0473419$ & $0.00299307$ & $-0.109741$ & $-0.273127$ & $0.00437032$ & $-0.00985411$ & $0.0272003$ & $-0.0073809$ & $-0.0155769$ & $-0.0123523$ & $0.0285799$ & $-0.0151319$ & $0.00913131$ & $0.017655$ & $0.0110494$ & $-0.0094963$ & $-0.0258386$ & $0.00633508$ & $-0.0154529$ \\
CH & $-0.0127759$ & $0.000843904$ & $-0.00151188$ & $0.00180935$ & $-0.00803979$ & $0.0212452$ & $-0.488462$ & $-0.0359868$ & $-0.0297888$ & $0.0564205$ & $0.0303546$ & $1$ & $0.0051425$ & $-0.00461822$ & $0.00774011$ & $0.00498048$ & $0.0144665$ & $0.0089141$ & $-0.0277539$ & $-0.0325294$ & $-0.0302833$ & $-0.0115533$ & $0.0368165$ & $0.00969861$ & $0.0303256$ & $-0.0291137$ & $-0.0149547$ & $0.0788467$ & $0.445138$ & $0.218265$ & $-0.383742$ & $0.488441$ & $-0.032966$ & $0.0782475$ & $0.0516048$ & $0.00180316$ & $-7.74973e-05$ & $-0.00789604$ & $-0.00422967$ & $0.0265446$ & $0.0124817$ & $-0.00434383$ & $0.0197877$ & $-0.0219166$ & $-0.00802845$ & $-0.0170427$ & $0.0286627$ & $0.0424715$ \\
CHL1_11 & $0.0193938$ & $0.0111514$ & $-0.02063$ & $-0.00696425$ & $0.0294325$ & $-0.00100861$ & $-0.0276241$ & $0.180494$ & $0.181447$ & $0.22611$ & $-0.596324$ & $0.0051425$ & $1$ & $0.366312$ & $0.358499$ & $0.580828$ & $0.55172$ & $0.564732$ & $0.609773$ & $0.563931$ & $0.546249$ & $-0.0676959$ & $0.451829$ & $0.562462$ & $-0.39328$ & $-0.101572$ & $0.213602$ & $0.0299887$ & $0.0758337$ & $0.0464687$ & $-0.0291213$ & $0.118276$ & $-0.24904$ & $0.00117092$ & $0.00209676$ & $-0.00526774$ & $0.0148528$ & $-0.000228735$ & $0.0149957$ & $-0.0337852$ & $-0.0042027$ & $0.0312021$ & $-0.0254529$ & $-0.0211243$ & $0.026021$ & $0.0491431$ & $0.00591519$ & $0.012596$ \\
CHL1_22 & $-0.000907471$ & $0.028119$ & $-0.0534504$ & $-0.0314273$ & $0.0197937$ & $-0.0821416$ & $-0.0182728$ & $0.438308$ & $0.436442$ & $-0.158306$ & $-0.561175$ & $-0.00461822$ & $0.366312$ & $1$ & $0.513171$ & $0.118266$ & $-0.384318$ & $-0.0440787$ & $0.608155$ & $0.49909$ & $0.486641$ & $-0.186703$ & $0.0142757$ & $-0.130551$ & $-0.318259$ & $-0.352441$ & $0.189861$ & $0.0178915$ & $0.0157035$ & $0.0211096$ & $-0.0185282$ & $0.0604534$ & $-0.529925$ & $-0.0326691$ & $0.018206$ & $-0.00919898$ & $0.00886295$ & $-0.0179111$ & $0.0267453$ & $0.0171412$ & $0.0210024$ & $-0.005722$ & $0.019964$ & $-0.0224167$ & $-0.00798411$ & $0.0290133$ & $0.00586085$ & $0.0374755$ \\
CHL1_33 & $0.0200535$ & $0.0185666$ & $-0.0257749$ & $0.0225041$ & $0.00166613$ & $-0.0982708$ & $-0.0230681$ & $0.414421$ & $0.408993$ & $-0.156983$ & $-0.54253$ & $0.00774011$ & $0.358499$ & $0.513171$ & $1$ & $0.138012$ & $-0.0351861$ & $-0.350292$ & $0.588412$ & $0.482539$ & $0.495452$ & $-0.169045$ & $0.035925$ & $-0.117966$ & $-0.334552$ & $-0.363107$ & $0.195147$ & $0.0161746$ & $0.0683303$ & $0.0129128$ & $-0.0131669$ & $0.0706829$ & $-0.0638441$ & $-0.00260048$ & $0.00433872$ & $-0.00958581$ & $0.0250995$ & $-0.00167734$ & $0.0131386$ & $-0.0146574$ & $0.0675501$ & $-0.0135236$ & $-0.0639177$ & $0.0235156$ & $-0.0228983$ & $-0.0230151$ & $0.0104345$ & $-0.0286548$ \\
CHL3_11 & $0.0164339$ & $-0.00530092$ & $-0.00978186$ & $-0.0219112$ & $0.0246153$ & $-0.39154$ & $-0.0237033$ & $-0.337092$ & $-0.329009$ & $0.480118$ & $-0.144538$ & $0.00498048$ & $0.580828$ & $0.118266$ & $0.138012$ & $1$ & $0.804393$ & $0.805334$ & $0.160597$ & $0.118107$ & $0.114418$ & $-0.0597476$ & $0.778705$ & $0.838925$ & $-0.107638$ & $-0.191389$ & $0.0422131$ & $-0.0153432$ & $0.056367$ & $0.0146211$ & $-0.0360757$ & $0.064865$ & $-0.29252$ & $-0.0188399$ & $-0.00500171$ & $-0.0177369$ & $0.0110656$ & $-0.00149982$ & $0.0143968$ & $-0.0254998$ & $0.00281508$ & $0.0577729$ & $-0.0116297$ & $-0.00505834$ & $0.0361543$ & $0.0139064$ & $-0.0118887$ & $-0.0292904$ \\
CHL3_22 & $0.018029$ & $-0.0195594$ & $0.0179327$ & $0.0120739$ & $0.017889$ & $-0.17146$ & $-0.0164685$ & $-0.500343$ & $-0.493148$ & $0.522201$ & $0.0862322$ & $0.0144665$ & $0.55172$ & $-0.384318$ & $-0.0351861$ & $0.804393$ & $1$ & $0.768035$ & $-0.0861963$ & $-0.0890703$ & $-0.0880461$ & $0.0231158$ & $0.745855$ & $0.858789$ & $0.0194354$ & $-0.0492797$ & $-0.0381324$ & $-0.0102033$ & $0.0499651$ & $0.00979808$ & $-0.0258239$ & $0.0447378$ & $-0.0603574$ & $0.00940448$ & $-0.0107295$ & $-0.00347504$ & $0.0130278$ & $0.00726616$ & $0.000641739$ & $-0.0382508$ & $-0.0110654$ & $0.0537681$ & $-0.0361993$ & $0.00311586$ & $0.0353438$ & $0.00849118$ & $-0.00269257$ & $-0.0416557$ \\
CHL3_33 & $-0.0015399$ & $-0.0145179$ & $-0.00819289$ & $-0.0263467$ & $0.0288904$ & $-0.164551$ & $-0.0156866$ & $-0.490559$ & $-0.480687$ & $0.527594$ & $0.0727653$ & $0.0089141$ & $0.564732$ & $-0.0440787$ & $-0.350292$ & $0.805334$ & $0.768035$ & $1$ & $-0.0712259$ & $-0.0771675$ & $-0.0794987$ & $0.00842173$ & $0.744876$ & $0.863429$ & $0.0317183$ & $-0.0463085$ & $-0.041286$ & $-0.00670619$ & $0.0172259$ & $0.0181686$ & $-0.0321546$ & $0.0425907$ & $-0.392972$ & $-0.0122222$ & $-0.00231345$ & $-0.00424767$ & $0.00204197$ & $-0.00392096$ & $0.0138342$ & $-0.0081314$ & $-0.036398$ & $0.0581454$ & $0.0207358$ & $-0.0257019$ & $0.0453153$ & $0.0499131$ & $-0.00741502$ & $0.00629426$ \\
CHe_11 & $0.0260356$ & $0.0309135$ & $-0.0274303$ & $-0.0378731$ & $0.00332706$ & $-0.123536$ & $-0.0128118$ & $0.846511$ & $0.839366$ & $-0.255546$ & $-0.99403$ & $-0.0277539$ & $0.609773$ & $0.608155$ & $0.588412$ & $0.160597$ & $-0.0861963$ & $-0.0712259$ & $1$ & $0.982197$ & $0.967971$ & $-0.0379088$ & $-0.223659$ & $-0.0402341$ & $-0.639959$ & $0.155656$ & $0.392749$ & $0.0380414$ & $0.084144$ & $0.0459517$ & $-0.00450318$ & $0.109319$ & $0.20981$ & $-0.00423228$ & $0.0116924$ & $-0.0254944$ & $0.0111321$ & $0.0119551$ & $0.0161668$ & $-0.0265029$ & $0.0178624$ & $-0.0115375$ & $-0.0214181$ & $-0.0108415$ & $0.00382747$ & $0.0253136$ & $-0.00154338$ & $0.0159529$ \\
CHe_22 & $0.0256496$ & $0.0311787$ & $-0.0205804$ & $-0.0426649$ & $0.000785306$ & $-0.123153$ & $-0.00862562$ & $0.882081$ & $0.87444$ & $-0.270188$ & $-0.994073$ & $-0.0325294$ & $0.563931$ & $0.49909$ & $0.482539$ & $0.118107$ & $-0.0890703$ & $-0.0771675$ & $0.982197$ & $1$ & $0.983061$ & $0.00696684$ & $-0.30533$ & $-0.0569832$ & $-0.64783$ & $0.285292$ & $0.400272$ & $0.0385791$ & $0.0859619$ & $0.0488298$ & $0.000605514$ & $0.107554$ & $0.347436$ & $-0.00121411$ & $0.00729295$ & $-0.0278949$ & $0.00454697$ & $0.0148202$ & $0.00992945$ & $-0.0271376$ & $0.0134413$ & $-0.0120436$ & $-0.016542$ & $-0.0105566$ & $0.00605603$ & $0.0270483$ & $-0.00677865$ & $0.0162365$ \\
CHe_33 & $0.0213306$ & $0.0329099$ & $-0.0259204$ & $-0.0458438$ & $0.001051$ & $-0.122063$ & $-0.00910762$ & $0.871553$ & $0.864157$ & $-0.268949$ & $-0.979252$ & $-0.0302833$ & $0.546249$ & $0.486641$ & $0.495452$ & $0.114418$ & $-0.0880461$ & $-0.0794987$ & $0.967971$ & $0.983061$ & $1$ & $0.00219131$ & $-0.304795$ & $-0.0615599$ & $-0.634136$ & $0.280781$ & $0.395169$ & $0.0439057$ & $0.0832781$ & $0.046752$ & $0.000143436$ & $0.106667$ & $0.353587$ & $-0.00387547$ & $0.0099527$ & $-0.0262125$ & $0.0076233$ & $0.0157507$ & $0.00877927$ & $-0.0263116$ & $0.0122262$ & $-0.0128063$ & $-0.0179925$ & $-0.0080284$ & $0.0099592$ & $0.0289149$ & $-0.00458532$ & $0.0144131$ \\
CHQ1_11 & $0.005099$ & $-0.0227689$ & $-0.0194183$ & $0.0132402$ & $0.00327739$ & $-0.011233$ & $-0.009179$ & $0.0305834$ & $0.0282788$ & $-0.0377135$ & $0.0165169$ & $-0.0115533$ & $-0.0676959$ & $-0.186703$ & $-0.169045$ & $-0.0597476$ & $0.0231158$ & $0.00842173$ & $-0.0379088$ & $0.00696684$ & $0.00219131$ & $1$ & $-0.103927$ & $0.0853894$ & $-0.60081$ & $0.369275$ & $0.0187831$ & $-0.00994236$ & $0.0184173$ & $0.00618667$ & $-0.00483442$ & $0.005716$ & $0.200949$ & $-0.0299646$ & $-0.0313706$ & $-0.0119464$ & $0.0326984$ & $0.0445966$ & $0.0162036$ & $-0.00161189$ & $-0.0149437$ & $-0.0298165$ & $-0.00146115$ & $-0.00434927$ & $0.0446789$ & $0.00686692$ & $-0.0098912$ & $0.0246756$ \\
CHQ1_33 & $-0.0357607$ & $-0.00729739$ & $-0.00715825$ & $0.0237698$ & $0.02726$ & $-0.151643$ & $-0.020089$ & $-0.673696$ & $-0.661383$ & $0.538624$ & $0.261268$ & $0.0368165$ & $0.451829$ & $0.0142757$ & $0.035925$ & $0.778705$ & $0.745855$ & $0.744876$ & $-0.223659$ & $-0.30533$ & $-0.304795$ & $-0.103927$ & $1$ & $0.764887$ & $0.167523$ & $-0.385291$ & $-0.0529942$ & $-0.0214818$ & $0.0207929$ & $0.00710354$ & $-0.0317492$ & $0.0346227$ & $-0.596438$ & $-0.0170718$ & $-0.00174534$ & $0.014476$ & $0.0114955$ & $-0.020147$ & $0.0116483$ & $0.000454725$ & $-0.00191254$ & $0.0560502$ & $-0.0102269$ & $-0.0067746$ & $0.0167241$ & $0.0140065$ & $0.00744206$ & $-0.0237927$ \\
CHQ3_11 & $-0.06095$ & $-0.020593$ & $-0.00928889$ & $7.28794e-05$ & $0.0316022$ & $-0.204086$ & $-0.015679$ & $-0.475782$ & $-0.465403$ & $0.512844$ & $0.0467001$ & $0.00969861$ & $0.562462$ & $-0.130551$ & $-0.117966$ & $0.838925$ & $0.858789$ & $0.863429$ & $-0.0402341$ & $-0.0569832$ & $-0.0615599$ & $0.0853894$ & $0.764887$ & $1$ & $0.0048116$ & $0.121255$ & $-0.0389586$ & $-0.0136872$ & $0.0396793$ & $0.0113983$ & $-0.0282066$ & $0.0520288$ & $-0.270508$ & $-0.00864502$ & $7.94043e-05$ & $-0.0249198$ & $0.00329951$ & $0.000939847$ & $0.00487734$ & $-0.0199348$ & $-0.0180603$ & $0.0630833$ & $0.0368476$ & $-0.0333724$ & $0.0468472$ & $0.0135193$ & $-0.00949616$ & $-0.0105203$ \\
CHu_11 & $-0.0580428$ & $-0.0199771$ & $0.0290493$ & $0.00246787$ & $0.00232552$ & $0.0981602$ & $0.0200334$ & $-0.556575$ & $-0.549161$ & $0.172135$ & $0.647487$ & $0.0303256$ & $-0.39328$ & $-0.318259$ & $-0.334552$ & $-0.107638$ & $0.0194354$ & $0.0317183$ & $-0.639959$ & $-0.64783$ & $-0.634136$ & $-0.60081$ & $0.167523$ & $0.0048116$ & $1$ & $-0.152916$ & $-0.276563$ & $-0.0192036$ & $-0.074518$ & $-0.0234445$ & $0.0102827$ & $-0.0720016$ & $-0.218465$ & $-0.00111676$ & $0.0326493$ & $0.0137531$ & $-0.0280811$ & $-0.0431919$ & $-0.0191981$ & $0.0155477$ & $0.000486845$ & $0.0202747$ & $0.051346$ & $-0.0153343$ & $-0.0437387$ & $-0.0120833$ & $0.0159449$ & $-0.0194216$ \\
CHd_11 & $-0.0254173$ & $-0.0028273$ & $0.00571844$ & $-0.0139666$ & $-0.00225919$ & $-0.00696641$ & $0.0220713$ & $0.353025$ & $0.35352$ & $-0.169964$ & $-0.215696$ & $-0.0291137$ & $-0.101572$ & $-0.352441$ & $-0.363107$ & $-0.191389$ & $-0.0492797$ & $-0.0463085$ & $0.155656$ & $0.285292$ & $0.280781$ & $0.369275$ & $-0.385291$ & $0.121255$ & $-0.152916$ & $1$ & $0.0960506$ & $0.00810589$ & $0.0222602$ & $0.021917$ & $0.0266503$ & $0.0144529$ & $0.655882$ & $-0.00729825$ & $0.0165647$ & $-0.0370995$ & $-0.0216803$ & $0.0410086$ & $-0.0178968$ & $-0.0282975$ & $-0.0323514$ & $-4.55561e-05$ & $0.0653661$ & $-0.0353641$ & $0.0412697$ & $-0.00299125$ & $-0.019307$ & $0.0123429$ \\
CHd_33 & $0.0465009$ & $0.0373608$ & $-0.00250508$ & $0.00644674$ & $-0.0026642$ & $-0.0561262$ & $0.0113001$ & $0.357339$ & $0.352053$ & $-0.111449$ & $-0.397251$ & $-0.0149547$ & $0.213602$ & $0.189861$ & $0.195147$ & $0.0422131$ & $-0.0381324$ & $-0.041286$ & $0.392749$ & $0.400272$ & $0.395169$ & $0.0187831$ & $-0.0529942$ & $-0.0389586$ & $-0.276563$ & $0.0960506$ & $1$ & $0.0223603$ & $0.0295217$ & $0.0214177$ & $0.0206681$ & $0.0321785$ & $0.157182$ & $0.00376824$ & $0.0452199$ & $0.00562758$ & $-0.00349448$ & $-0.0116491$ & $0.0124613$ & $-0.0301124$ & $0.00499274$ & $-0.028799$ & $-0.0440716$ & $-0.0543514$ & $-0.0415921$ & $-0.0240111$ & $0.0232361$ & $-0.0162353$ \\
CeH_22r & $0.0112581$ & $0.0189441$ & $-0.00992114$ & $-0.00563877$ & $-0.00736474$ & $0.0117518$ & $-0.0243383$ & $0.0387617$ & $0.0389601$ & $-0.0222238$ & $-0.0386082$ & $0.0788467$ & $0.0299887$ & $0.0178915$ & $0.0161746$ & $-0.0153432$ & $-0.0102033$ & $-0.00670619$ & $0.0380414$ & $0.0385791$ & $0.0439057$ & $-0.00994236$ & $-0.0214818$ & $-0.0136872$ & $-0.0192036$ & $0.00810589$ & $0.0223603$ & $1$ & $0.0493062$ & $0.0342527$ & $-0.0301057$ & $0.0615791$ & $0.0110385$ & $0.0224685$ & $-0.0313635$ & $0.00379483$ & $0.00419668$ & $-0.0385468$ & $-0.00175996$ & $0.0379812$ & $-0.009997$ & $-0.0592608$ & $0.00614433$ & $-0.00866132$ & $-0.0324598$ & $0.0028066$ & $0.0260017$ & $0.032559$ \\
CeH_33r & $-0.0418326$ & $-0.0206671$ & $-0.0141859$ & $-0.0161264$ & $-0.0303153$ & $-0.0197373$ & $-0.270513$ & $0.055171$ & $0.0742398$ & $-0.213501$ & $-0.0856736$ & $0.445138$ & $0.0758337$ & $0.0157035$ & $0.0683303$ & $0.056367$ & $0.0499651$ & $0.0172259$ & $0.084144$ & $0.0859619$ & $0.0832781$ & $0.0184173$ & $0.0207929$ & $0.0396793$ & $-0.074518$ & $0.0222602$ & $0.0295217$ & $0.0493062$ & $1$ & $0.378734$ & $-0.0974534$ & $0.72152$ & $0.0427575$ & $-0.0235144$ & $-0.0412076$ & $-0.129614$ & $-0.026009$ & $-0.000328891$ & $-0.00872127$ & $0.0554385$ & $-0.000629994$ & $0.0438381$ & $0.0335927$ & $0.0457521$ & $0.0115929$ & $0.0253418$ & $-0.0043509$ & $0.0341543$ \\
CuH_22r & $0.00034238$ & $-0.0203565$ & $-0.000598144$ & $-0.0406956$ & $-0.00705635$ & $0.00103616$ & $-0.124024$ & $0.0358966$ & $0.0526756$ & $-0.0825721$ & $-0.0473419$ & $0.218265$ & $0.0464687$ & $0.0211096$ & $0.0129128$ & $0.0146211$ & $0.00979808$ & $0.0181686$ & $0.0459517$ & $0.0488298$ & $0.046752$ & $0.00618667$ & $0.00710354$ & $0.0113983$ & $-0.0234445$ & $0.021917$ & $0.0214177$ & $0.0342527$ & $0.378734$ & $1$ & $-0.0124514$ & $0.445852$ & $0.00976716$ & $-0.0259849$ & $-0.04393$ & $-0.139393$ & $-0.0107247$ & $-0.00802131$ & $-0.00769991$ & $0.102114$ & $0.0115508$ & $0.0409927$ & $-0.00048539$ & $0.00663256$ & $0.0666417$ & $0.267164$ & $0.0679454$ & $0.00998839$ \\
CuH_33r & $-0.0307116$ & $0.0489037$ & $0.00390121$ & $-0.00476801$ & $-0.00805841$ & $0.0242276$ & $0.927968$ & $0.0175775$ & $0.0474356$ & $-0.0585609$ & $0.00299307$ & $-0.383742$ & $-0.0291213$ & $-0.0185282$ & $-0.0131669$ & $-0.0360757$ & $-0.0258239$ & $-0.0321546$ & $-0.00450318$ & $0.000605514$ & $0.000143436$ & $-0.00483442$ & $-0.0317492$ & $-0.0282066$ & $0.0102827$ & $0.0266503$ & $0.0206681$ & $-0.0301057$ & $-0.0974534$ & $-0.0124514$ & $1$ & $-0.0926481$ & $0.0360579$ & $0.0163471$ & $-0.018824$ & $-0.0178755$ & $-0.000497755$ & $0.018186$ & $-0.0218511$ & $0.0107556$ & $0.00983757$ & $0.0081564$ & $-0.056884$ & $-0.00698287$ & $-0.00567166$ & $0.0164481$ & $-0.0140288$ & $0.00632403$ \\
CdH_33r & $-0.0900793$ & $0.0597829$ & $-0.112562$ & $0.020878$ & $-0.0208417$ & $0.00935701$ & $-0.303175$ & $0.0660987$ & $0.0861294$ & $-0.242804$ & $-0.109741$ & $0.488441$ & $0.118276$ & $0.0604534$ & $0.0706829$ & $0.064865$ & $0.0447378$ & $0.0425907$ & $0.109319$ & $0.107554$ & $0.106667$ & $0.005716$ & $0.0346227$ & $0.0520288$ & $-0.0720016$ & $0.0144529$ & $0.0321785$ & $0.0615791$ & $0.72152$ & $0.445852$ & $-0.0926481$ & $1$ & $0.00654495$ & $0.0117752$ & $-0.121832$ & $-0.125068$ & $-0.0312616$ & $0.0170333$ & $-0.0208255$ & $0.0243558$ & $0.00698112$ & $-0.00641542$ & $0.00182114$ & $0.0237028$ & $0.0748398$ & $0.0671419$ & $0.142386$ & $0.344696$ \\
CLL_1221 & $0.0216984$ & $0.0267648$ & $0.0322415$ & $-0.0130572$ & $-0.0339895$ & $-0.0611118$ & $0.0233481$ & $0.488633$ & $0.481501$ & $-0.279179$ & $-0.273127$ & $-0.032966$ & $-0.24904$ & $-0.529925$ & $-0.0638441$ & $-0.29252$ & $-0.0603574$ & $-0.392972$ & $0.20981$ & $0.347436$ & $0.353587$ & $0.200949$ & $-0.596438$ & $-0.270508$ & $-0.218465$ & $0.655882$ & $0.157182$ & $0.0110385$ & $0.0427575$ & $0.00976716$ & $0.0360579$ & $0.00654495$ & $1$ & $0.0248929$ & $-0.0133789$ & $-0.0205573$ & $-0.010393$ & $0.0324835$ & $-0.0232827$ & $-0.0334639$ & $-0.00163252$ & $-0.0246259$ & $-0.0315629$ & $0.0258452$ & $0.00385192$ & $-0.0242426$ & $-0.0134059$ & $-0.0185385$ \\
eHggint & $-0.0351648$ & $-0.0692238$ & $0.336044$ & $0.0610803$ & $-0.0254411$ & $0.0324643$ & $-0.0307698$ & $0.00442324$ & $-0.00221924$ & $-0.0116826$ & $0.00437032$ & $0.0782475$ & $0.00117092$ & $-0.0326691$ & $-0.00260048$ & $-0.0188399$ & $0.00940448$ & $-0.0122222$ & $-0.00423228$ & $-0.00121411$ & $-0.00387547$ & $-0.0299646$ & $-0.0170718$ & $-0.00864502$ & $-0.00111676$ & $-0.00729825$ & $0.00376824$ & $0.0224685$ & $-0.0235144$ & $-0.0259849$ & $0.0163471$ & $0.0117752$ & $0.0248929$ & $1$ & $0.0799605$ & $-0.0215542$ & $0.00640292$ & $-0.219643$ & $-0.0489858$ & $-0.0200805$ & $0.00279099$ & $0.0871949$ & $-0.206017$ & $-0.135005$ & $0.0345931$ & $-0.0708373$ & $0.178673$ & $0.0145092$ \\
eHggpar & $0.136684$ & $-0.0518966$ & $-0.0119972$ & $0.0365019$ & $0.0252276$ & $0.0217985$ & $-0.0353319$ & $0.00955671$ & $0.0069744$ & $-0.00146388$ & $-0.00985411$ & $0.0516048$ & $0.00209676$ & $0.018206$ & $0.00433872$ & $-0.00500171$ & $-0.0107295$ & $-0.00231345$ & $0.0116924$ & $0.00729295$ & $0.0099527$ & $-0.0313706$ & $-0.00174534$ & $7.94043e-05$ & $0.0326493$ & $0.0165647$ & $0.0452199$ & $-0.0313635$ & $-0.0412076$ & $-0.04393$ & $-0.018824$ & $-0.121832$ & $-0.0133789$ & $0.0799605$ & $1$ & $0.226599$ & $0.0369445$ & $0.219693$ & $-0.0454704$ & $-0.0773514$ & $0.042022$ & $0.0578898$ & $0.159696$ & $-0.280654$ & $-0.0870739$ & $-0.199076$ & $-0.00764778$ & $-0.229019$ \\
eHWWint & $0.0738053$ & $0.0407983$ & $0.0666029$ & $0.0650427$ & $0.0100077$ & $0.0374611$ & $0.00239251$ & $-0.0229904$ & $-0.0391789$ & $0.00767501$ & $0.0272003$ & $0.00180316$ & $-0.00526774$ & $-0.00919898$ & $-0.00958581$ & $-0.0177369$ & $-0.00347504$ & $-0.00424767$ & $-0.0254944$ & $-0.0278949$ & $-0.0262125$ & $-0.0119464$ & $0.014476$ & $-0.0249198$ & $0.0137531$ & $-0.0370995$ & $0.00562758$ & $0.00379483$ & $-0.129614$ & $-0.139393$ & $-0.0178755$ & $-0.125068$ & $-0.0205573$ & $-0.0215542$ & $0.226599$ & $1$ & $-0.0177171$ & $-0.00412713$ & $0.00688234$ & $-0.134987$ & $0.00491389$ & $-0.16366$ & $-0.0264493$ & $-0.0959342$ & $-0.0530086$ & $-0.189457$ & $-0.170453$ & $0.101938$ \\
eHWWpar & $0.00428868$ & $-0.0036851$ & $-0.0053642$ & $0.0501716$ & $7.93587e-06$ & $-0.0102673$ & $0.00594749$ & $-0.00165704$ & $-0.00180057$ & $-0.00253841$ & $-0.0073809$ & $-7.74973e-05$ & $0.0148528$ & $0.00886295$ & $0.0250995$ & $0.0110656$ & $0.0130278$ & $0.00204197$ & $0.0111321$ & $0.00454697$ & $0.0076233$ & $0.0326984$ & $0.0114955$ & $0.00329951$ & $-0.0280811$ & $-0.0216803$ & $-0.00349448$ & $0.00419668$ & $-0.026009$ & $-0.0107247$ & $-0.000497755$ & $-0.0312616$ & $-0.010393$ & $0.00640292$ & $0.0369445$ & $-0.0177171$ & $1$ & $0.0483935$ & $-0.00889008$ & $-0.0496271$ & $0.0025584$ & $0.0257801$ & $0.0429384$ & $-0.069643$ & $0.0328818$ & $0.0351215$ & $0.00945437$ & $-0.0108984$ \\
eHZZint & $0.190853$ & $0.0043732$ & $-0.231828$ & $0.137464$ & $0.013662$ & $0.0296466$ & $0.0130089$ & $0.0155913$ & $0.0124663$ & $-0.0143908$ & $-0.0155769$ & $-0.00789604$ & $-0.000228735$ & $-0.0179111$ & $-0.00167734$ & $-0.00149982$ & $0.00726616$ & $-0.00392096$ & $0.0119551$ & $0.0148202$ & $0.0157507$ & $0.0445966$ & $-0.020147$ & $0.000939847$ & $-0.0431919$ & $0.0410086$ & $-0.0116491$ & $-0.0385468$ & $-0.000328891$ & $-0.00802131$ & $0.018186$ & $0.0170333$ & $0.0324835$ & $-0.219643$ & $0.219693$ & $-0.00412713$ & $0.0483935$ & $1$ & $0.0111876$ & $-0.232017$ & $0.00595629$ & $-0.00271774$ & $0.0700734$ & $0.231286$ & $0.317694$ & $-0.0587885$ & $0.00409576$ & $0.0459686$ \\
eHZZpar & $0.0105731$ & $0.00202968$ & $0.0524893$ & $-0.0186445$ & $-0.0269925$ & $-0.0199673$ & $-0.00627663$ & $0.00279645$ & $0.00101472$ & $0.013725$ & $-0.0123523$ & $-0.00422967$ & $0.0149957$ & $0.0267453$ & $0.0131386$ & $0.0143968$ & $0.000641739$ & $0.0138342$ & $0.0161668$ & $0.00992945$ & $0.00877927$ & $0.0162036$ & $0.0116483$ & $0.00487734$ & $-0.0191981$ & $-0.0178968$ & $0.0124613$ & $-0.00175996$ & $-0.00872127$ & $-0.00769991$ & $-0.0218511$ & $-0.0208255$ & $-0.0232827$ & $-0.0489858$ & $-0.0454704$ & $0.00688234$ & $-0.00889008$ & $0.0111876$ & $1$ & $-0.00653476$ & $0.00803159$ & $-0.0222372$ & $-0.0266955$ & $0.00426842$ & $0.000281648$ & $0.00663608$ & $-0.0164619$ & $-0.00322642$ \\
eHZgaint & $-0.220296$ & $-0.0271501$ & $-0.0551361$ & $-0.332082$ & $-0.0227129$ & $0.0123432$ & $0.0122193$ & $-0.0137141$ & $-0.00963351$ & $-0.0345$ & $0.0285799$ & $0.0265446$ & $-0.0337852$ & $0.0171412$ & $-0.0146574$ & $-0.0254998$ & $-0.0382508$ & $-0.0081314$ & $-0.0265029$ & $-0.0271376$ & $-0.0263116$ & $-0.00161189$ & $0.000454725$ & $-0.0199348$ & $0.0155477$ & $-0.0282975$ & $-0.0301124$ & $0.0379812$ & $0.0554385$ & $0.102114$ & $0.0107556$ & $0.0243558$ & $-0.0334639$ & $-0.0200805$ & $-0.0773514$ & $-0.134987$ & $-0.0496271$ & $-0.232017$ & $-0.00653476$ & $1$ & $0.0621908$ & $-0.0685385$ & $0.154146$ & $-0.0509975$ & $-0.1538$ & $0.303783$ & $-0.167141$ & $-0.0265592$ \\
eHZgapar & $-0.048186$ & $0.0266995$ & $0.000665616$ & $0.0147315$ & $0.0321094$ & $-0.00966557$ & $0.0020472$ & $0.0143576$ & $0.0122587$ & $-0.0121804$ & $-0.0151319$ & $0.0124817$ & $-0.0042027$ & $0.0210024$ & $0.0675501$ & $0.00281508$ & $-0.0110654$ & $-0.036398$ & $0.0178624$ & $0.0134413$ & $0.0122262$ & $-0.0149437$ & $-0.00191254$ & $-0.0180603$ & $0.000486845$ & $-0.0323514$ & $0.00499274$ & $-0.009997$ & $-0.000629994$ & $0.0115508$ & $0.00983757$ & $0.00698112$ & $-0.00163252$ & $0.00279099$ & $0.042022$ & $0.00491389$ & $0.0025584$ & $0.00595629$ & $0.00803159$ & $0.0621908$ & $1$ & $0.0391644$ & $0.0291286$ & $0.00459575$ & $0.00390408$ & $0.00852099$ & $-0.0202152$ & $-0.0156264$ \\
eHgagaint & $0.0156989$ & $-0.121065$ & $0.0576409$ & $0.0715492$ & $-0.0247825$ & $-0.0288732$ & $-0.00455205$ & $-0.0348474$ & $0.00995034$ & $0.0410482$ & $0.00913131$ & $-0.00434383$ & $0.0312021$ & $-0.005722$ & $-0.0135236$ & $0.0577729$ & $0.0537681$ & $0.0581454$ & $-0.0115375$ & $-0.0120436$ & $-0.0128063$ & $-0.0298165$ & $0.0560502$ & $0.0630833$ & $0.0202747$ & $-4.55561e-05$ & $-0.028799$ & $-0.0592608$ & $0.0438381$ & $0.0409927$ & $0.0081564$ & $-0.00641542$ & $-0.0246259$ & $0.0871949$ & $0.0578898$ & $-0.16366$ & $0.0257801$ & $-0.00271774$ & $-0.0222372$ & $-0.0685385$ & $0.0391644$ & $1$ & $0.073377$ & $-0.0595855$ & $0.315023$ & $0.0120055$ & $-0.171839$ & $-0.0824572$ \\
eHmumuint & $-0.205713$ & $-0.0994735$ & $-0.190707$ & $-0.03176$ & $0.00743337$ & $-0.00213661$ & $-0.0452243$ & $-0.00682364$ & $0.00113863$ & $0.00817496$ & $0.017655$ & $0.0197877$ & $-0.0254529$ & $0.019964$ & $-0.0639177$ & $-0.0116297$ & $-0.0361993$ & $0.0207358$ & $-0.0214181$ & $-0.016542$ & $-0.0179925$ & $-0.00146115$ & $-0.0102269$ & $0.0368476$ & $0.051346$ & $0.0653661$ & $-0.0440716$ & $0.00614433$ & $0.0335927$ & $-0.00048539$ & $-0.056884$ & $0.00182114$ & $-0.0315629$ & $-0.206017$ & $0.159696$ & $-0.0264493$ & $0.0429384$ & $0.0700734$ & $-0.0266955$ & $0.154146$ & $0.0291286$ & $0.073377$ & $1$ & $-0.0972111$ & $0.00367133$ & $-0.0256597$ & $-0.203385$ & $-0.0349561$ \\
eHtautauint & $0.0169217$ & $0.0134226$ & $0.0627355$ & $-0.011418$ & $0.0298478$ & $-0.0212368$ & $0.00372592$ & $-0.00377613$ & $-0.00707346$ & $0.00378543$ & $0.0110494$ & $-0.0219166$ & $-0.0211243$ & $-0.0224167$ & $0.0235156$ & $-0.00505834$ & $0.00311586$ & $-0.0257019$ & $-0.0108415$ & $-0.0105566$ & $-0.0080284$ & $-0.00434927$ & $-0.0067746$ & $-0.0333724$ & $-0.0153343$ & $-0.0353641$ & $-0.0543514$ & $-0.00866132$ & $0.0457521$ & $0.00663256$ & $-0.00698287$ & $0.0237028$ & $0.0258452$ & $-0.135005$ & $-0.280654$ & $-0.0959342$ & $-0.069643$ & $0.231286$ & $0.00426842$ & $-0.0509975$ & $0.00459575$ & $-0.0595855$ & $-0.0972111$ & $1$ & $0.105596$ & $0.0550627$ & $0.00445837$ & $0.0297114$ \\
eHccint & $0.135238$ & $-0.0555874$ & $-0.159343$ & $0.108065$ & $-0.0401127$ & $-0.00141641$ & $-0.0148002$ & $-0.00793411$ & $0.00397237$ & $0.0320319$ & $-0.0094963$ & $-0.00802845$ & $0.026021$ & $-0.00798411$ & $-0.0228983$ & $0.0361543$ & $0.0353438$ & $0.0453153$ & $0.00382747$ & $0.00605603$ & $0.0099592$ & $0.0446789$ & $0.0167241$ & $0.0468472$ & $-0.0437387$ & $0.0412697$ & $-0.0415921$ & $-0.0324598$ & $0.0115929$ & $0.0666417$ & $-0.00567166$ & $0.0748398$ & $0.00385192$ & $0.0345931$ & $-0.0870739$ & $-0.0530086$ & $0.0328818$ & $0.317694$ & $0.000281648$ & $-0.1538$ & $0.00390408$ & $0.315023$ & $0.00367133$ & $0.105596$ & $1$ & $0.0894617$ & $0.0269647$ & $0.183667$ \\
eHccpar & $-0.058183$ & $0.0065383$ & $0.0116971$ & $-0.161913$ & $-0.0133849$ & $0.000718492$ & $0.0107091$ & $0.0116533$ & $0.0153862$ & $0.0114554$ & $-0.0258386$ & $-0.0170427$ & $0.0491431$ & $0.0290133$ & $-0.0230151$ & $0.0139064$ & $0.00849118$ & $0.0499131$ & $0.0253136$ & $0.0270483$ & $0.0289149$ & $0.00686692$ & $0.0140065$ & $0.0135193$ & $-0.0120833$ & $-0.00299125$ & $-0.0240111$ & $0.0028066$ & $0.0253418$ & $0.267164$ & $0.0164481$ & $0.0671419$ & $-0.0242426$ & $-0.0708373$ & $-0.199076$ & $-0.189457$ & $0.0351215$ & $-0.0587885$ & $0.00663608$ & $0.303783$ & $0.00852099$ & $0.0120055$ & $-0.0256597$ & $0.0550627$ & $0.0894617$ & $1$ & $0.191298$ & $0.0462313$ \\
eHbbint & $-0.0194127$ & $0.0568547$ & $0.0785505$ & $0.209114$ & $0.0302041$ & $0.0166309$ & $-0.0350709$ & $-0.00550024$ & $-0.0101559$ & $-0.00744942$ & $0.00633508$ & $0.0286627$ & $0.00591519$ & $0.00586085$ & $0.0104345$ & $-0.0118887$ & $-0.00269257$ & $-0.00741502$ & $-0.00154338$ & $-0.00677865$ & $-0.00458532$ & $-0.0098912$ & $0.00744206$ & $-0.00949616$ & $0.0159449$ & $-0.019307$ & $0.0232361$ & $0.0260017$ & $-0.0043509$ & $0.0679454$ & $-0.0140288$ & $0.142386$ & $-0.0134059$ & $0.178673$ & $-0.00764778$ & $-0.170453$ & $0.00945437$ & $0.00409576$ & $-0.0164619$ & $-0.167141$ & $-0.0202152$ & $-0.171839$ & $-0.203385$ & $0.00445837$ & $0.0269647$ & $0.191298$ & $1$ & $0.0143512$ \\
eHbbpar & $-0.185794$ & $0.18744$ & $-0.263445$ & $-0.00417996$ & $-0.0142391$ & $0.0614279$ & $-0.00649702$ & $0.0222672$ & $0.0200111$ & $-0.00545091$ & $-0.0154529$ & $0.0424715$ & $0.012596$ & $0.0374755$ & $-0.0286548$ & $-0.0292904$ & $-0.0416557$ & $0.00629426$ & $0.0159529$ & $0.0162365$ & $0.0144131$ & $0.0246756$ & $-0.0237927$ & $-0.0105203$ & $-0.0194216$ & $0.0123429$ & $-0.0162353$ & $0.032559$ & $0.0341543$ & $0.00998839$ & $0.00632403$ & $0.344696$ & $-0.0185385$ & $0.0145092$ & $-0.229019$ & $0.101938$ & $-0.0108984$ & $0.0459686$ & $-0.00322642$ & $-0.0265592$ & $-0.0156264$ & $-0.0824572$ & $-0.0349561$ & $0.0297114$ & $0.183667$ & $0.0462313$ & $0.0143512$ & $1$ \\
