 & AlsMz & dAle5Mz & mtop & mHl & Mz & CW & CHG & CHWB & CHWHB_gaga & CHWHB_gagaorth & CHD & CH & CHL1_11 & CHL1_22 & CHL1_33 & CHL3_11 & CHL3_22 & CHL3_33 & CHe_11 & CHe_22 & CHe_33 & CHQ1_11 & CHQ1_33 & CHQ3_11 & CHu_11 & CHd_11 & CHd_33 & CeH_22r & CeH_33r & CuH_22r & CuH_33r & CdH_33r & CLL_1221 & eHggint & eHggpar & eHWWint & eHWWpar & eHZZint & eHZZpar & eHZgaint & eHZgapar & eHgagaint & eHmumuint & eHtautauint & eHccint & eHccpar & eHbbint & eHbbpar \\
AlsMz & $1$ & $-0.0215405$ & $0.0291616$ & $0.0477733$ & $-0.0235601$ & $0.0552729$ & $-0.0115583$ & $-0.014672$ & $-0.0186508$ & $-0.0177482$ & $0.0423975$ & $-0.00567208$ & $-0.0685483$ & $-0.00836794$ & $-0.041463$ & $-0.0571433$ & $-0.0577609$ & $-0.0255695$ & $-0.0518523$ & $-0.0474509$ & $-0.0436387$ & $0.0361062$ & $-0.0785495$ & $-0.139703$ & $-0.0243983$ & $-0.0263059$ & $-0.0157438$ & $0.0012552$ & $-0.0272751$ & $0.032787$ & $-0.00841183$ & $-0.00472271$ & $-0.00551847$ & $0.0582569$ & $0.014571$ & $-0.0466146$ & $-0.055111$ & $-0.0890638$ & $0.016584$ & $0.17771$ & $0.0154314$ & $-0.0128919$ & $-0.229538$ & $0.0395315$ & $-0.0902795$ & $0.062166$ & $-0.00895672$ & $-0.00364532$ \\
dAle5Mz & $-0.0215405$ & $1$ & $-0.150706$ & $-0.00897958$ & $0.0203944$ & $-0.0248891$ & $0.0315052$ & $-0.0403438$ & $-0.0371048$ & $-0.0105471$ & $0.0428891$ & $-0.0324755$ & $-0.0315055$ & $-0.0472451$ & $-0.0507493$ & $-0.00926861$ & $0.00738848$ & $0.00610638$ & $-0.0337917$ & $-0.0190304$ & $-0.0187152$ & $0.0222155$ & $-0.00922296$ & $0.0129946$ & $0.00654766$ & $0.0518462$ & $0.0109119$ & $-0.0327374$ & $-0.00315057$ & $0.00707835$ & $0.0272169$ & $-0.0643097$ & $0.0578733$ & $0.033966$ & $0.135084$ & $0.0451979$ & $0.0142374$ & $0.074863$ & $0.0302491$ & $0.0383367$ & $0.0384021$ & $0.0427145$ & $-0.182486$ & $-0.0767152$ & $0.260325$ & $-0.15446$ & $0.0271914$ & $-0.118363$ \\
mtop & $0.0291616$ & $-0.150706$ & $1$ & $0.00696316$ & $-0.0400376$ & $0.0112644$ & $0.0130511$ & $-0.0308793$ & $-0.0222218$ & $-0.000160186$ & $0.0410883$ & $-0.0289486$ & $-0.0247642$ & $0.0351106$ & $-0.0149764$ & $0.00354074$ & $-0.0304622$ & $0.0147795$ & $-0.0388013$ & $-0.041233$ & $-0.040458$ & $-0.0736496$ & $0.0123809$ & $-0.0225796$ & $0.0750708$ & $-0.0512371$ & $-0.0325676$ & $0.00701541$ & $0.00997835$ & $-0.00858569$ & $0.0283788$ & $-0.0360691$ & $-0.0531103$ & $0.0491202$ & $0.0967392$ & $-0.10028$ & $-0.0356524$ & $-0.0680783$ & $-0.0517483$ & $0.239783$ & $0.0904404$ & $0.158339$ & $0.101599$ & $0.0425753$ & $-0.0497935$ & $-0.126353$ & $-0.141248$ & $-0.131878$ \\
mHl & $0.0477733$ & $-0.00897958$ & $0.00696316$ & $1$ & $0.0285153$ & $0.0147297$ & $-0.00733472$ & $0.00420589$ & $0.011462$ & $-0.0121225$ & $0.00862418$ & $-0.00334576$ & $-0.0170275$ & $-0.0123536$ & $0.00420165$ & $-0.0285442$ & $-0.0139476$ & $-0.0258907$ & $-0.00917535$ & $-0.00727495$ & $-0.00429161$ & $-0.00590949$ & $-0.0373854$ & $-0.0243651$ & $0.0131106$ & $-0.00692157$ & $0.00182072$ & $0.0419848$ & $0.0205448$ & $-0.0392987$ & $-0.000770634$ & $-0.0018501$ & $0.0101777$ & $-0.00143295$ & $0.0458587$ & $-0.130028$ & $0.0158335$ & $-0.0507488$ & $-0.00411593$ & $-0.0411175$ & $-0.0552095$ & $0.0430993$ & $-0.0597566$ & $-0.00329452$ & $-0.130797$ & $-0.221405$ & $-0.118107$ & $-0.0334341$ \\
Mz & $-0.0235601$ & $0.0203944$ & $-0.0400376$ & $0.0285153$ & $1$ & $-0.0230721$ & $-0.0156755$ & $-0.00810096$ & $-0.00811239$ & $0.0214334$ & $-0.0118256$ & $0.00568103$ & $0.0437655$ & $-0.00832328$ & $0.0228461$ & $0.0576046$ & $0.0586718$ & $0.0306858$ & $0.0237567$ & $0.0194329$ & $0.019419$ & $-0.00441473$ & $0.0301276$ & $0.0403259$ & $-0.01285$ & $-0.0150975$ & $-0.00188793$ & $0.0159957$ & $0.0164769$ & $0.0208609$ & $-0.00897056$ & $0.023453$ & $0.0040446$ & $-0.00613712$ & $-0.00125065$ & $-0.0337909$ & $-0.014052$ & $-0.00432466$ & $0.0382616$ & $-0.030322$ & $-0.0336164$ & $-0.00757693$ & $0.021817$ & $-0.0112821$ & $-0.011209$ & $-0.00264478$ & $0.0272068$ & $-0.00048512$ \\
CW & $0.0552729$ & $-0.0248891$ & $0.0112644$ & $0.0147297$ & $-0.0230721$ & $1$ & $-0.0107378$ & $-0.13176$ & $-0.130468$ & $-0.0107229$ & $0.199821$ & $-0.00914693$ & $0.0125963$ & $-0.0927549$ & $-0.0964436$ & $-0.277358$ & $-0.0513853$ & $-0.0491422$ & $-0.197828$ & $-0.201453$ & $-0.195233$ & $-0.0471851$ & $0.00419238$ & $-0.11166$ & $0.131877$ & $-0.0907226$ & $-0.0543292$ & $-0.0325748$ & $-0.0566722$ & $-0.0269862$ & $-0.0148342$ & $-0.0453989$ & $-0.116428$ & $0.05565$ & $-0.0616113$ & $0.00870939$ & $0.0173025$ & $-0.00192189$ & $-0.0122469$ & $0.0513695$ & $0.0156871$ & $0.00162037$ & $-0.0135097$ & $0.0204113$ & $-0.026524$ & $0.0332534$ & $0.0188018$ & $-0.018652$ \\
CHG & $-0.0115583$ & $0.0315052$ & $0.0130511$ & $-0.00733472$ & $-0.0156755$ & $-0.0107378$ & $1$ & $-0.129132$ & $-0.0737827$ & $0.155779$ & $0.0761397$ & $-0.305223$ & $0.0606128$ & $-0.00473833$ & $-0.0298367$ & $0.106305$ & $0.104888$ & $0.124057$ & $-0.0710853$ & $-0.0811181$ & $-0.0782264$ & $-0.018638$ & $0.124656$ & $0.109487$ & $0.0477395$ & $-0.0667485$ & $-0.0343599$ & $-0.0185779$ & $-0.148436$ & $-0.0702262$ & $0.936355$ & $-0.182265$ & $-0.0945064$ & $-0.0114591$ & $-0.0346193$ & $0.00933938$ & $0.0277186$ & $0.0267223$ & $-0.0118307$ & $0.0415402$ & $-0.0479118$ & $0.0148856$ & $0.00187911$ & $-0.0140171$ & $0.0309362$ & $-0.0246381$ & $0.0191942$ & $-0.0113626$ \\
CHWB & $-0.014672$ & $-0.0403438$ & $-0.0308793$ & $0.00420589$ & $-0.00810096$ & $-0.13176$ & $-0.129132$ & $1$ & $0.983905$ & $-0.549909$ & $-0.879688$ & $0.402971$ & $0.0670036$ & $0.292689$ & $0.273107$ & $-0.257764$ & $-0.457495$ & $-0.447434$ & $0.849524$ & $0.898491$ & $0.88151$ & $0.0801731$ & $-0.678109$ & $-0.415789$ & $-0.503991$ & $0.422616$ & $0.303157$ & $0.0270034$ & $0.171212$ & $0.0524209$ & $-0.115326$ & $0.162064$ & $0.54816$ & $2.7074e-05$ & $0.0415712$ & $0.0272553$ & $0.000637294$ & $-0.00342375$ & $-0.00945127$ & $-0.0390994$ & $-0.0126256$ & $-0.0266571$ & $-0.0274732$ & $0.0481854$ & $0.00996396$ & $-0.0252022$ & $-0.0234607$ & $-0.0130497$ \\
CHWHB_gaga & $-0.0186508$ & $-0.0371048$ & $-0.0222218$ & $0.011462$ & $-0.00811239$ & $-0.130468$ & $-0.0737827$ & $0.983905$ & $1$ & $-0.55233$ & $-0.866956$ & $0.393916$ & $0.0669162$ & $0.298176$ & $0.270225$ & $-0.250051$ & $-0.454897$ & $-0.438007$ & $0.837953$ & $0.884392$ & $0.867613$ & $0.0740673$ & $-0.663918$ & $-0.408996$ & $-0.494524$ & $0.410765$ & $0.302585$ & $0.033016$ & $0.186727$ & $0.0635409$ & $-0.0713229$ & $0.179598$ & $0.531443$ & $-0.00225188$ & $0.0221367$ & $0.0294698$ & $0.00944069$ & $-0.000437073$ & $-0.0187704$ & $-0.023809$ & $-0.0149955$ & $0.0249012$ & $-0.0118294$ & $0.0480394$ & $0.00385827$ & $-0.0301744$ & $-0.0403952$ & $-0.00817568$ \\
CHWHB_gagaorth & $-0.0177482$ & $-0.0105471$ & $-0.000160186$ & $-0.0121225$ & $0.0214334$ & $-0.0107229$ & $0.155779$ & $-0.549909$ & $-0.55233$ & $1$ & $0.253601$ & $-0.421916$ & $0.419746$ & $-0.13113$ & $-0.124839$ & $0.611867$ & $0.650399$ & $0.647085$ & $-0.250255$ & $-0.268657$ & $-0.267467$ & $-0.0432863$ & $0.629327$ & $0.633024$ & $0.15569$ & $-0.189178$ & $-0.0857511$ & $-0.0325077$ & $-0.351224$ & $-0.114314$ & $0.115337$ & $-0.375272$ & $-0.313924$ & $-0.0403344$ & $-0.0108681$ & $-0.00352825$ & $0.000184469$ & $0.0286006$ & $-0.00577948$ & $-0.0475693$ & $-0.0223076$ & $0.0123365$ & $0.0135788$ & $-0.0185231$ & $-0.013613$ & $0.0079156$ & $0.0381633$ & $0.0393465$ \\
CHD & $0.0423975$ & $0.0428891$ & $0.0410883$ & $0.00862418$ & $-0.0118256$ & $0.199821$ & $0.0761397$ & $-0.879688$ & $-0.866956$ & $0.253601$ & $1$ & $-0.235059$ & $-0.482536$ & $-0.426074$ & $-0.405198$ & $-0.194264$ & $0.103254$ & $0.0935602$ & $-0.990188$ & $-0.990384$ & $-0.969031$ & $-0.0229075$ & $0.316254$ & $0.0340324$ & $0.546747$ & $-0.292367$ & $-0.328839$ & $-0.0265548$ & $-0.144937$ & $-0.0353325$ & $0.0700107$ & $-0.140614$ & $-0.344508$ & $0.0213277$ & $-0.0368367$ & $-0.037893$ & $-0.00477079$ & $-0.0315171$ & $0.0073413$ & $0.0609192$ & $0.041258$ & $0.00842084$ & $0.00761184$ & $-0.0363056$ & $-0.00943057$ & $0.0307371$ & $0.00862418$ & $-0.0259954$ \\
CH & $-0.00567208$ & $-0.0324755$ & $-0.0289486$ & $-0.00334576$ & $0.00568103$ & $-0.00914693$ & $-0.305223$ & $0.402971$ & $0.393916$ & $-0.421916$ & $-0.235059$ & $1$ & $-0.2131$ & $0.0806496$ & $0.0844705$ & $-0.339449$ & $-0.375794$ & $-0.380063$ & $0.227619$ & $0.247245$ & $0.244311$ & $0.0386744$ & $-0.400377$ & $-0.361807$ & $-0.137177$ & $0.172364$ & $0.109066$ & $0.0499888$ & $0.228447$ & $0.105116$ & $-0.271947$ & $0.303204$ & $0.246973$ & $0.0239594$ & $0.0112346$ & $0.0109796$ & $0.0253762$ & $0.00931232$ & $-0.0131447$ & $-0.00251254$ & $0.00688866$ & $0.0213355$ & $0.00211394$ & $0.0214399$ & $-0.0261876$ & $-0.0156344$ & $-0.0286682$ & $0.0147687$ \\
CHL1_11 & $-0.0685483$ & $-0.0315055$ & $-0.0247642$ & $-0.0170275$ & $0.0437655$ & $0.0125963$ & $0.0606128$ & $0.0670036$ & $0.0669162$ & $0.419746$ & $-0.482536$ & $-0.2131$ & $1$ & $0.275243$ & $0.283424$ & $0.639956$ & $0.582511$ & $0.570116$ & $0.505363$ & $0.438618$ & $0.422427$ & $-0.0745308$ & $0.484171$ & $0.604146$ & $-0.234323$ & $-0.112379$ & $0.136588$ & $-0.00113033$ & $-0.00996315$ & $-0.0305657$ & $0.0506593$ & $0.00396955$ & $-0.24971$ & $-0.029333$ & $-0.0136301$ & $0.0417993$ & $0.0258637$ & $0.0770585$ & $0.00747902$ & $-0.0521889$ & $-0.0475491$ & $0.0310525$ & $0.0257123$ & $0.00116439$ & $-0.0107161$ & $-0.000900061$ & $0.0250444$ & $0.0664792$ \\
CHL1_22 & $-0.00836794$ & $-0.0472451$ & $0.0351106$ & $-0.0123536$ & $-0.00832328$ & $-0.0927549$ & $-0.00473833$ & $0.292689$ & $0.298176$ & $-0.13113$ & $-0.426074$ & $0.0806496$ & $0.275243$ & $1$ & $0.459449$ & $0.176576$ & $-0.459537$ & $-0.0383617$ & $0.494172$ & $0.337535$ & $0.328961$ & $-0.177337$ & $0.113771$ & $-0.130382$ & $-0.191409$ & $-0.418933$ & $0.09293$ & $0.00630755$ & $0.0439433$ & $0.0339864$ & $-0.012823$ & $0.0651777$ & $-0.609599$ & $0.00555941$ & $-0.0194116$ & $0.0210174$ & $0.0091696$ & $0.0266455$ & $-0.00242672$ & $0.00646797$ & $-0.0692049$ & $0.030331$ & $0.0304725$ & $0.0260741$ & $-0.0465999$ & $0.00710019$ & $-0.0179455$ & $0.05736$ \\
CHL1_33 & $-0.041463$ & $-0.0507493$ & $-0.0149764$ & $0.00420165$ & $0.0228461$ & $-0.0964436$ & $-0.0298367$ & $0.273107$ & $0.270225$ & $-0.124839$ & $-0.405198$ & $0.0844705$ & $0.283424$ & $0.459449$ & $1$ & $0.166128$ & $-0.0298724$ & $-0.444856$ & $0.472288$ & $0.316641$ & $0.336774$ & $-0.177143$ & $0.129869$ & $-0.103739$ & $-0.16811$ & $-0.398513$ & $0.0791056$ & $0.00611236$ & $0.0574158$ & $-0.00261024$ & $-0.0309415$ & $0.0711448$ & $-0.140834$ & $0.0202292$ & $-0.0293324$ & $-0.012496$ & $0.00931919$ & $0.0133664$ & $0.0122005$ & $-0.0444039$ & $-0.0432249$ & $0.00231726$ & $0.013863$ & $0.0129586$ & $-0.0426973$ & $-0.00237214$ & $-0.0407727$ & $0.0562639$ \\
CHL3_11 & $-0.0571433$ & $-0.00926861$ & $0.00354074$ & $-0.0285442$ & $0.0576046$ & $-0.277358$ & $0.106305$ & $-0.257764$ & $-0.250051$ & $0.611867$ & $-0.194264$ & $-0.339449$ & $0.639956$ & $0.176576$ & $0.166128$ & $1$ & $0.714248$ & $0.723055$ & $0.218126$ & $0.158948$ & $0.151689$ & $-0.0849228$ & $0.674785$ & $0.779585$ & $-0.066406$ & $-0.16379$ & $0.048665$ & $0.00748163$ & $-0.0406593$ & $-0.0231605$ & $0.0943884$ & $-0.042669$ & $-0.269297$ & $-0.0564053$ & $0.0152273$ & $0.00377777$ & $-0.00354225$ & $0.0488436$ & $-0.000258185$ & $-0.0411039$ & $-0.055571$ & $0.0327292$ & $0.0411209$ & $-0.0338702$ & $0.0104698$ & $-0.0297356$ & $0.0236948$ & $0.0666768$ \\
CHL3_22 & $-0.0577609$ & $0.00738848$ & $-0.0304622$ & $-0.0139476$ & $0.0586718$ & $-0.0513853$ & $0.104888$ & $-0.457495$ & $-0.454897$ & $0.650399$ & $0.103254$ & $-0.375794$ & $0.582511$ & $-0.459537$ & $-0.0298724$ & $0.714248$ & $1$ & $0.659173$ & $-0.10577$ & $-0.0972805$ & $-0.0962129$ & $0.00673904$ & $0.619542$ & $0.802104$ & $0.0722688$ & $0.0145545$ & $-0.0290863$ & $-0.00487898$ & $-0.0831502$ & $-0.0576916$ & $0.0966374$ & $-0.0868682$ & $0.0349199$ & $-0.0425297$ & $-0.0036661$ & $0.000577277$ & $0.00354131$ & $0.0451233$ & $0.00668312$ & $-0.0461874$ & $-0.00497505$ & $0.0139388$ & $0.0243271$ & $-0.04105$ & $0.0227632$ & $-0.0118554$ & $0.0367557$ & $0.0368502$ \\
CHL3_33 & $-0.0255695$ & $0.00610638$ & $0.0147795$ & $-0.0258907$ & $0.0306858$ & $-0.0491422$ & $0.124057$ & $-0.447434$ & $-0.438007$ & $0.647085$ & $0.0935602$ & $-0.380063$ & $0.570116$ & $-0.0383617$ & $-0.444856$ & $0.723055$ & $0.659173$ & $1$ & $-0.0959046$ & $-0.0855861$ & $-0.0853181$ & $0.00675107$ & $0.605019$ & $0.785783$ & $0.0565333$ & $0.00394115$ & $-0.0230873$ & $-0.00213293$ & $-0.0961405$ & $-0.0306911$ & $0.110144$ & $-0.0916168$ & $-0.337066$ & $-0.0529898$ & $0.00994592$ & $0.0248895$ & $-0.000881134$ & $0.0525203$ & $-0.00780028$ & $-0.00740012$ & $-0.023585$ & $0.0332786$ & $0.0381714$ & $-0.0252697$ & $0.0197766$ & $-0.00832055$ & $0.052523$ & $0.0389351$ \\
CHe_11 & $-0.0518523$ & $-0.0337917$ & $-0.0388013$ & $-0.00917535$ & $0.0237567$ & $-0.197828$ & $-0.0710853$ & $0.849524$ & $0.837953$ & $-0.250255$ & $-0.990188$ & $0.227619$ & $0.505363$ & $0.494172$ & $0.472288$ & $0.218126$ & $-0.10577$ & $-0.0959046$ & $1$ & $0.970573$ & $0.95052$ & $-0.00303019$ & $-0.259153$ & $-0.0249963$ & $-0.535459$ & $0.214885$ & $0.318692$ & $0.0255471$ & $0.138595$ & $0.0336481$ & $-0.0665007$ & $0.137238$ & $0.261176$ & $-0.0165572$ & $0.0307626$ & $0.0377082$ & $0.00640307$ & $0.0362072$ & $-0.00541748$ & $-0.061022$ & $-0.0447972$ & $-0.00341743$ & $-0.000850761$ & $0.0322665$ & $0.00881018$ & $-0.0315523$ & $-0.00925393$ & $0.0324537$ \\
CHe_22 & $-0.0474509$ & $-0.0190304$ & $-0.041233$ & $-0.00727495$ & $0.0194329$ & $-0.201453$ & $-0.0811181$ & $0.898491$ & $0.884392$ & $-0.268657$ & $-0.990384$ & $0.247245$ & $0.438618$ & $0.337535$ & $0.316641$ & $0.158948$ & $-0.0972805$ & $-0.0855861$ & $0.970573$ & $1$ & $0.974879$ & $0.0536941$ & $-0.375898$ & $-0.0421318$ & $-0.551262$ & $0.377909$ & $0.334382$ & $0.0267329$ & $0.149694$ & $0.0346668$ & $-0.0730891$ & $0.140281$ & $0.436332$ & $-0.0217266$ & $0.0487399$ & $0.0365089$ & $0.00470255$ & $0.0265775$ & $-0.00632807$ & $-0.060252$ & $-0.032512$ & $-0.0121093$ & $-0.01584$ & $0.0348448$ & $0.0229523$ & $-0.0386363$ & $-0.00706598$ & $0.0131974$ \\
CHe_33 & $-0.0436387$ & $-0.0187152$ & $-0.040458$ & $-0.00429161$ & $0.019419$ & $-0.195233$ & $-0.0782264$ & $0.88151$ & $0.867613$ & $-0.267467$ & $-0.969031$ & $0.244311$ & $0.422427$ & $0.328961$ & $0.336774$ & $0.151689$ & $-0.0962129$ & $-0.0853181$ & $0.95052$ & $0.974879$ & $1$ & $0.0482834$ & $-0.370324$ & $-0.0433159$ & $-0.538027$ & $0.370835$ & $0.327288$ & $0.0302488$ & $0.143409$ & $0.037443$ & $-0.0695749$ & $0.133465$ & $0.433047$ & $-0.0250548$ & $0.0504669$ & $0.033327$ & $-0.00518727$ & $0.025167$ & $-0.0122975$ & $-0.0679186$ & $-0.032326$ & $-0.0186785$ & $-0.0148641$ & $0.0405082$ & $0.0204939$ & $-0.043487$ & $-0.00574448$ & $0.0101181$ \\
CHQ1_11 & $0.0361062$ & $0.0222155$ & $-0.0736496$ & $-0.00590949$ & $-0.00441473$ & $-0.0471851$ & $-0.018638$ & $0.0801731$ & $0.0740673$ & $-0.0432863$ & $-0.0229075$ & $0.0386744$ & $-0.0745308$ & $-0.177337$ & $-0.177143$ & $-0.0849228$ & $0.00673904$ & $0.00675107$ & $-0.00303019$ & $0.0536941$ & $0.0482834$ & $1$ & $-0.143941$ & $0.058084$ & $-0.701571$ & $0.345564$ & $0.0357989$ & $0.0281309$ & $0.020249$ & $0.0130582$ & $-0.0157121$ & $0.00894123$ & $0.213303$ & $0.0183156$ & $0.00486745$ & $0.0137616$ & $-0.0140288$ & $0.0376264$ & $0.00718127$ & $-0.0792543$ & $0.0485342$ & $-0.0613971$ & $-0.0124289$ & $0.0121009$ & $0.0344833$ & $0.0335651$ & $0.0441933$ & $0.00831776$ \\
CHQ1_33 & $-0.0785495$ & $-0.00922296$ & $0.0123809$ & $-0.0373854$ & $0.0301276$ & $0.00419238$ & $0.124656$ & $-0.678109$ & $-0.663918$ & $0.629327$ & $0.316254$ & $-0.400377$ & $0.484171$ & $0.113771$ & $0.129869$ & $0.674785$ & $0.619542$ & $0.605019$ & $-0.259153$ & $-0.375898$ & $-0.370324$ & $-0.143941$ & $1$ & $0.648577$ & $0.212417$ & $-0.425127$ & $-0.0343892$ & $-0.0238532$ & $-0.115898$ & $-0.0577138$ & $0.103271$ & $-0.108483$ & $-0.632582$ & $-0.0167396$ & $-0.0447283$ & $0.00428198$ & $0.0061521$ & $0.0540105$ & $0.0187193$ & $-0.00929824$ & $-0.0350427$ & $0.0470876$ & $0.0655738$ & $-0.0513314$ & $-0.0162579$ & $0.00815153$ & $0.0234617$ & $0.0755663$ \\
CHQ3_11 & $-0.139703$ & $0.0129946$ & $-0.0225796$ & $-0.0243651$ & $0.0403259$ & $-0.11166$ & $0.109487$ & $-0.415789$ & $-0.408996$ & $0.633024$ & $0.0340324$ & $-0.361807$ & $0.604146$ & $-0.130382$ & $-0.103739$ & $0.779585$ & $0.802104$ & $0.785783$ & $-0.0249963$ & $-0.0421318$ & $-0.0433159$ & $0.058084$ & $0.648577$ & $1$ & $0.0493482$ & $0.192679$ & $0.00354571$ & $0.000681583$ & $-0.0650045$ & $-0.0356042$ & $0.0949668$ & $-0.0704021$ & $-0.205215$ & $-0.063239$ & $-0.00345889$ & $0.0394761$ & $0.0157929$ & $0.0754967$ & $0.00266192$ & $-0.0636826$ & $-0.0440134$ & $0.0253435$ & $0.059731$ & $-0.0522672$ & $0.0332461$ & $-0.0142271$ & $0.0478904$ & $0.046593$ \\
CHu_11 & $-0.0243983$ & $0.00654766$ & $0.0750708$ & $0.0131106$ & $-0.01285$ & $0.131877$ & $0.0477395$ & $-0.503991$ & $-0.494524$ & $0.15569$ & $0.546747$ & $-0.137177$ & $-0.234323$ & $-0.191409$ & $-0.16811$ & $-0.066406$ & $0.0722688$ & $0.0565333$ & $-0.535459$ & $-0.551262$ & $-0.538027$ & $-0.701571$ & $0.212417$ & $0.0493482$ & $1$ & $-0.181086$ & $-0.182619$ & $-0.0337752$ & $-0.0827732$ & $-0.0281199$ & $0.0419669$ & $-0.0803324$ & $-0.240791$ & $-0.00957083$ & $-0.0293831$ & $-0.00137201$ & $0.0206703$ & $-0.0286794$ & $-0.0131403$ & $0.0629541$ & $-0.00937113$ & $0.0404321$ & $0.0242501$ & $-0.0349211$ & $-0.0143846$ & $0.00417955$ & $-0.0302521$ & $-0.0272739$ \\
CHd_11 & $-0.0263059$ & $0.0518462$ & $-0.0512371$ & $-0.00692157$ & $-0.0150975$ & $-0.0907226$ & $-0.0667485$ & $0.422616$ & $0.410765$ & $-0.189178$ & $-0.292367$ & $0.172364$ & $-0.112379$ & $-0.418933$ & $-0.398513$ & $-0.16379$ & $0.0145545$ & $0.00394115$ & $0.214885$ & $0.377909$ & $0.370835$ & $0.345564$ & $-0.425127$ & $0.192679$ & $-0.181086$ & $1$ & $0.159187$ & $0.0173137$ & $0.08993$ & $0.0264771$ & $-0.0601429$ & $0.0554178$ & $0.701194$ & $-0.0337925$ & $0.0489704$ & $0.0556182$ & $0.00088134$ & $0.0215567$ & $-0.00802912$ & $-0.0529286$ & $0.0136516$ & $-0.034754$ & $-0.0175448$ & $-0.0120307$ & $0.0723045$ & $-0.0227711$ & $0.0224789$ & $-0.0446355$ \\
CHd_33 & $-0.0157438$ & $0.0109119$ & $-0.0325676$ & $0.00182072$ & $-0.00188793$ & $-0.0543292$ & $-0.0343599$ & $0.303157$ & $0.302585$ & $-0.0857511$ & $-0.328839$ & $0.109066$ & $0.136588$ & $0.09293$ & $0.0791056$ & $0.048665$ & $-0.0290863$ & $-0.0230873$ & $0.318692$ & $0.334382$ & $0.327288$ & $0.0357989$ & $-0.0343892$ & $0.00354571$ & $-0.182619$ & $0.159187$ & $1$ & $0.00533727$ & $0.0796024$ & $0.00967527$ & $-0.024917$ & $0.0730473$ & $0.16784$ & $-0.010544$ & $0.0145863$ & $0.00784731$ & $0.00724351$ & $0.00199582$ & $0.00497069$ & $-0.0113751$ & $-0.0143421$ & $0.00566507$ & $-0.0362057$ & $0.00499027$ & $0.00581945$ & $-0.0148636$ & $-0.000444175$ & $-0.00206287$ \\
CeH_22r & $0.0012552$ & $-0.0327374$ & $0.00701541$ & $0.0419848$ & $0.0159957$ & $-0.0325748$ & $-0.0185779$ & $0.0270034$ & $0.033016$ & $-0.0325077$ & $-0.0265548$ & $0.0499888$ & $-0.00113033$ & $0.00630755$ & $0.00611236$ & $0.00748163$ & $-0.00487898$ & $-0.00213293$ & $0.0255471$ & $0.0267329$ & $0.0302488$ & $0.0281309$ & $-0.0238532$ & $0.000681583$ & $-0.0337752$ & $0.0173137$ & $0.00533727$ & $1$ & $0.0242214$ & $0.031513$ & $-0.0287867$ & $0.0481385$ & $0.0196552$ & $-0.0435674$ & $-0.0261143$ & $-0.0224719$ & $-0.0363187$ & $-0.0157445$ & $0.0115503$ & $-0.00408838$ & $0.0242435$ & $0.00875626$ & $0.014942$ & $0.00202785$ & $0.00359351$ & $-0.0330689$ & $-0.043154$ & $0.0204323$ \\
CeH_33r & $-0.0272751$ & $-0.00315057$ & $0.00997835$ & $0.0205448$ & $0.0164769$ & $-0.0566722$ & $-0.148436$ & $0.171212$ & $0.186727$ & $-0.351224$ & $-0.144937$ & $0.228447$ & $-0.00996315$ & $0.0439433$ & $0.0574158$ & $-0.0406593$ & $-0.0831502$ & $-0.0961405$ & $0.138595$ & $0.149694$ & $0.143409$ & $0.020249$ & $-0.115898$ & $-0.0650045$ & $-0.0827732$ & $0.08993$ & $0.0796024$ & $0.0242214$ & $1$ & $0.327398$ & $-0.000342236$ & $0.665549$ & $0.108194$ & $-0.0604644$ & $-0.00592185$ & $-0.136687$ & $-0.0156088$ & $-0.0226905$ & $-0.0196492$ & $0.0217136$ & $0.00793688$ & $0.0204131$ & $0.0507609$ & $0.00784698$ & $-0.012184$ & $-0.0452912$ & $-0.0424839$ & $-0.0154149$ \\
CuH_22r & $0.032787$ & $0.00707835$ & $-0.00858569$ & $-0.0392987$ & $0.0208609$ & $-0.0269862$ & $-0.0702262$ & $0.0524209$ & $0.0635409$ & $-0.114314$ & $-0.0353325$ & $0.105116$ & $-0.0305657$ & $0.0339864$ & $-0.00261024$ & $-0.0231605$ & $-0.0576916$ & $-0.0306911$ & $0.0336481$ & $0.0346668$ & $0.037443$ & $0.0130582$ & $-0.0577138$ & $-0.0356042$ & $-0.0281199$ & $0.0264771$ & $0.00967527$ & $0.031513$ & $0.327398$ & $1$ & $0.0213169$ & $0.369837$ & $0.0202808$ & $-0.0455992$ & $-0.00936128$ & $-0.0115763$ & $0.00663459$ & $0.0090983$ & $-0.00152992$ & $-0.0184307$ & $0.00793743$ & $-0.00992756$ & $0.0475931$ & $-0.0708295$ & $0.0796589$ & $0.189121$ & $0.044384$ & $-0.0251572$ \\
CuH_33r & $-0.00841183$ & $0.0272169$ & $0.0283788$ & $-0.000770634$ & $-0.00897056$ & $-0.0148342$ & $0.936355$ & $-0.115326$ & $-0.0713229$ & $0.115337$ & $0.0700107$ & $-0.271947$ & $0.0506593$ & $-0.012823$ & $-0.0309415$ & $0.0943884$ & $0.0966374$ & $0.110144$ & $-0.0665007$ & $-0.0730891$ & $-0.0695749$ & $-0.0157121$ & $0.103271$ & $0.0949668$ & $0.0419669$ & $-0.0601429$ & $-0.024917$ & $-0.0287867$ & $-0.000342236$ & $0.0213169$ & $1$ & $0.0017418$ & $-0.0756267$ & $0.0122524$ & $-0.000875235$ & $-0.026302$ & $0.0254341$ & $0.0210589$ & $-0.012262$ & $0.0481796$ & $-0.0489689$ & $0.00943296$ & $0.00141817$ & $-0.0183544$ & $0.0270514$ & $-0.0362352$ & $0.0166956$ & $-0.0155926$ \\
CdH_33r & $-0.00472271$ & $-0.0643097$ & $-0.0360691$ & $-0.0018501$ & $0.023453$ & $-0.0453989$ & $-0.182265$ & $0.162064$ & $0.179598$ & $-0.375272$ & $-0.140614$ & $0.303204$ & $0.00396955$ & $0.0651777$ & $0.0711448$ & $-0.042669$ & $-0.0868682$ & $-0.0916168$ & $0.137238$ & $0.140281$ & $0.133465$ & $0.00894123$ & $-0.108483$ & $-0.0704021$ & $-0.0803324$ & $0.0554178$ & $0.0730473$ & $0.0481385$ & $0.665549$ & $0.369837$ & $0.0017418$ & $1$ & $0.0747642$ & $-0.151133$ & $-0.0594113$ & $-0.0980105$ & $-0.00822754$ & $0.119323$ & $-0.0357102$ & $-0.0255992$ & $-0.0159154$ & $-0.011321$ & $0.04752$ & $0.0549949$ & $0.0510476$ & $-0.0383875$ & $0.0372047$ & $0.377999$ \\
CLL_1221 & $-0.00551847$ & $0.0578733$ & $-0.0531103$ & $0.0101777$ & $0.0040446$ & $-0.116428$ & $-0.0945064$ & $0.54816$ & $0.531443$ & $-0.313924$ & $-0.344508$ & $0.246973$ & $-0.24971$ & $-0.609599$ & $-0.140834$ & $-0.269297$ & $0.0349199$ & $-0.337066$ & $0.261176$ & $0.436332$ & $0.433047$ & $0.213303$ & $-0.632582$ & $-0.205215$ & $-0.240791$ & $0.701194$ & $0.16784$ & $0.0196552$ & $0.108194$ & $0.0202808$ & $-0.0756267$ & $0.0747642$ & $1$ & $-0.0116586$ & $0.0647652$ & $-0.00305853$ & $-0.0122438$ & $-0.0288197$ & $-0.00618612$ & $-0.0367849$ & $0.0455885$ & $-0.0465056$ & $-0.0551791$ & $0.00745263$ & $0.0623972$ & $-0.0425169$ & $-0.00715638$ & $-0.0633826$ \\
eHggint & $0.0582569$ & $0.033966$ & $0.0491202$ & $-0.00143295$ & $-0.00613712$ & $0.05565$ & $-0.0114591$ & $2.7074e-05$ & $-0.00225188$ & $-0.0403344$ & $0.0213277$ & $0.0239594$ & $-0.029333$ & $0.00555941$ & $0.0202292$ & $-0.0564053$ & $-0.0425297$ & $-0.0529898$ & $-0.0165572$ & $-0.0217266$ & $-0.0250548$ & $0.0183156$ & $-0.0167396$ & $-0.063239$ & $-0.00957083$ & $-0.0337925$ & $-0.010544$ & $-0.0435674$ & $-0.0604644$ & $-0.0455992$ & $0.0122524$ & $-0.151133$ & $-0.0116586$ & $1$ & $-0.0685733$ & $0.155821$ & $0.0354006$ & $-0.0937929$ & $0.0969243$ & $0.0886218$ & $-0.0197412$ & $0.146917$ & $-0.175102$ & $0.129166$ & $-0.0291445$ & $0.131018$ & $-0.0252369$ & $-0.180789$ \\
eHggpar & $0.014571$ & $0.135084$ & $0.0967392$ & $0.0458587$ & $-0.00125065$ & $-0.0616113$ & $-0.0346193$ & $0.0415712$ & $0.0221367$ & $-0.0108681$ & $-0.0368367$ & $0.0112346$ & $-0.0136301$ & $-0.0194116$ & $-0.0293324$ & $0.0152273$ & $-0.0036661$ & $0.00994592$ & $0.0307626$ & $0.0487399$ & $0.0504669$ & $0.00486745$ & $-0.0447283$ & $-0.00345889$ & $-0.0293831$ & $0.0489704$ & $0.0145863$ & $-0.0261143$ & $-0.00592185$ & $-0.00936128$ & $-0.000875235$ & $-0.0594113$ & $0.0647652$ & $-0.0685733$ & $1$ & $0.0105003$ & $0.0165898$ & $-0.0944439$ & $0.0453637$ & $-0.0974654$ & $-0.0409798$ & $-0.0694362$ & $-0.114289$ & $-0.229908$ & $0.0288556$ & $-0.180862$ & $0.0757075$ & $-0.15076$ \\
eHWWint & $-0.0466146$ & $0.0451979$ & $-0.10028$ & $-0.130028$ & $-0.0337909$ & $0.00870939$ & $0.00933938$ & $0.0272553$ & $0.0294698$ & $-0.00352825$ & $-0.037893$ & $0.0109796$ & $0.0417993$ & $0.0210174$ & $-0.012496$ & $0.00377777$ & $0.000577277$ & $0.0248895$ & $0.0377082$ & $0.0365089$ & $0.033327$ & $0.0137616$ & $0.00428198$ & $0.0394761$ & $-0.00137201$ & $0.0556182$ & $0.00784731$ & $-0.0224719$ & $-0.136687$ & $-0.0115763$ & $-0.026302$ & $-0.0980105$ & $-0.00305853$ & $0.155821$ & $0.0105003$ & $1$ & $0.016769$ & $0.18361$ & $0.00393675$ & $-0.114884$ & $-0.0132723$ & $0.0987498$ & $-0.0818841$ & $0.130923$ & $0.0957315$ & $0.22744$ & $0.0806765$ & $0.189423$ \\
eHWWpar & $-0.055111$ & $0.0142374$ & $-0.0356524$ & $0.0158335$ & $-0.014052$ & $0.0173025$ & $0.0277186$ & $0.000637294$ & $0.00944069$ & $0.000184469$ & $-0.00477079$ & $0.0253762$ & $0.0258637$ & $0.0091696$ & $0.00931919$ & $-0.00354225$ & $0.00354131$ & $-0.000881134$ & $0.00640307$ & $0.00470255$ & $-0.00518727$ & $-0.0140288$ & $0.0061521$ & $0.0157929$ & $0.0206703$ & $0.00088134$ & $0.00724351$ & $-0.0363187$ & $-0.0156088$ & $0.00663459$ & $0.0254341$ & $-0.00822754$ & $-0.0122438$ & $0.0354006$ & $0.0165898$ & $0.016769$ & $1$ & $0.0252356$ & $0.00344758$ & $0.0260837$ & $-0.0199501$ & $0.0116131$ & $-4.46232e-05$ & $-0.0596119$ & $-0.003549$ & $0.0939631$ & $-0.0348944$ & $0.00344967$ \\
eHZZint & $-0.0890638$ & $0.074863$ & $-0.0680783$ & $-0.0507488$ & $-0.00432466$ & $-0.00192189$ & $0.0267223$ & $-0.00342375$ & $-0.000437073$ & $0.0286006$ & $-0.0315171$ & $0.00931232$ & $0.0770585$ & $0.0266455$ & $0.0133664$ & $0.0488436$ & $0.0451233$ & $0.0525203$ & $0.0362072$ & $0.0265775$ & $0.025167$ & $0.0376264$ & $0.0540105$ & $0.0754967$ & $-0.0286794$ & $0.0215567$ & $0.00199582$ & $-0.0157445$ & $-0.0226905$ & $0.0090983$ & $0.0210589$ & $0.119323$ & $-0.0288197$ & $-0.0937929$ & $-0.0944439$ & $0.18361$ & $0.0252356$ & $1$ & $-0.0241404$ & $-0.170631$ & $0.0077371$ & $0.0698131$ & $-0.176185$ & $0.00386972$ & $0.0638804$ & $0.133391$ & $0.257742$ & $0.317975$ \\
eHZZpar & $0.016584$ & $0.0302491$ & $-0.0517483$ & $-0.00411593$ & $0.0382616$ & $-0.0122469$ & $-0.0118307$ & $-0.00945127$ & $-0.0187704$ & $-0.00577948$ & $0.0073413$ & $-0.0131447$ & $0.00747902$ & $-0.00242672$ & $0.0122005$ & $-0.000258185$ & $0.00668312$ & $-0.00780028$ & $-0.00541748$ & $-0.00632807$ & $-0.0122975$ & $0.00718127$ & $0.0187193$ & $0.00266192$ & $-0.0131403$ & $-0.00802912$ & $0.00497069$ & $0.0115503$ & $-0.0196492$ & $-0.00152992$ & $-0.012262$ & $-0.0357102$ & $-0.00618612$ & $0.0969243$ & $0.0453637$ & $0.00393675$ & $0.00344758$ & $-0.0241404$ & $1$ & $-0.00811459$ & $-0.0675246$ & $0.0103695$ & $-0.0824773$ & $-0.03354$ & $-0.0814687$ & $-0.0146116$ & $0.00915678$ & $-0.0300557$ \\
eHZgaint & $0.17771$ & $0.0383367$ & $0.239783$ & $-0.0411175$ & $-0.030322$ & $0.0513695$ & $0.0415402$ & $-0.0390994$ & $-0.023809$ & $-0.0475693$ & $0.0609192$ & $-0.00251254$ & $-0.0521889$ & $0.00646797$ & $-0.0444039$ & $-0.0411039$ & $-0.0461874$ & $-0.00740012$ & $-0.061022$ & $-0.060252$ & $-0.0679186$ & $-0.0792543$ & $-0.00929824$ & $-0.0636826$ & $0.0629541$ & $-0.0529286$ & $-0.0113751$ & $-0.00408838$ & $0.0217136$ & $-0.0184307$ & $0.0481796$ & $-0.0255992$ & $-0.0367849$ & $0.0886218$ & $-0.0974654$ & $-0.114884$ & $0.0260837$ & $-0.170631$ & $-0.00811459$ & $1$ & $0.047165$ & $0.166401$ & $0.0458479$ & $0.043269$ & $-0.0475437$ & $-0.256777$ & $-0.267215$ & $-0.124132$ \\
eHZgapar & $0.0154314$ & $0.0384021$ & $0.0904404$ & $-0.0552095$ & $-0.0336164$ & $0.0156871$ & $-0.0479118$ & $-0.0126256$ & $-0.0149955$ & $-0.0223076$ & $0.041258$ & $0.00688866$ & $-0.0475491$ & $-0.0692049$ & $-0.0432249$ & $-0.055571$ & $-0.00497505$ & $-0.023585$ & $-0.0447972$ & $-0.032512$ & $-0.032326$ & $0.0485342$ & $-0.0350427$ & $-0.0440134$ & $-0.00937113$ & $0.0136516$ & $-0.0143421$ & $0.0242435$ & $0.00793688$ & $0.00793743$ & $-0.0489689$ & $-0.0159154$ & $0.0455885$ & $-0.0197412$ & $-0.0409798$ & $-0.0132723$ & $-0.0199501$ & $0.0077371$ & $-0.0675246$ & $0.047165$ & $1$ & $0.0764218$ & $0.00981265$ & $-0.0489032$ & $0.0416626$ & $-0.00154198$ & $-0.0372752$ & $-0.0427204$ \\
eHgagaint & $-0.0128919$ & $0.0427145$ & $0.158339$ & $0.0430993$ & $-0.00757693$ & $0.00162037$ & $0.0148856$ & $-0.0266571$ & $0.0249012$ & $0.0123365$ & $0.00842084$ & $0.0213355$ & $0.0310525$ & $0.030331$ & $0.00231726$ & $0.0327292$ & $0.0139388$ & $0.0332786$ & $-0.00341743$ & $-0.0121093$ & $-0.0186785$ & $-0.0613971$ & $0.0470876$ & $0.0253435$ & $0.0404321$ & $-0.034754$ & $0.00566507$ & $0.00875626$ & $0.0204131$ & $-0.00992756$ & $0.00943296$ & $-0.011321$ & $-0.0465056$ & $0.146917$ & $-0.0694362$ & $0.0987498$ & $0.0116131$ & $0.0698131$ & $0.0103695$ & $0.166401$ & $0.0764218$ & $1$ & $0.0929819$ & $-0.0629819$ & $-0.193752$ & $-0.0271895$ & $-0.205675$ & $0.000604959$ \\
eHmumuint & $-0.229538$ & $-0.182486$ & $0.101599$ & $-0.0597566$ & $0.021817$ & $-0.0135097$ & $0.00187911$ & $-0.0274732$ & $-0.0118294$ & $0.0135788$ & $0.00761184$ & $0.00211394$ & $0.0257123$ & $0.0304725$ & $0.013863$ & $0.0411209$ & $0.0243271$ & $0.0381714$ & $-0.000850761$ & $-0.01584$ & $-0.0148641$ & $-0.0124289$ & $0.0655738$ & $0.059731$ & $0.0242501$ & $-0.0175448$ & $-0.0362057$ & $0.014942$ & $0.0507609$ & $0.0475931$ & $0.00141817$ & $0.04752$ & $-0.0551791$ & $-0.175102$ & $-0.114289$ & $-0.0818841$ & $-4.46232e-05$ & $-0.176185$ & $-0.0824773$ & $0.0458479$ & $0.00981265$ & $0.0929819$ & $1$ & $-0.142995$ & $0.107173$ & $0.0521777$ & $-0.183974$ & $0.0429982$ \\
eHtautauint & $0.0395315$ & $-0.0767152$ & $0.0425753$ & $-0.00329452$ & $-0.0112821$ & $0.0204113$ & $-0.0140171$ & $0.0481854$ & $0.0480394$ & $-0.0185231$ & $-0.0363056$ & $0.0214399$ & $0.00116439$ & $0.0260741$ & $0.0129586$ & $-0.0338702$ & $-0.04105$ & $-0.0252697$ & $0.0322665$ & $0.0348448$ & $0.0405082$ & $0.0121009$ & $-0.0513314$ & $-0.0522672$ & $-0.0349211$ & $-0.0120307$ & $0.00499027$ & $0.00202785$ & $0.00784698$ & $-0.0708295$ & $-0.0183544$ & $0.0549949$ & $0.00745263$ & $0.129166$ & $-0.229908$ & $0.130923$ & $-0.0596119$ & $0.00386972$ & $-0.03354$ & $0.043269$ & $-0.0489032$ & $-0.0629819$ & $-0.142995$ & $1$ & $-0.0834057$ & $-0.0984981$ & $-0.0105568$ & $0.205476$ \\
eHccint & $-0.0902795$ & $0.260325$ & $-0.0497935$ & $-0.130797$ & $-0.011209$ & $-0.026524$ & $0.0309362$ & $0.00996396$ & $0.00385827$ & $-0.013613$ & $-0.00943057$ & $-0.0261876$ & $-0.0107161$ & $-0.0465999$ & $-0.0426973$ & $0.0104698$ & $0.0227632$ & $0.0197766$ & $0.00881018$ & $0.0229523$ & $0.0204939$ & $0.0344833$ & $-0.0162579$ & $0.0332461$ & $-0.0143846$ & $0.0723045$ & $0.00581945$ & $0.00359351$ & $-0.012184$ & $0.0796589$ & $0.0270514$ & $0.0510476$ & $0.0623972$ & $-0.0291445$ & $0.0288556$ & $0.0957315$ & $-0.003549$ & $0.0638804$ & $-0.0814687$ & $-0.0475437$ & $0.0416626$ & $-0.193752$ & $0.107173$ & $-0.0834057$ & $1$ & $0.0625381$ & $0.0158952$ & $0.166205$ \\
eHccpar & $0.062166$ & $-0.15446$ & $-0.126353$ & $-0.221405$ & $-0.00264478$ & $0.0332534$ & $-0.0246381$ & $-0.0252022$ & $-0.0301744$ & $0.0079156$ & $0.0307371$ & $-0.0156344$ & $-0.000900061$ & $0.00710019$ & $-0.00237214$ & $-0.0297356$ & $-0.0118554$ & $-0.00832055$ & $-0.0315523$ & $-0.0386363$ & $-0.043487$ & $0.0335651$ & $0.00815153$ & $-0.0142271$ & $0.00417955$ & $-0.0227711$ & $-0.0148636$ & $-0.0330689$ & $-0.0452912$ & $0.189121$ & $-0.0362352$ & $-0.0383875$ & $-0.0425169$ & $0.131018$ & $-0.180862$ & $0.22744$ & $0.0939631$ & $0.133391$ & $-0.0146116$ & $-0.256777$ & $-0.00154198$ & $-0.0271895$ & $0.0521777$ & $-0.0984981$ & $0.0625381$ & $1$ & $0.198152$ & $-0.00675202$ \\
eHbbint & $-0.00895672$ & $0.0271914$ & $-0.141248$ & $-0.118107$ & $0.0272068$ & $0.0188018$ & $0.0191942$ & $-0.0234607$ & $-0.0403952$ & $0.0381633$ & $0.00862418$ & $-0.0286682$ & $0.0250444$ & $-0.0179455$ & $-0.0407727$ & $0.0236948$ & $0.0367557$ & $0.052523$ & $-0.00925393$ & $-0.00706598$ & $-0.00574448$ & $0.0441933$ & $0.0234617$ & $0.0478904$ & $-0.0302521$ & $0.0224789$ & $-0.000444175$ & $-0.043154$ & $-0.0424839$ & $0.044384$ & $0.0166956$ & $0.0372047$ & $-0.00715638$ & $-0.0252369$ & $0.0757075$ & $0.0806765$ & $-0.0348944$ & $0.257742$ & $0.00915678$ & $-0.267215$ & $-0.0372752$ & $-0.205675$ & $-0.183974$ & $-0.0105568$ & $0.0158952$ & $0.198152$ & $1$ & $-0.0541459$ \\
eHbbpar & $-0.00364532$ & $-0.118363$ & $-0.131878$ & $-0.0334341$ & $-0.00048512$ & $-0.018652$ & $-0.0113626$ & $-0.0130497$ & $-0.00817568$ & $0.0393465$ & $-0.0259954$ & $0.0147687$ & $0.0664792$ & $0.05736$ & $0.0562639$ & $0.0666768$ & $0.0368502$ & $0.0389351$ & $0.0324537$ & $0.0131974$ & $0.0101181$ & $0.00831776$ & $0.0755663$ & $0.046593$ & $-0.0272739$ & $-0.0446355$ & $-0.00206287$ & $0.0204323$ & $-0.0154149$ & $-0.0251572$ & $-0.0155926$ & $0.377999$ & $-0.0633826$ & $-0.180789$ & $-0.15076$ & $0.189423$ & $0.00344967$ & $0.317975$ & $-0.0300557$ & $-0.124132$ & $-0.0427204$ & $0.000604959$ & $0.0429982$ & $0.205476$ & $0.166205$ & $-0.00675202$ & $-0.0541459$ & $1$ \\
