 & AlsMz & dAle5Mz & mtop & mHl & Mz & CW & CHG & CHWB & CHWHB_gaga & CHWHB_gagaorth & CHD & CHbox & CH & CHL1_11 & CHL1_22 & CHL1_33 & CHL3_11 & CHL3_22 & CHL3_33 & CHe_11 & CHe_22 & CHe_33 & CHQ1_11 & CHQ1_33 & CHQ3_11 & CHu_11 & CHd_11 & CHd_33 & CeH_22r & CeH_33r & CuH_22r & CuH_33r & CdH_33r & CLL_1221 & eHggint & eHggpar & eHWWint & eHWWpar & eHZZint & eHZZpar & eHZgaint & eHZgapar & eHgagaint & eHmumuint & eHtautauint & eHccint & eHccpar & eHbbint & eHbbpar \\
AlsMz & $1$ & $-0.0195211$ & $-0.0212394$ & $0.0274175$ & $0.00370798$ & $-0.00642767$ & $-0.00703914$ & $0.00610278$ & $0.00722972$ & $0.00303912$ & $-0.0210105$ & $-0.00785101$ & $-0.00469165$ & $0.00567945$ & $-0.00864574$ & $-0.000665042$ & $0.00534549$ & $0.0086074$ & $0.00370176$ & $0.00348713$ & $0.000281266$ & $-0.00310443$ & $-0.00711415$ & $-0.032256$ & $-0.102051$ & $-0.0102585$ & $-0.014235$ & $0.00782864$ & $0.00231469$ & $-0.0037171$ & $-0.00332495$ & $-0.00712142$ & $0.00762034$ & $0.00397517$ & $-0.00152561$ & $0.0249899$ & $-0.00465945$ & $0.0141241$ & $0.0316044$ & $0.0148564$ & $0.00324646$ & $0.000171451$ & $0.0379581$ & $-0.0214477$ & $-0.0414917$ & $-0.00127703$ & $0.0034423$ & $0.0215632$ & $0.0168456$ \\
dAle5Mz & $-0.0195211$ & $1$ & $-0.00546933$ & $0.0112476$ & $0.00875742$ & $0.0286647$ & $0.00563914$ & $-0.208014$ & $-0.203435$ & $0.0602956$ & $0.190275$ & $-0.0296127$ & $-0.0374494$ & $-0.0368202$ & $-0.0107293$ & $-0.00914425$ & $0.0780046$ & $0.000783152$ & $0.00442332$ & $-0.195781$ & $-0.0169804$ & $-0.0115382$ & $0.00280277$ & $0.0055812$ & $0.0154864$ & $0.00212044$ & $0.00584771$ & $-0.0105944$ & $0.000163268$ & $0.0023265$ & $-0.00730335$ & $0.00310496$ & $-0.0120349$ & $0.10404$ & $-0.0427331$ & $0.00839516$ & $0.00244778$ & $-0.00845416$ & $-0.0146732$ & $-0.00436242$ & $-0.0137201$ & $0.01585$ & $-0.0246175$ & $-0.00811799$ & $0.0545352$ & $-0.0194296$ & $-0.00814094$ & $0.0156764$ & $-0.0438541$ \\
mtop & $-0.0212394$ & $-0.00546933$ & $1$ & $-0.0342004$ & $0.0154959$ & $-0.00605121$ & $-0.000306685$ & $0.00288458$ & $0.0047932$ & $-0.00271523$ & $0.0116816$ & $0.00599482$ & $0.00434228$ & $-0.00468037$ & $-0.00686333$ & $-0.00328458$ & $-0.00391568$ & $-0.00134964$ & $0.00853947$ & $0.000949046$ & $-0.00212327$ & $0.002604$ & $0.00590141$ & $0.00351055$ & $0.0036029$ & $-0.00645772$ & $0.00476106$ & $0.0069906$ & $-0.00890924$ & $0.0126961$ & $0.00671191$ & $-6.81558e-05$ & $0.022205$ & $0.00103922$ & $-0.025945$ & $0.0380319$ & $-0.0391633$ & $0.0139346$ & $-0.0123371$ & $0.0187843$ & $0.0120574$ & $-0.0125001$ & $0.0104117$ & $0.0353595$ & $-0.00912383$ & $0.0608811$ & $-0.0196008$ & $-0.0471476$ & $0.0374618$ \\
mHl & $0.0274175$ & $0.0112476$ & $-0.0342004$ & $1$ & $0.00359999$ & $0.00293192$ & $0.00170558$ & $-0.00696577$ & $-0.0111968$ & $0.00179194$ & $0.00420692$ & $-0.00540812$ & $-0.00206422$ & $0.00630848$ & $-0.00161302$ & $-0.00534795$ & $-0.00195291$ & $0.00391802$ & $0.00200265$ & $-0.00947861$ & $0.000339677$ & $-0.00431616$ & $0.000739729$ & $0.00371647$ & $0.000396136$ & $0.00732916$ & $0.0038205$ & $0.0038247$ & $-0.000145739$ & $-0.0108114$ & $-0.00188315$ & $0.0038443$ & $0.0255831$ & $-0.000374633$ & $0.00698412$ & $0.0123116$ & $0.0377322$ & $-0.000579604$ & $0.036305$ & $0.0035853$ & $0.0473298$ & $0.0162735$ & $-0.0429912$ & $-0.0177864$ & $-0.0664415$ & $-0.0532558$ & $0.00923234$ & $0.0298021$ & $0.0488529$ \\
Mz & $0.00370798$ & $0.00875742$ & $0.0154959$ & $0.00359999$ & $1$ & $-0.00286762$ & $-0.00607337$ & $-0.00430297$ & $-0.0074453$ & $-0.00524297$ & $0.093676$ & $0.012355$ & $0.0104468$ & $-0.00456223$ & $-0.00113261$ & $0.0026216$ & $-0.00999065$ & $-0.0041427$ & $-0.00571759$ & $0.00721741$ & $0.00144203$ & $0.0046437$ & $-0.000368808$ & $-0.00296954$ & $-0.00936091$ & $-0.000305278$ & $-9.64027e-05$ & $-0.00473362$ & $-0.000863023$ & $-0.000963649$ & $-0.00153793$ & $-0.00483452$ & $-0.00355192$ & $-0.00425702$ & $-0.00240588$ & $-0.00392598$ & $0.00799722$ & $-0.00640386$ & $-0.00922291$ & $-0.00523838$ & $0.0111557$ & $0.000799365$ & $-0.00771302$ & $0.00379495$ & $0.00204307$ & $0.00457211$ & $0.000705647$ & $-0.00214335$ & $-0.0019023$ \\
CW & $-0.00642767$ & $0.0286647$ & $-0.00605121$ & $0.00293192$ & $-0.00286762$ & $1$ & $0.00378772$ & $-0.116864$ & $-0.114918$ & $0.0334601$ & $0.105498$ & $0.0143033$ & $-0.0246083$ & $0.107135$ & $0.017855$ & $0.0227364$ & $-0.0510629$ & $0.0132729$ & $0.0110292$ & $-0.100126$ & $-0.0515896$ & $-0.0480985$ & $-0.0097246$ & $0.0444413$ & $0.01112$ & $0.00760235$ & $-0.0518722$ & $-0.00356189$ & $0.0049549$ & $-0.00545831$ & $0.00596772$ & $0.00606977$ & $-0.00325252$ & $-0.0936751$ & $0.00392514$ & $-0.00282718$ & $-0.00251203$ & $-0.004501$ & $-0.0065347$ & $0.000579748$ & $-0.00229932$ & $0.00101242$ & $-0.00602368$ & $0.00556157$ & $0.00127627$ & $-0.00375129$ & $0.00378749$ & $-0.00453125$ & $-0.00589735$ \\
CHG & $-0.00703914$ & $0.00563914$ & $-0.000306685$ & $0.00170558$ & $-0.00607337$ & $0.00378772$ & $1$ & $-0.0299039$ & $0.0341504$ & $0.0249639$ & $0.020291$ & $-0.100887$ & $-0.146764$ & $0.0244136$ & $0.00796097$ & $0.00257331$ & $0.0310589$ & $0.0155676$ & $0.015118$ & $-0.0198517$ & $-0.0142205$ & $-0.00505802$ & $0.00084974$ & $0.0185553$ & $0.0229273$ & $0.00681699$ & $-0.00503688$ & $-0.00412011$ & $0.0168403$ & $-0.0683878$ & $-0.0486882$ & $0.938709$ & $-0.0921632$ & $-0.0162549$ & $-0.030134$ & $-0.0251619$ & $0.028462$ & $0.00844149$ & $-0.00552437$ & $-0.0107243$ & $-0.0107665$ & $-0.00120114$ & $0.00390376$ & $-0.00747692$ & $-3.26601e-07$ & $-0.00866903$ & $-0.00214507$ & $-0.00825456$ & $-0.0121202$ \\
CHWB & $0.00610278$ & $-0.208014$ & $0.00288458$ & $-0.00696577$ & $-0.00430297$ & $-0.116864$ & $-0.0299039$ & $1$ & $0.97649$ & $-0.323553$ & $-0.877263$ & $-0.220398$ & $0.147082$ & $-0.0993447$ & $-0.0900452$ & $-0.0785198$ & $-0.376457$ & $-0.212233$ & $-0.216488$ & $0.759811$ & $0.371645$ & $0.348232$ & $0.0364109$ & $-0.373097$ & $-0.256867$ & $-0.079749$ & $0.273116$ & $0.0654808$ & $-0.00515078$ & $0.0104962$ & $0.00860366$ & $-0.0434516$ & $0.00430398$ & $0.615349$ & $-0.0065485$ & $-0.00847773$ & $0.00184761$ & $0.00865668$ & $0.00959141$ & $0.0046992$ & $0.00134249$ & $-0.000184955$ & $0.0169222$ & $0.00320422$ & $-0.00939238$ & $0.0104556$ & $0.00670614$ & $-0.00925076$ & $0.0097398$ \\
CHWHB_gaga & $0.00722972$ & $-0.203435$ & $0.0047932$ & $-0.0111968$ & $-0.0074453$ & $-0.114918$ & $0.0341504$ & $0.97649$ & $1$ & $-0.322371$ & $-0.856973$ & $-0.200379$ & $0.140178$ & $-0.104192$ & $-0.0877619$ & $-0.0763547$ & $-0.373335$ & $-0.207915$ & $-0.21273$ & $0.749929$ & $0.362881$ & $0.340691$ & $0.0357635$ & $-0.365059$ & $-0.250771$ & $-0.077392$ & $0.2673$ & $0.0639973$ & $0.00365498$ & $0.0375684$ & $0.0192575$ & $0.00996493$ & $0.0315921$ & $0.599642$ & $-0.0335419$ & $-0.01446$ & $-0.0123812$ & $0.00245014$ & $-0.000371842$ & $0.00159385$ & $-0.00652708$ & $-0.00185179$ & $0.0991754$ & $0.00303601$ & $-0.00865817$ & $0.0108734$ & $0.00227959$ & $-0.0101361$ & $0.0071138$ \\
CHWHB_gagaorth & $0.00303912$ & $0.0602956$ & $-0.00271523$ & $0.00179194$ & $-0.00524297$ & $0.0334601$ & $0.0249639$ & $-0.323553$ & $-0.322371$ & $1$ & $0.036232$ & $0.144961$ & $-0.224695$ & $0.770859$ & $0.0909129$ & $0.0867893$ & $0.819001$ & $0.272731$ & $0.275996$ & $-0.0518522$ & $-0.043729$ & $-0.042906$ & $-0.0462124$ & $0.270882$ & $0.334064$ & $0.0191523$ & $-0.148013$ & $-0.0111067$ & $-0.00546974$ & $-0.0893563$ & $-0.0397612$ & $0.039471$ & $-0.0660546$ & $-0.2133$ & $0.0376743$ & $0.0171621$ & $-0.000557612$ & $-0.00604826$ & $0.000761124$ & $-0.00287508$ & $-0.0221711$ & $-0.00118245$ & $-0.0157103$ & $-0.00619246$ & $0.00110162$ & $0.000892876$ & $-0.00101091$ & $2.30002e-05$ & $-0.000686071$ \\
CHD & $-0.0210105$ & $0.190275$ & $0.0116816$ & $0.00420692$ & $0.093676$ & $0.105498$ & $0.020291$ & $-0.877263$ & $-0.856973$ & $0.036232$ & $1$ & $0.177717$ & $-0.0721196$ & $-0.178124$ & $0.0395033$ & $0.0310524$ & $0.0833618$ & $0.113965$ & $0.116371$ & $-0.777395$ & $-0.367686$ & $-0.344572$ & $-0.0191139$ & $0.262966$ & $0.136885$ & $0.0798763$ & $-0.204429$ & $-0.0671794$ & $0.00712539$ & $0.00383091$ & $-0.00217638$ & $0.0282539$ & $0.00708003$ & $-0.462701$ & $-0.00196398$ & $0.00429909$ & $0.000550279$ & $-0.00940553$ & $-0.0130283$ & $-0.00490465$ & $0.00401551$ & $0.00012388$ & $-0.0142895$ & $-0.000177204$ & $0.00628438$ & $-0.0133512$ & $-0.006138$ & $0.00961636$ & $-0.00621081$ \\
CHbox & $-0.00785101$ & $-0.0296127$ & $0.00599482$ & $-0.00540812$ & $0.012355$ & $0.0143033$ & $-0.100887$ & $-0.220398$ & $-0.200379$ & $0.144961$ & $0.177717$ & $1$ & $0.651866$ & $-0.0695457$ & $0.034509$ & $0.0274199$ & $0.021597$ & $0.0299696$ & $0.0326785$ & $0.0279086$ & $-0.0650235$ & $-0.0677111$ & $-0.0130211$ & $0.0768806$ & $0.0425756$ & $0.014873$ & $-0.0653965$ & $-0.0121592$ & $0.03427$ & $0.224859$ & $0.0783008$ & $-0.0376096$ & $0.325155$ & $-0.195459$ & $0.0731889$ & $0.0356528$ & $-0.0162467$ & $-0.0111967$ & $-0.0135064$ & $0.000488991$ & $-0.00130724$ & $0.00337615$ & $-0.0102282$ & $-0.00164093$ & $-0.0145394$ & $0.00662594$ & $-0.00608311$ & $0.00393411$ & $0.00384818$ \\
CH & $-0.00469165$ & $-0.0374494$ & $0.00434228$ & $-0.00206422$ & $0.0104468$ & $-0.0246083$ & $-0.146764$ & $0.147082$ & $0.140178$ & $-0.224695$ & $-0.0721196$ & $0.651866$ & $1$ & $-0.224523$ & $-0.0228418$ & $-0.0261764$ & $-0.240119$ & $-0.088138$ & $-0.085577$ & $0.133837$ & $0.0455966$ & $0.036206$ & $0.00295778$ & $-0.0965643$ & $-0.104509$ & $-0.0039805$ & $0.0511531$ & $0.00723795$ & $0.0169025$ & $0.110427$ & $0.0612044$ & $-0.139289$ & $0.165763$ & $0.078433$ & $0.000207951$ & $0.00334611$ & $-0.00522973$ & $-0.00301634$ & $-0.00106007$ & $0.0061917$ & $0.0033898$ & $0.00473217$ & $0.00171397$ & $0.000719008$ & $-0.0069777$ & $0.00161682$ & $-0.00389517$ & $0.00445549$ & $0.00456099$ \\
CHL1_11 & $0.00567945$ & $-0.0368202$ & $-0.00468037$ & $0.00630848$ & $-0.00456223$ & $0.107135$ & $0.0244136$ & $-0.0993447$ & $-0.104192$ & $0.770859$ & $-0.178124$ & $-0.0695457$ & $-0.224523$ & $1$ & $0.0906739$ & $0.0893896$ & $0.637661$ & $0.22501$ & $0.228215$ & $0.0697627$ & $0.0355022$ & $0.0323167$ & $-0.0387314$ & $0.21236$ & $0.266223$ & $-0.0040883$ & $-0.121896$ & $0.00350645$ & $-0.010468$ & $-0.0554207$ & $-0.0315818$ & $0.0243129$ & $-0.0696362$ & $-0.12728$ & $0.0182905$ & $0.00541244$ & $-0.00120212$ & $-0.00570104$ & $0.0119712$ & $-0.00556856$ & $-0.013725$ & $0.00242463$ & $-0.00530028$ & $-0.00159726$ & $-0.00135451$ & $0.00472431$ & $0.00296676$ & $-0.00375569$ & $0.00318317$ \\
CHL1_22 & $-0.00864574$ & $-0.0107293$ & $-0.00686333$ & $-0.00161302$ & $-0.00113261$ & $0.017855$ & $0.00796097$ & $-0.0900452$ & $-0.0877619$ & $0.0909129$ & $0.0395033$ & $0.034509$ & $-0.0228418$ & $0.0906739$ & $1$ & $0.344342$ & $0.0770348$ & $-0.632806$ & $-0.224582$ & $-0.0250148$ & $-0.265426$ & $-0.193875$ & $-0.103652$ & $0.273547$ & $-0.311884$ & $0.0293546$ & $-0.527715$ & $-0.0352953$ & $0.00256369$ & $-0.00193536$ & $0.00279507$ & $0.0141259$ & $0.00362495$ & $-0.589867$ & $0.00272441$ & $0.00260475$ & $-0.00844631$ & $0.00148437$ & $-0.000546735$ & $0.00367706$ & $-0.0108777$ & $-0.00462728$ & $0.00740175$ & $-0.000845961$ & $0.00345046$ & $0.00510115$ & $0.00223665$ & $-0.00608872$ & $0.00123541$ \\
CHL1_33 & $-0.000665042$ & $-0.00914425$ & $-0.00328458$ & $-0.00534795$ & $0.0026216$ & $0.0227364$ & $0.00257331$ & $-0.0785198$ & $-0.0763547$ & $0.0867893$ & $0.0310524$ & $0.0274199$ & $-0.0261764$ & $0.0893896$ & $0.344342$ & $1$ & $0.0728704$ & $-0.224929$ & $-0.61421$ & $-0.0191209$ & $-0.188161$ & $-0.294828$ & $-0.0942366$ & $0.263971$ & $-0.304331$ & $0.0249923$ & $-0.505833$ & $-0.0277475$ & $0.000365055$ & $0.000582918$ & $0.00273525$ & $0.00826854$ & $0.00583288$ & $-0.272012$ & $-0.00416475$ & $0.00727266$ & $-0.00898097$ & $-0.000788273$ & $0.00161605$ & $0.00882697$ & $-0.00645345$ & $-0.00384659$ & $0.00539431$ & $-0.000614151$ & $0.000724375$ & $-0.00249347$ & $0.00167358$ & $-0.00028413$ & $0.00326513$ \\
CHL3_11 & $0.00534549$ & $0.0780046$ & $-0.00391568$ & $-0.00195291$ & $-0.00999065$ & $-0.0510629$ & $0.0310589$ & $-0.376457$ & $-0.373335$ & $0.819001$ & $0.0833618$ & $0.021597$ & $-0.240119$ & $0.637661$ & $0.0770348$ & $0.0728704$ & $1$ & $0.305833$ & $0.311887$ & $-0.133266$ & $-0.0573795$ & $-0.057941$ & $-0.0377714$ & $0.288701$ & $0.380074$ & $0.0229872$ & $-0.134072$ & $-0.0151848$ & $-0.00688553$ & $-0.054251$ & $-0.0338629$ & $0.0353563$ & $-0.0700738$ & $-0.195969$ & $0.0220485$ & $0.00953622$ & $-0.000876011$ & $-0.00607692$ & $0.00164933$ & $5.02135e-05$ & $-0.0167653$ & $-0.000581801$ & $-0.0121974$ & $-0.00318056$ & $0.00838364$ & $-0.0022164$ & $-0.00221137$ & $0.000935901$ & $-0.00234892$ \\
CHL3_22 & $0.0086074$ & $0.000783152$ & $-0.00134964$ & $0.00391802$ & $-0.0041427$ & $0.0132729$ & $0.0155676$ & $-0.212233$ & $-0.207915$ & $0.272731$ & $0.113965$ & $0.0299696$ & $-0.088138$ & $0.22501$ & $-0.632806$ & $-0.224929$ & $0.305833$ & $1$ & $0.416403$ & $-0.111836$ & $0.0248245$ & $0.0297403$ & $0.0742505$ & $0.0267971$ & $0.593315$ & $0.00377011$ & $0.336749$ & $0.00300435$ & $-0.00342114$ & $-0.0263033$ & $-0.0183812$ & $0.0146379$ & $-0.0297325$ & $0.528382$ & $0.0055773$ & $0.0023474$ & $0.00685036$ & $0.000433159$ & $-0.00705599$ & $-0.0053802$ & $-0.00217146$ & $0.00344357$ & $-0.00557178$ & $-0.00369484$ & $-0.00195694$ & $-0.00636373$ & $-0.00252586$ & $0.00363305$ & $-0.00272366$ \\
CHL3_33 & $0.00370176$ & $0.00442332$ & $0.00853947$ & $0.00200265$ & $-0.00571759$ & $0.0110292$ & $0.015118$ & $-0.216488$ & $-0.21273$ & $0.275996$ & $0.116371$ & $0.0326785$ & $-0.085577$ & $0.228215$ & $-0.224582$ & $-0.61421$ & $0.311887$ & $0.416403$ & $1$ & $-0.116899$ & $0.0205496$ & $0.0275678$ & $0.0674421$ & $0.0298341$ & $0.592003$ & $0.00558068$ & $0.328177$ & $-0.0038196$ & $-0.00156519$ & $-0.0259083$ & $-0.016997$ & $0.0130527$ & $-0.0277146$ & $0.0870231$ & $0.00839444$ & $0.00138196$ & $0.00875604$ & $-0.00445803$ & $-0.0035209$ & $-0.0115898$ & $-0.00247989$ & $0.00204641$ & $-0.00664722$ & $-0.00216132$ & $-0.00365246$ & $0.00138183$ & $-0.00720313$ & $-0.00420796$ & $0.00294362$ \\
CHe_11 & $0.00348713$ & $-0.195781$ & $0.000949046$ & $-0.00947861$ & $0.00721741$ & $-0.100126$ & $-0.0198517$ & $0.759811$ & $0.749929$ & $-0.0518522$ & $-0.777395$ & $0.0279086$ & $0.133837$ & $0.0697627$ & $-0.0250148$ & $-0.0191209$ & $-0.133266$ & $-0.111836$ & $-0.116899$ & $1$ & $0.338641$ & $0.317979$ & $0.0175207$ & $-0.239284$ & $-0.131174$ & $-0.0744341$ & $0.184693$ & $0.0596607$ & $-0.00241254$ & $-0.014795$ & $0.003543$ & $-0.018736$ & $0.0108994$ & $0.388855$ & $0.00875202$ & $0.0012852$ & $0.00047802$ & $0.00877497$ & $0.00546193$ & $0.00325538$ & $-0.00609911$ & $-0.00219366$ & $0.0249238$ & $0.00327392$ & $-0.0126278$ & $0.010911$ & $0.00312022$ & $-0.01125$ & $0.00468098$ \\
CHe_22 & $0.000281266$ & $-0.0169804$ & $-0.00212327$ & $0.000339677$ & $0.00144203$ & $-0.0515896$ & $-0.0142205$ & $0.371645$ & $0.362881$ & $-0.043729$ & $-0.367686$ & $-0.0650235$ & $0.0455966$ & $0.0355022$ & $-0.265426$ & $-0.188161$ & $-0.0573795$ & $0.0248245$ & $0.0205496$ & $0.338641$ & $1$ & $0.271548$ & $0.0457848$ & $-0.279708$ & $-0.0026066$ & $-0.0539812$ & $0.327244$ & $0.0557945$ & $-0.00727886$ & $-0.00115507$ & $-0.00100592$ & $-0.0180759$ & $-0.00333739$ & $0.288274$ & $0.00543693$ & $-0.00468065$ & $0.0075693$ & $0.00154787$ & $0.0081243$ & $-0.00148959$ & $-0.00252982$ & $0.00140547$ & $0.00622909$ & $-0.0029764$ & $-0.00350934$ & $0.00532864$ & $0.00111074$ & $-0.00841042$ & $-0.00201704$ \\
CHe_33 & $-0.00310443$ & $-0.0115382$ & $0.002604$ & $-0.00431616$ & $0.0046437$ & $-0.0480985$ & $-0.00505802$ & $0.348232$ & $0.340691$ & $-0.042906$ & $-0.344572$ & $-0.0677111$ & $0.036206$ & $0.0323167$ & $-0.193875$ & $-0.294828$ & $-0.057941$ & $0.0297403$ & $0.0275678$ & $0.317979$ & $0.271548$ & $1$ & $0.0448403$ & $-0.265877$ & $0.00194689$ & $-0.055094$ & $0.309302$ & $0.0465914$ & $-0.00531781$ & $0.0042005$ & $0.00218671$ & $-0.0103577$ & $-0.00664655$ & $0.274919$ & $-0.00286609$ & $-0.0134325$ & $0.00187539$ & $0.00289554$ & $0.00743213$ & $0.000744361$ & $0.000447471$ & $-0.00214307$ & $-0.000673306$ & $-0.00411917$ & $0.0050616$ & $0.00723633$ & $0.00175147$ & $-0.00661486$ & $-0.00518286$ \\
CHQ1_11 & $-0.00711415$ & $0.00280277$ & $0.00590141$ & $0.000739729$ & $-0.000368808$ & $-0.0097246$ & $0.00084974$ & $0.0364109$ & $0.0357635$ & $-0.0462124$ & $-0.0191139$ & $-0.0130211$ & $0.00295778$ & $-0.0387314$ & $-0.103652$ & $-0.0942366$ & $-0.0377714$ & $0.0742505$ & $0.0674421$ & $0.0175207$ & $0.0457848$ & $0.0448403$ & $1$ & $-0.0738598$ & $0.116048$ & $-0.592282$ & $0.248424$ & $0.00770172$ & $0.000875108$ & $0.0139238$ & $0.00319691$ & $0.00269054$ & $0.00326585$ & $0.0979296$ & $0.00289643$ & $-0.00604777$ & $-0.00593297$ & $0.00391309$ & $-0.000300217$ & $-0.00407758$ & $0.00053894$ & $0.00290242$ & $0.00300509$ & $-0.00266954$ & $0.00134424$ & $-0.000771494$ & $0.00573353$ & $0.00814584$ & $-0.00519677$ \\
CHQ1_33 & $-0.032256$ & $0.0055812$ & $0.00351055$ & $0.00371647$ & $-0.00296954$ & $0.0444413$ & $0.0185553$ & $-0.373097$ & $-0.365059$ & $0.270882$ & $0.262966$ & $0.0768806$ & $-0.0965643$ & $0.21236$ & $0.273547$ & $0.263971$ & $0.288701$ & $0.0267971$ & $0.0298341$ & $-0.239284$ & $-0.279708$ & $-0.265877$ & $-0.0738598$ & $1$ & $0.0805771$ & $0.0514672$ & $-0.237826$ & $0.110178$ & $0.000534306$ & $-0.00805688$ & $-0.0100492$ & $0.0228956$ & $-0.00612542$ & $-0.337789$ & $0.00594496$ & $-0.000453459$ & $-0.00164318$ & $-0.00167665$ & $-0.00796263$ & $0.00552031$ & $-0.00166723$ & $0.00313079$ & $-0.00671817$ & $0.000618939$ & $0.00212699$ & $0.00035845$ & $-0.00457718$ & $0.00242266$ & $0.00769434$ \\
CHQ3_11 & $-0.102051$ & $0.0154864$ & $0.0036029$ & $0.000396136$ & $-0.00936091$ & $0.01112$ & $0.0229273$ & $-0.256867$ & $-0.250771$ & $0.334064$ & $0.136885$ & $0.0425756$ & $-0.104509$ & $0.266223$ & $-0.311884$ & $-0.304331$ & $0.380074$ & $0.593315$ & $0.592003$ & $-0.131174$ & $-0.0026066$ & $0.00194689$ & $0.116048$ & $0.0805771$ & $1$ & $0.0186986$ & $0.523954$ & $-0.00527677$ & $0.001727$ & $-0.029121$ & $-0.0218586$ & $0.0204178$ & $-0.0335074$ & $0.179944$ & $0.0091101$ & $-0.00263022$ & $0.00489318$ & $-0.00439365$ & $-0.0126832$ & $-0.00726827$ & $-0.00590205$ & $0.000787867$ & $-0.0145292$ & $-0.00309767$ & $0.00523255$ & $-0.00492148$ & $-0.00606611$ & $-0.00387662$ & $-0.00299174$ \\
CHu_11 & $-0.0102585$ & $0.00212044$ & $-0.00645772$ & $0.00732916$ & $-0.000305278$ & $0.00760235$ & $0.00681699$ & $-0.079749$ & $-0.077392$ & $0.0191523$ & $0.0798763$ & $0.014873$ & $-0.0039805$ & $-0.0040883$ & $0.0293546$ & $0.0249923$ & $0.0229872$ & $0.00377011$ & $0.00558068$ & $-0.0744341$ & $-0.0539812$ & $-0.055094$ & $-0.592282$ & $0.0514672$ & $0.0186986$ & $1$ & $0.151915$ & $-0.0129895$ & $0.00127548$ & $-0.00485872$ & $-0.00201813$ & $0.00640611$ & $0.00108749$ & $-0.0537147$ & $0.000437216$ & $0.00376033$ & $0.00487764$ & $-0.000424978$ & $-0.00220187$ & $-0.00381389$ & $0.000956599$ & $-0.00643161$ & $-0.00289891$ & $0.012289$ & $0.00112562$ & $-0.00023018$ & $-0.00574719$ & $0.000512094$ & $0.00408504$ \\
CHd_11 & $-0.014235$ & $0.00584771$ & $0.00476106$ & $0.0038205$ & $-9.64027e-05$ & $-0.0518722$ & $-0.00503688$ & $0.273116$ & $0.2673$ & $-0.148013$ & $-0.204429$ & $-0.0653965$ & $0.0511531$ & $-0.121896$ & $-0.527715$ & $-0.505833$ & $-0.134072$ & $0.336749$ & $0.328177$ & $0.184693$ & $0.327244$ & $0.309302$ & $0.248424$ & $-0.237826$ & $0.523954$ & $0.151915$ & $1$ & $0.0283466$ & $4.94727e-05$ & $0.00453774$ & $-0.00352363$ & $-0.0128938$ & $-0.00155969$ & $0.514363$ & $0.00250309$ & $-0.00737194$ & $0.00415054$ & $0.00753551$ & $-0.00459066$ & $-0.00715334$ & $0.00523743$ & $7.31276e-05$ & $-0.00373801$ & $0.00381062$ & $0.00326818$ & $-0.00316376$ & $0.000352969$ & $0.0052962$ & $0.00155971$ \\
CHd_33 & $0.00782864$ & $-0.0105944$ & $0.0069906$ & $0.0038247$ & $-0.00473362$ & $-0.00356189$ & $-0.00412011$ & $0.0654808$ & $0.0639973$ & $-0.0111067$ & $-0.0671794$ & $-0.0121592$ & $0.00723795$ & $0.00350645$ & $-0.0352953$ & $-0.0277475$ & $-0.0151848$ & $0.00300435$ & $-0.0038196$ & $0.0596607$ & $0.0557945$ & $0.0465914$ & $0.00770172$ & $0.110178$ & $-0.00527677$ & $-0.0129895$ & $0.0283466$ & $1$ & $-0.00199825$ & $-0.000186554$ & $0.000241175$ & $-0.0049898$ & $-0.000130195$ & $0.0466673$ & $0.00355796$ & $-0.00719856$ & $-0.0101263$ & $0.000731623$ & $0.00655818$ & $0.00453555$ & $-0.00142602$ & $0.00642958$ & $-0.00305868$ & $0.00210492$ & $0.00384082$ & $0.000443965$ & $0.000438276$ & $0.000679125$ & $-0.00233313$ \\
CeH_22r & $0.00231469$ & $0.000163268$ & $-0.00890924$ & $-0.000145739$ & $-0.000863023$ & $0.0049549$ & $0.0168403$ & $-0.00515078$ & $0.00365498$ & $-0.00546974$ & $0.00712539$ & $0.03427$ & $0.0169025$ & $-0.010468$ & $0.00256369$ & $0.000365055$ & $-0.00688553$ & $-0.00342114$ & $-0.00156519$ & $-0.00241254$ & $-0.00727886$ & $-0.00531781$ & $0.000875108$ & $0.000534306$ & $0.001727$ & $0.00127548$ & $4.94727e-05$ & $-0.00199825$ & $1$ & $0.0329626$ & $0.0165737$ & $-0.000293686$ & $0.0373861$ & $-0.00513094$ & $-0.0424508$ & $-0.0138317$ & $-0.0252443$ & $-0.00817862$ & $-0.00437708$ & $-0.0112814$ & $-0.00571584$ & $0.000876865$ & $0.00211773$ & $0.00861078$ & $0.00531758$ & $0.0090954$ & $0.00189034$ & $-0.00245352$ & $0.00070707$ \\
CeH_33r & $-0.0037171$ & $0.0023265$ & $0.0126961$ & $-0.0108114$ & $-0.000963649$ & $-0.00545831$ & $-0.0683878$ & $0.0104962$ & $0.0375684$ & $-0.0893563$ & $0.00383091$ & $0.224859$ & $0.110427$ & $-0.0554207$ & $-0.00193536$ & $0.000582918$ & $-0.054251$ & $-0.0263033$ & $-0.0259083$ & $-0.014795$ & $-0.00115507$ & $0.0042005$ & $0.0139238$ & $-0.00805688$ & $-0.029121$ & $-0.00485872$ & $0.00453774$ & $-0.000186554$ & $0.0329626$ & $1$ & $0.254906$ & $0.0487937$ & $0.544602$ & $0.000573201$ & $-0.0586303$ & $-0.0280101$ & $-0.204847$ & $-0.0988081$ & $-0.0281399$ & $-0.0171891$ & $0.00418743$ & $-0.00428016$ & $0.00188012$ & $0.00580751$ & $0.0774881$ & $0.00197712$ & $-0.00968771$ & $-0.000962553$ & $0.00668024$ \\
CuH_22r & $-0.00332495$ & $-0.00730335$ & $0.00671191$ & $-0.00188315$ & $-0.00153793$ & $0.00596772$ & $-0.0486882$ & $0.00860366$ & $0.0192575$ & $-0.0397612$ & $-0.00217638$ & $0.0783008$ & $0.0612044$ & $-0.0315818$ & $0.00279507$ & $0.00273525$ & $-0.0338629$ & $-0.0183812$ & $-0.016997$ & $0.003543$ & $-0.00100592$ & $0.00218671$ & $0.00319691$ & $-0.0100492$ & $-0.0218586$ & $-0.00201813$ & $-0.00352363$ & $0.000241175$ & $0.0165737$ & $0.254906$ & $1$ & $0.0267585$ & $0.290881$ & $-0.00485761$ & $-0.0208537$ & $-0.0117443$ & $-0.115134$ & $-0.0447567$ & $0.00955476$ & $-0.00590408$ & $0.0137107$ & $0.00308832$ & $-0.0190014$ & $-0.00104318$ & $-0.00543723$ & $0.0953424$ & $0.400074$ & $-0.00755607$ & $-0.0024315$ \\
CuH_33r & $-0.00712142$ & $0.00310496$ & $-6.81558e-05$ & $0.0038443$ & $-0.00483452$ & $0.00606977$ & $0.938709$ & $-0.0434516$ & $0.00996493$ & $0.039471$ & $0.0282539$ & $-0.0376096$ & $-0.139289$ & $0.0243129$ & $0.0141259$ & $0.00826854$ & $0.0353563$ & $0.0146379$ & $0.0130527$ & $-0.018736$ & $-0.0180759$ & $-0.0103577$ & $0.00269054$ & $0.0228956$ & $0.0204178$ & $0.00640611$ & $-0.0128938$ & $-0.0049898$ & $-0.000293686$ & $0.0487937$ & $0.0267585$ & $1$ & $0.0648135$ & $-0.0317738$ & $0.0639027$ & $0.0174281$ & $-0.0119319$ & $-0.0102297$ & $0.00332944$ & $-0.00159068$ & $-0.00284372$ & $0.00122728$ & $-0.00100605$ & $-0.00703734$ & $-0.00508712$ & $-0.00775996$ & $0.00161064$ & $-0.00421483$ & $-0.000164851$ \\
CdH_33r & $0.00762034$ & $-0.0120349$ & $0.022205$ & $0.0255831$ & $-0.00355192$ & $-0.00325252$ & $-0.0921632$ & $0.00430398$ & $0.0315921$ & $-0.0660546$ & $0.00708003$ & $0.325155$ & $0.165763$ & $-0.0696362$ & $0.00362495$ & $0.00583288$ & $-0.0700738$ & $-0.0297325$ & $-0.0277146$ & $0.0108994$ & $-0.00333739$ & $-0.00664655$ & $0.00326585$ & $-0.00612542$ & $-0.0335074$ & $0.00108749$ & $-0.00155969$ & $-0.000130195$ & $0.0373861$ & $0.544602$ & $0.290881$ & $0.0648135$ & $1$ & $-0.0146823$ & $-0.0403798$ & $0.00441705$ & $-0.244768$ & $-0.105725$ & $-0.0354099$ & $-0.000100048$ & $0.0151226$ & $-0.0141761$ & $-0.0170082$ & $0.00990681$ & $0.0364298$ & $-0.00667232$ & $-0.0139277$ & $0.167447$ & $0.535393$ \\
CLL_1221 & $0.00397517$ & $0.10404$ & $0.00103922$ & $-0.000374633$ & $-0.00425702$ & $-0.0936751$ & $-0.0162549$ & $0.615349$ & $0.599642$ & $-0.2133$ & $-0.462701$ & $-0.195459$ & $0.078433$ & $-0.12728$ & $-0.589867$ & $-0.272012$ & $-0.195969$ & $0.528382$ & $0.0870231$ & $0.388855$ & $0.288274$ & $0.274919$ & $0.0979296$ & $-0.337789$ & $0.179944$ & $-0.0537147$ & $0.514363$ & $0.0466673$ & $-0.00513094$ & $0.000573201$ & $-0.00485761$ & $-0.0317738$ & $-0.0146823$ & $1$ & $-0.0174932$ & $-0.00446621$ & $0.00901823$ & $0.00504703$ & $-0.00362287$ & $-0.000383789$ & $-0.000304346$ & $0.00627031$ & $0.00310342$ & $-0.00136412$ & $0.00542886$ & $-0.00431217$ & $0.000768469$ & $0.00130193$ & $-0.00423821$ \\
eHggint & $-0.00152561$ & $-0.0427331$ & $-0.025945$ & $0.00698412$ & $-0.00240588$ & $0.00392514$ & $-0.030134$ & $-0.0065485$ & $-0.0335419$ & $0.0376743$ & $-0.00196398$ & $0.0731889$ & $0.000207951$ & $0.0182905$ & $0.00272441$ & $-0.00416475$ & $0.0220485$ & $0.0055773$ & $0.00839444$ & $0.00875202$ & $0.00543693$ & $-0.00286609$ & $0.00289643$ & $0.00594496$ & $0.0091101$ & $0.000437216$ & $0.00250309$ & $0.00355796$ & $-0.0424508$ & $-0.0586303$ & $-0.0208537$ & $0.0639027$ & $-0.0403798$ & $-0.0174932$ & $1$ & $-0.0877481$ & $0.0541705$ & $0.0213945$ & $0.0233356$ & $0.0133859$ & $0.0513924$ & $0.0103359$ & $-0.0427585$ & $-0.0234818$ & $-0.0400787$ & $0.00886647$ & $-0.00169211$ & $-0.00639105$ & $0.0132878$ \\
eHggpar & $0.0249899$ & $0.00839516$ & $0.0380319$ & $0.0123116$ & $-0.00392598$ & $-0.00282718$ & $-0.0251619$ & $-0.00847773$ & $-0.01446$ & $0.0171621$ & $0.00429909$ & $0.0356528$ & $0.00334611$ & $0.00541244$ & $0.00260475$ & $0.00727266$ & $0.00953622$ & $0.0023474$ & $0.00138196$ & $0.0012852$ & $-0.00468065$ & $-0.0134325$ & $-0.00604777$ & $-0.000453459$ & $-0.00263022$ & $0.00376033$ & $-0.00737194$ & $-0.00719856$ & $-0.0138317$ & $-0.0280101$ & $-0.0117443$ & $0.0174281$ & $0.00441705$ & $-0.00446621$ & $-0.0877481$ & $1$ & $-0.005915$ & $0.00456364$ & $-0.01135$ & $0.0233261$ & $-0.0199893$ & $0.0105154$ & $0.0578031$ & $0.0379968$ & $-0.00783872$ & $0.00560318$ & $0.00377619$ & $0.0386557$ & $0.0351058$ \\
eHWWint & $-0.00465945$ & $0.00244778$ & $-0.0391633$ & $0.0377322$ & $0.00799722$ & $-0.00251203$ & $0.028462$ & $0.00184761$ & $-0.0123812$ & $-0.000557612$ & $0.000550279$ & $-0.0162467$ & $-0.00522973$ & $-0.00120212$ & $-0.00844631$ & $-0.00898097$ & $-0.000876011$ & $0.00685036$ & $0.00875604$ & $0.00047802$ & $0.0075693$ & $0.00187539$ & $-0.00593297$ & $-0.00164318$ & $0.00489318$ & $0.00487764$ & $0.00415054$ & $-0.0101263$ & $-0.0252443$ & $-0.204847$ & $-0.115134$ & $-0.0119319$ & $-0.244768$ & $0.00901823$ & $0.0541705$ & $-0.005915$ & $1$ & $-0.00921464$ & $0.037029$ & $0.00944966$ & $-0.0202288$ & $0.021754$ & $0.00436601$ & $-0.0273232$ & $0.0317644$ & $-0.00755273$ & $-0.0102614$ & $0.00258958$ & $-0.0247858$ \\
eHWWpar & $0.0141241$ & $-0.00845416$ & $0.0139346$ & $-0.000579604$ & $-0.00640386$ & $-0.004501$ & $0.00844149$ & $0.00865668$ & $0.00245014$ & $-0.00604826$ & $-0.00940553$ & $-0.0111967$ & $-0.00301634$ & $-0.00570104$ & $0.00148437$ & $-0.000788273$ & $-0.00607692$ & $0.000433159$ & $-0.00445803$ & $0.00877497$ & $0.00154787$ & $0.00289554$ & $0.00391309$ & $-0.00167665$ & $-0.00439365$ & $-0.000424978$ & $0.00753551$ & $0.000731623$ & $-0.00817862$ & $-0.0988081$ & $-0.0447567$ & $-0.0102297$ & $-0.105725$ & $0.00504703$ & $0.0213945$ & $0.00456364$ & $-0.00921464$ & $1$ & $0.00669075$ & $0.0114792$ & $-0.00305255$ & $0.00165477$ & $0.0132527$ & $0.000648258$ & $-0.00756956$ & $0.0230489$ & $0.0112916$ & $-0.00104896$ & $0.00999979$ \\
eHZZint & $0.0316044$ & $-0.0146732$ & $-0.0123371$ & $0.036305$ & $-0.00922291$ & $-0.0065347$ & $-0.00552437$ & $0.00959141$ & $-0.000371842$ & $0.000761124$ & $-0.0130283$ & $-0.0135064$ & $-0.00106007$ & $0.0119712$ & $-0.000546735$ & $0.00161605$ & $0.00164933$ & $-0.00705599$ & $-0.0035209$ & $0.00546193$ & $0.0081243$ & $0.00743213$ & $-0.000300217$ & $-0.00796263$ & $-0.0126832$ & $-0.00220187$ & $-0.00459066$ & $0.00655818$ & $-0.00437708$ & $-0.0281399$ & $0.00955476$ & $0.00332944$ & $-0.0354099$ & $-0.00362287$ & $0.0233356$ & $-0.01135$ & $0.037029$ & $0.00669075$ & $1$ & $0.0115787$ & $-0.0404448$ & $-0.00327892$ & $-0.0493325$ & $-0.0190875$ & $-0.019214$ & $0.0148795$ & $0.0395148$ & $0.0560947$ & $-0.0278041$ \\
eHZZpar & $0.0148564$ & $-0.00436242$ & $0.0187843$ & $0.0035853$ & $-0.00523838$ & $0.000579748$ & $-0.0107243$ & $0.0046992$ & $0.00159385$ & $-0.00287508$ & $-0.00490465$ & $0.000488991$ & $0.0061917$ & $-0.00556856$ & $0.00367706$ & $0.00882697$ & $5.02135e-05$ & $-0.0053802$ & $-0.0115898$ & $0.00325538$ & $-0.00148959$ & $0.000744361$ & $-0.00407758$ & $0.00552031$ & $-0.00726827$ & $-0.00381389$ & $-0.00715334$ & $0.00453555$ & $-0.0112814$ & $-0.0171891$ & $-0.00590408$ & $-0.00159068$ & $-0.000100048$ & $-0.000383789$ & $0.0133859$ & $0.0233261$ & $0.00944966$ & $0.0114792$ & $0.0115787$ & $1$ & $0.0241708$ & $-0.0137816$ & $-3.94239e-05$ & $-0.0139713$ & $-0.0125964$ & $0.00748611$ & $0.014052$ & $-0.0132872$ & $0.0285787$ \\
eHZgaint & $0.00324646$ & $-0.0137201$ & $0.0120574$ & $0.0473298$ & $0.0111557$ & $-0.00229932$ & $-0.0107665$ & $0.00134249$ & $-0.00652708$ & $-0.0221711$ & $0.00401551$ & $-0.00130724$ & $0.0033898$ & $-0.013725$ & $-0.0108777$ & $-0.00645345$ & $-0.0167653$ & $-0.00217146$ & $-0.00247989$ & $-0.00609911$ & $-0.00252982$ & $0.000447471$ & $0.00053894$ & $-0.00166723$ & $-0.00590205$ & $0.000956599$ & $0.00523743$ & $-0.00142602$ & $-0.00571584$ & $0.00418743$ & $0.0137107$ & $-0.00284372$ & $0.0151226$ & $-0.000304346$ & $0.0513924$ & $-0.0199893$ & $-0.0202288$ & $-0.00305255$ & $-0.0404448$ & $0.0241708$ & $1$ & $-0.00601469$ & $-0.0648105$ & $0.0743889$ & $0.0541152$ & $0.0241039$ & $0.0146994$ & $0.0475516$ & $0.00332233$ \\
eHZgapar & $0.000171451$ & $0.01585$ & $-0.0125001$ & $0.0162735$ & $0.000799365$ & $0.00101242$ & $-0.00120114$ & $-0.000184955$ & $-0.00185179$ & $-0.00118245$ & $0.00012388$ & $0.00337615$ & $0.00473217$ & $0.00242463$ & $-0.00462728$ & $-0.00384659$ & $-0.000581801$ & $0.00344357$ & $0.00204641$ & $-0.00219366$ & $0.00140547$ & $-0.00214307$ & $0.00290242$ & $0.00313079$ & $0.000787867$ & $-0.00643161$ & $7.31276e-05$ & $0.00642958$ & $0.000876865$ & $-0.00428016$ & $0.00308832$ & $0.00122728$ & $-0.0141761$ & $0.00627031$ & $0.0103359$ & $0.0105154$ & $0.021754$ & $0.00165477$ & $-0.00327892$ & $-0.0137816$ & $-0.00601469$ & $1$ & $-0.00490148$ & $-0.0418091$ & $-0.0194406$ & $-0.00526666$ & $0.0170466$ & $0.00235285$ & $-0.0222267$ \\
eHgagaint & $0.0379581$ & $-0.0246175$ & $0.0104117$ & $-0.0429912$ & $-0.00771302$ & $-0.00602368$ & $0.00390376$ & $0.0169222$ & $0.0991754$ & $-0.0157103$ & $-0.0142895$ & $-0.0102282$ & $0.00171397$ & $-0.00530028$ & $0.00740175$ & $0.00539431$ & $-0.0121974$ & $-0.00557178$ & $-0.00664722$ & $0.0249238$ & $0.00622909$ & $-0.000673306$ & $0.00300509$ & $-0.00671817$ & $-0.0145292$ & $-0.00289891$ & $-0.00373801$ & $-0.00305868$ & $0.00211773$ & $0.00188012$ & $-0.0190014$ & $-0.00100605$ & $-0.0170082$ & $0.00310342$ & $-0.0427585$ & $0.0578031$ & $0.00436601$ & $0.0132527$ & $-0.0493325$ & $-3.94239e-05$ & $-0.0648105$ & $-0.00490148$ & $1$ & $0.00168032$ & $0.0188356$ & $0.0269922$ & $-0.0353839$ & $-0.0174371$ & $-0.0237014$ \\
eHmumuint & $-0.0214477$ & $-0.00811799$ & $0.0353595$ & $-0.0177864$ & $0.00379495$ & $0.00556157$ & $-0.00747692$ & $0.00320422$ & $0.00303601$ & $-0.00619246$ & $-0.000177204$ & $-0.00164093$ & $0.000719008$ & $-0.00159726$ & $-0.000845961$ & $-0.000614151$ & $-0.00318056$ & $-0.00369484$ & $-0.00216132$ & $0.00327392$ & $-0.0029764$ & $-0.00411917$ & $-0.00266954$ & $0.000618939$ & $-0.00309767$ & $0.012289$ & $0.00381062$ & $0.00210492$ & $0.00861078$ & $0.00580751$ & $-0.00104318$ & $-0.00703734$ & $0.00990681$ & $-0.00136412$ & $-0.0234818$ & $0.0379968$ & $-0.0273232$ & $0.000648258$ & $-0.0190875$ & $-0.0139713$ & $0.0743889$ & $-0.0418091$ & $0.00168032$ & $1$ & $0.0121904$ & $0.0120988$ & $-0.00666674$ & $-0.069983$ & $0.0333281$ \\
eHtautauint & $-0.0414917$ & $0.0545352$ & $-0.00912383$ & $-0.0664415$ & $0.00204307$ & $0.00127627$ & $-3.26601e-07$ & $-0.00939238$ & $-0.00865817$ & $0.00110162$ & $0.00628438$ & $-0.0145394$ & $-0.0069777$ & $-0.00135451$ & $0.00345046$ & $0.000724375$ & $0.00838364$ & $-0.00195694$ & $-0.00365246$ & $-0.0126278$ & $-0.00350934$ & $0.0050616$ & $0.00134424$ & $0.00212699$ & $0.00523255$ & $0.00112562$ & $0.00326818$ & $0.00384082$ & $0.00531758$ & $0.0774881$ & $-0.00543723$ & $-0.00508712$ & $0.0364298$ & $0.00542886$ & $-0.0400787$ & $-0.00783872$ & $0.0317644$ & $-0.00756956$ & $-0.019214$ & $-0.0125964$ & $0.0541152$ & $-0.0194406$ & $0.0188356$ & $0.0121904$ & $1$ & $0.0122581$ & $-0.0172206$ & $0.0278228$ & $0.0629482$ \\
eHccint & $-0.00127703$ & $-0.0194296$ & $0.0608811$ & $-0.0532558$ & $0.00457211$ & $-0.00375129$ & $-0.00866903$ & $0.0104556$ & $0.0108734$ & $0.000892876$ & $-0.0133512$ & $0.00662594$ & $0.00161682$ & $0.00472431$ & $0.00510115$ & $-0.00249347$ & $-0.0022164$ & $-0.00636373$ & $0.00138183$ & $0.010911$ & $0.00532864$ & $0.00723633$ & $-0.000771494$ & $0.00035845$ & $-0.00492148$ & $-0.00023018$ & $-0.00316376$ & $0.000443965$ & $0.0090954$ & $0.00197712$ & $0.0953424$ & $-0.00775996$ & $-0.00667232$ & $-0.00431217$ & $0.00886647$ & $0.00560318$ & $-0.00755273$ & $0.0230489$ & $0.0148795$ & $0.00748611$ & $0.0241039$ & $-0.00526666$ & $0.0269922$ & $0.0120988$ & $0.0122581$ & $1$ & $0.0430547$ & $-0.0780111$ & $0.00790193$ \\
eHccpar & $0.0034423$ & $-0.00814094$ & $-0.0196008$ & $0.00923234$ & $0.000705647$ & $0.00378749$ & $-0.00214507$ & $0.00670614$ & $0.00227959$ & $-0.00101091$ & $-0.006138$ & $-0.00608311$ & $-0.00389517$ & $0.00296676$ & $0.00223665$ & $0.00167358$ & $-0.00221137$ & $-0.00252586$ & $-0.00720313$ & $0.00312022$ & $0.00111074$ & $0.00175147$ & $0.00573353$ & $-0.00457718$ & $-0.00606611$ & $-0.00574719$ & $0.000352969$ & $0.000438276$ & $0.00189034$ & $-0.00968771$ & $0.400074$ & $0.00161064$ & $-0.0139277$ & $0.000768469$ & $-0.00169211$ & $0.00377619$ & $-0.0102614$ & $0.0112916$ & $0.0395148$ & $0.014052$ & $0.0146994$ & $0.0170466$ & $-0.0353839$ & $-0.00666674$ & $-0.0172206$ & $0.0430547$ & $1$ & $0.0167025$ & $-0.0199944$ \\
eHbbint & $0.0215632$ & $0.0156764$ & $-0.0471476$ & $0.0298021$ & $-0.00214335$ & $-0.00453125$ & $-0.00825456$ & $-0.00925076$ & $-0.0101361$ & $2.30002e-05$ & $0.00961636$ & $0.00393411$ & $0.00445549$ & $-0.00375569$ & $-0.00608872$ & $-0.00028413$ & $0.000935901$ & $0.00363305$ & $-0.00420796$ & $-0.01125$ & $-0.00841042$ & $-0.00661486$ & $0.00814584$ & $0.00242266$ & $-0.00387662$ & $0.000512094$ & $0.0052962$ & $0.000679125$ & $-0.00245352$ & $-0.000962553$ & $-0.00755607$ & $-0.00421483$ & $0.167447$ & $0.00130193$ & $-0.00639105$ & $0.0386557$ & $0.00258958$ & $-0.00104896$ & $0.0560947$ & $-0.0132872$ & $0.0475516$ & $0.00235285$ & $-0.0174371$ & $-0.069983$ & $0.0278228$ & $-0.0780111$ & $0.0167025$ & $1$ & $-0.0132279$ \\
eHbbpar & $0.0168456$ & $-0.0438541$ & $0.0374618$ & $0.0488529$ & $-0.0019023$ & $-0.00589735$ & $-0.0121202$ & $0.0097398$ & $0.0071138$ & $-0.000686071$ & $-0.00621081$ & $0.00384818$ & $0.00456099$ & $0.00318317$ & $0.00123541$ & $0.00326513$ & $-0.00234892$ & $-0.00272366$ & $0.00294362$ & $0.00468098$ & $-0.00201704$ & $-0.00518286$ & $-0.00519677$ & $0.00769434$ & $-0.00299174$ & $0.00408504$ & $0.00155971$ & $-0.00233313$ & $0.00070707$ & $0.00668024$ & $-0.0024315$ & $-0.000164851$ & $0.535393$ & $-0.00423821$ & $0.0132878$ & $0.0351058$ & $-0.0247858$ & $0.00999979$ & $-0.0278041$ & $0.0285787$ & $0.00332233$ & $-0.0222267$ & $-0.0237014$ & $0.0333281$ & $0.0629482$ & $0.00790193$ & $-0.0199944$ & $-0.0132279$ & $1$ \\
