 & AlsMz & dAle5Mz & mtop & mHl & Mz & CW & CHG & CHWB & CHWHB_gaga & CHWHB_gagaorth & CHD & CHbox & CHL1_11 & CHL1_22 & CHL1_33 & CHL3_11 & CHL3_22 & CHL3_33 & CHe_11 & CHe_22 & CHe_33 & CHQ1_11 & CHQ1_33 & CHQ3_11 & CHu_11 & CHd_11 & CHd_33 & CeH_22r & CeH_33r & CuH_22r & CuH_33r & CdH_33r & CLL_1221 & eHggpar & eHWWpar & eHZZpar & eHZgapar & eHccpar & eHbbpar \\
AlsMz & $1$ & $0.00453718$ & $-0.00316992$ & $0.00749778$ & $-3.79805e-05$ & $0.0036484$ & $0.00291669$ & $-0.0159007$ & $-0.0160387$ & $0.00778752$ & $0.00628383$ & $-0.00125967$ & $0.00677965$ & $-0.00510324$ & $-0.00294261$ & $0.00965667$ & $0.0135939$ & $0.012455$ & $-0.012357$ & $-0.00909441$ & $-0.0103354$ & $-0.0072644$ & $-0.014056$ & $-0.0553723$ & $-0.00766971$ & $-0.0167493$ & $-0.00346419$ & $-0.000515477$ & $0.00278203$ & $-0.00404537$ & $0.00388578$ & $0.00029835$ & $-0.00868459$ & $-0.00393963$ & $-0.00402171$ & $-0.010369$ & $0.0071975$ & $0.00196376$ & $0.00954242$ \\
dAle5Mz & $0.00453718$ & $1$ & $0.00629025$ & $0.00542955$ & $0.011197$ & $0.040049$ & $0.00615801$ & $-0.241025$ & $-0.238256$ & $0.105353$ & $0.24994$ & $0.089018$ & $-0.0428793$ & $-0.0268446$ & $-0.0251365$ & $0.0831627$ & $0.05263$ & $0.0531835$ & $-0.195015$ & $-0.121938$ & $-0.121854$ & $-0.00287108$ & $0.071254$ & $0.0646386$ & $0.0394348$ & $-0.040333$ & $-0.023471$ & $0.00388354$ & $0.0049647$ & $0.00190761$ & $0.0134432$ & $0.00417138$ & $0.00306209$ & $-0.00100299$ & $0.003675$ & $-0.0091184$ & $0.00277583$ & $-0.00207598$ & $0.00300355$ \\
mtop & $-0.00316992$ & $0.00629025$ & $1$ & $-0.000521673$ & $-0.00040642$ & $0.000544761$ & $0.00282979$ & $0.0200323$ & $0.019291$ & $-0.0165224$ & $0.10375$ & $-0.00988506$ & $0.000259594$ & $0.003477$ & $0.00244054$ & $-0.0153206$ & $-0.0172643$ & $-0.0113135$ & $0.021553$ & $0.0163041$ & $0.0172384$ & $0.00102316$ & $0.0245428$ & $-0.0203103$ & $-0.00748658$ & $-0.000610995$ & $0.0073356$ & $-0.000917175$ & $-0.00939872$ & $-0.00115067$ & $0.000481856$ & $-0.0079338$ & $0.0198401$ & $0.00194336$ & $-0.00103628$ & $-0.00135487$ & $0.00128041$ & $0.00597513$ & $0.00189497$ \\
mHl & $0.00749778$ & $0.00542955$ & $-0.000521673$ & $1$ & $-0.0064768$ & $-0.00456597$ & $0.000630995$ & $-0.00201381$ & $-0.00153565$ & $0.000610753$ & $0.000528446$ & $-0.000933158$ & $0.00235023$ & $-0.00450211$ & $-0.00623915$ & $-0.00139549$ & $0.000259875$ & $0.00360206$ & $-0.00116966$ & $0.000732375$ & $0.00272718$ & $-0.00379059$ & $-0.00104805$ & $-0.00381124$ & $0.000798302$ & $-0.000501596$ & $-0.00311044$ & $-0.00396361$ & $0.0016638$ & $-0.00267691$ & $0.00198015$ & $0.00403716$ & $-0.00240454$ & $-0.00557882$ & $-0.00224493$ & $-0.00691251$ & $0.000803014$ & $0.00475275$ & $0.00475436$ \\
Mz & $-3.79805e-05$ & $0.011197$ & $-0.00040642$ & $-0.0064768$ & $1$ & $-0.00568268$ & $-0.000462986$ & $0.00964258$ & $0.00908381$ & $-0.0104534$ & $0.0340683$ & $0.00598873$ & $-0.00566583$ & $0.000837327$ & $-0.00221776$ & $-0.0101009$ & $-0.00718892$ & $-0.00748928$ & $0.0151456$ & $0.0122819$ & $0.014588$ & $0.00750625$ & $-0.0105327$ & $-0.00632894$ & $-0.00257895$ & $0.0120096$ & $0.00569528$ & $-0.00109407$ & $0.0045618$ & $0.000267777$ & $-0.000387543$ & $0.004737$ & $0.00509608$ & $-0.00380254$ & $-0.00615537$ & $-0.000286555$ & $0.00179508$ & $-0.0073022$ & $0.00839329$ \\
CW & $0.0036484$ & $0.040049$ & $0.000544761$ & $-0.00456597$ & $-0.00568268$ & $1$ & $-0.00680674$ & $-0.0694412$ & $-0.0694149$ & $0.0132821$ & $0.0782824$ & $0.000290254$ & $0.210023$ & $0.0385301$ & $0.0383162$ & $-0.148091$ & $-0.0158473$ & $-0.0140117$ & $-0.0785807$ & $-0.0738994$ & $-0.0675154$ & $-0.0202099$ & $0.0501557$ & $-0.032652$ & $0.020823$ & $-0.0981872$ & $-0.0144313$ & $-0.000232436$ & $-0.000238499$ & $-0.00157925$ & $-0.00625525$ & $0.00488201$ & $-0.151279$ & $0.0014329$ & $-0.00194537$ & $0.000423548$ & $-0.00138156$ & $-0.00335722$ & $0.00511745$ \\
CHG & $0.00291669$ & $0.00615801$ & $0.00282979$ & $0.000630995$ & $-0.000462986$ & $-0.00680674$ & $1$ & $0.00428912$ & $0.0333109$ & $-0.0106829$ & $0.000606133$ & $-0.0135866$ & $-0.0149352$ & $-0.00160954$ & $-0.0036301$ & $-0.00975994$ & $-0.00894088$ & $-0.00839535$ & $0.00772666$ & $0.00406199$ & $0.00429196$ & $0.00190901$ & $-0.00876799$ & $-0.00710997$ & $-0.00308224$ & $0.00566825$ & $-0.00399023$ & $0.0329888$ & $-0.0723192$ & $-0.0476767$ & $0.900839$ & $-0.0884978$ & $0.00226791$ & $-0.00944116$ & $0.0105038$ & $-0.00534348$ & $0.00345719$ & $0.00139433$ & $-0.0101581$ \\
CHWB & $-0.0159007$ & $-0.241025$ & $0.0200323$ & $-0.00201381$ & $0.00964258$ & $-0.0694412$ & $0.00428912$ & $1$ & $0.995043$ & $-0.566146$ & $-0.88655$ & $-0.182555$ & $-0.297419$ & $-0.0214271$ & $-0.0197888$ & $-0.652102$ & $-0.554619$ & $-0.552525$ & $0.880106$ & $0.676056$ & $0.658063$ & $0.0621365$ & $-0.683984$ & $-0.606837$ & $-0.200106$ & $0.437845$ & $0.143955$ & $0.00631297$ & $0.00270195$ & $-0.00933883$ & $-0.00154283$ & $-0.0263488$ & $0.657902$ & $0.00629882$ & $-0.000905432$ & $0.00269624$ & $9.18184e-05$ & $0.00021603$ & $-0.00411638$ \\
CHWHB_gaga & $-0.0160387$ & $-0.238256$ & $0.019291$ & $-0.00153565$ & $0.00908381$ & $-0.0694149$ & $0.0333109$ & $0.995043$ & $1$ & $-0.565794$ & $-0.881405$ & $-0.164519$ & $-0.300571$ & $-0.021888$ & $-0.019759$ & $-0.65278$ & $-0.553819$ & $-0.552089$ & $0.8785$ & $0.672727$ & $0.654887$ & $0.061608$ & $-0.682415$ & $-0.6055$ & $-0.198812$ & $0.436863$ & $0.143268$ & $0.0119648$ & $0.021488$ & $-0.000389624$ & $0.0229422$ & $-0.00587557$ & $0.6533$ & $0.00276958$ & $-0.00366591$ & $0.00107913$ & $0.00049346$ & $0.000315645$ & $-0.00411285$ \\
CHWHB_gagaorth & $0.00778752$ & $0.105353$ & $-0.0165224$ & $0.000610753$ & $-0.0104534$ & $0.0132821$ & $-0.0106829$ & $-0.566146$ & $-0.565794$ & $1$ & $0.245613$ & $0.357031$ & $0.67537$ & $0.129721$ & $0.125187$ & $0.773249$ & $0.580926$ & $0.580422$ & $-0.330613$ & $-0.235697$ & $-0.235499$ & $-0.0784144$ & $0.603311$ & $0.642663$ & $0.0655708$ & $-0.344604$ & $-0.0584703$ & $-0.00851884$ & $-0.0382568$ & $-0.0167452$ & $0.016893$ & $-0.0236632$ & $-0.429941$ & $0.010567$ & $0.00304835$ & $-0.00544325$ & $-0.00317123$ & $0.00147633$ & $0.00294684$ \\
CHD & $0.00628383$ & $0.24994$ & $0.10375$ & $0.000528446$ & $0.0340683$ & $0.0782824$ & $0.000606133$ & $-0.88655$ & $-0.881405$ & $0.245613$ & $1$ & $0.142121$ & $-0.0664004$ & $-0.0647643$ & $-0.0636723$ & $0.317125$ & $0.317494$ & $0.315258$ & $-0.89307$ & $-0.697633$ & $-0.676084$ & $-0.0289689$ & $0.466327$ & $0.345091$ & $0.211988$ & $-0.319695$ & $-0.144236$ & $-0.00263123$ & $0.00427738$ & $0.010032$ & $0.00508517$ & $0.0244105$ & $-0.514793$ & $-0.00689812$ & $-0.00326543$ & $-0.00304723$ & $0.00386668$ & $0.000489208$ & $0.00432676$ \\
CHbox & $-0.00125967$ & $0.089018$ & $-0.00988506$ & $-0.000933158$ & $0.00598873$ & $0.000290254$ & $-0.0135866$ & $-0.182555$ & $-0.164519$ & $0.357031$ & $0.142121$ & $1$ & $-0.067588$ & $0.0588591$ & $0.0507232$ & $0.0159899$ & $0.0314558$ & $0.037049$ & $0.0664876$ & $-0.071734$ & $-0.0659825$ & $-0.00737133$ & $0.0842115$ & $0.0510601$ & $0.0146345$ & $-0.0787956$ & $-0.0193059$ & $0.0384888$ & $0.27421$ & $0.0554724$ & $0.135247$ & $0.245923$ & $-0.256351$ & $0.0530379$ & $-0.00074383$ & $-0.0134509$ & $0.000378807$ & $0.00138438$ & $0.00184226$ \\
CHL1_11 & $0.00677965$ & $-0.0428793$ & $0.000259594$ & $0.00235023$ & $-0.00566583$ & $0.210023$ & $-0.0149352$ & $-0.297419$ & $-0.300571$ & $0.67537$ & $-0.0664004$ & $-0.067588$ & $1$ & $0.181542$ & $0.177263$ & $0.621572$ & $0.513613$ & $0.512646$ & $-0.143002$ & $-0.0453602$ & $-0.0509014$ & $-0.0823818$ & $0.521927$ & $0.547584$ & $0.000231124$ & $-0.32689$ & $-0.0184248$ & $-0.0113975$ & $-0.0261002$ & $0.000326342$ & $-0.0282998$ & $0.00245479$ & $-0.32935$ & $-0.00296956$ & $0.00109247$ & $0.0018325$ & $-0.00487113$ & $0.000235506$ & $0.0035254$ \\
CHL1_22 & $-0.00510324$ & $-0.0268446$ & $0.003477$ & $-0.00450211$ & $0.000837327$ & $0.0385301$ & $-0.00160954$ & $-0.0214271$ & $-0.021888$ & $0.129721$ & $-0.0647643$ & $0.0588591$ & $0.181542$ & $1$ & $0.350741$ & $0.083299$ & $-0.438494$ & $-0.100071$ & $0.0656296$ & $-0.141837$ & $-0.0987726$ & $-0.107591$ & $0.232769$ & $-0.148343$ & $0.00959339$ & $-0.490254$ & $-0.0224366$ & $-0.00221211$ & $-0.00318637$ & $0.00434208$ & $0.00640674$ & $0.00337374$ & $-0.552751$ & $0.0019227$ & $0.00805916$ & $-0.00140701$ & $-0.00438186$ & $0.00203374$ & $-0.00586759$ \\
CHL1_33 & $-0.00294261$ & $-0.0251365$ & $0.00244054$ & $-0.00623915$ & $-0.00221776$ & $0.0383162$ & $-0.0036301$ & $-0.0197888$ & $-0.019759$ & $0.125187$ & $-0.0636723$ & $0.0507232$ & $0.177263$ & $0.350741$ & $1$ & $0.0833182$ & $-0.0978815$ & $-0.429284$ & $0.061479$ & $-0.0960572$ & $-0.177632$ & $-0.106898$ & $0.227518$ & $-0.146692$ & $0.00751649$ & $-0.481042$ & $-0.0186898$ & $-0.00178181$ & $0.00305489$ & $0.0019503$ & $0.00346484$ & $0.00444305$ & $-0.238048$ & $0.00611024$ & $0.00544689$ & $0.00549988$ & $-0.00167485$ & $0.00326704$ & $-0.00212453$ \\
CHL3_11 & $0.00965667$ & $0.0831627$ & $-0.0153206$ & $-0.00139549$ & $-0.0101009$ & $-0.148091$ & $-0.00975994$ & $-0.652102$ & $-0.65278$ & $0.773249$ & $0.317125$ & $0.0159899$ & $0.621572$ & $0.083299$ & $0.0833182$ & $1$ & $0.692871$ & $0.69063$ & $-0.486336$ & $-0.299159$ & $-0.297889$ & $-0.0673765$ & $0.675312$ & $0.767576$ & $0.0850258$ & $-0.335947$ & $-0.0682418$ & $-0.0130088$ & $-0.0229258$ & $0.00283526$ & $-0.0196812$ & $0.00917627$ & $-0.36469$ & $-0.00852544$ & $0.00452034$ & $0.000454162$ & $-0.00713201$ & $-0.000510976$ & $0.00121993$ \\
CHL3_22 & $0.0135939$ & $0.05263$ & $-0.0172643$ & $0.000259875$ & $-0.00718892$ & $-0.0158473$ & $-0.00894088$ & $-0.554619$ & $-0.553819$ & $0.580926$ & $0.317494$ & $0.0314558$ & $0.513613$ & $-0.438494$ & $-0.0978815$ & $0.692871$ & $1$ & $0.654316$ & $-0.429$ & $-0.23573$ & $-0.232806$ & $0.00479865$ & $0.48115$ & $0.77689$ & $0.0750179$ & $-0.0293024$ & $-0.052225$ & $-0.00808357$ & $-0.0214409$ & $-0.000785012$ & $-0.0173556$ & $0.00539466$ & $0.070267$ & $-0.00192483$ & $-0.00328668$ & $-0.000410958$ & $-0.00154797$ & $0.000523584$ & $0.00592377$ \\
CHL3_33 & $0.012455$ & $0.0531835$ & $-0.0113135$ & $0.00360206$ & $-0.00748928$ & $-0.0140117$ & $-0.00839535$ & $-0.552525$ & $-0.552089$ & $0.580422$ & $0.315258$ & $0.037049$ & $0.512646$ & $-0.100071$ & $-0.429284$ & $0.69063$ & $0.654316$ & $1$ & $-0.425023$ & $-0.231146$ & $-0.229099$ & $0.00936407$ & $0.480892$ & $0.777409$ & $0.0718419$ & $-0.0228441$ & $-0.0544019$ & $-0.0112856$ & $-0.0208766$ & $0.0022035$ & $-0.0160538$ & $0.00652863$ & $-0.240555$ & $-0.00410131$ & $4.49362e-05$ & $-0.000860751$ & $-0.00273823$ & $-0.00279001$ & $0.0026898$ \\
CHe_11 & $-0.012357$ & $-0.195015$ & $0.021553$ & $-0.00116966$ & $0.0151456$ & $-0.0785807$ & $0.00772666$ & $0.880106$ & $0.8785$ & $-0.330613$ & $-0.89307$ & $0.0664876$ & $-0.143002$ & $0.0656296$ & $0.061479$ & $-0.486336$ & $-0.429$ & $-0.425023$ & $1$ & $0.690053$ & $0.669914$ & $0.0401285$ & $-0.541946$ & $-0.460235$ & $-0.212053$ & $0.345119$ & $0.145049$ & $0.00923374$ & $0.000947052$ & $-0.0142369$ & $0.0236971$ & $-0.0302338$ & $0.462502$ & $0.0154393$ & $0.00378576$ & $-0.000405164$ & $-0.00390292$ & $0.00101508$ & $-0.00436513$ \\
CHe_22 & $-0.00909441$ & $-0.121938$ & $0.0163041$ & $0.000732375$ & $0.0122819$ & $-0.0738994$ & $0.00406199$ & $0.676056$ & $0.672727$ & $-0.235697$ & $-0.697633$ & $-0.071734$ & $-0.0453602$ & $-0.141837$ & $-0.0960572$ & $-0.299159$ & $-0.23573$ & $-0.231146$ & $0.690053$ & $1$ & $0.583416$ & $0.0548808$ & $-0.476772$ & $-0.274464$ & $-0.175597$ & $0.419316$ & $0.12658$ & $0.00826938$ & $-0.000532178$ & $-0.00729186$ & $0.00409976$ & $-0.0219786$ & $0.458248$ & $0.00459421$ & $-0.00278182$ & $-0.000506942$ & $0.00376437$ & $-0.000942668$ & $-0.0038136$ \\
CHe_33 & $-0.0103354$ & $-0.121854$ & $0.0172384$ & $0.00272718$ & $0.014588$ & $-0.0675154$ & $0.00429196$ & $0.658063$ & $0.654887$ & $-0.235499$ & $-0.676084$ & $-0.0659825$ & $-0.0509014$ & $-0.0987726$ & $-0.177632$ & $-0.297889$ & $-0.232806$ & $-0.229099$ & $0.669914$ & $0.583416$ & $1$ & $0.0531131$ & $-0.466988$ & $-0.273897$ & $-0.167018$ & $0.40925$ & $0.122034$ & $0.00861382$ & $-0.00183198$ & $-0.00947657$ & $0.0042659$ & $-0.0235932$ & $0.44563$ & $0.00723857$ & $-0.00316392$ & $-0.00262293$ & $-0.00543843$ & $-0.00372733$ & $-0.00411171$ \\
CHQ1_11 & $-0.0072644$ & $-0.00287108$ & $0.00102316$ & $-0.00379059$ & $0.00750625$ & $-0.0202099$ & $0.00190901$ & $0.0621365$ & $0.061608$ & $-0.0784144$ & $-0.0289689$ & $-0.00737133$ & $-0.0823818$ & $-0.107591$ & $-0.106898$ & $-0.0673765$ & $0.00479865$ & $0.00936407$ & $0.0401285$ & $0.0548808$ & $0.0531131$ & $1$ & $-0.100763$ & $0.0385353$ & $-0.580871$ & $0.264563$ & $0.0091166$ & $0.00113121$ & $0.00471023$ & $0.0082032$ & $0.00521681$ & $-0.000856906$ & $0.114318$ & $0.00650369$ & $-0.00224518$ & $-0.00555315$ & $-0.00192485$ & $0.00399821$ & $-0.00161497$ \\
CHQ1_33 & $-0.014056$ & $0.071254$ & $0.0245428$ & $-0.00104805$ & $-0.0105327$ & $0.0501557$ & $-0.00876799$ & $-0.683984$ & $-0.682415$ & $0.603311$ & $0.466327$ & $0.0842115$ & $0.521927$ & $0.232769$ & $0.227518$ & $0.675312$ & $0.48115$ & $0.480892$ & $-0.541946$ & $-0.476772$ & $-0.466988$ & $-0.100763$ & $1$ & $0.551277$ & $0.128434$ & $-0.443668$ & $0.00685062$ & $-0.0115743$ & $-0.0131923$ & $0.00242429$ & $-0.00987202$ & $0.0170367$ & $-0.542048$ & $0.00136668$ & $0.0048902$ & $0.00260742$ & $-0.00553874$ & $-0.00305021$ & $0.00763078$ \\
CHQ3_11 & $-0.0553723$ & $0.0646386$ & $-0.0203103$ & $-0.00381124$ & $-0.00632894$ & $-0.032652$ & $-0.00710997$ & $-0.606837$ & $-0.6055$ & $0.642663$ & $0.345091$ & $0.0510601$ & $0.547584$ & $-0.148343$ & $-0.146692$ & $0.767576$ & $0.77689$ & $0.777409$ & $-0.460235$ & $-0.274464$ & $-0.273897$ & $0.0385353$ & $0.551277$ & $1$ & $0.0873481$ & $0.0666482$ & $-0.0639048$ & $-0.0101607$ & $-0.0254198$ & $1.1099e-05$ & $-0.0154398$ & $0.00651466$ & $-0.207782$ & $-0.00309698$ & $0.00094031$ & $-9.70572e-05$ & $-0.00540594$ & $-0.00169553$ & $0.000876965$ \\
CHu_11 & $-0.00766971$ & $0.0394348$ & $-0.00748658$ & $0.000798302$ & $-0.00257895$ & $0.020823$ & $-0.00308224$ & $-0.200106$ & $-0.198812$ & $0.0655708$ & $0.211988$ & $0.0146345$ & $0.000231124$ & $0.00959339$ & $0.00751649$ & $0.0850258$ & $0.0750179$ & $0.0718419$ & $-0.212053$ & $-0.175597$ & $-0.167018$ & $-0.580871$ & $0.128434$ & $0.0873481$ & $1$ & $0.0678911$ & $-0.0342552$ & $-0.00506019$ & $-1.97189e-05$ & $0.00236659$ & $-0.0054119$ & $0.00612841$ & $-0.120642$ & $-0.000536879$ & $-0.00363497$ & $0.00164439$ & $0.0026918$ & $-0.00033932$ & $-0.000541146$ \\
CHd_11 & $-0.0167493$ & $-0.040333$ & $-0.000610995$ & $-0.000501596$ & $0.0120096$ & $-0.0981872$ & $0.00566825$ & $0.437845$ & $0.436863$ & $-0.344604$ & $-0.319695$ & $-0.0787956$ & $-0.32689$ & $-0.490254$ & $-0.481042$ & $-0.335947$ & $-0.0293024$ & $-0.0228441$ & $0.345119$ & $0.419316$ & $0.40925$ & $0.264563$ & $-0.443668$ & $0.0666482$ & $0.0678911$ & $1$ & $0.0683325$ & $0.00551795$ & $-0.000123337$ & $-0.00618163$ & $0.00107561$ & $-0.0157982$ & $0.600938$ & $0.00666897$ & $-0.00361058$ & $-0.00295857$ & $0.000764188$ & $-0.00113373$ & $-0.00110793$ \\
CHd_33 & $-0.00346419$ & $-0.023471$ & $0.0073356$ & $-0.00311044$ & $0.00569528$ & $-0.0144313$ & $-0.00399023$ & $0.143955$ & $0.143268$ & $-0.0584703$ & $-0.144236$ & $-0.0193059$ & $-0.0184248$ & $-0.0224366$ & $-0.0186898$ & $-0.0682418$ & $-0.052225$ & $-0.0544019$ & $0.145049$ & $0.12658$ & $0.122034$ & $0.0091166$ & $0.00685062$ & $-0.0639048$ & $-0.0342552$ & $0.0683325$ & $1$ & $0.00141475$ & $-0.0037244$ & $-0.00327128$ & $-0.00302924$ & $-0.00412868$ & $0.101369$ & $-0.00171427$ & $0.000618953$ & $1.18168e-05$ & $-0.00286018$ & $-0.00374117$ & $0.00310703$ \\
CeH_22r & $-0.000515477$ & $0.00388354$ & $-0.000917175$ & $-0.00396361$ & $-0.00109407$ & $-0.000232436$ & $0.0329888$ & $0.00631297$ & $0.0119648$ & $-0.00851884$ & $-0.00263123$ & $0.0384888$ & $-0.0113975$ & $-0.00221211$ & $-0.00178181$ & $-0.0130088$ & $-0.00808357$ & $-0.0112856$ & $0.00923374$ & $0.00826938$ & $0.00861382$ & $0.00113121$ & $-0.0115743$ & $-0.0101607$ & $-0.00506019$ & $0.00551795$ & $0.00141475$ & $1$ & $0.035706$ & $0.015404$ & $0.012755$ & $0.0335707$ & $0.00277265$ & $-0.0137067$ & $0.00390445$ & $0.00114513$ & $1.33223e-05$ & $-0.000332097$ & $-0.00561771$ \\
CeH_33r & $0.00278203$ & $0.0049647$ & $-0.00939872$ & $0.0016638$ & $0.0045618$ & $-0.000238499$ & $-0.0723192$ & $0.00270195$ & $0.021488$ & $-0.0382568$ & $0.00427738$ & $0.27421$ & $-0.0261002$ & $-0.00318637$ & $0.00305489$ & $-0.0229258$ & $-0.0214409$ & $-0.0208766$ & $0.000947052$ & $-0.000532178$ & $-0.00183198$ & $0.00471023$ & $-0.0131923$ & $-0.0254198$ & $-1.97189e-05$ & $-0.000123337$ & $-0.0037244$ & $0.035706$ & $1$ & $0.294666$ & $0.129694$ & $0.645223$ & $-0.00683031$ & $-0.0231045$ & $-0.0646532$ & $-0.00989698$ & $0.0024643$ & $-0.00406195$ & $0.000398942$ \\
CuH_22r & $-0.00404537$ & $0.00190761$ & $-0.00115067$ & $-0.00267691$ & $0.000267777$ & $-0.00157925$ & $-0.0476767$ & $-0.00933883$ & $-0.000389624$ & $-0.0167452$ & $0.010032$ & $0.0554724$ & $0.000326342$ & $0.00434208$ & $0.0019503$ & $0.00283526$ & $-0.000785012$ & $0.0022035$ & $-0.0142369$ & $-0.00729186$ & $-0.00947657$ & $0.0082032$ & $0.00242429$ & $1.1099e-05$ & $0.00236659$ & $-0.00618163$ & $-0.00327128$ & $0.015404$ & $0.294666$ & $1$ & $0.0746166$ & $0.339515$ & $-0.00837441$ & $-0.0075261$ & $-0.0338056$ & $-0.000751335$ & $-0.00139344$ & $0.278112$ & $-0.0033322$ \\
CuH_33r & $0.00388578$ & $0.0134432$ & $0.000481856$ & $0.00198015$ & $-0.000387543$ & $-0.00625525$ & $0.900839$ & $-0.00154283$ & $0.0229422$ & $0.016893$ & $0.00508517$ & $0.135247$ & $-0.0282998$ & $0.00640674$ & $0.00346484$ & $-0.0196812$ & $-0.0173556$ & $-0.0160538$ & $0.0236971$ & $0.00409976$ & $0.0042659$ & $0.00521681$ & $-0.00987202$ & $-0.0154398$ & $-0.0054119$ & $0.00107561$ & $-0.00302924$ & $0.012755$ & $0.129694$ & $0.0746166$ & $1$ & $0.167776$ & $-0.0172891$ & $0.0145998$ & $-0.00393145$ & $0.000788204$ & $0.00270361$ & $0.00421869$ & $-0.00268049$ \\
CdH_33r & $0.00029835$ & $0.00417138$ & $-0.0079338$ & $0.00403716$ & $0.004737$ & $0.00488201$ & $-0.0884978$ & $-0.0263488$ & $-0.00587557$ & $-0.0236632$ & $0.0244105$ & $0.245923$ & $0.00245479$ & $0.00337374$ & $0.00444305$ & $0.00917627$ & $0.00539466$ & $0.00652863$ & $-0.0302338$ & $-0.0219786$ & $-0.0235932$ & $-0.000856906$ & $0.0170367$ & $0.00651466$ & $0.00612841$ & $-0.0157982$ & $-0.00412868$ & $0.0335707$ & $0.645223$ & $0.339515$ & $0.167776$ & $1$ & $-0.0229843$ & $-0.0183605$ & $-0.0695431$ & $-0.0113065$ & $0.00146232$ & $-0.000804973$ & $0.391199$ \\
CLL_1221 & $-0.00868459$ & $0.00306209$ & $0.0198401$ & $-0.00240454$ & $0.00509608$ & $-0.151279$ & $0.00226791$ & $0.657902$ & $0.6533$ & $-0.429941$ & $-0.514793$ & $-0.256351$ & $-0.32935$ & $-0.552751$ & $-0.238048$ & $-0.36469$ & $0.070267$ & $-0.240555$ & $0.462502$ & $0.458248$ & $0.44563$ & $0.114318$ & $-0.542048$ & $-0.207782$ & $-0.120642$ & $0.600938$ & $0.101369$ & $0.00277265$ & $-0.00683031$ & $-0.00837441$ & $-0.0172891$ & $-0.0229843$ & $1$ & $0.000625038$ & $-0.00685531$ & $0.00102789$ & $0.00370884$ & $0.00021731$ & $-1.35413e-05$ \\
eHggpar & $-0.00393963$ & $-0.00100299$ & $0.00194336$ & $-0.00557882$ & $-0.00380254$ & $0.0014329$ & $-0.00944116$ & $0.00629882$ & $0.00276958$ & $0.010567$ & $-0.00689812$ & $0.0530379$ & $-0.00296956$ & $0.0019227$ & $0.00611024$ & $-0.00852544$ & $-0.00192483$ & $-0.00410131$ & $0.0154393$ & $0.00459421$ & $0.00723857$ & $0.00650369$ & $0.00136668$ & $-0.00309698$ & $-0.000536879$ & $0.00666897$ & $-0.00171427$ & $-0.0137067$ & $-0.0231045$ & $-0.0075261$ & $0.0145998$ & $-0.0183605$ & $0.000625038$ & $1$ & $0.00367592$ & $0.00579914$ & $-0.00194633$ & $0.00542819$ & $0.00119935$ \\
eHWWpar & $-0.00402171$ & $0.003675$ & $-0.00103628$ & $-0.00224493$ & $-0.00615537$ & $-0.00194537$ & $0.0105038$ & $-0.000905432$ & $-0.00366591$ & $0.00304835$ & $-0.00326543$ & $-0.00074383$ & $0.00109247$ & $0.00805916$ & $0.00544689$ & $0.00452034$ & $-0.00328668$ & $4.49362e-05$ & $0.00378576$ & $-0.00278182$ & $-0.00316392$ & $-0.00224518$ & $0.0048902$ & $0.00094031$ & $-0.00363497$ & $-0.00361058$ & $0.000618953$ & $0.00390445$ & $-0.0646532$ & $-0.0338056$ & $-0.00393145$ & $-0.0695431$ & $-0.00685531$ & $0.00367592$ & $1$ & $0.00374525$ & $-0.00283079$ & $0.000525684$ & $-0.00301413$ \\
eHZZpar & $-0.010369$ & $-0.0091184$ & $-0.00135487$ & $-0.00691251$ & $-0.000286555$ & $0.000423548$ & $-0.00534348$ & $0.00269624$ & $0.00107913$ & $-0.00544325$ & $-0.00304723$ & $-0.0134509$ & $0.0018325$ & $-0.00140701$ & $0.00549988$ & $0.000454162$ & $-0.000410958$ & $-0.000860751$ & $-0.000405164$ & $-0.000506942$ & $-0.00262293$ & $-0.00555315$ & $0.00260742$ & $-9.70572e-05$ & $0.00164439$ & $-0.00295857$ & $1.18168e-05$ & $0.00114513$ & $-0.00989698$ & $-0.000751335$ & $0.000788204$ & $-0.0113065$ & $0.00102789$ & $0.00579914$ & $0.00374525$ & $1$ & $0.00253973$ & $-0.00421827$ & $0.000122842$ \\
eHZgapar & $0.0071975$ & $0.00277583$ & $0.00128041$ & $0.000803014$ & $0.00179508$ & $-0.00138156$ & $0.00345719$ & $9.18184e-05$ & $0.00049346$ & $-0.00317123$ & $0.00386668$ & $0.000378807$ & $-0.00487113$ & $-0.00438186$ & $-0.00167485$ & $-0.00713201$ & $-0.00154797$ & $-0.00273823$ & $-0.00390292$ & $0.00376437$ & $-0.00543843$ & $-0.00192485$ & $-0.00553874$ & $-0.00540594$ & $0.0026918$ & $0.000764188$ & $-0.00286018$ & $1.33223e-05$ & $0.0024643$ & $-0.00139344$ & $0.00270361$ & $0.00146232$ & $0.00370884$ & $-0.00194633$ & $-0.00283079$ & $0.00253973$ & $1$ & $-0.00312942$ & $0.000443062$ \\
eHccpar & $0.00196376$ & $-0.00207598$ & $0.00597513$ & $0.00475275$ & $-0.0073022$ & $-0.00335722$ & $0.00139433$ & $0.00021603$ & $0.000315645$ & $0.00147633$ & $0.000489208$ & $0.00138438$ & $0.000235506$ & $0.00203374$ & $0.00326704$ & $-0.000510976$ & $0.000523584$ & $-0.00279001$ & $0.00101508$ & $-0.000942668$ & $-0.00372733$ & $0.00399821$ & $-0.00305021$ & $-0.00169553$ & $-0.00033932$ & $-0.00113373$ & $-0.00374117$ & $-0.000332097$ & $-0.00406195$ & $0.278112$ & $0.00421869$ & $-0.000804973$ & $0.00021731$ & $0.00542819$ & $0.000525684$ & $-0.00421827$ & $-0.00312942$ & $1$ & $0.00359663$ \\
eHbbpar & $0.00954242$ & $0.00300355$ & $0.00189497$ & $0.00475436$ & $0.00839329$ & $0.00511745$ & $-0.0101581$ & $-0.00411638$ & $-0.00411285$ & $0.00294684$ & $0.00432676$ & $0.00184226$ & $0.0035254$ & $-0.00586759$ & $-0.00212453$ & $0.00121993$ & $0.00592377$ & $0.0026898$ & $-0.00436513$ & $-0.0038136$ & $-0.00411171$ & $-0.00161497$ & $0.00763078$ & $0.000876965$ & $-0.000541146$ & $-0.00110793$ & $0.00310703$ & $-0.00561771$ & $0.000398942$ & $-0.0033322$ & $-0.00268049$ & $0.391199$ & $-1.35413e-05$ & $0.00119935$ & $-0.00301413$ & $0.000122842$ & $0.000443062$ & $0.00359663$ & $1$ \\
