 & AlsMz & dAle5Mz & mtop & mHl & Mz & CW & CHG & CHWB & CHWHB_gaga & CHWHB_gagaorth & CHD & CHbox & CH & CHL1_11 & CHL1_22 & CHL1_33 & CHL3_11 & CHL3_22 & CHL3_33 & CHe_11 & CHe_22 & CHe_33 & CHQ1_11 & CHQ1_33 & CHQ3_11 & CHu_11 & CHd_11 & CHd_33 & CeH_22r & CeH_33r & CuH_22r & CuH_33r & CdH_33r & CLL_1221 & eHggint & eHggpar & eHWWint & eHWWpar & eHZZint & eHZZpar & eHZgaint & eHZgapar & eHgagaint & eHmumuint & eHtautauint & eHccint & eHccpar & eHbbint & eHbbpar \\
AlsMz & $1$ & $-0.0148472$ & $-0.0131633$ & $-0.0252004$ & $-0.00177736$ & $0.0509054$ & $0.0222882$ & $-0.0135517$ & $-0.0119226$ & $0.0125935$ & $0.00169774$ & $0.0082973$ & $-0.0190351$ & $0.026432$ & $0.020731$ & $-0.014178$ & $0.00277393$ & $0.00735047$ & $0.0344448$ & $-0.00777964$ & $-0.00667464$ & $-0.0151255$ & $-0.00402651$ & $-0.00646841$ & $-0.0615935$ & $-0.00941182$ & $-0.0324321$ & $-0.0283817$ & $0.00121078$ & $-0.0388541$ & $-0.028129$ & $0.0188766$ & $-0.0189791$ & $-0.0227112$ & $0.0220771$ & $0.052361$ & $-0.00894093$ & $-0.00551171$ & $-0.0240348$ & $-0.0214635$ & $-0.0369426$ & $0.0158719$ & $0.0276272$ & $-0.0101314$ & $-0.0465121$ & $-0.00484312$ & $-0.00209973$ & $-0.0087228$ & $0.0215962$ \\
dAle5Mz & $-0.0148472$ & $1$ & $-0.00971854$ & $-0.0012614$ & $0.0140478$ & $0.0163347$ & $-0.00244319$ & $-0.213341$ & $-0.211522$ & $0.0891856$ & $0.233898$ & $-0.00868073$ & $-0.0157656$ & $-0.0548332$ & $0.00249107$ & $-0.0295285$ & $0.0616742$ & $0.015576$ & $0.0350923$ & $-0.178594$ & $-0.113637$ & $-0.0891027$ & $0.00490929$ & $0.0392863$ & $0.0452272$ & $0.0221321$ & $-0.0364014$ & $-0.0309283$ & $-0.00186045$ & $0.0181199$ & $0.0470947$ & $0.00541332$ & $0.00421202$ & $0.0109726$ & $-0.0166986$ & $0.0358986$ & $-0.0137621$ & $-0.0117001$ & $0.00742198$ & $0.0133652$ & $-0.0648877$ & $-0.0106481$ & $-0.00462281$ & $-0.0244956$ & $0.0269685$ & $-0.0069094$ & $0.0423616$ & $-0.00163626$ & $-0.0280476$ \\
mtop & $-0.0131633$ & $-0.00971854$ & $1$ & $-0.0457334$ & $0.0618906$ & $0.00845435$ & $0.0243955$ & $0.04996$ & $0.0474009$ & $-0.0396548$ & $0.0771903$ & $-0.0335995$ & $-0.0246429$ & $-0.0188933$ & $0.012735$ & $-0.00713559$ & $-0.0434463$ & $-0.0377033$ & $-0.0332431$ & $0.056639$ & $0.0362255$ & $0.0398653$ & $-0.0136735$ & $0.00338017$ & $-0.033562$ & $0.013056$ & $0.0318196$ & $0.00179173$ & $-0.0320887$ & $-0.0312964$ & $-0.0399854$ & $0.0229131$ & $-0.048805$ & $0.0322544$ & $-0.00260786$ & $-0.0201005$ & $0.046423$ & $0.0197802$ & $-0.0303763$ & $0.0275158$ & $-0.00580206$ & $0.00317839$ & $-0.0160102$ & $-0.0133495$ & $-0.04837$ & $-0.000862532$ & $0.00567052$ & $0.00272603$ & $-0.0603846$ \\
mHl & $-0.0252004$ & $-0.0012614$ & $-0.0457334$ & $1$ & $0.00762943$ & $0.00648823$ & $0.0350218$ & $-0.026058$ & $-0.0259338$ & $0.0175528$ & $0.0185681$ & $0.0914216$ & $-0.0351024$ & $0.0112061$ & $0.0112709$ & $-0.00827545$ & $0.018244$ & $0.00646849$ & $0.0227504$ & $-0.0291535$ & $-0.0207419$ & $-0.0363952$ & $-0.0121674$ & $0.0224387$ & $0.00807578$ & $0.00225828$ & $-0.0277708$ & $0.00861916$ & $0.00224562$ & $-0.0247539$ & $0.00220969$ & $0.0303112$ & $-0.016843$ & $-0.0237687$ & $0.0164324$ & $0.0289645$ & $0.0341245$ & $-0.0491953$ & $-0.0202632$ & $0.000881657$ & $0.015682$ & $-0.0142857$ & $-0.0260555$ & $-0.055794$ & $0.015007$ & $-0.0170943$ & $0.00520094$ & $-0.0340385$ & $0.0441179$ \\
Mz & $-0.00177736$ & $0.0140478$ & $0.0618906$ & $0.00762943$ & $1$ & $0.0242295$ & $0.0105668$ & $0.00417334$ & $0.00469135$ & $0.0143969$ & $0.0374403$ & $0.0121247$ & $-0.0239811$ & $0.0198117$ & $0.0196082$ & $0.00700404$ & $-0.00480933$ & $-0.0178114$ & $-0.0230682$ & $0.0207142$ & $0.0232025$ & $0.0103453$ & $-0.00755861$ & $-0.00868542$ & $-0.021671$ & $-0.00969442$ & $-0.0232932$ & $0.0192416$ & $-0.0199938$ & $-0.0261605$ & $-0.025839$ & $0.00823485$ & $-0.0355506$ & $-0.0242972$ & $-0.018832$ & $0.00975136$ & $-0.00777071$ & $0.00261928$ & $-0.0399583$ & $0.0393444$ & $0.00686599$ & $0.0167465$ & $0.0248223$ & $-0.0112209$ & $-0.0221117$ & $0.0372328$ & $-0.0199149$ & $-0.020839$ & $-0.0192585$ \\
CW & $0.0509054$ & $0.0163347$ & $0.00845435$ & $0.00648823$ & $0.0242295$ & $1$ & $-0.00742105$ & $-0.052436$ & $-0.0517127$ & $0.0143903$ & $0.0643027$ & $0.0220236$ & $-0.000688999$ & $0.21001$ & $0.0317222$ & $0.0542311$ & $-0.157961$ & $-0.00973612$ & $-0.0322652$ & $-0.0607302$ & $-0.0493609$ & $-0.0497663$ & $-0.0105246$ & $0.0467273$ & $-0.042769$ & $0.0105087$ & $-0.0961508$ & $-0.0114359$ & $-0.01361$ & $0.00118525$ & $0.000464782$ & $-0.0069171$ & $0.00414765$ & $-0.132734$ & $-0.0104598$ & $0.0147059$ & $0.0198257$ & $0.0185505$ & $-0.0198099$ & $-0.0150871$ & $0.0162392$ & $0.0241085$ & $0.0247206$ & $-0.016074$ & $0.00523969$ & $-0.0382133$ & $0.00729113$ & $0.0174815$ & $0.0174249$ \\
CHG & $0.0222882$ & $-0.00244319$ & $0.0243955$ & $0.0350218$ & $0.0105668$ & $-0.00742105$ & $1$ & $0.106267$ & $0.1307$ & $0.0350779$ & $-0.0665409$ & $-0.0269492$ & $-0.895578$ & $-0.143173$ & $-0.026475$ & $-0.00848854$ & $-0.154054$ & $-0.0965824$ & $-0.115888$ & $0.168251$ & $0.0850193$ & $0.0756849$ & $-0.0172298$ & $-0.138787$ & $-0.12445$ & $0.0171296$ & $0.0672468$ & $0.014334$ & $-0.212775$ & $-0.718227$ & $-0.452334$ & $0.972586$ & $-0.727489$ & $0.0455139$ & $-0.126988$ & $-0.069736$ & $0.0412155$ & $0.0280268$ & $-0.00773051$ & $-0.0127765$ & $0.014481$ & $0.0490481$ & $-0.0498032$ & $-0.0643102$ & $-0.0257458$ & $-0.0164333$ & $0.0187056$ & $-0.0411333$ & $-0.0254105$ \\
CHWB & $-0.0135517$ & $-0.213341$ & $0.04996$ & $-0.026058$ & $0.00417334$ & $-0.052436$ & $0.106267$ & $1$ & $0.994152$ & $-0.568643$ & $-0.888456$ & $-0.0479418$ & $-0.105$ & $-0.303824$ & $-0.024667$ & $-0.0174781$ & $-0.662985$ & $-0.561178$ & $-0.557757$ & $0.880306$ & $0.679353$ & $0.657948$ & $0.0447254$ & $-0.689598$ & $-0.618916$ & $-0.167641$ & $0.443566$ & $0.146599$ & $-0.0104378$ & $-0.0847779$ & $-0.0410767$ & $0.0989833$ & $-0.0935405$ & $0.656287$ & $-0.0272906$ & $-0.021076$ & $0.00518987$ & $-0.0176115$ & $-0.0381293$ & $-0.029397$ & $-0.00182297$ & $0.0126442$ & $-0.01083$ & $-0.0190172$ & $-0.0189551$ & $-0.0203298$ & $0.0078386$ & $0.00379983$ & $-0.00536169$ \\
CHWHB_gaga & $-0.0119226$ & $-0.211522$ & $0.0474009$ & $-0.0259338$ & $0.00469135$ & $-0.0517127$ & $0.1307$ & $0.994152$ & $1$ & $-0.566486$ & $-0.881857$ & $-0.044244$ & $-0.117763$ & $-0.309206$ & $-0.0253394$ & $-0.0160288$ & $-0.664166$ & $-0.560667$ & $-0.55813$ & $0.878922$ & $0.675333$ & $0.653453$ & $0.0452806$ & $-0.689339$ & $-0.618534$ & $-0.16811$ & $0.440595$ & $0.143099$ & $-0.0102471$ & $-0.0831951$ & $-0.0391578$ & $0.12258$ & $-0.0924406$ & $0.650653$ & $-0.0360588$ & $-0.0243765$ & $-0.000842107$ & $-0.0186573$ & $-0.042437$ & $-0.0300546$ & $-0.00167653$ & $0.0126943$ & $0.027934$ & $-0.0180387$ & $-0.017274$ & $-0.0194379$ & $0.0104184$ & $0.0017272$ & $-0.00893838$ \\
CHWHB_gagaorth & $0.0125935$ & $0.0891856$ & $-0.0396548$ & $0.0175528$ & $0.0143969$ & $0.0143903$ & $0.0350779$ & $-0.568643$ & $-0.566486$ & $1$ & $0.260084$ & $0.149501$ & $-0.0522757$ & $0.651963$ & $0.123687$ & $0.121655$ & $0.748363$ & $0.567414$ & $0.57169$ & $-0.32869$ & $-0.240782$ & $-0.238297$ & $-0.056347$ & $0.586063$ & $0.628244$ & $0.032429$ & $-0.356099$ & $-0.0432664$ & $-0.00630186$ & $-0.0659122$ & $-0.0571859$ & $0.0434963$ & $-0.0516305$ & $-0.436675$ & $0.0143337$ & $-0.00964404$ & $-0.00176265$ & $0.0161243$ & $0.0256639$ & $0.0138849$ & $-0.0281844$ & $0.000854565$ & $-0.0253338$ & $0.0141087$ & $0.000383112$ & $0.00187504$ & $-0.0106291$ & $-0.000874688$ & $0.0187058$ \\
CHD & $0.00169774$ & $0.233898$ & $0.0771903$ & $0.0185681$ & $0.0374403$ & $0.0643027$ & $-0.0665409$ & $-0.888456$ & $-0.881857$ & $0.260084$ & $1$ & $0.0249704$ & $0.0665233$ & $-0.0589032$ & $-0.0555403$ & $-0.0640589$ & $0.333777$ & $0.326255$ & $0.319175$ & $-0.88777$ & $-0.699466$ & $-0.674922$ & $-0.0215087$ & $0.473294$ & $0.359963$ & $0.191851$ & $-0.323386$ & $-0.151183$ & $-0.00144753$ & $0.0555705$ & $0.0173085$ & $-0.0617479$ & $0.04897$ & $-0.517513$ & $0.031986$ & $0.0315467$ & $-0.00104775$ & $0.0134983$ & $0.0206142$ & $0.0281848$ & $0.0105055$ & $-0.0117559$ & $0.0217839$ & $0.00288946$ & $0.0136141$ & $0.0255923$ & $-0.0110092$ & $-0.0113637$ & $-0.0226386$ \\
CHbox & $0.0082973$ & $-0.00868073$ & $-0.0335995$ & $0.0914216$ & $0.0121247$ & $0.0220236$ & $-0.0269492$ & $-0.0479418$ & $-0.044244$ & $0.149501$ & $0.0249704$ & $1$ & $0.0503001$ & $0.0104456$ & $0.0164642$ & $0.0306903$ & $0.00755303$ & $0.0159047$ & $0.0115946$ & $0.019123$ & $-0.0237205$ & $-0.0207593$ & $0.0163129$ & $0.0373333$ & $0.0122558$ & $-0.0207295$ & $-0.0390686$ & $-0.012558$ & $0.0409957$ & $0.0750939$ & $0.0298427$ & $-0.00953182$ & $0.059649$ & $-0.0823809$ & $0.0313381$ & $0.0731257$ & $0.0612776$ & $0.0189123$ & $-0.0381597$ & $-0.057897$ & $-0.0422284$ & $0.0196825$ & $-0.00760515$ & $-0.062831$ & $-0.0494015$ & $-0.0504086$ & $-0.0613887$ & $-0.0540449$ & $-0.0305958$ \\
CH & $-0.0190351$ & $-0.0157656$ & $-0.0246429$ & $-0.0351024$ & $-0.0239811$ & $-0.000688999$ & $-0.895578$ & $-0.105$ & $-0.117763$ & $-0.0522757$ & $0.0665233$ & $0.0503001$ & $1$ & $0.147601$ & $0.0231607$ & $0.00922067$ & $0.156554$ & $0.0974058$ & $0.117249$ & $-0.176376$ & $-0.0931829$ & $-0.0829131$ & $0.0272404$ & $0.140951$ & $0.121889$ & $-0.0203737$ & $-0.0704263$ & $-0.0251375$ & $0.251332$ & $0.782281$ & $0.485375$ & $-0.851934$ & $0.782244$ & $-0.0426494$ & $0.138348$ & $0.0643784$ & $-0.0373978$ & $-0.0366739$ & $-0.00224804$ & $0.00240713$ & $-0.0176775$ & $-0.0601151$ & $0.0517016$ & $0.0862569$ & $0.0386369$ & $0.00764444$ & $-0.000937056$ & $0.0317752$ & $0.0216122$ \\
CHL1_11 & $0.026432$ & $-0.0548332$ & $-0.0188933$ & $0.0112061$ & $0.0198117$ & $0.21001$ & $-0.143173$ & $-0.303824$ & $-0.309206$ & $0.651963$ & $-0.0589032$ & $0.0104456$ & $0.147601$ & $1$ & $0.173799$ & $0.17115$ & $0.625921$ & $0.520972$ & $0.521944$ & $-0.158074$ & $-0.0519066$ & $-0.0545932$ & $-0.0404605$ & $0.530122$ & $0.555915$ & $-0.0412794$ & $-0.330225$ & $-0.0114995$ & $0.0345541$ & $0.100534$ & $0.0637532$ & $-0.144164$ & $0.130694$ & $-0.322633$ & $-0.00668421$ & $-0.0154872$ & $0.0115039$ & $0.0196498$ & $0.0164202$ & $0.0133526$ & $-0.0147489$ & $0.0158425$ & $-0.0147562$ & $0.0404559$ & $0.00155404$ & $-0.0174606$ & $-0.0072457$ & $0.0179712$ & $0.0374619$ \\
CHL1_22 & $0.020731$ & $0.00249107$ & $0.012735$ & $0.0112709$ & $0.0196082$ & $0.0317222$ & $-0.026475$ & $-0.024667$ & $-0.0253394$ & $0.123687$ & $-0.0555403$ & $0.0164642$ & $0.0231607$ & $0.173799$ & $1$ & $0.360185$ & $0.0905537$ & $-0.439685$ & $-0.100606$ & $0.0621886$ & $-0.127347$ & $-0.0819956$ & $-0.119575$ & $0.235876$ & $-0.149829$ & $0.00912036$ & $-0.488763$ & $-0.0378444$ & $-0.00681715$ & $0.0221376$ & $0.0243501$ & $-0.0168958$ & $0.0344553$ & $-0.551374$ & $0.0115427$ & $0.00401045$ & $-0.00445466$ & $0.0258727$ & $-0.00138025$ & $0.0262981$ & $-0.00838462$ & $0.0121741$ & $-0.0167104$ & $0.000425277$ & $-0.00483003$ & $-0.00191897$ & $0.00451527$ & $-0.00525699$ & $0.014331$ \\
CHL1_33 & $-0.014178$ & $-0.0295285$ & $-0.00713559$ & $-0.00827545$ & $0.00700404$ & $0.0542311$ & $-0.00848854$ & $-0.0174781$ & $-0.0160288$ & $0.121655$ & $-0.0640589$ & $0.0306903$ & $0.00922067$ & $0.17115$ & $0.360185$ & $1$ & $0.0867353$ & $-0.102448$ & $-0.426732$ & $0.0618019$ & $-0.0746722$ & $-0.162788$ & $-0.0935651$ & $0.229033$ & $-0.1419$ & $-0.0085014$ & $-0.473116$ & $-0.0460183$ & $0.00195278$ & $-0.00217924$ & $0.0101763$ & $-0.00666129$ & $0.0117443$ & $-0.235744$ & $0.0300345$ & $-0.00917949$ & $0.0050184$ & $0.0197507$ & $-0.0203532$ & $0.00630792$ & $0.00154781$ & $0.00910692$ & $-0.0235549$ & $0.0341939$ & $0.00171261$ & $-0.00399258$ & $0.00316578$ & $0.00946485$ & $0.0107875$ \\
CHL3_11 & $0.00277393$ & $0.0616742$ & $-0.0434463$ & $0.018244$ & $-0.00480933$ & $-0.157961$ & $-0.154054$ & $-0.662985$ & $-0.664166$ & $0.748363$ & $0.333777$ & $0.00755303$ & $0.156554$ & $0.625921$ & $0.0905537$ & $0.0867353$ & $1$ & $0.688544$ & $0.689632$ & $-0.507031$ & $-0.314592$ & $-0.32192$ & $-0.0502733$ & $0.692444$ & $0.772776$ & $0.0579278$ & $-0.351827$ & $-0.0675038$ & $0.027037$ & $0.112615$ & $0.0720969$ & $-0.151856$ & $0.144254$ & $-0.373675$ & $0.0199192$ & $-0.00903933$ & $-0.021499$ & $0.00272182$ & $0.0472044$ & $0.0210461$ & $-0.0144662$ & $-0.017084$ & $-0.0142401$ & $0.0374456$ & $0.00169643$ & $0.0151704$ & $0.000457439$ & $0.00691037$ & $0.0357286$ \\
CHL3_22 & $0.00735047$ & $0.015576$ & $-0.0377033$ & $0.00646849$ & $-0.0178114$ & $-0.00973612$ & $-0.0965824$ & $-0.561178$ & $-0.560667$ & $0.567414$ & $0.326255$ & $0.0159047$ & $0.0974058$ & $0.520972$ & $-0.439685$ & $-0.102448$ & $0.688544$ & $1$ & $0.66141$ & $-0.443016$ & $-0.256671$ & $-0.256215$ & $0.0460692$ & $0.497044$ & $0.778163$ & $0.0328487$ & $-0.0419196$ & $-0.0338673$ & $0.0341599$ & $0.0662055$ & $0.0362382$ & $-0.0979796$ & $0.086781$ & $0.0671594$ & $0.00685843$ & $-0.0021047$ & $0.00632498$ & $-0.000590039$ & $0.0361454$ & $-0.0047476$ & $0.00271772$ & $-0.00619935$ & $-0.00428936$ & $0.0213266$ & $0.00440773$ & $-0.00948072$ & $-0.0143204$ & $0.0115169$ & $0.0329524$ \\
CHL3_33 & $0.0344448$ & $0.0350923$ & $-0.0332431$ & $0.0227504$ & $-0.0230682$ & $-0.0322652$ & $-0.115888$ & $-0.557757$ & $-0.55813$ & $0.57169$ & $0.319175$ & $0.0115946$ & $0.117249$ & $0.521944$ & $-0.100606$ & $-0.426732$ & $0.689632$ & $0.66141$ & $1$ & $-0.434926$ & $-0.250644$ & $-0.246455$ & $0.0153933$ & $0.486609$ & $0.77639$ & $0.0556051$ & $-0.0378793$ & $-0.0338579$ & $0.0300801$ & $0.0879672$ & $0.04671$ & $-0.113351$ & $0.104718$ & $-0.241166$ & $-0.00664353$ & $0.00956099$ & $-0.00447551$ & $0.00173813$ & $0.0429014$ & $0.00735096$ & $0.000847779$ & $-0.0122335$ & $0.00967858$ & $0.00582577$ & $0.0103936$ & $0.00187663$ & $-0.00362855$ & $-0.00379804$ & $0.03391$ \\
CHe_11 & $-0.00777964$ & $-0.178594$ & $0.056639$ & $-0.0291535$ & $0.0207142$ & $-0.0607302$ & $0.168251$ & $0.880306$ & $0.878922$ & $-0.32869$ & $-0.88777$ & $0.019123$ & $-0.176376$ & $-0.158074$ & $0.0621886$ & $0.0618019$ & $-0.507031$ & $-0.443016$ & $-0.434926$ & $1$ & $0.689724$ & $0.673564$ & $0.0186715$ & $-0.5586$ & $-0.477985$ & $-0.179721$ & $0.3458$ & $0.154992$ & $-0.035644$ & $-0.136344$ & $-0.0766656$ & $0.169378$ & $-0.143473$ & $0.45689$ & $-0.0425513$ & $-0.0259893$ & $0.00924935$ & $-0.00142926$ & $-0.0407564$ & $-0.0242533$ & $-0.0109195$ & $0.0169084$ & $-0.025693$ & $-0.0263621$ & $-0.0177347$ & $-0.0206625$ & $0.00427168$ & $0.0045959$ & $-0.00114296$ \\
CHe_22 & $-0.00667464$ & $-0.113637$ & $0.0362255$ & $-0.0207419$ & $0.0232025$ & $-0.0493609$ & $0.0850193$ & $0.679353$ & $0.675333$ & $-0.240782$ & $-0.699466$ & $-0.0237205$ & $-0.0931829$ & $-0.0519066$ & $-0.127347$ & $-0.0746722$ & $-0.314592$ & $-0.256671$ & $-0.250644$ & $0.689724$ & $1$ & $0.582991$ & $0.0524774$ & $-0.479893$ & $-0.290907$ & $-0.164432$ & $0.419356$ & $0.115515$ & $-0.00982327$ & $-0.0896691$ & $-0.0426795$ & $0.0764402$ & $-0.0928085$ & $0.448556$ & $-0.0421213$ & $-0.00906116$ & $0.013342$ & $-0.0130904$ & $-0.026985$ & $-0.0388839$ & $-0.0230485$ & $0.0170697$ & $-0.00549428$ & $-0.000541427$ & $-0.0269179$ & $-0.0187035$ & $0.00317983$ & $0.0276194$ & $-0.0170206$ \\
CHe_33 & $-0.0151255$ & $-0.0891027$ & $0.0398653$ & $-0.0363952$ & $0.0103453$ & $-0.0497663$ & $0.0756849$ & $0.657948$ & $0.653453$ & $-0.238297$ & $-0.674922$ & $-0.0207593$ & $-0.0829131$ & $-0.0545932$ & $-0.0819956$ & $-0.162788$ & $-0.32192$ & $-0.256215$ & $-0.246455$ & $0.673564$ & $0.582991$ & $1$ & $0.05152$ & $-0.464065$ & $-0.293431$ & $-0.160039$ & $0.398765$ & $0.132893$ & $-0.0127923$ & $-0.0718236$ & $-0.0253609$ & $0.0706391$ & $-0.0686804$ & $0.428215$ & $-0.0374822$ & $-0.0296146$ & $-0.0101512$ & $-0.0372918$ & $-0.0271823$ & $-0.0387897$ & $-0.0330413$ & $0.0145089$ & $-0.0199202$ & $-0.00880046$ & $-0.0247654$ & $-0.0159421$ & $-0.00636579$ & $0.0228336$ & $0.0107216$ \\
CHQ1_11 & $-0.00402651$ & $0.00490929$ & $-0.0136735$ & $-0.0121674$ & $-0.00755861$ & $-0.0105246$ & $-0.0172298$ & $0.0447254$ & $0.0452806$ & $-0.056347$ & $-0.0215087$ & $0.0163129$ & $0.0272404$ & $-0.0404605$ & $-0.119575$ & $-0.0935651$ & $-0.0502733$ & $0.0460692$ & $0.0153933$ & $0.0186715$ & $0.0524774$ & $0.05152$ & $1$ & $-0.0888889$ & $0.0579587$ & $-0.582934$ & $0.242063$ & $0.00113911$ & $0.0282847$ & $0.0343321$ & $0.0331419$ & $-0.0177865$ & $0.0124372$ & $0.123471$ & $-0.0477842$ & $0.0096298$ & $0.0120213$ & $-0.00165927$ & $-0.0306309$ & $-0.00335676$ & $-0.0153943$ & $0.00111981$ & $0.0104754$ & $0.00608875$ & $-0.0199658$ & $-0.0315641$ & $0.0473705$ & $-0.00710424$ & $-0.029116$ \\
CHQ1_33 & $-0.00646841$ & $0.0392863$ & $0.00338017$ & $0.0224387$ & $-0.00868542$ & $0.0467273$ & $-0.138787$ & $-0.689598$ & $-0.689339$ & $0.586063$ & $0.473294$ & $0.0373333$ & $0.140951$ & $0.530122$ & $0.235876$ & $0.229033$ & $0.692444$ & $0.497044$ & $0.486609$ & $-0.5586$ & $-0.479893$ & $-0.464065$ & $-0.0888889$ & $1$ & $0.565182$ & $0.103486$ & $-0.449696$ & $0.00571358$ & $0.0298621$ & $0.111125$ & $0.0591439$ & $-0.133857$ & $0.134508$ & $-0.533754$ & $0.0285451$ & $-0.00903322$ & $-0.00914446$ & $0.0122603$ & $0.0499929$ & $0.0182499$ & $0.00144815$ & $-0.0318116$ & $-0.0263788$ & $0.0218731$ & $0.00148736$ & $0.00644474$ & $-0.0124252$ & $0.0078076$ & $0.0323701$ \\
CHQ3_11 & $-0.0615935$ & $0.0452272$ & $-0.033562$ & $0.00807578$ & $-0.021671$ & $-0.042769$ & $-0.12445$ & $-0.618916$ & $-0.618534$ & $0.628244$ & $0.359963$ & $0.0122558$ & $0.121889$ & $0.555915$ & $-0.149829$ & $-0.1419$ & $0.772776$ & $0.778163$ & $0.77639$ & $-0.477985$ & $-0.290907$ & $-0.293431$ & $0.0579587$ & $0.565182$ & $1$ & $0.0580739$ & $0.0502913$ & $-0.0486274$ & $0.0308171$ & $0.0852298$ & $0.0436738$ & $-0.127205$ & $0.110803$ & $-0.215226$ & $-0.00110119$ & $-0.00812202$ & $-0.00121407$ & $0.00625893$ & $0.0455712$ & $-0.00048597$ & $-0.00177619$ & $-0.00942643$ & $-0.000146078$ & $0.0315742$ & $0.0147484$ & $-0.000283089$ & $-0.00416605$ & $0.0133187$ & $0.0412889$ \\
CHu_11 & $-0.00941182$ & $0.0221321$ & $0.013056$ & $0.00225828$ & $-0.00969442$ & $0.0105087$ & $0.0171296$ & $-0.167641$ & $-0.16811$ & $0.032429$ & $0.191851$ & $-0.0207295$ & $-0.0203737$ & $-0.0412794$ & $0.00912036$ & $-0.0085014$ & $0.0579278$ & $0.0328487$ & $0.0556051$ & $-0.179721$ & $-0.164432$ & $-0.160039$ & $-0.582934$ & $0.103486$ & $0.0580739$ & $1$ & $0.0961835$ & $-0.0224422$ & $0.00521688$ & $-0.0213692$ & $-0.0236297$ & $0.0176337$ & $-0.0132997$ & $-0.113109$ & $0.033887$ & $-0.00433662$ & $-0.0119213$ & $-0.0160837$ & $0.00695653$ & $-0.0185398$ & $0.020393$ & $0.0146145$ & $-0.00454206$ & $-0.00549245$ & $0.0161174$ & $0.0115704$ & $-0.0116146$ & $0.0027724$ & $-0.000421676$ \\
CHd_11 & $-0.0324321$ & $-0.0364014$ & $0.0318196$ & $-0.0277708$ & $-0.0232932$ & $-0.0961508$ & $0.0672468$ & $0.443566$ & $0.440595$ & $-0.356099$ & $-0.323386$ & $-0.0390686$ & $-0.0704263$ & $-0.330225$ & $-0.488763$ & $-0.473116$ & $-0.351827$ & $-0.0419196$ & $-0.0378793$ & $0.3458$ & $0.419356$ & $0.398765$ & $0.242063$ & $-0.449696$ & $0.0502913$ & $0.0961835$ & $1$ & $0.081853$ & $0.0203059$ & $-0.0612514$ & $-0.0304961$ & $0.0566739$ & $-0.074737$ & $0.599425$ & $-0.0521765$ & $-0.00121917$ & $0.00100514$ & $-0.031629$ & $-0.0136415$ & $-0.0596381$ & $-0.0111348$ & $-0.00251752$ & $0.0107694$ & $-0.0109102$ & $-0.00462976$ & $-0.0189007$ & $0.0268061$ & $-0.00539966$ & $-0.0105518$ \\
CHd_33 & $-0.0283817$ & $-0.0309283$ & $0.00179173$ & $0.00861916$ & $0.0192416$ & $-0.0114359$ & $0.014334$ & $0.146599$ & $0.143099$ & $-0.0432664$ & $-0.151183$ & $-0.012558$ & $-0.0251375$ & $-0.0114995$ & $-0.0378444$ & $-0.0460183$ & $-0.0675038$ & $-0.0338673$ & $-0.0338579$ & $0.154992$ & $0.115515$ & $0.132893$ & $0.00113911$ & $0.00571358$ & $-0.0486274$ & $-0.0224422$ & $0.081853$ & $1$ & $0.00971485$ & $-0.0165504$ & $-0.0150871$ & $0.0147104$ & $-0.0165823$ & $0.114662$ & $-0.00603981$ & $-0.0179832$ & $0.0288806$ & $-0.0142062$ & $0.00494159$ & $-0.0100346$ & $0.0116176$ & $-0.0495833$ & $-0.0159481$ & $-0.0445151$ & $-0.0157776$ & $0.0169319$ & $0.00196252$ & $0.00257783$ & $0.0127016$ \\
CeH_22r & $0.00121078$ & $-0.00186045$ & $-0.0320887$ & $0.00224562$ & $-0.0199938$ & $-0.01361$ & $-0.212775$ & $-0.0104378$ & $-0.0102471$ & $-0.00630186$ & $-0.00144753$ & $0.0409957$ & $0.251332$ & $0.0345541$ & $-0.00681715$ & $0.00195278$ & $0.027037$ & $0.0341599$ & $0.0300801$ & $-0.035644$ & $-0.00982327$ & $-0.0127923$ & $0.0282847$ & $0.0298621$ & $0.0308171$ & $0.00521688$ & $0.0203059$ & $0.00971485$ & $1$ & $0.215963$ & $0.143729$ & $-0.21021$ & $0.215342$ & $0.0180402$ & $0.0118515$ & $0.0137793$ & $-0.028981$ & $0.00798659$ & $-0.0249884$ & $-0.0161903$ & $0.00140717$ & $-0.00309274$ & $-0.00421232$ & $0.0441563$ & $-0.00532626$ & $-0.00632192$ & $-0.00935879$ & $-0.0197116$ & $0.00452343$ \\
CeH_33r & $-0.0388541$ & $0.0181199$ & $-0.0312964$ & $-0.0247539$ & $-0.0261605$ & $0.00118525$ & $-0.718227$ & $-0.0847779$ & $-0.0831951$ & $-0.0659122$ & $0.0555705$ & $0.0750939$ & $0.782281$ & $0.100534$ & $0.0221376$ & $-0.00217924$ & $0.112615$ & $0.0662055$ & $0.0879672$ & $-0.136344$ & $-0.0896691$ & $-0.0718236$ & $0.0343321$ & $0.111125$ & $0.0852298$ & $-0.0213692$ & $-0.0612514$ & $-0.0165504$ & $0.215963$ & $1$ & $0.542314$ & $-0.620094$ & $0.859384$ & $-0.0374557$ & $0.0805955$ & $0.0176212$ & $-0.126371$ & $-0.0713199$ & $-0.00923748$ & $-0.00748019$ & $-0.0135108$ & $-0.0505526$ & $0.0171383$ & $0.0675361$ & $0.0609044$ & $0.00779014$ & $0.0132365$ & $0.0170655$ & $0.00874353$ \\
CuH_22r & $-0.028129$ & $0.0470947$ & $-0.0399854$ & $0.00220969$ & $-0.025839$ & $0.000464782$ & $-0.452334$ & $-0.0410767$ & $-0.0391578$ & $-0.0571859$ & $0.0173085$ & $0.0298427$ & $0.485375$ & $0.0637532$ & $0.0243501$ & $0.0101763$ & $0.0720969$ & $0.0362382$ & $0.04671$ & $-0.0766656$ & $-0.0426795$ & $-0.0253609$ & $0.0331419$ & $0.0591439$ & $0.0436738$ & $-0.0236297$ & $-0.0304961$ & $-0.0150871$ & $0.143729$ & $0.542314$ & $1$ & $-0.381464$ & $0.558774$ & $-0.00860298$ & $0.0415678$ & $0.0291186$ & $-0.104993$ & $-0.0498997$ & $-0.0180707$ & $0.000293115$ & $-0.0304442$ & $-0.0178499$ & $0.000634695$ & $0.0583049$ & $0.0182386$ & $0.0718435$ & $0.251338$ & $0.020584$ & $-0.00105799$ \\
CuH_33r & $0.0188766$ & $0.00541332$ & $0.0229131$ & $0.0303112$ & $0.00823485$ & $-0.0069171$ & $0.972586$ & $0.0989833$ & $0.12258$ & $0.0434963$ & $-0.0617479$ & $-0.00953182$ & $-0.851934$ & $-0.144164$ & $-0.0168958$ & $-0.00666129$ & $-0.151856$ & $-0.0979796$ & $-0.113351$ & $0.169378$ & $0.0764402$ & $0.0706391$ & $-0.0177865$ & $-0.133857$ & $-0.127205$ & $0.0176337$ & $0.0566739$ & $0.0147104$ & $-0.21021$ & $-0.620094$ & $-0.381464$ & $1$ & $-0.616446$ & $0.0338248$ & $-0.101123$ & $-0.0643404$ & $0.0206731$ & $0.0177571$ & $0.000148254$ & $-0.012071$ & $0.00944606$ & $0.0455651$ & $-0.0584949$ & $-0.0594276$ & $-0.0189679$ & $-0.0206138$ & $0.0209905$ & $-0.0459694$ & $-0.0255293$ \\
CdH_33r & $-0.0189791$ & $0.00421202$ & $-0.048805$ & $-0.016843$ & $-0.0355506$ & $0.00414765$ & $-0.727489$ & $-0.0935405$ & $-0.0924406$ & $-0.0516305$ & $0.04897$ & $0.059649$ & $0.782244$ & $0.130694$ & $0.0344553$ & $0.0117443$ & $0.144254$ & $0.086781$ & $0.104718$ & $-0.143473$ & $-0.0928085$ & $-0.0686804$ & $0.0124372$ & $0.134508$ & $0.110803$ & $-0.0132997$ & $-0.074737$ & $-0.0165823$ & $0.215342$ & $0.859384$ & $0.558774$ & $-0.616446$ & $1$ & $-0.0433103$ & $0.0869629$ & $0.010659$ & $-0.134078$ & $-0.0799543$ & $-0.0163762$ & $-0.0079165$ & $0.0043185$ & $-0.0437226$ & $-0.00299729$ & $0.0712365$ & $0.0237016$ & $-0.000495782$ & $0.0104632$ & $0.096549$ & $0.26042$ \\
CLL_1221 & $-0.0227112$ & $0.0109726$ & $0.0322544$ & $-0.0237687$ & $-0.0242972$ & $-0.132734$ & $0.0455139$ & $0.656287$ & $0.650653$ & $-0.436675$ & $-0.517513$ & $-0.0823809$ & $-0.0426494$ & $-0.322633$ & $-0.551374$ & $-0.235744$ & $-0.373675$ & $0.0671594$ & $-0.241166$ & $0.45689$ & $0.448556$ & $0.428215$ & $0.123471$ & $-0.533754$ & $-0.215226$ & $-0.113109$ & $0.599425$ & $0.114662$ & $0.0180402$ & $-0.0374557$ & $-0.00860298$ & $0.0338248$ & $-0.0433103$ & $1$ & $-0.0135035$ & $-0.00425113$ & $0.00158907$ & $-0.038064$ & $-0.0132829$ & $-0.0392213$ & $-0.00382174$ & $-0.00177053$ & $-0.00411216$ & $-0.0188658$ & $-0.0123738$ & $-0.0233914$ & $0.00594307$ & $0.00652903$ & $-0.00254458$ \\
eHggint & $0.0220771$ & $-0.0166986$ & $-0.00260786$ & $0.0164324$ & $-0.018832$ & $-0.0104598$ & $-0.126988$ & $-0.0272906$ & $-0.0360588$ & $0.0143337$ & $0.031986$ & $0.0313381$ & $0.138348$ & $-0.00668421$ & $0.0115427$ & $0.0300345$ & $0.0199192$ & $0.00685843$ & $-0.00664353$ & $-0.0425513$ & $-0.0421213$ & $-0.0374822$ & $-0.0477842$ & $0.0285451$ & $-0.00110119$ & $0.033887$ & $-0.0521765$ & $-0.00603981$ & $0.0118515$ & $0.0805955$ & $0.0415678$ & $-0.101123$ & $0.0869629$ & $-0.0135035$ & $1$ & $-0.0362077$ & $-0.0168838$ & $-0.0194213$ & $0.011212$ & $0.00125593$ & $0.0299919$ & $-0.00380319$ & $-0.000705973$ & $0.0111554$ & $0.00326932$ & $-0.0333264$ & $-0.013197$ & $-0.0154699$ & $0.0186103$ \\
eHggpar & $0.052361$ & $0.0358986$ & $-0.0201005$ & $0.0289645$ & $0.00975136$ & $0.0147059$ & $-0.069736$ & $-0.021076$ & $-0.0243765$ & $-0.00964404$ & $0.0315467$ & $0.0731257$ & $0.0643784$ & $-0.0154872$ & $0.00401045$ & $-0.00917949$ & $-0.00903933$ & $-0.0021047$ & $0.00956099$ & $-0.0259893$ & $-0.00906116$ & $-0.0296146$ & $0.0096298$ & $-0.00903322$ & $-0.00812202$ & $-0.00433662$ & $-0.00121917$ & $-0.0179832$ & $0.0137793$ & $0.0176212$ & $0.0291186$ & $-0.0643404$ & $0.010659$ & $-0.00425113$ & $-0.0362077$ & $1$ & $0.039901$ & $-0.0236308$ & $-0.0311872$ & $0.00745858$ & $-0.0337$ & $-0.0104173$ & $0.0603968$ & $0.00281477$ & $-0.060118$ & $0.0214136$ & $-0.0141285$ & $-0.032711$ & $-0.00905357$ \\
eHWWint & $-0.00894093$ & $-0.0137621$ & $0.046423$ & $0.0341245$ & $-0.00777071$ & $0.0198257$ & $0.0412155$ & $0.00518987$ & $-0.000842107$ & $-0.00176265$ & $-0.00104775$ & $0.0612776$ & $-0.0373978$ & $0.0115039$ & $-0.00445466$ & $0.0050184$ & $-0.021499$ & $0.00632498$ & $-0.00447551$ & $0.00924935$ & $0.013342$ & $-0.0101512$ & $0.0120213$ & $-0.00914446$ & $-0.00121407$ & $-0.0119213$ & $0.00100514$ & $0.0288806$ & $-0.028981$ & $-0.126371$ & $-0.104993$ & $0.0206731$ & $-0.134078$ & $0.00158907$ & $-0.0168838$ & $0.039901$ & $1$ & $0.0220973$ & $0.000480932$ & $-0.00715878$ & $0.0186003$ & $0.015721$ & $0.00819138$ & $-0.0496597$ & $0.0209396$ & $0.0383963$ & $0.0075722$ & $-0.00985174$ & $-0.01849$ \\
eHWWpar & $-0.00551171$ & $-0.0117001$ & $0.0197802$ & $-0.0491953$ & $0.00261928$ & $0.0185505$ & $0.0280268$ & $-0.0176115$ & $-0.0186573$ & $0.0161243$ & $0.0134983$ & $0.0189123$ & $-0.0366739$ & $0.0196498$ & $0.0258727$ & $0.0197507$ & $0.00272182$ & $-0.000590039$ & $0.00173813$ & $-0.00142926$ & $-0.0130904$ & $-0.0372918$ & $-0.00165927$ & $0.0122603$ & $0.00625893$ & $-0.0160837$ & $-0.031629$ & $-0.0142062$ & $0.00798659$ & $-0.0713199$ & $-0.0498997$ & $0.0177571$ & $-0.0799543$ & $-0.038064$ & $-0.0194213$ & $-0.0236308$ & $0.0220973$ & $1$ & $-0.0178081$ & $-0.00217379$ & $0.00133381$ & $0.0196781$ & $0.0225893$ & $-0.0311268$ & $0.0204732$ & $0.0050387$ & $0.00416056$ & $0.000779664$ & $-0.00240832$ \\
eHZZint & $-0.0240348$ & $0.00742198$ & $-0.0303763$ & $-0.0202632$ & $-0.0399583$ & $-0.0198099$ & $-0.00773051$ & $-0.0381293$ & $-0.042437$ & $0.0256639$ & $0.0206142$ & $-0.0381597$ & $-0.00224804$ & $0.0164202$ & $-0.00138025$ & $-0.0203532$ & $0.0472044$ & $0.0361454$ & $0.0429014$ & $-0.0407564$ & $-0.026985$ & $-0.0271823$ & $-0.0306309$ & $0.0499929$ & $0.0455712$ & $0.00695653$ & $-0.0136415$ & $0.00494159$ & $-0.0249884$ & $-0.00923748$ & $-0.0180707$ & $0.000148254$ & $-0.0163762$ & $-0.0132829$ & $0.011212$ & $-0.0311872$ & $0.000480932$ & $-0.0178081$ & $1$ & $-0.0210907$ & $0.00810625$ & $-0.0174518$ & $0.0335956$ & $-0.028668$ & $0.0608432$ & $-0.042293$ & $-0.0366357$ & $0.0167848$ & $0.0112972$ \\
eHZZpar & $-0.0214635$ & $0.0133652$ & $0.0275158$ & $0.000881657$ & $0.0393444$ & $-0.0150871$ & $-0.0127765$ & $-0.029397$ & $-0.0300546$ & $0.0138849$ & $0.0281848$ & $-0.057897$ & $0.00240713$ & $0.0133526$ & $0.0262981$ & $0.00630792$ & $0.0210461$ & $-0.0047476$ & $0.00735096$ & $-0.0242533$ & $-0.0388839$ & $-0.0387897$ & $-0.00335676$ & $0.0182499$ & $-0.00048597$ & $-0.0185398$ & $-0.0596381$ & $-0.0100346$ & $-0.0161903$ & $-0.00748019$ & $0.000293115$ & $-0.012071$ & $-0.0079165$ & $-0.0392213$ & $0.00125593$ & $0.00745858$ & $-0.00715878$ & $-0.00217379$ & $-0.0210907$ & $1$ & $-0.00749365$ & $0.000756689$ & $0.0163007$ & $-0.00788097$ & $-0.0110403$ & $0.00278964$ & $-0.00538901$ & $0.0261092$ & $-0.0128473$ \\
eHZgaint & $-0.0369426$ & $-0.0648877$ & $-0.00580206$ & $0.015682$ & $0.00686599$ & $0.0162392$ & $0.014481$ & $-0.00182297$ & $-0.00167653$ & $-0.0281844$ & $0.0105055$ & $-0.0422284$ & $-0.0176775$ & $-0.0147489$ & $-0.00838462$ & $0.00154781$ & $-0.0144662$ & $0.00271772$ & $0.000847779$ & $-0.0109195$ & $-0.0230485$ & $-0.0330413$ & $-0.0153943$ & $0.00144815$ & $-0.00177619$ & $0.020393$ & $-0.0111348$ & $0.0116176$ & $0.00140717$ & $-0.0135108$ & $-0.0304442$ & $0.00944606$ & $0.0043185$ & $-0.00382174$ & $0.0299919$ & $-0.0337$ & $0.0186003$ & $0.00133381$ & $0.00810625$ & $-0.00749365$ & $1$ & $0.0080514$ & $-0.00688043$ & $0.00807832$ & $-0.0296996$ & $-0.0332251$ & $-0.0225126$ & $0.0169112$ & $0.0761977$ \\
eHZgapar & $0.0158719$ & $-0.0106481$ & $0.00317839$ & $-0.0142857$ & $0.0167465$ & $0.0241085$ & $0.0490481$ & $0.0126442$ & $0.0126943$ & $0.000854565$ & $-0.0117559$ & $0.0196825$ & $-0.0601151$ & $0.0158425$ & $0.0121741$ & $0.00910692$ & $-0.017084$ & $-0.00619935$ & $-0.0122335$ & $0.0169084$ & $0.0170697$ & $0.0145089$ & $0.00111981$ & $-0.0318116$ & $-0.00942643$ & $0.0146145$ & $-0.00251752$ & $-0.0495833$ & $-0.00309274$ & $-0.0505526$ & $-0.0178499$ & $0.0455651$ & $-0.0437226$ & $-0.00177053$ & $-0.00380319$ & $-0.0104173$ & $0.015721$ & $0.0196781$ & $-0.0174518$ & $0.000756689$ & $0.0080514$ & $1$ & $0.00914001$ & $-0.0408159$ & $-0.0225012$ & $-0.0160901$ & $0.0156305$ & $0.0209643$ & $-0.00841698$ \\
eHgagaint & $0.0276272$ & $-0.00462281$ & $-0.0160102$ & $-0.0260555$ & $0.0248223$ & $0.0247206$ & $-0.0498032$ & $-0.01083$ & $0.027934$ & $-0.0253338$ & $0.0217839$ & $-0.00760515$ & $0.0517016$ & $-0.0147562$ & $-0.0167104$ & $-0.0235549$ & $-0.0142401$ & $-0.00428936$ & $0.00967858$ & $-0.025693$ & $-0.00549428$ & $-0.0199202$ & $0.0104754$ & $-0.0263788$ & $-0.000146078$ & $-0.00454206$ & $0.0107694$ & $-0.0159481$ & $-0.00421232$ & $0.0171383$ & $0.000634695$ & $-0.0584949$ & $-0.00299729$ & $-0.00411216$ & $-0.000705973$ & $0.0603968$ & $0.00819138$ & $0.0225893$ & $0.0335956$ & $0.0163007$ & $-0.00688043$ & $0.00914001$ & $1$ & $-0.0303852$ & $0.0353059$ & $0.00971363$ & $-0.0193332$ & $-0.00541657$ & $-0.0307151$ \\
eHmumuint & $-0.0101314$ & $-0.0244956$ & $-0.0133495$ & $-0.055794$ & $-0.0112209$ & $-0.016074$ & $-0.0643102$ & $-0.0190172$ & $-0.0180387$ & $0.0141087$ & $0.00288946$ & $-0.062831$ & $0.0862569$ & $0.0404559$ & $0.000425277$ & $0.0341939$ & $0.0374456$ & $0.0213266$ & $0.00582577$ & $-0.0263621$ & $-0.000541427$ & $-0.00880046$ & $0.00608875$ & $0.0218731$ & $0.0315742$ & $-0.00549245$ & $-0.0109102$ & $-0.0445151$ & $0.0441563$ & $0.0675361$ & $0.0583049$ & $-0.0594276$ & $0.0712365$ & $-0.0188658$ & $0.0111554$ & $0.00281477$ & $-0.0496597$ & $-0.0311268$ & $-0.028668$ & $-0.00788097$ & $0.00807832$ & $-0.0408159$ & $-0.0303852$ & $1$ & $-0.0441721$ & $-0.0163319$ & $-0.00606504$ & $0.0346912$ & $0.000182368$ \\
eHtautauint & $-0.0465121$ & $0.0269685$ & $-0.04837$ & $0.015007$ & $-0.0221117$ & $0.00523969$ & $-0.0257458$ & $-0.0189551$ & $-0.017274$ & $0.000383112$ & $0.0136141$ & $-0.0494015$ & $0.0386369$ & $0.00155404$ & $-0.00483003$ & $0.00171261$ & $0.00169643$ & $0.00440773$ & $0.0103936$ & $-0.0177347$ & $-0.0269179$ & $-0.0247654$ & $-0.0199658$ & $0.00148736$ & $0.0147484$ & $0.0161174$ & $-0.00462976$ & $-0.0157776$ & $-0.00532626$ & $0.0609044$ & $0.0182386$ & $-0.0189679$ & $0.0237016$ & $-0.0123738$ & $0.00326932$ & $-0.060118$ & $0.0209396$ & $0.0204732$ & $0.0608432$ & $-0.0110403$ & $-0.0296996$ & $-0.0225012$ & $0.0353059$ & $-0.0441721$ & $1$ & $-0.032913$ & $0.0166792$ & $-0.0346392$ & $-0.00392248$ \\
eHccint & $-0.00484312$ & $-0.0069094$ & $-0.000862532$ & $-0.0170943$ & $0.0372328$ & $-0.0382133$ & $-0.0164333$ & $-0.0203298$ & $-0.0194379$ & $0.00187504$ & $0.0255923$ & $-0.0504086$ & $0.00764444$ & $-0.0174606$ & $-0.00191897$ & $-0.00399258$ & $0.0151704$ & $-0.00948072$ & $0.00187663$ & $-0.0206625$ & $-0.0187035$ & $-0.0159421$ & $-0.0315641$ & $0.00644474$ & $-0.000283089$ & $0.0115704$ & $-0.0189007$ & $0.0169319$ & $-0.00632192$ & $0.00779014$ & $0.0718435$ & $-0.0206138$ & $-0.000495782$ & $-0.0233914$ & $-0.0333264$ & $0.0214136$ & $0.0383963$ & $0.0050387$ & $-0.042293$ & $0.00278964$ & $-0.0332251$ & $-0.0160901$ & $0.00971363$ & $-0.0163319$ & $-0.032913$ & $1$ & $-0.0415365$ & $-0.0148861$ & $-0.00153843$ \\
eHccpar & $-0.00209973$ & $0.0423616$ & $0.00567052$ & $0.00520094$ & $-0.0199149$ & $0.00729113$ & $0.0187056$ & $0.0078386$ & $0.0104184$ & $-0.0106291$ & $-0.0110092$ & $-0.0613887$ & $-0.000937056$ & $-0.0072457$ & $0.00451527$ & $0.00316578$ & $0.000457439$ & $-0.0143204$ & $-0.00362855$ & $0.00427168$ & $0.00317983$ & $-0.00636579$ & $0.0473705$ & $-0.0124252$ & $-0.00416605$ & $-0.0116146$ & $0.0268061$ & $0.00196252$ & $-0.00935879$ & $0.0132365$ & $0.251338$ & $0.0209905$ & $0.0104632$ & $0.00594307$ & $-0.013197$ & $-0.0141285$ & $0.0075722$ & $0.00416056$ & $-0.0366357$ & $-0.00538901$ & $-0.0225126$ & $0.0156305$ & $-0.0193332$ & $-0.00606504$ & $0.0166792$ & $-0.0415365$ & $1$ & $0.021656$ & $-0.0355178$ \\
eHbbint & $-0.0087228$ & $-0.00163626$ & $0.00272603$ & $-0.0340385$ & $-0.020839$ & $0.0174815$ & $-0.0411333$ & $0.00379983$ & $0.0017272$ & $-0.000874688$ & $-0.0113637$ & $-0.0540449$ & $0.0317752$ & $0.0179712$ & $-0.00525699$ & $0.00946485$ & $0.00691037$ & $0.0115169$ & $-0.00379804$ & $0.0045959$ & $0.0276194$ & $0.0228336$ & $-0.00710424$ & $0.0078076$ & $0.0133187$ & $0.0027724$ & $-0.00539966$ & $0.00257783$ & $-0.0197116$ & $0.0170655$ & $0.020584$ & $-0.0459694$ & $0.096549$ & $0.00652903$ & $-0.0154699$ & $-0.032711$ & $-0.00985174$ & $0.000779664$ & $0.0167848$ & $0.0261092$ & $0.0169112$ & $0.0209643$ & $-0.00541657$ & $0.0346912$ & $-0.0346392$ & $-0.0148861$ & $0.021656$ & $1$ & $0.0291301$ \\
eHbbpar & $0.0215962$ & $-0.0280476$ & $-0.0603846$ & $0.0441179$ & $-0.0192585$ & $0.0174249$ & $-0.0254105$ & $-0.00536169$ & $-0.00893838$ & $0.0187058$ & $-0.0226386$ & $-0.0305958$ & $0.0216122$ & $0.0374619$ & $0.014331$ & $0.0107875$ & $0.0357286$ & $0.0329524$ & $0.03391$ & $-0.00114296$ & $-0.0170206$ & $0.0107216$ & $-0.029116$ & $0.0323701$ & $0.0412889$ & $-0.000421676$ & $-0.0105518$ & $0.0127016$ & $0.00452343$ & $0.00874353$ & $-0.00105799$ & $-0.0255293$ & $0.26042$ & $-0.00254458$ & $0.0186103$ & $-0.00905357$ & $-0.01849$ & $-0.00240832$ & $0.0112972$ & $-0.0128473$ & $0.0761977$ & $-0.00841698$ & $-0.0307151$ & $0.000182368$ & $-0.00392248$ & $-0.00153843$ & $-0.0355178$ & $0.0291301$ & $1$ \\
