 & AlsMz & dAle5Mz & mtop & mHl & Mz & CW & CHG & CHWB & CHWHB_gaga & CHWHB_gagaorth & CHD & CHbox & CH & CHL1_11 & CHL1_22 & CHL1_33 & CHL3_11 & CHL3_22 & CHL3_33 & CHe_11 & CHe_22 & CHe_33 & CHQ1_11 & CHQ1_33 & CHQ3_11 & CHu_11 & CHd_11 & CHd_33 & CeH_22r & CeH_33r & CuH_22r & CuH_33r & CdH_33r & CLL_1221 & eHggint & eHggpar & eHWWint & eHWWpar & eHZZint & eHZZpar & eHZgaint & eHZgapar & eHgagaint & eHmumuint & eHtautauint & eHccint & eHccpar & eHbbint & eHbbpar \\
AlsMz & $1$ & $0.0576985$ & $0.029054$ & $-0.121732$ & $-0.00168739$ & $-0.0485667$ & $0.068014$ & $-0.0151638$ & $-0.0101898$ & $-0.00512396$ & $-0.00248031$ & $-0.00619741$ & $-0.0267529$ & $-0.00709257$ & $0.0141229$ & $0.0147462$ & $0.0345031$ & $0.0135435$ & $0.00976348$ & $0.00244388$ & $-0.0042941$ & $-0.00781029$ & $0.011225$ & $-0.0456234$ & $-0.0799383$ & $-0.0459944$ & $-0.0705027$ & $0.0225548$ & $0.014193$ & $0.0272906$ & $-0.00827447$ & $0.0681314$ & $-0.0336764$ & $-0.0132676$ & $-0.135275$ & $-0.0760283$ & $-0.235252$ & $-0.0498084$ & $0.0509219$ & $0.023213$ & $-0.0131366$ & $0.0558211$ & $0.00783132$ & $-0.171857$ & $0.0112647$ & $-0.00845975$ & $-0.130796$ & $0.0815268$ & $-0.229672$ \\
dAle5Mz & $0.0576985$ & $1$ & $0.0676843$ & $0.216327$ & $-0.0258807$ & $0.027204$ & $-0.00993061$ & $-0.0638275$ & $-0.0581487$ & $0.00733115$ & $0.0615607$ & $0.0182805$ & $-0.0116234$ & $-0.0438867$ & $-0.0107706$ & $-0.0633217$ & $-0.0064618$ & $-0.0113377$ & $0.0223199$ & $-0.0446468$ & $-0.0423783$ & $-0.0421589$ & $0.0407553$ & $-0.0179123$ & $0.0193359$ & $0.00473809$ & $0.0248942$ & $-0.0448298$ & $0.00823246$ & $0.0225562$ & $-0.0976996$ & $-0.0326967$ & $0.0824704$ & $0.000450523$ & $-0.121484$ & $-0.180744$ & $0.0321908$ & $-0.0103076$ & $0.196585$ & $0.0715205$ & $0.0750249$ & $0.0251372$ & $0.0674545$ & $-0.176031$ & $0.426873$ & $-0.131242$ & $-0.187475$ & $0.104668$ & $0.217084$ \\
mtop & $0.029054$ & $0.0676843$ & $1$ & $-0.0282708$ & $-0.0373266$ & $-0.0503032$ & $0.0019389$ & $-0.0226689$ & $-0.0186756$ & $0.0256289$ & $0.0250314$ & $0.0148501$ & $-0.0214263$ & $-0.0219184$ & $0.0407548$ & $0.00325783$ & $0.0218101$ & $-0.023958$ & $0.00900038$ & $-0.0174974$ & $-0.021611$ & $-0.0161556$ & $-0.028453$ & $0.0227922$ & $-0.0228859$ & $0.0226312$ & $-0.0536611$ & $-0.0256019$ & $0.00795238$ & $-0.0287713$ & $0.0615811$ & $0.00896858$ & $0.0211236$ & $-0.038892$ & $0.0608369$ & $-0.0391097$ & $0.016373$ & $0.00942527$ & $0.202535$ & $-0.0255963$ & $-0.192569$ & $-0.0821276$ & $0.0975947$ & $0.244545$ & $-0.0838943$ & $0.323622$ & $0.217322$ & $0.0477837$ & $0.0493295$ \\
mHl & $-0.121732$ & $0.216327$ & $-0.0282708$ & $1$ & $0.0158163$ & $0.0326629$ & $0.0197106$ & $-0.0581045$ & $-0.0475375$ & $0.0280972$ & $0.0425342$ & $0.00395015$ & $-0.032807$ & $0.0220185$ & $0.00570972$ & $-0.0193279$ & $0.010242$ & $0.0238495$ & $0.0363249$ & $-0.0326278$ & $-0.0424648$ & $-0.0410243$ & $-0.0202834$ & $0.0554983$ & $0.0252322$ & $0.024606$ & $-0.0514908$ & $-0.038768$ & $-0.00478432$ & $-0.0231142$ & $-0.0250769$ & $0.00852763$ & $-0.0146097$ & $-0.0543152$ & $0.0670137$ & $-0.132288$ & $0.192931$ & $-0.00889544$ & $-0.0645827$ & $0.0827743$ & $0.105016$ & $-0.0225041$ & $0.161662$ & $-0.108344$ & $0.0579644$ & $-0.0443304$ & $-0.0858403$ & $0.0806613$ & $0.041347$ \\
Mz & $-0.00168739$ & $-0.0258807$ & $-0.0373266$ & $0.0158163$ & $1$ & $0.00717931$ & $-0.0200945$ & $-0.0116895$ & $-0.0118266$ & $0.0129469$ & $0.00637828$ & $-0.0193482$ & $-0.0163849$ & $0.035739$ & $0.00952527$ & $0.00295894$ & $0.0176243$ & $0.0200147$ & $0.0247135$ & $0.00233683$ & $0.000822962$ & $-0.00115999$ & $-0.0270346$ & $0.013406$ & $0.0239375$ & $0.0181887$ & $-0.0156687$ & $0.0123098$ & $-0.0282341$ & $-0.0095289$ & $0.0127796$ & $-0.0210061$ & $0.00698642$ & $-0.0257687$ & $-0.00266853$ & $-0.0398502$ & $-0.00453042$ & $-0.00837967$ & $-0.007454$ & $-0.0282722$ & $0.0278195$ & $0.00994964$ & $0.0275708$ & $-0.00500539$ & $-0.00621164$ & $0.026798$ & $0.0193989$ & $0.0200268$ & $0.0260122$ \\
CW & $-0.0485667$ & $0.027204$ & $-0.0503032$ & $0.0326629$ & $0.00717931$ & $1$ & $-0.0214079$ & $-0.130978$ & $-0.127934$ & $0.0336122$ & $0.184617$ & $0.0829649$ & $0.0154814$ & $0.0402504$ & $-0.0838143$ & $-0.0911357$ & $-0.259302$ & $-0.0401065$ & $-0.0340681$ & $-0.183677$ & $-0.186733$ & $-0.179069$ & $-0.0251088$ & $0.00484444$ & $-0.0728293$ & $0.121681$ & $-0.0882739$ & $-0.0601646$ & $0.0229664$ & $0.0360884$ & $0.0400691$ & $-0.0214602$ & $0.0265124$ & $-0.13523$ & $0.00908999$ & $-0.0195594$ & $0.0233733$ & $-0.0100634$ & $-0.0364842$ & $0.00314757$ & $0.0212724$ & $0.0117143$ & $-0.0422377$ & $0.00799847$ & $-0.00711834$ & $0.00214078$ & $-0.0433863$ & $-0.0283941$ & $-0.000254547$ \\
CHG & $0.068014$ & $-0.00993061$ & $0.0019389$ & $0.0197106$ & $-0.0200945$ & $-0.0214079$ & $1$ & $-0.113007$ & $-0.0697729$ & $0.0508334$ & $0.0836707$ & $-0.141497$ & $-0.283536$ & $0.00791018$ & $-0.0460844$ & $-0.0385013$ & $0.0716404$ & $0.0849493$ & $0.0772459$ & $-0.084532$ & $-0.0853276$ & $-0.0859333$ & $-0.00499332$ & $0.0846872$ & $0.074926$ & $0.0431656$ & $-0.0442861$ & $-0.0181683$ & $-0.00462031$ & $-0.139019$ & $-0.0988027$ & $0.936022$ & $-0.204131$ & $-0.0520644$ & $0.0185487$ & $-0.0146747$ & $0.0358456$ & $-0.0126009$ & $-0.0141783$ & $0.00881163$ & $-0.0138773$ & $0.0360353$ & $-0.0493761$ & $-0.0009454$ & $0.00116884$ & $0.00972334$ & $-0.0340394$ & $-0.00560441$ & $-0.0390864$ \\
CHWB & $-0.0151638$ & $-0.0638275$ & $-0.0226689$ & $-0.0581045$ & $-0.0116895$ & $-0.130978$ & $-0.113007$ & $1$ & $0.984997$ & $-0.582154$ & $-0.887863$ & $-0.125686$ & $0.331603$ & $0.120711$ & $0.321493$ & $0.317787$ & $-0.243091$ & $-0.436606$ & $-0.446593$ & $0.861178$ & $0.903151$ & $0.884818$ & $0.0657229$ & $-0.675161$ & $-0.428098$ & $-0.525099$ & $0.441811$ & $0.290009$ & $0.00923922$ & $0.121657$ & $0.0984737$ & $-0.0945831$ & $0.140772$ & $0.584201$ & $0.00679833$ & $0.0731535$ & $-0.0615881$ & $-0.00404885$ & $0.0165038$ & $-0.0209116$ & $-0.0108996$ & $0.0318376$ & $0.0240624$ & $-0.0279449$ & $-0.026811$ & $0.0531813$ & $0.0648787$ & $-0.0143605$ & $0.037206$ \\
CHWHB_gaga & $-0.0101898$ & $-0.0581487$ & $-0.0186756$ & $-0.0475375$ & $-0.0118266$ & $-0.127934$ & $-0.0697729$ & $0.984997$ & $1$ & $-0.569032$ & $-0.870249$ & $-0.102802$ & $0.330057$ & $0.110183$ & $0.308662$ & $0.306977$ & $-0.246942$ & $-0.433381$ & $-0.444525$ & $0.843375$ & $0.886457$ & $0.868241$ & $0.0694899$ & $-0.673619$ & $-0.42289$ & $-0.514948$ & $0.445234$ & $0.286685$ & $0.0129251$ & $0.141346$ & $0.107592$ & $-0.0584422$ & $0.165492$ & $0.582241$ & $0.0145805$ & $0.0543462$ & $-0.0692682$ & $-0.00238542$ & $0.023778$ & $-0.0229021$ & $-0.0162015$ & $0.02797$ & $0.0874575$ & $-0.0354226$ & $-0.00934104$ & $0.0420604$ & $0.0716131$ & $0.00100445$ & $0.040891$ \\
CHWHB_gagaorth & $-0.00512396$ & $0.00733115$ & $0.0256289$ & $0.0280972$ & $0.0129469$ & $0.0336122$ & $0.0508334$ & $-0.582154$ & $-0.569032$ & $1$ & $0.391929$ & $0.488825$ & $-0.226617$ & $0.18332$ & $-0.152033$ & $-0.140702$ & $0.404436$ & $0.46996$ & $0.470486$ & $-0.381222$ & $-0.406327$ & $-0.396211$ & $-0.0610712$ & $0.540696$ & $0.482279$ & $0.246742$ & $-0.239298$ & $-0.132837$ & $-0.000244968$ & $-0.119636$ & $-0.088482$ & $0.0601894$ & $-0.126874$ & $-0.359634$ & $0.0127504$ & $-0.0550929$ & $0.0112475$ & $-0.0210519$ & $-0.0139237$ & $-0.00458096$ & $-0.0486692$ & $-0.0313219$ & $-0.00352917$ & $0.0117268$ & $0.0386494$ & $-0.00603139$ & $-0.0173138$ & $0.0269182$ & $-0.0120854$ \\
CHD & $-0.00248031$ & $0.0615607$ & $0.0250314$ & $0.0425342$ & $0.00637828$ & $0.184617$ & $0.0836707$ & $-0.887863$ & $-0.870249$ & $0.391929$ & $1$ & $0.228783$ & $-0.169557$ & $-0.513342$ & $-0.428329$ & $-0.430011$ & $-0.193952$ & $0.0767556$ & $0.0939927$ & $-0.990997$ & $-0.992307$ & $-0.971512$ & $-0.0101616$ & $0.33029$ & $0.0526761$ & $0.568641$ & $-0.323017$ & $-0.326771$ & $0.00477123$ & $-0.0768206$ & $-0.0585506$ & $0.0797325$ & $-0.098188$ & $-0.406814$ & $-0.00160999$ & $-0.045029$ & $0.0775094$ & $0.00344659$ & $-0.00807428$ & $0.0168838$ & $0.00680394$ & $-0.0229026$ & $-0.011918$ & $0.0296093$ & $0.00446895$ & $-0.06486$ & $-0.0545256$ & $0.00153814$ & $-0.0437524$ \\
CHbox & $-0.00619741$ & $0.0182805$ & $0.0148501$ & $0.00395015$ & $-0.0193482$ & $0.0829649$ & $-0.141497$ & $-0.125686$ & $-0.102802$ & $0.488825$ & $0.228783$ & $1$ & $0.400969$ & $-0.257001$ & $-0.038306$ & $-0.0398199$ & $-0.221877$ & $-0.168364$ & $-0.163218$ & $-0.215366$ & $-0.23092$ & $-0.220396$ & $-0.0133446$ & $-0.0517518$ & $-0.154732$ & $0.137107$ & $-0.079727$ & $-0.0856919$ & $0.0742001$ & $0.282311$ & $0.0880107$ & $-0.055982$ & $0.3537$ & $-0.0853209$ & $0.0318355$ & $0.0263406$ & $-0.00295082$ & $-0.0259642$ & $-0.0149664$ & $-0.0226618$ & $-0.0437642$ & $-0.00915446$ & $-0.0226721$ & $-0.00220852$ & $0.0108331$ & $-0.0187941$ & $-0.0116505$ & $0.00558643$ & $0.000313303$ \\
CH & $-0.0267529$ & $-0.0116234$ & $-0.0214263$ & $-0.032807$ & $-0.0163849$ & $0.0154814$ & $-0.283536$ & $0.331603$ & $0.330057$ & $-0.226617$ & $-0.169557$ & $0.400969$ & $1$ & $-0.213836$ & $0.074145$ & $0.0621104$ & $-0.344064$ & $-0.361398$ & $-0.35796$ & $0.166662$ & $0.178278$ & $0.175308$ & $0.0328842$ & $-0.36554$ & $-0.358402$ & $-0.0950572$ & $0.150278$ & $0.0444567$ & $0.0367538$ & $0.2577$ & $0.121777$ & $-0.233766$ & $0.335406$ & $0.21022$ & $0.0297981$ & $0.049291$ & $-0.0275551$ & $-0.00405944$ & $-0.0256615$ & $3.15117e-05$ & $-0.0154151$ & $0.00571843$ & $0.0192245$ & $-0.0311487$ & $0.0137739$ & $-0.00719466$ & $0.0360458$ & $0.00511012$ & $0.0388881$ \\
CHL1_11 & $-0.00709257$ & $-0.0438867$ & $-0.0219184$ & $0.0220185$ & $0.035739$ & $0.0402504$ & $0.00791018$ & $0.120711$ & $0.110183$ & $0.18332$ & $-0.513342$ & $-0.257001$ & $-0.213836$ & $1$ & $0.262453$ & $0.263537$ & $0.624915$ & $0.587463$ & $0.577181$ & $0.530151$ & $0.477573$ & $0.467555$ & $-0.0836099$ & $0.435283$ & $0.5864$ & $-0.262903$ & $-0.0778843$ & $0.158472$ & $-0.0156373$ & $-0.0371563$ & $-0.0289427$ & $-0.0185005$ & $-0.0362606$ & $-0.186991$ & $-0.000529061$ & $-0.0307884$ & $-0.033632$ & $0.00108633$ & $-0.0224732$ & $-0.0062435$ & $0.0166243$ & $-0.000332968$ & $-0.0232839$ & $-0.0107669$ & $0.0258899$ & $0.0673544$ & $0.00081201$ & $0.0123291$ & $0.0228108$ \\
CHL1_22 & $0.0141229$ & $-0.0107706$ & $0.0407548$ & $0.00570972$ & $0.00952527$ & $-0.0838143$ & $-0.0460844$ & $0.321493$ & $0.308662$ & $-0.152033$ & $-0.428329$ & $-0.038306$ & $0.074145$ & $0.262453$ & $1$ & $0.39643$ & $0.139566$ & $-0.45219$ & $-0.0273182$ & $0.487053$ & $0.355348$ & $0.34088$ & $-0.155024$ & $0.0711472$ & $-0.124514$ & $-0.18457$ & $-0.330732$ & $0.124041$ & $-0.00428521$ & $0.0140559$ & $0.0345535$ & $-0.0528666$ & $0.0475874$ & $-0.547514$ & $-0.0247098$ & $-0.0392381$ & $0.0114365$ & $-0.0210603$ & $-0.0208734$ & $0.01864$ & $0.00769282$ & $-0.0138124$ & $-0.0874903$ & $0.0352506$ & $-0.0421575$ & $0.0202655$ & $0.0410956$ & $0.014413$ & $0.0522172$ \\
CHL1_33 & $0.0147462$ & $-0.0633217$ & $0.00325783$ & $-0.0193279$ & $0.00295894$ & $-0.0911357$ & $-0.0385013$ & $0.317787$ & $0.306977$ & $-0.140702$ & $-0.430011$ & $-0.0398199$ & $0.0621104$ & $0.263537$ & $0.39643$ & $1$ & $0.157967$ & $0.00492721$ & $-0.444121$ & $0.489052$ & $0.356892$ & $0.37656$ & $-0.168381$ & $0.0851913$ & $-0.0988756$ & $-0.168138$ & $-0.31066$ & $0.130388$ & $-0.0132404$ & $0.00188314$ & $0.0221248$ & $-0.0328597$ & $0.0324052$ & $-0.0188159$ & $0.0374497$ & $-0.0234884$ & $0.0196949$ & $-0.0433384$ & $-0.0609478$ & $-0.0179887$ & $0.0257367$ & $-0.00493921$ & $-0.0398997$ & $0.0139497$ & $-0.064352$ & $-0.0216362$ & $0.0398027$ & $0.00245609$ & $0.0279817$ \\
CHL3_11 & $0.0345031$ & $-0.0064618$ & $0.0218101$ & $0.010242$ & $0.0176243$ & $-0.259302$ & $0.0716404$ & $-0.243091$ & $-0.246942$ & $0.404436$ & $-0.193952$ & $-0.221877$ & $-0.344064$ & $0.624915$ & $0.139566$ & $0.157967$ & $1$ & $0.743302$ & $0.726621$ & $0.215783$ & $0.164809$ & $0.159278$ & $-0.0801428$ & $0.671365$ & $0.789011$ & $-0.0818628$ & $-0.149618$ & $0.0790581$ & $-0.0297643$ & $-0.104033$ & $-0.0901671$ & $0.0471311$ & $-0.0967811$ & $-0.230433$ & $-0.0112028$ & $-0.0409695$ & $-0.045212$ & $0.00967998$ & $-0.00407552$ & $0.00637922$ & $-0.0186625$ & $-0.0222776$ & $-0.00317675$ & $0.000709274$ & $0.0467027$ & $0.0150877$ & $-0.00374213$ & $0.0277498$ & $0.00950638$ \\
CHL3_22 & $0.0135435$ & $-0.0113377$ & $-0.023958$ & $0.0238495$ & $0.0200147$ & $-0.0401065$ & $0.0849493$ & $-0.436606$ & $-0.433381$ & $0.46996$ & $0.0767556$ & $-0.168364$ & $-0.361398$ & $0.587463$ & $-0.45219$ & $0.00492721$ & $0.743302$ & $1$ & $0.666032$ & $-0.0751741$ & $-0.0755689$ & $-0.0676963$ & $-0.0166574$ & $0.631353$ & $0.79891$ & $0.0487901$ & $-0.0397836$ & $-0.012414$ & $-0.0225633$ & $-0.0999279$ & $-0.0970199$ & $0.0625509$ & $-0.115913$ & $0.0145695$ & $0.0126697$ & $-0.0272374$ & $-0.0318031$ & $0.012013$ & $-0.0111643$ & $-0.00718855$ & $0.00209854$ & $-0.0108034$ & $0.0302723$ & $-0.0180404$ & $0.0574517$ & $0.0121707$ & $-0.0394178$ & $0.0113495$ & $-0.0238501$ \\
CHL3_33 & $0.00976348$ & $0.0223199$ & $0.00900038$ & $0.0363249$ & $0.0247135$ & $-0.0340681$ & $0.0772459$ & $-0.446593$ & $-0.444525$ & $0.470486$ & $0.0939927$ & $-0.163218$ & $-0.35796$ & $0.577181$ & $-0.0273182$ & $-0.444121$ & $0.726621$ & $0.666032$ & $1$ & $-0.0945236$ & $-0.0890387$ & $-0.0861235$ & $0.00324474$ & $0.621587$ & $0.788868$ & $0.0409503$ & $-0.0396393$ & $-0.0221789$ & $-0.0188527$ & $-0.0868254$ & $-0.0906367$ & $0.0462389$ & $-0.106662$ & $-0.373649$ & $-0.0340507$ & $-0.0369337$ & $-0.0399073$ & $0.0310091$ & $0.0203918$ & $0.0172398$ & $-0.0149748$ & $-0.0198678$ & $-0.00516308$ & $0.000908662$ & $0.0714086$ & $0.0430704$ & $-0.039496$ & $0.0177571$ & $-0.00443925$ \\
CHe_11 & $0.00244388$ & $-0.0446468$ & $-0.0174974$ & $-0.0326278$ & $0.00233683$ & $-0.183677$ & $-0.084532$ & $0.861178$ & $0.843375$ & $-0.381222$ & $-0.990997$ & $-0.215366$ & $0.166662$ & $0.530151$ & $0.487053$ & $0.489052$ & $0.215783$ & $-0.0751741$ & $-0.0945236$ & $1$ & $0.975532$ & $0.955609$ & $-0.012844$ & $-0.279443$ & $-0.0416001$ & $-0.555224$ & $0.254983$ & $0.322074$ & $-0.00813191$ & $0.072152$ & $0.0559911$ & $-0.0816552$ & $0.0989497$ & $0.33463$ & $0.00262886$ & $0.0332816$ & $-0.0705182$ & $-0.00697725$ & $0.00747364$ & $-0.0129457$ & $-0.00172294$ & $0.0187809$ & $0.00552153$ & $-0.0270635$ & $-0.00183796$ & $0.0634082$ & $0.0520314$ & $0.00340085$ & $0.051587$ \\
CHe_22 & $-0.0042941$ & $-0.0423783$ & $-0.021611$ & $-0.0424648$ & $0.000822962$ & $-0.186733$ & $-0.0853276$ & $0.903151$ & $0.886457$ & $-0.406327$ & $-0.992307$ & $-0.23092$ & $0.178278$ & $0.477573$ & $0.355348$ & $0.356892$ & $0.164809$ & $-0.0755689$ & $-0.0890387$ & $0.975532$ & $1$ & $0.975651$ & $0.0373845$ & $-0.380991$ & $-0.0620061$ & $-0.576666$ & $0.393551$ & $0.326207$ & $-0.00400987$ & $0.0821646$ & $0.0586856$ & $-0.0803627$ & $0.102512$ & $0.481585$ & $-0.000347855$ & $0.0512645$ & $-0.0802331$ & $0.00155796$ & $0.0195832$ & $-0.0181514$ & $-0.010673$ & $0.0242182$ & $0.0243999$ & $-0.0362659$ & $0.00735195$ & $0.0665013$ & $0.0520917$ & $-0.00010291$ & $0.0463618$ \\
CHe_33 & $-0.00781029$ & $-0.0421589$ & $-0.0161556$ & $-0.0410243$ & $-0.00115999$ & $-0.179069$ & $-0.0859333$ & $0.884818$ & $0.868241$ & $-0.396211$ & $-0.971512$ & $-0.220396$ & $0.175308$ & $0.467555$ & $0.34088$ & $0.37656$ & $0.159278$ & $-0.0676963$ & $-0.0861235$ & $0.955609$ & $0.975651$ & $1$ & $0.0391061$ & $-0.371587$ & $-0.0569277$ & $-0.563738$ & $0.390647$ & $0.319691$ & $-0.00246146$ & $0.0841708$ & $0.0576593$ & $-0.080458$ & $0.106637$ & $0.479816$ & $-0.00662245$ & $0.0506589$ & $-0.0844266$ & $0.00158419$ & $0.0148699$ & $-0.0137588$ & $-0.0138194$ & $0.0248925$ & $0.0171535$ & $-0.0286399$ & $0.00434313$ & $0.0648336$ & $0.0490934$ & $-0.00228377$ & $0.0537868$ \\
CHQ1_11 & $0.011225$ & $0.0407553$ & $-0.028453$ & $-0.0202834$ & $-0.0270346$ & $-0.0251088$ & $-0.00499332$ & $0.0657229$ & $0.0694899$ & $-0.0610712$ & $-0.0101616$ & $-0.0133446$ & $0.0328842$ & $-0.0836099$ & $-0.155024$ & $-0.168381$ & $-0.0801428$ & $-0.0166574$ & $0.00324474$ & $-0.012844$ & $0.0373845$ & $0.0391061$ & $1$ & $-0.13518$ & $0.053725$ & $-0.682338$ & $0.345628$ & $0.0380538$ & $0.00604287$ & $0.0187075$ & $0.0302686$ & $-0.00821575$ & $0.00281385$ & $0.186597$ & $0.00637357$ & $0.0439899$ & $-0.0326757$ & $0.0663361$ & $0.0858659$ & $-0.00341086$ & $-0.0208706$ & $0.0167355$ & $0.0346029$ & $-0.0533131$ & $0.0225222$ & $0.0362676$ & $0.0308274$ & $0.00838741$ & $0.0154352$ \\
CHQ1_33 & $-0.0456234$ & $-0.0179123$ & $0.0227922$ & $0.0554983$ & $0.013406$ & $0.00484444$ & $0.0846872$ & $-0.675161$ & $-0.673619$ & $0.540696$ & $0.33029$ & $-0.0517518$ & $-0.36554$ & $0.435283$ & $0.0711472$ & $0.0851913$ & $0.671365$ & $0.631353$ & $0.621587$ & $-0.279443$ & $-0.380991$ & $-0.371587$ & $-0.13518$ & $1$ & $0.672903$ & $0.236482$ & $-0.409081$ & $-0.0204764$ & $-0.012533$ & $-0.135978$ & $-0.097002$ & $0.0611979$ & $-0.131701$ & $-0.625624$ & $0.0134225$ & $-0.0620392$ & $0.028788$ & $0.0094027$ & $-0.0416564$ & $0.00835817$ & $-0.00134945$ & $-0.0365104$ & $-0.042893$ & $0.0499588$ & $0.0263269$ & $-0.000178695$ & $-0.0272642$ & $0.0334643$ & $-0.00804605$ \\
CHQ3_11 & $-0.0799383$ & $0.0193359$ & $-0.0228859$ & $0.0252322$ & $0.0239375$ & $-0.0728293$ & $0.074926$ & $-0.428098$ & $-0.42289$ & $0.482279$ & $0.0526761$ & $-0.154732$ & $-0.358402$ & $0.5864$ & $-0.124514$ & $-0.0988756$ & $0.789011$ & $0.79891$ & $0.788868$ & $-0.0416001$ & $-0.0620061$ & $-0.0569277$ & $0.053725$ & $0.672903$ & $1$ & $0.0400578$ & $0.160543$ & $0.00629157$ & $-0.0243599$ & $-0.0904458$ & $-0.102119$ & $0.0473126$ & $-0.0970087$ & $-0.242244$ & $0.0101272$ & $-0.0113425$ & $-0.0297897$ & $0.0184233$ & $0.024229$ & $-0.0100141$ & $-0.0280971$ & $0.00148258$ & $0.0384458$ & $-0.0195343$ & $0.0973022$ & $0.041326$ & $-0.0158987$ & $0.0278515$ & $0.0390821$ \\
CHu_11 & $-0.0459944$ & $0.00473809$ & $0.0226312$ & $0.024606$ & $0.0181887$ & $0.121681$ & $0.0431656$ & $-0.525099$ & $-0.514948$ & $0.246742$ & $0.568641$ & $0.137107$ & $-0.0950572$ & $-0.262903$ & $-0.18457$ & $-0.168138$ & $-0.0818628$ & $0.0487901$ & $0.0409503$ & $-0.555224$ & $-0.576666$ & $-0.563738$ & $-0.682338$ & $0.236482$ & $0.0400578$ & $1$ & $-0.229706$ & $-0.199001$ & $-0.00918341$ & $-0.0482054$ & $-0.0660347$ & $0.0454461$ & $-0.0558642$ & $-0.297938$ & $-0.00400496$ & $-0.0452467$ & $0.0647958$ & $-0.0477928$ & $-0.0551991$ & $-0.00122703$ & $-0.00927611$ & $-0.0183066$ & $0.00542494$ & $0.0491756$ & $0.00744236$ & $-0.073673$ & $-0.0526946$ & $0.0104158$ & $-0.0366806$ \\
CHd_11 & $-0.0705027$ & $0.0248942$ & $-0.0536611$ & $-0.0514908$ & $-0.0156687$ & $-0.0882739$ & $-0.0442861$ & $0.441811$ & $0.445234$ & $-0.239298$ & $-0.323017$ & $-0.079727$ & $0.150278$ & $-0.0778843$ & $-0.330732$ & $-0.31066$ & $-0.149618$ & $-0.0397836$ & $-0.0396393$ & $0.254983$ & $0.393551$ & $0.390647$ & $0.345628$ & $-0.409081$ & $0.160543$ & $-0.229706$ & $1$ & $0.123329$ & $0.0117459$ & $0.081134$ & $0.0160445$ & $-0.0332156$ & $0.0694254$ & $0.661589$ & $0.00815046$ & $0.110343$ & $-0.0897351$ & $0.0288316$ & $0.094186$ & $-0.0382935$ & $-0.0682845$ & $0.0551417$ & $0.125025$ & $-0.0739483$ & $0.0984284$ & $0.0633926$ & $0.0188361$ & $0.0135601$ & $0.0394037$ \\
CHd_33 & $0.0225548$ & $-0.0448298$ & $-0.0256019$ & $-0.038768$ & $0.0123098$ & $-0.0601646$ & $-0.0181683$ & $0.290009$ & $0.286685$ & $-0.132837$ & $-0.326771$ & $-0.0856919$ & $0.0444567$ & $0.158472$ & $0.124041$ & $0.130388$ & $0.0790581$ & $-0.012414$ & $-0.0221789$ & $0.322074$ & $0.326207$ & $0.319691$ & $0.0380538$ & $-0.0204764$ & $0.00629157$ & $-0.199001$ & $0.123329$ & $1$ & $-0.00514291$ & $0.0345149$ & $0.0321793$ & $-0.00993028$ & $0.0298358$ & $0.153032$ & $0.0336704$ & $0.00932758$ & $-0.0369877$ & $0.00493591$ & $-0.0413946$ & $-0.0162889$ & $0.0022821$ & $0.036172$ & $0.0188046$ & $-0.0119452$ & $0.0447836$ & $0.00287687$ & $0.0380524$ & $0.0169345$ & $-0.00718788$ \\
CeH_22r & $0.014193$ & $0.00823246$ & $0.00795238$ & $-0.00478432$ & $-0.0282341$ & $0.0229664$ & $-0.00462031$ & $0.00923922$ & $0.0129251$ & $-0.000244968$ & $0.00477123$ & $0.0742001$ & $0.0367538$ & $-0.0156373$ & $-0.00428521$ & $-0.0132404$ & $-0.0297643$ & $-0.0225633$ & $-0.0188527$ & $-0.00813191$ & $-0.00400987$ & $-0.00246146$ & $0.00604287$ & $-0.012533$ & $-0.0243599$ & $-0.00918341$ & $0.0117459$ & $-0.00514291$ & $1$ & $0.0377759$ & $0.025003$ & $-0.019806$ & $0.04167$ & $0.0116162$ & $-0.00845265$ & $0.00823565$ & $-0.0209785$ & $-0.0132248$ & $0.0450767$ & $-0.0225518$ & $0.028779$ & $0.0190704$ & $-0.05002$ & $-0.0150513$ & $-0.0116998$ & $0.0302134$ & $-0.0245888$ & $-0.030628$ & $-0.0228308$ \\
CeH_33r & $0.0272906$ & $0.0225562$ & $-0.0287713$ & $-0.0231142$ & $-0.0095289$ & $0.0360884$ & $-0.139019$ & $0.121657$ & $0.141346$ & $-0.119636$ & $-0.0768206$ & $0.282311$ & $0.2577$ & $-0.0371563$ & $0.0140559$ & $0.00188314$ & $-0.104033$ & $-0.0999279$ & $-0.0868254$ & $0.072152$ & $0.0821646$ & $0.0841708$ & $0.0187075$ & $-0.135978$ & $-0.0904458$ & $-0.0482054$ & $0.081134$ & $0.0345149$ & $0.0377759$ & $1$ & $0.300034$ & $0.0070553$ & $0.657749$ & $0.0828156$ & $-0.0294072$ & $0.0206718$ & $-0.152194$ & $-0.0154904$ & $0.0179953$ & $-0.0185958$ & $-0.0212866$ & $-0.0220944$ & $0.0156877$ & $-0.0544946$ & $0.0584273$ & $-0.00321936$ & $-0.0196683$ & $-0.00395733$ & $-0.00491477$ \\
CuH_22r & $-0.00827447$ & $-0.0976996$ & $0.0615811$ & $-0.0250769$ & $0.0127796$ & $0.0400691$ & $-0.0988027$ & $0.0984737$ & $0.107592$ & $-0.088482$ & $-0.0585506$ & $0.0880107$ & $0.121777$ & $-0.0289427$ & $0.0345535$ & $0.0221248$ & $-0.0901671$ & $-0.0970199$ & $-0.0906367$ & $0.0559911$ & $0.0586856$ & $0.0576593$ & $0.0302686$ & $-0.097002$ & $-0.102119$ & $-0.0660347$ & $0.0160445$ & $0.0321793$ & $0.025003$ & $0.300034$ & $1$ & $-0.00987499$ & $0.387539$ & $0.0429852$ & $0.0683957$ & $0.0306456$ & $-0.0942521$ & $0.0220433$ & $-0.0350471$ & $-0.0311673$ & $-0.0724287$ & $-0.0114063$ & $0.0552242$ & $0.0310725$ & $-0.0441704$ & $0.057589$ & $0.254155$ & $0.00494675$ & $0.0510307$ \\
CuH_33r & $0.0681314$ & $-0.0326967$ & $0.00896858$ & $0.00852763$ & $-0.0210061$ & $-0.0214602$ & $0.936022$ & $-0.0945831$ & $-0.0584422$ & $0.0601894$ & $0.0797325$ & $-0.055982$ & $-0.233766$ & $-0.0185005$ & $-0.0528666$ & $-0.0328597$ & $0.0471311$ & $0.0625509$ & $0.0462389$ & $-0.0816552$ & $-0.0803627$ & $-0.080458$ & $-0.00821575$ & $0.0611979$ & $0.0473126$ & $0.0454461$ & $-0.0332156$ & $-0.00993028$ & $-0.019806$ & $0.0070553$ & $-0.00987499$ & $1$ & $-0.013948$ & $-0.0296271$ & $0.0625884$ & $0.0207077$ & $-0.00385722$ & $-0.0163228$ & $0.0023195$ & $-0.00712035$ & $-0.0264631$ & $0.0409797$ & $-0.0340711$ & $0.00294587$ & $-0.01449$ & $0.0103758$ & $-0.0239852$ & $-0.00255389$ & $-0.0306829$ \\
CdH_33r & $-0.0336764$ & $0.0824704$ & $0.0211236$ & $-0.0146097$ & $0.00698642$ & $0.0265124$ & $-0.204131$ & $0.140772$ & $0.165492$ & $-0.126874$ & $-0.098188$ & $0.3537$ & $0.335406$ & $-0.0362606$ & $0.0475874$ & $0.0324052$ & $-0.0967811$ & $-0.115913$ & $-0.106662$ & $0.0989497$ & $0.102512$ & $0.106637$ & $0.00281385$ & $-0.131701$ & $-0.0970087$ & $-0.0558642$ & $0.0694254$ & $0.0298358$ & $0.04167$ & $0.657749$ & $0.387539$ & $-0.013948$ & $1$ & $0.0785791$ & $-0.00658632$ & $0.0689306$ & $-0.159874$ & $-0.0502707$ & $-0.0173319$ & $-0.00158642$ & $-0.0218433$ & $-0.00904271$ & $0.0450482$ & $0.00301579$ & $0.0246066$ & $-0.0494572$ & $0.0495823$ & $0.152608$ & $0.372091$ \\
CLL_1221 & $-0.0132676$ & $0.000450523$ & $-0.038892$ & $-0.0543152$ & $-0.0257687$ & $-0.13523$ & $-0.0520644$ & $0.584201$ & $0.582241$ & $-0.359634$ & $-0.406814$ & $-0.0853209$ & $0.21022$ & $-0.186991$ & $-0.547514$ & $-0.0188159$ & $-0.230433$ & $0.0145695$ & $-0.373649$ & $0.33463$ & $0.481585$ & $0.479816$ & $0.186597$ & $-0.625624$ & $-0.242244$ & $-0.297938$ & $0.661589$ & $0.153032$ & $0.0116162$ & $0.0828156$ & $0.0429852$ & $-0.0296271$ & $0.0785791$ & $1$ & $0.0181994$ & $0.0901839$ & $-0.0673901$ & $0.0129821$ & $0.0420058$ & $-0.0296424$ & $-0.022895$ & $0.0365311$ & $0.100289$ & $-0.0604124$ & $0.0323042$ & $0.0115104$ & $0.0199635$ & $-0.0189113$ & $-0.00134877$ \\
eHggint & $-0.135275$ & $-0.121484$ & $0.0608369$ & $0.0670137$ & $-0.00266853$ & $0.00908999$ & $0.0185487$ & $0.00679833$ & $0.0145805$ & $0.0127504$ & $-0.00160999$ & $0.0318355$ & $0.0297981$ & $-0.000529061$ & $-0.0247098$ & $0.0374497$ & $-0.0112028$ & $0.0126697$ & $-0.0340507$ & $0.00262886$ & $-0.000347855$ & $-0.00662245$ & $0.00637357$ & $0.0134225$ & $0.0101272$ & $-0.00400496$ & $0.00815046$ & $0.0336704$ & $-0.00845265$ & $-0.0294072$ & $0.0683957$ & $0.0625884$ & $-0.00658632$ & $0.0181994$ & $1$ & $-0.201707$ & $0.0246628$ & $0.0195383$ & $0.0983577$ & $-0.0932344$ & $-0.0225913$ & $0.00147536$ & $0.235924$ & $-0.283978$ & $-0.0650778$ & $0.0483914$ & $0.272349$ & $0.0441039$ & $0.0131602$ \\
eHggpar & $-0.0760283$ & $-0.180744$ & $-0.0391097$ & $-0.132288$ & $-0.0398502$ & $-0.0195594$ & $-0.0146747$ & $0.0731535$ & $0.0543462$ & $-0.0550929$ & $-0.045029$ & $0.0263406$ & $0.049291$ & $-0.0307884$ & $-0.0392381$ & $-0.0234884$ & $-0.0409695$ & $-0.0272374$ & $-0.0369337$ & $0.0332816$ & $0.0512645$ & $0.0506589$ & $0.0439899$ & $-0.0620392$ & $-0.0113425$ & $-0.0452467$ & $0.110343$ & $0.00932758$ & $0.00823565$ & $0.0206718$ & $0.0306456$ & $0.0207077$ & $0.0689306$ & $0.0901839$ & $-0.201707$ & $1$ & $-0.149542$ & $0.0494826$ & $-0.0353207$ & $-0.000305528$ & $0.0299974$ & $-0.000232195$ & $-0.273695$ & $0.443579$ & $-0.263661$ & $0.103933$ & $0.0399739$ & $-0.199754$ & $0.142606$ \\
eHWWint & $-0.235252$ & $0.0321908$ & $0.016373$ & $0.192931$ & $-0.00453042$ & $0.0233733$ & $0.0358456$ & $-0.0615881$ & $-0.0692682$ & $0.0112475$ & $0.0775094$ & $-0.00295082$ & $-0.0275551$ & $-0.033632$ & $0.0114365$ & $0.0196949$ & $-0.045212$ & $-0.0318031$ & $-0.0399073$ & $-0.0705182$ & $-0.0802331$ & $-0.0844266$ & $-0.0326757$ & $0.028788$ & $-0.0297897$ & $0.0647958$ & $-0.0897351$ & $-0.0369877$ & $-0.0209785$ & $-0.152194$ & $-0.0942521$ & $-0.00385722$ & $-0.159874$ & $-0.0673901$ & $0.0246628$ & $-0.149542$ & $1$ & $0.00944656$ & $-0.0984224$ & $0.0264298$ & $0.314571$ & $-0.0392865$ & $-0.0202233$ & $-0.0448215$ & $0.0719839$ & $-0.0327602$ & $0.0426065$ & $0.135162$ & $0.0124698$ \\
eHWWpar & $-0.0498084$ & $-0.0103076$ & $0.00942527$ & $-0.00889544$ & $-0.00837967$ & $-0.0100634$ & $-0.0126009$ & $-0.00404885$ & $-0.00238542$ & $-0.0210519$ & $0.00344659$ & $-0.0259642$ & $-0.00405944$ & $0.00108633$ & $-0.0210603$ & $-0.0433384$ & $0.00967998$ & $0.012013$ & $0.0310091$ & $-0.00697725$ & $0.00155796$ & $0.00158419$ & $0.0663361$ & $0.0094027$ & $0.0184233$ & $-0.0477928$ & $0.0288316$ & $0.00493591$ & $-0.0132248$ & $-0.0154904$ & $0.0220433$ & $-0.0163228$ & $-0.0502707$ & $0.0129821$ & $0.0195383$ & $0.0494826$ & $0.00944656$ & $1$ & $0.00315824$ & $0.0200852$ & $0.0400526$ & $0.0369225$ & $0.0682189$ & $0.0277342$ & $0.0197057$ & $0.0278575$ & $0.0348664$ & $-0.0596774$ & $-0.039725$ \\
eHZZint & $0.0509219$ & $0.196585$ & $0.202535$ & $-0.0645827$ & $-0.007454$ & $-0.0364842$ & $-0.0141783$ & $0.0165038$ & $0.023778$ & $-0.0139237$ & $-0.00807428$ & $-0.0149664$ & $-0.0256615$ & $-0.0224732$ & $-0.0208734$ & $-0.0609478$ & $-0.00407552$ & $-0.0111643$ & $0.0203918$ & $0.00747364$ & $0.0195832$ & $0.0148699$ & $0.0858659$ & $-0.0416564$ & $0.024229$ & $-0.0551991$ & $0.094186$ & $-0.0413946$ & $0.0450767$ & $0.0179953$ & $-0.0350471$ & $0.0023195$ & $-0.0173319$ & $0.0420058$ & $0.0983577$ & $-0.0353207$ & $-0.0984224$ & $0.00315824$ & $1$ & $0.00869804$ & $-0.0290173$ & $0.00762301$ & $0.114219$ & $-0.178999$ & $0.0991839$ & $0.13362$ & $-0.0554535$ & $-0.0137851$ & $-0.013351$ \\
eHZZpar & $0.023213$ & $0.0715205$ & $-0.0255963$ & $0.0827743$ & $-0.0282722$ & $0.00314757$ & $0.00881163$ & $-0.0209116$ & $-0.0229021$ & $-0.00458096$ & $0.0168838$ & $-0.0226618$ & $3.15117e-05$ & $-0.0062435$ & $0.01864$ & $-0.0179887$ & $0.00637922$ & $-0.00718855$ & $0.0172398$ & $-0.0129457$ & $-0.0181514$ & $-0.0137588$ & $-0.00341086$ & $0.00835817$ & $-0.0100141$ & $-0.00122703$ & $-0.0382935$ & $-0.0162889$ & $-0.0225518$ & $-0.0185958$ & $-0.0311673$ & $-0.00712035$ & $-0.00158642$ & $-0.0296424$ & $-0.0932344$ & $-0.000305528$ & $0.0264298$ & $0.0200852$ & $0.00869804$ & $1$ & $0.0307765$ & $0.000256919$ & $-0.0433671$ & $0.0467137$ & $0.0187767$ & $-0.0673223$ & $-0.0454203$ & $0.00922116$ & $0.0612456$ \\
eHZgaint & $-0.0131366$ & $0.0750249$ & $-0.192569$ & $0.105016$ & $0.0278195$ & $0.0212724$ & $-0.0138773$ & $-0.0108996$ & $-0.0162015$ & $-0.0486692$ & $0.00680394$ & $-0.0437642$ & $-0.0154151$ & $0.0166243$ & $0.00769282$ & $0.0257367$ & $-0.0186625$ & $0.00209854$ & $-0.0149748$ & $-0.00172294$ & $-0.010673$ & $-0.0138194$ & $-0.0208706$ & $-0.00134945$ & $-0.0280971$ & $-0.00927611$ & $-0.0682845$ & $0.0022821$ & $0.028779$ & $-0.0212866$ & $-0.0724287$ & $-0.0264631$ & $-0.0218433$ & $-0.022895$ & $-0.0225913$ & $0.0299974$ & $0.314571$ & $0.0400526$ & $-0.0290173$ & $0.0307765$ & $1$ & $0.0455743$ & $-0.00504992$ & $-0.0357188$ & $-0.00555485$ & $0.0128473$ & $-0.221688$ & $-0.133331$ & $0.167502$ \\
eHZgapar & $0.0558211$ & $0.0251372$ & $-0.0821276$ & $-0.0225041$ & $0.00994964$ & $0.0117143$ & $0.0360353$ & $0.0318376$ & $0.02797$ & $-0.0313219$ & $-0.0229026$ & $-0.00915446$ & $0.00571843$ & $-0.000332968$ & $-0.0138124$ & $-0.00493921$ & $-0.0222776$ & $-0.0108034$ & $-0.0198678$ & $0.0187809$ & $0.0242182$ & $0.0248925$ & $0.0167355$ & $-0.0365104$ & $0.00148258$ & $-0.0183066$ & $0.0551417$ & $0.036172$ & $0.0190704$ & $-0.0220944$ & $-0.0114063$ & $0.0409797$ & $-0.00904271$ & $0.0365311$ & $0.00147536$ & $-0.000232195$ & $-0.0392865$ & $0.0369225$ & $0.00762301$ & $0.000256919$ & $0.0455743$ & $1$ & $-0.0183731$ & $-0.0466964$ & $-0.00534481$ & $-0.0405143$ & $-0.00990246$ & $0.021889$ & $-0.0110502$ \\
eHgagaint & $0.00783132$ & $0.0674545$ & $0.0975947$ & $0.161662$ & $0.0275708$ & $-0.0422377$ & $-0.0493761$ & $0.0240624$ & $0.0874575$ & $-0.00352917$ & $-0.011918$ & $-0.0226721$ & $0.0192245$ & $-0.0232839$ & $-0.0874903$ & $-0.0398997$ & $-0.00317675$ & $0.0302723$ & $-0.00516308$ & $0.00552153$ & $0.0243999$ & $0.0171535$ & $0.0346029$ & $-0.042893$ & $0.0384458$ & $0.00542494$ & $0.125025$ & $0.0188046$ & $-0.05002$ & $0.0156877$ & $0.0552242$ & $-0.0340711$ & $0.0450482$ & $0.100289$ & $0.235924$ & $-0.273695$ & $-0.0202233$ & $0.0682189$ & $0.114219$ & $-0.0433671$ & $-0.00504992$ & $-0.0183731$ & $1$ & $-0.104334$ & $0.217596$ & $-0.114217$ & $0.131126$ & $0.222702$ & $-0.00302445$ \\
eHmumuint & $-0.171857$ & $-0.176031$ & $0.244545$ & $-0.108344$ & $-0.00500539$ & $0.00799847$ & $-0.0009454$ & $-0.0279449$ & $-0.0354226$ & $0.0117268$ & $0.0296093$ & $-0.00220852$ & $-0.0311487$ & $-0.0107669$ & $0.0352506$ & $0.0139497$ & $0.000709274$ & $-0.0180404$ & $0.000908662$ & $-0.0270635$ & $-0.0362659$ & $-0.0286399$ & $-0.0533131$ & $0.0499588$ & $-0.0195343$ & $0.0491756$ & $-0.0739483$ & $-0.0119452$ & $-0.0150513$ & $-0.0544946$ & $0.0310725$ & $0.00294587$ & $0.00301579$ & $-0.0604124$ & $-0.283978$ & $0.443579$ & $-0.0448215$ & $0.0277342$ & $-0.178999$ & $0.0467137$ & $-0.0357188$ & $-0.0466964$ & $-0.104334$ & $1$ & $-0.143057$ & $0.151997$ & $0.144466$ & $-0.132746$ & $0.100107$ \\
eHtautauint & $0.0112647$ & $0.426873$ & $-0.0838943$ & $0.0579644$ & $-0.00621164$ & $-0.00711834$ & $0.00116884$ & $-0.026811$ & $-0.00934104$ & $0.0386494$ & $0.00446895$ & $0.0108331$ & $0.0137739$ & $0.0258899$ & $-0.0421575$ & $-0.064352$ & $0.0467027$ & $0.0574517$ & $0.0714086$ & $-0.00183796$ & $0.00735195$ & $0.00434313$ & $0.0225222$ & $0.0263269$ & $0.0973022$ & $0.00744236$ & $0.0984284$ & $0.0447836$ & $-0.0116998$ & $0.0584273$ & $-0.0441704$ & $-0.01449$ & $0.0246066$ & $0.0323042$ & $-0.0650778$ & $-0.263661$ & $0.0719839$ & $0.0197057$ & $0.0991839$ & $0.0187767$ & $-0.00555485$ & $-0.00534481$ & $0.217596$ & $-0.143057$ & $1$ & $-0.113199$ & $0.0209451$ & $0.215538$ & $0.00486813$ \\
eHccint & $-0.00845975$ & $-0.131242$ & $0.323622$ & $-0.0443304$ & $0.026798$ & $0.00214078$ & $0.00972334$ & $0.0531813$ & $0.0420604$ & $-0.00603139$ & $-0.06486$ & $-0.0187941$ & $-0.00719466$ & $0.0673544$ & $0.0202655$ & $-0.0216362$ & $0.0150877$ & $0.0121707$ & $0.0430704$ & $0.0634082$ & $0.0665013$ & $0.0648336$ & $0.0362676$ & $-0.000178695$ & $0.041326$ & $-0.073673$ & $0.0633926$ & $0.00287687$ & $0.0302134$ & $-0.00321936$ & $0.057589$ & $0.0103758$ & $-0.0494572$ & $0.0115104$ & $0.0483914$ & $0.103933$ & $-0.0327602$ & $0.0278575$ & $0.13362$ & $-0.0673223$ & $0.0128473$ & $-0.0405143$ & $-0.114217$ & $0.151997$ & $-0.113199$ & $1$ & $0.00289412$ & $-0.208856$ & $-0.0197287$ \\
eHccpar & $-0.130796$ & $-0.187475$ & $0.217322$ & $-0.0858403$ & $0.0193989$ & $-0.0433863$ & $-0.0340394$ & $0.0648787$ & $0.0716131$ & $-0.0173138$ & $-0.0545256$ & $-0.0116505$ & $0.0360458$ & $0.00081201$ & $0.0410956$ & $0.0398027$ & $-0.00374213$ & $-0.0394178$ & $-0.039496$ & $0.0520314$ & $0.0520917$ & $0.0490934$ & $0.0308274$ & $-0.0272642$ & $-0.0158987$ & $-0.0526946$ & $0.0188361$ & $0.0380524$ & $-0.0245888$ & $-0.0196683$ & $0.254155$ & $-0.0239852$ & $0.0495823$ & $0.0199635$ & $0.272349$ & $0.0399739$ & $0.0426065$ & $0.0348664$ & $-0.0554535$ & $-0.0454203$ & $-0.221688$ & $-0.00990246$ & $0.131126$ & $0.144466$ & $0.0209451$ & $0.00289412$ & $1$ & $0.0769732$ & $0.167682$ \\
eHbbint & $0.0815268$ & $0.104668$ & $0.0477837$ & $0.0806613$ & $0.0200268$ & $-0.0283941$ & $-0.00560441$ & $-0.0143605$ & $0.00100445$ & $0.0269182$ & $0.00153814$ & $0.00558643$ & $0.00511012$ & $0.0123291$ & $0.014413$ & $0.00245609$ & $0.0277498$ & $0.0113495$ & $0.0177571$ & $0.00340085$ & $-0.00010291$ & $-0.00228377$ & $0.00838741$ & $0.0334643$ & $0.0278515$ & $0.0104158$ & $0.0135601$ & $0.0169345$ & $-0.030628$ & $-0.00395733$ & $0.00494675$ & $-0.00255389$ & $0.152608$ & $-0.0189113$ & $0.0441039$ & $-0.199754$ & $0.135162$ & $-0.0596774$ & $-0.0137851$ & $0.00922116$ & $-0.133331$ & $0.021889$ & $0.222702$ & $-0.132746$ & $0.215538$ & $-0.208856$ & $0.0769732$ & $1$ & $0.0554556$ \\
eHbbpar & $-0.229672$ & $0.217084$ & $0.0493295$ & $0.041347$ & $0.0260122$ & $-0.000254547$ & $-0.0390864$ & $0.037206$ & $0.040891$ & $-0.0120854$ & $-0.0437524$ & $0.000313303$ & $0.0388881$ & $0.0228108$ & $0.0522172$ & $0.0279817$ & $0.00950638$ & $-0.0238501$ & $-0.00443925$ & $0.051587$ & $0.0463618$ & $0.0537868$ & $0.0154352$ & $-0.00804605$ & $0.0390821$ & $-0.0366806$ & $0.0394037$ & $-0.00718788$ & $-0.0228308$ & $-0.00491477$ & $0.0510307$ & $-0.0306829$ & $0.372091$ & $-0.00134877$ & $0.0131602$ & $0.142606$ & $0.0124698$ & $-0.039725$ & $-0.013351$ & $0.0612456$ & $0.167502$ & $-0.0110502$ & $-0.00302445$ & $0.100107$ & $0.00486813$ & $-0.0197287$ & $0.167682$ & $0.0554556$ & $1$ \\
