 & AlsMz & dAle5Mz & mtop & mHl & Mz & CW & CHG & CHWB & CHWHB_gaga & CHWHB_gagaorth & CHD & CHbox & CH & CHL1_11 & CHL1_22 & CHL1_33 & CHL3_11 & CHL3_22 & CHL3_33 & CHe_11 & CHe_22 & CHe_33 & CHQ1_11 & CHQ1_33 & CHQ3_11 & CHu_11 & CHd_11 & CHd_33 & CeH_22r & CeH_33r & CuH_22r & CuH_33r & CdH_33r & CLL_1221 & eHggint & eHggpar & eHWWint & eHWWpar & eHZZint & eHZZpar & eHZgaint & eHZgapar & eHgagaint & eHmumuint & eHtautauint & eHccint & eHccpar & eHbbint & eHbbpar \\
AlsMz & $1$ & $-0.0161356$ & $0.00467755$ & $-0.00999599$ & $0.00299813$ & $-0.00505695$ & $0.0154715$ & $-0.00789541$ & $-0.00851939$ & $0.0126925$ & $-0.00915753$ & $0.00613133$ & $-0.0048541$ & $0.0130734$ & $-0.00765403$ & $0.00121245$ & $0.0194086$ & $0.0215705$ & $0.0160482$ & $-0.00155695$ & $-0.000602304$ & $-0.000843788$ & $-0.00199136$ & $-0.0463796$ & $-0.107294$ & $-0.0427869$ & $-0.0309769$ & $0.00951214$ & $0.00585045$ & $0.00637179$ & $-0.0104574$ & $0.00704021$ & $0.0106926$ & $-0.000340403$ & $0.00990483$ & $-0.0432711$ & $0.010815$ & $-0.00782357$ & $0.0123846$ & $-0.00293746$ & $-0.0143291$ & $-0.0110914$ & $-0.0049061$ & $-0.00155431$ & $0.0182943$ & $0.019158$ & $-0.0232029$ & $0.00209932$ & $0.0235442$ \\
dAle5Mz & $-0.0161356$ & $1$ & $-0.0293526$ & $0.00402479$ & $0.00292782$ & $0.00405375$ & $0.00710927$ & $-0.106027$ & $-0.104377$ & $0.0383873$ & $0.0784038$ & $0.0244403$ & $-0.0165066$ & $-0.0105199$ & $-0.0224188$ & $-0.0226232$ & $0.0376703$ & $0.0371519$ & $0.0355202$ & $-0.0515317$ & $-0.051678$ & $-0.0515923$ & $0.00274827$ & $0.0451689$ & $0.0372469$ & $0.0239265$ & $-0.020939$ & $-0.0207229$ & $-0.0156793$ & $0.00884649$ & $0.00506258$ & $0.0129223$ & $0.000458175$ & $0.00431913$ & $0.0249432$ & $0.0111506$ & $0.00691288$ & $-0.00169148$ & $-0.00244824$ & $0.00483896$ & $-0.0135382$ & $-0.0107239$ & $-0.00392447$ & $-0.0225585$ & $0.00333911$ & $-0.014918$ & $0.0165406$ & $-0.0114012$ & $0.00209146$ \\
mtop & $0.00467755$ & $-0.0293526$ & $1$ & $-0.00074548$ & $0.000259687$ & $-0.0100531$ & $-0.00508156$ & $0.00425325$ & $0.00797396$ & $-0.0096308$ & $0.0131523$ & $-0.00859377$ & $0.00836997$ & $-0.0170734$ & $-0.00149462$ & $0.00435171$ & $-0.0129023$ & $-0.0130233$ & $-0.0169265$ & $-0.00426478$ & $-0.00477078$ & $-0.00260272$ & $0.00160103$ & $-0.00883621$ & $-0.0165223$ & $0.00277927$ & $-0.0032464$ & $0.00322469$ & $0.00380075$ & $-0.00291087$ & $-0.00118087$ & $-0.000731363$ & $0.0157715$ & $0.00624163$ & $-0.0110157$ & $-0.0267834$ & $0.00373683$ & $-0.00484626$ & $0.0268758$ & $0.0157773$ & $-0.0310396$ & $0.00537663$ & $0.0404407$ & $-0.00492728$ & $0.00750172$ & $0.00549082$ & $0.0154107$ & $0.0085812$ & $0.014871$ \\
mHl & $-0.00999599$ & $0.00402479$ & $-0.00074548$ & $1$ & $-0.0137525$ & $-0.0064986$ & $-0.00601725$ & $0.00348424$ & $0.00196572$ & $-0.000703395$ & $-0.00125562$ & $0.00307695$ & $-0.00156129$ & $-0.00618882$ & $0.0155076$ & $0.0228239$ & $-0.0076747$ & $-0.0140621$ & $-0.0180704$ & $0.00369236$ & $-0.00152892$ & $0.00156178$ & $-0.0081527$ & $-0.00296013$ & $-0.0104022$ & $0.00100029$ & $-0.0134581$ & $-0.007457$ & $0.00835369$ & $0.0114859$ & $-0.000795374$ & $-0.00559518$ & $0.00753505$ & $-0.00967066$ & $-0.0148404$ & $0.00345126$ & $-0.0204376$ & $-0.00225919$ & $-0.00607039$ & $0.0103775$ & $-0.0222161$ & $-0.00572499$ & $-0.0125698$ & $0.00746076$ & $0.0187326$ & $0.0301491$ & $-0.0210416$ & $-0.0171867$ & $0.0216063$ \\
Mz & $0.00299813$ & $0.00292782$ & $0.000259687$ & $-0.0137525$ & $1$ & $-0.00533976$ & $5.72805e-05$ & $0.00141525$ & $0.000744045$ & $-0.00502999$ & $0.00413708$ & $0.00326819$ & $-0.00669892$ & $0.00481024$ & $0.00394423$ & $0.00172061$ & $0.00657299$ & $0.000364136$ & $0.000217509$ & $0.00328169$ & $0.00486112$ & $0.00312485$ & $0.00323988$ & $-0.00311903$ & $0.005259$ & $-0.00634655$ & $0.00330482$ & $0.00127284$ & $0.0101741$ & $-0.00589527$ & $-0.0106829$ & $-0.00499111$ & $-0.00301008$ & $-0.00195757$ & $-0.00524675$ & $-0.00898312$ & $-0.00661362$ & $0.00253549$ & $-0.0162864$ & $-0.00670893$ & $-0.000513683$ & $-0.0028851$ & $0.0048549$ & $-0.00426983$ & $-0.0056022$ & $-0.00152556$ & $0.00463264$ & $0.0101794$ & $0.00359326$ \\
CW & $-0.00505695$ & $0.00405375$ & $-0.0100531$ & $-0.0064986$ & $-0.00533976$ & $1$ & $0.00771455$ & $-0.121048$ & $-0.116169$ & $0.00951439$ & $0.17536$ & $0.0201049$ & $-0.00738011$ & $0.0303723$ & $-0.0796269$ & $-0.0877575$ & $-0.2447$ & $-0.0387796$ & $-0.0329384$ & $-0.174128$ & $-0.178329$ & $-0.174701$ & $-0.015425$ & $0.00708884$ & $-0.0751156$ & $0.107842$ & $-0.0700703$ & $-0.0519951$ & $0.00187843$ & $-0.000209847$ & $-0.000812751$ & $0.0113434$ & $0.000675508$ & $-0.116141$ & $-0.0068712$ & $0.00531308$ & $0.0106772$ & $-0.00391408$ & $-0.000671495$ & $-0.0062418$ & $0.0038779$ & $0.00453581$ & $0.0203097$ & $-0.00818162$ & $-0.018174$ & $0.00179389$ & $-0.0200637$ & $0.0045954$ & $0.00220024$ \\
CHG & $0.0154715$ & $0.00710927$ & $-0.00508156$ & $-0.00601725$ & $5.72805e-05$ & $0.00771455$ & $1$ & $-0.106823$ & $-0.0559227$ & $0.0750661$ & $0.0598458$ & $0.298299$ & $-0.316053$ & $0.0584018$ & $-0.0277456$ & $-0.0271031$ & $0.0945112$ & $0.106601$ & $0.106319$ & $-0.0589883$ & $-0.0632063$ & $-0.0619523$ & $-0.0063104$ & $0.10638$ & $0.102756$ & $0.0358508$ & $-0.0385442$ & $-0.0278557$ & $-0.000526786$ & $-0.13497$ & $-0.075203$ & $0.930056$ & $-0.154247$ & $-0.0627746$ & $-0.0348625$ & $-0.0086847$ & $0.0216037$ & $0.00752972$ & $0.000248157$ & $-0.00594762$ & $-0.00150093$ & $-0.0120203$ & $0.000866434$ & $-0.0105532$ & $0.00831517$ & $-0.00254784$ & $-0.00429372$ & $0.000724554$ & $0.00322936$ \\
CHWB & $-0.00789541$ & $-0.106027$ & $0.00425325$ & $0.00348424$ & $0.00141525$ & $-0.121048$ & $-0.106823$ & $1$ & $0.982611$ & $-0.569115$ & $-0.878617$ & $-0.412249$ & $0.349313$ & $0.0891245$ & $0.301187$ & $0.283123$ & $-0.248377$ & $-0.443493$ & $-0.435287$ & $0.8494$ & $0.895768$ & $0.878125$ & $0.0789222$ & $-0.676385$ & $-0.405409$ & $-0.511872$ & $0.432203$ & $0.298688$ & $0.0206571$ & $0.12053$ & $0.0599738$ & $-0.0995117$ & $0.120131$ & $0.563496$ & $-0.00272823$ & $-0.00403649$ & $-0.00643782$ & $0.000286429$ & $0.00281125$ & $-0.0135005$ & $0.0223348$ & $0.00063278$ & $0.0138007$ & $0.00383917$ & $0.00527992$ & $-0.0147666$ & $0.00653823$ & $-0.0109633$ & $0.00011015$ \\
CHWHB_gaga & $-0.00851939$ & $-0.104377$ & $0.00797396$ & $0.00196572$ & $0.000744045$ & $-0.116169$ & $-0.0559227$ & $0.982611$ & $1$ & $-0.560414$ & $-0.860521$ & $-0.398437$ & $0.34189$ & $0.0821768$ & $0.296992$ & $0.279155$ & $-0.250416$ & $-0.441485$ & $-0.433304$ & $0.832405$ & $0.877292$ & $0.860236$ & $0.0763266$ & $-0.667297$ & $-0.402709$ & $-0.499935$ & $0.424245$ & $0.292777$ & $0.0279496$ & $0.142511$ & $0.0720085$ & $-0.0585566$ & $0.142555$ & $0.552381$ & $-0.0251634$ & $-0.0128013$ & $-0.0169842$ & $-0.000507257$ & $-0.000854942$ & $-0.0146159$ & $0.0273329$ & $0.00127394$ & $0.0889182$ & $0.00277192$ & $0.0079849$ & $-0.0150735$ & $0.0078945$ & $-0.00989866$ & $-4.73855e-05$ \\
CHWHB_gagaorth & $0.0126925$ & $0.0383873$ & $-0.0096308$ & $-0.000703395$ & $-0.00502999$ & $0.00951439$ & $0.0750661$ & $-0.569115$ & $-0.560414$ & $1$ & $0.346492$ & $0.433489$ & $-0.253383$ & $0.249801$ & $-0.126867$ & $-0.116754$ & $0.452837$ & $0.508002$ & $0.502756$ & $-0.332451$ & $-0.362941$ & $-0.358019$ & $-0.0558161$ & $0.568774$ & $0.496359$ & $0.208588$ & $-0.232442$ & $-0.114322$ & $-0.00841896$ & $-0.148307$ & $-0.068882$ & $0.0932266$ & $-0.148847$ & $-0.349429$ & $0.0480931$ & $0.0197142$ & $0.010387$ & $0.00933487$ & $-0.00850654$ & $0.00599464$ & $-0.0657119$ & $-0.00977573$ & $-0.0251954$ & $0.00478798$ & $-0.00761841$ & $0.00949157$ & $-0.00188046$ & $-0.00971946$ & $-0.00766739$ \\
CHD & $-0.00915753$ & $0.0784038$ & $0.0131523$ & $-0.00125562$ & $0.00413708$ & $0.17536$ & $0.0598458$ & $-0.878617$ & $-0.860521$ & $0.346492$ & $1$ & $0.255206$ & $-0.177831$ & $-0.50768$ & $-0.426287$ & $-0.408142$ & $-0.209876$ & $0.0751974$ & $0.0676421$ & $-0.990351$ & $-0.991121$ & $-0.970366$ & $-0.0191413$ & $0.311149$ & $0.0252239$ & $0.568074$ & $-0.297454$ & $-0.329094$ & $-0.0158384$ & $-0.0738511$ & $-0.034767$ & $0.0662444$ & $-0.072434$ & $-0.365405$ & $0.010476$ & $0.00833046$ & $0.00882277$ & $0.00103037$ & $-0.00789975$ & $0.0140801$ & $-0.00391415$ & $0.00990628$ & $-0.00380883$ & $-0.00817639$ & $-0.00445479$ & $0.00874309$ & $-0.0080534$ & $0.00639028$ & $-0.000470344$ \\
CHbox & $0.00613133$ & $0.0244403$ & $-0.00859377$ & $0.00307695$ & $0.00326819$ & $0.0201049$ & $0.298299$ & $-0.412249$ & $-0.398437$ & $0.433489$ & $0.255206$ & $1$ & $-0.950277$ & $0.177529$ & $-0.0967263$ & $-0.0896137$ & $0.315041$ & $0.363281$ & $0.360743$ & $-0.245854$ & $-0.267359$ & $-0.261959$ & $-0.0440911$ & $0.403288$ & $0.351184$ & $0.155771$ & $-0.169584$ & $-0.0992691$ & $-0.0397448$ & $-0.19934$ & $-0.0898619$ & $0.272259$ & $-0.228621$ & $-0.2521$ & $-0.0144163$ & $0.00555757$ & $0.00574578$ & $0.00902883$ & $-0.00895799$ & $0.0021559$ & $-0.0283137$ & $-0.00550663$ & $-0.00535412$ & $-0.00977747$ & $-0.00804856$ & $0.00941659$ & $0.00799465$ & $0.00730844$ & $0.00265604$ \\
CH & $-0.0048541$ & $-0.0165066$ & $0.00836997$ & $-0.00156129$ & $-0.00669892$ & $-0.00738011$ & $-0.316053$ & $0.349313$ & $0.34189$ & $-0.253383$ & $-0.177831$ & $-0.950277$ & $1$ & $-0.231263$ & $0.0855766$ & $0.0811575$ & $-0.347209$ & $-0.380643$ & $-0.38012$ & $0.174956$ & $0.187853$ & $0.184159$ & $0.0385937$ & $-0.382481$ & $-0.368169$ & $-0.111058$ & $0.131177$ & $0.0754269$ & $0.0503206$ & $0.269024$ & $0.107008$ & $-0.256518$ & $0.309032$ & $0.208492$ & $0.0521534$ & $0.0112346$ & $-0.00741375$ & $-0.00756806$ & $0.000318551$ & $-0.00198579$ & $0.0160248$ & $0.00535253$ & $-0.00303753$ & $0.0113015$ & $0.00660372$ & $-0.00981114$ & $-0.00731346$ & $-0.0112858$ & $-0.00381173$ \\
CHL1_11 & $0.0130734$ & $-0.0105199$ & $-0.0170734$ & $-0.00618882$ & $0.00481024$ & $0.0303723$ & $0.0584018$ & $0.0891245$ & $0.0821768$ & $0.249801$ & $-0.50768$ & $0.177529$ & $-0.231263$ & $1$ & $0.277204$ & $0.26935$ & $0.669723$ & $0.599026$ & $0.601883$ & $0.526446$ & $0.467494$ & $0.454513$ & $-0.0889067$ & $0.475932$ & $0.599764$ & $-0.264$ & $-0.106729$ & $0.152149$ & $1.24195e-05$ & $-0.0556425$ & $-0.0286987$ & $0.0338019$ & $-0.0505375$ & $-0.222478$ & $-0.0225699$ & $-0.00846581$ & $-0.00709528$ & $-0.00307891$ & $0.0111888$ & $-0.00517379$ & $-0.0282463$ & $-0.0225528$ & $-0.00983872$ & $0.00816409$ & $-0.00592339$ & $0.0157404$ & $0.000147684$ & $0.00949499$ & $0.00607465$ \\
CHL1_22 & $-0.00765403$ & $-0.0224188$ & $-0.00149462$ & $0.0155076$ & $0.00394423$ & $-0.0796269$ & $-0.0277456$ & $0.301187$ & $0.296992$ & $-0.126867$ & $-0.426287$ & $-0.0967263$ & $0.0855766$ & $0.277204$ & $1$ & $0.443663$ & $0.166072$ & $-0.443243$ & $-0.028973$ & $0.489985$ & $0.344037$ & $0.333849$ & $-0.16893$ & $0.103316$ & $-0.12801$ & $-0.204536$ & $-0.38575$ & $0.122545$ & $0.0117491$ & $0.0420915$ & $0.0236088$ & $-0.0233666$ & $0.0482945$ & $-0.587741$ & $0.0113742$ & $-0.00907936$ & $-0.0206688$ & $0.000885605$ & $-0.00546125$ & $-0.0159641$ & $-0.00534722$ & $-0.00688863$ & $0.00376313$ & $-0.00518253$ & $0.0178669$ & $-0.00541484$ & $0.0161747$ & $-0.00602016$ & $0.0113762$ \\
CHL1_33 & $0.00121245$ & $-0.0226232$ & $0.00435171$ & $0.0228239$ & $0.00172061$ & $-0.0877575$ & $-0.0271031$ & $0.283123$ & $0.279155$ & $-0.116754$ & $-0.408142$ & $-0.0896137$ & $0.0811575$ & $0.26935$ & $0.443663$ & $1$ & $0.167023$ & $-0.0195759$ & $-0.42687$ & $0.472684$ & $0.327548$ & $0.34654$ & $-0.17231$ & $0.111455$ & $-0.121891$ & $-0.192254$ & $-0.388065$ & $0.113146$ & $0.0187816$ & $0.0461361$ & $0.0198978$ & $-0.023488$ & $0.0447352$ & $-0.106237$ & $0.00861073$ & $0.0020381$ & $-0.0281781$ & $-0.00638133$ & $0.00125132$ & $-0.0101054$ & $-0.00844616$ & $-0.00423035$ & $0.00296653$ & $0.0268703$ & $0.0138917$ & $-0.00130981$ & $0.00488604$ & $-0.00422862$ & $-0.00189081$ \\
CHL3_11 & $0.0194086$ & $0.0376703$ & $-0.0129023$ & $-0.0076747$ & $0.00657299$ & $-0.2447$ & $0.0945112$ & $-0.248377$ & $-0.250416$ & $0.452837$ & $-0.209876$ & $0.315041$ & $-0.347209$ & $0.669723$ & $0.166072$ & $0.167023$ & $1$ & $0.740588$ & $0.740021$ & $0.233885$ & $0.177244$ & $0.171787$ & $-0.0800526$ & $0.684953$ & $0.781018$ & $-0.105567$ & $-0.167501$ & $0.0572252$ & $-0.0135263$ & $-0.100542$ & $-0.054704$ & $0.065184$ & $-0.107642$ & $-0.261785$ & $-0.0164697$ & $-0.0113176$ & $-0.000860037$ & $-0.00112985$ & $0.0122556$ & $0.00108892$ & $-0.0377224$ & $-0.0173961$ & $-0.0225749$ & $0.00870762$ & $-0.00316778$ & $0.00788873$ & $0.00571013$ & $0.00598157$ & $-0.0056991$ \\
CHL3_22 & $0.0215705$ & $0.0371519$ & $-0.0130233$ & $-0.0140621$ & $0.000364136$ & $-0.0387796$ & $0.106601$ & $-0.443493$ & $-0.441485$ & $0.508002$ & $0.0751974$ & $0.363281$ & $-0.380643$ & $0.599026$ & $-0.443243$ & $-0.0195759$ & $0.740588$ & $1$ & $0.679585$ & $-0.0756968$ & $-0.0711989$ & $-0.0676117$ & $-0.00762174$ & $0.630125$ & $0.794181$ & $0.0435408$ & $-0.0203726$ & $-0.0297567$ & $-0.0157592$ & $-0.116885$ & $-0.06322$ & $0.0786112$ & $-0.122663$ & $0.019742$ & $-0.0230361$ & $-0.00125821$ & $0.00724092$ & $-0.00286181$ & $0.0126931$ & $0.0096052$ & $-0.0319654$ & $-0.0146287$ & $-0.0200919$ & $0.0136145$ & $-0.0143614$ & $0.0163468$ & $-0.00855815$ & $0.0133744$ & $-0.00857343$ \\
CHL3_33 & $0.0160482$ & $0.0355202$ & $-0.0169265$ & $-0.0180704$ & $0.000217509$ & $-0.0329384$ & $0.106319$ & $-0.435287$ & $-0.433304$ & $0.502756$ & $0.0676421$ & $0.360743$ & $-0.38012$ & $0.601883$ & $-0.028973$ & $-0.42687$ & $0.740021$ & $0.679585$ & $1$ & $-0.0695887$ & $-0.0629631$ & $-0.060637$ & $-0.00289193$ & $0.625562$ & $0.795961$ & $0.0378301$ & $-0.0109296$ & $-0.0256391$ & $-0.0218486$ & $-0.12232$ & $-0.0621252$ & $0.0783235$ & $-0.12076$ & $-0.346642$ & $-0.0212013$ & $-0.0096061$ & $0.0154195$ & $0.00193304$ & $0.00805778$ & $0.00643814$ & $-0.0270465$ & $-0.0163509$ & $-0.0206559$ & $-0.00912903$ & $-0.0119972$ & $0.0128497$ & $-0.00150368$ & $0.00895179$ & $0.00371387$ \\
CHe_11 & $-0.00155695$ & $-0.0515317$ & $-0.00426478$ & $0.00369236$ & $0.00328169$ & $-0.174128$ & $-0.0589883$ & $0.8494$ & $0.832405$ & $-0.332451$ & $-0.990351$ & $-0.245854$ & $0.174956$ & $0.526446$ & $0.489985$ & $0.472684$ & $0.233885$ & $-0.0756968$ & $-0.0695887$ & $1$ & $0.97316$ & $0.953114$ & $-0.00550531$ & $-0.257546$ & $-0.0164655$ & $-0.558498$ & $0.223753$ & $0.323861$ & $0.0160179$ & $0.0753376$ & $0.0355251$ & $-0.0635302$ & $0.074569$ & $0.288189$ & $-0.00715624$ & $-0.0063222$ & $-0.0113847$ & $-0.00204386$ & $0.00595999$ & $-0.0138855$ & $0.00247577$ & $-0.00982822$ & $0.00370596$ & $0.00970895$ & $0.00604211$ & $-0.00954623$ & $0.0100358$ & $-0.00606695$ & $0.000843589$ \\
CHe_22 & $-0.000602304$ & $-0.051678$ & $-0.00477078$ & $-0.00152892$ & $0.00486112$ & $-0.178329$ & $-0.0632063$ & $0.895768$ & $0.877292$ & $-0.362941$ & $-0.991121$ & $-0.267359$ & $0.187853$ & $0.467494$ & $0.344037$ & $0.327548$ & $0.177244$ & $-0.0711989$ & $-0.0629631$ & $0.97316$ & $1$ & $0.975581$ & $0.0479504$ & $-0.365848$ & $-0.0308574$ & $-0.570487$ & $0.377626$ & $0.33063$ & $0.0144201$ & $0.0753056$ & $0.0353914$ & $-0.0695308$ & $0.0733003$ & $0.451214$ & $-0.0117234$ & $-0.00724598$ & $-0.00596023$ & $-0.000967998$ & $0.00758239$ & $-0.0119914$ & $0.00672072$ & $-0.00809946$ & $0.00405424$ & $0.00682066$ & $0.00183533$ & $-0.00986536$ & $0.00794311$ & $-0.00669501$ & $-0.000382145$ \\
CHe_33 & $-0.000843788$ & $-0.0515923$ & $-0.00260272$ & $0.00156178$ & $0.00312485$ & $-0.174701$ & $-0.0619523$ & $0.878125$ & $0.860236$ & $-0.358019$ & $-0.970366$ & $-0.261959$ & $0.184159$ & $0.454513$ & $0.333849$ & $0.34654$ & $0.171787$ & $-0.0676117$ & $-0.060637$ & $0.953114$ & $0.975581$ & $1$ & $0.0468441$ & $-0.359202$ & $-0.0294634$ & $-0.557257$ & $0.371886$ & $0.323733$ & $0.0133389$ & $0.0740538$ & $0.0334179$ & $-0.0680072$ & $0.0713051$ & $0.447696$ & $-0.0105511$ & $-0.00539775$ & $-0.00392553$ & $-0.000265308$ & $0.00886833$ & $-0.0115455$ & $0.00524288$ & $-0.00936291$ & $0.00543777$ & $0.00720308$ & $0.00262051$ & $-0.0124773$ & $0.00695911$ & $-0.00589653$ & $-0.000710042$ \\
CHQ1_11 & $-0.00199136$ & $0.00274827$ & $0.00160103$ & $-0.0081527$ & $0.00323988$ & $-0.015425$ & $-0.0063104$ & $0.0789222$ & $0.0763266$ & $-0.0558161$ & $-0.0191413$ & $-0.0440911$ & $0.0385937$ & $-0.0889067$ & $-0.16893$ & $-0.17231$ & $-0.0800526$ & $-0.00762174$ & $-0.00289193$ & $-0.00550531$ & $0.0479504$ & $0.0468441$ & $1$ & $-0.148861$ & $0.0632587$ & $-0.678149$ & $0.348019$ & $0.0121291$ & $0.00875593$ & $0.00697787$ & $0.00125651$ & $-0.00524536$ & $0.00219167$ & $0.210068$ & $0.00118901$ & $0.00437332$ & $0.0183676$ & $0.00878313$ & $0.0146497$ & $0.0110297$ & $0.00517605$ & $-0.0169326$ & $-0.00935146$ & $-0.00177891$ & $0.00664048$ & $0.00529573$ & $0.00284844$ & $-0.00194897$ & $-0.00807782$ \\
CHQ1_33 & $-0.0463796$ & $0.0451689$ & $-0.00883621$ & $-0.00296013$ & $-0.00311903$ & $0.00708884$ & $0.10638$ & $-0.676385$ & $-0.667297$ & $0.568774$ & $0.311149$ & $0.403288$ & $-0.382481$ & $0.475932$ & $0.103316$ & $0.111455$ & $0.684953$ & $0.630125$ & $0.625562$ & $-0.257546$ & $-0.365848$ & $-0.359202$ & $-0.148861$ & $1$ & $0.649104$ & $0.210068$ & $-0.430047$ & $-0.0209623$ & $-0.0116633$ & $-0.114545$ & $-0.0526966$ & $0.0886851$ & $-0.114717$ & $-0.633944$ & $-0.00840403$ & $0.00269352$ & $-0.00684934$ & $-0.000621204$ & $0.000587576$ & $0.00785017$ & $-0.0333563$ & $-0.0136481$ & $-0.0191305$ & $0.00187996$ & $-0.000759204$ & $0.0140054$ & $-6.51881e-05$ & $0.0134394$ & $-0.00253969$ \\
CHQ3_11 & $-0.107294$ & $0.0372469$ & $-0.0165223$ & $-0.0104022$ & $0.005259$ & $-0.0751156$ & $0.102756$ & $-0.405409$ & $-0.402709$ & $0.496359$ & $0.0252239$ & $0.351184$ & $-0.368169$ & $0.599764$ & $-0.12801$ & $-0.121891$ & $0.781018$ & $0.794181$ & $0.795961$ & $-0.0164655$ & $-0.0308574$ & $-0.0294634$ & $0.0632587$ & $0.649104$ & $1$ & $0.0292889$ & $0.19251$ & $-0.0149481$ & $-0.015807$ & $-0.118495$ & $-0.0571003$ & $0.0742596$ & $-0.121182$ & $-0.208317$ & $-0.018607$ & $-0.00715341$ & $0.00851079$ & $0.00406964$ & $0.00976069$ & $0.00838382$ & $-0.0354441$ & $-0.00950691$ & $-0.0171949$ & $0.00168905$ & $-0.0105344$ & $0.0132265$ & $-0.00641702$ & $0.0004081$ & $-0.00777828$ \\
CHu_11 & $-0.0427869$ & $0.0239265$ & $0.00277927$ & $0.00100029$ & $-0.00634655$ & $0.107842$ & $0.0358508$ & $-0.511872$ & $-0.499935$ & $0.208588$ & $0.568074$ & $0.155771$ & $-0.111058$ & $-0.264$ & $-0.204536$ & $-0.192254$ & $-0.105567$ & $0.0435408$ & $0.0378301$ & $-0.558498$ & $-0.570487$ & $-0.557257$ & $-0.678149$ & $0.210068$ & $0.0292889$ & $1$ & $-0.175949$ & $-0.191485$ & $-0.0222481$ & $-0.0434447$ & $-0.0164233$ & $0.0373712$ & $-0.0410397$ & $-0.253861$ & $0.00646998$ & $0.000497467$ & $-0.00321302$ & $-0.00196126$ & $-0.0200811$ & $-0.00323471$ & $-0.000315256$ & $0.0191762$ & $0.00556214$ & $-0.00970749$ & $-0.0138532$ & $-0.00201102$ & $-0.00409041$ & $0.000791828$ & $0.00440549$ \\
CHd_11 & $-0.0309769$ & $-0.020939$ & $-0.0032464$ & $-0.0134581$ & $0.00330482$ & $-0.0700703$ & $-0.0385442$ & $0.432203$ & $0.424245$ & $-0.232442$ & $-0.297454$ & $-0.169584$ & $0.131177$ & $-0.106729$ & $-0.38575$ & $-0.388065$ & $-0.167501$ & $-0.0203726$ & $-0.0109296$ & $0.223753$ & $0.377626$ & $0.371886$ & $0.348019$ & $-0.430047$ & $0.19251$ & $-0.175949$ & $1$ & $0.108896$ & $0.00135755$ & $0.0297662$ & $0.0200331$ & $-0.0432275$ & $0.0261871$ & $0.68612$ & $-0.00844681$ & $-0.00678436$ & $0.0205421$ & $0.00887963$ & $0.00478073$ & $0.00461527$ & $0.0124766$ & $0.00700567$ & $0.00530195$ & $-0.0126711$ & $-0.00873225$ & $-0.00583486$ & $-0.010235$ & $-0.0153032$ & $-0.00919591$ \\
CHd_33 & $0.00951214$ & $-0.0207229$ & $0.00322469$ & $-0.007457$ & $0.00127284$ & $-0.0519951$ & $-0.0278557$ & $0.298688$ & $0.292777$ & $-0.114322$ & $-0.329094$ & $-0.0992691$ & $0.0754269$ & $0.152149$ & $0.122545$ & $0.113146$ & $0.0572252$ & $-0.0297567$ & $-0.0256391$ & $0.323861$ & $0.33063$ & $0.323733$ & $0.0121291$ & $-0.0209623$ & $-0.0149481$ & $-0.191485$ & $0.108896$ & $1$ & $-0.000667336$ & $0.0310246$ & $0.0296382$ & $-0.0279309$ & $0.0279169$ & $0.146064$ & $-0.00840979$ & $0.00422036$ & $-0.0031481$ & $0.00439807$ & $-0.00636717$ & $-0.00650331$ & $-0.0116549$ & $-0.00288197$ & $0.000328872$ & $0.0184244$ & $0.0124199$ & $-0.0120794$ & $0.0154777$ & $-0.0142701$ & $0.00133324$ \\
CeH_22r & $0.00585045$ & $-0.0156793$ & $0.00380075$ & $0.00835369$ & $0.0101741$ & $0.00187843$ & $-0.000526786$ & $0.0206571$ & $0.0279496$ & $-0.00841896$ & $-0.0158384$ & $-0.0397448$ & $0.0503206$ & $1.24195e-05$ & $0.0117491$ & $0.0187816$ & $-0.0135263$ & $-0.0157592$ & $-0.0218486$ & $0.0160179$ & $0.0144201$ & $0.0133389$ & $0.00875593$ & $-0.0116633$ & $-0.015807$ & $-0.0222481$ & $0.00135755$ & $-0.000667336$ & $1$ & $0.0470183$ & $0.0131554$ & $-0.0119633$ & $0.0496915$ & $0.00503154$ & $-0.0320586$ & $-0.0144771$ & $-0.01485$ & $-0.000327341$ & $-0.00551058$ & $-0.00824176$ & $-0.00875519$ & $-0.0025672$ & $0.00315442$ & $-0.00340049$ & $0.00912715$ & $0.0165444$ & $-0.0106002$ & $0.00340246$ & $-0.00175622$ \\
CeH_33r & $0.00637179$ & $0.00884649$ & $-0.00291087$ & $0.0114859$ & $-0.00589527$ & $-0.000209847$ & $-0.13497$ & $0.12053$ & $0.142511$ & $-0.148307$ & $-0.0738511$ & $-0.19934$ & $0.269024$ & $-0.0556425$ & $0.0420915$ & $0.0461361$ & $-0.100542$ & $-0.116885$ & $-0.12232$ & $0.0753376$ & $0.0753056$ & $0.0740538$ & $0.00697787$ & $-0.114545$ & $-0.118495$ & $-0.0434447$ & $0.0297662$ & $0.0310246$ & $0.0470183$ & $1$ & $0.305146$ & $0.0188364$ & $0.631803$ & $0.061325$ & $-0.0502845$ & $-0.0365903$ & $-0.198722$ & $-0.0302475$ & $-0.0421254$ & $-0.0117876$ & $0.000502611$ & $0.0051132$ & $-0.00824781$ & $0.00798815$ & $0.076283$ & $-0.00420212$ & $0.000329102$ & $0.0153155$ & $-0.00286204$ \\
CuH_22r & $-0.0104574$ & $0.00506258$ & $-0.00118087$ & $-0.000795374$ & $-0.0106829$ & $-0.000812751$ & $-0.075203$ & $0.0599738$ & $0.0720085$ & $-0.068882$ & $-0.034767$ & $-0.0898619$ & $0.107008$ & $-0.0286987$ & $0.0236088$ & $0.0198978$ & $-0.054704$ & $-0.06322$ & $-0.0621252$ & $0.0355251$ & $0.0353914$ & $0.0334179$ & $0.00125651$ & $-0.0526966$ & $-0.0571003$ & $-0.0164233$ & $0.0200331$ & $0.0296382$ & $0.0131554$ & $0.305146$ & $1$ & $0.0165174$ & $0.339684$ & $0.027773$ & $-0.0249067$ & $-0.00419972$ & $-0.0989574$ & $-0.0123379$ & $-0.00676438$ & $-0.0168027$ & $-0.00971676$ & $0.008855$ & $0.00147531$ & $-0.00221137$ & $0.000421173$ & $0.0593898$ & $0.372951$ & $0.00689501$ & $0.00644558$ \\
CuH_33r & $0.00704021$ & $0.0129223$ & $-0.000731363$ & $-0.00559518$ & $-0.00499111$ & $0.0113434$ & $0.930056$ & $-0.0995117$ & $-0.0585566$ & $0.0932266$ & $0.0662444$ & $0.272259$ & $-0.256518$ & $0.0338019$ & $-0.0233666$ & $-0.023488$ & $0.065184$ & $0.0786112$ & $0.0783235$ & $-0.0635302$ & $-0.0695308$ & $-0.0680072$ & $-0.00524536$ & $0.0886851$ & $0.0742596$ & $0.0373712$ & $-0.0432275$ & $-0.0279309$ & $-0.0119633$ & $0.0188364$ & $0.0165174$ & $1$ & $0.0277273$ & $-0.0611399$ & $0.05124$ & $0.0279532$ & $-0.0187155$ & $-0.0009227$ & $0.00563696$ & $-0.00394392$ & $-0.00787687$ & $-0.0108735$ & $-0.00362873$ & $-0.00202746$ & $0.00310323$ & $-0.00522017$ & $0.00286169$ & $0.00605831$ & $0.00485861$ \\
CdH_33r & $0.0106926$ & $0.000458175$ & $0.0157715$ & $0.00753505$ & $-0.00301008$ & $0.000675508$ & $-0.154247$ & $0.120131$ & $0.142555$ & $-0.148847$ & $-0.072434$ & $-0.228621$ & $0.309032$ & $-0.0505375$ & $0.0482945$ & $0.0447352$ & $-0.107642$ & $-0.122663$ & $-0.12076$ & $0.074569$ & $0.0733003$ & $0.0713051$ & $0.00219167$ & $-0.114717$ & $-0.121182$ & $-0.0410397$ & $0.0261871$ & $0.0279169$ & $0.0496915$ & $0.631803$ & $0.339684$ & $0.0277273$ & $1$ & $0.0513677$ & $-0.0506643$ & $-0.0281967$ & $-0.204564$ & $-0.0235278$ & $-0.0239912$ & $-0.0032816$ & $0.00867704$ & $-0.00563693$ & $-0.000557165$ & $0.0164889$ & $-0.0120338$ & $0.000583236$ & $0.0209904$ & $0.17758$ & $0.479589$ \\
CLL_1221 & $-0.000340403$ & $0.00431913$ & $0.00624163$ & $-0.00967066$ & $-0.00195757$ & $-0.116141$ & $-0.0627746$ & $0.563496$ & $0.552381$ & $-0.349429$ & $-0.365405$ & $-0.2521$ & $0.208492$ & $-0.222478$ & $-0.587741$ & $-0.106237$ & $-0.261785$ & $0.019742$ & $-0.346642$ & $0.288189$ & $0.451214$ & $0.447696$ & $0.210068$ & $-0.633944$ & $-0.208317$ & $-0.253861$ & $0.68612$ & $0.146064$ & $0.00503154$ & $0.061325$ & $0.027773$ & $-0.0611399$ & $0.0513677$ & $1$ & $-0.00957042$ & $0.00322493$ & $0.0122883$ & $0.000549731$ & $0.00765535$ & $0.00244023$ & $0.0192696$ & $0.00634551$ & $0.00640055$ & $0.00685638$ & $-0.00939657$ & $-0.0105999$ & $-0.00528434$ & $-0.00671738$ & $-0.0140166$ \\
eHggint & $0.00990483$ & $0.0249432$ & $-0.0110157$ & $-0.0148404$ & $-0.00524675$ & $-0.0068712$ & $-0.0348625$ & $-0.00272823$ & $-0.0251634$ & $0.0480931$ & $0.010476$ & $-0.0144163$ & $0.0521534$ & $-0.0225699$ & $0.0113742$ & $0.00861073$ & $-0.0164697$ & $-0.0230361$ & $-0.0212013$ & $-0.00715624$ & $-0.0117234$ & $-0.0105511$ & $0.00118901$ & $-0.00840403$ & $-0.018607$ & $0.00646998$ & $-0.00844681$ & $-0.00840979$ & $-0.0320586$ & $-0.0502845$ & $-0.0249067$ & $0.05124$ & $-0.0506643$ & $-0.00957042$ & $1$ & $-0.0778172$ & $0.0234712$ & $0.00944951$ & $0.0129646$ & $0.0171324$ & $-0.0188539$ & $0.00564882$ & $-0.0472517$ & $0.00386114$ & $-0.00874617$ & $0.00870663$ & $-0.0161802$ & $-0.0142715$ & $0.000924561$ \\
eHggpar & $-0.0432711$ & $0.0111506$ & $-0.0267834$ & $0.00345126$ & $-0.00898312$ & $0.00531308$ & $-0.0086847$ & $-0.00403649$ & $-0.0128013$ & $0.0197142$ & $0.00833046$ & $0.00555757$ & $0.0112346$ & $-0.00846581$ & $-0.00907936$ & $0.0020381$ & $-0.0113176$ & $-0.00125821$ & $-0.0096061$ & $-0.0063222$ & $-0.00724598$ & $-0.00539775$ & $0.00437332$ & $0.00269352$ & $-0.00715341$ & $0.000497467$ & $-0.00678436$ & $0.00422036$ & $-0.0144771$ & $-0.0365903$ & $-0.00419972$ & $0.0279532$ & $-0.0281967$ & $0.00322493$ & $-0.0778172$ & $1$ & $0.0301636$ & $-0.0132996$ & $-0.00265793$ & $-0.0132852$ & $-0.0118748$ & $-0.00355574$ & $0.0053699$ & $0.00936777$ & $-0.0294694$ & $0.00561209$ & $-0.00497947$ & $-0.0198049$ & $0.0102725$ \\
eHWWint & $0.010815$ & $0.00691288$ & $0.00373683$ & $-0.0204376$ & $-0.00661362$ & $0.0106772$ & $0.0216037$ & $-0.00643782$ & $-0.0169842$ & $0.010387$ & $0.00882277$ & $0.00574578$ & $-0.00741375$ & $-0.00709528$ & $-0.0206688$ & $-0.0281781$ & $-0.000860037$ & $0.00724092$ & $0.0154195$ & $-0.0113847$ & $-0.00596023$ & $-0.00392553$ & $0.0183676$ & $-0.00684934$ & $0.00851079$ & $-0.00321302$ & $0.0205421$ & $-0.0031481$ & $-0.01485$ & $-0.198722$ & $-0.0989574$ & $-0.0187155$ & $-0.204564$ & $0.0122883$ & $0.0234712$ & $0.0301636$ & $1$ & $-0.00590734$ & $0.0311684$ & $0.00427101$ & $0.000156895$ & $-0.0176037$ & $0.0258931$ & $0.00185981$ & $0.00310109$ & $-0.000389309$ & $0.00859941$ & $0.0143992$ & $0.0085495$ \\
eHWWpar & $-0.00782357$ & $-0.00169148$ & $-0.00484626$ & $-0.00225919$ & $0.00253549$ & $-0.00391408$ & $0.00752972$ & $0.000286429$ & $-0.000507257$ & $0.00933487$ & $0.00103037$ & $0.00902883$ & $-0.00756806$ & $-0.00307891$ & $0.000885605$ & $-0.00638133$ & $-0.00112985$ & $-0.00286181$ & $0.00193304$ & $-0.00204386$ & $-0.000967998$ & $-0.000265308$ & $0.00878313$ & $-0.000621204$ & $0.00406964$ & $-0.00196126$ & $0.00887963$ & $0.00439807$ & $-0.000327341$ & $-0.0302475$ & $-0.0123379$ & $-0.0009227$ & $-0.0235278$ & $0.000549731$ & $0.00944951$ & $-0.0132996$ & $-0.00590734$ & $1$ & $-0.00804676$ & $0.00375144$ & $0.00488507$ & $0.00474198$ & $0.0113947$ & $-0.00401558$ & $-0.00143783$ & $0.00768711$ & $0.00670355$ & $-0.000226564$ & $0.0159873$ \\
eHZZint & $0.0123846$ & $-0.00244824$ & $0.0268758$ & $-0.00607039$ & $-0.0162864$ & $-0.000671495$ & $0.000248157$ & $0.00281125$ & $-0.000854942$ & $-0.00850654$ & $-0.00789975$ & $-0.00895799$ & $0.000318551$ & $0.0111888$ & $-0.00546125$ & $0.00125132$ & $0.0122556$ & $0.0126931$ & $0.00805778$ & $0.00595999$ & $0.00758239$ & $0.00886833$ & $0.0146497$ & $0.000587576$ & $0.00976069$ & $-0.0200811$ & $0.00478073$ & $-0.00636717$ & $-0.00551058$ & $-0.0421254$ & $-0.00676438$ & $0.00563696$ & $-0.0239912$ & $0.00765535$ & $0.0129646$ & $-0.00265793$ & $0.0311684$ & $-0.00804676$ & $1$ & $-0.000875052$ & $0.0174055$ & $0.0158082$ & $0.0352573$ & $0.0172448$ & $0.00940703$ & $0.00162674$ & $0.0138392$ & $0.00649824$ & $0.00905559$ \\
eHZZpar & $-0.00293746$ & $0.00483896$ & $0.0157773$ & $0.0103775$ & $-0.00670893$ & $-0.0062418$ & $-0.00594762$ & $-0.0135005$ & $-0.0146159$ & $0.00599464$ & $0.0140801$ & $0.0021559$ & $-0.00198579$ & $-0.00517379$ & $-0.0159641$ & $-0.0101054$ & $0.00108892$ & $0.0096052$ & $0.00643814$ & $-0.0138855$ & $-0.0119914$ & $-0.0115455$ & $0.0110297$ & $0.00785017$ & $0.00838382$ & $-0.00323471$ & $0.00461527$ & $-0.00650331$ & $-0.00824176$ & $-0.0117876$ & $-0.0168027$ & $-0.00394392$ & $-0.0032816$ & $0.00244023$ & $0.0171324$ & $-0.0132852$ & $0.00427101$ & $0.00375144$ & $-0.000875052$ & $1$ & $-0.00515743$ & $0.00537121$ & $0.00607037$ & $0.00383691$ & $0.00952271$ & $0.000771929$ & $-0.0156048$ & $0.000152385$ & $0.0106102$ \\
eHZgaint & $-0.0143291$ & $-0.0135382$ & $-0.0310396$ & $-0.0222161$ & $-0.000513683$ & $0.0038779$ & $-0.00150093$ & $0.0223348$ & $0.0273329$ & $-0.0657119$ & $-0.00391415$ & $-0.0283137$ & $0.0160248$ & $-0.0282463$ & $-0.00534722$ & $-0.00844616$ & $-0.0377224$ & $-0.0319654$ & $-0.0270465$ & $0.00247577$ & $0.00672072$ & $0.00524288$ & $0.00517605$ & $-0.0333563$ & $-0.0354441$ & $-0.000315256$ & $0.0124766$ & $-0.0116549$ & $-0.00875519$ & $0.000502611$ & $-0.00971676$ & $-0.00787687$ & $0.00867704$ & $0.0192696$ & $-0.0188539$ & $-0.0118748$ & $0.000156895$ & $0.00488507$ & $0.0174055$ & $-0.00515743$ & $1$ & $0.00290091$ & $0.031513$ & $-0.0253697$ & $0.0186732$ & $-0.0153983$ & $0.0112454$ & $0.0130523$ & $0.00996726$ \\
eHZgapar & $-0.0110914$ & $-0.0107239$ & $0.00537663$ & $-0.00572499$ & $-0.0028851$ & $0.00453581$ & $-0.0120203$ & $0.00063278$ & $0.00127394$ & $-0.00977573$ & $0.00990628$ & $-0.00550663$ & $0.00535253$ & $-0.0225528$ & $-0.00688863$ & $-0.00423035$ & $-0.0173961$ & $-0.0146287$ & $-0.0163509$ & $-0.00982822$ & $-0.00809946$ & $-0.00936291$ & $-0.0169326$ & $-0.0136481$ & $-0.00950691$ & $0.0191762$ & $0.00700567$ & $-0.00288197$ & $-0.0025672$ & $0.0051132$ & $0.008855$ & $-0.0108735$ & $-0.00563693$ & $0.00634551$ & $0.00564882$ & $-0.00355574$ & $-0.0176037$ & $0.00474198$ & $0.0158082$ & $0.00537121$ & $0.00290091$ & $1$ & $-0.00845743$ & $-0.00320794$ & $0.00550706$ & $-0.010424$ & $0.00525704$ & $-0.00497011$ & $-0.0152487$ \\
eHgagaint & $-0.0049061$ & $-0.00392447$ & $0.0404407$ & $-0.0125698$ & $0.0048549$ & $0.0203097$ & $0.000866434$ & $0.0138007$ & $0.0889182$ & $-0.0251954$ & $-0.00380883$ & $-0.00535412$ & $-0.00303753$ & $-0.00983872$ & $0.00376313$ & $0.00296653$ & $-0.0225749$ & $-0.0200919$ & $-0.0206559$ & $0.00370596$ & $0.00405424$ & $0.00543777$ & $-0.00935146$ & $-0.0191305$ & $-0.0171949$ & $0.00556214$ & $0.00530195$ & $0.000328872$ & $0.00315442$ & $-0.00824781$ & $0.00147531$ & $-0.00362873$ & $-0.000557165$ & $0.00640055$ & $-0.0472517$ & $0.0053699$ & $0.0258931$ & $0.0113947$ & $0.0352573$ & $0.00607037$ & $0.031513$ & $-0.00845743$ & $1$ & $0.0167806$ & $0.0198253$ & $-0.00892672$ & $0.00589156$ & $-0.00766398$ & $0.0106356$ \\
eHmumuint & $-0.00155431$ & $-0.0225585$ & $-0.00492728$ & $0.00746076$ & $-0.00426983$ & $-0.00818162$ & $-0.0105532$ & $0.00383917$ & $0.00277192$ & $0.00478798$ & $-0.00817639$ & $-0.00977747$ & $0.0113015$ & $0.00816409$ & $-0.00518253$ & $0.0268703$ & $0.00870762$ & $0.0136145$ & $-0.00912903$ & $0.00970895$ & $0.00682066$ & $0.00720308$ & $-0.00177891$ & $0.00187996$ & $0.00168905$ & $-0.00970749$ & $-0.0126711$ & $0.0184244$ & $-0.00340049$ & $0.00798815$ & $-0.00221137$ & $-0.00202746$ & $0.0164889$ & $0.00685638$ & $0.00386114$ & $0.00936777$ & $0.00185981$ & $-0.00401558$ & $0.0172448$ & $0.00383691$ & $-0.0253697$ & $-0.00320794$ & $0.0167806$ & $1$ & $0.0182293$ & $0.0108054$ & $-0.00733937$ & $-0.024873$ & $0.0251784$ \\
eHtautauint & $0.0182943$ & $0.00333911$ & $0.00750172$ & $0.0187326$ & $-0.0056022$ & $-0.018174$ & $0.00831517$ & $0.00527992$ & $0.0079849$ & $-0.00761841$ & $-0.00445479$ & $-0.00804856$ & $0.00660372$ & $-0.00592339$ & $0.0178669$ & $0.0138917$ & $-0.00316778$ & $-0.0143614$ & $-0.0119972$ & $0.00604211$ & $0.00183533$ & $0.00262051$ & $0.00664048$ & $-0.000759204$ & $-0.0105344$ & $-0.0138532$ & $-0.00873225$ & $0.0124199$ & $0.00912715$ & $0.076283$ & $0.000421173$ & $0.00310323$ & $-0.0120338$ & $-0.00939657$ & $-0.00874617$ & $-0.0294694$ & $0.00310109$ & $-0.00143783$ & $0.00940703$ & $0.00952271$ & $0.0186732$ & $0.00550706$ & $0.0198253$ & $0.0182293$ & $1$ & $-0.0191401$ & $0.0197191$ & $0.0220512$ & $-0.0200298$ \\
eHccint & $0.019158$ & $-0.014918$ & $0.00549082$ & $0.0301491$ & $-0.00152556$ & $0.00179389$ & $-0.00254784$ & $-0.0147666$ & $-0.0150735$ & $0.00949157$ & $0.00874309$ & $0.00941659$ & $-0.00981114$ & $0.0157404$ & $-0.00541484$ & $-0.00130981$ & $0.00788873$ & $0.0163468$ & $0.0128497$ & $-0.00954623$ & $-0.00986536$ & $-0.0124773$ & $0.00529573$ & $0.0140054$ & $0.0132265$ & $-0.00201102$ & $-0.00583486$ & $-0.0120794$ & $0.0165444$ & $-0.00420212$ & $0.0593898$ & $-0.00522017$ & $0.000583236$ & $-0.0105999$ & $0.00870663$ & $0.00561209$ & $-0.000389309$ & $0.00768711$ & $0.00162674$ & $0.000771929$ & $-0.0153983$ & $-0.010424$ & $-0.00892672$ & $0.0108054$ & $-0.0191401$ & $1$ & $-0.0179371$ & $-0.0154577$ & $0.014914$ \\
eHccpar & $-0.0232029$ & $0.0165406$ & $0.0154107$ & $-0.0210416$ & $0.00463264$ & $-0.0200637$ & $-0.00429372$ & $0.00653823$ & $0.0078945$ & $-0.00188046$ & $-0.0080534$ & $0.00799465$ & $-0.00731346$ & $0.000147684$ & $0.0161747$ & $0.00488604$ & $0.00571013$ & $-0.00855815$ & $-0.00150368$ & $0.0100358$ & $0.00794311$ & $0.00695911$ & $0.00284844$ & $-6.51881e-05$ & $-0.00641702$ & $-0.00409041$ & $-0.010235$ & $0.0154777$ & $-0.0106002$ & $0.000329102$ & $0.372951$ & $0.00286169$ & $0.0209904$ & $-0.00528434$ & $-0.0161802$ & $-0.00497947$ & $0.00859941$ & $0.00670355$ & $0.0138392$ & $-0.0156048$ & $0.0112454$ & $0.00525704$ & $0.00589156$ & $-0.00733937$ & $0.0197191$ & $-0.0179371$ & $1$ & $-0.000996667$ & $0.0348896$ \\
eHbbint & $0.00209932$ & $-0.0114012$ & $0.0085812$ & $-0.0171867$ & $0.0101794$ & $0.0045954$ & $0.000724554$ & $-0.0109633$ & $-0.00989866$ & $-0.00971946$ & $0.00639028$ & $0.00730844$ & $-0.0112858$ & $0.00949499$ & $-0.00602016$ & $-0.00422862$ & $0.00598157$ & $0.0133744$ & $0.00895179$ & $-0.00606695$ & $-0.00669501$ & $-0.00589653$ & $-0.00194897$ & $0.0134394$ & $0.0004081$ & $0.000791828$ & $-0.0153032$ & $-0.0142701$ & $0.00340246$ & $0.0153155$ & $0.00689501$ & $0.00605831$ & $0.17758$ & $-0.00671738$ & $-0.0142715$ & $-0.0198049$ & $0.0143992$ & $-0.000226564$ & $0.00649824$ & $0.000152385$ & $0.0130523$ & $-0.00497011$ & $-0.00766398$ & $-0.024873$ & $0.0220512$ & $-0.0154577$ & $-0.000996667$ & $1$ & $0.0109497$ \\
eHbbpar & $0.0235442$ & $0.00209146$ & $0.014871$ & $0.0216063$ & $0.00359326$ & $0.00220024$ & $0.00322936$ & $0.00011015$ & $-4.73855e-05$ & $-0.00766739$ & $-0.000470344$ & $0.00265604$ & $-0.00381173$ & $0.00607465$ & $0.0113762$ & $-0.00189081$ & $-0.0056991$ & $-0.00857343$ & $0.00371387$ & $0.000843589$ & $-0.000382145$ & $-0.000710042$ & $-0.00807782$ & $-0.00253969$ & $-0.00777828$ & $0.00440549$ & $-0.00919591$ & $0.00133324$ & $-0.00175622$ & $-0.00286204$ & $0.00644558$ & $0.00485861$ & $0.479589$ & $-0.0140166$ & $0.000924561$ & $0.0102725$ & $0.0085495$ & $0.0159873$ & $0.00905559$ & $0.0106102$ & $0.00996726$ & $-0.0152487$ & $0.0106356$ & $0.0251784$ & $-0.0200298$ & $0.014914$ & $0.0348896$ & $0.0109497$ & $1$ \\
