 & AlsMz & dAle5Mz & mtop & mHl & Mz & CW & CHG & CHWB & CHWHB_gaga & CHWHB_gagaorth & CHD & CHbox & CH & CHL1_11 & CHL1_22 & CHL1_33 & CHL3_11 & CHL3_22 & CHL3_33 & CHe_11 & CHe_22 & CHe_33 & CHQ1_11 & CHQ1_33 & CHQ3_11 & CHu_11 & CHd_11 & CHd_33 & CeH_22r & CeH_33r & CuH_22r & CuH_33r & CdH_33r & CLL_1221 & eHggint & eHggpar & eHWWint & eHWWpar & eHZZint & eHZZpar & eHZgaint & eHZgapar & eHgagaint & eHmumuint & eHtautauint & eHccint & eHccpar & eHbbint & eHbbpar \\
AlsMz & $1$ & $0.0547343$ & $0.143937$ & $0.0461488$ & $-0.08139$ & $0.0912212$ & $-0.0293062$ & $-0.00944102$ & $-0.029119$ & $0.0413663$ & $0.0173017$ & $0.0498941$ & $-0.0601793$ & $-0.0158058$ & $0.0121407$ & $0.0320684$ & $-0.0377259$ & $-0.0341555$ & $-0.0357494$ & $-0.0204942$ & $-0.0250178$ & $-0.0190614$ & $-0.0424528$ & $-0.0838305$ & $-0.097372$ & $-0.01451$ & $-0.0609308$ & $-0.075438$ & $0.0195367$ & $-0.103888$ & $-0.0379131$ & $-0.0579606$ & $0.0144354$ & $-0.0248309$ & $0.00816308$ & $-0.184719$ & $0.162287$ & $0.0229926$ & $0.292076$ & $0.0428448$ & $0.232442$ & $-0.127294$ & $-0.204283$ & $0.249671$ & $-0.0337561$ & $-0.00688338$ & $0.127616$ & $0.145003$ & $0.226261$ \\
dAle5Mz & $0.0547343$ & $1$ & $0.190648$ & $0.0877683$ & $-0.0597435$ & $0.0118842$ & $-0.0447795$ & $-0.0438566$ & $-0.0387308$ & $0.0260226$ & $0.0191105$ & $-0.0156279$ & $0.0398785$ & $0.0068361$ & $0.0743798$ & $0.0829645$ & $0.0202223$ & $-0.0149798$ & $-0.0201497$ & $-0.000288663$ & $-0.0149645$ & $-0.0115917$ & $-0.000640309$ & $0.0287304$ & $-0.00664471$ & $-0.0204157$ & $-0.09621$ & $0.00761182$ & $0.00793983$ & $0.0409113$ & $0.012619$ & $-0.0136945$ & $-0.039837$ & $-0.0623898$ & $-0.0121211$ & $0.405007$ & $0.237384$ & $0.0134479$ & $0.241631$ & $0.085084$ & $-0.12621$ & $-0.0651105$ & $0.102884$ & $-0.0269659$ & $-0.191191$ & $-0.182958$ & $0.111627$ & $0.025637$ & $-0.236672$ \\
mtop & $0.143937$ & $0.190648$ & $1$ & $-0.138113$ & $-0.0281629$ & $-0.00909295$ & $0.0532023$ & $-0.0773326$ & $-0.0835651$ & $0.100479$ & $0.0636802$ & $0.0613886$ & $-0.0221341$ & $0.00129772$ & $0.019365$ & $-0.0447666$ & $0.0159449$ & $0.00618125$ & $0.0545549$ & $-0.0559004$ & $-0.061485$ & $-0.058911$ & $0.0124984$ & $0.0539681$ & $0.0173135$ & $0.0154238$ & $-0.0572744$ & $-0.0365382$ & $-0.0157583$ & $-0.0474004$ & $-0.00839276$ & $0.0788383$ & $0.0270271$ & $-0.0884279$ & $0.110847$ & $0.166924$ & $0.245281$ & $0.111757$ & $0.190531$ & $0.0666576$ & $0.0902945$ & $-0.0150162$ & $-0.142881$ & $0.0376289$ & $-0.417345$ & $-0.162011$ & $0.0883834$ & $0.0603649$ & $0.151255$ \\
mHl & $0.0461488$ & $0.0877683$ & $-0.138113$ & $1$ & $-0.0317044$ & $0.0179539$ & $-0.00765185$ & $0.0583063$ & $0.0548516$ & $-0.0608824$ & $-0.0324616$ & $0.0278847$ & $-0.027504$ & $0.00276495$ & $0.026453$ & $0.037911$ & $-0.0738311$ & $-0.0608581$ & $-0.060304$ & $0.0349164$ & $0.0312856$ & $0.0382306$ & $-0.0265519$ & $-0.0759836$ & $-0.0575608$ & $-0.0363954$ & $0.00513847$ & $0.000156001$ & $0.00448599$ & $-0.0437521$ & $-0.0382076$ & $-0.0367063$ & $-0.090648$ & $0.0170448$ & $-0.141897$ & $0.174064$ & $0.169792$ & $0.0228394$ & $0.061707$ & $0.0412561$ & $0.25138$ & $0.00441338$ & $0.0943264$ & $-0.0349683$ & $0.0545759$ & $0.200985$ & $0.0597548$ & $0.104871$ & $-0.178796$ \\
Mz & $-0.08139$ & $-0.0597435$ & $-0.0281629$ & $-0.0317044$ & $1$ & $-0.0306736$ & $-0.0150765$ & $-0.0212335$ & $-0.0174903$ & $-0.0284774$ & $0.00352933$ & $-0.00481691$ & $0.00436751$ & $0.0209317$ & $0.00621093$ & $-0.00446241$ & $0.0597869$ & $0.0411694$ & $0.0540044$ & $0.00205783$ & $0.00619117$ & $0.00184962$ & $0.0367588$ & $0.0293814$ & $0.0546703$ & $-0.0222562$ & $-0.00819753$ & $-0.00189379$ & $0.0284527$ & $0.0158858$ & $-0.00394182$ & $-0.0264864$ & $0.0203945$ & $-0.0177364$ & $-0.00409487$ & $-0.0387043$ & $-0.0192211$ & $-0.0507309$ & $-0.0375281$ & $-0.00995098$ & $0.0281558$ & $0.0486499$ & $0.00760533$ & $-0.0898839$ & $-0.0111359$ & $-0.0364351$ & $-0.00158616$ & $-0.00353739$ & $0.049161$ \\
CW & $0.0912212$ & $0.0118842$ & $-0.00909295$ & $0.0179539$ & $-0.0306736$ & $1$ & $-0.0154814$ & $-0.0682471$ & $-0.0715892$ & $0.0019162$ & $0.161476$ & $-0.00610113$ & $0.012186$ & $-0.0206015$ & $-0.0785626$ & $-0.0637071$ & $-0.34535$ & $-0.147836$ & $-0.152672$ & $-0.156707$ & $-0.166684$ & $-0.172826$ & $-0.0216752$ & $-0.0906772$ & $-0.177645$ & $0.109221$ & $-0.0694683$ & $-0.103046$ & $0.00817902$ & $-0.035009$ & $-0.0636497$ & $-0.011764$ & $-0.0129216$ & $-0.12367$ & $-0.0315608$ & $0.0632277$ & $0.0708939$ & $0.0399767$ & $0.0156155$ & $-0.00566041$ & $0.0558491$ & $-0.0992693$ & $-0.000797733$ & $-0.00681119$ & $0.0375438$ & $0.0487449$ & $0.0411252$ & $-0.019375$ & $0.0176613$ \\
CHG & $-0.0293062$ & $-0.0447795$ & $0.0532023$ & $-0.00765185$ & $-0.0150765$ & $-0.0154814$ & $1$ & $-0.0562894$ & $-0.0525905$ & $0.22264$ & $0.110266$ & $0.745391$ & $-0.771142$ & $-0.129573$ & $-0.0539746$ & $-0.0694357$ & $-0.101961$ & $-0.0850933$ & $-0.070265$ & $-0.108574$ & $-0.106181$ & $-0.105768$ & $0.0209653$ & $-0.0367346$ & $-0.106277$ & $0.068444$ & $-0.0477547$ & $-0.0125513$ & $-0.179494$ & $-0.593241$ & $-0.415272$ & $0.949539$ & $-0.61067$ & $-0.0116647$ & $0.0140061$ & $-0.126438$ & $-0.00699025$ & $0.140982$ & $0.0430948$ & $0.00972503$ & $-0.11143$ & $0.00659016$ & $-0.10759$ & $0.0343883$ & $0.0868732$ & $0.0929096$ & $-0.0791871$ & $0.0451846$ & $-0.156986$ \\
CHWB & $-0.00944102$ & $-0.0438566$ & $-0.0773326$ & $0.0583063$ & $-0.0212335$ & $-0.0682471$ & $-0.0562894$ & $1$ & $0.990463$ & $-0.558193$ & $-0.872917$ & $-0.151457$ & $0.10337$ & $0.277897$ & $0.403985$ & $0.432387$ & $-0.1852$ & $-0.354815$ & $-0.370693$ & $0.854668$ & $0.88793$ & $0.877555$ & $-0.00612885$ & $-0.610565$ & $-0.354343$ & $-0.591903$ & $0.428219$ & $0.419816$ & $0.0334504$ & $0.115036$ & $0.0706934$ & $-0.0630236$ & $0.117753$ & $0.569848$ & $-0.0495835$ & $0.0715946$ & $-0.0305988$ & $0.00480064$ & $-0.0476341$ & $0.0176496$ & $0.0522602$ & $0.000352115$ & $0.047124$ & $-0.0202268$ & $0.0277311$ & $-0.0829593$ & $-0.0073273$ & $-0.011382$ & $0.0413598$ \\
CHWHB_gaga & $-0.029119$ & $-0.0387308$ & $-0.0835651$ & $0.0548516$ & $-0.0174903$ & $-0.0715892$ & $-0.0525905$ & $0.990463$ & $1$ & $-0.561253$ & $-0.868604$ & $-0.173016$ & $0.125124$ & $0.282352$ & $0.400087$ & $0.434423$ & $-0.176353$ & $-0.342946$ & $-0.362922$ & $0.851492$ & $0.883149$ & $0.873633$ & $-0.00782496$ & $-0.596773$ & $-0.342161$ & $-0.585335$ & $0.425392$ & $0.418315$ & $0.0444531$ & $0.144232$ & $0.0864136$ & $-0.0611463$ & $0.146085$ & $0.564427$ & $-0.0733018$ & $0.0678775$ & $-0.0588476$ & $-0.00312731$ & $-0.0651586$ & $0.0163228$ & $0.0555405$ & $0.00627382$ & $0.0957332$ & $-0.024032$ & $0.0417242$ & $-0.0780707$ & $-0.0066646$ & $0.00338319$ & $0.0344986$ \\
CHWHB_gagaorth & $0.0413663$ & $0.0260226$ & $0.100479$ & $-0.0608824$ & $-0.0284774$ & $0.0019162$ & $0.22264$ & $-0.558193$ & $-0.561253$ & $1$ & $0.485273$ & $0.394354$ & $-0.312019$ & $-0.15253$ & $-0.225575$ & $-0.259668$ & $0.109474$ & $0.203332$ & $0.218988$ & $-0.474395$ & $-0.493021$ & $-0.49125$ & $0.00807919$ & $0.350441$ & $0.195234$ & $0.319621$ & $-0.240974$ & $-0.23449$ & $-0.055673$ & $-0.27852$ & $-0.194163$ & $0.221257$ & $-0.336122$ & $-0.315355$ & $0.0660624$ & $-0.0492778$ & $0.0741228$ & $0.0527841$ & $0.0730367$ & $-0.0293036$ & $-0.112693$ & $-0.0355692$ & $-0.110657$ & $0.0394606$ & $-0.0304213$ & $0.107705$ & $0.00175757$ & $0.00768463$ & $-0.117025$ \\
CHD & $0.0173017$ & $0.0191105$ & $0.0636802$ & $-0.0324616$ & $0.00352933$ & $0.161476$ & $0.110266$ & $-0.872917$ & $-0.868604$ & $0.485273$ & $1$ & $0.250184$ & $-0.189184$ & $-0.672724$ & $-0.533493$ & $-0.542045$ & $-0.288591$ & $-0.0731193$ & $-0.059204$ & $-0.99484$ & $-0.995141$ & $-0.982586$ & $0.0695504$ & $0.191876$ & $-0.0835698$ & $0.664712$ & $-0.292604$ & $-0.449706$ & $-0.034054$ & $-0.185664$ & $-0.134657$ & $0.112752$ & $-0.197765$ & $-0.361925$ & $0.0391768$ & $-0.0712913$ & $0.0523364$ & $0.0163008$ & $0.0454188$ & $0.0115734$ & $-0.0596466$ & $0.015398$ & $-0.0676188$ & $0.0420037$ & $-0.00803841$ & $0.0889054$ & $0.017568$ & $0.0206325$ & $-0.0550622$ \\
CHbox & $0.0498941$ & $-0.0156279$ & $0.0613886$ & $0.0278847$ & $-0.00481691$ & $-0.00610113$ & $0.745391$ & $-0.151457$ & $-0.173016$ & $0.394354$ & $0.250184$ & $1$ & $-0.977411$ & $-0.272363$ & $-0.105257$ & $-0.153609$ & $-0.188115$ & $-0.165681$ & $-0.12034$ & $-0.249118$ & $-0.242072$ & $-0.242146$ & $0.0567718$ & $-0.0742643$ & $-0.170244$ & $0.142627$ & $-0.0718798$ & $-0.0914264$ & $-0.223683$ & $-0.691161$ & $-0.457776$ & $0.663887$ & $-0.73838$ & $-0.056297$ & $0.0648532$ & $-0.108346$ & $0.117184$ & $0.121833$ & $0.107512$ & $0.0328969$ & $-0.0960682$ & $-0.0027155$ & $-0.145573$ & $0.0230371$ & $0.0845743$ & $0.128133$ & $-0.0329266$ & $0.0343012$ & $-0.19255$ \\
CH & $-0.0601793$ & $0.0398785$ & $-0.0221341$ & $-0.027504$ & $0.00436751$ & $0.012186$ & $-0.771142$ & $0.10337$ & $0.125124$ & $-0.312019$ & $-0.189184$ & $-0.977411$ & $1$ & $0.22542$ & $0.0816743$ & $0.126654$ & $0.15802$ & $0.145897$ & $0.103822$ & $0.189769$ & $0.181695$ & $0.181486$ & $-0.043448$ & $0.0763783$ & $0.153224$ & $-0.109706$ & $0.0493414$ & $0.0618368$ & $0.222494$ & $0.724241$ & $0.471555$ & $-0.677172$ & $0.762486$ & $0.0300081$ & $-0.054736$ & $0.1162$ & $-0.0992161$ & $-0.109364$ & $-0.108052$ & $-0.0333961$ & $0.0863737$ & $0.00196375$ & $0.132006$ & $-0.0306797$ & $-0.0924725$ & $-0.117472$ & $0.0469291$ & $-0.0343653$ & $0.175055$ \\
CHL1_11 & $-0.0158058$ & $0.0068361$ & $0.00129772$ & $0.00276495$ & $0.0209317$ & $-0.0206015$ & $-0.129573$ & $0.277897$ & $0.282352$ & $-0.15253$ & $-0.672724$ & $-0.272363$ & $0.22542$ & $1$ & $0.418699$ & $0.385087$ & $0.65631$ & $0.613327$ & $0.615418$ & $0.685094$ & $0.643006$ & $0.630869$ & $-0.115613$ & $0.450453$ & $0.609528$ & $-0.435547$ & $-0.0418816$ & $0.263041$ & $0.0283852$ & $0.195754$ & $0.141705$ & $-0.124257$ & $0.218175$ & $-0.152689$ & $-0.0486464$ & $0.0437253$ & $-0.0588755$ & $0.000513407$ & $-0.0376246$ & $-0.042881$ & $0.0632702$ & $-0.0397924$ & $0.0833806$ & $-0.0392537$ & $-0.0270515$ & $-0.0311998$ & $-0.00696598$ & $-0.0305912$ & $0.0567286$ \\
CHL1_22 & $0.0121407$ & $0.0743798$ & $0.019365$ & $0.026453$ & $0.00621093$ & $-0.0785626$ & $-0.0539746$ & $0.403985$ & $0.400087$ & $-0.225575$ & $-0.533493$ & $-0.105257$ & $0.0816743$ & $0.418699$ & $1$ & $0.511931$ & $0.204997$ & $-0.271111$ & $0.0506861$ & $0.581442$ & $0.476359$ & $0.463983$ & $-0.225432$ & $0.0891568$ & $-0.0442182$ & $-0.317065$ & $-0.349918$ & $0.215051$ & $-0.0119548$ & $0.0834217$ & $0.0687581$ & $-0.0410048$ & $0.124125$ & $-0.483203$ & $-0.0307789$ & $0.0104261$ & $0.00756734$ & $-0.0307477$ & $-0.0238503$ & $0.0323737$ & $0.0745471$ & $8.53884e-05$ & $-0.00611422$ & $-0.0467075$ & $-0.0351919$ & $-0.087897$ & $-0.0439614$ & $-0.0362207$ & $0.0709538$ \\
CHL1_33 & $0.0320684$ & $0.0829645$ & $-0.0447666$ & $0.037911$ & $-0.00446241$ & $-0.0637071$ & $-0.0694357$ & $0.432387$ & $0.434423$ & $-0.259668$ & $-0.542045$ & $-0.153609$ & $0.126654$ & $0.385087$ & $0.511931$ & $1$ & $0.174298$ & $0.0202833$ & $-0.290312$ & $0.587933$ & $0.488571$ & $0.49687$ & $-0.2148$ & $0.0571496$ & $-0.05697$ & $-0.302985$ & $-0.277691$ & $0.232603$ & $-0.0195905$ & $0.122012$ & $0.120889$ & $-0.0608089$ & $0.128146$ & $-0.00975661$ & $-0.0769423$ & $0.0702753$ & $-0.0247824$ & $-0.0401925$ & $0.049516$ & $-0.0174303$ & $0.0820675$ & $-0.0179013$ & $0.0466979$ & $-0.0274203$ & $0.0149231$ & $-0.0797474$ & $0.0123329$ & $-0.0320178$ & $0.0350286$ \\
CHL3_11 & $-0.0377259$ & $0.0202223$ & $0.0159449$ & $-0.0738311$ & $0.0597869$ & $-0.34535$ & $-0.101961$ & $-0.1852$ & $-0.176353$ & $0.109474$ & $-0.288591$ & $-0.188115$ & $0.15802$ & $0.65631$ & $0.204997$ & $0.174298$ & $1$ & $0.823505$ & $0.822987$ & $0.302039$ & $0.26496$ & $0.260953$ & $-0.0894268$ & $0.743521$ & $0.852818$ & $-0.176657$ & $-0.139461$ & $0.0876237$ & $-0.00433174$ & $0.134507$ & $0.133493$ & $-0.0979059$ & $0.149144$ & $-0.230012$ & $0.0666484$ & $-0.00389231$ & $-0.0482432$ & $-0.0665354$ & $0.00721346$ & $-0.0674507$ & $-0.00455231$ & $-0.0161944$ & $0.0182769$ & $-0.0520747$ & $-0.0264457$ & $-0.0302808$ & $-0.0398355$ & $-0.0161081$ & $0.0235629$ \\
CHL3_22 & $-0.0341555$ & $-0.0149798$ & $0.00618125$ & $-0.0608581$ & $0.0411694$ & $-0.147836$ & $-0.0850933$ & $-0.354815$ & $-0.342946$ & $0.203332$ & $-0.0731193$ & $-0.165681$ & $0.145897$ & $0.613327$ & $-0.271111$ & $0.0202833$ & $0.823505$ & $1$ & $0.783102$ & $0.071997$ & $0.0672316$ & $0.069325$ & $-0.00323181$ & $0.726602$ & $0.874982$ & $-0.0465675$ & $-0.021487$ & $-0.00367957$ & $0.0108981$ & $0.114693$ & $0.102982$ & $-0.0842467$ & $0.109077$ & $-0.0536312$ & $0.0310865$ & $0.00478442$ & $-0.0583722$ & $-0.0214909$ & $0.0120315$ & $-0.0840214$ & $-0.0201625$ & $-0.0314701$ & $0.0530775$ & $-0.023408$ & $-0.0131801$ & $0.0277366$ & $0.000625421$ & $-0.00180428$ & $-0.00721006$ \\
CHL3_33 & $-0.0357494$ & $-0.0201497$ & $0.0545549$ & $-0.060304$ & $0.0540044$ & $-0.152672$ & $-0.070265$ & $-0.370693$ & $-0.362922$ & $0.218988$ & $-0.059204$ & $-0.12034$ & $0.103822$ & $0.615418$ & $0.0506861$ & $-0.290312$ & $0.822987$ & $0.783102$ & $1$ & $0.0595171$ & $0.0521902$ & $0.0546012$ & $-0.0104091$ & $0.729178$ & $0.865832$ & $-0.0487046$ & $-0.0633603$ & $-0.0175574$ & $0.00764743$ & $0.0764836$ & $0.0671383$ & $-0.070121$ & $0.0967906$ & $-0.366535$ & $0.0495428$ & $-0.0385836$ & $-0.0357299$ & $-0.00938999$ & $-0.0460376$ & $-0.0351196$ & $-0.0318082$ & $-0.0206964$ & $0.0197313$ & $-0.0225578$ & $-0.0522531$ & $0.0341363$ & $-0.0236687$ & $0.0070161$ & $0.00836325$ \\
CHe_11 & $-0.0204942$ & $-0.000288663$ & $-0.0559004$ & $0.0349164$ & $0.00205783$ & $-0.156707$ & $-0.108574$ & $0.854668$ & $0.851492$ & $-0.474395$ & $-0.99484$ & $-0.249118$ & $0.189769$ & $0.685094$ & $0.581442$ & $0.587933$ & $0.302039$ & $0.071997$ & $0.0595171$ & $1$ & $0.984545$ & $0.97274$ & $-0.0897739$ & $-0.155069$ & $0.0895395$ & $-0.656877$ & $0.235398$ & $0.444764$ & $0.031689$ & $0.186585$ & $0.135403$ & $-0.108782$ & $0.198798$ & $0.302233$ & $-0.046555$ & $0.0747595$ & $-0.0498449$ & $-0.015636$ & $-0.0422667$ & $-0.00815574$ & $0.0614316$ & $-0.0143408$ & $0.0722542$ & $-0.0470593$ & $0.000116997$ & $-0.092344$ & $-0.0192255$ & $-0.0177615$ & $0.0529763$ \\
CHe_22 & $-0.0250178$ & $-0.0149645$ & $-0.061485$ & $0.0312856$ & $0.00619117$ & $-0.166684$ & $-0.106181$ & $0.88793$ & $0.883149$ & $-0.493021$ & $-0.995141$ & $-0.242072$ & $0.181695$ & $0.643006$ & $0.476359$ & $0.488571$ & $0.26496$ & $0.0672316$ & $0.0521902$ & $0.984545$ & $1$ & $0.98589$ & $-0.0441594$ & $-0.235657$ & $0.071116$ & $-0.668984$ & $0.353818$ & $0.452174$ & $0.0359397$ & $0.180554$ & $0.127996$ & $-0.11017$ & $0.189434$ & $0.427426$ & $-0.0324995$ & $0.0792144$ & $-0.0501791$ & $-0.0113153$ & $-0.04545$ & $-0.0112882$ & $0.0528171$ & $-0.0120127$ & $0.0695536$ & $-0.0444717$ & $0.00906538$ & $-0.0890002$ & $-0.015054$ & $-0.015451$ & $0.0487259$ \\
CHe_33 & $-0.0190614$ & $-0.0115917$ & $-0.058911$ & $0.0382306$ & $0.00184962$ & $-0.172826$ & $-0.105768$ & $0.877555$ & $0.873633$ & $-0.49125$ & $-0.982586$ & $-0.242146$ & $0.181486$ & $0.630869$ & $0.463983$ & $0.49687$ & $0.260953$ & $0.069325$ & $0.0546012$ & $0.97274$ & $0.98589$ & $1$ & $-0.0478697$ & $-0.234652$ & $0.0711543$ & $-0.655949$ & $0.354838$ & $0.445444$ & $0.0356488$ & $0.176904$ & $0.130343$ & $-0.111571$ & $0.187796$ & $0.43004$ & $-0.0463422$ & $0.0691819$ & $-0.0554793$ & $-0.00948517$ & $-0.062181$ & $-0.00629181$ & $0.0370117$ & $-0.0236442$ & $0.0666735$ & $-0.0288929$ & $-0.00248697$ & $-0.0830719$ & $-0.0140605$ & $-0.00601208$ & $0.04147$ \\
CHQ1_11 & $-0.0424528$ & $-0.000640309$ & $0.0124984$ & $-0.0265519$ & $0.0367588$ & $-0.0216752$ & $0.0209653$ & $-0.00612885$ & $-0.00782496$ & $0.00807919$ & $0.0695504$ & $0.0567718$ & $-0.043448$ & $-0.115613$ & $-0.225432$ & $-0.2148$ & $-0.0894268$ & $-0.00323181$ & $-0.0104091$ & $-0.0897739$ & $-0.0441594$ & $-0.0478697$ & $1$ & $-0.143365$ & $0.0450944$ & $-0.561329$ & $0.318261$ & $-0.0290953$ & $0.0173471$ & $-0.0200943$ & $-0.0398613$ & $0.0147856$ & $-0.0439403$ & $0.188197$ & $0.0253864$ & $0.0236695$ & $-0.00877486$ & $0.00697752$ & $0.0734132$ & $0.0177415$ & $-0.048293$ & $0.0156647$ & $-0.0316217$ & $0.0494642$ & $-0.0466753$ & $-0.00829987$ & $-0.00848205$ & $-0.0108541$ & $-0.0531851$ \\
CHQ1_33 & $-0.0838305$ & $0.0287304$ & $0.0539681$ & $-0.0759836$ & $0.0293814$ & $-0.0906772$ & $-0.0367346$ & $-0.610565$ & $-0.596773$ & $0.350441$ & $0.191876$ & $-0.0742643$ & $0.0763783$ & $0.450453$ & $0.0891568$ & $0.0571496$ & $0.743521$ & $0.726602$ & $0.729178$ & $-0.155069$ & $-0.235657$ & $-0.234652$ & $-0.143365$ & $1$ & $0.748679$ & $0.167656$ & $-0.415625$ & $-0.0637252$ & $-0.0340236$ & $0.0610749$ & $0.0679991$ & $-0.0210219$ & $0.0632148$ & $-0.612368$ & $0.0302523$ & $-0.0370128$ & $-0.032466$ & $-0.0355245$ & $0.0177243$ & $-0.063237$ & $-0.0351742$ & $-0.0179825$ & $0.0174711$ & $-0.0485201$ & $-0.0338291$ & $0.0432432$ & $-0.0238535$ & $-0.0138495$ & $-0.0133935$ \\
CHQ3_11 & $-0.097372$ & $-0.00664471$ & $0.0173135$ & $-0.0575608$ & $0.0546703$ & $-0.177645$ & $-0.106277$ & $-0.354343$ & $-0.342161$ & $0.195234$ & $-0.0835698$ & $-0.170244$ & $0.153224$ & $0.609528$ & $-0.0442182$ & $-0.05697$ & $0.852818$ & $0.874982$ & $0.865832$ & $0.0895395$ & $0.071116$ & $0.0711543$ & $0.0450944$ & $0.748679$ & $1$ & $-0.0494121$ & $0.111483$ & $0.00202095$ & $0.0111567$ & $0.106926$ & $0.0930969$ & $-0.102697$ & $0.116193$ & $-0.241889$ & $0.0661015$ & $0.00539833$ & $-0.0308573$ & $-0.0136105$ & $-0.0306436$ & $-0.0536832$ & $-0.0609239$ & $0.00114622$ & $0.0468969$ & $-0.0243153$ & $-0.0151997$ & $0.0222637$ & $-0.0275236$ & $-0.020007$ & $-0.0172501$ \\
CHu_11 & $-0.01451$ & $-0.0204157$ & $0.0154238$ & $-0.0363954$ & $-0.0222562$ & $0.109221$ & $0.068444$ & $-0.591903$ & $-0.585335$ & $0.319621$ & $0.664712$ & $0.142627$ & $-0.109706$ & $-0.435547$ & $-0.317065$ & $-0.302985$ & $-0.176657$ & $-0.0465675$ & $-0.0487046$ & $-0.656877$ & $-0.668984$ & $-0.655949$ & $-0.561329$ & $0.167656$ & $-0.0494121$ & $1$ & $-0.20886$ & $-0.292783$ & $-0.0202209$ & $-0.131517$ & $-0.0695979$ & $0.0662373$ & $-0.125445$ & $-0.28314$ & $0.0114064$ & $-0.0783389$ & $-0.0205624$ & $0.0141473$ & $-0.0705145$ & $-0.00293919$ & $-0.0585615$ & $0.0366361$ & $-0.0185589$ & $0.0128747$ & $0.044024$ & $0.0950867$ & $0.0232059$ & $0.0322705$ & $-0.0242377$ \\
CHd_11 & $-0.0609308$ & $-0.09621$ & $-0.0572744$ & $0.00513847$ & $-0.00819753$ & $-0.0694683$ & $-0.0477547$ & $0.428219$ & $0.425392$ & $-0.240974$ & $-0.292604$ & $-0.0718798$ & $0.0493414$ & $-0.0418816$ & $-0.349918$ & $-0.277691$ & $-0.139461$ & $-0.021487$ & $-0.0633603$ & $0.235398$ & $0.353818$ & $0.354838$ & $0.318261$ & $-0.415625$ & $0.111483$ & $-0.20886$ & $1$ & $0.155848$ & $0.0444443$ & $0.0267953$ & $0.00272327$ & $-0.0646824$ & $0.0132969$ & $0.712252$ & $0.053699$ & $0.0348086$ & $-0.00989591$ & $0.0453771$ & $-0.0643689$ & $0.00796834$ & $-0.110594$ & $0.0386502$ & $0.0331594$ & $0.0449887$ & $0.0458376$ & $0.0206943$ & $0.00825715$ & $0.0203358$ & $-0.0503703$ \\
CHd_33 & $-0.075438$ & $0.00761182$ & $-0.0365382$ & $0.000156001$ & $-0.00189379$ & $-0.103046$ & $-0.0125513$ & $0.419816$ & $0.418315$ & $-0.23449$ & $-0.449706$ & $-0.0914264$ & $0.0618368$ & $0.263041$ & $0.215051$ & $0.232603$ & $0.0876237$ & $-0.00367957$ & $-0.0175574$ & $0.444764$ & $0.452174$ & $0.445444$ & $-0.0290953$ & $-0.0637252$ & $0.00202095$ & $-0.292783$ & $0.155848$ & $1$ & $0.0148733$ & $0.0652416$ & $0.0383942$ & $-0.0116601$ & $0.0715903$ & $0.212314$ & $-0.00725973$ & $0.096374$ & $-0.0287753$ & $-0.0252346$ & $0.00915172$ & $0.00612948$ & $0.0669542$ & $-0.0168296$ & $0.0263445$ & $-0.0385047$ & $5.85113e-06$ & $-0.0579747$ & $-0.0439379$ & $-0.0768359$ & $0.0285228$ \\
CeH_22r & $0.0195367$ & $0.00793983$ & $-0.0157583$ & $0.00448599$ & $0.0284527$ & $0.00817902$ & $-0.179494$ & $0.0334504$ & $0.0444531$ & $-0.055673$ & $-0.034054$ & $-0.223683$ & $0.222494$ & $0.0283852$ & $-0.0119548$ & $-0.0195905$ & $-0.00433174$ & $0.0108981$ & $0.00764743$ & $0.031689$ & $0.0359397$ & $0.0356488$ & $0.0173471$ & $-0.0340236$ & $0.0111567$ & $-0.0202209$ & $0.0444443$ & $0.0148733$ & $1$ & $0.163674$ & $0.121304$ & $-0.176885$ & $0.191395$ & $0.031915$ & $-0.0444366$ & $-0.0285757$ & $-0.00277937$ & $0.020173$ & $-0.0149179$ & $0.050343$ & $0.0227242$ & $0.0080511$ & $0.0581424$ & $-0.0248674$ & $-0.00811416$ & $0.01693$ & $0.00988232$ & $0.0574214$ & $0.0514868$ \\
CeH_33r & $-0.103888$ & $0.0409113$ & $-0.0474004$ & $-0.0437521$ & $0.0158858$ & $-0.035009$ & $-0.593241$ & $0.115036$ & $0.144232$ & $-0.27852$ & $-0.185664$ & $-0.691161$ & $0.724241$ & $0.195754$ & $0.0834217$ & $0.122012$ & $0.134507$ & $0.114693$ & $0.0764836$ & $0.186585$ & $0.180554$ & $0.176904$ & $-0.0200943$ & $0.0610749$ & $0.106926$ & $-0.131517$ & $0.0267953$ & $0.0652416$ & $0.163674$ & $1$ & $0.53337$ & $-0.439965$ & $0.825218$ & $0.040428$ & $-0.0670368$ & $0.0897203$ & $-0.134759$ & $-0.104367$ & $-0.0754967$ & $-0.0473548$ & $0.0737906$ & $0.00560565$ & $0.12894$ & $-0.0220435$ & $0.0245236$ & $-0.0768275$ & $0.0357043$ & $-0.0512623$ & $0.0996355$ \\
CuH_22r & $-0.0379131$ & $0.012619$ & $-0.00839276$ & $-0.0382076$ & $-0.00394182$ & $-0.0636497$ & $-0.415272$ & $0.0706934$ & $0.0864136$ & $-0.194163$ & $-0.134657$ & $-0.457776$ & $0.471555$ & $0.141705$ & $0.0687581$ & $0.120889$ & $0.133493$ & $0.102982$ & $0.0671383$ & $0.135403$ & $0.127996$ & $0.130343$ & $-0.0398613$ & $0.0679991$ & $0.0930969$ & $-0.0695979$ & $0.00272327$ & $0.0383942$ & $0.121304$ & $0.53337$ & $1$ & $-0.308393$ & $0.564829$ & $0.0217662$ & $-0.0254115$ & $0.0278107$ & $-0.0937854$ & $-0.0926069$ & $-0.0610663$ & $0.0017538$ & $0.0510646$ & $0.0220078$ & $0.147921$ & $-0.0762748$ & $0.0468794$ & $-0.0178987$ & $0.232503$ & $-0.00146374$ & $0.0678704$ \\
CuH_33r & $-0.0579606$ & $-0.0136945$ & $0.0788383$ & $-0.0367063$ & $-0.0264864$ & $-0.011764$ & $0.949539$ & $-0.0630236$ & $-0.0611463$ & $0.221257$ & $0.112752$ & $0.663887$ & $-0.677172$ & $-0.124257$ & $-0.0410048$ & $-0.0608089$ & $-0.0979059$ & $-0.0842467$ & $-0.070121$ & $-0.108782$ & $-0.11017$ & $-0.111571$ & $0.0147856$ & $-0.0210219$ & $-0.102697$ & $0.0662373$ & $-0.0646824$ & $-0.0116601$ & $-0.176885$ & $-0.439965$ & $-0.308393$ & $1$ & $-0.441139$ & $-0.0279609$ & $0.0621567$ & $-0.0980325$ & $-0.022793$ & $0.147888$ & $0.0425912$ & $-0.000373274$ & $-0.107369$ & $-8.31698e-05$ & $-0.130662$ & $0.0117085$ & $0.0718895$ & $0.0472912$ & $-0.0816464$ & $0.0341719$ & $-0.134631$ \\
CdH_33r & $0.0144354$ & $-0.039837$ & $0.0270271$ & $-0.090648$ & $0.0203945$ & $-0.0129216$ & $-0.61067$ & $0.117753$ & $0.146085$ & $-0.336122$ & $-0.197765$ & $-0.73838$ & $0.762486$ & $0.218175$ & $0.124125$ & $0.128146$ & $0.149144$ & $0.109077$ & $0.0967906$ & $0.198798$ & $0.189434$ & $0.187796$ & $-0.0439403$ & $0.0632148$ & $0.116193$ & $-0.125445$ & $0.0132969$ & $0.0715903$ & $0.191395$ & $0.825218$ & $0.564829$ & $-0.441139$ & $1$ & $0.00164076$ & $0.0257091$ & $-0.0369904$ & $-0.183953$ & $-0.124006$ & $-0.0894725$ & $-0.0715748$ & $0.192858$ & $-0.0121083$ & $0.0642621$ & $-0.0746714$ & $-0.09758$ & $-0.195191$ & $0.0240019$ & $0.0173223$ & $0.402788$ \\
CLL_1221 & $-0.0248309$ & $-0.0623898$ & $-0.0884279$ & $0.0170448$ & $-0.0177364$ & $-0.12367$ & $-0.0116647$ & $0.569848$ & $0.564427$ & $-0.315355$ & $-0.361925$ & $-0.056297$ & $0.0300081$ & $-0.152689$ & $-0.483203$ & $-0.00975661$ & $-0.230012$ & $-0.0536312$ & $-0.366535$ & $0.302233$ & $0.427426$ & $0.43004$ & $0.188197$ & $-0.612368$ & $-0.241889$ & $-0.28314$ & $0.712252$ & $0.212314$ & $0.031915$ & $0.040428$ & $0.0217662$ & $-0.0279609$ & $0.00164076$ & $1$ & $0.0161355$ & $0.0745481$ & $-0.0273274$ & $0.00800577$ & $0.00139428$ & $-0.0235883$ & $-0.0358274$ & $0.00307027$ & $0.0353372$ & $0.0132181$ & $0.0534169$ & $-0.0259026$ & $0.0201442$ & $0.0188394$ & $-0.037625$ \\
eHggint & $0.00816308$ & $-0.0121211$ & $0.110847$ & $-0.141897$ & $-0.00409487$ & $-0.0315608$ & $0.0140061$ & $-0.0495835$ & $-0.0733018$ & $0.0660624$ & $0.0391768$ & $0.0648532$ & $-0.054736$ & $-0.0486464$ & $-0.0307789$ & $-0.0769423$ & $0.0666484$ & $0.0310865$ & $0.0495428$ & $-0.046555$ & $-0.0324995$ & $-0.0463422$ & $0.0253864$ & $0.0302523$ & $0.0661015$ & $0.0114064$ & $0.053699$ & $-0.00725973$ & $-0.0444366$ & $-0.0670368$ & $-0.0254115$ & $0.0621567$ & $0.0257091$ & $0.0161355$ & $1$ & $-0.101056$ & $0.122929$ & $-0.0275443$ & $0.0498871$ & $-0.108387$ & $0.0531093$ & $-0.0941945$ & $-0.287576$ & $-0.341545$ & $0.00556576$ & $-0.321809$ & $-0.135383$ & $0.0952239$ & $0.208183$ \\
eHggpar & $-0.184719$ & $0.405007$ & $0.166924$ & $0.174064$ & $-0.0387043$ & $0.0632277$ & $-0.126438$ & $0.0715946$ & $0.0678775$ & $-0.0492778$ & $-0.0712913$ & $-0.108346$ & $0.1162$ & $0.0437253$ & $0.0104261$ & $0.0702753$ & $-0.00389231$ & $0.00478442$ & $-0.0385836$ & $0.0747595$ & $0.0792144$ & $0.0691819$ & $0.0236695$ & $-0.0370128$ & $0.00539833$ & $-0.0783389$ & $0.0348086$ & $0.096374$ & $-0.0285757$ & $0.0897203$ & $0.0278107$ & $-0.0980325$ & $-0.0369904$ & $0.0745481$ & $-0.101056$ & $1$ & $0.389611$ & $0.100804$ & $0.211696$ & $0.0614608$ & $0.0459162$ & $-0.0105131$ & $0.0562081$ & $0.0335427$ & $-0.111721$ & $0.00844405$ & $0.116844$ & $-0.170909$ & $-0.243872$ \\
eHWWint & $0.162287$ & $0.237384$ & $0.245281$ & $0.169792$ & $-0.0192211$ & $0.0708939$ & $-0.00699025$ & $-0.0305988$ & $-0.0588476$ & $0.0741228$ & $0.0523364$ & $0.117184$ & $-0.0992161$ & $-0.0588755$ & $0.00756734$ & $-0.0247824$ & $-0.0482432$ & $-0.0583722$ & $-0.0357299$ & $-0.0498449$ & $-0.0501791$ & $-0.0554793$ & $-0.00877486$ & $-0.032466$ & $-0.0308573$ & $-0.0205624$ & $-0.00989591$ & $-0.0287753$ & $-0.00277937$ & $-0.134759$ & $-0.0937854$ & $-0.022793$ & $-0.183953$ & $-0.0273274$ & $0.122929$ & $0.389611$ & $1$ & $0.142042$ & $0.255134$ & $0.0699267$ & $0.0238292$ & $-0.0167498$ & $-0.193226$ & $-0.156589$ & $-0.114396$ & $-0.0855017$ & $0.079868$ & $-0.31514$ & $-0.0573184$ \\
eHWWpar & $0.0229926$ & $0.0134479$ & $0.111757$ & $0.0228394$ & $-0.0507309$ & $0.0399767$ & $0.140982$ & $0.00480064$ & $-0.00312731$ & $0.0527841$ & $0.0163008$ & $0.121833$ & $-0.109364$ & $0.000513407$ & $-0.0307477$ & $-0.0401925$ & $-0.0665354$ & $-0.0214909$ & $-0.00938999$ & $-0.015636$ & $-0.0113153$ & $-0.00948517$ & $0.00697752$ & $-0.0355245$ & $-0.0136105$ & $0.0141473$ & $0.0453771$ & $-0.0252346$ & $0.020173$ & $-0.104367$ & $-0.0926069$ & $0.147888$ & $-0.124006$ & $0.00800577$ & $-0.0275443$ & $0.100804$ & $0.142042$ & $1$ & $0.0668188$ & $-0.006245$ & $-0.0570628$ & $0.0488262$ & $-0.038134$ & $0.0596881$ & $-0.044192$ & $0.108198$ & $0.0547501$ & $0.0178382$ & $-0.0765244$ \\
eHZZint & $0.292076$ & $0.241631$ & $0.190531$ & $0.061707$ & $-0.0375281$ & $0.0156155$ & $0.0430948$ & $-0.0476341$ & $-0.0651586$ & $0.0730367$ & $0.0454188$ & $0.107512$ & $-0.108052$ & $-0.0376246$ & $-0.0238503$ & $0.049516$ & $0.00721346$ & $0.0120315$ & $-0.0460376$ & $-0.0422667$ & $-0.04545$ & $-0.062181$ & $0.0734132$ & $0.0177243$ & $-0.0306436$ & $-0.0705145$ & $-0.0643689$ & $0.00915172$ & $-0.0149179$ & $-0.0754967$ & $-0.0610663$ & $0.0425912$ & $-0.0894725$ & $0.00139428$ & $0.0498871$ & $0.211696$ & $0.255134$ & $0.0668188$ & $1$ & $0.00883083$ & $0.190819$ & $-0.108473$ & $-0.0866439$ & $0.22388$ & $-0.0335897$ & $0.113314$ & $-0.0283148$ & $0.060081$ & $0.0119796$ \\
eHZZpar & $0.0428448$ & $0.085084$ & $0.0666576$ & $0.0412561$ & $-0.00995098$ & $-0.00566041$ & $0.00972503$ & $0.0176496$ & $0.0163228$ & $-0.0293036$ & $0.0115734$ & $0.0328969$ & $-0.0333961$ & $-0.042881$ & $0.0323737$ & $-0.0174303$ & $-0.0674507$ & $-0.0840214$ & $-0.0351196$ & $-0.00815574$ & $-0.0112882$ & $-0.00629181$ & $0.0177415$ & $-0.063237$ & $-0.0536832$ & $-0.00293919$ & $0.00796834$ & $0.00612948$ & $0.050343$ & $-0.0473548$ & $0.0017538$ & $-0.000373274$ & $-0.0715748$ & $-0.0235883$ & $-0.108387$ & $0.0614608$ & $0.0699267$ & $-0.006245$ & $0.00883083$ & $1$ & $-0.0117083$ & $-0.0233535$ & $0.0924114$ & $0.108153$ & $-0.0222851$ & $0.012675$ & $0.0612578$ & $0.0882186$ & $-0.11748$ \\
eHZgaint & $0.232442$ & $-0.12621$ & $0.0902945$ & $0.25138$ & $0.0281558$ & $0.0558491$ & $-0.11143$ & $0.0522602$ & $0.0555405$ & $-0.112693$ & $-0.0596466$ & $-0.0960682$ & $0.0863737$ & $0.0632702$ & $0.0745471$ & $0.0820675$ & $-0.00455231$ & $-0.0201625$ & $-0.0318082$ & $0.0614316$ & $0.0528171$ & $0.0370117$ & $-0.048293$ & $-0.0351742$ & $-0.0609239$ & $-0.0585615$ & $-0.110594$ & $0.0669542$ & $0.0227242$ & $0.0737906$ & $0.0510646$ & $-0.107369$ & $0.192858$ & $-0.0358274$ & $0.0531093$ & $0.0459162$ & $0.0238292$ & $-0.0570628$ & $0.190819$ & $-0.0117083$ & $1$ & $-0.0928463$ & $0.184642$ & $-0.240849$ & $0.0482429$ & $-0.0708603$ & $0.0394037$ & $-0.0134485$ & $0.447016$ \\
eHZgapar & $-0.127294$ & $-0.0651105$ & $-0.0150162$ & $0.00441338$ & $0.0486499$ & $-0.0992693$ & $0.00659016$ & $0.000352115$ & $0.00627382$ & $-0.0355692$ & $0.015398$ & $-0.0027155$ & $0.00196375$ & $-0.0397924$ & $8.53884e-05$ & $-0.0179013$ & $-0.0161944$ & $-0.0314701$ & $-0.0206964$ & $-0.0143408$ & $-0.0120127$ & $-0.0236442$ & $0.0156647$ & $-0.0179825$ & $0.00114622$ & $0.0366361$ & $0.0386502$ & $-0.0168296$ & $0.0080511$ & $0.00560565$ & $0.0220078$ & $-8.31698e-05$ & $-0.0121083$ & $0.00307027$ & $-0.0941945$ & $-0.0105131$ & $-0.0167498$ & $0.0488262$ & $-0.108473$ & $-0.0233535$ & $-0.0928463$ & $1$ & $0.0248377$ & $-0.0254624$ & $-0.089716$ & $-0.0353558$ & $0.026192$ & $-0.102121$ & $-0.00746243$ \\
eHgagaint & $-0.204283$ & $0.102884$ & $-0.142881$ & $0.0943264$ & $0.00760533$ & $-0.000797733$ & $-0.10759$ & $0.047124$ & $0.0957332$ & $-0.110657$ & $-0.0676188$ & $-0.145573$ & $0.132006$ & $0.0833806$ & $-0.00611422$ & $0.0466979$ & $0.0182769$ & $0.0530775$ & $0.0197313$ & $0.0722542$ & $0.0695536$ & $0.0666735$ & $-0.0316217$ & $0.0174711$ & $0.0468969$ & $-0.0185589$ & $0.0331594$ & $0.0263445$ & $0.0581424$ & $0.12894$ & $0.147921$ & $-0.130662$ & $0.0642621$ & $0.0353372$ & $-0.287576$ & $0.0562081$ & $-0.193226$ & $-0.038134$ & $-0.0866439$ & $0.0924114$ & $0.184642$ & $0.0248377$ & $1$ & $-0.106109$ & $0.291673$ & $0.266588$ & $0.209983$ & $0.293186$ & $-0.157563$ \\
eHmumuint & $0.249671$ & $-0.0269659$ & $0.0376289$ & $-0.0349683$ & $-0.0898839$ & $-0.00681119$ & $0.0343883$ & $-0.0202268$ & $-0.024032$ & $0.0394606$ & $0.0420037$ & $0.0230371$ & $-0.0306797$ & $-0.0392537$ & $-0.0467075$ & $-0.0274203$ & $-0.0520747$ & $-0.023408$ & $-0.0225578$ & $-0.0470593$ & $-0.0444717$ & $-0.0288929$ & $0.0494642$ & $-0.0485201$ & $-0.0243153$ & $0.0128747$ & $0.0449887$ & $-0.0385047$ & $-0.0248674$ & $-0.0220435$ & $-0.0762748$ & $0.0117085$ & $-0.0746714$ & $0.0132181$ & $-0.341545$ & $0.0335427$ & $-0.156589$ & $0.0596881$ & $0.22388$ & $0.108153$ & $-0.240849$ & $-0.0254624$ & $-0.106109$ & $1$ & $-0.0511597$ & $0.340582$ & $-0.2084$ & $0.115186$ & $-0.223452$ \\
eHtautauint & $-0.0337561$ & $-0.191191$ & $-0.417345$ & $0.0545759$ & $-0.0111359$ & $0.0375438$ & $0.0868732$ & $0.0277311$ & $0.0417242$ & $-0.0304213$ & $-0.00803841$ & $0.0845743$ & $-0.0924725$ & $-0.0270515$ & $-0.0351919$ & $0.0149231$ & $-0.0264457$ & $-0.0131801$ & $-0.0522531$ & $0.000116997$ & $0.00906538$ & $-0.00248697$ & $-0.0466753$ & $-0.0338291$ & $-0.0151997$ & $0.044024$ & $0.0458376$ & $5.85113e-06$ & $-0.00811416$ & $0.0245236$ & $0.0468794$ & $0.0718895$ & $-0.09758$ & $0.0534169$ & $0.00556576$ & $-0.111721$ & $-0.114396$ & $-0.044192$ & $-0.0335897$ & $-0.0222851$ & $0.0482429$ & $-0.089716$ & $0.291673$ & $-0.0511597$ & $1$ & $0.395759$ & $0.0342031$ & $0.0809844$ & $-0.299786$ \\
eHccint & $-0.00688338$ & $-0.182958$ & $-0.162011$ & $0.200985$ & $-0.0364351$ & $0.0487449$ & $0.0929096$ & $-0.0829593$ & $-0.0780707$ & $0.107705$ & $0.0889054$ & $0.128133$ & $-0.117472$ & $-0.0311998$ & $-0.087897$ & $-0.0797474$ & $-0.0302808$ & $0.0277366$ & $0.0341363$ & $-0.092344$ & $-0.0890002$ & $-0.0830719$ & $-0.00829987$ & $0.0432432$ & $0.0222637$ & $0.0950867$ & $0.0206943$ & $-0.0579747$ & $0.01693$ & $-0.0768275$ & $-0.0178987$ & $0.0472912$ & $-0.195191$ & $-0.0259026$ & $-0.321809$ & $0.00844405$ & $-0.0855017$ & $0.108198$ & $0.113314$ & $0.012675$ & $-0.0708603$ & $-0.0353558$ & $0.266588$ & $0.340582$ & $0.395759$ & $1$ & $0.0950381$ & $0.1959$ & $-0.382927$ \\
eHccpar & $0.127616$ & $0.111627$ & $0.0883834$ & $0.0597548$ & $-0.00158616$ & $0.0411252$ & $-0.0791871$ & $-0.0073273$ & $-0.0066646$ & $0.00175757$ & $0.017568$ & $-0.0329266$ & $0.0469291$ & $-0.00696598$ & $-0.0439614$ & $0.0123329$ & $-0.0398355$ & $0.000625421$ & $-0.0236687$ & $-0.0192255$ & $-0.015054$ & $-0.0140605$ & $-0.00848205$ & $-0.0238535$ & $-0.0275236$ & $0.0232059$ & $0.00825715$ & $-0.0439379$ & $0.00988232$ & $0.0357043$ & $0.232503$ & $-0.0816464$ & $0.0240019$ & $0.0201442$ & $-0.135383$ & $0.116844$ & $0.079868$ & $0.0547501$ & $-0.0283148$ & $0.0612578$ & $0.0394037$ & $0.026192$ & $0.209983$ & $-0.2084$ & $0.0342031$ & $0.0950381$ & $1$ & $-0.0876027$ & $0.00679944$ \\
eHbbint & $0.145003$ & $0.025637$ & $0.0603649$ & $0.104871$ & $-0.00353739$ & $-0.019375$ & $0.0451846$ & $-0.011382$ & $0.00338319$ & $0.00768463$ & $0.0206325$ & $0.0343012$ & $-0.0343653$ & $-0.0305912$ & $-0.0362207$ & $-0.0320178$ & $-0.0161081$ & $-0.00180428$ & $0.0070161$ & $-0.0177615$ & $-0.015451$ & $-0.00601208$ & $-0.0108541$ & $-0.0138495$ & $-0.020007$ & $0.0322705$ & $0.0203358$ & $-0.0768359$ & $0.0574214$ & $-0.0512623$ & $-0.00146374$ & $0.0341719$ & $0.0173223$ & $0.0188394$ & $0.0952239$ & $-0.170909$ & $-0.31514$ & $0.0178382$ & $0.060081$ & $0.0882186$ & $-0.0134485$ & $-0.102121$ & $0.293186$ & $0.115186$ & $0.0809844$ & $0.1959$ & $-0.0876027$ & $1$ & $-0.0295758$ \\
eHbbpar & $0.226261$ & $-0.236672$ & $0.151255$ & $-0.178796$ & $0.049161$ & $0.0176613$ & $-0.156986$ & $0.0413598$ & $0.0344986$ & $-0.117025$ & $-0.0550622$ & $-0.19255$ & $0.175055$ & $0.0567286$ & $0.0709538$ & $0.0350286$ & $0.0235629$ & $-0.00721006$ & $0.00836325$ & $0.0529763$ & $0.0487259$ & $0.04147$ & $-0.0531851$ & $-0.0133935$ & $-0.0172501$ & $-0.0242377$ & $-0.0503703$ & $0.0285228$ & $0.0514868$ & $0.0996355$ & $0.0678704$ & $-0.134631$ & $0.402788$ & $-0.037625$ & $0.208183$ & $-0.243872$ & $-0.0573184$ & $-0.0765244$ & $0.0119796$ & $-0.11748$ & $0.447016$ & $-0.00746243$ & $-0.157563$ & $-0.223452$ & $-0.299786$ & $-0.382927$ & $0.00679944$ & $-0.0295758$ & $1$ \\
