 & AlsMz & dAle5Mz & mtop & mHl & Mz & CW & CHG & CHWB & CHWHB_gaga & CHWHB_gagaorth & CHD & CHbox & CH & CHL1_11 & CHL1_22 & CHL1_33 & CHL3_11 & CHL3_22 & CHL3_33 & CHe_11 & CHe_22 & CHe_33 & CHQ1_11 & CHQ1_33 & CHQ3_11 & CHu_11 & CHd_11 & CHd_33 & CeH_22r & CeH_33r & CuH_22r & CuH_33r & CdH_33r & CLL_1221 & eHggint & eHggpar & eHWWint & eHWWpar & eHZZint & eHZZpar & eHZgaint & eHZgapar & eHgagaint & eHmumuint & eHtautauint & eHccint & eHccpar & eHbbint & eHbbpar \\
AlsMz & $1$ & $0.104164$ & $-0.028554$ & $-0.311538$ & $-0.00977495$ & $-0.0127049$ & $0.0491075$ & $-0.0581551$ & $-0.0637662$ & $0.0380485$ & $0.0343436$ & $0.0227701$ & $-0.0180111$ & $-0.00723551$ & $-0.0647713$ & $0.00319805$ & $0.0388841$ & $0.0684808$ & $0.022594$ & $-0.0368755$ & $-0.0378864$ & $-0.037131$ & $0.0347828$ & $0.00438003$ & $-0.0333014$ & $-0.0166277$ & $-0.0260031$ & $0.00246243$ & $-0.0170253$ & $0.0248894$ & $0.0298043$ & $0.0619818$ & $0.0115842$ & $0.0147389$ & $-0.0734863$ & $0.215033$ & $-0.117796$ & $0.062688$ & $0.327465$ & $-0.00598631$ & $0.178535$ & $-0.0240099$ & $-0.277869$ & $0.246642$ & $0.00748097$ & $0.0667777$ & $0.0583188$ & $0.131017$ & $-0.0273848$ \\
dAle5Mz & $0.104164$ & $1$ & $0.0406563$ & $-0.163273$ & $2.68555e-05$ & $0.0455003$ & $-0.0115338$ & $-0.0703996$ & $-0.07796$ & $0.0311072$ & $0.0768049$ & $0.0321699$ & $0.00455801$ & $-0.049653$ & $-0.058751$ & $-0.0888971$ & $-0.0254489$ & $-0.00604804$ & $0.0188356$ & $-0.0693317$ & $-0.0603157$ & $-0.0562241$ & $-0.00269915$ & $-0.0176295$ & $0.0108042$ & $0.0767644$ & $0.0608783$ & $-0.0690697$ & $-0.00232667$ & $-0.0168917$ & $-0.0289089$ & $-0.00759197$ & $0.018768$ & $0.0247159$ & $0.0526018$ & $-0.0925257$ & $0.188253$ & $-0.0445482$ & $0.164623$ & $-0.0267802$ & $-0.00892042$ & $0.0394363$ & $-0.0604646$ & $-0.136077$ & $-0.158458$ & $-0.177387$ & $-0.0943839$ & $0.0405179$ & $0.123136$ \\
mtop & $-0.028554$ & $0.0406563$ & $1$ & $-0.0925577$ & $-0.0160588$ & $0.00940111$ & $-0.00553155$ & $0.000960226$ & $0.0042554$ & $-0.00764602$ & $0.0121727$ & $0.0130494$ & $0.00892617$ & $-0.010009$ & $-0.0193145$ & $0.011612$ & $-0.0242217$ & $-0.00450083$ & $-0.0296323$ & $-0.00766235$ & $-0.00898424$ & $-0.0075219$ & $0.0640254$ & $-0.0100698$ & $-0.00267032$ & $-0.0393284$ & $0.0204304$ & $-0.0165362$ & $0.0378238$ & $0.010978$ & $-0.0132394$ & $-0.0147921$ & $-0.0453088$ & $0.0185366$ & $0.0922224$ & $-0.244794$ & $-0.181877$ & $-0.0217038$ & $-0.204272$ & $0.0522781$ & $0.101196$ & $-0.0192742$ & $0.147592$ & $0.146503$ & $0.228767$ & $0.0962258$ & $-0.189292$ & $-0.10976$ & $-0.158137$ \\
mHl & $-0.311538$ & $-0.163273$ & $-0.0925577$ & $1$ & $0.00708454$ & $-0.00144973$ & $-0.0242946$ & $-0.0185936$ & $-0.0143029$ & $0.0198253$ & $0.0119613$ & $0.0263528$ & $0.0185939$ & $0.00848542$ & $0.0340378$ & $0.0194573$ & $0.0106282$ & $-0.00283933$ & $0.0103182$ & $-0.00815437$ & $-0.0166197$ & $-0.0177827$ & $-0.0462289$ & $0.0526353$ & $0.0437772$ & $0.0458202$ & $-0.0142417$ & $-0.0110099$ & $-0.0185753$ & $-0.00465339$ & $-0.0478582$ & $-0.0190623$ & $-0.0271717$ & $-0.0570433$ & $0.253424$ & $0.0749103$ & $-0.0698904$ & $-0.0347709$ & $-0.11626$ & $-0.0507849$ & $-0.233951$ & $0.0628536$ & $0.218412$ & $0.00659566$ & $0.0786727$ & $-0.289515$ & $-0.107969$ & $-0.258037$ & $-0.00148362$ \\
Mz & $-0.00977495$ & $2.68555e-05$ & $-0.0160588$ & $0.00708454$ & $1$ & $0.0176794$ & $0.0114289$ & $0.0242025$ & $0.0198979$ & $0.0113285$ & $-0.0200527$ & $0.0282485$ & $-0.0106407$ & $0.0298526$ & $-0.0215453$ & $0.00374614$ & $-0.00509748$ & $0.0188627$ & $-0.00468786$ & $0.0217138$ & $0.0278499$ & $0.0207359$ & $0.0178702$ & $-0.0244662$ & $0.000891461$ & $-0.0440633$ & $0.0130412$ & $-0.00200122$ & $-0.0261967$ & $-0.0159395$ & $-0.024037$ & $0.00476629$ & $-0.0132799$ & $0.0348292$ & $-0.0131902$ & $0.0133061$ & $0.0244907$ & $-0.0181445$ & $-0.00580245$ & $-0.0158131$ & $-0.011862$ & $-0.0158028$ & $-0.0190969$ & $-0.037064$ & $-0.0547786$ & $0.0148735$ & $-0.001482$ & $0.0101502$ & $0.0249939$ \\
CW & $-0.0127049$ & $0.0455003$ & $0.00940111$ & $-0.00144973$ & $0.0176794$ & $1$ & $0.00205731$ & $-0.00482009$ & $-0.00413411$ & $-0.0337018$ & $0.122463$ & $0.0512401$ & $-0.0229317$ & $-0.0181251$ & $-0.0850192$ & $-0.061955$ & $-0.388753$ & $-0.180512$ & $-0.196533$ & $-0.120606$ & $-0.124544$ & $-0.125099$ & $-0.0265905$ & $-0.146691$ & $-0.231938$ & $0.102727$ & $-0.0461988$ & $-0.036781$ & $-0.00384787$ & $-0.0274553$ & $-0.0191159$ & $-0.00135285$ & $-0.0367884$ & $-0.0679251$ & $-0.0425504$ & $0.0197104$ & $0.00190506$ & $0.0198535$ & $-0.0353453$ & $-0.0333711$ & $0.00386087$ & $0.0399253$ & $0.040684$ & $-0.048096$ & $-0.0112434$ & $-0.0120939$ & $0.0263507$ & $-0.00777138$ & $-0.0462045$ \\
CHG & $0.0491075$ & $-0.0115338$ & $-0.00553155$ & $-0.0242946$ & $0.0114289$ & $0.00205731$ & $1$ & $-0.0677813$ & $-0.0493999$ & $0.215733$ & $0.106346$ & $0.383085$ & $-0.754544$ & $-0.110135$ & $-0.0644824$ & $-0.0250976$ & $-0.0756421$ & $-0.0439938$ & $-0.0678392$ & $-0.102822$ & $-0.106839$ & $-0.0967554$ & $0.0442772$ & $-0.0366237$ & $-0.0619709$ & $0.0461174$ & $-0.0317633$ & $-0.0561976$ & $-0.13626$ & $-0.585864$ & $-0.375506$ & $0.953351$ & $-0.603302$ & $-0.00616298$ & $-0.0252752$ & $0.0426894$ & $0.038455$ & $0.000317562$ & $-0.0318747$ & $-0.0647496$ & $0.0137999$ & $-0.0555493$ & $-0.0028362$ & $0.0305159$ & $-0.0564793$ & $0.00471$ & $-0.0385123$ & $0.162943$ & $0.0437581$ \\
CHWB & $-0.0581551$ & $-0.0703996$ & $0.000960226$ & $-0.0185936$ & $0.0242025$ & $-0.00482009$ & $-0.0677813$ & $1$ & $0.989902$ & $-0.597364$ & $-0.870123$ & $-0.246479$ & $0.0734029$ & $0.266847$ & $0.452045$ & $0.445839$ & $-0.221853$ & $-0.403103$ & $-0.414068$ & $0.852732$ & $0.885753$ & $0.877473$ & $0.0140814$ & $-0.616629$ & $-0.373324$ & $-0.58422$ & $0.395065$ & $0.397017$ & $0.00678983$ & $0.0694716$ & $0.0451743$ & $-0.0706493$ & $0.0571267$ & $0.528881$ & $0.0141047$ & $0.0170983$ & $-0.00740826$ & $-0.0211701$ & $-0.0234677$ & $-0.0040435$ & $0.0274248$ & $-0.0341778$ & $-0.0421349$ & $-0.00347982$ & $0.0138703$ & $0.0228726$ & $-0.0140152$ & $-0.00715088$ & $-0.0909914$ \\
CHWHB_gaga & $-0.0637662$ & $-0.07796$ & $0.0042554$ & $-0.0143029$ & $0.0198979$ & $-0.00413411$ & $-0.0493999$ & $0.989902$ & $1$ & $-0.594936$ & $-0.860879$ & $-0.24742$ & $0.0855241$ & $0.26346$ & $0.44826$ & $0.441891$ & $-0.220943$ & $-0.399986$ & $-0.410586$ & $0.843874$ & $0.876061$ & $0.867952$ & $0.010453$ & $-0.611454$ & $-0.368911$ & $-0.575098$ & $0.391168$ & $0.392766$ & $0.0101076$ & $0.0922844$ & $0.0586479$ & $-0.0541618$ & $0.078694$ & $0.52223$ & $0.0161944$ & $0.00709196$ & $-0.0133091$ & $-0.0228126$ & $-0.0238348$ & $-0.00659883$ & $0.0276213$ & $-0.0446911$ & $-0.0157846$ & $-0.00807947$ & $0.0138256$ & $0.0172454$ & $-0.00857084$ & $-0.00757476$ & $-0.0924702$ \\
CHWHB_gagaorth & $0.0380485$ & $0.0311072$ & $-0.00764602$ & $0.0198253$ & $0.0113285$ & $-0.0337018$ & $0.215733$ & $-0.597364$ & $-0.594936$ & $1$ & $0.504279$ & $0.51663$ & $-0.269576$ & $-0.140222$ & $-0.264185$ & $-0.231699$ & $0.167129$ & $0.269477$ & $0.258734$ & $-0.493656$ & $-0.514156$ & $-0.511355$ & $7.5542e-05$ & $0.38249$ & $0.246151$ & $0.330103$ & $-0.247373$ & $-0.262347$ & $-0.0541168$ & $-0.236604$ & $-0.135185$ & $0.223006$ & $-0.250097$ & $-0.315063$ & $0.00569269$ & $0.0279565$ & $0.0151485$ & $0.0315581$ & $0.0123046$ & $-0.0318992$ & $-0.0398529$ & $0.0244638$ & $0.0368908$ & $0.00291794$ & $-0.0405384$ & $0.0180426$ & $0.0299859$ & $0.0145343$ & $0.096902$ \\
CHD & $0.0343436$ & $0.0768049$ & $0.0121727$ & $0.0119613$ & $-0.0200527$ & $0.122463$ & $0.106346$ & $-0.870123$ & $-0.860879$ & $0.504279$ & $1$ & $0.340535$ & $-0.139495$ & $-0.665786$ & $-0.58381$ & $-0.581381$ & $-0.25711$ & $-0.0282326$ & $-0.0125757$ & $-0.99492$ & $-0.994923$ & $-0.982567$ & $0.0447383$ & $0.19427$ & $-0.0649254$ & $0.665749$ & $-0.243604$ & $-0.438526$ & $-0.0078069$ & $-0.125564$ & $-0.0884924$ & $0.108178$ & $-0.122082$ & $-0.306773$ & $-0.0168561$ & $-0.0172912$ & $0.0199241$ & $0.00138781$ & $-0.00163858$ & $-0.00928353$ & $-0.0096043$ & $0.0333872$ & $0.0522236$ & $-0.0121235$ & $-0.0288002$ & $-0.00506913$ & $0.00485174$ & $0.0265866$ & $0.0876067$ \\
CHbox & $0.0227701$ & $0.0321699$ & $0.0130494$ & $0.0263528$ & $0.0282485$ & $0.0512401$ & $0.383085$ & $-0.246479$ & $-0.24742$ & $0.51663$ & $0.340535$ & $1$ & $-0.487101$ & $-0.30457$ & $-0.178643$ & $-0.121019$ & $-0.193333$ & $-0.113836$ & $-0.14494$ & $-0.33065$ & $-0.34162$ & $-0.332864$ & $0.0298775$ & $-0.0408076$ & $-0.148154$ & $0.213612$ & $-0.124021$ & $-0.187122$ & $-0.0628267$ & $-0.302244$ & $-0.178478$ & $0.378512$ & $-0.304638$ & $-0.0825091$ & $0.0940657$ & $0.0755419$ & $0.0211536$ & $-0.0153213$ & $-0.030622$ & $-0.0788181$ & $-0.0763291$ & $0.0210129$ & $0.0623511$ & $-0.0227176$ & $-0.128907$ & $0.0266223$ & $0.0226258$ & $0.176295$ & $0.0750796$ \\
CH & $-0.0180111$ & $0.00455801$ & $0.00892617$ & $0.0185939$ & $-0.0106407$ & $-0.0229317$ & $-0.754544$ & $0.0734029$ & $0.0855241$ & $-0.269576$ & $-0.139495$ & $-0.487101$ & $1$ & $0.164384$ & $0.0843247$ & $0.0532745$ & $0.127861$ & $0.0907457$ & $0.110786$ & $0.136134$ & $0.137461$ & $0.128439$ & $-0.04691$ & $0.0842045$ & $0.104236$ & $-0.0655133$ & $0.0299384$ & $0.079838$ & $0.174514$ & $0.733106$ & $0.432507$ & $-0.664108$ & $0.750224$ & $-0.00221132$ & $0.0388252$ & $-0.0736384$ & $-0.0273862$ & $0.0378141$ & $0.0383768$ & $0.048354$ & $0.0167696$ & $-0.0183584$ & $-0.0415612$ & $-0.044687$ & $0.0853923$ & $-0.0248597$ & $0.01369$ & $-0.210792$ & $-0.0658787$ \\
CHL1_11 & $-0.00723551$ & $-0.049653$ & $-0.010009$ & $0.00848542$ & $0.0298526$ & $-0.0181251$ & $-0.110135$ & $0.266847$ & $0.26346$ & $-0.140222$ & $-0.665786$ & $-0.30457$ & $0.164384$ & $1$ & $0.431448$ & $0.442606$ & $0.631883$ & $0.595847$ & $0.575277$ & $0.678498$ & $0.635175$ & $0.621895$ & $-0.0972566$ & $0.45309$ & $0.58661$ & $-0.442092$ & $-0.101752$ & $0.271621$ & $0.00148497$ & $0.147959$ & $0.104277$ & $-0.112354$ & $0.151783$ & $-0.198478$ & $0.0173974$ & $-0.00201655$ & $-0.0349457$ & $0.0224327$ & $0.0104475$ & $0.0136925$ & $-0.0256804$ & $-0.0174634$ & $-0.0240396$ & $0.0152361$ & $0.0394879$ & $-0.028817$ & $0.0179598$ & $-0.0601182$ & $-0.0495103$ \\
CHL1_22 & $-0.0647713$ & $-0.058751$ & $-0.0193145$ & $0.0340378$ & $-0.0215453$ & $-0.0850192$ & $-0.0644824$ & $0.452045$ & $0.44826$ & $-0.264185$ & $-0.58381$ & $-0.178643$ & $0.0843247$ & $0.431448$ & $1$ & $0.533224$ & $0.206954$ & $-0.277303$ & $0.0282865$ & $0.625215$ & $0.528811$ & $0.519957$ & $-0.155351$ & $0.0764367$ & $-0.0333695$ & $-0.367442$ & $-0.299926$ & $0.229142$ & $0.0144249$ & $0.0681595$ & $0.0248895$ & $-0.0592955$ & $0.0742381$ & $-0.476944$ & $0.00255287$ & $0.0221603$ & $-0.0227569$ & $0.00848594$ & $-0.026328$ & $0.00618546$ & $0.00409708$ & $-0.00894656$ & $-0.0484725$ & $0.033593$ & $0.0335152$ & $0.00485051$ & $-0.0259441$ & $-0.0393043$ & $-0.0592513$ \\
CHL1_33 & $0.00319805$ & $-0.0888971$ & $0.011612$ & $0.0194573$ & $0.00374614$ & $-0.061955$ & $-0.0250976$ & $0.445839$ & $0.441891$ & $-0.231699$ & $-0.581381$ & $-0.121019$ & $0.0532745$ & $0.442606$ & $0.533224$ & $1$ & $0.20411$ & $0.0509345$ & $-0.274782$ & $0.623855$ & $0.524924$ & $0.536164$ & $-0.151714$ & $0.0770187$ & $-0.0328456$ & $-0.376382$ & $-0.31107$ & $0.256495$ & $0.00148963$ & $0.053422$ & $0.019702$ & $-0.0253065$ & $0.0406909$ & $-0.0382262$ & $0.00743491$ & $0.0180663$ & $-0.0282091$ & $0.00778004$ & $-0.0109736$ & $-0.0120646$ & $-0.0017061$ & $-0.00203924$ & $-0.00382308$ & $0.00597976$ & $0.0213477$ & $-0.0100246$ & $-9.35428e-06$ & $-0.0212773$ & $-0.0657017$ \\
CHL3_11 & $0.0388841$ & $-0.0254489$ & $-0.0242217$ & $0.0106282$ & $-0.00509748$ & $-0.388753$ & $-0.0756421$ & $-0.221853$ & $-0.220943$ & $0.167129$ & $-0.25711$ & $-0.193333$ & $0.127861$ & $0.631883$ & $0.206954$ & $0.20411$ & $1$ & $0.814498$ & $0.815417$ & $0.26868$ & $0.231557$ & $0.224284$ & $-0.0840194$ & $0.756307$ & $0.851902$ & $-0.16603$ & $-0.176001$ & $0.08875$ & $0.00784932$ & $0.101437$ & $0.0883648$ & $-0.0735592$ & $0.121487$ & $-0.274103$ & $0.00316687$ & $0.00335911$ & $-0.0174655$ & $0.0349393$ & $0.0572153$ & $0.0361881$ & $-0.0267016$ & $-0.00577967$ & $-0.0339597$ & $0.0383237$ & $0.0273521$ & $-0.0190759$ & $0.0143894$ & $-0.0264869$ & $0.0114283$ \\
CHL3_22 & $0.0684808$ & $-0.00604804$ & $-0.00450083$ & $-0.00283933$ & $0.0188627$ & $-0.180512$ & $-0.0439938$ & $-0.403103$ & $-0.399986$ & $0.269477$ & $-0.0282326$ & $-0.113836$ & $0.0907457$ & $0.595847$ & $-0.277303$ & $0.0509345$ & $0.814498$ & $1$ & $0.774822$ & $0.0294867$ & $0.0198331$ & $0.0171973$ & $-0.0283494$ & $0.736526$ & $0.856904$ & $-0.0240876$ & $-0.0944274$ & $0.00196885$ & $-0.00614173$ & $0.0797373$ & $0.0757504$ & $-0.0463104$ & $0.090393$ & $-0.0909091$ & $0.00687225$ & $-0.0127099$ & $-0.0173551$ & $0.0308992$ & $0.0539969$ & $0.022549$ & $-0.0366775$ & $0.0013888$ & $0.010404$ & $0.012469$ & $0.0179281$ & $-0.0348017$ & $0.0333257$ & $-0.0215963$ & $0.026226$ \\
CHL3_33 & $0.022594$ & $0.0188356$ & $-0.0296323$ & $0.0103182$ & $-0.00468786$ & $-0.196533$ & $-0.0678392$ & $-0.414068$ & $-0.410586$ & $0.258734$ & $-0.0125757$ & $-0.14494$ & $0.110786$ & $0.575277$ & $0.0282865$ & $-0.274782$ & $0.815417$ & $0.774822$ & $1$ & $0.0122139$ & $0.00693858$ & $0.00390208$ & $-0.0263541$ & $0.739325$ & $0.864229$ & $-0.00491909$ & $-0.0740304$ & $-0.0252935$ & $0.00601462$ & $0.0898074$ & $0.0833045$ & $-0.0662396$ & $0.112099$ & $-0.394037$ & $0.00516337$ & $-0.00952545$ & $-0.00702745$ & $0.0372788$ & $0.0436908$ & $0.0334046$ & $-0.0330088$ & $-0.0061701$ & $-0.0215873$ & $0.0268467$ & $0.026735$ & $-0.029621$ & $0.0163396$ & $-0.0351596$ & $0.0309444$ \\
CHe_11 & $-0.0368755$ & $-0.0693317$ & $-0.00766235$ & $-0.00815437$ & $0.0217138$ & $-0.120606$ & $-0.102822$ & $0.852732$ & $0.843874$ & $-0.493656$ & $-0.99492$ & $-0.33065$ & $0.136134$ & $0.678498$ & $0.625215$ & $0.623855$ & $0.26868$ & $0.0294867$ & $0.0122139$ & $1$ & $0.984571$ & $0.972665$ & $-0.0603706$ & $-0.160435$ & $0.0711795$ & $-0.659686$ & $0.1904$ & $0.434562$ & $0.00680888$ & $0.122257$ & $0.0826283$ & $-0.104315$ & $0.119953$ & $0.249412$ & $0.0177854$ & $0.0149472$ & $-0.0192699$ & $-4.29304e-06$ & $-0.0015211$ & $0.00763646$ & $0.00535244$ & $-0.0290626$ & $-0.046978$ & $0.0121505$ & $0.0302069$ & $-0.00172117$ & $-0.00793271$ & $-0.0283469$ & $-0.0859881$ \\
CHe_22 & $-0.0378864$ & $-0.0603157$ & $-0.00898424$ & $-0.0166197$ & $0.0278499$ & $-0.124544$ & $-0.106839$ & $0.885753$ & $0.876061$ & $-0.514156$ & $-0.994923$ & $-0.34162$ & $0.137461$ & $0.635175$ & $0.528811$ & $0.524924$ & $0.231557$ & $0.0198331$ & $0.00693858$ & $0.984571$ & $1$ & $0.98563$ & $-0.0266945$ & $-0.239559$ & $0.0525289$ & $-0.664296$ & $0.308275$ & $0.438136$ & $0.00847558$ & $0.123131$ & $0.0891168$ & $-0.109015$ & $0.120328$ & $0.374501$ & $0.0198958$ & $0.0129915$ & $-0.0137638$ & $-0.00303627$ & $0.00290955$ & $0.00964127$ & $0.0103504$ & $-0.035398$ & $-0.0524873$ & $0.00815457$ & $0.0242744$ & $0.00332698$ & $-0.00717473$ & $-0.0220469$ & $-0.0834455$ \\
CHe_33 & $-0.037131$ & $-0.0562241$ & $-0.0075219$ & $-0.0177827$ & $0.0207359$ & $-0.125099$ & $-0.0967554$ & $0.877473$ & $0.867952$ & $-0.511355$ & $-0.982567$ & $-0.332864$ & $0.128439$ & $0.621895$ & $0.519957$ & $0.536164$ & $0.224284$ & $0.0171973$ & $0.00390208$ & $0.972665$ & $0.98563$ & $1$ & $-0.02386$ & $-0.241196$ & $0.0497659$ & $-0.654984$ & $0.310015$ & $0.432049$ & $0.00641989$ & $0.116373$ & $0.086442$ & $-0.100836$ & $0.108547$ & $0.377094$ & $0.0242074$ & $0.0133096$ & $-0.00364544$ & $-0.00162504$ & $0.00278012$ & $0.00863364$ & $0.0120376$ & $-0.0397777$ & $-0.0473828$ & $0.00073566$ & $0.0232178$ & $0.000209322$ & $-0.00797209$ & $-0.0200344$ & $-0.0902534$ \\
CHQ1_11 & $0.0347828$ & $-0.00269915$ & $0.0640254$ & $-0.0462289$ & $0.0178702$ & $-0.0265905$ & $0.0442772$ & $0.0140814$ & $0.010453$ & $7.5542e-05$ & $0.0447383$ & $0.0298775$ & $-0.04691$ & $-0.0972566$ & $-0.155351$ & $-0.151714$ & $-0.0840194$ & $-0.0283494$ & $-0.0263541$ & $-0.0603706$ & $-0.0266945$ & $-0.02386$ & $1$ & $-0.117416$ & $0.0389555$ & $-0.58148$ & $0.314666$ & $-0.0454842$ & $0.0231548$ & $-0.0301389$ & $-0.0132869$ & $0.0497374$ & $-0.0228582$ & $0.156939$ & $-0.00900713$ & $-0.012114$ & $-0.0718855$ & $0.0196651$ & $-0.0322189$ & $0.0210542$ & $0.0665884$ & $0.0215667$ & $-0.00631881$ & $0.0406946$ & $0.00243346$ & $-0.000286091$ & $0.0417905$ & $0.0151768$ & $0.000423101$ \\
CHQ1_33 & $0.00438003$ & $-0.0176295$ & $-0.0100698$ & $0.0526353$ & $-0.0244662$ & $-0.146691$ & $-0.0366237$ & $-0.616629$ & $-0.611454$ & $0.38249$ & $0.19427$ & $-0.0408076$ & $0.0842045$ & $0.45309$ & $0.0764367$ & $0.0770187$ & $0.756307$ & $0.736526$ & $0.739325$ & $-0.160435$ & $-0.239559$ & $-0.241196$ & $-0.117416$ & $1$ & $0.747463$ & $0.143226$ & $-0.423971$ & $-0.0316749$ & $0.0103325$ & $0.0615146$ & $0.0349932$ & $-0.0298144$ & $0.0800655$ & $-0.627177$ & $0.00196677$ & $-0.0285163$ & $-0.0139025$ & $0.0423596$ & $0.0233555$ & $0.0290259$ & $-0.0344882$ & $0.0153823$ & $0.0123598$ & $0.0163271$ & $0.0142167$ & $-0.0341702$ & $0.00465409$ & $-0.0484779$ & $0.0501401$ \\
CHQ3_11 & $-0.0333014$ & $0.0108042$ & $-0.00267032$ & $0.0437772$ & $0.000891461$ & $-0.231938$ & $-0.0619709$ & $-0.373324$ & $-0.368911$ & $0.246151$ & $-0.0649254$ & $-0.148154$ & $0.104236$ & $0.58661$ & $-0.0333695$ & $-0.0328456$ & $0.851902$ & $0.856904$ & $0.864229$ & $0.0711795$ & $0.0525289$ & $0.0497659$ & $0.0389555$ & $0.747463$ & $1$ & $-0.040196$ & $0.0977294$ & $-0.00338705$ & $0.0102189$ & $0.0809707$ & $0.0695078$ & $-0.0637132$ & $0.0976512$ & $-0.271091$ & $0.0203591$ & $-0.0309448$ & $-0.000698559$ & $0.0401302$ & $0.0072189$ & $0.021027$ & $-0.0709572$ & $0.019766$ & $0.0263658$ & $-0.0109907$ & $0.00441059$ & $-0.0468536$ & $0.0243856$ & $-0.0633523$ & $0.0222569$ \\
CHu_11 & $-0.0166277$ & $0.0767644$ & $-0.0393284$ & $0.0458202$ & $-0.0440633$ & $0.102727$ & $0.0461174$ & $-0.58422$ & $-0.575098$ & $0.330103$ & $0.665749$ & $0.213612$ & $-0.0655133$ & $-0.442092$ & $-0.367442$ & $-0.376382$ & $-0.16603$ & $-0.0240876$ & $-0.00491909$ & $-0.659686$ & $-0.664296$ & $-0.654984$ & $-0.58148$ & $0.143226$ & $-0.040196$ & $1$ & $-0.159074$ & $-0.283675$ & $-0.022441$ & $-0.0783704$ & $-0.0599011$ & $0.0442713$ & $-0.0715728$ & $-0.228578$ & $0.00196092$ & $-0.0226991$ & $0.0808338$ & $-0.0097502$ & $0.0124235$ & $-0.0297407$ & $-0.0728786$ & $0.00631921$ & $0.0469965$ & $-0.0518115$ & $-0.0311919$ & $-0.00144121$ & $-0.0124527$ & $-0.00629962$ & $0.0694135$ \\
CHd_11 & $-0.0260031$ & $0.0608783$ & $0.0204304$ & $-0.0142417$ & $0.0130412$ & $-0.0461988$ & $-0.0317633$ & $0.395065$ & $0.391168$ & $-0.247373$ & $-0.243604$ & $-0.124021$ & $0.0299384$ & $-0.101752$ & $-0.299926$ & $-0.31107$ & $-0.176001$ & $-0.0944274$ & $-0.0740304$ & $0.1904$ & $0.308275$ & $0.310015$ & $0.314666$ & $-0.423971$ & $0.0977294$ & $-0.159074$ & $1$ & $0.101407$ & $0.0172438$ & $0.0184093$ & $0.0249473$ & $-0.034622$ & $0.0171116$ & $0.673516$ & $0.0271786$ & $-0.0264037$ & $0.0343921$ & $-0.00040033$ & $-0.0124953$ & $-0.00416644$ & $-0.0169702$ & $0.0019504$ & $0.000532975$ & $-0.0465647$ & $-0.0425213$ & $-0.00278124$ & $0.010653$ & $-0.0280194$ & $-0.0139608$ \\
CHd_33 & $0.00246243$ & $-0.0690697$ & $-0.0165362$ & $-0.0110099$ & $-0.00200122$ & $-0.036781$ & $-0.0561976$ & $0.397017$ & $0.392766$ & $-0.262347$ & $-0.438526$ & $-0.187122$ & $0.079838$ & $0.271621$ & $0.229142$ & $0.256495$ & $0.08875$ & $0.00196885$ & $-0.0252935$ & $0.434562$ & $0.438136$ & $0.432049$ & $-0.0454842$ & $-0.0316749$ & $-0.00338705$ & $-0.283675$ & $0.101407$ & $1$ & $0.0280425$ & $0.0665778$ & $0.0274817$ & $-0.056409$ & $0.0661738$ & $0.175339$ & $-0.0106032$ & $0.00319256$ & $-0.0334846$ & $0.0145436$ & $-0.0263737$ & $0.0158139$ & $0.0346948$ & $-0.0369604$ & $-0.0490472$ & $0.00595947$ & $-0.00717894$ & $0.0141148$ & $-0.0307406$ & $-0.0181575$ & $-0.0427095$ \\
CeH_22r & $-0.0170253$ & $-0.00232667$ & $0.0378238$ & $-0.0185753$ & $-0.0261967$ & $-0.00384787$ & $-0.13626$ & $0.00678983$ & $0.0101076$ & $-0.0541168$ & $-0.0078069$ & $-0.0628267$ & $0.174514$ & $0.00148497$ & $0.0144249$ & $0.00148963$ & $0.00784932$ & $-0.00614173$ & $0.00601462$ & $0.00680888$ & $0.00847558$ & $0.00641989$ & $0.0231548$ & $0.0103325$ & $0.0102189$ & $-0.022441$ & $0.0172438$ & $0.0280425$ & $1$ & $0.150008$ & $0.118214$ & $-0.126679$ & $0.156894$ & $-0.00233118$ & $0.00396234$ & $-0.0508087$ & $-0.0341102$ & $0.0194754$ & $-0.028274$ & $-0.0200073$ & $0.0276639$ & $0.0537829$ & $-0.0202773$ & $0.00127523$ & $0.0137775$ & $0.00419601$ & $0.0446991$ & $-0.0389532$ & $-0.0343865$ \\
CeH_33r & $0.0248894$ & $-0.0168917$ & $0.010978$ & $-0.00465339$ & $-0.0159395$ & $-0.0274553$ & $-0.585864$ & $0.0694716$ & $0.0922844$ & $-0.236604$ & $-0.125564$ & $-0.302244$ & $0.733106$ & $0.147959$ & $0.0681595$ & $0.053422$ & $0.101437$ & $0.0797373$ & $0.0898074$ & $0.122257$ & $0.123131$ & $0.116373$ & $-0.0301389$ & $0.0615146$ & $0.0809707$ & $-0.0783704$ & $0.0184093$ & $0.0665778$ & $0.150008$ & $1$ & $0.515701$ & $-0.439215$ & $0.846611$ & $0.00141968$ & $-6.66313e-05$ & $-0.0920705$ & $-0.129059$ & $0.00604673$ & $0.0418495$ & $0.0474649$ & $0.0398898$ & $-0.0411015$ & $-0.0462087$ & $-0.00577599$ & $0.0935711$ & $-0.0439506$ & $0.0184583$ & $-0.164924$ & $-0.0722052$ \\
CuH_22r & $0.0298043$ & $-0.0289089$ & $-0.0132394$ & $-0.0478582$ & $-0.024037$ & $-0.0191159$ & $-0.375506$ & $0.0451743$ & $0.0586479$ & $-0.135185$ & $-0.0884924$ & $-0.178478$ & $0.432507$ & $0.104277$ & $0.0248895$ & $0.019702$ & $0.0883648$ & $0.0757504$ & $0.0833045$ & $0.0826283$ & $0.0891168$ & $0.086442$ & $-0.0132869$ & $0.0349932$ & $0.0695078$ & $-0.0599011$ & $0.0249473$ & $0.0274817$ & $0.118214$ & $0.515701$ & $1$ & $-0.278319$ & $0.540115$ & $0.023564$ & $0.0416937$ & $-0.0534442$ & $-0.0668171$ & $-0.0163855$ & $-0.00122787$ & $0.0148304$ & $-0.00878255$ & $0.0147607$ & $0.0172797$ & $-0.0282039$ & $0.0766337$ & $0.0843815$ & $0.232815$ & $-0.120939$ & $-0.0542323$ \\
CuH_33r & $0.0619818$ & $-0.00759197$ & $-0.0147921$ & $-0.0190623$ & $0.00476629$ & $-0.00135285$ & $0.953351$ & $-0.0706493$ & $-0.0541618$ & $0.223006$ & $0.108178$ & $0.378512$ & $-0.664108$ & $-0.112354$ & $-0.0592955$ & $-0.0253065$ & $-0.0735592$ & $-0.0463104$ & $-0.0662396$ & $-0.104315$ & $-0.109015$ & $-0.100836$ & $0.0497374$ & $-0.0298144$ & $-0.0637132$ & $0.0442713$ & $-0.034622$ & $-0.056409$ & $-0.126679$ & $-0.439215$ & $-0.278319$ & $1$ & $-0.433666$ & $-0.012886$ & $0.00464545$ & $0.0425594$ & $0.00414292$ & $0.0106081$ & $-0.0124419$ & $-0.0739267$ & $0.0147779$ & $-0.0745066$ & $-0.0188509$ & $0.0288976$ & $-0.0371245$ & $0.000565478$ & $-0.0335538$ & $0.138883$ & $0.0462144$ \\
CdH_33r & $0.0115842$ & $0.018768$ & $-0.0453088$ & $-0.0271717$ & $-0.0132799$ & $-0.0367884$ & $-0.603302$ & $0.0571267$ & $0.078694$ & $-0.250097$ & $-0.122082$ & $-0.304638$ & $0.750224$ & $0.151783$ & $0.0742381$ & $0.0406909$ & $0.121487$ & $0.090393$ & $0.112099$ & $0.119953$ & $0.120328$ & $0.108547$ & $-0.0228582$ & $0.0800655$ & $0.0976512$ & $-0.0715728$ & $0.0171116$ & $0.0661738$ & $0.156894$ & $0.846611$ & $0.540115$ & $-0.433666$ & $1$ & $-0.0113703$ & $0.0130298$ & $-0.131854$ & $-0.091175$ & $0.0121755$ & $0.0511083$ & $0.0315814$ & $0.0256339$ & $-0.0465677$ & $-0.0560407$ & $-0.010541$ & $0.0524035$ & $-0.00641329$ & $0.0130397$ & $-0.0527496$ & $0.184627$ \\
CLL_1221 & $0.0147389$ & $0.0247159$ & $0.0185366$ & $-0.0570433$ & $0.0348292$ & $-0.0679251$ & $-0.00616298$ & $0.528881$ & $0.52223$ & $-0.315063$ & $-0.306773$ & $-0.0825091$ & $-0.00221132$ & $-0.198478$ & $-0.476944$ & $-0.0382262$ & $-0.274103$ & $-0.0909091$ & $-0.394037$ & $0.249412$ & $0.374501$ & $0.377094$ & $0.156939$ & $-0.627177$ & $-0.271091$ & $-0.228578$ & $0.673516$ & $0.175339$ & $-0.00233118$ & $0.00141968$ & $0.023564$ & $-0.012886$ & $-0.0113703$ & $1$ & $0.0108434$ & $-0.00208078$ & $0.0243117$ & $-0.0301571$ & $0.0218006$ & $-0.0019855$ & $0.0264408$ & $-0.0259093$ & $-0.0119931$ & $-0.0297276$ & $-0.0236842$ & $0.0178819$ & $0.00474497$ & $0.0366465$ & $-0.0236073$ \\
eHggint & $-0.0734863$ & $0.0526018$ & $0.0922224$ & $0.253424$ & $-0.0131902$ & $-0.0425504$ & $-0.0252752$ & $0.0141047$ & $0.0161944$ & $0.00569269$ & $-0.0168561$ & $0.0940657$ & $0.0388252$ & $0.0173974$ & $0.00255287$ & $0.00743491$ & $0.00316687$ & $0.00687225$ & $0.00516337$ & $0.0177854$ & $0.0198958$ & $0.0242074$ & $-0.00900713$ & $0.00196677$ & $0.0203591$ & $0.00196092$ & $0.0271786$ & $-0.0106032$ & $0.00396234$ & $-6.66313e-05$ & $0.0416937$ & $0.00464545$ & $0.0130298$ & $0.0108434$ & $1$ & $-0.0904284$ & $-0.0801058$ & $0.0207968$ & $0.0735174$ & $-0.0141689$ & $-0.169885$ & $-0.0835483$ & $0.29103$ & $0.00521782$ & $-0.0807068$ & $-0.193741$ & $0.150176$ & $-0.0244979$ & $0.0682975$ \\
eHggpar & $0.215033$ & $-0.0925257$ & $-0.244794$ & $0.0749103$ & $0.0133061$ & $0.0197104$ & $0.0426894$ & $0.0170983$ & $0.00709196$ & $0.0279565$ & $-0.0172912$ & $0.0755419$ & $-0.0736384$ & $-0.00201655$ & $0.0221603$ & $0.0180663$ & $0.00335911$ & $-0.0127099$ & $-0.00952545$ & $0.0149472$ & $0.0129915$ & $0.0133096$ & $-0.012114$ & $-0.0285163$ & $-0.0309448$ & $-0.0226991$ & $-0.0264037$ & $0.00319256$ & $-0.0508087$ & $-0.0920705$ & $-0.0534442$ & $0.0425594$ & $-0.131854$ & $-0.00208078$ & $-0.0904284$ & $1$ & $0.0593235$ & $-0.016937$ & $0.0526743$ & $-0.0504041$ & $0.158681$ & $0.0191378$ & $-0.1656$ & $0.0142081$ & $0.0678921$ & $0.155828$ & $-0.104423$ & $-0.0523433$ & $-0.178295$ \\
eHWWint & $-0.117796$ & $0.188253$ & $-0.181877$ & $-0.0698904$ & $0.0244907$ & $0.00190506$ & $0.038455$ & $-0.00740826$ & $-0.0133091$ & $0.0151485$ & $0.0199241$ & $0.0211536$ & $-0.0273862$ & $-0.0349457$ & $-0.0227569$ & $-0.0282091$ & $-0.0174655$ & $-0.0173551$ & $-0.00702745$ & $-0.0192699$ & $-0.0137638$ & $-0.00364544$ & $-0.0718855$ & $-0.0139025$ & $-0.000698559$ & $0.0808338$ & $0.0343921$ & $-0.0334846$ & $-0.0341102$ & $-0.129059$ & $-0.0668171$ & $0.00414292$ & $-0.091175$ & $0.0243117$ & $-0.0801058$ & $0.0593235$ & $1$ & $-0.0680852$ & $-0.0826541$ & $-0.0442138$ & $-0.201984$ & $0.0248888$ & $-0.0790224$ & $-0.223819$ & $-0.242988$ & $-0.023514$ & $-0.0236686$ & $0.0918406$ & $0.169842$ \\
eHWWpar & $0.062688$ & $-0.0445482$ & $-0.0217038$ & $-0.0347709$ & $-0.0181445$ & $0.0198535$ & $0.000317562$ & $-0.0211701$ & $-0.0228126$ & $0.0315581$ & $0.00138781$ & $-0.0153213$ & $0.0378141$ & $0.0224327$ & $0.00848594$ & $0.00778004$ & $0.0349393$ & $0.0308992$ & $0.0372788$ & $-4.29304e-06$ & $-0.00303627$ & $-0.00162504$ & $0.0196651$ & $0.0423596$ & $0.0401302$ & $-0.0097502$ & $-0.00040033$ & $0.0145436$ & $0.0194754$ & $0.00604673$ & $-0.0163855$ & $0.0106081$ & $0.0121755$ & $-0.0301571$ & $0.0207968$ & $-0.016937$ & $-0.0680852$ & $1$ & $-0.0110065$ & $0.00903581$ & $0.0175191$ & $0.00966112$ & $-0.0495116$ & $0.0690041$ & $-0.0214796$ & $-0.0784952$ & $0.0407756$ & $-0.0596969$ & $-0.0082875$ \\
eHZZint & $0.327465$ & $0.164623$ & $-0.204272$ & $-0.11626$ & $-0.00580245$ & $-0.0353453$ & $-0.0318747$ & $-0.0234677$ & $-0.0238348$ & $0.0123046$ & $-0.00163858$ & $-0.030622$ & $0.0383768$ & $0.0104475$ & $-0.026328$ & $-0.0109736$ & $0.0572153$ & $0.0539969$ & $0.0436908$ & $-0.0015211$ & $0.00290955$ & $0.00278012$ & $-0.0322189$ & $0.0233555$ & $0.0072189$ & $0.0124235$ & $-0.0124953$ & $-0.0263737$ & $-0.028274$ & $0.0418495$ & $-0.00122787$ & $-0.0124419$ & $0.0511083$ & $0.0218006$ & $0.0735174$ & $0.0526743$ & $-0.0826541$ & $-0.0110065$ & $1$ & $-0.0598187$ & $-0.000339551$ & $-0.00259603$ & $-0.0270606$ & $0.0308903$ & $0.065797$ & $-0.0423259$ & $-0.035076$ & $0.0949842$ & $0.0345868$ \\
eHZZpar & $-0.00598631$ & $-0.0267802$ & $0.0522781$ & $-0.0507849$ & $-0.0158131$ & $-0.0333711$ & $-0.0647496$ & $-0.0040435$ & $-0.00659883$ & $-0.0318992$ & $-0.00928353$ & $-0.0788181$ & $0.048354$ & $0.0136925$ & $0.00618546$ & $-0.0120646$ & $0.0361881$ & $0.022549$ & $0.0334046$ & $0.00763646$ & $0.00964127$ & $0.00863364$ & $0.0210542$ & $0.0290259$ & $0.021027$ & $-0.0297407$ & $-0.00416644$ & $0.0158139$ & $-0.0200073$ & $0.0474649$ & $0.0148304$ & $-0.0739267$ & $0.0315814$ & $-0.0019855$ & $-0.0141689$ & $-0.0504041$ & $-0.0442138$ & $0.00903581$ & $-0.0598187$ & $1$ & $0.0975306$ & $-0.0182836$ & $-0.0589427$ & $0.0761107$ & $0.0846285$ & $0.0584933$ & $-0.00444793$ & $-0.00911651$ & $0.000546498$ \\
eHZgaint & $0.178535$ & $-0.00892042$ & $0.101196$ & $-0.233951$ & $-0.011862$ & $0.00386087$ & $0.0137999$ & $0.0274248$ & $0.0276213$ & $-0.0398529$ & $-0.0096043$ & $-0.0763291$ & $0.0167696$ & $-0.0256804$ & $0.00409708$ & $-0.0017061$ & $-0.0267016$ & $-0.0366775$ & $-0.0330088$ & $0.00535244$ & $0.0103504$ & $0.0120376$ & $0.0665884$ & $-0.0344882$ & $-0.0709572$ & $-0.0728786$ & $-0.0169702$ & $0.0346948$ & $0.0276639$ & $0.0398898$ & $-0.00878255$ & $0.0147779$ & $0.0256339$ & $0.0264408$ & $-0.169885$ & $0.158681$ & $-0.201984$ & $0.0175191$ & $-0.000339551$ & $0.0975306$ & $1$ & $-0.0990361$ & $-0.313299$ & $0.236631$ & $0.151177$ & $0.148456$ & $-0.217076$ & $0.121062$ & $-0.0779153$ \\
eHZgapar & $-0.0240099$ & $0.0394363$ & $-0.0192742$ & $0.0628536$ & $-0.0158028$ & $0.0399253$ & $-0.0555493$ & $-0.0341778$ & $-0.0446911$ & $0.0244638$ & $0.0333872$ & $0.0210129$ & $-0.0183584$ & $-0.0174634$ & $-0.00894656$ & $-0.00203924$ & $-0.00577967$ & $0.0013888$ & $-0.0061701$ & $-0.0290626$ & $-0.035398$ & $-0.0397777$ & $0.0215667$ & $0.0153823$ & $0.019766$ & $0.00631921$ & $0.0019504$ & $-0.0369604$ & $0.0537829$ & $-0.0411015$ & $0.0147607$ & $-0.0745066$ & $-0.0465677$ & $-0.0259093$ & $-0.0835483$ & $0.0191378$ & $0.0248888$ & $0.00966112$ & $-0.00259603$ & $-0.0182836$ & $-0.0990361$ & $1$ & $0.0296222$ & $-0.0467089$ & $0.0122619$ & $-0.0426887$ & $0.0845347$ & $-0.0511493$ & $-0.0521209$ \\
eHgagaint & $-0.277869$ & $-0.0604646$ & $0.147592$ & $0.218412$ & $-0.0190969$ & $0.040684$ & $-0.0028362$ & $-0.0421349$ & $-0.0157846$ & $0.0368908$ & $0.0522236$ & $0.0623511$ & $-0.0415612$ & $-0.0240396$ & $-0.0484725$ & $-0.00382308$ & $-0.0339597$ & $0.010404$ & $-0.0215873$ & $-0.046978$ & $-0.0524873$ & $-0.0473828$ & $-0.00631881$ & $0.0123598$ & $0.0263658$ & $0.0469965$ & $0.000532975$ & $-0.0490472$ & $-0.0202773$ & $-0.0462087$ & $0.0172797$ & $-0.0188509$ & $-0.0560407$ & $-0.0119931$ & $0.29103$ & $-0.1656$ & $-0.0790224$ & $-0.0495116$ & $-0.0270606$ & $-0.0589427$ & $-0.313299$ & $0.0296222$ & $1$ & $-0.254518$ & $-0.0823673$ & $-0.260947$ & $0.199456$ & $-0.0265398$ & $-0.0229058$ \\
eHmumuint & $0.246642$ & $-0.136077$ & $0.146503$ & $0.00659566$ & $-0.037064$ & $-0.048096$ & $0.0305159$ & $-0.00347982$ & $-0.00807947$ & $0.00291794$ & $-0.0121235$ & $-0.0227176$ & $-0.044687$ & $0.0152361$ & $0.033593$ & $0.00597976$ & $0.0383237$ & $0.012469$ & $0.0268467$ & $0.0121505$ & $0.00815457$ & $0.00073566$ & $0.0406946$ & $0.0163271$ & $-0.0109907$ & $-0.0518115$ & $-0.0465647$ & $0.00595947$ & $0.00127523$ & $-0.00577599$ & $-0.0282039$ & $0.0288976$ & $-0.010541$ & $-0.0297276$ & $0.00521782$ & $0.0142081$ & $-0.223819$ & $0.0690041$ & $0.0308903$ & $0.0761107$ & $0.236631$ & $-0.0467089$ & $-0.254518$ & $1$ & $0.144942$ & $0.0357095$ & $-0.0506679$ & $0.157524$ & $-0.0183636$ \\
eHtautauint & $0.00748097$ & $-0.158458$ & $0.228767$ & $0.0786727$ & $-0.0547786$ & $-0.0112434$ & $-0.0564793$ & $0.0138703$ & $0.0138256$ & $-0.0405384$ & $-0.0288002$ & $-0.128907$ & $0.0853923$ & $0.0394879$ & $0.0335152$ & $0.0213477$ & $0.0273521$ & $0.0179281$ & $0.026735$ & $0.0302069$ & $0.0242744$ & $0.0232178$ & $0.00243346$ & $0.0142167$ & $0.00441059$ & $-0.0311919$ & $-0.0425213$ & $-0.00717894$ & $0.0137775$ & $0.0935711$ & $0.0766337$ & $-0.0371245$ & $0.0524035$ & $-0.0236842$ & $-0.0807068$ & $0.0678921$ & $-0.242988$ & $-0.0214796$ & $0.065797$ & $0.0846285$ & $0.151177$ & $0.0122619$ & $-0.0823673$ & $0.144942$ & $1$ & $0.12669$ & $-0.0294654$ & $-0.149795$ & $-0.12612$ \\
eHccint & $0.0667777$ & $-0.177387$ & $0.0962258$ & $-0.289515$ & $0.0148735$ & $-0.0120939$ & $0.00471$ & $0.0228726$ & $0.0172454$ & $0.0180426$ & $-0.00506913$ & $0.0266223$ & $-0.0248597$ & $-0.028817$ & $0.00485051$ & $-0.0100246$ & $-0.0190759$ & $-0.0348017$ & $-0.029621$ & $-0.00172117$ & $0.00332698$ & $0.000209322$ & $-0.000286091$ & $-0.0341702$ & $-0.0468536$ & $-0.00144121$ & $-0.00278124$ & $0.0141148$ & $0.00419601$ & $-0.0439506$ & $0.0843815$ & $0.000565478$ & $-0.00641329$ & $0.0178819$ & $-0.193741$ & $0.155828$ & $-0.023514$ & $-0.0784952$ & $-0.0423259$ & $0.0584933$ & $0.148456$ & $-0.0426887$ & $-0.260947$ & $0.0357095$ & $0.12669$ & $1$ & $0.0988665$ & $0.135288$ & $0.0252358$ \\
eHccpar & $0.0583188$ & $-0.0943839$ & $-0.189292$ & $-0.107969$ & $-0.001482$ & $0.0263507$ & $-0.0385123$ & $-0.0140152$ & $-0.00857084$ & $0.0299859$ & $0.00485174$ & $0.0226258$ & $0.01369$ & $0.0179598$ & $-0.0259441$ & $-9.35428e-06$ & $0.0143894$ & $0.0333257$ & $0.0163396$ & $-0.00793271$ & $-0.00717473$ & $-0.00797209$ & $0.0417905$ & $0.00465409$ & $0.0243856$ & $-0.0124527$ & $0.010653$ & $-0.0307406$ & $0.0446991$ & $0.0184583$ & $0.232815$ & $-0.0335538$ & $0.0130397$ & $0.00474497$ & $0.150176$ & $-0.104423$ & $-0.0236686$ & $0.0407756$ & $-0.035076$ & $-0.00444793$ & $-0.217076$ & $0.0845347$ & $0.199456$ & $-0.0506679$ & $-0.0294654$ & $0.0988665$ & $1$ & $-0.0973564$ & $-0.0509065$ \\
eHbbint & $0.131017$ & $0.0405179$ & $-0.10976$ & $-0.258037$ & $0.0101502$ & $-0.00777138$ & $0.162943$ & $-0.00715088$ & $-0.00757476$ & $0.0145343$ & $0.0265866$ & $0.176295$ & $-0.210792$ & $-0.0601182$ & $-0.0393043$ & $-0.0212773$ & $-0.0264869$ & $-0.0215963$ & $-0.0351596$ & $-0.0283469$ & $-0.0220469$ & $-0.0200344$ & $0.0151768$ & $-0.0484779$ & $-0.0633523$ & $-0.00629962$ & $-0.0280194$ & $-0.0181575$ & $-0.0389532$ & $-0.164924$ & $-0.120939$ & $0.138883$ & $-0.0527496$ & $0.0366465$ & $-0.0244979$ & $-0.0523433$ & $0.0918406$ & $-0.0596969$ & $0.0949842$ & $-0.00911651$ & $0.121062$ & $-0.0511493$ & $-0.0265398$ & $0.157524$ & $-0.149795$ & $0.135288$ & $-0.0973564$ & $1$ & $0.199282$ \\
eHbbpar & $-0.0273848$ & $0.123136$ & $-0.158137$ & $-0.00148362$ & $0.0249939$ & $-0.0462045$ & $0.0437581$ & $-0.0909914$ & $-0.0924702$ & $0.096902$ & $0.0876067$ & $0.0750796$ & $-0.0658787$ & $-0.0495103$ & $-0.0592513$ & $-0.0657017$ & $0.0114283$ & $0.026226$ & $0.0309444$ & $-0.0859881$ & $-0.0834455$ & $-0.0902534$ & $0.000423101$ & $0.0501401$ & $0.0222569$ & $0.0694135$ & $-0.0139608$ & $-0.0427095$ & $-0.0343865$ & $-0.0722052$ & $-0.0542323$ & $0.0462144$ & $0.184627$ & $-0.0236073$ & $0.0682975$ & $-0.178295$ & $0.169842$ & $-0.0082875$ & $0.0345868$ & $0.000546498$ & $-0.0779153$ & $-0.0521209$ & $-0.0229058$ & $-0.0183636$ & $-0.12612$ & $0.0252358$ & $-0.0509065$ & $0.199282$ & $1$ \\
