 & AlsMz & dAle5Mz & mtop & mHl & Mz & CW & CHG & CHWB & CHWHB_gaga & CHWHB_gagaorth & CHD & CHbox & CH & CHL1_11 & CHL1_22 & CHL1_33 & CHL3_11 & CHL3_22 & CHL3_33 & CHe_11 & CHe_22 & CHe_33 & CHQ1_11 & CHQ1_33 & CHQ3_11 & CHu_11 & CHd_11 & CHd_33 & CeH_22r & CeH_33r & CuH_22r & CuH_33r & CdH_33r & CLL_1221 & eHggint & eHggpar & eHWWint & eHWWpar & eHZZint & eHZZpar & eHZgaint & eHZgapar & eHgagaint & eHmumuint & eHtautauint & eHccint & eHccpar & eHbbint & eHbbpar \\
AlsMz & $1$ & $0.0999498$ & $0.0928224$ & $-0.0945012$ & $-0.00577824$ & $-0.0293619$ & $-0.026155$ & $-0.0370948$ & $-0.0348972$ & $-0.000317294$ & $0.0306913$ & $-0.024391$ & $-0.0305481$ & $-0.0241587$ & $0.000278447$ & $-0.0179319$ & $0.00151239$ & $-0.00559228$ & $0.00793113$ & $-0.0367592$ & $-0.0374324$ & $-0.0332388$ & $-0.0032269$ & $-0.0436816$ & $-0.130552$ & $-0.0337168$ & $-0.053352$ & $-0.0103759$ & $-0.0163009$ & $0.0252845$ & $0.00299124$ & $-0.0438355$ & $-0.0205945$ & $-0.020509$ & $-0.226309$ & $0.0464566$ & $-0.0608237$ & $-0.0197721$ & $-0.0563413$ & $0.039327$ & $-0.0807937$ & $-0.00475408$ & $-0.0638785$ & $-0.0608183$ & $0.0730428$ & $-0.0161302$ & $-0.0731409$ & $-0.0670243$ & $-0.0755775$ \\
dAle5Mz & $0.0999498$ & $1$ & $-0.0540378$ & $-0.0714874$ & $-0.00186406$ & $0.0206896$ & $0.0251839$ & $-0.0678727$ & $-0.0650626$ & $0.0188974$ & $0.0631753$ & $0.0283805$ & $0.012152$ & $-0.0427634$ & $-0.0187326$ & $-0.00795977$ & $-0.00820156$ & $-0.00649511$ & $-0.00791046$ & $-0.0399985$ & $-0.0378765$ & $-0.0320835$ & $0.0427608$ & $-0.0146658$ & $-0.0151515$ & $-0.0108432$ & $-0.00278815$ & $-0.0308989$ & $0.00832416$ & $-0.00827842$ & $-0.0308449$ & $0.028929$ & $-0.00138067$ & $0.0258587$ & $-0.035649$ & $-0.00236639$ & $0.010072$ & $0.00654675$ & $0.0508964$ & $-0.0234116$ & $-0.0877464$ & $-0.00971744$ & $-0.0896187$ & $0.143196$ & $-0.11401$ & $-0.113782$ & $-0.108974$ & $-0.0596677$ & $-0.00470149$ \\
mtop & $0.0928224$ & $-0.0540378$ & $1$ & $0.00617492$ & $-0.00112685$ & $-0.0146971$ & $0.00488152$ & $-0.0127225$ & $-0.0123863$ & $-0.00206934$ & $0.011623$ & $-0.0261576$ & $0.00380191$ & $0.0173335$ & $0.0122306$ & $-0.0171589$ & $0.0128863$ & $0.00720373$ & $0.0235474$ & $-0.00564621$ & $-0.00694837$ & $-0.00945977$ & $-0.0236623$ & $0.0106817$ & $-0.0018714$ & $0.00362195$ & $-0.0279829$ & $0.0151415$ & $-0.000555742$ & $-0.00081151$ & $-0.00542062$ & $-0.0101425$ & $-0.0225202$ & $-0.0247657$ & $-0.0908668$ & $-0.0568548$ & $0.0445188$ & $-0.0181452$ & $-0.0940225$ & $-0.00154813$ & $-0.215819$ & $-0.0176907$ & $-0.0269555$ & $-0.0497604$ & $-0.0286735$ & $-0.0481532$ & $-0.00883612$ & $0.0688117$ & $-0.0667125$ \\
mHl & $-0.0945012$ & $-0.0714874$ & $0.00617492$ & $1$ & $0.00832731$ & $-0.0104846$ & $-0.00167661$ & $0.026586$ & $0.0316264$ & $0.00440827$ & $-0.021531$ & $0.0175895$ & $0.0262929$ & $0.0102709$ & $-0.00713683$ & $-0.00659304$ & $-0.0090556$ & $-0.00184494$ & $-0.00197152$ & $0.0189351$ & $0.0237661$ & $0.0212729$ & $0.00489509$ & $-0.0215106$ & $0.00925104$ & $-0.00670308$ & $0.0212329$ & $0.00821412$ & $-0.00444574$ & $-0.0132204$ & $-0.00563408$ & $0.0116217$ & $0.0638695$ & $0.0199324$ & $0.17145$ & $-0.127669$ & $0.0422084$ & $-0.00774982$ & $0.127534$ & $-0.0059013$ & $0.076646$ & $0.0011236$ & $0.12598$ & $0.0468594$ & $-0.0333829$ & $0.140515$ & $-0.0611352$ & $0.145496$ & $0.117341$ \\
Mz & $-0.00577824$ & $-0.00186406$ & $-0.00112685$ & $0.00832731$ & $1$ & $-0.0119062$ & $-0.00787989$ & $-0.0150184$ & $-0.0141768$ & $0.0165287$ & $0.0222488$ & $0.00491761$ & $-0.0121479$ & $-0.000680344$ & $-0.00307532$ & $0.00239391$ & $-0.000140459$ & $0.00396793$ & $0.00121789$ & $-0.014458$ & $-0.0141931$ & $-0.0120732$ & $-0.00998581$ & $0.00767286$ & $0.00254581$ & $0.00826534$ & $-0.0110491$ & $0.0024603$ & $0.00446517$ & $0.00162655$ & $-0.0140798$ & $-0.00635513$ & $-0.018316$ & $-0.0115199$ & $0.00386751$ & $0.0346419$ & $0.00977178$ & $-0.00582764$ & $0.0258407$ & $0.0148094$ & $-0.00315767$ & $-0.00627675$ & $0.0034134$ & $0.00657237$ & $-0.0142766$ & $0.00557831$ & $-0.0331285$ & $-0.0129141$ & $-0.0205104$ \\
CW & $-0.0293619$ & $0.0206896$ & $-0.0146971$ & $-0.0104846$ & $-0.0119062$ & $1$ & $0.00958038$ & $-0.129241$ & $-0.128625$ & $0.0270194$ & $0.197527$ & $0.0489983$ & $0.000549408$ & $0.00419158$ & $-0.0810478$ & $-0.0926837$ & $-0.271964$ & $-0.0631115$ & $-0.0590762$ & $-0.197701$ & $-0.198908$ & $-0.195208$ & $-0.0056821$ & $-0.0058247$ & $-0.0998298$ & $0.0985302$ & $-0.0861819$ & $-0.0618018$ & $-0.00776094$ & $-0.0171193$ & $-0.0189197$ & $0.01745$ & $-0.00361775$ & $-0.11967$ & $0.0274263$ & $0.00192782$ & $0.00864218$ & $0.0243701$ & $0.0120372$ & $-0.0230503$ & $0.0135606$ & $-0.0106574$ & $-0.00691578$ & $0.00421167$ & $-0.0106608$ & $0.0046233$ & $-0.00254958$ & $0.00428611$ & $-0.00574466$ \\
CHG & $-0.026155$ & $0.0251839$ & $0.00488152$ & $-0.00167661$ & $-0.00787989$ & $0.00958038$ & $1$ & $-0.0895876$ & $-0.0322137$ & $0.0545977$ & $0.0464498$ & $-0.22243$ & $-0.281246$ & $0.0551933$ & $-0.0197746$ & $-0.0126494$ & $0.0863545$ & $0.0923623$ & $0.0826076$ & $-0.0467635$ & $-0.0497134$ & $-0.0514116$ & $0.00208596$ & $0.0917372$ & $0.0913683$ & $0.0265189$ & $-0.0361085$ & $-0.0146354$ & $-0.00249054$ & $-0.136654$ & $-0.0718204$ & $0.937385$ & $-0.168026$ & $-0.050531$ & $-0.0256467$ & $-0.0490497$ & $0.0565641$ & $0.0168385$ & $-0.00693147$ & $-0.0112143$ & $-0.00936713$ & $0.00852772$ & $-0.00336619$ & $-0.000283999$ & $0.0123265$ & $-0.0024468$ & $0.00731638$ & $0.0250755$ & $-0.0299791$ \\
CHWB & $-0.0370948$ & $-0.0678727$ & $-0.0127225$ & $0.026586$ & $-0.0150184$ & $-0.129241$ & $-0.0895876$ & $1$ & $0.982069$ & $-0.572317$ & $-0.876967$ & $0.0838128$ & $0.344563$ & $0.0848787$ & $0.300841$ & $0.293992$ & $-0.245003$ & $-0.44111$ & $-0.434427$ & $0.8485$ & $0.893828$ & $0.875916$ & $0.0726351$ & $-0.669305$ & $-0.392355$ & $-0.506149$ & $0.429673$ & $0.298671$ & $0.0157197$ & $0.110628$ & $0.0540065$ & $-0.0814337$ & $0.139657$ & $0.551518$ & $0.00368858$ & $-0.0210698$ & $-0.00501506$ & $0.0326383$ & $0.0114643$ & $0.00391087$ & $0.00934183$ & $0.0191258$ & $0.0269148$ & $-0.00988213$ & $0.00858534$ & $-0.00593713$ & $0.0101265$ & $0.000110238$ & $0.0541643$ \\
CHWHB_gaga & $-0.0348972$ & $-0.0650626$ & $-0.0123863$ & $0.0316264$ & $-0.0141768$ & $-0.128625$ & $-0.0322137$ & $0.982069$ & $1$ & $-0.562118$ & $-0.858621$ & $0.0943372$ & $0.341005$ & $0.0752872$ & $0.298716$ & $0.293932$ & $-0.245121$ & $-0.439847$ & $-0.434963$ & $0.831448$ & $0.874482$ & $0.857267$ & $0.0711913$ & $-0.660797$ & $-0.39284$ & $-0.495505$ & $0.416993$ & $0.28952$ & $0.0216663$ & $0.129874$ & $0.0640401$ & $-0.0344224$ & $0.158773$ & $0.54003$ & $-0.0169617$ & $-0.0318919$ & $-0.0118412$ & $0.0348506$ & $0.00559337$ & $0.00176057$ & $0.0145467$ & $0.0182328$ & $0.0887962$ & $-0.00388199$ & $0.0183179$ & $-0.0019293$ & $0.0131147$ & $0.00291635$ & $0.0522145$ \\
CHWHB_gagaorth & $-0.000317294$ & $0.0188974$ & $-0.00206934$ & $0.00440827$ & $0.0165287$ & $0.0270194$ & $0.0545977$ & $-0.572317$ & $-0.562118$ & $1$ & $0.359707$ & $0.224136$ & $-0.252916$ & $0.225597$ & $-0.13189$ & $-0.125494$ & $0.425421$ & $0.484742$ & $0.479202$ & $-0.345611$ & $-0.375729$ & $-0.369593$ & $-0.0439405$ & $0.550043$ & $0.471113$ & $0.207772$ & $-0.232735$ & $-0.125918$ & $-0.0110743$ & $-0.147399$ & $-0.060124$ & $0.068903$ & $-0.149407$ & $-0.340971$ & $0.0508181$ & $0.0344182$ & $0.0141812$ & $-0.0384858$ & $-0.0231798$ & $-0.0112995$ & $-0.0720824$ & $-0.0154115$ & $-0.0183977$ & $0.0148719$ & $-0.0169305$ & $-0.024683$ & $0.00291517$ & $0.00276687$ & $-0.0276145$ \\
CHD & $0.0306913$ & $0.0631753$ & $0.011623$ & $-0.021531$ & $0.0222488$ & $0.197527$ & $0.0464498$ & $-0.876967$ & $-0.858621$ & $0.359707$ & $1$ & $0.0779378$ & $-0.155856$ & $-0.505753$ & $-0.420808$ & $-0.40766$ & $-0.216182$ & $0.0723446$ & $0.0609395$ & $-0.99001$ & $-0.990902$ & $-0.969271$ & $-0.0314205$ & $0.300291$ & $0.0065668$ & $0.570727$ & $-0.305162$ & $-0.327993$ & $-0.00664342$ & $-0.062447$ & $-0.0334064$ & $0.0502443$ & $-0.0887862$ & $-0.356795$ & $0.0115869$ & $0.0374678$ & $0.00671681$ & $-0.0289495$ & $-0.0103362$ & $-0.00268766$ & $0.00894942$ & $-0.022058$ & $-0.0177866$ & $0.0152316$ & $-0.00669411$ & $0.0113878$ & $-0.000977347$ & $-0.0134189$ & $-0.0439425$ \\
CHbox & $-0.024391$ & $0.0283805$ & $-0.0261576$ & $0.0175895$ & $0.00491761$ & $0.0489983$ & $-0.22243$ & $0.0838128$ & $0.0943372$ & $0.224136$ & $0.0779378$ & $1$ & $0.765294$ & $-0.306112$ & $0.0410154$ & $0.0332361$ & $-0.328604$ & $-0.318935$ & $-0.313855$ & $-0.0632477$ & $-0.0759626$ & $-0.073909$ & $-0.0133824$ & $-0.223285$ & $-0.302742$ & $0.0567239$ & $-0.0132353$ & $-0.0234173$ & $0.0440331$ & $0.310961$ & $0.0984066$ & $-0.133804$ & $0.371086$ & $0.0289337$ & $0.10527$ & $0.0524783$ & $0.00901472$ & $-0.0289806$ & $0.0077515$ & $-0.0126498$ & $-0.031692$ & $-0.0329369$ & $0.007116$ & $0.0195533$ & $-0.0124255$ & $-0.0252445$ & $0.00687692$ & $-0.0197415$ & $0.0282379$ \\
CH & $-0.0305481$ & $0.012152$ & $0.00380191$ & $0.0262929$ & $-0.0121479$ & $0.000549408$ & $-0.281246$ & $0.344563$ & $0.341005$ & $-0.252916$ & $-0.155856$ & $0.765294$ & $1$ & $-0.263297$ & $0.0865018$ & $0.0733124$ & $-0.374508$ & $-0.403992$ & $-0.395552$ & $0.15481$ & $0.167097$ & $0.163991$ & $0.0222306$ & $-0.398377$ & $-0.379972$ & $-0.0834782$ & $0.132251$ & $0.0527675$ & $0.0432471$ & $0.27433$ & $0.102295$ & $-0.229862$ & $0.336179$ & $0.201583$ & $0.0442543$ & $0.00538513$ & $0.00299649$ & $-0.0109702$ & $0.0178245$ & $-0.0135728$ & $-0.000609098$ & $-0.0247778$ & $0.0355506$ & $0.0114132$ & $0.0051$ & $-0.0138594$ & $0.000704703$ & $-0.00731552$ & $0.0426969$ \\
CHL1_11 & $-0.0241587$ & $-0.0427634$ & $0.0173335$ & $0.0102709$ & $-0.000680344$ & $0.00419158$ & $0.0551933$ & $0.0848787$ & $0.0752872$ & $0.225597$ & $-0.505753$ & $-0.306112$ & $-0.263297$ & $1$ & $0.260864$ & $0.24522$ & $0.668411$ & $0.598564$ & $0.609028$ & $0.521767$ & $0.466601$ & $0.452282$ & $-0.0441748$ & $0.481234$ & $0.616011$ & $-0.288313$ & $-0.0810327$ & $0.149685$ & $-0.00446959$ & $-0.0676262$ & $-0.0219859$ & $0.0361208$ & $-0.0637939$ & $-0.216066$ & $-0.0126057$ & $-0.0351361$ & $0.00406269$ & $0.0102648$ & $0.00394474$ & $-0.00673756$ & $-0.031479$ & $0.0200762$ & $-0.0139223$ & $-0.0224332$ & $-0.00663065$ & $-0.00226264$ & $-0.0115243$ & $0.0323059$ & $-0.0112334$ \\
CHL1_22 & $0.000278447$ & $-0.0187326$ & $0.0122306$ & $-0.00713683$ & $-0.00307532$ & $-0.0810478$ & $-0.0197746$ & $0.300841$ & $0.298716$ & $-0.13189$ & $-0.420808$ & $0.0410154$ & $0.0865018$ & $0.260864$ & $1$ & $0.446449$ & $0.150266$ & $-0.460008$ & $-0.0395651$ & $0.490179$ & $0.335939$ & $0.322934$ & $-0.165783$ & $0.105589$ & $-0.139758$ & $-0.205048$ & $-0.394152$ & $0.100104$ & $0.00674092$ & $0.0400227$ & $0.0166509$ & $-0.0230535$ & $0.0416254$ & $-0.600279$ & $-0.0151909$ & $-0.025571$ & $0.0113359$ & $-0.00131392$ & $0.0163521$ & $-0.018669$ & $0.00216883$ & $0.0138233$ & $0.00660536$ & $-0.0114913$ & $-0.00192009$ & $-0.00844393$ & $-0.00390263$ & $0.000793767$ & $0.00487051$ \\
CHL1_33 & $-0.0179319$ & $-0.00795977$ & $-0.0171589$ & $-0.00659304$ & $0.00239391$ & $-0.0926837$ & $-0.0126494$ & $0.293992$ & $0.293932$ & $-0.125494$ & $-0.40766$ & $0.0332361$ & $0.0733124$ & $0.24522$ & $0.446449$ & $1$ & $0.146628$ & $-0.0470649$ & $-0.440152$ & $0.474766$ & $0.327394$ & $0.343586$ & $-0.152445$ & $0.0962659$ & $-0.12653$ & $-0.19894$ & $-0.369923$ & $0.105024$ & $-0.00425573$ & $0.0221269$ & $0.0138286$ & $-0.0120984$ & $0.0444346$ & $-0.103784$ & $0.00468708$ & $-0.0295978$ & $-0.00123935$ & $0.00358073$ & $0.00189813$ & $-0.00596172$ & $-0.00439339$ & $0.00771355$ & $0.0253473$ & $0.0068687$ & $-0.00656848$ & $0.00601989$ & $-0.0207061$ & $0.0167019$ & $0.0291202$ \\
CHL3_11 & $0.00151239$ & $-0.00820156$ & $0.0128863$ & $-0.0090556$ & $-0.000140459$ & $-0.271964$ & $0.0863545$ & $-0.245003$ & $-0.245121$ & $0.425421$ & $-0.216182$ & $-0.328604$ & $-0.374508$ & $0.668411$ & $0.150266$ & $0.146628$ & $1$ & $0.739524$ & $0.7445$ & $0.237145$ & $0.184623$ & $0.178958$ & $-0.0493191$ & $0.682984$ & $0.782172$ & $-0.116549$ & $-0.145215$ & $0.06042$ & $-0.0216879$ & $-0.0931717$ & $-0.0418663$ & $0.0607595$ & $-0.0970992$ & $-0.244466$ & $-0.032486$ & $-0.037465$ & $-0.00949353$ & $-0.0148172$ & $-0.0102156$ & $0.00905426$ & $-0.0384713$ & $0.00157537$ & $-0.0123812$ & $-0.0120438$ & $0.00279259$ & $-0.0126761$ & $-0.0109568$ & $0.0299495$ & $-0.0119462$ \\
CHL3_22 & $-0.00559228$ & $-0.00649511$ & $0.00720373$ & $-0.00184494$ & $0.00396793$ & $-0.0631115$ & $0.0923623$ & $-0.44111$ & $-0.439847$ & $0.484742$ & $0.0723446$ & $-0.318935$ & $-0.403992$ & $0.598564$ & $-0.460008$ & $-0.0470649$ & $0.739524$ & $1$ & $0.683664$ & $-0.0794036$ & $-0.0652829$ & $-0.0609138$ & $0.0285885$ & $0.620909$ & $0.79941$ & $0.0281847$ & $0.0115531$ & $-0.0187454$ & $-0.0224642$ & $-0.116824$ & $-0.0486219$ & $0.0734699$ & $-0.122309$ & $0.0451377$ & $-0.0107691$ & $-0.0138794$ & $-0.00825918$ & $-0.00436301$ & $-0.0156434$ & $0.0106634$ & $-0.0350415$ & $-0.00373981$ & $-0.0151724$ & $-0.00564322$ & $-0.00225518$ & $0.000815756$ & $-0.0103435$ & $0.0281691$ & $-0.0221446$ \\
CHL3_33 & $0.00793113$ & $-0.00791046$ & $0.0235474$ & $-0.00197152$ & $0.00121789$ & $-0.0590762$ & $0.0826076$ & $-0.434427$ & $-0.434963$ & $0.479202$ & $0.0609395$ & $-0.313855$ & $-0.395552$ & $0.609028$ & $-0.0395651$ & $-0.440152$ & $0.7445$ & $0.683664$ & $1$ & $-0.0661528$ & $-0.0557161$ & $-0.052402$ & $0.0176843$ & $0.626937$ & $0.792793$ & $0.0247198$ & $-0.0020218$ & $-0.0195067$ & $-0.0139719$ & $-0.104645$ & $-0.0468892$ & $0.0604053$ & $-0.121533$ & $-0.332097$ & $-0.0277157$ & $-0.00880271$ & $-0.00338084$ & $-0.0115501$ & $-0.00220004$ & $0.00156857$ & $-0.0290389$ & $-0.000275208$ & $-0.0330137$ & $-0.0179973$ & $0.00152807$ & $-0.00672053$ & $-0.00224325$ & $0.0195247$ & $-0.0346781$ \\
CHe_11 & $-0.0367592$ & $-0.0399985$ & $-0.00564621$ & $0.0189351$ & $-0.014458$ & $-0.197701$ & $-0.0467635$ & $0.8485$ & $0.831448$ & $-0.345611$ & $-0.99001$ & $-0.0632477$ & $0.15481$ & $0.521767$ & $0.490179$ & $0.474766$ & $0.237145$ & $-0.0794036$ & $-0.0661528$ & $1$ & $0.971781$ & $0.950526$ & $0.00724649$ & $-0.247707$ & $-0.00262315$ & $-0.56147$ & $0.227859$ & $0.319418$ & $0.00603509$ & $0.0627691$ & $0.032583$ & $-0.049407$ & $0.0889616$ & $0.275196$ & $-0.00977794$ & $-0.0379212$ & $-0.00339833$ & $0.0285445$ & $0.0142089$ & $-0.000896235$ & $-0.0115347$ & $0.0198475$ & $0.01791$ & $-0.0115408$ & $0.000778233$ & $-0.0132168$ & $-0.00258205$ & $0.0137776$ & $0.0437236$ \\
CHe_22 & $-0.0374324$ & $-0.0378765$ & $-0.00694837$ & $0.0237661$ & $-0.0141931$ & $-0.198908$ & $-0.0497134$ & $0.893828$ & $0.874482$ & $-0.375729$ & $-0.990902$ & $-0.0759626$ & $0.167097$ & $0.466601$ & $0.335939$ & $0.327394$ & $0.184623$ & $-0.0652829$ & $-0.0557161$ & $0.971781$ & $1$ & $0.974971$ & $0.0600172$ & $-0.35621$ & $-0.0113801$ & $-0.572829$ & $0.385836$ & $0.331087$ & $0.00716077$ & $0.0648397$ & $0.0341451$ & $-0.0525579$ & $0.092356$ & $0.444453$ & $-0.0107355$ & $-0.0359015$ & $-0.00723832$ & $0.0303445$ & $0.011553$ & $0.00572279$ & $-0.0130526$ & $0.0213736$ & $0.0137647$ & $-0.010595$ & $0.00371575$ & $-0.0139199$ & $0.000772674$ & $0.0120864$ & $0.0462389$ \\
CHe_33 & $-0.0332388$ & $-0.0320835$ & $-0.00945977$ & $0.0212729$ & $-0.0120732$ & $-0.195208$ & $-0.0514116$ & $0.875916$ & $0.857267$ & $-0.369593$ & $-0.969271$ & $-0.073909$ & $0.163991$ & $0.452282$ & $0.322934$ & $0.343586$ & $0.178958$ & $-0.0609138$ & $-0.052402$ & $0.950526$ & $0.974971$ & $1$ & $0.0588419$ & $-0.349697$ & $-0.0101928$ & $-0.559443$ & $0.383158$ & $0.323896$ & $0.00572754$ & $0.0600464$ & $0.0315406$ & $-0.0551969$ & $0.0893353$ & $0.444274$ & $-0.0109433$ & $-0.0295795$ & $-0.0111965$ & $0.0289537$ & $0.0144114$ & $0.00580513$ & $-0.0141387$ & $0.0206408$ & $0.0147508$ & $-0.0113183$ & $0.00557916$ & $-0.0168027$ & $-0.00258069$ & $0.0158341$ & $0.0482404$ \\
CHQ1_11 & $-0.0032269$ & $0.0427608$ & $-0.0236623$ & $0.00489509$ & $-0.00998581$ & $-0.0056821$ & $0.00208596$ & $0.0726351$ & $0.0711913$ & $-0.0439405$ & $-0.0314205$ & $-0.0133824$ & $0.0222306$ & $-0.0441748$ & $-0.165783$ & $-0.152445$ & $-0.0493191$ & $0.0285885$ & $0.0176843$ & $0.00724649$ & $0.0600172$ & $0.0588419$ & $1$ & $-0.119728$ & $0.0962304$ & $-0.680474$ & $0.34652$ & $0.00351329$ & $0.0125055$ & $-0.00450388$ & $-0.00563008$ & $0.00544445$ & $-5.90099e-05$ & $0.203273$ & $0.0186375$ & $0.0100942$ & $0.00562432$ & $0.0265475$ & $0.0184247$ & $-0.0199573$ & $-0.00166285$ & $-0.0198201$ & $-0.0109747$ & $0.00941418$ & $-0.00394883$ & $-0.0100258$ & $-0.00566801$ & $0.00258276$ & $0.00465732$ \\
CHQ1_33 & $-0.0436816$ & $-0.0146658$ & $0.0106817$ & $-0.0215106$ & $0.00767286$ & $-0.0058247$ & $0.0917372$ & $-0.669305$ & $-0.660797$ & $0.550043$ & $0.300291$ & $-0.223285$ & $-0.398377$ & $0.481234$ & $0.105589$ & $0.0962659$ & $0.682984$ & $0.620909$ & $0.626937$ & $-0.247707$ & $-0.35621$ & $-0.349697$ & $-0.119728$ & $1$ & $0.645096$ & $0.187334$ & $-0.414564$ & $-0.0257908$ & $-0.0187779$ & $-0.112282$ & $-0.0564098$ & $0.0740658$ & $-0.13691$ & $-0.624843$ & $0.00278365$ & $-0.00830243$ & $0.0159392$ & $-0.0107823$ & $-0.0138743$ & $-0.00121621$ & $-0.0135164$ & $-0.00824584$ & $-0.00933752$ & $-0.00754705$ & $0.00117856$ & $0.00195085$ & $-0.00804911$ & $0.0181271$ & $-0.0377072$ \\
CHQ3_11 & $-0.130552$ & $-0.0151515$ & $-0.0018714$ & $0.00925104$ & $0.00254581$ & $-0.0998298$ & $0.0913683$ & $-0.392355$ & $-0.39284$ & $0.471113$ & $0.0065668$ & $-0.302742$ & $-0.379972$ & $0.616011$ & $-0.139758$ & $-0.12653$ & $0.782172$ & $0.79941$ & $0.792793$ & $-0.00262315$ & $-0.0113801$ & $-0.0101928$ & $0.0962304$ & $0.645096$ & $1$ & $0.0056333$ & $0.214608$ & $-0.0059848$ & $-0.0184565$ & $-0.120095$ & $-0.0492787$ & $0.0702914$ & $-0.124706$ & $-0.184656$ & $0.0124892$ & $-0.0318981$ & $0.0136473$ & $-0.00587938$ & $-0.00043721$ & $-0.00598635$ & $-0.0177115$ & $-0.00956278$ & $-0.0165808$ & $0.0126427$ & $-0.0107046$ & $-0.0112405$ & $0.00224015$ & $0.0305815$ & $-0.022055$ \\
CHu_11 & $-0.0337168$ & $-0.0108432$ & $0.00362195$ & $-0.00670308$ & $0.00826534$ & $0.0985302$ & $0.0265189$ & $-0.506149$ & $-0.495505$ & $0.207772$ & $0.570727$ & $0.0567239$ & $-0.0834782$ & $-0.288313$ & $-0.205048$ & $-0.19894$ & $-0.116549$ & $0.0281847$ & $0.0247198$ & $-0.56147$ & $-0.572829$ & $-0.559443$ & $-0.680474$ & $0.187334$ & $0.0056333$ & $1$ & $-0.178425$ & $-0.178996$ & $-0.00519373$ & $-0.0327278$ & $-0.0108688$ & $0.0275565$ & $-0.04373$ & $-0.241127$ & $0.00140232$ & $0.0135037$ & $0.0031221$ & $-0.0390207$ & $-0.0128669$ & $0.0123248$ & $0.011327$ & $-0.00395905$ & $-0.00320444$ & $0.000182139$ & $-0.000954216$ & $0.0228506$ & $0.00141064$ & $-0.00516899$ & $-0.0229801$ \\
CHd_11 & $-0.053352$ & $-0.00278815$ & $-0.0279829$ & $0.0212329$ & $-0.0110491$ & $-0.0861819$ & $-0.0361085$ & $0.429673$ & $0.416993$ & $-0.232735$ & $-0.305162$ & $-0.0132353$ & $0.132251$ & $-0.0810327$ & $-0.394152$ & $-0.369923$ & $-0.145215$ & $0.0115531$ & $-0.0020218$ & $0.227859$ & $0.385836$ & $0.383158$ & $0.34652$ & $-0.414564$ & $0.214608$ & $-0.178425$ & $1$ & $0.119201$ & $0.0062572$ & $0.0243855$ & $0.0141676$ & $-0.0346163$ & $0.0359198$ & $0.688637$ & $0.0153591$ & $-0.00486472$ & $0.0082009$ & $0.0255313$ & $0.00379906$ & $0.00744013$ & $0.00969658$ & $-0.0108845$ & $0.00014929$ & $0.0170522$ & $0.00859729$ & $-0.01556$ & $0.0135202$ & $-0.00596225$ & $0.0209554$ \\
CHd_33 & $-0.0103759$ & $-0.0308989$ & $0.0151415$ & $0.00821412$ & $0.0024603$ & $-0.0618018$ & $-0.0146354$ & $0.298671$ & $0.28952$ & $-0.125918$ & $-0.327993$ & $-0.0234173$ & $0.0527675$ & $0.149685$ & $0.100104$ & $0.105024$ & $0.06042$ & $-0.0187454$ & $-0.0195067$ & $0.319418$ & $0.331087$ & $0.323896$ & $0.00351329$ & $-0.0257908$ & $-0.0059848$ & $-0.178996$ & $0.119201$ & $1$ & $0.00328714$ & $0.034627$ & $0.000921572$ & $-0.0160619$ & $0.029653$ & $0.159159$ & $-0.0149414$ & $-0.0156018$ & $-0.00745951$ & $0.0111229$ & $-0.0240855$ & $0.00910513$ & $-0.00531145$ & $0.0117297$ & $-0.0168697$ & $0.00526734$ & $0.0097581$ & $0.00452336$ & $-0.00839687$ & $0.00474629$ & $0.00503027$ \\
CeH_22r & $-0.0163009$ & $0.00832416$ & $-0.000555742$ & $-0.00444574$ & $0.00446517$ & $-0.00776094$ & $-0.00249054$ & $0.0157197$ & $0.0216663$ & $-0.0110743$ & $-0.00664342$ & $0.0440331$ & $0.0432471$ & $-0.00446959$ & $0.00674092$ & $-0.00425573$ & $-0.0216879$ & $-0.0224642$ & $-0.0139719$ & $0.00603509$ & $0.00716077$ & $0.00572754$ & $0.0125055$ & $-0.0187779$ & $-0.0184565$ & $-0.00519373$ & $0.0062572$ & $0.00328714$ & $1$ & $0.0418116$ & $0.0244524$ & $-0.0176999$ & $0.0580811$ & $0.00360516$ & $-0.0358652$ & $-0.000111984$ & $-0.00736021$ & $-0.00312167$ & $0.0241126$ & $-0.01265$ & $0.0152636$ & $-0.010489$ & $0.0029012$ & $0.0108163$ & $0.0028591$ & $-0.0111916$ & $0.00523774$ & $0.0157287$ & $0.0193307$ \\
CeH_33r & $0.0252845$ & $-0.00827842$ & $-0.00081151$ & $-0.0132204$ & $0.00162655$ & $-0.0171193$ & $-0.136654$ & $0.110628$ & $0.129874$ & $-0.147399$ & $-0.062447$ & $0.310961$ & $0.27433$ & $-0.0676262$ & $0.0400227$ & $0.0221269$ & $-0.0931717$ & $-0.116824$ & $-0.104645$ & $0.0627691$ & $0.0648397$ & $0.0600464$ & $-0.00450388$ & $-0.112282$ & $-0.120095$ & $-0.0327278$ & $0.0243855$ & $0.034627$ & $0.0418116$ & $1$ & $0.313927$ & $0.00522555$ & $0.639042$ & $0.0559323$ & $-0.0747091$ & $0.013467$ & $-0.20562$ & $-0.0301915$ & $0.0404246$ & $-0.0129118$ & $0.0418786$ & $-0.0204584$ & $-0.00557049$ & $0.00426778$ & $0.117674$ & $0.0331975$ & $0.0105094$ & $0.027314$ & $0.00508623$ \\
CuH_22r & $0.00299124$ & $-0.0308449$ & $-0.00542062$ & $-0.00563408$ & $-0.0140798$ & $-0.0189197$ & $-0.0718204$ & $0.0540065$ & $0.0640401$ & $-0.060124$ & $-0.0334064$ & $0.0984066$ & $0.102295$ & $-0.0219859$ & $0.0166509$ & $0.0138286$ & $-0.0418663$ & $-0.0486219$ & $-0.0468892$ & $0.032583$ & $0.0341451$ & $0.0315406$ & $-0.00563008$ & $-0.0564098$ & $-0.0492787$ & $-0.0108688$ & $0.0141676$ & $0.000921572$ & $0.0244524$ & $0.313927$ & $1$ & $0.0163545$ & $0.361439$ & $0.0267813$ & $-0.0106666$ & $0.0100073$ & $-0.14409$ & $-0.000933983$ & $0.0498211$ & $-0.00904461$ & $-0.033719$ & $0.000694736$ & $-0.00141081$ & $0.0121277$ & $0.0540087$ & $0.058$ & $0.353922$ & $-0.010024$ & $0.0549586$ \\
CuH_33r & $-0.0438355$ & $0.028929$ & $-0.0101425$ & $0.0116217$ & $-0.00635513$ & $0.01745$ & $0.937385$ & $-0.0814337$ & $-0.0344224$ & $0.068903$ & $0.0502443$ & $-0.133804$ & $-0.229862$ & $0.0361208$ & $-0.0230535$ & $-0.0120984$ & $0.0607595$ & $0.0734699$ & $0.0604053$ & $-0.049407$ & $-0.0525579$ & $-0.0551969$ & $0.00544445$ & $0.0740658$ & $0.0702914$ & $0.0275565$ & $-0.0346163$ & $-0.0160619$ & $-0.0176999$ & $0.00522555$ & $0.0163545$ & $1$ & $0.00863055$ & $-0.0422438$ & $0.0690795$ & $-0.00422542$ & $0.0187609$ & $0.0109598$ & $0.0160762$ & $-0.0161172$ & $-0.00114216$ & $0.00202823$ & $-0.00276106$ & $0.00908497$ & $0.0104229$ & $-0.00298189$ & $0.0154684$ & $0.0257221$ & $-0.00122448$ \\
CdH_33r & $-0.0205945$ & $-0.00138067$ & $-0.0225202$ & $0.0638695$ & $-0.018316$ & $-0.00361775$ & $-0.168026$ & $0.139657$ & $0.158773$ & $-0.149407$ & $-0.0887862$ & $0.371086$ & $0.336179$ & $-0.0637939$ & $0.0416254$ & $0.0444346$ & $-0.0970992$ & $-0.122309$ & $-0.121533$ & $0.0889616$ & $0.092356$ & $0.0893353$ & $-5.90099e-05$ & $-0.13691$ & $-0.124706$ & $-0.04373$ & $0.0359198$ & $0.029653$ & $0.0580811$ & $0.639042$ & $0.361439$ & $0.00863055$ & $1$ & $0.0795958$ & $-0.0063075$ & $0.033164$ & $-0.245335$ & $-0.0485848$ & $0.0928372$ & $-0.0115371$ & $0.0122149$ & $-0.0222852$ & $0.00167036$ & $-0.00512091$ & $0.0315691$ & $0.0785708$ & $0.0399561$ & $0.203233$ & $0.493324$ \\
CLL_1221 & $-0.020509$ & $0.0258587$ & $-0.0247657$ & $0.0199324$ & $-0.0115199$ & $-0.11967$ & $-0.050531$ & $0.551518$ & $0.54003$ & $-0.340971$ & $-0.356795$ & $0.0289337$ & $0.201583$ & $-0.216066$ & $-0.600279$ & $-0.103784$ & $-0.244466$ & $0.0451377$ & $-0.332097$ & $0.275196$ & $0.444453$ & $0.444274$ & $0.203273$ & $-0.624843$ & $-0.184656$ & $-0.241127$ & $0.688637$ & $0.159159$ & $0.00360516$ & $0.0559323$ & $0.0267813$ & $-0.0422438$ & $0.0795958$ & $1$ & $0.0104481$ & $1.58476e-05$ & $-0.0164822$ & $0.0254291$ & $-0.00582258$ & $0.0228307$ & $-0.00237726$ & $0.00142895$ & $0.0152801$ & $0.011957$ & $0.00490093$ & $-0.00661994$ & $0.00626854$ & $-0.00265893$ & $0.0438964$ \\
eHggint & $-0.226309$ & $-0.035649$ & $-0.0908668$ & $0.17145$ & $0.00386751$ & $0.0274263$ & $-0.0256467$ & $0.00368858$ & $-0.0169617$ & $0.0508181$ & $0.0115869$ & $0.10527$ & $0.0442543$ & $-0.0126057$ & $-0.0151909$ & $0.00468708$ & $-0.032486$ & $-0.0107691$ & $-0.0277157$ & $-0.00977794$ & $-0.0107355$ & $-0.0109433$ & $0.0186375$ & $0.00278365$ & $0.0124892$ & $0.00140232$ & $0.0153591$ & $-0.0149414$ & $-0.0358652$ & $-0.0747091$ & $-0.0106666$ & $0.0690795$ & $-0.0063075$ & $0.0104481$ & $1$ & $-0.0782857$ & $0.102807$ & $0.0075262$ & $0.0239641$ & $-0.0558115$ & $0.0386509$ & $-0.00951629$ & $0.0329727$ & $0.0636275$ & $-0.145173$ & $-0.0710471$ & $0.032918$ & $-0.0592291$ & $0.132903$ \\
eHggpar & $0.0464566$ & $-0.00236639$ & $-0.0568548$ & $-0.127669$ & $0.0346419$ & $0.00192782$ & $-0.0490497$ & $-0.0210698$ & $-0.0318919$ & $0.0344182$ & $0.0374678$ & $0.0524783$ & $0.00538513$ & $-0.0351361$ & $-0.025571$ & $-0.0295978$ & $-0.037465$ & $-0.0138794$ & $-0.00880271$ & $-0.0379212$ & $-0.0359015$ & $-0.0295795$ & $0.0100942$ & $-0.00830243$ & $-0.0318981$ & $0.0135037$ & $-0.00486472$ & $-0.0156018$ & $-0.000111984$ & $0.013467$ & $0.0100073$ & $-0.00422542$ & $0.033164$ & $1.58476e-05$ & $-0.0782857$ & $1$ & $-0.105296$ & $0.00568524$ & $0.0197374$ & $0.033253$ & $0.0157221$ & $-0.0249062$ & $-0.074906$ & $-0.00362252$ & $0.123891$ & $0.0612862$ & $-0.00898105$ & $0.0408456$ & $0.0420371$ \\
eHWWint & $-0.0608237$ & $0.010072$ & $0.0445188$ & $0.0422084$ & $0.00977178$ & $0.00864218$ & $0.0565641$ & $-0.00501506$ & $-0.0118412$ & $0.0141812$ & $0.00671681$ & $0.00901472$ & $0.00299649$ & $0.00406269$ & $0.0113359$ & $-0.00123935$ & $-0.00949353$ & $-0.00825918$ & $-0.00338084$ & $-0.00339833$ & $-0.00723832$ & $-0.0111965$ & $0.00562432$ & $0.0159392$ & $0.0136473$ & $0.0031221$ & $0.0082009$ & $-0.00745951$ & $-0.00736021$ & $-0.20562$ & $-0.14409$ & $0.0187609$ & $-0.245335$ & $-0.0164822$ & $0.102807$ & $-0.105296$ & $1$ & $0.0121569$ & $-0.115323$ & $0.0018643$ & $-0.0939128$ & $-0.000499946$ & $0.0338426$ & $-0.0252758$ & $-0.124126$ & $-0.161261$ & $-0.102053$ & $-0.0857376$ & $-0.0442242$ \\
eHWWpar & $-0.0197721$ & $0.00654675$ & $-0.0181452$ & $-0.00774982$ & $-0.00582764$ & $0.0243701$ & $0.0168385$ & $0.0326383$ & $0.0348506$ & $-0.0384858$ & $-0.0289495$ & $-0.0289806$ & $-0.0109702$ & $0.0102648$ & $-0.00131392$ & $0.00358073$ & $-0.0148172$ & $-0.00436301$ & $-0.0115501$ & $0.0285445$ & $0.0303445$ & $0.0289537$ & $0.0265475$ & $-0.0107823$ & $-0.00587938$ & $-0.0390207$ & $0.0255313$ & $0.0111229$ & $-0.00312167$ & $-0.0301915$ & $-0.000933983$ & $0.0109598$ & $-0.0485848$ & $0.0254291$ & $0.0075262$ & $0.00568524$ & $0.0121569$ & $1$ & $0.0335221$ & $0.0116935$ & $0.0282499$ & $0.00825863$ & $-0.0306897$ & $0.039589$ & $-0.0271222$ & $0.0243637$ & $-0.00679488$ & $-0.0115909$ & $-0.0264621$ \\
eHZZint & $-0.0563413$ & $0.0508964$ & $-0.0940225$ & $0.127534$ & $0.0258407$ & $0.0120372$ & $-0.00693147$ & $0.0114643$ & $0.00559337$ & $-0.0231798$ & $-0.0103362$ & $0.0077515$ & $0.0178245$ & $0.00394474$ & $0.0163521$ & $0.00189813$ & $-0.0102156$ & $-0.0156434$ & $-0.00220004$ & $0.0142089$ & $0.011553$ & $0.0144114$ & $0.0184247$ & $-0.0138743$ & $-0.00043721$ & $-0.0128669$ & $0.00379906$ & $-0.0240855$ & $0.0241126$ & $0.0404246$ & $0.0498211$ & $0.0160762$ & $0.0928372$ & $-0.00582258$ & $0.0239641$ & $0.0197374$ & $-0.115323$ & $0.0335221$ & $1$ & $0.020847$ & $0.0722257$ & $0.0387305$ & $-0.0421594$ & $0.0354262$ & $-0.0586234$ & $0.0381865$ & $0.0605463$ & $0.0814554$ & $0.107858$ \\
eHZZpar & $0.039327$ & $-0.0234116$ & $-0.00154813$ & $-0.0059013$ & $0.0148094$ & $-0.0230503$ & $-0.0112143$ & $0.00391087$ & $0.00176057$ & $-0.0112995$ & $-0.00268766$ & $-0.0126498$ & $-0.0135728$ & $-0.00673756$ & $-0.018669$ & $-0.00596172$ & $0.00905426$ & $0.0106634$ & $0.00156857$ & $-0.000896235$ & $0.00572279$ & $0.00580513$ & $-0.0199573$ & $-0.00121621$ & $-0.00598635$ & $0.0123248$ & $0.00744013$ & $0.00910513$ & $-0.01265$ & $-0.0129118$ & $-0.00904461$ & $-0.0161172$ & $-0.0115371$ & $0.0228307$ & $-0.0558115$ & $0.033253$ & $0.0018643$ & $0.0116935$ & $0.020847$ & $1$ & $0.00782204$ & $0.0220222$ & $-0.00526315$ & $0.0151364$ & $0.0223107$ & $-0.0176893$ & $-0.0175888$ & $-0.00242034$ & $-0.0160182$ \\
eHZgaint & $-0.0807937$ & $-0.0877464$ & $-0.215819$ & $0.076646$ & $-0.00315767$ & $0.0135606$ & $-0.00936713$ & $0.00934183$ & $0.0145467$ & $-0.0720824$ & $0.00894942$ & $-0.031692$ & $-0.000609098$ & $-0.031479$ & $0.00216883$ & $-0.00439339$ & $-0.0384713$ & $-0.0350415$ & $-0.0290389$ & $-0.0115347$ & $-0.0130526$ & $-0.0141387$ & $-0.00166285$ & $-0.0135164$ & $-0.0177115$ & $0.011327$ & $0.00969658$ & $-0.00531145$ & $0.0152636$ & $0.0418786$ & $-0.033719$ & $-0.00114216$ & $0.0122149$ & $-0.00237726$ & $0.0386509$ & $0.0157221$ & $-0.0939128$ & $0.0282499$ & $0.0722257$ & $0.00782204$ & $1$ & $-0.00630652$ & $0.080571$ & $-0.0556956$ & $0.0565001$ & $0.146834$ & $-0.145567$ & $0.00528767$ & $-0.0302078$ \\
eHZgapar & $-0.00475408$ & $-0.00971744$ & $-0.0176907$ & $0.0011236$ & $-0.00627675$ & $-0.0106574$ & $0.00852772$ & $0.0191258$ & $0.0182328$ & $-0.0154115$ & $-0.022058$ & $-0.0329369$ & $-0.0247778$ & $0.0200762$ & $0.0138233$ & $0.00771355$ & $0.00157537$ & $-0.00373981$ & $-0.000275208$ & $0.0198475$ & $0.0213736$ & $0.0206408$ & $-0.0198201$ & $-0.00824584$ & $-0.00956278$ & $-0.00395905$ & $-0.0108845$ & $0.0117297$ & $-0.010489$ & $-0.0204584$ & $0.000694736$ & $0.00202823$ & $-0.0222852$ & $0.00142895$ & $-0.00951629$ & $-0.0249062$ & $-0.000499946$ & $0.00825863$ & $0.0387305$ & $0.0220222$ & $-0.00630652$ & $1$ & $-0.00435531$ & $0.0186828$ & $-0.0217409$ & $-0.0155581$ & $-0.00432595$ & $-0.0291376$ & $-0.0171346$ \\
eHgagaint & $-0.0638785$ & $-0.0896187$ & $-0.0269555$ & $0.12598$ & $0.0034134$ & $-0.00691578$ & $-0.00336619$ & $0.0269148$ & $0.0887962$ & $-0.0183977$ & $-0.0177866$ & $0.007116$ & $0.0355506$ & $-0.0139223$ & $0.00660536$ & $0.0253473$ & $-0.0123812$ & $-0.0151724$ & $-0.0330137$ & $0.01791$ & $0.0137647$ & $0.0147508$ & $-0.0109747$ & $-0.00933752$ & $-0.0165808$ & $-0.00320444$ & $0.00014929$ & $-0.0168697$ & $0.0029012$ & $-0.00557049$ & $-0.00141081$ & $-0.00276106$ & $0.00167036$ & $0.0152801$ & $0.0329727$ & $-0.074906$ & $0.0338426$ & $-0.0306897$ & $-0.0421594$ & $-0.00526315$ & $0.080571$ & $-0.00435531$ & $1$ & $0.0712586$ & $0.0577824$ & $0.00341522$ & $0.0359885$ & $-0.0309559$ & $0.0278931$ \\
eHmumuint & $-0.0608183$ & $0.143196$ & $-0.0497604$ & $0.0468594$ & $0.00657237$ & $0.00421167$ & $-0.000283999$ & $-0.00988213$ & $-0.00388199$ & $0.0148719$ & $0.0152316$ & $0.0195533$ & $0.0114132$ & $-0.0224332$ & $-0.0114913$ & $0.0068687$ & $-0.0120438$ & $-0.00564322$ & $-0.0179973$ & $-0.0115408$ & $-0.010595$ & $-0.0113183$ & $0.00941418$ & $-0.00754705$ & $0.0126427$ & $0.000182139$ & $0.0170522$ & $0.00526734$ & $0.0108163$ & $0.00426778$ & $0.0121277$ & $0.00908497$ & $-0.00512091$ & $0.011957$ & $0.0636275$ & $-0.00362252$ & $-0.0252758$ & $0.039589$ & $0.0354262$ & $0.0151364$ & $-0.0556956$ & $0.0186828$ & $0.0712586$ & $1$ & $-0.00580361$ & $0.0168121$ & $0.0225408$ & $-0.128933$ & $0.0194554$ \\
eHtautauint & $0.0730428$ & $-0.11401$ & $-0.0286735$ & $-0.0333829$ & $-0.0142766$ & $-0.0106608$ & $0.0123265$ & $0.00858534$ & $0.0183179$ & $-0.0169305$ & $-0.00669411$ & $-0.0124255$ & $0.0051$ & $-0.00663065$ & $-0.00192009$ & $-0.00656848$ & $0.00279259$ & $-0.00225518$ & $0.00152807$ & $0.000778233$ & $0.00371575$ & $0.00557916$ & $-0.00394883$ & $0.00117856$ & $-0.0107046$ & $-0.000954216$ & $0.00859729$ & $0.0097581$ & $0.0028591$ & $0.117674$ & $0.0540087$ & $0.0104229$ & $0.0315691$ & $0.00490093$ & $-0.145173$ & $0.123891$ & $-0.124126$ & $-0.0271222$ & $-0.0586234$ & $0.0223107$ & $0.0565001$ & $-0.0217409$ & $0.0577824$ & $-0.00580361$ & $1$ & $-0.0160668$ & $0.0992557$ & $-0.0359074$ & $-0.0143942$ \\
eHccint & $-0.0161302$ & $-0.113782$ & $-0.0481532$ & $0.140515$ & $0.00557831$ & $0.0046233$ & $-0.0024468$ & $-0.00593713$ & $-0.0019293$ & $-0.024683$ & $0.0113878$ & $-0.0252445$ & $-0.0138594$ & $-0.00226264$ & $-0.00844393$ & $0.00601989$ & $-0.0126761$ & $0.000815756$ & $-0.00672053$ & $-0.0132168$ & $-0.0139199$ & $-0.0168027$ & $-0.0100258$ & $0.00195085$ & $-0.0112405$ & $0.0228506$ & $-0.01556$ & $0.00452336$ & $-0.0111916$ & $0.0331975$ & $0.058$ & $-0.00298189$ & $0.0785708$ & $-0.00661994$ & $-0.0710471$ & $0.0612862$ & $-0.161261$ & $0.0243637$ & $0.0381865$ & $-0.0176893$ & $0.146834$ & $-0.0155581$ & $0.00341522$ & $0.0168121$ & $-0.0160668$ & $1$ & $-0.102607$ & $0.125079$ & $0.047292$ \\
eHccpar & $-0.0731409$ & $-0.108974$ & $-0.00883612$ & $-0.0611352$ & $-0.0331285$ & $-0.00254958$ & $0.00731638$ & $0.0101265$ & $0.0131147$ & $0.00291517$ & $-0.000977347$ & $0.00687692$ & $0.000704703$ & $-0.0115243$ & $-0.00390263$ & $-0.0207061$ & $-0.0109568$ & $-0.0103435$ & $-0.00224325$ & $-0.00258205$ & $0.000772674$ & $-0.00258069$ & $-0.00566801$ & $-0.00804911$ & $0.00224015$ & $0.00141064$ & $0.0135202$ & $-0.00839687$ & $0.00523774$ & $0.0105094$ & $0.353922$ & $0.0154684$ & $0.0399561$ & $0.00626854$ & $0.032918$ & $-0.00898105$ & $-0.102053$ & $-0.00679488$ & $0.0605463$ & $-0.0175888$ & $-0.145567$ & $-0.00432595$ & $0.0359885$ & $0.0225408$ & $0.0992557$ & $-0.102607$ & $1$ & $-0.0907164$ & $0.0973761$ \\
eHbbint & $-0.0670243$ & $-0.0596677$ & $0.0688117$ & $0.145496$ & $-0.0129141$ & $0.00428611$ & $0.0250755$ & $0.000110238$ & $0.00291635$ & $0.00276687$ & $-0.0134189$ & $-0.0197415$ & $-0.00731552$ & $0.0323059$ & $0.000793767$ & $0.0167019$ & $0.0299495$ & $0.0281691$ & $0.0195247$ & $0.0137776$ & $0.0120864$ & $0.0158341$ & $0.00258276$ & $0.0181271$ & $0.0305815$ & $-0.00516899$ & $-0.00596225$ & $0.00474629$ & $0.0157287$ & $0.027314$ & $-0.010024$ & $0.0257221$ & $0.203233$ & $-0.00265893$ & $-0.0592291$ & $0.0408456$ & $-0.0857376$ & $-0.0115909$ & $0.0814554$ & $-0.00242034$ & $0.00528767$ & $-0.0291376$ & $-0.0309559$ & $-0.128933$ & $-0.0359074$ & $0.125079$ & $-0.0907164$ & $1$ & $0.0557536$ \\
eHbbpar & $-0.0755775$ & $-0.00470149$ & $-0.0667125$ & $0.117341$ & $-0.0205104$ & $-0.00574466$ & $-0.0299791$ & $0.0541643$ & $0.0522145$ & $-0.0276145$ & $-0.0439425$ & $0.0282379$ & $0.0426969$ & $-0.0112334$ & $0.00487051$ & $0.0291202$ & $-0.0119462$ & $-0.0221446$ & $-0.0346781$ & $0.0437236$ & $0.0462389$ & $0.0482404$ & $0.00465732$ & $-0.0377072$ & $-0.022055$ & $-0.0229801$ & $0.0209554$ & $0.00503027$ & $0.0193307$ & $0.00508623$ & $0.0549586$ & $-0.00122448$ & $0.493324$ & $0.0438964$ & $0.132903$ & $0.0420371$ & $-0.0442242$ & $-0.0264621$ & $0.107858$ & $-0.0160182$ & $-0.0302078$ & $-0.0171346$ & $0.0278931$ & $0.0194554$ & $-0.0143942$ & $0.047292$ & $0.0973761$ & $0.0557536$ & $1$ \\
