 & AlsMz & dAle5Mz & mtop & mHl & Mz & CW & CHG & CHWB & CHWHB_gaga & CHWHB_gagaorth & CHD & CHbox & CH & CHL1_11 & CHL1_22 & CHL1_33 & CHL3_11 & CHL3_22 & CHL3_33 & CHe_11 & CHe_22 & CHe_33 & CHQ1_11 & CHQ1_33 & CHQ3_11 & CHu_11 & CHd_11 & CHd_33 & CeH_22r & CeH_33r & CuH_22r & CuH_33r & CdH_33r & CLL_1221 & eHggint & eHggpar & eHWWint & eHWWpar & eHZZint & eHZZpar & eHZgaint & eHZgapar & eHgagaint & eHmumuint & eHtautauint & eHccint & eHccpar & eHbbint & eHbbpar \\
AlsMz & $1$ & $0.0709036$ & $0.037819$ & $0.0682135$ & $-0.00177589$ & $0.0328645$ & $0.00866973$ & $0.00630527$ & $-0.00102146$ & $0.00962968$ & $-0.00357297$ & $-0.0367517$ & $0.0345163$ & $-0.0142646$ & $-0.0184261$ & $-0.0651958$ & $-0.0225466$ & $-0.0151784$ & $0.0234833$ & $-0.0102536$ & $0.00266676$ & $0.00671137$ & $0.0191813$ & $-0.125827$ & $-0.153997$ & $-0.0444094$ & $-0.0241842$ & $0.0108372$ & $-0.0104953$ & $-0.0686955$ & $-0.0319207$ & $-0.0065576$ & $-0.0190292$ & $0.0205407$ & $-0.0107903$ & $0.0272609$ & $0.024002$ & $-0.0401398$ & $0.0139578$ & $0.0112825$ & $0.0146553$ & $0.0729938$ & $-0.0310265$ & $0.0192018$ & $-0.0454803$ & $0.0214883$ & $-0.00119997$ & $-0.0160476$ & $0.0388921$ \\
dAle5Mz & $0.0709036$ & $1$ & $-0.0194628$ & $0.0373502$ & $0.0164977$ & $0.00907618$ & $-0.0450662$ & $-0.102279$ & $-0.101144$ & $0.0713079$ & $0.0486402$ & $0.0264528$ & $-0.00593794$ & $0.0320073$ & $0.0119347$ & $-0.00310352$ & $0.0758237$ & $0.0533237$ & $0.0657136$ & $-0.0204401$ & $-0.0245695$ & $-0.0168993$ & $-0.023423$ & $0.0416772$ & $0.0572207$ & $0.0413403$ & $-0.0297664$ & $-0.00643378$ & $-0.0176044$ & $0.0384909$ & $0.0273373$ & $-0.0440724$ & $0.00780743$ & $-0.0178804$ & $0.048636$ & $0.0157547$ & $0.0122571$ & $-0.0616241$ & $0.0174662$ & $0.0111097$ & $0.0174592$ & $-0.0364303$ & $0.0178646$ & $-0.0345946$ & $-0.0277368$ & $0.00557822$ & $0.0475457$ & $-0.0563264$ & $0.00713346$ \\
mtop & $0.037819$ & $-0.0194628$ & $1$ & $-0.0306584$ & $-0.0172684$ & $0.00544323$ & $0.0275599$ & $-0.0563663$ & $-0.0487255$ & $0.0466828$ & $0.0558611$ & $0.0133652$ & $-0.00624286$ & $0.00385345$ & $-0.0536868$ & $-0.00553374$ & $0.0208719$ & $0.0580299$ & $0.0145232$ & $-0.0542107$ & $-0.0506078$ & $-0.0417785$ & $0.0248798$ & $0.0378978$ & $-0.0116717$ & $-0.0141603$ & $-0.064414$ & $0.055091$ & $-0.0242111$ & $-0.00468792$ & $-0.00946706$ & $0.0317453$ & $0.0242211$ & $0.00890737$ & $0.0291435$ & $0.00255646$ & $-0.027166$ & $-0.0381802$ & $0.0495337$ & $0.00473531$ & $-0.000272857$ & $0.00694435$ & $0.0317333$ & $0.0402729$ & $0.0244785$ & $0.048448$ & $-0.00179331$ & $0.0421585$ & $0.033491$ \\
mHl & $0.0682135$ & $0.0373502$ & $-0.0306584$ & $1$ & $0.0173209$ & $0.0308167$ & $0.000895044$ & $-0.0146248$ & $-0.0209919$ & $-0.0114869$ & $0.0148666$ & $-0.0204215$ & $0.0241807$ & $-0.00806395$ & $0.0353487$ & $-0.0123663$ & $-0.020706$ & $-0.0262776$ & $0.00405452$ & $-0.00522714$ & $-0.0175691$ & $-0.0274729$ & $-0.00848677$ & $-0.000175282$ & $-0.0151464$ & $0.0174313$ & $-0.0178226$ & $-0.0504937$ & $0.00347081$ & $-0.00967576$ & $-0.0349999$ & $-0.015107$ & $0.0152985$ & $-0.0468224$ & $-0.0459241$ & $-0.0260851$ & $0.0096061$ & $-0.0189631$ & $0.0053928$ & $-0.00780395$ & $0.0247006$ & $-0.0608344$ & $-0.027932$ & $0.0123706$ & $-0.0102508$ & $-0.026707$ & $0.0313289$ & $-0.0261874$ & $0.0252043$ \\
Mz & $-0.00177589$ & $0.0164977$ & $-0.0172684$ & $0.0173209$ & $1$ & $-0.00852439$ & $0.00600995$ & $-0.0408517$ & $-0.0428476$ & $-0.0117581$ & $0.0395578$ & $-0.00404588$ & $-0.00678395$ & $0.00419501$ & $-0.0240179$ & $0.0389131$ & $0.0161639$ & $0.0356499$ & $-0.0180634$ & $-0.0260899$ & $-0.0319093$ & $-0.0357983$ & $-0.00319822$ & $0.0470832$ & $0.0125721$ & $0.00755983$ & $-0.0291658$ & $-0.0108638$ & $0.00610772$ & $-0.012965$ & $-0.0384093$ & $-0.0136661$ & $0.0499088$ & $-0.0116182$ & $-0.0713527$ & $-0.0240204$ & $-0.0380961$ & $0.087823$ & $-0.0105524$ & $0.0292967$ & $-0.0376694$ & $-0.0900336$ & $0.0465703$ & $-0.0417526$ & $0.00175029$ & $0.0246474$ & $-0.0386306$ & $0.0274102$ & $0.0627803$ \\
CW & $0.0328645$ & $0.00907618$ & $0.00544323$ & $0.0308167$ & $-0.00852439$ & $1$ & $0.0342217$ & $-0.107802$ & $-0.103094$ & $0.0145267$ & $0.171358$ & $-0.0104334$ & $0.0335731$ & $0.015709$ & $-0.100441$ & $-0.100501$ & $-0.273031$ & $-0.0489942$ & $-0.0438384$ & $-0.175392$ & $-0.175035$ & $-0.160999$ & $0.00537283$ & $-0.032522$ & $-0.0756117$ & $0.104489$ & $-0.0248792$ & $-0.0067043$ & $0.0166833$ & $-0.0446651$ & $-0.0392966$ & $0.03089$ & $0.0209127$ & $-0.0873931$ & $0.00186214$ & $0.0229469$ & $-0.0233084$ & $0.0472702$ & $0.00761561$ & $0.00352462$ & $0.00438985$ & $0.0626704$ & $-0.0175012$ & $0.0218389$ & $-0.0465436$ & $0.0289463$ & $-0.0359396$ & $0.00748901$ & $0.0722807$ \\
CHG & $0.00866973$ & $-0.0450662$ & $0.0275599$ & $0.000895044$ & $0.00600995$ & $0.0342217$ & $1$ & $-0.0647706$ & $-0.0108931$ & $0.0368651$ & $0.0337382$ & $0.256348$ & $-0.295747$ & $0.0373942$ & $-0.0181277$ & $-0.0722727$ & $0.0655166$ & $0.0635152$ & $0.0976788$ & $-0.039326$ & $-0.0343813$ & $-0.0415405$ & $0.0308846$ & $0.0490967$ & $0.0738253$ & $0.0179918$ & $-0.00288652$ & $0.0108191$ & $-0.0237393$ & $-0.151056$ & $-0.0641496$ & $0.932396$ & $-0.178759$ & $-0.0419241$ & $-0.0205385$ & $-0.00251881$ & $0.0470711$ & $0.0288383$ & $0.0113863$ & $-0.00915308$ & $0.0112645$ & $-0.0234634$ & $-0.0313114$ & $-0.0514486$ & $0.00605509$ & $0.0050835$ & $-0.0210484$ & $-0.00492171$ & $-0.0298828$ \\
CHWB & $0.00630527$ & $-0.102279$ & $-0.0563663$ & $-0.0146248$ & $-0.0408517$ & $-0.107802$ & $-0.0647706$ & $1$ & $0.98014$ & $-0.529002$ & $-0.875614$ & $-0.360264$ & $0.289616$ & $0.083035$ & $0.29076$ & $0.303885$ & $-0.194547$ & $-0.411077$ & $-0.417632$ & $0.843046$ & $0.890249$ & $0.874453$ & $0.0979263$ & $-0.643003$ & $-0.371831$ & $-0.526221$ & $0.409515$ & $0.285605$ & $0.0266265$ & $0.125979$ & $0.0417097$ & $-0.0587451$ & $0.0777036$ & $0.558497$ & $-0.0185557$ & $-0.033756$ & $0.00820096$ & $-0.026811$ & $-0.058967$ & $-0.00350818$ & $0.00513177$ & $0.00318726$ & $-0.0257319$ & $-0.0166932$ & $-0.000591516$ & $0.049392$ & $-0.0522693$ & $-0.0020308$ & $-0.0355721$ \\
CHWHB_gaga & $-0.00102146$ & $-0.101144$ & $-0.0487255$ & $-0.0209919$ & $-0.0428476$ & $-0.103094$ & $-0.0108931$ & $0.98014$ & $1$ & $-0.509122$ & $-0.85838$ & $-0.343032$ & $0.284988$ & $0.0839085$ & $0.298698$ & $0.298967$ & $-0.194482$ & $-0.412017$ & $-0.407843$ & $0.827926$ & $0.871744$ & $0.857519$ & $0.0966608$ & $-0.624419$ & $-0.362257$ & $-0.517712$ & $0.400634$ & $0.280675$ & $0.0327132$ & $0.148276$ & $0.0481499$ & $-0.0131286$ & $0.103101$ & $0.533741$ & $-0.0378088$ & $-0.0501106$ & $-0.0101931$ & $-0.0239064$ & $-0.0681578$ & $-0.00714346$ & $0.00523486$ & $-0.00709141$ & $0.0568804$ & $-0.0192737$ & $-0.00203724$ & $0.0525518$ & $-0.0534133$ & $0.00174645$ & $-0.0389185$ \\
CHWHB_gagaorth & $0.00962968$ & $0.0713079$ & $0.0466828$ & $-0.0114869$ & $-0.0117581$ & $0.0145267$ & $0.0368651$ & $-0.529002$ & $-0.509122$ & $1$ & $0.302513$ & $0.45515$ & $-0.208893$ & $0.285381$ & $-0.0799369$ & $-0.145534$ & $0.405966$ & $0.464137$ & $0.50051$ & $-0.285507$ & $-0.316854$ & $-0.313336$ & $-0.0566347$ & $0.526502$ & $0.472786$ & $0.187924$ & $-0.197078$ & $-0.151219$ & $0.023967$ & $-0.125914$ & $-0.0614903$ & $0.0565028$ & $-0.109594$ & $-0.359624$ & $0.0613077$ & $0.0106458$ & $-0.0479649$ & $0.0356854$ & $0.0236845$ & $-0.00203856$ & $-0.0707944$ & $0.0301665$ & $0.0417569$ & $-0.0363073$ & $0.00388996$ & $-0.0283984$ & $0.00639998$ & $-0.0180794$ & $-0.0109455$ \\
CHD & $-0.00357297$ & $0.0486402$ & $0.0558611$ & $0.0148666$ & $0.0395578$ & $0.171358$ & $0.0337382$ & $-0.875614$ & $-0.85838$ & $0.302513$ & $1$ & $0.229503$ & $-0.138552$ & $-0.5054$ & $-0.419979$ & $-0.417316$ & $-0.266807$ & $0.0391893$ & $0.0519706$ & $-0.989674$ & $-0.991064$ & $-0.968973$ & $-0.054738$ & $0.266622$ & $-0.0127004$ & $0.595109$ & $-0.281423$ & $-0.326388$ & $-0.0293963$ & $-0.0977483$ & $-0.0346536$ & $0.0371867$ & $-0.0497538$ & $-0.355962$ & $0.0369304$ & $0.0566695$ & $-0.0151967$ & $0.0297475$ & $0.0499598$ & $-0.0221885$ & $0.0111901$ & $-0.00133133$ & $0.0103641$ & $0.0325002$ & $0.00180369$ & $-0.056331$ & $0.0561353$ & $-0.00239573$ & $0.0397596$ \\
CHbox & $-0.0367517$ & $0.0264528$ & $0.0133652$ & $-0.0204215$ & $-0.00404588$ & $-0.0104334$ & $0.256348$ & $-0.360264$ & $-0.343032$ & $0.45515$ & $0.229503$ & $1$ & $-0.90694$ & $0.147101$ & $-0.0894103$ & $-0.127285$ & $0.243157$ & $0.297847$ & $0.31036$ & $-0.223036$ & $-0.23769$ & $-0.241452$ & $-0.0230802$ & $0.344021$ & $0.304145$ & $0.142506$ & $-0.10131$ & $-0.111769$ & $-0.0518083$ & $-0.161028$ & $-0.0975101$ & $0.237944$ & $-0.20631$ & $-0.211698$ & $0.00651125$ & $0.0129843$ & $-0.0202678$ & $0.0509256$ & $0.044341$ & $-0.000129171$ & $0.0154058$ & $-0.0256564$ & $0.00673882$ & $-0.0146011$ & $0.0240123$ & $-0.0351199$ & $0.0270481$ & $-0.0551952$ & $0.0148576$ \\
CH & $0.0345163$ & $-0.00593794$ & $-0.00624286$ & $0.0241807$ & $-0.00678395$ & $0.0335731$ & $-0.295747$ & $0.289616$ & $0.284988$ & $-0.208893$ & $-0.138552$ & $-0.90694$ & $1$ & $-0.206403$ & $0.101874$ & $0.110053$ & $-0.303719$ & $-0.345826$ & $-0.333673$ & $0.141054$ & $0.142149$ & $0.150267$ & $0.0132166$ & $-0.325865$ & $-0.337711$ & $-0.0920762$ & $0.0512294$ & $0.0583965$ & $0.0704194$ & $0.260373$ & $0.115195$ & $-0.234864$ & $0.324678$ & $0.137188$ & $0.0404597$ & $0.00785688$ & $0.00242542$ & $-0.0427417$ & $-0.0484171$ & $-0.00479837$ & $-0.0419639$ & $0.0297634$ & $0.00292659$ & $0.0137718$ & $-0.0271186$ & $0.0233627$ & $-0.0300142$ & $0.0641778$ & $-0.0146283$ \\
CHL1_11 & $-0.0142646$ & $0.0320073$ & $0.00385345$ & $-0.00806395$ & $0.00419501$ & $0.015709$ & $0.0373942$ & $0.083035$ & $0.0839085$ & $0.285381$ & $-0.5054$ & $0.147101$ & $-0.206403$ & $1$ & $0.266198$ & $0.256676$ & $0.674017$ & $0.618275$ & $0.590585$ & $0.528179$ & $0.470456$ & $0.451534$ & $-0.0519785$ & $0.510697$ & $0.600384$ & $-0.299541$ & $-0.110456$ & $0.186702$ & $0.00331251$ & $-0.0215123$ & $0.00676436$ & $0.0204721$ & $-0.0171775$ & $-0.222848$ & $-0.0353908$ & $-0.0493901$ & $-0.00576595$ & $0.00417202$ & $-0.0107802$ & $0.053829$ & $-0.0205667$ & $0.0107956$ & $0.00146395$ & $-0.023944$ & $-0.0112529$ & $0.0343521$ & $-0.0130935$ & $0.0250024$ & $-0.000107967$ \\
CHL1_22 & $-0.0184261$ & $0.0119347$ & $-0.0536868$ & $0.0353487$ & $-0.0240179$ & $-0.100441$ & $-0.0181277$ & $0.29076$ & $0.298698$ & $-0.0799369$ & $-0.419979$ & $-0.0894103$ & $0.101874$ & $0.266198$ & $1$ & $0.424733$ & $0.195982$ & $-0.439484$ & $-0.0153107$ & $0.488044$ & $0.339866$ & $0.330232$ & $-0.161344$ & $0.13874$ & $-0.107689$ & $-0.209328$ & $-0.384108$ & $0.0951235$ & $-0.00383356$ & $0.0612081$ & $0.00651977$ & $-0.0068913$ & $0.0745865$ & $-0.599549$ & $-0.000381471$ & $0.00885119$ & $0.012088$ & $-0.00403139$ & $-0.0399727$ & $0.0634115$ & $-0.0940764$ & $0.00926285$ & $0.0152451$ & $-0.0149972$ & $-0.0464696$ & $-0.00145349$ & $-0.0806655$ & $0.0307642$ & $-0.00612399$ \\
CHL1_33 & $-0.0651958$ & $-0.00310352$ & $-0.00553374$ & $-0.0123663$ & $0.0389131$ & $-0.100501$ & $-0.0722727$ & $0.303885$ & $0.298967$ & $-0.145534$ & $-0.417316$ & $-0.127285$ & $0.110053$ & $0.256676$ & $0.424733$ & $1$ & $0.163621$ & $-0.0186363$ & $-0.470032$ & $0.482125$ & $0.336893$ & $0.352178$ & $-0.146367$ & $0.125971$ & $-0.131268$ & $-0.225691$ & $-0.384326$ & $0.115035$ & $0.022696$ & $0.0497203$ & $0.0230899$ & $-0.067535$ & $0.0651842$ & $-0.0764211$ & $-0.00918784$ & $-0.0468631$ & $0.0310441$ & $0.0195561$ & $-0.0353871$ & $-0.0107906$ & $-0.0100254$ & $0.0121992$ & $0.0551267$ & $-0.0190806$ & $-0.0164816$ & $0.0807263$ & $-0.063119$ & $0.0317483$ & $-0.00977006$ \\
CHL3_11 & $-0.0225466$ & $0.0758237$ & $0.0208719$ & $-0.020706$ & $0.0161639$ & $-0.273031$ & $0.0655166$ & $-0.194547$ & $-0.194482$ & $0.405966$ & $-0.266807$ & $0.243157$ & $-0.303719$ & $0.674017$ & $0.195982$ & $0.163621$ & $1$ & $0.717531$ & $0.710388$ & $0.29288$ & $0.23978$ & $0.225337$ & $-0.0423688$ & $0.658235$ & $0.769495$ & $-0.152527$ & $-0.126234$ & $0.0809761$ & $0.0153007$ & $-0.0568853$ & $-0.0195975$ & $0.0442948$ & $-0.0729764$ & $-0.236782$ & $-0.0482171$ & $-0.0447126$ & $0.022576$ & $-0.0141543$ & $0.0238652$ & $0.0410844$ & $-0.0389819$ & $-0.0165872$ & $0.045629$ & $-0.0470419$ & $0.0182104$ & $0.00698802$ & $-0.00722637$ & $-0.00358359$ & $-0.0271327$ \\
CHL3_22 & $-0.0151784$ & $0.0533237$ & $0.0580299$ & $-0.0262776$ & $0.0356499$ & $-0.0489942$ & $0.0635152$ & $-0.411077$ & $-0.412017$ & $0.464137$ & $0.0391893$ & $0.297847$ & $-0.345826$ & $0.618275$ & $-0.439484$ & $-0.0186363$ & $0.717531$ & $1$ & $0.64987$ & $-0.03914$ & $-0.0309151$ & $-0.0348855$ & $0.0186747$ & $0.610824$ & $0.77672$ & $0.0063033$ & $0.00594556$ & $0.0201198$ & $0.0105138$ & $-0.0987478$ & $-0.0168236$ & $0.0377199$ & $-0.0978348$ & $0.0473435$ & $-0.0394809$ & $-0.0540771$ & $0.00363169$ & $-0.0022799$ & $0.0435756$ & $0.00179424$ & $0.0350227$ & $-0.0048881$ & $0.0223369$ & $-0.0213291$ & $0.0326459$ & $0.0191985$ & $0.0415478$ & $-0.00840651$ & $7.89724e-05$ \\
CHL3_33 & $0.0234833$ & $0.0657136$ & $0.0145232$ & $0.00405452$ & $-0.0180634$ & $-0.0438384$ & $0.0976788$ & $-0.417632$ & $-0.407843$ & $0.50051$ & $0.0519706$ & $0.31036$ & $-0.333673$ & $0.590585$ & $-0.0153107$ & $-0.470032$ & $0.710388$ & $0.64987$ & $1$ & $-0.0523392$ & $-0.0387122$ & $-0.0420076$ & $0.0188803$ & $0.592525$ & $0.774051$ & $0.0249966$ & $0.0281504$ & $-0.00675772$ & $-0.000656656$ & $-0.0801379$ & $-0.0273507$ & $0.0787544$ & $-0.0867017$ & $-0.3401$ & $-0.0281611$ & $-0.0124999$ & $-0.0126787$ & $-0.0222791$ & $0.0382215$ & $0.0629789$ & $-0.031116$ & $-0.00762123$ & $-0.0035566$ & $-0.00864675$ & $0.0115716$ & $-0.0348628$ & $0.029375$ & $-0.0101999$ & $-0.00211027$ \\
CHe_11 & $-0.0102536$ & $-0.0204401$ & $-0.0542107$ & $-0.00522714$ & $-0.0260899$ & $-0.175392$ & $-0.039326$ & $0.843046$ & $0.827926$ & $-0.285507$ & $-0.989674$ & $-0.223036$ & $0.141054$ & $0.528179$ & $0.488044$ & $0.482125$ & $0.29288$ & $-0.03914$ & $-0.0523392$ & $1$ & $0.971869$ & $0.950712$ & $0.0239919$ & $-0.205284$ & $0.0228434$ & $-0.583468$ & $0.203277$ & $0.319355$ & $0.0273669$ & $0.0969908$ & $0.0367575$ & $-0.0416831$ & $0.0567736$ & $0.272386$ & $-0.0426323$ & $-0.0620462$ & $0.0167267$ & $-0.0328074$ & $-0.0512151$ & $0.027855$ & $-0.017061$ & $0.00226573$ & $-0.00314404$ & $-0.0326724$ & $-0.00409593$ & $0.0619941$ & $-0.0639142$ & $0.00922926$ & $-0.0364617$ \\
CHe_22 & $0.00266676$ & $-0.0245695$ & $-0.0506078$ & $-0.0175691$ & $-0.0319093$ & $-0.175035$ & $-0.0343813$ & $0.890249$ & $0.871744$ & $-0.316854$ & $-0.991064$ & $-0.23769$ & $0.142149$ & $0.470456$ & $0.339866$ & $0.336893$ & $0.23978$ & $-0.0309151$ & $-0.0387122$ & $0.971869$ & $1$ & $0.973656$ & $0.081154$ & $-0.32087$ & $0.0122786$ & $-0.593427$ & $0.360069$ & $0.328657$ & $0.0294978$ & $0.0983733$ & $0.0376693$ & $-0.0387084$ & $0.0463437$ & $0.43786$ & $-0.0384257$ & $-0.056706$ & $0.0103214$ & $-0.0362797$ & $-0.0506538$ & $0.0222457$ & $-0.00453702$ & $-0.0030946$ & $-0.0115306$ & $-0.0357255$ & $0.00393312$ & $0.05855$ & $-0.0502226$ & $-0.00115829$ & $-0.0413765$ \\
CHe_33 & $0.00671137$ & $-0.0168993$ & $-0.0417785$ & $-0.0274729$ & $-0.0357983$ & $-0.160999$ & $-0.0415405$ & $0.874453$ & $0.857519$ & $-0.313336$ & $-0.968973$ & $-0.241452$ & $0.150267$ & $0.451534$ & $0.330232$ & $0.352178$ & $0.225337$ & $-0.0348855$ & $-0.0420076$ & $0.950712$ & $0.973656$ & $1$ & $0.0809694$ & $-0.316143$ & $-0.000127058$ & $-0.583871$ & $0.348933$ & $0.318211$ & $0.0399532$ & $0.0990345$ & $0.0410173$ & $-0.0455915$ & $0.0434514$ & $0.435397$ & $-0.0212269$ & $-0.0604634$ & $0.016492$ & $-0.0361016$ & $-0.0555015$ & $0.0203943$ & $-0.0151648$ & $-0.00227221$ & $-0.0156571$ & $-0.0285848$ & $0.00438592$ & $0.0724812$ & $-0.0575174$ & $-0.00942296$ & $-0.0449396$ \\
CHQ1_11 & $0.0191813$ & $-0.023423$ & $0.0248798$ & $-0.00848677$ & $-0.00319822$ & $0.00537283$ & $0.0308846$ & $0.0979263$ & $0.0966608$ & $-0.0566347$ & $-0.054738$ & $-0.0230802$ & $0.0132166$ & $-0.0519785$ & $-0.161344$ & $-0.146367$ & $-0.0423688$ & $0.0186747$ & $0.0188803$ & $0.0239919$ & $0.081154$ & $0.0809694$ & $1$ & $-0.153098$ & $0.0889898$ & $-0.673393$ & $0.350961$ & $0.0257216$ & $-0.00789975$ & $0.0543972$ & $0.0172538$ & $0.0344694$ & $-0.00225545$ & $0.214907$ & $-0.0102474$ & $-0.00827565$ & $-0.0162784$ & $-0.0560517$ & $0.00191441$ & $0.0157737$ & $0.0117985$ & $-0.0135267$ & $-0.0197231$ & $0.00859196$ & $-0.0422856$ & $-0.00522349$ & $-0.0352921$ & $-0.00161326$ & $-0.0738808$ \\
CHQ1_33 & $-0.125827$ & $0.0416772$ & $0.0378978$ & $-0.000175282$ & $0.0470832$ & $-0.032522$ & $0.0490967$ & $-0.643003$ & $-0.624419$ & $0.526502$ & $0.266622$ & $0.344021$ & $-0.325865$ & $0.510697$ & $0.13874$ & $0.125971$ & $0.658235$ & $0.610824$ & $0.592525$ & $-0.205284$ & $-0.32087$ & $-0.316143$ & $-0.153098$ & $1$ & $0.636277$ & $0.177281$ & $-0.412086$ & $-0.000539857$ & $0.010595$ & $-0.0797087$ & $-0.0241063$ & $0.046484$ & $-0.041017$ & $-0.632352$ & $-0.0179685$ & $-0.0031132$ & $0.00868149$ & $0.0107466$ & $0.0414466$ & $0.0317748$ & $-0.043847$ & $0.0111186$ & $0.0515453$ & $-0.00657071$ & $-0.0142269$ & $0.00164609$ & $-2.14608e-05$ & $0.00689995$ & $0.0273949$ \\
CHQ3_11 & $-0.153997$ & $0.0572207$ & $-0.0116717$ & $-0.0151464$ & $0.0125721$ & $-0.0756117$ & $0.0738253$ & $-0.371831$ & $-0.362257$ & $0.472786$ & $-0.0127004$ & $0.304145$ & $-0.337711$ & $0.600384$ & $-0.107689$ & $-0.131268$ & $0.769495$ & $0.77672$ & $0.774051$ & $0.0228434$ & $0.0122786$ & $-0.000127058$ & $0.0889898$ & $0.636277$ & $1$ & $0.00500457$ & $0.242883$ & $0.00367291$ & $-0.0086809$ & $-0.0723989$ & $-0.0254846$ & $0.0477139$ & $-0.101513$ & $-0.191168$ & $-0.0409545$ & $-0.0285296$ & $-0.0126254$ & $-0.0182328$ & $0.0341283$ & $0.0323667$ & $-0.00453288$ & $-0.025052$ & $0.0245157$ & $-0.0362997$ & $0.00588894$ & $-0.00394214$ & $0.0189839$ & $-0.0151367$ & $-0.0179747$ \\
CHu_11 & $-0.0444094$ & $0.0413403$ & $-0.0141603$ & $0.0174313$ & $0.00755983$ & $0.104489$ & $0.0179918$ & $-0.526221$ & $-0.517712$ & $0.187924$ & $0.595109$ & $0.142506$ & $-0.0920762$ & $-0.299541$ & $-0.209328$ & $-0.225691$ & $-0.152527$ & $0.0063033$ & $0.0249966$ & $-0.583468$ & $-0.593427$ & $-0.583871$ & $-0.673393$ & $0.177281$ & $0.00500457$ & $1$ & $-0.1534$ & $-0.211453$ & $-0.0189911$ & $-0.104795$ & $-0.0449382$ & $0.0105251$ & $-0.0558453$ & $-0.246915$ & $0.026094$ & $0.0334673$ & $-0.000952619$ & $0.0429124$ & $0.0321462$ & $-0.0366524$ & $0.0173222$ & $-0.0237853$ & $0.0058803$ & $0.0304155$ & $0.0317405$ & $-0.0199435$ & $0.0779376$ & $-0.000641937$ & $0.0612396$ \\
CHd_11 & $-0.0241842$ & $-0.0297664$ & $-0.064414$ & $-0.0178226$ & $-0.0291658$ & $-0.0248792$ & $-0.00288652$ & $0.409515$ & $0.400634$ & $-0.197078$ & $-0.281423$ & $-0.10131$ & $0.0512294$ & $-0.110456$ & $-0.384108$ & $-0.384326$ & $-0.126234$ & $0.00594556$ & $0.0281504$ & $0.203277$ & $0.360069$ & $0.348933$ & $0.350961$ & $-0.412086$ & $0.242883$ & $-0.1534$ & $1$ & $0.0794441$ & $0.00715309$ & $0.0387631$ & $0.00031681$ & $-0.0140264$ & $-0.0404683$ & $0.663408$ & $-0.0198476$ & $-0.00168488$ & $-0.023624$ & $-0.0542611$ & $0.00079569$ & $-0.0217152$ & $0.0471184$ & $-0.0265559$ & $-0.0321356$ & $-0.0110056$ & $0.00230823$ & $0.00976603$ & $0.0210277$ & $-0.0487977$ & $-0.0359743$ \\
CHd_33 & $0.0108372$ & $-0.00643378$ & $0.055091$ & $-0.0504937$ & $-0.0108638$ & $-0.0067043$ & $0.0108191$ & $0.285605$ & $0.280675$ & $-0.151219$ & $-0.326388$ & $-0.111769$ & $0.0583965$ & $0.186702$ & $0.0951235$ & $0.115035$ & $0.0809761$ & $0.0201198$ & $-0.00675772$ & $0.319355$ & $0.328657$ & $0.318211$ & $0.0257216$ & $-0.000539857$ & $0.00367291$ & $-0.211453$ & $0.0794441$ & $1$ & $0.00959624$ & $0.0422483$ & $0.0148158$ & $0.011662$ & $0.0526442$ & $0.148157$ & $-0.0420045$ & $0.000272713$ & $0.0594681$ & $-0.0567671$ & $0.0403642$ & $-0.0144701$ & $0.0402786$ & $0.0392443$ & $0.00376035$ & $0.0111823$ & $0.00709257$ & $0.0659706$ & $-0.0256783$ & $-0.0298373$ & $0.0525172$ \\
CeH_22r & $-0.0104953$ & $-0.0176044$ & $-0.0242111$ & $0.00347081$ & $0.00610772$ & $0.0166833$ & $-0.0237393$ & $0.0266265$ & $0.0327132$ & $0.023967$ & $-0.0293963$ & $-0.0518083$ & $0.0704194$ & $0.00331251$ & $-0.00383356$ & $0.022696$ & $0.0153007$ & $0.0105138$ & $-0.000656656$ & $0.0273669$ & $0.0294978$ & $0.0399532$ & $-0.00789975$ & $0.010595$ & $-0.0086809$ & $-0.0189911$ & $0.00715309$ & $0.00959624$ & $1$ & $0.0241775$ & $0.0290067$ & $-0.0372265$ & $0.0281871$ & $0.0313058$ & $-0.0371419$ & $-0.0590209$ & $-0.0106311$ & $-0.00423474$ & $0.0119335$ & $0.0166383$ & $-0.0124144$ & $0.0290561$ & $0.031498$ & $-0.0352457$ & $-0.00317936$ & $-0.0299541$ & $0.0153955$ & $0.00267975$ & $-0.032706$ \\
CeH_33r & $-0.0686955$ & $0.0384909$ & $-0.00468792$ & $-0.00967576$ & $-0.012965$ & $-0.0446651$ & $-0.151056$ & $0.125979$ & $0.148276$ & $-0.125914$ & $-0.0977483$ & $-0.161028$ & $0.260373$ & $-0.0215123$ & $0.0612081$ & $0.0497203$ & $-0.0568853$ & $-0.0987478$ & $-0.0801379$ & $0.0969908$ & $0.0983733$ & $0.0990345$ & $0.0543972$ & $-0.0797087$ & $-0.0723989$ & $-0.104795$ & $0.0387631$ & $0.0422483$ & $0.0241775$ & $1$ & $0.328031$ & $0.00333064$ & $0.624021$ & $0.0478552$ & $-0.0599398$ & $-0.0120383$ & $-0.166316$ & $-0.0536201$ & $-0.0352281$ & $0.0344929$ & $-0.0450616$ & $-0.0422761$ & $-0.0142849$ & $0.0474707$ & $0.0985571$ & $-0.0382317$ & $0.0562944$ & $0.0692386$ & $0.00720629$ \\
CuH_22r & $-0.0319207$ & $0.0273373$ & $-0.00946706$ & $-0.0349999$ & $-0.0384093$ & $-0.0392966$ & $-0.0641496$ & $0.0417097$ & $0.0481499$ & $-0.0614903$ & $-0.0346536$ & $-0.0975101$ & $0.115195$ & $0.00676436$ & $0.00651977$ & $0.0230899$ & $-0.0195975$ & $-0.0168236$ & $-0.0273507$ & $0.0367575$ & $0.0376693$ & $0.0410173$ & $0.0172538$ & $-0.0241063$ & $-0.0254846$ & $-0.0449382$ & $0.00031681$ & $0.0148158$ & $0.0290067$ & $0.328031$ & $1$ & $0.0345344$ & $0.306931$ & $0.0247596$ & $0.000412897$ & $-0.0499441$ & $-0.107704$ & $-0.0392794$ & $0.000304206$ & $0.0291876$ & $-0.000531946$ & $0.0163266$ & $-0.0789834$ & $0.0032785$ & $0.0282928$ & $0.0978991$ & $0.400815$ & $0.0333346$ & $-0.0539542$ \\
CuH_33r & $-0.0065576$ & $-0.0440724$ & $0.0317453$ & $-0.015107$ & $-0.0136661$ & $0.03089$ & $0.932396$ & $-0.0587451$ & $-0.0131286$ & $0.0565028$ & $0.0371867$ & $0.237944$ & $-0.234864$ & $0.0204721$ & $-0.0068913$ & $-0.067535$ & $0.0442948$ & $0.0377199$ & $0.0787544$ & $-0.0416831$ & $-0.0387084$ & $-0.0455915$ & $0.0344694$ & $0.046484$ & $0.0477139$ & $0.0105251$ & $-0.0140264$ & $0.011662$ & $-0.0372265$ & $0.00333064$ & $0.0345344$ & $1$ & $0.00147391$ & $-0.0482972$ & $0.0485839$ & $0.0336457$ & $0.0113363$ & $0.0110588$ & $0.0176793$ & $-0.00886207$ & $0.00785798$ & $-0.0180706$ & $-0.0201998$ & $-0.0316186$ & $0.00624336$ & $-0.00591029$ & $0.000328467$ & $0.0147902$ & $-0.0188501$ \\
CdH_33r & $-0.0190292$ & $0.00780743$ & $0.0242211$ & $0.0152985$ & $0.0499088$ & $0.0209127$ & $-0.178759$ & $0.0777036$ & $0.103101$ & $-0.109594$ & $-0.0497538$ & $-0.20631$ & $0.324678$ & $-0.0171775$ & $0.0745865$ & $0.0651842$ & $-0.0729764$ & $-0.0978348$ & $-0.0867017$ & $0.0567736$ & $0.0463437$ & $0.0434514$ & $-0.00225545$ & $-0.041017$ & $-0.101513$ & $-0.0558453$ & $-0.0404683$ & $0.0526442$ & $0.0281871$ & $0.624021$ & $0.306931$ & $0.00147391$ & $1$ & $-0.00881278$ & $-0.0636953$ & $-0.0284419$ & $-0.171698$ & $-0.0638991$ & $-0.0301514$ & $0.00849558$ & $-0.0559218$ & $-0.0402806$ & $0.0503217$ & $0.0470509$ & $0.0224202$ & $-0.0167533$ & $0.0101851$ & $0.24377$ & $0.490451$ \\
CLL_1221 & $0.0205407$ & $-0.0178804$ & $0.00890737$ & $-0.0468224$ & $-0.0116182$ & $-0.0873931$ & $-0.0419241$ & $0.558497$ & $0.533741$ & $-0.359624$ & $-0.355962$ & $-0.211698$ & $0.137188$ & $-0.222848$ & $-0.599549$ & $-0.0764211$ & $-0.236782$ & $0.0473435$ & $-0.3401$ & $0.272386$ & $0.43786$ & $0.435397$ & $0.214907$ & $-0.632352$ & $-0.191168$ & $-0.246915$ & $0.663408$ & $0.148157$ & $0.0313058$ & $0.0478552$ & $0.0247596$ & $-0.0482972$ & $-0.00881278$ & $1$ & $-0.0152027$ & $-0.0347142$ & $0.00612857$ & $-0.0297943$ & $-0.00621233$ & $-0.0629149$ & $0.080081$ & $-0.0115038$ & $-0.0195604$ & $-0.0143665$ & $0.0446306$ & $0.0374521$ & $0.0259124$ & $-0.0408636$ & $-0.0297168$ \\
eHggint & $-0.0107903$ & $0.048636$ & $0.0291435$ & $-0.0459241$ & $-0.0713527$ & $0.00186214$ & $-0.0205385$ & $-0.0185557$ & $-0.0378088$ & $0.0613077$ & $0.0369304$ & $0.00651125$ & $0.0404597$ & $-0.0353908$ & $-0.000381471$ & $-0.00918784$ & $-0.0482171$ & $-0.0394809$ & $-0.0281611$ & $-0.0426323$ & $-0.0384257$ & $-0.0212269$ & $-0.0102474$ & $-0.0179685$ & $-0.0409545$ & $0.026094$ & $-0.0198476$ & $-0.0420045$ & $-0.0371419$ & $-0.0599398$ & $0.000412897$ & $0.0485839$ & $-0.0636953$ & $-0.0152027$ & $1$ & $-0.121225$ & $0.065706$ & $0.0104425$ & $0.0682986$ & $0.0166689$ & $0.0429001$ & $-0.0217261$ & $0.00461851$ & $-0.0317431$ & $0.0465094$ & $0.0150962$ & $0.00601675$ & $0.0356695$ & $0.0221846$ \\
eHggpar & $0.0272609$ & $0.0157547$ & $0.00255646$ & $-0.0260851$ & $-0.0240204$ & $0.0229469$ & $-0.00251881$ & $-0.033756$ & $-0.0501106$ & $0.0106458$ & $0.0566695$ & $0.0129843$ & $0.00785688$ & $-0.0493901$ & $0.00885119$ & $-0.0468631$ & $-0.0447126$ & $-0.0540771$ & $-0.0124999$ & $-0.0620462$ & $-0.056706$ & $-0.0604634$ & $-0.00827565$ & $-0.0031132$ & $-0.0285296$ & $0.0334673$ & $-0.00168488$ & $0.000272713$ & $-0.0590209$ & $-0.0120383$ & $-0.0499441$ & $0.0336457$ & $-0.0284419$ & $-0.0347142$ & $-0.121225$ & $1$ & $0.0173985$ & $-0.0470743$ & $-0.0205774$ & $-0.000417276$ & $0.0118552$ & $0.0199528$ & $-0.0617118$ & $0.0311759$ & $0.00916176$ & $0.0264113$ & $0.0137735$ & $-0.00582825$ & $0.00394159$ \\
eHWWint & $0.024002$ & $0.0122571$ & $-0.027166$ & $0.0096061$ & $-0.0380961$ & $-0.0233084$ & $0.0470711$ & $0.00820096$ & $-0.0101931$ & $-0.0479649$ & $-0.0151967$ & $-0.0202678$ & $0.00242542$ & $-0.00576595$ & $0.012088$ & $0.0310441$ & $0.022576$ & $0.00363169$ & $-0.0126787$ & $0.0167267$ & $0.0103214$ & $0.016492$ & $-0.0162784$ & $0.00868149$ & $-0.0126254$ & $-0.000952619$ & $-0.023624$ & $0.0594681$ & $-0.0106311$ & $-0.166316$ & $-0.107704$ & $0.0113363$ & $-0.171698$ & $0.00612857$ & $0.065706$ & $0.0173985$ & $1$ & $-0.0166859$ & $0.0744725$ & $0.0313675$ & $0.0227797$ & $-0.0525545$ & $-0.0150226$ & $0.00721432$ & $0.00748199$ & $-0.0326604$ & $0.0104604$ & $0.0502104$ & $0.0316554$ \\
eHWWpar & $-0.0401398$ & $-0.0616241$ & $-0.0381802$ & $-0.0189631$ & $0.087823$ & $0.0472702$ & $0.0288383$ & $-0.026811$ & $-0.0239064$ & $0.0356854$ & $0.0297475$ & $0.0509256$ & $-0.0427417$ & $0.00417202$ & $-0.00403139$ & $0.0195561$ & $-0.0141543$ & $-0.0022799$ & $-0.0222791$ & $-0.0328074$ & $-0.0362797$ & $-0.0361016$ & $-0.0560517$ & $0.0107466$ & $-0.0182328$ & $0.0429124$ & $-0.0542611$ & $-0.0567671$ & $-0.00423474$ & $-0.0536201$ & $-0.0392794$ & $0.0110588$ & $-0.0638991$ & $-0.0297943$ & $0.0104425$ & $-0.0470743$ & $-0.0166859$ & $1$ & $-0.0145624$ & $-0.0351324$ & $-0.0432669$ & $-0.0344057$ & $-0.00551319$ & $0.0330459$ & $-0.0395304$ & $0.021439$ & $0.0361421$ & $0.0502229$ & $-0.036406$ \\
eHZZint & $0.0139578$ & $0.0174662$ & $0.0495337$ & $0.0053928$ & $-0.0105524$ & $0.00761561$ & $0.0113863$ & $-0.058967$ & $-0.0681578$ & $0.0236845$ & $0.0499598$ & $0.044341$ & $-0.0484171$ & $-0.0107802$ & $-0.0399727$ & $-0.0353871$ & $0.0238652$ & $0.0435756$ & $0.0382215$ & $-0.0512151$ & $-0.0506538$ & $-0.0555015$ & $0.00191441$ & $0.0414466$ & $0.0341283$ & $0.0321462$ & $0.00079569$ & $0.0403642$ & $0.0119335$ & $-0.0352281$ & $0.000304206$ & $0.0176793$ & $-0.0301514$ & $-0.00621233$ & $0.0682986$ & $-0.0205774$ & $0.0744725$ & $-0.0145624$ & $1$ & $0.000378854$ & $-0.0167571$ & $-0.0254238$ & $-0.0104341$ & $0.0532981$ & $0.0341842$ & $-0.00878687$ & $0.0657925$ & $-0.0131542$ & $0.0682306$ \\
eHZZpar & $0.0112825$ & $0.0111097$ & $0.00473531$ & $-0.00780395$ & $0.0292967$ & $0.00352462$ & $-0.00915308$ & $-0.00350818$ & $-0.00714346$ & $-0.00203856$ & $-0.0221885$ & $-0.000129171$ & $-0.00479837$ & $0.053829$ & $0.0634115$ & $-0.0107906$ & $0.0410844$ & $0.00179424$ & $0.0629789$ & $0.027855$ & $0.0222457$ & $0.0203943$ & $0.0157737$ & $0.0317748$ & $0.0323667$ & $-0.0366524$ & $-0.0217152$ & $-0.0144701$ & $0.0166383$ & $0.0344929$ & $0.0291876$ & $-0.00886207$ & $0.00849558$ & $-0.0629149$ & $0.0166689$ & $-0.000417276$ & $0.0313675$ & $-0.0351324$ & $0.000378854$ & $1$ & $-0.000965798$ & $-0.0468062$ & $-0.0236659$ & $-0.00321353$ & $-0.0415714$ & $0.0468432$ & $0.00634064$ & $0.0290068$ & $-0.0215396$ \\
eHZgaint & $0.0146553$ & $0.0174592$ & $-0.000272857$ & $0.0247006$ & $-0.0376694$ & $0.00438985$ & $0.0112645$ & $0.00513177$ & $0.00523486$ & $-0.0707944$ & $0.0111901$ & $0.0154058$ & $-0.0419639$ & $-0.0205667$ & $-0.0940764$ & $-0.0100254$ & $-0.0389819$ & $0.0350227$ & $-0.031116$ & $-0.017061$ & $-0.00453702$ & $-0.0151648$ & $0.0117985$ & $-0.043847$ & $-0.00453288$ & $0.0173222$ & $0.0471184$ & $0.0402786$ & $-0.0124144$ & $-0.0450616$ & $-0.000531946$ & $0.00785798$ & $-0.0559218$ & $0.080081$ & $0.0429001$ & $0.0118552$ & $0.0227797$ & $-0.0432669$ & $-0.0167571$ & $-0.000965798$ & $1$ & $-0.0257243$ & $-0.0125414$ & $0.0671227$ & $0.0449583$ & $-0.02302$ & $0.00390477$ & $-0.0283506$ & $-0.0276872$ \\
eHZgapar & $0.0729938$ & $-0.0364303$ & $0.00694435$ & $-0.0608344$ & $-0.0900336$ & $0.0626704$ & $-0.0234634$ & $0.00318726$ & $-0.00709141$ & $0.0301665$ & $-0.00133133$ & $-0.0256564$ & $0.0297634$ & $0.0107956$ & $0.00926285$ & $0.0121992$ & $-0.0165872$ & $-0.0048881$ & $-0.00762123$ & $0.00226573$ & $-0.0030946$ & $-0.00227221$ & $-0.0135267$ & $0.0111186$ & $-0.025052$ & $-0.0237853$ & $-0.0265559$ & $0.0392443$ & $0.0290561$ & $-0.0422761$ & $0.0163266$ & $-0.0180706$ & $-0.0402806$ & $-0.0115038$ & $-0.0217261$ & $0.0199528$ & $-0.0525545$ & $-0.0344057$ & $-0.0254238$ & $-0.0468062$ & $-0.0257243$ & $1$ & $-0.0538119$ & $0.00231622$ & $-0.0192135$ & $0.042974$ & $-0.0213768$ & $0.0316759$ & $-0.0684094$ \\
eHgagaint & $-0.0310265$ & $0.0178646$ & $0.0317333$ & $-0.027932$ & $0.0465703$ & $-0.0175012$ & $-0.0313114$ & $-0.0257319$ & $0.0568804$ & $0.0417569$ & $0.0103641$ & $0.00673882$ & $0.00292659$ & $0.00146395$ & $0.0152451$ & $0.0551267$ & $0.045629$ & $0.0223369$ & $-0.0035566$ & $-0.00314404$ & $-0.0115306$ & $-0.0156571$ & $-0.0197231$ & $0.0515453$ & $0.0245157$ & $0.0058803$ & $-0.0321356$ & $0.00376035$ & $0.031498$ & $-0.0142849$ & $-0.0789834$ & $-0.0201998$ & $0.0503217$ & $-0.0195604$ & $0.00461851$ & $-0.0617118$ & $-0.0150226$ & $-0.00551319$ & $-0.0104341$ & $-0.0236659$ & $-0.0125414$ & $-0.0538119$ & $1$ & $-0.0424415$ & $-0.00228493$ & $0.0137919$ & $-0.0294759$ & $0.0405697$ & $0.0502459$ \\
eHmumuint & $0.0192018$ & $-0.0345946$ & $0.0402729$ & $0.0123706$ & $-0.0417526$ & $0.0218389$ & $-0.0514486$ & $-0.0166932$ & $-0.0192737$ & $-0.0363073$ & $0.0325002$ & $-0.0146011$ & $0.0137718$ & $-0.023944$ & $-0.0149972$ & $-0.0190806$ & $-0.0470419$ & $-0.0213291$ & $-0.00864675$ & $-0.0326724$ & $-0.0357255$ & $-0.0285848$ & $0.00859196$ & $-0.00657071$ & $-0.0362997$ & $0.0304155$ & $-0.0110056$ & $0.0111823$ & $-0.0352457$ & $0.0474707$ & $0.0032785$ & $-0.0316186$ & $0.0470509$ & $-0.0143665$ & $-0.0317431$ & $0.0311759$ & $0.00721432$ & $0.0330459$ & $0.0532981$ & $-0.00321353$ & $0.0671227$ & $0.00231622$ & $-0.0424415$ & $1$ & $0.0141694$ & $0.0284603$ & $0.0400496$ & $0.0553776$ & $0.00820826$ \\
eHtautauint & $-0.0454803$ & $-0.0277368$ & $0.0244785$ & $-0.0102508$ & $0.00175029$ & $-0.0465436$ & $0.00605509$ & $-0.000591516$ & $-0.00203724$ & $0.00388996$ & $0.00180369$ & $0.0240123$ & $-0.0271186$ & $-0.0112529$ & $-0.0464696$ & $-0.0164816$ & $0.0182104$ & $0.0326459$ & $0.0115716$ & $-0.00409593$ & $0.00393312$ & $0.00438592$ & $-0.0422856$ & $-0.0142269$ & $0.00588894$ & $0.0317405$ & $0.00230823$ & $0.00709257$ & $-0.00317936$ & $0.0985571$ & $0.0282928$ & $0.00624336$ & $0.0224202$ & $0.0446306$ & $0.0465094$ & $0.00916176$ & $0.00748199$ & $-0.0395304$ & $0.0341842$ & $-0.0415714$ & $0.0449583$ & $-0.0192135$ & $-0.00228493$ & $0.0141694$ & $1$ & $-0.0312969$ & $0.00129917$ & $0.0381156$ & $0.0503962$ \\
eHccint & $0.0214883$ & $0.00557822$ & $0.048448$ & $-0.026707$ & $0.0246474$ & $0.0289463$ & $0.0050835$ & $0.049392$ & $0.0525518$ & $-0.0283984$ & $-0.056331$ & $-0.0351199$ & $0.0233627$ & $0.0343521$ & $-0.00145349$ & $0.0807263$ & $0.00698802$ & $0.0191985$ & $-0.0348628$ & $0.0619941$ & $0.05855$ & $0.0724812$ & $-0.00522349$ & $0.00164609$ & $-0.00394214$ & $-0.0199435$ & $0.00976603$ & $0.0659706$ & $-0.0299541$ & $-0.0382317$ & $0.0978991$ & $-0.00591029$ & $-0.0167533$ & $0.0374521$ & $0.0150962$ & $0.0264113$ & $-0.0326604$ & $0.021439$ & $-0.00878687$ & $0.0468432$ & $-0.02302$ & $0.042974$ & $0.0137919$ & $0.0284603$ & $-0.0312969$ & $1$ & $0.040139$ & $-0.00900699$ & $-0.00396862$ \\
eHccpar & $-0.00119997$ & $0.0475457$ & $-0.00179331$ & $0.0313289$ & $-0.0386306$ & $-0.0359396$ & $-0.0210484$ & $-0.0522693$ & $-0.0534133$ & $0.00639998$ & $0.0561353$ & $0.0270481$ & $-0.0300142$ & $-0.0130935$ & $-0.0806655$ & $-0.063119$ & $-0.00722637$ & $0.0415478$ & $0.029375$ & $-0.0639142$ & $-0.0502226$ & $-0.0575174$ & $-0.0352921$ & $-2.14608e-05$ & $0.0189839$ & $0.0779376$ & $0.0210277$ & $-0.0256783$ & $0.0153955$ & $0.0562944$ & $0.400815$ & $0.000328467$ & $0.0101851$ & $0.0259124$ & $0.00601675$ & $0.0137735$ & $0.0104604$ & $0.0361421$ & $0.0657925$ & $0.00634064$ & $0.00390477$ & $-0.0213768$ & $-0.0294759$ & $0.0400496$ & $0.00129917$ & $0.040139$ & $1$ & $-0.0112413$ & $-0.00640614$ \\
eHbbint & $-0.0160476$ & $-0.0563264$ & $0.0421585$ & $-0.0261874$ & $0.0274102$ & $0.00748901$ & $-0.00492171$ & $-0.0020308$ & $0.00174645$ & $-0.0180794$ & $-0.00239573$ & $-0.0551952$ & $0.0641778$ & $0.0250024$ & $0.0307642$ & $0.0317483$ & $-0.00358359$ & $-0.00840651$ & $-0.0101999$ & $0.00922926$ & $-0.00115829$ & $-0.00942296$ & $-0.00161326$ & $0.00689995$ & $-0.0151367$ & $-0.000641937$ & $-0.0487977$ & $-0.0298373$ & $0.00267975$ & $0.0692386$ & $0.0333346$ & $0.0147902$ & $0.24377$ & $-0.0408636$ & $0.0356695$ & $-0.00582825$ & $0.0502104$ & $0.0502229$ & $-0.0131542$ & $0.0290068$ & $-0.0283506$ & $0.0316759$ & $0.0405697$ & $0.0553776$ & $0.0381156$ & $-0.00900699$ & $-0.0112413$ & $1$ & $0.042842$ \\
eHbbpar & $0.0388921$ & $0.00713346$ & $0.033491$ & $0.0252043$ & $0.0627803$ & $0.0722807$ & $-0.0298828$ & $-0.0355721$ & $-0.0389185$ & $-0.0109455$ & $0.0397596$ & $0.0148576$ & $-0.0146283$ & $-0.000107967$ & $-0.00612399$ & $-0.00977006$ & $-0.0271327$ & $7.89724e-05$ & $-0.00211027$ & $-0.0364617$ & $-0.0413765$ & $-0.0449396$ & $-0.0738808$ & $0.0273949$ & $-0.0179747$ & $0.0612396$ & $-0.0359743$ & $0.0525172$ & $-0.032706$ & $0.00720629$ & $-0.0539542$ & $-0.0188501$ & $0.490451$ & $-0.0297168$ & $0.0221846$ & $0.00394159$ & $0.0316554$ & $-0.036406$ & $0.0682306$ & $-0.0215396$ & $-0.0276872$ & $-0.0684094$ & $0.0502459$ & $0.00820826$ & $0.0503962$ & $-0.00396862$ & $-0.00640614$ & $0.042842$ & $1$ \\
