 & AlsMz & dAle5Mz & mtop & mHl & Mz & CW & CHG & CHWB & CHWHB_gaga & CHWHB_gagaorth & CHD & CHbox & CH & CHL1_11 & CHL1_22 & CHL1_33 & CHL3_11 & CHL3_22 & CHL3_33 & CHe_11 & CHe_22 & CHe_33 & CHQ1_11 & CHQ1_33 & CHQ3_11 & CHu_11 & CHd_11 & CHd_33 & CeH_22r & CeH_33r & CuH_22r & CuH_33r & CdH_33r & CLL_1221 & eHggint & eHggpar & eHWWint & eHWWpar & eHZZint & eHZZpar & eHZgaint & eHZgapar & eHgagaint & eHmumuint & eHtautauint & eHccint & eHccpar & eHbbint & eHbbpar \\
AlsMz & $1$ & $-0.0757499$ & $0.0782397$ & $-0.0342148$ & $0.0350334$ & $1.48104e-05$ & $-0.00388117$ & $-0.00646833$ & $-0.00553953$ & $0.0245794$ & $0.0024167$ & $0.02277$ & $0.0204663$ & $-0.00298373$ & $-0.0177475$ & $-0.0154697$ & $0.00225263$ & $0.00882206$ & $0.0108635$ & $-0.0113027$ & $-0.00790527$ & $-0.00822641$ & $0.00158062$ & $-0.0505412$ & $-0.0890233$ & $-0.0331799$ & $-0.0296721$ & $0.00807578$ & $-0.00878731$ & $0.0223614$ & $0.0285021$ & $-0.000637146$ & $-0.0252331$ & $0.00617899$ & $-0.0444703$ & $-0.014274$ & $0.0643363$ & $0.0112566$ & $0.0843125$ & $0.0341148$ & $-0.0183892$ & $0.0104156$ & $-0.0251178$ & $0.0338846$ & $-0.0460294$ & $0.0705885$ & $0.0579052$ & $-0.0161768$ & $-0.1219$ \\
dAle5Mz & $-0.0757499$ & $1$ & $-0.0177703$ & $-0.0610952$ & $0.00616933$ & $-0.016669$ & $0.0192936$ & $-0.0624404$ & $-0.0675706$ & $0.0474925$ & $0.0638703$ & $-0.00571231$ & $-0.0232798$ & $-0.054207$ & $-0.0274976$ & $-0.0344747$ & $-0.0140166$ & $-0.0150862$ & $-0.00984872$ & $-0.0462283$ & $-0.044391$ & $-0.0422206$ & $0.00265473$ & $0.00559961$ & $0.00250132$ & $0.0446748$ & $0.0216185$ & $-0.00950564$ & $-0.0100122$ & $-0.00741264$ & $-0.000812985$ & $0.0307622$ & $0.0167406$ & $0.0274374$ & $-0.0498039$ & $-0.0168693$ & $-0.093605$ & $0.0431003$ & $0.012319$ & $-0.0159416$ & $-0.000822501$ & $-0.0485582$ & $-0.0867616$ & $0.0121388$ & $-0.029758$ & $-0.0618785$ & $-0.0478773$ & $-0.00389603$ & $0.00217784$ \\
mtop & $0.0782397$ & $-0.0177703$ & $1$ & $0.0147656$ & $0.023969$ & $-0.0250935$ & $0.0481421$ & $0.000569822$ & $0.00312752$ & $-0.0174103$ & $0.00859586$ & $-0.0160484$ & $-0.0108066$ & $-0.00718982$ & $-0.0187256$ & $-0.00154551$ & $-0.00630136$ & $0.0053505$ & $-0.00526096$ & $-0.00335489$ & $-0.00297107$ & $-0.0016583$ & $0.0153635$ & $-0.00169474$ & $-0.00997997$ & $-0.00754071$ & $0.00924664$ & $0.00755348$ & $0.0103066$ & $-0.00107053$ & $0.00560118$ & $0.0483908$ & $-0.00598147$ & $0.0188749$ & $-0.0647466$ & $0.0422136$ & $0.0457283$ & $-0.0372286$ & $-0.0358371$ & $0.0224942$ & $0.0357234$ & $-0.00249621$ & $-0.0259394$ & $0.0349111$ & $0.0242063$ & $-0.0142597$ & $-0.0202835$ & $0.0139611$ & $-0.0164946$ \\
mHl & $-0.0342148$ & $-0.0610952$ & $0.0147656$ & $1$ & $-0.0351209$ & $0.00626552$ & $0.0238583$ & $0.0200268$ & $0.0195417$ & $-0.0173822$ & $-0.014471$ & $0.00559645$ & $0.00735073$ & $0.00102673$ & $0.0291786$ & $0.0107606$ & $-0.00860533$ & $-0.0243529$ & $-0.0123139$ & $0.0134459$ & $0.0124453$ & $0.0132561$ & $0.00713865$ & $-0.0117682$ & $-0.00692181$ & $-0.0157958$ & $0.00429628$ & $-0.000135315$ & $0.0172983$ & $-0.0267413$ & $-0.00535433$ & $0.0193272$ & $-0.0230048$ & $-0.0098434$ & $0.0501984$ & $-0.0202359$ & $0.0467339$ & $0.0294061$ & $0.0032297$ & $0.0143777$ & $-0.0499648$ & $-0.00108484$ & $-0.0200533$ & $0.00818355$ & $0.0009835$ & $-0.0758524$ & $0.0562796$ & $-0.0418712$ & $0.00341189$ \\
Mz & $0.0350334$ & $0.00616933$ & $0.023969$ & $-0.0351209$ & $1$ & $0.015408$ & $0.019062$ & $0.00861936$ & $0.0109393$ & $-0.00127841$ & $-0.00124873$ & $-0.013724$ & $-0.00883795$ & $0.00764944$ & $0.0194786$ & $0.0105463$ & $-0.00712091$ & $-0.0137084$ & $-0.00710413$ & $0.00934064$ & $0.0081886$ & $0.00624774$ & $0.00268687$ & $-0.0110444$ & $-0.0144013$ & $-0.0081514$ & $-0.0131106$ & $0.0091342$ & $0.0182292$ & $-0.00649354$ & $-0.0130007$ & $0.0206977$ & $-0.00367317$ & $-0.0142817$ & $0.00104191$ & $0.00959714$ & $0.0212426$ & $-0.00210701$ & $-0.0163587$ & $-0.0100104$ & $-0.0174542$ & $0.0104222$ & $-0.00428848$ & $-0.0140917$ & $-0.00550863$ & $-0.011414$ & $0.0144039$ & $0.0292217$ & $0.0185288$ \\
CW & $1.48104e-05$ & $-0.016669$ & $-0.0250935$ & $0.00626552$ & $0.015408$ & $1$ & $0.0384507$ & $-0.0282484$ & $-0.0270179$ & $0.0055683$ & $0.15545$ & $-0.0325033$ & $-0.0552415$ & $-0.0502515$ & $-0.0827805$ & $-0.0984044$ & $-0.395593$ & $-0.198018$ & $-0.188583$ & $-0.154572$ & $-0.156771$ & $-0.157461$ & $-0.0236737$ & $-0.144804$ & $-0.240142$ & $0.119168$ & $-0.0612407$ & $-0.0517285$ & $-0.0114169$ & $-0.0454056$ & $-0.018482$ & $0.0472247$ & $-0.0409463$ & $-0.0908279$ & $0.00313039$ & $0.042948$ & $-0.00908847$ & $0.000231519$ & $0.0257364$ & $-0.00804735$ & $0.021588$ & $0.0109386$ & $-0.0133557$ & $-0.0544188$ & $0.0252598$ & $-0.0357669$ & $0.0173372$ & $-0.00606332$ & $0.00339224$ \\
CHG & $-0.00388117$ & $0.0192936$ & $0.0481421$ & $0.0238583$ & $0.019062$ & $0.0384507$ & $1$ & $-0.0330383$ & $-0.00425018$ & $0.154868$ & $0.0890726$ & $-0.706506$ & $-0.739573$ & $-0.114287$ & $-0.0259002$ & $-0.0456341$ & $-0.111072$ & $-0.100122$ & $-0.0875157$ & $-0.0883424$ & $-0.0878268$ & $-0.0855746$ & $-0.000182727$ & $-0.0673649$ & $-0.0968928$ & $0.0618207$ & $-0.0261635$ & $-0.0160802$ & $-0.103899$ & $-0.5462$ & $-0.338929$ & $0.953562$ & $-0.564156$ & $-0.0164117$ & $-0.164381$ & $-0.0119075$ & $-0.0290557$ & $-0.008919$ & $0.0033825$ & $-0.00160692$ & $-0.022611$ & $-0.0170184$ & $-0.0215914$ & $-0.0289507$ & $-0.0360928$ & $-0.0263404$ & $-0.0286869$ & $-0.0144228$ & $-0.0398989$ \\
CHWB & $-0.00646833$ & $-0.0624404$ & $0.000569822$ & $0.0200268$ & $0.00861936$ & $-0.0282484$ & $-0.0330383$ & $1$ & $0.98885$ & $-0.560057$ & $-0.8706$ & $-0.040852$ & $0.0427449$ & $0.258202$ & $0.465593$ & $0.456476$ & $-0.230784$ & $-0.417675$ & $-0.414717$ & $0.853605$ & $0.884174$ & $0.876363$ & $0.0103853$ & $-0.631678$ & $-0.383132$ & $-0.580445$ & $0.395062$ & $0.372555$ & $0.00947988$ & $0.0282054$ & $0.0135049$ & $-0.0456524$ & $0.0342411$ & $0.517884$ & $-0.02105$ & $-0.00609177$ & $0.00344922$ & $0.0244981$ & $-0.0129572$ & $0.00968461$ & $-0.00307409$ & $-0.00173218$ & $0.0315012$ & $0.0184438$ & $0.00629737$ & $-0.00480325$ & $0.00859052$ & $0.00261509$ & $0.00095374$ \\
CHWHB_gaga & $-0.00553953$ & $-0.0675706$ & $0.00312752$ & $0.0195417$ & $0.0109393$ & $-0.0270179$ & $-0.00425018$ & $0.98885$ & $1$ & $-0.553918$ & $-0.859041$ & $-0.0351779$ & $0.0454422$ & $0.252821$ & $0.459073$ & $0.450904$ & $-0.232519$ & $-0.41561$ & $-0.413325$ & $0.842399$ & $0.872373$ & $0.865051$ & $0.0119749$ & $-0.627094$ & $-0.382599$ & $-0.573089$ & $0.389691$ & $0.368359$ & $0.0161417$ & $0.0430356$ & $0.0250117$ & $-0.0194094$ & $0.0499092$ & $0.512132$ & $-0.0326333$ & $-0.0154491$ & $-0.0104877$ & $0.0259103$ & $-0.00866746$ & $0.00908439$ & $0.00317002$ & $-0.00411213$ & $0.0830569$ & $0.0213633$ & $0.00204774$ & $-0.0108471$ & $0.0114771$ & $0.00261364$ & $0.000229313$ \\
CHWHB_gagaorth & $0.0245794$ & $0.0474925$ & $-0.0174103$ & $-0.0173822$ & $-0.00127841$ & $0.0055683$ & $0.154868$ & $-0.560057$ & $-0.553918$ & $1$ & $0.48187$ & $-0.0468148$ & $-0.222698$ & $-0.138084$ & $-0.252298$ & $-0.249221$ & $0.145164$ & $0.240506$ & $0.239696$ & $-0.472688$ & $-0.48929$ & $-0.484869$ & $0.00104918$ & $0.358456$ & $0.226457$ & $0.320231$ & $-0.218251$ & $-0.190764$ & $-0.0561033$ & $-0.20032$ & $-0.122355$ & $0.172778$ & $-0.215639$ & $-0.291645$ & $0.0422631$ & $0.021432$ & $-0.0277959$ & $-0.0388107$ & $0.00626432$ & $-0.00411698$ & $-0.0427758$ & $0.000299854$ & $-0.0158682$ & $-0.027098$ & $-0.000422698$ & $-0.00913992$ & $-0.00368996$ & $-0.00682694$ & $-0.0225438$ \\
CHD & $0.0024167$ & $0.0638703$ & $0.00859586$ & $-0.014471$ & $-0.00124873$ & $0.15545$ & $0.0890726$ & $-0.8706$ & $-0.859041$ & $0.48187$ & $1$ & $0.00731908$ & $-0.10546$ & $-0.659032$ & $-0.579985$ & $-0.571557$ & $-0.249355$ & $-0.0120319$ & $-0.0142307$ & $-0.994845$ & $-0.994864$ & $-0.982565$ & $0.042421$ & $0.213403$ & $-0.056218$ & $0.661975$ & $-0.264971$ & $-0.419448$ & $-0.022802$ & $-0.0830263$ & $-0.037128$ & $0.10743$ & $-0.0938446$ & $-0.31223$ & $0.030745$ & $0.0084484$ & $-0.00534966$ & $-0.0112743$ & $0.0176575$ & $-0.0127805$ & $-0.00703561$ & $0.00639951$ & $-0.0358566$ & $-0.0199585$ & $-0.0141525$ & $0.00710009$ & $0.000497623$ & $0.00707781$ & $-0.0131087$ \\
CHbox & $0.02277$ & $-0.00571231$ & $-0.0160484$ & $0.00559645$ & $-0.013724$ & $-0.0325033$ & $-0.706506$ & $-0.040852$ & $-0.0351779$ & $-0.0468148$ & $0.00731908$ & $1$ & $0.942733$ & $0.0304009$ & $-0.0171492$ & $0.0112372$ & $0.0680928$ & $0.0728474$ & $0.0534021$ & $-0.00500015$ & $-0.00949992$ & $-0.00990142$ & $-0.00643799$ & $0.0757889$ & $0.0596221$ & $0.00229351$ & $-0.0168828$ & $-0.0190581$ & $0.161853$ & $0.68279$ & $0.414629$ & $-0.609122$ & $0.699188$ & $-0.01465$ & $0.192399$ & $0.0336217$ & $0.0281924$ & $0.0176762$ & $0.00709373$ & $0.0132659$ & $0.056493$ & $-0.00356495$ & $0.0131022$ & $0.0547048$ & $0.00735357$ & $0.00140889$ & $0.075473$ & $0.00039603$ & $0.0411161$ \\
CH & $0.0204663$ & $-0.0232798$ & $-0.0108066$ & $0.00735073$ & $-0.00883795$ & $-0.0552415$ & $-0.739573$ & $0.0427449$ & $0.0454422$ & $-0.222698$ & $-0.10546$ & $0.942733$ & $1$ & $0.126942$ & $0.0268375$ & $0.049432$ & $0.128753$ & $0.113408$ & $0.0976745$ & $0.103849$ & $0.104675$ & $0.102516$ & $-0.00389441$ & $0.0730271$ & $0.102332$ & $-0.0737784$ & $0.0271914$ & $0.0241758$ & $0.169448$ & $0.702184$ & $0.428001$ & $-0.654384$ & $0.718524$ & $0.0281841$ & $0.17315$ & $0.021823$ & $0.0387303$ & $0.026793$ & $0.00351776$ & $0.0154443$ & $0.0629531$ & $-0.000779257$ & $0.0134268$ & $0.0564377$ & $0.0130455$ & $0.0142959$ & $0.0608136$ & $0.00177537$ & $0.0530077$ \\
CHL1_11 & $-0.00298373$ & $-0.054207$ & $-0.00718982$ & $0.00102673$ & $0.00764944$ & $-0.0502515$ & $-0.114287$ & $0.258202$ & $0.252821$ & $-0.138084$ & $-0.659032$ & $0.0304009$ & $0.126942$ & $1$ & $0.412243$ & $0.397113$ & $0.64044$ & $0.587015$ & $0.593878$ & $0.670336$ & $0.630566$ & $0.616146$ & $-0.094534$ & $0.448738$ & $0.590687$ & $-0.434261$ & $-0.0677517$ & $0.264598$ & $0.0322452$ & $0.105418$ & $0.0496817$ & $-0.1319$ & $0.122208$ & $-0.186972$ & $-0.0237934$ & $-0.00474083$ & $-0.00157995$ & $-0.00943461$ & $-0.0160552$ & $0.00542251$ & $0.0168278$ & $-0.00374748$ & $0.0328049$ & $-0.0052811$ & $0.0219959$ & $-0.00539101$ & $-0.00840285$ & $-0.013905$ & $0.0254445$ \\
CHL1_22 & $-0.0177475$ & $-0.0274976$ & $-0.0187256$ & $0.0291786$ & $0.0194786$ & $-0.0827805$ & $-0.0259002$ & $0.465593$ & $0.459073$ & $-0.252298$ & $-0.579985$ & $-0.0171492$ & $0.0268375$ & $0.412243$ & $1$ & $0.53898$ & $0.162177$ & $-0.316244$ & $-0.00823386$ & $0.622467$ & $0.523988$ & $0.517593$ & $-0.185343$ & $0.032659$ & $-0.0736053$ & $-0.344501$ & $-0.296174$ & $0.213358$ & $0.0209919$ & $0.0320613$ & $0.0302586$ & $-0.032955$ & $0.044319$ & $-0.47538$ & $-0.0222863$ & $0.0225689$ & $-0.0310079$ & $0.00817511$ & $4.49325e-05$ & $0.019307$ & $0.0103235$ & $0.0199199$ & $0.00176329$ & $-0.0035289$ & $0.0103887$ & $-0.0297238$ & $0.0240542$ & $-0.00558431$ & $0.0196357$ \\
CHL1_33 & $-0.0154697$ & $-0.0344747$ & $-0.00154551$ & $0.0107606$ & $0.0105463$ & $-0.0984044$ & $-0.0456341$ & $0.456476$ & $0.450904$ & $-0.249221$ & $-0.571557$ & $0.0112372$ & $0.049432$ & $0.397113$ & $0.53898$ & $1$ & $0.170374$ & $-0.00376776$ & $-0.305425$ & $0.613928$ & $0.516268$ & $0.525511$ & $-0.193901$ & $0.0322618$ & $-0.0652556$ & $-0.332026$ & $-0.291779$ & $0.235161$ & $0.0292398$ & $0.0438096$ & $0.0256097$ & $-0.0504905$ & $0.0533008$ & $-0.0264777$ & $-0.00607502$ & $0.0120723$ & $-0.00379255$ & $-0.00620479$ & $0.00107043$ & $0.0048524$ & $0.0339909$ & $0.0133558$ & $0.00946617$ & $0.00944878$ & $0.01021$ & $-0.0315637$ & $0.00300016$ & $0.000924982$ & $0.0149161$ \\
CHL3_11 & $0.00225263$ & $-0.0140166$ & $-0.00630136$ & $-0.00860533$ & $-0.00712091$ & $-0.395593$ & $-0.111072$ & $-0.230784$ & $-0.232519$ & $0.145164$ & $-0.249355$ & $0.0680928$ & $0.128753$ & $0.64044$ & $0.162177$ & $0.170374$ & $1$ & $0.824495$ & $0.81952$ & $0.261207$ & $0.22707$ & $0.219367$ & $-0.0644622$ & $0.755843$ & $0.860395$ & $-0.164167$ & $-0.138745$ & $0.0971011$ & $0.0229574$ & $0.11212$ & $0.0436755$ & $-0.12228$ & $0.117765$ & $-0.245392$ & $-0.0208441$ & $-0.00903701$ & $0.0177517$ & $-0.0243887$ & $-0.0150904$ & $0.00859852$ & $0.0127421$ & $-0.0156637$ & $0.00475409$ & $0.0158702$ & $0.0147539$ & $0.00239341$ & $-0.0250285$ & $-0.0160385$ & $0.0228657$ \\
CHL3_22 & $0.00882206$ & $-0.0150862$ & $0.0053505$ & $-0.0243529$ & $-0.0137084$ & $-0.198018$ & $-0.100122$ & $-0.417675$ & $-0.41561$ & $0.240506$ & $-0.0120319$ & $0.0728474$ & $0.113408$ & $0.587015$ & $-0.316244$ & $-0.00376776$ & $0.824495$ & $1$ & $0.788151$ & $0.0114885$ & $0.00827648$ & $0.00342891$ & $-8.77757e-05$ & $0.742546$ & $0.866713$ & $-0.0221136$ & $-0.0539047$ & $0.00939709$ & $0.016413$ & $0.0923931$ & $0.0305226$ & $-0.108946$ & $0.0960243$ & $-0.062707$ & $-0.00697248$ & $-0.0163321$ & $0.0238093$ & $-0.0300071$ & $-0.013201$ & $-0.00623175$ & $0.016144$ & $-0.0190778$ & $0.0144144$ & $0.00732475$ & $0.0117467$ & $0.0132617$ & $-0.0317873$ & $-0.0128691$ & $0.0145528$ \\
CHL3_33 & $0.0108635$ & $-0.00984872$ & $-0.00526096$ & $-0.0123139$ & $-0.00710413$ & $-0.188583$ & $-0.0875157$ & $-0.414717$ & $-0.413325$ & $0.239696$ & $-0.0142307$ & $0.0534021$ & $0.0976745$ & $0.593878$ & $-0.00823386$ & $-0.305425$ & $0.81952$ & $0.788151$ & $1$ & $0.0136945$ & $0.0110571$ & $0.00791798$ & $0.00777584$ & $0.742942$ & $0.864756$ & $-0.0294318$ & $-0.0516102$ & $-0.00525129$ & $0.0109427$ & $0.0841259$ & $0.0355309$ & $-0.0975724$ & $0.0902361$ & $-0.367675$ & $-0.0198913$ & $-0.00980858$ & $0.00528859$ & $-0.0218476$ & $-0.0128845$ & $0.00384935$ & $-0.00227149$ & $-0.0165038$ & $0.00938312$ & $-0.00310748$ & $0.0122181$ & $0.0166981$ & $-0.0161767$ & $-0.0190718$ & $0.0166412$ \\
CHe_11 & $-0.0113027$ & $-0.0462283$ & $-0.00335489$ & $0.0134459$ & $0.00934064$ & $-0.154572$ & $-0.0883424$ & $0.853605$ & $0.842399$ & $-0.472688$ & $-0.994845$ & $-0.00500015$ & $0.103849$ & $0.670336$ & $0.622467$ & $0.613928$ & $0.261207$ & $0.0114885$ & $0.0136945$ & $1$ & $0.984798$ & $0.972979$ & $-0.0613381$ & $-0.179643$ & $0.0612543$ & $-0.654266$ & $0.210817$ & $0.415787$ & $0.0231608$ & $0.0824995$ & $0.0376336$ & $-0.106295$ & $0.0941293$ & $0.255297$ & $-0.032155$ & $-0.00571531$ & $-0.000146698$ & $0.00991387$ & $-0.0191644$ & $0.0115436$ & $0.0115272$ & $-0.00446711$ & $0.0354031$ & $0.0195768$ & $0.013981$ & $-0.0103416$ & $-0.000114661$ & $-0.00597411$ & $0.0148041$ \\
CHe_22 & $-0.00790527$ & $-0.044391$ & $-0.00297107$ & $0.0124453$ & $0.0081886$ & $-0.156771$ & $-0.0878268$ & $0.884174$ & $0.872373$ & $-0.48929$ & $-0.994864$ & $-0.00949992$ & $0.104675$ & $0.630566$ & $0.523988$ & $0.516268$ & $0.22707$ & $0.00827648$ & $0.0110571$ & $0.984798$ & $1$ & $0.985707$ & $-0.0190831$ & $-0.254476$ & $0.0470674$ & $-0.664481$ & $0.328443$ & $0.420919$ & $0.0206473$ & $0.0820071$ & $0.0355392$ & $-0.106104$ & $0.0926652$ & $0.379857$ & $-0.0314375$ & $-0.0116035$ & $0.00536831$ & $0.013579$ & $-0.0211053$ & $0.0109775$ & $0.00478319$ & $-0.00966716$ & $0.0355891$ & $0.0192571$ & $0.0131667$ & $-0.00505881$ & $-0.00331408$ & $-0.00582002$ & $0.0117648$ \\
CHe_33 & $-0.00822641$ & $-0.0422206$ & $-0.0016583$ & $0.0132561$ & $0.00624774$ & $-0.157461$ & $-0.0855746$ & $0.876363$ & $0.865051$ & $-0.484869$ & $-0.982565$ & $-0.00990142$ & $0.102516$ & $0.616146$ & $0.517593$ & $0.525511$ & $0.219367$ & $0.00342891$ & $0.00791798$ & $0.972979$ & $0.985707$ & $1$ & $-0.0185347$ & $-0.256916$ & $0.043071$ & $-0.65562$ & $0.328247$ & $0.415154$ & $0.020261$ & $0.0799847$ & $0.0394574$ & $-0.103145$ & $0.0917826$ & $0.380489$ & $-0.0342365$ & $-0.0104419$ & $0.00749074$ & $0.0112904$ & $-0.0192325$ & $0.00934384$ & $0.00055157$ & $-0.0111125$ & $0.0370394$ & $0.0215626$ & $0.0130032$ & $-0.00466499$ & $0.000244192$ & $-0.00621728$ & $0.0140075$ \\
CHQ1_11 & $0.00158062$ & $0.00265473$ & $0.0153635$ & $0.00713865$ & $0.00268687$ & $-0.0236737$ & $-0.000182727$ & $0.0103853$ & $0.0119749$ & $0.00104918$ & $0.042421$ & $-0.00643799$ & $-0.00389441$ & $-0.094534$ & $-0.185343$ & $-0.193901$ & $-0.0644622$ & $-8.77757e-05$ & $0.00777584$ & $-0.0613381$ & $-0.0190831$ & $-0.0185347$ & $1$ & $-0.105379$ & $0.0583999$ & $-0.580926$ & $0.340213$ & $-0.0165735$ & $0.0172191$ & $-0.00705194$ & $-0.013964$ & $-0.00724967$ & $-0.0217225$ & $0.185159$ & $0.00705989$ & $-0.00268001$ & $0.0155287$ & $0.00919225$ & $-0.0207805$ & $-0.0204$ & $-0.0336887$ & $-0.0196257$ & $-0.00813702$ & $-0.027075$ & $-0.0148331$ & $0.00962553$ & $-0.00737916$ & $0.0202442$ & $-0.0346806$ \\
CHQ1_33 & $-0.0505412$ & $0.00559961$ & $-0.00169474$ & $-0.0117682$ & $-0.0110444$ & $-0.144804$ & $-0.0673649$ & $-0.631678$ & $-0.627094$ & $0.358456$ & $0.213403$ & $0.0757889$ & $0.0730271$ & $0.448738$ & $0.032659$ & $0.0322618$ & $0.755843$ & $0.742546$ & $0.742942$ & $-0.179643$ & $-0.254476$ & $-0.256916$ & $-0.105379$ & $1$ & $0.76047$ & $0.156905$ & $-0.389472$ & $-0.0263746$ & $0.0260049$ & $0.0681752$ & $0.0263036$ & $-0.0661523$ & $0.0799321$ & $-0.60366$ & $0.00443817$ & $0.00368457$ & $-0.0048779$ & $-0.0241607$ & $-0.00476942$ & $0.00213519$ & $0.0224189$ & $-0.00272723$ & $-0.0118885$ & $-0.00875557$ & $0.0199789$ & $-0.00168443$ & $-0.0177282$ & $-0.0104774$ & $0.0301979$ \\
CHQ3_11 & $-0.0890233$ & $0.00250132$ & $-0.00997997$ & $-0.00692181$ & $-0.0144013$ & $-0.240142$ & $-0.0968928$ & $-0.383132$ & $-0.382599$ & $0.226457$ & $-0.056218$ & $0.0596221$ & $0.102332$ & $0.590687$ & $-0.0736053$ & $-0.0652556$ & $0.860395$ & $0.866713$ & $0.864756$ & $0.0612543$ & $0.0470674$ & $0.043071$ & $0.0583999$ & $0.76047$ & $1$ & $-0.0430328$ & $0.122366$ & $0.0221885$ & $0.0217806$ & $0.0848961$ & $0.0335876$ & $-0.108241$ & $0.0922013$ & $-0.241196$ & $-0.0100136$ & $-0.00107139$ & $0.0177043$ & $-0.0151831$ & $-0.0253358$ & $-0.00191318$ & $0.00239984$ & $-0.01989$ & $0.00614309$ & $-0.00416617$ & $0.0182304$ & $0.0146676$ & $-0.0293555$ & $-0.0171989$ & $0.0207952$ \\
CHu_11 & $-0.0331799$ & $0.0446748$ & $-0.00754071$ & $-0.0157958$ & $-0.0081514$ & $0.119168$ & $0.0618207$ & $-0.580445$ & $-0.573089$ & $0.320231$ & $0.661975$ & $0.00229351$ & $-0.0737784$ & $-0.434261$ & $-0.344501$ & $-0.332026$ & $-0.164167$ & $-0.0221136$ & $-0.0294318$ & $-0.654266$ & $-0.664481$ & $-0.65562$ & $-0.580926$ & $0.156905$ & $-0.0430328$ & $1$ & $-0.19204$ & $-0.274437$ & $-0.0287598$ & $-0.0613937$ & $-0.0185875$ & $0.077623$ & $-0.0583535$ & $-0.246309$ & $0.00908058$ & $0.00683301$ & $-0.0189749$ & $-0.00960427$ & $0.0242433$ & $0.0116784$ & $0.0111643$ & $0.00953158$ & $-0.016595$ & $0.00421705$ & $-0.00297266$ & $0.0144866$ & $0.00173321$ & $-0.00920353$ & $0.0174227$ \\
CHd_11 & $-0.0296721$ & $0.0216185$ & $0.00924664$ & $0.00429628$ & $-0.0131106$ & $-0.0612407$ & $-0.0261635$ & $0.395062$ & $0.389691$ & $-0.218251$ & $-0.264971$ & $-0.0168828$ & $0.0271914$ & $-0.0677517$ & $-0.296174$ & $-0.291779$ & $-0.138745$ & $-0.0539047$ & $-0.0516102$ & $0.210817$ & $0.328443$ & $0.328247$ & $0.340213$ & $-0.389472$ & $0.122366$ & $-0.19204$ & $1$ & $0.128764$ & $0.000483782$ & $0.00644216$ & $-0.00320489$ & $-0.0351951$ & $0.0044004$ & $0.677796$ & $-0.0104895$ & $-0.0117114$ & $0.0305359$ & $0.0367981$ & $-0.0224852$ & $0.00149194$ & $-0.0362142$ & $-0.0313094$ & $0.010153$ & $0.0124489$ & $0.0018065$ & $0.0436221$ & $-0.0146686$ & $-0.00300769$ & $-0.0155488$ \\
CHd_33 & $0.00807578$ & $-0.00950564$ & $0.00755348$ & $-0.000135315$ & $0.0091342$ & $-0.0517285$ & $-0.0160802$ & $0.372555$ & $0.368359$ & $-0.190764$ & $-0.419448$ & $-0.0190581$ & $0.0241758$ & $0.264598$ & $0.213358$ & $0.235161$ & $0.0971011$ & $0.00939709$ & $-0.00525129$ & $0.415787$ & $0.420919$ & $0.415154$ & $-0.0165735$ & $-0.0263746$ & $0.0221885$ & $-0.274437$ & $0.128764$ & $1$ & $0.0116205$ & $0.0290044$ & $0.00962389$ & $-0.0212427$ & $0.0267797$ & $0.169455$ & $-0.0365874$ & $0.00419476$ & $0.0120012$ & $0.0177241$ & $-0.00230188$ & $0.0146616$ & $0.00106924$ & $0.00315273$ & $0.00924893$ & $-0.014248$ & $0.0226595$ & $0.0244266$ & $-0.014299$ & $0.00932295$ & $-0.00906704$ \\
CeH_22r & $-0.00878731$ & $-0.0100122$ & $0.0103066$ & $0.0172983$ & $0.0182292$ & $-0.0114169$ & $-0.103899$ & $0.00947988$ & $0.0161417$ & $-0.0561033$ & $-0.022802$ & $0.161853$ & $0.169448$ & $0.0322452$ & $0.0209919$ & $0.0292398$ & $0.0229574$ & $0.016413$ & $0.0109427$ & $0.0231608$ & $0.0206473$ & $0.020261$ & $0.0172191$ & $0.0260049$ & $0.0217806$ & $-0.0287598$ & $0.000483782$ & $0.0116205$ & $1$ & $0.150238$ & $0.0778839$ & $-0.104249$ & $0.143188$ & $-0.0103041$ & $-0.0188188$ & $-0.0433621$ & $-0.0212032$ & $0.00766589$ & $0.00695697$ & $0.027251$ & $-0.025378$ & $-0.00734151$ & $0.00526664$ & $-0.00221154$ & $-0.00221762$ & $0.0284994$ & $0.00571414$ & $0.00383664$ & $0.000484281$ \\
CeH_33r & $0.0223614$ & $-0.00741264$ & $-0.00107053$ & $-0.0267413$ & $-0.00649354$ & $-0.0454056$ & $-0.5462$ & $0.0282054$ & $0.0430356$ & $-0.20032$ & $-0.0830263$ & $0.68279$ & $0.702184$ & $0.105418$ & $0.0320613$ & $0.0438096$ & $0.11212$ & $0.0923931$ & $0.0841259$ & $0.0824995$ & $0.0820071$ & $0.0799847$ & $-0.00705194$ & $0.0681752$ & $0.0848961$ & $-0.0613937$ & $0.00644216$ & $0.0290044$ & $0.150238$ & $1$ & $0.491643$ & $-0.407578$ & $0.81452$ & $0.00885257$ & $0.073043$ & $-0.0150483$ & $-0.0768008$ & $-0.00325702$ & $-0.0228053$ & $0.0285353$ & $0.0525352$ & $-0.00679428$ & $-0.00337247$ & $0.040418$ & $0.0686398$ & $0.00145745$ & $0.0298941$ & $0.00958079$ & $0.0420695$ \\
CuH_22r & $0.0285021$ & $-0.000812985$ & $0.00560118$ & $-0.00535433$ & $-0.0130007$ & $-0.018482$ & $-0.338929$ & $0.0135049$ & $0.0250117$ & $-0.122355$ & $-0.037128$ & $0.414629$ & $0.428001$ & $0.0496817$ & $0.0302586$ & $0.0256097$ & $0.0436755$ & $0.0305226$ & $0.0355309$ & $0.0376336$ & $0.0355392$ & $0.0394574$ & $-0.013964$ & $0.0263036$ & $0.0335876$ & $-0.0185875$ & $-0.00320489$ & $0.00962389$ & $0.0778839$ & $0.491643$ & $1$ & $-0.235167$ & $0.545034$ & $-0.0121986$ & $0.0645935$ & $0.0453189$ & $-0.0495643$ & $0.00636666$ & $0.00174947$ & $0.0116697$ & $0.0539778$ & $0.00532366$ & $0.0397075$ & $0.0431842$ & $0.0111108$ & $0.0350837$ & $0.324492$ & $0.0413784$ & $0.0625942$ \\
CuH_33r & $-0.000637146$ & $0.0307622$ & $0.0483908$ & $0.0193272$ & $0.0206977$ & $0.0472247$ & $0.953562$ & $-0.0456524$ & $-0.0194094$ & $0.172778$ & $0.10743$ & $-0.609122$ & $-0.654384$ & $-0.1319$ & $-0.032955$ & $-0.0504905$ & $-0.12228$ & $-0.108946$ & $-0.0975724$ & $-0.106295$ & $-0.106104$ & $-0.103145$ & $-0.00724967$ & $-0.0661523$ & $-0.108241$ & $0.077623$ & $-0.0351951$ & $-0.0212427$ & $-0.104249$ & $-0.407578$ & $-0.235167$ & $1$ & $-0.402476$ & $-0.0216287$ & $-0.100611$ & $0.0144356$ & $-0.0470249$ & $-0.0146452$ & $0.0216852$ & $0.00436951$ & $-0.00296737$ & $-0.0289603$ & $-0.0246646$ & $-0.0258842$ & $-0.0322301$ & $-0.0376591$ & $-0.00681523$ & $-0.00753753$ & $-0.0194433$ \\
CdH_33r & $-0.0252331$ & $0.0167406$ & $-0.00598147$ & $-0.0230048$ & $-0.00367317$ & $-0.0409463$ & $-0.564156$ & $0.0342411$ & $0.0499092$ & $-0.215639$ & $-0.0938446$ & $0.699188$ & $0.718524$ & $0.122208$ & $0.044319$ & $0.0533008$ & $0.117765$ & $0.0960243$ & $0.0902361$ & $0.0941293$ & $0.0926652$ & $0.0917826$ & $-0.0217225$ & $0.0799321$ & $0.0922013$ & $-0.0583535$ & $0.0044004$ & $0.0267797$ & $0.143188$ & $0.81452$ & $0.545034$ & $-0.402476$ & $1$ & $0.00321913$ & $0.0914545$ & $0.02849$ & $-0.108719$ & $-0.00266242$ & $-0.0309108$ & $0.00760562$ & $0.0800275$ & $-0.00488162$ & $0.0136526$ & $0.0330363$ & $0.0271441$ & $0.00110158$ & $0.0656183$ & $0.100312$ & $0.354009$ \\
CLL_1221 & $0.00617899$ & $0.0274374$ & $0.0188749$ & $-0.0098434$ & $-0.0142817$ & $-0.0908279$ & $-0.0164117$ & $0.517884$ & $0.512132$ & $-0.291645$ & $-0.31223$ & $-0.01465$ & $0.0281841$ & $-0.186972$ & $-0.47538$ & $-0.0264777$ & $-0.245392$ & $-0.062707$ & $-0.367675$ & $0.255297$ & $0.379857$ & $0.380489$ & $0.185159$ & $-0.60366$ & $-0.241196$ & $-0.246309$ & $0.677796$ & $0.169455$ & $-0.0103041$ & $0.00885257$ & $-0.0121986$ & $-0.0216287$ & $0.00321913$ & $1$ & $-0.00576024$ & $-0.0292526$ & $0.0350292$ & $0.0174563$ & $-0.0137074$ & $-0.00733881$ & $-0.0143301$ & $-0.0268026$ & $0.0190037$ & $0.0343729$ & $-0.00546368$ & $0.0211465$ & $-0.0233787$ & $0.00797026$ & $-0.0155721$ \\
eHggint & $-0.0444703$ & $-0.0498039$ & $-0.0647466$ & $0.0501984$ & $0.00104191$ & $0.00313039$ & $-0.164381$ & $-0.02105$ & $-0.0326333$ & $0.0422631$ & $0.030745$ & $0.192399$ & $0.17315$ & $-0.0237934$ & $-0.0222863$ & $-0.00607502$ & $-0.0208441$ & $-0.00697248$ & $-0.0198913$ & $-0.032155$ & $-0.0314375$ & $-0.0342365$ & $0.00705989$ & $0.00443817$ & $-0.0100136$ & $0.00908058$ & $-0.0104895$ & $-0.0365874$ & $-0.0188188$ & $0.073043$ & $0.0645935$ & $-0.100611$ & $0.0914545$ & $-0.00576024$ & $1$ & $-0.0708741$ & $0.0138106$ & $-0.00412136$ & $0.0520876$ & $0.030688$ & $0.0896313$ & $-0.025803$ & $0.0329721$ & $0.0184331$ & $0.0511548$ & $-0.119963$ & $0.071077$ & $0.01542$ & $0.0388173$ \\
eHggpar & $-0.014274$ & $-0.0168693$ & $0.0422136$ & $-0.0202359$ & $0.00959714$ & $0.042948$ & $-0.0119075$ & $-0.00609177$ & $-0.0154491$ & $0.021432$ & $0.0084484$ & $0.0336217$ & $0.021823$ & $-0.00474083$ & $0.0225689$ & $0.0120723$ & $-0.00903701$ & $-0.0163321$ & $-0.00980858$ & $-0.00571531$ & $-0.0116035$ & $-0.0104419$ & $-0.00268001$ & $0.00368457$ & $-0.00107139$ & $0.00683301$ & $-0.0117114$ & $0.00419476$ & $-0.0433621$ & $-0.0150483$ & $0.0453189$ & $0.0144356$ & $0.02849$ & $-0.0292526$ & $-0.0708741$ & $1$ & $0.0474883$ & $0.00545736$ & $0.0518072$ & $0.0247338$ & $0.023908$ & $0.0173009$ & $-0.0636646$ & $-0.0257685$ & $0.0226131$ & $-0.0131572$ & $0.141823$ & $0.0903514$ & $0.0867568$ \\
eHWWint & $0.0643363$ & $-0.093605$ & $0.0457283$ & $0.0467339$ & $0.0212426$ & $-0.00908847$ & $-0.0290557$ & $0.00344922$ & $-0.0104877$ & $-0.0277959$ & $-0.00534966$ & $0.0281924$ & $0.0387303$ & $-0.00157995$ & $-0.0310079$ & $-0.00379255$ & $0.0177517$ & $0.0238093$ & $0.00528859$ & $-0.000146698$ & $0.00536831$ & $0.00749074$ & $0.0155287$ & $-0.0048779$ & $0.0177043$ & $-0.0189749$ & $0.0305359$ & $0.0120012$ & $-0.0212032$ & $-0.0768008$ & $-0.0495643$ & $-0.0470249$ & $-0.108719$ & $0.0350292$ & $0.0138106$ & $0.0474883$ & $1$ & $0.0338566$ & $-0.0296445$ & $0.0187598$ & $-0.03358$ & $-0.0208731$ & $-0.120226$ & $-0.020544$ & $-0.0353296$ & $0.0182415$ & $-0.0343967$ & $0.0729318$ & $-0.0671896$ \\
eHWWpar & $0.0112566$ & $0.0431003$ & $-0.0372286$ & $0.0294061$ & $-0.00210701$ & $0.000231519$ & $-0.008919$ & $0.0244981$ & $0.0259103$ & $-0.0388107$ & $-0.0112743$ & $0.0176762$ & $0.026793$ & $-0.00943461$ & $0.00817511$ & $-0.00620479$ & $-0.0243887$ & $-0.0300071$ & $-0.0218476$ & $0.00991387$ & $0.013579$ & $0.0112904$ & $0.00919225$ & $-0.0241607$ & $-0.0151831$ & $-0.00960427$ & $0.0367981$ & $0.0177241$ & $0.00766589$ & $-0.00325702$ & $0.00636666$ & $-0.0146452$ & $-0.00266242$ & $0.0174563$ & $-0.00412136$ & $0.00545736$ & $0.0338566$ & $1$ & $-0.0124133$ & $-0.0021777$ & $-0.0265982$ & $0.00627975$ & $0.00304395$ & $-0.0132368$ & $-0.0181058$ & $-0.0463637$ & $-0.0112151$ & $-0.0210667$ & $-0.0108596$ \\
eHZZint & $0.0843125$ & $0.012319$ & $-0.0358371$ & $0.0032297$ & $-0.0163587$ & $0.0257364$ & $0.0033825$ & $-0.0129572$ & $-0.00866746$ & $0.00626432$ & $0.0176575$ & $0.00709373$ & $0.00351776$ & $-0.0160552$ & $4.49325e-05$ & $0.00107043$ & $-0.0150904$ & $-0.013201$ & $-0.0128845$ & $-0.0191644$ & $-0.0211053$ & $-0.0192325$ & $-0.0207805$ & $-0.00476942$ & $-0.0253358$ & $0.0242433$ & $-0.0224852$ & $-0.00230188$ & $0.00695697$ & $-0.0228053$ & $0.00174947$ & $0.0216852$ & $-0.0309108$ & $-0.0137074$ & $0.0520876$ & $0.0518072$ & $-0.0296445$ & $-0.0124133$ & $1$ & $0.0126732$ & $-0.0199508$ & $-0.0146694$ & $0.0961857$ & $0.0114431$ & $0.0438326$ & $0.0251817$ & $-0.00594096$ & $-0.0661051$ & $-0.0437732$ \\
eHZZpar & $0.0341148$ & $-0.0159416$ & $0.0224942$ & $0.0143777$ & $-0.0100104$ & $-0.00804735$ & $-0.00160692$ & $0.00968461$ & $0.00908439$ & $-0.00411698$ & $-0.0127805$ & $0.0132659$ & $0.0154443$ & $0.00542251$ & $0.019307$ & $0.0048524$ & $0.00859852$ & $-0.00623175$ & $0.00384935$ & $0.0115436$ & $0.0109775$ & $0.00934384$ & $-0.0204$ & $0.00213519$ & $-0.00191318$ & $0.0116784$ & $0.00149194$ & $0.0146616$ & $0.027251$ & $0.0285353$ & $0.0116697$ & $0.00436951$ & $0.00760562$ & $-0.00733881$ & $0.030688$ & $0.0247338$ & $0.0187598$ & $-0.0021777$ & $0.0126732$ & $1$ & $0.00112508$ & $-0.0072238$ & $-0.0291492$ & $0.0039524$ & $0.00874737$ & $0.0420619$ & $0.000314073$ & $-0.0143547$ & $-0.0348367$ \\
eHZgaint & $-0.0183892$ & $-0.000822501$ & $0.0357234$ & $-0.0499648$ & $-0.0174542$ & $0.021588$ & $-0.022611$ & $-0.00307409$ & $0.00317002$ & $-0.0427758$ & $-0.00703561$ & $0.056493$ & $0.0629531$ & $0.0168278$ & $0.0103235$ & $0.0339909$ & $0.0127421$ & $0.016144$ & $-0.00227149$ & $0.0115272$ & $0.00478319$ & $0.00055157$ & $-0.0336887$ & $0.0224189$ & $0.00239984$ & $0.0111643$ & $-0.0362142$ & $0.00106924$ & $-0.025378$ & $0.0525352$ & $0.0539778$ & $-0.00296737$ & $0.0800275$ & $-0.0143301$ & $0.0896313$ & $0.023908$ & $-0.03358$ & $-0.0265982$ & $-0.0199508$ & $0.00112508$ & $1$ & $0.0170135$ & $0.0717501$ & $0.0257562$ & $0.0124111$ & $-0.120631$ & $0.0126334$ & $-3.21449e-05$ & $0.067548$ \\
eHZgapar & $0.0104156$ & $-0.0485582$ & $-0.00249621$ & $-0.00108484$ & $0.0104222$ & $0.0109386$ & $-0.0170184$ & $-0.00173218$ & $-0.00411213$ & $0.000299854$ & $0.00639951$ & $-0.00356495$ & $-0.000779257$ & $-0.00374748$ & $0.0199199$ & $0.0133558$ & $-0.0156637$ & $-0.0190778$ & $-0.0165038$ & $-0.00446711$ & $-0.00966716$ & $-0.0111125$ & $-0.0196257$ & $-0.00272723$ & $-0.01989$ & $0.00953158$ & $-0.0313094$ & $0.00315273$ & $-0.00734151$ & $-0.00679428$ & $0.00532366$ & $-0.0289603$ & $-0.00488162$ & $-0.0268026$ & $-0.025803$ & $0.0173009$ & $-0.0208731$ & $0.00627975$ & $-0.0146694$ & $-0.0072238$ & $0.0170135$ & $1$ & $-0.0132636$ & $0.0128827$ & $-0.0128289$ & $0.0238902$ & $0.00336404$ & $-0.0143059$ & $0.000584162$ \\
eHgagaint & $-0.0251178$ & $-0.0867616$ & $-0.0259394$ & $-0.0200533$ & $-0.00428848$ & $-0.0133557$ & $-0.0215914$ & $0.0315012$ & $0.0830569$ & $-0.0158682$ & $-0.0358566$ & $0.0131022$ & $0.0134268$ & $0.0328049$ & $0.00176329$ & $0.00946617$ & $0.00475409$ & $0.0144144$ & $0.00938312$ & $0.0354031$ & $0.0355891$ & $0.0370394$ & $-0.00813702$ & $-0.0118885$ & $0.00614309$ & $-0.016595$ & $0.010153$ & $0.00924893$ & $0.00526664$ & $-0.00337247$ & $0.0397075$ & $-0.0246646$ & $0.0136526$ & $0.0190037$ & $0.0329721$ & $-0.0636646$ & $-0.120226$ & $0.00304395$ & $0.0961857$ & $-0.0291492$ & $0.0717501$ & $-0.0132636$ & $1$ & $0.0382305$ & $-0.0128997$ & $-0.0572738$ & $0.0990095$ & $0.0367017$ & $-0.00669242$ \\
eHmumuint & $0.0338846$ & $0.0121388$ & $0.0349111$ & $0.00818355$ & $-0.0140917$ & $-0.0544188$ & $-0.0289507$ & $0.0184438$ & $0.0213633$ & $-0.027098$ & $-0.0199585$ & $0.0547048$ & $0.0564377$ & $-0.0052811$ & $-0.0035289$ & $0.00944878$ & $0.0158702$ & $0.00732475$ & $-0.00310748$ & $0.0195768$ & $0.0192571$ & $0.0215626$ & $-0.027075$ & $-0.00875557$ & $-0.00416617$ & $0.00421705$ & $0.0124489$ & $-0.014248$ & $-0.00221154$ & $0.040418$ & $0.0431842$ & $-0.0258842$ & $0.0330363$ & $0.0343729$ & $0.0184331$ & $-0.0257685$ & $-0.020544$ & $-0.0132368$ & $0.0114431$ & $0.0039524$ & $0.0257562$ & $0.0128827$ & $0.0382305$ & $1$ & $-0.027773$ & $-0.0222271$ & $0.0888332$ & $-0.0321313$ & $0.0183409$ \\
eHtautauint & $-0.0460294$ & $-0.029758$ & $0.0242063$ & $0.0009835$ & $-0.00550863$ & $0.0252598$ & $-0.0360928$ & $0.00629737$ & $0.00204774$ & $-0.000422698$ & $-0.0141525$ & $0.00735357$ & $0.0130455$ & $0.0219959$ & $0.0103887$ & $0.01021$ & $0.0147539$ & $0.0117467$ & $0.0122181$ & $0.013981$ & $0.0131667$ & $0.0130032$ & $-0.0148331$ & $0.0199789$ & $0.0182304$ & $-0.00297266$ & $0.0018065$ & $0.0226595$ & $-0.00221762$ & $0.0686398$ & $0.0111108$ & $-0.0322301$ & $0.0271441$ & $-0.00546368$ & $0.0511548$ & $0.0226131$ & $-0.0353296$ & $-0.0181058$ & $0.0438326$ & $0.00874737$ & $0.0124111$ & $-0.0128289$ & $-0.0128997$ & $-0.027773$ & $1$ & $0.0289498$ & $-0.0388117$ & $0.0441584$ & $0.0226317$ \\
eHccint & $0.0705885$ & $-0.0618785$ & $-0.0142597$ & $-0.0758524$ & $-0.011414$ & $-0.0357669$ & $-0.0263404$ & $-0.00480325$ & $-0.0108471$ & $-0.00913992$ & $0.00710009$ & $0.00140889$ & $0.0142959$ & $-0.00539101$ & $-0.0297238$ & $-0.0315637$ & $0.00239341$ & $0.0132617$ & $0.0166981$ & $-0.0103416$ & $-0.00505881$ & $-0.00466499$ & $0.00962553$ & $-0.00168443$ & $0.0146676$ & $0.0144866$ & $0.0436221$ & $0.0244266$ & $0.0284994$ & $0.00145745$ & $0.0350837$ & $-0.0376591$ & $0.00110158$ & $0.0211465$ & $-0.119963$ & $-0.0131572$ & $0.0182415$ & $-0.0463637$ & $0.0251817$ & $0.0420619$ & $-0.120631$ & $0.0238902$ & $-0.0572738$ & $-0.0222271$ & $0.0289498$ & $1$ & $-0.0776383$ & $0.0944609$ & $-0.0294001$ \\
eHccpar & $0.0579052$ & $-0.0478773$ & $-0.0202835$ & $0.0562796$ & $0.0144039$ & $0.0173372$ & $-0.0286869$ & $0.00859052$ & $0.0114771$ & $-0.00368996$ & $0.000497623$ & $0.075473$ & $0.0608136$ & $-0.00840285$ & $0.0240542$ & $0.00300016$ & $-0.0250285$ & $-0.0317873$ & $-0.0161767$ & $-0.000114661$ & $-0.00331408$ & $0.000244192$ & $-0.00737916$ & $-0.0177282$ & $-0.0293555$ & $0.00173321$ & $-0.0146686$ & $-0.014299$ & $0.00571414$ & $0.0298941$ & $0.324492$ & $-0.00681523$ & $0.0656183$ & $-0.0233787$ & $0.071077$ & $0.141823$ & $-0.0343967$ & $-0.0112151$ & $-0.00594096$ & $0.000314073$ & $0.0126334$ & $0.00336404$ & $0.0990095$ & $0.0888332$ & $-0.0388117$ & $-0.0776383$ & $1$ & $0.111106$ & $0.0615281$ \\
eHbbint & $-0.0161768$ & $-0.00389603$ & $0.0139611$ & $-0.0418712$ & $0.0292217$ & $-0.00606332$ & $-0.0144228$ & $0.00261509$ & $0.00261364$ & $-0.00682694$ & $0.00707781$ & $0.00039603$ & $0.00177537$ & $-0.013905$ & $-0.00558431$ & $0.000924982$ & $-0.0160385$ & $-0.0128691$ & $-0.0190718$ & $-0.00597411$ & $-0.00582002$ & $-0.00621728$ & $0.0202442$ & $-0.0104774$ & $-0.0171989$ & $-0.00920353$ & $-0.00300769$ & $0.00932295$ & $0.00383664$ & $0.00958079$ & $0.0413784$ & $-0.00753753$ & $0.100312$ & $0.00797026$ & $0.01542$ & $0.0903514$ & $0.0729318$ & $-0.0210667$ & $-0.0661051$ & $-0.0143547$ & $-3.21449e-05$ & $-0.0143059$ & $0.0367017$ & $-0.0321313$ & $0.0441584$ & $0.0944609$ & $0.111106$ & $1$ & $-0.0176016$ \\
eHbbpar & $-0.1219$ & $0.00217784$ & $-0.0164946$ & $0.00341189$ & $0.0185288$ & $0.00339224$ & $-0.0398989$ & $0.00095374$ & $0.000229313$ & $-0.0225438$ & $-0.0131087$ & $0.0411161$ & $0.0530077$ & $0.0254445$ & $0.0196357$ & $0.0149161$ & $0.0228657$ & $0.0145528$ & $0.0166412$ & $0.0148041$ & $0.0117648$ & $0.0140075$ & $-0.0346806$ & $0.0301979$ & $0.0207952$ & $0.0174227$ & $-0.0155488$ & $-0.00906704$ & $0.000484281$ & $0.0420695$ & $0.0625942$ & $-0.0194433$ & $0.354009$ & $-0.0155721$ & $0.0388173$ & $0.0867568$ & $-0.0671896$ & $-0.0108596$ & $-0.0437732$ & $-0.0348367$ & $0.067548$ & $0.000584162$ & $-0.00669242$ & $0.0183409$ & $0.0226317$ & $-0.0294001$ & $0.0615281$ & $-0.0176016$ & $1$ \\
