 & AlsMz & dAle5Mz & mtop & mHl & Mz & CW & CHG & CHWB & CHWHB_gaga & CHWHB_gagaorth & CHD & CHbox & CH & CHL1_11 & CHL1_22 & CHL1_33 & CHL3_11 & CHL3_22 & CHL3_33 & CHe_11 & CHe_22 & CHe_33 & CHQ1_11 & CHQ1_33 & CHQ3_11 & CHu_11 & CHd_11 & CHd_33 & CeH_22r & CeH_33r & CuH_22r & CuH_33r & CdH_33r & CLL_1221 & eHggint & eHggpar & eHWWint & eHWWpar & eHZZint & eHZZpar & eHZgaint & eHZgapar & eHgagaint & eHmumuint & eHtautauint & eHccint & eHccpar & eHbbint & eHbbpar \\
AlsMz & $1$ & $-0.0430979$ & $0.122564$ & $-0.170538$ & $0.00503578$ & $0.00668556$ & $0.00309136$ & $-0.0083445$ & $-0.00879684$ & $-0.00455631$ & $0.0151899$ & $0.0133004$ & $0.00829972$ & $-0.0250898$ & $-0.0286509$ & $-0.0228341$ & $-0.019438$ & $-0.00450178$ & $-0.00610055$ & $-0.0273294$ & $-0.0190586$ & $-0.0229077$ & $0.0247206$ & $-0.0623511$ & $-0.0921795$ & $-0.0276202$ & $0.00235227$ & $0.0263797$ & $-0.0323554$ & $0.0300291$ & $0.0447972$ & $0.00956371$ & $0.117741$ & $0.0152049$ & $-0.102718$ & $0.155577$ & $0.0809306$ & $0.0288978$ & $0.086783$ & $0.0626298$ & $0.168832$ & $0.00748277$ & $-0.0323968$ & $-0.148567$ & $0.1398$ & $-0.0369689$ & $0.0342975$ & $-0.16392$ & $0.266906$ \\
dAle5Mz & $-0.0430979$ & $1$ & $0.128613$ & $-0.154281$ & $-0.0247592$ & $-0.0155999$ & $0.0427945$ & $-0.00331011$ & $-0.00584594$ & $0.0369474$ & $-0.00663059$ & $0.0541842$ & $0.0188447$ & $-0.00207635$ & $0.00393514$ & $-0.00860202$ & $0.0153424$ & $-0.00346279$ & $0.00176592$ & $0.0233491$ & $0.0285204$ & $0.0289182$ & $-0.0199359$ & $-0.0240788$ & $0.00145316$ & $0.00374175$ & $0.0212396$ & $-0.0433308$ & $0.0590841$ & $0.0228472$ & $0.0135283$ & $0.0733561$ & $-0.0575178$ & $0.050056$ & $0.0722931$ & $0.0815845$ & $-0.183556$ & $-0.0138606$ & $0.0490967$ & $0.045359$ & $0.0821622$ & $0.00769175$ & $-0.144841$ & $0.0846187$ & $-0.0578523$ & $0.0488204$ & $0.076712$ & $-0.0040407$ & $-0.275911$ \\
mtop & $0.122564$ & $0.128613$ & $1$ & $-0.203325$ & $-0.0139841$ & $0.00932665$ & $-0.00300363$ & $0.0117668$ & $0.0122581$ & $0.0121494$ & $-0.0307505$ & $0.0050532$ & $0.00291343$ & $0.0524482$ & $0.0341908$ & $0.0433626$ & $0.0394266$ & $0.020983$ & $0.0105197$ & $0.0397589$ & $0.0344432$ & $0.0250694$ & $-0.00488887$ & $0.0182402$ & $0.0213729$ & $-0.020838$ & $-0.00612029$ & $-0.0205394$ & $0.0248808$ & $0.0314075$ & $0.0318918$ & $-0.00582335$ & $-0.0634108$ & $-0.0113121$ & $-0.0599166$ & $0.00883281$ & $0.138741$ & $-0.0346266$ & $0.0794163$ & $0.0863246$ & $-0.00927752$ & $0.00929172$ & $0.0131806$ & $0.0529755$ & $0.160834$ & $-0.171035$ & $0.10575$ & $-0.166878$ & $-0.108949$ \\
mHl & $-0.170538$ & $-0.154281$ & $-0.203325$ & $1$ & $-0.00182341$ & $0.0339045$ & $0.000687712$ & $-0.0088374$ & $-0.00574471$ & $-0.0272722$ & $-0.0148328$ & $-0.0348353$ & $-0.0156641$ & $0.0346542$ & $0.00228016$ & $0.0362882$ & $0.0482843$ & $0.0493021$ & $0.0202733$ & $0.0193075$ & $0.0094526$ & $0.00758054$ & $0.00175314$ & $0.0503374$ & $0.0556306$ & $-0.0151738$ & $-0.0157151$ & $-0.00533059$ & $0.0266528$ & $-0.012414$ & $-0.0228488$ & $-0.00588709$ & $-0.0245443$ & $-0.0135622$ & $0.013909$ & $0.0240535$ & $0.0624599$ & $-0.0162179$ & $-0.0316677$ & $-0.0625391$ & $-0.0274202$ & $-0.0390249$ & $0.0264698$ & $0.146968$ & $-0.00114685$ & $-0.0328138$ & $-0.040024$ & $0.107417$ & $-0.0596375$ \\
Mz & $0.00503578$ & $-0.0247592$ & $-0.0139841$ & $-0.00182341$ & $1$ & $-0.0341817$ & $-0.0100651$ & $-0.000570299$ & $-0.00196944$ & $0.0216819$ & $-0.00264524$ & $0.0174865$ & $-0.00563554$ & $0.0305565$ & $0.0382245$ & $0.0154895$ & $0.0163563$ & $-0.00485297$ & $0.0152784$ & $0.0123687$ & $0.00850733$ & $0.0112823$ & $-0.0333036$ & $0.006159$ & $0.00676988$ & $0.0251735$ & $-0.0233109$ & $-0.0183612$ & $0.0089748$ & $0.00339573$ & $-0.00574452$ & $-0.00944968$ & $-0.0176197$ & $-0.0372259$ & $-0.00278608$ & $0.00682017$ & $0.019348$ & $0.0435305$ & $0.0144262$ & $0.00474358$ & $0.0693088$ & $-0.0164993$ & $0.0378639$ & $0.00229697$ & $-0.00683831$ & $0.0298108$ & $-0.0144469$ & $-0.000718034$ & $-0.0387962$ \\
CW & $0.00668556$ & $-0.0155999$ & $0.00932665$ & $0.0339045$ & $-0.0341817$ & $1$ & $0.00616231$ & $-0.111586$ & $-0.112687$ & $0.0150821$ & $0.167739$ & $0.0557853$ & $-0.00279611$ & $0.0113024$ & $-0.0541607$ & $-0.0729273$ & $-0.254706$ & $-0.0656711$ & $-0.0511169$ & $-0.162219$ & $-0.172748$ & $-0.166836$ & $8.57543e-05$ & $-0.00470462$ & $-0.0962159$ & $0.0896723$ & $-0.0823397$ & $-0.0324524$ & $0.0262822$ & $-0.0369587$ & $-0.0299702$ & $0.000961117$ & $-0.0438676$ & $-0.124219$ & $-0.0310568$ & $0.0300697$ & $0.00758882$ & $-0.0128136$ & $-0.0269084$ & $-0.0151026$ & $-0.0109826$ & $-0.00735272$ & $0.0078089$ & $0.0142158$ & $0.00273077$ & $-0.0267192$ & $0.00533536$ & $-0.00199641$ & $-0.0204194$ \\
CHG & $0.00309136$ & $0.0427945$ & $-0.00300363$ & $0.000687712$ & $-0.0100651$ & $0.00616231$ & $1$ & $-0.0619525$ & $-0.0085035$ & $0.0243641$ & $0.0397164$ & $0.0143807$ & $-0.236479$ & $0.00953301$ & $-0.00351877$ & $-0.00488009$ & $0.0483702$ & $0.0416934$ & $0.0415089$ & $-0.0356411$ & $-0.0421771$ & $-0.0377605$ & $-0.00340214$ & $0.0764646$ & $0.0446522$ & $0.0193725$ & $-0.0252078$ & $0.011318$ & $-0.00424746$ & $-0.114997$ & $-0.0497066$ & $0.935786$ & $-0.145678$ & $-0.0396136$ & $-0.0178653$ & $0.0587338$ & $0.00957041$ & $0.00330114$ & $-0.0125524$ & $-0.0108767$ & $0.000732026$ & $0.013023$ & $0.0067119$ & $0.0221769$ & $-0.0161019$ & $-0.0576376$ & $0.000593651$ & $-0.0601402$ & $-0.0334607$ \\
CHWB & $-0.0083445$ & $-0.00331011$ & $0.0117668$ & $-0.0088374$ & $-0.000570299$ & $-0.111586$ & $-0.0619525$ & $1$ & $0.982405$ & $-0.548939$ & $-0.882077$ & $-0.304219$ & $0.283692$ & $0.135468$ & $0.283804$ & $0.291483$ & $-0.210985$ & $-0.396972$ & $-0.412427$ & $0.852758$ & $0.899386$ & $0.882903$ & $0.0763836$ & $-0.661618$ & $-0.380529$ & $-0.507578$ & $0.405348$ & $0.278908$ & $-0.000154068$ & $0.0676487$ & $0.0169209$ & $-0.0580885$ & $0.0909017$ & $0.556147$ & $-0.00215613$ & $-0.00650493$ & $-0.0124881$ & $-0.0230402$ & $0.00663115$ & $0.0110105$ & $0.0470789$ & $-0.00208408$ & $-0.0336397$ & $-0.00937266$ & $0.0109837$ & $-0.0475854$ & $-0.0387663$ & $0.0103306$ & $-0.0097954$ \\
CHWHB_gaga & $-0.00879684$ & $-0.00584594$ & $0.0122581$ & $-0.00574471$ & $-0.00196944$ & $-0.112687$ & $-0.0085035$ & $0.982405$ & $1$ & $-0.542355$ & $-0.863718$ & $-0.282481$ & $0.280529$ & $0.124535$ & $0.279537$ & $0.290301$ & $-0.211845$ & $-0.395816$ & $-0.413464$ & $0.835193$ & $0.880425$ & $0.864312$ & $0.0758873$ & $-0.650017$ & $-0.378829$ & $-0.498341$ & $0.3981$ & $0.277037$ & $0.00527048$ & $0.0909095$ & $0.0221646$ & $-0.012784$ & $0.114673$ & $0.5466$ & $-0.0204482$ & $-0.00926667$ & $-0.0247801$ & $-0.0232745$ & $0.0112249$ & $0.0113798$ & $0.0608515$ & $0.00366569$ & $0.0332985$ & $-0.000544287$ & $0.00212587$ & $-0.056347$ & $-0.04377$ & $0.0211348$ & $-0.0219925$ \\
CHWHB_gagaorth & $-0.00455631$ & $0.0369474$ & $0.0121494$ & $-0.0272722$ & $0.0216819$ & $0.0150821$ & $0.0243641$ & $-0.548939$ & $-0.542355$ & $1$ & $0.336461$ & $0.651478$ & $-0.168464$ & $0.220177$ & $-0.105543$ & $-0.0891361$ & $0.416981$ & $0.463188$ & $0.45721$ & $-0.320799$ & $-0.354081$ & $-0.34982$ & $-0.0571675$ & $0.541836$ & $0.460991$ & $0.199198$ & $-0.225522$ & $-0.0894588$ & $0.0149893$ & $-0.0901326$ & $-0.0375192$ & $0.0507218$ & $-0.106748$ & $-0.335812$ & $0.04799$ & $0.0330023$ & $-0.0159393$ & $0.0457939$ & $0.00552948$ & $-0.0144849$ & $-0.0606911$ & $0.0138939$ & $-0.0201699$ & $0.0170798$ & $0.0128966$ & $0.00931204$ & $0.0428205$ & $-0.0117577$ & $0.00446293$ \\
CHD & $0.0151899$ & $-0.00663059$ & $-0.0307505$ & $-0.0148328$ & $-0.00264524$ & $0.167739$ & $0.0397164$ & $-0.882077$ & $-0.863718$ & $0.336461$ & $1$ & $0.310762$ & $-0.143437$ & $-0.540276$ & $-0.402534$ & $-0.413978$ & $-0.239021$ & $0.036813$ & $0.0544538$ & $-0.989993$ & $-0.991125$ & $-0.969892$ & $-0.040191$ & $0.304477$ & $0.00663629$ & $0.576878$ & $-0.278295$ & $-0.30063$ & $0.00230425$ & $-0.0445218$ & $-0.012777$ & $0.04023$ & $-0.0672859$ & $-0.368387$ & $-0.0145192$ & $0.0268412$ & $0.0110341$ & $0.0146369$ & $-0.0104423$ & $-0.00651856$ & $-0.0411929$ & $-0.00953417$ & $0.0330931$ & $0.0139735$ & $-0.0164917$ & $0.0650194$ & $0.0383902$ & $0.000560867$ & $-0.0015439$ \\
CHbox & $0.0133004$ & $0.0541842$ & $0.0050532$ & $-0.0348353$ & $0.0174865$ & $0.0557853$ & $0.0143807$ & $-0.304219$ & $-0.282481$ & $0.651478$ & $0.310762$ & $1$ & $-0.0891806$ & $-0.137498$ & $-0.0334737$ & $-0.0201319$ & $-0.0412207$ & $0.00885207$ & $0.00158831$ & $-0.284935$ & $-0.323013$ & $-0.314133$ & $-0.0454427$ & $0.17407$ & $0.0173521$ & $0.18654$ & $-0.173996$ & $-0.0791007$ & $0.0408129$ & $0.176161$ & $0.0385064$ & $0.0966863$ & $0.198581$ & $-0.214965$ & $0.0864141$ & $0.0698558$ & $-0.0226205$ & $0.0152744$ & $-0.00747853$ & $-0.000671275$ & $-0.0753956$ & $0.00153116$ & $-0.0365005$ & $0.0178132$ & $0.034847$ & $-0.0130443$ & $0.0586823$ & $-0.0304846$ & $0.0140622$ \\
CH & $0.00829972$ & $0.0188447$ & $0.00291343$ & $-0.0156641$ & $-0.00563554$ & $-0.00279611$ & $-0.236479$ & $0.283692$ & $0.280529$ & $-0.168464$ & $-0.143437$ & $-0.0891806$ & $1$ & $-0.182365$ & $0.0642474$ & $0.0629361$ & $-0.278227$ & $-0.301842$ & $-0.306749$ & $0.141481$ & $0.150901$ & $0.148136$ & $0.00170988$ & $-0.3185$ & $-0.30273$ & $-0.068811$ & $0.0913551$ & $0.0521041$ & $0.0459533$ & $0.22035$ & $0.0852843$ & $-0.19329$ & $0.282946$ & $0.168516$ & $0.00527582$ & $0.0205333$ & $-0.0262654$ & $0.0110041$ & $0.0102282$ & $-0.0209108$ & $0.0424195$ & $-0.0141138$ & $-0.0141514$ & $-0.00540603$ & $-0.0136718$ & $0.0081624$ & $0.0147801$ & $-0.00989778$ & $-0.00861531$ \\
CHL1_11 & $-0.0250898$ & $-0.00207635$ & $0.0524482$ & $0.0346542$ & $0.0305565$ & $0.0113024$ & $0.00953301$ & $0.135468$ & $0.124535$ & $0.220177$ & $-0.540276$ & $-0.137498$ & $-0.182365$ & $1$ & $0.275307$ & $0.282168$ & $0.660508$ & $0.586409$ & $0.577567$ & $0.558354$ & $0.500738$ & $0.483686$ & $-0.0378528$ & $0.441686$ & $0.585946$ & $-0.313584$ & $-0.0840014$ & $0.157915$ & $2.01993e-05$ & $-0.016617$ & $-0.010851$ & $0.00044443$ & $-0.0199747$ & $-0.183918$ & $0.0177208$ & $-0.0365714$ & $-0.0168114$ & $0.0102989$ & $-0.0100006$ & $-0.0026489$ & $-0.00976306$ & $0.020845$ & $-0.0138146$ & $0.00174497$ & $0.0249836$ & $-0.0585014$ & $-0.0104182$ & $-0.00784959$ & $0.010647$ \\
CHL1_22 & $-0.0286509$ & $0.00393514$ & $0.0341908$ & $0.00228016$ & $0.0382245$ & $-0.0541607$ & $-0.00351877$ & $0.283804$ & $0.279537$ & $-0.105543$ & $-0.402534$ & $-0.0334737$ & $0.0642474$ & $0.275307$ & $1$ & $0.447125$ & $0.158334$ & $-0.459427$ & $-0.0309239$ & $0.473316$ & $0.318251$ & $0.313975$ & $-0.190605$ & $0.123143$ & $-0.156078$ & $-0.1744$ & $-0.43494$ & $0.0763573$ & $0.00364539$ & $0.0162624$ & $0.00410053$ & $0.0044709$ & $0.0295284$ & $-0.610896$ & $0.0344861$ & $-0.0262661$ & $0.0201818$ & $0.000797869$ & $-0.014671$ & $0.0115566$ & $0.0341764$ & $-0.027326$ & $-0.0192591$ & $-0.0377009$ & $-0.000521111$ & $-0.0373302$ & $-0.0384989$ & $-0.0629541$ & $0.00843026$ \\
CHL1_33 & $-0.0228341$ & $-0.00860202$ & $0.0433626$ & $0.0362882$ & $0.0154895$ & $-0.0729273$ & $-0.00488009$ & $0.291483$ & $0.290301$ & $-0.0891361$ & $-0.413978$ & $-0.0201319$ & $0.0629361$ & $0.282168$ & $0.447125$ & $1$ & $0.173542$ & $-0.0178671$ & $-0.439786$ & $0.481584$ & $0.331379$ & $0.353873$ & $-0.135285$ & $0.117291$ & $-0.114103$ & $-0.213519$ & $-0.38424$ & $0.0864356$ & $0.0220789$ & $0.0214286$ & $0.0215055$ & $0.00500046$ & $0.0315783$ & $-0.108857$ & $0.0119698$ & $0.0251173$ & $0.007147$ & $-0.0318993$ & $-0.0148115$ & $0.0130065$ & $0.010556$ & $-0.0235954$ & $0.00521892$ & $0.0292947$ & $0.0271276$ & $-0.0415579$ & $-0.0163691$ & $-0.0491651$ & $-0.00469914$ \\
CHL3_11 & $-0.019438$ & $0.0153424$ & $0.0394266$ & $0.0482843$ & $0.0163563$ & $-0.254706$ & $0.0483702$ & $-0.210985$ & $-0.211845$ & $0.416981$ & $-0.239021$ & $-0.0412207$ & $-0.278227$ & $0.660508$ & $0.158334$ & $0.173542$ & $1$ & $0.731537$ & $0.722831$ & $0.260393$ & $0.207112$ & $0.195976$ & $-0.0254077$ & $0.657279$ & $0.7728$ & $-0.158498$ & $-0.13447$ & $0.0410551$ & $-0.00861064$ & $-0.0541575$ & $-0.0068215$ & $0.0378705$ & $-0.0532728$ & $-0.219584$ & $0.0405547$ & $-0.045845$ & $0.0149986$ & $0.0179601$ & $0.0229019$ & $-0.00528433$ & $0.00550297$ & $0.029445$ & $0.0102553$ & $-0.0216864$ & $0.0023405$ & $-0.0241748$ & $-0.0114248$ & $-0.0211078$ & $0.0188249$ \\
CHL3_22 & $-0.00450178$ & $-0.00346279$ & $0.020983$ & $0.0493021$ & $-0.00485297$ & $-0.0656711$ & $0.0416934$ & $-0.396972$ & $-0.395816$ & $0.463188$ & $0.036813$ & $0.00885207$ & $-0.301842$ & $0.586409$ & $-0.459427$ & $-0.0178671$ & $0.731537$ & $1$ & $0.654806$ & $-0.0437099$ & $-0.0300873$ & $-0.033948$ & $0.0581824$ & $0.585788$ & $0.799863$ & $-0.0213967$ & $0.0473803$ & $-0.00685063$ & $-0.00653669$ & $-0.0529435$ & $-0.010649$ & $0.0281358$ & $-0.0627309$ & $0.0826914$ & $0.00547063$ & $-0.0195177$ & $-0.00950544$ & $0.0136228$ & $0.0133595$ & $-0.0157436$ & $-0.0381668$ & $0.0381141$ & $0.0170866$ & $0.0217519$ & $0.0148791$ & $-0.012666$ & $0.0237614$ & $0.0215859$ & $0.0162742$ \\
CHL3_33 & $-0.00610055$ & $0.00176592$ & $0.0105197$ & $0.0202733$ & $0.0152784$ & $-0.0511169$ & $0.0415089$ & $-0.412427$ & $-0.413464$ & $0.45721$ & $0.0544538$ & $0.00158831$ & $-0.306749$ & $0.577567$ & $-0.0309239$ & $-0.439786$ & $0.722831$ & $0.654806$ & $1$ & $-0.0593606$ & $-0.0474551$ & $-0.0502669$ & $0.0158379$ & $0.595983$ & $0.777132$ & $0.0149797$ & $0.0145647$ & $-0.0126758$ & $-0.0156903$ & $-0.0632216$ & $-0.0254948$ & $0.0254828$ & $-0.0730774$ & $-0.31749$ & $0.02552$ & $-0.0589983$ & $0.000212101$ & $0.0334908$ & $0.0225146$ & $-0.0158959$ & $-0.0154748$ & $0.0360069$ & $0.000969627$ & $-0.0378396$ & $-0.00807774$ & $-0.00657219$ & $0.0102662$ & $0.0124793$ & $0.0191024$ \\
CHe_11 & $-0.0273294$ & $0.0233491$ & $0.0397589$ & $0.0193075$ & $0.0123687$ & $-0.162219$ & $-0.0356411$ & $0.852758$ & $0.835193$ & $-0.320799$ & $-0.989993$ & $-0.284935$ & $0.141481$ & $0.558354$ & $0.473316$ & $0.481584$ & $0.260393$ & $-0.0437099$ & $-0.0593606$ & $1$ & $0.9715$ & $0.951814$ & $0.0103067$ & $-0.248082$ & $-0.00352493$ & $-0.56341$ & $0.198296$ & $0.290336$ & $0.000719478$ & $0.0446969$ & $0.013796$ & $-0.0343971$ & $0.0671916$ & $0.284811$ & $0.0187694$ & $-0.0288748$ & $-0.010443$ & $-0.0147476$ & $0.00883557$ & $0.00419018$ & $0.0386268$ & $0.00719312$ & $-0.0342584$ & $-0.00867575$ & $0.0171025$ & $-0.0673685$ & $-0.0366086$ & $-0.00468224$ & $-0.00255309$ \\
CHe_22 & $-0.0190586$ & $0.0285204$ & $0.0344432$ & $0.0094526$ & $0.00850733$ & $-0.172748$ & $-0.0421771$ & $0.899386$ & $0.880425$ & $-0.354081$ & $-0.991125$ & $-0.323013$ & $0.150901$ & $0.500738$ & $0.318251$ & $0.331379$ & $0.207112$ & $-0.0300873$ & $-0.0474551$ & $0.9715$ & $1$ & $0.974317$ & $0.0671562$ & $-0.361198$ & $-0.010641$ & $-0.578124$ & $0.360355$ & $0.300832$ & $-0.0030832$ & $0.046657$ & $0.0147158$ & $-0.0428055$ & $0.0656547$ & $0.454728$ & $0.0130203$ & $-0.0261422$ & $-0.0157141$ & $-0.0160425$ & $0.0160652$ & $0.00744387$ & $0.0442396$ & $0.0127872$ & $-0.0328786$ & $-0.00988488$ & $0.013966$ & $-0.0610497$ & $-0.0365892$ & $0.00819472$ & $-0.00931202$ \\
CHe_33 & $-0.0229077$ & $0.0289182$ & $0.0250694$ & $0.00758054$ & $0.0112823$ & $-0.166836$ & $-0.0377605$ & $0.882903$ & $0.864312$ & $-0.34982$ & $-0.969892$ & $-0.314133$ & $0.148136$ & $0.483686$ & $0.313975$ & $0.353873$ & $0.195976$ & $-0.033948$ & $-0.0502669$ & $0.951814$ & $0.974317$ & $1$ & $0.0622593$ & $-0.356874$ & $-0.0134912$ & $-0.562275$ & $0.352678$ & $0.297102$ & $-0.00165108$ & $0.0397813$ & $0.0119543$ & $-0.0383785$ & $0.0593962$ & $0.447491$ & $0.01782$ & $-0.0204289$ & $-0.0246481$ & $-0.0186596$ & $0.0203354$ & $0.0105044$ & $0.0401254$ & $0.0103569$ & $-0.0349659$ & $-0.0149222$ & $0.00992657$ & $-0.0583964$ & $-0.030532$ & $0.0088819$ & $-0.0120772$ \\
CHQ1_11 & $0.0247206$ & $-0.0199359$ & $-0.00488887$ & $0.00175314$ & $-0.0333036$ & $8.57543e-05$ & $-0.00340214$ & $0.0763836$ & $0.0758873$ & $-0.0571675$ & $-0.040191$ & $-0.0454427$ & $0.00170988$ & $-0.0378528$ & $-0.190605$ & $-0.135285$ & $-0.0254077$ & $0.0581824$ & $0.0158379$ & $0.0103067$ & $0.0671562$ & $0.0622593$ & $1$ & $-0.113104$ & $0.117775$ & $-0.699318$ & $0.354804$ & $0.0249655$ & $-0.00783098$ & $0.00818306$ & $-0.0282659$ & $-0.0112411$ & $0.000840292$ & $0.226862$ & $0.00801646$ & $0.0141711$ & $0.0193747$ & $-0.0393556$ & $0.0102088$ & $0.00690539$ & $-0.0196253$ & $-0.0180433$ & $-0.00142409$ & $-0.00837231$ & $-0.00684071$ & $0.039039$ & $-0.0205943$ & $0.00183984$ & $0.00809599$ \\
CHQ1_33 & $-0.0623511$ & $-0.0240788$ & $0.0182402$ & $0.0503374$ & $0.006159$ & $-0.00470462$ & $0.0764646$ & $-0.661618$ & $-0.650017$ & $0.541836$ & $0.304477$ & $0.17407$ & $-0.3185$ & $0.441686$ & $0.123143$ & $0.117291$ & $0.657279$ & $0.585788$ & $0.595983$ & $-0.248082$ & $-0.361198$ & $-0.356874$ & $-0.113104$ & $1$ & $0.622592$ & $0.174863$ & $-0.405805$ & $-0.0260535$ & $0.0105007$ & $-0.0615615$ & $-0.0194801$ & $0.0689884$ & $-0.0801851$ & $-0.622156$ & $0.0345999$ & $-0.0318243$ & $0.0116336$ & $0.0287747$ & $-6.54498e-05$ & $-0.00840954$ & $-0.0448532$ & $0.0232503$ & $0.0196326$ & $0.00655358$ & $0.0138462$ & $0.000723646$ & $-0.00180315$ & $-0.0221223$ & $0.00533843$ \\
CHQ3_11 & $-0.0921795$ & $0.00145316$ & $0.0213729$ & $0.0556306$ & $0.00676988$ & $-0.0962159$ & $0.0446522$ & $-0.380529$ & $-0.378829$ & $0.460991$ & $0.00663629$ & $0.0173521$ & $-0.30273$ & $0.585946$ & $-0.156078$ & $-0.114103$ & $0.7728$ & $0.799863$ & $0.777132$ & $-0.00352493$ & $-0.010641$ & $-0.0134912$ & $0.117775$ & $0.622592$ & $1$ & $-0.0278638$ & $0.238863$ & $-0.00962249$ & $-0.00429455$ & $-0.0512414$ & $-0.0140919$ & $0.0347486$ & $-0.0635246$ & $-0.154681$ & $0.0153135$ & $-0.0492966$ & $0.00477671$ & $-0.00627256$ & $0.026351$ & $-0.00743327$ & $-0.0436538$ & $0.04134$ & $-0.0166427$ & $0.0143889$ & $-0.014945$ & $-0.0119617$ & $0.0245151$ & $0.0188881$ & $0.0099245$ \\
CHu_11 & $-0.0276202$ & $0.00374175$ & $-0.020838$ & $-0.0151738$ & $0.0251735$ & $0.0896723$ & $0.0193725$ & $-0.507578$ & $-0.498341$ & $0.199198$ & $0.576878$ & $0.18654$ & $-0.068811$ & $-0.313584$ & $-0.1744$ & $-0.213519$ & $-0.158498$ & $-0.0213967$ & $0.0149797$ & $-0.56341$ & $-0.578124$ & $-0.562275$ & $-0.699318$ & $0.174863$ & $-0.0278638$ & $1$ & $-0.18575$ & $-0.183723$ & $0.00513078$ & $-0.0275485$ & $0.00991482$ & $0.0292578$ & $-0.0412146$ & $-0.26627$ & $-0.0151079$ & $0.00765612$ & $-0.0133095$ & $0.0366621$ & $-0.0232347$ & $0.00241474$ & $-0.00690321$ & $0.00735207$ & $0.0205825$ & $0.0147311$ & $-0.0118392$ & $0.0256952$ & $0.0416578$ & $-0.00692352$ & $-0.0131931$ \\
CHd_11 & $0.00235227$ & $0.0212396$ & $-0.00612029$ & $-0.0157151$ & $-0.0233109$ & $-0.0823397$ & $-0.0252078$ & $0.405348$ & $0.3981$ & $-0.225522$ & $-0.278295$ & $-0.173996$ & $0.0913551$ & $-0.0840014$ & $-0.43494$ & $-0.38424$ & $-0.13447$ & $0.0473803$ & $0.0145647$ & $0.198296$ & $0.360355$ & $0.352678$ & $0.354804$ & $-0.405805$ & $0.238863$ & $-0.18575$ & $1$ & $0.106255$ & $-0.00132313$ & $0.0313764$ & $-0.000565249$ & $-0.0264518$ & $0.0312611$ & $0.697373$ & $-0.022098$ & $-0.00279537$ & $-0.0120868$ & $-0.0293124$ & $0.0452139$ & $0.0172792$ & $0.00809373$ & $0.0366494$ & $-0.0506197$ & $0.00217905$ & $-0.0123186$ & $0.00476288$ & $0.00902115$ & $0.0466059$ & $-0.00868213$ \\
CHd_33 & $0.0263797$ & $-0.0433308$ & $-0.0205394$ & $-0.00533059$ & $-0.0183612$ & $-0.0324524$ & $0.011318$ & $0.278908$ & $0.277037$ & $-0.0894588$ & $-0.30063$ & $-0.0791007$ & $0.0521041$ & $0.157915$ & $0.0763573$ & $0.0864356$ & $0.0410551$ & $-0.00685063$ & $-0.0126758$ & $0.290336$ & $0.300832$ & $0.297102$ & $0.0249655$ & $-0.0260535$ & $-0.00962249$ & $-0.183723$ & $0.106255$ & $1$ & $-0.0119821$ & $0.0147253$ & $0.0237849$ & $0.0187251$ & $0.0440658$ & $0.150014$ & $-0.0149648$ & $-0.00334982$ & $-0.0108087$ & $-0.0050008$ & $0.0237958$ & $-0.00796819$ & $0.0196824$ & $0.0185914$ & $-0.0140936$ & $0.0155518$ & $0.0288429$ & $-0.0111554$ & $0.00640589$ & $-0.0114668$ & $0.0369987$ \\
CeH_22r & $-0.0323554$ & $0.0590841$ & $0.0248808$ & $0.0266528$ & $0.0089748$ & $0.0262822$ & $-0.00424746$ & $-0.000154068$ & $0.00527048$ & $0.0149893$ & $0.00230425$ & $0.0408129$ & $0.0459533$ & $2.01993e-05$ & $0.00364539$ & $0.0220789$ & $-0.00861064$ & $-0.00653669$ & $-0.0156903$ & $0.000719478$ & $-0.0030832$ & $-0.00165108$ & $-0.00783098$ & $0.0105007$ & $-0.00429455$ & $0.00513078$ & $-0.00132313$ & $-0.0119821$ & $1$ & $0.0604057$ & $0.0391676$ & $-0.0132906$ & $0.0482622$ & $-0.00177772$ & $-0.0113755$ & $0.00333508$ & $-0.0411816$ & $0.0297328$ & $-0.00880583$ & $0.0371396$ & $-0.00129095$ & $0.000422916$ & $-0.0139798$ & $0.0127577$ & $0.0237799$ & $-0.00585292$ & $0.0196966$ & $-0.00731302$ & $-0.0456443$ \\
CeH_33r & $0.0300291$ & $0.0228472$ & $0.0314075$ & $-0.012414$ & $0.00339573$ & $-0.0369587$ & $-0.114997$ & $0.0676487$ & $0.0909095$ & $-0.0901326$ & $-0.0445218$ & $0.176161$ & $0.22035$ & $-0.016617$ & $0.0162624$ & $0.0214286$ & $-0.0541575$ & $-0.0529435$ & $-0.0632216$ & $0.0446969$ & $0.046657$ & $0.0397813$ & $0.00818306$ & $-0.0615615$ & $-0.0512414$ & $-0.0275485$ & $0.0313764$ & $0.0147253$ & $0.0604057$ & $1$ & $0.318218$ & $0.0332371$ & $0.66326$ & $0.0373571$ & $-0.0556141$ & $0.039156$ & $-0.157169$ & $-0.0411161$ & $-0.0109275$ & $0.0225121$ & $0.0140518$ & $0.0109975$ & $-0.00713797$ & $0.0452669$ & $0.0592233$ & $-0.0479247$ & $0.0438164$ & $-0.0188171$ & $0.0392852$ \\
CuH_22r & $0.0447972$ & $0.0135283$ & $0.0318918$ & $-0.0228488$ & $-0.00574452$ & $-0.0299702$ & $-0.0497066$ & $0.0169209$ & $0.0221646$ & $-0.0375192$ & $-0.012777$ & $0.0385064$ & $0.0852843$ & $-0.010851$ & $0.00410053$ & $0.0215055$ & $-0.0068215$ & $-0.010649$ & $-0.0254948$ & $0.013796$ & $0.0147158$ & $0.0119543$ & $-0.0282659$ & $-0.0194801$ & $-0.0140919$ & $0.00991482$ & $-0.000565249$ & $0.0237849$ & $0.0391676$ & $0.318218$ & $1$ & $0.0398843$ & $0.362259$ & $0.0122156$ & $-0.0801859$ & $0.0706175$ & $-0.109423$ & $-0.0531197$ & $0.0104729$ & $0.0374033$ & $-0.0435233$ & $-0.0170513$ & $-0.038749$ & $0.00721118$ & $-0.0100755$ & $0.0180889$ & $0.271839$ & $-0.0507138$ & $0.0216272$ \\
CuH_33r & $0.00956371$ & $0.0733561$ & $-0.00582335$ & $-0.00588709$ & $-0.00944968$ & $0.000961117$ & $0.935786$ & $-0.0580885$ & $-0.012784$ & $0.0507218$ & $0.04023$ & $0.0966863$ & $-0.19329$ & $0.00044443$ & $0.0044709$ & $0.00500046$ & $0.0378705$ & $0.0281358$ & $0.0254828$ & $-0.0343971$ & $-0.0428055$ & $-0.0383785$ & $-0.0112411$ & $0.0689884$ & $0.0347486$ & $0.0292578$ & $-0.0264518$ & $0.0187251$ & $-0.0132906$ & $0.0332371$ & $0.0398843$ & $1$ & $0.0348857$ & $-0.0413167$ & $0.037205$ & $0.110751$ & $-0.0357009$ & $0.00223965$ & $0.00433589$ & $-0.00841889$ & $-0.00443223$ & $0.0092803$ & $-0.00616687$ & $0.0184322$ & $-0.00195265$ & $-0.0634576$ & $0.0136074$ & $-0.0780471$ & $-0.0294325$ \\
CdH_33r & $0.117741$ & $-0.0575178$ & $-0.0634108$ & $-0.0245443$ & $-0.0176197$ & $-0.0438676$ & $-0.145678$ & $0.0909017$ & $0.114673$ & $-0.106748$ & $-0.0672859$ & $0.198581$ & $0.282946$ & $-0.0199747$ & $0.0295284$ & $0.0315783$ & $-0.0532728$ & $-0.0627309$ & $-0.0730774$ & $0.0671916$ & $0.0656547$ & $0.0593962$ & $0.000840292$ & $-0.0801851$ & $-0.0635246$ & $-0.0412146$ & $0.0312611$ & $0.0440658$ & $0.0482622$ & $0.66326$ & $0.362259$ & $0.0348857$ & $1$ & $0.0427062$ & $-0.118111$ & $-0.0388798$ & $-0.226176$ & $-0.0361404$ & $-0.0646082$ & $0.0202044$ & $0.0112183$ & $0.0112642$ & $-0.057924$ & $0.0269742$ & $0.0173143$ & $-0.0436243$ & $0.0364407$ & $0.0244273$ & $0.417736$ \\
CLL_1221 & $0.0152049$ & $0.050056$ & $-0.0113121$ & $-0.0135622$ & $-0.0372259$ & $-0.124219$ & $-0.0396136$ & $0.556147$ & $0.5466$ & $-0.335812$ & $-0.368387$ & $-0.214965$ & $0.168516$ & $-0.183918$ & $-0.610896$ & $-0.108857$ & $-0.219584$ & $0.0826914$ & $-0.31749$ & $0.284811$ & $0.454728$ & $0.447491$ & $0.226862$ & $-0.622156$ & $-0.154681$ & $-0.26627$ & $0.697373$ & $0.150014$ & $-0.00177772$ & $0.0373571$ & $0.0122156$ & $-0.0413167$ & $0.0427062$ & $1$ & $-0.0217883$ & $0.0228825$ & $-0.03195$ & $-0.0199116$ & $0.0262909$ & $0.00509094$ & $0.0223306$ & $0.0213619$ & $-0.0143622$ & $0.0218619$ & $0.00284672$ & $-0.000649548$ & $-0.00221037$ & $0.0543978$ & $-0.029094$ \\
eHggint & $-0.102718$ & $0.0722931$ & $-0.0599166$ & $0.013909$ & $-0.00278608$ & $-0.0310568$ & $-0.0178653$ & $-0.00215613$ & $-0.0204482$ & $0.04799$ & $-0.0145192$ & $0.0864141$ & $0.00527582$ & $0.0177208$ & $0.0344861$ & $0.0119698$ & $0.0405547$ & $0.00547063$ & $0.02552$ & $0.0187694$ & $0.0130203$ & $0.01782$ & $0.00801646$ & $0.0345999$ & $0.0153135$ & $-0.0151079$ & $-0.022098$ & $-0.0149648$ & $-0.0113755$ & $-0.0556141$ & $-0.0801859$ & $0.037205$ & $-0.118111$ & $-0.0217883$ & $1$ & $-0.0617958$ & $0.075697$ & $0.0194276$ & $0.152105$ & $-0.00625903$ & $-0.0489955$ & $-0.016731$ & $-0.0253173$ & $-0.200445$ & $0.1607$ & $0.0985649$ & $-0.120301$ & $-0.124245$ & $-0.0479416$ \\
eHggpar & $0.155577$ & $0.0815845$ & $0.00883281$ & $0.0240535$ & $0.00682017$ & $0.0300697$ & $0.0587338$ & $-0.00650493$ & $-0.00926667$ & $0.0330023$ & $0.0268412$ & $0.0698558$ & $0.0205333$ & $-0.0365714$ & $-0.0262661$ & $0.0251173$ & $-0.045845$ & $-0.0195177$ & $-0.0589983$ & $-0.0288748$ & $-0.0261422$ & $-0.0204289$ & $0.0141711$ & $-0.0318243$ & $-0.0492966$ & $0.00765612$ & $-0.00279537$ & $-0.00334982$ & $0.00333508$ & $0.039156$ & $0.0706175$ & $0.110751$ & $-0.0388798$ & $0.0228825$ & $-0.0617958$ & $1$ & $-0.190845$ & $-0.0151304$ & $0.0364419$ & $0.0411429$ & $-0.118073$ & $-0.0125741$ & $-0.0729221$ & $0.144528$ & $-0.0139149$ & $-0.0318722$ & $0.191015$ & $-0.124056$ & $-0.17141$ \\
eHWWint & $0.0809306$ & $-0.183556$ & $0.138741$ & $0.0624599$ & $0.019348$ & $0.00758882$ & $0.00957041$ & $-0.0124881$ & $-0.0247801$ & $-0.0159393$ & $0.0110341$ & $-0.0226205$ & $-0.0262654$ & $-0.0168114$ & $0.0201818$ & $0.007147$ & $0.0149986$ & $-0.00950544$ & $0.000212101$ & $-0.010443$ & $-0.0157141$ & $-0.0246481$ & $0.0193747$ & $0.0116336$ & $0.00477671$ & $-0.0133095$ & $-0.0120868$ & $-0.0108087$ & $-0.0411816$ & $-0.157169$ & $-0.109423$ & $-0.0357009$ & $-0.226176$ & $-0.03195$ & $0.075697$ & $-0.190845$ & $1$ & $-0.0366916$ & $-0.0560432$ & $-0.0138656$ & $0.00506481$ & $-0.0102767$ & $-0.0131546$ & $-0.122255$ & $0.0714619$ & $0.0887139$ & $-0.197904$ & $-0.0837367$ & $-0.0373353$ \\
eHWWpar & $0.0288978$ & $-0.0138606$ & $-0.0346266$ & $-0.0162179$ & $0.0435305$ & $-0.0128136$ & $0.00330114$ & $-0.0230402$ & $-0.0232745$ & $0.0457939$ & $0.0146369$ & $0.0152744$ & $0.0110041$ & $0.0102989$ & $0.000797869$ & $-0.0318993$ & $0.0179601$ & $0.0136228$ & $0.0334908$ & $-0.0147476$ & $-0.0160425$ & $-0.0186596$ & $-0.0393556$ & $0.0287747$ & $-0.00627256$ & $0.0366621$ & $-0.0293124$ & $-0.0050008$ & $0.0297328$ & $-0.0411161$ & $-0.0531197$ & $0.00223965$ & $-0.0361404$ & $-0.0199116$ & $0.0194276$ & $-0.0151304$ & $-0.0366916$ & $1$ & $-0.0101112$ & $-0.0384417$ & $0.024582$ & $-0.0355829$ & $0.0117824$ & $-0.0380741$ & $-0.0243901$ & $0.0259325$ & $-0.031121$ & $-0.0218642$ & $-0.00735148$ \\
eHZZint & $0.086783$ & $0.0490967$ & $0.0794163$ & $-0.0316677$ & $0.0144262$ & $-0.0269084$ & $-0.0125524$ & $0.00663115$ & $0.0112249$ & $0.00552948$ & $-0.0104423$ & $-0.00747853$ & $0.0102282$ & $-0.0100006$ & $-0.014671$ & $-0.0148115$ & $0.0229019$ & $0.0133595$ & $0.0225146$ & $0.00883557$ & $0.0160652$ & $0.0203354$ & $0.0102088$ & $-6.54498e-05$ & $0.026351$ & $-0.0232347$ & $0.0452139$ & $0.0237958$ & $-0.00880583$ & $-0.0109275$ & $0.0104729$ & $0.00433589$ & $-0.0646082$ & $0.0262909$ & $0.152105$ & $0.0364419$ & $-0.0560432$ & $-0.0101112$ & $1$ & $0.0302294$ & $0.0581406$ & $-0.022686$ & $0.0779032$ & $-0.168001$ & $-0.0152654$ & $0.139593$ & $0.0938974$ & $0.26071$ & $-0.172081$ \\
eHZZpar & $0.0626298$ & $0.045359$ & $0.0863246$ & $-0.0625391$ & $0.00474358$ & $-0.0151026$ & $-0.0108767$ & $0.0110105$ & $0.0113798$ & $-0.0144849$ & $-0.00651856$ & $-0.000671275$ & $-0.0209108$ & $-0.0026489$ & $0.0115566$ & $0.0130065$ & $-0.00528433$ & $-0.0157436$ & $-0.0158959$ & $0.00419018$ & $0.00744387$ & $0.0105044$ & $0.00690539$ & $-0.00840954$ & $-0.00743327$ & $0.00241474$ & $0.0172792$ & $-0.00796819$ & $0.0371396$ & $0.0225121$ & $0.0374033$ & $-0.00841889$ & $0.0202044$ & $0.00509094$ & $-0.00625903$ & $0.0411429$ & $-0.0138656$ & $-0.0384417$ & $0.0302294$ & $1$ & $-0.011714$ & $0.0320502$ & $-0.0220445$ & $0.0415532$ & $0.0427519$ & $-0.0509941$ & $-0.0186449$ & $0.00862837$ & $0.0213676$ \\
eHZgaint & $0.168832$ & $0.0821622$ & $-0.00927752$ & $-0.0274202$ & $0.0693088$ & $-0.0109826$ & $0.000732026$ & $0.0470789$ & $0.0608515$ & $-0.0606911$ & $-0.0411929$ & $-0.0753956$ & $0.0424195$ & $-0.00976306$ & $0.0341764$ & $0.010556$ & $0.00550297$ & $-0.0381668$ & $-0.0154748$ & $0.0386268$ & $0.0442396$ & $0.0401254$ & $-0.0196253$ & $-0.0448532$ & $-0.0436538$ & $-0.00690321$ & $0.00809373$ & $0.0196824$ & $-0.00129095$ & $0.0140518$ & $-0.0435233$ & $-0.00443223$ & $0.0112183$ & $0.0223306$ & $-0.0489955$ & $-0.118073$ & $0.00506481$ & $0.024582$ & $0.0581406$ & $-0.011714$ & $1$ & $-0.0125555$ & $0.155139$ & $-0.0358178$ & $-0.0836839$ & $0.108654$ & $-0.283$ & $0.0471891$ & $-0.0452425$ \\
eHZgapar & $0.00748277$ & $0.00769175$ & $0.00929172$ & $-0.0390249$ & $-0.0164993$ & $-0.00735272$ & $0.013023$ & $-0.00208408$ & $0.00366569$ & $0.0138939$ & $-0.00953417$ & $0.00153116$ & $-0.0141138$ & $0.020845$ & $-0.027326$ & $-0.0235954$ & $0.029445$ & $0.0381141$ & $0.0360069$ & $0.00719312$ & $0.0127872$ & $0.0103569$ & $-0.0180433$ & $0.0232503$ & $0.04134$ & $0.00735207$ & $0.0366494$ & $0.0185914$ & $0.000422916$ & $0.0109975$ & $-0.0170513$ & $0.0092803$ & $0.0112642$ & $0.0213619$ & $-0.016731$ & $-0.0125741$ & $-0.0102767$ & $-0.0355829$ & $-0.022686$ & $0.0320502$ & $-0.0125555$ & $1$ & $-0.0072294$ & $0.00400594$ & $0.0030303$ & $0.00256811$ & $-0.0305547$ & $-0.00695939$ & $0.016444$ \\
eHgagaint & $-0.0323968$ & $-0.144841$ & $0.0131806$ & $0.0264698$ & $0.0378639$ & $0.0078089$ & $0.0067119$ & $-0.0336397$ & $0.0332985$ & $-0.0201699$ & $0.0330931$ & $-0.0365005$ & $-0.0141514$ & $-0.0138146$ & $-0.0192591$ & $0.00521892$ & $0.0102553$ & $0.0170866$ & $0.000969627$ & $-0.0342584$ & $-0.0328786$ & $-0.0349659$ & $-0.00142409$ & $0.0196326$ & $-0.0166427$ & $0.0205825$ & $-0.0506197$ & $-0.0140936$ & $-0.0139798$ & $-0.00713797$ & $-0.038749$ & $-0.00616687$ & $-0.057924$ & $-0.0143622$ & $-0.0253173$ & $-0.0729221$ & $-0.0131546$ & $0.0117824$ & $0.0779032$ & $-0.0220445$ & $0.155139$ & $-0.0072294$ & $1$ & $0.106671$ & $-0.0686596$ & $-0.027317$ & $-0.160994$ & $0.198727$ & $-0.216522$ \\
eHmumuint & $-0.148567$ & $0.0846187$ & $0.0529755$ & $0.146968$ & $0.00229697$ & $0.0142158$ & $0.0221769$ & $-0.00937266$ & $-0.000544287$ & $0.0170798$ & $0.0139735$ & $0.0178132$ & $-0.00540603$ & $0.00174497$ & $-0.0377009$ & $0.0292947$ & $-0.0216864$ & $0.0217519$ & $-0.0378396$ & $-0.00867575$ & $-0.00988488$ & $-0.0149222$ & $-0.00837231$ & $0.00655358$ & $0.0143889$ & $0.0147311$ & $0.00217905$ & $0.0155518$ & $0.0127577$ & $0.0452669$ & $0.00721118$ & $0.0184322$ & $0.0269742$ & $0.0218619$ & $-0.200445$ & $0.144528$ & $-0.122255$ & $-0.0380741$ & $-0.168001$ & $0.0415532$ & $-0.0358178$ & $0.00400594$ & $0.106671$ & $1$ & $0.117502$ & $-0.147049$ & $-0.00584606$ & $0.128067$ & $-0.0281979$ \\
eHtautauint & $0.1398$ & $-0.0578523$ & $0.160834$ & $-0.00114685$ & $-0.00683831$ & $0.00273077$ & $-0.0161019$ & $0.0109837$ & $0.00212587$ & $0.0128966$ & $-0.0164917$ & $0.034847$ & $-0.0136718$ & $0.0249836$ & $-0.000521111$ & $0.0271276$ & $0.0023405$ & $0.0148791$ & $-0.00807774$ & $0.0171025$ & $0.013966$ & $0.00992657$ & $-0.00684071$ & $0.0138462$ & $-0.014945$ & $-0.0118392$ & $-0.0123186$ & $0.0288429$ & $0.0237799$ & $0.0592233$ & $-0.0100755$ & $-0.00195265$ & $0.0173143$ & $0.00284672$ & $0.1607$ & $-0.0139149$ & $0.0714619$ & $-0.0243901$ & $-0.0152654$ & $0.0427519$ & $-0.0836839$ & $0.0030303$ & $-0.0686596$ & $0.117502$ & $1$ & $0.0337516$ & $-0.0917238$ & $-0.0416055$ & $0.105652$ \\
eHccint & $-0.0369689$ & $0.0488204$ & $-0.171035$ & $-0.0328138$ & $0.0298108$ & $-0.0267192$ & $-0.0576376$ & $-0.0475854$ & $-0.056347$ & $0.00931204$ & $0.0650194$ & $-0.0130443$ & $0.0081624$ & $-0.0585014$ & $-0.0373302$ & $-0.0415579$ & $-0.0241748$ & $-0.012666$ & $-0.00657219$ & $-0.0673685$ & $-0.0610497$ & $-0.0583964$ & $0.039039$ & $0.000723646$ & $-0.0119617$ & $0.0256952$ & $0.00476288$ & $-0.0111554$ & $-0.00585292$ & $-0.0479247$ & $0.0180889$ & $-0.0634576$ & $-0.0436243$ & $-0.000649548$ & $0.0985649$ & $-0.0318722$ & $0.0887139$ & $0.0259325$ & $0.139593$ & $-0.0509941$ & $0.108654$ & $0.00256811$ & $-0.027317$ & $-0.147049$ & $0.0337516$ & $1$ & $-0.243692$ & $-0.0710475$ & $-0.00246321$ \\
eHccpar & $0.0342975$ & $0.076712$ & $0.10575$ & $-0.040024$ & $-0.0144469$ & $0.00533536$ & $0.000593651$ & $-0.0387663$ & $-0.04377$ & $0.0428205$ & $0.0383902$ & $0.0586823$ & $0.0147801$ & $-0.0104182$ & $-0.0384989$ & $-0.0163691$ & $-0.0114248$ & $0.0237614$ & $0.0102662$ & $-0.0366086$ & $-0.0365892$ & $-0.030532$ & $-0.0205943$ & $-0.00180315$ & $0.0245151$ & $0.0416578$ & $0.00902115$ & $0.00640589$ & $0.0196966$ & $0.0438164$ & $0.271839$ & $0.0136074$ & $0.0364407$ & $-0.00221037$ & $-0.120301$ & $0.191015$ & $-0.197904$ & $-0.031121$ & $0.0938974$ & $-0.0186449$ & $-0.283$ & $-0.0305547$ & $-0.160994$ & $-0.00584606$ & $-0.0917238$ & $-0.243692$ & $1$ & $-0.0816201$ & $-0.0385832$ \\
eHbbint & $-0.16392$ & $-0.0040407$ & $-0.166878$ & $0.107417$ & $-0.000718034$ & $-0.00199641$ & $-0.0601402$ & $0.0103306$ & $0.0211348$ & $-0.0117577$ & $0.000560867$ & $-0.0304846$ & $-0.00989778$ & $-0.00784959$ & $-0.0629541$ & $-0.0491651$ & $-0.0211078$ & $0.0215859$ & $0.0124793$ & $-0.00468224$ & $0.00819472$ & $0.0088819$ & $0.00183984$ & $-0.0221223$ & $0.0188881$ & $-0.00692352$ & $0.0466059$ & $-0.0114668$ & $-0.00731302$ & $-0.0188171$ & $-0.0507138$ & $-0.0780471$ & $0.0244273$ & $0.0543978$ & $-0.124245$ & $-0.124056$ & $-0.0837367$ & $-0.0218642$ & $0.26071$ & $0.00862837$ & $0.0471891$ & $-0.00695939$ & $0.198727$ & $0.128067$ & $-0.0416055$ & $-0.0710475$ & $-0.0816201$ & $1$ & $-0.206115$ \\
eHbbpar & $0.266906$ & $-0.275911$ & $-0.108949$ & $-0.0596375$ & $-0.0387962$ & $-0.0204194$ & $-0.0334607$ & $-0.0097954$ & $-0.0219925$ & $0.00446293$ & $-0.0015439$ & $0.0140622$ & $-0.00861531$ & $0.010647$ & $0.00843026$ & $-0.00469914$ & $0.0188249$ & $0.0162742$ & $0.0191024$ & $-0.00255309$ & $-0.00931202$ & $-0.0120772$ & $0.00809599$ & $0.00533843$ & $0.0099245$ & $-0.0131931$ & $-0.00868213$ & $0.0369987$ & $-0.0456443$ & $0.0392852$ & $0.0216272$ & $-0.0294325$ & $0.417736$ & $-0.029094$ & $-0.0479416$ & $-0.17141$ & $-0.0373353$ & $-0.00735148$ & $-0.172081$ & $0.0213676$ & $-0.0452425$ & $0.016444$ & $-0.216522$ & $-0.0281979$ & $0.105652$ & $-0.00246321$ & $-0.0385832$ & $-0.206115$ & $1$ \\
