 & AlsMz & dAle5Mz & mtop & mHl & Mz & CW & CHG & CHWB & CHWHB_gaga & CHWHB_gagaorth & CHD & CHbox & CH & CHL1_11 & CHL1_22 & CHL1_33 & CHL3_11 & CHL3_22 & CHL3_33 & CHe_11 & CHe_22 & CHe_33 & CHQ1_11 & CHQ1_33 & CHQ3_11 & CHu_11 & CHd_11 & CHd_33 & CeH_22r & CeH_33r & CuH_22r & CuH_33r & CdH_33r & CLL_1221 & eHggint & eHggpar & eHWWint & eHWWpar & eHZZint & eHZZpar & eHZgaint & eHZgapar & eHgagaint & eHmumuint & eHtautauint & eHccint & eHccpar & eHbbint & eHbbpar \\
AlsMz & $1$ & $-0.0607737$ & $-0.165991$ & $-0.108154$ & $-0.00897129$ & $-0.0426985$ & $0.0127501$ & $-0.0623212$ & $-0.0742396$ & $-0.00156947$ & $0.0688229$ & $-0.041144$ & $-0.00912412$ & $-0.0429714$ & $-0.000108508$ & $-0.0244833$ & $-0.0292124$ & $-0.0236886$ & $0.00896849$ & $-0.0724931$ & $-0.0762426$ & $-0.0631236$ & $-0.0980494$ & $-0.00039591$ & $-0.0991248$ & $0.107301$ & $-0.0669671$ & $0.0475178$ & $0.0188937$ & $-0.0334321$ & $-0.0111687$ & $-0.00114797$ & $-0.0320604$ & $-0.0556094$ & $-0.0470949$ & $0.0099266$ & $0.0412409$ & $-0.0858648$ & $-0.0785904$ & $-0.0157437$ & $0.0292814$ & $-0.0435385$ & $-0.23176$ & $-0.197586$ & $-0.0236321$ & $-0.0129347$ & $0.021433$ & $-0.243921$ & $0.134386$ \\
dAle5Mz & $-0.0607737$ & $1$ & $0.0821899$ & $0.353671$ & $-0.0437974$ & $0.0226951$ & $0.0790805$ & $-0.105768$ & $-0.0952729$ & $0.0535216$ & $0.0696345$ & $-0.0353536$ & $-0.0775639$ & $0.0202204$ & $-0.0708287$ & $0.0229963$ & $0.0558436$ & $0.104781$ & $0.0382213$ & $-0.050973$ & $-0.0559893$ & $-0.0495671$ & $0.0303313$ & $0.0839601$ & $0.0794247$ & $0.0234878$ & $-0.0176293$ & $-0.00196907$ & $0.00718133$ & $0.00375862$ & $-0.00931866$ & $0.0746461$ & $0.00180326$ & $0.00731109$ & $-0.24233$ & $0.0401929$ & $-0.0712622$ & $0.01332$ & $0.0540614$ & $-0.0682467$ & $-0.169464$ & $-0.00763956$ & $0.120242$ & $0.0768458$ & $-0.0296444$ & $0.185499$ & $-0.109659$ & $0.14686$ & $-0.0529053$ \\
mtop & $-0.165991$ & $0.0821899$ & $1$ & $-0.201351$ & $-0.0137004$ & $-0.0514196$ & $0.127007$ & $-0.0152873$ & $0.00616281$ & $0.0590864$ & $0.00944777$ & $0.0190291$ & $-0.0442595$ & $0.00207962$ & $0.00472154$ & $0.0101685$ & $0.0322143$ & $0.0158268$ & $0.00229833$ & $-0.00602464$ & $-0.00678324$ & $-0.0159328$ & $0.00681814$ & $0.0301798$ & $0.0428402$ & $0.0153684$ & $0.0145976$ & $-0.0126931$ & $-0.00287181$ & $0.0251684$ & $0.0254116$ & $0.146589$ & $0.0133741$ & $-0.00177994$ & $0.0448822$ & $0.119363$ & $-0.260681$ & $0.0517929$ & $0.155962$ & $0.0730332$ & $0.131548$ & $0.0410473$ & $0.143854$ & $-0.00233418$ & $-0.049565$ & $0.104486$ & $0.184288$ & $-0.0407487$ & $-0.0453139$ \\
mHl & $-0.108154$ & $0.353671$ & $-0.201351$ & $1$ & $0.0362308$ & $0.021108$ & $0.0473656$ & $-0.0532447$ & $-0.0544601$ & $-0.00562879$ & $0.0388116$ & $-0.0489175$ & $-0.0729608$ & $0.0300328$ & $-0.0669738$ & $0.0290378$ & $-0.000228999$ & $0.0714064$ & $-0.00494613$ & $-0.0322021$ & $-0.031923$ & $-0.0353855$ & $-0.0133823$ & $0.0510054$ & $0.0312414$ & $0.0292276$ & $-0.0174283$ & $-0.0310831$ & $0.00385978$ & $0.058289$ & $0.0427799$ & $0.0498188$ & $0.149777$ & $0.0138946$ & $-0.281492$ & $0.32688$ & $-0.086815$ & $-0.0965548$ & $0.0275826$ & $-0.0927026$ & $-0.0316192$ & $0.0170268$ & $-0.157725$ & $-0.238166$ & $0.280323$ & $-0.0726227$ & $-0.10879$ & $0.335749$ & $0.233361$ \\
Mz & $-0.00897129$ & $-0.0437974$ & $-0.0137004$ & $0.0362308$ & $1$ & $-0.0523765$ & $0.0430602$ & $0.060442$ & $0.063207$ & $-0.0467377$ & $-0.0610553$ & $-0.0503971$ & $-0.00730165$ & $0.0564695$ & $0.0717368$ & $0.0454365$ & $0.00145272$ & $-0.0296333$ & $-0.00925098$ & $0.0704837$ & $0.0653402$ & $0.0566093$ & $-0.0268019$ & $-0.0120482$ & $0.00250819$ & $-0.0171735$ & $0.00856874$ & $0.04071$ & $0.00460436$ & $-0.00576411$ & $-0.0103027$ & $0.0236276$ & $-0.00739859$ & $-0.0219141$ & $-0.0518632$ & $0.00641612$ & $-0.0300984$ & $-0.0117968$ & $-0.0437114$ & $-0.0532$ & $-0.0840071$ & $0.0245853$ & $-0.041341$ & $0.000777828$ & $-0.0253462$ & $0.0539847$ & $-0.0752123$ & $-0.0524095$ & $-0.00153807$ \\
CW & $-0.0426985$ & $0.0226951$ & $-0.0514196$ & $0.021108$ & $-0.0523765$ & $1$ & $0.00519913$ & $-0.130361$ & $-0.128103$ & $0.0237962$ & $0.191001$ & $0.0704001$ & $0.00892203$ & $-0.00650018$ & $-0.0971282$ & $-0.0823016$ & $-0.262775$ & $-0.0485877$ & $-0.059891$ & $-0.187491$ & $-0.192697$ & $-0.175223$ & $0.00720915$ & $0.00430635$ & $-0.101864$ & $0.11792$ & $-0.0749057$ & $-0.110165$ & $0.024496$ & $0.0115815$ & $0.00685528$ & $0.0107761$ & $0.00829722$ & $-0.104385$ & $-2.98874e-05$ & $-0.031345$ & $-0.0322286$ & $0.0110719$ & $0.0095322$ & $0.0264833$ & $0.0254695$ & $-0.0457804$ & $0.0684659$ & $0.0280794$ & $0.018201$ & $-0.0422584$ & $0.00149064$ & $0.0289698$ & $-0.0500277$ \\
CHG & $0.0127501$ & $0.0790805$ & $0.127007$ & $0.0473656$ & $0.0430602$ & $0.00519913$ & $1$ & $-0.112019$ & $-0.063698$ & $0.149889$ & $0.0374225$ & $-0.188091$ & $-0.329482$ & $0.113393$ & $-0.0325471$ & $0.0119245$ & $0.138566$ & $0.169192$ & $0.128479$ & $-0.0306803$ & $-0.0424122$ & $-0.0443873$ & $-0.00743401$ & $0.155872$ & $0.136622$ & $0.0165757$ & $-0.0554995$ & $-0.105357$ & $0.024493$ & $-0.145713$ & $0.0162486$ & $0.945656$ & $-0.162859$ & $-0.0574014$ & $-0.140272$ & $0.0309185$ & $-0.0079001$ & $0.00295771$ & $0.0060893$ & $0.00853925$ & $-0.0045379$ & $-0.0452941$ & $-0.133229$ & $-0.0562141$ & $0.0378142$ & $0.0922289$ & $0.0263862$ & $-0.00106336$ & $0.00801054$ \\
CHWB & $-0.0623212$ & $-0.105768$ & $-0.0152873$ & $-0.0532447$ & $0.060442$ & $-0.130361$ & $-0.112019$ & $1$ & $0.983961$ & $-0.55339$ & $-0.881034$ & $-0.00294586$ & $0.326768$ & $0.152897$ & $0.306001$ & $0.331793$ & $-0.196327$ & $-0.399949$ & $-0.412855$ & $0.852743$ & $0.897096$ & $0.8808$ & $0.0806322$ & $-0.65771$ & $-0.351191$ & $-0.542941$ & $0.429682$ & $0.291416$ & $0.00209471$ & $0.0904344$ & $0.00812259$ & $-0.115765$ & $0.118682$ & $0.544341$ & $-0.0306809$ & $-0.0246744$ & $0.0613334$ & $0.0465588$ & $-0.00559194$ & $0.019584$ & $-0.0183445$ & $0.0385957$ & $0.0108986$ & $0.0524768$ & $0.0396968$ & $0.0155781$ & $-0.0582867$ & $-0.105124$ & $0.0295148$ \\
CHWHB_gaga & $-0.0742396$ & $-0.0952729$ & $0.00616281$ & $-0.0544601$ & $0.063207$ & $-0.128103$ & $-0.063698$ & $0.983961$ & $1$ & $-0.534637$ & $-0.86743$ & $0.0112473$ & $0.317896$ & $0.151783$ & $0.299732$ & $0.328501$ & $-0.192618$ & $-0.391346$ & $-0.407208$ & $0.839761$ & $0.88326$ & $0.867102$ & $0.0803141$ & $-0.647597$ & $-0.340797$ & $-0.53172$ & $0.426957$ & $0.285279$ & $0.00766483$ & $0.109259$ & $0.0267537$ & $-0.0776004$ & $0.12953$ & $0.536871$ & $-0.0453055$ & $-0.0327762$ & $0.0417742$ & $0.0492781$ & $-0.00341725$ & $0.0206069$ & $-0.0279903$ & $0.0398819$ & $0.046076$ & $0.0606698$ & $0.0445987$ & $0.0290556$ & $-0.0659462$ & $-0.0976752$ & $0.0030133$ \\
CHWHB_gagaorth & $-0.00156947$ & $0.0535216$ & $0.0590864$ & $-0.00562879$ & $-0.0467377$ & $0.0237962$ & $0.149889$ & $-0.55339$ & $-0.534637$ & $1$ & $0.331229$ & $0.304671$ & $-0.276187$ & $0.208229$ & $-0.106504$ & $-0.140452$ & $0.436774$ & $0.477918$ & $0.49431$ & $-0.315082$ & $-0.348246$ & $-0.351073$ & $-0.0443663$ & $0.550911$ & $0.473916$ & $0.203356$ & $-0.232751$ & $-0.119191$ & $-4.59075e-05$ & $-0.143789$ & $-0.0474484$ & $0.172427$ & $-0.193064$ & $-0.339954$ & $-0.0254523$ & $0.0544191$ & $-0.0243683$ & $0.0167654$ & $0.0679925$ & $0.00861904$ & $-0.00891871$ & $-0.0028167$ & $-0.0265485$ & $0.00229569$ & $0.0281545$ & $-0.021037$ & $0.0440462$ & $0.0545892$ & $-0.0629152$ \\
CHD & $0.0688229$ & $0.0696345$ & $0.00944777$ & $0.0388116$ & $-0.0610553$ & $0.191001$ & $0.0374225$ & $-0.881034$ & $-0.86743$ & $0.331229$ & $1$ & $0.141069$ & $-0.145702$ & $-0.557075$ & $-0.432952$ & $-0.449642$ & $-0.256358$ & $0.0369805$ & $0.0411435$ & $-0.990904$ & $-0.991644$ & $-0.971277$ & $-0.0241334$ & $0.289377$ & $-0.0347988$ & $0.5943$ & $-0.29865$ & $-0.318381$ & $-0.00463824$ & $-0.0368658$ & $0.0231522$ & $0.0550285$ & $-0.0513766$ & $-0.345339$ & $0.0757043$ & $0.0220085$ & $-0.078234$ & $-0.0666799$ & $-0.0102264$ & $-0.0355546$ & $0.0196083$ & $-0.027856$ & $0.00986443$ & $-0.0297683$ & $-0.0612552$ & $-0.0135497$ & $0.0742846$ & $0.0790514$ & $-0.0153362$ \\
CHbox & $-0.041144$ & $-0.0353536$ & $0.0190291$ & $-0.0489175$ & $-0.0503971$ & $0.0704001$ & $-0.188091$ & $-0.00294586$ & $0.0112473$ & $0.304671$ & $0.141069$ & $1$ & $0.65383$ & $-0.302909$ & $-0.00863546$ & $-0.0184384$ & $-0.281483$ & $-0.258394$ & $-0.250489$ & $-0.126812$ & $-0.140195$ & $-0.141334$ & $0.0331038$ & $-0.169066$ & $-0.24355$ & $0.0683444$ & $-0.0215527$ & $-0.0175853$ & $0.040196$ & $0.297835$ & $0.119976$ & $-0.110272$ & $0.368704$ & $-0.000867079$ & $0.021084$ & $0.0417483$ & $-0.00743315$ & $-0.024546$ & $0.0391955$ & $0.0174742$ & $-0.0190926$ & $0.0138219$ & $0.0204024$ & $0.0957366$ & $-0.0523774$ & $-0.0336613$ & $0.00799931$ & $-0.0521882$ & $-0.03417$ \\
CH & $-0.00912412$ & $-0.0775639$ & $-0.0442595$ & $-0.0729608$ & $-0.00730165$ & $0.00892203$ & $-0.329482$ & $0.326768$ & $0.317896$ & $-0.276187$ & $-0.145702$ & $0.65383$ & $1$ & $-0.251262$ & $0.0475413$ & $0.052499$ & $-0.343173$ & $-0.369968$ & $-0.366624$ & $0.14096$ & $0.159593$ & $0.156846$ & $0.0537368$ & $-0.394618$ & $-0.353744$ & $-0.102792$ & $0.151289$ & $0.103959$ & $0.0555025$ & $0.230213$ & $0.102062$ & $-0.300352$ & $0.314185$ & $0.216758$ & $0.0395718$ & $-0.0275165$ & $0.0140351$ & $-0.0311936$ & $-0.02797$ & $0.00510897$ & $-0.0372078$ & $0.00671048$ & $0.0632329$ & $0.0950214$ & $-0.0707024$ & $-0.0342251$ & $-0.0114191$ & $-0.092377$ & $0.0123751$ \\
CHL1_11 & $-0.0429714$ & $0.0202204$ & $0.00207962$ & $0.0300328$ & $0.0564695$ & $-0.00650018$ & $0.113393$ & $0.152897$ & $0.151783$ & $0.208229$ & $-0.557075$ & $-0.302909$ & $-0.251262$ & $1$ & $0.300257$ & $0.303065$ & $0.663796$ & $0.582972$ & $0.585093$ & $0.575431$ & $0.520314$ & $0.507163$ & $-0.0790708$ & $0.443614$ & $0.604476$ & $-0.297049$ & $-0.0792338$ & $0.133671$ & $0.00356889$ & $-0.0631913$ & $-0.0542699$ & $0.0864027$ & $-0.0771812$ & $-0.195043$ & $-0.103823$ & $0.00993489$ & $0.0597427$ & $0.0568816$ & $0.0374622$ & $0.0607249$ & $-0.00255082$ & $-0.000814691$ & $-0.0204275$ & $-0.0322885$ & $0.0620868$ & $0.0024551$ & $-0.065464$ & $0.0158346$ & $-0.00718091$ \\
CHL1_22 & $-0.000108508$ & $-0.0708287$ & $0.00472154$ & $-0.0669738$ & $0.0717368$ & $-0.0971282$ & $-0.0325471$ & $0.306001$ & $0.299732$ & $-0.106504$ & $-0.432952$ & $-0.00863546$ & $0.0475413$ & $0.300257$ & $1$ & $0.452618$ & $0.192344$ & $-0.441584$ & $-0.00472438$ & $0.4957$ & $0.350548$ & $0.343288$ & $-0.149238$ & $0.105791$ & $-0.0926505$ & $-0.219401$ & $-0.384543$ & $0.148808$ & $0.0020049$ & $0.00207165$ & $-0.0282095$ & $-0.0319677$ & $0.0082609$ & $-0.604726$ & $0.00769828$ & $0.00293741$ & $0.0232456$ & $0.0454126$ & $0.00157513$ & $0.0272138$ & $0.0113578$ & $-0.0337567$ & $-0.0245019$ & $0.0097085$ & $0.00735068$ & $-0.0136909$ & $0.00557727$ & $-0.0188439$ & $-0.0180003$ \\
CHL1_33 & $-0.0244833$ & $0.0229963$ & $0.0101685$ & $0.0290378$ & $0.0454365$ & $-0.0823016$ & $0.0119245$ & $0.331793$ & $0.328501$ & $-0.140452$ & $-0.449642$ & $-0.0184384$ & $0.052499$ & $0.303065$ & $0.452618$ & $1$ & $0.166088$ & $-0.0264262$ & $-0.4167$ & $0.509934$ & $0.372768$ & $0.394413$ & $-0.127886$ & $0.0877748$ & $-0.0971729$ & $-0.242358$ & $-0.341029$ & $0.154673$ & $0.0193022$ & $0.0256167$ & $-0.0372121$ & $0.00715741$ & $0.0322023$ & $-0.089757$ & $-0.100621$ & $0.0299161$ & $0.0321333$ & $-0.0109967$ & $-0.00303672$ & $-0.0202293$ & $-0.0326295$ & $-0.062127$ & $-0.04256$ & $0.038927$ & $0.0336249$ & $0.0316884$ & $-0.0668579$ & $-0.0210484$ & $0.0116494$ \\
CHL3_11 & $-0.0292124$ & $0.0558436$ & $0.0322143$ & $-0.000228999$ & $0.00145272$ & $-0.262775$ & $0.138566$ & $-0.196327$ & $-0.192618$ & $0.436774$ & $-0.256358$ & $-0.281483$ & $-0.343173$ & $0.663796$ & $0.192344$ & $0.166088$ & $1$ & $0.72238$ & $0.74466$ & $0.27838$ & $0.227712$ & $0.214987$ & $-0.07373$ & $0.675249$ & $0.788003$ & $-0.131915$ & $-0.140014$ & $0.0840729$ & $-0.00164564$ & $-0.108395$ & $-0.0602812$ & $0.111283$ & $-0.138598$ & $-0.241034$ & $-0.075974$ & $-0.00219763$ & $0.0359004$ & $0.0438165$ & $0.0304257$ & $0.0200559$ & $-0.00432947$ & $-0.0148567$ & $-0.040032$ & $-0.029349$ & $0.0443937$ & $0.00591284$ & $-0.0200659$ & $0.0383702$ & $-0.0306923$ \\
CHL3_22 & $-0.0236886$ & $0.104781$ & $0.0158268$ & $0.0714064$ & $-0.0296333$ & $-0.0485877$ & $0.169192$ & $-0.399949$ & $-0.391346$ & $0.477918$ & $0.0369805$ & $-0.258394$ & $-0.369968$ & $0.582972$ & $-0.441584$ & $-0.0264262$ & $0.72238$ & $1$ & $0.670581$ & $-0.0394818$ & $-0.027566$ & $-0.0283989$ & $-0.00653632$ & $0.614699$ & $0.786749$ & $0.0304072$ & $0.0155207$ & $-0.0424885$ & $0.00545885$ & $-0.0974587$ & $-0.0393936$ & $0.143136$ & $-0.127295$ & $0.0668371$ & $-0.0966114$ & $0.00871025$ & $0.0192448$ & $0.00545065$ & $0.0305393$ & $0.00956422$ & $-0.0124886$ & $-0.00126741$ & $-0.0244079$ & $-0.039459$ & $0.0399439$ & $0.012184$ & $-0.0387594$ & $0.0556236$ & $-0.00899632$ \\
CHL3_33 & $0.00896849$ & $0.0382213$ & $0.00229833$ & $-0.00494613$ & $-0.00925098$ & $-0.059891$ & $0.128479$ & $-0.412855$ & $-0.407208$ & $0.49431$ & $0.0411435$ & $-0.250489$ & $-0.366624$ & $0.585093$ & $-0.00472438$ & $-0.4167$ & $0.74466$ & $0.670581$ & $1$ & $-0.0406521$ & $-0.0361501$ & $-0.0388206$ & $-0.0317642$ & $0.62924$ & $0.792326$ & $0.0509313$ & $-0.0160946$ & $-0.0389116$ & $-0.0024511$ & $-0.115554$ & $-0.0390218$ & $0.10303$ & $-0.148861$ & $-0.339745$ & $-0.0154781$ & $-0.0212389$ & $0.0153986$ & $0.0557256$ & $0.0314422$ & $0.05439$ & $0.0233356$ & $0.0205155$ & $-0.011093$ & $-0.068708$ & $0.0101808$ & $-0.0253658$ & $0.011339$ & $0.0537637$ & $-0.0367313$ \\
CHe_11 & $-0.0724931$ & $-0.050973$ & $-0.00602464$ & $-0.0322021$ & $0.0704837$ & $-0.187491$ & $-0.0306803$ & $0.852743$ & $0.839761$ & $-0.315082$ & $-0.990904$ & $-0.126812$ & $0.14096$ & $0.575431$ & $0.4957$ & $0.509934$ & $0.27838$ & $-0.0394818$ & $-0.0406521$ & $1$ & $0.973889$ & $0.954852$ & $0.00243181$ & $-0.23755$ & $0.0432711$ & $-0.584149$ & $0.226475$ & $0.314065$ & $0.00744479$ & $0.0354008$ & $-0.025153$ & $-0.0482374$ & $0.0506238$ & $0.267198$ & $-0.0819225$ & $-0.0191953$ & $0.0722259$ & $0.0675266$ & $0.00889655$ & $0.034286$ & $-0.0218383$ & $0.0204977$ & $-0.0145867$ & $0.0316794$ & $0.0591554$ & $0.0116487$ & $-0.0743633$ & $-0.0729291$ & $0.0140782$ \\
CHe_22 & $-0.0762426$ & $-0.0559893$ & $-0.00678324$ & $-0.031923$ & $0.0653402$ & $-0.192697$ & $-0.0424122$ & $0.897096$ & $0.88326$ & $-0.348246$ & $-0.991644$ & $-0.140195$ & $0.159593$ & $0.520314$ & $0.350548$ & $0.372768$ & $0.227712$ & $-0.027566$ & $-0.0361501$ & $0.973889$ & $1$ & $0.975076$ & $0.0475555$ & $-0.340578$ & $0.0299874$ & $-0.595474$ & $0.376647$ & $0.317076$ & $0.0042683$ & $0.0424554$ & $-0.0171324$ & $-0.0603052$ & $0.057535$ & $0.430655$ & $-0.0761807$ & $-0.0235046$ & $0.0752519$ & $0.0675937$ & $0.0100136$ & $0.0356673$ & $-0.020864$ & $0.0371121$ & $-0.00413033$ & $0.0306402$ & $0.0634901$ & $0.0130463$ & $-0.0721052$ & $-0.0794789$ & $0.0166365$ \\
CHe_33 & $-0.0631236$ & $-0.0495671$ & $-0.0159328$ & $-0.0353855$ & $0.0566093$ & $-0.175223$ & $-0.0443873$ & $0.8808$ & $0.867102$ & $-0.351073$ & $-0.971277$ & $-0.141334$ & $0.156846$ & $0.507163$ & $0.343288$ & $0.394413$ & $0.214987$ & $-0.0283989$ & $-0.0388206$ & $0.954852$ & $0.975076$ & $1$ & $0.0469472$ & $-0.334334$ & $0.0252328$ & $-0.580591$ & $0.369255$ & $0.313722$ & $0.00303022$ & $0.0467498$ & $-0.0246649$ & $-0.0618425$ & $0.0566764$ & $0.424844$ & $-0.0835126$ & $-0.0292034$ & $0.0718985$ & $0.0655684$ & $0.00559001$ & $0.035782$ & $-0.0363752$ & $0.0326336$ & $0.00672535$ & $0.0405951$ & $0.0481176$ & $0.0306328$ & $-0.0862291$ & $-0.0868057$ & $0.0135025$ \\
CHQ1_11 & $-0.0980494$ & $0.0303313$ & $0.00681814$ & $-0.0133823$ & $-0.0268019$ & $0.00720915$ & $-0.00743401$ & $0.0806322$ & $0.0803141$ & $-0.0443663$ & $-0.0241334$ & $0.0331038$ & $0.0537368$ & $-0.0790708$ & $-0.149238$ & $-0.127886$ & $-0.07373$ & $-0.00653632$ & $-0.0317642$ & $0.00243181$ & $0.0475555$ & $0.0469472$ & $1$ & $-0.133376$ & $0.0740969$ & $-0.670538$ & $0.339428$ & $0.016238$ & $-0.0422175$ & $0.00855257$ & $-0.0182142$ & $-0.00462028$ & $0.000665435$ & $0.198767$ & $0.0171834$ & $0.0250594$ & $-0.0326481$ & $0.0228377$ & $0.0577243$ & $0.000355219$ & $-0.000316161$ & $0.0459322$ & $0.0359286$ & $-0.00314409$ & $0.0105423$ & $-0.0167819$ & $-0.0396607$ & $0.0350075$ & $-0.0576347$ \\
CHQ1_33 & $-0.00039591$ & $0.0839601$ & $0.0301798$ & $0.0510054$ & $-0.0120482$ & $0.00430635$ & $0.155872$ & $-0.65771$ & $-0.647597$ & $0.550911$ & $0.289377$ & $-0.169066$ & $-0.394618$ & $0.443614$ & $0.105791$ & $0.0877748$ & $0.675249$ & $0.614699$ & $0.62924$ & $-0.23755$ & $-0.340578$ & $-0.334334$ & $-0.133376$ & $1$ & $0.635129$ & $0.205004$ & $-0.412842$ & $-0.00839366$ & $0.0125859$ & $-0.108973$ & $-0.0450635$ & $0.139858$ & $-0.137092$ & $-0.609967$ & $-0.0533584$ & $0.0172677$ & $-0.0360781$ & $-0.00917263$ & $0.00766422$ & $-0.0100098$ & $0.00586379$ & $-0.0352361$ & $-0.0323032$ & $-0.0554937$ & $0.0292009$ & $-0.00914202$ & $0.0170444$ & $0.104414$ & $-0.0198434$ \\
CHQ3_11 & $-0.0991248$ & $0.0794247$ & $0.0428402$ & $0.0312414$ & $0.00250819$ & $-0.101864$ & $0.136622$ & $-0.351191$ & $-0.340797$ & $0.473916$ & $-0.0347988$ & $-0.24355$ & $-0.353744$ & $0.604476$ & $-0.0926505$ & $-0.0971729$ & $0.788003$ & $0.786749$ & $0.792326$ & $0.0432711$ & $0.0299874$ & $0.0252328$ & $0.0740969$ & $0.635129$ & $1$ & $-0.0117459$ & $0.214766$ & $-0.024708$ & $0.00071306$ & $-0.0994156$ & $-0.0554069$ & $0.109492$ & $-0.143752$ & $-0.184343$ & $-0.0516133$ & $-0.0237134$ & $0.0240035$ & $0.0534248$ & $0.0149881$ & $0.0269729$ & $0.000702344$ & $0.0226515$ & $0.00307914$ & $-0.0445795$ & $0.0117523$ & $0.00016922$ & $-0.0231276$ & $0.0932702$ & $-0.0644036$ \\
CHu_11 & $0.107301$ & $0.0234878$ & $0.0153684$ & $0.0292276$ & $-0.0171735$ & $0.11792$ & $0.0165757$ & $-0.542941$ & $-0.53172$ & $0.203356$ & $0.5943$ & $0.0683444$ & $-0.102792$ & $-0.297049$ & $-0.219401$ & $-0.242358$ & $-0.131915$ & $0.0304072$ & $0.0509313$ & $-0.584149$ & $-0.595474$ & $-0.580591$ & $-0.670538$ & $0.205004$ & $-0.0117459$ & $1$ & $-0.196868$ & $-0.190608$ & $0.0225414$ & $-0.00358672$ & $0.0308012$ & $0.0198234$ & $-0.0209589$ & $-0.260844$ & $0.0359733$ & $-0.0356006$ & $-0.0517444$ & $-0.0155624$ & $-0.0683327$ & $-0.0375433$ & $-0.00414368$ & $-0.0396656$ & $0.000553526$ & $-0.0246446$ & $-0.0562601$ & $0.0182378$ & $0.0635291$ & $0.0271439$ & $0.00669106$ \\
CHd_11 & $-0.0669671$ & $-0.0176293$ & $0.0145976$ & $-0.0174283$ & $0.00856874$ & $-0.0749057$ & $-0.0554995$ & $0.429682$ & $0.426957$ & $-0.232751$ & $-0.29865$ & $-0.0215527$ & $0.151289$ & $-0.0792338$ & $-0.384543$ & $-0.341029$ & $-0.140014$ & $0.0155207$ & $-0.0160946$ & $0.226475$ & $0.376647$ & $0.369255$ & $0.339428$ & $-0.412842$ & $0.214766$ & $-0.196868$ & $1$ & $0.0788095$ & $-0.00256528$ & $0.0485475$ & $0.00786188$ & $-0.0679025$ & $0.036054$ & $0.68774$ & $0.00198349$ & $-0.0665661$ & $0.0178496$ & $0.0546147$ & $-0.0242315$ & $-0.00497709$ & $-0.0151089$ & $0.0938431$ & $0.0495974$ & $-0.00312022$ & $-0.00133574$ & $0.0198518$ & $-0.0324784$ & $-0.0193914$ & $-0.0219168$ \\
CHd_33 & $0.0475178$ & $-0.00196907$ & $-0.0126931$ & $-0.0310831$ & $0.04071$ & $-0.110165$ & $-0.105357$ & $0.291416$ & $0.285279$ & $-0.119191$ & $-0.318381$ & $-0.0175853$ & $0.103959$ & $0.133671$ & $0.148808$ & $0.154673$ & $0.0840729$ & $-0.0424885$ & $-0.0389116$ & $0.314065$ & $0.317076$ & $0.313722$ & $0.016238$ & $-0.00839366$ & $-0.024708$ & $-0.190608$ & $0.0788095$ & $1$ & $0.0175987$ & $0.0167801$ & $-0.00992984$ & $-0.105451$ & $0.0356293$ & $0.123533$ & $0.0274672$ & $-0.00927141$ & $-0.0343417$ & $-0.0241293$ & $-0.0985698$ & $0.0190792$ & $-0.0155517$ & $-0.0182078$ & $0.0221519$ & $0.0173819$ & $-0.00717696$ & $0.00536312$ & $-0.00969584$ & $-0.00595895$ & $0.0173061$ \\
CeH_22r & $0.0188937$ & $0.00718133$ & $-0.00287181$ & $0.00385978$ & $0.00460436$ & $0.024496$ & $0.024493$ & $0.00209471$ & $0.00766483$ & $-4.59075e-05$ & $-0.00463824$ & $0.040196$ & $0.0555025$ & $0.00356889$ & $0.0020049$ & $0.0193022$ & $-0.00164564$ & $0.00545885$ & $-0.0024511$ & $0.00744479$ & $0.0042683$ & $0.00303022$ & $-0.0422175$ & $0.0125859$ & $0.00071306$ & $0.0225414$ & $-0.00256528$ & $0.0175987$ & $1$ & $0.0390375$ & $0.0323547$ & $0.0121053$ & $0.0113095$ & $-0.00107257$ & $-0.00493208$ & $-0.064849$ & $-0.0195105$ & $0.0860643$ & $-0.0211501$ & $-0.0525368$ & $-0.029742$ & $-0.0437118$ & $0.0249535$ & $-0.0597321$ & $0.0108944$ & $-0.0333952$ & $-0.00060903$ & $0.0159779$ & $-0.0021278$ \\
CeH_33r & $-0.0334321$ & $0.00375862$ & $0.0251684$ & $0.058289$ & $-0.00576411$ & $0.0115815$ & $-0.145713$ & $0.0904344$ & $0.109259$ & $-0.143789$ & $-0.0368658$ & $0.297835$ & $0.230213$ & $-0.0631913$ & $0.00207165$ & $0.0256167$ & $-0.108395$ & $-0.0974587$ & $-0.115554$ & $0.0354008$ & $0.0424554$ & $0.0467498$ & $0.00855257$ & $-0.108973$ & $-0.0994156$ & $-0.00358672$ & $0.0485475$ & $0.0167801$ & $0.0390375$ & $1$ & $0.329309$ & $-0.019895$ & $0.700378$ & $0.0683348$ & $-0.0429542$ & $0.0492556$ & $-0.0702756$ & $-0.0261311$ & $0.0104173$ & $-0.0327314$ & $0.00945441$ & $0.00880699$ & $0.0107145$ & $0.0174577$ & $0.0535098$ & $0.00900929$ & $-0.019267$ & $-0.0192534$ & $0.0116204$ \\
CuH_22r & $-0.0111687$ & $-0.00931866$ & $0.0254116$ & $0.0427799$ & $-0.0103027$ & $0.00685528$ & $0.0162486$ & $0.00812259$ & $0.0267537$ & $-0.0474484$ & $0.0231522$ & $0.119976$ & $0.102062$ & $-0.0542699$ & $-0.0282095$ & $-0.0372121$ & $-0.0602812$ & $-0.0393936$ & $-0.0390218$ & $-0.025153$ & $-0.0171324$ & $-0.0246649$ & $-0.0182142$ & $-0.0450635$ & $-0.0554069$ & $0.0308012$ & $0.00786188$ & $-0.00992984$ & $0.0323547$ & $0.329309$ & $1$ & $0.103372$ & $0.415532$ & $0.0280216$ & $0.0434419$ & $0.0270692$ & $-0.059777$ & $-0.0321467$ & $-0.065267$ & $0.0079397$ & $0.0560688$ & $0.00368963$ & $-0.0421381$ & $0.053129$ & $0.0375608$ & $-0.076022$ & $0.219852$ & $0.0280771$ & $0.0481961$ \\
CuH_33r & $-0.00114797$ & $0.0746461$ & $0.146589$ & $0.0498188$ & $0.0236276$ & $0.0107761$ & $0.945656$ & $-0.115765$ & $-0.0776004$ & $0.172427$ & $0.0550285$ & $-0.110272$ & $-0.300352$ & $0.0864027$ & $-0.0319677$ & $0.00715741$ & $0.111283$ & $0.143136$ & $0.10303$ & $-0.0482374$ & $-0.0603052$ & $-0.0618425$ & $-0.00462028$ & $0.139858$ & $0.109492$ & $0.0198234$ & $-0.0679025$ & $-0.105451$ & $0.0121053$ & $-0.019895$ & $0.103372$ & $1$ & $-0.00117052$ & $-0.0603423$ & $-0.0950776$ & $0.0706068$ & $-0.0168389$ & $-0.00967404$ & $0.0161097$ & $0.0113948$ & $0.0270163$ & $-0.0521983$ & $-0.133179$ & $-0.0421032$ & $0.0592765$ & $0.0812363$ & $0.0619423$ & $0.0101646$ & $0.00353497$ \\
CdH_33r & $-0.0320604$ & $0.00180326$ & $0.0133741$ & $0.149777$ & $-0.00739859$ & $0.00829722$ & $-0.162859$ & $0.118682$ & $0.12953$ & $-0.193064$ & $-0.0513766$ & $0.368704$ & $0.314185$ & $-0.0771812$ & $0.0082609$ & $0.0322023$ & $-0.138598$ & $-0.127295$ & $-0.148861$ & $0.0506238$ & $0.057535$ & $0.0566764$ & $0.000665435$ & $-0.137092$ & $-0.143752$ & $-0.0209589$ & $0.036054$ & $0.0356293$ & $0.0113095$ & $0.700378$ & $0.415532$ & $-0.00117052$ & $1$ & $0.0826721$ & $-0.0749415$ & $0.0931136$ & $-0.0259987$ & $-0.0824851$ & $-0.00825287$ & $-0.0191311$ & $0.0177517$ & $0.0184467$ & $-0.0925587$ & $0.0511762$ & $0.0922262$ & $-0.0337302$ & $0.0433671$ & $0.0267931$ & $0.286059$ \\
CLL_1221 & $-0.0556094$ & $0.00731109$ & $-0.00177994$ & $0.0138946$ & $-0.0219141$ & $-0.104385$ & $-0.0574014$ & $0.544341$ & $0.536871$ & $-0.339954$ & $-0.345339$ & $-0.000867079$ & $0.216758$ & $-0.195043$ & $-0.604726$ & $-0.089757$ & $-0.241034$ & $0.0668371$ & $-0.339745$ & $0.267198$ & $0.430655$ & $0.424844$ & $0.198767$ & $-0.609967$ & $-0.184343$ & $-0.260844$ & $0.68774$ & $0.123533$ & $-0.00107257$ & $0.0683348$ & $0.0280216$ & $-0.0603423$ & $0.0826721$ & $1$ & $-0.0371218$ & $-0.019778$ & $0.0304398$ & $-0.00255864$ & $-0.00296249$ & $-0.0208891$ & $-0.0341005$ & $0.0535078$ & $0.0295018$ & $0.0498455$ & $0.0270082$ & $0.041729$ & $-0.0501557$ & $-0.0706409$ & $0.038168$ \\
eHggint & $-0.0470949$ & $-0.24233$ & $0.0448822$ & $-0.281492$ & $-0.0518632$ & $-2.98874e-05$ & $-0.140272$ & $-0.0306809$ & $-0.0453055$ & $-0.0254523$ & $0.0757043$ & $0.021084$ & $0.0395718$ & $-0.103823$ & $0.00769828$ & $-0.100621$ & $-0.075974$ & $-0.0966114$ & $-0.0154781$ & $-0.0819225$ & $-0.0761807$ & $-0.0835126$ & $0.0171834$ & $-0.0533584$ & $-0.0516133$ & $0.0359733$ & $0.00198349$ & $0.0274672$ & $-0.00493208$ & $-0.0429542$ & $0.0434419$ & $-0.0950776$ & $-0.0749415$ & $-0.0371218$ & $1$ & $-0.152607$ & $-0.029875$ & $-0.0248929$ & $-0.0158358$ & $0.0064113$ & $0.284133$ & $-0.0660975$ & $0.263512$ & $0.110785$ & $0.0294213$ & $-0.355769$ & $0.339599$ & $0.032827$ & $-0.0846531$ \\
eHggpar & $0.0099266$ & $0.0401929$ & $0.119363$ & $0.32688$ & $0.00641612$ & $-0.031345$ & $0.0309185$ & $-0.0246744$ & $-0.0327762$ & $0.0544191$ & $0.0220085$ & $0.0417483$ & $-0.0275165$ & $0.00993489$ & $0.00293741$ & $0.0299161$ & $-0.00219763$ & $0.00871025$ & $-0.0212389$ & $-0.0191953$ & $-0.0235046$ & $-0.0292034$ & $0.0250594$ & $0.0172677$ & $-0.0237134$ & $-0.0356006$ & $-0.0665661$ & $-0.00927141$ & $-0.064849$ & $0.0492556$ & $0.0270692$ & $0.0706068$ & $0.0931136$ & $-0.019778$ & $-0.152607$ & $1$ & $-0.0751122$ & $-0.0594835$ & $0.190586$ & $-0.0370431$ & $0.200544$ & $-0.0394954$ & $-0.21898$ & $0.0476279$ & $0.185819$ & $0.130179$ & $0.0488466$ & $0.0298089$ & $0.223106$ \\
eHWWint & $0.0412409$ & $-0.0712622$ & $-0.260681$ & $-0.086815$ & $-0.0300984$ & $-0.0322286$ & $-0.0079001$ & $0.0613334$ & $0.0417742$ & $-0.0243683$ & $-0.078234$ & $-0.00743315$ & $0.0140351$ & $0.0597427$ & $0.0232456$ & $0.0321333$ & $0.0359004$ & $0.0192448$ & $0.0153986$ & $0.0722259$ & $0.0752519$ & $0.0718985$ & $-0.0326481$ & $-0.0360781$ & $0.0240035$ & $-0.0517444$ & $0.0178496$ & $-0.0343417$ & $-0.0195105$ & $-0.0702756$ & $-0.059777$ & $-0.0168389$ & $-0.0259987$ & $0.0304398$ & $-0.029875$ & $-0.0751122$ & $1$ & $-0.0261602$ & $0.235451$ & $0.0416509$ & $0.0228731$ & $-0.0493495$ & $-0.145489$ & $0.0663411$ & $-0.0402832$ & $0.203692$ & $-0.209542$ & $-0.160382$ & $0.226617$ \\
eHWWpar & $-0.0858648$ & $0.01332$ & $0.0517929$ & $-0.0965548$ & $-0.0117968$ & $0.0110719$ & $0.00295771$ & $0.0465588$ & $0.0492781$ & $0.0167654$ & $-0.0666799$ & $-0.024546$ & $-0.0311936$ & $0.0568816$ & $0.0454126$ & $-0.0109967$ & $0.0438165$ & $0.00545065$ & $0.0557256$ & $0.0675266$ & $0.0675937$ & $0.0655684$ & $0.0228377$ & $-0.00917263$ & $0.0534248$ & $-0.0155624$ & $0.0546147$ & $-0.0241293$ & $0.0860643$ & $-0.0261311$ & $-0.0321467$ & $-0.00967404$ & $-0.0824851$ & $-0.00255864$ & $-0.0248929$ & $-0.0594835$ & $-0.0261602$ & $1$ & $-0.00569329$ & $-0.0370779$ & $0.0200921$ & $0.0733377$ & $0.0405377$ & $-0.114067$ & $-0.15027$ & $-0.044676$ & $-0.0104294$ & $0.0232024$ & $-0.165707$ \\
eHZZint & $-0.0785904$ & $0.0540614$ & $0.155962$ & $0.0275826$ & $-0.0437114$ & $0.0095322$ & $0.0060893$ & $-0.00559194$ & $-0.00341725$ & $0.0679925$ & $-0.0102264$ & $0.0391955$ & $-0.02797$ & $0.0374622$ & $0.00157513$ & $-0.00303672$ & $0.0304257$ & $0.0305393$ & $0.0314422$ & $0.00889655$ & $0.0100136$ & $0.00559001$ & $0.0577243$ & $0.00766422$ & $0.0149881$ & $-0.0683327$ & $-0.0242315$ & $-0.0985698$ & $-0.0211501$ & $0.0104173$ & $-0.065267$ & $0.0161097$ & $-0.00825287$ & $-0.00296249$ & $-0.0158358$ & $0.190586$ & $0.235451$ & $-0.00569329$ & $1$ & $0.0344089$ & $0.0662786$ & $-0.0229978$ & $0.110047$ & $0.030303$ & $0.237337$ & $0.140079$ & $-0.0775397$ & $-0.145123$ & $0.103796$ \\
eHZZpar & $-0.0157437$ & $-0.0682467$ & $0.0730332$ & $-0.0927026$ & $-0.0532$ & $0.0264833$ & $0.00853925$ & $0.019584$ & $0.0206069$ & $0.00861904$ & $-0.0355546$ & $0.0174742$ & $0.00510897$ & $0.0607249$ & $0.0272138$ & $-0.0202293$ & $0.0200559$ & $0.00956422$ & $0.05439$ & $0.034286$ & $0.0356673$ & $0.035782$ & $0.000355219$ & $-0.0100098$ & $0.0269729$ & $-0.0375433$ & $-0.00497709$ & $0.0190792$ & $-0.0525368$ & $-0.0327314$ & $0.0079397$ & $0.0113948$ & $-0.0191311$ & $-0.0208891$ & $0.0064113$ & $-0.0370431$ & $0.0416509$ & $-0.0370779$ & $0.0344089$ & $1$ & $0.102234$ & $-0.0259581$ & $0.032731$ & $0.00375372$ & $-0.0376565$ & $-0.075017$ & $0.0820994$ & $-0.00541713$ & $-0.0389157$ \\
eHZgaint & $0.0292814$ & $-0.169464$ & $0.131548$ & $-0.0316192$ & $-0.0840071$ & $0.0254695$ & $-0.0045379$ & $-0.0183445$ & $-0.0279903$ & $-0.00891871$ & $0.0196083$ & $-0.0190926$ & $-0.0372078$ & $-0.00255082$ & $0.0113578$ & $-0.0326295$ & $-0.00432947$ & $-0.0124886$ & $0.0233356$ & $-0.0218383$ & $-0.020864$ & $-0.0363752$ & $-0.000316161$ & $0.00586379$ & $0.000702344$ & $-0.00414368$ & $-0.0151089$ & $-0.0155517$ & $-0.029742$ & $0.00945441$ & $0.0560688$ & $0.0270163$ & $0.0177517$ & $-0.0341005$ & $0.284133$ & $0.200544$ & $0.0228731$ & $0.0200921$ & $0.0662786$ & $0.102234$ & $1$ & $-0.0810147$ & $-0.205332$ & $-0.123812$ & $0.174437$ & $-0.418517$ & $0.374327$ & $0.0296046$ & $0.0525074$ \\
eHZgapar & $-0.0435385$ & $-0.00763956$ & $0.0410473$ & $0.0170268$ & $0.0245853$ & $-0.0457804$ & $-0.0452941$ & $0.0385957$ & $0.0398819$ & $-0.0028167$ & $-0.027856$ & $0.0138219$ & $0.00671048$ & $-0.000814691$ & $-0.0337567$ & $-0.062127$ & $-0.0148567$ & $-0.00126741$ & $0.0205155$ & $0.0204977$ & $0.0371121$ & $0.0326336$ & $0.0459322$ & $-0.0352361$ & $0.0226515$ & $-0.0396656$ & $0.0938431$ & $-0.0182078$ & $-0.0437118$ & $0.00880699$ & $0.00368963$ & $-0.0521983$ & $0.0184467$ & $0.0535078$ & $-0.0660975$ & $-0.0394954$ & $-0.0493495$ & $0.0733377$ & $-0.0229978$ & $-0.0259581$ & $-0.0810147$ & $1$ & $0.0833556$ & $0.0631965$ & $-0.0386845$ & $0.00779293$ & $-0.0203889$ & $0.0666349$ & $-0.0195732$ \\
eHgagaint & $-0.23176$ & $0.120242$ & $0.143854$ & $-0.157725$ & $-0.041341$ & $0.0684659$ & $-0.133229$ & $0.0108986$ & $0.046076$ & $-0.0265485$ & $0.00986443$ & $0.0204024$ & $0.0632329$ & $-0.0204275$ & $-0.0245019$ & $-0.04256$ & $-0.040032$ & $-0.0244079$ & $-0.011093$ & $-0.0145867$ & $-0.00413033$ & $0.00672535$ & $0.0359286$ & $-0.0323032$ & $0.00307914$ & $0.000553526$ & $0.0495974$ & $0.0221519$ & $0.0249535$ & $0.0107145$ & $-0.0421381$ & $-0.133179$ & $-0.0925587$ & $0.0295018$ & $0.263512$ & $-0.21898$ & $-0.145489$ & $0.0405377$ & $0.110047$ & $0.032731$ & $-0.205332$ & $0.0833556$ & $1$ & $0.295025$ & $0.0774584$ & $0.187351$ & $-0.257773$ & $0.130551$ & $-0.35983$ \\
eHmumuint & $-0.197586$ & $0.0768458$ & $-0.00233418$ & $-0.238166$ & $0.000777828$ & $0.0280794$ & $-0.0562141$ & $0.0524768$ & $0.0606698$ & $0.00229569$ & $-0.0297683$ & $0.0957366$ & $0.0950214$ & $-0.0322885$ & $0.0097085$ & $0.038927$ & $-0.029349$ & $-0.039459$ & $-0.068708$ & $0.0316794$ & $0.0306402$ & $0.0405951$ & $-0.00314409$ & $-0.0554937$ & $-0.0445795$ & $-0.0246446$ & $-0.00312022$ & $0.0173819$ & $-0.0597321$ & $0.0174577$ & $0.053129$ & $-0.0421032$ & $0.0511762$ & $0.0498455$ & $0.110785$ & $0.0476279$ & $0.0663411$ & $-0.114067$ & $0.030303$ & $0.00375372$ & $-0.123812$ & $0.0631965$ & $0.295025$ & $1$ & $0.138677$ & $0.186051$ & $0.0802084$ & $-0.170564$ & $0.0950884$ \\
eHtautauint & $-0.0236321$ & $-0.0296444$ & $-0.049565$ & $0.280323$ & $-0.0253462$ & $0.018201$ & $0.0378142$ & $0.0396968$ & $0.0445987$ & $0.0281545$ & $-0.0612552$ & $-0.0523774$ & $-0.0707024$ & $0.0620868$ & $0.00735068$ & $0.0336249$ & $0.0443937$ & $0.0399439$ & $0.0101808$ & $0.0591554$ & $0.0634901$ & $0.0481176$ & $0.0105423$ & $0.0292009$ & $0.0117523$ & $-0.0562601$ & $-0.00133574$ & $-0.00717696$ & $0.0108944$ & $0.0535098$ & $0.0375608$ & $0.0592765$ & $0.0922262$ & $0.0270082$ & $0.0294213$ & $0.185819$ & $-0.0402832$ & $-0.15027$ & $0.237337$ & $-0.0376565$ & $0.174437$ & $-0.0386845$ & $0.0774584$ & $0.138677$ & $1$ & $-0.115613$ & $0.134579$ & $0.00516353$ & $0.290646$ \\
eHccint & $-0.0129347$ & $0.185499$ & $0.104486$ & $-0.0726227$ & $0.0539847$ & $-0.0422584$ & $0.0922289$ & $0.0155781$ & $0.0290556$ & $-0.021037$ & $-0.0135497$ & $-0.0336613$ & $-0.0342251$ & $0.0024551$ & $-0.0136909$ & $0.0316884$ & $0.00591284$ & $0.012184$ & $-0.0253658$ & $0.0116487$ & $0.0130463$ & $0.0306328$ & $-0.0167819$ & $-0.00914202$ & $0.00016922$ & $0.0182378$ & $0.0198518$ & $0.00536312$ & $-0.0333952$ & $0.00900929$ & $-0.076022$ & $0.0812363$ & $-0.0337302$ & $0.041729$ & $-0.355769$ & $0.130179$ & $0.203692$ & $-0.044676$ & $0.140079$ & $-0.075017$ & $-0.418517$ & $0.00779293$ & $0.187351$ & $0.186051$ & $-0.115613$ & $1$ & $-0.430648$ & $-0.234683$ & $-0.0537944$ \\
eHccpar & $0.021433$ & $-0.109659$ & $0.184288$ & $-0.10879$ & $-0.0752123$ & $0.00149064$ & $0.0263862$ & $-0.0582867$ & $-0.0659462$ & $0.0440462$ & $0.0742846$ & $0.00799931$ & $-0.0114191$ & $-0.065464$ & $0.00557727$ & $-0.0668579$ & $-0.0200659$ & $-0.0387594$ & $0.011339$ & $-0.0743633$ & $-0.0721052$ & $-0.0862291$ & $-0.0396607$ & $0.0170444$ & $-0.0231276$ & $0.0635291$ & $-0.0324784$ & $-0.00969584$ & $-0.00060903$ & $-0.019267$ & $0.219852$ & $0.0619423$ & $0.0433671$ & $-0.0501557$ & $0.339599$ & $0.0488466$ & $-0.209542$ & $-0.0104294$ & $-0.0775397$ & $0.0820994$ & $0.374327$ & $-0.0203889$ & $-0.257773$ & $0.0802084$ & $0.134579$ & $-0.430648$ & $1$ & $0.111439$ & $0.10394$ \\
eHbbint & $-0.243921$ & $0.14686$ & $-0.0407487$ & $0.335749$ & $-0.0524095$ & $0.0289698$ & $-0.00106336$ & $-0.105124$ & $-0.0976752$ & $0.0545892$ & $0.0790514$ & $-0.0521882$ & $-0.092377$ & $0.0158346$ & $-0.0188439$ & $-0.0210484$ & $0.0383702$ & $0.0556236$ & $0.0537637$ & $-0.0729291$ & $-0.0794789$ & $-0.0868057$ & $0.0350075$ & $0.104414$ & $0.0932702$ & $0.0271439$ & $-0.0193914$ & $-0.00595895$ & $0.0159779$ & $-0.0192534$ & $0.0280771$ & $0.0101646$ & $0.0267931$ & $-0.0706409$ & $0.032827$ & $0.0298089$ & $-0.160382$ & $0.0232024$ & $-0.145123$ & $-0.00541713$ & $0.0296046$ & $0.0666349$ & $0.130551$ & $-0.170564$ & $0.00516353$ & $-0.234683$ & $0.111439$ & $1$ & $-0.156968$ \\
eHbbpar & $0.134386$ & $-0.0529053$ & $-0.0453139$ & $0.233361$ & $-0.00153807$ & $-0.0500277$ & $0.00801054$ & $0.0295148$ & $0.0030133$ & $-0.0629152$ & $-0.0153362$ & $-0.03417$ & $0.0123751$ & $-0.00718091$ & $-0.0180003$ & $0.0116494$ & $-0.0306923$ & $-0.00899632$ & $-0.0367313$ & $0.0140782$ & $0.0166365$ & $0.0135025$ & $-0.0576347$ & $-0.0198434$ & $-0.0644036$ & $0.00669106$ & $-0.0219168$ & $0.0173061$ & $-0.0021278$ & $0.0116204$ & $0.0481961$ & $0.00353497$ & $0.286059$ & $0.038168$ & $-0.0846531$ & $0.223106$ & $0.226617$ & $-0.165707$ & $0.103796$ & $-0.0389157$ & $0.0525074$ & $-0.0195732$ & $-0.35983$ & $0.0950884$ & $0.290646$ & $-0.0537944$ & $0.10394$ & $-0.156968$ & $1$ \\
