 & AlsMz & dAle5Mz & mtop & mHl & Mz & CW & CHG & CHWB & CHWHB_gaga & CHWHB_gagaorth & CHD & CHbox & CH & CHL1_11 & CHL1_22 & CHL1_33 & CHL3_11 & CHL3_22 & CHL3_33 & CHe_11 & CHe_22 & CHe_33 & CHQ1_11 & CHQ1_33 & CHQ3_11 & CHu_11 & CHd_11 & CHd_33 & CeH_22r & CeH_33r & CuH_22r & CuH_33r & CdH_33r & CLL_1221 & eHggint & eHggpar & eHWWint & eHWWpar & eHZZint & eHZZpar & eHZgaint & eHZgapar & eHgagaint & eHmumuint & eHtautauint & eHccint & eHccpar & eHbbint & eHbbpar \\
AlsMz & $1$ & $0.0198644$ & $0.0578955$ & $-0.0242672$ & $-0.0187214$ & $-0.0316347$ & $0.0194245$ & $-0.0284229$ & $-0.025572$ & $-0.00207248$ & $-0.0122139$ & $0.011947$ & $0.0446506$ & $0.0450967$ & $0.00319267$ & $-0.0343029$ & $0.074621$ & $0.0620357$ & $0.0905646$ & $0.00479842$ & $0.00798895$ & $0.0110188$ & $-0.0177436$ & $0.0114731$ & $-0.0187695$ & $-0.0251758$ & $-0.0235771$ & $0.0269186$ & $0.00713994$ & $0.0360992$ & $0.0388833$ & $0.0259074$ & $0.017465$ & $-0.0221584$ & $-0.0212143$ & $-0.0432943$ & $0.0563222$ & $-0.0484663$ & $0.0511842$ & $-0.0312531$ & $0.0572212$ & $-0.00075638$ & $-0.0147792$ & $-0.0499919$ & $0.0192472$ & $-0.0533098$ & $0.0720223$ & $0.0533813$ & $-0.060345$ \\
dAle5Mz & $0.0198644$ & $1$ & $-0.015185$ & $-0.0619804$ & $-0.0323144$ & $0.0189884$ & $-0.00356914$ & $-0.0706181$ & $-0.0596624$ & $0.00696044$ & $0.0495561$ & $-0.00831821$ & $-0.0172679$ & $-0.022719$ & $0.0346331$ & $0.00169223$ & $0.0122289$ & $-0.0139084$ & $0.0114175$ & $-0.0251009$ & $-0.0364516$ & $-0.0333738$ & $-0.0405123$ & $0.0379439$ & $0.00120888$ & $0.0424618$ & $-0.0438458$ & $-0.0119276$ & $0.0173855$ & $-0.0346743$ & $-0.0309112$ & $-0.0154648$ & $-0.0387498$ & $-0.0379773$ & $-0.035335$ & $-0.0291258$ & $0.0613141$ & $-0.0275278$ & $-0.0309551$ & $0.0326608$ & $0.103581$ & $-0.0320542$ & $0.0972071$ & $0.0282181$ & $-0.00795352$ & $0.000528633$ & $-0.000627945$ & $-0.0322249$ & $-0.0273722$ \\
mtop & $0.0578955$ & $-0.015185$ & $1$ & $-0.0233022$ & $-0.0278679$ & $-0.0457688$ & $-0.0375604$ & $0.0115374$ & $0.0134459$ & $0.00844694$ & $-0.0166888$ & $0.0480731$ & $0.0575187$ & $0.00756659$ & $0.00538057$ & $-0.00103122$ & $0.0353418$ & $0.0181448$ & $0.0243641$ & $0.0213172$ & $0.0234495$ & $0.0243975$ & $0.0493193$ & $-0.000143592$ & $0.0130667$ & $-0.0594558$ & $0.00406258$ & $-0.00820612$ & $-0.0179887$ & $0.0248068$ & $0.0632377$ & $-0.0256863$ & $0.0640373$ & $0.0165183$ & $0.0354748$ & $-0.0275477$ & $-0.00300911$ & $-0.00641057$ & $-0.0229058$ & $-0.0182817$ & $-0.00945558$ & $-0.0334559$ & $-0.0118051$ & $0.0311692$ & $-0.0506204$ & $-0.0020492$ & $0.126268$ & $-0.0483$ & $0.0606487$ \\
mHl & $-0.0242672$ & $-0.0619804$ & $-0.0233022$ & $1$ & $-0.00481541$ & $-0.00624075$ & $-0.00353701$ & $0.0122884$ & $0.00855294$ & $-0.021225$ & $-0.0168402$ & $0.00569722$ & $-0.0130505$ & $0.0176564$ & $-0.00385261$ & $0.00599467$ & $0.0106067$ & $0.0121133$ & $0.00949129$ & $0.0130162$ & $0.0168293$ & $0.0182745$ & $0.0233827$ & $0.00988173$ & $0.0190247$ & $-0.0307885$ & $0.0220669$ & $0.0295608$ & $-0.0283672$ & $-0.0160827$ & $-0.0315575$ & $-0.0087686$ & $-0.0298535$ & $0.00971464$ & $0.0179573$ & $-0.0667305$ & $0.0086852$ & $0.0251578$ & $0.00408149$ & $-0.00110429$ & $0.00677022$ & $0.0053361$ & $-0.0158631$ & $-0.00483231$ & $-0.00377307$ & $0.0968511$ & $-0.0238791$ & $-0.0189523$ & $-0.0589649$ \\
Mz & $-0.0187214$ & $-0.0323144$ & $-0.0278679$ & $-0.00481541$ & $1$ & $-0.0071129$ & $-0.0413267$ & $0.0327347$ & $0.0342607$ & $-0.0492922$ & $-0.0209265$ & $0.0231543$ & $0.0444794$ & $0.00479664$ & $0.0164$ & $0.0386755$ & $-0.00939133$ & $-0.0154056$ & $-0.0329475$ & $0.0258601$ & $0.0257633$ & $0.0264737$ & $0.00433069$ & $-0.0243429$ & $-0.0285711$ & $-0.0300123$ & $-0.0145224$ & $-0.0174065$ & $0.0128364$ & $0.00917732$ & $0.00613744$ & $-0.0501805$ & $0.00624447$ & $0.0146511$ & $-0.000484759$ & $-0.0112009$ & $0.0602629$ & $-0.0229182$ & $-0.0474213$ & $-0.012111$ & $-0.0094768$ & $0.0108567$ & $0.00252893$ & $0.0412875$ & $0.0153419$ & $-0.00697798$ & $0.0132878$ & $-0.042353$ & $-0.00663952$ \\
CW & $-0.0316347$ & $0.0189884$ & $-0.0457688$ & $-0.00624075$ & $-0.0071129$ & $1$ & $0.0359747$ & $-0.0534919$ & $-0.0559492$ & $0.0238104$ & $0.154247$ & $-0.018943$ & $-0.0467487$ & $-0.0147197$ & $-0.0550749$ & $-0.0779003$ & $-0.358491$ & $-0.167255$ & $-0.151694$ & $-0.148849$ & $-0.159494$ & $-0.159165$ & $-0.0334348$ & $-0.101108$ & $-0.207304$ & $0.116177$ & $-0.103482$ & $-0.0621844$ & $-0.0107329$ & $-0.0435793$ & $-0.0185622$ & $0.0389196$ & $-0.0465264$ & $-0.13693$ & $0.03803$ & $-0.00905443$ & $0.0124563$ & $0.00940426$ & $-0.0193665$ & $0.00327988$ & $0.0186832$ & $-0.00319018$ & $-0.0331561$ & $-0.0105966$ & $0.0184472$ & $0.0299834$ & $-0.00331219$ & $-0.0164087$ & $0.0113514$ \\
CHG & $0.0194245$ & $-0.00356914$ & $-0.0375604$ & $-0.00353701$ & $-0.0413267$ & $0.0359747$ & $1$ & $-0.0451188$ & $-0.0169607$ & $0.152833$ & $0.0864888$ & $-0.67193$ & $-0.771217$ & $-0.0978032$ & $0.00535816$ & $-0.039002$ & $-0.0911121$ & $-0.0929153$ & $-0.0655293$ & $-0.0803949$ & $-0.089933$ & $-0.0928021$ & $-0.0400473$ & $-0.0258593$ & $-0.0918338$ & $0.0834726$ & $-0.0575098$ & $-0.0344195$ & $-0.140102$ & $-0.58554$ & $-0.363434$ & $0.959037$ & $-0.584145$ & $-0.0568757$ & $-0.123556$ & $-0.046212$ & $0.0607906$ & $0.00669129$ & $0.0102448$ & $-0.00183058$ & $-0.0281264$ & $0.0210934$ & $0.0194358$ & $-0.0374636$ & $0.0340518$ & $0.0130938$ & $-0.041997$ & $0.0187317$ & $0.0338654$ \\
CHWB & $-0.0284229$ & $-0.0706181$ & $0.0115374$ & $0.0122884$ & $0.0327347$ & $-0.0534919$ & $-0.0451188$ & $1$ & $0.987995$ & $-0.556433$ & $-0.871195$ & $-0.0624067$ & $0.043839$ & $0.272012$ & $0.452467$ & $0.451804$ & $-0.219701$ & $-0.397112$ & $-0.390823$ & $0.855525$ & $0.884609$ & $0.876328$ & $0.0303407$ & $-0.624544$ & $-0.354081$ & $-0.589452$ & $0.405309$ & $0.368272$ & $-0.00281511$ & $0.0463817$ & $0.0308355$ & $-0.0556808$ & $0.0392756$ & $0.513005$ & $-0.0399458$ & $-0.0315316$ & $-0.00600774$ & $-0.00466737$ & $0.0224304$ & $0.00130565$ & $-0.0156639$ & $-0.0284456$ & $0.018729$ & $0.0182636$ & $-0.0147817$ & $-0.00283205$ & $0.0200688$ & $0.0226125$ & $-0.00384923$ \\
CHWHB_gaga & $-0.025572$ & $-0.0596624$ & $0.0134459$ & $0.00855294$ & $0.0342607$ & $-0.0559492$ & $-0.0169607$ & $0.987995$ & $1$ & $-0.552433$ & $-0.86119$ & $-0.057613$ & $0.0452488$ & $0.267838$ & $0.45298$ & $0.445726$ & $-0.215563$ & $-0.395556$ & $-0.384354$ & $0.846027$ & $0.874349$ & $0.866847$ & $0.0257238$ & $-0.616785$ & $-0.3483$ & $-0.580263$ & $0.400972$ & $0.369096$ & $0.00683623$ & $0.0609404$ & $0.041219$ & $-0.0312019$ & $0.0556864$ & $0.502646$ & $-0.0579112$ & $-0.0397729$ & $-0.0112935$ & $-0.00637014$ & $0.0144522$ & $0.0025336$ & $-0.0183875$ & $-0.0276471$ & $0.0748502$ & $0.0164548$ & $-0.0135765$ & $-0.00633052$ & $0.0201717$ & $0.0219836$ & $-0.00397345$ \\
CHWHB_gagaorth & $-0.00207248$ & $0.00696044$ & $0.00844694$ & $-0.021225$ & $-0.0492922$ & $0.0238104$ & $0.152833$ & $-0.556433$ & $-0.552433$ & $1$ & $0.475477$ & $0.016989$ & $-0.221963$ & $-0.136793$ & $-0.254419$ & $-0.248498$ & $0.14439$ & $0.241496$ & $0.230869$ & $-0.468281$ & $-0.483104$ & $-0.48271$ & $-0.0181759$ & $0.357344$ & $0.21202$ & $0.327219$ & $-0.230679$ & $-0.204318$ & $-0.0169499$ & $-0.213902$ & $-0.124829$ & $0.169661$ & $-0.205814$ & $-0.281898$ & $0.0690259$ & $-0.0106799$ & $0.00527303$ & $0.0201775$ & $-0.00571554$ & $0.00234824$ & $-0.0312637$ & $-0.00751722$ & $-0.0294888$ & $0.0361069$ & $0.00808805$ & $0.0107901$ & $0.00578453$ & $-0.0192148$ & $0.025393$ \\
CHD & $-0.0122139$ & $0.0495561$ & $-0.0166888$ & $-0.0168402$ & $-0.0209265$ & $0.154247$ & $0.0864888$ & $-0.871195$ & $-0.86119$ & $0.475477$ & $1$ & $0.0438767$ & $-0.107407$ & $-0.669092$ & $-0.569285$ & $-0.557161$ & $-0.258115$ & $-0.0304073$ & $-0.0371448$ & $-0.994506$ & $-0.99491$ & $-0.982253$ & $0.0266262$ & $0.208017$ & $-0.082936$ & $0.67685$ & $-0.275241$ & $-0.418546$ & $0.00321387$ & $-0.101955$ & $-0.0667692$ & $0.0978342$ & $-0.100617$ & $-0.303602$ & $0.0420684$ & $0.0415182$ & $-0.00338755$ & $0.0241349$ & $-0.0433853$ & $-0.00355059$ & $0.024352$ & $0.0296034$ & $-0.0127686$ & $-0.0233631$ & $0.0287697$ & $0.00981004$ & $-0.0256486$ & $-0.0218918$ & $0.0193207$ \\
CHbox & $0.011947$ & $-0.00831821$ & $0.0480731$ & $0.00569722$ & $0.0231543$ & $-0.018943$ & $-0.67193$ & $-0.0624067$ & $-0.057613$ & $0.016989$ & $0.0438767$ & $1$ & $0.875638$ & $0.00193141$ & $-0.0629442$ & $-0.0285318$ & $0.0402419$ & $0.0671834$ & $0.0484144$ & $-0.0464765$ & $-0.0415363$ & $-0.0379698$ & $0.0182494$ & $0.0371644$ & $0.0609887$ & $0.0258534$ & $0.00798556$ & $0.00900415$ & $0.172382$ & $0.670993$ & $0.368457$ & $-0.579745$ & $0.659952$ & $0.00200717$ & $0.146681$ & $0.0524832$ & $-0.0480128$ & $-0.0168291$ & $-0.0374973$ & $0.00298231$ & $0.00892453$ & $-0.0369565$ & $-0.0292827$ & $0.0334483$ & $-0.0436299$ & $-0.0310801$ & $0.0364441$ & $-0.00740859$ & $-0.0538056$ \\
CH & $0.0446506$ & $-0.0172679$ & $0.0575187$ & $-0.0130505$ & $0.0444794$ & $-0.0467487$ & $-0.771217$ & $0.043839$ & $0.0452488$ & $-0.221963$ & $-0.107407$ & $0.875638$ & $1$ & $0.138041$ & $0.00446556$ & $0.0310382$ & $0.135229$ & $0.130323$ & $0.117333$ & $0.100103$ & $0.110305$ & $0.113961$ & $0.0316807$ & $0.0482359$ & $0.133634$ & $-0.0911157$ & $0.0668057$ & $0.0550468$ & $0.184677$ & $0.722956$ & $0.420275$ & $-0.696173$ & $0.71401$ & $0.0472294$ & $0.128793$ & $0.0531717$ & $-0.0361483$ & $-0.0281052$ & $-0.0374537$ & $-0.00612642$ & $0.0263497$ & $-0.0360495$ & $-0.0358469$ & $0.0220064$ & $-0.0683456$ & $-0.0189782$ & $0.044928$ & $-0.0209607$ & $-0.0504427$ \\
CHL1_11 & $0.0450967$ & $-0.022719$ & $0.00756659$ & $0.0176564$ & $0.00479664$ & $-0.0147197$ & $-0.0978032$ & $0.272012$ & $0.267838$ & $-0.136793$ & $-0.669092$ & $0.00193141$ & $0.138041$ & $1$ & $0.407333$ & $0.385197$ & $0.638675$ & $0.593347$ & $0.597588$ & $0.677041$ & $0.641288$ & $0.628603$ & $-0.10428$ & $0.437104$ & $0.598914$ & $-0.446387$ & $-0.0533314$ & $0.273139$ & $-0.00623962$ & $0.118351$ & $0.0780544$ & $-0.106053$ & $0.119798$ & $-0.180805$ & $-0.00851541$ & $-0.0475075$ & $0.0220227$ & $-0.0318049$ & $0.0515895$ & $0.00314021$ & $-0.0300273$ & $-0.00804237$ & $-0.0120583$ & $0.011288$ & $-0.0205771$ & $-0.0147388$ & $0.00160444$ & $-0.000334676$ & $-0.0449079$ \\
CHL1_22 & $0.00319267$ & $0.0346331$ & $0.00538057$ & $-0.00385261$ & $0.0164$ & $-0.0550749$ & $0.00535816$ & $0.452467$ & $0.45298$ & $-0.254419$ & $-0.569285$ & $-0.0629442$ & $0.00446556$ & $0.407333$ & $1$ & $0.537369$ & $0.171825$ & $-0.31167$ & $-0.00135179$ & $0.614339$ & $0.511978$ & $0.499801$ & $-0.173212$ & $0.0460243$ & $-0.067256$ & $-0.363846$ & $-0.30729$ & $0.210934$ & $-0.0219696$ & $0.0184055$ & $0.00817075$ & $-0.000143472$ & $0.0178565$ & $-0.493014$ & $-0.0251773$ & $-0.0068746$ & $0.0142268$ & $-0.0264248$ & $0.0211376$ & $0.00884093$ & $-0.023554$ & $-0.0364831$ & $0.0422041$ & $-0.00849222$ & $-0.00797585$ & $-0.0220361$ & $0.00126167$ & $0.00981727$ & $-0.0140659$ \\
CHL1_33 & $-0.0343029$ & $0.00169223$ & $-0.00103122$ & $0.00599467$ & $0.0386755$ & $-0.0779003$ & $-0.039002$ & $0.451804$ & $0.445726$ & $-0.248498$ & $-0.557161$ & $-0.0285318$ & $0.0310382$ & $0.385197$ & $0.537369$ & $1$ & $0.153564$ & $-0.0148031$ & $-0.319455$ & $0.601962$ & $0.502366$ & $0.511789$ & $-0.169342$ & $0.0386436$ & $-0.0800459$ & $-0.352773$ & $-0.300361$ & $0.210932$ & $-0.019249$ & $0.0335121$ & $0.00645503$ & $-0.0376391$ & $0.0420955$ & $-0.0399688$ & $-0.0204138$ & $0.0048023$ & $0.017953$ & $-0.0190901$ & $0.0144801$ & $0.0318365$ & $-0.00236735$ & $-0.0445181$ & $0.00658069$ & $0.0141927$ & $-0.0217312$ & $0.0101159$ & $0.00126273$ & $0.0173901$ & $0.00195637$ \\
CHL3_11 & $0.074621$ & $0.0122289$ & $0.0353418$ & $0.0106067$ & $-0.00939133$ & $-0.358491$ & $-0.0911121$ & $-0.219701$ & $-0.215563$ & $0.14439$ & $-0.258115$ & $0.0402419$ & $0.135229$ & $0.638675$ & $0.171825$ & $0.153564$ & $1$ & $0.818861$ & $0.819045$ & $0.265875$ & $0.236596$ & $0.228533$ & $-0.0614836$ & $0.748169$ & $0.855151$ & $-0.187611$ & $-0.136048$ & $0.108153$ & $0.00527394$ & $0.12051$ & $0.0784509$ & $-0.0924901$ & $0.135504$ & $-0.247246$ & $-0.00890117$ & $-0.013926$ & $0.0102695$ & $-0.039586$ & $0.0371273$ & $-0.00266888$ & $-0.0159659$ & $-0.00409624$ & $-0.00805095$ & $0.0190447$ & $-0.0355157$ & $-0.0167177$ & $0.0276166$ & $0.00451978$ & $-0.0149139$ \\
CHL3_22 & $0.0620357$ & $-0.0139084$ & $0.0181448$ & $0.0121133$ & $-0.0154056$ & $-0.167255$ & $-0.0929153$ & $-0.397112$ & $-0.395556$ & $0.241496$ & $-0.0304073$ & $0.0671834$ & $0.130323$ & $0.593347$ & $-0.31167$ & $-0.0148031$ & $0.818861$ & $1$ & $0.784632$ & $0.0248914$ & $0.0280556$ & $0.0270992$ & $-0.0114469$ & $0.729391$ & $0.864028$ & $-0.0333036$ & $-0.03971$ & $0.0212817$ & $0.0103743$ & $0.10519$ & $0.0694493$ & $-0.0916211$ & $0.117884$ & $-0.0505345$ & $0.00979106$ & $-0.0200135$ & $0.0107097$ & $-0.0234594$ & $0.0318891$ & $0.000233298$ & $-0.00759089$ & $0.016121$ & $-0.0387138$ & $0.0193168$ & $-0.026592$ & $0.00143287$ & $0.0104652$ & $-0.00382311$ & $-0.0199805$ \\
CHL3_33 & $0.0905646$ & $0.0114175$ & $0.0243641$ & $0.00949129$ & $-0.0329475$ & $-0.151694$ & $-0.0655293$ & $-0.390823$ & $-0.384354$ & $0.230869$ & $-0.0371448$ & $0.0484144$ & $0.117333$ & $0.597588$ & $-0.00135179$ & $-0.319455$ & $0.819045$ & $0.784632$ & $1$ & $0.0308972$ & $0.0347936$ & $0.0320451$ & $-0.00872328$ & $0.720778$ & $0.863208$ & $-0.0422208$ & $-0.0332116$ & $0.0212479$ & $0.0104878$ & $0.0982931$ & $0.0731071$ & $-0.0695976$ & $0.102616$ & $-0.351229$ & $0.00343619$ & $-0.0288308$ & $0.00516713$ & $-0.025512$ & $0.0373235$ & $-0.0181813$ & $-0.0234279$ & $0.0195821$ & $-0.00866322$ & $0.00171067$ & $-0.0202731$ & $-0.0210469$ & $0.0104385$ & $-0.00810908$ & $-0.0363844$ \\
CHe_11 & $0.00479842$ & $-0.0251009$ & $0.0213172$ & $0.0130162$ & $0.0258601$ & $-0.148849$ & $-0.0803949$ & $0.855525$ & $0.846027$ & $-0.468281$ & $-0.994506$ & $-0.0464765$ & $0.100103$ & $0.677041$ & $0.614339$ & $0.601962$ & $0.265875$ & $0.0248914$ & $0.0308972$ & $1$ & $0.98426$ & $0.971857$ & $-0.0462004$ & $-0.176036$ & $0.08285$ & $-0.670554$ & $0.219866$ & $0.412844$ & $-0.00529438$ & $0.0954035$ & $0.0617594$ & $-0.0915404$ & $0.09534$ & $0.245939$ & $-0.0431014$ & $-0.0404416$ & $0.00528828$ & $-0.0254082$ & $0.0425643$ & $0.00879206$ & $-0.0224821$ & $-0.0316109$ & $0.0157422$ & $0.0256006$ & $-0.0314215$ & $-0.00659892$ & $0.0228731$ & $0.0219416$ & $-0.0195217$ \\
CHe_22 & $0.00798895$ & $-0.0364516$ & $0.0234495$ & $0.0168293$ & $0.0257633$ & $-0.159494$ & $-0.089933$ & $0.884609$ & $0.874349$ & $-0.483104$ & $-0.99491$ & $-0.0415363$ & $0.110305$ & $0.641288$ & $0.511978$ & $0.502366$ & $0.236596$ & $0.0280556$ & $0.0347936$ & $0.98426$ & $1$ & $0.98588$ & $-0.00420993$ & $-0.249859$ & $0.0745338$ & $-0.677665$ & $0.337759$ & $0.420143$ & $-0.000960069$ & $0.102884$ & $0.0682173$ & $-0.102473$ & $0.100741$ & $0.372234$ & $-0.0427946$ & $-0.0455516$ & $0.00199103$ & $-0.0223863$ & $0.0419421$ & $0.00168032$ & $-0.0213572$ & $-0.027818$ & $0.0136707$ & $0.0268227$ & $-0.0293007$ & $-0.00951843$ & $0.029505$ & $0.0200807$ & $-0.0191665$ \\
CHe_33 & $0.0110188$ & $-0.0333738$ & $0.0243975$ & $0.0182745$ & $0.0264737$ & $-0.159165$ & $-0.0928021$ & $0.876328$ & $0.866847$ & $-0.48271$ & $-0.982253$ & $-0.0379698$ & $0.113961$ & $0.628603$ & $0.499801$ & $0.511789$ & $0.228533$ & $0.0270992$ & $0.0320451$ & $0.971857$ & $0.98588$ & $1$ & $-0.00493892$ & $-0.25274$ & $0.0702255$ & $-0.667612$ & $0.337969$ & $0.412152$ & $0.00596876$ & $0.106614$ & $0.0725029$ & $-0.103606$ & $0.105251$ & $0.377654$ & $-0.0404859$ & $-0.0441622$ & $-0.00482684$ & $-0.0222612$ & $0.0418761$ & $-0.00143221$ & $-0.0193593$ & $-0.0317623$ & $0.0184285$ & $0.027895$ & $-0.0323766$ & $-0.00968456$ & $0.028032$ & $0.024509$ & $-0.0232936$ \\
CHQ1_11 & $-0.0177436$ & $-0.0405123$ & $0.0493193$ & $0.0233827$ & $0.00433069$ & $-0.0334348$ & $-0.0400473$ & $0.0303407$ & $0.0257238$ & $-0.0181759$ & $0.0266262$ & $0.0182494$ & $0.0316807$ & $-0.10428$ & $-0.173212$ & $-0.169342$ & $-0.0614836$ & $-0.0114469$ & $-0.00872328$ & $-0.0462004$ & $-0.00420993$ & $-0.00493892$ & $1$ & $-0.125365$ & $0.0507013$ & $-0.571558$ & $0.337149$ & $-0.00572482$ & $-0.0360456$ & $0.0230982$ & $0.0271749$ & $-0.0328571$ & $0.0347813$ & $0.199477$ & $0.0243032$ & $-0.0173783$ & $-0.0438352$ & $0.0380638$ & $0.0233505$ & $-0.0133814$ & $0.00938935$ & $0.0254851$ & $0.00291091$ & $-0.0052096$ & $-0.00527584$ & $0.00435708$ & $0.0340719$ & $0.0124715$ & $-0.000917763$ \\
CHQ1_33 & $0.0114731$ & $0.0379439$ & $-0.000143592$ & $0.00988173$ & $-0.0243429$ & $-0.101108$ & $-0.0258593$ & $-0.624544$ & $-0.616785$ & $0.357344$ & $0.208017$ & $0.0371644$ & $0.0482359$ & $0.437104$ & $0.0460243$ & $0.0386436$ & $0.748169$ & $0.729391$ & $0.720778$ & $-0.176036$ & $-0.249859$ & $-0.25274$ & $-0.125365$ & $1$ & $0.737864$ & $0.147701$ & $-0.398818$ & $-0.0200605$ & $0.00231417$ & $0.0397437$ & $0.0178906$ & $-0.0227513$ & $0.04845$ & $-0.602906$ & $0.00722785$ & $0.000527994$ & $0.0118013$ & $-0.0150996$ & $0.0228907$ & $0.0150598$ & $-0.0100135$ & $0.0142026$ & $-0.0154121$ & $0.00578278$ & $-0.0173574$ & $-0.00667155$ & $-0.0118357$ & $-0.021236$ & $-0.0135126$ \\
CHQ3_11 & $-0.0187695$ & $0.00120888$ & $0.0130667$ & $0.0190247$ & $-0.0285711$ & $-0.207304$ & $-0.0918338$ & $-0.354081$ & $-0.3483$ & $0.21202$ & $-0.082936$ & $0.0609887$ & $0.133634$ & $0.598914$ & $-0.067256$ & $-0.0800459$ & $0.855151$ & $0.864028$ & $0.863208$ & $0.08285$ & $0.0745338$ & $0.0702255$ & $0.0507013$ & $0.737864$ & $1$ & $-0.0642548$ & $0.140501$ & $0.0380004$ & $0.00237023$ & $0.110664$ & $0.0564553$ & $-0.0937181$ & $0.121015$ & $-0.224297$ & $0.00389593$ & $-0.0247822$ & $-0.00435563$ & $-0.0268139$ & $0.0315208$ & $0.00857482$ & $-0.0298747$ & $0.0098602$ & $-0.00614912$ & $0.0246865$ & $-0.0282928$ & $-0.0374236$ & $0.00969269$ & $-0.00915479$ & $-0.0172444$ \\
CHu_11 & $-0.0251758$ & $0.0424618$ & $-0.0594558$ & $-0.0307885$ & $-0.0300123$ & $0.116177$ & $0.0834726$ & $-0.589452$ & $-0.580263$ & $0.327219$ & $0.67685$ & $0.0258534$ & $-0.0911157$ & $-0.446387$ & $-0.363846$ & $-0.352773$ & $-0.187611$ & $-0.0333036$ & $-0.0422208$ & $-0.670554$ & $-0.677665$ & $-0.667612$ & $-0.571558$ & $0.147701$ & $-0.0642548$ & $1$ & $-0.183023$ & $-0.281857$ & $0.0321664$ & $-0.0909386$ & $-0.0719644$ & $0.0854238$ & $-0.0994174$ & $-0.230524$ & $0.0264472$ & $0.0366343$ & $0.0345962$ & $0.0100661$ & $-0.0499939$ & $0.0158798$ & $-0.00796866$ & $-0.00278327$ & $0.00188171$ & $0.000523976$ & $0.0230704$ & $-0.0134338$ & $-0.0299126$ & $-0.0228216$ & $0.0208766$ \\
CHd_11 & $-0.0235771$ & $-0.0438458$ & $0.00406258$ & $0.0220669$ & $-0.0145224$ & $-0.103482$ & $-0.0575098$ & $0.405309$ & $0.400972$ & $-0.230679$ & $-0.275241$ & $0.00798556$ & $0.0668057$ & $-0.0533314$ & $-0.30729$ & $-0.300361$ & $-0.136048$ & $-0.03971$ & $-0.0332116$ & $0.219866$ & $0.337759$ & $0.337969$ & $0.337149$ & $-0.398818$ & $0.140501$ & $-0.183023$ & $1$ & $0.130224$ & $0.0138525$ & $0.0489106$ & $0.0143059$ & $-0.0659369$ & $0.0393173$ & $0.685891$ & $-0.0217141$ & $-0.040629$ & $-0.0294446$ & $0.0136724$ & $0.013999$ & $0.00460053$ & $-0.0198038$ & $0.00669246$ & $0.0178337$ & $0.0344836$ & $-0.0154718$ & $-0.0460358$ & $0.0281618$ & $0.00492306$ & $0.00586303$ \\
CHd_33 & $0.0269186$ & $-0.0119276$ & $-0.00820612$ & $0.0295608$ & $-0.0174065$ & $-0.0621844$ & $-0.0344195$ & $0.368272$ & $0.369096$ & $-0.204318$ & $-0.418546$ & $0.00900415$ & $0.0550468$ & $0.273139$ & $0.210934$ & $0.210932$ & $0.108153$ & $0.0212817$ & $0.0212479$ & $0.412844$ & $0.420143$ & $0.412152$ & $-0.00572482$ & $-0.0200605$ & $0.0380004$ & $-0.281857$ & $0.130224$ & $1$ & $0.0185597$ & $0.0644871$ & $0.0237338$ & $-0.036304$ & $0.0396042$ & $0.158823$ & $0.00220274$ & $-0.03211$ & $0.00936451$ & $0.0169197$ & $0.00315656$ & $-0.00286851$ & $-0.00128663$ & $-0.00672604$ & $0.0537556$ & $0.0078038$ & $0.031362$ & $-0.0221959$ & $0.0044208$ & $-0.025937$ & $-0.0238158$ \\
CeH_22r & $0.00713994$ & $0.0173855$ & $-0.0179887$ & $-0.0283672$ & $0.0128364$ & $-0.0107329$ & $-0.140102$ & $-0.00281511$ & $0.00683623$ & $-0.0169499$ & $0.00321387$ & $0.172382$ & $0.184677$ & $-0.00623962$ & $-0.0219696$ & $-0.019249$ & $0.00527394$ & $0.0103743$ & $0.0104878$ & $-0.00529438$ & $-0.000960069$ & $0.00596876$ & $-0.0360456$ & $0.00231417$ & $0.00237023$ & $0.0321664$ & $0.0138525$ & $0.0185597$ & $1$ & $0.168709$ & $0.0931524$ & $-0.135738$ & $0.163599$ & $0.0214397$ & $-0.0279951$ & $0.00787412$ & $0.0160904$ & $0.0192849$ & $-0.0376645$ & $-0.00726038$ & $0.0130185$ & $0.000350918$ & $0.0489197$ & $0.024341$ & $0.00440233$ & $-0.0113404$ & $-0.000738894$ & $-0.0244171$ & $-0.0180586$ \\
CeH_33r & $0.0360992$ & $-0.0346743$ & $0.0248068$ & $-0.0160827$ & $0.00917732$ & $-0.0435793$ & $-0.58554$ & $0.0463817$ & $0.0609404$ & $-0.213902$ & $-0.101955$ & $0.670993$ & $0.722956$ & $0.118351$ & $0.0184055$ & $0.0335121$ & $0.12051$ & $0.10519$ & $0.0982931$ & $0.0954035$ & $0.102884$ & $0.106614$ & $0.0230982$ & $0.0397437$ & $0.110664$ & $-0.0909386$ & $0.0489106$ & $0.0644871$ & $0.168709$ & $1$ & $0.501326$ & $-0.454302$ & $0.820883$ & $0.0365513$ & $0.0503953$ & $0.0525976$ & $-0.150234$ & $-0.0315336$ & $-0.0563939$ & $-0.0108958$ & $0.0145344$ & $-0.0044321$ & $-0.0309868$ & $0.0109322$ & $0.0398291$ & $0.00845902$ & $0.0364161$ & $-0.00614837$ & $-0.0521557$ \\
CuH_22r & $0.0388833$ & $-0.0309112$ & $0.0632377$ & $-0.0315575$ & $0.00613744$ & $-0.0185622$ & $-0.363434$ & $0.0308355$ & $0.041219$ & $-0.124829$ & $-0.0667692$ & $0.368457$ & $0.420275$ & $0.0780544$ & $0.00817075$ & $0.00645503$ & $0.0784509$ & $0.0694493$ & $0.0731071$ & $0.0617594$ & $0.0682173$ & $0.0725029$ & $0.0271749$ & $0.0178906$ & $0.0564553$ & $-0.0719644$ & $0.0143059$ & $0.0237338$ & $0.0931524$ & $0.501326$ & $1$ & $-0.276743$ & $0.530214$ & $0.0257234$ & $0.0172599$ & $0.0322419$ & $-0.109979$ & $-0.0462494$ & $-0.00774837$ & $-0.0302406$ & $0.0323595$ & $-0.00562556$ & $-0.00535623$ & $0.0123077$ & $-0.000628118$ & $0.0615147$ & $0.341638$ & $0.0188871$ & $-0.0114961$ \\
CuH_33r & $0.0259074$ & $-0.0154648$ & $-0.0256863$ & $-0.0087686$ & $-0.0501805$ & $0.0389196$ & $0.959037$ & $-0.0556808$ & $-0.0312019$ & $0.169661$ & $0.0978342$ & $-0.579745$ & $-0.696173$ & $-0.106053$ & $-0.000143472$ & $-0.0376391$ & $-0.0924901$ & $-0.0916211$ & $-0.0695976$ & $-0.0915404$ & $-0.102473$ & $-0.103606$ & $-0.0328571$ & $-0.0227513$ & $-0.0937181$ & $0.0854238$ & $-0.0659369$ & $-0.036304$ & $-0.135738$ & $-0.454302$ & $-0.276743$ & $1$ & $-0.437049$ & $-0.0612153$ & $-0.0669023$ & $-0.00878613$ & $0.0334929$ & $0.00120302$ & $0.0149839$ & $-0.000688054$ & $-0.0284749$ & $0.0178155$ & $0.00614659$ & $-0.0383781$ & $0.0304059$ & $0.0170615$ & $-0.0434343$ & $0.0212798$ & $0.0331024$ \\
CdH_33r & $0.017465$ & $-0.0387498$ & $0.0640373$ & $-0.0298535$ & $0.00624447$ & $-0.0465264$ & $-0.584145$ & $0.0392756$ & $0.0556864$ & $-0.205814$ & $-0.100617$ & $0.659952$ & $0.71401$ & $0.119798$ & $0.0178565$ & $0.0420955$ & $0.135504$ & $0.117884$ & $0.102616$ & $0.09534$ & $0.100741$ & $0.105251$ & $0.0347813$ & $0.04845$ & $0.121015$ & $-0.0994174$ & $0.0393173$ & $0.0396042$ & $0.163599$ & $0.820883$ & $0.530214$ & $-0.437049$ & $1$ & $0.0346454$ & $0.0413531$ & $0.0685937$ & $-0.16471$ & $-0.0368266$ & $-0.0520836$ & $0.00147896$ & $0.02879$ & $-0.0136391$ & $-0.0340968$ & $-0.00355067$ & $0.00107839$ & $-0.00605252$ & $0.0378913$ & $0.0983313$ & $0.270596$ \\
CLL_1221 & $-0.0221584$ & $-0.0379773$ & $0.0165183$ & $0.00971464$ & $0.0146511$ & $-0.13693$ & $-0.0568757$ & $0.513005$ & $0.502646$ & $-0.281898$ & $-0.303602$ & $0.00200717$ & $0.0472294$ & $-0.180805$ & $-0.493014$ & $-0.0399688$ & $-0.247246$ & $-0.0505345$ & $-0.351229$ & $0.245939$ & $0.372234$ & $0.377654$ & $0.199477$ & $-0.602906$ & $-0.224297$ & $-0.230524$ & $0.685891$ & $0.158823$ & $0.0214397$ & $0.0365513$ & $0.0257234$ & $-0.0612153$ & $0.0346454$ & $1$ & $-0.0196421$ & $-0.0196755$ & $-0.0161395$ & $0.0124234$ & $-0.000690689$ & $-0.00754291$ & $0.0166271$ & $0.000483617$ & $-0.0124412$ & $0.0326437$ & $-0.0152316$ & $0.0160793$ & $0.0280352$ & $0.01613$ & $0.0189793$ \\
eHggint & $-0.0212143$ & $-0.035335$ & $0.0354748$ & $0.0179573$ & $-0.000484759$ & $0.03803$ & $-0.123556$ & $-0.0399458$ & $-0.0579112$ & $0.0690259$ & $0.0420684$ & $0.146681$ & $0.128793$ & $-0.00851541$ & $-0.0251773$ & $-0.0204138$ & $-0.00890117$ & $0.00979106$ & $0.00343619$ & $-0.0431014$ & $-0.0427946$ & $-0.0404859$ & $0.0243032$ & $0.00722785$ & $0.00389593$ & $0.0264472$ & $-0.0217141$ & $0.00220274$ & $-0.0279951$ & $0.0503953$ & $0.0172599$ & $-0.0669023$ & $0.0413531$ & $-0.0196421$ & $1$ & $-0.015639$ & $-0.0609173$ & $0.0396234$ & $0.019151$ & $0.0239151$ & $0.0814631$ & $-0.0215775$ & $-0.102079$ & $0.0863413$ & $0.0144416$ & $0.0101407$ & $0.0148069$ & $-0.0726669$ & $0.00322684$ \\
eHggpar & $-0.0432943$ & $-0.0291258$ & $-0.0275477$ & $-0.0667305$ & $-0.0112009$ & $-0.00905443$ & $-0.046212$ & $-0.0315316$ & $-0.0397729$ & $-0.0106799$ & $0.0415182$ & $0.0524832$ & $0.0531717$ & $-0.0475075$ & $-0.0068746$ & $0.0048023$ & $-0.013926$ & $-0.0200135$ & $-0.0288308$ & $-0.0404416$ & $-0.0455516$ & $-0.0441622$ & $-0.0173783$ & $0.000527994$ & $-0.0247822$ & $0.0366343$ & $-0.040629$ & $-0.03211$ & $0.00787412$ & $0.0525976$ & $0.0322419$ & $-0.00878613$ & $0.0685937$ & $-0.0196755$ & $-0.015639$ & $1$ & $-0.0550623$ & $-0.0265103$ & $0.0674881$ & $0.0194774$ & $0.0593866$ & $0.0151644$ & $-0.0318684$ & $-0.0907924$ & $0.0160166$ & $0.0445965$ & $-0.0240565$ & $0.00743257$ & $0.046936$ \\
eHWWint & $0.0563222$ & $0.0613141$ & $-0.00300911$ & $0.0086852$ & $0.0602629$ & $0.0124563$ & $0.0607906$ & $-0.00600774$ & $-0.0112935$ & $0.00527303$ & $-0.00338755$ & $-0.0480128$ & $-0.0361483$ & $0.0220227$ & $0.0142268$ & $0.017953$ & $0.0102695$ & $0.0107097$ & $0.00516713$ & $0.00528828$ & $0.00199103$ & $-0.00482684$ & $-0.0438352$ & $0.0118013$ & $-0.00435563$ & $0.0345962$ & $-0.0294446$ & $0.00936451$ & $0.0160904$ & $-0.150234$ & $-0.109979$ & $0.0334929$ & $-0.16471$ & $-0.0161395$ & $-0.0609173$ & $-0.0550623$ & $1$ & $-0.0283647$ & $0.000962896$ & $0.0164043$ & $-0.00719478$ & $-0.00582696$ & $0.0656993$ & $0.00258587$ & $-0.095453$ & $0.0275594$ & $-0.0691776$ & $-0.032163$ & $0.00572805$ \\
eHWWpar & $-0.0484663$ & $-0.0275278$ & $-0.00641057$ & $0.0251578$ & $-0.0229182$ & $0.00940426$ & $0.00669129$ & $-0.00466737$ & $-0.00637014$ & $0.0201775$ & $0.0241349$ & $-0.0168291$ & $-0.0281052$ & $-0.0318049$ & $-0.0264248$ & $-0.0190901$ & $-0.039586$ & $-0.0234594$ & $-0.025512$ & $-0.0254082$ & $-0.0223863$ & $-0.0222612$ & $0.0380638$ & $-0.0150996$ & $-0.0268139$ & $0.0100661$ & $0.0136724$ & $0.0169197$ & $0.0192849$ & $-0.0315336$ & $-0.0462494$ & $0.00120302$ & $-0.0368266$ & $0.0124234$ & $0.0396234$ & $-0.0265103$ & $-0.0283647$ & $1$ & $0.023031$ & $0.0131015$ & $0.0250066$ & $0.018578$ & $0.020281$ & $0.00106837$ & $0.0116283$ & $0.0673962$ & $-0.0149095$ & $0.0227638$ & $-0.0199728$ \\
eHZZint & $0.0511842$ & $-0.0309551$ & $-0.0229058$ & $0.00408149$ & $-0.0474213$ & $-0.0193665$ & $0.0102448$ & $0.0224304$ & $0.0144522$ & $-0.00571554$ & $-0.0433853$ & $-0.0374973$ & $-0.0374537$ & $0.0515895$ & $0.0211376$ & $0.0144801$ & $0.0371273$ & $0.0318891$ & $0.0373235$ & $0.0425643$ & $0.0419421$ & $0.0418761$ & $0.0233505$ & $0.0228907$ & $0.0315208$ & $-0.0499939$ & $0.013999$ & $0.00315656$ & $-0.0376645$ & $-0.0563939$ & $-0.00774837$ & $0.0149839$ & $-0.0520836$ & $-0.000690689$ & $0.019151$ & $0.0674881$ & $0.000962896$ & $0.023031$ & $1$ & $-0.00230994$ & $0.0571472$ & $0.0601063$ & $-0.031445$ & $-0.0437993$ & $-0.0225606$ & $-0.0315645$ & $0.0378907$ & $0.0744526$ & $-0.0474779$ \\
eHZZpar & $-0.0312531$ & $0.0326608$ & $-0.0182817$ & $-0.00110429$ & $-0.012111$ & $0.00327988$ & $-0.00183058$ & $0.00130565$ & $0.0025336$ & $0.00234824$ & $-0.00355059$ & $0.00298231$ & $-0.00612642$ & $0.00314021$ & $0.00884093$ & $0.0318365$ & $-0.00266888$ & $0.000233298$ & $-0.0181813$ & $0.00879206$ & $0.00168032$ & $-0.00143221$ & $-0.0133814$ & $0.0150598$ & $0.00857482$ & $0.0158798$ & $0.00460053$ & $-0.00286851$ & $-0.00726038$ & $-0.0108958$ & $-0.0302406$ & $-0.000688054$ & $0.00147896$ & $-0.00754291$ & $0.0239151$ & $0.0194774$ & $0.0164043$ & $0.0131015$ & $-0.00230994$ & $1$ & $-0.01235$ & $0.00837596$ & $-0.021253$ & $0.0221947$ & $0.0350197$ & $-0.00242322$ & $-0.0203748$ & $-0.00988278$ & $0.0174607$ \\
eHZgaint & $0.0572212$ & $0.103581$ & $-0.00945558$ & $0.00677022$ & $-0.0094768$ & $0.0186832$ & $-0.0281264$ & $-0.0156639$ & $-0.0183875$ & $-0.0312637$ & $0.024352$ & $0.00892453$ & $0.0263497$ & $-0.0300273$ & $-0.023554$ & $-0.00236735$ & $-0.0159659$ & $-0.00759089$ & $-0.0234279$ & $-0.0224821$ & $-0.0213572$ & $-0.0193593$ & $0.00938935$ & $-0.0100135$ & $-0.0298747$ & $-0.00796866$ & $-0.0198038$ & $-0.00128663$ & $0.0130185$ & $0.0145344$ & $0.0323595$ & $-0.0284749$ & $0.02879$ & $0.0166271$ & $0.0814631$ & $0.0593866$ & $-0.00719478$ & $0.0250066$ & $0.0571472$ & $-0.01235$ & $1$ & $-0.0108814$ & $-0.0680577$ & $-0.00479644$ & $-0.0277622$ & $0.031746$ & $0.0410618$ & $0.0483785$ & $0.0337983$ \\
eHZgapar & $-0.00075638$ & $-0.0320542$ & $-0.0334559$ & $0.0053361$ & $0.0108567$ & $-0.00319018$ & $0.0210934$ & $-0.0284456$ & $-0.0276471$ & $-0.00751722$ & $0.0296034$ & $-0.0369565$ & $-0.0360495$ & $-0.00804237$ & $-0.0364831$ & $-0.0445181$ & $-0.00409624$ & $0.016121$ & $0.0195821$ & $-0.0316109$ & $-0.027818$ & $-0.0317623$ & $0.0254851$ & $0.0142026$ & $0.0098602$ & $-0.00278327$ & $0.00669246$ & $-0.00672604$ & $0.000350918$ & $-0.0044321$ & $-0.00562556$ & $0.0178155$ & $-0.0136391$ & $0.000483617$ & $-0.0215775$ & $0.0151644$ & $-0.00582696$ & $0.018578$ & $0.0601063$ & $0.00837596$ & $-0.0108814$ & $1$ & $0.0666267$ & $-0.0477617$ & $0.0201828$ & $0.0619667$ & $-0.0185284$ & $-0.014285$ & $0.0293054$ \\
eHgagaint & $-0.0147792$ & $0.0972071$ & $-0.0118051$ & $-0.0158631$ & $0.00252893$ & $-0.0331561$ & $0.0194358$ & $0.018729$ & $0.0748502$ & $-0.0294888$ & $-0.0127686$ & $-0.0292827$ & $-0.0358469$ & $-0.0120583$ & $0.0422041$ & $0.00658069$ & $-0.00805095$ & $-0.0387138$ & $-0.00866322$ & $0.0157422$ & $0.0136707$ & $0.0184285$ & $0.00291091$ & $-0.0154121$ & $-0.00614912$ & $0.00188171$ & $0.0178337$ & $0.0537556$ & $0.0489197$ & $-0.0309868$ & $-0.00535623$ & $0.00614659$ & $-0.0340968$ & $-0.0124412$ & $-0.102079$ & $-0.0318684$ & $0.0656993$ & $0.020281$ & $-0.031445$ & $-0.021253$ & $-0.0680577$ & $0.0666267$ & $1$ & $-0.038833$ & $-0.010723$ & $-0.0575019$ & $-0.00810686$ & $-0.0149925$ & $-0.0259074$ \\
eHmumuint & $-0.0499919$ & $0.0282181$ & $0.0311692$ & $-0.00483231$ & $0.0412875$ & $-0.0105966$ & $-0.0374636$ & $0.0182636$ & $0.0164548$ & $0.0361069$ & $-0.0233631$ & $0.0334483$ & $0.0220064$ & $0.011288$ & $-0.00849222$ & $0.0141927$ & $0.0190447$ & $0.0193168$ & $0.00171067$ & $0.0256006$ & $0.0268227$ & $0.027895$ & $-0.0052096$ & $0.00578278$ & $0.0246865$ & $0.000523976$ & $0.0344836$ & $0.0078038$ & $0.024341$ & $0.0109322$ & $0.0123077$ & $-0.0383781$ & $-0.00355067$ & $0.0326437$ & $0.0863413$ & $-0.0907924$ & $0.00258587$ & $0.00106837$ & $-0.0437993$ & $0.0221947$ & $-0.00479644$ & $-0.0477617$ & $-0.038833$ & $1$ & $0.02621$ & $-0.00773912$ & $-0.0105701$ & $-0.0154778$ & $-0.0519239$ \\
eHtautauint & $0.0192472$ & $-0.00795352$ & $-0.0506204$ & $-0.00377307$ & $0.0153419$ & $0.0184472$ & $0.0340518$ & $-0.0147817$ & $-0.0135765$ & $0.00808805$ & $0.0287697$ & $-0.0436299$ & $-0.0683456$ & $-0.0205771$ & $-0.00797585$ & $-0.0217312$ & $-0.0355157$ & $-0.026592$ & $-0.0202731$ & $-0.0314215$ & $-0.0293007$ & $-0.0323766$ & $-0.00527584$ & $-0.0173574$ & $-0.0282928$ & $0.0230704$ & $-0.0154718$ & $0.031362$ & $0.00440233$ & $0.0398291$ & $-0.000628118$ & $0.0304059$ & $0.00107839$ & $-0.0152316$ & $0.0144416$ & $0.0160166$ & $-0.095453$ & $0.0116283$ & $-0.0225606$ & $0.0350197$ & $-0.0277622$ & $0.0201828$ & $-0.010723$ & $0.02621$ & $1$ & $-0.0103029$ & $-0.026794$ & $-0.0591464$ & $0.0653406$ \\
eHccint & $-0.0533098$ & $0.000528633$ & $-0.0020492$ & $0.0968511$ & $-0.00697798$ & $0.0299834$ & $0.0130938$ & $-0.00283205$ & $-0.00633052$ & $0.0107901$ & $0.00981004$ & $-0.0310801$ & $-0.0189782$ & $-0.0147388$ & $-0.0220361$ & $0.0101159$ & $-0.0167177$ & $0.00143287$ & $-0.0210469$ & $-0.00659892$ & $-0.00951843$ & $-0.00968456$ & $0.00435708$ & $-0.00667155$ & $-0.0374236$ & $-0.0134338$ & $-0.0460358$ & $-0.0221959$ & $-0.0113404$ & $0.00845902$ & $0.0615147$ & $0.0170615$ & $-0.00605252$ & $0.0160793$ & $0.0101407$ & $0.0445965$ & $0.0275594$ & $0.0673962$ & $-0.0315645$ & $-0.00242322$ & $0.031746$ & $0.0619667$ & $-0.0575019$ & $-0.00773912$ & $-0.0103029$ & $1$ & $-0.00245582$ & $-0.0113877$ & $-0.00370186$ \\
eHccpar & $0.0720223$ & $-0.000627945$ & $0.126268$ & $-0.0238791$ & $0.0132878$ & $-0.00331219$ & $-0.041997$ & $0.0200688$ & $0.0201717$ & $0.00578453$ & $-0.0256486$ & $0.0364441$ & $0.044928$ & $0.00160444$ & $0.00126167$ & $0.00126273$ & $0.0276166$ & $0.0104652$ & $0.0104385$ & $0.0228731$ & $0.029505$ & $0.028032$ & $0.0340719$ & $-0.0118357$ & $0.00969269$ & $-0.0299126$ & $0.0281618$ & $0.0044208$ & $-0.000738894$ & $0.0364161$ & $0.341638$ & $-0.0434343$ & $0.0378913$ & $0.0280352$ & $0.0148069$ & $-0.0240565$ & $-0.0691776$ & $-0.0149095$ & $0.0378907$ & $-0.0203748$ & $0.0410618$ & $-0.0185284$ & $-0.00810686$ & $-0.0105701$ & $-0.026794$ & $-0.00245582$ & $1$ & $0.0197633$ & $-0.012649$ \\
eHbbint & $0.0533813$ & $-0.0322249$ & $-0.0483$ & $-0.0189523$ & $-0.042353$ & $-0.0164087$ & $0.0187317$ & $0.0226125$ & $0.0219836$ & $-0.0192148$ & $-0.0218918$ & $-0.00740859$ & $-0.0209607$ & $-0.000334676$ & $0.00981727$ & $0.0173901$ & $0.00451978$ & $-0.00382311$ & $-0.00810908$ & $0.0219416$ & $0.0200807$ & $0.024509$ & $0.0124715$ & $-0.021236$ & $-0.00915479$ & $-0.0228216$ & $0.00492306$ & $-0.025937$ & $-0.0244171$ & $-0.00614837$ & $0.0188871$ & $0.0212798$ & $0.0983313$ & $0.01613$ & $-0.0726669$ & $0.00743257$ & $-0.032163$ & $0.0227638$ & $0.0744526$ & $-0.00988278$ & $0.0483785$ & $-0.014285$ & $-0.0149925$ & $-0.0154778$ & $-0.0591464$ & $-0.0113877$ & $0.0197633$ & $1$ & $-0.0527689$ \\
eHbbpar & $-0.060345$ & $-0.0273722$ & $0.0606487$ & $-0.0589649$ & $-0.00663952$ & $0.0113514$ & $0.0338654$ & $-0.00384923$ & $-0.00397345$ & $0.025393$ & $0.0193207$ & $-0.0538056$ & $-0.0504427$ & $-0.0449079$ & $-0.0140659$ & $0.00195637$ & $-0.0149139$ & $-0.0199805$ & $-0.0363844$ & $-0.0195217$ & $-0.0191665$ & $-0.0232936$ & $-0.000917763$ & $-0.0135126$ & $-0.0172444$ & $0.0208766$ & $0.00586303$ & $-0.0238158$ & $-0.0180586$ & $-0.0521557$ & $-0.0114961$ & $0.0331024$ & $0.270596$ & $0.0189793$ & $0.00322684$ & $0.046936$ & $0.00572805$ & $-0.0199728$ & $-0.0474779$ & $0.0174607$ & $0.0337983$ & $0.0293054$ & $-0.0259074$ & $-0.0519239$ & $0.0653406$ & $-0.00370186$ & $-0.012649$ & $-0.0527689$ & $1$ \\
