 & AlsMz & dAle5Mz & mtop & mHl & Mz & CW & CHG & CHWB & CHWHB_gaga & CHWHB_gagaorth & CHD & CHbox & CH & CHL1_11 & CHL1_22 & CHL1_33 & CHL3_11 & CHL3_22 & CHL3_33 & CHe_11 & CHe_22 & CHe_33 & CHQ1_11 & CHQ1_33 & CHQ3_11 & CHu_11 & CHd_11 & CHd_33 & CeH_22r & CeH_33r & CuH_22r & CuH_33r & CdH_33r & CLL_1221 & eHggint & eHggpar & eHWWint & eHWWpar & eHZZint & eHZZpar & eHZgaint & eHZgapar & eHgagaint & eHmumuint & eHtautauint & eHccint & eHccpar & eHbbint & eHbbpar \\
AlsMz & $1$ & $0.0179221$ & $0.0147272$ & $0.0102549$ & $-0.00380718$ & $-0.00696395$ & $0.021238$ & $0.00838883$ & $0.0104219$ & $0.0111512$ & $-0.0125332$ & $-0.00178049$ & $0.00151051$ & $0.0203963$ & $-0.0118343$ & $-0.00623456$ & $-0.0332875$ & $-0.00339302$ & $-0.00281284$ & $0.00345585$ & $0.00306891$ & $0.00811969$ & $-0.000427313$ & $-0.0765287$ & $-0.143545$ & $-0.0450745$ & $-0.0367207$ & $0.00133959$ & $-0.0524572$ & $-0.0243623$ & $0.0340509$ & $0.016449$ & $0.0023704$ & $7.04947e-05$ & $-0.038029$ & $0.0100937$ & $0.084579$ & $-0.0121595$ & $-0.0220281$ & $0.0587864$ & $-0.00263265$ & $0.0107154$ & $-0.0196611$ & $0.0180751$ & $0.0132254$ & $0.0328722$ & $0.05779$ & $0.000604828$ & $0.0437922$ \\
dAle5Mz & $0.0179221$ & $1$ & $-0.0156952$ & $-0.0155494$ & $-0.0339654$ & $0.00772911$ & $0.0271895$ & $-0.105445$ & $-0.0923599$ & $0.00209992$ & $0.0842132$ & $0.00947839$ & $-0.046898$ & $-0.0358916$ & $0.00714078$ & $-0.0272265$ & $0.029243$ & $-0.00138173$ & $0.0247474$ & $-0.0560001$ & $-0.0591533$ & $-0.0676706$ & $0.0101316$ & $0.03885$ & $0.0354968$ & $0.0314839$ & $-0.000125901$ & $-0.0351853$ & $0.0556014$ & $-0.00669292$ & $0.0234433$ & $0.0129703$ & $-0.0783983$ & $-0.0168368$ & $-0.0214091$ & $-0.000590674$ & $0.0176015$ & $0.0068755$ & $-0.0815919$ & $-0.014474$ & $0.0604918$ & $-0.0137594$ & $0.0112215$ & $0.0912064$ & $0.0418358$ & $0.00543628$ & $0.00142012$ & $-0.0312031$ & $-0.0891918$ \\
mtop & $0.0147272$ & $-0.0156952$ & $1$ & $-0.0137778$ & $-0.0291855$ & $0.0266804$ & $-0.0451361$ & $-0.0193969$ & $-0.0152245$ & $0.0472309$ & $0.0513706$ & $0.072658$ & $-0.00662257$ & $-0.0578623$ & $-0.0633624$ & $-0.0232085$ & $-0.0320971$ & $-0.000708529$ & $-0.0170082$ & $-0.0492835$ & $-0.0355497$ & $-0.0280607$ & $-0.0745984$ & $-0.00429654$ & $-0.0260212$ & $0.100242$ & $0.0225868$ & $-0.0204122$ & $-0.0179052$ & $0.0329368$ & $-0.0637406$ & $-0.0415314$ & $0.0356125$ & $0.0425216$ & $-0.0228427$ & $-0.00478347$ & $-0.0594978$ & $-0.0249464$ & $0.0317526$ & $0.0369975$ & $0.0226476$ & $0.0340904$ & $0.00630554$ & $0.0349043$ & $-0.103291$ & $-0.018845$ & $-0.085012$ & $0.0359975$ & $0.0204836$ \\
mHl & $0.0102549$ & $-0.0155494$ & $-0.0137778$ & $1$ & $0.0171824$ & $-0.0244391$ & $0.01975$ & $0.0151621$ & $0.0165132$ & $-0.00509416$ & $-0.0200839$ & $-0.0038852$ & $0.0322403$ & $0.0262079$ & $0.0350154$ & $0.0168737$ & $-0.00968447$ & $-0.0122223$ & $-0.0138856$ & $0.0217895$ & $0.0134155$ & $0.00606261$ & $-0.013709$ & $-0.0173947$ & $-0.0220045$ & $0.00185253$ & $-0.0389774$ & $0.00169467$ & $0.0378179$ & $0.0252654$ & $-0.0098381$ & $0.0251395$ & $-0.0203434$ & $-0.0246722$ & $-0.0121092$ & $0.00725027$ & $0.0655118$ & $-0.0346787$ & $-0.0659011$ & $-0.049337$ & $0.03767$ & $0.0790432$ & $0.0151402$ & $0.00801787$ & $0.0694541$ & $0.014378$ & $-0.0467765$ & $-0.0432266$ & $-0.0596861$ \\
Mz & $-0.00380718$ & $-0.0339654$ & $-0.0291855$ & $0.0171824$ & $1$ & $-0.0258975$ & $-0.0185861$ & $0.00319727$ & $0.000945083$ & $0.014245$ & $-0.0244257$ & $-0.0365134$ & $-0.00889064$ & $0.0630314$ & $0.0196833$ & $0.0190402$ & $0.0535723$ & $0.0405728$ & $0.0385816$ & $0.0313381$ & $0.0284113$ & $0.0280043$ & $0.0136412$ & $0.0331231$ & $0.0485634$ & $-0.0337068$ & $-0.000846841$ & $0.0112614$ & $-0.0356599$ & $-0.0465407$ & $0.00706989$ & $-0.023513$ & $-0.0254601$ & $-0.0194109$ & $-0.0248007$ & $-0.00614431$ & $-0.01573$ & $0.000728476$ & $0.0618816$ & $0.0291775$ & $0.0319986$ & $0.00843485$ & $0.0437075$ & $0.0391525$ & $0.000828794$ & $-0.0671022$ & $0.08359$ & $0.0399671$ & $-0.0229275$ \\
CW & $-0.00696395$ & $0.00772911$ & $0.0266804$ & $-0.0244391$ & $-0.0258975$ & $1$ & $0.0125989$ & $-0.0702659$ & $-0.0688747$ & $-0.0118684$ & $0.146517$ & $0.08254$ & $0.0158587$ & $-0.0113838$ & $-0.0440273$ & $-0.0348024$ & $-0.288531$ & $-0.106164$ & $-0.108894$ & $-0.139905$ & $-0.149293$ & $-0.148756$ & $-0.055824$ & $-0.042769$ & $-0.1562$ & $0.112942$ & $-0.102865$ & $-0.089481$ & $-0.00560585$ & $0.0137129$ & $-0.0124126$ & $0.0225999$ & $0.0370149$ & $-0.103118$ & $0.024574$ & $-0.0102889$ & $0.0138998$ & $-0.00865623$ & $-0.00906736$ & $-0.0112483$ & $-0.0401578$ & $0.0455833$ & $-0.00882958$ & $0.0100135$ & $0.0259228$ & $0.0333161$ & $-0.035849$ & $0.0313107$ & $0.0151326$ \\
CHG & $0.021238$ & $0.0271895$ & $-0.0451361$ & $0.01975$ & $-0.0185861$ & $0.0125989$ & $1$ & $-0.125096$ & $-0.0679429$ & $0.0402383$ & $0.0906467$ & $-0.0516579$ & $-0.297347$ & $0.0200634$ & $0.0124259$ & $-0.0564532$ & $0.0713958$ & $0.0505059$ & $0.103617$ & $-0.0899855$ & $-0.0936254$ & $-0.0935073$ & $-0.0151758$ & $0.100591$ & $0.0682683$ & $0.0626809$ & $-0.0642073$ & $-0.00427175$ & $0.0202942$ & $-0.122035$ & $-0.0529948$ & $0.935333$ & $-0.144129$ & $-0.107682$ & $0.000918762$ & $-0.0287154$ & $0.0468744$ & $-7.84947e-05$ & $-0.0106541$ & $-0.0318192$ & $-0.0216936$ & $-0.00531358$ & $0.0388128$ & $-0.00260262$ & $0.000994055$ & $-0.023169$ & $-0.0636681$ & $-0.0433615$ & $-0.000729851$ \\
CHWB & $0.00838883$ & $-0.105445$ & $-0.0193969$ & $0.0151621$ & $0.00319727$ & $-0.0702659$ & $-0.125096$ & $1$ & $0.982442$ & $-0.538115$ & $-0.878704$ & $-0.205351$ & $0.351974$ & $0.105894$ & $0.276113$ & $0.309828$ & $-0.246169$ & $-0.412343$ & $-0.441347$ & $0.851566$ & $0.896458$ & $0.881667$ & $0.0577825$ & $-0.678669$ & $-0.387074$ & $-0.504983$ & $0.416517$ & $0.311163$ & $0.0364852$ & $0.0940566$ & $0.0655727$ & $-0.11722$ & $0.122666$ & $0.572661$ & $0.00128643$ & $-0.021963$ & $-0.00195532$ & $-0.0199988$ & $-0.0521595$ & $0.0121668$ & $0.0374972$ & $-0.0177878$ & $-0.013354$ & $0.0180802$ & $0.0377159$ & $-0.042551$ & $0.00869073$ & $-0.0104047$ & $0.00112533$ \\
CHWHB_gaga & $0.0104219$ & $-0.0923599$ & $-0.0152245$ & $0.0165132$ & $0.000945083$ & $-0.0688747$ & $-0.0679429$ & $0.982442$ & $1$ & $-0.535469$ & $-0.856127$ & $-0.185824$ & $0.347766$ & $0.0914373$ & $0.273442$ & $0.301714$ & $-0.25985$ & $-0.420512$ & $-0.445894$ & $0.830495$ & $0.873816$ & $0.858701$ & $0.0600937$ & $-0.675338$ & $-0.39399$ & $-0.489233$ & $0.408773$ & $0.304225$ & $0.0442147$ & $0.122499$ & $0.0856754$ & $-0.069781$ & $0.141736$ & $0.559408$ & $-0.0259639$ & $-0.03445$ & $-0.0152492$ & $-0.0277573$ & $-0.0561128$ & $0.0114933$ & $0.0469894$ & $-0.0135306$ & $0.0587302$ & $0.0218682$ & $0.042643$ & $-0.0421663$ & $0.011908$ & $-0.013444$ & $-0.00840133$ \\
CHWHB_gagaorth & $0.0111512$ & $0.00209992$ & $0.0472309$ & $-0.00509416$ & $0.014245$ & $-0.0118684$ & $0.0402383$ & $-0.538115$ & $-0.535469$ & $1$ & $0.328999$ & $0.60692$ & $-0.234704$ & $0.22695$ & $-0.0758175$ & $-0.131927$ & $0.421332$ & $0.441496$ & $0.479109$ & $-0.31893$ & $-0.347131$ & $-0.351019$ & $-0.0551434$ & $0.534348$ & $0.443069$ & $0.206264$ & $-0.229066$ & $-0.140036$ & $-0.0440465$ & $-0.128907$ & $-0.0760535$ & $0.0564306$ & $-0.11044$ & $-0.36644$ & $0.040763$ & $0.0439147$ & $-0.00928356$ & $0.0265535$ & $0.0429484$ & $-0.00357045$ & $-0.0516911$ & $0.0342935$ & $-0.0148543$ & $-0.0271123$ & $0.0180062$ & $0.0302015$ & $-0.0179754$ & $-0.0461853$ & $0.0551465$ \\
CHD & $-0.0125332$ & $0.0842132$ & $0.0513706$ & $-0.0200839$ & $-0.0244257$ & $0.146517$ & $0.0906467$ & $-0.878704$ & $-0.856127$ & $0.328999$ & $1$ & $0.262888$ & $-0.182666$ & $-0.521604$ & $-0.401631$ & $-0.427099$ & $-0.209536$ & $0.0426012$ & $0.0756232$ & $-0.990316$ & $-0.990826$ & $-0.970608$ & $-0.00688451$ & $0.316407$ & $0.00891947$ & $0.559834$ & $-0.291756$ & $-0.342791$ & $-0.015464$ & $-0.0449001$ & $-0.0465033$ & $0.101976$ & $-0.0670902$ & $-0.375479$ & $0.012066$ & $0.0308699$ & $-0.0198762$ & $0.012214$ & $0.0358778$ & $0.0052846$ & $-0.033006$ & $0.0133616$ & $0.00141105$ & $0.00400648$ & $-0.0193195$ & $0.0615755$ & $-0.0248813$ & $0.042111$ & $-0.00853258$ \\
CHbox & $-0.00178049$ & $0.00947839$ & $0.072658$ & $-0.0038852$ & $-0.0365134$ & $0.08254$ & $-0.0516579$ & $-0.205351$ & $-0.185824$ & $0.60692$ & $0.262888$ & $1$ & $0.0855548$ & $-0.194066$ & $0.013295$ & $-0.0685529$ & $-0.125082$ & $-0.115657$ & $-0.0544882$ & $-0.243738$ & $-0.270492$ & $-0.272374$ & $-0.0516285$ & $0.0489684$ & $-0.0932612$ & $0.186304$ & $-0.148629$ & $-0.137455$ & $0.0264225$ & $0.200521$ & $0.0226129$ & $0.0370773$ & $0.238649$ & $-0.183289$ & $0.111911$ & $0.0817297$ & $-0.0387808$ & $0.00265003$ & $0.0337382$ & $0.0140339$ & $-0.0389666$ & $0.0260524$ & $-0.0393512$ & $-0.00222616$ & $0.0540989$ & $0.0710811$ & $-0.0463206$ & $-0.0170129$ & $0.0473071$ \\
CH & $0.00151051$ & $-0.046898$ & $-0.00662257$ & $0.0322403$ & $-0.00889064$ & $0.0158587$ & $-0.297347$ & $0.351974$ & $0.347766$ & $-0.234704$ & $-0.182666$ & $0.0855548$ & $1$ & $-0.21836$ & $0.0554569$ & $0.0792854$ & $-0.337108$ & $-0.353266$ & $-0.36478$ & $0.176727$ & $0.193796$ & $0.195439$ & $0.0377067$ & $-0.381769$ & $-0.341174$ & $-0.10601$ & $0.151318$ & $0.0815757$ & $0.051031$ & $0.243934$ & $0.0905065$ & $-0.246995$ & $0.274508$ & $0.230474$ & $0.0538563$ & $0.0112632$ & $-0.0301461$ & $-0.0207016$ & $-0.0210679$ & $-0.0078641$ & $0.0203797$ & $0.0304658$ & $-0.00709818$ & $0.0334976$ & $0.019926$ & $-0.0259969$ & $-0.00641436$ & $-0.033253$ & $-0.017527$ \\
CHL1_11 & $0.0203963$ & $-0.0358916$ & $-0.0578623$ & $0.0262079$ & $0.0630314$ & $-0.0113838$ & $0.0200634$ & $0.105894$ & $0.0914373$ & $0.22695$ & $-0.521604$ & $-0.194066$ & $-0.21836$ & $1$ & $0.262097$ & $0.274089$ & $0.657417$ & $0.614243$ & $0.581527$ & $0.537862$ & $0.480481$ & $0.462007$ & $-0.0798562$ & $0.452703$ & $0.592825$ & $-0.266438$ & $-0.0870727$ & $0.150412$ & $-0.0409387$ & $-0.0724671$ & $-0.0111424$ & $-0.0199929$ & $-0.0636097$ & $-0.200657$ & $-0.0410965$ & $-0.0222829$ & $0.0427009$ & $-0.00306558$ & $0.00719029$ & $-0.0337035$ & $0.00410761$ & $0.0145443$ & $0.0269611$ & $-0.0366718$ & $-0.0218681$ & $-0.0435353$ & $0.0381754$ & $-0.0571231$ & $0.0220995$ \\
CHL1_22 & $-0.0118343$ & $0.00714078$ & $-0.0633624$ & $0.0350154$ & $0.0196833$ & $-0.0440273$ & $0.0124259$ & $0.276113$ & $0.273442$ & $-0.0758175$ & $-0.401631$ & $0.013295$ & $0.0554569$ & $0.262097$ & $1$ & $0.438173$ & $0.167712$ & $-0.437558$ & $-0.0242117$ & $0.46854$ & $0.318538$ & $0.311148$ & $-0.212411$ & $0.124582$ & $-0.123975$ & $-0.147885$ & $-0.395837$ & $0.116995$ & $0.00992779$ & $0.0363374$ & $0.0378808$ & $0.010456$ & $-0.0135859$ & $-0.598007$ & $0.0279664$ & $-0.016796$ & $0.0217103$ & $0.0277204$ & $0.00830975$ & $-0.00122274$ & $-0.0269135$ & $0.0130044$ & $-0.0447206$ & $-0.0578287$ & $0.0104056$ & $0.0206005$ & $0.0310799$ & $-0.0715808$ & $-0.0501863$ \\
CHL1_33 & $-0.00623456$ & $-0.0272265$ & $-0.0232085$ & $0.0168737$ & $0.0190402$ & $-0.0348024$ & $-0.0564532$ & $0.309828$ & $0.301714$ & $-0.131927$ & $-0.427099$ & $-0.0685529$ & $0.0792854$ & $0.274089$ & $0.438173$ & $1$ & $0.145262$ & $-0.0221274$ & $-0.445981$ & $0.489631$ & $0.346389$ & $0.366871$ & $-0.138789$ & $0.0918656$ & $-0.13864$ & $-0.204218$ & $-0.37042$ & $0.116824$ & $0.00404329$ & $0.00427293$ & $0.012546$ & $-0.058914$ & $-0.019176$ & $-0.0822566$ & $-0.00521752$ & $-0.00479973$ & $0.0635558$ & $-0.0176172$ & $0.0195473$ & $-0.0130713$ & $0.000171781$ & $0.0242035$ & $-0.00573665$ & $-0.0342776$ & $0.012277$ & $-0.0270507$ & $0.0618399$ & $-0.0574109$ & $-0.0354692$ \\
CHL3_11 & $-0.0332875$ & $0.029243$ & $-0.0320971$ & $-0.00968447$ & $0.0535723$ & $-0.288531$ & $0.0713958$ & $-0.246169$ & $-0.25985$ & $0.421332$ & $-0.209536$ & $-0.125082$ & $-0.337108$ & $0.657417$ & $0.167712$ & $0.145262$ & $1$ & $0.736718$ & $0.739799$ & $0.226945$ & $0.176736$ & $0.167988$ & $-0.0573542$ & $0.678506$ & $0.779975$ & $-0.107308$ & $-0.139606$ & $0.0722755$ & $-0.0345106$ & $-0.0966068$ & $-0.0482049$ & $0.0392086$ & $-0.107495$ & $-0.255704$ & $-0.00845629$ & $-0.0132154$ & $0.0283087$ & $0.0236024$ & $0.0401941$ & $-0.0299299$ & $-0.00549586$ & $-0.00558558$ & $0.0222104$ & $-0.044179$ & $-0.0467838$ & $-0.0415574$ & $0.0195681$ & $-0.0575896$ & $0.0196649$ \\
CHL3_22 & $-0.00339302$ & $-0.00138173$ & $-0.000708529$ & $-0.0122223$ & $0.0405728$ & $-0.106164$ & $0.0505059$ & $-0.412343$ & $-0.420512$ & $0.441496$ & $0.0426012$ & $-0.115657$ & $-0.353266$ & $0.614243$ & $-0.437558$ & $-0.0221274$ & $0.736718$ & $1$ & $0.670689$ & $-0.0494183$ & $-0.0400976$ & $-0.0425182$ & $0.0391378$ & $0.606719$ & $0.785702$ & $-0.00122549$ & $0.00726279$ & $-0.0177538$ & $-0.0468247$ & $-0.114893$ & $-0.0640295$ & $0.0164134$ & $-0.0950654$ & $0.0347576$ & $-0.0445085$ & $-0.00229492$ & $0.0264758$ & $-0.00826322$ & $0.0292961$ & $-0.0352041$ & $0.00676667$ & $0.00279172$ & $0.0560715$ & $-0.00838225$ & $-0.0445395$ & $-0.0511767$ & $0.0115608$ & $-0.00983051$ & $0.0455466$ \\
CHL3_33 & $-0.00281284$ & $0.0247474$ & $-0.0170082$ & $-0.0138856$ & $0.0385816$ & $-0.108894$ & $0.103617$ & $-0.441347$ & $-0.445894$ & $0.479109$ & $0.0756232$ & $-0.0544882$ & $-0.36478$ & $0.581527$ & $-0.0242117$ & $-0.445981$ & $0.739799$ & $0.670689$ & $1$ & $-0.0808096$ & $-0.0711178$ & $-0.0742453$ & $-0.0143967$ & $0.618759$ & $0.792821$ & $0.0538031$ & $0.00669091$ & $-0.0271375$ & $-0.0461607$ & $-0.0938402$ & $-0.0456206$ & $0.0705833$ & $-0.0938063$ & $-0.350035$ & $-0.00636599$ & $-0.0131661$ & $-0.00175504$ & $0.0241707$ & $0.0214597$ & $-0.0207623$ & $-0.012368$ & $-0.00856135$ & $0.0247267$ & $-0.022972$ & $-0.0542096$ & $-0.00684542$ & $-0.0119763$ & $-0.0209426$ & $0.0355302$ \\
CHe_11 & $0.00345585$ & $-0.0560001$ & $-0.0492835$ & $0.0217895$ & $0.0313381$ & $-0.139905$ & $-0.0899855$ & $0.851566$ & $0.830495$ & $-0.31893$ & $-0.990316$ & $-0.243738$ & $0.176727$ & $0.537862$ & $0.46854$ & $0.489631$ & $0.226945$ & $-0.0494183$ & $-0.0808096$ & $1$ & $0.972576$ & $0.953196$ & $-0.0194803$ & $-0.264827$ & $-0.0080311$ & $-0.547455$ & $0.217073$ & $0.336685$ & $0.0172$ & $0.0470637$ & $0.0487511$ & $-0.101221$ & $0.0594585$ & $0.29745$ & $-0.0128917$ & $-0.033786$ & $0.0239708$ & $-0.0122927$ & $-0.0333885$ & $-0.00750552$ & $0.0288492$ & $-0.00913791$ & $-0.00124244$ & $-0.00305257$ & $0.0206208$ & $-0.059801$ & $0.0278117$ & $-0.0465526$ & $-0.000841696$ \\
CHe_22 & $0.00306891$ & $-0.0591533$ & $-0.0355497$ & $0.0134155$ & $0.0284113$ & $-0.149293$ & $-0.0936254$ & $0.896458$ & $0.873816$ & $-0.347131$ & $-0.990826$ & $-0.270492$ & $0.193796$ & $0.480481$ & $0.318538$ & $0.346389$ & $0.176736$ & $-0.0400976$ & $-0.0711178$ & $0.972576$ & $1$ & $0.975441$ & $0.0349073$ & $-0.372614$ & $-0.0128632$ & $-0.56248$ & $0.374139$ & $0.344387$ & $0.0196181$ & $0.0461614$ & $0.0451667$ & $-0.104096$ & $0.0736808$ & $0.461519$ & $-0.0112021$ & $-0.0288155$ & $0.0126438$ & $-0.014835$ & $-0.0397311$ & $-0.00309957$ & $0.0399977$ & $-0.01718$ & $0.00254479$ & $0.00589029$ & $0.0186915$ & $-0.0631552$ & $0.0157154$ & $-0.0338665$ & $0.0122891$ \\
CHe_33 & $0.00811969$ & $-0.0676706$ & $-0.0280607$ & $0.00606261$ & $0.0280043$ & $-0.148756$ & $-0.0935073$ & $0.881667$ & $0.858701$ & $-0.351019$ & $-0.970608$ & $-0.272374$ & $0.195439$ & $0.462007$ & $0.311148$ & $0.366871$ & $0.167988$ & $-0.0425182$ & $-0.0742453$ & $0.953196$ & $0.975441$ & $1$ & $0.0285132$ & $-0.371072$ & $-0.017939$ & $-0.544786$ & $0.366721$ & $0.336304$ & $0.0128475$ & $0.0459085$ & $0.0405562$ & $-0.104197$ & $0.0666895$ & $0.458608$ & $0.000526393$ & $-0.0344719$ & $0.0154669$ & $-0.00861903$ & $-0.0376204$ & $0.000615437$ & $0.0436958$ & $-0.0174587$ & $0.0026686$ & $0.0142472$ & $0.0077773$ & $-0.062871$ & $0.0170569$ & $-0.0363382$ & $0.00506155$ \\
CHQ1_11 & $-0.000427313$ & $0.0101316$ & $-0.0745984$ & $-0.013709$ & $0.0136412$ & $-0.055824$ & $-0.0151758$ & $0.0577825$ & $0.0600937$ & $-0.0551434$ & $-0.00688451$ & $-0.0516285$ & $0.0377067$ & $-0.0798562$ & $-0.212411$ & $-0.138789$ & $-0.0573542$ & $0.0391378$ & $-0.0143967$ & $-0.0194803$ & $0.0349073$ & $0.0285132$ & $1$ & $-0.139628$ & $0.096241$ & $-0.666633$ & $0.356245$ & $0.0250951$ & $0.0312514$ & $-0.0284729$ & $-0.00429364$ & $-0.0167843$ & $-0.0161844$ & $0.231475$ & $-0.0460996$ & $-0.0471932$ & $0.033154$ & $0.00754824$ & $-0.0184537$ & $-0.00769009$ & $0.0233252$ & $-0.00378866$ & $0.00725425$ & $0.0180778$ & $-0.0123805$ & $0.00911558$ & $-0.0215701$ & $0.012399$ & $-0.052213$ \\
CHQ1_33 & $-0.0765287$ & $0.03885$ & $-0.00429654$ & $-0.0173947$ & $0.0331231$ & $-0.042769$ & $0.100591$ & $-0.678669$ & $-0.675338$ & $0.534348$ & $0.316407$ & $0.0489684$ & $-0.381769$ & $0.452703$ & $0.124582$ & $0.0918656$ & $0.678506$ & $0.606719$ & $0.618759$ & $-0.264827$ & $-0.372614$ & $-0.371072$ & $-0.139628$ & $1$ & $0.626138$ & $0.216632$ & $-0.423469$ & $-0.0349394$ & $-0.0271776$ & $-0.0983675$ & $-0.0336676$ & $0.0779452$ & $-0.127577$ & $-0.641876$ & $-0.0141032$ & $0.00586636$ & $0.0114592$ & $0.0253323$ & $0.0354321$ & $-0.03272$ & $-0.0358009$ & $0.0317441$ & $0.0307143$ & $-0.0519731$ & $-0.0647691$ & $0.00729661$ & $0.0310427$ & $-0.0254679$ & $0.00488041$ \\
CHQ3_11 & $-0.143545$ & $0.0354968$ & $-0.0260212$ & $-0.0220045$ & $0.0485634$ & $-0.1562$ & $0.0682683$ & $-0.387074$ & $-0.39399$ & $0.443069$ & $0.00891947$ & $-0.0932612$ & $-0.341174$ & $0.592825$ & $-0.123975$ & $-0.13864$ & $0.779975$ & $0.785702$ & $0.792821$ & $-0.0080311$ & $-0.0128632$ & $-0.017939$ & $0.096241$ & $0.626138$ & $1$ & $0.0134727$ & $0.236771$ & $-0.0158569$ & $-0.0373092$ & $-0.0973801$ & $-0.0610449$ & $0.0322045$ & $-0.0962188$ & $-0.19256$ & $-0.0311594$ & $-0.0298499$ & $0.00535341$ & $0.000541861$ & $0.0569613$ & $-0.0463243$ & $0.00635099$ & $-0.00050574$ & $0.0415027$ & $-0.0270328$ & $-0.0428044$ & $-0.0412244$ & $0.00898613$ & $-0.0228033$ & $0.030534$ \\
CHu_11 & $-0.0450745$ & $0.0314839$ & $0.100242$ & $0.00185253$ & $-0.0337068$ & $0.112942$ & $0.0626809$ & $-0.504983$ & $-0.489233$ & $0.206264$ & $0.559834$ & $0.186304$ & $-0.10601$ & $-0.266438$ & $-0.147885$ & $-0.204218$ & $-0.107308$ & $-0.00122549$ & $0.0538031$ & $-0.547455$ & $-0.56248$ & $-0.544786$ & $-0.666633$ & $0.216632$ & $0.0134727$ & $1$ & $-0.183431$ & $-0.224356$ & $-0.0209883$ & $0.0172506$ & $-0.0350415$ & $0.0701403$ & $-0.0129255$ & $-0.291445$ & $0.059387$ & $0.0362658$ & $-0.0653875$ & $-0.0220519$ & $0.0530187$ & $0.00867662$ & $-0.0221132$ & $0.0138094$ & $0.00834186$ & $-0.0149958$ & $-0.0117279$ & $0.038714$ & $-0.0062145$ & $0.00701575$ & $0.0258106$ \\
CHd_11 & $-0.0367207$ & $-0.000125901$ & $0.0225868$ & $-0.0389774$ & $-0.000846841$ & $-0.102865$ & $-0.0642073$ & $0.416517$ & $0.408773$ & $-0.229066$ & $-0.291756$ & $-0.148629$ & $0.151318$ & $-0.0870727$ & $-0.395837$ & $-0.37042$ & $-0.139606$ & $0.00726279$ & $0.00669091$ & $0.217073$ & $0.374139$ & $0.366721$ & $0.356245$ & $-0.423469$ & $0.236771$ & $-0.183431$ & $1$ & $0.0985148$ & $0.0259266$ & $0.0449296$ & $0.0154342$ & $-0.0658484$ & $0.0840981$ & $0.67469$ & $-0.0188178$ & $-0.0385127$ & $-0.0446032$ & $-0.0323975$ & $-0.0198329$ & $-0.00389271$ & $0.0528855$ & $-0.0231743$ & $0.0244263$ & $0.0436621$ & $0.00444246$ & $-0.0335685$ & $-0.0160264$ & $0.0415162$ & $0.0329973$ \\
CHd_33 & $0.00133959$ & $-0.0351853$ & $-0.0204122$ & $0.00169467$ & $0.0112614$ & $-0.089481$ & $-0.00427175$ & $0.311163$ & $0.304225$ & $-0.140036$ & $-0.342791$ & $-0.137455$ & $0.0815757$ & $0.150412$ & $0.116995$ & $0.116824$ & $0.0722755$ & $-0.0177538$ & $-0.0271375$ & $0.336685$ & $0.344387$ & $0.336304$ & $0.0250951$ & $-0.0349394$ & $-0.0158569$ & $-0.224356$ & $0.0985148$ & $1$ & $0.0435035$ & $-0.0387784$ & $0.0321946$ & $-0.0102963$ & $-0.00953413$ & $0.163519$ & $0.0304295$ & $0.000397939$ & $-0.0193985$ & $-0.005119$ & $-0.00770978$ & $0.0279558$ & $0.0168428$ & $-0.0358101$ & $0.0450413$ & $-0.0295602$ & $-0.0243552$ & $-0.0155066$ & $0.0255847$ & $-0.037813$ & $-0.0221387$ \\
CeH_22r & $-0.0524572$ & $0.0556014$ & $-0.0179052$ & $0.0378179$ & $-0.0356599$ & $-0.00560585$ & $0.0202942$ & $0.0364852$ & $0.0442147$ & $-0.0440465$ & $-0.015464$ & $0.0264225$ & $0.051031$ & $-0.0409387$ & $0.00992779$ & $0.00404329$ & $-0.0345106$ & $-0.0468247$ & $-0.0461607$ & $0.0172$ & $0.0196181$ & $0.0128475$ & $0.0312514$ & $-0.0271776$ & $-0.0373092$ & $-0.0209883$ & $0.0259266$ & $0.0435035$ & $1$ & $0.0663331$ & $0.0308663$ & $0.00831109$ & $0.053936$ & $0.0311886$ & $-0.0212285$ & $-0.00270263$ & $-0.0194278$ & $-0.0212811$ & $0.018122$ & $-0.0244278$ & $0.0236135$ & $-0.00345397$ & $0.00184066$ & $-0.0120656$ & $0.00855695$ & $-0.0375742$ & $-0.0325963$ & $-0.0309819$ & $0.00738418$ \\
CeH_33r & $-0.0243623$ & $-0.00669292$ & $0.0329368$ & $0.0252654$ & $-0.0465407$ & $0.0137129$ & $-0.122035$ & $0.0940566$ & $0.122499$ & $-0.128907$ & $-0.0449001$ & $0.200521$ & $0.243934$ & $-0.0724671$ & $0.0363374$ & $0.00427293$ & $-0.0966068$ & $-0.114893$ & $-0.0938402$ & $0.0470637$ & $0.0461614$ & $0.0459085$ & $-0.0284729$ & $-0.0983675$ & $-0.0973801$ & $0.0172506$ & $0.0449296$ & $-0.0387784$ & $0.0663331$ & $1$ & $0.306255$ & $0.0155471$ & $0.600483$ & $0.047109$ & $-0.0688813$ & $-0.049276$ & $-0.261889$ & $-0.0838198$ & $-0.0382857$ & $-0.0368083$ & $0.0204849$ & $0.029823$ & $0.00141535$ & $0.0406107$ & $0.123273$ & $0.0439383$ & $-0.00773805$ & $0.0214611$ & $-0.0362672$ \\
CuH_22r & $0.0340509$ & $0.0234433$ & $-0.0637406$ & $-0.0098381$ & $0.00706989$ & $-0.0124126$ & $-0.0529948$ & $0.0655727$ & $0.0856754$ & $-0.0760535$ & $-0.0465033$ & $0.0226129$ & $0.0905065$ & $-0.0111424$ & $0.0378808$ & $0.012546$ & $-0.0482049$ & $-0.0640295$ & $-0.0456206$ & $0.0487511$ & $0.0451667$ & $0.0405562$ & $-0.00429364$ & $-0.0336676$ & $-0.0610449$ & $-0.0350415$ & $0.0154342$ & $0.0321946$ & $0.0308663$ & $0.306255$ & $1$ & $0.0293406$ & $0.314832$ & $0.0177945$ & $-0.0618655$ & $-0.0802401$ & $-0.17065$ & $-0.0161945$ & $-0.0305907$ & $0.00121855$ & $0.0141822$ & $-0.0127642$ & $-0.0158922$ & $0.0471832$ & $-0.0177476$ & $0.157788$ & $0.417508$ & $0.0677424$ & $-0.0490913$ \\
CuH_33r & $0.016449$ & $0.0129703$ & $-0.0415314$ & $0.0251395$ & $-0.023513$ & $0.0225999$ & $0.935333$ & $-0.11722$ & $-0.069781$ & $0.0564306$ & $0.101976$ & $0.0370773$ & $-0.246995$ & $-0.0199929$ & $0.010456$ & $-0.058914$ & $0.0392086$ & $0.0164134$ & $0.0705833$ & $-0.101221$ & $-0.104096$ & $-0.104197$ & $-0.0167843$ & $0.0779452$ & $0.0322045$ & $0.0701403$ & $-0.0658484$ & $-0.0102963$ & $0.00831109$ & $0.0155471$ & $0.0293406$ & $1$ & $0.0199676$ & $-0.0986537$ & $0.101576$ & $-0.00679965$ & $-0.0140219$ & $-0.0182497$ & $-0.00559401$ & $-0.0288493$ & $-0.0208433$ & $-0.0163008$ & $0.0260907$ & $0.010964$ & $0.00792857$ & $-0.0242288$ & $-0.0687288$ & $-0.0392375$ & $0.00342025$ \\
CdH_33r & $0.0023704$ & $-0.0783983$ & $0.0356125$ & $-0.0203434$ & $-0.0254601$ & $0.0370149$ & $-0.144129$ & $0.122666$ & $0.141736$ & $-0.11044$ & $-0.0670902$ & $0.238649$ & $0.274508$ & $-0.0636097$ & $-0.0135859$ & $-0.019176$ & $-0.107495$ & $-0.0950654$ & $-0.0938063$ & $0.0594585$ & $0.0736808$ & $0.0666895$ & $-0.0161844$ & $-0.127577$ & $-0.0962188$ & $-0.0129255$ & $0.0840981$ & $-0.00953413$ & $0.053936$ & $0.600483$ & $0.314832$ & $0.0199676$ & $1$ & $0.0998188$ & $-0.0507639$ & $-0.0422262$ & $-0.276509$ & $-0.0512405$ & $-0.0474107$ & $0.02072$ & $0.0291259$ & $-0.0102285$ & $-0.0119073$ & $0.0198417$ & $0.0226461$ & $0.00587779$ & $-0.035809$ & $0.192114$ & $0.518424$ \\
CLL_1221 & $7.04947e-05$ & $-0.0168368$ & $0.0425216$ & $-0.0246722$ & $-0.0194109$ & $-0.103118$ & $-0.107682$ & $0.572661$ & $0.559408$ & $-0.36644$ & $-0.375479$ & $-0.183289$ & $0.230474$ & $-0.200657$ & $-0.598007$ & $-0.0822566$ & $-0.255704$ & $0.0347576$ & $-0.350035$ & $0.29745$ & $0.461519$ & $0.458608$ & $0.231475$ & $-0.641876$ & $-0.19256$ & $-0.291445$ & $0.67469$ & $0.163519$ & $0.0311886$ & $0.047109$ & $0.0177945$ & $-0.0986537$ & $0.0998188$ & $1$ & $-0.0145777$ & $-0.00127763$ & $-0.021107$ & $-0.0346953$ & $-0.0508416$ & $0.00908873$ & $0.0562445$ & $-0.0329432$ & $0.0253572$ & $0.0627505$ & $0.0214314$ & $-0.0534378$ & $-0.0199422$ & $0.044117$ & $0.0316402$ \\
eHggint & $-0.038029$ & $-0.0214091$ & $-0.0228427$ & $-0.0121092$ & $-0.0248007$ & $0.024574$ & $0.000918762$ & $0.00128643$ & $-0.0259639$ & $0.040763$ & $0.012066$ & $0.111911$ & $0.0538563$ & $-0.0410965$ & $0.0279664$ & $-0.00521752$ & $-0.00845629$ & $-0.0445085$ & $-0.00636599$ & $-0.0128917$ & $-0.0112021$ & $0.000526393$ & $-0.0460996$ & $-0.0141032$ & $-0.0311594$ & $0.059387$ & $-0.0188178$ & $0.0304295$ & $-0.0212285$ & $-0.0688813$ & $-0.0618655$ & $0.101576$ & $-0.0507639$ & $-0.0145777$ & $1$ & $-0.0719263$ & $0.0793014$ & $0.0287664$ & $0.0500132$ & $-0.0149141$ & $-0.0505393$ & $-0.00558105$ & $-0.00185528$ & $-0.00431174$ & $-0.0658479$ & $0.0533919$ & $-0.0504956$ & $-0.0442345$ & $-0.0149243$ \\
eHggpar & $0.0100937$ & $-0.000590674$ & $-0.00478347$ & $0.00725027$ & $-0.00614431$ & $-0.0102889$ & $-0.0287154$ & $-0.021963$ & $-0.03445$ & $0.0439147$ & $0.0308699$ & $0.0817297$ & $0.0112632$ & $-0.0222829$ & $-0.016796$ & $-0.00479973$ & $-0.0132154$ & $-0.00229492$ & $-0.0131661$ & $-0.033786$ & $-0.0288155$ & $-0.0344719$ & $-0.0471932$ & $0.00586636$ & $-0.0298499$ & $0.0362658$ & $-0.0385127$ & $0.000397939$ & $-0.00270263$ & $-0.049276$ & $-0.0802401$ & $-0.00679965$ & $-0.0422262$ & $-0.00127763$ & $-0.0719263$ & $1$ & $0.0207759$ & $-0.0259885$ & $-0.00715807$ & $0.00155918$ & $-0.0304891$ & $-0.000575574$ & $-0.0263562$ & $-0.0371703$ & $-0.0192769$ & $-0.0874752$ & $-0.0305074$ & $-0.0592332$ & $0.0646508$ \\
eHWWint & $0.084579$ & $0.0176015$ & $-0.0594978$ & $0.0655118$ & $-0.01573$ & $0.0138998$ & $0.0468744$ & $-0.00195532$ & $-0.0152492$ & $-0.00928356$ & $-0.0198762$ & $-0.0387808$ & $-0.0301461$ & $0.0427009$ & $0.0217103$ & $0.0635558$ & $0.0283087$ & $0.0264758$ & $-0.00175504$ & $0.0239708$ & $0.0126438$ & $0.0154669$ & $0.033154$ & $0.0114592$ & $0.00535341$ & $-0.0653875$ & $-0.0446032$ & $-0.0193985$ & $-0.0194278$ & $-0.261889$ & $-0.17065$ & $-0.0140219$ & $-0.276509$ & $-0.021107$ & $0.0793014$ & $0.0207759$ & $1$ & $0.0744916$ & $-0.0729431$ & $-0.00919456$ & $0.0290657$ & $0.000466392$ & $0.0470683$ & $-0.00129505$ & $-0.0157939$ & $-0.0152609$ & $-0.054017$ & $-0.0343097$ & $0.00321507$ \\
eHWWpar & $-0.0121595$ & $0.0068755$ & $-0.0249464$ & $-0.0346787$ & $0.000728476$ & $-0.00865623$ & $-7.84947e-05$ & $-0.0199988$ & $-0.0277573$ & $0.0265535$ & $0.012214$ & $0.00265003$ & $-0.0207016$ & $-0.00306558$ & $0.0277204$ & $-0.0176172$ & $0.0236024$ & $-0.00826322$ & $0.0241707$ & $-0.0122927$ & $-0.014835$ & $-0.00861903$ & $0.00754824$ & $0.0253323$ & $0.000541861$ & $-0.0220519$ & $-0.0323975$ & $-0.005119$ & $-0.0212811$ & $-0.0838198$ & $-0.0161945$ & $-0.0182497$ & $-0.0512405$ & $-0.0346953$ & $0.0287664$ & $-0.0259885$ & $0.0744916$ & $1$ & $-0.0145116$ & $0.0376915$ & $0.0174892$ & $0.0321253$ & $-0.000528665$ & $0.0137865$ & $0.0137012$ & $0.0214134$ & $-0.0126939$ & $0.00919158$ & $0.0372899$ \\
eHZZint & $-0.0220281$ & $-0.0815919$ & $0.0317526$ & $-0.0659011$ & $0.0618816$ & $-0.00906736$ & $-0.0106541$ & $-0.0521595$ & $-0.0561128$ & $0.0429484$ & $0.0358778$ & $0.0337382$ & $-0.0210679$ & $0.00719029$ & $0.00830975$ & $0.0195473$ & $0.0401941$ & $0.0292961$ & $0.0214597$ & $-0.0333885$ & $-0.0397311$ & $-0.0376204$ & $-0.0184537$ & $0.0354321$ & $0.0569613$ & $0.0530187$ & $-0.0198329$ & $-0.00770978$ & $0.018122$ & $-0.0382857$ & $-0.0305907$ & $-0.00559401$ & $-0.0474107$ & $-0.0508416$ & $0.0500132$ & $-0.00715807$ & $-0.0729431$ & $-0.0145116$ & $1$ & $-0.0578061$ & $0.0502633$ & $0.0105323$ & $0.01761$ & $-0.0436808$ & $-0.0815294$ & $-0.054932$ & $0.0606684$ & $-0.0671738$ & $-0.0307794$ \\
eHZZpar & $0.0587864$ & $-0.014474$ & $0.0369975$ & $-0.049337$ & $0.0291775$ & $-0.0112483$ & $-0.0318192$ & $0.0121668$ & $0.0114933$ & $-0.00357045$ & $0.0052846$ & $0.0140339$ & $-0.0078641$ & $-0.0337035$ & $-0.00122274$ & $-0.0130713$ & $-0.0299299$ & $-0.0352041$ & $-0.0207623$ & $-0.00750552$ & $-0.00309957$ & $0.000615437$ & $-0.00769009$ & $-0.03272$ & $-0.0463243$ & $0.00867662$ & $-0.00389271$ & $0.0279558$ & $-0.0244278$ & $-0.0368083$ & $0.00121855$ & $-0.0288493$ & $0.02072$ & $0.00908873$ & $-0.0149141$ & $0.00155918$ & $-0.00919456$ & $0.0376915$ & $-0.0578061$ & $1$ & $-0.00170071$ & $-0.0477077$ & $0.0242442$ & $-0.00884468$ & $-0.018675$ & $0.0202656$ & $0.0211367$ & $0.0297036$ & $0.0191611$ \\
eHZgaint & $-0.00263265$ & $0.0604918$ & $0.0226476$ & $0.03767$ & $0.0319986$ & $-0.0401578$ & $-0.0216936$ & $0.0374972$ & $0.0469894$ & $-0.0516911$ & $-0.033006$ & $-0.0389666$ & $0.0203797$ & $0.00410761$ & $-0.0269135$ & $0.000171781$ & $-0.00549586$ & $0.00676667$ & $-0.012368$ & $0.0288492$ & $0.0399977$ & $0.0436958$ & $0.0233252$ & $-0.0358009$ & $0.00635099$ & $-0.0221132$ & $0.0528855$ & $0.0168428$ & $0.0236135$ & $0.0204849$ & $0.0141822$ & $-0.0208433$ & $0.0291259$ & $0.0562445$ & $-0.0505393$ & $-0.0304891$ & $0.0290657$ & $0.0174892$ & $0.0502633$ & $-0.00170071$ & $1$ & $-0.032906$ & $0.0764627$ & $0.0145589$ & $0.0457276$ & $0.039656$ & $-0.0899501$ & $-0.0218074$ & $-0.0128472$ \\
eHZgapar & $0.0107154$ & $-0.0137594$ & $0.0340904$ & $0.0790432$ & $0.00843485$ & $0.0455833$ & $-0.00531358$ & $-0.0177878$ & $-0.0135306$ & $0.0342935$ & $0.0133616$ & $0.0260524$ & $0.0304658$ & $0.0145443$ & $0.0130044$ & $0.0242035$ & $-0.00558558$ & $0.00279172$ & $-0.00856135$ & $-0.00913791$ & $-0.01718$ & $-0.0174587$ & $-0.00378866$ & $0.0317441$ & $-0.00050574$ & $0.0138094$ & $-0.0231743$ & $-0.0358101$ & $-0.00345397$ & $0.029823$ & $-0.0127642$ & $-0.0163008$ & $-0.0102285$ & $-0.0329432$ & $-0.00558105$ & $-0.000575574$ & $0.000466392$ & $0.0321253$ & $0.0105323$ & $-0.0477077$ & $-0.032906$ & $1$ & $0.0634785$ & $-0.00639921$ & $-0.0155906$ & $-0.0315339$ & $0.0455518$ & $-0.0296436$ & $-0.0188836$ \\
eHgagaint & $-0.0196611$ & $0.0112215$ & $0.00630554$ & $0.0151402$ & $0.0437075$ & $-0.00882958$ & $0.0388128$ & $-0.013354$ & $0.0587302$ & $-0.0148543$ & $0.00141105$ & $-0.0393512$ & $-0.00709818$ & $0.0269611$ & $-0.0447206$ & $-0.00573665$ & $0.0222104$ & $0.0560715$ & $0.0247267$ & $-0.00124244$ & $0.00254479$ & $0.0026686$ & $0.00725425$ & $0.0307143$ & $0.0415027$ & $0.00834186$ & $0.0244263$ & $0.0450413$ & $0.00184066$ & $0.00141535$ & $-0.0158922$ & $0.0260907$ & $-0.0119073$ & $0.0253572$ & $-0.00185528$ & $-0.0263562$ & $0.0470683$ & $-0.000528665$ & $0.01761$ & $0.0242442$ & $0.0764627$ & $0.0634785$ & $1$ & $-0.0257425$ & $-0.0189208$ & $-0.0466299$ & $-0.0220691$ & $-0.0497996$ & $0.0213307$ \\
eHmumuint & $0.0180751$ & $0.0912064$ & $0.0349043$ & $0.00801787$ & $0.0391525$ & $0.0100135$ & $-0.00260262$ & $0.0180802$ & $0.0218682$ & $-0.0271123$ & $0.00400648$ & $-0.00222616$ & $0.0334976$ & $-0.0366718$ & $-0.0578287$ & $-0.0342776$ & $-0.044179$ & $-0.00838225$ & $-0.022972$ & $-0.00305257$ & $0.00589029$ & $0.0142472$ & $0.0180778$ & $-0.0519731$ & $-0.0270328$ & $-0.0149958$ & $0.0436621$ & $-0.0295602$ & $-0.0120656$ & $0.0406107$ & $0.0471832$ & $0.010964$ & $0.0198417$ & $0.0627505$ & $-0.00431174$ & $-0.0371703$ & $-0.00129505$ & $0.0137865$ & $-0.0436808$ & $-0.00884468$ & $0.0145589$ & $-0.00639921$ & $-0.0257425$ & $1$ & $0.000171105$ & $0.0377699$ & $0.0109905$ & $0.0316486$ & $-0.0307002$ \\
eHtautauint & $0.0132254$ & $0.0418358$ & $-0.103291$ & $0.0694541$ & $0.000828794$ & $0.0259228$ & $0.000994055$ & $0.0377159$ & $0.042643$ & $0.0180062$ & $-0.0193195$ & $0.0540989$ & $0.019926$ & $-0.0218681$ & $0.0104056$ & $0.012277$ & $-0.0467838$ & $-0.0445395$ & $-0.0542096$ & $0.0206208$ & $0.0186915$ & $0.0077773$ & $-0.0123805$ & $-0.0647691$ & $-0.0428044$ & $-0.0117279$ & $0.00444246$ & $-0.0243552$ & $0.00855695$ & $0.123273$ & $-0.0177476$ & $0.00792857$ & $0.0226461$ & $0.0214314$ & $-0.0658479$ & $-0.0192769$ & $-0.0157939$ & $0.0137012$ & $-0.0815294$ & $-0.018675$ & $0.0457276$ & $-0.0155906$ & $-0.0189208$ & $0.000171105$ & $1$ & $-0.00446309$ & $-0.0403111$ & $-0.0523527$ & $0.00885556$ \\
eHccint & $0.0328722$ & $0.00543628$ & $-0.018845$ & $0.014378$ & $-0.0671022$ & $0.0333161$ & $-0.023169$ & $-0.042551$ & $-0.0421663$ & $0.0302015$ & $0.0615755$ & $0.0710811$ & $-0.0259969$ & $-0.0435353$ & $0.0206005$ & $-0.0270507$ & $-0.0415574$ & $-0.0511767$ & $-0.00684542$ & $-0.059801$ & $-0.0631552$ & $-0.062871$ & $0.00911558$ & $0.00729661$ & $-0.0412244$ & $0.038714$ & $-0.0335685$ & $-0.0155066$ & $-0.0375742$ & $0.0439383$ & $0.157788$ & $-0.0242288$ & $0.00587779$ & $-0.0534378$ & $0.0533919$ & $-0.0874752$ & $-0.0152609$ & $0.0214134$ & $-0.054932$ & $0.0202656$ & $0.039656$ & $-0.0315339$ & $-0.0466299$ & $0.0377699$ & $-0.00446309$ & $1$ & $0.040757$ & $-0.0142809$ & $-0.0276381$ \\
eHccpar & $0.05779$ & $0.00142012$ & $-0.085012$ & $-0.0467765$ & $0.08359$ & $-0.035849$ & $-0.0636681$ & $0.00869073$ & $0.011908$ & $-0.0179754$ & $-0.0248813$ & $-0.0463206$ & $-0.00641436$ & $0.0381754$ & $0.0310799$ & $0.0618399$ & $0.0195681$ & $0.0115608$ & $-0.0119763$ & $0.0278117$ & $0.0157154$ & $0.0170569$ & $-0.0215701$ & $0.0310427$ & $0.00898613$ & $-0.0062145$ & $-0.0160264$ & $0.0255847$ & $-0.0325963$ & $-0.00773805$ & $0.417508$ & $-0.0687288$ & $-0.035809$ & $-0.0199422$ & $-0.0504956$ & $-0.0305074$ & $-0.054017$ & $-0.0126939$ & $0.0606684$ & $0.0211367$ & $-0.0899501$ & $0.0455518$ & $-0.0220691$ & $0.0109905$ & $-0.0403111$ & $0.040757$ & $1$ & $0.0647532$ & $-0.100001$ \\
eHbbint & $0.000604828$ & $-0.0312031$ & $0.0359975$ & $-0.0432266$ & $0.0399671$ & $0.0313107$ & $-0.0433615$ & $-0.0104047$ & $-0.013444$ & $-0.0461853$ & $0.042111$ & $-0.0170129$ & $-0.033253$ & $-0.0571231$ & $-0.0715808$ & $-0.0574109$ & $-0.0575896$ & $-0.00983051$ & $-0.0209426$ & $-0.0465526$ & $-0.0338665$ & $-0.0363382$ & $0.012399$ & $-0.0254679$ & $-0.0228033$ & $0.00701575$ & $0.0415162$ & $-0.037813$ & $-0.0309819$ & $0.0214611$ & $0.0677424$ & $-0.0392375$ & $0.192114$ & $0.044117$ & $-0.0442345$ & $-0.0592332$ & $-0.0343097$ & $0.00919158$ & $-0.0671738$ & $0.0297036$ & $-0.0218074$ & $-0.0296436$ & $-0.0497996$ & $0.0316486$ & $-0.0523527$ & $-0.0142809$ & $0.0647532$ & $1$ & $-0.00830675$ \\
eHbbpar & $0.0437922$ & $-0.0891918$ & $0.0204836$ & $-0.0596861$ & $-0.0229275$ & $0.0151326$ & $-0.000729851$ & $0.00112533$ & $-0.00840133$ & $0.0551465$ & $-0.00853258$ & $0.0473071$ & $-0.017527$ & $0.0220995$ & $-0.0501863$ & $-0.0354692$ & $0.0196649$ & $0.0455466$ & $0.0355302$ & $-0.000841696$ & $0.0122891$ & $0.00506155$ & $-0.052213$ & $0.00488041$ & $0.030534$ & $0.0258106$ & $0.0329973$ & $-0.0221387$ & $0.00738418$ & $-0.0362672$ & $-0.0490913$ & $0.00342025$ & $0.518424$ & $0.0316402$ & $-0.0149243$ & $0.0646508$ & $0.00321507$ & $0.0372899$ & $-0.0307794$ & $0.0191611$ & $-0.0128472$ & $-0.0188836$ & $0.0213307$ & $-0.0307002$ & $0.00885556$ & $-0.0276381$ & $-0.100001$ & $-0.00830675$ & $1$ \\
