 & AlsMz & dAle5Mz & mtop & mHl & Mz & CW & CHG & CHWB & CHWHB_gaga & CHWHB_gagaorth & CHD & CHbox & CH & CHL1_11 & CHL1_22 & CHL1_33 & CHL3_11 & CHL3_22 & CHL3_33 & CHe_11 & CHe_22 & CHe_33 & CHQ1_11 & CHQ1_33 & CHQ3_11 & CHu_11 & CHd_11 & CHd_33 & CeH_22r & CeH_33r & CuH_22r & CuH_33r & CdH_33r & CLL_1221 & eHggint & eHggpar & eHWWint & eHWWpar & eHZZint & eHZZpar & eHZgaint & eHZgapar & eHgagaint & eHmumuint & eHtautauint & eHccint & eHccpar & eHbbint & eHbbpar \\
AlsMz & $1$ & $-0.0107995$ & $-0.0130133$ & $0.00306368$ & $-0.0175456$ & $-0.0124509$ & $-0.00588184$ & $-0.0131035$ & $-0.0122366$ & $0.00345443$ & $-1.19906e-06$ & $0.0287671$ & $0.021806$ & $0.000587748$ & $0.0152627$ & $-0.0152011$ & $0.0147721$ & $0.000629913$ & $0.021563$ & $-0.00568135$ & $-0.0094508$ & $-0.0115844$ & $-0.0157221$ & $-0.0285164$ & $-0.0817418$ & $-0.0185848$ & $-0.0264486$ & $0.0216784$ & $-0.00563892$ & $0.0357198$ & $0.0152219$ & $0.00403152$ & $0.0374088$ & $-0.021972$ & $0.104688$ & $-0.0301543$ & $-0.138742$ & $0.00215937$ & $0.145683$ & $-0.00312872$ & $-0.0440883$ & $-0.00677665$ & $-0.0143903$ & $0.0639406$ & $0.0364563$ & $-0.0621195$ & $0.0445402$ & $0.0376857$ & $-0.00873973$ \\
dAle5Mz & $-0.0107995$ & $1$ & $-0.0222765$ & $-0.0790021$ & $-0.00622864$ & $0.0241341$ & $-0.0230286$ & $-0.0528659$ & $-0.0442833$ & $0.00835278$ & $0.031927$ & $0.0326246$ & $0.0193806$ & $0.00645662$ & $-0.000583982$ & $-0.025364$ & $0.0202787$ & $0.0134638$ & $0.0302777$ & $-0.0118344$ & $-0.0108334$ & $-0.0145274$ & $-0.0197948$ & $0.0255454$ & $0.018381$ & $0.0164095$ & $-0.00614931$ & $0.0156407$ & $0.0133131$ & $0.0252384$ & $-0.0283842$ & $-0.0277433$ & $-0.00351369$ & $0.0066982$ & $-0.0150897$ & $0.0269158$ & $-0.0168359$ & $-0.0119738$ & $-0.032992$ & $-0.00999843$ & $-0.0497566$ & $-0.00327491$ & $0.0328973$ & $0.0495753$ & $0.0726915$ & $0.000349195$ & $-0.0529382$ & $0.0070508$ & $-0.0535591$ \\
mtop & $-0.0130133$ & $-0.0222765$ & $1$ & $0.0701885$ & $-0.00214682$ & $-0.0111938$ & $-0.00536845$ & $0.012201$ & $0.0187886$ & $-0.0354098$ & $-0.00421328$ & $0.0089369$ & $0.0130597$ & $0.0057238$ & $0.0014022$ & $-0.000220473$ & $-0.0092053$ & $-0.00299679$ & $-0.00218493$ & $0.0107267$ & $0.00900398$ & $0.0167525$ & $-0.0045279$ & $-0.000528973$ & $-0.00661938$ & $-0.00128435$ & $0.00484189$ & $-0.010484$ & $-0.0236601$ & $-0.00707418$ & $-0.00219563$ & $-0.00374343$ & $-0.0286357$ & $0.00543396$ & $0.0333255$ & $0.0771632$ & $0.103119$ & $0.0421766$ & $-0.0856883$ & $0.0494439$ & $0.025296$ & $0.00559324$ & $0.119189$ & $0.0338445$ & $0.0470666$ & $-0.125579$ & $0.0343773$ & $-0.0531781$ & $-0.018461$ \\
mHl & $0.00306368$ & $-0.0790021$ & $0.0701885$ & $1$ & $-0.030347$ & $0.00405528$ & $-0.0186695$ & $0.00554531$ & $0.00887759$ & $0.0117376$ & $-0.0137894$ & $0.00757354$ & $0.00558312$ & $0.0199525$ & $0.0129294$ & $0.00906441$ & $0.013427$ & $0.0080556$ & $0.0076052$ & $0.012881$ & $0.0106652$ & $0.00978405$ & $-0.00516124$ & $-0.00374$ & $0.00930937$ & $-0.00766952$ & $-0.012834$ & $-0.0234665$ & $0.0181695$ & $0.0212664$ & $0.00513007$ & $-0.0130159$ & $0.0329031$ & $-0.0110391$ & $-0.0250707$ & $0.0578387$ & $-0.0442577$ & $0.0284407$ & $-0.103203$ & $-0.00460416$ & $0.0461509$ & $-0.0097068$ & $0.0580904$ & $-0.0790432$ & $-0.0278179$ & $-0.0118947$ & $-0.00322341$ & $0.0244752$ & $0.0270822$ \\
Mz & $-0.0175456$ & $-0.00622864$ & $-0.00214682$ & $-0.030347$ & $1$ & $0.00801339$ & $0.0252119$ & $-0.00120923$ & $0.00231439$ & $-0.00966688$ & $0.0175779$ & $-0.0134855$ & $-0.0107776$ & $-0.00782521$ & $-0.00398849$ & $0.0120251$ & $-0.0171137$ & $-0.0102919$ & $-0.0211486$ & $-0.00903303$ & $-0.00849055$ & $-0.00644789$ & $-0.0274786$ & $-0.00283208$ & $-0.0202548$ & $0.0205764$ & $-0.014196$ & $0.00846439$ & $0.00635567$ & $0.00754565$ & $0.0126849$ & $0.0208662$ & $0.0115559$ & $-7.61977e-05$ & $-0.0151049$ & $0.00662007$ & $-0.0226247$ & $0.00531837$ & $0.0145855$ & $-0.00454017$ & $-0.0292975$ & $-0.00378367$ & $0.0146911$ & $-0.016028$ & $-0.0166563$ & $-0.00652135$ & $0.0142188$ & $-0.0233001$ & $0.0314915$ \\
CW & $-0.0124509$ & $0.0241341$ & $-0.0111938$ & $0.00405528$ & $0.00801339$ & $1$ & $0.00533012$ & $-0.108471$ & $-0.103656$ & $0.0152391$ & $0.176533$ & $0.0277329$ & $0.00743859$ & $0.0106816$ & $-0.0576148$ & $-0.0695423$ & $-0.261749$ & $-0.0754808$ & $-0.0662877$ & $-0.173114$ & $-0.179591$ & $-0.177913$ & $-0.0205699$ & $-0.0130428$ & $-0.107401$ & $0.10503$ & $-0.0892962$ & $-0.0487707$ & $0.0138506$ & $0.00198745$ & $0.00403123$ & $0.0132128$ & $0.00950485$ & $-0.125778$ & $-0.00848709$ & $0.0270858$ & $-0.0202292$ & $-0.0116974$ & $-0.00742464$ & $0.0127685$ & $0.00379858$ & $-0.0125463$ & $0.0070243$ & $-0.00768823$ & $-0.0440089$ & $-0.0128865$ & $-0.00788876$ & $-0.00950147$ & $-0.00810125$ \\
CHG & $-0.00588184$ & $-0.0230286$ & $-0.00536845$ & $-0.0186695$ & $0.0252119$ & $0.00533012$ & $1$ & $-0.0680922$ & $-0.0157092$ & $0.102456$ & $0.0653627$ & $-0.324586$ & $-0.442168$ & $-0.0141799$ & $-0.0174993$ & $-0.0235458$ & $0.00887145$ & $0.0191304$ & $0.0245722$ & $-0.0633849$ & $-0.0659603$ & $-0.065347$ & $0.0110516$ & $0.0390335$ & $0.0248135$ & $0.0285194$ & $-0.0233588$ & $-0.032488$ & $0.0034298$ & $-0.195581$ & $-0.106419$ & $0.942063$ & $-0.244066$ & $-0.0416241$ & $0.00452555$ & $-0.0276756$ & $0.0101191$ & $0.0238624$ & $-0.0175268$ & $-0.00209017$ & $0.00167753$ & $0.0149569$ & $0.0237629$ & $-0.00942956$ & $-0.0314933$ & $-0.0328916$ & $0.0269791$ & $0.0167898$ & $-0.0322095$ \\
CHWB & $-0.0131035$ & $-0.0528659$ & $0.012201$ & $0.00554531$ & $-0.00120923$ & $-0.108471$ & $-0.0680922$ & $1$ & $0.982089$ & $-0.550049$ & $-0.866817$ & $0.0212065$ & $0.173453$ & $0.066016$ & $0.293493$ & $0.310573$ & $-0.272114$ & $-0.445221$ & $-0.45386$ & $0.838796$ & $0.883737$ & $0.867873$ & $0.0788126$ & $-0.674553$ & $-0.413927$ & $-0.512225$ & $0.4262$ & $0.297397$ & $0.00343281$ & $0.0818568$ & $0.0468905$ & $-0.0727353$ & $0.0803771$ & $0.570593$ & $-0.0385118$ & $0.0220119$ & $-0.000112131$ & $0.0295042$ & $-0.0189389$ & $0.00347522$ & $0.0282478$ & $0.0180191$ & $-0.0157304$ & $-0.00215308$ & $0.0300502$ & $-0.00347274$ & $0.017495$ & $0.00591685$ & $0.00337584$ \\
CHWHB_gaga & $-0.0122366$ & $-0.0442833$ & $0.0187886$ & $0.00887759$ & $0.00231439$ & $-0.103656$ & $-0.0157092$ & $0.982089$ & $1$ & $-0.542471$ & $-0.849289$ & $0.0321218$ & $0.160094$ & $0.0605275$ & $0.288089$ & $0.305462$ & $-0.27143$ & $-0.440849$ & $-0.449839$ & $0.822131$ & $0.8659$ & $0.850279$ & $0.0803977$ & $-0.663345$ & $-0.409935$ & $-0.504268$ & $0.419146$ & $0.293315$ & $0.011866$ & $0.103576$ & $0.0565415$ & $-0.027037$ & $0.102677$ & $0.560821$ & $-0.0534519$ & $0.0105628$ & $-0.0125966$ & $0.03386$ & $-0.027888$ & $0.00517039$ & $0.0234967$ & $0.0126933$ & $0.0609227$ & $-0.00701903$ & $0.0304558$ & $0.00513216$ & $0.0161887$ & $0.0102212$ & $0.00636281$ \\
CHWHB_gagaorth & $0.00345443$ & $0.00835278$ & $-0.0354098$ & $0.0117376$ & $-0.00966688$ & $0.0152391$ & $0.102456$ & $-0.550049$ & $-0.542471$ & $1$ & $0.369963$ & $0.10735$ & $-0.233878$ & $0.158549$ & $-0.134093$ & $-0.13529$ & $0.359084$ & $0.418075$ & $0.40966$ & $-0.355658$ & $-0.383472$ & $-0.380585$ & $-0.0752428$ & $0.496508$ & $0.395937$ & $0.240118$ & $-0.237647$ & $-0.117056$ & $-0.0205955$ & $-0.181028$ & $-0.108187$ & $0.110654$ & $-0.205863$ & $-0.327916$ & $0.0608215$ & $-0.0146569$ & $-0.0255263$ & $-0.0279993$ & $0.00733826$ & $0.00584425$ & $-0.0706951$ & $-0.00664784$ & $-0.00349557$ & $0.00735551$ & $0.0020811$ & $-0.0236832$ & $-0.0181594$ & $-0.0239515$ & $-0.00685204$ \\
CHD & $-1.19906e-06$ & $0.031927$ & $-0.00421328$ & $-0.0137894$ & $0.0175779$ & $0.176533$ & $0.0653627$ & $-0.866817$ & $-0.849289$ & $0.369963$ & $1$ & $0.0333672$ & $-0.12285$ & $-0.509233$ & $-0.418683$ & $-0.420229$ & $-0.210552$ & $0.0483403$ & $0.0553735$ & $-0.990378$ & $-0.99114$ & $-0.970933$ & $-0.0286955$ & $0.284872$ & $0.00579384$ & $0.581192$ & $-0.295289$ & $-0.329007$ & $-0.00470597$ & $-0.0826473$ & $-0.0448102$ & $0.0765425$ & $-0.083843$ & $-0.365094$ & $0.0346165$ & $0.000573111$ & $-0.00340121$ & $-0.0150054$ & $0.0362207$ & $-0.00165208$ & $-0.0107581$ & $-0.0131695$ & $0.0240098$ & $0.00839294$ & $-0.02583$ & $0.00752187$ & $-0.018995$ & $0.00142585$ & $-0.0100678$ \\
CHbox & $0.0287671$ & $0.0326246$ & $0.0089369$ & $0.00757354$ & $-0.0134855$ & $0.0277329$ & $-0.324586$ & $0.0212065$ & $0.0321218$ & $0.10735$ & $0.0333672$ & $1$ & $0.747635$ & $-0.113217$ & $0.0192576$ & $0.0223306$ & $-0.108021$ & $-0.111072$ & $-0.112592$ & $-0.0265777$ & $-0.0352059$ & $-0.0342432$ & $0.00108362$ & $-0.07018$ & $-0.108377$ & $0.0157837$ & $-0.0146332$ & $-0.0258407$ & $0.0731745$ & $0.433377$ & $0.152973$ & $-0.233338$ & $0.480955$ & $0.00173981$ & $0.041085$ & $0.0544393$ & $-0.0234009$ & $-0.0235924$ & $0.0151501$ & $0.00617436$ & $-0.00839383$ & $0.0260274$ & $0.00521734$ & $0.0283548$ & $0.0392236$ & $-0.02049$ & $-0.0267001$ & $-0.011583$ & $-0.0105069$ \\
CH & $0.021806$ & $0.0193806$ & $0.0130597$ & $0.00558312$ & $-0.0107776$ & $0.00743859$ & $-0.442168$ & $0.173453$ & $0.160094$ & $-0.233878$ & $-0.12285$ & $0.747635$ & $1$ & $-0.0475816$ & $0.0352477$ & $0.0375923$ & $-0.09566$ & $-0.118136$ & $-0.117325$ & $0.11673$ & $0.127689$ & $0.128309$ & $0.0255912$ & $-0.154352$ & $-0.109684$ & $-0.0796961$ & $0.0892704$ & $0.0253284$ & $0.0719856$ & $0.350291$ & $0.165905$ & $-0.406388$ & $0.395624$ & $0.114414$ & $-0.0177966$ & $0.0246493$ & $0.00677093$ & $-0.00956596$ & $-0.00127397$ & $0.00801218$ & $0.0221762$ & $0.02677$ & $0.00696593$ & $-0.00938178$ & $0.0252238$ & $0.0169802$ & $-0.019778$ & $-0.0134744$ & $-0.00419317$ \\
CHL1_11 & $0.000587748$ & $0.00645662$ & $0.0057238$ & $0.0199525$ & $-0.00782521$ & $0.0106816$ & $-0.0141799$ & $0.066016$ & $0.0605275$ & $0.158549$ & $-0.509233$ & $-0.113217$ & $-0.0475816$ & $1$ & $0.263461$ & $0.244233$ & $0.686162$ & $0.629277$ & $0.624915$ & $0.525808$ & $0.47156$ & $0.458498$ & $-0.0609826$ & $0.504568$ & $0.626313$ & $-0.290589$ & $-0.0982615$ & $0.157685$ & $-0.000169685$ & $0.0249053$ & $0.011789$ & $-0.028751$ & $0.0266179$ & $-0.223547$ & $-0.00571818$ & $-0.0240208$ & $0.0143162$ & $-0.0234236$ & $-0.0534579$ & $-0.00519933$ & $-0.024042$ & $-0.00550729$ & $-0.0200076$ & $-0.0191956$ & $-0.0127451$ & $-0.0122637$ & $0.0116603$ & $-0.0232152$ & $0.0157005$ \\
CHL1_22 & $0.0152627$ & $-0.000583982$ & $0.0014022$ & $0.0129294$ & $-0.00398849$ & $-0.0576148$ & $-0.0174993$ & $0.293493$ & $0.288089$ & $-0.134093$ & $-0.418683$ & $0.0192576$ & $0.0352477$ & $0.263461$ & $1$ & $0.460546$ & $0.147877$ & $-0.424538$ & $-0.0393909$ & $0.484804$ & $0.332544$ & $0.329005$ & $-0.164423$ & $0.112576$ & $-0.136029$ & $-0.209371$ & $-0.400278$ & $0.132941$ & $0.0115774$ & $0.0393025$ & $0.0215881$ & $-0.0177026$ & $0.0359963$ & $-0.588427$ & $-0.031701$ & $0.0240984$ & $-0.00393536$ & $0.0004338$ & $-0.0335681$ & $-0.00218578$ & $-0.00641212$ & $-0.0119592$ & $-0.0187609$ & $-0.00157202$ & $-0.000382679$ & $-4.19228e-05$ & $0.0149451$ & $0.00383681$ & $-0.0171187$ \\
CHL1_33 & $-0.0152011$ & $-0.025364$ & $-0.000220473$ & $0.00906441$ & $0.0120251$ & $-0.0695423$ & $-0.0235458$ & $0.310573$ & $0.305462$ & $-0.13529$ & $-0.420229$ & $0.0223306$ & $0.0375923$ & $0.244233$ & $0.460546$ & $1$ & $0.123484$ & $-0.0562888$ & $-0.430998$ & $0.484617$ & $0.339783$ & $0.355996$ & $-0.159202$ & $0.0804293$ & $-0.146094$ & $-0.207013$ & $-0.375589$ & $0.113326$ & $0.00521318$ & $0.0355058$ & $0.0210756$ & $-0.0219721$ & $0.0463087$ & $-0.0972829$ & $-0.0163297$ & $0.0105969$ & $-0.00787511$ & $0.011883$ & $-0.00863871$ & $-0.00556524$ & $0.0158272$ & $0.0105595$ & $-0.0337033$ & $-0.0055467$ & $-0.0073941$ & $-0.0207498$ & $0.0160366$ & $0.00942306$ & $0.0111543$ \\
CHL3_11 & $0.0147721$ & $0.0202787$ & $-0.0092053$ & $0.013427$ & $-0.0171137$ & $-0.261749$ & $0.00887145$ & $-0.272114$ & $-0.27143$ & $0.359084$ & $-0.210552$ & $-0.108021$ & $-0.09566$ & $0.686162$ & $0.147877$ & $0.123484$ & $1$ & $0.767742$ & $0.769332$ & $0.230748$ & $0.180176$ & $0.171991$ & $-0.0628312$ & $0.704642$ & $0.80041$ & $-0.110335$ & $-0.155025$ & $0.0452585$ & $0.00175618$ & $-0.00595811$ & $-0.0040924$ & $-0.00425936$ & $0.000802638$ & $-0.264959$ & $0.00939862$ & $-0.0529697$ & $0.00817311$ & $-0.0208166$ & $-0.0217714$ & $0.00202775$ & $-0.0332532$ & $-0.00384447$ & $-0.00644461$ & $-0.0146978$ & $-0.00442829$ & $0.00058212$ & $0.000444304$ & $-0.014812$ & $0.0127728$ \\
CHL3_22 & $0.000629913$ & $0.0134638$ & $-0.00299679$ & $0.0080556$ & $-0.0102919$ & $-0.0754808$ & $0.0191304$ & $-0.445221$ & $-0.440849$ & $0.418075$ & $0.0483403$ & $-0.111072$ & $-0.118136$ & $0.629277$ & $-0.424538$ & $-0.0562888$ & $0.767742$ & $1$ & $0.717001$ & $-0.0519767$ & $-0.0417408$ & $-0.0444356$ & $0.00731959$ & $0.645095$ & $0.818721$ & $0.0221384$ & $-0.00582202$ & $-0.0356107$ & $-0.00701039$ & $-0.0272722$ & $-0.0169588$ & $0.00814217$ & $-0.0196851$ & $0.00329035$ & $0.0279604$ & $-0.054323$ & $0.0116414$ & $-0.0251223$ & $-0.0106724$ & $-0.00160033$ & $-0.0241526$ & $0.000262556$ & $-0.00144948$ & $-0.0154397$ & $-0.0137634$ & $-0.00824901$ & $-0.00418681$ & $-0.0171496$ & $0.024578$ \\
CHL3_33 & $0.021563$ & $0.0302777$ & $-0.00218493$ & $0.0076052$ & $-0.0211486$ & $-0.0662877$ & $0.0245722$ & $-0.45386$ & $-0.449839$ & $0.40966$ & $0.0553735$ & $-0.112592$ & $-0.117325$ & $0.624915$ & $-0.0393909$ & $-0.430998$ & $0.769332$ & $0.717001$ & $1$ & $-0.0583902$ & $-0.0505753$ & $-0.0481358$ & $0.00557646$ & $0.65505$ & $0.814001$ & $0.0245625$ & $-0.0157773$ & $-0.020869$ & $-0.00170786$ & $-0.0245831$ & $-0.0163688$ & $0.0124548$ & $-0.0259988$ & $-0.347386$ & $0.0122426$ & $-0.0449928$ & $0.0141631$ & $-0.0325974$ & $-0.0240697$ & $0.00354804$ & $-0.0364381$ & $-0.0142474$ & $0.00492773$ & $-0.0121886$ & $-0.00884701$ & $0.00659417$ & $-0.00796559$ & $-0.0184629$ & $0.00131864$ \\
CHe_11 & $-0.00568135$ & $-0.0118344$ & $0.0107267$ & $0.012881$ & $-0.00903303$ & $-0.173114$ & $-0.0633849$ & $0.838796$ & $0.822131$ & $-0.355658$ & $-0.990378$ & $-0.0265777$ & $0.11673$ & $0.525808$ & $0.484804$ & $0.484617$ & $0.230748$ & $-0.0519767$ & $-0.0583902$ & $1$ & $0.972468$ & $0.953334$ & $0.00393068$ & $-0.233154$ & $-0.00101001$ & $-0.572093$ & $0.220405$ & $0.323358$ & $0.00455927$ & $0.0801423$ & $0.0422149$ & $-0.0744884$ & $0.0807474$ & $0.286303$ & $-0.0368623$ & $0.00155632$ & $0.00542602$ & $0.0163053$ & $-0.0389478$ & $0.00129044$ & $0.0112751$ & $0.0118125$ & $-0.0249885$ & $-0.00923792$ & $0.0269388$ & $-0.0101361$ & $0.0188998$ & $0.00059236$ & $0.00734907$ \\
CHe_22 & $-0.0094508$ & $-0.0108334$ & $0.00900398$ & $0.0106652$ & $-0.00849055$ & $-0.179591$ & $-0.0659603$ & $0.883737$ & $0.8659$ & $-0.383472$ & $-0.99114$ & $-0.0352059$ & $0.127689$ & $0.47156$ & $0.332544$ & $0.339783$ & $0.180176$ & $-0.0417408$ & $-0.0505753$ & $0.972468$ & $1$ & $0.975891$ & $0.0559014$ & $-0.338644$ & $-0.00957904$ & $-0.582045$ & $0.376655$ & $0.329907$ & $0.00331585$ & $0.0809675$ & $0.0427612$ & $-0.0782432$ & $0.0810111$ & $0.452311$ & $-0.036237$ & $0.000429351$ & $0.00612364$ & $0.0171049$ & $-0.0361521$ & $0.00368804$ & $0.0116129$ & $0.015361$ & $-0.0202038$ & $-0.00792469$ & $0.0304025$ & $-0.00607069$ & $0.0158083$ & $-0.00245554$ & $0.0092429$ \\
CHe_33 & $-0.0115844$ & $-0.0145274$ & $0.0167525$ & $0.00978405$ & $-0.00644789$ & $-0.177913$ & $-0.065347$ & $0.867873$ & $0.850279$ & $-0.380585$ & $-0.970933$ & $-0.0342432$ & $0.128309$ & $0.458498$ & $0.329005$ & $0.355996$ & $0.171991$ & $-0.0444356$ & $-0.0481358$ & $0.953334$ & $0.975891$ & $1$ & $0.0514694$ & $-0.331943$ & $-0.0124981$ & $-0.567373$ & $0.368262$ & $0.324621$ & $0.0053151$ & $0.080573$ & $0.042599$ & $-0.0767965$ & $0.082039$ & $0.444036$ & $-0.0329839$ & $-0.0010332$ & $0.000440432$ & $0.0179513$ & $-0.0337256$ & $0.00276586$ & $0.0161098$ & $0.017024$ & $-0.0206801$ & $-0.0104772$ & $0.0255755$ & $-0.00936699$ & $0.0113648$ & $-0.00240904$ & $0.0109655$ \\
CHQ1_11 & $-0.0157221$ & $-0.0197948$ & $-0.0045279$ & $-0.00516124$ & $-0.0274786$ & $-0.0205699$ & $0.0110516$ & $0.0788126$ & $0.0803977$ & $-0.0752428$ & $-0.0286955$ & $0.00108362$ & $0.0255912$ & $-0.0609826$ & $-0.164423$ & $-0.159202$ & $-0.0628312$ & $0.00731959$ & $0.00557646$ & $0.00393068$ & $0.0559014$ & $0.0514694$ & $1$ & $-0.133837$ & $0.0803634$ & $-0.673255$ & $0.345286$ & $0.0193989$ & $0.0152858$ & $0.021771$ & $0.0210387$ & $0.0118283$ & $0.00408251$ & $0.20088$ & $-0.00768513$ & $0.00159266$ & $-0.0148738$ & $-0.00432844$ & $-0.0163607$ & $0.00577271$ & $0.02675$ & $0.0118034$ & $0.0167891$ & $-0.0289103$ & $0.00585232$ & $0.034751$ & $0.0354216$ & $-0.0238635$ & $-0.0196017$ \\
CHQ1_33 & $-0.0285164$ & $0.0255454$ & $-0.000528973$ & $-0.00374$ & $-0.00283208$ & $-0.0130428$ & $0.0390335$ & $-0.674553$ & $-0.663345$ & $0.496508$ & $0.284872$ & $-0.07018$ & $-0.154352$ & $0.504568$ & $0.112576$ & $0.0804293$ & $0.704642$ & $0.645095$ & $0.65505$ & $-0.233154$ & $-0.338644$ & $-0.331943$ & $-0.133837$ & $1$ & $0.664651$ & $0.186948$ & $-0.417514$ & $-0.017735$ & $0.00316774$ & $-0.040034$ & $-0.0291864$ & $0.0334761$ & $-0.0387087$ & $-0.636568$ & $0.0078878$ & $-0.0270754$ & $0.00943209$ & $-0.0293388$ & $-0.0137718$ & $-0.00686596$ & $-0.0277438$ & $-0.0166565$ & $0.00762557$ & $-0.000727252$ & $-0.027008$ & $0.00409845$ & $-0.006097$ & $-0.0199228$ & $0.00855819$ \\
CHQ3_11 & $-0.0817418$ & $0.018381$ & $-0.00661938$ & $0.00930937$ & $-0.0202548$ & $-0.107401$ & $0.0248135$ & $-0.413927$ & $-0.409935$ & $0.395937$ & $0.00579384$ & $-0.108377$ & $-0.109684$ & $0.626313$ & $-0.136029$ & $-0.146094$ & $0.80041$ & $0.818721$ & $0.814001$ & $-0.00101001$ & $-0.00957904$ & $-0.0124981$ & $0.0803634$ & $0.664651$ & $1$ & $0.00418744$ & $0.195157$ & $-0.0143723$ & $-0.0062064$ & $-0.0257832$ & $-0.010662$ & $0.00996417$ & $-0.0223717$ & $-0.206945$ & $0.00147907$ & $-0.0484696$ & $0.022569$ & $-0.0204353$ & $-0.0347237$ & $-0.000998413$ & $-0.0234877$ & $-0.0107165$ & $-0.00426852$ & $-0.0148651$ & $-0.0164018$ & $0.00587302$ & $-0.00635002$ & $-0.0141713$ & $0.00320723$ \\
CHu_11 & $-0.0185848$ & $0.0164095$ & $-0.00128435$ & $-0.00766952$ & $0.0205764$ & $0.10503$ & $0.0285194$ & $-0.512225$ & $-0.504268$ & $0.240118$ & $0.581192$ & $0.0157837$ & $-0.0796961$ & $-0.290589$ & $-0.209371$ & $-0.207013$ & $-0.110335$ & $0.0221384$ & $0.0245625$ & $-0.572093$ & $-0.582045$ & $-0.567373$ & $-0.673255$ & $0.186948$ & $0.00418744$ & $1$ & $-0.177128$ & $-0.188809$ & $-0.00638602$ & $-0.0706468$ & $-0.0423638$ & $0.0294043$ & $-0.057266$ & $-0.245539$ & $0.0145151$ & $-0.0114782$ & $0.0227639$ & $-0.00147101$ & $0.0288069$ & $-0.0069136$ & $-0.0330863$ & $-0.0181214$ & $-0.00767792$ & $0.0286231$ & $-0.026546$ & $-0.0143434$ & $-0.046827$ & $0.0256319$ & $0.00135769$ \\
CHd_11 & $-0.0264486$ & $-0.00614931$ & $0.00484189$ & $-0.012834$ & $-0.014196$ & $-0.0892962$ & $-0.0233588$ & $0.4262$ & $0.419146$ & $-0.237647$ & $-0.295289$ & $-0.0146332$ & $0.0892704$ & $-0.0982615$ & $-0.400278$ & $-0.375589$ & $-0.155025$ & $-0.00582202$ & $-0.0157773$ & $0.220405$ & $0.376655$ & $0.368262$ & $0.345286$ & $-0.417514$ & $0.195157$ & $-0.177128$ & $1$ & $0.112074$ & $-0.00470285$ & $0.0269151$ & $0.020259$ & $-0.0332433$ & $0.0215899$ & $0.690344$ & $-0.0233957$ & $-0.0103946$ & $0.00624795$ & $0.0214805$ & $-0.00132956$ & $0.00328077$ & $0.0161974$ & $0.00787888$ & $0.00569563$ & $0.0081402$ & $0.0199423$ & $0.0140563$ & $-0.00159081$ & $0.00569905$ & $-0.0102722$ \\
CHd_33 & $0.0216784$ & $0.0156407$ & $-0.010484$ & $-0.0234665$ & $0.00846439$ & $-0.0487707$ & $-0.032488$ & $0.297397$ & $0.293315$ & $-0.117056$ & $-0.329007$ & $-0.0258407$ & $0.0253284$ & $0.157685$ & $0.132941$ & $0.113326$ & $0.0452585$ & $-0.0356107$ & $-0.020869$ & $0.323358$ & $0.329907$ & $0.324621$ & $0.0193989$ & $-0.017735$ & $-0.0143723$ & $-0.188809$ & $0.112074$ & $1$ & $0.00635271$ & $0.0172395$ & $0.0116183$ & $-0.0373287$ & $0.0255668$ & $0.133371$ & $-0.00953291$ & $-0.00210117$ & $-0.0147931$ & $0.0182927$ & $0.00962694$ & $-0.00258805$ & $0.00343246$ & $0.00368353$ & $0.00166431$ & $0.00884235$ & $0.012682$ & $0.0213094$ & $-0.000452332$ & $-0.0288658$ & $0.0213688$ \\
CeH_22r & $-0.00563892$ & $0.0133131$ & $-0.0236601$ & $0.0181695$ & $0.00635567$ & $0.0138506$ & $0.0034298$ & $0.00343281$ & $0.011866$ & $-0.0205955$ & $-0.00470597$ & $0.0731745$ & $0.0719856$ & $-0.000169685$ & $0.0115774$ & $0.00521318$ & $0.00175618$ & $-0.00701039$ & $-0.00170786$ & $0.00455927$ & $0.00331585$ & $0.0053151$ & $0.0152858$ & $0.00316774$ & $-0.0062064$ & $-0.00638602$ & $-0.00470285$ & $0.00635271$ & $1$ & $0.0491204$ & $0.0237901$ & $-0.00826335$ & $0.0552087$ & $-0.00602334$ & $-0.009175$ & $-0.00449074$ & $-0.00555227$ & $0.000420679$ & $0.0144087$ & $-0.00382733$ & $0.00824295$ & $0.00716791$ & $0.0215908$ & $-0.0206032$ & $-0.00776723$ & $0.021248$ & $-0.0182029$ & $0.0191529$ & $-0.00942293$ \\
CeH_33r & $0.0357198$ & $0.0252384$ & $-0.00707418$ & $0.0212664$ & $0.00754565$ & $0.00198745$ & $-0.195581$ & $0.0818568$ & $0.103576$ & $-0.181028$ & $-0.0826473$ & $0.433377$ & $0.350291$ & $0.0249053$ & $0.0393025$ & $0.0355058$ & $-0.00595811$ & $-0.0272722$ & $-0.0245831$ & $0.0801423$ & $0.0809675$ & $0.080573$ & $0.021771$ & $-0.040034$ & $-0.0257832$ & $-0.0706468$ & $0.0269151$ & $0.0172395$ & $0.0491204$ & $1$ & $0.342829$ & $-0.0496951$ & $0.674701$ & $0.0353149$ & $-0.0453505$ & $-0.0146023$ & $-0.184651$ & $-0.0186267$ & $-0.0162742$ & $-0.0265291$ & $-0.0222885$ & $0.0176477$ & $0.017145$ & $0.00416629$ & $0.0590294$ & $-0.0238169$ & $0.00304754$ & $0.00816993$ & $0.00688385$ \\
CuH_22r & $0.0152219$ & $-0.0283842$ & $-0.00219563$ & $0.00513007$ & $0.0126849$ & $0.00403123$ & $-0.106419$ & $0.0468905$ & $0.0565415$ & $-0.108187$ & $-0.0448102$ & $0.152973$ & $0.165905$ & $0.011789$ & $0.0215881$ & $0.0210756$ & $-0.0040924$ & $-0.0169588$ & $-0.0163688$ & $0.0422149$ & $0.0427612$ & $0.042599$ & $0.0210387$ & $-0.0291864$ & $-0.010662$ & $-0.0423638$ & $0.020259$ & $0.0116183$ & $0.0237901$ & $0.342829$ & $1$ & $-0.0294894$ & $0.345292$ & $0.0213705$ & $-0.0305902$ & $-0.0372427$ & $-0.0505645$ & $-0.0241373$ & $-0.0531449$ & $-0.0207148$ & $0.0352387$ & $0.00844247$ & $0.0143204$ & $-0.05208$ & $0.0289731$ & $0.072496$ & $0.351366$ & $-0.0107407$ & $-0.0221038$ \\
CuH_33r & $0.00403152$ & $-0.0277433$ & $-0.00374343$ & $-0.0130159$ & $0.0208662$ & $0.0132128$ & $0.942063$ & $-0.0727353$ & $-0.027037$ & $0.110654$ & $0.0765425$ & $-0.233338$ & $-0.406388$ & $-0.028751$ & $-0.0177026$ & $-0.0219721$ & $-0.00425936$ & $0.00814217$ & $0.0124548$ & $-0.0744884$ & $-0.0782432$ & $-0.0767965$ & $0.0118283$ & $0.0334761$ & $0.00996417$ & $0.0294043$ & $-0.0332433$ & $-0.0373287$ & $-0.00826335$ & $-0.0496951$ & $-0.0294894$ & $1$ & $-0.0744071$ & $-0.0451899$ & $0.0757175$ & $0.00908232$ & $-0.0343444$ & $0.0143228$ & $-0.00907466$ & $-0.00278161$ & $-0.00106313$ & $0.0156231$ & $0.0267992$ & $0.00251204$ & $-0.0391753$ & $-0.0480928$ & $0.0214888$ & $0.0146493$ & $-0.0240225$ \\
CdH_33r & $0.0374088$ & $-0.00351369$ & $-0.0286357$ & $0.0329031$ & $0.0115559$ & $0.00950485$ & $-0.244066$ & $0.0803771$ & $0.102677$ & $-0.205863$ & $-0.083843$ & $0.480955$ & $0.395624$ & $0.0266179$ & $0.0359963$ & $0.0463087$ & $0.000802638$ & $-0.0196851$ & $-0.0259988$ & $0.0807474$ & $0.0810111$ & $0.082039$ & $0.00408251$ & $-0.0387087$ & $-0.0223717$ & $-0.057266$ & $0.0215899$ & $0.0255668$ & $0.0552087$ & $0.674701$ & $0.345292$ & $-0.0744071$ & $1$ & $0.036602$ & $-0.0743226$ & $-0.0142126$ & $-0.250612$ & $-0.0302489$ & $0.0100169$ & $-0.00125172$ & $-0.0177272$ & $0.0187708$ & $0.0386942$ & $0.051395$ & $-0.0204189$ & $-0.08863$ & $-0.0717858$ & $0.147214$ & $0.452153$ \\
CLL_1221 & $-0.021972$ & $0.0066982$ & $0.00543396$ & $-0.0110391$ & $-7.61977e-05$ & $-0.125778$ & $-0.0416241$ & $0.570593$ & $0.560821$ & $-0.327916$ & $-0.365094$ & $0.00173981$ & $0.114414$ & $-0.223547$ & $-0.588427$ & $-0.0972829$ & $-0.264959$ & $0.00329035$ & $-0.347386$ & $0.286303$ & $0.452311$ & $0.444036$ & $0.20088$ & $-0.636568$ & $-0.206945$ & $-0.245539$ & $0.690344$ & $0.133371$ & $-0.00602334$ & $0.0353149$ & $0.0213705$ & $-0.0451899$ & $0.036602$ & $1$ & $-0.00385585$ & $-0.0061064$ & $-0.000463189$ & $0.0257796$ & $0.0165399$ & $0.00605399$ & $0.0250458$ & $0.0274209$ & $0.00779619$ & $-0.000177541$ & $0.0292101$ & $0.00124422$ & $0.000321613$ & $0.00295845$ & $0.0141828$ \\
eHggint & $0.104688$ & $-0.0150897$ & $0.0333255$ & $-0.0250707$ & $-0.0151049$ & $-0.00848709$ & $0.00452555$ & $-0.0385118$ & $-0.0534519$ & $0.0608215$ & $0.0346165$ & $0.041085$ & $-0.0177966$ & $-0.00571818$ & $-0.031701$ & $-0.0163297$ & $0.00939862$ & $0.0279604$ & $0.0122426$ & $-0.0368623$ & $-0.036237$ & $-0.0329839$ & $-0.00768513$ & $0.0078878$ & $0.00147907$ & $0.0145151$ & $-0.0233957$ & $-0.00953291$ & $-0.009175$ & $-0.0453505$ & $-0.0305902$ & $0.0757175$ & $-0.0743226$ & $-0.00385585$ & $1$ & $-0.156353$ & $0.0198917$ & $-0.0184529$ & $-0.00824132$ & $0.00432669$ & $-0.0173424$ & $0.0263524$ & $-0.0337138$ & $0.053919$ & $-0.00970542$ & $-0.070196$ & $-0.0116077$ & $-0.0259843$ & $-0.0420324$ \\
eHggpar & $-0.0301543$ & $0.0269158$ & $0.0771632$ & $0.0578387$ & $0.00662007$ & $0.0270858$ & $-0.0276756$ & $0.0220119$ & $0.0105628$ & $-0.0146569$ & $0.000573111$ & $0.0544393$ & $0.0246493$ & $-0.0240208$ & $0.0240984$ & $0.0105969$ & $-0.0529697$ & $-0.054323$ & $-0.0449928$ & $0.00155632$ & $0.000429351$ & $-0.0010332$ & $0.00159266$ & $-0.0270754$ & $-0.0484696$ & $-0.0114782$ & $-0.0103946$ & $-0.00210117$ & $-0.00449074$ & $-0.0146023$ & $-0.0372427$ & $0.00908232$ & $-0.0142126$ & $-0.0061064$ & $-0.156353$ & $1$ & $0.0329118$ & $0.0236966$ & $0.0179099$ & $0.0170864$ & $0.0733369$ & $-0.00747553$ & $-0.0468425$ & $0.0148236$ & $-0.0317907$ & $-0.0273113$ & $-0.0435474$ & $-0.0905748$ & $0.0216316$ \\
eHWWint & $-0.138742$ & $-0.0168359$ & $0.103119$ & $-0.0442577$ & $-0.0226247$ & $-0.0202292$ & $0.0101191$ & $-0.000112131$ & $-0.0125966$ & $-0.0255263$ & $-0.00340121$ & $-0.0234009$ & $0.00677093$ & $0.0143162$ & $-0.00393536$ & $-0.00787511$ & $0.00817311$ & $0.0116414$ & $0.0141631$ & $0.00542602$ & $0.00612364$ & $0.000440432$ & $-0.0148738$ & $0.00943209$ & $0.022569$ & $0.0227639$ & $0.00624795$ & $-0.0147931$ & $-0.00555227$ & $-0.184651$ & $-0.0505645$ & $-0.0343444$ & $-0.250612$ & $-0.000463189$ & $0.0198917$ & $0.0329118$ & $1$ & $-0.0175487$ & $-0.0384776$ & $0.000798156$ & $0.0327211$ & $0.0242225$ & $0.00189813$ & $0.0693364$ & $0.0505515$ & $0.0863915$ & $0.10205$ & $-0.0197249$ & $-0.105499$ \\
eHWWpar & $0.00215937$ & $-0.0119738$ & $0.0421766$ & $0.0284407$ & $0.00531837$ & $-0.0116974$ & $0.0238624$ & $0.0295042$ & $0.03386$ & $-0.0279993$ & $-0.0150054$ & $-0.0235924$ & $-0.00956596$ & $-0.0234236$ & $0.0004338$ & $0.011883$ & $-0.0208166$ & $-0.0251223$ & $-0.0325974$ & $0.0163053$ & $0.0171049$ & $0.0179513$ & $-0.00432844$ & $-0.0293388$ & $-0.0204353$ & $-0.00147101$ & $0.0214805$ & $0.0182927$ & $0.000420679$ & $-0.0186267$ & $-0.0241373$ & $0.0143228$ & $-0.0302489$ & $0.0257796$ & $-0.0184529$ & $0.0236966$ & $-0.0175487$ & $1$ & $-0.00142371$ & $0.00712041$ & $0.00251099$ & $-0.00339929$ & $0.0680993$ & $-0.0261664$ & $0.0602172$ & $0.0309573$ & $-0.0284227$ & $-0.0125811$ & $-0.00448282$ \\
eHZZint & $0.145683$ & $-0.032992$ & $-0.0856883$ & $-0.103203$ & $0.0145855$ & $-0.00742464$ & $-0.0175268$ & $-0.0189389$ & $-0.027888$ & $0.00733826$ & $0.0362207$ & $0.0151501$ & $-0.00127397$ & $-0.0534579$ & $-0.0335681$ & $-0.00863871$ & $-0.0217714$ & $-0.0106724$ & $-0.0240697$ & $-0.0389478$ & $-0.0361521$ & $-0.0337256$ & $-0.0163607$ & $-0.0137718$ & $-0.0347237$ & $0.0288069$ & $-0.00132956$ & $0.00962694$ & $0.0144087$ & $-0.0162742$ & $-0.0531449$ & $-0.00907466$ & $0.0100169$ & $0.0165399$ & $-0.00824132$ & $0.0179099$ & $-0.0384776$ & $-0.00142371$ & $1$ & $0.0260831$ & $0.0328457$ & $-0.00691979$ & $-0.0358047$ & $0.0900244$ & $-0.0993983$ & $0.0845115$ & $-0.134785$ & $0.0853991$ & $0.0165256$ \\
eHZZpar & $-0.00312872$ & $-0.00999843$ & $0.0494439$ & $-0.00460416$ & $-0.00454017$ & $0.0127685$ & $-0.00209017$ & $0.00347522$ & $0.00517039$ & $0.00584425$ & $-0.00165208$ & $0.00617436$ & $0.00801218$ & $-0.00519933$ & $-0.00218578$ & $-0.00556524$ & $0.00202775$ & $-0.00160033$ & $0.00354804$ & $0.00129044$ & $0.00368804$ & $0.00276586$ & $0.00577271$ & $-0.00686596$ & $-0.000998413$ & $-0.0069136$ & $0.00328077$ & $-0.00258805$ & $-0.00382733$ & $-0.0265291$ & $-0.0207148$ & $-0.00278161$ & $-0.00125172$ & $0.00605399$ & $0.00432669$ & $0.0170864$ & $0.000798156$ & $0.00712041$ & $0.0260831$ & $1$ & $0.0107782$ & $0.0155188$ & $0.0426461$ & $-0.0106501$ & $0.00637127$ & $-0.000418482$ & $0.013237$ & $0.0444172$ & $0.0233423$ \\
eHZgaint & $-0.0440883$ & $-0.0497566$ & $0.025296$ & $0.0461509$ & $-0.0292975$ & $0.00379858$ & $0.00167753$ & $0.0282478$ & $0.0234967$ & $-0.0706951$ & $-0.0107581$ & $-0.00839383$ & $0.0221762$ & $-0.024042$ & $-0.00641212$ & $0.0158272$ & $-0.0332532$ & $-0.0241526$ & $-0.0364381$ & $0.0112751$ & $0.0116129$ & $0.0161098$ & $0.02675$ & $-0.0277438$ & $-0.0234877$ & $-0.0330863$ & $0.0161974$ & $0.00343246$ & $0.00824295$ & $-0.0222885$ & $0.0352387$ & $-0.00106313$ & $-0.0177272$ & $0.0250458$ & $-0.0173424$ & $0.0733369$ & $0.0327211$ & $0.00251099$ & $0.0328457$ & $0.0107782$ & $1$ & $-0.00543116$ & $-0.00181771$ & $-0.144587$ & $0.0114815$ & $0.110793$ & $0.041043$ & $0.0631236$ & $-0.0103591$ \\
eHZgapar & $-0.00677665$ & $-0.00327491$ & $0.00559324$ & $-0.0097068$ & $-0.00378367$ & $-0.0125463$ & $0.0149569$ & $0.0180191$ & $0.0126933$ & $-0.00664784$ & $-0.0131695$ & $0.0260274$ & $0.02677$ & $-0.00550729$ & $-0.0119592$ & $0.0105595$ & $-0.00384447$ & $0.000262556$ & $-0.0142474$ & $0.0118125$ & $0.015361$ & $0.017024$ & $0.0118034$ & $-0.0166565$ & $-0.0107165$ & $-0.0181214$ & $0.00787888$ & $0.00368353$ & $0.00716791$ & $0.0176477$ & $0.00844247$ & $0.0156231$ & $0.0187708$ & $0.0274209$ & $0.0263524$ & $-0.00747553$ & $0.0242225$ & $-0.00339929$ & $-0.00691979$ & $0.0155188$ & $-0.00543116$ & $1$ & $-0.0567987$ & $0.0209635$ & $0.036685$ & $-0.0344911$ & $0.0106984$ & $-0.00386069$ & $0.0203559$ \\
eHgagaint & $-0.0143903$ & $0.0328973$ & $0.119189$ & $0.0580904$ & $0.0146911$ & $0.0070243$ & $0.0237629$ & $-0.0157304$ & $0.0609227$ & $-0.00349557$ & $0.0240098$ & $0.00521734$ & $0.00696593$ & $-0.0200076$ & $-0.0187609$ & $-0.0337033$ & $-0.00644461$ & $-0.00144948$ & $0.00492773$ & $-0.0249885$ & $-0.0202038$ & $-0.0206801$ & $0.0167891$ & $0.00762557$ & $-0.00426852$ & $-0.00767792$ & $0.00569563$ & $0.00166431$ & $0.0215908$ & $0.017145$ & $0.0143204$ & $0.0267992$ & $0.0386942$ & $0.00779619$ & $-0.0337138$ & $-0.0468425$ & $0.00189813$ & $0.0680993$ & $-0.0358047$ & $0.0426461$ & $-0.00181771$ & $-0.0567987$ & $1$ & $-0.11144$ & $-0.00875627$ & $0.154316$ & $-0.00742445$ & $0.0100202$ & $0.0573526$ \\
eHmumuint & $0.0639406$ & $0.0495753$ & $0.0338445$ & $-0.0790432$ & $-0.016028$ & $-0.00768823$ & $-0.00942956$ & $-0.00215308$ & $-0.00701903$ & $0.00735551$ & $0.00839294$ & $0.0283548$ & $-0.00938178$ & $-0.0191956$ & $-0.00157202$ & $-0.0055467$ & $-0.0146978$ & $-0.0154397$ & $-0.0121886$ & $-0.00923792$ & $-0.00792469$ & $-0.0104772$ & $-0.0289103$ & $-0.000727252$ & $-0.0148651$ & $0.0286231$ & $0.0081402$ & $0.00884235$ & $-0.0206032$ & $0.00416629$ & $-0.05208$ & $0.00251204$ & $0.051395$ & $-0.000177541$ & $0.053919$ & $0.0148236$ & $0.0693364$ & $-0.0261664$ & $0.0900244$ & $-0.0106501$ & $-0.144587$ & $0.0209635$ & $-0.11144$ & $1$ & $0.140294$ & $-0.0648516$ & $-0.106818$ & $0.0483032$ & $0.0725348$ \\
eHtautauint & $0.0364563$ & $0.0726915$ & $0.0470666$ & $-0.0278179$ & $-0.0166563$ & $-0.0440089$ & $-0.0314933$ & $0.0300502$ & $0.0304558$ & $0.0020811$ & $-0.02583$ & $0.0392236$ & $0.0252238$ & $-0.0127451$ & $-0.000382679$ & $-0.0073941$ & $-0.00442829$ & $-0.0137634$ & $-0.00884701$ & $0.0269388$ & $0.0304025$ & $0.0255755$ & $0.00585232$ & $-0.027008$ & $-0.0164018$ & $-0.026546$ & $0.0199423$ & $0.012682$ & $-0.00776723$ & $0.0590294$ & $0.0289731$ & $-0.0391753$ & $-0.0204189$ & $0.0292101$ & $-0.00970542$ & $-0.0317907$ & $0.0505515$ & $0.0602172$ & $-0.0993983$ & $0.00637127$ & $0.0114815$ & $0.036685$ & $-0.00875627$ & $0.140294$ & $1$ & $-0.0532006$ & $0.0994493$ & $0.0529059$ & $-0.0810934$ \\
eHccint & $-0.0621195$ & $0.000349195$ & $-0.125579$ & $-0.0118947$ & $-0.00652135$ & $-0.0128865$ & $-0.0328916$ & $-0.00347274$ & $0.00513216$ & $-0.0236832$ & $0.00752187$ & $-0.02049$ & $0.0169802$ & $-0.0122637$ & $-4.19228e-05$ & $-0.0207498$ & $0.00058212$ & $-0.00824901$ & $0.00659417$ & $-0.0101361$ & $-0.00607069$ & $-0.00936699$ & $0.034751$ & $0.00409845$ & $0.00587302$ & $-0.0143434$ & $0.0140563$ & $0.0213094$ & $0.021248$ & $-0.0238169$ & $0.072496$ & $-0.0480928$ & $-0.08863$ & $0.00124422$ & $-0.070196$ & $-0.0273113$ & $0.0863915$ & $0.0309573$ & $0.0845115$ & $-0.000418482$ & $0.110793$ & $-0.0344911$ & $0.154316$ & $-0.0648516$ & $-0.0532006$ & $1$ & $0.0227341$ & $-0.0698771$ & $-0.138383$ \\
eHccpar & $0.0445402$ & $-0.0529382$ & $0.0343773$ & $-0.00322341$ & $0.0142188$ & $-0.00788876$ & $0.0269791$ & $0.017495$ & $0.0161887$ & $-0.0181594$ & $-0.018995$ & $-0.0267001$ & $-0.019778$ & $0.0116603$ & $0.0149451$ & $0.0160366$ & $0.000444304$ & $-0.00418681$ & $-0.00796559$ & $0.0188998$ & $0.0158083$ & $0.0113648$ & $0.0354216$ & $-0.006097$ & $-0.00635002$ & $-0.046827$ & $-0.00159081$ & $-0.000452332$ & $-0.0182029$ & $0.00304754$ & $0.351366$ & $0.0214888$ & $-0.0717858$ & $0.000321613$ & $-0.0116077$ & $-0.0435474$ & $0.10205$ & $-0.0284227$ & $-0.134785$ & $0.013237$ & $0.041043$ & $0.0106984$ & $-0.00742445$ & $-0.106818$ & $0.0994493$ & $0.0227341$ & $1$ & $-0.0163252$ & $-0.115112$ \\
eHbbint & $0.0376857$ & $0.0070508$ & $-0.0531781$ & $0.0244752$ & $-0.0233001$ & $-0.00950147$ & $0.0167898$ & $0.00591685$ & $0.0102212$ & $-0.0239515$ & $0.00142585$ & $-0.011583$ & $-0.0134744$ & $-0.0232152$ & $0.00383681$ & $0.00942306$ & $-0.014812$ & $-0.0171496$ & $-0.0184629$ & $0.00059236$ & $-0.00245554$ & $-0.00240904$ & $-0.0238635$ & $-0.0199228$ & $-0.0141713$ & $0.0256319$ & $0.00569905$ & $-0.0288658$ & $0.0191529$ & $0.00816993$ & $-0.0107407$ & $0.0146493$ & $0.147214$ & $0.00295845$ & $-0.0259843$ & $-0.0905748$ & $-0.0197249$ & $-0.0125811$ & $0.0853991$ & $0.0444172$ & $0.0631236$ & $-0.00386069$ & $0.0100202$ & $0.0483032$ & $0.0529059$ & $-0.0698771$ & $-0.0163252$ & $1$ & $-0.00320951$ \\
eHbbpar & $-0.00873973$ & $-0.0535591$ & $-0.018461$ & $0.0270822$ & $0.0314915$ & $-0.00810125$ & $-0.0322095$ & $0.00337584$ & $0.00636281$ & $-0.00685204$ & $-0.0100678$ & $-0.0105069$ & $-0.00419317$ & $0.0157005$ & $-0.0171187$ & $0.0111543$ & $0.0127728$ & $0.024578$ & $0.00131864$ & $0.00734907$ & $0.0092429$ & $0.0109655$ & $-0.0196017$ & $0.00855819$ & $0.00320723$ & $0.00135769$ & $-0.0102722$ & $0.0213688$ & $-0.00942293$ & $0.00688385$ & $-0.0221038$ & $-0.0240225$ & $0.452153$ & $0.0141828$ & $-0.0420324$ & $0.0216316$ & $-0.105499$ & $-0.00448282$ & $0.0165256$ & $0.0233423$ & $-0.0103591$ & $0.0203559$ & $0.0573526$ & $0.0725348$ & $-0.0810934$ & $-0.138383$ & $-0.115112$ & $-0.00320951$ & $1$ \\
