 & AlsMz & dAle5Mz & mtop & mHl & Mz & CW & CHG & CHWB & CHWHB_gaga & CHWHB_gagaorth & CHD & CHbox & CH & CHL1_11 & CHL1_22 & CHL1_33 & CHL3_11 & CHL3_22 & CHL3_33 & CHe_11 & CHe_22 & CHe_33 & CHQ1_11 & CHQ1_33 & CHQ3_11 & CHu_11 & CHd_11 & CHd_33 & CeH_22r & CeH_33r & CuH_22r & CuH_33r & CdH_33r & CLL_1221 & eHggint & eHggpar & eHWWint & eHWWpar & eHZZint & eHZZpar & eHZgaint & eHZgapar & eHgagaint & eHmumuint & eHtautauint & eHccint & eHccpar & eHbbint & eHbbpar \\
AlsMz & $1$ & $0.0213832$ & $0.0099182$ & $0.0192187$ & $0.0348867$ & $0.0283556$ & $0.0357759$ & $-0.0218735$ & $-0.026987$ & $-0.0325771$ & $0.0131548$ & $-0.00566126$ & $0.0036136$ & $-0.0248061$ & $0.00757178$ & $-0.0331613$ & $0.00571489$ & $-0.00828244$ & $0.0167087$ & $-0.016523$ & $-0.0217077$ & $-0.0208841$ & $-0.00257263$ & $-0.0514128$ & $-0.0793571$ & $-0.00942835$ & $0.012425$ & $-0.0219648$ & $-0.0283577$ & $0.0539093$ & $-0.0104077$ & $0.0407603$ & $0.0488816$ & $-0.0241413$ & $0.0354277$ & $-0.0455902$ & $0.0173698$ & $0.00447837$ & $0.0227983$ & $-0.0302688$ & $-0.0424479$ & $-0.0060818$ & $-0.0336689$ & $-0.0609987$ & $-0.00650384$ & $-0.037784$ & $-0.0341656$ & $0.0903191$ & $-0.00265254$ \\
dAle5Mz & $0.0213832$ & $1$ & $-0.00975427$ & $0.00829979$ & $-0.010541$ & $0.0478667$ & $0.0107194$ & $-0.143643$ & $-0.139635$ & $0.0802379$ & $0.117949$ & $0.0751156$ & $-0.0239409$ & $-0.0264575$ & $-0.0747594$ & $-0.0747865$ & $0.0460838$ & $0.0714649$ & $0.0698435$ & $-0.0947632$ & $-0.0866175$ & $-0.0911725$ & $0.0103508$ & $0.0521341$ & $0.05588$ & $0.0377248$ & $-0.0152633$ & $-0.0221078$ & $0.0363484$ & $0.048808$ & $0.0523592$ & $0.0141445$ & $0.0356012$ & $0.0143759$ & $-0.0190249$ & $-0.0502656$ & $0.0246662$ & $0.116159$ & $0.0362313$ & $0.0150408$ & $0.0435927$ & $0.00806043$ & $-0.0195425$ & $0.0513905$ & $0.0199086$ & $0.043299$ & $0.0798006$ & $0.0709406$ & $-0.0139362$ \\
mtop & $0.0099182$ & $-0.00975427$ & $1$ & $-0.0632568$ & $-0.00519664$ & $-0.0136147$ & $-0.00453806$ & $0.000441446$ & $0.000687526$ & $-0.00978708$ & $0.0189247$ & $0.0111524$ & $0.0162647$ & $-0.0337673$ & $0.0190772$ & $0.00844142$ & $-0.014774$ & $-0.0323131$ & $-0.0262004$ & $-0.0084898$ & $-0.0139398$ & $-0.01319$ & $0.00772944$ & $-0.00670511$ & $-0.0386893$ & $-0.00320572$ & $-0.026227$ & $0.0155351$ & $0.0388013$ & $0.0270361$ & $0.0223754$ & $0.00681479$ & $0.040974$ & $-0.00675469$ & $0.0701494$ & $0.0355119$ & $0.00301914$ & $-0.00811194$ & $-0.0391703$ & $0.0343654$ & $0.0270083$ & $-0.0400071$ & $-0.0206133$ & $0.0357925$ & $0.0563159$ & $-0.000228634$ & $-0.0332828$ & $0.0498435$ & $0.0357007$ \\
mHl & $0.0192187$ & $0.00829979$ & $-0.0632568$ & $1$ & $0.00630556$ & $0.0129948$ & $0.0251209$ & $-0.0418049$ & $-0.0399267$ & $-0.0236494$ & $0.0512201$ & $-0.0103352$ & $-0.0180093$ & $-0.0518053$ & $0.0155052$ & $0.0196772$ & $-0.0127516$ & $-0.0275019$ & $-0.0353227$ & $-0.0452322$ & $-0.0559975$ & $-0.0644017$ & $-0.0146375$ & $0.0272125$ & $-0.0318135$ & $0.0379509$ & $-0.0508052$ & $-0.0188384$ & $0.0218144$ & $-0.00563787$ & $0.0615163$ & $0.0206555$ & $0.017455$ & $-0.0408641$ & $0.0406244$ & $-0.0408058$ & $-0.0462245$ & $-0.0926968$ & $-0.0422135$ & $0.0369007$ & $0.00274856$ & $0.0180966$ & $-0.000931721$ & $-0.036443$ & $0.0524912$ & $-0.0097654$ & $0.0410606$ & $-0.0332524$ & $0.0331211$ \\
Mz & $0.0348867$ & $-0.010541$ & $-0.00519664$ & $0.00630556$ & $1$ & $0.00182808$ & $-0.0238383$ & $-0.0108129$ & $-0.01956$ & $-0.00951001$ & $0.0282416$ & $-0.00816937$ & $-0.0321303$ & $-0.0184129$ & $0.0329795$ & $-0.0300502$ & $-0.0151009$ & $-0.0438872$ & $0.00205539$ & $-0.0232265$ & $-0.0178444$ & $-0.0170716$ & $0.0407854$ & $-0.0198453$ & $-0.0149225$ & $-0.00139489$ & $-0.00298556$ & $0.000866382$ & $-0.00454849$ & $-0.0189638$ & $0.00225471$ & $-0.0229681$ & $-0.043033$ & $-0.0386855$ & $0.00327341$ & $-0.021001$ & $-0.0130747$ & $-0.0305838$ & $-0.00245739$ & $0.0128839$ & $0.0336294$ & $0.0209657$ & $-0.0761123$ & $-0.0494512$ & $0.0236654$ & $0.0157158$ & $0.0123885$ & $-0.0403465$ & $-0.0319049$ \\
CW & $0.0283556$ & $0.0478667$ & $-0.0136147$ & $0.0129948$ & $0.00182808$ & $1$ & $-0.00481338$ & $-0.123969$ & $-0.122441$ & $0.0388845$ & $0.160465$ & $0.0682589$ & $-0.0246558$ & $0.0694279$ & $-0.0551181$ & $-0.05393$ & $-0.229174$ & $-0.0226534$ & $-0.0243854$ & $-0.152142$ & $-0.165441$ & $-0.166546$ & $-0.0288691$ & $0.0180336$ & $-0.0600632$ & $0.105903$ & $-0.0988478$ & $-0.038739$ & $0.0125166$ & $0.00991395$ & $0.0214088$ & $-0.00454292$ & $-0.00460705$ & $-0.140536$ & $-0.0311348$ & $0.0361031$ & $-0.0551562$ & $0.000709438$ & $0.035867$ & $-0.0458275$ & $0.0199979$ & $0.00588199$ & $0.0163745$ & $0.00374465$ & $-0.038361$ & $0.0477351$ & $0.0681118$ & $0.00552713$ & $-0.0034468$ \\
CHG & $0.0357759$ & $0.0107194$ & $-0.00453806$ & $0.0251209$ & $-0.0238383$ & $-0.00481338$ & $1$ & $-0.122413$ & $-0.0650745$ & $0.0786617$ & $0.0790767$ & $-0.0366136$ & $-0.277248$ & $0.0385122$ & $-0.0273438$ & $-0.0182791$ & $0.0981436$ & $0.104024$ & $0.0974587$ & $-0.0758336$ & $-0.0844898$ & $-0.0798259$ & $-0.0236936$ & $0.122472$ & $0.085733$ & $0.0506732$ & $-0.0685301$ & $-0.0424037$ & $-0.0158149$ & $-0.103809$ & $-0.0648618$ & $0.931976$ & $-0.15042$ & $-0.0724709$ & $-0.0517014$ & $-0.0636749$ & $0.00693975$ & $-0.00341955$ & $-0.0288872$ & $0.0196474$ & $0.0475349$ & $0.046184$ & $0.0200397$ & $0.0294298$ & $0.0354426$ & $-0.0170416$ & $-0.0757583$ & $0.000735074$ & $-0.0160638$ \\
CHWB & $-0.0218735$ & $-0.143643$ & $0.000441446$ & $-0.0418049$ & $-0.0108129$ & $-0.123969$ & $-0.122413$ & $1$ & $0.983252$ & $-0.585331$ & $-0.887117$ & $-0.259839$ & $0.370726$ & $0.0855725$ & $0.28796$ & $0.322563$ & $-0.241623$ & $-0.436727$ & $-0.468055$ & $0.857714$ & $0.902995$ & $0.884731$ & $0.0541804$ & $-0.692502$ & $-0.420757$ & $-0.509979$ & $0.428666$ & $0.31426$ & $0.00996112$ & $0.0965684$ & $0.0287095$ & $-0.122548$ & $0.147498$ & $0.586947$ & $0.0256435$ & $0.00977334$ & $0.00739528$ & $-0.0258688$ & $-0.00704121$ & $0.0111502$ & $0.0270335$ & $0.000731229$ & $-0.00432962$ & $0.0217023$ & $-0.0223785$ & $0.00310926$ & $-0.0320013$ & $0.0660578$ & $0.0276852$ \\
CHWHB_gaga & $-0.026987$ & $-0.139635$ & $0.000687526$ & $-0.0399267$ & $-0.01956$ & $-0.122441$ & $-0.0650745$ & $0.983252$ & $1$ & $-0.574333$ & $-0.870598$ & $-0.241019$ & $0.370456$ & $0.0812381$ & $0.284391$ & $0.324451$ & $-0.243637$ & $-0.432788$ & $-0.467629$ & $0.842989$ & $0.885279$ & $0.868212$ & $0.0436812$ & $-0.679256$ & $-0.419145$ & $-0.494619$ & $0.416251$ & $0.315083$ & $0.0154703$ & $0.118094$ & $0.0353796$ & $-0.0762285$ & $0.167755$ & $0.575413$ & $0.00615284$ & $0.00255066$ & $-0.0044626$ & $-0.0304886$ & $-0.00428736$ & $0.0182983$ & $0.0335113$ & $0.000793196$ & $0.0671495$ & $0.0370671$ & $-0.0182086$ & $-0.00854275$ & $-0.0479796$ & $0.0607911$ & $0.0261545$ \\
CHWHB_gagaorth & $-0.0325771$ & $0.0802379$ & $-0.00978708$ & $-0.0236494$ & $-0.00951001$ & $0.0388845$ & $0.0786617$ & $-0.585331$ & $-0.574333$ & $1$ & $0.394141$ & $0.624466$ & $-0.25544$ & $0.213007$ & $-0.142927$ & $-0.178986$ & $0.400236$ & $0.474507$ & $0.505128$ & $-0.380447$ & $-0.404268$ & $-0.400031$ & $-0.0270786$ & $0.548401$ & $0.472714$ & $0.227283$ & $-0.239447$ & $-0.108581$ & $-0.00608293$ & $-0.116634$ & $-0.0364332$ & $0.109422$ & $-0.134269$ & $-0.362777$ & $0.0377938$ & $0.0204478$ & $-0.0217614$ & $-0.0169142$ & $0.0244858$ & $0.00637305$ & $-0.0898497$ & $0.0157477$ & $-0.012161$ & $-0.00468076$ & $-0.0237727$ & $0.0179556$ & $0.0390722$ & $-0.0315629$ & $0.02544$ \\
CHD & $0.0131548$ & $0.117949$ & $0.0189247$ & $0.0512201$ & $0.0282416$ & $0.160465$ & $0.0790767$ & $-0.887117$ & $-0.870598$ & $0.394141$ & $1$ & $0.310685$ & $-0.202467$ & $-0.489602$ & $-0.408747$ & $-0.442751$ & $-0.198142$ & $0.0836533$ & $0.116987$ & $-0.990329$ & $-0.991194$ & $-0.969649$ & $0.00475747$ & $0.351944$ & $0.060196$ & $0.563443$ & $-0.291759$ & $-0.323666$ & $0.00645508$ & $-0.0536721$ & $-0.0130319$ & $0.0901509$ & $-0.103685$ & $-0.401416$ & $0.00530429$ & $0.00960882$ & $-0.0178082$ & $0.00796269$ & $0.0163365$ & $-0.0186489$ & $-0.0159481$ & $0.0030858$ & $-0.00667012$ & $-0.0177161$ & $0.04236$ & $-0.0170953$ & $0.0474899$ & $-0.0689126$ & $-0.01712$ \\
CHbox & $-0.00566126$ & $0.0751156$ & $0.0111524$ & $-0.0103352$ & $-0.00816937$ & $0.0682589$ & $-0.0366136$ & $-0.259839$ & $-0.241019$ & $0.624466$ & $0.310685$ & $1$ & $0.0731309$ & $-0.183268$ & $-0.0609721$ & $-0.0943101$ & $-0.129378$ & $-0.0500855$ & $-0.0212206$ & $-0.288602$ & $-0.313479$ & $-0.304268$ & $0.00378868$ & $0.0876973$ & $-0.0467582$ & $0.182411$ & $-0.13984$ & $-0.0755168$ & $0.0384068$ & $0.209379$ & $0.0711566$ & $0.0602832$ & $0.21163$ & $-0.179031$ & $0.146025$ & $0.0577889$ & $-0.0216606$ & $-0.0388006$ & $0.0228781$ & $-0.030577$ & $-0.0523258$ & $0.00867426$ & $-0.0652184$ & $0.00259315$ & $-0.0142781$ & $0.00475923$ & $0.0345929$ & $-0.0158958$ & $0.00429279$ \\
CH & $0.0036136$ & $-0.0239409$ & $0.0162647$ & $-0.0180093$ & $-0.0321303$ & $-0.0246558$ & $-0.277248$ & $0.370726$ & $0.370456$ & $-0.25544$ & $-0.202467$ & $0.0731309$ & $1$ & $-0.235767$ & $0.079743$ & $0.0859237$ & $-0.352759$ & $-0.388016$ & $-0.393828$ & $0.195203$ & $0.213072$ & $0.209316$ & $0.00718041$ & $-0.394326$ & $-0.389782$ & $-0.107852$ & $0.143226$ & $0.105672$ & $0.035708$ & $0.260502$ & $0.0771805$ & $-0.234764$ & $0.311571$ & $0.23457$ & $0.0492596$ & $0.0155499$ & $0.0021906$ & $-0.0268958$ & $-0.00868082$ & $0.0316107$ & $0.00367502$ & $-0.0109691$ & $0.00869122$ & $0.0172209$ & $0.0261434$ & $-0.0303338$ & $-0.0189237$ & $-0.00625785$ & $0.0284188$ \\
CHL1_11 & $-0.0248061$ & $-0.0264575$ & $-0.0337673$ & $-0.0518053$ & $-0.0184129$ & $0.0694279$ & $0.0385122$ & $0.0855725$ & $0.0812381$ & $0.213007$ & $-0.489602$ & $-0.183268$ & $-0.235767$ & $1$ & $0.278707$ & $0.281061$ & $0.661803$ & $0.59191$ & $0.584278$ & $0.510783$ & $0.449904$ & $0.436065$ & $-0.100618$ & $0.451295$ & $0.583123$ & $-0.254699$ & $-0.135005$ & $0.116937$ & $-0.0199221$ & $-0.0596146$ & $-0.0106915$ & $0.01719$ & $-0.0329043$ & $-0.219678$ & $-0.0523318$ & $-0.0221548$ & $0.00321428$ & $0.0271192$ & $-0.021242$ & $0.00356165$ & $-0.00511798$ & $-0.0107021$ & $0.0386744$ & $-0.00531998$ & $-0.060856$ & $0.03846$ & $-0.0132042$ & $0.0381962$ & $-0.00522919$ \\
CHL1_22 & $0.00757178$ & $-0.0747594$ & $0.0190772$ & $0.0155052$ & $0.0329795$ & $-0.0551181$ & $-0.0273438$ & $0.28796$ & $0.284391$ & $-0.142927$ & $-0.408747$ & $-0.0609721$ & $0.079743$ & $0.278707$ & $1$ & $0.478264$ & $0.156324$ & $-0.448542$ & $-0.0586067$ & $0.473936$ & $0.3252$ & $0.316493$ & $-0.215003$ & $0.108158$ & $-0.165417$ & $-0.166565$ & $-0.42891$ & $0.125138$ & $0.0121548$ & $0.0362454$ & $0.00183$ & $-0.025628$ & $0.0306509$ & $-0.576342$ & $-0.00138479$ & $0.00109132$ & $0.0238849$ & $-0.025974$ & $-0.0583015$ & $0.00657082$ & $-0.00504563$ & $-0.00566398$ & $-0.0120872$ & $-0.0292229$ & $0.00763654$ & $0.0306467$ & $-0.00881067$ & $0.00496277$ & $-0.0171843$ \\
CHL1_33 & $-0.0331613$ & $-0.0747865$ & $0.00844142$ & $0.0196772$ & $-0.0300502$ & $-0.05393$ & $-0.0182791$ & $0.322563$ & $0.324451$ & $-0.178986$ & $-0.442751$ & $-0.0943101$ & $0.0859237$ & $0.281061$ & $0.478264$ & $1$ & $0.154677$ & $-0.0524802$ & $-0.436104$ & $0.50698$ & $0.362044$ & $0.371658$ & $-0.19481$ & $0.0926246$ & $-0.140975$ & $-0.180335$ & $-0.361921$ & $0.100783$ & $-0.00562403$ & $0.0519851$ & $0.039039$ & $-0.0199484$ & $0.0562649$ & $-0.0983457$ & $-0.0494621$ & $-0.0426739$ & $0.0117271$ & $-0.0125627$ & $-0.0202451$ & $0.0207498$ & $0.015401$ & $0.0159483$ & $0.0258617$ & $0.0209908$ & $0.00208048$ & $0.0216331$ & $-0.0117342$ & $-0.0105052$ & $-0.0174398$ \\
CHL3_11 & $0.00571489$ & $0.0460838$ & $-0.014774$ & $-0.0127516$ & $-0.0151009$ & $-0.229174$ & $0.0981436$ & $-0.241623$ & $-0.243637$ & $0.400236$ & $-0.198142$ & $-0.129378$ & $-0.352759$ & $0.661803$ & $0.156324$ & $0.154677$ & $1$ & $0.739761$ & $0.737174$ & $0.222206$ & $0.167103$ & $0.162136$ & $-0.0796731$ & $0.6585$ & $0.771846$ & $-0.107132$ & $-0.174303$ & $0.0169866$ & $-0.039979$ & $-0.104454$ & $-0.0538779$ & $0.0723764$ & $-0.111923$ & $-0.24433$ & $-0.0625444$ & $-0.0431843$ & $0.028776$ & $0.0348955$ & $-0.0141535$ & $0.0351975$ & $-0.0205671$ & $-0.00828842$ & $0.00326339$ & $-0.0121137$ & $-0.0267961$ & $0.0263258$ & $-0.0569279$ & $-0.00442131$ & $-0.0195295$ \\
CHL3_22 & $-0.00828244$ & $0.0714649$ & $-0.0323131$ & $-0.0275019$ & $-0.0438872$ & $-0.0226534$ & $0.104024$ & $-0.436727$ & $-0.432788$ & $0.474507$ & $0.0836533$ & $-0.0500855$ & $-0.388016$ & $0.59191$ & $-0.448542$ & $-0.0524802$ & $0.739761$ & $1$ & $0.696039$ & $-0.0836331$ & $-0.0775892$ & $-0.0752117$ & $0.0233222$ & $0.608557$ & $0.810515$ & $0.0252275$ & $-0.00382319$ & $-0.0762441$ & $-0.0389384$ & $-0.112239$ & $-0.0304582$ & $0.0810537$ & $-0.108798$ & $0.018554$ & $-0.0601814$ & $-0.0401074$ & $0.000669663$ & $0.0497847$ & $0.0203696$ & $0.0123514$ & $-0.013153$ & $-0.00335937$ & $0.0288288$ & $0.0148618$ & $-0.0405269$ & $0.00757976$ & $-0.0244943$ & $-0.00651088$ & $-0.00662699$ \\
CHL3_33 & $0.0167087$ & $0.0698435$ & $-0.0262004$ & $-0.0353227$ & $0.00205539$ & $-0.0243854$ & $0.0974587$ & $-0.468055$ & $-0.467629$ & $0.505128$ & $0.116987$ & $-0.0212206$ & $-0.393828$ & $0.584278$ & $-0.0586067$ & $-0.436104$ & $0.737174$ & $0.696039$ & $1$ & $-0.116623$ & $-0.110992$ & $-0.101334$ & $0.00823486$ & $0.619763$ & $0.795632$ & $0.0422376$ & $-0.0481052$ & $-0.0602258$ & $-0.025266$ & $-0.118233$ & $-0.0619236$ & $0.0773597$ & $-0.124605$ & $-0.346918$ & $-0.030351$ & $-0.00798133$ & $0.00509113$ & $0.0442947$ & $-0.00638304$ & $-0.00160746$ & $-0.0255917$ & $-0.0218855$ & $0.00119215$ & $-0.0253754$ & $-0.0294464$ & $0.0121864$ & $-0.0172742$ & $0.00665184$ & $-0.00373677$ \\
CHe_11 & $-0.016523$ & $-0.0947632$ & $-0.0084898$ & $-0.0452322$ & $-0.0232265$ & $-0.152142$ & $-0.0758336$ & $0.857714$ & $0.842989$ & $-0.380447$ & $-0.990329$ & $-0.288602$ & $0.195203$ & $0.510783$ & $0.473936$ & $0.50698$ & $0.222206$ & $-0.0836331$ & $-0.116623$ & $1$ & $0.97303$ & $0.951951$ & $-0.029281$ & $-0.295886$ & $-0.0519668$ & $-0.552365$ & $0.217586$ & $0.316132$ & $-0.00365749$ & $0.0576922$ & $0.0199244$ & $-0.0858468$ & $0.105532$ & $0.323517$ & $-0.00817472$ & $-0.0129437$ & $0.0200032$ & $-0.00453782$ & $-0.0202455$ & $0.0179381$ & $0.0166792$ & $-0.00422598$ & $0.00616847$ & $0.0199092$ & $-0.0387636$ & $0.0196317$ & $-0.0441482$ & $0.0668023$ & $0.0150908$ \\
CHe_22 & $-0.0217077$ & $-0.0866175$ & $-0.0139398$ & $-0.0559975$ & $-0.0178444$ & $-0.165441$ & $-0.0844898$ & $0.902995$ & $0.885279$ & $-0.404268$ & $-0.991194$ & $-0.313479$ & $0.213072$ & $0.449904$ & $0.3252$ & $0.362044$ & $0.167103$ & $-0.0775892$ & $-0.110992$ & $0.97303$ & $1$ & $0.974926$ & $0.0272227$ & $-0.406552$ & $-0.0637415$ & $-0.569668$ & $0.371526$ & $0.328747$ & $-0.00495284$ & $0.0543543$ & $0.0166237$ & $-0.0946629$ & $0.10703$ & $0.485577$ & $-0.000323899$ & $-0.00821266$ & $0.0151075$ & $-0.00440371$ & $-0.00802807$ & $0.0162285$ & $0.0185665$ & $-0.00295236$ & $0.00310612$ & $0.0190705$ & $-0.0439871$ & $0.0154508$ & $-0.0438991$ & $0.0748315$ & $0.0203217$ \\
CHe_33 & $-0.0208841$ & $-0.0911725$ & $-0.01319$ & $-0.0644017$ & $-0.0170716$ & $-0.166546$ & $-0.0798259$ & $0.884731$ & $0.868212$ & $-0.400031$ & $-0.969649$ & $-0.304268$ & $0.209316$ & $0.436065$ & $0.316493$ & $0.371658$ & $0.162136$ & $-0.0752117$ & $-0.101334$ & $0.951951$ & $0.974926$ & $1$ & $0.0321887$ & $-0.401685$ & $-0.0584153$ & $-0.56238$ & $0.369227$ & $0.322786$ & $-0.00881951$ & $0.0648953$ & $0.00910524$ & $-0.0925204$ & $0.115943$ & $0.479732$ & $-0.00884717$ & $-0.0204024$ & $0.0107461$ & $-0.00237715$ & $-0.00898201$ & $0.0106898$ & $0.023271$ & $-0.00252504$ & $-0.00764182$ & $0.0307303$ & $-0.0278077$ & $0.0175315$ & $-0.0463031$ & $0.0715951$ & $0.0293982$ \\
CHQ1_11 & $-0.00257263$ & $0.0103508$ & $0.00772944$ & $-0.0146375$ & $0.0407854$ & $-0.0288691$ & $-0.0236936$ & $0.0541804$ & $0.0436812$ & $-0.0270786$ & $0.00475747$ & $0.00378868$ & $0.00718041$ & $-0.100618$ & $-0.215003$ & $-0.19481$ & $-0.0796731$ & $0.0233222$ & $0.00823486$ & $-0.029281$ & $0.0272227$ & $0.0321887$ & $1$ & $-0.170835$ & $0.095936$ & $-0.665692$ & $0.365473$ & $0.00711552$ & $-0.0285803$ & $0.00420982$ & $-0.0146264$ & $-0.01019$ & $-0.00275196$ & $0.222523$ & $0.0295506$ & $0.0436912$ & $0.0229431$ & $0.0139813$ & $0.0318304$ & $-0.00506871$ & $-0.0190761$ & $-0.0157682$ & $-0.0136569$ & $0.0135885$ & $-0.0338934$ & $-0.0315964$ & $-0.0129299$ & $0.022192$ & $0.000878473$ \\
CHQ1_33 & $-0.0514128$ & $0.0521341$ & $-0.00670511$ & $0.0272125$ & $-0.0198453$ & $0.0180336$ & $0.122472$ & $-0.692502$ & $-0.679256$ & $0.548401$ & $0.351944$ & $0.0876973$ & $-0.394326$ & $0.451295$ & $0.108158$ & $0.0926246$ & $0.6585$ & $0.608557$ & $0.619763$ & $-0.295886$ & $-0.406552$ & $-0.401685$ & $-0.170835$ & $1$ & $0.625595$ & $0.250312$ & $-0.464115$ & $-0.0789316$ & $-0.00986191$ & $-0.0985671$ & $-0.0306044$ & $0.110783$ & $-0.125476$ & $-0.65294$ & $-0.0560709$ & $-0.0348845$ & $-0.009599$ & $0.0315578$ & $-0.0364527$ & $-0.0014635$ & $-0.0365602$ & $-0.0238567$ & $0.023576$ & $-0.0276935$ & $0.003676$ & $0.0223555$ & $-0.013318$ & $-0.0301983$ & $-0.0210604$ \\
CHQ3_11 & $-0.0793571$ & $0.05588$ & $-0.0386893$ & $-0.0318135$ & $-0.0149225$ & $-0.0600632$ & $0.085733$ & $-0.420757$ & $-0.419145$ & $0.472714$ & $0.060196$ & $-0.0467582$ & $-0.389782$ & $0.583123$ & $-0.165417$ & $-0.140975$ & $0.771846$ & $0.810515$ & $0.795632$ & $-0.0519668$ & $-0.0637415$ & $-0.0584153$ & $0.095936$ & $0.625595$ & $1$ & $0.0222284$ & $0.1827$ & $-0.0612394$ & $-0.0304947$ & $-0.137919$ & $-0.0530439$ & $0.0610768$ & $-0.145744$ & $-0.192627$ & $-0.0263884$ & $0.000332693$ & $0.000773277$ & $0.0416375$ & $0.0229956$ & $0.0233991$ & $-0.0186152$ & $-0.00183279$ & $0.0164648$ & $0.000987119$ & $-0.0462231$ & $0.0292656$ & $-0.0373307$ & $-0.0108758$ & $-0.0195887$ \\
CHu_11 & $-0.00942835$ & $0.0377248$ & $-0.00320572$ & $0.0379509$ & $-0.00139489$ & $0.105903$ & $0.0506732$ & $-0.509979$ & $-0.494619$ & $0.227283$ & $0.563443$ & $0.182411$ & $-0.107852$ & $-0.254699$ & $-0.166565$ & $-0.180335$ & $-0.107132$ & $0.0252275$ & $0.0422376$ & $-0.552365$ & $-0.569668$ & $-0.56238$ & $-0.665692$ & $0.250312$ & $0.0222284$ & $1$ & $-0.194568$ & $-0.181846$ & $0.0303851$ & $-0.0303347$ & $0.0250838$ & $0.0482398$ & $-0.0581566$ & $-0.292177$ & $-0.0201006$ & $-0.010847$ & $-0.0320358$ & $-0.00656122$ & $-0.0103048$ & $-0.013546$ & $0.01076$ & $-0.00515724$ & $-0.00560822$ & $-0.0465504$ & $0.047617$ & $0.0371915$ & $0.0417184$ & $-0.0592938$ & $-0.0138476$ \\
CHd_11 & $0.012425$ & $-0.0152633$ & $-0.026227$ & $-0.0508052$ & $-0.00298556$ & $-0.0988478$ & $-0.0685301$ & $0.428666$ & $0.416251$ & $-0.239447$ & $-0.291759$ & $-0.13984$ & $0.143226$ & $-0.135005$ & $-0.42891$ & $-0.361921$ & $-0.174303$ & $-0.00382319$ & $-0.0481052$ & $0.217586$ & $0.371526$ & $0.369227$ & $0.365473$ & $-0.464115$ & $0.1827$ & $-0.194568$ & $1$ & $0.106726$ & $0.00440182$ & $-0.000899966$ & $-0.0132861$ & $-0.0747711$ & $0.0315526$ & $0.716163$ & $0.0556429$ & $0.0446237$ & $-0.0137871$ & $0.0117646$ & $0.0474528$ & $0.00845648$ & $0.0104657$ & $-0.00539792$ & $-0.014445$ & $0.0131605$ & $-0.0349367$ & $0.000500806$ & $-0.044154$ & $0.0609031$ & $0.024593$ \\
CHd_33 & $-0.0219648$ & $-0.0221078$ & $0.0155351$ & $-0.0188384$ & $0.000866382$ & $-0.038739$ & $-0.0424037$ & $0.31426$ & $0.315083$ & $-0.108581$ & $-0.323666$ & $-0.0755168$ & $0.105672$ & $0.116937$ & $0.125138$ & $0.100783$ & $0.0169866$ & $-0.0762441$ & $-0.0602258$ & $0.316132$ & $0.328747$ & $0.322786$ & $0.00711552$ & $-0.0789316$ & $-0.0612394$ & $-0.181846$ & $0.106726$ & $1$ & $0.0119741$ & $0.0611368$ & $0.0729252$ & $-0.0431694$ & $0.0350206$ & $0.159474$ & $0.0137152$ & $-0.030006$ & $-0.0292415$ & $-0.0234979$ & $0.0146076$ & $0.0243005$ & $-0.0134541$ & $-0.0480765$ & $0.00480698$ & $-0.00173171$ & $0.0196989$ & $0.0168738$ & $0.0493215$ & $-0.0173555$ & $-0.0041612$ \\
CeH_22r & $-0.0283577$ & $0.0363484$ & $0.0388013$ & $0.0218144$ & $-0.00454849$ & $0.0125166$ & $-0.0158149$ & $0.00996112$ & $0.0154703$ & $-0.00608293$ & $0.00645508$ & $0.0384068$ & $0.035708$ & $-0.0199221$ & $0.0121548$ & $-0.00562403$ & $-0.039979$ & $-0.0389384$ & $-0.025266$ & $-0.00365749$ & $-0.00495284$ & $-0.00881951$ & $-0.0285803$ & $-0.00986191$ & $-0.0304947$ & $0.0303851$ & $0.00440182$ & $0.0119741$ & $1$ & $0.00695989$ & $0.0199503$ & $-0.0331572$ & $0.049602$ & $-0.00253389$ & $-0.0147885$ & $-0.0316447$ & $-0.034442$ & $0.00363824$ & $-0.00861576$ & $-0.0350098$ & $0.0092457$ & $-0.0087723$ & $0.00559595$ & $0.0390744$ & $0.0374685$ & $-0.0144292$ & $-0.0238341$ & $0.0373437$ & $0.0234649$ \\
CeH_33r & $0.0539093$ & $0.048808$ & $0.0270361$ & $-0.00563787$ & $-0.0189638$ & $0.00991395$ & $-0.103809$ & $0.0965684$ & $0.118094$ & $-0.116634$ & $-0.0536721$ & $0.209379$ & $0.260502$ & $-0.0596146$ & $0.0362454$ & $0.0519851$ & $-0.104454$ & $-0.112239$ & $-0.118233$ & $0.0576922$ & $0.0543543$ & $0.0648953$ & $0.00420982$ & $-0.0985671$ & $-0.137919$ & $-0.0303347$ & $-0.000899966$ & $0.0611368$ & $0.00695989$ & $1$ & $0.291855$ & $0.0398671$ & $0.61599$ & $0.045767$ & $0.0170472$ & $-0.0914514$ & $-0.190865$ & $-0.0259532$ & $-0.0400699$ & $0.0198607$ & $0.0480189$ & $-0.0281634$ & $-0.0405083$ & $0.0111532$ & $0.0813951$ & $-0.00251905$ & $-0.0291166$ & $-0.0160377$ & $0.0024466$ \\
CuH_22r & $-0.0104077$ & $0.0523592$ & $0.0223754$ & $0.0615163$ & $0.00225471$ & $0.0214088$ & $-0.0648618$ & $0.0287095$ & $0.0353796$ & $-0.0364332$ & $-0.0130319$ & $0.0711566$ & $0.0771805$ & $-0.0106915$ & $0.00183$ & $0.039039$ & $-0.0538779$ & $-0.0304582$ & $-0.0619236$ & $0.0199244$ & $0.0166237$ & $0.00910524$ & $-0.0146264$ & $-0.0306044$ & $-0.0530439$ & $0.0250838$ & $-0.0132861$ & $0.0729252$ & $0.0199503$ & $0.291855$ & $1$ & $0.0180779$ & $0.325181$ & $0.0153563$ & $-0.000351379$ & $-0.0233506$ & $-0.11623$ & $-0.0391409$ & $-0.0255626$ & $-0.0467926$ & $-0.0549897$ & $-0.0163801$ & $-0.0568577$ & $-0.0912903$ & $-0.02164$ & $0.0493471$ & $0.389239$ & $-0.0207997$ & $0.0127046$ \\
CuH_33r & $0.0407603$ & $0.0141445$ & $0.00681479$ & $0.0206555$ & $-0.0229681$ & $-0.00454292$ & $0.931976$ & $-0.122548$ & $-0.0762285$ & $0.109422$ & $0.0901509$ & $0.0602832$ & $-0.234764$ & $0.01719$ & $-0.025628$ & $-0.0199484$ & $0.0723764$ & $0.0810537$ & $0.0773597$ & $-0.0858468$ & $-0.0946629$ & $-0.0925204$ & $-0.01019$ & $0.110783$ & $0.0610768$ & $0.0482398$ & $-0.0747711$ & $-0.0431694$ & $-0.0331572$ & $0.0398671$ & $0.0180779$ & $1$ & $0.0202667$ & $-0.0769062$ & $0.0554946$ & $-0.021444$ & $-0.0441629$ & $-0.00383222$ & $-0.0157036$ & $0.00690272$ & $0.0387981$ & $0.0391376$ & $-0.00223728$ & $0.0172741$ & $0.0221256$ & $-0.0163953$ & $-0.069327$ & $0.0126755$ & $0.00271965$ \\
CdH_33r & $0.0488816$ & $0.0356012$ & $0.040974$ & $0.017455$ & $-0.043033$ & $-0.00460705$ & $-0.15042$ & $0.147498$ & $0.167755$ & $-0.134269$ & $-0.103685$ & $0.21163$ & $0.311571$ & $-0.0329043$ & $0.0306509$ & $0.0562649$ & $-0.111923$ & $-0.108798$ & $-0.124605$ & $0.105532$ & $0.10703$ & $0.115943$ & $-0.00275196$ & $-0.125476$ & $-0.145744$ & $-0.0581566$ & $0.0315526$ & $0.0350206$ & $0.049602$ & $0.61599$ & $0.325181$ & $0.0202667$ & $1$ & $0.0893855$ & $0.00783702$ & $-0.0405518$ & $-0.252271$ & $-0.00178966$ & $-0.035075$ & $0.00789756$ & $-0.0304182$ & $-0.0296481$ & $-0.00979673$ & $0.00209924$ & $0.00542003$ & $-0.0149528$ & $-0.00682045$ & $0.185083$ & $0.502529$ \\
CLL_1221 & $-0.0241413$ & $0.0143759$ & $-0.00675469$ & $-0.0408641$ & $-0.0386855$ & $-0.140536$ & $-0.0724709$ & $0.586947$ & $0.575413$ & $-0.362777$ & $-0.401416$ & $-0.179031$ & $0.23457$ & $-0.219678$ & $-0.576342$ & $-0.0983457$ & $-0.24433$ & $0.018554$ & $-0.346918$ & $0.323517$ & $0.485577$ & $0.479732$ & $0.222523$ & $-0.65294$ & $-0.192627$ & $-0.292177$ & $0.716163$ & $0.159474$ & $-0.00253389$ & $0.045767$ & $0.0153563$ & $-0.0769062$ & $0.0893855$ & $1$ & $0.0172842$ & $-0.00368946$ & $-0.0044509$ & $0.00854932$ & $0.0447635$ & $0.0182193$ & $0.0326382$ & $0.00689419$ & $-0.00599673$ & $0.0477159$ & $-0.016075$ & $-0.0193103$ & $-0.0285207$ & $0.0483245$ & $0.0365065$ \\
eHggint & $0.0354277$ & $-0.0190249$ & $0.0701494$ & $0.0406244$ & $0.00327341$ & $-0.0311348$ & $-0.0517014$ & $0.0256435$ & $0.00615284$ & $0.0377938$ & $0.00530429$ & $0.146025$ & $0.0492596$ & $-0.0523318$ & $-0.00138479$ & $-0.0494621$ & $-0.0625444$ & $-0.0601814$ & $-0.030351$ & $-0.00817472$ & $-0.000323899$ & $-0.00884717$ & $0.0295506$ & $-0.0560709$ & $-0.0263884$ & $-0.0201006$ & $0.0556429$ & $0.0137152$ & $-0.0147885$ & $0.0170472$ & $-0.000351379$ & $0.0554946$ & $0.00783702$ & $0.0172842$ & $1$ & $-0.0822473$ & $-0.0303099$ & $-0.0411102$ & $0.0790187$ & $-0.059624$ & $-0.0478269$ & $-0.0262301$ & $-0.0625839$ & $0.0792222$ & $-0.0444362$ & $0.0434495$ & $-0.0482241$ & $0.0321429$ & $0.0205484$ \\
eHggpar & $-0.0455902$ & $-0.0502656$ & $0.0355119$ & $-0.0408058$ & $-0.021001$ & $0.0361031$ & $-0.0636749$ & $0.00977334$ & $0.00255066$ & $0.0204478$ & $0.00960882$ & $0.0577889$ & $0.0155499$ & $-0.0221548$ & $0.00109132$ & $-0.0426739$ & $-0.0431843$ & $-0.0401074$ & $-0.00798133$ & $-0.0129437$ & $-0.00821266$ & $-0.0204024$ & $0.0436912$ & $-0.0348845$ & $0.000332693$ & $-0.010847$ & $0.0446237$ & $-0.030006$ & $-0.0316447$ & $-0.0914514$ & $-0.0233506$ & $-0.021444$ & $-0.0405518$ & $-0.00368946$ & $-0.0822473$ & $1$ & $0.0661778$ & $-0.034439$ & $-0.0392875$ & $-0.000904215$ & $-0.0621407$ & $-0.016344$ & $0.0977685$ & $-0.0843724$ & $-0.0414188$ & $-0.0127341$ & $0.082444$ & $-0.0569729$ & $0.0276986$ \\
eHWWint & $0.0173698$ & $0.0246662$ & $0.00301914$ & $-0.0462245$ & $-0.0130747$ & $-0.0551562$ & $0.00693975$ & $0.00739528$ & $-0.0044626$ & $-0.0217614$ & $-0.0178082$ & $-0.0216606$ & $0.0021906$ & $0.00321428$ & $0.0238849$ & $0.0117271$ & $0.028776$ & $0.000669663$ & $0.00509113$ & $0.0200032$ & $0.0151075$ & $0.0107461$ & $0.0229431$ & $-0.009599$ & $0.000773277$ & $-0.0320358$ & $-0.0137871$ & $-0.0292415$ & $-0.034442$ & $-0.190865$ & $-0.11623$ & $-0.0441629$ & $-0.252271$ & $-0.0044509$ & $-0.0303099$ & $0.0661778$ & $1$ & $0.0241881$ & $-0.0190705$ & $-0.042223$ & $0.0948895$ & $0.00945026$ & $-0.0230955$ & $-0.0335743$ & $0.00477339$ & $0.0133667$ & $-0.0475956$ & $-0.0435823$ & $-0.0858199$ \\
eHWWpar & $0.00447837$ & $0.116159$ & $-0.00811194$ & $-0.0926968$ & $-0.0305838$ & $0.000709438$ & $-0.00341955$ & $-0.0258688$ & $-0.0304886$ & $-0.0169142$ & $0.00796269$ & $-0.0388006$ & $-0.0268958$ & $0.0271192$ & $-0.025974$ & $-0.0125627$ & $0.0348955$ & $0.0497847$ & $0.0442947$ & $-0.00453782$ & $-0.00440371$ & $-0.00237715$ & $0.0139813$ & $0.0315578$ & $0.0416375$ & $-0.00656122$ & $0.0117646$ & $-0.0234979$ & $0.00363824$ & $-0.0259532$ & $-0.0391409$ & $-0.00383222$ & $-0.00178966$ & $0.00854932$ & $-0.0411102$ & $-0.034439$ & $0.0241881$ & $1$ & $-0.0189407$ & $0.0135054$ & $0.0345514$ & $0.0120534$ & $-0.0239538$ & $0.0111668$ & $0.00208309$ & $-0.0315074$ & $-0.0569271$ & $0.0959832$ & $-0.0195082$ \\
eHZZint & $0.0227983$ & $0.0362313$ & $-0.0391703$ & $-0.0422135$ & $-0.00245739$ & $0.035867$ & $-0.0288872$ & $-0.00704121$ & $-0.00428736$ & $0.0244858$ & $0.0163365$ & $0.0228781$ & $-0.00868082$ & $-0.021242$ & $-0.0583015$ & $-0.0202451$ & $-0.0141535$ & $0.0203696$ & $-0.00638304$ & $-0.0202455$ & $-0.00802807$ & $-0.00898201$ & $0.0318304$ & $-0.0364527$ & $0.0229956$ & $-0.0103048$ & $0.0474528$ & $0.0146076$ & $-0.00861576$ & $-0.0400699$ & $-0.0255626$ & $-0.0157036$ & $-0.035075$ & $0.0447635$ & $0.0790187$ & $-0.0392875$ & $-0.0190705$ & $-0.0189407$ & $1$ & $0.00554192$ & $-0.0331871$ & $-0.0314981$ & $0.135655$ & $-0.0217673$ & $-0.00505902$ & $0.041288$ & $0.0723145$ & $0.0164171$ & $0.000684306$ \\
eHZZpar & $-0.0302688$ & $0.0150408$ & $0.0343654$ & $0.0369007$ & $0.0128839$ & $-0.0458275$ & $0.0196474$ & $0.0111502$ & $0.0182983$ & $0.00637305$ & $-0.0186489$ & $-0.030577$ & $0.0316107$ & $0.00356165$ & $0.00657082$ & $0.0207498$ & $0.0351975$ & $0.0123514$ & $-0.00160746$ & $0.0179381$ & $0.0162285$ & $0.0106898$ & $-0.00506871$ & $-0.0014635$ & $0.0233991$ & $-0.013546$ & $0.00845648$ & $0.0243005$ & $-0.0350098$ & $0.0198607$ & $-0.0467926$ & $0.00690272$ & $0.00789756$ & $0.0182193$ & $-0.059624$ & $-0.000904215$ & $-0.042223$ & $0.0135054$ & $0.00554192$ & $1$ & $0.0233862$ & $-0.0174635$ & $0.0424158$ & $0.0565154$ & $0.0492008$ & $-0.0461767$ & $-0.036231$ & $-0.0318429$ & $0.0417288$ \\
eHZgaint & $-0.0424479$ & $0.0435927$ & $0.0270083$ & $0.00274856$ & $0.0336294$ & $0.0199979$ & $0.0475349$ & $0.0270335$ & $0.0335113$ & $-0.0898497$ & $-0.0159481$ & $-0.0523258$ & $0.00367502$ & $-0.00511798$ & $-0.00504563$ & $0.015401$ & $-0.0205671$ & $-0.013153$ & $-0.0255917$ & $0.0166792$ & $0.0185665$ & $0.023271$ & $-0.0190761$ & $-0.0365602$ & $-0.0186152$ & $0.01076$ & $0.0104657$ & $-0.0134541$ & $0.0092457$ & $0.0480189$ & $-0.0549897$ & $0.0387981$ & $-0.0304182$ & $0.0326382$ & $-0.0478269$ & $-0.0621407$ & $0.0948895$ & $0.0345514$ & $-0.0331871$ & $0.0233862$ & $1$ & $0.018258$ & $-0.0107879$ & $0.0825397$ & $0.0925815$ & $0.0676992$ & $-0.0774014$ & $-0.0325082$ & $-0.0833567$ \\
eHZgapar & $-0.0060818$ & $0.00806043$ & $-0.0400071$ & $0.0180966$ & $0.0209657$ & $0.00588199$ & $0.046184$ & $0.000731229$ & $0.000793196$ & $0.0157477$ & $0.0030858$ & $0.00867426$ & $-0.0109691$ & $-0.0107021$ & $-0.00566398$ & $0.0159483$ & $-0.00828842$ & $-0.00335937$ & $-0.0218855$ & $-0.00422598$ & $-0.00295236$ & $-0.00252504$ & $-0.0157682$ & $-0.0238567$ & $-0.00183279$ & $-0.00515724$ & $-0.00539792$ & $-0.0480765$ & $-0.0087723$ & $-0.0281634$ & $-0.0163801$ & $0.0391376$ & $-0.0296481$ & $0.00689419$ & $-0.0262301$ & $-0.016344$ & $0.00945026$ & $0.0120534$ & $-0.0314981$ & $-0.0174635$ & $0.018258$ & $1$ & $0.00130234$ & $0.0460877$ & $0.0492051$ & $0.0607906$ & $-0.0910528$ & $-0.0202653$ & $-0.0130807$ \\
eHgagaint & $-0.0336689$ & $-0.0195425$ & $-0.0206133$ & $-0.000931721$ & $-0.0761123$ & $0.0163745$ & $0.0200397$ & $-0.00432962$ & $0.0671495$ & $-0.012161$ & $-0.00667012$ & $-0.0652184$ & $0.00869122$ & $0.0386744$ & $-0.0120872$ & $0.0258617$ & $0.00326339$ & $0.0288288$ & $0.00119215$ & $0.00616847$ & $0.00310612$ & $-0.00764182$ & $-0.0136569$ & $0.023576$ & $0.0164648$ & $-0.00560822$ & $-0.014445$ & $0.00480698$ & $0.00559595$ & $-0.0405083$ & $-0.0568577$ & $-0.00223728$ & $-0.00979673$ & $-0.00599673$ & $-0.0625839$ & $0.0977685$ & $-0.0230955$ & $-0.0239538$ & $0.135655$ & $0.0424158$ & $-0.0107879$ & $0.00130234$ & $1$ & $0.0326338$ & $-0.0222759$ & $-0.0242976$ & $-0.131498$ & $-0.0474691$ & $0.0410254$ \\
eHmumuint & $-0.0609987$ & $0.0513905$ & $0.0357925$ & $-0.036443$ & $-0.0494512$ & $0.00374465$ & $0.0294298$ & $0.0217023$ & $0.0370671$ & $-0.00468076$ & $-0.0177161$ & $0.00259315$ & $0.0172209$ & $-0.00531998$ & $-0.0292229$ & $0.0209908$ & $-0.0121137$ & $0.0148618$ & $-0.0253754$ & $0.0199092$ & $0.0190705$ & $0.0307303$ & $0.0135885$ & $-0.0276935$ & $0.000987119$ & $-0.0465504$ & $0.0131605$ & $-0.00173171$ & $0.0390744$ & $0.0111532$ & $-0.0912903$ & $0.0172741$ & $0.00209924$ & $0.0477159$ & $0.0792222$ & $-0.0843724$ & $-0.0335743$ & $0.0111668$ & $-0.0217673$ & $0.0565154$ & $0.0825397$ & $0.0460877$ & $0.0326338$ & $1$ & $0.0360181$ & $-0.0455307$ & $-0.0635943$ & $0.0533603$ & $-0.00103648$ \\
eHtautauint & $-0.00650384$ & $0.0199086$ & $0.0563159$ & $0.0524912$ & $0.0236654$ & $-0.038361$ & $0.0354426$ & $-0.0223785$ & $-0.0182086$ & $-0.0237727$ & $0.04236$ & $-0.0142781$ & $0.0261434$ & $-0.060856$ & $0.00763654$ & $0.00208048$ & $-0.0267961$ & $-0.0405269$ & $-0.0294464$ & $-0.0387636$ & $-0.0439871$ & $-0.0278077$ & $-0.0338934$ & $0.003676$ & $-0.0462231$ & $0.047617$ & $-0.0349367$ & $0.0196989$ & $0.0374685$ & $0.0813951$ & $-0.02164$ & $0.0221256$ & $0.00542003$ & $-0.016075$ & $-0.0444362$ & $-0.0414188$ & $0.00477339$ & $0.00208309$ & $-0.00505902$ & $0.0492008$ & $0.0925815$ & $0.0492051$ & $-0.0222759$ & $0.0360181$ & $1$ & $0.0295571$ & $-0.0580213$ & $-0.0114121$ & $0.00846416$ \\
eHccint & $-0.037784$ & $0.043299$ & $-0.000228634$ & $-0.0097654$ & $0.0157158$ & $0.0477351$ & $-0.0170416$ & $0.00310926$ & $-0.00854275$ & $0.0179556$ & $-0.0170953$ & $0.00475923$ & $-0.0303338$ & $0.03846$ & $0.0306467$ & $0.0216331$ & $0.0263258$ & $0.00757976$ & $0.0121864$ & $0.0196317$ & $0.0154508$ & $0.0175315$ & $-0.0315964$ & $0.0223555$ & $0.0292656$ & $0.0371915$ & $0.000500806$ & $0.0168738$ & $-0.0144292$ & $-0.00251905$ & $0.0493471$ & $-0.0163953$ & $-0.0149528$ & $-0.0193103$ & $0.0434495$ & $-0.0127341$ & $0.0133667$ & $-0.0315074$ & $0.041288$ & $-0.0461767$ & $0.0676992$ & $0.0607906$ & $-0.0242976$ & $-0.0455307$ & $0.0295571$ & $1$ & $0.0219751$ & $0.0294442$ & $0.0160435$ \\
eHccpar & $-0.0341656$ & $0.0798006$ & $-0.0332828$ & $0.0410606$ & $0.0123885$ & $0.0681118$ & $-0.0757583$ & $-0.0320013$ & $-0.0479796$ & $0.0390722$ & $0.0474899$ & $0.0345929$ & $-0.0189237$ & $-0.0132042$ & $-0.00881067$ & $-0.0117342$ & $-0.0569279$ & $-0.0244943$ & $-0.0172742$ & $-0.0441482$ & $-0.0438991$ & $-0.0463031$ & $-0.0129299$ & $-0.013318$ & $-0.0373307$ & $0.0417184$ & $-0.044154$ & $0.0493215$ & $-0.0238341$ & $-0.0291166$ & $0.389239$ & $-0.069327$ & $-0.00682045$ & $-0.0285207$ & $-0.0482241$ & $0.082444$ & $-0.0475956$ & $-0.0569271$ & $0.0723145$ & $-0.036231$ & $-0.0774014$ & $-0.0910528$ & $-0.131498$ & $-0.0635943$ & $-0.0580213$ & $0.0219751$ & $1$ & $-0.0405926$ & $0.0209887$ \\
eHbbint & $0.0903191$ & $0.0709406$ & $0.0498435$ & $-0.0332524$ & $-0.0403465$ & $0.00552713$ & $0.000735074$ & $0.0660578$ & $0.0607911$ & $-0.0315629$ & $-0.0689126$ & $-0.0158958$ & $-0.00625785$ & $0.0381962$ & $0.00496277$ & $-0.0105052$ & $-0.00442131$ & $-0.00651088$ & $0.00665184$ & $0.0668023$ & $0.0748315$ & $0.0715951$ & $0.022192$ & $-0.0301983$ & $-0.0108758$ & $-0.0592938$ & $0.0609031$ & $-0.0173555$ & $0.0373437$ & $-0.0160377$ & $-0.0207997$ & $0.0126755$ & $0.185083$ & $0.0483245$ & $0.0321429$ & $-0.0569729$ & $-0.0435823$ & $0.0959832$ & $0.0164171$ & $-0.0318429$ & $-0.0325082$ & $-0.0202653$ & $-0.0474691$ & $0.0533603$ & $-0.0114121$ & $0.0294442$ & $-0.0405926$ & $1$ & $-0.00660532$ \\
eHbbpar & $-0.00265254$ & $-0.0139362$ & $0.0357007$ & $0.0331211$ & $-0.0319049$ & $-0.0034468$ & $-0.0160638$ & $0.0276852$ & $0.0261545$ & $0.02544$ & $-0.01712$ & $0.00429279$ & $0.0284188$ & $-0.00522919$ & $-0.0171843$ & $-0.0174398$ & $-0.0195295$ & $-0.00662699$ & $-0.00373677$ & $0.0150908$ & $0.0203217$ & $0.0293982$ & $0.000878473$ & $-0.0210604$ & $-0.0195887$ & $-0.0138476$ & $0.024593$ & $-0.0041612$ & $0.0234649$ & $0.0024466$ & $0.0127046$ & $0.00271965$ & $0.502529$ & $0.0365065$ & $0.0205484$ & $0.0276986$ & $-0.0858199$ & $-0.0195082$ & $0.000684306$ & $0.0417288$ & $-0.0833567$ & $-0.0130807$ & $0.0410254$ & $-0.00103648$ & $0.00846416$ & $0.0160435$ & $0.0209887$ & $-0.00660532$ & $1$ \\
