 & AlsMz & dAle5Mz & mtop & mHl & Mz & CW & CHG & CHWB & CHWHB_gaga & CHWHB_gagaorth & CHD & CHbox & CH & CHL1_11 & CHL1_22 & CHL1_33 & CHL3_11 & CHL3_22 & CHL3_33 & CHe_11 & CHe_22 & CHe_33 & CHQ1_11 & CHQ1_33 & CHQ3_11 & CHu_11 & CHd_11 & CHd_33 & CeH_22r & CeH_33r & CuH_22r & CuH_33r & CdH_33r & CLL_1221 & eHggint & eHggpar & eHWWint & eHWWpar & eHZZint & eHZZpar & eHZgaint & eHZgapar & eHgagaint & eHmumuint & eHtautauint & eHccint & eHccpar & eHbbint & eHbbpar \\
AlsMz & $1$ & $-0.0248581$ & $-0.102696$ & $-0.00132696$ & $-0.0596058$ & $0.00353234$ & $-0.0222446$ & $0.00326063$ & $-0.002805$ & $0.0350315$ & $0.0103004$ & $0.0440764$ & $-0.0220349$ & $-0.0392742$ & $0.016343$ & $0.00789952$ & $-0.0417217$ & $-0.0536977$ & $-0.0431551$ & $-0.0214647$ & $-0.0215456$ & $-0.0216669$ & $0.0320378$ & $-0.0855314$ & $-0.154099$ & $-0.0488033$ & $-0.0523583$ & $-0.0575262$ & $0.0138569$ & $0.0230184$ & $0.0948351$ & $-0.025569$ & $0.0177056$ & $-0.0145589$ & $-0.00530599$ & $-0.0243574$ & $-0.0362174$ & $0.0276415$ & $0.00169261$ & $0.0113543$ & $0.0535708$ & $0.0398114$ & $0.0246151$ & $0.00787916$ & $0.118152$ & $-0.0230463$ & $0.0749781$ & $0.0241328$ & $0.0385803$ \\
dAle5Mz & $-0.0248581$ & $1$ & $-0.027346$ & $-0.0599631$ & $-0.0393796$ & $0.000179639$ & $0.000668558$ & $0.009718$ & $0.0159746$ & $-0.0384681$ & $-0.00429579$ & $-0.0146048$ & $0.00830611$ & $-0.0398783$ & $-0.0486507$ & $-0.046885$ & $-0.0035947$ & $-0.00906812$ & $-0.00798201$ & $0.0139675$ & $0.0317687$ & $0.0363916$ & $0.0132014$ & $-0.0528233$ & $-0.0246963$ & $-0.0169403$ & $0.0702283$ & $0.0221214$ & $-0.0244049$ & $-0.0105283$ & $-0.0354876$ & $-0.00462773$ & $-0.00127941$ & $0.132976$ & $0.0124796$ & $0.00913265$ & $-0.00301201$ & $0.0546782$ & $-0.0974135$ & $-0.00423592$ & $-0.0165644$ & $-0.0559232$ & $0.00229465$ & $-0.0427034$ & $-0.025224$ & $-0.00870679$ & $-0.056566$ & $-0.0211047$ & $-0.0236101$ \\
mtop & $-0.102696$ & $-0.027346$ & $1$ & $0.0457167$ & $-0.0341722$ & $0.0147555$ & $0.0065181$ & $-0.0268185$ & $-0.020143$ & $0.0147547$ & $0.0559531$ & $-0.00485267$ & $0.0175353$ & $-0.0711554$ & $-0.0378126$ & $-0.0569414$ & $-0.0255808$ & $-0.0247285$ & $-0.0086216$ & $-0.0522715$ & $-0.0487704$ & $-0.0376022$ & $0.0170373$ & $-0.0196379$ & $-0.0234285$ & $0.0213134$ & $3.3228e-05$ & $0.00631121$ & $0.0571938$ & $-0.00480318$ & $-0.00889672$ & $0.00554068$ & $-0.0279929$ & $0.0218029$ & $0.0285371$ & $-0.00999919$ & $-0.0202828$ & $-0.0296255$ & $-0.0669481$ & $0.0683968$ & $0.00349796$ & $0.023248$ & $0.0716145$ & $-0.0574868$ & $0.0368686$ & $0.125349$ & $0.0310327$ & $0.0546783$ & $-0.0752777$ \\
mHl & $-0.00132696$ & $-0.0599631$ & $0.0457167$ & $1$ & $-0.0171285$ & $0.00755235$ & $0.0139251$ & $-0.032868$ & $-0.0231263$ & $0.0429499$ & $0.0364228$ & $0.0307423$ & $-0.0236523$ & $-0.000710971$ & $-0.0819501$ & $-0.00817509$ & $-0.0234282$ & $0.0469793$ & $-0.00775086$ & $-0.0388121$ & $-0.0365125$ & $-0.0401383$ & $0.00852908$ & $0.0177892$ & $0.00164927$ & $0.0356313$ & $0.00443297$ & $-0.0193898$ & $-0.0135958$ & $-0.00391235$ & $-0.0132835$ & $0.00853463$ & $-0.00933046$ & $0.0305131$ & $-0.124517$ & $-0.00673493$ & $-0.0701314$ & $-0.0269135$ & $0.026264$ & $-0.0309153$ & $0.0452184$ & $0.0162689$ & $0.0062508$ & $0.0368794$ & $0.0292852$ & $0.0345344$ & $0.0389001$ & $-0.0391703$ & $-0.00517532$ \\
Mz & $-0.0596058$ & $-0.0393796$ & $-0.0341722$ & $-0.0171285$ & $1$ & $0.0163812$ & $0.0175755$ & $0.038334$ & $0.0428315$ & $-0.0716148$ & $-0.0411455$ & $0.0123978$ & $-0.0363634$ & $0.034132$ & $0.00766964$ & $-0.0242858$ & $0.0279425$ & $0.0155896$ & $0.0334361$ & $0.0432919$ & $0.0523541$ & $0.052971$ & $0.0653398$ & $-0.0294247$ & $0.0210753$ & $-0.0554124$ & $0.0347018$ & $-0.0104924$ & $-0.043706$ & $-0.0105783$ & $-0.0166133$ & $0.00373176$ & $-0.0143488$ & $0.0293521$ & $0.00750868$ & $0.0429769$ & $-0.0810383$ & $-0.032123$ & $0.0201999$ & $-0.0301312$ & $0.0704632$ & $-0.00143577$ & $-0.0145491$ & $0.0360544$ & $-0.0250151$ & $0.0445071$ & $-0.0973949$ & $-0.00742214$ & $0.0232451$ \\
CW & $0.00353234$ & $0.000179639$ & $0.0147555$ & $0.00755235$ & $0.0163812$ & $1$ & $0.0870643$ & $-0.0968008$ & $-0.102469$ & $0.0964725$ & $0.206556$ & $0.13478$ & $-0.10395$ & $-0.0578458$ & $-0.159883$ & $-0.0996202$ & $-0.366988$ & $-0.124072$ & $-0.177482$ & $-0.205586$ & $-0.206424$ & $-0.213607$ & $-0.0126385$ & $-0.0981942$ & $-0.216903$ & $0.129603$ & $-0.107961$ & $-0.0910332$ & $-0.0521073$ & $-0.053512$ & $-0.0216144$ & $0.0900793$ & $-0.11058$ & $-0.0683172$ & $0.0106684$ & $-0.000457255$ & $0.0283632$ & $-0.0217355$ & $0.028424$ & $-0.00586106$ & $-0.0466734$ & $-0.00204257$ & $0.0307932$ & $-0.00299178$ & $0.0475865$ & $-0.104423$ & $0.0156488$ & $0.0280962$ & $-0.0505612$ \\
CHG & $-0.0222446$ & $0.000668558$ & $0.0065181$ & $0.0139251$ & $0.0175755$ & $0.0870643$ & $1$ & $-0.0276538$ & $-0.0134205$ & $0.173074$ & $0.0636212$ & $0.692508$ & $-0.729274$ & $-0.0672199$ & $-0.0748923$ & $-0.0541854$ & $-0.0761928$ & $-0.027042$ & $-0.0446536$ & $-0.0677196$ & $-0.0586495$ & $-0.0540883$ & $0.00610526$ & $-0.0437779$ & $-0.0410179$ & $0.0555137$ & $0.0270875$ & $-0.00882361$ & $-0.15539$ & $-0.509091$ & $-0.281039$ & $0.943948$ & $-0.509485$ & $0.0361997$ & $-0.129234$ & $-0.0467488$ & $-0.00859056$ & $-0.0251874$ & $-0.00400448$ & $0.0251839$ & $0.0195465$ & $-0.118943$ & $-0.0809592$ & $0.00792072$ & $-0.0235972$ & $0.0487795$ & $0.00668697$ & $-0.000116309$ & $0.00943909$ \\
CHWB & $0.00326063$ & $0.009718$ & $-0.0268185$ & $-0.032868$ & $0.038334$ & $-0.0968008$ & $-0.0276538$ & $1$ & $0.98913$ & $-0.532585$ & $-0.874735$ & $-0.111114$ & $0.0500126$ & $0.251844$ & $0.461723$ & $0.469964$ & $-0.212867$ & $-0.429252$ & $-0.406389$ & $0.859139$ & $0.888303$ & $0.881889$ & $0.0329449$ & $-0.649669$ & $-0.370943$ & $-0.599642$ & $0.384741$ & $0.383127$ & $0.0867432$ & $0.0351674$ & $0.0429546$ & $-0.0329906$ & $0.047512$ & $0.505023$ & $0.0372656$ & $-0.0437166$ & $0.0330985$ & $0.0605344$ & $0.0551543$ & $0.00131148$ & $-0.0272148$ & $-0.0433865$ & $-0.0517193$ & $0.0276553$ & $0.0245245$ & $0.023439$ & $0.00899093$ & $0.0234122$ & $0.0184091$ \\
CHWHB_gaga & $-0.002805$ & $0.0159746$ & $-0.020143$ & $-0.0231263$ & $0.0428315$ & $-0.102469$ & $-0.0134205$ & $0.98913$ & $1$ & $-0.535331$ & $-0.866835$ & $-0.11945$ & $0.0601568$ & $0.250522$ & $0.457694$ & $0.468476$ & $-0.205118$ & $-0.421319$ & $-0.400424$ & $0.851423$ & $0.880207$ & $0.87475$ & $0.0431494$ & $-0.64241$ & $-0.365886$ & $-0.603917$ & $0.375241$ & $0.380622$ & $0.0903749$ & $0.0614087$ & $0.0594247$ & $-0.0227391$ & $0.0704981$ & $0.501535$ & $0.0194006$ & $-0.049981$ & $0.0219695$ & $0.0616223$ & $0.0388121$ & $0.00467128$ & $-0.0269733$ & $-0.0348052$ & $0.00268954$ & $0.0309198$ & $0.0166416$ & $0.0189302$ & $0.0181376$ & $0.0265334$ & $0.0118273$ \\
CHWHB_gagaorth & $0.0350315$ & $-0.0384681$ & $0.0147547$ & $0.0429499$ & $-0.0716148$ & $0.0964725$ & $0.173074$ & $-0.532585$ & $-0.535331$ & $1$ & $0.451807$ & $0.386902$ & $-0.234755$ & $-0.0957774$ & $-0.242427$ & $-0.247891$ & $0.129043$ & $0.254803$ & $0.23989$ & $-0.446017$ & $-0.460964$ & $-0.45763$ & $-0.0254601$ & $0.368241$ & $0.20582$ & $0.315837$ & $-0.22357$ & $-0.166519$ & $-0.060014$ & $-0.223157$ & $-0.122344$ & $0.195523$ & $-0.215727$ & $-0.281429$ & $-0.0137967$ & $0.0389248$ & $-0.0433468$ & $-0.00195485$ & $-0.0195918$ & $0.014134$ & $-0.0556871$ & $-0.0495391$ & $-0.0317336$ & $0.00201584$ & $0.040938$ & $0.0338461$ & $0.0259968$ & $0.0176491$ & $0.0105503$ \\
CHD & $0.0103004$ & $-0.00429579$ & $0.0559531$ & $0.0364228$ & $-0.0411455$ & $0.206556$ & $0.0636212$ & $-0.874735$ & $-0.866835$ & $0.451807$ & $1$ & $0.17507$ & $-0.0908881$ & $-0.647467$ & $-0.592215$ & $-0.565203$ & $-0.258971$ & $0.016818$ & $-0.0206755$ & $-0.995035$ & $-0.994784$ & $-0.982972$ & $0.0178638$ & $0.24277$ & $-0.0576646$ & $0.682096$ & $-0.255233$ & $-0.423953$ & $-0.0589533$ & $-0.0731544$ & $-0.0498461$ & $0.07905$ & $-0.0953943$ & $-0.283442$ & $0.00223957$ & $0.00787786$ & $-0.0250246$ & $-0.0620099$ & $-0.0445601$ & $0.00895904$ & $0.0355862$ & $0.0517073$ & $0.0640845$ & $-0.0364251$ & $-0.0318701$ & $-0.021457$ & $0.030636$ & $-0.0175652$ & $-0.0357862$ \\
CHbox & $0.0440764$ & $-0.0146048$ & $-0.00485267$ & $0.0307423$ & $0.0123978$ & $0.13478$ & $0.692508$ & $-0.111114$ & $-0.11945$ & $0.386902$ & $0.17507$ & $1$ & $-0.953085$ & $-0.160616$ & $-0.097242$ & $-0.068331$ & $-0.142752$ & $-0.0803449$ & $-0.100121$ & $-0.173925$ & $-0.174957$ & $-0.169481$ & $0.0241573$ & $-0.0410074$ & $-0.0999272$ & $0.114013$ & $-0.0443193$ & $-0.0445659$ & $-0.21046$ & $-0.587509$ & $-0.324895$ & $0.625261$ & $-0.584826$ & $-0.0306081$ & $-0.0921379$ & $-0.0603667$ & $-0.0564306$ & $-0.0153526$ & $0.0519698$ & $0.0243548$ & $-0.00526104$ & $-0.123146$ & $-0.067255$ & $0.0197597$ & $0.0272228$ & $0.0419947$ & $-0.0205626$ & $0.00551432$ & $0.0207345$ \\
CH & $-0.0220349$ & $0.00830611$ & $0.0175353$ & $-0.0236523$ & $-0.0363634$ & $-0.10395$ & $-0.729274$ & $0.0500126$ & $0.0601568$ & $-0.234755$ & $-0.0908881$ & $-0.953085$ & $1$ & $0.0911779$ & $0.0613269$ & $0.0349162$ & $0.0901221$ & $0.0492995$ & $0.0669836$ & $0.0915892$ & $0.0894279$ & $0.0859047$ & $-0.0124927$ & $0.0438384$ & $0.0583078$ & $-0.0669449$ & $0.00810136$ & $0.0117501$ & $0.232907$ & $0.645756$ & $0.357663$ & $-0.632881$ & $0.650902$ & $0.00070636$ & $0.122518$ & $0.072028$ & $0.0490409$ & $0.0276821$ & $-0.0536412$ & $-0.0197696$ & $-0.00470615$ & $0.113515$ & $0.063809$ & $-0.0148719$ & $-0.00644087$ & $-0.0364332$ & $0.0484539$ & $0.00536066$ & $-0.0162903$ \\
CHL1_11 & $-0.0392742$ & $-0.0398783$ & $-0.0711554$ & $-0.000710971$ & $0.034132$ & $-0.0578458$ & $-0.0672199$ & $0.251844$ & $0.250522$ & $-0.0957774$ & $-0.647467$ & $-0.160616$ & $0.0911779$ & $1$ & $0.420549$ & $0.358365$ & $0.645543$ & $0.577949$ & $0.614455$ & $0.65563$ & $0.619449$ & $0.605253$ & $-0.0864673$ & $0.427193$ & $0.60358$ & $-0.428808$ & $-0.0627905$ & $0.266802$ & $-0.0201712$ & $0.100862$ & $0.0290595$ & $-0.0877401$ & $0.106345$ & $-0.216444$ & $-0.0324158$ & $0.0458947$ & $-0.0156034$ & $0.0215903$ & $0.0189486$ & $-0.0244433$ & $-0.0477393$ & $-0.0492049$ & $-0.0515269$ & $0.0345962$ & $0.0364724$ & $-0.00421602$ & $-0.0773349$ & $0.0205236$ & $0.0369029$ \\
CHL1_22 & $0.016343$ & $-0.0486507$ & $-0.0378126$ & $-0.0819501$ & $0.00766964$ & $-0.159883$ & $-0.0748923$ & $0.461723$ & $0.457694$ & $-0.242427$ & $-0.592215$ & $-0.097242$ & $0.0613269$ & $0.420549$ & $1$ & $0.545264$ & $0.213737$ & $-0.31668$ & $0.0249251$ & $0.635381$ & $0.533341$ & $0.527449$ & $-0.158125$ & $0.0388038$ & $-0.0507492$ & $-0.385693$ & $-0.321751$ & $0.215642$ & $0.029076$ & $0.0523301$ & $0.0300327$ & $-0.0776883$ & $0.0798666$ & $-0.493824$ & $0.0323822$ & $-0.0020666$ & $-0.0250829$ & $0.0239243$ & $0.0545005$ & $-0.0499345$ & $-0.0408363$ & $0.000845364$ & $-0.0315362$ & $-0.00901653$ & $0.0432531$ & $-0.0126539$ & $-0.029257$ & $-0.00833808$ & $0.0495905$ \\
CHL1_33 & $0.00789952$ & $-0.046885$ & $-0.0569414$ & $-0.00817509$ & $-0.0242858$ & $-0.0996202$ & $-0.0541854$ & $0.469964$ & $0.468476$ & $-0.247891$ & $-0.565203$ & $-0.068331$ & $0.0349162$ & $0.358365$ & $0.545264$ & $1$ & $0.15175$ & $-0.0597222$ & $-0.322259$ & $0.604124$ & $0.512194$ & $0.521926$ & $-0.131833$ & $-0.0108003$ & $-0.106386$ & $-0.380635$ & $-0.298376$ & $0.199591$ & $0.00987052$ & $0.0303281$ & $0.0525444$ & $-0.0567261$ & $0.052839$ & $-0.0327286$ & $0.0459799$ & $0.0148145$ & $0.0475027$ & $0.0207335$ & $0.010335$ & $-0.0305851$ & $-0.0167596$ & $-0.0314749$ & $0.0251517$ & $-0.00289343$ & $0.0537678$ & $0.0272093$ & $0.0244701$ & $0.023267$ & $0.00882807$ \\
CHL3_11 & $-0.0417217$ & $-0.0035947$ & $-0.0255808$ & $-0.0234282$ & $0.0279425$ & $-0.366988$ & $-0.0761928$ & $-0.212867$ & $-0.205118$ & $0.129043$ & $-0.258971$ & $-0.142752$ & $0.0901221$ & $0.645543$ & $0.213737$ & $0.15175$ & $1$ & $0.796038$ & $0.818856$ & $0.270462$ & $0.235306$ & $0.225351$ & $-0.0648683$ & $0.746291$ & $0.8444$ & $-0.180372$ & $-0.14834$ & $0.0924412$ & $-0.0445092$ & $0.0675177$ & $0.0145516$ & $-0.0992699$ & $0.0986558$ & $-0.285541$ & $-0.0969017$ & $0.0633824$ & $-0.000636709$ & $0.00883925$ & $-0.0358013$ & $-0.0114379$ & $-0.00105764$ & $-0.00524754$ & $-0.0251531$ & $0.0267721$ & $0.000707647$ & $0.0202423$ & $-0.074553$ & $-0.0196884$ & $0.0387741$ \\
CHL3_22 & $-0.0536977$ & $-0.00906812$ & $-0.0247285$ & $0.0469793$ & $0.0155896$ & $-0.124072$ & $-0.027042$ & $-0.429252$ & $-0.421319$ & $0.254803$ & $0.016818$ & $-0.0803449$ & $0.0492995$ & $0.577949$ & $-0.31668$ & $-0.0597222$ & $0.796038$ & $1$ & $0.787877$ & $-0.0213515$ & $-0.0176247$ & $-0.0239368$ & $-0.00220894$ & $0.732426$ & $0.859383$ & $0.00456373$ & $-0.0315792$ & $-0.0093717$ & $-0.0687154$ & $0.0496298$ & $0.00178963$ & $-0.0465235$ & $0.0511272$ & $-0.0759828$ & $-0.0950461$ & $0.0715113$ & $0.00516218$ & $-0.0100156$ & $-0.0495198$ & $0.0103595$ & $0.00344917$ & $-0.0227108$ & $-0.0067778$ & $0.0287584$ & $-0.00604875$ & $0.0132087$ & $-0.0582564$ & $0.00123938$ & $0.0025833$ \\
CHL3_33 & $-0.0431551$ & $-0.00798201$ & $-0.0086216$ & $-0.00775086$ & $0.0334361$ & $-0.177482$ & $-0.0446536$ & $-0.406389$ & $-0.400424$ & $0.23989$ & $-0.0206755$ & $-0.100121$ & $0.0669836$ & $0.614455$ & $0.0249251$ & $-0.322259$ & $0.818856$ & $0.787877$ & $1$ & $0.0205807$ & $0.0148505$ & $0.00854335$ & $-0.0269126$ & $0.740322$ & $0.865853$ & $-0.0106941$ & $-0.0605661$ & $0.00775804$ & $-0.047626$ & $0.058738$ & $-0.0146636$ & $-0.0621353$ & $0.0714576$ & $-0.395149$ & $-0.0975122$ & $0.05328$ & $-0.0516852$ & $0.00129607$ & $-0.0216841$ & $0.00134311$ & $-0.0045873$ & $-0.00456305$ & $-0.0434966$ & $0.0208933$ & $-0.0164523$ & $-0.00620731$ & $-0.0942678$ & $-0.0203597$ & $0.0337475$ \\
CHe_11 & $-0.0214647$ & $0.0139675$ & $-0.0522715$ & $-0.0388121$ & $0.0432919$ & $-0.205586$ & $-0.0677196$ & $0.859139$ & $0.851423$ & $-0.446017$ & $-0.995035$ & $-0.173925$ & $0.0915892$ & $0.65563$ & $0.635381$ & $0.604124$ & $0.270462$ & $-0.0213515$ & $0.0205807$ & $1$ & $0.984964$ & $0.973658$ & $-0.0301977$ & $-0.211929$ & $0.0610067$ & $-0.680385$ & $0.202496$ & $0.416502$ & $0.0545745$ & $0.0715748$ & $0.0491389$ & $-0.0828751$ & $0.0942232$ & $0.227644$ & $0.00205642$ & $-0.00309998$ & $0.0215481$ & $0.0626135$ & $0.0472404$ & $-0.010458$ & $-0.0357772$ & $-0.051395$ & $-0.0616345$ & $0.0305949$ & $0.0336892$ & $0.0199714$ & $-0.0331808$ & $0.0154323$ & $0.0335064$ \\
CHe_22 & $-0.0215456$ & $0.0317687$ & $-0.0487704$ & $-0.0365125$ & $0.0523541$ & $-0.206424$ & $-0.0586495$ & $0.888303$ & $0.880207$ & $-0.460964$ & $-0.994784$ & $-0.174957$ & $0.0894279$ & $0.619449$ & $0.533341$ & $0.512194$ & $0.235306$ & $-0.0176247$ & $0.0148505$ & $0.984964$ & $1$ & $0.986346$ & $0.00149346$ & $-0.284468$ & $0.0496265$ & $-0.681029$ & $0.320165$ & $0.428504$ & $0.0608096$ & $0.0691062$ & $0.0456498$ & $-0.0750862$ & $0.0912351$ & $0.354548$ & $-0.00363604$ & $-0.0108491$ & $0.0235469$ & $0.0653737$ & $0.0424945$ & $-0.00621543$ & $-0.0357386$ & $-0.0535072$ & $-0.0663215$ & $0.0402615$ & $0.0273808$ & $0.0261054$ & $-0.0317048$ & $0.0180762$ & $0.0340667$ \\
CHe_33 & $-0.0216669$ & $0.0363916$ & $-0.0376022$ & $-0.0401383$ & $0.052971$ & $-0.213607$ & $-0.0540883$ & $0.881889$ & $0.87475$ & $-0.45763$ & $-0.982972$ & $-0.169481$ & $0.0859047$ & $0.605253$ & $0.527449$ & $0.521926$ & $0.225351$ & $-0.0239368$ & $0.00854335$ & $0.973658$ & $0.986346$ & $1$ & $0.00512183$ & $-0.291706$ & $0.0401816$ & $-0.673914$ & $0.313524$ & $0.427305$ & $0.0613394$ & $0.0655722$ & $0.0432756$ & $-0.067541$ & $0.089561$ & $0.35639$ & $-0.0081942$ & $-0.0124473$ & $0.0145531$ & $0.0730455$ & $0.0311882$ & $-0.000808695$ & $-0.0300169$ & $-0.061098$ & $-0.0636765$ & $0.0390987$ & $0.0254574$ & $0.026635$ & $-0.0401565$ & $0.0213816$ & $0.0293571$ \\
CHQ1_11 & $0.0320378$ & $0.0132014$ & $0.0170373$ & $0.00852908$ & $0.0653398$ & $-0.0126385$ & $0.00610526$ & $0.0329449$ & $0.0431494$ & $-0.0254601$ & $0.0178638$ & $0.0241573$ & $-0.0124927$ & $-0.0864673$ & $-0.158125$ & $-0.131833$ & $-0.0648683$ & $-0.00220894$ & $-0.0269126$ & $-0.0301977$ & $0.00149346$ & $0.00512183$ & $1$ & $-0.120249$ & $0.0299066$ & $-0.583765$ & $0.285776$ & $-0.0206605$ & $0.0570412$ & $0.0175817$ & $0.0588635$ & $0.0122336$ & $0.0185154$ & $0.18719$ & $0.0514298$ & $-0.0177198$ & $-0.0525807$ & $0.0623632$ & $0.0378223$ & $-0.0114252$ & $-0.0120457$ & $-0.0568155$ & $0.066629$ & $0.031634$ & $-0.00445278$ & $-0.0157501$ & $0.0653671$ & $-0.0350194$ & $0.037512$ \\
CHQ1_33 & $-0.0855314$ & $-0.0528233$ & $-0.0196379$ & $0.0177892$ & $-0.0294247$ & $-0.0981942$ & $-0.0437779$ & $-0.649669$ & $-0.64241$ & $0.368241$ & $0.24277$ & $-0.0410074$ & $0.0438384$ & $0.427193$ & $0.0388038$ & $-0.0108003$ & $0.746291$ & $0.732426$ & $0.740322$ & $-0.211929$ & $-0.284468$ & $-0.291706$ & $-0.120249$ & $1$ & $0.74645$ & $0.181658$ & $-0.3967$ & $-0.0612509$ & $-0.0761031$ & $0.0442147$ & $-0.0182142$ & $-0.0502074$ & $0.0535943$ & $-0.622807$ & $-0.0446503$ & $0.0741758$ & $-0.0287978$ & $-0.0206856$ & $-0.0072364$ & $-0.0250262$ & $0.00589698$ & $0.0169202$ & $0.000513885$ & $-0.00470117$ & $0.0247999$ & $-0.0227367$ & $-0.0624184$ & $-0.0171423$ & $0.0113747$ \\
CHQ3_11 & $-0.154099$ & $-0.0246963$ & $-0.0234285$ & $0.00164927$ & $0.0210753$ & $-0.216903$ & $-0.0410179$ & $-0.370943$ & $-0.365886$ & $0.20582$ & $-0.0576646$ & $-0.0999272$ & $0.0583078$ & $0.60358$ & $-0.0507492$ & $-0.106386$ & $0.8444$ & $0.859383$ & $0.865853$ & $0.0610067$ & $0.0496265$ & $0.0401816$ & $0.0299066$ & $0.74645$ & $1$ & $-0.0201958$ & $0.13706$ & $0.0314131$ & $-0.0355686$ & $0.052301$ & $-0.0244608$ & $-0.0605175$ & $0.0609412$ & $-0.261267$ & $-0.0669967$ & $0.065215$ & $-0.0428313$ & $-0.00820935$ & $-0.0268212$ & $-0.0117817$ & $-0.00103909$ & $-0.0374295$ & $-0.0387707$ & $0.0286112$ & $-0.0362736$ & $0.0132463$ & $-0.0849874$ & $-0.0199318$ & $0.024764$ \\
CHu_11 & $-0.0488033$ & $-0.0169403$ & $0.0213134$ & $0.0356313$ & $-0.0554124$ & $0.129603$ & $0.0555137$ & $-0.599642$ & $-0.603917$ & $0.315837$ & $0.682096$ & $0.114013$ & $-0.0669449$ & $-0.428808$ & $-0.385693$ & $-0.380635$ & $-0.180372$ & $0.00456373$ & $-0.0106941$ & $-0.680385$ & $-0.681029$ & $-0.673914$ & $-0.583765$ & $0.181658$ & $-0.0201958$ & $1$ & $-0.138335$ & $-0.267916$ & $-0.0471883$ & $-0.0817035$ & $-0.0679063$ & $0.0612944$ & $-0.0993948$ & $-0.22077$ & $-0.0240007$ & $0.017261$ & $-0.00385586$ & $-0.0709031$ & $-0.0709962$ & $-0.0198711$ & $0.0295575$ & $0.0616193$ & $-0.017511$ & $-0.0227959$ & $-0.0566367$ & $0.0281604$ & $-0.0128531$ & $-0.0164731$ & $-0.0562374$ \\
CHd_11 & $-0.0523583$ & $0.0702283$ & $3.3228e-05$ & $0.00443297$ & $0.0347018$ & $-0.107961$ & $0.0270875$ & $0.384741$ & $0.375241$ & $-0.22357$ & $-0.255233$ & $-0.0443193$ & $0.00810136$ & $-0.0627905$ & $-0.321751$ & $-0.298376$ & $-0.14834$ & $-0.0315792$ & $-0.0605661$ & $0.202496$ & $0.320165$ & $0.313524$ & $0.285776$ & $-0.3967$ & $0.13706$ & $-0.138335$ & $1$ & $0.146288$ & $0.0953801$ & $-0.00368492$ & $-0.0197736$ & $0.0229104$ & $-0.00978528$ & $0.682385$ & $0.0241662$ & $-0.0268422$ & $-0.0319598$ & $0.0486371$ & $0.0150315$ & $0.0135357$ & $0.0192853$ & $-0.0578876$ & $-0.0632222$ & $0.0505207$ & $-0.054794$ & $0.0445684$ & $-0.0103678$ & $-0.00931699$ & $0.00124384$ \\
CHd_33 & $-0.0575262$ & $0.0221214$ & $0.00631121$ & $-0.0193898$ & $-0.0104924$ & $-0.0910332$ & $-0.00882361$ & $0.383127$ & $0.380622$ & $-0.166519$ & $-0.423953$ & $-0.0445659$ & $0.0117501$ & $0.266802$ & $0.215642$ & $0.199591$ & $0.0924412$ & $-0.0093717$ & $0.00775804$ & $0.416502$ & $0.428504$ & $0.427305$ & $-0.0206605$ & $-0.0612509$ & $0.0314131$ & $-0.267916$ & $0.146288$ & $1$ & $0.00488133$ & $-0.00221932$ & $0.0130077$ & $-0.0290493$ & $0.025846$ & $0.163989$ & $-0.020159$ & $-0.0399334$ & $0.053971$ & $-0.020188$ & $0.0461963$ & $0.00410917$ & $0.0064654$ & $-0.0433319$ & $-0.0776874$ & $-0.0133524$ & $0.0282491$ & $-0.0395364$ & $0.0304991$ & $0.0188595$ & $0.034746$ \\
CeH_22r & $0.0138569$ & $-0.0244049$ & $0.0571938$ & $-0.0135958$ & $-0.043706$ & $-0.0521073$ & $-0.15539$ & $0.0867432$ & $0.0903749$ & $-0.060014$ & $-0.0589533$ & $-0.21046$ & $0.232907$ & $-0.0201712$ & $0.029076$ & $0.00987052$ & $-0.0445092$ & $-0.0687154$ & $-0.047626$ & $0.0545745$ & $0.0608096$ & $0.0613394$ & $0.0570412$ & $-0.0761031$ & $-0.0355686$ & $-0.0471883$ & $0.0953801$ & $0.00488133$ & $1$ & $0.197258$ & $0.0954723$ & $-0.138914$ & $0.209929$ & $0.0535703$ & $-0.0321847$ & $-0.00914713$ & $-0.00368644$ & $0.00092973$ & $-0.0114202$ & $0.00870047$ & $-0.0158357$ & $0.0227964$ & $-0.0679699$ & $-0.0317454$ & $0.0486425$ & $-0.0498425$ & $0.0709845$ & $-0.00161988$ & $0.0232595$ \\
CeH_33r & $0.0230184$ & $-0.0105283$ & $-0.00480318$ & $-0.00391235$ & $-0.0105783$ & $-0.053512$ & $-0.509091$ & $0.0351674$ & $0.0614087$ & $-0.223157$ & $-0.0731544$ & $-0.587509$ & $0.645756$ & $0.100862$ & $0.0523301$ & $0.0303281$ & $0.0675177$ & $0.0496298$ & $0.058738$ & $0.0715748$ & $0.0691062$ & $0.0655722$ & $0.0175817$ & $0.0442147$ & $0.052301$ & $-0.0817035$ & $-0.00368492$ & $-0.00221932$ & $0.197258$ & $1$ & $0.480426$ & $-0.351973$ & $0.77521$ & $-0.0174685$ & $0.0160427$ & $-0.00168602$ & $-0.127419$ & $-0.00378017$ & $-0.0513609$ & $-0.0338942$ & $-0.0107514$ & $0.0681351$ & $0.0295058$ & $-0.00193184$ & $0.0674127$ & $-0.0523149$ & $0.0815074$ & $0.00323495$ & $-0.0496711$ \\
CuH_22r & $0.0948351$ & $-0.0354876$ & $-0.00889672$ & $-0.0132835$ & $-0.0166133$ & $-0.0216144$ & $-0.281039$ & $0.0429546$ & $0.0594247$ & $-0.122344$ & $-0.0498461$ & $-0.324895$ & $0.357663$ & $0.0290595$ & $0.0300327$ & $0.0525444$ & $0.0145516$ & $0.00178963$ & $-0.0146636$ & $0.0491389$ & $0.0456498$ & $0.0432756$ & $0.0588635$ & $-0.0182142$ & $-0.0244608$ & $-0.0679063$ & $-0.0197736$ & $0.0130077$ & $0.0954723$ & $0.480426$ & $1$ & $-0.158818$ & $0.474295$ & $0.014406$ & $0.0908512$ & $-0.0107543$ & $-0.0935198$ & $0.0285713$ & $-0.0847995$ & $-0.0122861$ & $-0.0423159$ & $0.0766774$ & $0.0566103$ & $0.0116738$ & $0.0664681$ & $0.0549684$ & $0.412029$ & $0.0473019$ & $-0.0711876$ \\
CuH_33r & $-0.025569$ & $-0.00462773$ & $0.00554068$ & $0.00853463$ & $0.00373176$ & $0.0900793$ & $0.943948$ & $-0.0329906$ & $-0.0227391$ & $0.195523$ & $0.07905$ & $0.625261$ & $-0.632881$ & $-0.0877401$ & $-0.0776883$ & $-0.0567261$ & $-0.0992699$ & $-0.0465235$ & $-0.0621353$ & $-0.0828751$ & $-0.0750862$ & $-0.067541$ & $0.0122336$ & $-0.0502074$ & $-0.0605175$ & $0.0612944$ & $0.0229104$ & $-0.0290493$ & $-0.138914$ & $-0.351973$ & $-0.158818$ & $1$ & $-0.338959$ & $0.0311714$ & $-0.0521613$ & $-0.0217876$ & $-0.0523991$ & $-0.0186$ & $0.00390595$ & $0.0221012$ & $-0.00273186$ & $-0.120051$ & $-0.0603237$ & $-0.0104403$ & $-0.00542082$ & $0.0512505$ & $0.0237362$ & $0.00113555$ & $-0.00258538$ \\
CdH_33r & $0.0177056$ & $-0.00127941$ & $-0.0279929$ & $-0.00933046$ & $-0.0143488$ & $-0.11058$ & $-0.509485$ & $0.047512$ & $0.0704981$ & $-0.215727$ & $-0.0953943$ & $-0.584826$ & $0.650902$ & $0.106345$ & $0.0798666$ & $0.052839$ & $0.0986558$ & $0.0511272$ & $0.0714576$ & $0.0942232$ & $0.0912351$ & $0.089561$ & $0.0185154$ & $0.0535943$ & $0.0609412$ & $-0.0993948$ & $-0.00978528$ & $0.025846$ & $0.209929$ & $0.77521$ & $0.474295$ & $-0.338959$ & $1$ & $-0.0204072$ & $0.0436348$ & $0.011749$ & $-0.117668$ & $0.00158023$ & $-0.0569647$ & $-0.0252267$ & $-0.0292917$ & $0.0484158$ & $0.01744$ & $-0.0313438$ & $0.0629855$ & $-0.0422905$ & $0.0794111$ & $0.148495$ & $0.342998$ \\
CLL_1221 & $-0.0145589$ & $0.132976$ & $0.0218029$ & $0.0305131$ & $0.0293521$ & $-0.0683172$ & $0.0361997$ & $0.505023$ & $0.501535$ & $-0.281429$ & $-0.283442$ & $-0.0306081$ & $0.00070636$ & $-0.216444$ & $-0.493824$ & $-0.0327286$ & $-0.285541$ & $-0.0759828$ & $-0.395149$ & $0.227644$ & $0.354548$ & $0.35639$ & $0.18719$ & $-0.622807$ & $-0.261267$ & $-0.22077$ & $0.682385$ & $0.163989$ & $0.0535703$ & $-0.0174685$ & $0.014406$ & $0.0311714$ & $-0.0204072$ & $1$ & $-0.0116447$ & $-0.035598$ & $0.0683199$ & $0.0402942$ & $-0.0222619$ & $0.0502381$ & $0.0188466$ & $-0.0361672$ & $-0.0129738$ & $0.0371239$ & $-0.0229919$ & $0.0520468$ & $0.0347973$ & $0.0245006$ & $-0.0262631$ \\
eHggint & $-0.00530599$ & $0.0124796$ & $0.0285371$ & $-0.124517$ & $0.00750868$ & $0.0106684$ & $-0.129234$ & $0.0372656$ & $0.0194006$ & $-0.0137967$ & $0.00223957$ & $-0.0921379$ & $0.122518$ & $-0.0324158$ & $0.0323822$ & $0.0459799$ & $-0.0969017$ & $-0.0950461$ & $-0.0975122$ & $0.00205642$ & $-0.00363604$ & $-0.0081942$ & $0.0514298$ & $-0.0446503$ & $-0.0669967$ & $-0.0240007$ & $0.0241662$ & $-0.020159$ & $-0.0321847$ & $0.0160427$ & $0.0908512$ & $-0.0521613$ & $0.0436348$ & $-0.0116447$ & $1$ & $-0.059666$ & $0.00188302$ & $0.0386117$ & $0.0264975$ & $0.0073763$ & $0.0350211$ & $-0.0472598$ & $0.149078$ & $0.0461969$ & $0.00708022$ & $0.0893906$ & $0.018762$ & $0.0585186$ & $-0.012962$ \\
eHggpar & $-0.0243574$ & $0.00913265$ & $-0.00999919$ & $-0.00673493$ & $0.0429769$ & $-0.000457255$ & $-0.0467488$ & $-0.0437166$ & $-0.049981$ & $0.0389248$ & $0.00787786$ & $-0.0603667$ & $0.072028$ & $0.0458947$ & $-0.0020666$ & $0.0148145$ & $0.0633824$ & $0.0715113$ & $0.05328$ & $-0.00309998$ & $-0.0108491$ & $-0.0124473$ & $-0.0177198$ & $0.0741758$ & $0.065215$ & $0.017261$ & $-0.0268422$ & $-0.0399334$ & $-0.00914713$ & $-0.00168602$ & $-0.0107543$ & $-0.0217876$ & $0.011749$ & $-0.035598$ & $-0.059666$ & $1$ & $0.045759$ & $0.0225333$ & $-0.00727927$ & $-0.0610438$ & $-0.0688898$ & $0.0398553$ & $-0.0548115$ & $-0.0244881$ & $0.00652597$ & $0.0240011$ & $-0.0881132$ & $-0.0290994$ & $0.0242081$ \\
eHWWint & $-0.0362174$ & $-0.00301201$ & $-0.0202828$ & $-0.0701314$ & $-0.0810383$ & $0.0283632$ & $-0.00859056$ & $0.0330985$ & $0.0219695$ & $-0.0433468$ & $-0.0250246$ & $-0.0564306$ & $0.0490409$ & $-0.0156034$ & $-0.0250829$ & $0.0475027$ & $-0.000636709$ & $0.00516218$ & $-0.0516852$ & $0.0215481$ & $0.0235469$ & $0.0145531$ & $-0.0525807$ & $-0.0287978$ & $-0.0428313$ & $-0.00385586$ & $-0.0319598$ & $0.053971$ & $-0.00368644$ & $-0.127419$ & $-0.0935198$ & $-0.0523991$ & $-0.117668$ & $0.0683199$ & $0.00188302$ & $0.045759$ & $1$ & $-0.0283459$ & $-0.00943013$ & $-0.017335$ & $-0.0302493$ & $0.0552695$ & $0.0440345$ & $-0.0564196$ & $-0.0580205$ & $0.0194834$ & $0.0314318$ & $0.0300844$ & $0.0472674$ \\
eHWWpar & $0.0276415$ & $0.0546782$ & $-0.0296255$ & $-0.0269135$ & $-0.032123$ & $-0.0217355$ & $-0.0251874$ & $0.0605344$ & $0.0616223$ & $-0.00195485$ & $-0.0620099$ & $-0.0153526$ & $0.0276821$ & $0.0215903$ & $0.0239243$ & $0.0207335$ & $0.00883925$ & $-0.0100156$ & $0.00129607$ & $0.0626135$ & $0.0653737$ & $0.0730455$ & $0.0623632$ & $-0.0206856$ & $-0.00820935$ & $-0.0709031$ & $0.0486371$ & $-0.020188$ & $0.00092973$ & $-0.00378017$ & $0.0285713$ & $-0.0186$ & $0.00158023$ & $0.0402942$ & $0.0386117$ & $0.0225333$ & $-0.0283459$ & $1$ & $-0.069316$ & $-0.0175638$ & $-0.0171399$ & $-0.0396021$ & $-0.00292366$ & $0.0518753$ & $-0.0421279$ & $0.041848$ & $0.0126182$ & $-0.0310438$ & $-0.0585151$ \\
eHZZint & $0.00169261$ & $-0.0974135$ & $-0.0669481$ & $0.026264$ & $0.0201999$ & $0.028424$ & $-0.00400448$ & $0.0551543$ & $0.0388121$ & $-0.0195918$ & $-0.0445601$ & $0.0519698$ & $-0.0536412$ & $0.0189486$ & $0.0545005$ & $0.010335$ & $-0.0358013$ & $-0.0495198$ & $-0.0216841$ & $0.0472404$ & $0.0424945$ & $0.0311882$ & $0.0378223$ & $-0.0072364$ & $-0.0268212$ & $-0.0709962$ & $0.0150315$ & $0.0461963$ & $-0.0114202$ & $-0.0513609$ & $-0.0847995$ & $0.00390595$ & $-0.0569647$ & $-0.0222619$ & $0.0264975$ & $-0.00727927$ & $-0.00943013$ & $-0.069316$ & $1$ & $-0.0402692$ & $-0.0500362$ & $-0.0195987$ & $-0.0086735$ & $0.0801221$ & $-0.00015456$ & $-0.0680149$ & $-0.0105145$ & $-0.0379601$ & $0.0427728$ \\
eHZZpar & $0.0113543$ & $-0.00423592$ & $0.0683968$ & $-0.0309153$ & $-0.0301312$ & $-0.00586106$ & $0.0251839$ & $0.00131148$ & $0.00467128$ & $0.014134$ & $0.00895904$ & $0.0243548$ & $-0.0197696$ & $-0.0244433$ & $-0.0499345$ & $-0.0305851$ & $-0.0114379$ & $0.0103595$ & $0.00134311$ & $-0.010458$ & $-0.00621543$ & $-0.000808695$ & $-0.0114252$ & $-0.0250262$ & $-0.0117817$ & $-0.0198711$ & $0.0135357$ & $0.00410917$ & $0.00870047$ & $-0.0338942$ & $-0.0122861$ & $0.0221012$ & $-0.0252267$ & $0.0502381$ & $0.0073763$ & $-0.0610438$ & $-0.017335$ & $-0.0175638$ & $-0.0402692$ & $1$ & $-0.0203118$ & $-0.0638661$ & $-0.0101884$ & $-0.0435282$ & $0.0122107$ & $0.0419434$ & $0.0245353$ & $0.0420214$ & $-0.0101859$ \\
eHZgaint & $0.0535708$ & $-0.0165644$ & $0.00349796$ & $0.0452184$ & $0.0704632$ & $-0.0466734$ & $0.0195465$ & $-0.0272148$ & $-0.0269733$ & $-0.0556871$ & $0.0355862$ & $-0.00526104$ & $-0.00470615$ & $-0.0477393$ & $-0.0408363$ & $-0.0167596$ & $-0.00105764$ & $0.00344917$ & $-0.0045873$ & $-0.0357772$ & $-0.0357386$ & $-0.0300169$ & $-0.0120457$ & $0.00589698$ & $-0.00103909$ & $0.0295575$ & $0.0192853$ & $0.0064654$ & $-0.0158357$ & $-0.0107514$ & $-0.0423159$ & $-0.00273186$ & $-0.0292917$ & $0.0188466$ & $0.0350211$ & $-0.0688898$ & $-0.0302493$ & $-0.0171399$ & $-0.0500362$ & $-0.0203118$ & $1$ & $-0.0146563$ & $0.016027$ & $0.0285668$ & $-0.0339634$ & $0.0215143$ & $-0.0893695$ & $-0.0589798$ & $0.0429257$ \\
eHZgapar & $0.0398114$ & $-0.0559232$ & $0.023248$ & $0.0162689$ & $-0.00143577$ & $-0.00204257$ & $-0.118943$ & $-0.0433865$ & $-0.0348052$ & $-0.0495391$ & $0.0517073$ & $-0.123146$ & $0.113515$ & $-0.0492049$ & $0.000845364$ & $-0.0314749$ & $-0.00524754$ & $-0.0227108$ & $-0.00456305$ & $-0.051395$ & $-0.0535072$ & $-0.061098$ & $-0.0568155$ & $0.0169202$ & $-0.0374295$ & $0.0616193$ & $-0.0578876$ & $-0.0433319$ & $0.0227964$ & $0.0681351$ & $0.0766774$ & $-0.120051$ & $0.0484158$ & $-0.0361672$ & $-0.0472598$ & $0.0398553$ & $0.0552695$ & $-0.0396021$ & $-0.0195987$ & $-0.0638661$ & $-0.0146563$ & $1$ & $0.111281$ & $0.00266897$ & $-0.0651136$ & $-0.0309887$ & $-0.0616369$ & $0.0387089$ & $-0.0669831$ \\
eHgagaint & $0.0246151$ & $0.00229465$ & $0.0716145$ & $0.0062508$ & $-0.0145491$ & $0.0307932$ & $-0.0809592$ & $-0.0517193$ & $0.00268954$ & $-0.0317336$ & $0.0640845$ & $-0.067255$ & $0.063809$ & $-0.0515269$ & $-0.0315362$ & $0.0251517$ & $-0.0251531$ & $-0.0067778$ & $-0.0434966$ & $-0.0616345$ & $-0.0663215$ & $-0.0636765$ & $0.066629$ & $0.000513885$ & $-0.0387707$ & $-0.017511$ & $-0.0632222$ & $-0.0776874$ & $-0.0679699$ & $0.0295058$ & $0.0566103$ & $-0.0603237$ & $0.01744$ & $-0.0129738$ & $0.149078$ & $-0.0548115$ & $0.0440345$ & $-0.00292366$ & $-0.0086735$ & $-0.0101884$ & $0.016027$ & $0.111281$ & $1$ & $-0.017099$ & $-0.0411729$ & $0.0283444$ & $0.0412741$ & $0.0347201$ & $-0.0827269$ \\
eHmumuint & $0.00787916$ & $-0.0427034$ & $-0.0574868$ & $0.0368794$ & $0.0360544$ & $-0.00299178$ & $0.00792072$ & $0.0276553$ & $0.0309198$ & $0.00201584$ & $-0.0364251$ & $0.0197597$ & $-0.0148719$ & $0.0345962$ & $-0.00901653$ & $-0.00289343$ & $0.0267721$ & $0.0287584$ & $0.0208933$ & $0.0305949$ & $0.0402615$ & $0.0390987$ & $0.031634$ & $-0.00470117$ & $0.0286112$ & $-0.0227959$ & $0.0505207$ & $-0.0133524$ & $-0.0317454$ & $-0.00193184$ & $0.0116738$ & $-0.0104403$ & $-0.0313438$ & $0.0371239$ & $0.0461969$ & $-0.0244881$ & $-0.0564196$ & $0.0518753$ & $0.0801221$ & $-0.0435282$ & $0.0285668$ & $0.00266897$ & $-0.017099$ & $1$ & $-0.00455651$ & $0.0360476$ & $-0.0299292$ & $-0.105$ & $0.0133033$ \\
eHtautauint & $0.118152$ & $-0.025224$ & $0.0368686$ & $0.0292852$ & $-0.0250151$ & $0.0475865$ & $-0.0235972$ & $0.0245245$ & $0.0166416$ & $0.040938$ & $-0.0318701$ & $0.0272228$ & $-0.00644087$ & $0.0364724$ & $0.0432531$ & $0.0537678$ & $0.000707647$ & $-0.00604875$ & $-0.0164523$ & $0.0336892$ & $0.0273808$ & $0.0254574$ & $-0.00445278$ & $0.0247999$ & $-0.0362736$ & $-0.0566367$ & $-0.054794$ & $0.0282491$ & $0.0486425$ & $0.0674127$ & $0.0664681$ & $-0.00542082$ & $0.0629855$ & $-0.0229919$ & $0.00708022$ & $0.00652597$ & $-0.0580205$ & $-0.0421279$ & $-0.00015456$ & $0.0122107$ & $-0.0339634$ & $-0.0651136$ & $-0.0411729$ & $-0.00455651$ & $1$ & $-0.042159$ & $0.0410247$ & $0.00506202$ & $0.0303017$ \\
eHccint & $-0.0230463$ & $-0.00870679$ & $0.125349$ & $0.0345344$ & $0.0445071$ & $-0.104423$ & $0.0487795$ & $0.023439$ & $0.0189302$ & $0.0338461$ & $-0.021457$ & $0.0419947$ & $-0.0364332$ & $-0.00421602$ & $-0.0126539$ & $0.0272093$ & $0.0202423$ & $0.0132087$ & $-0.00620731$ & $0.0199714$ & $0.0261054$ & $0.026635$ & $-0.0157501$ & $-0.0227367$ & $0.0132463$ & $0.0281604$ & $0.0445684$ & $-0.0395364$ & $-0.0498425$ & $-0.0523149$ & $0.0549684$ & $0.0512505$ & $-0.0422905$ & $0.0520468$ & $0.0893906$ & $0.0240011$ & $0.0194834$ & $0.041848$ & $-0.0680149$ & $0.0419434$ & $0.0215143$ & $-0.0309887$ & $0.0283444$ & $0.0360476$ & $-0.042159$ & $1$ & $0.0647446$ & $0.00353938$ & $0.0205625$ \\
eHccpar & $0.0749781$ & $-0.056566$ & $0.0310327$ & $0.0389001$ & $-0.0973949$ & $0.0156488$ & $0.00668697$ & $0.00899093$ & $0.0181376$ & $0.0259968$ & $0.030636$ & $-0.0205626$ & $0.0484539$ & $-0.0773349$ & $-0.029257$ & $0.0244701$ & $-0.074553$ & $-0.0582564$ & $-0.0942678$ & $-0.0331808$ & $-0.0317048$ & $-0.0401565$ & $0.0653671$ & $-0.0624184$ & $-0.0849874$ & $-0.0128531$ & $-0.0103678$ & $0.0304991$ & $0.0709845$ & $0.0815074$ & $0.412029$ & $0.0237362$ & $0.0794111$ & $0.0347973$ & $0.018762$ & $-0.0881132$ & $0.0314318$ & $0.0126182$ & $-0.0105145$ & $0.0245353$ & $-0.0893695$ & $-0.0616369$ & $0.0412741$ & $-0.0299292$ & $0.0410247$ & $0.0647446$ & $1$ & $0.0362638$ & $-0.0482746$ \\
eHbbint & $0.0241328$ & $-0.0211047$ & $0.0546783$ & $-0.0391703$ & $-0.00742214$ & $0.0280962$ & $-0.000116309$ & $0.0234122$ & $0.0265334$ & $0.0176491$ & $-0.0175652$ & $0.00551432$ & $0.00536066$ & $0.0205236$ & $-0.00833808$ & $0.023267$ & $-0.0196884$ & $0.00123938$ & $-0.0203597$ & $0.0154323$ & $0.0180762$ & $0.0213816$ & $-0.0350194$ & $-0.0171423$ & $-0.0199318$ & $-0.0164731$ & $-0.00931699$ & $0.0188595$ & $-0.00161988$ & $0.00323495$ & $0.0473019$ & $0.00113555$ & $0.148495$ & $0.0245006$ & $0.0585186$ & $-0.0290994$ & $0.0300844$ & $-0.0310438$ & $-0.0379601$ & $0.0420214$ & $-0.0589798$ & $0.0387089$ & $0.0347201$ & $-0.105$ & $0.00506202$ & $0.00353938$ & $0.0362638$ & $1$ & $0.0026583$ \\
eHbbpar & $0.0385803$ & $-0.0236101$ & $-0.0752777$ & $-0.00517532$ & $0.0232451$ & $-0.0505612$ & $0.00943909$ & $0.0184091$ & $0.0118273$ & $0.0105503$ & $-0.0357862$ & $0.0207345$ & $-0.0162903$ & $0.0369029$ & $0.0495905$ & $0.00882807$ & $0.0387741$ & $0.0025833$ & $0.0337475$ & $0.0335064$ & $0.0340667$ & $0.0293571$ & $0.037512$ & $0.0113747$ & $0.024764$ & $-0.0562374$ & $0.00124384$ & $0.034746$ & $0.0232595$ & $-0.0496711$ & $-0.0711876$ & $-0.00258538$ & $0.342998$ & $-0.0262631$ & $-0.012962$ & $0.0242081$ & $0.0472674$ & $-0.0585151$ & $0.0427728$ & $-0.0101859$ & $0.0429257$ & $-0.0669831$ & $-0.0827269$ & $0.0133033$ & $0.0303017$ & $0.0205625$ & $-0.0482746$ & $0.0026583$ & $1$ \\
