 & AlsMz & dAle5Mz & mtop & mHl & Mz & CW & CHG & CHWB & CHWHB_gaga & CHWHB_gagaorth & CHD & CHbox & CH & CHL1_11 & CHL1_22 & CHL1_33 & CHL3_11 & CHL3_22 & CHL3_33 & CHe_11 & CHe_22 & CHe_33 & CHQ1_11 & CHQ1_33 & CHQ3_11 & CHu_11 & CHd_11 & CHd_33 & CeH_22r & CeH_33r & CuH_22r & CuH_33r & CdH_33r & CLL_1221 & eHggint & eHggpar & eHWWint & eHWWpar & eHZZint & eHZZpar & eHZgaint & eHZgapar & eHgagaint & eHmumuint & eHtautauint & eHccint & eHccpar & eHbbint & eHbbpar \\
AlsMz & $1$ & $0.0506424$ & $-0.0179994$ & $-0.172842$ & $0.00432186$ & $0.0066025$ & $0.0437544$ & $-9.12682e-05$ & $0.00348463$ & $-0.0184555$ & $-0.0114238$ & $-0.0254666$ & $-0.00463019$ & $0.0173938$ & $0.00367436$ & $0.00121471$ & $0.00709798$ & $0.0100517$ & $0.0115092$ & $0.00906872$ & $0.00715899$ & $0.00855724$ & $-0.0055678$ & $-0.023701$ & $-0.0500476$ & $-0.0239588$ & $-0.0189991$ & $0.0144195$ & $0.00252294$ & $0.054886$ & $-0.0258454$ & $0.0437083$ & $-0.00789777$ & $-0.00504172$ & $-0.219316$ & $-0.041694$ & $-0.347004$ & $0.0297161$ & $0.0328581$ & $0.0418357$ & $0.0986612$ & $0.0112639$ & $-0.0649957$ & $-0.0424605$ & $-0.0126125$ & $-0.0830769$ & $-0.219831$ & $-0.0084842$ & $-0.235014$ \\
dAle5Mz & $0.0506424$ & $1$ & $0.0657417$ & $0.266109$ & $0.00604214$ & $0.0244882$ & $-0.065721$ & $-0.0550405$ & $-0.0452336$ & $0.016073$ & $0.0464296$ & $0.00866945$ & $0.00321185$ & $-0.0175507$ & $-0.0295525$ & $-0.0142347$ & $0.00665209$ & $0.0177973$ & $0.00659148$ & $-0.0320031$ & $-0.028078$ & $-0.027617$ & $-0.00654645$ & $0.0135863$ & $0.0154926$ & $0.0296067$ & $0.0110604$ & $-0.00315627$ & $0.00299839$ & $0.0173498$ & $-0.000537506$ & $-0.0691665$ & $-0.0209045$ & $0.0223979$ & $0.0149395$ & $-0.094434$ & $-0.136054$ & $-0.0568698$ & $0.100879$ & $0.0134615$ & $0.115816$ & $0.0110609$ & $0.265643$ & $-0.0779143$ & $0.134984$ & $0.378436$ & $-0.140606$ & $-0.161877$ & $-0.0505429$ \\
mtop & $-0.0179994$ & $0.0657417$ & $1$ & $0.112146$ & $0.00883529$ & $0.00999834$ & $-0.0195653$ & $0.00330707$ & $0.000930008$ & $0.0116878$ & $0.0133334$ & $0.0448032$ & $0.0276953$ & $-0.018527$ & $-0.00406928$ & $0.00171617$ & $-0.0255479$ & $-0.0197394$ & $-0.0232684$ & $-0.0081104$ & $-0.00670858$ & $-0.00544868$ & $0.000754026$ & $-0.017005$ & $-0.024779$ & $0.00905128$ & $-0.00279128$ & $-0.00694879$ & $0.00226329$ & $0.00851627$ & $0.00894232$ & $-0.00596203$ & $-0.072681$ & $0.00829157$ & $0.136306$ & $0.116532$ & $-0.0702734$ & $0.0435714$ & $-0.19366$ & $0.0338991$ & $-0.0458637$ & $-0.00978723$ & $-0.020056$ & $0.0326547$ & $-0.191341$ & $-0.0558391$ & $0.0484137$ & $-0.169963$ & $-0.254994$ \\
mHl & $-0.172842$ & $0.266109$ & $0.112146$ & $1$ & $-0.0146086$ & $0.0129809$ & $-0.00364203$ & $-0.0360917$ & $-0.0298909$ & $0.0138805$ & $0.0234861$ & $-0.0352534$ & $-0.0396548$ & $0.0119519$ & $0.00659146$ & $0.00874661$ & $0.0215663$ & $0.0171737$ & $0.015106$ & $-0.0165593$ & $-0.0201432$ & $-0.0205932$ & $-0.000902089$ & $0.0375613$ & $0.0324067$ & $0.0136573$ & $-0.0167804$ & $0.000126492$ & $-0.0028753$ & $-0.0506695$ & $0.0439744$ & $-0.0154479$ & $-0.0405372$ & $-0.0236637$ & $0.0193468$ & $0.0430245$ & $0.227086$ & $-0.0278925$ & $-0.0503299$ & $0.00207567$ & $-0.0634002$ & $-0.0230618$ & $0.268564$ & $0.082139$ & $-0.0479552$ & $0.181128$ & $0.260134$ & $-0.148083$ & $0.142194$ \\
Mz & $0.00432186$ & $0.00604214$ & $0.00883529$ & $-0.0146086$ & $1$ & $-0.000745153$ & $0.0100169$ & $-0.00335614$ & $-0.00252718$ & $-0.0065241$ & $0.0163874$ & $-0.0106901$ & $-0.0107552$ & $-0.00698503$ & $0.00344395$ & $0.00118722$ & $-0.00539641$ & $-0.00903399$ & $-0.00956973$ & $-0.00576024$ & $-0.00534039$ & $-0.00662543$ & $-0.00412675$ & $-0.00374576$ & $-0.00704111$ & $0.00608157$ & $-0.00299107$ & $-0.00989402$ & $-0.00547603$ & $-0.00352873$ & $-0.00668552$ & $0.00936052$ & $-0.00155447$ & $-0.00656276$ & $-0.0246752$ & $-0.00713253$ & $0.00779456$ & $-0.00297894$ & $-0.00663566$ & $-0.00823176$ & $0.00941464$ & $-0.00958129$ & $0.00127276$ & $-0.00218421$ & $0.00489311$ & $-0.00770333$ & $-0.00215827$ & $-0.0205403$ & $0.0220967$ \\
CW & $0.0066025$ & $0.0244882$ & $0.00999834$ & $0.0129809$ & $-0.000745153$ & $1$ & $0.00703175$ & $-0.1177$ & $-0.114107$ & $0.0174501$ & $0.176092$ & $0.0539386$ & $0.000172208$ & $0.0250295$ & $-0.0788033$ & $-0.0734002$ & $-0.257077$ & $-0.0470642$ & $-0.0501597$ & $-0.173682$ & $-0.178239$ & $-0.173275$ & $-0.00103523$ & $0.00206883$ & $-0.0860405$ & $0.101243$ & $-0.0700513$ & $-0.0550664$ & $-0.000933471$ & $0.00391816$ & $0.00883754$ & $0.0116473$ & $-0.000495947$ & $-0.1136$ & $0.0106675$ & $0.00164327$ & $-0.0168091$ & $-0.000447059$ & $0.0134012$ & $0.000726534$ & $0.00303841$ & $-0.00666617$ & $0.0146234$ & $-0.0249032$ & $0.000826605$ & $0.0206399$ & $-0.00472732$ & $-0.0105803$ & $-0.0139919$ \\
CHG & $0.0437544$ & $-0.065721$ & $-0.0195653$ & $-0.00364203$ & $0.0100169$ & $0.00703175$ & $1$ & $-0.110013$ & $-0.0556726$ & $0.07642$ & $0.0619171$ & $-0.146393$ & $-0.303602$ & $0.0642201$ & $-0.0361013$ & $-0.0267182$ & $0.0970533$ & $0.116797$ & $0.107477$ & $-0.0617315$ & $-0.065771$ & $-0.0672747$ & $-0.00678625$ & $0.11615$ & $0.108256$ & $0.0348225$ & $-0.0372942$ & $-0.0232157$ & $0.00221622$ & $-0.126785$ & $-0.0902786$ & $0.939351$ & $-0.175137$ & $-0.0610652$ & $-0.0318288$ & $-0.0346079$ & $0.0225384$ & $0.0254631$ & $-0.00765498$ & $-0.0130235$ & $0.00443114$ & $0.0145135$ & $0.0429247$ & $-0.00688874$ & $-0.0308993$ & $-0.037122$ & $-0.0417283$ & $-0.0385774$ & $0.00252581$ \\
CHWB & $-9.12682e-05$ & $-0.0550405$ & $0.00330707$ & $-0.0360917$ & $-0.00335614$ & $-0.1177$ & $-0.110013$ & $1$ & $0.98449$ & $-0.573258$ & $-0.879914$ & $-0.082405$ & $0.359816$ & $0.0909944$ & $0.294009$ & $0.282494$ & $-0.247274$ & $-0.439632$ & $-0.432739$ & $0.851394$ & $0.897759$ & $0.880198$ & $0.0753583$ & $-0.680067$ & $-0.403448$ & $-0.516978$ & $0.4277$ & $0.30791$ & $0.0205134$ & $0.124094$ & $0.0613441$ & $-0.101244$ & $0.144772$ & $0.563196$ & $-0.00280268$ & $0.0160694$ & $0.00245567$ & $-0.00964728$ & $-0.00410962$ & $-0.00646678$ & $-7.79802e-05$ & $-0.00498465$ & $-0.0255507$ & $0.0235717$ & $0.00300317$ & $-0.0316548$ & $0.0116362$ & $0.00702333$ & $0.0158964$ \\
CHWHB_gaga & $0.00348463$ & $-0.0452336$ & $0.000930008$ & $-0.0298909$ & $-0.00252718$ & $-0.114107$ & $-0.0556726$ & $0.98449$ & $1$ & $-0.563187$ & $-0.863687$ & $-0.0646697$ & $0.354312$ & $0.0839749$ & $0.291129$ & $0.279601$ & $-0.249577$ & $-0.438931$ & $-0.431979$ & $0.836185$ & $0.881158$ & $0.864165$ & $0.0735477$ & $-0.67268$ & $-0.402079$ & $-0.506738$ & $0.420278$ & $0.301988$ & $0.0259347$ & $0.143623$ & $0.069385$ & $-0.0557519$ & $0.164382$ & $0.553041$ & $-0.0166084$ & $-0.00139727$ & $0.0115048$ & $-0.0102676$ & $-0.0148586$ & $-0.00557584$ & $-0.00447392$ & $-0.00310587$ & $0.0152652$ & $0.0216949$ & $0.0161679$ & $-0.0355478$ & $0.00307538$ & $-0.00169648$ & $0.0177111$ \\
CHWHB_gagaorth & $-0.0184555$ & $0.016073$ & $0.0116878$ & $0.0138805$ & $-0.0065241$ & $0.0174501$ & $0.07642$ & $-0.573258$ & $-0.563187$ & $1$ & $0.363851$ & $0.450772$ & $-0.250741$ & $0.222655$ & $-0.126239$ & $-0.125158$ & $0.427941$ & $0.483745$ & $0.481885$ & $-0.350126$ & $-0.38027$ & $-0.373879$ & $-0.0482182$ & $0.554046$ & $0.475251$ & $0.216494$ & $-0.234819$ & $-0.13305$ & $-0.0191534$ & $-0.141079$ & $-0.0748385$ & $0.0894239$ & $-0.162998$ & $-0.349864$ & $0.0468905$ & $-0.00742809$ & $0.00294787$ & $0.0046558$ & $-0.00341483$ & $-0.000684699$ & $-0.040241$ & $0.0097439$ & $0.0166265$ & $-0.0283021$ & $0.00239288$ & $-0.00536971$ & $-0.0135402$ & $-0.00410407$ & $-0.00735113$ \\
CHD & $-0.0114238$ & $0.0464296$ & $0.0133334$ & $0.0234861$ & $0.0163874$ & $0.176092$ & $0.0619171$ & $-0.879914$ & $-0.863687$ & $0.363851$ & $1$ & $0.196077$ & $-0.178016$ & $-0.505768$ & $-0.419053$ & $-0.401973$ & $-0.20717$ & $0.0767167$ & $0.0692847$ & $-0.990401$ & $-0.991146$ & $-0.970088$ & $-0.0215231$ & $0.317781$ & $0.025177$ & $0.574899$ & $-0.295456$ & $-0.340143$ & $-0.00999147$ & $-0.0673671$ & $-0.0310526$ & $0.0672433$ & $-0.0798741$ & $-0.365908$ & $0.0074269$ & $-0.00273261$ & $-0.0138145$ & $0.00676038$ & $0.00487671$ & $0.00735317$ & $0.00370521$ & $-0.00156885$ & $0.0214123$ & $-0.0203245$ & $-0.0111799$ & $0.0329291$ & $-0.0038271$ & $-0.00763188$ & $-0.0275614$ \\
CHbox & $-0.0254666$ & $0.00866945$ & $0.0448032$ & $-0.0352534$ & $-0.0106901$ & $0.0539386$ & $-0.146393$ & $-0.082405$ & $-0.0646697$ & $0.450772$ & $0.196077$ & $1$ & $0.461408$ & $-0.267087$ & $-0.00819601$ & $-0.015217$ & $-0.236881$ & $-0.201644$ & $-0.194758$ & $-0.178881$ & $-0.198741$ & $-0.192181$ & $-0.00701108$ & $-0.0780232$ & $-0.194129$ & $0.114118$ & $-0.0765732$ & $-0.0722088$ & $0.036007$ & $0.300269$ & $0.0896191$ & $-0.0532307$ & $0.371504$ & $-0.0671821$ & $0.0785835$ & $0.0219013$ & $-0.0392415$ & $-0.00111366$ & $-0.00194688$ & $0.0011781$ & $-0.0179567$ & $0.00463993$ & $-0.0134941$ & $-0.0255405$ & $-0.00977874$ & $-0.00388258$ & $-0.0168312$ & $0.0132749$ & $-0.0445157$ \\
CH & $-0.00463019$ & $0.00321185$ & $0.0276953$ & $-0.0396548$ & $-0.0107552$ & $0.000172208$ & $-0.303602$ & $0.359816$ & $0.354312$ & $-0.250741$ & $-0.178016$ & $0.461408$ & $1$ & $-0.245465$ & $0.0742883$ & $0.0676885$ & $-0.367642$ & $-0.393468$ & $-0.387092$ & $0.172843$ & $0.189987$ & $0.188177$ & $0.0351407$ & $-0.406877$ & $-0.383645$ & $-0.109841$ & $0.142541$ & $0.0619873$ & $0.0486667$ & $0.281195$ & $0.124965$ & $-0.251527$ & $0.363056$ & $0.223393$ & $0.0115446$ & $0.0190124$ & $-0.0304466$ & $-0.0081802$ & $-0.00855819$ & $0.00222653$ & $0.00593888$ & $-0.00701074$ & $-0.0187186$ & $0.00253811$ & $-0.00130356$ & $0.00550319$ & $-0.004644$ & $0.0194783$ & $-0.0334765$ \\
CHL1_11 & $0.0173938$ & $-0.0175507$ & $-0.018527$ & $0.0119519$ & $-0.00698503$ & $0.0250295$ & $0.0642201$ & $0.0909944$ & $0.0839749$ & $0.222655$ & $-0.505768$ & $-0.267087$ & $-0.245465$ & $1$ & $0.270822$ & $0.258648$ & $0.658497$ & $0.594121$ & $0.595396$ & $0.523884$ & $0.465336$ & $0.452088$ & $-0.0690507$ & $0.46924$ & $0.598405$ & $-0.277797$ & $-0.0998838$ & $0.162842$ & $-0.0164915$ & $-0.0720771$ & $-0.037049$ & $0.0398264$ & $-0.0808246$ & $-0.218813$ & $-0.00231315$ & $-0.0163287$ & $0.0201913$ & $-0.00383712$ & $-0.00539285$ & $-0.00480427$ & $-0.0128787$ & $0.00721968$ & $-0.00460355$ & $0.00150324$ & $0.0117742$ & $-0.0198131$ & $-0.00980599$ & $0.000897229$ & $0.0258334$ \\
CHL1_22 & $0.00367436$ & $-0.0295525$ & $-0.00406928$ & $0.00659146$ & $0.00344395$ & $-0.0788033$ & $-0.0361013$ & $0.294009$ & $0.291129$ & $-0.126239$ & $-0.419053$ & $-0.00819601$ & $0.0742883$ & $0.270822$ & $1$ & $0.441517$ & $0.165765$ & $-0.451891$ & $-0.030161$ & $0.485537$ & $0.334357$ & $0.324618$ & $-0.177373$ & $0.105252$ & $-0.140296$ & $-0.195657$ & $-0.401864$ & $0.110983$ & $0.0027606$ & $0.0349059$ & $0.0174703$ & $-0.036133$ & $0.0348673$ & $-0.59571$ & $-0.0109925$ & $-0.00370806$ & $0.00499302$ & $0.0014214$ & $0.0117068$ & $0.00107147$ & $0.00145489$ & $-0.00715998$ & $-0.00378359$ & $-0.0124096$ & $-1.04838e-05$ & $-0.00698899$ & $0.00276704$ & $0.00924167$ & $-0.00347263$ \\
CHL1_33 & $0.00121471$ & $-0.0142347$ & $0.00171617$ & $0.00874661$ & $0.00118722$ & $-0.0734002$ & $-0.0267182$ & $0.282494$ & $0.279601$ & $-0.125158$ & $-0.401973$ & $-0.015217$ & $0.0676885$ & $0.258648$ & $0.441517$ & $1$ & $0.154708$ & $-0.0308447$ & $-0.442684$ & $0.467761$ & $0.320029$ & $0.337722$ & $-0.166731$ & $0.110468$ & $-0.137438$ & $-0.193508$ & $-0.392007$ & $0.111189$ & $0.00642557$ & $0.0226279$ & $0.00224301$ & $-0.0275348$ & $0.0218607$ & $-0.106927$ & $0.000496168$ & $-0.00612154$ & $0.009448$ & $0.00233763$ & $0.0177531$ & $-0.00174751$ & $0.0137172$ & $-0.00425909$ & $-0.00916384$ & $0.00507607$ & $0.00435512$ & $-0.0143604$ & $0.00342765$ & $-0.00713505$ & $0.00318751$ \\
CHL3_11 & $0.00709798$ & $0.00665209$ & $-0.0255479$ & $0.0215663$ & $-0.00539641$ & $-0.257077$ & $0.0970533$ & $-0.247274$ & $-0.249577$ & $0.427941$ & $-0.20717$ & $-0.236881$ & $-0.367642$ & $0.658497$ & $0.165765$ & $0.154708$ & $1$ & $0.732112$ & $0.734308$ & $0.229296$ & $0.173588$ & $0.166369$ & $-0.0739253$ & $0.677881$ & $0.778486$ & $-0.10451$ & $-0.163704$ & $0.0576021$ & $-0.0188091$ & $-0.118407$ & $-0.0633076$ & $0.0677451$ & $-0.135293$ & $-0.258557$ & $-0.00852618$ & $-0.0220014$ & $0.0327962$ & $0.0122568$ & $-0.0101877$ & $-0.00364183$ & $-0.00865353$ & $0.0154698$ & $0.00630803$ & $-0.00193963$ & $0.012831$ & $-0.00457066$ & $-0.00808054$ & $0.00292543$ & $0.0276467$ \\
CHL3_22 & $0.0100517$ & $0.0177973$ & $-0.0197394$ & $0.0171737$ & $-0.00903399$ & $-0.0470642$ & $0.116797$ & $-0.439632$ & $-0.438931$ & $0.483745$ & $0.0767167$ & $-0.201644$ & $-0.393468$ & $0.594121$ & $-0.451891$ & $-0.0308447$ & $0.732112$ & $1$ & $0.67164$ & $-0.0804063$ & $-0.0714099$ & $-0.0686916$ & $0.0117473$ & $0.622384$ & $0.797959$ & $0.0340361$ & $-0.00257069$ & $-0.021399$ & $-0.0222678$ & $-0.132082$ & $-0.0701696$ & $0.0907304$ & $-0.147915$ & $0.0324079$ & $0.00178264$ & $-0.0194233$ & $0.0221043$ & $0.00572799$ & $-0.0119438$ & $-0.00247777$ & $-0.0101338$ & $0.0163576$ & $0.00512101$ & $0.00427192$ & $0.0109061$ & $-0.00451925$ & $-0.0119813$ & $-0.00430328$ & $0.0240634$ \\
CHL3_33 & $0.0115092$ & $0.00659148$ & $-0.0232684$ & $0.015106$ & $-0.00956973$ & $-0.0501597$ & $0.107477$ & $-0.432739$ & $-0.431979$ & $0.481885$ & $0.0692847$ & $-0.194758$ & $-0.387092$ & $0.595396$ & $-0.030161$ & $-0.442684$ & $0.734308$ & $0.67164$ & $1$ & $-0.0728905$ & $-0.0640117$ & $-0.0611821$ & $0.00676393$ & $0.61454$ & $0.796908$ & $0.0358924$ & $-0.000882893$ & $-0.0222798$ & $-0.0238655$ & $-0.123214$ & $-0.0577038$ & $0.0815922$ & $-0.137473$ & $-0.34169$ & $-0.00803004$ & $-0.0181176$ & $0.0191893$ & $0.00403814$ & $-0.0161594$ & $-0.00175002$ & $-0.0179847$ & $0.0131565$ & $0.00852935$ & $-0.00650078$ & $0.00678748$ & $0.00254664$ & $-0.0112693$ & $0.00751502$ & $0.0203705$ \\
CHe_11 & $0.00906872$ & $-0.0320031$ & $-0.0081104$ & $-0.0165593$ & $-0.00576024$ & $-0.173682$ & $-0.0617315$ & $0.851394$ & $0.836185$ & $-0.350126$ & $-0.990401$ & $-0.178881$ & $0.172843$ & $0.523884$ & $0.485537$ & $0.467761$ & $0.229296$ & $-0.0804063$ & $-0.0728905$ & $1$ & $0.972211$ & $0.952188$ & $-0.00408441$ & $-0.263975$ & $-0.020824$ & $-0.565091$ & $0.219002$ & $0.333049$ & $0.00892988$ & $0.0661514$ & $0.029303$ & $-0.0668102$ & $0.0769193$ & $0.28587$ & $-0.00655451$ & $-0.000235642$ & $0.0126483$ & $-0.00718417$ & $-0.00274661$ & $-0.0058728$ & $-0.00181208$ & $0.0018551$ & $-0.0177487$ & $0.0182108$ & $0.0122753$ & $-0.0271447$ & $0.00157069$ & $0.00515288$ & $0.0249427$ \\
CHe_22 & $0.00715899$ & $-0.028078$ & $-0.00670858$ & $-0.0201432$ & $-0.00534039$ & $-0.178239$ & $-0.065771$ & $0.897759$ & $0.881158$ & $-0.38027$ & $-0.991146$ & $-0.198741$ & $0.189987$ & $0.465336$ & $0.334357$ & $0.320029$ & $0.173588$ & $-0.0714099$ & $-0.0640117$ & $0.972211$ & $1$ & $0.975278$ & $0.0502915$ & $-0.374489$ & $-0.0300896$ & $-0.576958$ & $0.377915$ & $0.341822$ & $0.0104646$ & $0.0708453$ & $0.0335093$ & $-0.070524$ & $0.0836406$ & $0.452777$ & $-0.00502921$ & $0.00350229$ & $0.0121284$ & $-0.00823797$ & $-0.00660473$ & $-0.00809032$ & $-0.00254513$ & $0.00170103$ & $-0.0170923$ & $0.0214152$ & $0.0126246$ & $-0.0260069$ & $0.00351699$ & $0.00370319$ & $0.0275216$ \\
CHe_33 & $0.00855724$ & $-0.027617$ & $-0.00544868$ & $-0.0205932$ & $-0.00662543$ & $-0.173275$ & $-0.0672747$ & $0.880198$ & $0.864165$ & $-0.373879$ & $-0.970088$ & $-0.192181$ & $0.188177$ & $0.452088$ & $0.324618$ & $0.337722$ & $0.166369$ & $-0.0686916$ & $-0.0611821$ & $0.952188$ & $0.975278$ & $1$ & $0.0496361$ & $-0.368097$ & $-0.02928$ & $-0.564446$ & $0.372498$ & $0.335299$ & $0.00998664$ & $0.0697631$ & $0.0331782$ & $-0.0721973$ & $0.083178$ & $0.448656$ & $-0.00821248$ & $0.00526792$ & $0.01175$ & $-0.00769144$ & $-0.0055554$ & $-0.008966$ & $-0.0022422$ & $0.001185$ & $-0.0167134$ & $0.0239816$ & $0.010777$ & $-0.0248416$ & $0.00576659$ & $0.00439326$ & $0.0279378$ \\
CHQ1_11 & $-0.0055678$ & $-0.00654645$ & $0.000754026$ & $-0.000902089$ & $-0.00412675$ & $-0.00103523$ & $-0.00678625$ & $0.0753583$ & $0.0735477$ & $-0.0482182$ & $-0.0215231$ & $-0.00701108$ & $0.0351407$ & $-0.0690507$ & $-0.177373$ & $-0.166731$ & $-0.0739253$ & $0.0117473$ & $0.00676393$ & $-0.00408441$ & $0.0502915$ & $0.0496361$ & $1$ & $-0.142033$ & $0.0808059$ & $-0.67551$ & $0.348067$ & $0.0144827$ & $0.00800454$ & $0.0116381$ & $0.0128998$ & $-0.00572116$ & $0.0106958$ & $0.209291$ & $0.0112161$ & $0.0130188$ & $0.00164332$ & $0.00464265$ & $0.00716599$ & $-0.0124588$ & $-0.0338562$ & $-0.00838997$ & $-0.00534815$ & $0.00340223$ & $-0.00957567$ & $-0.00183877$ & $0.0174729$ & $0.00852425$ & $0.0127556$ \\
CHQ1_33 & $-0.023701$ & $0.0135863$ & $-0.017005$ & $0.0375613$ & $-0.00374576$ & $0.00206883$ & $0.11615$ & $-0.680067$ & $-0.67268$ & $0.554046$ & $0.317781$ & $-0.0780232$ & $-0.406877$ & $0.46924$ & $0.105252$ & $0.110468$ & $0.677881$ & $0.622384$ & $0.61454$ & $-0.263975$ & $-0.374489$ & $-0.368097$ & $-0.142033$ & $1$ & $0.635579$ & $0.209347$ & $-0.433636$ & $-0.0320744$ & $-0.0228311$ & $-0.134144$ & $-0.0708888$ & $0.094969$ & $-0.155976$ & $-0.634068$ & $0.00198381$ & $-0.0211608$ & $0.0321672$ & $0.00564182$ & $-0.000138289$ & $0.00184297$ & $-0.0083205$ & $0.0103596$ & $0.0127425$ & $-0.0116592$ & $0.0020583$ & $0.000322059$ & $-0.00136302$ & $-0.000765447$ & $0.0128879$ \\
CHQ3_11 & $-0.0500476$ & $0.0154926$ & $-0.024779$ & $0.0324067$ & $-0.00704111$ & $-0.0860405$ & $0.108256$ & $-0.403448$ & $-0.402079$ & $0.475251$ & $0.025177$ & $-0.194129$ & $-0.383645$ & $0.598405$ & $-0.140296$ & $-0.137438$ & $0.778486$ & $0.797959$ & $0.796908$ & $-0.020824$ & $-0.0300896$ & $-0.02928$ & $0.0808059$ & $0.635579$ & $1$ & $0.0176688$ & $0.207848$ & $-0.00776446$ & $-0.0178925$ & $-0.128488$ & $-0.0611896$ & $0.0806115$ & $-0.139517$ & $-0.194654$ & $0.0102425$ & $-0.0141683$ & $0.0459965$ & $0.00043968$ & $-0.0109687$ & $-0.00310716$ & $-0.0205577$ & $0.0127955$ & $0.00941422$ & $0.00304492$ & $0.00429961$ & $0.00733946$ & $0.00992824$ & $0.00955694$ & $0.0401063$ \\
CHu_11 & $-0.0239588$ & $0.0296067$ & $0.00905128$ & $0.0136573$ & $0.00608157$ & $0.101243$ & $0.0348225$ & $-0.516978$ & $-0.506738$ & $0.216494$ & $0.574899$ & $0.114118$ & $-0.109841$ & $-0.277797$ & $-0.195657$ & $-0.193508$ & $-0.10451$ & $0.0340361$ & $0.0358924$ & $-0.565091$ & $-0.576958$ & $-0.564446$ & $-0.67551$ & $0.209347$ & $0.0176688$ & $1$ & $-0.180862$ & $-0.199086$ & $-0.00946145$ & $-0.0393134$ & $-0.0214745$ & $0.0366489$ & $-0.0431071$ & $-0.257097$ & $0.00203715$ & $-0.00620241$ & $-0.00440378$ & $-0.00268908$ & $0.00141217$ & $0.017285$ & $0.024797$ & $0.000250003$ & $0.018285$ & $-0.0118053$ & $-0.000182928$ & $0.0228792$ & $-0.0077591$ & $-0.00590112$ & $-0.0178145$ \\
CHd_11 & $-0.0189991$ & $0.0110604$ & $-0.00279128$ & $-0.0167804$ & $-0.00299107$ & $-0.0700513$ & $-0.0372942$ & $0.4277$ & $0.420278$ & $-0.234819$ & $-0.295456$ & $-0.0765732$ & $0.142541$ & $-0.0998838$ & $-0.401864$ & $-0.392007$ & $-0.163704$ & $-0.00257069$ & $-0.000882893$ & $0.219002$ & $0.377915$ & $0.372498$ & $0.348067$ & $-0.433636$ & $0.207848$ & $-0.180862$ & $1$ & $0.118973$ & $0.0144606$ & $0.0468147$ & $0.0270331$ & $-0.0370731$ & $0.0595758$ & $0.691143$ & $0.00543361$ & $0.0146332$ & $0.00829052$ & $-0.0140211$ & $-0.0097917$ & $-0.00314652$ & $-0.0089678$ & $0.00126232$ & $-0.00596878$ & $0.023473$ & $-0.00208272$ & $-0.00242413$ & $0.016165$ & $0.00974578$ & $0.0251317$ \\
CHd_33 & $0.0144195$ & $-0.00315627$ & $-0.00694879$ & $0.000126492$ & $-0.00989402$ & $-0.0550664$ & $-0.0232157$ & $0.30791$ & $0.301988$ & $-0.13305$ & $-0.340143$ & $-0.0722088$ & $0.0619873$ & $0.162842$ & $0.110983$ & $0.111189$ & $0.0576021$ & $-0.021399$ & $-0.0222798$ & $0.333049$ & $0.341822$ & $0.335299$ & $0.0144827$ & $-0.0320744$ & $-0.00776446$ & $-0.199086$ & $0.118973$ & $1$ & $0.00157711$ & $0.0207849$ & $0.0117285$ & $-0.0263282$ & $0.02543$ & $0.157963$ & $-0.00185324$ & $0.00529005$ & $0.00510122$ & $-0.0101177$ & $0.0102559$ & $-0.00062586$ & $-0.00080477$ & $0.00610639$ & $-0.0189252$ & $0.0123906$ & $-0.00415461$ & $-0.00833885$ & $0.00824159$ & $0.00511509$ & $0.00475623$ \\
CeH_22r & $0.00252294$ & $0.00299839$ & $0.00226329$ & $-0.0028753$ & $-0.00547603$ & $-0.000933471$ & $0.00221622$ & $0.0205134$ & $0.0259347$ & $-0.0191534$ & $-0.00999147$ & $0.036007$ & $0.0486667$ & $-0.0164915$ & $0.0027606$ & $0.00642557$ & $-0.0188091$ & $-0.0222678$ & $-0.0238655$ & $0.00892988$ & $0.0104646$ & $0.00998664$ & $0.00800454$ & $-0.0228311$ & $-0.0178925$ & $-0.00946145$ & $0.0144606$ & $0.00157711$ & $1$ & $0.0419782$ & $0.00984767$ & $-0.0114785$ & $0.0483093$ & $0.0152303$ & $-0.016341$ & $0.00559537$ & $-0.0152328$ & $-0.00920181$ & $0.000628646$ & $-0.0045503$ & $-0.00960108$ & $0.00186315$ & $0.00186761$ & $0.0150291$ & $0.0130605$ & $-0.00292281$ & $-0.0121991$ & $-0.000927557$ & $0.0052451$ \\
CeH_33r & $0.054886$ & $0.0173498$ & $0.00851627$ & $-0.0506695$ & $-0.00352873$ & $0.00391816$ & $-0.126785$ & $0.124094$ & $0.143623$ & $-0.141079$ & $-0.0673671$ & $0.300269$ & $0.281195$ & $-0.0720771$ & $0.0349059$ & $0.0226279$ & $-0.118407$ & $-0.132082$ & $-0.123214$ & $0.0661514$ & $0.0708453$ & $0.0697631$ & $0.0116381$ & $-0.134144$ & $-0.128488$ & $-0.0393134$ & $0.0468147$ & $0.0207849$ & $0.0419782$ & $1$ & $0.313325$ & $0.0227189$ & $0.70181$ & $0.0686305$ & $-0.0259921$ & $-0.000599527$ & $-0.123345$ & $-0.027309$ & $-0.0163346$ & $0.00546551$ & $-0.00207211$ & $-0.00801759$ & $-0.0181252$ & $0.0192574$ & $0.024724$ & $0.0168296$ & $-0.049773$ & $0.00960952$ & $-0.0479214$ \\
CuH_22r & $-0.0258454$ & $-0.000537506$ & $0.00894232$ & $0.0439744$ & $-0.00668552$ & $0.00883754$ & $-0.0902786$ & $0.0613441$ & $0.069385$ & $-0.0748385$ & $-0.0310526$ & $0.0896191$ & $0.124965$ & $-0.037049$ & $0.0174703$ & $0.00224301$ & $-0.0633076$ & $-0.0701696$ & $-0.0577038$ & $0.029303$ & $0.0335093$ & $0.0331782$ & $0.0128998$ & $-0.0708888$ & $-0.0611896$ & $-0.0214745$ & $0.0270331$ & $0.0117285$ & $0.00984767$ & $0.313325$ & $1$ & $5.92402e-05$ & $0.39849$ & $0.0319355$ & $-0.0229809$ & $0.077808$ & $-0.0388326$ & $-0.0177372$ & $0.0379996$ & $0.00157703$ & $-0.00153244$ & $-0.00105472$ & $-0.0260839$ & $0.0114085$ & $-0.0256086$ & $0.0928355$ & $0.175086$ & $0.00931429$ & $0.0278414$ \\
CuH_33r & $0.0437083$ & $-0.0691665$ & $-0.00596203$ & $-0.0154479$ & $0.00936052$ & $0.0116473$ & $0.939351$ & $-0.101244$ & $-0.0557519$ & $0.0894239$ & $0.0672433$ & $-0.0532307$ & $-0.251527$ & $0.0398264$ & $-0.036133$ & $-0.0275348$ & $0.0677451$ & $0.0907304$ & $0.0815922$ & $-0.0668102$ & $-0.070524$ & $-0.0721973$ & $-0.00572116$ & $0.094969$ & $0.0806115$ & $0.0366489$ & $-0.0370731$ & $-0.0263282$ & $-0.0114785$ & $0.0227189$ & $5.92402e-05$ & $1$ & $0.0134724$ & $-0.0552398$ & $0.0201602$ & $-0.000422907$ & $-0.0146099$ & $0.0223667$ & $0.00748064$ & $-0.0109691$ & $0.0122862$ & $0.0111086$ & $0.0244679$ & $-0.0268527$ & $-0.0478272$ & $-0.0286499$ & $-0.0441524$ & $-0.0286522$ & $-0.022004$ \\
CdH_33r & $-0.00789777$ & $-0.0209045$ & $-0.072681$ & $-0.0405372$ & $-0.00155447$ & $-0.000495947$ & $-0.175137$ & $0.144772$ & $0.164382$ & $-0.162998$ & $-0.0798741$ & $0.371504$ & $0.363056$ & $-0.0808246$ & $0.0348673$ & $0.0218607$ & $-0.135293$ & $-0.147915$ & $-0.137473$ & $0.0769193$ & $0.0836406$ & $0.083178$ & $0.0106958$ & $-0.155976$ & $-0.139517$ & $-0.0431071$ & $0.0595758$ & $0.02543$ & $0.0483093$ & $0.70181$ & $0.39849$ & $0.0134724$ & $1$ & $0.0824598$ & $-0.102992$ & $0.0531823$ & $-0.063164$ & $-0.0363197$ & $0.0388624$ & $-0.0136188$ & $-0.0212646$ & $-0.00606659$ & $-0.0472454$ & $0.0797656$ & $-0.00351216$ & $0.0659568$ & $0.0324377$ & $0.110459$ & $0.217985$ \\
CLL_1221 & $-0.00504172$ & $0.0223979$ & $0.00829157$ & $-0.0236637$ & $-0.00656276$ & $-0.1136$ & $-0.0610652$ & $0.563196$ & $0.553041$ & $-0.349864$ & $-0.365908$ & $-0.0671821$ & $0.223393$ & $-0.218813$ & $-0.59571$ & $-0.106927$ & $-0.258557$ & $0.0324079$ & $-0.34169$ & $0.28587$ & $0.452777$ & $0.448656$ & $0.209291$ & $-0.634068$ & $-0.194654$ & $-0.257097$ & $0.691143$ & $0.157963$ & $0.0152303$ & $0.0686305$ & $0.0319355$ & $-0.0552398$ & $0.0824598$ & $1$ & $0.00618496$ & $0.0125458$ & $-0.00346133$ & $-0.00742702$ & $-0.00994081$ & $-0.00633427$ & $0.00495371$ & $0.0039009$ & $-0.00615768$ & $0.0272983$ & $0.00827894$ & $-0.00326471$ & $0.00326867$ & $-0.00842204$ & $0.0158452$ \\
eHggint & $-0.219316$ & $0.0149395$ & $0.136306$ & $0.0193468$ & $-0.0246752$ & $0.0106675$ & $-0.0318288$ & $-0.00280268$ & $-0.0166084$ & $0.0468905$ & $0.0074269$ & $0.0785835$ & $0.0115446$ & $-0.00231315$ & $-0.0109925$ & $0.000496168$ & $-0.00852618$ & $0.00178264$ & $-0.00803004$ & $-0.00655451$ & $-0.00502921$ & $-0.00821248$ & $0.0112161$ & $0.00198381$ & $0.0102425$ & $0.00203715$ & $0.00543361$ & $-0.00185324$ & $-0.016341$ & $-0.0259921$ & $-0.0229809$ & $0.0201602$ & $-0.102992$ & $0.00618496$ & $1$ & $0.0272347$ & $-0.0206835$ & $0.0205089$ & $-0.027121$ & $0.00214718$ & $0.0633788$ & $-0.0325876$ & $-0.07394$ & $-0.364655$ & $-0.0586576$ & $-0.142818$ & $-0.0409987$ & $-0.035896$ & $-0.274856$ \\
eHggpar & $-0.041694$ & $-0.094434$ & $0.116532$ & $0.0430245$ & $-0.00713253$ & $0.00164327$ & $-0.0346079$ & $0.0160694$ & $-0.00139727$ & $-0.00742809$ & $-0.00273261$ & $0.0219013$ & $0.0190124$ & $-0.0163287$ & $-0.00370806$ & $-0.00612154$ & $-0.0220014$ & $-0.0194233$ & $-0.0181176$ & $-0.000235642$ & $0.00350229$ & $0.00526792$ & $0.0130188$ & $-0.0211608$ & $-0.0141683$ & $-0.00620241$ & $0.0146332$ & $0.00529005$ & $0.00559537$ & $-0.000599527$ & $0.077808$ & $-0.000422907$ & $0.0531823$ & $0.0125458$ & $0.0272347$ & $1$ & $-0.234087$ & $-0.0338296$ & $0.316874$ & $0.00768599$ & $0.164985$ & $-0.0152237$ & $-0.259985$ & $-0.0399344$ & $-0.182038$ & $0.252928$ & $0.297252$ & $0.329824$ & $0.0059021$ \\
eHWWint & $-0.347004$ & $-0.136054$ & $-0.0702734$ & $0.227086$ & $0.00779456$ & $-0.0168091$ & $0.0225384$ & $0.00245567$ & $0.0115048$ & $0.00294787$ & $-0.0138145$ & $-0.0392415$ & $-0.0304466$ & $0.0201913$ & $0.00499302$ & $0.009448$ & $0.0327962$ & $0.0221043$ & $0.0191893$ & $0.0126483$ & $0.0121284$ & $0.01175$ & $0.00164332$ & $0.0321672$ & $0.0459965$ & $-0.00440378$ & $0.00829052$ & $0.00510122$ & $-0.0152328$ & $-0.123345$ & $-0.0388326$ & $-0.0146099$ & $-0.063164$ & $-0.00346133$ & $-0.0206835$ & $-0.234087$ & $1$ & $0.00709979$ & $-0.0965591$ & $-0.0144588$ & $0.0090097$ & $0.0139986$ & $0.359696$ & $0.012366$ & $0.19058$ & $-0.264399$ & $0.257198$ & $-0.065402$ & $0.390368$ \\
eHWWpar & $0.0297161$ & $-0.0568698$ & $0.0435714$ & $-0.0278925$ & $-0.00297894$ & $-0.000447059$ & $0.0254631$ & $-0.00964728$ & $-0.0102676$ & $0.0046558$ & $0.00676038$ & $-0.00111366$ & $-0.0081802$ & $-0.00383712$ & $0.0014214$ & $0.00233763$ & $0.0122568$ & $0.00572799$ & $0.00403814$ & $-0.00718417$ & $-0.00823797$ & $-0.00769144$ & $0.00464265$ & $0.00564182$ & $0.00043968$ & $-0.00268908$ & $-0.0140211$ & $-0.0101177$ & $-0.00920181$ & $-0.027309$ & $-0.0177372$ & $0.0223667$ & $-0.0363197$ & $-0.00742702$ & $0.0205089$ & $-0.0338296$ & $0.00709979$ & $1$ & $0.00211215$ & $-0.00770551$ & $-0.0696191$ & $-0.0129584$ & $-0.0329085$ & $-0.00738161$ & $-0.00073797$ & $-0.017163$ & $0.0133315$ & $-0.0382172$ & $-0.0131439$ \\
eHZZint & $0.0328581$ & $0.100879$ & $-0.19366$ & $-0.0503299$ & $-0.00663566$ & $0.0134012$ & $-0.00765498$ & $-0.00410962$ & $-0.0148586$ & $-0.00341483$ & $0.00487671$ & $-0.00194688$ & $-0.00855819$ & $-0.00539285$ & $0.0117068$ & $0.0177531$ & $-0.0101877$ & $-0.0119438$ & $-0.0161594$ & $-0.00274661$ & $-0.00660473$ & $-0.0055554$ & $0.00716599$ & $-0.000138289$ & $-0.0109687$ & $0.00141217$ & $-0.0097917$ & $0.0102559$ & $0.000628646$ & $-0.0163346$ & $0.0379996$ & $0.00748064$ & $0.0388624$ & $-0.00994081$ & $-0.027121$ & $0.316874$ & $-0.0965591$ & $0.00211215$ & $1$ & $0.0198194$ & $-0.0957221$ & $0.00284491$ & $-0.162802$ & $-0.19705$ & $-0.108341$ & $0.355902$ & $0.146782$ & $0.150191$ & $0.0969916$ \\
eHZZpar & $0.0418357$ & $0.0134615$ & $0.0338991$ & $0.00207567$ & $-0.00823176$ & $0.000726534$ & $-0.0130235$ & $-0.00646678$ & $-0.00557584$ & $-0.000684699$ & $0.00735317$ & $0.0011781$ & $0.00222653$ & $-0.00480427$ & $0.00107147$ & $-0.00174751$ & $-0.00364183$ & $-0.00247777$ & $-0.00175002$ & $-0.0058728$ & $-0.00809032$ & $-0.008966$ & $-0.0124588$ & $0.00184297$ & $-0.00310716$ & $0.017285$ & $-0.00314652$ & $-0.00062586$ & $-0.0045503$ & $0.00546551$ & $0.00157703$ & $-0.0109691$ & $-0.0136188$ & $-0.00633427$ & $0.00214718$ & $0.00768599$ & $-0.0144588$ & $-0.00770551$ & $0.0198194$ & $1$ & $0.0181137$ & $-0.00213552$ & $0.00975214$ & $-0.0308215$ & $0.0243174$ & $-0.00622672$ & $-0.03779$ & $0.0296177$ & $-0.0607715$ \\
eHZgaint & $0.0986612$ & $0.115816$ & $-0.0458637$ & $-0.0634002$ & $0.00941464$ & $0.00303841$ & $0.00443114$ & $-7.79802e-05$ & $-0.00447392$ & $-0.040241$ & $0.00370521$ & $-0.0179567$ & $0.00593888$ & $-0.0128787$ & $0.00145489$ & $0.0137172$ & $-0.00865353$ & $-0.0101338$ & $-0.0179847$ & $-0.00181208$ & $-0.00254513$ & $-0.0022422$ & $-0.0338562$ & $-0.0083205$ & $-0.0205577$ & $0.024797$ & $-0.0089678$ & $-0.00080477$ & $-0.00960108$ & $-0.00207211$ & $-0.00153244$ & $0.0122862$ & $-0.0212646$ & $0.00495371$ & $0.0633788$ & $0.164985$ & $0.0090097$ & $-0.0696191$ & $-0.0957221$ & $0.0181137$ & $1$ & $-0.0190027$ & $-0.0977251$ & $-0.0788069$ & $-0.0253443$ & $0.217911$ & $-0.0753306$ & $0.035577$ & $-0.0920384$ \\
eHZgapar & $0.0112639$ & $0.0110609$ & $-0.00978723$ & $-0.0230618$ & $-0.00958129$ & $-0.00666617$ & $0.0145135$ & $-0.00498465$ & $-0.00310587$ & $0.0097439$ & $-0.00156885$ & $0.00463993$ & $-0.00701074$ & $0.00721968$ & $-0.00715998$ & $-0.00425909$ & $0.0154698$ & $0.0163576$ & $0.0131565$ & $0.0018551$ & $0.00170103$ & $0.001185$ & $-0.00838997$ & $0.0103596$ & $0.0127955$ & $0.000250003$ & $0.00126232$ & $0.00610639$ & $0.00186315$ & $-0.00801759$ & $-0.00105472$ & $0.0111086$ & $-0.00606659$ & $0.0039009$ & $-0.0325876$ & $-0.0152237$ & $0.0139986$ & $-0.0129584$ & $0.00284491$ & $-0.00213552$ & $-0.0190027$ & $1$ & $0.0120681$ & $0.0332725$ & $-0.0338726$ & $0.0322452$ & $-0.0312399$ & $0.00421717$ & $-0.00976385$ \\
eHgagaint & $-0.0649957$ & $0.265643$ & $-0.020056$ & $0.268564$ & $0.00127276$ & $0.0146234$ & $0.0429247$ & $-0.0255507$ & $0.0152652$ & $0.0166265$ & $0.0214123$ & $-0.0134941$ & $-0.0187186$ & $-0.00460355$ & $-0.00378359$ & $-0.00916384$ & $0.00630803$ & $0.00512101$ & $0.00852935$ & $-0.0177487$ & $-0.0170923$ & $-0.0167134$ & $-0.00534815$ & $0.0127425$ & $0.00941422$ & $0.018285$ & $-0.00596878$ & $-0.0189252$ & $0.00186761$ & $-0.0181252$ & $-0.0260839$ & $0.0244679$ & $-0.0472454$ & $-0.00615768$ & $-0.07394$ & $-0.259985$ & $0.359696$ & $-0.0329085$ & $-0.162802$ & $0.00975214$ & $-0.0977251$ & $0.0120681$ & $1$ & $-0.11334$ & $0.368039$ & $-0.0616353$ & $-0.0352131$ & $-0.194427$ & $0.10129$ \\
eHmumuint & $-0.0424605$ & $-0.0779143$ & $0.0326547$ & $0.082139$ & $-0.00218421$ & $-0.0249032$ & $-0.00688874$ & $0.0235717$ & $0.0216949$ & $-0.0283021$ & $-0.0203245$ & $-0.0255405$ & $0.00253811$ & $0.00150324$ & $-0.0124096$ & $0.00507607$ & $-0.00193963$ & $0.00427192$ & $-0.00650078$ & $0.0182108$ & $0.0214152$ & $0.0239816$ & $0.00340223$ & $-0.0116592$ & $0.00304492$ & $-0.0118053$ & $0.023473$ & $0.0123906$ & $0.0150291$ & $0.0192574$ & $0.0114085$ & $-0.0268527$ & $0.0797656$ & $0.0272983$ & $-0.364655$ & $-0.0399344$ & $0.012366$ & $-0.00738161$ & $-0.19705$ & $-0.0308215$ & $-0.0788069$ & $0.0332725$ & $-0.11334$ & $1$ & $0.0342498$ & $-0.124861$ & $0.0684628$ & $-0.0467087$ & $0.234246$ \\
eHtautauint & $-0.0126125$ & $0.134984$ & $-0.191341$ & $-0.0479552$ & $0.00489311$ & $0.000826605$ & $-0.0308993$ & $0.00300317$ & $0.0161679$ & $0.00239288$ & $-0.0111799$ & $-0.00977874$ & $-0.00130356$ & $0.0117742$ & $-1.04838e-05$ & $0.00435512$ & $0.012831$ & $0.0109061$ & $0.00678748$ & $0.0122753$ & $0.0126246$ & $0.010777$ & $-0.00957567$ & $0.0020583$ & $0.00429961$ & $-0.000182928$ & $-0.00208272$ & $-0.00415461$ & $0.0130605$ & $0.024724$ & $-0.0256086$ & $-0.0478272$ & $-0.00351216$ & $0.00827894$ & $-0.0586576$ & $-0.182038$ & $0.19058$ & $-0.00073797$ & $-0.108341$ & $0.0243174$ & $-0.0253443$ & $-0.0338726$ & $0.368039$ & $0.0342498$ & $1$ & $-0.183394$ & $-0.0582591$ & $-0.0628487$ & $0.124051$ \\
eHccint & $-0.0830769$ & $0.378436$ & $-0.0558391$ & $0.181128$ & $-0.00770333$ & $0.0206399$ & $-0.037122$ & $-0.0316548$ & $-0.0355478$ & $-0.00536971$ & $0.0329291$ & $-0.00388258$ & $0.00550319$ & $-0.0198131$ & $-0.00698899$ & $-0.0143604$ & $-0.00457066$ & $-0.00451925$ & $0.00254664$ & $-0.0271447$ & $-0.0260069$ & $-0.0248416$ & $-0.00183877$ & $0.000322059$ & $0.00733946$ & $0.0228792$ & $-0.00242413$ & $-0.00833885$ & $-0.00292281$ & $0.0168296$ & $0.0928355$ & $-0.0286499$ & $0.0659568$ & $-0.00326471$ & $-0.142818$ & $0.252928$ & $-0.264399$ & $-0.017163$ & $0.355902$ & $-0.00622672$ & $0.217911$ & $0.0322452$ & $-0.0616353$ & $-0.124861$ & $-0.183394$ & $1$ & $0.109027$ & $-0.0070356$ & $0.0905944$ \\
eHccpar & $-0.219831$ & $-0.140606$ & $0.0484137$ & $0.260134$ & $-0.00215827$ & $-0.00472732$ & $-0.0417283$ & $0.0116362$ & $0.00307538$ & $-0.0135402$ & $-0.0038271$ & $-0.0168312$ & $-0.004644$ & $-0.00980599$ & $0.00276704$ & $0.00342765$ & $-0.00808054$ & $-0.0119813$ & $-0.0112693$ & $0.00157069$ & $0.00351699$ & $0.00576659$ & $0.0174729$ & $-0.00136302$ & $0.00992824$ & $-0.0077591$ & $0.016165$ & $0.00824159$ & $-0.0121991$ & $-0.049773$ & $0.175086$ & $-0.0441524$ & $0.0324377$ & $0.00326867$ & $-0.0409987$ & $0.297252$ & $0.257198$ & $0.0133315$ & $0.146782$ & $-0.03779$ & $-0.0753306$ & $-0.0312399$ & $-0.0352131$ & $0.0684628$ & $-0.0582591$ & $0.109027$ & $1$ & $0.0251609$ & $0.285423$ \\
eHbbint & $-0.0084842$ & $-0.161877$ & $-0.169963$ & $-0.148083$ & $-0.0205403$ & $-0.0105803$ & $-0.0385774$ & $0.00702333$ & $-0.00169648$ & $-0.00410407$ & $-0.00763188$ & $0.0132749$ & $0.0194783$ & $0.000897229$ & $0.00924167$ & $-0.00713505$ & $0.00292543$ & $-0.00430328$ & $0.00751502$ & $0.00515288$ & $0.00370319$ & $0.00439326$ & $0.00852425$ & $-0.000765447$ & $0.00955694$ & $-0.00590112$ & $0.00974578$ & $0.00511509$ & $-0.000927557$ & $0.00960952$ & $0.00931429$ & $-0.0286522$ & $0.110459$ & $-0.00842204$ & $-0.035896$ & $0.329824$ & $-0.065402$ & $-0.0382172$ & $0.150191$ & $0.0296177$ & $0.035577$ & $0.00421717$ & $-0.194427$ & $-0.0467087$ & $-0.0628487$ & $-0.0070356$ & $0.0251609$ & $1$ & $-0.034664$ \\
eHbbpar & $-0.235014$ & $-0.0505429$ & $-0.254994$ & $0.142194$ & $0.0220967$ & $-0.0139919$ & $0.00252581$ & $0.0158964$ & $0.0177111$ & $-0.00735113$ & $-0.0275614$ & $-0.0445157$ & $-0.0334765$ & $0.0258334$ & $-0.00347263$ & $0.00318751$ & $0.0276467$ & $0.0240634$ & $0.0203705$ & $0.0249427$ & $0.0275216$ & $0.0279378$ & $0.0127556$ & $0.0128879$ & $0.0401063$ & $-0.0178145$ & $0.0251317$ & $0.00475623$ & $0.0052451$ & $-0.0479214$ & $0.0278414$ & $-0.022004$ & $0.217985$ & $0.0158452$ & $-0.274856$ & $0.0059021$ & $0.390368$ & $-0.0131439$ & $0.0969916$ & $-0.0607715$ & $-0.0920384$ & $-0.00976385$ & $0.10129$ & $0.234246$ & $0.124051$ & $0.0905944$ & $0.285423$ & $-0.034664$ & $1$ \\
