 & AlsMz & dAle5Mz & mtop & mHl & Mz & CW & CHG & CHWB & CHWHB_gaga & CHWHB_gagaorth & CHD & CHbox & CH & CHL1_11 & CHL1_22 & CHL1_33 & CHL3_11 & CHL3_22 & CHL3_33 & CHe_11 & CHe_22 & CHe_33 & CHQ1_11 & CHQ1_33 & CHQ3_11 & CHu_11 & CHd_11 & CHd_33 & CeH_22r & CeH_33r & CuH_22r & CuH_33r & CdH_33r & CLL_1221 & eHggint & eHggpar & eHWWint & eHWWpar & eHZZint & eHZZpar & eHZgaint & eHZgapar & eHgagaint & eHmumuint & eHtautauint & eHccint & eHccpar & eHbbint & eHbbpar \\
AlsMz & $1$ & $-0.226851$ & $-0.164233$ & $0.211663$ & $0.0326256$ & $0.00235009$ & $-0.0537591$ & $0.0983658$ & $0.0938965$ & $-0.0342583$ & $-0.101387$ & $5.59531e-05$ & $0.0440451$ & $0.0289799$ & $0.0178179$ & $0.00767821$ & $-0.00225064$ & $-0.0177529$ & $-0.0106485$ & $0.0888013$ & $0.0962137$ & $0.0907127$ & $0.0306437$ & $-0.0852028$ & $-0.0812805$ & $-0.0802508$ & $0.0657877$ & $0.0619202$ & $-0.0102019$ & $-0.0328663$ & $-0.0160634$ & $-0.0410068$ & $-0.0114988$ & $0.0575944$ & $0.191727$ & $0.125179$ & $-0.117419$ & $-0.0541355$ & $0.31894$ & $-0.0406667$ & $-0.0763953$ & $0.0106469$ & $0.0205863$ & $-0.0401499$ & $-0.274723$ & $0.00987878$ & $0.0603288$ & $0.0284901$ & $-0.0236914$ \\
dAle5Mz & $-0.226851$ & $1$ & $-0.0800599$ & $-0.11847$ & $-0.0347815$ & $0.0224749$ & $0.0276347$ & $-0.116017$ & $-0.106668$ & $0.0373817$ & $0.069246$ & $-0.0212775$ & $-0.00726824$ & $0.0490992$ & $0.0483233$ & $0.069553$ & $0.0609199$ & $0.0486098$ & $0.0349209$ & $-0.0441474$ & $-0.0712111$ & $-0.0681293$ & $-0.0398126$ & $0.111028$ & $0.0286525$ & $0.0420088$ & $-0.164254$ & $-0.0241907$ & $0.0177861$ & $0.0535166$ & $0.0044328$ & $-0.00110529$ & $0.00917736$ & $-0.110608$ & $-0.17991$ & $-0.257962$ & $0.232635$ & $-0.00810177$ & $0.224989$ & $-0.125196$ & $0.0893448$ & $-0.0400142$ & $0.060701$ & $-0.216969$ & $0.0408341$ & $0.149706$ & $-0.0462382$ & $0.0196387$ & $-0.00828592$ \\
mtop & $-0.164233$ & $-0.0800599$ & $1$ & $-0.0603396$ & $0.0342796$ & $0.019407$ & $0.0316459$ & $0.0373994$ & $0.0545331$ & $-0.0401536$ & $-0.0119085$ & $0.0080487$ & $0.0270725$ & $-0.0293703$ & $0.034089$ & $0.0183517$ & $-0.04662$ & $-0.0604987$ & $-0.0569438$ & $0.0191922$ & $0.0151622$ & $0.0102658$ & $-0.0777193$ & $-0.0312029$ & $-0.0385909$ & $0.0530712$ & $-0.00347479$ & $0.00662622$ & $-0.0376378$ & $0.0333966$ & $-0.0383518$ & $0.0211014$ & $-0.0359983$ & $-0.00194362$ & $-0.140535$ & $-0.192526$ & $0.09703$ & $0.00756367$ & $-0.0977867$ & $0.0481963$ & $-0.246927$ & $-0.0864558$ & $0.193712$ & $-0.174843$ & $0.0677067$ & $-0.120644$ & $-0.177082$ & $-0.0794047$ & $-0.219783$ \\
mHl & $0.211663$ & $-0.11847$ & $-0.0603396$ & $1$ & $-0.0118818$ & $-0.0152186$ & $-0.022067$ & $0.0106755$ & $-0.00229753$ & $0.0236476$ & $-0.0224262$ & $0.0316301$ & $0.00740884$ & $0.0191606$ & $0.0296553$ & $0.0629025$ & $0.0143768$ & $0.00515294$ & $-0.0306197$ & $0.0261399$ & $0.012396$ & $0.00554289$ & $-0.066647$ & $-0.0019054$ & $-0.0235246$ & $0.0203394$ & $-0.0461147$ & $-0.032014$ & $-0.00731126$ & $0.000388227$ & $0.110986$ & $-0.00842206$ & $0.00335497$ & $-0.0173223$ & $0.0457874$ & $0.0878137$ & $-0.248268$ & $-0.0297365$ & $0.0285949$ & $-0.0232432$ & $0.142602$ & $-0.0347378$ & $-0.223099$ & $0.0231231$ & $0.0186566$ & $-0.00468338$ & $0.252159$ & $-0.0115867$ & $-0.123399$ \\
Mz & $0.0326256$ & $-0.0347815$ & $0.0342796$ & $-0.0118818$ & $1$ & $0.0159068$ & $0.00608152$ & $0.0136661$ & $0.0149293$ & $0.0285698$ & $-0.0135012$ & $0.0326623$ & $-0.00795267$ & $0.025125$ & $0.0262616$ & $0.00278995$ & $0.0172241$ & $-0.0044246$ & $0.014099$ & $0.0197479$ & $0.021108$ & $0.0191931$ & $-0.00129778$ & $-0.000247623$ & $0.00765052$ & $-0.0124172$ & $0.00309667$ & $-0.00651501$ & $-0.00898414$ & $0.0316926$ & $0.00136355$ & $0.0146922$ & $0.0125147$ & $-0.0136333$ & $0.022344$ & $-0.0155882$ & $-0.0673523$ & $0.00127821$ & $0.00660245$ & $-0.0331565$ & $-0.0592272$ & $0.00280675$ & $0.00361776$ & $0.0149237$ & $-0.00812347$ & $-0.030213$ & $-0.0337138$ & $-0.00051132$ & $-0.0113982$ \\
CW & $0.00235009$ & $0.0224749$ & $0.019407$ & $-0.0152186$ & $0.0159068$ & $1$ & $-0.00316825$ & $-0.125659$ & $-0.121975$ & $0.0076588$ & $0.188325$ & $0.0476186$ & $-0.00273692$ & $0.00616655$ & $-0.0882427$ & $-0.0938506$ & $-0.266837$ & $-0.0518474$ & $-0.0508603$ & $-0.184431$ & $-0.18831$ & $-0.182139$ & $0.00210811$ & $-0.00952159$ & $-0.0946886$ & $0.106073$ & $-0.0731069$ & $-0.0953591$ & $0.0242165$ & $-0.0144204$ & $-0.0215363$ & $-0.00336216$ & $-0.0211362$ & $-0.11597$ & $0.0532444$ & $0.00488619$ & $-0.0300088$ & $0.0386009$ & $0.0338399$ & $-0.000980146$ & $-0.0783489$ & $-0.0105066$ & $-0.0205961$ & $0.0192119$ & $0.000831024$ & $-0.00923082$ & $0.0243486$ & $0.00149615$ & $-0.00811546$ \\
CHG & $-0.0537591$ & $0.0276347$ & $0.0316459$ & $-0.022067$ & $0.00608152$ & $-0.00316825$ & $1$ & $-0.103983$ & $-0.056599$ & $0.0964292$ & $0.0571724$ & $-0.130943$ & $-0.343427$ & $0.0714897$ & $-0.0452092$ & $-0.0557816$ & $0.0976822$ & $0.118589$ & $0.132828$ & $-0.0583455$ & $-0.0551871$ & $-0.05322$ & $-0.00317509$ & $0.121267$ & $0.135003$ & $0.0348991$ & $-0.00429576$ & $-0.00191326$ & $-0.00256789$ & $-0.173095$ & $-0.111059$ & $0.93454$ & $-0.199714$ & $-0.0497136$ & $-0.0929439$ & $-0.060512$ & $0.0608718$ & $-0.0089493$ & $0.00522468$ & $0.0175485$ & $0.00513367$ & $0.046639$ & $0.00851133$ & $-0.0431856$ & $-0.0145391$ & $0.0437344$ & $-0.0346836$ & $-0.00540792$ & $0.000588185$ \\
CHWB & $0.0983658$ & $-0.116017$ & $0.0373994$ & $0.0106755$ & $0.0136661$ & $-0.125659$ & $-0.103983$ & $1$ & $0.986214$ & $-0.590726$ & $-0.885923$ & $-0.143517$ & $0.357455$ & $0.110316$ & $0.312447$ & $0.296379$ & $-0.230567$ & $-0.43378$ & $-0.437189$ & $0.858244$ & $0.902939$ & $0.885218$ & $0.0882292$ & $-0.687347$ & $-0.400125$ & $-0.521852$ & $0.460793$ & $0.312692$ & $0.00188038$ & $0.108802$ & $0.0458876$ & $-0.0947653$ & $0.117529$ & $0.571236$ & $0.036979$ & $-0.0860242$ & $-0.0590211$ & $0.0463355$ & $0.0350028$ & $0.0200109$ & $0.00531839$ & $0.000418159$ & $-0.0305468$ & $-0.039565$ & $-0.0325543$ & $-0.0177523$ & $-0.0108345$ & $0.00358226$ & $-0.038444$ \\
CHWHB_gaga & $0.0938965$ & $-0.106668$ & $0.0545331$ & $-0.00229753$ & $0.0149293$ & $-0.121975$ & $-0.056599$ & $0.986214$ & $1$ & $-0.579659$ & $-0.870756$ & $-0.121942$ & $0.350536$ & $0.103033$ & $0.312226$ & $0.288672$ & $-0.234179$ & $-0.436487$ & $-0.434148$ & $0.843894$ & $0.887779$ & $0.870095$ & $0.0846094$ & $-0.68238$ & $-0.400259$ & $-0.508229$ & $0.453631$ & $0.307885$ & $0.00706179$ & $0.130496$ & $0.0502088$ & $-0.0572455$ & $0.137998$ & $0.559354$ & $0.00563376$ & $-0.102784$ & $-0.0615915$ & $0.0457713$ & $0.0415252$ & $0.0173125$ & $-0.001891$ & $-0.000102543$ & $0.013302$ & $-0.0630965$ & $-0.0338108$ & $-0.0222608$ & $-0.0343237$ & $-0.000215262$ & $-0.0430764$ \\
CHWHB_gagaorth & $-0.0342583$ & $0.0373817$ & $-0.0401536$ & $0.0236476$ & $0.0285698$ & $0.0076588$ & $0.0964292$ & $-0.590726$ & $-0.579659$ & $1$ & $0.391631$ & $0.494748$ & $-0.263914$ & $0.197761$ & $-0.142939$ & $-0.134754$ & $0.414443$ & $0.47791$ & $0.487659$ & $-0.376861$ & $-0.407225$ & $-0.403885$ & $-0.0687982$ & $0.560964$ & $0.481682$ & $0.242369$ & $-0.258449$ & $-0.130575$ & $-0.0119274$ & $-0.134139$ & $-0.049675$ & $0.110505$ & $-0.146425$ & $-0.361968$ & $-0.00838888$ & $0.0477588$ & $0.0366363$ & $-0.015864$ & $-0.00568326$ & $-0.00202826$ & $-0.00670495$ & $-0.01102$ & $-0.00539326$ & $0.0830084$ & $0.0159689$ & $-0.00555594$ & $0.0106355$ & $0.0333273$ & $0.00774772$ \\
CHD & $-0.101387$ & $0.069246$ & $-0.0119085$ & $-0.0224262$ & $-0.0135012$ & $0.188325$ & $0.0571724$ & $-0.885923$ & $-0.870756$ & $0.391631$ & $1$ & $0.236128$ & $-0.183677$ & $-0.51368$ & $-0.426191$ & $-0.429391$ & $-0.213666$ & $0.0773958$ & $0.0834705$ & $-0.991103$ & $-0.992223$ & $-0.971828$ & $-0.0298826$ & $0.336352$ & $0.0301301$ & $0.575866$ & $-0.319542$ & $-0.342273$ & $0.000129041$ & $-0.0614697$ & $-0.0450234$ & $0.0565741$ & $-0.0834825$ & $-0.38872$ & $-0.0213863$ & $0.0848466$ & $0.0262947$ & $-0.040899$ & $-0.0571471$ & $-0.0083541$ & $-0.0225874$ & $0.00483837$ & $0.0136699$ & $0.0397127$ & $0.0214672$ & $0.00816489$ & $0.024288$ & $-0.00647401$ & $0.0193431$ \\
CHbox & $5.59531e-05$ & $-0.0212775$ & $0.0080487$ & $0.0316301$ & $0.0326623$ & $0.0476186$ & $-0.130943$ & $-0.143517$ & $-0.121942$ & $0.494748$ & $0.236128$ & $1$ & $0.370828$ & $-0.251401$ & $-0.0116102$ & $-0.0488802$ & $-0.204871$ & $-0.164693$ & $-0.141602$ & $-0.21831$ & $-0.240089$ & $-0.238913$ & $-0.0155225$ & $-0.0257054$ & $-0.144838$ & $0.143684$ & $-0.09518$ & $-0.0722094$ & $0.0203274$ & $0.290453$ & $0.0902696$ & $-0.0412359$ & $0.343299$ & $-0.122501$ & $0.0508108$ & $0.0359726$ & $0.0111728$ & $0.0150937$ & $0.0104004$ & $-0.0394265$ & $-0.00160666$ & $-0.000433581$ & $-0.0390839$ & $0.0723938$ & $0.0267113$ & $-0.0364811$ & $0.000802419$ & $0.0482163$ & $-0.0230729$ \\
CH & $0.0440451$ & $-0.00726824$ & $0.0270725$ & $0.00740884$ & $-0.00795267$ & $-0.00273692$ & $-0.343427$ & $0.357455$ & $0.350536$ & $-0.263914$ & $-0.183677$ & $0.370828$ & $1$ & $-0.237722$ & $0.0840367$ & $0.0503138$ & $-0.357242$ & $-0.389082$ & $-0.375501$ & $0.177993$ & $0.195301$ & $0.192268$ & $0.0639234$ & $-0.409469$ & $-0.385086$ & $-0.124031$ & $0.15891$ & $0.0731139$ & $0.0450173$ & $0.294003$ & $0.149229$ & $-0.29064$ & $0.355004$ & $0.220105$ & $0.0427645$ & $-0.00981738$ & $-0.0362497$ & $0.0311543$ & $-0.00401908$ & $-0.0102346$ & $0.0246297$ & $0.0033484$ & $-0.0167637$ & $-0.0126728$ & $0.00910415$ & $-0.0160966$ & $0.0139564$ & $0.00545362$ & $-0.0125744$ \\
CHL1_11 & $0.0289799$ & $0.0490992$ & $-0.0293703$ & $0.0191606$ & $0.025125$ & $0.00616655$ & $0.0714897$ & $0.110316$ & $0.103033$ & $0.197761$ & $-0.51368$ & $-0.251401$ & $-0.237722$ & $1$ & $0.264709$ & $0.29287$ & $0.667373$ & $0.592376$ & $0.591253$ & $0.533157$ & $0.477275$ & $0.465058$ & $-0.078367$ & $0.449132$ & $0.593725$ & $-0.280199$ & $-0.109486$ & $0.160731$ & $-0.0148846$ & $-0.0671451$ & $0.00563661$ & $0.0556614$ & $-0.0411013$ & $-0.187943$ & $0.00650592$ & $-0.0262561$ & $0.0293603$ & $0.0278315$ & $0.0489667$ & $-0.0159846$ & $0.00412693$ & $-0.00553608$ & $0.0143808$ & $0.00549433$ & $0.00394342$ & $-0.00284333$ & $-0.0322707$ & $0.0105345$ & $0.0184819$ \\
CHL1_22 & $0.0178179$ & $0.0483233$ & $0.034089$ & $0.0296553$ & $0.0262616$ & $-0.0882427$ & $-0.0452092$ & $0.312447$ & $0.312226$ & $-0.142939$ & $-0.426191$ & $-0.0116102$ & $0.0840367$ & $0.264709$ & $1$ & $0.457443$ & $0.15908$ & $-0.460657$ & $-0.0461825$ & $0.489292$ & $0.348911$ & $0.338992$ & $-0.193055$ & $0.0723851$ & $-0.152921$ & $-0.191735$ & $-0.383385$ & $0.094164$ & $-0.00189846$ & $0.0513914$ & $0.0254765$ & $-0.035914$ & $0.0706212$ & $-0.572468$ & $0.000690306$ & $-0.0231454$ & $0.0579463$ & $-0.0243235$ & $0.0859326$ & $-0.0740765$ & $0.0511438$ & $0.00976163$ & $0.050169$ & $-0.0616653$ & $-0.0130001$ & $-0.00704595$ & $-0.0713263$ & $0.000124388$ & $0.0316653$ \\
CHL1_33 & $0.00767821$ & $0.069553$ & $0.0183517$ & $0.0629025$ & $0.00278995$ & $-0.0938506$ & $-0.0557816$ & $0.296379$ & $0.288672$ & $-0.134754$ & $-0.429391$ & $-0.0488802$ & $0.0503138$ & $0.29287$ & $0.457443$ & $1$ & $0.201749$ & $-0.00980034$ & $-0.410796$ & $0.491517$ & $0.352627$ & $0.367833$ & $-0.170594$ & $0.107603$ & $-0.0955971$ & $-0.203149$ & $-0.357871$ & $0.100382$ & $0.0263907$ & $0.0337683$ & $0.0305971$ & $-0.0464664$ & $0.0677581$ & $-0.093955$ & $-0.0190136$ & $-0.00788876$ & $0.0531526$ & $0.0675696$ & $0.0957242$ & $-0.0346321$ & $0.0364133$ & $-2.1144e-05$ & $0.0183358$ & $-0.0397698$ & $0.0436086$ & $0.0162779$ & $-0.0875773$ & $0.00514847$ & $0.0304545$ \\
CHL3_11 & $-0.00225064$ & $0.0609199$ & $-0.04662$ & $0.0143768$ & $0.0172241$ & $-0.266837$ & $0.0976822$ & $-0.230567$ & $-0.234179$ & $0.414443$ & $-0.213666$ & $-0.204871$ & $-0.357242$ & $0.667373$ & $0.15908$ & $0.201749$ & $1$ & $0.735183$ & $0.726521$ & $0.236926$ & $0.179899$ & $0.174499$ & $-0.0844455$ & $0.67616$ & $0.781373$ & $-0.108504$ & $-0.186883$ & $0.0677893$ & $-0.00113451$ & $-0.0976081$ & $-0.00185083$ & $0.0759988$ & $-0.074638$ & $-0.238765$ & $-0.0530928$ & $0.00174573$ & $0.0650868$ & $-0.0306091$ & $0.0172948$ & $-0.00984882$ & $0.0416584$ & $-0.0140907$ & $0.0346036$ & $-0.00370576$ & $0.0320515$ & $0.0216202$ & $-0.0183334$ & $0.0107926$ & $0.0405576$ \\
CHL3_22 & $-0.0177529$ & $0.0486098$ & $-0.0604987$ & $0.00515294$ & $-0.0044246$ & $-0.0518474$ & $0.118589$ & $-0.43378$ & $-0.436487$ & $0.47791$ & $0.0773958$ & $-0.164693$ & $-0.389082$ & $0.592376$ & $-0.460657$ & $-0.00980034$ & $0.735183$ & $1$ & $0.675296$ & $-0.0786646$ & $-0.0740855$ & $-0.0700406$ & $0.012823$ & $0.629683$ & $0.803138$ & $0.0299635$ & $-0.0312423$ & $-0.0100663$ & $-0.00309364$ & $-0.124965$ & $-0.0185396$ & $0.0969569$ & $-0.111798$ & $0.041334$ & $-0.0303301$ & $0.0231724$ & $0.021178$ & $0.0127679$ & $-0.0203077$ & $0.0276962$ & $-0.0064745$ & $-0.0166222$ & $-0.000408059$ & $0.0452842$ & $0.0395511$ & $0.0183935$ & $0.0173989$ & $0.00513732$ & $0.0156818$ \\
CHL3_33 & $-0.0106485$ & $0.0349209$ & $-0.0569438$ & $-0.0306197$ & $0.014099$ & $-0.0508603$ & $0.132828$ & $-0.437189$ & $-0.434148$ & $0.487659$ & $0.0834705$ & $-0.141602$ & $-0.375501$ & $0.591253$ & $-0.0461825$ & $-0.410796$ & $0.726521$ & $0.675296$ & $1$ & $-0.0837631$ & $-0.0797866$ & $-0.0738879$ & $-0.00843909$ & $0.623846$ & $0.786982$ & $0.0449483$ & $-0.0534691$ & $-0.0161734$ & $-0.0235924$ & $-0.114632$ & $-0.0237814$ & $0.11056$ & $-0.11041$ & $-0.340727$ & $-0.0122865$ & $0.0131023$ & $0.030016$ & $-0.0632982$ & $-0.030782$ & $-0.00100876$ & $0.00295042$ & $-0.00868968$ & $0.0215794$ & $0.0314002$ & $-0.00998758$ & $0.00484593$ & $0.0314588$ & $0.00967516$ & $0.0219393$ \\
CHe_11 & $0.0888013$ & $-0.0441474$ & $0.0191922$ & $0.0261399$ & $0.0197479$ & $-0.184431$ & $-0.0583455$ & $0.858244$ & $0.843894$ & $-0.376861$ & $-0.991103$ & $-0.21831$ & $0.177993$ & $0.533157$ & $0.489292$ & $0.491517$ & $0.236926$ & $-0.0786646$ & $-0.0837631$ & $1$ & $0.974847$ & $0.955424$ & $0.00387821$ & $-0.284316$ & $-0.0230575$ & $-0.565346$ & $0.245224$ & $0.334156$ & $0.00164439$ & $0.0620187$ & $0.0463775$ & $-0.0558463$ & $0.0860953$ & $0.311333$ & $0.0169999$ & $-0.0833262$ & $-0.0159549$ & $0.0405599$ & $0.0660328$ & $-0.00162996$ & $0.0286574$ & $-0.00764642$ & $-0.00649083$ & $-0.0449868$ & $-0.0142273$ & $-0.00736289$ & $-0.0327816$ & $0.00143795$ & $-0.016531$ \\
CHe_22 & $0.0962137$ & $-0.0712111$ & $0.0151622$ & $0.012396$ & $0.021108$ & $-0.18831$ & $-0.0551871$ & $0.902939$ & $0.887779$ & $-0.407225$ & $-0.992223$ & $-0.240089$ & $0.195301$ & $0.477275$ & $0.348911$ & $0.352627$ & $0.179899$ & $-0.0740855$ & $-0.0797866$ & $0.974847$ & $1$ & $0.976263$ & $0.0576695$ & $-0.388005$ & $-0.0372103$ & $-0.578436$ & $0.394709$ & $0.348393$ & $-0.000424887$ & $0.0648651$ & $0.0429504$ & $-0.0560844$ & $0.0822092$ & $0.467716$ & $0.0194138$ & $-0.0933453$ & $-0.0315492$ & $0.0394657$ & $0.0476353$ & $0.013717$ & $0.0176884$ & $-0.00576641$ & $-0.018841$ & $-0.0383915$ & $-0.0232588$ & $-0.00949494$ & $-0.0178662$ & $0.00737354$ & $-0.0253412$ \\
CHe_33 & $0.0907127$ & $-0.0681293$ & $0.0102658$ & $0.00554289$ & $0.0191931$ & $-0.182139$ & $-0.05322$ & $0.885218$ & $0.870095$ & $-0.403885$ & $-0.971828$ & $-0.238913$ & $0.192268$ & $0.465058$ & $0.338992$ & $0.367833$ & $0.174499$ & $-0.0700406$ & $-0.0738879$ & $0.955424$ & $0.976263$ & $1$ & $0.057363$ & $-0.381679$ & $-0.0364018$ & $-0.565861$ & $0.387038$ & $0.344035$ & $0.000648241$ & $0.0615863$ & $0.0405638$ & $-0.0532117$ & $0.0833341$ & $0.463599$ & $0.0194212$ & $-0.0842353$ & $-0.0335326$ & $0.0377332$ & $0.045687$ & $0.0181433$ & $0.0124494$ & $-0.00908274$ & $-0.017125$ & $-0.037$ & $-0.0225627$ & $-0.00559723$ & $-0.016129$ & $0.00886178$ & $-0.0193629$ \\
CHQ1_11 & $0.0306437$ & $-0.0398126$ & $-0.0777193$ & $-0.066647$ & $-0.00129778$ & $0.00210811$ & $-0.00317509$ & $0.0882292$ & $0.0846094$ & $-0.0687982$ & $-0.0298826$ & $-0.0155225$ & $0.0639234$ & $-0.078367$ & $-0.193055$ & $-0.170594$ & $-0.0844455$ & $0.012823$ & $-0.00843909$ & $0.00387821$ & $0.0576695$ & $0.057363$ & $1$ & $-0.154841$ & $0.0649646$ & $-0.682975$ & $0.357823$ & $0.0462071$ & $0.00142044$ & $0.00970232$ & $-0.000580034$ & $-0.0107385$ & $0.017703$ & $0.236504$ & $0.0296347$ & $-0.0253902$ & $-0.0093832$ & $0.0248905$ & $-0.000125819$ & $0.0334306$ & $-0.0321864$ & $0.00949126$ & $-0.0727944$ & $0.0658841$ & $-0.0335626$ & $0.00991828$ & $0.0365364$ & $0.0499254$ & $0.0245167$ \\
CHQ1_33 & $-0.0852028$ & $0.111028$ & $-0.0312029$ & $-0.0019054$ & $-0.000247623$ & $-0.00952159$ & $0.121267$ & $-0.687347$ & $-0.68238$ & $0.560964$ & $0.336352$ & $-0.0257054$ & $-0.409469$ & $0.449132$ & $0.0723851$ & $0.107603$ & $0.67616$ & $0.629683$ & $0.623846$ & $-0.284316$ & $-0.388005$ & $-0.381679$ & $-0.154841$ & $1$ & $0.651931$ & $0.225317$ & $-0.45144$ & $-0.034845$ & $0.00592524$ & $-0.110101$ & $-0.0174491$ & $0.104794$ & $-0.100562$ & $-0.621733$ & $-0.0335191$ & $0.039547$ & $0.0814284$ & $-0.0277652$ & $-0.0143711$ & $-0.0326665$ & $0.0182515$ & $0.00205783$ & $0.038097$ & $0.0300456$ & $0.0491163$ & $0.0047439$ & $-0.0280971$ & $0.00315598$ & $0.0490853$ \\
CHQ3_11 & $-0.0812805$ & $0.0286525$ & $-0.0385909$ & $-0.0235246$ & $0.00765052$ & $-0.0946886$ & $0.135003$ & $-0.400125$ & $-0.400259$ & $0.481682$ & $0.0301301$ & $-0.144838$ & $-0.385086$ & $0.593725$ & $-0.152921$ & $-0.0955971$ & $0.781373$ & $0.803138$ & $0.786982$ & $-0.0230575$ & $-0.0372103$ & $-0.0364018$ & $0.0649646$ & $0.651931$ & $1$ & $0.0146082$ & $0.161574$ & $0.0173179$ & $-0.0147565$ & $-0.106003$ & $-0.022904$ & $0.111906$ & $-0.0944659$ & $-0.183715$ & $-0.0352645$ & $-0.0221564$ & $0.0275067$ & $-0.000604302$ & $-0.0501403$ & $0.0233632$ & $0.014942$ & $-0.00791219$ & $-0.0176132$ & $0.0487751$ & $0.0350376$ & $0.0116237$ & $0.0257197$ & $0.0180062$ & $0.0298022$ \\
CHu_11 & $-0.0802508$ & $0.0420088$ & $0.0530712$ & $0.0203394$ & $-0.0124172$ & $0.106073$ & $0.0348991$ & $-0.521852$ & $-0.508229$ & $0.242369$ & $0.575866$ & $0.143684$ & $-0.124031$ & $-0.280199$ & $-0.191735$ & $-0.203149$ & $-0.108504$ & $0.0299635$ & $0.0449483$ & $-0.565346$ & $-0.578436$ & $-0.565861$ & $-0.682975$ & $0.225317$ & $0.0146082$ & $1$ & $-0.206675$ & $-0.215015$ & $0.00445596$ & $-0.0219226$ & $-0.0228229$ & $0.0389216$ & $-0.0465658$ & $-0.280514$ & $-0.0323723$ & $0.0512349$ & $0.00120754$ & $-0.03164$ & $-0.0651133$ & $-0.0168478$ & $-0.00967016$ & $0.00728325$ & $0.0468972$ & $-0.00212361$ & $0.0433397$ & $-0.0182634$ & $0.0110127$ & $-0.0287144$ & $-0.0103087$ \\
CHd_11 & $0.0657877$ & $-0.164254$ & $-0.00347479$ & $-0.0461147$ & $0.00309667$ & $-0.0731069$ & $-0.00429576$ & $0.460793$ & $0.453631$ & $-0.258449$ & $-0.319542$ & $-0.09518$ & $0.15891$ & $-0.109486$ & $-0.383385$ & $-0.357871$ & $-0.186883$ & $-0.0312423$ & $-0.0534691$ & $0.245224$ & $0.394709$ & $0.387038$ & $0.357823$ & $-0.45144$ & $0.161574$ & $-0.206675$ & $1$ & $0.173363$ & $-0.00800344$ & $0.0460237$ & $0.00683579$ & $-0.0108078$ & $0.0316962$ & $0.711706$ & $0.0367051$ & $-0.0942928$ & $-0.0993015$ & $0.0327958$ & $-0.0727012$ & $0.0790981$ & $-0.0311015$ & $0.00640791$ & $-0.0914844$ & $0.0406953$ & $-0.0368164$ & $-0.0150438$ & $0.0824975$ & $0.0289818$ & $-0.0445456$ \\
CHd_33 & $0.0619202$ & $-0.0241907$ & $0.00662622$ & $-0.032014$ & $-0.00651501$ & $-0.0953591$ & $-0.00191326$ & $0.312692$ & $0.307885$ & $-0.130575$ & $-0.342273$ & $-0.0722094$ & $0.0731139$ & $0.160731$ & $0.094164$ & $0.100382$ & $0.0677893$ & $-0.0100663$ & $-0.0161734$ & $0.334156$ & $0.348393$ & $0.344035$ & $0.0462071$ & $-0.034845$ & $0.0173179$ & $-0.215015$ & $0.173363$ & $1$ & $-0.0127572$ & $0.0100045$ & $0.00787682$ & $-0.00806949$ & $0.0196753$ & $0.187909$ & $0.0320264$ & $-0.0104448$ & $-0.0345723$ & $0.034045$ & $-0.0217318$ & $-0.0153401$ & $-0.0183544$ & $0.0112819$ & $0.0176455$ & $-0.00250856$ & $-0.0132958$ & $-0.0457332$ & $-0.0116751$ & $-0.0217255$ & $0.00706312$ \\
CeH_22r & $-0.0102019$ & $0.0177861$ & $-0.0376378$ & $-0.00731126$ & $-0.00898414$ & $0.0242165$ & $-0.00256789$ & $0.00188038$ & $0.00706179$ & $-0.0119274$ & $0.000129041$ & $0.0203274$ & $0.0450173$ & $-0.0148846$ & $-0.00189846$ & $0.0263907$ & $-0.00113451$ & $-0.00309364$ & $-0.0235924$ & $0.00164439$ & $-0.000424887$ & $0.000648241$ & $0.00142044$ & $0.00592524$ & $-0.0147565$ & $0.00445596$ & $-0.00800344$ & $-0.0127572$ & $1$ & $0.0241289$ & $0.0141668$ & $-0.0196664$ & $0.0263095$ & $0.0062526$ & $-0.0196902$ & $-0.0154973$ & $0.00777053$ & $0.00775702$ & $0.0139282$ & $-0.0325645$ & $0.00438035$ & $-0.0483524$ & $-0.011414$ & $-0.00949904$ & $-0.0206386$ & $0.00417362$ & $0.00595359$ & $-0.00857263$ & $0.0235746$ \\
CeH_33r & $-0.0328663$ & $0.0535166$ & $0.0333966$ & $0.000388227$ & $0.0316926$ & $-0.0144204$ & $-0.173095$ & $0.108802$ & $0.130496$ & $-0.134139$ & $-0.0614697$ & $0.290453$ & $0.294003$ & $-0.0671451$ & $0.0513914$ & $0.0337683$ & $-0.0976081$ & $-0.124965$ & $-0.114632$ & $0.0620187$ & $0.0648651$ & $0.0615863$ & $0.00970232$ & $-0.110101$ & $-0.106003$ & $-0.0219226$ & $0.0460237$ & $0.0100045$ & $0.0241289$ & $1$ & $0.314222$ & $-0.0334244$ & $0.694201$ & $0.0482082$ & $-0.090683$ & $-0.0770278$ & $-0.0869372$ & $-0.00954552$ & $-0.0129038$ & $-0.0321244$ & $-0.0195141$ & $-0.017514$ & $0.0372685$ & $-0.0334404$ & $0.077773$ & $-0.0267772$ & $0.00296495$ & $0.0179208$ & $-0.0452584$ \\
CuH_22r & $-0.0160634$ & $0.0044328$ & $-0.0383518$ & $0.110986$ & $0.00136355$ & $-0.0215363$ & $-0.111059$ & $0.0458876$ & $0.0502088$ & $-0.049675$ & $-0.0450234$ & $0.0902696$ & $0.149229$ & $0.00563661$ & $0.0254765$ & $0.0305971$ & $-0.00185083$ & $-0.0185396$ & $-0.0237814$ & $0.0463775$ & $0.0429504$ & $0.0405638$ & $-0.000580034$ & $-0.0174491$ & $-0.022904$ & $-0.0228229$ & $0.00683579$ & $0.00787682$ & $0.0141668$ & $0.314222$ & $1$ & $-0.023303$ & $0.369002$ & $0.0194961$ & $0.0194213$ & $0.0230536$ & $-0.0701204$ & $0.0265538$ & $-0.0160733$ & $-0.00928822$ & $-0.0366561$ & $-0.0120231$ & $-0.0948629$ & $0.0562319$ & $0.0483948$ & $0.097243$ & $0.250311$ & $-0.0105098$ & $-0.0441139$ \\
CuH_33r & $-0.0410068$ & $-0.00110529$ & $0.0211014$ & $-0.00842206$ & $0.0146922$ & $-0.00336216$ & $0.93454$ & $-0.0947653$ & $-0.0572455$ & $0.110505$ & $0.0565741$ & $-0.0412359$ & $-0.29064$ & $0.0556614$ & $-0.035914$ & $-0.0464664$ & $0.0759988$ & $0.0969569$ & $0.11056$ & $-0.0558463$ & $-0.0560844$ & $-0.0532117$ & $-0.0107385$ & $0.104794$ & $0.111906$ & $0.0389216$ & $-0.0108078$ & $-0.00806949$ & $-0.0196664$ & $-0.0334244$ & $-0.023303$ & $1$ & $-0.0195434$ & $-0.052341$ & $-0.0273721$ & $-0.0130056$ & $0.0480507$ & $-0.0102875$ & $-0.00851793$ & $0.0238387$ & $-0.000713479$ & $0.0380574$ & $-0.00728951$ & $-0.00918072$ & $-0.0254311$ & $0.0501979$ & $-0.00689543$ & $-0.00284324$ & $-0.0128947$ \\
CdH_33r & $-0.0114988$ & $0.00917736$ & $-0.0359983$ & $0.00335497$ & $0.0125147$ & $-0.0211362$ & $-0.199714$ & $0.117529$ & $0.137998$ & $-0.146425$ & $-0.0834825$ & $0.343299$ & $0.355004$ & $-0.0411013$ & $0.0706212$ & $0.0677581$ & $-0.074638$ & $-0.111798$ & $-0.11041$ & $0.0860953$ & $0.0822092$ & $0.0833341$ & $0.017703$ & $-0.100562$ & $-0.0944659$ & $-0.0465658$ & $0.0316962$ & $0.0196753$ & $0.0263095$ & $0.694201$ & $0.369002$ & $-0.0195434$ & $1$ & $0.039119$ & $-0.0651817$ & $-0.0567726$ & $-0.0555981$ & $0.00422729$ & $0.0478674$ & $-0.0498332$ & $0.0416876$ & $-0.0136116$ & $-0.00182105$ & $-0.0199721$ & $0.155585$ & $0.0177715$ & $-0.0821214$ & $0.190843$ & $0.312303$ \\
CLL_1221 & $0.0575944$ & $-0.110608$ & $-0.00194362$ & $-0.0173223$ & $-0.0136333$ & $-0.11597$ & $-0.0497136$ & $0.571236$ & $0.559354$ & $-0.361968$ & $-0.38872$ & $-0.122501$ & $0.220105$ & $-0.187943$ & $-0.572468$ & $-0.093955$ & $-0.238765$ & $0.041334$ & $-0.340727$ & $0.311333$ & $0.467716$ & $0.463599$ & $0.236504$ & $-0.621733$ & $-0.183715$ & $-0.280514$ & $0.711706$ & $0.187909$ & $0.0062526$ & $0.0482082$ & $0.0194961$ & $-0.052341$ & $0.039119$ & $1$ & $0.0106578$ & $-0.0581771$ & $-0.0857399$ & $0.0519321$ & $-0.0403322$ & $0.0779361$ & $-0.0275218$ & $-0.0104211$ & $-0.0618815$ & $0.00670398$ & $-0.00505611$ & $0.000247932$ & $0.0486585$ & $0.00751299$ & $-0.0540225$ \\
eHggint & $0.191727$ & $-0.17991$ & $-0.140535$ & $0.0457874$ & $0.022344$ & $0.0532444$ & $-0.0929439$ & $0.036979$ & $0.00563376$ & $-0.00838888$ & $-0.0213863$ & $0.0508108$ & $0.0427645$ & $0.00650592$ & $0.000690306$ & $-0.0190136$ & $-0.0530928$ & $-0.0303301$ & $-0.0122865$ & $0.0169999$ & $0.0194138$ & $0.0194212$ & $0.0296347$ & $-0.0335191$ & $-0.0352645$ & $-0.0323723$ & $0.0367051$ & $0.0320264$ & $-0.0196902$ & $-0.090683$ & $0.0194213$ & $-0.0273721$ & $-0.0651817$ & $0.0106578$ & $1$ & $0.235385$ & $0.0285651$ & $0.0525092$ & $-0.175439$ & $-0.000787443$ & $-0.105982$ & $0.0161336$ & $-0.253272$ & $0.487465$ & $0.0121339$ & $-0.176839$ & $0.244184$ & $0.230672$ & $0.00884299$ \\
eHggpar & $0.125179$ & $-0.257962$ & $-0.192526$ & $0.0878137$ & $-0.0155882$ & $0.00488619$ & $-0.060512$ & $-0.0860242$ & $-0.102784$ & $0.0477588$ & $0.0848466$ & $0.0359726$ & $-0.00981738$ & $-0.0262561$ & $-0.0231454$ & $-0.00788876$ & $0.00174573$ & $0.0231724$ & $0.0131023$ & $-0.0833262$ & $-0.0933453$ & $-0.0842353$ & $-0.0253902$ & $0.039547$ & $-0.0221564$ & $0.0512349$ & $-0.0942928$ & $-0.0104448$ & $-0.0154973$ & $-0.0770278$ & $0.0230536$ & $-0.0130056$ & $-0.0567726$ & $-0.0581771$ & $0.235385$ & $1$ & $-0.120645$ & $0.0372078$ & $-0.255068$ & $-0.0360597$ & $0.125732$ & $0.0853118$ & $-0.049842$ & $0.197711$ & $-0.121407$ & $0.0621756$ & $0.155633$ & $-0.149681$ & $0.0535517$ \\
eHWWint & $-0.117419$ & $0.232635$ & $0.09703$ & $-0.248268$ & $-0.0673523$ & $-0.0300088$ & $0.0608718$ & $-0.0590211$ & $-0.0615915$ & $0.0366363$ & $0.0262947$ & $0.0111728$ & $-0.0362497$ & $0.0293603$ & $0.0579463$ & $0.0531526$ & $0.0650868$ & $0.021178$ & $0.030016$ & $-0.0159549$ & $-0.0315492$ & $-0.0335326$ & $-0.0093832$ & $0.0814284$ & $0.0275067$ & $0.00120754$ & $-0.0993015$ & $-0.0345723$ & $0.00777053$ & $-0.0869372$ & $-0.0701204$ & $0.0480507$ & $-0.0555981$ & $-0.0857399$ & $0.0285651$ & $-0.120645$ & $1$ & $0.0149124$ & $0.0794732$ & $-0.0557091$ & $-0.0239549$ & $0.0422672$ & $-0.0239486$ & $-0.0541669$ & $-0.045338$ & $-0.00892738$ & $-0.13424$ & $0.165317$ & $0.0514069$ \\
eHWWpar & $-0.0541355$ & $-0.00810177$ & $0.00756367$ & $-0.0297365$ & $0.00127821$ & $0.0386009$ & $-0.0089493$ & $0.0463355$ & $0.0457713$ & $-0.015864$ & $-0.040899$ & $0.0150937$ & $0.0311543$ & $0.0278315$ & $-0.0243235$ & $0.0675696$ & $-0.0306091$ & $0.0127679$ & $-0.0632982$ & $0.0405599$ & $0.0394657$ & $0.0377332$ & $0.0248905$ & $-0.0277652$ & $-0.000604302$ & $-0.03164$ & $0.0327958$ & $0.034045$ & $0.00775702$ & $-0.00954552$ & $0.0265538$ & $-0.0102875$ & $0.00422729$ & $0.0519321$ & $0.0525092$ & $0.0372078$ & $0.0149124$ & $1$ & $-0.0148231$ & $0.00987942$ & $0.0346113$ & $0.0312576$ & $-0.0713395$ & $0.0416489$ & $0.0198131$ & $0.00768504$ & $-0.0175826$ & $0.0101676$ & $0.0338704$ \\
eHZZint & $0.31894$ & $0.224989$ & $-0.0977867$ & $0.0285949$ & $0.00660245$ & $0.0338399$ & $0.00522468$ & $0.0350028$ & $0.0415252$ & $-0.00568326$ & $-0.0571471$ & $0.0104004$ & $-0.00401908$ & $0.0489667$ & $0.0859326$ & $0.0957242$ & $0.0172948$ & $-0.0203077$ & $-0.030782$ & $0.0660328$ & $0.0476353$ & $0.045687$ & $-0.000125819$ & $-0.0143711$ & $-0.0501403$ & $-0.0651133$ & $-0.0727012$ & $-0.0217318$ & $0.0139282$ & $-0.0129038$ & $-0.0160733$ & $-0.00851793$ & $0.0478674$ & $-0.0403322$ & $-0.175439$ & $-0.255068$ & $0.0794732$ & $-0.0148231$ & $1$ & $-0.163594$ & $0.0515348$ & $-0.0123632$ & $0.0269869$ & $-0.0210063$ & $-0.221341$ & $0.0323808$ & $-0.139268$ & $-0.071508$ & $0.0868314$ \\
eHZZpar & $-0.0406667$ & $-0.125196$ & $0.0481963$ & $-0.0232432$ & $-0.0331565$ & $-0.000980146$ & $0.0175485$ & $0.0200109$ & $0.0173125$ & $-0.00202826$ & $-0.0083541$ & $-0.0394265$ & $-0.0102346$ & $-0.0159846$ & $-0.0740765$ & $-0.0346321$ & $-0.00984882$ & $0.0276962$ & $-0.00100876$ & $-0.00162996$ & $0.013717$ & $0.0181433$ & $0.0334306$ & $-0.0326665$ & $0.0233632$ & $-0.0168478$ & $0.0790981$ & $-0.0153401$ & $-0.0325645$ & $-0.0321244$ & $-0.00928822$ & $0.0238387$ & $-0.0498332$ & $0.0779361$ & $-0.000787443$ & $-0.0360597$ & $-0.0557091$ & $0.00987942$ & $-0.163594$ & $1$ & $-0.0380276$ & $-0.02084$ & $0.0880142$ & $-0.0499376$ & $0.039981$ & $-0.129576$ & $-0.0195822$ & $-0.0465432$ & $-0.0397852$ \\
eHZgaint & $-0.0763953$ & $0.0893448$ & $-0.246927$ & $0.142602$ & $-0.0592272$ & $-0.0783489$ & $0.00513367$ & $0.00531839$ & $-0.001891$ & $-0.00670495$ & $-0.0225874$ & $-0.00160666$ & $0.0246297$ & $0.00412693$ & $0.0511438$ & $0.0364133$ & $0.0416584$ & $-0.0064745$ & $0.00295042$ & $0.0286574$ & $0.0176884$ & $0.0124494$ & $-0.0321864$ & $0.0182515$ & $0.014942$ & $-0.00967016$ & $-0.0311015$ & $-0.0183544$ & $0.00438035$ & $-0.0195141$ & $-0.0366561$ & $-0.000713479$ & $0.0416876$ & $-0.0275218$ & $-0.105982$ & $0.125732$ & $-0.0239549$ & $0.0346113$ & $0.0515348$ & $-0.0380276$ & $1$ & $0.0171882$ & $-0.165668$ & $0.00609206$ & $0.0138744$ & $0.0817231$ & $-0.0807645$ & $-0.205294$ & $0.214987$ \\
eHZgapar & $0.0106469$ & $-0.0400142$ & $-0.0864558$ & $-0.0347378$ & $0.00280675$ & $-0.0105066$ & $0.046639$ & $0.000418159$ & $-0.000102543$ & $-0.01102$ & $0.00483837$ & $-0.000433581$ & $0.0033484$ & $-0.00553608$ & $0.00976163$ & $-2.1144e-05$ & $-0.0140907$ & $-0.0166222$ & $-0.00868968$ & $-0.00764642$ & $-0.00576641$ & $-0.00908274$ & $0.00949126$ & $0.00205783$ & $-0.00791219$ & $0.00728325$ & $0.00640791$ & $0.0112819$ & $-0.0483524$ & $-0.017514$ & $-0.0120231$ & $0.0380574$ & $-0.0136116$ & $-0.0104211$ & $0.0161336$ & $0.0853118$ & $0.0422672$ & $0.0312576$ & $-0.0123632$ & $-0.02084$ & $0.0171882$ & $1$ & $0.0174537$ & $0.0592067$ & $-0.0339619$ & $0.04962$ & $0.0214474$ & $0.0125355$ & $0.0516074$ \\
eHgagaint & $0.0205863$ & $0.060701$ & $0.193712$ & $-0.223099$ & $0.00361776$ & $-0.0205961$ & $0.00851133$ & $-0.0305468$ & $0.013302$ & $-0.00539326$ & $0.0136699$ & $-0.0390839$ & $-0.0167637$ & $0.0143808$ & $0.050169$ & $0.0183358$ & $0.0346036$ & $-0.000408059$ & $0.0215794$ & $-0.00649083$ & $-0.018841$ & $-0.017125$ & $-0.0727944$ & $0.038097$ & $-0.0176132$ & $0.0468972$ & $-0.0914844$ & $0.0176455$ & $-0.011414$ & $0.0372685$ & $-0.0948629$ & $-0.00728951$ & $-0.00182105$ & $-0.0618815$ & $-0.253272$ & $-0.049842$ & $-0.0239486$ & $-0.0713395$ & $0.0269869$ & $0.0880142$ & $-0.165668$ & $0.0174537$ & $1$ & $-0.31646$ & $-0.147684$ & $-0.106203$ & $-0.366259$ & $-0.0897208$ & $0.000519137$ \\
eHmumuint & $-0.0401499$ & $-0.216969$ & $-0.174843$ & $0.0231231$ & $0.0149237$ & $0.0192119$ & $-0.0431856$ & $-0.039565$ & $-0.0630965$ & $0.0830084$ & $0.0397127$ & $0.0723938$ & $-0.0126728$ & $0.00549433$ & $-0.0616653$ & $-0.0397698$ & $-0.00370576$ & $0.0452842$ & $0.0314002$ & $-0.0449868$ & $-0.0383915$ & $-0.037$ & $0.0658841$ & $0.0300456$ & $0.0487751$ & $-0.00212361$ & $0.0406953$ & $-0.00250856$ & $-0.00949904$ & $-0.0334404$ & $0.0562319$ & $-0.00918072$ & $-0.0199721$ & $0.00670398$ & $0.487465$ & $0.197711$ & $-0.0541669$ & $0.0416489$ & $-0.0210063$ & $-0.0499376$ & $0.00609206$ & $0.0592067$ & $-0.31646$ & $1$ & $0.0951556$ & $-0.200569$ & $0.204701$ & $0.220252$ & $0.00836365$ \\
eHtautauint & $-0.274723$ & $0.0408341$ & $0.0677067$ & $0.0186566$ & $-0.00812347$ & $0.000831024$ & $-0.0145391$ & $-0.0325543$ & $-0.0338108$ & $0.0159689$ & $0.0214672$ & $0.0267113$ & $0.00910415$ & $0.00394342$ & $-0.0130001$ & $0.0436086$ & $0.0320515$ & $0.0395511$ & $-0.00998758$ & $-0.0142273$ & $-0.0232588$ & $-0.0225627$ & $-0.0335626$ & $0.0491163$ & $0.0350376$ & $0.0433397$ & $-0.0368164$ & $-0.0132958$ & $-0.0206386$ & $0.077773$ & $0.0483948$ & $-0.0254311$ & $0.155585$ & $-0.00505611$ & $0.0121339$ & $-0.121407$ & $-0.045338$ & $0.0198131$ & $-0.221341$ & $0.039981$ & $0.0138744$ & $-0.0339619$ & $-0.147684$ & $0.0951556$ & $1$ & $-0.198093$ & $-0.00103217$ & $0.196212$ & $0.264446$ \\
eHccint & $0.00987878$ & $0.149706$ & $-0.120644$ & $-0.00468338$ & $-0.030213$ & $-0.00923082$ & $0.0437344$ & $-0.0177523$ & $-0.0222608$ & $-0.00555594$ & $0.00816489$ & $-0.0364811$ & $-0.0160966$ & $-0.00284333$ & $-0.00704595$ & $0.0162779$ & $0.0216202$ & $0.0183935$ & $0.00484593$ & $-0.00736289$ & $-0.00949494$ & $-0.00559723$ & $0.00991828$ & $0.0047439$ & $0.0116237$ & $-0.0182634$ & $-0.0150438$ & $-0.0457332$ & $0.00417362$ & $-0.0267772$ & $0.097243$ & $0.0501979$ & $0.0177715$ & $0.000247932$ & $-0.176839$ & $0.0621756$ & $-0.00892738$ & $0.00768504$ & $0.0323808$ & $-0.129576$ & $0.0817231$ & $0.04962$ & $-0.106203$ & $-0.200569$ & $-0.198093$ & $1$ & $0.0247371$ & $-0.144556$ & $0.0689945$ \\
eHccpar & $0.0603288$ & $-0.0462382$ & $-0.177082$ & $0.252159$ & $-0.0337138$ & $0.0243486$ & $-0.0346836$ & $-0.0108345$ & $-0.0343237$ & $0.0106355$ & $0.024288$ & $0.000802419$ & $0.0139564$ & $-0.0322707$ & $-0.0713263$ & $-0.0875773$ & $-0.0183334$ & $0.0173989$ & $0.0314588$ & $-0.0327816$ & $-0.0178662$ & $-0.016129$ & $0.0365364$ & $-0.0280971$ & $0.0257197$ & $0.0110127$ & $0.0824975$ & $-0.0116751$ & $0.00595359$ & $0.00296495$ & $0.250311$ & $-0.00689543$ & $-0.0821214$ & $0.0486585$ & $0.244184$ & $0.155633$ & $-0.13424$ & $-0.0175826$ & $-0.139268$ & $-0.0195822$ & $-0.0807645$ & $0.0214474$ & $-0.366259$ & $0.204701$ & $-0.00103217$ & $0.0247371$ & $1$ & $-0.0529719$ & $-0.170836$ \\
eHbbint & $0.0284901$ & $0.0196387$ & $-0.0794047$ & $-0.0115867$ & $-0.00051132$ & $0.00149615$ & $-0.00540792$ & $0.00358226$ & $-0.000215262$ & $0.0333273$ & $-0.00647401$ & $0.0482163$ & $0.00545362$ & $0.0105345$ & $0.000124388$ & $0.00514847$ & $0.0107926$ & $0.00513732$ & $0.00967516$ & $0.00143795$ & $0.00737354$ & $0.00886178$ & $0.0499254$ & $0.00315598$ & $0.0180062$ & $-0.0287144$ & $0.0289818$ & $-0.0217255$ & $-0.00857263$ & $0.0179208$ & $-0.0105098$ & $-0.00284324$ & $0.190843$ & $0.00751299$ & $0.230672$ & $-0.149681$ & $0.165317$ & $0.0101676$ & $-0.071508$ & $-0.0465432$ & $-0.205294$ & $0.0125355$ & $-0.0897208$ & $0.220252$ & $0.196212$ & $-0.144556$ & $-0.0529719$ & $1$ & $0.214275$ \\
eHbbpar & $-0.0236914$ & $-0.00828592$ & $-0.219783$ & $-0.123399$ & $-0.0113982$ & $-0.00811546$ & $0.000588185$ & $-0.038444$ & $-0.0430764$ & $0.00774772$ & $0.0193431$ & $-0.0230729$ & $-0.0125744$ & $0.0184819$ & $0.0316653$ & $0.0304545$ & $0.0405576$ & $0.0156818$ & $0.0219393$ & $-0.016531$ & $-0.0253412$ & $-0.0193629$ & $0.0245167$ & $0.0490853$ & $0.0298022$ & $-0.0103087$ & $-0.0445456$ & $0.00706312$ & $0.0235746$ & $-0.0452584$ & $-0.0441139$ & $-0.0128947$ & $0.312303$ & $-0.0540225$ & $0.00884299$ & $0.0535517$ & $0.0514069$ & $0.0338704$ & $0.0868314$ & $-0.0397852$ & $0.214987$ & $0.0516074$ & $0.000519137$ & $0.00836365$ & $0.264446$ & $0.0689945$ & $-0.170836$ & $0.214275$ & $1$ \\
