 & AlsMz & dAle5Mz & mtop & mHl & Mz & CW & CHG & CHWB & CHWHB_gaga & CHWHB_gagaorth & CHD & CHbox & CH & CHL1_11 & CHL1_22 & CHL1_33 & CHL3_11 & CHL3_22 & CHL3_33 & CHe_11 & CHe_22 & CHe_33 & CHQ1_11 & CHQ1_33 & CHQ3_11 & CHu_11 & CHd_11 & CHd_33 & CeH_22r & CeH_33r & CuH_22r & CuH_33r & CdH_33r & CLL_1221 & eHggint & eHggpar & eHWWint & eHWWpar & eHZZint & eHZZpar & eHZgaint & eHZgapar & eHgagaint & eHmumuint & eHtautauint & eHccint & eHccpar & eHbbint & eHbbpar \\
AlsMz & $1$ & $-0.0607842$ & $0.0636264$ & $-0.165$ & $-0.00839687$ & $-0.000525913$ & $0.00440577$ & $0.00495677$ & $-0.00208778$ & $-0.0119277$ & $-0.00671982$ & $-0.0116031$ & $0.00374978$ & $-0.00199306$ & $0.00563779$ & $0.00438435$ & $-0.00671969$ & $-0.00841284$ & $-0.00935757$ & $0.000997527$ & $-0.000136661$ & $-0.00285752$ & $-0.0150857$ & $-0.0521646$ & $-0.0859234$ & $-0.0217497$ & $-0.0331307$ & $0.00755547$ & $-0.00280933$ & $0.00845269$ & $0.0020608$ & $0.00169917$ & $-0.0457643$ & $-0.00452293$ & $0.0298201$ & $-0.26527$ & $-0.0145555$ & $0.0142261$ & $0.0300883$ & $-0.0115595$ & $0.0710502$ & $-0.0109565$ & $-0.180287$ & $-0.199184$ & $-0.167035$ & $-0.050588$ & $0.0100803$ & $-0.0451284$ & $-0.175424$ \\
dAle5Mz & $-0.0607842$ & $1$ & $-0.0226685$ & $0.0698889$ & $0.00593669$ & $0.0129014$ & $0.0615867$ & $-0.0387696$ & $-0.0442372$ & $0.0325809$ & $0.0354093$ & $0.0738117$ & $-0.0682168$ & $-0.0245477$ & $-0.00952887$ & $-0.00778365$ & $-0.00533462$ & $-0.00618398$ & $-0.00652626$ & $-0.0233262$ & $-0.0239775$ & $-0.0229135$ & $-0.00513836$ & $0.00773671$ & $-0.00647848$ & $0.0174018$ & $-0.0145748$ & $-0.00837709$ & $-0.0146452$ & $-0.0609674$ & $-0.0223413$ & $0.0478411$ & $-0.0965448$ & $0.0104271$ & $-0.216868$ & $0.195813$ & $0.223724$ & $-0.0150572$ & $-0.164097$ & $-0.0166015$ & $-0.191875$ & $0.0346712$ & $-0.130918$ & $-0.0221279$ & $-0.0260986$ & $-0.181197$ & $0.109705$ & $0.169049$ & $-0.133119$ \\
mtop & $0.0636264$ & $-0.0226685$ & $1$ & $-0.02979$ & $-0.000616692$ & $-0.00479471$ & $-0.0799342$ & $-0.00390716$ & $-0.00897424$ & $-0.0174062$ & $-1.56323e-05$ & $-0.0759328$ & $0.0895488$ & $0.0103075$ & $-0.0066047$ & $-0.00562718$ & $0.0196596$ & $0.018926$ & $0.0196709$ & $0.00238232$ & $0.0044366$ & $0.00458577$ & $0.00337239$ & $0.00674397$ & $0.0183905$ & $-0.00511097$ & $0.0107967$ & $-0.00580114$ & $0.00263354$ & $0.0728341$ & $0.0343829$ & $-0.0680433$ & $0.0495291$ & $0.00556748$ & $0.0775189$ & $-0.122198$ & $-0.108525$ & $0.0139535$ & $0.0852874$ & $0.0241643$ & $0.0843601$ & $0.025547$ & $-0.143358$ & $0.0429405$ & $-0.107421$ & $-0.0510544$ & $-0.0897596$ & $-0.0510192$ & $-0.0942963$ \\
mHl & $-0.165$ & $0.0698889$ & $-0.02979$ & $1$ & $0.0028025$ & $-0.0155722$ & $-0.0307363$ & $-0.00745438$ & $-0.0235905$ & $0.0165768$ & $0.00933635$ & $0.0318295$ & $0.0172763$ & $-0.00812902$ & $-0.00484361$ & $-0.0184744$ & $0.00223559$ & $-0.00129798$ & $0.00596579$ & $-0.00927603$ & $-0.0066123$ & $-0.008134$ & $0.00776884$ & $0.00924294$ & $0.00969737$ & $-0.00224135$ & $0.0027988$ & $-0.0126942$ & $0.00558668$ & $0.0143146$ & $0.0214524$ & $-0.0229816$ & $0.042684$ & $0.00427649$ & $0.134991$ & $0.00252196$ & $0.0503987$ & $-0.00796773$ & $0.0207115$ & $-0.0136504$ & $0.00726488$ & $0.0036065$ & $-0.309304$ & $0.0652347$ & $0.127019$ & $-0.180405$ & $0.126746$ & $-0.0451423$ & $0.123175$ \\
Mz & $-0.00839687$ & $0.00593669$ & $-0.000616692$ & $0.0028025$ & $1$ & $-0.00366848$ & $-0.00348832$ & $-0.000772845$ & $-0.00178777$ & $-0.00730716$ & $0.00864286$ & $0.00665553$ & $-0.00709048$ & $-0.00559825$ & $-0.0104182$ & $-0.00768449$ & $-0.00555365$ & $-0.00144637$ & $-0.00396761$ & $-0.00514419$ & $-0.00244013$ & $-0.0032674$ & $0.0124493$ & $-0.0069644$ & $-0.00255738$ & $-0.00677636$ & $0.00774816$ & $-0.00297687$ & $0.00281003$ & $-0.00647776$ & $-0.00266481$ & $-0.00418299$ & $-0.00216196$ & $0.0080336$ & $0.000244546$ & $0.0116508$ & $-0.00228104$ & $-0.00966949$ & $-0.00257411$ & $-0.0066829$ & $-0.0112598$ & $0.00675028$ & $0.000765639$ & $0.00294171$ & $-0.00108561$ & $0.00753546$ & $0.00324236$ & $0.00646674$ & $0.00477524$ \\
CW & $-0.000525913$ & $0.0129014$ & $-0.00479471$ & $-0.0155722$ & $-0.00366848$ & $1$ & $0.0394855$ & $-0.0441331$ & $-0.0423761$ & $0.020801$ & $0.152063$ & $0.0732937$ & $-0.0442446$ & $-0.0308573$ & $-0.0770422$ & $-0.0708002$ & $-0.363868$ & $-0.167659$ & $-0.17136$ & $-0.148704$ & $-0.155846$ & $-0.154219$ & $-0.0207303$ & $-0.115172$ & $-0.205881$ & $0.121333$ & $-0.0680993$ & $-0.0726138$ & $-0.00370502$ & $-0.0346342$ & $-0.0180636$ & $0.0425277$ & $-0.039821$ & $-0.105137$ & $-0.00232309$ & $0.000578969$ & $0.0155207$ & $-0.00808469$ & $-0.00219386$ & $-0.000239034$ & $0.0158319$ & $-0.0121209$ & $0.00194653$ & $-0.000480361$ & $-0.00986152$ & $-0.00448449$ & $0.00774866$ & $-0.0109264$ & $-0.000746676$ \\
CHG & $0.00440577$ & $0.0615867$ & $-0.0799342$ & $-0.0307363$ & $-0.00348832$ & $0.0394855$ & $1$ & $-0.0417207$ & $-0.0230409$ & $0.197939$ & $0.0999439$ & $0.388412$ & $-0.772242$ & $-0.127048$ & $-0.0459023$ & $-0.0403008$ & $-0.119124$ & $-0.0962305$ & $-0.0988284$ & $-0.0980353$ & $-0.0982573$ & $-0.0956262$ & $-0.0128554$ & $-0.0664946$ & $-0.104897$ & $0.0792857$ & $-0.0285919$ & $-0.0377095$ & $-0.134766$ & $-0.577069$ & $-0.363585$ & $0.955487$ & $-0.605107$ & $-0.00452405$ & $-0.0606292$ & $-0.0114803$ & $-0.00284193$ & $-0.00187966$ & $-0.0132336$ & $0.00956165$ & $0.0222945$ & $-0.00212227$ & $-0.0342363$ & $0.00431005$ & $0.029425$ & $-0.0315758$ & $0.0290282$ & $-0.0225201$ & $0.0107867$ \\
CHWB & $0.00495677$ & $-0.0387696$ & $-0.00390716$ & $-0.00745438$ & $-0.000772845$ & $-0.0441331$ & $-0.0417207$ & $1$ & $0.990045$ & $-0.55273$ & $-0.872403$ & $-0.192719$ & $0.0454687$ & $0.272908$ & $0.461497$ & $0.449866$ & $-0.217745$ & $-0.401568$ & $-0.39685$ & $0.856223$ & $0.885937$ & $0.878006$ & $0.0350202$ & $-0.626856$ & $-0.367767$ & $-0.607692$ & $0.396297$ & $0.389965$ & $0.0040736$ & $0.0448143$ & $0.0410081$ & $-0.048907$ & $0.038915$ & $0.524972$ & $-0.0304578$ & $0.0275378$ & $-0.00741526$ & $-0.00850174$ & $0.0141474$ & $0.00218084$ & $-0.0037206$ & $0.00041731$ & $0.0239679$ & $-0.00146089$ & $0.0221692$ & $0.0290719$ & $0.0143937$ & $-0.00370579$ & $-0.0253366$ \\
CHWHB_gaga & $-0.00208778$ & $-0.0442372$ & $-0.00897424$ & $-0.0235905$ & $-0.00178777$ & $-0.0423761$ & $-0.0230409$ & $0.990045$ & $1$ & $-0.549077$ & $-0.862679$ & $-0.186773$ & $0.0546481$ & $0.268429$ & $0.45778$ & $0.446139$ & $-0.217811$ & $-0.400059$ & $-0.395$ & $0.846794$ & $0.875932$ & $0.868398$ & $0.0335531$ & $-0.620896$ & $-0.365665$ & $-0.599956$ & $0.391545$ & $0.38699$ & $0.0109341$ & $0.0652591$ & $0.0547349$ & $-0.0321775$ & $0.0590369$ & $0.518452$ & $-0.036891$ & $0.0330382$ & $-0.0161726$ & $-0.0106979$ & $0.0124913$ & $0.00137628$ & $0.000515464$ & $-0.000267385$ & $0.0641387$ & $-0.00257908$ & $0.0271934$ & $0.0299661$ & $0.0146886$ & $-0.0112187$ & $-0.0260969$ \\
CHWHB_gagaorth & $-0.0119277$ & $0.0325809$ & $-0.0174062$ & $0.0165768$ & $-0.00730716$ & $0.020801$ & $0.197939$ & $-0.55273$ & $-0.549077$ & $1$ & $0.476676$ & $0.50319$ & $-0.253896$ & $-0.139278$ & $-0.246311$ & $-0.241733$ & $0.127962$ & $0.227233$ & $0.22638$ & $-0.466986$ & $-0.485065$ & $-0.480142$ & $-0.0225636$ & $0.351264$ & $0.213737$ & $0.337099$ & $-0.221177$ & $-0.21933$ & $-0.0404283$ & $-0.223185$ & $-0.160971$ & $0.207231$ & $-0.240941$ & $-0.299552$ & $0.0462245$ & $-0.0207408$ & $0.0128891$ & $0.000418311$ & $-0.0137879$ & $0.0126621$ & $-0.0260582$ & $-0.00135696$ & $-0.0284142$ & $0.00909393$ & $-0.0136889$ & $-0.0232808$ & $-0.0192311$ & $-0.0178508$ & $0.0300797$ \\
CHD & $-0.00671982$ & $0.0354093$ & $-1.56323e-05$ & $0.00933635$ & $0.00864286$ & $0.152063$ & $0.0999439$ & $-0.872403$ & $-0.862679$ & $0.476676$ & $1$ & $0.294226$ & $-0.120045$ & $-0.66808$ & $-0.575322$ & $-0.561608$ & $-0.25847$ & $-0.026167$ & $-0.0303511$ & $-0.994914$ & $-0.99505$ & $-0.983164$ & $0.0195183$ & $0.21131$ & $-0.0696364$ & $0.68774$ & $-0.271739$ & $-0.436404$ & $-0.0155954$ & $-0.101373$ & $-0.0831643$ & $0.10969$ & $-0.108973$ & $-0.319065$ & $0.0327039$ & $-0.0118379$ & $-4.54096e-06$ & $0.00670457$ & $-0.0154072$ & $-0.00456881$ & $0.00352598$ & $-0.000354422$ & $-0.0213687$ & $-0.00137989$ & $-0.0209974$ & $-0.0208195$ & $-0.00891235$ & $-0.00624635$ & $0.0244043$ \\
CHbox & $-0.0116031$ & $0.0738117$ & $-0.0759328$ & $0.0318295$ & $0.00665553$ & $0.0732937$ & $0.388412$ & $-0.192719$ & $-0.186773$ & $0.50319$ & $0.294226$ & $1$ & $-0.495216$ & $-0.280853$ & $-0.131883$ & $-0.123866$ & $-0.213855$ & $-0.150511$ & $-0.152739$ & $-0.286779$ & $-0.293655$ & $-0.28713$ & $-0.00216261$ & $-0.0517833$ & $-0.161465$ & $0.209142$ & $-0.0934935$ & $-0.129524$ & $-0.070784$ & $-0.285645$ & $-0.204837$ & $0.387142$ & $-0.290209$ & $-0.0793295$ & $0.00731631$ & $0.0229167$ & $0.00478252$ & $-0.0162406$ & $0.0150578$ & $0.0142476$ & $-0.00546375$ & $-0.0011509$ & $-0.0276005$ & $0.0130818$ & $-0.00325154$ & $-0.0330584$ & $0.0237086$ & $-0.048097$ & $0.0708207$ \\
CH & $0.00374978$ & $-0.0682168$ & $0.0895488$ & $0.0172763$ & $-0.00709048$ & $-0.0442446$ & $-0.772242$ & $0.0454687$ & $0.0546481$ & $-0.253896$ & $-0.120045$ & $-0.495216$ & $1$ & $0.158607$ & $0.051797$ & $0.0475027$ & $0.151665$ & $0.125931$ & $0.128286$ & $0.117593$ & $0.117932$ & $0.115788$ & $0.0157149$ & $0.0877965$ & $0.136738$ & $-0.0943789$ & $0.0375083$ & $0.052436$ & $0.188577$ & $0.716428$ & $0.437486$ & $-0.689189$ & $0.735602$ & $0.00474787$ & $0.0840372$ & $0.0140371$ & $-0.00998908$ & $0.00840193$ & $0.0129735$ & $-0.0189299$ & $-0.0079754$ & $0.00492017$ & $0.0441558$ & $-0.0140404$ & $-0.0319461$ & $0.0283263$ & $-0.0374002$ & $0.031223$ & $-0.0515325$ \\
CHL1_11 & $-0.00199306$ & $-0.0245477$ & $0.0103075$ & $-0.00812902$ & $-0.00559825$ & $-0.0308573$ & $-0.127048$ & $0.272908$ & $0.268429$ & $-0.139278$ & $-0.66808$ & $-0.280853$ & $0.158607$ & $1$ & $0.406611$ & $0.399824$ & $0.64022$ & $0.594454$ & $0.593576$ & $0.678066$ & $0.640664$ & $0.628333$ & $-0.0885937$ & $0.439279$ & $0.597759$ & $-0.44717$ & $-0.0437657$ & $0.280553$ & $0.0200238$ & $0.12503$ & $0.102215$ & $-0.135099$ & $0.147442$ & $-0.16884$ & $-0.0173994$ & $-0.0102222$ & $0.0113452$ & $-0.00314234$ & $0.00942684$ & $0.00777148$ & $0.00659893$ & $-0.0041692$ & $0.0134514$ & $0.00818039$ & $0.0106897$ & $0.0013488$ & $0.00141052$ & $0.0130157$ & $-0.00841754$ \\
CHL1_22 & $0.00563779$ & $-0.00952887$ & $-0.0066047$ & $-0.00484361$ & $-0.0104182$ & $-0.0770422$ & $-0.0459023$ & $0.461497$ & $0.45778$ & $-0.246311$ & $-0.575322$ & $-0.131883$ & $0.051797$ & $0.406611$ & $1$ & $0.533447$ & $0.173347$ & $-0.309875$ & $0.000582672$ & $0.618006$ & $0.519367$ & $0.510492$ & $-0.173268$ & $0.0333096$ & $-0.0696163$ & $-0.365472$ & $-0.302778$ & $0.21832$ & $0.00300829$ & $0.046273$ & $0.0426381$ & $-0.0493274$ & $0.0545535$ & $-0.473095$ & $-0.00426486$ & $-0.00628233$ & $-0.0145057$ & $-0.00770884$ & $0.00984118$ & $0.00695298$ & $-0.00759769$ & $0.001269$ & $0.0125595$ & $-0.018212$ & $0.0110985$ & $0.0160228$ & $0.0144463$ & $-0.00546401$ & $-0.00650407$ \\
CHL1_33 & $0.00438435$ & $-0.00778365$ & $-0.00562718$ & $-0.0184744$ & $-0.00768449$ & $-0.0708002$ & $-0.0403008$ & $0.449866$ & $0.446139$ & $-0.241733$ & $-0.561608$ & $-0.123866$ & $0.0475027$ & $0.399824$ & $0.533447$ & $1$ & $0.166894$ & $0.00211898$ & $-0.303733$ & $0.604369$ & $0.506621$ & $0.515501$ & $-0.167593$ & $0.040967$ & $-0.0656321$ & $-0.356865$ & $-0.295731$ & $0.214563$ & $-0.00453057$ & $0.0463252$ & $0.0387161$ & $-0.0404207$ & $0.0496031$ & $-0.0294653$ & $-0.0103583$ & $0.0125033$ & $-0.000197131$ & $0.00704829$ & $0.00672203$ & $0.010271$ & $-0.00469054$ & $0.00969244$ & $0.0288153$ & $0.000584016$ & $0.0148958$ & $0.0107585$ & $0.0139949$ & $-0.00332311$ & $-0.00513997$ \\
CHL3_11 & $-0.00671969$ & $-0.00533462$ & $0.0196596$ & $0.00223559$ & $-0.00555365$ & $-0.363868$ & $-0.119124$ & $-0.217745$ & $-0.217811$ & $0.127962$ & $-0.25847$ & $-0.213855$ & $0.151665$ & $0.64022$ & $0.173347$ & $0.166894$ & $1$ & $0.820056$ & $0.821526$ & $0.268802$ & $0.23641$ & $0.22931$ & $-0.0667727$ & $0.751173$ & $0.856895$ & $-0.172418$ & $-0.130634$ & $0.10091$ & $0.0264493$ & $0.114654$ & $0.0801939$ & $-0.125272$ & $0.140856$ & $-0.246402$ & $-0.00378616$ & $-0.0318373$ & $0.00861907$ & $0.00342563$ & $0.00810886$ & $0.0024463$ & $0.000592266$ & $0.00242837$ & $-0.00912927$ & $0.00746357$ & $-0.00262025$ & $-0.0134077$ & $-0.0175791$ & $0.0195619$ & $0.0017929$ \\
CHL3_22 & $-0.00841284$ & $-0.00618398$ & $0.018926$ & $-0.00129798$ & $-0.00144637$ & $-0.167659$ & $-0.0962305$ & $-0.401568$ & $-0.400059$ & $0.227233$ & $-0.026167$ & $-0.150511$ & $0.125931$ & $0.594454$ & $-0.309875$ & $0.00211898$ & $0.820056$ & $1$ & $0.785811$ & $0.0242926$ & $0.0228192$ & $0.0204113$ & $-0.00819114$ & $0.739688$ & $0.86796$ & $-0.0209878$ & $-0.0360807$ & $0.0127941$ & $0.0212268$ & $0.0930722$ & $0.0647392$ & $-0.0996602$ & $0.115063$ & $-0.0602355$ & $-0.00185416$ & $-0.0242955$ & $0.0191583$ & $0.00715145$ & $0.000898842$ & $0.000725918$ & $0.00684687$ & $-0.000638613$ & $-0.00624727$ & $0.0201133$ & $-0.00499827$ & $-0.0194262$ & $-0.0195538$ & $0.020447$ & $0.0059092$ \\
CHL3_33 & $-0.00935757$ & $-0.00652626$ & $0.0196709$ & $0.00596579$ & $-0.00396761$ & $-0.17136$ & $-0.0988284$ & $-0.39685$ & $-0.395$ & $0.22638$ & $-0.0303511$ & $-0.152739$ & $0.128286$ & $0.593576$ & $0.000582672$ & $-0.303733$ & $0.821526$ & $0.785811$ & $1$ & $0.0281186$ & $0.0274707$ & $0.0252684$ & $-0.00816192$ & $0.732758$ & $0.866417$ & $-0.0237821$ & $-0.0345455$ & $0.0142067$ & $0.026399$ & $0.0926655$ & $0.0671874$ & $-0.104559$ & $0.117755$ & $-0.360907$ & $0.00149558$ & $-0.0365238$ & $0.0104712$ & $-0.00212692$ & $0.00431666$ & $0.00167314$ & $0.00503486$ & $-0.00647269$ & $-0.0163918$ & $0.0067987$ & $-0.00773709$ & $-0.0148027$ & $-0.0192373$ & $0.0194825$ & $0.00490964$ \\
CHe_11 & $0.000997527$ & $-0.0233262$ & $0.00238232$ & $-0.00927603$ & $-0.00514419$ & $-0.148704$ & $-0.0980353$ & $0.856223$ & $0.846794$ & $-0.466986$ & $-0.994914$ & $-0.286779$ & $0.117593$ & $0.678066$ & $0.618006$ & $0.604369$ & $0.268802$ & $0.0242926$ & $0.0281186$ & $1$ & $0.984864$ & $0.973154$ & $-0.038591$ & $-0.178671$ & $0.072601$ & $-0.681072$ & $0.216937$ & $0.431228$ & $0.0146964$ & $0.0995299$ & $0.0823082$ & $-0.107166$ & $0.107331$ & $0.261984$ & $-0.0330698$ & $0.0132224$ & $0.00143792$ & $-0.00651465$ & $0.0128769$ & $0.00453033$ & $-0.00741471$ & $0.00103236$ & $0.0220234$ & $0.00266712$ & $0.0213284$ & $0.0191863$ & $0.00999881$ & $0.00788371$ & $-0.0241771$ \\
CHe_22 & $-0.000136661$ & $-0.0239775$ & $0.0044366$ & $-0.0066123$ & $-0.00244013$ & $-0.155846$ & $-0.0982573$ & $0.885937$ & $0.875932$ & $-0.485065$ & $-0.99505$ & $-0.293655$ & $0.117932$ & $0.640664$ & $0.519367$ & $0.506621$ & $0.23641$ & $0.0228192$ & $0.0274707$ & $0.984864$ & $1$ & $0.986276$ & $0.00279345$ & $-0.252013$ & $0.0606355$ & $-0.689117$ & $0.333944$ & $0.438882$ & $0.0162937$ & $0.0995041$ & $0.0817935$ & $-0.108482$ & $0.105751$ & $0.385824$ & $-0.0367277$ & $0.0168504$ & $0.00279511$ & $-0.00696259$ & $0.0138867$ & $0.0038868$ & $-0.00586129$ & $0.000720228$ & $0.0193186$ & $0.00362371$ & $0.0216947$ & $0.0193119$ & $0.00875322$ & $0.00872464$ & $-0.0269268$ \\
CHe_33 & $-0.00285752$ & $-0.0229135$ & $0.00458577$ & $-0.008134$ & $-0.0032674$ & $-0.154219$ & $-0.0956262$ & $0.878006$ & $0.868398$ & $-0.480142$ & $-0.983164$ & $-0.28713$ & $0.115788$ & $0.628333$ & $0.510492$ & $0.515501$ & $0.22931$ & $0.0204113$ & $0.0252684$ & $0.973154$ & $0.986276$ & $1$ & $0.00363992$ & $-0.253498$ & $0.0573979$ & $-0.680433$ & $0.333967$ & $0.434607$ & $0.0153404$ & $0.0986995$ & $0.0799058$ & $-0.105431$ & $0.104799$ & $0.388248$ & $-0.0376366$ & $0.0190476$ & $0.00264947$ & $-0.00631904$ & $0.0138731$ & $0.00554769$ & $-0.00731045$ & $0.000498071$ & $0.0205532$ & $0.00318983$ & $0.0212743$ & $0.0215462$ & $0.00863668$ & $0.0103359$ & $-0.025983$ \\
CHQ1_11 & $-0.0150857$ & $-0.00513836$ & $0.00337239$ & $0.00776884$ & $0.0124493$ & $-0.0207303$ & $-0.0128554$ & $0.0350202$ & $0.0335531$ & $-0.0225636$ & $0.0195183$ & $-0.00216261$ & $0.0157149$ & $-0.0885937$ & $-0.173268$ & $-0.167593$ & $-0.0667727$ & $-0.00819114$ & $-0.00816192$ & $-0.038591$ & $0.00279345$ & $0.00363992$ & $1$ & $-0.125063$ & $0.0532335$ & $-0.570873$ & $0.347399$ & $-0.00309817$ & $0.00651339$ & $0.0134132$ & $0.00576491$ & $-0.0108354$ & $0.00972182$ & $0.199555$ & $-0.0187906$ & $0.0107994$ & $-0.000343616$ & $0.00814882$ & $0.00658274$ & $-0.00996346$ & $0.00889439$ & $-0.000316517$ & $-0.000961111$ & $0.00486433$ & $-0.00335583$ & $-0.00030917$ & $0.000478292$ & $0.0190044$ & $-0.000952493$ \\
CHQ1_33 & $-0.0521646$ & $0.00773671$ & $0.00674397$ & $0.00924294$ & $-0.0069644$ & $-0.115172$ & $-0.0664946$ & $-0.626856$ & $-0.620896$ & $0.351264$ & $0.21131$ & $-0.0517833$ & $0.0877965$ & $0.439279$ & $0.0333096$ & $0.040967$ & $0.751173$ & $0.739688$ & $0.732758$ & $-0.178671$ & $-0.252013$ & $-0.253498$ & $-0.125063$ & $1$ & $0.750082$ & $0.167054$ & $-0.3875$ & $-0.0364621$ & $0.0100476$ & $0.0650935$ & $0.0425967$ & $-0.0631443$ & $0.0893614$ & $-0.601886$ & $0.0122157$ & $-0.0156205$ & $0.00954889$ & $0.00117026$ & $-0.00150859$ & $0.00134853$ & $-0.00092745$ & $0.00543835$ & $-0.00142067$ & $0.0180696$ & $-0.00161014$ & $-0.0186292$ & $-0.017984$ & $0.0157344$ & $0.0239603$ \\
CHQ3_11 & $-0.0859234$ & $-0.00647848$ & $0.0183905$ & $0.00969737$ & $-0.00255738$ & $-0.205881$ & $-0.104897$ & $-0.367767$ & $-0.365665$ & $0.213737$ & $-0.0696364$ & $-0.161465$ & $0.136738$ & $0.597759$ & $-0.0696163$ & $-0.0656321$ & $0.856895$ & $0.86796$ & $0.866417$ & $0.072601$ & $0.0606355$ & $0.0573979$ & $0.0532335$ & $0.750082$ & $1$ & $-0.0448976$ & $0.137725$ & $0.0284804$ & $0.0278428$ & $0.0996389$ & $0.0704648$ & $-0.109266$ & $0.128462$ & $-0.23836$ & $-0.0029356$ & $-0.011433$ & $0.0141481$ & $0.00135633$ & $0.00785191$ & $0.00173193$ & $0.000524362$ & $0.00149845$ & $0.00228803$ & $0.020053$ & $0.00431702$ & $-0.0107327$ & $-0.0208171$ & $0.0233592$ & $0.0175638$ \\
CHu_11 & $-0.0217497$ & $0.0174018$ & $-0.00511097$ & $-0.00224135$ & $-0.00677636$ & $0.121333$ & $0.0792857$ & $-0.607692$ & $-0.599956$ & $0.337099$ & $0.68774$ & $0.209142$ & $-0.0943789$ & $-0.44717$ & $-0.365472$ & $-0.356865$ & $-0.172418$ & $-0.0209878$ & $-0.0237821$ & $-0.681072$ & $-0.689117$ & $-0.680433$ & $-0.570873$ & $0.167054$ & $-0.0448976$ & $1$ & $-0.195023$ & $-0.299258$ & $-0.0102602$ & $-0.0812947$ & $-0.0648904$ & $0.0833109$ & $-0.0824253$ & $-0.258136$ & $0.0265964$ & $-0.00922458$ & $0.00296245$ & $-0.00274652$ & $-0.0160199$ & $0.00325468$ & $-0.00204392$ & $0.00013218$ & $-0.00796128$ & $0.0013325$ & $-0.00718519$ & $-0.00797484$ & $-0.0100257$ & $-0.0131329$ & $0.0181003$ \\
CHd_11 & $-0.0331307$ & $-0.0145748$ & $0.0107967$ & $0.0027988$ & $0.00774816$ & $-0.0680993$ & $-0.0285919$ & $0.396297$ & $0.391545$ & $-0.221177$ & $-0.271739$ & $-0.0934935$ & $0.0375083$ & $-0.0437657$ & $-0.302778$ & $-0.295731$ & $-0.130634$ & $-0.0360807$ & $-0.0345455$ & $0.216937$ & $0.333944$ & $0.333967$ & $0.347399$ & $-0.3875$ & $0.137725$ & $-0.195023$ & $1$ & $0.145272$ & $0.0163609$ & $0.0289007$ & $0.0179606$ & $-0.0339458$ & $0.0249564$ & $0.678141$ & $-0.0306367$ & $0.0277074$ & $0.00900612$ & $-0.0099626$ & $0.0134859$ & $-0.00792705$ & $-0.00185407$ & $0.00413795$ & $-0.00160796$ & $0.00368353$ & $0.00556202$ & $0.0122514$ & $-0.00702181$ & $0.0143968$ & $-0.0176056$ \\
CHd_33 & $0.00755547$ & $-0.00837709$ & $-0.00580114$ & $-0.0126942$ & $-0.00297687$ & $-0.0726138$ & $-0.0377095$ & $0.389965$ & $0.38699$ & $-0.21933$ & $-0.436404$ & $-0.129524$ & $0.052436$ & $0.280553$ & $0.21832$ & $0.214563$ & $0.10091$ & $0.0127941$ & $0.0142067$ & $0.431228$ & $0.438882$ & $0.434607$ & $-0.00309817$ & $-0.0364621$ & $0.0284804$ & $-0.299258$ & $0.145272$ & $1$ & $-0.00194285$ & $0.0456426$ & $0.0344635$ & $-0.0410927$ & $0.0451395$ & $0.178692$ & $-0.0165248$ & $0.0169185$ & $-0.000476471$ & $0.000240667$ & $-0.000661815$ & $0.00743157$ & $-0.00375053$ & $-0.000559081$ & $0.0246592$ & $0.0133159$ & $0.0160107$ & $-0.00849593$ & $-0.00318228$ & $0.00267503$ & $-0.0182082$ \\
CeH_22r & $-0.00280933$ & $-0.0146452$ & $0.00263354$ & $0.00558668$ & $0.00281003$ & $-0.00370502$ & $-0.134766$ & $0.0040736$ & $0.0109341$ & $-0.0404283$ & $-0.0155954$ & $-0.070784$ & $0.188577$ & $0.0200238$ & $0.00300829$ & $-0.00453057$ & $0.0264493$ & $0.0212268$ & $0.026399$ & $0.0146964$ & $0.0162937$ & $0.0153404$ & $0.00651339$ & $0.0100476$ & $0.0278428$ & $-0.0102602$ & $0.0163609$ & $-0.00194285$ & $1$ & $0.154314$ & $0.100979$ & $-0.130778$ & $0.160867$ & $0.00357103$ & $-0.00431259$ & $-0.00886715$ & $-0.0129845$ & $-0.00819459$ & $0.00118267$ & $-0.00559454$ & $-0.0154554$ & $-0.000713695$ & $0.00322748$ & $0.0147587$ & $0.00927027$ & $0.000401379$ & $-0.0112958$ & $-0.00430792$ & $-0.0127071$ \\
CeH_33r & $0.00845269$ & $-0.0609674$ & $0.0728341$ & $0.0143146$ & $-0.00647776$ & $-0.0346342$ & $-0.577069$ & $0.0448143$ & $0.0652591$ & $-0.223185$ & $-0.101373$ & $-0.285645$ & $0.716428$ & $0.12503$ & $0.046273$ & $0.0463252$ & $0.114654$ & $0.0930722$ & $0.0926655$ & $0.0995299$ & $0.0995041$ & $0.0986995$ & $0.0134132$ & $0.0650935$ & $0.0996389$ & $-0.0812947$ & $0.0289007$ & $0.0456426$ & $0.154314$ & $1$ & $0.507073$ & $-0.439041$ & $0.825904$ & $0.00696198$ & $0.0372804$ & $0.00348178$ & $-0.108507$ & $-0.00191765$ & $-0.000806301$ & $-0.0117009$ & $-0.00609595$ & $-0.00309125$ & $0.0279257$ & $-0.0280728$ & $0.0194421$ & $0.0335502$ & $-0.0170874$ & $0.00532583$ & $-0.0444222$ \\
CuH_22r & $0.0020608$ & $-0.0223413$ & $0.0343829$ & $0.0214524$ & $-0.00266481$ & $-0.0180636$ & $-0.363585$ & $0.0410081$ & $0.0547349$ & $-0.160971$ & $-0.0831643$ & $-0.204837$ & $0.437486$ & $0.102215$ & $0.0426381$ & $0.0387161$ & $0.0801939$ & $0.0647392$ & $0.0671874$ & $0.0823082$ & $0.0817935$ & $0.0799058$ & $0.00576491$ & $0.0425967$ & $0.0704648$ & $-0.0648904$ & $0.0179606$ & $0.0344635$ & $0.100979$ & $0.507073$ & $1$ & $-0.269244$ & $0.549388$ & $0.00127839$ & $-0.012258$ & $0.0122758$ & $-0.0627147$ & $-0.000795558$ & $0.0122704$ & $-0.00372871$ & $-0.00179349$ & $-0.00590712$ & $0.0196389$ & $-0.0539923$ & $0.00599238$ & $0.104964$ & $0.236359$ & $0.00392722$ & $0.0221839$ \\
CuH_33r & $0.00169917$ & $0.0478411$ & $-0.0680433$ & $-0.0229816$ & $-0.00418299$ & $0.0425277$ & $0.955487$ & $-0.048907$ & $-0.0321775$ & $0.207231$ & $0.10969$ & $0.387142$ & $-0.689189$ & $-0.135099$ & $-0.0493274$ & $-0.0404207$ & $-0.125272$ & $-0.0996602$ & $-0.104559$ & $-0.107166$ & $-0.108482$ & $-0.105431$ & $-0.0108354$ & $-0.0631443$ & $-0.109266$ & $0.0833109$ & $-0.0339458$ & $-0.0410927$ & $-0.130778$ & $-0.439041$ & $-0.269244$ & $1$ & $-0.449988$ & $-0.00960369$ & $-0.00989735$ & $0.00323984$ & $-0.0281963$ & $-0.00311815$ & $0.00205573$ & $0.0126636$ & $0.0251161$ & $-0.00108046$ & $-0.0290147$ & $-0.00459947$ & $0.0340002$ & $-0.0266969$ & $0.0176979$ & $-0.0322982$ & $0.012371$ \\
CdH_33r & $-0.0457643$ & $-0.0965448$ & $0.0495291$ & $0.042684$ & $-0.00216196$ & $-0.039821$ & $-0.605107$ & $0.038915$ & $0.0590369$ & $-0.240941$ & $-0.108973$ & $-0.290209$ & $0.735602$ & $0.147442$ & $0.0545535$ & $0.0496031$ & $0.140856$ & $0.115063$ & $0.117755$ & $0.107331$ & $0.105751$ & $0.104799$ & $0.00972182$ & $0.0893614$ & $0.128462$ & $-0.0824253$ & $0.0249564$ & $0.0451395$ & $0.160867$ & $0.825904$ & $0.549388$ & $-0.449988$ & $1$ & $-0.00679452$ & $0.0864789$ & $-0.0308132$ & $-0.0904087$ & $-0.000867746$ & $0.0180448$ & $0.00778439$ & $0.0172714$ & $-0.0150569$ & $0.0293425$ & $-0.016437$ & $-0.0126949$ & $0.0473588$ & $0.0288433$ & $0.0854317$ & $0.251956$ \\
CLL_1221 & $-0.00452293$ & $0.0104271$ & $0.00556748$ & $0.00427649$ & $0.0080336$ & $-0.105137$ & $-0.00452405$ & $0.524972$ & $0.518452$ & $-0.299552$ & $-0.319065$ & $-0.0793295$ & $0.00474787$ & $-0.16884$ & $-0.473095$ & $-0.0294653$ & $-0.246402$ & $-0.0602355$ & $-0.360907$ & $0.261984$ & $0.385824$ & $0.388248$ & $0.199555$ & $-0.601886$ & $-0.23836$ & $-0.258136$ & $0.678141$ & $0.178692$ & $0.00357103$ & $0.00696198$ & $0.00127839$ & $-0.00960369$ & $-0.00679452$ & $1$ & $-0.0334177$ & $0.0369792$ & $0.0132733$ & $-0.000900439$ & $0.000755725$ & $-0.00714135$ & $-0.00577089$ & $0.00359124$ & $0.00169442$ & $0.0142622$ & $0.00846634$ & $0.0052535$ & $0.000699234$ & $0.0102674$ & $-0.0239713$ \\
eHggint & $0.0298201$ & $-0.216868$ & $0.0775189$ & $0.134991$ & $0.000244546$ & $-0.00232309$ & $-0.0606292$ & $-0.0304578$ & $-0.036891$ & $0.0462245$ & $0.0327039$ & $0.00731631$ & $0.0840372$ & $-0.0173994$ & $-0.00426486$ & $-0.0103583$ & $-0.00378616$ & $-0.00185416$ & $0.00149558$ & $-0.0330698$ & $-0.0367277$ & $-0.0376366$ & $-0.0187906$ & $0.0122157$ & $-0.0029356$ & $0.0265964$ & $-0.0306367$ & $-0.0165248$ & $-0.00431259$ & $0.0372804$ & $-0.012258$ & $-0.00989735$ & $0.0864789$ & $-0.0334177$ & $1$ & $-0.177375$ & $-0.01304$ & $-0.00887499$ & $0.158448$ & $0.020211$ & $0.0503755$ & $-0.00106829$ & $0.00444303$ & $-0.0638527$ & $-0.0233163$ & $-0.139531$ & $-0.182311$ & $-0.160059$ & $0.187164$ \\
eHggpar & $-0.26527$ & $0.195813$ & $-0.122198$ & $0.00252196$ & $0.0116508$ & $0.000578969$ & $-0.0114803$ & $0.0275378$ & $0.0330382$ & $-0.0207408$ & $-0.0118379$ & $0.0229167$ & $0.0140371$ & $-0.0102222$ & $-0.00628233$ & $0.0125033$ & $-0.0318373$ & $-0.0242955$ & $-0.0365238$ & $0.0132224$ & $0.0168504$ & $0.0190476$ & $0.0107994$ & $-0.0156205$ & $-0.011433$ & $-0.00922458$ & $0.0277074$ & $0.0169185$ & $-0.00886715$ & $0.00348178$ & $0.0122758$ & $0.00323984$ & $-0.0308132$ & $0.0369792$ & $-0.177375$ & $1$ & $0.0480391$ & $-0.00576225$ & $-0.00102231$ & $-0.0270411$ & $0.0149794$ & $0.0163704$ & $0.200906$ & $0.0538933$ & $0.144328$ & $0.127425$ & $0.0256781$ & $0.0950323$ & $-0.111432$ \\
eHWWint & $-0.0145555$ & $0.223724$ & $-0.108525$ & $0.0503987$ & $-0.00228104$ & $0.0155207$ & $-0.00284193$ & $-0.00741526$ & $-0.0161726$ & $0.0128891$ & $-4.54096e-06$ & $0.00478252$ & $-0.00998908$ & $0.0113452$ & $-0.0145057$ & $-0.000197131$ & $0.00861907$ & $0.0191583$ & $0.0104712$ & $0.00143792$ & $0.00279511$ & $0.00264947$ & $-0.000343616$ & $0.00954889$ & $0.0141481$ & $0.00296245$ & $0.00900612$ & $-0.000476471$ & $-0.0129845$ & $-0.108507$ & $-0.0627147$ & $-0.0281963$ & $-0.0904087$ & $0.0132733$ & $-0.01304$ & $0.0480391$ & $1$ & $-0.0107603$ & $-0.0676399$ & $-0.0213172$ & $-0.0684969$ & $0.0139104$ & $-0.0270986$ & $0.128312$ & $-0.081979$ & $-0.0526884$ & $0.0389975$ & $0.249969$ & $0.0217995$ \\
eHWWpar & $0.0142261$ & $-0.0150572$ & $0.0139535$ & $-0.00796773$ & $-0.00966949$ & $-0.00808469$ & $-0.00187966$ & $-0.00850174$ & $-0.0106979$ & $0.000418311$ & $0.00670457$ & $-0.0162406$ & $0.00840193$ & $-0.00314234$ & $-0.00770884$ & $0.00704829$ & $0.00342563$ & $0.00715145$ & $-0.00212692$ & $-0.00651465$ & $-0.00696259$ & $-0.00631904$ & $0.00814882$ & $0.00117026$ & $0.00135633$ & $-0.00274652$ & $-0.0099626$ & $0.000240667$ & $-0.00819459$ & $-0.00191765$ & $-0.000795558$ & $-0.00311815$ & $-0.000867746$ & $-0.000900439$ & $-0.00887499$ & $-0.00576225$ & $-0.0107603$ & $1$ & $0.00965125$ & $-0.0121406$ & $0.00100226$ & $-0.0118115$ & $-0.0244819$ & $-0.0260753$ & $-0.0128522$ & $0.00208494$ & $-0.0207831$ & $0.0233981$ & $0.00822891$ \\
eHZZint & $0.0300883$ & $-0.164097$ & $0.0852874$ & $0.0207115$ & $-0.00257411$ & $-0.00219386$ & $-0.0132336$ & $0.0141474$ & $0.0124913$ & $-0.0137879$ & $-0.0154072$ & $0.0150578$ & $0.0129735$ & $0.00942684$ & $0.00984118$ & $0.00672203$ & $0.00810886$ & $0.000898842$ & $0.00431666$ & $0.0128769$ & $0.0138867$ & $0.0138731$ & $0.00658274$ & $-0.00150859$ & $0.00785191$ & $-0.0160199$ & $0.0134859$ & $-0.000661815$ & $0.00118267$ & $-0.000806301$ & $0.0122704$ & $0.00205573$ & $0.0180448$ & $0.000755725$ & $0.158448$ & $-0.00102231$ & $-0.0676399$ & $0.00965125$ & $1$ & $0.0028271$ & $0.129609$ & $0.0084443$ & $0.0101472$ & $-0.143413$ & $0.059557$ & $-0.0792864$ & $0.0198886$ & $-0.119893$ & $0.0887743$ \\
eHZZpar & $-0.0115595$ & $-0.0166015$ & $0.0241643$ & $-0.0136504$ & $-0.0066829$ & $-0.000239034$ & $0.00956165$ & $0.00218084$ & $0.00137628$ & $0.0126621$ & $-0.00456881$ & $0.0142476$ & $-0.0189299$ & $0.00777148$ & $0.00695298$ & $0.010271$ & $0.0024463$ & $0.000725918$ & $0.00167314$ & $0.00453033$ & $0.0038868$ & $0.00554769$ & $-0.00996346$ & $0.00134853$ & $0.00173193$ & $0.00325468$ & $-0.00792705$ & $0.00743157$ & $-0.00559454$ & $-0.0117009$ & $-0.00372871$ & $0.0126636$ & $0.00778439$ & $-0.00714135$ & $0.020211$ & $-0.0270411$ & $-0.0213172$ & $-0.0121406$ & $0.0028271$ & $1$ & $0.0370904$ & $-0.0159626$ & $0.0213477$ & $0.0185477$ & $0.0306667$ & $-0.0268125$ & $0.0350457$ & $0.00848333$ & $0.0769234$ \\
eHZgaint & $0.0710502$ & $-0.191875$ & $0.0843601$ & $0.00726488$ & $-0.0112598$ & $0.0158319$ & $0.0222945$ & $-0.0037206$ & $0.000515464$ & $-0.0260582$ & $0.00352598$ & $-0.00546375$ & $-0.0079754$ & $0.00659893$ & $-0.00759769$ & $-0.00469054$ & $0.000592266$ & $0.00684687$ & $0.00503486$ & $-0.00741471$ & $-0.00586129$ & $-0.00731045$ & $0.00889439$ & $-0.00092745$ & $0.000524362$ & $-0.00204392$ & $-0.00185407$ & $-0.00375053$ & $-0.0154554$ & $-0.00609595$ & $-0.00179349$ & $0.0251161$ & $0.0172714$ & $-0.00577089$ & $0.0503755$ & $0.0149794$ & $-0.0684969$ & $0.00100226$ & $0.129609$ & $0.0370904$ & $1$ & $0.0251603$ & $0.0828194$ & $-0.12304$ & $0.0237197$ & $-0.126451$ & $0.0231886$ & $0.0284859$ & $0.053211$ \\
eHZgapar & $-0.0109565$ & $0.0346712$ & $0.025547$ & $0.0036065$ & $0.00675028$ & $-0.0121209$ & $-0.00212227$ & $0.00041731$ & $-0.000267385$ & $-0.00135696$ & $-0.000354422$ & $-0.0011509$ & $0.00492017$ & $-0.0041692$ & $0.001269$ & $0.00969244$ & $0.00242837$ & $-0.000638613$ & $-0.00647269$ & $0.00103236$ & $0.000720228$ & $0.000498071$ & $-0.000316517$ & $0.00543835$ & $0.00149845$ & $0.00013218$ & $0.00413795$ & $-0.000559081$ & $-0.000713695$ & $-0.00309125$ & $-0.00590712$ & $-0.00108046$ & $-0.0150569$ & $0.00359124$ & $-0.00106829$ & $0.0163704$ & $0.0139104$ & $-0.0118115$ & $0.0084443$ & $-0.0159626$ & $0.0251603$ & $1$ & $0.00478749$ & $0.0190061$ & $0.0283817$ & $-0.0174735$ & $-0.00311277$ & $-0.00875135$ & $-0.0361027$ \\
eHgagaint & $-0.180287$ & $-0.130918$ & $-0.143358$ & $-0.309304$ & $0.000765639$ & $0.00194653$ & $-0.0342363$ & $0.0239679$ & $0.0641387$ & $-0.0284142$ & $-0.0213687$ & $-0.0276005$ & $0.0441558$ & $0.0134514$ & $0.0125595$ & $0.0288153$ & $-0.00912927$ & $-0.00624727$ & $-0.0163918$ & $0.0220234$ & $0.0193186$ & $0.0205532$ & $-0.000961111$ & $-0.00142067$ & $0.00228803$ & $-0.00796128$ & $-0.00160796$ & $0.0246592$ & $0.00322748$ & $0.0279257$ & $0.0196389$ & $-0.0290147$ & $0.0293425$ & $0.00169442$ & $0.00444303$ & $0.200906$ & $-0.0270986$ & $-0.0244819$ & $0.0101472$ & $0.0213477$ & $0.0828194$ & $0.00478749$ & $1$ & $-0.0256107$ & $0.137742$ & $0.0407443$ & $-0.0119575$ & $-0.199741$ & $0.074009$ \\
eHmumuint & $-0.199184$ & $-0.0221279$ & $0.0429405$ & $0.0652347$ & $0.00294171$ & $-0.000480361$ & $0.00431005$ & $-0.00146089$ & $-0.00257908$ & $0.00909393$ & $-0.00137989$ & $0.0130818$ & $-0.0140404$ & $0.00818039$ & $-0.018212$ & $0.000584016$ & $0.00746357$ & $0.0201133$ & $0.0067987$ & $0.00266712$ & $0.00362371$ & $0.00318983$ & $0.00486433$ & $0.0180696$ & $0.020053$ & $0.0013325$ & $0.00368353$ & $0.0133159$ & $0.0147587$ & $-0.0280728$ & $-0.0539923$ & $-0.00459947$ & $-0.016437$ & $0.0142622$ & $-0.0638527$ & $0.0538933$ & $0.128312$ & $-0.0260753$ & $-0.143413$ & $0.0185477$ & $-0.12304$ & $0.0190061$ & $-0.0256107$ & $1$ & $-0.0271061$ & $0.0196654$ & $-0.217611$ & $0.00301457$ & $0.0239055$ \\
eHtautauint & $-0.167035$ & $-0.0260986$ & $-0.107421$ & $0.127019$ & $-0.00108561$ & $-0.00986152$ & $0.029425$ & $0.0221692$ & $0.0271934$ & $-0.0136889$ & $-0.0209974$ & $-0.00325154$ & $-0.0319461$ & $0.0106897$ & $0.0110985$ & $0.0148958$ & $-0.00262025$ & $-0.00499827$ & $-0.00773709$ & $0.0213284$ & $0.0216947$ & $0.0212743$ & $-0.00335583$ & $-0.00161014$ & $0.00431702$ & $-0.00718519$ & $0.00556202$ & $0.0160107$ & $0.00927027$ & $0.0194421$ & $0.00599238$ & $0.0340002$ & $-0.0126949$ & $0.00846634$ & $-0.0233163$ & $0.144328$ & $-0.081979$ & $-0.0128522$ & $0.059557$ & $0.0306667$ & $0.0237197$ & $0.0283817$ & $0.137742$ & $-0.0271061$ & $1$ & $0.0350474$ & $0.0334819$ & $0.00346985$ & $0.00969643$ \\
eHccint & $-0.050588$ & $-0.181197$ & $-0.0510544$ & $-0.180405$ & $0.00753546$ & $-0.00448449$ & $-0.0315758$ & $0.0290719$ & $0.0299661$ & $-0.0232808$ & $-0.0208195$ & $-0.0330584$ & $0.0283263$ & $0.0013488$ & $0.0160228$ & $0.0107585$ & $-0.0134077$ & $-0.0194262$ & $-0.0148027$ & $0.0191863$ & $0.0193119$ & $0.0215462$ & $-0.00030917$ & $-0.0186292$ & $-0.0107327$ & $-0.00797484$ & $0.0122514$ & $-0.00849593$ & $0.000401379$ & $0.0335502$ & $0.104964$ & $-0.0266969$ & $0.0473588$ & $0.0052535$ & $-0.139531$ & $0.127425$ & $-0.0526884$ & $0.00208494$ & $-0.0792864$ & $-0.0268125$ & $-0.126451$ & $-0.0174735$ & $0.0407443$ & $0.0196654$ & $0.0350474$ & $1$ & $0.0824767$ & $0.173504$ & $-0.00791381$ \\
eHccpar & $0.0100803$ & $0.109705$ & $-0.0897596$ & $0.126746$ & $0.00324236$ & $0.00774866$ & $0.0290282$ & $0.0143937$ & $0.0146886$ & $-0.0192311$ & $-0.00891235$ & $0.0237086$ & $-0.0374002$ & $0.00141052$ & $0.0144463$ & $0.0139949$ & $-0.0175791$ & $-0.0195538$ & $-0.0192373$ & $0.00999881$ & $0.00875322$ & $0.00863668$ & $0.000478292$ & $-0.017984$ & $-0.0208171$ & $-0.0100257$ & $-0.00702181$ & $-0.00318228$ & $-0.0112958$ & $-0.0170874$ & $0.236359$ & $0.0176979$ & $0.0288433$ & $0.000699234$ & $-0.182311$ & $0.0256781$ & $0.0389975$ & $-0.0207831$ & $0.0198886$ & $0.0350457$ & $0.0231886$ & $-0.00311277$ & $-0.0119575$ & $-0.217611$ & $0.0334819$ & $0.0824767$ & $1$ & $-0.0500236$ & $0.191469$ \\
eHbbint & $-0.0451284$ & $0.169049$ & $-0.0510192$ & $-0.0451423$ & $0.00646674$ & $-0.0109264$ & $-0.0225201$ & $-0.00370579$ & $-0.0112187$ & $-0.0178508$ & $-0.00624635$ & $-0.048097$ & $0.031223$ & $0.0130157$ & $-0.00546401$ & $-0.00332311$ & $0.0195619$ & $0.020447$ & $0.0194825$ & $0.00788371$ & $0.00872464$ & $0.0103359$ & $0.0190044$ & $0.0157344$ & $0.0233592$ & $-0.0131329$ & $0.0143968$ & $0.00267503$ & $-0.00430792$ & $0.00532583$ & $0.00392722$ & $-0.0322982$ & $0.0854317$ & $0.0102674$ & $-0.160059$ & $0.0950323$ & $0.249969$ & $0.0233981$ & $-0.119893$ & $0.00848333$ & $0.0284859$ & $-0.00875135$ & $-0.199741$ & $0.00301457$ & $0.00346985$ & $0.173504$ & $-0.0500236$ & $1$ & $-0.000982371$ \\
eHbbpar & $-0.175424$ & $-0.133119$ & $-0.0942963$ & $0.123175$ & $0.00477524$ & $-0.000746676$ & $0.0107867$ & $-0.0253366$ & $-0.0260969$ & $0.0300797$ & $0.0244043$ & $0.0708207$ & $-0.0515325$ & $-0.00841754$ & $-0.00650407$ & $-0.00513997$ & $0.0017929$ & $0.0059092$ & $0.00490964$ & $-0.0241771$ & $-0.0269268$ & $-0.025983$ & $-0.000952493$ & $0.0239603$ & $0.0175638$ & $0.0181003$ & $-0.0176056$ & $-0.0182082$ & $-0.0127071$ & $-0.0444222$ & $0.0221839$ & $0.012371$ & $0.251956$ & $-0.0239713$ & $0.187164$ & $-0.111432$ & $0.0217995$ & $0.00822891$ & $0.0887743$ & $0.0769234$ & $0.053211$ & $-0.0361027$ & $0.074009$ & $0.0239055$ & $0.00969643$ & $-0.00791381$ & $0.191469$ & $-0.000982371$ & $1$ \\
