 & AlsMz & dAle5Mz & mtop & mHl & Mz & CW & CHG & CHWB & CHWHB_gaga & CHWHB_gagaorth & CHD & CH & CHL1_11 & CHL1_22 & CHL1_33 & CHL3_11 & CHL3_22 & CHL3_33 & CHe_11 & CHe_22 & CHe_33 & CHQ1_11 & CHQ1_33 & CHQ3_11 & CHu_11 & CHd_11 & CHd_33 & CeH_22r & CeH_33r & CuH_22r & CuH_33r & CdH_33r & CLL_1221 & eHggint & eHggpar & eHWWint & eHWWpar & eHZZint & eHZZpar & eHZgaint & eHZgapar & eHgagaint & eHmumuint & eHtautauint & eHccint & eHccpar & eHbbint & eHbbpar \\
AlsMz & $1$ & $-0.0564182$ & $0.303162$ & $-0.355063$ & $-0.0123937$ & $0.00118181$ & $0.00274871$ & $0.00113421$ & $-8.94729e-05$ & $0.0156253$ & $-0.0128491$ & $-0.0153647$ & $0.0157255$ & $0.0214759$ & $0.0125339$ & $0.0131352$ & $0.000181979$ & $0.00991637$ & $0.00899651$ & $0.00572341$ & $0.0053288$ & $-0.0114821$ & $-0.0319405$ & $-0.0805202$ & $-0.0297426$ & $-0.0394486$ & $0.0189313$ & $0.0135779$ & $0.0154488$ & $-0.0580026$ & $-0.00801046$ & $-0.116187$ & $-0.0188054$ & $-0.0938311$ & $-0.0499294$ & $-0.0295275$ & $0.0380095$ & $0.0102722$ & $-0.068171$ & $-0.0941955$ & $-0.0273978$ & $-0.0286183$ & $-0.156195$ & $0.188081$ & $-0.163123$ & $-0.172613$ & $-0.463023$ & $-0.152074$ \\
dAle5Mz & $-0.0564182$ & $1$ & $0.199304$ & $0.0327762$ & $0.0120655$ & $-0.00128313$ & $-0.0215575$ & $-0.0374876$ & $-0.0369575$ & $0.0308249$ & $0.02065$ & $-0.0189448$ & $0.0103217$ & $-0.0021637$ & $0.00016115$ & $0.0284805$ & $0.0233407$ & $0.0188903$ & $-0.00805467$ & $-0.008647$ & $-0.00713907$ & $-0.000653853$ & $0.0247603$ & $0.0280622$ & $-0.00445964$ & $-0.010238$ & $-0.0135885$ & $0.00560843$ & $0.0353774$ & $-0.00435811$ & $-0.0296779$ & $0.0842882$ & $0.00228593$ & $-0.0933368$ & $-0.214651$ & $-0.232122$ & $-0.0271243$ & $0.232639$ & $-0.00280498$ & $0.0646514$ & $0.00324664$ & $-0.0871376$ & $-0.228254$ & $0.171973$ & $-0.173276$ & $-0.0281048$ & $-0.00143748$ & $0.126164$ \\
mtop & $0.303162$ & $0.199304$ & $1$ & $0.0247173$ & $-0.00831355$ & $-0.00470362$ & $0.0158669$ & $-0.0225229$ & $-0.0154053$ & $0.017392$ & $0.0170781$ & $-0.00220933$ & $0.00667943$ & $0.00060794$ & $0.00881279$ & $0.0156067$ & $0.0142556$ & $0.00935836$ & $-0.0109685$ & $-0.0128353$ & $-0.0135102$ & $-0.000734168$ & $0.011988$ & $-0.0186248$ & $-0.010421$ & $-0.029005$ & $-0.00194195$ & $0.0114098$ & $0.0205621$ & $-0.0098563$ & $-0.0127844$ & $-0.057487$ & $-0.0114891$ & $-0.310292$ & $-0.273939$ & $0.041705$ & $-0.0380316$ & $-0.0612547$ & $0.000497665$ & $-0.11156$ & $-0.0239298$ & $0.00214001$ & $0.102571$ & $-0.110217$ & $-0.329353$ & $0.0161392$ & $-0.180584$ & $-0.138956$ \\
mHl & $-0.355063$ & $0.0327762$ & $0.0247173$ & $1$ & $-0.00275621$ & $0.00739973$ & $-0.0314173$ & $-0.00273017$ & $0.000135037$ & $-0.0250806$ & $0.0149434$ & $0.0289081$ & $-0.0238984$ & $-0.0147699$ & $-0.00612026$ & $-0.0187787$ & $-0.00869181$ & $-0.017566$ & $-0.0125619$ & $-0.0117271$ & $-0.0128212$ & $0.00298642$ & $0.00519362$ & $0.0112672$ & $0.0129567$ & $0.00681035$ & $0.00343084$ & $-0.00528087$ & $0.00781177$ & $0.0630592$ & $-0.0313661$ & $0.202323$ & $0.0120196$ & $0.0624134$ & $-0.113742$ & $0.100773$ & $-0.0197309$ & $-0.293709$ & $0.00257975$ & $0.234486$ & $-0.0360931$ & $0.139636$ & $0.210795$ & $0.151185$ & $0.134778$ & $0.207362$ & $0.507326$ & $0.334353$ \\
Mz & $-0.0123937$ & $0.0120655$ & $-0.00831355$ & $-0.00275621$ & $1$ & $0.00511056$ & $-0.000141874$ & $-0.00572722$ & $-0.0054711$ & $-0.000532126$ & $0.0176899$ & $-0.00922031$ & $0.00356783$ & $-0.00229126$ & $-0.00157758$ & $-0.00754108$ & $-0.00271733$ & $-0.00244799$ & $-0.00801452$ & $-0.0061173$ & $-0.00314855$ & $-0.0110952$ & $-0.00182743$ & $-0.00533108$ & $0.0152422$ & $-0.00532084$ & $0.00200711$ & $-0.000123296$ & $-0.00700813$ & $-0.00144904$ & $-0.00493282$ & $-0.00967325$ & $-0.00702696$ & $-0.0178116$ & $-0.012044$ & $0.0236524$ & $0.00999755$ & $-0.0219869$ & $0.0116194$ & $0.0364327$ & $0.0125775$ & $0.0292391$ & $0.00736597$ & $-0.0164336$ & $0.00983525$ & $0.00700066$ & $-0.00175303$ & $-0.00190591$ \\
CW & $0.00118181$ & $-0.00128313$ & $-0.00470362$ & $0.00739973$ & $0.00511056$ & $1$ & $0.0134914$ & $-0.131202$ & $-0.126803$ & $-3.61547e-05$ & $0.185624$ & $-0.0355374$ & $0.0320666$ & $-0.0853981$ & $-0.0812018$ & $-0.253782$ & $-0.0342091$ & $-0.0369835$ & $-0.183715$ & $-0.188851$ & $-0.184465$ & $-0.0166353$ & $0.0100748$ & $-0.0763873$ & $0.110761$ & $-0.0793964$ & $-0.064937$ & $-0.00417896$ & $-0.0124788$ & $-0.00434511$ & $0.00984235$ & $-0.0202086$ & $-0.119655$ & $-0.00738531$ & $0.0106187$ & $-0.00246549$ & $0.00335901$ & $-0.000409066$ & $-0.00275232$ & $0.0188292$ & $-0.00179127$ & $0.0203689$ & $-0.0105853$ & $0.0016585$ & $0.0111349$ & $0.00488173$ & $-0.00632101$ & $0.00196249$ \\
CHG & $0.00274871$ & $-0.0215575$ & $0.0158669$ & $-0.0314173$ & $-0.000141874$ & $0.0134914$ & $1$ & $-0.118621$ & $-0.0627512$ & $0.153427$ & $0.0932138$ & $-0.251628$ & $0.0122856$ & $-0.0258618$ & $-0.0228212$ & $0.0498521$ & $0.0692389$ & $0.0674855$ & $-0.0882566$ & $-0.0977734$ & $-0.0956425$ & $-0.0140756$ & $0.0945958$ & $0.0664923$ & $0.0563399$ & $-0.0571318$ & $-0.0244241$ & $0.000820769$ & $-0.0882552$ & $-0.0636578$ & $0.93964$ & $-0.116767$ & $-0.0767114$ & $0.0327118$ & $0.0365105$ & $-0.0201938$ & $-0.0117192$ & $0.0120391$ & $-0.0100876$ & $-0.0217291$ & $-0.0032209$ & $-0.0143691$ & $-0.0157599$ & $-0.0113469$ & $-0.0357239$ & $-0.0279297$ & $0.0139121$ & $-0.0265853$ \\
CHWB & $0.00113421$ & $-0.0374876$ & $-0.0225229$ & $-0.00273017$ & $-0.00572722$ & $-0.131202$ & $-0.118621$ & $1$ & $0.983899$ & $-0.599645$ & $-0.885563$ & $0.440159$ & $0.0987127$ & $0.307662$ & $0.302556$ & $-0.247155$ & $-0.451962$ & $-0.44943$ & $0.855847$ & $0.903518$ & $0.885458$ & $0.066057$ & $-0.678881$ & $-0.414979$ & $-0.513017$ & $0.414771$ & $0.303999$ & $0.0166106$ & $0.131795$ & $0.0520953$ & $-0.108446$ & $0.140168$ & $0.556333$ & $-0.0134125$ & $-0.00720279$ & $0.000872844$ & $0.00160492$ & $0.00448819$ & $0.00695245$ & $0.00762179$ & $0.0132516$ & $0.0051886$ & $-0.00683089$ & $-0.0198675$ & $0.0244412$ & $0.00672267$ & $-0.0187048$ & $-0.013412$ \\
CHWHB_gaga & $-8.94729e-05$ & $-0.0369575$ & $-0.0154053$ & $0.000135037$ & $-0.0054711$ & $-0.126803$ & $-0.0627512$ & $0.983899$ & $1$ & $-0.594341$ & $-0.870223$ & $0.421101$ & $0.0950768$ & $0.302015$ & $0.297903$ & $-0.245585$ & $-0.446166$ & $-0.444251$ & $0.841033$ & $0.887899$ & $0.870364$ & $0.0666315$ & $-0.669545$ & $-0.409$ & $-0.505397$ & $0.409048$ & $0.299491$ & $0.0198881$ & $0.142701$ & $0.0573394$ & $-0.0664735$ & $0.14999$ & $0.547806$ & $-0.0412338$ & $-0.0241716$ & $0.0156748$ & $-0.000960859$ & $0.00513625$ & $0.00436372$ & $0.0272042$ & $0.0115027$ & $0.0546241$ & $0.00384506$ & $-0.0268218$ & $0.0281578$ & $0.00706613$ & $-0.0295772$ & $-0.0150737$ \\
CHWHB_gagaorth & $0.0156253$ & $0.0308249$ & $0.017392$ & $-0.0250806$ & $-0.000532126$ & $-3.61547e-05$ & $0.153427$ & $-0.599645$ & $-0.594341$ & $1$ & $0.317502$ & $-0.600957$ & $0.374002$ & $-0.140685$ & $-0.137542$ & $0.596618$ & $0.64363$ & $0.63746$ & $-0.309631$ & $-0.334337$ & $-0.331744$ & $-0.0600365$ & $0.651742$ & $0.626145$ & $0.198773$ & $-0.221507$ & $-0.112908$ & $-0.0270773$ & $-0.297475$ & $-0.110348$ & $0.125939$ & $-0.348953$ & $-0.355771$ & $0.00641058$ & $-0.000638041$ & $-0.00432556$ & $0.00470907$ & $0.00986851$ & $-0.000938186$ & $-0.0284953$ & $-0.00877686$ & $0.00425427$ & $0.00573113$ & $0.01378$ & $-0.0162982$ & $-0.00978186$ & $-0.00475298$ & $0.00367533$ \\
CHD & $-0.0128491$ & $0.02065$ & $0.0170781$ & $0.0149434$ & $0.0176899$ & $0.185624$ & $0.0932138$ & $-0.885563$ & $-0.870223$ & $0.317502$ & $1$ & $-0.3134$ & $-0.500492$ & $-0.437682$ & $-0.425205$ & $-0.194377$ & $0.105957$ & $0.101841$ & $-0.990594$ & $-0.991226$ & $-0.969211$ & $-0.00726948$ & $0.329533$ & $0.0516987$ & $0.560195$ & $-0.282139$ & $-0.328768$ & $-0.015673$ & $-0.118069$ & $-0.0457144$ & $0.0841856$ & $-0.128134$ & $-0.357075$ & $0.0111614$ & $0.0120881$ & $0.00322724$ & $-0.00440211$ & $-0.0109106$ & $-0.00640722$ & $0.00151946$ & $-0.0136424$ & $0.000955994$ & $0.00818761$ & $0.00962567$ & $-0.0195553$ & $-0.00436824$ & $0.0296103$ & $0.0115108$ \\
CH & $-0.0153647$ & $-0.0189448$ & $-0.00220933$ & $0.0289081$ & $-0.00922031$ & $-0.0355374$ & $-0.251628$ & $0.440159$ & $0.421101$ & $-0.600957$ & $-0.3134$ & $1$ & $-0.105859$ & $0.0940976$ & $0.0896475$ & $-0.260258$ & $-0.314943$ & $-0.310957$ & $0.297739$ & $0.327534$ & $0.32217$ & $0.0498582$ & $-0.392068$ & $-0.296884$ & $-0.192727$ & $0.204337$ & $0.108203$ & $0.0268108$ & $0.126994$ & $0.0849757$ & $-0.250505$ & $0.163468$ & $0.277143$ & $-0.0403591$ & $-0.0231429$ & $0.0243967$ & $-0.00363749$ & $-0.00442585$ & $0.00919371$ & $0.0218054$ & $0.0089286$ & $0.00357036$ & $0.0103369$ & $-0.0256417$ & $0.0289317$ & $0.018997$ & $-0.00820003$ & $-0.0157707$ \\
CHL1_11 & $0.0157255$ & $0.0103217$ & $0.00667943$ & $-0.0238984$ & $0.00356783$ & $0.0320666$ & $0.0122856$ & $0.0987127$ & $0.0950768$ & $0.374002$ & $-0.500492$ & $-0.105859$ & $1$ & $0.293327$ & $0.272305$ & $0.638277$ & $0.565945$ & $0.57258$ & $0.522127$ & $0.45909$ & $0.443769$ & $-0.0922848$ & $0.453939$ & $0.575226$ & $-0.253519$ & $-0.11254$ & $0.144198$ & $0.00588796$ & $0.0190167$ & $0.00611388$ & $0.0139302$ & $0.0263121$ & $-0.236884$ & $-0.00470454$ & $-0.005842$ & $-0.00739321$ & $0.00477325$ & $0.0123853$ & $0.00485286$ & $-0.0118564$ & $0.00574665$ & $-0.00523205$ & $-0.000734824$ & $0.00489924$ & $-0.00347831$ & $0.00122997$ & $-0.0225559$ & $-0.00386011$ \\
CHL1_22 & $0.0214759$ & $-0.0021637$ & $0.00060794$ & $-0.0147699$ & $-0.00229126$ & $-0.0853981$ & $-0.0258618$ & $0.307662$ & $0.302015$ & $-0.140685$ & $-0.437682$ & $0.0940976$ & $0.293327$ & $1$ & $0.439057$ & $0.177645$ & $-0.459014$ & $-0.0221023$ & $0.500993$ & $0.354834$ & $0.343481$ & $-0.175541$ & $0.102525$ & $-0.134314$ & $-0.201788$ & $-0.392041$ & $0.110896$ & $0.00829668$ & $0.0342795$ & $0.0244817$ & $-0.0220725$ & $0.0390697$ & $-0.591031$ & $0.00713386$ & $-0.00351003$ & $-0.00348995$ & $-0.00119822$ & $0.0012125$ & $-0.00456712$ & $0.00328236$ & $0.0117196$ & $-0.000717648$ & $-0.00315242$ & $0.00526738$ & $0.00573279$ & $0.00414265$ & $-0.025694$ & $0.00303006$ \\
CHL1_33 & $0.0125339$ & $0.00016115$ & $0.00881279$ & $-0.00612026$ & $-0.00157758$ & $-0.0812018$ & $-0.0228212$ & $0.302556$ & $0.297903$ & $-0.137542$ & $-0.425205$ & $0.0896475$ & $0.272305$ & $0.439057$ & $1$ & $0.168106$ & $-0.0274986$ & $-0.449594$ & $0.488107$ & $0.344916$ & $0.36315$ & $-0.177595$ & $0.0966817$ & $-0.130509$ & $-0.188466$ & $-0.374882$ & $0.105054$ & $0.00570508$ & $0.0354001$ & $0.0187566$ & $-0.018921$ & $0.0351617$ & $-0.0880045$ & $5.77849e-05$ & $0.00222478$ & $-0.00657659$ & $-0.0115434$ & $0.00117356$ & $-0.00086154$ & $-0.00734507$ & $0.00529979$ & $-0.0182501$ & $-0.000848827$ & $-0.00560229$ & $0.00745811$ & $-0.00414037$ & $-0.0182947$ & $-0.00699446$ \\
CHL3_11 & $0.0131352$ & $0.0284805$ & $0.0156067$ & $-0.0187787$ & $-0.00754108$ & $-0.253782$ & $0.0498521$ & $-0.247155$ & $-0.245585$ & $0.596618$ & $-0.194377$ & $-0.260258$ & $0.638277$ & $0.177645$ & $0.168106$ & $1$ & $0.71615$ & $0.717024$ & $0.220407$ & $0.159905$ & $0.152622$ & $-0.0789052$ & $0.670971$ & $0.763752$ & $-0.0873822$ & $-0.172453$ & $0.0479443$ & $-0.00427195$ & $-0.0326558$ & $-0.0161174$ & $0.0468363$ & $-0.0285366$ & $-0.268995$ & $0.00689138$ & $-0.0148682$ & $-0.00156684$ & $0.00910946$ & $0.00982532$ & $-0.00133745$ & $-0.0236172$ & $-0.00119917$ & $-0.0122038$ & $0.00352519$ & $0.0180652$ & $-0.0088394$ & $-0.00267073$ & $-0.0172529$ & $0.00306752$ \\
CHL3_22 & $0.000181979$ & $0.0233407$ & $0.0142556$ & $-0.00869181$ & $-0.00271733$ & $-0.0342091$ & $0.0692389$ & $-0.451962$ & $-0.446166$ & $0.64363$ & $0.105957$ & $-0.314943$ & $0.565945$ & $-0.459014$ & $-0.0274986$ & $0.71615$ & $1$ & $0.652514$ & $-0.104973$ & $-0.101262$ & $-0.0978438$ & $0.000963954$ & $0.614392$ & $0.786026$ & $0.0629037$ & $-0.00808752$ & $-0.0366902$ & $-0.00815328$ & $-0.0540315$ & $-0.0300687$ & $0.0642078$ & $-0.0543177$ & $0.0292325$ & $-0.000726177$ & $-0.00484718$ & $-0.000543729$ & $0.00498879$ & $0.00651702$ & $0.00253373$ & $-0.020191$ & $-0.00827227$ & $-0.0100307$ & $0.00562828$ & $0.0100534$ & $-0.0119456$ & $-0.00599901$ & $0.00112799$ & $0.000495461$ \\
CHL3_33 & $0.00991637$ & $0.0188903$ & $0.00935836$ & $-0.017566$ & $-0.00244799$ & $-0.0369835$ & $0.0674855$ & $-0.44943$ & $-0.444251$ & $0.63746$ & $0.101841$ & $-0.310957$ & $0.57258$ & $-0.0221023$ & $-0.449594$ & $0.717024$ & $0.652514$ & $1$ & $-0.100991$ & $-0.0972851$ & $-0.0947873$ & $0.00563356$ & $0.613663$ & $0.783003$ & $0.055393$ & $-0.0133169$ & $-0.0331022$ & $-0.00553428$ & $-0.0543922$ & $-0.0259327$ & $0.0624371$ & $-0.0512696$ & $-0.366896$ & $0.00738243$ & $-0.00438898$ & $0.00110265$ & $0.0137836$ & $0.0053518$ & $-0.00166691$ & $-0.0137182$ & $-0.00520646$ & $0.00222289$ & $0.00299006$ & $0.0177$ & $-0.0143198$ & $-0.00282993$ & $-0.00522389$ & $0.00794717$ \\
CHe_11 & $0.00899651$ & $-0.00805467$ & $-0.0109685$ & $-0.0125619$ & $-0.00801452$ & $-0.183715$ & $-0.0882566$ & $0.855847$ & $0.841033$ & $-0.309631$ & $-0.990594$ & $0.297739$ & $0.522127$ & $0.500993$ & $0.488107$ & $0.220407$ & $-0.104973$ & $-0.100991$ & $1$ & $0.972657$ & $0.951677$ & $-0.0184021$ & $-0.273197$ & $-0.0418361$ & $-0.549091$ & $0.207947$ & $0.321491$ & $0.0149867$ & $0.113291$ & $0.0454302$ & $-0.0798371$ & $0.123543$ & $0.277778$ & $-0.011975$ & $-0.0146074$ & $-0.00458316$ & $0.00209366$ & $0.0112513$ & $0.0060157$ & $-0.000251029$ & $0.0135445$ & $-0.00239875$ & $-0.00871525$ & $-0.00914235$ & $0.0177312$ & $0.00447597$ & $-0.0288369$ & $-0.00840718$ \\
CHe_22 & $0.00572341$ & $-0.008647$ & $-0.0128353$ & $-0.0117271$ & $-0.0061173$ & $-0.188851$ & $-0.0977734$ & $0.903518$ & $0.887899$ & $-0.334337$ & $-0.991226$ & $0.327534$ & $0.45909$ & $0.354834$ & $0.344916$ & $0.159905$ & $-0.101262$ & $-0.0972851$ & $0.972657$ & $1$ & $0.974119$ & $0.0367391$ & $-0.385653$ & $-0.0585144$ & $-0.564244$ & $0.362336$ & $0.332113$ & $0.0152541$ & $0.121047$ & $0.0459505$ & $-0.0889892$ & $0.132446$ & $0.442889$ & $-0.014358$ & $-0.0163898$ & $-0.00438137$ & $0.00468245$ & $0.0133781$ & $0.00746674$ & $-0.000460473$ & $0.0130498$ & $-0.000573738$ & $-0.00947968$ & $-0.0100766$ & $0.0164003$ & $0.0051653$ & $-0.026109$ & $-0.0102153$ \\
CHe_33 & $0.0053288$ & $-0.00713907$ & $-0.0135102$ & $-0.0128212$ & $-0.00314855$ & $-0.184465$ & $-0.0956425$ & $0.885458$ & $0.870364$ & $-0.331744$ & $-0.969211$ & $0.32217$ & $0.443769$ & $0.343481$ & $0.36315$ & $0.152622$ & $-0.0978438$ & $-0.0947873$ & $0.951677$ & $0.974119$ & $1$ & $0.0359679$ & $-0.38053$ & $-0.0569097$ & $-0.54963$ & $0.358275$ & $0.324897$ & $0.0149176$ & $0.119473$ & $0.0434601$ & $-0.08625$ & $0.130474$ & $0.440464$ & $-0.0121064$ & $-0.0132702$ & $-0.00362102$ & $0.00415189$ & $0.0146552$ & $0.0044832$ & $0.000719942$ & $0.0127867$ & $0.00101848$ & $-0.00939841$ & $-0.0108186$ & $0.0172073$ & $0.00144727$ & $-0.0254235$ & $-0.00901342$ \\
CHQ1_11 & $-0.0114821$ & $-0.000653853$ & $-0.000734168$ & $0.00298642$ & $-0.0110952$ & $-0.0166353$ & $-0.0140756$ & $0.066057$ & $0.0666315$ & $-0.0600365$ & $-0.00726948$ & $0.0498582$ & $-0.0922848$ & $-0.175541$ & $-0.177595$ & $-0.0789052$ & $0.000963954$ & $0.00563356$ & $-0.0184021$ & $0.0367391$ & $0.0359679$ & $1$ & $-0.143481$ & $0.078217$ & $-0.67683$ & $0.352918$ & $0.0225957$ & $-0.0100088$ & $0.0205616$ & $-0.00557996$ & $-0.0145658$ & $0.0197878$ & $0.205678$ & $-0.0179554$ & $-0.00853558$ & $-0.00824063$ & $0.00645756$ & $0.00796408$ & $-0.00375373$ & $-0.00107914$ & $-0.00109554$ & $-0.00517247$ & $0.00916929$ & $-0.00719673$ & $-0.0177175$ & $-0.00407982$ & $0.0181045$ & $-0.0010488$ \\
CHQ1_33 & $-0.0319405$ & $0.0247603$ & $0.011988$ & $0.00519362$ & $-0.00182743$ & $0.0100748$ & $0.0945958$ & $-0.678881$ & $-0.669545$ & $0.651742$ & $0.329533$ & $-0.392068$ & $0.453939$ & $0.102525$ & $0.0966817$ & $0.670971$ & $0.614392$ & $0.613663$ & $-0.273197$ & $-0.385653$ & $-0.38053$ & $-0.143481$ & $1$ & $0.635318$ & $0.223611$ & $-0.422133$ & $-0.0363211$ & $-0.011976$ & $-0.0870255$ & $-0.0313125$ & $0.0877935$ & $-0.0880017$ & $-0.636108$ & $0.0150505$ & $0.00415221$ & $0.00805665$ & $-0.000535482$ & $-0.00593341$ & $0.00356127$ & $-0.0138081$ & $-0.00079833$ & $-0.006972$ & $0.0233497$ & $0.0100349$ & $-0.0101028$ & $0.00278519$ & $0.0180014$ & $0.014606$ \\
CHQ3_11 & $-0.0805202$ & $0.0280622$ & $-0.0186248$ & $0.0112672$ & $-0.00533108$ & $-0.0763873$ & $0.0664923$ & $-0.414979$ & $-0.409$ & $0.626145$ & $0.0516987$ & $-0.296884$ & $0.575226$ & $-0.134314$ & $-0.130509$ & $0.763752$ & $0.786026$ & $0.783003$ & $-0.0418361$ & $-0.0585144$ & $-0.0569097$ & $0.078217$ & $0.635318$ & $1$ & $0.0392967$ & $0.209332$ & $-0.0270929$ & $-0.00584534$ & $-0.0588057$ & $-0.0252195$ & $0.0603501$ & $-0.0435565$ & $-0.211951$ & $0.00227233$ & $-0.00872121$ & $0.00498902$ & $0.00035946$ & $0.00325348$ & $0.00651581$ & $-0.00773668$ & $-0.00222084$ & $-0.000672424$ & $0.0154486$ & $-0.00859273$ & $-0.000968742$ & $0.0117093$ & $0.0347783$ & $0.0132633$ \\
CHu_11 & $-0.0297426$ & $-0.00445964$ & $-0.010421$ & $0.0129567$ & $0.0152422$ & $0.110761$ & $0.0563399$ & $-0.513017$ & $-0.505397$ & $0.198773$ & $0.560195$ & $-0.192727$ & $-0.253519$ & $-0.201788$ & $-0.188466$ & $-0.0873822$ & $0.0629037$ & $0.055393$ & $-0.549091$ & $-0.564244$ & $-0.54963$ & $-0.67683$ & $0.223611$ & $0.0392967$ & $1$ & $-0.178975$ & $-0.197578$ & $-0.00529253$ & $-0.0799216$ & $-0.0203528$ & $0.0519038$ & $-0.079041$ & $-0.252885$ & $0.022561$ & $0.0181679$ & $0.00976668$ & $-0.0128344$ & $-0.0131201$ & $0.0012949$ & $0.00584445$ & $-0.00521404$ & $0.00986539$ & $0.0024804$ & $0.00167774$ & $0.0142455$ & $0.00669459$ & $0.0153809$ & $0.0125524$ \\
CHd_11 & $-0.0394486$ & $-0.010238$ & $-0.029005$ & $0.00681035$ & $-0.00532084$ & $-0.0793964$ & $-0.0571318$ & $0.414771$ & $0.409048$ & $-0.221507$ & $-0.282139$ & $0.204337$ & $-0.11254$ & $-0.392041$ & $-0.374882$ & $-0.172453$ & $-0.00808752$ & $-0.0133169$ & $0.207947$ & $0.362336$ & $0.358275$ & $0.352918$ & $-0.422133$ & $0.209332$ & $-0.178975$ & $1$ & $0.112015$ & $0.00524159$ & $0.0535642$ & $0.011437$ & $-0.0562971$ & $0.0635412$ & $0.677342$ & $-0.0209026$ & $-0.0137928$ & $0.00692897$ & $0.00107636$ & $0.00216116$ & $0.0098787$ & $0.00709301$ & $0.00422859$ & $0.0122647$ & $-0.0019449$ & $-0.0227104$ & $0.00980205$ & $0.00721634$ & $0.0153582$ & $-0.00553139$ \\
CHd_33 & $0.0189313$ & $-0.0135885$ & $-0.00194195$ & $0.00343084$ & $0.00200711$ & $-0.064937$ & $-0.0244241$ & $0.303999$ & $0.299491$ & $-0.112908$ & $-0.328768$ & $0.108203$ & $0.144198$ & $0.110896$ & $0.105054$ & $0.0479443$ & $-0.0366902$ & $-0.0331022$ & $0.321491$ & $0.332113$ & $0.324897$ & $0.0225957$ & $-0.0363211$ & $-0.0270929$ & $-0.197578$ & $0.112015$ & $1$ & $0.00236223$ & $0.0381906$ & $0.00788741$ & $-0.0218829$ & $0.0412506$ & $0.157444$ & $-0.00533402$ & $0.00114062$ & $0.00902814$ & $-0.00316011$ & $-0.000225373$ & $0.00750826$ & $0.0145584$ & $0.00575401$ & $0.0129462$ & $0.00593959$ & $-0.000383919$ & $0.00435235$ & $-0.00310393$ & $-0.00975827$ & $-0.00705972$ \\
CeH_22r & $0.0135779$ & $0.00560843$ & $0.0114098$ & $-0.00528087$ & $-0.000123296$ & $-0.00417896$ & $0.000820769$ & $0.0166106$ & $0.0198881$ & $-0.0270773$ & $-0.015673$ & $0.0268108$ & $0.00588796$ & $0.00829668$ & $0.00570508$ & $-0.00427195$ & $-0.00815328$ & $-0.00553428$ & $0.0149867$ & $0.0152541$ & $0.0149176$ & $-0.0100088$ & $-0.011976$ & $-0.00584534$ & $-0.00529253$ & $0.00524159$ & $0.00236223$ & $1$ & $0.0237381$ & $0.00707395$ & $-0.0175899$ & $0.0234409$ & $0.00588998$ & $-0.0258705$ & $-0.0186883$ & $-0.015604$ & $0.00464261$ & $0.00917741$ & $-0.00339525$ & $-0.0021555$ & $0.0084167$ & $0.00035827$ & $-0.00115739$ & $-0.00167295$ & $-0.00442946$ & $-0.00410549$ & $-0.0128508$ & $-0.00839614$ \\
CeH_33r & $0.0154488$ & $0.0353774$ & $0.0205621$ & $0.00781177$ & $-0.00700813$ & $-0.0124788$ & $-0.0882552$ & $0.131795$ & $0.142701$ & $-0.297475$ & $-0.118069$ & $0.126994$ & $0.0190167$ & $0.0342795$ & $0.0354001$ & $-0.0326558$ & $-0.0540315$ & $-0.0543922$ & $0.113291$ & $0.121047$ & $0.119473$ & $0.0205616$ & $-0.0870255$ & $-0.0588057$ & $-0.0799216$ & $0.0535642$ & $0.0381906$ & $0.0237381$ & $1$ & $0.298496$ & $0.0416172$ & $0.627231$ & $0.0779431$ & $-0.046184$ & $-0.0414053$ & $-0.117813$ & $-0.0179197$ & $0.0591842$ & $-0.00478228$ & $-0.00222348$ & $0.00118121$ & $-0.0442193$ & $-0.0355212$ & $0.0579663$ & $-0.0166707$ & $-0.000726233$ & $-0.0192764$ & $-0.00158897$ \\
CuH_22r & $-0.0580026$ & $-0.00435811$ & $-0.0098563$ & $0.0630592$ & $-0.00144904$ & $-0.00434511$ & $-0.0636578$ & $0.0520953$ & $0.0573394$ & $-0.110348$ & $-0.0457144$ & $0.0849757$ & $0.00611388$ & $0.0244817$ & $0.0187566$ & $-0.0161174$ & $-0.0300687$ & $-0.0259327$ & $0.0454302$ & $0.0459505$ & $0.0434601$ & $-0.00557996$ & $-0.0313125$ & $-0.0252195$ & $-0.0203528$ & $0.011437$ & $0.00788741$ & $0.00707395$ & $0.298496$ & $1$ & $0.0146567$ & $0.348745$ & $0.0201589$ & $-0.00630721$ & $-0.0902118$ & $-0.00707175$ & $-0.0161898$ & $-0.00150668$ & $-0.001179$ & $-0.0150366$ & $0.00206041$ & $-0.0210029$ & $0.0350753$ & $0.000231114$ & $0.0990788$ & $0.298228$ & $0.0459847$ & $-0.0201294$ \\
CuH_33r & $-0.00801046$ & $-0.0296779$ & $-0.0127844$ & $-0.0313661$ & $-0.00493282$ & $0.00984235$ & $0.93964$ & $-0.108446$ & $-0.0664735$ & $0.125939$ & $0.0841856$ & $-0.250505$ & $0.0139302$ & $-0.0220725$ & $-0.018921$ & $0.0468363$ & $0.0642078$ & $0.0624371$ & $-0.0798371$ & $-0.0889892$ & $-0.08625$ & $-0.0145658$ & $0.0877935$ & $0.0603501$ & $0.0519038$ & $-0.0562971$ & $-0.0218829$ & $-0.0175899$ & $0.0416172$ & $0.0146567$ & $1$ & $0.0543333$ & $-0.0718173$ & $0.101734$ & $0.0933763$ & $-0.0560264$ & $-0.0113374$ & $0.0159361$ & $-0.00367072$ & $-0.042606$ & $-0.00295878$ & $-0.0491878$ & $-0.0393343$ & $0.0110448$ & $-0.0323327$ & $-0.0360235$ & $0.0388631$ & $-0.01166$ \\
CdH_33r & $-0.116187$ & $0.0842882$ & $-0.057487$ & $0.202323$ & $-0.00967325$ & $-0.0202086$ & $-0.116767$ & $0.140168$ & $0.14999$ & $-0.348953$ & $-0.128134$ & $0.163468$ & $0.0263121$ & $0.0390697$ & $0.0351617$ & $-0.0285366$ & $-0.0543177$ & $-0.0512696$ & $0.123543$ & $0.132446$ & $0.130474$ & $0.0197878$ & $-0.0880017$ & $-0.0435565$ & $-0.079041$ & $0.0635412$ & $0.0412506$ & $0.0234409$ & $0.627231$ & $0.348745$ & $0.0543333$ & $1$ & $0.0825614$ & $0.0681811$ & $-0.0185718$ & $-0.0862928$ & $-0.00360406$ & $0.010815$ & $-0.00625381$ & $0.0284912$ & $-0.00621726$ & $-0.0205983$ & $-0.038219$ & $0.21403$ & $-0.00272733$ & $-0.0101194$ & $0.172075$ & $0.422831$ \\
CLL_1221 & $-0.0188054$ & $0.00228593$ & $-0.0114891$ & $0.0120196$ & $-0.00702696$ & $-0.119655$ & $-0.0767114$ & $0.556333$ & $0.547806$ & $-0.355771$ & $-0.357075$ & $0.277143$ & $-0.236884$ & $-0.591031$ & $-0.0880045$ & $-0.268995$ & $0.0292325$ & $-0.366896$ & $0.277778$ & $0.442889$ & $0.440464$ & $0.205678$ & $-0.636108$ & $-0.211951$ & $-0.252885$ & $0.677342$ & $0.157444$ & $0.00588998$ & $0.0779431$ & $0.0201589$ & $-0.0718173$ & $0.0825614$ & $1$ & $-0.0173064$ & $-0.0119126$ & $-0.00140788$ & $0.00284776$ & $0.00946846$ & $0.00807762$ & $0.0024757$ & $1.6955e-05$ & $0.000526784$ & $-0.00890975$ & $-0.014274$ & $0.010977$ & $0.000220966$ & $0.00594801$ & $-0.00963128$ \\
eHggint & $-0.0938311$ & $-0.0933368$ & $-0.310292$ & $0.0624134$ & $-0.0178116$ & $-0.00738531$ & $0.0327118$ & $-0.0134125$ & $-0.0412338$ & $0.00641058$ & $0.0111614$ & $-0.0403591$ & $-0.00470454$ & $0.00713386$ & $5.77849e-05$ & $0.00689138$ & $-0.000726177$ & $0.00738243$ & $-0.011975$ & $-0.014358$ & $-0.0121064$ & $-0.0179554$ & $0.0150505$ & $0.00227233$ & $0.022561$ & $-0.0209026$ & $-0.00533402$ & $-0.0258705$ & $-0.046184$ & $-0.00630721$ & $0.101734$ & $0.0681811$ & $-0.0173064$ & $1$ & $0.353099$ & $-0.0597389$ & $0.0620943$ & $-0.0966665$ & $0.0621628$ & $-0.22235$ & $0.0565184$ & $-0.265415$ & $-0.189111$ & $0.345727$ & $0.0672334$ & $0.0136117$ & $0.29338$ & $0.253998$ \\
eHggpar & $-0.0499294$ & $-0.214651$ & $-0.273939$ & $-0.113742$ & $-0.012044$ & $0.0106187$ & $0.0365105$ & $-0.00720279$ & $-0.0241716$ & $-0.000638041$ & $0.0120881$ & $-0.0231429$ & $-0.005842$ & $-0.00351003$ & $0.00222478$ & $-0.0148682$ & $-0.00484718$ & $-0.00438898$ & $-0.0146074$ & $-0.0163898$ & $-0.0132702$ & $-0.00853558$ & $0.00415221$ & $-0.00872121$ & $0.0181679$ & $-0.0137928$ & $0.00114062$ & $-0.0186883$ & $-0.0414053$ & $-0.0902118$ & $0.0933763$ & $-0.0185718$ & $-0.0119126$ & $0.353099$ & $1$ & $-0.0940472$ & $0.0335718$ & $-0.162103$ & $0.0189125$ & $-0.00828457$ & $0.017775$ & $-0.113824$ & $-0.113946$ & $-0.106701$ & $-0.0294931$ & $-0.273189$ & $0.195017$ & $0.009143$ \\
eHWWint & $-0.0295275$ & $-0.232122$ & $0.041705$ & $0.100773$ & $0.0236524$ & $-0.00246549$ & $-0.0201938$ & $0.000872844$ & $0.0156748$ & $-0.00432556$ & $0.00322724$ & $0.0243967$ & $-0.00739321$ & $-0.00348995$ & $-0.00657659$ & $-0.00156684$ & $-0.000543729$ & $0.00110265$ & $-0.00458316$ & $-0.00438137$ & $-0.00362102$ & $-0.00824063$ & $0.00805665$ & $0.00498902$ & $0.00976668$ & $0.00692897$ & $0.00902814$ & $-0.015604$ & $-0.117813$ & $-0.00707175$ & $-0.0560264$ & $-0.0862928$ & $-0.00140788$ & $-0.0597389$ & $-0.0940472$ & $1$ & $-0.0154944$ & $-0.412325$ & $0.0314338$ & $0.152137$ & $-0.0309933$ & $0.387863$ & $0.451929$ & $-0.17414$ & $0.139922$ & $0.137619$ & $0.0311307$ & $0.0718412$ \\
eHWWpar & $0.0380095$ & $-0.0271243$ & $-0.0380316$ & $-0.0197309$ & $0.00999755$ & $0.00335901$ & $-0.0117192$ & $0.00160492$ & $-0.000960859$ & $0.00470907$ & $-0.00440211$ & $-0.00363749$ & $0.00477325$ & $-0.00119822$ & $-0.0115434$ & $0.00910946$ & $0.00498879$ & $0.0137836$ & $0.00209366$ & $0.00468245$ & $0.00415189$ & $0.00645756$ & $-0.000535482$ & $0.00035946$ & $-0.0128344$ & $0.00107636$ & $-0.00316011$ & $0.00464261$ & $-0.0179197$ & $-0.0161898$ & $-0.0113374$ & $-0.00360406$ & $0.00284776$ & $0.0620943$ & $0.0335718$ & $-0.0154944$ & $1$ & $-0.00913521$ & $-0.012116$ & $0.0588265$ & $0.00572199$ & $-0.0144112$ & $-0.0328977$ & $0.046463$ & $-0.0382197$ & $-0.00427607$ & $0.00621983$ & $0.0490631$ \\
eHZZint & $0.0102722$ & $0.232639$ & $-0.0612547$ & $-0.293709$ & $-0.0219869$ & $-0.000409066$ & $0.0120391$ & $0.00448819$ & $0.00513625$ & $0.00986851$ & $-0.0109106$ & $-0.00442585$ & $0.0123853$ & $0.0012125$ & $0.00117356$ & $0.00982532$ & $0.00651702$ & $0.0053518$ & $0.0112513$ & $0.0133781$ & $0.0146552$ & $0.00796408$ & $-0.00593341$ & $0.00325348$ & $-0.0131201$ & $0.00216116$ & $-0.000225373$ & $0.00917741$ & $0.0591842$ & $-0.00150668$ & $0.0159361$ & $0.010815$ & $0.00946846$ & $-0.0966665$ & $-0.162103$ & $-0.412325$ & $-0.00913521$ & $1$ & $-0.020459$ & $-0.183957$ & $0.027651$ & $-0.0898991$ & $-0.383152$ & $0.163961$ & $0.0383201$ & $-0.0933731$ & $-0.378001$ & $-0.00892717$ \\
eHZZpar & $-0.068171$ & $-0.00280498$ & $0.000497665$ & $0.00257975$ & $0.0116194$ & $-0.00275232$ & $-0.0100876$ & $0.00695245$ & $0.00436372$ & $-0.000938186$ & $-0.00640722$ & $0.00919371$ & $0.00485286$ & $-0.00456712$ & $-0.00086154$ & $-0.00133745$ & $0.00253373$ & $-0.00166691$ & $0.0060157$ & $0.00746674$ & $0.0044832$ & $-0.00375373$ & $0.00356127$ & $0.00651581$ & $0.0012949$ & $0.0098787$ & $0.00750826$ & $-0.00339525$ & $-0.00478228$ & $-0.001179$ & $-0.00367072$ & $-0.00625381$ & $0.00807762$ & $0.0621628$ & $0.0189125$ & $0.0314338$ & $-0.012116$ & $-0.020459$ & $1$ & $-0.00728874$ & $0.00120427$ & $-0.026412$ & $0.00878814$ & $-0.00710401$ & $-0.0157339$ & $0.0207624$ & $-0.0121136$ & $-0.00768002$ \\
eHZgaint & $-0.0941955$ & $0.0646514$ & $-0.11156$ & $0.234486$ & $0.0364327$ & $0.0188292$ & $-0.0217291$ & $0.00762179$ & $0.0272042$ & $-0.0284953$ & $0.00151946$ & $0.0218054$ & $-0.0118564$ & $0.00328236$ & $-0.00734507$ & $-0.0236172$ & $-0.020191$ & $-0.0137182$ & $-0.000251029$ & $-0.000460473$ & $0.000719942$ & $-0.00107914$ & $-0.0138081$ & $-0.00773668$ & $0.00584445$ & $0.00709301$ & $0.0145584$ & $-0.0021555$ & $-0.00222348$ & $-0.0150366$ & $-0.042606$ & $0.0284912$ & $0.0024757$ & $-0.22235$ & $-0.00828457$ & $0.152137$ & $0.0588265$ & $-0.183957$ & $-0.00728874$ & $1$ & $0.00648556$ & $0.393177$ & $0.278609$ & $-0.0934698$ & $0.0560255$ & $0.0161386$ & $0.131218$ & $0.0399085$ \\
eHZgapar & $-0.0273978$ & $0.00324664$ & $-0.0239298$ & $-0.0360931$ & $0.0125775$ & $-0.00179127$ & $-0.0032209$ & $0.0132516$ & $0.0115027$ & $-0.00877686$ & $-0.0136424$ & $0.0089286$ & $0.00574665$ & $0.0117196$ & $0.00529979$ & $-0.00119917$ & $-0.00827227$ & $-0.00520646$ & $0.0135445$ & $0.0130498$ & $0.0127867$ & $-0.00109554$ & $-0.00079833$ & $-0.00222084$ & $-0.00521404$ & $0.00422859$ & $0.00575401$ & $0.0084167$ & $0.00118121$ & $0.00206041$ & $-0.00295878$ & $-0.00621726$ & $1.6955e-05$ & $0.0565184$ & $0.017775$ & $-0.0309933$ & $0.00572199$ & $0.027651$ & $0.00120427$ & $0.00648556$ & $1$ & $0.000411834$ & $0.0100293$ & $-0.0156946$ & $0.0174898$ & $0.0192241$ & $-0.0224052$ & $0.00646787$ \\
eHgagaint & $-0.0286183$ & $-0.0871376$ & $0.00214001$ & $0.139636$ & $0.0292391$ & $0.0203689$ & $-0.0143691$ & $0.0051886$ & $0.0546241$ & $0.00425427$ & $0.000955994$ & $0.00357036$ & $-0.00523205$ & $-0.000717648$ & $-0.0182501$ & $-0.0122038$ & $-0.0100307$ & $0.00222289$ & $-0.00239875$ & $-0.000573738$ & $0.00101848$ & $-0.00517247$ & $-0.006972$ & $-0.000672424$ & $0.00986539$ & $0.0122647$ & $0.0129462$ & $0.00035827$ & $-0.0442193$ & $-0.0210029$ & $-0.0491878$ & $-0.0205983$ & $0.000526784$ & $-0.265415$ & $-0.113824$ & $0.387863$ & $-0.0144112$ & $-0.0898991$ & $-0.026412$ & $0.393177$ & $0.000411834$ & $1$ & $0.214683$ & $-0.0946482$ & $0.173443$ & $0.0110538$ & $-0.108585$ & $0.081935$ \\
eHmumuint & $-0.156195$ & $-0.228254$ & $0.102571$ & $0.210795$ & $0.00736597$ & $-0.0105853$ & $-0.0157599$ & $-0.00683089$ & $0.00384506$ & $0.00573113$ & $0.00818761$ & $0.0103369$ & $-0.000734824$ & $-0.00315242$ & $-0.000848827$ & $0.00352519$ & $0.00562828$ & $0.00299006$ & $-0.00871525$ & $-0.00947968$ & $-0.00939841$ & $0.00916929$ & $0.0233497$ & $0.0154486$ & $0.0024804$ & $-0.0019449$ & $0.00593959$ & $-0.00115739$ & $-0.0355212$ & $0.0350753$ & $-0.0393343$ & $-0.038219$ & $-0.00890975$ & $-0.189111$ & $-0.113946$ & $0.451929$ & $-0.0328977$ & $-0.383152$ & $0.00878814$ & $0.278609$ & $0.0100293$ & $0.214683$ & $1$ & $-0.121674$ & $0.0692818$ & $0.189453$ & $0.398023$ & $-0.104024$ \\
eHtautauint & $0.188081$ & $0.171973$ & $-0.110217$ & $0.151185$ & $-0.0164336$ & $0.0016585$ & $-0.0113469$ & $-0.0198675$ & $-0.0268218$ & $0.01378$ & $0.00962567$ & $-0.0256417$ & $0.00489924$ & $0.00526738$ & $-0.00560229$ & $0.0180652$ & $0.0100534$ & $0.0177$ & $-0.00914235$ & $-0.0100766$ & $-0.0108186$ & $-0.00719673$ & $0.0100349$ & $-0.00859273$ & $0.00167774$ & $-0.0227104$ & $-0.000383919$ & $-0.00167295$ & $0.0579663$ & $0.000231114$ & $0.0110448$ & $0.21403$ & $-0.014274$ & $0.345727$ & $-0.106701$ & $-0.17414$ & $0.046463$ & $0.163961$ & $-0.00710401$ & $-0.0934698$ & $-0.0156946$ & $-0.0946482$ & $-0.121674$ & $1$ & $-0.121845$ & $0.00585399$ & $0.134814$ & $0.451941$ \\
eHccint & $-0.163123$ & $-0.173276$ & $-0.329353$ & $0.134778$ & $0.00983525$ & $0.0111349$ & $-0.0357239$ & $0.0244412$ & $0.0281578$ & $-0.0162982$ & $-0.0195553$ & $0.0289317$ & $-0.00347831$ & $0.00573279$ & $0.00745811$ & $-0.0088394$ & $-0.0119456$ & $-0.0143198$ & $0.0177312$ & $0.0164003$ & $0.0172073$ & $-0.0177175$ & $-0.0101028$ & $-0.000968742$ & $0.0142455$ & $0.00980205$ & $0.00435235$ & $-0.00442946$ & $-0.0166707$ & $0.0990788$ & $-0.0323327$ & $-0.00272733$ & $0.010977$ & $0.0672334$ & $-0.0294931$ & $0.139922$ & $-0.0382197$ & $0.0383201$ & $-0.0157339$ & $0.0560255$ & $0.0174898$ & $0.173443$ & $0.0692818$ & $-0.121845$ & $1$ & $0.147098$ & $-0.0996077$ & $0.0396308$ \\
eHccpar & $-0.172613$ & $-0.0281048$ & $0.0161392$ & $0.207362$ & $0.00700066$ & $0.00488173$ & $-0.0279297$ & $0.00672267$ & $0.00706613$ & $-0.00978186$ & $-0.00436824$ & $0.018997$ & $0.00122997$ & $0.00414265$ & $-0.00414037$ & $-0.00267073$ & $-0.00599901$ & $-0.00282993$ & $0.00447597$ & $0.0051653$ & $0.00144727$ & $-0.00407982$ & $0.00278519$ & $0.0117093$ & $0.00669459$ & $0.00721634$ & $-0.00310393$ & $-0.00410549$ & $-0.000726233$ & $0.298228$ & $-0.0360235$ & $-0.0101194$ & $0.000220966$ & $0.0136117$ & $-0.273189$ & $0.137619$ & $-0.00427607$ & $-0.0933731$ & $0.0207624$ & $0.0161386$ & $0.0192241$ & $0.0110538$ & $0.189453$ & $0.00585399$ & $0.147098$ & $1$ & $0.180697$ & $-0.0700924$ \\
eHbbint & $-0.463023$ & $-0.00143748$ & $-0.180584$ & $0.507326$ & $-0.00175303$ & $-0.00632101$ & $0.0139121$ & $-0.0187048$ & $-0.0295772$ & $-0.00475298$ & $0.0296103$ & $-0.00820003$ & $-0.0225559$ & $-0.025694$ & $-0.0182947$ & $-0.0172529$ & $0.00112799$ & $-0.00522389$ & $-0.0288369$ & $-0.026109$ & $-0.0254235$ & $0.0181045$ & $0.0180014$ & $0.0347783$ & $0.0153809$ & $0.0153582$ & $-0.00975827$ & $-0.0128508$ & $-0.0192764$ & $0.0459847$ & $0.0388631$ & $0.172075$ & $0.00594801$ & $0.29338$ & $0.195017$ & $0.0311307$ & $0.00621983$ & $-0.378001$ & $-0.0121136$ & $0.131218$ & $-0.0224052$ & $-0.108585$ & $0.398023$ & $0.134814$ & $-0.0996077$ & $0.180697$ & $1$ & $0.192752$ \\
eHbbpar & $-0.152074$ & $0.126164$ & $-0.138956$ & $0.334353$ & $-0.00190591$ & $0.00196249$ & $-0.0265853$ & $-0.013412$ & $-0.0150737$ & $0.00367533$ & $0.0115108$ & $-0.0157707$ & $-0.00386011$ & $0.00303006$ & $-0.00699446$ & $0.00306752$ & $0.000495461$ & $0.00794717$ & $-0.00840718$ & $-0.0102153$ & $-0.00901342$ & $-0.0010488$ & $0.014606$ & $0.0132633$ & $0.0125524$ & $-0.00553139$ & $-0.00705972$ & $-0.00839614$ & $-0.00158897$ & $-0.0201294$ & $-0.01166$ & $0.422831$ & $-0.00963128$ & $0.253998$ & $0.009143$ & $0.0718412$ & $0.0490631$ & $-0.00892717$ & $-0.00768002$ & $0.0399085$ & $0.00646787$ & $0.081935$ & $-0.104024$ & $0.451941$ & $0.0396308$ & $-0.0700924$ & $0.192752$ & $1$ \\
