 & AlsMz & dAle5Mz & mtop & mHl & Mz & CW & CHG & CHWB & CHWHB_gaga & CHWHB_gagaorth & CHD & CHbox & CH & CHL1_11 & CHL1_22 & CHL1_33 & CHL3_11 & CHL3_22 & CHL3_33 & CHe_11 & CHe_22 & CHe_33 & CHQ1_11 & CHQ1_33 & CHQ3_11 & CHu_11 & CHd_11 & CHd_33 & CeH_22r & CeH_33r & CuH_22r & CuH_33r & CdH_33r & CLL_1221 & eHggint & eHggpar & eHWWint & eHWWpar & eHZZint & eHZZpar & eHZgaint & eHZgapar & eHgagaint & eHmumuint & eHtautauint & eHccint & eHccpar & eHbbint & eHbbpar \\
AlsMz & $1$ & $0.0363238$ & $0.00350919$ & $0.0369024$ & $-0.0443487$ & $-0.0228564$ & $0.0302726$ & $-0.0108378$ & $-0.00959828$ & $0.0138218$ & $-0.0105588$ & $0.0129623$ & $-0.0105667$ & $0.00422259$ & $0.0186434$ & $0.0264734$ & $0.0188615$ & $0.00650982$ & $-0.00315841$ & $0.00439358$ & $-0.00367206$ & $-0.00780954$ & $-0.0116652$ & $-0.0399007$ & $-0.13855$ & $-0.0674515$ & $-0.0747577$ & $0.0169509$ & $0.0146707$ & $-0.0484474$ & $0.0216241$ & $0.0182016$ & $-0.0124177$ & $-0.0231848$ & $-0.00874378$ & $-0.0188716$ & $-0.0144008$ & $0.00840378$ & $0.0100873$ & $-0.00521328$ & $0.05408$ & $-0.0256904$ & $-0.0264125$ & $-0.000658944$ & $-0.027013$ & $-0.00426141$ & $0.00858855$ & $0.00560452$ & $-0.0140823$ \\
dAle5Mz & $0.0363238$ & $1$ & $-0.0564933$ & $-0.00239193$ & $-0.0175312$ & $-0.0140624$ & $0.0186706$ & $-0.0693856$ & $-0.0723292$ & $0.00154801$ & $0.0543695$ & $0.02944$ & $-0.0110279$ & $-0.0397737$ & $-0.00662053$ & $0.0345229$ & $0.0106518$ & $-0.00036051$ & $-0.0258738$ & $-0.0245077$ & $-0.0301035$ & $-0.0281236$ & $0.0174561$ & $0.025127$ & $-0.00932525$ & $-0.00578005$ & $-0.0149734$ & $-0.0300223$ & $0.0072453$ & $0.021613$ & $-0.0195835$ & $0.0315099$ & $-0.0242472$ & $0.0238526$ & $0.0308168$ & $-0.0283381$ & $0.0683869$ & $-0.00445795$ & $0.0360737$ & $-0.0086746$ & $-0.021558$ & $-0.00760912$ & $-0.0223417$ & $0.029281$ & $0.0191076$ & $-0.00547735$ & $-0.00535074$ & $0.00428301$ & $-0.0440222$ \\
mtop & $0.00350919$ & $-0.0564933$ & $1$ & $0.0151046$ & $0.0116018$ & $-0.00661288$ & $-0.0101913$ & $0.0236978$ & $0.0274352$ & $0.0139766$ & $-0.0339944$ & $0.00420934$ & $-0.00873627$ & $0.0469864$ & $0.0272819$ & $0.0643579$ & $0.0454725$ & $0.0226217$ & $-0.0052361$ & $0.0405589$ & $0.0359615$ & $0.0402827$ & $-0.00541016$ & $0.0192277$ & $-0.00203824$ & $-0.0388942$ & $-0.0449946$ & $0.0276848$ & $0.00231745$ & $0.00724984$ & $0.00988639$ & $-0.00117349$ & $-0.00271477$ & $0.00154483$ & $0.0372225$ & $-0.0142589$ & $-0.00918739$ & $-0.00611807$ & $-0.0169311$ & $-0.0300541$ & $0.0461755$ & $0.0271677$ & $0.0325727$ & $-0.0095593$ & $-0.0129094$ & $-0.0565812$ & $0.0566093$ & $-0.0940805$ & $0.0323991$ \\
mHl & $0.0369024$ & $-0.00239193$ & $0.0151046$ & $1$ & $-0.0364999$ & $0.0331585$ & $0.00149028$ & $-0.00920316$ & $-0.0100744$ & $0.0225929$ & $-0.00114758$ & $0.00165788$ & $-0.000777592$ & $0.0173009$ & $-0.0324263$ & $-0.00436878$ & $0.0239377$ & $0.038478$ & $0.0220687$ & $-0.00417938$ & $-0.000234508$ & $0.00316154$ & $0.0319623$ & $0.00333858$ & $0.0171759$ & $-0.0105901$ & $0.0114948$ & $-0.0486862$ & $0.0208374$ & $-0.0247947$ & $0.00313626$ & $-0.00484676$ & $0.0417229$ & $0.0208374$ & $-0.0496108$ & $0.00230491$ & $-0.0215628$ & $0.00889647$ & $0.0206318$ & $0.00185353$ & $0.00700974$ & $-0.0169102$ & $-0.0212623$ & $-0.0829658$ & $-0.0194091$ & $-0.0133415$ & $-0.0113449$ & $-0.0123651$ & $0.045435$ \\
Mz & $-0.0443487$ & $-0.0175312$ & $0.0116018$ & $-0.0364999$ & $1$ & $-0.00329103$ & $0.0210714$ & $-0.0100405$ & $-0.0147875$ & $0.01228$ & $0.0339795$ & $0.0137907$ & $0.0022199$ & $-0.0300675$ & $0.000154076$ & $-0.0236565$ & $-0.028374$ & $-0.0319993$ & $-0.0136241$ & $-0.0289534$ & $-0.0223071$ & $-0.0284994$ & $0.0315461$ & $-0.0140095$ & $-0.00723107$ & $0.00680298$ & $0.016065$ & $-0.00634495$ & $-0.0276932$ & $0.0299099$ & $-0.00847306$ & $0.0270858$ & $-0.00892297$ & $-0.012571$ & $0.0103093$ & $-0.0274713$ & $-0.00773648$ & $-0.0640121$ & $0.0342067$ & $0.0117778$ & $0.0111306$ & $0.00235946$ & $-0.0181048$ & $0.0282591$ & $-0.0364256$ & $-0.0532745$ & $-0.0151508$ & $0.0111908$ & $-0.0226318$ \\
CW & $-0.0228564$ & $-0.0140624$ & $-0.00661288$ & $0.0331585$ & $-0.00329103$ & $1$ & $0.0125022$ & $-0.149028$ & $-0.139964$ & $0.0595026$ & $0.196264$ & $0.0822919$ & $-0.0109614$ & $0.0318064$ & $-0.0663326$ & $-0.0866724$ & $-0.232199$ & $-0.0360307$ & $-0.0163824$ & $-0.192313$ & $-0.197928$ & $-0.19168$ & $0.018476$ & $0.0261832$ & $-0.0343658$ & $0.101333$ & $-0.0597656$ & $-0.110393$ & $0.0236273$ & $0.00336034$ & $-0.0534703$ & $0.0157625$ & $-0.0296574$ & $-0.153084$ & $0.00462731$ & $-0.00888584$ & $-0.0282713$ & $-0.000192665$ & $0.00707489$ & $0.0305093$ & $-0.00362248$ & $0.0215741$ & $0.0316572$ & $-0.00483659$ & $-0.0126069$ & $-0.0152915$ & $-0.0335142$ & $-0.0137109$ & $-0.047322$ \\
CHG & $0.0302726$ & $0.0186706$ & $-0.0101913$ & $0.00149028$ & $0.0210714$ & $0.0125022$ & $1$ & $-0.124408$ & $-0.0811879$ & $0.123519$ & $0.0784158$ & $0.228749$ & $-0.317714$ & $0.0565475$ & $-0.0395994$ & $-0.0736881$ & $0.0934837$ & $0.109189$ & $0.132489$ & $-0.0829039$ & $-0.0793566$ & $-0.0809315$ & $-0.0195521$ & $0.108502$ & $0.103852$ & $0.0469456$ & $-0.0398679$ & $-0.0619866$ & $0.0202476$ & $-0.105414$ & $-0.0449337$ & $0.935436$ & $-0.143852$ & $-0.0704302$ & $-0.0179255$ & $-0.0165204$ & $0.0634873$ & $-0.0118814$ & $-0.00910392$ & $-0.0052974$ & $-0.00305571$ & $-0.0188615$ & $0.0240047$ & $-0.0103042$ & $-0.0108038$ & $-0.0362946$ & $-0.0330081$ & $-0.00754859$ & $-0.0257694$ \\
CHWB & $-0.0108378$ & $-0.0693856$ & $0.0236978$ & $-0.00920316$ & $-0.0100405$ & $-0.149028$ & $-0.124408$ & $1$ & $0.98349$ & $-0.561212$ & $-0.886394$ & $-0.415569$ & $0.323523$ & $0.129339$ & $0.307031$ & $0.276896$ & $-0.225847$ & $-0.421842$ & $-0.407597$ & $0.860216$ & $0.902313$ & $0.88504$ & $0.0937305$ & $-0.667619$ & $-0.376047$ & $-0.531637$ & $0.437579$ & $0.310031$ & $0.0227524$ & $0.0887899$ & $0.0595376$ & $-0.109416$ & $0.1062$ & $0.57201$ & $0.0323045$ & $-0.0209241$ & $-0.0388876$ & $0.00346405$ & $-0.00570616$ & $-0.0217577$ & $0.00759374$ & $-0.0381255$ & $0.0378138$ & $-0.00993861$ & $0.0136518$ & $0.043465$ & $-0.0201182$ & $-0.0322874$ & $0.0231427$ \\
CHWHB_gaga & $-0.00959828$ & $-0.0723292$ & $0.0274352$ & $-0.0100744$ & $-0.0147875$ & $-0.139964$ & $-0.0811879$ & $0.98349$ & $1$ & $-0.553388$ & $-0.867832$ & $-0.39378$ & $0.318665$ & $0.121061$ & $0.304784$ & $0.276954$ & $-0.232802$ & $-0.423642$ & $-0.411955$ & $0.842782$ & $0.882484$ & $0.866572$ & $0.0951713$ & $-0.661227$ & $-0.378837$ & $-0.527785$ & $0.424027$ & $0.302802$ & $0.0346981$ & $0.116295$ & $0.0730179$ & $-0.0737961$ & $0.131522$ & $0.558882$ & $0.0110518$ & $-0.0389268$ & $-0.0523317$ & $-0.0036568$ & $-0.00633423$ & $-0.0195704$ & $0.00199019$ & $-0.0344774$ & $0.110049$ & $-0.0147322$ & $0.00965234$ & $0.0416695$ & $-0.0196403$ & $-0.0406563$ & $0.0205283$ \\
CHWHB_gagaorth & $0.0138218$ & $0.00154801$ & $0.0139766$ & $0.0225929$ & $0.01228$ & $0.0595026$ & $0.123519$ & $-0.561212$ & $-0.553388$ & $1$ & $0.358339$ & $0.657106$ & $-0.235444$ & $0.213555$ & $-0.134671$ & $-0.120572$ & $0.414147$ & $0.474146$ & $0.476001$ & $-0.346897$ & $-0.372525$ & $-0.361383$ & $-0.0538876$ & $0.549714$ & $0.446962$ & $0.226421$ & $-0.240006$ & $-0.111133$ & $0.0218806$ & $-0.156922$ & $-0.0612745$ & $0.133012$ & $-0.118337$ & $-0.349079$ & $0.0403011$ & $0.0110728$ & $-0.00427844$ & $0.0122305$ & $0.0143071$ & $0.0026295$ & $-0.0453189$ & $0.0180891$ & $-0.0292367$ & $-0.00772216$ & $-0.0299288$ & $-0.0577354$ & $0.0304646$ & $0.0332016$ & $0.0151455$ \\
CHD & $-0.0105588$ & $0.0543695$ & $-0.0339944$ & $-0.00114758$ & $0.0339795$ & $0.196264$ & $0.0784158$ & $-0.886394$ & $-0.867832$ & $0.358339$ & $1$ & $0.340872$ & $-0.148245$ & $-0.526666$ & $-0.415512$ & $-0.400013$ & $-0.217255$ & $0.0634826$ & $0.0555417$ & $-0.990906$ & $-0.991656$ & $-0.97058$ & $-0.0346584$ & $0.316897$ & $0.0182207$ & $0.578445$ & $-0.312976$ & $-0.338246$ & $-0.0331583$ & $-0.0235489$ & $-0.0383105$ & $0.0788497$ & $-0.050259$ & $-0.395143$ & $-0.0195173$ & $0.0293389$ & $0.0390436$ & $-0.0116348$ & $-0.0152261$ & $0.0258613$ & $0.00279467$ & $0.0195287$ & $-0.0258737$ & $0.0129697$ & $-0.00831876$ & $-0.033512$ & $0.0194884$ & $0.0289802$ & $-0.0293113$ \\
CHbox & $0.0129623$ & $0.02944$ & $0.00420934$ & $0.00165788$ & $0.0137907$ & $0.0822919$ & $0.228749$ & $-0.415569$ & $-0.39378$ & $0.657106$ & $0.340872$ & $1$ & $-0.57746$ & $-0.00526595$ & $-0.0924903$ & $-0.0732194$ & $0.136981$ & $0.202041$ & $0.196283$ & $-0.322634$ & $-0.352965$ & $-0.334569$ & $-0.0593377$ & $0.323291$ & $0.177224$ & $0.233041$ & $-0.209534$ & $-0.110472$ & $0.0114138$ & $-0.0141216$ & $-0.0199896$ & $0.260715$ & $-0.0181143$ & $-0.271225$ & $0.0714827$ & $0.0189991$ & $-0.00648084$ & $0.0125717$ & $-0.00987003$ & $0.0224341$ & $-0.055959$ & $0.0290418$ & $-0.0223184$ & $0.0104938$ & $-0.0043504$ & $-0.0630834$ & $0.0396689$ & $0.00505235$ & $-0.0035152$ \\
CH & $-0.0105667$ & $-0.0110279$ & $-0.00873627$ & $-0.000777592$ & $0.0022199$ & $-0.0109614$ & $-0.317714$ & $0.323523$ & $0.318665$ & $-0.235444$ & $-0.148245$ & $-0.57746$ & $1$ & $-0.240222$ & $0.0778794$ & $0.0623642$ & $-0.360376$ & $-0.382522$ & $-0.378941$ & $0.145161$ & $0.158464$ & $0.153283$ & $0.0814821$ & $-0.386502$ & $-0.358882$ & $-0.149123$ & $0.124303$ & $0.0501995$ & $0.043055$ & $0.264615$ & $0.0893963$ & $-0.262851$ & $0.328273$ & $0.196071$ & $0.0152277$ & $0.0197576$ & $-0.0169057$ & $-0.0156211$ & $0.010216$ & $-0.00416041$ & $0.0220659$ & $-0.0356292$ & $0.022299$ & $-0.00161632$ & $0.0014538$ & $0.0155488$ & $-0.0235731$ & $0.01156$ & $0.0178416$ \\
CHL1_11 & $0.00422259$ & $-0.0397737$ & $0.0469864$ & $0.0173009$ & $-0.0300675$ & $0.0318064$ & $0.0565475$ & $0.129339$ & $0.121061$ & $0.213555$ & $-0.526666$ & $-0.00526595$ & $-0.240222$ & $1$ & $0.260593$ & $0.262311$ & $0.660764$ & $0.590108$ & $0.593627$ & $0.540162$ & $0.49013$ & $0.471098$ & $-0.0783471$ & $0.449557$ & $0.580835$ & $-0.268531$ & $-0.065267$ & $0.15936$ & $0.0403196$ & $-0.0996072$ & $-0.0342869$ & $0.0277866$ & $-0.08629$ & $-0.170405$ & $0.000109585$ & $-0.032863$ & $-0.0220774$ & $0.0281715$ & $0.0281833$ & $-0.0083758$ & $-0.0284082$ & $0.0169136$ & $0.0234761$ & $-0.0264752$ & $0.0197644$ & $0.00324674$ & $-0.0157884$ & $-0.00786881$ & $0.011413$ \\
CHL1_22 & $0.0186434$ & $-0.00662053$ & $0.0272819$ & $-0.0324263$ & $0.000154076$ & $-0.0663326$ & $-0.0395994$ & $0.307031$ & $0.304784$ & $-0.134671$ & $-0.415512$ & $-0.0924903$ & $0.0778794$ & $0.260593$ & $1$ & $0.462226$ & $0.143946$ & $-0.461454$ & $-0.0659604$ & $0.476601$ & $0.335406$ & $0.32137$ & $-0.1342$ & $0.0814058$ & $-0.185297$ & $-0.22846$ & $-0.405393$ & $0.101339$ & $0.0245545$ & $0.0317911$ & $0.0138257$ & $-0.0394162$ & $0.049756$ & $-0.574476$ & $-0.0480765$ & $0.0108719$ & $-0.0437669$ & $0.0071531$ & $-0.00593126$ & $-0.0351898$ & $-0.0120059$ & $0.0161964$ & $0.0145902$ & $0.0001728$ & $0.0155562$ & $0.0289684$ & $-0.00898072$ & $-0.0275548$ & $0.0272925$ \\
CHL1_33 & $0.0264734$ & $0.0345229$ & $0.0643579$ & $-0.00436878$ & $-0.0236565$ & $-0.0866724$ & $-0.0736881$ & $0.276896$ & $0.276954$ & $-0.120572$ & $-0.400013$ & $-0.0732194$ & $0.0623642$ & $0.262311$ & $0.462226$ & $1$ & $0.175717$ & $-0.0283962$ & $-0.432435$ & $0.467411$ & $0.321343$ & $0.335643$ & $-0.158212$ & $0.119729$ & $-0.138966$ & $-0.203539$ & $-0.392326$ & $0.07092$ & $-0.000427479$ & $0.0181171$ & $0.0117814$ & $-0.0689373$ & $0.0451533$ & $-0.11603$ & $-0.0296237$ & $-0.03448$ & $-0.0343272$ & $-0.01671$ & $0.0489777$ & $-0.0311015$ & $-0.00901411$ & $0.00619814$ & $0.0473852$ & $0.0413606$ & $-0.00653012$ & $-0.00508429$ & $-0.0414973$ & $-0.00194103$ & $-0.00627071$ \\
CHL3_11 & $0.0188615$ & $0.0106518$ & $0.0454725$ & $0.0239377$ & $-0.028374$ & $-0.232199$ & $0.0934837$ & $-0.225847$ & $-0.232802$ & $0.414147$ & $-0.217255$ & $0.136981$ & $-0.360376$ & $0.660764$ & $0.143946$ & $0.175717$ & $1$ & $0.742163$ & $0.732953$ & $0.237214$ & $0.186304$ & $0.181601$ & $-0.0912253$ & $0.66924$ & $0.757393$ & $-0.0918487$ & $-0.15757$ & $0.0725672$ & $0.00229662$ & $-0.128712$ & $-0.0335283$ & $0.0639599$ & $-0.109869$ & $-0.223424$ & $-0.0315031$ & $-0.0135479$ & $0.0149472$ & $0.0117393$ & $0.0439415$ & $-0.0194275$ & $-0.0153408$ & $0.0384144$ & $-0.0523027$ & $0.00239116$ & $-0.0270608$ & $-0.0267403$ & $0.017588$ & $0.000363598$ & $0.0274904$ \\
CHL3_22 & $0.00650982$ & $-0.00036051$ & $0.0226217$ & $0.038478$ & $-0.0319993$ & $-0.0360307$ & $0.109189$ & $-0.421842$ & $-0.423642$ & $0.474146$ & $0.0634826$ & $0.202041$ & $-0.382522$ & $0.590108$ & $-0.461454$ & $-0.0283962$ & $0.742163$ & $1$ & $0.68456$ & $-0.0669009$ & $-0.0582424$ & $-0.0549307$ & $-0.0290971$ & $0.622752$ & $0.80035$ & $0.0670142$ & $0.0134498$ & $-0.0180422$ & $-0.00131257$ & $-0.144404$ & $-0.0504872$ & $0.0790874$ & $-0.138192$ & $0.04859$ & $0.00667497$ & $-0.0282685$ & $0.0254914$ & $0.0096095$ & $0.0437373$ & $0.0158762$ & $-0.0166671$ & $0.0270298$ & $-0.0282912$ & $-0.00684594$ & $-0.0204593$ & $-0.0445076$ & $0.00491551$ & $0.023027$ & $-0.0053394$ \\
CHL3_33 & $-0.00315841$ & $-0.0258738$ & $-0.0052361$ & $0.0220687$ & $-0.0136241$ & $-0.0163824$ & $0.132489$ & $-0.407597$ & $-0.411955$ & $0.476001$ & $0.0555417$ & $0.196283$ & $-0.378941$ & $0.593627$ & $-0.0659604$ & $-0.432435$ & $0.732953$ & $0.68456$ & $1$ & $-0.0651967$ & $-0.04855$ & $-0.0454472$ & $-0.00771153$ & $0.602772$ & $0.786937$ & $0.0505284$ & $0.0190144$ & $0.00410274$ & $0.0217534$ & $-0.13346$ & $-0.0466623$ & $0.102192$ & $-0.138797$ & $-0.29749$ & $0.000182851$ & $0.00626297$ & $0.030012$ & $0.0232173$ & $0.000869346$ & $0.00874556$ & $-0.0224225$ & $0.0325615$ & $-0.0520491$ & $-0.029587$ & $0.00249793$ & $-0.0105433$ & $0.0256649$ & $-0.0014965$ & $0.0142607$ \\
CHe_11 & $0.00439358$ & $-0.0245077$ & $0.0405589$ & $-0.00417938$ & $-0.0289534$ & $-0.192313$ & $-0.0829039$ & $0.860216$ & $0.842782$ & $-0.346897$ & $-0.990906$ & $-0.322634$ & $0.145161$ & $0.540162$ & $0.476601$ & $0.467411$ & $0.237214$ & $-0.0669009$ & $-0.0651967$ & $1$ & $0.974626$ & $0.953944$ & $0.0150207$ & $-0.266625$ & $-0.0163944$ & $-0.573552$ & $0.242316$ & $0.325389$ & $0.0345105$ & $0.0241476$ & $0.0358299$ & $-0.083181$ & $0.0517906$ & $0.323141$ & $0.015831$ & $-0.0317334$ & $-0.0411093$ & $0.0124687$ & $0.0196749$ & $-0.0236243$ & $-0.00593594$ & $-0.0131966$ & $0.0270569$ & $-0.0103816$ & $0.00646994$ & $0.0265687$ & $-0.0237677$ & $-0.031005$ & $0.0298916$ \\
CHe_22 & $-0.00367206$ & $-0.0301035$ & $0.0359615$ & $-0.000234508$ & $-0.0223071$ & $-0.197928$ & $-0.0793566$ & $0.902313$ & $0.882484$ & $-0.372525$ & $-0.991656$ & $-0.352965$ & $0.158464$ & $0.49013$ & $0.335406$ & $0.321343$ & $0.186304$ & $-0.0582424$ & $-0.04855$ & $0.974626$ & $1$ & $0.976079$ & $0.0606299$ & $-0.368524$ & $-0.0179361$ & $-0.578722$ & $0.392267$ & $0.343122$ & $0.0322822$ & $0.0269987$ & $0.0371575$ & $-0.0783646$ & $0.0500474$ & $0.477781$ & $0.0291797$ & $-0.0283218$ & $-0.0333819$ & $0.011448$ & $0.0135177$ & $-0.0268852$ & $-0.00175432$ & $-0.0214044$ & $0.0211436$ & $-0.0140086$ & $0.00740137$ & $0.0329555$ & $-0.0182386$ & $-0.0274094$ & $0.0304602$ \\
CHe_33 & $-0.00780954$ & $-0.0281236$ & $0.0402827$ & $0.00316154$ & $-0.0284994$ & $-0.19168$ & $-0.0809315$ & $0.88504$ & $0.866572$ & $-0.361383$ & $-0.97058$ & $-0.334569$ & $0.153283$ & $0.471098$ & $0.32137$ & $0.335643$ & $0.181601$ & $-0.0549307$ & $-0.0454472$ & $0.953944$ & $0.976079$ & $1$ & $0.0605337$ & $-0.364091$ & $-0.016214$ & $-0.565439$ & $0.390411$ & $0.334217$ & $0.0336232$ & $0.0248408$ & $0.0380974$ & $-0.0764223$ & $0.0462841$ & $0.47837$ & $0.0362135$ & $-0.0260446$ & $-0.0310621$ & $0.00250218$ & $0.00247308$ & $-0.0183245$ & $-0.00550824$ & $-0.015623$ & $0.0208596$ & $-0.00545528$ & $0.00290432$ & $0.0374618$ & $-0.0177569$ & $-0.0333919$ & $0.0212276$ \\
CHQ1_11 & $-0.0116652$ & $0.0174561$ & $-0.00541016$ & $0.0319623$ & $0.0315461$ & $0.018476$ & $-0.0195521$ & $0.0937305$ & $0.0951713$ & $-0.0538876$ & $-0.0346584$ & $-0.0593377$ & $0.0814821$ & $-0.0783471$ & $-0.1342$ & $-0.158212$ & $-0.0912253$ & $-0.0290971$ & $-0.00771153$ & $0.0150207$ & $0.0606299$ & $0.0605337$ & $1$ & $-0.16782$ & $0.051028$ & $-0.684861$ & $0.313174$ & $0.0452409$ & $0.00993269$ & $0.0493611$ & $0.0415239$ & $-0.008272$ & $0.0494077$ & $0.191214$ & $-0.00571058$ & $0.0277106$ & $0.00644545$ & $-0.0093021$ & $-0.047905$ & $0.0291095$ & $-0.0528581$ & $-0.018985$ & $0.0125002$ & $-0.00752136$ & $-0.0116859$ & $0.022466$ & $-0.0174105$ & $-0.0310733$ & $0.0402816$ \\
CHQ1_33 & $-0.0399007$ & $0.025127$ & $0.0192277$ & $0.00333858$ & $-0.0140095$ & $0.0261832$ & $0.108502$ & $-0.667619$ & $-0.661227$ & $0.549714$ & $0.316897$ & $0.323291$ & $-0.386502$ & $0.449557$ & $0.0814058$ & $0.119729$ & $0.66924$ & $0.622752$ & $0.602772$ & $-0.266625$ & $-0.368524$ & $-0.364091$ & $-0.16782$ & $1$ & $0.61298$ & $0.230579$ & $-0.426862$ & $-0.0444464$ & $0.00518813$ & $-0.135638$ & $-0.0600835$ & $0.0831571$ & $-0.134457$ & $-0.61463$ & $-0.0229345$ & $0.0107625$ & $0.0179563$ & $0.00473173$ & $0.0259096$ & $0.00321598$ & $-0.0123352$ & $0.071995$ & $-0.0317779$ & $0.00456495$ & $-0.0191554$ & $-0.0334981$ & $0.0105957$ & $0.0170287$ & $-0.0165879$ \\
CHQ3_11 & $-0.13855$ & $-0.00932525$ & $-0.00203824$ & $0.0171759$ & $-0.00723107$ & $-0.0343658$ & $0.103852$ & $-0.376047$ & $-0.378837$ & $0.446962$ & $0.0182207$ & $0.177224$ & $-0.358882$ & $0.580835$ & $-0.185297$ & $-0.138966$ & $0.757393$ & $0.80035$ & $0.786937$ & $-0.0163944$ & $-0.0179361$ & $-0.016214$ & $0.051028$ & $0.61298$ & $1$ & $0.0553412$ & $0.241084$ & $0.0015322$ & $0.0046891$ & $-0.125493$ & $-0.0413831$ & $0.0789523$ & $-0.122586$ & $-0.142815$ & $-0.000969688$ & $-0.0124992$ & $0.0157822$ & $0.0158143$ & $0.0309123$ & $0.0136957$ & $-0.018899$ & $0.042602$ & $-0.0354886$ & $-0.0263957$ & $0.00255283$ & $-0.0351584$ & $-0.00257636$ & $0.00806871$ & $0.0132756$ \\
CHu_11 & $-0.0674515$ & $-0.00578005$ & $-0.0388942$ & $-0.0105901$ & $0.00680298$ & $0.101333$ & $0.0469456$ & $-0.531637$ & $-0.527785$ & $0.226421$ & $0.578445$ & $0.233041$ & $-0.149123$ & $-0.268531$ & $-0.22846$ & $-0.203539$ & $-0.0918487$ & $0.0670142$ & $0.0505284$ & $-0.573552$ & $-0.578722$ & $-0.565439$ & $-0.684861$ & $0.230579$ & $0.0553412$ & $1$ & $-0.164879$ & $-0.195988$ & $-0.0286254$ & $-0.061596$ & $-0.0492431$ & $0.039614$ & $-0.0848466$ & $-0.257101$ & $-0.00257056$ & $0.0107635$ & $0.0202803$ & $-0.00917808$ & $0.0140141$ & $-0.00598845$ & $0.030824$ & $0.0274057$ & $-0.0376141$ & $0.0108778$ & $0.0183822$ & $-0.0391717$ & $0.0315822$ & $0.0571651$ & $-0.0623993$ \\
CHd_11 & $-0.0747577$ & $-0.0149734$ & $-0.0449946$ & $0.0114948$ & $0.016065$ & $-0.0597656$ & $-0.0398679$ & $0.437579$ & $0.424027$ & $-0.240006$ & $-0.312976$ & $-0.209534$ & $0.124303$ & $-0.065267$ & $-0.405393$ & $-0.392326$ & $-0.15757$ & $0.0134498$ & $0.0190144$ & $0.242316$ & $0.392267$ & $0.390411$ & $0.313174$ & $-0.426862$ & $0.241084$ & $-0.164879$ & $1$ & $0.148204$ & $0.00581477$ & $0.0211753$ & $0.0352775$ & $-0.029168$ & $0.0138446$ & $0.704769$ & $0.0641508$ & $-0.00390662$ & $0.00671527$ & $0.000860476$ & $-0.0126269$ & $0.0132435$ & $0.0120057$ & $-0.0129868$ & $-0.0122272$ & $-0.0341302$ & $0.0197737$ & $0.0133408$ & $-0.01049$ & $-0.0095425$ & $0.00165565$ \\
CHd_33 & $0.0169509$ & $-0.0300223$ & $0.0276848$ & $-0.0486862$ & $-0.00634495$ & $-0.110393$ & $-0.0619866$ & $0.310031$ & $0.302802$ & $-0.111133$ & $-0.338246$ & $-0.110472$ & $0.0501995$ & $0.15936$ & $0.101339$ & $0.07092$ & $0.0725672$ & $-0.0180422$ & $0.00410274$ & $0.325389$ & $0.343122$ & $0.334217$ & $0.0452409$ & $-0.0444464$ & $0.0015322$ & $-0.195988$ & $0.148204$ & $1$ & $-0.00892879$ & $-0.00480784$ & $0.0374723$ & $-0.060812$ & $0.00801823$ & $0.177974$ & $0.0170283$ & $0.00466788$ & $0.0238775$ & $-0.0343851$ & $-0.0122931$ & $0.0197037$ & $0.0104446$ & $0.00778529$ & $-0.00121592$ & $0.0102041$ & $-0.00373064$ & $-0.0166224$ & $0.0422513$ & $0.00246715$ & $0.00641436$ \\
CeH_22r & $0.0146707$ & $0.0072453$ & $0.00231745$ & $0.0208374$ & $-0.0276932$ & $0.0236273$ & $0.0202476$ & $0.0227524$ & $0.0346981$ & $0.0218806$ & $-0.0331583$ & $0.0114138$ & $0.043055$ & $0.0403196$ & $0.0245545$ & $-0.000427479$ & $0.00229662$ & $-0.00131257$ & $0.0217534$ & $0.0345105$ & $0.0322822$ & $0.0336232$ & $0.00993269$ & $0.00518813$ & $0.0046891$ & $-0.0286254$ & $0.00581477$ & $-0.00892879$ & $1$ & $0.0309204$ & $0.0203493$ & $0.0124435$ & $0.086135$ & $-0.0137692$ & $-0.0280792$ & $-0.0792336$ & $-0.00459389$ & $0.0200102$ & $0.0190116$ & $-0.00575506$ & $0.0495209$ & $-0.0158476$ & $0.0208871$ & $-0.0265007$ & $0.00237029$ & $-0.0245375$ & $0.0409718$ & $0.075307$ & $0.0581981$ \\
CeH_33r & $-0.0484474$ & $0.021613$ & $0.00724984$ & $-0.0247947$ & $0.0299099$ & $0.00336034$ & $-0.105414$ & $0.0887899$ & $0.116295$ & $-0.156922$ & $-0.0235489$ & $-0.0141216$ & $0.264615$ & $-0.0996072$ & $0.0317911$ & $0.0181171$ & $-0.128712$ & $-0.144404$ & $-0.13346$ & $0.0241476$ & $0.0269987$ & $0.0248408$ & $0.0493611$ & $-0.135638$ & $-0.125493$ & $-0.061596$ & $0.0211753$ & $-0.00480784$ & $0.0309204$ & $1$ & $0.311659$ & $0.0298726$ & $0.615997$ & $0.0474636$ & $-0.0779225$ & $-0.0729155$ & $-0.193384$ & $-0.0279579$ & $-0.0249678$ & $0.0293772$ & $-0.0248225$ & $0.016068$ & $0.0338991$ & $0.0418692$ & $0.101076$ & $0.00137932$ & $0.0440473$ & $-0.045901$ & $0.00787079$ \\
CuH_22r & $0.0216241$ & $-0.0195835$ & $0.00988639$ & $0.00313626$ & $-0.00847306$ & $-0.0534703$ & $-0.0449337$ & $0.0595376$ & $0.0730179$ & $-0.0612745$ & $-0.0383105$ & $-0.0199896$ & $0.0893963$ & $-0.0342869$ & $0.0138257$ & $0.0117814$ & $-0.0335283$ & $-0.0504872$ & $-0.0466623$ & $0.0358299$ & $0.0371575$ & $0.0380974$ & $0.0415239$ & $-0.0600835$ & $-0.0413831$ & $-0.0492431$ & $0.0352775$ & $0.0374723$ & $0.0203493$ & $0.311659$ & $1$ & $0.042165$ & $0.329953$ & $0.040318$ & $-0.0195885$ & $-0.036279$ & $-0.112391$ & $-0.000163752$ & $-0.0359111$ & $0.0236694$ & $-0.0203079$ & $-0.0293369$ & $0.0243798$ & $0.0322056$ & $-0.0196367$ & $0.077543$ & $0.379136$ & $-0.0101748$ & $0.00546501$ \\
CuH_33r & $0.0182016$ & $0.0315099$ & $-0.00117349$ & $-0.00484676$ & $0.0270858$ & $0.0157625$ & $0.935436$ & $-0.109416$ & $-0.0737961$ & $0.133012$ & $0.0788497$ & $0.260715$ & $-0.262851$ & $0.0277866$ & $-0.0394162$ & $-0.0689373$ & $0.0639599$ & $0.0790874$ & $0.102192$ & $-0.083181$ & $-0.0783646$ & $-0.0764223$ & $-0.008272$ & $0.0831571$ & $0.0789523$ & $0.039614$ & $-0.029168$ & $-0.060812$ & $0.0124435$ & $0.0298726$ & $0.042165$ & $1$ & $0.0170092$ & $-0.0572922$ & $0.0615368$ & $0.0225486$ & $0.0251277$ & $-0.00841199$ & $0.00617876$ & $-0.00262906$ & $0.00361582$ & $-0.0164304$ & $0.0450446$ & $-0.0117279$ & $-0.0102223$ & $-0.038223$ & $-0.031936$ & $-0.00810061$ & $-0.0241506$ \\
CdH_33r & $-0.0124177$ & $-0.0242472$ & $-0.00271477$ & $0.0417229$ & $-0.00892297$ & $-0.0296574$ & $-0.143852$ & $0.1062$ & $0.131522$ & $-0.118337$ & $-0.050259$ & $-0.0181143$ & $0.328273$ & $-0.08629$ & $0.049756$ & $0.0451533$ & $-0.109869$ & $-0.138192$ & $-0.138797$ & $0.0517906$ & $0.0500474$ & $0.0462841$ & $0.0494077$ & $-0.134457$ & $-0.122586$ & $-0.0848466$ & $0.0138446$ & $0.00801823$ & $0.086135$ & $0.615997$ & $0.329953$ & $0.0170092$ & $1$ & $0.0463856$ & $-0.0710094$ & $-0.0185755$ & $-0.230975$ & $-0.00765225$ & $-0.0144119$ & $0.0414205$ & $-0.0483251$ & $-0.0052479$ & $0.0276183$ & $-2.9745e-05$ & $0.0230351$ & $-0.0387867$ & $0.0244417$ & $0.145851$ & $0.531281$ \\
CLL_1221 & $-0.0231848$ & $0.0238526$ & $0.00154483$ & $0.0208374$ & $-0.012571$ & $-0.153084$ & $-0.0704302$ & $0.57201$ & $0.558882$ & $-0.349079$ & $-0.395143$ & $-0.271225$ & $0.196071$ & $-0.170405$ & $-0.574476$ & $-0.11603$ & $-0.223424$ & $0.04859$ & $-0.29749$ & $0.323141$ & $0.477781$ & $0.47837$ & $0.191214$ & $-0.61463$ & $-0.142815$ & $-0.257101$ & $0.704769$ & $0.177974$ & $-0.0137692$ & $0.0474636$ & $0.040318$ & $-0.0572922$ & $0.0463856$ & $1$ & $0.0618433$ & $-0.0288558$ & $0.0153835$ & $-0.00918758$ & $0.00737635$ & $0.00246649$ & $0.0141227$ & $-0.0431406$ & $0.00329476$ & $-0.000489144$ & $-0.00898606$ & $0.00654883$ & $-0.00297969$ & $-0.00502801$ & $-0.000265152$ \\
eHggint & $-0.00874378$ & $0.0308168$ & $0.0372225$ & $-0.0496108$ & $0.0103093$ & $0.00462731$ & $-0.0179255$ & $0.0323045$ & $0.0110518$ & $0.0403011$ & $-0.0195173$ & $0.0714827$ & $0.0152277$ & $0.000109585$ & $-0.0480765$ & $-0.0296237$ & $-0.0315031$ & $0.00667497$ & $0.000182851$ & $0.015831$ & $0.0291797$ & $0.0362135$ & $-0.00571058$ & $-0.0229345$ & $-0.000969688$ & $-0.00257056$ & $0.0641508$ & $0.0170283$ & $-0.0280792$ & $-0.0779225$ & $-0.0195885$ & $0.0615368$ & $-0.0710094$ & $0.0618433$ & $1$ & $-0.0630616$ & $0.0253103$ & $-0.00486005$ & $0.00772961$ & $-0.00700018$ & $-0.0107578$ & $-0.0305335$ & $0.00278029$ & $-0.010996$ & $0.0256697$ & $-0.00937181$ & $0.0294961$ & $-0.0358694$ & $0.0159782$ \\
eHggpar & $-0.0188716$ & $-0.0283381$ & $-0.0142589$ & $0.00230491$ & $-0.0274713$ & $-0.00888584$ & $-0.0165204$ & $-0.0209241$ & $-0.0389268$ & $0.0110728$ & $0.0293389$ & $0.0189991$ & $0.0197576$ & $-0.032863$ & $0.0108719$ & $-0.03448$ & $-0.0135479$ & $-0.0282685$ & $0.00626297$ & $-0.0317334$ & $-0.0283218$ & $-0.0260446$ & $0.0277106$ & $0.0107625$ & $-0.0124992$ & $0.0107635$ & $-0.00390662$ & $0.00466788$ & $-0.0792336$ & $-0.0729155$ & $-0.036279$ & $0.0225486$ & $-0.0185755$ & $-0.0288558$ & $-0.0630616$ & $1$ & $0.0449985$ & $-0.00264178$ & $-0.00461282$ & $-0.0342939$ & $0.0175507$ & $0.00855262$ & $-0.0348392$ & $0.0150634$ & $0.0262081$ & $0.0133946$ & $-0.0223443$ & $0.0224008$ & $0.0187653$ \\
eHWWint & $-0.0144008$ & $0.0683869$ & $-0.00918739$ & $-0.0215628$ & $-0.00773648$ & $-0.0282713$ & $0.0634873$ & $-0.0388876$ & $-0.0523317$ & $-0.00427844$ & $0.0390436$ & $-0.00648084$ & $-0.0169057$ & $-0.0220774$ & $-0.0437669$ & $-0.0343272$ & $0.0149472$ & $0.0254914$ & $0.030012$ & $-0.0411093$ & $-0.0333819$ & $-0.0310621$ & $0.00644545$ & $0.0179563$ & $0.0157822$ & $0.0202803$ & $0.00671527$ & $0.0238775$ & $-0.00459389$ & $-0.193384$ & $-0.112391$ & $0.0251277$ & $-0.230975$ & $0.0153835$ & $0.0253103$ & $0.0449985$ & $1$ & $0.0110856$ & $0.0194624$ & $-0.00783671$ & $0.0286615$ & $-0.0487858$ & $-0.0375751$ & $0.0234698$ & $-0.0139996$ & $-0.034519$ & $-0.0370778$ & $0.0826883$ & $-0.0713082$ \\
eHWWpar & $0.00840378$ & $-0.00445795$ & $-0.00611807$ & $0.00889647$ & $-0.0640121$ & $-0.000192665$ & $-0.0118814$ & $0.00346405$ & $-0.0036568$ & $0.0122305$ & $-0.0116348$ & $0.0125717$ & $-0.0156211$ & $0.0281715$ & $0.0071531$ & $-0.01671$ & $0.0117393$ & $0.0096095$ & $0.0232173$ & $0.0124687$ & $0.011448$ & $0.00250218$ & $-0.0093021$ & $0.00473173$ & $0.0158143$ & $-0.00917808$ & $0.000860476$ & $-0.0343851$ & $0.0200102$ & $-0.0279579$ & $-0.000163752$ & $-0.00841199$ & $-0.00765225$ & $-0.00918758$ & $-0.00486005$ & $-0.00264178$ & $0.0110856$ & $1$ & $-0.00846834$ & $-0.0140563$ & $-0.0108724$ & $-0.0174722$ & $-0.0151473$ & $0.018024$ & $0.0134183$ & $-0.0145375$ & $-0.00142401$ & $0.0147073$ & $0.0121008$ \\
eHZZint & $0.0100873$ & $0.0360737$ & $-0.0169311$ & $0.0206318$ & $0.0342067$ & $0.00707489$ & $-0.00910392$ & $-0.00570616$ & $-0.00633423$ & $0.0143071$ & $-0.0152261$ & $-0.00987003$ & $0.010216$ & $0.0281833$ & $-0.00593126$ & $0.0489777$ & $0.0439415$ & $0.0437373$ & $0.000869346$ & $0.0196749$ & $0.0135177$ & $0.00247308$ & $-0.047905$ & $0.0259096$ & $0.0309123$ & $0.0140141$ & $-0.0126269$ & $-0.0122931$ & $0.0190116$ & $-0.0249678$ & $-0.0359111$ & $0.00617876$ & $-0.0144119$ & $0.00737635$ & $0.00772961$ & $-0.00461282$ & $0.0194624$ & $-0.00846834$ & $1$ & $0.0184586$ & $0.0903441$ & $0.00196761$ & $0.0480274$ & $0.029202$ & $-0.000677419$ & $-0.00890178$ & $-0.0336927$ & $-0.0391985$ & $-0.0132964$ \\
eHZZpar & $-0.00521328$ & $-0.0086746$ & $-0.0300541$ & $0.00185353$ & $0.0117778$ & $0.0305093$ & $-0.0052974$ & $-0.0217577$ & $-0.0195704$ & $0.0026295$ & $0.0258613$ & $0.0224341$ & $-0.00416041$ & $-0.0083758$ & $-0.0351898$ & $-0.0311015$ & $-0.0194275$ & $0.0158762$ & $0.00874556$ & $-0.0236243$ & $-0.0268852$ & $-0.0183245$ & $0.0291095$ & $0.00321598$ & $0.0136957$ & $-0.00598845$ & $0.0132435$ & $0.0197037$ & $-0.00575506$ & $0.0293772$ & $0.0236694$ & $-0.00262906$ & $0.0414205$ & $0.00246649$ & $-0.00700018$ & $-0.0342939$ & $-0.00783671$ & $-0.0140563$ & $0.0184586$ & $1$ & $0.00531691$ & $0.0137436$ & $-0.0189098$ & $0.0139286$ & $0.0157629$ & $-0.0425222$ & $0.00909374$ & $-0.0368678$ & $0.0313649$ \\
eHZgaint & $0.05408$ & $-0.021558$ & $0.0461755$ & $0.00700974$ & $0.0111306$ & $-0.00362248$ & $-0.00305571$ & $0.00759374$ & $0.00199019$ & $-0.0453189$ & $0.00279467$ & $-0.055959$ & $0.0220659$ & $-0.0284082$ & $-0.0120059$ & $-0.00901411$ & $-0.0153408$ & $-0.0166671$ & $-0.0224225$ & $-0.00593594$ & $-0.00175432$ & $-0.00550824$ & $-0.0528581$ & $-0.0123352$ & $-0.018899$ & $0.030824$ & $0.0120057$ & $0.0104446$ & $0.0495209$ & $-0.0248225$ & $-0.0203079$ & $0.00361582$ & $-0.0483251$ & $0.0141227$ & $-0.0107578$ & $0.0175507$ & $0.0286615$ & $-0.0108724$ & $0.0903441$ & $0.00531691$ & $1$ & $-0.0255288$ & $-0.0356381$ & $0.0179848$ & $0.020471$ & $-0.0176973$ & $-0.0270035$ & $-0.00720466$ & $-0.0554702$ \\
eHZgapar & $-0.0256904$ & $-0.00760912$ & $0.0271677$ & $-0.0169102$ & $0.00235946$ & $0.0215741$ & $-0.0188615$ & $-0.0381255$ & $-0.0344774$ & $0.0180891$ & $0.0195287$ & $0.0290418$ & $-0.0356292$ & $0.0169136$ & $0.0161964$ & $0.00619814$ & $0.0384144$ & $0.0270298$ & $0.0325615$ & $-0.0131966$ & $-0.0214044$ & $-0.015623$ & $-0.018985$ & $0.071995$ & $0.042602$ & $0.0274057$ & $-0.0129868$ & $0.00778529$ & $-0.0158476$ & $0.016068$ & $-0.0293369$ & $-0.0164304$ & $-0.0052479$ & $-0.0431406$ & $-0.0305335$ & $0.00855262$ & $-0.0487858$ & $-0.0174722$ & $0.00196761$ & $0.0137436$ & $-0.0255288$ & $1$ & $-0.00479115$ & $-0.0492736$ & $-0.0143698$ & $0.000829116$ & $-0.0125081$ & $-0.0789264$ & $0.0084581$ \\
eHgagaint & $-0.0264125$ & $-0.0223417$ & $0.0325727$ & $-0.0212623$ & $-0.0181048$ & $0.0316572$ & $0.0240047$ & $0.0378138$ & $0.110049$ & $-0.0292367$ & $-0.0258737$ & $-0.0223184$ & $0.022299$ & $0.0234761$ & $0.0145902$ & $0.0473852$ & $-0.0523027$ & $-0.0282912$ & $-0.0520491$ & $0.0270569$ & $0.0211436$ & $0.0208596$ & $0.0125002$ & $-0.0317779$ & $-0.0354886$ & $-0.0376141$ & $-0.0122272$ & $-0.00121592$ & $0.0208871$ & $0.0338991$ & $0.0243798$ & $0.0450446$ & $0.0276183$ & $0.00329476$ & $0.00278029$ & $-0.0348392$ & $-0.0375751$ & $-0.0151473$ & $0.0480274$ & $-0.0189098$ & $-0.0356381$ & $-0.00479115$ & $1$ & $-0.0222908$ & $-0.0198934$ & $0.0261536$ & $-0.0451603$ & $-0.0594719$ & $-0.00923127$ \\
eHmumuint & $-0.000658944$ & $0.029281$ & $-0.0095593$ & $-0.0829658$ & $0.0282591$ & $-0.00483659$ & $-0.0103042$ & $-0.00993861$ & $-0.0147322$ & $-0.00772216$ & $0.0129697$ & $0.0104938$ & $-0.00161632$ & $-0.0264752$ & $0.0001728$ & $0.0413606$ & $0.00239116$ & $-0.00684594$ & $-0.029587$ & $-0.0103816$ & $-0.0140086$ & $-0.00545528$ & $-0.00752136$ & $0.00456495$ & $-0.0263957$ & $0.0108778$ & $-0.0341302$ & $0.0102041$ & $-0.0265007$ & $0.0418692$ & $0.0322056$ & $-0.0117279$ & $-2.9745e-05$ & $-0.000489144$ & $-0.010996$ & $0.0150634$ & $0.0234698$ & $0.018024$ & $0.029202$ & $0.0139286$ & $0.0179848$ & $-0.0492736$ & $-0.0222908$ & $1$ & $0.0218415$ & $0.00707068$ & $0.0592971$ & $-0.00359284$ & $-0.020315$ \\
eHtautauint & $-0.027013$ & $0.0191076$ & $-0.0129094$ & $-0.0194091$ & $-0.0364256$ & $-0.0126069$ & $-0.0108038$ & $0.0136518$ & $0.00965234$ & $-0.0299288$ & $-0.00831876$ & $-0.0043504$ & $0.0014538$ & $0.0197644$ & $0.0155562$ & $-0.00653012$ & $-0.0270608$ & $-0.0204593$ & $0.00249793$ & $0.00646994$ & $0.00740137$ & $0.00290432$ & $-0.0116859$ & $-0.0191554$ & $0.00255283$ & $0.0183822$ & $0.0197737$ & $-0.00373064$ & $0.00237029$ & $0.101076$ & $-0.0196367$ & $-0.0102223$ & $0.0230351$ & $-0.00898606$ & $0.0256697$ & $0.0262081$ & $-0.0139996$ & $0.0134183$ & $-0.000677419$ & $0.0157629$ & $0.020471$ & $-0.0143698$ & $-0.0198934$ & $0.0218415$ & $1$ & $0.00621488$ & $-0.00193259$ & $-0.0138314$ & $0.00923103$ \\
eHccint & $-0.00426141$ & $-0.00547735$ & $-0.0565812$ & $-0.0133415$ & $-0.0532745$ & $-0.0152915$ & $-0.0362946$ & $0.043465$ & $0.0416695$ & $-0.0577354$ & $-0.033512$ & $-0.0630834$ & $0.0155488$ & $0.00324674$ & $0.0289684$ & $-0.00508429$ & $-0.0267403$ & $-0.0445076$ & $-0.0105433$ & $0.0265687$ & $0.0329555$ & $0.0374618$ & $0.022466$ & $-0.0334981$ & $-0.0351584$ & $-0.0391717$ & $0.0133408$ & $-0.0166224$ & $-0.0245375$ & $0.00137932$ & $0.077543$ & $-0.038223$ & $-0.0387867$ & $0.00654883$ & $-0.00937181$ & $0.0133946$ & $-0.034519$ & $-0.0145375$ & $-0.00890178$ & $-0.0425222$ & $-0.0176973$ & $0.000829116$ & $0.0261536$ & $0.00707068$ & $0.00621488$ & $1$ & $0.0254778$ & $-0.0334173$ & $-0.060236$ \\
eHccpar & $0.00858855$ & $-0.00535074$ & $0.0566093$ & $-0.0113449$ & $-0.0151508$ & $-0.0335142$ & $-0.0330081$ & $-0.0201182$ & $-0.0196403$ & $0.0304646$ & $0.0194884$ & $0.0396689$ & $-0.0235731$ & $-0.0157884$ & $-0.00898072$ & $-0.0414973$ & $0.017588$ & $0.00491551$ & $0.0256649$ & $-0.0237677$ & $-0.0182386$ & $-0.0177569$ & $-0.0174105$ & $0.0105957$ & $-0.00257636$ & $0.0315822$ & $-0.01049$ & $0.0422513$ & $0.0409718$ & $0.0440473$ & $0.379136$ & $-0.031936$ & $0.0244417$ & $-0.00297969$ & $0.0294961$ & $-0.0223443$ & $-0.0370778$ & $-0.00142401$ & $-0.0336927$ & $0.00909374$ & $-0.0270035$ & $-0.0125081$ & $-0.0451603$ & $0.0592971$ & $-0.00193259$ & $0.0254778$ & $1$ & $0.000284232$ & $0.0285613$ \\
eHbbint & $0.00560452$ & $0.00428301$ & $-0.0940805$ & $-0.0123651$ & $0.0111908$ & $-0.0137109$ & $-0.00754859$ & $-0.0322874$ & $-0.0406563$ & $0.0332016$ & $0.0289802$ & $0.00505235$ & $0.01156$ & $-0.00786881$ & $-0.0275548$ & $-0.00194103$ & $0.000363598$ & $0.023027$ & $-0.0014965$ & $-0.031005$ & $-0.0274094$ & $-0.0333919$ & $-0.0310733$ & $0.0170287$ & $0.00806871$ & $0.0571651$ & $-0.0095425$ & $0.00246715$ & $0.075307$ & $-0.045901$ & $-0.0101748$ & $-0.00810061$ & $0.145851$ & $-0.00502801$ & $-0.0358694$ & $0.0224008$ & $0.0826883$ & $0.0147073$ & $-0.0391985$ & $-0.0368678$ & $-0.00720466$ & $-0.0789264$ & $-0.0594719$ & $-0.00359284$ & $-0.0138314$ & $-0.0334173$ & $0.000284232$ & $1$ & $0.0142303$ \\
eHbbpar & $-0.0140823$ & $-0.0440222$ & $0.0323991$ & $0.045435$ & $-0.0226318$ & $-0.047322$ & $-0.0257694$ & $0.0231427$ & $0.0205283$ & $0.0151455$ & $-0.0293113$ & $-0.0035152$ & $0.0178416$ & $0.011413$ & $0.0272925$ & $-0.00627071$ & $0.0274904$ & $-0.0053394$ & $0.0142607$ & $0.0298916$ & $0.0304602$ & $0.0212276$ & $0.0402816$ & $-0.0165879$ & $0.0132756$ & $-0.0623993$ & $0.00165565$ & $0.00641436$ & $0.0581981$ & $0.00787079$ & $0.00546501$ & $-0.0241506$ & $0.531281$ & $-0.000265152$ & $0.0159782$ & $0.0187653$ & $-0.0713082$ & $0.0121008$ & $-0.0132964$ & $0.0313649$ & $-0.0554702$ & $0.0084581$ & $-0.00923127$ & $-0.020315$ & $0.00923103$ & $-0.060236$ & $0.0285613$ & $0.0142303$ & $1$ \\
