 & AlsMz & dAle5Mz & mtop & mHl & Mz & CW & CHG & CHWB & CHWHB_gaga & CHWHB_gagaorth & CHD & CHbox & CH & CHL1_11 & CHL1_22 & CHL1_33 & CHL3_11 & CHL3_22 & CHL3_33 & CHe_11 & CHe_22 & CHe_33 & CHQ1_11 & CHQ1_33 & CHQ3_11 & CHu_11 & CHd_11 & CHd_33 & CeH_22r & CeH_33r & CuH_22r & CuH_33r & CdH_33r & CLL_1221 & eHggint & eHggpar & eHWWint & eHWWpar & eHZZint & eHZZpar & eHZgaint & eHZgapar & eHgagaint & eHmumuint & eHtautauint & eHccint & eHccpar & eHbbint & eHbbpar \\
AlsMz & $1$ & $0.0535238$ & $0.00982918$ & $-0.0037294$ & $-0.00801733$ & $0.010731$ & $0.0414142$ & $-0.0458472$ & $-0.0490069$ & $0.0494003$ & $0.0224901$ & $0.0886701$ & $-0.0795181$ & $0.0104038$ & $0.00372947$ & $0.00960731$ & $0.0319641$ & $0.0227185$ & $0.0115577$ & $-0.0320954$ & $-0.033821$ & $-0.0360195$ & $-0.0116173$ & $-0.0231024$ & $-0.139497$ & $-0.0428816$ & $-0.111729$ & $0.0352077$ & $0.053847$ & $-0.0134235$ & $-0.0330778$ & $0.0462111$ & $-0.0675311$ & $-0.0376035$ & $-0.0376191$ & $0.0658375$ & $0.0572829$ & $0.0307783$ & $-0.0104862$ & $-0.000825453$ & $-0.0463886$ & $-0.0380358$ & $-0.000762218$ & $0.0600505$ & $0.0707227$ & $0.0778819$ & $-0.0305191$ & $-0.0642318$ & $-0.0483518$ \\
dAle5Mz & $0.0535238$ & $1$ & $-5.93867e-06$ & $-0.0214099$ & $0.0377448$ & $0.0375439$ & $-0.0184355$ & $-0.102123$ & $-0.0848028$ & $0.0427566$ & $0.0804486$ & $0.0586768$ & $-0.040946$ & $-0.026716$ & $-0.00743515$ & $-0.020975$ & $0.0388929$ & $0.0214589$ & $0.02324$ & $-0.0536337$ & $-0.0549057$ & $-0.0601164$ & $0.00538148$ & $0.056901$ & $0.00367315$ & $-0.00826058$ & $-0.0440649$ & $-0.0108009$ & $0.0386364$ & $0.00276695$ & $0.0691371$ & $-0.00784772$ & $0.0365688$ & $0.00295259$ & $0.0395387$ & $-0.039509$ & $-0.00771815$ & $-0.082386$ & $-0.00877489$ & $-0.00864635$ & $0.0436302$ & $0.0168727$ & $0.0322793$ & $0.0417579$ & $0.0153944$ & $0.0544051$ & $0.0140407$ & $-0.0588217$ & $0.0286682$ \\
mtop & $0.00982918$ & $-5.93867e-06$ & $1$ & $-0.0626902$ & $0.0337213$ & $-0.0349355$ & $0.0142185$ & $0.032404$ & $0.0306332$ & $-0.0637931$ & $-0.0301486$ & $-0.03177$ & $0.00387836$ & $0.00777432$ & $0.0583473$ & $0.0380666$ & $0.0129336$ & $-0.0306701$ & $-0.0131005$ & $0.0449396$ & $0.0348725$ & $0.0341265$ & $0.0239906$ & $0.0133476$ & $-0.0437145$ & $-0.0853201$ & $-0.0530397$ & $0.0260372$ & $0.0304372$ & $0.0366732$ & $-0.021195$ & $0.00253914$ & $-0.0257929$ & $-0.0171079$ & $-0.0978274$ & $-0.021218$ & $-0.0529963$ & $-0.0347862$ & $0.0194635$ & $0.0185424$ & $-0.0177263$ & $0.000426807$ & $-0.023763$ & $0.0340288$ & $-0.0116848$ & $0.0728523$ & $0.0287131$ & $0.0242905$ & $-0.045922$ \\
mHl & $-0.0037294$ & $-0.0214099$ & $-0.0626902$ & $1$ & $0.0214325$ & $0.00941529$ & $-0.0043129$ & $-0.0185827$ & $-0.0225672$ & $-0.00490044$ & $0.00830255$ & $-0.00939743$ & $0.00568918$ & $0.0360851$ & $-0.0378646$ & $-0.049386$ & $0.0106139$ & $0.0450376$ & $0.0499061$ & $-0.0132092$ & $-0.00576635$ & $-0.0141346$ & $0.025562$ & $-0.00504682$ & $0.0223299$ & $-0.00544882$ & $-0.000589981$ & $-0.0159864$ & $0.0201565$ & $0.0264786$ & $-0.00627747$ & $-0.00206056$ & $0.0134512$ & $0.00502514$ & $0.04373$ & $-0.0203995$ & $-0.0207032$ & $0.0151122$ & $-0.048942$ & $-0.00868908$ & $0.0187017$ & $0.0162712$ & $-0.00449553$ & $-0.0119205$ & $-0.0514236$ & $0.0261515$ & $-0.0179045$ & $-0.105417$ & $-0.0089083$ \\
Mz & $-0.00801733$ & $0.0377448$ & $0.0337213$ & $0.0214325$ & $1$ & $-0.00976592$ & $-0.0486584$ & $0.0162825$ & $0.0158736$ & $-0.0413462$ & $-0.0181478$ & $-0.00366649$ & $-0.00397811$ & $0.0292601$ & $0.0520417$ & $0.0772038$ & $0.00838502$ & $-0.0115992$ & $-0.0334021$ & $0.0359847$ & $0.0214742$ & $0.0189206$ & $-0.0149731$ & $0.00804685$ & $0.00750284$ & $-0.00148275$ & $-0.0125056$ & $-0.0668404$ & $0.0437108$ & $0.046679$ & $0.0219819$ & $-0.0460362$ & $0.0164646$ & $-0.0279235$ & $0.0578071$ & $0.0267156$ & $0.0447661$ & $-0.00748186$ & $-0.00313841$ & $-0.000971207$ & $0.00489952$ & $-0.0166419$ & $0.00986595$ & $0.0188623$ & $0.0333489$ & $-0.0224409$ & $-0.0368737$ & $-0.00595231$ & $0.0102166$ \\
CW & $0.010731$ & $0.0375439$ & $-0.0349355$ & $0.00941529$ & $-0.00976592$ & $1$ & $0.0336817$ & $-0.133165$ & $-0.123273$ & $0.00817848$ & $0.200999$ & $0.0456736$ & $-0.0201553$ & $0.0144132$ & $-0.115994$ & $-0.174391$ & $-0.281452$ & $-0.0480508$ & $0.000770893$ & $-0.203445$ & $-0.193592$ & $-0.190396$ & $-0.0218438$ & $-0.0167093$ & $-0.0842426$ & $0.151866$ & $-0.0388276$ & $-0.0612341$ & $0.0296405$ & $0.00503655$ & $0.00328635$ & $0.038895$ & $0.00750287$ & $-0.107159$ & $0.00417218$ & $-0.0227374$ & $0.00940005$ & $0.0114695$ & $0.0419165$ & $0.0509127$ & $0.0511066$ & $0.0258243$ & $0.0740151$ & $-0.0292254$ & $0.0343827$ & $0.0325931$ & $0.0387931$ & $0.0198018$ & $-0.0237296$ \\
CHG & $0.0414142$ & $-0.0184355$ & $0.0142185$ & $-0.0043129$ & $-0.0486584$ & $0.0336817$ & $1$ & $-0.107938$ & $-0.0564139$ & $0.0497215$ & $0.0755881$ & $0.242629$ & $-0.282886$ & $0.0288423$ & $-0.0849338$ & $-0.0458536$ & $0.0688579$ & $0.125205$ & $0.0873223$ & $-0.0765391$ & $-0.075926$ & $-0.0752606$ & $0.00136162$ & $0.0905757$ & $0.104008$ & $0.0436726$ & $0.00180169$ & $-0.0824992$ & $-0.00171636$ & $-0.126419$ & $-0.0183722$ & $0.932181$ & $-0.172384$ & $-0.0197364$ & $-0.0398128$ & $-0.00523535$ & $-0.0148663$ & $-0.00973932$ & $-0.0355834$ & $0.0370757$ & $-0.0108169$ & $0.055708$ & $-0.0368869$ & $0.0244945$ & $-0.00141549$ & $0.0267027$ & $0.0553742$ & $-0.00580049$ & $-0.000296414$ \\
CHWB & $-0.0458472$ & $-0.102123$ & $0.032404$ & $-0.0185827$ & $0.0162825$ & $-0.133165$ & $-0.107938$ & $1$ & $0.983342$ & $-0.547789$ & $-0.888144$ & $-0.455954$ & $0.3818$ & $0.100732$ & $0.284755$ & $0.289541$ & $-0.220983$ & $-0.436462$ & $-0.430877$ & $0.860223$ & $0.903376$ & $0.885372$ & $0.0738261$ & $-0.678718$ & $-0.380746$ & $-0.514743$ & $0.46149$ & $0.308932$ & $0.0347872$ & $0.150036$ & $0.0816126$ & $-0.0969511$ & $0.121024$ & $0.603973$ & $-0.0115352$ & $-0.0226885$ & $-0.0127304$ & $-0.0171193$ & $0.0131216$ & $-0.0117044$ & $0.00346038$ & $-0.0464681$ & $-0.0221744$ & $-0.0327813$ & $0.0631034$ & $0.0243446$ & $-0.0303507$ & $0.0236955$ & $-0.0889136$ \\
CHWHB_gaga & $-0.0490069$ & $-0.0848028$ & $0.0306332$ & $-0.0225672$ & $0.0158736$ & $-0.123273$ & $-0.0564139$ & $0.983342$ & $1$ & $-0.539394$ & $-0.871913$ & $-0.43987$ & $0.371956$ & $0.0964925$ & $0.28133$ & $0.276536$ & $-0.219073$ & $-0.433503$ & $-0.421352$ & $0.844743$ & $0.887734$ & $0.87037$ & $0.0737648$ & $-0.670057$ & $-0.374334$ & $-0.503884$ & $0.457896$ & $0.30394$ & $0.0367232$ & $0.173215$ & $0.0971207$ & $-0.0561144$ & $0.145768$ & $0.594242$ & $-0.0355801$ & $-0.0258392$ & $-0.0222261$ & $-0.0256454$ & $0.00586714$ & $-0.0131515$ & $0.0100573$ & $-0.0460328$ & $0.0637509$ & $-0.0307838$ & $0.0660791$ & $0.0290393$ & $-0.0343898$ & $0.0296624$ & $-0.0824668$ \\
CHWHB_gagaorth & $0.0494003$ & $0.0427566$ & $-0.0637931$ & $-0.00490044$ & $-0.0413462$ & $0.00817848$ & $0.0497215$ & $-0.547789$ & $-0.539394$ & $1$ & $0.33685$ & $0.477015$ & $-0.245211$ & $0.251609$ & $-0.116826$ & $-0.15589$ & $0.436994$ & $0.498794$ & $0.518375$ & $-0.329672$ & $-0.347485$ & $-0.338357$ & $-0.00858942$ & $0.544297$ & $0.463351$ & $0.169512$ & $-0.243426$ & $-0.14074$ & $-0.0152959$ & $-0.206143$ & $-0.0694503$ & $0.0561286$ & $-0.147211$ & $-0.355621$ & $0.0384359$ & $0.0249416$ & $0.00136678$ & $0.0312007$ & $-0.031756$ & $0.0113873$ & $0.00229566$ & $0.031719$ & $0.0067242$ & $0.0286822$ & $-0.0856078$ & $-0.0502283$ & $0.0316202$ & $0.0248687$ & $0.100384$ \\
CHD & $0.0224901$ & $0.0804486$ & $-0.0301486$ & $0.00830255$ & $-0.0181478$ & $0.200999$ & $0.0755881$ & $-0.888144$ & $-0.871913$ & $0.33685$ & $1$ & $0.318016$ & $-0.219238$ & $-0.498123$ & $-0.414687$ & $-0.40203$ & $-0.220111$ & $0.0869336$ & $0.0819365$ & $-0.990281$ & $-0.991838$ & $-0.974398$ & $-0.0441378$ & $0.33155$ & $0.0218846$ & $0.59506$ & $-0.330433$ & $-0.356283$ & $-0.0216171$ & $-0.0800392$ & $-0.0498125$ & $0.08846$ & $-0.0591413$ & $-0.412977$ & $0.0225828$ & $0.0167756$ & $-0.0163092$ & $0.00798694$ & $-0.026446$ & $0.0296426$ & $-0.00282446$ & $0.0387848$ & $0.0216036$ & $0.0178763$ & $-0.0128511$ & $0.000819123$ & $0.0367029$ & $-0.0252637$ & $0.0581969$ \\
CHbox & $0.0886701$ & $0.0586768$ & $-0.03177$ & $-0.00939743$ & $-0.00366649$ & $0.0456736$ & $0.242629$ & $-0.455954$ & $-0.43987$ & $0.477015$ & $0.318016$ & $1$ & $-0.913901$ & $0.118054$ & $-0.0776$ & $-0.0559371$ & $0.27771$ & $0.333984$ & $0.314399$ & $-0.301782$ & $-0.331939$ & $-0.316121$ & $-0.0588728$ & $0.419441$ & $0.281786$ & $0.180245$ & $-0.256127$ & $-0.153327$ & $-0.0555178$ & $-0.177653$ & $-0.0944774$ & $0.232919$ & $-0.205502$ & $-0.308294$ & $0.0813195$ & $0.0700893$ & $-0.0099491$ & $0.00652039$ & $-0.0137293$ & $0.0232574$ & $-0.0189751$ & $0.0345169$ & $-0.00245243$ & $0.079031$ & $-0.0293196$ & $-0.00610054$ & $-0.0027897$ & $-0.0148432$ & $0.0560327$ \\
CH & $-0.0795181$ & $-0.040946$ & $0.00387836$ & $0.00568918$ & $-0.00397811$ & $-0.0201553$ & $-0.282886$ & $0.3818$ & $0.371956$ & $-0.245211$ & $-0.219238$ & $-0.913901$ & $1$ & $-0.197724$ & $0.0685965$ & $0.0441448$ & $-0.336413$ & $-0.374566$ & $-0.349866$ & $0.209461$ & $0.231193$ & $0.218317$ & $0.0571205$ & $-0.408806$ & $-0.328199$ & $-0.12764$ & $0.197299$ & $0.109597$ & $0.0693376$ & $0.256981$ & $0.114839$ & $-0.231602$ & $0.317059$ & $0.250233$ & $-0.0385237$ & $-0.0536586$ & $-0.00502435$ & $-0.00378918$ & $-0.00940185$ & $-0.00789441$ & $0.0304656$ & $-0.025669$ & $0.00073258$ & $-0.0623742$ & $0.0222653$ & $-0.00471019$ & $0.0165603$ & $0.0179324$ & $-0.0412636$ \\
CHL1_11 & $0.0104038$ & $-0.026716$ & $0.00777432$ & $0.0360851$ & $0.0292601$ & $0.0144132$ & $0.0288423$ & $0.100732$ & $0.0964925$ & $0.251609$ & $-0.498123$ & $0.118054$ & $-0.197724$ & $1$ & $0.251691$ & $0.228708$ & $0.666192$ & $0.609607$ & $0.602046$ & $0.51196$ & $0.463959$ & $0.460926$ & $-0.0305587$ & $0.454589$ & $0.596384$ & $-0.305219$ & $-0.0757849$ & $0.186944$ & $-0.0217449$ & $-0.0953265$ & $-0.0437364$ & $-0.0174537$ & $-0.0824478$ & $-0.181561$ & $-0.0206335$ & $-0.018417$ & $0.0458786$ & $0.022823$ & $0.0425371$ & $-0.024712$ & $0.0192762$ & $0.015487$ & $0.0126192$ & $0.0133128$ & $-0.0719313$ & $-0.0407215$ & $-0.0192247$ & $0.0108106$ & $0.0138869$ \\
CHL1_22 & $0.00372947$ & $-0.00743515$ & $0.0583473$ & $-0.0378646$ & $0.0520417$ & $-0.115994$ & $-0.0849338$ & $0.284755$ & $0.28133$ & $-0.116826$ & $-0.414687$ & $-0.0776$ & $0.0685965$ & $0.251691$ & $1$ & $0.457402$ & $0.211834$ & $-0.43465$ & $-0.0282904$ & $0.484815$ & $0.334521$ & $0.325521$ & $-0.17166$ & $0.10263$ & $-0.119871$ & $-0.210574$ & $-0.388323$ & $0.155252$ & $-0.00324482$ & $0.0532792$ & $-0.0281914$ & $-0.0925373$ & $0.0249396$ & $-0.55961$ & $0.00412031$ & $0.00845292$ & $0.0159771$ & $0.000539508$ & $0.029087$ & $-0.0176029$ & $0.00249868$ & $0.0113927$ & $-0.00969817$ & $0.0426977$ & $-0.0179707$ & $-0.0366397$ & $-0.0368759$ & $0.0574571$ & $-0.0397114$ \\
CHL1_33 & $0.00960731$ & $-0.020975$ & $0.0380666$ & $-0.049386$ & $0.0772038$ & $-0.174391$ & $-0.0458536$ & $0.289541$ & $0.276536$ & $-0.15589$ & $-0.40203$ & $-0.0559371$ & $0.0441448$ & $0.228708$ & $0.457402$ & $1$ & $0.177889$ & $-0.0468316$ & $-0.453949$ & $0.469401$ & $0.325386$ & $0.348538$ & $-0.184913$ & $0.0904944$ & $-0.138404$ & $-0.227411$ & $-0.380593$ & $0.161357$ & $-0.0013826$ & $0.0658164$ & $0.024533$ & $-0.0366158$ & $0.0545199$ & $-0.0846324$ & $0.0286173$ & $0.0628069$ & $0.0358858$ & $0.000341555$ & $-0.0143081$ & $-0.0161254$ & $0.0162814$ & $0.000183569$ & $-0.0718406$ & $0.0546069$ & $0.00493257$ & $-0.031487$ & $-0.0414897$ & $0.027203$ & $-0.0417646$ \\
CHL3_11 & $0.0319641$ & $0.0388929$ & $0.0129336$ & $0.0106139$ & $0.00838502$ & $-0.281452$ & $0.0688579$ & $-0.220983$ & $-0.219073$ & $0.436994$ & $-0.220111$ & $0.27771$ & $-0.336413$ & $0.666192$ & $0.211834$ & $0.177889$ & $1$ & $0.717869$ & $0.716247$ & $0.245194$ & $0.188145$ & $0.185525$ & $-0.0316162$ & $0.674005$ & $0.761401$ & $-0.161693$ & $-0.177698$ & $0.0874944$ & $-0.0241601$ & $-0.140935$ & $-0.0494117$ & $0.0193424$ & $-0.136313$ & $-0.271763$ & $-0.0395434$ & $0.0190829$ & $0.0614389$ & $0.00237025$ & $0.0128741$ & $-0.0504307$ & $-0.0141912$ & $-0.00415487$ & $-0.000534678$ & $0.0235228$ & $-0.0986221$ & $-0.0423722$ & $-0.0103499$ & $0.0102262$ & $0.0702748$ \\
CHL3_22 & $0.0227185$ & $0.0214589$ & $-0.0306701$ & $0.0450376$ & $-0.0115992$ & $-0.0480508$ & $0.125205$ & $-0.436462$ & $-0.433503$ & $0.498794$ & $0.0869336$ & $0.333984$ & $-0.374566$ & $0.609607$ & $-0.43465$ & $-0.0468316$ & $0.717869$ & $1$ & $0.678555$ & $-0.092931$ & $-0.0808209$ & $-0.0697136$ & $0.0500217$ & $0.634335$ & $0.788542$ & $-0.000361025$ & $-0.0217546$ & $-0.0234928$ & $-0.0261961$ & $-0.170766$ & $-0.0455072$ & $0.0837001$ & $-0.140801$ & $-0.00290812$ & $-0.024695$ & $0.0100693$ & $0.0418953$ & $0.0158163$ & $0.00354825$ & $-0.0196451$ & $0.00387015$ & $0.00515712$ & $0.00610802$ & $0.00384248$ & $-0.0838024$ & $-0.0328274$ & $0.0143326$ & $-0.0371351$ & $0.0832243$ \\
CHL3_33 & $0.0115577$ & $0.02324$ & $-0.0131005$ & $0.0499061$ & $-0.0334021$ & $0.000770893$ & $0.0873223$ & $-0.430877$ & $-0.421352$ & $0.518375$ & $0.0819365$ & $0.314399$ & $-0.349866$ & $0.602046$ & $-0.0282904$ & $-0.453949$ & $0.716247$ & $0.678555$ & $1$ & $-0.0863044$ & $-0.0746519$ & $-0.0708146$ & $0.0577729$ & $0.624199$ & $0.786357$ & $0.0196439$ & $-0.0104782$ & $-0.0286103$ & $-0.0261857$ & $-0.176779$ & $-0.0790618$ & $0.0358885$ & $-0.157746$ & $-0.356851$ & $-0.0313564$ & $-0.0350368$ & $0.0133259$ & $0.0145517$ & $0.0332516$ & $-0.0194657$ & $-0.0110618$ & $0.0185858$ & $0.0595759$ & $-0.00490913$ & $-0.103649$ & $-0.0283258$ & $0.0160048$ & $-0.00381543$ & $0.0867612$ \\
CHe_11 & $-0.0320954$ & $-0.0536337$ & $0.0449396$ & $-0.0132092$ & $0.0359847$ & $-0.203445$ & $-0.0765391$ & $0.860223$ & $0.844743$ & $-0.329672$ & $-0.990281$ & $-0.301782$ & $0.209461$ & $0.51196$ & $0.484815$ & $0.469401$ & $0.245194$ & $-0.092931$ & $-0.0863044$ & $1$ & $0.97391$ & $0.958796$ & $0.0214246$ & $-0.277283$ & $-0.0161108$ & $-0.594127$ & $0.255066$ & $0.358288$ & $0.01929$ & $0.0806971$ & $0.0446143$ & $-0.0895802$ & $0.060745$ & $0.33418$ & $-0.0212337$ & $-0.0116012$ & $0.0157186$ & $-0.010097$ & $0.0303988$ & $-0.0284827$ & $0.00813781$ & $-0.0368971$ & $-0.0223682$ & $-0.00984707$ & $0.00876997$ & $-0.00946905$ & $-0.0363942$ & $0.021571$ & $-0.0524536$ \\
CHe_22 & $-0.033821$ & $-0.0549057$ & $0.0348725$ & $-0.00576635$ & $0.0214742$ & $-0.193592$ & $-0.075926$ & $0.903376$ & $0.887734$ & $-0.347485$ & $-0.991838$ & $-0.331939$ & $0.231193$ & $0.463959$ & $0.334521$ & $0.325386$ & $0.188145$ & $-0.0808209$ & $-0.0746519$ & $0.97391$ & $1$ & $0.979168$ & $0.0690773$ & $-0.379113$ & $-0.0242307$ & $-0.591859$ & $0.407994$ & $0.352018$ & $0.0247178$ & $0.0804354$ & $0.061082$ & $-0.0871887$ & $0.0624919$ & $0.492654$ & $-0.0242785$ & $-0.0211894$ & $0.0113292$ & $-0.0142642$ & $0.0271893$ & $-0.0290121$ & $0.00352199$ & $-0.0429258$ & $-0.014763$ & $-0.0241284$ & $0.0162813$ & $0.00551161$ & $-0.0298435$ & $0.0211242$ & $-0.0571232$ \\
CHe_33 & $-0.0360195$ & $-0.0601164$ & $0.0341265$ & $-0.0141346$ & $0.0189206$ & $-0.190396$ & $-0.0752606$ & $0.885372$ & $0.87037$ & $-0.338357$ & $-0.974398$ & $-0.316121$ & $0.218317$ & $0.460926$ & $0.325521$ & $0.348538$ & $0.185525$ & $-0.0697136$ & $-0.0708146$ & $0.958796$ & $0.979168$ & $1$ & $0.0578989$ & $-0.360867$ & $-0.0201391$ & $-0.580261$ & $0.395708$ & $0.34761$ & $0.0316964$ & $0.0752561$ & $0.0573625$ & $-0.0900895$ & $0.0564019$ & $0.484965$ & $-0.0156124$ & $-0.0248419$ & $0.00648949$ & $-0.017129$ & $0.0305845$ & $-0.0179448$ & $0.0098377$ & $-0.045545$ & $-0.0126325$ & $-0.0253072$ & $0.0107262$ & $0.0128813$ & $-0.0370252$ & $0.0269956$ & $-0.0564363$ \\
CHQ1_11 & $-0.0116173$ & $0.00538148$ & $0.0239906$ & $0.025562$ & $-0.0149731$ & $-0.0218438$ & $0.00136162$ & $0.0738261$ & $0.0737648$ & $-0.00858942$ & $-0.0441378$ & $-0.0588728$ & $0.0571205$ & $-0.0305587$ & $-0.17166$ & $-0.184913$ & $-0.0316162$ & $0.0500217$ & $0.0577729$ & $0.0214246$ & $0.0690773$ & $0.0578989$ & $1$ & $-0.121372$ & $0.128291$ & $-0.659892$ & $0.353701$ & $-0.00107931$ & $0.0577161$ & $-0.00358558$ & $-0.0376959$ & $0.00605149$ & $0.0104736$ & $0.203951$ & $-0.0448395$ & $-0.0222609$ & $0.00646262$ & $-0.0118209$ & $0.0150547$ & $0.00564792$ & $-0.0325488$ & $0.00404332$ & $-0.0177941$ & $-0.0443628$ & $0.00927636$ & $0.00327236$ & $0.00127378$ & $-0.0255845$ & $0.0167164$ \\
CHQ1_33 & $-0.0231024$ & $0.056901$ & $0.0133476$ & $-0.00504682$ & $0.00804685$ & $-0.0167093$ & $0.0905757$ & $-0.678718$ & $-0.670057$ & $0.544297$ & $0.33155$ & $0.419441$ & $-0.408806$ & $0.454589$ & $0.10263$ & $0.0904944$ & $0.674005$ & $0.634335$ & $0.624199$ & $-0.277283$ & $-0.379113$ & $-0.360867$ & $-0.121372$ & $1$ & $0.635396$ & $0.18845$ & $-0.441088$ & $0.00586774$ & $-0.0496952$ & $-0.153048$ & $-0.0847746$ & $0.0536008$ & $-0.124756$ & $-0.640241$ & $0.000696265$ & $-0.000445868$ & $0.0453671$ & $0.0109959$ & $0.0121558$ & $-0.0227143$ & $0.00235373$ & $0.0534787$ & $-0.0100686$ & $0.0437555$ & $-0.0944339$ & $-0.0646947$ & $0.0104623$ & $0.0102203$ & $0.10465$ \\
CHQ3_11 & $-0.139497$ & $0.00367315$ & $-0.0437145$ & $0.0223299$ & $0.00750284$ & $-0.0842426$ & $0.104008$ & $-0.380746$ & $-0.374334$ & $0.463351$ & $0.0218846$ & $0.281786$ & $-0.328199$ & $0.596384$ & $-0.119871$ & $-0.138404$ & $0.761401$ & $0.788542$ & $0.786357$ & $-0.0161108$ & $-0.0242307$ & $-0.0201391$ & $0.128291$ & $0.635396$ & $1$ & $-0.00842501$ & $0.20171$ & $-0.0136689$ & $-0.0374388$ & $-0.157916$ & $-0.0681956$ & $0.0606118$ & $-0.132868$ & $-0.204859$ & $-0.0325765$ & $0.00298248$ & $0.041865$ & $0.033091$ & $0.030385$ & $-0.0168921$ & $0.0140301$ & $0.00591305$ & $0.0360046$ & $-0.0196019$ & $-0.0915905$ & $-0.0415426$ & $0.00989278$ & $-0.0188236$ & $0.0917948$ \\
CHu_11 & $-0.0428816$ & $-0.00826058$ & $-0.0853201$ & $-0.00544882$ & $-0.00148275$ & $0.151866$ & $0.0436726$ & $-0.514743$ & $-0.503884$ & $0.169512$ & $0.59506$ & $0.180245$ & $-0.12764$ & $-0.305219$ & $-0.210574$ & $-0.227411$ & $-0.161693$ & $-0.000361025$ & $0.0196439$ & $-0.594127$ & $-0.591859$ & $-0.580261$ & $-0.659892$ & $0.18845$ & $-0.00842501$ & $1$ & $-0.17146$ & $-0.203512$ & $-0.0359116$ & $-0.0163189$ & $-0.01305$ & $0.0520147$ & $-0.0246106$ & $-0.271338$ & $0.0285189$ & $0.0367238$ & $-0.0369251$ & $0.0369693$ & $-0.0168499$ & $0.036833$ & $0.0258726$ & $0.00577471$ & $0.055627$ & $0.0264232$ & $-0.0327682$ & $-0.00213212$ & $0.0173337$ & $0.00716913$ & $0.0164914$ \\
CHd_11 & $-0.111729$ & $-0.0440649$ & $-0.0530397$ & $-0.000589981$ & $-0.0125056$ & $-0.0388276$ & $0.00180169$ & $0.46149$ & $0.457896$ & $-0.243426$ & $-0.330433$ & $-0.256127$ & $0.197299$ & $-0.0757849$ & $-0.388323$ & $-0.380593$ & $-0.177698$ & $-0.0217546$ & $-0.0104782$ & $0.255066$ & $0.407994$ & $0.395708$ & $0.353701$ & $-0.441088$ & $0.20171$ & $-0.17146$ & $1$ & $0.0862423$ & $0.0207995$ & $0.0527756$ & $0.0395851$ & $0.00683036$ & $0.0473672$ & $0.70417$ & $-0.0281306$ & $-0.0384476$ & $-0.0224552$ & $0.00967877$ & $0.0194147$ & $0.0123554$ & $0.0082972$ & $-0.043639$ & $0.0302277$ & $-0.0788156$ & $0.042333$ & $0.0394882$ & $0.00675575$ & $-0.0250216$ & $-0.00328775$ \\
CHd_33 & $0.0352077$ & $-0.0108009$ & $0.0260372$ & $-0.0159864$ & $-0.0668404$ & $-0.0612341$ & $-0.0824992$ & $0.308932$ & $0.30394$ & $-0.14074$ & $-0.356283$ & $-0.153327$ & $0.109597$ & $0.186944$ & $0.155252$ & $0.161357$ & $0.0874944$ & $-0.0234928$ & $-0.0286103$ & $0.358288$ & $0.352018$ & $0.34761$ & $-0.00107931$ & $0.00586774$ & $-0.0136689$ & $-0.203512$ & $0.0862423$ & $1$ & $0.0375158$ & $0.0522923$ & $0.0594378$ & $-0.0790086$ & $0.0554141$ & $0.133265$ & $-0.0796148$ & $0.0212453$ & $0.0237508$ & $-0.012786$ & $-0.0506594$ & $-0.0499242$ & $-0.0136451$ & $-0.0440303$ & $0.0157707$ & $-0.0274178$ & $0.0218396$ & $0.0208721$ & $-0.0320438$ & $0.0416041$ & $-0.0367467$ \\
CeH_22r & $0.053847$ & $0.0386364$ & $0.0304372$ & $0.0201565$ & $0.0437108$ & $0.0296405$ & $-0.00171636$ & $0.0347872$ & $0.0367232$ & $-0.0152959$ & $-0.0216171$ & $-0.0555178$ & $0.0693376$ & $-0.0217449$ & $-0.00324482$ & $-0.0013826$ & $-0.0241601$ & $-0.0261961$ & $-0.0261857$ & $0.01929$ & $0.0247178$ & $0.0316964$ & $0.0577161$ & $-0.0496952$ & $-0.0374388$ & $-0.0359116$ & $0.0207995$ & $0.0375158$ & $1$ & $0.0609782$ & $0.0294685$ & $-0.0267056$ & $0.0137916$ & $0.0357027$ & $-0.0936649$ & $-0.0122148$ & $0.00946248$ & $-0.00703323$ & $-0.0117823$ & $0.0682669$ & $-0.0361628$ & $0.00473074$ & $0.0469108$ & $-0.0202299$ & $-0.0128265$ & $0.0803156$ & $0.0468374$ & $-0.0297042$ & $-0.0396236$ \\
CeH_33r & $-0.0134235$ & $0.00276695$ & $0.0366732$ & $0.0264786$ & $0.046679$ & $0.00503655$ & $-0.126419$ & $0.150036$ & $0.173215$ & $-0.206143$ & $-0.0800392$ & $-0.177653$ & $0.256981$ & $-0.0953265$ & $0.0532792$ & $0.0658164$ & $-0.140935$ & $-0.170766$ & $-0.176779$ & $0.0806971$ & $0.0804354$ & $0.0752561$ & $-0.00358558$ & $-0.153048$ & $-0.157916$ & $-0.0163189$ & $0.0527756$ & $0.0522923$ & $0.0609782$ & $1$ & $0.30047$ & $0.0188713$ & $0.625791$ & $0.0851601$ & $-0.115283$ & $-0.0836619$ & $-0.17322$ & $-0.04215$ & $-0.0820277$ & $-0.015455$ & $0.0357209$ & $-0.0234905$ & $0.00508774$ & $0.0151105$ & $0.106265$ & $0.0067909$ & $-0.0262192$ & $0.00199385$ & $-0.0729529$ \\
CuH_22r & $-0.0330778$ & $0.0691371$ & $-0.021195$ & $-0.00627747$ & $0.0219819$ & $0.00328635$ & $-0.0183722$ & $0.0816126$ & $0.0971207$ & $-0.0694503$ & $-0.0498125$ & $-0.0944774$ & $0.114839$ & $-0.0437364$ & $-0.0281914$ & $0.024533$ & $-0.0494117$ & $-0.0455072$ & $-0.0790618$ & $0.0446143$ & $0.061082$ & $0.0573625$ & $-0.0376959$ & $-0.0847746$ & $-0.0681956$ & $-0.01305$ & $0.0395851$ & $0.0594378$ & $0.0294685$ & $0.30047$ & $1$ & $0.0689294$ & $0.332376$ & $0.103921$ & $-0.0788347$ & $-0.00570602$ & $-0.129443$ & $-0.0660689$ & $-0.0745127$ & $0.000739868$ & $0.0600271$ & $0.00234723$ & $-0.0361779$ & $-0.0503599$ & $0.0138974$ & $0.044052$ & $0.360174$ & $0.0374861$ & $-0.0482489$ \\
CuH_33r & $0.0462111$ & $-0.00784772$ & $0.00253914$ & $-0.00206056$ & $-0.0460362$ & $0.038895$ & $0.932181$ & $-0.0969511$ & $-0.0561144$ & $0.0561286$ & $0.08846$ & $0.232919$ & $-0.231602$ & $-0.0174537$ & $-0.0925373$ & $-0.0366158$ & $0.0193424$ & $0.0837001$ & $0.0358885$ & $-0.0895802$ & $-0.0871887$ & $-0.0900895$ & $0.00605149$ & $0.0536008$ & $0.0606118$ & $0.0520147$ & $0.00683036$ & $-0.0790086$ & $-0.0267056$ & $0.0188713$ & $0.0689294$ & $1$ & $0.00326185$ & $-0.00442583$ & $0.025595$ & $0.0371119$ & $-0.0552949$ & $-0.00540956$ & $-0.0351348$ & $0.0460224$ & $0.0154289$ & $0.0467963$ & $-0.0512276$ & $0.0251619$ & $0.00304674$ & $0.0160166$ & $0.0433963$ & $-0.00586454$ & $-0.00934391$ \\
CdH_33r & $-0.0675311$ & $0.0365688$ & $-0.0257929$ & $0.0134512$ & $0.0164646$ & $0.00750287$ & $-0.172384$ & $0.121024$ & $0.145768$ & $-0.147211$ & $-0.0591413$ & $-0.205502$ & $0.317059$ & $-0.0824478$ & $0.0249396$ & $0.0545199$ & $-0.136313$ & $-0.140801$ & $-0.157746$ & $0.060745$ & $0.0624919$ & $0.0564019$ & $0.0104736$ & $-0.124756$ & $-0.132868$ & $-0.0246106$ & $0.0473672$ & $0.0554141$ & $0.0137916$ & $0.625791$ & $0.332376$ & $0.00326185$ & $1$ & $0.077406$ & $-0.0783128$ & $-0.0649685$ & $-0.224673$ & $-0.0664596$ & $-0.0400234$ & $-0.00302284$ & $0.0577209$ & $0.00143985$ & $0.0101033$ & $-0.0129477$ & $0.00590239$ & $-0.0220828$ & $-0.00368418$ & $0.140631$ & $0.426631$ \\
CLL_1221 & $-0.0376035$ & $0.00295259$ & $-0.0171079$ & $0.00502514$ & $-0.0279235$ & $-0.107159$ & $-0.0197364$ & $0.603973$ & $0.594242$ & $-0.355621$ & $-0.412977$ & $-0.308294$ & $0.250233$ & $-0.181561$ & $-0.55961$ & $-0.0846324$ & $-0.271763$ & $-0.00290812$ & $-0.356851$ & $0.33418$ & $0.492654$ & $0.484965$ & $0.203951$ & $-0.640241$ & $-0.204859$ & $-0.271338$ & $0.70417$ & $0.133265$ & $0.0357027$ & $0.0851601$ & $0.103921$ & $-0.00442583$ & $0.077406$ & $1$ & $-0.0175286$ & $-0.0213127$ & $-0.0225183$ & $-0.0314684$ & $-0.0227793$ & $-0.00279949$ & $0.0014095$ & $-0.0589909$ & $-0.0149642$ & $-0.0568088$ & $0.070301$ & $0.0538464$ & $0.00488548$ & $-0.028048$ & $-0.0393678$ \\
eHggint & $-0.0376191$ & $0.0395387$ & $-0.0978274$ & $0.04373$ & $0.0578071$ & $0.00417218$ & $-0.0398128$ & $-0.0115352$ & $-0.0355801$ & $0.0384359$ & $0.0225828$ & $0.0813195$ & $-0.0385237$ & $-0.0206335$ & $0.00412031$ & $0.0286173$ & $-0.0395434$ & $-0.024695$ & $-0.0313564$ & $-0.0212337$ & $-0.0242785$ & $-0.0156124$ & $-0.0448395$ & $0.000696265$ & $-0.0325765$ & $0.0285189$ & $-0.0281306$ & $-0.0796148$ & $-0.0936649$ & $-0.115283$ & $-0.0788347$ & $0.025595$ & $-0.0783128$ & $-0.0175286$ & $1$ & $-0.0720937$ & $0.0371925$ & $0.0275193$ & $-0.00212832$ & $0.00512052$ & $0.00946615$ & $0.0321069$ & $0.0062721$ & $0.0805533$ & $-0.00601502$ & $-0.0500064$ & $0.0179585$ & $-0.0433229$ & $0.0604747$ \\
eHggpar & $0.0658375$ & $-0.039509$ & $-0.021218$ & $-0.0203995$ & $0.0267156$ & $-0.0227374$ & $-0.00523535$ & $-0.0226885$ & $-0.0258392$ & $0.0249416$ & $0.0167756$ & $0.0700893$ & $-0.0536586$ & $-0.018417$ & $0.00845292$ & $0.0628069$ & $0.0190829$ & $0.0100693$ & $-0.0350368$ & $-0.0116012$ & $-0.0211894$ & $-0.0248419$ & $-0.0222609$ & $-0.000445868$ & $0.00298248$ & $0.0367238$ & $-0.0384476$ & $0.0212453$ & $-0.0122148$ & $-0.0836619$ & $-0.00570602$ & $0.0371119$ & $-0.0649685$ & $-0.0213127$ & $-0.0720937$ & $1$ & $-0.0122613$ & $0.0687618$ & $0.021921$ & $-0.0298337$ & $-0.0265306$ & $-0.05161$ & $0.0522801$ & $0.0407561$ & $0.0250937$ & $0.00716044$ & $0.0276266$ & $0.00694787$ & $-0.00686732$ \\
eHWWint & $0.0572829$ & $-0.00771815$ & $-0.0529963$ & $-0.0207032$ & $0.0447661$ & $0.00940005$ & $-0.0148663$ & $-0.0127304$ & $-0.0222261$ & $0.00136678$ & $-0.0163092$ & $-0.0099491$ & $-0.00502435$ & $0.0458786$ & $0.0159771$ & $0.0358858$ & $0.0614389$ & $0.0418953$ & $0.0133259$ & $0.0157186$ & $0.0113292$ & $0.00648949$ & $0.00646262$ & $0.0453671$ & $0.041865$ & $-0.0369251$ & $-0.0224552$ & $0.0237508$ & $0.00946248$ & $-0.17322$ & $-0.129443$ & $-0.0552949$ & $-0.224673$ & $-0.0225183$ & $0.0371925$ & $-0.0122613$ & $1$ & $-0.000730863$ & $-0.00566774$ & $-0.0504945$ & $-0.0417021$ & $-0.0138458$ & $0.0317024$ & $-0.00395362$ & $-0.0105694$ & $-0.0395915$ & $-0.00855124$ & $-0.0219817$ & $-0.0221103$ \\
eHWWpar & $0.0307783$ & $-0.082386$ & $-0.0347862$ & $0.0151122$ & $-0.00748186$ & $0.0114695$ & $-0.00973932$ & $-0.0171193$ & $-0.0256454$ & $0.0312007$ & $0.00798694$ & $0.00652039$ & $-0.00378918$ & $0.022823$ & $0.000539508$ & $0.000341555$ & $0.00237025$ & $0.0158163$ & $0.0145517$ & $-0.010097$ & $-0.0142642$ & $-0.017129$ & $-0.0118209$ & $0.0109959$ & $0.033091$ & $0.0369693$ & $0.00967877$ & $-0.012786$ & $-0.00703323$ & $-0.04215$ & $-0.0660689$ & $-0.00540956$ & $-0.0664596$ & $-0.0314684$ & $0.0275193$ & $0.0687618$ & $-0.000730863$ & $1$ & $-0.00851558$ & $0.0247874$ & $0.0248747$ & $-0.060655$ & $0.00692274$ & $-0.000753161$ & $0.00947964$ & $0.0187657$ & $-0.0375165$ & $-0.0114694$ & $-0.0100345$ \\
eHZZint & $-0.0104862$ & $-0.00877489$ & $0.0194635$ & $-0.048942$ & $-0.00313841$ & $0.0419165$ & $-0.0355834$ & $0.0131216$ & $0.00586714$ & $-0.031756$ & $-0.026446$ & $-0.0137293$ & $-0.00940185$ & $0.0425371$ & $0.029087$ & $-0.0143081$ & $0.0128741$ & $0.00354825$ & $0.0332516$ & $0.0303988$ & $0.0271893$ & $0.0305845$ & $0.0150547$ & $0.0121558$ & $0.030385$ & $-0.0168499$ & $0.0194147$ & $-0.0506594$ & $-0.0117823$ & $-0.0820277$ & $-0.0745127$ & $-0.0351348$ & $-0.0400234$ & $-0.0227793$ & $-0.00212832$ & $0.021921$ & $-0.00566774$ & $-0.00851558$ & $1$ & $0.01968$ & $-0.00589481$ & $0.0228899$ & $0.0187894$ & $-0.12353$ & $-0.0511691$ & $0.0791663$ & $0.0113118$ & $0.0241836$ & $0.0575664$ \\
eHZZpar & $-0.000825453$ & $-0.00864635$ & $0.0185424$ & $-0.00868908$ & $-0.000971207$ & $0.0509127$ & $0.0370757$ & $-0.0117044$ & $-0.0131515$ & $0.0113873$ & $0.0296426$ & $0.0232574$ & $-0.00789441$ & $-0.024712$ & $-0.0176029$ & $-0.0161254$ & $-0.0504307$ & $-0.0196451$ & $-0.0194657$ & $-0.0284827$ & $-0.0290121$ & $-0.0179448$ & $0.00564792$ & $-0.0227143$ & $-0.0168921$ & $0.036833$ & $0.0123554$ & $-0.0499242$ & $0.0682669$ & $-0.015455$ & $0.000739868$ & $0.0460224$ & $-0.00302284$ & $-0.00279949$ & $0.00512052$ & $-0.0298337$ & $-0.0504945$ & $0.0247874$ & $0.01968$ & $1$ & $0.0169953$ & $0.0673666$ & $0.0392143$ & $-0.0272315$ & $-0.0426296$ & $0.0829979$ & $0.0386054$ & $-0.0187228$ & $-0.0251836$ \\
eHZgaint & $-0.0463886$ & $0.0436302$ & $-0.0177263$ & $0.0187017$ & $0.00489952$ & $0.0511066$ & $-0.0108169$ & $0.00346038$ & $0.0100573$ & $0.00229566$ & $-0.00282446$ & $-0.0189751$ & $0.0304656$ & $0.0192762$ & $0.00249868$ & $0.0162814$ & $-0.0141912$ & $0.00387015$ & $-0.0110618$ & $0.00813781$ & $0.00352199$ & $0.0098377$ & $-0.0325488$ & $0.00235373$ & $0.0140301$ & $0.0258726$ & $0.0082972$ & $-0.0136451$ & $-0.0361628$ & $0.0357209$ & $0.0600271$ & $0.0154289$ & $0.0577209$ & $0.0014095$ & $0.00946615$ & $-0.0265306$ & $-0.0417021$ & $0.0248747$ & $-0.00589481$ & $0.0169953$ & $1$ & $-0.0407127$ & $-1.68075e-05$ & $-0.0174418$ & $0.0198238$ & $-0.033646$ & $-0.00172432$ & $-0.0316645$ & $-0.0022471$ \\
eHZgapar & $-0.0380358$ & $0.0168727$ & $0.000426807$ & $0.0162712$ & $-0.0166419$ & $0.0258243$ & $0.055708$ & $-0.0464681$ & $-0.0460328$ & $0.031719$ & $0.0387848$ & $0.0345169$ & $-0.025669$ & $0.015487$ & $0.0113927$ & $0.000183569$ & $-0.00415487$ & $0.00515712$ & $0.0185858$ & $-0.0368971$ & $-0.0429258$ & $-0.045545$ & $0.00404332$ & $0.0534787$ & $0.00591305$ & $0.00577471$ & $-0.043639$ & $-0.0440303$ & $0.00473074$ & $-0.0234905$ & $0.00234723$ & $0.0467963$ & $0.00143985$ & $-0.0589909$ & $0.0321069$ & $-0.05161$ & $-0.0138458$ & $-0.060655$ & $0.0228899$ & $0.0673666$ & $-0.0407127$ & $1$ & $0.0135434$ & $0.0166858$ & $-0.0253968$ & $0.00443349$ & $0.0518032$ & $-0.0228311$ & $0.0104358$ \\
eHgagaint & $-0.000762218$ & $0.0322793$ & $-0.023763$ & $-0.00449553$ & $0.00986595$ & $0.0740151$ & $-0.0368869$ & $-0.0221744$ & $0.0637509$ & $0.0067242$ & $0.0216036$ & $-0.00245243$ & $0.00073258$ & $0.0126192$ & $-0.00969817$ & $-0.0718406$ & $-0.000534678$ & $0.00610802$ & $0.0595759$ & $-0.0223682$ & $-0.014763$ & $-0.0126325$ & $-0.0177941$ & $-0.0100686$ & $0.0360046$ & $0.055627$ & $0.0302277$ & $0.0157707$ & $0.0469108$ & $0.00508774$ & $-0.0361779$ & $-0.0512276$ & $0.0101033$ & $-0.0149642$ & $0.0062721$ & $0.0522801$ & $0.0317024$ & $0.00692274$ & $0.0187894$ & $0.0392143$ & $-1.68075e-05$ & $0.0135434$ & $1$ & $0.0551903$ & $-0.00377788$ & $0.0877647$ & $-0.0108189$ & $0.0226933$ & $0.0210012$ \\
eHmumuint & $0.0600505$ & $0.0417579$ & $0.0340288$ & $-0.0119205$ & $0.0188623$ & $-0.0292254$ & $0.0244945$ & $-0.0327813$ & $-0.0307838$ & $0.0286822$ & $0.0178763$ & $0.079031$ & $-0.0623742$ & $0.0133128$ & $0.0426977$ & $0.0546069$ & $0.0235228$ & $0.00384248$ & $-0.00490913$ & $-0.00984707$ & $-0.0241284$ & $-0.0253072$ & $-0.0443628$ & $0.0437555$ & $-0.0196019$ & $0.0264232$ & $-0.0788156$ & $-0.0274178$ & $-0.0202299$ & $0.0151105$ & $-0.0503599$ & $0.0251619$ & $-0.0129477$ & $-0.0568088$ & $0.0805533$ & $0.0407561$ & $-0.00395362$ & $-0.000753161$ & $-0.12353$ & $-0.0272315$ & $-0.0174418$ & $0.0166858$ & $0.0551903$ & $1$ & $0.0035111$ & $-0.0325923$ & $0.0111961$ & $-0.0421738$ & $-0.00341727$ \\
eHtautauint & $0.0707227$ & $0.0153944$ & $-0.0116848$ & $-0.0514236$ & $0.0333489$ & $0.0343827$ & $-0.00141549$ & $0.0631034$ & $0.0660791$ & $-0.0856078$ & $-0.0128511$ & $-0.0293196$ & $0.0222653$ & $-0.0719313$ & $-0.0179707$ & $0.00493257$ & $-0.0986221$ & $-0.0838024$ & $-0.103649$ & $0.00876997$ & $0.0162813$ & $0.0107262$ & $0.00927636$ & $-0.0944339$ & $-0.0915905$ & $-0.0327682$ & $0.042333$ & $0.0218396$ & $-0.0128265$ & $0.106265$ & $0.0138974$ & $0.00304674$ & $0.00590239$ & $0.070301$ & $-0.00601502$ & $0.0250937$ & $-0.0105694$ & $0.00947964$ & $-0.0511691$ & $-0.0426296$ & $0.0198238$ & $-0.0253968$ & $-0.00377788$ & $0.0035111$ & $1$ & $0.00796838$ & $0.0429385$ & $0.00800482$ & $-0.0415067$ \\
eHccint & $0.0778819$ & $0.0544051$ & $0.0728523$ & $0.0261515$ & $-0.0224409$ & $0.0325931$ & $0.0267027$ & $0.0243446$ & $0.0290393$ & $-0.0502283$ & $0.000819123$ & $-0.00610054$ & $-0.00471019$ & $-0.0407215$ & $-0.0366397$ & $-0.031487$ & $-0.0423722$ & $-0.0328274$ & $-0.0283258$ & $-0.00946905$ & $0.00551161$ & $0.0128813$ & $0.00327236$ & $-0.0646947$ & $-0.0415426$ & $-0.00213212$ & $0.0394882$ & $0.0208721$ & $0.0803156$ & $0.0067909$ & $0.044052$ & $0.0160166$ & $-0.0220828$ & $0.0538464$ & $-0.0500064$ & $0.00716044$ & $-0.0395915$ & $0.0187657$ & $0.0791663$ & $0.0829979$ & $-0.033646$ & $0.00443349$ & $0.0877647$ & $-0.0325923$ & $0.00796838$ & $1$ & $0.0126239$ & $0.028117$ & $-0.078859$ \\
eHccpar & $-0.0305191$ & $0.0140407$ & $0.0287131$ & $-0.0179045$ & $-0.0368737$ & $0.0387931$ & $0.0553742$ & $-0.0303507$ & $-0.0343898$ & $0.0316202$ & $0.0367029$ & $-0.0027897$ & $0.0165603$ & $-0.0192247$ & $-0.0368759$ & $-0.0414897$ & $-0.0103499$ & $0.0143326$ & $0.0160048$ & $-0.0363942$ & $-0.0298435$ & $-0.0370252$ & $0.00127378$ & $0.0104623$ & $0.00989278$ & $0.0173337$ & $0.00675575$ & $-0.0320438$ & $0.0468374$ & $-0.0262192$ & $0.360174$ & $0.0433963$ & $-0.00368418$ & $0.00488548$ & $0.0179585$ & $0.0276266$ & $-0.00855124$ & $-0.0375165$ & $0.0113118$ & $0.0386054$ & $-0.00172432$ & $0.0518032$ & $-0.0108189$ & $0.0111961$ & $0.0429385$ & $0.0126239$ & $1$ & $0.00444477$ & $0.0142681$ \\
eHbbint & $-0.0642318$ & $-0.0588217$ & $0.0242905$ & $-0.105417$ & $-0.00595231$ & $0.0198018$ & $-0.00580049$ & $0.0236955$ & $0.0296624$ & $0.0248687$ & $-0.0252637$ & $-0.0148432$ & $0.0179324$ & $0.0108106$ & $0.0574571$ & $0.027203$ & $0.0102262$ & $-0.0371351$ & $-0.00381543$ & $0.021571$ & $0.0211242$ & $0.0269956$ & $-0.0255845$ & $0.0102203$ & $-0.0188236$ & $0.00716913$ & $-0.0250216$ & $0.0416041$ & $-0.0297042$ & $0.00199385$ & $0.0374861$ & $-0.00586454$ & $0.140631$ & $-0.028048$ & $-0.0433229$ & $0.00694787$ & $-0.0219817$ & $-0.0114694$ & $0.0241836$ & $-0.0187228$ & $-0.0316645$ & $-0.0228311$ & $0.0226933$ & $-0.0421738$ & $0.00800482$ & $0.028117$ & $0.00444477$ & $1$ & $-0.0377298$ \\
eHbbpar & $-0.0483518$ & $0.0286682$ & $-0.045922$ & $-0.0089083$ & $0.0102166$ & $-0.0237296$ & $-0.000296414$ & $-0.0889136$ & $-0.0824668$ & $0.100384$ & $0.0581969$ & $0.0560327$ & $-0.0412636$ & $0.0138869$ & $-0.0397114$ & $-0.0417646$ & $0.0702748$ & $0.0832243$ & $0.0867612$ & $-0.0524536$ & $-0.0571232$ & $-0.0564363$ & $0.0167164$ & $0.10465$ & $0.0917948$ & $0.0164914$ & $-0.00328775$ & $-0.0367467$ & $-0.0396236$ & $-0.0729529$ & $-0.0482489$ & $-0.00934391$ & $0.426631$ & $-0.0393678$ & $0.0604747$ & $-0.00686732$ & $-0.0221103$ & $-0.0100345$ & $0.0575664$ & $-0.0251836$ & $-0.0022471$ & $0.0104358$ & $0.0210012$ & $-0.00341727$ & $-0.0415067$ & $-0.078859$ & $0.0142681$ & $-0.0377298$ & $1$ \\
