 & AlsMz & dAle5Mz & mtop & mHl & Mz & CW & CHG & CHWB & CHWHB_gaga & CHWHB_gagaorth & CHD & CHbox & CH & CHL1_11 & CHL1_22 & CHL1_33 & CHL3_11 & CHL3_22 & CHL3_33 & CHe_11 & CHe_22 & CHe_33 & CHQ1_11 & CHQ1_33 & CHQ3_11 & CHu_11 & CHd_11 & CHd_33 & CeH_22r & CeH_33r & CuH_22r & CuH_33r & CdH_33r & CLL_1221 & eHggint & eHggpar & eHWWint & eHWWpar & eHZZint & eHZZpar & eHZgaint & eHZgapar & eHgagaint & eHmumuint & eHtautauint & eHccint & eHccpar & eHbbint & eHbbpar \\
AlsMz & $1$ & $-0.0376758$ & $-0.00405691$ & $0.00891391$ & $-0.00461301$ & $-0.0273496$ & $0.0571418$ & $0.0283711$ & $0.0297986$ & $-0.0225379$ & $-0.0384746$ & $0.0259512$ & $-0.0327462$ & $-0.0155776$ & $0.00854753$ & $0.0124637$ & $0.0264229$ & $-0.00254681$ & $-0.00777456$ & $0.0245176$ & $0.0260609$ & $0.0247259$ & $0.0140739$ & $-0.0803961$ & $-0.147801$ & $-0.0980268$ & $-0.0461184$ & $-0.0511659$ & $-0.0278217$ & $0.042267$ & $0.00253127$ & $0.0424067$ & $-0.0107675$ & $0.0313604$ & $0.0160912$ & $-0.00840553$ & $0.00477953$ & $0.0125826$ & $-0.0494536$ & $0.031638$ & $-0.0322785$ & $-0.0312045$ & $0.0495083$ & $0.0153752$ & $0.0119363$ & $-0.0236933$ & $-0.00552298$ & $0.0209154$ & $-0.00957748$ \\
dAle5Mz & $-0.0376758$ & $1$ & $0.0500204$ & $-0.0194044$ & $0.0386944$ & $0.0332269$ & $0.00856182$ & $-0.0774804$ & $-0.0870025$ & $0.0433143$ & $0.0353818$ & $0.0259259$ & $-0.0299385$ & $0.0403276$ & $-0.0179541$ & $0.0358149$ & $0.067409$ & $0.0646715$ & $0.0285238$ & $-0.00831409$ & $-0.0065985$ & $0.00809529$ & $0.00758812$ & $0.0535714$ & $0.0681311$ & $0.00760887$ & $-0.0029316$ & $-0.00650035$ & $-0.0137388$ & $-0.0102621$ & $-0.0153099$ & $-0.00372217$ & $-0.0249006$ & $0.0266037$ & $-0.0487634$ & $-0.00810608$ & $-0.00395185$ & $-0.0254663$ & $-0.00227435$ & $-0.0706364$ & $0.0469444$ & $-0.018022$ & $-0.0341623$ & $-0.0287493$ & $0.0289796$ & $-0.029313$ & $-0.00828883$ & $0.0629275$ & $0.00350203$ \\
mtop & $-0.00405691$ & $0.0500204$ & $1$ & $0.0376602$ & $0.0171633$ & $0.0761681$ & $0.00386277$ & $-0.0495823$ & $-0.0567733$ & $0.0646472$ & $0.0389923$ & $0.0679957$ & $-0.0571193$ & $0.0308392$ & $-0.0395783$ & $0.0185903$ & $0.0341926$ & $0.0647753$ & $0.015035$ & $-0.0253511$ & $-0.0310633$ & $-0.0371127$ & $0.0325681$ & $0.040088$ & $0.0371484$ & $-0.014718$ & $-0.0364505$ & $-0.00317144$ & $-0.0244487$ & $-0.0194626$ & $-0.0425377$ & $-0.00140668$ & $-0.0318324$ & $-0.00269107$ & $-0.0085327$ & $-0.0618137$ & $0.0106334$ & $-0.0153207$ & $0.016717$ & $-0.025232$ & $-0.0196044$ & $0.0149788$ & $0.00165646$ & $-0.0185589$ & $-0.0160571$ & $-0.0486584$ & $-0.00582272$ & $0.0100322$ & $-0.000132602$ \\
mHl & $0.00891391$ & $-0.0194044$ & $0.0376602$ & $1$ & $0.0481512$ & $-0.024258$ & $-0.0228967$ & $-0.0211485$ & $-0.0241181$ & $0.0431307$ & $0.0235534$ & $0.0255119$ & $-0.00741453$ & $-0.00572585$ & $0.0267399$ & $0.0378359$ & $-0.008602$ & $-0.0142962$ & $-0.0226261$ & $-0.0171881$ & $-0.0302526$ & $-0.0234298$ & $-0.0227436$ & $0.0137627$ & $-0.018686$ & $0.0279948$ & $-0.0545762$ & $-0.000207604$ & $0.0428382$ & $-0.00508298$ & $0.0203351$ & $-0.00734643$ & $-0.0170485$ & $-0.0411344$ & $-0.0220267$ & $-0.00838318$ & $0.0284125$ & $-0.0274077$ & $-0.0322514$ & $0.0241521$ & $-0.0207657$ & $0.00122391$ & $-0.0400903$ & $-0.025519$ & $0.0180102$ & $-0.0299367$ & $-0.0261901$ & $-0.0431792$ & $0.00401152$ \\
Mz & $-0.00461301$ & $0.0386944$ & $0.0171633$ & $0.0481512$ & $1$ & $-0.0405285$ & $-0.00423966$ & $-0.00199242$ & $-0.00295504$ & $-0.0168059$ & $0.0397038$ & $-0.0289422$ & $0.0349269$ & $-0.0720855$ & $-0.0232986$ & $0.0149172$ & $-0.042108$ & $-0.0347306$ & $-0.069673$ & $-0.0296717$ & $-0.027204$ & $-0.0260863$ & $0.0217751$ & $-0.0625155$ & $-0.0456334$ & $0.00948758$ & $-0.0080836$ & $-0.0110318$ & $0.0498438$ & $0.0422859$ & $0.0253727$ & $0.00175665$ & $-0.0198424$ & $0.0280396$ & $-0.0013421$ & $-0.0355416$ & $0.0245129$ & $-0.025054$ & $0.00846654$ & $0.0553696$ & $-0.0271686$ & $-0.0011838$ & $-0.0455135$ & $0.0585466$ & $0.0456019$ & $0.00195978$ & $-0.0242283$ & $-0.0321246$ & $-0.0524219$ \\
CW & $-0.0273496$ & $0.0332269$ & $0.0761681$ & $-0.024258$ & $-0.0405285$ & $1$ & $0.00882906$ & $-0.168591$ & $-0.159799$ & $0.0404503$ & $0.223413$ & $0.0733388$ & $-0.0542894$ & $0.0251916$ & $-0.120543$ & $-0.0810415$ & $-0.239754$ & $-0.00432657$ & $-0.0320073$ & $-0.223349$ & $-0.226037$ & $-0.222297$ & $-0.0238123$ & $0.0271349$ & $-0.0491384$ & $0.154401$ & $-0.0864218$ & $-0.0675071$ & $0.0252806$ & $-0.0327828$ & $-0.0154143$ & $0.00214675$ & $-0.0337788$ & $-0.122472$ & $-0.0251247$ & $0.00992861$ & $0.0372071$ & $0.00264139$ & $-0.00427733$ & $-0.0376916$ & $0.0315835$ & $0.0314214$ & $0.0323622$ & $0.0393819$ & $0.0064199$ & $0.0512428$ & $0.0312885$ & $-0.0143077$ & $0.0139862$ \\
CHG & $0.0571418$ & $0.00856182$ & $0.00386277$ & $-0.0228967$ & $-0.00423966$ & $0.00882906$ & $1$ & $-0.114325$ & $-0.0631748$ & $0.0534659$ & $0.0748293$ & $0.230991$ & $-0.269978$ & $0.0278968$ & $0.00146183$ & $-0.0116438$ & $0.0941608$ & $0.0743679$ & $0.0878299$ & $-0.0691164$ & $-0.0792516$ & $-0.0851865$ & $-0.0233205$ & $0.0902058$ & $0.0733655$ & $0.0186112$ & $-0.0900422$ & $-0.0144606$ & $-0.00832357$ & $-0.137076$ & $-0.0358349$ & $0.937205$ & $-0.143076$ & $-0.0881461$ & $-0.00342253$ & $0.0500157$ & $0.0481158$ & $-0.0253811$ & $-0.0015309$ & $0.017038$ & $0.0159436$ & $0.0286296$ & $0.0309538$ & $-0.0468993$ & $-0.0113133$ & $0.00785407$ & $0.0538107$ & $-0.0255652$ & $0.0207643$ \\
CHWB & $0.0283711$ & $-0.0774804$ & $-0.0495823$ & $-0.0211485$ & $-0.00199242$ & $-0.168591$ & $-0.114325$ & $1$ & $0.982723$ & $-0.598205$ & $-0.880187$ & $-0.474232$ & $0.393638$ & $0.019358$ & $0.317479$ & $0.284321$ & $-0.272668$ & $-0.478047$ & $-0.466279$ & $0.852357$ & $0.895911$ & $0.876732$ & $0.0404716$ & $-0.69781$ & $-0.465689$ & $-0.480113$ & $0.422656$ & $0.277944$ & $-0.024592$ & $0.143146$ & $0.0348122$ & $-0.102646$ & $0.113449$ & $0.576002$ & $0.0107637$ & $0.00622329$ & $-0.0231302$ & $0.00573045$ & $0.0601401$ & $0.0093916$ & $0.0184345$ & $-0.0395265$ & $0.00519057$ & $0.0151746$ & $0.00945257$ & $-0.0149005$ & $-0.00367941$ & $0.0549456$ & $-0.04928$ \\
CHWHB_gaga & $0.0297986$ & $-0.0870025$ & $-0.0567733$ & $-0.0241181$ & $-0.00295504$ & $-0.159799$ & $-0.0631748$ & $0.982723$ & $1$ & $-0.591964$ & $-0.862407$ & $-0.457077$ & $0.382861$ & $0.0144739$ & $0.3138$ & $0.286734$ & $-0.274699$ & $-0.474468$ & $-0.465464$ & $0.836468$ & $0.877557$ & $0.859603$ & $0.0365032$ & $-0.689023$ & $-0.458502$ & $-0.469385$ & $0.415427$ & $0.27275$ & $-0.032173$ & $0.161374$ & $0.0451063$ & $-0.0610482$ & $0.130456$ & $0.562975$ & $-0.00733133$ & $0.00457916$ & $-0.0390577$ & $0.00889114$ & $0.0585905$ & $0.0069059$ & $0.0142419$ & $-0.0339784$ & $0.0852533$ & $0.0128796$ & $0.00409823$ & $-0.00691107$ & $-0.00736615$ & $0.0441062$ & $-0.0468156$ \\
CHWHB_gagaorth & $-0.0225379$ & $0.0433143$ & $0.0646472$ & $0.0431307$ & $-0.0168059$ & $0.0404503$ & $0.0534659$ & $-0.598205$ & $-0.591964$ & $1$ & $0.378273$ & $0.501538$ & $-0.260698$ & $0.278787$ & $-0.14451$ & $-0.102869$ & $0.469113$ & $0.518804$ & $0.500888$ & $-0.363446$ & $-0.394784$ & $-0.387675$ & $-0.0274294$ & $0.585956$ & $0.5247$ & $0.176641$ & $-0.258094$ & $-0.0814654$ & $0.0116529$ & $-0.148032$ & $-0.0556207$ & $0.0835709$ & $-0.12433$ & $-0.368315$ & $0.0708534$ & $0.0269127$ & $0.0176124$ & $-0.0213827$ & $-0.0617315$ & $0.0143217$ & $-0.0672692$ & $0.00801406$ & $-0.00223644$ & $0.0172107$ & $0.0124684$ & $-0.00472894$ & $-0.0424161$ & $-0.0120286$ & $0.0250967$ \\
CHD & $-0.0384746$ & $0.0353818$ & $0.0389923$ & $0.0235534$ & $0.0397038$ & $0.223413$ & $0.0748293$ & $-0.880187$ & $-0.862407$ & $0.378273$ & $1$ & $0.336486$ & $-0.228626$ & $-0.44587$ & $-0.414325$ & $-0.400093$ & $-0.182679$ & $0.113623$ & $0.100193$ & $-0.989916$ & $-0.99137$ & $-0.971054$ & $0.0054814$ & $0.3449$ & $0.0871055$ & $0.547739$ & $-0.305716$ & $-0.309408$ & $0.0525614$ & $-0.0968396$ & $-0.0273363$ & $0.0671692$ & $-0.0853052$ & $-0.40051$ & $0.00273073$ & $0.00434102$ & $0.0304918$ & $0.0224597$ & $-0.0717201$ & $-0.0273575$ & $-0.0172926$ & $0.049159$ & $-0.00992367$ & $-0.0104826$ & $0.0190827$ & $0.0411118$ & $0.0102546$ & $-0.0643466$ & $0.0405435$ \\
CHbox & $0.0259512$ & $0.0259259$ & $0.0679957$ & $0.0255119$ & $-0.0289422$ & $0.0733388$ & $0.230991$ & $-0.474232$ & $-0.457077$ & $0.501538$ & $0.336486$ & $1$ & $-0.903348$ & $0.161412$ & $-0.154192$ & $-0.0981502$ & $0.280703$ & $0.375219$ & $0.335744$ & $-0.32077$ & $-0.347097$ & $-0.350259$ & $-0.0124962$ & $0.407395$ & $0.355177$ & $0.175927$ & $-0.194544$ & $-0.109513$ & $-0.02819$ & $-0.175764$ & $-0.0591107$ & $0.226648$ & $-0.156742$ & $-0.269616$ & $0.0398532$ & $-0.00244968$ & $0.0450173$ & $-0.0306147$ & $-0.0295853$ & $-0.0117004$ & $0.0134392$ & $0.00920011$ & $-0.00923222$ & $0.0158452$ & $0.00542389$ & $-0.00992378$ & $-0.0165281$ & $-0.0290453$ & $0.057114$ \\
CH & $-0.0327462$ & $-0.0299385$ & $-0.0571193$ & $-0.00741453$ & $0.0349269$ & $-0.0542894$ & $-0.269978$ & $0.393638$ & $0.382861$ & $-0.260698$ & $-0.228626$ & $-0.903348$ & $1$ & $-0.245869$ & $0.149318$ & $0.0941806$ & $-0.330636$ & $-0.412171$ & $-0.378919$ & $0.221281$ & $0.236354$ & $0.239675$ & $0.0193218$ & $-0.390349$ & $-0.385048$ & $-0.131959$ & $0.132863$ & $0.0886071$ & $0.0451035$ & $0.278511$ & $0.0768887$ & $-0.220488$ & $0.271057$ & $0.206632$ & $0.021966$ & $0.0398267$ & $-0.0436614$ & $0.0363637$ & $0.00828903$ & $0.00827786$ & $-0.0267374$ & $0.00392761$ & $-0.000751704$ & $-0.00684733$ & $0.018231$ & $0.018838$ & $0.000664425$ & $0.014571$ & $-0.0522877$ \\
CHL1_11 & $-0.0155776$ & $0.0403276$ & $0.0308392$ & $-0.00572585$ & $-0.0720855$ & $0.0251916$ & $0.0278968$ & $0.019358$ & $0.0144739$ & $0.278787$ & $-0.44587$ & $0.161412$ & $-0.245869$ & $1$ & $0.174938$ & $0.2218$ & $0.685058$ & $0.640482$ & $0.636626$ & $0.462333$ & $0.409815$ & $0.40165$ & $-0.0845439$ & $0.499663$ & $0.640722$ & $-0.236209$ & $-0.0735087$ & $0.142631$ & $-0.0587308$ & $-0.0581245$ & $-0.0383241$ & $0.0183901$ & $-0.0460019$ & $-0.191415$ & $-0.0320552$ & $-0.0276182$ & $-0.00559926$ & $-0.076399$ & $0.0446226$ & $0.043008$ & $0.0103279$ & $-0.0465025$ & $0.0135582$ & $0.00416523$ & $-0.0638703$ & $-0.0462997$ & $-0.0383706$ & $0.0481392$ & $-0.0121082$ \\
CHL1_22 & $0.00854753$ & $-0.0179541$ & $-0.0395783$ & $0.0267399$ & $-0.0232986$ & $-0.120543$ & $0.00146183$ & $0.317479$ & $0.3138$ & $-0.14451$ & $-0.414325$ & $-0.154192$ & $0.149318$ & $0.174938$ & $1$ & $0.42511$ & $0.127234$ & $-0.496494$ & $-0.0815486$ & $0.478726$ & $0.333363$ & $0.31722$ & $-0.175053$ & $0.0533482$ & $-0.17666$ & $-0.186642$ & $-0.366447$ & $0.0939529$ & $-0.0446451$ & $0.0401779$ & $-0.0056425$ & $0.00356869$ & $-0.00129511$ & $-0.561378$ & $0.0279997$ & $-0.00535502$ & $-0.0281232$ & $-0.0303508$ & $0.0381065$ & $0.0412715$ & $0.03063$ & $0.00862151$ & $0.0201391$ & $-0.025673$ & $0.0200207$ & $-0.000200001$ & $-0.0641781$ & $-0.0520603$ & $-0.0923774$ \\
CHL1_33 & $0.0124637$ & $0.0358149$ & $0.0185903$ & $0.0378359$ & $0.0149172$ & $-0.0810415$ & $-0.0116438$ & $0.284321$ & $0.286734$ & $-0.102869$ & $-0.400093$ & $-0.0981502$ & $0.0941806$ & $0.2218$ & $0.42511$ & $1$ & $0.15394$ & $-0.040388$ & $-0.438413$ & $0.469584$ & $0.324411$ & $0.34336$ & $-0.126053$ & $0.0823944$ & $-0.143587$ & $-0.206472$ & $-0.385873$ & $0.15499$ & $-0.0392771$ & $0.0165848$ & $0.0352664$ & $-0.00974216$ & $0.00943782$ & $-0.0754182$ & $-0.00674238$ & $0.0601613$ & $-0.0326389$ & $-0.0179133$ & $0.0359776$ & $-0.0234947$ & $-0.013693$ & $-8.46398e-05$ & $0.0183739$ & $-0.0329988$ & $-0.0299326$ & $-0.0263326$ & $-0.0190655$ & $0.00558614$ & $-0.0200696$ \\
CHL3_11 & $0.0264229$ & $0.067409$ & $0.0341926$ & $-0.008602$ & $-0.042108$ & $-0.239754$ & $0.0941608$ & $-0.272668$ & $-0.274699$ & $0.469113$ & $-0.182679$ & $0.280703$ & $-0.330636$ & $0.685058$ & $0.127234$ & $0.15394$ & $1$ & $0.730513$ & $0.739052$ & $0.205134$ & $0.150068$ & $0.148059$ & $-0.0575637$ & $0.678542$ & $0.767296$ & $-0.121282$ & $-0.176703$ & $0.0475714$ & $-0.039434$ & $-0.090103$ & $0.00864098$ & $0.0899008$ & $-0.0422725$ & $-0.254416$ & $-0.0218644$ & $-0.0186929$ & $-0.0243828$ & $-0.0308931$ & $0.0158675$ & $0.0332802$ & $-0.0120515$ & $-0.00790298$ & $-0.0021295$ & $-0.00883272$ & $-0.0427953$ & $-0.059979$ & $0.0113505$ & $0.0113083$ & $0.0307082$ \\
CHL3_22 & $-0.00254681$ & $0.0646715$ & $0.0647753$ & $-0.0142962$ & $-0.0347306$ & $-0.00432657$ & $0.0743679$ & $-0.478047$ & $-0.474468$ & $0.518804$ & $0.113623$ & $0.375219$ & $-0.412171$ & $0.640482$ & $-0.496494$ & $-0.040388$ & $0.730513$ & $1$ & $0.695348$ & $-0.116615$ & $-0.10741$ & $-0.0962236$ & $0.0253972$ & $0.634484$ & $0.803974$ & $0.0318019$ & $-0.0164214$ & $-0.018709$ & $-0.0194908$ & $-0.114842$ & $-0.00697918$ & $0.0664403$ & $-0.0582107$ & $0.0216047$ & $-0.0423801$ & $-0.0119079$ & $0.00431698$ & $-0.0318311$ & $-0.000837691$ & $0.0026868$ & $-0.025651$ & $-0.0181352$ & $-0.00555546$ & $0.00735585$ & $-0.0658115$ & $-0.0472909$ & $0.0324887$ & $0.0462759$ & $0.0731446$ \\
CHL3_33 & $-0.00777456$ & $0.0285238$ & $0.015035$ & $-0.0226261$ & $-0.069673$ & $-0.0320073$ & $0.0878299$ & $-0.466279$ & $-0.465464$ & $0.500888$ & $0.100193$ & $0.335744$ & $-0.378919$ & $0.636626$ & $-0.0815486$ & $-0.438413$ & $0.739052$ & $0.695348$ & $1$ & $-0.106762$ & $-0.097437$ & $-0.0916769$ & $-0.0208343$ & $0.640954$ & $0.811376$ & $0.0531311$ & $-6.66511e-05$ & $-0.0685366$ & $-0.0253633$ & $-0.102494$ & $-0.0431629$ & $0.0775202$ & $-0.0697355$ & $-0.343704$ & $-0.0269228$ & $-0.0712784$ & $0.0102993$ & $-0.0396994$ & $-0.0141429$ & $0.0520744$ & $-0.00513219$ & $-0.0213196$ & $0.00825733$ & $0.00586253$ & $-0.0312194$ & $-0.0286264$ & $-0.00553118$ & $0.00156556$ & $0.023585$ \\
CHe_11 & $0.0245176$ & $-0.00831409$ & $-0.0253511$ & $-0.0171881$ & $-0.0296717$ & $-0.223349$ & $-0.0691164$ & $0.852357$ & $0.836468$ & $-0.363446$ & $-0.989916$ & $-0.32077$ & $0.221281$ & $0.462333$ & $0.478726$ & $0.469584$ & $0.205134$ & $-0.116615$ & $-0.106762$ & $1$ & $0.9731$ & $0.953718$ & $-0.0266023$ & $-0.29416$ & $-0.0798122$ & $-0.539029$ & $0.229173$ & $0.301215$ & $-0.0614838$ & $0.0936354$ & $0.0287895$ & $-0.0606165$ & $0.0754794$ & $0.32342$ & $-0.00273483$ & $-0.00278452$ & $-0.0322507$ & $-0.02988$ & $0.0736934$ & $0.0223475$ & $0.0195125$ & $-0.0456386$ & $0.0148319$ & $0.0047916$ & $-0.0209526$ & $-0.0452089$ & $-0.0139328$ & $0.0555573$ & $-0.0471658$ \\
CHe_22 & $0.0260609$ & $-0.0065985$ & $-0.0310633$ & $-0.0302526$ & $-0.027204$ & $-0.226037$ & $-0.0792516$ & $0.895911$ & $0.877557$ & $-0.394784$ & $-0.99137$ & $-0.347097$ & $0.236354$ & $0.409815$ & $0.333363$ & $0.324411$ & $0.150068$ & $-0.10741$ & $-0.097437$ & $0.9731$ & $1$ & $0.976935$ & $0.0148371$ & $-0.397147$ & $-0.0928696$ & $-0.544186$ & $0.382728$ & $0.308593$ & $-0.048038$ & $0.103291$ & $0.0260142$ & $-0.0716359$ & $0.0887772$ & $0.484086$ & $-0.00497203$ & $-0.0062649$ & $-0.0302724$ & $-0.0205916$ & $0.0700347$ & $0.0231784$ & $0.0161266$ & $-0.0518323$ & $0.00790531$ & $0.0116884$ & $-0.015258$ & $-0.0452292$ & $-0.00585706$ & $0.0684105$ & $-0.0376564$ \\
CHe_33 & $0.0247259$ & $0.00809529$ & $-0.0371127$ & $-0.0234298$ & $-0.0260863$ & $-0.222297$ & $-0.0851865$ & $0.876732$ & $0.859603$ & $-0.387675$ & $-0.971054$ & $-0.350259$ & $0.239675$ & $0.40165$ & $0.31722$ & $0.34336$ & $0.148059$ & $-0.0962236$ & $-0.0916769$ & $0.953718$ & $0.976935$ & $1$ & $0.0101341$ & $-0.385307$ & $-0.0855386$ & $-0.525905$ & $0.381878$ & $0.304798$ & $-0.0428923$ & $0.0973163$ & $0.0337508$ & $-0.0761803$ & $0.0878449$ & $0.484476$ & $-0.00959878$ & $-0.012778$ & $-0.0267784$ & $-0.0154539$ & $0.0579428$ & $0.0203854$ & $0.00599719$ & $-0.0555681$ & $0.0131689$ & $0.025658$ & $-0.0215585$ & $-0.0408262$ & $0.00613591$ & $0.0637561$ & $-0.0326047$ \\
CHQ1_11 & $0.0140739$ & $0.00758812$ & $0.0325681$ & $-0.0227436$ & $0.0217751$ & $-0.0238123$ & $-0.0233205$ & $0.0404716$ & $0.0365032$ & $-0.0274294$ & $0.0054814$ & $-0.0124962$ & $0.0193218$ & $-0.0845439$ & $-0.175053$ & $-0.126053$ & $-0.0575637$ & $0.0253972$ & $-0.0208343$ & $-0.0266023$ & $0.0148371$ & $0.0101341$ & $1$ & $-0.130627$ & $0.0463878$ & $-0.680261$ & $0.274118$ & $-0.0504281$ & $0.021875$ & $0.0238473$ & $-0.0190131$ & $-0.00670935$ & $0.0492877$ & $0.190878$ & $0.0119297$ & $0.0124908$ & $-0.0456697$ & $0.00679792$ & $-0.00652523$ & $0.000701571$ & $-0.00759932$ & $-0.00198598$ & $-0.0428903$ & $0.0266316$ & $0.00609348$ & $0.0078821$ & $0.014767$ & $0.0718055$ & $-0.0185262$ \\
CHQ1_33 & $-0.0803961$ & $0.0535714$ & $0.040088$ & $0.0137627$ & $-0.0625155$ & $0.0271349$ & $0.0902058$ & $-0.69781$ & $-0.689023$ & $0.585956$ & $0.3449$ & $0.407395$ & $-0.390349$ & $0.499663$ & $0.0533482$ & $0.0823944$ & $0.678542$ & $0.634484$ & $0.640954$ & $-0.29416$ & $-0.397147$ & $-0.385307$ & $-0.130627$ & $1$ & $0.67937$ & $0.205154$ & $-0.408969$ & $0.0101797$ & $-0.0217894$ & $-0.142889$ & $-0.0352408$ & $0.0810228$ & $-0.103722$ & $-0.630447$ & $-0.00804769$ & $-0.0267012$ & $-0.00496008$ & $-0.0428486$ & $-0.0239988$ & $0.011716$ & $0.00892488$ & $0.024321$ & $0.00470199$ & $-0.0344678$ & $-0.0351496$ & $0.0103945$ & $-0.0266813$ & $-0.033806$ & $0.0350876$ \\
CHQ3_11 & $-0.147801$ & $0.0681311$ & $0.0371484$ & $-0.018686$ & $-0.0456334$ & $-0.0491384$ & $0.0733655$ & $-0.465689$ & $-0.458502$ & $0.5247$ & $0.0871055$ & $0.355177$ & $-0.385048$ & $0.640722$ & $-0.17666$ & $-0.143587$ & $0.767296$ & $0.803974$ & $0.811376$ & $-0.0798122$ & $-0.0928696$ & $-0.0855386$ & $0.0463878$ & $0.67937$ & $1$ & $0.0553288$ & $0.173114$ & $-0.0292786$ & $-0.00645769$ & $-0.120822$ & $-0.00241251$ & $0.0674361$ & $-0.064453$ & $-0.235637$ & $-0.0385077$ & $-0.0358169$ & $-0.0211767$ & $-0.0392938$ & $-0.0225549$ & $0.00288066$ & $-0.00135441$ & $-0.00805958$ & $0.0112628$ & $0.0321585$ & $-0.0360686$ & $-0.0203717$ & $0.00642937$ & $0.0308293$ & $0.0198813$ \\
CHu_11 & $-0.0980268$ & $0.00760887$ & $-0.014718$ & $0.0279948$ & $0.00948758$ & $0.154401$ & $0.0186112$ & $-0.480113$ & $-0.469385$ & $0.176641$ & $0.547739$ & $0.175927$ & $-0.131959$ & $-0.236209$ & $-0.186642$ & $-0.206472$ & $-0.121282$ & $0.0318019$ & $0.0531311$ & $-0.539029$ & $-0.544186$ & $-0.525905$ & $-0.680261$ & $0.205154$ & $0.0553288$ & $1$ & $-0.138465$ & $-0.16835$ & $0.0293432$ & $-0.0611519$ & $0.0254698$ & $-0.000756342$ & $-0.0818255$ & $-0.263162$ & $-0.00895353$ & $-0.00642756$ & $0.0198471$ & $0.0372041$ & $-0.0654892$ & $-0.0290772$ & $-0.0112303$ & $0.0444948$ & $0.0262726$ & $0.00524627$ & $0.00105343$ & $0.0513679$ & $-0.00609253$ & $-0.0811515$ & $0.0186273$ \\
CHd_11 & $-0.0461184$ & $-0.0029316$ & $-0.0364505$ & $-0.0545762$ & $-0.0080836$ & $-0.0864218$ & $-0.0900422$ & $0.422656$ & $0.415427$ & $-0.258094$ & $-0.305716$ & $-0.194544$ & $0.132863$ & $-0.0735087$ & $-0.366447$ & $-0.385873$ & $-0.176703$ & $-0.0164214$ & $-6.66511e-05$ & $0.229173$ & $0.382728$ & $0.381878$ & $0.274118$ & $-0.408969$ & $0.173114$ & $-0.138465$ & $1$ & $0.0779818$ & $0.031836$ & $0.0602998$ & $0.0437228$ & $-0.0835908$ & $0.0734789$ & $0.662742$ & $-0.0129454$ & $-0.0309177$ & $-0.0369324$ & $0.0313972$ & $-0.0331321$ & $-0.0254371$ & $0.0153914$ & $-0.0251268$ & $0.0111611$ & $0.0691665$ & $0.0201847$ & $0.0319191$ & $0.0255902$ & $0.0844836$ & $-0.01159$ \\
CHd_33 & $-0.0511659$ & $-0.00650035$ & $-0.00317144$ & $-0.000207604$ & $-0.0110318$ & $-0.0675071$ & $-0.0144606$ & $0.277944$ & $0.27275$ & $-0.0814654$ & $-0.309408$ & $-0.109513$ & $0.0886071$ & $0.142631$ & $0.0939529$ & $0.15499$ & $0.0475714$ & $-0.018709$ & $-0.0685366$ & $0.301215$ & $0.308593$ & $0.304798$ & $-0.0504281$ & $0.0101797$ & $-0.0292786$ & $-0.16835$ & $0.0779818$ & $1$ & $0.0248054$ & $-0.0154015$ & $-0.0478933$ & $-0.0191828$ & $-0.00332497$ & $0.159651$ & $-0.0283599$ & $-0.00922494$ & $0.00133028$ & $-0.0192813$ & $0.03045$ & $-0.0236944$ & $-0.00396061$ & $0.00737656$ & $-0.0513305$ & $0.0197932$ & $0.032061$ & $0.0311521$ & $-0.0231492$ & $0.0202763$ & $-0.0652478$ \\
CeH_22r & $-0.0278217$ & $-0.0137388$ & $-0.0244487$ & $0.0428382$ & $0.0498438$ & $0.0252806$ & $-0.00832357$ & $-0.024592$ & $-0.032173$ & $0.0116529$ & $0.0525614$ & $-0.02819$ & $0.0451035$ & $-0.0587308$ & $-0.0446451$ & $-0.0392771$ & $-0.039434$ & $-0.0194908$ & $-0.0253633$ & $-0.0614838$ & $-0.048038$ & $-0.0428923$ & $0.021875$ & $-0.0217894$ & $-0.00645769$ & $0.0293432$ & $0.031836$ & $0.0248054$ & $1$ & $0.0249431$ & $0.038057$ & $-0.0204518$ & $0.020565$ & $0.0193233$ & $-0.0650571$ & $-0.000622955$ & $0.0323325$ & $-0.0130956$ & $-0.0122944$ & $0.0585588$ & $-0.0195283$ & $-0.0277517$ & $-0.0767576$ & $0.0201592$ & $-0.0217386$ & $0.0355876$ & $0.012957$ & $-0.0212519$ & $-0.00479979$ \\
CeH_33r & $0.042267$ & $-0.0102621$ & $-0.0194626$ & $-0.00508298$ & $0.0422859$ & $-0.0327828$ & $-0.137076$ & $0.143146$ & $0.161374$ & $-0.148032$ & $-0.0968396$ & $-0.175764$ & $0.278511$ & $-0.0581245$ & $0.0401779$ & $0.0165848$ & $-0.090103$ & $-0.114842$ & $-0.102494$ & $0.0936354$ & $0.103291$ & $0.0973163$ & $0.0238473$ & $-0.142889$ & $-0.120822$ & $-0.0611519$ & $0.0602998$ & $-0.0154015$ & $0.0249431$ & $1$ & $0.291681$ & $0.00255884$ & $0.629957$ & $0.0895157$ & $-0.0570038$ & $-0.0134353$ & $-0.22777$ & $-0.0102387$ & $-0.0145976$ & $-0.0111753$ & $0.045513$ & $0.0257316$ & $0.0187201$ & $0.0441981$ & $0.107461$ & $-0.00955353$ & $0.0322114$ & $-0.0164059$ & $-0.0109863$ \\
CuH_22r & $0.00253127$ & $-0.0153099$ & $-0.0425377$ & $0.0203351$ & $0.0253727$ & $-0.0154143$ & $-0.0358349$ & $0.0348122$ & $0.0451063$ & $-0.0556207$ & $-0.0273363$ & $-0.0591107$ & $0.0768887$ & $-0.0383241$ & $-0.0056425$ & $0.0352664$ & $0.00864098$ & $-0.00697918$ & $-0.0431629$ & $0.0287895$ & $0.0260142$ & $0.0337508$ & $-0.0190131$ & $-0.0352408$ & $-0.00241251$ & $0.0254698$ & $0.0437228$ & $-0.0478933$ & $0.038057$ & $0.291681$ & $1$ & $0.031736$ & $0.331886$ & $0.0510624$ & $-0.0495789$ & $-0.00902207$ & $-0.112018$ & $-0.000571557$ & $0.0537863$ & $0.0310446$ & $0.0228439$ & $0.0370868$ & $-0.0264571$ & $0.0503728$ & $0.0511082$ & $0.1093$ & $0.400635$ & $0.00266302$ & $0.0252022$ \\
CuH_33r & $0.0424067$ & $-0.00372217$ & $-0.00140668$ & $-0.00734643$ & $0.00175665$ & $0.00214675$ & $0.937205$ & $-0.102646$ & $-0.0610482$ & $0.0835709$ & $0.0671692$ & $0.226648$ & $-0.220488$ & $0.0183901$ & $0.00356869$ & $-0.00974216$ & $0.0899008$ & $0.0664403$ & $0.0775202$ & $-0.0606165$ & $-0.0716359$ & $-0.0761803$ & $-0.00670935$ & $0.0810228$ & $0.0674361$ & $-0.000756342$ & $-0.0835908$ & $-0.0191828$ & $-0.0204518$ & $0.00255884$ & $0.031736$ & $1$ & $0.0278098$ & $-0.0787377$ & $0.0673879$ & $0.10167$ & $0.0109684$ & $-0.0259631$ & $0.00557455$ & $0.0249127$ & $0.0243181$ & $0.0442025$ & $0.0293904$ & $-0.0292056$ & $-0.0023413$ & $0.013791$ & $0.0670305$ & $-0.0268943$ & $0.0406596$ \\
CdH_33r & $-0.0107675$ & $-0.0249006$ & $-0.0318324$ & $-0.0170485$ & $-0.0198424$ & $-0.0337788$ & $-0.143076$ & $0.113449$ & $0.130456$ & $-0.12433$ & $-0.0853052$ & $-0.156742$ & $0.271057$ & $-0.0460019$ & $-0.00129511$ & $0.00943782$ & $-0.0422725$ & $-0.0582107$ & $-0.0697355$ & $0.0754794$ & $0.0887772$ & $0.0878449$ & $0.0492877$ & $-0.103722$ & $-0.064453$ & $-0.0818255$ & $0.0734789$ & $-0.00332497$ & $0.020565$ & $0.629957$ & $0.331886$ & $0.0278098$ & $1$ & $0.103612$ & $-0.0702597$ & $0.0344419$ & $-0.222858$ & $-0.0132734$ & $0.0150449$ & $0.0289319$ & $0.0446282$ & $0.0420406$ & $-0.0586451$ & $0.0121695$ & $0.0385671$ & $-0.0108443$ & $0.0432258$ & $0.116271$ & $0.494521$ \\
CLL_1221 & $0.0313604$ & $0.0266037$ & $-0.00269107$ & $-0.0411344$ & $0.0280396$ & $-0.122472$ & $-0.0881461$ & $0.576002$ & $0.562975$ & $-0.368315$ & $-0.40051$ & $-0.269616$ & $0.206632$ & $-0.191415$ & $-0.561378$ & $-0.0754182$ & $-0.254416$ & $0.0216047$ & $-0.343704$ & $0.32342$ & $0.484086$ & $0.484476$ & $0.190878$ & $-0.630447$ & $-0.235637$ & $-0.263162$ & $0.662742$ & $0.159651$ & $0.0193233$ & $0.0895157$ & $0.0510624$ & $-0.0787377$ & $0.103612$ & $1$ & $-0.0160459$ & $0.0171106$ & $-0.00604978$ & $0.0413238$ & $0.0223023$ & $-0.0327139$ & $-0.0122143$ & $-0.0338824$ & $-0.0218414$ & $0.0305237$ & $-0.000221086$ & $-0.0206356$ & $0.0656457$ & $0.0932633$ & $0.0396743$ \\
eHggint & $0.0160912$ & $-0.0487634$ & $-0.0085327$ & $-0.0220267$ & $-0.0013421$ & $-0.0251247$ & $-0.00342253$ & $0.0107637$ & $-0.00733133$ & $0.0708534$ & $0.00273073$ & $0.0398532$ & $0.021966$ & $-0.0320552$ & $0.0279997$ & $-0.00674238$ & $-0.0218644$ & $-0.0423801$ & $-0.0269228$ & $-0.00273483$ & $-0.00497203$ & $-0.00959878$ & $0.0119297$ & $-0.00804769$ & $-0.0385077$ & $-0.00895353$ & $-0.0129454$ & $-0.0283599$ & $-0.0650571$ & $-0.0570038$ & $-0.0495789$ & $0.0673879$ & $-0.0702597$ & $-0.0160459$ & $1$ & $-0.0675805$ & $-0.00235039$ & $-0.0159869$ & $0.0126583$ & $-0.0624876$ & $0.0161942$ & $-0.000519943$ & $0.0185692$ & $0.00161979$ & $-0.0255961$ & $0.0546947$ & $-0.00603331$ & $0.012233$ & $0.0152205$ \\
eHggpar & $-0.00840553$ & $-0.00810608$ & $-0.0618137$ & $-0.00838318$ & $-0.0355416$ & $0.00992861$ & $0.0500157$ & $0.00622329$ & $0.00457916$ & $0.0269127$ & $0.00434102$ & $-0.00244968$ & $0.0398267$ & $-0.0276182$ & $-0.00535502$ & $0.0601613$ & $-0.0186929$ & $-0.0119079$ & $-0.0712784$ & $-0.00278452$ & $-0.0062649$ & $-0.012778$ & $0.0124908$ & $-0.0267012$ & $-0.0358169$ & $-0.00642756$ & $-0.0309177$ & $-0.00922494$ & $-0.000622955$ & $-0.0134353$ & $-0.00902207$ & $0.10167$ & $0.0344419$ & $0.0171106$ & $-0.0675805$ & $1$ & $0.0157317$ & $-0.0363294$ & $0.028947$ & $-0.0119819$ & $-0.0503617$ & $0.0530092$ & $-0.0634747$ & $-0.0805915$ & $0.0105368$ & $0.0401254$ & $0.0412535$ & $0.033932$ & $0.0626549$ \\
eHWWint & $0.00477953$ & $-0.00395185$ & $0.0106334$ & $0.0284125$ & $0.0245129$ & $0.0372071$ & $0.0481158$ & $-0.0231302$ & $-0.0390577$ & $0.0176124$ & $0.0304918$ & $0.0450173$ & $-0.0436614$ & $-0.00559926$ & $-0.0281232$ & $-0.0326389$ & $-0.0243828$ & $0.00431698$ & $0.0102993$ & $-0.0322507$ & $-0.0302724$ & $-0.0267784$ & $-0.0456697$ & $-0.00496008$ & $-0.0211767$ & $0.0198471$ & $-0.0369324$ & $0.00133028$ & $0.0323325$ & $-0.22777$ & $-0.112018$ & $0.0109684$ & $-0.222858$ & $-0.00604978$ & $-0.00235039$ & $0.0157317$ & $1$ & $0.0491328$ & $0.0251136$ & $0.00515003$ & $0.0284649$ & $-0.04853$ & $-0.0455785$ & $-0.0609695$ & $-0.0291043$ & $0.0138662$ & $-0.0602969$ & $0.000732785$ & $0.0111913$ \\
eHWWpar & $0.0125826$ & $-0.0254663$ & $-0.0153207$ & $-0.0274077$ & $-0.025054$ & $0.00264139$ & $-0.0253811$ & $0.00573045$ & $0.00889114$ & $-0.0213827$ & $0.0224597$ & $-0.0306147$ & $0.0363637$ & $-0.076399$ & $-0.0303508$ & $-0.0179133$ & $-0.0308931$ & $-0.0318311$ & $-0.0396994$ & $-0.02988$ & $-0.0205916$ & $-0.0154539$ & $0.00679792$ & $-0.0428486$ & $-0.0392938$ & $0.0372041$ & $0.0313972$ & $-0.0192813$ & $-0.0130956$ & $-0.0102387$ & $-0.000571557$ & $-0.0259631$ & $-0.0132734$ & $0.0413238$ & $-0.0159869$ & $-0.0363294$ & $0.0491328$ & $1$ & $-0.034305$ & $-0.00143044$ & $0.0245108$ & $0.0603453$ & $0.0206753$ & $-0.0590165$ & $-0.00760928$ & $-0.0246893$ & $0.00139549$ & $0.0163415$ & $-0.0634647$ \\
eHZZint & $-0.0494536$ & $-0.00227435$ & $0.016717$ & $-0.0322514$ & $0.00846654$ & $-0.00427733$ & $-0.0015309$ & $0.0601401$ & $0.0585905$ & $-0.0617315$ & $-0.0717201$ & $-0.0295853$ & $0.00828903$ & $0.0446226$ & $0.0381065$ & $0.0359776$ & $0.0158675$ & $-0.000837691$ & $-0.0141429$ & $0.0736934$ & $0.0700347$ & $0.0579428$ & $-0.00652523$ & $-0.0239988$ & $-0.0225549$ & $-0.0654892$ & $-0.0331321$ & $0.03045$ & $-0.0122944$ & $-0.0145976$ & $0.0537863$ & $0.00557455$ & $0.0150449$ & $0.0223023$ & $0.0126583$ & $0.028947$ & $0.0251136$ & $-0.034305$ & $1$ & $0.0123432$ & $0.0166255$ & $-0.0352586$ & $0.0373184$ & $0.000264378$ & $-0.0178171$ & $-0.000726742$ & $0.0378797$ & $0.00360379$ & $0.0056125$ \\
eHZZpar & $0.031638$ & $-0.0706364$ & $-0.025232$ & $0.0241521$ & $0.0553696$ & $-0.0376916$ & $0.017038$ & $0.0093916$ & $0.0069059$ & $0.0143217$ & $-0.0273575$ & $-0.0117004$ & $0.00827786$ & $0.043008$ & $0.0412715$ & $-0.0234947$ & $0.0332802$ & $0.0026868$ & $0.0520744$ & $0.0223475$ & $0.0231784$ & $0.0203854$ & $0.000701571$ & $0.011716$ & $0.00288066$ & $-0.0290772$ & $-0.0254371$ & $-0.0236944$ & $0.0585588$ & $-0.0111753$ & $0.0310446$ & $0.0249127$ & $0.0289319$ & $-0.0327139$ & $-0.0624876$ & $-0.0119819$ & $0.00515003$ & $-0.00143044$ & $0.0123432$ & $1$ & $-0.0282492$ & $-0.0145109$ & $0.00186014$ & $-0.0106349$ & $-0.102842$ & $0.0143159$ & $0.0147773$ & $0.0045773$ & $0.0227275$ \\
eHZgaint & $-0.0322785$ & $0.0469444$ & $-0.0196044$ & $-0.0207657$ & $-0.0271686$ & $0.0315835$ & $0.0159436$ & $0.0184345$ & $0.0142419$ & $-0.0672692$ & $-0.0172926$ & $0.0134392$ & $-0.0267374$ & $0.0103279$ & $0.03063$ & $-0.013693$ & $-0.0120515$ & $-0.025651$ & $-0.00513219$ & $0.0195125$ & $0.0161266$ & $0.00599719$ & $-0.00759932$ & $0.00892488$ & $-0.00135441$ & $-0.0112303$ & $0.0153914$ & $-0.00396061$ & $-0.0195283$ & $0.045513$ & $0.0228439$ & $0.0243181$ & $0.0446282$ & $-0.0122143$ & $0.0161942$ & $-0.0503617$ & $0.0284649$ & $0.0245108$ & $0.0166255$ & $-0.0282492$ & $1$ & $0.0432275$ & $0.0297233$ & $0.0130067$ & $0.0220519$ & $0.0354548$ & $-0.00196048$ & $0.019702$ & $-0.00306938$ \\
eHZgapar & $-0.0312045$ & $-0.018022$ & $0.0149788$ & $0.00122391$ & $-0.0011838$ & $0.0314214$ & $0.0286296$ & $-0.0395265$ & $-0.0339784$ & $0.00801406$ & $0.049159$ & $0.00920011$ & $0.00392761$ & $-0.0465025$ & $0.00862151$ & $-8.46398e-05$ & $-0.00790298$ & $-0.0181352$ & $-0.0213196$ & $-0.0456386$ & $-0.0518323$ & $-0.0555681$ & $-0.00198598$ & $0.024321$ & $-0.00805958$ & $0.0444948$ & $-0.0251268$ & $0.00737656$ & $-0.0277517$ & $0.0257316$ & $0.0370868$ & $0.0442025$ & $0.0420406$ & $-0.0338824$ & $-0.000519943$ & $0.0530092$ & $-0.04853$ & $0.0603453$ & $-0.0352586$ & $-0.0145109$ & $0.0432275$ & $1$ & $0.00453463$ & $0.0125515$ & $0.0281664$ & $-0.00177145$ & $0.00491949$ & $0.00413461$ & $0.0149357$ \\
eHgagaint & $0.0495083$ & $-0.0341623$ & $0.00165646$ & $-0.0400903$ & $-0.0455135$ & $0.0323622$ & $0.0309538$ & $0.00519057$ & $0.0852533$ & $-0.00223644$ & $-0.00992367$ & $-0.00923222$ & $-0.000751704$ & $0.0135582$ & $0.0201391$ & $0.0183739$ & $-0.0021295$ & $-0.00555546$ & $0.00825733$ & $0.0148319$ & $0.00790531$ & $0.0131689$ & $-0.0428903$ & $0.00470199$ & $0.0112628$ & $0.0262726$ & $0.0111611$ & $-0.0513305$ & $-0.0767576$ & $0.0187201$ & $-0.0264571$ & $0.0293904$ & $-0.0586451$ & $-0.0218414$ & $0.0185692$ & $-0.0634747$ & $-0.0455785$ & $0.0206753$ & $0.0373184$ & $0.00186014$ & $0.0297233$ & $0.00453463$ & $1$ & $0.0223459$ & $-0.0627483$ & $-0.0086505$ & $0.0371945$ & $-0.0630716$ & $-0.0349525$ \\
eHmumuint & $0.0153752$ & $-0.0287493$ & $-0.0185589$ & $-0.025519$ & $0.0585466$ & $0.0393819$ & $-0.0468993$ & $0.0151746$ & $0.0128796$ & $0.0172107$ & $-0.0104826$ & $0.0158452$ & $-0.00684733$ & $0.00416523$ & $-0.025673$ & $-0.0329988$ & $-0.00883272$ & $0.00735585$ & $0.00586253$ & $0.0047916$ & $0.0116884$ & $0.025658$ & $0.0266316$ & $-0.0344678$ & $0.0321585$ & $0.00524627$ & $0.0691665$ & $0.0197932$ & $0.0201592$ & $0.0441981$ & $0.0503728$ & $-0.0292056$ & $0.0121695$ & $0.0305237$ & $0.00161979$ & $-0.0805915$ & $-0.0609695$ & $-0.0590165$ & $0.000264378$ & $-0.0106349$ & $0.0130067$ & $0.0125515$ & $0.0223459$ & $1$ & $0.0418432$ & $0.00753941$ & $0.0174672$ & $-0.019535$ & $-0.0456736$ \\
eHtautauint & $0.0119363$ & $0.0289796$ & $-0.0160571$ & $0.0180102$ & $0.0456019$ & $0.0064199$ & $-0.0113133$ & $0.00945257$ & $0.00409823$ & $0.0124684$ & $0.0190827$ & $0.00542389$ & $0.018231$ & $-0.0638703$ & $0.0200207$ & $-0.0299326$ & $-0.0427953$ & $-0.0658115$ & $-0.0312194$ & $-0.0209526$ & $-0.015258$ & $-0.0215585$ & $0.00609348$ & $-0.0351496$ & $-0.0360686$ & $0.00105343$ & $0.0201847$ & $0.032061$ & $-0.0217386$ & $0.107461$ & $0.0511082$ & $-0.0023413$ & $0.0385671$ & $-0.000221086$ & $-0.0255961$ & $0.0105368$ & $-0.0291043$ & $-0.00760928$ & $-0.0178171$ & $-0.102842$ & $0.0220519$ & $0.0281664$ & $-0.0627483$ & $0.0418432$ & $1$ & $-0.0473164$ & $0.0155641$ & $0.00323115$ & $-0.0173882$ \\
eHccint & $-0.0236933$ & $-0.029313$ & $-0.0486584$ & $-0.0299367$ & $0.00195978$ & $0.0512428$ & $0.00785407$ & $-0.0149005$ & $-0.00691107$ & $-0.00472894$ & $0.0411118$ & $-0.00992378$ & $0.018838$ & $-0.0462997$ & $-0.000200001$ & $-0.0263326$ & $-0.059979$ & $-0.0472909$ & $-0.0286264$ & $-0.0452089$ & $-0.0452292$ & $-0.0408262$ & $0.0078821$ & $0.0103945$ & $-0.0203717$ & $0.0513679$ & $0.0319191$ & $0.0311521$ & $0.0355876$ & $-0.00955353$ & $0.1093$ & $0.013791$ & $-0.0108443$ & $-0.0206356$ & $0.0546947$ & $0.0401254$ & $0.0138662$ & $-0.0246893$ & $-0.000726742$ & $0.0143159$ & $0.0354548$ & $-0.00177145$ & $-0.0086505$ & $0.00753941$ & $-0.0473164$ & $1$ & $0.0177586$ & $0.00524853$ & $-0.0135783$ \\
eHccpar & $-0.00552298$ & $-0.00828883$ & $-0.00582272$ & $-0.0261901$ & $-0.0242283$ & $0.0312885$ & $0.0538107$ & $-0.00367941$ & $-0.00736615$ & $-0.0424161$ & $0.0102546$ & $-0.0165281$ & $0.000664425$ & $-0.0383706$ & $-0.0641781$ & $-0.0190655$ & $0.0113505$ & $0.0324887$ & $-0.00553118$ & $-0.0139328$ & $-0.00585706$ & $0.00613591$ & $0.014767$ & $-0.0266813$ & $0.00642937$ & $-0.00609253$ & $0.0255902$ & $-0.0231492$ & $0.012957$ & $0.0322114$ & $0.400635$ & $0.0670305$ & $0.0432258$ & $0.0656457$ & $-0.00603331$ & $0.0412535$ & $-0.0602969$ & $0.00139549$ & $0.0378797$ & $0.0147773$ & $-0.00196048$ & $0.00491949$ & $0.0371945$ & $0.0174672$ & $0.0155641$ & $0.0177586$ & $1$ & $0.00876885$ & $0.0101221$ \\
eHbbint & $0.0209154$ & $0.0629275$ & $0.0100322$ & $-0.0431792$ & $-0.0321246$ & $-0.0143077$ & $-0.0255652$ & $0.0549456$ & $0.0441062$ & $-0.0120286$ & $-0.0643466$ & $-0.0290453$ & $0.014571$ & $0.0481392$ & $-0.0520603$ & $0.00558614$ & $0.0113083$ & $0.0462759$ & $0.00156556$ & $0.0555573$ & $0.0684105$ & $0.0637561$ & $0.0718055$ & $-0.033806$ & $0.0308293$ & $-0.0811515$ & $0.0844836$ & $0.0202763$ & $-0.0212519$ & $-0.0164059$ & $0.00266302$ & $-0.0268943$ & $0.116271$ & $0.0932633$ & $0.012233$ & $0.033932$ & $0.000732785$ & $0.0163415$ & $0.00360379$ & $0.0045773$ & $0.019702$ & $0.00413461$ & $-0.0630716$ & $-0.019535$ & $0.00323115$ & $0.00524853$ & $0.00876885$ & $1$ & $-0.0590425$ \\
eHbbpar & $-0.00957748$ & $0.00350203$ & $-0.000132602$ & $0.00401152$ & $-0.0524219$ & $0.0139862$ & $0.0207643$ & $-0.04928$ & $-0.0468156$ & $0.0250967$ & $0.0405435$ & $0.057114$ & $-0.0522877$ & $-0.0121082$ & $-0.0923774$ & $-0.0200696$ & $0.0307082$ & $0.0731446$ & $0.023585$ & $-0.0471658$ & $-0.0376564$ & $-0.0326047$ & $-0.0185262$ & $0.0350876$ & $0.0198813$ & $0.0186273$ & $-0.01159$ & $-0.0652478$ & $-0.00479979$ & $-0.0109863$ & $0.0252022$ & $0.0406596$ & $0.494521$ & $0.0396743$ & $0.0152205$ & $0.0626549$ & $0.0111913$ & $-0.0634647$ & $0.0056125$ & $0.0227275$ & $-0.00306938$ & $0.0149357$ & $-0.0349525$ & $-0.0456736$ & $-0.0173882$ & $-0.0135783$ & $0.0101221$ & $-0.0590425$ & $1$ \\
