 & AlsMz & dAle5Mz & mtop & mHl & Mz & CW & CHG & CHWB & CHWHB_gaga & CHWHB_gagaorth & CHD & CHbox & CH & CHL1_11 & CHL1_22 & CHL1_33 & CHL3_11 & CHL3_22 & CHL3_33 & CHe_11 & CHe_22 & CHe_33 & CHQ1_11 & CHQ1_33 & CHQ3_11 & CHu_11 & CHd_11 & CHd_33 & CeH_22r & CeH_33r & CuH_22r & CuH_33r & CdH_33r & CLL_1221 & eHggint & eHggpar & eHWWint & eHWWpar & eHZZint & eHZZpar & eHZgaint & eHZgapar & eHgagaint & eHmumuint & eHtautauint & eHccint & eHccpar & eHbbint & eHbbpar \\
AlsMz & $1$ & $-0.0363362$ & $0.125654$ & $-0.0204353$ & $-0.0158093$ & $0.0100561$ & $-0.0817128$ & $-0.0311444$ & $-0.033652$ & $0.0272523$ & $0.00701332$ & $-0.0664048$ & $0.0759581$ & $0.0231317$ & $-0.023697$ & $-0.0203233$ & $0.0331467$ & $0.0501798$ & $0.0503965$ & $-0.0135386$ & $-0.0117428$ & $-0.00910717$ & $0.00810682$ & $-0.0142774$ & $-0.0668389$ & $-0.0283316$ & $-0.0419677$ & $-0.00342185$ & $0.0213509$ & $0.0432189$ & $0.0388038$ & $-0.0809292$ & $0.0613975$ & $-0.0112525$ & $0.0336615$ & $-0.0344256$ & $-0.033255$ & $0.0386493$ & $-0.000293904$ & $0.0210529$ & $-0.0247518$ & $0.0102888$ & $0.0464892$ & $0.0412197$ & $-0.0749149$ & $-0.0425943$ & $-0.00918006$ & $-0.00320475$ & $0.023509$ \\
dAle5Mz & $-0.0363362$ & $1$ & $-0.0304489$ & $-0.000725693$ & $-0.0400087$ & $0.0253744$ & $-0.0303021$ & $-0.104355$ & $-0.101728$ & $0.0323481$ & $0.0767962$ & $0.00800895$ & $0.01689$ & $-0.0208873$ & $-0.0393726$ & $-0.0323176$ & $0.0330569$ & $0.0429942$ & $0.0331622$ & $-0.0564335$ & $-0.0594161$ & $-0.0597229$ & $0.00358361$ & $0.041371$ & $0.0308282$ & $0.0411862$ & $-0.0391661$ & $-0.0388092$ & $-0.0428618$ & $-0.00317766$ & $-0.00193573$ & $-0.0199415$ & $0.0303944$ & $0.00527512$ & $0.0172855$ & $0.0480489$ & $0.0161992$ & $0.0142691$ & $0.0905392$ & $0.0262508$ & $0.0510082$ & $-0.014058$ & $0.0214896$ & $0.0207213$ & $-0.0491242$ & $-0.012683$ & $0.0481859$ & $-0.00582802$ & $0.0596711$ \\
mtop & $0.125654$ & $-0.0304489$ & $1$ & $-0.00940759$ & $0.0175634$ & $-0.0166059$ & $-0.0549945$ & $-0.0102767$ & $-0.012115$ & $-0.0151058$ & $0.0217458$ & $-0.0420511$ & $0.035549$ & $-0.0233402$ & $-0.0214715$ & $-0.0101322$ & $-0.00181487$ & $0.00305405$ & $-0.00284276$ & $-0.0158709$ & $-0.0151129$ & $-0.00588825$ & $0.0341445$ & $-0.00362471$ & $0.00627877$ & $-0.00832876$ & $0.0391166$ & $-0.0244184$ & $0.0592237$ & $0.0253265$ & $0.0112624$ & $-0.0561137$ & $0.0642696$ & $0.019007$ & $-0.101924$ & $-0.00268075$ & $-0.0721111$ & $-0.0132255$ & $0.00597295$ & $0.00853585$ & $-0.0520078$ & $0.0307463$ & $-0.0301391$ & $0.0365976$ & $-0.0566886$ & $-0.0494854$ & $0.00645452$ & $0.030566$ & $0.0671934$ \\
mHl & $-0.0204353$ & $-0.000725693$ & $-0.00940759$ & $1$ & $0.0293302$ & $0.00790691$ & $0.0242508$ & $0.0225012$ & $0.0290997$ & $0.00772043$ & $-0.0190822$ & $0.0230328$ & $-0.00404076$ & $8.27313e-06$ & $-0.028594$ & $0.0265842$ & $0.00414344$ & $0.0179477$ & $-0.0187773$ & $0.0193703$ & $0.0223663$ & $0.0251797$ & $0.00830697$ & $-0.00756971$ & $0.0104426$ & $-0.00257556$ & $0.0441788$ & $0.0181342$ & $-0.0207781$ & $-0.00233177$ & $-0.00345305$ & $0.0246323$ & $-0.0178107$ & $0.0568085$ & $-0.0395777$ & $0.0250626$ & $-0.00742063$ & $0.00979494$ & $0.0193478$ & $0.0244766$ & $-0.0476413$ & $0.0237885$ & $0.0725164$ & $-0.0365844$ & $0.0671632$ & $-0.0207577$ & $-0.00642225$ & $0.0434293$ & $-0.028023$ \\
Mz & $-0.0158093$ & $-0.0400087$ & $0.0175634$ & $0.0293302$ & $1$ & $0.0257311$ & $0.0212028$ & $-0.0137501$ & $-0.00840845$ & $0.00886693$ & $0.0207098$ & $0.0405062$ & $0.00817709$ & $-0.00963303$ & $-0.00487695$ & $0.00328624$ & $-0.0033358$ & $-0.00329929$ & $-0.00592401$ & $-0.0156929$ & $-0.015348$ & $-0.0178945$ & $0.0516828$ & $0.00232323$ & $0.00693418$ & $-0.0279501$ & $0.00189577$ & $-0.00728295$ & $0.00673148$ & $-0.0235553$ & $0.000411294$ & $0.0223841$ & $-0.00397594$ & $-0.015351$ & $0.0210198$ & $-0.0303397$ & $0.0317894$ & $0.0140812$ & $-0.0135426$ & $0.040247$ & $-0.00421984$ & $0.00735444$ & $0.0460919$ & $0.0189542$ & $0.00756883$ & $0.017264$ & $0.00880716$ & $0.0515494$ & $-0.00781657$ \\
CW & $0.0100561$ & $0.0253744$ & $-0.0166059$ & $0.00790691$ & $0.0257311$ & $1$ & $0.0576216$ & $-0.0923443$ & $-0.0905822$ & $0.0750548$ & $0.186275$ & $0.128001$ & $-0.0718792$ & $-0.0281131$ & $-0.0798004$ & $-0.108208$ & $-0.342029$ & $-0.149433$ & $-0.129019$ & $-0.183267$ & $-0.19126$ & $-0.19252$ & $-0.00424251$ & $-0.0845295$ & $-0.177483$ & $0.135195$ & $-0.0891402$ & $-0.0831433$ & $-0.0106889$ & $-0.0567311$ & $-0.0580293$ & $0.0480605$ & $-0.0571907$ & $-0.149063$ & $-0.0165826$ & $-0.0487743$ & $-0.0208197$ & $0.0629121$ & $-2.32643e-05$ & $-0.000234934$ & $-0.0567874$ & $-0.00236866$ & $-0.00579458$ & $0.0106381$ & $0.0153224$ & $0.0189796$ & $0.0100335$ & $0.0264364$ & $-1.45325e-05$ \\
CHG & $-0.0817128$ & $-0.0303021$ & $-0.0549945$ & $0.0242508$ & $0.0212028$ & $0.0576216$ & $1$ & $-0.0217633$ & $0.00338411$ & $0.19302$ & $0.0955779$ & $-0.00945905$ & $-0.76808$ & $-0.141303$ & $-0.0280752$ & $-0.0599528$ & $-0.148606$ & $-0.134849$ & $-0.112907$ & $-0.0935721$ & $-0.0940264$ & $-0.0952656$ & $-0.0511849$ & $-0.0800484$ & $-0.118848$ & $0.114075$ & $-0.00547785$ & $-0.00653802$ & $-0.165625$ & $-0.566553$ & $-0.316607$ & $0.952816$ & $-0.579506$ & $-0.00791639$ & $-0.129437$ & $-0.088352$ & $0.0243296$ & $0.0120873$ & $0.0078421$ & $0.0164454$ & $0.0209373$ & $0.0181319$ & $-0.0553643$ & $-0.0285023$ & $0.0216328$ & $-0.000720627$ & $0.0420906$ & $-0.027711$ & $-0.0626745$ \\
CHWB & $-0.0311444$ & $-0.104355$ & $-0.0102767$ & $0.0225012$ & $-0.0137501$ & $-0.0923443$ & $-0.0217633$ & $1$ & $0.989092$ & $-0.571608$ & $-0.875126$ & $-0.182864$ & $0.0576868$ & $0.282511$ & $0.486023$ & $0.466188$ & $-0.202651$ & $-0.405798$ & $-0.396695$ & $0.859832$ & $0.887915$ & $0.878651$ & $0.00986426$ & $-0.625031$ & $-0.356009$ & $-0.60706$ & $0.397546$ & $0.406526$ & $0.0462201$ & $0.0424203$ & $0.0237201$ & $-0.0269578$ & $0.0616646$ & $0.510445$ & $0.0177451$ & $-0.003936$ & $-0.0132564$ & $0.0218916$ & $-0.0260686$ & $-0.0291965$ & $-0.0391858$ & $-0.00496878$ & $-0.000352665$ & $-0.0288481$ & $0.0167319$ & $0.0237966$ & $-0.0272797$ & $-0.0117569$ & $0.0190331$ \\
CHWHB_gaga & $-0.033652$ & $-0.101728$ & $-0.012115$ & $0.0290997$ & $-0.00840845$ & $-0.0905822$ & $0.00338411$ & $0.989092$ & $1$ & $-0.570813$ & $-0.862958$ & $-0.176195$ & $0.057645$ & $0.272597$ & $0.476915$ & $0.457956$ & $-0.203469$ & $-0.404459$ & $-0.395783$ & $0.847628$ & $0.876136$ & $0.867191$ & $0.0143009$ & $-0.621501$ & $-0.355304$ & $-0.600311$ & $0.396903$ & $0.401897$ & $0.0523363$ & $0.0612647$ & $0.0423007$ & $-0.0016121$ & $0.0808316$ & $0.509802$ & $0.0101245$ & $-0.00906315$ & $-0.0307711$ & $0.0221017$ & $-0.0221478$ & $-0.0223879$ & $-0.0388206$ & $-0.00285665$ & $0.0551002$ & $-0.0366809$ & $0.0178381$ & $0.0250675$ & $-0.0207001$ & $-0.0091535$ & $0.018461$ \\
CHWHB_gagaorth & $0.0272523$ & $0.0323481$ & $-0.0151058$ & $0.00772043$ & $0.00886693$ & $0.0750548$ & $0.19302$ & $-0.571608$ & $-0.570813$ & $1$ & $0.504664$ & $0.452199$ & $-0.277718$ & $-0.16436$ & $-0.259128$ & $-0.254902$ & $0.097042$ & $0.212349$ & $0.216185$ & $-0.493387$ & $-0.514579$ & $-0.508387$ & $-0.0234195$ & $0.354866$ & $0.19588$ & $0.368599$ & $-0.232477$ & $-0.236615$ & $-0.089799$ & $-0.252874$ & $-0.16407$ & $0.18445$ & $-0.286564$ & $-0.318484$ & $-0.0352607$ & $-0.00936402$ & $0.0511696$ & $-0.0117475$ & $-0.00427179$ & $0.0341108$ & $0.0395015$ & $-0.00485405$ & $-0.0287125$ & $-0.00254203$ & $-0.0186297$ & $-0.00850729$ & $0.0299836$ & $0.0246479$ & $-0.0461564$ \\
CHD & $0.00701332$ & $0.0767962$ & $0.0217458$ & $-0.0190822$ & $0.0207098$ & $0.186275$ & $0.0955779$ & $-0.875126$ & $-0.862958$ & $0.504664$ & $1$ & $0.271058$ & $-0.137286$ & $-0.671496$ & $-0.598635$ & $-0.572332$ & $-0.268369$ & $-0.0182801$ & $-0.0271699$ & $-0.994981$ & $-0.995168$ & $-0.984041$ & $0.0602246$ & $0.212621$ & $-0.0759556$ & $0.68234$ & $-0.269784$ & $-0.455987$ & $-0.0414625$ & $-0.0968492$ & $-0.0641131$ & $0.103435$ & $-0.121149$ & $-0.305536$ & $-0.0135818$ & $-0.00234593$ & $0.00503797$ & $-0.0246362$ & $0.0197541$ & $0.0214817$ & $0.0107362$ & $-0.00260374$ & $0.00029394$ & $0.021851$ & $0.0161321$ & $0.00228979$ & $0.0253533$ & $0.0241626$ & $-0.0145734$ \\
CHbox & $-0.0664048$ & $0.00800895$ & $-0.0420511$ & $0.0230328$ & $0.0405062$ & $0.128001$ & $-0.00945905$ & $-0.182864$ & $-0.176195$ & $0.452199$ & $0.271058$ & $1$ & $0.00341885$ & $-0.255345$ & $-0.113676$ & $-0.0902506$ & $-0.19572$ & $-0.135396$ & $-0.149045$ & $-0.261662$ & $-0.27591$ & $-0.272816$ & $0.007508$ & $-0.0344355$ & $-0.133682$ & $0.19862$ & $-0.0906943$ & $-0.14175$ & $0.00335241$ & $0.0821427$ & $0.00666021$ & $0.0405784$ & $0.0492853$ & $-0.0904634$ & $0.0528129$ & $0.0203061$ & $0.0527775$ & $-0.0156399$ & $-0.0174173$ & $0.0476966$ & $0.0337118$ & $-0.0132892$ & $-0.0375815$ & $-0.0370282$ & $0.0404871$ & $0.0323091$ & $0.0294732$ & $0.042205$ & $-0.0534391$ \\
CH & $0.0759581$ & $0.01689$ & $0.035549$ & $-0.00404076$ & $0.00817709$ & $-0.0718792$ & $-0.76808$ & $0.0576868$ & $0.057645$ & $-0.277718$ & $-0.137286$ & $0.00341885$ & $1$ & $0.166466$ & $0.0514365$ & $0.0682907$ & $0.16745$ & $0.137484$ & $0.123388$ & $0.133318$ & $0.136012$ & $0.136137$ & $0.0648121$ & $0.0714586$ & $0.129252$ & $-0.156016$ & $0.0261743$ & $0.0486695$ & $0.243136$ & $0.708544$ & $0.417637$ & $-0.675375$ & $0.723268$ & $0.0255457$ & $0.161392$ & $0.108395$ & $-0.0504683$ & $-0.0286447$ & $0.000214074$ & $0.00715264$ & $-0.0134586$ & $-0.0282205$ & $0.0133699$ & $0.0402745$ & $-0.0467678$ & $-0.00511942$ & $-0.0254252$ & $0.0043333$ & $0.0910404$ \\
CHL1_11 & $0.0231317$ & $-0.0208873$ & $-0.0233402$ & $8.27313e-06$ & $-0.00963303$ & $-0.0281131$ & $-0.141303$ & $0.282511$ & $0.272597$ & $-0.16436$ & $-0.671496$ & $-0.255345$ & $0.166466$ & $1$ & $0.433883$ & $0.399169$ & $0.643522$ & $0.580939$ & $0.591323$ & $0.679841$ & $0.643998$ & $0.633101$ & $-0.131889$ & $0.437051$ & $0.59954$ & $-0.435915$ & $-0.0449698$ & $0.289535$ & $0.0216351$ & $0.110967$ & $0.0719391$ & $-0.153026$ & $0.13104$ & $-0.186048$ & $-0.0082053$ & $-0.0026406$ & $0.0157475$ & $0.0274244$ & $-0.014114$ & $-0.0075515$ & $0.0278343$ & $-0.00126285$ & $-0.00340733$ & $-0.0166546$ & $-0.038326$ & $-0.0412182$ & $-0.0132095$ & $-0.0152573$ & $0.00254149$ \\
CHL1_22 & $-0.023697$ & $-0.0393726$ & $-0.0214715$ & $-0.028594$ & $-0.00487695$ & $-0.0798004$ & $-0.0280752$ & $0.486023$ & $0.476915$ & $-0.259128$ & $-0.598635$ & $-0.113676$ & $0.0514365$ & $0.433883$ & $1$ & $0.5562$ & $0.17547$ & $-0.30495$ & $-0.00633873$ & $0.640424$ & $0.544548$ & $0.533947$ & $-0.188508$ & $0.0234018$ & $-0.0660705$ & $-0.37974$ & $-0.297362$ & $0.249826$ & $0.0127484$ & $0.0181072$ & $0.00833893$ & $-0.0358387$ & $0.0274625$ & $-0.462794$ & $0.0223635$ & $-0.0211158$ & $0.0150004$ & $0.0197367$ & $0.0171846$ & $0.0104589$ & $-0.0489404$ & $0.0221516$ & $-0.0317448$ & $0.0014218$ & $-0.00954599$ & $-0.00894653$ & $-0.0176468$ & $0.00558482$ & $-0.0203075$ \\
CHL1_33 & $-0.0203233$ & $-0.0323176$ & $-0.0101322$ & $0.0265842$ & $0.00328624$ & $-0.108208$ & $-0.0599528$ & $0.466188$ & $0.457956$ & $-0.254902$ & $-0.572332$ & $-0.0902506$ & $0.0682907$ & $0.399169$ & $0.5562$ & $1$ & $0.169688$ & $-0.0172083$ & $-0.306853$ & $0.612903$ & $0.518628$ & $0.529921$ & $-0.22451$ & $0.0252792$ & $-0.0654971$ & $-0.337269$ & $-0.288125$ & $0.214872$ & $-0.00645714$ & $0.0315162$ & $0.00998292$ & $-0.0652831$ & $0.028916$ & $-0.0343064$ & $0.0429857$ & $0.00290748$ & $-0.00815097$ & $0.038879$ & $-0.00198775$ & $0.0250553$ & $-0.0189849$ & $0.0271433$ & $0.0041155$ & $-0.022217$ & $0.0120982$ & $-0.0347128$ & $0.0202766$ & $-0.00957881$ & $-0.024649$ \\
CHL3_11 & $0.0331467$ & $0.0330569$ & $-0.00181487$ & $0.00414344$ & $-0.0033358$ & $-0.342029$ & $-0.148606$ & $-0.202651$ & $-0.203469$ & $0.097042$ & $-0.268369$ & $-0.19572$ & $0.16745$ & $0.643522$ & $0.17547$ & $0.169688$ & $1$ & $0.823264$ & $0.82014$ & $0.277812$ & $0.247626$ & $0.24563$ & $-0.0935628$ & $0.747946$ & $0.853838$ & $-0.180805$ & $-0.136465$ & $0.120227$ & $-0.0148736$ & $0.123742$ & $0.0945612$ & $-0.151786$ & $0.133971$ & $-0.237998$ & $-0.00565137$ & $0.0180985$ & $0.00866838$ & $-0.00505611$ & $0.0150678$ & $0.0139267$ & $0.0574417$ & $0.0192966$ & $0.00821791$ & $0.0233841$ & $-0.0717663$ & $-0.0419734$ & $0.00263444$ & $-0.0343219$ & $0.000851871$ \\
CHL3_22 & $0.0501798$ & $0.0429942$ & $0.00305405$ & $0.0179477$ & $-0.00329929$ & $-0.149433$ & $-0.134849$ & $-0.405798$ & $-0.404459$ & $0.212349$ & $-0.0182801$ & $-0.135396$ & $0.137484$ & $0.580939$ & $-0.30495$ & $-0.0172083$ & $0.823264$ & $1$ & $0.794914$ & $0.0148601$ & $0.0152268$ & $0.0181716$ & $-0.0363291$ & $0.745799$ & $0.869098$ & $-0.00841687$ & $-0.0412196$ & $0.00576368$ & $-0.0118826$ & $0.104492$ & $0.0796098$ & $-0.13708$ & $0.109529$ & $-0.0658621$ & $-0.0188019$ & $0.0209295$ & $0.00335095$ & $-0.001141$ & $-0.00297577$ & $0.00769289$ & $0.0812734$ & $0.00312227$ & $0.0208636$ & $0.00618226$ & $-0.0598123$ & $-0.0479571$ & $0.0129508$ & $-0.0299411$ & $0.00233106$ \\
CHL3_33 & $0.0503965$ & $0.0331622$ & $-0.00284276$ & $-0.0187773$ & $-0.00592401$ & $-0.129019$ & $-0.112907$ & $-0.396695$ & $-0.395783$ & $0.216185$ & $-0.0271699$ & $-0.149045$ & $0.123388$ & $0.591323$ & $-0.00633873$ & $-0.306853$ & $0.82014$ & $0.794914$ & $1$ & $0.0247227$ & $0.0244782$ & $0.0236143$ & $-0.00755573$ & $0.73992$ & $0.863939$ & $-0.031083$ & $-0.0448567$ & $0.029103$ & $0.000696742$ & $0.0929812$ & $0.0745931$ & $-0.118894$ & $0.103051$ & $-0.359812$ & $-0.0321083$ & $0.00251848$ & $0.0229314$ & $-0.0192741$ & $0.0106981$ & $0.00294403$ & $0.055473$ & $-0.00298516$ & $-0.00327899$ & $0.0237768$ & $-0.0689714$ & $-0.0300502$ & $-0.00701383$ & $-0.0208613$ & $0.00186509$ \\
CHe_11 & $-0.0135386$ & $-0.0564335$ & $-0.0158709$ & $0.0193703$ & $-0.0156929$ & $-0.183267$ & $-0.0935721$ & $0.859832$ & $0.847628$ & $-0.493387$ & $-0.994981$ & $-0.261662$ & $0.133318$ & $0.679841$ & $0.640424$ & $0.612903$ & $0.277812$ & $0.0148601$ & $0.0247227$ & $1$ & $0.985542$ & $0.975005$ & $-0.080022$ & $-0.182017$ & $0.0777158$ & $-0.675451$ & $0.215985$ & $0.450373$ & $0.0398404$ & $0.0912209$ & $0.0611925$ & $-0.10215$ & $0.113547$ & $0.250327$ & $0.0146571$ & $-0.00022355$ & $-0.00578991$ & $0.0259132$ & $-0.0158414$ & $-0.0166173$ & $-0.0114011$ & $0.00372875$ & $-0.00197276$ & $-0.0204608$ & $-0.0205334$ & $-0.00595171$ & $-0.0229849$ & $-0.0260431$ & $0.00847425$ \\
CHe_22 & $-0.0117428$ & $-0.0594161$ & $-0.0151129$ & $0.0223663$ & $-0.015348$ & $-0.19126$ & $-0.0940264$ & $0.887915$ & $0.876136$ & $-0.514579$ & $-0.995168$ & $-0.27591$ & $0.136012$ & $0.643998$ & $0.544548$ & $0.518628$ & $0.247626$ & $0.0152268$ & $0.0244782$ & $0.985542$ & $1$ & $0.987263$ & $-0.0362999$ & $-0.252634$ & $0.0671708$ & $-0.686137$ & $0.330888$ & $0.458846$ & $0.0434122$ & $0.0978983$ & $0.0658531$ & $-0.101611$ & $0.123408$ & $0.37224$ & $0.0115514$ & $0.00498998$ & $-0.00699535$ & $0.0219348$ & $-0.0220403$ & $-0.0244656$ & $-0.00693981$ & $-0.00184091$ & $0.00212315$ & $-0.0212532$ & $-0.0164757$ & $0.00218751$ & $-0.0270683$ & $-0.0255583$ & $0.0199904$ \\
CHe_33 & $-0.00910717$ & $-0.0597229$ & $-0.00588825$ & $0.0251797$ & $-0.0178945$ & $-0.19252$ & $-0.0952656$ & $0.878651$ & $0.867191$ & $-0.508387$ & $-0.984041$ & $-0.272816$ & $0.136137$ & $0.633101$ & $0.533947$ & $0.529921$ & $0.24563$ & $0.0181716$ & $0.0236143$ & $0.975005$ & $0.987263$ & $1$ & $-0.0316083$ & $-0.251489$ & $0.0680715$ & $-0.679221$ & $0.331273$ & $0.452813$ & $0.0419242$ & $0.0966806$ & $0.0623918$ & $-0.10433$ & $0.119246$ & $0.376165$ & $0.012798$ & $-0.00476714$ & $-0.00606708$ & $0.0158947$ & $-0.0125776$ & $-0.0188672$ & $-0.01266$ & $-0.000856472$ & $0.00116596$ & $-0.0235626$ & $-0.0147871$ & $0.00093457$ & $-0.0198115$ & $-0.0310434$ & $0.0146045$ \\
CHQ1_11 & $0.00810682$ & $0.00358361$ & $0.0341445$ & $0.00830697$ & $0.0516828$ & $-0.00424251$ & $-0.0511849$ & $0.00986426$ & $0.0143009$ & $-0.0234195$ & $0.0602246$ & $0.007508$ & $0.0648121$ & $-0.131889$ & $-0.188508$ & $-0.22451$ & $-0.0935628$ & $-0.0363291$ & $-0.00755573$ & $-0.080022$ & $-0.0362999$ & $-0.0316083$ & $1$ & $-0.141691$ & $0.037$ & $-0.543674$ & $0.361669$ & $0.000939249$ & $0.010815$ & $0.03767$ & $0.00949076$ & $-0.0413423$ & $0.0435973$ & $0.193022$ & $0.040086$ & $0.0579174$ & $0.0226122$ & $-0.0495407$ & $-0.0174503$ & $-0.02273$ & $-0.0155863$ & $-0.0327794$ & $0.0602649$ & $0.0557002$ & $0.0387821$ & $0.0294306$ & $-0.0413519$ & $0.0237638$ & $-0.013596$ \\
CHQ1_33 & $-0.0142774$ & $0.041371$ & $-0.00362471$ & $-0.00756971$ & $0.00232323$ & $-0.0845295$ & $-0.0800484$ & $-0.625031$ & $-0.621501$ & $0.354866$ & $0.212621$ & $-0.0344355$ & $0.0714586$ & $0.437051$ & $0.0234018$ & $0.0252792$ & $0.747946$ & $0.745799$ & $0.73992$ & $-0.182017$ & $-0.252634$ & $-0.251489$ & $-0.141691$ & $1$ & $0.75152$ & $0.174428$ & $-0.396543$ & $-0.0414158$ & $-0.0295125$ & $0.0528127$ & $0.0341386$ & $-0.0819494$ & $0.0390354$ & $-0.603157$ & $-0.0168109$ & $0.00800136$ & $0.00824207$ & $0.00668039$ & $0.0236309$ & $0.0193166$ & $0.0581029$ & $0.018028$ & $-0.012559$ & $0.00947418$ & $-0.0487673$ & $-0.0485638$ & $0.0245096$ & $-0.0160853$ & $-0.026504$ \\
CHQ3_11 & $-0.0668389$ & $0.0308282$ & $0.00627877$ & $0.0104426$ & $0.00693418$ & $-0.177483$ & $-0.118848$ & $-0.356009$ & $-0.355304$ & $0.19588$ & $-0.0759556$ & $-0.133682$ & $0.129252$ & $0.59954$ & $-0.0660705$ & $-0.0654971$ & $0.853838$ & $0.869098$ & $0.863939$ & $0.0777158$ & $0.0671708$ & $0.0680715$ & $0.037$ & $0.75152$ & $1$ & $-0.0510514$ & $0.131609$ & $0.047917$ & $-0.0128243$ & $0.0953516$ & $0.0707093$ & $-0.122712$ & $0.10923$ & $-0.234386$ & $-0.0043449$ & $0.0150689$ & $0.0196125$ & $-0.0173832$ & $0.0124299$ & $-0.00411221$ & $0.0593192$ & $-0.00240725$ & $0.00388984$ & $0.0282546$ & $-0.0442223$ & $-0.0303406$ & $-0.00414252$ & $-0.00185029$ & $0.0119319$ \\
CHu_11 & $-0.0283316$ & $0.0411862$ & $-0.00832876$ & $-0.00257556$ & $-0.0279501$ & $0.135195$ & $0.114075$ & $-0.60706$ & $-0.600311$ & $0.368599$ & $0.68234$ & $0.19862$ & $-0.156016$ & $-0.435915$ & $-0.37974$ & $-0.337269$ & $-0.180805$ & $-0.00841687$ & $-0.031083$ & $-0.675451$ & $-0.686137$ & $-0.679221$ & $-0.543674$ & $0.174428$ & $-0.0510514$ & $1$ & $-0.210387$ & $-0.319139$ & $-0.0419484$ & $-0.102888$ & $-0.0575001$ & $0.11026$ & $-0.125061$ & $-0.252112$ & $-0.0373815$ & $-0.0396088$ & $-0.000409303$ & $0.00692092$ & $0.0324324$ & $0.0363575$ & $0.0206757$ & $0.0146118$ & $-0.0269636$ & $-0.0191166$ & $0.0161002$ & $-0.0156045$ & $0.0413836$ & $0.00978787$ & $-0.00389909$ \\
CHd_11 & $-0.0419677$ & $-0.0391661$ & $0.0391166$ & $0.0441788$ & $0.00189577$ & $-0.0891402$ & $-0.00547785$ & $0.397546$ & $0.396903$ & $-0.232477$ & $-0.269784$ & $-0.0906943$ & $0.0261743$ & $-0.0449698$ & $-0.297362$ & $-0.288125$ & $-0.136465$ & $-0.0412196$ & $-0.0448567$ & $0.215985$ & $0.330888$ & $0.331273$ & $0.361669$ & $-0.396543$ & $0.131609$ & $-0.210387$ & $1$ & $0.1708$ & $0.0263404$ & $0.0375175$ & $0.0240294$ & $-0.00464113$ & $0.0602888$ & $0.684492$ & $0.0127572$ & $0.0138673$ & $-0.000812141$ & $-0.0212737$ & $-0.0112775$ & $-0.0516184$ & $-0.000406791$ & $-0.033158$ & $0.0204841$ & $0.0124696$ & $0.0251052$ & $0.0413121$ & $-0.0290196$ & $0.0181015$ & $0.0536876$ \\
CHd_33 & $-0.00342185$ & $-0.0388092$ & $-0.0244184$ & $0.0181342$ & $-0.00728295$ & $-0.0831433$ & $-0.00653802$ & $0.406526$ & $0.401897$ & $-0.236615$ & $-0.455987$ & $-0.14175$ & $0.0486695$ & $0.289535$ & $0.249826$ & $0.214872$ & $0.120227$ & $0.00576368$ & $0.029103$ & $0.450373$ & $0.458846$ & $0.452813$ & $0.000939249$ & $-0.0414158$ & $0.047917$ & $-0.319139$ & $0.1708$ & $1$ & $0.0193143$ & $0.0425093$ & $0.00195676$ & $-0.0088631$ & $0.0511071$ & $0.172024$ & $0.0153376$ & $-0.0140891$ & $-0.0678617$ & $0.0358392$ & $-0.00356964$ & $-0.000790198$ & $0.00647033$ & $-0.00381981$ & $-0.00962813$ & $0.00206693$ & $0.016442$ & $0.022472$ & $-0.00240063$ & $-0.022347$ & $0.0198775$ \\
CeH_22r & $0.0213509$ & $-0.0428618$ & $0.0592237$ & $-0.0207781$ & $0.00673148$ & $-0.0106889$ & $-0.165625$ & $0.0462201$ & $0.0523363$ & $-0.089799$ & $-0.0414625$ & $0.00335241$ & $0.243136$ & $0.0216351$ & $0.0127484$ & $-0.00645714$ & $-0.0148736$ & $-0.0118826$ & $0.000696742$ & $0.0398404$ & $0.0434122$ & $0.0419242$ & $0.010815$ & $-0.0295125$ & $-0.0128243$ & $-0.0419484$ & $0.0263404$ & $0.0193143$ & $1$ & $0.189287$ & $0.100849$ & $-0.156797$ & $0.177282$ & $0.0204194$ & $0.0255533$ & $0.00577305$ & $-0.0434511$ & $0.0172264$ & $0.0269077$ & $-0.0090932$ & $0.018841$ & $0.0269185$ & $-0.00245768$ & $0.0104158$ & $0.0293756$ & $-0.0118406$ & $-0.0033815$ & $0.0117385$ & $-0.0246348$ \\
CeH_33r & $0.0432189$ & $-0.00317766$ & $0.0253265$ & $-0.00233177$ & $-0.0235553$ & $-0.0567311$ & $-0.566553$ & $0.0424203$ & $0.0612647$ & $-0.252874$ & $-0.0968492$ & $0.0821427$ & $0.708544$ & $0.110967$ & $0.0181072$ & $0.0315162$ & $0.123742$ & $0.104492$ & $0.0929812$ & $0.0912209$ & $0.0978983$ & $0.0966806$ & $0.03767$ & $0.0528127$ & $0.0953516$ & $-0.102888$ & $0.0375175$ & $0.0425093$ & $0.189287$ & $1$ & $0.503428$ & $-0.412642$ & $0.818283$ & $0.0413374$ & $0.0924863$ & $0.0492442$ & $-0.181353$ & $-0.0363448$ & $0.00339638$ & $-0.0105404$ & $-0.0251165$ & $-0.0263097$ & $0.0336071$ & $0.0167279$ & $0.012151$ & $0.00310279$ & $-0.0177097$ & $-0.0142556$ & $0.0699937$ \\
CuH_22r & $0.0388038$ & $-0.00193573$ & $0.0112624$ & $-0.00345305$ & $0.000411294$ & $-0.0580293$ & $-0.316607$ & $0.0237201$ & $0.0423007$ & $-0.16407$ & $-0.0641131$ & $0.00666021$ & $0.417637$ & $0.0719391$ & $0.00833893$ & $0.00998292$ & $0.0945612$ & $0.0796098$ & $0.0745931$ & $0.0611925$ & $0.0658531$ & $0.0623918$ & $0.00949076$ & $0.0341386$ & $0.0707093$ & $-0.0575001$ & $0.0240294$ & $0.00195676$ & $0.100849$ & $0.503428$ & $1$ & $-0.211651$ & $0.527114$ & $0.0305307$ & $0.0555754$ & $-0.0159674$ & $-0.148684$ & $-0.0185259$ & $0.0189459$ & $-0.0159695$ & $-0.017262$ & $-0.0337678$ & $0.0224032$ & $0.0253575$ & $-0.04038$ & $0.0883476$ & $0.304275$ & $0.0322677$ & $0.0317414$ \\
CuH_33r & $-0.0809292$ & $-0.0199415$ & $-0.0561137$ & $0.0246323$ & $0.0223841$ & $0.0480605$ & $0.952816$ & $-0.0269578$ & $-0.0016121$ & $0.18445$ & $0.103435$ & $0.0405784$ & $-0.675375$ & $-0.153026$ & $-0.0358387$ & $-0.0652831$ & $-0.151786$ & $-0.13708$ & $-0.118894$ & $-0.10215$ & $-0.101611$ & $-0.10433$ & $-0.0413423$ & $-0.0819494$ & $-0.122712$ & $0.11026$ & $-0.00464113$ & $-0.0088631$ & $-0.156797$ & $-0.412642$ & $-0.211651$ & $1$ & $-0.410584$ & $-0.00278316$ & $-0.0530406$ & $-0.058579$ & $-0.0125084$ & $0.00297464$ & $0.0110488$ & $0.0130693$ & $0.0155349$ & $0.0161386$ & $-0.0435394$ & $-0.0232458$ & $0.0202615$ & $-0.000997679$ & $0.0377441$ & $-0.0265357$ & $-0.0402315$ \\
CdH_33r & $0.0613975$ & $0.0303944$ & $0.0642696$ & $-0.0178107$ & $-0.00397594$ & $-0.0571907$ & $-0.579506$ & $0.0616646$ & $0.0808316$ & $-0.286564$ & $-0.121149$ & $0.0492853$ & $0.723268$ & $0.13104$ & $0.0274625$ & $0.028916$ & $0.133971$ & $0.109529$ & $0.103051$ & $0.113547$ & $0.123408$ & $0.119246$ & $0.0435973$ & $0.0390354$ & $0.10923$ & $-0.125061$ & $0.0602888$ & $0.0511071$ & $0.177282$ & $0.818283$ & $0.527114$ & $-0.410584$ & $1$ & $0.0530851$ & $0.117222$ & $0.029731$ & $-0.208993$ & $-0.0399188$ & $-0.0250928$ & $0.00319088$ & $-0.0405563$ & $-0.0117675$ & $0.0464438$ & $0.0220566$ & $-0.0359239$ & $0.0126286$ & $-0.0158547$ & $0.12554$ & $0.407434$ \\
CLL_1221 & $-0.0112525$ & $0.00527512$ & $0.019007$ & $0.0568085$ & $-0.015351$ & $-0.149063$ & $-0.00791639$ & $0.510445$ & $0.509802$ & $-0.318484$ & $-0.305536$ & $-0.0904634$ & $0.0255457$ & $-0.186048$ & $-0.462794$ & $-0.0343064$ & $-0.237998$ & $-0.0658621$ & $-0.359812$ & $0.250327$ & $0.37224$ & $0.376165$ & $0.193022$ & $-0.603157$ & $-0.234386$ & $-0.252112$ & $0.684492$ & $0.172024$ & $0.0204194$ & $0.0413374$ & $0.0305307$ & $-0.00278316$ & $0.0530851$ & $1$ & $0.00345445$ & $0.0241591$ & $-0.0310861$ & $-0.000894353$ & $-0.0274021$ & $-0.0313724$ & $0.0157776$ & $-0.0168752$ & $0.0370822$ & $-0.0197084$ & $0.0103702$ & $0.0302131$ & $-0.00183199$ & $-0.0257149$ & $0.044895$ \\
eHggint & $0.0336615$ & $0.0172855$ & $-0.101924$ & $-0.0395777$ & $0.0210198$ & $-0.0165826$ & $-0.129437$ & $0.0177451$ & $0.0101245$ & $-0.0352607$ & $-0.0135818$ & $0.0528129$ & $0.161392$ & $-0.0082053$ & $0.0223635$ & $0.0429857$ & $-0.00565137$ & $-0.0188019$ & $-0.0321083$ & $0.0146571$ & $0.0115514$ & $0.012798$ & $0.040086$ & $-0.0168109$ & $-0.0043449$ & $-0.0373815$ & $0.0127572$ & $0.0153376$ & $0.0255533$ & $0.0924863$ & $0.0555754$ & $-0.0530406$ & $0.117222$ & $0.00345445$ & $1$ & $-0.0539109$ & $0.0533222$ & $-0.0223379$ & $-0.074863$ & $-0.0285351$ & $0.0201826$ & $-0.0122699$ & $0.0649322$ & $0.0172736$ & $0.0234149$ & $-0.0230882$ & $-0.0517063$ & $-0.00605514$ & $0.0759961$ \\
eHggpar & $-0.0344256$ & $0.0480489$ & $-0.00268075$ & $0.0250626$ & $-0.0303397$ & $-0.0487743$ & $-0.088352$ & $-0.003936$ & $-0.00906315$ & $-0.00936402$ & $-0.00234593$ & $0.0203061$ & $0.108395$ & $-0.0026406$ & $-0.0211158$ & $0.00290748$ & $0.0180985$ & $0.0209295$ & $0.00251848$ & $-0.00022355$ & $0.00498998$ & $-0.00476714$ & $0.0579174$ & $0.00800136$ & $0.0150689$ & $-0.0396088$ & $0.0138673$ & $-0.0140891$ & $0.00577305$ & $0.0492442$ & $-0.0159674$ & $-0.058579$ & $0.029731$ & $0.0241591$ & $-0.0539109$ & $1$ & $0.0625218$ & $0.045343$ & $0.0204777$ & $0.0157052$ & $0.0478186$ & $0.0263329$ & $0.00616049$ & $-0.0286996$ & $-0.0187004$ & $-0.0803614$ & $-0.0312761$ & $-0.00186687$ & $-0.018844$ \\
eHWWint & $-0.033255$ & $0.0161992$ & $-0.0721111$ & $-0.00742063$ & $0.0317894$ & $-0.0208197$ & $0.0243296$ & $-0.0132564$ & $-0.0307711$ & $0.0511696$ & $0.00503797$ & $0.0527775$ & $-0.0504683$ & $0.0157475$ & $0.0150004$ & $-0.00815097$ & $0.00866838$ & $0.00335095$ & $0.0229314$ & $-0.00578991$ & $-0.00699535$ & $-0.00606708$ & $0.0226122$ & $0.00824207$ & $0.0196125$ & $-0.000409303$ & $-0.000812141$ & $-0.0678617$ & $-0.0434511$ & $-0.181353$ & $-0.148684$ & $-0.0125084$ & $-0.208993$ & $-0.0310861$ & $0.0533222$ & $0.0625218$ & $1$ & $0.00498122$ & $-0.0876856$ & $-0.012746$ & $-0.0136728$ & $0.00327836$ & $-0.0497299$ & $0.0690314$ & $0.0117091$ & $-0.000699175$ & $-0.0651982$ & $0.0231764$ & $-0.0821091$ \\
eHWWpar & $0.0386493$ & $0.0142691$ & $-0.0132255$ & $0.00979494$ & $0.0140812$ & $0.0629121$ & $0.0120873$ & $0.0218916$ & $0.0221017$ & $-0.0117475$ & $-0.0246362$ & $-0.0156399$ & $-0.0286447$ & $0.0274244$ & $0.0197367$ & $0.038879$ & $-0.00505611$ & $-0.001141$ & $-0.0192741$ & $0.0259132$ & $0.0219348$ & $0.0158947$ & $-0.0495407$ & $0.00668039$ & $-0.0173832$ & $0.00692092$ & $-0.0212737$ & $0.0358392$ & $0.0172264$ & $-0.0363448$ & $-0.0185259$ & $0.00297464$ & $-0.0399188$ & $-0.000894353$ & $-0.0223379$ & $0.045343$ & $0.00498122$ & $1$ & $0.0248993$ & $0.0601618$ & $-0.0492232$ & $0.0135794$ & $0.0182536$ & $0.00329809$ & $-0.0518058$ & $0.00883654$ & $0.0180648$ & $0.0554256$ & $-0.00833713$ \\
eHZZint & $-0.000293904$ & $0.0905392$ & $0.00597295$ & $0.0193478$ & $-0.0135426$ & $-2.32643e-05$ & $0.0078421$ & $-0.0260686$ & $-0.0221478$ & $-0.00427179$ & $0.0197541$ & $-0.0174173$ & $0.000214074$ & $-0.014114$ & $0.0171846$ & $-0.00198775$ & $0.0150678$ & $-0.00297577$ & $0.0106981$ & $-0.0158414$ & $-0.0220403$ & $-0.0125776$ & $-0.0174503$ & $0.0236309$ & $0.0124299$ & $0.0324324$ & $-0.0112775$ & $-0.00356964$ & $0.0269077$ & $0.00339638$ & $0.0189459$ & $0.0110488$ & $-0.0250928$ & $-0.0274021$ & $-0.074863$ & $0.0204777$ & $-0.0876856$ & $0.0248993$ & $1$ & $-0.0400598$ & $-0.00189152$ & $0.00593066$ & $-0.00487217$ & $-0.0043528$ & $-0.0304363$ & $0.0788452$ & $0.0690506$ & $-0.058967$ & $-0.0852146$ \\
eHZZpar & $0.0210529$ & $0.0262508$ & $0.00853585$ & $0.0244766$ & $0.040247$ & $-0.000234934$ & $0.0164454$ & $-0.0291965$ & $-0.0223879$ & $0.0341108$ & $0.0214817$ & $0.0476966$ & $0.00715264$ & $-0.0075515$ & $0.0104589$ & $0.0250553$ & $0.0139267$ & $0.00769289$ & $0.00294403$ & $-0.0166173$ & $-0.0244656$ & $-0.0188672$ & $-0.02273$ & $0.0193166$ & $-0.00411221$ & $0.0363575$ & $-0.0516184$ & $-0.000790198$ & $-0.0090932$ & $-0.0105404$ & $-0.0159695$ & $0.0130693$ & $0.00319088$ & $-0.0313724$ & $-0.0285351$ & $0.0157052$ & $-0.012746$ & $0.0601618$ & $-0.0400598$ & $1$ & $-0.0300029$ & $0.00315679$ & $0.0506479$ & $0.00772137$ & $-0.0487639$ & $-0.0664128$ & $0.0262007$ & $0.0134108$ & $0.029971$ \\
eHZgaint & $-0.0247518$ & $0.0510082$ & $-0.0520078$ & $-0.0476413$ & $-0.00421984$ & $-0.0567874$ & $0.0209373$ & $-0.0391858$ & $-0.0388206$ & $0.0395015$ & $0.0107362$ & $0.0337118$ & $-0.0134586$ & $0.0278343$ & $-0.0489404$ & $-0.0189849$ & $0.0574417$ & $0.0812734$ & $0.055473$ & $-0.0114011$ & $-0.00693981$ & $-0.01266$ & $-0.0155863$ & $0.0581029$ & $0.0593192$ & $0.0206757$ & $-0.000406791$ & $0.00647033$ & $0.018841$ & $-0.0251165$ & $-0.017262$ & $0.0155349$ & $-0.0405563$ & $0.0157776$ & $0.0201826$ & $0.0478186$ & $-0.0136728$ & $-0.0492232$ & $-0.00189152$ & $-0.0300029$ & $1$ & $-0.00756641$ & $-0.0575982$ & $-0.0409355$ & $0.0473177$ & $0.0219866$ & $0.0281191$ & $-0.000459641$ & $-0.0396512$ \\
eHZgapar & $0.0102888$ & $-0.014058$ & $0.0307463$ & $0.0237885$ & $0.00735444$ & $-0.00236866$ & $0.0181319$ & $-0.00496878$ & $-0.00285665$ & $-0.00485405$ & $-0.00260374$ & $-0.0132892$ & $-0.0282205$ & $-0.00126285$ & $0.0221516$ & $0.0271433$ & $0.0192966$ & $0.00312227$ & $-0.00298516$ & $0.00372875$ & $-0.00184091$ & $-0.000856472$ & $-0.0327794$ & $0.018028$ & $-0.00240725$ & $0.0146118$ & $-0.033158$ & $-0.00381981$ & $0.0269185$ & $-0.0263097$ & $-0.0337678$ & $0.0161386$ & $-0.0117675$ & $-0.0168752$ & $-0.0122699$ & $0.0263329$ & $0.00327836$ & $0.0135794$ & $0.00593066$ & $0.00315679$ & $-0.00756641$ & $1$ & $0.0307364$ & $-0.0443397$ & $0.0164864$ & $0.0240382$ & $0.00132147$ & $0.0410055$ & $-0.00393887$ \\
eHgagaint & $0.0464892$ & $0.0214896$ & $-0.0301391$ & $0.0725164$ & $0.0460919$ & $-0.00579458$ & $-0.0553643$ & $-0.000352665$ & $0.0551002$ & $-0.0287125$ & $0.00029394$ & $-0.0375815$ & $0.0133699$ & $-0.00340733$ & $-0.0317448$ & $0.0041155$ & $0.00821791$ & $0.0208636$ & $-0.00327899$ & $-0.00197276$ & $0.00212315$ & $0.00116596$ & $0.0602649$ & $-0.012559$ & $0.00388984$ & $-0.0269636$ & $0.0204841$ & $-0.00962813$ & $-0.00245768$ & $0.0336071$ & $0.0224032$ & $-0.0435394$ & $0.0464438$ & $0.0370822$ & $0.0649322$ & $0.00616049$ & $-0.0497299$ & $0.0182536$ & $-0.00487217$ & $0.0506479$ & $-0.0575982$ & $0.0307364$ & $1$ & $-0.0702956$ & $0.099014$ & $-0.0496255$ & $-0.00352746$ & $0.0404447$ & $0.0141377$ \\
eHmumuint & $0.0412197$ & $0.0207213$ & $0.0365976$ & $-0.0365844$ & $0.0189542$ & $0.0106381$ & $-0.0285023$ & $-0.0288481$ & $-0.0366809$ & $-0.00254203$ & $0.021851$ & $-0.0370282$ & $0.0402745$ & $-0.0166546$ & $0.0014218$ & $-0.022217$ & $0.0233841$ & $0.00618226$ & $0.0237768$ & $-0.0204608$ & $-0.0212532$ & $-0.0235626$ & $0.0557002$ & $0.00947418$ & $0.0282546$ & $-0.0191166$ & $0.0124696$ & $0.00206693$ & $0.0104158$ & $0.0167279$ & $0.0253575$ & $-0.0232458$ & $0.0220566$ & $-0.0197084$ & $0.0172736$ & $-0.0286996$ & $0.0690314$ & $0.00329809$ & $-0.0043528$ & $0.00772137$ & $-0.0409355$ & $-0.0443397$ & $-0.0702956$ & $1$ & $-0.00264794$ & $0.0852385$ & $-0.0233133$ & $0.0661868$ & $-0.0351658$ \\
eHtautauint & $-0.0749149$ & $-0.0491242$ & $-0.0566886$ & $0.0671632$ & $0.00756883$ & $0.0153224$ & $0.0216328$ & $0.0167319$ & $0.0178381$ & $-0.0186297$ & $0.0161321$ & $0.0404871$ & $-0.0467678$ & $-0.038326$ & $-0.00954599$ & $0.0120982$ & $-0.0717663$ & $-0.0598123$ & $-0.0689714$ & $-0.0205334$ & $-0.0164757$ & $-0.0147871$ & $0.0387821$ & $-0.0487673$ & $-0.0442223$ & $0.0161002$ & $0.0251052$ & $0.016442$ & $0.0293756$ & $0.012151$ & $-0.04038$ & $0.0202615$ & $-0.0359239$ & $0.0103702$ & $0.0234149$ & $-0.0187004$ & $0.0117091$ & $-0.0518058$ & $-0.0304363$ & $-0.0487639$ & $0.0473177$ & $0.0164864$ & $0.099014$ & $-0.00264794$ & $1$ & $0.00243497$ & $-0.013722$ & $0.0667107$ & $-0.0375736$ \\
eHccint & $-0.0425943$ & $-0.012683$ & $-0.0494854$ & $-0.0207577$ & $0.017264$ & $0.0189796$ & $-0.000720627$ & $0.0237966$ & $0.0250675$ & $-0.00850729$ & $0.00228979$ & $0.0323091$ & $-0.00511942$ & $-0.0412182$ & $-0.00894653$ & $-0.0347128$ & $-0.0419734$ & $-0.0479571$ & $-0.0300502$ & $-0.00595171$ & $0.00218751$ & $0.00093457$ & $0.0294306$ & $-0.0485638$ & $-0.0303406$ & $-0.0156045$ & $0.0413121$ & $0.022472$ & $-0.0118406$ & $0.00310279$ & $0.0883476$ & $-0.000997679$ & $0.0126286$ & $0.0302131$ & $-0.0230882$ & $-0.0803614$ & $-0.000699175$ & $0.00883654$ & $0.0788452$ & $-0.0664128$ & $0.0219866$ & $0.0240382$ & $-0.0496255$ & $0.0852385$ & $0.00243497$ & $1$ & $0.0858752$ & $-0.0105039$ & $0.0172366$ \\
eHccpar & $-0.00918006$ & $0.0481859$ & $0.00645452$ & $-0.00642225$ & $0.00880716$ & $0.0100335$ & $0.0420906$ & $-0.0272797$ & $-0.0207001$ & $0.0299836$ & $0.0253533$ & $0.0294732$ & $-0.0254252$ & $-0.0132095$ & $-0.0176468$ & $0.0202766$ & $0.00263444$ & $0.0129508$ & $-0.00701383$ & $-0.0229849$ & $-0.0270683$ & $-0.0198115$ & $-0.0413519$ & $0.0245096$ & $-0.00414252$ & $0.0413836$ & $-0.0290196$ & $-0.00240063$ & $-0.0033815$ & $-0.0177097$ & $0.304275$ & $0.0377441$ & $-0.0158547$ & $-0.00183199$ & $-0.0517063$ & $-0.0312761$ & $-0.0651982$ & $0.0180648$ & $0.0690506$ & $0.0262007$ & $0.0281191$ & $0.00132147$ & $-0.00352746$ & $-0.0233133$ & $-0.013722$ & $0.0858752$ & $1$ & $0.0504956$ & $-0.0270501$ \\
eHbbint & $-0.00320475$ & $-0.00582802$ & $0.030566$ & $0.0434293$ & $0.0515494$ & $0.0264364$ & $-0.027711$ & $-0.0117569$ & $-0.0091535$ & $0.0246479$ & $0.0241626$ & $0.042205$ & $0.0043333$ & $-0.0152573$ & $0.00558482$ & $-0.00957881$ & $-0.0343219$ & $-0.0299411$ & $-0.0208613$ & $-0.0260431$ & $-0.0255583$ & $-0.0310434$ & $0.0237638$ & $-0.0160853$ & $-0.00185029$ & $0.00978787$ & $0.0181015$ & $-0.022347$ & $0.0117385$ & $-0.0142556$ & $0.0322677$ & $-0.0265357$ & $0.12554$ & $-0.0257149$ & $-0.00605514$ & $-0.00186687$ & $0.0231764$ & $0.0554256$ & $-0.058967$ & $0.0134108$ & $-0.000459641$ & $0.0410055$ & $0.0404447$ & $0.0661868$ & $0.0667107$ & $-0.0105039$ & $0.0504956$ & $1$ & $0.0155752$ \\
eHbbpar & $0.023509$ & $0.0596711$ & $0.0671934$ & $-0.028023$ & $-0.00781657$ & $-1.45325e-05$ & $-0.0626745$ & $0.0190331$ & $0.018461$ & $-0.0461564$ & $-0.0145734$ & $-0.0534391$ & $0.0910404$ & $0.00254149$ & $-0.0203075$ & $-0.024649$ & $0.000851871$ & $0.00233106$ & $0.00186509$ & $0.00847425$ & $0.0199904$ & $0.0146045$ & $-0.013596$ & $-0.026504$ & $0.0119319$ & $-0.00389909$ & $0.0536876$ & $0.0198775$ & $-0.0246348$ & $0.0699937$ & $0.0317414$ & $-0.0402315$ & $0.407434$ & $0.044895$ & $0.0759961$ & $-0.018844$ & $-0.0821091$ & $-0.00833713$ & $-0.0852146$ & $0.029971$ & $-0.0396512$ & $-0.00393887$ & $0.0141377$ & $-0.0351658$ & $-0.0375736$ & $0.0172366$ & $-0.0270501$ & $0.0155752$ & $1$ \\
