 & AlsMz & dAle5Mz & mtop & mHl & Mz & CW & CHG & CHWB & CHWHB_gaga & CHWHB_gagaorth & CHD & CHbox & CH & CHL1_11 & CHL1_22 & CHL1_33 & CHL3_11 & CHL3_22 & CHL3_33 & CHe_11 & CHe_22 & CHe_33 & CHQ1_11 & CHQ1_33 & CHQ3_11 & CHu_11 & CHd_11 & CHd_33 & CeH_22r & CeH_33r & CuH_22r & CuH_33r & CdH_33r & CLL_1221 & eHggint & eHggpar & eHWWint & eHWWpar & eHZZint & eHZZpar & eHZgaint & eHZgapar & eHgagaint & eHmumuint & eHtautauint & eHccint & eHccpar & eHbbint & eHbbpar \\
AlsMz & $1$ & $0.039884$ & $0.00151687$ & $-0.0654462$ & $0.00685505$ & $-0.0119509$ & $-0.0137687$ & $-0.00390957$ & $-0.0091279$ & $0.0251701$ & $-0.0153716$ & $-0.00680615$ & $-0.0223227$ & $0.0226596$ & $-0.0138902$ & $-0.000869392$ & $0.0182867$ & $0.029514$ & $0.0194962$ & $0.00720084$ & $0.00879092$ & $0.0107557$ & $0.00600689$ & $-0.0432357$ & $-0.0852203$ & $-0.0436579$ & $-0.00996444$ & $0.031031$ & $0.0125212$ & $-0.0101994$ & $0.0132702$ & $-0.00106462$ & $0.00994752$ & $0.0090068$ & $0.124478$ & $-0.0349305$ & $-0.0877861$ & $-0.000560434$ & $0.00548713$ & $0.000934429$ & $-0.0625488$ & $0.0111676$ & $0.00099913$ & $-0.0304919$ & $0.0382526$ & $-0.0558405$ & $0.0786349$ & $-0.00152588$ & $0.0371695$ \\
dAle5Mz & $0.039884$ & $1$ & $-0.0428583$ & $0.0179828$ & $-0.019555$ & $0.0292963$ & $0.0609879$ & $-0.111316$ & $-0.0998753$ & $0.0536029$ & $0.0807566$ & $0.00448068$ & $-0.0313963$ & $0.00194075$ & $-0.0350439$ & $-0.029765$ & $0.0325904$ & $0.0491749$ & $0.0463579$ & $-0.0550818$ & $-0.0532001$ & $-0.0547889$ & $0.00607587$ & $0.0434981$ & $0.0392275$ & $0.040626$ & $-0.0163851$ & $-0.00418146$ & $0.014323$ & $-0.0234033$ & $0.0103506$ & $0.0659422$ & $0.0462507$ & $0.00183053$ & $0.00603206$ & $-0.00588567$ & $0.0158854$ & $-0.0186525$ & $-0.0783187$ & $-0.00171056$ & $-0.0432913$ & $-0.015145$ & $0.102554$ & $-0.0819256$ & $-0.0919014$ & $-0.0328202$ & $0.0387626$ & $0.0111607$ & $0.0882679$ \\
mtop & $0.00151687$ & $-0.0428583$ & $1$ & $0.0546292$ & $0.0116091$ & $-0.00824735$ & $0.0195339$ & $-0.00246884$ & $-0.000235997$ & $0.00347735$ & $0.0199262$ & $0.0193897$ & $0.0127923$ & $-0.0231816$ & $-0.00888588$ & $-0.0185076$ & $-0.00899682$ & $-0.0106014$ & $-0.00434863$ & $-0.0126455$ & $-0.00932729$ & $-0.0134395$ & $-0.025455$ & $0.000334372$ & $-0.0102408$ & $0.0166802$ & $0.00234509$ & $-0.0115594$ & $-0.0090239$ & $0.012404$ & $-0.0230782$ & $0.0264964$ & $0.021728$ & $0.00620585$ & $0.11789$ & $-0.00538077$ & $-0.0665003$ & $0.018937$ & $0.0263499$ & $-0.00717639$ & $-0.0705899$ & $0.0271499$ & $0.0317757$ & $-0.00968428$ & $0.0451538$ & $-0.0306762$ & $0.0232111$ & $0.0162327$ & $0.0501947$ \\
mHl & $-0.0654462$ & $0.0179828$ & $0.0546292$ & $1$ & $0.035458$ & $-0.00827583$ & $-0.0239564$ & $0.00708547$ & $0.00665305$ & $-0.00879059$ & $-0.0063316$ & $-0.00375064$ & $0.00321701$ & $0.0131425$ & $0.00467523$ & $0.0287385$ & $-0.00465161$ & $0.000225532$ & $-0.013818$ & $0.0108519$ & $0.00797501$ & $0.00222046$ & $-0.00582417$ & $-0.00563871$ & $0.000255215$ & $0.00410546$ & $-0.010063$ & $-0.0246837$ & $-0.0108781$ & $-0.0037038$ & $-0.0219108$ & $-0.0199177$ & $-0.0167654$ & $0.000944778$ & $0.052029$ & $-0.0296436$ & $-0.00753365$ & $0.0291915$ & $-0.00498181$ & $-0.0358366$ & $0.00795319$ & $-0.00542036$ & $0.00436407$ & $-0.00709252$ & $0.0419668$ & $-0.0185942$ & $-0.0172015$ & $-0.0330937$ & $-0.0149112$ \\
Mz & $0.00685505$ & $-0.019555$ & $0.0116091$ & $0.035458$ & $1$ & $0.00316353$ & $-0.0142962$ & $0.0015977$ & $0.00254693$ & $0.00298476$ & $0.00588589$ & $-0.00730532$ & $-0.00238909$ & $0.0093665$ & $-0.0158725$ & $0.00597791$ & $0.00266286$ & $0.0115391$ & $-0.00383937$ & $-0.00089636$ & $0.00376683$ & $0.00560756$ & $0.00332089$ & $0.00139423$ & $0.00201791$ & $-0.00138513$ & $0.00789981$ & $-0.000511501$ & $-0.0142526$ & $0.0117265$ & $-0.0088044$ & $-0.00935104$ & $0.00943444$ & $0.0104851$ & $0.00343825$ & $0.00686826$ & $-0.00387723$ & $-0.0177433$ & $0.0147582$ & $-0.0197288$ & $-0.00154468$ & $-0.0171604$ & $0.00415166$ & $0.0202638$ & $-0.0345942$ & $-0.0251111$ & $0.0142693$ & $-0.00149481$ & $-0.00502811$ \\
CW & $-0.0119509$ & $0.0292963$ & $-0.00824735$ & $-0.00827583$ & $0.00316353$ & $1$ & $-0.00811083$ & $-0.131107$ & $-0.125718$ & $0.0200223$ & $0.186531$ & $0.0435762$ & $0.00314037$ & $0.0303292$ & $-0.0884167$ & $-0.0734834$ & $-0.263923$ & $-0.0371058$ & $-0.0482178$ & $-0.182932$ & $-0.189139$ & $-0.186683$ & $-0.0329082$ & $0.00875124$ & $-0.0922081$ & $0.119715$ & $-0.0964461$ & $-0.0562211$ & $0.00924553$ & $0.0113414$ & $0.00046226$ & $-0.0059707$ & $0.0162432$ & $-0.12022$ & $0.000142958$ & $0.0168688$ & $-0.0162385$ & $0.00992263$ & $-0.007253$ & $-0.0192297$ & $0.00184933$ & $-0.0184705$ & $0.00358927$ & $-0.00438822$ & $-0.00867362$ & $-0.00922019$ & $-0.000166876$ & $0.020322$ & $0.00724587$ \\
CHG & $-0.0137687$ & $0.0609879$ & $0.0195339$ & $-0.0239564$ & $-0.0142962$ & $-0.00811083$ & $1$ & $-0.125768$ & $-0.0736692$ & $0.0514954$ & $0.0789411$ & $-0.2438$ & $-0.299071$ & $0.0444775$ & $-0.0255533$ & $-0.0346362$ & $0.0965331$ & $0.101374$ & $0.106213$ & $-0.0762588$ & $-0.081421$ & $-0.0793925$ & $-0.00356825$ & $0.113142$ & $0.0899729$ & $0.0460824$ & $-0.0652711$ & $-0.0228847$ & $0.00661627$ & $-0.140335$ & $-0.0698499$ & $0.934162$ & $-0.172663$ & $-0.0744384$ & $-0.0452411$ & $-0.0133078$ & $0.0137926$ & $-0.018214$ & $-0.0244928$ & $0.006525$ & $-0.00724089$ & $-0.0183997$ & $0.0115338$ & $-0.0029431$ & $-0.0265333$ & $0.0154721$ & $-0.00671222$ & $-0.0108478$ & $-0.0317235$ \\
CHWB & $-0.00390957$ & $-0.111316$ & $-0.00246884$ & $0.00708547$ & $0.0015977$ & $-0.131107$ & $-0.125768$ & $1$ & $0.981999$ & $-0.571898$ & $-0.882228$ & $0.0730432$ & $0.352612$ & $0.107143$ & $0.303264$ & $0.293665$ & $-0.221214$ & $-0.417487$ & $-0.421703$ & $0.855044$ & $0.898116$ & $0.877415$ & $0.0546911$ & $-0.671302$ & $-0.38544$ & $-0.516474$ & $0.418726$ & $0.288923$ & $-0.00414666$ & $0.092085$ & $0.0757635$ & $-0.126458$ & $0.100517$ & $0.564281$ & $-0.0304306$ & $-0.00294425$ & $0.00892813$ & $0.00864033$ & $0.007081$ & $0.0195419$ & $0.0126109$ & $-0.00110637$ & $-0.0316352$ & $-0.00631805$ & $0.0371685$ & $0.0230585$ & $-0.00947832$ & $0.0368877$ & $-0.0140413$ \\
CHWHB_gaga & $-0.0091279$ & $-0.0998753$ & $-0.000235997$ & $0.00665305$ & $0.00254693$ & $-0.125718$ & $-0.0736692$ & $0.981999$ & $1$ & $-0.561276$ & $-0.864147$ & $0.0830594$ & $0.347649$ & $0.099887$ & $0.300517$ & $0.289512$ & $-0.223118$ & $-0.416234$ & $-0.419594$ & $0.838405$ & $0.87966$ & $0.859264$ & $0.0548642$ & $-0.662457$ & $-0.384789$ & $-0.505636$ & $0.407585$ & $0.283013$ & $0.00402754$ & $0.109363$ & $0.0889621$ & $-0.084096$ & $0.12$ & $0.55194$ & $-0.0536731$ & $-0.00800708$ & $0.00664102$ & $0.00607682$ & $-0.00229246$ & $0.01641$ & $0.00870002$ & $-0.00140356$ & $0.0333931$ & $-0.0123527$ & $0.0276165$ & $0.022205$ & $-0.00143472$ & $0.0390204$ & $-0.0170812$ \\
CHWHB_gagaorth & $0.0251701$ & $0.0536029$ & $0.00347735$ & $-0.00879059$ & $0.00298476$ & $0.0200223$ & $0.0514954$ & $-0.571898$ & $-0.561276$ & $1$ & $0.361052$ & $0.243757$ & $-0.24109$ & $0.221514$ & $-0.129472$ & $-0.119809$ & $0.419944$ & $0.477777$ & $0.478552$ & $-0.348759$ & $-0.377659$ & $-0.366408$ & $-0.0537328$ & $0.556792$ & $0.463167$ & $0.225433$ & $-0.232349$ & $-0.134282$ & $-0.0125643$ & $-0.112248$ & $-0.080297$ & $0.0749226$ & $-0.117214$ & $-0.350934$ & $0.0602191$ & $0.0213205$ & $-0.000455963$ & $-0.00892817$ & $-0.00743729$ & $-0.00143793$ & $-0.0650369$ & $0.0269126$ & $0.0145023$ & $0.0137688$ & $-0.00874073$ & $-0.0254754$ & $0.0145212$ & $-0.0285152$ & $0.0160756$ \\
CHD & $-0.0153716$ & $0.0807566$ & $0.0199262$ & $-0.0063316$ & $0.00588589$ & $0.186531$ & $0.0789411$ & $-0.882228$ & $-0.864147$ & $0.361052$ & $1$ & $0.0728458$ & $-0.177656$ & $-0.516175$ & $-0.41374$ & $-0.413293$ & $-0.227292$ & $0.0514817$ & $0.0608818$ & $-0.99049$ & $-0.991221$ & $-0.970168$ & $-0.00245738$ & $0.314087$ & $0.0102156$ & $0.564723$ & $-0.301549$ & $-0.322391$ & $0.00909789$ & $-0.0413188$ & $-0.0545517$ & $0.0919263$ & $-0.0529409$ & $-0.380959$ & $0.0381331$ & $0.0176538$ & $-0.0177235$ & $-0.00250558$ & $0.00734985$ & $-0.0217986$ & $-0.00476592$ & $-0.0129241$ & $0.0210311$ & $0.00407503$ & $-0.032423$ & $-0.0297188$ & $0.00056033$ & $-0.0219534$ & $0.00608903$ \\
CHbox & $-0.00680615$ & $0.00448068$ & $0.0193897$ & $-0.00375064$ & $-0.00730532$ & $0.0435762$ & $-0.2438$ & $0.0730432$ & $0.0830594$ & $0.243757$ & $0.0728458$ & $1$ & $0.758711$ & $-0.276228$ & $0.0434855$ & $0.0263217$ & $-0.309846$ & $-0.298974$ & $-0.290009$ & $-0.0585659$ & $-0.0723412$ & $-0.0681273$ & $0.00131624$ & $-0.194966$ & $-0.288081$ & $0.0294473$ & $-0.022965$ & $-0.0397044$ & $0.0410664$ & $0.338984$ & $0.113859$ & $-0.138971$ & $0.375834$ & $0.0141454$ & $0.108042$ & $0.0716862$ & $-0.0229005$ & $0.00478732$ & $-0.024012$ & $-0.00882896$ & $-0.0441751$ & $0.0126158$ & $-0.020311$ & $-0.00539694$ & $0.00817226$ & $-0.029027$ & $0.00406389$ & $0.0094347$ & $-0.0056377$ \\
CH & $-0.0223227$ & $-0.0313963$ & $0.0127923$ & $0.00321701$ & $-0.00238909$ & $0.00314037$ & $-0.299071$ & $0.352612$ & $0.347649$ & $-0.24109$ & $-0.177656$ & $0.758711$ & $1$ & $-0.228446$ & $0.0858798$ & $0.0755415$ & $-0.354916$ & $-0.381051$ & $-0.380255$ & $0.175494$ & $0.187961$ & $0.183836$ & $0.0445315$ & $-0.383367$ & $-0.365594$ & $-0.132338$ & $0.132438$ & $0.0554444$ & $0.0361305$ & $0.271438$ & $0.122039$ & $-0.241063$ & $0.310362$ & $0.208368$ & $0.0410845$ & $0.0292438$ & $-0.00210771$ & $0.0117335$ & $-0.0261432$ & $-0.0121803$ & $-0.022865$ & $-0.00568231$ & $-0.00605799$ & $-0.00881096$ & $0.0200881$ & $-0.00129049$ & $-0.00498184$ & $0.0294759$ & $-0.011854$ \\
CHL1_11 & $0.0226596$ & $0.00194075$ & $-0.0231816$ & $0.0131425$ & $0.0093665$ & $0.0303292$ & $0.0444775$ & $0.107143$ & $0.099887$ & $0.221514$ & $-0.516175$ & $-0.276228$ & $-0.228446$ & $1$ & $0.253724$ & $0.272777$ & $0.65945$ & $0.60655$ & $0.593097$ & $0.533409$ & $0.478165$ & $0.46877$ & $-0.0849093$ & $0.462437$ & $0.59452$ & $-0.264742$ & $-0.0803602$ & $0.165289$ & $-0.0148819$ & $-0.0691746$ & $-0.0214048$ & $0.0164009$ & $-0.0564732$ & $-0.18984$ & $-0.0304855$ & $-0.0220119$ & $0.0279701$ & $-0.00649859$ & $-0.0170414$ & $0.0105863$ & $-0.0215299$ & $0.0169089$ & $0.0206734$ & $0.0110926$ & $0.00205838$ & $0.0169072$ & $0.00708229$ & $-0.0249742$ & $0.0235857$ \\
CHL1_22 & $-0.0138902$ & $-0.0350439$ & $-0.00888588$ & $0.00467523$ & $-0.0158725$ & $-0.0884167$ & $-0.0255533$ & $0.303264$ & $0.300517$ & $-0.129472$ & $-0.41374$ & $0.0434855$ & $0.0858798$ & $0.253724$ & $1$ & $0.450033$ & $0.145188$ & $-0.458359$ & $-0.0572756$ & $0.479538$ & $0.331748$ & $0.322401$ & $-0.165006$ & $0.0899969$ & $-0.152593$ & $-0.200721$ & $-0.395727$ & $0.0877251$ & $0.00142344$ & $0.0436325$ & $0.0131233$ & $-0.0231559$ & $0.0331248$ & $-0.584695$ & $-0.0177712$ & $-0.00128038$ & $0.0129113$ & $-0.0145923$ & $-0.00560446$ & $0.0149514$ & $-0.00422748$ & $-0.00260573$ & $-0.0181824$ & $-0.0125564$ & $0.00558951$ & $0.0407508$ & $-0.00168266$ & $0.00261056$ & $-0.0112645$ \\
CHL1_33 & $-0.000869392$ & $-0.029765$ & $-0.0185076$ & $0.0287385$ & $0.00597791$ & $-0.0734834$ & $-0.0346362$ & $0.293665$ & $0.289512$ & $-0.119809$ & $-0.413293$ & $0.0263217$ & $0.0755415$ & $0.272777$ & $0.450033$ & $1$ & $0.160012$ & $-0.0256759$ & $-0.437399$ & $0.476708$ & $0.332984$ & $0.346937$ & $-0.182498$ & $0.108893$ & $-0.131233$ & $-0.188909$ & $-0.388866$ & $0.080642$ & $-0.0100231$ & $0.0303147$ & $0.0259154$ & $-0.0320874$ & $0.0322735$ & $-0.105668$ & $-0.0249202$ & $0.0105916$ & $0.0245805$ & $0.00460168$ & $-0.0288692$ & $-0.00827836$ & $0.00202843$ & $-0.00155475$ & $-0.0215357$ & $-0.00777561$ & $0.00972982$ & $0.0240784$ & $0.00470829$ & $0.0151682$ & $0.00290459$ \\
CHL3_11 & $0.0182867$ & $0.0325904$ & $-0.00899682$ & $-0.00465161$ & $0.00266286$ & $-0.263923$ & $0.0965331$ & $-0.221214$ & $-0.223118$ & $0.419944$ & $-0.227292$ & $-0.309846$ & $-0.354916$ & $0.65945$ & $0.145188$ & $0.160012$ & $1$ & $0.738307$ & $0.731955$ & $0.245499$ & $0.19744$ & $0.197287$ & $-0.0602627$ & $0.660539$ & $0.780505$ & $-0.103213$ & $-0.117167$ & $0.0697767$ & $-0.00931577$ & $-0.106244$ & $-0.0422229$ & $0.0722264$ & $-0.105523$ & $-0.218533$ & $-0.00908818$ & $-0.0374944$ & $0.00974977$ & $-0.0127838$ & $-0.0260524$ & $0.0068666$ & $-0.0118224$ & $0.0362818$ & $0.00943305$ & $0.00370769$ & $-0.00675721$ & $0.0140849$ & $0.0212611$ & $-0.0257055$ & $0.00463408$ \\
CHL3_22 & $0.029514$ & $0.0491749$ & $-0.0106014$ & $0.000225532$ & $0.0115391$ & $-0.0371058$ & $0.101374$ & $-0.417487$ & $-0.416234$ & $0.477777$ & $0.0514817$ & $-0.298974$ & $-0.381051$ & $0.60655$ & $-0.458359$ & $-0.0256759$ & $0.738307$ & $1$ & $0.682207$ & $-0.0572492$ & $-0.045382$ & $-0.0378548$ & $0.00421529$ & $0.616278$ & $0.797072$ & $0.0421233$ & $0.0243201$ & $0.0045178$ & $-0.0116414$ & $-0.121411$ & $-0.0485957$ & $0.0768928$ & $-0.111293$ & $0.0520307$ & $-0.00300129$ & $-0.0246211$ & $0.00885853$ & $0.000422199$ & $-0.0203928$ & $-0.00604355$ & $-0.0129524$ & $0.027082$ & $0.0285245$ & $0.0139047$ & $-0.0117565$ & $-0.0129673$ & $0.0162693$ & $-0.0288236$ & $0.0199805$ \\
CHL3_33 & $0.0194962$ & $0.0463579$ & $-0.00434863$ & $-0.013818$ & $-0.00383937$ & $-0.0482178$ & $0.106213$ & $-0.421703$ & $-0.419594$ & $0.478552$ & $0.0608818$ & $-0.290009$ & $-0.380255$ & $0.593097$ & $-0.0572756$ & $-0.437399$ & $0.731955$ & $0.682207$ & $1$ & $-0.0662593$ & $-0.0532072$ & $-0.0424944$ & $0.0231949$ & $0.606158$ & $0.796636$ & $0.036373$ & $0.0307736$ & $0.00352589$ & $-0.00892141$ & $-0.11372$ & $-0.0578759$ & $0.0826799$ & $-0.110193$ & $-0.311033$ & $0.0076992$ & $-0.032415$ & $-0.000675892$ & $-0.0139908$ & $-0.00160181$ & $0.00735738$ & $-0.0204467$ & $0.0260637$ & $0.0336054$ & $0.0162742$ & $-0.0147514$ & $-0.00267183$ & $0.00839554$ & $-0.0408979$ & $0.0146283$ \\
CHe_11 & $0.00720084$ & $-0.0550818$ & $-0.0126455$ & $0.0108519$ & $-0.00089636$ & $-0.182932$ & $-0.0762588$ & $0.855044$ & $0.838405$ & $-0.348759$ & $-0.99049$ & $-0.0585659$ & $0.175494$ & $0.533409$ & $0.479538$ & $0.476708$ & $0.245499$ & $-0.0572492$ & $-0.0662593$ & $1$ & $0.973332$ & $0.953049$ & $-0.0218356$ & $-0.262513$ & $-0.00758312$ & $-0.553711$ & $0.227308$ & $0.313939$ & $-0.00843945$ & $0.0436841$ & $0.0543542$ & $-0.0874643$ & $0.0557714$ & $0.302546$ & $-0.0366551$ & $-0.014637$ & $0.0197763$ & $0.00133167$ & $-0.0101992$ & $0.0203448$ & $0.00388518$ & $0.0123546$ & $-0.0180078$ & $-0.00904965$ & $0.0282689$ & $0.0303249$ & $2.91413e-05$ & $0.0205533$ & $-0.00405241$ \\
CHe_22 & $0.00879092$ & $-0.0532001$ & $-0.00932729$ & $0.00797501$ & $0.00376683$ & $-0.189139$ & $-0.081421$ & $0.898116$ & $0.87966$ & $-0.377659$ & $-0.991221$ & $-0.0723412$ & $0.187961$ & $0.478165$ & $0.331748$ & $0.332984$ & $0.19744$ & $-0.045382$ & $-0.0532072$ & $0.973332$ & $1$ & $0.97523$ & $0.0307887$ & $-0.367806$ & $-0.0134761$ & $-0.567941$ & $0.380735$ & $0.326244$ & $-0.00826091$ & $0.0424964$ & $0.057355$ & $-0.09411$ & $0.0569281$ & $0.465546$ & $-0.0369363$ & $-0.0173769$ & $0.0152265$ & $0.00336113$ & $-0.00640932$ & $0.0223518$ & $0.00402238$ & $0.0119925$ & $-0.0179373$ & $-0.00703019$ & $0.0303398$ & $0.0260745$ & $-0.000187501$ & $0.0224801$ & $-0.00248665$ \\
CHe_33 & $0.0107557$ & $-0.0547889$ & $-0.0134395$ & $0.00222046$ & $0.00560756$ & $-0.186683$ & $-0.0793925$ & $0.877415$ & $0.859264$ & $-0.366408$ & $-0.970168$ & $-0.0681273$ & $0.183836$ & $0.46877$ & $0.322401$ & $0.346937$ & $0.197287$ & $-0.0378548$ & $-0.0424944$ & $0.953049$ & $0.97523$ & $1$ & $0.031598$ & $-0.357042$ & $-0.00549384$ & $-0.557049$ & $0.375949$ & $0.316754$ & $-0.0160713$ & $0.0428761$ & $0.0574684$ & $-0.0908495$ & $0.0596591$ & $0.458675$ & $-0.0307985$ & $-0.0137904$ & $0.0152065$ & $0.00656792$ & $-0.00475312$ & $0.0170779$ & $-0.000902044$ & $0.0127728$ & $-0.0161057$ & $-0.00472912$ & $0.0285816$ & $0.0304277$ & $-0.00607866$ & $0.0195484$ & $0.00286023$ \\
CHQ1_11 & $0.00600689$ & $0.00607587$ & $-0.025455$ & $-0.00582417$ & $0.00332089$ & $-0.0329082$ & $-0.00356825$ & $0.0546911$ & $0.0548642$ & $-0.0537328$ & $-0.00245738$ & $0.00131624$ & $0.0445315$ & $-0.0849093$ & $-0.165006$ & $-0.182498$ & $-0.0602627$ & $0.00421529$ & $0.0231949$ & $-0.0218356$ & $0.0307887$ & $0.031598$ & $1$ & $-0.136196$ & $0.0887098$ & $-0.672144$ & $0.342773$ & $0.0193903$ & $0.00051281$ & $0.00640207$ & $0.0287172$ & $-0.00500353$ & $-0.00337999$ & $0.190073$ & $0.00417379$ & $-0.0183261$ & $0.0272224$ & $0.00343127$ & $-0.00358297$ & $0.0109867$ & $0.0335713$ & $-0.00555428$ & $0.00462365$ & $-0.00679271$ & $0.00426825$ & $-0.0154945$ & $0.0095851$ & $0.00622619$ & $-0.0232544$ \\
CHQ1_33 & $-0.0432357$ & $0.0434981$ & $0.000334372$ & $-0.00563871$ & $0.00139423$ & $0.00875124$ & $0.113142$ & $-0.671302$ & $-0.662457$ & $0.556792$ & $0.314087$ & $-0.194966$ & $-0.383367$ & $0.462437$ & $0.0899969$ & $0.108893$ & $0.660539$ & $0.616278$ & $0.606158$ & $-0.262513$ & $-0.367806$ & $-0.357042$ & $-0.136196$ & $1$ & $0.630555$ & $0.217791$ & $-0.411801$ & $-0.0215994$ & $-0.00819057$ & $-0.103$ & $-0.0664174$ & $0.100291$ & $-0.114264$ & $-0.621798$ & $-0.00106114$ & $-0.00809633$ & $0.0184574$ & $-0.0116304$ & $-0.0240154$ & $-0.00437059$ & $-0.0201064$ & $0.00623298$ & $0.0294753$ & $0.0107048$ & $-0.0274244$ & $0.00375835$ & $0.00677177$ & $-0.0316515$ & $0.00559782$ \\
CHQ3_11 & $-0.0852203$ & $0.0392275$ & $-0.0102408$ & $0.000255215$ & $0.00201791$ & $-0.0922081$ & $0.0899729$ & $-0.38544$ & $-0.384789$ & $0.463167$ & $0.0102156$ & $-0.288081$ & $-0.365594$ & $0.59452$ & $-0.152593$ & $-0.131233$ & $0.780505$ & $0.797072$ & $0.796636$ & $-0.00758312$ & $-0.0134761$ & $-0.00549384$ & $0.0887098$ & $0.630555$ & $1$ & $0.0208231$ & $0.237705$ & $0.0127192$ & $-0.00619075$ & $-0.108886$ & $-0.0546394$ & $0.0669042$ & $-0.115658$ & $-0.169598$ & $-0.0137205$ & $-0.0280423$ & $0.0235048$ & $-0.0130514$ & $-0.0142545$ & $0.00234623$ & $-0.00075342$ & $0.0238692$ & $0.015624$ & $0.0210332$ & $-0.00939044$ & $0.000495597$ & $0.000568842$ & $-0.0167449$ & $-0.00313441$ \\
CHu_11 & $-0.0436579$ & $0.040626$ & $0.0166802$ & $0.00410546$ & $-0.00138513$ & $0.119715$ & $0.0460824$ & $-0.516474$ & $-0.505636$ & $0.225433$ & $0.564723$ & $0.0294473$ & $-0.132338$ & $-0.264742$ & $-0.200721$ & $-0.188909$ & $-0.103213$ & $0.0421233$ & $0.036373$ & $-0.553711$ & $-0.567941$ & $-0.557049$ & $-0.672144$ & $0.217791$ & $0.0208231$ & $1$ & $-0.189282$ & $-0.195544$ & $0.00510217$ & $-0.0324964$ & $-0.0526484$ & $0.0517844$ & $-0.0331509$ & $-0.260013$ & $0.00640113$ & $0.0210947$ & $-0.0189625$ & $-0.00470856$ & $0.0102854$ & $-0.0276794$ & $-0.0206767$ & $0.00574578$ & $0.00769668$ & $0.00590794$ & $-0.0188601$ & $-0.0108341$ & $-0.0122358$ & $-0.00952194$ & $0.0150575$ \\
CHd_11 & $-0.00996444$ & $-0.0163851$ & $0.00234509$ & $-0.010063$ & $0.00789981$ & $-0.0964461$ & $-0.0652711$ & $0.418726$ & $0.407585$ & $-0.232349$ & $-0.301549$ & $-0.022965$ & $0.132438$ & $-0.0803602$ & $-0.395727$ & $-0.388866$ & $-0.117167$ & $0.0243201$ & $0.0307736$ & $0.227308$ & $0.380735$ & $0.375949$ & $0.342773$ & $-0.411801$ & $0.237705$ & $-0.189282$ & $1$ & $0.131776$ & $0.00213597$ & $0.0203902$ & $0.0293603$ & $-0.0684783$ & $0.0188767$ & $0.688584$ & $-0.00494061$ & $-0.0142971$ & $0.00589662$ & $0.00333451$ & $0.0130568$ & $0.0125969$ & $0.0156167$ & $0.00256818$ & $-0.011413$ & $0.00944495$ & $0.0223865$ & $-0.0144537$ & $-0.013228$ & $0.04005$ & $-0.0230745$ \\
CHd_33 & $0.031031$ & $-0.00418146$ & $-0.0115594$ & $-0.0246837$ & $-0.000511501$ & $-0.0562211$ & $-0.0228847$ & $0.288923$ & $0.283013$ & $-0.134282$ & $-0.322391$ & $-0.0397044$ & $0.0554444$ & $0.165289$ & $0.0877251$ & $0.080642$ & $0.0697767$ & $0.0045178$ & $0.00352589$ & $0.313939$ & $0.326244$ & $0.316754$ & $0.0193903$ & $-0.0215994$ & $0.0127192$ & $-0.195544$ & $0.131776$ & $1$ & $-0.00287257$ & $-0.000746522$ & $0.0280625$ & $-0.0335033$ & $0.00773121$ & $0.166683$ & $-0.0255625$ & $-0.0236756$ & $0.0261601$ & $-0.000837723$ & $-0.000941037$ & $-0.00409566$ & $-0.021744$ & $-0.000704463$ & $0.00727906$ & $0.00711512$ & $-0.000167907$ & $0.00280399$ & $0.00768377$ & $-0.00862196$ & $-0.00801822$ \\
CeH_22r & $0.0125212$ & $0.014323$ & $-0.0090239$ & $-0.0108781$ & $-0.0142526$ & $0.00924553$ & $0.00661627$ & $-0.00414666$ & $0.00402754$ & $-0.0125643$ & $0.00909789$ & $0.0410664$ & $0.0361305$ & $-0.0148819$ & $0.00142344$ & $-0.0100231$ & $-0.00931577$ & $-0.0116414$ & $-0.00892141$ & $-0.00843945$ & $-0.00826091$ & $-0.0160713$ & $0.00051281$ & $-0.00819057$ & $-0.00619075$ & $0.00510217$ & $0.00213597$ & $-0.00287257$ & $1$ & $0.0578607$ & $0.0293944$ & $-0.00811352$ & $0.0469657$ & $-0.0031497$ & $-0.0335801$ & $-0.0152527$ & $-0.0535304$ & $-0.00986522$ & $-0.0155454$ & $-0.00770133$ & $-0.0200103$ & $-0.000544662$ & $-0.00722065$ & $-0.0146825$ & $-0.0098268$ & $0.0161728$ & $-0.00105383$ & $-0.0018463$ & $-0.0150827$ \\
CeH_33r & $-0.0101994$ & $-0.0234033$ & $0.012404$ & $-0.0037038$ & $0.0117265$ & $0.0113414$ & $-0.140335$ & $0.092085$ & $0.109363$ & $-0.112248$ & $-0.0413188$ & $0.338984$ & $0.271438$ & $-0.0691746$ & $0.0436325$ & $0.0303147$ & $-0.106244$ & $-0.121411$ & $-0.11372$ & $0.0436841$ & $0.0424964$ & $0.0428761$ & $0.00640207$ & $-0.103$ & $-0.108886$ & $-0.0324964$ & $0.0203902$ & $-0.000746522$ & $0.0578607$ & $1$ & $0.313159$ & $0.0130038$ & $0.623506$ & $0.0345735$ & $-0.0251613$ & $0.0018898$ & $-0.180985$ & $-0.0295176$ & $-0.0173108$ & $-0.011019$ & $-0.0109277$ & $0.00180611$ & $-0.0193971$ & $0.00788171$ & $0.0662659$ & $0.0119014$ & $0.0183459$ & $-0.00138792$ & $-0.0239557$ \\
CuH_22r & $0.0132702$ & $0.0103506$ & $-0.0230782$ & $-0.0219108$ & $-0.0088044$ & $0.00046226$ & $-0.0698499$ & $0.0757635$ & $0.0889621$ & $-0.080297$ & $-0.0545517$ & $0.113859$ & $0.122039$ & $-0.0214048$ & $0.0131233$ & $0.0259154$ & $-0.0422229$ & $-0.0485957$ & $-0.0578759$ & $0.0543542$ & $0.057355$ & $0.0574684$ & $0.0287172$ & $-0.0664174$ & $-0.0546394$ & $-0.0526484$ & $0.0293603$ & $0.0280625$ & $0.0293944$ & $0.313159$ & $1$ & $0.0129404$ & $0.343416$ & $0.0519711$ & $-0.0226595$ & $-0.027183$ & $-0.0823966$ & $0.00431259$ & $-0.0055368$ & $-0.0167261$ & $0.00169781$ & $-0.0026374$ & $0.00673492$ & $-0.00140409$ & $-0.0154232$ & $0.0540787$ & $0.340209$ & $0.00176948$ & $0.0098168$ \\
CuH_33r & $-0.00106462$ & $0.0659422$ & $0.0264964$ & $-0.0199177$ & $-0.00935104$ & $-0.0059707$ & $0.934162$ & $-0.126458$ & $-0.084096$ & $0.0749226$ & $0.0919263$ & $-0.138971$ & $-0.241063$ & $0.0164009$ & $-0.0231559$ & $-0.0320874$ & $0.0722264$ & $0.0768928$ & $0.0826799$ & $-0.0874643$ & $-0.09411$ & $-0.0908495$ & $-0.00500353$ & $0.100291$ & $0.0669042$ & $0.0517844$ & $-0.0684783$ & $-0.0335033$ & $-0.00811352$ & $0.0130038$ & $0.0129404$ & $1$ & $0.0122616$ & $-0.0765067$ & $0.0576042$ & $0.0159445$ & $-0.042789$ & $-0.0246412$ & $-0.00785821$ & $0.00823166$ & $-0.0232533$ & $-0.0122938$ & $0.00123015$ & $0.00935099$ & $-0.0259261$ & $0.00291477$ & $-0.00392593$ & $-0.0141261$ & $-0.00722529$ \\
CdH_33r & $0.00994752$ & $0.0462507$ & $0.021728$ & $-0.0167654$ & $0.00943444$ & $0.0162432$ & $-0.172663$ & $0.100517$ & $0.12$ & $-0.117214$ & $-0.0529409$ & $0.375834$ & $0.310362$ & $-0.0564732$ & $0.0331248$ & $0.0322735$ & $-0.105523$ & $-0.111293$ & $-0.110193$ & $0.0557714$ & $0.0569281$ & $0.0596591$ & $-0.00337999$ & $-0.114264$ & $-0.115658$ & $-0.0331509$ & $0.0188767$ & $0.00773121$ & $0.0469657$ & $0.623506$ & $0.343416$ & $0.0122616$ & $1$ & $0.0521962$ & $-0.00221959$ & $-0.00790223$ & $-0.176052$ & $-0.0442744$ & $-0.00563084$ & $-0.0208315$ & $0.00564335$ & $0.00562974$ & $-0.0144609$ & $0.0202061$ & $-0.0337318$ & $0.0677122$ & $-0.0137395$ & $0.127519$ & $0.491203$ \\
CLL_1221 & $0.0090068$ & $0.00183053$ & $0.00620585$ & $0.000944778$ & $0.0104851$ & $-0.12022$ & $-0.0744384$ & $0.564281$ & $0.55194$ & $-0.350934$ & $-0.380959$ & $0.0141454$ & $0.208368$ & $-0.18984$ & $-0.584695$ & $-0.105668$ & $-0.218533$ & $0.0520307$ & $-0.311033$ & $0.302546$ & $0.465546$ & $0.458675$ & $0.190073$ & $-0.621798$ & $-0.169598$ & $-0.260013$ & $0.688584$ & $0.166683$ & $-0.0031497$ & $0.0345735$ & $0.0519711$ & $-0.0765067$ & $0.0521962$ & $1$ & $-0.00792681$ & $-0.0069272$ & $-0.00500187$ & $0.0184682$ & $0.00323308$ & $0.00499301$ & $0.0116517$ & $0.00472126$ & $-0.0112871$ & $-0.00302746$ & $0.0194327$ & $-0.0139515$ & $1.84505e-05$ & $0.032603$ & $-0.00176055$ \\
eHggint & $0.124478$ & $0.00603206$ & $0.11789$ & $0.052029$ & $0.00343825$ & $0.000142958$ & $-0.0452411$ & $-0.0304306$ & $-0.0536731$ & $0.0602191$ & $0.0381331$ & $0.108042$ & $0.0410845$ & $-0.0304855$ & $-0.0177712$ & $-0.0249202$ & $-0.00908818$ & $-0.00300129$ & $0.0076992$ & $-0.0366551$ & $-0.0369363$ & $-0.0307985$ & $0.00417379$ & $-0.00106114$ & $-0.0137205$ & $0.00640113$ & $-0.00494061$ & $-0.0255625$ & $-0.0335801$ & $-0.0251613$ & $-0.0226595$ & $0.0576042$ & $-0.00221959$ & $-0.00792681$ & $1$ & $-0.136275$ & $-0.123355$ & $-0.00032881$ & $0.0632075$ & $0.0208796$ & $-0.0877122$ & $0.0304662$ & $-0.0335528$ & $0.066891$ & $-0.0333479$ & $-0.0904715$ & $-0.00266956$ & $-0.104214$ & $0.0694106$ \\
eHggpar & $-0.0349305$ & $-0.00588567$ & $-0.00538077$ & $-0.0296436$ & $0.00686826$ & $0.0168688$ & $-0.0133078$ & $-0.00294425$ & $-0.00800708$ & $0.0213205$ & $0.0176538$ & $0.0716862$ & $0.0292438$ & $-0.0220119$ & $-0.00128038$ & $0.0105916$ & $-0.0374944$ & $-0.0246211$ & $-0.032415$ & $-0.014637$ & $-0.0173769$ & $-0.0137904$ & $-0.0183261$ & $-0.00809633$ & $-0.0280423$ & $0.0210947$ & $-0.0142971$ & $-0.0236756$ & $-0.0152527$ & $0.0018898$ & $-0.027183$ & $0.0159445$ & $-0.00790223$ & $-0.0069272$ & $-0.136275$ & $1$ & $0.0376228$ & $0.00212235$ & $0.0682623$ & $0.0305623$ & $0.0797812$ & $-0.00628722$ & $-0.0588553$ & $-0.100084$ & $0.015247$ & $-0.0347496$ & $-0.0335118$ & $0.0930667$ & $-0.0401419$ \\
eHWWint & $-0.0877861$ & $0.0158854$ & $-0.0665003$ & $-0.00753365$ & $-0.00387723$ & $-0.0162385$ & $0.0137926$ & $0.00892813$ & $0.00664102$ & $-0.000455963$ & $-0.0177235$ & $-0.0229005$ & $-0.00210771$ & $0.0279701$ & $0.0129113$ & $0.0245805$ & $0.00974977$ & $0.00885853$ & $-0.000675892$ & $0.0197763$ & $0.0152265$ & $0.0152065$ & $0.0272224$ & $0.0184574$ & $0.0235048$ & $-0.0189625$ & $0.00589662$ & $0.0261601$ & $-0.0535304$ & $-0.180985$ & $-0.0823966$ & $-0.042789$ & $-0.176052$ & $-0.00500187$ & $-0.123355$ & $0.0376228$ & $1$ & $-0.019382$ & $-0.0798558$ & $0.0162834$ & $0.107671$ & $0.0184387$ & $0.105943$ & $-0.00563319$ & $0.0449468$ & $-0.0523616$ & $-0.00550541$ & $-0.00493501$ & $0.0399439$ \\
eHWWpar & $-0.000560434$ & $-0.0186525$ & $0.018937$ & $0.0291915$ & $-0.0177433$ & $0.00992263$ & $-0.018214$ & $0.00864033$ & $0.00607682$ & $-0.00892817$ & $-0.00250558$ & $0.00478732$ & $0.0117335$ & $-0.00649859$ & $-0.0145923$ & $0.00460168$ & $-0.0127838$ & $0.000422199$ & $-0.0139908$ & $0.00133167$ & $0.00336113$ & $0.00656792$ & $0.00343127$ & $-0.0116304$ & $-0.0130514$ & $-0.00470856$ & $0.00333451$ & $-0.000837723$ & $-0.00986522$ & $-0.0295176$ & $0.00431259$ & $-0.0246412$ & $-0.0442744$ & $0.0184682$ & $-0.00032881$ & $0.00212235$ & $-0.019382$ & $1$ & $0.0139439$ & $-0.00392002$ & $-0.0292537$ & $-0.0314645$ & $0.0267559$ & $-0.026322$ & $0.0437806$ & $0.0148632$ & $0.0314335$ & $0.0114982$ & $-0.0283157$ \\
eHZZint & $0.00548713$ & $-0.0783187$ & $0.0263499$ & $-0.00498181$ & $0.0147582$ & $-0.007253$ & $-0.0244928$ & $0.007081$ & $-0.00229246$ & $-0.00743729$ & $0.00734985$ & $-0.024012$ & $-0.0261432$ & $-0.0170414$ & $-0.00560446$ & $-0.0288692$ & $-0.0260524$ & $-0.0203928$ & $-0.00160181$ & $-0.0101992$ & $-0.00640932$ & $-0.00475312$ & $-0.00358297$ & $-0.0240154$ & $-0.0142545$ & $0.0102854$ & $0.0130568$ & $-0.000941037$ & $-0.0155454$ & $-0.0173108$ & $-0.0055368$ & $-0.00785821$ & $-0.00563084$ & $0.00323308$ & $0.0632075$ & $0.0682623$ & $-0.0798558$ & $0.0139439$ & $1$ & $-0.00274466$ & $0.0230665$ & $0.0203307$ & $-0.026304$ & $0.110241$ & $-0.0436894$ & $-0.0497805$ & $-0.0451662$ & $-0.0263329$ & $0.012115$ \\
eHZZpar & $0.000934429$ & $-0.00171056$ & $-0.00717639$ & $-0.0358366$ & $-0.0197288$ & $-0.0192297$ & $0.006525$ & $0.0195419$ & $0.01641$ & $-0.00143793$ & $-0.0217986$ & $-0.00882896$ & $-0.0121803$ & $0.0105863$ & $0.0149514$ & $-0.00827836$ & $0.0068666$ & $-0.00604355$ & $0.00735738$ & $0.0203448$ & $0.0223518$ & $0.0170779$ & $0.0109867$ & $-0.00437059$ & $0.00234623$ & $-0.0276794$ & $0.0125969$ & $-0.00409566$ & $-0.00770133$ & $-0.011019$ & $-0.0167261$ & $0.00823166$ & $-0.0208315$ & $0.00499301$ & $0.0208796$ & $0.0305623$ & $0.0162834$ & $-0.00392002$ & $-0.00274466$ & $1$ & $0.0191264$ & $0.00281573$ & $-0.017519$ & $-0.00964208$ & $0.0113183$ & $0.0175557$ & $-0.0252857$ & $-0.0170278$ & $-0.018692$ \\
eHZgaint & $-0.0625488$ & $-0.0432913$ & $-0.0705899$ & $0.00795319$ & $-0.00154468$ & $0.00184933$ & $-0.00724089$ & $0.0126109$ & $0.00870002$ & $-0.0650369$ & $-0.00476592$ & $-0.0441751$ & $-0.022865$ & $-0.0215299$ & $-0.00422748$ & $0.00202843$ & $-0.0118224$ & $-0.0129524$ & $-0.0204467$ & $0.00388518$ & $0.00402238$ & $-0.000902044$ & $0.0335713$ & $-0.0201064$ & $-0.00075342$ & $-0.0206767$ & $0.0156167$ & $-0.021744$ & $-0.0200103$ & $-0.0109277$ & $0.00169781$ & $-0.0232533$ & $0.00564335$ & $0.0116517$ & $-0.0877122$ & $0.0797812$ & $0.107671$ & $-0.0292537$ & $0.0230665$ & $0.0191264$ & $1$ & $-0.0182827$ & $-0.108097$ & $-0.108193$ & $0.045062$ & $-0.00565195$ & $0.023576$ & $0.071757$ & $0.0209486$ \\
eHZgapar & $0.0111676$ & $-0.015145$ & $0.0271499$ & $-0.00542036$ & $-0.0171604$ & $-0.0184705$ & $-0.0183997$ & $-0.00110637$ & $-0.00140356$ & $0.0269126$ & $-0.0129241$ & $0.0126158$ & $-0.00568231$ & $0.0169089$ & $-0.00260573$ & $-0.00155475$ & $0.0362818$ & $0.027082$ & $0.0260637$ & $0.0123546$ & $0.0119925$ & $0.0127728$ & $-0.00555428$ & $0.00623298$ & $0.0238692$ & $0.00574578$ & $0.00256818$ & $-0.000704463$ & $-0.000544662$ & $0.00180611$ & $-0.0026374$ & $-0.0122938$ & $0.00562974$ & $0.00472126$ & $0.0304662$ & $-0.00628722$ & $0.0184387$ & $-0.0314645$ & $0.0203307$ & $0.00281573$ & $-0.0182827$ & $1$ & $-0.00023668$ & $0.0310906$ & $0.00612412$ & $0.00271331$ & $-0.015138$ & $0.00345828$ & $0.00055194$ \\
eHgagaint & $0.00099913$ & $0.102554$ & $0.0317757$ & $0.00436407$ & $0.00415166$ & $0.00358927$ & $0.0115338$ & $-0.0316352$ & $0.0333931$ & $0.0145023$ & $0.0210311$ & $-0.020311$ & $-0.00605799$ & $0.0206734$ & $-0.0181824$ & $-0.0215357$ & $0.00943305$ & $0.0285245$ & $0.0336054$ & $-0.0180078$ & $-0.0179373$ & $-0.0161057$ & $0.00462365$ & $0.0294753$ & $0.015624$ & $0.00769668$ & $-0.011413$ & $0.00727906$ & $-0.00722065$ & $-0.0193971$ & $0.00673492$ & $0.00123015$ & $-0.0144609$ & $-0.0112871$ & $-0.0335528$ & $-0.0588553$ & $0.105943$ & $0.0267559$ & $-0.026304$ & $-0.017519$ & $-0.108097$ & $-0.00023668$ & $1$ & $-0.060298$ & $-0.0947998$ & $-0.0613783$ & $0.0306922$ & $-0.0437573$ & $0.0141413$ \\
eHmumuint & $-0.0304919$ & $-0.0819256$ & $-0.00968428$ & $-0.00709252$ & $0.0202638$ & $-0.00438822$ & $-0.0029431$ & $-0.00631805$ & $-0.0123527$ & $0.0137688$ & $0.00407503$ & $-0.00539694$ & $-0.00881096$ & $0.0110926$ & $-0.0125564$ & $-0.00777561$ & $0.00370769$ & $0.0139047$ & $0.0162742$ & $-0.00904965$ & $-0.00703019$ & $-0.00472912$ & $-0.00679271$ & $0.0107048$ & $0.0210332$ & $0.00590794$ & $0.00944495$ & $0.00711512$ & $-0.0146825$ & $0.00788171$ & $-0.00140409$ & $0.00935099$ & $0.0202061$ & $-0.00302746$ & $0.066891$ & $-0.100084$ & $-0.00563319$ & $-0.026322$ & $0.110241$ & $-0.00964208$ & $-0.108193$ & $0.0310906$ & $-0.060298$ & $1$ & $0.00424055$ & $-0.0187802$ & $-0.0270473$ & $0.0370375$ & $0.0118409$ \\
eHtautauint & $0.0382526$ & $-0.0919014$ & $0.0451538$ & $0.0419668$ & $-0.0345942$ & $-0.00867362$ & $-0.0265333$ & $0.0371685$ & $0.0276165$ & $-0.00874073$ & $-0.032423$ & $0.00817226$ & $0.0200881$ & $0.00205838$ & $0.00558951$ & $0.00972982$ & $-0.00675721$ & $-0.0117565$ & $-0.0147514$ & $0.0282689$ & $0.0303398$ & $0.0285816$ & $0.00426825$ & $-0.0274244$ & $-0.00939044$ & $-0.0188601$ & $0.0223865$ & $-0.000167907$ & $-0.0098268$ & $0.0662659$ & $-0.0154232$ & $-0.0259261$ & $-0.0337318$ & $0.0194327$ & $-0.0333479$ & $0.015247$ & $0.0449468$ & $0.0437806$ & $-0.0436894$ & $0.0113183$ & $0.045062$ & $0.00612412$ & $-0.0947998$ & $0.00424055$ & $1$ & $0.0250518$ & $0.0130132$ & $0.0669473$ & $-0.0736193$ \\
eHccint & $-0.0558405$ & $-0.0328202$ & $-0.0306762$ & $-0.0185942$ & $-0.0251111$ & $-0.00922019$ & $0.0154721$ & $0.0230585$ & $0.022205$ & $-0.0254754$ & $-0.0297188$ & $-0.029027$ & $-0.00129049$ & $0.0169072$ & $0.0407508$ & $0.0240784$ & $0.0140849$ & $-0.0129673$ & $-0.00267183$ & $0.0303249$ & $0.0260745$ & $0.0304277$ & $-0.0154945$ & $0.00375835$ & $0.000495597$ & $-0.0108341$ & $-0.0144537$ & $0.00280399$ & $0.0161728$ & $0.0119014$ & $0.0540787$ & $0.00291477$ & $0.0677122$ & $-0.0139515$ & $-0.0904715$ & $-0.0347496$ & $-0.0523616$ & $0.0148632$ & $-0.0497805$ & $0.0175557$ & $-0.00565195$ & $0.00271331$ & $-0.0613783$ & $-0.0187802$ & $0.0250518$ & $1$ & $-0.0749521$ & $-0.0277399$ & $0.122029$ \\
eHccpar & $0.0786349$ & $0.0387626$ & $0.0232111$ & $-0.0172015$ & $0.0142693$ & $-0.000166876$ & $-0.00671222$ & $-0.00947832$ & $-0.00143472$ & $0.0145212$ & $0.00056033$ & $0.00406389$ & $-0.00498184$ & $0.00708229$ & $-0.00168266$ & $0.00470829$ & $0.0212611$ & $0.0162693$ & $0.00839554$ & $2.91413e-05$ & $-0.000187501$ & $-0.00607866$ & $0.0095851$ & $0.00677177$ & $0.000568842$ & $-0.0122358$ & $-0.013228$ & $0.00768377$ & $-0.00105383$ & $0.0183459$ & $0.340209$ & $-0.00392593$ & $-0.0137395$ & $1.84505e-05$ & $-0.00266956$ & $-0.0335118$ & $-0.00550541$ & $0.0314335$ & $-0.0451662$ & $-0.0252857$ & $0.023576$ & $-0.015138$ & $0.0306922$ & $-0.0270473$ & $0.0130132$ & $-0.0749521$ & $1$ & $-0.0268744$ & $-0.0479843$ \\
eHbbint & $-0.00152588$ & $0.0111607$ & $0.0162327$ & $-0.0330937$ & $-0.00149481$ & $0.020322$ & $-0.0108478$ & $0.0368877$ & $0.0390204$ & $-0.0285152$ & $-0.0219534$ & $0.0094347$ & $0.0294759$ & $-0.0249742$ & $0.00261056$ & $0.0151682$ & $-0.0257055$ & $-0.0288236$ & $-0.0408979$ & $0.0205533$ & $0.0224801$ & $0.0195484$ & $0.00622619$ & $-0.0316515$ & $-0.0167449$ & $-0.00952194$ & $0.04005$ & $-0.00862196$ & $-0.0018463$ & $-0.00138792$ & $0.00176948$ & $-0.0141261$ & $0.127519$ & $0.032603$ & $-0.104214$ & $0.0930667$ & $-0.00493501$ & $0.0114982$ & $-0.0263329$ & $-0.0170278$ & $0.071757$ & $0.00345828$ & $-0.0437573$ & $0.0370375$ & $0.0669473$ & $-0.0277399$ & $-0.0268744$ & $1$ & $-0.0634976$ \\
eHbbpar & $0.0371695$ & $0.0882679$ & $0.0501947$ & $-0.0149112$ & $-0.00502811$ & $0.00724587$ & $-0.0317235$ & $-0.0140413$ & $-0.0170812$ & $0.0160756$ & $0.00608903$ & $-0.0056377$ & $-0.011854$ & $0.0235857$ & $-0.0112645$ & $0.00290459$ & $0.00463408$ & $0.0199805$ & $0.0146283$ & $-0.00405241$ & $-0.00248665$ & $0.00286023$ & $-0.0232544$ & $0.00559782$ & $-0.00313441$ & $0.0150575$ & $-0.0230745$ & $-0.00801822$ & $-0.0150827$ & $-0.0239557$ & $0.0098168$ & $-0.00722529$ & $0.491203$ & $-0.00176055$ & $0.0694106$ & $-0.0401419$ & $0.0399439$ & $-0.0283157$ & $0.012115$ & $-0.018692$ & $0.0209486$ & $0.00055194$ & $0.0141413$ & $0.0118409$ & $-0.0736193$ & $0.122029$ & $-0.0479843$ & $-0.0634976$ & $1$ \\
