 & AlsMz & dAle5Mz & mtop & mHl & Mz & CW & CHG & CHWB & CHWHB_gaga & CHWHB_gagaorth & CHD & CHbox & CH & CHL1_11 & CHL1_22 & CHL1_33 & CHL3_11 & CHL3_22 & CHL3_33 & CHe_11 & CHe_22 & CHe_33 & CHQ1_11 & CHQ1_33 & CHQ3_11 & CHu_11 & CHd_11 & CHd_33 & CeH_22r & CeH_33r & CuH_22r & CuH_33r & CdH_33r & CLL_1221 & eHggint & eHggpar & eHWWint & eHWWpar & eHZZint & eHZZpar & eHZgaint & eHZgapar & eHgagaint & eHmumuint & eHtautauint & eHccint & eHccpar & eHbbint & eHbbpar \\
AlsMz & $1$ & $-0.0312378$ & $0.0954766$ & $-0.0248986$ & $0.03574$ & $-0.00161086$ & $-0.0180747$ & $-0.00597455$ & $-0.00689694$ & $0.00952467$ & $-0.00105838$ & $0.0185048$ & $0.0117435$ & $0.00991342$ & $-0.00789141$ & $-0.006325$ & $-0.00574745$ & $0.00660256$ & $0.00418804$ & $-0.00874416$ & $-0.00788556$ & $-0.00361517$ & $0.00903247$ & $-0.0615511$ & $-0.113836$ & $-0.0478085$ & $-0.0395892$ & $0.0156257$ & $0.0178151$ & $0.0340357$ & $0.016917$ & $-0.010577$ & $0.0683048$ & $-0.00434192$ & $-0.00857377$ & $-0.0211356$ & $-0.0137252$ & $-0.0182295$ & $0.0416494$ & $-0.0100357$ & $-0.0862841$ & $-0.0028962$ & $-0.0141096$ & $0.0434617$ & $0.0310423$ & $0.00711985$ & $-0.0154131$ & $0.0793684$ & $0.0679939$ \\
dAle5Mz & $-0.0312378$ & $1$ & $-0.0593024$ & $0.0658138$ & $-0.0145064$ & $-0.00239273$ & $0.00117556$ & $-0.0978225$ & $-0.08309$ & $0.015363$ & $0.0765468$ & $-0.0165952$ & $-0.024222$ & $-0.0272654$ & $-0.0350121$ & $-0.0281613$ & $0.0282004$ & $0.0307482$ & $0.0267682$ & $-0.0527994$ & $-0.0502734$ & $-0.0499814$ & $-0.0227893$ & $0.0386899$ & $0.0392516$ & $0.0397473$ & $0.0025523$ & $-0.0127234$ & $0.0129479$ & $-0.0147734$ & $-0.0178405$ & $0.00391929$ & $0.00737726$ & $0.0201517$ & $-0.0340102$ & $0.140071$ & $-0.0179764$ & $-0.0183421$ & $0.0214639$ & $-0.00416056$ & $0.00717316$ & $-0.0561066$ & $0.20697$ & $-0.0187443$ & $-0.10003$ & $-0.0791759$ & $-0.00785128$ & $-0.0510018$ & $0.05135$ \\
mtop & $0.0954766$ & $-0.0593024$ & $1$ & $0.0163728$ & $-0.00235546$ & $0.00636711$ & $-0.0302411$ & $0.0138079$ & $0.015432$ & $-0.0136964$ & $-0.00401249$ & $0.0469433$ & $0.0599008$ & $-0.001437$ & $0.00836194$ & $0.0192565$ & $-0.0111874$ & $-0.00751959$ & $-0.0199054$ & $0.0141337$ & $0.00718567$ & $0.00439503$ & $0.00807144$ & $-0.0122025$ & $-0.0276202$ & $-0.0177677$ & $-0.0182448$ & $0.00981125$ & $0.0204662$ & $0.0278815$ & $0.0208873$ & $-0.0364893$ & $0.0475556$ & $-0.00140069$ & $-0.0917614$ & $-0.028159$ & $0.00591355$ & $0.0173041$ & $-0.203273$ & $0.0215691$ & $-0.039369$ & $-0.00742088$ & $0.00811748$ & $-0.0543638$ & $0.102564$ & $0.095478$ & $-0.0171386$ & $0.00281853$ & $0.0294542$ \\
mHl & $-0.0248986$ & $0.0658138$ & $0.0163728$ & $1$ & $0.00681657$ & $0.00234887$ & $0.00277799$ & $-0.00170761$ & $-0.00278597$ & $0.00644927$ & $-0.00805867$ & $-0.00191003$ & $-0.00021576$ & $0.0169801$ & $-0.00834833$ & $-0.00373652$ & $0.0188606$ & $0.0211869$ & $0.016682$ & $0.00955135$ & $0.0109096$ & $0.00656677$ & $-0.024628$ & $0.0225042$ & $0.0253744$ & $0.024792$ & $0.0200503$ & $0.0175822$ & $-0.0129835$ & $0.00833934$ & $0.0504488$ & $0.0111882$ & $0.012114$ & $0.010192$ & $0.0510049$ & $-0.0561786$ & $0.014365$ & $0.0108589$ & $0.0877638$ & $0.0151576$ & $-0.0276223$ & $-0.00537554$ & $-0.00140168$ & $-0.0718913$ & $0.0180515$ & $0.0320111$ & $0.106121$ & $-0.0494626$ & $0.0402534$ \\
Mz & $0.03574$ & $-0.0145064$ & $-0.00235546$ & $0.00681657$ & $1$ & $-0.00848598$ & $0.0129527$ & $0.0158597$ & $0.0167333$ & $-0.00782543$ & $-0.00417332$ & $0.00661027$ & $0.00307827$ & $-0.00278673$ & $0.0159961$ & $0.0279416$ & $-0.00359542$ & $-0.015299$ & $-0.0226944$ & $0.0119416$ & $0.011449$ & $0.0135984$ & $-0.00245119$ & $-0.0173165$ & $-0.0140611$ & $-0.00479799$ & $-0.00169075$ & $-0.00011023$ & $-0.00783358$ & $0.00760945$ & $0.00621312$ & $0.0117123$ & $0.0169275$ & $0.000779633$ & $-0.00218083$ & $-0.0147513$ & $-0.00716507$ & $0.0121455$ & $-0.00519033$ & $-0.00676202$ & $0.018947$ & $-0.00355314$ & $-0.0138291$ & $0.0268883$ & $0.0100176$ & $-0.00723713$ & $-0.00118913$ & $-0.001411$ & $0.01897$ \\
CW & $-0.00161086$ & $-0.00239273$ & $0.00636711$ & $0.00234887$ & $-0.00848598$ & $1$ & $0.00819581$ & $-0.082817$ & $-0.0804679$ & $0.0121718$ & $0.141701$ & $0.00353746$ & $-0.0151687$ & $0.0417371$ & $-0.0602675$ & $-0.0754869$ & $-0.252369$ & $-0.061139$ & $-0.0490013$ & $-0.140306$ & $-0.143173$ & $-0.140036$ & $0.00217179$ & $-0.016237$ & $-0.0886707$ & $0.0759041$ & $-0.0557922$ & $-0.0614183$ & $-0.00425208$ & $-0.0186204$ & $-0.0174928$ & $0.00798697$ & $-0.0298585$ & $-0.10998$ & $0.00876595$ & $-0.00344153$ & $0.00244823$ & $0.0151131$ & $-0.000879753$ & $-0.00229182$ & $-0.00548921$ & $-0.00544616$ & $0.00177928$ & $0.00605659$ & $-0.00528571$ & $0.00249489$ & $-0.00214419$ & $0.0026561$ & $-0.0252299$ \\
CHG & $-0.0180747$ & $0.00117556$ & $-0.0302411$ & $0.00277799$ & $0.0129527$ & $0.00819581$ & $1$ & $-0.0593226$ & $0.00111267$ & $0.0688786$ & $0.0582914$ & $-0.252149$ & $-0.378081$ & $-0.0126986$ & $-0.0355905$ & $-0.036775$ & $0.00196971$ & $0.0242785$ & $0.0247662$ & $-0.0596123$ & $-0.0586146$ & $-0.0552612$ & $-0.0316597$ & $0.0250677$ & $0.015369$ & $0.0505743$ & $-0.0225148$ & $-0.0186927$ & $0.00028732$ & $-0.139641$ & $-0.0736247$ & $0.943674$ & $-0.152533$ & $-0.0191791$ & $-0.0240877$ & $0.00888912$ & $0.0302223$ & $0.0155165$ & $-0.0130598$ & $-0.0363268$ & $0.032982$ & $-0.0378645$ & $0.000258433$ & $0.00263196$ & $0.0120683$ & $-0.00429805$ & $0.0342087$ & $0.000737783$ & $0.0178588$ \\
CHWB & $-0.00597455$ & $-0.0978225$ & $0.0138079$ & $-0.00170761$ & $0.0158597$ & $-0.082817$ & $-0.0593226$ & $1$ & $0.980983$ & $-0.549406$ & $-0.862789$ & $-0.0280049$ & $0.154774$ & $0.072612$ & $0.288298$ & $0.275818$ & $-0.256673$ & $-0.429646$ & $-0.424711$ & $0.833943$ & $0.880582$ & $0.862983$ & $0.0695009$ & $-0.665486$ & $-0.390909$ & $-0.488746$ & $0.432088$ & $0.291192$ & $0.0169649$ & $0.0657507$ & $0.0404007$ & $-0.0611306$ & $0.054944$ & $0.558022$ & $0.0143539$ & $-0.0387395$ & $-0.0202293$ & $0.0022765$ & $0.0158018$ & $-0.000401671$ & $-0.00756943$ & $0.0122261$ & $-0.0222664$ & $0.0271951$ & $0.0236398$ & $0.0310527$ & $0.0153934$ & $0.00382973$ & $-0.0146754$ \\
CHWHB_gaga & $-0.00689694$ & $-0.08309$ & $0.015432$ & $-0.00278597$ & $0.0167333$ & $-0.0804679$ & $0.00111267$ & $0.980983$ & $1$ & $-0.540767$ & $-0.84279$ & $-0.0135945$ & $0.138226$ & $0.0639003$ & $0.284294$ & $0.268368$ & $-0.259293$ & $-0.429344$ & $-0.421895$ & $0.815215$ & $0.860481$ & $0.843107$ & $0.0657237$ & $-0.657251$ & $-0.38999$ & $-0.474033$ & $0.423692$ & $0.285871$ & $0.0172772$ & $0.0899605$ & $0.0529586$ & $-0.00876932$ & $0.0791371$ & $0.546488$ & $-0.0128192$ & $-0.0375514$ & $-0.0291815$ & $-0.000397923$ & $0.0133678$ & $-0.00548858$ & $-0.00441873$ & $0.00494837$ & $0.0471809$ & $0.0235218$ & $0.0255191$ & $0.0391003$ & $0.0193347$ & $0.00216344$ & $-0.00743227$ \\
CHWHB_gagaorth & $0.00952467$ & $0.015363$ & $-0.0136964$ & $0.00644927$ & $-0.00782543$ & $0.0121718$ & $0.0688786$ & $-0.549406$ & $-0.540767$ & $1$ & $0.361739$ & $0.184684$ & $-0.185283$ & $0.167153$ & $-0.125974$ & $-0.114112$ & $0.349911$ & $0.413825$ & $0.405772$ & $-0.346598$ & $-0.378708$ & $-0.372804$ & $-0.0469991$ & $0.488223$ & $0.402151$ & $0.208052$ & $-0.228905$ & $-0.126812$ & $-0.0223371$ & $-0.155843$ & $-0.0734409$ & $0.0771324$ & $-0.156333$ & $-0.332348$ & $0.0346681$ & $0.0177376$ & $0.0254639$ & $0.00820692$ & $0.00520292$ & $-0.00824738$ & $-0.0281642$ & $0.00770812$ & $-0.0100938$ & $-0.0320982$ & $-0.0113825$ & $-0.014315$ & $-0.00395182$ & $0.0163707$ & $0.00664117$ \\
CHD & $-0.00105838$ & $0.0765468$ & $-0.00401249$ & $-0.00805867$ & $-0.00417332$ & $0.141701$ & $0.0582914$ & $-0.862789$ & $-0.84279$ & $0.361739$ & $1$ & $0.0747543$ & $-0.119527$ & $-0.521283$ & $-0.413144$ & $-0.39842$ & $-0.233048$ & $0.024378$ & $0.0200949$ & $-0.990083$ & $-0.990878$ & $-0.968972$ & $-0.0160457$ & $0.268648$ & $-0.0262418$ & $0.564381$ & $-0.29784$ & $-0.332608$ & $-0.0138741$ & $-0.0690139$ & $-0.0462545$ & $0.0642259$ & $-0.0582141$ & $-0.349723$ & $-0.00360563$ & $0.0480074$ & $0.0013847$ & $-0.000211413$ & $-0.0256759$ & $0.00242763$ & $0.0178348$ & $-0.0149041$ & $0.0283027$ & $-0.0250133$ & $-0.00364664$ & $-0.0395739$ & $-0.0201552$ & $-0.00233708$ & $0.0218202$ \\
CHbox & $0.0185048$ & $-0.0165952$ & $0.0469433$ & $-0.00191003$ & $0.00661027$ & $0.00353746$ & $-0.252149$ & $-0.0280049$ & $-0.0135945$ & $0.184684$ & $0.0747543$ & $1$ & $0.685476$ & $-0.107366$ & $0.0252566$ & $0.020781$ & $-0.097766$ & $-0.0965714$ & $-0.0911807$ & $-0.0617168$ & $-0.0799935$ & $-0.0763211$ & $-0.0079288$ & $-0.028419$ & $-0.0922747$ & $0.0457172$ & $-0.0532018$ & $-0.0232688$ & $0.0611982$ & $0.403235$ & $0.136558$ & $-0.156953$ & $0.439577$ & $-0.0501314$ & $0.0857069$ & $0.0630242$ & $-0.0282761$ & $-0.00768547$ & $-0.0461516$ & $-0.00190169$ & $-0.0562616$ & $0.00786538$ & $-0.0250607$ & $-0.0458722$ & $0.00328565$ & $0.00982499$ & $-0.0118169$ & $0.0244256$ & $0.00425794$ \\
CH & $0.0117435$ & $-0.024222$ & $0.0599008$ & $-0.00021576$ & $0.00307827$ & $-0.0151687$ & $-0.378081$ & $0.154774$ & $0.138226$ & $-0.185283$ & $-0.119527$ & $0.685476$ & $1$ & $-0.0240782$ & $0.0565227$ & $0.0591187$ & $-0.0632236$ & $-0.0974275$ & $-0.0983227$ & $0.119618$ & $0.121624$ & $0.120309$ & $0.0122705$ & $-0.108178$ & $-0.0944457$ & $-0.0730694$ & $0.0498586$ & $0.0450961$ & $0.0561974$ & $0.297317$ & $0.137008$ & $-0.344497$ & $0.338394$ & $0.0774602$ & $-0.00244676$ & $0.0292742$ & $-0.0155829$ & $-0.0111168$ & $-0.0382062$ & $0.011089$ & $-0.0496265$ & $0.0111941$ & $-0.0123738$ & $-0.0124335$ & $0.00473808$ & $0.0213118$ & $-0.0170959$ & $0.00534101$ & $0.00556308$ \\
CHL1_11 & $0.00991342$ & $-0.0272654$ & $-0.001437$ & $0.0169801$ & $-0.00278673$ & $0.0417371$ & $-0.0126986$ & $0.072612$ & $0.0639003$ & $0.167153$ & $-0.521283$ & $-0.107366$ & $-0.0240782$ & $1$ & $0.261168$ & $0.253265$ & $0.689195$ & $0.634593$ & $0.635917$ & $0.537076$ & $0.482446$ & $0.468471$ & $-0.0632445$ & $0.499594$ & $0.633063$ & $-0.297766$ & $-0.0953326$ & $0.159577$ & $-0.00147008$ & $0.0257875$ & $0.0217201$ & $-0.0217041$ & $0.0218057$ & $-0.223919$ & $-0.0100855$ & $-0.0401083$ & $0.0289491$ & $-0.00287223$ & $0.0171214$ & $-0.00295734$ & $-0.0268429$ & $0.012466$ & $-0.0198332$ & $0.0119491$ & $-0.0281345$ & $0.0337327$ & $0.014221$ & $-0.00569134$ & $-0.0188722$ \\
CHL1_22 & $-0.00789141$ & $-0.0350121$ & $0.00836194$ & $-0.00834833$ & $0.0159961$ & $-0.0602675$ & $-0.0355905$ & $0.288298$ & $0.284294$ & $-0.125974$ & $-0.413144$ & $0.0252566$ & $0.0565227$ & $0.261168$ & $1$ & $0.437874$ & $0.155444$ & $-0.421991$ & $-0.0233429$ & $0.479556$ & $0.328014$ & $0.31984$ & $-0.172139$ & $0.120343$ & $-0.11802$ & $-0.19631$ & $-0.390129$ & $0.114052$ & $0.0140483$ & $0.046767$ & $0.0169491$ & $-0.0298285$ & $0.0537593$ & $-0.6024$ & $-0.011386$ & $-0.024183$ & $0.00241242$ & $-0.000181641$ & $0.00837135$ & $-0.00190829$ & $-0.0200643$ & $0.00436162$ & $0.00734467$ & $0.0226218$ & $-0.00224658$ & $0.0171095$ & $-0.00771666$ & $0.0254939$ & $0.00356693$ \\
CHL1_33 & $-0.006325$ & $-0.0281613$ & $0.0192565$ & $-0.00373652$ & $0.0279416$ & $-0.0754869$ & $-0.036775$ & $0.275818$ & $0.268368$ & $-0.114112$ & $-0.39842$ & $0.020781$ & $0.0591187$ & $0.253265$ & $0.437874$ & $1$ & $0.153909$ & $-0.0158511$ & $-0.410445$ & $0.463363$ & $0.316772$ & $0.3317$ & $-0.184141$ & $0.123073$ & $-0.114015$ & $-0.181752$ & $-0.387348$ & $0.100754$ & $0.00737042$ & $0.0394585$ & $0.0317092$ & $-0.0290958$ & $0.0292638$ & $-0.111761$ & $-0.00148936$ & $-0.00998$ & $-0.00670005$ & $-0.00862145$ & $0.0179173$ & $0.0112745$ & $0.00051621$ & $0.0246398$ & $-0.0211901$ & $-0.0132173$ & $-0.0161838$ & $0.0153871$ & $0.011784$ & $-0.0135969$ & $-0.0282315$ \\
CHL3_11 & $-0.00574745$ & $0.0282004$ & $-0.0111874$ & $0.0188606$ & $-0.00359542$ & $-0.252369$ & $0.00196971$ & $-0.256673$ & $-0.259293$ & $0.349911$ & $-0.233048$ & $-0.097766$ & $-0.0632236$ & $0.689195$ & $0.155444$ & $0.153909$ & $1$ & $0.764601$ & $0.761755$ & $0.253724$ & $0.201329$ & $0.192721$ & $-0.06582$ & $0.69868$ & $0.80245$ & $-0.135645$ & $-0.151862$ & $0.0814919$ & $-0.0101891$ & $0.00397034$ & $0.00967285$ & $-0.00820213$ & $0.00126714$ & $-0.255806$ & $-0.0227129$ & $-0.0109649$ & $0.0352087$ & $-0.00322399$ & $0.0159704$ & $-0.00568891$ & $-0.0108368$ & $0.00194532$ & $-0.0190997$ & $-0.00724224$ & $-0.0298518$ & $0.0146287$ & $0.00969437$ & $-0.00545555$ & $-0.0139208$ \\
CHL3_22 & $0.00660256$ & $0.0307482$ & $-0.00751959$ & $0.0211869$ & $-0.015299$ & $-0.061139$ & $0.0242785$ & $-0.429646$ & $-0.429344$ & $0.413825$ & $0.024378$ & $-0.0965714$ & $-0.0974275$ & $0.634593$ & $-0.421991$ & $-0.0158511$ & $0.764601$ & $1$ & $0.704095$ & $-0.028236$ & $-0.0197894$ & $-0.0199778$ & $0.0083317$ & $0.635832$ & $0.809355$ & $-0.00609115$ & $-0.00987157$ & $-0.00261606$ & $-0.0158359$ & $-0.0238485$ & $0.00192691$ & $0.0134009$ & $-0.0291931$ & $0.0200671$ & $-0.0112811$ & $-0.00496075$ & $0.031879$ & $-0.00382775$ & $0.00894797$ & $-0.00122359$ & $-0.00530971$ & $0.00621335$ & $-0.0238973$ & $-0.0223851$ & $-0.0323326$ & $0.00954605$ & $0.0134717$ & $-0.0201255$ & $-0.0184969$ \\
CHL3_33 & $0.00418804$ & $0.0267682$ & $-0.0199054$ & $0.016682$ & $-0.0226944$ & $-0.0490013$ & $0.0247662$ & $-0.424711$ & $-0.421895$ & $0.405772$ & $0.0200949$ & $-0.0911807$ & $-0.0983227$ & $0.635917$ & $-0.0233429$ & $-0.410445$ & $0.761755$ & $0.704095$ & $1$ & $-0.0236958$ & $-0.0158222$ & $-0.0125652$ & $0.0219899$ & $0.631617$ & $0.810595$ & $-0.0144429$ & $-0.0024983$ & $0.00223714$ & $-0.0129867$ & $-0.0174433$ & $-0.0105876$ & $0.0122743$ & $-0.00999734$ & $-0.33537$ & $-0.0168137$ & $-0.0138145$ & $0.0382281$ & $0.00381591$ & $0.000222458$ & $-0.00987081$ & $-0.0231559$ & $-0.00947693$ & $-0.00267482$ & $0.00555596$ & $-0.0247682$ & $0.00470844$ & $-0.000886105$ & $0.00612707$ & $0.00556945$ \\
CHe_11 & $-0.00874416$ & $-0.0527994$ & $0.0141337$ & $0.00955135$ & $0.0119416$ & $-0.140306$ & $-0.0596123$ & $0.833943$ & $0.815215$ & $-0.346598$ & $-0.990083$ & $-0.0617168$ & $0.119618$ & $0.537076$ & $0.479556$ & $0.463363$ & $0.253724$ & $-0.028236$ & $-0.0236958$ & $1$ & $0.972193$ & $0.951331$ & $-0.0098578$ & $-0.215563$ & $0.0314368$ & $-0.555148$ & $0.22294$ & $0.325773$ & $0.0153754$ & $0.0691296$ & $0.0474192$ & $-0.0647279$ & $0.0593695$ & $0.270664$ & $0.000343197$ & $-0.0448161$ & $-0.000438775$ & $-0.00129345$ & $0.0241587$ & $-0.000107659$ & $-0.0192911$ & $0.0165266$ & $-0.0229013$ & $0.0188523$ & $0.000108904$ & $0.039787$ & $0.0188035$ & $0.00310103$ & $-0.0226452$ \\
CHe_22 & $-0.00788556$ & $-0.0502734$ & $0.00718567$ & $0.0109096$ & $0.011449$ & $-0.143173$ & $-0.0586146$ & $0.880582$ & $0.860481$ & $-0.378708$ & $-0.990878$ & $-0.0799935$ & $0.121624$ & $0.482446$ & $0.328014$ & $0.316772$ & $0.201329$ & $-0.0197894$ & $-0.0158222$ & $0.972193$ & $1$ & $0.974393$ & $0.0451907$ & $-0.324585$ & $0.0211418$ & $-0.566253$ & $0.37949$ & $0.334184$ & $0.0133147$ & $0.0668519$ & $0.0448575$ & $-0.0658748$ & $0.0560833$ & $0.437833$ & $0.00373451$ & $-0.0424095$ & $-0.00190938$ & $0.000844898$ & $0.0235265$ & $-0.00249647$ & $-0.016582$ & $0.0125169$ & $-0.0223885$ & $0.0240992$ & $0.00302368$ & $0.038257$ & $0.0208137$ & $-0.00165332$ & $-0.0196951$ \\
CHe_33 & $-0.00361517$ & $-0.0499814$ & $0.00439503$ & $0.00656677$ & $0.0135984$ & $-0.140036$ & $-0.0552612$ & $0.862983$ & $0.843107$ & $-0.372804$ & $-0.968972$ & $-0.0763211$ & $0.120309$ & $0.468471$ & $0.31984$ & $0.3317$ & $0.192721$ & $-0.0199778$ & $-0.0125652$ & $0.951331$ & $0.974393$ & $1$ & $0.0467142$ & $-0.318449$ & $0.0205455$ & $-0.553796$ & $0.375929$ & $0.324017$ & $0.0111501$ & $0.0633347$ & $0.0437972$ & $-0.0628669$ & $0.053565$ & $0.43231$ & $0.00478604$ & $-0.0439466$ & $-0.00180476$ & $0.00131207$ & $0.0248182$ & $-0.00460079$ & $-0.0223522$ & $0.0149751$ & $-0.0238652$ & $0.0233106$ & $-0.00210558$ & $0.0329279$ & $0.0201017$ & $-0.000647008$ & $-0.019384$ \\
CHQ1_11 & $0.00903247$ & $-0.0227893$ & $0.00807144$ & $-0.024628$ & $-0.00245119$ & $0.00217179$ & $-0.0316597$ & $0.0695009$ & $0.0657237$ & $-0.0469991$ & $-0.0160457$ & $-0.0079288$ & $0.0122705$ & $-0.0632445$ & $-0.172139$ & $-0.184141$ & $-0.06582$ & $0.0083317$ & $0.0219899$ & $-0.0098578$ & $0.0451907$ & $0.0467142$ & $1$ & $-0.139279$ & $0.0885717$ & $-0.671247$ & $0.358767$ & $-0.00326668$ & $0.00551774$ & $0.00213184$ & $0.00583285$ & $-0.0292015$ & $0.020869$ & $0.1977$ & $0.00787438$ & $-0.0124516$ & $0.0051405$ & $0.0252006$ & $-0.006137$ & $0.00352281$ & $0.011561$ & $0.00634644$ & $-0.00303264$ & $-0.00290919$ & $-0.000224995$ & $0.0315573$ & $0.00953444$ & $0.00574$ & $0.0356083$ \\
CHQ1_33 & $-0.0615511$ & $0.0386899$ & $-0.0122025$ & $0.0225042$ & $-0.0173165$ & $-0.016237$ & $0.0250677$ & $-0.665486$ & $-0.657251$ & $0.488223$ & $0.268648$ & $-0.028419$ & $-0.108178$ & $0.499594$ & $0.120343$ & $0.123073$ & $0.69868$ & $0.635832$ & $0.631617$ & $-0.215563$ & $-0.324585$ & $-0.318449$ & $-0.139279$ & $1$ & $0.65561$ & $0.16605$ & $-0.419964$ & $-0.00397289$ & $-0.00510104$ & $-0.0295682$ & $-0.0105606$ & $0.0189781$ & $-0.0281323$ & $-0.627194$ & $-0.0157454$ & $0.0112516$ & $0.0302232$ & $0.00161135$ & $0.000187879$ & $-0.00129104$ & $-0.00330006$ & $0.00272962$ & $-0.00380289$ & $-0.0290985$ & $-0.0350315$ & $-0.002544$ & $-0.000959128$ & $-0.0142035$ & $-0.00872057$ \\
CHQ3_11 & $-0.113836$ & $0.0392516$ & $-0.0276202$ & $0.0253744$ & $-0.0140611$ & $-0.0886707$ & $0.015369$ & $-0.390909$ & $-0.38999$ & $0.402151$ & $-0.0262418$ & $-0.0922747$ & $-0.0944457$ & $0.633063$ & $-0.11802$ & $-0.114015$ & $0.80245$ & $0.809355$ & $0.810595$ & $0.0314368$ & $0.0211418$ & $0.0205455$ & $0.0885717$ & $0.65561$ & $1$ & $-0.0282086$ & $0.200246$ & $0.0150715$ & $-0.0128473$ & $-0.0232504$ & $-0.00102187$ & $0.00218888$ & $-0.0183034$ & $-0.196946$ & $-0.012178$ & $-0.00994708$ & $0.0260817$ & $0.0105978$ & $0.000972699$ & $-0.00827115$ & $0.00509838$ & $0.00491675$ & $-0.0119614$ & $-0.0131796$ & $-0.0331694$ & $0.0103501$ & $0.0118786$ & $-0.0151724$ & $-0.000572692$ \\
CHu_11 & $-0.0478085$ & $0.0397473$ & $-0.0177677$ & $0.024792$ & $-0.00479799$ & $0.0759041$ & $0.0505743$ & $-0.488746$ & $-0.474033$ & $0.208052$ & $0.564381$ & $0.0457172$ & $-0.0730694$ & $-0.297766$ & $-0.19631$ & $-0.181752$ & $-0.135645$ & $-0.00609115$ & $-0.0144429$ & $-0.555148$ & $-0.566253$ & $-0.553796$ & $-0.671247$ & $0.16605$ & $-0.0282086$ & $1$ & $-0.178456$ & $-0.172666$ & $-0.0176677$ & $-0.0348302$ & $-0.0216675$ & $0.0528269$ & $-0.0493106$ & $-0.229548$ & $0.0033023$ & $0.0395539$ & $-0.00402441$ & $-0.00332182$ & $-0.0119816$ & $0.000613092$ & $-0.00260362$ & $-0.00710595$ & $0.0211246$ & $-0.00788216$ & $0.0073502$ & $-0.0514419$ & $-0.00164045$ & $-0.00513307$ & $-0.0136272$ \\
CHd_11 & $-0.0395892$ & $0.0025523$ & $-0.0182448$ & $0.0200503$ & $-0.00169075$ & $-0.0557922$ & $-0.0225148$ & $0.432088$ & $0.423692$ & $-0.228905$ & $-0.29784$ & $-0.0532018$ & $0.0498586$ & $-0.0953326$ & $-0.390129$ & $-0.387348$ & $-0.151862$ & $-0.00987157$ & $-0.0024983$ & $0.22294$ & $0.37949$ & $0.375929$ & $0.358767$ & $-0.419964$ & $0.200246$ & $-0.178456$ & $1$ & $0.118139$ & $0.00401154$ & $0.0068119$ & $0.0164935$ & $-0.0334861$ & $0.00966133$ & $0.683898$ & $0.0212923$ & $-0.00928505$ & $-0.0216689$ & $0.0226145$ & $0.00181496$ & $-0.011557$ & $0.0128721$ & $0.00315455$ & $-0.00659019$ & $0.00868363$ & $0.0141906$ & $0.00781073$ & $0.0205118$ & $-0.00933072$ & $0.0196823$ \\
CHd_33 & $0.0156257$ & $-0.0127234$ & $0.00981125$ & $0.0175822$ & $-0.00011023$ & $-0.0614183$ & $-0.0186927$ & $0.291192$ & $0.285871$ & $-0.126812$ & $-0.332608$ & $-0.0232688$ & $0.0450961$ & $0.159577$ & $0.114052$ & $0.100754$ & $0.0814919$ & $-0.00261606$ & $0.00223714$ & $0.325773$ & $0.334184$ & $0.324017$ & $-0.00326668$ & $-0.00397289$ & $0.0150715$ & $-0.172666$ & $0.118139$ & $1$ & $0.00848172$ & $0.0218904$ & $0.00540186$ & $-0.0188887$ & $0.0147548$ & $0.144228$ & $-0.0273137$ & $-0.0112808$ & $0.0011451$ & $0.000411464$ & $-0.00968124$ & $0.0145344$ & $-0.0149812$ & $-0.00173874$ & $-0.00409702$ & $0.0133347$ & $-0.00273259$ & $0.014704$ & $0.00264637$ & $-0.00637887$ & $-0.0259791$ \\
CeH_22r & $0.0178151$ & $0.0129479$ & $0.0204662$ & $-0.0129835$ & $-0.00783358$ & $-0.00425208$ & $0.00028732$ & $0.0169649$ & $0.0172772$ & $-0.0223371$ & $-0.0138741$ & $0.0611982$ & $0.0561974$ & $-0.00147008$ & $0.0140483$ & $0.00737042$ & $-0.0101891$ & $-0.0158359$ & $-0.0129867$ & $0.0153754$ & $0.0133147$ & $0.0111501$ & $0.00551774$ & $-0.00510104$ & $-0.0128473$ & $-0.0176677$ & $0.00401154$ & $0.00848172$ & $1$ & $0.0398949$ & $0.017599$ & $-0.0148497$ & $0.0394775$ & $0.000293141$ & $-0.0157489$ & $-0.0235492$ & $-0.00700839$ & $-0.0235294$ & $0.0058467$ & $0.00415342$ & $-0.00651912$ & $0.0167651$ & $-0.0356266$ & $0.0172606$ & $-0.00293102$ & $-0.0161081$ & $-0.0210258$ & $-0.00688726$ & $-0.00518057$ \\
CeH_33r & $0.0340357$ & $-0.0147734$ & $0.0278815$ & $0.00833934$ & $0.00760945$ & $-0.0186204$ & $-0.139641$ & $0.0657507$ & $0.0899605$ & $-0.155843$ & $-0.0690139$ & $0.403235$ & $0.297317$ & $0.0257875$ & $0.046767$ & $0.0394585$ & $0.00397034$ & $-0.0238485$ & $-0.0174433$ & $0.0691296$ & $0.0668519$ & $0.0633347$ & $0.00213184$ & $-0.0295682$ & $-0.0232504$ & $-0.0348302$ & $0.0068119$ & $0.0218904$ & $0.0398949$ & $1$ & $0.31623$ & $-0.000230475$ & $0.650311$ & $0.013688$ & $-0.0455941$ & $-0.0193382$ & $-0.178814$ & $-0.036073$ & $-0.0469728$ & $-0.0127264$ & $-0.0176407$ & $0.0179447$ & $0.00785992$ & $-0.00765121$ & $0.0899675$ & $0.0192287$ & $0.0112806$ & $0.0295472$ & $0.0352759$ \\
CuH_22r & $0.016917$ & $-0.0178405$ & $0.0208873$ & $0.0504488$ & $0.00621312$ & $-0.0174928$ & $-0.0736247$ & $0.0404007$ & $0.0529586$ & $-0.0734409$ & $-0.0462545$ & $0.136558$ & $0.137008$ & $0.0217201$ & $0.0169491$ & $0.0317092$ & $0.00967285$ & $0.00192691$ & $-0.0105876$ & $0.0474192$ & $0.0448575$ & $0.0437972$ & $0.00583285$ & $-0.0105606$ & $-0.00102187$ & $-0.0216675$ & $0.0164935$ & $0.00540186$ & $0.017599$ & $0.31623$ & $1$ & $0.0087867$ & $0.345693$ & $0.0195359$ & $-0.00626823$ & $-0.00135989$ & $-0.09404$ & $0.00601684$ & $-0.0328531$ & $-0.00611443$ & $-0.0256412$ & $0.0183619$ & $0.0469979$ & $-0.0546732$ & $0.0169056$ & $0.0791908$ & $0.392527$ & $-0.00250062$ & $0.0301696$ \\
CuH_33r & $-0.010577$ & $0.00391929$ & $-0.0364893$ & $0.0111882$ & $0.0117123$ & $0.00798697$ & $0.943674$ & $-0.0611306$ & $-0.00876932$ & $0.0771324$ & $0.0642259$ & $-0.156953$ & $-0.344497$ & $-0.0217041$ & $-0.0298285$ & $-0.0290958$ & $-0.00820213$ & $0.0134009$ & $0.0122743$ & $-0.0647279$ & $-0.0658748$ & $-0.0628669$ & $-0.0292015$ & $0.0189781$ & $0.00218888$ & $0.0528269$ & $-0.0334861$ & $-0.0188887$ & $-0.0148497$ & $-0.000230475$ & $0.0087867$ & $1$ & $0.0080892$ & $-0.0255113$ & $0.0606215$ & $0.0542908$ & $-0.0165996$ & $0.018589$ & $-0.00880579$ & $-0.0368711$ & $0.018205$ & $-0.0267238$ & $-0.00872788$ & $-0.010934$ & $0.011259$ & $-0.00805778$ & $0.0478414$ & $-0.0051767$ & $0.0272761$ \\
CdH_33r & $0.0683048$ & $0.00737726$ & $0.0475556$ & $0.012114$ & $0.0169275$ & $-0.0298585$ & $-0.152533$ & $0.054944$ & $0.0791371$ & $-0.156333$ & $-0.0582141$ & $0.439577$ & $0.338394$ & $0.0218057$ & $0.0537593$ & $0.0292638$ & $0.00126714$ & $-0.0291931$ & $-0.00999734$ & $0.0593695$ & $0.0560833$ & $0.053565$ & $0.020869$ & $-0.0281323$ & $-0.0183034$ & $-0.0493106$ & $0.00966133$ & $0.0147548$ & $0.0394775$ & $0.650311$ & $0.345693$ & $0.0080892$ & $1$ & $-0.000429174$ & $-0.0405363$ & $-0.0399306$ & $-0.22714$ & $-0.0372032$ & $-0.0490441$ & $-0.0164457$ & $-0.0291549$ & $0.0166491$ & $0.0359955$ & $-0.0260801$ & $0.041993$ & $0.0214572$ & $0.0205451$ & $0.171918$ & $0.519907$ \\
CLL_1221 & $-0.00434192$ & $0.0201517$ & $-0.00140069$ & $0.010192$ & $0.000779633$ & $-0.10998$ & $-0.0191791$ & $0.558022$ & $0.546488$ & $-0.332348$ & $-0.349723$ & $-0.0501314$ & $0.0774602$ & $-0.223919$ & $-0.6024$ & $-0.111761$ & $-0.255806$ & $0.0200671$ & $-0.33537$ & $0.270664$ & $0.437833$ & $0.43231$ & $0.1977$ & $-0.627194$ & $-0.196946$ & $-0.229548$ & $0.683898$ & $0.144228$ & $0.000293141$ & $0.013688$ & $0.0195359$ & $-0.0255113$ & $-0.000429174$ & $1$ & $0.0167444$ & $0.00254102$ & $-0.0203901$ & $-8.90366e-05$ & $0.0093244$ & $-0.00106648$ & $0.0150169$ & $0.00226526$ & $-0.0154371$ & $-0.00228609$ & $0.0143356$ & $0.00542442$ & $0.0187137$ & $-0.0234192$ & $-0.0125639$ \\
eHggint & $-0.00857377$ & $-0.0340102$ & $-0.0917614$ & $0.0510049$ & $-0.00218083$ & $0.00876595$ & $-0.0240877$ & $0.0143539$ & $-0.0128192$ & $0.0346681$ & $-0.00360563$ & $0.0857069$ & $-0.00244676$ & $-0.0100855$ & $-0.011386$ & $-0.00148936$ & $-0.0227129$ & $-0.0112811$ & $-0.0168137$ & $0.000343197$ & $0.00373451$ & $0.00478604$ & $0.00787438$ & $-0.0157454$ & $-0.012178$ & $0.0033023$ & $0.0212923$ & $-0.0273137$ & $-0.0157489$ & $-0.0455941$ & $-0.00626823$ & $0.0606215$ & $-0.0405363$ & $0.0167444$ & $1$ & $-0.0312749$ & $-0.0478375$ & $0.0639708$ & $0.0893004$ & $0.0169209$ & $-0.075818$ & $0.00914299$ & $-0.14919$ & $-0.029235$ & $0.00225692$ & $-0.074334$ & $0.0674218$ & $-0.0600194$ & $-0.00161394$ \\
eHggpar & $-0.0211356$ & $0.140071$ & $-0.028159$ & $-0.0561786$ & $-0.0147513$ & $-0.00344153$ & $0.00888912$ & $-0.0387395$ & $-0.0375514$ & $0.0177376$ & $0.0480074$ & $0.0630242$ & $0.0292742$ & $-0.0401083$ & $-0.024183$ & $-0.00998$ & $-0.0109649$ & $-0.00496075$ & $-0.0138145$ & $-0.0448161$ & $-0.0424095$ & $-0.0439466$ & $-0.0124516$ & $0.0112516$ & $-0.00994708$ & $0.0395539$ & $-0.00928505$ & $-0.0112808$ & $-0.0235492$ & $-0.0193382$ & $-0.00135989$ & $0.0542908$ & $-0.0399306$ & $0.00254102$ & $-0.0312749$ & $1$ & $0.0254657$ & $0.00674257$ & $-0.0664195$ & $-0.0100964$ & $-0.00895609$ & $0.00323493$ & $0.103416$ & $-0.152254$ & $-0.00820366$ & $-0.0289117$ & $0.018168$ & $-0.0170819$ & $-0.0309984$ \\
eHWWint & $-0.0137252$ & $-0.0179764$ & $0.00591355$ & $0.014365$ & $-0.00716507$ & $0.00244823$ & $0.0302223$ & $-0.0202293$ & $-0.0291815$ & $0.0254639$ & $0.0013847$ & $-0.0282761$ & $-0.0155829$ & $0.0289491$ & $0.00241242$ & $-0.00670005$ & $0.0352087$ & $0.031879$ & $0.0382281$ & $-0.000438775$ & $-0.00190938$ & $-0.00180476$ & $0.0051405$ & $0.0302232$ & $0.0260817$ & $-0.00402441$ & $-0.0216689$ & $0.0011451$ & $-0.00700839$ & $-0.178814$ & $-0.09404$ & $-0.0165996$ & $-0.22714$ & $-0.0203901$ & $-0.0478375$ & $0.0254657$ & $1$ & $0.0217351$ & $-0.0185377$ & $0.00813828$ & $0.00951384$ & $-0.0434463$ & $-0.0158284$ & $0.0545495$ & $-0.0290571$ & $-0.00529239$ & $-0.0344094$ & $-0.0215482$ & $-0.0456199$ \\
eHWWpar & $-0.0182295$ & $-0.0183421$ & $0.0173041$ & $0.0108589$ & $0.0121455$ & $0.0151131$ & $0.0155165$ & $0.0022765$ & $-0.000397923$ & $0.00820692$ & $-0.000211413$ & $-0.00768547$ & $-0.0111168$ & $-0.00287223$ & $-0.000181641$ & $-0.00862145$ & $-0.00322399$ & $-0.00382775$ & $0.00381591$ & $-0.00129345$ & $0.000844898$ & $0.00131207$ & $0.0252006$ & $0.00161135$ & $0.0105978$ & $-0.00332182$ & $0.0226145$ & $0.000411464$ & $-0.0235294$ & $-0.036073$ & $0.00601684$ & $0.018589$ & $-0.0372032$ & $-8.90366e-05$ & $0.0639708$ & $0.00674257$ & $0.0217351$ & $1$ & $0.0177337$ & $0.00569066$ & $-0.00723085$ & $-0.000866139$ & $0.0133099$ & $-0.0103427$ & $0.00599134$ & $-0.0260999$ & $0.0118786$ & $-0.00200085$ & $0.000838819$ \\
eHZZint & $0.0416494$ & $0.0214639$ & $-0.203273$ & $0.0877638$ & $-0.00519033$ & $-0.000879753$ & $-0.0130598$ & $0.0158018$ & $0.0133678$ & $0.00520292$ & $-0.0256759$ & $-0.0461516$ & $-0.0382062$ & $0.0171214$ & $0.00837135$ & $0.0179173$ & $0.0159704$ & $0.00894797$ & $0.000222458$ & $0.0241587$ & $0.0235265$ & $0.0248182$ & $-0.006137$ & $0.000187879$ & $0.000972699$ & $-0.0119816$ & $0.00181496$ & $-0.00968124$ & $0.0058467$ & $-0.0469728$ & $-0.0328531$ & $-0.00880579$ & $-0.0490441$ & $0.0093244$ & $0.0893004$ & $-0.0664195$ & $-0.0185377$ & $0.0177337$ & $1$ & $-0.00392742$ & $-0.0988716$ & $0.0135409$ & $0.0214303$ & $0.0563324$ & $-0.0237819$ & $-0.0602261$ & $-0.0382723$ & $-0.0252429$ & $-0.00441177$ \\
eHZZpar & $-0.0100357$ & $-0.00416056$ & $0.0215691$ & $0.0151576$ & $-0.00676202$ & $-0.00229182$ & $-0.0363268$ & $-0.000401671$ & $-0.00548858$ & $-0.00824738$ & $0.00242763$ & $-0.00190169$ & $0.011089$ & $-0.00295734$ & $-0.00190829$ & $0.0112745$ & $-0.00568891$ & $-0.00122359$ & $-0.00987081$ & $-0.000107659$ & $-0.00249647$ & $-0.00460079$ & $0.00352281$ & $-0.00129104$ & $-0.00827115$ & $0.000613092$ & $-0.011557$ & $0.0145344$ & $0.00415342$ & $-0.0127264$ & $-0.00611443$ & $-0.0368711$ & $-0.0164457$ & $-0.00106648$ & $0.0169209$ & $-0.0100964$ & $0.00813828$ & $0.00569066$ & $-0.00392742$ & $1$ & $0.0242019$ & $-0.00916701$ & $-0.02891$ & $0.0123125$ & $-0.0360095$ & $-0.0056158$ & $-0.0283509$ & $-0.0179373$ & $-0.0247132$ \\
eHZgaint & $-0.0862841$ & $0.00717316$ & $-0.039369$ & $-0.0276223$ & $0.018947$ & $-0.00548921$ & $0.032982$ & $-0.00756943$ & $-0.00441873$ & $-0.0281642$ & $0.0178348$ & $-0.0562616$ & $-0.0496265$ & $-0.0268429$ & $-0.0200643$ & $0.00051621$ & $-0.0108368$ & $-0.00530971$ & $-0.0231559$ & $-0.0192911$ & $-0.016582$ & $-0.0223522$ & $0.011561$ & $-0.00330006$ & $0.00509838$ & $-0.00260362$ & $0.0128721$ & $-0.0149812$ & $-0.00651912$ & $-0.0176407$ & $-0.0256412$ & $0.018205$ & $-0.0291549$ & $0.0150169$ & $-0.075818$ & $-0.00895609$ & $0.00951384$ & $-0.00723085$ & $-0.0988716$ & $0.0242019$ & $1$ & $0.00736094$ & $-0.0480496$ & $0.0232275$ & $0.0657807$ & $0.0273843$ & $-0.0398711$ & $-0.090281$ & $-0.00078172$ \\
eHZgapar & $-0.0028962$ & $-0.0561066$ & $-0.00742088$ & $-0.00537554$ & $-0.00355314$ & $-0.00544616$ & $-0.0378645$ & $0.0122261$ & $0.00494837$ & $0.00770812$ & $-0.0149041$ & $0.00786538$ & $0.0111941$ & $0.012466$ & $0.00436162$ & $0.0246398$ & $0.00194532$ & $0.00621335$ & $-0.00947693$ & $0.0165266$ & $0.0125169$ & $0.0149751$ & $0.00634644$ & $0.00272962$ & $0.00491675$ & $-0.00710595$ & $0.00315455$ & $-0.00173874$ & $0.0167651$ & $0.0179447$ & $0.0183619$ & $-0.0267238$ & $0.0166491$ & $0.00226526$ & $0.00914299$ & $0.00323493$ & $-0.0434463$ & $-0.000866139$ & $0.0135409$ & $-0.00916701$ & $0.00736094$ & $1$ & $-0.0413539$ & $-0.0167545$ & $0.00940158$ & $-0.00134882$ & $0.0122215$ & $0.00823028$ & $-0.000338015$ \\
eHgagaint & $-0.0141096$ & $0.20697$ & $0.00811748$ & $-0.00140168$ & $-0.0138291$ & $0.00177928$ & $0.000258433$ & $-0.0222664$ & $0.0471809$ & $-0.0100938$ & $0.0283027$ & $-0.0250607$ & $-0.0123738$ & $-0.0198332$ & $0.00734467$ & $-0.0211901$ & $-0.0190997$ & $-0.0238973$ & $-0.00267482$ & $-0.0229013$ & $-0.0223885$ & $-0.0238652$ & $-0.00303264$ & $-0.00380289$ & $-0.0119614$ & $0.0211246$ & $-0.00659019$ & $-0.00409702$ & $-0.0356266$ & $0.00785992$ & $0.0469979$ & $-0.00872788$ & $0.0359955$ & $-0.0154371$ & $-0.14919$ & $0.103416$ & $-0.0158284$ & $0.0133099$ & $0.0214303$ & $-0.02891$ & $-0.0480496$ & $-0.0413539$ & $1$ & $-0.055622$ & $0.0304464$ & $0.0438953$ & $0.0915557$ & $-0.0165481$ & $0.0858098$ \\
eHmumuint & $0.0434617$ & $-0.0187443$ & $-0.0543638$ & $-0.0718913$ & $0.0268883$ & $0.00605659$ & $0.00263196$ & $0.0271951$ & $0.0235218$ & $-0.0320982$ & $-0.0250133$ & $-0.0458722$ & $-0.0124335$ & $0.0119491$ & $0.0226218$ & $-0.0132173$ & $-0.00724224$ & $-0.0223851$ & $0.00555596$ & $0.0188523$ & $0.0240992$ & $0.0233106$ & $-0.00290919$ & $-0.0290985$ & $-0.0131796$ & $-0.00788216$ & $0.00868363$ & $0.0133347$ & $0.0172606$ & $-0.00765121$ & $-0.0546732$ & $-0.010934$ & $-0.0260801$ & $-0.00228609$ & $-0.029235$ & $-0.152254$ & $0.0545495$ & $-0.0103427$ & $0.0563324$ & $0.0123125$ & $0.0232275$ & $-0.0167545$ & $-0.055622$ & $1$ & $0.0230337$ & $-0.0637629$ & $-0.125435$ & $-0.00433846$ & $-0.0177282$ \\
eHtautauint & $0.0310423$ & $-0.10003$ & $0.102564$ & $0.0180515$ & $0.0100176$ & $-0.00528571$ & $0.0120683$ & $0.0236398$ & $0.0255191$ & $-0.0113825$ & $-0.00364664$ & $0.00328565$ & $0.00473808$ & $-0.0281345$ & $-0.00224658$ & $-0.0161838$ & $-0.0298518$ & $-0.0323326$ & $-0.0247682$ & $0.000108904$ & $0.00302368$ & $-0.00210558$ & $-0.000224995$ & $-0.0350315$ & $-0.0331694$ & $0.0073502$ & $0.0141906$ & $-0.00273259$ & $-0.00293102$ & $0.0899675$ & $0.0169056$ & $0.011259$ & $0.041993$ & $0.0143356$ & $0.00225692$ & $-0.00820366$ & $-0.0290571$ & $0.00599134$ & $-0.0237819$ & $-0.0360095$ & $0.0657807$ & $0.00940158$ & $0.0304464$ & $0.0230337$ & $1$ & $0.0358284$ & $0.00738499$ & $0.0966471$ & $0.0451192$ \\
eHccint & $0.00711985$ & $-0.0791759$ & $0.095478$ & $0.0320111$ & $-0.00723713$ & $0.00249489$ & $-0.00429805$ & $0.0310527$ & $0.0391003$ & $-0.014315$ & $-0.0395739$ & $0.00982499$ & $0.0213118$ & $0.0337327$ & $0.0171095$ & $0.0153871$ & $0.0146287$ & $0.00954605$ & $0.00470844$ & $0.039787$ & $0.038257$ & $0.0329279$ & $0.0315573$ & $-0.002544$ & $0.0103501$ & $-0.0514419$ & $0.00781073$ & $0.014704$ & $-0.0161081$ & $0.0192287$ & $0.0791908$ & $-0.00805778$ & $0.0214572$ & $0.00542442$ & $-0.074334$ & $-0.0289117$ & $-0.00529239$ & $-0.0260999$ & $-0.0602261$ & $-0.0056158$ & $0.0273843$ & $-0.00134882$ & $0.0438953$ & $-0.0637629$ & $0.0358284$ & $1$ & $-0.0536887$ & $-0.0191352$ & $0.0114179$ \\
eHccpar & $-0.0154131$ & $-0.00785128$ & $-0.0171386$ & $0.106121$ & $-0.00118913$ & $-0.00214419$ & $0.0342087$ & $0.0153934$ & $0.0193347$ & $-0.00395182$ & $-0.0201552$ & $-0.0118169$ & $-0.0170959$ & $0.014221$ & $-0.00771666$ & $0.011784$ & $0.00969437$ & $0.0134717$ & $-0.000886105$ & $0.0188035$ & $0.0208137$ & $0.0201017$ & $0.00953444$ & $-0.000959128$ & $0.0118786$ & $-0.00164045$ & $0.0205118$ & $0.00264637$ & $-0.0210258$ & $0.0112806$ & $0.392527$ & $0.0478414$ & $0.0205451$ & $0.0187137$ & $0.0674218$ & $0.018168$ & $-0.0344094$ & $0.0118786$ & $-0.0382723$ & $-0.0283509$ & $-0.0398711$ & $0.0122215$ & $0.0915557$ & $-0.125435$ & $0.00738499$ & $-0.0536887$ & $1$ & $-0.0234015$ & $0.0477243$ \\
eHbbint & $0.0793684$ & $-0.0510018$ & $0.00281853$ & $-0.0494626$ & $-0.001411$ & $0.0026561$ & $0.000737783$ & $0.00382973$ & $0.00216344$ & $0.0163707$ & $-0.00233708$ & $0.0244256$ & $0.00534101$ & $-0.00569134$ & $0.0254939$ & $-0.0135969$ & $-0.00545555$ & $-0.0201255$ & $0.00612707$ & $0.00310103$ & $-0.00165332$ & $-0.000647008$ & $0.00574$ & $-0.0142035$ & $-0.0151724$ & $-0.00513307$ & $-0.00933072$ & $-0.00637887$ & $-0.00688726$ & $0.0295472$ & $-0.00250062$ & $-0.0051767$ & $0.171918$ & $-0.0234192$ & $-0.0600194$ & $-0.0170819$ & $-0.0215482$ & $-0.00200085$ & $-0.0252429$ & $-0.0179373$ & $-0.090281$ & $0.00823028$ & $-0.0165481$ & $-0.00433846$ & $0.0966471$ & $-0.0191352$ & $-0.0234015$ & $1$ & $0.0140809$ \\
eHbbpar & $0.0679939$ & $0.05135$ & $0.0294542$ & $0.0402534$ & $0.01897$ & $-0.0252299$ & $0.0178588$ & $-0.0146754$ & $-0.00743227$ & $0.00664117$ & $0.0218202$ & $0.00425794$ & $0.00556308$ & $-0.0188722$ & $0.00356693$ & $-0.0282315$ & $-0.0139208$ & $-0.0184969$ & $0.00556945$ & $-0.0226452$ & $-0.0196951$ & $-0.019384$ & $0.0356083$ & $-0.00872057$ & $-0.000572692$ & $-0.0136272$ & $0.0196823$ & $-0.0259791$ & $-0.00518057$ & $0.0352759$ & $0.0301696$ & $0.0272761$ & $0.519907$ & $-0.0125639$ & $-0.00161394$ & $-0.0309984$ & $-0.0456199$ & $0.000838819$ & $-0.00441177$ & $-0.0247132$ & $-0.00078172$ & $-0.000338015$ & $0.0858098$ & $-0.0177282$ & $0.0451192$ & $0.0114179$ & $0.0477243$ & $0.0140809$ & $1$ \\
