 & AlsMz & dAle5Mz & mtop & mHl & Mz & CW & CHG & CHWB & CHWHB_gaga & CHWHB_gagaorth & CHD & CHbox & CH & CHL1_11 & CHL1_22 & CHL1_33 & CHL3_11 & CHL3_22 & CHL3_33 & CHe_11 & CHe_22 & CHe_33 & CHQ1_11 & CHQ1_33 & CHQ3_11 & CHu_11 & CHd_11 & CHd_33 & CeH_22r & CeH_33r & CuH_22r & CuH_33r & CdH_33r & CLL_1221 & eHggint & eHggpar & eHWWint & eHWWpar & eHZZint & eHZZpar & eHZgaint & eHZgapar & eHgagaint & eHmumuint & eHtautauint & eHccint & eHccpar & eHbbint & eHbbpar \\
AlsMz & $1$ & $0.198148$ & $0.0864247$ & $-0.182991$ & $-0.0410041$ & $0.00615773$ & $0.012701$ & $-0.0149859$ & $-0.0219876$ & $-0.000570567$ & $0.00605626$ & $0.00253974$ & $0.00555731$ & $-0.018185$ & $-0.0160641$ & $-0.015015$ & $0.0227365$ & $0.0125431$ & $0.0164615$ & $-0.0109367$ & $-0.00636037$ & $0.00651418$ & $0.0277641$ & $-0.0354746$ & $-0.0628794$ & $-0.0508256$ & $-0.016451$ & $0.000149424$ & $0.00964647$ & $0.0281945$ & $0.0347982$ & $0.0193566$ & $0.0400401$ & $0.0175962$ & $-0.138286$ & $0.0608026$ & $-0.0358489$ & $-0.00669255$ & $0.011682$ & $0.0264776$ & $-0.0556044$ & $0.0777478$ & $-0.240669$ & $0.0419914$ & $-0.0157831$ & $-0.0317722$ & $0.0112276$ & $0.0711542$ & $-0.00539367$ \\
dAle5Mz & $0.198148$ & $1$ & $0.294967$ & $0.149341$ & $-0.0680159$ & $0.0218888$ & $0.0169052$ & $-0.0649713$ & $-0.0570717$ & $0.0451164$ & $0.0418738$ & $0.00991567$ & $-0.00289887$ & $0.00114487$ & $-0.0340641$ & $-0.0396997$ & $0.0449476$ & $0.0457262$ & $0.0528217$ & $-0.0285207$ & $-0.0233711$ & $-0.0198152$ & $0.0261727$ & $0.0237284$ & $0.0313321$ & $0.00566322$ & $0.0112811$ & $-0.00692338$ & $0.0288136$ & $-0.0431252$ & $0.0777863$ & $0.013149$ & $0.0462731$ & $0.0230755$ & $0.00609005$ & $0.061613$ & $0.115678$ & $0.00790206$ & $-0.139064$ & $0.0401217$ & $-0.185294$ & $0.0664071$ & $0.0930845$ & $0.0674335$ & $-0.093173$ & $-0.0325492$ & $0.335376$ & $-0.053596$ & $0.21293$ \\
mtop & $0.0864247$ & $0.294967$ & $1$ & $0.125719$ & $-0.0326524$ & $0.0182159$ & $-0.000918433$ & $-0.00909518$ & $-0.0181521$ & $0.0151303$ & $0.00847097$ & $0.03669$ & $0.0301453$ & $0.00811775$ & $-0.0257178$ & $-0.0172857$ & $0.00466301$ & $0.0219158$ & $0.0202208$ & $-1.00718e-05$ & $0.00300514$ & $0.0131013$ & $0.00758317$ & $-0.0172316$ & $0.0145779$ & $0.00406274$ & $0.0206432$ & $-0.0146039$ & $0.0277147$ & $-0.0330135$ & $0.11441$ & $0.0144786$ & $0.100972$ & $0.0256723$ & $0.219435$ & $0.153953$ & $-0.149018$ & $-0.00129375$ & $-0.171204$ & $0.00244552$ & $-0.144753$ & $-0.0440277$ & $-0.10814$ & $-0.0890342$ & $-0.0683784$ & $-0.183374$ & $0.377691$ & $0.00615575$ & $0.256917$ \\
mHl & $-0.182991$ & $0.149341$ & $0.125719$ & $1$ & $0.0653306$ & $-0.00268326$ & $0.0316447$ & $-0.0400464$ & $-0.036699$ & $0.0376092$ & $0.0542322$ & $0.0345475$ & $0.0135257$ & $-0.0551512$ & $-0.0617787$ & $-0.0521628$ & $-0.00968512$ & $0.0137924$ & $0.00803347$ & $-0.0523983$ & $-0.0421531$ & $-0.0475023$ & $0.0105842$ & $-0.0173783$ & $0.00345511$ & $0.0253033$ & $0.0070285$ & $-0.0599933$ & $-0.0145701$ & $-0.0521624$ & $-0.00414346$ & $0.03018$ & $0.0713282$ & $0.0317788$ & $0.0688162$ & $0.0814826$ & $0.0531888$ & $0.0311601$ & $0.185431$ & $0.0220104$ & $-0.00329319$ & $0.0121439$ & $0.0683118$ & $-0.0551038$ & $-0.209908$ & $-0.104708$ & $0.151751$ & $0.0400616$ & $0.232384$ \\
Mz & $-0.0410041$ & $-0.0680159$ & $-0.0326524$ & $0.0653306$ & $1$ & $0.0204617$ & $-0.0113785$ & $0.00641459$ & $0.00914212$ & $0.000245838$ & $0.0111115$ & $0.000551122$ & $-0.00373566$ & $0.00311488$ & $-0.0064044$ & $0.0020003$ & $-0.0279614$ & $-0.0110511$ & $-0.0137612$ & $-0.00403376$ & $-0.00294322$ & $-0.000448393$ & $0.00834119$ & $-0.0242375$ & $-0.0209056$ & $0.00587015$ & $-0.00773576$ & $-0.020158$ & $0.00184872$ & $-0.0151494$ & $0.00867492$ & $-0.0145351$ & $0.000360092$ & $-0.00147951$ & $-0.00396491$ & $0.0173547$ & $-0.0352778$ & $0.040712$ & $-0.0109698$ & $0.0358157$ & $0.0478771$ & $-0.0130592$ & $-0.00430903$ & $0.0205973$ & $-0.0280774$ & $0.0126233$ & $0.00114914$ & $-0.0155617$ & $0.00543749$ \\
CW & $0.00615773$ & $0.0218888$ & $0.0182159$ & $-0.00268326$ & $0.0204617$ & $1$ & $0.0626661$ & $-0.123507$ & $-0.118028$ & $-0.00561824$ & $0.200558$ & $0.0238915$ & $-0.0103461$ & $-0.0114138$ & $-0.0705895$ & $-0.0972417$ & $-0.294$ & $-0.092711$ & $-0.0648085$ & $-0.197196$ & $-0.20134$ & $-0.197992$ & $-0.0243423$ & $-0.0259124$ & $-0.11617$ & $0.136962$ & $-0.0727539$ & $-0.0671028$ & $0.00458623$ & $0.00391516$ & $-0.0137848$ & $0.0591867$ & $0.00324395$ & $-0.132513$ & $-0.0137111$ & $-0.0459564$ & $0.00538296$ & $0.0151708$ & $-0.0016507$ & $-0.0264153$ & $0.00751938$ & $-0.0044645$ & $0.0130767$ & $-0.0415883$ & $-0.0119029$ & $-0.0592841$ & $0.0389102$ & $0.0141716$ & $0.0401118$ \\
CHG & $0.012701$ & $0.0169052$ & $-0.000918433$ & $0.0316447$ & $-0.0113785$ & $0.0626661$ & $1$ & $-0.117159$ & $-0.0647099$ & $0.0665726$ & $0.0723757$ & $-0.261099$ & $-0.312877$ & $0.0590901$ & $-0.0376748$ & $-0.0331983$ & $0.0808187$ & $0.108704$ & $0.103836$ & $-0.0709239$ & $-0.0748062$ & $-0.07338$ & $-0.0178798$ & $0.112894$ & $0.109441$ & $0.0643569$ & $-0.0283031$ & $-0.0375402$ & $0.0185342$ & $-0.120571$ & $-0.0828759$ & $0.940148$ & $-0.1506$ & $-0.0669679$ & $-0.0761454$ & $-0.0459871$ & $0.0243594$ & $0.0270681$ & $0.0108729$ & $-0.0297044$ & $0.0602912$ & $0.0236606$ & $-0.0367917$ & $0.0443905$ & $0.0259385$ & $0.00805962$ & $-0.00883793$ & $-0.0529024$ & $0.000177189$ \\
CHWB & $-0.0149859$ & $-0.0649713$ & $-0.00909518$ & $-0.0400464$ & $0.00641459$ & $-0.123507$ & $-0.117159$ & $1$ & $0.983865$ & $-0.566928$ & $-0.878601$ & $0.144905$ & $0.358543$ & $0.116644$ & $0.297271$ & $0.276763$ & $-0.233795$ & $-0.425233$ & $-0.414562$ & $0.850241$ & $0.895842$ & $0.878986$ & $0.109044$ & $-0.66448$ & $-0.398606$ & $-0.534194$ & $0.431778$ & $0.308541$ & $-0.000596288$ & $0.136923$ & $0.0672452$ & $-0.114419$ & $0.121282$ & $0.570516$ & $0.0137579$ & $0.0406787$ & $-0.0187549$ & $-0.0366859$ & $0.0236028$ & $0.0163042$ & $-0.0274553$ & $0.0356856$ & $0.00060577$ & $0.0177192$ & $0.00404554$ & $0.0153424$ & $-0.0244014$ & $0.00487279$ & $-0.0272122$ \\
CHWHB_gaga & $-0.0219876$ & $-0.0570717$ & $-0.0181521$ & $-0.036699$ & $0.00914212$ & $-0.118028$ & $-0.0647099$ & $0.983865$ & $1$ & $-0.557945$ & $-0.860552$ & $0.156374$ & $0.355677$ & $0.107565$ & $0.291868$ & $0.270107$ & $-0.237656$ & $-0.425124$ & $-0.413268$ & $0.832865$ & $0.878053$ & $0.860792$ & $0.102287$ & $-0.657581$ & $-0.396398$ & $-0.517325$ & $0.427316$ & $0.307214$ & $0.00310029$ & $0.159414$ & $0.0785584$ & $-0.0709526$ & $0.145621$ & $0.561936$ & $-0.00597097$ & $0.0324238$ & $-0.00746377$ & $-0.0291604$ & $0.0238105$ & $0.0186413$ & $-0.030045$ & $0.0353148$ & $0.0427427$ & $0.0107155$ & $-0.00201435$ & $0.0236528$ & $-0.0231353$ & $0.00611741$ & $-0.0273464$ \\
CHWHB_gagaorth & $-0.000570567$ & $0.0451164$ & $0.0151303$ & $0.0376092$ & $0.000245838$ & $-0.00561824$ & $0.0665726$ & $-0.566928$ & $-0.557945$ & $1$ & $0.343846$ & $0.14784$ & $-0.248508$ & $0.237437$ & $-0.138917$ & $-0.109856$ & $0.43831$ & $0.509556$ & $0.486985$ & $-0.328952$ & $-0.358743$ & $-0.356254$ & $-0.045643$ & $0.552046$ & $0.494805$ & $0.19207$ & $-0.236453$ & $-0.133315$ & $0.0116582$ & $-0.135195$ & $-0.0614219$ & $0.0837877$ & $-0.138403$ & $-0.341946$ & $-0.00469886$ & $-0.0195745$ & $0.0198088$ & $0.0255394$ & $-0.0514563$ & $-0.00377916$ & $-0.0331933$ & $0.00597072$ & $0.010068$ & $-0.0450699$ & $-0.0239334$ & $-0.00521493$ & $0.0123954$ & $-0.0160949$ & $0.027698$ \\
CHD & $0.00605626$ & $0.0418738$ & $0.00847097$ & $0.0542322$ & $0.0111115$ & $0.200558$ & $0.0723757$ & $-0.878601$ & $-0.860552$ & $0.343846$ & $1$ & $0.00892153$ & $-0.18574$ & $-0.528475$ & $-0.421655$ & $-0.401545$ & $-0.224733$ & $0.0513999$ & $0.0487825$ & $-0.990873$ & $-0.991171$ & $-0.971076$ & $-0.0406817$ & $0.296237$ & $0.0156784$ & $0.584765$ & $-0.291602$ & $-0.342702$ & $0.00787038$ & $-0.0890562$ & $-0.0498001$ & $0.0782145$ & $-0.0713622$ & $-0.376048$ & $-0.017649$ & $-0.0145961$ & $0.0135308$ & $0.0383359$ & $-0.0050475$ & $-0.0283394$ & $0.0281257$ & $-0.0419722$ & $0.0175675$ & $-0.0408995$ & $-0.00610766$ & $-0.00953469$ & $0.0208717$ & $0.00388879$ & $0.0225783$ \\
CHbox & $0.00253974$ & $0.00991567$ & $0.03669$ & $0.0345475$ & $0.000551122$ & $0.0238915$ & $-0.261099$ & $0.144905$ & $0.156374$ & $0.14784$ & $0.00892153$ & $1$ & $0.834389$ & $-0.264596$ & $0.0232455$ & $0.0277991$ & $-0.312855$ & $-0.304396$ & $-0.307993$ & $-0.000510044$ & $-0.00224597$ & $-0.00551666$ & $0.032563$ & $-0.252701$ & $-0.297655$ & $-0.0111404$ & $0.0442995$ & $0.00286873$ & $0.0458277$ & $0.361139$ & $0.12969$ & $-0.175555$ & $0.437747$ & $0.088797$ & $0.0433577$ & $0.0548392$ & $-0.0294856$ & $-0.000984936$ & $-0.0336165$ & $0.0154331$ & $-0.0634453$ & $0.010536$ & $0.024512$ & $-0.0694637$ & $-0.0540265$ & $0.000629601$ & $0.00737131$ & $0.00437573$ & $0.0211997$ \\
CH & $0.00555731$ & $-0.00289887$ & $0.0301453$ & $0.0135257$ & $-0.00373566$ & $-0.0103461$ & $-0.312877$ & $0.358543$ & $0.355677$ & $-0.248508$ & $-0.18574$ & $0.834389$ & $1$ & $-0.221697$ & $0.0784006$ & $0.0661438$ & $-0.33912$ & $-0.377242$ & $-0.3672$ & $0.181175$ & $0.197877$ & $0.194323$ & $0.0452057$ & $-0.386408$ & $-0.365665$ & $-0.121496$ & $0.149022$ & $0.0840179$ & $0.030277$ & $0.302835$ & $0.133667$ & $-0.262695$ & $0.364894$ & $0.222658$ & $0.0350917$ & $0.040379$ & $-0.0227046$ & $-0.00122947$ & $-0.00919568$ & $0.0225029$ & $-0.0350534$ & $0.0120552$ & $0.0150983$ & $-0.0381474$ & $-0.0399259$ & $-0.000417358$ & $0.0126662$ & $0.0195471$ & $0.00979521$ \\
CHL1_11 & $-0.018185$ & $0.00114487$ & $0.00811775$ & $-0.0551512$ & $0.00311488$ & $-0.0114138$ & $0.0590901$ & $0.116644$ & $0.107565$ & $0.237437$ & $-0.528475$ & $-0.264596$ & $-0.221697$ & $1$ & $0.285945$ & $0.273487$ & $0.657704$ & $0.595347$ & $0.591346$ & $0.547694$ & $0.489484$ & $0.475487$ & $-0.0937283$ & $0.463679$ & $0.600415$ & $-0.272573$ & $-0.0950431$ & $0.173676$ & $-0.000252744$ & $-0.0458105$ & $-0.0115285$ & $0.042762$ & $-0.0676548$ & $-0.203538$ & $0.00808676$ & $-0.0433898$ & $0.0254292$ & $-0.0154799$ & $-0.0351635$ & $0.023593$ & $-0.0140921$ & $0.0276292$ & $-0.0330444$ & $0.0241949$ & $0.00617485$ & $-0.0227366$ & $0.0165121$ & $-0.0129316$ & $-0.0131107$ \\
CHL1_22 & $-0.0160641$ & $-0.0340641$ & $-0.0257178$ & $-0.0617787$ & $-0.0064044$ & $-0.0705895$ & $-0.0376748$ & $0.297271$ & $0.291868$ & $-0.138917$ & $-0.421655$ & $0.0232455$ & $0.0784006$ & $0.285945$ & $1$ & $0.446716$ & $0.168927$ & $-0.429565$ & $-0.0317689$ & $0.48284$ & $0.337818$ & $0.329156$ & $-0.17344$ & $0.116056$ & $-0.13056$ & $-0.204527$ & $-0.395342$ & $0.0889443$ & $-0.00694672$ & $0.0212026$ & $-0.000987658$ & $-0.0499873$ & $0.0192512$ & $-0.584172$ & $0.0131351$ & $-0.0338302$ & $0.000900636$ & $-0.0328063$ & $0.00212607$ & $-0.0176685$ & $0.00686071$ & $0.045778$ & $0.0237033$ & $0.0358832$ & $0.0142771$ & $0.0259722$ & $-0.0175891$ & $0.0131459$ & $-0.0325122$ \\
CHL1_33 & $-0.015015$ & $-0.0396997$ & $-0.0172857$ & $-0.0521628$ & $0.0020003$ & $-0.0972417$ & $-0.0331983$ & $0.276763$ & $0.270107$ & $-0.109856$ & $-0.401545$ & $0.0277991$ & $0.0661438$ & $0.273487$ & $0.446716$ & $1$ & $0.170703$ & $-0.00957449$ & $-0.43401$ & $0.465441$ & $0.31764$ & $0.339781$ & $-0.150064$ & $0.130329$ & $-0.11413$ & $-0.191334$ & $-0.387448$ & $0.0985425$ & $-0.0040213$ & $0.0238856$ & $0.0104762$ & $-0.0406742$ & $0.0109971$ & $-0.109572$ & $0.0181681$ & $-0.022027$ & $-0.0271872$ & $-0.01205$ & $0.000707186$ & $0.00881866$ & $0.0145985$ & $0.0116357$ & $-0.00206327$ & $0.0280854$ & $0.0278437$ & $0.0263293$ & $-0.0478866$ & $0.00627113$ & $-0.045314$ \\
CHL3_11 & $0.0227365$ & $0.0449476$ & $0.00466301$ & $-0.00968512$ & $-0.0279614$ & $-0.294$ & $0.0808187$ & $-0.233795$ & $-0.237656$ & $0.43831$ & $-0.224733$ & $-0.312855$ & $-0.33912$ & $0.657704$ & $0.168927$ & $0.170703$ & $1$ & $0.746132$ & $0.731388$ & $0.247215$ & $0.192158$ & $0.185387$ & $-0.0959019$ & $0.677642$ & $0.770685$ & $-0.106007$ & $-0.184007$ & $0.0734745$ & $-0.0280515$ & $-0.0970341$ & $-0.0343316$ & $0.0639691$ & $-0.0923706$ & $-0.243752$ & $0.00807715$ & $-0.0395374$ & $-0.00401187$ & $0.00235366$ & $-0.0304352$ & $0.0277606$ & $0.00403728$ & $0.00363112$ & $-0.0401339$ & $0.0582793$ & $0.00322137$ & $-0.00960862$ & $-0.00303918$ & $-0.0230537$ & $0.0260883$ \\
CHL3_22 & $0.0125431$ & $0.0457262$ & $0.0219158$ & $0.0137924$ & $-0.0110511$ & $-0.092711$ & $0.108704$ & $-0.425233$ & $-0.425124$ & $0.509556$ & $0.0513999$ & $-0.304396$ & $-0.377242$ & $0.595347$ & $-0.429565$ & $-0.00957449$ & $0.746132$ & $1$ & $0.677725$ & $-0.0500584$ & $-0.0473097$ & $-0.0450687$ & $-0.0209188$ & $0.62446$ & $0.801548$ & $0.041955$ & $-0.0230662$ & $0.00534032$ & $-0.00757396$ & $-0.105166$ & $-0.0340418$ & $0.100107$ & $-0.108322$ & $0.0255841$ & $0.000808653$ & $-0.0287335$ & $0.00479737$ & $0.0187314$ & $-0.0357501$ & $0.0345915$ & $-0.00203311$ & $-0.0214865$ & $-0.0514294$ & $0.0166905$ & $-0.00362309$ & $-0.0266539$ & $0.0135559$ & $-0.0238894$ & $0.025195$ \\
CHL3_33 & $0.0164615$ & $0.0528217$ & $0.0202208$ & $0.00803347$ & $-0.0137612$ & $-0.0648085$ & $0.103836$ & $-0.414562$ & $-0.413268$ & $0.486985$ & $0.0487825$ & $-0.307993$ & $-0.3672$ & $0.591346$ & $-0.0317689$ & $-0.43401$ & $0.731388$ & $0.677725$ & $1$ & $-0.0516993$ & $-0.0404028$ & $-0.0413558$ & $-0.0267192$ & $0.60383$ & $0.79037$ & $0.0333288$ & $-0.00821284$ & $-0.00948781$ & $-0.0132716$ & $-0.1071$ & $-0.0385969$ & $0.0913166$ & $-0.099287$ & $-0.324711$ & $-0.00423166$ & $-0.0374185$ & $0.0258018$ & $0.00312475$ & $-0.0362975$ & $0.0131214$ & $-0.00855425$ & $0.000656725$ & $-0.03156$ & $0.0236684$ & $-0.0133377$ & $-0.030255$ & $0.0413729$ & $-0.0155035$ & $0.0448199$ \\
CHe_11 & $-0.0109367$ & $-0.0285207$ & $-1.00718e-05$ & $-0.0523983$ & $-0.00403376$ & $-0.197196$ & $-0.0709239$ & $0.850241$ & $0.832865$ & $-0.328952$ & $-0.990873$ & $-0.000510044$ & $0.181175$ & $0.547694$ & $0.48284$ & $0.465441$ & $0.247215$ & $-0.0500584$ & $-0.0516993$ & $1$ & $0.973223$ & $0.954432$ & $0.0159251$ & $-0.243071$ & $-0.00746407$ & $-0.574464$ & $0.219707$ & $0.33338$ & $-0.00527279$ & $0.0861165$ & $0.0496187$ & $-0.0766012$ & $0.0725416$ & $0.300382$ & $0.0236397$ & $0.0116507$ & $-0.016143$ & $-0.0392509$ & $0.000669059$ & $0.02885$ & $-0.0314604$ & $0.0431315$ & $-0.0141562$ & $0.0433688$ & $0.00460087$ & $0.0142397$ & $-0.0156323$ & $-0.00327874$ & $-0.0208905$ \\
CHe_22 & $-0.00636037$ & $-0.0233711$ & $0.00300514$ & $-0.0421531$ & $-0.00294322$ & $-0.20134$ & $-0.0748062$ & $0.895842$ & $0.878053$ & $-0.358743$ & $-0.991171$ & $-0.00224597$ & $0.197877$ & $0.489484$ & $0.337818$ & $0.31764$ & $0.192158$ & $-0.0473097$ & $-0.0404028$ & $0.973223$ & $1$ & $0.975547$ & $0.0714169$ & $-0.35236$ & $-0.0216297$ & $-0.588829$ & $0.372363$ & $0.347958$ & $-0.00700744$ & $0.0938781$ & $0.0553358$ & $-0.0789035$ & $0.0793683$ & $0.460922$ & $0.0186083$ & $0.0237404$ & $-0.0136285$ & $-0.036075$ & $0.00441108$ & $0.0305835$ & $-0.0328949$ & $0.0402162$ & $-0.0169018$ & $0.0370775$ & $0.00203472$ & $0.00744783$ & $-0.012644$ & $-0.00802946$ & $-0.0128229$ \\
CHe_33 & $0.00651418$ & $-0.0198152$ & $0.0131013$ & $-0.0475023$ & $-0.000448393$ & $-0.197992$ & $-0.07338$ & $0.878986$ & $0.860792$ & $-0.356254$ & $-0.971076$ & $-0.00551666$ & $0.194323$ & $0.475487$ & $0.329156$ & $0.339781$ & $0.185387$ & $-0.0450687$ & $-0.0413558$ & $0.954432$ & $0.975547$ & $1$ & $0.0733592$ & $-0.347597$ & $-0.0242168$ & $-0.581226$ & $0.362549$ & $0.33819$ & $-0.009652$ & $0.0922885$ & $0.0558563$ & $-0.0781075$ & $0.0769957$ & $0.456966$ & $0.0149663$ & $0.0168705$ & $-0.0150602$ & $-0.0363716$ & $-0.000177802$ & $0.0347863$ & $-0.0353792$ & $0.0404066$ & $-0.0153946$ & $0.044868$ & $0.00542869$ & $0.00531408$ & $-0.00855391$ & $0.00502292$ & $-0.0104246$ \\
CHQ1_11 & $0.0277641$ & $0.0261727$ & $0.00758317$ & $0.0105842$ & $0.00834119$ & $-0.0243423$ & $-0.0178798$ & $0.109044$ & $0.102287$ & $-0.045643$ & $-0.0406817$ & $0.032563$ & $0.0452057$ & $-0.0937283$ & $-0.17344$ & $-0.150064$ & $-0.0959019$ & $-0.0209188$ & $-0.0267192$ & $0.0159251$ & $0.0714169$ & $0.0733592$ & $1$ & $-0.179671$ & $0.0503587$ & $-0.682157$ & $0.37034$ & $0.00421473$ & $0.00470041$ & $0.0363302$ & $0.0314193$ & $-0.00968487$ & $0.0290396$ & $0.238431$ & $-0.0296274$ & $0.0264897$ & $0.013773$ & $-0.044394$ & $0.0218928$ & $-0.0139709$ & $-0.0291541$ & $-0.0444204$ & $-0.0359775$ & $-0.0250652$ & $-0.00866599$ & $-0.0115099$ & $0.0286154$ & $-0.0244815$ & $0.00814241$ \\
CHQ1_33 & $-0.0354746$ & $0.0237284$ & $-0.0172316$ & $-0.0173783$ & $-0.0242375$ & $-0.0259124$ & $0.112894$ & $-0.66448$ & $-0.657581$ & $0.552046$ & $0.296237$ & $-0.252701$ & $-0.386408$ & $0.463679$ & $0.116056$ & $0.130329$ & $0.677642$ & $0.62446$ & $0.60383$ & $-0.243071$ & $-0.35236$ & $-0.347597$ & $-0.179671$ & $1$ & $0.639291$ & $0.220411$ & $-0.438682$ & $-0.0199181$ & $-0.0058526$ & $-0.121743$ & $-0.0589599$ & $0.0988536$ & $-0.126803$ & $-0.632724$ & $0.00929651$ & $-0.06017$ & $0.0236562$ & $0.00445634$ & $-0.0290939$ & $0.00654697$ & $0.0120632$ & $-0.00754124$ & $0.001955$ & $0.00609589$ & $0.0136535$ & $-0.0129021$ & $0.00535366$ & $-0.00900975$ & $0.00458455$ \\
CHQ3_11 & $-0.0628794$ & $0.0313321$ & $0.0145779$ & $0.00345511$ & $-0.0209056$ & $-0.11617$ & $0.109441$ & $-0.398606$ & $-0.396398$ & $0.494805$ & $0.0156784$ & $-0.297655$ & $-0.365665$ & $0.600415$ & $-0.13056$ & $-0.11413$ & $0.770685$ & $0.801548$ & $0.79037$ & $-0.00746407$ & $-0.0216297$ & $-0.0242168$ & $0.0503587$ & $0.639291$ & $1$ & $0.0264081$ & $0.188379$ & $-0.00870954$ & $-0.00617041$ & $-0.104361$ & $-0.0374862$ & $0.096951$ & $-0.101966$ & $-0.202999$ & $0.00893366$ & $-0.0389371$ & $0.0028178$ & $0.00544562$ & $-0.0325203$ & $-0.00101051$ & $-0.00159703$ & $-0.0333153$ & $-0.0223026$ & $0.00583506$ & $-0.0166079$ & $-0.0119637$ & $0.0138898$ & $-0.0298599$ & $0.0235505$ \\
CHu_11 & $-0.0508256$ & $0.00566322$ & $0.00406274$ & $0.0253033$ & $0.00587015$ & $0.136962$ & $0.0643569$ & $-0.534194$ & $-0.517325$ & $0.19207$ & $0.584765$ & $-0.0111404$ & $-0.121496$ & $-0.272573$ & $-0.204527$ & $-0.191334$ & $-0.106007$ & $0.041955$ & $0.0333288$ & $-0.574464$ & $-0.588829$ & $-0.581226$ & $-0.682157$ & $0.220411$ & $0.0264081$ & $1$ & $-0.194638$ & $-0.193853$ & $0.00273634$ & $-0.0645157$ & $-0.0475652$ & $0.0608915$ & $-0.053613$ & $-0.275908$ & $0.0224061$ & $-0.0217454$ & $-0.000452656$ & $0.0599434$ & $-0.0271395$ & $-0.0285681$ & $0.0375247$ & $-0.00201506$ & $0.0321765$ & $-0.00135399$ & $-0.00917796$ & $-0.0105173$ & $0.00157808$ & $0.00491045$ & $0.00899958$ \\
CHd_11 & $-0.016451$ & $0.0112811$ & $0.0206432$ & $0.0070285$ & $-0.00773576$ & $-0.0727539$ & $-0.0283031$ & $0.431778$ & $0.427316$ & $-0.236453$ & $-0.291602$ & $0.0442995$ & $0.149022$ & $-0.0950431$ & $-0.395342$ & $-0.387448$ & $-0.184007$ & $-0.0230662$ & $-0.00821284$ & $0.219707$ & $0.372363$ & $0.362549$ & $0.37034$ & $-0.438682$ & $0.188379$ & $-0.194638$ & $1$ & $0.116258$ & $0.00929839$ & $0.0701367$ & $0.0446086$ & $-0.021849$ & $0.066541$ & $0.684753$ & $0.00148339$ & $0.0507194$ & $-0.00878847$ & $-0.0167602$ & $0.0103269$ & $-0.0117815$ & $-0.0404978$ & $-0.0246128$ & $-0.00930136$ & $-0.0248167$ & $-0.031324$ & $-0.00843418$ & $0.0161348$ & $-0.0169202$ & $0.0175641$ \\
CHd_33 & $0.000149424$ & $-0.00692338$ & $-0.0146039$ & $-0.0599933$ & $-0.020158$ & $-0.0671028$ & $-0.0375402$ & $0.308541$ & $0.307214$ & $-0.133315$ & $-0.342702$ & $0.00286873$ & $0.0840179$ & $0.173676$ & $0.0889443$ & $0.0985425$ & $0.0734745$ & $0.00534032$ & $-0.00948781$ & $0.33338$ & $0.347958$ & $0.33819$ & $0.00421473$ & $-0.0199181$ & $-0.00870954$ & $-0.193853$ & $0.116258$ & $1$ & $-0.0321891$ & $0.0399594$ & $0.019615$ & $-0.0414585$ & $0.0331605$ & $0.183989$ & $-0.0147653$ & $-0.0121068$ & $0.0231771$ & $-0.00454593$ & $0.00898037$ & $0.0160092$ & $0.0117855$ & $0.0118677$ & $0.0340839$ & $-0.0154946$ & $0.0154569$ & $0.00591952$ & $-0.0186922$ & $0.0010622$ & $-0.0206374$ \\
CeH_22r & $0.00964647$ & $0.0288136$ & $0.0277147$ & $-0.0145701$ & $0.00184872$ & $0.00458623$ & $0.0185342$ & $-0.000596288$ & $0.00310029$ & $0.0116582$ & $0.00787038$ & $0.0458277$ & $0.030277$ & $-0.000252744$ & $-0.00694672$ & $-0.0040213$ & $-0.0280515$ & $-0.00757396$ & $-0.0132716$ & $-0.00527279$ & $-0.00700744$ & $-0.009652$ & $0.00470041$ & $-0.0058526$ & $-0.00617041$ & $0.00273634$ & $0.00929839$ & $-0.0321891$ & $1$ & $0.0354661$ & $0.0171362$ & $0.00477637$ & $0.0443772$ & $-0.00165098$ & $-0.0158258$ & $0.0199572$ & $-0.0446795$ & $-0.00405098$ & $-0.00879848$ & $-0.00207668$ & $0.00323541$ & $0.0373284$ & $-0.00616309$ & $0.0382936$ & $0.00141334$ & $-0.00546424$ & $0.0237782$ & $-0.0298891$ & $0.0306897$ \\
CeH_33r & $0.0281945$ & $-0.0431252$ & $-0.0330135$ & $-0.0521624$ & $-0.0151494$ & $0.00391516$ & $-0.120571$ & $0.136923$ & $0.159414$ & $-0.135195$ & $-0.0890562$ & $0.361139$ & $0.302835$ & $-0.0458105$ & $0.0212026$ & $0.0238856$ & $-0.0970341$ & $-0.105166$ & $-0.1071$ & $0.0861165$ & $0.0938781$ & $0.0922885$ & $0.0363302$ & $-0.121743$ & $-0.104361$ & $-0.0645157$ & $0.0701367$ & $0.0399594$ & $0.0354661$ & $1$ & $0.29604$ & $0.0263882$ & $0.674857$ & $0.0877573$ & $-0.0325361$ & $0.0579452$ & $-0.0987332$ & $-0.0109385$ & $-0.034798$ & $0.00849339$ & $0.023693$ & $-0.0458921$ & $-0.0383135$ & $-0.0206139$ & $0.030096$ & $0.000935847$ & $-0.0340843$ & $-0.0171159$ & $-0.0297591$ \\
CuH_22r & $0.0347982$ & $0.0777863$ & $0.11441$ & $-0.00414346$ & $0.00867492$ & $-0.0137848$ & $-0.0828759$ & $0.0672452$ & $0.0785584$ & $-0.0614219$ & $-0.0498001$ & $0.12969$ & $0.133667$ & $-0.0115285$ & $-0.000987658$ & $0.0104762$ & $-0.0343316$ & $-0.0340418$ & $-0.0385969$ & $0.0496187$ & $0.0553358$ & $0.0558563$ & $0.0314193$ & $-0.0589599$ & $-0.0374862$ & $-0.0475652$ & $0.0446086$ & $0.019615$ & $0.0171362$ & $0.29604$ & $1$ & $0.00764994$ & $0.387213$ & $0.0565453$ & $0.015943$ & $0.122334$ & $-0.0313673$ & $-0.0163033$ & $-0.0756312$ & $0.0254752$ & $-0.0463237$ & $-0.0617233$ & $-0.0389201$ & $0.00602939$ & $-0.0434907$ & $-0.0532802$ & $0.316653$ & $0.00535914$ & $0.0572082$ \\
CuH_33r & $0.0193566$ & $0.013149$ & $0.0144786$ & $0.03018$ & $-0.0145351$ & $0.0591867$ & $0.940148$ & $-0.114419$ & $-0.0709526$ & $0.0837877$ & $0.0782145$ & $-0.175555$ & $-0.262695$ & $0.042762$ & $-0.0499873$ & $-0.0406742$ & $0.0639691$ & $0.100107$ & $0.0913166$ & $-0.0766012$ & $-0.0789035$ & $-0.0781075$ & $-0.00968487$ & $0.0988536$ & $0.096951$ & $0.0608915$ & $-0.021849$ & $-0.0414585$ & $0.00477637$ & $0.0263882$ & $0.00764994$ & $1$ & $0.0391022$ & $-0.0562438$ & $-0.0189455$ & $-0.00198457$ & $-0.0194075$ & $0.0238627$ & $-0.00645811$ & $-0.0208419$ & $0.0450703$ & $0.00858028$ & $-0.0516655$ & $0.0361142$ & $0.0164375$ & $-0.00123766$ & $0.00829179$ & $-0.0666733$ & $0.0173551$ \\
CdH_33r & $0.0400401$ & $0.0462731$ & $0.100972$ & $0.0713282$ & $0.000360092$ & $0.00324395$ & $-0.1506$ & $0.121282$ & $0.145621$ & $-0.138403$ & $-0.0713622$ & $0.437747$ & $0.364894$ & $-0.0676548$ & $0.0192512$ & $0.0109971$ & $-0.0923706$ & $-0.108322$ & $-0.099287$ & $0.0725416$ & $0.0793683$ & $0.0769957$ & $0.0290396$ & $-0.126803$ & $-0.101966$ & $-0.053613$ & $0.066541$ & $0.0331605$ & $0.0443772$ & $0.674857$ & $0.387213$ & $0.0391022$ & $1$ & $0.0849131$ & $0.104135$ & $0.0181258$ & $-0.149677$ & $-0.0517053$ & $-0.0482674$ & $0.0671639$ & $-0.0737437$ & $-0.0537149$ & $-0.0543947$ & $-0.0487962$ & $-0.118765$ & $-0.117749$ & $0.0950379$ & $0.045482$ & $0.361367$ \\
CLL_1221 & $0.0175962$ & $0.0230755$ & $0.0256723$ & $0.0317788$ & $-0.00147951$ & $-0.132513$ & $-0.0669679$ & $0.570516$ & $0.561936$ & $-0.341946$ & $-0.376048$ & $0.088797$ & $0.222658$ & $-0.203538$ & $-0.584172$ & $-0.109572$ & $-0.243752$ & $0.0255841$ & $-0.324711$ & $0.300382$ & $0.460922$ & $0.456966$ & $0.238431$ & $-0.632724$ & $-0.202999$ & $-0.275908$ & $0.684753$ & $0.183989$ & $-0.00165098$ & $0.0877573$ & $0.0565453$ & $-0.0562438$ & $0.0849131$ & $1$ & $-0.000437808$ & $0.0653412$ & $-0.0184222$ & $-0.00089471$ & $0.0142793$ & $0.0320684$ & $-0.0323987$ & $-0.0083587$ & $-0.0185138$ & $-0.00125317$ & $-0.0112842$ & $-0.00606694$ & $0.000484223$ & $-0.0108758$ & $0.0192202$ \\
eHggint & $-0.138286$ & $0.00609005$ & $0.219435$ & $0.0688162$ & $-0.00396491$ & $-0.0137111$ & $-0.0761454$ & $0.0137579$ & $-0.00597097$ & $-0.00469886$ & $-0.017649$ & $0.0433577$ & $0.0350917$ & $0.00808676$ & $0.0131351$ & $0.0181681$ & $0.00807715$ & $0.000808653$ & $-0.00423166$ & $0.0236397$ & $0.0186083$ & $0.0149663$ & $-0.0296274$ & $0.00929651$ & $0.00893366$ & $0.0224061$ & $0.00148339$ & $-0.0147653$ & $-0.0158258$ & $-0.0325361$ & $0.015943$ & $-0.0189455$ & $0.104135$ & $-0.000437808$ & $1$ & $0.0859252$ & $-0.212473$ & $0.0455237$ & $-0.0914067$ & $0.0687371$ & $-0.097529$ & $0.0370836$ & $-0.0176806$ & $-0.00256121$ & $0.0232379$ & $-0.178964$ & $0.0548113$ & $-0.0912654$ & $0.334495$ \\
eHggpar & $0.0608026$ & $0.061613$ & $0.153953$ & $0.0814826$ & $0.0173547$ & $-0.0459564$ & $-0.0459871$ & $0.0406787$ & $0.0324238$ & $-0.0195745$ & $-0.0145961$ & $0.0548392$ & $0.040379$ & $-0.0433898$ & $-0.0338302$ & $-0.022027$ & $-0.0395374$ & $-0.0287335$ & $-0.0374185$ & $0.0116507$ & $0.0237404$ & $0.0168705$ & $0.0264897$ & $-0.06017$ & $-0.0389371$ & $-0.0217454$ & $0.0507194$ & $-0.0121068$ & $0.0199572$ & $0.0579452$ & $0.122334$ & $-0.00198457$ & $0.0181258$ & $0.0653412$ & $0.0859252$ & $1$ & $-0.284152$ & $-0.00760473$ & $-0.0290255$ & $0.0145627$ & $-0.160526$ & $-0.0249762$ & $-0.0907294$ & $0.119167$ & $0.0779577$ & $-0.0857358$ & $0.303255$ & $-0.150113$ & $-0.0246252$ \\
eHWWint & $-0.0358489$ & $0.115678$ & $-0.149018$ & $0.0531888$ & $-0.0352778$ & $0.00538296$ & $0.0243594$ & $-0.0187549$ & $-0.00746377$ & $0.0198088$ & $0.0135308$ & $-0.0294856$ & $-0.0227046$ & $0.0254292$ & $0.000900636$ & $-0.0271872$ & $-0.00401187$ & $0.00479737$ & $0.0258018$ & $-0.016143$ & $-0.0136285$ & $-0.0150602$ & $0.013773$ & $0.0236562$ & $0.0028178$ & $-0.000452656$ & $-0.00878847$ & $0.0231771$ & $-0.0446795$ & $-0.0987332$ & $-0.0313673$ & $-0.0194075$ & $-0.149677$ & $-0.0184222$ & $-0.212473$ & $-0.284152$ & $1$ & $0.0558223$ & $0.0595705$ & $-0.0031964$ & $-0.183206$ & $0.0266321$ & $0.302326$ & $-0.0986552$ & $-0.0183476$ & $-0.0776984$ & $0.122871$ & $0.182682$ & $-0.152795$ \\
eHWWpar & $-0.00669255$ & $0.00790206$ & $-0.00129375$ & $0.0311601$ & $0.040712$ & $0.0151708$ & $0.0270681$ & $-0.0366859$ & $-0.0291604$ & $0.0255394$ & $0.0383359$ & $-0.000984936$ & $-0.00122947$ & $-0.0154799$ & $-0.0328063$ & $-0.01205$ & $0.00235366$ & $0.0187314$ & $0.00312475$ & $-0.0392509$ & $-0.036075$ & $-0.0363716$ & $-0.044394$ & $0.00445634$ & $0.00544562$ & $0.0599434$ & $-0.0167602$ & $-0.00454593$ & $-0.00405098$ & $-0.0109385$ & $-0.0163033$ & $0.0238627$ & $-0.0517053$ & $-0.00089471$ & $0.0455237$ & $-0.00760473$ & $0.0558223$ & $1$ & $-0.015651$ & $0.0126592$ & $-0.0322918$ & $0.0253836$ & $0.0832523$ & $-0.0764017$ & $-0.0378529$ & $-0.0318074$ & $-0.0201368$ & $-0.0175005$ & $-0.0163421$ \\
eHZZint & $0.011682$ & $-0.139064$ & $-0.171204$ & $0.185431$ & $-0.0109698$ & $-0.0016507$ & $0.0108729$ & $0.0236028$ & $0.0238105$ & $-0.0514563$ & $-0.0050475$ & $-0.0336165$ & $-0.00919568$ & $-0.0351635$ & $0.00212607$ & $0.000707186$ & $-0.0304352$ & $-0.0357501$ & $-0.0362975$ & $0.000669059$ & $0.00441108$ & $-0.000177802$ & $0.0218928$ & $-0.0290939$ & $-0.0325203$ & $-0.0271395$ & $0.0103269$ & $0.00898037$ & $-0.00879848$ & $-0.034798$ & $-0.0756312$ & $-0.00645811$ & $-0.0482674$ & $0.0142793$ & $-0.0914067$ & $-0.0290255$ & $0.0595705$ & $-0.015651$ & $1$ & $-0.0580221$ & $0.00353884$ & $0.0373106$ & $0.0189102$ & $-0.214708$ & $-0.0602171$ & $0.178759$ & $-0.250873$ & $0.125709$ & $-0.0634054$ \\
eHZZpar & $0.0264776$ & $0.0401217$ & $0.00244552$ & $0.0220104$ & $0.0358157$ & $-0.0264153$ & $-0.0297044$ & $0.0163042$ & $0.0186413$ & $-0.00377916$ & $-0.0283394$ & $0.0154331$ & $0.0225029$ & $0.023593$ & $-0.0176685$ & $0.00881866$ & $0.0277606$ & $0.0345915$ & $0.0131214$ & $0.02885$ & $0.0305835$ & $0.0347863$ & $-0.0139709$ & $0.00654697$ & $-0.00101051$ & $-0.0285681$ & $-0.0117815$ & $0.0160092$ & $-0.00207668$ & $0.00849339$ & $0.0254752$ & $-0.0208419$ & $0.0671639$ & $0.0320684$ & $0.0687371$ & $0.0145627$ & $-0.0031964$ & $0.0126592$ & $-0.0580221$ & $1$ & $-0.0694527$ & $0.00948188$ & $0.0389654$ & $0.034323$ & $-0.0557967$ & $-0.0472076$ & $0.0285682$ & $0.0137239$ & $0.116344$ \\
eHZgaint & $-0.0556044$ & $-0.185294$ & $-0.144753$ & $-0.00329319$ & $0.0478771$ & $0.00751938$ & $0.0602912$ & $-0.0274553$ & $-0.030045$ & $-0.0331933$ & $0.0281257$ & $-0.0634453$ & $-0.0350534$ & $-0.0140921$ & $0.00686071$ & $0.0145985$ & $0.00403728$ & $-0.00203311$ & $-0.00855425$ & $-0.0314604$ & $-0.0328949$ & $-0.0353792$ & $-0.0291541$ & $0.0120632$ & $-0.00159703$ & $0.0375247$ & $-0.0404978$ & $0.0117855$ & $0.00323541$ & $0.023693$ & $-0.0463237$ & $0.0450703$ & $-0.0737437$ & $-0.0323987$ & $-0.097529$ & $-0.160526$ & $-0.183206$ & $-0.0322918$ & $0.00353884$ & $-0.0694527$ & $1$ & $-0.0502121$ & $-0.150587$ & $0.0463407$ & $0.165384$ & $0.0229587$ & $-0.152824$ & $-0.122009$ & $-0.158492$ \\
eHZgapar & $0.0777478$ & $0.0664071$ & $-0.0440277$ & $0.0121439$ & $-0.0130592$ & $-0.0044645$ & $0.0236606$ & $0.0356856$ & $0.0353148$ & $0.00597072$ & $-0.0419722$ & $0.010536$ & $0.0120552$ & $0.0276292$ & $0.045778$ & $0.0116357$ & $0.00363112$ & $-0.0214865$ & $0.000656725$ & $0.0431315$ & $0.0402162$ & $0.0404066$ & $-0.0444204$ & $-0.00754124$ & $-0.0333153$ & $-0.00201506$ & $-0.0246128$ & $0.0118677$ & $0.0373284$ & $-0.0458921$ & $-0.0617233$ & $0.00858028$ & $-0.0537149$ & $-0.0083587$ & $0.0370836$ & $-0.0249762$ & $0.0266321$ & $0.0253836$ & $0.0373106$ & $0.00948188$ & $-0.0502121$ & $1$ & $0.0802247$ & $-0.0616383$ & $0.0243737$ & $0.0262199$ & $0.00397544$ & $0.0189605$ & $-0.045506$ \\
eHgagaint & $-0.240669$ & $0.0930845$ & $-0.10814$ & $0.0683118$ & $-0.00430903$ & $0.0130767$ & $-0.0367917$ & $0.00060577$ & $0.0427427$ & $0.010068$ & $0.0175675$ & $0.024512$ & $0.0150983$ & $-0.0330444$ & $0.0237033$ & $-0.00206327$ & $-0.0401339$ & $-0.0514294$ & $-0.03156$ & $-0.0141562$ & $-0.0169018$ & $-0.0153946$ & $-0.0359775$ & $0.001955$ & $-0.0223026$ & $0.0321765$ & $-0.00930136$ & $0.0340839$ & $-0.00616309$ & $-0.0383135$ & $-0.0389201$ & $-0.0516655$ & $-0.0543947$ & $-0.0185138$ & $-0.0176806$ & $-0.0907294$ & $0.302326$ & $0.0832523$ & $0.0189102$ & $0.0389654$ & $-0.150587$ & $0.0802247$ & $1$ & $-0.190153$ & $-0.101292$ & $0.219562$ & $0.0225155$ & $0.110677$ & $-0.061895$ \\
eHmumuint & $0.0419914$ & $0.0674335$ & $-0.0890342$ & $-0.0551038$ & $0.0205973$ & $-0.0415883$ & $0.0443905$ & $0.0177192$ & $0.0107155$ & $-0.0450699$ & $-0.0408995$ & $-0.0694637$ & $-0.0381474$ & $0.0241949$ & $0.0358832$ & $0.0280854$ & $0.0582793$ & $0.0166905$ & $0.0236684$ & $0.0433688$ & $0.0370775$ & $0.044868$ & $-0.0250652$ & $0.00609589$ & $0.00583506$ & $-0.00135399$ & $-0.0248167$ & $-0.0154946$ & $0.0382936$ & $-0.0206139$ & $0.00602939$ & $0.0361142$ & $-0.0487962$ & $-0.00125317$ & $-0.00256121$ & $0.119167$ & $-0.0986552$ & $-0.0764017$ & $-0.214708$ & $0.034323$ & $0.0463407$ & $-0.0616383$ & $-0.190153$ & $1$ & $0.131822$ & $-0.204335$ & $0.0783623$ & $-0.180274$ & $0.0157346$ \\
eHtautauint & $-0.0157831$ & $-0.093173$ & $-0.0683784$ & $-0.209908$ & $-0.0280774$ & $-0.0119029$ & $0.0259385$ & $0.00404554$ & $-0.00201435$ & $-0.0239334$ & $-0.00610766$ & $-0.0540265$ & $-0.0399259$ & $0.00617485$ & $0.0142771$ & $0.0278437$ & $0.00322137$ & $-0.00362309$ & $-0.0133377$ & $0.00460087$ & $0.00203472$ & $0.00542869$ & $-0.00866599$ & $0.0136535$ & $-0.0166079$ & $-0.00917796$ & $-0.031324$ & $0.0154569$ & $0.00141334$ & $0.030096$ & $-0.0434907$ & $0.0164375$ & $-0.118765$ & $-0.0112842$ & $0.0232379$ & $0.0779577$ & $-0.0183476$ & $-0.0378529$ & $-0.0602171$ & $-0.0557967$ & $0.165384$ & $0.0243737$ & $-0.101292$ & $0.131822$ & $1$ & $0.192425$ & $-0.170241$ & $0.257254$ & $-0.29554$ \\
eHccint & $-0.0317722$ & $-0.0325492$ & $-0.183374$ & $-0.104708$ & $0.0126233$ & $-0.0592841$ & $0.00805962$ & $0.0153424$ & $0.0236528$ & $-0.00521493$ & $-0.00953469$ & $0.000629601$ & $-0.000417358$ & $-0.0227366$ & $0.0259722$ & $0.0263293$ & $-0.00960862$ & $-0.0266539$ & $-0.030255$ & $0.0142397$ & $0.00744783$ & $0.00531408$ & $-0.0115099$ & $-0.0129021$ & $-0.0119637$ & $-0.0105173$ & $-0.00843418$ & $0.00591952$ & $-0.00546424$ & $0.000935847$ & $-0.0532802$ & $-0.00123766$ & $-0.117749$ & $-0.00606694$ & $-0.178964$ & $-0.0857358$ & $-0.0776984$ & $-0.0318074$ & $0.178759$ & $-0.0472076$ & $0.0229587$ & $0.0262199$ & $0.219562$ & $-0.204335$ & $0.192425$ & $1$ & $-0.315153$ & $0.0988073$ & $-0.373797$ \\
eHccpar & $0.0112276$ & $0.335376$ & $0.377691$ & $0.151751$ & $0.00114914$ & $0.0389102$ & $-0.00883793$ & $-0.0244014$ & $-0.0231353$ & $0.0123954$ & $0.0208717$ & $0.00737131$ & $0.0126662$ & $0.0165121$ & $-0.0175891$ & $-0.0478866$ & $-0.00303918$ & $0.0135559$ & $0.0413729$ & $-0.0156323$ & $-0.012644$ & $-0.00855391$ & $0.0286154$ & $0.00535366$ & $0.0138898$ & $0.00157808$ & $0.0161348$ & $-0.0186922$ & $0.0237782$ & $-0.0340843$ & $0.316653$ & $0.00829179$ & $0.0950379$ & $0.000484223$ & $0.0548113$ & $0.303255$ & $0.122871$ & $-0.0201368$ & $-0.250873$ & $0.0285682$ & $-0.152824$ & $0.00397544$ & $0.0225155$ & $0.0783623$ & $-0.170241$ & $-0.315153$ & $1$ & $0.0674002$ & $0.250711$ \\
eHbbint & $0.0711542$ & $-0.053596$ & $0.00615575$ & $0.0400616$ & $-0.0155617$ & $0.0141716$ & $-0.0529024$ & $0.00487279$ & $0.00611741$ & $-0.0160949$ & $0.00388879$ & $0.00437573$ & $0.0195471$ & $-0.0129316$ & $0.0131459$ & $0.00627113$ & $-0.0230537$ & $-0.0238894$ & $-0.0155035$ & $-0.00327874$ & $-0.00802946$ & $0.00502292$ & $-0.0244815$ & $-0.00900975$ & $-0.0298599$ & $0.00491045$ & $-0.0169202$ & $0.0010622$ & $-0.0298891$ & $-0.0171159$ & $0.00535914$ & $-0.0666733$ & $0.045482$ & $-0.0108758$ & $-0.0912654$ & $-0.150113$ & $0.182682$ & $-0.0175005$ & $0.125709$ & $0.0137239$ & $-0.122009$ & $0.0189605$ & $0.110677$ & $-0.180274$ & $0.257254$ & $0.0988073$ & $0.0674002$ & $1$ & $-0.126521$ \\
eHbbpar & $-0.00539367$ & $0.21293$ & $0.256917$ & $0.232384$ & $0.00543749$ & $0.0401118$ & $0.000177189$ & $-0.0272122$ & $-0.0273464$ & $0.027698$ & $0.0225783$ & $0.0211997$ & $0.00979521$ & $-0.0131107$ & $-0.0325122$ & $-0.045314$ & $0.0260883$ & $0.025195$ & $0.0448199$ & $-0.0208905$ & $-0.0128229$ & $-0.0104246$ & $0.00814241$ & $0.00458455$ & $0.0235505$ & $0.00899958$ & $0.0175641$ & $-0.0206374$ & $0.0306897$ & $-0.0297591$ & $0.0572082$ & $0.0173551$ & $0.361367$ & $0.0192202$ & $0.334495$ & $-0.0246252$ & $-0.152795$ & $-0.0163421$ & $-0.0634054$ & $0.116344$ & $-0.158492$ & $-0.045506$ & $-0.061895$ & $0.0157346$ & $-0.29554$ & $-0.373797$ & $0.250711$ & $-0.126521$ & $1$ \\
