 & AlsMz & dAle5Mz & mtop & mHl & Mz & CW & CHG & CHWB & CHWHB_gaga & CHWHB_gagaorth & CHD & CHbox & CH & CHL1_11 & CHL1_22 & CHL1_33 & CHL3_11 & CHL3_22 & CHL3_33 & CHe_11 & CHe_22 & CHe_33 & CHQ1_11 & CHQ1_33 & CHQ3_11 & CHu_11 & CHd_11 & CHd_33 & CeH_22r & CeH_33r & CuH_22r & CuH_33r & CdH_33r & CLL_1221 & eHggint & eHggpar & eHWWint & eHWWpar & eHZZint & eHZZpar & eHZgaint & eHZgapar & eHgagaint & eHmumuint & eHtautauint & eHccint & eHccpar & eHbbint & eHbbpar \\
AlsMz & $1$ & $-0.409383$ & $0.236808$ & $-0.164634$ & $0.00745135$ & $-0.00050639$ & $-0.0276605$ & $-0.0822114$ & $-0.0893037$ & $0.091246$ & $0.0403752$ & $-0.0366549$ & $-0.00628699$ & $0.0958719$ & $0.0755699$ & $0.0312334$ & $0.123605$ & $0.0567433$ & $0.0822136$ & $-0.0844039$ & $-0.0816966$ & $-0.1027$ & $-0.0314507$ & $0.0878134$ & $0.0201757$ & $-0.026645$ & $-0.236624$ & $0.00158592$ & $-0.013794$ & $-0.0583739$ & $-0.0659464$ & $-0.0370976$ & $-0.00166998$ & $-0.118132$ & $0.00941118$ & $-0.0559613$ & $-0.0701274$ & $0.0608465$ & $0.390639$ & $0.102495$ & $-0.0194728$ & $-0.0430779$ & $-0.186578$ & $-0.223806$ & $0.0718384$ & $-0.0997932$ & $-0.0849542$ & $0.13256$ & $0.0901507$ \\
dAle5Mz & $-0.409383$ & $1$ & $-0.132234$ & $0.062131$ & $0.0547653$ & $0.0432718$ & $-0.113392$ & $-0.0227699$ & $-0.0130798$ & $-0.0578159$ & $0.0744414$ & $0.238013$ & $0.220484$ & $-0.138864$ & $-0.0916006$ & $-0.113096$ & $-0.0776359$ & $-0.0118512$ & $0.00927999$ & $-0.0187053$ & $-0.00332023$ & $0.0208388$ & $0.00504626$ & $-0.0826092$ & $0.0339871$ & $0.12048$ & $0.304427$ & $0.0121422$ & $0.0521199$ & $0.0980155$ & $0.0441822$ & $-0.098492$ & $0.0189565$ & $0.157371$ & $0.317601$ & $-0.209055$ & $0.18924$ & $0.00759978$ & $-0.0693205$ & $0.0705574$ & $-0.437643$ & $-0.00961905$ & $0.494351$ & $0.343766$ & $0.111802$ & $0.265676$ & $0.00967553$ & $-0.175049$ & $-0.200445$ \\
mtop & $0.236808$ & $-0.132234$ & $1$ & $-0.453492$ & $0.0889199$ & $0.0659309$ & $-0.0638986$ & $-0.0871328$ & $-0.0901335$ & $0.112755$ & $0.0513041$ & $-0.0221116$ & $-0.0136124$ & $0.0762507$ & $-0.0349069$ & $-0.0942015$ & $0.109269$ & $0.106147$ & $0.138091$ & $-0.0690853$ & $-0.0350799$ & $-0.0164056$ & $-0.039997$ & $0.0737141$ & $0.12326$ & $0.101552$ & $0.0891546$ & $-0.0567972$ & $-0.0281323$ & $0.033308$ & $-0.0211047$ & $-0.0693416$ & $0.0702364$ & $-0.0454439$ & $-0.216791$ & $-0.0479617$ & $-0.556694$ & $0.134483$ & $-0.0597063$ & $-0.116416$ & $0.0343786$ & $0.0251908$ & $-0.153648$ & $0.0480437$ & $0.140961$ & $-0.178338$ & $-0.148038$ & $0.281024$ & $0.125292$ \\
mHl & $-0.164634$ & $0.062131$ & $-0.453492$ & $1$ & $0.0249032$ & $-0.00920878$ & $-0.00401611$ & $0.0855353$ & $0.0815552$ & $-0.0674714$ & $-0.0500334$ & $0.066679$ & $0.0495333$ & $-0.0387943$ & $0.00308559$ & $0.0499589$ & $-0.0995$ & $-0.0778259$ & $-0.10373$ & $0.0592138$ & $0.0501159$ & $0.0409179$ & $-0.0510202$ & $-0.112938$ & $-0.110974$ & $-0.00338541$ & $-0.0679277$ & $-0.0261276$ & $-0.00591757$ & $0.00932436$ & $0.06172$ & $0.00127165$ & $0.0521364$ & $0.0513768$ & $-0.127511$ & $0.1968$ & $0.44422$ & $-0.185092$ & $0.0602077$ & $-0.12024$ & $-0.0520463$ & $-0.06248$ & $-0.17038$ & $-0.150906$ & $-0.0754344$ & $0.0213957$ & $0.344533$ & $0.157288$ & $0.130167$ \\
Mz & $0.00745135$ & $0.0547653$ & $0.0889199$ & $0.0249032$ & $1$ & $2.90887e-05$ & $-0.00368107$ & $0.00997056$ & $0.00790323$ & $-0.0270243$ & $0.0475975$ & $0.0267367$ & $0.035717$ & $-0.0203931$ & $0.016833$ & $0.0121782$ & $-0.0176405$ & $-0.0272651$ & $-0.0169409$ & $0.00558204$ & $-0.016598$ & $-0.00399415$ & $-0.0253029$ & $-0.0417156$ & $-0.0156639$ & $0.00236361$ & $-0.0119494$ & $-0.0421656$ & $0.0208892$ & $0.0302393$ & $0.0201227$ & $0.00597543$ & $0.023596$ & $0.00395096$ & $0.00525255$ & $0.0251509$ & $-0.020214$ & $-0.0140837$ & $-0.0242668$ & $0.0107263$ & $-0.022254$ & $-0.0539269$ & $-0.0627296$ & $-0.02261$ & $0.0179409$ & $-0.0211521$ & $-0.00422556$ & $0.0312854$ & $-0.00647985$ \\
CW & $-0.00050639$ & $0.0432718$ & $0.0659309$ & $-0.00920878$ & $2.90887e-05$ & $1$ & $-0.0162911$ & $-0.0760079$ & $-0.0740353$ & $0.0213323$ & $0.0862958$ & $0.0303099$ & $0.0232568$ & $0.171916$ & $0.00580391$ & $-0.000268126$ & $-0.130274$ & $-0.00733552$ & $0.00456399$ & $-0.0826895$ & $-0.0772302$ & $-0.0589208$ & $0.0253701$ & $0.0283939$ & $0.0123691$ & $0.0286295$ & $-0.0179265$ & $-0.0404823$ & $0.00579499$ & $0.00203868$ & $-0.00312834$ & $-0.021007$ & $0.0168897$ & $-0.133173$ & $-0.030785$ & $0.013863$ & $-0.0178255$ & $-0.0353544$ & $-0.00129058$ & $-0.00201658$ & $0.00687324$ & $-0.00736346$ & $0.0696311$ & $-0.0147763$ & $-0.0754976$ & $0.0326945$ & $-0.0507798$ & $-0.0362509$ & $0.0413835$ \\
CHG & $-0.0276605$ & $-0.113392$ & $-0.0638986$ & $-0.00401611$ & $-0.00368107$ & $-0.0162911$ & $1$ & $-0.0977912$ & $-0.0710113$ & $0.152122$ & $0.00870347$ & $-0.607111$ & $-0.637535$ & $0.163366$ & $0.0406865$ & $0.0635897$ & $0.188805$ & $0.131787$ & $0.116174$ & $-0.0324167$ & $-0.0334273$ & $-0.0299079$ & $-0.0466513$ & $0.136932$ & $0.142683$ & $0.0537837$ & $-0.0734426$ & $-0.0575676$ & $-0.0629321$ & $-0.339453$ & $-0.174458$ & $0.936193$ & $-0.37842$ & $-0.0848003$ & $0.0786827$ & $-0.184124$ & $0.247096$ & $0.167644$ & $-0.0950331$ & $0.124741$ & $0.118393$ & $0.0689709$ & $-0.181443$ & $-0.00364855$ & $0.223141$ & $0.00259246$ & $-0.093878$ & $-0.0101003$ & $-0.10854$ \\
CHWB & $-0.0822114$ & $-0.0227699$ & $-0.0871328$ & $0.0855353$ & $0.00997056$ & $-0.0760079$ & $-0.0977912$ & $1$ & $0.99269$ & $-0.476454$ & $-0.874326$ & $0.0850939$ & $0.145128$ & $-0.22446$ & $0.0569554$ & $0.0896719$ & $-0.584773$ & $-0.522932$ & $-0.54516$ & $0.846536$ & $0.609608$ & $0.571414$ & $0.0107651$ & $-0.610406$ & $-0.626946$ & $-0.240919$ & $0.268964$ & $0.138293$ & $0.00503029$ & $0.0724188$ & $0.0532311$ & $-0.093276$ & $0.0620118$ & $0.636406$ & $0.0586842$ & $0.067308$ & $-0.0636453$ & $-0.00483277$ & $-0.0406643$ & $-0.12695$ & $0.0733385$ & $0.0363769$ & $0.00976214$ & $0.0472166$ & $-0.135231$ & $0.119307$ & $0.121201$ & $-0.0910699$ & $0.0361896$ \\
CHWHB_gaga & $-0.0893037$ & $-0.0130798$ & $-0.0901335$ & $0.0815552$ & $0.00790323$ & $-0.0740353$ & $-0.0710113$ & $0.99269$ & $1$ & $-0.475573$ & $-0.867261$ & $0.0900603$ & $0.144197$ & $-0.227891$ & $0.0566266$ & $0.0869856$ & $-0.584972$ & $-0.520186$ & $-0.542015$ & $0.843773$ & $0.605164$ & $0.567931$ & $0.0111409$ & $-0.607903$ & $-0.623216$ & $-0.241427$ & $0.268036$ & $0.13869$ & $0.0109973$ & $0.0906635$ & $0.063017$ & $-0.0700144$ & $0.0821027$ & $0.631894$ & $0.0604425$ & $0.0601789$ & $-0.0628817$ & $-0.00489301$ & $-0.0390913$ & $-0.128391$ & $0.0674833$ & $0.0372485$ & $0.0263031$ & $0.0500555$ & $-0.133108$ & $0.123327$ & $0.119425$ & $-0.0968112$ & $0.0379195$ \\
CHWHB_gagaorth & $0.091246$ & $-0.0578159$ & $0.112755$ & $-0.0674714$ & $-0.0270243$ & $0.0213323$ & $0.152122$ & $-0.476454$ & $-0.475573$ & $1$ & $0.108367$ & $-0.123166$ & $-0.227062$ & $0.709414$ & $0.0797114$ & $0.0525852$ & $0.776903$ & $0.584252$ & $0.586164$ & $-0.205323$ & $-0.131718$ & $-0.104361$ & $-0.0366225$ & $0.548343$ & $0.672095$ & $0.0524624$ & $-0.225023$ & $-0.0302578$ & $-0.0319447$ & $-0.143007$ & $-0.0877574$ & $0.158976$ & $-0.134483$ & $-0.342663$ & $-0.0140166$ & $-0.0758194$ & $0.0579738$ & $0.0742088$ & $0.01812$ & $0.0755552$ & $-0.0347624$ & $-0.0314481$ & $-0.0909393$ & $-0.0640993$ & $0.203062$ & $-0.118414$ & $-0.0970047$ & $0.136122$ & $-0.0412449$ \\
CHD & $0.0403752$ & $0.0744414$ & $0.0513041$ & $-0.0500334$ & $0.0475975$ & $0.0862958$ & $0.00870347$ & $-0.874326$ & $-0.867261$ & $0.108367$ & $1$ & $0.0290835$ & $-0.0104503$ & $-0.16854$ & $-0.127554$ & $-0.15518$ & $0.207036$ & $0.253622$ & $0.281739$ & $-0.879264$ & $-0.64307$ & $-0.612828$ & $0.00339209$ & $0.370005$ & $0.324417$ & $0.251639$ & $-0.166441$ & $-0.143732$ & $0.0131637$ & $-0.000592637$ & $-0.013099$ & $0.0102716$ & $0.00453972$ & $-0.489507$ & $-0.0683092$ & $-0.0278124$ & $0.0374226$ & $-0.0392067$ & $0.0358679$ & $0.0929838$ & $-0.0801331$ & $-0.0288393$ & $0.0448913$ & $-0.0144018$ & $0.0396104$ & $-0.0792055$ & $-0.0789095$ & $0.0379963$ & $-0.00788353$ \\
CHbox & $-0.0366549$ & $0.238013$ & $-0.0221116$ & $0.066679$ & $0.0267367$ & $0.0303099$ & $-0.607111$ & $0.0850939$ & $0.0900603$ & $-0.123166$ & $0.0290835$ & $1$ & $0.95038$ & $-0.266186$ & $-0.00553987$ & $-0.0585475$ & $-0.272767$ & $-0.189493$ & $-0.166104$ & $0.0835205$ & $0.027114$ & $0.0239923$ & $0.0566565$ & $-0.165689$ & $-0.184535$ & $-0.0849524$ & $0.0764641$ & $0.0588988$ & $0.118448$ & $0.513174$ & $0.270306$ & $-0.502175$ & $0.557212$ & $0.0404347$ & $-0.09436$ & $0.263296$ & $-0.218527$ & $-0.214666$ & $0.108027$ & $-0.224414$ & $-0.234583$ & $-0.121627$ & $0.328158$ & $-0.0210922$ & $-0.290124$ & $0.0802181$ & $0.155846$ & $-0.0429883$ & $0.184939$ \\
CH & $-0.00628699$ & $0.220484$ & $-0.0136124$ & $0.0495333$ & $0.035717$ & $0.0232568$ & $-0.637535$ & $0.145128$ & $0.144197$ & $-0.227062$ & $-0.0104503$ & $0.95038$ & $1$ & $-0.255797$ & $-0.0258394$ & $-0.0659191$ & $-0.284288$ & $-0.206452$ & $-0.1865$ & $0.0599236$ & $0.0462682$ & $0.0332509$ & $0.0611376$ & $-0.197069$ & $-0.21477$ & $-0.0967006$ & $0.0893717$ & $0.0561656$ & $0.110829$ & $0.46724$ & $0.266619$ & $-0.562425$ & $0.523309$ & $0.122504$ & $-0.0939454$ & $0.235954$ & $-0.248666$ & $-0.215385$ & $0.142964$ & $-0.241214$ & $-0.256569$ & $-0.114569$ & $0.350582$ & $-0.0138073$ & $-0.265675$ & $0.0478674$ & $0.172589$ & $-0.0291949$ & $0.204499$ \\
CHL1_11 & $0.0958719$ & $-0.138864$ & $0.0762507$ & $-0.0387943$ & $-0.0203931$ & $0.171916$ & $0.163366$ & $-0.22446$ & $-0.227891$ & $0.709414$ & $-0.16854$ & $-0.266186$ & $-0.255797$ & $1$ & $0.126808$ & $0.131175$ & $0.630625$ & $0.510037$ & $0.507503$ & $-0.050002$ & $0.0288248$ & $0.0359664$ & $-0.0193512$ & $0.475093$ & $0.56366$ & $-0.0159211$ & $-0.241279$ & $-0.00833068$ & $-0.04606$ & $-0.148209$ & $-0.0797191$ & $0.134341$ & $-0.132598$ & $-0.244465$ & $-0.0175919$ & $-0.0388781$ & $0.0467699$ & $0.0620888$ & $0.0175321$ & $0.0592068$ & $0.0409777$ & $-0.0132718$ & $-0.116186$ & $-0.0994858$ & $0.16366$ & $-0.106695$ & $-0.08936$ & $0.122425$ & $-0.0339976$ \\
CHL1_22 & $0.0755699$ & $-0.0916006$ & $-0.0349069$ & $0.00308559$ & $0.016833$ & $0.00580391$ & $0.0406865$ & $0.0569554$ & $0.0566266$ & $0.0797114$ & $-0.127554$ & $-0.00553987$ & $-0.0258394$ & $0.126808$ & $1$ & $0.265295$ & $0.0382659$ & $-0.46254$ & $-0.0979266$ & $0.123136$ & $-0.06627$ & $-0.0270432$ & $-0.0435448$ & $0.178866$ & $-0.112315$ & $0.0373666$ & $-0.370642$ & $-0.0801635$ & $0.000278041$ & $-0.0147567$ & $0.014887$ & $0.0446557$ & $0.0126496$ & $-0.489127$ & $-0.0257982$ & $0.0201168$ & $0.0596007$ & $-0.0607183$ & $0.0137477$ & $0.0798413$ & $0.0798684$ & $-0.0421471$ & $-0.0520664$ & $-0.114421$ & $-0.0433299$ & $0.00891786$ & $-0.0852281$ & $-0.0573464$ & $0.0207015$ \\
CHL1_33 & $0.0312334$ & $-0.113096$ & $-0.0942015$ & $0.0499589$ & $0.0121782$ & $-0.000268126$ & $0.0635897$ & $0.0896719$ & $0.0869856$ & $0.0525852$ & $-0.15518$ & $-0.0585475$ & $-0.0659191$ & $0.131175$ & $0.265295$ & $1$ & $0.0218901$ & $-0.110174$ & $-0.455998$ & $0.142543$ & $0.00623853$ & $-0.0930644$ & $-0.0189874$ & $0.152546$ & $-0.123934$ & $0.013694$ & $-0.346235$ & $-0.0109055$ & $-0.0248785$ & $-0.0222162$ & $0.00657567$ & $0.0697652$ & $-0.0163917$ & $-0.123215$ & $-0.0185453$ & $0.022437$ & $0.115872$ & $-0.0991172$ & $-0.0261677$ & $0.0591592$ & $0.0951838$ & $-0.0632564$ & $-0.0484948$ & $-0.135026$ & $-0.0016491$ & $-0.0330148$ & $-0.0287997$ & $-0.062487$ & $0.0197633$ \\
CHL3_11 & $0.123605$ & $-0.0776359$ & $0.109269$ & $-0.0995$ & $-0.0176405$ & $-0.130274$ & $0.188805$ & $-0.584773$ & $-0.584972$ & $0.776903$ & $0.207036$ & $-0.272767$ & $-0.284288$ & $0.630625$ & $0.0382659$ & $0.0218901$ & $1$ & $0.678433$ & $0.676656$ & $-0.378707$ & $-0.208344$ & $-0.174368$ & $-0.0433553$ & $0.612094$ & $0.772605$ & $0.0900008$ & $-0.236524$ & $-0.0689231$ & $-0.0295317$ & $-0.155174$ & $-0.0944086$ & $0.166948$ & $-0.135013$ & $-0.298297$ & $-9.07203e-05$ & $-0.119132$ & $0.0586902$ & $0.0919112$ & $0.0401853$ & $0.0975201$ & $-0.0324802$ & $-0.0170106$ & $-0.110793$ & $-0.0627425$ & $0.245097$ & $-0.140437$ & $-0.102728$ & $0.13615$ & $-0.0468772$ \\
CHL3_22 & $0.0567433$ & $-0.0118512$ & $0.106147$ & $-0.0778259$ & $-0.0272651$ & $-0.00733552$ & $0.131787$ & $-0.522932$ & $-0.520186$ & $0.584252$ & $0.253622$ & $-0.189493$ & $-0.206452$ & $0.510037$ & $-0.46254$ & $-0.110174$ & $0.678433$ & $1$ & $0.630431$ & $-0.352604$ & $-0.192878$ & $-0.166256$ & $0.00959616$ & $0.445677$ & $0.753753$ & $0.0548271$ & $0.0266603$ & $-0.0115176$ & $-0.030476$ & $-0.107082$ & $-0.0793666$ & $0.111839$ & $-0.110507$ & $0.135579$ & $0.024506$ & $-0.107389$ & $0.0114339$ & $0.123363$ & $0.03218$ & $0.0166709$ & $-0.079491$ & $0.00121353$ & $-0.0475411$ & $0.0209351$ & $0.226684$ & $-0.111461$ & $-0.0271575$ & $0.157356$ & $-0.0440118$ \\
CHL3_33 & $0.0822136$ & $0.00927999$ & $0.138091$ & $-0.10373$ & $-0.0169409$ & $0.00456399$ & $0.116174$ & $-0.54516$ & $-0.542015$ & $0.586164$ & $0.281739$ & $-0.166104$ & $-0.1865$ & $0.507503$ & $-0.0979266$ & $-0.455998$ & $0.676656$ & $0.630431$ & $1$ & $-0.375535$ & $-0.215987$ & $-0.191419$ & $0.00527715$ & $0.447646$ & $0.75462$ & $0.0658645$ & $0.000832537$ & $-0.0650564$ & $-0.0086828$ & $-0.112695$ & $-0.0744664$ & $0.0947877$ & $-0.107549$ & $-0.225667$ & $0.0244114$ & $-0.103947$ & $-0.000894645$ & $0.131613$ & $0.0450058$ & $0.0436119$ & $-0.0911898$ & $0.0267412$ & $-0.0443799$ & $0.0276484$ & $0.210632$ & $-0.0914368$ & $-0.0534182$ & $0.160742$ & $-0.0643979$ \\
CHe_11 & $-0.0844039$ & $-0.0187053$ & $-0.0690853$ & $0.0592138$ & $0.00558204$ & $-0.0826895$ & $-0.0324167$ & $0.846536$ & $0.843773$ & $-0.205323$ & $-0.879264$ & $0.0835205$ & $0.0599236$ & $-0.050002$ & $0.123136$ & $0.142543$ & $-0.378707$ & $-0.352604$ & $-0.375535$ & $1$ & $0.636264$ & $0.603959$ & $0.00292202$ & $-0.452749$ & $-0.419558$ & $-0.246631$ & $0.210602$ & $0.150234$ & $0.000526208$ & $0.0287867$ & $0.0275957$ & $-0.0126744$ & $0.0118822$ & $0.416264$ & $0.07143$ & $0.0371466$ & $-0.0359144$ & $0.0246782$ & $-0.0522559$ & $-0.0939031$ & $0.0656842$ & $0.0296795$ & $-0.0110932$ & $0.0433535$ & $-0.0788285$ & $0.119368$ & $0.0802769$ & $-0.0690755$ & $0.00391513$ \\
CHe_22 & $-0.0816966$ & $-0.00332023$ & $-0.0350799$ & $0.0501159$ & $-0.016598$ & $-0.0772302$ & $-0.0334273$ & $0.609608$ & $0.605164$ & $-0.131718$ & $-0.64307$ & $0.027114$ & $0.0462682$ & $0.0288248$ & $-0.06627$ & $0.00623853$ & $-0.208344$ & $-0.192878$ & $-0.215987$ & $0.636264$ & $1$ & $0.488894$ & $0.0109475$ & $-0.384977$ & $-0.273881$ & $-0.204682$ & $0.259564$ & $0.147075$ & $-0.0130637$ & $0.0221545$ & $0.00361084$ & $-0.031235$ & $-0.00277476$ & $0.369861$ & $0.0535036$ & $0.00066855$ & $-0.0473398$ & $0.0365611$ & $-0.0283384$ & $-0.104951$ & $0.0316687$ & $0.0310905$ & $-0.00987845$ & $0.0607387$ & $-0.0287283$ & $0.0709863$ & $0.108238$ & $-0.0199829$ & $-0.0206359$ \\
CHe_33 & $-0.1027$ & $0.0208388$ & $-0.0164056$ & $0.0409179$ & $-0.00399415$ & $-0.0589208$ & $-0.0299079$ & $0.571414$ & $0.567931$ & $-0.104361$ & $-0.612828$ & $0.0239923$ & $0.0332509$ & $0.0359664$ & $-0.0270432$ & $-0.0930644$ & $-0.174368$ & $-0.166256$ & $-0.191419$ & $0.603959$ & $0.488894$ & $1$ & $0.0199388$ & $-0.34488$ & $-0.24107$ & $-0.203288$ & $0.261517$ & $0.119232$ & $-0.00421822$ & $0.0269386$ & $0.018398$ & $-0.028642$ & $0.0120999$ & $0.353478$ & $0.0539849$ & $0.010392$ & $-0.0677695$ & $0.0226731$ & $-0.0414032$ & $-0.122939$ & $0.0359099$ & $0.0357927$ & $0.00248783$ & $0.0530097$ & $-0.0499701$ & $0.088485$ & $0.0707453$ & $-0.0420136$ & $0.00566152$ \\
CHQ1_11 & $-0.0314507$ & $0.00504626$ & $-0.039997$ & $-0.0510202$ & $-0.0253029$ & $0.0253701$ & $-0.0466513$ & $0.0107651$ & $0.0111409$ & $-0.0366225$ & $0.00339209$ & $0.0566565$ & $0.0611376$ & $-0.0193512$ & $-0.0435448$ & $-0.0189874$ & $-0.0433553$ & $0.00959616$ & $0.00527715$ & $0.00292202$ & $0.0109475$ & $0.0199388$ & $1$ & $-0.0517116$ & $0.00758739$ & $-0.580096$ & $0.143077$ & $0.0097167$ & $0.0178364$ & $0.00523437$ & $0.00957147$ & $-0.0450432$ & $0.0231509$ & $0.0298544$ & $0.0280797$ & $0.0184477$ & $-0.00930764$ & $-0.0338854$ & $0.0637934$ & $-0.0445132$ & $-0.0712229$ & $-0.014979$ & $0.0840707$ & $0.00725258$ & $-0.00311616$ & $0.0453313$ & $0.0140468$ & $-0.0143933$ & $0.0514016$ \\
CHQ1_33 & $0.0878134$ & $-0.0826092$ & $0.0737141$ & $-0.112938$ & $-0.0417156$ & $0.0283939$ & $0.136932$ & $-0.610406$ & $-0.607903$ & $0.548343$ & $0.370005$ & $-0.165689$ & $-0.197069$ & $0.475093$ & $0.178866$ & $0.152546$ & $0.612094$ & $0.445677$ & $0.447646$ & $-0.452749$ & $-0.384977$ & $-0.34488$ & $-0.0517116$ & $1$ & $0.543039$ & $0.130267$ & $-0.300209$ & $0.0129423$ & $-0.0372703$ & $-0.105367$ & $-0.0611119$ & $0.122321$ & $-0.0948903$ & $-0.462912$ & $-0.0185298$ & $-0.0530144$ & $0.0573551$ & $-0.00464136$ & $0.0079658$ & $0.0987945$ & $-0.022886$ & $-0.0350759$ & $-0.0707352$ & $-0.057773$ & $0.181555$ & $-0.143862$ & $-0.10061$ & $0.0817352$ & $-0.0728974$ \\
CHQ3_11 & $0.0201757$ & $0.0339871$ & $0.12326$ & $-0.110974$ & $-0.0156639$ & $0.0123691$ & $0.142683$ & $-0.626946$ & $-0.623216$ & $0.672095$ & $0.324417$ & $-0.184535$ & $-0.21477$ & $0.56366$ & $-0.112315$ & $-0.123934$ & $0.772605$ & $0.753753$ & $0.75462$ & $-0.419558$ & $-0.273881$ & $-0.24107$ & $0.00758739$ & $0.543039$ & $1$ & $0.0762401$ & $0.0871967$ & $-0.0651102$ & $-0.0108828$ & $-0.121064$ & $-0.0656413$ & $0.125708$ & $-0.105551$ & $-0.230775$ & $0.0339509$ & $-0.128935$ & $0.0195621$ & $0.139985$ & $0.015522$ & $0.0499767$ & $-0.125343$ & $0.0103805$ & $-0.0663276$ & $0.051017$ & $0.243081$ & $-0.0831852$ & $-0.0246607$ & $0.159405$ & $-0.0426737$ \\
CHu_11 & $-0.026645$ & $0.12048$ & $0.101552$ & $-0.00338541$ & $0.00236361$ & $0.0286295$ & $0.0537837$ & $-0.240919$ & $-0.241427$ & $0.0524624$ & $0.251639$ & $-0.0849524$ & $-0.0967006$ & $-0.0159211$ & $0.0373666$ & $0.013694$ & $0.0900008$ & $0.0548271$ & $0.0658645$ & $-0.246631$ & $-0.204682$ & $-0.203288$ & $-0.580096$ & $0.130267$ & $0.0762401$ & $1$ & $0.105791$ & $-0.0761998$ & $-0.0122877$ & $-0.0427082$ & $-0.0218397$ & $0.0396405$ & $-0.0763788$ & $-0.150151$ & $0.0568864$ & $-0.0592982$ & $0.0472426$ & $0.103789$ & $-0.121981$ & $0.0906135$ & $0.0192095$ & $0.0929866$ & $-0.0828571$ & $0.082907$ & $0.0480932$ & $0.0310192$ & $0.0445449$ & $0.0434605$ & $-0.0862585$ \\
CHd_11 & $-0.236624$ & $0.304427$ & $0.0891546$ & $-0.0679277$ & $-0.0119494$ & $-0.0179265$ & $-0.0734426$ & $0.268964$ & $0.268036$ & $-0.225023$ & $-0.166441$ & $0.0764641$ & $0.0893717$ & $-0.241279$ & $-0.370642$ & $-0.346235$ & $-0.236524$ & $0.0266603$ & $0.000832537$ & $0.210602$ & $0.259564$ & $0.261517$ & $0.143077$ & $-0.300209$ & $0.0871967$ & $0.105791$ & $1$ & $0.0641534$ & $0.0282182$ & $0.0406973$ & $0.0387733$ & $-0.0773714$ & $0.00805114$ & $0.456988$ & $0.188794$ & $-0.0953562$ & $-0.11527$ & $0.199983$ & $-0.106865$ & $-0.121672$ & $-0.199916$ & $0.145687$ & $0.0329952$ & $0.356228$ & $0.0674383$ & $0.175514$ & $0.242185$ & $0.0563512$ & $-0.0373838$ \\
CHd_33 & $0.00158592$ & $0.0121422$ & $-0.0567972$ & $-0.0261276$ & $-0.0421656$ & $-0.0404823$ & $-0.0575676$ & $0.138293$ & $0.13869$ & $-0.0302578$ & $-0.143732$ & $0.0588988$ & $0.0561656$ & $-0.00833068$ & $-0.0801635$ & $-0.0109055$ & $-0.0689231$ & $-0.0115176$ & $-0.0650564$ & $0.150234$ & $0.147075$ & $0.119232$ & $0.0097167$ & $0.0129423$ & $-0.0651102$ & $-0.0761998$ & $0.0641534$ & $1$ & $-0.00630829$ & $0.0071028$ & $0.00067184$ & $-0.0555896$ & $-0.00958849$ & $0.11583$ & $-0.013667$ & $0.0875997$ & $-0.0513792$ & $-0.0151032$ & $-0.0659679$ & $-0.026578$ & $-0.02809$ & $0.096401$ & $0.0851345$ & $0.0718467$ & $-0.0051195$ & $0.00714074$ & $0.0563379$ & $-0.00395145$ & $-0.0662769$ \\
CeH_22r & $-0.013794$ & $0.0521199$ & $-0.0281323$ & $-0.00591757$ & $0.0208892$ & $0.00579499$ & $-0.0629321$ & $0.00503029$ & $0.0109973$ & $-0.0319447$ & $0.0131637$ & $0.118448$ & $0.110829$ & $-0.04606$ & $0.000278041$ & $-0.0248785$ & $-0.0295317$ & $-0.030476$ & $-0.0086828$ & $0.000526208$ & $-0.0130637$ & $-0.00421822$ & $0.0178364$ & $-0.0372703$ & $-0.0108828$ & $-0.0122877$ & $0.0282182$ & $-0.00630829$ & $1$ & $0.0954692$ & $0.0692496$ & $-0.0699396$ & $0.0812439$ & $0.00312428$ & $0.0254192$ & $-0.00711307$ & $0.0325308$ & $-0.0255448$ & $0.0524421$ & $-0.0161664$ & $-0.0356863$ & $-0.00811697$ & $0.0472271$ & $-0.0129018$ & $-0.0192621$ & $0.0466239$ & $0.0419271$ & $-0.011127$ & $-0.000261436$ \\
CeH_33r & $-0.0583739$ & $0.0980155$ & $0.033308$ & $0.00932436$ & $0.0302393$ & $0.00203868$ & $-0.339453$ & $0.0724188$ & $0.0906635$ & $-0.143007$ & $-0.000592637$ & $0.513174$ & $0.46724$ & $-0.148209$ & $-0.0147567$ & $-0.0222162$ & $-0.155174$ & $-0.107082$ & $-0.112695$ & $0.0287867$ & $0.0221545$ & $0.0269386$ & $0.00523437$ & $-0.105367$ & $-0.121064$ & $-0.0427082$ & $0.0406973$ & $0.0071028$ & $0.0954692$ & $1$ & $0.358819$ & $-0.171737$ & $0.746532$ & $0.0617389$ & $-0.0845762$ & $0.105236$ & $-0.168548$ & $-0.168083$ & $0.0950867$ & $-0.114307$ & $-0.128445$ & $-0.0367351$ & $0.136872$ & $0.000143693$ & $-0.155234$ & $0.00804584$ & $0.0683016$ & $-0.0236374$ & $0.13097$ \\
CuH_22r & $-0.0659464$ & $0.0441822$ & $-0.0211047$ & $0.06172$ & $0.0201227$ & $-0.00312834$ & $-0.174458$ & $0.0532311$ & $0.063017$ & $-0.0877574$ & $-0.013099$ & $0.270306$ & $0.266619$ & $-0.0797191$ & $0.014887$ & $0.00657567$ & $-0.0944086$ & $-0.0793666$ & $-0.0744664$ & $0.0275957$ & $0.00361084$ & $0.018398$ & $0.00957147$ & $-0.0611119$ & $-0.0656413$ & $-0.0218397$ & $0.0387733$ & $0.00067184$ & $0.0692496$ & $0.358819$ & $1$ & $-0.0695259$ & $0.415277$ & $0.0257593$ & $-0.0326915$ & $0.10335$ & $-0.0498479$ & $-0.103603$ & $-0.00033673$ & $-0.104881$ & $-0.0708401$ & $-0.0698843$ & $0.0649696$ & $0.0391208$ & $-0.0938947$ & $0.0384819$ & $0.175658$ & $-0.0612571$ & $0.0696002$ \\
CuH_33r & $-0.0370976$ & $-0.098492$ & $-0.0693416$ & $0.00127165$ & $0.00597543$ & $-0.021007$ & $0.936193$ & $-0.093276$ & $-0.0700144$ & $0.158976$ & $0.0102716$ & $-0.502175$ & $-0.562425$ & $0.134341$ & $0.0446557$ & $0.0697652$ & $0.166948$ & $0.111839$ & $0.0947877$ & $-0.0126744$ & $-0.031235$ & $-0.028642$ & $-0.0450432$ & $0.122321$ & $0.125708$ & $0.0396405$ & $-0.0773714$ & $-0.0555896$ & $-0.0699396$ & $-0.171737$ & $-0.0695259$ & $1$ & $-0.168669$ & $-0.0942086$ & $0.0683481$ & $-0.147458$ & $0.225921$ & $0.134216$ & $-0.0789412$ & $0.113352$ & $0.104356$ & $0.0751877$ & $-0.14838$ & $-0.00714773$ & $0.183961$ & $0.0311792$ & $-0.0961066$ & $-0.0319905$ & $-0.0811065$ \\
CdH_33r & $-0.00166998$ & $0.0189565$ & $0.0702364$ & $0.0521364$ & $0.023596$ & $0.0168897$ & $-0.37842$ & $0.0620118$ & $0.0821027$ & $-0.134483$ & $0.00453972$ & $0.557212$ & $0.523309$ & $-0.132598$ & $0.0126496$ & $-0.0163917$ & $-0.135013$ & $-0.110507$ & $-0.107549$ & $0.0118822$ & $-0.00277476$ & $0.0120999$ & $0.0231509$ & $-0.0948903$ & $-0.105551$ & $-0.0763788$ & $0.00805114$ & $-0.00958849$ & $0.0812439$ & $0.746532$ & $0.415277$ & $-0.168669$ & $1$ & $0.035023$ & $-0.250437$ & $0.209422$ & $-0.246866$ & $-0.189826$ & $0.174571$ & $-0.171796$ & $-0.084597$ & $-0.0292942$ & $0.126097$ & $-0.127323$ & $-0.22227$ & $-0.0113746$ & $0.0575504$ & $0.0495788$ & $0.370087$ \\
CLL_1221 & $-0.118132$ & $0.157371$ & $-0.0454439$ & $0.0513768$ & $0.00395096$ & $-0.133173$ & $-0.0848003$ & $0.636406$ & $0.631894$ & $-0.342663$ & $-0.489507$ & $0.0404347$ & $0.122504$ & $-0.244465$ & $-0.489127$ & $-0.123215$ & $-0.298297$ & $0.135579$ & $-0.225667$ & $0.416264$ & $0.369861$ & $0.353478$ & $0.0298544$ & $-0.462912$ & $-0.230775$ & $-0.150151$ & $0.456988$ & $0.11583$ & $0.00312428$ & $0.0617389$ & $0.0257593$ & $-0.0942086$ & $0.035023$ & $1$ & $0.121166$ & $-0.0337849$ & $-0.0556783$ & $0.071504$ & $-0.0170354$ & $-0.138165$ & $-0.0749208$ & $0.0485668$ & $0.0906117$ & $0.154825$ & $0.00168996$ & $0.0871338$ & $0.149006$ & $-0.0252129$ & $-8.04136e-05$ \\
eHggint & $0.00941118$ & $0.317601$ & $-0.216791$ & $-0.127511$ & $0.00525255$ & $-0.030785$ & $0.0786827$ & $0.0586842$ & $0.0604425$ & $-0.0140166$ & $-0.0683092$ & $-0.09436$ & $-0.0939454$ & $-0.0175919$ & $-0.0257982$ & $-0.0185453$ & $-9.07203e-05$ & $0.024506$ & $0.0244114$ & $0.07143$ & $0.0535036$ & $0.0539849$ & $0.0280797$ & $-0.0185298$ & $0.0339509$ & $0.0568864$ & $0.188794$ & $-0.013667$ & $0.0254192$ & $-0.0845762$ & $-0.0326915$ & $0.0683481$ & $-0.250437$ & $0.121166$ & $1$ & $-0.36004$ & $0.429875$ & $0.148533$ & $-0.104533$ & $0.0141237$ & $-0.22852$ & $-0.0984743$ & $0.204997$ & $0.33176$ & $0.255519$ & $0.406198$ & $0.0994975$ & $-0.411089$ & $-0.604067$ \\
eHggpar & $-0.0559613$ & $-0.209055$ & $-0.0479617$ & $0.1968$ & $0.0251509$ & $0.013863$ & $-0.184124$ & $0.067308$ & $0.0601789$ & $-0.0758194$ & $-0.0278124$ & $0.263296$ & $0.235954$ & $-0.0388781$ & $0.0201168$ & $0.022437$ & $-0.119132$ & $-0.107389$ & $-0.103947$ & $0.0371466$ & $0.00066855$ & $0.010392$ & $0.0184477$ & $-0.0530144$ & $-0.128935$ & $-0.0592982$ & $-0.0953562$ & $0.0875997$ & $-0.00711307$ & $0.105236$ & $0.10335$ & $-0.147458$ & $0.209422$ & $-0.0337849$ & $-0.36004$ & $1$ & $-0.233297$ & $-0.0969688$ & $-0.274576$ & $-0.0801102$ & $0.350605$ & $0.0276426$ & $-0.0925723$ & $-0.260457$ & $-0.546164$ & $0.125455$ & $-0.0346281$ & $0.122946$ & $0.303211$ \\
eHWWint & $-0.0701274$ & $0.18924$ & $-0.556694$ & $0.44422$ & $-0.020214$ & $-0.0178255$ & $0.247096$ & $-0.0636453$ & $-0.0628817$ & $0.0579738$ & $0.0374226$ & $-0.218527$ & $-0.248666$ & $0.0467699$ & $0.0596007$ & $0.115872$ & $0.0586902$ & $0.0114339$ & $-0.000894645$ & $-0.0359144$ & $-0.0473398$ & $-0.0677695$ & $-0.00930764$ & $0.0573551$ & $0.0195621$ & $0.0472426$ & $-0.11527$ & $-0.0513792$ & $0.0325308$ & $-0.168548$ & $-0.0498479$ & $0.225921$ & $-0.246866$ & $-0.0556783$ & $0.429875$ & $-0.233297$ & $1$ & $0.023329$ & $0.116454$ & $0.142231$ & $-0.28142$ & $-0.131422$ & $-0.0606826$ & $-0.0542012$ & $0.28328$ & $0.162891$ & $0.278441$ & $-0.200339$ & $-0.281278$ \\
eHWWpar & $0.0608465$ & $0.00759978$ & $0.134483$ & $-0.185092$ & $-0.0140837$ & $-0.0353544$ & $0.167644$ & $-0.00483277$ & $-0.00489301$ & $0.0742088$ & $-0.0392067$ & $-0.214666$ & $-0.215385$ & $0.0620888$ & $-0.0607183$ & $-0.0991172$ & $0.0919112$ & $0.123363$ & $0.131613$ & $0.0246782$ & $0.0365611$ & $0.0226731$ & $-0.0338854$ & $-0.00464136$ & $0.139985$ & $0.103789$ & $0.199983$ & $-0.0151032$ & $-0.0255448$ & $-0.168083$ & $-0.103603$ & $0.134216$ & $-0.189826$ & $0.071504$ & $0.148533$ & $-0.0969688$ & $0.023329$ & $1$ & $0.00769695$ & $-0.0330779$ & $-0.12463$ & $0.0562666$ & $-0.00378734$ & $-0.0486033$ & $0.26196$ & $-0.00480722$ & $-0.106333$ & $0.230208$ & $-0.0636316$ \\
eHZZint & $0.390639$ & $-0.0693205$ & $-0.0597063$ & $0.0602077$ & $-0.0242668$ & $-0.00129058$ & $-0.0950331$ & $-0.0406643$ & $-0.0390913$ & $0.01812$ & $0.0358679$ & $0.108027$ & $0.142964$ & $0.0175321$ & $0.0137477$ & $-0.0261677$ & $0.0401853$ & $0.03218$ & $0.0450058$ & $-0.0522559$ & $-0.0283384$ & $-0.0414032$ & $0.0637934$ & $0.0079658$ & $0.015522$ & $-0.121981$ & $-0.106865$ & $-0.0659679$ & $0.0524421$ & $0.0950867$ & $-0.00033673$ & $-0.0789412$ & $0.174571$ & $-0.0170354$ & $-0.104533$ & $-0.274576$ & $0.116454$ & $0.00769695$ & $1$ & $0.000513352$ & $-0.401535$ & $0.0663279$ & $0.0228281$ & $-0.349001$ & $0.203833$ & $-0.0781761$ & $-0.048773$ & $0.185035$ & $0.319749$ \\
eHZZpar & $0.102495$ & $0.0705574$ & $-0.116416$ & $-0.12024$ & $0.0107263$ & $-0.00201658$ & $0.124741$ & $-0.12695$ & $-0.128391$ & $0.0755552$ & $0.0929838$ & $-0.224414$ & $-0.241214$ & $0.0592068$ & $0.0798413$ & $0.0591592$ & $0.0975201$ & $0.0166709$ & $0.0436119$ & $-0.0939031$ & $-0.104951$ & $-0.122939$ & $-0.0445132$ & $0.0987945$ & $0.0499767$ & $0.0906135$ & $-0.121672$ & $-0.026578$ & $-0.0161664$ & $-0.114307$ & $-0.104881$ & $0.113352$ & $-0.171796$ & $-0.138165$ & $0.0141237$ & $-0.0801102$ & $0.142231$ & $-0.0330779$ & $0.000513352$ & $1$ & $0.00732013$ & $0.167712$ & $-0.0841729$ & $0.154807$ & $0.047531$ & $0.137366$ & $-0.358577$ & $0.0169585$ & $-0.256266$ \\
eHZgaint & $-0.0194728$ & $-0.437643$ & $0.0343786$ & $-0.0520463$ & $-0.022254$ & $0.00687324$ & $0.118393$ & $0.0733385$ & $0.0674833$ & $-0.0347624$ & $-0.0801331$ & $-0.234583$ & $-0.256569$ & $0.0409777$ & $0.0798684$ & $0.0951838$ & $-0.0324802$ & $-0.079491$ & $-0.0911898$ & $0.0656842$ & $0.0316687$ & $0.0359099$ & $-0.0712229$ & $-0.022886$ & $-0.125343$ & $0.0192095$ & $-0.199916$ & $-0.02809$ & $-0.0356863$ & $-0.128445$ & $-0.0708401$ & $0.104356$ & $-0.084597$ & $-0.0749208$ & $-0.22852$ & $0.350605$ & $-0.28142$ & $-0.12463$ & $-0.401535$ & $0.00732013$ & $1$ & $0.0277607$ & $-0.204961$ & $-0.243782$ & $-0.459391$ & $0.04824$ & $-0.161188$ & $-0.132167$ & $0.0504537$ \\
eHZgapar & $-0.0430779$ & $-0.00961905$ & $0.0251908$ & $-0.06248$ & $-0.0539269$ & $-0.00736346$ & $0.0689709$ & $0.0363769$ & $0.0372485$ & $-0.0314481$ & $-0.0288393$ & $-0.121627$ & $-0.114569$ & $-0.0132718$ & $-0.0421471$ & $-0.0632564$ & $-0.0170106$ & $0.00121353$ & $0.0267412$ & $0.0296795$ & $0.0310905$ & $0.0357927$ & $-0.014979$ & $-0.0350759$ & $0.0103805$ & $0.0929866$ & $0.145687$ & $0.096401$ & $-0.00811697$ & $-0.0367351$ & $-0.0698843$ & $0.0751877$ & $-0.0292942$ & $0.0485668$ & $-0.0984743$ & $0.0276426$ & $-0.131422$ & $0.0562666$ & $0.0663279$ & $0.167712$ & $0.0277607$ & $1$ & $0.101898$ & $0.112596$ & $-0.0421882$ & $0.204398$ & $-0.200347$ & $0.114126$ & $0.00496018$ \\
eHgagaint & $-0.186578$ & $0.494351$ & $-0.153648$ & $-0.17038$ & $-0.0627296$ & $0.0696311$ & $-0.181443$ & $0.00976214$ & $0.0263031$ & $-0.0909393$ & $0.0448913$ & $0.328158$ & $0.350582$ & $-0.116186$ & $-0.0520664$ & $-0.0484948$ & $-0.110793$ & $-0.0475411$ & $-0.0443799$ & $-0.0110932$ & $-0.00987845$ & $0.00248783$ & $0.0840707$ & $-0.0707352$ & $-0.0663276$ & $-0.0828571$ & $0.0329952$ & $0.0851345$ & $0.0472271$ & $0.136872$ & $0.0649696$ & $-0.14838$ & $0.126097$ & $0.0906117$ & $0.204997$ & $-0.0925723$ & $-0.0606826$ & $-0.00378734$ & $0.0228281$ & $-0.0841729$ & $-0.204961$ & $0.101898$ & $1$ & $0.150566$ & $-0.128414$ & $0.264126$ & $-0.0409451$ & $-0.290103$ & $0.0141326$ \\
eHmumuint & $-0.223806$ & $0.343766$ & $0.0480437$ & $-0.150906$ & $-0.02261$ & $-0.0147763$ & $-0.00364855$ & $0.0472166$ & $0.0500555$ & $-0.0640993$ & $-0.0144018$ & $-0.0210922$ & $-0.0138073$ & $-0.0994858$ & $-0.114421$ & $-0.135026$ & $-0.0627425$ & $0.0209351$ & $0.0276484$ & $0.0433535$ & $0.0607387$ & $0.0530097$ & $0.00725258$ & $-0.057773$ & $0.051017$ & $0.082907$ & $0.356228$ & $0.0718467$ & $-0.0129018$ & $0.000143693$ & $0.0391208$ & $-0.00714773$ & $-0.127323$ & $0.154825$ & $0.33176$ & $-0.260457$ & $-0.0542012$ & $-0.0486033$ & $-0.349001$ & $0.154807$ & $-0.243782$ & $0.112596$ & $0.150566$ & $1$ & $0.216924$ & $0.138608$ & $0.114964$ & $-0.211359$ & $-0.431008$ \\
eHtautauint & $0.0718384$ & $0.111802$ & $0.140961$ & $-0.0754344$ & $0.0179409$ & $-0.0754976$ & $0.223141$ & $-0.135231$ & $-0.133108$ & $0.203062$ & $0.0396104$ & $-0.290124$ & $-0.265675$ & $0.16366$ & $-0.0433299$ & $-0.0016491$ & $0.245097$ & $0.226684$ & $0.210632$ & $-0.0788285$ & $-0.0287283$ & $-0.0499701$ & $-0.00311616$ & $0.181555$ & $0.243081$ & $0.0480932$ & $0.0674383$ & $-0.0051195$ & $-0.0192621$ & $-0.155234$ & $-0.0938947$ & $0.183961$ & $-0.22227$ & $0.00168996$ & $0.255519$ & $-0.546164$ & $0.28328$ & $0.26196$ & $0.203833$ & $0.047531$ & $-0.459391$ & $-0.0421882$ & $-0.128414$ & $0.216924$ & $1$ & $-0.365963$ & $0.237049$ & $0.28622$ & $-0.215198$ \\
eHccint & $-0.0997932$ & $0.265676$ & $-0.178338$ & $0.0213957$ & $-0.0211521$ & $0.0326945$ & $0.00259246$ & $0.119307$ & $0.123327$ & $-0.118414$ & $-0.0792055$ & $0.0802181$ & $0.0478674$ & $-0.106695$ & $0.00891786$ & $-0.0330148$ & $-0.140437$ & $-0.111461$ & $-0.0914368$ & $0.119368$ & $0.0709863$ & $0.088485$ & $0.0453313$ & $-0.143862$ & $-0.0831852$ & $0.0310192$ & $0.175514$ & $0.00714074$ & $0.0466239$ & $0.00804584$ & $0.0384819$ & $0.0311792$ & $-0.0113746$ & $0.0871338$ & $0.406198$ & $0.125455$ & $0.162891$ & $-0.00480722$ & $-0.0781761$ & $0.137366$ & $0.04824$ & $0.204398$ & $0.264126$ & $0.138608$ & $-0.365963$ & $1$ & $-0.0848591$ & $-0.531345$ & $-0.104114$ \\
eHccpar & $-0.0849542$ & $0.00967553$ & $-0.148038$ & $0.344533$ & $-0.00422556$ & $-0.0507798$ & $-0.093878$ & $0.121201$ & $0.119425$ & $-0.0970047$ & $-0.0789095$ & $0.155846$ & $0.172589$ & $-0.08936$ & $-0.0852281$ & $-0.0287997$ & $-0.102728$ & $-0.0271575$ & $-0.0534182$ & $0.0802769$ & $0.108238$ & $0.0707453$ & $0.0140468$ & $-0.10061$ & $-0.0246607$ & $0.0445449$ & $0.242185$ & $0.0563379$ & $0.0419271$ & $0.0683016$ & $0.175658$ & $-0.0961066$ & $0.0575504$ & $0.149006$ & $0.0994975$ & $-0.0346281$ & $0.278441$ & $-0.106333$ & $-0.048773$ & $-0.358577$ & $-0.161188$ & $-0.200347$ & $-0.0409451$ & $0.114964$ & $0.237049$ & $-0.0848591$ & $1$ & $-0.0576567$ & $0.0695091$ \\
eHbbint & $0.13256$ & $-0.175049$ & $0.281024$ & $0.157288$ & $0.0312854$ & $-0.0362509$ & $-0.0101003$ & $-0.0910699$ & $-0.0968112$ & $0.136122$ & $0.0379963$ & $-0.0429883$ & $-0.0291949$ & $0.122425$ & $-0.0573464$ & $-0.062487$ & $0.13615$ & $0.157356$ & $0.160742$ & $-0.0690755$ & $-0.0199829$ & $-0.0420136$ & $-0.0143933$ & $0.0817352$ & $0.159405$ & $0.0434605$ & $0.0563512$ & $-0.00395145$ & $-0.011127$ & $-0.0236374$ & $-0.0612571$ & $-0.0319905$ & $0.0495788$ & $-0.0252129$ & $-0.411089$ & $0.122946$ & $-0.200339$ & $0.230208$ & $0.185035$ & $0.0169585$ & $-0.132167$ & $0.114126$ & $-0.290103$ & $-0.211359$ & $0.28622$ & $-0.531345$ & $-0.0576567$ & $1$ & $0.180856$ \\
eHbbpar & $0.0901507$ & $-0.200445$ & $0.125292$ & $0.130167$ & $-0.00647985$ & $0.0413835$ & $-0.10854$ & $0.0361896$ & $0.0379195$ & $-0.0412449$ & $-0.00788353$ & $0.184939$ & $0.204499$ & $-0.0339976$ & $0.0207015$ & $0.0197633$ & $-0.0468772$ & $-0.0440118$ & $-0.0643979$ & $0.00391513$ & $-0.0206359$ & $0.00566152$ & $0.0514016$ & $-0.0728974$ & $-0.0426737$ & $-0.0862585$ & $-0.0373838$ & $-0.0662769$ & $-0.000261436$ & $0.13097$ & $0.0696002$ & $-0.0811065$ & $0.370087$ & $-8.04136e-05$ & $-0.604067$ & $0.303211$ & $-0.281278$ & $-0.0636316$ & $0.319749$ & $-0.256266$ & $0.0504537$ & $0.00496018$ & $0.0141326$ & $-0.431008$ & $-0.215198$ & $-0.104114$ & $0.0695091$ & $0.180856$ & $1$ \\
