 & AlsMz & dAle5Mz & mtop & mHl & Mz & CW & CHG & CHWB & CHWHB_gaga & CHWHB_gagaorth & CHD & CHbox & CH & CHL1_11 & CHL1_22 & CHL1_33 & CHL3_11 & CHL3_22 & CHL3_33 & CHe_11 & CHe_22 & CHe_33 & CHQ1_11 & CHQ1_33 & CHQ3_11 & CHu_11 & CHd_11 & CHd_33 & CeH_22r & CeH_33r & CuH_22r & CuH_33r & CdH_33r & CLL_1221 & eHggint & eHggpar & eHWWint & eHWWpar & eHZZint & eHZZpar & eHZgaint & eHZgapar & eHgagaint & eHmumuint & eHtautauint & eHccint & eHccpar & eHbbint & eHbbpar \\
AlsMz & $1$ & $-0.133517$ & $-0.0495235$ & $0.0178748$ & $0.02597$ & $0.0141172$ & $-0.0273513$ & $0.0573084$ & $0.0527208$ & $-0.0235753$ & $-0.0481277$ & $0.00249482$ & $0.0112726$ & $-0.00651163$ & $-0.0311188$ & $-0.0321114$ & $-0.0276629$ & $-0.005978$ & $-0.00655142$ & $0.0353159$ & $0.0454773$ & $0.0435727$ & $0.00260892$ & $-0.0901087$ & $-0.102698$ & $-0.0306301$ & $0.0557007$ & $0.0508639$ & $0.014879$ & $-0.0493017$ & $0.019563$ & $-0.0212096$ & $-0.0153848$ & $0.0629189$ & $0.135366$ & $-0.00333771$ & $0.0454489$ & $0.0220002$ & $0.105518$ & $-0.0341096$ & $0.132903$ & $0.0183287$ & $0.0270553$ & $-0.167353$ & $0.109962$ & $0.123556$ & $0.0850796$ & $-0.0963321$ & $0.0691511$ \\
dAle5Mz & $-0.133517$ & $1$ & $-0.00554019$ & $0.0698575$ & $-0.0219398$ & $0.0300756$ & $-0.0138281$ & $-0.0428867$ & $-0.0380634$ & $-0.0232907$ & $0.0337448$ & $-0.0456709$ & $-0.0344332$ & $-0.0004604$ & $-0.00423832$ & $-0.0150746$ & $-0.01061$ & $-0.00327602$ & $0.001826$ & $-0.0200536$ & $-0.016122$ & $-0.0152171$ & $0.0156284$ & $0.0110705$ & $0.00884256$ & $0.00345712$ & $-0.00129652$ & $0.0190994$ & $-0.010166$ & $0.0178513$ & $0.0136475$ & $-0.0279741$ & $-0.00321048$ & $0.0108169$ & $-0.25214$ & $-0.0375435$ & $0.0288658$ & $-0.0320186$ & $-0.231226$ & $0.0209432$ & $0.0350231$ & $-0.0217834$ & $0.0278912$ & $-0.146017$ & $0.00325273$ & $0.00412367$ & $0.014968$ & $-0.225053$ & $0.0252596$ \\
mtop & $-0.0495235$ & $-0.00554019$ & $1$ & $-0.0742832$ & $0.0248848$ & $-0.0085173$ & $-0.0386719$ & $-0.000179618$ & $0.0012813$ & $-0.0187146$ & $0.0226996$ & $0.0069948$ & $0.0213754$ & $-0.0369303$ & $-0.0289577$ & $0.0108545$ & $-0.0268433$ & $-0.00738002$ & $-0.0446777$ & $-0.0165664$ & $-0.0139386$ & $-0.0176879$ & $-0.0389354$ & $-0.00156502$ & $-0.0239481$ & $0.0502955$ & $0.00678897$ & $-0.0170086$ & $0.018084$ & $-0.0080705$ & $0.0152316$ & $-0.0418108$ & $0.086581$ & $0.0300968$ & $0.110199$ & $-0.180962$ & $0.206948$ & $-0.0286384$ & $-0.208903$ & $0.0412659$ & $-0.00180502$ & $-0.0263908$ & $0.129041$ & $-0.156429$ & $0.0734314$ & $0.0834036$ & $-0.068461$ & $-0.113618$ & $0.283183$ \\
mHl & $0.0178748$ & $0.0698575$ & $-0.0742832$ & $1$ & $-0.0237589$ & $0.0255187$ & $0.0424268$ & $-0.0211929$ & $-0.0220622$ & $0.0380957$ & $0.019225$ & $0.0386177$ & $0.0133733$ & $0.00988313$ & $-0.024554$ & $-0.00755411$ & $-0.00770322$ & $0.0230383$ & $-0.00195224$ & $-0.0157678$ & $-0.0174639$ & $-0.0190131$ & $0.0388$ & $0.00998876$ & $-0.00819387$ & $-0.0149556$ & $-0.0190543$ & $-0.0190387$ & $-0.0108961$ & $0.0323733$ & $-0.0196076$ & $0.0453793$ & $0.060375$ & $0.00408434$ & $-0.0868254$ & $0.179655$ & $-0.0151248$ & $0.0385141$ & $-0.0169915$ & $-0.114557$ & $0.0528645$ & $-0.029833$ & $-0.0514766$ & $0.0885815$ & $0.0902024$ & $0.211961$ & $-0.0426288$ & $0.131506$ & $0.0932114$ \\
Mz & $0.02597$ & $-0.0219398$ & $0.0248848$ & $-0.0237589$ & $1$ & $-0.0103987$ & $0.00429829$ & $0.0129322$ & $0.0119446$ & $-0.00289786$ & $0.00376115$ & $0.0148879$ & $-0.00443518$ & $-0.0103936$ & $0.00540361$ & $0.0515813$ & $-0.0265272$ & $-0.0183354$ & $-0.0530849$ & $0.00689387$ & $0.00404622$ & $-0.00601335$ & $-0.0372549$ & $-0.00986987$ & $-0.0417098$ & $0.019631$ & $-0.0275029$ & $0.0103829$ & $-0.00658439$ & $0.00742981$ & $0.0181674$ & $0.00933149$ & $0.0116616$ & $-8.6828e-05$ & $0.0187955$ & $-0.0222916$ & $0.0165513$ & $-0.0131106$ & $-0.0304586$ & $-0.00292915$ & $-0.0196529$ & $0.00539483$ & $0.00754784$ & $-0.0210546$ & $0.00340265$ & $-0.0150997$ & $0.0124504$ & $0.0139002$ & $-0.00151294$ \\
CW & $0.0141172$ & $0.0300756$ & $-0.0085173$ & $0.0255187$ & $-0.0103987$ & $1$ & $0.0139184$ & $-0.115489$ & $-0.113193$ & $0.0143659$ & $0.178342$ & $0.0466662$ & $0.00343351$ & $0.0201215$ & $-0.0776855$ & $-0.0686123$ & $-0.288016$ & $-0.0611468$ & $-0.0721095$ & $-0.174882$ & $-0.181698$ & $-0.177951$ & $-0.0053518$ & $-0.0102918$ & $-0.107319$ & $0.0935651$ & $-0.0857453$ & $-0.0383384$ & $-0.0114459$ & $-0.000277068$ & $-0.0172994$ & $0.0244428$ & $0.00114445$ & $-0.120247$ & $0.00672893$ & $-0.00369842$ & $-0.0223128$ & $-0.0395026$ & $0.00845535$ & $-0.0269796$ & $0.0116797$ & $-0.0390602$ & $-0.0169303$ & $0.000462955$ & $0.00311105$ & $0.0354325$ & $-0.0145982$ & $-0.00400742$ & $0.029689$ \\
CHG & $-0.0273513$ & $-0.0138281$ & $-0.0386719$ & $0.0424268$ & $0.00429829$ & $0.0139184$ & $1$ & $-0.081033$ & $-0.0284176$ & $0.0593915$ & $0.0479039$ & $-0.175032$ & $-0.265873$ & $0.0434076$ & $0.0148759$ & $-0.0138829$ & $0.0630083$ & $0.052562$ & $0.0668073$ & $-0.0467804$ & $-0.0556949$ & $-0.0548604$ & $-0.0248191$ & $0.0816827$ & $0.0724688$ & $0.0451066$ & $-0.0459344$ & $-0.0280167$ & $0.0104315$ & $-0.14954$ & $-0.0445448$ & $0.940062$ & $-0.155494$ & $-0.0777398$ & $-0.00475728$ & $-0.0124336$ & $0.0259233$ & $0.0069918$ & $0.0253455$ & $-0.00183311$ & $0.0070058$ & $-0.0437102$ & $-0.0516643$ & $0.0287212$ & $0.0459574$ & $-0.0230929$ & $0.056508$ & $0.00148729$ & $0.0312093$ \\
CHWB & $0.0573084$ & $-0.0428867$ & $-0.000179618$ & $-0.0211929$ & $0.0129322$ & $-0.115489$ & $-0.081033$ & $1$ & $0.984953$ & $-0.548484$ & $-0.883005$ & $0.0302477$ & $0.333238$ & $0.130198$ & $0.312026$ & $0.305806$ & $-0.213136$ & $-0.41642$ & $-0.413913$ & $0.856021$ & $0.899412$ & $0.88414$ & $0.0542655$ & $-0.658085$ & $-0.382881$ & $-0.510944$ & $0.437522$ & $0.298685$ & $0.00619388$ & $0.110913$ & $0.0840273$ & $-0.0707145$ & $0.118243$ & $0.554086$ & $-0.00294761$ & $-0.0107754$ & $-0.00566763$ & $0.0152647$ & $-0.000208133$ & $-0.0104967$ & $-0.0113258$ & $-0.00209816$ & $0.0142542$ & $-0.0168348$ & $0.0236525$ & $0.0334875$ & $0.0478649$ & $-0.0125966$ & $-0.00307579$ \\
CHWHB_gaga & $0.0527208$ & $-0.0380634$ & $0.0012813$ & $-0.0220622$ & $0.0119446$ & $-0.113193$ & $-0.0284176$ & $0.984953$ & $1$ & $-0.545049$ & $-0.864908$ & $0.0444553$ & $0.331527$ & $0.116777$ & $0.313179$ & $0.303479$ & $-0.218854$ & $-0.422971$ & $-0.418294$ & $0.839155$ & $0.880544$ & $0.866056$ & $0.0493706$ & $-0.65379$ & $-0.385298$ & $-0.497615$ & $0.428515$ & $0.290882$ & $0.00994119$ & $0.132999$ & $0.0938655$ & $-0.0258329$ & $0.142331$ & $0.541835$ & $-0.00961998$ & $-0.0197753$ & $-0.0105895$ & $0.011478$ & $-0.00434432$ & $-0.0116541$ & $-0.0196089$ & $-0.00657466$ & $0.0634275$ & $-0.0140791$ & $0.0442845$ & $0.0296155$ & $0.0472687$ & $-0.0147085$ & $-0.00086176$ \\
CHWHB_gagaorth & $-0.0235753$ & $-0.0232907$ & $-0.0187146$ & $0.0380957$ & $-0.00289786$ & $0.0143659$ & $0.0593915$ & $-0.548484$ & $-0.545049$ & $1$ & $0.335084$ & $0.314039$ & $-0.238354$ & $0.219736$ & $-0.101442$ & $-0.129382$ & $0.426444$ & $0.461828$ & $0.483498$ & $-0.323134$ & $-0.352402$ & $-0.351359$ & $-0.0745914$ & $0.548748$ & $0.472848$ & $0.231588$ & $-0.231921$ & $-0.109014$ & $-0.00660915$ & $-0.15018$ & $-0.0949924$ & $0.0658699$ & $-0.16776$ & $-0.354755$ & $0.0292892$ & $0.0392987$ & $-0.00836955$ & $0.0258038$ & $0.00639413$ & $-0.00547298$ & $-0.0322927$ & $0.0152393$ & $-0.0377347$ & $0.0431101$ & $-0.0283853$ & $0.0187677$ & $-0.0452367$ & $0.0446468$ & $-0.0118003$ \\
CHD & $-0.0481277$ & $0.0337448$ & $0.0226996$ & $0.019225$ & $0.00376115$ & $0.178342$ & $0.0479039$ & $-0.883005$ & $-0.864908$ & $0.335084$ & $1$ & $0.0970629$ & $-0.173679$ & $-0.533052$ & $-0.425481$ & $-0.420989$ & $-0.234163$ & $0.0548718$ & $0.0528176$ & $-0.990826$ & $-0.991395$ & $-0.971151$ & $0.00163747$ & $0.299702$ & $8.62208e-05$ & $0.554784$ & $-0.316268$ & $-0.336925$ & $0.00372073$ & $-0.0601448$ & $-0.0640911$ & $0.0497968$ & $-0.0710354$ & $-0.36661$ & $0.0329716$ & $0.0261443$ & $0.00455993$ & $-0.0202619$ & $0.00185728$ & $0.0011452$ & $0.0261076$ & $-0.0100613$ & $-0.00528548$ & $-0.00204288$ & $-0.0298817$ & $-0.0415554$ & $-0.0526919$ & $-0.000201624$ & $-0.000485845$ \\
CHbox & $0.00249482$ & $-0.0456709$ & $0.0069948$ & $0.0386177$ & $0.0148879$ & $0.0466662$ & $-0.175032$ & $0.0302477$ & $0.0444553$ & $0.314039$ & $0.0970629$ & $1$ & $0.652647$ & $-0.264172$ & $0.0576639$ & $0.0188834$ & $-0.265495$ & $-0.276413$ & $-0.248144$ & $-0.0827431$ & $-0.100143$ & $-0.0951948$ & $-0.0100932$ & $-0.141128$ & $-0.253667$ & $0.0527095$ & $-0.0441181$ & $-0.033077$ & $0.0277251$ & $0.303701$ & $0.0499362$ & $-0.0941188$ & $0.344354$ & $-0.032107$ & $0.137103$ & $0.0603749$ & $-0.0507218$ & $0.000732484$ & $0.0324049$ & $-0.0292562$ & $-0.0397239$ & $0.000925991$ & $0.0112889$ & $0.0094586$ & $0.00339986$ & $0.0039847$ & $-0.0468694$ & $0.0247698$ & $-0.0245125$ \\
CH & $0.0112726$ & $-0.0344332$ & $0.0213754$ & $0.0133733$ & $-0.00443518$ & $0.00343351$ & $-0.265873$ & $0.333238$ & $0.331527$ & $-0.238354$ & $-0.173679$ & $0.652647$ & $1$ & $-0.201616$ & $0.0817836$ & $0.0809994$ & $-0.319481$ & $-0.349408$ & $-0.348356$ & $0.170194$ & $0.182095$ & $0.188451$ & $0.0356867$ & $-0.356575$ & $-0.346552$ & $-0.125964$ & $0.122707$ & $0.0573833$ & $0.0308567$ & $0.269995$ & $0.084872$ & $-0.218174$ & $0.311852$ & $0.19589$ & $0.0768404$ & $-0.0123809$ & $-0.0318423$ & $-0.00568093$ & $0.0317204$ & $-0.00259621$ & $-0.0304498$ & $0.000145342$ & $0.0632407$ & $-0.0241444$ & $0.0383396$ & $-0.00827546$ & $0.00218213$ & $-0.00311324$ & $-0.0033879$ \\
CHL1_11 & $-0.00651163$ & $-0.0004604$ & $-0.0369303$ & $0.00988313$ & $-0.0103936$ & $0.0201215$ & $0.0434076$ & $0.130198$ & $0.116777$ & $0.219736$ & $-0.533052$ & $-0.264172$ & $-0.201616$ & $1$ & $0.270174$ & $0.27045$ & $0.649757$ & $0.587249$ & $0.586188$ & $0.550275$ & $0.496205$ & $0.480365$ & $-0.0794128$ & $0.451133$ & $0.601644$ & $-0.267312$ & $-0.0672764$ & $0.186208$ & $-0.0174587$ & $-0.074142$ & $-0.00344071$ & $0.0204308$ & $-0.0602859$ & $-0.190325$ & $-0.0716313$ & $-0.0315939$ & $-0.00830012$ & $0.0156812$ & $-0.00824019$ & $0.0232194$ & $-0.0332524$ & $0.0169395$ & $-0.0134366$ & $0.0461555$ & $0.0264207$ & $0.0469459$ & $0.0462198$ & $0.0361257$ & $0.0112843$ \\
CHL1_22 & $-0.0311188$ & $-0.00423832$ & $-0.0289577$ & $-0.024554$ & $0.00540361$ & $-0.0776855$ & $0.0148759$ & $0.312026$ & $0.313179$ & $-0.101442$ & $-0.425481$ & $0.0576639$ & $0.0817836$ & $0.270174$ & $1$ & $0.456908$ & $0.158336$ & $-0.461116$ & $-0.0442495$ & $0.489128$ & $0.342813$ & $0.332968$ & $-0.160279$ & $0.0918244$ & $-0.119672$ & $-0.208208$ & $-0.370009$ & $0.0824637$ & $-0.0138681$ & $0.0480756$ & $0.00687731$ & $0.0296665$ & $0.0573568$ & $-0.588407$ & $0.0286685$ & $0.0214965$ & $-0.00432047$ & $-0.0115216$ & $0.0229208$ & $-0.0133051$ & $0.00644715$ & $0.0178528$ & $0.00839622$ & $0.036274$ & $-0.0477336$ & $-0.0189229$ & $0.0249359$ & $0.00914887$ & $0.00125709$ \\
CHL1_33 & $-0.0321114$ & $-0.0150746$ & $0.0108545$ & $-0.00755411$ & $0.0515813$ & $-0.0686123$ & $-0.0138829$ & $0.305806$ & $0.303479$ & $-0.129382$ & $-0.420989$ & $0.0188834$ & $0.0809994$ & $0.27045$ & $0.456908$ & $1$ & $0.163967$ & $-0.0370218$ & $-0.441367$ & $0.485258$ & $0.340462$ & $0.354012$ & $-0.154067$ & $0.105511$ & $-0.108044$ & $-0.20253$ & $-0.358587$ & $0.133892$ & $-0.0299708$ & $0.0616488$ & $0.0553397$ & $-0.00595213$ & $0.0655308$ & $-0.102009$ & $-0.0127619$ & $-0.00808705$ & $-0.0134755$ & $0.00667326$ & $0.0139643$ & $-0.0216365$ & $-0.00421104$ & $0.0115777$ & $0.0130457$ & $0.0233764$ & $0.0190198$ & $0.0117725$ & $0.0130177$ & $0.0336501$ & $-0.00329744$ \\
CHL3_11 & $-0.0276629$ & $-0.01061$ & $-0.0268433$ & $-0.00770322$ & $-0.0265272$ & $-0.288016$ & $0.0630083$ & $-0.213136$ & $-0.218854$ & $0.426444$ & $-0.234163$ & $-0.265495$ & $-0.319481$ & $0.649757$ & $0.158336$ & $0.163967$ & $1$ & $0.728127$ & $0.727432$ & $0.253817$ & $0.202481$ & $0.191282$ & $-0.0805583$ & $0.662023$ & $0.783285$ & $-0.09599$ & $-0.137907$ & $0.0807044$ & $-0.013693$ & $-0.100648$ & $-0.0466288$ & $0.0358904$ & $-0.0959382$ & $-0.225681$ & $-0.051293$ & $-0.041605$ & $0.0197406$ & $0.0169795$ & $-0.00889366$ & $0.0193018$ & $-0.0384824$ & $0.0226281$ & $-0.0146588$ & $0.0315094$ & $0.00959434$ & $0.00290533$ & $-0.00731935$ & $0.0182766$ & $0.00685883$ \\
CHL3_22 & $-0.005978$ & $-0.00327602$ & $-0.00738002$ & $0.0230383$ & $-0.0183354$ & $-0.0611468$ & $0.052562$ & $-0.41642$ & $-0.422971$ & $0.461828$ & $0.0548718$ & $-0.276413$ & $-0.349408$ & $0.587249$ & $-0.461116$ & $-0.0370218$ & $0.728127$ & $1$ & $0.672521$ & $-0.0591079$ & $-0.0476722$ & $-0.0485026$ & $-0.00110522$ & $0.611682$ & $0.790804$ & $0.0501699$ & $0.00706881$ & $0.0227466$ & $-0.0125377$ & $-0.126924$ & $-0.0402551$ & $0.0191611$ & $-0.12483$ & $0.0592368$ & $-0.0740841$ & $-0.0450109$ & $0.00896292$ & $0.0162385$ & $-0.021295$ & $0.0241751$ & $-0.0339937$ & $0.011153$ & $-0.0202683$ & $0.0148923$ & $0.0474611$ & $0.0274984$ & $-0.00960523$ & $0.0299585$ & $0.00665051$ \\
CHL3_33 & $-0.00655142$ & $0.001826$ & $-0.0446777$ & $-0.00195224$ & $-0.0530849$ & $-0.0721095$ & $0.0668073$ & $-0.413913$ & $-0.418294$ & $0.483498$ & $0.0528176$ & $-0.248144$ & $-0.348356$ & $0.586188$ & $-0.0442495$ & $-0.441367$ & $0.727432$ & $0.672521$ & $1$ & $-0.0582585$ & $-0.045828$ & $-0.0445397$ & $-0.00447109$ & $0.603355$ & $0.792575$ & $0.047862$ & $0.00981303$ & $-0.0156105$ & $0.00354275$ & $-0.13923$ & $-0.0710807$ & $0.0380246$ & $-0.132673$ & $-0.318753$ & $-0.042575$ & $-0.0265829$ & $0.0183397$ & $0.00390239$ & $-0.0121521$ & $0.0352381$ & $-0.0223778$ & $0.0189813$ & $-0.0246753$ & $0.0334023$ & $-0.00787391$ & $0.00391972$ & $0.00200811$ & $0.0146479$ & $0.0113467$ \\
CHe_11 & $0.0353159$ & $-0.0200536$ & $-0.0165664$ & $-0.0157678$ & $0.00689387$ & $-0.174882$ & $-0.0467804$ & $0.856021$ & $0.839155$ & $-0.323134$ & $-0.990826$ & $-0.0827431$ & $0.170194$ & $0.550275$ & $0.489128$ & $0.485258$ & $0.253817$ & $-0.0591079$ & $-0.0582585$ & $1$ & $0.973439$ & $0.953853$ & $-0.0243222$ & $-0.248337$ & $0.00593137$ & $-0.545845$ & $0.242471$ & $0.328212$ & $-0.00854505$ & $0.0640745$ & $0.0608458$ & $-0.0473506$ & $0.0740495$ & $0.289031$ & $-0.0325784$ & $-0.0263094$ & $-0.003669$ & $0.0154353$ & $-0.0060628$ & $-0.00540018$ & $-0.0230838$ & $0.0109697$ & $0.00762651$ & $0.00310337$ & $0.0293695$ & $0.033128$ & $0.0493663$ & $0.00357763$ & $0.000417565$ \\
CHe_22 & $0.0454773$ & $-0.016122$ & $-0.0139386$ & $-0.0174639$ & $0.00404622$ & $-0.181698$ & $-0.0556949$ & $0.899412$ & $0.880544$ & $-0.352402$ & $-0.991395$ & $-0.100143$ & $0.182095$ & $0.496205$ & $0.342813$ & $0.340462$ & $0.202481$ & $-0.0476722$ & $-0.045828$ & $0.973439$ & $1$ & $0.975927$ & $0.0249092$ & $-0.353663$ & $-0.00762193$ & $-0.557281$ & $0.393424$ & $0.339708$ & $-0.000343493$ & $0.0605621$ & $0.0642401$ & $-0.0590097$ & $0.0703032$ & $0.451476$ & $-0.0391123$ & $-0.0307355$ & $-0.0025984$ & $0.0221584$ & $-0.0129476$ & $-0.000164539$ & $-0.0262847$ & $0.00647308$ & $0.00545916$ & $-0.00509008$ & $0.0323918$ & $0.0409195$ & $0.0528036$ & $-0.00702408$ & $0.00189533$ \\
CHe_33 & $0.0435727$ & $-0.0152171$ & $-0.0176879$ & $-0.0190131$ & $-0.00601335$ & $-0.177951$ & $-0.0548604$ & $0.88414$ & $0.866056$ & $-0.351359$ & $-0.971151$ & $-0.0951948$ & $0.188451$ & $0.480365$ & $0.332968$ & $0.354012$ & $0.191282$ & $-0.0485026$ & $-0.0445397$ & $0.953853$ & $0.975927$ & $1$ & $0.0256971$ & $-0.350338$ & $-0.0075468$ & $-0.544747$ & $0.392981$ & $0.334421$ & $0.00397898$ & $0.0583933$ & $0.0699063$ & $-0.058851$ & $0.0710144$ & $0.449076$ & $-0.0423321$ & $-0.0305497$ & $-0.00661201$ & $0.0183083$ & $-0.0127076$ & $0.00598793$ & $-0.0253072$ & $0.0160216$ & $0.0030466$ & $-0.00207763$ & $0.032606$ & $0.0393828$ & $0.0462924$ & $-0.00026733$ & $0.00362155$ \\
CHQ1_11 & $0.00260892$ & $0.0156284$ & $-0.0389354$ & $0.0388$ & $-0.0372549$ & $-0.0053518$ & $-0.0248191$ & $0.0542655$ & $0.0493706$ & $-0.0745914$ & $0.00163747$ & $-0.0100932$ & $0.0356867$ & $-0.0794128$ & $-0.160279$ & $-0.154067$ & $-0.0805583$ & $-0.00110522$ & $-0.00447109$ & $-0.0243222$ & $0.0249092$ & $0.0256971$ & $1$ & $-0.125886$ & $0.0686301$ & $-0.679726$ & $0.330013$ & $0.00521731$ & $0.0275402$ & $-0.00792938$ & $-0.0206748$ & $-0.0405887$ & $-0.0262271$ & $0.183606$ & $0.00263693$ & $-0.0181139$ & $-0.0184396$ & $-0.000633499$ & $-0.0302625$ & $-0.0241635$ & $-0.0477779$ & $-0.0139785$ & $-0.0267543$ & $-0.0111325$ & $0.0044168$ & $0.0106706$ & $-0.00636248$ & $0.022658$ & $-0.0620199$ \\
CHQ1_33 & $-0.0901087$ & $0.0110705$ & $-0.00156502$ & $0.00998876$ & $-0.00986987$ & $-0.0102918$ & $0.0816827$ & $-0.658085$ & $-0.65379$ & $0.548748$ & $0.299702$ & $-0.141128$ & $-0.356575$ & $0.451133$ & $0.0918244$ & $0.105511$ & $0.662023$ & $0.611682$ & $0.603355$ & $-0.248337$ & $-0.353663$ & $-0.350338$ & $-0.125886$ & $1$ & $0.647267$ & $0.208872$ & $-0.404022$ & $-0.00318858$ & $-0.0235447$ & $-0.112924$ & $-0.0721822$ & $0.0640187$ & $-0.109834$ & $-0.61276$ & $-0.039068$ & $0.0036651$ & $0.00192644$ & $-0.00297971$ & $0.0001512$ & $0.0103619$ & $-0.00770452$ & $0.0278326$ & $-0.0210459$ & $0.0525367$ & $-0.0253075$ & $-0.011215$ & $-0.0234289$ & $0.0308425$ & $0.000559147$ \\
CHQ3_11 & $-0.102698$ & $0.00884256$ & $-0.0239481$ & $-0.00819387$ & $-0.0417098$ & $-0.107319$ & $0.0724688$ & $-0.382881$ & $-0.385298$ & $0.472848$ & $8.62208e-05$ & $-0.253667$ & $-0.346552$ & $0.601644$ & $-0.119672$ & $-0.108044$ & $0.783285$ & $0.790804$ & $0.792575$ & $0.00593137$ & $-0.00762193$ & $-0.0075468$ & $0.0686301$ & $0.647267$ & $1$ & $0.0191278$ & $0.200364$ & $0.0204082$ & $-0.00765794$ & $-0.122264$ & $-0.052754$ & $0.0378484$ & $-0.127773$ & $-0.197349$ & $-0.0939755$ & $-0.0547346$ & $0.0183925$ & $0.0171831$ & $-0.0263173$ & $0.0299279$ & $-0.0482941$ & $0.0183452$ & $-0.0189015$ & $0.0391003$ & $0.0290346$ & $0.00802181$ & $-0.0180727$ & $0.0148355$ & $0.00687396$ \\
CHu_11 & $-0.0306301$ & $0.00345712$ & $0.0502955$ & $-0.0149556$ & $0.019631$ & $0.0935651$ & $0.0451066$ & $-0.510944$ & $-0.497615$ & $0.231588$ & $0.554784$ & $0.0527095$ & $-0.125964$ & $-0.267312$ & $-0.208208$ & $-0.20253$ & $-0.09599$ & $0.0501699$ & $0.047862$ & $-0.545845$ & $-0.557281$ & $-0.544747$ & $-0.679726$ & $0.208872$ & $0.0191278$ & $1$ & $-0.192244$ & $-0.181232$ & $-0.0129546$ & $-0.0349633$ & $-0.00325968$ & $0.0540305$ & $-0.0249471$ & $-0.246789$ & $0.00977886$ & $0.042042$ & $0.0206656$ & $-0.00747258$ & $0.00856974$ & $0.0250011$ & $0.0421977$ & $-0.00593137$ & $0.00320859$ & $0.00703057$ & $-0.000947891$ & $-0.0112727$ & $-0.024861$ & $-0.0275827$ & $0.0555437$ \\
CHd_11 & $0.0557007$ & $-0.00129652$ & $0.00678897$ & $-0.0190543$ & $-0.0275029$ & $-0.0857453$ & $-0.0459344$ & $0.437522$ & $0.428515$ & $-0.231921$ & $-0.316268$ & $-0.0441181$ & $0.122707$ & $-0.0672764$ & $-0.370009$ & $-0.358587$ & $-0.137907$ & $0.00706881$ & $0.00981303$ & $0.242471$ & $0.393424$ & $0.392981$ & $0.330013$ & $-0.404022$ & $0.200364$ & $-0.192244$ & $1$ & $0.140644$ & $0.0249972$ & $0.0114095$ & $0.0354904$ & $-0.0602636$ & $0.00408751$ & $0.680098$ & $-0.0595126$ & $-0.0364857$ & $0.0227253$ & $0.0270655$ & $-0.0328205$ & $0.013376$ & $-0.0226882$ & $-0.00448399$ & $-0.00132208$ & $-0.0347251$ & $0.0522853$ & $0.0425176$ & $0.00886747$ & $-0.0509054$ & $0.00449675$ \\
CHd_33 & $0.0508639$ & $0.0190994$ & $-0.0170086$ & $-0.0190387$ & $0.0103829$ & $-0.0383384$ & $-0.0280167$ & $0.298685$ & $0.290882$ & $-0.109014$ & $-0.336925$ & $-0.033077$ & $0.0573833$ & $0.186208$ & $0.0824637$ & $0.133892$ & $0.0807044$ & $0.0227466$ & $-0.0156105$ & $0.328212$ & $0.339708$ & $0.334421$ & $0.00521731$ & $-0.00318858$ & $0.0204082$ & $-0.181232$ & $0.140644$ & $1$ & $-0.00180799$ & $0.0363175$ & $0.040063$ & $-0.0260517$ & $0.0491691$ & $0.178778$ & $-0.0242747$ & $0.00730347$ & $-0.0223918$ & $-0.0200771$ & $-0.0224306$ & $-0.0233267$ & $0.010553$ & $-0.00796612$ & $0.00318032$ & $-0.0380713$ & $0.0326199$ & $0.0128839$ & $0.0430058$ & $-0.00265761$ & $0.00380122$ \\
CeH_22r & $0.014879$ & $-0.010166$ & $0.018084$ & $-0.0108961$ & $-0.00658439$ & $-0.0114459$ & $0.0104315$ & $0.00619388$ & $0.00994119$ & $-0.00660915$ & $0.00372073$ & $0.0277251$ & $0.0308567$ & $-0.0174587$ & $-0.0138681$ & $-0.0299708$ & $-0.013693$ & $-0.0125377$ & $0.00354275$ & $-0.00854505$ & $-0.000343493$ & $0.00397898$ & $0.0275402$ & $-0.0235447$ & $-0.00765794$ & $-0.0129546$ & $0.0249972$ & $-0.00180799$ & $1$ & $0.0251589$ & $-0.00559407$ & $-0.00541645$ & $0.0237256$ & $0.0161848$ & $0.00607892$ & $-0.0330511$ & $-0.0486263$ & $0.00472544$ & $0.0170802$ & $0.0130478$ & $-0.0537556$ & $0.00185697$ & $0.0251013$ & $0.00997845$ & $0.0247145$ & $0.0286407$ & $-0.0290527$ & $-0.0129404$ & $-0.025669$ \\
CeH_33r & $-0.0493017$ & $0.0178513$ & $-0.0080705$ & $0.0323733$ & $0.00742981$ & $-0.000277068$ & $-0.14954$ & $0.110913$ & $0.132999$ & $-0.15018$ & $-0.0601448$ & $0.303701$ & $0.269995$ & $-0.074142$ & $0.0480756$ & $0.0616488$ & $-0.100648$ & $-0.126924$ & $-0.13923$ & $0.0640745$ & $0.0605621$ & $0.0583933$ & $-0.00792938$ & $-0.112924$ & $-0.122264$ & $-0.0349633$ & $0.0114095$ & $0.0363175$ & $0.0251589$ & $1$ & $0.304634$ & $-0.00940671$ & $0.680125$ & $0.0510645$ & $-0.0156512$ & $-0.0229489$ & $-0.168386$ & $-0.0353665$ & $0.0241496$ & $-0.0234736$ & $-0.0224478$ & $-0.0153868$ & $0.0126354$ & $-0.00441916$ & $0.123657$ & $0.010955$ & $-0.0259444$ & $0.022901$ & $0.0164418$ \\
CuH_22r & $0.019563$ & $0.0136475$ & $0.0152316$ & $-0.0196076$ & $0.0181674$ & $-0.0172994$ & $-0.0445448$ & $0.0840273$ & $0.0938655$ & $-0.0949924$ & $-0.0640911$ & $0.0499362$ & $0.084872$ & $-0.00344071$ & $0.00687731$ & $0.0553397$ & $-0.0466288$ & $-0.0402551$ & $-0.0710807$ & $0.0608458$ & $0.0642401$ & $0.0699063$ & $-0.0206748$ & $-0.0721822$ & $-0.052754$ & $-0.00325968$ & $0.0354904$ & $0.040063$ & $-0.00559407$ & $0.304634$ & $1$ & $0.0485521$ & $0.382633$ & $0.0608551$ & $0.0120498$ & $-0.0334059$ & $-0.0537221$ & $-0.0157853$ & $0.040755$ & $0.0125928$ & $-0.070147$ & $-0.0137213$ & $-0.0310594$ & $-0.0178744$ & $0.0304953$ & $0.0902052$ & $0.276777$ & $0.0369445$ & $0.0484619$ \\
CuH_33r & $-0.0212096$ & $-0.0279741$ & $-0.0418108$ & $0.0453793$ & $0.00933149$ & $0.0244428$ & $0.940062$ & $-0.0707145$ & $-0.0258329$ & $0.0658699$ & $0.0497968$ & $-0.0941188$ & $-0.218174$ & $0.0204308$ & $0.0296665$ & $-0.00595213$ & $0.0358904$ & $0.0191611$ & $0.0380246$ & $-0.0473506$ & $-0.0590097$ & $-0.058851$ & $-0.0405887$ & $0.0640187$ & $0.0378484$ & $0.0540305$ & $-0.0602636$ & $-0.0260517$ & $-0.00541645$ & $-0.00940671$ & $0.0485521$ & $1$ & $0.0171217$ & $-0.0840327$ & $0.0753473$ & $0.0287749$ & $-0.0159865$ & $-0.00648465$ & $0.0435312$ & $-0.00251311$ & $0.0111015$ & $-0.0378892$ & $-0.0532278$ & $0.0246548$ & $0.0332393$ & $-0.0463525$ & $0.0556992$ & $0.0157452$ & $0.0237632$ \\
CdH_33r & $-0.0153848$ & $-0.00321048$ & $0.086581$ & $0.060375$ & $0.0116616$ & $0.00114445$ & $-0.155494$ & $0.118243$ & $0.142331$ & $-0.16776$ & $-0.0710354$ & $0.344354$ & $0.311852$ & $-0.0602859$ & $0.0573568$ & $0.0655308$ & $-0.0959382$ & $-0.12483$ & $-0.132673$ & $0.0740495$ & $0.0703032$ & $0.0710144$ & $-0.0262271$ & $-0.109834$ & $-0.127773$ & $-0.0249471$ & $0.00408751$ & $0.0491691$ & $0.0237256$ & $0.680125$ & $0.382633$ & $0.0171217$ & $1$ & $0.0475475$ & $0.00724708$ & $-0.0744751$ & $-0.177119$ & $-0.0781649$ & $0.0478194$ & $-0.0298212$ & $0.049768$ & $-0.0307206$ & $0.0113832$ & $-0.0334283$ & $0.178951$ & $0.072466$ & $0.0127586$ & $0.10495$ & $0.396095$ \\
CLL_1221 & $0.0629189$ & $0.0108169$ & $0.0300968$ & $0.00408434$ & $-8.6828e-05$ & $-0.120247$ & $-0.0777398$ & $0.554086$ & $0.541835$ & $-0.354755$ & $-0.36661$ & $-0.032107$ & $0.19589$ & $-0.190325$ & $-0.588407$ & $-0.102009$ & $-0.225681$ & $0.0592368$ & $-0.318753$ & $0.289031$ & $0.451476$ & $0.449076$ & $0.183606$ & $-0.61276$ & $-0.197349$ & $-0.246789$ & $0.680098$ & $0.178778$ & $0.0161848$ & $0.0510645$ & $0.0608551$ & $-0.0840327$ & $0.0475475$ & $1$ & $-0.0387392$ & $-0.0327807$ & $0.0104286$ & $0.0223382$ & $-0.0344518$ & $0.0016603$ & $-0.0166239$ & $-0.0173228$ & $0.00899011$ & $-0.0555516$ & $0.0587814$ & $0.036872$ & $0.00931298$ & $-0.0303637$ & $-0.0029604$ \\
eHggint & $0.135366$ & $-0.25214$ & $0.110199$ & $-0.0868254$ & $0.0187955$ & $0.00672893$ & $-0.00475728$ & $-0.00294761$ & $-0.00961998$ & $0.0292892$ & $0.0329716$ & $0.137103$ & $0.0768404$ & $-0.0716313$ & $0.0286685$ & $-0.0127619$ & $-0.051293$ & $-0.0740841$ & $-0.042575$ & $-0.0325784$ & $-0.0391123$ & $-0.0423321$ & $0.00263693$ & $-0.039068$ & $-0.0939755$ & $0.00977886$ & $-0.0595126$ & $-0.0242747$ & $0.00607892$ & $-0.0156512$ & $0.0120498$ & $0.0753473$ & $0.00724708$ & $-0.0387392$ & $1$ & $0.0403671$ & $-0.068835$ & $-0.0433029$ & $-0.0148202$ & $-0.0454096$ & $-0.0465113$ & $-0.0106941$ & $0.0446862$ & $-0.0416299$ & $-0.1357$ & $-0.209771$ & $-0.0415229$ & $0.179434$ & $-0.0466205$ \\
eHggpar & $-0.00333771$ & $-0.0375435$ & $-0.180962$ & $0.179655$ & $-0.0222916$ & $-0.00369842$ & $-0.0124336$ & $-0.0107754$ & $-0.0197753$ & $0.0392987$ & $0.0261443$ & $0.0603749$ & $-0.0123809$ & $-0.0315939$ & $0.0214965$ & $-0.00808705$ & $-0.041605$ & $-0.0450109$ & $-0.0265829$ & $-0.0263094$ & $-0.0307355$ & $-0.0305497$ & $-0.0181139$ & $0.0036651$ & $-0.0547346$ & $0.042042$ & $-0.0364857$ & $0.00730347$ & $-0.0330511$ & $-0.0229489$ & $-0.0334059$ & $0.0287749$ & $-0.0744751$ & $-0.0327807$ & $0.0403671$ & $1$ & $-0.113508$ & $0.0478095$ & $0.0736345$ & $-0.0345805$ & $0.123067$ & $0.0400327$ & $-0.0741851$ & $-0.106337$ & $-0.0909662$ & $0.00953756$ & $-0.0494193$ & $-0.0670162$ & $-0.109238$ \\
eHWWint & $0.0454489$ & $0.0288658$ & $0.206948$ & $-0.0151248$ & $0.0165513$ & $-0.0223128$ & $0.0259233$ & $-0.00566763$ & $-0.0105895$ & $-0.00836955$ & $0.00455993$ & $-0.0507218$ & $-0.0318423$ & $-0.00830012$ & $-0.00432047$ & $-0.0134755$ & $0.0197406$ & $0.00896292$ & $0.0183397$ & $-0.003669$ & $-0.0025984$ & $-0.00661201$ & $-0.0184396$ & $0.00192644$ & $0.0183925$ & $0.0206656$ & $0.0227253$ & $-0.0223918$ & $-0.0486263$ & $-0.168386$ & $-0.0537221$ & $-0.0159865$ & $-0.177119$ & $0.0104286$ & $-0.068835$ & $-0.113508$ & $1$ & $-0.0108211$ & $-0.113294$ & $0.0413573$ & $0.0466495$ & $0.017924$ & $0.0809599$ & $0.0495919$ & $-0.0978612$ & $0.141415$ & $0.0663381$ & $-0.0938012$ & $0.0771563$ \\
eHWWpar & $0.0220002$ & $-0.0320186$ & $-0.0286384$ & $0.0385141$ & $-0.0131106$ & $-0.0395026$ & $0.0069918$ & $0.0152647$ & $0.011478$ & $0.0258038$ & $-0.0202619$ & $0.000732484$ & $-0.00568093$ & $0.0156812$ & $-0.0115216$ & $0.00667326$ & $0.0169795$ & $0.0162385$ & $0.00390239$ & $0.0154353$ & $0.0221584$ & $0.0183083$ & $-0.000633499$ & $-0.00297971$ & $0.0171831$ & $-0.00747258$ & $0.0270655$ & $-0.0200771$ & $0.00472544$ & $-0.0353665$ & $-0.0157853$ & $-0.00648465$ & $-0.0781649$ & $0.0223382$ & $-0.0433029$ & $0.0478095$ & $-0.0108211$ & $1$ & $0.0468347$ & $-0.0176924$ & $-0.0204606$ & $0.030964$ & $0.0165496$ & $0.0201028$ & $0.0342048$ & $-0.0169291$ & $0.00883163$ & $-0.0497262$ & $-0.0342311$ \\
eHZZint & $0.105518$ & $-0.231226$ & $-0.208903$ & $-0.0169915$ & $-0.0304586$ & $0.00845535$ & $0.0253455$ & $-0.000208133$ & $-0.00434432$ & $0.00639413$ & $0.00185728$ & $0.0324049$ & $0.0317204$ & $-0.00824019$ & $0.0229208$ & $0.0139643$ & $-0.00889366$ & $-0.021295$ & $-0.0121521$ & $-0.0060628$ & $-0.0129476$ & $-0.0127076$ & $-0.0302625$ & $0.0001512$ & $-0.0263173$ & $0.00856974$ & $-0.0328205$ & $-0.0224306$ & $0.0170802$ & $0.0241496$ & $0.040755$ & $0.0435312$ & $0.0478194$ & $-0.0344518$ & $-0.0148202$ & $0.0736345$ & $-0.113294$ & $0.0468347$ & $1$ & $0.0099347$ & $-0.0390293$ & $-0.0496582$ & $-0.0787284$ & $0.118155$ & $-0.00268519$ & $0.105024$ & $-0.0127206$ & $-0.064645$ & $0.0539961$ \\
eHZZpar & $-0.0341096$ & $0.0209432$ & $0.0412659$ & $-0.114557$ & $-0.00292915$ & $-0.0269796$ & $-0.00183311$ & $-0.0104967$ & $-0.0116541$ & $-0.00547298$ & $0.0011452$ & $-0.0292562$ & $-0.00259621$ & $0.0232194$ & $-0.0133051$ & $-0.0216365$ & $0.0193018$ & $0.0241751$ & $0.0352381$ & $-0.00540018$ & $-0.000164539$ & $0.00598793$ & $-0.0241635$ & $0.0103619$ & $0.0299279$ & $0.0250011$ & $0.013376$ & $-0.0233267$ & $0.0130478$ & $-0.0234736$ & $0.0125928$ & $-0.00251311$ & $-0.0298212$ & $0.0016603$ & $-0.0454096$ & $-0.0345805$ & $0.0413573$ & $-0.0176924$ & $0.0099347$ & $1$ & $-0.0205284$ & $0.00222253$ & $-0.00502424$ & $-0.0186658$ & $0.0188818$ & $0.0071373$ & $0.00789428$ & $-0.0962975$ & $0.0221641$ \\
eHZgaint & $0.132903$ & $0.0350231$ & $-0.00180502$ & $0.0528645$ & $-0.0196529$ & $0.0116797$ & $0.0070058$ & $-0.0113258$ & $-0.0196089$ & $-0.0322927$ & $0.0261076$ & $-0.0397239$ & $-0.0304498$ & $-0.0332524$ & $0.00644715$ & $-0.00421104$ & $-0.0384824$ & $-0.0339937$ & $-0.0223778$ & $-0.0230838$ & $-0.0262847$ & $-0.0253072$ & $-0.0477779$ & $-0.00770452$ & $-0.0482941$ & $0.0421977$ & $-0.0226882$ & $0.010553$ & $-0.0537556$ & $-0.0224478$ & $-0.070147$ & $0.0111015$ & $0.049768$ & $-0.0166239$ & $-0.0465113$ & $0.123067$ & $0.0466495$ & $-0.0204606$ & $-0.0390293$ & $-0.0205284$ & $1$ & $-0.0267233$ & $-0.101741$ & $-0.0984253$ & $-0.0584819$ & $-0.0599343$ & $-0.184589$ & $-0.0480427$ & $0.226461$ \\
eHZgapar & $0.0183287$ & $-0.0217834$ & $-0.0263908$ & $-0.029833$ & $0.00539483$ & $-0.0390602$ & $-0.0437102$ & $-0.00209816$ & $-0.00657466$ & $0.0152393$ & $-0.0100613$ & $0.000925991$ & $0.000145342$ & $0.0169395$ & $0.0178528$ & $0.0115777$ & $0.0226281$ & $0.011153$ & $0.0189813$ & $0.0109697$ & $0.00647308$ & $0.0160216$ & $-0.0139785$ & $0.0278326$ & $0.0183452$ & $-0.00593137$ & $-0.00448399$ & $-0.00796612$ & $0.00185697$ & $-0.0153868$ & $-0.0137213$ & $-0.0378892$ & $-0.0307206$ & $-0.0173228$ & $-0.0106941$ & $0.0400327$ & $0.017924$ & $0.030964$ & $-0.0496582$ & $0.00222253$ & $-0.0267233$ & $1$ & $-0.000850594$ & $-0.0277113$ & $0.00436827$ & $-0.0545576$ & $0.0212363$ & $0.0374539$ & $-0.0470194$ \\
eHgagaint & $0.0270553$ & $0.0278912$ & $0.129041$ & $-0.0514766$ & $0.00754784$ & $-0.0169303$ & $-0.0516643$ & $0.0142542$ & $0.0634275$ & $-0.0377347$ & $-0.00528548$ & $0.0112889$ & $0.0632407$ & $-0.0134366$ & $0.00839622$ & $0.0130457$ & $-0.0146588$ & $-0.0202683$ & $-0.0246753$ & $0.00762651$ & $0.00545916$ & $0.0030466$ & $-0.0267543$ & $-0.0210459$ & $-0.0189015$ & $0.00320859$ & $-0.00132208$ & $0.00318032$ & $0.0251013$ & $0.0126354$ & $-0.0310594$ & $-0.0532278$ & $0.0113832$ & $0.00899011$ & $0.0446862$ & $-0.0741851$ & $0.0809599$ & $0.0165496$ & $-0.0787284$ & $-0.00502424$ & $-0.101741$ & $-0.000850594$ & $1$ & $-0.00331128$ & $0.200948$ & $-0.0979168$ & $-0.0207182$ & $-0.0304487$ & $0.0194394$ \\
eHmumuint & $-0.167353$ & $-0.146017$ & $-0.156429$ & $0.0885815$ & $-0.0210546$ & $0.000462955$ & $0.0287212$ & $-0.0168348$ & $-0.0140791$ & $0.0431101$ & $-0.00204288$ & $0.0094586$ & $-0.0241444$ & $0.0461555$ & $0.036274$ & $0.0233764$ & $0.0315094$ & $0.0148923$ & $0.0334023$ & $0.00310337$ & $-0.00509008$ & $-0.00207763$ & $-0.0111325$ & $0.0525367$ & $0.0391003$ & $0.00703057$ & $-0.0347251$ & $-0.0380713$ & $0.00997845$ & $-0.00441916$ & $-0.0178744$ & $0.0246548$ & $-0.0334283$ & $-0.0555516$ & $-0.0416299$ & $-0.106337$ & $0.0495919$ & $0.0201028$ & $0.118155$ & $-0.0186658$ & $-0.0984253$ & $-0.0277113$ & $-0.00331128$ & $1$ & $-0.0767702$ & $0.211289$ & $-0.0683209$ & $0.120059$ & $-0.103127$ \\
eHtautauint & $0.109962$ & $0.00325273$ & $0.0734314$ & $0.0902024$ & $0.00340265$ & $0.00311105$ & $0.0459574$ & $0.0236525$ & $0.0442845$ & $-0.0283853$ & $-0.0298817$ & $0.00339986$ & $0.0383396$ & $0.0264207$ & $-0.0477336$ & $0.0190198$ & $0.00959434$ & $0.0474611$ & $-0.00787391$ & $0.0293695$ & $0.0323918$ & $0.032606$ & $0.0044168$ & $-0.0253075$ & $0.0290346$ & $-0.000947891$ & $0.0522853$ & $0.0326199$ & $0.0247145$ & $0.123657$ & $0.0304953$ & $0.0332393$ & $0.178951$ & $0.0587814$ & $-0.1357$ & $-0.0909662$ & $-0.0978612$ & $0.0342048$ & $-0.00268519$ & $0.0188818$ & $-0.0584819$ & $0.00436827$ & $0.200948$ & $-0.0767702$ & $1$ & $0.118653$ & $-0.0312474$ & $-0.0416617$ & $0.292774$ \\
eHccint & $0.123556$ & $0.00412367$ & $0.0834036$ & $0.211961$ & $-0.0150997$ & $0.0354325$ & $-0.0230929$ & $0.0334875$ & $0.0296155$ & $0.0187677$ & $-0.0415554$ & $0.0039847$ & $-0.00827546$ & $0.0469459$ & $-0.0189229$ & $0.0117725$ & $0.00290533$ & $0.0274984$ & $0.00391972$ & $0.033128$ & $0.0409195$ & $0.0393828$ & $0.0106706$ & $-0.011215$ & $0.00802181$ & $-0.0112727$ & $0.0425176$ & $0.0128839$ & $0.0286407$ & $0.010955$ & $0.0902052$ & $-0.0463525$ & $0.072466$ & $0.036872$ & $-0.209771$ & $0.00953756$ & $0.141415$ & $-0.0169291$ & $0.105024$ & $0.0071373$ & $-0.0599343$ & $-0.0545576$ & $-0.0979168$ & $0.211289$ & $0.118653$ & $1$ & $0.160293$ & $0.057269$ & $0.208007$ \\
eHccpar & $0.0850796$ & $0.014968$ & $-0.068461$ & $-0.0426288$ & $0.0124504$ & $-0.0145982$ & $0.056508$ & $0.0478649$ & $0.0472687$ & $-0.0452367$ & $-0.0526919$ & $-0.0468694$ & $0.00218213$ & $0.0462198$ & $0.0249359$ & $0.0130177$ & $-0.00731935$ & $-0.00960523$ & $0.00200811$ & $0.0493663$ & $0.0528036$ & $0.0462924$ & $-0.00636248$ & $-0.0234289$ & $-0.0180727$ & $-0.024861$ & $0.00886747$ & $0.0430058$ & $-0.0290527$ & $-0.0259444$ & $0.276777$ & $0.0556992$ & $0.0127586$ & $0.00931298$ & $-0.0415229$ & $-0.0494193$ & $0.0663381$ & $0.00883163$ & $-0.0127206$ & $0.00789428$ & $-0.184589$ & $0.0212363$ & $-0.0207182$ & $-0.0683209$ & $-0.0312474$ & $0.160293$ & $1$ & $0.0362714$ & $0.0570548$ \\
eHbbint & $-0.0963321$ & $-0.225053$ & $-0.113618$ & $0.131506$ & $0.0139002$ & $-0.00400742$ & $0.00148729$ & $-0.0125966$ & $-0.0147085$ & $0.0446468$ & $-0.000201624$ & $0.0247698$ & $-0.00311324$ & $0.0361257$ & $0.00914887$ & $0.0336501$ & $0.0182766$ & $0.0299585$ & $0.0146479$ & $0.00357763$ & $-0.00702408$ & $-0.00026733$ & $0.022658$ & $0.0308425$ & $0.0148355$ & $-0.0275827$ & $-0.0509054$ & $-0.00265761$ & $-0.0129404$ & $0.022901$ & $0.0369445$ & $0.0157452$ & $0.10495$ & $-0.0303637$ & $0.179434$ & $-0.0670162$ & $-0.0938012$ & $-0.0497262$ & $-0.064645$ & $-0.0962975$ & $-0.0480427$ & $0.0374539$ & $-0.0304487$ & $0.120059$ & $-0.0416617$ & $0.057269$ & $0.0362714$ & $1$ & $-0.0743175$ \\
eHbbpar & $0.0691511$ & $0.0252596$ & $0.283183$ & $0.0932114$ & $-0.00151294$ & $0.029689$ & $0.0312093$ & $-0.00307579$ & $-0.00086176$ & $-0.0118003$ & $-0.000485845$ & $-0.0245125$ & $-0.0033879$ & $0.0112843$ & $0.00125709$ & $-0.00329744$ & $0.00685883$ & $0.00665051$ & $0.0113467$ & $0.000417565$ & $0.00189533$ & $0.00362155$ & $-0.0620199$ & $0.000559147$ & $0.00687396$ & $0.0555437$ & $0.00449675$ & $0.00380122$ & $-0.025669$ & $0.0164418$ & $0.0484619$ & $0.0237632$ & $0.396095$ & $-0.0029604$ & $-0.0466205$ & $-0.109238$ & $0.0771563$ & $-0.0342311$ & $0.0539961$ & $0.0221641$ & $0.226461$ & $-0.0470194$ & $0.0194394$ & $-0.103127$ & $0.292774$ & $0.208007$ & $0.0570548$ & $-0.0743175$ & $1$ \\
