 & AlsMz & dAle5Mz & mtop & mHl & Mz & CW & CHG & CHWB & CHWHB_gaga & CHWHB_gagaorth & CHD & CHbox & CH & CHL1_11 & CHL1_22 & CHL1_33 & CHL3_11 & CHL3_22 & CHL3_33 & CHe_11 & CHe_22 & CHe_33 & CHQ1_11 & CHQ1_33 & CHQ3_11 & CHu_11 & CHd_11 & CHd_33 & CeH_22r & CeH_33r & CuH_22r & CuH_33r & CdH_33r & CLL_1221 & eHggint & eHggpar & eHWWint & eHWWpar & eHZZint & eHZZpar & eHZgaint & eHZgapar & eHgagaint & eHmumuint & eHtautauint & eHccint & eHccpar & eHbbint & eHbbpar \\
AlsMz & $1$ & $-0.283838$ & $7.408e-05$ & $0.00632817$ & $0.032456$ & $-0.00788494$ & $0.0117513$ & $-0.0173118$ & $0.00229427$ & $-0.0276888$ & $0.0150201$ & $-0.0436386$ & $-0.0405902$ & $0.00625305$ & $0.0259899$ & $-0.000828562$ & $-0.0040804$ & $-0.0141018$ & $0.0103865$ & $-0.0217633$ & $-0.0251183$ & $-0.0246009$ & $-0.0203492$ & $-0.0101713$ & $-0.0579191$ & $-0.000940303$ & $-0.0460025$ & $0.0203119$ & $-0.00342094$ & $0.0259717$ & $-0.0102124$ & $0.00567231$ & $0.0189504$ & $-0.0513888$ & $-0.0603817$ & $0.0311397$ & $0.0574202$ & $-0.0323841$ & $0.0727831$ & $0.0229397$ & $0.132734$ & $0.00603286$ & $0.297031$ & $-0.127904$ & $0.0981872$ & $-0.176575$ & $-0.0747918$ & $0.100224$ & $-0.0510256$ \\
dAle5Mz & $-0.283838$ & $1$ & $0.0589018$ & $0.158733$ & $-0.0255747$ & $-0.0294139$ & $0.00953483$ & $-0.0802959$ & $-0.0822557$ & $0.0546834$ & $0.0749893$ & $0.0606767$ & $0.020831$ & $-0.0551211$ & $-0.0295739$ & $-0.0103226$ & $0.0149091$ & $0.0130269$ & $-0.00590759$ & $-0.0550752$ & $-0.05604$ & $-0.0585814$ & $0.0168172$ & $0.0401007$ & $0.0352525$ & $0.0361975$ & $0.00633806$ & $-0.000440962$ & $-0.0229889$ & $0.0230099$ & $-0.00798939$ & $0.0274281$ & $-0.0204556$ & $0.0148058$ & $0.0589568$ & $0.210982$ & $-0.163815$ & $-0.00511506$ & $-0.108765$ & $-0.0259391$ & $0.274734$ & $0.026884$ & $-0.099515$ & $0.0427922$ & $0.0259182$ & $-0.365318$ & $0.174496$ & $-0.313778$ & $-0.0325961$ \\
mtop & $7.408e-05$ & $0.0589018$ & $1$ & $0.231408$ & $0.0211111$ & $0.0375787$ & $-0.0525551$ & $0.0459172$ & $0.0476715$ & $-0.0325331$ & $-0.0152045$ & $0.0297565$ & $0.0517702$ & $-0.0260826$ & $-0.0141634$ & $-0.0178935$ & $-0.0533452$ & $-0.0402669$ & $-0.0400322$ & $0.0160661$ & $0.0253451$ & $0.0262308$ & $0.0203791$ & $-0.0750267$ & $-0.0381278$ & $-0.0206271$ & $0.0414522$ & $-0.0256094$ & $0.00173764$ & $0.0112409$ & $0.0322571$ & $-0.0219378$ & $0.0736491$ & $0.0496339$ & $0.2145$ & $0.339712$ & $-0.174125$ & $-0.0403495$ & $-0.00459909$ & $-0.0320463$ & $0.265804$ & $-0.0126769$ & $0.0143853$ & $0.0220111$ & $-0.0977779$ & $-0.0949277$ & $-0.0271169$ & $0.120167$ & $0.145094$ \\
mHl & $0.00632817$ & $0.158733$ & $0.231408$ & $1$ & $-0.0341811$ & $0.0455212$ & $0.0466579$ & $-0.0145436$ & $-0.0223406$ & $0.0131523$ & $0.0297104$ & $-0.00944937$ & $-0.0308558$ & $-0.0280642$ & $-0.0312511$ & $-0.0313314$ & $-0.0266795$ & $-0.0101452$ & $-0.00543274$ & $-0.0323668$ & $-0.021674$ & $-0.0274301$ & $0.0163342$ & $-0.0267913$ & $-0.00958273$ & $0.0168452$ & $0.0203166$ & $-0.0119453$ & $0.0153233$ & $0.0146218$ & $-0.00571292$ & $0.0639929$ & $-0.0724356$ & $0.0205974$ & $0.0805596$ & $0.159734$ & $-0.0552942$ & $0.0503165$ & $-0.0488488$ & $-0.00873134$ & $0.0191881$ & $-0.0141096$ & $-0.170561$ & $0.011058$ & $0.139656$ & $-0.00793584$ & $-0.056227$ & $-0.0249668$ & $-0.150569$ \\
Mz & $0.032456$ & $-0.0255747$ & $0.0211111$ & $-0.0341811$ & $1$ & $0.0220945$ & $0.0247101$ & $-0.0202162$ & $-0.0190524$ & $0.0163586$ & $0.0341095$ & $0.0171275$ & $0.000911362$ & $-0.00526662$ & $0.0309039$ & $0.0103098$ & $-0.026511$ & $-0.0317011$ & $-0.0135424$ & $-0.0222686$ & $-0.0299776$ & $-0.0280047$ & $-0.0279591$ & $0.0145436$ & $-0.0316724$ & $0.0217986$ & $-0.0457506$ & $-0.00827353$ & $-0.00299861$ & $-0.0155937$ & $0.00661237$ & $0.0248304$ & $-0.000270571$ & $-0.0515333$ & $0.000311759$ & $0.0133196$ & $-0.0133403$ & $0.00880206$ & $-0.0219744$ & $0.0210462$ & $0.0244378$ & $-0.0113077$ & $0.0141064$ & $-0.0501953$ & $-0.0324654$ & $0.0131837$ & $0.00535187$ & $-0.00690888$ & $0.0306179$ \\
CW & $-0.00788494$ & $-0.0294139$ & $0.0375787$ & $0.0455212$ & $0.0220945$ & $1$ & $0.000465785$ & $-0.090963$ & $-0.0898127$ & $-0.0034132$ & $0.16227$ & $0.0381012$ & $0.0117785$ & $0.000601965$ & $-0.0781097$ & $-0.0565197$ & $-0.278102$ & $-0.0730559$ & $-0.0860952$ & $-0.160954$ & $-0.163755$ & $-0.159685$ & $-0.0408276$ & $-0.0305057$ & $-0.128274$ & $0.102264$ & $-0.0792703$ & $-0.0720314$ & $0.0394728$ & $0.00976977$ & $-0.00419479$ & $0.00698664$ & $0.0256309$ & $-0.0895664$ & $-0.0023005$ & $-0.000862925$ & $-0.0221717$ & $0.00989287$ & $-0.0136743$ & $0.00747895$ & $0.018451$ & $0.0230292$ & $0.0197848$ & $-0.0189687$ & $0.00663275$ & $0.0464282$ & $-0.0594893$ & $0.00857896$ & $0.0445691$ \\
CHG & $0.0117513$ & $0.00953483$ & $-0.0525551$ & $0.0466579$ & $0.0247101$ & $0.000465785$ & $1$ & $-0.0860394$ & $-0.0313637$ & $0.0581374$ & $0.0533302$ & $-0.186088$ & $-0.273303$ & $0.0417936$ & $-0.0351204$ & $-0.0153925$ & $0.0635229$ & $0.0861316$ & $0.0756104$ & $-0.0528143$ & $-0.0544571$ & $-0.0489058$ & $-0.0151184$ & $0.0817588$ & $0.0872394$ & $0.0450517$ & $-0.013437$ & $-0.0457355$ & $0.0133502$ & $-0.126668$ & $-0.078161$ & $0.932695$ & $-0.160697$ & $-0.0377693$ & $-0.0987417$ & $-0.0607353$ & $-0.0202782$ & $0.0113358$ & $0.0783585$ & $-0.00681165$ & $-0.0556249$ & $0.0176688$ & $0.0198199$ & $-0.00976061$ & $0.0221186$ & $0.0512357$ & $-0.0382104$ & $-0.0441199$ & $-0.00271059$ \\
CHWB & $-0.0173118$ & $-0.0802959$ & $0.0459172$ & $-0.0145436$ & $-0.0202162$ & $-0.090963$ & $-0.0860394$ & $1$ & $0.984395$ & $-0.561363$ & $-0.883052$ & $-0.00925436$ & $0.323766$ & $0.136475$ & $0.287734$ & $0.310928$ & $-0.216493$ & $-0.399695$ & $-0.43005$ & $0.856124$ & $0.899356$ & $0.882525$ & $0.0501654$ & $-0.667792$ & $-0.376158$ & $-0.506191$ & $0.413922$ & $0.285323$ & $-0.0288094$ & $0.0786973$ & $0.0633526$ & $-0.0872993$ & $0.105452$ & $0.558149$ & $0.0025124$ & $-0.0383086$ & $0.0314337$ & $-0.00304287$ & $-0.0363644$ & $0.0512653$ & $-0.00265246$ & $-0.00399645$ & $0.060876$ & $-0.0221977$ & $-0.0524496$ & $0.0739714$ & $-0.0435243$ & $0.0159853$ & $0.0210221$ \\
CHWHB_gaga & $0.00229427$ & $-0.0822557$ & $0.0476715$ & $-0.0223406$ & $-0.0190524$ & $-0.0898127$ & $-0.0313637$ & $0.984395$ & $1$ & $-0.54873$ & $-0.867144$ & $0.00571282$ & $0.316259$ & $0.1286$ & $0.284912$ & $0.307733$ & $-0.217166$ & $-0.398427$ & $-0.428616$ & $0.841245$ & $0.882895$ & $0.867539$ & $0.046925$ & $-0.658154$ & $-0.374251$ & $-0.494404$ & $0.408177$ & $0.281809$ & $-0.022767$ & $0.100998$ & $0.0668132$ & $-0.0423968$ & $0.131887$ & $0.548373$ & $-0.0179128$ & $-0.0550883$ & $0.0209865$ & $-0.00489544$ & $-0.0300843$ & $0.0473769$ & $-0.00223439$ & $-0.00120804$ & $0.112049$ & $-0.0372601$ & $-0.0364901$ & $0.0800128$ & $-0.0524082$ & $0.00579411$ & $0.0369391$ \\
CHWHB_gagaorth & $-0.0276888$ & $0.0546834$ & $-0.0325331$ & $0.0131523$ & $0.0163586$ & $-0.0034132$ & $0.0581374$ & $-0.561363$ & $-0.54873$ & $1$ & $0.343907$ & $0.343676$ & $-0.223268$ & $0.229107$ & $-0.138344$ & $-0.109624$ & $0.429935$ & $0.496974$ & $0.48094$ & $-0.332118$ & $-0.358555$ & $-0.353176$ & $-0.0431207$ & $0.551202$ & $0.468126$ & $0.210428$ & $-0.238204$ & $-0.107155$ & $0.00332003$ & $-0.107572$ & $-0.0621663$ & $0.0706673$ & $-0.147592$ & $-0.322357$ & $0.00719282$ & $0.0371068$ & $-0.00672838$ & $-0.0215878$ & $0.00554796$ & $-0.0127867$ & $-0.0167662$ & $-0.0101663$ & $-0.0320996$ & $0.0311789$ & $0.0234083$ & $-0.0484133$ & $0.0478389$ & $-0.0276333$ & $-0.0201586$ \\
CHD & $0.0150201$ & $0.0749893$ & $-0.0152045$ & $0.0297104$ & $0.0341095$ & $0.16227$ & $0.0533302$ & $-0.883052$ & $-0.867144$ & $0.343907$ & $1$ & $0.122216$ & $-0.170049$ & $-0.53629$ & $-0.406574$ & $-0.432344$ & $-0.232051$ & $0.0413995$ & $0.0758222$ & $-0.990458$ & $-0.991156$ & $-0.968521$ & $0.0048815$ & $0.308014$ & $0.00428757$ & $0.555767$ & $-0.283511$ & $-0.327165$ & $0.0480243$ & $-0.0419524$ & $-0.0438551$ & $0.0671511$ & $-0.0691038$ & $-0.372724$ & $0.0162262$ & $0.0359034$ & $-0.0306449$ & $0.00240312$ & $0.0169189$ & $-0.0572077$ & $0.0069705$ & $0.00729875$ & $-0.0627562$ & $0.0263949$ & $0.0396079$ & $-0.0598886$ & $0.0232778$ & $-0.00140154$ & $-0.0352717$ \\
CHbox & $-0.0436386$ & $0.0606767$ & $0.0297565$ & $-0.00944937$ & $0.0171275$ & $0.0381012$ & $-0.186088$ & $-0.00925436$ & $0.00571282$ & $0.343676$ & $0.122216$ & $1$ & $0.660324$ & $-0.24824$ & $0.0174044$ & $0.016518$ & $-0.24068$ & $-0.22242$ & $-0.223614$ & $-0.104228$ & $-0.124538$ & $-0.122406$ & $0.0119697$ & $-0.121277$ & $-0.226426$ & $0.0562106$ & $-0.0617846$ & $-0.0335377$ & $0.0522369$ & $0.307711$ & $0.117355$ & $-0.101385$ & $0.369059$ & $-0.0263733$ & $0.0850443$ & $0.0549467$ & $0.00036479$ & $-0.00612956$ & $-0.0165696$ & $-0.00572745$ & $-0.0148084$ & $-0.0214193$ & $0.000236449$ & $0.0468842$ & $-0.00809076$ & $-0.0373707$ & $0.0210414$ & $-0.0424082$ & $-0.0191112$ \\
CH & $-0.0405902$ & $0.020831$ & $0.0517702$ & $-0.0308558$ & $0.000911362$ & $0.0117785$ & $-0.273303$ & $0.323766$ & $0.316259$ & $-0.223268$ & $-0.170049$ & $0.660324$ & $1$ & $-0.202653$ & $0.102103$ & $0.0759154$ & $-0.305326$ & $-0.353653$ & $-0.338766$ & $0.171404$ & $0.176477$ & $0.170995$ & $0.0385187$ & $-0.351974$ & $-0.338812$ & $-0.118867$ & $0.103211$ & $0.0614196$ & $0.0334386$ & $0.241451$ & $0.13693$ & $-0.227858$ & $0.315713$ & $0.171775$ & $0.0836223$ & $0.0123624$ & $0.028689$ & $-0.00716108$ & $-0.000714598$ & $0.00562061$ & $-0.00354217$ & $-0.0130014$ & $0.0283247$ & $0.0250162$ & $-0.0177714$ & $0.0153022$ & $-0.00495569$ & $-0.0225129$ & $0.00523206$ \\
CHL1_11 & $0.00625305$ & $-0.0551211$ & $-0.0260826$ & $-0.0280642$ & $-0.00526662$ & $0.000601965$ & $0.0417936$ & $0.136475$ & $0.1286$ & $0.229107$ & $-0.53629$ & $-0.24824$ & $-0.202653$ & $1$ & $0.263565$ & $0.295898$ & $0.646538$ & $0.588652$ & $0.557062$ & $0.550986$ & $0.498719$ & $0.480017$ & $-0.0982465$ & $0.440068$ & $0.568435$ & $-0.270986$ & $-0.10247$ & $0.160512$ & $-0.0408785$ & $-0.0590972$ & $-0.0221129$ & $0.0147908$ & $-0.0412596$ & $-0.174612$ & $-0.0390256$ & $-0.0135026$ & $0.0145906$ & $-0.00437834$ & $0.0198081$ & $0.0357643$ & $-0.0108357$ & $-7.08124e-05$ & $0.0209297$ & $-0.0187527$ & $-0.00774916$ & $0.0113476$ & $0.0217684$ & $-0.0117376$ & $0.0521987$ \\
CHL1_22 & $0.0259899$ & $-0.0295739$ & $-0.0141634$ & $-0.0312511$ & $0.0309039$ & $-0.0781097$ & $-0.0351204$ & $0.287734$ & $0.284912$ & $-0.138344$ & $-0.406574$ & $0.0174044$ & $0.102103$ & $0.263565$ & $1$ & $0.450091$ & $0.171216$ & $-0.459837$ & $-0.0464224$ & $0.471797$ & $0.321355$ & $0.304528$ & $-0.175597$ & $0.113111$ & $-0.144739$ & $-0.201662$ & $-0.41206$ & $0.114021$ & $-0.024251$ & $0.0245372$ & $0.0275521$ & $-0.0338742$ & $0.0411007$ & $-0.604395$ & $0.00727007$ & $0.0207499$ & $-0.0194211$ & $0.0682015$ & $0.0119488$ & $0.0197925$ & $-0.00121381$ & $-0.0234777$ & $0.0143166$ & $-0.036457$ & $-0.00699295$ & $-0.0252155$ & $0.00382302$ & $-0.0309287$ & $0.00890302$ \\
CHL1_33 & $-0.000828562$ & $-0.0103226$ & $-0.0178935$ & $-0.0313314$ & $0.0103098$ & $-0.0565197$ & $-0.0153925$ & $0.310928$ & $0.307733$ & $-0.109624$ & $-0.432344$ & $0.016518$ & $0.0759154$ & $0.295898$ & $0.450091$ & $1$ & $0.164022$ & $-0.0230528$ & $-0.44773$ & $0.497608$ & $0.350636$ & $0.363058$ & $-0.157776$ & $0.108475$ & $-0.140559$ & $-0.2148$ & $-0.390056$ & $0.144949$ & $-0.0178535$ & $0.00227175$ & $0.0184205$ & $-0.0196348$ & $0.043372$ & $-0.0992247$ & $0.032445$ & $-0.0120224$ & $0.00541336$ & $-0.00437761$ & $0.00270957$ & $0.0292015$ & $-0.000486725$ & $-0.0122999$ & $0.0421023$ & $-0.0345261$ & $0.028559$ & $0.00158022$ & $-0.00458572$ & $-0.0290012$ & $0.0565105$ \\
CHL3_11 & $-0.0040804$ & $0.0149091$ & $-0.0533452$ & $-0.0266795$ & $-0.026511$ & $-0.278102$ & $0.0635229$ & $-0.216493$ & $-0.217166$ & $0.429935$ & $-0.232051$ & $-0.24068$ & $-0.305326$ & $0.646538$ & $0.171216$ & $0.164022$ & $1$ & $0.722162$ & $0.72451$ & $0.251001$ & $0.200854$ & $0.190559$ & $-0.0672991$ & $0.666392$ & $0.777785$ & $-0.106833$ & $-0.142481$ & $0.100436$ & $-0.0414978$ & $-0.0683546$ & $-0.0370897$ & $0.0368333$ & $-0.0757477$ & $-0.228365$ & $-0.0405012$ & $0.00336166$ & $0.00253863$ & $-0.00773369$ & $0.0406144$ & $0.00612379$ & $-0.00584712$ & $-0.00282998$ & $0.000420878$ & $-0.00401913$ & $0.0250244$ & $-0.018007$ & $0.0334762$ & $-0.0181046$ & $0.0144292$ \\
CHL3_22 & $-0.0141018$ & $0.0130269$ & $-0.0402669$ & $-0.0101452$ & $-0.0317011$ & $-0.0730559$ & $0.0861316$ & $-0.399695$ & $-0.398427$ & $0.496974$ & $0.0413995$ & $-0.22242$ & $-0.353653$ & $0.588652$ & $-0.459837$ & $-0.0230528$ & $0.722162$ & $1$ & $0.662438$ & $-0.0480373$ & $-0.0321911$ & $-0.0298053$ & $0.00770596$ & $0.599421$ & $0.786572$ & $0.0366321$ & $0.0204903$ & $0.00777897$ & $-0.0182072$ & $-0.0890038$ & $-0.055856$ & $0.060734$ & $-0.0939278$ & $0.081118$ & $-0.0369957$ & $-0.0155667$ & $0.0152289$ & $-0.0480594$ & $0.0293121$ & $0.000969098$ & $-0.00992279$ & $0.00981101$ & $-0.00450679$ & $0.0138423$ & $0.0272204$ & $0.00118589$ & $0.0321042$ & $-0.001281$ & $0.0265682$ \\
CHL3_33 & $0.0103865$ & $-0.00590759$ & $-0.0400322$ & $-0.00543274$ & $-0.0135424$ & $-0.0860952$ & $0.0756104$ & $-0.43005$ & $-0.428616$ & $0.48094$ & $0.0758222$ & $-0.223614$ & $-0.338766$ & $0.557062$ & $-0.0464224$ & $-0.44773$ & $0.72451$ & $0.662438$ & $1$ & $-0.0835501$ & $-0.0665957$ & $-0.0644498$ & $0.00248218$ & $0.604053$ & $0.791574$ & $0.0522639$ & $0.0132533$ & $-0.0202963$ & $-0.020894$ & $-0.0742303$ & $-0.048414$ & $0.0533574$ & $-0.102652$ & $-0.314064$ & $-0.06558$ & $0.00651317$ & $-0.00147137$ & $0.00514037$ & $0.0347162$ & $-0.00985873$ & $-0.00779303$ & $-0.00368604$ & $-0.0291038$ & $0.00968496$ & $0.000716404$ & $-0.0173486$ & $0.0380159$ & $0.00792793$ & $-0.0139156$ \\
CHe_11 & $-0.0217633$ & $-0.0550752$ & $0.0160661$ & $-0.0323668$ & $-0.0222686$ & $-0.160954$ & $-0.0528143$ & $0.856124$ & $0.841245$ & $-0.332118$ & $-0.990458$ & $-0.104228$ & $0.171404$ & $0.550986$ & $0.471797$ & $0.497608$ & $0.251001$ & $-0.0480373$ & $-0.0835501$ & $1$ & $0.972688$ & $0.950168$ & $-0.0279811$ & $-0.255307$ & $-0.0037435$ & $-0.547478$ & $0.208198$ & $0.324684$ & $-0.0462888$ & $0.0419584$ & $0.0447095$ & $-0.0656497$ & $0.073196$ & $0.29523$ & $-0.0112687$ & $-0.0320137$ & $0.0238572$ & $0.00201974$ & $-0.0172089$ & $0.0574906$ & $-0.00142705$ & $-0.0107505$ & $0.0628272$ & $-0.0296818$ & $-0.0348284$ & $0.0506975$ & $-0.016722$ & $-0.00870211$ & $0.0409926$ \\
CHe_22 & $-0.0251183$ & $-0.05604$ & $0.0253451$ & $-0.021674$ & $-0.0299776$ & $-0.163755$ & $-0.0544571$ & $0.899356$ & $0.882895$ & $-0.358555$ & $-0.991156$ & $-0.124538$ & $0.176477$ & $0.498719$ & $0.321355$ & $0.350636$ & $0.200854$ & $-0.0321911$ & $-0.0665957$ & $0.972688$ & $1$ & $0.974494$ & $0.0218199$ & $-0.362918$ & $-0.00507949$ & $-0.556228$ & $0.365866$ & $0.326649$ & $-0.0472387$ & $0.0458502$ & $0.0451621$ & $-0.0677862$ & $0.0693785$ & $0.45884$ & $-0.0167277$ & $-0.0346521$ & $0.027328$ & $-0.00953269$ & $-0.0233554$ & $0.0551545$ & $0.000351856$ & $-0.00233022$ & $0.0588862$ & $-0.0228968$ & $-0.0430721$ & $0.0580025$ & $-0.0229914$ & $0.00148025$ & $0.0320451$ \\
CHe_33 & $-0.0246009$ & $-0.0585814$ & $0.0262308$ & $-0.0274301$ & $-0.0280047$ & $-0.159685$ & $-0.0489058$ & $0.882525$ & $0.867539$ & $-0.353176$ & $-0.968521$ & $-0.122406$ & $0.170995$ & $0.480017$ & $0.304528$ & $0.363058$ & $0.190559$ & $-0.0298053$ & $-0.0644498$ & $0.950168$ & $0.974494$ & $1$ & $0.0288122$ & $-0.361532$ & $-0.0066654$ & $-0.545513$ & $0.365786$ & $0.323343$ & $-0.041466$ & $0.0403934$ & $0.0467341$ & $-0.0629287$ & $0.0637703$ & $0.461883$ & $-0.0203089$ & $-0.0408924$ & $0.0281144$ & $-0.0104835$ & $-0.0215928$ & $0.0517133$ & $0.00387778$ & $-0.00938108$ & $0.0625317$ & $-0.0256542$ & $-0.0445247$ & $0.0595284$ & $-0.0235588$ & $0.00968202$ & $0.0313166$ \\
CHQ1_11 & $-0.0203492$ & $0.0168172$ & $0.0203791$ & $0.0163342$ & $-0.0279591$ & $-0.0408276$ & $-0.0151184$ & $0.0501654$ & $0.046925$ & $-0.0431207$ & $0.0048815$ & $0.0119697$ & $0.0385187$ & $-0.0982465$ & $-0.175597$ & $-0.157776$ & $-0.0672991$ & $0.00770596$ & $0.00248218$ & $-0.0279811$ & $0.0218199$ & $0.0288122$ & $1$ & $-0.124066$ & $0.0793704$ & $-0.664999$ & $0.325371$ & $0.017869$ & $0.0124224$ & $0.000772682$ & $0.00754213$ & $-0.0227034$ & $-0.0190118$ & $0.193765$ & $-0.0113853$ & $0.0163413$ & $0.0185609$ & $-0.0110785$ & $0.0246721$ & $0.0274447$ & $-0.0300669$ & $-0.0128921$ & $-0.000816938$ & $0.0438487$ & $-0.0250258$ & $0.0189375$ & $-0.0444425$ & $0.0285602$ & $-0.0521103$ \\
CHQ1_33 & $-0.0101713$ & $0.0401007$ & $-0.0750267$ & $-0.0267913$ & $0.0145436$ & $-0.0305057$ & $0.0817588$ & $-0.667792$ & $-0.658154$ & $0.551202$ & $0.308014$ & $-0.121277$ & $-0.351974$ & $0.440068$ & $0.113111$ & $0.108475$ & $0.666392$ & $0.599421$ & $0.604053$ & $-0.255307$ & $-0.362918$ & $-0.361532$ & $-0.124066$ & $1$ & $0.617059$ & $0.197342$ & $-0.427407$ & $0.000831307$ & $-0.00510822$ & $-0.0814002$ & $-0.0651908$ & $0.0665278$ & $-0.0921832$ & $-0.619773$ & $-0.027625$ & $0.0199724$ & $-0.0173484$ & $0.000112997$ & $0.0434814$ & $-0.00556646$ & $-0.0235513$ & $-0.00879002$ & $-0.0379803$ & $-0.00718446$ & $0.0380915$ & $-0.0495173$ & $0.0426755$ & $-0.030366$ & $0.0159159$ \\
CHQ3_11 & $-0.0579191$ & $0.0352525$ & $-0.0381278$ & $-0.00958273$ & $-0.0316724$ & $-0.128274$ & $0.0872394$ & $-0.376158$ & $-0.374251$ & $0.468126$ & $0.00428757$ & $-0.226426$ & $-0.338812$ & $0.568435$ & $-0.144739$ & $-0.140559$ & $0.777785$ & $0.786572$ & $0.791574$ & $-0.0037435$ & $-0.00507949$ & $-0.0066654$ & $0.0793704$ & $0.617059$ & $1$ & $0.0277013$ & $0.237151$ & $0.0138871$ & $-0.0233031$ & $-0.069872$ & $-0.0422348$ & $0.0652685$ & $-0.0888457$ & $-0.154078$ & $-0.066947$ & $-0.0123231$ & $-0.0134229$ & $-0.0204144$ & $0.00991575$ & $-0.0164761$ & $-0.0114308$ & $-0.00677349$ & $-0.0234597$ & $-0.00746616$ & $0.0136138$ & $0.00392339$ & $0.03764$ & $-0.00586459$ & $0.0134095$ \\
CHu_11 & $-0.000940303$ & $0.0361975$ & $-0.0206271$ & $0.0168452$ & $0.0217986$ & $0.102264$ & $0.0450517$ & $-0.506191$ & $-0.494404$ & $0.210428$ & $0.555767$ & $0.0562106$ & $-0.118867$ & $-0.270986$ & $-0.201662$ & $-0.2148$ & $-0.106833$ & $0.0366321$ & $0.0522639$ & $-0.547478$ & $-0.556228$ & $-0.545513$ & $-0.664999$ & $0.197342$ & $0.0277013$ & $1$ & $-0.14754$ & $-0.185398$ & $0.0223719$ & $-0.0236616$ & $-0.0297053$ & $0.0577954$ & $-0.0253198$ & $-0.24058$ & $-0.00840817$ & $-0.0181565$ & $-0.0406783$ & $0.00569797$ & $-0.0275091$ & $-0.0613589$ & $0.0155109$ & $-0.0063956$ & $-0.0275956$ & $-0.0319627$ & $0.0450172$ & $-0.0298803$ & $0.0373974$ & $-0.00921331$ & $0.0178776$ \\
CHd_11 & $-0.0460025$ & $0.00633806$ & $0.0414522$ & $0.0203166$ & $-0.0457506$ & $-0.0792703$ & $-0.013437$ & $0.413922$ & $0.408177$ & $-0.238204$ & $-0.283511$ & $-0.0617846$ & $0.103211$ & $-0.10247$ & $-0.41206$ & $-0.390056$ & $-0.142481$ & $0.0204903$ & $0.0132533$ & $0.208198$ & $0.365866$ & $0.365786$ & $0.325371$ & $-0.427407$ & $0.237151$ & $-0.14754$ & $1$ & $0.0962218$ & $-0.00777937$ & $0.0450892$ & $0.0222373$ & $-0.0165389$ & $0.0270524$ & $0.692472$ & $-0.0575223$ & $-0.0430324$ & $0.00903421$ & $-0.0408129$ & $-0.0537309$ & $0.00280026$ & $0.00308142$ & $-0.00669781$ & $0.0204064$ & $-0.0156502$ & $-0.0404861$ & $0.064733$ & $-0.0271853$ & $0.0366197$ & $-0.0166065$ \\
CHd_33 & $0.0203119$ & $-0.000440962$ & $-0.0256094$ & $-0.0119453$ & $-0.00827353$ & $-0.0720314$ & $-0.0457355$ & $0.285323$ & $0.281809$ & $-0.107155$ & $-0.327165$ & $-0.0335377$ & $0.0614196$ & $0.160512$ & $0.114021$ & $0.144949$ & $0.100436$ & $0.00777897$ & $-0.0202963$ & $0.324684$ & $0.326649$ & $0.323343$ & $0.017869$ & $0.000831307$ & $0.0138871$ & $-0.185398$ & $0.0962218$ & $1$ & $-0.00395943$ & $0.0323714$ & $0.00241397$ & $-0.0449115$ & $0.0307075$ & $0.147872$ & $0.00373023$ & $-0.0175565$ & $-0.0129092$ & $-0.0045697$ & $-0.0180915$ & $0.0218745$ & $-0.0133891$ & $-0.00920621$ & $0.0270714$ & $-0.0209824$ & $0.00392439$ & $-0.00477878$ & $-0.0309682$ & $-0.0144125$ & $0.0116801$ \\
CeH_22r & $-0.00342094$ & $-0.0229889$ & $0.00173764$ & $0.0153233$ & $-0.00299861$ & $0.0394728$ & $0.0133502$ & $-0.0288094$ & $-0.022767$ & $0.00332003$ & $0.0480243$ & $0.0522369$ & $0.0334386$ & $-0.0408785$ & $-0.024251$ & $-0.0178535$ & $-0.0414978$ & $-0.0182072$ & $-0.020894$ & $-0.0462888$ & $-0.0472387$ & $-0.041466$ & $0.0124224$ & $-0.00510822$ & $-0.0233031$ & $0.0223719$ & $-0.00777937$ & $-0.00395943$ & $1$ & $0.032674$ & $0.0249681$ & $0.00186879$ & $0.0396175$ & $-0.00732089$ & $-0.0195479$ & $-0.0209796$ & $0.0210416$ & $-0.00115317$ & $0.0196783$ & $0.0238081$ & $-0.0211945$ & $0.00492315$ & $0.00282238$ & $0.0164584$ & $0.028719$ & $0.0063526$ & $-0.0355919$ & $-0.00118267$ & $0.00584204$ \\
CeH_33r & $0.0259717$ & $0.0230099$ & $0.0112409$ & $0.0146218$ & $-0.0155937$ & $0.00976977$ & $-0.126668$ & $0.0786973$ & $0.100998$ & $-0.107572$ & $-0.0419524$ & $0.307711$ & $0.241451$ & $-0.0590972$ & $0.0245372$ & $0.00227175$ & $-0.0683546$ & $-0.0890038$ & $-0.0742303$ & $0.0419584$ & $0.0458502$ & $0.0403934$ & $0.000772682$ & $-0.0814002$ & $-0.069872$ & $-0.0236616$ & $0.0450892$ & $0.0323714$ & $0.032674$ & $1$ & $0.300696$ & $0.0265188$ & $0.687692$ & $0.0432205$ & $-0.0248514$ & $-0.0402959$ & $-0.126152$ & $-0.0185657$ & $0.000676816$ & $-0.0117313$ & $-0.00667412$ & $0.00319607$ & $0.042849$ & $-0.0683688$ & $0.0888121$ & $-0.0324825$ & $-0.0498931$ & $-0.0666882$ & $0.00831991$ \\
CuH_22r & $-0.0102124$ & $-0.00798939$ & $0.0322571$ & $-0.00571292$ & $0.00661237$ & $-0.00419479$ & $-0.078161$ & $0.0633526$ & $0.0668132$ & $-0.0621663$ & $-0.0438551$ & $0.117355$ & $0.13693$ & $-0.0221129$ & $0.0275521$ & $0.0184205$ & $-0.0370897$ & $-0.055856$ & $-0.048414$ & $0.0447095$ & $0.0451621$ & $0.0467341$ & $0.00754213$ & $-0.0651908$ & $-0.0422348$ & $-0.0297053$ & $0.0222373$ & $0.00241397$ & $0.0249681$ & $0.300696$ & $1$ & $0.0155747$ & $0.382135$ & $0.026178$ & $0.0730504$ & $-0.0354547$ & $0.000728513$ & $-0.0137168$ & $-0.000421439$ & $-0.00793249$ & $0.0802729$ & $0.0189732$ & $-0.00994955$ & $-0.00631115$ & $-0.0140818$ & $0.0282872$ & $0.189696$ & $-0.0301668$ & $0.00592168$ \\
CuH_33r & $0.00567231$ & $0.0274281$ & $-0.0219378$ & $0.0639929$ & $0.0248304$ & $0.00698664$ & $0.932695$ & $-0.0872993$ & $-0.0423968$ & $0.0706673$ & $0.0671511$ & $-0.101385$ & $-0.227858$ & $0.0147908$ & $-0.0338742$ & $-0.0196348$ & $0.0368333$ & $0.060734$ & $0.0533574$ & $-0.0656497$ & $-0.0677862$ & $-0.0629287$ & $-0.0227034$ & $0.0665278$ & $0.0652685$ & $0.0577954$ & $-0.0165389$ & $-0.0449115$ & $0.00186879$ & $0.0265188$ & $0.0155747$ & $1$ & $0.0259379$ & $-0.0405465$ & $-0.0411856$ & $-0.0204765$ & $-0.0451885$ & $-0.00493065$ & $0.0762433$ & $-0.01829$ & $-0.0690657$ & $0.0257292$ & $0.0212949$ & $0.00733545$ & $0.0193083$ & $0.0268092$ & $-0.0267659$ & $-0.0680376$ & $-0.00980197$ \\
CdH_33r & $0.0189504$ & $-0.0204556$ & $0.0736491$ & $-0.0724356$ & $-0.000270571$ & $0.0256309$ & $-0.160697$ & $0.105452$ & $0.131887$ & $-0.147592$ & $-0.0691038$ & $0.369059$ & $0.315713$ & $-0.0412596$ & $0.0411007$ & $0.043372$ & $-0.0757477$ & $-0.0939278$ & $-0.102652$ & $0.073196$ & $0.0693785$ & $0.0637703$ & $-0.0190118$ & $-0.0921832$ & $-0.0888457$ & $-0.0253198$ & $0.0270524$ & $0.0307075$ & $0.0396175$ & $0.687692$ & $0.382135$ & $0.0259379$ & $1$ & $0.0465454$ & $-0.0755828$ & $-0.0650975$ & $-0.150776$ & $-0.0712807$ & $-0.05324$ & $-0.0128096$ & $0.038229$ & $0.0355057$ & $0.0766942$ & $-0.0885401$ & $0.000275786$ & $-0.0133433$ & $-0.00644168$ & $0.00833672$ & $0.325342$ \\
CLL_1221 & $-0.0513888$ & $0.0148058$ & $0.0496339$ & $0.0205974$ & $-0.0515333$ & $-0.0895664$ & $-0.0377693$ & $0.558149$ & $0.548373$ & $-0.322357$ & $-0.372724$ & $-0.0263733$ & $0.171775$ & $-0.174612$ & $-0.604395$ & $-0.0992247$ & $-0.228365$ & $0.081118$ & $-0.314064$ & $0.29523$ & $0.45884$ & $0.461883$ & $0.193765$ & $-0.619773$ & $-0.154078$ & $-0.24058$ & $0.692472$ & $0.147872$ & $-0.00732089$ & $0.0432205$ & $0.026178$ & $-0.0405465$ & $0.0465454$ & $1$ & $-0.000553871$ & $-0.0399295$ & $0.0361519$ & $-0.0633593$ & $-0.0401699$ & $0.0216319$ & $0.0138149$ & $0.0182284$ & $0.0318372$ & $0.0150382$ & $-0.0305589$ & $0.0643736$ & $-0.0318664$ & $0.0248231$ & $0.00059467$ \\
eHggint & $-0.0603817$ & $0.0589568$ & $0.2145$ & $0.0805596$ & $0.000311759$ & $-0.0023005$ & $-0.0987417$ & $0.0025124$ & $-0.0179128$ & $0.00719282$ & $0.0162262$ & $0.0850443$ & $0.0836223$ & $-0.0390256$ & $0.00727007$ & $0.032445$ & $-0.0405012$ & $-0.0369957$ & $-0.06558$ & $-0.0112687$ & $-0.0167277$ & $-0.0203089$ & $-0.0113853$ & $-0.027625$ & $-0.066947$ & $-0.00840817$ & $-0.0575223$ & $0.00373023$ & $-0.0195479$ & $-0.0248514$ & $0.0730504$ & $-0.0411856$ & $-0.0755828$ & $-0.000553871$ & $1$ & $0.12447$ & $0.0374511$ & $-0.0158454$ & $0.0308201$ & $-0.0889943$ & $-0.0153482$ & $0.0393473$ & $-0.00268741$ & $0.215459$ & $-0.0571474$ & $-0.063592$ & $0.242804$ & $-0.184846$ & $-0.128908$ \\
eHggpar & $0.0311397$ & $0.210982$ & $0.339712$ & $0.159734$ & $0.0133196$ & $-0.000862925$ & $-0.0607353$ & $-0.0383086$ & $-0.0550883$ & $0.0371068$ & $0.0359034$ & $0.0549467$ & $0.0123624$ & $-0.0135026$ & $0.0207499$ & $-0.0120224$ & $0.00336166$ & $-0.0155667$ & $0.00651317$ & $-0.0320137$ & $-0.0346521$ & $-0.0408924$ & $0.0163413$ & $0.0199724$ & $-0.0123231$ & $-0.0181565$ & $-0.0430324$ & $-0.0175565$ & $-0.0209796$ & $-0.0402959$ & $-0.0354547$ & $-0.0204765$ & $-0.0650975$ & $-0.0399295$ & $0.12447$ & $1$ & $-0.0791006$ & $-0.00642668$ & $-0.235184$ & $0.028183$ & $-0.107149$ & $0.0720929$ & $-0.202376$ & $0.192824$ & $-0.337414$ & $-0.33601$ & $0.123415$ & $0.0795214$ & $-0.163373$ \\
eHWWint & $0.0574202$ & $-0.163815$ & $-0.174125$ & $-0.0552942$ & $-0.0133403$ & $-0.0221717$ & $-0.0202782$ & $0.0314337$ & $0.0209865$ & $-0.00672838$ & $-0.0306449$ & $0.00036479$ & $0.028689$ & $0.0145906$ & $-0.0194211$ & $0.00541336$ & $0.00253863$ & $0.0152289$ & $-0.00147137$ & $0.0238572$ & $0.027328$ & $0.0281144$ & $0.0185609$ & $-0.0173484$ & $-0.0134229$ & $-0.0406783$ & $0.00903421$ & $-0.0129092$ & $0.0210416$ & $-0.126152$ & $0.000728513$ & $-0.0451885$ & $-0.150776$ & $0.0361519$ & $0.0374511$ & $-0.0791006$ & $1$ & $-0.000523582$ & $0.14643$ & $0.058246$ & $0.00856232$ & $0.0138728$ & $-0.101582$ & $0.412901$ & $-0.154487$ & $0.302399$ & $0.0634358$ & $0.166124$ & $-0.122783$ \\
eHWWpar & $-0.0323841$ & $-0.00511506$ & $-0.0403495$ & $0.0503165$ & $0.00880206$ & $0.00989287$ & $0.0113358$ & $-0.00304287$ & $-0.00489544$ & $-0.0215878$ & $0.00240312$ & $-0.00612956$ & $-0.00716108$ & $-0.00437834$ & $0.0682015$ & $-0.00437761$ & $-0.00773369$ & $-0.0480594$ & $0.00514037$ & $0.00201974$ & $-0.00953269$ & $-0.0104835$ & $-0.0110785$ & $0.000112997$ & $-0.0204144$ & $0.00569797$ & $-0.0408129$ & $-0.0045697$ & $-0.00115317$ & $-0.0185657$ & $-0.0137168$ & $-0.00493065$ & $-0.0712807$ & $-0.0633593$ & $-0.0158454$ & $-0.00642668$ & $-0.000523582$ & $1$ & $0.0798254$ & $0.0167702$ & $-0.0468547$ & $-0.0117536$ & $0.0589427$ & $0.0617269$ & $0.0380363$ & $0.0298932$ & $0.0139469$ & $-0.110696$ & $-0.0866524$ \\
eHZZint & $0.0727831$ & $-0.108765$ & $-0.00459909$ & $-0.0488488$ & $-0.0219744$ & $-0.0136743$ & $0.0783585$ & $-0.0363644$ & $-0.0300843$ & $0.00554796$ & $0.0169189$ & $-0.0165696$ & $-0.000714598$ & $0.0198081$ & $0.0119488$ & $0.00270957$ & $0.0406144$ & $0.0293121$ & $0.0347162$ & $-0.0172089$ & $-0.0233554$ & $-0.0215928$ & $0.0246721$ & $0.0434814$ & $0.00991575$ & $-0.0275091$ & $-0.0537309$ & $-0.0180915$ & $0.0196783$ & $0.000676816$ & $-0.000421439$ & $0.0762433$ & $-0.05324$ & $-0.0401699$ & $0.0308201$ & $-0.235184$ & $0.14643$ & $0.0798254$ & $1$ & $0.0440313$ & $-0.0286676$ & $0.0248901$ & $0.0582707$ & $0.281978$ & $0.271343$ & $-0.0373583$ & $-0.064671$ & $-0.0420195$ & $-0.119667$ \\
eHZZpar & $0.0229397$ & $-0.0259391$ & $-0.0320463$ & $-0.00873134$ & $0.0210462$ & $0.00747895$ & $-0.00681165$ & $0.0512653$ & $0.0473769$ & $-0.0127867$ & $-0.0572077$ & $-0.00572745$ & $0.00562061$ & $0.0357643$ & $0.0197925$ & $0.0292015$ & $0.00612379$ & $0.000969098$ & $-0.00985873$ & $0.0574906$ & $0.0551545$ & $0.0517133$ & $0.0274447$ & $-0.00556646$ & $-0.0164761$ & $-0.0613589$ & $0.00280026$ & $0.0218745$ & $0.0238081$ & $-0.0117313$ & $-0.00793249$ & $-0.01829$ & $-0.0128096$ & $0.0216319$ & $-0.0889943$ & $0.028183$ & $0.058246$ & $0.0167702$ & $0.0440313$ & $1$ & $-0.0430393$ & $0.0126193$ & $0.0170801$ & $0.0130152$ & $0.00683566$ & $0.0511017$ & $-0.0964916$ & $-0.0843194$ & $0.0388378$ \\
eHZgaint & $0.132734$ & $0.274734$ & $0.265804$ & $0.0191881$ & $0.0244378$ & $0.018451$ & $-0.0556249$ & $-0.00265246$ & $-0.00223439$ & $-0.0167662$ & $0.0069705$ & $-0.0148084$ & $-0.00354217$ & $-0.0108357$ & $-0.00121381$ & $-0.000486725$ & $-0.00584712$ & $-0.00992279$ & $-0.00779303$ & $-0.00142705$ & $0.000351856$ & $0.00387778$ & $-0.0300669$ & $-0.0235513$ & $-0.0114308$ & $0.0155109$ & $0.00308142$ & $-0.0133891$ & $-0.0211945$ & $-0.00667412$ & $0.0802729$ & $-0.0690657$ & $0.038229$ & $0.0138149$ & $-0.0153482$ & $-0.107149$ & $0.00856232$ & $-0.0468547$ & $-0.0286676$ & $-0.0430393$ & $1$ & $-0.0496088$ & $-0.141116$ & $-0.242144$ & $-0.0610792$ & $-0.0364645$ & $0.240504$ & $0.131299$ & $0.0786659$ \\
eHZgapar & $0.00603286$ & $0.026884$ & $-0.0126769$ & $-0.0141096$ & $-0.0113077$ & $0.0230292$ & $0.0176688$ & $-0.00399645$ & $-0.00120804$ & $-0.0101663$ & $0.00729875$ & $-0.0214193$ & $-0.0130014$ & $-7.08124e-05$ & $-0.0234777$ & $-0.0122999$ & $-0.00282998$ & $0.00981101$ & $-0.00368604$ & $-0.0107505$ & $-0.00233022$ & $-0.00938108$ & $-0.0128921$ & $-0.00879002$ & $-0.00677349$ & $-0.0063956$ & $-0.00669781$ & $-0.00920621$ & $0.00492315$ & $0.00319607$ & $0.0189732$ & $0.0257292$ & $0.0355057$ & $0.0182284$ & $0.0393473$ & $0.0720929$ & $0.0138728$ & $-0.0117536$ & $0.0248901$ & $0.0126193$ & $-0.0496088$ & $1$ & $-0.00576875$ & $0.106874$ & $-0.0252163$ & $-0.0105578$ & $-0.00614487$ & $-0.0434199$ & $0.0731589$ \\
eHgagaint & $0.297031$ & $-0.099515$ & $0.0143853$ & $-0.170561$ & $0.0141064$ & $0.0197848$ & $0.0198199$ & $0.060876$ & $0.112049$ & $-0.0320996$ & $-0.0627562$ & $0.000236449$ & $0.0283247$ & $0.0209297$ & $0.0143166$ & $0.0421023$ & $0.000420878$ & $-0.00450679$ & $-0.0291038$ & $0.0628272$ & $0.0588862$ & $0.0625317$ & $-0.000816938$ & $-0.0379803$ & $-0.0234597$ & $-0.0275956$ & $0.0204064$ & $0.0270714$ & $0.00282238$ & $0.042849$ & $-0.00994955$ & $0.0212949$ & $0.0766942$ & $0.0318372$ & $-0.00268741$ & $-0.202376$ & $-0.101582$ & $0.0589427$ & $0.0582707$ & $0.0170801$ & $-0.141116$ & $-0.00576875$ & $1$ & $-0.180129$ & $0.291087$ & $0.0552691$ & $-0.0995426$ & $-0.223639$ & $0.222784$ \\
eHmumuint & $-0.127904$ & $0.0427922$ & $0.0220111$ & $0.011058$ & $-0.0501953$ & $-0.0189687$ & $-0.00976061$ & $-0.0221977$ & $-0.0372601$ & $0.0311789$ & $0.0263949$ & $0.0468842$ & $0.0250162$ & $-0.0187527$ & $-0.036457$ & $-0.0345261$ & $-0.00401913$ & $0.0138423$ & $0.00968496$ & $-0.0296818$ & $-0.0228968$ & $-0.0256542$ & $0.0438487$ & $-0.00718446$ & $-0.00746616$ & $-0.0319627$ & $-0.0156502$ & $-0.0209824$ & $0.0164584$ & $-0.0683688$ & $-0.00631115$ & $0.00733545$ & $-0.0885401$ & $0.0150382$ & $0.215459$ & $0.192824$ & $0.412901$ & $0.0617269$ & $0.281978$ & $0.0130152$ & $-0.242144$ & $0.106874$ & $-0.180129$ & $1$ & $-0.172507$ & $-0.118783$ & $0.133159$ & $0.173107$ & $-0.176333$ \\
eHtautauint & $0.0981872$ & $0.0259182$ & $-0.0977779$ & $0.139656$ & $-0.0324654$ & $0.00663275$ & $0.0221186$ & $-0.0524496$ & $-0.0364901$ & $0.0234083$ & $0.0396079$ & $-0.00809076$ & $-0.0177714$ & $-0.00774916$ & $-0.00699295$ & $0.028559$ & $0.0250244$ & $0.0272204$ & $0.000716404$ & $-0.0348284$ & $-0.0430721$ & $-0.0445247$ & $-0.0250258$ & $0.0380915$ & $0.0136138$ & $0.0450172$ & $-0.0404861$ & $0.00392439$ & $0.028719$ & $0.0888121$ & $-0.0140818$ & $0.0193083$ & $0.000275786$ & $-0.0305589$ & $-0.0571474$ & $-0.337414$ & $-0.154487$ & $0.0380363$ & $0.271343$ & $0.00683566$ & $-0.0610792$ & $-0.0252163$ & $0.291087$ & $-0.172507$ & $1$ & $0.0272941$ & $-0.281977$ & $-0.242083$ & $-0.0631517$ \\
eHccint & $-0.176575$ & $-0.365318$ & $-0.0949277$ & $-0.00793584$ & $0.0131837$ & $0.0464282$ & $0.0512357$ & $0.0739714$ & $0.0800128$ & $-0.0484133$ & $-0.0598886$ & $-0.0373707$ & $0.0153022$ & $0.0113476$ & $-0.0252155$ & $0.00158022$ & $-0.018007$ & $0.00118589$ & $-0.0173486$ & $0.0506975$ & $0.0580025$ & $0.0595284$ & $0.0189375$ & $-0.0495173$ & $0.00392339$ & $-0.0298803$ & $0.064733$ & $-0.00477878$ & $0.0063526$ & $-0.0324825$ & $0.0282872$ & $0.0268092$ & $-0.0133433$ & $0.0643736$ & $-0.063592$ & $-0.33601$ & $0.302399$ & $0.0298932$ & $-0.0373583$ & $0.0511017$ & $-0.0364645$ & $-0.0105578$ & $0.0552691$ & $-0.118783$ & $0.0272941$ & $1$ & $-0.166655$ & $0.0437909$ & $0.0452006$ \\
eHccpar & $-0.0747918$ & $0.174496$ & $-0.0271169$ & $-0.056227$ & $0.00535187$ & $-0.0594893$ & $-0.0382104$ & $-0.0435243$ & $-0.0524082$ & $0.0478389$ & $0.0232778$ & $0.0210414$ & $-0.00495569$ & $0.0217684$ & $0.00382302$ & $-0.00458572$ & $0.0334762$ & $0.0321042$ & $0.0380159$ & $-0.016722$ & $-0.0229914$ & $-0.0235588$ & $-0.0444425$ & $0.0426755$ & $0.03764$ & $0.0373974$ & $-0.0271853$ & $-0.0309682$ & $-0.0355919$ & $-0.0498931$ & $0.189696$ & $-0.0267659$ & $-0.00644168$ & $-0.0318664$ & $0.242804$ & $0.123415$ & $0.0634358$ & $0.0139469$ & $-0.064671$ & $-0.0964916$ & $0.240504$ & $-0.00614487$ & $-0.0995426$ & $0.133159$ & $-0.281977$ & $-0.166655$ & $1$ & $-0.0555037$ & $0.0813702$ \\
eHbbint & $0.100224$ & $-0.313778$ & $0.120167$ & $-0.0249668$ & $-0.00690888$ & $0.00857896$ & $-0.0441199$ & $0.0159853$ & $0.00579411$ & $-0.0276333$ & $-0.00140154$ & $-0.0424082$ & $-0.0225129$ & $-0.0117376$ & $-0.0309287$ & $-0.0290012$ & $-0.0181046$ & $-0.001281$ & $0.00792793$ & $-0.00870211$ & $0.00148025$ & $0.00968202$ & $0.0285602$ & $-0.030366$ & $-0.00586459$ & $-0.00921331$ & $0.0366197$ & $-0.0144125$ & $-0.00118267$ & $-0.0666882$ & $-0.0301668$ & $-0.0680376$ & $0.00833672$ & $0.0248231$ & $-0.184846$ & $0.0795214$ & $0.166124$ & $-0.110696$ & $-0.0420195$ & $-0.0843194$ & $0.131299$ & $-0.0434199$ & $-0.223639$ & $0.173107$ & $-0.242083$ & $0.0437909$ & $-0.0555037$ & $1$ & $-0.124948$ \\
eHbbpar & $-0.0510256$ & $-0.0325961$ & $0.145094$ & $-0.150569$ & $0.0306179$ & $0.0445691$ & $-0.00271059$ & $0.0210221$ & $0.0369391$ & $-0.0201586$ & $-0.0352717$ & $-0.0191112$ & $0.00523206$ & $0.0521987$ & $0.00890302$ & $0.0565105$ & $0.0144292$ & $0.0265682$ & $-0.0139156$ & $0.0409926$ & $0.0320451$ & $0.0313166$ & $-0.0521103$ & $0.0159159$ & $0.0134095$ & $0.0178776$ & $-0.0166065$ & $0.0116801$ & $0.00584204$ & $0.00831991$ & $0.00592168$ & $-0.00980197$ & $0.325342$ & $0.00059467$ & $-0.128908$ & $-0.163373$ & $-0.122783$ & $-0.0866524$ & $-0.119667$ & $0.0388378$ & $0.0786659$ & $0.0731589$ & $0.222784$ & $-0.176333$ & $-0.0631517$ & $0.0452006$ & $0.0813702$ & $-0.124948$ & $1$ \\
