 & AlsMz & dAle5Mz & mtop & mHl & Mz & CW & CHG & CHWB & CHWHB_gaga & CHWHB_gagaorth & CHD & CHbox & CH & CHL1_11 & CHL1_22 & CHL1_33 & CHL3_11 & CHL3_22 & CHL3_33 & CHe_11 & CHe_22 & CHe_33 & CHQ1_11 & CHQ1_33 & CHQ3_11 & CHu_11 & CHd_11 & CHd_33 & CeH_22r & CeH_33r & CuH_22r & CuH_33r & CdH_33r & CLL_1221 & eHggint & eHggpar & eHWWint & eHWWpar & eHZZint & eHZZpar & eHZgaint & eHZgapar & eHgagaint & eHmumuint & eHtautauint & eHccint & eHccpar & eHbbint & eHbbpar \\
AlsMz & $1$ & $0.154345$ & $0.117521$ & $-0.0575526$ & $0.022804$ & $-0.0041381$ & $0.0424247$ & $-0.0158805$ & $-0.020217$ & $-0.0127314$ & $-0.00299026$ & $-0.0263232$ & $-0.00915812$ & $0.0041458$ & $-0.00499745$ & $0.0153354$ & $0.0232401$ & $0.0221068$ & $0.00216515$ & $0.00175346$ & $-0.00101089$ & $-0.00763565$ & $-0.0180418$ & $-0.0509679$ & $-0.100555$ & $-0.0128515$ & $-0.0420791$ & $0.0573624$ & $0.00801329$ & $0.00800323$ & $0.00825017$ & $0.0294334$ & $-0.0416832$ & $0.00234672$ & $-0.130755$ & $-0.0696866$ & $0.101828$ & $-0.0296396$ & $0.104632$ & $0.0100377$ & $-0.00357596$ & $-0.0779936$ & $-0.0689152$ & $-0.036904$ & $0.0960527$ & $-0.00628151$ & $0.0100741$ & $0.0293543$ & $-0.0659541$ \\
dAle5Mz & $0.154345$ & $1$ & $0.0950553$ & $0.0421155$ & $-0.00283789$ & $0.0153741$ & $-0.01247$ & $-0.0720271$ & $-0.0749485$ & $0.0212213$ & $0.0379153$ & $0.0122599$ & $0.00199246$ & $0.019898$ & $0.0206813$ & $0.00338931$ & $0.0349328$ & $0.0178366$ & $0.0346228$ & $-0.0120473$ & $-0.0199865$ & $-0.0219463$ & $-0.0281284$ & $0.0130215$ & $0.00675932$ & $-0.000505011$ & $-0.0533102$ & $-0.0204076$ & $-0.0145225$ & $0.015218$ & $0.0230749$ & $-0.00540877$ & $0.0390712$ & $-0.0228221$ & $-0.0451156$ & $-0.0303641$ & $-0.0268155$ & $0.00526026$ & $-0.0799399$ & $0.000419739$ & $0.100368$ & $-0.0111576$ & $-0.0570504$ & $0.153916$ & $0.0890287$ & $0.0605654$ & $0.0827097$ & $0.0121443$ & $0.0397714$ \\
mtop & $0.117521$ & $0.0950553$ & $1$ & $0.0303738$ & $0.00809915$ & $-0.0431412$ & $0.00851915$ & $-0.0136878$ & $-0.0101953$ & $0.0144987$ & $0.00452027$ & $0.00177311$ & $0.00145909$ & $0.00981792$ & $0.00829766$ & $-0.0170762$ & $0.0388125$ & $0.0183903$ & $0.0437879$ & $0.00535506$ & $0.00421073$ & $0.00172023$ & $-0.0234485$ & $0.0202115$ & $0.0263614$ & $0.0151092$ & $0.0143446$ & $-0.0207213$ & $0.00695207$ & $-0.0673362$ & $-0.0771608$ & $-0.00473971$ & $-0.0568662$ & $-0.00696282$ & $-0.0112738$ & $0.156608$ & $0.226403$ & $0.00899768$ & $-0.0417713$ & $-0.0181773$ & $0.091062$ & $-0.0405286$ & $0.12786$ & $-0.0521645$ & $0.0425208$ & $-0.0526712$ & $-0.0412845$ & $0.0616585$ & $0.00944167$ \\
mHl & $-0.0575526$ & $0.0421155$ & $0.0303738$ & $1$ & $-0.0213038$ & $-0.034912$ & $0.0302513$ & $0.0191542$ & $0.0164712$ & $-0.0311804$ & $-0.00268711$ & $-0.00604859$ & $-0.00708089$ & $-0.0165747$ & $-0.0128789$ & $0.00888311$ & $-0.0360694$ & $-0.0218023$ & $-0.0427282$ & $1.01925e-05$ & $0.0037828$ & $0.00677909$ & $-0.00291424$ & $-0.0338687$ & $-0.0169576$ & $-0.00164934$ & $0.0161504$ & $0.0077206$ & $-0.0430195$ & $0.0278577$ & $-0.0170463$ & $0.0589629$ & $0.0651539$ & $0.0275143$ & $0.101133$ & $0.130618$ & $-0.0579834$ & $0.0248267$ & $-0.0784844$ & $0.0254497$ & $0.0769809$ & $-0.0276804$ & $-0.0626721$ & $0.0542399$ & $-0.000836379$ & $-0.107278$ & $-0.0677657$ & $0.00165248$ & $0.0746485$ \\
Mz & $0.022804$ & $-0.00283789$ & $0.00809915$ & $-0.0213038$ & $1$ & $-0.0193337$ & $-0.0106875$ & $0.0203085$ & $0.020622$ & $-0.0239388$ & $-0.0133358$ & $-0.0162675$ & $0.00243601$ & $0.0135268$ & $0.0150681$ & $-0.0121398$ & $0.00523402$ & $-0.0120262$ & $0.00945562$ & $0.017837$ & $0.0237903$ & $0.0194669$ & $-0.0262766$ & $-0.0127241$ & $-0.000935519$ & $0.000395997$ & $0.0134647$ & $0.0160401$ & $0.00480032$ & $0.0129617$ & $0.00178886$ & $-0.0183347$ & $-0.00517243$ & $0.00193936$ & $0.0184522$ & $0.00197257$ & $0.015528$ & $0.0273095$ & $-0.0147062$ & $0.0367798$ & $-0.0233424$ & $0.0115572$ & $0.0117171$ & $-0.00756997$ & $0.01958$ & $-0.0166172$ & $-0.00993635$ & $0.022846$ & $-0.0213163$ \\
CW & $-0.0041381$ & $0.0153741$ & $-0.0431412$ & $-0.034912$ & $-0.0193337$ & $1$ & $0.0156727$ & $-0.112702$ & $-0.105595$ & $0.0031811$ & $0.168091$ & $0.058644$ & $0.0182493$ & $0.0213541$ & $-0.0783354$ & $-0.077856$ & $-0.256923$ & $-0.0490766$ & $-0.0502482$ & $-0.166973$ & $-0.16936$ & $-0.169022$ & $-0.0274607$ & $-0.0128589$ & $-0.09299$ & $0.103192$ & $-0.0803213$ & $-0.0560616$ & $-0.0130731$ & $-0.0026096$ & $0.00451053$ & $0.0198276$ & $-0.000599847$ & $-0.107817$ & $-0.0308658$ & $-0.0260034$ & $0.0019411$ & $-0.0168005$ & $-0.00847865$ & $-0.00980191$ & $-0.0304488$ & $0.0110409$ & $0.0301353$ & $-0.026347$ & $-0.0161739$ & $0.0128187$ & $0.0187611$ & $-0.0103293$ & $-0.003424$ \\
CHG & $0.0424247$ & $-0.01247$ & $0.00851915$ & $0.0302513$ & $-0.0106875$ & $0.0156727$ & $1$ & $-0.0527779$ & $0.00142936$ & $0.0247533$ & $0.0150225$ & $-0.190569$ & $-0.235259$ & $0.0652738$ & $0.00898303$ & $0.0203706$ & $0.0593229$ & $0.0655711$ & $0.0578802$ & $-0.0116386$ & $-0.0206638$ & $-0.0208253$ & $-0.0351445$ & $0.08159$ & $0.0555507$ & $0.0388752$ & $-0.0426874$ & $0.0186673$ & $0.00884723$ & $-0.116894$ & $-0.0780817$ & $0.928892$ & $-0.150871$ & $-0.0566902$ & $-0.00537121$ & $-0.076744$ & $0.0186966$ & $-0.0166941$ & $-0.0241292$ & $0.0130755$ & $-0.0475209$ & $-0.00895851$ & $0.0015228$ & $0.0196894$ & $-0.00971056$ & $-0.0195217$ & $-0.0145511$ & $-0.0385751$ & $-0.0103148$ \\
CHWB & $-0.0158805$ & $-0.0720271$ & $-0.0136878$ & $0.0191542$ & $0.0203085$ & $-0.112702$ & $-0.0527779$ & $1$ & $0.982786$ & $-0.545945$ & $-0.881327$ & $-0.0109515$ & $0.285694$ & $0.145027$ & $0.303824$ & $0.303363$ & $-0.197703$ & $-0.400143$ & $-0.398533$ & $0.851206$ & $0.897549$ & $0.88246$ & $0.0749369$ & $-0.657825$ & $-0.351963$ & $-0.511171$ & $0.424809$ & $0.303147$ & $0.0192968$ & $0.0840514$ & $0.0479011$ & $-0.0515038$ & $0.0641116$ & $0.55445$ & $0.00783009$ & $0.00538883$ & $0.0195296$ & $0.0113437$ & $0.0291128$ & $0.0132914$ & $-0.0209374$ & $0.00993068$ & $-0.00618402$ & $-0.0220231$ & $0.00754577$ & $0.0241957$ & $-0.00929462$ & $-0.0344869$ & $0.00367302$ \\
CHWHB_gaga & $-0.020217$ & $-0.0749485$ & $-0.0101953$ & $0.0164712$ & $0.020622$ & $-0.105595$ & $0.00142936$ & $0.982786$ & $1$ & $-0.537898$ & $-0.864464$ & $0.00347959$ & $0.281302$ & $0.139203$ & $0.301522$ & $0.305541$ & $-0.199971$ & $-0.397866$ & $-0.399235$ & $0.836091$ & $0.879648$ & $0.866025$ & $0.0698094$ & $-0.647198$ & $-0.350832$ & $-0.499724$ & $0.412266$ & $0.292479$ & $0.0290945$ & $0.10972$ & $0.0571691$ & $-0.00780608$ & $0.0872983$ & $0.541334$ & $-0.00311429$ & $-0.0171314$ & $-0.00404965$ & $0.00937135$ & $0.0292104$ & $0.0188715$ & $-0.0235797$ & $0.00852733$ & $0.0585141$ & $-0.019131$ & $0.00703318$ & $0.0269496$ & $-0.00737661$ & $-0.0316575$ & $0.00538082$ \\
CHWHB_gagaorth & $-0.0127314$ & $0.0212213$ & $0.0144987$ & $-0.0311804$ & $-0.0239388$ & $0.0031811$ & $0.0247533$ & $-0.545945$ & $-0.537898$ & $1$ & $0.321139$ & $0.315473$ & $-0.211392$ & $0.232478$ & $-0.125211$ & $-0.121451$ & $0.438252$ & $0.495071$ & $0.490155$ & $-0.306675$ & $-0.337167$ & $-0.33729$ & $-0.0622904$ & $0.54923$ & $0.479889$ & $0.201976$ & $-0.213798$ & $-0.134523$ & $-0.027239$ & $-0.132786$ & $-0.0526353$ & $0.0431655$ & $-0.134124$ & $-0.329946$ & $0.0320138$ & $0.017539$ & $-0.033174$ & $-0.00664534$ & $-0.0307361$ & $-0.00828616$ & $-0.0175956$ & $0.00465353$ & $0.0113553$ & $0.0108342$ & $-0.000844088$ & $0.0111277$ & $0.0158312$ & $-0.0228799$ & $-0.0205789$ \\
CHD & $-0.00299026$ & $0.0379153$ & $0.00452027$ & $-0.00268711$ & $-0.0133358$ & $0.168091$ & $0.0150225$ & $-0.881327$ & $-0.864464$ & $0.321139$ & $1$ & $0.124213$ & $-0.139152$ & $-0.549974$ & $-0.425919$ & $-0.421825$ & $-0.254094$ & $0.0353441$ & $0.0317981$ & $-0.990286$ & $-0.991528$ & $-0.971108$ & $-0.0185253$ & $0.297695$ & $-0.0228518$ & $0.560559$ & $-0.296903$ & $-0.335485$ & $-0.00446197$ & $-0.0462758$ & $-0.0301371$ & $0.0255181$ & $-0.0199781$ & $-0.358938$ & $0.0227557$ & $-0.0138123$ & $-0.00925645$ & $-0.0195902$ & $-0.025742$ & $-0.00530981$ & $0.0284756$ & $-0.0120598$ & $0.0030551$ & $0.0188861$ & $0.00484357$ & $-0.0362325$ & $0.000572321$ & $0.0538492$ & $0.0115696$ \\
CHbox & $-0.0263232$ & $0.0122599$ & $0.00177311$ & $-0.00604859$ & $-0.0162675$ & $0.058644$ & $-0.190569$ & $-0.0109515$ & $0.00347959$ & $0.315473$ & $0.124213$ & $1$ & $0.67987$ & $-0.240964$ & $0.0137396$ & $0.000187757$ & $-0.248056$ & $-0.22524$ & $-0.214485$ & $-0.109586$ & $-0.126308$ & $-0.122847$ & $-0.0125807$ & $-0.124734$ & $-0.205081$ & $0.0803418$ & $-0.0379239$ & $-0.0561638$ & $0.0256565$ & $0.28782$ & $0.0922542$ & $-0.0937247$ & $0.33058$ & $-0.0299935$ & $0.118862$ & $0.0404801$ & $-0.0119013$ & $-0.00970781$ & $-0.0484655$ & $-0.00592641$ & $0.0266468$ & $0.00180903$ & $0.0201196$ & $0.0121555$ & $-0.00572326$ & $-0.0257583$ & $-0.00329263$ & $-0.0224526$ & $0.0130678$ \\
CH & $-0.00915812$ & $0.00199246$ & $0.00145909$ & $-0.00708089$ & $0.00243601$ & $0.0182493$ & $-0.235259$ & $0.285694$ & $0.281302$ & $-0.211392$ & $-0.139152$ & $0.67987$ & $1$ & $-0.183646$ & $0.0715697$ & $0.0642189$ & $-0.293678$ & $-0.318669$ & $-0.311503$ & $0.136694$ & $0.146905$ & $0.146628$ & $0.0235448$ & $-0.321226$ & $-0.299279$ & $-0.0790548$ & $0.109164$ & $0.0462552$ & $0.0282721$ & $0.22164$ & $0.0946415$ & $-0.190142$ & $0.251523$ & $0.165112$ & $0.0464715$ & $0.0164132$ & $0.0066494$ & $0.00140688$ & $-0.0176602$ & $0.000241501$ & $0.013137$ & $-0.00270893$ & $0.00862155$ & $-0.00239756$ & $0.00117819$ & $-0.0112932$ & $-0.00152313$ & $-0.0195305$ & $0.011235$ \\
CHL1_11 & $0.0041458$ & $0.019898$ & $0.00981792$ & $-0.0165747$ & $0.0135268$ & $0.0213541$ & $0.0652738$ & $0.145027$ & $0.139203$ & $0.232478$ & $-0.549974$ & $-0.240964$ & $-0.183646$ & $1$ & $0.282852$ & $0.275883$ & $0.666188$ & $0.592987$ & $0.59847$ & $0.568741$ & $0.51467$ & $0.497257$ & $-0.084685$ & $0.438103$ & $0.59874$ & $-0.277922$ & $-0.0675741$ & $0.179543$ & $-0.0220024$ & $-0.0437976$ & $-0.010222$ & $0.0386537$ & $-0.072006$ & $-0.18727$ & $-0.0633571$ & $0.0233254$ & $-0.00856055$ & $0.0292403$ & $0.00668391$ & $-0.00481087$ & $-0.0255468$ & $0.00607529$ & $0.00465962$ & $-0.0206964$ & $-0.0305336$ & $0.0396918$ & $0.00519792$ & $-0.0588727$ & $-0.0370021$ \\
CHL1_22 & $-0.00499745$ & $0.0206813$ & $0.00829766$ & $-0.0128789$ & $0.0150681$ & $-0.0783354$ & $0.00898303$ & $0.303824$ & $0.301522$ & $-0.125211$ & $-0.425919$ & $0.0137396$ & $0.0715697$ & $0.282852$ & $1$ & $0.445824$ & $0.179791$ & $-0.4437$ & $-0.0187581$ & $0.492827$ & $0.344674$ & $0.333622$ & $-0.168732$ & $0.112576$ & $-0.128676$ & $-0.199476$ & $-0.393224$ & $0.127054$ & $-0.0237697$ & $0.0412693$ & $0.00646145$ & $0.00877937$ & $0.00723388$ & $-0.59514$ & $-0.0239287$ & $0.0302883$ & $0.0104866$ & $-0.00482744$ & $0.00376248$ & $-0.0157025$ & $-0.0236102$ & $0.0427818$ & $0.0181251$ & $-0.0152857$ & $-0.0296034$ & $0.0295979$ & $7.7752e-05$ & $-0.0462827$ & $-0.0152892$ \\
CHL1_33 & $0.0153354$ & $0.00338931$ & $-0.0170762$ & $0.00888311$ & $-0.0121398$ & $-0.077856$ & $0.0203706$ & $0.303363$ & $0.305541$ & $-0.121451$ & $-0.421825$ & $0.000187757$ & $0.0642189$ & $0.275883$ & $0.445824$ & $1$ & $0.174291$ & $-0.0177605$ & $-0.426577$ & $0.486255$ & $0.34307$ & $0.365226$ & $-0.165241$ & $0.118075$ & $-0.121302$ & $-0.184362$ & $-0.364841$ & $0.11468$ & $0.00148754$ & $0.040445$ & $0.0150542$ & $0.0195971$ & $0.0141108$ & $-0.0948272$ & $-0.0438172$ & $-0.000609838$ & $0.0119744$ & $-0.023841$ & $-0.00207566$ & $0.00350563$ & $-0.0323745$ & $0.00912596$ & $0.00492492$ & $0.0279657$ & $0.0316474$ & $0.0173416$ & $0.0171767$ & $-0.0243638$ & $-0.00179146$ \\
CHL3_11 & $0.0232401$ & $0.0349328$ & $0.0388125$ & $-0.0360694$ & $0.00523402$ & $-0.256923$ & $0.0593229$ & $-0.197703$ & $-0.199971$ & $0.438252$ & $-0.254094$ & $-0.248056$ & $-0.293678$ & $0.666188$ & $0.179791$ & $0.174291$ & $1$ & $0.729672$ & $0.731961$ & $0.27833$ & $0.223075$ & $0.211508$ & $-0.0683847$ & $0.655128$ & $0.76736$ & $-0.121836$ & $-0.138694$ & $0.0687031$ & $-0.0327691$ & $-0.0805708$ & $-0.0424926$ & $0.0363731$ & $-0.0885925$ & $-0.234003$ & $-0.0401034$ & $0.0217216$ & $-0.0210305$ & $0.0164238$ & $-0.0112586$ & $-0.0195842$ & $-0.012505$ & $0.000915784$ & $0.0112169$ & $0.0104371$ & $-0.0197895$ & $0.0109613$ & $0.0108239$ & $-0.0279149$ & $-0.0297963$ \\
CHL3_22 & $0.0221068$ & $0.0178366$ & $0.0183903$ & $-0.0218023$ & $-0.0120262$ & $-0.0490766$ & $0.0655711$ & $-0.400143$ & $-0.397866$ & $0.495071$ & $0.0353441$ & $-0.22524$ & $-0.318669$ & $0.592987$ & $-0.4437$ & $-0.0177605$ & $0.729672$ & $1$ & $0.668939$ & $-0.0379774$ & $-0.0285032$ & $-0.0288125$ & $0.00368131$ & $0.599718$ & $0.787807$ & $0.027186$ & $0.0206622$ & $-0.0157682$ & $-0.0116508$ & $-0.0984672$ & $-0.036999$ & $0.0422994$ & $-0.0896739$ & $0.0587946$ & $-0.0438248$ & $-0.0013931$ & $-0.0243839$ & $0.0213475$ & $-0.00701054$ & $-0.00302533$ & $-0.00366758$ & $-0.0266885$ & $-0.000145173$ & $0.0121248$ & $-0.00293716$ & $-0.00105652$ & $0.0135059$ & $-0.00669636$ & $-0.0198635$ \\
CHL3_33 & $0.00216515$ & $0.0346228$ & $0.0437879$ & $-0.0427282$ & $0.00945562$ & $-0.0502482$ & $0.0578802$ & $-0.398533$ & $-0.399235$ & $0.490155$ & $0.0317981$ & $-0.214485$ & $-0.311503$ & $0.59847$ & $-0.0187581$ & $-0.426577$ & $0.731961$ & $0.668939$ & $1$ & $-0.0325493$ & $-0.0250805$ & $-0.030316$ & $0.00527068$ & $0.594126$ & $0.785393$ & $0.0140349$ & $0.00620268$ & $-0.00867783$ & $-0.0307488$ & $-0.0973048$ & $-0.0458212$ & $0.0349662$ & $-0.0996196$ & $-0.327488$ & $-0.0258637$ & $0.0270084$ & $-0.0145266$ & $0.030348$ & $-0.00523163$ & $-0.0165538$ & $0.0034571$ & $-0.000536477$ & $0.0106495$ & $-0.027346$ & $-0.0523964$ & $0.00942898$ & $0.00571991$ & $-0.0271158$ & $-0.0364586$ \\
CHe_11 & $0.00175346$ & $-0.0120473$ & $0.00535506$ & $1.01925e-05$ & $0.017837$ & $-0.166973$ & $-0.0116386$ & $0.851206$ & $0.836091$ & $-0.306675$ & $-0.990286$ & $-0.109586$ & $0.136694$ & $0.568741$ & $0.492827$ & $0.486255$ & $0.27833$ & $-0.0379774$ & $-0.0325493$ & $1$ & $0.973028$ & $0.953614$ & $-0.00483594$ & $-0.24069$ & $0.0290486$ & $-0.550896$ & $0.221369$ & $0.331292$ & $0.00361285$ & $0.0459269$ & $0.0300275$ & $-0.021744$ & $0.0190726$ & $0.277258$ & $-0.02993$ & $0.0118074$ & $0.0112111$ & $0.0184639$ & $0.0238742$ & $0.0030156$ & $-0.028613$ & $0.0162637$ & $7.58355e-05$ & $-0.0123701$ & $-0.00357751$ & $0.0385015$ & $0.00594511$ & $-0.0561061$ & $-0.0104127$ \\
CHe_22 & $-0.00101089$ & $-0.0199865$ & $0.00421073$ & $0.0037828$ & $0.0237903$ & $-0.16936$ & $-0.0206638$ & $0.897549$ & $0.879648$ & $-0.337167$ & $-0.991528$ & $-0.126308$ & $0.146905$ & $0.51467$ & $0.344674$ & $0.34307$ & $0.223075$ & $-0.0285032$ & $-0.0250805$ & $0.973028$ & $1$ & $0.975652$ & $0.0455842$ & $-0.352906$ & $0.0199975$ & $-0.564227$ & $0.374421$ & $0.334721$ & $0.00704648$ & $0.0470378$ & $0.0324898$ & $-0.0309603$ & $0.0228083$ & $0.4424$ & $-0.0172525$ & $0.0116966$ & $0.0100219$ & $0.0218319$ & $0.0232859$ & $0.00493445$ & $-0.0235476$ & $0.00788086$ & $-0.00339136$ & $-0.0155719$ & $-0.0026185$ & $0.0369132$ & $-0.000693985$ & $-0.0492821$ & $-0.0102561$ \\
CHe_33 & $-0.00763565$ & $-0.0219463$ & $0.00172023$ & $0.00677909$ & $0.0194669$ & $-0.169022$ & $-0.0208253$ & $0.88246$ & $0.866025$ & $-0.33729$ & $-0.971108$ & $-0.122847$ & $0.146628$ & $0.497257$ & $0.333622$ & $0.365226$ & $0.211508$ & $-0.0288125$ & $-0.030316$ & $0.953614$ & $0.975652$ & $1$ & $0.0490998$ & $-0.349803$ & $0.0155839$ & $-0.554378$ & $0.368372$ & $0.329062$ & $0.00961593$ & $0.04646$ & $0.030062$ & $-0.031886$ & $0.0142667$ & $0.441943$ & $-0.0195533$ & $0.0178502$ & $0.0184$ & $0.0208583$ & $0.0235166$ & $0.00915813$ & $-0.0295258$ & $0.00656679$ & $-0.00388329$ & $-0.0225357$ & $-0.00566713$ & $0.0297079$ & $0.00120481$ & $-0.0548457$ & $-0.0183371$ \\
CHQ1_11 & $-0.0180418$ & $-0.0281284$ & $-0.0234485$ & $-0.00291424$ & $-0.0262766$ & $-0.0274607$ & $-0.0351445$ & $0.0749369$ & $0.0698094$ & $-0.0622904$ & $-0.0185253$ & $-0.0125807$ & $0.0235448$ & $-0.084685$ & $-0.168732$ & $-0.165241$ & $-0.0683847$ & $0.00368131$ & $0.00527068$ & $-0.00483594$ & $0.0455842$ & $0.0490998$ & $1$ & $-0.142642$ & $0.0945996$ & $-0.6853$ & $0.359228$ & $0.0186215$ & $-0.00481993$ & $-0.0263411$ & $0.00227998$ & $-0.0354955$ & $-0.0178638$ & $0.207981$ & $-0.0201322$ & $0.0139905$ & $0.0284242$ & $-0.0212375$ & $-0.0162962$ & $-0.0121065$ & $0.0196733$ & $0.00553468$ & $-0.000796629$ & $-0.0459079$ & $0.0420117$ & $-0.0167523$ & $0.0291424$ & $0.0355462$ & $-0.0178439$ \\
CHQ1_33 & $-0.0509679$ & $0.0130215$ & $0.0202115$ & $-0.0338687$ & $-0.0127241$ & $-0.0128589$ & $0.08159$ & $-0.657825$ & $-0.647198$ & $0.54923$ & $0.297695$ & $-0.124734$ & $-0.321226$ & $0.438103$ & $0.112576$ & $0.118075$ & $0.655128$ & $0.599718$ & $0.594126$ & $-0.24069$ & $-0.352906$ & $-0.349803$ & $-0.142642$ & $1$ & $0.614397$ & $0.207726$ & $-0.414678$ & $-0.0149251$ & $-0.0263399$ & $-0.0900473$ & $-0.0467167$ & $0.0657184$ & $-0.0958907$ & $-0.626452$ & $-0.0288695$ & $0.0319714$ & $-0.0166216$ & $-0.00561202$ & $-0.0349994$ & $-0.0246682$ & $-0.000779369$ & $0.000633103$ & $0.0141895$ & $0.0312401$ & $-0.0298603$ & $-0.00988193$ & $0.0158386$ & $0.00235874$ & $-0.0245412$ \\
CHQ3_11 & $-0.100555$ & $0.00675932$ & $0.0263614$ & $-0.0169576$ & $-0.000935519$ & $-0.09299$ & $0.0555507$ & $-0.351963$ & $-0.350832$ & $0.479889$ & $-0.0228518$ & $-0.205081$ & $-0.299279$ & $0.59874$ & $-0.128676$ & $-0.121302$ & $0.76736$ & $0.787807$ & $0.785393$ & $0.0290486$ & $0.0199975$ & $0.0155839$ & $0.0945996$ & $0.614397$ & $1$ & $-0.0140041$ & $0.246352$ & $-0.00760998$ & $-0.0411364$ & $-0.0909672$ & $-0.0480186$ & $0.0323044$ & $-0.088659$ & $-0.166898$ & $-0.0150333$ & $0.0116109$ & $-0.0138578$ & $0.0125576$ & $-0.0088981$ & $-0.0103461$ & $2.45762e-05$ & $-0.00129544$ & $-0.00265988$ & $0.000974254$ & $-0.0350811$ & $0.0240387$ & $0.00811145$ & $-0.0164526$ & $-0.0222645$ \\
CHu_11 & $-0.0128515$ & $-0.000505011$ & $0.0151092$ & $-0.00164934$ & $0.000395997$ & $0.103192$ & $0.0388752$ & $-0.511171$ & $-0.499724$ & $0.201976$ & $0.560559$ & $0.0803418$ & $-0.0790548$ & $-0.277922$ & $-0.199476$ & $-0.184362$ & $-0.121836$ & $0.027186$ & $0.0140349$ & $-0.550896$ & $-0.564227$ & $-0.554378$ & $-0.6853$ & $0.207726$ & $-0.0140041$ & $1$ & $-0.198173$ & $-0.197433$ & $0.00278591$ & $-0.00738679$ & $-0.014733$ & $0.0418235$ & $-0.00040031$ & $-0.252148$ & $0.0349314$ & $-0.0228681$ & $-0.0297694$ & $-0.00949144$ & $0.00810319$ & $0.014976$ & $0.00278447$ & $-0.0240448$ & $-0.00340271$ & $0.0553232$ & $-0.0330917$ & $0.00168954$ & $-0.0242876$ & $0.0117022$ & $0.00747732$ \\
CHd_11 & $-0.0420791$ & $-0.0533102$ & $0.0143446$ & $0.0161504$ & $0.0134647$ & $-0.0803213$ & $-0.0426874$ & $0.424809$ & $0.412266$ & $-0.213798$ & $-0.296903$ & $-0.0379239$ & $0.109164$ & $-0.0675741$ & $-0.393224$ & $-0.364841$ & $-0.138694$ & $0.0206622$ & $0.00620268$ & $0.221369$ & $0.374421$ & $0.368372$ & $0.359228$ & $-0.414678$ & $0.246352$ & $-0.198173$ & $1$ & $0.101038$ & $0.000163064$ & $0.0117491$ & $0.0106292$ & $-0.0482028$ & $0.0158343$ & $0.684221$ & $0.0397135$ & $-0.00743369$ & $0.0215786$ & $-0.00235585$ & $0.0217638$ & $0.0172004$ & $0.0166267$ & $-0.0213005$ & $-0.0326124$ & $-0.00775657$ & $0.000442339$ & $0.0140371$ & $-0.00796549$ & $0.0137653$ & $-0.00183642$ \\
CHd_33 & $0.0573624$ & $-0.0204076$ & $-0.0207213$ & $0.0077206$ & $0.0160401$ & $-0.0560616$ & $0.0186673$ & $0.303147$ & $0.292479$ & $-0.134523$ & $-0.335485$ & $-0.0561638$ & $0.0462552$ & $0.179543$ & $0.127054$ & $0.11468$ & $0.0687031$ & $-0.0157682$ & $-0.00867783$ & $0.331292$ & $0.334721$ & $0.329062$ & $0.0186215$ & $-0.0149251$ & $-0.00760998$ & $-0.197433$ & $0.101038$ & $1$ & $0.0180826$ & $0.00535585$ & $0.00972757$ & $0.0095613$ & $-0.0135951$ & $0.13625$ & $0.012402$ & $0.0303316$ & $0.0284766$ & $0.00921859$ & $-0.0185202$ & $-0.00914506$ & $-0.000488907$ & $0.00332905$ & $-0.0156108$ & $-0.00939667$ & $0.0252361$ & $0.00738954$ & $-0.00389775$ & $0.0199743$ & $-0.031483$ \\
CeH_22r & $0.00801329$ & $-0.0145225$ & $0.00695207$ & $-0.0430195$ & $0.00480032$ & $-0.0130731$ & $0.00884723$ & $0.0192968$ & $0.0290945$ & $-0.027239$ & $-0.00446197$ & $0.0256565$ & $0.0282721$ & $-0.0220024$ & $-0.0237697$ & $0.00148754$ & $-0.0327691$ & $-0.0116508$ & $-0.0307488$ & $0.00361285$ & $0.00704648$ & $0.00961593$ & $-0.00481993$ & $-0.0263399$ & $-0.0411364$ & $0.00278591$ & $0.000163064$ & $0.0180826$ & $1$ & $0.0119278$ & $0.0111314$ & $-0.0148664$ & $0.0167168$ & $0.031701$ & $-0.0163591$ & $-0.0530675$ & $0.023467$ & $-0.0155946$ & $-0.000817409$ & $-0.0185411$ & $-0.0211096$ & $0.00913143$ & $0.0116552$ & $-0.0128471$ & $-0.00733632$ & $0.0308937$ & $0.0295997$ & $0.0183369$ & $-0.00821343$ \\
CeH_33r & $0.00800323$ & $0.015218$ & $-0.0673362$ & $0.0278577$ & $0.0129617$ & $-0.0026096$ & $-0.116894$ & $0.0840514$ & $0.10972$ & $-0.132786$ & $-0.0462758$ & $0.28782$ & $0.22164$ & $-0.0437976$ & $0.0412693$ & $0.040445$ & $-0.0805708$ & $-0.0984672$ & $-0.0973048$ & $0.0459269$ & $0.0470378$ & $0.04646$ & $-0.0263411$ & $-0.0900473$ & $-0.0909672$ & $-0.00738679$ & $0.0117491$ & $0.00535585$ & $0.0119278$ & $1$ & $0.322319$ & $0.040117$ & $0.643719$ & $0.0315826$ & $-0.0214276$ & $-0.0465338$ & $-0.169664$ & $-0.00541641$ & $-0.0546296$ & $0.000254839$ & $-0.00437794$ & $-0.00631809$ & $-0.0214825$ & $-0.000397446$ & $0.0661361$ & $-0.0281172$ & $0.0073904$ & $0.00140093$ & $0.00170034$ \\
CuH_22r & $0.00825017$ & $0.0230749$ & $-0.0771608$ & $-0.0170463$ & $0.00178886$ & $0.00451053$ & $-0.0780817$ & $0.0479011$ & $0.0571691$ & $-0.0526353$ & $-0.0301371$ & $0.0922542$ & $0.0946415$ & $-0.010222$ & $0.00646145$ & $0.0150542$ & $-0.0424926$ & $-0.036999$ & $-0.0458212$ & $0.0300275$ & $0.0324898$ & $0.030062$ & $0.00227998$ & $-0.0467167$ & $-0.0480186$ & $-0.014733$ & $0.0106292$ & $0.00972757$ & $0.0111314$ & $0.322319$ & $1$ & $0.00815698$ & $0.327807$ & $0.0306083$ & $-0.0521224$ & $-0.0810797$ & $-0.105129$ & $0.0148396$ & $0.0101016$ & $-0.00173972$ & $-0.0576285$ & $0.00230222$ & $-0.0171985$ & $0.022957$ & $0.0439857$ & $0.0826463$ & $0.356279$ & $0.0414451$ & $-0.0269069$ \\
CuH_33r & $0.0294334$ & $-0.00540877$ & $-0.00473971$ & $0.0589629$ & $-0.0183347$ & $0.0198276$ & $0.928892$ & $-0.0515038$ & $-0.00780608$ & $0.0431655$ & $0.0255181$ & $-0.0937247$ & $-0.190142$ & $0.0386537$ & $0.00877937$ & $0.0195971$ & $0.0363731$ & $0.0422994$ & $0.0349662$ & $-0.021744$ & $-0.0309603$ & $-0.031886$ & $-0.0354955$ & $0.0657184$ & $0.0323044$ & $0.0418235$ & $-0.0482028$ & $0.0095613$ & $-0.0148664$ & $0.040117$ & $0.00815698$ & $1$ & $0.0409065$ & $-0.054978$ & $0.0848222$ & $-0.0313939$ & $-0.0151286$ & $-0.0268891$ & $-0.0458219$ & $0.00780839$ & $-0.0188784$ & $-0.0204637$ & $-0.000817845$ & $0.0178785$ & $-0.00565263$ & $-0.0474322$ & $-0.0380611$ & $-0.0411949$ & $0.00829287$ \\
CdH_33r & $-0.0416832$ & $0.0390712$ & $-0.0568662$ & $0.0651539$ & $-0.00517243$ & $-0.000599847$ & $-0.150871$ & $0.0641116$ & $0.0872983$ & $-0.134124$ & $-0.0199781$ & $0.33058$ & $0.251523$ & $-0.072006$ & $0.00723388$ & $0.0141108$ & $-0.0885925$ & $-0.0896739$ & $-0.0996196$ & $0.0190726$ & $0.0228083$ & $0.0142667$ & $-0.0178638$ & $-0.0958907$ & $-0.088659$ & $-0.00040031$ & $0.0158343$ & $-0.0135951$ & $0.0167168$ & $0.643719$ & $0.327807$ & $0.0409065$ & $1$ & $0.046934$ & $0.0266056$ & $-0.0203739$ & $-0.212541$ & $-0.032514$ & $-0.0462671$ & $-0.0138455$ & $0.0401698$ & $-0.0117688$ & $0.041166$ & $0.000891874$ & $-0.0144093$ & $-0.0944223$ & $0.0126781$ & $0.147165$ & $0.473131$ \\
CLL_1221 & $0.00234672$ & $-0.0228221$ & $-0.00696282$ & $0.0275143$ & $0.00193936$ & $-0.107817$ & $-0.0566902$ & $0.55445$ & $0.541334$ & $-0.329946$ & $-0.358938$ & $-0.0299935$ & $0.165112$ & $-0.18727$ & $-0.59514$ & $-0.0948272$ & $-0.234003$ & $0.0587946$ & $-0.327488$ & $0.277258$ & $0.4424$ & $0.441943$ & $0.207981$ & $-0.626452$ & $-0.166898$ & $-0.252148$ & $0.684221$ & $0.13625$ & $0.031701$ & $0.0315826$ & $0.0306083$ & $-0.054978$ & $0.046934$ & $1$ & $0.0280583$ & $-0.0201303$ & $0.00218234$ & $0.0127439$ & $0.0123116$ & $0.0226045$ & $0.00873007$ & $-0.0320523$ & $-0.0212866$ & $0.0102546$ & $0.0418041$ & $-0.0102913$ & $-0.00532754$ & $0.0160834$ & $0.0184073$ \\
eHggint & $-0.130755$ & $-0.0451156$ & $-0.0112738$ & $0.101133$ & $0.0184522$ & $-0.0308658$ & $-0.00537121$ & $0.00783009$ & $-0.00311429$ & $0.0320138$ & $0.0227557$ & $0.118862$ & $0.0464715$ & $-0.0633571$ & $-0.0239287$ & $-0.0438172$ & $-0.0401034$ & $-0.0438248$ & $-0.0258637$ & $-0.02993$ & $-0.0172525$ & $-0.0195533$ & $-0.0201322$ & $-0.0288695$ & $-0.0150333$ & $0.0349314$ & $0.0397135$ & $0.012402$ & $-0.0163591$ & $-0.0214276$ & $-0.0521224$ & $0.0848222$ & $0.0266056$ & $0.0280583$ & $1$ & $0.0423219$ & $-0.0153823$ & $-0.00203298$ & $-0.100615$ & $-0.0227676$ & $0.266027$ & $-0.043034$ & $0.110509$ & $-0.00106415$ & $-0.0331408$ & $-0.1185$ & $-0.119568$ & $0.0668594$ & $0.066148$ \\
eHggpar & $-0.0696866$ & $-0.0303641$ & $0.156608$ & $0.130618$ & $0.00197257$ & $-0.0260034$ & $-0.076744$ & $0.00538883$ & $-0.0171314$ & $0.017539$ & $-0.0138123$ & $0.0404801$ & $0.0164132$ & $0.0233254$ & $0.0302883$ & $-0.000609838$ & $0.0217216$ & $-0.0013931$ & $0.0270084$ & $0.0118074$ & $0.0116966$ & $0.0178502$ & $0.0139905$ & $0.0319714$ & $0.0116109$ & $-0.0228681$ & $-0.00743369$ & $0.0303316$ & $-0.0530675$ & $-0.0465338$ & $-0.0810797$ & $-0.0313939$ & $-0.0203739$ & $-0.0201303$ & $0.0423219$ & $1$ & $0.103052$ & $0.0190697$ & $-0.255176$ & $-0.0246572$ & $0.144107$ & $-0.0284213$ & $-0.0702734$ & $-0.0488422$ & $-0.112388$ & $-0.159089$ & $-0.157804$ & $-0.0874598$ & $0.0571371$ \\
eHWWint & $0.101828$ & $-0.0268155$ & $0.226403$ & $-0.0579834$ & $0.015528$ & $0.0019411$ & $0.0186966$ & $0.0195296$ & $-0.00404965$ & $-0.033174$ & $-0.00925645$ & $-0.0119013$ & $0.0066494$ & $-0.00856055$ & $0.0104866$ & $0.0119744$ & $-0.0210305$ & $-0.0243839$ & $-0.0145266$ & $0.0112111$ & $0.0100219$ & $0.0184$ & $0.0284242$ & $-0.0166216$ & $-0.0138578$ & $-0.0297694$ & $0.0215786$ & $0.0284766$ & $0.023467$ & $-0.169664$ & $-0.105129$ & $-0.0151286$ & $-0.212541$ & $0.00218234$ & $-0.0153823$ & $0.103052$ & $1$ & $0.00720118$ & $0.103527$ & $0.0257394$ & $0.0833388$ & $0.00651227$ & $-0.131114$ & $-0.101768$ & $-0.00964501$ & $-0.0165255$ & $-0.0485775$ & $-0.0872932$ & $-0.0465856$ \\
eHWWpar & $-0.0296396$ & $0.00526026$ & $0.00899768$ & $0.0248267$ & $0.0273095$ & $-0.0168005$ & $-0.0166941$ & $0.0113437$ & $0.00937135$ & $-0.00664534$ & $-0.0195902$ & $-0.00970781$ & $0.00140688$ & $0.0292403$ & $-0.00482744$ & $-0.023841$ & $0.0164238$ & $0.0213475$ & $0.030348$ & $0.0184639$ & $0.0218319$ & $0.0208583$ & $-0.0212375$ & $-0.00561202$ & $0.0125576$ & $-0.00949144$ & $-0.00235585$ & $0.00921859$ & $-0.0155946$ & $-0.00541641$ & $0.0148396$ & $-0.0268891$ & $-0.032514$ & $0.0127439$ & $-0.00203298$ & $0.0190697$ & $0.00720118$ & $1$ & $0.00263286$ & $0.0124114$ & $0.00684155$ & $0.00303613$ & $-0.0240201$ & $0.0233408$ & $-0.0457322$ & $0.00149628$ & $0.0127432$ & $-0.00446554$ & $-0.0497825$ \\
eHZZint & $0.104632$ & $-0.0799399$ & $-0.0417713$ & $-0.0784844$ & $-0.0147062$ & $-0.00847865$ & $-0.0241292$ & $0.0291128$ & $0.0292104$ & $-0.0307361$ & $-0.025742$ & $-0.0484655$ & $-0.0176602$ & $0.00668391$ & $0.00376248$ & $-0.00207566$ & $-0.0112586$ & $-0.00701054$ & $-0.00523163$ & $0.0238742$ & $0.0232859$ & $0.0235166$ & $-0.0162962$ & $-0.0349994$ & $-0.0088981$ & $0.00810319$ & $0.0217638$ & $-0.0185202$ & $-0.000817409$ & $-0.0546296$ & $0.0101016$ & $-0.0458219$ & $-0.0462671$ & $0.0123116$ & $-0.100615$ & $-0.255176$ & $0.103527$ & $0.00263286$ & $1$ & $0.0552833$ & $-0.0668598$ & $0.0195945$ & $0.00109396$ & $-0.0293712$ & $-0.0865622$ & $0.159612$ & $0.0743253$ & $-0.018668$ & $-0.0413091$ \\
eHZZpar & $0.0100377$ & $0.000419739$ & $-0.0181773$ & $0.0254497$ & $0.0367798$ & $-0.00980191$ & $0.0130755$ & $0.0132914$ & $0.0188715$ & $-0.00828616$ & $-0.00530981$ & $-0.00592641$ & $0.000241501$ & $-0.00481087$ & $-0.0157025$ & $0.00350563$ & $-0.0195842$ & $-0.00302533$ & $-0.0165538$ & $0.0030156$ & $0.00493445$ & $0.00915813$ & $-0.0121065$ & $-0.0246682$ & $-0.0103461$ & $0.014976$ & $0.0172004$ & $-0.00914506$ & $-0.0185411$ & $0.000254839$ & $-0.00173972$ & $0.00780839$ & $-0.0138455$ & $0.0226045$ & $-0.0227676$ & $-0.0246572$ & $0.0257394$ & $0.0124114$ & $0.0552833$ & $1$ & $-0.0351629$ & $0.017045$ & $0.0295492$ & $-0.00388133$ & $0.00536823$ & $0.0231575$ & $0.0338257$ & $-0.0354286$ & $-0.00612916$ \\
eHZgaint & $-0.00357596$ & $0.100368$ & $0.091062$ & $0.0769809$ & $-0.0233424$ & $-0.0304488$ & $-0.0475209$ & $-0.0209374$ & $-0.0235797$ & $-0.0175956$ & $0.0284756$ & $0.0266468$ & $0.013137$ & $-0.0255468$ & $-0.0236102$ & $-0.0323745$ & $-0.012505$ & $-0.00366758$ & $0.0034571$ & $-0.028613$ & $-0.0235476$ & $-0.0295258$ & $0.0196733$ & $-0.000779369$ & $2.45762e-05$ & $0.00278447$ & $0.0166267$ & $-0.000488907$ & $-0.0211096$ & $-0.00437794$ & $-0.0576285$ & $-0.0188784$ & $0.0401698$ & $0.00873007$ & $0.266027$ & $0.144107$ & $0.0833388$ & $0.00684155$ & $-0.0668598$ & $-0.0351629$ & $1$ & $-0.00694767$ & $0.0363876$ & $0.0586591$ & $-0.062844$ & $-0.132339$ & $-0.0661723$ & $0.12262$ & $0.0891605$ \\
eHZgapar & $-0.0779936$ & $-0.0111576$ & $-0.0405286$ & $-0.0276804$ & $0.0115572$ & $0.0110409$ & $-0.00895851$ & $0.00993068$ & $0.00852733$ & $0.00465353$ & $-0.0120598$ & $0.00180903$ & $-0.00270893$ & $0.00607529$ & $0.0427818$ & $0.00912596$ & $0.000915784$ & $-0.0266885$ & $-0.000536477$ & $0.0162637$ & $0.00788086$ & $0.00656679$ & $0.00553468$ & $0.000633103$ & $-0.00129544$ & $-0.0240448$ & $-0.0213005$ & $0.00332905$ & $0.00913143$ & $-0.00631809$ & $0.00230222$ & $-0.0204637$ & $-0.0117688$ & $-0.0320523$ & $-0.043034$ & $-0.0284213$ & $0.00651227$ & $0.00303613$ & $0.0195945$ & $0.017045$ & $-0.00694767$ & $1$ & $-0.000679175$ & $0.0139191$ & $0.0289873$ & $0.017737$ & $0.0197016$ & $0.0342146$ & $-0.00853228$ \\
eHgagaint & $-0.0689152$ & $-0.0570504$ & $0.12786$ & $-0.0626721$ & $0.0117171$ & $0.0301353$ & $0.0015228$ & $-0.00618402$ & $0.0585141$ & $0.0113553$ & $0.0030551$ & $0.0201196$ & $0.00862155$ & $0.00465962$ & $0.0181251$ & $0.00492492$ & $0.0112169$ & $-0.000145173$ & $0.0106495$ & $7.58355e-05$ & $-0.00339136$ & $-0.00388329$ & $-0.000796629$ & $0.0141895$ & $-0.00265988$ & $-0.00340271$ & $-0.0326124$ & $-0.0156108$ & $0.0116552$ & $-0.0214825$ & $-0.0171985$ & $-0.000817845$ & $0.041166$ & $-0.0212866$ & $0.110509$ & $-0.0702734$ & $-0.131114$ & $-0.0240201$ & $0.00109396$ & $0.0295492$ & $0.0363876$ & $-0.000679175$ & $1$ & $-0.0635445$ & $-0.0223869$ & $0.0163214$ & $0.0281223$ & $0.0633695$ & $0.0815063$ \\
eHmumuint & $-0.036904$ & $0.153916$ & $-0.0521645$ & $0.0542399$ & $-0.00756997$ & $-0.026347$ & $0.0196894$ & $-0.0220231$ & $-0.019131$ & $0.0108342$ & $0.0188861$ & $0.0121555$ & $-0.00239756$ & $-0.0206964$ & $-0.0152857$ & $0.0279657$ & $0.0104371$ & $0.0121248$ & $-0.027346$ & $-0.0123701$ & $-0.0155719$ & $-0.0225357$ & $-0.0459079$ & $0.0312401$ & $0.000974254$ & $0.0553232$ & $-0.00775657$ & $-0.00939667$ & $-0.0128471$ & $-0.000397446$ & $0.022957$ & $0.0178785$ & $0.000891874$ & $0.0102546$ & $-0.00106415$ & $-0.0488422$ & $-0.101768$ & $0.0233408$ & $-0.0293712$ & $-0.00388133$ & $0.0586591$ & $0.0139191$ & $-0.0635445$ & $1$ & $-0.0032943$ & $-0.0264332$ & $0.100677$ & $-0.0779055$ & $0.0289658$ \\
eHtautauint & $0.0960527$ & $0.0890287$ & $0.0425208$ & $-0.000836379$ & $0.01958$ & $-0.0161739$ & $-0.00971056$ & $0.00754577$ & $0.00703318$ & $-0.000844088$ & $0.00484357$ & $-0.00572326$ & $0.00117819$ & $-0.0305336$ & $-0.0296034$ & $0.0316474$ & $-0.0197895$ & $-0.00293716$ & $-0.0523964$ & $-0.00357751$ & $-0.0026185$ & $-0.00566713$ & $0.0420117$ & $-0.0298603$ & $-0.0350811$ & $-0.0330917$ & $0.000442339$ & $0.0252361$ & $-0.00733632$ & $0.0661361$ & $0.0439857$ & $-0.00565263$ & $-0.0144093$ & $0.0418041$ & $-0.0331408$ & $-0.112388$ & $-0.00964501$ & $-0.0457322$ & $-0.0865622$ & $0.00536823$ & $-0.062844$ & $0.0289873$ & $-0.0223869$ & $-0.0032943$ & $1$ & $-0.00527253$ & $0.106513$ & $-0.000107583$ & $-0.0127953$ \\
eHccint & $-0.00628151$ & $0.0605654$ & $-0.0526712$ & $-0.107278$ & $-0.0166172$ & $0.0128187$ & $-0.0195217$ & $0.0241957$ & $0.0269496$ & $0.0111277$ & $-0.0362325$ & $-0.0257583$ & $-0.0112932$ & $0.0396918$ & $0.0295979$ & $0.0173416$ & $0.0109613$ & $-0.00105652$ & $0.00942898$ & $0.0385015$ & $0.0369132$ & $0.0297079$ & $-0.0167523$ & $-0.00988193$ & $0.0240387$ & $0.00168954$ & $0.0140371$ & $0.00738954$ & $0.0308937$ & $-0.0281172$ & $0.0826463$ & $-0.0474322$ & $-0.0944223$ & $-0.0102913$ & $-0.1185$ & $-0.159089$ & $-0.0165255$ & $0.00149628$ & $0.159612$ & $0.0231575$ & $-0.132339$ & $0.017737$ & $0.0163214$ & $-0.0264332$ & $-0.00527253$ & $1$ & $0.111192$ & $-0.0307245$ & $-0.151428$ \\
eHccpar & $0.0100741$ & $0.0827097$ & $-0.0412845$ & $-0.0677657$ & $-0.00993635$ & $0.0187611$ & $-0.0145511$ & $-0.00929462$ & $-0.00737661$ & $0.0158312$ & $0.000572321$ & $-0.00329263$ & $-0.00152313$ & $0.00519792$ & $7.7752e-05$ & $0.0171767$ & $0.0108239$ & $0.0135059$ & $0.00571991$ & $0.00594511$ & $-0.000693985$ & $0.00120481$ & $0.0291424$ & $0.0158386$ & $0.00811145$ & $-0.0242876$ & $-0.00796549$ & $-0.00389775$ & $0.0295997$ & $0.0073904$ & $0.356279$ & $-0.0380611$ & $0.0126781$ & $-0.00532754$ & $-0.119568$ & $-0.157804$ & $-0.0485775$ & $0.0127432$ & $0.0743253$ & $0.0338257$ & $-0.0661723$ & $0.0197016$ & $0.0281223$ & $0.100677$ & $0.106513$ & $0.111192$ & $1$ & $0.0394272$ & $0.0146851$ \\
eHbbint & $0.0293543$ & $0.0121443$ & $0.0616585$ & $0.00165248$ & $0.022846$ & $-0.0103293$ & $-0.0385751$ & $-0.0344869$ & $-0.0316575$ & $-0.0228799$ & $0.0538492$ & $-0.0224526$ & $-0.0195305$ & $-0.0588727$ & $-0.0462827$ & $-0.0243638$ & $-0.0279149$ & $-0.00669636$ & $-0.0271158$ & $-0.0561061$ & $-0.0492821$ & $-0.0548457$ & $0.0355462$ & $0.00235874$ & $-0.0164526$ & $0.0117022$ & $0.0137653$ & $0.0199743$ & $0.0183369$ & $0.00140093$ & $0.0414451$ & $-0.0411949$ & $0.147165$ & $0.0160834$ & $0.0668594$ & $-0.0874598$ & $-0.0872932$ & $-0.00446554$ & $-0.018668$ & $-0.0354286$ & $0.12262$ & $0.0342146$ & $0.0633695$ & $-0.0779055$ & $-0.000107583$ & $-0.0307245$ & $0.0394272$ & $1$ & $-0.0251958$ \\
eHbbpar & $-0.0659541$ & $0.0397714$ & $0.00944167$ & $0.0746485$ & $-0.0213163$ & $-0.003424$ & $-0.0103148$ & $0.00367302$ & $0.00538082$ & $-0.0205789$ & $0.0115696$ & $0.0130678$ & $0.011235$ & $-0.0370021$ & $-0.0152892$ & $-0.00179146$ & $-0.0297963$ & $-0.0198635$ & $-0.0364586$ & $-0.0104127$ & $-0.0102561$ & $-0.0183371$ & $-0.0178439$ & $-0.0245412$ & $-0.0222645$ & $0.00747732$ & $-0.00183642$ & $-0.031483$ & $-0.00821343$ & $0.00170034$ & $-0.0269069$ & $0.00829287$ & $0.473131$ & $0.0184073$ & $0.066148$ & $0.0571371$ & $-0.0465856$ & $-0.0497825$ & $-0.0413091$ & $-0.00612916$ & $0.0891605$ & $-0.00853228$ & $0.0815063$ & $0.0289658$ & $-0.0127953$ & $-0.151428$ & $0.0146851$ & $-0.0251958$ & $1$ \\
