 & AlsMz & dAle5Mz & mtop & mHl & Mz & CW & CHG & CHWB & CHWHB_gaga & CHWHB_gagaorth & CHD & CH & CHL1_11 & CHL1_22 & CHL1_33 & CHL3_11 & CHL3_22 & CHL3_33 & CHe_11 & CHe_22 & CHe_33 & CHQ1_11 & CHQ1_33 & CHQ3_11 & CHu_11 & CHd_11 & CHd_33 & CeH_22r & CeH_33r & CuH_22r & CuH_33r & CdH_33r & CLL_1221 & eHggint & eHggpar & eHWWint & eHWWpar & eHZZint & eHZZpar & eHZgaint & eHZgapar & eHgagaint & eHmumuint & eHtautauint & eHccint & eHccpar & eHbbint & eHbbpar \\
AlsMz & $1$ & $-0.177498$ & $-0.261351$ & $-0.0615029$ & $0.0451611$ & $0.0126403$ & $0.00474798$ & $0.0159085$ & $0.007601$ & $0.0281186$ & $-0.0232134$ & $-0.0103758$ & $0.0127796$ & $-0.0146321$ & $-0.0465852$ & $0.00896515$ & $0.0112515$ & $0.0342594$ & $0.00653718$ & $0.0174432$ & $0.00922546$ & $0.0114227$ & $-0.04766$ & $-0.0700084$ & $-0.0407876$ & $0.0139555$ & $0.0254462$ & $-0.014928$ & $-0.0685897$ & $-0.0970789$ & $0.00466033$ & $-0.060435$ & $0.0131684$ & $0.179235$ & $-0.11985$ & $0.140015$ & $0.0554921$ & $-0.0023724$ & $-0.0139028$ & $0.296565$ & $-0.0500307$ & $-0.0210926$ & $0.0908283$ & $0.0342194$ & $0.0646824$ & $-0.200747$ & $0.0344233$ & $-0.0167887$ \\
dAle5Mz & $-0.177498$ & $1$ & $0.102477$ & $-0.141037$ & $-0.00710316$ & $-0.0287342$ & $0.0570382$ & $-0.0866103$ & $-0.0770639$ & $0.00802999$ & $0.0789493$ & $0.016186$ & $-0.0489686$ & $-0.00535828$ & $0.0358897$ & $0.00291572$ & $-0.00237065$ & $-0.034933$ & $-0.051879$ & $-0.0617616$ & $-0.0551532$ & $0.016943$ & $0.0411772$ & $0.0103477$ & $0.0104395$ & $-0.0346126$ & $-0.0378599$ & $0.0383767$ & $0.0543107$ & $0.0110321$ & $0.060542$ & $0.0568098$ & $-0.00446414$ & $-0.0559086$ & $-0.166049$ & $-0.169401$ & $0.0176256$ & $-0.267097$ & $-0.0121585$ & $0.0756972$ & $0.0453159$ & $0.0137042$ & $0.0112502$ & $0.129041$ & $0.104041$ & $0.0114767$ & $-0.0885814$ & $0.0452243$ \\
mtop & $-0.261351$ & $0.102477$ & $1$ & $-0.0413657$ & $0.0166766$ & $-0.0201516$ & $-0.000619489$ & $0.0368747$ & $0.0363934$ & $-0.00702053$ & $-0.0274852$ & $0.00855819$ & $-0.00384818$ & $0.0198911$ & $-0.00191271$ & $0.00126597$ & $-0.0180181$ & $-0.00234758$ & $0.0390168$ & $0.0386968$ & $0.034945$ & $0.00575403$ & $-0.00551131$ & $0.000808699$ & $-0.0116102$ & $0.014592$ & $0.0040748$ & $0.0368629$ & $0.036905$ & $-0.0369807$ & $0.00315169$ & $0.0475119$ & $0.0234829$ & $-0.0139418$ & $-0.0926447$ & $-0.1254$ & $-0.0124122$ & $0.0997536$ & $0.00238194$ & $-0.161237$ & $0.0510364$ & $-0.0522226$ & $-0.0270487$ & $-0.00879882$ & $-0.102052$ & $-0.172355$ & $0.132174$ & $0.0122683$ \\
mHl & $-0.0615029$ & $-0.141037$ & $-0.0413657$ & $1$ & $-0.0109819$ & $0.00213475$ & $-0.0584936$ & $-0.0152429$ & $-0.022022$ & $0.0362207$ & $0.00581965$ & $0.0166387$ & $0.015405$ & $0.00506839$ & $-0.0288215$ & $0.0214786$ & $0.013521$ & $0.0351037$ & $-0.0094646$ & $-0.0070689$ & $-0.00850341$ & $-0.0324965$ & $0.0202736$ & $0.00831426$ & $0.0182106$ & $-0.0354588$ & $0.0240682$ & $-0.0208101$ & $-0.0297578$ & $0.0513125$ & $-0.0615282$ & $-0.0906394$ & $-0.0266637$ & $0.12605$ & $0.0934672$ & $0.253164$ & $0.0224865$ & $-0.00670931$ & $-0.0378981$ & $0.0747067$ & $0.0120291$ & $0.0333368$ & $-0.128046$ & $-0.028823$ & $-0.0298861$ & $0.194306$ & $-0.0603175$ & $-0.102501$ \\
Mz & $0.0451611$ & $-0.00710316$ & $0.0166766$ & $-0.0109819$ & $1$ & $0.0293948$ & $0.0161082$ & $-0.0112286$ & $-0.00959444$ & $-0.00315024$ & $0.0357675$ & $0.0173633$ & $-0.0338601$ & $0.000939556$ & $-0.0257627$ & $-0.0226173$ & $-0.0288472$ & $-0.0105354$ & $-0.0269331$ & $-0.0241338$ & $-0.0267825$ & $-0.0165515$ & $-0.0247124$ & $-0.0307893$ & $0.0155377$ & $-0.0138938$ & $0.000749358$ & $-0.00176232$ & $0.0108605$ & $-0.00493409$ & $0.016438$ & $0.0066162$ & $-0.00782569$ & $0.0586412$ & $0.0104531$ & $0.00844227$ & $0.0217142$ & $0.0367778$ & $-0.0229127$ & $-0.0207255$ & $0.000436908$ & $-0.0303588$ & $-0.00838443$ & $0.00746149$ & $0.0020457$ & $-0.0594489$ & $0.0233523$ & $0.00726917$ \\
CW & $0.0126403$ & $-0.0287342$ & $-0.0201516$ & $0.00213475$ & $0.0293948$ & $1$ & $-0.0057983$ & $-0.125713$ & $-0.118631$ & $0.0047173$ & $0.178029$ & $0.0291374$ & $0.0351552$ & $-0.0798739$ & $-0.0738463$ & $-0.239214$ & $-0.0332891$ & $-0.0437878$ & $-0.175738$ & $-0.182076$ & $-0.183247$ & $-0.000224015$ & $0.00727679$ & $-0.075852$ & $0.0895396$ & $-0.0825266$ & $-0.0582586$ & $-0.0283558$ & $0.000194115$ & $-0.00949864$ & $-0.00599616$ & $0.0010062$ & $-0.118515$ & $0.0179416$ & $-0.020238$ & $0.0296662$ & $0.0145799$ & $0.00659292$ & $-0.00101854$ & $0.00262667$ & $0.00171755$ & $0.00797899$ & $0.000945485$ & $-0.00698118$ & $0.0179356$ & $-0.0264652$ & $0.0129687$ & $0.0136561$ \\
CHG & $0.00474798$ & $0.0570382$ & $-0.000619489$ & $-0.0584936$ & $0.0161082$ & $-0.0057983$ & $1$ & $-0.0677176$ & $-0.0137927$ & $0.0190717$ & $0.0296793$ & $-0.272983$ & $0.0534412$ & $-0.0204266$ & $-0.0262655$ & $0.0769637$ & $0.0821286$ & $0.0843219$ & $-0.0284251$ & $-0.0297852$ & $-0.0281624$ & $0.000852434$ & $0.0890043$ & $0.0994213$ & $0.0184185$ & $0.0114794$ & $-0.00986734$ & $0.013987$ & $-0.10925$ & $-0.0653278$ & $0.935026$ & $-0.138733$ & $-0.0309162$ & $-0.0598837$ & $-0.00155281$ & $0.00326028$ & $0.0254458$ & $-0.0136464$ & $-0.00654637$ & $0.0388563$ & $0.00384223$ & $0.0206298$ & $-0.0313679$ & $0.0280259$ & $0.013335$ & $0.0128664$ & $0.0235084$ & $-0.00177795$ \\
CHWB & $0.0159085$ & $-0.0866103$ & $0.0368747$ & $-0.0152429$ & $-0.0112286$ & $-0.125713$ & $-0.0677176$ & $1$ & $0.982566$ & $-0.487028$ & $-0.874048$ & $0.236194$ & $0.088414$ & $0.289018$ & $0.289115$ & $-0.243042$ & $-0.42652$ & $-0.42602$ & $0.845575$ & $0.89217$ & $0.871356$ & $0.0554964$ & $-0.664587$ & $-0.397728$ & $-0.487831$ & $0.41405$ & $0.283701$ & $-0.00733381$ & $0.131909$ & $0.0304709$ & $-0.0408974$ & $0.0937291$ & $0.542764$ & $0.018322$ & $0.0154092$ & $0.00836532$ & $0.0235443$ & $0.0164469$ & $0.0260785$ & $-0.0161414$ & $-0.00151696$ & $-0.00653576$ & $0.0358879$ & $-0.0299109$ & $-0.0319983$ & $-0.0131309$ & $0.00490998$ & $-0.0862054$ \\
CHWHB_gaga & $0.007601$ & $-0.0770639$ & $0.0363934$ & $-0.022022$ & $-0.00959444$ & $-0.118631$ & $-0.0137927$ & $0.982566$ & $1$ & $-0.490918$ & $-0.856943$ & $0.237944$ & $0.0819133$ & $0.28473$ & $0.283086$ & $-0.242872$ & $-0.423364$ & $-0.421553$ & $0.829627$ & $0.874986$ & $0.854758$ & $0.0570112$ & $-0.653701$ & $-0.390162$ & $-0.482578$ & $0.410554$ & $0.278159$ & $0.00180014$ & $0.152033$ & $0.0458727$ & $0.00380118$ & $0.121473$ & $0.532701$ & $-0.0048172$ & $0.00355888$ & $-0.00727857$ & $0.0227302$ & $0.0239355$ & $0.0184751$ & $-0.0156486$ & $-0.00194061$ & $0.0481289$ & $0.0266736$ & $-0.0427977$ & $-0.0213197$ & $-0.010754$ & $0.00720977$ & $-0.0787377$ \\
CHWHB_gagaorth & $0.0281186$ & $0.00802999$ & $-0.00702053$ & $0.0362207$ & $-0.00315024$ & $0.0047173$ & $0.0190717$ & $-0.487028$ & $-0.490918$ & $1$ & $0.217344$ & $-0.0807389$ & $0.361529$ & $-0.135799$ & $-0.1341$ & $0.544973$ & $0.577165$ & $0.577501$ & $-0.220645$ & $-0.228586$ & $-0.22333$ & $-0.0395373$ & $0.546777$ & $0.561003$ & $0.132462$ & $-0.151011$ & $-0.0713643$ & $-0.0321791$ & $-0.29115$ & $-0.0933248$ & $-0.023226$ & $-0.3088$ & $-0.254659$ & $-0.000804968$ & $0.000209982$ & $0.0258021$ & $0.00734303$ & $-0.00783585$ & $-0.0218259$ & $-0.00535778$ & $-0.00658553$ & $-0.0125279$ & $0.00635866$ & $0.0136804$ & $0.00396077$ & $0.0172406$ & $-0.0243663$ & $0.019757$ \\
CHD & $-0.0232134$ & $0.0789493$ & $-0.0274852$ & $0.00581965$ & $0.0357675$ & $0.178029$ & $0.0296793$ & $-0.874048$ & $-0.856943$ & $0.217344$ & $1$ & $-0.0566563$ & $-0.511161$ & $-0.412697$ & $-0.407355$ & $-0.222731$ & $0.0552577$ & $0.0502158$ & $-0.989953$ & $-0.991136$ & $-0.967831$ & $0.0110228$ & $0.290398$ & $0.00668183$ & $0.535424$ & $-0.281145$ & $-0.310457$ & $0.0222464$ & $-0.079938$ & $-0.00245504$ & $0.0175208$ & $-0.0512378$ & $-0.342978$ & $-0.0103765$ & $-0.0144305$ & $-0.0027576$ & $-0.0283508$ & $-0.00639589$ & $-0.0313621$ & $0.00603234$ & $-0.00331551$ & $0.022678$ & $-0.0313518$ & $0.027724$ & $0.0315474$ & $0.0150264$ & $0.0140484$ & $0.0684004$ \\
CH & $-0.0103758$ & $0.016186$ & $0.00855819$ & $0.0166387$ & $0.0173633$ & $0.0291374$ & $-0.272983$ & $0.236194$ & $0.237944$ & $-0.0807389$ & $-0.0566563$ & $1$ & $-0.279273$ & $0.0257937$ & $0.040172$ & $-0.352209$ & $-0.343414$ & $-0.350868$ & $0.0589719$ & $0.0672272$ & $0.0689814$ & $0.027256$ & $-0.335877$ & $-0.340148$ & $-0.0434516$ & $0.0923487$ & $-0.000162372$ & $0.0282627$ & $0.288629$ & $0.109284$ & $-0.203225$ & $0.333943$ & $0.157619$ & $0.0592104$ & $0.0107466$ & $-0.00413636$ & $-0.00384389$ & $0.00354849$ & $0.0147237$ & $0.0124105$ & $0.0160614$ & $0.0228783$ & $0.00397331$ & $-0.0123134$ & $-0.0165789$ & $0.0286303$ & $0.00683604$ & $-0.020157$ \\
CHL1_11 & $0.0127796$ & $-0.0489686$ & $-0.00384818$ & $0.015405$ & $-0.0338601$ & $0.0351552$ & $0.0534412$ & $0.088414$ & $0.0819133$ & $0.361529$ & $-0.511161$ & $-0.279273$ & $1$ & $0.258823$ & $0.251181$ & $0.656392$ & $0.598203$ & $0.601676$ & $0.526523$ & $0.47147$ & $0.457776$ & $-0.0891105$ & $0.476642$ & $0.603814$ & $-0.253324$ & $-0.0999841$ & $0.137078$ & $-0.035052$ & $-0.0557299$ & $-0.0568878$ & $0.03162$ & $-0.0564604$ & $-0.21967$ & $0.000151044$ & $0.0168172$ & $0.000766606$ & $0.0242977$ & $-0.00221436$ & $0.0175146$ & $0.0134633$ & $0.00634803$ & $-0.0390719$ & $-0.0089008$ & $-0.0351043$ & $0.00107133$ & $-0.0164698$ & $-0.0323767$ & $0.0110863$ \\
CHL1_22 & $-0.0146321$ & $-0.00535828$ & $0.0198911$ & $0.00506839$ & $0.000939556$ & $-0.0798739$ & $-0.0204266$ & $0.289018$ & $0.28473$ & $-0.135799$ & $-0.412697$ & $0.0257937$ & $0.258823$ & $1$ & $0.416261$ & $0.170005$ & $-0.460995$ & $-0.0113301$ & $0.478273$ & $0.329722$ & $0.322175$ & $-0.203939$ & $0.125366$ & $-0.118573$ & $-0.165289$ & $-0.387426$ & $0.107871$ & $-0.0135377$ & $0.0236135$ & $-0.00370522$ & $-0.013572$ & $0.0473431$ & $-0.617085$ & $0.00773549$ & $-0.00976095$ & $-0.0292779$ & $0.0132564$ & $0.0293603$ & $0.0410673$ & $-0.0207366$ & $0.0153195$ & $0.00569789$ & $-0.0282434$ & $-0.00718038$ & $-0.0124606$ & $-0.00977378$ & $0.00538481$ & $0.0150785$ \\
CHL1_33 & $-0.0465852$ & $0.0358897$ & $-0.00191271$ & $-0.0288215$ & $-0.0257627$ & $-0.0738463$ & $-0.0262655$ & $0.289115$ & $0.283086$ & $-0.1341$ & $-0.407355$ & $0.040172$ & $0.251181$ & $0.416261$ & $1$ & $0.157766$ & $-0.0207529$ & $-0.439098$ & $0.4723$ & $0.329768$ & $0.346686$ & $-0.174877$ & $0.106152$ & $-0.110906$ & $-0.185332$ & $-0.368891$ & $0.104099$ & $-0.0275853$ & $0.0264985$ & $-0.00304121$ & $-0.0298812$ & $0.0427399$ & $-0.086592$ & $0.0176615$ & $0.00832922$ & $-0.0167284$ & $-0.00627399$ & $-0.0475198$ & $0.0299082$ & $0.0339275$ & $0.0290545$ & $0.0340351$ & $0.0139047$ & $-0.0107001$ & $-0.012463$ & $-0.00999205$ & $0.00150829$ & $0.0159751$ \\
CHL3_11 & $0.00896515$ & $0.00291572$ & $0.00126597$ & $0.0214786$ & $-0.0226173$ & $-0.239214$ & $0.0769637$ & $-0.243042$ & $-0.242872$ & $0.544973$ & $-0.222731$ & $-0.352209$ & $0.656392$ & $0.170005$ & $0.157766$ & $1$ & $0.723931$ & $0.735911$ & $0.243864$ & $0.189054$ & $0.184303$ & $-0.0985546$ & $0.681893$ & $0.776421$ & $-0.0853832$ & $-0.162733$ & $0.0625207$ & $-0.0228283$ & $-0.103245$ & $-0.0410762$ & $0.0498002$ & $-0.0905278$ & $-0.254651$ & $-0.0267527$ & $0.0026059$ & $-0.00671312$ & $0.00602691$ & $-0.00800436$ & $0.00342637$ & $0.00249978$ & $0.00281865$ & $-0.0417623$ & $0.00544201$ & $0.026314$ & $-0.0199103$ & $0.00948314$ & $-0.036924$ & $0.0201103$ \\
CHL3_22 & $0.0112515$ & $-0.00237065$ & $-0.0180181$ & $0.013521$ & $-0.0288472$ & $-0.0332891$ & $0.0821286$ & $-0.42652$ & $-0.423364$ & $0.577165$ & $0.0552577$ & $-0.343414$ & $0.598203$ & $-0.460995$ & $-0.0207529$ & $0.723931$ & $1$ & $0.659202$ & $-0.0609701$ & $-0.0494255$ & $-0.0468395$ & $0.0107553$ & $0.601551$ & $0.784725$ & $0.0284106$ & $0.00258109$ & $-0.0257878$ & $-0.0189624$ & $-0.11141$ & $-0.0491792$ & $0.0492002$ & $-0.109506$ & $0.0639667$ & $-0.0173577$ & $0.0112012$ & $0.0112731$ & $-0.000436005$ & $-0.0334208$ & $-0.0179314$ & $0.0263093$ & $0.00016056$ & $-0.0326444$ & $0.011621$ & $0.00402686$ & $0.00461877$ & $-0.000182492$ & $-0.0345637$ & $0.0248866$ \\
CHL3_33 & $0.0342594$ & $-0.034933$ & $-0.00234758$ & $0.0351037$ & $-0.0105354$ & $-0.0437878$ & $0.0843219$ & $-0.42602$ & $-0.421553$ & $0.577501$ & $0.0502158$ & $-0.350868$ & $0.601676$ & $-0.0113301$ & $-0.439098$ & $0.735911$ & $0.659202$ & $1$ & $-0.0549472$ & $-0.0475314$ & $-0.0408361$ & $-0.0129848$ & $0.616893$ & $0.784335$ & $0.047772$ & $-0.00613478$ & $-0.0193238$ & $-0.00562537$ & $-0.111506$ & $-0.0503241$ & $0.0608645$ & $-0.103309$ & $-0.345819$ & $-0.0220629$ & $-0.00284759$ & $-0.00348005$ & $0.00732583$ & $0.01904$ & $-0.00992629$ & $-0.00953063$ & $-0.01146$ & $-0.0478396$ & $-0.0204615$ & $0.00744588$ & $0.000466496$ & $0.00352021$ & $-0.0301183$ & $0.0230136$ \\
CHe_11 & $0.00653718$ & $-0.051879$ & $0.0390168$ & $-0.0094646$ & $-0.0269331$ & $-0.175738$ & $-0.0284251$ & $0.845575$ & $0.829627$ & $-0.220645$ & $-0.989953$ & $0.0589719$ & $0.526523$ & $0.478273$ & $0.4723$ & $0.243864$ & $-0.0609701$ & $-0.0549472$ & $1$ & $0.972444$ & $0.950258$ & $-0.0391989$ & $-0.237474$ & $-0.000297025$ & $-0.523737$ & $0.207027$ & $0.300506$ & $-0.0226746$ & $0.0788126$ & $0.000848054$ & $-0.0171113$ & $0.0563991$ & $0.26427$ & $0.0119564$ & $0.00786348$ & $-0.00697939$ & $0.0278748$ & $-0.0022423$ & $0.0335351$ & $-0.0056955$ & $0.00922179$ & $-0.0186015$ & $0.0286167$ & $-0.0260574$ & $-0.029495$ & $-0.0189044$ & $-0.0131671$ & $-0.0594477$ \\
CHe_22 & $0.0174432$ & $-0.0617616$ & $0.0386968$ & $-0.0070689$ & $-0.0241338$ & $-0.182076$ & $-0.0297852$ & $0.89217$ & $0.874986$ & $-0.228586$ & $-0.991136$ & $0.0672272$ & $0.47147$ & $0.329722$ & $0.329768$ & $0.189054$ & $-0.0494255$ & $-0.0475314$ & $0.972444$ & $1$ & $0.972923$ & $0.0202515$ & $-0.346258$ & $-0.0146307$ & $-0.54027$ & $0.360012$ & $0.314303$ & $-0.0176035$ & $0.087241$ & $0.00485825$ & $-0.0157759$ & $0.0525542$ & $0.429732$ & $0.00951691$ & $0.0121941$ & $0.00208401$ & $0.0269516$ & $0.00217966$ & $0.0272649$ & $-0.00594088$ & $-0.000875745$ & $-0.0252091$ & $0.0357533$ & $-0.0257017$ & $-0.0316405$ & $-0.0136144$ & $-0.0158711$ & $-0.0748735$ \\
CHe_33 & $0.00922546$ & $-0.0551532$ & $0.034945$ & $-0.00850341$ & $-0.0267825$ & $-0.183247$ & $-0.0281624$ & $0.871356$ & $0.854758$ & $-0.22333$ & $-0.967831$ & $0.0689814$ & $0.457776$ & $0.322175$ & $0.346686$ & $0.184303$ & $-0.0468395$ & $-0.0408361$ & $0.950258$ & $0.972923$ & $1$ & $0.023524$ & $-0.337838$ & $-0.0090523$ & $-0.528832$ & $0.355968$ & $0.308119$ & $-0.0166274$ & $0.087146$ & $0.00237241$ & $-0.0152119$ & $0.0556445$ & $0.422378$ & $0.00393076$ & $0.0168327$ & $0.00166073$ & $0.0207191$ & $-0.00205711$ & $0.0245542$ & $-0.00921328$ & $0.00126014$ & $-0.0178829$ & $0.0375017$ & $-0.0221845$ & $-0.0271686$ & $-0.0140892$ & $-0.0106068$ & $-0.0691426$ \\
CHQ1_11 & $0.0114227$ & $0.016943$ & $0.00575403$ & $-0.0324965$ & $-0.0165515$ & $-0.000224015$ & $0.000852434$ & $0.0554964$ & $0.0570112$ & $-0.0395373$ & $0.0110228$ & $0.027256$ & $-0.0891105$ & $-0.203939$ & $-0.174877$ & $-0.0985546$ & $0.0107553$ & $-0.0129848$ & $-0.0391989$ & $0.0202515$ & $0.023524$ & $1$ & $-0.149835$ & $0.0800774$ & $-0.686469$ & $0.368731$ & $-0.0130184$ & $0.0208839$ & $0.0272144$ & $0.0294163$ & $0.00912413$ & $0.00196547$ & $0.217226$ & $0.0103201$ & $0.0315791$ & $-0.0154135$ & $-0.00893104$ & $-0.0134029$ & $0.00160721$ & $-0.00875133$ & $-0.0329462$ & $-0.0219945$ & $0.0181908$ & $-0.032791$ & $0.00976691$ & $-0.024806$ & $-0.0111231$ & $-0.0312233$ \\
CHQ1_33 & $-0.04766$ & $0.0411772$ & $-0.00551131$ & $0.0202736$ & $-0.0247124$ & $0.00727679$ & $0.0890043$ & $-0.664587$ & $-0.653701$ & $0.546777$ & $0.290398$ & $-0.335877$ & $0.476642$ & $0.125366$ & $0.106152$ & $0.681893$ & $0.601551$ & $0.616893$ & $-0.237474$ & $-0.346258$ & $-0.337838$ & $-0.149835$ & $1$ & $0.644973$ & $0.201773$ & $-0.408893$ & $-0.0182791$ & $-0.0119321$ & $-0.132069$ & $-0.0501522$ & $0.0531452$ & $-0.0944001$ & $-0.624611$ & $-0.0282278$ & $0.00108815$ & $-0.0159046$ & $-0.00995016$ & $-0.0105285$ & $-0.00305406$ & $0.0135834$ & $0.0170915$ & $0.00699076$ & $-0.0281604$ & $0.0174857$ & $0.0188195$ & $0.0154004$ & $-0.0268567$ & $0.0800519$ \\
CHQ3_11 & $-0.0700084$ & $0.0103477$ & $0.000808699$ & $0.00831426$ & $-0.0307893$ & $-0.075852$ & $0.0994213$ & $-0.397728$ & $-0.390162$ & $0.561003$ & $0.00668183$ & $-0.340148$ & $0.603814$ & $-0.118573$ & $-0.110906$ & $0.776421$ & $0.784725$ & $0.784335$ & $-0.000297025$ & $-0.0146307$ & $-0.0090523$ & $0.0800774$ & $0.644973$ & $1$ & $0.0122992$ & $0.212804$ & $-0.00574969$ & $-0.00744078$ & $-0.0936272$ & $-0.0231994$ & $0.0706224$ & $-0.0912547$ & $-0.199054$ & $-0.0487888$ & $0.0168679$ & $-0.0213681$ & $-0.0100921$ & $-0.0249053$ & $-0.0057564$ & $-0.0235841$ & $-0.0122603$ & $-0.037317$ & $0.000418511$ & $0.00947742$ & $4.44022e-05$ & $0.0343484$ & $-0.0193804$ & $0.0285576$ \\
CHu_11 & $-0.0407876$ & $0.0104395$ & $-0.0116102$ & $0.0182106$ & $0.0155377$ & $0.0895396$ & $0.0184185$ & $-0.487831$ & $-0.482578$ & $0.132462$ & $0.535424$ & $-0.0434516$ & $-0.253324$ & $-0.165289$ & $-0.185332$ & $-0.0853832$ & $0.0284106$ & $0.047772$ & $-0.523737$ & $-0.54027$ & $-0.528832$ & $-0.686469$ & $0.201773$ & $0.0122992$ & $1$ & $-0.182947$ & $-0.148987$ & $0.0158193$ & $-0.0594843$ & $-0.014531$ & $0.0104633$ & $-0.0353441$ & $-0.247348$ & $-0.0275503$ & $-0.0343142$ & $0.00701357$ & $-0.00143424$ & $0.0136065$ & $-0.0219187$ & $-0.0108072$ & $0.00421638$ & $0.00621062$ & $-0.0230926$ & $0.0277076$ & $-0.00708971$ & $0.0528043$ & $0.000433352$ & $0.0473748$ \\
CHd_11 & $0.0139555$ & $-0.0346126$ & $0.014592$ & $-0.0354588$ & $-0.0138938$ & $-0.0825266$ & $0.0114794$ & $0.41405$ & $0.410554$ & $-0.151011$ & $-0.281145$ & $0.0923487$ & $-0.0999841$ & $-0.387426$ & $-0.368891$ & $-0.162733$ & $0.00258109$ & $-0.00613478$ & $0.207027$ & $0.360012$ & $0.355968$ & $0.368731$ & $-0.408893$ & $0.212804$ & $-0.182947$ & $1$ & $0.106516$ & $0.0265129$ & $0.0701949$ & $0.04067$ & $0.0248473$ & $0.0208318$ & $0.663758$ & $-0.0256513$ & $0.0114352$ & $0.00179067$ & $0.00362396$ & $-0.011149$ & $-0.0111331$ & $-0.0278944$ & $-0.0364765$ & $-0.0256864$ & $0.0491162$ & $-0.000866089$ & $-0.0121085$ & $0.0267626$ & $0.00133674$ & $-0.071109$ \\
CHd_33 & $0.0254462$ & $-0.0378599$ & $0.0040748$ & $0.0240682$ & $0.000749358$ & $-0.0582586$ & $-0.00986734$ & $0.283701$ & $0.278159$ & $-0.0713643$ & $-0.310457$ & $-0.000162372$ & $0.137078$ & $0.107871$ & $0.104099$ & $0.0625207$ & $-0.0257878$ & $-0.0193238$ & $0.300506$ & $0.314303$ & $0.308119$ & $-0.0130184$ & $-0.0182791$ & $-0.00574969$ & $-0.148987$ & $0.106516$ & $1$ & $0.00595031$ & $0.00987628$ & $0.00557238$ & $-0.0178489$ & $-0.0078371$ & $0.139487$ & $-0.000675833$ & $0.00568457$ & $0.0154883$ & $-0.0124016$ & $0.00821573$ & $0.0140744$ & $0.0346136$ & $-0.0213524$ & $0.00852408$ & $0.0410025$ & $-0.017754$ & $0.0333256$ & $0.0100811$ & $-0.00222179$ & $0.00102172$ \\
CeH_22r & $-0.014928$ & $0.0383767$ & $0.0368629$ & $-0.0208101$ & $-0.00176232$ & $-0.0283558$ & $0.013987$ & $-0.00733381$ & $0.00180014$ & $-0.0321791$ & $0.0222464$ & $0.0282627$ & $-0.035052$ & $-0.0135377$ & $-0.0275853$ & $-0.0228283$ & $-0.0189624$ & $-0.00562537$ & $-0.0226746$ & $-0.0176035$ & $-0.0166274$ & $0.0208839$ & $-0.0119321$ & $-0.00744078$ & $0.0158193$ & $0.0265129$ & $0.00595031$ & $1$ & $0.0352219$ & $0.0177403$ & $-0.00677108$ & $0.0397466$ & $0.00908565$ & $-0.0355671$ & $-0.0789516$ & $-0.0561684$ & $0.00397858$ & $-0.015013$ & $0.00248884$ & $0.00719797$ & $-0.028402$ & $0.0142521$ & $-0.0065904$ & $0.014799$ & $0.0618822$ & $-0.0320193$ & $0.0154011$ & $0.0060428$ \\
CeH_33r & $-0.0685897$ & $0.0543107$ & $0.036905$ & $-0.0297578$ & $0.0108605$ & $0.000194115$ & $-0.10925$ & $0.131909$ & $0.152033$ & $-0.29115$ & $-0.079938$ & $0.288629$ & $-0.0557299$ & $0.0236135$ & $0.0264985$ & $-0.103245$ & $-0.11141$ & $-0.111506$ & $0.0788126$ & $0.087241$ & $0.087146$ & $0.0272144$ & $-0.132069$ & $-0.0936272$ & $-0.0594843$ & $0.0701949$ & $0.00987628$ & $0.0352219$ & $1$ & $0.314461$ & $0.0397593$ & $0.685511$ & $0.083545$ & $-0.0496688$ & $-0.0696181$ & $-0.220552$ & $-0.0436717$ & $0.0209144$ & $0.00564117$ & $-0.0412836$ & $0.00977328$ & $-0.0216418$ & $-0.00603926$ & $0.0661679$ & $-0.0393198$ & $-0.00219203$ & $0.0355397$ & $0.0607475$ \\
CuH_22r & $-0.0970789$ & $0.0110321$ & $-0.0369807$ & $0.0513125$ & $-0.00493409$ & $-0.00949864$ & $-0.0653278$ & $0.0304709$ & $0.0458727$ & $-0.0933248$ & $-0.00245504$ & $0.109284$ & $-0.0568878$ & $-0.00370522$ & $-0.00304121$ & $-0.0410762$ & $-0.0491792$ & $-0.0503241$ & $0.000848054$ & $0.00485825$ & $0.00237241$ & $0.0294163$ & $-0.0501522$ & $-0.0231994$ & $-0.014531$ & $0.04067$ & $0.00557238$ & $0.0177403$ & $0.314461$ & $1$ & $0.0248275$ & $0.335188$ & $0.0335401$ & $-0.0699883$ & $0.00805153$ & $-0.0817737$ & $-0.00651543$ & $0.0364303$ & $0.00341639$ & $-0.0287364$ & $8.32657e-05$ & $0.0217559$ & $0.012552$ & $-0.0919855$ & $0.0243269$ & $0.312568$ & $-0.0234172$ & $-0.0615164$ \\
CuH_33r & $0.00466033$ & $0.060542$ & $0.00315169$ & $-0.0615282$ & $0.016438$ & $-0.00599616$ & $0.935026$ & $-0.0408974$ & $0.00380118$ & $-0.023226$ & $0.0175208$ & $-0.203225$ & $0.03162$ & $-0.013572$ & $-0.0298812$ & $0.0498002$ & $0.0492002$ & $0.0608645$ & $-0.0171113$ & $-0.0157759$ & $-0.0152119$ & $0.00912413$ & $0.0531452$ & $0.0706224$ & $0.0104633$ & $0.0248473$ & $-0.0178489$ & $-0.00677108$ & $0.0397593$ & $0.0248275$ & $1$ & $0.0388306$ & $-0.0163055$ & $-0.0101509$ & $0.0209281$ & $-0.020546$ & $0.021306$ & $-0.00546613$ & $0.00327758$ & $0.0431418$ & $0.00624925$ & $0.0279243$ & $-0.0235429$ & $0.0361946$ & $-0.00452018$ & $0.01118$ & $0.0317238$ & $-0.00180798$ \\
CdH_33r & $-0.060435$ & $0.0568098$ & $0.0475119$ & $-0.0906394$ & $0.0066162$ & $0.0010062$ & $-0.138733$ & $0.0937291$ & $0.121473$ & $-0.3088$ & $-0.0512378$ & $0.333943$ & $-0.0564604$ & $0.0473431$ & $0.0427399$ & $-0.0905278$ & $-0.109506$ & $-0.103309$ & $0.0563991$ & $0.0525542$ & $0.0556445$ & $0.00196547$ & $-0.0944001$ & $-0.0912547$ & $-0.0353441$ & $0.0208318$ & $-0.0078371$ & $0.0397466$ & $0.685511$ & $0.335188$ & $0.0388306$ & $1$ & $0.0331872$ & $-0.0940315$ & $-0.0809093$ & $-0.323186$ & $-0.00661809$ & $0.0281679$ & $0.0167076$ & $-0.0641218$ & $0.0329386$ & $0.0145036$ & $-0.093882$ & $0.0825804$ & $0.0891088$ & $-0.0874318$ & $0.15974$ & $0.439835$ \\
CLL_1221 & $0.0131684$ & $-0.00446414$ & $0.0234829$ & $-0.0266637$ & $-0.00782569$ & $-0.118515$ & $-0.0309162$ & $0.542764$ & $0.532701$ & $-0.254659$ & $-0.342978$ & $0.157619$ & $-0.21967$ & $-0.617085$ & $-0.086592$ & $-0.254651$ & $0.0639667$ & $-0.345819$ & $0.26427$ & $0.429732$ & $0.422378$ & $0.217226$ & $-0.624611$ & $-0.199054$ & $-0.247348$ & $0.663758$ & $0.139487$ & $0.00908565$ & $0.083545$ & $0.0335401$ & $-0.0163055$ & $0.0331872$ & $1$ & $-0.000719226$ & $0.0123606$ & $0.0226763$ & $0.0072944$ & $-0.0263265$ & $-0.016261$ & $0.00322001$ & $-0.0124944$ & $-0.0127257$ & $0.0621515$ & $0.00321989$ & $-0.0196738$ & $0.00337144$ & $-0.00839674$ & $-0.0819825$ \\
eHggint & $0.179235$ & $-0.0559086$ & $-0.0139418$ & $0.12605$ & $0.0586412$ & $0.0179416$ & $-0.0598837$ & $0.018322$ & $-0.0048172$ & $-0.000804968$ & $-0.0103765$ & $0.0592104$ & $0.000151044$ & $0.00773549$ & $0.0176615$ & $-0.0267527$ & $-0.0173577$ & $-0.0220629$ & $0.0119564$ & $0.00951691$ & $0.00393076$ & $0.0103201$ & $-0.0282278$ & $-0.0487888$ & $-0.0275503$ & $-0.0256513$ & $-0.000675833$ & $-0.0355671$ & $-0.0496688$ & $-0.0699883$ & $-0.0101509$ & $-0.0940315$ & $-0.000719226$ & $1$ & $-0.0988733$ & $0.0716999$ & $0.0421904$ & $-0.249298$ & $0.0259565$ & $0.178061$ & $0.0612894$ & $-0.142573$ & $0.213579$ & $0.0833965$ & $-0.229204$ & $-0.0838335$ & $-0.00497355$ & $-0.0611474$ \\
eHggpar & $-0.11985$ & $-0.166049$ & $-0.0926447$ & $0.0934672$ & $0.0104531$ & $-0.020238$ & $-0.00155281$ & $0.0154092$ & $0.00355888$ & $0.000209982$ & $-0.0144305$ & $0.0107466$ & $0.0168172$ & $-0.00976095$ & $0.00832922$ & $0.0026059$ & $0.0112012$ & $-0.00284759$ & $0.00786348$ & $0.0121941$ & $0.0168327$ & $0.0315791$ & $0.00108815$ & $0.0168679$ & $-0.0343142$ & $0.0114352$ & $0.00568457$ & $-0.0789516$ & $-0.0696181$ & $0.00805153$ & $0.0209281$ & $-0.0809093$ & $0.0123606$ & $-0.0988733$ & $1$ & $0.314284$ & $-0.0206563$ & $0.236394$ & $0.0202916$ & $-0.158878$ & $-0.00775429$ & $-0.0143235$ & $-0.0913228$ & $0.0255573$ & $-0.0723513$ & $0.180013$ & $-0.015155$ & $-0.0313028$ \\
eHWWint & $0.140015$ & $-0.169401$ & $-0.1254$ & $0.253164$ & $0.00844227$ & $0.0296662$ & $0.00326028$ & $0.00836532$ & $-0.00727857$ & $0.0258021$ & $-0.0027576$ & $-0.00413636$ & $0.000766606$ & $-0.0292779$ & $-0.0167284$ & $-0.00671312$ & $0.0112731$ & $-0.00348005$ & $-0.00697939$ & $0.00208401$ & $0.00166073$ & $-0.0154135$ & $-0.0159046$ & $-0.0213681$ & $0.00701357$ & $0.00179067$ & $0.0154883$ & $-0.0561684$ & $-0.220552$ & $-0.0817737$ & $-0.020546$ & $-0.323186$ & $0.0226763$ & $0.0716999$ & $0.314284$ & $1$ & $0.0123555$ & $0.115061$ & $0.0391993$ & $0.123178$ & $-0.0335276$ & $0.0711968$ & $0.093926$ & $-0.103453$ & $-0.0460464$ & $0.0979588$ & $-0.169704$ & $-0.206765$ \\
eHWWpar & $0.0554921$ & $0.0176256$ & $-0.0124122$ & $0.0224865$ & $0.0217142$ & $0.0145799$ & $0.0254458$ & $0.0235443$ & $0.0227302$ & $0.00734303$ & $-0.0283508$ & $-0.00384389$ & $0.0242977$ & $0.0132564$ & $-0.00627399$ & $0.00602691$ & $-0.000436005$ & $0.00732583$ & $0.0278748$ & $0.0269516$ & $0.0207191$ & $-0.00893104$ & $-0.00995016$ & $-0.0100921$ & $-0.00143424$ & $0.00362396$ & $-0.0124016$ & $0.00397858$ & $-0.0436717$ & $-0.00651543$ & $0.021306$ & $-0.00661809$ & $0.0072944$ & $0.0421904$ & $-0.0206563$ & $0.0123555$ & $1$ & $-0.0282356$ & $0.0237529$ & $-0.0459051$ & $0.00853745$ & $-0.0260148$ & $0.0115213$ & $0.0733561$ & $-0.0426695$ & $-0.0403261$ & $-0.00234335$ & $0.0713412$ \\
eHZZint & $-0.0023724$ & $-0.267097$ & $0.0997536$ & $-0.00670931$ & $0.0367778$ & $0.00659292$ & $-0.0136464$ & $0.0164469$ & $0.0239355$ & $-0.00783585$ & $-0.00639589$ & $0.00354849$ & $-0.00221436$ & $0.0293603$ & $-0.0475198$ & $-0.00800436$ & $-0.0334208$ & $0.01904$ & $-0.0022423$ & $0.00217966$ & $-0.00205711$ & $-0.0134029$ & $-0.0105285$ & $-0.0249053$ & $0.0136065$ & $-0.011149$ & $0.00821573$ & $-0.015013$ & $0.0209144$ & $0.0364303$ & $-0.00546613$ & $0.0281679$ & $-0.0263265$ & $-0.249298$ & $0.236394$ & $0.115061$ & $-0.0282356$ & $1$ & $0.0501994$ & $-0.265952$ & $0.0653607$ & $0.0475372$ & $-0.123907$ & $-0.0978482$ & $-0.0734558$ & $0.109392$ & $0.0345457$ & $0.013591$ \\
eHZZpar & $-0.0139028$ & $-0.0121585$ & $0.00238194$ & $-0.0378981$ & $-0.0229127$ & $-0.00101854$ & $-0.00654637$ & $0.0260785$ & $0.0184751$ & $-0.0218259$ & $-0.0313621$ & $0.0147237$ & $0.0175146$ & $0.0410673$ & $0.0299082$ & $0.00342637$ & $-0.0179314$ & $-0.00992629$ & $0.0335351$ & $0.0272649$ & $0.0245542$ & $0.00160721$ & $-0.00305406$ & $-0.0057564$ & $-0.0219187$ & $-0.0111331$ & $0.0140744$ & $0.00248884$ & $0.00564117$ & $0.00341639$ & $0.00327758$ & $0.0167076$ & $-0.016261$ & $0.0259565$ & $0.0202916$ & $0.0391993$ & $0.0237529$ & $0.0501994$ & $1$ & $-0.0464906$ & $0.0230156$ & $-0.006724$ & $0.0501853$ & $0.00777666$ & $-0.00572019$ & $-0.00919739$ & $0.0533262$ & $0.0094543$ \\
eHZgaint & $0.296565$ & $0.0756972$ & $-0.161237$ & $0.0747067$ & $-0.0207255$ & $0.00262667$ & $0.0388563$ & $-0.0161414$ & $-0.0156486$ & $-0.00535778$ & $0.00603234$ & $0.0124105$ & $0.0134633$ & $-0.0207366$ & $0.0339275$ & $0.00249978$ & $0.0263093$ & $-0.00953063$ & $-0.0056955$ & $-0.00594088$ & $-0.00921328$ & $-0.00875133$ & $0.0135834$ & $-0.0235841$ & $-0.0108072$ & $-0.0278944$ & $0.0346136$ & $0.00719797$ & $-0.0412836$ & $-0.0287364$ & $0.0431418$ & $-0.0641218$ & $0.00322001$ & $0.178061$ & $-0.158878$ & $0.123178$ & $-0.0459051$ & $-0.265952$ & $-0.0464906$ & $1$ & $-0.0247203$ & $0.0782625$ & $-0.120468$ & $-0.0752621$ & $0.219654$ & $-0.029892$ & $0.0414627$ & $-0.153322$ \\
eHZgapar & $-0.0500307$ & $0.0453159$ & $0.0510364$ & $0.0120291$ & $0.000436908$ & $0.00171755$ & $0.00384223$ & $-0.00151696$ & $-0.00194061$ & $-0.00658553$ & $-0.00331551$ & $0.0160614$ & $0.00634803$ & $0.0153195$ & $0.0290545$ & $0.00281865$ & $0.00016056$ & $-0.01146$ & $0.00922179$ & $-0.000875745$ & $0.00126014$ & $-0.0329462$ & $0.0170915$ & $-0.0122603$ & $0.00421638$ & $-0.0364765$ & $-0.0213524$ & $-0.028402$ & $0.00977328$ & $8.32657e-05$ & $0.00624925$ & $0.0329386$ & $-0.0124944$ & $0.0612894$ & $-0.00775429$ & $-0.0335276$ & $0.00853745$ & $0.0653607$ & $0.0230156$ & $-0.0247203$ & $1$ & $-0.00571027$ & $-0.0118505$ & $-0.0212823$ & $0.0028354$ & $-0.0165518$ & $0.0172253$ & $0.0388706$ \\
eHgagaint & $-0.0210926$ & $0.0137042$ & $-0.0522226$ & $0.0333368$ & $-0.0303588$ & $0.00797899$ & $0.0206298$ & $-0.00653576$ & $0.0481289$ & $-0.0125279$ & $0.022678$ & $0.0228783$ & $-0.0390719$ & $0.00569789$ & $0.0340351$ & $-0.0417623$ & $-0.0326444$ & $-0.0478396$ & $-0.0186015$ & $-0.0252091$ & $-0.0178829$ & $-0.0219945$ & $0.00699076$ & $-0.037317$ & $0.00621062$ & $-0.0256864$ & $0.00852408$ & $0.0142521$ & $-0.0216418$ & $0.0217559$ & $0.0279243$ & $0.0145036$ & $-0.0127257$ & $-0.142573$ & $-0.0143235$ & $0.0711968$ & $-0.0260148$ & $0.0475372$ & $-0.006724$ & $0.0782625$ & $-0.00571027$ & $1$ & $-0.0202859$ & $-0.236919$ & $0.250749$ & $0.0289128$ & $-0.052735$ & $0.00132357$ \\
eHmumuint & $0.0908283$ & $0.0112502$ & $-0.0270487$ & $-0.128046$ & $-0.00838443$ & $0.000945485$ & $-0.0313679$ & $0.0358879$ & $0.0266736$ & $0.00635866$ & $-0.0313518$ & $0.00397331$ & $-0.0089008$ & $-0.0282434$ & $0.0139047$ & $0.00544201$ & $0.011621$ & $-0.0204615$ & $0.0286167$ & $0.0357533$ & $0.0375017$ & $0.0181908$ & $-0.0281604$ & $0.000418511$ & $-0.0230926$ & $0.0491162$ & $0.0410025$ & $-0.0065904$ & $-0.00603926$ & $0.012552$ & $-0.0235429$ & $-0.093882$ & $0.0621515$ & $0.213579$ & $-0.0913228$ & $0.093926$ & $0.0115213$ & $-0.123907$ & $0.0501853$ & $-0.120468$ & $-0.0118505$ & $-0.0202859$ & $1$ & $0.257264$ & $-0.251102$ & $0.0141997$ & $0.0752911$ & $-0.182288$ \\
eHtautauint & $0.0342194$ & $0.129041$ & $-0.00879882$ & $-0.028823$ & $0.00746149$ & $-0.00698118$ & $0.0280259$ & $-0.0299109$ & $-0.0427977$ & $0.0136804$ & $0.027724$ & $-0.0123134$ & $-0.0351043$ & $-0.00718038$ & $-0.0107001$ & $0.026314$ & $0.00402686$ & $0.00744588$ & $-0.0260574$ & $-0.0257017$ & $-0.0221845$ & $-0.032791$ & $0.0174857$ & $0.00947742$ & $0.0277076$ & $-0.000866089$ & $-0.017754$ & $0.014799$ & $0.0661679$ & $-0.0919855$ & $0.0361946$ & $0.0825804$ & $0.00321989$ & $0.0833965$ & $0.0255573$ & $-0.103453$ & $0.0733561$ & $-0.0978482$ & $0.00777666$ & $-0.0752621$ & $-0.0212823$ & $-0.236919$ & $0.257264$ & $1$ & $-0.25449$ & $-0.294483$ & $0.0314108$ & $0.194269$ \\
eHccint & $0.0646824$ & $0.104041$ & $-0.102052$ & $-0.0298861$ & $0.0020457$ & $0.0179356$ & $0.013335$ & $-0.0319983$ & $-0.0213197$ & $0.00396077$ & $0.0315474$ & $-0.0165789$ & $0.00107133$ & $-0.0124606$ & $-0.012463$ & $-0.0199103$ & $0.00461877$ & $0.000466496$ & $-0.029495$ & $-0.0316405$ & $-0.0271686$ & $0.00976691$ & $0.0188195$ & $4.44022e-05$ & $-0.00708971$ & $-0.0121085$ & $0.0333256$ & $0.0618822$ & $-0.0393198$ & $0.0243269$ & $-0.00452018$ & $0.0891088$ & $-0.0196738$ & $-0.229204$ & $-0.0723513$ & $-0.0460464$ & $-0.0426695$ & $-0.0734558$ & $-0.00572019$ & $0.219654$ & $0.0028354$ & $0.250749$ & $-0.251102$ & $-0.25449$ & $1$ & $-0.00229353$ & $0.00281803$ & $0.207084$ \\
eHccpar & $-0.200747$ & $0.0114767$ & $-0.172355$ & $0.194306$ & $-0.0594489$ & $-0.0264652$ & $0.0128664$ & $-0.0131309$ & $-0.010754$ & $0.0172406$ & $0.0150264$ & $0.0286303$ & $-0.0164698$ & $-0.00977378$ & $-0.00999205$ & $0.00948314$ & $-0.000182492$ & $0.00352021$ & $-0.0189044$ & $-0.0136144$ & $-0.0140892$ & $-0.024806$ & $0.0154004$ & $0.0343484$ & $0.0528043$ & $0.0267626$ & $0.0100811$ & $-0.0320193$ & $-0.00219203$ & $0.312568$ & $0.01118$ & $-0.0874318$ & $0.00337144$ & $-0.0838335$ & $0.180013$ & $0.0979588$ & $-0.0403261$ & $0.109392$ & $-0.00919739$ & $-0.029892$ & $-0.0165518$ & $0.0289128$ & $0.0141997$ & $-0.294483$ & $-0.00229353$ & $1$ & $-0.165078$ & $-0.207605$ \\
eHbbint & $0.0344233$ & $-0.0885814$ & $0.132174$ & $-0.0603175$ & $0.0233523$ & $0.0129687$ & $0.0235084$ & $0.00490998$ & $0.00720977$ & $-0.0243663$ & $0.0140484$ & $0.00683604$ & $-0.0323767$ & $0.00538481$ & $0.00150829$ & $-0.036924$ & $-0.0345637$ & $-0.0301183$ & $-0.0131671$ & $-0.0158711$ & $-0.0106068$ & $-0.0111231$ & $-0.0268567$ & $-0.0193804$ & $0.000433352$ & $0.00133674$ & $-0.00222179$ & $0.0154011$ & $0.0355397$ & $-0.0234172$ & $0.0317238$ & $0.15974$ & $-0.00839674$ & $-0.00497355$ & $-0.015155$ & $-0.169704$ & $-0.00234335$ & $0.0345457$ & $0.0533262$ & $0.0414627$ & $0.0172253$ & $-0.052735$ & $0.0752911$ & $0.0314108$ & $0.00281803$ & $-0.165078$ & $1$ & $0.0114134$ \\
eHbbpar & $-0.0167887$ & $0.0452243$ & $0.0122683$ & $-0.102501$ & $0.00726917$ & $0.0136561$ & $-0.00177795$ & $-0.0862054$ & $-0.0787377$ & $0.019757$ & $0.0684004$ & $-0.020157$ & $0.0110863$ & $0.0150785$ & $0.0159751$ & $0.0201103$ & $0.0248866$ & $0.0230136$ & $-0.0594477$ & $-0.0748735$ & $-0.0691426$ & $-0.0312233$ & $0.0800519$ & $0.0285576$ & $0.0473748$ & $-0.071109$ & $0.00102172$ & $0.0060428$ & $0.0607475$ & $-0.0615164$ & $-0.00180798$ & $0.439835$ & $-0.0819825$ & $-0.0611474$ & $-0.0313028$ & $-0.206765$ & $0.0713412$ & $0.013591$ & $0.0094543$ & $-0.153322$ & $0.0388706$ & $0.00132357$ & $-0.182288$ & $0.194269$ & $0.207084$ & $-0.207605$ & $0.0114134$ & $1$ \\
