 & AlsMz & dAle5Mz & mtop & mHl & Mz & CW & CHG & CHWB & CHWHB_gaga & CHWHB_gagaorth & CHD & CHbox & CH & CHL1_11 & CHL1_22 & CHL1_33 & CHL3_11 & CHL3_22 & CHL3_33 & CHe_11 & CHe_22 & CHe_33 & CHQ1_11 & CHQ1_33 & CHQ3_11 & CHu_11 & CHd_11 & CHd_33 & CeH_22r & CeH_33r & CuH_22r & CuH_33r & CdH_33r & CLL_1221 & eHggint & eHggpar & eHWWint & eHWWpar & eHZZint & eHZZpar & eHZgaint & eHZgapar & eHgagaint & eHmumuint & eHtautauint & eHccint & eHccpar & eHbbint & eHbbpar \\
AlsMz & $1$ & $0.0309078$ & $0.0102408$ & $-0.0259926$ & $0.0102785$ & $0.0356662$ & $-0.0191509$ & $-0.0272839$ & $-0.0356141$ & $0.0189506$ & $0.0301696$ & $0.0320378$ & $-0.0177408$ & $-0.0366801$ & $-0.0641533$ & $-0.0433821$ & $-0.00804585$ & $0.0168794$ & $-0.00177639$ & $-0.0415286$ & $-0.0330089$ & $-0.0288188$ & $0.0645285$ & $-0.0752405$ & $-0.0995283$ & $-0.0669401$ & $-0.0137213$ & $0.0175679$ & $0.000372957$ & $-0.0212461$ & $-0.032075$ & $-0.00353042$ & $0.00883517$ & $0.0428692$ & $0.0327669$ & $0.0537465$ & $0.0870492$ & $-0.0216827$ & $-0.0326784$ & $-0.0817902$ & $0.0374373$ & $-0.0125468$ & $-0.0206258$ & $-0.00951676$ & $-0.0256416$ & $-0.00725081$ & $0.00234835$ & $0.0679052$ & $-0.00899423$ \\
dAle5Mz & $0.0309078$ & $1$ & $-0.0888644$ & $0.0544305$ & $-0.0125107$ & $0.0192226$ & $0.0098549$ & $-0.0934951$ & $-0.0922575$ & $0.0541527$ & $0.070432$ & $0.0640506$ & $-0.0355891$ & $-0.0306854$ & $-0.0448051$ & $-0.0554782$ & $0.0165921$ & $0.0281666$ & $0.0456621$ & $-0.0502892$ & $-0.0474829$ & $-0.0427674$ & $0.00027753$ & $0.0168726$ & $0.0273231$ & $0.0493727$ & $0.00725727$ & $-0.00930275$ & $0.036543$ & $-0.0161686$ & $0.00818021$ & $0.0271585$ & $0.0147557$ & $0.0195982$ & $-0.0334281$ & $0.0147106$ & $0.00247799$ & $-0.0238597$ & $-0.0195454$ & $-0.0214244$ & $-0.0658255$ & $-0.00540673$ & $0.0809231$ & $-0.0104345$ & $-0.00715939$ & $-0.000656209$ & $-0.000379552$ & $0.00985282$ & $0.0374832$ \\
mtop & $0.0102408$ & $-0.0888644$ & $1$ & $0.038772$ & $0.0741762$ & $0.0181497$ & $0.00609309$ & $0.00492245$ & $0.00345719$ & $0.00221931$ & $-0.00530522$ & $0.0280773$ & $-0.0180142$ & $0.00449913$ & $0.0296543$ & $0.0665325$ & $0.0186883$ & $0.00313646$ & $-0.0211672$ & $0.0122511$ & $0.00330262$ & $0.0080893$ & $-0.00147293$ & $0.0316199$ & $0.00110643$ & $-0.0270037$ & $-0.0270222$ & $-0.0175916$ & $-0.0220317$ & $0.0174534$ & $-0.0281141$ & $0.0126431$ & $0.0289565$ & $-0.0137064$ & $-0.0452745$ & $-0.04198$ & $-0.0782147$ & $0.00527857$ & $-0.036502$ & $-0.0277638$ & $0.0139408$ & $0.0106896$ & $-0.0460698$ & $-0.000859472$ & $0.00966184$ & $0.0313315$ & $-0.0241579$ & $-0.0375537$ & $0.00718188$ \\
mHl & $-0.0259926$ & $0.0544305$ & $0.038772$ & $1$ & $0.00922265$ & $-0.000765729$ & $0.00832053$ & $0.00233175$ & $0.00711485$ & $-0.0193783$ & $-0.00346993$ & $-0.00198898$ & $0.00751117$ & $0.00810088$ & $0.00186488$ & $0.0116249$ & $-0.00102949$ & $-0.00175254$ & $0.00446222$ & $0.00493286$ & $0.00612008$ & $0.00891164$ & $-0.0408961$ & $-0.0138459$ & $0.00353764$ & $0.0195661$ & $-0.00717972$ & $0.00498649$ & $0.0146312$ & $0.0305852$ & $0.0516413$ & $0.0203347$ & $0.0450977$ & $-0.00136016$ & $-0.0393392$ & $-0.0276842$ & $-0.0153599$ & $-0.0132251$ & $-0.0147641$ & $0.0222142$ & $0.0754731$ & $0.0159121$ & $0.00673879$ & $0.0201752$ & $0.00378679$ & $-0.0334987$ & $0.0744282$ & $0.0283568$ & $0.0306133$ \\
Mz & $0.0102785$ & $-0.0125107$ & $0.0741762$ & $0.00922265$ & $1$ & $-0.00583258$ & $-0.0146912$ & $-0.0182513$ & $-0.0204925$ & $0.0414513$ & $0.00828823$ & $0.00357381$ & $0.00525636$ & $0.0259123$ & $-0.0409638$ & $-0.0266109$ & $0.0356254$ & $0.0551494$ & $0.0488632$ & $-0.00659526$ & $-0.000850871$ & $0.00316923$ & $0.0427325$ & $0.0206214$ & $0.0357009$ & $-0.0388681$ & $0.0113514$ & $-0.00150099$ & $-0.00625782$ & $0.0238391$ & $0.0136191$ & $-0.00387859$ & $0.00163414$ & $0.0216887$ & $0.0328901$ & $0.0564829$ & $0.0284639$ & $-0.0486969$ & $-0.0695285$ & $0.00672904$ & $-0.0246556$ & $-0.021964$ & $-0.0121959$ & $0.0286102$ & $-0.0202615$ & $-0.00419732$ & $-0.00475782$ & $-0.0343549$ & $-0.0200005$ \\
CW & $0.0356662$ & $0.0192226$ & $0.0181497$ & $-0.000765729$ & $-0.00583258$ & $1$ & $0.038243$ & $-0.0392067$ & $-0.0332804$ & $0.0179147$ & $0.17103$ & $0.0757045$ & $-0.0327055$ & $-0.0759355$ & $-0.0908882$ & $-0.101918$ & $-0.41407$ & $-0.217029$ & $-0.203161$ & $-0.170658$ & $-0.170563$ & $-0.171166$ & $0.00859933$ & $-0.161358$ & $-0.248537$ & $0.114724$ & $-0.0388445$ & $-0.104001$ & $-0.00533392$ & $-0.0200309$ & $-0.0227385$ & $0.0554767$ & $0.00474714$ & $-0.0848119$ & $-0.016293$ & $-0.0076389$ & $0.0276815$ & $0.00723478$ & $-0.0141802$ & $0.0108622$ & $0.017489$ & $0.00034102$ & $-0.0313277$ & $0.0239398$ & $0.0442517$ & $0.012171$ & $-0.0301747$ & $-0.00907787$ & $0.0233851$ \\
CHG & $-0.0191509$ & $0.0098549$ & $0.00609309$ & $0.00832053$ & $-0.0146912$ & $0.038243$ & $1$ & $-0.0223537$ & $-0.00137811$ & $0.157822$ & $0.0524612$ & $0.650601$ & $-0.734135$ & $-0.0764767$ & $-0.0150853$ & $-0.0188146$ & $-0.0516736$ & $-0.0555821$ & $-0.0452291$ & $-0.051729$ & $-0.0512887$ & $-0.0484751$ & $-0.0293913$ & $-0.033807$ & $-0.041311$ & $0.0786828$ & $0.0107476$ & $-0.0609401$ & $-0.0935647$ & $-0.515665$ & $-0.286892$ & $0.951809$ & $-0.519901$ & $-0.000607617$ & $-0.108439$ & $-0.0235028$ & $0.0345553$ & $0.0270543$ & $-0.0254169$ & $-0.00495047$ & $0.0352473$ & $0.0273294$ & $0.021523$ & $-0.0155241$ & $-0.0149003$ & $0.00256234$ & $-0.00939172$ & $-0.0194663$ & $-0.00549357$ \\
CHWB & $-0.0272839$ & $-0.0934951$ & $0.00492245$ & $0.00233175$ & $-0.0182513$ & $-0.0392067$ & $-0.0223537$ & $1$ & $0.988286$ & $-0.533948$ & $-0.876745$ & $-0.133379$ & $0.0215767$ & $0.31531$ & $0.439853$ & $0.448233$ & $-0.179706$ & $-0.350562$ & $-0.353857$ & $0.859266$ & $0.887977$ & $0.87885$ & $-0.00233346$ & $-0.605828$ & $-0.319043$ & $-0.601496$ & $0.400223$ & $0.374851$ & $-0.00683329$ & $0.0283622$ & $-0.00630744$ & $-0.0445305$ & $0.0327392$ & $0.517742$ & $-0.00994878$ & $-0.0297169$ & $0.0256821$ & $-0.0161004$ & $-0.0186821$ & $-0.012953$ & $-0.00398239$ & $0.00197973$ & $0.00758202$ & $-0.0511524$ & $-0.0218441$ & $-0.00213991$ & $-0.00569827$ & $0.0124131$ & $0.0811397$ \\
CHWHB_gaga & $-0.0356141$ & $-0.0922575$ & $0.00345719$ & $0.00711485$ & $-0.0204925$ & $-0.0332804$ & $-0.00137811$ & $0.988286$ & $1$ & $-0.526021$ & $-0.862886$ & $-0.135204$ & $0.0324537$ & $0.305714$ & $0.429897$ & $0.435735$ & $-0.185254$ & $-0.351063$ & $-0.35277$ & $0.845662$ & $0.874521$ & $0.865507$ & $-0.0016415$ & $-0.604906$ & $-0.317476$ & $-0.589345$ & $0.402367$ & $0.367952$ & $0.00141538$ & $0.0559633$ & $0.00837945$ & $-0.0221802$ & $0.059168$ & $0.514759$ & $-0.0130123$ & $-0.034416$ & $0.0128758$ & $-0.011141$ & $-0.0265127$ & $-0.010923$ & $-0.0046957$ & $0.0070664$ & $0.0610077$ & $-0.0491072$ & $-0.019198$ & $-0.00197188$ & $-0.00602858$ & $0.0153636$ & $0.0766395$ \\
CHWHB_gagaorth & $0.0189506$ & $0.0541527$ & $0.00221931$ & $-0.0193783$ & $0.0414513$ & $0.0179147$ & $0.157822$ & $-0.533948$ & $-0.526021$ & $1$ & $0.473886$ & $0.414137$ & $-0.211146$ & $-0.171866$ & $-0.230156$ & $-0.23578$ & $0.0788798$ & $0.175463$ & $0.172093$ & $-0.461925$ & $-0.479263$ & $-0.477578$ & $-0.0260195$ & $0.32448$ & $0.160901$ & $0.360271$ & $-0.20799$ & $-0.214977$ & $-0.0207321$ & $-0.1688$ & $-0.0975298$ & $0.182946$ & $-0.203513$ & $-0.283115$ & $0.0491533$ & $0.046261$ & $-0.00765697$ & $0.0450536$ & $0.0182438$ & $0.0133232$ & $-0.0511591$ & $0.00656365$ & $-0.0211826$ & $0.0282439$ & $0.000401717$ & $0.0135817$ & $0.00928761$ & $-0.00291782$ & $-0.0599593$ \\
CHD & $0.0301696$ & $0.070432$ & $-0.00530522$ & $-0.00346993$ & $0.00828823$ & $0.17103$ & $0.0524612$ & $-0.876745$ & $-0.862886$ & $0.473886$ & $1$ & $0.208514$ & $-0.0668956$ & $-0.692398$ & $-0.551645$ & $-0.546948$ & $-0.286376$ & $-0.0690192$ & $-0.0680898$ & $-0.994746$ & $-0.994742$ & $-0.983139$ & $0.0610323$ & $0.198354$ & $-0.110826$ & $0.676021$ & $-0.282084$ & $-0.433029$ & $0.000722245$ & $-0.0547639$ & $-0.0174485$ & $0.0860507$ & $-0.0680567$ & $-0.321338$ & $0.031038$ & $0.0467442$ & $-0.0143239$ & $0.0123799$ & $0.0398138$ & $-0.00238003$ & $0.0164606$ & $-0.00856239$ & $-0.00303864$ & $0.0294561$ & $0.047764$ & $0.0169043$ & $0.00602468$ & $-0.00360025$ & $-0.0633816$ \\
CHbox & $0.0320378$ & $0.0640506$ & $0.0280773$ & $-0.00198898$ & $0.00357381$ & $0.0757045$ & $0.650601$ & $-0.133379$ & $-0.135204$ & $0.414137$ & $0.208514$ & $1$ & $-0.884758$ & $-0.219735$ & $-0.0642317$ & $-0.0964727$ & $-0.156277$ & $-0.14053$ & $-0.112684$ & $-0.204066$ & $-0.208718$ & $-0.204016$ & $-0.024165$ & $-0.0414064$ & $-0.130195$ & $0.192616$ & $-0.0467319$ & $-0.103188$ & $-0.157862$ & $-0.559122$ & $-0.332724$ & $0.597278$ & $-0.550047$ & $-0.064958$ & $-0.0932367$ & $-0.0230693$ & $0.0187034$ & $0.0306274$ & $-0.0651474$ & $-0.0310472$ & $0.0659383$ & $0.0331415$ & $-0.00429562$ & $0.0081442$ & $-0.00755687$ & $0.0122638$ & $-0.0428806$ & $-0.0142587$ & $-0.00717095$ \\
CH & $-0.0177408$ & $-0.0355891$ & $-0.0180142$ & $0.00751117$ & $0.00525636$ & $-0.0327055$ & $-0.734135$ & $0.0215767$ & $0.0324537$ & $-0.211146$ & $-0.0668956$ & $-0.884758$ & $1$ & $0.107938$ & $0.0188018$ & $0.0278238$ & $0.0824399$ & $0.0874805$ & $0.0738912$ & $0.0676537$ & $0.066264$ & $0.0607818$ & $0.0151031$ & $0.0516985$ & $0.0810835$ & $-0.0829981$ & $-0.00655624$ & $0.0410891$ & $0.190019$ & $0.684735$ & $0.393479$ & $-0.638774$ & $0.680793$ & $-0.00366195$ & $0.157857$ & $0.0383536$ & $-0.0300452$ & $-0.00874824$ & $0.0580706$ & $0.0371831$ & $-0.0584824$ & $-0.0335851$ & $-0.00476018$ & $0.0123137$ & $0.0172859$ & $-0.00430517$ & $0.0396963$ & $0.0275239$ & $-0.0153117$ \\
CHL1_11 & $-0.0366801$ & $-0.0306854$ & $0.00449913$ & $0.00810088$ & $0.0259123$ & $-0.0759355$ & $-0.0764767$ & $0.31531$ & $0.305714$ & $-0.171866$ & $-0.692398$ & $-0.219735$ & $0.107938$ & $1$ & $0.406403$ & $0.394069$ & $0.631384$ & $0.594633$ & $0.593408$ & $0.702755$ & $0.667335$ & $0.658911$ & $-0.110863$ & $0.420801$ & $0.605164$ & $-0.450698$ & $-0.00187004$ & $0.29594$ & $0.0136651$ & $0.067905$ & $0.0431236$ & $-0.106522$ & $0.103063$ & $-0.137653$ & $-0.0549367$ & $-0.0385118$ & $0.00794752$ & $0.00964437$ & $-0.053288$ & $0.035638$ & $-0.0219262$ & $0.0172859$ & $-0.0214969$ & $0.0166721$ & $-0.0652035$ & $-0.0308538$ & $-0.00767128$ & $0.0131793$ & $0.03687$ \\
CHL1_22 & $-0.0641533$ & $-0.0448051$ & $0.0296543$ & $0.00186488$ & $-0.0409638$ & $-0.0908882$ & $-0.0150853$ & $0.439853$ & $0.429897$ & $-0.230156$ & $-0.551645$ & $-0.0642317$ & $0.0188018$ & $0.406403$ & $1$ & $0.545019$ & $0.186377$ & $-0.303562$ & $0.0121789$ & $0.598865$ & $0.491239$ & $0.48679$ & $-0.226696$ & $0.0716228$ & $-0.0563008$ & $-0.330709$ & $-0.333867$ & $0.228985$ & $-0.0552953$ & $0.0116433$ & $0.0440023$ & $-0.0327028$ & $0.041537$ & $-0.500313$ & $-0.0523579$ & $-0.0449355$ & $-0.00760002$ & $0.0171783$ & $-0.0486106$ & $0.050705$ & $0.0114327$ & $0.0306611$ & $0.0297061$ & $-0.0185051$ & $-0.0227464$ & $-0.0554587$ & $-0.00430523$ & $-0.0139889$ & $0.0354001$ \\
CHL1_33 & $-0.0433821$ & $-0.0554782$ & $0.0665325$ & $0.0116249$ & $-0.0266109$ & $-0.101918$ & $-0.0188146$ & $0.448233$ & $0.435735$ & $-0.23578$ & $-0.546948$ & $-0.0964727$ & $0.0278238$ & $0.394069$ & $0.545019$ & $1$ & $0.161228$ & $-0.0117538$ & $-0.309945$ & $0.589398$ & $0.489987$ & $0.492193$ & $-0.199187$ & $0.0458696$ & $-0.0749611$ & $-0.351053$ & $-0.318237$ & $0.207556$ & $-0.0216965$ & $0.0212998$ & $0.014921$ & $-0.038252$ & $0.039009$ & $-0.0531186$ & $-0.0700704$ & $-0.0212957$ & $0.0121981$ & $0.0017548$ & $-0.060897$ & $0.000183888$ & $-0.0100466$ & $0.0236653$ & $-0.0139729$ & $-0.0427778$ & $0.00920065$ & $-0.0225366$ & $0.0114563$ & $-0.0145382$ & $0.0556939$ \\
CHL3_11 & $-0.00804585$ & $0.0165921$ & $0.0186883$ & $-0.00102949$ & $0.0356254$ & $-0.41407$ & $-0.0516736$ & $-0.179706$ & $-0.185254$ & $0.0788798$ & $-0.286376$ & $-0.156277$ & $0.0824399$ & $0.631384$ & $0.186377$ & $0.161228$ & $1$ & $0.813417$ & $0.817224$ & $0.298518$ & $0.267649$ & $0.26134$ & $-0.0823106$ & $0.728851$ & $0.846695$ & $-0.184722$ & $-0.119379$ & $0.143379$ & $0.011752$ & $0.0534121$ & $0.0370047$ & $-0.0776492$ & $0.0551079$ & $-0.217436$ & $-0.027861$ & $-0.0374648$ & $-0.0395164$ & $-0.000222124$ & $-0.035241$ & $0.0150408$ & $-0.0238736$ & $0.0069287$ & $-0.00600398$ & $0.0381205$ & $-0.0490613$ & $-0.0213587$ & $0.00281945$ & $-0.0324643$ & $-0.0488188$ \\
CHL3_22 & $0.0168794$ & $0.0281666$ & $0.00313646$ & $-0.00175254$ & $0.0551494$ & $-0.217029$ & $-0.0555821$ & $-0.350562$ & $-0.351063$ & $0.175463$ & $-0.0690192$ & $-0.14053$ & $0.0874805$ & $0.594633$ & $-0.303562$ & $-0.0117538$ & $0.813417$ & $1$ & $0.782329$ & $0.0654617$ & $0.0716077$ & $0.0682388$ & $0.0104827$ & $0.703191$ & $0.863878$ & $-0.055749$ & $0.00946546$ & $0.0423536$ & $0.0421781$ & $0.053948$ & $0.022654$ & $-0.0720706$ & $0.0548856$ & $-0.0118106$ & $-0.0154114$ & $-0.0124989$ & $-0.0149417$ & $-0.0015169$ & $-0.0204047$ & $-0.00169941$ & $-0.0325374$ & $-0.00380712$ & $-0.0289342$ & $0.0459437$ & $-0.041466$ & $0.00338158$ & $-0.000313071$ & $-0.0104001$ & $-0.0400105$ \\
CHL3_33 & $-0.00177639$ & $0.0456621$ & $-0.0211672$ & $0.00446222$ & $0.0488632$ & $-0.203161$ & $-0.0452291$ & $-0.353857$ & $-0.35277$ & $0.172093$ & $-0.0680898$ & $-0.112684$ & $0.0738912$ & $0.593408$ & $0.0121789$ & $-0.309945$ & $0.817224$ & $0.782329$ & $1$ & $0.0679748$ & $0.069336$ & $0.0730004$ & $-0.0101395$ & $0.71135$ & $0.866353$ & $-0.0365049$ & $0.00171262$ & $0.0522102$ & $0.0245645$ & $0.0417239$ & $0.0346267$ & $-0.060539$ & $0.0490158$ & $-0.322568$ & $-0.00961462$ & $-0.0291824$ & $-0.0245657$ & $0.000730419$ & $-0.0109319$ & $0.0381716$ & $-0.0135639$ & $-0.00202926$ & $0.00336055$ & $0.0637419$ & $-0.0669109$ & $-0.0231098$ & $-0.0170376$ & $-0.0134708$ & $-0.055338$ \\
CHe_11 & $-0.0415286$ & $-0.0502892$ & $0.0122511$ & $0.00493286$ & $-0.00659526$ & $-0.170658$ & $-0.051729$ & $0.859266$ & $0.845662$ & $-0.461925$ & $-0.994746$ & $-0.204066$ & $0.0676537$ & $0.702755$ & $0.598865$ & $0.589398$ & $0.298518$ & $0.0654617$ & $0.0679748$ & $1$ & $0.984363$ & $0.972801$ & $-0.0815755$ & $-0.161863$ & $0.115017$ & $-0.669996$ & $0.225954$ & $0.429834$ & $-0.00445329$ & $0.055781$ & $0.0223424$ & $-0.083663$ & $0.0696872$ & $0.260998$ & $-0.0322995$ & $-0.0472244$ & $0.0129388$ & $-0.012517$ & $-0.0420686$ & $0.00483826$ & $-0.0188242$ & $0.00835736$ & $0.00838728$ & $-0.0280391$ & $-0.0455378$ & $-0.020372$ & $-0.00960305$ & $-0.00119428$ & $0.0621183$ \\
CHe_22 & $-0.0330089$ & $-0.0474829$ & $0.00330262$ & $0.00612008$ & $-0.000850871$ & $-0.170563$ & $-0.0512887$ & $0.887977$ & $0.874521$ & $-0.479263$ & $-0.994742$ & $-0.208718$ & $0.066264$ & $0.667335$ & $0.491239$ & $0.489987$ & $0.267649$ & $0.0716077$ & $0.069336$ & $0.984363$ & $1$ & $0.986566$ & $-0.0358171$ & $-0.237469$ & $0.107238$ & $-0.677498$ & $0.347927$ & $0.43544$ & $0.00653124$ & $0.0553135$ & $0.0129584$ & $-0.0838928$ & $0.0651348$ & $0.390196$ & $-0.024898$ & $-0.045188$ & $0.01359$ & $-0.0157395$ & $-0.0352354$ & $-0.00253363$ & $-0.0174853$ & $0.00494898$ & $0.00363465$ & $-0.0301081$ & $-0.0471561$ & $-0.0155241$ & $-0.00811061$ & $0.00525162$ & $0.0623775$ \\
CHe_33 & $-0.0288188$ & $-0.0427674$ & $0.0080893$ & $0.00891164$ & $0.00316923$ & $-0.171166$ & $-0.0484751$ & $0.87885$ & $0.865507$ & $-0.477578$ & $-0.983139$ & $-0.204016$ & $0.0607818$ & $0.658911$ & $0.48679$ & $0.492193$ & $0.26134$ & $0.0682388$ & $0.0730004$ & $0.972801$ & $0.986566$ & $1$ & $-0.0367005$ & $-0.238409$ & $0.102893$ & $-0.667691$ & $0.343657$ & $0.428336$ & $0.00524263$ & $0.0580418$ & $0.011661$ & $-0.0796429$ & $0.0650645$ & $0.386251$ & $-0.0262975$ & $-0.0471917$ & $0.0139813$ & $-0.0190965$ & $-0.0349629$ & $0.00457035$ & $-0.0160932$ & $0.00516418$ & $0.00762957$ & $-0.0260835$ & $-0.0531286$ & $-0.00881523$ & $-0.0149163$ & $0.00849925$ & $0.0678262$ \\
CHQ1_11 & $0.0645285$ & $0.00027753$ & $-0.00147293$ & $-0.0408961$ & $0.0427325$ & $0.00859933$ & $-0.0293913$ & $-0.00233346$ & $-0.0016415$ & $-0.0260195$ & $0.0610323$ & $-0.024165$ & $0.0151031$ & $-0.110863$ & $-0.226696$ & $-0.199187$ & $-0.0823106$ & $0.0104827$ & $-0.0101395$ & $-0.0815755$ & $-0.0358171$ & $-0.0367005$ & $1$ & $-0.123169$ & $0.047257$ & $-0.556787$ & $0.33188$ & $-0.0137415$ & $0.0275431$ & $0.0159602$ & $0.0288392$ & $-0.0229379$ & $0.0224736$ & $0.207378$ & $0.0174347$ & $-0.00486328$ & $-0.0221797$ & $0.010293$ & $0.0257684$ & $-0.0126138$ & $-0.00442953$ & $5.49407e-05$ & $-0.0274087$ & $0.0206497$ & $0.0392798$ & $0.00346421$ & $-0.00679253$ & $0.0151475$ & $-0.00187136$ \\
CHQ1_33 & $-0.0752405$ & $0.0168726$ & $0.0316199$ & $-0.0138459$ & $0.0206214$ & $-0.161358$ & $-0.033807$ & $-0.605828$ & $-0.604906$ & $0.32448$ & $0.198354$ & $-0.0414064$ & $0.0516985$ & $0.420801$ & $0.0716228$ & $0.0458696$ & $0.728851$ & $0.703191$ & $0.71135$ & $-0.161863$ & $-0.237469$ & $-0.238409$ & $-0.123169$ & $1$ & $0.723472$ & $0.170553$ & $-0.389438$ & $-0.00601012$ & $0.00291491$ & $0.025534$ & $0.0421793$ & $-0.0416287$ & $0.0294036$ & $-0.605115$ & $-0.0516013$ & $-0.00816768$ & $-0.0258884$ & $0.0144242$ & $-0.0092932$ & $0.0622604$ & $-0.0120201$ & $0.0105482$ & $-0.0173727$ & $0.0636121$ & $-0.0269333$ & $-0.0180001$ & $-0.00219007$ & $-0.041397$ & $-0.0747077$ \\
CHQ3_11 & $-0.0995283$ & $0.0273231$ & $0.00110643$ & $0.00353764$ & $0.0357009$ & $-0.248537$ & $-0.041311$ & $-0.319043$ & $-0.317476$ & $0.160901$ & $-0.110826$ & $-0.130195$ & $0.0810835$ & $0.605164$ & $-0.0563008$ & $-0.0749611$ & $0.846695$ & $0.863878$ & $0.866353$ & $0.115017$ & $0.107238$ & $0.102893$ & $0.047257$ & $0.723472$ & $1$ & $-0.0643612$ & $0.1659$ & $0.0658383$ & $0.0300338$ & $0.0429189$ & $0.0396377$ & $-0.0573103$ & $0.0582122$ & $-0.202543$ & $-0.0264134$ & $-0.0371591$ & $-0.0498197$ & $0.00977049$ & $-0.00768103$ & $0.0201671$ & $-0.0298531$ & $-0.00376299$ & $-0.0160808$ & $0.0649712$ & $-0.0585185$ & $-0.025749$ & $0.0188981$ & $-0.0437212$ & $-0.0467519$ \\
CHu_11 & $-0.0669401$ & $0.0493727$ & $-0.0270037$ & $0.0195661$ & $-0.0388681$ & $0.114724$ & $0.0786828$ & $-0.601496$ & $-0.589345$ & $0.360271$ & $0.676021$ & $0.192616$ & $-0.0829981$ & $-0.450698$ & $-0.330709$ & $-0.351053$ & $-0.184722$ & $-0.055749$ & $-0.0365049$ & $-0.669996$ & $-0.677498$ & $-0.667691$ & $-0.556787$ & $0.170553$ & $-0.0643612$ & $1$ & $-0.193157$ & $-0.297526$ & $-0.00376858$ & $-0.0768526$ & $-0.0311284$ & $0.0954373$ & $-0.0894089$ & $-0.266783$ & $0.0339569$ & $0.00986678$ & $-0.0194071$ & $0.00909735$ & $0.0176176$ & $-0.000766123$ & $0.0133323$ & $-0.0277706$ & $0.0104234$ & $0.0223457$ & $0.00848045$ & $0.034661$ & $0.00908389$ & $-0.00292754$ & $-0.0410951$ \\
CHd_11 & $-0.0137213$ & $0.00725727$ & $-0.0270222$ & $-0.00717972$ & $0.0113514$ & $-0.0388445$ & $0.0107476$ & $0.400223$ & $0.402367$ & $-0.20799$ & $-0.282084$ & $-0.0467319$ & $-0.00655624$ & $-0.00187004$ & $-0.333867$ & $-0.318237$ & $-0.119379$ & $0.00946546$ & $0.00171262$ & $0.225954$ & $0.347927$ & $0.343657$ & $0.33188$ & $-0.389438$ & $0.1659$ & $-0.193157$ & $1$ & $0.132084$ & $0.0408329$ & $-0.00485545$ & $-0.0210818$ & $0.00775359$ & $-0.00695338$ & $0.688545$ & $0.0303858$ & $-0.0210718$ & $-0.017492$ & $-0.012857$ & $0.0517496$ & $-0.0331293$ & $-0.0151956$ & $-0.040724$ & $-0.0108228$ & $0.0174918$ & $-0.0378974$ & $0.0188973$ & $0.0208594$ & $-0.0222973$ & $0.0127382$ \\
CHd_33 & $0.0175679$ & $-0.00930275$ & $-0.0175916$ & $0.00498649$ & $-0.00150099$ & $-0.104001$ & $-0.0609401$ & $0.374851$ & $0.367952$ & $-0.214977$ & $-0.433029$ & $-0.103188$ & $0.0410891$ & $0.29594$ & $0.228985$ & $0.207556$ & $0.143379$ & $0.0423536$ & $0.0522102$ & $0.429834$ & $0.43544$ & $0.428336$ & $-0.0137415$ & $-0.00601012$ & $0.0658383$ & $-0.297526$ & $0.132084$ & $1$ & $0.0295377$ & $0.0545226$ & $0.0252453$ & $-0.0797913$ & $0.0505657$ & $0.151471$ & $-0.0575291$ & $-0.000904334$ & $0.0208846$ & $-0.053175$ & $-0.0569484$ & $0.0303924$ & $-0.0236016$ & $0.0335521$ & $0.0198691$ & $0.0181437$ & $-0.0244273$ & $0.0293261$ & $0.0373754$ & $0.0117462$ & $0.0098001$ \\
CeH_22r & $0.000372957$ & $0.036543$ & $-0.0220317$ & $0.0146312$ & $-0.00625782$ & $-0.00533392$ & $-0.0935647$ & $-0.00683329$ & $0.00141538$ & $-0.0207321$ & $0.000722245$ & $-0.157862$ & $0.190019$ & $0.0136651$ & $-0.0552953$ & $-0.0216965$ & $0.011752$ & $0.0421781$ & $0.0245645$ & $-0.00445329$ & $0.00653124$ & $0.00524263$ & $0.0275431$ & $0.00291491$ & $0.0300338$ & $-0.00376858$ & $0.0408329$ & $0.0295377$ & $1$ & $0.176175$ & $0.05306$ & $-0.0725606$ & $0.178537$ & $0.0415864$ & $-0.0139246$ & $-0.0999664$ & $0.00325468$ & $-0.0557401$ & $0.0658461$ & $0.0436751$ & $-0.0414519$ & $-0.0307551$ & $-0.0181582$ & $-0.00822579$ & $0.011462$ & $-0.0379845$ & $-0.0161976$ & $0.0332125$ & $0.0220188$ \\
CeH_33r & $-0.0212461$ & $-0.0161686$ & $0.0174534$ & $0.0305852$ & $0.0238391$ & $-0.0200309$ & $-0.515665$ & $0.0283622$ & $0.0559633$ & $-0.1688$ & $-0.0547639$ & $-0.559122$ & $0.684735$ & $0.067905$ & $0.0116433$ & $0.0212998$ & $0.0534121$ & $0.053948$ & $0.0417239$ & $0.055781$ & $0.0553135$ & $0.0580418$ & $0.0159602$ & $0.025534$ & $0.0429189$ & $-0.0768526$ & $-0.00485545$ & $0.0545226$ & $0.176175$ & $1$ & $0.468312$ & $-0.359939$ & $0.802538$ & $0.0163294$ & $0.0890966$ & $-0.012053$ & $-0.163637$ & $-0.0274951$ & $0.00697832$ & $0.0213086$ & $-0.0500697$ & $-0.00771456$ & $0.00896713$ & $0.0260575$ & $0.0247554$ & $0.0174777$ & $0.00148356$ & $0.015372$ & $-0.00967112$ \\
CuH_22r & $-0.032075$ & $0.00818021$ & $-0.0281141$ & $0.0516413$ & $0.0136191$ & $-0.0227385$ & $-0.286892$ & $-0.00630744$ & $0.00837945$ & $-0.0975298$ & $-0.0174485$ & $-0.332724$ & $0.393479$ & $0.0431236$ & $0.0440023$ & $0.014921$ & $0.0370047$ & $0.022654$ & $0.0346267$ & $0.0223424$ & $0.0129584$ & $0.011661$ & $0.0288392$ & $0.0421793$ & $0.0396377$ & $-0.0311284$ & $-0.0210818$ & $0.0252453$ & $0.05306$ & $0.468312$ & $1$ & $-0.179036$ & $0.489016$ & $-0.0468998$ & $0.0459503$ & $-0.0559397$ & $-0.0761073$ & $0.0111998$ & $-0.0195665$ & $-0.0197426$ & $-0.0475384$ & $0.0359808$ & $0.0317735$ & $-0.00926006$ & $0.00749712$ & $0.0430971$ & $0.34693$ & $-0.00671398$ & $-0.0182735$ \\
CuH_33r & $-0.00353042$ & $0.0271585$ & $0.0126431$ & $0.0203347$ & $-0.00387859$ & $0.0554767$ & $0.951809$ & $-0.0445305$ & $-0.0221802$ & $0.182946$ & $0.0860507$ & $0.597278$ & $-0.638774$ & $-0.106522$ & $-0.0327028$ & $-0.038252$ & $-0.0776492$ & $-0.0720706$ & $-0.060539$ & $-0.083663$ & $-0.0838928$ & $-0.0796429$ & $-0.0229379$ & $-0.0416287$ & $-0.0573103$ & $0.0954373$ & $0.00775359$ & $-0.0797913$ & $-0.0725606$ & $-0.359939$ & $-0.179036$ & $1$ & $-0.349731$ & $-0.00664523$ & $-0.035953$ & $0.00396416$ & $0.010428$ & $0.0265484$ & $-0.0130298$ & $-0.00345377$ & $0.0280863$ & $0.0265121$ & $0.0191703$ & $-0.00626679$ & $-0.00332763$ & $0.0103209$ & $-0.000851952$ & $-0.0165335$ & $-0.00601237$ \\
CdH_33r & $0.00883517$ & $0.0147557$ & $0.0289565$ & $0.0450977$ & $0.00163414$ & $0.00474714$ & $-0.519901$ & $0.0327392$ & $0.059168$ & $-0.203513$ & $-0.0680567$ & $-0.550047$ & $0.680793$ & $0.103063$ & $0.041537$ & $0.039009$ & $0.0551079$ & $0.0548856$ & $0.0490158$ & $0.0696872$ & $0.0651348$ & $0.0650645$ & $0.0224736$ & $0.0294036$ & $0.0582122$ & $-0.0894089$ & $-0.00695338$ & $0.0505657$ & $0.178537$ & $0.802538$ & $0.489016$ & $-0.349731$ & $1$ & $-0.0129703$ & $0.0688106$ & $-0.0370057$ & $-0.124945$ & $-0.0340483$ & $-0.0107277$ & $0.00730288$ & $-0.0353752$ & $-0.00496317$ & $-0.0141731$ & $0.00661593$ & $0.0146746$ & $-0.00794719$ & $-0.00555314$ & $0.119838$ & $0.321736$ \\
CLL_1221 & $0.0428692$ & $0.0195982$ & $-0.0137064$ & $-0.00136016$ & $0.0216887$ & $-0.0848119$ & $-0.000607617$ & $0.517742$ & $0.514759$ & $-0.283115$ & $-0.321338$ & $-0.064958$ & $-0.00366195$ & $-0.137653$ & $-0.500313$ & $-0.0531186$ & $-0.217436$ & $-0.0118106$ & $-0.322568$ & $0.260998$ & $0.390196$ & $0.386251$ & $0.207378$ & $-0.605115$ & $-0.202543$ & $-0.266783$ & $0.688545$ & $0.151471$ & $0.0415864$ & $0.0163294$ & $-0.0468998$ & $-0.00664523$ & $-0.0129703$ & $1$ & $0.0387902$ & $0.00897223$ & $0.0171565$ & $-0.0321989$ & $0.0239387$ & $-0.0696504$ & $-0.0207178$ & $-0.026864$ & $-0.0107442$ & $-0.0349139$ & $0.00122531$ & $0.0523262$ & $0.00384031$ & $0.011261$ & $0.0358497$ \\
eHggint & $0.0327669$ & $-0.0334281$ & $-0.0452745$ & $-0.0393392$ & $0.0328901$ & $-0.016293$ & $-0.108439$ & $-0.00994878$ & $-0.0130123$ & $0.0491533$ & $0.031038$ & $-0.0932367$ & $0.157857$ & $-0.0549367$ & $-0.0523579$ & $-0.0700704$ & $-0.027861$ & $-0.0154114$ & $-0.00961462$ & $-0.0322995$ & $-0.024898$ & $-0.0262975$ & $0.0174347$ & $-0.0516013$ & $-0.0264134$ & $0.0339569$ & $0.0303858$ & $-0.0575291$ & $-0.0139246$ & $0.0890966$ & $0.0459503$ & $-0.035953$ & $0.0688106$ & $0.0387902$ & $1$ & $-0.0615313$ & $0.0262647$ & $0.095833$ & $-0.0342916$ & $0.00497489$ & $0.0184583$ & $-0.0113148$ & $-0.0180625$ & $-0.0194294$ & $0.0192762$ & $0.00398341$ & $0.0238837$ & $0.0630998$ & $-0.00426865$ \\
eHggpar & $0.0537465$ & $0.0147106$ & $-0.04198$ & $-0.0276842$ & $0.0564829$ & $-0.0076389$ & $-0.0235028$ & $-0.0297169$ & $-0.034416$ & $0.046261$ & $0.0467442$ & $-0.0230693$ & $0.0383536$ & $-0.0385118$ & $-0.0449355$ & $-0.0212957$ & $-0.0374648$ & $-0.0124989$ & $-0.0291824$ & $-0.0472244$ & $-0.045188$ & $-0.0471917$ & $-0.00486328$ & $-0.00816768$ & $-0.0371591$ & $0.00986678$ & $-0.0210718$ & $-0.000904334$ & $-0.0999664$ & $-0.012053$ & $-0.0559397$ & $0.00396416$ & $-0.0370057$ & $0.00897223$ & $-0.0615313$ & $1$ & $0.0242526$ & $0.00741122$ & $0.00412188$ & $-0.0145622$ & $-0.0318325$ & $0.0174973$ & $0.0475016$ & $0.0352416$ & $0.0255934$ & $-0.00711333$ & $-0.0370204$ & $-0.0300753$ & $-0.0486528$ \\
eHWWint & $0.0870492$ & $0.00247799$ & $-0.0782147$ & $-0.0153599$ & $0.0284639$ & $0.0276815$ & $0.0345553$ & $0.0256821$ & $0.0128758$ & $-0.00765697$ & $-0.0143239$ & $0.0187034$ & $-0.0300452$ & $0.00794752$ & $-0.00760002$ & $0.0121981$ & $-0.0395164$ & $-0.0149417$ & $-0.0245657$ & $0.0129388$ & $0.01359$ & $0.0139813$ & $-0.0221797$ & $-0.0258884$ & $-0.0498197$ & $-0.0194071$ & $-0.017492$ & $0.0208846$ & $0.00325468$ & $-0.163637$ & $-0.0761073$ & $0.010428$ & $-0.124945$ & $0.0171565$ & $0.0262647$ & $0.0242526$ & $1$ & $0.0270797$ & $-0.0214806$ & $-0.0441194$ & $-0.00480745$ & $-0.00869889$ & $0.0570649$ & $-0.0752163$ & $0.0421866$ & $-0.0344604$ & $0.0175636$ & $0.0497229$ & $0.0552162$ \\
eHWWpar & $-0.0216827$ & $-0.0238597$ & $0.00527857$ & $-0.0132251$ & $-0.0486969$ & $0.00723478$ & $0.0270543$ & $-0.0161004$ & $-0.011141$ & $0.0450536$ & $0.0123799$ & $0.0306274$ & $-0.00874824$ & $0.00964437$ & $0.0171783$ & $0.0017548$ & $-0.000222124$ & $-0.0015169$ & $0.000730419$ & $-0.012517$ & $-0.0157395$ & $-0.0190965$ & $0.010293$ & $0.0144242$ & $0.00977049$ & $0.00909735$ & $-0.012857$ & $-0.053175$ & $-0.0557401$ & $-0.0274951$ & $0.0111998$ & $0.0265484$ & $-0.0340483$ & $-0.0321989$ & $0.095833$ & $0.00741122$ & $0.0270797$ & $1$ & $0.0102903$ & $-0.0223729$ & $0.0252752$ & $0.0126841$ & $0.0371462$ & $0.000360259$ & $-0.00450062$ & $-0.0371931$ & $-0.00247978$ & $-0.0114835$ & $-0.0210184$ \\
eHZZint & $-0.0326784$ & $-0.0195454$ & $-0.036502$ & $-0.0147641$ & $-0.0695285$ & $-0.0141802$ & $-0.0254169$ & $-0.0186821$ & $-0.0265127$ & $0.0182438$ & $0.0398138$ & $-0.0651474$ & $0.0580706$ & $-0.053288$ & $-0.0486106$ & $-0.060897$ & $-0.035241$ & $-0.0204047$ & $-0.0109319$ & $-0.0420686$ & $-0.0352354$ & $-0.0349629$ & $0.0257684$ & $-0.0092932$ & $-0.00768103$ & $0.0176176$ & $0.0517496$ & $-0.0569484$ & $0.0658461$ & $0.00697832$ & $-0.0195665$ & $-0.0130298$ & $-0.0107277$ & $0.0239387$ & $-0.0342916$ & $0.00412188$ & $-0.0214806$ & $0.0102903$ & $1$ & $0.0316881$ & $-0.11984$ & $-0.0115106$ & $-0.0363177$ & $-0.0203098$ & $0.0151001$ & $0.00632044$ & $0.0188134$ & $-0.00894096$ & $-0.0237398$ \\
eHZZpar & $-0.0817902$ & $-0.0214244$ & $-0.0277638$ & $0.0222142$ & $0.00672904$ & $0.0108622$ & $-0.00495047$ & $-0.012953$ & $-0.010923$ & $0.0133232$ & $-0.00238003$ & $-0.0310472$ & $0.0371831$ & $0.035638$ & $0.050705$ & $0.000183888$ & $0.0150408$ & $-0.00169941$ & $0.0381716$ & $0.00483826$ & $-0.00253363$ & $0.00457035$ & $-0.0126138$ & $0.0622604$ & $0.0201671$ & $-0.000766123$ & $-0.0331293$ & $0.0303924$ & $0.0436751$ & $0.0213086$ & $-0.0197426$ & $-0.00345377$ & $0.00730288$ & $-0.0696504$ & $0.00497489$ & $-0.0145622$ & $-0.0441194$ & $-0.0223729$ & $0.0316881$ & $1$ & $-0.0146719$ & $0.00914796$ & $-0.00905676$ & $0.0677301$ & $0.00627479$ & $0.0404941$ & $-0.0360812$ & $-0.0122815$ & $-0.061162$ \\
eHZgaint & $0.0374373$ & $-0.0658255$ & $0.0139408$ & $0.0754731$ & $-0.0246556$ & $0.017489$ & $0.0352473$ & $-0.00398239$ & $-0.0046957$ & $-0.0511591$ & $0.0164606$ & $0.0659383$ & $-0.0584824$ & $-0.0219262$ & $0.0114327$ & $-0.0100466$ & $-0.0238736$ & $-0.0325374$ & $-0.0135639$ & $-0.0188242$ & $-0.0174853$ & $-0.0160932$ & $-0.00442953$ & $-0.0120201$ & $-0.0298531$ & $0.0133323$ & $-0.0151956$ & $-0.0236016$ & $-0.0414519$ & $-0.0500697$ & $-0.0475384$ & $0.0280863$ & $-0.0353752$ & $-0.0207178$ & $0.0184583$ & $-0.0318325$ & $-0.00480745$ & $0.0252752$ & $-0.11984$ & $-0.0146719$ & $1$ & $0.0660813$ & $0.0620612$ & $-0.0169527$ & $-0.00342391$ & $-0.0105082$ & $-0.0733393$ & $-0.0433047$ & $0.0185868$ \\
eHZgapar & $-0.0125468$ & $-0.00540673$ & $0.0106896$ & $0.0159121$ & $-0.021964$ & $0.00034102$ & $0.0273294$ & $0.00197973$ & $0.0070664$ & $0.00656365$ & $-0.00856239$ & $0.0331415$ & $-0.0335851$ & $0.0172859$ & $0.0306611$ & $0.0236653$ & $0.0069287$ & $-0.00380712$ & $-0.00202926$ & $0.00835736$ & $0.00494898$ & $0.00516418$ & $5.49407e-05$ & $0.0105482$ & $-0.00376299$ & $-0.0277706$ & $-0.040724$ & $0.0335521$ & $-0.0307551$ & $-0.00771456$ & $0.0359808$ & $0.0265121$ & $-0.00496317$ & $-0.026864$ & $-0.0113148$ & $0.0174973$ & $-0.00869889$ & $0.0126841$ & $-0.0115106$ & $0.00914796$ & $0.0660813$ & $1$ & $0.014122$ & $-0.0642379$ & $-0.038808$ & $-0.0104745$ & $0.0252054$ & $0.0437603$ & $0.00603294$ \\
eHgagaint & $-0.0206258$ & $0.0809231$ & $-0.0460698$ & $0.00673879$ & $-0.0121959$ & $-0.0313277$ & $0.021523$ & $0.00758202$ & $0.0610077$ & $-0.0211826$ & $-0.00303864$ & $-0.00429562$ & $-0.00476018$ & $-0.0214969$ & $0.0297061$ & $-0.0139729$ & $-0.00600398$ & $-0.0289342$ & $0.00336055$ & $0.00838728$ & $0.00363465$ & $0.00762957$ & $-0.0274087$ & $-0.0173727$ & $-0.0160808$ & $0.0104234$ & $-0.0108228$ & $0.0198691$ & $-0.0181582$ & $0.00896713$ & $0.0317735$ & $0.0191703$ & $-0.0141731$ & $-0.0107442$ & $-0.0180625$ & $0.0475016$ & $0.0570649$ & $0.0371462$ & $-0.0363177$ & $-0.00905676$ & $0.0620612$ & $0.014122$ & $1$ & $0.00713599$ & $0.0288579$ & $-0.0287837$ & $-0.00313942$ & $-0.058423$ & $0.0204798$ \\
eHmumuint & $-0.00951676$ & $-0.0104345$ & $-0.000859472$ & $0.0201752$ & $0.0286102$ & $0.0239398$ & $-0.0155241$ & $-0.0511524$ & $-0.0491072$ & $0.0282439$ & $0.0294561$ & $0.0081442$ & $0.0123137$ & $0.0166721$ & $-0.0185051$ & $-0.0427778$ & $0.0381205$ & $0.0459437$ & $0.0637419$ & $-0.0280391$ & $-0.0301081$ & $-0.0260835$ & $0.0206497$ & $0.0636121$ & $0.0649712$ & $0.0223457$ & $0.0174918$ & $0.0181437$ & $-0.00822579$ & $0.0260575$ & $-0.00926006$ & $-0.00626679$ & $0.00661593$ & $-0.0349139$ & $-0.0194294$ & $0.0352416$ & $-0.0752163$ & $0.000360259$ & $-0.0203098$ & $0.0677301$ & $-0.0169527$ & $-0.0642379$ & $0.00713599$ & $1$ & $0.010697$ & $0.05723$ & $-0.00885221$ & $-0.00781582$ & $-0.091339$ \\
eHtautauint & $-0.0256416$ & $-0.00715939$ & $0.00966184$ & $0.00378679$ & $-0.0202615$ & $0.0442517$ & $-0.0149003$ & $-0.0218441$ & $-0.019198$ & $0.000401717$ & $0.047764$ & $-0.00755687$ & $0.0172859$ & $-0.0652035$ & $-0.0227464$ & $0.00920065$ & $-0.0490613$ & $-0.041466$ & $-0.0669109$ & $-0.0455378$ & $-0.0471561$ & $-0.0531286$ & $0.0392798$ & $-0.0269333$ & $-0.0585185$ & $0.00848045$ & $-0.0378974$ & $-0.0244273$ & $0.011462$ & $0.0247554$ & $0.00749712$ & $-0.00332763$ & $0.0146746$ & $0.00122531$ & $0.0192762$ & $0.0255934$ & $0.0421866$ & $-0.00450062$ & $0.0151001$ & $0.00627479$ & $-0.00342391$ & $-0.038808$ & $0.0288579$ & $0.010697$ & $1$ & $0.0632098$ & $-0.0105247$ & $-0.0168894$ & $0.00370422$ \\
eHccint & $-0.00725081$ & $-0.000656209$ & $0.0313315$ & $-0.0334987$ & $-0.00419732$ & $0.012171$ & $0.00256234$ & $-0.00213991$ & $-0.00197188$ & $0.0135817$ & $0.0169043$ & $0.0122638$ & $-0.00430517$ & $-0.0308538$ & $-0.0554587$ & $-0.0225366$ & $-0.0213587$ & $0.00338158$ & $-0.0231098$ & $-0.020372$ & $-0.0155241$ & $-0.00881523$ & $0.00346421$ & $-0.0180001$ & $-0.025749$ & $0.034661$ & $0.0188973$ & $0.0293261$ & $-0.0379845$ & $0.0174777$ & $0.0430971$ & $0.0103209$ & $-0.00794719$ & $0.0523262$ & $0.00398341$ & $-0.00711333$ & $-0.0344604$ & $-0.0371931$ & $0.00632044$ & $0.0404941$ & $-0.0105082$ & $-0.0104745$ & $-0.0287837$ & $0.05723$ & $0.0632098$ & $1$ & $-0.0472838$ & $0.0267163$ & $-0.0373061$ \\
eHccpar & $0.00234835$ & $-0.000379552$ & $-0.0241579$ & $0.0744282$ & $-0.00475782$ & $-0.0301747$ & $-0.00939172$ & $-0.00569827$ & $-0.00602858$ & $0.00928761$ & $0.00602468$ & $-0.0428806$ & $0.0396963$ & $-0.00767128$ & $-0.00430523$ & $0.0114563$ & $0.00281945$ & $-0.000313071$ & $-0.0170376$ & $-0.00960305$ & $-0.00811061$ & $-0.0149163$ & $-0.00679253$ & $-0.00219007$ & $0.0188981$ & $0.00908389$ & $0.0208594$ & $0.0373754$ & $-0.0161976$ & $0.00148356$ & $0.34693$ & $-0.000851952$ & $-0.00555314$ & $0.00384031$ & $0.0238837$ & $-0.0370204$ & $0.0175636$ & $-0.00247978$ & $0.0188134$ & $-0.0360812$ & $-0.0733393$ & $0.0252054$ & $-0.00313942$ & $-0.00885221$ & $-0.0105247$ & $-0.0472838$ & $1$ & $0.0185587$ & $-0.0241205$ \\
eHbbint & $0.0679052$ & $0.00985282$ & $-0.0375537$ & $0.0283568$ & $-0.0343549$ & $-0.00907787$ & $-0.0194663$ & $0.0124131$ & $0.0153636$ & $-0.00291782$ & $-0.00360025$ & $-0.0142587$ & $0.0275239$ & $0.0131793$ & $-0.0139889$ & $-0.0145382$ & $-0.0324643$ & $-0.0104001$ & $-0.0134708$ & $-0.00119428$ & $0.00525162$ & $0.00849925$ & $0.0151475$ & $-0.041397$ & $-0.0437212$ & $-0.00292754$ & $-0.0222973$ & $0.0117462$ & $0.0332125$ & $0.015372$ & $-0.00671398$ & $-0.0165335$ & $0.119838$ & $0.011261$ & $0.0630998$ & $-0.0300753$ & $0.0497229$ & $-0.0114835$ & $-0.00894096$ & $-0.0122815$ & $-0.0433047$ & $0.0437603$ & $-0.058423$ & $-0.00781582$ & $-0.0168894$ & $0.0267163$ & $0.0185587$ & $1$ & $0.0103796$ \\
eHbbpar & $-0.00899423$ & $0.0374832$ & $0.00718188$ & $0.0306133$ & $-0.0200005$ & $0.0233851$ & $-0.00549357$ & $0.0811397$ & $0.0766395$ & $-0.0599593$ & $-0.0633816$ & $-0.00717095$ & $-0.0153117$ & $0.03687$ & $0.0354001$ & $0.0556939$ & $-0.0488188$ & $-0.0400105$ & $-0.055338$ & $0.0621183$ & $0.0623775$ & $0.0678262$ & $-0.00187136$ & $-0.0747077$ & $-0.0467519$ & $-0.0410951$ & $0.0127382$ & $0.0098001$ & $0.0220188$ & $-0.00967112$ & $-0.0182735$ & $-0.00601237$ & $0.321736$ & $0.0358497$ & $-0.00426865$ & $-0.0486528$ & $0.0552162$ & $-0.0210184$ & $-0.0237398$ & $-0.061162$ & $0.0185868$ & $0.00603294$ & $0.0204798$ & $-0.091339$ & $0.00370422$ & $-0.0373061$ & $-0.0241205$ & $0.0103796$ & $1$ \\
