 & AlsMz & dAle5Mz & mtop & mHl & Mz & CW & CHG & CHWB & CHWHB_gaga & CHWHB_gagaorth & CHD & CHbox & CH & CHL1_11 & CHL1_22 & CHL1_33 & CHL3_11 & CHL3_22 & CHL3_33 & CHe_11 & CHe_22 & CHe_33 & CHQ1_11 & CHQ1_33 & CHQ3_11 & CHu_11 & CHd_11 & CHd_33 & CeH_22r & CeH_33r & CuH_22r & CuH_33r & CdH_33r & CLL_1221 & eHggint & eHggpar & eHWWint & eHWWpar & eHZZint & eHZZpar & eHZgaint & eHZgapar & eHgagaint & eHmumuint & eHtautauint & eHccint & eHccpar & eHbbint & eHbbpar \\
AlsMz & $1$ & $0.18101$ & $0.236761$ & $-0.16993$ & $-0.0241661$ & $0.00489441$ & $-0.00457216$ & $-0.0561249$ & $-0.0393811$ & $0.00890644$ & $0.0501667$ & $0.00964486$ & $-0.0195227$ & $-0.0237023$ & $-0.00120672$ & $0.00121566$ & $-0.00418499$ & $0.00113536$ & $-0.002296$ & $-0.0451646$ & $-0.0541783$ & $-0.0577616$ & $-0.0189375$ & $-0.00169574$ & $-0.100809$ & $-0.0110893$ & $-0.0974851$ & $-0.0071501$ & $0.00947317$ & $-0.0213361$ & $-0.0430996$ & $-0.00111549$ & $0.000512856$ & $-0.0388385$ & $0.124784$ & $0.0112619$ & $0.053374$ & $0.0689764$ & $0.0558445$ & $0.0396963$ & $-0.026191$ & $0.0572126$ & $0.39645$ & $0.069648$ & $0.0795797$ & $0.111575$ & $-0.112563$ & $-0.0762818$ & $0.0998031$ \\
dAle5Mz & $0.18101$ & $1$ & $0.172378$ & $-0.307442$ & $-0.00300534$ & $-0.0239001$ & $0.0647389$ & $-0.114696$ & $-0.11095$ & $0.0855687$ & $0.0865252$ & $0.062168$ & $-0.0335655$ & $-0.0293122$ & $0.029545$ & $0.0214609$ & $0.0509872$ & $0.0133163$ & $0.0200563$ & $-0.0597075$ & $-0.0753595$ & $-0.0762636$ & $-0.0584228$ & $0.0574369$ & $0.00824181$ & $0.0740186$ & $-0.0848757$ & $-0.0269946$ & $0.0186386$ & $-0.0417315$ & $-0.0797426$ & $0.0655884$ & $-0.0321099$ & $-0.0586855$ & $0.136148$ & $-0.104822$ & $0.139028$ & $0.02636$ & $0.217568$ & $0.0169579$ & $-0.0225242$ & $0.00557783$ & $0.00569776$ & $0.220567$ & $-0.0152603$ & $0.0486661$ & $-0.179143$ & $-0.382948$ & $0.142718$ \\
mtop & $0.236761$ & $0.172378$ & $1$ & $-0.167933$ & $-0.0235792$ & $-0.017583$ & $0.0150575$ & $-0.0328201$ & $-0.0310937$ & $0.0190143$ & $0.0303325$ & $-0.000545204$ & $-0.0239723$ & $-0.00628952$ & $-0.0134382$ & $-0.0240709$ & $0.0101929$ & $0.013461$ & $0.0281102$ & $-0.022938$ & $-0.0214469$ & $-0.0209938$ & $-0.012858$ & $0.0157532$ & $0.00951837$ & $0.0122072$ & $0.00606486$ & $-0.0026161$ & $-0.0487105$ & $-0.00701237$ & $-0.0714328$ & $0.0196823$ & $-0.0709394$ & $-0.0101858$ & $0.118939$ & $0.064035$ & $-0.0484564$ & $0.0337166$ & $-0.0419803$ & $-0.0709144$ & $0.0784551$ & $0.043972$ & $0.0406417$ & $-0.0557708$ & $0.0781771$ & $-0.136907$ & $-0.266615$ & $-0.130978$ & $-0.070451$ \\
mHl & $-0.16993$ & $-0.307442$ & $-0.167933$ & $1$ & $0.0153446$ & $-0.0271679$ & $-0.0518915$ & $0.0781091$ & $0.0714405$ & $-0.029264$ & $-0.0570102$ & $0.00143706$ & $0.0343051$ & $-0.0169767$ & $0.00584074$ & $0.0310141$ & $-0.02581$ & $-0.0354807$ & $-0.0570398$ & $0.0478565$ & $0.052379$ & $0.0530434$ & $0.0218329$ & $-0.0628398$ & $-0.0122228$ & $-0.0470529$ & $0.046453$ & $0.0133416$ & $-0.0444319$ & $0.00143425$ & $0.00469436$ & $-0.0469467$ & $-0.100152$ & $0.0507281$ & $-0.0535007$ & $0.215298$ & $-0.0153909$ & $-0.0413037$ & $0.168424$ & $-0.0293416$ & $-0.0974339$ & $0.049764$ & $-0.0654322$ & $-0.148833$ & $-0.0834134$ & $0.16763$ & $-0.12366$ & $0.213274$ & $-0.400656$ \\
Mz & $-0.0241661$ & $-0.00300534$ & $-0.0235792$ & $0.0153446$ & $1$ & $0.00117695$ & $0.0192065$ & $0.0111336$ & $0.0142797$ & $-0.00768411$ & $0.00344908$ & $0.00269151$ & $0.0177185$ & $-0.0075618$ & $-0.00815893$ & $0.0238295$ & $-0.00976768$ & $-0.00340939$ & $-0.0316577$ & $0.00509616$ & $0.00468702$ & $0.00430888$ & $-0.00872983$ & $-0.021768$ & $-0.0136451$ & $0.00672106$ & $-0.00292297$ & $-0.0111289$ & $0.0128284$ & $0.00422914$ & $0.00194161$ & $0.0188956$ & $0.0126658$ & $0.0177657$ & $-0.00571945$ & $-0.0128867$ & $0.0126153$ & $0.043601$ & $0.0235446$ & $-0.0340443$ & $-0.0282002$ & $-0.00898057$ & $0.0111307$ & $0.0056566$ & $-0.0162515$ & $-0.0102233$ & $0.00646357$ & $-0.0186913$ & $0.00661281$ \\
CW & $0.00489441$ & $-0.0239001$ & $-0.017583$ & $-0.0271679$ & $0.00117695$ & $1$ & $0.0125319$ & $-0.13282$ & $-0.132263$ & $0.0145455$ & $0.191879$ & $0.0493464$ & $0.0141018$ & $0.0211717$ & $-0.0830735$ & $-0.0676002$ & $-0.260687$ & $-0.0447298$ & $-0.0555565$ & $-0.18775$ & $-0.197366$ & $-0.196092$ & $-0.0344569$ & $0.00363456$ & $-0.105009$ & $0.123513$ & $-0.120496$ & $-0.0497581$ & $0.00666162$ & $-0.00250313$ & $-0.0102753$ & $0.0125367$ & $-0.0194021$ & $-0.131761$ & $-0.00613187$ & $0.00979505$ & $0.0274797$ & $0.0379176$ & $-0.00452438$ & $0.0279498$ & $0.0469977$ & $0.000977844$ & $-0.0156292$ & $0.0114047$ & $0.0097734$ & $0.0151174$ & $-0.00292844$ & $-0.00913699$ & $-0.0187116$ \\
CHG & $-0.00457216$ & $0.0647389$ & $0.0150575$ & $-0.0518915$ & $0.0192065$ & $0.0125319$ & $1$ & $-0.133935$ & $-0.0811023$ & $0.0706826$ & $0.0989552$ & $-0.100283$ & $-0.281977$ & $0.0295207$ & $-0.0147157$ & $-0.0544541$ & $0.0647232$ & $0.0726003$ & $0.0995777$ & $-0.0955151$ & $-0.101323$ & $-0.101007$ & $-0.0338251$ & $0.112394$ & $0.0734377$ & $0.0791348$ & $-0.062267$ & $-0.0747919$ & $-0.00543284$ & $-0.126899$ & $-0.0715513$ & $0.93338$ & $-0.141437$ & $-0.0954247$ & $-0.0191189$ & $-0.00635558$ & $0.0154151$ & $0.0503157$ & $0.0114008$ & $0.0065649$ & $-0.0342923$ & $-0.0155213$ & $0.0193751$ & $0.05631$ & $-0.028756$ & $0.0394349$ & $0.0260814$ & $-0.0382864$ & $0.0428762$ \\
CHWB & $-0.0561249$ & $-0.114696$ & $-0.0328201$ & $0.0781091$ & $0.0111336$ & $-0.13282$ & $-0.133935$ & $1$ & $0.985312$ & $-0.570781$ & $-0.874649$ & $-0.153616$ & $0.346984$ & $0.0858855$ & $0.293498$ & $0.322546$ & $-0.241413$ & $-0.425162$ & $-0.45205$ & $0.845363$ & $0.890516$ & $0.874232$ & $0.0712811$ & $-0.67486$ & $-0.41848$ & $-0.518252$ & $0.384894$ & $0.309305$ & $0.007558$ & $0.113543$ & $0.0581652$ & $-0.126408$ & $0.142643$ & $0.5729$ & $-0.00701835$ & $-0.0319162$ & $0.0240039$ & $-0.0172339$ & $-0.0646587$ & $0.00323791$ & $-0.0423145$ & $-0.0234176$ & $0.0673903$ & $0.00162511$ & $-0.0573343$ & $-0.0263253$ & $0.0393256$ & $0.0760744$ & $0.00418224$ \\
CHWHB_gaga & $-0.0393811$ & $-0.11095$ & $-0.0310937$ & $0.0714405$ & $0.0142797$ & $-0.132263$ & $-0.0811023$ & $0.985312$ & $1$ & $-0.562396$ & $-0.857582$ & $-0.133056$ & $0.34108$ & $0.0754336$ & $0.29057$ & $0.315703$ & $-0.245822$ & $-0.427532$ & $-0.451372$ & $0.828979$ & $0.873412$ & $0.857917$ & $0.0669516$ & $-0.668111$ & $-0.421934$ & $-0.505994$ & $0.37748$ & $0.30254$ & $0.0142458$ & $0.131098$ & $0.0624298$ & $-0.0834299$ & $0.166663$ & $0.563498$ & $-0.0175598$ & $-0.0306844$ & $0.0303636$ & $-0.00985872$ & $-0.0616152$ & $0.00239576$ & $-0.0584444$ & $-0.0287846$ & $0.11201$ & $0.0015591$ & $-0.0668679$ & $-0.0111633$ & $0.0314098$ & $0.0675036$ & $0.0239903$ \\
CHWHB_gagaorth & $0.00890644$ & $0.0855687$ & $0.0190143$ & $-0.029264$ & $-0.00768411$ & $0.0145455$ & $0.0706826$ & $-0.570781$ & $-0.562396$ & $1$ & $0.340122$ & $0.521835$ & $-0.246393$ & $0.252992$ & $-0.127765$ & $-0.160073$ & $0.454407$ & $0.503338$ & $0.524973$ & $-0.325759$ & $-0.353444$ & $-0.347493$ & $-0.0688522$ & $0.567601$ & $0.507579$ & $0.231099$ & $-0.192676$ & $-0.134683$ & $-0.0161333$ & $-0.139734$ & $-0.0848758$ & $0.074385$ & $-0.177698$ & $-0.348054$ & $0.0441943$ & $0.026168$ & $-0.0172323$ & $0.0188256$ & $0.0112907$ & $-0.00900813$ & $-2.6739e-05$ & $0.0262$ & $-0.0574617$ & $-0.00780036$ & $0.0480954$ & $0.0255628$ & $-0.0487432$ & $-0.0597294$ & $-0.0362551$ \\
CHD & $0.0501667$ & $0.0865252$ & $0.0303325$ & $-0.0570102$ & $0.00344908$ & $0.191879$ & $0.0989552$ & $-0.874649$ & $-0.857582$ & $0.340122$ & $1$ & $0.223006$ & $-0.169804$ & $-0.50963$ & $-0.407872$ & $-0.433856$ & $-0.22339$ & $0.0440271$ & $0.0770586$ & $-0.990171$ & $-0.991394$ & $-0.970855$ & $-0.0102196$ & $0.304643$ & $0.0241531$ & $0.569528$ & $-0.270836$ & $-0.335549$ & $0.0008479$ & $-0.0690699$ & $-0.0290186$ & $0.108115$ & $-0.0867509$ & $-0.383405$ & $0.0187662$ & $0.0189297$ & $-0.0131624$ & $0.029567$ & $0.0471459$ & $-0.00820636$ & $0.0377455$ & $0.0187434$ & $-0.0260519$ & $0.00529923$ & $0.0169585$ & $0.0206036$ & $-0.0199217$ & $-0.0575488$ & $0.00704756$ \\
CHbox & $0.00964486$ & $0.062168$ & $-0.000545204$ & $0.00143706$ & $0.00269151$ & $0.0493464$ & $-0.100283$ & $-0.153616$ & $-0.133056$ & $0.521835$ & $0.223006$ & $1$ & $0.347958$ & $-0.198058$ & $-0.00928135$ & $-0.0394331$ & $-0.154908$ & $-0.11835$ & $-0.0928364$ & $-0.202403$ & $-0.228027$ & $-0.220651$ & $-0.0115588$ & $0.0191709$ & $-0.114538$ & $0.122457$ & $-0.118013$ & $-0.0772924$ & $0.0488793$ & $0.26458$ & $0.0708205$ & $-0.0122548$ & $0.302433$ & $-0.126949$ & $0.0891528$ & $0.0171506$ & $-0.0191489$ & $0.0181032$ & $0.0124713$ & $-0.0268917$ & $0.0178856$ & $-0.00397021$ & $-0.0307036$ & $0.0211414$ & $0.00651277$ & $0.0125099$ & $-0.0285279$ & $-0.0438245$ & $-0.0324505$ \\
CH & $-0.0195227$ & $-0.0335655$ & $-0.0239723$ & $0.0343051$ & $0.0177185$ & $0.0141018$ & $-0.281977$ & $0.346984$ & $0.34108$ & $-0.246393$ & $-0.169804$ & $0.347958$ & $1$ & $-0.227637$ & $0.0976247$ & $0.0938618$ & $-0.357673$ & $-0.386446$ & $-0.380079$ & $0.167602$ & $0.177268$ & $0.177975$ & $0.0291788$ & $-0.381306$ & $-0.380393$ & $-0.118058$ & $0.0924668$ & $0.0729167$ & $0.0535741$ & $0.289638$ & $0.131675$ & $-0.222665$ & $0.354356$ & $0.189607$ & $0.0340867$ & $-0.0162273$ & $-0.000815081$ & $0.0111559$ & $0.014115$ & $-0.00877552$ & $-0.0129554$ & $-0.037121$ & $0.0120043$ & $0.0342611$ & $-0.025504$ & $0.00642636$ & $0.0251248$ & $0.050009$ & $-0.0118952$ \\
CHL1_11 & $-0.0237023$ & $-0.0293122$ & $-0.00628952$ & $-0.0169767$ & $-0.0075618$ & $0.0211717$ & $0.0295207$ & $0.0858855$ & $0.0754336$ & $0.252992$ & $-0.50963$ & $-0.198058$ & $-0.227637$ & $1$ & $0.244327$ & $0.251956$ & $0.663847$ & $0.618814$ & $0.596035$ & $0.528028$ & $0.473306$ & $0.455527$ & $-0.089372$ & $0.46986$ & $0.603897$ & $-0.2608$ & $-0.0854227$ & $0.15216$ & $-0.0105088$ & $-0.0465825$ & $-0.0310758$ & $-0.00159593$ & $-0.0591506$ & $-0.197271$ & $-0.0348969$ & $0.0272317$ & $-0.00702418$ & $-0.0283875$ & $0.00634974$ & $0.0125037$ & $-0.00416469$ & $0.0102372$ & $-0.0570826$ & $-0.00846551$ & $0.0408196$ & $0.00582681$ & $-0.00386565$ & $0.00189837$ & $-0.0161687$ \\
CHL1_22 & $-0.00120672$ & $0.029545$ & $-0.0134382$ & $0.00584074$ & $-0.00815893$ & $-0.0830735$ & $-0.0147157$ & $0.293498$ & $0.29057$ & $-0.127765$ & $-0.407872$ & $-0.00928135$ & $0.0976247$ & $0.244327$ & $1$ & $0.43918$ & $0.14282$ & $-0.448528$ & $-0.0510722$ & $0.474203$ & $0.325789$ & $0.321115$ & $-0.158287$ & $0.0907736$ & $-0.143742$ & $-0.21267$ & $-0.409389$ & $0.117002$ & $-0.00149808$ & $0.0163959$ & $0.00383595$ & $-0.0210297$ & $0.0154682$ & $-0.583163$ & $-0.0108649$ & $0.0467647$ & $0.0246577$ & $-0.00262393$ & $0.080598$ & $-0.0220768$ & $-0.0657781$ & $-0.0558153$ & $-0.00647118$ & $0.0431516$ & $0.0285747$ & $0.0183115$ & $-0.057688$ & $-0.0237697$ & $-0.0108808$ \\
CHL1_33 & $0.00121566$ & $0.0214609$ & $-0.0240709$ & $0.0310141$ & $0.0238295$ & $-0.0676002$ & $-0.0544541$ & $0.322546$ & $0.315703$ & $-0.160073$ & $-0.433856$ & $-0.0394331$ & $0.0938618$ & $0.251956$ & $0.43918$ & $1$ & $0.140728$ & $-0.0370308$ & $-0.454165$ & $0.49759$ & $0.355674$ & $0.374323$ & $-0.175262$ & $0.0755775$ & $-0.139594$ & $-0.202061$ & $-0.371479$ & $0.101797$ & $0.0193125$ & $0.032513$ & $0.00968386$ & $-0.0549764$ & $0.0444796$ & $-0.0622597$ & $0.00231914$ & $0.0149737$ & $0.0164793$ & $-0.0123801$ & $0.104296$ & $-0.0262803$ & $0.010888$ & $-0.0425468$ & $-0.0345041$ & $-0.0356569$ & $0.0245704$ & $-0.0383376$ & $-0.0555157$ & $-0.0220275$ & $0.0121971$ \\
CHL3_11 & $-0.00418499$ & $0.0509872$ & $0.0101929$ & $-0.02581$ & $-0.00976768$ & $-0.260687$ & $0.0647232$ & $-0.241413$ & $-0.245822$ & $0.454407$ & $-0.22339$ & $-0.154908$ & $-0.357673$ & $0.663847$ & $0.14282$ & $0.140728$ & $1$ & $0.749435$ & $0.738363$ & $0.244963$ & $0.195368$ & $0.18942$ & $-0.078989$ & $0.676378$ & $0.795083$ & $-0.0959308$ & $-0.10608$ & $0.0463861$ & $-0.0260102$ & $-0.0909888$ & $-0.0617024$ & $0.0303306$ & $-0.114633$ & $-0.226424$ & $-0.0213828$ & $0.00640219$ & $-0.0303965$ & $-0.0209795$ & $0.00375704$ & $0.00883092$ & $0.00958889$ & $0.0135362$ & $-0.0800922$ & $-0.0268091$ & $0.0866986$ & $0.00367298$ & $-0.0365197$ & $-0.0214913$ & $-0.0320687$ \\
CHL3_22 & $0.00113536$ & $0.0133163$ & $0.013461$ & $-0.0354807$ & $-0.00340939$ & $-0.0447298$ & $0.0726003$ & $-0.425162$ & $-0.427532$ & $0.503338$ & $0.0440271$ & $-0.11835$ & $-0.386446$ & $0.618814$ & $-0.448528$ & $-0.0370308$ & $0.749435$ & $1$ & $0.688098$ & $-0.0462563$ & $-0.0370555$ & $-0.0393821$ & $-0.0180319$ & $0.62695$ & $0.807736$ & $0.0512148$ & $0.0368758$ & $-0.0312952$ & $-0.0126878$ & $-0.0914862$ & $-0.0550793$ & $0.0462547$ & $-0.111103$ & $0.0384338$ & $-0.0183458$ & $-0.00391154$ & $-0.0375818$ & $-0.0191138$ & $-0.0190566$ & $0.0212364$ & $0.054193$ & $0.043397$ & $-0.0766664$ & $-0.0501043$ & $0.0559911$ & $-0.00573706$ & $0.00457703$ & $-0.0124947$ & $-0.0141649$ \\
CHL3_33 & $-0.002296$ & $0.0200563$ & $0.0281102$ & $-0.0570398$ & $-0.0316577$ & $-0.0555565$ & $0.0995777$ & $-0.45205$ & $-0.451372$ & $0.524973$ & $0.0770586$ & $-0.0928364$ & $-0.380079$ & $0.596035$ & $-0.0510722$ & $-0.454165$ & $0.738363$ & $0.688098$ & $1$ & $-0.0796044$ & $-0.0691212$ & $-0.0692141$ & $0.00451223$ & $0.629077$ & $0.803079$ & $0.0477915$ & $0.0263782$ & $-0.0256784$ & $-0.0279053$ & $-0.0992453$ & $-0.0593551$ & $0.0691491$ & $-0.131575$ & $-0.340006$ & $-0.0288786$ & $0.0167102$ & $-0.0283007$ & $-0.0116475$ & $-0.0402284$ & $0.019253$ & $-0.00269361$ & $0.0379874$ & $-0.0542052$ & $0.0111113$ & $0.0603069$ & $0.0340238$ & $0.000829728$ & $-0.0127132$ & $-0.0361047$ \\
CHe_11 & $-0.0451646$ & $-0.0597075$ & $-0.022938$ & $0.0478565$ & $0.00509616$ & $-0.18775$ & $-0.0955151$ & $0.845363$ & $0.828979$ & $-0.325759$ & $-0.990171$ & $-0.202403$ & $0.167602$ & $0.528028$ & $0.474203$ & $0.49759$ & $0.244963$ & $-0.0462563$ & $-0.0796044$ & $1$ & $0.97258$ & $0.952933$ & $-0.0176091$ & $-0.251011$ & $-0.0179626$ & $-0.558683$ & $0.194112$ & $0.327579$ & $0.00243876$ & $0.0673903$ & $0.0264986$ & $-0.103901$ & $0.0847123$ & $0.303467$ & $-0.0169747$ & $-0.0129739$ & $0.0162938$ & $-0.0299202$ & $-0.0270251$ & $0.0048452$ & $-0.0361569$ & $-0.0230799$ & $0.0178425$ & $-0.00160214$ & $-0.0119555$ & $-0.0213986$ & $0.00799436$ & $0.0417413$ & $-0.00418642$ \\
CHe_22 & $-0.0541783$ & $-0.0753595$ & $-0.0214469$ & $0.052379$ & $0.00468702$ & $-0.197366$ & $-0.101323$ & $0.890516$ & $0.873412$ & $-0.353444$ & $-0.991394$ & $-0.228027$ & $0.177268$ & $0.473306$ & $0.325789$ & $0.355674$ & $0.195368$ & $-0.0370555$ & $-0.0691212$ & $0.97258$ & $1$ & $0.975321$ & $0.0370445$ & $-0.356508$ & $-0.0285823$ & $-0.570223$ & $0.349267$ & $0.337612$ & $-0.00179068$ & $0.0722468$ & $0.0295235$ & $-0.109883$ & $0.0905607$ & $0.466121$ & $-0.0162957$ & $-0.0275851$ & $0.015964$ & $-0.0296873$ & $-0.0608294$ & $0.0103821$ & $-0.0352986$ & $-0.0132692$ & $0.03194$ & $-0.00194073$ & $-0.0225406$ & $-0.021917$ & $0.0231619$ & $0.0560184$ & $-0.00547974$ \\
CHe_33 & $-0.0577616$ & $-0.0762636$ & $-0.0209938$ & $0.0530434$ & $0.00430888$ & $-0.196092$ & $-0.101007$ & $0.874232$ & $0.857917$ & $-0.347493$ & $-0.970855$ & $-0.220651$ & $0.177975$ & $0.455527$ & $0.321115$ & $0.374323$ & $0.18942$ & $-0.0393821$ & $-0.0692141$ & $0.952933$ & $0.975321$ & $1$ & $0.0388603$ & $-0.350286$ & $-0.0287255$ & $-0.559355$ & $0.344713$ & $0.330962$ & $-0.000704683$ & $0.0729695$ & $0.0298251$ & $-0.110374$ & $0.089926$ & $0.460514$ & $-0.0221107$ & $-0.0322626$ & $0.0143097$ & $-0.029262$ & $-0.0601555$ & $0.0112181$ & $-0.0403007$ & $-0.0149552$ & $0.0322492$ & $-0.00148411$ & $-0.014849$ & $-0.0192833$ & $0.0234738$ & $0.0574023$ & $-0.0082331$ \\
CHQ1_11 & $-0.0189375$ & $-0.0584228$ & $-0.012858$ & $0.0218329$ & $-0.00872983$ & $-0.0344569$ & $-0.0338251$ & $0.0712811$ & $0.0669516$ & $-0.0688522$ & $-0.0102196$ & $-0.0115588$ & $0.0291788$ & $-0.089372$ & $-0.158287$ & $-0.175262$ & $-0.078989$ & $-0.0180319$ & $0.00451223$ & $-0.0176091$ & $0.0370445$ & $0.0388603$ & $1$ & $-0.142576$ & $0.0493432$ & $-0.672765$ & $0.334237$ & $0.0390922$ & $0.00450179$ & $0.0406085$ & $0.0371085$ & $-0.0207347$ & $0.0548085$ & $0.188318$ & $0.0393183$ & $-0.0259258$ & $-0.0286889$ & $-0.0323538$ & $-0.0591003$ & $-0.00247471$ & $-0.0118583$ & $0.0390174$ & $0.0300095$ & $-0.0232771$ & $-0.0223773$ & $-0.0336404$ & $0.0977183$ & $0.0911872$ & $0.0123133$ \\
CHQ1_33 & $-0.00169574$ & $0.0574369$ & $0.0157532$ & $-0.0628398$ & $-0.021768$ & $0.00363456$ & $0.112394$ & $-0.67486$ & $-0.668111$ & $0.567601$ & $0.304643$ & $0.0191709$ & $-0.381306$ & $0.46986$ & $0.0907736$ & $0.0755775$ & $0.676378$ & $0.62695$ & $0.629077$ & $-0.251011$ & $-0.356508$ & $-0.350286$ & $-0.142576$ & $1$ & $0.658185$ & $0.212455$ & $-0.370965$ & $-0.0483141$ & $-0.0156372$ & $-0.110787$ & $-0.0701784$ & $0.0880093$ & $-0.125013$ & $-0.616884$ & $-0.0155401$ & $0.0380943$ & $-0.0367014$ & $-0.00120884$ & $0.0466964$ & $0.0088956$ & $0.0238726$ & $0.00428288$ & $-0.101595$ & $-0.0183152$ & $0.0604321$ & $-0.00159802$ & $-0.038371$ & $-0.0493485$ & $-0.00409337$ \\
CHQ3_11 & $-0.100809$ & $0.00824181$ & $0.00951837$ & $-0.0122228$ & $-0.0136451$ & $-0.105009$ & $0.0734377$ & $-0.41848$ & $-0.421934$ & $0.507579$ & $0.0241531$ & $-0.114538$ & $-0.380393$ & $0.603897$ & $-0.143742$ & $-0.139594$ & $0.795083$ & $0.807736$ & $0.803079$ & $-0.0179626$ & $-0.0285823$ & $-0.0287255$ & $0.0493432$ & $0.658185$ & $1$ & $0.0459956$ & $0.232467$ & $-0.0324326$ & $-0.0105597$ & $-0.104349$ & $-0.0720162$ & $0.041981$ & $-0.13496$ & $-0.201442$ & $-0.0395215$ & $-0.00606534$ & $-0.0316615$ & $-0.0234408$ & $-0.0440228$ & $0.020628$ & $0.0217935$ & $0.0323407$ & $-0.0922771$ & $-0.00972432$ & $0.0399985$ & $-0.00265796$ & $-0.00407129$ & $-0.00342669$ & $-0.049264$ \\
CHu_11 & $-0.0110893$ & $0.0740186$ & $0.0122072$ & $-0.0470529$ & $0.00672106$ & $0.123513$ & $0.0791348$ & $-0.518252$ & $-0.505994$ & $0.231099$ & $0.569528$ & $0.122457$ & $-0.118058$ & $-0.2608$ & $-0.21267$ & $-0.202061$ & $-0.0959308$ & $0.0512148$ & $0.0477915$ & $-0.558683$ & $-0.570223$ & $-0.559355$ & $-0.672765$ & $0.212455$ & $0.0459956$ & $1$ & $-0.153492$ & $-0.221503$ & $0.00756856$ & $-0.0756133$ & $-0.0594217$ & $0.0738409$ & $-0.0976494$ & $-0.248611$ & $-0.0185097$ & $-0.00990614$ & $0.00850497$ & $0.0436931$ & $0.0160426$ & $0.00456381$ & $0.0371767$ & $-0.00599848$ & $-0.0386952$ & $0.0271818$ & $0.0200199$ & $0.051101$ & $-0.0608065$ & $-0.0811288$ & $-0.0221377$ \\
CHd_11 & $-0.0974851$ & $-0.0848757$ & $0.00606486$ & $0.046453$ & $-0.00292297$ & $-0.120496$ & $-0.062267$ & $0.384894$ & $0.37748$ & $-0.192676$ & $-0.270836$ & $-0.118013$ & $0.0924668$ & $-0.0854227$ & $-0.409389$ & $-0.371479$ & $-0.10608$ & $0.0368758$ & $0.0263782$ & $0.194112$ & $0.349267$ & $0.344713$ & $0.334237$ & $-0.370965$ & $0.232467$ & $-0.153492$ & $1$ & $0.0944091$ & $0.00893698$ & $0.0275224$ & $-0.00612467$ & $-0.0627684$ & $0.0400128$ & $0.667752$ & $-0.01184$ & $-0.0841399$ & $-0.00433191$ & $-0.00999997$ & $-0.1741$ & $0.0371808$ & $-0.00891826$ & $0.0359335$ & $0.0569371$ & $0.0193849$ & $-0.0819842$ & $-0.020358$ & $0.0719657$ & $0.084325$ & $-0.0195212$ \\
CHd_33 & $-0.0071501$ & $-0.0269946$ & $-0.0026161$ & $0.0133416$ & $-0.0111289$ & $-0.0497581$ & $-0.0747919$ & $0.309305$ & $0.30254$ & $-0.134683$ & $-0.335549$ & $-0.0772924$ & $0.0729167$ & $0.15216$ & $0.117002$ & $0.101797$ & $0.0463861$ & $-0.0312952$ & $-0.0256784$ & $0.327579$ & $0.337612$ & $0.330962$ & $0.0390922$ & $-0.0483141$ & $-0.0324326$ & $-0.221503$ & $0.0944091$ & $1$ & $-0.00611866$ & $0.0366247$ & $0.0234336$ & $-0.0758033$ & $0.0466645$ & $0.156682$ & $0.0202864$ & $-0.0134248$ & $0.0246312$ & $0.00605506$ & $-0.0316015$ & $0.0110852$ & $-0.0311577$ & $-0.0111071$ & $0.0161$ & $-0.00562696$ & $4.8836e-07$ & $-0.0243345$ & $0.043484$ & $-0.00109588$ & $0.00106791$ \\
CeH_22r & $0.00947317$ & $0.0186386$ & $-0.0487105$ & $-0.0444319$ & $0.0128284$ & $0.00666162$ & $-0.00543284$ & $0.007558$ & $0.0142458$ & $-0.0161333$ & $0.0008479$ & $0.0488793$ & $0.0535741$ & $-0.0105088$ & $-0.00149808$ & $0.0193125$ & $-0.0260102$ & $-0.0126878$ & $-0.0279053$ & $0.00243876$ & $-0.00179068$ & $-0.000704683$ & $0.00450179$ & $-0.0156372$ & $-0.0105597$ & $0.00756856$ & $0.00893698$ & $-0.00611866$ & $1$ & $0.0623174$ & $0.0205767$ & $-0.0179598$ & $0.0614561$ & $0.00476815$ & $-0.0322678$ & $-0.046049$ & $0.00616875$ & $-0.00696267$ & $0.0328231$ & $0.037341$ & $0.01902$ & $0.0135755$ & $-0.00563036$ & $-0.0450807$ & $-0.00280969$ & $-0.0629746$ & $0.03281$ & $0.00217893$ & $-6.15741e-05$ \\
CeH_33r & $-0.0213361$ & $-0.0417315$ & $-0.00701237$ & $0.00143425$ & $0.00422914$ & $-0.00250313$ & $-0.126899$ & $0.113543$ & $0.131098$ & $-0.139734$ & $-0.0690699$ & $0.26458$ & $0.289638$ & $-0.0465825$ & $0.0163959$ & $0.032513$ & $-0.0909888$ & $-0.0914862$ & $-0.0992453$ & $0.0673903$ & $0.0722468$ & $0.0729695$ & $0.0406085$ & $-0.110787$ & $-0.104349$ & $-0.0756133$ & $0.0275224$ & $0.0366247$ & $0.0623174$ & $1$ & $0.338076$ & $0.0266796$ & $0.697044$ & $0.0723434$ & $-0.0170481$ & $-0.0503101$ & $-0.146014$ & $0.0160166$ & $-0.0326429$ & $0.0148007$ & $0.0711705$ & $-0.0393044$ & $-0.072517$ & $-0.0299899$ & $0.0380157$ & $-0.0123778$ & $0.0372953$ & $0.0123504$ & $-0.00929812$ \\
CuH_22r & $-0.0430996$ & $-0.0797426$ & $-0.0714328$ & $0.00469436$ & $0.00194161$ & $-0.0102753$ & $-0.0715513$ & $0.0581652$ & $0.0624298$ & $-0.0848758$ & $-0.0290186$ & $0.0708205$ & $0.131675$ & $-0.0310758$ & $0.00383595$ & $0.00968386$ & $-0.0617024$ & $-0.0550793$ & $-0.0593551$ & $0.0264986$ & $0.0295235$ & $0.0298251$ & $0.0371085$ & $-0.0701784$ & $-0.0720162$ & $-0.0594217$ & $-0.00612467$ & $0.0234336$ & $0.0205767$ & $0.338076$ & $1$ & $0.0252391$ & $0.403489$ & $0.0355641$ & $-0.00337403$ & $-0.0900001$ & $-0.112871$ & $-0.00133323$ & $0.0146914$ & $-0.0100591$ & $-0.0344815$ & $-0.022238$ & $-0.0689455$ & $0.00564932$ & $-0.0277687$ & $0.0710879$ & $0.264391$ & $0.0877488$ & $-0.0203593$ \\
CuH_33r & $-0.00111549$ & $0.0655884$ & $0.0196823$ & $-0.0469467$ & $0.0188956$ & $0.0125367$ & $0.93338$ & $-0.126408$ & $-0.0834299$ & $0.074385$ & $0.108115$ & $-0.0122548$ & $-0.222665$ & $-0.00159593$ & $-0.0210297$ & $-0.0549764$ & $0.0303306$ & $0.0462547$ & $0.0691491$ & $-0.103901$ & $-0.109883$ & $-0.110374$ & $-0.0207347$ & $0.0880093$ & $0.041981$ & $0.0738409$ & $-0.0627684$ & $-0.0758033$ & $-0.0179598$ & $0.0266796$ & $0.0252391$ & $1$ & $0.0498424$ & $-0.0858654$ & $0.0492088$ & $-0.00452922$ & $-0.0333133$ & $0.051581$ & $0.0268005$ & $-0.00530588$ & $-0.00560893$ & $-0.019805$ & $0.00888026$ & $0.0499183$ & $-0.0305627$ & $0.0447155$ & $0.0414224$ & $-0.0423994$ & $0.0400716$ \\
CdH_33r & $0.000512856$ & $-0.0321099$ & $-0.0709394$ & $-0.100152$ & $0.0126658$ & $-0.0194021$ & $-0.141437$ & $0.142643$ & $0.166663$ & $-0.177698$ & $-0.0867509$ & $0.302433$ & $0.354356$ & $-0.0591506$ & $0.0154682$ & $0.0444796$ & $-0.114633$ & $-0.111103$ & $-0.131575$ & $0.0847123$ & $0.0905607$ & $0.089926$ & $0.0548085$ & $-0.125013$ & $-0.13496$ & $-0.0976494$ & $0.0400128$ & $0.0466645$ & $0.0614561$ & $0.697044$ & $0.403489$ & $0.0498424$ & $1$ & $0.0978234$ & $-0.0180347$ & $-0.116921$ & $-0.165432$ & $0.00538841$ & $-0.0195165$ & $0.0211023$ & $0.0180605$ & $-0.0636621$ & $0.0269933$ & $0.0189467$ & $-0.104261$ & $-0.0179567$ & $0.0918468$ & $0.102737$ & $0.325465$ \\
CLL_1221 & $-0.0388385$ & $-0.0586855$ & $-0.0101858$ & $0.0507281$ & $0.0177657$ & $-0.131761$ & $-0.0954247$ & $0.5729$ & $0.563498$ & $-0.348054$ & $-0.383405$ & $-0.126949$ & $0.189607$ & $-0.197271$ & $-0.583163$ & $-0.0622597$ & $-0.226424$ & $0.0384338$ & $-0.340006$ & $0.303467$ & $0.466121$ & $0.460514$ & $0.188318$ & $-0.616884$ & $-0.201442$ & $-0.248611$ & $0.667752$ & $0.156682$ & $0.00476815$ & $0.0723434$ & $0.0355641$ & $-0.0858654$ & $0.0978234$ & $1$ & $0.0108672$ & $-0.0790098$ & $0.00301398$ & $-0.0082298$ & $-0.113262$ & $0.0217142$ & $0.0177346$ & $0.0253269$ & $0.0578882$ & $-0.0317067$ & $-0.0620544$ & $-0.0372626$ & $0.0665893$ & $0.0658285$ & $0.0171601$ \\
eHggint & $0.124784$ & $0.136148$ & $0.118939$ & $-0.0535007$ & $-0.00571945$ & $-0.00613187$ & $-0.0191189$ & $-0.00701835$ & $-0.0175598$ & $0.0441943$ & $0.0187662$ & $0.0891528$ & $0.0340867$ & $-0.0348969$ & $-0.0108649$ & $0.00231914$ & $-0.0213828$ & $-0.0183458$ & $-0.0288786$ & $-0.0169747$ & $-0.0162957$ & $-0.0221107$ & $0.0393183$ & $-0.0155401$ & $-0.0395215$ & $-0.0185097$ & $-0.01184$ & $0.0202864$ & $-0.0322678$ & $-0.0170481$ & $-0.00337403$ & $0.0492088$ & $-0.0180347$ & $0.0108672$ & $1$ & $-0.232837$ & $-0.0878881$ & $-0.011212$ & $0.181581$ & $-0.015135$ & $0.0949202$ & $-0.0105876$ & $0.0237384$ & $0.0219915$ & $0.100353$ & $0.0306381$ & $0.026223$ & $-0.0505956$ & $0.000514677$ \\
eHggpar & $0.0112619$ & $-0.104822$ & $0.064035$ & $0.215298$ & $-0.0128867$ & $0.00979505$ & $-0.00635558$ & $-0.0319162$ & $-0.0306844$ & $0.026168$ & $0.0189297$ & $0.0171506$ & $-0.0162273$ & $0.0272317$ & $0.0467647$ & $0.0149737$ & $0.00640219$ & $-0.00391154$ & $0.0167102$ & $-0.0129739$ & $-0.0275851$ & $-0.0322626$ & $-0.0259258$ & $0.0380943$ & $-0.00606534$ & $-0.00990614$ & $-0.0841399$ & $-0.0134248$ & $-0.046049$ & $-0.0503101$ & $-0.0900001$ & $-0.00452922$ & $-0.116921$ & $-0.0790098$ & $-0.232837$ & $1$ & $0.15662$ & $-0.103159$ & $-0.0806283$ & $-0.00700709$ & $-0.00135064$ & $0.0561878$ & $0.0768867$ & $-0.0274107$ & $-0.0767762$ & $-0.0118702$ & $-0.161376$ & $-0.120822$ & $-0.15042$ \\
eHWWint & $0.053374$ & $0.139028$ & $-0.0484564$ & $-0.0153909$ & $0.0126153$ & $0.0274797$ & $0.0154151$ & $0.0240039$ & $0.0303636$ & $-0.0172323$ & $-0.0131624$ & $-0.0191489$ & $-0.000815081$ & $-0.00702418$ & $0.0246577$ & $0.0164793$ & $-0.0303965$ & $-0.0375818$ & $-0.0283007$ & $0.0162938$ & $0.015964$ & $0.0143097$ & $-0.0286889$ & $-0.0367014$ & $-0.0316615$ & $0.00850497$ & $-0.00433191$ & $0.0246312$ & $0.00616875$ & $-0.146014$ & $-0.112871$ & $-0.0333133$ & $-0.165432$ & $0.00301398$ & $-0.0878881$ & $0.15662$ & $1$ & $-0.0671269$ & $0.0416105$ & $-0.0555688$ & $-0.117866$ & $0.0437076$ & $0.207777$ & $0.164501$ & $-0.102524$ & $-0.136112$ & $-0.0511635$ & $0.00858072$ & $0.032631$ \\
eHWWpar & $0.0689764$ & $0.02636$ & $0.0337166$ & $-0.0413037$ & $0.043601$ & $0.0379176$ & $0.0503157$ & $-0.0172339$ & $-0.00985872$ & $0.0188256$ & $0.029567$ & $0.0181032$ & $0.0111559$ & $-0.0283875$ & $-0.00262393$ & $-0.0123801$ & $-0.0209795$ & $-0.0191138$ & $-0.0116475$ & $-0.0299202$ & $-0.0296873$ & $-0.029262$ & $-0.0323538$ & $-0.00120884$ & $-0.0234408$ & $0.0436931$ & $-0.00999997$ & $0.00605506$ & $-0.00696267$ & $0.0160166$ & $-0.00133323$ & $0.051581$ & $0.00538841$ & $-0.0082298$ & $-0.011212$ & $-0.103159$ & $-0.0671269$ & $1$ & $0.0662515$ & $0.0125425$ & $-0.0272689$ & $-0.0152094$ & $0.0571067$ & $0.0773336$ & $0.012417$ & $0.0726827$ & $-0.0181478$ & $0.0076294$ & $-0.000293871$ \\
eHZZint & $0.0558445$ & $0.217568$ & $-0.0419803$ & $0.168424$ & $0.0235446$ & $-0.00452438$ & $0.0114008$ & $-0.0646587$ & $-0.0616152$ & $0.0112907$ & $0.0471459$ & $0.0124713$ & $0.014115$ & $0.00634974$ & $0.080598$ & $0.104296$ & $0.00375704$ & $-0.0190566$ & $-0.0402284$ & $-0.0270251$ & $-0.0608294$ & $-0.0601555$ & $-0.0591003$ & $0.0466964$ & $-0.0440228$ & $0.0160426$ & $-0.1741$ & $-0.0316015$ & $0.0328231$ & $-0.0326429$ & $0.0146914$ & $0.0268005$ & $-0.0195165$ & $-0.113262$ & $0.181581$ & $-0.0806283$ & $0.0416105$ & $0.0662515$ & $1$ & $-0.0462639$ & $0.027964$ & $-0.00947564$ & $0.121799$ & $0.235952$ & $-0.051976$ & $0.0414198$ & $0.106333$ & $-0.0737986$ & $0.00384854$ \\
eHZZpar & $0.0396963$ & $0.0169579$ & $-0.0709144$ & $-0.0293416$ & $-0.0340443$ & $0.0279498$ & $0.0065649$ & $0.00323791$ & $0.00239576$ & $-0.00900813$ & $-0.00820636$ & $-0.0268917$ & $-0.00877552$ & $0.0125037$ & $-0.0220768$ & $-0.0262803$ & $0.00883092$ & $0.0212364$ & $0.019253$ & $0.0048452$ & $0.0103821$ & $0.0112181$ & $-0.00247471$ & $0.0088956$ & $0.020628$ & $0.00456381$ & $0.0371808$ & $0.0110852$ & $0.037341$ & $0.0148007$ & $-0.0100591$ & $-0.00530588$ & $0.0211023$ & $0.0217142$ & $-0.015135$ & $-0.00700709$ & $-0.0555688$ & $0.0125425$ & $-0.0462639$ & $1$ & $0.0310114$ & $-0.0371225$ & $-0.0168031$ & $0.00686678$ & $0.0523731$ & $-0.0289221$ & $0.0045972$ & $-0.00271006$ & $0.0454825$ \\
eHZgaint & $-0.026191$ & $-0.0225242$ & $0.0784551$ & $-0.0974339$ & $-0.0282002$ & $0.0469977$ & $-0.0342923$ & $-0.0423145$ & $-0.0584444$ & $-2.6739e-05$ & $0.0377455$ & $0.0178856$ & $-0.0129554$ & $-0.00416469$ & $-0.0657781$ & $0.010888$ & $0.00958889$ & $0.054193$ & $-0.00269361$ & $-0.0361569$ & $-0.0352986$ & $-0.0403007$ & $-0.0118583$ & $0.0238726$ & $0.0217935$ & $0.0371767$ & $-0.00891826$ & $-0.0311577$ & $0.01902$ & $0.0711705$ & $-0.0344815$ & $-0.00560893$ & $0.0180605$ & $0.0177346$ & $0.0949202$ & $-0.00135064$ & $-0.117866$ & $-0.0272689$ & $0.027964$ & $0.0310114$ & $1$ & $-0.0263804$ & $-0.312377$ & $-0.280573$ & $0.282103$ & $-0.21013$ & $-0.0232777$ & $-0.292154$ & $-0.0247007$ \\
eHZgapar & $0.0572126$ & $0.00557783$ & $0.043972$ & $0.049764$ & $-0.00898057$ & $0.000977844$ & $-0.0155213$ & $-0.0234176$ & $-0.0287846$ & $0.0262$ & $0.0187434$ & $-0.00397021$ & $-0.037121$ & $0.0102372$ & $-0.0558153$ & $-0.0425468$ & $0.0135362$ & $0.043397$ & $0.0379874$ & $-0.0230799$ & $-0.0132692$ & $-0.0149552$ & $0.0390174$ & $0.00428288$ & $0.0323407$ & $-0.00599848$ & $0.0359335$ & $-0.0111071$ & $0.0135755$ & $-0.0393044$ & $-0.022238$ & $-0.019805$ & $-0.0636621$ & $0.0253269$ & $-0.0105876$ & $0.0561878$ & $0.0437076$ & $-0.0152094$ & $-0.00947564$ & $-0.0371225$ & $-0.0263804$ & $1$ & $-0.0268358$ & $0.000246956$ & $-0.0726031$ & $-0.0898376$ & $-0.0445948$ & $-0.00611203$ & $-0.0638591$ \\
eHgagaint & $0.39645$ & $0.00569776$ & $0.0406417$ & $-0.0654322$ & $0.0111307$ & $-0.0156292$ & $0.0193751$ & $0.0673903$ & $0.11201$ & $-0.0574617$ & $-0.0260519$ & $-0.0307036$ & $0.0120043$ & $-0.0570826$ & $-0.00647118$ & $-0.0345041$ & $-0.0800922$ & $-0.0766664$ & $-0.0542052$ & $0.0178425$ & $0.03194$ & $0.0322492$ & $0.0300095$ & $-0.101595$ & $-0.0922771$ & $-0.0386952$ & $0.0569371$ & $0.0161$ & $-0.00563036$ & $-0.072517$ & $-0.0689455$ & $0.00888026$ & $0.0269933$ & $0.0578882$ & $0.0237384$ & $0.0768867$ & $0.207777$ & $0.0571067$ & $0.121799$ & $-0.0168031$ & $-0.312377$ & $-0.0268358$ & $1$ & $0.0398789$ & $-0.160266$ & $0.311298$ & $-0.172555$ & $-0.159465$ & $0.334755$ \\
eHmumuint & $0.069648$ & $0.220567$ & $-0.0557708$ & $-0.148833$ & $0.0056566$ & $0.0114047$ & $0.05631$ & $0.00162511$ & $0.0015591$ & $-0.00780036$ & $0.00529923$ & $0.0211414$ & $0.0342611$ & $-0.00846551$ & $0.0431516$ & $-0.0356569$ & $-0.0268091$ & $-0.0501043$ & $0.0111113$ & $-0.00160214$ & $-0.00194073$ & $-0.00148411$ & $-0.0232771$ & $-0.0183152$ & $-0.00972432$ & $0.0271818$ & $0.0193849$ & $-0.00562696$ & $-0.0450807$ & $-0.0299899$ & $0.00564932$ & $0.0499183$ & $0.0189467$ & $-0.0317067$ & $0.0219915$ & $-0.0274107$ & $0.164501$ & $0.0773336$ & $0.235952$ & $0.00686678$ & $-0.280573$ & $0.000246956$ & $0.0398789$ & $1$ & $-0.140804$ & $0.197383$ & $0.0700424$ & $0.1598$ & $0.0708709$ \\
eHtautauint & $0.0795797$ & $-0.0152603$ & $0.0781771$ & $-0.0834134$ & $-0.0162515$ & $0.0097734$ & $-0.028756$ & $-0.0573343$ & $-0.0668679$ & $0.0480954$ & $0.0169585$ & $0.00651277$ & $-0.025504$ & $0.0408196$ & $0.0285747$ & $0.0245704$ & $0.0866986$ & $0.0559911$ & $0.0603069$ & $-0.0119555$ & $-0.0225406$ & $-0.014849$ & $-0.0223773$ & $0.0604321$ & $0.0399985$ & $0.0200199$ & $-0.0819842$ & $4.8836e-07$ & $-0.00280969$ & $0.0380157$ & $-0.0277687$ & $-0.0305627$ & $-0.104261$ & $-0.0620544$ & $0.100353$ & $-0.0767762$ & $-0.102524$ & $0.012417$ & $-0.051976$ & $0.0523731$ & $0.282103$ & $-0.0726031$ & $-0.160266$ & $-0.140804$ & $1$ & $0.182085$ & $-0.0446771$ & $-0.007704$ & $-0.273104$ \\
eHccint & $0.111575$ & $0.0486661$ & $-0.136907$ & $0.16763$ & $-0.0102233$ & $0.0151174$ & $0.0394349$ & $-0.0263253$ & $-0.0111633$ & $0.0255628$ & $0.0206036$ & $0.0125099$ & $0.00642636$ & $0.00582681$ & $0.0183115$ & $-0.0383376$ & $0.00367298$ & $-0.00573706$ & $0.0340238$ & $-0.0213986$ & $-0.021917$ & $-0.0192833$ & $-0.0336404$ & $-0.00159802$ & $-0.00265796$ & $0.051101$ & $-0.020358$ & $-0.0243345$ & $-0.0629746$ & $-0.0123778$ & $0.0710879$ & $0.0447155$ & $-0.0179567$ & $-0.0372626$ & $0.0306381$ & $-0.0118702$ & $-0.136112$ & $0.0726827$ & $0.0414198$ & $-0.0289221$ & $-0.21013$ & $-0.0898376$ & $0.311298$ & $0.197383$ & $0.182085$ & $1$ & $0.0376439$ & $0.0267937$ & $-0.0684823$ \\
eHccpar & $-0.112563$ & $-0.179143$ & $-0.266615$ & $-0.12366$ & $0.00646357$ & $-0.00292844$ & $0.0260814$ & $0.0393256$ & $0.0314098$ & $-0.0487432$ & $-0.0199217$ & $-0.0285279$ & $0.0251248$ & $-0.00386565$ & $-0.057688$ & $-0.0555157$ & $-0.0365197$ & $0.00457703$ & $0.000829728$ & $0.00799436$ & $0.0231619$ & $0.0234738$ & $0.0977183$ & $-0.038371$ & $-0.00407129$ & $-0.0608065$ & $0.0719657$ & $0.043484$ & $0.03281$ & $0.0372953$ & $0.264391$ & $0.0414224$ & $0.0918468$ & $0.0665893$ & $0.026223$ & $-0.161376$ & $-0.0511635$ & $-0.0181478$ & $0.106333$ & $0.0045972$ & $-0.0232777$ & $-0.0445948$ & $-0.172555$ & $0.0700424$ & $-0.0446771$ & $0.0376439$ & $1$ & $0.304673$ & $0.00878923$ \\
eHbbint & $-0.0762818$ & $-0.382948$ & $-0.130978$ & $0.213274$ & $-0.0186913$ & $-0.00913699$ & $-0.0382864$ & $0.0760744$ & $0.0675036$ & $-0.0597294$ & $-0.0575488$ & $-0.0438245$ & $0.050009$ & $0.00189837$ & $-0.0237697$ & $-0.0220275$ & $-0.0214913$ & $-0.0124947$ & $-0.0127132$ & $0.0417413$ & $0.0560184$ & $0.0574023$ & $0.0911872$ & $-0.0493485$ & $-0.00342669$ & $-0.0811288$ & $0.084325$ & $-0.00109588$ & $0.00217893$ & $0.0123504$ & $0.0877488$ & $-0.0423994$ & $0.102737$ & $0.0658285$ & $-0.0505956$ & $-0.120822$ & $0.00858072$ & $0.0076294$ & $-0.0737986$ & $-0.00271006$ & $-0.292154$ & $-0.00611203$ & $-0.159465$ & $0.1598$ & $-0.007704$ & $0.0267937$ & $0.304673$ & $1$ & $-0.117237$ \\
eHbbpar & $0.0998031$ & $0.142718$ & $-0.070451$ & $-0.400656$ & $0.00661281$ & $-0.0187116$ & $0.0428762$ & $0.00418224$ & $0.0239903$ & $-0.0362551$ & $0.00704756$ & $-0.0324505$ & $-0.0118952$ & $-0.0161687$ & $-0.0108808$ & $0.0121971$ & $-0.0320687$ & $-0.0141649$ & $-0.0361047$ & $-0.00418642$ & $-0.00547974$ & $-0.0082331$ & $0.0123133$ & $-0.00409337$ & $-0.049264$ & $-0.0221377$ & $-0.0195212$ & $0.00106791$ & $-6.15741e-05$ & $-0.00929812$ & $-0.0203593$ & $0.0400716$ & $0.325465$ & $0.0171601$ & $0.000514677$ & $-0.15042$ & $0.032631$ & $-0.000293871$ & $0.00384854$ & $0.0454825$ & $-0.0247007$ & $-0.0638591$ & $0.334755$ & $0.0708709$ & $-0.273104$ & $-0.0684823$ & $0.00878923$ & $-0.117237$ & $1$ \\
