 & AlsMz & dAle5Mz & mtop & mHl & Mz & CW & CHG & CHWB & CHWHB_gaga & CHWHB_gagaorth & CHD & CHbox & CH & CHL1_11 & CHL1_22 & CHL1_33 & CHL3_11 & CHL3_22 & CHL3_33 & CHe_11 & CHe_22 & CHe_33 & CHQ1_11 & CHQ1_33 & CHQ3_11 & CHu_11 & CHd_11 & CHd_33 & CeH_22r & CeH_33r & CuH_22r & CuH_33r & CdH_33r & CLL_1221 & eHggint & eHggpar & eHWWint & eHWWpar & eHZZint & eHZZpar & eHZgaint & eHZgapar & eHgagaint & eHmumuint & eHtautauint & eHccint & eHccpar & eHbbint & eHbbpar \\
AlsMz & $1$ & $-0.0180709$ & $-0.0244989$ & $-0.0152502$ & $-0.0182186$ & $0.0111119$ & $0.0295439$ & $-0.0230831$ & $-0.0229142$ & $-0.00352835$ & $0.00244211$ & $0.0132681$ & $-0.0215789$ & $0.0167868$ & $0.0122958$ & $0.0237016$ & $0.0117472$ & $0.0159394$ & $0.00417859$ & $-0.00816737$ & $-0.019257$ & $-0.0191753$ & $0.0402016$ & $-0.0268145$ & $-0.10563$ & $-0.071049$ & $-0.0489255$ & $-0.000622098$ & $-0.00737698$ & $-0.0017416$ & $-0.027023$ & $0.0273193$ & $-0.0187288$ & $-0.0343101$ & $-0.0110106$ & $0.0370515$ & $-0.0377944$ & $0.0347096$ & $0.0137584$ & $0.0267442$ & $-0.0195642$ & $-0.0189383$ & $0.0247504$ & $0.0114972$ & $-0.0303082$ & $0.00858527$ & $-0.0246176$ & $-0.0315898$ & $-0.0406253$ \\
dAle5Mz & $-0.0180709$ & $1$ & $0.0314226$ & $0.00834184$ & $-0.00239842$ & $-0.0011518$ & $-0.00913652$ & $-0.0612715$ & $-0.0673439$ & $0.01245$ & $0.0635505$ & $0.0473032$ & $-0.00378601$ & $-0.055222$ & $-0.012152$ & $-0.0156044$ & $-0.0151769$ & $-0.0246442$ & $-0.0214779$ & $-0.0365329$ & $-0.0314539$ & $-0.0226758$ & $-0.0326359$ & $0.000300864$ & $-0.0323234$ & $0.039726$ & $-0.0152533$ & $0.0109793$ & $-0.0136823$ & $0.0458066$ & $0.0161275$ & $0.00940386$ & $0.0258016$ & $0.0390929$ & $0.0163494$ & $-0.00602906$ & $-0.00638095$ & $-0.021058$ & $0.0182739$ & $0.0283512$ & $0.0295406$ & $-0.0122243$ & $-0.0200692$ & $-0.0375447$ & $0.0236561$ & $0.00876267$ & $-0.0190308$ & $-0.0242076$ & $0.000185174$ \\
mtop & $-0.0244989$ & $0.0314226$ & $1$ & $-0.0706501$ & $0.0198135$ & $-0.0188114$ & $-0.0312463$ & $-0.00200404$ & $-0.00102102$ & $-0.0222147$ & $0.019866$ & $0.00641529$ & $0.00494196$ & $-0.00449954$ & $0.00382174$ & $-0.0133145$ & $-0.0274133$ & $-0.0229363$ & $-0.0042848$ & $-0.0142837$ & $-0.0102304$ & $-0.00188915$ & $0.0352542$ & $0.00319548$ & $-0.00635629$ & $-0.0156565$ & $0.0143419$ & $-0.00767894$ & $0.00313546$ & $0.0505284$ & $0.0209846$ & $-0.0225757$ & $0.0529039$ & $-0.00925948$ & $0.0164505$ & $0.00926039$ & $0.00964327$ & $-0.0219345$ & $-0.00768985$ & $-0.0341512$ & $-0.0325494$ & $-0.0497309$ & $0.0223181$ & $0.0123355$ & $-0.0263272$ & $0.0114038$ & $-0.0291475$ & $0.0236755$ & $0.0175331$ \\
mHl & $-0.0152502$ & $0.00834184$ & $-0.0706501$ & $1$ & $-0.00259886$ & $-0.0329702$ & $0.0380905$ & $0.0193963$ & $0.0198596$ & $-0.0176251$ & $-0.019279$ & $-0.0102977$ & $0.00427652$ & $0.00473018$ & $0.00442176$ & $-0.00837162$ & $0.00244177$ & $-0.0044176$ & $0.00158966$ & $0.0160691$ & $0.0197804$ & $0.0178598$ & $0.00342515$ & $-0.0168685$ & $-0.017444$ & $-0.00852726$ & $-0.00364586$ & $0.00665757$ & $0.0144542$ & $0.00252022$ & $0.0426951$ & $0.0311217$ & $-0.00837811$ & $0.017518$ & $-0.0231648$ & $-0.00103952$ & $-0.00807078$ & $0.00581626$ & $0.0200694$ & $-0.0277179$ & $0.00398155$ & $-0.00153068$ & $-0.0518977$ & $0.00796051$ & $-0.00107359$ & $0.020943$ & $0.0381394$ & $-0.0349717$ & $-0.00830998$ \\
Mz & $-0.0182186$ & $-0.00239842$ & $0.0198135$ & $-0.00259886$ & $1$ & $0.0021562$ & $0.0029502$ & $0.00850461$ & $0.0114358$ & $-0.00654094$ & $0.00295307$ & $0.0056865$ & $-0.0200206$ & $0.00826029$ & $-0.0378852$ & $0.0123378$ & $-0.00805609$ & $0.0182926$ & $-0.0165525$ & $-0.00211389$ & $0.00960881$ & $0.00974023$ & $-0.0262052$ & $0.00455088$ & $-0.0014192$ & $0.0172376$ & $0.0191208$ & $0.00741167$ & $-0.0151498$ & $0.0123241$ & $0.0164281$ & $-0.0041221$ & $-0.0248986$ & $0.0356707$ & $-0.0112925$ & $-0.0238531$ & $0.00674178$ & $-0.0253762$ & $-0.0246535$ & $-0.0052314$ & $0.0185672$ & $-0.00764662$ & $0.0318746$ & $0.000515398$ & $0.034607$ & $0.0291863$ & $-0.00705803$ & $-0.0550757$ & $-0.0190251$ \\
CW & $0.0111119$ & $-0.0011518$ & $-0.0188114$ & $-0.0329702$ & $0.0021562$ & $1$ & $-0.000993907$ & $-0.108312$ & $-0.111722$ & $0.0138499$ & $0.166306$ & $0.0498697$ & $-0.00600306$ & $0.0244057$ & $-0.0563286$ & $-0.0725382$ & $-0.248925$ & $-0.0634285$ & $-0.0461897$ & $-0.16528$ & $-0.169451$ & $-0.162452$ & $-0.0426325$ & $-0.0135879$ & $-0.0926719$ & $0.131879$ & $-0.0848983$ & $-0.0743863$ & $0.016035$ & $-0.0108365$ & $-0.0209278$ & $0.00522037$ & $-0.00982161$ & $-0.135079$ & $0.00270653$ & $-0.0459909$ & $0.0288476$ & $0.014807$ & $0.0150722$ & $-0.0110336$ & $-0.00484859$ & $0.0182015$ & $0.00528064$ & $0.0179734$ & $-0.0517599$ & $0.000209143$ & $0.00136316$ & $-0.0352714$ & $0.00800529$ \\
CHG & $0.0295439$ & $-0.00913652$ & $-0.0312463$ & $0.0380905$ & $0.0029502$ & $-0.000993907$ & $1$ & $-0.132194$ & $-0.0752934$ & $0.0560233$ & $0.0839591$ & $0.126443$ & $-0.276584$ & $0.0694842$ & $-0.0442859$ & $-0.0115072$ & $0.0869981$ & $0.120282$ & $0.100248$ & $-0.0818264$ & $-0.0870642$ & $-0.0847021$ & $-0.0115651$ & $0.152314$ & $0.100956$ & $0.0340119$ & $-0.0619425$ & $-0.010153$ & $-0.0243917$ & $-0.0868082$ & $-0.0273355$ & $0.940264$ & $-0.114614$ & $-0.0831586$ & $-0.0792073$ & $-0.0111014$ & $0.0512851$ & $0.0162296$ & $0.00376057$ & $0.0360236$ & $0.0456723$ & $-0.00345476$ & $-0.0259345$ & $0.0242703$ & $0.00457603$ & $-0.0151485$ & $0.0514895$ & $-0.00949504$ & $-0.0308379$ \\
CHWB & $-0.0230831$ & $-0.0612715$ & $-0.00200404$ & $0.0193963$ & $0.00850461$ & $-0.108312$ & $-0.132194$ & $1$ & $0.982178$ & $-0.598576$ & $-0.879047$ & $-0.455769$ & $0.369507$ & $0.0779402$ & $0.310948$ & $0.25766$ & $-0.268019$ & $-0.442788$ & $-0.426949$ & $0.853084$ & $0.895461$ & $0.879442$ & $0.0679552$ & $-0.690651$ & $-0.396929$ & $-0.505223$ & $0.461801$ & $0.282808$ & $0.0266378$ & $0.106967$ & $0.100122$ & $-0.118937$ & $0.12068$ & $0.592945$ & $0.0175617$ & $0.00615292$ & $0.00135072$ & $-0.0136455$ & $0.00148291$ & $-0.0310727$ & $0.0154861$ & $-0.0198645$ & $0.0172214$ & $-0.0282505$ & $-0.00245747$ & $0.0300168$ & $0.00356687$ & $0.00381617$ & $0.00791428$ \\
CHWHB_gaga & $-0.0229142$ & $-0.0673439$ & $-0.00102102$ & $0.0198596$ & $0.0114358$ & $-0.111722$ & $-0.0752934$ & $0.982178$ & $1$ & $-0.589811$ & $-0.860665$ & $-0.435404$ & $0.36383$ & $0.0732544$ & $0.301372$ & $0.24978$ & $-0.269296$ & $-0.437013$ & $-0.421677$ & $0.835164$ & $0.877151$ & $0.86165$ & $0.0666691$ & $-0.677235$ & $-0.388013$ & $-0.492814$ & $0.462301$ & $0.286832$ & $0.0347615$ & $0.128071$ & $0.115878$ & $-0.0701604$ & $0.144675$ & $0.584063$ & $-0.00369242$ & $-0.0025541$ & $-0.00764451$ & $-0.00579717$ & $-0.00331189$ & $-0.0387472$ & $0.0175084$ & $-0.0233304$ & $0.0861814$ & $-0.0318097$ & $-0.00867965$ & $0.0311251$ & $0.00452997$ & $0.000317784$ & $0.00894568$ \\
CHWHB_gagaorth & $-0.00352835$ & $0.01245$ & $-0.0222147$ & $-0.0176251$ & $-0.00654094$ & $0.0138499$ & $0.0560233$ & $-0.598576$ & $-0.589811$ & $1$ & $0.387483$ & $0.683962$ & $-0.258256$ & $0.226752$ & $-0.155396$ & $-0.11679$ & $0.442601$ & $0.495586$ & $0.486726$ & $-0.376053$ & $-0.402521$ & $-0.397492$ & $-0.0567058$ & $0.578063$ & $0.477907$ & $0.231255$ & $-0.258745$ & $-0.140265$ & $-0.011331$ & $-0.138434$ & $-0.0877095$ & $0.0667252$ & $-0.141247$ & $-0.372393$ & $0.0316305$ & $0.0193109$ & $-0.0190112$ & $0.0204784$ & $-0.0139081$ & $0.0230504$ & $-0.0757244$ & $0.0391688$ & $-0.0203116$ & $0.033283$ & $0.00613931$ & $-0.0528774$ & $-0.0251776$ & $0.00763823$ & $-0.00834065$ \\
CHD & $0.00244211$ & $0.0635505$ & $0.019866$ & $-0.019279$ & $0.00295307$ & $0.166306$ & $0.0839591$ & $-0.879047$ & $-0.860665$ & $0.387483$ & $1$ & $0.392075$ & $-0.183937$ & $-0.499365$ & $-0.403481$ & $-0.374387$ & $-0.190318$ & $0.0591079$ & $0.0587253$ & $-0.990869$ & $-0.991231$ & $-0.96984$ & $-0.0111241$ & $0.329819$ & $0.0107168$ & $0.559201$ & $-0.347044$ & $-0.312269$ & $-0.0170839$ & $-0.0470691$ & $-0.0697674$ & $0.0920938$ & $-0.0572256$ & $-0.418989$ & $-0.0078395$ & $-0.00739696$ & $-0.000255403$ & $-0.00484538$ & $-0.0211671$ & $0.0220142$ & $-0.00688687$ & $0.00306593$ & $-0.025667$ & $0.019776$ & $-0.000251756$ & $-0.0111398$ & $0.00475089$ & $-0.0105454$ & $-0.0017448$ \\
CHbox & $0.0132681$ & $0.0473032$ & $0.00641529$ & $-0.0102977$ & $0.0056865$ & $0.0498697$ & $0.126443$ & $-0.455769$ & $-0.435404$ & $0.683962$ & $0.392075$ & $1$ & $-0.495349$ & $-0.0228571$ & $-0.0991197$ & $-0.0963309$ & $0.130869$ & $0.190182$ & $0.200081$ & $-0.372859$ & $-0.402925$ & $-0.392139$ & $-0.0420803$ & $0.341714$ & $0.168195$ & $0.222331$ & $-0.244801$ & $-0.139495$ & $-0.00943928$ & $0.0299174$ & $-0.0396193$ & $0.169584$ & $0.00811901$ & $-0.306139$ & $0.0316092$ & $0.0279365$ & $-0.00798066$ & $0.00350792$ & $-0.0122144$ & $0.0166346$ & $-0.0529141$ & $0.0437368$ & $-0.0225243$ & $0.0308033$ & $0.00753084$ & $-0.0171707$ & $-0.00735482$ & $8.66367e-05$ & $-0.0144003$ \\
CH & $-0.0215789$ & $-0.00378601$ & $0.00494196$ & $0.00427652$ & $-0.0200206$ & $-0.00600306$ & $-0.276584$ & $0.369507$ & $0.36383$ & $-0.258256$ & $-0.183937$ & $-0.495349$ & $1$ & $-0.258648$ & $0.102274$ & $0.0890209$ & $-0.380897$ & $-0.407979$ & $-0.409938$ & $0.181952$ & $0.194098$ & $0.192021$ & $0.0352424$ & $-0.414186$ & $-0.381419$ & $-0.103912$ & $0.153765$ & $0.0855853$ & $0.0538225$ & $0.270125$ & $0.144764$ & $-0.211662$ & $0.337733$ & $0.225343$ & $0.0491943$ & $0.0224215$ & $-0.0169922$ & $-0.00995155$ & $-0.00974204$ & $-0.0315863$ & $0.00438793$ & $-0.0296328$ & $-0.0279406$ & $-0.0143879$ & $-0.00699976$ & $0.000774837$ & $0.00311122$ & $0.0160945$ & $0.0339122$ \\
CHL1_11 & $0.0167868$ & $-0.055222$ & $-0.00449954$ & $0.00473018$ & $0.00826029$ & $0.0244057$ & $0.0694842$ & $0.0779402$ & $0.0732544$ & $0.226752$ & $-0.499365$ & $-0.0228571$ & $-0.258648$ & $1$ & $0.21351$ & $0.230707$ & $0.677654$ & $0.634551$ & $0.622771$ & $0.513114$ & $0.461692$ & $0.444317$ & $-0.0914101$ & $0.47109$ & $0.635237$ & $-0.244422$ & $-0.0480563$ & $0.142979$ & $-0.0125893$ & $-0.0872744$ & $-0.0195465$ & $0.0262769$ & $-0.0942988$ & $-0.176433$ & $-0.0192326$ & $0.00176686$ & $0.0128648$ & $0.0392857$ & $0.0394478$ & $-0.00970556$ & $-0.00671789$ & $0.00919876$ & $0.0428595$ & $0.00592952$ & $-0.00708545$ & $-0.0170129$ & $0.00678536$ & $-0.000141306$ & $-0.0132917$ \\
CHL1_22 & $0.0122958$ & $-0.012152$ & $0.00382174$ & $0.00442176$ & $-0.0378852$ & $-0.0563286$ & $-0.0442859$ & $0.310948$ & $0.301372$ & $-0.155396$ & $-0.403481$ & $-0.0991197$ & $0.102274$ & $0.21351$ & $1$ & $0.428783$ & $0.0979564$ & $-0.457695$ & $-0.0828439$ & $0.465644$ & $0.324278$ & $0.315239$ & $-0.148961$ & $0.0310891$ & $-0.174496$ & $-0.197467$ & $-0.3596$ & $0.0959214$ & $0.0155822$ & $0.0279423$ & $0.0226065$ & $-0.0378167$ & $0.028942$ & $-0.546656$ & $0.0159414$ & $0.0255135$ & $-0.0174904$ & $0.0159119$ & $0.0308814$ & $-0.00254251$ & $0.0156338$ & $0.0046427$ & $-0.0104063$ & $-0.033941$ & $-0.0436694$ & $-0.014586$ & $0.0173494$ & $0.0103064$ & $-0.0186532$ \\
CHL1_33 & $0.0237016$ & $-0.0156044$ & $-0.0133145$ & $-0.00837162$ & $0.0123378$ & $-0.0725382$ & $-0.0115072$ & $0.25766$ & $0.24978$ & $-0.11679$ & $-0.374387$ & $-0.0963309$ & $0.0890209$ & $0.230707$ & $0.428783$ & $1$ & $0.164529$ & $-0.0130832$ & $-0.438625$ & $0.435397$ & $0.29492$ & $0.311352$ & $-0.159856$ & $0.0989031$ & $-0.115582$ & $-0.186012$ & $-0.375722$ & $0.126301$ & $-0.00762082$ & $0.0395719$ & $0.0136145$ & $-0.00928751$ & $0.0500671$ & $-0.0848181$ & $-0.00335604$ & $0.0275074$ & $-0.0155035$ & $0.00955078$ & $0.0231407$ & $-0.0388812$ & $0.0091118$ & $-0.00583993$ & $-0.0356183$ & $-0.0220589$ & $-0.0120663$ & $-0.0176505$ & $0.00366052$ & $0.0149028$ & $0.0241822$ \\
CHL3_11 & $0.0117472$ & $-0.0151769$ & $-0.0274133$ & $0.00244177$ & $-0.00805609$ & $-0.248925$ & $0.0869981$ & $-0.268019$ & $-0.269296$ & $0.442601$ & $-0.190318$ & $0.130869$ & $-0.380897$ & $0.677654$ & $0.0979564$ & $0.164529$ & $1$ & $0.776483$ & $0.737757$ & $0.211177$ & $0.157785$ & $0.148771$ & $-0.0783158$ & $0.696582$ & $0.786714$ & $-0.0974484$ & $-0.159859$ & $0.04817$ & $-0.0167625$ & $-0.123115$ & $-0.0693904$ & $0.0459166$ & $-0.132256$ & $-0.228343$ & $-0.0107433$ & $-0.00426342$ & $-0.0075621$ & $0.0276282$ & $0.0338773$ & $0.0290423$ & $-0.0256212$ & $0.043333$ & $0.00551321$ & $0.0222442$ & $0.0218691$ & $-0.0501846$ & $-0.0257715$ & $0.0191232$ & $-0.00849715$ \\
CHL3_22 & $0.0159394$ & $-0.0246442$ & $-0.0229363$ & $-0.0044176$ & $0.0182926$ & $-0.0634285$ & $0.120282$ & $-0.442788$ & $-0.437013$ & $0.495586$ & $0.0591079$ & $0.190182$ & $-0.407979$ & $0.634551$ & $-0.457695$ & $-0.0130832$ & $0.776483$ & $1$ & $0.7033$ & $-0.0612555$ & $-0.0586564$ & $-0.0602687$ & $-0.0211974$ & $0.664417$ & $0.815316$ & $0.0418112$ & $-0.0219209$ & $-0.0139296$ & $-0.0260694$ & $-0.127619$ & $-0.0722073$ & $0.0766815$ & $-0.135745$ & $0.00559174$ & $-0.0282532$ & $-0.0143352$ & $0.0114136$ & $0.0272017$ & $0.015664$ & $0.0148839$ & $-0.0251054$ & $0.0285343$ & $0.0202658$ & $0.0363173$ & $0.0332855$ & $-0.0305855$ & $-0.0209474$ & $0.00759179$ & $0.00141372$ \\
CHL3_33 & $0.00417859$ & $-0.0214779$ & $-0.0042848$ & $0.00158966$ & $-0.0165525$ & $-0.0461897$ & $0.100248$ & $-0.426949$ & $-0.421677$ & $0.486726$ & $0.0587253$ & $0.200081$ & $-0.409938$ & $0.622771$ & $-0.0828439$ & $-0.438625$ & $0.737757$ & $0.7033$ & $1$ & $-0.0632838$ & $-0.0535324$ & $-0.052999$ & $-0.00962169$ & $0.626388$ & $0.799049$ & $0.0466187$ & $0.0103389$ & $-0.0395145$ & $-0.0113971$ & $-0.136568$ & $-0.071528$ & $0.0588072$ & $-0.150426$ & $-0.319237$ & $-0.00632173$ & $-0.021614$ & $0.011651$ & $0.0300912$ & $0.0205931$ & $0.0427429$ & $-0.0253299$ & $0.0307271$ & $0.0349239$ & $0.0295505$ & $0.0162024$ & $-0.0291334$ & $-0.0150045$ & $0.00341405$ & $-0.0261323$ \\
CHe_11 & $-0.00816737$ & $-0.0365329$ & $-0.0142837$ & $0.0160691$ & $-0.00211389$ & $-0.16528$ & $-0.0818264$ & $0.853084$ & $0.835164$ & $-0.376053$ & $-0.990869$ & $-0.372859$ & $0.181952$ & $0.513114$ & $0.465644$ & $0.435397$ & $0.211177$ & $-0.0612555$ & $-0.0632838$ & $1$ & $0.974393$ & $0.953775$ & $-0.0145815$ & $-0.28279$ & $-0.00622695$ & $-0.5464$ & $0.277791$ & $0.309043$ & $0.0192184$ & $0.0492984$ & $0.0676979$ & $-0.0886435$ & $0.0598365$ & $0.347449$ & $0.00940019$ & $0.00685947$ & $0.00105685$ & $0.00578744$ & $0.0237482$ & $-0.0201139$ & $0.011309$ & $0.00105061$ & $0.0216316$ & $-0.0208386$ & $-0.00324363$ & $0.00737532$ & $-0.00442109$ & $0.0164445$ & $0.00155667$ \\
CHe_22 & $-0.019257$ & $-0.0314539$ & $-0.0102304$ & $0.0197804$ & $0.00960881$ & $-0.169451$ & $-0.0870642$ & $0.895461$ & $0.877151$ & $-0.402521$ & $-0.991231$ & $-0.402925$ & $0.194098$ & $0.461692$ & $0.324278$ & $0.29492$ & $0.157785$ & $-0.0586564$ & $-0.0535324$ & $0.974393$ & $1$ & $0.975548$ & $0.0321622$ & $-0.379642$ & $-0.0178588$ & $-0.556572$ & $0.421992$ & $0.31393$ & $0.0191167$ & $0.0501242$ & $0.0731165$ & $-0.093232$ & $0.0613555$ & $0.500419$ & $0.0111126$ & $0.00421734$ & $0.00180717$ & $-0.000310586$ & $0.0192768$ & $-0.0193638$ & $0.0070488$ & $-0.00338643$ & $0.0263228$ & $-0.0167793$ & $0.00630961$ & $0.0143066$ & $-0.0058818$ & $0.00876085$ & $0.00307603$ \\
CHe_33 & $-0.0191753$ & $-0.0226758$ & $-0.00188915$ & $0.0178598$ & $0.00974023$ & $-0.162452$ & $-0.0847021$ & $0.879442$ & $0.86165$ & $-0.397492$ & $-0.96984$ & $-0.392139$ & $0.192021$ & $0.444317$ & $0.315239$ & $0.311352$ & $0.148771$ & $-0.0602687$ & $-0.052999$ & $0.953775$ & $0.975548$ & $1$ & $0.0372938$ & $-0.375721$ & $-0.0198807$ & $-0.549097$ & $0.418477$ & $0.304327$ & $0.0174576$ & $0.0540273$ & $0.0678516$ & $-0.0912933$ & $0.0642657$ & $0.497729$ & $0.0164688$ & $-0.00514586$ & $0.00351838$ & $-0.000812418$ & $0.01221$ & $-0.0231728$ & $0.00754945$ & $-0.008547$ & $0.0225448$ & $-0.0186064$ & $0.0130365$ & $0.0125315$ & $-0.00912976$ & $0.0133702$ & $0.00632749$ \\
CHQ1_11 & $0.0402016$ & $-0.0326359$ & $0.0352542$ & $0.00342515$ & $-0.0262052$ & $-0.0426325$ & $-0.0115651$ & $0.0679552$ & $0.0666691$ & $-0.0567058$ & $-0.0111241$ & $-0.0420803$ & $0.0352424$ & $-0.0914101$ & $-0.148961$ & $-0.159856$ & $-0.0783158$ & $-0.0211974$ & $-0.00962169$ & $-0.0145815$ & $0.0321622$ & $0.0372938$ & $1$ & $-0.127244$ & $0.0531717$ & $-0.685364$ & $0.33109$ & $0.0144877$ & $-0.0210571$ & $0.0262502$ & $0.0372485$ & $0.00221461$ & $0.0482709$ & $0.182265$ & $0.00185534$ & $0.00174301$ & $-0.0169119$ & $0.00152606$ & $0.00630597$ & $0.0279102$ & $-0.0253186$ & $-0.00788848$ & $0.0144474$ & $0.00650889$ & $0.0111969$ & $0.0172082$ & $-0.00309581$ & $0.0197672$ & $0.0133092$ \\
CHQ1_33 & $-0.0268145$ & $0.000300864$ & $0.00319548$ & $-0.0168685$ & $0.00455088$ & $-0.0135879$ & $0.152314$ & $-0.690651$ & $-0.677235$ & $0.578063$ & $0.329819$ & $0.341714$ & $-0.414186$ & $0.47109$ & $0.0310891$ & $0.0989031$ & $0.696582$ & $0.664417$ & $0.626388$ & $-0.28279$ & $-0.379642$ & $-0.375721$ & $-0.127244$ & $1$ & $0.664506$ & $0.208559$ & $-0.404501$ & $-0.0193107$ & $-0.0270401$ & $-0.110379$ & $-0.0828159$ & $0.118005$ & $-0.118913$ & $-0.60587$ & $-0.00801983$ & $-0.00499403$ & $-0.00679838$ & $0.0196356$ & $0.0268608$ & $0.0254808$ & $-0.0229699$ & $0.0261656$ & $-0.019923$ & $0.0194994$ & $0.0153605$ & $-0.0426238$ & $-0.0169067$ & $0.00873229$ & $0.00136802$ \\
CHQ3_11 & $-0.10563$ & $-0.0323234$ & $-0.00635629$ & $-0.017444$ & $-0.0014192$ & $-0.0926719$ & $0.100956$ & $-0.396929$ & $-0.388013$ & $0.477907$ & $0.0107168$ & $0.168195$ & $-0.381419$ & $0.635237$ & $-0.174496$ & $-0.115582$ & $0.786714$ & $0.815316$ & $0.799049$ & $-0.00622695$ & $-0.0178588$ & $-0.0198807$ & $0.0531717$ & $0.664506$ & $1$ & $0.0211379$ & $0.199856$ & $-0.010103$ & $-0.0327508$ & $-0.123454$ & $-0.0381113$ & $0.0587619$ & $-0.1214$ & $-0.189271$ & $-0.0118343$ & $-0.0257503$ & $0.0234632$ & $0.0258303$ & $0.0210746$ & $0.0228797$ & $-0.00858586$ & $0.0370503$ & $0.0183766$ & $0.0157842$ & $0.0200485$ & $-0.0290263$ & $-0.00712059$ & $0.043448$ & $0.0122732$ \\
CHu_11 & $-0.071049$ & $0.039726$ & $-0.0156565$ & $-0.00852726$ & $0.0172376$ & $0.131879$ & $0.0340119$ & $-0.505223$ & $-0.492814$ & $0.231255$ & $0.559201$ & $0.222331$ & $-0.103912$ & $-0.244422$ & $-0.197467$ & $-0.186012$ & $-0.0974484$ & $0.0418112$ & $0.0466187$ & $-0.5464$ & $-0.556572$ & $-0.549097$ & $-0.685364$ & $0.208559$ & $0.0211379$ & $1$ & $-0.213164$ & $-0.192887$ & $0.00661696$ & $-0.043215$ & $-0.0644747$ & $0.0328942$ & $-0.0627324$ & $-0.279936$ & $0.0031865$ & $-0.0100335$ & $0.025758$ & $-0.0084778$ & $-0.0187564$ & $0.00106116$ & $0.0158541$ & $0.00185059$ & $-0.0114831$ & $0.0130141$ & $-0.0278676$ & $-0.0148181$ & $-0.00251068$ & $0.00499383$ & $-0.0167683$ \\
CHd_11 & $-0.0489255$ & $-0.0152533$ & $0.0143419$ & $-0.00364586$ & $0.0191208$ & $-0.0848983$ & $-0.0619425$ & $0.461801$ & $0.462301$ & $-0.258745$ & $-0.347044$ & $-0.244801$ & $0.153765$ & $-0.0480563$ & $-0.3596$ & $-0.375722$ & $-0.159859$ & $-0.0219209$ & $0.0103389$ & $0.277791$ & $0.421992$ & $0.418477$ & $0.33109$ & $-0.404501$ & $0.199856$ & $-0.213164$ & $1$ & $0.111488$ & $-0.00794171$ & $0.0458243$ & $0.081023$ & $-0.0616797$ & $0.0616667$ & $0.682021$ & $0.0208147$ & $-0.0328297$ & $0.0273654$ & $-0.0196922$ & $-0.0126717$ & $0.00276539$ & $0.00506932$ & $-0.00755262$ & $0.0253835$ & $-0.0121197$ & $0.0241225$ & $0.0332332$ & $-0.00817459$ & $0.03695$ & $0.0256503$ \\
CHd_33 & $-0.000622098$ & $0.0109793$ & $-0.00767894$ & $0.00665757$ & $0.00741167$ & $-0.0743863$ & $-0.010153$ & $0.282808$ & $0.286832$ & $-0.140265$ & $-0.312269$ & $-0.139495$ & $0.0855853$ & $0.142979$ & $0.0959214$ & $0.126301$ & $0.04817$ & $-0.0139296$ & $-0.0395145$ & $0.309043$ & $0.31393$ & $0.304327$ & $0.0144877$ & $-0.0193107$ & $-0.010103$ & $-0.192887$ & $0.111488$ & $1$ & $0.0197704$ & $0.0538321$ & $0.0613895$ & $-0.0120892$ & $0.0817514$ & $0.167896$ & $0.0179904$ & $-0.0112178$ & $-0.0135401$ & $-0.00323363$ & $0.00417774$ & $0.00646482$ & $0.0193129$ & $-0.0607167$ & $0.00796868$ & $-0.0193655$ & $0.0192301$ & $-0.00123169$ & $-0.00464053$ & $0.00527366$ & $0.0594353$ \\
CeH_22r & $-0.00737698$ & $-0.0136823$ & $0.00313546$ & $0.0144542$ & $-0.0151498$ & $0.016035$ & $-0.0243917$ & $0.0266378$ & $0.0347615$ & $-0.011331$ & $-0.0170839$ & $-0.00943928$ & $0.0538225$ & $-0.0125893$ & $0.0155822$ & $-0.00762082$ & $-0.0167625$ & $-0.0260694$ & $-0.0113971$ & $0.0192184$ & $0.0191167$ & $0.0174576$ & $-0.0210571$ & $-0.0270401$ & $-0.0327508$ & $0.00661696$ & $-0.00794171$ & $0.0197704$ & $1$ & $0.0484798$ & $0.0378417$ & $-0.0445575$ & $0.0350802$ & $0.0094936$ & $-0.0350182$ & $-0.0485994$ & $-0.026277$ & $-0.0112728$ & $-0.00699307$ & $0.040496$ & $-0.0361086$ & $0.00526864$ & $-0.0108251$ & $0.0154706$ & $-0.0190845$ & $-0.02719$ & $0.0363617$ & $0.0200061$ & $-0.0150551$ \\
CeH_33r & $-0.0017416$ & $0.0458066$ & $0.0505284$ & $0.00252022$ & $0.0123241$ & $-0.0108365$ & $-0.0868082$ & $0.106967$ & $0.128071$ & $-0.138434$ & $-0.0470691$ & $0.0299174$ & $0.270125$ & $-0.0872744$ & $0.0279423$ & $0.0395719$ & $-0.123115$ & $-0.127619$ & $-0.136568$ & $0.0492984$ & $0.0501242$ & $0.0540273$ & $0.0262502$ & $-0.110379$ & $-0.123454$ & $-0.043215$ & $0.0458243$ & $0.0538321$ & $0.0484798$ & $1$ & $0.338905$ & $0.0629526$ & $0.641618$ & $0.0705769$ & $-0.103732$ & $-0.0203421$ & $-0.191551$ & $-0.0343152$ & $-0.00603191$ & $-0.00305602$ & $0.0216883$ & $-0.00214902$ & $-0.0277372$ & $0.0112486$ & $0.0999354$ & $-0.024721$ & $0.0225396$ & $0.0408512$ & $0.0314492$ \\
CuH_22r & $-0.027023$ & $0.0161275$ & $0.0209846$ & $0.0426951$ & $0.0164281$ & $-0.0209278$ & $-0.0273355$ & $0.100122$ & $0.115878$ & $-0.0877095$ & $-0.0697674$ & $-0.0396193$ & $0.144764$ & $-0.0195465$ & $0.0226065$ & $0.0136145$ & $-0.0693904$ & $-0.0722073$ & $-0.071528$ & $0.0676979$ & $0.0731165$ & $0.0678516$ & $0.0372485$ & $-0.0828159$ & $-0.0381113$ & $-0.0644747$ & $0.081023$ & $0.0613895$ & $0.0378417$ & $0.338905$ & $1$ & $0.0491041$ & $0.349485$ & $0.0622844$ & $-0.0289024$ & $-0.0501774$ & $-0.0928828$ & $-0.0393333$ & $-0.00665655$ & $-0.00508205$ & $0.0597381$ & $0.0159212$ & $-0.0400884$ & $0.00633017$ & $-1.27045e-06$ & $0.0973841$ & $0.393835$ & $-0.0293303$ & $0.0109485$ \\
CuH_33r & $0.0273193$ & $0.00940386$ & $-0.0225757$ & $0.0311217$ & $-0.0041221$ & $0.00522037$ & $0.940264$ & $-0.118937$ & $-0.0701604$ & $0.0667252$ & $0.0920938$ & $0.169584$ & $-0.211662$ & $0.0262769$ & $-0.0378167$ & $-0.00928751$ & $0.0459166$ & $0.0766815$ & $0.0588072$ & $-0.0886435$ & $-0.093232$ & $-0.0912933$ & $0.00221461$ & $0.118005$ & $0.0587619$ & $0.0328942$ & $-0.0616797$ & $-0.0120892$ & $-0.0445575$ & $0.0629526$ & $0.0491041$ & $1$ & $0.0593051$ & $-0.0751371$ & $-0.00555529$ & $0.0142627$ & $-0.00387216$ & $0.0130025$ & $0.0160285$ & $0.0350295$ & $0.0383061$ & $0.00233512$ & $-0.0291581$ & $0.0235078$ & $0.00577442$ & $-0.0195401$ & $0.0465733$ & $0.00596297$ & $-0.0108895$ \\
CdH_33r & $-0.0187288$ & $0.0258016$ & $0.0529039$ & $-0.00837811$ & $-0.0248986$ & $-0.00982161$ & $-0.114614$ & $0.12068$ & $0.144675$ & $-0.141247$ & $-0.0572256$ & $0.00811901$ & $0.337733$ & $-0.0942988$ & $0.028942$ & $0.0500671$ & $-0.132256$ & $-0.135745$ & $-0.150426$ & $0.0598365$ & $0.0613555$ & $0.0642657$ & $0.0482709$ & $-0.118913$ & $-0.1214$ & $-0.0627324$ & $0.0616667$ & $0.0817514$ & $0.0350802$ & $0.641618$ & $0.349485$ & $0.0593051$ & $1$ & $0.0784521$ & $-0.0711797$ & $-0.0160028$ & $-0.199021$ & $-0.0354116$ & $0.000635743$ & $-0.0582449$ & $0.00794052$ & $0.0147036$ & $-0.0251822$ & $0.0155487$ & $0.00657305$ & $0.0169214$ & $0.0239765$ & $0.166239$ & $0.533052$ \\
CLL_1221 & $-0.0343101$ & $0.0390929$ & $-0.00925948$ & $0.017518$ & $0.0356707$ & $-0.135079$ & $-0.0831586$ & $0.592945$ & $0.584063$ & $-0.372393$ & $-0.418989$ & $-0.306139$ & $0.225343$ & $-0.176433$ & $-0.546656$ & $-0.0848181$ & $-0.228343$ & $0.00559174$ & $-0.319237$ & $0.347449$ & $0.500419$ & $0.497729$ & $0.182265$ & $-0.60587$ & $-0.189271$ & $-0.279936$ & $0.682021$ & $0.167896$ & $0.0094936$ & $0.0705769$ & $0.0622844$ & $-0.0751371$ & $0.0784521$ & $1$ & $0.00724973$ & $-0.0174416$ & $0.00974293$ & $-0.0263624$ & $-0.0218606$ & $-0.0170901$ & $-0.00214159$ & $-0.0154826$ & $0.0121997$ & $-0.000474344$ & $0.0442406$ & $0.027061$ & $-0.016855$ & $-0.00366573$ & $0.0244749$ \\
eHggint & $-0.0110106$ & $0.0163494$ & $0.0164505$ & $-0.0231648$ & $-0.0112925$ & $0.00270653$ & $-0.0792073$ & $0.0175617$ & $-0.00369242$ & $0.0316305$ & $-0.0078395$ & $0.0316092$ & $0.0491943$ & $-0.0192326$ & $0.0159414$ & $-0.00335604$ & $-0.0107433$ & $-0.0282532$ & $-0.00632173$ & $0.00940019$ & $0.0111126$ & $0.0164688$ & $0.00185534$ & $-0.00801983$ & $-0.0118343$ & $0.0031865$ & $0.0208147$ & $0.0179904$ & $-0.0350182$ & $-0.103732$ & $-0.0289024$ & $-0.00555529$ & $-0.0711797$ & $0.00724973$ & $1$ & $-0.112516$ & $0.0310555$ & $0.039369$ & $0.0384851$ & $-0.0147161$ & $-0.0292038$ & $0.00500931$ & $-0.0350404$ & $-0.0253338$ & $0.00734116$ & $-0.00475022$ & $-0.0297098$ & $0.00120306$ & $0.0145529$ \\
eHggpar & $0.0370515$ & $-0.00602906$ & $0.00926039$ & $-0.00103952$ & $-0.0238531$ & $-0.0459909$ & $-0.0111014$ & $0.00615292$ & $-0.0025541$ & $0.0193109$ & $-0.00739696$ & $0.0279365$ & $0.0224215$ & $0.00176686$ & $0.0255135$ & $0.0275074$ & $-0.00426342$ & $-0.0143352$ & $-0.021614$ & $0.00685947$ & $0.00421734$ & $-0.00514586$ & $0.00174301$ & $-0.00499403$ & $-0.0257503$ & $-0.0100335$ & $-0.0328297$ & $-0.0112178$ & $-0.0485994$ & $-0.0203421$ & $-0.0501774$ & $0.0142627$ & $-0.0160028$ & $-0.0174416$ & $-0.112516$ & $1$ & $0.00596729$ & $0.0205953$ & $-0.00671179$ & $-0.0117474$ & $0.0131407$ & $0.0136469$ & $0.0383678$ & $0.0278794$ & $0.0352664$ & $-0.0161042$ & $-0.0160258$ & $0.0818581$ & $-0.0080894$ \\
eHWWint & $-0.0377944$ & $-0.00638095$ & $0.00964327$ & $-0.00807078$ & $0.00674178$ & $0.0288476$ & $0.0512851$ & $0.00135072$ & $-0.00764451$ & $-0.0190112$ & $-0.000255403$ & $-0.00798066$ & $-0.0169922$ & $0.0128648$ & $-0.0174904$ & $-0.0155035$ & $-0.0075621$ & $0.0114136$ & $0.011651$ & $0.00105685$ & $0.00180717$ & $0.00351838$ & $-0.0169119$ & $-0.00679838$ & $0.0234632$ & $0.025758$ & $0.0273654$ & $-0.0135401$ & $-0.026277$ & $-0.191551$ & $-0.0928828$ & $-0.00387216$ & $-0.199021$ & $0.00974293$ & $0.0310555$ & $0.00596729$ & $1$ & $-0.0154584$ & $0.00988202$ & $-0.017424$ & $0.00349239$ & $-0.0192159$ & $0.013267$ & $0.0161304$ & $0.0120321$ & $0.0334849$ & $-0.00880165$ & $-0.00930074$ & $0.0155193$ \\
eHWWpar & $0.0347096$ & $-0.021058$ & $-0.0219345$ & $0.00581626$ & $-0.0253762$ & $0.014807$ & $0.0162296$ & $-0.0136455$ & $-0.00579717$ & $0.0204784$ & $-0.00484538$ & $0.00350792$ & $-0.00995155$ & $0.0392857$ & $0.0159119$ & $0.00955078$ & $0.0276282$ & $0.0272017$ & $0.0300912$ & $0.00578744$ & $-0.000310586$ & $-0.000812418$ & $0.00152606$ & $0.0196356$ & $0.0258303$ & $-0.0084778$ & $-0.0196922$ & $-0.00323363$ & $-0.0112728$ & $-0.0343152$ & $-0.0393333$ & $0.0130025$ & $-0.0354116$ & $-0.0263624$ & $0.039369$ & $0.0205953$ & $-0.0154584$ & $1$ & $-0.00572848$ & $0.0269886$ & $0.00218444$ & $0.0160846$ & $0.035436$ & $-0.00148069$ & $-0.0184674$ & $-0.0254795$ & $0.0179701$ & $-0.0229749$ & $-0.00959618$ \\
eHZZint & $0.0137584$ & $0.0182739$ & $-0.00768985$ & $0.0200694$ & $-0.0246535$ & $0.0150722$ & $0.00376057$ & $0.00148291$ & $-0.00331189$ & $-0.0139081$ & $-0.0211671$ & $-0.0122144$ & $-0.00974204$ & $0.0394478$ & $0.0308814$ & $0.0231407$ & $0.0338773$ & $0.015664$ & $0.0205931$ & $0.0237482$ & $0.0192768$ & $0.01221$ & $0.00630597$ & $0.0268608$ & $0.0210746$ & $-0.0187564$ & $-0.0126717$ & $0.00417774$ & $-0.00699307$ & $-0.00603191$ & $-0.00665655$ & $0.0160285$ & $0.000635743$ & $-0.0218606$ & $0.0384851$ & $-0.00671179$ & $0.00988202$ & $-0.00572848$ & $1$ & $0.0190704$ & $-0.0244987$ & $-0.00879935$ & $-0.00807553$ & $-0.0529192$ & $0.0233735$ & $0.0259226$ & $-0.00187937$ & $0.00412843$ & $-0.00690302$ \\
eHZZpar & $0.0267442$ & $0.0283512$ & $-0.0341512$ & $-0.0277179$ & $-0.0052314$ & $-0.0110336$ & $0.0360236$ & $-0.0310727$ & $-0.0387472$ & $0.0230504$ & $0.0220142$ & $0.0166346$ & $-0.0315863$ & $-0.00970556$ & $-0.00254251$ & $-0.0388812$ & $0.0290423$ & $0.0148839$ & $0.0427429$ & $-0.0201139$ & $-0.0193638$ & $-0.0231728$ & $0.0279102$ & $0.0254808$ & $0.0228797$ & $0.00106116$ & $0.00276539$ & $0.00646482$ & $0.040496$ & $-0.00305602$ & $-0.00508205$ & $0.0350295$ & $-0.0582449$ & $-0.0170901$ & $-0.0147161$ & $-0.0117474$ & $-0.017424$ & $0.0269886$ & $0.0190704$ & $1$ & $0.00897238$ & $0.0236066$ & $-0.0485785$ & $0.0252301$ & $0.0420726$ & $0.000779356$ & $0.0470949$ & $-0.0282353$ & $-0.0437925$ \\
eHZgaint & $-0.0195642$ & $0.0295406$ & $-0.0325494$ & $0.00398155$ & $0.0185672$ & $-0.00484859$ & $0.0456723$ & $0.0154861$ & $0.0175084$ & $-0.0757244$ & $-0.00688687$ & $-0.0529141$ & $0.00438793$ & $-0.00671789$ & $0.0156338$ & $0.0091118$ & $-0.0256212$ & $-0.0251054$ & $-0.0253299$ & $0.011309$ & $0.0070488$ & $0.00754945$ & $-0.0253186$ & $-0.0229699$ & $-0.00858586$ & $0.0158541$ & $0.00506932$ & $0.0193129$ & $-0.0361086$ & $0.0216883$ & $0.0597381$ & $0.0383061$ & $0.00794052$ & $-0.00214159$ & $-0.0292038$ & $0.0131407$ & $0.00349239$ & $0.00218444$ & $-0.0244987$ & $0.00897238$ & $1$ & $-0.0191134$ & $0.0152934$ & $0.0442408$ & $0.00191709$ & $0.0222582$ & $0.0544187$ & $0.00511208$ & $-0.00325008$ \\
eHZgapar & $-0.0189383$ & $-0.0122243$ & $-0.0497309$ & $-0.00153068$ & $-0.00764662$ & $0.0182015$ & $-0.00345476$ & $-0.0198645$ & $-0.0233304$ & $0.0391688$ & $0.00306593$ & $0.0437368$ & $-0.0296328$ & $0.00919876$ & $0.0046427$ & $-0.00583993$ & $0.043333$ & $0.0285343$ & $0.0307271$ & $0.00105061$ & $-0.00338643$ & $-0.008547$ & $-0.00788848$ & $0.0261656$ & $0.0370503$ & $0.00185059$ & $-0.00755262$ & $-0.0607167$ & $0.00526864$ & $-0.00214902$ & $0.0159212$ & $0.00233512$ & $0.0147036$ & $-0.0154826$ & $0.00500931$ & $0.0136469$ & $-0.0192159$ & $0.0160846$ & $-0.00879935$ & $0.0236066$ & $-0.0191134$ & $1$ & $0.00567414$ & $0.0135751$ & $0.0111231$ & $0.00467338$ & $0.0238356$ & $0.0342181$ & $0.0143534$ \\
eHgagaint & $0.0247504$ & $-0.0200692$ & $0.0223181$ & $-0.0518977$ & $0.0318746$ & $0.00528064$ & $-0.0259345$ & $0.0172214$ & $0.0861814$ & $-0.0203116$ & $-0.025667$ & $-0.0225243$ & $-0.0279406$ & $0.0428595$ & $-0.0104063$ & $-0.0356183$ & $0.00551321$ & $0.0202658$ & $0.0349239$ & $0.0216316$ & $0.0263228$ & $0.0225448$ & $0.0144474$ & $-0.019923$ & $0.0183766$ & $-0.0114831$ & $0.0253835$ & $0.00796868$ & $-0.0108251$ & $-0.0277372$ & $-0.0400884$ & $-0.0291581$ & $-0.0251822$ & $0.0121997$ & $-0.0350404$ & $0.0383678$ & $0.013267$ & $0.035436$ & $-0.00807553$ & $-0.0485785$ & $0.0152934$ & $0.00567414$ & $1$ & $-0.00916337$ & $-0.0595847$ & $-0.00674429$ & $-0.0317733$ & $-0.00518194$ & $0.000386604$ \\
eHmumuint & $0.0114972$ & $-0.0375447$ & $0.0123355$ & $0.00796051$ & $0.000515398$ & $0.0179734$ & $0.0242703$ & $-0.0282505$ & $-0.0318097$ & $0.033283$ & $0.019776$ & $0.0308033$ & $-0.0143879$ & $0.00592952$ & $-0.033941$ & $-0.0220589$ & $0.0222442$ & $0.0363173$ & $0.0295505$ & $-0.0208386$ & $-0.0167793$ & $-0.0186064$ & $0.00650889$ & $0.0194994$ & $0.0157842$ & $0.0130141$ & $-0.0121197$ & $-0.0193655$ & $0.0154706$ & $0.0112486$ & $0.00633017$ & $0.0235078$ & $0.0155487$ & $-0.000474344$ & $-0.0253338$ & $0.0278794$ & $0.0161304$ & $-0.00148069$ & $-0.0529192$ & $0.0252301$ & $0.0442408$ & $0.0135751$ & $-0.00916337$ & $1$ & $-0.0341005$ & $-0.02023$ & $0.0051237$ & $0.0478663$ & $0.00300952$ \\
eHtautauint & $-0.0303082$ & $0.0236561$ & $-0.0263272$ & $-0.00107359$ & $0.034607$ & $-0.0517599$ & $0.00457603$ & $-0.00245747$ & $-0.00867965$ & $0.00613931$ & $-0.000251756$ & $0.00753084$ & $-0.00699976$ & $-0.00708545$ & $-0.0436694$ & $-0.0120663$ & $0.0218691$ & $0.0332855$ & $0.0162024$ & $-0.00324363$ & $0.00630961$ & $0.0130365$ & $0.0111969$ & $0.0153605$ & $0.0200485$ & $-0.0278676$ & $0.0241225$ & $0.0192301$ & $-0.0190845$ & $0.0999354$ & $-1.27045e-06$ & $0.00577442$ & $0.00657305$ & $0.0442406$ & $0.00734116$ & $0.0352664$ & $0.0120321$ & $-0.0184674$ & $0.0233735$ & $0.0420726$ & $0.00191709$ & $0.0111231$ & $-0.0595847$ & $-0.0341005$ & $1$ & $0.0248172$ & $-0.034816$ & $0.00501406$ & $-0.00781845$ \\
eHccint & $0.00858527$ & $0.00876267$ & $0.0114038$ & $0.020943$ & $0.0291863$ & $0.000209143$ & $-0.0151485$ & $0.0300168$ & $0.0311251$ & $-0.0528774$ & $-0.0111398$ & $-0.0171707$ & $0.000774837$ & $-0.0170129$ & $-0.014586$ & $-0.0176505$ & $-0.0501846$ & $-0.0305855$ & $-0.0291334$ & $0.00737532$ & $0.0143066$ & $0.0125315$ & $0.0172082$ & $-0.0426238$ & $-0.0290263$ & $-0.0148181$ & $0.0332332$ & $-0.00123169$ & $-0.02719$ & $-0.024721$ & $0.0973841$ & $-0.0195401$ & $0.0169214$ & $0.027061$ & $-0.00475022$ & $-0.0161042$ & $0.0334849$ & $-0.0254795$ & $0.0259226$ & $0.000779356$ & $0.0222582$ & $0.00467338$ & $-0.00674429$ & $-0.02023$ & $0.0248172$ & $1$ & $0.00690601$ & $-0.0327356$ & $0.0303383$ \\
eHccpar & $-0.0246176$ & $-0.0190308$ & $-0.0291475$ & $0.0381394$ & $-0.00705803$ & $0.00136316$ & $0.0514895$ & $0.00356687$ & $0.00452997$ & $-0.0251776$ & $0.00475089$ & $-0.00735482$ & $0.00311122$ & $0.00678536$ & $0.0173494$ & $0.00366052$ & $-0.0257715$ & $-0.0209474$ & $-0.0150045$ & $-0.00442109$ & $-0.0058818$ & $-0.00912976$ & $-0.00309581$ & $-0.0169067$ & $-0.00712059$ & $-0.00251068$ & $-0.00817459$ & $-0.00464053$ & $0.0363617$ & $0.0225396$ & $0.393835$ & $0.0465733$ & $0.0239765$ & $-0.016855$ & $-0.0297098$ & $-0.0160258$ & $-0.00880165$ & $0.0179701$ & $-0.00187937$ & $0.0470949$ & $0.0544187$ & $0.0238356$ & $-0.0317733$ & $0.0051237$ & $-0.034816$ & $0.00690601$ & $1$ & $0.00671691$ & $0.0208841$ \\
eHbbint & $-0.0315898$ & $-0.0242076$ & $0.0236755$ & $-0.0349717$ & $-0.0550757$ & $-0.0352714$ & $-0.00949504$ & $0.00381617$ & $0.000317784$ & $0.00763823$ & $-0.0105454$ & $8.66367e-05$ & $0.0160945$ & $-0.000141306$ & $0.0103064$ & $0.0149028$ & $0.0191232$ & $0.00759179$ & $0.00341405$ & $0.0164445$ & $0.00876085$ & $0.0133702$ & $0.0197672$ & $0.00873229$ & $0.043448$ & $0.00499383$ & $0.03695$ & $0.00527366$ & $0.0200061$ & $0.0408512$ & $-0.0293303$ & $0.00596297$ & $0.166239$ & $-0.00366573$ & $0.00120306$ & $0.0818581$ & $-0.00930074$ & $-0.0229749$ & $0.00412843$ & $-0.0282353$ & $0.00511208$ & $0.0342181$ & $-0.00518194$ & $0.0478663$ & $0.00501406$ & $-0.0327356$ & $0.00671691$ & $1$ & $0.00937093$ \\
eHbbpar & $-0.0406253$ & $0.000185174$ & $0.0175331$ & $-0.00830998$ & $-0.0190251$ & $0.00800529$ & $-0.0308379$ & $0.00791428$ & $0.00894568$ & $-0.00834065$ & $-0.0017448$ & $-0.0144003$ & $0.0339122$ & $-0.0132917$ & $-0.0186532$ & $0.0241822$ & $-0.00849715$ & $0.00141372$ & $-0.0261323$ & $0.00155667$ & $0.00307603$ & $0.00632749$ & $0.0133092$ & $0.00136802$ & $0.0122732$ & $-0.0167683$ & $0.0256503$ & $0.0594353$ & $-0.0150551$ & $0.0314492$ & $0.0109485$ & $-0.0108895$ & $0.533052$ & $0.0244749$ & $0.0145529$ & $-0.0080894$ & $0.0155193$ & $-0.00959618$ & $-0.00690302$ & $-0.0437925$ & $-0.00325008$ & $0.0143534$ & $0.000386604$ & $0.00300952$ & $-0.00781845$ & $0.0303383$ & $0.0208841$ & $0.00937093$ & $1$ \\
