 & AlsMz & dAle5Mz & mtop & mHl & Mz & CW & CHG & CHWB & CHWHB_gaga & CHWHB_gagaorth & CHD & CHbox & CH & CHL1_11 & CHL1_22 & CHL1_33 & CHL3_11 & CHL3_22 & CHL3_33 & CHe_11 & CHe_22 & CHe_33 & CHQ1_11 & CHQ1_33 & CHQ3_11 & CHu_11 & CHd_11 & CHd_33 & CeH_22r & CeH_33r & CuH_22r & CuH_33r & CdH_33r & CLL_1221 & eHggint & eHggpar & eHWWint & eHWWpar & eHZZint & eHZZpar & eHZgaint & eHZgapar & eHgagaint & eHmumuint & eHtautauint & eHccint & eHccpar & eHbbint & eHbbpar \\
AlsMz & $1$ & $-0.0503851$ & $-0.0528068$ & $0.0368211$ & $-0.0498568$ & $-0.00159322$ & $0.0309644$ & $-0.00507863$ & $0.00255848$ & $-0.00974551$ & $-0.000148534$ & $0.000464453$ & $-0.00765654$ & $-0.0139147$ & $-0.0269587$ & $-0.0221156$ & $-0.00166655$ & $0.0105374$ & $0.00534791$ & $-0.0130036$ & $-0.00842437$ & $-0.00684268$ & $0.0121053$ & $-0.0618482$ & $-0.097638$ & $-0.0351082$ & $-0.0038256$ & $0.0156814$ & $0.0224812$ & $0.00529873$ & $-0.00452473$ & $0.0404229$ & $-0.0107976$ & $0.0164537$ & $0.0649573$ & $-0.0108761$ & $-0.00826016$ & $0.0164998$ & $-0.0371794$ & $-0.0278125$ & $0.106012$ & $-0.00910197$ & $0.101571$ & $-0.0179802$ & $-0.0718249$ & $-0.0419053$ & $0.0121416$ & $-0.0153428$ & $-0.0320034$ \\
dAle5Mz & $-0.0503851$ & $1$ & $-0.125795$ & $0.151792$ & $0.00116484$ & $0.0361154$ & $-0.00467958$ & $-0.0855643$ & $-0.0874926$ & $0.0481691$ & $0.0638351$ & $0.0212709$ & $-0.032137$ & $-0.0129724$ & $-0.0103495$ & $-0.00397497$ & $0.0224109$ & $0.0204684$ & $0.0141857$ & $-0.0400124$ & $-0.0427953$ & $-0.0423542$ & $0.00885232$ & $0.0511372$ & $0.0247391$ & $0.0266635$ & $-0.0131771$ & $0.00787428$ & $-0.0366981$ & $-0.0554068$ & $-0.0736663$ & $-0.0141248$ & $-0.0671187$ & $0.00221425$ & $-0.0100586$ & $0.0021374$ & $0.113876$ & $0.00468639$ & $-0.0411126$ & $0.00822314$ & $-0.043631$ & $-0.000340332$ & $-0.01167$ & $-0.130708$ & $-0.0550665$ & $-0.0880574$ & $-0.119279$ & $0.00363102$ & $-0.0494076$ \\
mtop & $-0.0528068$ & $-0.125795$ & $1$ & $-0.152081$ & $-0.00684656$ & $-0.00723151$ & $0.0352167$ & $0.0346337$ & $0.0425173$ & $0.00101658$ & $-0.0213234$ & $-0.0171558$ & $-0.0166771$ & $0.00509659$ & $0.0223524$ & $0.0317672$ & $-0.0129733$ & $-0.0194064$ & $-0.0262596$ & $0.0293064$ & $0.024307$ & $0.0276841$ & $0.0066352$ & $-0.00531812$ & $-0.0070949$ & $-0.0204534$ & $0.00491702$ & $0.0224784$ & $-0.0248628$ & $-0.00152135$ & $0.00820976$ & $0.0319728$ & $0.0200036$ & $0.00178105$ & $0.0155874$ & $-0.0793234$ & $-0.0326253$ & $0.00233903$ & $-0.128299$ & $-0.0119153$ & $-0.0295119$ & $0.0206459$ & $0.064724$ & $0.0156522$ & $0.0174778$ & $-0.0433571$ & $0.0953784$ & $-0.103082$ & $0.077989$ \\
mHl & $0.0368211$ & $0.151792$ & $-0.152081$ & $1$ & $0.00900503$ & $0.0104488$ & $-0.0233804$ & $-0.00512862$ & $-0.0184878$ & $-0.0164417$ & $0.00330314$ & $0.0257559$ & $0.0145522$ & $-0.00145452$ & $0.0121462$ & $-0.00748422$ & $-0.000992679$ & $-0.00941226$ & $0.00352924$ & $0.000619352$ & $-0.000806653$ & $-0.00247948$ & $-0.00193805$ & $-0.00368567$ & $-0.00968801$ & $0.00849465$ & $-0.00418661$ & $-0.0111983$ & $-0.0123893$ & $0.00512584$ & $-0.0158139$ & $0.00265515$ & $-0.00790129$ & $-0.00472201$ & $0.143276$ & $0.00240486$ & $0.0226396$ & $0.00991665$ & $0.0183067$ & $-0.00825966$ & $0.0920859$ & $-0.0216287$ & $-0.106545$ & $0.00381893$ & $0.071672$ & $-0.0748274$ & $-0.0709494$ & $-0.0317051$ & $-0.0160123$ \\
Mz & $-0.0498568$ & $0.00116484$ & $-0.00684656$ & $0.00900503$ & $1$ & $-0.00954852$ & $-0.000485922$ & $-0.0100932$ & $-0.0120381$ & $-0.0066597$ & $0.00805106$ & $-0.0157704$ & $-0.0251678$ & $0.0178321$ & $0.00356435$ & $0.018714$ & $0.0179572$ & $0.017223$ & $0.0105683$ & $0.00315158$ & $0.000302315$ & $0.00320839$ & $-0.0195613$ & $0.0152782$ & $0.0219971$ & $0.0212652$ & $-0.00818255$ & $-0.00501027$ & $0.0041039$ & $-0.00272708$ & $-0.00325174$ & $-0.00516632$ & $0.00149526$ & $-0.01241$ & $-0.0195506$ & $0.0222731$ & $-0.0201743$ & $0.00349732$ & $0.0143812$ & $-0.00470269$ & $-0.000353865$ & $0.021716$ & $-0.0384977$ & $-0.00429788$ & $-0.0132683$ & $-0.0143029$ & $-0.00639947$ & $0.00365251$ & $0.0141196$ \\
CW & $-0.00159322$ & $0.0361154$ & $-0.00723151$ & $0.0104488$ & $-0.00954852$ & $1$ & $0.0218504$ & $-0.130321$ & $-0.125175$ & $0.0189197$ & $0.193784$ & $0.0458869$ & $0.00545898$ & $0.00736346$ & $-0.102785$ & $-0.0798381$ & $-0.250232$ & $-0.0396546$ & $-0.0544414$ & $-0.188659$ & $-0.19442$ & $-0.188543$ & $-0.0249302$ & $-0.00578763$ & $-0.0840045$ & $0.117034$ & $-0.0739461$ & $-0.067808$ & $-0.00918454$ & $0.00162042$ & $-0.0118215$ & $0.0248306$ & $-0.00728004$ & $-0.104769$ & $-0.004688$ & $-0.00962335$ & $0.017517$ & $-0.0130154$ & $-0.010151$ & $0.0167225$ & $0.00222393$ & $0.0101571$ & $0.00993025$ & $0.0219322$ & $-0.0291981$ & $-0.0154901$ & $-0.014936$ & $-0.00365021$ & $-0.0229105$ \\
CHG & $0.0309644$ & $-0.00467958$ & $0.0352167$ & $-0.0233804$ & $-0.000485922$ & $0.0218504$ & $1$ & $-0.0141201$ & $0.0470932$ & $-0.00661578$ & $0.0281108$ & $-0.0574817$ & $-0.158474$ & $-0.0258873$ & $-0.0247777$ & $-0.0104419$ & $-0.0238275$ & $-0.00735162$ & $-0.0164666$ & $-0.0295321$ & $-0.026814$ & $-0.0279501$ & $0.0131815$ & $-0.0151545$ & $-0.00865207$ & $0.00658861$ & $0.0111922$ & $-0.0274994$ & $0.0208435$ & $-0.0699772$ & $-0.0573185$ & $0.934445$ & $-0.0647308$ & $0.0089736$ & $-0.0382307$ & $-0.0121502$ & $-0.0041831$ & $0.019996$ & $-0.0157287$ & $0.00262217$ & $-0.0311923$ & $0.00945415$ & $0.00109695$ & $-0.0239084$ & $-0.00397621$ & $0.0381355$ & $-0.0461679$ & $-0.00345814$ & $-0.0026914$ \\
CHWB & $-0.00507863$ & $-0.0855643$ & $0.0346337$ & $-0.00512862$ & $-0.0100932$ & $-0.130321$ & $-0.0141201$ & $1$ & $0.981242$ & $-0.541848$ & $-0.859386$ & $-0.149825$ & $0.0466315$ & $0.0631319$ & $0.282967$ & $0.280941$ & $-0.260685$ & $-0.436974$ & $-0.432389$ & $0.829501$ & $0.879723$ & $0.864446$ & $0.062685$ & $-0.668339$ & $-0.400298$ & $-0.490601$ & $0.432745$ & $0.284509$ & $0.00238728$ & $0.00973206$ & $0.0221214$ & $-0.0210642$ & $0.00428632$ & $0.570683$ & $-0.00403064$ & $-0.0148426$ & $-0.0133402$ & $0.00687906$ & $0.0308866$ & $-0.00980119$ & $0.00819407$ & $0.00149326$ & $-0.000803637$ & $-0.00914219$ & $0.00324431$ & $0.0191958$ & $0.0246816$ & $-1.29875e-05$ & $0.00116723$ \\
CHWHB_gaga & $0.00255848$ & $-0.0874926$ & $0.0425173$ & $-0.0184878$ & $-0.0120381$ & $-0.125175$ & $0.0470932$ & $0.981242$ & $1$ & $-0.535986$ & $-0.839926$ & $-0.126015$ & $0.0398348$ & $0.0563299$ & $0.276945$ & $0.273155$ & $-0.262166$ & $-0.433932$ & $-0.428291$ & $0.810518$ & $0.86004$ & $0.844698$ & $0.0665296$ & $-0.661741$ & $-0.396412$ & $-0.484382$ & $0.426498$ & $0.274581$ & $0.0105428$ & $0.0316924$ & $0.0294031$ & $0.0301003$ & $0.0270921$ & $0.560209$ & $-0.026434$ & $-0.018982$ & $-0.0163822$ & $0.00974464$ & $0.032717$ & $-0.0102453$ & $0.00133967$ & $0.00408295$ & $0.0676609$ & $-0.0047388$ & $-0.00228036$ & $0.0223032$ & $0.0226264$ & $-0.00381536$ & $-0.000165458$ \\
CHWHB_gagaorth & $-0.00974551$ & $0.0481691$ & $0.00101658$ & $-0.0164417$ & $-0.0066597$ & $0.0189197$ & $-0.00661578$ & $-0.541848$ & $-0.535986$ & $1$ & $0.36026$ & $0.371915$ & $-0.0731885$ & $0.15003$ & $-0.119694$ & $-0.115899$ & $0.348516$ & $0.401207$ & $0.393602$ & $-0.346889$ & $-0.37567$ & $-0.371935$ & $-0.0435464$ & $0.47912$ & $0.376946$ & $0.20622$ & $-0.245134$ & $-0.125478$ & $-0.0206885$ & $-0.110453$ & $-0.0486769$ & $0.00599529$ & $-0.118176$ & $-0.325893$ & $0.0362179$ & $0.0220885$ & $-0.0156606$ & $-1.81416e-05$ & $-0.0177404$ & $0.0202273$ & $-0.0608538$ & $0.0101331$ & $-0.0174593$ & $-0.0207161$ & $0.00868809$ & $-0.0175625$ & $-0.012328$ & $0.00197856$ & $0.00326366$ \\
CHD & $-0.000148534$ & $0.0638351$ & $-0.0213234$ & $0.00330314$ & $0.00805106$ & $0.193784$ & $0.0281108$ & $-0.859386$ & $-0.839926$ & $0.36026$ & $1$ & $0.177784$ & $-0.0289748$ & $-0.519937$ & $-0.422537$ & $-0.40712$ & $-0.236448$ & $0.0246862$ & $0.0234251$ & $-0.990039$ & $-0.990945$ & $-0.969037$ & $-0.00409864$ & $0.264386$ & $-0.0237934$ & $0.554454$ & $-0.287212$ & $-0.318111$ & $-0.00529449$ & $-0.0307829$ & $-0.0246504$ & $0.0373776$ & $-0.0235074$ & $-0.347738$ & $0.0111153$ & $0.0177381$ & $0.0141423$ & $-0.0110268$ & $-0.0346755$ & $0.0104145$ & $-0.00490478$ & $-0.00730677$ & $0.0136022$ & $0.0150401$ & $-0.0174183$ & $-0.021228$ & $-0.0245326$ & $0.0059661$ & $0.00338415$ \\
CHbox & $0.000464453$ & $0.0212709$ & $-0.0171558$ & $0.0257559$ & $-0.0157704$ & $0.0458869$ & $-0.0574817$ & $-0.149825$ & $-0.126015$ & $0.371915$ & $0.177784$ & $1$ & $0.384544$ & $-0.121841$ & $-0.00914971$ & $-0.00343087$ & $-0.0538534$ & $-0.0419885$ & $-0.0449871$ & $-0.161545$ & $-0.185009$ & $-0.182302$ & $-0.03119$ & $0.0465091$ & $-0.0445441$ & $0.110064$ & $-0.115835$ & $-0.0751149$ & $0.0277854$ & $0.308423$ & $0.0714667$ & $0.0519843$ & $0.362147$ & $-0.111456$ & $0.129772$ & $0.0686462$ & $-0.0214532$ & $-0.00222995$ & $-0.0551367$ & $0.0176816$ & $-0.0155767$ & $0.0117595$ & $-0.0277272$ & $-0.0050504$ & $-0.0237753$ & $-0.0221741$ & $-0.0014429$ & $0.0157352$ & $0.022053$ \\
CH & $-0.00765654$ & $-0.032137$ & $-0.0166771$ & $0.0145522$ & $-0.0251678$ & $0.00545898$ & $-0.158474$ & $0.0466315$ & $0.0398348$ & $-0.0731885$ & $-0.0289748$ & $0.384544$ & $1$ & $-0.0212577$ & $0.023586$ & $0.0165554$ & $-0.0334083$ & $-0.0469321$ & $-0.0420465$ & $0.0280915$ & $0.0276826$ & $0.0255852$ & $-0.00268366$ & $-0.0482773$ & $-0.0500061$ & $-0.0182296$ & $-0.00465294$ & $-0.00576471$ & $0.0265765$ & $0.146184$ & $0.0778483$ & $-0.133188$ & $0.168201$ & $0.0164241$ & $0.0262585$ & $0.00494039$ & $0.00436509$ & $-0.0116772$ & $-0.00365692$ & $0.0312432$ & $-0.00346678$ & $-0.000319768$ & $-0.00493249$ & $0.00520591$ & $0.0316972$ & $-0.0115497$ & $0.0157218$ & $0.0261257$ & $0.00361595$ \\
CHL1_11 & $-0.0139147$ & $-0.0129724$ & $0.00509659$ & $-0.00145452$ & $0.0178321$ & $0.00736346$ & $-0.0258873$ & $0.0631319$ & $0.0563299$ & $0.15003$ & $-0.519937$ & $-0.121841$ & $-0.0212577$ & $1$ & $0.274286$ & $0.25299$ & $0.7014$ & $0.646531$ & $0.639922$ & $0.537096$ & $0.478789$ & $0.459879$ & $-0.0765065$ & $0.509915$ & $0.650136$ & $-0.270057$ & $-0.101303$ & $0.150743$ & $0.00280911$ & $0.0420903$ & $0.00695378$ & $-0.0341491$ & $0.0357342$ & $-0.23698$ & $-0.0155157$ & $-0.00900869$ & $-0.00550462$ & $-0.000571674$ & $0.0250976$ & $0.000431775$ & $0.00135956$ & $0.00274661$ & $-0.0245685$ & $0.00301341$ & $0.023019$ & $0.00557018$ & $0.012308$ & $-0.0140884$ & $-0.00387165$ \\
CHL1_22 & $-0.0269587$ & $-0.0103495$ & $0.0223524$ & $0.0121462$ & $0.00356435$ & $-0.102785$ & $-0.0247777$ & $0.282967$ & $0.276945$ & $-0.119694$ & $-0.422537$ & $-0.00914971$ & $0.023586$ & $0.274286$ & $1$ & $0.44372$ & $0.189515$ & $-0.393182$ & $-0.00385549$ & $0.490025$ & $0.339591$ & $0.325583$ & $-0.173299$ & $0.132447$ & $-0.0921686$ & $-0.190639$ & $-0.392204$ & $0.109955$ & $0.0062302$ & $0.0269273$ & $0.0020282$ & $-0.0240407$ & $0.0239921$ & $-0.595197$ & $-0.0105665$ & $-0.0276526$ & $0.00767001$ & $-0.0024711$ & $0.0120765$ & $0.0127356$ & $-0.0123906$ & $0.00241959$ & $-0.0162001$ & $-0.00536531$ & $0.0327091$ & $-0.00989864$ & $-0.00272994$ & $0.0249902$ & $-0.00960762$ \\
CHL1_33 & $-0.0221156$ & $-0.00397497$ & $0.0317672$ & $-0.00748422$ & $0.018714$ & $-0.0798381$ & $-0.0104419$ & $0.280941$ & $0.273155$ & $-0.115899$ & $-0.40712$ & $-0.00343087$ & $0.0165554$ & $0.25299$ & $0.44372$ & $1$ & $0.160725$ & $-0.0118939$ & $-0.409336$ & $0.473504$ & $0.325018$ & $0.34064$ & $-0.191367$ & $0.117636$ & $-0.112057$ & $-0.169416$ & $-0.392271$ & $0.104766$ & $0.00671549$ & $0.0225237$ & $0.0106969$ & $-0.00994081$ & $0.0267984$ & $-0.10567$ & $0.00296112$ & $0.00876688$ & $-0.0164215$ & $0.00911038$ & $0.0207206$ & $-0.0139381$ & $-0.0259554$ & $0.0205543$ & $-0.0233863$ & $-0.0314193$ & $0.00824445$ & $0.00601449$ & $-0.00909817$ & $-0.0142841$ & $0.00673163$ \\
CHL3_11 & $-0.00166655$ & $0.0224109$ & $-0.0129733$ & $-0.000992679$ & $0.0179572$ & $-0.250232$ & $-0.0238275$ & $-0.260685$ & $-0.262166$ & $0.348516$ & $-0.236448$ & $-0.0538534$ & $-0.0334083$ & $0.7014$ & $0.189515$ & $0.160725$ & $1$ & $0.763738$ & $0.763074$ & $0.258615$ & $0.199945$ & $0.18884$ & $-0.07449$ & $0.707382$ & $0.801097$ & $-0.11663$ & $-0.179425$ & $0.062143$ & $0.00660009$ & $0.0363739$ & $0.00827376$ & $-0.0284847$ & $0.0383971$ & $-0.289248$ & $-0.0176855$ & $-0.00979003$ & $-0.00694775$ & $0.0120799$ & $0.00081032$ & $-0.00683152$ & $-0.00795328$ & $0.0200255$ & $-0.0297156$ & $-0.0170398$ & $0.0309379$ & $0.0137022$ & $0.00208477$ & $-0.0118549$ & $-0.00377516$ \\
CHL3_22 & $0.0105374$ & $0.0204684$ & $-0.0194064$ & $-0.00941226$ & $0.017223$ & $-0.0396546$ & $-0.00735162$ & $-0.436974$ & $-0.433932$ & $0.401207$ & $0.0246862$ & $-0.0419885$ & $-0.0469321$ & $0.646531$ & $-0.393182$ & $-0.0118939$ & $0.763738$ & $1$ & $0.706268$ & $-0.0267553$ & $-0.0263819$ & $-0.0270957$ & $-0.00333987$ & $0.64849$ & $0.813202$ & $0.0123206$ & $-0.031944$ & $-0.0123172$ & $0.0032236$ & $0.0217559$ & $0.00364866$ & $-0.012227$ & $0.0221236$ & $-0.0160827$ & $-0.00649489$ & $0.0130681$ & $-0.00894472$ & $0.00803663$ & $0.00149227$ & $-0.00985939$ & $0.00129727$ & $0.0104359$ & $-0.0147593$ & $-0.00364907$ & $0.00687799$ & $0.0111763$ & $0.00360159$ & $-0.0292458$ & $0.00221108$ \\
CHL3_33 & $0.00534791$ & $0.0141857$ & $-0.0262596$ & $0.00352924$ & $0.0105683$ & $-0.0544414$ & $-0.0164666$ & $-0.432389$ & $-0.428291$ & $0.393602$ & $0.0234251$ & $-0.0449871$ & $-0.0420465$ & $0.639922$ & $-0.00385549$ & $-0.409336$ & $0.763074$ & $0.706268$ & $1$ & $-0.0265835$ & $-0.0222273$ & $-0.0247954$ & $0.0149311$ & $0.641849$ & $0.816097$ & $0.00475862$ & $-0.0137538$ & $-0.01177$ & $0.00231113$ & $0.0230051$ & $-0.000134213$ & $-0.0209342$ & $0.0209577$ & $-0.360228$ & $-0.0167051$ & $-0.0149392$ & $0.00690315$ & $-0.000395271$ & $-0.00547955$ & $0.00787701$ & $0.00976994$ & $-0.00203335$ & $-0.0151801$ & $0.0141554$ & $0.0206186$ & $-0.00240493$ & $0.00907799$ & $-0.00152738$ & $-0.00773896$ \\
CHe_11 & $-0.0130036$ & $-0.0400124$ & $0.0293064$ & $0.000619352$ & $0.00315158$ & $-0.188659$ & $-0.0295321$ & $0.829501$ & $0.810518$ & $-0.346889$ & $-0.990039$ & $-0.161545$ & $0.0280915$ & $0.537096$ & $0.490025$ & $0.473504$ & $0.258615$ & $-0.0267553$ & $-0.0265835$ & $1$ & $0.971814$ & $0.950176$ & $-0.0242401$ & $-0.209946$ & $0.030651$ & $-0.541192$ & $0.210415$ & $0.310435$ & $0.00767306$ & $0.0322221$ & $0.021505$ & $-0.0383336$ & $0.0242568$ & $0.266906$ & $-0.0109194$ & $-0.0175402$ & $-0.0100473$ & $0.012318$ & $0.0344699$ & $-0.00968487$ & $0.00161828$ & $0.00690356$ & $-0.0154125$ & $-0.0172279$ & $0.0184173$ & $0.0149618$ & $0.0187201$ & $-0.00718183$ & $-0.00328999$ \\
CHe_22 & $-0.00842437$ & $-0.0427953$ & $0.024307$ & $-0.000806653$ & $0.000302315$ & $-0.19442$ & $-0.026814$ & $0.879723$ & $0.86004$ & $-0.37567$ & $-0.990945$ & $-0.185009$ & $0.0276826$ & $0.478789$ & $0.339591$ & $0.325018$ & $0.199945$ & $-0.0263819$ & $-0.0222273$ & $0.971814$ & $1$ & $0.974796$ & $0.0343213$ & $-0.322773$ & $0.0145043$ & $-0.557858$ & $0.370508$ & $0.320002$ & $0.00313807$ & $0.0271292$ & $0.0222308$ & $-0.0370715$ & $0.0195517$ & $0.435049$ & $-0.0115202$ & $-0.0183471$ & $-0.0126123$ & $0.0119469$ & $0.0318526$ & $-0.0109967$ & $0.00633289$ & $0.00607677$ & $-0.0139416$ & $-0.0171404$ & $0.0146918$ & $0.0208693$ & $0.0221334$ & $-0.00702223$ & $-0.00260066$ \\
CHe_33 & $-0.00684268$ & $-0.0423542$ & $0.0276841$ & $-0.00247948$ & $0.00320839$ & $-0.188543$ & $-0.0279501$ & $0.864446$ & $0.844698$ & $-0.371935$ & $-0.969037$ & $-0.182302$ & $0.0255852$ & $0.459879$ & $0.325583$ & $0.34064$ & $0.18884$ & $-0.0270957$ & $-0.0247954$ & $0.950176$ & $0.974796$ & $1$ & $0.0342605$ & $-0.319577$ & $0.00933975$ & $-0.543216$ & $0.368465$ & $0.315231$ & $0.00372837$ & $0.0268016$ & $0.0266187$ & $-0.0374991$ & $0.0221507$ & $0.437046$ & $-0.0125378$ & $-0.0205203$ & $-0.0143623$ & $0.0128928$ & $0.0336921$ & $-0.0158328$ & $0.00643342$ & $0.00776675$ & $-0.0174353$ & $-0.0176607$ & $0.00706192$ & $0.018838$ & $0.024507$ & $-0.0105397$ & $-0.000557712$ \\
CHQ1_11 & $0.0121053$ & $0.00885232$ & $0.0066352$ & $-0.00193805$ & $-0.0195613$ & $-0.0249302$ & $0.0131815$ & $0.062685$ & $0.0665296$ & $-0.0435464$ & $-0.00409864$ & $-0.03119$ & $-0.00268366$ & $-0.0765065$ & $-0.173299$ & $-0.191367$ & $-0.07449$ & $-0.00333987$ & $0.0149311$ & $-0.0242401$ & $0.0343213$ & $0.0342605$ & $1$ & $-0.131355$ & $0.0645756$ & $-0.681456$ & $0.342348$ & $0.000237877$ & $-0.0323122$ & $-0.00207456$ & $0.00598277$ & $0.0133772$ & $-0.000148698$ & $0.196582$ & $-0.0100126$ & $0.00979484$ & $-0.0185444$ & $0.0045251$ & $-0.0140579$ & $-0.0217845$ & $0.0143405$ & $-0.00460224$ & $0.0145801$ & $0.00226559$ & $0.000515385$ & $0.0343572$ & $-0.00229618$ & $0.00417771$ & $-0.0136928$ \\
CHQ1_33 & $-0.0618482$ & $0.0511372$ & $-0.00531812$ & $-0.00368567$ & $0.0152782$ & $-0.00578763$ & $-0.0151545$ & $-0.668339$ & $-0.661741$ & $0.47912$ & $0.264386$ & $0.0465091$ & $-0.0482773$ & $0.509915$ & $0.132447$ & $0.117636$ & $0.707382$ & $0.64849$ & $0.641849$ & $-0.209946$ & $-0.322773$ & $-0.319577$ & $-0.131355$ & $1$ & $0.666879$ & $0.175999$ & $-0.426892$ & $-0.0131705$ & $-0.000985831$ & $0.017016$ & $-0.0108663$ & $-0.0118167$ & $0.020981$ & $-0.640812$ & $-0.0130581$ & $0.0057706$ & $0.0011262$ & $0.00374799$ & $-0.00956032$ & $0.00777861$ & $-0.0186318$ & $0.0018946$ & $-0.0276989$ & $-0.00589463$ & $0.022066$ & $-9.88663e-05$ & $-0.0102561$ & $-0.00501215$ & $-0.00145019$ \\
CHQ3_11 & $-0.097638$ & $0.0247391$ & $-0.0070949$ & $-0.00968801$ & $0.0219971$ & $-0.0840045$ & $-0.00865207$ & $-0.400298$ & $-0.396412$ & $0.376946$ & $-0.0237934$ & $-0.0445441$ & $-0.0500061$ & $0.650136$ & $-0.0921686$ & $-0.112057$ & $0.801097$ & $0.813202$ & $0.816097$ & $0.030651$ & $0.0145043$ & $0.00933975$ & $0.0645756$ & $0.666879$ & $1$ & $0.000377122$ & $0.174021$ & $-0.0103384$ & $-0.000399762$ & $0.0255006$ & $-0.00703152$ & $-0.0129209$ & $0.0279814$ & $-0.232752$ & $-0.0193149$ & $0.00398921$ & $-0.00104833$ & $-0.00367842$ & $-0.00682163$ & $0.00886398$ & $-0.00534315$ & $0.0140618$ & $-0.0350186$ & $-0.000207682$ & $0.0209007$ & $0.00697692$ & $-0.00273634$ & $-0.00234316$ & $-0.0097177$ \\
CHu_11 & $-0.0351082$ & $0.0266635$ & $-0.0204534$ & $0.00849465$ & $0.0212652$ & $0.117034$ & $0.00658861$ & $-0.490601$ & $-0.484382$ & $0.20622$ & $0.554454$ & $0.110064$ & $-0.0182296$ & $-0.270057$ & $-0.190639$ & $-0.169416$ & $-0.11663$ & $0.0123206$ & $0.00475862$ & $-0.541192$ & $-0.557858$ & $-0.543216$ & $-0.681456$ & $0.175999$ & $0.000377122$ & $1$ & $-0.173829$ & $-0.177224$ & $0.0214375$ & $-0.0146321$ & $-0.0207783$ & $0.0118332$ & $-0.0147494$ & $-0.244076$ & $0.0129681$ & $0.00723716$ & $0.0230964$ & $-0.0147256$ & $-0.0121356$ & $0.0224656$ & $-0.0131264$ & $-0.000291108$ & $-0.0242644$ & $0.00604621$ & $-0.00962573$ & $-0.0340314$ & $-0.00411581$ & $0.0058116$ & $0.00597956$ \\
CHd_11 & $-0.0038256$ & $-0.0131771$ & $0.00491702$ & $-0.00418661$ & $-0.00818255$ & $-0.0739461$ & $0.0111922$ & $0.432745$ & $0.426498$ & $-0.245134$ & $-0.287212$ & $-0.115835$ & $-0.00465294$ & $-0.101303$ & $-0.392204$ & $-0.392271$ & $-0.179425$ & $-0.031944$ & $-0.0137538$ & $0.210415$ & $0.370508$ & $0.368465$ & $0.342348$ & $-0.426892$ & $0.174021$ & $-0.173829$ & $1$ & $0.0942767$ & $-0.0087474$ & $-0.0120364$ & $-0.00258016$ & $0.00696697$ & $-0.0134294$ & $0.680405$ & $-0.00557919$ & $0.00472505$ & $-0.00448118$ & $-0.00481164$ & $-0.00604133$ & $0.000804886$ & $0.0216267$ & $0.00201492$ & $-0.0095593$ & $-0.00572575$ & $-0.0171129$ & $0.0155198$ & $0.0157343$ & $0.00777592$ & $-0.0133484$ \\
CHd_33 & $0.0156814$ & $0.00787428$ & $0.0224784$ & $-0.0111983$ & $-0.00501027$ & $-0.067808$ & $-0.0274994$ & $0.284509$ & $0.274581$ & $-0.125478$ & $-0.318111$ & $-0.0751149$ & $-0.00576471$ & $0.150743$ & $0.109955$ & $0.104766$ & $0.062143$ & $-0.0123172$ & $-0.01177$ & $0.310435$ & $0.320002$ & $0.315231$ & $0.000237877$ & $-0.0131705$ & $-0.0103384$ & $-0.177224$ & $0.0942767$ & $1$ & $0.00272257$ & $-0.0059739$ & $0.00155333$ & $-0.032837$ & $-0.0038511$ & $0.144745$ & $-0.0131375$ & $-0.00289921$ & $-0.0042245$ & $0.00756171$ & $0.00434853$ & $0.00408131$ & $-0.0110738$ & $0.000104937$ & $0.0059904$ & $-0.0112539$ & $0.00446875$ & $0.00644759$ & $0.00455457$ & $0.0136689$ & $0.00264682$ \\
CeH_22r & $0.0224812$ & $-0.0366981$ & $-0.0248628$ & $-0.0123893$ & $0.0041039$ & $-0.00918454$ & $0.0208435$ & $0.00238728$ & $0.0105428$ & $-0.0206885$ & $-0.00529449$ & $0.0277854$ & $0.0265765$ & $0.00280911$ & $0.0062302$ & $0.00671549$ & $0.00660009$ & $0.0032236$ & $0.00231113$ & $0.00767306$ & $0.00313807$ & $0.00372837$ & $-0.0323122$ & $-0.000985831$ & $-0.000399762$ & $0.0214375$ & $-0.0087474$ & $0.00272257$ & $1$ & $0.054356$ & $0.0161772$ & $0.00220717$ & $0.0285425$ & $-0.00381004$ & $-0.0489587$ & $-0.00715054$ & $-0.0179509$ & $0.00104457$ & $0.00716047$ & $-0.00734256$ & $0.001349$ & $-0.00254956$ & $-0.00114616$ & $0.01997$ & $0.00726445$ & $-0.0105554$ & $0.00204061$ & $-0.00356482$ & $-0.0276698$ \\
CeH_33r & $0.00529873$ & $-0.0554068$ & $-0.00152135$ & $0.00512584$ & $-0.00272708$ & $0.00162042$ & $-0.0699772$ & $0.00973206$ & $0.0316924$ & $-0.110453$ & $-0.0307829$ & $0.308423$ & $0.146184$ & $0.0420903$ & $0.0269273$ & $0.0225237$ & $0.0363739$ & $0.0217559$ & $0.0230051$ & $0.0322221$ & $0.0271292$ & $0.0268016$ & $-0.00207456$ & $0.017016$ & $0.0255006$ & $-0.0146321$ & $-0.0120364$ & $-0.0059739$ & $0.054356$ & $1$ & $0.302841$ & $0.0813258$ & $0.610413$ & $-0.0183022$ & $-0.0511996$ & $0.00357824$ & $-0.18828$ & $-0.0184507$ & $-0.0428462$ & $-0.0327242$ & $-0.0095475$ & $-0.0163941$ & $-0.0370724$ & $-0.00314615$ & $0.0583504$ & $0.026966$ & $0.0105694$ & $-0.0204843$ & $-0.00651212$ \\
CuH_22r & $-0.00452473$ & $-0.0736663$ & $0.00820976$ & $-0.0158139$ & $-0.00325174$ & $-0.0118215$ & $-0.0573185$ & $0.0221214$ & $0.0294031$ & $-0.0486769$ & $-0.0246504$ & $0.0714667$ & $0.0778483$ & $0.00695378$ & $0.0020282$ & $0.0106969$ & $0.00827376$ & $0.00364866$ & $-0.000134213$ & $0.021505$ & $0.0222308$ & $0.0266187$ & $0.00598277$ & $-0.0108663$ & $-0.00703152$ & $-0.0207783$ & $-0.00258016$ & $0.00155333$ & $0.0161772$ & $0.302841$ & $1$ & $0.0217508$ & $0.341933$ & $0.0139273$ & $-0.0354014$ & $-0.0387894$ & $-0.133453$ & $0.0163576$ & $-0.0237503$ & $-0.00492674$ & $-0.0206683$ & $-0.0284662$ & $-0.0498647$ & $-0.0233332$ & $-0.0423781$ & $0.0882549$ & $0.356907$ & $-0.00387211$ & $0.00761791$ \\
CuH_33r & $0.0404229$ & $-0.0141248$ & $0.0319728$ & $0.00265515$ & $-0.00516632$ & $0.0248306$ & $0.934445$ & $-0.0210642$ & $0.0301003$ & $0.00599529$ & $0.0373776$ & $0.0519843$ & $-0.133188$ & $-0.0341491$ & $-0.0240407$ & $-0.00994081$ & $-0.0284847$ & $-0.012227$ & $-0.0209342$ & $-0.0383336$ & $-0.0370715$ & $-0.0374991$ & $0.0133772$ & $-0.0118167$ & $-0.0129209$ & $0.0118332$ & $0.00696697$ & $-0.032837$ & $0.00220717$ & $0.0813258$ & $0.0217508$ & $1$ & $0.118193$ & $0.00186143$ & $0.0604488$ & $0.0392323$ & $-0.0402653$ & $0.0153681$ & $-0.023215$ & $0.00403622$ & $-0.00378104$ & $0.0121632$ & $-0.00239708$ & $-0.0231669$ & $-0.00673916$ & $0.0359198$ & $-0.0521913$ & $-0.00119455$ & $0.0104366$ \\
CdH_33r & $-0.0107976$ & $-0.0671187$ & $0.0200036$ & $-0.00790129$ & $0.00149526$ & $-0.00728004$ & $-0.0647308$ & $0.00428632$ & $0.0270921$ & $-0.118176$ & $-0.0235074$ & $0.362147$ & $0.168201$ & $0.0357342$ & $0.0239921$ & $0.0267984$ & $0.0383971$ & $0.0221236$ & $0.0209577$ & $0.0242568$ & $0.0195517$ & $0.0221507$ & $-0.000148698$ & $0.020981$ & $0.0279814$ & $-0.0147494$ & $-0.0134294$ & $-0.0038511$ & $0.0285425$ & $0.610413$ & $0.341933$ & $0.118193$ & $1$ & $-0.0175808$ & $-0.0258118$ & $0.0195262$ & $-0.182076$ & $-0.0290432$ & $-0.0601847$ & $-0.0181569$ & $-0.0252195$ & $-0.0162693$ & $-0.0462066$ & $0.003926$ & $-0.0815487$ & $-0.00690433$ & $0.0554898$ & $0.160156$ & $0.490151$ \\
CLL_1221 & $0.0164537$ & $0.00221425$ & $0.00178105$ & $-0.00472201$ & $-0.01241$ & $-0.104769$ & $0.0089736$ & $0.570683$ & $0.560209$ & $-0.325893$ & $-0.347738$ & $-0.111456$ & $0.0164241$ & $-0.23698$ & $-0.595197$ & $-0.10567$ & $-0.289248$ & $-0.0160827$ & $-0.360228$ & $0.266906$ & $0.435049$ & $0.437046$ & $0.196582$ & $-0.640812$ & $-0.232752$ & $-0.244076$ & $0.680405$ & $0.144745$ & $-0.00381004$ & $-0.0183022$ & $0.0139273$ & $0.00186143$ & $-0.0175808$ & $1$ & $0.00266043$ & $0.00951174$ & $-0.0120642$ & $0.0104009$ & $0.0105358$ & $-0.0218544$ & $0.0121$ & $0.00635211$ & $0.00760354$ & $-0.0182873$ & $-0.0241323$ & $0.0238382$ & $0.0143099$ & $-0.0204072$ & $0.00689593$ \\
eHggint & $0.0649573$ & $-0.0100586$ & $0.0155874$ & $0.143276$ & $-0.0195506$ & $-0.004688$ & $-0.0382307$ & $-0.00403064$ & $-0.026434$ & $0.0362179$ & $0.0111153$ & $0.129772$ & $0.0262585$ & $-0.0155157$ & $-0.0105665$ & $0.00296112$ & $-0.0176855$ & $-0.00649489$ & $-0.0167051$ & $-0.0109194$ & $-0.0115202$ & $-0.0125378$ & $-0.0100126$ & $-0.0130581$ & $-0.0193149$ & $0.0129681$ & $-0.00557919$ & $-0.0131375$ & $-0.0489587$ & $-0.0511996$ & $-0.0354014$ & $0.0604488$ & $-0.0258118$ & $0.00266043$ & $1$ & $-0.0550488$ & $0.0362793$ & $-0.0162779$ & $-0.101708$ & $0.0369167$ & $0.150623$ & $0.0282859$ & $0.00963805$ & $0.00961138$ & $-0.0129191$ & $0.0172847$ & $-0.00267436$ & $0.0442424$ & $0.0160176$ \\
eHggpar & $-0.0108761$ & $0.0021374$ & $-0.0793234$ & $0.00240486$ & $0.0222731$ & $-0.00962335$ & $-0.0121502$ & $-0.0148426$ & $-0.018982$ & $0.0220885$ & $0.0177381$ & $0.0686462$ & $0.00494039$ & $-0.00900869$ & $-0.0276526$ & $0.00876688$ & $-0.00979003$ & $0.0130681$ & $-0.0149392$ & $-0.0175402$ & $-0.0183471$ & $-0.0205203$ & $0.00979484$ & $0.0057706$ & $0.00398921$ & $0.00723716$ & $0.00472505$ & $-0.00289921$ & $-0.00715054$ & $0.00357824$ & $-0.0387894$ & $0.0392323$ & $0.0195262$ & $0.00951174$ & $-0.0550488$ & $1$ & $-0.0859304$ & $0.0010236$ & $-0.0170556$ & $-0.0257701$ & $0.0782814$ & $-0.0124971$ & $-0.00249994$ & $-0.0237365$ & $-0.0419382$ & $-0.0134172$ & $-0.117271$ & $-0.101532$ & $0.0479686$ \\
eHWWint & $-0.00826016$ & $0.113876$ & $-0.0326253$ & $0.0226396$ & $-0.0201743$ & $0.017517$ & $-0.0041831$ & $-0.0133402$ & $-0.0163822$ & $-0.0156606$ & $0.0141423$ & $-0.0214532$ & $0.00436509$ & $-0.00550462$ & $0.00767001$ & $-0.0164215$ & $-0.00694775$ & $-0.00894472$ & $0.00690315$ & $-0.0100473$ & $-0.0126123$ & $-0.0143623$ & $-0.0185444$ & $0.0011262$ & $-0.00104833$ & $0.0230964$ & $-0.00448118$ & $-0.0042245$ & $-0.0179509$ & $-0.18828$ & $-0.133453$ & $-0.0402653$ & $-0.182076$ & $-0.0120642$ & $0.0362793$ & $-0.0859304$ & $1$ & $0.00262505$ & $0.100358$ & $0.0414563$ & $0.0592933$ & $0.0173138$ & $0.0907659$ & $0.138545$ & $0.0798075$ & $-0.0103758$ & $-0.094895$ & $0.0327102$ & $0.0294589$ \\
eHWWpar & $0.0164998$ & $0.00468639$ & $0.00233903$ & $0.00991665$ & $0.00349732$ & $-0.0130154$ & $0.019996$ & $0.00687906$ & $0.00974464$ & $-1.81416e-05$ & $-0.0110268$ & $-0.00222995$ & $-0.0116772$ & $-0.000571674$ & $-0.0024711$ & $0.00911038$ & $0.0120799$ & $0.00803663$ & $-0.000395271$ & $0.012318$ & $0.0119469$ & $0.0128928$ & $0.0045251$ & $0.00374799$ & $-0.00367842$ & $-0.0147256$ & $-0.00481164$ & $0.00756171$ & $0.00104457$ & $-0.0184507$ & $0.0163576$ & $0.0153681$ & $-0.0290432$ & $0.0104009$ & $-0.0162779$ & $0.0010236$ & $0.00262505$ & $1$ & $0.0124036$ & $-0.00207724$ & $0.0281598$ & $-0.0114673$ & $0.0205645$ & $0.0158187$ & $0.0213174$ & $-0.00535534$ & $0.00227625$ & $-0.0343534$ & $-0.0193987$ \\
eHZZint & $-0.0371794$ & $-0.0411126$ & $-0.128299$ & $0.0183067$ & $0.0143812$ & $-0.010151$ & $-0.0157287$ & $0.0308866$ & $0.032717$ & $-0.0177404$ & $-0.0346755$ & $-0.0551367$ & $-0.00365692$ & $0.0250976$ & $0.0120765$ & $0.0207206$ & $0.00081032$ & $0.00149227$ & $-0.00547955$ & $0.0344699$ & $0.0318526$ & $0.0336921$ & $-0.0140579$ & $-0.00956032$ & $-0.00682163$ & $-0.0121356$ & $-0.00604133$ & $0.00434853$ & $0.00716047$ & $-0.0428462$ & $-0.0237503$ & $-0.023215$ & $-0.0601847$ & $0.0105358$ & $-0.101708$ & $-0.0170556$ & $0.100358$ & $0.0124036$ & $1$ & $0.0107091$ & $0.096982$ & $-0.0316553$ & $0.0798609$ & $-0.0999007$ & $0.0469918$ & $-0.0777202$ & $-0.00480887$ & $0.00129019$ & $-0.0313933$ \\
eHZZpar & $-0.0278125$ & $0.00822314$ & $-0.0119153$ & $-0.00825966$ & $-0.00470269$ & $0.0167225$ & $0.00262217$ & $-0.00980119$ & $-0.0102453$ & $0.0202273$ & $0.0104145$ & $0.0176816$ & $0.0312432$ & $0.000431775$ & $0.0127356$ & $-0.0139381$ & $-0.00683152$ & $-0.00985939$ & $0.00787701$ & $-0.00968487$ & $-0.0109967$ & $-0.0158328$ & $-0.0217845$ & $0.00777861$ & $0.00886398$ & $0.0224656$ & $0.000804886$ & $0.00408131$ & $-0.00734256$ & $-0.0327242$ & $-0.00492674$ & $0.00403622$ & $-0.0181569$ & $-0.0218544$ & $0.0369167$ & $-0.0257701$ & $0.0414563$ & $-0.00207724$ & $0.0107091$ & $1$ & $-0.0212748$ & $0.015047$ & $0.0246378$ & $0.0437818$ & $-0.0147466$ & $0.027628$ & $0.00249381$ & $0.0305571$ & $-0.0228394$ \\
eHZgaint & $0.106012$ & $-0.043631$ & $-0.0295119$ & $0.0920859$ & $-0.000353865$ & $0.00222393$ & $-0.0311923$ & $0.00819407$ & $0.00133967$ & $-0.0608538$ & $-0.00490478$ & $-0.0155767$ & $-0.00346678$ & $0.00135956$ & $-0.0123906$ & $-0.0259554$ & $-0.00795328$ & $0.00129727$ & $0.00976994$ & $0.00161828$ & $0.00633289$ & $0.00643342$ & $0.0143405$ & $-0.0186318$ & $-0.00534315$ & $-0.0131264$ & $0.0216267$ & $-0.0110738$ & $0.001349$ & $-0.0095475$ & $-0.0206683$ & $-0.00378104$ & $-0.0252195$ & $0.0121$ & $0.150623$ & $0.0782814$ & $0.0592933$ & $0.0281598$ & $0.096982$ & $-0.0212748$ & $1$ & $-0.00752254$ & $0.0606372$ & $0.157311$ & $0.0139226$ & $-0.106942$ & $-0.00987328$ & $-0.113488$ & $0.000496802$ \\
eHZgapar & $-0.00910197$ & $-0.000340332$ & $0.0206459$ & $-0.0216287$ & $0.021716$ & $0.0101571$ & $0.00945415$ & $0.00149326$ & $0.00408295$ & $0.0101331$ & $-0.00730677$ & $0.0117595$ & $-0.000319768$ & $0.00274661$ & $0.00241959$ & $0.0205543$ & $0.0200255$ & $0.0104359$ & $-0.00203335$ & $0.00690356$ & $0.00607677$ & $0.00776675$ & $-0.00460224$ & $0.0018946$ & $0.0140618$ & $-0.000291108$ & $0.00201492$ & $0.000104937$ & $-0.00254956$ & $-0.0163941$ & $-0.0284662$ & $0.0121632$ & $-0.0162693$ & $0.00635211$ & $0.0282859$ & $-0.0124971$ & $0.0173138$ & $-0.0114673$ & $-0.0316553$ & $0.015047$ & $-0.00752254$ & $1$ & $-0.00808184$ & $0.0553338$ & $-0.0355889$ & $0.0181398$ & $-0.0179186$ & $0.00773106$ & $-0.00454438$ \\
eHgagaint & $0.101571$ & $-0.01167$ & $0.064724$ & $-0.106545$ & $-0.0384977$ & $0.00993025$ & $0.00109695$ & $-0.000803637$ & $0.0676609$ & $-0.0174593$ & $0.0136022$ & $-0.0277272$ & $-0.00493249$ & $-0.0245685$ & $-0.0162001$ & $-0.0233863$ & $-0.0297156$ & $-0.0147593$ & $-0.0151801$ & $-0.0154125$ & $-0.0139416$ & $-0.0174353$ & $0.0145801$ & $-0.0276989$ & $-0.0350186$ & $-0.0242644$ & $-0.0095593$ & $0.0059904$ & $-0.00114616$ & $-0.0370724$ & $-0.0498647$ & $-0.00239708$ & $-0.0462066$ & $0.00760354$ & $0.00963805$ & $-0.00249994$ & $0.0907659$ & $0.0205645$ & $0.0798609$ & $0.0246378$ & $0.0606372$ & $-0.00808184$ & $1$ & $0.0849944$ & $0.0108563$ & $-0.0154186$ & $-0.0427858$ & $-0.0431335$ & $-0.0107841$ \\
eHmumuint & $-0.0179802$ & $-0.130708$ & $0.0156522$ & $0.00381893$ & $-0.00429788$ & $0.0219322$ & $-0.0239084$ & $-0.00914219$ & $-0.0047388$ & $-0.0207161$ & $0.0150401$ & $-0.0050504$ & $0.00520591$ & $0.00301341$ & $-0.00536531$ & $-0.0314193$ & $-0.0170398$ & $-0.00364907$ & $0.0141554$ & $-0.0172279$ & $-0.0171404$ & $-0.0176607$ & $0.00226559$ & $-0.00589463$ & $-0.000207682$ & $0.00604621$ & $-0.00572575$ & $-0.0112539$ & $0.01997$ & $-0.00314615$ & $-0.0233332$ & $-0.0231669$ & $0.003926$ & $-0.0182873$ & $0.00961138$ & $-0.0237365$ & $0.138545$ & $0.0158187$ & $-0.0999007$ & $0.0437818$ & $0.157311$ & $0.0553338$ & $0.0849944$ & $1$ & $0.0675195$ & $-0.0462455$ & $-0.084703$ & $0.115152$ & $0.00843368$ \\
eHtautauint & $-0.0718249$ & $-0.0550665$ & $0.0174778$ & $0.071672$ & $-0.0132683$ & $-0.0291981$ & $-0.00397621$ & $0.00324431$ & $-0.00228036$ & $0.00868809$ & $-0.0174183$ & $-0.0237753$ & $0.0316972$ & $0.023019$ & $0.0327091$ & $0.00824445$ & $0.0309379$ & $0.00687799$ & $0.0206186$ & $0.0184173$ & $0.0146918$ & $0.00706192$ & $0.000515385$ & $0.022066$ & $0.0209007$ & $-0.00962573$ & $-0.0171129$ & $0.00446875$ & $0.00726445$ & $0.0583504$ & $-0.0423781$ & $-0.00673916$ & $-0.0815487$ & $-0.0241323$ & $-0.0129191$ & $-0.0419382$ & $0.0798075$ & $0.0213174$ & $0.0469918$ & $-0.0147466$ & $0.0139226$ & $-0.0355889$ & $0.0108563$ & $0.0675195$ & $1$ & $0.0267841$ & $-0.0658683$ & $-0.108613$ & $-0.101513$ \\
eHccint & $-0.0419053$ & $-0.0880574$ & $-0.0433571$ & $-0.0748274$ & $-0.0143029$ & $-0.0154901$ & $0.0381355$ & $0.0191958$ & $0.0223032$ & $-0.0175625$ & $-0.021228$ & $-0.0221741$ & $-0.0115497$ & $0.00557018$ & $-0.00989864$ & $0.00601449$ & $0.0137022$ & $0.0111763$ & $-0.00240493$ & $0.0149618$ & $0.0208693$ & $0.018838$ & $0.0343572$ & $-9.88663e-05$ & $0.00697692$ & $-0.0340314$ & $0.0155198$ & $0.00644759$ & $-0.0105554$ & $0.026966$ & $0.0882549$ & $0.0359198$ & $-0.00690433$ & $0.0238382$ & $0.0172847$ & $-0.0134172$ & $-0.0103758$ & $-0.00535534$ & $-0.0777202$ & $0.027628$ & $-0.106942$ & $0.0181398$ & $-0.0154186$ & $-0.0462455$ & $0.0267841$ & $1$ & $-0.00822218$ & $-0.06209$ & $-0.0322781$ \\
eHccpar & $0.0121416$ & $-0.119279$ & $0.0953784$ & $-0.0709494$ & $-0.00639947$ & $-0.014936$ & $-0.0461679$ & $0.0246816$ & $0.0226264$ & $-0.012328$ & $-0.0245326$ & $-0.0014429$ & $0.0157218$ & $0.012308$ & $-0.00272994$ & $-0.00909817$ & $0.00208477$ & $0.00360159$ & $0.00907799$ & $0.0187201$ & $0.0221334$ & $0.024507$ & $-0.00229618$ & $-0.0102561$ & $-0.00273634$ & $-0.00411581$ & $0.0157343$ & $0.00455457$ & $0.00204061$ & $0.0105694$ & $0.356907$ & $-0.0521913$ & $0.0554898$ & $0.0143099$ & $-0.00267436$ & $-0.117271$ & $-0.094895$ & $0.00227625$ & $-0.00480887$ & $0.00249381$ & $-0.00987328$ & $-0.0179186$ & $-0.0427858$ & $-0.084703$ & $-0.0658683$ & $-0.00822218$ & $1$ & $0.00711249$ & $0.065073$ \\
eHbbint & $-0.0153428$ & $0.00363102$ & $-0.103082$ & $-0.0317051$ & $0.00365251$ & $-0.00365021$ & $-0.00345814$ & $-1.29875e-05$ & $-0.00381536$ & $0.00197856$ & $0.0059661$ & $0.0157352$ & $0.0261257$ & $-0.0140884$ & $0.0249902$ & $-0.0142841$ & $-0.0118549$ & $-0.0292458$ & $-0.00152738$ & $-0.00718183$ & $-0.00702223$ & $-0.0105397$ & $0.00417771$ & $-0.00501215$ & $-0.00234316$ & $0.0058116$ & $0.00777592$ & $0.0136689$ & $-0.00356482$ & $-0.0204843$ & $-0.00387211$ & $-0.00119455$ & $0.160156$ & $-0.0204072$ & $0.0442424$ & $-0.101532$ & $0.0327102$ & $-0.0343534$ & $0.00129019$ & $0.0305571$ & $-0.113488$ & $0.00773106$ & $-0.0431335$ & $0.115152$ & $-0.108613$ & $-0.06209$ & $0.00711249$ & $1$ & $0.024185$ \\
eHbbpar & $-0.0320034$ & $-0.0494076$ & $0.077989$ & $-0.0160123$ & $0.0141196$ & $-0.0229105$ & $-0.0026914$ & $0.00116723$ & $-0.000165458$ & $0.00326366$ & $0.00338415$ & $0.022053$ & $0.00361595$ & $-0.00387165$ & $-0.00960762$ & $0.00673163$ & $-0.00377516$ & $0.00221108$ & $-0.00773896$ & $-0.00328999$ & $-0.00260066$ & $-0.000557712$ & $-0.0136928$ & $-0.00145019$ & $-0.0097177$ & $0.00597956$ & $-0.0133484$ & $0.00264682$ & $-0.0276698$ & $-0.00651212$ & $0.00761791$ & $0.0104366$ & $0.490151$ & $0.00689593$ & $0.0160176$ & $0.0479686$ & $0.0294589$ & $-0.0193987$ & $-0.0313933$ & $-0.0228394$ & $0.000496802$ & $-0.00454438$ & $-0.0107841$ & $0.00843368$ & $-0.101513$ & $-0.0322781$ & $0.065073$ & $0.024185$ & $1$ \\
