 & AlsMz & dAle5Mz & mtop & mHl & Mz & CW & CHG & CHWB & CHWHB_gaga & CHWHB_gagaorth & CHD & CHbox & CH & CHL1_11 & CHL1_22 & CHL1_33 & CHL3_11 & CHL3_22 & CHL3_33 & CHe_11 & CHe_22 & CHe_33 & CHQ1_11 & CHQ1_33 & CHQ3_11 & CHu_11 & CHd_11 & CHd_33 & CeH_22r & CeH_33r & CuH_22r & CuH_33r & CdH_33r & CLL_1221 & eHggint & eHggpar & eHWWint & eHWWpar & eHZZint & eHZZpar & eHZgaint & eHZgapar & eHgagaint & eHmumuint & eHtautauint & eHccint & eHccpar & eHbbint & eHbbpar \\
AlsMz & $1$ & $0.158666$ & $-0.349985$ & $-0.317107$ & $-0.00266701$ & $0.00205546$ & $-0.0477409$ & $0.00233183$ & $0.00188892$ & $-0.00630456$ & $-0.00504457$ & $0.00968854$ & $0.0236109$ & $-0.000806626$ & $-0.00746211$ & $-0.0228167$ & $-0.00577816$ & $-0.00232267$ & $0.0099419$ & $-0.000152044$ & $0.00462521$ & $0.00175774$ & $0.00184508$ & $-0.0398014$ & $-0.0551847$ & $-0.0211704$ & $-0.00190414$ & $-0.013346$ & $-0.00445615$ & $0.00694575$ & $0.102799$ & $-0.0540629$ & $-0.0327339$ & $0.0100908$ & $-0.293462$ & $0.207467$ & $-0.0676728$ & $-0.0453432$ & $-0.00516203$ & $-0.0174603$ & $0.116319$ & $0.0440975$ & $-0.0327283$ & $0.153855$ & $-0.281614$ & $0.197844$ & $0.42772$ & $0.178484$ & $-0.19466$ \\
dAle5Mz & $0.158666$ & $1$ & $0.12556$ & $-0.299304$ & $-0.0161868$ & $-0.0020249$ & $0.0234603$ & $-0.034126$ & $-0.0280217$ & $0.0332039$ & $0.0216745$ & $0.0175948$ & $-0.00784925$ & $-0.00347158$ & $-0.0131534$ & $-0.0177257$ & $0.0189542$ & $0.0165513$ & $0.0217697$ & $-0.0121256$ & $-0.00897015$ & $-0.00789192$ & $-0.00767822$ & $0.0100344$ & $0.00904965$ & $0.0109454$ & $0.00416762$ & $-0.00104913$ & $-0.00431799$ & $0.00176568$ & $0.0478496$ & $0.0407357$ & $0.0680301$ & $0.0140578$ & $0.248743$ & $-0.0625642$ & $-0.0878314$ & $0.0189843$ & $-0.107861$ & $0.00841772$ & $-0.267029$ & $0.00620286$ & $0.265017$ & $0.214075$ & $-0.00747498$ & $0.0500166$ & $0.21763$ & $-0.134229$ & $0.214679$ \\
mtop & $-0.349985$ & $0.12556$ & $1$ & $0.115421$ & $-0.00406207$ & $0.00589903$ & $0.00986734$ & $0.0185762$ & $0.0215312$ & $-0.0156474$ & $-0.014768$ & $0.00457264$ & $0.0111962$ & $0.00418961$ & $0.016266$ & $0.0146387$ & $-0.00205267$ & $-0.0114742$ & $-0.00945483$ & $0.0213871$ & $0.0194973$ & $0.0220572$ & $-0.0145001$ & $0.00269731$ & $0.00742184$ & $0.00158434$ & $0.0030487$ & $0.00726944$ & $0.00609772$ & $-0.00670472$ & $-0.0596934$ & $0.0135998$ & $-0.0113662$ & $0.00637834$ & $0.204424$ & $-0.048499$ & $0.225613$ & $0.0431701$ & $0.134419$ & $0.0331998$ & $0.0881188$ & $0.0165875$ & $0.195133$ & $-0.15856$ & $0.383049$ & $0.00715822$ & $-0.267486$ & $-0.182558$ & $0.0793189$ \\
mHl & $-0.317107$ & $-0.299304$ & $0.115421$ & $1$ & $0.00653186$ & $-0.00876718$ & $-0.00185736$ & $-0.0038667$ & $-0.00922436$ & $-0.00786221$ & $0.00548422$ & $-0.0204959$ & $-0.00768672$ & $0.00464267$ & $0.000553938$ & $0.0124349$ & $-0.00136682$ & $0.00455587$ & $-0.00568279$ & $-0.00633795$ & $-0.00933916$ & $-0.00975084$ & $-0.0115967$ & $0.0197866$ & $0.0224051$ & $0.0117758$ & $-0.00488385$ & $0.00614884$ & $-0.00463963$ & $-0.0380125$ & $-0.03414$ & $-0.0254778$ & $-0.0371343$ & $-0.0134354$ & $-0.128527$ & $-0.434399$ & $0.346832$ & $0.0796701$ & $0.298928$ & $0.0633095$ & $0.275417$ & $-0.0451836$ & $-0.228135$ & $-0.261618$ & $-0.148152$ & $0.0418382$ & $-0.0650327$ & $-0.0174942$ & $0.0112686$ \\
Mz & $-0.00266701$ & $-0.0161868$ & $-0.00406207$ & $0.00653186$ & $1$ & $-0.00190138$ & $-0.00146694$ & $-0.00263992$ & $-0.00435901$ & $-0.000395623$ & $0.0113421$ & $-0.0108952$ & $-0.00705507$ & $0.00179382$ & $0.00720522$ & $-0.00318996$ & $-0.00389254$ & $-0.00770546$ & $4.4604e-05$ & $-0.00456898$ & $-0.00354159$ & $-0.00426133$ & $0.00210585$ & $0.00192807$ & $-0.00519917$ & $3.53712e-05$ & $-0.00374483$ & $-0.010895$ & $0.00243043$ & $-0.00557787$ & $-0.00299257$ & $-0.00264947$ & $-0.00586411$ & $-0.0107299$ & $0.000136601$ & $0.0106974$ & $-0.0273617$ & $-0.0195581$ & $0.0196857$ & $-0.00677681$ & $0.00282995$ & $0.00185893$ & $-0.00422503$ & $-0.00391841$ & $-0.00235468$ & $-0.00674943$ & $-0.0104986$ & $0.00513959$ & $-0.00056434$ \\
CW & $0.00205546$ & $-0.0020249$ & $0.00589903$ & $-0.00876718$ & $-0.00190138$ & $1$ & $0.000967766$ & $-0.121593$ & $-0.117433$ & $0.0153245$ & $0.178561$ & $0.04359$ & $0.00972337$ & $0.0281871$ & $-0.0702109$ & $-0.0799234$ & $-0.256575$ & $-0.0506222$ & $-0.0434074$ & $-0.175378$ & $-0.182058$ & $-0.177607$ & $-0.00601078$ & $0.00500603$ & $-0.0884397$ & $0.100329$ & $-0.0821923$ & $-0.0653612$ & $0.00457676$ & $0.00115572$ & $0.00219852$ & $0.0048166$ & $0.00390691$ & $-0.126534$ & $0.00672668$ & $0.0131347$ & $-0.0146815$ & $0.0119592$ & $-0.0090834$ & $0.00436162$ & $-0.00675776$ & $0.000267256$ & $0.00262563$ & $-0.00472184$ & $0.0129409$ & $-0.00541414$ & $0.00283707$ & $-0.00227482$ & $-0.00745324$ \\
CHG & $-0.0477409$ & $0.0234603$ & $0.00986734$ & $-0.00185736$ & $-0.00146694$ & $0.000967766$ & $1$ & $-0.113255$ & $-0.0641106$ & $0.0857242$ & $0.0581642$ & $-0.227432$ & $-0.314912$ & $0.0702977$ & $-0.0230126$ & $-0.0111458$ & $0.109945$ & $0.120611$ & $0.10992$ & $-0.054025$ & $-0.0618911$ & $-0.0618262$ & $-0.011097$ & $0.127736$ & $0.111929$ & $0.0330841$ & $-0.0568758$ & $-0.0263173$ & $0.000474087$ & $-0.144708$ & $-0.0732286$ & $0.934033$ & $-0.182753$ & $-0.0705423$ & $-0.00197113$ & $0.0159278$ & $-0.0102795$ & $0.00217294$ & $-0.0434806$ & $-0.00904298$ & $-0.0163656$ & $0.00717437$ & $-0.051799$ & $-0.0164728$ & $0.0136428$ & $0.0168608$ & $-0.0519898$ & $-0.0230009$ & $-0.00512989$ \\
CHWB & $0.00233183$ & $-0.034126$ & $0.0185762$ & $-0.0038667$ & $-0.00263992$ & $-0.121593$ & $-0.113255$ & $1$ & $0.986251$ & $-0.58773$ & $-0.880227$ & $0.066765$ & $0.354736$ & $0.0928522$ & $0.299347$ & $0.302119$ & $-0.241841$ & $-0.440482$ & $-0.443598$ & $0.851645$ & $0.898275$ & $0.881289$ & $0.0678553$ & $-0.677163$ & $-0.406341$ & $-0.511951$ & $0.426798$ & $0.302565$ & $0.0199048$ & $0.121259$ & $0.0575819$ & $-0.108185$ & $0.139962$ & $0.564855$ & $-0.0192474$ & $0.00569076$ & $0.00958329$ & $-0.00629719$ & $-0.0258731$ & $-0.00472159$ & $0.0279976$ & $-0.00698543$ & $0.00555001$ & $0.00947885$ & $0.00145456$ & $0.0182153$ & $0.00516604$ & $0.0317121$ & $0.00724191$ \\
CHWHB_gaga & $0.00188892$ & $-0.0280217$ & $0.0215312$ & $-0.00922436$ & $-0.00435901$ & $-0.117433$ & $-0.0641106$ & $0.986251$ & $1$ & $-0.576956$ & $-0.865575$ & $0.0806625$ & $0.350217$ & $0.0867378$ & $0.294424$ & $0.298758$ & $-0.244689$ & $-0.438647$ & $-0.442853$ & $0.837853$ & $0.88345$ & $0.866809$ & $0.0651721$ & $-0.670423$ & $-0.406233$ & $-0.502226$ & $0.419539$ & $0.296779$ & $0.0263017$ & $0.140212$ & $0.0689533$ & $-0.0668359$ & $0.159202$ & $0.557327$ & $-0.0193222$ & $0.0113563$ & $0.000838408$ & $-0.00492842$ & $-0.0392325$ & $-0.00708048$ & $0.0198116$ & $-0.00705107$ & $0.029518$ & $0.00582814$ & $0.00578202$ & $0.0256992$ & $0.00464993$ & $0.0358022$ & $0.0022603$ \\
CHWHB_gagaorth & $-0.00630456$ & $0.0332039$ & $-0.0156474$ & $-0.00786221$ & $-0.000395623$ & $0.0153245$ & $0.0857242$ & $-0.58773$ & $-0.576956$ & $1$ & $0.377951$ & $0.242983$ & $-0.253219$ & $0.216535$ & $-0.126637$ & $-0.135207$ & $0.426066$ & $0.485046$ & $0.490977$ & $-0.363222$ & $-0.394964$ & $-0.389067$ & $-0.0521105$ & $0.563819$ & $0.476828$ & $0.225688$ & $-0.246811$ & $-0.128924$ & $-0.0179719$ & $-0.128369$ & $-0.0735735$ & $0.0979713$ & $-0.152822$ & $-0.363246$ & $0.0276402$ & $0.0129771$ & $-0.00955574$ & $0.00762359$ & $0.0109953$ & $0.00137132$ & $-0.0283404$ & $0.00228439$ & $-0.00700086$ & $-0.00218693$ & $0.00922531$ & $-0.0168074$ & $-0.000526171$ & $-0.0323744$ & $0.00303629$ \\
CHD & $-0.00504457$ & $0.0216745$ & $-0.014768$ & $0.00548422$ & $0.0113421$ & $0.178561$ & $0.0581642$ & $-0.880227$ & $-0.865575$ & $0.377951$ & $1$ & $0.0859286$ & $-0.175841$ & $-0.506919$ & $-0.427504$ & $-0.424746$ & $-0.212396$ & $0.0774277$ & $0.0793542$ & $-0.990685$ & $-0.991483$ & $-0.970483$ & $-0.0124836$ & $0.31386$ & $0.0264116$ & $0.568754$ & $-0.291074$ & $-0.338161$ & $-0.0068079$ & $-0.0692965$ & $-0.032946$ & $0.0648571$ & $-0.0799126$ & $-0.36567$ & $0.0146887$ & $0.00583294$ & $-0.0212392$ & $0.00705952$ & $0.0111903$ & $0.0062799$ & $-0.0213672$ & $0.0050057$ & $-0.00439291$ & $0.00522554$ & $-0.00430725$ & $-0.0164433$ & $0.00200595$ & $-0.0177186$ & $-0.00771944$ \\
CHbox & $0.00968854$ & $0.0175948$ & $0.00457264$ & $-0.0204959$ & $-0.0108952$ & $0.04359$ & $-0.227432$ & $0.066765$ & $0.0806625$ & $0.242983$ & $0.0859286$ & $1$ & $0.737781$ & $-0.295938$ & $0.018861$ & $0.0241027$ & $-0.315623$ & $-0.297279$ & $-0.298848$ & $-0.0742105$ & $-0.0844382$ & $-0.0796901$ & $-0.00576757$ & $-0.206824$ & $-0.293311$ & $0.054126$ & $-0.0119656$ & $-0.0306195$ & $0.0586687$ & $0.354657$ & $0.130126$ & $-0.136375$ & $0.440896$ & $0.0312478$ & $0.04343$ & $0.053055$ & $-0.0436666$ & $-0.00793346$ & $-0.0864331$ & $-0.000535529$ & $0.020053$ & $-0.00731773$ & $0.023679$ & $0.0683525$ & $0.0201783$ & $0.00769181$ & $0.041351$ & $0.0177908$ & $0.0129398$ \\
CH & $0.0236109$ & $-0.00784925$ & $0.0111962$ & $-0.00768672$ & $-0.00705507$ & $0.00972337$ & $-0.314912$ & $0.354736$ & $0.350217$ & $-0.253219$ & $-0.175841$ & $0.737781$ & $1$ & $-0.243234$ & $0.0713447$ & $0.0794293$ & $-0.360756$ & $-0.386484$ & $-0.390713$ & $0.170999$ & $0.186874$ & $0.186386$ & $0.0172062$ & $-0.400359$ & $-0.380898$ & $-0.0942624$ & $0.140828$ & $0.0571557$ & $0.0571373$ & $0.299404$ & $0.139625$ & $-0.260714$ & $0.381161$ & $0.223589$ & $0.0098729$ & $0.0331957$ & $-0.0291469$ & $-0.0164572$ & $-0.0963054$ & $-0.000881478$ & $0.0433201$ & $-0.00511893$ & $0.0231747$ & $0.0791679$ & $0.00835823$ & $0.0155544$ & $0.0494159$ & $0.0414405$ & $0.00881747$ \\
CHL1_11 & $-0.000806626$ & $-0.00347158$ & $0.00418961$ & $0.00464267$ & $0.00179382$ & $0.0281871$ & $0.0702977$ & $0.0928522$ & $0.0867378$ & $0.216535$ & $-0.506919$ & $-0.295938$ & $-0.243234$ & $1$ & $0.284204$ & $0.272516$ & $0.660757$ & $0.591136$ & $0.592376$ & $0.526115$ & $0.466432$ & $0.45147$ & $-0.0789163$ & $0.474041$ & $0.598303$ & $-0.272354$ & $-0.109948$ & $0.166689$ & $-0.016164$ & $-0.066836$ & $-0.0308919$ & $0.0475669$ & $-0.0772271$ & $-0.225279$ & $0.000780167$ & $-0.0203743$ & $0.0274831$ & $0.00172582$ & $0.0247535$ & $-0.00276552$ & $0.00375238$ & $-0.000254378$ & $-0.00691117$ & $-0.0332603$ & $0.00797626$ & $0.000225331$ & $-0.0200254$ & $-0.0176876$ & $-0.0048794$ \\
CHL1_22 & $-0.00746211$ & $-0.0131534$ & $0.016266$ & $0.000553938$ & $0.00720522$ & $-0.0702109$ & $-0.0230126$ & $0.299347$ & $0.294424$ & $-0.126637$ & $-0.427504$ & $0.018861$ & $0.0713447$ & $0.284204$ & $1$ & $0.446602$ & $0.171504$ & $-0.444276$ & $-0.0233754$ & $0.492347$ & $0.344499$ & $0.334677$ & $-0.170042$ & $0.105951$ & $-0.125183$ & $-0.204511$ & $-0.391897$ & $0.118789$ & $0.00121217$ & $0.0339537$ & $0.00902832$ & $-0.0226524$ & $0.0396301$ & $-0.590183$ & $0.00524853$ & $-0.00230815$ & $0.0158879$ & $-0.00131031$ & $0.0107263$ & $-0.00900798$ & $0.0128701$ & $-0.014902$ & $0.0192428$ & $-0.015317$ & $0.0158034$ & $0.00418818$ & $-0.0102456$ & $0.00790043$ & $0.00464343$ \\
CHL1_33 & $-0.0228167$ & $-0.0177257$ & $0.0146387$ & $0.0124349$ & $-0.00318996$ & $-0.0799234$ & $-0.0111458$ & $0.302119$ & $0.298758$ & $-0.135207$ & $-0.424746$ & $0.0241027$ & $0.0794293$ & $0.272516$ & $0.446602$ & $1$ & $0.166793$ & $-0.0275383$ & $-0.433117$ & $0.487509$ & $0.345381$ & $0.363157$ & $-0.163085$ & $0.0950319$ & $-0.128203$ & $-0.207408$ & $-0.381492$ & $0.114931$ & $0.00549646$ & $0.0408295$ & $0.0115622$ & $-0.00996195$ & $0.0464654$ & $-0.0931517$ & $0.0121973$ & $-0.0145278$ & $0.0239729$ & $-0.00718409$ & $0.0216084$ & $0.00174903$ & $0.0152179$ & $-0.0073116$ & $0.00849443$ & $-0.0104678$ & $0.00697621$ & $0.0117299$ & $-0.00573287$ & $-0.0064138$ & $0.0161432$ \\
CHL3_11 & $-0.00577816$ & $0.0189542$ & $-0.00205267$ & $-0.00136682$ & $-0.00389254$ & $-0.256575$ & $0.109945$ & $-0.241841$ & $-0.244689$ & $0.426066$ & $-0.212396$ & $-0.315623$ & $-0.360756$ & $0.660757$ & $0.171504$ & $0.166793$ & $1$ & $0.734338$ & $0.734019$ & $0.235539$ & $0.178773$ & $0.17169$ & $-0.0740574$ & $0.678897$ & $0.781099$ & $-0.107483$ & $-0.168128$ & $0.0682081$ & $-0.0279466$ & $-0.105771$ & $-0.0526021$ & $0.0854316$ & $-0.123682$ & $-0.257929$ & $0.00783477$ & $-0.0239813$ & $0.0218439$ & $-0.00318763$ & $0.0266424$ & $-0.00241607$ & $-0.0171223$ & $0.00839266$ & $-0.0039118$ & $-0.0313305$ & $0.0111485$ & $-0.0100269$ & $-0.0182854$ & $-0.0304908$ & $0.00417326$ \\
CHL3_22 & $-0.00232267$ & $0.0165513$ & $-0.0114742$ & $0.00455587$ & $-0.00770546$ & $-0.0506222$ & $0.120611$ & $-0.440482$ & $-0.438647$ & $0.485046$ & $0.0774277$ & $-0.297279$ & $-0.386484$ & $0.591136$ & $-0.444276$ & $-0.0275383$ & $0.734338$ & $1$ & $0.673964$ & $-0.07934$ & $-0.0729265$ & $-0.0713777$ & $0.0036276$ & $0.62597$ & $0.796033$ & $0.0392979$ & $-0.0150353$ & $-0.018133$ & $-0.025249$ & $-0.121439$ & $-0.0549319$ & $0.0982239$ & $-0.141452$ & $0.0256747$ & $0.00548807$ & $-0.0215534$ & $0.0137081$ & $-0.000664704$ & $0.0247062$ & $0.00369521$ & $-0.0168822$ & $0.01288$ & $-0.018673$ & $-0.0233027$ & $-0.000795951$ & $-0.00850304$ & $-0.0144732$ & $-0.0335973$ & $-0.00365345$ \\
CHL3_33 & $0.0099419$ & $0.0217697$ & $-0.00945483$ & $-0.00568279$ & $4.4604e-05$ & $-0.0434074$ & $0.10992$ & $-0.443598$ & $-0.442853$ & $0.490977$ & $0.0793542$ & $-0.298848$ & $-0.390713$ & $0.592376$ & $-0.0233754$ & $-0.433117$ & $0.734019$ & $0.673964$ & $1$ & $-0.0802563$ & $-0.0758163$ & $-0.0745395$ & $0.00262947$ & $0.630414$ & $0.799348$ & $0.0428387$ & $-0.015049$ & $-0.0174207$ & $-0.0276857$ & $-0.125101$ & $-0.0559135$ & $0.0870026$ & $-0.145821$ & $-0.355766$ & $0.00229099$ & $-0.0132812$ & $0.00702658$ & $0.00410244$ & $0.0167215$ & $-0.00513719$ & $-0.0195442$ & $0.00876046$ & $-0.00892846$ & $-0.0275242$ & $0.00672993$ & $-0.0157712$ & $-0.0170083$ & $-0.0236734$ & $-0.0117459$ \\
CHe_11 & $-0.000152044$ & $-0.0121256$ & $0.0213871$ & $-0.00633795$ & $-0.00456898$ & $-0.175378$ & $-0.054025$ & $0.851645$ & $0.837853$ & $-0.363222$ & $-0.990685$ & $-0.0742105$ & $0.170999$ & $0.526115$ & $0.492347$ & $0.487509$ & $0.235539$ & $-0.07934$ & $-0.0802563$ & $1$ & $0.9731$ & $0.952758$ & $-0.0124197$ & $-0.260792$ & $-0.019638$ & $-0.559599$ & $0.215663$ & $0.331821$ & $0.00649981$ & $0.068863$ & $0.031683$ & $-0.0597393$ & $0.0798434$ & $0.286445$ & $-0.00769271$ & $-0.00784964$ & $0.0222763$ & $-0.00758115$ & $-0.00928538$ & $-0.00704493$ & $0.0194058$ & $-0.00666994$ & $0.00965309$ & $-0.00552033$ & $0.00743995$ & $0.0177875$ & $-0.00392545$ & $0.0145572$ & $0.0109937$ \\
CHe_22 & $0.00462521$ & $-0.00897015$ & $0.0194973$ & $-0.00933916$ & $-0.00354159$ & $-0.182058$ & $-0.0618911$ & $0.898275$ & $0.88345$ & $-0.394964$ & $-0.991483$ & $-0.0844382$ & $0.186874$ & $0.466432$ & $0.344499$ & $0.345381$ & $0.178773$ & $-0.0729265$ & $-0.0758163$ & $0.9731$ & $1$ & $0.975344$ & $0.0400463$ & $-0.369208$ & $-0.0334277$ & $-0.570647$ & $0.371492$ & $0.33996$ & $0.00760016$ & $0.071843$ & $0.0347728$ & $-0.0682302$ & $0.0834212$ & $0.451025$ & $-0.0119861$ & $-0.00617659$ & $0.0183662$ & $-0.00663963$ & $-0.0158021$ & $-0.00597954$ & $0.0172303$ & $-0.0035445$ & $0.00773542$ & $-0.0011078$ & $0.00482801$ & $0.0162871$ & $3.91347e-05$ & $0.0169105$ & $0.010381$ \\
CHe_33 & $0.00175774$ & $-0.00789192$ & $0.0220572$ & $-0.00975084$ & $-0.00426133$ & $-0.177607$ & $-0.0618262$ & $0.881289$ & $0.866809$ & $-0.389067$ & $-0.970483$ & $-0.0796901$ & $0.186386$ & $0.45147$ & $0.334677$ & $0.363157$ & $0.17169$ & $-0.0713777$ & $-0.0745395$ & $0.952758$ & $0.975344$ & $1$ & $0.0404288$ & $-0.364755$ & $-0.0333854$ & $-0.557967$ & $0.366543$ & $0.330545$ & $0.00713145$ & $0.0710247$ & $0.0335863$ & $-0.06766$ & $0.0828098$ & $0.448027$ & $-0.0103174$ & $-0.00675325$ & $0.0166957$ & $-0.00730609$ & $-0.0155993$ & $-0.00517288$ & $0.01697$ & $-0.00459752$ & $0.00674172$ & $-0.00245479$ & $0.00680241$ & $0.0132212$ & $-0.000729617$ & $0.0142944$ & $0.0110339$ \\
CHQ1_11 & $0.00184508$ & $-0.00767822$ & $-0.0145001$ & $-0.0115967$ & $0.00210585$ & $-0.00601078$ & $-0.011097$ & $0.0678553$ & $0.0651721$ & $-0.0521105$ & $-0.0124836$ & $-0.00576757$ & $0.0172062$ & $-0.0789163$ & $-0.170042$ & $-0.163085$ & $-0.0740574$ & $0.0036276$ & $0.00262947$ & $-0.0124197$ & $0.0400463$ & $0.0404288$ & $1$ & $-0.138761$ & $0.0790424$ & $-0.674913$ & $0.346005$ & $0.0134646$ & $0.00150974$ & $0.0104731$ & $0.00737548$ & $-0.0119444$ & $0.00413026$ & $0.199465$ & $-0.0100668$ & $-0.00447137$ & $-0.00821561$ & $-0.00756099$ & $-0.0165529$ & $-0.00474811$ & $0.00480756$ & $0.00626978$ & $-0.0153311$ & $0.0158991$ & $-0.00995362$ & $0.000968968$ & $0.00227961$ & $-0.0101173$ & $-0.00354792$ \\
CHQ1_33 & $-0.0398014$ & $0.0100344$ & $0.00269731$ & $0.0197866$ & $0.00192807$ & $0.00500603$ & $0.127736$ & $-0.677163$ & $-0.670423$ & $0.563819$ & $0.31386$ & $-0.206824$ & $-0.400359$ & $0.474041$ & $0.105951$ & $0.0950319$ & $0.678897$ & $0.62597$ & $0.630414$ & $-0.260792$ & $-0.369208$ & $-0.364755$ & $-0.138761$ & $1$ & $0.645884$ & $0.20636$ & $-0.429328$ & $-0.0196085$ & $-0.0246247$ & $-0.127503$ & $-0.0668042$ & $0.111239$ & $-0.143423$ & $-0.635069$ & $0.0256929$ & $-0.0271154$ & $0.0195047$ & $0.00408576$ & $0.0406468$ & $0.000732767$ & $-0.0207697$ & $0.00501177$ & $-0.0117132$ & $-0.0339323$ & $0.0163351$ & $-0.0226244$ & $-0.0321758$ & $-0.0402597$ & $0.00232301$ \\
CHQ3_11 & $-0.0551847$ & $0.00904965$ & $0.00742184$ & $0.0224051$ & $-0.00519917$ & $-0.0884397$ & $0.111929$ & $-0.406341$ & $-0.406233$ & $0.476828$ & $0.0264116$ & $-0.293311$ & $-0.380898$ & $0.598303$ & $-0.125183$ & $-0.128203$ & $0.781099$ & $0.796033$ & $0.799348$ & $-0.019638$ & $-0.0334277$ & $-0.0333854$ & $0.0790424$ & $0.645884$ & $1$ & $0.0159582$ & $0.194019$ & $-0.00292342$ & $-0.0250351$ & $-0.123362$ & $-0.0601454$ & $0.0888482$ & $-0.138522$ & $-0.209714$ & $0.026555$ & $-0.030432$ & $0.0173447$ & $0.00758713$ & $0.0181425$ & $0.0038748$ & $-0.0279208$ & $0.00452076$ & $-0.0106671$ & $-0.0279621$ & $0.0192583$ & $-0.0291993$ & $-0.0362554$ & $-0.0433783$ & $0.00867834$ \\
CHu_11 & $-0.0211704$ & $0.0109454$ & $0.00158434$ & $0.0117758$ & $3.53712e-05$ & $0.100329$ & $0.0330841$ & $-0.511951$ & $-0.502226$ & $0.225688$ & $0.568754$ & $0.054126$ & $-0.0942624$ & $-0.272354$ & $-0.204511$ & $-0.207408$ & $-0.107483$ & $0.0392979$ & $0.0428387$ & $-0.559599$ & $-0.570647$ & $-0.557967$ & $-0.674913$ & $0.20636$ & $0.0159582$ & $1$ & $-0.178275$ & $-0.192139$ & $-0.00214559$ & $-0.0475314$ & $-0.0186396$ & $0.0370283$ & $-0.0460189$ & $-0.250556$ & $0.0173645$ & $0.00805917$ & $-0.00649227$ & $0.0169701$ & $0.00912602$ & $0.011106$ & $-0.0208625$ & $-0.00158867$ & $0.00941023$ & $0.00277136$ & $0.00199942$ & $-0.014216$ & $-0.00216726$ & $0.00408108$ & $-0.00157399$ \\
CHd_11 & $-0.00190414$ & $0.00416762$ & $0.0030487$ & $-0.00488385$ & $-0.00374483$ & $-0.0821923$ & $-0.0568758$ & $0.426798$ & $0.419539$ & $-0.246811$ & $-0.291074$ & $-0.0119656$ & $0.140828$ & $-0.109948$ & $-0.391897$ & $-0.381492$ & $-0.168128$ & $-0.0150353$ & $-0.015049$ & $0.215663$ & $0.371492$ & $0.366543$ & $0.346005$ & $-0.429328$ & $0.194019$ & $-0.178275$ & $1$ & $0.113566$ & $0.0102993$ & $0.0336829$ & $0.0257356$ & $-0.0583562$ & $0.0450144$ & $0.684924$ & $-0.00538822$ & $0.0030221$ & $-0.00713465$ & $0.00577286$ & $-0.0374191$ & $0.00433972$ & $-0.00683204$ & $0.00440827$ & $-0.00668537$ & $0.0266351$ & $-0.00516665$ & $-0.00775492$ & $0.0102322$ & $0.00805854$ & $0.00755582$ \\
CHd_33 & $-0.013346$ & $-0.00104913$ & $0.00726944$ & $0.00614884$ & $-0.010895$ & $-0.0653612$ & $-0.0263173$ & $0.302565$ & $0.296779$ & $-0.128924$ & $-0.338161$ & $-0.0306195$ & $0.0571557$ & $0.166689$ & $0.118789$ & $0.114931$ & $0.0682081$ & $-0.018133$ & $-0.0174207$ & $0.331821$ & $0.33996$ & $0.330545$ & $0.0134646$ & $-0.0196085$ & $-0.00292342$ & $-0.192139$ & $0.113566$ & $1$ & $-0.00341922$ & $0.0150012$ & $0.00475725$ & $-0.02904$ & $0.024872$ & $0.150169$ & $0.00422903$ & $-0.0176844$ & $0.0209354$ & $-0.00171702$ & $0.00457809$ & $4.75617e-05$ & $0.00565866$ & $-0.00445486$ & $-0.0115883$ & $-0.00586795$ & $0.00640794$ & $-0.0111568$ & $-0.00565016$ & $-0.00417462$ & $0.0140842$ \\
CeH_22r & $-0.00445615$ & $-0.00431799$ & $0.00609772$ & $-0.00463963$ & $0.00243043$ & $0.00457676$ & $0.000474087$ & $0.0199048$ & $0.0263017$ & $-0.0179719$ & $-0.0068079$ & $0.0586687$ & $0.0571373$ & $-0.016164$ & $0.00121217$ & $0.00549646$ & $-0.0279466$ & $-0.025249$ & $-0.0276857$ & $0.00649981$ & $0.00760016$ & $0.00713145$ & $0.00150974$ & $-0.0246247$ & $-0.0250351$ & $-0.00214559$ & $0.0102993$ & $-0.00341922$ & $1$ & $0.0487157$ & $0.026611$ & $-0.0110696$ & $0.0534898$ & $0.0135697$ & $-0.0145594$ & $0.00524185$ & $-0.00587596$ & $-0.00607769$ & $-0.0160122$ & $0.000762191$ & $-0.00425$ & $0.00166651$ & $-0.000960438$ & $-0.00715049$ & $0.00448969$ & $-0.00704539$ & $-0.00743983$ & $0.00681303$ & $-0.00623231$ \\
CeH_33r & $0.00694575$ & $0.00176568$ & $-0.00670472$ & $-0.0380125$ & $-0.00557787$ & $0.00115572$ & $-0.144708$ & $0.121259$ & $0.140212$ & $-0.128369$ & $-0.0692965$ & $0.354657$ & $0.299404$ & $-0.066836$ & $0.0339537$ & $0.0408295$ & $-0.105771$ & $-0.121439$ & $-0.125101$ & $0.068863$ & $0.071843$ & $0.0710247$ & $0.0104731$ & $-0.127503$ & $-0.123362$ & $-0.0475314$ & $0.0336829$ & $0.0150012$ & $0.0487157$ & $1$ & $0.325226$ & $0.012303$ & $0.69877$ & $0.0690894$ & $0.0135982$ & $0.0328791$ & $-0.107938$ & $-0.0218125$ & $-0.0875174$ & $-0.00534064$ & $0.000166773$ & $0.00843782$ & $0.0249844$ & $-0.00378257$ & $0.0539856$ & $-0.00871037$ & $0.00472213$ & $-0.00409208$ & $-0.00569193$ \\
CuH_22r & $0.102799$ & $0.0478496$ & $-0.0596934$ & $-0.03414$ & $-0.00299257$ & $0.00219852$ & $-0.0732286$ & $0.0575819$ & $0.0689533$ & $-0.0735735$ & $-0.032946$ & $0.130126$ & $0.139625$ & $-0.0308919$ & $0.00902832$ & $0.0115622$ & $-0.0526021$ & $-0.0549319$ & $-0.0559135$ & $0.031683$ & $0.0347728$ & $0.0335863$ & $0.00737548$ & $-0.0668042$ & $-0.0601454$ & $-0.0186396$ & $0.0257356$ & $0.00475725$ & $0.026611$ & $0.325226$ & $1$ & $0.0220792$ & $0.400862$ & $0.0388927$ & $-0.0165708$ & $0.0676973$ & $-0.0514808$ & $-0.00778525$ & $-0.0177607$ & $-0.00461519$ & $-0.0212939$ & $0.00256783$ & $0.0330396$ & $0.0552976$ & $-0.0225172$ & $0.0702632$ & $0.205866$ & $0.0324049$ & $0.0225447$ \\
CuH_33r & $-0.0540629$ & $0.0407357$ & $0.0135998$ & $-0.0254778$ & $-0.00264947$ & $0.0048166$ & $0.934033$ & $-0.108185$ & $-0.0668359$ & $0.0979713$ & $0.0648571$ & $-0.136375$ & $-0.260714$ & $0.0475669$ & $-0.0226524$ & $-0.00996195$ & $0.0854316$ & $0.0982239$ & $0.0870026$ & $-0.0597393$ & $-0.0682302$ & $-0.06766$ & $-0.0119444$ & $0.111239$ & $0.0888482$ & $0.0370283$ & $-0.0583562$ & $-0.02904$ & $-0.0110696$ & $0.012303$ & $0.0220792$ & $1$ & $0.0176411$ & $-0.0669459$ & $0.0515649$ & $0.0531736$ & $-0.0580292$ & $-0.00367026$ & $-0.0604134$ & $-0.00555698$ & $-0.0258903$ & $0.00341479$ & $-0.0333279$ & $-0.00838878$ & $0.028869$ & $0.0108955$ & $-0.0477043$ & $-0.0319685$ & $0.00498894$ \\
CdH_33r & $-0.0327339$ & $0.0680301$ & $-0.0113662$ & $-0.0371343$ & $-0.00586411$ & $0.00390691$ & $-0.182753$ & $0.139962$ & $0.159202$ & $-0.152822$ & $-0.0799126$ & $0.440896$ & $0.381161$ & $-0.0772271$ & $0.0396301$ & $0.0464654$ & $-0.123682$ & $-0.141452$ & $-0.145821$ & $0.0798434$ & $0.0834212$ & $0.0828098$ & $0.00413026$ & $-0.143423$ & $-0.138522$ & $-0.0460189$ & $0.0450144$ & $0.024872$ & $0.0534898$ & $0.69877$ & $0.400862$ & $0.0176411$ & $1$ & $0.0809488$ & $0.0780742$ & $-0.0122868$ & $-0.0938726$ & $-0.024785$ & $-0.0234858$ & $-0.0107104$ & $-0.056942$ & $-0.0144509$ & $0.0121248$ & $0.126746$ & $0.0662505$ & $-0.0174333$ & $0.0743265$ & $-0.0312978$ & $0.307623$ \\
CLL_1221 & $0.0100908$ & $0.0140578$ & $0.00637834$ & $-0.0134354$ & $-0.0107299$ & $-0.126534$ & $-0.0705423$ & $0.564855$ & $0.557327$ & $-0.363246$ & $-0.36567$ & $0.0312478$ & $0.223589$ & $-0.225279$ & $-0.590183$ & $-0.0931517$ & $-0.257929$ & $0.0256747$ & $-0.355766$ & $0.286445$ & $0.451025$ & $0.448027$ & $0.199465$ & $-0.635069$ & $-0.209714$ & $-0.250556$ & $0.684924$ & $0.150169$ & $0.0135697$ & $0.0690894$ & $0.0388927$ & $-0.0669459$ & $0.0809488$ & $1$ & $-0.0126602$ & $0.00325269$ & $-0.00825346$ & $-0.00501732$ & $-0.0332175$ & $0.00416816$ & $0.00179189$ & $0.00830293$ & $-0.00370668$ & $0.0259681$ & $-0.0101852$ & $0.0101497$ & $0.0193622$ & $0.0125656$ & $0.0114218$ \\
eHggint & $-0.293462$ & $0.248743$ & $0.204424$ & $-0.128527$ & $0.000136601$ & $0.00672668$ & $-0.00197113$ & $-0.0192474$ & $-0.0193222$ & $0.0276402$ & $0.0146887$ & $0.04343$ & $0.0098729$ & $0.000780167$ & $0.00524853$ & $0.0121973$ & $0.00783477$ & $0.00548807$ & $0.00229099$ & $-0.00769271$ & $-0.0119861$ & $-0.0103174$ & $-0.0100668$ & $0.0256929$ & $0.026555$ & $0.0173645$ & $-0.00538822$ & $0.00422903$ & $-0.0145594$ & $0.0135982$ & $-0.0165708$ & $0.0515649$ & $0.0780742$ & $-0.0126602$ & $1$ & $0.0423035$ & $-0.22446$ & $0.0228657$ & $0.00831238$ & $0.102239$ & $-0.0813574$ & $-0.130291$ & $0.265246$ & $0.0870323$ & $0.335554$ & $-0.177314$ & $-0.0551208$ & $-0.350163$ & $0.266681$ \\
eHggpar & $0.207467$ & $-0.0625642$ & $-0.048499$ & $-0.434399$ & $0.0106974$ & $0.0131347$ & $0.0159278$ & $0.00569076$ & $0.0113563$ & $0.0129771$ & $0.00583294$ & $0.053055$ & $0.0331957$ & $-0.0203743$ & $-0.00230815$ & $-0.0145278$ & $-0.0239813$ & $-0.0215534$ & $-0.0132812$ & $-0.00784964$ & $-0.00617659$ & $-0.00675325$ & $-0.00447137$ & $-0.0271154$ & $-0.030432$ & $0.00805917$ & $0.0030221$ & $-0.0176844$ & $0.00524185$ & $0.0328791$ & $0.0676973$ & $0.0531736$ & $-0.0122868$ & $0.00325269$ & $0.0423035$ & $1$ & $-0.402347$ & $-0.055687$ & $-0.0753684$ & $-0.0187678$ & $-0.132574$ & $0.0708317$ & $0.248545$ & $0.000330721$ & $-0.0329661$ & $0.0166016$ & $0.163312$ & $0.328292$ & $-0.235176$ \\
eHWWint & $-0.0676728$ & $-0.0878314$ & $0.225613$ & $0.346832$ & $-0.0273617$ & $-0.0146815$ & $-0.0102795$ & $0.00958329$ & $0.000838408$ & $-0.00955574$ & $-0.0212392$ & $-0.0436666$ & $-0.0291469$ & $0.0274831$ & $0.0158879$ & $0.0239729$ & $0.0218439$ & $0.0137081$ & $0.00702658$ & $0.0222763$ & $0.0183662$ & $0.0166957$ & $-0.00821561$ & $0.0195047$ & $0.0173447$ & $-0.00649227$ & $-0.00713465$ & $0.0209354$ & $-0.00587596$ & $-0.107938$ & $-0.0514808$ & $-0.0580292$ & $-0.0938726$ & $-0.00825346$ & $-0.22446$ & $-0.402347$ & $1$ & $0.0207498$ & $0.345758$ & $0.000644658$ & $0.18098$ & $-0.0431699$ & $-0.198405$ & $0.106822$ & $-0.0332553$ & $0.0902747$ & $0.0499999$ & $-0.00695073$ & $0.105324$ \\
eHWWpar & $-0.0453432$ & $0.0189843$ & $0.0431701$ & $0.0796701$ & $-0.0195581$ & $0.0119592$ & $0.00217294$ & $-0.00629719$ & $-0.00492842$ & $0.00762359$ & $0.00705952$ & $-0.00793346$ & $-0.0164572$ & $0.00172582$ & $-0.00131031$ & $-0.00718409$ & $-0.00318763$ & $-0.000664704$ & $0.00410244$ & $-0.00758115$ & $-0.00663963$ & $-0.00730609$ & $-0.00756099$ & $0.00408576$ & $0.00758713$ & $0.0169701$ & $0.00577286$ & $-0.00171702$ & $-0.00607769$ & $-0.0218125$ & $-0.00778525$ & $-0.00367026$ & $-0.024785$ & $-0.00501732$ & $0.0228657$ & $-0.055687$ & $0.0207498$ & $1$ & $0.026773$ & $0.00466362$ & $-0.0230279$ & $0.0201345$ & $0.0731207$ & $0.0224519$ & $0.00852953$ & $0.0164948$ & $0.0527959$ & $0.0524298$ & $0.0165911$ \\
eHZZint & $-0.00516203$ & $-0.107861$ & $0.134419$ & $0.298928$ & $0.0196857$ & $-0.0090834$ & $-0.0434806$ & $-0.0258731$ & $-0.0392325$ & $0.0109953$ & $0.0111903$ & $-0.0864331$ & $-0.0963054$ & $0.0247535$ & $0.0107263$ & $0.0216084$ & $0.0266424$ & $0.0247062$ & $0.0167215$ & $-0.00928538$ & $-0.0158021$ & $-0.0155993$ & $-0.0165529$ & $0.0406468$ & $0.0181425$ & $0.00912602$ & $-0.0374191$ & $0.00457809$ & $-0.0160122$ & $-0.0875174$ & $-0.0177607$ & $-0.0604134$ & $-0.0234858$ & $-0.0332175$ & $0.00831238$ & $-0.0753684$ & $0.345758$ & $0.026773$ & $1$ & $-0.0517035$ & $0.0716532$ & $-0.0241379$ & $-0.23469$ & $-0.000827841$ & $-0.133718$ & $0.0107571$ & $0.140933$ & $-0.187074$ & $0.253$ \\
eHZZpar & $-0.0174603$ & $0.00841772$ & $0.0331998$ & $0.0633095$ & $-0.00677681$ & $0.00436162$ & $-0.00904298$ & $-0.00472159$ & $-0.00708048$ & $0.00137132$ & $0.0062799$ & $-0.000535529$ & $-0.000881478$ & $-0.00276552$ & $-0.00900798$ & $0.00174903$ & $-0.00241607$ & $0.00369521$ & $-0.00513719$ & $-0.00704493$ & $-0.00597954$ & $-0.00517288$ & $-0.00474811$ & $0.000732767$ & $0.0038748$ & $0.011106$ & $0.00433972$ & $4.75617e-05$ & $0.000762191$ & $-0.00534064$ & $-0.00461519$ & $-0.00555698$ & $-0.0107104$ & $0.00416816$ & $0.102239$ & $-0.0187678$ & $0.000644658$ & $0.00466362$ & $-0.0517035$ & $1$ & $0.0729786$ & $-0.00258336$ & $-0.00904485$ & $0.0695999$ & $0.0100429$ & $-0.0364287$ & $0.0123085$ & $-0.0687973$ & $0.00215067$ \\
eHZgaint & $0.116319$ & $-0.267029$ & $0.0881188$ & $0.275417$ & $0.00282995$ & $-0.00675776$ & $-0.0163656$ & $0.0279976$ & $0.0198116$ & $-0.0283404$ & $-0.0213672$ & $0.020053$ & $0.0433201$ & $0.00375238$ & $0.0128701$ & $0.0152179$ & $-0.0171223$ & $-0.0168822$ & $-0.0195442$ & $0.0194058$ & $0.0172303$ & $0.01697$ & $0.00480756$ & $-0.0207697$ & $-0.0279208$ & $-0.0208625$ & $-0.00683204$ & $0.00565866$ & $-0.00425$ & $0.000166773$ & $-0.0212939$ & $-0.0258903$ & $-0.056942$ & $0.00179189$ & $-0.0813574$ & $-0.132574$ & $0.18098$ & $-0.0230279$ & $0.0716532$ & $0.0729786$ & $1$ & $-0.0145084$ & $-0.320433$ & $-0.0830606$ & $-0.155636$ & $-0.000132358$ & $-0.111495$ & $0.19666$ & $-0.218009$ \\
eHZgapar & $0.0440975$ & $0.00620286$ & $0.0165875$ & $-0.0451836$ & $0.00185893$ & $0.000267256$ & $0.00717437$ & $-0.00698543$ & $-0.00705107$ & $0.00228439$ & $0.0050057$ & $-0.00731773$ & $-0.00511893$ & $-0.000254378$ & $-0.014902$ & $-0.0073116$ & $0.00839266$ & $0.01288$ & $0.00876046$ & $-0.00666994$ & $-0.0035445$ & $-0.00459752$ & $0.00626978$ & $0.00501177$ & $0.00452076$ & $-0.00158867$ & $0.00440827$ & $-0.00445486$ & $0.00166651$ & $0.00843782$ & $0.00256783$ & $0.00341479$ & $-0.0144509$ & $0.00830293$ & $-0.130291$ & $0.0708317$ & $-0.0431699$ & $0.0201345$ & $-0.0241379$ & $-0.00258336$ & $-0.0145084$ & $1$ & $-0.0209865$ & $0.0547452$ & $0.000715211$ & $-0.038178$ & $-0.00790127$ & $0.0148851$ & $-0.0647595$ \\
eHgagaint & $-0.0327283$ & $0.265017$ & $0.195133$ & $-0.228135$ & $-0.00422503$ & $0.00262563$ & $-0.051799$ & $0.00555001$ & $0.029518$ & $-0.00700086$ & $-0.00439291$ & $0.023679$ & $0.0231747$ & $-0.00691117$ & $0.0192428$ & $0.00849443$ & $-0.0039118$ & $-0.018673$ & $-0.00892846$ & $0.00965309$ & $0.00773542$ & $0.00674172$ & $-0.0153311$ & $-0.0117132$ & $-0.0106671$ & $0.00941023$ & $-0.00668537$ & $-0.0115883$ & $-0.000960438$ & $0.0249844$ & $0.0330396$ & $-0.0333279$ & $0.0121248$ & $-0.00370668$ & $0.265246$ & $0.248545$ & $-0.198405$ & $0.0731207$ & $-0.23469$ & $-0.00904485$ & $-0.320433$ & $-0.0209865$ & $1$ & $-0.059343$ & $0.191485$ & $0.138904$ & $0.0941699$ & $0.0971191$ & $-0.0341659$ \\
eHmumuint & $0.153855$ & $0.214075$ & $-0.15856$ & $-0.261618$ & $-0.00391841$ & $-0.00472184$ & $-0.0164728$ & $0.00947885$ & $0.00582814$ & $-0.00218693$ & $0.00522554$ & $0.0683525$ & $0.0791679$ & $-0.0332603$ & $-0.015317$ & $-0.0104678$ & $-0.0313305$ & $-0.0233027$ & $-0.0275242$ & $-0.00552033$ & $-0.0011078$ & $-0.00245479$ & $0.0158991$ & $-0.0339323$ & $-0.0279621$ & $0.00277136$ & $0.0266351$ & $-0.00586795$ & $-0.00715049$ & $-0.00378257$ & $0.0552976$ & $-0.00838878$ & $0.126746$ & $0.0259681$ & $0.0870323$ & $0.000330721$ & $0.106822$ & $0.0224519$ & $-0.000827841$ & $0.0695999$ & $-0.0830606$ & $0.0547452$ & $-0.059343$ & $1$ & $-0.292821$ & $0.0214801$ & $0.29458$ & $0.11443$ & $0.33113$ \\
eHtautauint & $-0.281614$ & $-0.00747498$ & $0.383049$ & $-0.148152$ & $-0.00235468$ & $0.0129409$ & $0.0136428$ & $0.00145456$ & $0.00578202$ & $0.00922531$ & $-0.00430725$ & $0.0201783$ & $0.00835823$ & $0.00797626$ & $0.0158034$ & $0.00697621$ & $0.0111485$ & $-0.000795951$ & $0.00672993$ & $0.00743995$ & $0.00482801$ & $0.00680241$ & $-0.00995362$ & $0.0163351$ & $0.0192583$ & $0.00199942$ & $-0.00516665$ & $0.00640794$ & $0.00448969$ & $0.0539856$ & $-0.0225172$ & $0.028869$ & $0.0662505$ & $-0.0101852$ & $0.335554$ & $-0.0329661$ & $-0.0332553$ & $0.00852953$ & $-0.133718$ & $0.0100429$ & $-0.155636$ & $0.000715211$ & $0.191485$ & $-0.292821$ & $1$ & $-0.242626$ & $-0.122719$ & $-0.359425$ & $0.218795$ \\
eHccint & $0.197844$ & $0.0500166$ & $0.00715822$ & $0.0418382$ & $-0.00674943$ & $-0.00541414$ & $0.0168608$ & $0.0182153$ & $0.0256992$ & $-0.0168074$ & $-0.0164433$ & $0.00769181$ & $0.0155544$ & $0.000225331$ & $0.00418818$ & $0.0117299$ & $-0.0100269$ & $-0.00850304$ & $-0.0157712$ & $0.0177875$ & $0.0162871$ & $0.0132212$ & $0.000968968$ & $-0.0226244$ & $-0.0291993$ & $-0.014216$ & $-0.00775492$ & $-0.0111568$ & $-0.00704539$ & $-0.00871037$ & $0.0702632$ & $0.0108955$ & $-0.0174333$ & $0.0101497$ & $-0.177314$ & $0.0166016$ & $0.0902747$ & $0.0164948$ & $0.0107571$ & $-0.0364287$ & $-0.000132358$ & $-0.038178$ & $0.138904$ & $0.0214801$ & $-0.242626$ & $1$ & $0.0727802$ & $0.281821$ & $-0.113877$ \\
eHccpar & $0.42772$ & $0.21763$ & $-0.267486$ & $-0.0650327$ & $-0.0104986$ & $0.00283707$ & $-0.0519898$ & $0.00516604$ & $0.00464993$ & $-0.000526171$ & $0.00200595$ & $0.041351$ & $0.0494159$ & $-0.0200254$ & $-0.0102456$ & $-0.00573287$ & $-0.0182854$ & $-0.0144732$ & $-0.0170083$ & $-0.00392545$ & $3.91347e-05$ & $-0.000729617$ & $0.00227961$ & $-0.0321758$ & $-0.0362554$ & $-0.00216726$ & $0.0102322$ & $-0.00565016$ & $-0.00743983$ & $0.00472213$ & $0.205866$ & $-0.0477043$ & $0.0743265$ & $0.0193622$ & $-0.0551208$ & $0.163312$ & $0.0499999$ & $0.0527959$ & $0.140933$ & $0.0123085$ & $-0.111495$ & $-0.00790127$ & $0.0941699$ & $0.29458$ & $-0.122719$ & $0.0727802$ & $1$ & $0.0784708$ & $0.184828$ \\
eHbbint & $0.178484$ & $-0.134229$ & $-0.182558$ & $-0.0174942$ & $0.00513959$ & $-0.00227482$ & $-0.0230009$ & $0.0317121$ & $0.0358022$ & $-0.0323744$ & $-0.0177186$ & $0.0177908$ & $0.0414405$ & $-0.0176876$ & $0.00790043$ & $-0.0064138$ & $-0.0304908$ & $-0.0335973$ & $-0.0236734$ & $0.0145572$ & $0.0169105$ & $0.0142944$ & $-0.0101173$ & $-0.0402597$ & $-0.0433783$ & $0.00408108$ & $0.00805854$ & $-0.00417462$ & $0.00681303$ & $-0.00409208$ & $0.0324049$ & $-0.0319685$ & $-0.0312978$ & $0.0125656$ & $-0.350163$ & $0.328292$ & $-0.00695073$ & $0.0524298$ & $-0.187074$ & $-0.0687973$ & $0.19666$ & $0.0148851$ & $0.0971191$ & $0.11443$ & $-0.359425$ & $0.281821$ & $0.0784708$ & $1$ & $-0.299892$ \\
eHbbpar & $-0.19466$ & $0.214679$ & $0.0793189$ & $0.0112686$ & $-0.00056434$ & $-0.00745324$ & $-0.00512989$ & $0.00724191$ & $0.0022603$ & $0.00303629$ & $-0.00771944$ & $0.0129398$ & $0.00881747$ & $-0.0048794$ & $0.00464343$ & $0.0161432$ & $0.00417326$ & $-0.00365345$ & $-0.0117459$ & $0.0109937$ & $0.010381$ & $0.0110339$ & $-0.00354792$ & $0.00232301$ & $0.00867834$ & $-0.00157399$ & $0.00755582$ & $0.0140842$ & $-0.00623231$ & $-0.00569193$ & $0.0225447$ & $0.00498894$ & $0.307623$ & $0.0114218$ & $0.266681$ & $-0.235176$ & $0.105324$ & $0.0165911$ & $0.253$ & $0.00215067$ & $-0.218009$ & $-0.0647595$ & $-0.0341659$ & $0.33113$ & $0.218795$ & $-0.113877$ & $0.184828$ & $-0.299892$ & $1$ \\
