 & AlsMz & dAle5Mz & mtop & mHl & Mz & CW & CHG & CHWB & CHWHB_gaga & CHWHB_gagaorth & CHD & CHbox & CH & CHL1_11 & CHL1_22 & CHL1_33 & CHL3_11 & CHL3_22 & CHL3_33 & CHe_11 & CHe_22 & CHe_33 & CHQ1_11 & CHQ1_33 & CHQ3_11 & CHu_11 & CHd_11 & CHd_33 & CeH_22r & CeH_33r & CuH_22r & CuH_33r & CdH_33r & CLL_1221 & eHggint & eHggpar & eHWWint & eHWWpar & eHZZint & eHZZpar & eHZgaint & eHZgapar & eHgagaint & eHmumuint & eHtautauint & eHccint & eHccpar & eHbbint & eHbbpar \\
AlsMz & $1$ & $-0.0300322$ & $0.018027$ & $-0.0185194$ & $-0.0113519$ & $-0.0266845$ & $0.0164211$ & $-0.00482199$ & $-0.00706742$ & $0.00420215$ & $-0.0118399$ & $-0.0306127$ & $-0.0333478$ & $0.0110473$ & $0.00709685$ & $0.000577731$ & $0.0178578$ & $0.0114492$ & $0.0152553$ & $0.00264977$ & $0.000107366$ & $-0.00122297$ & $-0.00166162$ & $-0.0558363$ & $-0.104253$ & $-0.043746$ & $-0.0319849$ & $0.0279685$ & $-0.0217127$ & $-0.0190253$ & $0.00059484$ & $0.0134474$ & $0.00972527$ & $-0.010262$ & $0.0063515$ & $0.00187873$ & $0.00229713$ & $0.0116512$ & $-0.0622524$ & $0.00133633$ & $-0.00859079$ & $-0.00924078$ & $-0.0271703$ & $-0.0511126$ & $0.00930765$ & $-0.0171254$ & $-0.00188188$ & $0.0443328$ & $0.0382309$ \\
dAle5Mz & $-0.0300322$ & $1$ & $-0.0531454$ & $0.0576934$ & $-0.0257308$ & $0.0189965$ & $0.0287793$ & $-0.104162$ & $-0.0930538$ & $0.0229503$ & $0.0805534$ & $-0.00991456$ & $-0.0369418$ & $-0.0224368$ & $-0.00499764$ & $-0.0170012$ & $0.0219195$ & $0.0170522$ & $0.0259622$ & $-0.0510065$ & $-0.0573015$ & $-0.0596011$ & $-0.00417697$ & $0.0391264$ & $0.0228597$ & $0.0321398$ & $-0.0362949$ & $-0.0423868$ & $-0.00614589$ & $0.00223774$ & $0.00493722$ & $0.0363155$ & $-0.0099619$ & $-0.0160336$ & $0.0224097$ & $0.0302277$ & $0.00169321$ & $0.00826746$ & $0.0225878$ & $-0.00789519$ & $-0.00987897$ & $-0.012239$ & $0.131699$ & $0.0291311$ & $0.0697247$ & $-0.0164019$ & $0.0137433$ & $0.0366465$ & $-0.00504164$ \\
mtop & $0.018027$ & $-0.0531454$ & $1$ & $0.037355$ & $-0.00623417$ & $0.0199591$ & $-0.00205386$ & $-0.00852567$ & $-0.00717765$ & $0.0212305$ & $0.0162521$ & $0.0314025$ & $0.0163153$ & $0.0107047$ & $0.00891784$ & $-0.0255451$ & $-0.00450971$ & $-0.00318204$ & $0.022809$ & $-0.00817472$ & $-0.00885719$ & $-0.0107606$ & $-0.00969291$ & $0.0180079$ & $0.00849748$ & $0.00759166$ & $0.00241852$ & $-0.0134287$ & $-0.00206051$ & $0.0408656$ & $0.000585729$ & $0.00861924$ & $0.020569$ & $-0.0216305$ & $0.00398386$ & $-0.0039903$ & $-0.0263106$ & $0.00276673$ & $0.0191501$ & $0.0173549$ & $-0.000932867$ & $0.0175712$ & $0.00184724$ & $0.0454686$ & $0.0247085$ & $-0.0362888$ & $0.0111546$ & $0.00112715$ & $-0.0213803$ \\
mHl & $-0.0185194$ & $0.0576934$ & $0.037355$ & $1$ & $-0.0179494$ & $0.00119737$ & $0.0075866$ & $-0.0116495$ & $-0.0128069$ & $0.00946329$ & $0.00879131$ & $-0.00642806$ & $-0.00956899$ & $0.000878475$ & $-0.0236742$ & $-0.00128597$ & $0.00158797$ & $0.019904$ & $0.0021551$ & $-0.00635448$ & $-0.00574692$ & $-0.00939337$ & $-0.00394729$ & $0.012192$ & $0.00643548$ & $0.00532011$ & $9.17339e-06$ & $0.00733639$ & $-0.0104995$ & $-0.0138184$ & $-0.00126028$ & $0.0126271$ & $-0.0105104$ & $0.0120272$ & $0.0332605$ & $0.0126569$ & $0.00439427$ & $0.043986$ & $0.00356615$ & $-0.0114454$ & $-0.00927707$ & $0.0300949$ & $0.0463274$ & $0.0201795$ & $-0.0242191$ & $0.0226386$ & $-0.0206499$ & $-0.00131285$ & $0.00208533$ \\
Mz & $-0.0113519$ & $-0.0257308$ & $-0.00623417$ & $-0.0179494$ & $1$ & $-0.0111423$ & $-0.00233$ & $0.0330135$ & $0.0302763$ & $-0.00983315$ & $-0.0152969$ & $0.0134031$ & $0.0156999$ & $-0.00500019$ & $0.0189291$ & $0.00486795$ & $-0.0129482$ & $-0.0303917$ & $-0.015352$ & $0.0219013$ & $0.0259722$ & $0.0290065$ & $0.010339$ & $-0.0259747$ & $-0.0198021$ & $-0.0138357$ & $0.0190735$ & $1.48949e-05$ & $-0.0139853$ & $0.0115391$ & $0.0126953$ & $0.00245628$ & $0.0115164$ & $0.0100182$ & $-0.00851835$ & $0.0111488$ & $-0.00145166$ & $-0.0209812$ & $-0.00949915$ & $0.0253854$ & $0.0129798$ & $0.0134846$ & $-0.00422681$ & $0.0174593$ & $0.00536295$ & $0.00150997$ & $0.010358$ & $0.00460977$ & $-0.0091272$ \\
CW & $-0.0266845$ & $0.0189965$ & $0.0199591$ & $0.00119737$ & $-0.0111423$ & $1$ & $0.0173764$ & $-0.131613$ & $-0.126414$ & $-0.000771695$ & $0.176468$ & $0.00478236$ & $-0.00898959$ & $0.0419629$ & $-0.0695415$ & $-0.0688454$ & $-0.231549$ & $-0.0276449$ & $-0.0259317$ & $-0.172406$ & $-0.181434$ & $-0.176201$ & $-0.0157216$ & $0.023481$ & $-0.0577487$ & $0.114011$ & $-0.0813071$ & $-0.073562$ & $-0.0063189$ & $0.00244074$ & $0.0132674$ & $0.0154223$ & $0.00101118$ & $-0.132471$ & $-0.0083176$ & $0.025903$ & $0.000703769$ & $-0.0130128$ & $-0.023087$ & $0.0281256$ & $-0.00223652$ & $0.0133387$ & $0.02374$ & $-0.0173549$ & $0.013704$ & $0.000861914$ & $-0.0070853$ & $0.012827$ & $0.0172269$ \\
CHG & $0.0164211$ & $0.0287793$ & $-0.00205386$ & $0.0075866$ & $-0.00233$ & $0.0173764$ & $1$ & $-0.0852133$ & $-0.0258755$ & $0.0613357$ & $0.0366279$ & $-0.224678$ & $-0.288688$ & $0.0692678$ & $-0.0190744$ & $-0.00435443$ & $0.0979351$ & $0.10474$ & $0.0934694$ & $-0.0334397$ & $-0.0397892$ & $-0.0381477$ & $-0.0112563$ & $0.104403$ & $0.0924916$ & $0.0277025$ & $-0.042514$ & $0.0258361$ & $-0.0182441$ & $-0.127887$ & $-0.0888675$ & $0.935835$ & $-0.13747$ & $-0.0506045$ & $-0.0461135$ & $-0.000478445$ & $0.00895444$ & $-0.00859107$ & $0.00955801$ & $0.00828781$ & $-0.0345848$ & $-0.00741293$ & $0.0228254$ & $-0.0455661$ & $0.000527587$ & $0.00737375$ & $-0.00686189$ & $0.0279532$ & $-0.0142745$ \\
CHWB & $-0.00482199$ & $-0.104162$ & $-0.00852567$ & $-0.0116495$ & $0.0330135$ & $-0.131613$ & $-0.0852133$ & $1$ & $0.981781$ & $-0.569301$ & $-0.883185$ & $0.0894291$ & $0.354761$ & $0.102503$ & $0.308455$ & $0.301501$ & $-0.246349$ & $-0.438512$ & $-0.43508$ & $0.85388$ & $0.899135$ & $0.881515$ & $0.0570542$ & $-0.681211$ & $-0.40831$ & $-0.500544$ & $0.423068$ & $0.297602$ & $0.0217226$ & $0.107831$ & $0.0387819$ & $-0.0801787$ & $0.101097$ & $0.562378$ & $-0.00359485$ & $-0.0177642$ & $-0.0234332$ & $0.00733348$ & $-0.00717572$ & $0.0128624$ & $-0.00251526$ & $0.0158206$ & $-0.0267417$ & $0.0152605$ & $-0.0178853$ & $-0.030397$ & $-0.00282033$ & $-0.0121767$ & $-0.0304953$ \\
CHWHB_gaga & $-0.00706742$ & $-0.0930538$ & $-0.00717765$ & $-0.0128069$ & $0.0302763$ & $-0.126414$ & $-0.0258755$ & $0.981781$ & $1$ & $-0.559853$ & $-0.86418$ & $0.0970724$ & $0.347815$ & $0.0945913$ & $0.304569$ & $0.293103$ & $-0.247672$ & $-0.437237$ & $-0.430744$ & $0.836138$ & $0.880304$ & $0.862959$ & $0.0576915$ & $-0.673829$ & $-0.407334$ & $-0.490517$ & $0.41293$ & $0.291852$ & $0.0283356$ & $0.127576$ & $0.0488059$ & $-0.0314314$ & $0.123435$ & $0.55134$ & $-0.0275708$ & $-0.0314443$ & $-0.0351025$ & $0.00162938$ & $-0.0155169$ & $0.0121917$ & $0.0002367$ & $0.0161105$ & $0.0430987$ & $0.0111426$ & $-0.0198687$ & $-0.0287891$ & $-0.00745649$ & $-0.00928523$ & $-0.0291788$ \\
CHWHB_gagaorth & $0.00420215$ & $0.0229503$ & $0.0212305$ & $0.00946329$ & $-0.00983315$ & $-0.000771695$ & $0.0613357$ & $-0.569301$ & $-0.559853$ & $1$ & $0.36699$ & $0.227477$ & $-0.253001$ & $0.205145$ & $-0.160827$ & $-0.135424$ & $0.430016$ & $0.494713$ & $0.475364$ & $-0.353834$ & $-0.379209$ & $-0.374434$ & $-0.0339937$ & $0.547217$ & $0.471042$ & $0.192761$ & $-0.228048$ & $-0.134422$ & $-0.0184938$ & $-0.132078$ & $-0.0616009$ & $0.0801922$ & $-0.142113$ & $-0.322917$ & $0.0511991$ & $0.0391261$ & $0.01631$ & $0.00328258$ & $0.014874$ & $-0.020896$ & $-0.0407192$ & $-0.0130805$ & $-0.000500034$ & $-0.019862$ & $0.0217969$ & $0.00291498$ & $-0.0160385$ & $-0.0101494$ & $-0.0155246$ \\
CHD & $-0.0118399$ & $0.0805534$ & $0.0162521$ & $0.00879131$ & $-0.0152969$ & $0.176468$ & $0.0366279$ & $-0.883185$ & $-0.86418$ & $0.36699$ & $1$ & $0.0734095$ & $-0.168023$ & $-0.509992$ & $-0.423304$ & $-0.414831$ & $-0.201383$ & $0.0781261$ & $0.0775256$ & $-0.99022$ & $-0.991342$ & $-0.96997$ & $-0.00721408$ & $0.324895$ & $0.0373867$ & $0.564366$ & $-0.29498$ & $-0.338533$ & $-0.00707666$ & $-0.0579769$ & $-0.0208351$ & $0.042691$ & $-0.0458752$ & $-0.373231$ & $0.0173764$ & $0.00607287$ & $0.00571325$ & $-0.0105109$ & $0.000342709$ & $-0.00473763$ & $0.00580077$ & $-0.0206365$ & $0.0248954$ & $-0.000271758$ & $0.0211684$ & $0.0234778$ & $-0.010564$ & $0.0274758$ & $0.0355104$ \\
CHbox & $-0.0306127$ & $-0.00991456$ & $0.0314025$ & $-0.00642806$ & $0.0134031$ & $0.00478236$ & $-0.224678$ & $0.0894291$ & $0.0970724$ & $0.227477$ & $0.0734095$ & $1$ & $0.763477$ & $-0.308996$ & $-0.00202973$ & $0.0125754$ & $-0.329127$ & $-0.299342$ & $-0.308501$ & $-0.0660143$ & $-0.0661581$ & $-0.0621379$ & $0.0194349$ & $-0.240527$ & $-0.286837$ & $0.0372302$ & $0.0300564$ & $-0.0412949$ & $0.0525436$ & $0.338486$ & $0.0987267$ & $-0.132626$ & $0.363323$ & $0.0724282$ & $0.110741$ & $0.0127412$ & $-0.0227723$ & $-0.00697806$ & $0.0078014$ & $-0.00726909$ & $-0.0250239$ & $-0.00524104$ & $-0.0253249$ & $-0.00898799$ & $0.0174096$ & $-0.0453001$ & $-0.0309218$ & $0.00939586$ & $-0.0112555$ \\
CH & $-0.0333478$ & $-0.0369418$ & $0.0163153$ & $-0.00956899$ & $0.0156999$ & $-0.00898959$ & $-0.288688$ & $0.354761$ & $0.347815$ & $-0.253001$ & $-0.168023$ & $0.763477$ & $1$ & $-0.257357$ & $0.0634553$ & $0.0714333$ & $-0.376746$ & $-0.392889$ & $-0.398081$ & $0.16036$ & $0.181607$ & $0.179574$ & $0.0285427$ & $-0.416527$ & $-0.370882$ & $-0.0886457$ & $0.163803$ & $0.0546843$ & $0.0543817$ & $0.288576$ & $0.100494$ & $-0.239834$ & $0.314912$ & $0.235859$ & $0.0449025$ & $-0.023969$ & $-0.0190913$ & $-0.0228854$ & $-0.00262822$ & $-0.00070722$ & $-0.00227739$ & $0.0015353$ & $-0.0188908$ & $0.00217358$ & $0.00583769$ & $-0.0462768$ & $-0.0258174$ & $0.0169291$ & $0.0019316$ \\
CHL1_11 & $0.0110473$ & $-0.0224368$ & $0.0107047$ & $0.000878475$ & $-0.00500019$ & $0.0419629$ & $0.0692678$ & $0.102503$ & $0.0945913$ & $0.205145$ & $-0.509992$ & $-0.308996$ & $-0.257357$ & $1$ & $0.261067$ & $0.250467$ & $0.654624$ & $0.594104$ & $0.594985$ & $0.529116$ & $0.473049$ & $0.458703$ & $-0.0731783$ & $0.459949$ & $0.593553$ & $-0.284218$ & $-0.0902023$ & $0.179907$ & $-0.0309373$ & $-0.0636993$ & $-0.0339008$ & $0.0448022$ & $-0.0739211$ & $-0.206115$ & $-0.0363272$ & $0.0296045$ & $0.0303489$ & $0.0144837$ & $-0.00213003$ & $-0.00478912$ & $-0.00773547$ & $0.0234771$ & $-0.0149808$ & $-0.0238667$ & $-0.0103211$ & $-0.00407775$ & $0.011055$ & $-0.039714$ & $-0.0103178$ \\
CHL1_22 & $0.00709685$ & $-0.00499764$ & $0.00891784$ & $-0.0236742$ & $0.0189291$ & $-0.0695415$ & $-0.0190744$ & $0.308455$ & $0.304569$ & $-0.160827$ & $-0.423304$ & $-0.00202973$ & $0.0634553$ & $0.261067$ & $1$ & $0.438036$ & $0.147608$ & $-0.460785$ & $-0.0454145$ & $0.489222$ & $0.34287$ & $0.332341$ & $-0.174235$ & $0.0827633$ & $-0.153272$ & $-0.198031$ & $-0.393145$ & $0.129608$ & $-0.018941$ & $0.0355121$ & $0.0234796$ & $-0.0130911$ & $0.0298682$ & $-0.582453$ & $-0.00534799$ & $-0.00186959$ & $0.0165048$ & $-0.0113963$ & $0.0279296$ & $0.00135794$ & $-0.0117828$ & $-0.00243732$ & $0.020451$ & $-0.0301803$ & $-0.00769474$ & $-0.00942867$ & $0.012959$ & $-0.021641$ & $-0.00234619$ \\
CHL1_33 & $0.000577731$ & $-0.0170012$ & $-0.0255451$ & $-0.00128597$ & $0.00486795$ & $-0.0688454$ & $-0.00435443$ & $0.301501$ & $0.293103$ & $-0.135424$ & $-0.414831$ & $0.0125754$ & $0.0714333$ & $0.250467$ & $0.438036$ & $1$ & $0.150158$ & $-0.0364134$ & $-0.452732$ & $0.477418$ & $0.335701$ & $0.355638$ & $-0.162854$ & $0.0821922$ & $-0.143467$ & $-0.192902$ & $-0.378385$ & $0.101098$ & $-0.00888541$ & $0.0304474$ & $0.035005$ & $0.00228547$ & $0.0193967$ & $-0.0827113$ & $-0.00717406$ & $-0.0145726$ & $0.0132409$ & $-0.01509$ & $0.00414587$ & $-0.00342325$ & $-0.00255127$ & $-0.0116273$ & $-0.000552443$ & $0.00281595$ & $-0.00185104$ & $-0.00801503$ & $0.0379594$ & $-0.00465505$ & $-0.0113618$ \\
CHL3_11 & $0.0178578$ & $0.0219195$ & $-0.00450971$ & $0.00158797$ & $-0.0129482$ & $-0.231549$ & $0.0979351$ & $-0.246349$ & $-0.247672$ & $0.430016$ & $-0.201383$ & $-0.329127$ & $-0.376746$ & $0.654624$ & $0.147608$ & $0.150158$ & $1$ & $0.737452$ & $0.728914$ & $0.224791$ & $0.170236$ & $0.162876$ & $-0.0667418$ & $0.681293$ & $0.770421$ & $-0.119666$ & $-0.164724$ & $0.0759132$ & $-0.015872$ & $-0.105303$ & $-0.0372124$ & $0.0762287$ & $-0.114809$ & $-0.248388$ & $-0.0251201$ & $0.0122646$ & $0.0299615$ & $-0.000818518$ & $0.0235335$ & $-0.0221125$ & $-0.00552202$ & $0.0064182$ & $0.0023277$ & $-0.0271414$ & $-0.00721603$ & $0.0206048$ & $0.030364$ & $-0.0231238$ & $-0.0169247$ \\
CHL3_22 & $0.0114492$ & $0.0170522$ & $-0.00318204$ & $0.019904$ & $-0.0303917$ & $-0.0276449$ & $0.10474$ & $-0.438512$ & $-0.437237$ & $0.494713$ & $0.0781261$ & $-0.299342$ & $-0.392889$ & $0.594104$ & $-0.460785$ & $-0.0364134$ & $0.737452$ & $1$ & $0.674878$ & $-0.0802623$ & $-0.0727254$ & $-0.0699313$ & $0.0154265$ & $0.629364$ & $0.796132$ & $0.0223958$ & $-0.0040048$ & $-0.0148503$ & $-0.015189$ & $-0.116563$ & $-0.0492073$ & $0.0805723$ & $-0.124042$ & $0.0325392$ & $-0.0225723$ & $0.0220934$ & $0.0232817$ & $0.0110784$ & $-0.00627466$ & $-0.0165637$ & $0.00325657$ & $0.0112735$ & $-0.0131825$ & $-0.00666434$ & $0.000526992$ & $0.0207158$ & $0.018258$ & $-0.015704$ & $-0.00844137$ \\
CHL3_33 & $0.0152553$ & $0.0259622$ & $0.022809$ & $0.0021551$ & $-0.015352$ & $-0.0259317$ & $0.0934694$ & $-0.43508$ & $-0.430744$ & $0.475364$ & $0.0775256$ & $-0.308501$ & $-0.398081$ & $0.594985$ & $-0.0454145$ & $-0.452732$ & $0.728914$ & $0.674878$ & $1$ & $-0.0780866$ & $-0.0702517$ & $-0.0691193$ & $0.0141587$ & $0.625263$ & $0.791903$ & $0.0200683$ & $-0.000981806$ & $0.00814505$ & $-0.0254873$ & $-0.111482$ & $-0.0605517$ & $0.0697392$ & $-0.115038$ & $-0.342638$ & $-0.0222374$ & $0.0327972$ & $0.0272311$ & $0.011616$ & $0.0179465$ & $-0.0146024$ & $-0.00809258$ & $0.0208738$ & $0.00100094$ & $-0.0352856$ & $-0.00233323$ & $0.0184088$ & $-0.00623997$ & $-0.02677$ & $0.00072334$ \\
CHe_11 & $0.00264977$ & $-0.0510065$ & $-0.00817472$ & $-0.00635448$ & $0.0219013$ & $-0.172406$ & $-0.0334397$ & $0.85388$ & $0.836138$ & $-0.353834$ & $-0.99022$ & $-0.0660143$ & $0.16036$ & $0.529116$ & $0.489222$ & $0.477418$ & $0.224791$ & $-0.0802623$ & $-0.0780866$ & $1$ & $0.973253$ & $0.952806$ & $-0.0144319$ & $-0.2707$ & $-0.029296$ & $-0.555284$ & $0.220394$ & $0.332387$ & $0.00303504$ & $0.0608537$ & $0.0237858$ & $-0.0368401$ & $0.0444522$ & $0.293326$ & $-0.0166315$ & $-0.00535677$ & $-0.00520046$ & $0.00863986$ & $0.00337439$ & $0.00329904$ & $-0.00588972$ & $0.0214956$ & $-0.0180942$ & $-0.00116517$ & $-0.0173643$ & $-0.022416$ & $0.013314$ & $-0.0305637$ & $-0.0383824$ \\
CHe_22 & $0.000107366$ & $-0.0573015$ & $-0.00885719$ & $-0.00574692$ & $0.0259722$ & $-0.181434$ & $-0.0397892$ & $0.899135$ & $0.880304$ & $-0.379209$ & $-0.991342$ & $-0.0661581$ & $0.181607$ & $0.473049$ & $0.34287$ & $0.335701$ & $0.170236$ & $-0.0727254$ & $-0.0702517$ & $0.973253$ & $1$ & $0.974744$ & $0.0349935$ & $-0.377022$ & $-0.0411349$ & $-0.567243$ & $0.37362$ & $0.339383$ & $0.0106937$ & $0.0620603$ & $0.0190155$ & $-0.0453284$ & $0.049441$ & $0.456171$ & $-0.0163059$ & $-0.0063046$ & $-0.0093985$ & $0.0119128$ & $-0.000655138$ & $0.00575842$ & $-0.00492764$ & $0.0233358$ & $-0.0243376$ & $0.00543557$ & $-0.0173768$ & $-0.0249843$ & $0.00612334$ & $-0.02582$ & $-0.0376232$ \\
CHe_33 & $-0.00122297$ & $-0.0596011$ & $-0.0107606$ & $-0.00939337$ & $0.0290065$ & $-0.176201$ & $-0.0381477$ & $0.881515$ & $0.862959$ & $-0.374434$ & $-0.96997$ & $-0.0621379$ & $0.179574$ & $0.458703$ & $0.332341$ & $0.355638$ & $0.162876$ & $-0.0699313$ & $-0.0691193$ & $0.952806$ & $0.974744$ & $1$ & $0.031489$ & $-0.369342$ & $-0.0416111$ & $-0.551721$ & $0.36685$ & $0.333836$ & $0.00978433$ & $0.0626844$ & $0.0159135$ & $-0.0430072$ & $0.051241$ & $0.452558$ & $-0.016716$ & $-0.00403623$ & $-0.00544125$ & $0.00769292$ & $0.0089386$ & $0.0014722$ & $-0.00714404$ & $0.0235827$ & $-0.0248437$ & $0.00490841$ & $-0.0145592$ & $-0.0229064$ & $0.00328181$ & $-0.0206513$ & $-0.0313004$ \\
CHQ1_11 & $-0.00166162$ & $-0.00417697$ & $-0.00969291$ & $-0.00394729$ & $0.010339$ & $-0.0157216$ & $-0.0112563$ & $0.0570542$ & $0.0576915$ & $-0.0339937$ & $-0.00721408$ & $0.0194349$ & $0.0285427$ & $-0.0731783$ & $-0.174235$ & $-0.162854$ & $-0.0667418$ & $0.0154265$ & $0.0141587$ & $-0.0144319$ & $0.0349935$ & $0.031489$ & $1$ & $-0.127488$ & $0.0912246$ & $-0.673846$ & $0.344319$ & $0.00685083$ & $-0.000784156$ & $0.00996224$ & $0.0158324$ & $-0.0101965$ & $0.0165333$ & $0.193141$ & $-0.00404843$ & $0.00416687$ & $-0.00172519$ & $0.0010116$ & $-0.0138734$ & $0.000810779$ & $-0.0280316$ & $-0.00399907$ & $0.00112006$ & $0.000442767$ & $0.0268848$ & $0.00253688$ & $0.00327381$ & $-0.0227253$ & $0.0121866$ \\
CHQ1_33 & $-0.0558363$ & $0.0391264$ & $0.0180079$ & $0.012192$ & $-0.0259747$ & $0.023481$ & $0.104403$ & $-0.681211$ & $-0.673829$ & $0.547217$ & $0.324895$ & $-0.240527$ & $-0.416527$ & $0.459949$ & $0.0827633$ & $0.0821922$ & $0.681293$ & $0.629364$ & $0.625263$ & $-0.2707$ & $-0.377022$ & $-0.369342$ & $-0.127488$ & $1$ & $0.646952$ & $0.196653$ & $-0.42731$ & $-0.015179$ & $-0.0385146$ & $-0.117098$ & $-0.0366866$ & $0.0896059$ & $-0.128029$ & $-0.627748$ & $-0.0121363$ & $0.0166398$ & $0.0414187$ & $0.00138436$ & $0.0223269$ & $-0.0222955$ & $-0.00451357$ & $-0.00110532$ & $0.00945036$ & $-0.0221193$ & $0.00785742$ & $0.030257$ & $0.0295073$ & $-0.0207768$ & $0.00511538$ \\
CHQ3_11 & $-0.104253$ & $0.0228597$ & $0.00849748$ & $0.00643548$ & $-0.0198021$ & $-0.0577487$ & $0.0924916$ & $-0.40831$ & $-0.407334$ & $0.471042$ & $0.0373867$ & $-0.286837$ & $-0.370882$ & $0.593553$ & $-0.153272$ & $-0.143467$ & $0.770421$ & $0.796132$ & $0.791903$ & $-0.029296$ & $-0.0411349$ & $-0.0416111$ & $0.0912246$ & $0.646952$ & $1$ & $0.00179501$ & $0.205217$ & $-0.00658053$ & $-0.0167564$ & $-0.10416$ & $-0.0560721$ & $0.0708157$ & $-0.112699$ & $-0.199878$ & $-0.0232267$ & $0.0237696$ & $0.0300576$ & $-0.000398639$ & $0.0148734$ & $-0.0169321$ & $-0.00177857$ & $0.0135552$ & $-0.0146912$ & $-0.0171805$ & $0.0153225$ & $0.0312943$ & $0.00832429$ & $-0.0237891$ & $-0.00915869$ \\
CHu_11 & $-0.043746$ & $0.0321398$ & $0.00759166$ & $0.00532011$ & $-0.0138357$ & $0.114011$ & $0.0277025$ & $-0.500544$ & $-0.490517$ & $0.192761$ & $0.564366$ & $0.0372302$ & $-0.0886457$ & $-0.284218$ & $-0.198031$ & $-0.192902$ & $-0.119666$ & $0.0223958$ & $0.0200683$ & $-0.555284$ & $-0.567243$ & $-0.551721$ & $-0.673846$ & $0.196653$ & $0.00179501$ & $1$ & $-0.184153$ & $-0.195586$ & $0.00597461$ & $-0.0310201$ & $-0.0277081$ & $0.0316922$ & $-0.0312447$ & $-0.248623$ & $0.0144656$ & $0.00336663$ & $-0.00175008$ & $-0.00524635$ & $0.0120362$ & $-0.000266943$ & $0.0219012$ & $-0.00470106$ & $0.0067428$ & $0.0126741$ & $-0.00210857$ & $0.0124968$ & $-0.00658423$ & $0.04005$ & $0.00105699$ \\
CHd_11 & $-0.0319849$ & $-0.0362949$ & $0.00241852$ & $9.17339e-06$ & $0.0190735$ & $-0.0813071$ & $-0.042514$ & $0.423068$ & $0.41293$ & $-0.228048$ & $-0.29498$ & $0.0300564$ & $0.163803$ & $-0.0902023$ & $-0.393145$ & $-0.378385$ & $-0.164724$ & $-0.0040048$ & $-0.000981806$ & $0.220394$ & $0.37362$ & $0.36685$ & $0.344319$ & $-0.42731$ & $0.205217$ & $-0.184153$ & $1$ & $0.0999257$ & $0.0252896$ & $0.0417704$ & $-0.00848602$ & $-0.0450342$ & $0.0409758$ & $0.682262$ & $0.00214245$ & $-0.00391486$ & $-0.0214325$ & $0.0078972$ & $-0.0108972$ & $0.00321823$ & $0.000198555$ & $0.0188983$ & $-0.0418045$ & $0.0236198$ & $0.0173439$ & $0.00273385$ & $-0.018962$ & $0.00411908$ & $-0.0198742$ \\
CHd_33 & $0.0279685$ & $-0.0423868$ & $-0.0134287$ & $0.00733639$ & $1.48949e-05$ & $-0.073562$ & $0.0258361$ & $0.297602$ & $0.291852$ & $-0.134422$ & $-0.338533$ & $-0.0412949$ & $0.0546843$ & $0.179907$ & $0.129608$ & $0.101098$ & $0.0759132$ & $-0.0148503$ & $0.00814505$ & $0.332387$ & $0.339383$ & $0.333836$ & $0.00685083$ & $-0.015179$ & $-0.00658053$ & $-0.195586$ & $0.0999257$ & $1$ & $0.00511717$ & $0.000516098$ & $0.0125245$ & $0.01857$ & $-0.00319166$ & $0.135916$ & $-0.000984754$ & $-0.0101229$ & $0.024397$ & $0.024167$ & $-0.0115819$ & $0.0087715$ & $-0.0106454$ & $0.00587327$ & $-0.0200137$ & $-0.00260243$ & $-0.00469097$ & $-0.0284653$ & $0.0320682$ & $0.0153914$ & $-0.0286071$ \\
CeH_22r & $-0.0217127$ & $-0.00614589$ & $-0.00206051$ & $-0.0104995$ & $-0.0139853$ & $-0.0063189$ & $-0.0182441$ & $0.0217226$ & $0.0283356$ & $-0.0184938$ & $-0.00707666$ & $0.0525436$ & $0.0543817$ & $-0.0309373$ & $-0.018941$ & $-0.00888541$ & $-0.015872$ & $-0.015189$ & $-0.0254873$ & $0.00303504$ & $0.0106937$ & $0.00978433$ & $-0.000784156$ & $-0.0385146$ & $-0.0167564$ & $0.00597461$ & $0.0252896$ & $0.00511717$ & $1$ & $0.0478345$ & $0.0195202$ & $-0.0330861$ & $0.0423486$ & $0.0400086$ & $-0.0414876$ & $-0.00413201$ & $-0.0195477$ & $-0.0135599$ & $-0.0233215$ & $0.00141453$ & $-0.00560579$ & $-0.00373842$ & $0.00253094$ & $0.00944679$ & $0.0278493$ & $0.00541019$ & $0.0069324$ & $-0.0034642$ & $-0.0126847$ \\
CeH_33r & $-0.0190253$ & $0.00223774$ & $0.0408656$ & $-0.0138184$ & $0.0115391$ & $0.00244074$ & $-0.127887$ & $0.107831$ & $0.127576$ & $-0.132078$ & $-0.0579769$ & $0.338486$ & $0.288576$ & $-0.0636993$ & $0.0355121$ & $0.0304474$ & $-0.105303$ & $-0.116563$ & $-0.111482$ & $0.0608537$ & $0.0620603$ & $0.0626844$ & $0.00996224$ & $-0.117098$ & $-0.10416$ & $-0.0310201$ & $0.0417704$ & $0.000516098$ & $0.0478345$ & $1$ & $0.310493$ & $0.019717$ & $0.624876$ & $0.0562703$ & $-0.0360314$ & $-0.0500629$ & $-0.206388$ & $-0.026787$ & $-0.00668781$ & $-0.00964168$ & $0.00691612$ & $0.00347163$ & $-0.0242783$ & $-0.0100735$ & $0.0742438$ & $0.000874989$ & $0.00651098$ & $-0.0159545$ & $-0.0171019$ \\
CuH_22r & $0.00059484$ & $0.00493722$ & $0.000585729$ & $-0.00126028$ & $0.0126953$ & $0.0132674$ & $-0.0888675$ & $0.0387819$ & $0.0488059$ & $-0.0616009$ & $-0.0208351$ & $0.0987267$ & $0.100494$ & $-0.0339008$ & $0.0234796$ & $0.035005$ & $-0.0372124$ & $-0.0492073$ & $-0.0605517$ & $0.0237858$ & $0.0190155$ & $0.0159135$ & $0.0158324$ & $-0.0366866$ & $-0.0560721$ & $-0.0277081$ & $-0.00848602$ & $0.0125245$ & $0.0195202$ & $0.310493$ & $1$ & $-0.00039406$ & $0.321822$ & $0.0149918$ & $0.0215551$ & $-0.0398232$ & $-0.107844$ & $-0.0122753$ & $0.00714694$ & $-0.00707495$ & $-0.0349793$ & $-0.0215427$ & $-0.0209808$ & $0.00863353$ & $-0.00542905$ & $0.0750724$ & $0.397099$ & $0.00932346$ & $0.000312167$ \\
CuH_33r & $0.0134474$ & $0.0363155$ & $0.00861924$ & $0.0126271$ & $0.00245628$ & $0.0154223$ & $0.935835$ & $-0.0801787$ & $-0.0314314$ & $0.0801922$ & $0.042691$ & $-0.132626$ & $-0.239834$ & $0.0448022$ & $-0.0130911$ & $0.00228547$ & $0.0762287$ & $0.0805723$ & $0.0697392$ & $-0.0368401$ & $-0.0453284$ & $-0.0430072$ & $-0.0101965$ & $0.0896059$ & $0.0708157$ & $0.0316922$ & $-0.0450342$ & $0.01857$ & $-0.0330861$ & $0.019717$ & $-0.00039406$ & $1$ & $0.0276027$ & $-0.0505544$ & $0.0507804$ & $0.033163$ & $-0.0301292$ & $-0.0114408$ & $0.0280622$ & $0.00948455$ & $-0.0394564$ & $-0.0116708$ & $0.0196801$ & $-0.0385619$ & $0.00375072$ & $0.00745662$ & $0.00740174$ & $0.0319026$ & $-0.0124921$ \\
CdH_33r & $0.00972527$ & $-0.0099619$ & $0.020569$ & $-0.0105104$ & $0.0115164$ & $0.00101118$ & $-0.13747$ & $0.101097$ & $0.123435$ & $-0.142113$ & $-0.0458752$ & $0.363323$ & $0.314912$ & $-0.0739211$ & $0.0298682$ & $0.0193967$ & $-0.114809$ & $-0.124042$ & $-0.115038$ & $0.0444522$ & $0.049441$ & $0.051241$ & $0.0165333$ & $-0.128029$ & $-0.112699$ & $-0.0312447$ & $0.0409758$ & $-0.00319166$ & $0.0423486$ & $0.624876$ & $0.321822$ & $0.0276027$ & $1$ & $0.0552985$ & $-0.0425196$ & $-0.0549113$ & $-0.225277$ & $-0.0141956$ & $-0.00300457$ & $0.0135673$ & $-0.000289521$ & $-0.00497686$ & $-0.0276847$ & $0.00434553$ & $0.00528731$ & $-0.0142191$ & $-0.0222062$ & $0.164104$ & $0.496658$ \\
CLL_1221 & $-0.010262$ & $-0.0160336$ & $-0.0216305$ & $0.0120272$ & $0.0100182$ & $-0.132471$ & $-0.0506045$ & $0.562378$ & $0.55134$ & $-0.322917$ & $-0.373231$ & $0.0724282$ & $0.235859$ & $-0.206115$ & $-0.582453$ & $-0.0827113$ & $-0.248388$ & $0.0325392$ & $-0.342638$ & $0.293326$ & $0.456171$ & $0.452558$ & $0.193141$ & $-0.627748$ & $-0.199878$ & $-0.248623$ & $0.682262$ & $0.135916$ & $0.0400086$ & $0.0562703$ & $0.0149918$ & $-0.0505544$ & $0.0552985$ & $1$ & $0.00446917$ & $-0.0178388$ & $-0.0334994$ & $0.0116905$ & $-0.0224752$ & $0.0052488$ & $0.00779611$ & $0.0103371$ & $-0.0282984$ & $0.040628$ & $-0.00294872$ & $-0.0145651$ & $-0.0048259$ & $0.0159389$ & $-0.0270691$ \\
eHggint & $0.0063515$ & $0.0224097$ & $0.00398386$ & $0.0332605$ & $-0.00851835$ & $-0.0083176$ & $-0.0461135$ & $-0.00359485$ & $-0.0275708$ & $0.0511991$ & $0.0173764$ & $0.110741$ & $0.0449025$ & $-0.0363272$ & $-0.00534799$ & $-0.00717406$ & $-0.0251201$ & $-0.0225723$ & $-0.0222374$ & $-0.0166315$ & $-0.0163059$ & $-0.016716$ & $-0.00404843$ & $-0.0121363$ & $-0.0232267$ & $0.0144656$ & $0.00214245$ & $-0.000984754$ & $-0.0414876$ & $-0.0360314$ & $0.0215551$ & $0.0507804$ & $-0.0425196$ & $0.00446917$ & $1$ & $-0.0985488$ & $0.0299819$ & $0.0103559$ & $0.0241191$ & $0.00314197$ & $-0.00251822$ & $0.0200758$ & $0.0169081$ & $-0.0348915$ & $0.0199121$ & $-0.0352507$ & $0.0661424$ & $0.0273208$ & $-0.0133009$ \\
eHggpar & $0.00187873$ & $0.0302277$ & $-0.0039903$ & $0.0126569$ & $0.0111488$ & $0.025903$ & $-0.000478445$ & $-0.0177642$ & $-0.0314443$ & $0.0391261$ & $0.00607287$ & $0.0127412$ & $-0.023969$ & $0.0296045$ & $-0.00186959$ & $-0.0145726$ & $0.0122646$ & $0.0220934$ & $0.0327972$ & $-0.00535677$ & $-0.0063046$ & $-0.00403623$ & $0.00416687$ & $0.0166398$ & $0.0237696$ & $0.00336663$ & $-0.00391486$ & $-0.0101229$ & $-0.00413201$ & $-0.0500629$ & $-0.0398232$ & $0.033163$ & $-0.0549113$ & $-0.0178388$ & $-0.0985488$ & $1$ & $0.0101017$ & $-0.00448616$ & $0.0313472$ & $-0.0452818$ & $-0.0585379$ & $0.0160217$ & $-0.00681988$ & $0.02759$ & $0.00613367$ & $0.0511991$ & $-0.014526$ & $-0.0132517$ & $-0.000858594$ \\
eHWWint & $0.00229713$ & $0.00169321$ & $-0.0263106$ & $0.00439427$ & $-0.00145166$ & $0.000703769$ & $0.00895444$ & $-0.0234332$ & $-0.0351025$ & $0.01631$ & $0.00571325$ & $-0.0227723$ & $-0.0190913$ & $0.0303489$ & $0.0165048$ & $0.0132409$ & $0.0299615$ & $0.0232817$ & $0.0272311$ & $-0.00520046$ & $-0.0093985$ & $-0.00544125$ & $-0.00172519$ & $0.0414187$ & $0.0300576$ & $-0.00175008$ & $-0.0214325$ & $0.024397$ & $-0.0195477$ & $-0.206388$ & $-0.107844$ & $-0.0301292$ & $-0.225277$ & $-0.0334994$ & $0.0299819$ & $0.0101017$ & $1$ & $0.0115038$ & $0.0417303$ & $-0.00217599$ & $0.0458333$ & $-0.0347943$ & $0.033582$ & $0.008151$ & $-0.0182996$ & $-0.00951079$ & $0.0255592$ & $0.0341427$ & $-0.0217533$ \\
eHWWpar & $0.0116512$ & $0.00826746$ & $0.00276673$ & $0.043986$ & $-0.0209812$ & $-0.0130128$ & $-0.00859107$ & $0.00733348$ & $0.00162938$ & $0.00328258$ & $-0.0105109$ & $-0.00697806$ & $-0.0228854$ & $0.0144837$ & $-0.0113963$ & $-0.01509$ & $-0.000818518$ & $0.0110784$ & $0.011616$ & $0.00863986$ & $0.0119128$ & $0.00769292$ & $0.0010116$ & $0.00138436$ & $-0.000398639$ & $-0.00524635$ & $0.0078972$ & $0.024167$ & $-0.0135599$ & $-0.026787$ & $-0.0122753$ & $-0.0114408$ & $-0.0141956$ & $0.0116905$ & $0.0103559$ & $-0.00448616$ & $0.0115038$ & $1$ & $0.00329773$ & $-0.00127735$ & $-0.0130062$ & $-0.00115465$ & $-0.00857466$ & $-0.0125555$ & $-0.0234703$ & $0.00588787$ & $-0.0233846$ & $0.00225418$ & $0.0193305$ \\
eHZZint & $-0.0622524$ & $0.0225878$ & $0.0191501$ & $0.00356615$ & $-0.00949915$ & $-0.023087$ & $0.00955801$ & $-0.00717572$ & $-0.0155169$ & $0.014874$ & $0.000342709$ & $0.0078014$ & $-0.00262822$ & $-0.00213003$ & $0.0279296$ & $0.00414587$ & $0.0235335$ & $-0.00627466$ & $0.0179465$ & $0.00337439$ & $-0.000655138$ & $0.0089386$ & $-0.0138734$ & $0.0223269$ & $0.0148734$ & $0.0120362$ & $-0.0108972$ & $-0.0115819$ & $-0.0233215$ & $-0.00668781$ & $0.00714694$ & $0.0280622$ & $-0.00300457$ & $-0.0224752$ & $0.0241191$ & $0.0313472$ & $0.0417303$ & $0.00329773$ & $1$ & $0.0144402$ & $0.0146159$ & $-0.011988$ & $-0.0491056$ & $-0.0265717$ & $0.00178327$ & $-0.0151372$ & $0.0377522$ & $0.0023314$ & $0.0183808$ \\
eHZZpar & $0.00133633$ & $-0.00789519$ & $0.0173549$ & $-0.0114454$ & $0.0253854$ & $0.0281256$ & $0.00828781$ & $0.0128624$ & $0.0121917$ & $-0.020896$ & $-0.00473763$ & $-0.00726909$ & $-0.00070722$ & $-0.00478912$ & $0.00135794$ & $-0.00342325$ & $-0.0221125$ & $-0.0165637$ & $-0.0146024$ & $0.00329904$ & $0.00575842$ & $0.0014722$ & $0.000810779$ & $-0.0222955$ & $-0.0169321$ & $-0.000266943$ & $0.00321823$ & $0.0087715$ & $0.00141453$ & $-0.00964168$ & $-0.00707495$ & $0.00948455$ & $0.0135673$ & $0.0052488$ & $0.00314197$ & $-0.0452818$ & $-0.00217599$ & $-0.00127735$ & $0.0144402$ & $1$ & $-0.0124538$ & $-0.00894262$ & $-0.00162072$ & $-0.012752$ & $-0.030632$ & $-0.0415869$ & $-0.00724837$ & $0.0104394$ & $0.0299485$ \\
eHZgaint & $-0.00859079$ & $-0.00987897$ & $-0.000932867$ & $-0.00927707$ & $0.0129798$ & $-0.00223652$ & $-0.0345848$ & $-0.00251526$ & $0.0002367$ & $-0.0407192$ & $0.00580077$ & $-0.0250239$ & $-0.00227739$ & $-0.00773547$ & $-0.0117828$ & $-0.00255127$ & $-0.00552202$ & $0.00325657$ & $-0.00809258$ & $-0.00588972$ & $-0.00492764$ & $-0.00714404$ & $-0.0280316$ & $-0.00451357$ & $-0.00177857$ & $0.0219012$ & $0.000198555$ & $-0.0106454$ & $-0.00560579$ & $0.00691612$ & $-0.0349793$ & $-0.0394564$ & $-0.000289521$ & $0.00779611$ & $-0.00251822$ & $-0.0585379$ & $0.0458333$ & $-0.0130062$ & $0.0146159$ & $-0.0124538$ & $1$ & $0.0131334$ & $0.0531611$ & $0.00797612$ & $0.0169639$ & $0.0062168$ & $-0.0413019$ & $0.0413559$ & $-0.014968$ \\
eHZgapar & $-0.00924078$ & $-0.012239$ & $0.0175712$ & $0.0300949$ & $0.0134846$ & $0.0133387$ & $-0.00741293$ & $0.0158206$ & $0.0161105$ & $-0.0130805$ & $-0.0206365$ & $-0.00524104$ & $0.0015353$ & $0.0234771$ & $-0.00243732$ & $-0.0116273$ & $0.0064182$ & $0.0112735$ & $0.0208738$ & $0.0214956$ & $0.0233358$ & $0.0235827$ & $-0.00399907$ & $-0.00110532$ & $0.0135552$ & $-0.00470106$ & $0.0188983$ & $0.00587327$ & $-0.00373842$ & $0.00347163$ & $-0.0215427$ & $-0.0116708$ & $-0.00497686$ & $0.0103371$ & $0.0200758$ & $0.0160217$ & $-0.0347943$ & $-0.00115465$ & $-0.011988$ & $-0.00894262$ & $0.0131334$ & $1$ & $0.00583098$ & $-0.00659151$ & $0.000145296$ & $0.00228432$ & $-0.0351574$ & $0.00872111$ & $-0.00857159$ \\
eHgagaint & $-0.0271703$ & $0.131699$ & $0.00184724$ & $0.0463274$ & $-0.00422681$ & $0.02374$ & $0.0228254$ & $-0.0267417$ & $0.0430987$ & $-0.000500034$ & $0.0248954$ & $-0.0253249$ & $-0.0188908$ & $-0.0149808$ & $0.020451$ & $-0.000552443$ & $0.0023277$ & $-0.0131825$ & $0.00100094$ & $-0.0180942$ & $-0.0243376$ & $-0.0248437$ & $0.00112006$ & $0.00945036$ & $-0.0146912$ & $0.0067428$ & $-0.0418045$ & $-0.0200137$ & $0.00253094$ & $-0.0242783$ & $-0.0209808$ & $0.0196801$ & $-0.0276847$ & $-0.0282984$ & $0.0169081$ & $-0.00681988$ & $0.033582$ & $-0.00857466$ & $-0.0491056$ & $-0.00162072$ & $0.0531611$ & $0.00583098$ & $1$ & $-0.0073697$ & $0.00355762$ & $0.00621862$ & $-0.0207163$ & $0.0552726$ & $-0.0322313$ \\
eHmumuint & $-0.0511126$ & $0.0291311$ & $0.0454686$ & $0.0201795$ & $0.0174593$ & $-0.0173549$ & $-0.0455661$ & $0.0152605$ & $0.0111426$ & $-0.019862$ & $-0.000271758$ & $-0.00898799$ & $0.00217358$ & $-0.0238667$ & $-0.0301803$ & $0.00281595$ & $-0.0271414$ & $-0.00666434$ & $-0.0352856$ & $-0.00116517$ & $0.00543557$ & $0.00490841$ & $0.000442767$ & $-0.0221193$ & $-0.0171805$ & $0.0126741$ & $0.0236198$ & $-0.00260243$ & $0.00944679$ & $-0.0100735$ & $0.00863353$ & $-0.0385619$ & $0.00434553$ & $0.040628$ & $-0.0348915$ & $0.02759$ & $0.008151$ & $-0.0125555$ & $-0.0265717$ & $-0.012752$ & $0.00797612$ & $-0.00659151$ & $-0.0073697$ & $1$ & $-0.00310655$ & $0.00777729$ & $0.015182$ & $0.00331352$ & $0.00321859$ \\
eHtautauint & $0.00930765$ & $0.0697247$ & $0.0247085$ & $-0.0242191$ & $0.00536295$ & $0.013704$ & $0.000527587$ & $-0.0178853$ & $-0.0198687$ & $0.0217969$ & $0.0211684$ & $0.0174096$ & $0.00583769$ & $-0.0103211$ & $-0.00769474$ & $-0.00185104$ & $-0.00721603$ & $0.000526992$ & $-0.00233323$ & $-0.0173643$ & $-0.0173768$ & $-0.0145592$ & $0.0268848$ & $0.00785742$ & $0.0153225$ & $-0.00210857$ & $0.0173439$ & $-0.00469097$ & $0.0278493$ & $0.0742438$ & $-0.00542905$ & $0.00375072$ & $0.00528731$ & $-0.00294872$ & $0.0199121$ & $0.00613367$ & $-0.0182996$ & $-0.0234703$ & $0.00178327$ & $-0.030632$ & $0.0169639$ & $0.000145296$ & $0.00355762$ & $-0.00310655$ & $1$ & $-0.00166205$ & $-0.00202661$ & $0.0131826$ & $0.00235736$ \\
eHccint & $-0.0171254$ & $-0.0164019$ & $-0.0362888$ & $0.0226386$ & $0.00150997$ & $0.000861914$ & $0.00737375$ & $-0.030397$ & $-0.0287891$ & $0.00291498$ & $0.0234778$ & $-0.0453001$ & $-0.0462768$ & $-0.00407775$ & $-0.00942867$ & $-0.00801503$ & $0.0206048$ & $0.0207158$ & $0.0184088$ & $-0.022416$ & $-0.0249843$ & $-0.0229064$ & $0.00253688$ & $0.030257$ & $0.0312943$ & $0.0124968$ & $0.00273385$ & $-0.0284653$ & $0.00541019$ & $0.000874989$ & $0.0750724$ & $0.00745662$ & $-0.0142191$ & $-0.0145651$ & $-0.0352507$ & $0.0511991$ & $-0.00951079$ & $0.00588787$ & $-0.0151372$ & $-0.0415869$ & $0.0062168$ & $0.00228432$ & $0.00621862$ & $0.00777729$ & $-0.00166205$ & $1$ & $-0.0167828$ & $0.0100756$ & $-0.017821$ \\
eHccpar & $-0.00188188$ & $0.0137433$ & $0.0111546$ & $-0.0206499$ & $0.010358$ & $-0.0070853$ & $-0.00686189$ & $-0.00282033$ & $-0.00745649$ & $-0.0160385$ & $-0.010564$ & $-0.0309218$ & $-0.0258174$ & $0.011055$ & $0.012959$ & $0.0379594$ & $0.030364$ & $0.018258$ & $-0.00623997$ & $0.013314$ & $0.00612334$ & $0.00328181$ & $0.00327381$ & $0.0295073$ & $0.00832429$ & $-0.00658423$ & $-0.018962$ & $0.0320682$ & $0.0069324$ & $0.00651098$ & $0.397099$ & $0.00740174$ & $-0.0222062$ & $-0.0048259$ & $0.0661424$ & $-0.014526$ & $0.0255592$ & $-0.0233846$ & $0.0377522$ & $-0.00724837$ & $-0.0413019$ & $-0.0351574$ & $-0.0207163$ & $0.015182$ & $-0.00202661$ & $-0.0167828$ & $1$ & $0.000388005$ & $-0.0334518$ \\
eHbbint & $0.0443328$ & $0.0366465$ & $0.00112715$ & $-0.00131285$ & $0.00460977$ & $0.012827$ & $0.0279532$ & $-0.0121767$ & $-0.00928523$ & $-0.0101494$ & $0.0274758$ & $0.00939586$ & $0.0169291$ & $-0.039714$ & $-0.021641$ & $-0.00465505$ & $-0.0231238$ & $-0.015704$ & $-0.02677$ & $-0.0305637$ & $-0.02582$ & $-0.0206513$ & $-0.0227253$ & $-0.0207768$ & $-0.0237891$ & $0.04005$ & $0.00411908$ & $0.0153914$ & $-0.0034642$ & $-0.0159545$ & $0.00932346$ & $0.0319026$ & $0.164104$ & $0.0159389$ & $0.0273208$ & $-0.0132517$ & $0.0341427$ & $0.00225418$ & $0.0023314$ & $0.0104394$ & $0.0413559$ & $0.00872111$ & $0.0552726$ & $0.00331352$ & $0.0131826$ & $0.0100756$ & $0.000388005$ & $1$ & $0.00894845$ \\
eHbbpar & $0.0382309$ & $-0.00504164$ & $-0.0213803$ & $0.00208533$ & $-0.0091272$ & $0.0172269$ & $-0.0142745$ & $-0.0304953$ & $-0.0291788$ & $-0.0155246$ & $0.0355104$ & $-0.0112555$ & $0.0019316$ & $-0.0103178$ & $-0.00234619$ & $-0.0113618$ & $-0.0169247$ & $-0.00844137$ & $0.00072334$ & $-0.0383824$ & $-0.0376232$ & $-0.0313004$ & $0.0121866$ & $0.00511538$ & $-0.00915869$ & $0.00105699$ & $-0.0198742$ & $-0.0286071$ & $-0.0126847$ & $-0.0171019$ & $0.000312167$ & $-0.0124921$ & $0.496658$ & $-0.0270691$ & $-0.0133009$ & $-0.000858594$ & $-0.0217533$ & $0.0193305$ & $0.0183808$ & $0.0299485$ & $-0.014968$ & $-0.00857159$ & $-0.0322313$ & $0.00321859$ & $0.00235736$ & $-0.017821$ & $-0.0334518$ & $0.00894845$ & $1$ \\
