 & AlsMz & dAle5Mz & mtop & mHl & Mz & CW & CHG & CHWB & CHWHB_gaga & CHWHB_gagaorth & CHD & CHbox & CH & CHL1_11 & CHL1_22 & CHL1_33 & CHL3_11 & CHL3_22 & CHL3_33 & CHe_11 & CHe_22 & CHe_33 & CHQ1_11 & CHQ1_33 & CHQ3_11 & CHu_11 & CHd_11 & CHd_33 & CeH_22r & CeH_33r & CuH_22r & CuH_33r & CdH_33r & CLL_1221 & eHggint & eHggpar & eHWWint & eHWWpar & eHZZint & eHZZpar & eHZgaint & eHZgapar & eHgagaint & eHmumuint & eHtautauint & eHccint & eHccpar & eHbbint & eHbbpar \\
AlsMz & $1$ & $0.0190579$ & $-0.0287255$ & $0.065865$ & $-0.0147922$ & $-0.0195843$ & $0.0116153$ & $-0.0229466$ & $-0.0235718$ & $0.0105346$ & $0.0100429$ & $-0.00152441$ & $-0.0118926$ & $0.00405826$ & $0.0107279$ & $-0.0185349$ & $0.00978961$ & $0.00079225$ & $0.0252893$ & $-0.0187314$ & $-0.0186486$ & $-0.0161522$ & $-0.0338522$ & $-0.0367355$ & $-0.0962931$ & $-0.00419555$ & $-0.0413635$ & $0.00114696$ & $-0.00760978$ & $-0.00647777$ & $-0.0102088$ & $-0.00501369$ & $0.0040246$ & $-0.0276591$ & $-0.0906091$ & $0.00926078$ & $0.0690476$ & $0.0320433$ & $0.0706577$ & $-0.00243351$ & $0.0509983$ & $0.00801718$ & $-0.0187855$ & $-0.175421$ & $-0.0274958$ & $0.000632371$ & $0.0202192$ & $-0.1402$ & $0.114099$ \\
dAle5Mz & $0.0190579$ & $1$ & $0.023506$ & $0.0758835$ & $-0.0397006$ & $-0.000990436$ & $0.0404905$ & $-0.0788078$ & $-0.0844614$ & $0.0207411$ & $0.0545475$ & $-0.00229568$ & $-0.0315888$ & $-0.0107903$ & $0.00423048$ & $-0.0053758$ & $0.02922$ & $0.0139513$ & $0.0236514$ & $-0.0284458$ & $-0.0323478$ & $-0.0256321$ & $-0.0180879$ & $0.0310464$ & $0.0194023$ & $0.0435371$ & $-0.0182132$ & $-0.0078785$ & $-0.015956$ & $-0.0171203$ & $-0.0317778$ & $0.0459901$ & $-0.0451541$ & $-0.00209103$ & $0.032448$ & $0.0358961$ & $0.0042508$ & $-0.0379486$ & $0.00994173$ & $-0.0189737$ & $0.0116442$ & $0.00871545$ & $-0.149534$ & $-0.0238238$ & $-0.0266441$ & $0.00139743$ & $-0.0427841$ & $-0.0221175$ & $-0.056606$ \\
mtop & $-0.0287255$ & $0.023506$ & $1$ & $-0.0141939$ & $-0.0207965$ & $0.00219019$ & $0.0337138$ & $-0.0158694$ & $-0.0100735$ & $0.0188973$ & $0.0197353$ & $-0.0245559$ & $-0.0382491$ & $0.000226139$ & $-0.0271286$ & $-0.00743682$ & $0.011596$ & $0.0240008$ & $0.00695744$ & $-0.0148627$ & $-0.0122392$ & $-0.0110464$ & $-0.0140165$ & $0.0234232$ & $0.0105661$ & $0.0196636$ & $0.000176664$ & $0.0104927$ & $0.00459873$ & $-0.027248$ & $-0.0382041$ & $0.0211339$ & $0.00112548$ & $0.0149063$ & $-0.124315$ & $0.113559$ & $0.123656$ & $-0.00728841$ & $-0.143539$ & $0.0164681$ & $0.073753$ & $0.00793636$ & $0.0416436$ & $-0.0625977$ & $0.00709287$ & $-0.115734$ & $-0.0528061$ & $0.00756059$ & $0.0717872$ \\
mHl & $0.065865$ & $0.0758835$ & $-0.0141939$ & $1$ & $0.023113$ & $-0.0193761$ & $0.0303075$ & $-0.0471824$ & $-0.0492216$ & $0.0194035$ & $0.0447191$ & $0.00497668$ & $-0.00513088$ & $-0.0290172$ & $-0.0200197$ & $-0.0222663$ & $0.0206852$ & $0.0146961$ & $0.0164776$ & $-0.0444048$ & $-0.0419324$ & $-0.0422343$ & $-0.00196137$ & $0.0218397$ & $0.00925358$ & $0.0300365$ & $-0.008704$ & $-0.0104645$ & $0.00656029$ & $-0.0251841$ & $-0.0177358$ & $0.0331639$ & $0.0414592$ & $-0.00821347$ & $-0.019574$ & $0.078364$ & $0.0749934$ & $0.0176201$ & $0.0269673$ & $-0.00354371$ & $-0.0349043$ & $-0.0028049$ & $0.0195414$ & $-0.0423261$ & $-0.0034608$ & $-0.0166921$ & $0.00275735$ & $0.174685$ & $0.0721197$ \\
Mz & $-0.0147922$ & $-0.0397006$ & $-0.0207965$ & $0.023113$ & $1$ & $-0.007209$ & $-0.0114916$ & $0.0131951$ & $0.0115012$ & $-0.0165965$ & $-0.002818$ & $-0.0199492$ & $-0.0106778$ & $0.00683023$ & $0.00613876$ & $0.0116266$ & $-0.00770817$ & $-0.00820145$ & $-0.00817909$ & $0.00921809$ & $0.011267$ & $0.014575$ & $0.00461562$ & $-0.00265029$ & $-0.00364607$ & $-0.00502368$ & $0.00971321$ & $-0.00100615$ & $-0.00528687$ & $0.00861991$ & $0.000485349$ & $-0.00604474$ & $0.0242115$ & $-0.000683259$ & $-0.000193624$ & $-0.00946951$ & $0.0368907$ & $-0.00136704$ & $0.00848783$ & $-0.00280619$ & $0.00750139$ & $-0.00939709$ & $-0.0120334$ & $-0.0111386$ & $0.0285909$ & $0.0153353$ & $-0.00901857$ & $0.00858924$ & $0.0328929$ \\
CW & $-0.0195843$ & $-0.000990436$ & $0.00219019$ & $-0.0193761$ & $-0.007209$ & $1$ & $-0.0114686$ & $-0.121463$ & $-0.120562$ & $0.0115542$ & $0.18191$ & $0.0630341$ & $0.0144699$ & $0.014826$ & $-0.07909$ & $-0.0765594$ & $-0.252348$ & $-0.0487484$ & $-0.0498065$ & $-0.178551$ & $-0.183922$ & $-0.178759$ & $0.0151675$ & $0.00490001$ & $-0.079496$ & $0.0897248$ & $-0.0696708$ & $-0.0587653$ & $0.00794243$ & $0.0159981$ & $0.0170244$ & $-0.0105715$ & $0.0217399$ & $-0.117752$ & $0.00615106$ & $-0.00532855$ & $0.0038654$ & $0.00314071$ & $0.00884351$ & $0.0135643$ & $-0.00642264$ & $-0.0103093$ & $-0.00848677$ & $-0.00368849$ & $0.017408$ & $0.000514426$ & $-0.00162429$ & $0.024425$ & $0.0141815$ \\
CHG & $0.0116153$ & $0.0404905$ & $0.0337138$ & $0.0303075$ & $-0.0114916$ & $-0.0114686$ & $1$ & $-0.10684$ & $-0.0545557$ & $0.0827687$ & $0.0594025$ & $-0.136261$ & $-0.293603$ & $0.0569338$ & $-0.0380001$ & $-0.0183986$ & $0.0956416$ & $0.112855$ & $0.0991123$ & $-0.0573409$ & $-0.0616315$ & $-0.0620942$ & $-0.0340392$ & $0.109172$ & $0.10456$ & $0.0502215$ & $-0.037704$ & $-0.0202485$ & $0.016105$ & $-0.134202$ & $-0.0910254$ & $0.93738$ & $-0.180232$ & $-0.0516028$ & $-0.0342266$ & $-0.015822$ & $0.01742$ & $-0.0158631$ & $-0.00634745$ & $-0.00959493$ & $-0.00234166$ & $-0.0168454$ & $-0.0220992$ & $-0.0308282$ & $-0.0263526$ & $0.023615$ & $-0.0128486$ & $-0.0339211$ & $-0.0147574$ \\
CHWB & $-0.0229466$ & $-0.0788078$ & $-0.0158694$ & $-0.0471824$ & $0.0131951$ & $-0.121463$ & $-0.10684$ & $1$ & $0.981493$ & $-0.57922$ & $-0.877063$ & $-0.0803069$ & $0.365039$ & $0.0913514$ & $0.303288$ & $0.290139$ & $-0.259679$ & $-0.444916$ & $-0.435401$ & $0.84822$ & $0.893865$ & $0.875458$ & $0.0625556$ & $-0.683558$ & $-0.414205$ & $-0.509626$ & $0.422941$ & $0.299153$ & $0.00207861$ & $0.122187$ & $0.0642581$ & $-0.098589$ & $0.127313$ & $0.56468$ & $-0.00103154$ & $0.00581799$ & $0.00724433$ & $-0.00904259$ & $0.00580115$ & $-0.026056$ & $0.00207489$ & $-0.00249329$ & $0.0135377$ & $0.0130804$ & $-0.0219122$ & $0.0149487$ & $-0.00687193$ & $-0.0240205$ & $-0.00211263$ \\
CHWHB_gaga & $-0.0235718$ & $-0.0844614$ & $-0.0100735$ & $-0.0492216$ & $0.0115012$ & $-0.120562$ & $-0.0545557$ & $0.981493$ & $1$ & $-0.569805$ & $-0.856891$ & $-0.0670869$ & $0.356366$ & $0.0818921$ & $0.296667$ & $0.284062$ & $-0.263297$ & $-0.443066$ & $-0.434301$ & $0.82861$ & $0.873188$ & $0.855258$ & $0.0631533$ & $-0.674628$ & $-0.412063$ & $-0.498973$ & $0.415937$ & $0.293759$ & $0.00950492$ & $0.143163$ & $0.0741098$ & $-0.0566362$ & $0.14814$ & $0.554192$ & $-0.0371001$ & $-0.00415504$ & $-0.00834348$ & $-0.0116694$ & $-0.0092068$ & $-0.0311704$ & $-0.00714614$ & $-0.000156819$ & $0.0905795$ & $0.00442369$ & $-0.0278003$ & $0.0182998$ & $-0.00448531$ & $-0.0240668$ & $-0.0077624$ \\
CHWHB_gagaorth & $0.0105346$ & $0.0207411$ & $0.0188973$ & $0.0194035$ & $-0.0165965$ & $0.0115542$ & $0.0827687$ & $-0.57922$ & $-0.569805$ & $1$ & $0.37249$ & $0.439271$ & $-0.258958$ & $0.205318$ & $-0.144375$ & $-0.138634$ & $0.428882$ & $0.483771$ & $0.47535$ & $-0.361191$ & $-0.38769$ & $-0.382548$ & $-0.0382258$ & $0.545732$ & $0.477466$ & $0.218371$ & $-0.22661$ & $-0.132647$ & $-0.0035372$ & $-0.152228$ & $-0.0889448$ & $0.0918976$ & $-0.175676$ & $-0.344023$ & $0.053904$ & $-0.00161054$ & $-0.00497876$ & $-0.00274551$ & $-0.00461624$ & $0.015313$ & $-0.0476109$ & $0.0036986$ & $-0.0186333$ & $0.00461137$ & $0.0379637$ & $-0.0187083$ & $0.00338536$ & $0.0278696$ & $-0.0263513$ \\
CHD & $0.0100429$ & $0.0545475$ & $0.0197353$ & $0.0447191$ & $-0.002818$ & $0.18191$ & $0.0594025$ & $-0.877063$ & $-0.856891$ & $0.37249$ & $1$ & $0.206085$ & $-0.179668$ & $-0.51306$ & $-0.421623$ & $-0.402416$ & $-0.20158$ & $0.0711549$ & $0.0594792$ & $-0.990356$ & $-0.991411$ & $-0.970769$ & $-0.00991419$ & $0.317333$ & $0.0282866$ & $0.567538$ & $-0.293894$ & $-0.323993$ & $0.0082909$ & $-0.0668834$ & $-0.0307037$ & $0.0646097$ & $-0.0595323$ & $-0.368849$ & $0.00431026$ & $0.0028832$ & $-0.0150249$ & $0.00704904$ & $-0.0226405$ & $0.0277812$ & $0.00551909$ & $0.00829144$ & $-0.0123214$ & $-0.0183411$ & $0.0196618$ & $-0.018554$ & $0.016175$ & $0.0305333$ & $0.0118884$ \\
CHbox & $-0.00152441$ & $-0.00229568$ & $-0.0245559$ & $0.00497668$ & $-0.0199492$ & $0.0630341$ & $-0.136261$ & $-0.0803069$ & $-0.0670869$ & $0.439271$ & $0.206085$ & $1$ & $0.467262$ & $-0.290908$ & $-0.00820858$ & $-0.0121327$ & $-0.255609$ & $-0.221866$ & $-0.219367$ & $-0.19185$ & $-0.20955$ & $-0.206806$ & $0.0194088$ & $-0.0957274$ & $-0.207285$ & $0.112026$ & $-0.0684268$ & $-0.0553792$ & $0.0467973$ & $0.277618$ & $0.0707612$ & $-0.0417082$ & $0.326246$ & $-0.0651806$ & $0.116521$ & $0.0410693$ & $-0.00263604$ & $0.0100914$ & $-0.0163162$ & $-0.00159073$ & $-0.031822$ & $-0.00102318$ & $-0.0185504$ & $0.00966456$ & $0.0278058$ & $-0.0149293$ & $-0.00542046$ & $0.0383557$ & $-0.0244854$ \\
CH & $-0.0118926$ & $-0.0315888$ & $-0.0382491$ & $-0.00513088$ & $-0.0106778$ & $0.0144699$ & $-0.293603$ & $0.365039$ & $0.356366$ & $-0.258958$ & $-0.179668$ & $0.467262$ & $1$ & $-0.25226$ & $0.101948$ & $0.0776793$ & $-0.372875$ & $-0.412646$ & $-0.394477$ & $0.175467$ & $0.18851$ & $0.184644$ & $0.0401226$ & $-0.407147$ & $-0.395081$ & $-0.108839$ & $0.133631$ & $0.0858251$ & $0.0341037$ & $0.26391$ & $0.102177$ & $-0.235698$ & $0.335064$ & $0.209143$ & $0.0639868$ & $0.0246289$ & $0.0104642$ & $-0.00336037$ & $-0.0217737$ & $-0.0198748$ & $-0.019893$ & $-0.00941298$ & $0.0134698$ & $0.00975775$ & $0.00384338$ & $-0.00230134$ & $-0.0158141$ & $0.0439558$ & $-0.0183198$ \\
CHL1_11 & $0.00405826$ & $-0.0107903$ & $0.000226139$ & $-0.0290172$ & $0.00683023$ & $0.014826$ & $0.0569338$ & $0.0913514$ & $0.0818921$ & $0.205318$ & $-0.51306$ & $-0.290908$ & $-0.25226$ & $1$ & $0.264196$ & $0.247068$ & $0.668195$ & $0.604428$ & $0.610779$ & $0.53164$ & $0.47463$ & $0.461784$ & $-0.0734264$ & $0.469179$ & $0.60525$ & $-0.277629$ & $-0.0940165$ & $0.141668$ & $-0.0226721$ & $-0.0692009$ & $-0.0408841$ & $0.0305519$ & $-0.0875656$ & $-0.213295$ & $-0.00906574$ & $-0.0188841$ & $0.0270495$ & $0.00283073$ & $0.0321687$ & $-0.00502978$ & $-0.00442391$ & $-0.0215989$ & $0.00621676$ & $0.02331$ & $-0.00500633$ & $0.0160357$ & $-0.0184761$ & $-0.0197053$ & $-0.00526745$ \\
CHL1_22 & $0.0107279$ & $0.00423048$ & $-0.0271286$ & $-0.0200197$ & $0.00613876$ & $-0.07909$ & $-0.0380001$ & $0.303288$ & $0.296667$ & $-0.144375$ & $-0.421623$ & $-0.00820858$ & $0.101948$ & $0.264196$ & $1$ & $0.450675$ & $0.144854$ & $-0.448734$ & $-0.0458745$ & $0.486973$ & $0.339324$ & $0.328723$ & $-0.16479$ & $0.0925771$ & $-0.147182$ & $-0.202257$ & $-0.392308$ & $0.106473$ & $0.00425895$ & $0.0455027$ & $0.0187034$ & $-0.0276884$ & $0.0422306$ & $-0.584806$ & $0.0109953$ & $0.0252415$ & $-0.00966663$ & $-0.00224769$ & $0.0361193$ & $-0.0339997$ & $0.0198379$ & $0.0107572$ & $-0.0100383$ & $0.00919699$ & $-0.00625425$ & $0.0189478$ & $-0.0270361$ & $-0.0356129$ & $-0.00543405$ \\
CHL1_33 & $-0.0185349$ & $-0.0053758$ & $-0.00743682$ & $-0.0222663$ & $0.0116266$ & $-0.0765594$ & $-0.0183986$ & $0.290139$ & $0.284062$ & $-0.138634$ & $-0.402416$ & $-0.0121327$ & $0.0776793$ & $0.247068$ & $0.450675$ & $1$ & $0.140175$ & $-0.0464363$ & $-0.43688$ & $0.468256$ & $0.323369$ & $0.341996$ & $-0.159394$ & $0.0911922$ & $-0.147309$ & $-0.196738$ & $-0.395619$ & $0.118519$ & $-0.00722821$ & $0.024934$ & $0.00884075$ & $-0.0110393$ & $0.0389774$ & $-0.104227$ & $-0.00948638$ & $0.000994353$ & $-0.00795136$ & $-0.00674031$ & $0.0267043$ & $-0.0185371$ & $0.00414049$ & $-0.00408615$ & $-0.00437027$ & $0.000557488$ & $-0.0126805$ & $0.00022277$ & $-0.0260102$ & $-0.00721541$ & $-0.00270416$ \\
CHL3_11 & $0.00978961$ & $0.02922$ & $0.011596$ & $0.0206852$ & $-0.00770817$ & $-0.252348$ & $0.0956416$ & $-0.259679$ & $-0.263297$ & $0.428882$ & $-0.20158$ & $-0.255609$ & $-0.372875$ & $0.668195$ & $0.144854$ & $0.140175$ & $1$ & $0.750646$ & $0.751654$ & $0.224417$ & $0.169767$ & $0.167163$ & $-0.0742565$ & $0.686764$ & $0.786415$ & $-0.0961268$ & $-0.160953$ & $0.0421833$ & $-0.0158151$ & $-0.11446$ & $-0.0673726$ & $0.068479$ & $-0.145014$ & $-0.256856$ & $-0.00833793$ & $-0.0136074$ & $0.012788$ & $0.00447695$ & $0.0177361$ & $-0.00504079$ & $-0.0238594$ & $-0.00632241$ & $0.00147706$ & $0.00818384$ & $0.00985004$ & $-0.00342632$ & $-0.0145346$ & $-0.00707911$ & $-0.0317959$ \\
CHL3_22 & $0.00079225$ & $0.0139513$ & $0.0240008$ & $0.0146961$ & $-0.00820145$ & $-0.0487484$ & $0.112855$ & $-0.444916$ & $-0.443066$ & $0.483771$ & $0.0711549$ & $-0.221866$ & $-0.412646$ & $0.604428$ & $-0.448734$ & $-0.0464363$ & $0.750646$ & $1$ & $0.697187$ & $-0.0729804$ & $-0.066182$ & $-0.0606922$ & $0.00407534$ & $0.633179$ & $0.805932$ & $0.0378033$ & $-0.00939831$ & $-0.0294991$ & $-0.0219323$ & $-0.132956$ & $-0.0731224$ & $0.0813789$ & $-0.152379$ & $0.01868$ & $-0.0168362$ & $-0.0301288$ & $0.0198158$ & $0.00584455$ & $0.00465351$ & $0.0197752$ & $-0.0263649$ & $-0.0201222$ & $0.00806042$ & $0.00761404$ & $0.00773328$ & $-0.008852$ & $0.00160263$ & $0.0150204$ & $-0.0133886$ \\
CHL3_33 & $0.0252893$ & $0.0236514$ & $0.00695744$ & $0.0164776$ & $-0.00817909$ & $-0.0498065$ & $0.0991123$ & $-0.435401$ & $-0.434301$ & $0.47535$ & $0.0594792$ & $-0.219367$ & $-0.394477$ & $0.610779$ & $-0.0458745$ & $-0.43688$ & $0.751654$ & $0.697187$ & $1$ & $-0.0621287$ & $-0.0549317$ & $-0.0511488$ & $0.00540418$ & $0.630115$ & $0.807376$ & $0.0333903$ & $0.00158063$ & $-0.0406431$ & $-0.0104293$ & $-0.114736$ & $-0.0659364$ & $0.0696775$ & $-0.148846$ & $-0.3364$ & $-0.000309514$ & $-0.0151478$ & $0.0150851$ & $0.00720347$ & $0.0129323$ & $0.00924604$ & $-0.014532$ & $-0.00627798$ & $0.00299793$ & $0.0123715$ & $0.012252$ & $0.00299126$ & $0.00587888$ & $-0.00990024$ & $-0.0118537$ \\
CHe_11 & $-0.0187314$ & $-0.0284458$ & $-0.0148627$ & $-0.0444048$ & $0.00921809$ & $-0.178551$ & $-0.0573409$ & $0.84822$ & $0.82861$ & $-0.361191$ & $-0.990356$ & $-0.19185$ & $0.175467$ & $0.53164$ & $0.486973$ & $0.468256$ & $0.224417$ & $-0.0729804$ & $-0.0621287$ & $1$ & $0.97322$ & $0.953676$ & $-0.0127204$ & $-0.26295$ & $-0.0219715$ & $-0.55796$ & $0.218421$ & $0.318159$ & $-0.00789721$ & $0.0674652$ & $0.028969$ & $-0.0609783$ & $0.0584025$ & $0.290222$ & $-0.00222828$ & $0.00131265$ & $0.0131838$ & $-0.00946794$ & $0.0263266$ & $-0.0301504$ & $-0.00372383$ & $-0.00887364$ & $0.00772014$ & $0.0208135$ & $-0.0228044$ & $0.0183448$ & $-0.0189794$ & $-0.031087$ & $-0.0143811$ \\
CHe_22 & $-0.0186486$ & $-0.0323478$ & $-0.0122392$ & $-0.0419324$ & $0.011267$ & $-0.183922$ & $-0.0616315$ & $0.893865$ & $0.873188$ & $-0.38769$ & $-0.991411$ & $-0.20955$ & $0.18851$ & $0.47463$ & $0.339324$ & $0.323369$ & $0.169767$ & $-0.066182$ & $-0.0549317$ & $0.97322$ & $1$ & $0.976038$ & $0.0360211$ & $-0.371254$ & $-0.0334298$ & $-0.568528$ & $0.373328$ & $0.325045$ & $-0.0073191$ & $0.0696633$ & $0.0318138$ & $-0.0672861$ & $0.0598979$ & $0.453777$ & $-0.00391157$ & $-0.00183139$ & $0.0164943$ & $-0.00877637$ & $0.01621$ & $-0.0267319$ & $-0.0065863$ & $-0.00886801$ & $0.0103497$ & $0.0198992$ & $-0.02047$ & $0.0181273$ & $-0.0139962$ & $-0.0284818$ & $-0.0140988$ \\
CHe_33 & $-0.0161522$ & $-0.0256321$ & $-0.0110464$ & $-0.0422343$ & $0.014575$ & $-0.178759$ & $-0.0620942$ & $0.875458$ & $0.855258$ & $-0.382548$ & $-0.970769$ & $-0.206806$ & $0.184644$ & $0.461784$ & $0.328723$ & $0.341996$ & $0.167163$ & $-0.0606922$ & $-0.0511488$ & $0.953676$ & $0.976038$ & $1$ & $0.0373844$ & $-0.3628$ & $-0.0313257$ & $-0.556436$ & $0.367676$ & $0.319804$ & $-0.00502479$ & $0.069965$ & $0.0308723$ & $-0.0683533$ & $0.0582295$ & $0.451182$ & $-0.00236913$ & $-0.00464367$ & $0.0094441$ & $-0.0105831$ & $0.017954$ & $-0.0255031$ & $-0.00474346$ & $-0.00883915$ & $0.00950703$ & $0.0171271$ & $-0.0212504$ & $0.0113406$ & $-0.0123421$ & $-0.0311131$ & $-0.014095$ \\
CHQ1_11 & $-0.0338522$ & $-0.0180879$ & $-0.0140165$ & $-0.00196137$ & $0.00461562$ & $0.0151675$ & $-0.0340392$ & $0.0625556$ & $0.0631533$ & $-0.0382258$ & $-0.00991419$ & $0.0194088$ & $0.0401226$ & $-0.0734264$ & $-0.16479$ & $-0.159394$ & $-0.0742565$ & $0.00407534$ & $0.00540418$ & $-0.0127204$ & $0.0360211$ & $0.0373844$ & $1$ & $-0.12872$ & $0.0841796$ & $-0.673886$ & $0.341242$ & $0.0057175$ & $-0.0136419$ & $0.022744$ & $-0.0128696$ & $-0.0286825$ & $0.00284756$ & $0.187979$ & $0.0149958$ & $-0.0154481$ & $-0.00393346$ & $-0.0021258$ & $0.0173413$ & $0.0200132$ & $-0.0303578$ & $-0.00463061$ & $0.0115038$ & $0.000458517$ & $-0.00491868$ & $-0.00753859$ & $0.0230369$ & $-0.00846376$ & $-0.011845$ \\
CHQ1_33 & $-0.0367355$ & $0.0310464$ & $0.0234232$ & $0.0218397$ & $-0.00265029$ & $0.00490001$ & $0.109172$ & $-0.683558$ & $-0.674628$ & $0.545732$ & $0.317333$ & $-0.0957274$ & $-0.407147$ & $0.469179$ & $0.0925771$ & $0.0911922$ & $0.686764$ & $0.633179$ & $0.630115$ & $-0.26295$ & $-0.371254$ & $-0.3628$ & $-0.12872$ & $1$ & $0.652453$ & $0.206685$ & $-0.424533$ & $-0.0399034$ & $-0.00245773$ & $-0.127022$ & $-0.0668661$ & $0.0900049$ & $-0.144455$ & $-0.634535$ & $-0.00275727$ & $-0.00863149$ & $-0.0088004$ & $0.00594336$ & $0.00442947$ & $0.010542$ & $-0.00918419$ & $-0.0107761$ & $-0.00382922$ & $0.0133882$ & $0.0242034$ & $-0.00479305$ & $-0.00943398$ & $0.0134873$ & $-0.0197294$ \\
CHQ3_11 & $-0.0962931$ & $0.0194023$ & $0.0105661$ & $0.00925358$ & $-0.00364607$ & $-0.079496$ & $0.10456$ & $-0.414205$ & $-0.412063$ & $0.477466$ & $0.0282866$ & $-0.207285$ & $-0.395081$ & $0.60525$ & $-0.147182$ & $-0.147309$ & $0.786415$ & $0.805932$ & $0.807376$ & $-0.0219715$ & $-0.0334298$ & $-0.0313257$ & $0.0841796$ & $0.652453$ & $1$ & $0.0192704$ & $0.197779$ & $-0.0243986$ & $-0.0178061$ & $-0.125103$ & $-0.0806288$ & $0.0768003$ & $-0.152699$ & $-0.205252$ & $0.00313698$ & $-0.0225742$ & $0.0174183$ & $0.00349943$ & $0.0021783$ & $0.010537$ & $-0.01782$ & $-0.0121812$ & $-0.000584985$ & $0.0313042$ & $0.0102409$ & $-0.010151$ & $-0.00448747$ & $0.0065357$ & $-0.0276057$ \\
CHu_11 & $-0.00419555$ & $0.0435371$ & $0.0196636$ & $0.0300365$ & $-0.00502368$ & $0.0897248$ & $0.0502215$ & $-0.509626$ & $-0.498973$ & $0.218371$ & $0.567538$ & $0.112026$ & $-0.108839$ & $-0.277629$ & $-0.202257$ & $-0.196738$ & $-0.0961268$ & $0.0378033$ & $0.0333903$ & $-0.55796$ & $-0.568528$ & $-0.556436$ & $-0.673886$ & $0.206685$ & $0.0192704$ & $1$ & $-0.177034$ & $-0.184386$ & $0.0207511$ & $-0.0496782$ & $-0.00431509$ & $0.0504966$ & $-0.0270501$ & $-0.248507$ & $0.00269757$ & $0.0169307$ & $0.00363558$ & $-0.00258853$ & $-0.0184717$ & $-0.00377341$ & $0.029417$ & $-0.00426302$ & $-0.0248713$ & $0.00699403$ & $0.00114831$ & $0.00144439$ & $0.00112434$ & $0.0288807$ & $0.0167841$ \\
CHd_11 & $-0.0413635$ & $-0.0182132$ & $0.000176664$ & $-0.008704$ & $0.00971321$ & $-0.0696708$ & $-0.037704$ & $0.422941$ & $0.415937$ & $-0.22661$ & $-0.293894$ & $-0.0684268$ & $0.133631$ & $-0.0940165$ & $-0.392308$ & $-0.395619$ & $-0.160953$ & $-0.00939831$ & $0.00158063$ & $0.218421$ & $0.373328$ & $0.367676$ & $0.341242$ & $-0.424533$ & $0.197779$ & $-0.177034$ & $1$ & $0.108831$ & $0.00325273$ & $0.0382632$ & $0.0104262$ & $-0.0432322$ & $0.0295874$ & $0.682966$ & $0.00578228$ & $-0.00908905$ & $0.0198957$ & $-0.006086$ & $-0.0230211$ & $0.00103758$ & $-0.00388359$ & $-0.00868897$ & $0.000614235$ & $0.0162338$ & $-0.0110305$ & $-0.00890578$ & $0.0192404$ & $-0.00774843$ & $-0.00938785$ \\
CHd_33 & $0.00114696$ & $-0.0078785$ & $0.0104927$ & $-0.0104645$ & $-0.00100615$ & $-0.0587653$ & $-0.0202485$ & $0.299153$ & $0.293759$ & $-0.132647$ & $-0.323993$ & $-0.0553792$ & $0.0858251$ & $0.141668$ & $0.106473$ & $0.118519$ & $0.0421833$ & $-0.0294991$ & $-0.0406431$ & $0.318159$ & $0.325045$ & $0.319804$ & $0.0057175$ & $-0.0399034$ & $-0.0243986$ & $-0.184386$ & $0.108831$ & $1$ & $0.00264099$ & $0.0301333$ & $0.0148863$ & $-0.0233512$ & $0.0335651$ & $0.161167$ & $-0.0288165$ & $0.016266$ & $-0.00168138$ & $0.00450693$ & $-0.0197752$ & $-0.0144014$ & $-0.0234348$ & $0.00210819$ & $0.00440893$ & $0.00752265$ & $0.0154579$ & $0.0173803$ & $-0.0148791$ & $-0.0211025$ & $0.00375515$ \\
CeH_22r & $-0.00760978$ & $-0.015956$ & $0.00459873$ & $0.00656029$ & $-0.00528687$ & $0.00794243$ & $0.016105$ & $0.00207861$ & $0.00950492$ & $-0.0035372$ & $0.0082909$ & $0.0467973$ & $0.0341037$ & $-0.0226721$ & $0.00425895$ & $-0.00722821$ & $-0.0158151$ & $-0.0219323$ & $-0.0104293$ & $-0.00789721$ & $-0.0073191$ & $-0.00502479$ & $-0.0136419$ & $-0.00245773$ & $-0.0178061$ & $0.0207511$ & $0.00325273$ & $0.00264099$ & $1$ & $0.0417282$ & $0.031243$ & $0.00265934$ & $0.0478166$ & $-0.00199424$ & $-0.0435043$ & $-0.0105412$ & $0.00140504$ & $-0.0188531$ & $-0.00806531$ & $0.005006$ & $0.00176918$ & $-0.00997814$ & $0.00897435$ & $0.0212045$ & $-0.000333634$ & $0.00429794$ & $0.0196097$ & $0.00984229$ & $-0.00546867$ \\
CeH_33r & $-0.00647777$ & $-0.0171203$ & $-0.027248$ & $-0.0251841$ & $0.00861991$ & $0.0159981$ & $-0.134202$ & $0.122187$ & $0.143163$ & $-0.152228$ & $-0.0668834$ & $0.277618$ & $0.26391$ & $-0.0692009$ & $0.0455027$ & $0.024934$ & $-0.11446$ & $-0.132956$ & $-0.114736$ & $0.0674652$ & $0.0696633$ & $0.069965$ & $0.022744$ & $-0.127022$ & $-0.125103$ & $-0.0496782$ & $0.0382632$ & $0.0301333$ & $0.0417282$ & $1$ & $0.314424$ & $0.0112471$ & $0.641708$ & $0.0582849$ & $-0.0534806$ & $0.00463808$ & $-0.161431$ & $0.0102872$ & $-0.0144677$ & $-0.000465713$ & $0.0010046$ & $0.00961332$ & $0.0275048$ & $-0.0149396$ & $0.0741453$ & $-0.0161714$ & $-0.00878751$ & $-0.046381$ & $-0.00117219$ \\
CuH_22r & $-0.0102088$ & $-0.0317778$ & $-0.0382041$ & $-0.0177358$ & $0.000485349$ & $0.0170244$ & $-0.0910254$ & $0.0642581$ & $0.0741098$ & $-0.0889448$ & $-0.0307037$ & $0.0707612$ & $0.102177$ & $-0.0408841$ & $0.0187034$ & $0.00884075$ & $-0.0673726$ & $-0.0731224$ & $-0.0659364$ & $0.028969$ & $0.0318138$ & $0.0308723$ & $-0.0128696$ & $-0.0668661$ & $-0.0806288$ & $-0.00431509$ & $0.0104262$ & $0.0148863$ & $0.031243$ & $0.314424$ & $1$ & $-0.000210116$ & $0.354713$ & $0.0346084$ & $-0.0429704$ & $-0.00262721$ & $-0.102832$ & $-0.00827713$ & $-0.0172216$ & $-0.000869813$ & $-0.0555409$ & $0.0147249$ & $0.047832$ & $0.0513165$ & $0.00449188$ & $0.0787873$ & $0.379154$ & $-0.00671146$ & $0.00295993$ \\
CuH_33r & $-0.00501369$ & $0.0459901$ & $0.0211339$ & $0.0331639$ & $-0.00604474$ & $-0.0105715$ & $0.93738$ & $-0.098589$ & $-0.0566362$ & $0.0918976$ & $0.0646097$ & $-0.0417082$ & $-0.235698$ & $0.0305519$ & $-0.0276884$ & $-0.0110393$ & $0.068479$ & $0.0813789$ & $0.0696775$ & $-0.0609783$ & $-0.0672861$ & $-0.0683533$ & $-0.0286825$ & $0.0900049$ & $0.0768003$ & $0.0504966$ & $-0.0432322$ & $-0.0233512$ & $0.00265934$ & $0.0112471$ & $-0.000210116$ & $1$ & $-0.0159875$ & $-0.0531392$ & $0.0482179$ & $0.0194932$ & $-0.00989927$ & $-0.0168888$ & $0.0123774$ & $-0.0134144$ & $-0.00358536$ & $-0.0180089$ & $-0.0338831$ & $-0.0255241$ & $-0.020299$ & $0.0303754$ & $-0.0117157$ & $-0.0415615$ & $-0.0204846$ \\
CdH_33r & $0.0040246$ & $-0.0451541$ & $0.00112548$ & $0.0414592$ & $0.0242115$ & $0.0217399$ & $-0.180232$ & $0.127313$ & $0.14814$ & $-0.175676$ & $-0.0595323$ & $0.326246$ & $0.335064$ & $-0.0875656$ & $0.0422306$ & $0.0389774$ & $-0.145014$ & $-0.152379$ & $-0.148846$ & $0.0584025$ & $0.0598979$ & $0.0582295$ & $0.00284756$ & $-0.144455$ & $-0.152699$ & $-0.0270501$ & $0.0295874$ & $0.0335651$ & $0.0478166$ & $0.641708$ & $0.354713$ & $-0.0159875$ & $1$ & $0.0605478$ & $-0.118649$ & $0.0242903$ & $-0.123882$ & $0.00378478$ & $-0.0343869$ & $-0.00667646$ & $0.0248356$ & $0.010741$ & $0.00727962$ & $-0.0229401$ & $0.00530063$ & $0.00685063$ & $0.0245386$ & $0.106409$ & $0.445136$ \\
CLL_1221 & $-0.0276591$ & $-0.00209103$ & $0.0149063$ & $-0.00821347$ & $-0.000683259$ & $-0.117752$ & $-0.0516028$ & $0.56468$ & $0.554192$ & $-0.344023$ & $-0.368849$ & $-0.0651806$ & $0.209143$ & $-0.213295$ & $-0.584806$ & $-0.104227$ & $-0.256856$ & $0.01868$ & $-0.3364$ & $0.290222$ & $0.453777$ & $0.451182$ & $0.187979$ & $-0.634535$ & $-0.205252$ & $-0.248507$ & $0.682966$ & $0.161167$ & $-0.00199424$ & $0.0582849$ & $0.0346084$ & $-0.0531392$ & $0.0605478$ & $1$ & $-0.0103082$ & $-0.0102873$ & $0.0107915$ & $-0.00773091$ & $-0.0282847$ & $0.002589$ & $-0.0194537$ & $-0.00812904$ & $0.00953961$ & $-0.000471028$ & $-0.0130413$ & $-0.0092559$ & $0.0142901$ & $0.00996818$ & $-0.0095508$ \\
eHggint & $-0.0906091$ & $0.032448$ & $-0.124315$ & $-0.019574$ & $-0.000193624$ & $0.00615106$ & $-0.0342266$ & $-0.00103154$ & $-0.0371001$ & $0.053904$ & $0.00431026$ & $0.116521$ & $0.0639868$ & $-0.00906574$ & $0.0109953$ & $-0.00948638$ & $-0.00833793$ & $-0.0168362$ & $-0.000309514$ & $-0.00222828$ & $-0.00391157$ & $-0.00236913$ & $0.0149958$ & $-0.00275727$ & $0.00313698$ & $0.00269757$ & $0.00578228$ & $-0.0288165$ & $-0.0435043$ & $-0.0534806$ & $-0.0429704$ & $0.0482179$ & $-0.118649$ & $-0.0103082$ & $1$ & $-0.16189$ & $0.134758$ & $-0.00595622$ & $0.114558$ & $0.00411838$ & $0.0719677$ & $-0.0380665$ & $-0.191817$ & $0.0828098$ & $0.0215909$ & $0.00371287$ & $-0.0586893$ & $0.0400264$ & $-0.132673$ \\
eHggpar & $0.00926078$ & $0.0358961$ & $0.113559$ & $0.078364$ & $-0.00946951$ & $-0.00532855$ & $-0.015822$ & $0.00581799$ & $-0.00415504$ & $-0.00161054$ & $0.0028832$ & $0.0410693$ & $0.0246289$ & $-0.0188841$ & $0.0252415$ & $0.000994353$ & $-0.0136074$ & $-0.0301288$ & $-0.0151478$ & $0.00131265$ & $-0.00183139$ & $-0.00464367$ & $-0.0154481$ & $-0.00863149$ & $-0.0225742$ & $0.0169307$ & $-0.00908905$ & $0.016266$ & $-0.0105412$ & $0.00463808$ & $-0.00262721$ & $0.0194932$ & $0.0242903$ & $-0.0102873$ & $-0.16189$ & $1$ & $-0.055244$ & $-0.00562$ & $0.0211369$ & $0.0149046$ & $-0.0080611$ & $-0.0225367$ & $-0.0247233$ & $0.00804271$ & $0.0814606$ & $0.103139$ & $-0.0776501$ & $-0.0265625$ & $0.0381072$ \\
eHWWint & $0.0690476$ & $0.0042508$ & $0.123656$ & $0.0749934$ & $0.0368907$ & $0.0038654$ & $0.01742$ & $0.00724433$ & $-0.00834348$ & $-0.00497876$ & $-0.0150249$ & $-0.00263604$ & $0.0104642$ & $0.0270495$ & $-0.00966663$ & $-0.00795136$ & $0.012788$ & $0.0198158$ & $0.0150851$ & $0.0131838$ & $0.0164943$ & $0.0094441$ & $-0.00393346$ & $-0.0088004$ & $0.0174183$ & $0.00363558$ & $0.0198957$ & $-0.00168138$ & $0.00140504$ & $-0.161431$ & $-0.102832$ & $-0.00989927$ & $-0.123882$ & $0.0107915$ & $0.134758$ & $-0.055244$ & $1$ & $0.0117076$ & $0.0633844$ & $0.00826099$ & $0.0765105$ & $-0.00783844$ & $-0.0398613$ & $0.00142423$ & $0.0688286$ & $0.00509811$ & $-0.0118528$ & $0.129763$ & $0.0771615$ \\
eHWWpar & $0.0320433$ & $-0.0379486$ & $-0.00728841$ & $0.0176201$ & $-0.00136704$ & $0.00314071$ & $-0.0158631$ & $-0.00904259$ & $-0.0116694$ & $-0.00274551$ & $0.00704904$ & $0.0100914$ & $-0.00336037$ & $0.00283073$ & $-0.00224769$ & $-0.00674031$ & $0.00447695$ & $0.00584455$ & $0.00720347$ & $-0.00946794$ & $-0.00877637$ & $-0.0105831$ & $-0.0021258$ & $0.00594336$ & $0.00349943$ & $-0.00258853$ & $-0.006086$ & $0.00450693$ & $-0.0188531$ & $0.0102872$ & $-0.00827713$ & $-0.0168888$ & $0.00378478$ & $-0.00773091$ & $-0.00595622$ & $-0.00562$ & $0.0117076$ & $1$ & $0.0126737$ & $-0.0151163$ & $0.00858375$ & $-0.00578291$ & $-0.00233282$ & $0.00928954$ & $0.0169438$ & $-0.0372759$ & $0.000251996$ & $0.00514504$ & $-0.0205543$ \\
eHZZint & $0.0706577$ & $0.00994173$ & $-0.143539$ & $0.0269673$ & $0.00848783$ & $0.00884351$ & $-0.00634745$ & $0.00580115$ & $-0.0092068$ & $-0.00461624$ & $-0.0226405$ & $-0.0163162$ & $-0.0217737$ & $0.0321687$ & $0.0361193$ & $0.0267043$ & $0.0177361$ & $0.00465351$ & $0.0129323$ & $0.0263266$ & $0.01621$ & $0.017954$ & $0.0173413$ & $0.00442947$ & $0.0021783$ & $-0.0184717$ & $-0.0230211$ & $-0.0197752$ & $-0.00806531$ & $-0.0144677$ & $-0.0172216$ & $0.0123774$ & $-0.0343869$ & $-0.0282847$ & $0.114558$ & $0.0211369$ & $0.0633844$ & $0.0126737$ & $1$ & $-0.01871$ & $-0.0263137$ & $-0.00073434$ & $-0.120392$ & $-0.00741993$ & $0.117444$ & $-0.0487288$ & $0.0260307$ & $-0.0725922$ & $0.0213701$ \\
eHZZpar & $-0.00243351$ & $-0.0189737$ & $0.0164681$ & $-0.00354371$ & $-0.00280619$ & $0.0135643$ & $-0.00959493$ & $-0.026056$ & $-0.0311704$ & $0.015313$ & $0.0277812$ & $-0.00159073$ & $-0.0198748$ & $-0.00502978$ & $-0.0339997$ & $-0.0185371$ & $-0.00504079$ & $0.0197752$ & $0.00924604$ & $-0.0301504$ & $-0.0267319$ & $-0.0255031$ & $0.0200132$ & $0.010542$ & $0.010537$ & $-0.00377341$ & $0.00103758$ & $-0.0144014$ & $0.005006$ & $-0.000465713$ & $-0.000869813$ & $-0.0134144$ & $-0.00667646$ & $0.002589$ & $0.00411838$ & $0.0149046$ & $0.00826099$ & $-0.0151163$ & $-0.01871$ & $1$ & $-0.0210465$ & $0.0125163$ & $0.00451643$ & $-0.0160355$ & $0.000541126$ & $-0.0317503$ & $-0.0120514$ & $0.0134081$ & $0.0110872$ \\
eHZgaint & $0.0509983$ & $0.0116442$ & $0.073753$ & $-0.0349043$ & $0.00750139$ & $-0.00642264$ & $-0.00234166$ & $0.00207489$ & $-0.00714614$ & $-0.0476109$ & $0.00551909$ & $-0.031822$ & $-0.019893$ & $-0.00442391$ & $0.0198379$ & $0.00414049$ & $-0.0238594$ & $-0.0263649$ & $-0.014532$ & $-0.00372383$ & $-0.0065863$ & $-0.00474346$ & $-0.0303578$ & $-0.00918419$ & $-0.01782$ & $0.029417$ & $-0.00388359$ & $-0.0234348$ & $0.00176918$ & $0.0010046$ & $-0.0555409$ & $-0.00358536$ & $0.0248356$ & $-0.0194537$ & $0.0719677$ & $-0.0080611$ & $0.0765105$ & $0.00858375$ & $-0.0263137$ & $-0.0210465$ & $1$ & $0.013673$ & $-0.0656584$ & $0.10708$ & $-0.0452363$ & $0.0245242$ & $-0.107048$ & $-0.0466754$ & $0.121175$ \\
eHZgapar & $0.00801718$ & $0.00871545$ & $0.00793636$ & $-0.0028049$ & $-0.00939709$ & $-0.0103093$ & $-0.0168454$ & $-0.00249329$ & $-0.000156819$ & $0.0036986$ & $0.00829144$ & $-0.00102318$ & $-0.00941298$ & $-0.0215989$ & $0.0107572$ & $-0.00408615$ & $-0.00632241$ & $-0.0201222$ & $-0.00627798$ & $-0.00887364$ & $-0.00886801$ & $-0.00883915$ & $-0.00463061$ & $-0.0107761$ & $-0.0121812$ & $-0.00426302$ & $-0.00868897$ & $0.00210819$ & $-0.00997814$ & $0.00961332$ & $0.0147249$ & $-0.0180089$ & $0.010741$ & $-0.00812904$ & $-0.0380665$ & $-0.0225367$ & $-0.00783844$ & $-0.00578291$ & $-0.00073434$ & $0.0125163$ & $0.013673$ & $1$ & $-0.0033185$ & $-0.0158395$ & $0.00248135$ & $-0.00960297$ & $-0.0290425$ & $-0.00345286$ & $0.00829859$ \\
eHgagaint & $-0.0187855$ & $-0.149534$ & $0.0416436$ & $0.0195414$ & $-0.0120334$ & $-0.00848677$ & $-0.0220992$ & $0.0135377$ & $0.0905795$ & $-0.0186333$ & $-0.0123214$ & $-0.0185504$ & $0.0134698$ & $0.00621676$ & $-0.0100383$ & $-0.00437027$ & $0.00147706$ & $0.00806042$ & $0.00299793$ & $0.00772014$ & $0.0103497$ & $0.00950703$ & $0.0115038$ & $-0.00382922$ & $-0.000584985$ & $-0.0248713$ & $0.000614235$ & $0.00440893$ & $0.00897435$ & $0.0275048$ & $0.047832$ & $-0.0338831$ & $0.00727962$ & $0.00953961$ & $-0.191817$ & $-0.0247233$ & $-0.0398613$ & $-0.00233282$ & $-0.120392$ & $0.00451643$ & $-0.0656584$ & $-0.0033185$ & $1$ & $-0.074242$ & $-0.0296153$ & $0.0330318$ & $0.0523796$ & $0.0310559$ & $-0.087698$ \\
eHmumuint & $-0.175421$ & $-0.0238238$ & $-0.0625977$ & $-0.0423261$ & $-0.0111386$ & $-0.00368849$ & $-0.0308282$ & $0.0130804$ & $0.00442369$ & $0.00461137$ & $-0.0183411$ & $0.00966456$ & $0.00975775$ & $0.02331$ & $0.00919699$ & $0.000557488$ & $0.00818384$ & $0.00761404$ & $0.0123715$ & $0.0208135$ & $0.0198992$ & $0.0171271$ & $0.000458517$ & $0.0133882$ & $0.0313042$ & $0.00699403$ & $0.0162338$ & $0.00752265$ & $0.0212045$ & $-0.0149396$ & $0.0513165$ & $-0.0255241$ & $-0.0229401$ & $-0.000471028$ & $0.0828098$ & $0.00804271$ & $0.00142423$ & $0.00928954$ & $-0.00741993$ & $-0.0160355$ & $0.10708$ & $-0.0158395$ & $-0.074242$ & $1$ & $-0.16895$ & $0.0392731$ & $0.154749$ & $0.0336118$ & $-0.0462278$ \\
eHtautauint & $-0.0274958$ & $-0.0266441$ & $0.00709287$ & $-0.0034608$ & $0.0285909$ & $0.017408$ & $-0.0263526$ & $-0.0219122$ & $-0.0278003$ & $0.0379637$ & $0.0196618$ & $0.0278058$ & $0.00384338$ & $-0.00500633$ & $-0.00625425$ & $-0.0126805$ & $0.00985004$ & $0.00773328$ & $0.012252$ & $-0.0228044$ & $-0.02047$ & $-0.0212504$ & $-0.00491868$ & $0.0242034$ & $0.0102409$ & $0.00114831$ & $-0.0110305$ & $0.0154579$ & $-0.000333634$ & $0.0741453$ & $0.00449188$ & $-0.020299$ & $0.00530063$ & $-0.0130413$ & $0.0215909$ & $0.0814606$ & $0.0688286$ & $0.0169438$ & $0.117444$ & $0.000541126$ & $-0.0452363$ & $0.00248135$ & $-0.0296153$ & $-0.16895$ & $1$ & $0.0209753$ & $-0.0443414$ & $0.0431812$ & $-0.00497951$ \\
eHccint & $0.000632371$ & $0.00139743$ & $-0.115734$ & $-0.0166921$ & $0.0153353$ & $0.000514426$ & $0.023615$ & $0.0149487$ & $0.0182998$ & $-0.0187083$ & $-0.018554$ & $-0.0149293$ & $-0.00230134$ & $0.0160357$ & $0.0189478$ & $0.00022277$ & $-0.00342632$ & $-0.008852$ & $0.00299126$ & $0.0183448$ & $0.0181273$ & $0.0113406$ & $-0.00753859$ & $-0.00479305$ & $-0.010151$ & $0.00144439$ & $-0.00890578$ & $0.0173803$ & $0.00429794$ & $-0.0161714$ & $0.0787873$ & $0.0303754$ & $0.00685063$ & $-0.0092559$ & $0.00371287$ & $0.103139$ & $0.00509811$ & $-0.0372759$ & $-0.0487288$ & $-0.0317503$ & $0.0245242$ & $-0.00960297$ & $0.0330318$ & $0.0392731$ & $0.0209753$ & $1$ & $4.21587e-05$ & $-0.0431888$ & $0.0553145$ \\
eHccpar & $0.0202192$ & $-0.0427841$ & $-0.0528061$ & $0.00275735$ & $-0.00901857$ & $-0.00162429$ & $-0.0128486$ & $-0.00687193$ & $-0.00448531$ & $0.00338536$ & $0.016175$ & $-0.00542046$ & $-0.0158141$ & $-0.0184761$ & $-0.0270361$ & $-0.0260102$ & $-0.0145346$ & $0.00160263$ & $0.00587888$ & $-0.0189794$ & $-0.0139962$ & $-0.0123421$ & $0.0230369$ & $-0.00943398$ & $-0.00448747$ & $0.00112434$ & $0.0192404$ & $-0.0148791$ & $0.0196097$ & $-0.00878751$ & $0.379154$ & $-0.0117157$ & $0.0245386$ & $0.0142901$ & $-0.0586893$ & $-0.0776501$ & $-0.0118528$ & $0.000251996$ & $0.0260307$ & $-0.0120514$ & $-0.107048$ & $-0.0290425$ & $0.0523796$ & $0.154749$ & $-0.0443414$ & $4.21587e-05$ & $1$ & $0.0250787$ & $0.0483428$ \\
eHbbint & $-0.1402$ & $-0.0221175$ & $0.00756059$ & $0.174685$ & $0.00858924$ & $0.024425$ & $-0.0339211$ & $-0.0240205$ & $-0.0240668$ & $0.0278696$ & $0.0305333$ & $0.0383557$ & $0.0439558$ & $-0.0197053$ & $-0.0356129$ & $-0.00721541$ & $-0.00707911$ & $0.0150204$ & $-0.00990024$ & $-0.031087$ & $-0.0284818$ & $-0.0311131$ & $-0.00846376$ & $0.0134873$ & $0.0065357$ & $0.0288807$ & $-0.00774843$ & $-0.0211025$ & $0.00984229$ & $-0.046381$ & $-0.00671146$ & $-0.0415615$ & $0.106409$ & $0.00996818$ & $0.0400264$ & $-0.0265625$ & $0.129763$ & $0.00514504$ & $-0.0725922$ & $0.0134081$ & $-0.0466754$ & $-0.00345286$ & $0.0310559$ & $0.0336118$ & $0.0431812$ & $-0.0431888$ & $0.0250787$ & $1$ & $-0.0933926$ \\
eHbbpar & $0.114099$ & $-0.056606$ & $0.0717872$ & $0.0721197$ & $0.0328929$ & $0.0141815$ & $-0.0147574$ & $-0.00211263$ & $-0.0077624$ & $-0.0263513$ & $0.0118884$ & $-0.0244854$ & $-0.0183198$ & $-0.00526745$ & $-0.00543405$ & $-0.00270416$ & $-0.0317959$ & $-0.0133886$ & $-0.0118537$ & $-0.0143811$ & $-0.0140988$ & $-0.014095$ & $-0.011845$ & $-0.0197294$ & $-0.0276057$ & $0.0167841$ & $-0.00938785$ & $0.00375515$ & $-0.00546867$ & $-0.00117219$ & $0.00295993$ & $-0.0204846$ & $0.445136$ & $-0.0095508$ & $-0.132673$ & $0.0381072$ & $0.0771615$ & $-0.0205543$ & $0.0213701$ & $0.0110872$ & $0.121175$ & $0.00829859$ & $-0.087698$ & $-0.0462278$ & $-0.00497951$ & $0.0553145$ & $0.0483428$ & $-0.0933926$ & $1$ \\
