 & AlsMz & dAle5Mz & mtop & mHl & Mz & CW & CHG & CHWB & CHWHB_gaga & CHWHB_gagaorth & CHD & CHbox & CH & CHL1_11 & CHL1_22 & CHL1_33 & CHL3_11 & CHL3_22 & CHL3_33 & CHe_11 & CHe_22 & CHe_33 & CHQ1_11 & CHQ1_33 & CHQ3_11 & CHu_11 & CHd_11 & CHd_33 & CeH_22r & CeH_33r & CuH_22r & CuH_33r & CdH_33r & CLL_1221 & eHggint & eHggpar & eHWWint & eHWWpar & eHZZint & eHZZpar & eHZgaint & eHZgapar & eHgagaint & eHmumuint & eHtautauint & eHccint & eHccpar & eHbbint & eHbbpar \\
AlsMz & $1$ & $0.00772264$ & $0.00516068$ & $-0.0352585$ & $0.0299239$ & $-0.125389$ & $0.0298389$ & $-0.00236053$ & $0.0101837$ & $0.0366299$ & $-0.032964$ & $0.0154028$ & $-0.00394238$ & $0.0251008$ & $0.00694236$ & $-0.0246341$ & $0.0889773$ & $0.0432517$ & $0.0662336$ & $0.0199485$ & $0.0266942$ & $0.0168701$ & $-0.042491$ & $-0.078948$ & $-0.0702117$ & $-0.0425041$ & $-0.0308397$ & $0.0302377$ & $-0.0678823$ & $0.0241044$ & $-0.00801322$ & $0.00924466$ & $0.0632326$ & $0.0127013$ & $-0.00918813$ & $0.00843388$ & $-0.0284976$ & $-0.00731144$ & $-0.0345485$ & $-0.00627775$ & $0.0390135$ & $-0.020397$ & $-0.0520491$ & $-0.0437245$ & $-0.072662$ & $-0.113617$ & $-0.052031$ & $0.0430457$ & $0.0230038$ \\
dAle5Mz & $0.00772264$ & $1$ & $0.0171406$ & $0.054055$ & $-0.0186536$ & $0.00621668$ & $-0.0355268$ & $-0.118408$ & $-0.118918$ & $0.0865357$ & $0.0901987$ & $0.0257262$ & $0.00126782$ & $-0.051637$ & $0.0178671$ & $-0.0974804$ & $0.0647878$ & $-0.00331016$ & $0.0941321$ & $-0.0684239$ & $-0.0633926$ & $-0.0662264$ & $-0.00134671$ & $0.0470596$ & $0.041331$ & $0.0294774$ & $-0.00623438$ & $-0.00167948$ & $-0.00441272$ & $0.00855778$ & $0.0773794$ & $-0.027562$ & $0.0298674$ & $-0.0250202$ & $-0.0141662$ & $-0.0161662$ & $-0.0648477$ & $0.0257248$ & $0.0310113$ & $0.0518888$ & $-0.0610012$ & $0.0378238$ & $0.00204981$ & $0.0102934$ & $0.0406159$ & $0.0223578$ & $-0.0233456$ & $-0.00193486$ & $0.00660249$ \\
mtop & $0.00516068$ & $0.0171406$ & $1$ & $0.0443998$ & $0.00987481$ & $-0.0415607$ & $0.0139119$ & $0.00590427$ & $-0.00253292$ & $0.000668696$ & $0.0168105$ & $0.0348057$ & $-0.0168788$ & $-0.020611$ & $0.0551628$ & $-0.0120285$ & $-0.0433435$ & $-0.0666705$ & $0.00196626$ & $-0.00622942$ & $-0.0107395$ & $-0.000315967$ & $-0.0128121$ & $-0.0196577$ & $-0.0357258$ & $0.0122358$ & $-0.0172484$ & $-0.0142701$ & $-0.0408166$ & $0.0778654$ & $0.0240146$ & $0.0297857$ & $0.0380387$ & $-0.0471397$ & $-0.0140472$ & $0.0699394$ & $-0.0499635$ & $0.0191718$ & $0.0442027$ & $0.00419458$ & $-0.0211183$ & $0.0393259$ & $-0.0747612$ & $0.00142976$ & $0.0352045$ & $0.0421626$ & $0.00559707$ & $-0.0195531$ & $0.0294826$ \\
mHl & $-0.0352585$ & $0.054055$ & $0.0443998$ & $1$ & $0.00199973$ & $-0.0257756$ & $0.00327679$ & $0.0130575$ & $0.0115105$ & $-0.00220701$ & $-0.016015$ & $0.0315408$ & $-0.0378255$ & $0.0300191$ & $-0.0140804$ & $-0.0134452$ & $-0.0100682$ & $0.0135878$ & $0.0154364$ & $0.0208215$ & $0.0255922$ & $0.0124157$ & $-0.00504713$ & $-0.00692849$ & $0.0107177$ & $-0.0108205$ & $0.0101558$ & $-0.00977378$ & $0.0118153$ & $-0.0509666$ & $-0.0907603$ & $-0.00323885$ & $-0.047792$ & $0.0113776$ & $0.0203111$ & $-0.010596$ & $-0.0471222$ & $-0.0356937$ & $-0.0425364$ & $-0.00953138$ & $0.0390052$ & $0.00596086$ & $0.0380405$ & $0.0160901$ & $0.0499642$ & $0.0593557$ & $-0.107979$ & $-0.0208775$ & $-0.0320159$ \\
Mz & $0.0299239$ & $-0.0186536$ & $0.00987481$ & $0.00199973$ & $1$ & $-0.00750427$ & $-0.00423751$ & $0.0241636$ & $0.0264704$ & $0.0217084$ & $-0.0221276$ & $-0.0458757$ & $0.0608582$ & $0.0150893$ & $0.0159389$ & $0.0595555$ & $0.00641568$ & $0.00591077$ & $-0.0335598$ & $0.0315803$ & $0.0231662$ & $0.0314762$ & $0.000104207$ & $-0.00446665$ & $0.0125078$ & $-0.0354225$ & $0.00855635$ & $0.0332487$ & $-0.0293064$ & $0.0117936$ & $-0.0251246$ & $-0.0124609$ & $0.00172855$ & $0.008152$ & $0.00872563$ & $-0.0227285$ & $0.0452195$ & $0.0160247$ & $-0.0413118$ & $0.00568213$ & $-0.027099$ & $-0.0247493$ & $-0.0114484$ & $-0.0262468$ & $0.00395674$ & $0.00848331$ & $0.00332755$ & $0.0231171$ & $0.0138757$ \\
CW & $-0.125389$ & $0.00621668$ & $-0.0415607$ & $-0.0257756$ & $-0.00750427$ & $1$ & $0.0525474$ & $-0.143571$ & $-0.136331$ & $-0.028695$ & $0.214191$ & $0.0226067$ & $-0.00770691$ & $-0.000716154$ & $-0.108748$ & $-0.0882571$ & $-0.283208$ & $-0.0533252$ & $-0.0566489$ & $-0.213113$ & $-0.215602$ & $-0.206432$ & $0.0257632$ & $0.0163419$ & $-0.0981719$ & $0.107757$ & $-0.0675823$ & $-0.101488$ & $0.00235403$ & $0.0276959$ & $0.0394773$ & $0.0661787$ & $0.0269522$ & $-0.106627$ & $0.00831396$ & $0.0257929$ & $0.0213667$ & $0.0405724$ & $0.016895$ & $-0.0776031$ & $0.0689555$ & $0.0474837$ & $0.0640724$ & $0.0191769$ & $0.0457219$ & $0.0201769$ & $0.0277802$ & $-0.0375675$ & $-0.0140777$ \\
CHG & $0.0298389$ & $-0.0355268$ & $0.0139119$ & $0.00327679$ & $-0.00423751$ & $0.0525474$ & $1$ & $-0.0677441$ & $-0.0205118$ & $0.0600158$ & $0.040157$ & $0.229922$ & $-0.2602$ & $0.0385821$ & $-0.00364433$ & $-0.0399385$ & $0.0511517$ & $0.0509622$ & $0.0816405$ & $-0.0391501$ & $-0.0430283$ & $-0.0376435$ & $0.00339538$ & $0.0509506$ & $0.0464811$ & $0.0111146$ & $-0.0423322$ & $0.0481693$ & $-0.00669546$ & $-0.118296$ & $-0.0197465$ & $0.925379$ & $-0.131961$ & $-0.0543989$ & $-0.0106921$ & $0.011086$ & $0.0160047$ & $0.085071$ & $-0.0012363$ & $0.0153612$ & $0.0748064$ & $0.024404$ & $-0.0265881$ & $0.0128534$ & $0.0295686$ & $0.0390831$ & $-0.0160263$ & $-0.0246654$ & $-0.0409515$ \\
CHWB & $-0.00236053$ & $-0.118408$ & $0.00590427$ & $0.0130575$ & $0.0241636$ & $-0.143571$ & $-0.0677441$ & $1$ & $0.981473$ & $-0.554485$ & $-0.874506$ & $-0.323245$ & $0.235375$ & $0.116503$ & $0.275803$ & $0.30846$ & $-0.208415$ & $-0.391119$ & $-0.428686$ & $0.839733$ & $0.892514$ & $0.879138$ & $0.0654597$ & $-0.648946$ & $-0.364375$ & $-0.485128$ & $0.398147$ & $0.276722$ & $0.0401257$ & $0.0716701$ & $0.0394822$ & $-0.0680349$ & $0.0325275$ & $0.545031$ & $0.00989307$ & $0.00312645$ & $0.00102205$ & $-0.000946432$ & $-0.0340405$ & $0.0126265$ & $-0.0407328$ & $0.020419$ & $-0.051211$ & $0.00889891$ & $-0.0664048$ & $-0.0260908$ & $0.00692599$ & $0.00660099$ & $-0.0704379$ \\
CHWHB_gaga & $0.0101837$ & $-0.118918$ & $-0.00253292$ & $0.0115105$ & $0.0264704$ & $-0.136331$ & $-0.0205118$ & $0.981473$ & $1$ & $-0.540214$ & $-0.858622$ & $-0.306133$ & $0.229158$ & $0.114661$ & $0.275805$ & $0.308082$ & $-0.204658$ & $-0.386884$ & $-0.423633$ & $0.824877$ & $0.874961$ & $0.863465$ & $0.064322$ & $-0.639507$ & $-0.361881$ & $-0.479702$ & $0.382803$ & $0.284373$ & $0.0418482$ & $0.105953$ & $0.0547331$ & $-0.029372$ & $0.0597792$ & $0.530596$ & $-0.0123963$ & $-0.000291311$ & $-0.0131931$ & $-0.00156502$ & $-0.0273851$ & $0.0254232$ & $-0.0392426$ & $0.0137112$ & $0.0208199$ & $0.00965385$ & $-0.069055$ & $-0.0235347$ & $0.00866364$ & $0.00466702$ & $-0.0719821$ \\
CHWHB_gagaorth & $0.0366299$ & $0.0865357$ & $0.000668696$ & $-0.00220701$ & $0.0217084$ & $-0.028695$ & $0.0600158$ & $-0.554485$ & $-0.540214$ & $1$ & $0.336502$ & $0.47955$ & $-0.213245$ & $0.216799$ & $-0.11254$ & $-0.110818$ & $0.417486$ & $0.471336$ & $0.474771$ & $-0.316666$ & $-0.350262$ & $-0.347982$ & $-0.0330171$ & $0.538691$ & $0.451622$ & $0.167415$ & $-0.216737$ & $-0.0984771$ & $-0.0175133$ & $-0.152028$ & $-0.0835861$ & $0.0805705$ & $-0.0833731$ & $-0.318235$ & $0.0321637$ & $0.0120864$ & $-0.0184331$ & $-0.0371458$ & $-0.00231772$ & $0.00573523$ & $-0.00454925$ & $-0.0212288$ & $0.0132$ & $0.0392983$ & $0.0836407$ & $0.0155745$ & $-0.00877295$ & $-0.0295792$ & $0.0871606$ \\
CHD & $-0.032964$ & $0.0901987$ & $0.0168105$ & $-0.016015$ & $-0.0221276$ & $0.214191$ & $0.040157$ & $-0.874506$ & $-0.858622$ & $0.336502$ & $1$ & $0.198604$ & $-0.0853631$ & $-0.532752$ & $-0.412376$ & $-0.447626$ & $-0.255865$ & $0.0196696$ & $0.0660264$ & $-0.989357$ & $-0.990703$ & $-0.96913$ & $-0.00516466$ & $0.277391$ & $-0.0144805$ & $0.553818$ & $-0.248621$ & $-0.323862$ & $-0.0519536$ & $-0.00858091$ & $-0.0102227$ & $0.0512555$ & $0.00383314$ & $-0.341432$ & $0.00419397$ & $-0.0162062$ & $0.0206252$ & $0.020583$ & $0.0370509$ & $-0.010958$ & $0.0418299$ & $-0.0174968$ & $0.066909$ & $-0.0154413$ & $0.0722948$ & $0.018591$ & $0.00585778$ & $-0.00850774$ & $0.0645736$ \\
CHbox & $0.0154028$ & $0.0257262$ & $0.0348057$ & $0.0315408$ & $-0.0458757$ & $0.0226067$ & $0.229922$ & $-0.323245$ & $-0.306133$ & $0.47955$ & $0.198604$ & $1$ & $-0.889793$ & $0.131551$ & $-0.0404248$ & $-0.0400882$ & $0.219772$ & $0.252767$ & $0.259674$ & $-0.186278$ & $-0.212534$ & $-0.207627$ & $0.000842815$ & $0.321472$ & $0.242107$ & $0.0986706$ & $-0.147067$ & $-0.0690306$ & $-0.0304512$ & $-0.110167$ & $-0.0799975$ & $0.223074$ & $-0.107611$ & $-0.216125$ & $0.0249723$ & $0.0221907$ & $-0.0234914$ & $-0.00892689$ & $-0.020269$ & $-0.0254077$ & $0.0225062$ & $0.00100057$ & $0.0178172$ & $-0.00405555$ & $-0.0135234$ & $0.020362$ & $-0.0591503$ & $-0.0338962$ & $0.0467089$ \\
CH & $-0.00394238$ & $0.00126782$ & $-0.0168788$ & $-0.0378255$ & $0.0608582$ & $-0.00770691$ & $-0.2602$ & $0.235375$ & $0.229158$ & $-0.213245$ & $-0.0853631$ & $-0.889793$ & $1$ & $-0.215062$ & $0.0256782$ & $0.0321302$ & $-0.279361$ & $-0.289387$ & $-0.300835$ & $0.082991$ & $0.0966177$ & $0.0940241$ & $-0.00315866$ & $-0.30152$ & $-0.279717$ & $-0.0436605$ & $0.0959587$ & $0.020769$ & $0.0463664$ & $0.217551$ & $0.0990355$ & $-0.207618$ & $0.244907$ & $0.160241$ & $0.0237756$ & $-0.0089069$ & $0.0244921$ & $0.00111072$ & $0.0241629$ & $0.027538$ & $-0.0269035$ & $-0.0111341$ & $-0.000780563$ & $0.0137483$ & $0.0451788$ & $-0.00688556$ & $0.060075$ & $0.0180892$ & $-0.0193482$ \\
CHL1_11 & $0.0251008$ & $-0.051637$ & $-0.020611$ & $0.0300191$ & $0.0150893$ & $-0.000716154$ & $0.0385821$ & $0.116503$ & $0.114661$ & $0.216799$ & $-0.532752$ & $0.131551$ & $-0.215062$ & $1$ & $0.290073$ & $0.322208$ & $0.654134$ & $0.598507$ & $0.556203$ & $0.557063$ & $0.490364$ & $0.471086$ & $-0.0950011$ & $0.465217$ & $0.574917$ & $-0.281505$ & $-0.138066$ & $0.157725$ & $0.0485396$ & $-0.0736739$ & $-0.0332792$ & $0.0188237$ & $-0.0664671$ & $-0.215807$ & $-0.0261572$ & $0.0168918$ & $-0.025227$ & $-0.0428618$ & $0.00872897$ & $-0.0287676$ & $-0.00889643$ & $0.00148694$ & $-0.0555234$ & $0.0403515$ & $-0.044456$ & $0.0236901$ & $0.00105178$ & $0.0173393$ & $-0.0562811$ \\
CHL1_22 & $0.00694236$ & $0.0178671$ & $0.0551628$ & $-0.0140804$ & $0.0159389$ & $-0.108748$ & $-0.00364433$ & $0.275803$ & $0.275805$ & $-0.11254$ & $-0.412376$ & $-0.0404248$ & $0.0256782$ & $0.290073$ & $1$ & $0.434605$ & $0.190837$ & $-0.432555$ & $-0.00860134$ & $0.48656$ & $0.328316$ & $0.313425$ & $-0.173411$ & $0.137677$ & $-0.130715$ & $-0.231246$ & $-0.443616$ & $0.0665003$ & $0.0533456$ & $0.00262783$ & $0.0105503$ & $-0.00252844$ & $-0.055886$ & $-0.625485$ & $0.0689647$ & $0.0430613$ & $-0.0524401$ & $-0.0018637$ & $0.0256351$ & $-0.0101892$ & $0.0398902$ & $-0.00692113$ & $-0.0145685$ & $-0.0232923$ & $-0.0465258$ & $-0.0168329$ & $-0.0286365$ & $0.012238$ & $-0.110986$ \\
CHL1_33 & $-0.0246341$ & $-0.0974804$ & $-0.0120285$ & $-0.0134452$ & $0.0595555$ & $-0.0882571$ & $-0.0399385$ & $0.30846$ & $0.308082$ & $-0.110818$ & $-0.447626$ & $-0.0400882$ & $0.0321302$ & $0.322208$ & $0.434605$ & $1$ & $0.198436$ & $0.0260471$ & $-0.434215$ & $0.51532$ & $0.365164$ & $0.367264$ & $-0.152648$ & $0.140144$ & $-0.0811762$ & $-0.231791$ & $-0.371876$ & $0.116987$ & $0.0856849$ & $0.0834684$ & $-0.00306461$ & $-0.0185812$ & $0.058333$ & $-0.100276$ & $-0.0339585$ & $0.0633919$ & $-0.0511355$ & $-0.0352826$ & $-0.0215293$ & $0.0226502$ & $-0.0257778$ & $-0.0426$ & $-0.0237096$ & $-0.0412735$ & $-0.0461289$ & $-0.0155149$ & $-0.0582421$ & $0.0302989$ & $-0.0155876$ \\
CHL3_11 & $0.0889773$ & $0.0647878$ & $-0.0433435$ & $-0.0100682$ & $0.00641568$ & $-0.283208$ & $0.0511517$ & $-0.208415$ & $-0.204658$ & $0.417486$ & $-0.255865$ & $0.219772$ & $-0.279361$ & $0.654134$ & $0.190837$ & $0.198436$ & $1$ & $0.724505$ & $0.711671$ & $0.284472$ & $0.224391$ & $0.211267$ & $-0.0664896$ & $0.653844$ & $0.759873$ & $-0.152134$ & $-0.161615$ & $0.131024$ & $0.000229336$ & $-0.140644$ & $-0.0739278$ & $0.0261444$ & $-0.0659807$ & $-0.233766$ & $-0.0338201$ & $0.0210584$ & $-0.037091$ & $-0.0272733$ & $-0.0301645$ & $0.020852$ & $-0.0122176$ & $-0.00106721$ & $-0.0351698$ & $-0.0102565$ & $-0.00228577$ & $-0.00670176$ & $-0.040493$ & $0.00218532$ & $0.0462048$ \\
CHL3_22 & $0.0432517$ & $-0.00331016$ & $-0.0666705$ & $0.0135878$ & $0.00591077$ & $-0.0533252$ & $0.0509622$ & $-0.391119$ & $-0.386884$ & $0.471336$ & $0.0196696$ & $0.252767$ & $-0.289387$ & $0.598507$ & $-0.432555$ & $0.0260471$ & $0.724505$ & $1$ & $0.635962$ & $-0.0213075$ & $-0.0149847$ & $-0.0183491$ & $0.00515877$ & $0.590015$ & $0.786474$ & $0.015704$ & $0.0213519$ & $0.0495495$ & $-0.00795691$ & $-0.112307$ & $-0.0675401$ & $0.0331807$ & $-0.0256001$ & $0.0751778$ & $-0.075582$ & $0.00108896$ & $-0.00330113$ & $-0.0395406$ & $-0.0236195$ & $0.00149299$ & $-0.0356413$ & $-0.00481632$ & $-0.0237559$ & $0.0221482$ & $0.0140814$ & $0.0223446$ & $-0.00756201$ & $0.000143137$ & $0.0866449$ \\
CHL3_33 & $0.0662336$ & $0.0941321$ & $0.00196626$ & $0.0154364$ & $-0.0335598$ & $-0.0566489$ & $0.0816405$ & $-0.428686$ & $-0.423633$ & $0.474771$ & $0.0660264$ & $0.259674$ & $-0.300835$ & $0.556203$ & $-0.00860134$ & $-0.434215$ & $0.711671$ & $0.635962$ & $1$ & $-0.0655148$ & $-0.0570149$ & $-0.054057$ & $-0.0137902$ & $0.578827$ & $0.752338$ & $0.0350511$ & $-0.016394$ & $-0.000481184$ & $-0.0513328$ & $-0.170108$ & $-0.0486953$ & $0.0479285$ & $-0.116762$ & $-0.331887$ & $0.00692878$ & $-0.0110669$ & $-0.016734$ & $-0.011701$ & $0.0132984$ & $-0.0182973$ & $0.0226775$ & $0.0260076$ & $-0.013657$ & $0.0347193$ & $0.0241923$ & $0.0268005$ & $0.0255871$ & $-0.0179855$ & $0.00903389$ \\
CHe_11 & $0.0199485$ & $-0.0684239$ & $-0.00622942$ & $0.0208215$ & $0.0315803$ & $-0.213113$ & $-0.0391501$ & $0.839733$ & $0.824877$ & $-0.316666$ & $-0.989357$ & $-0.186278$ & $0.082991$ & $0.557063$ & $0.48656$ & $0.51532$ & $0.284472$ & $-0.0213075$ & $-0.0655148$ & $1$ & $0.970065$ & $0.947165$ & $-0.0216147$ & $-0.214862$ & $0.0267469$ & $-0.546516$ & $0.167437$ & $0.308498$ & $0.0603207$ & $0.00881906$ & $0.01021$ & $-0.0462376$ & $-0.0026107$ & $0.251005$ & $-0.000295945$ & $0.0267079$ & $-0.0302295$ & $-0.0237235$ & $-0.0321233$ & $0.0134795$ & $-0.0379317$ & $0.0138956$ & $-0.0633865$ & $0.00951687$ & $-0.0715759$ & $-0.0157311$ & $-0.0125378$ & $0.00966628$ & $-0.0621342$ \\
CHe_22 & $0.0266942$ & $-0.0633926$ & $-0.0107395$ & $0.0255922$ & $0.0231662$ & $-0.215602$ & $-0.0430283$ & $0.892514$ & $0.874961$ & $-0.350262$ & $-0.990703$ & $-0.212534$ & $0.0966177$ & $0.490364$ & $0.328316$ & $0.365164$ & $0.224391$ & $-0.0149847$ & $-0.0570149$ & $0.970065$ & $1$ & $0.976414$ & $0.0307941$ & $-0.336167$ & $0.0110068$ & $-0.548617$ & $0.33251$ & $0.327108$ & $0.0434144$ & $0.00580284$ & $0.0141586$ & $-0.0544654$ & $0.00100737$ & $0.429811$ & $-0.00827327$ & $0.0106456$ & $-0.0163281$ & $-0.0186054$ & $-0.042977$ & $0.0126383$ & $-0.0449139$ & $0.0240778$ & $-0.0705408$ & $0.0152351$ & $-0.0651098$ & $-0.0135144$ & $-0.00125939$ & $0.00197391$ & $-0.0530302$ \\
CHe_33 & $0.0168701$ & $-0.0662264$ & $-0.000315967$ & $0.0124157$ & $0.0314762$ & $-0.206432$ & $-0.0376435$ & $0.879138$ & $0.863465$ & $-0.347982$ & $-0.96913$ & $-0.207627$ & $0.0940241$ & $0.471086$ & $0.313425$ & $0.367264$ & $0.211267$ & $-0.0183491$ & $-0.054057$ & $0.947165$ & $0.976414$ & $1$ & $0.0351586$ & $-0.34041$ & $0.00983661$ & $-0.534662$ & $0.338849$ & $0.326474$ & $0.0308468$ & $0.0117933$ & $0.0137921$ & $-0.0504329$ & $-0.00271638$ & $0.434282$ & $-0.0043274$ & $0.0113381$ & $-0.0152512$ & $-0.0147428$ & $-0.0354389$ & $0.010652$ & $-0.0491732$ & $0.0250066$ & $-0.0646413$ & $0.0198568$ & $-0.0676127$ & $-0.0250456$ & $-0.00588807$ & $0.00617124$ & $-0.0647291$ \\
CHQ1_11 & $-0.042491$ & $-0.00134671$ & $-0.0128121$ & $-0.00504713$ & $0.000104207$ & $0.0257632$ & $0.00339538$ & $0.0654597$ & $0.064322$ & $-0.0330171$ & $-0.00516466$ & $0.000842815$ & $-0.00315866$ & $-0.0950011$ & $-0.173411$ & $-0.152648$ & $-0.0664896$ & $0.00515877$ & $-0.0137902$ & $-0.0216147$ & $0.0307941$ & $0.0351586$ & $1$ & $-0.126542$ & $0.0843178$ & $-0.667541$ & $0.34269$ & $0.0103966$ & $-0.0436465$ & $-0.0270314$ & $-0.0509087$ & $-0.0129482$ & $-0.0274816$ & $0.209354$ & $-0.0427091$ & $-0.0434334$ & $0.0695417$ & $0.0252312$ & $-0.0117303$ & $-0.0440202$ & $-0.0422427$ & $-0.0504209$ & $-0.0207929$ & $0.0459848$ & $0.003818$ & $-0.00269146$ & $-0.0299462$ & $-0.00127673$ & $-0.0237112$ \\
CHQ1_33 & $-0.078948$ & $0.0470596$ & $-0.0196577$ & $-0.00692849$ & $-0.00446665$ & $0.0163419$ & $0.0509506$ & $-0.648946$ & $-0.639507$ & $0.538691$ & $0.277391$ & $0.321472$ & $-0.30152$ & $0.465217$ & $0.137677$ & $0.140144$ & $0.653844$ & $0.590015$ & $0.578827$ & $-0.214862$ & $-0.336167$ & $-0.34041$ & $-0.126542$ & $1$ & $0.611826$ & $0.144527$ & $-0.417983$ & $0.00440804$ & $-0.00294312$ & $-0.102274$ & $-0.0546136$ & $0.0458326$ & $-0.0740711$ & $-0.615225$ & $-0.0157427$ & $-0.00068314$ & $-0.0332132$ & $-0.0295632$ & $0.0331237$ & $0.00502609$ & $0.0593701$ & $-0.0115796$ & $0.0329912$ & $-0.0183032$ & $0.0309903$ & $0.0176839$ & $-0.0129136$ & $-0.00737746$ & $0.0157591$ \\
CHQ3_11 & $-0.0702117$ & $0.041331$ & $-0.0357258$ & $0.0107177$ & $0.0125078$ & $-0.0981719$ & $0.0464811$ & $-0.364375$ & $-0.361881$ & $0.451622$ & $-0.0144805$ & $0.242107$ & $-0.279717$ & $0.574917$ & $-0.130715$ & $-0.0811762$ & $0.759873$ & $0.786474$ & $0.752338$ & $0.0267469$ & $0.0110068$ & $0.00983661$ & $0.0843178$ & $0.611826$ & $1$ & $-0.000651607$ & $0.236796$ & $0.0517812$ & $-0.0035319$ & $-0.143291$ & $-0.044708$ & $0.032779$ & $-0.0495496$ & $-0.149926$ & $-0.03943$ & $0.00908852$ & $-0.0195983$ & $-0.0216807$ & $-0.0319929$ & $0.00448441$ & $-0.0263828$ & $-0.015894$ & $-0.0397225$ & $0.0352541$ & $0.0015453$ & $0.0105513$ & $0.016504$ & $-0.00689189$ & $0.0673144$ \\
CHu_11 & $-0.0425041$ & $0.0294774$ & $0.0122358$ & $-0.0108205$ & $-0.0354225$ & $0.107757$ & $0.0111146$ & $-0.485128$ & $-0.479702$ & $0.167415$ & $0.553818$ & $0.0986706$ & $-0.0436605$ & $-0.281505$ & $-0.231246$ & $-0.231791$ & $-0.152134$ & $0.015704$ & $0.0350511$ & $-0.546516$ & $-0.548617$ & $-0.534662$ & $-0.667541$ & $0.144527$ & $-0.000651607$ & $1$ & $-0.113885$ & $-0.220245$ & $-0.00515526$ & $0.0107387$ & $0.0386003$ & $0.0242365$ & $0.0342659$ & $-0.19602$ & $0.0554392$ & $-0.0102546$ & $-0.0342347$ & $0.0111849$ & $0.0234378$ & $0.0239649$ & $0.0266287$ & $-0.00293923$ & $0.0409797$ & $-0.018604$ & $0.03083$ & $0.00735325$ & $0.050333$ & $-0.0163263$ & $0.0825901$ \\
CHd_11 & $-0.0308397$ & $-0.00623438$ & $-0.0172484$ & $0.0101558$ & $0.00855635$ & $-0.0675823$ & $-0.0423322$ & $0.398147$ & $0.382803$ & $-0.216737$ & $-0.248621$ & $-0.147067$ & $0.0959587$ & $-0.138066$ & $-0.443616$ & $-0.371876$ & $-0.161615$ & $0.0213519$ & $-0.016394$ & $0.167437$ & $0.33251$ & $0.338849$ & $0.34269$ & $-0.417983$ & $0.236796$ & $-0.113885$ & $1$ & $0.117047$ & $-0.0407783$ & $-0.0122334$ & $0.0333857$ & $-0.0461985$ & $0.0375337$ & $0.70163$ & $-0.00910509$ & $-0.0503047$ & $0.0257687$ & $0.0221406$ & $-0.0545059$ & $0.0217173$ & $-0.0535708$ & $-1.97562e-05$ & $-0.0471988$ & $0.0395603$ & $-0.0225533$ & $-0.0320477$ & $0.0614367$ & $-0.0182975$ & $0.0408809$ \\
CHd_33 & $0.0302377$ & $-0.00167948$ & $-0.0142701$ & $-0.00977378$ & $0.0332487$ & $-0.101488$ & $0.0481693$ & $0.276722$ & $0.284373$ & $-0.0984771$ & $-0.323862$ & $-0.0690306$ & $0.020769$ & $0.157725$ & $0.0665003$ & $0.116987$ & $0.131024$ & $0.0495495$ & $-0.000481184$ & $0.308498$ & $0.327108$ & $0.326474$ & $0.0103966$ & $0.00440804$ & $0.0517812$ & $-0.220245$ & $0.117047$ & $1$ & $-0.00207427$ & $-0.0175751$ & $-0.0243719$ & $0.0259669$ & $-0.00864778$ & $0.182839$ & $-0.0667065$ & $0.00570993$ & $0.00147739$ & $0.0111142$ & $-0.00176152$ & $0.0135904$ & $0.0284565$ & $0.0285127$ & $0.0505636$ & $0.0318361$ & $-0.0306907$ & $-0.0122342$ & $-0.0369932$ & $-0.00558051$ & $-0.0258084$ \\
CeH_22r & $-0.0678823$ & $-0.00441272$ & $-0.0408166$ & $0.0118153$ & $-0.0293064$ & $0.00235403$ & $-0.00669546$ & $0.0401257$ & $0.0418482$ & $-0.0175133$ & $-0.0519536$ & $-0.0304512$ & $0.0463664$ & $0.0485396$ & $0.0533456$ & $0.0856849$ & $0.000229336$ & $-0.00795691$ & $-0.0513328$ & $0.0603207$ & $0.0434144$ & $0.0308468$ & $-0.0436465$ & $-0.00294312$ & $-0.0035319$ & $-0.00515526$ & $-0.0407783$ & $-0.00207427$ & $1$ & $0.0767044$ & $0.0309915$ & $0.00549655$ & $0.0755185$ & $-0.0208868$ & $-0.0843204$ & $0.0553162$ & $-0.0108809$ & $-0.0266326$ & $0.012486$ & $-0.0121447$ & $-0.0367201$ & $-0.0235956$ & $-0.052914$ & $0.0150651$ & $-0.0332488$ & $0.0524481$ & $-0.0257334$ & $-0.0684154$ & $0.0126135$ \\
CeH_33r & $0.0241044$ & $0.00855778$ & $0.0778654$ & $-0.0509666$ & $0.0117936$ & $0.0276959$ & $-0.118296$ & $0.0716701$ & $0.105953$ & $-0.152028$ & $-0.00858091$ & $-0.110167$ & $0.217551$ & $-0.0736739$ & $0.00262783$ & $0.0834684$ & $-0.140644$ & $-0.112307$ & $-0.170108$ & $0.00881906$ & $0.00580284$ & $0.0117933$ & $-0.0270314$ & $-0.102274$ & $-0.143291$ & $0.0107387$ & $-0.0122334$ & $-0.0175751$ & $0.0767044$ & $1$ & $0.277269$ & $0.0318378$ & $0.625494$ & $0.0460883$ & $-0.0692133$ & $-0.0292459$ & $-0.139654$ & $-0.0134388$ & $0.00726679$ & $0.00904555$ & $-0.0476371$ & $0.000642667$ & $0.059454$ & $-0.0234618$ & $0.0524282$ & $0.100158$ & $0.0125469$ & $-0.00775249$ & $-0.00480242$ \\
CuH_22r & $-0.00801322$ & $0.0773794$ & $0.0240146$ & $-0.0907603$ & $-0.0251246$ & $0.0394773$ & $-0.0197465$ & $0.0394822$ & $0.0547331$ & $-0.0835861$ & $-0.0102227$ & $-0.0799975$ & $0.0990355$ & $-0.0332792$ & $0.0105503$ & $-0.00306461$ & $-0.0739278$ & $-0.0675401$ & $-0.0486953$ & $0.01021$ & $0.0141586$ & $0.0137921$ & $-0.0509087$ & $-0.0546136$ & $-0.044708$ & $0.0386003$ & $0.0333857$ & $-0.0243719$ & $0.0309915$ & $0.277269$ & $1$ & $0.0495393$ & $0.268258$ & $0.0141239$ & $-0.0566127$ & $-0.0413232$ & $-0.0511667$ & $0.0225522$ & $0.0321517$ & $0.0648551$ & $4.78912e-05$ & $-0.0392186$ & $0.000976088$ & $-0.0330206$ & $-0.0281647$ & $0.0713404$ & $0.389243$ & $-0.0177437$ & $-0.106628$ \\
CuH_33r & $0.00924466$ & $-0.027562$ & $0.0297857$ & $-0.00323885$ & $-0.0124609$ & $0.0661787$ & $0.925379$ & $-0.0680349$ & $-0.029372$ & $0.0805705$ & $0.0512555$ & $0.223074$ & $-0.207618$ & $0.0188237$ & $-0.00252844$ & $-0.0185812$ & $0.0261444$ & $0.0331807$ & $0.0479285$ & $-0.0462376$ & $-0.0544654$ & $-0.0504329$ & $-0.0129482$ & $0.0458326$ & $0.032779$ & $0.0242365$ & $-0.0461985$ & $0.0259669$ & $0.00549655$ & $0.0318378$ & $0.0495393$ & $1$ & $0.0484902$ & $-0.0557143$ & $0.0659911$ & $0.0510651$ & $-0.0278274$ & $0.0583008$ & $-0.000990713$ & $0.0119975$ & $0.0665363$ & $0.0166805$ & $-0.00281613$ & $0.0254932$ & $0.0386633$ & $0.0423718$ & $-0.0199531$ & $-0.0187256$ & $-0.0200227$ \\
CdH_33r & $0.0632326$ & $0.0298674$ & $0.0380387$ & $-0.047792$ & $0.00172855$ & $0.0269522$ & $-0.131961$ & $0.0325275$ & $0.0597792$ & $-0.0833731$ & $0.00383314$ & $-0.107611$ & $0.244907$ & $-0.0664671$ & $-0.055886$ & $0.058333$ & $-0.0659807$ & $-0.0256001$ & $-0.116762$ & $-0.0026107$ & $0.00100737$ & $-0.00271638$ & $-0.0274816$ & $-0.0740711$ & $-0.0495496$ & $0.0342659$ & $0.0375337$ & $-0.00864778$ & $0.0755185$ & $0.625494$ & $0.268258$ & $0.0484902$ & $1$ & $0.0782935$ & $-0.075632$ & $-0.064637$ & $-0.212886$ & $-0.0145809$ & $0.00282168$ & $-0.000294755$ & $-0.00111812$ & $-0.0452304$ & $0.0431979$ & $-0.0180248$ & $0.0301384$ & $0.0219443$ & $0.000663261$ & $0.13757$ & $0.479863$ \\
CLL_1221 & $0.0127013$ & $-0.0250202$ & $-0.0471397$ & $0.0113776$ & $0.008152$ & $-0.106627$ & $-0.0543989$ & $0.545031$ & $0.530596$ & $-0.318235$ & $-0.341432$ & $-0.216125$ & $0.160241$ & $-0.215807$ & $-0.625485$ & $-0.100276$ & $-0.233766$ & $0.0751778$ & $-0.331887$ & $0.251005$ & $0.429811$ & $0.434282$ & $0.209354$ & $-0.615225$ & $-0.149926$ & $-0.19602$ & $0.70163$ & $0.182839$ & $-0.0208868$ & $0.0460883$ & $0.0141239$ & $-0.0557143$ & $0.0782935$ & $1$ & $-0.0540691$ & $-0.0337557$ & $0.037779$ & $0.0069664$ & $-0.0575474$ & $0.0348487$ & $-0.078603$ & $0.0217112$ & $-0.0296777$ & $0.00944337$ & $-0.0112718$ & $-0.0214952$ & $0.0128828$ & $-0.00377393$ & $0.0568702$ \\
eHggint & $-0.00918813$ & $-0.0141662$ & $-0.0140472$ & $0.0203111$ & $0.00872563$ & $0.00831396$ & $-0.0106921$ & $0.00989307$ & $-0.0123963$ & $0.0321637$ & $0.00419397$ & $0.0249723$ & $0.0237756$ & $-0.0261572$ & $0.0689647$ & $-0.0339585$ & $-0.0338201$ & $-0.075582$ & $0.00692878$ & $-0.000295945$ & $-0.00827327$ & $-0.0043274$ & $-0.0427091$ & $-0.0157427$ & $-0.03943$ & $0.0554392$ & $-0.00910509$ & $-0.0667065$ & $-0.0843204$ & $-0.0692133$ & $-0.0566127$ & $0.0659911$ & $-0.075632$ & $-0.0540691$ & $1$ & $-0.118634$ & $0.0377208$ & $-0.0425904$ & $0.0394645$ & $-0.0263159$ & $-0.0277912$ & $0.043533$ & $0.0767499$ & $0.00332132$ & $0.029333$ & $-0.00572494$ & $-0.0188656$ & $-0.00322281$ & $0.0194429$ \\
eHggpar & $0.00843388$ & $-0.0161662$ & $0.0699394$ & $-0.010596$ & $-0.0227285$ & $0.0257929$ & $0.011086$ & $0.00312645$ & $-0.000291311$ & $0.0120864$ & $-0.0162062$ & $0.0221907$ & $-0.0089069$ & $0.0168918$ & $0.0430613$ & $0.0633919$ & $0.0210584$ & $0.00108896$ & $-0.0110669$ & $0.0267079$ & $0.0106456$ & $0.0113381$ & $-0.0434334$ & $-0.00068314$ & $0.00908852$ & $-0.0102546$ & $-0.0503047$ & $0.00570993$ & $0.0553162$ & $-0.0292459$ & $-0.0413232$ & $0.0510651$ & $-0.064637$ & $-0.0337557$ & $-0.118634$ & $1$ & $0.0421127$ & $-0.015992$ & $0.0311255$ & $-0.0616182$ & $-0.0292161$ & $0.0114174$ & $-0.0183392$ & $0.0105296$ & $-0.0135577$ & $0.0829894$ & $-0.00640956$ & $-0.0354703$ & $-0.00494238$ \\
eHWWint & $-0.0284976$ & $-0.0648477$ & $-0.0499635$ & $-0.0471222$ & $0.0452195$ & $0.0213667$ & $0.0160047$ & $0.00102205$ & $-0.0131931$ & $-0.0184331$ & $0.0206252$ & $-0.0234914$ & $0.0244921$ & $-0.025227$ & $-0.0524401$ & $-0.0511355$ & $-0.037091$ & $-0.00330113$ & $-0.016734$ & $-0.0302295$ & $-0.0163281$ & $-0.0152512$ & $0.0695417$ & $-0.0332132$ & $-0.0195983$ & $-0.0342347$ & $0.0257687$ & $0.00147739$ & $-0.0108809$ & $-0.139654$ & $-0.0511667$ & $-0.0278274$ & $-0.212886$ & $0.037779$ & $0.0377208$ & $0.0421127$ & $1$ & $-0.0105711$ & $-0.0388286$ & $0.0169913$ & $-0.000148144$ & $0.013261$ & $-0.0224877$ & $-0.0102946$ & $-0.0201664$ & $0.0202922$ & $-0.0464174$ & $-0.0155927$ & $-0.0797056$ \\
eHWWpar & $-0.00731144$ & $0.0257248$ & $0.0191718$ & $-0.0356937$ & $0.0160247$ & $0.0405724$ & $0.085071$ & $-0.000946432$ & $-0.00156502$ & $-0.0371458$ & $0.020583$ & $-0.00892689$ & $0.00111072$ & $-0.0428618$ & $-0.0018637$ & $-0.0352826$ & $-0.0272733$ & $-0.0395406$ & $-0.011701$ & $-0.0237235$ & $-0.0186054$ & $-0.0147428$ & $0.0252312$ & $-0.0295632$ & $-0.0216807$ & $0.0111849$ & $0.0221406$ & $0.0111142$ & $-0.0266326$ & $-0.0134388$ & $0.0225522$ & $0.0583008$ & $-0.0145809$ & $0.0069664$ & $-0.0425904$ & $-0.015992$ & $-0.0105711$ & $1$ & $0.00504222$ & $0.0430394$ & $0.0825697$ & $0.0381814$ & $-0.0541339$ & $-0.0264756$ & $-0.088965$ & $-0.065294$ & $0.0080307$ & $-0.0397721$ & $-0.00835254$ \\
eHZZint & $-0.0345485$ & $0.0310113$ & $0.0442027$ & $-0.0425364$ & $-0.0413118$ & $0.016895$ & $-0.0012363$ & $-0.0340405$ & $-0.0273851$ & $-0.00231772$ & $0.0370509$ & $-0.020269$ & $0.0241629$ & $0.00872897$ & $0.0256351$ & $-0.0215293$ & $-0.0301645$ & $-0.0236195$ & $0.0132984$ & $-0.0321233$ & $-0.042977$ & $-0.0354389$ & $-0.0117303$ & $0.0331237$ & $-0.0319929$ & $0.0234378$ & $-0.0545059$ & $-0.00176152$ & $0.012486$ & $0.00726679$ & $0.0321517$ & $-0.000990713$ & $0.00282168$ & $-0.0575474$ & $0.0394645$ & $0.0311255$ & $-0.0388286$ & $0.00504222$ & $1$ & $-0.0235142$ & $0.0124088$ & $0.0638945$ & $0.0929624$ & $0.101029$ & $-0.0665459$ & $0.00210409$ & $0.0491776$ & $0.0803005$ & $-0.023374$ \\
eHZZpar & $-0.00627775$ & $0.0518888$ & $0.00419458$ & $-0.00953138$ & $0.00568213$ & $-0.0776031$ & $0.0153612$ & $0.0126265$ & $0.0254232$ & $0.00573523$ & $-0.010958$ & $-0.0254077$ & $0.027538$ & $-0.0287676$ & $-0.0101892$ & $0.0226502$ & $0.020852$ & $0.00149299$ & $-0.0182973$ & $0.0134795$ & $0.0126383$ & $0.010652$ & $-0.0440202$ & $0.00502609$ & $0.00448441$ & $0.0239649$ & $0.0217173$ & $0.0135904$ & $-0.0121447$ & $0.00904555$ & $0.0648551$ & $0.0119975$ & $-0.000294755$ & $0.0348487$ & $-0.0263159$ & $-0.0616182$ & $0.0169913$ & $0.0430394$ & $-0.0235142$ & $1$ & $0.0140502$ & $-0.0124259$ & $0.0555317$ & $0.0103495$ & $-0.0622188$ & $0.0190476$ & $0.0401847$ & $0.000458513$ & $-0.0123287$ \\
eHZgaint & $0.0390135$ & $-0.0610012$ & $-0.0211183$ & $0.0390052$ & $-0.027099$ & $0.0689555$ & $0.0748064$ & $-0.0407328$ & $-0.0392426$ & $-0.00454925$ & $0.0418299$ & $0.0225062$ & $-0.0269035$ & $-0.00889643$ & $0.0398902$ & $-0.0257778$ & $-0.0122176$ & $-0.0356413$ & $0.0226775$ & $-0.0379317$ & $-0.0449139$ & $-0.0491732$ & $-0.0422427$ & $0.0593701$ & $-0.0263828$ & $0.0266287$ & $-0.0535708$ & $0.0284565$ & $-0.0367201$ & $-0.0476371$ & $4.78912e-05$ & $0.0665363$ & $-0.00111812$ & $-0.078603$ & $-0.0277912$ & $-0.0292161$ & $-0.000148144$ & $0.0825697$ & $0.0124088$ & $0.0140502$ & $1$ & $0.0475694$ & $-0.04553$ & $0.0144385$ & $0.0127173$ & $-0.046422$ & $0.0178076$ & $-0.0560301$ & $0.0128506$ \\
eHZgapar & $-0.020397$ & $0.0378238$ & $0.0393259$ & $0.00596086$ & $-0.0247493$ & $0.0474837$ & $0.024404$ & $0.020419$ & $0.0137112$ & $-0.0212288$ & $-0.0174968$ & $0.00100057$ & $-0.0111341$ & $0.00148694$ & $-0.00692113$ & $-0.0426$ & $-0.00106721$ & $-0.00481632$ & $0.0260076$ & $0.0138956$ & $0.0240778$ & $0.0250066$ & $-0.0504209$ & $-0.0115796$ & $-0.015894$ & $-0.00293923$ & $-1.97562e-05$ & $0.0285127$ & $-0.0235956$ & $0.000642667$ & $-0.0392186$ & $0.0166805$ & $-0.0452304$ & $0.0217112$ & $0.043533$ & $0.0114174$ & $0.013261$ & $0.0381814$ & $0.0638945$ & $-0.0124259$ & $0.0475694$ & $1$ & $-0.0204577$ & $0.0332241$ & $0.00917947$ & $-0.026179$ & $-0.020362$ & $-0.0417312$ & $-0.0166049$ \\
eHgagaint & $-0.0520491$ & $0.00204981$ & $-0.0747612$ & $0.0380405$ & $-0.0114484$ & $0.0640724$ & $-0.0265881$ & $-0.051211$ & $0.0208199$ & $0.0132$ & $0.066909$ & $0.0178172$ & $-0.000780563$ & $-0.0555234$ & $-0.0145685$ & $-0.0237096$ & $-0.0351698$ & $-0.0237559$ & $-0.013657$ & $-0.0633865$ & $-0.0705408$ & $-0.0646413$ & $-0.0207929$ & $0.0329912$ & $-0.0397225$ & $0.0409797$ & $-0.0471988$ & $0.0505636$ & $-0.052914$ & $0.059454$ & $0.000976088$ & $-0.00281613$ & $0.0431979$ & $-0.0296777$ & $0.0767499$ & $-0.0183392$ & $-0.0224877$ & $-0.0541339$ & $0.0929624$ & $0.0555317$ & $-0.04553$ & $-0.0204577$ & $1$ & $-0.0422972$ & $0.0205825$ & $-0.0409047$ & $-0.0318495$ & $0.0539766$ & $-0.00707552$ \\
eHmumuint & $-0.0437245$ & $0.0102934$ & $0.00142976$ & $0.0160901$ & $-0.0262468$ & $0.0191769$ & $0.0128534$ & $0.00889891$ & $0.00965385$ & $0.0392983$ & $-0.0154413$ & $-0.00405555$ & $0.0137483$ & $0.0403515$ & $-0.0232923$ & $-0.0412735$ & $-0.0102565$ & $0.0221482$ & $0.0347193$ & $0.00951687$ & $0.0152351$ & $0.0198568$ & $0.0459848$ & $-0.0183032$ & $0.0352541$ & $-0.018604$ & $0.0395603$ & $0.0318361$ & $0.0150651$ & $-0.0234618$ & $-0.0330206$ & $0.0254932$ & $-0.0180248$ & $0.00944337$ & $0.00332132$ & $0.0105296$ & $-0.0102946$ & $-0.0264756$ & $0.101029$ & $0.0103495$ & $0.0144385$ & $0.0332241$ & $-0.0422972$ & $1$ & $-0.0115385$ & $0.0194933$ & $-0.0304903$ & $0.0362547$ & $-0.019157$ \\
eHtautauint & $-0.072662$ & $0.0406159$ & $0.0352045$ & $0.0499642$ & $0.00395674$ & $0.0457219$ & $0.0295686$ & $-0.0664048$ & $-0.069055$ & $0.0836407$ & $0.0722948$ & $-0.0135234$ & $0.0451788$ & $-0.044456$ & $-0.0465258$ & $-0.0461289$ & $-0.00228577$ & $0.0140814$ & $0.0241923$ & $-0.0715759$ & $-0.0651098$ & $-0.0676127$ & $0.003818$ & $0.0309903$ & $0.0015453$ & $0.03083$ & $-0.0225533$ & $-0.0306907$ & $-0.0332488$ & $0.0524282$ & $-0.0281647$ & $0.0386633$ & $0.0301384$ & $-0.0112718$ & $0.029333$ & $-0.0135577$ & $-0.0201664$ & $-0.088965$ & $-0.0665459$ & $-0.0622188$ & $0.0127173$ & $0.00917947$ & $0.0205825$ & $-0.0115385$ & $1$ & $0.0197041$ & $-0.00405391$ & $-0.096183$ & $0.0907162$ \\
eHccint & $-0.113617$ & $0.0223578$ & $0.0421626$ & $0.0593557$ & $0.00848331$ & $0.0201769$ & $0.0390831$ & $-0.0260908$ & $-0.0235347$ & $0.0155745$ & $0.018591$ & $0.020362$ & $-0.00688556$ & $0.0236901$ & $-0.0168329$ & $-0.0155149$ & $-0.00670176$ & $0.0223446$ & $0.0268005$ & $-0.0157311$ & $-0.0135144$ & $-0.0250456$ & $-0.00269146$ & $0.0176839$ & $0.0105513$ & $0.00735325$ & $-0.0320477$ & $-0.0122342$ & $0.0524481$ & $0.100158$ & $0.0713404$ & $0.0423718$ & $0.0219443$ & $-0.0214952$ & $-0.00572494$ & $0.0829894$ & $0.0202922$ & $-0.065294$ & $0.00210409$ & $0.0190476$ & $-0.046422$ & $-0.026179$ & $-0.0409047$ & $0.0194933$ & $0.0197041$ & $1$ & $-0.0383795$ & $-0.103629$ & $0.0158259$ \\
eHccpar & $-0.052031$ & $-0.0233456$ & $0.00559707$ & $-0.107979$ & $0.00332755$ & $0.0277802$ & $-0.0160263$ & $0.00692599$ & $0.00866364$ & $-0.00877295$ & $0.00585778$ & $-0.0591503$ & $0.060075$ & $0.00105178$ & $-0.0286365$ & $-0.0582421$ & $-0.040493$ & $-0.00756201$ & $0.0255871$ & $-0.0125378$ & $-0.00125939$ & $-0.00588807$ & $-0.0299462$ & $-0.0129136$ & $0.016504$ & $0.050333$ & $0.0614367$ & $-0.0369932$ & $-0.0257334$ & $0.0125469$ & $0.389243$ & $-0.0199531$ & $0.000663261$ & $0.0128828$ & $-0.0188656$ & $-0.00640956$ & $-0.0464174$ & $0.0080307$ & $0.0491776$ & $0.0401847$ & $0.0178076$ & $-0.020362$ & $-0.0318495$ & $-0.0304903$ & $-0.00405391$ & $-0.0383795$ & $1$ & $-0.0140399$ & $-0.053046$ \\
eHbbint & $0.0430457$ & $-0.00193486$ & $-0.0195531$ & $-0.0208775$ & $0.0231171$ & $-0.0375675$ & $-0.0246654$ & $0.00660099$ & $0.00466702$ & $-0.0295792$ & $-0.00850774$ & $-0.0338962$ & $0.0180892$ & $0.0173393$ & $0.012238$ & $0.0302989$ & $0.00218532$ & $0.000143137$ & $-0.0179855$ & $0.00966628$ & $0.00197391$ & $0.00617124$ & $-0.00127673$ & $-0.00737746$ & $-0.00689189$ & $-0.0163263$ & $-0.0182975$ & $-0.00558051$ & $-0.0684154$ & $-0.00775249$ & $-0.0177437$ & $-0.0187256$ & $0.13757$ & $-0.00377393$ & $-0.00322281$ & $-0.0354703$ & $-0.0155927$ & $-0.0397721$ & $0.0803005$ & $0.000458513$ & $-0.0560301$ & $-0.0417312$ & $0.0539766$ & $0.0362547$ & $-0.096183$ & $-0.103629$ & $-0.0140399$ & $1$ & $-0.0505979$ \\
eHbbpar & $0.0230038$ & $0.00660249$ & $0.0294826$ & $-0.0320159$ & $0.0138757$ & $-0.0140777$ & $-0.0409515$ & $-0.0704379$ & $-0.0719821$ & $0.0871606$ & $0.0645736$ & $0.0467089$ & $-0.0193482$ & $-0.0562811$ & $-0.110986$ & $-0.0155876$ & $0.0462048$ & $0.0866449$ & $0.00903389$ & $-0.0621342$ & $-0.0530302$ & $-0.0647291$ & $-0.0237112$ & $0.0157591$ & $0.0673144$ & $0.0825901$ & $0.0408809$ & $-0.0258084$ & $0.0126135$ & $-0.00480242$ & $-0.106628$ & $-0.0200227$ & $0.479863$ & $0.0568702$ & $0.0194429$ & $-0.00494238$ & $-0.0797056$ & $-0.00835254$ & $-0.023374$ & $-0.0123287$ & $0.0128506$ & $-0.0166049$ & $-0.00707552$ & $-0.019157$ & $0.0907162$ & $0.0158259$ & $-0.053046$ & $-0.0505979$ & $1$ \\
