 & AlsMz & dAle5Mz & mtop & mHl & Mz & CW & CHG & CHWB & CHWHB_gaga & CHWHB_gagaorth & CHD & CHbox & CH & CHL1_11 & CHL1_22 & CHL1_33 & CHL3_11 & CHL3_22 & CHL3_33 & CHe_11 & CHe_22 & CHe_33 & CHQ1_11 & CHQ1_33 & CHQ3_11 & CHu_11 & CHd_11 & CHd_33 & CeH_22r & CeH_33r & CuH_22r & CuH_33r & CdH_33r & CLL_1221 & eHggint & eHggpar & eHWWint & eHWWpar & eHZZint & eHZZpar & eHZgaint & eHZgapar & eHgagaint & eHmumuint & eHtautauint & eHccint & eHccpar & eHbbint & eHbbpar \\
AlsMz & $1$ & $-0.0623604$ & $-0.0552009$ & $-0.14973$ & $0.0150482$ & $-0.0082902$ & $0.0464296$ & $-0.035749$ & $-0.0440797$ & $0.0389445$ & $0.029288$ & $0.0257868$ & $-0.0059822$ & $-0.00816349$ & $-0.0199295$ & $-0.0112227$ & $-0.00212467$ & $0.0157889$ & $0.0123268$ & $-0.0349508$ & $-0.036639$ & $-0.033088$ & $0.0111662$ & $-0.00506822$ & $-0.045287$ & $-0.015607$ & $-0.000602042$ & $0.0156583$ & $-0.000275752$ & $-0.0329293$ & $-0.0548638$ & $0.0447856$ & $-0.13761$ & $-0.0195152$ & $0.0642287$ & $0.0993008$ & $0.262488$ & $0.000553853$ & $-0.186394$ & $0.0321522$ & $0.0356202$ & $0.0146322$ & $-0.14279$ & $0.131335$ & $0.131584$ & $-0.0683609$ & $-0.042785$ & $-0.0958519$ & $-0.205681$ \\
dAle5Mz & $-0.0623604$ & $1$ & $0.21341$ & $-0.218019$ & $-0.0210476$ & $0.0259618$ & $-0.0478106$ & $-0.0397673$ & $-0.0250498$ & $-0.00613676$ & $0.0327334$ & $0.0144203$ & $0.0109311$ & $-0.0129527$ & $0.00230663$ & $0.0255675$ & $0.00226627$ & $-0.00164963$ & $-0.011837$ & $-0.0135167$ & $-0.0162236$ & $-0.0106914$ & $0.0132947$ & $0.0205105$ & $0.0107858$ & $0.00543306$ & $0.00260815$ & $0.0084304$ & $-0.017852$ & $0.015944$ & $0.0114754$ & $-0.0392745$ & $0.0866478$ & $0.0133872$ & $-0.00917273$ & $-0.140653$ & $0.085567$ & $-0.0433027$ & $-0.00923203$ & $-0.0452159$ & $0.100032$ & $0.0272349$ & $0.215435$ & $-0.0671347$ & $0.0765695$ & $0.0431163$ & $-0.0208686$ & $0.152393$ & $0.0917734$ \\
mtop & $-0.0552009$ & $0.21341$ & $1$ & $-0.0390511$ & $-0.00246451$ & $-0.0432752$ & $-0.00874791$ & $-0.00307423$ & $0.00963122$ & $0.0193157$ & $-0.00107577$ & $-0.00300382$ & $-0.0145834$ & $0.00188894$ & $0.025786$ & $0.00497116$ & $0.0234254$ & $-0.00373232$ & $0.0105151$ & $0.0118221$ & $0.00746548$ & $0.0122289$ & $0.0334705$ & $0.0217649$ & $0.011053$ & $-0.0394971$ & $-0.0059326$ & $0.0157367$ & $-0.0360186$ & $0.00691562$ & $-0.0236482$ & $-0.0129128$ & $0.0193982$ & $-0.00785822$ & $-0.0477653$ & $0.0463585$ & $-0.0355098$ & $-0.0332954$ & $0.0275279$ & $0.00163829$ & $-0.0774824$ & $-0.043894$ & $0.177173$ & $0.0115259$ & $-0.0337019$ & $-0.0282635$ & $-0.151775$ & $0.189682$ & $0.00998088$ \\
mHl & $-0.14973$ & $-0.218019$ & $-0.0390511$ & $1$ & $-0.0208009$ & $0.060447$ & $0.0176386$ & $0.0367572$ & $0.0350709$ & $-0.032327$ & $-0.0462208$ & $-0.0138276$ & $-0.00423019$ & $0.0387484$ & $-0.00117123$ & $0.0159694$ & $0.0198154$ & $0.0239892$ & $0.00808039$ & $0.042779$ & $0.0443545$ & $0.0403883$ & $0.00857397$ & $-0.0104014$ & $0.0187839$ & $-0.0231674$ & $0.00538634$ & $-0.0091321$ & $0.00748066$ & $0.00226009$ & $0.0327415$ & $0.0120775$ & $0.0201632$ & $0.0198905$ & $0.0617245$ & $-0.00376974$ & $-0.103597$ & $0.00914613$ & $-0.0653413$ & $-0.0197075$ & $-0.0928293$ & $-0.0253165$ & $-0.0185862$ & $0.0109802$ & $-0.0262026$ & $-0.0854209$ & $0.0889237$ & $-0.0105468$ & $0.0294703$ \\
Mz & $0.0150482$ & $-0.0210476$ & $-0.00246451$ & $-0.0208009$ & $1$ & $0.0107271$ & $0.00908414$ & $-0.0288228$ & $-0.0291745$ & $0.0466271$ & $0.0249705$ & $-0.00215626$ & $-0.0204688$ & $0.0313256$ & $-0.0234798$ & $-0.014072$ & $0.0136792$ & $0.0380662$ & $0.0281762$ & $-0.0188436$ & $-0.0161306$ & $-0.0169674$ & $0.00962561$ & $0.0339711$ & $0.034449$ & $0.00298638$ & $0.00504412$ & $0.0146173$ & $-0.00413137$ & $-0.0276832$ & $0.00224307$ & $0.00468078$ & $-0.0373177$ & $-0.0126602$ & $-0.00658887$ & $-0.00449869$ & $-0.0154447$ & $0.0329048$ & $-0.0465785$ & $-0.0126017$ & $0.00244493$ & $0.0298124$ & $0.0165505$ & $-0.0249932$ & $0.0263521$ & $0.021897$ & $-0.00102066$ & $-0.0229059$ & $-0.045694$ \\
CW & $-0.0082902$ & $0.0259618$ & $-0.0432752$ & $0.060447$ & $0.0107271$ & $1$ & $0.00592901$ & $-0.143398$ & $-0.136778$ & $0.0151738$ & $0.198977$ & $0.0534748$ & $0.0143022$ & $0.0147707$ & $-0.0689913$ & $-0.0713392$ & $-0.252493$ & $-0.0494557$ & $-0.0448528$ & $-0.193961$ & $-0.202557$ & $-0.195599$ & $-0.0438198$ & $0.0151362$ & $-0.0927529$ & $0.139573$ & $-0.110772$ & $-0.0800057$ & $-0.00625067$ & $0.0277467$ & $0.021403$ & $0.0166462$ & $0.0251514$ & $-0.14262$ & $0.0245299$ & $-0.00410708$ & $-0.0102135$ & $-0.00826133$ & $0.00561677$ & $0.00563337$ & $-0.014222$ & $0.0297994$ & $0.0242279$ & $-0.0381374$ & $-0.0207511$ & $0.0166104$ & $-0.00168797$ & $0.0374239$ & $-0.00287199$ \\
CHG & $0.0464296$ & $-0.0478106$ & $-0.00874791$ & $0.0176386$ & $0.00908414$ & $0.00592901$ & $1$ & $-0.0885215$ & $-0.0402317$ & $0.0500969$ & $0.0509628$ & $-0.260955$ & $-0.317073$ & $0.0540808$ & $-0.0219386$ & $-0.0433089$ & $0.0806599$ & $0.0871256$ & $0.0999658$ & $-0.0534422$ & $-0.0519672$ & $-0.0499885$ & $-0.00148432$ & $0.087379$ & $0.0856385$ & $0.031456$ & $-0.0252435$ & $-0.0518315$ & $0.0166867$ & $-0.0972869$ & $-0.109218$ & $0.939683$ & $-0.15255$ & $-0.0535461$ & $-0.000138482$ & $0.0436841$ & $-0.0115017$ & $-7.1138e-05$ & $-0.0309495$ & $-0.00166017$ & $-0.0644468$ & $0.0144018$ & $0.0290341$ & $0.0762337$ & $0.0266028$ & $-0.0265568$ & $-0.042517$ & $0.00269079$ & $-0.0016772$ \\
CHWB & $-0.035749$ & $-0.0397673$ & $-0.00307423$ & $0.0367572$ & $-0.0288228$ & $-0.143398$ & $-0.0885215$ & $1$ & $0.984176$ & $-0.57452$ & $-0.882393$ & $0.100023$ & $0.365561$ & $0.0854186$ & $0.293623$ & $0.298723$ & $-0.23567$ & $-0.438496$ & $-0.437109$ & $0.854912$ & $0.899721$ & $0.879372$ & $0.083031$ & $-0.678749$ & $-0.412901$ & $-0.523177$ & $0.432439$ & $0.273124$ & $-0.00246352$ & $0.13469$ & $0.0885579$ & $-0.0782903$ & $0.109286$ & $0.576027$ & $0.0243735$ & $-0.0256685$ & $-0.0371141$ & $-0.00135471$ & $0.0348687$ & $0.0645706$ & $-0.000130284$ & $-0.0227104$ & $0.0073587$ & $0.013013$ & $0.00760917$ & $0.00762303$ & $0.0222255$ & $-0.0337635$ & $-0.0145575$ \\
CHWHB_gaga & $-0.0440797$ & $-0.0250498$ & $0.00963122$ & $0.0350709$ & $-0.0291745$ & $-0.136778$ & $-0.0402317$ & $0.984176$ & $1$ & $-0.56572$ & $-0.862658$ & $0.111079$ & $0.360422$ & $0.0725909$ & $0.283474$ & $0.29195$ & $-0.243668$ & $-0.438809$ & $-0.439877$ & $0.836126$ & $0.880755$ & $0.861318$ & $0.082539$ & $-0.676055$ & $-0.413169$ & $-0.510819$ & $0.429301$ & $0.263351$ & $0.00394609$ & $0.150992$ & $0.0917177$ & $-0.0392779$ & $0.136935$ & $0.571498$ & $0.0212818$ & $-0.0443757$ & $-0.0417998$ & $-0.0035149$ & $0.0443612$ & $0.0623696$ & $-0.0169477$ & $-0.0127381$ & $0.064172$ & $0.0143585$ & $0.0137431$ & $0.00865326$ & $0.0161215$ & $-0.00856895$ & $0.00369006$ \\
CHWHB_gagaorth & $0.0389445$ & $-0.00613676$ & $0.0193157$ & $-0.032327$ & $0.0466271$ & $0.0151738$ & $0.0500969$ & $-0.57452$ & $-0.56572$ & $1$ & $0.365753$ & $0.208312$ & $-0.265734$ & $0.220797$ & $-0.137211$ & $-0.13179$ & $0.432487$ & $0.493155$ & $0.485185$ & $-0.35459$ & $-0.381747$ & $-0.3695$ & $-0.0682019$ & $0.566177$ & $0.478983$ & $0.226915$ & $-0.236575$ & $-0.0756531$ & $-0.0172581$ & $-0.148466$ & $-0.0926282$ & $0.0624668$ & $-0.150376$ & $-0.346516$ & $0.00813451$ & $0.0484373$ & $0.0595481$ & $0.00441935$ & $-0.027482$ & $-0.0516413$ & $-0.0070157$ & $0.0434996$ & $-0.024987$ & $0.00840674$ & $0.0418438$ & $0.00686584$ & $-0.0291231$ & $0.0225591$ & $-0.0116347$ \\
CHD & $0.029288$ & $0.0327334$ & $-0.00107577$ & $-0.0462208$ & $0.0249705$ & $0.198977$ & $0.0509628$ & $-0.882393$ & $-0.862658$ & $0.365753$ & $1$ & $0.0581422$ & $-0.186318$ & $-0.497495$ & $-0.418665$ & $-0.413259$ & $-0.214471$ & $0.0799582$ & $0.0728189$ & $-0.990753$ & $-0.991369$ & $-0.971506$ & $-0.0204678$ & $0.317923$ & $0.036903$ & $0.579156$ & $-0.301342$ & $-0.319322$ & $0.0153851$ & $-0.0823084$ & $-0.0642558$ & $0.0507464$ & $-0.0561713$ & $-0.381322$ & $-0.0125254$ & $0.0253563$ & $0.0231331$ & $0.00187302$ & $-0.0274046$ & $-0.055806$ & $0.00340878$ & $0.0163813$ & $-0.00267964$ & $-0.0303464$ & $-0.0038868$ & $-0.0188817$ & $-0.0183148$ & $0.0318107$ & $0.0163123$ \\
CHbox & $0.0257868$ & $0.0144203$ & $-0.00300382$ & $-0.0138276$ & $-0.00215626$ & $0.0534748$ & $-0.260955$ & $0.100023$ & $0.111079$ & $0.208312$ & $0.0581422$ & $1$ & $0.762266$ & $-0.304768$ & $0.0244629$ & $0.0249536$ & $-0.326213$ & $-0.316317$ & $-0.309977$ & $-0.0494411$ & $-0.0559113$ & $-0.0491151$ & $0.0128381$ & $-0.234325$ & $-0.316507$ & $0.0316511$ & $0.00143024$ & $0.00246196$ & $0.0635139$ & $0.352272$ & $0.116035$ & $-0.16699$ & $0.372046$ & $0.0534135$ & $0.102098$ & $0.0491244$ & $0.0123748$ & $-0.018827$ & $-0.0320721$ & $0.00894024$ & $0.0202981$ & $0.0172872$ & $-0.00934523$ & $-0.0676003$ & $0.0211361$ & $-0.0274382$ & $-0.0117133$ & $0.00885886$ & $-0.0256991$ \\
CH & $-0.0059822$ & $0.0109311$ & $-0.0145834$ & $-0.00423019$ & $-0.0204688$ & $0.0143022$ & $-0.317073$ & $0.365561$ & $0.360422$ & $-0.265734$ & $-0.186318$ & $0.762266$ & $1$ & $-0.249261$ & $0.0809759$ & $0.0810308$ & $-0.362442$ & $-0.398362$ & $-0.392017$ & $0.180687$ & $0.196657$ & $0.195721$ & $0.0440774$ & $-0.409413$ & $-0.392707$ & $-0.114462$ & $0.141691$ & $0.0614202$ & $0.0508799$ & $0.297374$ & $0.129442$ & $-0.262324$ & $0.317245$ & $0.227286$ & $0.0723879$ & $0.00857725$ & $-0.0134192$ & $-0.00692345$ & $-0.0104821$ & $0.032086$ & $0.0213041$ & $-0.00323518$ & $0.00903453$ & $-0.0545105$ & $0.00703233$ & $-0.0212987$ & $0.00772684$ & $-0.00563602$ & $-0.00839041$ \\
CHL1_11 & $-0.00816349$ & $-0.0129527$ & $0.00188894$ & $0.0387484$ & $0.0313256$ & $0.0147707$ & $0.0540808$ & $0.0854186$ & $0.0725909$ & $0.220797$ & $-0.497495$ & $-0.304768$ & $-0.249261$ & $1$ & $0.27043$ & $0.253623$ & $0.666729$ & $0.596933$ & $0.607405$ & $0.51544$ & $0.458821$ & $0.451374$ & $-0.0961753$ & $0.480217$ & $0.601446$ & $-0.267585$ & $-0.103749$ & $0.176176$ & $-0.0328872$ & $-0.065048$ & $-0.0238528$ & $0.0333825$ & $-0.0662672$ & $-0.218034$ & $-0.0106926$ & $-0.0203864$ & $0.00970511$ & $0.000816562$ & $-0.00565225$ & $-0.00875213$ & $-0.0252232$ & $-0.00965354$ & $0.00567248$ & $0.0387921$ & $0.00913164$ & $0.0448702$ & $-0.00788011$ & $0.00343542$ & $0.00868812$ \\
CHL1_22 & $-0.0199295$ & $0.00230663$ & $0.025786$ & $-0.00117123$ & $-0.0234798$ & $-0.0689913$ & $-0.0219386$ & $0.293623$ & $0.283474$ & $-0.137211$ & $-0.418665$ & $0.0244629$ & $0.0809759$ & $0.27043$ & $1$ & $0.440364$ & $0.174005$ & $-0.451691$ & $-0.0237353$ & $0.481896$ & $0.334357$ & $0.326501$ & $-0.173983$ & $0.115878$ & $-0.132208$ & $-0.19733$ & $-0.389139$ & $0.103125$ & $-0.0118591$ & $0.0486409$ & $0.0585658$ & $-0.0141251$ & $0.042258$ & $-0.583404$ & $-0.00920445$ & $0.00730994$ & $-0.000631641$ & $-0.0133818$ & $0.0174002$ & $0.0514904$ & $0.0512131$ & $-0.0143688$ & $-0.0151257$ & $-0.0324558$ & $-0.0798857$ & $0.00617441$ & $0.037593$ & $0.00690247$ & $-0.0109927$ \\
CHL1_33 & $-0.0112227$ & $0.0255675$ & $0.00497116$ & $0.0159694$ & $-0.014072$ & $-0.0713392$ & $-0.0433089$ & $0.298723$ & $0.29195$ & $-0.13179$ & $-0.413259$ & $0.0249536$ & $0.0810308$ & $0.253623$ & $0.440364$ & $1$ & $0.147685$ & $-0.0420024$ & $-0.43758$ & $0.476451$ & $0.333728$ & $0.35721$ & $-0.151155$ & $0.0808181$ & $-0.132699$ & $-0.211534$ & $-0.36744$ & $0.118866$ & $-0.0102105$ & $0.0228999$ & $0.0385743$ & $-0.0345214$ & $0.0188009$ & $-0.0885487$ & $0.0236312$ & $-0.0226683$ & $0.000402627$ & $-0.0187021$ & $0.0284235$ & $0.067803$ & $-0.014769$ & $-0.0208466$ & $0.0134527$ & $0.00784302$ & $-0.0392621$ & $-0.00338496$ & $0.0141457$ & $-0.00188748$ & $-0.000574066$ \\
CHL3_11 & $-0.00212467$ & $0.00226627$ & $0.0234254$ & $0.0198154$ & $0.0136792$ & $-0.252493$ & $0.0806599$ & $-0.23567$ & $-0.243668$ & $0.432487$ & $-0.214471$ & $-0.326213$ & $-0.362442$ & $0.666729$ & $0.174005$ & $0.147685$ & $1$ & $0.728176$ & $0.742319$ & $0.235539$ & $0.18104$ & $0.181614$ & $-0.0846256$ & $0.678204$ & $0.779068$ & $-0.110385$ & $-0.160768$ & $0.0888865$ & $-0.0186131$ & $-0.114822$ & $-0.0560264$ & $0.0583553$ & $-0.121326$ & $-0.255896$ & $-0.0287929$ & $0.00923345$ & $0.0265166$ & $0.00665773$ & $-0.0108055$ & $-0.0129773$ & $-0.00313124$ & $0.0262994$ & $-0.0147877$ & $0.0394004$ & $-0.00916359$ & $0.00947429$ & $-0.00714876$ & $-0.00579502$ & $-0.015699$ \\
CHL3_22 & $0.0157889$ & $-0.00164963$ & $-0.00373232$ & $0.0239892$ & $0.0380662$ & $-0.0494557$ & $0.0871256$ & $-0.438496$ & $-0.438809$ & $0.493155$ & $0.0799582$ & $-0.316317$ & $-0.398362$ & $0.596933$ & $-0.451691$ & $-0.0420024$ & $0.728176$ & $1$ & $0.680146$ & $-0.0827849$ & $-0.0734257$ & $-0.0644988$ & $-0.00637596$ & $0.618769$ & $0.798426$ & $0.0377555$ & $-0.00937477$ & $0.0107128$ & $-0.0152261$ & $-0.135723$ & $-0.0884468$ & $0.0622116$ & $-0.132006$ & $0.0253568$ & $-0.01631$ & $-0.00215285$ & $0.0215138$ & $0.00794711$ & $-0.0250367$ & $-0.0495971$ & $-0.0488367$ & $0.0199759$ & $0.00508908$ & $0.0552427$ & $0.0461083$ & $0.0164707$ & $-0.035732$ & $0.00189198$ & $0.00476226$ \\
CHL3_33 & $0.0123268$ & $-0.011837$ & $0.0105151$ & $0.00808039$ & $0.0281762$ & $-0.0448528$ & $0.0999658$ & $-0.437109$ & $-0.439877$ & $0.485185$ & $0.0728189$ & $-0.309977$ & $-0.392017$ & $0.607405$ & $-0.0237353$ & $-0.43758$ & $0.742319$ & $0.680146$ & $1$ & $-0.0753397$ & $-0.0689011$ & $-0.0626522$ & $-0.0218395$ & $0.641724$ & $0.795767$ & $0.048599$ & $-0.0210797$ & $0.00542733$ & $-0.0212566$ & $-0.115603$ & $-0.0720336$ & $0.0750229$ & $-0.114278$ & $-0.351502$ & $-0.0351811$ & $0.0215$ & $0.0215512$ & $0.0094296$ & $-0.0257624$ & $-0.0584996$ & $0.000312127$ & $0.0267445$ & $-0.0172064$ & $0.0249631$ & $0.0102379$ & $0.02225$ & $-0.0203655$ & $0.0053507$ & $-0.00219187$ \\
CHe_11 & $-0.0349508$ & $-0.0135167$ & $0.0118221$ & $0.042779$ & $-0.0188436$ & $-0.193961$ & $-0.0534422$ & $0.854912$ & $0.836126$ & $-0.35459$ & $-0.990753$ & $-0.0494411$ & $0.180687$ & $0.51544$ & $0.481896$ & $0.476451$ & $0.235539$ & $-0.0827849$ & $-0.0753397$ & $1$ & $0.973349$ & $0.955063$ & $-0.0042444$ & $-0.265638$ & $-0.0304231$ & $-0.569882$ & $0.228769$ & $0.314331$ & $-0.0156987$ & $0.0844934$ & $0.068832$ & $-0.0514747$ & $0.060577$ & $0.304948$ & $0.00955369$ & $-0.0249907$ & $-0.0258878$ & $-0.00657115$ & $0.0297244$ & $0.05628$ & $-0.0019341$ & $-0.0154415$ & $0.0101042$ & $0.0266844$ & $-0.00257565$ & $0.0196591$ & $0.0183732$ & $-0.0236405$ & $-0.0128451$ \\
CHe_22 & $-0.036639$ & $-0.0162236$ & $0.00746548$ & $0.0443545$ & $-0.0161306$ & $-0.202557$ & $-0.0519672$ & $0.899721$ & $0.880755$ & $-0.381747$ & $-0.991369$ & $-0.0559113$ & $0.196657$ & $0.458821$ & $0.334357$ & $0.333728$ & $0.18104$ & $-0.0734257$ & $-0.0689011$ & $0.973349$ & $1$ & $0.976435$ & $0.0492442$ & $-0.372811$ & $-0.042486$ & $-0.580768$ & $0.382006$ & $0.320413$ & $-0.0142809$ & $0.0851262$ & $0.0639945$ & $-0.0520437$ & $0.0609086$ & $0.466862$ & $0.0121358$ & $-0.0285689$ & $-0.0265677$ & $-0.00135903$ & $0.0287196$ & $0.0508888$ & $-0.00620148$ & $-0.0140337$ & $0.00821678$ & $0.0310142$ & $0.0123655$ & $0.0198086$ & $0.0147508$ & $-0.0297117$ & $-0.0130438$ \\
CHe_33 & $-0.033088$ & $-0.0106914$ & $0.0122289$ & $0.0403883$ & $-0.0169674$ & $-0.195599$ & $-0.0499885$ & $0.879372$ & $0.861318$ & $-0.3695$ & $-0.971506$ & $-0.0491151$ & $0.195721$ & $0.451374$ & $0.326501$ & $0.35721$ & $0.181614$ & $-0.0644988$ & $-0.0626522$ & $0.955063$ & $0.976435$ & $1$ & $0.0485973$ & $-0.358696$ & $-0.0374155$ & $-0.568129$ & $0.371716$ & $0.317271$ & $-0.0177553$ & $0.0836779$ & $0.0622991$ & $-0.0501892$ & $0.0569781$ & $0.459304$ & $0.0203189$ & $-0.0306739$ & $-0.0275164$ & $-0.00238046$ & $0.0349421$ & $0.0518071$ & $-0.0108763$ & $-0.0144063$ & $0.00980205$ & $0.0294629$ & $0.0121011$ & $0.012166$ & $0.0135003$ & $-0.0305175$ & $-0.0133099$ \\
CHQ1_11 & $0.0111662$ & $0.0132947$ & $0.0334705$ & $0.00857397$ & $0.00962561$ & $-0.0438198$ & $-0.00148432$ & $0.083031$ & $0.082539$ & $-0.0682019$ & $-0.0204678$ & $0.0128381$ & $0.0440774$ & $-0.0961753$ & $-0.173983$ & $-0.151155$ & $-0.0846256$ & $-0.00637596$ & $-0.0218395$ & $-0.0042444$ & $0.0492442$ & $0.0485973$ & $1$ & $-0.151499$ & $0.0599838$ & $-0.664737$ & $0.357014$ & $0.0116423$ & $0.0266276$ & $-0.0209032$ & $-0.0313201$ & $-0.0130336$ & $0.000248773$ & $0.219626$ & $0.0254916$ & $0.0158219$ & $-0.0340088$ & $-0.00582725$ & $-0.0376442$ & $0.02072$ & $-0.0122146$ & $-0.0346153$ & $0.00369865$ & $0.0412967$ & $0.0272302$ & $-0.00397621$ & $-0.0283973$ & $0.00515565$ & $0.0333468$ \\
CHQ1_33 & $-0.00506822$ & $0.0205105$ & $0.0217649$ & $-0.0104014$ & $0.0339711$ & $0.0151362$ & $0.087379$ & $-0.678749$ & $-0.676055$ & $0.566177$ & $0.317923$ & $-0.234325$ & $-0.409413$ & $0.480217$ & $0.115878$ & $0.0808181$ & $0.678204$ & $0.618769$ & $0.641724$ & $-0.265638$ & $-0.372811$ & $-0.358696$ & $-0.151499$ & $1$ & $0.653467$ & $0.214055$ & $-0.429098$ & $0.00788723$ & $-0.0201391$ & $-0.148731$ & $-0.0835931$ & $0.0662213$ & $-0.126606$ & $-0.647524$ & $-0.0466587$ & $-0.00426872$ & $0.0154656$ & $0.00823616$ & $-0.02057$ & $-0.0267622$ & $-0.00547447$ & $0.0164918$ & $-0.00710617$ & $0.00524427$ & $-0.014616$ & $0.000161742$ & $-0.0443725$ & $0.0389118$ & $0.0177552$ \\
CHQ3_11 & $-0.045287$ & $0.0107858$ & $0.011053$ & $0.0187839$ & $0.034449$ & $-0.0927529$ & $0.0856385$ & $-0.412901$ & $-0.413169$ & $0.478983$ & $0.036903$ & $-0.316507$ & $-0.392707$ & $0.601446$ & $-0.132208$ & $-0.132699$ & $0.779068$ & $0.798426$ & $0.795767$ & $-0.0304231$ & $-0.042486$ & $-0.0374155$ & $0.0599838$ & $0.653467$ & $1$ & $0.0271743$ & $0.190453$ & $0.0147538$ & $-0.0164959$ & $-0.127556$ & $-0.0957394$ & $0.0554757$ & $-0.116104$ & $-0.211939$ & $-0.0312837$ & $-0.00344785$ & $0.00345617$ & $0.0174921$ & $0.00242662$ & $-0.0560256$ & $-0.0125368$ & $0.0169476$ & $0.0175057$ & $0.0370087$ & $0.02787$ & $0.0185484$ & $-0.0275543$ & $0.00839447$ & $0.0339171$ \\
CHu_11 & $-0.015607$ & $0.00543306$ & $-0.0394971$ & $-0.0231674$ & $0.00298638$ & $0.139573$ & $0.031456$ & $-0.523177$ & $-0.510819$ & $0.226915$ & $0.579156$ & $0.0316511$ & $-0.114462$ & $-0.267585$ & $-0.19733$ & $-0.211534$ & $-0.110385$ & $0.0377555$ & $0.048599$ & $-0.569882$ & $-0.580768$ & $-0.568129$ & $-0.664737$ & $0.214055$ & $0.0271743$ & $1$ & $-0.186179$ & $-0.185408$ & $-0.0170172$ & $-0.0298525$ & $-0.0187428$ & $0.0340998$ & $-0.0395214$ & $-0.27201$ & $-0.0254051$ & $-0.00162578$ & $0.0352102$ & $0.00442846$ & $0.0153971$ & $-0.0577924$ & $-0.00146617$ & $0.039048$ & $0.0049257$ & $-0.0507284$ & $-0.0110833$ & $-0.0164072$ & $-0.0122597$ & $0.0067554$ & $-0.0101787$ \\
CHd_11 & $-0.000602042$ & $0.00260815$ & $-0.0059326$ & $0.00538634$ & $0.00504412$ & $-0.110772$ & $-0.0252435$ & $0.432439$ & $0.429301$ & $-0.236575$ & $-0.301342$ & $0.00143024$ & $0.141691$ & $-0.103749$ & $-0.389139$ & $-0.36744$ & $-0.160768$ & $-0.00937477$ & $-0.0210797$ & $0.228769$ & $0.382006$ & $0.371716$ & $0.357014$ & $-0.429098$ & $0.190453$ & $-0.186179$ & $1$ & $0.101618$ & $0.0013002$ & $0.0340115$ & $-0.0235191$ & $-0.0393887$ & $0.0235902$ & $0.687564$ & $0.00112019$ & $-0.0260619$ & $-0.0247398$ & $0.0260355$ & $0.015587$ & $-0.0116949$ & $-0.0064425$ & $-2.85735e-05$ & $0.0282594$ & $0.0352084$ & $0.0852908$ & $-0.00557678$ & $-0.0375201$ & $-0.0254982$ & $0.0227707$ \\
CHd_33 & $0.0156583$ & $0.0084304$ & $0.0157367$ & $-0.0091321$ & $0.0146173$ & $-0.0800057$ & $-0.0518315$ & $0.273124$ & $0.263351$ & $-0.0756531$ & $-0.319322$ & $0.00246196$ & $0.0614202$ & $0.176176$ & $0.103125$ & $0.118866$ & $0.0888865$ & $0.0107128$ & $0.00542733$ & $0.314331$ & $0.320413$ & $0.317271$ & $0.0116423$ & $0.00788723$ & $0.0147538$ & $-0.185408$ & $0.101618$ & $1$ & $-0.0144399$ & $0.0114548$ & $0.00522727$ & $-0.0470836$ & $-9.2189e-05$ & $0.140363$ & $0.0222903$ & $-0.0181391$ & $-0.00742019$ & $0.01689$ & $0.0235302$ & $0.0354579$ & $0.00751298$ & $-0.0187482$ & $-0.033347$ & $-0.0152332$ & $-0.0212546$ & $-0.0103855$ & $0.0102579$ & $-0.0152482$ & $-0.0356393$ \\
CeH_22r & $-0.000275752$ & $-0.017852$ & $-0.0360186$ & $0.00748066$ & $-0.00413137$ & $-0.00625067$ & $0.0166867$ & $-0.00246352$ & $0.00394609$ & $-0.0172581$ & $0.0153851$ & $0.0635139$ & $0.0508799$ & $-0.0328872$ & $-0.0118591$ & $-0.0102105$ & $-0.0186131$ & $-0.0152261$ & $-0.0212566$ & $-0.0156987$ & $-0.0142809$ & $-0.0177553$ & $0.0266276$ & $-0.0201391$ & $-0.0164959$ & $-0.0170172$ & $0.0013002$ & $-0.0144399$ & $1$ & $0.0405894$ & $0.0315812$ & $0.0059585$ & $0.0644641$ & $0.0100811$ & $0.00654166$ & $-0.00664376$ & $0.030324$ & $-0.00684054$ & $-0.00832453$ & $0.00995283$ & $0.0201452$ & $-0.0096444$ & $-0.00717806$ & $-0.0314105$ & $-0.0128773$ & $-0.0262059$ & $-0.00163127$ & $0.0174653$ & $0.0215754$ \\
CeH_33r & $-0.0329293$ & $0.015944$ & $0.00691562$ & $0.00226009$ & $-0.0276832$ & $0.0277467$ & $-0.0972869$ & $0.13469$ & $0.150992$ & $-0.148466$ & $-0.0823084$ & $0.352272$ & $0.297374$ & $-0.065048$ & $0.0486409$ & $0.0228999$ & $-0.114822$ & $-0.135723$ & $-0.115603$ & $0.0844934$ & $0.0851262$ & $0.0836779$ & $-0.0209032$ & $-0.148731$ & $-0.127556$ & $-0.0298525$ & $0.0340115$ & $0.0114548$ & $0.0405894$ & $1$ & $0.306868$ & $0.0519805$ & $0.635059$ & $0.0633884$ & $-0.0168318$ & $-0.013775$ & $-0.146548$ & $-0.0385158$ & $-0.0394727$ & $-0.00481269$ & $-0.0373056$ & $-0.00523323$ & $-0.0242503$ & $-0.0287011$ & $0.0816852$ & $0.0240175$ & $-0.0446734$ & $0.0255829$ & $-0.00265911$ \\
CuH_22r & $-0.0548638$ & $0.0114754$ & $-0.0236482$ & $0.0327415$ & $0.00224307$ & $0.021403$ & $-0.109218$ & $0.0885579$ & $0.0917177$ & $-0.0926282$ & $-0.0642558$ & $0.116035$ & $0.129442$ & $-0.0238528$ & $0.0585658$ & $0.0385743$ & $-0.0560264$ & $-0.0884468$ & $-0.0720336$ & $0.068832$ & $0.0639945$ & $0.0622991$ & $-0.0313201$ & $-0.0835931$ & $-0.0957394$ & $-0.0187428$ & $-0.0235191$ & $0.00522727$ & $0.0315812$ & $0.306868$ & $1$ & $-0.0207593$ & $0.293166$ & $0.0196927$ & $0.0337821$ & $-0.0782778$ & $0.00275591$ & $-0.0222573$ & $-0.0175329$ & $0.0413056$ & $0.0395408$ & $-0.029941$ & $-0.0207609$ & $0.0189771$ & $-0.0149072$ & $0.109809$ & $0.275921$ & $-0.0441464$ & $-0.0376389$ \\
CuH_33r & $0.0447856$ & $-0.0392745$ & $-0.0129128$ & $0.0120775$ & $0.00468078$ & $0.0166462$ & $0.939683$ & $-0.0782903$ & $-0.0392779$ & $0.0624668$ & $0.0507464$ & $-0.16699$ & $-0.262324$ & $0.0333825$ & $-0.0141251$ & $-0.0345214$ & $0.0583553$ & $0.0622116$ & $0.0750229$ & $-0.0514747$ & $-0.0520437$ & $-0.0501892$ & $-0.0130336$ & $0.0662213$ & $0.0554757$ & $0.0340998$ & $-0.0393887$ & $-0.0470836$ & $0.0059585$ & $0.0519805$ & $-0.0207593$ & $1$ & $0.0116322$ & $-0.0523621$ & $0.0529366$ & $0.0697808$ & $-0.0361514$ & $-0.00550926$ & $-0.042886$ & $-0.00276749$ & $-0.0628233$ & $0.00861399$ & $0.016957$ & $0.0583937$ & $0.04137$ & $-0.0282479$ & $-0.0396609$ & $0.00399741$ & $-0.0148647$ \\
CdH_33r & $-0.13761$ & $0.0866478$ & $0.0193982$ & $0.0201632$ & $-0.0373177$ & $0.0251514$ & $-0.15255$ & $0.109286$ & $0.136935$ & $-0.150376$ & $-0.0561713$ & $0.372046$ & $0.317245$ & $-0.0662672$ & $0.042258$ & $0.0188009$ & $-0.121326$ & $-0.132006$ & $-0.114278$ & $0.060577$ & $0.0609086$ & $0.0569781$ & $0.000248773$ & $-0.126606$ & $-0.116104$ & $-0.0395214$ & $0.0235902$ & $-9.2189e-05$ & $0.0644641$ & $0.635059$ & $0.293166$ & $0.0116322$ & $1$ & $0.0481086$ & $-0.0579081$ & $-0.091529$ & $-0.217088$ & $-0.0702306$ & $0.0311807$ & $-0.0100648$ & $-0.11485$ & $0.0209066$ & $0.114619$ & $-0.0608089$ & $0.110205$ & $0.0934777$ & $-0.0822748$ & $0.258267$ & $0.496134$ \\
CLL_1221 & $-0.0195152$ & $0.0133872$ & $-0.00785822$ & $0.0198905$ & $-0.0126602$ & $-0.14262$ & $-0.0535461$ & $0.576027$ & $0.571498$ & $-0.346516$ & $-0.381322$ & $0.0534135$ & $0.227286$ & $-0.218034$ & $-0.583404$ & $-0.0885487$ & $-0.255896$ & $0.0253568$ & $-0.351502$ & $0.304948$ & $0.466862$ & $0.459304$ & $0.219626$ & $-0.647524$ & $-0.211939$ & $-0.27201$ & $0.687564$ & $0.140363$ & $0.0100811$ & $0.0633884$ & $0.0196927$ & $-0.0523621$ & $0.0481086$ & $1$ & $0.0249468$ & $-0.0292758$ & $-0.0229533$ & $0.010685$ & $0.014596$ & $0.0156149$ & $-0.0352071$ & $0.000459431$ & $0.0254243$ & $0.0373732$ & $0.0732294$ & $-0.00507696$ & $-0.0121326$ & $-0.0314583$ & $-0.00623564$ \\
eHggint & $0.0642287$ & $-0.00917273$ & $-0.0477653$ & $0.0617245$ & $-0.00658887$ & $0.0245299$ & $-0.000138482$ & $0.0243735$ & $0.0212818$ & $0.00813451$ & $-0.0125254$ & $0.102098$ & $0.0723879$ & $-0.0106926$ & $-0.00920445$ & $0.0236312$ & $-0.0287929$ & $-0.01631$ & $-0.0351811$ & $0.00955369$ & $0.0121358$ & $0.0203189$ & $0.0254916$ & $-0.0466587$ & $-0.0312837$ & $-0.0254051$ & $0.00112019$ & $0.0222903$ & $0.00654166$ & $-0.0168318$ & $0.0337821$ & $0.0529366$ & $-0.0579081$ & $0.0249468$ & $1$ & $-0.0377908$ & $0.0506834$ & $0.0181584$ & $-0.0224447$ & $0.00055968$ & $-0.11452$ & $-0.0705216$ & $0.164647$ & $-0.168102$ & $0.111689$ & $-0.156538$ & $0.106402$ & $0.0105817$ & $-0.104498$ \\
eHggpar & $0.0993008$ & $-0.140653$ & $0.0463585$ & $-0.00376974$ & $-0.00449869$ & $-0.00410708$ & $0.0436841$ & $-0.0256685$ & $-0.0443757$ & $0.0484373$ & $0.0253563$ & $0.0491244$ & $0.00857725$ & $-0.0203864$ & $0.00730994$ & $-0.0226683$ & $0.00923345$ & $-0.00215285$ & $0.0215$ & $-0.0249907$ & $-0.0285689$ & $-0.0306739$ & $0.0158219$ & $-0.00426872$ & $-0.00344785$ & $-0.00162578$ & $-0.0260619$ & $-0.0181391$ & $-0.00664376$ & $-0.013775$ & $-0.0782778$ & $0.0697808$ & $-0.091529$ & $-0.0292758$ & $-0.0377908$ & $1$ & $0.00150739$ & $0.0248671$ & $-0.229944$ & $0.0524622$ & $0.126896$ & $-0.00442381$ & $-0.136205$ & $0.0583893$ & $-0.155706$ & $-0.0314711$ & $-0.150366$ & $0.0688962$ & $-0.176343$ \\
eHWWint & $0.262488$ & $0.085567$ & $-0.0355098$ & $-0.103597$ & $-0.0154447$ & $-0.0102135$ & $-0.0115017$ & $-0.0371141$ & $-0.0417998$ & $0.0595481$ & $0.0231331$ & $0.0123748$ & $-0.0134192$ & $0.00970511$ & $-0.000631641$ & $0.000402627$ & $0.0265166$ & $0.0215138$ & $0.0215512$ & $-0.0258878$ & $-0.0265677$ & $-0.0275164$ & $-0.0340088$ & $0.0154656$ & $0.00345617$ & $0.0352102$ & $-0.0247398$ & $-0.00742019$ & $0.030324$ & $-0.146548$ & $0.00275591$ & $-0.0361514$ & $-0.217088$ & $-0.0229533$ & $0.0506834$ & $0.00150739$ & $1$ & $0.0266858$ & $-0.130751$ & $0.0611386$ & $0.153431$ & $-0.0809679$ & $0.133053$ & $-0.0960409$ & $-0.154397$ & $0.00676551$ & $0.168756$ & $-0.117531$ & $-0.104746$ \\
eHWWpar & $0.000553853$ & $-0.0433027$ & $-0.0332954$ & $0.00914613$ & $0.0329048$ & $-0.00826133$ & $-7.1138e-05$ & $-0.00135471$ & $-0.0035149$ & $0.00441935$ & $0.00187302$ & $-0.018827$ & $-0.00692345$ & $0.000816562$ & $-0.0133818$ & $-0.0187021$ & $0.00665773$ & $0.00794711$ & $0.0094296$ & $-0.00657115$ & $-0.00135903$ & $-0.00238046$ & $-0.00582725$ & $0.00823616$ & $0.0174921$ & $0.00442846$ & $0.0260355$ & $0.01689$ & $-0.00684054$ & $-0.0385158$ & $-0.0222573$ & $-0.00550926$ & $-0.0702306$ & $0.010685$ & $0.0181584$ & $0.0248671$ & $0.0266858$ & $1$ & $-0.0392673$ & $0.00369283$ & $0.072801$ & $-0.0126786$ & $0.0692791$ & $0.0419072$ & $-0.0334434$ & $-0.000628847$ & $0.0188738$ & $0.000304564$ & $-0.0471324$ \\
eHZZint & $-0.186394$ & $-0.00923203$ & $0.0275279$ & $-0.0653413$ & $-0.0465785$ & $0.00561677$ & $-0.0309495$ & $0.0348687$ & $0.0443612$ & $-0.027482$ & $-0.0274046$ & $-0.0320721$ & $-0.0104821$ & $-0.00565225$ & $0.0174002$ & $0.0284235$ & $-0.0108055$ & $-0.0250367$ & $-0.0257624$ & $0.0297244$ & $0.0287196$ & $0.0349421$ & $-0.0376442$ & $-0.02057$ & $0.00242662$ & $0.0153971$ & $0.015587$ & $0.0235302$ & $-0.00832453$ & $-0.0394727$ & $-0.0175329$ & $-0.042886$ & $0.0311807$ & $0.014596$ & $-0.0224447$ & $-0.229944$ & $-0.130751$ & $-0.0392673$ & $1$ & $0.0193768$ & $-0.0308718$ & $0.00151577$ & $0.0936362$ & $0.128942$ & $-0.101768$ & $-0.275256$ & $0.179767$ & $-0.0323855$ & $0.1458$ \\
eHZZpar & $0.0321522$ & $-0.0452159$ & $0.00163829$ & $-0.0197075$ & $-0.0126017$ & $0.00563337$ & $-0.00166017$ & $0.0645706$ & $0.0623696$ & $-0.0516413$ & $-0.055806$ & $0.00894024$ & $0.032086$ & $-0.00875213$ & $0.0514904$ & $0.067803$ & $-0.0129773$ & $-0.0495971$ & $-0.0584996$ & $0.05628$ & $0.0508888$ & $0.0518071$ & $0.02072$ & $-0.0267622$ & $-0.0560256$ & $-0.0577924$ & $-0.0116949$ & $0.0354579$ & $0.00995283$ & $-0.00481269$ & $0.0413056$ & $-0.00276749$ & $-0.0100648$ & $0.0156149$ & $0.00055968$ & $0.0524622$ & $0.0611386$ & $0.00369283$ & $0.0193768$ & $1$ & $0.0228651$ & $-0.0453922$ & $-0.0207088$ & $0.037447$ & $-0.136575$ & $0.00664812$ & $-0.0566487$ & $-0.0241969$ & $-0.0128803$ \\
eHZgaint & $0.0356202$ & $0.100032$ & $-0.0774824$ & $-0.0928293$ & $0.00244493$ & $-0.014222$ & $-0.0644468$ & $-0.000130284$ & $-0.0169477$ & $-0.0070157$ & $0.00340878$ & $0.0202981$ & $0.0213041$ & $-0.0252232$ & $0.0512131$ & $-0.014769$ & $-0.00313124$ & $-0.0488367$ & $0.000312127$ & $-0.0019341$ & $-0.00620148$ & $-0.0108763$ & $-0.0122146$ & $-0.00547447$ & $-0.0125368$ & $-0.00146617$ & $-0.0064425$ & $0.00751298$ & $0.0201452$ & $-0.0373056$ & $0.0395408$ & $-0.0628233$ & $-0.11485$ & $-0.0352071$ & $-0.11452$ & $0.126896$ & $0.153431$ & $0.072801$ & $-0.0308718$ & $0.0228651$ & $1$ & $0.00308937$ & $-0.143207$ & $-0.190238$ & $-0.26883$ & $0.0137436$ & $0.116132$ & $-0.179571$ & $-0.148554$ \\
eHZgapar & $0.0146322$ & $0.0272349$ & $-0.043894$ & $-0.0253165$ & $0.0298124$ & $0.0297994$ & $0.0144018$ & $-0.0227104$ & $-0.0127381$ & $0.0434996$ & $0.0163813$ & $0.0172872$ & $-0.00323518$ & $-0.00965354$ & $-0.0143688$ & $-0.0208466$ & $0.0262994$ & $0.0199759$ & $0.0267445$ & $-0.0154415$ & $-0.0140337$ & $-0.0144063$ & $-0.0346153$ & $0.0164918$ & $0.0169476$ & $0.039048$ & $-2.85735e-05$ & $-0.0187482$ & $-0.0096444$ & $-0.00523323$ & $-0.029941$ & $0.00861399$ & $0.0209066$ & $0.000459431$ & $-0.0705216$ & $-0.00442381$ & $-0.0809679$ & $-0.0126786$ & $0.00151577$ & $-0.0453922$ & $0.00308937$ & $1$ & $0.048382$ & $0.00190671$ & $0.00255844$ & $-0.0168618$ & $-0.0466694$ & $0.078163$ & $0.0243963$ \\
eHgagaint & $-0.14279$ & $0.215435$ & $0.177173$ & $-0.0185862$ & $0.0165505$ & $0.0242279$ & $0.0290341$ & $0.0073587$ & $0.064172$ & $-0.024987$ & $-0.00267964$ & $-0.00934523$ & $0.00903453$ & $0.00567248$ & $-0.0151257$ & $0.0134527$ & $-0.0147877$ & $0.00508908$ & $-0.0172064$ & $0.0101042$ & $0.00821678$ & $0.00980205$ & $0.00369865$ & $-0.00710617$ & $0.0175057$ & $0.0049257$ & $0.0282594$ & $-0.033347$ & $-0.00717806$ & $-0.0242503$ & $-0.0207609$ & $0.016957$ & $0.114619$ & $0.0254243$ & $0.164647$ & $-0.136205$ & $0.133053$ & $0.0692791$ & $0.0936362$ & $-0.0207088$ & $-0.143207$ & $0.048382$ & $1$ & $-0.0180867$ & $0.0402027$ & $0.0569726$ & $0.0514334$ & $0.434901$ & $0.216141$ \\
eHmumuint & $0.131335$ & $-0.0671347$ & $0.0115259$ & $0.0109802$ & $-0.0249932$ & $-0.0381374$ & $0.0762337$ & $0.013013$ & $0.0143585$ & $0.00840674$ & $-0.0303464$ & $-0.0676003$ & $-0.0545105$ & $0.0387921$ & $-0.0324558$ & $0.00784302$ & $0.0394004$ & $0.0552427$ & $0.0249631$ & $0.0266844$ & $0.0310142$ & $0.0294629$ & $0.0412967$ & $0.00524427$ & $0.0370087$ & $-0.0507284$ & $0.0352084$ & $-0.0152332$ & $-0.0314105$ & $-0.0287011$ & $0.0189771$ & $0.0583937$ & $-0.0608089$ & $0.0373732$ & $-0.168102$ & $0.0583893$ & $-0.0960409$ & $0.0419072$ & $0.128942$ & $0.037447$ & $-0.190238$ & $0.00190671$ & $-0.0180867$ & $1$ & $0.0254462$ & $0.0667582$ & $-0.0060075$ & $-0.0195755$ & $-0.0760292$ \\
eHtautauint & $0.131584$ & $0.0765695$ & $-0.0337019$ & $-0.0262026$ & $0.0263521$ & $-0.0207511$ & $0.0266028$ & $0.00760917$ & $0.0137431$ & $0.0418438$ & $-0.0038868$ & $0.0211361$ & $0.00703233$ & $0.00913164$ & $-0.0798857$ & $-0.0392621$ & $-0.00916359$ & $0.0461083$ & $0.0102379$ & $-0.00257565$ & $0.0123655$ & $0.0121011$ & $0.0272302$ & $-0.014616$ & $0.02787$ & $-0.0110833$ & $0.0852908$ & $-0.0212546$ & $-0.0128773$ & $0.0816852$ & $-0.0149072$ & $0.04137$ & $0.110205$ & $0.0732294$ & $0.111689$ & $-0.155706$ & $-0.154397$ & $-0.0334434$ & $-0.101768$ & $-0.136575$ & $-0.26883$ & $0.00255844$ & $0.0402027$ & $0.0254462$ & $1$ & $0.0418434$ & $-0.0777108$ & $0.146379$ & $0.109698$ \\
eHccint & $-0.0683609$ & $0.0431163$ & $-0.0282635$ & $-0.0854209$ & $0.021897$ & $0.0166104$ & $-0.0265568$ & $0.00762303$ & $0.00865326$ & $0.00686584$ & $-0.0188817$ & $-0.0274382$ & $-0.0212987$ & $0.0448702$ & $0.00617441$ & $-0.00338496$ & $0.00947429$ & $0.0164707$ & $0.02225$ & $0.0196591$ & $0.0198086$ & $0.012166$ & $-0.00397621$ & $0.000161742$ & $0.0185484$ & $-0.0164072$ & $-0.00557678$ & $-0.0103855$ & $-0.0262059$ & $0.0240175$ & $0.109809$ & $-0.0282479$ & $0.0934777$ & $-0.00507696$ & $-0.156538$ & $-0.0314711$ & $0.00676551$ & $-0.000628847$ & $-0.275256$ & $0.00664812$ & $0.0137436$ & $-0.0168618$ & $0.0569726$ & $0.0667582$ & $0.0418434$ & $1$ & $0.0071999$ & $0.0768928$ & $0.114711$ \\
eHccpar & $-0.042785$ & $-0.0208686$ & $-0.151775$ & $0.0889237$ & $-0.00102066$ & $-0.00168797$ & $-0.042517$ & $0.0222255$ & $0.0161215$ & $-0.0291231$ & $-0.0183148$ & $-0.0117133$ & $0.00772684$ & $-0.00788011$ & $0.037593$ & $0.0141457$ & $-0.00714876$ & $-0.035732$ & $-0.0203655$ & $0.0183732$ & $0.0147508$ & $0.0135003$ & $-0.0283973$ & $-0.0443725$ & $-0.0275543$ & $-0.0122597$ & $-0.0375201$ & $0.0102579$ & $-0.00163127$ & $-0.0446734$ & $0.275921$ & $-0.0396609$ & $-0.0822748$ & $-0.0121326$ & $0.106402$ & $-0.150366$ & $0.168756$ & $0.0188738$ & $0.179767$ & $-0.0566487$ & $0.116132$ & $-0.0466694$ & $0.0514334$ & $-0.0060075$ & $-0.0777108$ & $0.0071999$ & $1$ & $-0.130697$ & $-0.0608082$ \\
eHbbint & $-0.0958519$ & $0.152393$ & $0.189682$ & $-0.0105468$ & $-0.0229059$ & $0.0374239$ & $0.00269079$ & $-0.0337635$ & $-0.00856895$ & $0.0225591$ & $0.0318107$ & $0.00885886$ & $-0.00563602$ & $0.00343542$ & $0.00690247$ & $-0.00188748$ & $-0.00579502$ & $0.00189198$ & $0.0053507$ & $-0.0236405$ & $-0.0297117$ & $-0.0305175$ & $0.00515565$ & $0.0389118$ & $0.00839447$ & $0.0067554$ & $-0.0254982$ & $-0.0152482$ & $0.0174653$ & $0.0255829$ & $-0.0441464$ & $0.00399741$ & $0.258267$ & $-0.0314583$ & $0.0105817$ & $0.0688962$ & $-0.117531$ & $0.000304564$ & $-0.0323855$ & $-0.0241969$ & $-0.179571$ & $0.078163$ & $0.434901$ & $-0.0195755$ & $0.146379$ & $0.0768928$ & $-0.130697$ & $1$ & $0.234863$ \\
eHbbpar & $-0.205681$ & $0.0917734$ & $0.00998088$ & $0.0294703$ & $-0.045694$ & $-0.00287199$ & $-0.0016772$ & $-0.0145575$ & $0.00369006$ & $-0.0116347$ & $0.0163123$ & $-0.0256991$ & $-0.00839041$ & $0.00868812$ & $-0.0109927$ & $-0.000574066$ & $-0.015699$ & $0.00476226$ & $-0.00219187$ & $-0.0128451$ & $-0.0130438$ & $-0.0133099$ & $0.0333468$ & $0.0177552$ & $0.0339171$ & $-0.0101787$ & $0.0227707$ & $-0.0356393$ & $0.0215754$ & $-0.00265911$ & $-0.0376389$ & $-0.0148647$ & $0.496134$ & $-0.00623564$ & $-0.104498$ & $-0.176343$ & $-0.104746$ & $-0.0471324$ & $0.1458$ & $-0.0128803$ & $-0.148554$ & $0.0243963$ & $0.216141$ & $-0.0760292$ & $0.109698$ & $0.114711$ & $-0.0608082$ & $0.234863$ & $1$ \\
