 & AlsMz & dAle5Mz & mtop & mHl & Mz & CW & CHG & CHWB & CHWHB_gaga & CHWHB_gagaorth & CHD & CHbox & CH & CHL1_11 & CHL1_22 & CHL1_33 & CHL3_11 & CHL3_22 & CHL3_33 & CHe_11 & CHe_22 & CHe_33 & CHQ1_11 & CHQ1_33 & CHQ3_11 & CHu_11 & CHd_11 & CHd_33 & CeH_22r & CeH_33r & CuH_22r & CuH_33r & CdH_33r & CLL_1221 & eHggint & eHggpar & eHWWint & eHWWpar & eHZZint & eHZZpar & eHZgaint & eHZgapar & eHgagaint & eHmumuint & eHtautauint & eHccint & eHccpar & eHbbint & eHbbpar \\
AlsMz & $1$ & $-0.260484$ & $0.170376$ & $-0.260352$ & $-0.00248401$ & $-0.0792786$ & $0.023827$ & $0.240702$ & $0.230406$ & $-0.126191$ & $-0.223394$ & $-0.0635056$ & $0.0273284$ & $0.0500962$ & $-0.0480381$ & $-0.0591949$ & $0.0123377$ & $0.00610872$ & $0.0170164$ & $0.195368$ & $0.240587$ & $0.241484$ & $0.108026$ & $-0.183978$ & $0.0467645$ & $-0.132022$ & $0.399162$ & $0.0475945$ & $0.0198359$ & $0.0146813$ & $0.0655281$ & $0.0261202$ & $0.0898676$ & $0.253916$ & $0.3577$ & $-0.0243983$ & $-0.163155$ & $-0.104296$ & $0.220332$ & $-0.105589$ & $0.526794$ & $0.0698366$ & $-0.0977875$ & $-0.237007$ & $0.150316$ & $-0.134748$ & $0.488824$ & $0.425319$ & $0.352283$ \\
dAle5Mz & $-0.260484$ & $1$ & $-0.032749$ & $0.512539$ & $-0.0364623$ & $0.0122326$ & $0.00147999$ & $-0.193784$ & $-0.199484$ & $0.0972474$ & $0.109006$ & $-0.0530111$ & $-0.105922$ & $0.0843555$ & $0.10135$ & $0.102941$ & $0.106523$ & $0.0716536$ & $0.0674004$ & $-0.0732928$ & $-0.123163$ & $-0.124283$ & $-0.0918872$ & $0.200126$ & $0.015583$ & $0.0599694$ & $-0.363063$ & $-0.0896134$ & $-0.0379802$ & $-0.0555092$ & $-0.0546118$ & $-0.00134231$ & $-0.0951641$ & $-0.238486$ & $-0.0723674$ & $0.0756361$ & $-0.149822$ & $-0.094555$ & $0.305624$ & $-0.0224653$ & $-0.0424929$ & $0.0954091$ & $-0.269763$ & $-0.298271$ & $0.201918$ & $0.225059$ & $-0.158699$ & $-0.709891$ & $0.0726745$ \\
mtop & $0.170376$ & $-0.032749$ & $1$ & $-0.393076$ & $0.0311303$ & $0.00128059$ & $0.0465337$ & $-0.00572635$ & $0.00719043$ & $-0.0396679$ & $0.0495979$ & $0.0611742$ & $0.0680293$ & $-0.0773576$ & $-0.0457394$ & $-0.0665648$ & $-0.0750704$ & $-0.047537$ & $-0.0350468$ & $-0.0532388$ & $-0.0410794$ & $-0.0439003$ & $0.0203116$ & $-0.0580144$ & $-0.0379862$ & $0.0381024$ & $0.0718491$ & $-0.0341869$ & $-0.0879081$ & $0.0641961$ & $0.0647651$ & $0.0661764$ & $0.0765858$ & $0.0354753$ & $-0.0655891$ & $-0.0118455$ & $0.17413$ & $0.155442$ & $-0.0600757$ & $0.0389551$ & $0.392865$ & $0.00118951$ & $0.205792$ & $-0.0557203$ & $-0.2915$ & $-0.115577$ & $0.199939$ & $-0.0540631$ & $-0.0260689$ \\
mHl & $-0.260352$ & $0.512539$ & $-0.393076$ & $1$ & $-0.0390011$ & $0.0871033$ & $-0.143025$ & $-0.209862$ & $-0.218954$ & $0.150453$ & $0.138481$ & $-0.00228438$ & $-0.0820564$ & $0.0602017$ & $0.103935$ & $0.0613487$ & $0.0812926$ & $0.0469403$ & $0.0785432$ & $-0.110013$ & $-0.160128$ & $-0.159867$ & $-0.111484$ & $0.202146$ & $0.0387546$ & $0.102891$ & $-0.316781$ & $-0.09513$ & $0.0194655$ & $-0.0517573$ & $-0.00658045$ & $-0.152369$ & $-0.0856077$ & $-0.273176$ & $0.05754$ & $-0.187328$ & $-0.162576$ & $-0.0548323$ & $0.482228$ & $0.0173695$ & $-0.244776$ & $0.0432678$ & $-0.175162$ & $-0.0319121$ & $0.1257$ & $-0.00764567$ & $0.0592381$ & $-0.32159$ & $0.0252119$ \\
Mz & $-0.00248401$ & $-0.0364623$ & $0.0311303$ & $-0.0390011$ & $1$ & $0.0261049$ & $0.0264577$ & $-0.0346183$ & $-0.0319396$ & $0.0100922$ & $0.0327725$ & $-0.00223507$ & $-0.00705477$ & $0.0100559$ & $0.00238844$ & $0.0209516$ & $0.0157202$ & $0.0179994$ & $0.0066696$ & $-0.0207298$ & $-0.0270403$ & $-0.0239643$ & $0.00706618$ & $0.0373367$ & $0.019005$ & $-0.00357152$ & $-0.0291908$ & $0.000954931$ & $-0.0135451$ & $0.0237801$ & $0.00290838$ & $0.0194907$ & $0.00754806$ & $-0.0342222$ & $-0.0270799$ & $0.0230026$ & $0.020113$ & $-0.00721297$ & $-0.0505183$ & $-0.00104608$ & $-0.0105754$ & $0.036679$ & $0.00909987$ & $0.018285$ & $-0.0348056$ & $-0.00461055$ & $0.0360496$ & $0.0394585$ & $0.0109136$ \\
CW & $-0.0792786$ & $0.0122326$ & $0.00128059$ & $0.0871033$ & $0.0261049$ & $1$ & $-0.0413164$ & $-0.155983$ & $-0.153682$ & $0.061399$ & $0.213445$ & $0.0845809$ & $0.00286726$ & $0.00981916$ & $-0.0969163$ & $-0.100489$ & $-0.266559$ & $-0.0458619$ & $-0.0379991$ & $-0.210451$ & $-0.217808$ & $-0.214982$ & $-0.0219872$ & $0.0194677$ & $-0.0878741$ & $0.122744$ & $-0.109327$ & $-0.0363099$ & $0.0581722$ & $0.0378903$ & $-0.000612996$ & $-0.0324262$ & $0.0225586$ & $-0.144659$ & $-0.0389538$ & $-0.0317043$ & $0.00868594$ & $-0.00556127$ & $0.0110375$ & $0.0173327$ & $-0.0447542$ & $-0.0253078$ & $0.0278113$ & $0.0619088$ & $0.00512279$ & $-0.0202$ & $-0.0393396$ & $-0.046021$ & $0.0158779$ \\
CHG & $0.023827$ & $0.00147999$ & $0.0465337$ & $-0.143025$ & $0.0264577$ & $-0.0413164$ & $1$ & $-0.125782$ & $-0.0681419$ & $0.0521227$ & $0.0571485$ & $-0.223392$ & $-0.285921$ & $0.0690968$ & $-0.0420707$ & $-0.0071566$ & $0.139245$ & $0.147969$ & $0.119551$ & $-0.0520082$ & $-0.0597362$ & $-0.0590958$ & $-0.0664063$ & $0.14211$ & $0.136761$ & $0.0711929$ & $-0.0548825$ & $-0.00208582$ & $-0.000455001$ & $-0.131218$ & $-0.0612698$ & $0.933379$ & $-0.18476$ & $-0.0592461$ & $-0.012324$ & $-0.0583833$ & $0.0882013$ & $-0.0374633$ & $0.0130507$ & $0.0126519$ & $0.0985626$ & $0.0509$ & $0.00217154$ & $-0.0753618$ & $0.0248453$ & $-0.0421547$ & $-0.0877726$ & $-0.044955$ & $-0.113724$ \\
CHWB & $0.240702$ & $-0.193784$ & $-0.00572635$ & $-0.209862$ & $-0.0346183$ & $-0.155983$ & $-0.125782$ & $1$ & $0.984214$ & $-0.567404$ & $-0.878464$ & $-0.0589742$ & $0.255732$ & $0.149795$ & $0.396102$ & $0.365457$ & $-0.18057$ & $-0.413222$ & $-0.399873$ & $0.855049$ & $0.888914$ & $0.8725$ & $0.0402644$ & $-0.62778$ & $-0.402701$ & $-0.501304$ & $0.359882$ & $0.273054$ & $0.0295219$ & $0.0523119$ & $0.0456327$ & $-0.136061$ & $0.0901189$ & $0.504959$ & $-0.010234$ & $0.0733999$ & $-0.014917$ & $0.0454751$ & $-0.111547$ & $-0.00648029$ & $0.195984$ & $-0.00910813$ & $0.126243$ & $-0.0570793$ & $-0.0221433$ & $-0.0727796$ & $0.10946$ & $0.150716$ & $0.0353339$ \\
CHWHB_gaga & $0.230406$ & $-0.199484$ & $0.00719043$ & $-0.218954$ & $-0.0319396$ & $-0.153682$ & $-0.0681419$ & $0.984214$ & $1$ & $-0.55502$ & $-0.86313$ & $-0.0395686$ & $0.254085$ & $0.142293$ & $0.38806$ & $0.359409$ & $-0.179367$ & $-0.408016$ & $-0.396756$ & $0.84053$ & $0.873465$ & $0.855843$ & $0.0319579$ & $-0.619708$ & $-0.396847$ & $-0.487606$ & $0.35536$ & $0.270792$ & $0.0318539$ & $0.0770951$ & $0.058376$ & $-0.0864867$ & $0.117334$ & $0.498948$ & $-0.0199343$ & $0.0675107$ & $-0.00950437$ & $0.0438812$ & $-0.11294$ & $-0.000235589$ & $0.206811$ & $-0.00861562$ & $0.155483$ & $-0.0576194$ & $-0.0345316$ & $-0.0830573$ & $0.108173$ & $0.145663$ & $0.029832$ \\
CHWHB_gagaorth & $-0.126191$ & $0.0972474$ & $-0.0396679$ & $0.150453$ & $0.0100922$ & $0.061399$ & $0.0521227$ & $-0.567404$ & $-0.55502$ & $1$ & $0.358695$ & $0.363721$ & $-0.193318$ & $0.183115$ & $-0.180819$ & $-0.149528$ & $0.381197$ & $0.461185$ & $0.439138$ & $-0.348161$ & $-0.371997$ & $-0.369942$ & $-0.0796473$ & $0.53805$ & $0.443997$ & $0.238026$ & $-0.225951$ & $-0.083619$ & $-0.0077531$ & $-0.0890698$ & $-0.0484872$ & $0.0735753$ & $-0.114686$ & $-0.316982$ & $0.00364667$ & $-0.0235297$ & $-0.0424832$ & $-0.0164746$ & $0.0837206$ & $0.0175394$ & $-0.103512$ & $-0.00606414$ & $-0.0490826$ & $0.040524$ & $0.0265317$ & $0.0383437$ & $0.00528066$ & $-0.0375729$ & $-0.00329668$ \\
CHD & $-0.223394$ & $0.109006$ & $0.0495979$ & $0.138481$ & $0.0327725$ & $0.213445$ & $0.0571485$ & $-0.878464$ & $-0.86313$ & $0.358695$ & $1$ & $0.182606$ & $-0.105514$ & $-0.555663$ & $-0.475361$ & $-0.442658$ & $-0.276646$ & $0.0303341$ & $0.0206515$ & $-0.991089$ & $-0.992787$ & $-0.969847$ & $0.00229634$ & $0.25252$ & $-0.0106032$ & $0.545446$ & $-0.291182$ & $-0.32337$ & $-0.0236545$ & $-0.0230076$ & $-0.0317771$ & $0.0764208$ & $-0.0526045$ & $-0.335404$ & $0.0380155$ & $-0.0420101$ & $0.0264326$ & $-0.054126$ & $0.0448112$ & $0.0288417$ & $-0.191905$ & $-0.00569531$ & $-0.0904133$ & $0.117016$ & $-0.0135819$ & $0.0486553$ & $-0.109108$ & $-0.116426$ & $-0.0213796$ \\
CHbox & $-0.0635056$ & $-0.0530111$ & $0.0611742$ & $-0.00228438$ & $-0.00223507$ & $0.0845809$ & $-0.223392$ & $-0.0589742$ & $-0.0395686$ & $0.363721$ & $0.182606$ & $1$ & $0.658583$ & $-0.27983$ & $0.0227487$ & $0.0307577$ & $-0.268003$ & $-0.239931$ & $-0.245749$ & $-0.164044$ & $-0.193133$ & $-0.189191$ & $-0.0505932$ & $-0.107137$ & $-0.264862$ & $0.11612$ & $-0.17381$ & $-0.0409793$ & $0.033496$ & $0.321518$ & $0.111212$ & $-0.129353$ & $0.440041$ & $-0.0833369$ & $0.078395$ & $0.0914483$ & $-0.0804291$ & $0.00669271$ & $-0.0406051$ & $0.0726927$ & $-0.0433366$ & $-0.0282664$ & $0.0854583$ & $0.158439$ & $-0.0784371$ & $0.0165122$ & $0.115248$ & $0.054275$ & $0.133968$ \\
CH & $0.0273284$ & $-0.105922$ & $0.0680293$ & $-0.0820564$ & $-0.00705477$ & $0.00286726$ & $-0.285921$ & $0.255732$ & $0.254085$ & $-0.193318$ & $-0.105514$ & $0.658583$ & $1$ & $-0.204479$ & $0.11227$ & $0.0764578$ & $-0.286823$ & $-0.330057$ & $-0.308762$ & $0.106817$ & $0.10578$ & $0.102581$ & $0.00428998$ & $-0.310787$ & $-0.334916$ & $-0.0656922$ & $0.0151504$ & $0.0383289$ & $0.0214816$ & $0.260284$ & $0.116817$ & $-0.234307$ & $0.374822$ & $0.110762$ & $0.047725$ & $0.10233$ & $-0.0513326$ & $0.0203188$ & $-0.0659341$ & $0.0476828$ & $0.0220986$ & $-0.0284417$ & $0.137082$ & $0.0942372$ & $-0.0620485$ & $0.0172028$ & $0.113259$ & $0.102166$ & $0.136409$ \\
CHL1_11 & $0.0500962$ & $0.0843555$ & $-0.0773576$ & $0.0602017$ & $0.0100559$ & $0.00981916$ & $0.0690968$ & $0.149795$ & $0.142293$ & $0.183115$ & $-0.555663$ & $-0.27983$ & $-0.204479$ & $1$ & $0.236173$ & $0.229926$ & $0.660084$ & $0.605654$ & $0.597295$ & $0.566094$ & $0.530903$ & $0.510397$ & $-0.0655863$ & $0.458834$ & $0.625429$ & $-0.273229$ & $0.0118091$ & $0.208845$ & $0.0108768$ & $-0.0427595$ & $-0.0115876$ & $0.0470622$ & $-0.0394354$ & $-0.153506$ & $-0.0740841$ & $-0.0598194$ & $-0.0105296$ & $0.0364719$ & $0.0918051$ & $-0.061522$ & $0.0712026$ & $0.0134795$ & $-0.0165852$ & $-0.13793$ & $0.0615284$ & $0.0100549$ & $0.0218519$ & $-0.027325$ & $-0.0134573$ \\
CHL1_22 & $-0.0480381$ & $0.10135$ & $-0.0457394$ & $0.103935$ & $0.00238844$ & $-0.0969163$ & $-0.0420707$ & $0.396102$ & $0.38806$ & $-0.180819$ & $-0.475361$ & $0.0227487$ & $0.11227$ & $0.236173$ & $1$ & $0.395557$ & $0.121369$ & $-0.484912$ & $-0.0520949$ & $0.53043$ & $0.407136$ & $0.396963$ & $-0.126162$ & $0.0339529$ & $-0.122679$ & $-0.221794$ & $-0.288811$ & $0.144331$ & $0.0223152$ & $0.0533514$ & $0.0481874$ & $-0.0311811$ & $0.0705464$ & $-0.560279$ & $0.0178364$ & $0.0271089$ & $-0.063991$ & $0.0540261$ & $0.0681474$ & $-0.0112398$ & $0.0398999$ & $0.0599166$ & $-0.00377404$ & $0.015486$ & $0.0502393$ & $-0.00590766$ & $0.064702$ & $-0.0708198$ & $0.0976377$ \\
CHL1_33 & $-0.0591949$ & $0.102941$ & $-0.0665648$ & $0.0613487$ & $0.0209516$ & $-0.100489$ & $-0.0071566$ & $0.365457$ & $0.359409$ & $-0.149528$ & $-0.442658$ & $0.0307577$ & $0.0764578$ & $0.229926$ & $0.395557$ & $1$ & $0.108983$ & $-0.04241$ & $-0.481358$ & $0.498146$ & $0.375843$ & $0.396443$ & $-0.0886322$ & $0.0473146$ & $-0.139054$ & $-0.235069$ & $-0.329178$ & $0.107604$ & $0.0113038$ & $0.0621473$ & $0.0274715$ & $0.0101409$ & $0.0803993$ & $-0.000199648$ & $0.0439344$ & $0.0633745$ & $-0.114666$ & $0.0623421$ & $0.035832$ & $0.0112639$ & $0.0252776$ & $0.049954$ & $-0.0739958$ & $-0.0173302$ & $0.0391584$ & $-0.0356827$ & $0.0143363$ & $-0.0952389$ & $0.0797203$ \\
CHL3_11 & $0.0123377$ & $0.106523$ & $-0.0750704$ & $0.0812926$ & $0.0157202$ & $-0.266559$ & $0.139245$ & $-0.18057$ & $-0.179367$ & $0.381197$ & $-0.276646$ & $-0.268003$ & $-0.286823$ & $0.660084$ & $0.121369$ & $0.108983$ & $1$ & $0.738114$ & $0.737737$ & $0.290082$ & $0.258669$ & $0.245819$ & $-0.0536519$ & $0.66605$ & $0.809902$ & $-0.116778$ & $-0.0202232$ & $0.107229$ & $-0.0241934$ & $-0.0624474$ & $-0.0250543$ & $0.114715$ & $-0.0827211$ & $-0.172168$ & $-0.0561002$ & $-0.0384058$ & $-0.0133877$ & $0.0137359$ & $0.0894808$ & $-0.0320006$ & $0.011564$ & $0.0290088$ & $-0.0424009$ & $-0.123663$ & $0.0472004$ & $0.0396665$ & $0.0194157$ & $-0.00646315$ & $-0.0552083$ \\
CHL3_22 & $0.00610872$ & $0.0716536$ & $-0.047537$ & $0.0469403$ & $0.0179994$ & $-0.0458619$ & $0.147969$ & $-0.413222$ & $-0.408016$ & $0.461185$ & $0.0303341$ & $-0.239931$ & $-0.330057$ & $0.605654$ & $-0.484912$ & $-0.04241$ & $0.738114$ & $1$ & $0.668706$ & $-0.0356897$ & $-0.0189775$ & $-0.022486$ & $0.0043645$ & $0.629262$ & $0.802075$ & $0.028018$ & $0.0649291$ & $0.0161825$ & $-0.0240139$ & $-0.0809126$ & $-0.0520425$ & $0.124968$ & $-0.104607$ & $0.0980637$ & $-0.0651876$ & $-0.070139$ & $0.0198072$ & $-0.0111892$ & $0.0672387$ & $-0.0321829$ & $-0.0224878$ & $-0.00942443$ & $-0.0577794$ & $-0.119287$ & $0.0249868$ & $0.0369637$ & $-0.0386079$ & $-0.00977092$ & $-0.0891463$ \\
CHL3_33 & $0.0170164$ & $0.0674004$ & $-0.0350468$ & $0.0785432$ & $0.0066696$ & $-0.0379991$ & $0.119551$ & $-0.399873$ & $-0.396756$ & $0.439138$ & $0.0206515$ & $-0.245749$ & $-0.308762$ & $0.597295$ & $-0.0520949$ & $-0.481358$ & $0.737737$ & $0.668706$ & $1$ & $-0.0270626$ & $-0.0079294$ & $-0.0124806$ & $-0.0168627$ & $0.614213$ & $0.813218$ & $0.0431164$ & $0.102962$ & $0.0371871$ & $-0.0142619$ & $-0.0893335$ & $-0.0346055$ & $0.0913588$ & $-0.112182$ & $-0.315501$ & $-0.0816973$ & $-0.0990918$ & $0.0565398$ & $-0.0209893$ & $0.0944669$ & $-0.0478672$ & $-0.0115207$ & $0.00205334$ & $-0.00755284$ & $-0.0936968$ & $0.0385126$ & $0.0575523$ & $-0.00112931$ & $0.0118599$ & $-0.0745268$ \\
CHe_11 & $0.195368$ & $-0.0732928$ & $-0.0532388$ & $-0.110013$ & $-0.0207298$ & $-0.210451$ & $-0.0520082$ & $0.855049$ & $0.84053$ & $-0.348161$ & $-0.991089$ & $-0.164044$ & $0.106817$ & $0.566094$ & $0.53043$ & $0.498146$ & $0.290082$ & $-0.0356897$ & $-0.0270626$ & $1$ & $0.976756$ & $0.954828$ & $-0.0174387$ & $-0.205825$ & $0.0174619$ & $-0.539339$ & $0.224778$ & $0.319159$ & $0.0222131$ & $0.0289752$ & $0.0344434$ & $-0.0679095$ & $0.0577171$ & $0.263469$ & $-0.0373653$ & $0.0414019$ & $-0.0346155$ & $0.0560336$ & $-0.0307911$ & $-0.0261751$ & $0.179913$ & $0.0130522$ & $0.0759834$ & $-0.114487$ & $0.0178285$ & $-0.0428686$ & $0.104186$ & $0.0868934$ & $0.0292544$ \\
CHe_22 & $0.240587$ & $-0.123163$ & $-0.0410794$ & $-0.160128$ & $-0.0270403$ & $-0.217808$ & $-0.0597362$ & $0.888914$ & $0.873465$ & $-0.371997$ & $-0.992787$ & $-0.193133$ & $0.10578$ & $0.530903$ & $0.407136$ & $0.375843$ & $0.258669$ & $-0.0189775$ & $-0.0079294$ & $0.976756$ & $1$ & $0.973037$ & $0.0144868$ & $-0.294274$ & $0.00500597$ & $-0.547885$ & $0.352598$ & $0.324346$ & $0.0214617$ & $0.0170637$ & $0.0299489$ & $-0.0822047$ & $0.0459325$ & $0.407137$ & $-0.0468209$ & $0.0439714$ & $-0.0159227$ & $0.0473956$ & $-0.0597899$ & $-0.0280119$ & $0.199667$ & $-0.000404347$ & $0.101383$ & $-0.126181$ & $0.00602195$ & $-0.0465517$ & $0.106346$ & $0.12882$ & $0.00867103$ \\
CHe_33 & $0.241484$ & $-0.124283$ & $-0.0439003$ & $-0.159867$ & $-0.0239643$ & $-0.214982$ & $-0.0590958$ & $0.8725$ & $0.855843$ & $-0.369942$ & $-0.969847$ & $-0.189191$ & $0.102581$ & $0.510397$ & $0.396963$ & $0.396443$ & $0.245819$ & $-0.022486$ & $-0.0124806$ & $0.954828$ & $0.973037$ & $1$ & $0.020179$ & $-0.29343$ & $0.000367922$ & $-0.538703$ & $0.347821$ & $0.31617$ & $0.0232379$ & $0.0130727$ & $0.027343$ & $-0.0823909$ & $0.0426543$ & $0.405573$ & $-0.0421906$ & $0.0462473$ & $-0.0192921$ & $0.0479333$ & $-0.0538852$ & $-0.0284099$ & $0.194248$ & $0.00468774$ & $0.0949407$ & $-0.122633$ & $0.0090248$ & $-0.0439591$ & $0.108199$ & $0.13045$ & $0.0144342$ \\
CHQ1_11 & $0.108026$ & $-0.0918872$ & $0.0203116$ & $-0.111484$ & $0.00706618$ & $-0.0219872$ & $-0.0664063$ & $0.0402644$ & $0.0319579$ & $-0.0796473$ & $0.00229634$ & $-0.0505932$ & $0.00428998$ & $-0.0655863$ & $-0.126162$ & $-0.0886322$ & $-0.0536519$ & $0.0043645$ & $-0.0168627$ & $-0.0174387$ & $0.0144868$ & $0.020179$ & $1$ & $-0.101212$ & $0.034545$ & $-0.689424$ & $0.26942$ & $0.00348126$ & $-0.0264805$ & $-0.0391228$ & $-0.00713669$ & $-0.0787931$ & $-0.0277614$ & $0.152102$ & $-0.00503433$ & $0.0242699$ & $0.0334994$ & $0.00193656$ & $-0.0648166$ & $-0.0491171$ & $0.0523046$ & $-0.0576935$ & $0.0100443$ & $-0.0438767$ & $0.000722137$ & $-0.0306218$ & $-0.0486342$ & $0.0487186$ & $-0.065771$ \\
CHQ1_33 & $-0.183978$ & $0.200126$ & $-0.0580144$ & $0.202146$ & $0.0373367$ & $0.0194677$ & $0.14211$ & $-0.62778$ & $-0.619708$ & $0.53805$ & $0.25252$ & $-0.107137$ & $-0.310787$ & $0.458834$ & $0.0339529$ & $0.0473146$ & $0.66605$ & $0.629262$ & $0.614213$ & $-0.205825$ & $-0.294274$ & $-0.29343$ & $-0.101212$ & $1$ & $0.678157$ & $0.17581$ & $-0.310525$ & $0.0392896$ & $-0.0133853$ & $-0.050772$ & $-0.0441499$ & $0.139413$ & $-0.0810518$ & $-0.563738$ & $-0.0263386$ & $-0.0761775$ & $-0.0193384$ & $-0.00194438$ & $0.128033$ & $-0.0200571$ & $-0.107327$ & $0.0236792$ & $-0.0914129$ & $-0.0339838$ & $0.0559824$ & $0.0337128$ & $-0.0631348$ & $-0.135412$ & $-0.0368107$ \\
CHQ3_11 & $0.0467645$ & $0.015583$ & $-0.0379862$ & $0.0387546$ & $0.019005$ & $-0.0878741$ & $0.136761$ & $-0.402701$ & $-0.396847$ & $0.443997$ & $-0.0106032$ & $-0.264862$ & $-0.334916$ & $0.625429$ & $-0.122679$ & $-0.139054$ & $0.809902$ & $0.802075$ & $0.813218$ & $0.0174619$ & $0.00500597$ & $0.000367922$ & $0.034545$ & $0.678157$ & $1$ & $0.0331762$ & $0.250567$ & $0.0408532$ & $-0.0305011$ & $-0.0885774$ & $-0.0249796$ & $0.106535$ & $-0.112568$ & $-0.222009$ & $-0.0734076$ & $-0.0880648$ & $0.046524$ & $-0.00879864$ & $0.0696558$ & $-0.0420998$ & $0.00813959$ & $-0.0344894$ & $0.0134837$ & $-0.128837$ & $0.0304677$ & $0.0365181$ & $-0.00980264$ & $0.0562827$ & $-0.105216$ \\
CHu_11 & $-0.132022$ & $0.0599694$ & $0.0381024$ & $0.102891$ & $-0.00357152$ & $0.122744$ & $0.0711929$ & $-0.501304$ & $-0.487606$ & $0.238026$ & $0.545446$ & $0.11612$ & $-0.0656922$ & $-0.273229$ & $-0.221794$ & $-0.235069$ & $-0.116778$ & $0.028018$ & $0.0431164$ & $-0.539339$ & $-0.547885$ & $-0.538703$ & $-0.689424$ & $0.17581$ & $0.0331762$ & $1$ & $-0.141215$ & $-0.185565$ & $-0.00112265$ & $0.0114692$ & $0.00259481$ & $0.0848311$ & $-0.0181973$ & $-0.238317$ & $0.0182022$ & $-0.0377812$ & $0.00686373$ & $-0.0362351$ & $0.0614245$ & $0.0438672$ & $-0.106292$ & $0.000443271$ & $-0.00356692$ & $0.0660994$ & $-0.0162947$ & $0.025429$ & $-0.00625701$ & $-0.0429396$ & $0.00831832$ \\
CHd_11 & $0.399162$ & $-0.363063$ & $0.0718491$ & $-0.316781$ & $-0.0291908$ & $-0.109327$ & $-0.0548825$ & $0.359882$ & $0.35536$ & $-0.225951$ & $-0.291182$ & $-0.17381$ & $0.0151504$ & $0.0118091$ & $-0.288811$ & $-0.329178$ & $-0.0202232$ & $0.0649291$ & $0.102962$ & $0.224778$ & $0.352598$ & $0.347821$ & $0.26942$ & $-0.310525$ & $0.250567$ & $-0.141215$ & $1$ & $0.0977682$ & $-0.00992735$ & $-0.0448441$ & $0.0167226$ & $-0.0935657$ & $-0.0366485$ & $0.577262$ & $-0.0317647$ & $-0.0106849$ & $0.0930457$ & $-0.0304594$ & $-0.13321$ & $-0.0310569$ & $0.214129$ & $-0.116372$ & $0.21614$ & $-0.137194$ & $-0.0443933$ & $-0.0727682$ & $0.0916342$ & $0.328428$ & $-0.105792$ \\
CHd_33 & $0.0475945$ & $-0.0896134$ & $-0.0341869$ & $-0.09513$ & $0.000954931$ & $-0.0363099$ & $-0.00208582$ & $0.273054$ & $0.270792$ & $-0.083619$ & $-0.32337$ & $-0.0409793$ & $0.0383289$ & $0.208845$ & $0.144331$ & $0.107604$ & $0.107229$ & $0.0161825$ & $0.0371871$ & $0.319159$ & $0.324346$ & $0.31617$ & $0.00348126$ & $0.0392896$ & $0.0408532$ & $-0.185565$ & $0.0977682$ & $1$ & $-0.0202612$ & $0.0188197$ & $0.0303539$ & $-0.000459143$ & $0.0468215$ & $0.100954$ & $-0.0591118$ & $0.00418577$ & $0.0226452$ & $0.0243532$ & $-0.0553931$ & $0.0401434$ & $0.053041$ & $-0.00624503$ & $0.067511$ & $0.0218625$ & $-0.0327051$ & $-0.0374746$ & $0.0179599$ & $0.0679512$ & $-0.000329404$ \\
CeH_22r & $0.0198359$ & $-0.0379802$ & $-0.0879081$ & $0.0194655$ & $-0.0135451$ & $0.0581722$ & $-0.000455001$ & $0.0295219$ & $0.0318539$ & $-0.0077531$ & $-0.0236545$ & $0.033496$ & $0.0214816$ & $0.0108768$ & $0.0223152$ & $0.0113038$ & $-0.0241934$ & $-0.0240139$ & $-0.0142619$ & $0.0222131$ & $0.0214617$ & $0.0232379$ & $-0.0264805$ & $-0.0133853$ & $-0.0305011$ & $-0.00112265$ & $-0.00992735$ & $-0.0202612$ & $1$ & $0.0434671$ & $0.025522$ & $-0.0120287$ & $0.0347809$ & $-0.00370225$ & $0.0252685$ & $0.021936$ & $-0.0168281$ & $-0.0199346$ & $-0.00230507$ & $-0.0321574$ & $-0.01381$ & $-0.00311439$ & $-0.00047186$ & $0.000645349$ & $0.0445039$ & $-0.012702$ & $0.0221568$ & $0.0465719$ & $-0.016676$ \\
CeH_33r & $0.0146813$ & $-0.0555092$ & $0.0641961$ & $-0.0517573$ & $0.0237801$ & $0.0378903$ & $-0.131218$ & $0.0523119$ & $0.0770951$ & $-0.0890698$ & $-0.0230076$ & $0.321518$ & $0.260284$ & $-0.0427595$ & $0.0533514$ & $0.0621473$ & $-0.0624474$ & $-0.0809126$ & $-0.0893335$ & $0.0289752$ & $0.0170637$ & $0.0130727$ & $-0.0391228$ & $-0.050772$ & $-0.0885774$ & $0.0114692$ & $-0.0448441$ & $0.0188197$ & $0.0434671$ & $1$ & $0.30614$ & $0.0174246$ & $0.709799$ & $-0.00582536$ & $0.0653457$ & $0.0244732$ & $-0.0515012$ & $-0.0258162$ & $-0.0146314$ & $-0.00711752$ & $0.0627343$ & $-0.023472$ & $0.107508$ & $0.0621724$ & $-0.0839832$ & $-0.0773181$ & $0.0948522$ & $0.0151642$ & $0.0690985$ \\
CuH_22r & $0.0655281$ & $-0.0546118$ & $0.0647651$ & $-0.00658045$ & $0.00290838$ & $-0.000612996$ & $-0.0612698$ & $0.0456327$ & $0.058376$ & $-0.0484872$ & $-0.0317771$ & $0.111212$ & $0.116817$ & $-0.0115876$ & $0.0481874$ & $0.0274715$ & $-0.0250543$ & $-0.0520425$ & $-0.0346055$ & $0.0344434$ & $0.0299489$ & $0.027343$ & $-0.00713669$ & $-0.0441499$ & $-0.0249796$ & $0.00259481$ & $0.0167226$ & $0.0303539$ & $0.025522$ & $0.30614$ & $1$ & $0.0274312$ & $0.380427$ & $-0.00572366$ & $0.0578752$ & $0.0612831$ & $-0.048638$ & $-0.0156071$ & $-0.0418385$ & $0.0107735$ & $0.0440505$ & $-0.028008$ & $0.0499039$ & $0.0473835$ & $-0.0847209$ & $-0.0509119$ & $0.177841$ & $0.0784171$ & $0.0135337$ \\
CuH_33r & $0.0261202$ & $-0.00134231$ & $0.0661764$ & $-0.152369$ & $0.0194907$ & $-0.0324262$ & $0.933379$ & $-0.136061$ & $-0.0864867$ & $0.0735753$ & $0.0764208$ & $-0.129353$ & $-0.234307$ & $0.0470622$ & $-0.0311811$ & $0.0101409$ & $0.114715$ & $0.124968$ & $0.0913588$ & $-0.0679095$ & $-0.0822047$ & $-0.0823909$ & $-0.0787931$ & $0.139413$ & $0.106535$ & $0.0848311$ & $-0.0935657$ & $-0.000459143$ & $-0.0120287$ & $0.0174246$ & $0.0274312$ & $1$ & $0.0204929$ & $-0.0799542$ & $0.0486852$ & $-0.0281628$ & $0.0415319$ & $-0.0454966$ & $0.0171237$ & $0.0154498$ & $0.118521$ & $0.0402771$ & $0.0299902$ & $-0.056413$ & $0.0138028$ & $-0.0716774$ & $-0.0553362$ & $-0.0413346$ & $-0.0650535$ \\
CdH_33r & $0.0898676$ & $-0.0951641$ & $0.0765858$ & $-0.0856077$ & $0.00754806$ & $0.0225586$ & $-0.18476$ & $0.0901189$ & $0.117334$ & $-0.114686$ & $-0.0526045$ & $0.440041$ & $0.374822$ & $-0.0394354$ & $0.0705464$ & $0.0803993$ & $-0.0827211$ & $-0.104607$ & $-0.112182$ & $0.0577171$ & $0.0459325$ & $0.0426543$ & $-0.0277614$ & $-0.0810518$ & $-0.112568$ & $-0.0181973$ & $-0.0366485$ & $0.0468215$ & $0.0347809$ & $0.709799$ & $0.380427$ & $0.0204929$ & $1$ & $0.00659983$ & $0.128936$ & $0.0793736$ & $-0.120152$ & $-0.0265522$ & $-0.0334879$ & $0.0418712$ & $0.112542$ & $-0.0191539$ & $0.167226$ & $0.0669781$ & $-0.102222$ & $-0.0454577$ & $0.186075$ & $0.113079$ & $0.249671$ \\
CLL_1221 & $0.253916$ & $-0.238486$ & $0.0354753$ & $-0.273176$ & $-0.0342222$ & $-0.144659$ & $-0.0592461$ & $0.504959$ & $0.498948$ & $-0.316982$ & $-0.335404$ & $-0.0833369$ & $0.110762$ & $-0.153506$ & $-0.560279$ & $-0.000199648$ & $-0.172168$ & $0.0980637$ & $-0.315501$ & $0.263469$ & $0.407137$ & $0.405573$ & $0.152102$ & $-0.563738$ & $-0.222009$ & $-0.238317$ & $0.577262$ & $0.100954$ & $-0.00370225$ & $-0.00582536$ & $-0.00572366$ & $-0.0799542$ & $0.00659983$ & $1$ & $-0.0234855$ & $0.0548408$ & $0.0360085$ & $-0.0115287$ & $-0.157435$ & $0.0110366$ & $0.13676$ & $-0.0520053$ & $0.103855$ & $-0.0776546$ & $-0.0648502$ & $-0.0545174$ & $0.0385111$ & $0.188236$ & $-0.0660844$ \\
eHggint & $0.3577$ & $-0.0723674$ & $-0.0655891$ & $0.05754$ & $-0.0270799$ & $-0.0389538$ & $-0.012324$ & $-0.010234$ & $-0.0199343$ & $0.00364667$ & $0.0380155$ & $0.078395$ & $0.047725$ & $-0.0740841$ & $0.0178364$ & $0.0439344$ & $-0.0561002$ & $-0.0651876$ & $-0.0816973$ & $-0.0373653$ & $-0.0468209$ & $-0.0421906$ & $-0.00503433$ & $-0.0263386$ & $-0.0734076$ & $0.0182022$ & $-0.0317647$ & $-0.0591118$ & $0.0252685$ & $0.0653457$ & $0.0578752$ & $0.0486852$ & $0.128936$ & $-0.0234855$ & $1$ & $-0.0109241$ & $-0.600178$ & $-0.0483848$ & $0.182352$ & $-0.185311$ & $0.175745$ & $-0.148417$ & $-0.0882183$ & $0.0421091$ & $0.239263$ & $-0.260531$ & $0.349822$ & $0.184086$ & $0.41888$ \\
eHggpar & $-0.0243983$ & $0.0756361$ & $-0.0118455$ & $-0.187328$ & $0.0230026$ & $-0.0317043$ & $-0.0583833$ & $0.0733999$ & $0.0675107$ & $-0.0235297$ & $-0.0420101$ & $0.0914483$ & $0.10233$ & $-0.0598194$ & $0.0271089$ & $0.0633745$ & $-0.0384058$ & $-0.070139$ & $-0.0990918$ & $0.0414019$ & $0.0439714$ & $0.0462473$ & $0.0242699$ & $-0.0761775$ & $-0.0880648$ & $-0.0377812$ & $-0.0106849$ & $0.00418577$ & $0.021936$ & $0.0244732$ & $0.0612831$ & $-0.0281628$ & $0.0793736$ & $0.0548408$ & $-0.0109241$ & $1$ & $-0.463772$ & $-0.0798313$ & $-0.481792$ & $-0.138889$ & $-0.118471$ & $0.00142753$ & $0.0920893$ & $0.0488722$ & $-0.132725$ & $0.141166$ & $0.261197$ & $0.101143$ & $0.105317$ \\
eHWWint & $-0.163155$ & $-0.149822$ & $0.17413$ & $-0.162576$ & $0.020113$ & $0.00868594$ & $0.0882013$ & $-0.014917$ & $-0.00950437$ & $-0.0424832$ & $0.0264326$ & $-0.0804291$ & $-0.0513326$ & $-0.0105296$ & $-0.063991$ & $-0.114666$ & $-0.0133877$ & $0.0198072$ & $0.0565398$ & $-0.0346155$ & $-0.0159227$ & $-0.0192921$ & $0.0334994$ & $-0.0193384$ & $0.046524$ & $0.00686373$ & $0.0930457$ & $0.0226452$ & $-0.0168281$ & $-0.0515012$ & $-0.048638$ & $0.0415319$ & $-0.120152$ & $0.0360085$ & $-0.600178$ & $-0.463772$ & $1$ & $0.05214$ & $-0.0119295$ & $0.100724$ & $-0.144855$ & $0.0127744$ & $-0.168609$ & $0.186506$ & $-0.0634255$ & $0.258748$ & $-0.47202$ & $0.0725127$ & $-0.432981$ \\
eHWWpar & $-0.104296$ & $-0.094555$ & $0.155442$ & $-0.0548323$ & $-0.00721297$ & $-0.00556127$ & $-0.0374633$ & $0.0454751$ & $0.0438812$ & $-0.0164746$ & $-0.054126$ & $0.00669271$ & $0.0203188$ & $0.0364719$ & $0.0540261$ & $0.0623421$ & $0.0137359$ & $-0.0111892$ & $-0.0209893$ & $0.0560336$ & $0.0473956$ & $0.0479333$ & $0.00193656$ & $-0.00194438$ & $-0.00879864$ & $-0.0362351$ & $-0.0304594$ & $0.0243532$ & $-0.0199346$ & $-0.0258162$ & $-0.0156071$ & $-0.0454966$ & $-0.0265522$ & $-0.0115287$ & $-0.0483848$ & $-0.0798313$ & $0.05214$ & $1$ & $-0.074339$ & $-0.00269032$ & $-0.0657538$ & $0.0429439$ & $0.14097$ & $0.0844381$ & $-0.0945361$ & $-0.0774724$ & $-0.06203$ & $-0.0532212$ & $0.0101016$ \\
eHZZint & $0.220332$ & $0.305624$ & $-0.0600757$ & $0.482228$ & $-0.0505183$ & $0.0110375$ & $0.0130507$ & $-0.111547$ & $-0.11294$ & $0.0837206$ & $0.0448112$ & $-0.0406051$ & $-0.0659341$ & $0.0918051$ & $0.0681474$ & $0.035832$ & $0.0894808$ & $0.0672387$ & $0.0944669$ & $-0.0307911$ & $-0.0597899$ & $-0.0538852$ & $-0.0648166$ & $0.128033$ & $0.0696558$ & $0.0614245$ & $-0.13321$ & $-0.0553931$ & $-0.00230507$ & $-0.0146314$ & $-0.0418385$ & $0.0171237$ & $-0.0334879$ & $-0.157435$ & $0.182352$ & $-0.481792$ & $-0.0119295$ & $-0.074339$ & $1$ & $0.0617767$ & $0.246286$ & $0.0922998$ & $-0.127546$ & $-0.23503$ & $0.449255$ & $-0.248699$ & $-0.0349108$ & $-0.248724$ & $0.226072$ \\
eHZZpar & $-0.105589$ & $-0.0224653$ & $0.0389551$ & $0.0173695$ & $-0.00104608$ & $0.0173327$ & $0.0126519$ & $-0.00648029$ & $-0.000235589$ & $0.0175394$ & $0.0288417$ & $0.0726927$ & $0.0476828$ & $-0.061522$ & $-0.0112398$ & $0.0112639$ & $-0.0320006$ & $-0.0321829$ & $-0.0478672$ & $-0.0261751$ & $-0.0280119$ & $-0.0284099$ & $-0.0491171$ & $-0.0200571$ & $-0.0420998$ & $0.0438672$ & $-0.0310569$ & $0.0401434$ & $-0.0321574$ & $-0.00711752$ & $0.0107735$ & $0.0154498$ & $0.0418712$ & $0.0110366$ & $-0.185311$ & $-0.138889$ & $0.100724$ & $-0.00269032$ & $0.0617767$ & $1$ & $-0.0677231$ & $0.0753917$ & $0.125223$ & $-0.017558$ & $-0.0578188$ & $0.0996058$ & $-0.0084727$ & $0.0531191$ & $0.118925$ \\
eHZgaint & $0.526794$ & $-0.0424929$ & $0.392865$ & $-0.244776$ & $-0.0105754$ & $-0.0447542$ & $0.0985626$ & $0.195984$ & $0.206811$ & $-0.103512$ & $-0.191905$ & $-0.0433366$ & $0.0220986$ & $0.0712026$ & $0.0398999$ & $0.0252776$ & $0.011564$ & $-0.0224878$ & $-0.0115207$ & $0.179913$ & $0.199667$ & $0.194248$ & $0.0523046$ & $-0.107327$ & $0.00813959$ & $-0.106292$ & $0.214129$ & $0.053041$ & $-0.01381$ & $0.0627343$ & $0.0440505$ & $0.118521$ & $0.112542$ & $0.13676$ & $0.175745$ & $-0.118471$ & $-0.144855$ & $-0.0657538$ & $0.246286$ & $-0.0677231$ & $1$ & $0.105868$ & $0.280058$ & $-0.439696$ & $0.110775$ & $-0.4275$ & $0.195813$ & $-0.00734858$ & $0.317426$ \\
eHZgapar & $0.0698366$ & $0.0954091$ & $0.00118951$ & $0.0432678$ & $0.036679$ & $-0.0253078$ & $0.0509$ & $-0.00910813$ & $-0.00861562$ & $-0.00606414$ & $-0.00569531$ & $-0.0282664$ & $-0.0284417$ & $0.0134795$ & $0.0599166$ & $0.049954$ & $0.0290088$ & $-0.00942443$ & $0.00205334$ & $0.0130522$ & $-0.000404347$ & $0.00468774$ & $-0.0576935$ & $0.0236792$ & $-0.0344894$ & $0.000443271$ & $-0.116372$ & $-0.00624503$ & $-0.00311439$ & $-0.023472$ & $-0.028008$ & $0.0402771$ & $-0.0191539$ & $-0.0520053$ & $-0.148417$ & $0.00142753$ & $0.0127744$ & $0.0429439$ & $0.0922998$ & $0.0753917$ & $0.105868$ & $1$ & $-0.071515$ & $-0.116336$ & $0.147452$ & $0.061552$ & $-0.0312412$ & $-0.10033$ & $0.0753458$ \\
eHgagaint & $-0.0977875$ & $-0.269763$ & $0.205792$ & $-0.175162$ & $0.00909987$ & $0.0278113$ & $0.00217154$ & $0.126243$ & $0.155483$ & $-0.0490826$ & $-0.0904133$ & $0.0854583$ & $0.137082$ & $-0.0165852$ & $-0.00377404$ & $-0.0739958$ & $-0.0424009$ & $-0.0577794$ & $-0.00755284$ & $0.0759834$ & $0.101383$ & $0.0949407$ & $0.0100443$ & $-0.0914129$ & $0.0134837$ & $-0.00356692$ & $0.21614$ & $0.067511$ & $-0.00047186$ & $0.107508$ & $0.0499039$ & $0.0299902$ & $0.167226$ & $0.103855$ & $-0.0882183$ & $0.0920893$ & $-0.168609$ & $0.14097$ & $-0.127546$ & $0.125223$ & $0.280058$ & $-0.071515$ & $1$ & $-0.0814801$ & $-0.235556$ & $-0.309556$ & $0.131086$ & $0.128528$ & $0.215544$ \\
eHmumuint & $-0.237007$ & $-0.298271$ & $-0.0557203$ & $-0.0319121$ & $0.018285$ & $0.0619088$ & $-0.0753618$ & $-0.0570793$ & $-0.0576194$ & $0.040524$ & $0.117016$ & $0.158439$ & $0.0942372$ & $-0.13793$ & $0.015486$ & $-0.0173302$ & $-0.123663$ & $-0.119287$ & $-0.0936968$ & $-0.114487$ & $-0.126181$ & $-0.122633$ & $-0.0438767$ & $-0.0339838$ & $-0.128837$ & $0.0660994$ & $-0.137194$ & $0.0218625$ & $0.000645349$ & $0.0621724$ & $0.0473835$ & $-0.056413$ & $0.0669781$ & $-0.0776546$ & $0.0421091$ & $0.0488722$ & $0.186506$ & $0.0844381$ & $-0.23503$ & $-0.017558$ & $-0.439696$ & $-0.116336$ & $-0.0814801$ & $1$ & $-0.00175401$ & $0.00440717$ & $0.127666$ & $0.31431$ & $-0.123578$ \\
eHtautauint & $0.150316$ & $0.201918$ & $-0.2915$ & $0.1257$ & $-0.0348056$ & $0.00512279$ & $0.0248453$ & $-0.0221433$ & $-0.0345316$ & $0.0265317$ & $-0.0135819$ & $-0.0784371$ & $-0.0620485$ & $0.0615284$ & $0.0502393$ & $0.0391584$ & $0.0472004$ & $0.0249868$ & $0.0385126$ & $0.0178285$ & $0.00602195$ & $0.0090248$ & $0.000722137$ & $0.0559824$ & $0.0304677$ & $-0.0162947$ & $-0.0443933$ & $-0.0327051$ & $0.0445039$ & $-0.0839832$ & $-0.0847209$ & $0.0138028$ & $-0.102222$ & $-0.0648502$ & $0.239263$ & $-0.132725$ & $-0.0634255$ & $-0.0945361$ & $0.449255$ & $-0.0578188$ & $0.110775$ & $0.147452$ & $-0.235556$ & $-0.00175401$ & $1$ & $-0.109811$ & $-0.232067$ & $-0.119742$ & $0.197127$ \\
eHccint & $-0.134748$ & $0.225059$ & $-0.115577$ & $-0.00764567$ & $-0.00461055$ & $-0.0202$ & $-0.0421547$ & $-0.0727796$ & $-0.0830573$ & $0.0383437$ & $0.0486553$ & $0.0165122$ & $0.0172028$ & $0.0100549$ & $-0.00590766$ & $-0.0356827$ & $0.0396665$ & $0.0369637$ & $0.0575523$ & $-0.0428686$ & $-0.0465517$ & $-0.0439591$ & $-0.0306218$ & $0.0337128$ & $0.0365181$ & $0.025429$ & $-0.0727682$ & $-0.0374746$ & $-0.012702$ & $-0.0773181$ & $-0.0509119$ & $-0.0716774$ & $-0.0454577$ & $-0.0545174$ & $-0.260531$ & $0.141166$ & $0.258748$ & $-0.0774724$ & $-0.248699$ & $0.0996058$ & $-0.4275$ & $0.061552$ & $-0.309556$ & $0.00440717$ & $-0.109811$ & $1$ & $-0.105559$ & $0.153771$ & $-0.0678835$ \\
eHccpar & $0.488824$ & $-0.158699$ & $0.199939$ & $0.0592381$ & $0.0360496$ & $-0.0393396$ & $-0.0877726$ & $0.10946$ & $0.108173$ & $0.00528066$ & $-0.109108$ & $0.115248$ & $0.113259$ & $0.0218519$ & $0.064702$ & $0.0143363$ & $0.0194157$ & $-0.0386079$ & $-0.00112931$ & $0.104186$ & $0.106346$ & $0.108199$ & $-0.0486342$ & $-0.0631348$ & $-0.00980264$ & $-0.00625701$ & $0.0916342$ & $0.0179599$ & $0.0221568$ & $0.0948522$ & $0.177841$ & $-0.0553362$ & $0.186075$ & $0.0385111$ & $0.349822$ & $0.261197$ & $-0.47202$ & $-0.06203$ & $-0.0349108$ & $-0.0084727$ & $0.195813$ & $-0.0312412$ & $0.131086$ & $0.127666$ & $-0.232067$ & $-0.105559$ & $1$ & $0.415988$ & $0.319033$ \\
eHbbint & $0.425319$ & $-0.709891$ & $-0.0540631$ & $-0.32159$ & $0.0394585$ & $-0.046021$ & $-0.044955$ & $0.150716$ & $0.145663$ & $-0.0375729$ & $-0.116426$ & $0.054275$ & $0.102166$ & $-0.027325$ & $-0.0708198$ & $-0.0952389$ & $-0.00646315$ & $-0.00977092$ & $0.0118599$ & $0.0868934$ & $0.12882$ & $0.13045$ & $0.0487186$ & $-0.135412$ & $0.0562827$ & $-0.0429396$ & $0.328428$ & $0.0679512$ & $0.0465719$ & $0.0151642$ & $0.0784171$ & $-0.0413346$ & $0.113079$ & $0.188236$ & $0.184086$ & $0.101143$ & $0.0725127$ & $-0.0532212$ & $-0.248724$ & $0.0531191$ & $-0.00734858$ & $-0.10033$ & $0.128528$ & $0.31431$ & $-0.119742$ & $0.153771$ & $0.415988$ & $1$ & $0.138867$ \\
eHbbpar & $0.352283$ & $0.0726745$ & $-0.0260689$ & $0.0252119$ & $0.0109136$ & $0.0158779$ & $-0.113724$ & $0.0353339$ & $0.029832$ & $-0.00329668$ & $-0.0213796$ & $0.133968$ & $0.136409$ & $-0.0134573$ & $0.0976377$ & $0.0797203$ & $-0.0552083$ & $-0.0891463$ & $-0.0745268$ & $0.0292544$ & $0.00867103$ & $0.0144342$ & $-0.065771$ & $-0.0368107$ & $-0.105216$ & $0.00831832$ & $-0.105792$ & $-0.000329404$ & $-0.016676$ & $0.0690985$ & $0.0135337$ & $-0.0650535$ & $0.249671$ & $-0.0660844$ & $0.41888$ & $0.105317$ & $-0.432981$ & $0.0101016$ & $0.226072$ & $0.118925$ & $0.317426$ & $0.0753458$ & $0.215544$ & $-0.123578$ & $0.197127$ & $-0.0678835$ & $0.319033$ & $0.138867$ & $1$ \\
