 & AlsMz & dAle5Mz & mtop & mHl & Mz & CW & CHG & CHWB & CHWHB_gaga & CHWHB_gagaorth & CHD & CHbox & CHL1_11 & CHL1_22 & CHL1_33 & CHL3_11 & CHL3_22 & CHL3_33 & CHe_11 & CHe_22 & CHe_33 & CHQ1_11 & CHQ1_33 & CHQ3_11 & CHu_11 & CHd_11 & CHd_33 & CeH_22r & CeH_33r & CuH_22r & CuH_33r & CdH_33r & CLL_1221 & eHggint & eHggpar & eHWWint & eHWWpar & eHZZint & eHZZpar & eHZgaint & eHZgapar & eHgagaint & eHmumuint & eHtautauint & eHccint & eHccpar & eHbbint & eHbbpar \\
AlsMz & $1$ & $-0.266476$ & $0.418835$ & $0.544115$ & $-0.0438973$ & $-0.00907511$ & $-0.0298044$ & $0.024238$ & $0.00739823$ & $-0.0389228$ & $-0.028041$ & $-0.0379647$ & $0.010763$ & $0.00973367$ & $-0.011723$ & $0.0104005$ & $-0.000538407$ & $0.0189918$ & $0.0214418$ & $0.0234145$ & $0.0213175$ & $0.0213992$ & $-0.0327192$ & $-0.0496551$ & $-0.0463211$ & $0.00601537$ & $0.0292944$ & $0.003279$ & $0.0647628$ & $0.0667603$ & $-0.0351525$ & $-0.0269835$ & $0.00570883$ & $-0.0630492$ & $-0.0594045$ & $-0.391943$ & $-0.0172274$ & $-0.223755$ & $-0.0303194$ & $0.382099$ & $-0.00133592$ & $-0.533702$ & $0.571601$ & $0.485304$ & $0.424448$ & $0.213666$ & $-0.0784863$ & $-0.362532$ \\
dAle5Mz & $-0.266476$ & $1$ & $0.0143122$ & $-0.169345$ & $-0.00115862$ & $0.0148869$ & $0.0228647$ & $-0.0571007$ & $-0.0511783$ & $0.0393587$ & $0.0462593$ & $0.0247387$ & $-0.00501271$ & $-0.0143934$ & $-0.00562016$ & $0.00679284$ & $0.0170533$ & $0.0112876$ & $-0.0359914$ & $-0.0365473$ & $-0.0340871$ & $-0.00884712$ & $0.0263916$ & $0.0242967$ & $0.0335196$ & $-0.0201468$ & $-0.0216719$ & $-0.0117877$ & $-0.0593334$ & $-0.0763375$ & $0.0195155$ & $0.00642788$ & $-0.00852365$ & $-0.0980163$ & $0.0712816$ & $0.357563$ & $0.015637$ & $0.375243$ & $-0.0618768$ & $-0.346243$ & $0.0973088$ & $0.179205$ & $-0.0363336$ & $-0.586336$ & $-0.327948$ & $-0.355928$ & $-0.0927134$ & $0.274544$ \\
mtop & $0.418835$ & $0.0143122$ & $1$ & $0.35768$ & $-0.0380606$ & $-0.00302207$ & $-0.00452105$ & $-0.000129863$ & $-0.000531075$ & $-0.00992996$ & $0.00682892$ & $-0.000652385$ & $-0.0098897$ & $-0.0168999$ & $-0.016905$ & $-0.00842668$ & $0.00051669$ & $0.000477788$ & $-0.00852515$ & $-0.0032633$ & $-0.0051032$ & $0.0374005$ & $-0.0199523$ & $-0.028312$ & $-0.0327532$ & $0.00755697$ & $0.0128276$ & $0.00166386$ & $0.0102887$ & $-0.0150875$ & $0.00329476$ & $-0.0717197$ & $0.0164165$ & $0.208759$ & $0.0133974$ & $-0.177044$ & $0.0112509$ & $-0.174547$ & $0.0145752$ & $0.0522051$ & $0.0410398$ & $0.0766343$ & $0.20096$ & $0.213242$ & $-0.127185$ & $-0.0818401$ & $-0.0301541$ & $-0.398828$ \\
mHl & $0.544115$ & $-0.169345$ & $0.35768$ & $1$ & $-0.0450123$ & $-0.00763774$ & $-0.0292281$ & $0.023873$ & $0.0114692$ & $-0.025077$ & $-0.0262931$ & $-0.0206336$ & $0.0162134$ & $0.00245853$ & $0.00696032$ & $0.00671314$ & $0.0057539$ & $0.00311659$ & $0.0220111$ & $0.0232676$ & $0.0230668$ & $0.0208066$ & $-0.0156224$ & $-0.0232428$ & $-0.0350291$ & $0.0133302$ & $0.020966$ & $-0.000636833$ & $0.0409116$ & $0.0171527$ & $-0.0307287$ & $-0.0933227$ & $0.0131204$ & $0.195886$ & $-0.0528492$ & $-0.235625$ & $0.00754769$ & $-0.692639$ & $-0.146126$ & $0.235199$ & $0.026082$ & $-0.337376$ & $0.381446$ & $0.457764$ & $0.253134$ & $0.0264108$ & $-0.648083$ & $-0.371806$ \\
Mz & $-0.0438973$ & $-0.00115862$ & $-0.0380606$ & $-0.0450123$ & $1$ & $0.00539188$ & $0.000666011$ & $-0.00768874$ & $-0.007766$ & $0.00888975$ & $0.0138073$ & $0.00057884$ & $0.0111195$ & $-0.00013212$ & $0.0103165$ & $-0.00016389$ & $0.00453919$ & $-0.00207766$ & $-0.00556964$ & $-0.00432351$ & $-0.00564992$ & $-0.00631335$ & $0.00380414$ & $-0.00207191$ & $0.00208666$ & $-0.0162693$ & $-0.00652832$ & $0.00940589$ & $-0.00101188$ & $-0.014093$ & $0.000700659$ & $0.00238213$ & $-0.00976078$ & $-0.0153597$ & $-0.000199482$ & $-0.0185536$ & $0.0390718$ & $0.0248927$ & $-0.00602865$ & $0.0119506$ & $-0.0310224$ & $0.0236712$ & $-0.0245985$ & $-0.0067675$ & $0.0110607$ & $-0.0163886$ & $0.0285172$ & $0.0147811$ \\
CW & $-0.00907511$ & $0.0148869$ & $-0.00302207$ & $-0.00763774$ & $0.00539188$ & $1$ & $0.013788$ & $-0.133275$ & $-0.130347$ & $0.0199624$ & $0.180817$ & $0.0464054$ & $0.0308827$ & $-0.0798144$ & $-0.076588$ & $-0.26514$ & $-0.041874$ & $-0.0450196$ & $-0.17803$ & $-0.184438$ & $-0.183693$ & $-0.0160653$ & $0.0114873$ & $-0.0882209$ & $0.108668$ & $-0.0831389$ & $-0.0575621$ & $0.00454035$ & $0.00164441$ & $-0.00280608$ & $0.0133955$ & $-0.00447863$ & $-0.123021$ & $-0.0123041$ & $-0.00121096$ & $0.03137$ & $-0.0141356$ & $0.00173646$ & $-0.0111317$ & $-0.0149163$ & $0.00641202$ & $-0.00655861$ & $-0.0208006$ & $-0.031546$ & $-0.0171511$ & $-0.0191398$ & $0.00310629$ & $0.00914034$ \\
CHG & $-0.0298044$ & $0.0228647$ & $-0.00452105$ & $-0.0292281$ & $0.000666011$ & $0.013788$ & $1$ & $0.0281313$ & $0.0797944$ & $-0.0382051$ & $-0.0245734$ & $-0.0456493$ & $0.00779779$ & $0.0251573$ & $0.000913466$ & $-0.00799168$ & $-0.0234906$ & $-0.00199951$ & $0.0249041$ & $0.0250209$ & $0.0251416$ & $-0.00372164$ & $-0.0185605$ & $-0.00640402$ & $-0.00981791$ & $0.0104882$ & $0.000181415$ & $0.0149654$ & $-0.0698172$ & $-0.025987$ & $0.933779$ & $-0.082557$ & $-0.00153149$ & $-0.122035$ & $-0.0245808$ & $0.136743$ & $-0.030309$ & $-0.0673756$ & $0.018459$ & $0.0631385$ & $0.156171$ & $-0.0716935$ & $-0.19355$ & $-0.092187$ & $-0.0440214$ & $0.0591584$ & $0.0139128$ & $0.0151981$ \\
CHWB & $0.024238$ & $-0.0571007$ & $-0.000129863$ & $0.023873$ & $-0.00768874$ & $-0.133275$ & $0.0281313$ & $1$ & $0.983144$ & $-0.533774$ & $-0.887788$ & $-0.302695$ & $0.203038$ & $0.298132$ & $0.290078$ & $-0.127579$ & $-0.345901$ & $-0.343409$ & $0.858511$ & $0.904322$ & $0.885303$ & $0.0595505$ & $-0.620306$ & $-0.307628$ & $-0.511413$ & $0.410628$ & $0.299608$ & $0.00406938$ & $0.01991$ & $0.0251809$ & $0.0167982$ & $0.00711282$ & $0.528999$ & $-0.0077131$ & $-0.0434122$ & $-0.00803838$ & $0.0129619$ & $-0.0351908$ & $-0.00776536$ & $0.0289067$ & $0.0186963$ & $-0.0396738$ & $0.00194042$ & $0.0415464$ & $0.0207376$ & $0.0260633$ & $0.000451948$ & $-0.0246378$ \\
CHWHB_gaga & $0.00739823$ & $-0.0511783$ & $-0.000531075$ & $0.0114692$ & $-0.007766$ & $-0.130347$ & $0.0797944$ & $0.983144$ & $1$ & $-0.525162$ & $-0.869824$ & $-0.278409$ & $0.193012$ & $0.295192$ & $0.28709$ & $-0.132175$ & $-0.347482$ & $-0.344748$ & $0.841579$ & $0.885921$ & $0.86737$ & $0.0588212$ & $-0.613506$ & $-0.308021$ & $-0.500505$ & $0.401741$ & $0.292186$ & $0.00828693$ & $0.0382956$ & $0.0343026$ & $0.0585997$ & $0.0315164$ & $0.518196$ & $-0.00670669$ & $-0.0387222$ & $-0.00607302$ & $0.015005$ & $-0.0309587$ & $-0.0024111$ & $0.0224566$ & $0.022043$ & $-0.015706$ & $-0.0146912$ & $0.0326641$ & $0.0085915$ & $0.0319772$ & $0.00868131$ & $-0.0237821$ \\
CHWHB_gagaorth & $-0.0389228$ & $0.0393587$ & $-0.00992996$ & $-0.025077$ & $0.00888975$ & $0.0199624$ & $-0.0382051$ & $-0.533774$ & $-0.525162$ & $1$ & $0.329564$ & $0.66077$ & $0.178845$ & $-0.124537$ & $-0.115234$ & $0.379278$ & $0.444986$ & $0.437833$ & $-0.318134$ & $-0.342968$ & $-0.337768$ & $-0.049848$ & $0.511385$ & $0.432078$ & $0.201784$ & $-0.206901$ & $-0.129191$ & $-0.00792844$ & $-0.0836805$ & $-0.0578488$ & $-0.0134897$ & $-0.0791569$ & $-0.301904$ & $0.0346982$ & $0.0454514$ & $-0.0161339$ & $0.00429269$ & $0.0486872$ & $0.0113608$ & $-0.029022$ & $-0.0337518$ & $0.0669721$ & $0.014119$ & $-0.0292613$ & $-0.00927599$ & $-0.0206534$ & $0.0241381$ & $0.0196812$ \\
CHD & $-0.028041$ & $0.0462593$ & $0.00682892$ & $-0.0262931$ & $0.0138073$ & $0.180817$ & $-0.0245734$ & $-0.887788$ & $-0.869824$ & $0.329564$ & $1$ & $0.31549$ & $-0.582373$ & $-0.421284$ & $-0.410416$ & $-0.305177$ & $0.000742076$ & $-0.00171907$ & $-0.990359$ & $-0.991341$ & $-0.969464$ & $-0.00309748$ & $0.264225$ & $-0.055051$ & $0.560945$ & $-0.280418$ & $-0.327966$ & $0.00251494$ & $-0.0178544$ & $-0.0201421$ & $-0.0110387$ & $-0.0173265$ & $-0.338568$ & $0.0110607$ & $0.0376316$ & $0.0151885$ & $-0.0200354$ & $0.0252015$ & $0.00660835$ & $-0.0295446$ & $-0.00919903$ & $0.0407672$ & $-0.00851813$ & $-0.0340092$ & $-0.0331013$ & $-0.0200797$ & $-0.00344295$ & $0.019384$ \\
CHbox & $-0.0379647$ & $0.0247387$ & $-0.000652385$ & $-0.0206336$ & $0.00057884$ & $0.0464054$ & $-0.0456493$ & $-0.302695$ & $-0.278409$ & $0.66077$ & $0.31549$ & $1$ & $-0.172514$ & $-0.0592631$ & $-0.0411441$ & $-0.0686168$ & $-0.00732159$ & $-0.0202467$ & $-0.293602$ & $-0.325487$ & $-0.318273$ & $-0.033466$ & $0.14015$ & $-0.014366$ & $0.186553$ & $-0.169444$ & $-0.122741$ & $0.0233791$ & $0.181081$ & $0.0251667$ & $0.0288876$ & $0.253377$ & $-0.188071$ & $0.0599392$ & $0.0463905$ & $-0.0104141$ & $-0.000819034$ & $0.0304037$ & $0.0134167$ & $-0.0256563$ & $-0.010606$ & $0.070011$ & $0.01456$ & $-0.0158798$ & $-0.0266682$ & $-0.00945415$ & $0.0104478$ & $0.0225559$ \\
CHL1_11 & $0.010763$ & $-0.00501271$ & $-0.0098897$ & $0.0162134$ & $0.0111195$ & $0.0308827$ & $0.00779779$ & $0.203038$ & $0.193012$ & $0.178845$ & $-0.582373$ & $-0.172514$ & $1$ & $0.301468$ & $0.293975$ & $0.638302$ & $0.563039$ & $0.562647$ & $0.599358$ & $0.545773$ & $0.530268$ & $-0.0805158$ & $0.418743$ & $0.572948$ & $-0.309435$ & $-0.0662774$ & $0.181471$ & $-0.0136276$ & $0.00207536$ & $-0.00184627$ & $-0.00325026$ & $0.0175718$ & $-0.170024$ & $-0.0116476$ & $-0.00656117$ & $-0.00773573$ & $0.0197801$ & $0.0043812$ & $-0.00853409$ & $0.0113942$ & $-0.00269966$ & $-0.0163454$ & $0.00179582$ & $-0.0027486$ & $0.0252946$ & $-0.00189514$ & $0.00605066$ & $0.000552672$ \\
CHL1_22 & $0.00973367$ & $-0.0143934$ & $-0.0168999$ & $0.00245853$ & $-0.00013212$ & $-0.0798144$ & $0.0251573$ & $0.298132$ & $0.295192$ & $-0.124537$ & $-0.421284$ & $-0.0592631$ & $0.301468$ & $1$ & $0.434251$ & $0.203739$ & $-0.457073$ & $0.000432648$ & $0.486809$ & $0.337955$ & $0.326867$ & $-0.186532$ & $0.147411$ & $-0.111961$ & $-0.186719$ & $-0.400117$ & $0.104464$ & $0.00300158$ & $0.0232294$ & $0.0106643$ & $0.0232993$ & $0.0244861$ & $-0.623678$ & $-0.0162757$ & $-0.00251918$ & $-0.0178966$ & $-0.0104291$ & $-0.0139563$ & $0.0149395$ & $0.000204451$ & $-0.00536954$ & $-0.016853$ & $-0.000104135$ & $0.0109424$ & $0.0178085$ & $-0.000310729$ & $0.0138144$ & $-0.00338856$ \\
CHL1_33 & $-0.011723$ & $-0.00562016$ & $-0.016905$ & $0.00696032$ & $0.0103165$ & $-0.076588$ & $0.000913466$ & $0.290078$ & $0.28709$ & $-0.115234$ & $-0.410416$ & $-0.0411441$ & $0.293975$ & $0.434251$ & $1$ & $0.199078$ & $0.00513651$ & $-0.443988$ & $0.475365$ & $0.329509$ & $0.3478$ & $-0.182991$ & $0.14291$ & $-0.104518$ & $-0.181201$ & $-0.391533$ & $0.100368$ & $-0.00178602$ & $0.0157427$ & $0.0033518$ & $9.53909e-05$ & $0.0236354$ & $-0.111219$ & $-0.00500135$ & $-0.00463202$ & $-0.00344409$ & $0.0130594$ & $-0.0173141$ & $-0.0127353$ & $0.00503086$ & $-0.0229046$ & $0.000332212$ & $-0.000496565$ & $-0.00825976$ & $0.0163423$ & $-0.0204115$ & $0.0012794$ & $0.00889832$ \\
CHL3_11 & $0.0104005$ & $0.00679284$ & $-0.00842668$ & $0.00671314$ & $-0.00016389$ & $-0.26514$ & $-0.00799168$ & $-0.127579$ & $-0.132175$ & $0.379278$ & $-0.305177$ & $-0.0686168$ & $0.638302$ & $0.203739$ & $0.199078$ & $1$ & $0.694756$ & $0.69489$ & $0.326326$ & $0.275075$ & $0.267609$ & $-0.0702422$ & $0.624224$ & $0.749978$ & $-0.156405$ & $-0.118617$ & $0.0902117$ & $-0.0128662$ & $-0.00405827$ & $-0.00735967$ & $-0.0129785$ & $0.0194786$ & $-0.189573$ & $-0.000296398$ & $0.00503473$ & $-0.0239771$ & $0.0175922$ & $0.0142607$ & $0.0101355$ & $0.00745287$ & $-0.0222603$ & $-0.00106882$ & $0.0171016$ & $0.000304402$ & $0.0298657$ & $-0.00341016$ & $0.00649513$ & $-0.000591022$ \\
CHL3_22 & $-0.000538407$ & $0.0170533$ & $0.00051669$ & $0.0057539$ & $0.00453919$ & $-0.041874$ & $-0.0234906$ & $-0.345901$ & $-0.347482$ & $0.444986$ & $0.000742076$ & $-0.00732159$ & $0.563039$ & $-0.457073$ & $0.00513651$ & $0.694756$ & $1$ & $0.616812$ & $-0.00582557$ & $0.00934985$ & $0.0125236$ & $0.0209714$ & $0.551402$ & $0.764949$ & $-0.0101262$ & $0.0476222$ & $0.00735968$ & $-0.0150505$ & $-0.0182268$ & $-0.0151029$ & $-0.0272507$ & $0.00302015$ & $0.131876$ & $0.00671269$ & $0.00879027$ & $-0.00396708$ & $0.0243565$ & $0.0219124$ & $-0.00944256$ & $0.00554008$ & $-0.0151224$ & $0.00952922$ & $0.0102585$ & $-0.0154129$ & $0.0142427$ & $-0.00921996$ & $-0.00292771$ & $0.00785031$ \\
CHL3_33 & $0.0189918$ & $0.0112876$ & $0.000477788$ & $0.00311659$ & $-0.00207766$ & $-0.0450196$ & $-0.00199951$ & $-0.343409$ & $-0.344748$ & $0.437833$ & $-0.00171907$ & $-0.0202467$ & $0.562647$ & $0.000432648$ & $-0.443988$ & $0.69489$ & $0.616812$ & $1$ & $-0.00364227$ & $0.0121057$ & $0.0137728$ & $0.0215166$ & $0.552499$ & $0.762901$ & $-0.0107588$ & $0.0499549$ & $0.0109867$ & $-0.0128327$ & $-0.0127989$ & $-0.00825245$ & $-0.00720347$ & $0.00449466$ & $-0.289533$ & $-0.00325352$ & $0.00932399$ & $-0.0154402$ & $0.00477378$ & $0.0255654$ & $0.0117968$ & $0.00197836$ & $-0.00276008$ & $-0.00614458$ & $0.0104604$ & $-0.000573672$ & $0.0138555$ & $0.00874904$ & $0.0082185$ & $-0.00136729$ \\
CHe_11 & $0.0214418$ & $-0.0359914$ & $-0.00852515$ & $0.0220111$ & $-0.00556964$ & $-0.17803$ & $0.0249041$ & $0.858511$ & $0.841579$ & $-0.318134$ & $-0.990359$ & $-0.293602$ & $0.599358$ & $0.486809$ & $0.475365$ & $0.326326$ & $-0.00582557$ & $-0.00364227$ & $1$ & $0.972355$ & $0.951331$ & $-0.0224054$ & $-0.207302$ & $0.0595156$ & $-0.550228$ & $0.204459$ & $0.320668$ & $-0.00261595$ & $0.0188743$ & $0.0194634$ & $0.0122915$ & $0.0202585$ & $0.257345$ & $-0.0111811$ & $-0.0340763$ & $-0.012898$ & $0.0200676$ & $-0.0206048$ & $-0.00663096$ & $0.0245854$ & $0.00713858$ & $-0.0351964$ & $0.00637764$ & $0.0260358$ & $0.0293859$ & $0.0137394$ & $0.00496875$ & $-0.0135533$ \\
CHe_22 & $0.0234145$ & $-0.0365473$ & $-0.0032633$ & $0.0232676$ & $-0.00432351$ & $-0.184438$ & $0.0250209$ & $0.904322$ & $0.885921$ & $-0.342968$ & $-0.991341$ & $-0.325487$ & $0.545773$ & $0.337955$ & $0.329509$ & $0.275075$ & $0.00934985$ & $0.0121057$ & $0.972355$ & $1$ & $0.974156$ & $0.0328672$ & $-0.320956$ & $0.0528727$ & $-0.564937$ & $0.360422$ & $0.331329$ & $-0.00257236$ & $0.0151773$ & $0.0187024$ & $0.010882$ & $0.0140911$ & $0.424393$ & $-0.0101341$ & $-0.0387922$ & $-0.00996815$ & $0.0211053$ & $-0.0196086$ & $-0.00685794$ & $0.0262947$ & $0.01263$ & $-0.0370542$ & $0.00626808$ & $0.0287537$ & $0.0263947$ & $0.0180908$ & $0.0027263$ & $-0.0176041$ \\
CHe_33 & $0.0213175$ & $-0.0340871$ & $-0.0051032$ & $0.0230668$ & $-0.00564992$ & $-0.183693$ & $0.0251416$ & $0.885303$ & $0.86737$ & $-0.337768$ & $-0.969464$ & $-0.318273$ & $0.530268$ & $0.326867$ & $0.3478$ & $0.267609$ & $0.0125236$ & $0.0137728$ & $0.951331$ & $0.974156$ & $1$ & $0.033047$ & $-0.314422$ & $0.053224$ & $-0.551749$ & $0.35533$ & $0.323594$ & $-0.00436423$ & $0.014127$ & $0.021941$ & $0.0108258$ & $0.0145379$ & $0.421887$ & $-0.0122433$ & $-0.0380441$ & $-0.00529731$ & $0.0215959$ & $-0.0203274$ & $-0.0103668$ & $0.0262292$ & $0.0113313$ & $-0.0366466$ & $0.00258634$ & $0.0245137$ & $0.0222551$ & $0.018297$ & $0.00173707$ & $-0.0141001$ \\
CHQ1_11 & $0.0213992$ & $-0.00884712$ & $0.0374005$ & $0.0208066$ & $-0.00631335$ & $-0.0160653$ & $-0.00372164$ & $0.0595505$ & $0.0588212$ & $-0.049848$ & $-0.00309748$ & $-0.033466$ & $-0.0805158$ & $-0.186532$ & $-0.182991$ & $-0.0702422$ & $0.0209714$ & $0.0215166$ & $-0.0224054$ & $0.0328672$ & $0.033047$ & $1$ & $-0.143731$ & $0.0927753$ & $-0.67477$ & $0.352762$ & $0.00616157$ & $0.00943397$ & $0.000963015$ & $-0.00113831$ & $-0.0065459$ & $-0.0170526$ & $0.20969$ & $0.00250228$ & $-0.0104796$ & $-0.00978631$ & $-0.0126879$ & $-0.0132046$ & $0.00770507$ & $-0.0178126$ & $0.00124513$ & $0.00197304$ & $0.0149778$ & $0.028335$ & $-0.00984422$ & $0.0131314$ & $-0.011947$ & $-0.0486116$ \\
CHQ1_33 & $-0.0327192$ & $0.0263916$ & $-0.0199523$ & $-0.0156224$ & $0.00380414$ & $0.0114873$ & $-0.0185605$ & $-0.620306$ & $-0.613506$ & $0.511385$ & $0.264225$ & $0.14015$ & $0.418743$ & $0.147411$ & $0.14291$ & $0.624224$ & $0.551402$ & $0.552499$ & $-0.207302$ & $-0.320956$ & $-0.314422$ & $-0.143731$ & $1$ & $0.579436$ & $0.182902$ & $-0.409539$ & $0.000791795$ & $-0.0119946$ & $-0.0102831$ & $-0.0193752$ & $-0.0171053$ & $0.00733409$ & $-0.609445$ & $0.00591532$ & $0.0212632$ & $-0.00188139$ & $-0.00373631$ & $0.017077$ & $0.00884944$ & $-0.0172101$ & $-0.0182757$ & $0.0255414$ & $-0.0056559$ & $-0.0304588$ & $0.00354545$ & $-0.0312484$ & $0.00345408$ & $0.0197658$ \\
CHQ3_11 & $-0.0496551$ & $0.0242967$ & $-0.028312$ & $-0.0232428$ & $-0.00207191$ & $-0.0882209$ & $-0.00640402$ & $-0.307628$ & $-0.308021$ & $0.432078$ & $-0.055051$ & $-0.014366$ & $0.572948$ & $-0.111961$ & $-0.104518$ & $0.749978$ & $0.764949$ & $0.762901$ & $0.0595156$ & $0.0528727$ & $0.053224$ & $0.0927753$ & $0.579436$ & $1$ & $-0.0290616$ & $0.273656$ & $0.0258646$ & $-0.00691065$ & $-0.018556$ & $-0.0132197$ & $-0.0121941$ & $0.00601072$ & $-0.131264$ & $-0.0041214$ & $0.00507937$ & $0.0162446$ & $0.0107951$ & $0.0291745$ & $-0.00111827$ & $-0.0139512$ & $0.00140476$ & $0.022293$ & $-0.0175669$ & $-0.0324442$ & $-0.00852121$ & $-0.0128524$ & $0.00656657$ & $0.0191041$ \\
CHu_11 & $-0.0463211$ & $0.0335196$ & $-0.0327532$ & $-0.0350291$ & $0.00208666$ & $0.108668$ & $-0.00981791$ & $-0.511413$ & $-0.500505$ & $0.201784$ & $0.560945$ & $0.186553$ & $-0.309435$ & $-0.186719$ & $-0.181201$ & $-0.156405$ & $-0.0101262$ & $-0.0107588$ & $-0.550228$ & $-0.564937$ & $-0.551749$ & $-0.67477$ & $0.182902$ & $-0.0290616$ & $1$ & $-0.177972$ & $-0.177829$ & $-0.000930949$ & $-0.013915$ & $-0.00719241$ & $-0.00240563$ & $-0.0023841$ & $-0.244123$ & $-0.0019027$ & $0.0222744$ & $0.0320853$ & $-0.0018924$ & $0.0213938$ & $-0.00877972$ & $-0.00204141$ & $0.00753473$ & $0.0244779$ & $-0.0296435$ & $-0.0475038$ & $-0.0215258$ & $-0.0220789$ & $0.00491749$ & $0.0487623$ \\
CHd_11 & $0.00601537$ & $-0.0201468$ & $0.00755697$ & $0.0133302$ & $-0.0162693$ & $-0.0831389$ & $0.0104882$ & $0.410628$ & $0.401741$ & $-0.206901$ & $-0.280418$ & $-0.169444$ & $-0.0662774$ & $-0.400117$ & $-0.391533$ & $-0.118617$ & $0.0476222$ & $0.0499549$ & $0.204459$ & $0.360422$ & $0.35533$ & $0.352762$ & $-0.409539$ & $0.273656$ & $-0.177972$ & $1$ & $0.12154$ & $0.0079951$ & $-0.00886135$ & $0.0112309$ & $-0.00010143$ & $-0.0202072$ & $0.675118$ & $-0.00848362$ & $-0.03892$ & $0.0177762$ & $0.00229504$ & $-0.0131781$ & $-0.013042$ & $0.0161072$ & $0.042216$ & $-0.0277073$ & $0.00311273$ & $0.0192086$ & $-0.00613727$ & $0.0182078$ & $-0.0102405$ & $-0.022324$ \\
CHd_33 & $0.0292944$ & $-0.0216719$ & $0.0128276$ & $0.020966$ & $-0.00652832$ & $-0.0575621$ & $0.000181415$ & $0.299608$ & $0.292186$ & $-0.129191$ & $-0.327966$ & $-0.122741$ & $0.181471$ & $0.104464$ & $0.100368$ & $0.0902117$ & $0.00735968$ & $0.0109867$ & $0.320668$ & $0.331329$ & $0.323594$ & $0.00616157$ & $0.000791795$ & $0.0258646$ & $-0.177829$ & $0.12154$ & $1$ & $0.00255738$ & $0.0133204$ & $0.0098122$ & $-0.00626574$ & $0.00459647$ & $0.146135$ & $0.0138712$ & $-0.0105594$ & $-0.0188942$ & $0.00781754$ & $-0.0172503$ & $-0.000428358$ & $0.0126362$ & $0.0108858$ & $-0.0155297$ & $0.021394$ & $0.0306116$ & $0.0169799$ & $0.0156448$ & $-0.00905704$ & $-0.0228544$ \\
CeH_22r & $0.003279$ & $-0.0117877$ & $0.00166386$ & $-0.000636833$ & $0.00940589$ & $0.00454035$ & $0.0149654$ & $0.00406938$ & $0.00828693$ & $-0.00792844$ & $0.00251494$ & $0.0233791$ & $-0.0136276$ & $0.00300158$ & $-0.00178602$ & $-0.0128662$ & $-0.0150505$ & $-0.0128327$ & $-0.00261595$ & $-0.00257236$ & $-0.00436423$ & $0.00943397$ & $-0.0119946$ & $-0.00691065$ & $-0.000930949$ & $0.0079951$ & $0.00255738$ & $1$ & $0.0304142$ & $0.017212$ & $-0.00118646$ & $0.03434$ & $0.000552326$ & $-0.0103904$ & $-0.0104468$ & $-0.00570112$ & $0.000386191$ & $-0.00310542$ & $0.00208114$ & $0.0168079$ & $-0.0142012$ & $-0.0149957$ & $0.00118455$ & $0.00470578$ & $0.0100794$ & $-0.00931998$ & $0.00840307$ & $0.00501232$ \\
CeH_33r & $0.0647628$ & $-0.0593334$ & $0.0102887$ & $0.0409116$ & $-0.00101188$ & $0.00164441$ & $-0.0698172$ & $0.01991$ & $0.0382956$ & $-0.0836805$ & $-0.0178544$ & $0.181081$ & $0.00207536$ & $0.0232294$ & $0.0157427$ & $-0.00405827$ & $-0.0182268$ & $-0.0127989$ & $0.0188743$ & $0.0151773$ & $0.014127$ & $0.000963015$ & $-0.0102831$ & $-0.018556$ & $-0.013915$ & $-0.00886135$ & $0.0133204$ & $0.0304142$ & $1$ & $0.303577$ & $0.0739942$ & $0.679147$ & $-0.00551398$ & $-0.0285795$ & $-0.0572952$ & $-0.116345$ & $-0.00986735$ & $-0.0393516$ & $0.00082268$ & $0.0532545$ & $0.0231555$ & $-0.0524244$ & $0.070731$ & $0.111764$ & $0.0990092$ & $0.0358603$ & $-0.0014687$ & $-0.0616578$ \\
CuH_22r & $0.0667603$ & $-0.0763375$ & $-0.0150875$ & $0.0171527$ & $-0.014093$ & $-0.00280608$ & $-0.025987$ & $0.0251809$ & $0.0343026$ & $-0.0578488$ & $-0.0201421$ & $0.0251667$ & $-0.00184627$ & $0.0106643$ & $0.0033518$ & $-0.00735967$ & $-0.0151029$ & $-0.00825245$ & $0.0194634$ & $0.0187024$ & $0.021941$ & $-0.00113831$ & $-0.0193752$ & $-0.0132197$ & $-0.00719241$ & $0.0112309$ & $0.0098122$ & $0.017212$ & $0.303577$ & $1$ & $0.0620047$ & $0.384709$ & $0.00916871$ & $-0.0384649$ & $-2.71931e-05$ & $-0.09291$ & $0.00801086$ & $0.00254425$ & $-0.0123667$ & $0.0485746$ & $0.00718042$ & $-0.0326675$ & $0.0225443$ & $0.103073$ & $0.0783154$ & $0.147988$ & $0.0326369$ & $-0.0493828$ \\
CuH_33r & $-0.0351525$ & $0.0195155$ & $0.00329476$ & $-0.0307287$ & $0.000700659$ & $0.0133955$ & $0.933779$ & $0.0167982$ & $0.0585997$ & $-0.0134897$ & $-0.0110387$ & $0.0288876$ & $-0.00325026$ & $0.0232993$ & $9.53909e-05$ & $-0.0129785$ & $-0.0272507$ & $-0.00720347$ & $0.0122915$ & $0.010882$ & $0.0108258$ & $-0.0065459$ & $-0.0171053$ & $-0.0121941$ & $-0.00240563$ & $-0.00010143$ & $-0.00626574$ & $-0.00118646$ & $0.0739942$ & $0.0620047$ & $1$ & $0.119582$ & $-0.00830441$ & $-0.0823736$ & $-0.00327727$ & $0.129195$ & $-0.0308167$ & $-0.0624859$ & $0.0299833$ & $0.0608838$ & $0.162633$ & $-0.0475752$ & $-0.187455$ & $-0.0868878$ & $-0.0604522$ & $0.0719951$ & $0.0108346$ & $0.0260868$ \\
CdH_33r & $-0.0269835$ & $0.00642788$ & $-0.0717197$ & $-0.0933227$ & $0.00238213$ & $-0.00447863$ & $-0.082557$ & $0.00711282$ & $0.0315164$ & $-0.0791569$ & $-0.0173265$ & $0.253377$ & $0.0175718$ & $0.0244861$ & $0.0236354$ & $0.0194786$ & $0.00302015$ & $0.00449466$ & $0.0202585$ & $0.0140911$ & $0.0145379$ & $-0.0170526$ & $0.00733409$ & $0.00601072$ & $-0.0023841$ & $-0.0202072$ & $0.00459647$ & $0.03434$ & $0.679147$ & $0.384709$ & $0.119582$ & $1$ & $-0.0147514$ & $-0.0254349$ & $-0.0114982$ & $-0.0540655$ & $-0.0024587$ & $0.0897491$ & $0.00552492$ & $0.0689723$ & $0.00946265$ & $-0.00601181$ & $0.0120226$ & $-0.0274253$ & $0.00784788$ & $0.0219752$ & $0.073523$ & $0.140538$ \\
CLL_1221 & $0.00570883$ & $-0.00852365$ & $0.0164165$ & $0.0131204$ & $-0.00976078$ & $-0.123021$ & $-0.00153149$ & $0.528999$ & $0.518196$ & $-0.301904$ & $-0.338568$ & $-0.188071$ & $-0.170024$ & $-0.623678$ & $-0.111219$ & $-0.189573$ & $0.131876$ & $-0.289533$ & $0.257345$ & $0.424393$ & $0.421887$ & $0.20969$ & $-0.609445$ & $-0.131264$ & $-0.244123$ & $0.675118$ & $0.146135$ & $0.000552326$ & $-0.00551398$ & $0.00916871$ & $-0.00830441$ & $-0.0147514$ & $1$ & $0.00725599$ & $-0.0311448$ & $0.0136983$ & $0.0203282$ & $-0.00846766$ & $-0.0167148$ & $0.0146168$ & $0.0184001$ & $-0.0111166$ & $0.00512854$ & $0.0125558$ & $-0.00403601$ & $0.0118384$ & $-0.0148868$ & $-0.0138317$ \\
eHggint & $-0.0630492$ & $-0.0980163$ & $0.208759$ & $0.195886$ & $-0.0153597$ & $-0.0123041$ & $-0.122035$ & $-0.0077131$ & $-0.00670669$ & $0.0346982$ & $0.0110607$ & $0.0599392$ & $-0.0116476$ & $-0.0162757$ & $-0.00500135$ & $-0.000296398$ & $0.00671269$ & $-0.00325352$ & $-0.0111811$ & $-0.0101341$ & $-0.0122433$ & $0.00250228$ & $0.00591532$ & $-0.0041214$ & $-0.0019027$ & $-0.00848362$ & $0.0138712$ & $-0.0103904$ & $-0.0285795$ & $-0.0384649$ & $-0.0823736$ & $-0.0254349$ & $0.00725599$ & $1$ & $0.212109$ & $-0.0157895$ & $0.0414556$ & $-0.114111$ & $0.104938$ & $-0.0342739$ & $-0.127937$ & $0.430694$ & $0.193017$ & $0.102614$ & $-0.41836$ & $-0.000975231$ & $-0.356505$ & $0.187263$ \\
eHggpar & $-0.0594045$ & $0.0712816$ & $0.0133974$ & $-0.0528492$ & $-0.000199482$ & $-0.00121096$ & $-0.0245808$ & $-0.0434122$ & $-0.0387222$ & $0.0454514$ & $0.0376316$ & $0.0463905$ & $-0.00656117$ & $-0.00251918$ & $-0.00463202$ & $0.00503473$ & $0.00879027$ & $0.00932399$ & $-0.0340763$ & $-0.0387922$ & $-0.0380441$ & $-0.0104796$ & $0.0212632$ & $0.00507937$ & $0.0222744$ & $-0.03892$ & $-0.0105594$ & $-0.0104468$ & $-0.0572952$ & $-2.71931e-05$ & $-0.00327727$ & $-0.0114982$ & $-0.0311448$ & $0.212109$ & $1$ & $0.176554$ & $0.023176$ & $0.320727$ & $0.12234$ & $-0.372244$ & $-0.0118651$ & $0.385374$ & $-0.017543$ & $-0.22052$ & $-0.309613$ & $0.335096$ & $0.179587$ & $0.183042$ \\
eHWWint & $-0.391943$ & $0.357563$ & $-0.177044$ & $-0.235625$ & $-0.0185536$ & $0.03137$ & $0.136743$ & $-0.00803838$ & $-0.00607302$ & $-0.0161339$ & $0.0151885$ & $-0.0104141$ & $-0.00773573$ & $-0.0178966$ & $-0.00344409$ & $-0.0239771$ & $-0.00396708$ & $-0.0154402$ & $-0.012898$ & $-0.00996815$ & $-0.00529731$ & $-0.00978631$ & $-0.00188139$ & $0.0162446$ & $0.0320853$ & $0.0177762$ & $-0.0188942$ & $-0.00570112$ & $-0.116345$ & $-0.09291$ & $0.129195$ & $-0.0540655$ & $0.0136983$ & $-0.0157895$ & $0.176554$ & $1$ & $-0.117667$ & $0.052136$ & $-0.125393$ & $-0.254845$ & $0.175502$ & $0.0236121$ & $-0.591838$ & $-0.729302$ & $-0.568457$ & $-0.252453$ & $-0.138544$ & $0.338057$ \\
eHWWpar & $-0.0172274$ & $0.015637$ & $0.0112509$ & $0.00754769$ & $0.0390718$ & $-0.0141356$ & $-0.030309$ & $0.0129619$ & $0.015005$ & $0.00429269$ & $-0.0200354$ & $-0.000819034$ & $0.0197801$ & $-0.0104291$ & $0.0130594$ & $0.0175922$ & $0.0243565$ & $0.00477378$ & $0.0200676$ & $0.0211053$ & $0.0215959$ & $-0.0126879$ & $-0.00373631$ & $0.0107951$ & $-0.0018924$ & $0.00229504$ & $0.00781754$ & $0.000386191$ & $-0.00986735$ & $0.00801086$ & $-0.0308167$ & $-0.0024587$ & $0.0203282$ & $0.0414556$ & $0.023176$ & $-0.117667$ & $1$ & $0.0521966$ & $0.0519603$ & $0.107105$ & $-0.10214$ & $0.0920823$ & $0.00396941$ & $0.101035$ & $0.124001$ & $0.0664505$ & $0.0622751$ & $0.00865892$ \\
eHZZint & $-0.223755$ & $0.375243$ & $-0.174547$ & $-0.692639$ & $0.0248927$ & $0.00173646$ & $-0.0673756$ & $-0.0351908$ & $-0.0309587$ & $0.0486872$ & $0.0252015$ & $0.0304037$ & $0.0043812$ & $-0.0139563$ & $-0.0173141$ & $0.0142607$ & $0.0219124$ & $0.0255654$ & $-0.0206048$ & $-0.0196086$ & $-0.0203274$ & $-0.0132046$ & $0.017077$ & $0.0291745$ & $0.0213938$ & $-0.0131781$ & $-0.0172503$ & $-0.00310542$ & $-0.0393516$ & $0.00254425$ & $-0.0624859$ & $0.0897491$ & $-0.00846766$ & $-0.114111$ & $0.320727$ & $0.052136$ & $0.0521966$ & $1$ & $0.0911151$ & $-0.236375$ & $-0.122709$ & $0.287441$ & $-0.0325774$ & $-0.36692$ & $-0.181426$ & $0.0954303$ & $0.56489$ & $0.399621$ \\
eHZZpar & $-0.0303194$ & $-0.0618768$ & $0.0145752$ & $-0.146126$ & $-0.00602865$ & $-0.0111317$ & $0.018459$ & $-0.00776536$ & $-0.0024111$ & $0.0113608$ & $0.00660835$ & $0.0134167$ & $-0.00853409$ & $0.0149395$ & $-0.0127353$ & $0.0101355$ & $-0.00944256$ & $0.0117968$ & $-0.00663096$ & $-0.00685794$ & $-0.0103668$ & $0.00770507$ & $0.00884944$ & $-0.00111827$ & $-0.00877972$ & $-0.013042$ & $-0.000428358$ & $0.00208114$ & $0.00082268$ & $-0.0123667$ & $0.0299833$ & $0.00552492$ & $-0.0167148$ & $0.104938$ & $0.12234$ & $-0.125393$ & $0.0519603$ & $0.0911151$ & $1$ & $-0.0581783$ & $-0.147842$ & $0.157048$ & $0.0815848$ & $0.0344187$ & $-0.0872561$ & $-0.0194211$ & $0.0384418$ & $0.010343$ \\
eHZgaint & $0.382099$ & $-0.346243$ & $0.0522051$ & $0.235199$ & $0.0119506$ & $-0.0149163$ & $0.0631385$ & $0.0289067$ & $0.0224566$ & $-0.029022$ & $-0.0295446$ & $-0.0256563$ & $0.0113942$ & $0.000204451$ & $0.00503086$ & $0.00745287$ & $0.00554008$ & $0.00197836$ & $0.0245854$ & $0.0262947$ & $0.0262292$ & $-0.0178126$ & $-0.0172101$ & $-0.0139512$ & $-0.00204141$ & $0.0161072$ & $0.0126362$ & $0.0168079$ & $0.0532545$ & $0.0485746$ & $0.0608838$ & $0.0689723$ & $0.0146168$ & $-0.0342739$ & $-0.372244$ & $-0.254845$ & $0.107105$ & $-0.236375$ & $-0.0581783$ & $1$ & $0.0230567$ & $-0.395141$ & $0.115064$ & $0.352419$ & $0.269822$ & $0.0382757$ & $-0.0812826$ & $0.155621$ \\
eHZgapar & $-0.00133592$ & $0.0973088$ & $0.0410398$ & $0.026082$ & $-0.0310224$ & $0.00641202$ & $0.156171$ & $0.0186963$ & $0.022043$ & $-0.0337518$ & $-0.00919903$ & $-0.010606$ & $-0.00269966$ & $-0.00536954$ & $-0.0229046$ & $-0.0222603$ & $-0.0151224$ & $-0.00276008$ & $0.00713858$ & $0.01263$ & $0.0113313$ & $0.00124513$ & $-0.0182757$ & $0.00140476$ & $0.00753473$ & $0.042216$ & $0.0108858$ & $-0.0142012$ & $0.0231555$ & $0.00718042$ & $0.162633$ & $0.00946265$ & $0.0184001$ & $-0.127937$ & $-0.0118651$ & $0.175502$ & $-0.10214$ & $-0.122709$ & $-0.147842$ & $0.0230567$ & $1$ & $-0.131905$ & $-0.00671657$ & $-0.0223504$ & $-0.0647979$ & $-0.00361003$ & $-0.110196$ & $-0.0505588$ \\
eHgagaint & $-0.533702$ & $0.179205$ & $0.0766343$ & $-0.337376$ & $0.0236712$ & $-0.00655861$ & $-0.0716935$ & $-0.0396738$ & $-0.015706$ & $0.0669721$ & $0.0407672$ & $0.070011$ & $-0.0163454$ & $-0.016853$ & $0.000332212$ & $-0.00106882$ & $0.00952922$ & $-0.00614458$ & $-0.0351964$ & $-0.0370542$ & $-0.0366466$ & $0.00197304$ & $0.0255414$ & $0.022293$ & $0.0244779$ & $-0.0277073$ & $-0.0155297$ & $-0.0149957$ & $-0.0524244$ & $-0.0326675$ & $-0.0475752$ & $-0.00601181$ & $-0.0111166$ & $0.430694$ & $0.385374$ & $0.0236121$ & $0.0920823$ & $0.287441$ & $0.157048$ & $-0.395141$ & $-0.131905$ & $1$ & $-0.265645$ & $-0.256785$ & $-0.554596$ & $0.0811062$ & $0.174755$ & $0.114639$ \\
eHmumuint & $0.571601$ & $-0.0363336$ & $0.20096$ & $0.381446$ & $-0.0245985$ & $-0.0208006$ & $-0.19355$ & $0.00194042$ & $-0.0146912$ & $0.014119$ & $-0.00851813$ & $0.01456$ & $0.00179582$ & $-0.000104135$ & $-0.000496565$ & $0.0171016$ & $0.0102585$ & $0.0104604$ & $0.00637764$ & $0.00626808$ & $0.00258634$ & $0.0149778$ & $-0.0056559$ & $-0.0175669$ & $-0.0296435$ & $0.00311273$ & $0.021394$ & $0.00118455$ & $0.070731$ & $0.0225443$ & $-0.187455$ & $0.0120226$ & $0.00512854$ & $0.193017$ & $-0.017543$ & $-0.591838$ & $0.00396941$ & $-0.0325774$ & $0.0815848$ & $0.115064$ & $-0.00671657$ & $-0.265645$ & $1$ & $0.473497$ & $0.465194$ & $-0.0884056$ & $-0.148889$ & $-0.152593$ \\
eHtautauint & $0.485304$ & $-0.586336$ & $0.213242$ & $0.457764$ & $-0.0067675$ & $-0.031546$ & $-0.092187$ & $0.0415464$ & $0.0326641$ & $-0.0292613$ & $-0.0340092$ & $-0.0158798$ & $-0.0027486$ & $0.0109424$ & $-0.00825976$ & $0.000304402$ & $-0.0154129$ & $-0.000573672$ & $0.0260358$ & $0.0287537$ & $0.0245137$ & $0.028335$ & $-0.0304588$ & $-0.0324442$ & $-0.0475038$ & $0.0192086$ & $0.0306116$ & $0.00470578$ & $0.111764$ & $0.103073$ & $-0.0868878$ & $-0.0274253$ & $0.0125558$ & $0.102614$ & $-0.22052$ & $-0.729302$ & $0.101035$ & $-0.36692$ & $0.0344187$ & $0.352419$ & $-0.0223504$ & $-0.256785$ & $0.473497$ & $1$ & $0.566869$ & $0.330825$ & $-0.109822$ & $-0.568891$ \\
eHccint & $0.424448$ & $-0.327948$ & $-0.127185$ & $0.253134$ & $0.0110607$ & $-0.0171511$ & $-0.0440214$ & $0.0207376$ & $0.0085915$ & $-0.00927599$ & $-0.0331013$ & $-0.0266682$ & $0.0252946$ & $0.0178085$ & $0.0163423$ & $0.0298657$ & $0.0142427$ & $0.0138555$ & $0.0293859$ & $0.0263947$ & $0.0222551$ & $-0.00984422$ & $0.00354545$ & $-0.00852121$ & $-0.0215258$ & $-0.00613727$ & $0.0169799$ & $0.0100794$ & $0.0990092$ & $0.0783154$ & $-0.0604522$ & $0.00784788$ & $-0.00403601$ & $-0.41836$ & $-0.309613$ & $-0.568457$ & $0.124001$ & $-0.181426$ & $-0.0872561$ & $0.269822$ & $-0.0647979$ & $-0.554596$ & $0.465194$ & $0.566869$ & $1$ & $0.0271496$ & $0.0798925$ & $-0.432707$ \\
eHccpar & $0.213666$ & $-0.355928$ & $-0.0818401$ & $0.0264108$ & $-0.0163886$ & $-0.0191398$ & $0.0591584$ & $0.0260633$ & $0.0319772$ & $-0.0206534$ & $-0.0200797$ & $-0.00945415$ & $-0.00189514$ & $-0.000310729$ & $-0.0204115$ & $-0.00341016$ & $-0.00921996$ & $0.00874904$ & $0.0137394$ & $0.0180908$ & $0.018297$ & $0.0131314$ & $-0.0312484$ & $-0.0128524$ & $-0.0220789$ & $0.0182078$ & $0.0156448$ & $-0.00931998$ & $0.0358603$ & $0.147988$ & $0.0719951$ & $0.0219752$ & $0.0118384$ & $-0.000975231$ & $0.335096$ & $-0.252453$ & $0.0664505$ & $0.0954303$ & $-0.0194211$ & $0.0382757$ & $-0.00361003$ & $0.0811062$ & $-0.0884056$ & $0.330825$ & $0.0271496$ & $1$ & $0.154693$ & $-0.1342$ \\
eHbbint & $-0.0784863$ & $-0.0927134$ & $-0.0301541$ & $-0.648083$ & $0.0285172$ & $0.00310629$ & $0.0139128$ & $0.000451948$ & $0.00868131$ & $0.0241381$ & $-0.00344295$ & $0.0104478$ & $0.00605066$ & $0.0138144$ & $0.0012794$ & $0.00649513$ & $-0.00292771$ & $0.0082185$ & $0.00496875$ & $0.0027263$ & $0.00173707$ & $-0.011947$ & $0.00345408$ & $0.00656657$ & $0.00491749$ & $-0.0102405$ & $-0.00905704$ & $0.00840307$ & $-0.0014687$ & $0.0326369$ & $0.0108346$ & $0.073523$ & $-0.0148868$ & $-0.356505$ & $0.179587$ & $-0.138544$ & $0.0622751$ & $0.56489$ & $0.0384418$ & $-0.0812826$ & $-0.110196$ & $0.174755$ & $-0.148889$ & $-0.109822$ & $0.0798925$ & $0.154693$ & $1$ & $-0.0382826$ \\
eHbbpar & $-0.362532$ & $0.274544$ & $-0.398828$ & $-0.371806$ & $0.0147811$ & $0.00914034$ & $0.0151981$ & $-0.0246378$ & $-0.0237821$ & $0.0196812$ & $0.019384$ & $0.0225559$ & $0.000552672$ & $-0.00338856$ & $0.00889832$ & $-0.000591022$ & $0.00785031$ & $-0.00136729$ & $-0.0135533$ & $-0.0176041$ & $-0.0141001$ & $-0.0486116$ & $0.0197658$ & $0.0191041$ & $0.0487623$ & $-0.022324$ & $-0.0228544$ & $0.00501232$ & $-0.0616578$ & $-0.0493828$ & $0.0260868$ & $0.140538$ & $-0.0138317$ & $0.187263$ & $0.183042$ & $0.338057$ & $0.00865892$ & $0.399621$ & $0.010343$ & $0.155621$ & $-0.0505588$ & $0.114639$ & $-0.152593$ & $-0.568891$ & $-0.432707$ & $-0.1342$ & $-0.0382826$ & $1$ \\
