 & AlsMz & dAle5Mz & mtop & mHl & Mz & CW & CHG & CHWB & CHWHB_gaga & CHWHB_gagaorth & CHD & CHbox & CH & CHL1_11 & CHL1_22 & CHL1_33 & CHL3_11 & CHL3_22 & CHL3_33 & CHe_11 & CHe_22 & CHe_33 & CHQ1_11 & CHQ1_33 & CHQ3_11 & CHu_11 & CHd_11 & CHd_33 & CeH_22r & CeH_33r & CuH_22r & CuH_33r & CdH_33r & CLL_1221 & eHggint & eHggpar & eHWWint & eHWWpar & eHZZint & eHZZpar & eHZgaint & eHZgapar & eHgagaint & eHmumuint & eHtautauint & eHccint & eHccpar & eHbbint & eHbbpar \\
AlsMz & $1$ & $0.21017$ & $0.279025$ & $-0.0208437$ & $0.0281453$ & $-0.027369$ & $0.0215518$ & $0.0229972$ & $0.0144749$ & $0.0399924$ & $-0.0417559$ & $-0.0989016$ & $-0.082927$ & $0.0311511$ & $0.0433401$ & $-0.0315286$ & $0.0317659$ & $0.0023879$ & $0.0453536$ & $0.0386182$ & $0.0409099$ & $0.0356714$ & $0.00163267$ & $-0.0452933$ & $-0.0413827$ & $-0.0441016$ & $0.000856462$ & $0.0441223$ & $-0.045114$ & $-0.0907427$ & $-0.123554$ & $-0.0198148$ & $-0.0322215$ & $-0.00894553$ & $-0.153854$ & $-0.0636964$ & $0.091884$ & $-0.0409082$ & $-0.17185$ & $0.0448139$ & $0.0245357$ & $0.0831399$ & $0.00655821$ & $-0.113225$ & $-0.266568$ & $0.127223$ & $-0.270947$ & $-0.0594948$ & $0.35411$ \\
dAle5Mz & $0.21017$ & $1$ & $-0.169253$ & $0.0113936$ & $0.0749022$ & $-0.0487521$ & $0.163142$ & $-0.0411657$ & $-0.0376634$ & $0.0649223$ & $-0.000872628$ & $-0.206301$ & $-0.144195$ & $0.0346512$ & $-0.0182314$ & $-0.0604348$ & $0.0700062$ & $0.0706273$ & $0.0932159$ & $0.010911$ & $0.013914$ & $0.0093136$ & $-0.00737191$ & $0.030454$ & $0.0589358$ & $-0.00611542$ & $0.0126116$ & $0.0277792$ & $-0.06316$ & $-0.125003$ & $-0.120276$ & $0.144101$ & $-0.163391$ & $0.0123654$ & $-0.264387$ & $-0.225947$ & $0.263603$ & $-0.0561636$ & $-0.155509$ & $0.0318581$ & $-0.428292$ & $0.00346825$ & $0.190093$ & $0.018338$ & $0.126033$ & $0.180237$ & $-0.219227$ & $0.0393238$ & $-0.0223254$ \\
mtop & $0.279025$ & $-0.169253$ & $1$ & $0.0497482$ & $0.0313037$ & $0.0167833$ & $0.0577511$ & $-9.53581e-05$ & $0.00162254$ & $0.0531977$ & $0.0459229$ & $-0.187869$ & $-0.226653$ & $-0.0572759$ & $-0.0419588$ & $-0.0770969$ & $-0.081797$ & $-0.0640347$ & $-0.0399276$ & $-0.0531759$ & $-0.0404005$ & $-0.0485027$ & $0.0509029$ & $-0.0754407$ & $-0.0674149$ & $0.011102$ & $0.0494814$ & $-0.0327274$ & $-0.0573877$ & $-0.187573$ & $-0.118493$ & $0.0114063$ & $-0.14134$ & $0.0202586$ & $0.0649673$ & $-0.0217093$ & $-0.106413$ & $0.0265783$ & $0.1541$ & $0.0111585$ & $0.119234$ & $-0.022131$ & $0.0242998$ & $-0.0151971$ & $-0.217653$ & $0.354574$ & $-0.00171491$ & $-0.189047$ & $0.3025$ \\
mHl & $-0.0208437$ & $0.0113936$ & $0.0497482$ & $1$ & $-0.0294523$ & $-0.0114736$ & $0.0182937$ & $-0.0343743$ & $-0.0371019$ & $-0.000664746$ & $0.0240172$ & $-0.0190685$ & $-0.0181845$ & $-0.00516435$ & $-0.0296441$ & $0.0092866$ & $0.0219473$ & $0.0344324$ & $0.00943333$ & $-0.0230175$ & $-0.0243901$ & $-0.0245119$ & $-0.0296815$ & $0.0276273$ & $0.0166864$ & $0.0238557$ & $-0.0286515$ & $-0.0193063$ & $0.00726828$ & $-0.0164424$ & $0.0016621$ & $0.0280293$ & $-0.0924739$ & $5.41456e-05$ & $0.191627$ & $-0.0250856$ & $-0.0405635$ & $-0.0506442$ & $-0.231879$ & $-0.0683524$ & $0.0123491$ & $0.027251$ & $0.107718$ & $0.289253$ & $0.0660409$ & $0.268663$ & $0.00541738$ & $-0.23512$ & $-0.258413$ \\
Mz & $0.0281453$ & $0.0749022$ & $0.0313037$ & $-0.0294523$ & $1$ & $0.00696055$ & $-0.00832632$ & $-0.00133331$ & $-0.0017198$ & $0.0281464$ & $0.00406736$ & $0.0331139$ & $0.0302626$ & $0.00953907$ & $0.00658514$ & $-0.00731613$ & $0.0030803$ & $-0.00224431$ & $0.00970669$ & $0.0022979$ & $0.00468467$ & $0.0093082$ & $0.0216648$ & $0.00893765$ & $-0.0105208$ & $-0.00950004$ & $-0.0119214$ & $0.0024499$ & $0.041971$ & $0.0234974$ & $0.0207517$ & $0.0035722$ & $0.0332585$ & $-0.0118052$ & $0.00791867$ & $0.00497626$ & $-0.00236965$ & $-0.0213392$ & $-0.0325635$ & $-0.0162567$ & $-0.0272386$ & $0.00271744$ & $0.011837$ & $-0.00342614$ & $-0.0252515$ & $0.0358217$ & $0.00189278$ & $-0.0181607$ & $0.00268766$ \\
CW & $-0.027369$ & $-0.0487521$ & $0.0167833$ & $-0.0114736$ & $0.00696055$ & $1$ & $0.0315965$ & $-0.0454552$ & $-0.042221$ & $0.0268951$ & $0.192043$ & $0.0152258$ & $-0.039581$ & $-0.0970789$ & $-0.119194$ & $-0.107732$ & $-0.423252$ & $-0.222923$ & $-0.224037$ & $-0.190996$ & $-0.190596$ & $-0.189377$ & $-0.0396734$ & $-0.159671$ & $-0.263611$ & $0.152084$ & $-0.0532874$ & $-0.0828164$ & $-0.0141808$ & $-0.0372475$ & $0.0111394$ & $0.0317641$ & $-0.0502383$ & $-0.0733483$ & $0.0540766$ & $0.00198548$ & $-0.0702185$ & $0.0358201$ & $-0.000375425$ & $-0.00161483$ & $-0.00277211$ & $0.0814642$ & $0.00816188$ & $0.0754727$ & $-0.0329993$ & $0.0491802$ & $0.0780683$ & $-0.0529256$ & $-0.00380225$ \\
CHG & $0.0215518$ & $0.163142$ & $0.0577511$ & $0.0182937$ & $-0.00832632$ & $0.0315965$ & $1$ & $-0.0471814$ & $-0.0191718$ & $0.177744$ & $0.0836821$ & $-0.660787$ & $-0.692619$ & $-0.0850334$ & $-0.0258428$ & $-0.0744433$ & $-0.0775737$ & $-0.0674961$ & $-0.0380696$ & $-0.0801216$ & $-0.0806653$ & $-0.0878577$ & $0.00432584$ & $-0.0380555$ & $-0.0649329$ & $0.0463178$ & $-0.0245654$ & $-0.0336527$ & $-0.165629$ & $-0.531912$ & $-0.324252$ & $0.947102$ & $-0.586462$ & $-0.0244868$ & $-0.0123929$ & $-0.00266676$ & $0.190084$ & $0.0161584$ & $-0.0360246$ & $0.0185211$ & $8.30167e-05$ & $-0.0445421$ & $0.147381$ & $0.0607682$ & $-0.085087$ & $-0.0158975$ & $-0.0682564$ & $-0.0926598$ & $0.109874$ \\
CHWB & $0.0229972$ & $-0.0411657$ & $-9.53581e-05$ & $-0.0343743$ & $-0.00133331$ & $-0.0454552$ & $-0.0471814$ & $1$ & $0.98876$ & $-0.559453$ & $-0.864626$ & $-0.090241$ & $0.000470411$ & $0.248123$ & $0.455201$ & $0.444948$ & $-0.187604$ & $-0.39422$ & $-0.383678$ & $0.847385$ & $0.879198$ & $0.870578$ & $0.069848$ & $-0.613754$ & $-0.360416$ & $-0.611881$ & $0.405985$ & $0.414254$ & $0.0367704$ & $-0.000995796$ & $-0.0182455$ & $-0.0794663$ & $0.0114662$ & $0.537641$ & $-0.0573158$ & $-0.0448683$ & $0.0226819$ & $-0.0424988$ & $0.0576455$ & $0.044424$ & $0.0380592$ & $-0.0619879$ & $-0.0215076$ & $-0.102225$ & $0.0554895$ & $-0.0123246$ & $-0.00587051$ & $0.023638$ & $0.0546607$ \\
CHWHB_gaga & $0.0144749$ & $-0.0376634$ & $0.00162254$ & $-0.0371019$ & $-0.0017198$ & $-0.042221$ & $-0.0191718$ & $0.98876$ & $1$ & $-0.562993$ & $-0.853918$ & $-0.0805162$ & $0.00926486$ & $0.24453$ & $0.447316$ & $0.440207$ & $-0.187275$ & $-0.389933$ & $-0.381018$ & $0.836605$ & $0.86864$ & $0.860634$ & $0.0713276$ & $-0.607131$ & $-0.356707$ & $-0.605383$ & $0.403409$ & $0.407795$ & $0.0388218$ & $0.0146006$ & $-0.00690428$ & $-0.0554566$ & $0.0245847$ & $0.53396$ & $-0.0671545$ & $-0.0566703$ & $0.0225502$ & $-0.0359614$ & $0.0633711$ & $0.0454666$ & $0.0383567$ & $-0.0653757$ & $0.0192009$ & $-0.102599$ & $0.0495908$ & $-0.0148741$ & $0.00116977$ & $0.0124615$ & $0.0375588$ \\
CHWHB_gagaorth & $0.0399924$ & $0.0649223$ & $0.0531977$ & $-0.000664746$ & $0.0281464$ & $0.0268951$ & $0.177744$ & $-0.559453$ & $-0.562993$ & $1$ & $0.485469$ & $-0.056656$ & $-0.231523$ & $-0.139597$ & $-0.252037$ & $-0.290321$ & $0.103596$ & $0.212897$ & $0.232897$ & $-0.476105$ & $-0.490308$ & $-0.491551$ & $-0.00982489$ & $0.335166$ & $0.212059$ & $0.334588$ & $-0.195469$ & $-0.203471$ & $-0.0435493$ & $-0.207375$ & $-0.131537$ & $0.203701$ & $-0.236159$ & $-0.304035$ & $0.0207036$ & $0.0454537$ & $0.0176009$ & $0.00112482$ & $0.039449$ & $-0.0282004$ & $-0.0200784$ & $0.0494359$ & $0.0149191$ & $0.0657538$ & $-0.0749022$ & $-0.045413$ & $-0.0442708$ & $0.0106795$ & $0.0574618$ \\
CHD & $-0.0417559$ & $-0.000872628$ & $0.0459229$ & $0.0240172$ & $0.00406736$ & $0.192043$ & $0.0836821$ & $-0.864626$ & $-0.853918$ & $0.485469$ & $1$ & $0.0644152$ & $-0.0727829$ & $-0.659067$ & $-0.588489$ & $-0.564376$ & $-0.302765$ & $-0.0525722$ & $-0.0621063$ & $-0.994701$ & $-0.995029$ & $-0.983235$ & $-0.0360886$ & $0.181554$ & $-0.0965644$ & $0.709874$ & $-0.270018$ & $-0.469292$ & $-0.0648575$ & $-0.0549593$ & $-0.0201725$ & $0.123118$ & $-0.0801681$ & $-0.314604$ & $0.0802282$ & $0.0760708$ & $-0.0234155$ & $0.0682994$ & $-0.032811$ & $-0.0353731$ & $-0.0318763$ & $0.100817$ & $0.0145467$ & $0.131493$ & $-0.058155$ & $-0.0215664$ & $0.0268799$ & $0.00160159$ & $-0.0241427$ \\
CHbox & $-0.0989016$ & $-0.206301$ & $-0.187869$ & $-0.0190685$ & $0.0331139$ & $0.0152258$ & $-0.660787$ & $-0.090241$ & $-0.0805162$ & $-0.056656$ & $0.0644152$ & $1$ & $0.944382$ & $-0.0135269$ & $-0.0245853$ & $0.0298107$ & $0.0539614$ & $0.0573521$ & $0.0285581$ & $-0.0626907$ & $-0.0702794$ & $-0.0592979$ & $-0.0172257$ & $0.0939309$ & $0.0710519$ & $0.0683924$ & $-0.0308467$ & $-0.0595266$ & $0.214339$ & $0.6973$ & $0.42838$ & $-0.554765$ & $0.711795$ & $-0.0575733$ & $0.079604$ & $0.0821392$ & $-0.14419$ & $-0.0161883$ & $-0.0570032$ & $-0.0910409$ & $-0.0149956$ & $0.085775$ & $-0.0823211$ & $-0.0142737$ & $0.0728799$ & $-0.0413392$ & $0.206945$ & $0.0982687$ & $-0.245157$ \\
CH & $-0.082927$ & $-0.144195$ & $-0.226653$ & $-0.0181845$ & $0.0302626$ & $-0.039581$ & $-0.692619$ & $0.000470411$ & $0.00926486$ & $-0.231523$ & $-0.0727829$ & $0.944382$ & $1$ & $0.114371$ & $0.0405706$ & $0.0855317$ & $0.150021$ & $0.124326$ & $0.097844$ & $0.0715381$ & $0.0669159$ & $0.0770118$ & $-0.0101195$ & $0.110955$ & $0.136487$ & $-0.0375833$ & $0.00112606$ & $-0.00311191$ & $0.20332$ & $0.704651$ & $0.443437$ & $-0.598056$ & $0.727246$ & $-0.0198526$ & $0.0455327$ & $0.0334053$ & $-0.125825$ & $-0.00246974$ & $-0.0615113$ & $-0.0827369$ & $-0.0378826$ & $0.0670172$ & $-0.0591428$ & $-0.0329422$ & $0.0816883$ & $-0.0404496$ & $0.174592$ & $0.0927488$ & $-0.268628$ \\
CHL1_11 & $0.0311511$ & $0.0346512$ & $-0.0572759$ & $-0.00516435$ & $0.00953907$ & $-0.0970789$ & $-0.0850334$ & $0.248123$ & $0.24453$ & $-0.139597$ & $-0.659067$ & $-0.0135269$ & $0.114371$ & $1$ & $0.441215$ & $0.399271$ & $0.664606$ & $0.612389$ & $0.6233$ & $0.670624$ & $0.630161$ & $0.618405$ & $-0.0273853$ & $0.468751$ & $0.622006$ & $-0.473401$ & $-0.070286$ & $0.2877$ & $0.0740116$ & $0.0876089$ & $0.04727$ & $-0.119965$ & $0.114021$ & $-0.209856$ & $-0.0490552$ & $-0.0968901$ & $0.00480193$ & $-0.0357653$ & $-0.0247878$ & $0.011588$ & $0.0357915$ & $-0.11527$ & $-0.00699869$ & $-0.100809$ & $0.0119924$ & $0.0588714$ & $-0.0490684$ & $-0.0529525$ & $-0.0339856$ \\
CHL1_22 & $0.0433401$ & $-0.0182314$ & $-0.0419588$ & $-0.0296441$ & $0.00658514$ & $-0.119194$ & $-0.0258428$ & $0.455201$ & $0.447316$ & $-0.252037$ & $-0.588489$ & $-0.0245853$ & $0.0405706$ & $0.441215$ & $1$ & $0.556113$ & $0.212362$ & $-0.254578$ & $0.0348297$ & $0.632136$ & $0.531938$ & $0.523$ & $-0.124026$ & $0.0718866$ & $-0.0280107$ & $-0.406244$ & $-0.313903$ & $0.241185$ & $0.0299726$ & $0.00520373$ & $-0.0231025$ & $-0.0481635$ & $0.0109162$ & $-0.465001$ & $-0.0385674$ & $-0.03748$ & $0.017275$ & $-0.0323914$ & $-0.0373344$ & $-0.00617577$ & $-0.0231488$ & $-0.0408734$ & $-0.0138896$ & $-0.083982$ & $-0.0401601$ & $0.0183581$ & $-0.00787834$ & $-0.0610203$ & $-0.0025962$ \\
CHL1_33 & $-0.0315286$ & $-0.0604348$ & $-0.0770969$ & $0.0092866$ & $-0.00731613$ & $-0.107732$ & $-0.0744433$ & $0.444948$ & $0.440207$ & $-0.290321$ & $-0.564376$ & $0.0298107$ & $0.0855317$ & $0.399271$ & $0.556113$ & $1$ & $0.192572$ & $0.0163074$ & $-0.271759$ & $0.610889$ & $0.508273$ & $0.517245$ & $-0.0977538$ & $0.067407$ & $-0.0382141$ & $-0.386142$ & $-0.299063$ & $0.246035$ & $0.0215354$ & $0.063363$ & $0.0151432$ & $-0.0862076$ & $0.0786177$ & $-0.0479668$ & $-0.0744035$ & $-0.0573069$ & $-0.0389976$ & $-0.101756$ & $-0.0236811$ & $-0.018748$ & $-0.0254521$ & $-0.0168087$ & $0.0351624$ & $-0.0336091$ & $0.0165026$ & $0.0297024$ & $0.0139175$ & $-0.0503698$ & $-0.0656865$ \\
CHL3_11 & $0.0317659$ & $0.0700062$ & $-0.081797$ & $0.0219473$ & $0.0030803$ & $-0.423252$ & $-0.0775737$ & $-0.187604$ & $-0.187275$ & $0.103596$ & $-0.302765$ & $0.0539614$ & $0.150021$ & $0.664606$ & $0.212362$ & $0.192572$ & $1$ & $0.830671$ & $0.825612$ & $0.312573$ & $0.280119$ & $0.275282$ & $-0.034282$ & $0.743218$ & $0.865264$ & $-0.219425$ & $-0.121805$ & $0.134054$ & $0.0563689$ & $0.116606$ & $0.0893181$ & $-0.0889166$ & $0.143885$ & $-0.240132$ & $-0.0490668$ & $-0.0455175$ & $0.00323373$ & $-0.0612728$ & $-0.0186028$ & $-0.0170528$ & $-0.0102191$ & $-0.0665087$ & $0.0178338$ & $-0.0699342$ & $0.0234$ & $0.0582055$ & $-0.0268599$ & $-0.0271019$ & $-0.0488876$ \\
CHL3_22 & $0.0023879$ & $0.0706273$ & $-0.0640347$ & $0.0344324$ & $-0.00224431$ & $-0.222923$ & $-0.0674961$ & $-0.39422$ & $-0.389933$ & $0.212897$ & $-0.0525722$ & $0.0573521$ & $0.124326$ & $0.612389$ & $-0.254578$ & $0.0163074$ & $0.830671$ & $1$ & $0.801287$ & $0.0518997$ & $0.047086$ & $0.0461728$ & $0.0106201$ & $0.744605$ & $0.880564$ & $-0.0469148$ & $-0.0474723$ & $0.0271052$ & $0.0458692$ & $0.111215$ & $0.0892172$ & $-0.0729461$ & $0.13667$ & $-0.0949749$ & $-0.0287957$ & $-0.0473841$ & $-0.0119833$ & $-0.0428214$ & $-0.0167556$ & $-0.0112294$ & $0.0108062$ & $-0.0638157$ & $0.0194522$ & $-0.0212768$ & $0.0338263$ & $0.0556298$ & $-0.0344732$ & $-0.0133522$ & $-0.0576315$ \\
CHL3_33 & $0.0453536$ & $0.0932159$ & $-0.0399276$ & $0.00943333$ & $0.00970669$ & $-0.224037$ & $-0.0380696$ & $-0.383678$ & $-0.381018$ & $0.232897$ & $-0.0621063$ & $0.0285581$ & $0.097844$ & $0.6233$ & $0.0348297$ & $-0.271759$ & $0.825612$ & $0.801287$ & $1$ & $0.0592541$ & $0.0579643$ & $0.057584$ & $-0.0036015$ & $0.730652$ & $0.873544$ & $-0.0567148$ & $-0.0486434$ & $0.0197787$ & $0.054188$ & $0.0774569$ & $0.0657477$ & $-0.0497137$ & $0.0958593$ & $-0.367429$ & $-0.00802119$ & $-0.0256806$ & $0.0246538$ & $0.0083228$ & $-0.0244574$ & $7.57315e-05$ & $0.0192925$ & $-0.0785815$ & $-0.00921758$ & $-0.056994$ & $-0.00138731$ & $0.045749$ & $-0.0474738$ & $-0.0208446$ & $-0.0159982$ \\
CHe_11 & $0.0386182$ & $0.010911$ & $-0.0531759$ & $-0.0230175$ & $0.0022979$ & $-0.190996$ & $-0.0801216$ & $0.847385$ & $0.836605$ & $-0.476105$ & $-0.994701$ & $-0.0626907$ & $0.0715381$ & $0.670624$ & $0.632136$ & $0.610889$ & $0.312573$ & $0.0518997$ & $0.0592541$ & $1$ & $0.984306$ & $0.972775$ & $0.0213204$ & $-0.148596$ & $0.0994374$ & $-0.706234$ & $0.210699$ & $0.4652$ & $0.0641664$ & $0.053089$ & $0.0153738$ & $-0.118367$ & $0.0777608$ & $0.255802$ & $-0.085304$ & $-0.0790124$ & $0.0242571$ & $-0.0749232$ & $0.0255963$ & $0.0309111$ & $0.0188282$ & $-0.100342$ & $-0.011968$ & $-0.125241$ & $0.0555075$ & $0.0246697$ & $-0.0278401$ & $-0.0060944$ & $0.0198486$ \\
CHe_22 & $0.0409099$ & $0.013914$ & $-0.0404005$ & $-0.0243901$ & $0.00468467$ & $-0.190596$ & $-0.0806653$ & $0.879198$ & $0.86864$ & $-0.490308$ & $-0.995029$ & $-0.0702794$ & $0.0669159$ & $0.630161$ & $0.531938$ & $0.508273$ & $0.280119$ & $0.047086$ & $0.0579643$ & $0.984306$ & $1$ & $0.98635$ & $0.0528657$ & $-0.224043$ & $0.0851286$ & $-0.708427$ & $0.333172$ & $0.470875$ & $0.0650601$ & $0.052129$ & $0.0214452$ & $-0.119998$ & $0.0767709$ & $0.381707$ & $-0.0795108$ & $-0.075009$ & $0.0277488$ & $-0.0637671$ & $0.0400282$ & $0.0399954$ & $0.0327544$ & $-0.101316$ & $-0.0144561$ & $-0.131869$ & $0.0653351$ & $0.0225767$ & $-0.0274619$ & $0.00644214$ & $0.0300025$ \\
CHe_33 & $0.0356714$ & $0.0093136$ & $-0.0485027$ & $-0.0245119$ & $0.0093082$ & $-0.189377$ & $-0.0878577$ & $0.870578$ & $0.860634$ & $-0.491551$ & $-0.983235$ & $-0.0592979$ & $0.0770118$ & $0.618405$ & $0.523$ & $0.517245$ & $0.275282$ & $0.0461728$ & $0.057584$ & $0.972775$ & $0.98635$ & $1$ & $0.0508355$ & $-0.224265$ & $0.0828546$ & $-0.697683$ & $0.331707$ & $0.466967$ & $0.06538$ & $0.0597767$ & $0.0250564$ & $-0.125823$ & $0.0852434$ & $0.383849$ & $-0.0857959$ & $-0.067821$ & $0.0303438$ & $-0.0634331$ & $0.0472018$ & $0.0433792$ & $0.0373101$ & $-0.100184$ & $-0.0073387$ & $-0.126911$ & $0.0660442$ & $0.019806$ & $-0.0286857$ & $0.0178249$ & $0.0245299$ \\
CHQ1_11 & $0.00163267$ & $-0.00737191$ & $0.0509029$ & $-0.0296815$ & $0.0216648$ & $-0.0396734$ & $0.00432584$ & $0.069848$ & $0.0713276$ & $-0.00982489$ & $-0.0360886$ & $-0.0172257$ & $-0.0101195$ & $-0.0273853$ & $-0.124026$ & $-0.0977538$ & $-0.034282$ & $0.0106201$ & $-0.0036015$ & $0.0213204$ & $0.0528657$ & $0.0508355$ & $1$ & $-0.118651$ & $0.0650316$ & $-0.595301$ & $0.317421$ & $0.0359655$ & $0.000609329$ & $0.00554914$ & $-0.00551762$ & $-0.00063262$ & $0.00415502$ & $0.179541$ & $-0.057424$ & $0.0284156$ & $0.00590724$ & $-0.0317935$ & $0.116735$ & $-0.0124042$ & $0.0413389$ & $0.0384793$ & $-0.0238604$ & $-0.0405812$ & $-0.00728902$ & $-0.0192697$ & $-0.00589852$ & $0.023876$ & $0.00907736$ \\
CHQ1_33 & $-0.0452933$ & $0.030454$ & $-0.0754407$ & $0.0276273$ & $0.00893765$ & $-0.159671$ & $-0.0380555$ & $-0.613754$ & $-0.607131$ & $0.335166$ & $0.181554$ & $0.0939309$ & $0.110955$ & $0.468751$ & $0.0718866$ & $0.067407$ & $0.743218$ & $0.744605$ & $0.730652$ & $-0.148596$ & $-0.224043$ & $-0.224265$ & $-0.118651$ & $1$ & $0.756118$ & $0.141587$ & $-0.396954$ & $-0.0324811$ & $0.0120826$ & $0.0830182$ & $0.0601449$ & $-0.0326703$ & $0.0886156$ & $-0.616179$ & $-0.00499241$ & $-0.0144734$ & $-0.0200206$ & $-0.00588$ & $-0.0423924$ & $-0.0460809$ & $-0.0168023$ & $-0.0207195$ & $0.0277312$ & $0.00475736$ & $-0.0189179$ & $0.051426$ & $-0.00487676$ & $-0.0390692$ & $-0.0841175$ \\
CHQ3_11 & $-0.0413827$ & $0.0589358$ & $-0.0674149$ & $0.0166864$ & $-0.0105208$ & $-0.263611$ & $-0.0649329$ & $-0.360416$ & $-0.356707$ & $0.212059$ & $-0.0965644$ & $0.0710519$ & $0.136487$ & $0.622006$ & $-0.0280107$ & $-0.0382141$ & $0.865264$ & $0.880564$ & $0.873544$ & $0.0994374$ & $0.0851286$ & $0.0828546$ & $0.0650316$ & $0.756118$ & $1$ & $-0.0827641$ & $0.107526$ & $0.0445491$ & $0.0673572$ & $0.108644$ & $0.082152$ & $-0.070639$ & $0.130451$ & $-0.257738$ & $-0.0162472$ & $-0.0329561$ & $-0.007644$ & $-0.0442133$ & $-0.0071048$ & $-0.00667241$ & $0.0144613$ & $-0.0627494$ & $-0.0137953$ & $-0.0467269$ & $0.022282$ & $0.054875$ & $-0.026131$ & $-0.00814967$ & $-0.0580431$ \\
CHu_11 & $-0.0441016$ & $-0.00611542$ & $0.011102$ & $0.0238557$ & $-0.00950004$ & $0.152084$ & $0.0463178$ & $-0.611881$ & $-0.605383$ & $0.334588$ & $0.709874$ & $0.0683924$ & $-0.0375833$ & $-0.473401$ & $-0.406244$ & $-0.386142$ & $-0.219425$ & $-0.0469148$ & $-0.0567148$ & $-0.706234$ & $-0.708427$ & $-0.697683$ & $-0.595301$ & $0.141587$ & $-0.0827641$ & $1$ & $-0.18308$ & $-0.332127$ & $-0.0548081$ & $-0.0372456$ & $-0.0193047$ & $0.0757917$ & $-0.0483416$ & $-0.229271$ & $0.0918305$ & $0.0481333$ & $-0.025327$ & $0.0647344$ & $-0.0721499$ & $-0.00230616$ & $-0.0201722$ & $0.0237436$ & $0.0219117$ & $0.104307$ & $-0.0319399$ & $-0.0136366$ & $0.0388907$ & $0.0108809$ & $-0.00296677$ \\
CHd_11 & $0.000856462$ & $0.0126116$ & $0.0494814$ & $-0.0286515$ & $-0.0119214$ & $-0.0532874$ & $-0.0245654$ & $0.405985$ & $0.403409$ & $-0.195469$ & $-0.270018$ & $-0.0308467$ & $0.00112606$ & $-0.070286$ & $-0.313903$ & $-0.299063$ & $-0.121805$ & $-0.0474723$ & $-0.0486434$ & $0.210699$ & $0.333172$ & $0.331707$ & $0.317421$ & $-0.396954$ & $0.107526$ & $-0.18308$ & $1$ & $0.16089$ & $0.0301018$ & $0.00620508$ & $-0.00152989$ & $-0.0389534$ & $0.0168237$ & $0.699544$ & $-0.023605$ & $0.00610858$ & $0.0272859$ & $-0.0157168$ & $0.101074$ & $0.0555034$ & $0.0735955$ & $-0.0281416$ & $-0.0465299$ & $-0.0756092$ & $0.0580239$ & $-0.00917635$ & $-0.0183979$ & $0.102926$ & $0.0769008$ \\
CHd_33 & $0.0441223$ & $0.0277792$ & $-0.0327274$ & $-0.0193063$ & $0.0024499$ & $-0.0828164$ & $-0.0336527$ & $0.414254$ & $0.407795$ & $-0.203471$ & $-0.469292$ & $-0.0595266$ & $-0.00311191$ & $0.2877$ & $0.241185$ & $0.246035$ & $0.134054$ & $0.0271052$ & $0.0197787$ & $0.4652$ & $0.470875$ & $0.466967$ & $0.0359655$ & $-0.0324811$ & $0.0445491$ & $-0.332127$ & $0.16089$ & $1$ & $0.0491459$ & $0.0120593$ & $0.00538563$ & $-0.0492017$ & $0.0257655$ & $0.191198$ & $-0.0615342$ & $0.00945395$ & $0.00226681$ & $-0.0361837$ & $0.0106507$ & $0.00560303$ & $0.0202312$ & $-0.0374063$ & $-0.0192793$ & $-0.0468112$ & $0.0618376$ & $0.0412166$ & $-0.0170144$ & $-0.0146398$ & $0.09641$ \\
CeH_22r & $-0.045114$ & $-0.06316$ & $-0.0573877$ & $0.00726828$ & $0.041971$ & $-0.0141808$ & $-0.165629$ & $0.0367704$ & $0.0388218$ & $-0.0435493$ & $-0.0648575$ & $0.214339$ & $0.20332$ & $0.0740116$ & $0.0299726$ & $0.0215354$ & $0.0563689$ & $0.0458692$ & $0.054188$ & $0.0641664$ & $0.0650601$ & $0.06538$ & $0.000609329$ & $0.0120826$ & $0.0673572$ & $-0.0548081$ & $0.0301018$ & $0.0491459$ & $1$ & $0.176576$ & $0.114405$ & $-0.153221$ & $0.182638$ & $0.0071763$ & $-0.0240438$ & $0.00978153$ & $-0.0252284$ & $-0.00181776$ & $-0.0557672$ & $0.0405427$ & $-0.00409337$ & $-0.0133127$ & $-0.0579646$ & $-0.00206483$ & $0.0490891$ & $-0.0183103$ & $0.016099$ & $-0.0221291$ & $-0.0157879$ \\
CeH_33r & $-0.0907427$ & $-0.125003$ & $-0.187573$ & $-0.0164424$ & $0.0234974$ & $-0.0372475$ & $-0.531912$ & $-0.000995796$ & $0.0146006$ & $-0.207375$ & $-0.0549593$ & $0.6973$ & $0.704651$ & $0.0876089$ & $0.00520373$ & $0.063363$ & $0.116606$ & $0.111215$ & $0.0774569$ & $0.053089$ & $0.052129$ & $0.0597767$ & $0.00554914$ & $0.0830182$ & $0.108644$ & $-0.0372456$ & $0.00620508$ & $0.0120593$ & $0.176576$ & $1$ & $0.508017$ & $-0.385511$ & $0.839523$ & $0.00507096$ & $0.0247361$ & $0.0507632$ & $-0.146441$ & $-0.0578772$ & $-0.0589595$ & $-0.0581124$ & $-0.0179743$ & $0.0517058$ & $-0.0943099$ & $0.00268872$ & $0.139207$ & $-0.0657033$ & $0.120021$ & $0.0681698$ & $-0.154729$ \\
CuH_22r & $-0.123554$ & $-0.120276$ & $-0.118493$ & $0.0016621$ & $0.0207517$ & $0.0111394$ & $-0.324252$ & $-0.0182455$ & $-0.00690428$ & $-0.131537$ & $-0.0201725$ & $0.42838$ & $0.443437$ & $0.04727$ & $-0.0231025$ & $0.0151432$ & $0.0893181$ & $0.0892172$ & $0.0657477$ & $0.0153738$ & $0.0214452$ & $0.0250564$ & $-0.00551762$ & $0.0601449$ & $0.082152$ & $-0.0193047$ & $-0.00152989$ & $0.00538563$ & $0.114405$ & $0.508017$ & $1$ & $-0.211672$ & $0.556975$ & $0.014962$ & $0.129595$ & $0.0475376$ & $-0.126371$ & $-0.0386524$ & $-0.0787316$ & $0.0113223$ & $-0.0555823$ & $-0.000408782$ & $-0.0655642$ & $0.0114333$ & $0.0732921$ & $0.0436562$ & $0.253179$ & $0.0546471$ & $-0.12925$ \\
CuH_33r & $-0.0198148$ & $0.144101$ & $0.0114063$ & $0.0280293$ & $0.0035722$ & $0.0317641$ & $0.947102$ & $-0.0794663$ & $-0.0554566$ & $0.203701$ & $0.123118$ & $-0.554765$ & $-0.598056$ & $-0.119965$ & $-0.0481635$ & $-0.0862076$ & $-0.0889166$ & $-0.0729461$ & $-0.0497137$ & $-0.118367$ & $-0.119998$ & $-0.125823$ & $-0.00063262$ & $-0.0326703$ & $-0.070639$ & $0.0757917$ & $-0.0389534$ & $-0.0492017$ & $-0.153221$ & $-0.385511$ & $-0.211672$ & $1$ & $-0.418718$ & $-0.0332615$ & $0.0382058$ & $0.0381423$ & $0.162374$ & $0.0230235$ & $-0.0536625$ & $0.00481549$ & $-0.0120053$ & $-0.030627$ & $0.137147$ & $0.0976741$ & $-0.0742875$ & $-0.0394683$ & $-0.0263244$ & $-0.083449$ & $0.0839245$ \\
CdH_33r & $-0.0322215$ & $-0.163391$ & $-0.14134$ & $-0.0924739$ & $0.0332585$ & $-0.0502383$ & $-0.586462$ & $0.0114662$ & $0.0245847$ & $-0.236159$ & $-0.0801681$ & $0.711795$ & $0.727246$ & $0.114021$ & $0.0109162$ & $0.0786177$ & $0.143885$ & $0.13667$ & $0.0958593$ & $0.0777608$ & $0.0767709$ & $0.0852434$ & $0.00415502$ & $0.0886156$ & $0.130451$ & $-0.0483416$ & $0.0168237$ & $0.0257655$ & $0.182638$ & $0.839523$ & $0.556975$ & $-0.418718$ & $1$ & $0.0145243$ & $0.0144447$ & $0.0847116$ & $-0.159907$ & $-0.00749842$ & $-0.0374399$ & $-0.0365772$ & $0.00966619$ & $0.0433439$ & $-0.178752$ & $0.00369987$ & $0.144257$ & $-0.0678644$ & $0.107812$ & $0.188565$ & $0.0404915$ \\
CLL_1221 & $-0.00894553$ & $0.0123654$ & $0.0202586$ & $5.41456e-05$ & $-0.0118052$ & $-0.0733483$ & $-0.0244868$ & $0.537641$ & $0.53396$ & $-0.304035$ & $-0.314604$ & $-0.0575733$ & $-0.0198526$ & $-0.209856$ & $-0.465001$ & $-0.0479668$ & $-0.240132$ & $-0.0949749$ & $-0.367429$ & $0.255802$ & $0.381707$ & $0.383849$ & $0.179541$ & $-0.616179$ & $-0.257738$ & $-0.229271$ & $0.699544$ & $0.191198$ & $0.0071763$ & $0.00507096$ & $0.014962$ & $-0.0332615$ & $0.0145243$ & $1$ & $-0.0399265$ & $-0.0112054$ & $0.0168396$ & $-0.0324307$ & $0.0939573$ & $0.0417755$ & $0.0328723$ & $-0.0155486$ & $0.00757903$ & $-0.0301966$ & $0.103117$ & $-0.0219922$ & $-0.000667925$ & $0.0903008$ & $0.0485906$ \\
eHggint & $-0.153854$ & $-0.264387$ & $0.0649673$ & $0.191627$ & $0.00791867$ & $0.0540766$ & $-0.0123929$ & $-0.0573158$ & $-0.0671545$ & $0.0207036$ & $0.0802282$ & $0.079604$ & $0.0455327$ & $-0.0490552$ & $-0.0385674$ & $-0.0744035$ & $-0.0490668$ & $-0.0287957$ & $-0.00802119$ & $-0.085304$ & $-0.0795108$ & $-0.0857959$ & $-0.057424$ & $-0.00499241$ & $-0.0162472$ & $0.0918305$ & $-0.023605$ & $-0.0615342$ & $-0.0240438$ & $0.0247361$ & $0.129595$ & $0.0382058$ & $0.0144447$ & $-0.0399265$ & $1$ & $0.233615$ & $-0.290231$ & $0.0453144$ & $-0.225965$ & $0.0494654$ & $0.0550074$ & $-4.93717e-06$ & $-0.192076$ & $0.225$ & $0.162988$ & $-0.00830386$ & $0.392694$ & $-0.0373366$ & $-0.097829$ \\
eHggpar & $-0.0636964$ & $-0.225947$ & $-0.0217093$ & $-0.0250856$ & $0.00497626$ & $0.00198548$ & $-0.00266676$ & $-0.0448683$ & $-0.0566703$ & $0.0454537$ & $0.0760708$ & $0.0821392$ & $0.0334053$ & $-0.0968901$ & $-0.03748$ & $-0.0573069$ & $-0.0455175$ & $-0.0473841$ & $-0.0256806$ & $-0.0790124$ & $-0.075009$ & $-0.067821$ & $0.0284156$ & $-0.0144734$ & $-0.0329561$ & $0.0481333$ & $0.00610858$ & $0.00945395$ & $0.00978153$ & $0.0507632$ & $0.0475376$ & $0.0381423$ & $0.0847116$ & $-0.0112054$ & $0.233615$ & $1$ & $-0.0993299$ & $-0.0535213$ & $0.00595247$ & $0.0134745$ & $-0.00804653$ & $-0.01685$ & $-0.16587$ & $0.232461$ & $-0.0101168$ & $-0.0684217$ & $0.146311$ & $0.100746$ & $0.172479$ \\
eHWWint & $0.091884$ & $0.263603$ & $-0.106413$ & $-0.0405635$ & $-0.00236965$ & $-0.0702185$ & $0.190084$ & $0.0226819$ & $0.0225502$ & $0.0176009$ & $-0.0234155$ & $-0.14419$ & $-0.125825$ & $0.00480193$ & $0.017275$ & $-0.0389976$ & $0.00323373$ & $-0.0119833$ & $0.0246538$ & $0.0242571$ & $0.0277488$ & $0.0303438$ & $0.00590724$ & $-0.0200206$ & $-0.007644$ & $-0.025327$ & $0.0272859$ & $0.00226681$ & $-0.0252284$ & $-0.146441$ & $-0.126371$ & $0.162374$ & $-0.159907$ & $0.0168396$ & $-0.290231$ & $-0.0993299$ & $1$ & $0.0223431$ & $0.048925$ & $0.0443597$ & $0.084257$ & $-0.0478347$ & $0.0276415$ & $-0.215961$ & $-0.0881663$ & $-0.132253$ & $-0.120387$ & $0.352425$ & $0.0145307$ \\
eHWWpar & $-0.0409082$ & $-0.0561636$ & $0.0265783$ & $-0.0506442$ & $-0.0213392$ & $0.0358201$ & $0.0161584$ & $-0.0424988$ & $-0.0359614$ & $0.00112482$ & $0.0682994$ & $-0.0161883$ & $-0.00246974$ & $-0.0357653$ & $-0.0323914$ & $-0.101756$ & $-0.0612728$ & $-0.0428214$ & $0.0083228$ & $-0.0749232$ & $-0.0637671$ & $-0.0634331$ & $-0.0317935$ & $-0.00588$ & $-0.0442133$ & $0.0647344$ & $-0.0157168$ & $-0.0361837$ & $-0.00181776$ & $-0.0578772$ & $-0.0386524$ & $0.0230235$ & $-0.00749842$ & $-0.0324307$ & $0.0453144$ & $-0.0535213$ & $0.0223431$ & $1$ & $0.052387$ & $-0.0164745$ & $0.0794198$ & $-0.11263$ & $-0.0318404$ & $-0.0888177$ & $-0.0561371$ & $-0.0505087$ & $-0.0337642$ & $0.0140414$ & $0.00946427$ \\
eHZZint & $-0.17185$ & $-0.155509$ & $0.1541$ & $-0.231879$ & $-0.0325635$ & $-0.000375425$ & $-0.0360246$ & $0.0576455$ & $0.0633711$ & $0.039449$ & $-0.032811$ & $-0.0570032$ & $-0.0615113$ & $-0.0247878$ & $-0.0373344$ & $-0.0236811$ & $-0.0186028$ & $-0.0167556$ & $-0.0244574$ & $0.0255963$ & $0.0400282$ & $0.0472018$ & $0.116735$ & $-0.0423924$ & $-0.0071048$ & $-0.0721499$ & $0.101074$ & $0.0106507$ & $-0.0557672$ & $-0.0589595$ & $-0.0787316$ & $-0.0536625$ & $-0.0374399$ & $0.0939573$ & $-0.225965$ & $0.00595247$ & $0.048925$ & $0.052387$ & $1$ & $0.0150666$ & $0.221804$ & $-0.0485986$ & $0.197517$ & $-0.103294$ & $-0.215927$ & $-0.127699$ & $-0.0749867$ & $0.197242$ & $0.0870579$ \\
eHZZpar & $0.0448139$ & $0.0318581$ & $0.0111585$ & $-0.0683524$ & $-0.0162567$ & $-0.00161483$ & $0.0185211$ & $0.044424$ & $0.0454666$ & $-0.0282004$ & $-0.0353731$ & $-0.0910409$ & $-0.0827369$ & $0.011588$ & $-0.00617577$ & $-0.018748$ & $-0.0170528$ & $-0.0112294$ & $7.57315e-05$ & $0.0309111$ & $0.0399954$ & $0.0433792$ & $-0.0124042$ & $-0.0460809$ & $-0.00667241$ & $-0.00230616$ & $0.0555034$ & $0.00560303$ & $0.0405427$ & $-0.0581124$ & $0.0113223$ & $0.00481549$ & $-0.0365772$ & $0.0417755$ & $0.0494654$ & $0.0134745$ & $0.0443597$ & $-0.0164745$ & $0.0150666$ & $1$ & $0.0580275$ & $-0.0503386$ & $-0.0401769$ & $-0.0291145$ & $0.0216855$ & $-0.1185$ & $0.0732461$ & $0.0575596$ & $0.101958$ \\
eHZgaint & $0.0245357$ & $-0.428292$ & $0.119234$ & $0.0123491$ & $-0.0272386$ & $-0.00277211$ & $8.30167e-05$ & $0.0380592$ & $0.0383567$ & $-0.0200784$ & $-0.0318763$ & $-0.0149956$ & $-0.0378826$ & $0.0357915$ & $-0.0231488$ & $-0.0254521$ & $-0.0102191$ & $0.0108062$ & $0.0192925$ & $0.0188282$ & $0.0327544$ & $0.0373101$ & $0.0413389$ & $-0.0168023$ & $0.0144613$ & $-0.0201722$ & $0.0735955$ & $0.0202312$ & $-0.00409337$ & $-0.0179743$ & $-0.0555823$ & $-0.0120053$ & $0.00966619$ & $0.0328723$ & $0.0550074$ & $-0.00804653$ & $0.084257$ & $0.0794198$ & $0.221804$ & $0.0580275$ & $1$ & $-0.0464963$ & $-0.160777$ & $-0.143496$ & $-0.0809498$ & $-0.204664$ & $-0.201194$ & $-0.0228306$ & $0.106104$ \\
eHZgapar & $0.0831399$ & $0.00346825$ & $-0.022131$ & $0.027251$ & $0.00271744$ & $0.0814642$ & $-0.0445421$ & $-0.0619879$ & $-0.0653757$ & $0.0494359$ & $0.100817$ & $0.085775$ & $0.0670172$ & $-0.11527$ & $-0.0408734$ & $-0.0168087$ & $-0.0665087$ & $-0.0638157$ & $-0.0785815$ & $-0.100342$ & $-0.101316$ & $-0.100184$ & $0.0384793$ & $-0.0207195$ & $-0.0627494$ & $0.0237436$ & $-0.0281416$ & $-0.0374063$ & $-0.0133127$ & $0.0517058$ & $-0.000408782$ & $-0.030627$ & $0.0433439$ & $-0.0155486$ & $-4.93717e-06$ & $-0.01685$ & $-0.0478347$ & $-0.11263$ & $-0.0485986$ & $-0.0503386$ & $-0.0464963$ & $1$ & $-0.00976067$ & $0.114604$ & $0.0517122$ & $-0.00344996$ & $-0.0469687$ & $-0.0582388$ & $-0.0167467$ \\
eHgagaint & $0.00655821$ & $0.190093$ & $0.0242998$ & $0.107718$ & $0.011837$ & $0.00816188$ & $0.147381$ & $-0.0215076$ & $0.0192009$ & $0.0149191$ & $0.0145467$ & $-0.0823211$ & $-0.0591428$ & $-0.00699869$ & $-0.0138896$ & $0.0351624$ & $0.0178338$ & $0.0194522$ & $-0.00921758$ & $-0.011968$ & $-0.0144561$ & $-0.0073387$ & $-0.0238604$ & $0.0277312$ & $-0.0137953$ & $0.0219117$ & $-0.0465299$ & $-0.0192793$ & $-0.0579646$ & $-0.0943099$ & $-0.0655642$ & $0.137147$ & $-0.178752$ & $0.00757903$ & $-0.192076$ & $-0.16587$ & $0.0276415$ & $-0.0318404$ & $0.197517$ & $-0.0401769$ & $-0.160777$ & $-0.00976067$ & $1$ & $-0.0252232$ & $-0.212763$ & $0.0152468$ & $0.0631542$ & $-0.250765$ & $-0.32005$ \\
eHmumuint & $-0.113225$ & $0.018338$ & $-0.0151971$ & $0.289253$ & $-0.00342614$ & $0.0754727$ & $0.0607682$ & $-0.102225$ & $-0.102599$ & $0.0657538$ & $0.131493$ & $-0.0142737$ & $-0.0329422$ & $-0.100809$ & $-0.083982$ & $-0.0336091$ & $-0.0699342$ & $-0.0212768$ & $-0.056994$ & $-0.125241$ & $-0.131869$ & $-0.126911$ & $-0.0405812$ & $0.00475736$ & $-0.0467269$ & $0.104307$ & $-0.0756092$ & $-0.0468112$ & $-0.00206483$ & $0.00268872$ & $0.0114333$ & $0.0976741$ & $0.00369987$ & $-0.0301966$ & $0.225$ & $0.232461$ & $-0.215961$ & $-0.0888177$ & $-0.103294$ & $-0.0291145$ & $-0.143496$ & $0.114604$ & $-0.0252232$ & $1$ & $0.268317$ & $-0.114079$ & $-0.0546451$ & $-0.0865666$ & $0.111516$ \\
eHtautauint & $-0.266568$ & $0.126033$ & $-0.217653$ & $0.0660409$ & $-0.0252515$ & $-0.0329993$ & $-0.085087$ & $0.0554895$ & $0.0495908$ & $-0.0749022$ & $-0.058155$ & $0.0728799$ & $0.0816883$ & $0.0119924$ & $-0.0401601$ & $0.0165026$ & $0.0234$ & $0.0338263$ & $-0.00138731$ & $0.0555075$ & $0.0653351$ & $0.0660442$ & $-0.00728902$ & $-0.0189179$ & $0.022282$ & $-0.0319399$ & $0.0580239$ & $0.0618376$ & $0.0490891$ & $0.139207$ & $0.0732921$ & $-0.0742875$ & $0.144257$ & $0.103117$ & $0.162988$ & $-0.0101168$ & $-0.0881663$ & $-0.0561371$ & $-0.215927$ & $0.0216855$ & $-0.0809498$ & $0.0517122$ & $-0.212763$ & $0.268317$ & $1$ & $-0.128107$ & $0.0878126$ & $0.104484$ & $0.202214$ \\
eHccint & $0.127223$ & $0.180237$ & $0.354574$ & $0.268663$ & $0.0358217$ & $0.0491802$ & $-0.0158975$ & $-0.0123246$ & $-0.0148741$ & $-0.045413$ & $-0.0215664$ & $-0.0413392$ & $-0.0404496$ & $0.0588714$ & $0.0183581$ & $0.0297024$ & $0.0582055$ & $0.0556298$ & $0.045749$ & $0.0246697$ & $0.0225767$ & $0.019806$ & $-0.0192697$ & $0.051426$ & $0.054875$ & $-0.0136366$ & $-0.00917635$ & $0.0412166$ & $-0.0183103$ & $-0.0657033$ & $0.0436562$ & $-0.0394683$ & $-0.0678644$ & $-0.0219922$ & $-0.00830386$ & $-0.0684217$ & $-0.132253$ & $-0.0505087$ & $-0.127699$ & $-0.1185$ & $-0.204664$ & $-0.00344996$ & $0.0152468$ & $-0.114079$ & $-0.128107$ & $1$ & $0.185258$ & $-0.307583$ & $-0.134536$ \\
eHccpar & $-0.270947$ & $-0.219227$ & $-0.00171491$ & $0.00541738$ & $0.00189278$ & $0.0780683$ & $-0.0682564$ & $-0.00587051$ & $0.00116977$ & $-0.0442708$ & $0.0268799$ & $0.206945$ & $0.174592$ & $-0.0490684$ & $-0.00787834$ & $0.0139175$ & $-0.0268599$ & $-0.0344732$ & $-0.0474738$ & $-0.0278401$ & $-0.0274619$ & $-0.0286857$ & $-0.00589852$ & $-0.00487676$ & $-0.026131$ & $0.0388907$ & $-0.0183979$ & $-0.0170144$ & $0.016099$ & $0.120021$ & $0.253179$ & $-0.0263244$ & $0.107812$ & $-0.000667925$ & $0.392694$ & $0.146311$ & $-0.120387$ & $-0.0337642$ & $-0.0749867$ & $0.0732461$ & $-0.201194$ & $-0.0469687$ & $0.0631542$ & $-0.0546451$ & $0.0878126$ & $0.185258$ & $1$ & $0.0258306$ & $-0.218195$ \\
eHbbint & $-0.0594948$ & $0.0393238$ & $-0.189047$ & $-0.23512$ & $-0.0181607$ & $-0.0529256$ & $-0.0926598$ & $0.023638$ & $0.0124615$ & $0.0106795$ & $0.00160159$ & $0.0982687$ & $0.0927488$ & $-0.0529525$ & $-0.0610203$ & $-0.0503698$ & $-0.0271019$ & $-0.0133522$ & $-0.0208446$ & $-0.0060944$ & $0.00644214$ & $0.0178249$ & $0.023876$ & $-0.0390692$ & $-0.00814967$ & $0.0108809$ & $0.102926$ & $-0.0146398$ & $-0.0221291$ & $0.0681698$ & $0.0546471$ & $-0.083449$ & $0.188565$ & $0.0903008$ & $-0.0373366$ & $0.100746$ & $0.352425$ & $0.0140414$ & $0.197242$ & $0.0575596$ & $-0.0228306$ & $-0.0582388$ & $-0.250765$ & $-0.0865666$ & $0.104484$ & $-0.307583$ & $0.0258306$ & $1$ & $0.274998$ \\
eHbbpar & $0.35411$ & $-0.0223254$ & $0.3025$ & $-0.258413$ & $0.00268766$ & $-0.00380225$ & $0.109874$ & $0.0546607$ & $0.0375588$ & $0.0574618$ & $-0.0241427$ & $-0.245157$ & $-0.268628$ & $-0.0339856$ & $-0.0025962$ & $-0.0656865$ & $-0.0488876$ & $-0.0576315$ & $-0.0159982$ & $0.0198486$ & $0.0300025$ & $0.0245299$ & $0.00907736$ & $-0.0841175$ & $-0.0580431$ & $-0.00296677$ & $0.0769008$ & $0.09641$ & $-0.0157879$ & $-0.154729$ & $-0.12925$ & $0.0839245$ & $0.0404915$ & $0.0485906$ & $-0.097829$ & $0.172479$ & $0.0145307$ & $0.00946427$ & $0.0870579$ & $0.101958$ & $0.106104$ & $-0.0167467$ & $-0.32005$ & $0.111516$ & $0.202214$ & $-0.134536$ & $-0.218195$ & $0.274998$ & $1$ \\
