 & AlsMz & dAle5Mz & mtop & mHl & Mz & CW & CHG & CHWB & CHWHB_gaga & CHWHB_gagaorth & CHD & CHbox & CH & CHL1_11 & CHL1_22 & CHL1_33 & CHL3_11 & CHL3_22 & CHL3_33 & CHe_11 & CHe_22 & CHe_33 & CHQ1_11 & CHQ1_33 & CHQ3_11 & CHu_11 & CHd_11 & CHd_33 & CeH_22r & CeH_33r & CuH_22r & CuH_33r & CdH_33r & CLL_1221 & eHggint & eHggpar & eHWWint & eHWWpar & eHZZint & eHZZpar & eHZgaint & eHZgapar & eHgagaint & eHmumuint & eHtautauint & eHccint & eHccpar & eHbbint & eHbbpar \\
AlsMz & $1$ & $0.0498833$ & $0.00394717$ & $-0.00500366$ & $-0.0102498$ & $0.00795715$ & $0.0280197$ & $0.00942417$ & $0.000522345$ & $-0.00529177$ & $-0.0238991$ & $-0.00367156$ & $-0.00473517$ & $0.0133163$ & $0.00310106$ & $-0.0135812$ & $0.0117671$ & $0.00615121$ & $0.0199947$ & $0.0155287$ & $0.0182337$ & $0.0171165$ & $0.029296$ & $-0.068963$ & $-0.101093$ & $-0.0708202$ & $-0.0179851$ & $0.0258286$ & $0.0205443$ & $-0.0115517$ & $-0.0439227$ & $0.0256845$ & $-0.0151331$ & $0.00696187$ & $0.013022$ & $-0.0312187$ & $-0.0284696$ & $-0.0215953$ & $0.142809$ & $-0.0226161$ & $0.122983$ & $0.0286262$ & $-0.0930744$ & $0.09065$ & $-0.0273941$ & $-0.0369484$ & $-0.0733519$ & $-0.0847082$ & $0.00976694$ \\
dAle5Mz & $0.0498833$ & $1$ & $-0.00270623$ & $0.0121995$ & $0.0109442$ & $-0.00164395$ & $-0.0248751$ & $-0.0741415$ & $-0.0696222$ & $0.0407063$ & $0.0486907$ & $0.0336253$ & $-0.0317044$ & $-0.00446959$ & $-0.0248988$ & $-0.0257348$ & $0.0405972$ & $0.0348989$ & $0.0353805$ & $-0.0296639$ & $-0.0232444$ & $-0.0187431$ & $0.00597996$ & $0.0253868$ & $0.0323777$ & $0.0152719$ & $0.00622302$ & $-0.00857813$ & $0.00954381$ & $0.00408838$ & $0.00935844$ & $-0.0347854$ & $-0.0146043$ & $0.0239284$ & $-0.070385$ & $-0.0200928$ & $-0.0687237$ & $-0.0375491$ & $-0.0794633$ & $-0.0399489$ & $0.0937628$ & $-0.0348049$ & $0.0290506$ & $0.0863666$ & $-0.0463236$ & $0.0510266$ & $-0.0194712$ & $-0.00481817$ & $-0.015974$ \\
mtop & $0.00394717$ & $-0.00270623$ & $1$ & $-0.0515322$ & $-0.0203688$ & $-0.0245765$ & $-0.041981$ & $0.0143734$ & $0.01697$ & $-0.00547893$ & $0.00685308$ & $-0.0260005$ & $0.0264134$ & $-0.0409185$ & $-0.0103935$ & $0.00440302$ & $-0.010502$ & $-0.0175699$ & $-0.031194$ & $-0.00029936$ & $0.00153701$ & $0.00581705$ & $0.0083973$ & $-0.0147322$ & $-0.0189485$ & $0.000797109$ & $0.0186788$ & $0.0137832$ & $-0.00704121$ & $-0.0358867$ & $-0.0460713$ & $-0.0573438$ & $-0.00276059$ & $0.031603$ & $0.00783436$ & $0.00763212$ & $0.0769642$ & $0.00764155$ & $0.032919$ & $-0.00175958$ & $-0.0180441$ & $0.00501728$ & $0.0749726$ & $-0.0116945$ & $-0.0331617$ & $-0.0464057$ & $-0.0863434$ & $0.00463978$ & $0.0517856$ \\
mHl & $-0.00500366$ & $0.0121995$ & $-0.0515322$ & $1$ & $0.0112656$ & $0.0273598$ & $-0.0296583$ & $-0.0149234$ & $-0.0250325$ & $0.0172607$ & $0.0177305$ & $0.011585$ & $-0.00613836$ & $-0.010631$ & $-0.0115189$ & $0.0241541$ & $-0.0105228$ & $0.00374737$ & $-0.021345$ & $-0.0167856$ & $-0.0201304$ & $-0.0132415$ & $-0.00596709$ & $0.00821122$ & $-0.00816522$ & $0.0262373$ & $-0.0134612$ & $0.00892938$ & $-0.0111626$ & $0.0111512$ & $0.0031834$ & $-0.0271944$ & $0.0328862$ & $-0.00245801$ & $-0.0242083$ & $0.0528985$ & $0.030636$ & $0.0142174$ & $-0.021648$ & $0.00348171$ & $-0.0933081$ & $0.0154594$ & $-0.12842$ & $0.0740492$ & $0.0621558$ & $0.0793422$ & $-0.0287714$ & $-0.0396669$ & $0.0935945$ \\
Mz & $-0.0102498$ & $0.0109442$ & $-0.0203688$ & $0.0112656$ & $1$ & $-0.015271$ & $-0.018525$ & $0.0274394$ & $0.0272136$ & $-0.0213269$ & $-0.0216842$ & $-0.0144704$ & $0.00638821$ & $0.0146148$ & $0.0186083$ & $0.0191175$ & $0.0041262$ & $-0.00927437$ & $-0.0112007$ & $0.0296443$ & $0.0314553$ & $0.0284604$ & $0.0174496$ & $-0.0114282$ & $0.00554828$ & $-0.0344463$ & $0.0192629$ & $-0.013151$ & $0.00292132$ & $0.0105614$ & $0.000799723$ & $-0.0307557$ & $-0.00523967$ & $0.0066152$ & $-0.024293$ & $-0.0187039$ & $-0.0135039$ & $-0.00937457$ & $0.00119266$ & $0.0256511$ & $0.0141646$ & $0.00660171$ & $0.00183197$ & $0.00531169$ & $-0.0187898$ & $0.00348026$ & $0.00866809$ & $0.0073461$ & $-0.00135804$ \\
CW & $0.00795715$ & $-0.00164395$ & $-0.0245765$ & $0.0273598$ & $-0.015271$ & $1$ & $-0.00480953$ & $-0.134312$ & $-0.128618$ & $0.0215831$ & $0.196274$ & $0.0287131$ & $0.00795585$ & $0.00929576$ & $-0.0804237$ & $-0.0826079$ & $-0.254866$ & $-0.0484791$ & $-0.0460887$ & $-0.192943$ & $-0.200798$ & $-0.194761$ & $-0.00237897$ & $0.0092272$ & $-0.0826011$ & $0.108991$ & $-0.0758631$ & $-0.0648834$ & $0.0249907$ & $-0.00472662$ & $0.00358073$ & $-0.00373095$ & $0.00728364$ & $-0.125464$ & $0.0153001$ & $0.000217646$ & $-0.0034971$ & $-0.00961434$ & $0.00336981$ & $0.0192522$ & $0.0112401$ & $0.00160782$ & $-0.00148718$ & $-0.00853832$ & $0.00970655$ & $0.000160935$ & $0.0194112$ & $0.00257218$ & $0.00429171$ \\
CHG & $0.0280197$ & $-0.0248751$ & $-0.041981$ & $-0.0296583$ & $-0.018525$ & $-0.00480953$ & $1$ & $-0.110843$ & $-0.05743$ & $0.0735493$ & $0.0506186$ & $0.261901$ & $-0.307403$ & $0.087011$ & $-0.0218875$ & $-0.0140538$ & $0.11717$ & $0.127731$ & $0.12562$ & $-0.0481083$ & $-0.0553803$ & $-0.0568354$ & $-0.0039053$ & $0.129646$ & $0.120839$ & $0.0158955$ & $-0.0508481$ & $-0.00288378$ & $-0.0100853$ & $-0.128484$ & $-0.0874176$ & $0.940252$ & $-0.154304$ & $-0.0742242$ & $-0.0196563$ & $-0.0114116$ & $-0.0195355$ & $0.0195129$ & $0.0270654$ & $0.00927821$ & $0.0132434$ & $-0.0152898$ & $-0.0051361$ & $-0.0368678$ & $0.0270822$ & $0.00434334$ & $-0.0306535$ & $-0.0157794$ & $0.000342055$ \\
CHWB & $0.00942417$ & $-0.0741415$ & $0.0143734$ & $-0.0149234$ & $0.0274394$ & $-0.134312$ & $-0.110843$ & $1$ & $0.982276$ & $-0.573961$ & $-0.877029$ & $-0.470819$ & $0.386022$ & $0.0724861$ & $0.301604$ & $0.28444$ & $-0.26666$ & $-0.454644$ & $-0.444485$ & $0.848388$ & $0.893632$ & $0.876809$ & $0.077251$ & $-0.680097$ & $-0.414265$ & $-0.508951$ & $0.433103$ & $0.301105$ & $0.0136842$ & $0.14542$ & $0.0721119$ & $-0.0895554$ & $0.135395$ & $0.560771$ & $0.00668063$ & $0.00372962$ & $-0.00020195$ & $-0.0100433$ & $0.0109799$ & $0.00386073$ & $0.00767381$ & $0.00942608$ & $0.00389665$ & $-0.00242335$ & $-0.0177986$ & $-0.00131295$ & $0.00206373$ & $0.00856316$ & $-0.0279278$ \\
CHWHB_gaga & $0.000522345$ & $-0.0696222$ & $0.01697$ & $-0.0250325$ & $0.0272136$ & $-0.128618$ & $-0.05743$ & $0.982276$ & $1$ & $-0.560881$ & $-0.858462$ & $-0.45292$ & $0.379452$ & $0.0660077$ & $0.298516$ & $0.277867$ & $-0.268412$ & $-0.45375$ & $-0.44022$ & $0.830562$ & $0.874945$ & $0.858149$ & $0.073885$ & $-0.669981$ & $-0.410444$ & $-0.498593$ & $0.425279$ & $0.295452$ & $0.0153443$ & $0.16477$ & $0.0815676$ & $-0.0432751$ & $0.158979$ & $0.548435$ & $-0.00128716$ & $-0.00356872$ & $-0.0168764$ & $-0.0108565$ & $0.00907488$ & $0.00346218$ & $-0.00222355$ & $0.00334456$ & $0.0729287$ & $-0.0125555$ & $-0.023617$ & $0.00249899$ & $0.00327184$ & $0.014071$ & $-0.0261599$ \\
CHWHB_gagaorth & $-0.00529177$ & $0.0407063$ & $-0.00547893$ & $0.0172607$ & $-0.0213269$ & $0.0215831$ & $0.0735493$ & $-0.573961$ & $-0.560881$ & $1$ & $0.361791$ & $0.541725$ & $-0.265212$ & $0.233267$ & $-0.130311$ & $-0.13194$ & $0.435811$ & $0.488179$ & $0.491825$ & $-0.348736$ & $-0.376687$ & $-0.370878$ & $-0.0573415$ & $0.551123$ & $0.476824$ & $0.208998$ & $-0.240092$ & $-0.132163$ & $-0.0202404$ & $-0.166077$ & $-0.0761324$ & $0.0691636$ & $-0.166088$ & $-0.349351$ & $0.0263742$ & $0.0127002$ & $0.0219918$ & $0.0115483$ & $0.010187$ & $-0.0186413$ & $-0.054171$ & $-0.0119178$ & $0.000109219$ & $0.0109249$ & $0.0299735$ & $0.0071026$ & $-0.0225955$ & $-0.00559835$ & $0.0161903$ \\
CHD & $-0.0238991$ & $0.0486907$ & $0.00685308$ & $0.0177305$ & $-0.0216842$ & $0.196274$ & $0.0506186$ & $-0.877029$ & $-0.858462$ & $0.361791$ & $1$ & $0.312603$ & $-0.186131$ & $-0.49548$ & $-0.42247$ & $-0.401385$ & $-0.193966$ & $0.0850861$ & $0.0739698$ & $-0.99043$ & $-0.990946$ & $-0.96972$ & $-0.0203651$ & $0.314322$ & $0.0304134$ & $0.565885$ & $-0.304372$ & $-0.338802$ & $0.00162056$ & $-0.089001$ & $-0.0452893$ & $0.0456409$ & $-0.0748745$ & $-0.364866$ & $0.0206477$ & $0.00911206$ & $0.00488055$ & $0.0113549$ & $-0.0234221$ & $0.000755258$ & $0.00800049$ & $-0.0033809$ & $0.0105498$ & $-0.0142499$ & $0.00943997$ & $-0.00844883$ & $0.0138274$ & $-0.00460467$ & $0.0179688$ \\
CHbox & $-0.00367156$ & $0.0336253$ & $-0.0260005$ & $0.011585$ & $-0.0144704$ & $0.0287131$ & $0.261901$ & $-0.470819$ & $-0.45292$ & $0.541725$ & $0.312603$ & $1$ & $-0.874042$ & $0.159639$ & $-0.0990181$ & $-0.0983712$ & $0.314887$ & $0.366997$ & $0.366165$ & $-0.297053$ & $-0.327751$ & $-0.322107$ & $-0.0592626$ & $0.436601$ & $0.350524$ & $0.193569$ & $-0.216421$ & $-0.119808$ & $-0.0457605$ & $-0.174895$ & $-0.0989921$ & $0.246148$ & $-0.191025$ & $-0.298342$ & $0.00992012$ & $0.0122831$ & $-0.028692$ & $-0.0122643$ & $0.00804314$ & $0.0012216$ & $-0.0380425$ & $-0.0115414$ & $0.0018951$ & $0.0029576$ & $0.0188289$ & $0.00029802$ & $-0.0385883$ & $-0.0101175$ & $0.0246352$ \\
CH & $-0.00473517$ & $-0.0317044$ & $0.0264134$ & $-0.00613836$ & $0.00638821$ & $0.00795585$ & $-0.307403$ & $0.386022$ & $0.379452$ & $-0.265212$ & $-0.186131$ & $-0.874042$ & $1$ & $-0.274207$ & $0.0837397$ & $0.0786435$ & $-0.400115$ & $-0.428803$ & $-0.424388$ & $0.179157$ & $0.198735$ & $0.196654$ & $0.0496073$ & $-0.436124$ & $-0.411413$ & $-0.12448$ & $0.156217$ & $0.0682453$ & $0.0636865$ & $0.285529$ & $0.129071$ & $-0.252765$ & $0.32098$ & $0.238519$ & $0.0525442$ & $0.0070122$ & $0.0411936$ & $0.0204484$ & $-0.0183912$ & $-0.0161381$ & $0.0318917$ & $0.00170919$ & $0.00423027$ & $-0.00891474$ & $-0.00241149$ & $-0.0128435$ & $0.0447945$ & $0.00414236$ & $-0.0101064$ \\
CHL1_11 & $0.0133163$ & $-0.00446959$ & $-0.0409185$ & $-0.010631$ & $0.0146148$ & $0.00929576$ & $0.087011$ & $0.0724861$ & $0.0660077$ & $0.233267$ & $-0.49548$ & $0.159639$ & $-0.274207$ & $1$ & $0.261588$ & $0.249527$ & $0.664643$ & $0.601188$ & $0.605897$ & $0.514071$ & $0.455776$ & $0.441952$ & $-0.0843842$ & $0.483065$ & $0.604812$ & $-0.258969$ & $-0.100588$ & $0.162339$ & $-0.0240672$ & $-0.064251$ & $-0.0278774$ & $0.0603843$ & $-0.0693858$ & $-0.225134$ & $-0.0510078$ & $-0.0263164$ & $-0.0124173$ & $0.00154223$ & $0.0323424$ & $0.00663862$ & $-0.036505$ & $-0.00557891$ & $-0.0235263$ & $0.0247651$ & $0.0132341$ & $0.0172441$ & $-0.0248446$ & $0.0121049$ & $0.0160643$ \\
CHL1_22 & $0.00310106$ & $-0.0248988$ & $-0.0103935$ & $-0.0115189$ & $0.0186083$ & $-0.0804237$ & $-0.0218875$ & $0.301604$ & $0.298516$ & $-0.130311$ & $-0.42247$ & $-0.0990181$ & $0.0837397$ & $0.261588$ & $1$ & $0.43826$ & $0.15083$ & $-0.455333$ & $-0.0377476$ & $0.486718$ & $0.338771$ & $0.332934$ & $-0.174672$ & $0.0996264$ & $-0.145666$ & $-0.198014$ & $-0.388697$ & $0.121469$ & $0.00299309$ & $0.0408872$ & $0.0128895$ & $-0.0206167$ & $0.0319034$ & $-0.590187$ & $-0.0141224$ & $-0.0365185$ & $0.000395966$ & $-0.0144226$ & $-0.00461172$ & $-0.00175728$ & $-4.86412e-05$ & $-0.0178728$ & $0.0131625$ & $-0.00117949$ & $0.0113267$ & $-0.00538659$ & $-0.0281277$ & $-0.000400921$ & $-0.00320857$ \\
CHL1_33 & $-0.0135812$ & $-0.0257348$ & $0.00440302$ & $0.0241541$ & $0.0191175$ & $-0.0826079$ & $-0.0140538$ & $0.28444$ & $0.277867$ & $-0.13194$ & $-0.401385$ & $-0.0983712$ & $0.0786435$ & $0.249527$ & $0.43826$ & $1$ & $0.14316$ & $-0.0368412$ & $-0.442182$ & $0.466045$ & $0.319547$ & $0.340309$ & $-0.174963$ & $0.100259$ & $-0.132415$ & $-0.180821$ & $-0.380115$ & $0.119253$ & $-0.0130278$ & $0.0396397$ & $0.00481532$ & $-0.0140826$ & $0.0249985$ & $-0.102642$ & $-0.020807$ & $-0.0218598$ & $0.0234174$ & $0.00251637$ & $0.0332696$ & $0.012006$ & $-0.0069525$ & $4.77362e-05$ & $-0.0340319$ & $-0.0107712$ & $-0.00639522$ & $-0.0166141$ & $-0.0397313$ & $-0.016572$ & $-0.00574377$ \\
CHL3_11 & $0.0117671$ & $0.0405972$ & $-0.010502$ & $-0.0105228$ & $0.0041262$ & $-0.254866$ & $0.11717$ & $-0.26666$ & $-0.268412$ & $0.435811$ & $-0.193966$ & $0.314887$ & $-0.400115$ & $0.664643$ & $0.15083$ & $0.14316$ & $1$ & $0.74153$ & $0.743924$ & $0.217063$ & $0.163105$ & $0.153565$ & $-0.0683599$ & $0.689366$ & $0.787835$ & $-0.0998558$ & $-0.158277$ & $0.0621317$ & $-0.0336219$ & $-0.117271$ & $-0.05637$ & $0.0851232$ & $-0.127159$ & $-0.262164$ & $-0.0514335$ & $-0.0166751$ & $-0.00463611$ & $-0.003023$ & $0.0197462$ & $-0.0176027$ & $-0.0310253$ & $-0.0125444$ & $-0.0223692$ & $0.0335219$ & $0.0147603$ & $0.0200665$ & $-0.0327646$ & $-0.00932625$ & $0.0130025$ \\
CHL3_22 & $0.00615121$ & $0.0348989$ & $-0.0175699$ & $0.00374737$ & $-0.00927437$ & $-0.0484791$ & $0.127731$ & $-0.454644$ & $-0.45375$ & $0.488179$ & $0.0850861$ & $0.366997$ & $-0.428803$ & $0.601188$ & $-0.455333$ & $-0.0368412$ & $0.74153$ & $1$ & $0.681959$ & $-0.086653$ & $-0.0790652$ & $-0.0802594$ & $0.0026303$ & $0.629496$ & $0.803054$ & $0.0449608$ & $-0.00999752$ & $-0.0204704$ & $-0.0310545$ & $-0.13344$ & $-0.059323$ & $0.0964938$ & $-0.134632$ & $0.0228784$ & $-0.0385448$ & $0.000715686$ & $-0.00522445$ & $0.00960885$ & $0.0284263$ & $-0.00270802$ & $-0.0343208$ & $0.00274456$ & $-0.03545$ & $0.0254842$ & $0.00952911$ & $0.0181954$ & $-0.0108196$ & $-0.00482261$ & $0.0218367$ \\
CHL3_33 & $0.0199947$ & $0.0353805$ & $-0.031194$ & $-0.021345$ & $-0.0112007$ & $-0.0460887$ & $0.12562$ & $-0.444485$ & $-0.44022$ & $0.491825$ & $0.0739698$ & $0.366165$ & $-0.424388$ & $0.605897$ & $-0.0377476$ & $-0.442182$ & $0.743924$ & $0.681959$ & $1$ & $-0.0764177$ & $-0.0675686$ & $-0.0679634$ & $0.000707598$ & $0.628582$ & $0.793989$ & $0.0383271$ & $-0.0114318$ & $-0.019581$ & $-0.0200878$ & $-0.129741$ & $-0.0537183$ & $0.0946893$ & $-0.129708$ & $-0.345313$ & $-0.0327014$ & $-0.0106209$ & $-0.0203941$ & $-0.00580416$ & $0.00216298$ & $-0.013593$ & $-0.0318536$ & $-0.0145809$ & $-0.00231101$ & $0.035171$ & $0.0244795$ & $0.0240718$ & $-0.00454324$ & $0.00941867$ & $0.0231515$ \\
CHe_11 & $0.0155287$ & $-0.0296639$ & $-0.00029936$ & $-0.0167856$ & $0.0296443$ & $-0.192943$ & $-0.0481083$ & $0.848388$ & $0.830562$ & $-0.348736$ & $-0.99043$ & $-0.297053$ & $0.179157$ & $0.514071$ & $0.486718$ & $0.466045$ & $0.217063$ & $-0.086653$ & $-0.0764177$ & $1$ & $0.972596$ & $0.95294$ & $-0.00575623$ & $-0.261062$ & $-0.0234848$ & $-0.555927$ & $0.229694$ & $0.334506$ & $-0.001711$ & $0.087856$ & $0.0450539$ & $-0.043549$ & $0.0723264$ & $0.286965$ & $-0.0210849$ & $-0.013573$ & $-0.00673248$ & $-0.0134021$ & $0.0228462$ & $-0.000309488$ & $-0.0088286$ & $0.00118846$ & $-0.0123204$ & $0.0144275$ & $-0.00897618$ & $0.00783691$ & $-0.0151179$ & $0.00284133$ & $-0.0150133$ \\
CHe_22 & $0.0182337$ & $-0.0232444$ & $0.00153701$ & $-0.0201304$ & $0.0314553$ & $-0.200798$ & $-0.0553803$ & $0.893632$ & $0.874945$ & $-0.376687$ & $-0.990946$ & $-0.327751$ & $0.198735$ & $0.455776$ & $0.338771$ & $0.319547$ & $0.163105$ & $-0.0790652$ & $-0.0675686$ & $0.972596$ & $1$ & $0.974573$ & $0.0501818$ & $-0.368453$ & $-0.0337496$ & $-0.568747$ & $0.38635$ & $0.339366$ & $0.000168999$ & $0.0935588$ & $0.0488519$ & $-0.0499295$ & $0.0789223$ & $0.451334$ & $-0.0207838$ & $-0.00464531$ & $-0.00865471$ & $-0.0122436$ & $0.0211635$ & $-0.00258381$ & $-0.00575416$ & $0.00355753$ & $-0.00773146$ & $0.0163825$ & $-0.0111177$ & $0.0112843$ & $-0.00958763$ & $0.00684094$ & $-0.0184915$ \\
CHe_33 & $0.0171165$ & $-0.0187431$ & $0.00581705$ & $-0.0132415$ & $0.0284604$ & $-0.194761$ & $-0.0568354$ & $0.876809$ & $0.858149$ & $-0.370878$ & $-0.96972$ & $-0.322107$ & $0.196654$ & $0.441952$ & $0.332934$ & $0.340309$ & $0.153565$ & $-0.0802594$ & $-0.0679634$ & $0.95294$ & $0.974573$ & $1$ & $0.0467431$ & $-0.361247$ & $-0.0391505$ & $-0.55572$ & $0.374579$ & $0.333089$ & $-0.0029393$ & $0.0941878$ & $0.0484034$ & $-0.0513596$ & $0.0779654$ & $0.444525$ & $-0.0171796$ & $-0.00408705$ & $-0.00274174$ & $-0.0104831$ & $0.0185291$ & $0.000483031$ & $-0.00926762$ & $0.00365789$ & $-0.00952024$ & $0.0174562$ & $-0.00645611$ & $0.00571857$ & $-0.0102177$ & $0.00829687$ & $-0.0173034$ \\
CHQ1_11 & $0.029296$ & $0.00597996$ & $0.0083973$ & $-0.00596709$ & $0.0174496$ & $-0.00237897$ & $-0.0039053$ & $0.077251$ & $0.073885$ & $-0.0573415$ & $-0.0203651$ & $-0.0592626$ & $0.0496073$ & $-0.0843842$ & $-0.174672$ & $-0.174963$ & $-0.0683599$ & $0.0026303$ & $0.000707598$ & $-0.00575623$ & $0.0501818$ & $0.0467431$ & $1$ & $-0.148141$ & $0.0775032$ & $-0.678504$ & $0.358784$ & $0.00982004$ & $-0.0111473$ & $0.0112114$ & $0.0001197$ & $0.00374325$ & $0.0159688$ & $0.216956$ & $-0.0130265$ & $0.011711$ & $0.00683504$ & $-0.0079232$ & $0.0111535$ & $-0.00412331$ & $-0.000230004$ & $-0.00556686$ & $-0.017834$ & $0.0259685$ & $-0.0353584$ & $-0.00233268$ & $0.00657889$ & $0.0130614$ & $-0.0131716$ \\
CHQ1_33 & $-0.068963$ & $0.0253868$ & $-0.0147322$ & $0.00821122$ & $-0.0114282$ & $0.0092272$ & $0.129646$ & $-0.680097$ & $-0.669981$ & $0.551123$ & $0.314322$ & $0.436601$ & $-0.436124$ & $0.483065$ & $0.0996264$ & $0.100259$ & $0.689366$ & $0.629496$ & $0.628582$ & $-0.261062$ & $-0.368453$ & $-0.361247$ & $-0.148141$ & $1$ & $0.651083$ & $0.212568$ & $-0.425871$ & $-0.0217515$ & $-0.0236847$ & $-0.139559$ & $-0.0635258$ & $0.0998958$ & $-0.136443$ & $-0.63242$ & $-0.0371837$ & $-0.0181974$ & $0.0016458$ & $0.00429327$ & $-0.000465645$ & $-0.00521832$ & $-0.0416121$ & $-0.0135732$ & $-0.00605117$ & $0.00929379$ & $0.0279294$ & $0.00310636$ & $-0.0186453$ & $0.00449307$ & $0.0291533$ \\
CHQ3_11 & $-0.101093$ & $0.0323777$ & $-0.0189485$ & $-0.00816522$ & $0.00554828$ & $-0.0826011$ & $0.120839$ & $-0.414265$ & $-0.410444$ & $0.476824$ & $0.0304134$ & $0.350524$ & $-0.411413$ & $0.604812$ & $-0.145666$ & $-0.132415$ & $0.787835$ & $0.803054$ & $0.793989$ & $-0.0234848$ & $-0.0337496$ & $-0.0391505$ & $0.0775032$ & $0.651083$ & $1$ & $0.0224268$ & $0.197578$ & $-0.0052977$ & $-0.0351253$ & $-0.136506$ & $-0.0547047$ & $0.0882042$ & $-0.130934$ & $-0.197655$ & $-0.0498583$ & $0.00508996$ & $-0.00473324$ & $0.00408131$ & $-0.00275299$ & $-0.0104886$ & $-0.0590726$ & $-0.00883678$ & $-0.0137396$ & $0.0232906$ & $0.0107024$ & $0.0335453$ & $-0.00549904$ & $0.01581$ & $0.0216734$ \\
CHu_11 & $-0.0708202$ & $0.0152719$ & $0.000797109$ & $0.0262373$ & $-0.0344463$ & $0.108991$ & $0.0158955$ & $-0.508951$ & $-0.498593$ & $0.208998$ & $0.565885$ & $0.193569$ & $-0.12448$ & $-0.258969$ & $-0.198014$ & $-0.180821$ & $-0.0998558$ & $0.0449608$ & $0.0383271$ & $-0.555927$ & $-0.568747$ & $-0.55572$ & $-0.678504$ & $0.212568$ & $0.0224268$ & $1$ & $-0.188561$ & $-0.194686$ & $0.00973549$ & $-0.0540672$ & $-0.0189664$ & $0.00914389$ & $-0.0431784$ & $-0.256333$ & $0.0212023$ & $0.00536201$ & $-0.0141128$ & $0.0215235$ & $-0.0411473$ & $0.0169191$ & $-0.00700847$ & $-0.00452522$ & $0.0173937$ & $-0.0317058$ & $0.0239029$ & $0.00233763$ & $0.0124838$ & $-0.0100405$ & $0.0291397$ \\
CHd_11 & $-0.0179851$ & $0.00622302$ & $0.0186788$ & $-0.0134612$ & $0.0192629$ & $-0.0758631$ & $-0.0508481$ & $0.433103$ & $0.425279$ & $-0.240092$ & $-0.304372$ & $-0.216421$ & $0.156217$ & $-0.100588$ & $-0.388697$ & $-0.380115$ & $-0.158277$ & $-0.00999752$ & $-0.0114318$ & $0.229694$ & $0.38635$ & $0.374579$ & $0.358784$ & $-0.425871$ & $0.197578$ & $-0.188561$ & $1$ & $0.111813$ & $0.00204087$ & $0.0438591$ & $0.0366006$ & $-0.0429523$ & $0.0536033$ & $0.691842$ & $-0.00185091$ & $0.0405782$ & $-0.0110612$ & $-0.00197577$ & $-0.0156871$ & $-0.00711233$ & $-0.0169721$ & $0.00875704$ & $0.00720669$ & $0.0136934$ & $-0.0248504$ & $0.0207714$ & $0.026575$ & $0.0256745$ & $-0.0120574$ \\
CHd_33 & $0.0258286$ & $-0.00857813$ & $0.0137832$ & $0.00892938$ & $-0.013151$ & $-0.0648834$ & $-0.00288378$ & $0.301105$ & $0.295452$ & $-0.132163$ & $-0.338802$ & $-0.119808$ & $0.0682453$ & $0.162339$ & $0.121469$ & $0.119253$ & $0.0621317$ & $-0.0204704$ & $-0.019581$ & $0.334506$ & $0.339366$ & $0.333089$ & $0.00982004$ & $-0.0217515$ & $-0.0052977$ & $-0.194686$ & $0.111813$ & $1$ & $-0.00597045$ & $0.0197188$ & $0.00584501$ & $0.000484278$ & $0.020632$ & $0.147277$ & $-0.0164561$ & $-0.00723548$ & $0.00739829$ & $-0.0314215$ & $0.00240386$ & $0.0080845$ & $0.000376921$ & $0.0083159$ & $-0.000296283$ & $0.00724122$ & $0.00758165$ & $0.00222835$ & $-0.00818194$ & $-0.00143477$ & $-0.00811593$ \\
CeH_22r & $0.0205443$ & $0.00954381$ & $-0.00704121$ & $-0.0111626$ & $0.00292132$ & $0.0249907$ & $-0.0100853$ & $0.0136842$ & $0.0153443$ & $-0.0202404$ & $0.00162056$ & $-0.0457605$ & $0.0636865$ & $-0.0240672$ & $0.00299309$ & $-0.0130278$ & $-0.0336219$ & $-0.0310545$ & $-0.0200878$ & $-0.001711$ & $0.000168999$ & $-0.0029393$ & $-0.0111473$ & $-0.0236847$ & $-0.0351253$ & $0.00973549$ & $0.00204087$ & $-0.00597045$ & $1$ & $0.0547038$ & $0.0375074$ & $-0.0204182$ & $0.0453556$ & $0.00620175$ & $-0.0145736$ & $-0.0122227$ & $-0.013264$ & $-0.0071041$ & $-0.0272182$ & $0.000163259$ & $0.0108297$ & $-0.00167334$ & $-0.00774879$ & $0.022429$ & $-0.00843808$ & $0.0292631$ & $0.00469847$ & $-0.0103735$ & $-0.0103732$ \\
CeH_33r & $-0.0115517$ & $0.00408838$ & $-0.0358867$ & $0.0111512$ & $0.0105614$ & $-0.00472662$ & $-0.128484$ & $0.14542$ & $0.16477$ & $-0.166077$ & $-0.089001$ & $-0.174895$ & $0.285529$ & $-0.064251$ & $0.0408872$ & $0.0396397$ & $-0.117271$ & $-0.13344$ & $-0.129741$ & $0.087856$ & $0.0935588$ & $0.0941878$ & $0.0112114$ & $-0.139559$ & $-0.136506$ & $-0.0540672$ & $0.0438591$ & $0.0197188$ & $0.0547038$ & $1$ & $0.321081$ & $0.0104383$ & $0.64534$ & $0.0822138$ & $-0.0548325$ & $-0.0381133$ & $-0.185914$ & $-0.0164686$ & $-0.0112374$ & $0.0031381$ & $-0.00742459$ & $-0.00196914$ & $0.0278581$ & $0.0163648$ & $0.0309675$ & $0.018692$ & $0.0097925$ & $0.00679518$ & $0.0150346$ \\
CuH_22r & $-0.0439227$ & $0.00935844$ & $-0.0460713$ & $0.0031834$ & $0.000799723$ & $0.00358073$ & $-0.0874176$ & $0.0721119$ & $0.0815676$ & $-0.0761324$ & $-0.0452893$ & $-0.0989921$ & $0.129071$ & $-0.0278774$ & $0.0128895$ & $0.00481532$ & $-0.05637$ & $-0.059323$ & $-0.0537183$ & $0.0450539$ & $0.0488519$ & $0.0484034$ & $0.0001197$ & $-0.0635258$ & $-0.0547047$ & $-0.0189664$ & $0.0366006$ & $0.00584501$ & $0.0375074$ & $0.321081$ & $1$ & $0.00243914$ & $0.350514$ & $0.046213$ & $-0.015275$ & $-0.0672931$ & $-0.0517769$ & $0.00210159$ & $-0.0185412$ & $0.00941335$ & $0.0175822$ & $0.00980533$ & $0.0103726$ & $-0.0442171$ & $-0.0454279$ & $0.0844442$ & $0.391102$ & $0.0457614$ & $-0.000858224$ \\
CuH_33r & $0.0256845$ & $-0.0347854$ & $-0.0573438$ & $-0.0271944$ & $-0.0307557$ & $-0.00373095$ & $0.940252$ & $-0.0895554$ & $-0.0432751$ & $0.0691636$ & $0.0456409$ & $0.246148$ & $-0.252765$ & $0.0603843$ & $-0.0206167$ & $-0.0140826$ & $0.0851232$ & $0.0964938$ & $0.0946893$ & $-0.043549$ & $-0.0499295$ & $-0.0513596$ & $0.00374325$ & $0.0998958$ & $0.0882042$ & $0.00914389$ & $-0.0429523$ & $0.000484278$ & $-0.0204182$ & $0.0104383$ & $0.00243914$ & $1$ & $0.0183125$ & $-0.0587972$ & $0.0555608$ & $0.0238932$ & $-0.0528006$ & $0.00873905$ & $0.0323604$ & $0.0087038$ & $0.0230952$ & $-0.0165876$ & $0.0123499$ & $-0.0342379$ & $0.0289036$ & $-0.0014458$ & $-0.0195108$ & $-0.0121459$ & $0.015397$ \\
CdH_33r & $-0.0151331$ & $-0.0146043$ & $-0.00276059$ & $0.0328862$ & $-0.00523967$ & $0.00728364$ & $-0.154304$ & $0.135395$ & $0.158979$ & $-0.166088$ & $-0.0748745$ & $-0.191025$ & $0.32098$ & $-0.0693858$ & $0.0319034$ & $0.0249985$ & $-0.127159$ & $-0.134632$ & $-0.129708$ & $0.0723264$ & $0.0789223$ & $0.0779654$ & $0.0159688$ & $-0.136443$ & $-0.130934$ & $-0.0431784$ & $0.0536033$ & $0.020632$ & $0.0453556$ & $0.64534$ & $0.350514$ & $0.0183125$ & $1$ & $0.077737$ & $0.00312827$ & $-0.0141797$ & $-0.193932$ & $-0.0090458$ & $-0.0411801$ & $-0.0157432$ & $0.01587$ & $-0.0135017$ & $0.0608435$ & $-0.0168652$ & $-0.00480728$ & $-0.0231527$ & $0.0612615$ & $0.243835$ & $0.491352$ \\
CLL_1221 & $0.00696187$ & $0.0239284$ & $0.031603$ & $-0.00245801$ & $0.0066152$ & $-0.125464$ & $-0.0742242$ & $0.560771$ & $0.548435$ & $-0.349351$ & $-0.364866$ & $-0.298342$ & $0.238519$ & $-0.225134$ & $-0.590187$ & $-0.102642$ & $-0.262164$ & $0.0228784$ & $-0.345313$ & $0.286965$ & $0.451334$ & $0.444525$ & $0.216956$ & $-0.63242$ & $-0.197655$ & $-0.256333$ & $0.691842$ & $0.147277$ & $0.00620175$ & $0.0822138$ & $0.046213$ & $-0.0587972$ & $0.077737$ & $1$ & $0.0116307$ & $0.0348462$ & $-0.000540589$ & $0.00109574$ & $0.00711064$ & $-0.00168634$ & $0.0131231$ & $0.0206225$ & $-0.00519198$ & $0.00479274$ & $-0.0274041$ & $0.0061089$ & $0.0192637$ & $0.00387437$ & $-0.0263462$ \\
eHggint & $0.013022$ & $-0.070385$ & $0.00783436$ & $-0.0242083$ & $-0.024293$ & $0.0153001$ & $-0.0196563$ & $0.00668063$ & $-0.00128716$ & $0.0263742$ & $0.0206477$ & $0.00992012$ & $0.0525442$ & $-0.0510078$ & $-0.0141224$ & $-0.020807$ & $-0.0514335$ & $-0.0385448$ & $-0.0327014$ & $-0.0210849$ & $-0.0207838$ & $-0.0171796$ & $-0.0130265$ & $-0.0371837$ & $-0.0498583$ & $0.0212023$ & $-0.00185091$ & $-0.0164561$ & $-0.0145736$ & $-0.0548325$ & $-0.015275$ & $0.0555608$ & $0.00312827$ & $0.0116307$ & $1$ & $-0.0458183$ & $0.0932556$ & $0.0148774$ & $-0.05744$ & $1.10666e-05$ & $0.154261$ & $-0.0363193$ & $0.0919176$ & $-0.0599089$ & $0.108517$ & $-0.105866$ & $0.058253$ & $0.00451864$ & $0.106098$ \\
eHggpar & $-0.0312187$ & $-0.0200928$ & $0.00763212$ & $0.0528985$ & $-0.0187039$ & $0.000217646$ & $-0.0114116$ & $0.00372962$ & $-0.00356872$ & $0.0127002$ & $0.00911206$ & $0.0122831$ & $0.0070122$ & $-0.0263164$ & $-0.0365185$ & $-0.0218598$ & $-0.0166751$ & $0.000715686$ & $-0.0106209$ & $-0.013573$ & $-0.00464531$ & $-0.00408705$ & $0.011711$ & $-0.0181974$ & $0.00508996$ & $0.00536201$ & $0.0405782$ & $-0.00723548$ & $-0.0122227$ & $-0.0381133$ & $-0.0672931$ & $0.0238932$ & $-0.0141797$ & $0.0348462$ & $-0.0458183$ & $1$ & $-0.0209369$ & $0.010283$ & $-0.0129117$ & $0.0168364$ & $-0.0543018$ & $0.00716167$ & $0.0232247$ & $-0.0154059$ & $0.00445014$ & $-0.0447829$ & $-0.104444$ & $0.049736$ & $0.0117752$ \\
eHWWint & $-0.0284696$ & $-0.0687237$ & $0.0769642$ & $0.030636$ & $-0.0135039$ & $-0.0034971$ & $-0.0195355$ & $-0.00020195$ & $-0.0168764$ & $0.0219918$ & $0.00488055$ & $-0.028692$ & $0.0411936$ & $-0.0124173$ & $0.000395966$ & $0.0234174$ & $-0.00463611$ & $-0.00522445$ & $-0.0203941$ & $-0.00673248$ & $-0.00865471$ & $-0.00274174$ & $0.00683504$ & $0.0016458$ & $-0.00473324$ & $-0.0141128$ & $-0.0110612$ & $0.00739829$ & $-0.013264$ & $-0.185914$ & $-0.0517769$ & $-0.0528006$ & $-0.193932$ & $-0.000540589$ & $0.0932556$ & $-0.0209369$ & $1$ & $-0.0100066$ & $-0.00136475$ & $-0.0137514$ & $0.0214884$ & $-0.000938771$ & $-0.0468902$ & $-0.0741769$ & $0.0924518$ & $-0.0488882$ & $0.0229149$ & $0.0132479$ & $-0.0289739$ \\
eHWWpar & $-0.0215953$ & $-0.0375491$ & $0.00764155$ & $0.0142174$ & $-0.00937457$ & $-0.00961434$ & $0.0195129$ & $-0.0100433$ & $-0.0108565$ & $0.0115483$ & $0.0113549$ & $-0.0122643$ & $0.0204484$ & $0.00154223$ & $-0.0144226$ & $0.00251637$ & $-0.003023$ & $0.00960885$ & $-0.00580416$ & $-0.0134021$ & $-0.0122436$ & $-0.0104831$ & $-0.0079232$ & $0.00429327$ & $0.00408131$ & $0.0215235$ & $-0.00197577$ & $-0.0314215$ & $-0.0071041$ & $-0.0164686$ & $0.00210159$ & $0.00873905$ & $-0.0090458$ & $0.00109574$ & $0.0148774$ & $0.010283$ & $-0.0100066$ & $1$ & $-0.0218698$ & $0.00396269$ & $0.0271767$ & $-0.0201935$ & $-0.0194023$ & $-0.00143388$ & $0.0214286$ & $0.00425441$ & $-0.00868281$ & $-0.0115446$ & $0.0183015$ \\
eHZZint & $0.142809$ & $-0.0794633$ & $0.032919$ & $-0.021648$ & $0.00119266$ & $0.00336981$ & $0.0270654$ & $0.0109799$ & $0.00907488$ & $0.010187$ & $-0.0234221$ & $0.00804314$ & $-0.0183912$ & $0.0323424$ & $-0.00461172$ & $0.0332696$ & $0.0197462$ & $0.0284263$ & $0.00216298$ & $0.0228462$ & $0.0211635$ & $0.0185291$ & $0.0111535$ & $-0.000465645$ & $-0.00275299$ & $-0.0411473$ & $-0.0156871$ & $0.00240386$ & $-0.0272182$ & $-0.0112374$ & $-0.0185412$ & $0.0323604$ & $-0.0411801$ & $0.00711064$ & $-0.05744$ & $-0.0129117$ & $-0.00136475$ & $-0.0218698$ & $1$ & $-0.0284661$ & $-0.104312$ & $-0.00401959$ & $-0.0824808$ & $-0.0140155$ & $-0.128923$ & $0.0506802$ & $-0.0677668$ & $-0.0363481$ & $-0.0484765$ \\
eHZZpar & $-0.0226161$ & $-0.0399489$ & $-0.00175958$ & $0.00348171$ & $0.0256511$ & $0.0192522$ & $0.00927821$ & $0.00386073$ & $0.00346218$ & $-0.0186413$ & $0.000755258$ & $0.0012216$ & $-0.0161381$ & $0.00663862$ & $-0.00175728$ & $0.012006$ & $-0.0176027$ & $-0.00270802$ & $-0.013593$ & $-0.000309488$ & $-0.00258381$ & $0.000483031$ & $-0.00412331$ & $-0.00521832$ & $-0.0104886$ & $0.0169191$ & $-0.00711233$ & $0.0080845$ & $0.000163259$ & $0.0031381$ & $0.00941335$ & $0.0087038$ & $-0.0157432$ & $-0.00168634$ & $1.10666e-05$ & $0.0168364$ & $-0.0137514$ & $0.00396269$ & $-0.0284661$ & $1$ & $0.00248642$ & $0.00842664$ & $0.00149492$ & $-0.0066623$ & $-0.011048$ & $-0.0106161$ & $0.00546379$ & $-0.024679$ & $-0.0159372$ \\
eHZgaint & $0.122983$ & $0.0937628$ & $-0.0180441$ & $-0.0933081$ & $0.0141646$ & $0.0112401$ & $0.0132434$ & $0.00767381$ & $-0.00222355$ & $-0.054171$ & $0.00800049$ & $-0.0380425$ & $0.0318917$ & $-0.036505$ & $-4.86412e-05$ & $-0.0069525$ & $-0.0310253$ & $-0.0343208$ & $-0.0318536$ & $-0.0088286$ & $-0.00575416$ & $-0.00926762$ & $-0.000230004$ & $-0.0416121$ & $-0.0590726$ & $-0.00700847$ & $-0.0169721$ & $0.000376921$ & $0.0108297$ & $-0.00742459$ & $0.0175822$ & $0.0230952$ & $0.01587$ & $0.0131231$ & $0.154261$ & $-0.0543018$ & $0.0214884$ & $0.0271767$ & $-0.104312$ & $0.00248642$ & $1$ & $-0.0233233$ & $-0.0544564$ & $-0.0246689$ & $0.0685749$ & $-0.0922892$ & $0.0403919$ & $-0.0600849$ & $0.0310005$ \\
eHZgapar & $0.0286262$ & $-0.0348049$ & $0.00501728$ & $0.0154594$ & $0.00660171$ & $0.00160782$ & $-0.0152898$ & $0.00942608$ & $0.00334456$ & $-0.0119178$ & $-0.0033809$ & $-0.0115414$ & $0.00170919$ & $-0.00557891$ & $-0.0178728$ & $4.77362e-05$ & $-0.0125444$ & $0.00274456$ & $-0.0145809$ & $0.00118846$ & $0.00355753$ & $0.00365789$ & $-0.00556686$ & $-0.0135732$ & $-0.00883678$ & $-0.00452522$ & $0.00875704$ & $0.0083159$ & $-0.00167334$ & $-0.00196914$ & $0.00980533$ & $-0.0165876$ & $-0.0135017$ & $0.0206225$ & $-0.0363193$ & $0.00716167$ & $-0.000938771$ & $-0.0201935$ & $-0.00401959$ & $0.00842664$ & $-0.0233233$ & $1$ & $-0.0275094$ & $0.0107735$ & $0.0104615$ & $0.0415844$ & $0.00665945$ & $-0.00220982$ & $-0.00678519$ \\
eHgagaint & $-0.0930744$ & $0.0290506$ & $0.0749726$ & $-0.12842$ & $0.00183197$ & $-0.00148718$ & $-0.0051361$ & $0.00389665$ & $0.0729287$ & $0.000109219$ & $0.0105498$ & $0.0018951$ & $0.00423027$ & $-0.0235263$ & $0.0131625$ & $-0.0340319$ & $-0.0223692$ & $-0.03545$ & $-0.00231101$ & $-0.0123204$ & $-0.00773146$ & $-0.00952024$ & $-0.017834$ & $-0.00605117$ & $-0.0137396$ & $0.0173937$ & $0.00720669$ & $-0.000296283$ & $-0.00774879$ & $0.0278581$ & $0.0103726$ & $0.0123499$ & $0.0608435$ & $-0.00519198$ & $0.0919176$ & $0.0232247$ & $-0.0468902$ & $-0.0194023$ & $-0.0824808$ & $0.00149492$ & $-0.0544564$ & $-0.0275094$ & $1$ & $-0.140269$ & $-0.0577234$ & $0.0193711$ & $0.030541$ & $0.124065$ & $0.0275119$ \\
eHmumuint & $0.09065$ & $0.0863666$ & $-0.0116945$ & $0.0740492$ & $0.00531169$ & $-0.00853832$ & $-0.0368678$ & $-0.00242335$ & $-0.0125555$ & $0.0109249$ & $-0.0142499$ & $0.0029576$ & $-0.00891474$ & $0.0247651$ & $-0.00117949$ & $-0.0107712$ & $0.0335219$ & $0.0254842$ & $0.035171$ & $0.0144275$ & $0.0163825$ & $0.0174562$ & $0.0259685$ & $0.00929379$ & $0.0232906$ & $-0.0317058$ & $0.0136934$ & $0.00724122$ & $0.022429$ & $0.0163648$ & $-0.0442171$ & $-0.0342379$ & $-0.0168652$ & $0.00479274$ & $-0.0599089$ & $-0.0154059$ & $-0.0741769$ & $-0.00143388$ & $-0.0140155$ & $-0.0066623$ & $-0.0246689$ & $0.0107735$ & $-0.140269$ & $1$ & $-0.0239947$ & $-0.00922745$ & $-0.128186$ & $-0.0357246$ & $-0.0881979$ \\
eHtautauint & $-0.0273941$ & $-0.0463236$ & $-0.0331617$ & $0.0621558$ & $-0.0187898$ & $0.00970655$ & $0.0270822$ & $-0.0177986$ & $-0.023617$ & $0.0299735$ & $0.00943997$ & $0.0188289$ & $-0.00241149$ & $0.0132341$ & $0.0113267$ & $-0.00639522$ & $0.0147603$ & $0.00952911$ & $0.0244795$ & $-0.00897618$ & $-0.0111177$ & $-0.00645611$ & $-0.0353584$ & $0.0279294$ & $0.0107024$ & $0.0239029$ & $-0.0248504$ & $0.00758165$ & $-0.00843808$ & $0.0309675$ & $-0.0454279$ & $0.0289036$ & $-0.00480728$ & $-0.0274041$ & $0.108517$ & $0.00445014$ & $0.0924518$ & $0.0214286$ & $-0.128923$ & $-0.011048$ & $0.0685749$ & $0.0104615$ & $-0.0577234$ & $-0.0239947$ & $1$ & $0.0617341$ & $-0.0926541$ & $-0.0694401$ & $0.0774084$ \\
eHccint & $-0.0369484$ & $0.0510266$ & $-0.0464057$ & $0.0793422$ & $0.00348026$ & $0.000160935$ & $0.00434334$ & $-0.00131295$ & $0.00249899$ & $0.0071026$ & $-0.00844883$ & $0.00029802$ & $-0.0128435$ & $0.0172441$ & $-0.00538659$ & $-0.0166141$ & $0.0200665$ & $0.0181954$ & $0.0240718$ & $0.00783691$ & $0.0112843$ & $0.00571857$ & $-0.00233268$ & $0.00310636$ & $0.0335453$ & $0.00233763$ & $0.0207714$ & $0.00222835$ & $0.0292631$ & $0.018692$ & $0.0844442$ & $-0.0014458$ & $-0.0231527$ & $0.0061089$ & $-0.105866$ & $-0.0447829$ & $-0.0488882$ & $0.00425441$ & $0.0506802$ & $-0.0106161$ & $-0.0922892$ & $0.0415844$ & $0.0193711$ & $-0.00922745$ & $0.0617341$ & $1$ & $-0.0315945$ & $-0.0303424$ & $-0.0562793$ \\
eHccpar & $-0.0733519$ & $-0.0194712$ & $-0.0863434$ & $-0.0287714$ & $0.00866809$ & $0.0194112$ & $-0.0306535$ & $0.00206373$ & $0.00327184$ & $-0.0225955$ & $0.0138274$ & $-0.0385883$ & $0.0447945$ & $-0.0248446$ & $-0.0281277$ & $-0.0397313$ & $-0.0327646$ & $-0.0108196$ & $-0.00454324$ & $-0.0151179$ & $-0.00958763$ & $-0.0102177$ & $0.00657889$ & $-0.0186453$ & $-0.00549904$ & $0.0124838$ & $0.026575$ & $-0.00818194$ & $0.00469847$ & $0.0097925$ & $0.391102$ & $-0.0195108$ & $0.0612615$ & $0.0192637$ & $0.058253$ & $-0.104444$ & $0.0229149$ & $-0.00868281$ & $-0.0677668$ & $0.00546379$ & $0.0403919$ & $0.00665945$ & $0.030541$ & $-0.128186$ & $-0.0926541$ & $-0.0315945$ & $1$ & $0.068322$ & $0.0432984$ \\
eHbbint & $-0.0847082$ & $-0.00481817$ & $0.00463978$ & $-0.0396669$ & $0.0073461$ & $0.00257218$ & $-0.0157794$ & $0.00856316$ & $0.014071$ & $-0.00559835$ & $-0.00460467$ & $-0.0101175$ & $0.00414236$ & $0.0121049$ & $-0.000400921$ & $-0.016572$ & $-0.00932625$ & $-0.00482261$ & $0.00941867$ & $0.00284133$ & $0.00684094$ & $0.00829687$ & $0.0130614$ & $0.00449307$ & $0.01581$ & $-0.0100405$ & $0.0256745$ & $-0.00143477$ & $-0.0103735$ & $0.00679518$ & $0.0457614$ & $-0.0121459$ & $0.243835$ & $0.00387437$ & $0.00451864$ & $0.049736$ & $0.0132479$ & $-0.0115446$ & $-0.0363481$ & $-0.024679$ & $-0.0600849$ & $-0.00220982$ & $0.124065$ & $-0.0357246$ & $-0.0694401$ & $-0.0303424$ & $0.068322$ & $1$ & $0.190886$ \\
eHbbpar & $0.00976694$ & $-0.015974$ & $0.0517856$ & $0.0935945$ & $-0.00135804$ & $0.00429171$ & $0.000342055$ & $-0.0279278$ & $-0.0261599$ & $0.0161903$ & $0.0179688$ & $0.0246352$ & $-0.0101064$ & $0.0160643$ & $-0.00320857$ & $-0.00574377$ & $0.0130025$ & $0.0218367$ & $0.0231515$ & $-0.0150133$ & $-0.0184915$ & $-0.0173034$ & $-0.0131716$ & $0.0291533$ & $0.0216734$ & $0.0291397$ & $-0.0120574$ & $-0.00811593$ & $-0.0103732$ & $0.0150346$ & $-0.000858224$ & $0.015397$ & $0.491352$ & $-0.0263462$ & $0.106098$ & $0.0117752$ & $-0.0289739$ & $0.0183015$ & $-0.0484765$ & $-0.0159372$ & $0.0310005$ & $-0.00678519$ & $0.0275119$ & $-0.0881979$ & $0.0774084$ & $-0.0562793$ & $0.0432984$ & $0.190886$ & $1$ \\
