 & AlsMz & dAle5Mz & mtop & mHl & Mz & CW & CHG & CHWB & CHWHB_gaga & CHWHB_gagaorth & CHD & CHbox & CH & CHL1_11 & CHL1_22 & CHL1_33 & CHL3_11 & CHL3_22 & CHL3_33 & CHe_11 & CHe_22 & CHe_33 & CHQ1_11 & CHQ1_33 & CHQ3_11 & CHu_11 & CHd_11 & CHd_33 & CeH_22r & CeH_33r & CuH_22r & CuH_33r & CdH_33r & CLL_1221 & eHggint & eHggpar & eHWWint & eHWWpar & eHZZint & eHZZpar & eHZgaint & eHZgapar & eHgagaint & eHmumuint & eHtautauint & eHccint & eHccpar & eHbbint & eHbbpar \\
AlsMz & $1$ & $-0.00685037$ & $-0.0331075$ & $0.0293743$ & $-0.00172136$ & $-0.00755356$ & $0.0144215$ & $-0.0236659$ & $-0.020792$ & $0.0123074$ & $0.00515014$ & $-0.00704233$ & $0.00760235$ & $0.0159615$ & $-0.016094$ & $-0.0131003$ & $0.0196988$ & $0.0311786$ & $0.0295754$ & $-0.0121726$ & $-0.0129252$ & $-0.0139195$ & $0.003374$ & $-0.0294823$ & $-0.0679289$ & $-0.0314898$ & $-0.0344891$ & $0.00716357$ & $0.00731094$ & $-0.0031338$ & $-0.00473584$ & $0.00263232$ & $-0.013123$ & $-0.0107252$ & $-0.00873024$ & $-0.0204707$ & $0.00523895$ & $-0.00219093$ & $0.00645649$ & $0.0172109$ & $0.00965073$ & $0.0118892$ & $0.0357173$ & $0.0173846$ & $0.011341$ & $-0.0151709$ & $0.00644715$ & $-0.0280937$ & $-0.0354198$ \\
dAle5Mz & $-0.00685037$ & $1$ & $0.00947919$ & $-0.0205398$ & $-0.0127343$ & $0.00162001$ & $0.0159718$ & $-0.0874413$ & $-0.0862198$ & $0.0477547$ & $0.0672322$ & $0.0193961$ & $-0.016343$ & $-0.0312772$ & $-0.0142531$ & $-0.0130953$ & $0.022501$ & $0.0149508$ & $0.0129394$ & $-0.0450312$ & $-0.0478966$ & $-0.0455594$ & $0.0145828$ & $0.0379075$ & $0.0242802$ & $0.0158144$ & $-0.0181588$ & $-0.0122068$ & $0.00213976$ & $-0.0238537$ & $-0.0160855$ & $0.0168157$ & $-0.0224504$ & $0.00179379$ & $0.027176$ & $-0.00608583$ & $0.0232801$ & $0.0145035$ & $0.00526109$ & $-0.00089565$ & $-0.0120379$ & $0.0108932$ & $-0.00768849$ & $0.00616661$ & $0.00145457$ & $0.0139301$ & $-0.0273663$ & $-0.00599553$ & $-0.00393915$ \\
mtop & $-0.0331075$ & $0.00947919$ & $1$ & $-0.0155132$ & $0.00416526$ & $0.00798976$ & $0.00626867$ & $-0.0130452$ & $-0.0101165$ & $0.00675549$ & $0.0160992$ & $0.00662319$ & $-0.00413892$ & $0.00276187$ & $0.0010805$ & $-0.0132024$ & $0.00214651$ & $0.00335695$ & $0.014992$ & $-0.0088949$ & $-0.0102353$ & $-0.0102668$ & $-0.0110869$ & $0.0133142$ & $0.00840604$ & $0.0106491$ & $-0.00962477$ & $-0.00142898$ & $-0.00576843$ & $-0.0042163$ & $-0.0219937$ & $0.00816875$ & $-0.00835195$ & $-0.0145755$ & $0.015029$ & $-0.00846761$ & $0.00555021$ & $-0.0166732$ & $-0.0220671$ & $-0.0138282$ & $-0.014008$ & $-0.00564301$ & $0.0103842$ & $0.0343234$ & $-0.0125181$ & $-0.0223958$ & $0.00773508$ & $0.00245091$ & $-0.00942457$ \\
mHl & $0.0293743$ & $-0.0205398$ & $-0.0155132$ & $1$ & $-0.0149322$ & $-0.00912327$ & $0.00448929$ & $0.0233028$ & $0.0256749$ & $-0.0119459$ & $-0.0138789$ & $0.00486691$ & $-0.00443783$ & $-0.00595659$ & $-0.00935628$ & $0.00210605$ & $-0.0150643$ & $-0.0097178$ & $-0.0191719$ & $0.0116746$ & $0.0150115$ & $0.0137685$ & $0.00426494$ & $-0.0303502$ & $-0.0147455$ & $-0.00367871$ & $0.0254829$ & $-0.0151766$ & $-0.00306365$ & $0.00971142$ & $-0.00928214$ & $0.00614138$ & $0.00423552$ & $0.0307964$ & $-0.0252942$ & $0.0250049$ & $-0.00634884$ & $-0.000301526$ & $0.00298409$ & $0.00431808$ & $0.00108932$ & $-0.00148637$ & $0.0514595$ & $-0.010182$ & $3.43633e-05$ & $0.00301655$ & $0.00375546$ & $0.0176205$ & $-0.0180443$ \\
Mz & $-0.00172136$ & $-0.0127343$ & $0.00416526$ & $-0.0149322$ & $1$ & $-0.02747$ & $0.00212434$ & $0.00014388$ & $-0.00138405$ & $-0.00847235$ & $0.000533934$ & $-0.00235301$ & $0.00195657$ & $0.00643827$ & $0.0122032$ & $0.0108105$ & $0.0104931$ & $0.00059465$ & $0.00122522$ & $0.00387305$ & $0.00389159$ & $0.00219049$ & $-0.00410024$ & $0.00463974$ & $0.00294191$ & $-0.00383883$ & $-0.0102311$ & $-0.000228763$ & $-0.0126883$ & $-0.0108863$ & $1.87383e-06$ & $0.00446907$ & $0.00998604$ & $-0.0107184$ & $0.00691888$ & $-0.010097$ & $0.00419502$ & $-0.00358321$ & $0.00152824$ & $-0.00974847$ & $0.00597292$ & $-0.0079819$ & $-0.0102866$ & $0.00578623$ & $-0.00320183$ & $-0.0132213$ & $0.0125313$ & $0.00665776$ & $0.0262137$ \\
CW & $-0.00755356$ & $0.00162001$ & $0.00798976$ & $-0.00912327$ & $-0.02747$ & $1$ & $0.0365277$ & $-0.0254532$ & $-0.0220957$ & $0.0128368$ & $0.138389$ & $0.0492929$ & $-0.040096$ & $-0.0373919$ & $-0.0689658$ & $-0.0705719$ & $-0.365495$ & $-0.1775$ & $-0.177099$ & $-0.134799$ & $-0.140798$ & $-0.140298$ & $-0.015614$ & $-0.126658$ & $-0.213811$ & $0.109876$ & $-0.0558653$ & $-0.0553814$ & $0.0130462$ & $-0.0178719$ & $-0.0183727$ & $0.0428103$ & $-0.0321694$ & $-0.0890448$ & $0.0211789$ & $-0.00922747$ & $0.0111679$ & $-0.00549113$ & $0.00273504$ & $-0.00751496$ & $0.00097656$ & $0.00132605$ & $0.0144547$ & $0.0345736$ & $-0.0118623$ & $-0.0179496$ & $0.00489991$ & $0.0192679$ & $-0.0248801$ \\
CHG & $0.0144215$ & $0.0159718$ & $0.00626867$ & $0.00448929$ & $0.00212434$ & $0.0365277$ & $1$ & $-0.03844$ & $-0.0218261$ & $0.210987$ & $0.0874955$ & $0.791146$ & $-0.797704$ & $-0.107963$ & $-0.0425387$ & $-0.0451936$ & $-0.0963048$ & $-0.0750699$ & $-0.0756404$ & $-0.0856539$ & $-0.0857229$ & $-0.0833587$ & $-0.000770634$ & $-0.0551842$ & $-0.076684$ & $0.0661695$ & $-0.00867301$ & $-0.0422678$ & $-0.134797$ & $-0.591206$ & $-0.352048$ & $0.952252$ & $-0.599817$ & $-0.00198168$ & $-0.126828$ & $-0.0490564$ & $0.0132021$ & $0.0110413$ & $0.0236982$ & $0.00320164$ & $-0.0156128$ & $-0.00720152$ & $0.00420565$ & $0.0246578$ & $-0.0183911$ & $0.0202251$ & $-0.0211792$ & $0.00512013$ & $-0.0132754$ \\
CHWB & $-0.0236659$ & $-0.0874413$ & $-0.0130452$ & $0.0233028$ & $0.00014388$ & $-0.0254532$ & $-0.03844$ & $1$ & $0.989276$ & $-0.544996$ & $-0.870092$ & $-0.0728505$ & $0.0466915$ & $0.254922$ & $0.444259$ & $0.452918$ & $-0.241483$ & $-0.411256$ & $-0.41983$ & $0.852865$ & $0.884075$ & $0.876545$ & $0.0366508$ & $-0.637958$ & $-0.381138$ & $-0.60454$ & $0.411091$ & $0.394787$ & $0.00676817$ & $0.0325817$ & $0.0233291$ & $-0.0483112$ & $0.0463794$ & $0.527295$ & $-0.00937318$ & $0.00868271$ & $0.000406007$ & $-0.00398091$ & $0.0091442$ & $-0.00744892$ & $0.00500255$ & $-0.00248231$ & $-0.000112725$ & $-0.00350645$ & $0.00683519$ & $0.0157633$ & $0.00226899$ & $0.0125545$ & $0.0104533$ \\
CHWHB_gaga & $-0.020792$ & $-0.0862198$ & $-0.0101165$ & $0.0256749$ & $-0.00138405$ & $-0.0220957$ & $-0.0218261$ & $0.989276$ & $1$ & $-0.543154$ & $-0.85781$ & $-0.0795454$ & $0.0550083$ & $0.246751$ & $0.439265$ & $0.447336$ & $-0.24496$ & $-0.412563$ & $-0.420667$ & $0.84096$ & $0.871688$ & $0.86437$ & $0.0346524$ & $-0.635483$ & $-0.383103$ & $-0.595163$ & $0.40513$ & $0.38961$ & $0.0141258$ & $0.0553442$ & $0.0373311$ & $-0.0334128$ & $0.06986$ & $0.521361$ & $-0.0211686$ & $0.00349021$ & $-0.00801837$ & $-0.00475625$ & $0.00830673$ & $-0.00838257$ & $0.00783197$ & $-0.00141968$ & $0.0591011$ & $-0.00307431$ & $0.00736555$ & $0.0156695$ & $0.000293251$ & $0.0110667$ & $0.0084208$ \\
CHWHB_gagaorth & $0.0123074$ & $0.0477547$ & $0.00675549$ & $-0.0119459$ & $-0.00847235$ & $0.0128368$ & $0.210987$ & $-0.544996$ & $-0.543154$ & $1$ & $0.465962$ & $0.31523$ & $-0.259998$ & $-0.126156$ & $-0.238682$ & $-0.253537$ & $0.150813$ & $0.237825$ & $0.247627$ & $-0.457816$ & $-0.47303$ & $-0.468494$ & $-0.020223$ & $0.352453$ & $0.228338$ & $0.328124$ & $-0.214329$ & $-0.216$ & $-0.04487$ & $-0.224493$ & $-0.139322$ & $0.228614$ & $-0.241585$ & $-0.287284$ & $0.0182682$ & $-0.00248713$ & $0.00576534$ & $-0.00167908$ & $0.00054516$ & $0.00683835$ & $-0.0610939$ & $0.00837636$ & $-0.0198713$ & $0.0236799$ & $-0.00727207$ & $0.00141148$ & $-0.000343472$ & $-0.00945397$ & $-0.00325936$ \\
CHD & $0.00515014$ & $0.0672322$ & $0.0160992$ & $-0.0138789$ & $0.000533934$ & $0.138389$ & $0.0874955$ & $-0.870092$ & $-0.85781$ & $0.465962$ & $1$ & $0.144476$ & $-0.108822$ & $-0.659625$ & $-0.562492$ & $-0.568039$ & $-0.239868$ & $-0.0183212$ & $-0.0106268$ & $-0.994673$ & $-0.994851$ & $-0.982983$ & $0.0262895$ & $0.220069$ & $-0.0596965$ & $0.683402$ & $-0.274952$ & $-0.436121$ & $-0.013173$ & $-0.0736951$ & $-0.0620134$ & $0.104935$ & $-0.0986957$ & $-0.316971$ & $0.0172752$ & $-0.00603979$ & $-0.000835887$ & $0.00579026$ & $-0.00174827$ & $0.0127873$ & $-0.00738438$ & $0.00237161$ & $0.00944555$ & $0.0047869$ & $-0.00901885$ & $-0.0214671$ & $-0.00538156$ & $-0.00932777$ & $-0.0151068$ \\
CHbox & $-0.00704233$ & $0.0193961$ & $0.00662319$ & $0.00486691$ & $-0.00235301$ & $0.0492929$ & $0.791146$ & $-0.0728505$ & $-0.0795454$ & $0.31523$ & $0.144476$ & $1$ & $-0.99111$ & $-0.167599$ & $-0.0627213$ & $-0.0751855$ & $-0.139726$ & $-0.111903$ & $-0.10577$ & $-0.141521$ & $-0.142473$ & $-0.139133$ & $-0.00286596$ & $-0.0670217$ & $-0.110815$ & $0.106687$ & $-0.0249611$ & $-0.0627913$ & $-0.190264$ & $-0.692198$ & $-0.412578$ & $0.71773$ & $-0.695581$ & $-0.0182619$ & $-0.134838$ & $-0.0525424$ & $0.00664971$ & $0.0159573$ & $0.0289292$ & $0.00431473$ & $-0.0313504$ & $-0.0158613$ & $-0.0041306$ & $0.0249337$ & $-0.0134489$ & $0.0141696$ & $-0.0192565$ & $0.00269048$ & $-0.00663954$ \\
CH & $0.00760235$ & $-0.016343$ & $-0.00413892$ & $-0.00443783$ & $0.00195657$ & $-0.040096$ & $-0.797704$ & $0.0466915$ & $0.0550083$ & $-0.259998$ & $-0.108822$ & $-0.99111$ & $1$ & $0.137268$ & $0.0479764$ & $0.0593102$ & $0.120635$ & $0.0991374$ & $0.0939405$ & $0.106848$ & $0.106725$ & $0.104266$ & $0.00213108$ & $0.0662908$ & $0.0976247$ & $-0.0822794$ & $0.012507$ & $0.0466631$ & $0.195482$ & $0.711342$ & $0.419327$ & $-0.715842$ & $0.714125$ & $0.00585858$ & $0.145515$ & $0.0558827$ & $-0.0064755$ & $-0.0148187$ & $-0.029344$ & $-0.00470489$ & $0.0254028$ & $0.0164226$ & $0.00117372$ & $-0.0228301$ & $0.0141301$ & $-0.0118449$ & $0.0198988$ & $-0.00316959$ & $0.00550555$ \\
CHL1_11 & $0.0159615$ & $-0.0312772$ & $0.00276187$ & $-0.00595659$ & $0.00643827$ & $-0.0373919$ & $-0.107963$ & $0.254922$ & $0.246751$ & $-0.126156$ & $-0.659625$ & $-0.167599$ & $0.137268$ & $1$ & $0.402765$ & $0.398795$ & $0.646062$ & $0.597823$ & $0.596343$ & $0.670881$ & $0.631224$ & $0.617245$ & $-0.106773$ & $0.448228$ & $0.604007$ & $-0.433491$ & $-0.0630862$ & $0.266172$ & $0.0187168$ & $0.0923843$ & $0.0827951$ & $-0.12902$ & $0.116351$ & $-0.182677$ & $-0.0190753$ & $0.00173155$ & $0.00249423$ & $-0.00913268$ & $-0.0147387$ & $-0.0156995$ & $0.00588474$ & $0.0024079$ & $-0.0161033$ & $-0.000822703$ & $0.00672454$ & $0.0162323$ & $0.00414016$ & $0.00282175$ & $0.00760031$ \\
CHL1_22 & $-0.016094$ & $-0.0142531$ & $0.0010805$ & $-0.00935628$ & $0.0122032$ & $-0.0689658$ & $-0.0425387$ & $0.444259$ & $0.439265$ & $-0.238682$ & $-0.562492$ & $-0.0627213$ & $0.0479764$ & $0.402765$ & $1$ & $0.538607$ & $0.163047$ & $-0.313302$ & $-0.00524182$ & $0.607673$ & $0.504936$ & $0.497533$ & $-0.187111$ & $0.0399517$ & $-0.0666365$ & $-0.345566$ & $-0.31361$ & $0.215616$ & $0.00266952$ & $0.0403561$ & $0.0413349$ & $-0.0499935$ & $0.0552302$ & $-0.487645$ & $0.00129213$ & $0.00705101$ & $-0.00856052$ & $-0.00508988$ & $0.00690365$ & $-0.0151238$ & $-0.013536$ & $0.00670771$ & $-0.0117172$ & $4.46065e-05$ & $0.00199192$ & $0.0218944$ & $0.00797448$ & $-0.012503$ & $0.0175142$ \\
CHL1_33 & $-0.0131003$ & $-0.0130953$ & $-0.0132024$ & $0.00210605$ & $0.0108105$ & $-0.0705719$ & $-0.0451936$ & $0.452918$ & $0.447336$ & $-0.253537$ & $-0.568039$ & $-0.0751855$ & $0.0593102$ & $0.398795$ & $0.538607$ & $1$ & $0.16401$ & $-0.00623936$ & $-0.304598$ & $0.610589$ & $0.513895$ & $0.525517$ & $-0.192013$ & $0.0323293$ & $-0.0647827$ & $-0.343211$ & $-0.290586$ & $0.221543$ & $0.00303047$ & $0.0510719$ & $0.0447198$ & $-0.0499034$ & $0.0624274$ & $-0.0309648$ & $0.00201741$ & $-0.00266833$ & $-0.000478116$ & $0.00316537$ & $0.0102293$ & $-0.00599888$ & $-0.00740376$ & $-0.00786309$ & $-0.0294661$ & $-3.10864e-05$ & $-0.00563863$ & $0.0150616$ & $0.00340291$ & $-0.00367553$ & $-0.00737891$ \\
CHL3_11 & $0.0196988$ & $0.022501$ & $0.00214651$ & $-0.0150643$ & $0.0104931$ & $-0.365495$ & $-0.0963048$ & $-0.241483$ & $-0.24496$ & $0.150813$ & $-0.239868$ & $-0.139726$ & $0.120635$ & $0.646062$ & $0.163047$ & $0.16401$ & $1$ & $0.825697$ & $0.823577$ & $0.251376$ & $0.216089$ & $0.208954$ & $-0.0777832$ & $0.759678$ & $0.860544$ & $-0.156554$ & $-0.159518$ & $0.0836012$ & $0.00791396$ & $0.07704$ & $0.0722199$ & $-0.109191$ & $0.101962$ & $-0.261821$ & $-0.0158622$ & $-0.0041921$ & $0.00118279$ & $-0.00176951$ & $-0.0116644$ & $-0.00796827$ & $0.00842672$ & $-0.00305224$ & $-0.0176558$ & $-0.00502183$ & $0.00709654$ & $0.010259$ & $0.00883259$ & $-0.00607804$ & $0.0161844$ \\
CHL3_22 & $0.0311786$ & $0.0149508$ & $0.00335695$ & $-0.0097178$ & $0.00059465$ & $-0.1775$ & $-0.0750699$ & $-0.411256$ & $-0.412563$ & $0.237825$ & $-0.0183212$ & $-0.111903$ & $0.0991374$ & $0.597823$ & $-0.313302$ & $-0.00623936$ & $0.825697$ & $1$ & $0.79049$ & $0.0161816$ & $0.0146235$ & $0.0108745$ & $-0.0179104$ & $0.739868$ & $0.867336$ & $-0.0144563$ & $-0.0561473$ & $-0.00389415$ & $0.0112532$ & $0.0610293$ & $0.0544332$ & $-0.0864857$ & $0.0761853$ & $-0.0668514$ & $-0.0174212$ & $-0.00783572$ & $0.00503693$ & $-0.00111311$ & $-0.0177521$ & $-0.00252325$ & $0.0137426$ & $-0.00492164$ & $-0.0129743$ & $-0.00260189$ & $0.00344183$ & $-0.0009953$ & $0.00222428$ & $0.00287068$ & $-0.000438305$ \\
CHL3_33 & $0.0295754$ & $0.0129394$ & $0.014992$ & $-0.0191719$ & $0.00122522$ & $-0.177099$ & $-0.0756404$ & $-0.41983$ & $-0.420667$ & $0.247627$ & $-0.0106268$ & $-0.10577$ & $0.0939405$ & $0.596343$ & $-0.00524182$ & $-0.304598$ & $0.823577$ & $0.79049$ & $1$ & $0.0101134$ & $0.00545144$ & $0.00107417$ & $-0.0137693$ & $0.744775$ & $0.86678$ & $-0.0128691$ & $-0.0686491$ & $-0.00907761$ & $0.00902609$ & $0.0561733$ & $0.0533106$ & $-0.0882624$ & $0.0727844$ & $-0.37648$ & $-0.0149591$ & $-0.00224754$ & $-0.000410851$ & $-0.00643551$ & $-0.0179217$ & $-0.00936624$ & $0.0084904$ & $0.00798799$ & $-0.000115067$ & $-0.0047688$ & $0.00918041$ & $0.00395722$ & $0.00357996$ & $-0.0037773$ & $0.0154959$ \\
CHe_11 & $-0.0121726$ & $-0.0450312$ & $-0.0088949$ & $0.0116746$ & $0.00387305$ & $-0.134799$ & $-0.0856539$ & $0.852865$ & $0.84096$ & $-0.457816$ & $-0.994673$ & $-0.141521$ & $0.106848$ & $0.670881$ & $0.607673$ & $0.610589$ & $0.251376$ & $0.0161816$ & $0.0101134$ & $1$ & $0.98465$ & $0.973077$ & $-0.0472783$ & $-0.186437$ & $0.0644754$ & $-0.675184$ & $0.219399$ & $0.430289$ & $0.0137418$ & $0.0728006$ & $0.0617631$ & $-0.102515$ & $0.0985581$ & $0.258337$ & $-0.0162456$ & $0.00577431$ & $-0.000911856$ & $-0.00514773$ & $0.00239619$ & $-0.0141047$ & $0.00593644$ & $-0.00210079$ & $-0.0108876$ & $-0.00460638$ & $0.00782866$ & $0.021672$ & $0.00458296$ & $0.00933762$ & $0.0154468$ \\
CHe_22 & $-0.0129252$ & $-0.0478966$ & $-0.0102353$ & $0.0150115$ & $0.00389159$ & $-0.140798$ & $-0.0857229$ & $0.884075$ & $0.871688$ & $-0.47303$ & $-0.994851$ & $-0.142473$ & $0.106725$ & $0.631224$ & $0.504936$ & $0.513895$ & $0.216089$ & $0.0146235$ & $0.00545144$ & $0.98465$ & $1$ & $0.986082$ & $-0.00197057$ & $-0.261559$ & $0.0490349$ & $-0.686351$ & $0.33792$ & $0.43859$ & $0.0133586$ & $0.0705411$ & $0.0587967$ & $-0.10322$ & $0.0955612$ & $0.385227$ & $-0.0177123$ & $0.00666802$ & $0.00157143$ & $-0.0062007$ & $0.00154964$ & $-0.0125058$ & $0.00898833$ & $-0.00227153$ & $-0.00747668$ & $-0.00481032$ & $0.0100549$ & $0.0203912$ & $0.00459142$ & $0.0112253$ & $0.0155013$ \\
CHe_33 & $-0.0139195$ & $-0.0455594$ & $-0.0102668$ & $0.0137685$ & $0.00219049$ & $-0.140298$ & $-0.0833587$ & $0.876545$ & $0.86437$ & $-0.468494$ & $-0.982983$ & $-0.139133$ & $0.104266$ & $0.617245$ & $0.497533$ & $0.525517$ & $0.208954$ & $0.0108745$ & $0.00107417$ & $0.973077$ & $0.986082$ & $1$ & $-0.00120692$ & $-0.263012$ & $0.0441293$ & $-0.678187$ & $0.336332$ & $0.435022$ & $0.0115252$ & $0.06964$ & $0.0558521$ & $-0.0999846$ & $0.0939149$ & $0.387549$ & $-0.0145578$ & $0.00624166$ & $0.00265492$ & $-0.00528433$ & $0.00542744$ & $-0.0114694$ & $0.00811908$ & $0.000856702$ & $-0.00697644$ & $-0.0072662$ & $0.0112736$ & $0.0195012$ & $0.00210469$ & $0.0130202$ & $0.0157218$ \\
CHQ1_11 & $0.003374$ & $0.0145828$ & $-0.0110869$ & $0.00426494$ & $-0.00410024$ & $-0.015614$ & $-0.000770634$ & $0.0366508$ & $0.0346524$ & $-0.020223$ & $0.0262895$ & $-0.00286596$ & $0.00213108$ & $-0.106773$ & $-0.187111$ & $-0.192013$ & $-0.0777832$ & $-0.0179104$ & $-0.0137693$ & $-0.0472783$ & $-0.00197057$ & $-0.00120692$ & $1$ & $-0.133897$ & $0.0328545$ & $-0.572066$ & $0.352795$ & $0.014148$ & $0.00262138$ & $-0.0025276$ & $-0.02101$ & $0.0022631$ & $-0.00507948$ & $0.214076$ & $-0.000190971$ & $0.0267205$ & $0.00268687$ & $0.000127707$ & $-0.00406268$ & $0.00613813$ & $-0.0184541$ & $0.00554497$ & $0.00246788$ & $0.00367525$ & $-0.00816314$ & $-0.012696$ & $-0.023735$ & $0.000764054$ & $-0.00926158$ \\
CHQ1_33 & $-0.0294823$ & $0.0379075$ & $0.0133142$ & $-0.0303502$ & $0.00463974$ & $-0.126658$ & $-0.0551842$ & $-0.637958$ & $-0.635483$ & $0.352453$ & $0.220069$ & $-0.0670217$ & $0.0662908$ & $0.448228$ & $0.0399517$ & $0.0323293$ & $0.759678$ & $0.739868$ & $0.744775$ & $-0.186437$ & $-0.261559$ & $-0.263012$ & $-0.133897$ & $1$ & $0.755969$ & $0.177414$ & $-0.413496$ & $-0.055113$ & $0.00456963$ & $0.0472856$ & $0.0473152$ & $-0.0585923$ & $0.0550168$ & $-0.611577$ & $-0.00564569$ & $-0.00305651$ & $-0.00646578$ & $0.000880557$ & $-0.00936594$ & $-0.0139554$ & $-0.000210687$ & $-0.00213854$ & $-0.0186969$ & $0.00402264$ & $0.0022168$ & $-0.000973751$ & $0.00896631$ & $-0.0165097$ & $0.00351577$ \\
CHQ3_11 & $-0.0679289$ & $0.0242802$ & $0.00840604$ & $-0.0147455$ & $0.00294191$ & $-0.213811$ & $-0.076684$ & $-0.381138$ & $-0.383103$ & $0.228338$ & $-0.0596965$ & $-0.110815$ & $0.0976247$ & $0.604007$ & $-0.0666365$ & $-0.0647827$ & $0.860544$ & $0.867336$ & $0.86678$ & $0.0644754$ & $0.0490349$ & $0.0441293$ & $0.0328545$ & $0.755969$ & $1$ & $-0.0311376$ & $0.103165$ & $0.00776759$ & $0.0142266$ & $0.0538526$ & $0.0543651$ & $-0.088886$ & $0.0746219$ & $-0.25306$ & $-0.0208313$ & $-0.00338108$ & $0.00326734$ & $0.000151102$ & $-0.0136126$ & $-0.0105043$ & $0.00674331$ & $0.00161321$ & $-0.0054917$ & $-0.00247857$ & $0.0060373$ & $-0.000478581$ & $0.00648494$ & $-0.00596352$ & $0.00667665$ \\
CHu_11 & $-0.0314898$ & $0.0158144$ & $0.0106491$ & $-0.00367871$ & $-0.00383883$ & $0.109876$ & $0.0661695$ & $-0.60454$ & $-0.595163$ & $0.328124$ & $0.683402$ & $0.106687$ & $-0.0822794$ & $-0.433491$ & $-0.345566$ & $-0.343211$ & $-0.156554$ & $-0.0144563$ & $-0.0128691$ & $-0.675184$ & $-0.686351$ & $-0.678187$ & $-0.572066$ & $0.177414$ & $-0.0311376$ & $1$ & $-0.204971$ & $-0.312471$ & $-0.00345863$ & $-0.0554323$ & $-0.0363894$ & $0.0761793$ & $-0.0734979$ & $-0.267395$ & $0.00483966$ & $-0.0237428$ & $-0.00556626$ & $0.00303181$ & $0.00249181$ & $0.00793824$ & $0.0037348$ & $-0.000156667$ & $0.0116327$ & $0.000309155$ & $0.00123063$ & $-0.0158006$ & $0.0149702$ & $-0.00657419$ & $-0.00879014$ \\
CHd_11 & $-0.0344891$ & $-0.0181588$ & $-0.00962477$ & $0.0254829$ & $-0.0102311$ & $-0.0558653$ & $-0.00867301$ & $0.411091$ & $0.40513$ & $-0.214329$ & $-0.274952$ & $-0.0249611$ & $0.012507$ & $-0.0630862$ & $-0.31361$ & $-0.290586$ & $-0.159518$ & $-0.0561473$ & $-0.0686491$ & $0.219399$ & $0.33792$ & $0.336332$ & $0.352795$ & $-0.413496$ & $0.103165$ & $-0.204971$ & $1$ & $0.141923$ & $0.0115777$ & $-0.00997106$ & $-0.0123603$ & $-0.0143263$ & $-0.00320236$ & $0.689737$ & $-0.0203603$ & $0.0053158$ & $0.00556917$ & $0.00298436$ & $0.00584522$ & $-0.00256037$ & $0.00999331$ & $0.00190697$ & $0.0263117$ & $0.000102196$ & $0.0125598$ & $-0.0120267$ & $0.00242745$ & $0.00340836$ & $-0.000934672$ \\
CHd_33 & $0.00716357$ & $-0.0122068$ & $-0.00142898$ & $-0.0151766$ & $-0.000228763$ & $-0.0553814$ & $-0.0422678$ & $0.394787$ & $0.38961$ & $-0.216$ & $-0.436121$ & $-0.0627913$ & $0.0466631$ & $0.266172$ & $0.215616$ & $0.221543$ & $0.0836012$ & $-0.00389415$ & $-0.00907761$ & $0.430289$ & $0.43859$ & $0.435022$ & $0.014148$ & $-0.055113$ & $0.00776759$ & $-0.312471$ & $0.141923$ & $1$ & $0.00554583$ & $0.029972$ & $0.0273477$ & $-0.0526293$ & $0.0369316$ & $0.183216$ & $-0.0156619$ & $-0.010416$ & $-0.0144437$ & $-0.00441187$ & $0.0290953$ & $-0.0266349$ & $0.0116209$ & $-0.00460663$ & $-0.00188299$ & $0.00898349$ & $0.0111658$ & $0.00819036$ & $0.003703$ & $0.00545679$ & $0.00809913$ \\
CeH_22r & $0.00731094$ & $0.00213976$ & $-0.00576843$ & $-0.00306365$ & $-0.0126883$ & $0.0130462$ & $-0.134797$ & $0.00676817$ & $0.0141258$ & $-0.04487$ & $-0.013173$ & $-0.190264$ & $0.195482$ & $0.0187168$ & $0.00266952$ & $0.00303047$ & $0.00791396$ & $0.0112532$ & $0.00902609$ & $0.0137418$ & $0.0133586$ & $0.0115252$ & $0.00262138$ & $0.00456963$ & $0.0142266$ & $-0.00345863$ & $0.0115777$ & $0.00554583$ & $1$ & $0.167299$ & $0.0973164$ & $-0.131688$ & $0.168109$ & $0.000825346$ & $0.0100814$ & $0.000195294$ & $-0.019603$ & $0.00550696$ & $-0.009171$ & $-0.00203777$ & $0.0146931$ & $0.0131434$ & $-0.00308646$ & $0.00059171$ & $-0.0215753$ & $-0.00591954$ & $0.000445761$ & $0.00966059$ & $0.00348173$ \\
CeH_33r & $-0.0031338$ & $-0.0238537$ & $-0.0042163$ & $0.00971142$ & $-0.0108863$ & $-0.0178719$ & $-0.591206$ & $0.0325817$ & $0.0553442$ & $-0.224493$ & $-0.0736951$ & $-0.692198$ & $0.711342$ & $0.0923843$ & $0.0403561$ & $0.0510719$ & $0.07704$ & $0.0610293$ & $0.0561733$ & $0.0728006$ & $0.0705411$ & $0.06964$ & $-0.0025276$ & $0.0472856$ & $0.0538526$ & $-0.0554323$ & $-0.00997106$ & $0.029972$ & $0.167299$ & $1$ & $0.487229$ & $-0.453299$ & $0.816792$ & $-0.00416352$ & $0.06414$ & $0.00854667$ & $-0.123173$ & $-0.0256344$ & $-0.0235897$ & $-0.00325262$ & $0.00797461$ & $0.00840576$ & $-0.00523592$ & $-0.0255312$ & $0.0672702$ & $-0.00895875$ & $0.016209$ & $0.00454628$ & $0.00316266$ \\
CuH_22r & $-0.00473584$ & $-0.0160855$ & $-0.0219937$ & $-0.00928214$ & $1.87383e-06$ & $-0.0183727$ & $-0.352048$ & $0.0233291$ & $0.0373311$ & $-0.139322$ & $-0.0620134$ & $-0.412578$ & $0.419327$ & $0.0827951$ & $0.0413349$ & $0.0447198$ & $0.0722199$ & $0.0544332$ & $0.0533106$ & $0.0617631$ & $0.0587967$ & $0.0558521$ & $-0.02101$ & $0.0473152$ & $0.0543651$ & $-0.0363894$ & $-0.0123603$ & $0.0273477$ & $0.0973164$ & $0.487229$ & $1$ & $-0.257221$ & $0.513503$ & $-0.0135096$ & $0.0265615$ & $0.0135596$ & $-0.0615226$ & $-0.0162509$ & $-0.0302756$ & $-0.00765508$ & $-0.00672965$ & $0.0115615$ & $-0.0261232$ & $0.0035456$ & $0.0220263$ & $0.0531263$ & $0.313431$ & $-0.00711613$ & $-0.00043948$ \\
CuH_33r & $0.00263232$ & $0.0168157$ & $0.00816875$ & $0.00614138$ & $0.00446907$ & $0.0428103$ & $0.952252$ & $-0.0483112$ & $-0.0334128$ & $0.228614$ & $0.104935$ & $0.71773$ & $-0.715842$ & $-0.12902$ & $-0.0499935$ & $-0.0499034$ & $-0.109191$ & $-0.0864857$ & $-0.0882624$ & $-0.102515$ & $-0.10322$ & $-0.0999846$ & $0.0022631$ & $-0.0585923$ & $-0.088886$ & $0.0761793$ & $-0.0143263$ & $-0.0526293$ & $-0.131688$ & $-0.453299$ & $-0.257221$ & $1$ & $-0.443378$ & $-0.0038108$ & $-0.0698544$ & $-0.0267294$ & $-0.00401055$ & $0.00405613$ & $0.0358473$ & $0.00414248$ & $-0.0263159$ & $-0.00621368$ & $0.00302653$ & $0.0262044$ & $-0.0193093$ & $0.0144875$ & $-0.0147792$ & $0.00342231$ & $-0.00706694$ \\
CdH_33r & $-0.013123$ & $-0.0224504$ & $-0.00835195$ & $0.00423552$ & $0.00998604$ & $-0.0321694$ & $-0.599817$ & $0.0463794$ & $0.06986$ & $-0.241585$ & $-0.0986957$ & $-0.695581$ & $0.714125$ & $0.116351$ & $0.0552302$ & $0.0624274$ & $0.101962$ & $0.0761853$ & $0.0727844$ & $0.0985581$ & $0.0955612$ & $0.0939149$ & $-0.00507948$ & $0.0550168$ & $0.0746219$ & $-0.0734979$ & $-0.00320236$ & $0.0369316$ & $0.168109$ & $0.816792$ & $0.513503$ & $-0.443378$ & $1$ & $-0.001268$ & $0.0572064$ & $0.0161084$ & $-0.137065$ & $-0.0287828$ & $-0.0289967$ & $0.00178895$ & $0.00790988$ & $0.0107051$ & $-0.00077665$ & $-0.0164018$ & $0.0207272$ & $-0.0143244$ & $0.0139035$ & $0.0915772$ & $0.320362$ \\
CLL_1221 & $-0.0107252$ & $0.00179379$ & $-0.0145755$ & $0.0307964$ & $-0.0107184$ & $-0.0890448$ & $-0.00198168$ & $0.527295$ & $0.521361$ & $-0.287284$ & $-0.316971$ & $-0.0182619$ & $0.00585858$ & $-0.182677$ & $-0.487645$ & $-0.0309648$ & $-0.261821$ & $-0.0668514$ & $-0.37648$ & $0.258337$ & $0.385227$ & $0.387549$ & $0.214076$ & $-0.611577$ & $-0.25306$ & $-0.267395$ & $0.689737$ & $0.183216$ & $0.000825346$ & $-0.00416352$ & $-0.0135096$ & $-0.0038108$ & $-0.001268$ & $1$ & $-0.0085114$ & $0.00128208$ & $0.0100838$ & $0.00356061$ & $0.00510302$ & $0.00858885$ & $0.0181027$ & $-0.010395$ & $0.00738863$ & $-0.00483454$ & $0.0065891$ & $-0.00311658$ & $-0.00444069$ & $0.0202457$ & $-0.00174854$ \\
eHggint & $-0.00873024$ & $0.027176$ & $0.015029$ & $-0.0252942$ & $0.00691888$ & $0.0211789$ & $-0.126828$ & $-0.00937318$ & $-0.0211686$ & $0.0182682$ & $0.0172752$ & $-0.134838$ & $0.145515$ & $-0.0190753$ & $0.00129213$ & $0.00201741$ & $-0.0158622$ & $-0.0174212$ & $-0.0149591$ & $-0.0162456$ & $-0.0177123$ & $-0.0145578$ & $-0.000190971$ & $-0.00564569$ & $-0.0208313$ & $0.00483966$ & $-0.0203603$ & $-0.0156619$ & $0.0100814$ & $0.06414$ & $0.0265615$ & $-0.0698544$ & $0.0572064$ & $-0.0085114$ & $1$ & $-0.0732284$ & $0.0249915$ & $0.0162281$ & $0.0135901$ & $0.00480692$ & $-0.0168349$ & $-0.00699318$ & $-0.0117096$ & $0.026626$ & $0.0169313$ & $0.0239022$ & $0.0110157$ & $-0.0105189$ & $-0.0152242$ \\
eHggpar & $-0.0204707$ & $-0.00608583$ & $-0.00846761$ & $0.0250049$ & $-0.010097$ & $-0.00922747$ & $-0.0490564$ & $0.00868271$ & $0.00349021$ & $-0.00248713$ & $-0.00603979$ & $-0.0525424$ & $0.0558827$ & $0.00173155$ & $0.00705101$ & $-0.00266833$ & $-0.0041921$ & $-0.00783572$ & $-0.00224754$ & $0.00577431$ & $0.00666802$ & $0.00624166$ & $0.0267205$ & $-0.00305651$ & $-0.00338108$ & $-0.0237428$ & $0.0053158$ & $-0.010416$ & $0.000195294$ & $0.00854667$ & $0.0135596$ & $-0.0267294$ & $0.0161084$ & $0.00128208$ & $-0.0732284$ & $1$ & $0.0432733$ & $-0.00806339$ & $-0.0110589$ & $0.014166$ & $0.00679803$ & $0.00758191$ & $0.0404911$ & $-0.00960282$ & $-0.0114165$ & $-0.00291023$ & $-0.00313532$ & $-0.00563595$ & $0.0163003$ \\
eHWWint & $0.00523895$ & $0.0232801$ & $0.00555021$ & $-0.00634884$ & $0.00419502$ & $0.0111679$ & $0.0132021$ & $0.000406007$ & $-0.00801837$ & $0.00576534$ & $-0.000835887$ & $0.00664971$ & $-0.0064755$ & $0.00249423$ & $-0.00856052$ & $-0.000478116$ & $0.00118279$ & $0.00503693$ & $-0.000410851$ & $-0.000911856$ & $0.00157143$ & $0.00265492$ & $0.00268687$ & $-0.00646578$ & $0.00326734$ & $-0.00556626$ & $0.00556917$ & $-0.0144437$ & $-0.019603$ & $-0.123173$ & $-0.0615226$ & $-0.00401055$ & $-0.137065$ & $0.0100838$ & $0.0249915$ & $0.0432733$ & $1$ & $0.000845853$ & $-0.00384917$ & $0.00369463$ & $0.00587479$ & $-0.00761308$ & $0.00965618$ & $0.00701373$ & $0.00409664$ & $0.00117418$ & $0.0294309$ & $0.00717849$ & $-0.00135822$ \\
eHWWpar & $-0.00219093$ & $0.0145035$ & $-0.0166732$ & $-0.000301526$ & $-0.00358321$ & $-0.00549113$ & $0.0110413$ & $-0.00398091$ & $-0.00475625$ & $-0.00167908$ & $0.00579026$ & $0.0159573$ & $-0.0148187$ & $-0.00913268$ & $-0.00508988$ & $0.00316537$ & $-0.00176951$ & $-0.00111311$ & $-0.00643551$ & $-0.00514773$ & $-0.0062007$ & $-0.00528433$ & $0.000127707$ & $0.000880557$ & $0.000151102$ & $0.00303181$ & $0.00298436$ & $-0.00441187$ & $0.00550696$ & $-0.0256344$ & $-0.0162509$ & $0.00405613$ & $-0.0287828$ & $0.00356061$ & $0.0162281$ & $-0.00806339$ & $0.000845853$ & $1$ & $-0.00997806$ & $-0.00815908$ & $-0.0121779$ & $0.0018241$ & $0.00411054$ & $0.00691102$ & $-0.00366792$ & $-0.0147095$ & $0.00183009$ & $0.0144342$ & $-0.0128104$ \\
eHZZint & $0.00645649$ & $0.00526109$ & $-0.0220671$ & $0.00298409$ & $0.00152824$ & $0.00273504$ & $0.0236982$ & $0.0091442$ & $0.00830673$ & $0.00054516$ & $-0.00174827$ & $0.0289292$ & $-0.029344$ & $-0.0147387$ & $0.00690365$ & $0.0102293$ & $-0.0116644$ & $-0.0177521$ & $-0.0179217$ & $0.00239619$ & $0.00154964$ & $0.00542744$ & $-0.00406268$ & $-0.00936594$ & $-0.0136126$ & $0.00249181$ & $0.00584522$ & $0.0290953$ & $-0.009171$ & $-0.0235897$ & $-0.0302756$ & $0.0358473$ & $-0.0289967$ & $0.00510302$ & $0.0135901$ & $-0.0110589$ & $-0.00384917$ & $-0.00997806$ & $1$ & $0.000885996$ & $-0.0278918$ & $0.00272185$ & $-0.00542431$ & $-0.0142439$ & $0.0157427$ & $-0.0128829$ & $0.00046681$ & $-0.013601$ & $-0.00565426$ \\
eHZZpar & $0.0172109$ & $-0.00089565$ & $-0.0138282$ & $0.00431808$ & $-0.00974847$ & $-0.00751496$ & $0.00320164$ & $-0.00744892$ & $-0.00838257$ & $0.00683835$ & $0.0127873$ & $0.00431473$ & $-0.00470489$ & $-0.0156995$ & $-0.0151238$ & $-0.00599888$ & $-0.00796827$ & $-0.00252325$ & $-0.00936624$ & $-0.0141047$ & $-0.0125058$ & $-0.0114694$ & $0.00613813$ & $-0.0139554$ & $-0.0105043$ & $0.00793824$ & $-0.00256037$ & $-0.0266349$ & $-0.00203777$ & $-0.00325262$ & $-0.00765508$ & $0.00414248$ & $0.00178895$ & $0.00858885$ & $0.00480692$ & $0.014166$ & $0.00369463$ & $-0.00815908$ & $0.000885996$ & $1$ & $0.0105658$ & $-0.000667046$ & $-0.00186684$ & $0.0120444$ & $-0.030695$ & $-0.00553902$ & $-0.0178412$ & $-0.00844015$ & $0.0216827$ \\
eHZgaint & $0.00965073$ & $-0.0120379$ & $-0.014008$ & $0.00108932$ & $0.00597292$ & $0.00097656$ & $-0.0156128$ & $0.00500255$ & $0.00783197$ & $-0.0610939$ & $-0.00738438$ & $-0.0313504$ & $0.0254028$ & $0.00588474$ & $-0.013536$ & $-0.00740376$ & $0.00842672$ & $0.0137426$ & $0.0084904$ & $0.00593644$ & $0.00898833$ & $0.00811908$ & $-0.0184541$ & $-0.000210687$ & $0.00674331$ & $0.0037348$ & $0.00999331$ & $0.0116209$ & $0.0146931$ & $0.00797461$ & $-0.00672965$ & $-0.0263159$ & $0.00790988$ & $0.0181027$ & $-0.0168349$ & $0.00679803$ & $0.00587479$ & $-0.0121779$ & $-0.0278918$ & $0.0105658$ & $1$ & $0.00438937$ & $0.0258703$ & $0.0046946$ & $0.0039168$ & $0.00723768$ & $0.0169$ & $0.0331359$ & $0.00634395$ \\
eHZgapar & $0.0118892$ & $0.0108932$ & $-0.00564301$ & $-0.00148637$ & $-0.0079819$ & $0.00132605$ & $-0.00720152$ & $-0.00248231$ & $-0.00141968$ & $0.00837636$ & $0.00237161$ & $-0.0158613$ & $0.0164226$ & $0.0024079$ & $0.00670771$ & $-0.00786309$ & $-0.00305224$ & $-0.00492164$ & $0.00798799$ & $-0.00210079$ & $-0.00227153$ & $0.000856702$ & $0.00554497$ & $-0.00213854$ & $0.00161321$ & $-0.000156667$ & $0.00190697$ & $-0.00460663$ & $0.0131434$ & $0.00840576$ & $0.0115615$ & $-0.00621368$ & $0.0107051$ & $-0.010395$ & $-0.00699318$ & $0.00758191$ & $-0.00761308$ & $0.0018241$ & $0.00272185$ & $-0.000667046$ & $0.00438937$ & $1$ & $0.0069655$ & $-0.0121818$ & $0.00166139$ & $0.00807263$ & $-0.0223708$ & $-0.00672155$ & $0.00582596$ \\
eHgagaint & $0.0357173$ & $-0.00768849$ & $0.0103842$ & $0.0514595$ & $-0.0102866$ & $0.0144547$ & $0.00420565$ & $-0.000112725$ & $0.0591011$ & $-0.0198713$ & $0.00944555$ & $-0.0041306$ & $0.00117372$ & $-0.0161033$ & $-0.0117172$ & $-0.0294661$ & $-0.0176558$ & $-0.0129743$ & $-0.000115067$ & $-0.0108876$ & $-0.00747668$ & $-0.00697644$ & $0.00246788$ & $-0.0186969$ & $-0.0054917$ & $0.0116327$ & $0.0263117$ & $-0.00188299$ & $-0.00308646$ & $-0.00523592$ & $-0.0261232$ & $0.00302653$ & $-0.00077665$ & $0.00738863$ & $-0.0117096$ & $0.0404911$ & $0.00965618$ & $0.00411054$ & $-0.00542431$ & $-0.00186684$ & $0.0258703$ & $0.0069655$ & $1$ & $0.0301337$ & $0.0215697$ & $-0.0208475$ & $-0.00300487$ & $-0.00951852$ & $0.00477363$ \\
eHmumuint & $0.0173846$ & $0.00616661$ & $0.0343234$ & $-0.010182$ & $0.00578623$ & $0.0345736$ & $0.0246578$ & $-0.00350645$ & $-0.00307431$ & $0.0236799$ & $0.0047869$ & $0.0249337$ & $-0.0228301$ & $-0.000822703$ & $4.46065e-05$ & $-3.10864e-05$ & $-0.00502183$ & $-0.00260189$ & $-0.0047688$ & $-0.00460638$ & $-0.00481032$ & $-0.0072662$ & $0.00367525$ & $0.00402264$ & $-0.00247857$ & $0.000309155$ & $0.000102196$ & $0.00898349$ & $0.00059171$ & $-0.0255312$ & $0.0035456$ & $0.0262044$ & $-0.0164018$ & $-0.00483454$ & $0.026626$ & $-0.00960282$ & $0.00701373$ & $0.00691102$ & $-0.0142439$ & $0.0120444$ & $0.0046946$ & $-0.0121818$ & $0.0301337$ & $1$ & $0.0320711$ & $-0.00085862$ & $0.0270073$ & $0.0142386$ & $-0.00750229$ \\
eHtautauint & $0.011341$ & $0.00145457$ & $-0.0125181$ & $3.43633e-05$ & $-0.00320183$ & $-0.0118623$ & $-0.0183911$ & $0.00683519$ & $0.00736555$ & $-0.00727207$ & $-0.00901885$ & $-0.0134489$ & $0.0141301$ & $0.00672454$ & $0.00199192$ & $-0.00563863$ & $0.00709654$ & $0.00344183$ & $0.00918041$ & $0.00782866$ & $0.0100549$ & $0.0112736$ & $-0.00816314$ & $0.0022168$ & $0.0060373$ & $0.00123063$ & $0.0125598$ & $0.0111658$ & $-0.0215753$ & $0.0672702$ & $0.0220263$ & $-0.0193093$ & $0.0207272$ & $0.0065891$ & $0.0169313$ & $-0.0114165$ & $0.00409664$ & $-0.00366792$ & $0.0157427$ & $-0.030695$ & $0.0039168$ & $0.00166139$ & $0.0215697$ & $0.0320711$ & $1$ & $-0.00732339$ & $0.0137233$ & $0.0190498$ & $0.0109228$ \\
eHccint & $-0.0151709$ & $0.0139301$ & $-0.0223958$ & $0.00301655$ & $-0.0132213$ & $-0.0179496$ & $0.0202251$ & $0.0157633$ & $0.0156695$ & $0.00141148$ & $-0.0214671$ & $0.0141696$ & $-0.0118449$ & $0.0162323$ & $0.0218944$ & $0.0150616$ & $0.010259$ & $-0.0009953$ & $0.00395722$ & $0.021672$ & $0.0203912$ & $0.0195012$ & $-0.012696$ & $-0.000973751$ & $-0.000478581$ & $-0.0158006$ & $-0.0120267$ & $0.00819036$ & $-0.00591954$ & $-0.00895875$ & $0.0531263$ & $0.0144875$ & $-0.0143244$ & $-0.00311658$ & $0.0239022$ & $-0.00291023$ & $0.00117418$ & $-0.0147095$ & $-0.0128829$ & $-0.00553902$ & $0.00723768$ & $0.00807263$ & $-0.0208475$ & $-0.00085862$ & $-0.00732339$ & $1$ & $-0.0108212$ & $-0.030278$ & $-0.0137069$ \\
eHccpar & $0.00644715$ & $-0.0273663$ & $0.00773508$ & $0.00375546$ & $0.0125313$ & $0.00489991$ & $-0.0211792$ & $0.00226899$ & $0.000293251$ & $-0.000343472$ & $-0.00538156$ & $-0.0192565$ & $0.0198988$ & $0.00414016$ & $0.00797448$ & $0.00340291$ & $0.00883259$ & $0.00222428$ & $0.00357996$ & $0.00458296$ & $0.00459142$ & $0.00210469$ & $-0.023735$ & $0.00896631$ & $0.00648494$ & $0.0149702$ & $0.00242745$ & $0.003703$ & $0.000445761$ & $0.016209$ & $0.313431$ & $-0.0147792$ & $0.0139035$ & $-0.00444069$ & $0.0110157$ & $-0.00313532$ & $0.0294309$ & $0.00183009$ & $0.00046681$ & $-0.0178412$ & $0.0169$ & $-0.0223708$ & $-0.00300487$ & $0.0270073$ & $0.0137233$ & $-0.0108212$ & $1$ & $0.0253203$ & $-0.00274376$ \\
eHbbint & $-0.0280937$ & $-0.00599553$ & $0.00245091$ & $0.0176205$ & $0.00665776$ & $0.0192679$ & $0.00512013$ & $0.0125545$ & $0.0110667$ & $-0.00945397$ & $-0.00932777$ & $0.00269048$ & $-0.00316959$ & $0.00282175$ & $-0.012503$ & $-0.00367553$ & $-0.00607804$ & $0.00287068$ & $-0.0037773$ & $0.00933762$ & $0.0112253$ & $0.0130202$ & $0.000764054$ & $-0.0165097$ & $-0.00596352$ & $-0.00657419$ & $0.00340836$ & $0.00545679$ & $0.00966059$ & $0.00454628$ & $-0.00711613$ & $0.00342231$ & $0.0915772$ & $0.0202457$ & $-0.0105189$ & $-0.00563595$ & $0.00717849$ & $0.0144342$ & $-0.013601$ & $-0.00844015$ & $0.0331359$ & $-0.00672155$ & $-0.00951852$ & $0.0142386$ & $0.0190498$ & $-0.030278$ & $0.0253203$ & $1$ & $-0.0167082$ \\
eHbbpar & $-0.0354198$ & $-0.00393915$ & $-0.00942457$ & $-0.0180443$ & $0.0262137$ & $-0.0248801$ & $-0.0132754$ & $0.0104533$ & $0.0084208$ & $-0.00325936$ & $-0.0151068$ & $-0.00663954$ & $0.00550555$ & $0.00760031$ & $0.0175142$ & $-0.00737891$ & $0.0161844$ & $-0.000438305$ & $0.0154959$ & $0.0154468$ & $0.0155013$ & $0.0157218$ & $-0.00926158$ & $0.00351577$ & $0.00667665$ & $-0.00879014$ & $-0.000934672$ & $0.00809913$ & $0.00348173$ & $0.00316266$ & $-0.00043948$ & $-0.00706694$ & $0.320362$ & $-0.00174854$ & $-0.0152242$ & $0.0163003$ & $-0.00135822$ & $-0.0128104$ & $-0.00565426$ & $0.0216827$ & $0.00634395$ & $0.00582596$ & $0.00477363$ & $-0.00750229$ & $0.0109228$ & $-0.0137069$ & $-0.00274376$ & $-0.0167082$ & $1$ \\
