 & AlsMz & dAle5Mz & mtop & mHl & Mz & CW & CHG & CHWB & CHWHB_gaga & CHWHB_gagaorth & CHD & CHbox & CH & CHL1_11 & CHL1_22 & CHL1_33 & CHL3_11 & CHL3_22 & CHL3_33 & CHe_11 & CHe_22 & CHe_33 & CHQ1_11 & CHQ1_33 & CHQ3_11 & CHu_11 & CHd_11 & CHd_33 & CeH_22r & CeH_33r & CuH_22r & CuH_33r & CdH_33r & CLL_1221 & eHggint & eHggpar & eHWWint & eHWWpar & eHZZint & eHZZpar & eHZgaint & eHZgapar & eHgagaint & eHmumuint & eHtautauint & eHccint & eHccpar & eHbbint & eHbbpar \\
AlsMz & $1$ & $-0.0102863$ & $0.0995763$ & $0.0384948$ & $-0.0130851$ & $-0.00207786$ & $0.00912802$ & $-0.00232656$ & $-0.00229505$ & $-0.00156521$ & $-0.00195226$ & $-0.00752769$ & $0.00443632$ & $-0.00486357$ & $-0.00249135$ & $-0.0158384$ & $0.0018855$ & $-0.000661584$ & $0.00684417$ & $-0.00441796$ & $-0.00352394$ & $-0.00326319$ & $0.00437717$ & $-0.0538978$ & $-0.082191$ & $-0.0329187$ & $-0.0250429$ & $0.00411332$ & $0.00796681$ & $0.00816528$ & $0.0167497$ & $0.00375803$ & $-0.0127863$ & $0.000515716$ & $-0.0988063$ & $0.00557294$ & $-0.0267888$ & $-0.0168992$ & $-0.0553212$ & $-0.00889704$ & $0.000531773$ & $-0.00349797$ & $-0.00684541$ & $-0.00850353$ & $-0.0695602$ & $0.0434332$ & $0.00160101$ & $-0.0336405$ & $-0.0779574$ \\
dAle5Mz & $-0.0102863$ & $1$ & $0.0846837$ & $0.00972875$ & $-0.0125949$ & $0.0159122$ & $0.0197311$ & $-0.0919073$ & $-0.0894972$ & $0.0471415$ & $0.0700901$ & $0.0405447$ & $-0.0268067$ & $-0.0261937$ & $-0.00710828$ & $-0.00611169$ & $0.018211$ & $0.0118348$ & $0.0101016$ & $-0.0461479$ & $-0.0512999$ & $-0.0513222$ & $-0.0244147$ & $0.0349726$ & $0.00990076$ & $0.0418312$ & $-0.0483891$ & $-0.0144532$ & $0.00584529$ & $-0.00973911$ & $0.0134553$ & $0.0126311$ & $-0.0650386$ & $-0.00897889$ & $0.00545774$ & $-0.142099$ & $0.0603811$ & $-0.00978532$ & $-0.0881395$ & $-0.000107277$ & $0.0829017$ & $-0.0119502$ & $0.0103636$ & $0.0201795$ & $0.179667$ & $-0.0467948$ & $0.101961$ & $0.00664233$ & $-0.124254$ \\
mtop & $0.0995763$ & $0.0846837$ & $1$ & $-0.0430089$ & $-0.0124186$ & $0.00120636$ & $0.000321153$ & $-0.00369715$ & $-6.40624e-05$ & $-0.00297562$ & $0.0177638$ & $0.00741833$ & $-0.00258838$ & $-0.0257502$ & $0.00702313$ & $0.0105533$ & $-0.0175363$ & $-0.025255$ & $-0.0290974$ & $-0.0100191$ & $-0.0121775$ & $-0.0120587$ & $-0.000457399$ & $-0.0165259$ & $-0.029893$ & $0.00331201$ & $-0.0134701$ & $-0.000609412$ & $-0.0132661$ & $0.00981726$ & $0.0288537$ & $0.00328983$ & $-0.00298388$ & $-0.000299164$ & $0.0349498$ & $-0.0427563$ & $-0.0769803$ & $-0.00445056$ & $0.0693139$ & $-0.0131548$ & $0.037531$ & $-0.0151378$ & $0.0703594$ & $-0.0622647$ & $-0.0094901$ & $-0.0643184$ & $0.0409614$ & $0.0658197$ & $-0.0579652$ \\
mHl & $0.0384948$ & $0.00972875$ & $-0.0430089$ & $1$ & $-0.000487277$ & $-0.00895923$ & $-0.0081959$ & $0.0185669$ & $0.0151718$ & $-0.0211181$ & $-0.0228265$ & $-0.0260814$ & $0.0195198$ & $0.0164978$ & $0.0104601$ & $0.00688096$ & $0.00673578$ & $0.00279887$ & $0.00415249$ & $0.0222949$ & $0.0225498$ & $0.0209246$ & $0.00459245$ & $-0.00423567$ & $0.00348437$ & $-0.0168519$ & $0.0125794$ & $0.0188662$ & $-0.00233409$ & $0.000230625$ & $-0.0168607$ & $-0.0113751$ & $0.00210759$ & $0.00786445$ & $0.0301658$ & $-0.036351$ & $0.096413$ & $0.0035169$ & $-0.133378$ & $-0.0165749$ & $0.0440749$ & $0.0120185$ & $-0.0382192$ & $-0.033275$ & $0.0278521$ & $0.00363893$ & $-0.00891255$ & $-0.00291178$ & $0.0201443$ \\
Mz & $-0.0130851$ & $-0.0125949$ & $-0.0124186$ & $-0.000487277$ & $1$ & $0.00356593$ & $-0.0113481$ & $0.0204814$ & $0.0209605$ & $-0.0178419$ & $-0.0127332$ & $-0.0165501$ & $0.0133759$ & $0.00915285$ & $0.00695654$ & $0.0149844$ & $-0.00210631$ & $-0.00582629$ & $-0.0104446$ & $0.0171389$ & $0.0196813$ & $0.0189836$ & $-0.00409097$ & $-0.0114319$ & $-0.00478384$ & $-0.0131914$ & $0.00928265$ & $0.00621118$ & $0.0083595$ & $0.0055096$ & $0.00294768$ & $-0.012941$ & $0.00277845$ & $0.0112934$ & $0.0157716$ & $0.00716179$ & $0.000182641$ & $-0.00771955$ & $-0.00344846$ & $-0.00855907$ & $-0.0147369$ & $0.0158816$ & $0.00941198$ & $0.00341028$ & $0.0130441$ & $0.0174146$ & $-0.00138465$ & $-0.00648416$ & $-0.00559109$ \\
CW & $-0.00207786$ & $0.0159122$ & $0.00120636$ & $-0.00895923$ & $0.00356593$ & $1$ & $0.0484761$ & $-0.0515964$ & $-0.0504865$ & $0.0247121$ & $0.155788$ & $0.070695$ & $-0.0491008$ & $-0.025161$ & $-0.084382$ & $-0.0936973$ & $-0.359316$ & $-0.158125$ & $-0.151869$ & $-0.153242$ & $-0.157981$ & $-0.155292$ & $-0.00912155$ & $-0.112421$ & $-0.195337$ & $0.115039$ & $-0.0590653$ & $-0.0761049$ & $-0.00886717$ & $-0.0353604$ & $-0.0362312$ & $0.0511901$ & $-0.0466795$ & $-0.105084$ & $0.0186379$ & $-0.00125514$ & $-0.0125214$ & $0.0150452$ & $-0.000138365$ & $0.00274484$ & $-0.00488475$ & $-0.0146532$ & $-0.00960076$ & $0.000173278$ & $0.0183034$ & $-0.00332907$ & $-0.0140343$ & $-0.00810047$ & $-0.00188308$ \\
CHG & $0.00912802$ & $0.0197311$ & $0.000321153$ & $-0.0081959$ & $-0.0113481$ & $0.0484761$ & $1$ & $-0.032385$ & $-0.0139454$ & $0.19663$ & $0.097223$ & $0.702839$ & $-0.784086$ & $-0.136099$ & $-0.0468384$ & $-0.0505316$ & $-0.128895$ & $-0.106794$ & $-0.1044$ & $-0.0956632$ & $-0.095058$ & $-0.0931426$ & $-0.00600262$ & $-0.0758054$ & $-0.114808$ & $0.0729566$ & $-0.0139025$ & $-0.0407051$ & $-0.140087$ & $-0.59833$ & $-0.381427$ & $0.954787$ & $-0.60808$ & $0.00623078$ & $-0.111177$ & $-0.0651297$ & $0.0426431$ & $0.00462382$ & $0.0254333$ & $-0.00164711$ & $-0.0134361$ & $-0.00549221$ & $-0.0177781$ & $0.000555075$ & $0.00560295$ & $0.00989779$ & $-0.0155255$ & $-0.0140504$ & $-0.00235531$ \\
CHWB & $-0.00232656$ & $-0.0919073$ & $-0.00369715$ & $0.0185669$ & $0.0204814$ & $-0.0515964$ & $-0.032385$ & $1$ & $0.989226$ & $-0.54128$ & $-0.873273$ & $-0.113543$ & $0.0296482$ & $0.265954$ & $0.462154$ & $0.448572$ & $-0.215842$ & $-0.40622$ & $-0.400245$ & $0.856042$ & $0.886725$ & $0.878991$ & $0.0395265$ & $-0.626403$ & $-0.364022$ & $-0.607032$ & $0.40512$ & $0.389363$ & $0.0118145$ & $0.037639$ & $0.0258403$ & $-0.039288$ & $0.050122$ & $0.519435$ & $0.00296883$ & $-0.00637089$ & $-0.0147345$ & $0.00666615$ & $0.0154961$ & $-0.00154589$ & $-0.000917236$ & $-0.00290535$ & $-0.0101363$ & $-0.0285205$ & $-0.0294137$ & $0.0146122$ & $-0.0240661$ & $0.00150809$ & $0.0234377$ \\
CHWHB_gaga & $-0.00229505$ & $-0.0894972$ & $-6.40624e-05$ & $0.0151718$ & $0.0209605$ & $-0.0504865$ & $-0.0139454$ & $0.989226$ & $1$ & $-0.537935$ & $-0.862727$ & $-0.116287$ & $0.0376531$ & $0.260554$ & $0.457648$ & $0.444016$ & $-0.215682$ & $-0.404367$ & $-0.398266$ & $0.845866$ & $0.875997$ & $0.868415$ & $0.0405051$ & $-0.621271$ & $-0.362169$ & $-0.600446$ & $0.400641$ & $0.384278$ & $0.0205779$ & $0.0579475$ & $0.0386879$ & $-0.0227796$ & $0.0712667$ & $0.513606$ & $-0.0102424$ & $-0.00865246$ & $-0.0209194$ & $0.00560449$ & $0.0109633$ & $-0.00327648$ & $0.00360354$ & $-0.000330829$ & $0.0445921$ & $-0.0293178$ & $-0.0313293$ & $0.0146626$ & $-0.0263853$ & $-0.000709835$ & $0.0236426$ \\
CHWHB_gagaorth & $-0.00156521$ & $0.0471415$ & $-0.00297562$ & $-0.0211181$ & $-0.0178419$ & $0.0247121$ & $0.19663$ & $-0.54128$ & $-0.537935$ & $1$ & $0.47091$ & $0.408294$ & $-0.250963$ & $-0.142757$ & $-0.249678$ & $-0.245606$ & $0.121886$ & $0.22245$ & $0.221833$ & $-0.462159$ & $-0.477943$ & $-0.473453$ & $-0.0267731$ & $0.340662$ & $0.203814$ & $0.330863$ & $-0.213091$ & $-0.21703$ & $-0.0502182$ & $-0.234155$ & $-0.148155$ & $0.205925$ & $-0.254508$ & $-0.280738$ & $0.017018$ & $-0.00163606$ & $0.0131933$ & $-0.0127096$ & $0.0109343$ & $0.00325696$ & $-0.0707016$ & $-0.00541013$ & $-0.0117905$ & $0.0204411$ & $0.0228117$ & $-0.00837952$ & $0.0136219$ & $-0.0184174$ & $-0.00781449$ \\
CHD & $-0.00195226$ & $0.0700901$ & $0.0177638$ & $-0.0228265$ & $-0.0127332$ & $0.155788$ & $0.097223$ & $-0.873273$ & $-0.862727$ & $0.47091$ & $1$ & $0.214612$ & $-0.106231$ & $-0.661369$ & $-0.578394$ & $-0.562849$ & $-0.257994$ & $-0.0182325$ & $-0.023114$ & $-0.994676$ & $-0.994901$ & $-0.983201$ & $0.0207898$ & $0.212445$ & $-0.068555$ & $0.685898$ & $-0.269341$ & $-0.431553$ & $-0.0180458$ & $-0.0969487$ & $-0.0697893$ & $0.108215$ & $-0.115381$ & $-0.311271$ & $0.0151594$ & $0.00880371$ & $-0.000640174$ & $-0.00284672$ & $-0.000416545$ & $0.00135587$ & $-0.010073$ & $0.00175696$ & $0.0034161$ & $0.0301603$ & $0.0140143$ & $-0.00754645$ & $0.00981189$ & $-0.00125716$ & $-0.0159543$ \\
CHbox & $-0.00752769$ & $0.0405447$ & $0.00741833$ & $-0.0260814$ & $-0.0165501$ & $0.070695$ & $0.702839$ & $-0.113543$ & $-0.116287$ & $0.408294$ & $0.214612$ & $1$ & $-0.892978$ & $-0.246621$ & $-0.0981501$ & $-0.101462$ & $-0.202976$ & $-0.159148$ & $-0.156874$ & $-0.209672$ & $-0.212103$ & $-0.209299$ & $-0.0104191$ & $-0.0874547$ & $-0.166456$ & $0.157185$ & $-0.0466351$ & $-0.090271$ & $-0.174425$ & $-0.622247$ & $-0.396707$ & $0.645195$ & $-0.633795$ & $-0.0268291$ & $-0.0702614$ & $-0.0727233$ & $0.0265842$ & $0.00478011$ & $0.035963$ & $-0.00750624$ & $-0.0348474$ & $-0.0225365$ & $-0.03752$ & $0.0107076$ & $0.0188559$ & $0.00513175$ & $-0.0129701$ & $-0.0147233$ & $-0.00894596$ \\
CH & $0.00443632$ & $-0.0268067$ & $-0.00258838$ & $0.0195198$ & $0.0133759$ & $-0.0491008$ & $-0.784086$ & $0.0296482$ & $0.0376531$ & $-0.250963$ & $-0.106231$ & $-0.892978$ & $1$ & $0.157763$ & $0.0485537$ & $0.0554545$ & $0.151188$ & $0.129265$ & $0.125326$ & $0.104327$ & $0.103391$ & $0.102117$ & $0.011307$ & $0.0937326$ & $0.134631$ & $-0.0821255$ & $0.0127737$ & $0.0432579$ & $0.202423$ & $0.729882$ & $0.451473$ & $-0.697624$ & $0.740082$ & $-0.0101633$ & $0.119834$ & $0.0877301$ & $-0.0312315$ & $-0.00410959$ & $-0.0306986$ & $0.00708329$ & $0.0186559$ & $0.0154442$ & $0.0290828$ & $-0.00495494$ & $-0.0116451$ & $-0.0113786$ & $0.0130232$ & $0.0112365$ & $0.0105164$ \\
CHL1_11 & $-0.00486357$ & $-0.0261937$ & $-0.0257502$ & $0.0164978$ & $0.00915285$ & $-0.025161$ & $-0.136099$ & $0.265954$ & $0.260554$ & $-0.142757$ & $-0.661369$ & $-0.246621$ & $0.157763$ & $1$ & $0.410516$ & $0.397349$ & $0.640516$ & $0.591786$ & $0.594244$ & $0.672092$ & $0.633439$ & $0.621258$ & $-0.0956708$ & $0.443381$ & $0.597527$ & $-0.442548$ & $-0.064645$ & $0.265698$ & $0.0184682$ & $0.132005$ & $0.0919924$ & $-0.145579$ & $0.148664$ & $-0.184575$ & $-0.0269183$ & $-0.00175756$ & $0.0147399$ & $0.00246312$ & $-0.0168738$ & $-0.000225584$ & $0.0147999$ & $-0.00301846$ & $0.00937787$ & $-0.0138714$ & $0.0132983$ & $-0.00614202$ & $0.00564383$ & $-0.00468057$ & $0.00325978$ \\
CHL1_22 & $-0.00249135$ & $-0.00710828$ & $0.00702313$ & $0.0104601$ & $0.00695654$ & $-0.084382$ & $-0.0468384$ & $0.462154$ & $0.457648$ & $-0.249678$ & $-0.578394$ & $-0.0981501$ & $0.0485537$ & $0.410516$ & $1$ & $0.544005$ & $0.175506$ & $-0.311038$ & $-0.0047544$ & $0.622278$ & $0.522395$ & $0.515434$ & $-0.179233$ & $0.0412082$ & $-0.0689594$ & $-0.361434$ & $-0.301246$ & $0.226184$ & $0.00572189$ & $0.0462361$ & $0.0329704$ & $-0.0542061$ & $0.049517$ & $-0.476493$ & $-0.019838$ & $-0.016355$ & $0.021225$ & $0.00399366$ & $-0.00845028$ & $0.00179786$ & $0.0259231$ & $-0.00106176$ & $0.00351273$ & $-0.0156897$ & $0.0212523$ & $-0.0096843$ & $0.0127236$ & $0.0109134$ & $-0.00513404$ \\
CHL1_33 & $-0.0158384$ & $-0.00611169$ & $0.0105533$ & $0.00688096$ & $0.0149844$ & $-0.0936973$ & $-0.0505316$ & $0.448572$ & $0.444016$ & $-0.245606$ & $-0.562849$ & $-0.101462$ & $0.0554545$ & $0.397349$ & $0.544005$ & $1$ & $0.17422$ & $-0.00335318$ & $-0.306451$ & $0.606613$ & $0.508376$ & $0.517093$ & $-0.17358$ & $0.0454511$ & $-0.0657318$ & $-0.350269$ & $-0.298775$ & $0.2131$ & $0.0126391$ & $0.0556271$ & $0.0424719$ & $-0.0538819$ & $0.0576031$ & $-0.0406823$ & $-0.0242583$ & $-0.011892$ & $0.0248744$ & $-0.00495592$ & $-0.0144459$ & $-0.000516042$ & $0.0266911$ & $0.00324516$ & $-0.000261967$ & $-0.00257103$ & $0.034974$ & $-0.011203$ & $0.0239903$ & $0.00567616$ & $0.00315402$ \\
CHL3_11 & $0.0018855$ & $0.018211$ & $-0.0175363$ & $0.00673578$ & $-0.00210631$ & $-0.359316$ & $-0.128895$ & $-0.215842$ & $-0.215682$ & $0.121886$ & $-0.257994$ & $-0.202976$ & $0.151188$ & $0.640516$ & $0.175506$ & $0.17422$ & $1$ & $0.817801$ & $0.815109$ & $0.269591$ & $0.235339$ & $0.228153$ & $-0.0785949$ & $0.751058$ & $0.851491$ & $-0.170175$ & $-0.150252$ & $0.095772$ & $0.010409$ & $0.113343$ & $0.087318$ & $-0.13802$ & $0.129832$ & $-0.248367$ & $-0.0339384$ & $-0.00264453$ & $0.0248$ & $-0.0130377$ & $-0.0225756$ & $-0.000980761$ & $0.0183348$ & $0.00666209$ & $0.0134293$ & $-0.00895735$ & $0.0184944$ & $-0.0101079$ & $0.028235$ & $0.0037047$ & $-0.0103656$ \\
CHL3_22 & $-0.000661584$ & $0.0118348$ & $-0.025255$ & $0.00279887$ & $-0.00582629$ & $-0.158125$ & $-0.106794$ & $-0.40622$ & $-0.404367$ & $0.22245$ & $-0.0182325$ & $-0.159148$ & $0.129265$ & $0.591786$ & $-0.311038$ & $-0.00335318$ & $0.817801$ & $1$ & $0.785595$ & $0.0167148$ & $0.0145829$ & $0.0109097$ & $-0.0152798$ & $0.736808$ & $0.863376$ & $-0.017436$ & $-0.0588541$ & $-0.00223321$ & $0.0105534$ & $0.096635$ & $0.0713659$ & $-0.111246$ & $0.108951$ & $-0.0645777$ & $-0.0231972$ & $0.00717186$ & $0.0145376$ & $-0.00887405$ & $-0.0199029$ & $-0.000904023$ & $0.00510719$ & $0.00346021$ & $0.0113414$ & $0.00221914$ & $0.0123415$ & $-0.00704094$ & $0.016508$ & $-0.00641227$ & $-0.00580157$ \\
CHL3_33 & $0.00684417$ & $0.0101016$ & $-0.0290974$ & $0.00415249$ & $-0.0104446$ & $-0.151869$ & $-0.1044$ & $-0.400245$ & $-0.398266$ & $0.221833$ & $-0.023114$ & $-0.156874$ & $0.125326$ & $0.594244$ & $-0.0047544$ & $-0.306451$ & $0.815109$ & $0.785595$ & $1$ & $0.0212101$ & $0.0197221$ & $0.0175443$ & $-0.0152048$ & $0.731812$ & $0.86178$ & $-0.0222287$ & $-0.0537379$ & $0.00282459$ & $0.00648243$ & $0.0908266$ & $0.0649313$ & $-0.110568$ & $0.10484$ & $-0.36301$ & $-0.0206701$ & $0.00534585$ & $0.0119277$ & $-0.00334548$ & $-0.0139762$ & $-0.00166421$ & $0.00335077$ & $0.000119324$ & $0.0154155$ & $-0.00645523$ & $0.00232818$ & $-0.0052634$ & $0.0078551$ & $-0.00450799$ & $-0.0103856$ \\
CHe_11 & $-0.00441796$ & $-0.0461479$ & $-0.0100191$ & $0.0222949$ & $0.0171389$ & $-0.153242$ & $-0.0956632$ & $0.856042$ & $0.845866$ & $-0.462159$ & $-0.994676$ & $-0.209672$ & $0.104327$ & $0.672092$ & $0.622278$ & $0.606613$ & $0.269591$ & $0.0167148$ & $0.0212101$ & $1$ & $0.984734$ & $0.973216$ & $-0.0413089$ & $-0.178278$ & $0.0716878$ & $-0.678263$ & $0.213097$ & $0.427007$ & $0.0180922$ & $0.0961404$ & $0.0691244$ & $-0.106703$ & $0.111933$ & $0.253425$ & $-0.0151078$ & $-0.0133994$ & $0.00469638$ & $0.00345072$ & $-0.00224723$ & $-0.00106779$ & $0.0136464$ & $-0.0021946$ & $-0.00321333$ & $-0.0294299$ & $-0.0064626$ & $0.00423326$ & $-0.00544859$ & $0.00274746$ & $0.0112552$ \\
CHe_22 & $-0.00352394$ & $-0.0512999$ & $-0.0121775$ & $0.0225498$ & $0.0196813$ & $-0.157981$ & $-0.095058$ & $0.886725$ & $0.875997$ & $-0.477943$ & $-0.994901$ & $-0.212103$ & $0.103391$ & $0.633439$ & $0.522395$ & $0.508376$ & $0.235339$ & $0.0145829$ & $0.0197221$ & $0.984734$ & $1$ & $0.986439$ & $0.00217893$ & $-0.25409$ & $0.0593307$ & $-0.688031$ & $0.331623$ & $0.433872$ & $0.0181485$ & $0.0947304$ & $0.0680137$ & $-0.106076$ & $0.112585$ & $0.378939$ & $-0.0111789$ & $-0.0113668$ & $-0.00152385$ & $0.00267846$ & $0.00184223$ & $-0.00186321$ & $0.00913586$ & $-0.00226276$ & $-0.00397009$ & $-0.0314767$ & $-0.0145366$ & $0.00859731$ & $-0.0104817$ & $0.00170198$ & $0.0145644$ \\
CHe_33 & $-0.00326319$ & $-0.0513222$ & $-0.0120587$ & $0.0209246$ & $0.0189836$ & $-0.155292$ & $-0.0931426$ & $0.878991$ & $0.868415$ & $-0.473453$ & $-0.983201$ & $-0.209299$ & $0.102117$ & $0.621258$ & $0.515434$ & $0.517093$ & $0.228153$ & $0.0109097$ & $0.0175443$ & $0.973216$ & $0.986439$ & $1$ & $0.002274$ & $-0.255231$ & $0.0549659$ & $-0.67987$ & $0.330168$ & $0.429687$ & $0.0184329$ & $0.0933244$ & $0.0676748$ & $-0.103276$ & $0.111102$ & $0.379679$ & $-0.0119382$ & $-0.00922181$ & $-0.000193069$ & $0.0038866$ & $0.0026043$ & $-0.00277269$ & $0.00853521$ & $-0.00291458$ & $-0.0028895$ & $-0.0310198$ & $-0.0148352$ & $0.00703869$ & $-0.0108989$ & $0.000954579$ & $0.0140333$ \\
CHQ1_11 & $0.00437717$ & $-0.0244147$ & $-0.000457399$ & $0.00459245$ & $-0.00409097$ & $-0.00912155$ & $-0.00600262$ & $0.0395265$ & $0.0405051$ & $-0.0267731$ & $0.0207898$ & $-0.0104191$ & $0.011307$ & $-0.0956708$ & $-0.179233$ & $-0.17358$ & $-0.0785949$ & $-0.0152798$ & $-0.0152048$ & $-0.0413089$ & $0.00217893$ & $0.002274$ & $1$ & $-0.135597$ & $0.0459388$ & $-0.575085$ & $0.35111$ & $0.00405554$ & $-0.00434996$ & $0.0128279$ & $0.00269122$ & $-0.00109915$ & $0.0213152$ & $0.206569$ & $-0.00166983$ & $0.0267421$ & $-0.0192394$ & $-0.00471299$ & $0.0159073$ & $0.0128547$ & $-0.018128$ & $0.0015574$ & $-0.00894601$ & $0.00400217$ & $-0.0318633$ & $0.0080717$ & $-0.0233963$ & $0.00142269$ & $0.0226225$ \\
CHQ1_33 & $-0.0538978$ & $0.0349726$ & $-0.0165259$ & $-0.00423567$ & $-0.0114319$ & $-0.112421$ & $-0.0758054$ & $-0.626403$ & $-0.621271$ & $0.340662$ & $0.212445$ & $-0.0874547$ & $0.0937326$ & $0.443381$ & $0.0412082$ & $0.0454511$ & $0.751058$ & $0.736808$ & $0.731812$ & $-0.178278$ & $-0.25409$ & $-0.255231$ & $-0.135597$ & $1$ & $0.743509$ & $0.170776$ & $-0.411402$ & $-0.0433514$ & $0.00535503$ & $0.0666825$ & $0.0473638$ & $-0.0769765$ & $0.0706956$ & $-0.609086$ & $-0.0208623$ & $0.000916253$ & $0.0299387$ & $-0.00246781$ & $-0.0150886$ & $-0.00049099$ & $0.0160348$ & $0.00212859$ & $0.0141897$ & $0.0113558$ & $0.0324373$ & $-0.0132733$ & $0.0301115$ & $0.0035484$ & $-0.0130414$ \\
CHQ3_11 & $-0.082191$ & $0.00990076$ & $-0.029893$ & $0.00348437$ & $-0.00478384$ & $-0.195337$ & $-0.114808$ & $-0.364022$ & $-0.362169$ & $0.203814$ & $-0.068555$ & $-0.166456$ & $0.134631$ & $0.597527$ & $-0.0689594$ & $-0.0657318$ & $0.851491$ & $0.863376$ & $0.86178$ & $0.0716878$ & $0.0593307$ & $0.0549659$ & $0.0459388$ & $0.743509$ & $1$ & $-0.0435588$ & $0.125151$ & $0.0137699$ & $0.00345154$ & $0.0945798$ & $0.0673254$ & $-0.119076$ & $0.113962$ & $-0.237697$ & $-0.0107363$ & $0.0101915$ & $0.0121164$ & $-0.00878476$ & $-0.0079762$ & $-0.00100136$ & $-0.000989796$ & $0.00685353$ & $0.0189039$ & $-0.0113496$ & $0.0159421$ & $-0.00864673$ & $0.0077344$ & $-0.000125492$ & $0.00396427$ \\
CHu_11 & $-0.0329187$ & $0.0418312$ & $0.00331201$ & $-0.0168519$ & $-0.0131914$ & $0.115039$ & $0.0729566$ & $-0.607032$ & $-0.600446$ & $0.330863$ & $0.685898$ & $0.157185$ & $-0.0821255$ & $-0.442548$ & $-0.361434$ & $-0.350269$ & $-0.170175$ & $-0.017436$ & $-0.0222287$ & $-0.678263$ & $-0.688031$ & $-0.67987$ & $-0.575085$ & $0.170776$ & $-0.0435588$ & $1$ & $-0.197997$ & $-0.298354$ & $-0.0101728$ & $-0.0778456$ & $-0.0561527$ & $0.078647$ & $-0.0912527$ & $-0.256321$ & $0.0190795$ & $-0.0104705$ & $0.00110454$ & $7.37685e-05$ & $0.000573519$ & $-0.010052$ & $-0.00680007$ & $0.00161815$ & $0.00756735$ & $0.00550056$ & $0.022273$ & $-0.00780508$ & $0.0113728$ & $-0.00211162$ & $-0.0135277$ \\
CHd_11 & $-0.0250429$ & $-0.0483891$ & $-0.0134701$ & $0.0125794$ & $0.00928265$ & $-0.0590653$ & $-0.0139025$ & $0.40512$ & $0.400641$ & $-0.213091$ & $-0.269341$ & $-0.0466351$ & $0.0127737$ & $-0.064645$ & $-0.301246$ & $-0.298775$ & $-0.150252$ & $-0.0588541$ & $-0.0537379$ & $0.213097$ & $0.331623$ & $0.330168$ & $0.35111$ & $-0.411402$ & $0.125151$ & $-0.197997$ & $1$ & $0.131728$ & $-0.00143809$ & $0.00524721$ & $-0.000239674$ & $-0.013956$ & $0.0232588$ & $0.683206$ & $0.0276125$ & $0.0113244$ & $-0.0391033$ & $-5.63677e-06$ & $0.0348244$ & $-0.00430208$ & $-0.034528$ & $0.00366933$ & $0.000571768$ & $-0.0331637$ & $-0.0470765$ & $0.0256193$ & $-0.0434611$ & $-0.00486178$ & $0.0309704$ \\
CHd_33 & $0.00411332$ & $-0.0144532$ & $-0.000609412$ & $0.0188662$ & $0.00621118$ & $-0.0761049$ & $-0.0407051$ & $0.389363$ & $0.384278$ & $-0.21703$ & $-0.431553$ & $-0.090271$ & $0.0432579$ & $0.265698$ & $0.226184$ & $0.2131$ & $0.095772$ & $-0.00223321$ & $0.00282459$ & $0.427007$ & $0.433872$ & $0.429687$ & $0.00405554$ & $-0.0433514$ & $0.0137699$ & $-0.298354$ & $0.131728$ & $1$ & $0.00993455$ & $0.0425787$ & $0.0257793$ & $-0.0446572$ & $0.050767$ & $0.172037$ & $-0.00390604$ & $-0.0088529$ & $-0.00271292$ & $0.0054242$ & $-0.0126517$ & $-0.0206199$ & $0.00142399$ & $-0.00305224$ & $-0.00210202$ & $-0.0113978$ & $-0.0142608$ & $0.00353155$ & $-0.00750404$ & $0.00977258$ & $-0.00456598$ \\
CeH_22r & $0.00796681$ & $0.00584529$ & $-0.0132661$ & $-0.00233409$ & $0.0083595$ & $-0.00886717$ & $-0.140087$ & $0.0118145$ & $0.0205779$ & $-0.0502182$ & $-0.0180458$ & $-0.174425$ & $0.202423$ & $0.0184682$ & $0.00572189$ & $0.0126391$ & $0.010409$ & $0.0105534$ & $0.00648243$ & $0.0180922$ & $0.0181485$ & $0.0184329$ & $-0.00434996$ & $0.00535503$ & $0.00345154$ & $-0.0101728$ & $-0.00143809$ & $0.00993455$ & $1$ & $0.167292$ & $0.107226$ & $-0.132243$ & $0.17352$ & $0.00592441$ & $-0.00803845$ & $-0.00118481$ & $-0.00915322$ & $-0.000503443$ & $-0.0156177$ & $-0.00310612$ & $0.0242869$ & $-0.0037178$ & $0.00903332$ & $-0.00365267$ & $-0.00412504$ & $0.00629741$ & $-0.00219409$ & $0.00803667$ & $-0.00455926$ \\
CeH_33r & $0.00816528$ & $-0.00973911$ & $0.00981726$ & $0.000230625$ & $0.0055096$ & $-0.0353604$ & $-0.59833$ & $0.037639$ & $0.0579475$ & $-0.234155$ & $-0.0969487$ & $-0.622247$ & $0.729882$ & $0.132005$ & $0.0462361$ & $0.0556271$ & $0.113343$ & $0.096635$ & $0.0908266$ & $0.0961404$ & $0.0947304$ & $0.0933244$ & $0.0128279$ & $0.0666825$ & $0.0945798$ & $-0.0778456$ & $0.00524721$ & $0.0425787$ & $0.167292$ & $1$ & $0.510409$ & $-0.462134$ & $0.819833$ & $-0.00359106$ & $0.0414607$ & $0.0462464$ & $-0.136836$ & $-0.0182511$ & $-0.0391866$ & $-0.00420373$ & $0.0146546$ & $-0.000304077$ & $0.0147439$ & $-0.00416119$ & $0.0372935$ & $-0.006733$ & $-0.00369434$ & $0.0092047$ & $-0.00991505$ \\
CuH_22r & $0.0167497$ & $0.0134553$ & $0.0288537$ & $-0.0168607$ & $0.00294768$ & $-0.0362312$ & $-0.381427$ & $0.0258403$ & $0.0386879$ & $-0.148155$ & $-0.0697893$ & $-0.396707$ & $0.451473$ & $0.0919924$ & $0.0329704$ & $0.0424719$ & $0.087318$ & $0.0713659$ & $0.0649313$ & $0.0691244$ & $0.0680137$ & $0.0676748$ & $0.00269122$ & $0.0473638$ & $0.0673254$ & $-0.0561527$ & $-0.000239674$ & $0.0257793$ & $0.107226$ & $0.510409$ & $1$ & $-0.286397$ & $0.52788$ & $0.00121736$ & $0.0256723$ & $0.0247083$ & $-0.0565925$ & $-0.018145$ & $-0.0191985$ & $0.00774416$ & $0.0267578$ & $-0.00331899$ & $0.00247419$ & $0.0193634$ & $0.0292451$ & $0.037685$ & $0.301918$ & $-0.00688554$ & $-0.0101321$ \\
CuH_33r & $0.00375803$ & $0.0126311$ & $0.00328983$ & $-0.0113751$ & $-0.012941$ & $0.0511901$ & $0.954787$ & $-0.039288$ & $-0.0227796$ & $0.205925$ & $0.108215$ & $0.645195$ & $-0.697624$ & $-0.145579$ & $-0.0542061$ & $-0.0538819$ & $-0.13802$ & $-0.111246$ & $-0.110568$ & $-0.106703$ & $-0.106076$ & $-0.103276$ & $-0.00109915$ & $-0.0769765$ & $-0.119076$ & $0.078647$ & $-0.013956$ & $-0.0446572$ & $-0.132243$ & $-0.462134$ & $-0.286397$ & $1$ & $-0.452788$ & $0.00442513$ & $-0.0534008$ & $-0.0317815$ & $0.0118985$ & $0.000379223$ & $0.0411082$ & $0.000553165$ & $-0.0281819$ & $-0.00970582$ & $-0.0139725$ & $-0.00170304$ & $-0.0003044$ & $0.00908883$ & $-0.0256902$ & $-0.0112434$ & $0.00402736$ \\
CdH_33r & $-0.0127863$ & $-0.0650386$ & $-0.00298388$ & $0.00210759$ & $0.00277845$ & $-0.0466795$ & $-0.60808$ & $0.050122$ & $0.0712667$ & $-0.254508$ & $-0.115381$ & $-0.633795$ & $0.740082$ & $0.148664$ & $0.049517$ & $0.0576031$ & $0.129832$ & $0.108951$ & $0.10484$ & $0.111933$ & $0.112585$ & $0.111102$ & $0.0213152$ & $0.0706956$ & $0.113962$ & $-0.0912527$ & $0.0232588$ & $0.050767$ & $0.17352$ & $0.819833$ & $0.52788$ & $-0.452788$ & $1$ & $0.00381256$ & $0.0329968$ & $0.0954654$ & $-0.132669$ & $-0.0282155$ & $0.00483709$ & $-0.00593628$ & $0.00919428$ & $0.0108057$ & $0.0235254$ & $-0.0144798$ & $-0.0601762$ & $0.0442647$ & $-0.0291037$ & $0.075932$ & $0.313562$ \\
CLL_1221 & $0.000515716$ & $-0.00897889$ & $-0.000299164$ & $0.00786445$ & $0.0112934$ & $-0.105084$ & $0.00623078$ & $0.519435$ & $0.513606$ & $-0.280738$ & $-0.311271$ & $-0.0268291$ & $-0.0101633$ & $-0.184575$ & $-0.476493$ & $-0.0406823$ & $-0.248367$ & $-0.0645777$ & $-0.36301$ & $0.253425$ & $0.378939$ & $0.379679$ & $0.206569$ & $-0.609086$ & $-0.237697$ & $-0.256321$ & $0.683206$ & $0.172037$ & $0.00592441$ & $-0.00359106$ & $0.00121736$ & $0.00442513$ & $0.00381256$ & $1$ & $0.017424$ & $-0.0025921$ & $-0.0279563$ & $-0.00326364$ & $0.0162738$ & $-0.00359843$ & $-0.0163172$ & $0.00171035$ & $-0.0106454$ & $-0.0141597$ & $-0.0359461$ & $0.0195222$ & $-0.0212703$ & $-0.00472179$ & $0.0176546$ \\
eHggint & $-0.0988063$ & $0.00545774$ & $0.0349498$ & $0.0301658$ & $0.0157716$ & $0.0186379$ & $-0.111177$ & $0.00296883$ & $-0.0102424$ & $0.017018$ & $0.0151594$ & $-0.0702614$ & $0.119834$ & $-0.0269183$ & $-0.019838$ & $-0.0242583$ & $-0.0339384$ & $-0.0231972$ & $-0.0206701$ & $-0.0151078$ & $-0.0111789$ & $-0.0119382$ & $-0.00166983$ & $-0.0208623$ & $-0.0107363$ & $0.0190795$ & $0.0276125$ & $-0.00390604$ & $-0.00803845$ & $0.0414607$ & $0.0256723$ & $-0.0534008$ & $0.0329968$ & $0.017424$ & $1$ & $-0.0760374$ & $-0.0429435$ & $0.000716238$ & $0.0924791$ & $0.0113894$ & $-0.091538$ & $-0.0166782$ & $-0.0066054$ & $-0.0815734$ & $0.0314246$ & $-0.0635633$ & $-0.0203086$ & $-0.0312864$ & $-0.0346988$ \\
eHggpar & $0.00557294$ & $-0.142099$ & $-0.0427563$ & $-0.036351$ & $0.00716179$ & $-0.00125514$ & $-0.0651297$ & $-0.00637089$ & $-0.00865246$ & $-0.00163606$ & $0.00880371$ & $-0.0727233$ & $0.0877301$ & $-0.00175756$ & $-0.016355$ & $-0.011892$ & $-0.00264453$ & $0.00717186$ & $0.00534585$ & $-0.0133994$ & $-0.0113668$ & $-0.00922181$ & $0.0267421$ & $0.000916253$ & $0.0101915$ & $-0.0104705$ & $0.0113244$ & $-0.0088529$ & $-0.00118481$ & $0.0462464$ & $0.0247083$ & $-0.0317815$ & $0.0954654$ & $-0.0025921$ & $-0.0760374$ & $1$ & $-0.0460502$ & $0.00733798$ & $0.00998797$ & $0.0123714$ & $-0.0308135$ & $0.0113542$ & $0.0404765$ & $0.0549053$ & $-0.0981127$ & $0.0163588$ & $-0.0579238$ & $0.123685$ & $0.0831546$ \\
eHWWint & $-0.0267888$ & $0.0603811$ & $-0.0769803$ & $0.096413$ & $0.000182641$ & $-0.0125214$ & $0.0426431$ & $-0.0147345$ & $-0.0209194$ & $0.0131933$ & $-0.000640174$ & $0.0265842$ & $-0.0312315$ & $0.0147399$ & $0.021225$ & $0.0248744$ & $0.0248$ & $0.0145376$ & $0.0119277$ & $0.00469638$ & $-0.00152385$ & $-0.000193069$ & $-0.0192394$ & $0.0299387$ & $0.0121164$ & $0.00110454$ & $-0.0391033$ & $-0.00271292$ & $-0.00915322$ & $-0.136836$ & $-0.0565925$ & $0.0118985$ & $-0.132669$ & $-0.0279563$ & $-0.0429435$ & $-0.0460502$ & $1$ & $0.0152397$ & $-0.0234085$ & $0.0166267$ & $0.126261$ & $0.00776247$ & $0.0299239$ & $0.11228$ & $0.0665337$ & $-0.0506744$ & $0.147616$ & $0.00604873$ & $0.0544394$ \\
eHWWpar & $-0.0168992$ & $-0.00978532$ & $-0.00445056$ & $0.0035169$ & $-0.00771955$ & $0.0150452$ & $0.00462382$ & $0.00666615$ & $0.00560449$ & $-0.0127096$ & $-0.00284672$ & $0.00478011$ & $-0.00410959$ & $0.00246312$ & $0.00399366$ & $-0.00495592$ & $-0.0130377$ & $-0.00887405$ & $-0.00334548$ & $0.00345072$ & $0.00267846$ & $0.0038866$ & $-0.00471299$ & $-0.00246781$ & $-0.00878476$ & $7.37685e-05$ & $-5.63677e-06$ & $0.0054242$ & $-0.000503443$ & $-0.0182511$ & $-0.018145$ & $0.000379223$ & $-0.0282155$ & $-0.00326364$ & $0.000716238$ & $0.00733798$ & $0.0152397$ & $1$ & $-0.0209323$ & $-0.0092861$ & $-0.00575766$ & $0.00285337$ & $0.000910863$ & $-0.00354178$ & $0.00197027$ & $-0.015614$ & $-0.00728092$ & $0.00847061$ & $-0.0152234$ \\
eHZZint & $-0.0553212$ & $-0.0881395$ & $0.0693139$ & $-0.133378$ & $-0.00344846$ & $-0.000138365$ & $0.0254333$ & $0.0154961$ & $0.0109633$ & $0.0109343$ & $-0.000416545$ & $0.035963$ & $-0.0306986$ & $-0.0168738$ & $-0.00845028$ & $-0.0144459$ & $-0.0225756$ & $-0.0199029$ & $-0.0139762$ & $-0.00224723$ & $0.00184223$ & $0.0026043$ & $0.0159073$ & $-0.0150886$ & $-0.0079762$ & $0.000573519$ & $0.0348244$ & $-0.0126517$ & $-0.0156177$ & $-0.0391866$ & $-0.0191985$ & $0.0411082$ & $0.00483709$ & $0.0162738$ & $0.0924791$ & $0.00998797$ & $-0.0234085$ & $-0.0209323$ & $1$ & $0.0139653$ & $-0.150617$ & $0.00181808$ & $-0.0164845$ & $-0.0190352$ & $-0.123329$ & $0.0680369$ & $0.00571175$ & $0.0175183$ & $0.107084$ \\
eHZZpar & $-0.00889704$ & $-0.000107277$ & $-0.0131548$ & $-0.0165749$ & $-0.00855907$ & $0.00274484$ & $-0.00164711$ & $-0.00154589$ & $-0.00327648$ & $0.00325696$ & $0.00135587$ & $-0.00750624$ & $0.00708329$ & $-0.000225584$ & $0.00179786$ & $-0.000516042$ & $-0.000980761$ & $-0.000904023$ & $-0.00166421$ & $-0.00106779$ & $-0.00186321$ & $-0.00277269$ & $0.0128547$ & $-0.00049099$ & $-0.00100136$ & $-0.010052$ & $-0.00430208$ & $-0.0206199$ & $-0.00310612$ & $-0.00420373$ & $0.00774416$ & $0.000553165$ & $-0.00593628$ & $-0.00359843$ & $0.0113894$ & $0.0123714$ & $0.0166267$ & $-0.0092861$ & $0.0139653$ & $1$ & $-0.0106956$ & $0.00280513$ & $-0.0118724$ & $0.0211496$ & $0.0185979$ & $0.000414248$ & $0.0129885$ & $0.00480124$ & $-0.0163911$ \\
eHZgaint & $0.000531773$ & $0.0829017$ & $0.037531$ & $0.0440749$ & $-0.0147369$ & $-0.00488475$ & $-0.0134361$ & $-0.000917236$ & $0.00360354$ & $-0.0707016$ & $-0.010073$ & $-0.0348474$ & $0.0186559$ & $0.0147999$ & $0.0259231$ & $0.0266911$ & $0.0183348$ & $0.00510719$ & $0.00335077$ & $0.0136464$ & $0.00913586$ & $0.00853521$ & $-0.018128$ & $0.0160348$ & $-0.000989796$ & $-0.00680007$ & $-0.034528$ & $0.00142399$ & $0.0242869$ & $0.0146546$ & $0.0267578$ & $-0.0281819$ & $0.00919428$ & $-0.0163172$ & $-0.091538$ & $-0.0308135$ & $0.126261$ & $-0.00575766$ & $-0.150617$ & $-0.0106956$ & $1$ & $0.00588456$ & $0.0792155$ & $-0.0182228$ & $0.145026$ & $0.0417921$ & $0.0487712$ & $0.0960625$ & $-0.016838$ \\
eHZgapar & $-0.00349797$ & $-0.0119502$ & $-0.0151378$ & $0.0120185$ & $0.0158816$ & $-0.0146532$ & $-0.00549221$ & $-0.00290535$ & $-0.000330829$ & $-0.00541013$ & $0.00175696$ & $-0.0225365$ & $0.0154442$ & $-0.00301846$ & $-0.00106176$ & $0.00324516$ & $0.00666209$ & $0.00346021$ & $0.000119324$ & $-0.0021946$ & $-0.00226276$ & $-0.00291458$ & $0.0015574$ & $0.00212859$ & $0.00685353$ & $0.00161815$ & $0.00366933$ & $-0.00305224$ & $-0.0037178$ & $-0.000304077$ & $-0.00331899$ & $-0.00970582$ & $0.0108057$ & $0.00171035$ & $-0.0166782$ & $0.0113542$ & $0.00776247$ & $0.00285337$ & $0.00181808$ & $0.00280513$ & $0.00588456$ & $1$ & $-0.000474272$ & $-0.00477681$ & $-0.0088447$ & $-0.0139796$ & $-0.00257161$ & $0.00824823$ & $0.0102729$ \\
eHgagaint & $-0.00684541$ & $0.0103636$ & $0.0703594$ & $-0.0382192$ & $0.00941198$ & $-0.00960076$ & $-0.0177781$ & $-0.0101363$ & $0.0445921$ & $-0.0117905$ & $0.0034161$ & $-0.03752$ & $0.0290828$ & $0.00937787$ & $0.00351273$ & $-0.000261967$ & $0.0134293$ & $0.0113414$ & $0.0154155$ & $-0.00321333$ & $-0.00397009$ & $-0.0028895$ & $-0.00894601$ & $0.0141897$ & $0.0189039$ & $0.00756735$ & $0.000571768$ & $-0.00210202$ & $0.00903332$ & $0.0147439$ & $0.00247419$ & $-0.0139725$ & $0.0235254$ & $-0.0106454$ & $-0.0066054$ & $0.0404765$ & $0.0299239$ & $0.000910863$ & $-0.0164845$ & $-0.0118724$ & $0.0792155$ & $-0.000474272$ & $1$ & $-0.0250092$ & $-0.0415377$ & $-3.61647e-05$ & $-0.0482419$ & $-0.0186072$ & $0.00493381$ \\
eHmumuint & $-0.00850353$ & $0.0201795$ & $-0.0622647$ & $-0.033275$ & $0.00341028$ & $0.000173278$ & $0.000555075$ & $-0.0285205$ & $-0.0293178$ & $0.0204411$ & $0.0301603$ & $0.0107076$ & $-0.00495494$ & $-0.0138714$ & $-0.0156897$ & $-0.00257103$ & $-0.00895735$ & $0.00221914$ & $-0.00645523$ & $-0.0294299$ & $-0.0314767$ & $-0.0310198$ & $0.00400217$ & $0.0113558$ & $-0.0113496$ & $0.00550056$ & $-0.0331637$ & $-0.0113978$ & $-0.00365267$ & $-0.00416119$ & $0.0193634$ & $-0.00170304$ & $-0.0144798$ & $-0.0141597$ & $-0.0815734$ & $0.0549053$ & $0.11228$ & $-0.00354178$ & $-0.0190352$ & $0.0211496$ & $-0.0182228$ & $-0.00477681$ & $-0.0250092$ & $1$ & $0.01376$ & $0.00327811$ & $0.0871751$ & $0.0162547$ & $-0.00985364$ \\
eHtautauint & $-0.0695602$ & $0.179667$ & $-0.0094901$ & $0.0278521$ & $0.0130441$ & $0.0183034$ & $0.00560295$ & $-0.0294137$ & $-0.0313293$ & $0.0228117$ & $0.0140143$ & $0.0188559$ & $-0.0116451$ & $0.0132983$ & $0.0212523$ & $0.034974$ & $0.0184944$ & $0.0123415$ & $0.00232818$ & $-0.0064626$ & $-0.0145366$ & $-0.0148352$ & $-0.0318633$ & $0.0324373$ & $0.0159421$ & $0.022273$ & $-0.0470765$ & $-0.0142608$ & $-0.00412504$ & $0.0372935$ & $0.0292451$ & $-0.0003044$ & $-0.0601762$ & $-0.0359461$ & $0.0314246$ & $-0.0981127$ & $0.0665337$ & $0.00197027$ & $-0.123329$ & $0.0185979$ & $0.145026$ & $-0.0088447$ & $-0.0415377$ & $0.01376$ & $1$ & $-0.13108$ & $0.141259$ & $-0.0919946$ & $-0.115104$ \\
eHccint & $0.0434332$ & $-0.0467948$ & $-0.0643184$ & $0.00363893$ & $0.0174146$ & $-0.00332907$ & $0.00989779$ & $0.0146122$ & $0.0146626$ & $-0.00837952$ & $-0.00754645$ & $0.00513175$ & $-0.0113786$ & $-0.00614202$ & $-0.0096843$ & $-0.011203$ & $-0.0101079$ & $-0.00704094$ & $-0.0052634$ & $0.00423326$ & $0.00859731$ & $0.00703869$ & $0.0080717$ & $-0.0132733$ & $-0.00864673$ & $-0.00780508$ & $0.0256193$ & $0.00353155$ & $0.00629741$ & $-0.006733$ & $0.037685$ & $0.00908883$ & $0.0442647$ & $0.0195222$ & $-0.0635633$ & $0.0163588$ & $-0.0506744$ & $-0.015614$ & $0.0680369$ & $0.000414248$ & $0.0417921$ & $-0.0139796$ & $-3.61647e-05$ & $0.00327811$ & $-0.13108$ & $1$ & $-0.0773231$ & $0.0331791$ & $0.112529$ \\
eHccpar & $0.00160101$ & $0.101961$ & $0.0409614$ & $-0.00891255$ & $-0.00138465$ & $-0.0140343$ & $-0.0155255$ & $-0.0240661$ & $-0.0263853$ & $0.0136219$ & $0.00981189$ & $-0.0129701$ & $0.0130232$ & $0.00564383$ & $0.0127236$ & $0.0239903$ & $0.028235$ & $0.016508$ & $0.0078551$ & $-0.00544859$ & $-0.0104817$ & $-0.0108989$ & $-0.0233963$ & $0.0301115$ & $0.0077344$ & $0.0113728$ & $-0.0434611$ & $-0.00750404$ & $-0.00219409$ & $-0.00369434$ & $0.301918$ & $-0.0256902$ & $-0.0291037$ & $-0.0212703$ & $-0.0203086$ & $-0.0579238$ & $0.147616$ & $-0.00728092$ & $0.00571175$ & $0.0129885$ & $0.0487712$ & $-0.00257161$ & $-0.0482419$ & $0.0871751$ & $0.141259$ & $-0.0773231$ & $1$ & $-0.0484248$ & $-0.0278567$ \\
eHbbint & $-0.0336405$ & $0.00664233$ & $0.0658197$ & $-0.00291178$ & $-0.00648416$ & $-0.00810047$ & $-0.0140504$ & $0.00150809$ & $-0.000709835$ & $-0.0184174$ & $-0.00125716$ & $-0.0147233$ & $0.0112365$ & $-0.00468057$ & $0.0109134$ & $0.00567616$ & $0.0037047$ & $-0.00641227$ & $-0.00450799$ & $0.00274746$ & $0.00170198$ & $0.000954579$ & $0.00142269$ & $0.0035484$ & $-0.000125492$ & $-0.00211162$ & $-0.00486178$ & $0.00977258$ & $0.00803667$ & $0.0092047$ & $-0.00688554$ & $-0.0112434$ & $0.075932$ & $-0.00472179$ & $-0.0312864$ & $0.123685$ & $0.00604873$ & $0.00847061$ & $0.0175183$ & $0.00480124$ & $0.0960625$ & $0.00824823$ & $-0.0186072$ & $0.0162547$ & $-0.0919946$ & $0.0331791$ & $-0.0484248$ & $1$ & $-0.0882743$ \\
eHbbpar & $-0.0779574$ & $-0.124254$ & $-0.0579652$ & $0.0201443$ & $-0.00559109$ & $-0.00188308$ & $-0.00235531$ & $0.0234377$ & $0.0236426$ & $-0.00781449$ & $-0.0159543$ & $-0.00894596$ & $0.0105164$ & $0.00325978$ & $-0.00513404$ & $0.00315402$ & $-0.0103656$ & $-0.00580157$ & $-0.0103856$ & $0.0112552$ & $0.0145644$ & $0.0140333$ & $0.0226225$ & $-0.0130414$ & $0.00396427$ & $-0.0135277$ & $0.0309704$ & $-0.00456598$ & $-0.00455926$ & $-0.00991505$ & $-0.0101321$ & $0.00402736$ & $0.313562$ & $0.0176546$ & $-0.0346988$ & $0.0831546$ & $0.0544394$ & $-0.0152234$ & $0.107084$ & $-0.0163911$ & $-0.016838$ & $0.0102729$ & $0.00493381$ & $-0.00985364$ & $-0.115104$ & $0.112529$ & $-0.0278567$ & $-0.0882743$ & $1$ \\
