 & AlsMz & dAle5Mz & mtop & mHl & Mz & CW & CHG & CHWB & CHWHB_gaga & CHWHB_gagaorth & CHD & CHbox & CH & CHL1_11 & CHL1_22 & CHL1_33 & CHL3_11 & CHL3_22 & CHL3_33 & CHe_11 & CHe_22 & CHe_33 & CHQ1_11 & CHQ1_33 & CHQ3_11 & CHu_11 & CHd_11 & CHd_33 & CeH_22r & CeH_33r & CuH_22r & CuH_33r & CdH_33r & CLL_1221 & eHggint & eHggpar & eHWWint & eHWWpar & eHZZint & eHZZpar & eHZgaint & eHZgapar & eHgagaint & eHmumuint & eHtautauint & eHccint & eHccpar & eHbbint & eHbbpar \\
AlsMz & $1$ & $-0.109393$ & $-0.230845$ & $-0.0902671$ & $0.0343296$ & $0.0333121$ & $0.0446247$ & $0.00183889$ & $0.00410486$ & $0.00209043$ & $-0.00984241$ & $0.0141562$ & $-0.0689137$ & $0.0436122$ & $0.0384581$ & $0.0313582$ & $0.00366714$ & $-0.00331615$ & $-0.00649668$ & $-0.00284304$ & $-0.00969134$ & $0.00475929$ & $-0.0291446$ & $0.0177222$ & $-0.0563797$ & $-0.0347265$ & $-0.0776499$ & $-0.00373184$ & $0.00104916$ & $-0.0413493$ & $-0.0256673$ & $0.0436922$ & $-0.0528387$ & $-0.0261146$ & $-0.0775138$ & $-0.0518924$ & $0.0796145$ & $-0.0481447$ & $0.0311189$ & $0.0352607$ & $-0.0312226$ & $0.0142816$ & $0.097722$ & $-0.149917$ & $-0.111601$ & $-0.0448519$ & $-0.0359094$ & $-0.0777491$ & $-0.126384$ \\
dAle5Mz & $-0.109393$ & $1$ & $-0.14184$ & $0.112516$ & $-0.0134082$ & $0.0475964$ & $0.00331259$ & $-0.194135$ & $-0.191232$ & $0.0777354$ & $0.199082$ & $0.0497463$ & $-0.0179891$ & $-0.0199306$ & $-0.0163119$ & $-0.0256197$ & $0.0718797$ & $0.0507088$ & $0.0463269$ & $-0.169453$ & $-0.104685$ & $-0.103165$ & $-0.0245871$ & $0.059934$ & $0.0517192$ & $0.0580734$ & $-0.0559725$ & $-0.0490574$ & $-0.0314314$ & $-0.0219139$ & $-0.0732858$ & $0.00668924$ & $-0.0200625$ & $-0.000326848$ & $-0.0520586$ & $0.271543$ & $-0.166215$ & $0.162973$ & $0.0210886$ & $0.0428287$ & $-0.0447577$ & $0.0161138$ & $0.0610349$ & $0.133728$ & $0.0316446$ & $-0.163409$ & $-0.195327$ & $0.0191074$ & $-0.0374847$ \\
mtop & $-0.230845$ & $-0.14184$ & $1$ & $-0.0333358$ & $-0.00505046$ & $-0.0546737$ & $-0.0255385$ & $0.0519049$ & $0.053334$ & $-0.0603263$ & $-0.0289355$ & $-0.0337196$ & $0.0628553$ & $-0.0694794$ & $-0.00164596$ & $0.0110373$ & $-0.0436871$ & $-0.0410762$ & $-0.0318126$ & $0.0408306$ & $0.0129639$ & $0.0100118$ & $0.0268087$ & $-0.0406129$ & $-0.0302814$ & $-0.0135987$ & $0.0278395$ & $0.00794629$ & $0.0162544$ & $0.0270982$ & $0.0681707$ & $-0.0190427$ & $0.0637122$ & $0.0201271$ & $0.0745331$ & $-0.0423679$ & $-0.0446959$ & $-0.158707$ & $-0.143967$ & $0.0532627$ & $0.0661018$ & $-0.0422279$ & $0.1053$ & $-0.0656924$ & $-0.208895$ & $-0.11859$ & $0.161514$ & $0.19776$ & $0.0754519$ \\
mHl & $-0.0902671$ & $0.112516$ & $-0.0333358$ & $1$ & $0.0109237$ & $-0.0218107$ & $-0.0093418$ & $-0.022024$ & $-0.0291237$ & $0.0102356$ & $0.0234164$ & $0.0216998$ & $-0.00455703$ & $-0.0225583$ & $-0.0199258$ & $-0.0276017$ & $0.00745983$ & $0.0113533$ & $0.00147333$ & $-0.0125188$ & $-0.0219266$ & $-0.0053065$ & $0.00287406$ & $-0.00721637$ & $0.00519532$ & $0.0180461$ & $0.008678$ & $-0.0419732$ & $-0.0116495$ & $-0.019931$ & $-0.05142$ & $-0.0043025$ & $-0.0499336$ & $0.006938$ & $0.103401$ & $-0.0074148$ & $0.180854$ & $0.0263338$ & $0.0713285$ & $0.0644867$ & $0.0728271$ & $0.0189363$ & $-0.0329419$ & $0.0499428$ & $0.0175508$ & $0.0683758$ & $-0.119523$ & $-0.320431$ & $0.033321$ \\
Mz & $0.0343296$ & $-0.0134082$ & $-0.00505046$ & $0.0109237$ & $1$ & $0.0080043$ & $0.00669176$ & $0.00383495$ & $0.00532003$ & $-0.00605524$ & $0.0404271$ & $0.00516921$ & $-0.0141887$ & $0.00948884$ & $-0.0029548$ & $-0.00916125$ & $0.0038145$ & $-0.00110125$ & $0.00961916$ & $0.0147648$ & $0.0106387$ & $0.00641056$ & $-0.00231132$ & $-0.00975626$ & $-0.00214286$ & $0.00316595$ & $0.00173438$ & $-0.0191727$ & $-0.0128576$ & $-0.0321578$ & $-0.0167979$ & $-0.00245457$ & $-0.0313982$ & $-0.00339946$ & $-0.0286094$ & $-0.0224555$ & $0.0266585$ & $-0.000861823$ & $-0.0269463$ & $-0.00555096$ & $-0.00266707$ & $0.0112322$ & $0.00468576$ & $-0.0331078$ & $0.0269633$ & $-0.00656103$ & $0.00129446$ & $-0.0498907$ & $-0.017625$ \\
CW & $0.0333121$ & $0.0475964$ & $-0.0546737$ & $-0.0218107$ & $0.0080043$ & $1$ & $0.0240319$ & $-0.106299$ & $-0.105428$ & $0.0270225$ & $0.113953$ & $0.014691$ & $-0.0471117$ & $0.200702$ & $0.0306836$ & $0.0311316$ & $-0.108174$ & $0.0216187$ & $0.0180505$ & $-0.114141$ & $-0.0906033$ & $-0.0917338$ & $-0.0332701$ & $0.075653$ & $0.00663167$ & $0.0313115$ & $-0.0872573$ & $-0.0130071$ & $0.0124072$ & $-0.031189$ & $-0.002596$ & $0.00882819$ & $-0.0516683$ & $-0.13757$ & $0.00155236$ & $0.0194697$ & $-0.00508258$ & $-0.0136271$ & $0.00430641$ & $-0.0142559$ & $-0.00262475$ & $-0.0147573$ & $0.0138582$ & $0.0156087$ & $0.00846689$ & $0.0388721$ & $-0.00736163$ & $-0.0344223$ & $-0.035544$ \\
CHG & $0.0446247$ & $0.00331259$ & $-0.0255385$ & $-0.0093418$ & $0.00669176$ & $0.0240319$ & $1$ & $-0.088209$ & $-0.0599577$ & $0.122427$ & $0.0226404$ & $0.294887$ & $-0.661345$ & $0.146326$ & $0.0483715$ & $0.0462372$ & $0.149842$ & $0.0955104$ & $0.0894881$ & $-0.0461554$ & $-0.0277173$ & $-0.0383507$ & $-0.028946$ & $0.105299$ & $0.0944141$ & $0.0190175$ & $-0.083522$ & $-0.0046985$ & $-0.0806388$ & $-0.338578$ & $-0.179072$ & $0.931767$ & $-0.386256$ & $-0.0758225$ & $-0.0201526$ & $-0.0377093$ & $-0.00128352$ & $-0.0551788$ & $0.018792$ & $-0.0464647$ & $-0.0110406$ & $-0.0220622$ & $0.0116782$ & $-0.0166548$ & $0.0296737$ & $-0.00778366$ & $0.0249107$ & $-0.0522098$ & $-0.00257567$ \\
CHWB & $0.00183889$ & $-0.194135$ & $0.0519049$ & $-0.022024$ & $0.00383495$ & $-0.106299$ & $-0.088209$ & $1$ & $0.993767$ & $-0.551061$ & $-0.892503$ & $-0.21882$ & $0.134263$ & $-0.300069$ & $-0.0433983$ & $-0.0257838$ & $-0.631787$ & $-0.51317$ & $-0.514391$ & $0.862072$ & $0.628052$ & $0.631309$ & $0.0958553$ & $-0.655884$ & $-0.571834$ & $-0.198258$ & $0.417394$ & $0.130849$ & $-0.000659861$ & $0.0795203$ & $0.0390204$ & $-0.0817753$ & $0.0581589$ & $0.667205$ & $-0.0113111$ & $-0.055515$ & $0.0173692$ & $-0.0307286$ & $-0.00791329$ & $-0.0176799$ & $0.0566448$ & $0.00117606$ & $0.0197038$ & $-0.00807161$ & $-0.0172965$ & $0.0115228$ & $0.055917$ & $0.0490184$ & $-0.0010798$ \\
CHWHB_gaga & $0.00410486$ & $-0.191232$ & $0.053334$ & $-0.0291237$ & $0.00532003$ & $-0.105428$ & $-0.0599577$ & $0.993767$ & $1$ & $-0.551823$ & $-0.885153$ & $-0.200019$ & $0.126247$ & $-0.304282$ & $-0.0415095$ & $-0.0234617$ & $-0.633229$ & $-0.512557$ & $-0.514883$ & $0.85823$ & $0.622903$ & $0.627645$ & $0.0951624$ & $-0.654481$ & $-0.570686$ & $-0.196929$ & $0.415466$ & $0.129748$ & $0.00151365$ & $0.0991969$ & $0.0482559$ & $-0.0566437$ & $0.0760258$ & $0.662079$ & $-0.0157827$ & $-0.0558879$ & $0.00528674$ & $-0.0366717$ & $-0.011676$ & $-0.0227411$ & $0.0610031$ & $0.0015928$ & $0.0490196$ & $-0.00746616$ & $-0.00893887$ & $0.00736692$ & $0.0541063$ & $0.0510417$ & $-0.00408776$ \\
CHWHB_gagaorth & $0.00209043$ & $0.0777354$ & $-0.0603263$ & $0.0102356$ & $-0.00605524$ & $0.0270225$ & $0.122427$ & $-0.551061$ & $-0.551823$ & $1$ & $0.226141$ & $0.38312$ & $-0.21108$ & $0.708614$ & $0.121727$ & $0.108618$ & $0.796183$ & $0.568349$ & $0.556962$ & $-0.304033$ & $-0.207432$ & $-0.210865$ & $-0.100127$ & $0.569945$ & $0.631073$ & $0.0718542$ & $-0.313381$ & $-0.0125426$ & $-0.0248457$ & $-0.157053$ & $-0.0729087$ & $0.128039$ & $-0.144934$ & $-0.406316$ & $0.0335879$ & $0.0369011$ & $0.0241756$ & $0.018037$ & $0.0221033$ & $-0.016389$ & $-0.0540203$ & $-0.00783323$ & $-0.0261056$ & $-0.0242168$ & $0.0189135$ & $-0.00767222$ & $-0.0124371$ & $-0.0285714$ & $-0.0150032$ \\
CHD & $-0.00984241$ & $0.199082$ & $-0.0289355$ & $0.0234164$ & $0.0404271$ & $0.113953$ & $0.0226404$ & $-0.892503$ & $-0.885153$ & $0.226141$ & $1$ & $0.1194$ & $-0.0187206$ & $-0.0588573$ & $-0.0366026$ & $-0.0525049$ & $0.298514$ & $0.294978$ & $0.297983$ & $-0.891475$ & $-0.654187$ & $-0.653934$ & $-0.062344$ & $0.449275$ & $0.326063$ & $0.207539$ & $-0.312082$ & $-0.153979$ & $0.0172046$ & $-0.00631876$ & $-0.00776569$ & $0.0255249$ & $0.0083899$ & $-0.526094$ & $0.0120417$ & $0.048835$ & $-0.037933$ & $0.0318585$ & $0.000248727$ & $0.0304306$ & $-0.037183$ & $0.000666053$ & $-0.00202909$ & $0.0228876$ & $0.0186909$ & $-0.0172826$ & $-0.0684179$ & $-0.0466441$ & $0.000582452$ \\
CHbox & $0.0141562$ & $0.0497463$ & $-0.0337196$ & $0.0216998$ & $0.00516921$ & $0.014691$ & $0.294887$ & $-0.21882$ & $-0.200019$ & $0.38312$ & $0.1194$ & $1$ & $-0.46012$ & $0.0877279$ & $0.0910367$ & $0.0656067$ & $0.160145$ & $0.117699$ & $0.118199$ & $0.019886$ & $-0.0768752$ & $-0.0774757$ & $-0.015282$ & $0.149771$ & $0.130087$ & $-0.00822442$ & $-0.148432$ & $-0.0203461$ & $-0.0305638$ & $-0.0382513$ & $-0.0494827$ & $0.355414$ & $-0.0716317$ & $-0.260515$ & $0.054901$ & $0.017414$ & $-0.0222947$ & $-0.0281655$ & $0.00122127$ & $-0.0383815$ & $0.032303$ & $-0.00952475$ & $-0.00348097$ & $-0.0308595$ & $0.00955807$ & $0.00274085$ & $0.0297811$ & $-0.045463$ & $-0.0167424$ \\
CH & $-0.0689137$ & $-0.0179891$ & $0.0628553$ & $-0.00455703$ & $-0.0141887$ & $-0.0471117$ & $-0.661345$ & $0.134263$ & $0.126247$ & $-0.21108$ & $-0.0187206$ & $-0.46012$ & $1$ & $-0.253096$ & $-0.0434135$ & $-0.043246$ & $-0.249083$ & $-0.16451$ & $-0.162659$ & $0.0614914$ & $0.0306885$ & $0.0323264$ & $0.039704$ & $-0.157797$ & $-0.168242$ & $-0.0172093$ & $0.109795$ & $0.0221504$ & $0.141383$ & $0.474571$ & $0.218788$ & $-0.585566$ & $0.504176$ & $0.114556$ & $0.00885471$ & $0.0295971$ & $0.0278058$ & $0.0511479$ & $-0.00975547$ & $0.0570881$ & $0.00425991$ & $0.0247263$ & $-0.0089123$ & $0.0636225$ & $-0.0115465$ & $0.00298039$ & $-0.00556322$ & $0.0715835$ & $-0.00217993$ \\
CHL1_11 & $0.0436122$ & $-0.0199306$ & $-0.0694794$ & $-0.0225583$ & $0.00948884$ & $0.200702$ & $0.146326$ & $-0.300069$ & $-0.304282$ & $0.708614$ & $-0.0588573$ & $0.0877279$ & $-0.253096$ & $1$ & $0.162686$ & $0.16827$ & $0.640502$ & $0.495145$ & $0.484836$ & $-0.136273$ & $-0.0480159$ & $-0.0444189$ & $-0.0905589$ & $0.496288$ & $0.534249$ & $0.0159565$ & $-0.291573$ & $0.0201956$ & $-0.0319471$ & $-0.17136$ & $-0.0655595$ & $0.108154$ & $-0.153225$ & $-0.30476$ & $-0.00859973$ & $0.0116135$ & $0.0417224$ & $-0.0126894$ & $0.00434724$ & $-0.0284974$ & $-0.0595929$ & $-0.00905985$ & $-0.0237638$ & $-0.0394302$ & $-0.00118565$ & $0.00494765$ & $0.0161047$ & $-0.0340463$ & $-0.00366354$ \\
CHL1_22 & $0.0384581$ & $-0.0163119$ & $-0.00164596$ & $-0.0199258$ & $-0.0029548$ & $0.0306836$ & $0.0483715$ & $-0.0433983$ & $-0.0415095$ & $0.121727$ & $-0.0366026$ & $0.0910367$ & $-0.0434135$ & $0.162686$ & $1$ & $0.366651$ & $0.0745116$ & $-0.46813$ & $-0.137116$ & $0.0504197$ & $-0.183583$ & $-0.144606$ & $-0.105783$ & $0.240714$ & $-0.177626$ & $0.00873591$ & $-0.509737$ & $-0.0311481$ & $0.00656972$ & $-0.0111522$ & $-0.00376719$ & $0.0553155$ & $-0.00570129$ & $-0.564809$ & $0.0189802$ & $0.0219962$ & $0.0281351$ & $-0.016942$ & $0.00633666$ & $-0.0178687$ & $-0.0136978$ & $-0.0194418$ & $-0.0100228$ & $0.0125668$ & $-0.016552$ & $0.0233622$ & $0.0045821$ & $-0.0248157$ & $0.0181124$ \\
CHL1_33 & $0.0313582$ & $-0.0256197$ & $0.0110373$ & $-0.0276017$ & $-0.00916125$ & $0.0311316$ & $0.0462372$ & $-0.0257838$ & $-0.0234617$ & $0.108618$ & $-0.0525049$ & $0.0656067$ & $-0.043246$ & $0.16827$ & $0.366651$ & $1$ & $0.075046$ & $-0.116897$ & $-0.46405$ & $0.0544968$ & $-0.134433$ & $-0.20075$ & $-0.104711$ & $0.246285$ & $-0.171412$ & $0.00904503$ & $-0.491291$ & $-0.00961302$ & $-0.0118102$ & $-0.00129473$ & $0.00705426$ & $0.0548871$ & $0.00345746$ & $-0.240244$ & $-0.0301852$ & $-0.00723488$ & $0.0150723$ & $-0.0543436$ & $-0.0183997$ & $0.0141212$ & $-0.0192084$ & $-0.0150092$ & $-0.0235061$ & $-0.0149782$ & $0.0216641$ & $0.0118384$ & $0.0241396$ & $-0.0161976$ & $-0.0026328$ \\
CHL3_11 & $0.00366714$ & $0.0718797$ & $-0.0436871$ & $0.00745983$ & $0.0038145$ & $-0.108174$ & $0.149842$ & $-0.631787$ & $-0.633229$ & $0.796183$ & $0.298514$ & $0.160145$ & $-0.249083$ & $0.640502$ & $0.0745116$ & $0.075046$ & $1$ & $0.653049$ & $0.641329$ & $-0.444585$ & $-0.249266$ & $-0.267753$ & $-0.0951645$ & $0.632617$ & $0.728684$ & $0.096897$ & $-0.300027$ & $-0.0274863$ & $-0.0405404$ & $-0.166405$ & $-0.0696859$ & $0.12374$ & $-0.136081$ & $-0.36045$ & $0.00465782$ & $0.0224983$ & $0.015338$ & $0.0122542$ & $0.015593$ & $-0.0200695$ & $-0.052097$ & $-0.00577046$ & $-0.036871$ & $-0.0223745$ & $0.0161637$ & $0.00355743$ & $-0.0143728$ & $-0.0219195$ & $0.0071465$ \\
CHL3_22 & $-0.00331615$ & $0.0507088$ & $-0.0410762$ & $0.0113533$ & $-0.00110125$ & $0.0216187$ & $0.0955104$ & $-0.51317$ & $-0.512557$ & $0.568349$ & $0.294978$ & $0.117699$ & $-0.16451$ & $0.495145$ & $-0.46813$ & $-0.116897$ & $0.653049$ & $1$ & $0.620482$ & $-0.387359$ & $-0.188541$ & $-0.189648$ & $0.000661914$ & $0.419347$ & $0.755282$ & $0.0710677$ & $0.0324141$ & $-0.010096$ & $-0.0171554$ & $-0.116788$ & $-0.0433679$ & $0.0757844$ & $-0.0930318$ & $0.132288$ & $-0.0132066$ & $0.0084526$ & $0.00631905$ & $0.00707539$ & $0.00146505$ & $-0.00284315$ & $-0.0472475$ & $0.0024206$ & $-0.0310517$ & $-0.0185583$ & $0.00802944$ & $0.00958917$ & $0.003182$ & $-0.00790494$ & $6.40774e-05$ \\
CHL3_33 & $-0.00649668$ & $0.0463269$ & $-0.0318126$ & $0.00147333$ & $0.00961916$ & $0.0180505$ & $0.0894881$ & $-0.514391$ & $-0.514883$ & $0.556962$ & $0.297983$ & $0.118199$ & $-0.162659$ & $0.484836$ & $-0.137116$ & $-0.46405$ & $0.641329$ & $0.620482$ & $1$ & $-0.384546$ & $-0.175093$ & $-0.19694$ & $-0.0169202$ & $0.407146$ & $0.751577$ & $0.0843025$ & $0.0480299$ & $-0.0133962$ & $-0.0145491$ & $-0.126442$ & $-0.0438542$ & $0.0647149$ & $-0.0979351$ & $-0.196577$ & $0.0110258$ & $0.0402018$ & $0.0110395$ & $0.0244336$ & $0.0044389$ & $-0.0314522$ & $-0.0415547$ & $0.00862718$ & $-0.0234315$ & $-0.0178285$ & $-0.0105286$ & $0.000674075$ & $0.00724929$ & $-0.00456116$ & $0.00904799$ \\
CHe_11 & $-0.00284304$ & $-0.169453$ & $0.0408306$ & $-0.0125188$ & $0.0147648$ & $-0.114141$ & $-0.0461554$ & $0.862072$ & $0.85823$ & $-0.304033$ & $-0.891475$ & $0.019886$ & $0.0614914$ & $-0.136273$ & $0.0504197$ & $0.0544968$ & $-0.444585$ & $-0.387359$ & $-0.384546$ & $1$ & $0.637492$ & $0.634078$ & $0.0712218$ & $-0.503916$ & $-0.420645$ & $-0.206741$ & $0.314103$ & $0.146985$ & $-7.10583e-05$ & $0.0344447$ & $0.0131869$ & $-0.0295377$ & $0.00363202$ & $0.446916$ & $-0.0035944$ & $-0.0384937$ & $0.0364416$ & $-0.0207886$ & $-0.00977998$ & $-0.0208075$ & $0.0470814$ & $0.00760121$ & $0.00165997$ & $-0.0138466$ & $-0.0106574$ & $0.0133634$ & $0.0614036$ & $0.0352548$ & $-0.00802035$ \\
CHe_22 & $-0.00969134$ & $-0.104685$ & $0.0129639$ & $-0.0219266$ & $0.0106387$ & $-0.0906033$ & $-0.0277173$ & $0.628052$ & $0.622903$ & $-0.207432$ & $-0.654187$ & $-0.0768752$ & $0.0306885$ & $-0.0480159$ & $-0.183583$ & $-0.134433$ & $-0.249266$ & $-0.188541$ & $-0.175093$ & $0.637492$ & $1$ & $0.549601$ & $0.0884084$ & $-0.450317$ & $-0.225102$ & $-0.151105$ & $0.418555$ & $0.121847$ & $-0.0144379$ & $0.00997597$ & $-0.0100114$ & $-0.0287382$ & $-0.0185168$ & $0.431251$ & $0.00567774$ & $-0.0396219$ & $0.00143076$ & $-0.0117114$ & $-0.00768665$ & $-0.0182012$ & $0.0443933$ & $0.0224888$ & $-0.00115987$ & $-0.0222657$ & $-0.0076833$ & $0.00700941$ & $0.043392$ & $0.068624$ & $-0.0285491$ \\
CHe_33 & $0.00475929$ & $-0.103165$ & $0.0100118$ & $-0.0053065$ & $0.00641056$ & $-0.0917338$ & $-0.0383507$ & $0.631309$ & $0.627645$ & $-0.210865$ & $-0.653934$ & $-0.0774757$ & $0.0323264$ & $-0.0444189$ & $-0.144606$ & $-0.20075$ & $-0.267753$ & $-0.189648$ & $-0.19694$ & $0.634078$ & $0.549601$ & $1$ & $0.0812562$ & $-0.451101$ & $-0.234877$ & $-0.160486$ & $0.405777$ & $0.11858$ & $-0.0258499$ & $0.0205631$ & $-0.000956297$ & $-0.0395635$ & $-0.00378485$ & $0.434672$ & $-0.0184422$ & $-0.0220702$ & $0.0204336$ & $-0.0271087$ & $0.00554908$ & $-0.0311998$ & $0.0246081$ & $0.0139126$ & $0.0222764$ & $-0.0119463$ & $-0.0187112$ & $0.0120743$ & $0.0196119$ & $0.0307131$ & $-0.0186428$ \\
CHQ1_11 & $-0.0291446$ & $-0.0245871$ & $0.0268087$ & $0.00287406$ & $-0.00231132$ & $-0.0332701$ & $-0.028946$ & $0.0958553$ & $0.0951624$ & $-0.100127$ & $-0.062344$ & $-0.015282$ & $0.039704$ & $-0.0905589$ & $-0.105783$ & $-0.104711$ & $-0.0951645$ & $0.000661914$ & $-0.0169202$ & $0.0712218$ & $0.0884084$ & $0.0812562$ & $1$ & $-0.132808$ & $0.0172023$ & $-0.592716$ & $0.255423$ & $0.0199677$ & $0.0215909$ & $0.0271638$ & $0.0312512$ & $-0.0225376$ & $0.0364409$ & $0.133565$ & $0.00139742$ & $1.78755e-05$ & $0.00225075$ & $0.00280277$ & $0.0159233$ & $-0.0142729$ & $0.0197022$ & $0.0120116$ & $0.00176628$ & $0.013825$ & $-0.0303006$ & $0.00214684$ & $0.0207377$ & $0.0255344$ & $0.0436815$ \\
CHQ1_33 & $0.0177222$ & $0.059934$ & $-0.0406129$ & $-0.00721637$ & $-0.00975626$ & $0.075653$ & $0.105299$ & $-0.655884$ & $-0.654481$ & $0.569945$ & $0.449275$ & $0.149771$ & $-0.157797$ & $0.496288$ & $0.240714$ & $0.246285$ & $0.632617$ & $0.419347$ & $0.407146$ & $-0.503916$ & $-0.450317$ & $-0.451101$ & $-0.132808$ & $1$ & $0.490733$ & $0.136486$ & $-0.408188$ & $0.0335158$ & $-0.0134506$ & $-0.115399$ & $-0.036484$ & $0.0926891$ & $-0.0802499$ & $-0.522011$ & $0.0056423$ & $-2.55743e-05$ & $0.0092481$ & $0.00052205$ & $-0.00525659$ & $-0.00171664$ & $-0.0553097$ & $-0.00512884$ & $-0.0237822$ & $-0.0135389$ & $0.01341$ & $0.0106088$ & $-0.0127285$ & $-0.0481733$ & $0.0180694$ \\
CHQ3_11 & $-0.0563797$ & $0.0517192$ & $-0.0302814$ & $0.00519532$ & $-0.00214286$ & $0.00663167$ & $0.0944141$ & $-0.571834$ & $-0.570686$ & $0.631073$ & $0.326063$ & $0.130087$ & $-0.168242$ & $0.534249$ & $-0.177626$ & $-0.171412$ & $0.728684$ & $0.755282$ & $0.751577$ & $-0.420645$ & $-0.225102$ & $-0.234877$ & $0.0172023$ & $0.490733$ & $1$ & $0.0967465$ & $0.143999$ & $-0.0177355$ & $-0.0163815$ & $-0.132133$ & $-0.0441226$ & $0.0705939$ & $-0.091574$ & $-0.164382$ & $-0.00338369$ & $0.0197213$ & $0.0205246$ & $0.00968639$ & $0.00990245$ & $-0.0213891$ & $-0.0373414$ & $-0.00587482$ & $-0.0312388$ & $-0.011143$ & $0.0128577$ & $0.0247304$ & $-0.00182508$ & $-0.00842073$ & $0.0195905$ \\
CHu_11 & $-0.0347265$ & $0.0580734$ & $-0.0135987$ & $0.0180461$ & $0.00316595$ & $0.0313115$ & $0.0190175$ & $-0.198258$ & $-0.196929$ & $0.0718542$ & $0.207539$ & $-0.00822442$ & $-0.0172093$ & $0.0159565$ & $0.00873591$ & $0.00904503$ & $0.096897$ & $0.0710677$ & $0.0843025$ & $-0.206741$ & $-0.151105$ & $-0.160486$ & $-0.592716$ & $0.136486$ & $0.0967465$ & $1$ & $0.0834124$ & $-0.0266693$ & $-0.0242697$ & $-0.0287592$ & $-0.0321347$ & $0.0029883$ & $-0.0274243$ & $-0.116484$ & $-0.00715654$ & $0.00441432$ & $0.0183148$ & $0.0173267$ & $0.0208517$ & $3.3046e-05$ & $-0.0558347$ & $0.000922613$ & $-0.0219405$ & $-0.00852384$ & $0.0331653$ & $-0.00775552$ & $-0.0534296$ & $-0.0490823$ & $-0.0125838$ \\
CHd_11 & $-0.0776499$ & $-0.0559725$ & $0.0278395$ & $0.008678$ & $0.00173438$ & $-0.0872573$ & $-0.083522$ & $0.417394$ & $0.415466$ & $-0.313381$ & $-0.312082$ & $-0.148432$ & $0.109795$ & $-0.291573$ & $-0.509737$ & $-0.491291$ & $-0.300027$ & $0.0324141$ & $0.0480299$ & $0.314103$ & $0.418555$ & $0.405777$ & $0.255423$ & $-0.408188$ & $0.143999$ & $0.0834124$ & $1$ & $0.0847199$ & $-0.00229882$ & $0.0410463$ & $0.0184278$ & $-0.0891793$ & $0.0386535$ & $0.583231$ & $-0.00338671$ & $-0.0399034$ & $-0.00896317$ & $0.00635657$ & $0.0203146$ & $-0.00843817$ & $0.0596812$ & $0.00171951$ & $0.0137168$ & $0.0147842$ & $-0.00279803$ & $0.0231719$ & $0.0185918$ & $0.0623579$ & $0.00899495$ \\
CHd_33 & $-0.00373184$ & $-0.0490574$ & $0.00794629$ & $-0.0419732$ & $-0.0191727$ & $-0.0130071$ & $-0.0046985$ & $0.130849$ & $0.129748$ & $-0.0125426$ & $-0.153979$ & $-0.0203461$ & $0.0221504$ & $0.0201956$ & $-0.0311481$ & $-0.00961302$ & $-0.0274863$ & $-0.010096$ & $-0.0133962$ & $0.146985$ & $0.121847$ & $0.11858$ & $0.0199677$ & $0.0335158$ & $-0.0177355$ & $-0.0266693$ & $0.0847199$ & $1$ & $0.000602493$ & $0.00928923$ & $0.0102546$ & $-0.00606778$ & $0.00974098$ & $0.0912372$ & $-0.0202735$ & $-0.0182731$ & $0.0253638$ & $-0.0273417$ & $0.00299295$ & $0.0199766$ & $-0.0146093$ & $-0.0455218$ & $-0.0124189$ & $-0.00471434$ & $-0.0403204$ & $0.0236327$ & $0.0282965$ & $0.0263613$ & $-0.01541$ \\
CeH_22r & $0.00104916$ & $-0.0314314$ & $0.0162544$ & $-0.0116495$ & $-0.0128576$ & $0.0124072$ & $-0.0806388$ & $-0.000659861$ & $0.00151365$ & $-0.0248457$ & $0.0172046$ & $-0.0305638$ & $0.141383$ & $-0.0319471$ & $0.00656972$ & $-0.0118102$ & $-0.0405404$ & $-0.0171554$ & $-0.0145491$ & $-7.10583e-05$ & $-0.0144379$ & $-0.0258499$ & $0.0215909$ & $-0.0134506$ & $-0.0163815$ & $-0.0242697$ & $-0.00229882$ & $0.000602493$ & $1$ & $0.085166$ & $0.0405325$ & $-0.0823363$ & $0.0972128$ & $-0.00697415$ & $0.00645304$ & $-0.00052487$ & $-0.00278521$ & $-0.0129266$ & $-0.0431446$ & $-0.0053982$ & $0.0113764$ & $-0.00226106$ & $0.00370202$ & $0.0173841$ & $0.027662$ & $0.0237219$ & $0.00517495$ & $0.00494492$ & $0.0225807$ \\
CeH_33r & $-0.0413493$ & $-0.0219139$ & $0.0270982$ & $-0.019931$ & $-0.0321578$ & $-0.031189$ & $-0.338578$ & $0.0795203$ & $0.0991969$ & $-0.157053$ & $-0.00631876$ & $-0.0382513$ & $0.474571$ & $-0.17136$ & $-0.0111522$ & $-0.00129473$ & $-0.166405$ & $-0.116788$ & $-0.126442$ & $0.0344447$ & $0.00997597$ & $0.0205631$ & $0.0271638$ & $-0.115399$ & $-0.132133$ & $-0.0287592$ & $0.0410463$ & $0.00928923$ & $0.085166$ & $1$ & $0.362619$ & $-0.162855$ & $0.748572$ & $0.0553146$ & $-0.0411597$ & $-0.0137611$ & $-0.0879757$ & $-0.0630294$ & $-0.0302146$ & $0.0167936$ & $0.0373495$ & $0.035414$ & $0.009433$ & $0.0472965$ & $0.0248355$ & $0.00635706$ & $0.0219366$ & $0.0618106$ & $-0.044936$ \\
CuH_22r & $-0.0256673$ & $-0.0732858$ & $0.0681707$ & $-0.05142$ & $-0.0167979$ & $-0.002596$ & $-0.179072$ & $0.0390204$ & $0.0482559$ & $-0.0729087$ & $-0.00776569$ & $-0.0494827$ & $0.218788$ & $-0.0655595$ & $-0.00376719$ & $0.00705426$ & $-0.0696859$ & $-0.0433679$ & $-0.0438542$ & $0.0131869$ & $-0.0100114$ & $-0.000956297$ & $0.0312512$ & $-0.036484$ & $-0.0441226$ & $-0.0321347$ & $0.0184278$ & $0.0102546$ & $0.0405325$ & $0.362619$ & $1$ & $-0.0676571$ & $0.420946$ & $0.0267056$ & $-0.0394727$ & $-0.0332319$ & $-0.0473932$ & $-0.0675344$ & $-0.0422194$ & $0.0481109$ & $0.0598828$ & $0.0119118$ & $-0.00867443$ & $0.0954571$ & $-0.0581931$ & $0.0792229$ & $0.276899$ & $0.0774579$ & $-0.0418719$ \\
CuH_33r & $0.0436922$ & $0.00668924$ & $-0.0190427$ & $-0.0043025$ & $-0.00245457$ & $0.00882819$ & $0.931767$ & $-0.0817753$ & $-0.0566437$ & $0.128039$ & $0.0255249$ & $0.355414$ & $-0.585566$ & $0.108154$ & $0.0553155$ & $0.0548871$ & $0.12374$ & $0.0757844$ & $0.0647149$ & $-0.0295377$ & $-0.0287382$ & $-0.0395635$ & $-0.0225376$ & $0.0926891$ & $0.0705939$ & $0.0029883$ & $-0.0891793$ & $-0.00606778$ & $-0.0823363$ & $-0.162855$ & $-0.0676571$ & $1$ & $-0.169843$ & $-0.0780233$ & $0.0142887$ & $-0.0295794$ & $-0.0127158$ & $-0.0620325$ & $0.0313914$ & $-0.0393368$ & $0.00611494$ & $-0.0192162$ & $0.0194652$ & $0.000814693$ & $0.0234495$ & $-0.0154378$ & $0.0351623$ & $-0.0400459$ & $-0.0152833$ \\
CdH_33r & $-0.0528387$ & $-0.0200625$ & $0.0637122$ & $-0.0499336$ & $-0.0313982$ & $-0.0516683$ & $-0.386256$ & $0.0581589$ & $0.0760258$ & $-0.144934$ & $0.0083899$ & $-0.0716317$ & $0.504176$ & $-0.153225$ & $-0.00570129$ & $0.00345746$ & $-0.136081$ & $-0.0930318$ & $-0.0979351$ & $0.00363202$ & $-0.0185168$ & $-0.00378485$ & $0.0364409$ & $-0.0802499$ & $-0.091574$ & $-0.0274243$ & $0.0386535$ & $0.00974098$ & $0.0972128$ & $0.748572$ & $0.420946$ & $-0.169843$ & $1$ & $0.052028$ & $-0.0757234$ & $-0.018899$ & $-0.0586981$ & $-0.0611782$ & $-0.047205$ & $0.0161948$ & $0.067541$ & $-0.00018783$ & $0.00108387$ & $0.0312067$ & $-0.00203387$ & $-0.00921759$ & $0.0366081$ & $0.136427$ & $0.194538$ \\
CLL_1221 & $-0.0261146$ & $-0.000326848$ & $0.0201271$ & $0.006938$ & $-0.00339946$ & $-0.13757$ & $-0.0758225$ & $0.667205$ & $0.662079$ & $-0.406316$ & $-0.526094$ & $-0.260515$ & $0.114556$ & $-0.30476$ & $-0.564809$ & $-0.240244$ & $-0.36045$ & $0.132288$ & $-0.196577$ & $0.446916$ & $0.431251$ & $0.434672$ & $0.133565$ & $-0.522011$ & $-0.164382$ & $-0.116484$ & $0.583231$ & $0.0912372$ & $-0.00697415$ & $0.0553146$ & $0.0267056$ & $-0.0780233$ & $0.052028$ & $1$ & $-0.0291762$ & $-0.0193515$ & $-0.0297844$ & $0.00176287$ & $-0.00480886$ & $0.000522415$ & $0.0332267$ & $0.00654282$ & $0.0193695$ & $0.0143219$ & $-0.00488968$ & $-0.012054$ & $0.0134277$ & $0.0564124$ & $-0.00439139$ \\
eHggint & $-0.0775138$ & $-0.0520586$ & $0.0745331$ & $0.103401$ & $-0.0286094$ & $0.00155236$ & $-0.0201526$ & $-0.0113111$ & $-0.0157827$ & $0.0335879$ & $0.0120417$ & $0.054901$ & $0.00885471$ & $-0.00859973$ & $0.0189802$ & $-0.0301852$ & $0.00465782$ & $-0.0132066$ & $0.0110258$ & $-0.0035944$ & $0.00567774$ & $-0.0184422$ & $0.00139742$ & $0.0056423$ & $-0.00338369$ & $-0.00715654$ & $-0.00338671$ & $-0.0202735$ & $0.00645304$ & $-0.0411597$ & $-0.0394727$ & $0.0142887$ & $-0.0757234$ & $-0.0291762$ & $1$ & $-0.0536285$ & $-0.0135578$ & $0.243719$ & $0.0372759$ & $0.0290181$ & $0.0796144$ & $-0.0588873$ & $0.150526$ & $-0.0546807$ & $-0.0555967$ & $-0.105492$ & $-0.0547533$ & $-0.0360773$ & $-0.0874541$ \\
eHggpar & $-0.0518924$ & $0.271543$ & $-0.0423679$ & $-0.0074148$ & $-0.0224555$ & $0.0194697$ & $-0.0377093$ & $-0.055515$ & $-0.0558879$ & $0.0369011$ & $0.048835$ & $0.017414$ & $0.0295971$ & $0.0116135$ & $0.0219962$ & $-0.00723488$ & $0.0224983$ & $0.0084526$ & $0.0402018$ & $-0.0384937$ & $-0.0396219$ & $-0.0220702$ & $1.78755e-05$ & $-2.55743e-05$ & $0.0197213$ & $0.00441432$ & $-0.0399034$ & $-0.0182731$ & $-0.00052487$ & $-0.0137611$ & $-0.0332319$ & $-0.0295794$ & $-0.018899$ & $-0.0193515$ & $-0.0536285$ & $1$ & $-0.0341161$ & $0.108764$ & $0.230686$ & $-0.0947659$ & $0.166765$ & $0.156735$ & $0.0991355$ & $0.0908117$ & $-0.0318041$ & $-0.0752771$ & $-0.0232529$ & $0.0678882$ & $-0.0843458$ \\
eHWWint & $0.0796145$ & $-0.166215$ & $-0.0446959$ & $0.180854$ & $0.0266585$ & $-0.00508258$ & $-0.00128352$ & $0.0173692$ & $0.00528674$ & $0.0241756$ & $-0.037933$ & $-0.0222947$ & $0.0278058$ & $0.0417224$ & $0.0281351$ & $0.0150723$ & $0.015338$ & $0.00631905$ & $0.0110395$ & $0.0364416$ & $0.00143076$ & $0.0204336$ & $0.00225075$ & $0.0092481$ & $0.0205246$ & $0.0183148$ & $-0.00896317$ & $0.0253638$ & $-0.00278521$ & $-0.0879757$ & $-0.0473932$ & $-0.0127158$ & $-0.0586981$ & $-0.0297844$ & $-0.0135578$ & $-0.0341161$ & $1$ & $-0.00566367$ & $0.125516$ & $-0.00732137$ & $-0.199021$ & $0.0267742$ & $-0.125233$ & $-0.0679352$ & $0.0424738$ & $0.274949$ & $-0.069988$ & $-0.175851$ & $0.190455$ \\
eHWWpar & $-0.0481447$ & $0.162973$ & $-0.158707$ & $0.0263338$ & $-0.000861823$ & $-0.0136271$ & $-0.0551788$ & $-0.0307286$ & $-0.0366717$ & $0.018037$ & $0.0318585$ & $-0.0281655$ & $0.0511479$ & $-0.0126894$ & $-0.016942$ & $-0.0543436$ & $0.0122542$ & $0.00707539$ & $0.0244336$ & $-0.0207886$ & $-0.0117114$ & $-0.0271087$ & $0.00280277$ & $0.00052205$ & $0.00968639$ & $0.0173267$ & $0.00635657$ & $-0.0273417$ & $-0.0129266$ & $-0.0630294$ & $-0.0675344$ & $-0.0620325$ & $-0.0611782$ & $0.00176287$ & $0.243719$ & $0.108764$ & $-0.00566367$ & $1$ & $0.135837$ & $0.0621795$ & $0.0133584$ & $0.0226562$ & $0.0287317$ & $0.0967156$ & $0.0477818$ & $-0.209532$ & $-0.14032$ & $-0.0907949$ & $0.103593$ \\
eHZZint & $0.0311189$ & $0.0210886$ & $-0.143967$ & $0.0713285$ & $-0.0269463$ & $0.00430641$ & $0.018792$ & $-0.00791329$ & $-0.011676$ & $0.0221033$ & $0.000248727$ & $0.00122127$ & $-0.00975547$ & $0.00434724$ & $0.00633666$ & $-0.0183997$ & $0.015593$ & $0.00146505$ & $0.0044389$ & $-0.00977998$ & $-0.00768665$ & $0.00554908$ & $0.0159233$ & $-0.00525659$ & $0.00990245$ & $0.0208517$ & $0.0203146$ & $0.00299295$ & $-0.0431446$ & $-0.0302146$ & $-0.0422194$ & $0.0313914$ & $-0.047205$ & $-0.00480886$ & $0.0372759$ & $0.230686$ & $0.125516$ & $0.135837$ & $1$ & $0.0328818$ & $-0.0715185$ & $-0.00378993$ & $0.0813292$ & $0.197345$ & $-0.0884017$ & $0.0406061$ & $-0.130051$ & $-0.0160523$ & $-0.0367461$ \\
eHZZpar & $0.0352607$ & $0.0428287$ & $0.0532627$ & $0.0644867$ & $-0.00555096$ & $-0.0142559$ & $-0.0464647$ & $-0.0176799$ & $-0.0227411$ & $-0.016389$ & $0.0304306$ & $-0.0383815$ & $0.0570881$ & $-0.0284974$ & $-0.0178687$ & $0.0141212$ & $-0.0200695$ & $-0.00284315$ & $-0.0314522$ & $-0.0208075$ & $-0.0182012$ & $-0.0311998$ & $-0.0142729$ & $-0.00171664$ & $-0.0213891$ & $3.3046e-05$ & $-0.00843817$ & $0.0199766$ & $-0.0053982$ & $0.0167936$ & $0.0481109$ & $-0.0393368$ & $0.0161948$ & $0.000522415$ & $0.0290181$ & $-0.0947659$ & $-0.00732137$ & $0.0621795$ & $0.0328818$ & $1$ & $0.126475$ & $0.044636$ & $-0.0624047$ & $0.0552994$ & $-0.0116175$ & $-0.0517854$ & $0.097879$ & $0.123331$ & $0.0572157$ \\
eHZgaint & $-0.0312226$ & $-0.0447577$ & $0.0661018$ & $0.0728271$ & $-0.00266707$ & $-0.00262475$ & $-0.0110406$ & $0.0566448$ & $0.0610031$ & $-0.0540203$ & $-0.037183$ & $0.032303$ & $0.00425991$ & $-0.0595929$ & $-0.0136978$ & $-0.0192084$ & $-0.052097$ & $-0.0472475$ & $-0.0415547$ & $0.0470814$ & $0.0443933$ & $0.0246081$ & $0.0197022$ & $-0.0553097$ & $-0.0373414$ & $-0.0558347$ & $0.0596812$ & $-0.0146093$ & $0.0113764$ & $0.0373495$ & $0.0598828$ & $0.00611494$ & $0.067541$ & $0.0332267$ & $0.0796144$ & $0.166765$ & $-0.199021$ & $0.0133584$ & $-0.0715185$ & $0.126475$ & $1$ & $-0.0692451$ & $0.169568$ & $-0.0283779$ & $-0.0858213$ & $-0.0183823$ & $0.173916$ & $0.343679$ & $0.0420317$ \\
eHZgapar & $0.0142816$ & $0.0161138$ & $-0.0422279$ & $0.0189363$ & $0.0112322$ & $-0.0147573$ & $-0.0220622$ & $0.00117606$ & $0.0015928$ & $-0.00783323$ & $0.000666053$ & $-0.00952475$ & $0.0247263$ & $-0.00905985$ & $-0.0194418$ & $-0.0150092$ & $-0.00577046$ & $0.0024206$ & $0.00862718$ & $0.00760121$ & $0.0224888$ & $0.0139126$ & $0.0120116$ & $-0.00512884$ & $-0.00587482$ & $0.000922613$ & $0.00171951$ & $-0.0455218$ & $-0.00226106$ & $0.035414$ & $0.0119118$ & $-0.0192162$ & $-0.00018783$ & $0.00654282$ & $-0.0588873$ & $0.156735$ & $0.0267742$ & $0.0226562$ & $-0.00378993$ & $0.044636$ & $-0.0692451$ & $1$ & $0.0358283$ & $-0.0302625$ & $0.116215$ & $0.0955128$ & $-0.00234788$ & $-0.0185859$ & $-0.108117$ \\
eHgagaint & $0.097722$ & $0.0610349$ & $0.1053$ & $-0.0329419$ & $0.00468576$ & $0.0138582$ & $0.0116782$ & $0.0197038$ & $0.0490196$ & $-0.0261056$ & $-0.00202909$ & $-0.00348097$ & $-0.0089123$ & $-0.0237638$ & $-0.0100228$ & $-0.0235061$ & $-0.036871$ & $-0.0310517$ & $-0.0234315$ & $0.00165997$ & $-0.00115987$ & $0.0222764$ & $0.00176628$ & $-0.0237822$ & $-0.0312388$ & $-0.0219405$ & $0.0137168$ & $-0.0124189$ & $0.00370202$ & $0.009433$ & $-0.00867443$ & $0.0194652$ & $0.00108387$ & $0.0193695$ & $0.150526$ & $0.0991355$ & $-0.125233$ & $0.0287317$ & $0.0813292$ & $-0.0624047$ & $0.169568$ & $0.0358283$ & $1$ & $0.0505278$ & $0.1411$ & $-0.223546$ & $-0.0866692$ & $0.0462837$ & $0.0134201$ \\
eHmumuint & $-0.149917$ & $0.133728$ & $-0.0656924$ & $0.0499428$ & $-0.0331078$ & $0.0156087$ & $-0.0166548$ & $-0.00807161$ & $-0.00746616$ & $-0.0242168$ & $0.0228876$ & $-0.0308595$ & $0.0636225$ & $-0.0394302$ & $0.0125668$ & $-0.0149782$ & $-0.0223745$ & $-0.0185583$ & $-0.0178285$ & $-0.0138466$ & $-0.0222657$ & $-0.0119463$ & $0.013825$ & $-0.0135389$ & $-0.011143$ & $-0.00852384$ & $0.0147842$ & $-0.00471434$ & $0.0173841$ & $0.0472965$ & $0.0954571$ & $0.000814693$ & $0.0312067$ & $0.0143219$ & $-0.0546807$ & $0.0908117$ & $-0.0679352$ & $0.0967156$ & $0.197345$ & $0.0552994$ & $-0.0283779$ & $-0.0302625$ & $0.0505278$ & $1$ & $-0.0622038$ & $0.169603$ & $0.220492$ & $-0.0647501$ & $-0.0288952$ \\
eHtautauint & $-0.111601$ & $0.0316446$ & $-0.208895$ & $0.0175508$ & $0.0269633$ & $0.00846689$ & $0.0296737$ & $-0.0172965$ & $-0.00893887$ & $0.0189135$ & $0.0186909$ & $0.00955807$ & $-0.0115465$ & $-0.00118565$ & $-0.016552$ & $0.0216641$ & $0.0161637$ & $0.00802944$ & $-0.0105286$ & $-0.0106574$ & $-0.0076833$ & $-0.0187112$ & $-0.0303006$ & $0.01341$ & $0.0128577$ & $0.0331653$ & $-0.00279803$ & $-0.0403204$ & $0.027662$ & $0.0248355$ & $-0.0581931$ & $0.0234495$ & $-0.00203387$ & $-0.00488968$ & $-0.0555967$ & $-0.0318041$ & $0.0424738$ & $0.0477818$ & $-0.0884017$ & $-0.0116175$ & $-0.0858213$ & $0.116215$ & $0.1411$ & $-0.0622038$ & $1$ & $0.00668736$ & $-0.247185$ & $-0.189334$ & $0.114116$ \\
eHccint & $-0.0448519$ & $-0.163409$ & $-0.11859$ & $0.0683758$ & $-0.00656103$ & $0.0388721$ & $-0.00778366$ & $0.0115228$ & $0.00736692$ & $-0.00767222$ & $-0.0172826$ & $0.00274085$ & $0.00298039$ & $0.00494765$ & $0.0233622$ & $0.0118384$ & $0.00355743$ & $0.00958917$ & $0.000674075$ & $0.0133634$ & $0.00700941$ & $0.0120743$ & $0.00214684$ & $0.0106088$ & $0.0247304$ & $-0.00775552$ & $0.0231719$ & $0.0236327$ & $0.0237219$ & $0.00635706$ & $0.0792229$ & $-0.0154378$ & $-0.00921759$ & $-0.012054$ & $-0.105492$ & $-0.0752771$ & $0.274949$ & $-0.209532$ & $0.0406061$ & $-0.0517854$ & $-0.0183823$ & $0.0955128$ & $-0.223546$ & $0.169603$ & $0.00668736$ & $1$ & $0.14156$ & $-0.115662$ & $-0.0293339$ \\
eHccpar & $-0.0359094$ & $-0.195327$ & $0.161514$ & $-0.119523$ & $0.00129446$ & $-0.00736163$ & $0.0249107$ & $0.055917$ & $0.0541063$ & $-0.0124371$ & $-0.0684179$ & $0.0297811$ & $-0.00556322$ & $0.0161047$ & $0.0045821$ & $0.0241396$ & $-0.0143728$ & $0.003182$ & $0.00724929$ & $0.0614036$ & $0.043392$ & $0.0196119$ & $0.0207377$ & $-0.0127285$ & $-0.00182508$ & $-0.0534296$ & $0.0185918$ & $0.0282965$ & $0.00517495$ & $0.0219366$ & $0.276899$ & $0.0351623$ & $0.0366081$ & $0.0134277$ & $-0.0547533$ & $-0.0232529$ & $-0.069988$ & $-0.14032$ & $-0.130051$ & $0.097879$ & $0.173916$ & $-0.00234788$ & $-0.0866692$ & $0.220492$ & $-0.247185$ & $0.14156$ & $1$ & $0.25084$ & $-0.0456193$ \\
eHbbint & $-0.0777491$ & $0.0191074$ & $0.19776$ & $-0.320431$ & $-0.0498907$ & $-0.0344223$ & $-0.0522098$ & $0.0490184$ & $0.0510417$ & $-0.0285714$ & $-0.0466441$ & $-0.045463$ & $0.0715835$ & $-0.0340463$ & $-0.0248157$ & $-0.0161976$ & $-0.0219195$ & $-0.00790494$ & $-0.00456116$ & $0.0352548$ & $0.068624$ & $0.0307131$ & $0.0255344$ & $-0.0481733$ & $-0.00842073$ & $-0.0490823$ & $0.0623579$ & $0.0263613$ & $0.00494492$ & $0.0618106$ & $0.0774579$ & $-0.0400459$ & $0.136427$ & $0.0564124$ & $-0.0360773$ & $0.0678882$ & $-0.175851$ & $-0.0907949$ & $-0.0160523$ & $0.123331$ & $0.343679$ & $-0.0185859$ & $0.0462837$ & $-0.0647501$ & $-0.189334$ & $-0.115662$ & $0.25084$ & $1$ & $0.00626013$ \\
eHbbpar & $-0.126384$ & $-0.0374847$ & $0.0754519$ & $0.033321$ & $-0.017625$ & $-0.035544$ & $-0.00257567$ & $-0.0010798$ & $-0.00408776$ & $-0.0150032$ & $0.000582452$ & $-0.0167424$ & $-0.00217993$ & $-0.00366354$ & $0.0181124$ & $-0.0026328$ & $0.0071465$ & $6.40774e-05$ & $0.00904799$ & $-0.00802035$ & $-0.0285491$ & $-0.0186428$ & $0.0436815$ & $0.0180694$ & $0.0195905$ & $-0.0125838$ & $0.00899495$ & $-0.01541$ & $0.0225807$ & $-0.044936$ & $-0.0418719$ & $-0.0152833$ & $0.194538$ & $-0.00439139$ & $-0.0874541$ & $-0.0843458$ & $0.190455$ & $0.103593$ & $-0.0367461$ & $0.0572157$ & $0.0420317$ & $-0.108117$ & $0.0134201$ & $-0.0288952$ & $0.114116$ & $-0.0293339$ & $-0.0456193$ & $0.00626013$ & $1$ \\
