 & AlsMz & dAle5Mz & mtop & mHl & Mz & CW & CHG & CHWB & CHWHB_gaga & CHWHB_gagaorth & CHD & CHbox & CH & CHL1_11 & CHL1_22 & CHL1_33 & CHL3_11 & CHL3_22 & CHL3_33 & CHe_11 & CHe_22 & CHe_33 & CHQ1_11 & CHQ1_33 & CHQ3_11 & CHu_11 & CHd_11 & CHd_33 & CeH_22r & CeH_33r & CuH_22r & CuH_33r & CdH_33r & CLL_1221 & eHggint & eHggpar & eHWWint & eHWWpar & eHZZint & eHZZpar & eHZgaint & eHZgapar & eHgagaint & eHmumuint & eHtautauint & eHccint & eHccpar & eHbbint & eHbbpar \\
AlsMz & $1$ & $-0.63141$ & $-0.192139$ & $-0.0668488$ & $0.0362887$ & $0.0579051$ & $0.00996417$ & $0.0154194$ & $0.0234962$ & $0.00492428$ & $-0.0252579$ & $-0.0131234$ & $-0.00745647$ & $0.029793$ & $0.0360205$ & $0.031414$ & $0.00212753$ & $-0.00496952$ & $-0.003394$ & $0.0167849$ & $0.00683608$ & $0.00531311$ & $-0.0172386$ & $-0.0140424$ & $-0.0596128$ & $-0.0391498$ & $-0.0519316$ & $0.0450996$ & $0.00949274$ & $-0.0526635$ & $-0.156865$ & $-0.00470283$ & $-0.152144$ & $-0.0445597$ & $-0.25826$ & $-0.0322076$ & $0.385101$ & $0.0604931$ & $0.0277076$ & $0.153707$ & $0.137653$ & $-0.0313559$ & $0.249683$ & $0.309604$ & $-0.600348$ & $-0.294407$ & $-0.317246$ & $0.334548$ & $-0.712765$ \\
dAle5Mz & $-0.63141$ & $1$ & $-0.0128089$ & $0.327421$ & $0.00483652$ & $-0.0194702$ & $-0.046575$ & $-0.039701$ & $-0.0603124$ & $0.0315286$ & $0.0516174$ & $0.110713$ & $0.0695556$ & $-0.0436176$ & $-0.000265658$ & $-0.0128842$ & $-0.0291137$ & $-0.0285133$ & $-0.0205149$ & $-0.0361137$ & $-0.0371968$ & $-0.034363$ & $0.0026139$ & $-0.00508068$ & $0.00220545$ & $0.0357369$ & $-0.0161807$ & $-0.100555$ & $-0.00759283$ & $0.0367665$ & $0.0903486$ & $-0.0229895$ & $0.115217$ & $0.00113588$ & $0.427352$ & $0.234554$ & $-0.17029$ & $-0.100264$ & $-0.141764$ & $-0.153281$ & $0.00970896$ & $0.0928912$ & $-0.504858$ & $-0.449698$ & $0.487725$ & $-0.066141$ & $0.154648$ & $-0.328385$ & $0.451474$ \\
mtop & $-0.192139$ & $-0.0128089$ & $1$ & $-0.215094$ & $-0.0205034$ & $0.00382539$ & $-0.0592253$ & $0.0301881$ & $0.0208796$ & $-0.0528578$ & $-0.00992277$ & $-0.0222186$ & $-0.0112021$ & $-0.0231696$ & $0.0554386$ & $0.0317963$ & $-0.041367$ & $-0.0644954$ & $-0.0489975$ & $0.0180911$ & $0.0101493$ & $0.0119232$ & $-0.0156838$ & $-0.0397963$ & $-0.041999$ & $0.0055139$ & $-0.0253958$ & $-0.043574$ & $-0.00564551$ & $-0.00279334$ & $0.0455475$ & $-0.0346144$ & $0.0406526$ & $-0.020161$ & $0.240112$ & $0.416833$ & $0.0683976$ & $0.00313407$ & $0.013018$ & $-0.117501$ & $0.120382$ & $0.100611$ & $-0.0500262$ & $-0.157114$ & $0.160781$ & $0.0436471$ & $0.302935$ & $0.06643$ & $0.337938$ \\
mHl & $-0.0668488$ & $0.327421$ & $-0.215094$ & $1$ & $-0.000256812$ & $-0.0229622$ & $0.00445336$ & $-0.229419$ & $-0.235695$ & $0.172815$ & $0.160797$ & $0.0334364$ & $-0.0751495$ & $0.0552548$ & $0.0115807$ & $0.0406955$ & $0.125407$ & $0.127936$ & $0.106188$ & $-0.143432$ & $-0.175349$ & $-0.178758$ & $-0.0528328$ & $0.19458$ & $0.0421769$ & $0.0600606$ & $-0.304774$ & $-0.118811$ & $0.0595672$ & $0.0204412$ & $-0.0566656$ & $0.00861405$ & $-0.0365585$ & $-0.191996$ & $-0.198219$ & $0.180839$ & $-0.0719404$ & $-0.0444367$ & $-0.0838287$ & $-0.157173$ & $0.145399$ & $0.0526794$ & $-0.31618$ & $0.0365379$ & $0.0650323$ & $-0.551718$ & $-0.17649$ & $-0.407562$ & $-0.310946$ \\
Mz & $0.0362887$ & $0.00483652$ & $-0.0205034$ & $-0.000256812$ & $1$ & $0.0341887$ & $0.011373$ & $0.0146933$ & $0.0147664$ & $-0.011012$ & $-0.00180871$ & $0.0107738$ & $0.0228516$ & $0.0128746$ & $0.00840685$ & $-0.000468131$ & $-0.0212413$ & $-0.0145844$ & $-0.00753295$ & $0.00862675$ & $0.00947292$ & $0.0137942$ & $0.00689203$ & $-0.0226361$ & $-0.01774$ & $-0.0132288$ & $0.000269696$ & $0.00638746$ & $-0.00204284$ & $-0.00310289$ & $-0.00109926$ & $0.00885706$ & $0.00919156$ & $-0.00104822$ & $-0.0181493$ & $-0.00195251$ & $0.0106911$ & $-0.0351286$ & $-0.000373008$ & $0.0168353$ & $-0.0111474$ & $0.0112895$ & $-0.00197475$ & $-0.00715624$ & $-0.00943088$ & $-0.0239231$ & $0.013591$ & $-0.00401769$ & $-0.0507144$ \\
CW & $0.0579051$ & $-0.0194702$ & $0.00382539$ & $-0.0229622$ & $0.0341887$ & $1$ & $-0.0103105$ & $-0.0672822$ & $-0.0607537$ & $-0.0365191$ & $0.131512$ & $0.0443657$ & $0.0361295$ & $0.0302725$ & $-0.0680983$ & $-0.0687411$ & $-0.27363$ & $-0.0676036$ & $-0.0689052$ & $-0.13124$ & $-0.130963$ & $-0.134772$ & $0.0192116$ & $-0.0380247$ & $-0.107371$ & $0.0670961$ & $-0.0505713$ & $-0.0246694$ & $-0.0226967$ & $0.0171739$ & $0.0197963$ & $0.00526373$ & $0.0346764$ & $-0.0904395$ & $-0.0223885$ & $0.0660999$ & $0.0674714$ & $-0.00960232$ & $-0.00916244$ & $-0.0141392$ & $-0.0136479$ & $0.00766785$ & $-0.000354845$ & $0.0307221$ & $0.0268088$ & $-0.0675252$ & $-0.0272551$ & $-0.0165947$ & $-0.0128258$ \\
CHG & $0.00996417$ & $-0.046575$ & $-0.0592253$ & $0.00445336$ & $0.011373$ & $-0.0103105$ & $1$ & $-0.0151226$ & $0.0316984$ & $0.0160925$ & $-0.0344649$ & $-0.266638$ & $-0.292989$ & $0.100345$ & $-0.0282691$ & $-0.0430245$ & $0.105984$ & $0.107963$ & $0.122071$ & $0.030941$ & $0.0376145$ & $0.0318322$ & $0.0100564$ & $0.0705554$ & $0.136859$ & $-0.00648881$ & $0.0737083$ & $0.0321543$ & $-0.0180721$ & $-0.163584$ & $-0.132327$ & $0.933712$ & $-0.221404$ & $0.00732493$ & $-0.0786384$ & $-0.0154676$ & $-0.00374942$ & $0.0641843$ & $0.0160918$ & $0.123723$ & $0.0175024$ & $-0.0366853$ & $0.102851$ & $0.104562$ & $-0.0183342$ & $-0.00822191$ & $0.000544202$ & $-0.026611$ & $0.0159572$ \\
CHWB & $0.0154194$ & $-0.039701$ & $0.0301881$ & $-0.229419$ & $0.0146933$ & $-0.0672822$ & $-0.0151226$ & $1$ & $0.986666$ & $-0.577976$ & $-0.890949$ & $0.0424986$ & $0.337509$ & $0.127176$ & $0.312665$ & $0.288561$ & $-0.261359$ & $-0.439332$ & $-0.435857$ & $0.86641$ & $0.906502$ & $0.888549$ & $0.059822$ & $-0.695675$ & $-0.418433$ & $-0.530959$ & $0.467772$ & $0.336548$ & $-0.00361329$ & $0.093978$ & $0.0929154$ & $-0.0200897$ & $0.0972613$ & $0.58389$ & $-0.0223601$ & $-0.032421$ & $0.149733$ & $-0.0190687$ & $0.133596$ & $0.0505522$ & $-0.0792452$ & $-0.0026067$ & $0.114703$ & $-0.0614178$ & $-0.0596535$ & $0.15085$ & $0.122108$ & $0.0684843$ & $0.0337091$ \\
CHWHB_gaga & $0.0234962$ & $-0.0603124$ & $0.0208796$ & $-0.235695$ & $0.0147664$ & $-0.0607537$ & $0.0316984$ & $0.986666$ & $1$ & $-0.566338$ & $-0.879411$ & $0.0525366$ & $0.333542$ & $0.125384$ & $0.303678$ & $0.280798$ & $-0.256872$ & $-0.429893$ & $-0.426932$ & $0.855015$ & $0.895183$ & $0.87696$ & $0.0621965$ & $-0.684297$ & $-0.409253$ & $-0.524817$ & $0.467922$ & $0.337707$ & $-0.000765814$ & $0.110127$ & $0.0957704$ & $0.0185551$ & $0.114707$ & $0.578969$ & $-0.0334085$ & $-0.0466412$ & $0.148038$ & $-0.0108322$ & $0.13668$ & $0.0579911$ & $-0.0924625$ & $-0.00977276$ & $0.148777$ & $-0.0386629$ & $-0.0679718$ & $0.162726$ & $0.108711$ & $0.0798399$ & $0.0294403$ \\
CHWHB_gagaorth & $0.00492428$ & $0.0315286$ & $-0.0528578$ & $0.172815$ & $-0.011012$ & $-0.0365191$ & $0.0160925$ & $-0.577976$ & $-0.566338$ & $1$ & $0.372322$ & $0.248789$ & $-0.247065$ & $0.204126$ & $-0.149711$ & $-0.134793$ & $0.459742$ & $0.498983$ & $0.498707$ & $-0.361537$ & $-0.386414$ & $-0.378533$ & $-0.0646105$ & $0.575907$ & $0.496494$ & $0.246176$ & $-0.25086$ & $-0.131104$ & $-0.0179799$ & $-0.117649$ & $-0.0986418$ & $0.0452623$ & $-0.130647$ & $-0.346651$ & $0.0289616$ & $0.0369711$ & $-0.0814626$ & $-0.0122758$ & $-0.090371$ & $-0.0284536$ & $-0.00499504$ & $-0.0154027$ & $-0.0116099$ & $0.104236$ & $-0.0269043$ & $-0.0854089$ & $-0.0967642$ & $-0.0305252$ & $-0.0275154$ \\
CHD & $-0.0252579$ & $0.0516174$ & $-0.00992277$ & $0.160797$ & $-0.00180871$ & $0.131512$ & $-0.0344649$ & $-0.890949$ & $-0.879411$ & $0.372322$ & $1$ & $0.104046$ & $-0.154729$ & $-0.517125$ & $-0.407342$ & $-0.397016$ & $-0.171803$ & $0.0877294$ & $0.0904613$ & $-0.991232$ & $-0.992108$ & $-0.971809$ & $0.00469876$ & $0.357555$ & $0.0461449$ & $0.56142$ & $-0.360571$ & $-0.36692$ & $0.0168658$ & $-0.0482955$ & $-0.0412669$ & $-0.0235799$ & $-0.0495399$ & $-0.421049$ & $0.0277532$ & $0.00276411$ & $-0.102596$ & $0.0518221$ & $-0.119952$ & $-0.0479595$ & $0.0899682$ & $0.0135429$ & $-0.113507$ & $0.0139798$ & $0.103831$ & $-0.111137$ & $-0.0774423$ & $-0.0593901$ & $-0.0328406$ \\
CHbox & $-0.0131234$ & $0.110713$ & $-0.0222186$ & $0.0334364$ & $0.0107738$ & $0.0443657$ & $-0.266638$ & $0.0424986$ & $0.0525366$ & $0.248789$ & $0.104046$ & $1$ & $0.745118$ & $-0.312278$ & $0.0440215$ & $0.0328434$ & $-0.308004$ & $-0.30324$ & $-0.306781$ & $-0.090422$ & $-0.103824$ & $-0.108056$ & $0.013894$ & $-0.192905$ & $-0.311509$ & $0.0319458$ & $-0.0630372$ & $-0.0564008$ & $0.0731225$ & $0.340099$ & $0.11807$ & $-0.179362$ & $0.433967$ & $-9.90251e-06$ & $0.0243897$ & $0.0343699$ & $-0.0222531$ & $-0.0121559$ & $-0.0654569$ & $-0.0624356$ & $0.0212178$ & $0.0439986$ & $-0.0913315$ & $-0.0619488$ & $0.0482508$ & $-0.0527995$ & $-0.012924$ & $-0.0227024$ & $-0.0314236$ \\
CH & $-0.00745647$ & $0.0695556$ & $-0.0112021$ & $-0.0751495$ & $0.0228516$ & $0.0361295$ & $-0.292989$ & $0.337509$ & $0.333542$ & $-0.247065$ & $-0.154729$ & $0.745118$ & $1$ & $-0.259572$ & $0.100561$ & $0.102634$ & $-0.39847$ & $-0.416989$ & $-0.431607$ & $0.153666$ & $0.162571$ & $0.15467$ & $0.0344068$ & $-0.403563$ & $-0.436639$ & $-0.121255$ & $0.0890802$ & $0.0423632$ & $0.0576763$ & $0.274225$ & $0.13438$ & $-0.245981$ & $0.357521$ & $0.19496$ & $0.0114604$ & $-0.00284953$ & $0.031431$ & $-0.0353327$ & $-0.0232645$ & $-0.0399191$ & $-0.00698031$ & $0.0441577$ & $-0.0481691$ & $-0.0988866$ & $0.0456854$ & $0.0174078$ & $0.0304478$ & $0.0235694$ & $-0.0248708$ \\
CHL1_11 & $0.029793$ & $-0.0436176$ & $-0.0231696$ & $0.0552548$ & $0.0128746$ & $0.0302725$ & $0.100345$ & $0.127176$ & $0.125384$ & $0.204126$ & $-0.517125$ & $-0.312278$ & $-0.259572$ & $1$ & $0.234041$ & $0.257638$ & $0.63766$ & $0.586129$ & $0.573981$ & $0.532365$ & $0.481114$ & $0.468081$ & $-0.09997$ & $0.427798$ & $0.590583$ & $-0.246193$ & $-0.0481029$ & $0.178393$ & $-0.0380381$ & $-0.0810484$ & $-0.0836061$ & $0.0840494$ & $-0.0805161$ & $-0.148183$ & $-0.0325541$ & $0.0616172$ & $-0.0107063$ & $-0.0699296$ & $0.011649$ & $0.00689047$ & $-0.0462778$ & $-0.0246721$ & $0.0390745$ & $0.0823765$ & $-0.0990822$ & $-0.0424379$ & $-0.0672804$ & $0.00774437$ & $0.00960706$ \\
CHL1_22 & $0.0360205$ & $-0.000265658$ & $0.0554386$ & $0.0115807$ & $0.00840685$ & $-0.0680983$ & $-0.0282691$ & $0.312665$ & $0.303678$ & $-0.149711$ & $-0.407342$ & $0.0440215$ & $0.100561$ & $0.234041$ & $1$ & $0.379092$ & $0.106553$ & $-0.48243$ & $-0.037777$ & $0.470433$ & $0.331204$ & $0.323181$ & $-0.176026$ & $0.0323473$ & $-0.134039$ & $-0.174713$ & $-0.321364$ & $0.114075$ & $0.0217242$ & $0.0454744$ & $-0.00993554$ & $-0.027567$ & $0.034235$ & $-0.55888$ & $-0.00775886$ & $0.11486$ & $-0.0560818$ & $-0.0562892$ & $0.020647$ & $-0.0344256$ & $0.0521869$ & $-0.00503718$ & $-0.0454583$ & $-0.00353604$ & $-0.0113398$ & $-0.105595$ & $-0.0721221$ & $0.0179597$ & $0.0112831$ \\
CHL1_33 & $0.031414$ & $-0.0128842$ & $0.0317963$ & $0.0406955$ & $-0.000468131$ & $-0.0687411$ & $-0.0430245$ & $0.288561$ & $0.280798$ & $-0.134793$ & $-0.397016$ & $0.0328434$ & $0.102634$ & $0.257638$ & $0.379092$ & $1$ & $0.140837$ & $0.00131266$ & $-0.454513$ & $0.456415$ & $0.322711$ & $0.337012$ & $-0.195184$ & $0.0637741$ & $-0.105252$ & $-0.156058$ & $-0.332004$ & $0.110661$ & $0.0328536$ & $0.0348575$ & $-0.0344302$ & $-0.0528486$ & $0.0404335$ & $-0.0308363$ & $-0.0390831$ & $0.0925519$ & $-0.0773883$ & $-0.0299672$ & $0.0274211$ & $0.00784316$ & $0.031652$ & $0.0255114$ & $-0.0630909$ & $-0.000688232$ & $-0.0266213$ & $-0.126954$ & $-0.0568247$ & $-0.000858632$ & $-0.00140036$ \\
CHL3_11 & $0.00212753$ & $-0.0291137$ & $-0.041367$ & $0.125407$ & $-0.0212413$ & $-0.27363$ & $0.105984$ & $-0.261359$ & $-0.256872$ & $0.459742$ & $-0.171803$ & $-0.308004$ & $-0.39847$ & $0.63766$ & $0.106553$ & $0.140837$ & $1$ & $0.74972$ & $0.734684$ & $0.190476$ & $0.140662$ & $0.138486$ & $-0.0984979$ & $0.681415$ & $0.803014$ & $-0.0444412$ & $-0.13961$ & $0.0540145$ & $-0.0293825$ & $-0.0827777$ & $-0.088766$ & $0.096539$ & $-0.0909201$ & $-0.221352$ & $0.00259277$ & $0.0271636$ & $-0.108169$ & $-0.0612706$ & $-0.0220159$ & $0.00264026$ & $-0.040664$ & $-0.0223235$ & $0.0154781$ & $0.0966824$ & $-0.0920856$ & $-0.0346428$ & $-0.0490761$ & $-0.0218025$ & $0.00571186$ \\
CHL3_22 & $-0.00496952$ & $-0.0285133$ & $-0.0644954$ & $0.127936$ & $-0.0145844$ & $-0.0676036$ & $0.107963$ & $-0.439332$ & $-0.429893$ & $0.498983$ & $0.0877294$ & $-0.30324$ & $-0.416989$ & $0.586129$ & $-0.48243$ & $0.00131266$ & $0.74972$ & $1$ & $0.655766$ & $-0.0926012$ & $-0.0847493$ & $-0.0813995$ & $-0.0194316$ & $0.644036$ & $0.792721$ & $0.0757081$ & $-0.0309881$ & $-0.0273376$ & $-0.037523$ & $-0.11704$ & $-0.0956704$ & $0.0958341$ & $-0.112877$ & $0.0443504$ & $-0.00880264$ & $-0.0116$ & $-0.0627078$ & $-0.0218245$ & $-0.0412488$ & $0.017912$ & $-0.0467641$ & $-0.0136015$ & $0.0215836$ & $0.0941824$ & $-0.0725614$ & $-0.0174804$ & $-0.0411643$ & $-0.0314554$ & $-0.00742815$ \\
CHL3_33 & $-0.003394$ & $-0.0205149$ & $-0.0489975$ & $0.106188$ & $-0.00753295$ & $-0.0689052$ & $0.122071$ & $-0.435857$ & $-0.426932$ & $0.498707$ & $0.0904613$ & $-0.306781$ & $-0.431607$ & $0.573981$ & $-0.037777$ & $-0.454513$ & $0.734684$ & $0.655766$ & $1$ & $-0.094085$ & $-0.0861268$ & $-0.0791964$ & $-0.000270766$ & $0.63046$ & $0.792385$ & $0.06755$ & $-0.0121165$ & $-0.0270873$ & $-0.0532365$ & $-0.113977$ & $-0.0785962$ & $0.118573$ & $-0.124205$ & $-0.350288$ & $0.012514$ & $0.000575676$ & $-0.0497255$ & $-0.0443356$ & $-0.0480231$ & $-0.0164386$ & $-0.0407806$ & $-0.0380077$ & $0.0385433$ & $0.0988113$ & $-0.062121$ & $0.0117423$ & $-0.0558989$ & $-0.014054$ & $-0.000931172$ \\
CHe_11 & $0.0167849$ & $-0.0361137$ & $0.0180911$ & $-0.143432$ & $0.00862675$ & $-0.13124$ & $0.030941$ & $0.86641$ & $0.855015$ & $-0.361537$ & $-0.991232$ & $-0.090422$ & $0.153666$ & $0.532365$ & $0.470433$ & $0.456415$ & $0.190476$ & $-0.0926012$ & $-0.094085$ & $1$ & $0.975219$ & $0.955327$ & $-0.0303876$ & $-0.311114$ & $-0.0376503$ & $-0.547812$ & $0.293141$ & $0.358281$ & $-0.012547$ & $0.0484426$ & $0.0350761$ & $0.0204081$ & $0.0517991$ & $0.347124$ & $-0.0219038$ & $0.0170015$ & $0.0846815$ & $-0.0567412$ & $0.112626$ & $0.041132$ & $-0.0786483$ & $-0.00960266$ & $0.0943456$ & $-0.0200592$ & $-0.0944737$ & $0.0902502$ & $0.0656121$ & $0.0545489$ & $0.041169$ \\
CHe_22 & $0.00683608$ & $-0.0371968$ & $0.0101493$ & $-0.175349$ & $0.00947292$ & $-0.130963$ & $0.0376145$ & $0.906502$ & $0.895183$ & $-0.386414$ & $-0.992108$ & $-0.103824$ & $0.162571$ & $0.481114$ & $0.331204$ & $0.322711$ & $0.140662$ & $-0.0847493$ & $-0.0861268$ & $0.975219$ & $1$ & $0.976019$ & $0.0241267$ & $-0.405875$ & $-0.0562984$ & $-0.567418$ & $0.431904$ & $0.368719$ & $-0.0214735$ & $0.049759$ & $0.0525178$ & $0.0278343$ & $0.0529622$ & $0.49765$ & $-0.0176529$ & $-0.0152473$ & $0.116068$ & $-0.0489444$ & $0.121861$ & $0.0481463$ & $-0.101162$ & $-0.0120838$ & $0.120142$ & $-0.0253554$ & $-0.0942626$ & $0.13817$ & $0.0980814$ & $0.0586737$ & $0.045203$ \\
CHe_33 & $0.00531311$ & $-0.034363$ & $0.0119232$ & $-0.178758$ & $0.0137942$ & $-0.134772$ & $0.0318322$ & $0.888549$ & $0.87696$ & $-0.378533$ & $-0.971809$ & $-0.108056$ & $0.15467$ & $0.468081$ & $0.323181$ & $0.337012$ & $0.138486$ & $-0.0813995$ & $-0.0791964$ & $0.955327$ & $0.976019$ & $1$ & $0.0232987$ & $-0.399276$ & $-0.0505203$ & $-0.552051$ & $0.42938$ & $0.361085$ & $-0.0240517$ & $0.0452671$ & $0.0529925$ & $0.0216867$ & $0.0460536$ & $0.492414$ & $-0.017351$ & $-0.0172473$ & $0.111956$ & $-0.0479536$ & $0.120508$ & $0.0474533$ & $-0.104056$ & $-0.0137873$ & $0.116044$ & $-0.0264035$ & $-0.0909994$ & $0.146451$ & $0.0979241$ & $0.06101$ & $0.0460716$ \\
CHQ1_11 & $-0.0172386$ & $0.0026139$ & $-0.0156838$ & $-0.0528328$ & $0.00689203$ & $0.0192116$ & $0.0100564$ & $0.059822$ & $0.0621965$ & $-0.0646105$ & $0.00469876$ & $0.013894$ & $0.0344068$ & $-0.09997$ & $-0.176026$ & $-0.195184$ & $-0.0984979$ & $-0.0194316$ & $-0.000270766$ & $-0.0303876$ & $0.0241267$ & $0.0232987$ & $1$ & $-0.135185$ & $0.037049$ & $-0.672448$ & $0.338699$ & $0.0388706$ & $0.00887839$ & $0.0317282$ & $0.0318223$ & $0.0188842$ & $0.0244144$ & $0.193947$ & $0.0276647$ & $-0.0368834$ & $0.0696107$ & $0.0336831$ & $0.0114574$ & $0.0290565$ & $-0.0479868$ & $0.0224422$ & $0.0660038$ & $-0.0809829$ & $-0.0286837$ & $0.111322$ & $0.115724$ & $0.00629911$ & $0.025882$ \\
CHQ1_33 & $-0.0140424$ & $-0.00508068$ & $-0.0397963$ & $0.19458$ & $-0.0226361$ & $-0.0380247$ & $0.0705554$ & $-0.695675$ & $-0.684297$ & $0.575907$ & $0.357555$ & $-0.192905$ & $-0.403563$ & $0.427798$ & $0.0323473$ & $0.0637741$ & $0.681415$ & $0.644036$ & $0.63046$ & $-0.311114$ & $-0.405875$ & $-0.399276$ & $-0.135185$ & $1$ & $0.670532$ & $0.258651$ & $-0.415199$ & $-0.0453693$ & $-0.0117298$ & $-0.106676$ & $-0.122024$ & $0.0636054$ & $-0.114659$ & $-0.60426$ & $0.00274849$ & $0.0425901$ & $-0.151436$ & $-0.0505756$ & $-0.0840544$ & $-0.0169394$ & $0.00551195$ & $-0.0143422$ & $-0.0348458$ & $0.12902$ & $-0.0289276$ & $-0.104016$ & $-0.141444$ & $-0.0271188$ & $-0.00777605$ \\
CHQ3_11 & $-0.0596128$ & $0.00220545$ & $-0.041999$ & $0.0421769$ & $-0.01774$ & $-0.107371$ & $0.136859$ & $-0.418433$ & $-0.409253$ & $0.496494$ & $0.0461449$ & $-0.311509$ & $-0.436639$ & $0.590583$ & $-0.134039$ & $-0.105252$ & $0.803014$ & $0.792721$ & $0.792385$ & $-0.0376503$ & $-0.0562984$ & $-0.0505203$ & $0.037049$ & $0.670532$ & $1$ & $0.0695648$ & $0.167332$ & $-0.00374556$ & $-0.0562434$ & $-0.116395$ & $-0.0676202$ & $0.126062$ & $-0.118493$ & $-0.221356$ & $0.045982$ & $-0.0364374$ & $-0.0417931$ & $-0.0597779$ & $-0.0358375$ & $0.0134804$ & $-0.102278$ & $-0.0298302$ & $0.0385914$ & $0.0724133$ & $-0.0632267$ & $0.0940196$ & $0.0343873$ & $-0.0267998$ & $0.0601953$ \\
CHu_11 & $-0.0391498$ & $0.0357369$ & $0.0055139$ & $0.0600606$ & $-0.0132288$ & $0.0670961$ & $-0.00648881$ & $-0.530959$ & $-0.524817$ & $0.246176$ & $0.56142$ & $0.0319458$ & $-0.121255$ & $-0.246193$ & $-0.174713$ & $-0.156058$ & $-0.0444412$ & $0.0757081$ & $0.06755$ & $-0.547812$ & $-0.567418$ & $-0.552051$ & $-0.672448$ & $0.258651$ & $0.0695648$ & $1$ & $-0.229695$ & $-0.24307$ & $-0.0146608$ & $-0.0522348$ & $-0.0161536$ & $-0.00931964$ & $-0.0454609$ & $-0.305181$ & $0.0254346$ & $-0.0285368$ & $-0.0928005$ & $0.00239226$ & $-0.0489871$ & $-0.0317445$ & $0.043016$ & $-0.0144636$ & $-0.080226$ & $0.0436748$ & $0.0806864$ & $-0.0517958$ & $-0.0474754$ & $-0.0380836$ & $0.00378235$ \\
CHd_11 & $-0.0519316$ & $-0.0161807$ & $-0.0253958$ & $-0.304774$ & $0.000269696$ & $-0.0505713$ & $0.0737083$ & $0.467772$ & $0.467922$ & $-0.25086$ & $-0.360571$ & $-0.0630372$ & $0.0890802$ & $-0.0481029$ & $-0.321364$ & $-0.332004$ & $-0.13961$ & $-0.0309881$ & $-0.0121165$ & $0.293141$ & $0.431904$ & $0.42938$ & $0.338699$ & $-0.415199$ & $0.167332$ & $-0.229695$ & $1$ & $0.173523$ & $-0.0578893$ & $0.0155887$ & $0.105999$ & $0.068023$ & $0.0136568$ & $0.666831$ & $0.0610024$ & $-0.191593$ & $0.214387$ & $-0.0163923$ & $0.101107$ & $0.0875548$ & $-0.197037$ & $-0.0219319$ & $0.188578$ & $-0.0486316$ & $-0.0690661$ & $0.376879$ & $0.260556$ & $0.0585483$ & $0.0747298$ \\
CHd_33 & $0.0450996$ & $-0.100555$ & $-0.043574$ & $-0.118811$ & $0.00638746$ & $-0.0246694$ & $0.0321543$ & $0.336548$ & $0.337707$ & $-0.131104$ & $-0.36692$ & $-0.0564008$ & $0.0423632$ & $0.178393$ & $0.114075$ & $0.110661$ & $0.0540145$ & $-0.0273376$ & $-0.0270873$ & $0.358281$ & $0.368719$ & $0.361085$ & $0.0388706$ & $-0.0453693$ & $-0.00374556$ & $-0.24307$ & $0.173523$ & $1$ & $-0.00481041$ & $0.000894999$ & $0.0230877$ & $0.0285661$ & $0.00675489$ & $0.190534$ & $-0.0662194$ & $0.0125112$ & $0.0971783$ & $-0.00839591$ & $0.00718802$ & $0.0674209$ & $-0.11257$ & $-0.0340398$ & $0.149308$ & $0.0879613$ & $-0.0928244$ & $0.124073$ & $-0.0185358$ & $0.102043$ & $-0.0155656$ \\
CeH_22r & $0.00949274$ & $-0.00759283$ & $-0.00564551$ & $0.0595672$ & $-0.00204284$ & $-0.0226967$ & $-0.0180721$ & $-0.00361329$ & $-0.000765814$ & $-0.0179799$ & $0.0168658$ & $0.0731225$ & $0.0576763$ & $-0.0380381$ & $0.0217242$ & $0.0328536$ & $-0.0293825$ & $-0.037523$ & $-0.0532365$ & $-0.012547$ & $-0.0214735$ & $-0.0240517$ & $0.00887839$ & $-0.0117298$ & $-0.0562434$ & $-0.0146608$ & $-0.0578893$ & $-0.00481041$ & $1$ & $0.0494132$ & $0.0555775$ & $-0.0253942$ & $0.0773694$ & $-0.0198044$ & $-0.049131$ & $0.0371107$ & $0.019694$ & $0.0594377$ & $-0.047518$ & $-0.0216263$ & $0.0300415$ & $0.060832$ & $-0.0344514$ & $0.00012323$ & $0.0315905$ & $-0.0485406$ & $-0.0321608$ & $-0.0446217$ & $-0.022532$ \\
CeH_33r & $-0.0526635$ & $0.0367665$ & $-0.00279334$ & $0.0204412$ & $-0.00310289$ & $0.0171739$ & $-0.163584$ & $0.093978$ & $0.110127$ & $-0.117649$ & $-0.0482955$ & $0.340099$ & $0.274225$ & $-0.0810484$ & $0.0454744$ & $0.0348575$ & $-0.0827777$ & $-0.11704$ & $-0.113977$ & $0.0484426$ & $0.049759$ & $0.0452671$ & $0.0317282$ & $-0.106676$ & $-0.116395$ & $-0.0522348$ & $0.0155887$ & $0.000894999$ & $0.0494132$ & $1$ & $0.318108$ & $-0.00836434$ & $0.719102$ & $0.0521325$ & $-0.0542692$ & $0.000765669$ & $-0.0864872$ & $-0.0501073$ & $-0.00453931$ & $-0.0519732$ & $-0.00229866$ & $0.0010836$ & $-0.0702424$ & $0.0262283$ & $0.0604648$ & $0.0284793$ & $-0.00439951$ & $-0.046259$ & $-0.00863879$ \\
CuH_22r & $-0.156865$ & $0.0903486$ & $0.0455475$ & $-0.0566656$ & $-0.00109926$ & $0.0197963$ & $-0.132327$ & $0.0929154$ & $0.0957704$ & $-0.0986418$ & $-0.0412669$ & $0.11807$ & $0.13438$ & $-0.0836061$ & $-0.00993554$ & $-0.0344302$ & $-0.088766$ & $-0.0956704$ & $-0.0785962$ & $0.0350761$ & $0.0525178$ & $0.0529925$ & $0.0318223$ & $-0.122024$ & $-0.0676202$ & $-0.0161536$ & $0.105999$ & $0.0230877$ & $0.0555775$ & $0.318108$ & $1$ & $-0.0363234$ & $0.411906$ & $0.0954729$ & $0.0888971$ & $-0.029855$ & $-0.085113$ & $-0.0168527$ & $-0.0153885$ & $-0.0782747$ & $-0.0922974$ & $0.0183782$ & $-0.0431576$ & $-0.0610275$ & $0.0883765$ & $0.10541$ & $0.186048$ & $-0.0855732$ & $0.0911$ \\
CuH_33r & $-0.00470283$ & $-0.0229895$ & $-0.0346144$ & $0.00861405$ & $0.00885706$ & $0.00526373$ & $0.933712$ & $-0.0200897$ & $0.0185551$ & $0.0452623$ & $-0.0235799$ & $-0.179362$ & $-0.245981$ & $0.0840494$ & $-0.027567$ & $-0.0528486$ & $0.096539$ & $0.0958341$ & $0.118573$ & $0.0204081$ & $0.0278343$ & $0.0216867$ & $0.0188842$ & $0.0636054$ & $0.126062$ & $-0.00931964$ & $0.068023$ & $0.0285661$ & $-0.0253942$ & $-0.00836434$ & $-0.0363234$ & $1$ & $-0.010766$ & $0.00386401$ & $-0.0601155$ & $0.0128427$ & $-0.0305699$ & $0.0428267$ & $0.00661195$ & $0.113864$ & $0.0146242$ & $-0.0438036$ & $0.101325$ & $0.11976$ & $0.00200304$ & $-0.00485808$ & $0.0105399$ & $-0.0375113$ & $0.0357968$ \\
CdH_33r & $-0.152144$ & $0.115217$ & $0.0406526$ & $-0.0365585$ & $0.00919156$ & $0.0346764$ & $-0.221404$ & $0.0972613$ & $0.114707$ & $-0.130647$ & $-0.0495399$ & $0.433967$ & $0.357521$ & $-0.0805161$ & $0.034235$ & $0.0404335$ & $-0.0909201$ & $-0.112877$ & $-0.124205$ & $0.0517991$ & $0.0529622$ & $0.0460536$ & $0.0244144$ & $-0.114659$ & $-0.118493$ & $-0.0454609$ & $0.0136568$ & $0.00675489$ & $0.0773694$ & $0.719102$ & $0.411906$ & $-0.010766$ & $1$ & $0.064555$ & $0.024382$ & $0.0233604$ & $-0.139719$ & $-0.0513976$ & $-0.00111388$ & $-0.0847462$ & $-0.0254489$ & $-0.00637152$ & $-0.0633859$ & $-0.0382266$ & $0.110061$ & $0.0793697$ & $0.0303144$ & $-0.0245059$ & $0.142931$ \\
CLL_1221 & $-0.0445597$ & $0.00113588$ & $-0.020161$ & $-0.191996$ & $-0.00104822$ & $-0.0904395$ & $0.00732493$ & $0.58389$ & $0.578969$ & $-0.346651$ & $-0.421049$ & $-9.90251e-06$ & $0.19496$ & $-0.148183$ & $-0.55888$ & $-0.0308363$ & $-0.221352$ & $0.0443504$ & $-0.350288$ & $0.347124$ & $0.49765$ & $0.492414$ & $0.193947$ & $-0.60426$ & $-0.221356$ & $-0.305181$ & $0.666831$ & $0.190534$ & $-0.0198044$ & $0.0521325$ & $0.0954729$ & $0.00386401$ & $0.064555$ & $1$ & $0.00789257$ & $-0.121498$ & $0.14954$ & $0.0277831$ & $0.0961683$ & $0.0719545$ & $-0.113856$ & $0.00776148$ & $0.117899$ & $-0.0661414$ & $-0.0274692$ & $0.222137$ & $0.185446$ & $0.0266542$ & $0.0391449$ \\
eHggint & $-0.25826$ & $0.427352$ & $0.240112$ & $-0.198219$ & $-0.0181493$ & $-0.0223885$ & $-0.0786384$ & $-0.0223601$ & $-0.0334085$ & $0.0289616$ & $0.0277532$ & $0.0243897$ & $0.0114604$ & $-0.0325541$ & $-0.00775886$ & $-0.0390831$ & $0.00259277$ & $-0.00880264$ & $0.012514$ & $-0.0219038$ & $-0.0176529$ & $-0.017351$ & $0.0276647$ & $0.00274849$ & $0.045982$ & $0.0254346$ & $0.0610024$ & $-0.0662194$ & $-0.049131$ & $-0.0542692$ & $0.0888971$ & $-0.0601155$ & $0.024382$ & $0.00789257$ & $1$ & $-0.150817$ & $-0.0760368$ & $0.0407888$ & $0.130542$ & $-0.150674$ & $-0.0543308$ & $0.0988105$ & $0.0052765$ & $-0.223918$ & $0.131322$ & $0.0377509$ & $0.426014$ & $-0.0673551$ & $0.393523$ \\
eHggpar & $-0.0322076$ & $0.234554$ & $0.416833$ & $0.180839$ & $-0.00195251$ & $0.0660999$ & $-0.0154676$ & $-0.032421$ & $-0.0466412$ & $0.0369711$ & $0.00276411$ & $0.0343699$ & $-0.00284953$ & $0.0616172$ & $0.11486$ & $0.0925519$ & $0.0271636$ & $-0.0116$ & $0.000575676$ & $0.0170015$ & $-0.0152473$ & $-0.0172473$ & $-0.0368834$ & $0.0425901$ & $-0.0364374$ & $-0.0285368$ & $-0.191593$ & $0.0125112$ & $0.0371107$ & $0.000765669$ & $-0.029855$ & $0.0128427$ & $0.0233604$ & $-0.121498$ & $-0.150817$ & $1$ & $0.11431$ & $-0.0592432$ & $-0.310175$ & $-0.0750756$ & $0.267891$ & $0.0608001$ & $-0.316695$ & $-0.151221$ & $0.266833$ & $-0.232777$ & $0.0231224$ & $-0.205775$ & $0.213997$ \\
eHWWint & $0.385101$ & $-0.17029$ & $0.0683976$ & $-0.0719404$ & $0.0106911$ & $0.0674714$ & $-0.00374942$ & $0.149733$ & $0.148038$ & $-0.0814626$ & $-0.102596$ & $-0.0222531$ & $0.031431$ & $-0.0107063$ & $-0.0560818$ & $-0.0773883$ & $-0.108169$ & $-0.0627078$ & $-0.0497255$ & $0.0846815$ & $0.116068$ & $0.111956$ & $0.0696107$ & $-0.151436$ & $-0.0417931$ & $-0.0928005$ & $0.214387$ & $0.0971783$ & $0.019694$ & $-0.0864872$ & $-0.085113$ & $-0.0305699$ & $-0.139719$ & $0.14954$ & $-0.0760368$ & $0.11431$ & $1$ & $0.0384374$ & $-0.184034$ & $0.0543377$ & $-0.179952$ & $-0.00440317$ & $0.0896029$ & $0.0996773$ & $-0.411115$ & $-0.126508$ & $-0.300957$ & $0.236975$ & $-0.231835$ \\
eHWWpar & $0.0604931$ & $-0.100264$ & $0.00313407$ & $-0.0444367$ & $-0.0351286$ & $-0.00960232$ & $0.0641843$ & $-0.0190687$ & $-0.0108322$ & $-0.0122758$ & $0.0518221$ & $-0.0121559$ & $-0.0353327$ & $-0.0699296$ & $-0.0562892$ & $-0.0299672$ & $-0.0612706$ & $-0.0218245$ & $-0.0443356$ & $-0.0567412$ & $-0.0489444$ & $-0.0479536$ & $0.0336831$ & $-0.0505756$ & $-0.0597779$ & $0.00239226$ & $-0.0163923$ & $-0.00839591$ & $0.0594377$ & $-0.0501073$ & $-0.0168527$ & $0.0428267$ & $-0.0513976$ & $0.0277831$ & $0.0407888$ & $-0.0592432$ & $0.0384374$ & $1$ & $-0.0166188$ & $0.0539198$ & $-0.00554843$ & $0.00561475$ & $0.124542$ & $-0.0213253$ & $-0.0488918$ & $-0.0384768$ & $0.0571339$ & $-0.0133727$ & $0.00103622$ \\
eHZZint & $0.0277076$ & $-0.141764$ & $0.013018$ & $-0.0838287$ & $-0.000373008$ & $-0.00916244$ & $0.0160918$ & $0.133596$ & $0.13668$ & $-0.090371$ & $-0.119952$ & $-0.0654569$ & $-0.0232645$ & $0.011649$ & $0.020647$ & $0.0274211$ & $-0.0220159$ & $-0.0412488$ & $-0.0480231$ & $0.112626$ & $0.121861$ & $0.120508$ & $0.0114574$ & $-0.0840544$ & $-0.0358375$ & $-0.0489871$ & $0.101107$ & $0.00718802$ & $-0.047518$ & $-0.00453931$ & $-0.0153885$ & $0.00661195$ & $-0.00111388$ & $0.0961683$ & $0.130542$ & $-0.310175$ & $-0.184034$ & $-0.0166188$ & $1$ & $0.145033$ & $0.189534$ & $-0.0653016$ & $0.334045$ & $0.0867794$ & $-0.0971188$ & $0.0247752$ & $-0.0106323$ & $0.0233349$ & $0.0870568$ \\
eHZZpar & $0.153707$ & $-0.153281$ & $-0.117501$ & $-0.157173$ & $0.0168353$ & $-0.0141392$ & $0.123723$ & $0.0505522$ & $0.0579911$ & $-0.0284536$ & $-0.0479595$ & $-0.0624356$ & $-0.0399191$ & $0.00689047$ & $-0.0344256$ & $0.00784316$ & $0.00264026$ & $0.017912$ & $-0.0164386$ & $0.041132$ & $0.0481463$ & $0.0474533$ & $0.0290565$ & $-0.0169394$ & $0.0134804$ & $-0.0317445$ & $0.0875548$ & $0.0674209$ & $-0.0216263$ & $-0.0519732$ & $-0.0782747$ & $0.113864$ & $-0.0847462$ & $0.0719545$ & $-0.150674$ & $-0.0750756$ & $0.0543377$ & $0.0539198$ & $0.145033$ & $1$ & $-0.0170021$ & $-0.0622463$ & $0.157105$ & $0.049361$ & $-0.145546$ & $0.0308085$ & $-0.0399212$ & $0.0942812$ & $-0.0560622$ \\
eHZgaint & $0.137653$ & $0.00970896$ & $0.120382$ & $0.145399$ & $-0.0111474$ & $-0.0136479$ & $0.0175024$ & $-0.0792452$ & $-0.0924625$ & $-0.00499504$ & $0.0899682$ & $0.0212178$ & $-0.00698031$ & $-0.0462778$ & $0.0521869$ & $0.031652$ & $-0.040664$ & $-0.0467641$ & $-0.0407806$ & $-0.0786483$ & $-0.101162$ & $-0.104056$ & $-0.0479868$ & $0.00551195$ & $-0.102278$ & $0.043016$ & $-0.197037$ & $-0.11257$ & $0.0300415$ & $-0.00229866$ & $-0.0922974$ & $0.0146242$ & $-0.0254489$ & $-0.113856$ & $-0.0543308$ & $0.267891$ & $-0.179952$ & $-0.00554843$ & $0.189534$ & $-0.0170021$ & $1$ & $0.0684711$ & $-0.288452$ & $-0.33092$ & $0.234341$ & $-0.214522$ & $0.0375014$ & $-0.0439263$ & $-0.116647$ \\
eHZgapar & $-0.0313559$ & $0.0928912$ & $0.100611$ & $0.0526794$ & $0.0112895$ & $0.00766785$ & $-0.0366853$ & $-0.0026067$ & $-0.00977276$ & $-0.0154027$ & $0.0135429$ & $0.0439986$ & $0.0441577$ & $-0.0246721$ & $-0.00503718$ & $0.0255114$ & $-0.0223235$ & $-0.0136015$ & $-0.0380077$ & $-0.00960266$ & $-0.0120838$ & $-0.0137873$ & $0.0224422$ & $-0.0143422$ & $-0.0298302$ & $-0.0144636$ & $-0.0219319$ & $-0.0340398$ & $0.060832$ & $0.0010836$ & $0.0183782$ & $-0.0438036$ & $-0.00637152$ & $0.00776148$ & $0.0988105$ & $0.0608001$ & $-0.00440317$ & $0.00561475$ & $-0.0653016$ & $-0.0622463$ & $0.0684711$ & $1$ & $-0.243133$ & $-0.143539$ & $0.0446883$ & $-0.139372$ & $0.0714777$ & $-0.0481936$ & $-0.0174484$ \\
eHgagaint & $0.249683$ & $-0.504858$ & $-0.0500262$ & $-0.31618$ & $-0.00197475$ & $-0.000354845$ & $0.102851$ & $0.114703$ & $0.148777$ & $-0.0116099$ & $-0.113507$ & $-0.0913315$ & $-0.0481691$ & $0.0390745$ & $-0.0454583$ & $-0.0630909$ & $0.0154781$ & $0.0215836$ & $0.0385433$ & $0.0943456$ & $0.120142$ & $0.116044$ & $0.0660038$ & $-0.0348458$ & $0.0385914$ & $-0.080226$ & $0.188578$ & $0.149308$ & $-0.0344514$ & $-0.0702424$ & $-0.0431576$ & $0.101325$ & $-0.0633859$ & $0.117899$ & $0.0052765$ & $-0.316695$ & $0.0896029$ & $0.124542$ & $0.334045$ & $0.157105$ & $-0.288452$ & $-0.243133$ & $1$ & $0.43828$ & $-0.263202$ & $0.36199$ & $-0.155815$ & $0.404153$ & $-0.0729945$ \\
eHmumuint & $0.309604$ & $-0.449698$ & $-0.157114$ & $0.0365379$ & $-0.00715624$ & $0.0307221$ & $0.104562$ & $-0.0614178$ & $-0.0386629$ & $0.104236$ & $0.0139798$ & $-0.0619488$ & $-0.0988866$ & $0.0823765$ & $-0.00353604$ & $-0.000688232$ & $0.0966824$ & $0.0941824$ & $0.0988113$ & $-0.0200592$ & $-0.0253554$ & $-0.0264035$ & $-0.0809829$ & $0.12902$ & $0.0724133$ & $0.0436748$ & $-0.0486316$ & $0.0879613$ & $0.00012323$ & $0.0262283$ & $-0.0610275$ & $0.11976$ & $-0.0382266$ & $-0.0661414$ & $-0.223918$ & $-0.151221$ & $0.0996773$ & $-0.0213253$ & $0.0867794$ & $0.049361$ & $-0.33092$ & $-0.143539$ & $0.43828$ & $1$ & $-0.316978$ & $0.0387846$ & $-0.354968$ & $0.102955$ & $-0.258184$ \\
eHtautauint & $-0.600348$ & $0.487725$ & $0.160781$ & $0.0650323$ & $-0.00943088$ & $0.0268088$ & $-0.0183342$ & $-0.0596535$ & $-0.0679718$ & $-0.0269043$ & $0.103831$ & $0.0482508$ & $0.0456854$ & $-0.0990822$ & $-0.0113398$ & $-0.0266213$ & $-0.0920856$ & $-0.0725614$ & $-0.062121$ & $-0.0944737$ & $-0.0942626$ & $-0.0909994$ & $-0.0286837$ & $-0.0289276$ & $-0.0632267$ & $0.0806864$ & $-0.0690661$ & $-0.0928244$ & $0.0315905$ & $0.0604648$ & $0.0883765$ & $0.00200304$ & $0.110061$ & $-0.0274692$ & $0.131322$ & $0.266833$ & $-0.411115$ & $-0.0488918$ & $-0.0971188$ & $-0.145546$ & $0.234341$ & $0.0446883$ & $-0.263202$ & $-0.316978$ & $1$ & $0.0992361$ & $0.268616$ & $-0.3058$ & $0.508066$ \\
eHccint & $-0.294407$ & $-0.066141$ & $0.0436471$ & $-0.551718$ & $-0.0239231$ & $-0.0675252$ & $-0.00822191$ & $0.15085$ & $0.162726$ & $-0.0854089$ & $-0.111137$ & $-0.0527995$ & $0.0174078$ & $-0.0424379$ & $-0.105595$ & $-0.126954$ & $-0.0346428$ & $-0.0174804$ & $0.0117423$ & $0.0902502$ & $0.13817$ & $0.146451$ & $0.111322$ & $-0.104016$ & $0.0940196$ & $-0.0517958$ & $0.376879$ & $0.124073$ & $-0.0485406$ & $0.0284793$ & $0.10541$ & $-0.00485808$ & $0.0793697$ & $0.222137$ & $0.0377509$ & $-0.232777$ & $-0.126508$ & $-0.0384768$ & $0.0247752$ & $0.0308085$ & $-0.214522$ & $-0.139372$ & $0.36199$ & $0.0387846$ & $0.0992361$ & $1$ & $0.0812634$ & $0.395963$ & $0.302712$ \\
eHccpar & $-0.317246$ & $0.154648$ & $0.302935$ & $-0.17649$ & $0.013591$ & $-0.0272551$ & $0.000544202$ & $0.122108$ & $0.108711$ & $-0.0967642$ & $-0.0774423$ & $-0.012924$ & $0.0304478$ & $-0.0672804$ & $-0.0721221$ & $-0.0568247$ & $-0.0490761$ & $-0.0411643$ & $-0.0558989$ & $0.0656121$ & $0.0980814$ & $0.0979241$ & $0.115724$ & $-0.141444$ & $0.0343873$ & $-0.0474754$ & $0.260556$ & $-0.0185358$ & $-0.0321608$ & $-0.00439951$ & $0.186048$ & $0.0105399$ & $0.0303144$ & $0.185446$ & $0.426014$ & $0.0231224$ & $-0.300957$ & $0.0571339$ & $-0.0106323$ & $-0.0399212$ & $0.0375014$ & $0.0714777$ & $-0.155815$ & $-0.354968$ & $0.268616$ & $0.0812634$ & $1$ & $-0.324613$ & $0.295035$ \\
eHbbint & $0.334548$ & $-0.328385$ & $0.06643$ & $-0.407562$ & $-0.00401769$ & $-0.0165947$ & $-0.026611$ & $0.0684843$ & $0.0798399$ & $-0.0305252$ & $-0.0593901$ & $-0.0227024$ & $0.0235694$ & $0.00774437$ & $0.0179597$ & $-0.000858632$ & $-0.0218025$ & $-0.0314554$ & $-0.014054$ & $0.0545489$ & $0.0586737$ & $0.06101$ & $0.00629911$ & $-0.0271188$ & $-0.0267998$ & $-0.0380836$ & $0.0585483$ & $0.102043$ & $-0.0446217$ & $-0.046259$ & $-0.0855732$ & $-0.0375113$ & $-0.0245059$ & $0.0266542$ & $-0.0673551$ & $-0.205775$ & $0.236975$ & $-0.0133727$ & $0.0233349$ & $0.0942812$ & $-0.0439263$ & $-0.0481936$ & $0.404153$ & $0.102955$ & $-0.3058$ & $0.395963$ & $-0.324613$ & $1$ & $-0.260459$ \\
eHbbpar & $-0.712765$ & $0.451474$ & $0.337938$ & $-0.310946$ & $-0.0507144$ & $-0.0128258$ & $0.0159572$ & $0.0337091$ & $0.0294403$ & $-0.0275154$ & $-0.0328406$ & $-0.0314236$ & $-0.0248708$ & $0.00960706$ & $0.0112831$ & $-0.00140036$ & $0.00571186$ & $-0.00742815$ & $-0.000931172$ & $0.041169$ & $0.045203$ & $0.0460716$ & $0.025882$ & $-0.00777605$ & $0.0601953$ & $0.00378235$ & $0.0747298$ & $-0.0155656$ & $-0.022532$ & $-0.00863879$ & $0.0911$ & $0.0357968$ & $0.142931$ & $0.0391449$ & $0.393523$ & $0.213997$ & $-0.231835$ & $0.00103622$ & $0.0870568$ & $-0.0560622$ & $-0.116647$ & $-0.0174484$ & $-0.0729945$ & $-0.258184$ & $0.508066$ & $0.302712$ & $0.295035$ & $-0.260459$ & $1$ \\
