 & AlsMz & dAle5Mz & mtop & mHl & Mz & CW & CHG & CHWB & CHWHB_gaga & CHWHB_gagaorth & CHD & CHbox & CH & CHL1_11 & CHL1_22 & CHL1_33 & CHL3_11 & CHL3_22 & CHL3_33 & CHe_11 & CHe_22 & CHe_33 & CHQ1_11 & CHQ1_33 & CHQ3_11 & CHu_11 & CHd_11 & CHd_33 & CeH_22r & CeH_33r & CuH_22r & CuH_33r & CdH_33r & CLL_1221 & eHggint & eHggpar & eHWWint & eHWWpar & eHZZint & eHZZpar & eHZgaint & eHZgapar & eHgagaint & eHmumuint & eHtautauint & eHccint & eHccpar & eHbbint & eHbbpar \\
AlsMz & $1$ & $0.0342115$ & $-0.0843637$ & $0.0632334$ & $-0.0141477$ & $0.00433955$ & $0.011523$ & $-0.00932733$ & $-0.00308546$ & $0.00482306$ & $-0.00770038$ & $-0.00443079$ & $-0.00276011$ & $0.001453$ & $-0.00820591$ & $-0.0116208$ & $0.00844202$ & $0.0120693$ & $0.00762844$ & $-0.00612005$ & $-0.00456261$ & $0.000439922$ & $-0.012839$ & $-0.0395695$ & $-0.100998$ & $-0.00201534$ & $-0.00554714$ & $0.000857682$ & $0.00315375$ & $-0.0103635$ & $-0.0173045$ & $0.00585088$ & $-0.039038$ & $0.0103367$ & $0.100482$ & $-0.175691$ & $0.055437$ & $-0.0093785$ & $0.0263765$ & $0.00458412$ & $-0.0120965$ & $-0.015705$ & $0.0576966$ & $0.0619493$ & $0.00351099$ & $-0.0213845$ & $-0.0198642$ & $-0.0685133$ & $-0.0215138$ \\
dAle5Mz & $0.0342115$ & $1$ & $0.0273086$ & $-0.0805535$ & $0.0104402$ & $0.0294997$ & $0.00716517$ & $-0.199388$ & $-0.19256$ & $0.0521633$ & $0.183116$ & $-0.0234728$ & $-0.0252993$ & $-0.040166$ & $-0.0186071$ & $-0.0158945$ & $0.0712585$ & $0.00484564$ & $0.00309346$ & $-0.189306$ & $-0.00632529$ & $-0.0181996$ & $0.00115547$ & $-0.00579809$ & $-0.000454907$ & $0.0084394$ & $0.0109397$ & $0.00317293$ & $0.00863118$ & $0.0249346$ & $0.0599951$ & $0.0121429$ & $0.0193329$ & $0.122123$ & $-0.0983188$ & $0.119846$ & $-0.0426812$ & $-0.0109091$ & $0.00403973$ & $0.0196265$ & $-0.0335073$ & $0.0168959$ & $0.00318941$ & $-0.0808209$ & $0.0987$ & $-0.0719831$ & $0.121687$ & $-0.0965817$ & $0.010449$ \\
mtop & $-0.0843637$ & $0.0273086$ & $1$ & $-0.0130003$ & $-0.00820971$ & $0.00202805$ & $-0.0110722$ & $-0.0041506$ & $-0.00321822$ & $-0.00182139$ & $0.0192711$ & $0.000790307$ & $-0.00658053$ & $-0.00119475$ & $-0.00326074$ & $0.00061748$ & $-0.000565048$ & $0.00366622$ & $0.0024214$ & $-0.00315045$ & $-0.00990271$ & $-0.00277015$ & $-0.00130939$ & $0.00568929$ & $0.00838525$ & $0.00158005$ & $-0.00175489$ & $0.000297139$ & $-0.000168089$ & $-0.011473$ & $-0.0577517$ & $-0.00517036$ & $0.0413469$ & $0.00851591$ & $0.0515472$ & $-0.017689$ & $0.0126313$ & $0.0115955$ & $-0.00379665$ & $0.00226342$ & $0.0718517$ & $0.00113089$ & $0.0333571$ & $0.00422727$ & $0.00373482$ & $0.0403356$ & $-0.128077$ & $0.0373621$ & $0.0758262$ \\
mHl & $0.0632334$ & $-0.0805535$ & $-0.0130003$ & $1$ & $-0.00886864$ & $0.00563946$ & $-0.00512384$ & $0.0157813$ & $0.0144725$ & $-0.00286055$ & $-0.0193167$ & $-0.00248732$ & $0.00557181$ & $0.00712729$ & $-0.00334007$ & $-0.00167567$ & $-0.00791931$ & $0.00928382$ & $0.00645868$ & $0.0190943$ & $-0.00723768$ & $-0.00200394$ & $-0.006695$ & $-0.00258819$ & $0.00185899$ & $-0.00277081$ & $-0.0047783$ & $-0.000737749$ & $-0.00202591$ & $-0.0129023$ & $-0.0632608$ & $-0.00708054$ & $-0.0679649$ & $-0.00466453$ & $0.0739068$ & $-0.100209$ & $0.0197545$ & $-0.0121459$ & $0.0597441$ & $-0.0583013$ & $0.0357528$ & $-0.0276769$ & $0.00375899$ & $0.00517878$ & $-0.112006$ & $-0.0603826$ & $-0.121143$ & $-0.124706$ & $-0.0589594$ \\
Mz & $-0.0141477$ & $0.0104402$ & $-0.00820971$ & $-0.00886864$ & $1$ & $-0.00445145$ & $0.000659572$ & $0.00146803$ & $0.00153549$ & $-0.011551$ & $0.0902699$ & $0.0135647$ & $0.00662874$ & $-0.0100944$ & $0.00397374$ & $0.00352944$ & $-0.0131452$ & $-0.00843262$ & $-0.0114811$ & $0.0124228$ & $0.003649$ & $0.0092819$ & $0.00106862$ & $-0.0101145$ & $-0.00870846$ & $-0.00422634$ & $0.00031657$ & $-0.000462415$ & $0.00278852$ & $-0.00396988$ & $0.00270284$ & $-0.000871884$ & $0.00351615$ & $-0.000880898$ & $-0.00579489$ & $0.0176869$ & $-0.00721923$ & $-0.00663256$ & $-0.000856465$ & $0.00856915$ & $-0.00182401$ & $0.00204309$ & $0.000106926$ & $-0.00627876$ & $-0.0030542$ & $-0.00863694$ & $0.00367385$ & $0.00550854$ & $0.0135781$ \\
CW & $0.00433955$ & $0.0294997$ & $0.00202805$ & $0.00563946$ & $-0.00445145$ & $1$ & $-0.00106335$ & $-0.128218$ & $-0.124881$ & $0.0315061$ & $0.116154$ & $0.0192798$ & $-0.0148241$ & $0.104027$ & $0.0228337$ & $0.0148456$ & $-0.0520341$ & $0.00878221$ & $0.0138936$ & $-0.109508$ & $-0.0567972$ & $-0.0512204$ & $-0.0106302$ & $0.0531996$ & $0.0139791$ & $0.0165394$ & $-0.0417937$ & $-0.0142757$ & $0.00373761$ & $0.00470651$ & $-0.000197178$ & $0.00125353$ & $-0.00220091$ & $-0.102701$ & $0.00657102$ & $0.00173193$ & $-0.00668075$ & $0.00544347$ & $0.00414307$ & $-0.000865173$ & $0.00403346$ & $0.00435859$ & $0.00326699$ & $0.00226179$ & $0.00522625$ & $-0.00505402$ & $0.00405553$ & $0.00140019$ & $-0.0083069$ \\
CHG & $0.011523$ & $0.00716517$ & $-0.0110722$ & $-0.00512384$ & $0.000659572$ & $-0.00106335$ & $1$ & $-0.0185449$ & $0.0466789$ & $0.00172919$ & $0.0179874$ & $-0.0675986$ & $-0.0924847$ & $0.000601021$ & $-0.00281779$ & $0.0101365$ & $0.00439804$ & $0.00841378$ & $0.00030435$ & $-0.0110242$ & $-0.00403572$ & $-0.012904$ & $-0.000804124$ & $0.00653468$ & $0.000923205$ & $-0.00329385$ & $-0.0129857$ & $0.0015216$ & $0.019193$ & $-0.0523571$ & $-0.032758$ & $0.938245$ & $-0.0760819$ & $-0.00616344$ & $-0.0225207$ & $-0.0120495$ & $0.020314$ & $0.00744575$ & $-0.0151266$ & $-0.00550108$ & $-0.00192966$ & $-0.00382758$ & $0.00628554$ & $-0.00243979$ & $-0.00438586$ & $0.00311062$ & $0.00695891$ & $-0.00859082$ & $-0.0123846$ \\
CHWB & $-0.00932733$ & $-0.199388$ & $-0.0041506$ & $0.0157813$ & $0.00146803$ & $-0.128218$ & $-0.0185449$ & $1$ & $0.975399$ & $-0.306246$ & $-0.87681$ & $-0.252401$ & $0.0907888$ & $-0.0800352$ & $-0.0922861$ & $-0.0818826$ & $-0.359725$ & $-0.205051$ & $-0.208792$ & $0.755022$ & $0.36958$ & $0.356281$ & $0.0389377$ & $-0.366203$ & $-0.245649$ & $-0.0758281$ & $0.275683$ & $0.0661353$ & $-0.0107524$ & $0.00122982$ & $-0.00473595$ & $-0.0336772$ & $-0.0157043$ & $0.60978$ & $0.00115546$ & $-0.030119$ & $0.00859956$ & $0.00319315$ & $-0.00174075$ & $-0.00331585$ & $0.00302689$ & $-0.00345259$ & $0.00304255$ & $0.0161549$ & $-0.010739$ & $0.0218398$ & $-0.0183568$ & $0.0186386$ & $-0.00653118$ \\
CHWHB_gaga & $-0.00308546$ & $-0.19256$ & $-0.00321822$ & $0.0144725$ & $0.00153549$ & $-0.124881$ & $0.0466789$ & $0.975399$ & $1$ & $-0.305279$ & $-0.854997$ & $-0.231815$ & $0.0862823$ & $-0.0857333$ & $-0.0920478$ & $-0.0810134$ & $-0.357688$ & $-0.200051$ & $-0.203878$ & $0.743646$ & $0.361064$ & $0.347599$ & $0.0382095$ & $-0.360011$ & $-0.239862$ & $-0.0738808$ & $0.270623$ & $0.0649953$ & $-0.00210121$ & $0.0326115$ & $0.0069871$ & $0.0197403$ & $0.0138844$ & $0.595132$ & $-0.0258743$ & $-0.0495534$ & $-0.0118542$ & $-0.00602679$ & $-0.0124054$ & $-0.00652509$ & $0.00621766$ & $-0.00472956$ & $0.0914443$ & $0.0191484$ & $0.00425981$ & $0.0162613$ & $-0.0230244$ & $0.0188069$ & $-0.0102526$ \\
CHWHB_gagaorth & $0.00482306$ & $0.0521633$ & $-0.00182139$ & $-0.00286055$ & $-0.011551$ & $0.0315061$ & $0.00172919$ & $-0.306246$ & $-0.305279$ & $1$ & $0.0208493$ & $0.196456$ & $-0.137724$ & $0.763516$ & $0.0825633$ & $0.0690825$ & $0.809353$ & $0.270793$ & $0.274387$ & $-0.0266646$ & $-0.0300352$ & $-0.0318359$ & $-0.0411028$ & $0.260746$ & $0.33182$ & $0.013966$ & $-0.130236$ & $-0.00518143$ & $-0.00905927$ & $-0.0712253$ & $-0.029475$ & $0.0172986$ & $-0.040661$ & $-0.197187$ & $0.0355405$ & $0.033462$ & $-0.00678971$ & $0.000896435$ & $-0.0070519$ & $0.00220436$ & $-0.032418$ & $0.00182747$ & $-0.0111634$ & $-0.00566549$ & $0.00970879$ & $-0.00428736$ & $0.00976257$ & $0.00152663$ & $-0.0005291$ \\
CHD & $-0.00770038$ & $0.183116$ & $0.0192711$ & $-0.0193167$ & $0.0902699$ & $0.116154$ & $0.0179874$ & $-0.87681$ & $-0.854997$ & $0.0208493$ & $1$ & $0.190669$ & $-0.0478036$ & $-0.195708$ & $0.0470704$ & $0.042838$ & $0.0682281$ & $0.102784$ & $0.105278$ & $-0.775952$ & $-0.366566$ & $-0.352446$ & $-0.0215137$ & $0.259416$ & $0.123554$ & $0.0744722$ & $-0.212452$ & $-0.0675165$ & $0.0144007$ & $0.00533868$ & $0.00678904$ & $0.02756$ & $0.0226886$ & $-0.461716$ & $-0.0117762$ & $0.0243977$ & $-0.00704074$ & $-0.0044686$ & $0.00376791$ & $0.0022892$ & $0.00725768$ & $0.00319501$ & $0.000577242$ & $-0.0151609$ & $0.00725054$ & $-0.0209976$ & $0.0130109$ & $-0.0137677$ & $0.0103322$ \\
CHbox & $-0.00443079$ & $-0.0234728$ & $0.000790307$ & $-0.00248732$ & $0.0135647$ & $0.0192798$ & $-0.0675986$ & $-0.252401$ & $-0.231815$ & $0.196456$ & $0.190669$ & $1$ & $0.674988$ & $-0.0169495$ & $0.0502795$ & $0.0338439$ & $0.0700139$ & $0.0437188$ & $0.0523784$ & $0.00117534$ & $-0.0786566$ & $-0.0721115$ & $-0.00373107$ & $0.0966979$ & $0.0626973$ & $0.00722367$ & $-0.0785542$ & $-0.0137063$ & $0.0247859$ & $0.199355$ & $0.0613246$ & $-0.00553117$ & $0.283539$ & $-0.216451$ & $0.0701008$ & $0.0428169$ & $-0.0108141$ & $-0.015834$ & $-0.00686682$ & $-0.00639947$ & $-0.00429456$ & $-0.00991591$ & $-0.011606$ & $0.00705982$ & $-0.00662805$ & $-0.000361228$ & $0.0018801$ & $0.012886$ & $-0.0103833$ \\
CH & $-0.00276011$ & $-0.0252993$ & $-0.00658053$ & $0.00557181$ & $0.00662874$ & $-0.0148241$ & $-0.0924847$ & $0.0907888$ & $0.0862823$ & $-0.137724$ & $-0.0478036$ & $0.674988$ & $1$ & $-0.13991$ & $-0.00342876$ & $-0.0133249$ & $-0.154281$ & $-0.0577868$ & $-0.0531503$ & $0.0915695$ & $0.0222262$ & $0.0234932$ & $0.0100544$ & $-0.0552615$ & $-0.0624984$ & $-0.00807531$ & $0.0291736$ & $0.00656187$ & $0.0132145$ & $0.0814398$ & $0.0396987$ & $-0.0847758$ & $0.105787$ & $0.0408836$ & $-0.000425285$ & $0.00176259$ & $-0.00383863$ & $-0.00722087$ & $-0.0039787$ & $-0.00318$ & $0.00517105$ & $-0.012461$ & $0.00413943$ & $0.00797271$ & $-0.00377513$ & $0.00366851$ & $-0.00372319$ & $0.00182153$ & $-0.00753504$ \\
CHL1_11 & $0.001453$ & $-0.040166$ & $-0.00119475$ & $0.00712729$ & $-0.0100944$ & $0.104027$ & $0.000601021$ & $-0.0800352$ & $-0.0857333$ & $0.763516$ & $-0.195708$ & $-0.0169495$ & $-0.13991$ & $1$ & $0.0822063$ & $0.0754123$ & $0.625476$ & $0.224472$ & $0.22553$ & $0.0955657$ & $0.0460847$ & $0.0365725$ & $-0.0412876$ & $0.205754$ & $0.26603$ & $-0.000826401$ & $-0.106356$ & $0.00979671$ & $-0.0136325$ & $-0.0375572$ & $-0.0248986$ & $0.00170316$ & $-0.0501266$ & $-0.110881$ & $0.0219323$ & $0.0132679$ & $-0.00377704$ & $0.00346033$ & $-0.0084374$ & $0.00217894$ & $-0.0225556$ & $-0.00262114$ & $-0.00530771$ & $0.00523276$ & $0.0018675$ & $0.00826062$ & $0.000579699$ & $0.00411571$ & $-0.000315967$ \\
CHL1_22 & $-0.00820591$ & $-0.0186071$ & $-0.00326074$ & $-0.00334007$ & $0.00397374$ & $0.0228337$ & $-0.00281779$ & $-0.0922861$ & $-0.0920478$ & $0.0825633$ & $0.0470704$ & $0.0502795$ & $-0.00342876$ & $0.0822063$ & $1$ & $0.340473$ & $0.0673826$ & $-0.638977$ & $-0.227711$ & $-0.020636$ & $-0.258112$ & $-0.191185$ & $-0.100039$ & $0.273863$ & $-0.316096$ & $0.0307154$ & $-0.520969$ & $-0.0360929$ & $0.00670512$ & $-0.00344116$ & $-0.00454224$ & $0.00311969$ & $0.0015354$ & $-0.596341$ & $0.011766$ & $0.00456714$ & $0.00795208$ & $-0.00039995$ & $-0.0102469$ & $0.00121902$ & $-0.00856453$ & $0.00155676$ & $-0.00435406$ & $-0.00947145$ & $-0.00273832$ & $-0.00249185$ & $-0.000513168$ & $0.00409706$ & $-0.00401561$ \\
CHL1_33 & $-0.0116208$ & $-0.0158945$ & $0.00061748$ & $-0.00167567$ & $0.00352944$ & $0.0148456$ & $0.0101365$ & $-0.0818826$ & $-0.0810134$ & $0.0690825$ & $0.042838$ & $0.0338439$ & $-0.0133249$ & $0.0754123$ & $0.340473$ & $1$ & $0.0574462$ & $-0.225578$ & $-0.621237$ & $-0.0207692$ & $-0.18892$ & $-0.301353$ & $-0.0951096$ & $0.258879$ & $-0.313134$ & $0.0281859$ & $-0.509387$ & $-0.0307683$ & $-0.000345568$ & $-0.00147157$ & $-0.0069268$ & $0.0149466$ & $0.00261134$ & $-0.271761$ & $0.00195133$ & $0.00522268$ & $0.0017324$ & $-0.00407809$ & $-0.000742864$ & $0.00156129$ & $-0.00886075$ & $0.00311261$ & $0.000299204$ & $-0.00179865$ & $-0.00353983$ & $0.00252133$ & $-0.00620456$ & $0.00457478$ & $-0.00112299$ \\
CHL3_11 & $0.00844202$ & $0.0712585$ & $-0.000565048$ & $-0.00791931$ & $-0.0131452$ & $-0.0520341$ & $0.00439804$ & $-0.359725$ & $-0.357688$ & $0.809353$ & $0.0682281$ & $0.0700139$ & $-0.154281$ & $0.625476$ & $0.0673826$ & $0.0574462$ & $1$ & $0.30588$ & $0.305843$ & $-0.111729$ & $-0.0503689$ & $-0.0495795$ & $-0.0329856$ & $0.276481$ & $0.373454$ & $0.0141528$ & $-0.124201$ & $-0.00776211$ & $-0.00682877$ & $-0.0384385$ & $-0.0185945$ & $0.00875986$ & $-0.0465911$ & $-0.177417$ & $0.0157345$ & $0.0248054$ & $-0.00621274$ & $0.00658929$ & $-0.00920254$ & $0.00247558$ & $-0.028598$ & $0.00508076$ & $-0.00845349$ & $-0.0104724$ & $0.0105679$ & $-0.00361134$ & $0.012609$ & $-0.0027506$ & $0.00360734$ \\
CHL3_22 & $0.0120693$ & $0.00484564$ & $0.00366622$ & $0.00928382$ & $-0.00843262$ & $0.00878221$ & $0.00841378$ & $-0.205051$ & $-0.200051$ & $0.270793$ & $0.102784$ & $0.0437188$ & $-0.0577868$ & $0.224472$ & $-0.638977$ & $-0.225578$ & $0.30588$ & $1$ & $0.412512$ & $-0.108423$ & $0.0272424$ & $0.0300622$ & $0.070676$ & $0.022016$ & $0.589285$ & $0.00118937$ & $0.335543$ & $0.00340796$ & $-0.00590722$ & $-0.0188715$ & $-0.0121681$ & $0.00825119$ & $-0.0182875$ & $0.538267$ & $0.00756389$ & $0.00563597$ & $-0.00531129$ & $0.00240046$ & $0.0052545$ & $0.00107999$ & $-0.00322978$ & $-0.000572616$ & $-0.00141047$ & $0.0125127$ & $0.0050938$ & $0.00290649$ & $-0.00343437$ & $-0.00634801$ & $0.002244$ \\
CHL3_33 & $0.00762844$ & $0.00309346$ & $0.0024214$ & $0.00645868$ & $-0.0114811$ & $0.0138936$ & $0.00030435$ & $-0.208792$ & $-0.203878$ & $0.274387$ & $0.105278$ & $0.0523784$ & $-0.0531503$ & $0.22553$ & $-0.227711$ & $-0.621237$ & $0.305843$ & $0.412512$ & $1$ & $-0.108092$ & $0.0272032$ & $0.0313071$ & $0.0717223$ & $0.0213231$ & $0.595534$ & $0.000160499$ & $0.337704$ & $0.000650771$ & $9.5504e-05$ & $-0.0183357$ & $-0.00778937$ & $-0.00060123$ & $-0.0197169$ & $0.0909807$ & $0.00956061$ & $-0.00106984$ & $-0.00378222$ & $-0.00170291$ & $-0.00308423$ & $0.00573962$ & $-0.00625556$ & $-0.00140037$ & $-0.0039208$ & $-0.00109385$ & $-0.00218122$ & $-0.00205974$ & $0.00345499$ & $-0.00653753$ & $-0.00391689$ \\
CHe_11 & $-0.00612005$ & $-0.189306$ & $-0.00315045$ & $0.0190943$ & $0.0124228$ & $-0.109508$ & $-0.0110242$ & $0.755022$ & $0.743646$ & $-0.0266646$ & $-0.775952$ & $0.00117534$ & $0.0915695$ & $0.0955657$ & $-0.020636$ & $-0.0207692$ & $-0.111729$ & $-0.108423$ & $-0.108092$ & $1$ & $0.335742$ & $0.324674$ & $0.021347$ & $-0.231275$ & $-0.124043$ & $-0.0726211$ & $0.181755$ & $0.0627666$ & $-0.0109282$ & $-0.0248175$ & $-0.00733773$ & $-0.0104165$ & $-0.00342531$ & $0.376951$ & $0.0198795$ & $-0.014653$ & $0.00102113$ & $0.00039732$ & $-0.00420087$ & $0.000163049$ & $-0.00488975$ & $-0.00373251$ & $0.0055785$ & $0.0137078$ & $-0.00544475$ & $0.0150141$ & $-0.014401$ & $0.0188413$ & $-0.0122134$ \\
CHe_22 & $-0.00456261$ & $-0.00632529$ & $-0.00990271$ & $-0.00723768$ & $0.003649$ & $-0.0567972$ & $-0.00403572$ & $0.36958$ & $0.361064$ & $-0.0300352$ & $-0.366566$ & $-0.0786566$ & $0.0222262$ & $0.0460847$ & $-0.258112$ & $-0.18892$ & $-0.0503689$ & $0.0272424$ & $0.0272032$ & $0.335742$ & $1$ & $0.276645$ & $0.0492333$ & $-0.278223$ & $0.000598528$ & $-0.0519698$ & $0.323079$ & $0.0508919$ & $-0.00376627$ & $-0.00334328$ & $0.00426291$ & $-0.00887806$ & $-0.00944465$ & $0.285445$ & $-0.00640486$ & $0.00619074$ & $0.0051107$ & $0.0060161$ & $0.00515636$ & $0.000582275$ & $-0.00338571$ & $0.000299758$ & $-0.00268489$ & $-0.00198387$ & $0.00511109$ & $0.0127327$ & $0.00443134$ & $-0.00950154$ & $0.000577272$ \\
CHe_33 & $0.000439922$ & $-0.0181996$ & $-0.00277015$ & $-0.00200394$ & $0.0092819$ & $-0.0512204$ & $-0.012904$ & $0.356281$ & $0.347599$ & $-0.0318359$ & $-0.352446$ & $-0.0721115$ & $0.0234932$ & $0.0365725$ & $-0.191185$ & $-0.301353$ & $-0.0495795$ & $0.0300622$ & $0.0313071$ & $0.324674$ & $0.276645$ & $1$ & $0.0450013$ & $-0.267691$ & $0.00279503$ & $-0.04787$ & $0.31402$ & $0.0472039$ & $-0.00495198$ & $-0.00569822$ & $-0.003431$ & $-0.01658$ & $-0.0088606$ & $0.275933$ & $0.00427261$ & $-0.00470228$ & $0.00143753$ & $0.0076053$ & $-0.00275124$ & $-0.00157873$ & $0.00093985$ & $-0.0080207$ & $0.00406106$ & $0.00300645$ & $0.00397537$ & $0.00438371$ & $0.000754644$ & $0.00715$ & $-0.00185401$ \\
CHQ1_11 & $-0.012839$ & $0.00115547$ & $-0.00130939$ & $-0.006695$ & $0.00106862$ & $-0.0106302$ & $-0.000804124$ & $0.0389377$ & $0.0382095$ & $-0.0411028$ & $-0.0215137$ & $-0.00373107$ & $0.0100544$ & $-0.0412876$ & $-0.100039$ & $-0.0951096$ & $-0.0329856$ & $0.070676$ & $0.0717223$ & $0.021347$ & $0.0492333$ & $0.0450013$ & $1$ & $-0.073485$ & $0.119005$ & $-0.595592$ & $0.246823$ & $0.00255832$ & $-0.000432277$ & $0.00887605$ & $0.0058398$ & $-0.000938454$ & $0.0100182$ & $0.0963212$ & $-0.00898441$ & $4.58947e-05$ & $-0.00536799$ & $-0.00338752$ & $-0.00765294$ & $-0.00379485$ & $0.00106213$ & $0.0015572$ & $0.000121194$ & $-0.00151352$ & $-0.00631939$ & $0.000981805$ & $0.00317698$ & $0.000999959$ & $0.0052334$ \\
CHQ1_33 & $-0.0395695$ & $-0.00579809$ & $0.00568929$ & $-0.00258819$ & $-0.0101145$ & $0.0531996$ & $0.00653468$ & $-0.366203$ & $-0.360011$ & $0.260746$ & $0.259416$ & $0.0966979$ & $-0.0552615$ & $0.205754$ & $0.273863$ & $0.258879$ & $0.276481$ & $0.022016$ & $0.0213231$ & $-0.231275$ & $-0.278223$ & $-0.267691$ & $-0.073485$ & $1$ & $0.0723942$ & $0.0512682$ & $-0.239191$ & $0.111546$ & $0.00782901$ & $-0.0149681$ & $-0.00660431$ & $0.011944$ & $-0.0047623$ & $-0.332192$ & $0.007657$ & $0.0165091$ & $-0.0076296$ & $0.00237071$ & $-0.0118532$ & $-0.0065229$ & $-0.00876338$ & $0.00256154$ & $-0.00969721$ & $0.000217158$ & $-0.00329192$ & $0.00161491$ & $0.00408733$ & $0.00622405$ & $0.00244657$ \\
CHQ3_11 & $-0.100998$ & $-0.000454907$ & $0.00838525$ & $0.00185899$ & $-0.00870846$ & $0.0139791$ & $0.000923205$ & $-0.245649$ & $-0.239862$ & $0.33182$ & $0.123554$ & $0.0626973$ & $-0.0624984$ & $0.26603$ & $-0.316096$ & $-0.313134$ & $0.373454$ & $0.589285$ & $0.595534$ & $-0.124043$ & $0.000598528$ & $0.00279503$ & $0.119005$ & $0.0723942$ & $1$ & $0.00974289$ & $0.527958$ & $-0.00305125$ & $-0.0054597$ & $-0.0256397$ & $-0.0133337$ & $-0.000190944$ & $-0.0173883$ & $0.18431$ & $-0.00418962$ & $0.0237107$ & $-0.0091122$ & $0.00531131$ & $-0.00255481$ & $-0.00060045$ & $-0.00942468$ & $-0.00018264$ & $-0.0117817$ & $-0.00448978$ & $-0.00565655$ & $-0.00174732$ & $0.00359237$ & $-0.00162516$ & $0.00812345$ \\
CHu_11 & $-0.00201534$ & $0.0084394$ & $0.00158005$ & $-0.00277081$ & $-0.00422634$ & $0.0165394$ & $-0.00329385$ & $-0.0758281$ & $-0.0738808$ & $0.013966$ & $0.0744722$ & $0.00722367$ & $-0.00807531$ & $-0.000826401$ & $0.0307154$ & $0.0281859$ & $0.0141528$ & $0.00118937$ & $0.000160499$ & $-0.0726211$ & $-0.0519698$ & $-0.04787$ & $-0.595592$ & $0.0512682$ & $0.00974289$ & $1$ & $0.152352$ & $-0.00776186$ & $-0.00227934$ & $-0.00429875$ & $-0.0087293$ & $-0.00380781$ & $-0.00745786$ & $-0.0511175$ & $0.0028317$ & $-0.000190038$ & $0.00969712$ & $0.0010736$ & $0.000758567$ & $0.00242689$ & $0.00443491$ & $-0.00665729$ & $-0.00233217$ & $0.00403348$ & $0.00860296$ & $-0.00218467$ & $-0.00596934$ & $-0.000537647$ & $-0.00496726$ \\
CHd_11 & $-0.00554714$ & $0.0109397$ & $-0.00175489$ & $-0.0047783$ & $0.00031657$ & $-0.0417937$ & $-0.0129857$ & $0.275683$ & $0.270623$ & $-0.130236$ & $-0.212452$ & $-0.0785542$ & $0.0291736$ & $-0.106356$ & $-0.520969$ & $-0.509387$ & $-0.124201$ & $0.335543$ & $0.337704$ & $0.181755$ & $0.323079$ & $0.31402$ & $0.246823$ & $-0.239191$ & $0.527958$ & $0.152352$ & $1$ & $0.030932$ & $-0.00771075$ & $-0.000304787$ & $0.00233083$ & $-0.0200208$ & $-0.00751612$ & $0.511216$ & $-0.0122779$ & $0.000169126$ & $-0.00117352$ & $0.0018225$ & $-0.0016078$ & $-0.00490122$ & $0.00543448$ & $-0.00710411$ & $0.000312331$ & $0.00748505$ & $0.00346385$ & $0.00168089$ & $0.00319069$ & $-0.00950772$ & $6.17755e-05$ \\
CHd_33 & $0.000857682$ & $0.00317293$ & $0.000297139$ & $-0.000737749$ & $-0.000462415$ & $-0.0142757$ & $0.0015216$ & $0.0661353$ & $0.0649953$ & $-0.00518143$ & $-0.0675165$ & $-0.0137063$ & $0.00656187$ & $0.00979671$ & $-0.0360929$ & $-0.0307683$ & $-0.00776211$ & $0.00340796$ & $0.000650771$ & $0.0627666$ & $0.0508919$ & $0.0472039$ & $0.00255832$ & $0.111546$ & $-0.00305125$ & $-0.00776186$ & $0.030932$ & $1$ & $0.00191618$ & $-0.00085709$ & $0.00530458$ & $0.00151173$ & $-0.000479779$ & $0.0499673$ & $0.000513385$ & $-0.00520067$ & $-0.00687572$ & $0.00192518$ & $-0.00183949$ & $0.00133361$ & $0.00737681$ & $0.000456603$ & $0.00261901$ & $0.00417028$ & $0.00780961$ & $0.00279662$ & $0.00611425$ & $0.00110412$ & $-0.0049731$ \\
CeH_22r & $0.00315375$ & $0.00863118$ & $-0.000168089$ & $-0.00202591$ & $0.00278852$ & $0.00373761$ & $0.019193$ & $-0.0107524$ & $-0.00210121$ & $-0.00905927$ & $0.0144007$ & $0.0247859$ & $0.0132145$ & $-0.0136325$ & $0.00670512$ & $-0.000345568$ & $-0.00682877$ & $-0.00590722$ & $9.5504e-05$ & $-0.0109282$ & $-0.00376627$ & $-0.00495198$ & $-0.000432277$ & $0.00782901$ & $-0.0054597$ & $-0.00227934$ & $-0.00771075$ & $0.00191618$ & $1$ & $0.027079$ & $0.0185262$ & $0.000961397$ & $0.0262929$ & $-0.00773437$ & $-0.0358109$ & $-0.0164377$ & $-0.0258465$ & $-0.00538415$ & $-0.00845684$ & $0.00620325$ & $-0.000252519$ & $0.000635063$ & $0.00410415$ & $0.0153411$ & $0.00204161$ & $-0.00122064$ & $0.00340605$ & $-0.00222272$ & $-0.00791965$ \\
CeH_33r & $-0.0103635$ & $0.0249346$ & $-0.011473$ & $-0.0129023$ & $-0.00396988$ & $0.00470651$ & $-0.0523571$ & $0.00122982$ & $0.0326115$ & $-0.0712253$ & $0.00533868$ & $0.199355$ & $0.0814398$ & $-0.0375572$ & $-0.00344116$ & $-0.00147157$ & $-0.0384385$ & $-0.0188715$ & $-0.0183357$ & $-0.0248175$ & $-0.00334328$ & $-0.00569822$ & $0.00887605$ & $-0.0149681$ & $-0.0256397$ & $-0.00429875$ & $-0.000304787$ & $-0.00085709$ & $0.027079$ & $1$ & $0.246298$ & $0.0646173$ & $0.531867$ & $0.00103585$ & $-0.0743374$ & $-0.0118019$ & $-0.211358$ & $-0.100389$ & $-0.0393066$ & $0.00181638$ & $-0.00915684$ & $0.00416347$ & $0.0370524$ & $0.0146998$ & $0.0932524$ & $-0.00348956$ & $0.00277041$ & $-0.00298043$ & $-0.00514887$ \\
CuH_22r & $-0.0173045$ & $0.0599951$ & $-0.0577517$ & $-0.0632608$ & $0.00270284$ & $-0.000197178$ & $-0.032758$ & $-0.00473595$ & $0.0069871$ & $-0.029475$ & $0.00678904$ & $0.0613246$ & $0.0396987$ & $-0.0248986$ & $-0.00454224$ & $-0.0069268$ & $-0.0185945$ & $-0.0121681$ & $-0.00778937$ & $-0.00733773$ & $0.00426291$ & $-0.003431$ & $0.0058398$ & $-0.00660431$ & $-0.0133337$ & $-0.0087293$ & $0.00233083$ & $0.00530458$ & $0.0185262$ & $0.246298$ & $1$ & $0.0418894$ & $0.283484$ & $0.00634139$ & $-0.00616604$ & $0.00376546$ & $-0.114819$ & $-0.0437284$ & $-0.0152805$ & $0.00141013$ & $-0.0129347$ & $0.0174471$ & $-0.0205999$ & $-0.0252461$ & $0.0173031$ & $0.0816656$ & $0.426055$ & $0.00460891$ & $-0.000745621$ \\
CuH_33r & $0.00585088$ & $0.0121429$ & $-0.00517036$ & $-0.00708054$ & $-0.000871884$ & $0.00125353$ & $0.938245$ & $-0.0336772$ & $0.0197403$ & $0.0172986$ & $0.02756$ & $-0.00553117$ & $-0.0847758$ & $0.00170316$ & $0.00311969$ & $0.0149466$ & $0.00875986$ & $0.00825119$ & $-0.00060123$ & $-0.0104165$ & $-0.00887806$ & $-0.01658$ & $-0.000938454$ & $0.011944$ & $-0.000190944$ & $-0.00380781$ & $-0.0200208$ & $0.00151173$ & $0.000961397$ & $0.0646173$ & $0.0418894$ & $1$ & $0.0761217$ & $-0.0207317$ & $0.0678637$ & $0.0346521$ & $-0.0127827$ & $-0.0148461$ & $0.00332258$ & $0.00309924$ & $0.000580591$ & $-0.00253894$ & $-0.00110479$ & $-0.00580013$ & $-0.000847899$ & $6.92962e-05$ & $0.0189614$ & $0.00293205$ & $-0.0119654$ \\
CdH_33r & $-0.039038$ & $0.0193329$ & $0.0413469$ & $-0.0679649$ & $0.00351615$ & $-0.00220091$ & $-0.0760819$ & $-0.0157043$ & $0.0138844$ & $-0.040661$ & $0.0226886$ & $0.283539$ & $0.105787$ & $-0.0501266$ & $0.0015354$ & $0.00261134$ & $-0.0465911$ & $-0.0182875$ & $-0.0197169$ & $-0.00342531$ & $-0.00944465$ & $-0.0088606$ & $0.0100182$ & $-0.0047623$ & $-0.0173883$ & $-0.00745786$ & $-0.00751612$ & $-0.000479779$ & $0.0262929$ & $0.531867$ & $0.283484$ & $0.0761217$ & $1$ & $-0.0174175$ & $-0.112478$ & $0.0491084$ & $-0.20085$ & $-0.0975857$ & $-0.0297976$ & $0.0162594$ & $-0.0364097$ & $0.0253431$ & $0.0106455$ & $-0.0225777$ & $0.0399889$ & $-0.0419054$ & $0.0197736$ & $0.205466$ & $0.539147$ \\
CLL_1221 & $0.0103367$ & $0.122123$ & $0.00851591$ & $-0.00466453$ & $-0.000880898$ & $-0.102701$ & $-0.00616344$ & $0.60978$ & $0.595132$ & $-0.197187$ & $-0.461716$ & $-0.216451$ & $0.0408836$ & $-0.110881$ & $-0.596341$ & $-0.271761$ & $-0.177417$ & $0.538267$ & $0.0909807$ & $0.376951$ & $0.285445$ & $0.275933$ & $0.0963212$ & $-0.332192$ & $0.18431$ & $-0.0511175$ & $0.511216$ & $0.0499673$ & $-0.00773437$ & $0.00103585$ & $0.00634139$ & $-0.0207317$ & $-0.0174175$ & $1$ & $-0.0280238$ & $0.00800279$ & $-0.00676021$ & $0.000896989$ & $0.00533838$ & $0.00246093$ & $-0.00324498$ & $0.00161267$ & $0.00381714$ & $0.000532807$ & $0.0208087$ & $-0.00154649$ & $0.0146328$ & $-0.0160598$ & $0.000436699$ \\
eHggint & $0.100482$ & $-0.0983188$ & $0.0515472$ & $0.0739068$ & $-0.00579489$ & $0.00657102$ & $-0.0225207$ & $0.00115546$ & $-0.0258743$ & $0.0355405$ & $-0.0117762$ & $0.0701008$ & $-0.000425285$ & $0.0219323$ & $0.011766$ & $0.00195133$ & $0.0157345$ & $0.00756389$ & $0.00956061$ & $0.0198795$ & $-0.00640486$ & $0.00427261$ & $-0.00898441$ & $0.007657$ & $-0.00418962$ & $0.0028317$ & $-0.0122779$ & $0.000513385$ & $-0.0358109$ & $-0.0743374$ & $-0.00616604$ & $0.0678637$ & $-0.112478$ & $-0.0280238$ & $1$ & $-0.129591$ & $0.108357$ & $-0.0108218$ & $0.118775$ & $-0.00660727$ & $0.0676722$ & $-0.00527063$ & $-0.0279027$ & $0.02703$ & $-0.0362539$ & $-0.00669302$ & $0.0656615$ & $0.0102055$ & $-0.0969139$ \\
eHggpar & $-0.175691$ & $0.119846$ & $-0.017689$ & $-0.100209$ & $0.0176869$ & $0.00173193$ & $-0.0120495$ & $-0.030119$ & $-0.0495534$ & $0.033462$ & $0.0243977$ & $0.0428169$ & $0.00176259$ & $0.0132679$ & $0.00456714$ & $0.00522268$ & $0.0248054$ & $0.00563597$ & $-0.00106984$ & $-0.014653$ & $0.00619074$ & $-0.00470228$ & $4.58947e-05$ & $0.0165091$ & $0.0237107$ & $-0.000190038$ & $0.000169126$ & $-0.00520067$ & $-0.0164377$ & $-0.0118019$ & $0.00376546$ & $0.0346521$ & $0.0491084$ & $0.00800279$ & $-0.129591$ & $1$ & $0.00724456$ & $0.017253$ & $-0.0389114$ & $0.0510475$ & $-0.07349$ & $-0.0132484$ & $-0.112124$ & $-0.128541$ & $0.0612931$ & $0.00315461$ & $0.0255126$ & $0.0900807$ & $0.0906944$ \\
eHWWint & $0.055437$ & $-0.0426812$ & $0.0126313$ & $0.0197545$ & $-0.00721923$ & $-0.00668075$ & $0.020314$ & $0.00859956$ & $-0.0118542$ & $-0.00678971$ & $-0.00704074$ & $-0.0108141$ & $-0.00383863$ & $-0.00377704$ & $0.00795208$ & $0.0017324$ & $-0.00621274$ & $-0.00531129$ & $-0.00378222$ & $0.00102113$ & $0.0051107$ & $0.00143753$ & $-0.00536799$ & $-0.0076296$ & $-0.0091122$ & $0.00969712$ & $-0.00117352$ & $-0.00687572$ & $-0.0258465$ & $-0.211358$ & $-0.114819$ & $-0.0127827$ & $-0.20085$ & $-0.00676021$ & $0.108357$ & $0.00724456$ & $1$ & $0.0123365$ & $0.0451744$ & $-0.0216719$ & $0.0226169$ & $-0.0380142$ & $-0.0363334$ & $-0.0688985$ & $-0.0700332$ & $-0.0120042$ & $-0.0283827$ & $-0.00414556$ & $0.0580354$ \\
eHWWpar & $-0.0093785$ & $-0.0109091$ & $0.0115955$ & $-0.0121459$ & $-0.00663256$ & $0.00544347$ & $0.00744575$ & $0.00319315$ & $-0.00602679$ & $0.000896435$ & $-0.0044686$ & $-0.015834$ & $-0.00722087$ & $0.00346033$ & $-0.00039995$ & $-0.00407809$ & $0.00658929$ & $0.00240046$ & $-0.00170291$ & $0.00039732$ & $0.0060161$ & $0.0076053$ & $-0.00338752$ & $0.00237071$ & $0.00531131$ & $0.0010736$ & $0.0018225$ & $0.00192518$ & $-0.00538415$ & $-0.100389$ & $-0.0437284$ & $-0.0148461$ & $-0.0975857$ & $0.000896989$ & $-0.0108218$ & $0.017253$ & $0.0123365$ & $1$ & $-0.00738002$ & $0.00193496$ & $0.0020816$ & $0.000404497$ & $-0.0401861$ & $0.0175411$ & $-0.018566$ & $0.0436436$ & $0.0279635$ & $0.000592344$ & $0.0374426$ \\
eHZZint & $0.0263765$ & $0.00403973$ & $-0.00379665$ & $0.0597441$ & $-0.000856465$ & $0.00414307$ & $-0.0151266$ & $-0.00174075$ & $-0.0124054$ & $-0.0070519$ & $0.00376791$ & $-0.00686682$ & $-0.0039787$ & $-0.0084374$ & $-0.0102469$ & $-0.000742864$ & $-0.00920254$ & $0.0052545$ & $-0.00308423$ & $-0.00420087$ & $0.00515636$ & $-0.00275124$ & $-0.00765294$ & $-0.0118532$ & $-0.00255481$ & $0.000758567$ & $-0.0016078$ & $-0.00183949$ & $-0.00845684$ & $-0.0393066$ & $-0.0152805$ & $0.00332258$ & $-0.0297976$ & $0.00533838$ & $0.118775$ & $-0.0389114$ & $0.0451744$ & $-0.00738002$ & $1$ & $-0.035569$ & $0.0737012$ & $0.000742622$ & $-0.0183301$ & $-0.0339435$ & $-0.0582426$ & $0.00209087$ & $0.00499964$ & $-0.01349$ & $0.0161345$ \\
eHZZpar & $0.00458412$ & $0.0196265$ & $0.00226342$ & $-0.0583013$ & $0.00856915$ & $-0.000865173$ & $-0.00550108$ & $-0.00331585$ & $-0.00652509$ & $0.00220436$ & $0.0022892$ & $-0.00639947$ & $-0.00318$ & $0.00217894$ & $0.00121902$ & $0.00156129$ & $0.00247558$ & $0.00107999$ & $0.00573962$ & $0.000163049$ & $0.000582275$ & $-0.00157873$ & $-0.00379485$ & $-0.0065229$ & $-0.00060045$ & $0.00242689$ & $-0.00490122$ & $0.00133361$ & $0.00620325$ & $0.00181638$ & $0.00141013$ & $0.00309924$ & $0.0162594$ & $0.00246093$ & $-0.00660727$ & $0.0510475$ & $-0.0216719$ & $0.00193496$ & $-0.035569$ & $1$ & $0.0227134$ & $-0.00373876$ & $-0.0222377$ & $0.0288101$ & $0.0228083$ & $-0.00297019$ & $0.00948589$ & $0.00749455$ & $0.034461$ \\
eHZgaint & $-0.0120965$ & $-0.0335073$ & $0.0718517$ & $0.0357528$ & $-0.00182401$ & $0.00403346$ & $-0.00192966$ & $0.00302689$ & $0.00621766$ & $-0.032418$ & $0.00725768$ & $-0.00429456$ & $0.00517105$ & $-0.0225556$ & $-0.00856453$ & $-0.00886075$ & $-0.028598$ & $-0.00322978$ & $-0.00625556$ & $-0.00488975$ & $-0.00338571$ & $0.00093985$ & $0.00106213$ & $-0.00876338$ & $-0.00942468$ & $0.00443491$ & $0.00543448$ & $0.00737681$ & $-0.000252519$ & $-0.00915684$ & $-0.0129347$ & $0.000580591$ & $-0.0364097$ & $-0.00324498$ & $0.0676722$ & $-0.07349$ & $0.0226169$ & $0.0020816$ & $0.0737012$ & $0.0227134$ & $1$ & $0.0119044$ & $0.0595916$ & $0.0513683$ & $-0.0165949$ & $0.0168671$ & $-0.0184387$ & $-0.00135014$ & $-0.046097$ \\
eHZgapar & $-0.015705$ & $0.0168959$ & $0.00113089$ & $-0.0276769$ & $0.00204309$ & $0.00435859$ & $-0.00382758$ & $-0.00345259$ & $-0.00472956$ & $0.00182747$ & $0.00319501$ & $-0.00991591$ & $-0.012461$ & $-0.00262114$ & $0.00155676$ & $0.00311261$ & $0.00508076$ & $-0.000572616$ & $-0.00140037$ & $-0.00373251$ & $0.000299758$ & $-0.0080207$ & $0.0015572$ & $0.00256154$ & $-0.00018264$ & $-0.00665729$ & $-0.00710411$ & $0.000456603$ & $0.000635063$ & $0.00416347$ & $0.0174471$ & $-0.00253894$ & $0.0253431$ & $0.00161267$ & $-0.00527063$ & $-0.0132484$ & $-0.0380142$ & $0.000404497$ & $0.000742622$ & $-0.00373876$ & $0.0119044$ & $1$ & $-0.0011298$ & $-0.0266155$ & $-0.0130335$ & $0.0151805$ & $0.0165818$ & $-0.0241596$ & $0.0417197$ \\
eHgagaint & $0.0576966$ & $0.00318941$ & $0.0333571$ & $0.00375899$ & $0.000106926$ & $0.00326699$ & $0.00628554$ & $0.00304255$ & $0.0914443$ & $-0.0111634$ & $0.000577242$ & $-0.011606$ & $0.00413943$ & $-0.00530771$ & $-0.00435406$ & $0.000299204$ & $-0.00845349$ & $-0.00141047$ & $-0.0039208$ & $0.0055785$ & $-0.00268489$ & $0.00406106$ & $0.000121194$ & $-0.00969721$ & $-0.0117817$ & $-0.00233217$ & $0.000312331$ & $0.00261901$ & $0.00410415$ & $0.0370524$ & $-0.0205999$ & $-0.00110479$ & $0.0106455$ & $0.00381714$ & $-0.0279027$ & $-0.112124$ & $-0.0363334$ & $-0.0401861$ & $-0.0183301$ & $-0.0222377$ & $0.0595916$ & $-0.0011298$ & $1$ & $0.0182591$ & $0.157158$ & $-0.0486088$ & $-0.0490533$ & $0.0280698$ & $-0.022805$ \\
eHmumuint & $0.0619493$ & $-0.0808209$ & $0.00422727$ & $0.00517878$ & $-0.00627876$ & $0.00226179$ & $-0.00243979$ & $0.0161549$ & $0.0191484$ & $-0.00566549$ & $-0.0151609$ & $0.00705982$ & $0.00797271$ & $0.00523276$ & $-0.00947145$ & $-0.00179865$ & $-0.0104724$ & $0.0125127$ & $-0.00109385$ & $0.0137078$ & $-0.00198387$ & $0.00300645$ & $-0.00151352$ & $0.000217158$ & $-0.00448978$ & $0.00403348$ & $0.00748505$ & $0.00417028$ & $0.0153411$ & $0.0146998$ & $-0.0252461$ & $-0.00580013$ & $-0.0225777$ & $0.000532807$ & $0.02703$ & $-0.128541$ & $-0.0688985$ & $0.0175411$ & $-0.0339435$ & $0.0288101$ & $0.0513683$ & $-0.0266155$ & $0.0182591$ & $1$ & $0.0549341$ & $0.0625267$ & $-0.087138$ & $-0.066099$ & $-0.0471807$ \\
eHtautauint & $0.00351099$ & $0.0987$ & $0.00373482$ & $-0.112006$ & $-0.0030542$ & $0.00522625$ & $-0.00438586$ & $-0.010739$ & $0.00425981$ & $0.00970879$ & $0.00725054$ & $-0.00662805$ & $-0.00377513$ & $0.0018675$ & $-0.00273832$ & $-0.00353983$ & $0.0105679$ & $0.0050938$ & $-0.00218122$ & $-0.00544475$ & $0.00511109$ & $0.00397537$ & $-0.00631939$ & $-0.00329192$ & $-0.00565655$ & $0.00860296$ & $0.00346385$ & $0.00780961$ & $0.00204161$ & $0.0932524$ & $0.0173031$ & $-0.000847899$ & $0.0399889$ & $0.0208087$ & $-0.0362539$ & $0.0612931$ & $-0.0700332$ & $-0.018566$ & $-0.0582426$ & $0.0228083$ & $-0.0165949$ & $-0.0130335$ & $0.157158$ & $0.0549341$ & $1$ & $0.00335595$ & $0.0344175$ & $-0.0532471$ & $0.0596632$ \\
eHccint & $-0.0213845$ & $-0.0719831$ & $0.0403356$ & $-0.0603826$ & $-0.00863694$ & $-0.00505402$ & $0.00311062$ & $0.0218398$ & $0.0162613$ & $-0.00428736$ & $-0.0209976$ & $-0.000361228$ & $0.00366851$ & $0.00826062$ & $-0.00249185$ & $0.00252133$ & $-0.00361134$ & $0.00290649$ & $-0.00205974$ & $0.0150141$ & $0.0127327$ & $0.00438371$ & $0.000981805$ & $0.00161491$ & $-0.00174732$ & $-0.00218467$ & $0.00168089$ & $0.00279662$ & $-0.00122064$ & $-0.00348956$ & $0.0816656$ & $6.92962e-05$ & $-0.0419054$ & $-0.00154649$ & $-0.00669302$ & $0.00315461$ & $-0.0120042$ & $0.0436436$ & $0.00209087$ & $-0.00297019$ & $0.0168671$ & $0.0151805$ & $-0.0486088$ & $0.0625267$ & $0.00335595$ & $1$ & $0.0292564$ & $-0.128445$ & $-0.0219872$ \\
eHccpar & $-0.0198642$ & $0.121687$ & $-0.128077$ & $-0.121143$ & $0.00367385$ & $0.00405553$ & $0.00695891$ & $-0.0183568$ & $-0.0230244$ & $0.00976257$ & $0.0130109$ & $0.0018801$ & $-0.00372319$ & $0.000579699$ & $-0.000513168$ & $-0.00620456$ & $0.012609$ & $-0.00343437$ & $0.00345499$ & $-0.014401$ & $0.00443134$ & $0.000754644$ & $0.00317698$ & $0.00408733$ & $0.00359237$ & $-0.00596934$ & $0.00319069$ & $0.00611425$ & $0.00340605$ & $0.00277041$ & $0.426055$ & $0.0189614$ & $0.0197736$ & $0.0146328$ & $0.0656615$ & $0.0255126$ & $-0.0283827$ & $0.0279635$ & $0.00499964$ & $0.00948589$ & $-0.0184387$ & $0.0165818$ & $-0.0490533$ & $-0.087138$ & $0.0344175$ & $0.0292564$ & $1$ & $0.0330496$ & $0.0155903$ \\
eHbbint & $-0.0685133$ & $-0.0965817$ & $0.0373621$ & $-0.124706$ & $0.00550854$ & $0.00140019$ & $-0.00859082$ & $0.0186386$ & $0.0188069$ & $0.00152663$ & $-0.0137677$ & $0.012886$ & $0.00182153$ & $0.00411571$ & $0.00409706$ & $0.00457478$ & $-0.0027506$ & $-0.00634801$ & $-0.00653753$ & $0.0188413$ & $-0.00950154$ & $0.00715$ & $0.000999959$ & $0.00622405$ & $-0.00162516$ & $-0.000537647$ & $-0.00950772$ & $0.00110412$ & $-0.00222272$ & $-0.00298043$ & $0.00460891$ & $0.00293205$ & $0.205466$ & $-0.0160598$ & $0.0102055$ & $0.0900807$ & $-0.00414556$ & $0.000592344$ & $-0.01349$ & $0.00749455$ & $-0.00135014$ & $-0.0241596$ & $0.0280698$ & $-0.066099$ & $-0.0532471$ & $-0.128445$ & $0.0330496$ & $1$ & $0.0634482$ \\
eHbbpar & $-0.0215138$ & $0.010449$ & $0.0758262$ & $-0.0589594$ & $0.0135781$ & $-0.0083069$ & $-0.0123846$ & $-0.00653118$ & $-0.0102526$ & $-0.0005291$ & $0.0103322$ & $-0.0103833$ & $-0.00753504$ & $-0.000315967$ & $-0.00401561$ & $-0.00112299$ & $0.00360734$ & $0.002244$ & $-0.00391689$ & $-0.0122134$ & $0.000577272$ & $-0.00185401$ & $0.0052334$ & $0.00244657$ & $0.00812345$ & $-0.00496726$ & $6.17755e-05$ & $-0.0049731$ & $-0.00791965$ & $-0.00514887$ & $-0.000745621$ & $-0.0119654$ & $0.539147$ & $0.000436699$ & $-0.0969139$ & $0.0906944$ & $0.0580354$ & $0.0374426$ & $0.0161345$ & $0.034461$ & $-0.046097$ & $0.0417197$ & $-0.022805$ & $-0.0471807$ & $0.0596632$ & $-0.0219872$ & $0.0155903$ & $0.0634482$ & $1$ \\
