 & AlsMz & dAle5Mz & mtop & mHl & Mz & CW & CHG & CHWB & CHWHB_gaga & CHWHB_gagaorth & CHD & CHbox & CH & CHL1_11 & CHL1_22 & CHL1_33 & CHL3_11 & CHL3_22 & CHL3_33 & CHe_11 & CHe_22 & CHe_33 & CHQ1_11 & CHQ1_33 & CHQ3_11 & CHu_11 & CHd_11 & CHd_33 & CeH_22r & CeH_33r & CuH_22r & CuH_33r & CdH_33r & CLL_1221 & eHggint & eHggpar & eHWWint & eHWWpar & eHZZint & eHZZpar & eHZgaint & eHZgapar & eHgagaint & eHmumuint & eHtautauint & eHccint & eHccpar & eHbbint & eHbbpar \\
AlsMz & $1$ & $0.271759$ & $-0.0761214$ & $0.0204126$ & $0.0132981$ & $0.00775593$ & $0.20437$ & $-0.0138835$ & $-0.00690449$ & $0.0807324$ & $0.0250312$ & $-0.184716$ & $-0.246528$ & $-0.0454119$ & $0.00639884$ & $-0.0203702$ & $-0.0281284$ & $-0.0453287$ & $-0.0229319$ & $-0.0271874$ & $-0.0266431$ & $-0.0282592$ & $-0.0258844$ & $-0.0570568$ & $-0.0961961$ & $0.0305864$ & $-0.0308852$ & $0.00822627$ & $-0.0261737$ & $-0.175206$ & $-0.12616$ & $0.196187$ & $-0.192259$ & $-0.00780426$ & $-0.106762$ & $0.0568417$ & $0.0917686$ & $0.0368498$ & $0.140767$ & $0.12491$ & $0.208319$ & $0.040675$ & $0.272189$ & $0.0903655$ & $0.223424$ & $0.133128$ & $-0.0562874$ & $0.00982756$ & $-0.115886$ \\
dAle5Mz & $0.271759$ & $1$ & $0.0515504$ & $0.489331$ & $-0.00685959$ & $0.0137203$ & $0.0988522$ & $-0.0450884$ & $-0.0392947$ & $0.0143215$ & $0.0358396$ & $-0.110332$ & $-0.100912$ & $-0.0273479$ & $0.0240366$ & $0.0157182$ & $0.00361951$ & $-0.0172485$ & $-0.0224175$ & $-0.0244889$ & $-0.0312436$ & $-0.0393507$ & $0.00271052$ & $0.00424234$ & $-0.0489157$ & $-0.00154694$ & $-0.0935665$ & $-0.00755151$ & $-0.0333903$ & $-0.0500961$ & $-0.0953829$ & $0.0873485$ & $-0.0769977$ & $-0.0245887$ & $0.115761$ & $-0.251516$ & $-0.0872065$ & $0.0538252$ & $0.026162$ & $-0.00453399$ & $0.305591$ & $-0.0415033$ & $0.146347$ & $0.140617$ & $0.266109$ & $-0.0377371$ & $-0.162719$ & $0.0913123$ & $-0.0109535$ \\
mtop & $-0.0761214$ & $0.0515504$ & $1$ & $-0.15844$ & $-0.0242504$ & $0.0923505$ & $0.153213$ & $-0.124491$ & $-0.122209$ & $0.088735$ & $0.142825$ & $-0.0934018$ & $-0.148708$ & $-0.0896527$ & $-0.0822771$ & $-0.110602$ & $-0.0507455$ & $-0.015133$ & $0.00669037$ & $-0.138685$ & $-0.137372$ & $-0.138202$ & $-0.0481432$ & $0.0385389$ & $-0.0190081$ & $0.123249$ & $-0.0497259$ & $-0.0441682$ & $-0.0206168$ & $-0.131329$ & $-0.0934239$ & $0.147588$ & $-0.112589$ & $-0.0571278$ & $0.0644761$ & $-0.23957$ & $0.0937896$ & $-0.0155295$ & $0.111735$ & $0.125185$ & $-0.087716$ & $0.0342995$ & $-0.0233111$ & $0.261307$ & $0.0615134$ & $-0.0744772$ & $-0.0807861$ & $-0.0535501$ & $0.135249$ \\
mHl & $0.0204126$ & $0.489331$ & $-0.15844$ & $1$ & $0.0159431$ & $0.00467003$ & $-0.119716$ & $0.0042092$ & $0.00919305$ & $-0.032101$ & $-0.00607016$ & $0.0105876$ & $0.0733883$ & $-0.00842283$ & $0.0352178$ & $0.0239105$ & $0.00418674$ & $-0.0208106$ & $-0.0202013$ & $0.0110048$ & $0.00763258$ & $0.00464161$ & $0.0086406$ & $-0.0151236$ & $-0.0139478$ & $-0.0214122$ & $-0.023139$ & $-0.000749852$ & $-0.00363179$ & $0.104836$ & $-0.00265402$ & $-0.106984$ & $0.146066$ & $-0.00119462$ & $0.244978$ & $0.0384288$ & $-0.523226$ & $0.0274559$ & $-0.197365$ & $-0.0990119$ & $0.466642$ & $-0.115318$ & $0.287363$ & $-0.0501161$ & $0.055882$ & $0.198797$ & $-0.319293$ & $0.0211635$ & $0.277745$ \\
Mz & $0.0132981$ & $-0.00685959$ & $-0.0242504$ & $0.0159431$ & $1$ & $-0.0149251$ & $-0.00847987$ & $0.0162859$ & $0.0180996$ & $-0.0107026$ & $-0.0104092$ & $0.0286965$ & $0.0308812$ & $0.0122489$ & $0.00323654$ & $0.00783713$ & $-0.000660363$ & $0.00187572$ & $-0.00310361$ & $0.0172766$ & $0.0192557$ & $0.0151034$ & $0.0199104$ & $-0.0116642$ & $-0.0019135$ & $-0.022972$ & $0.00726638$ & $0.0160562$ & $0.0393399$ & $0.0248095$ & $-0.00831616$ & $-0.00725086$ & $0.0221776$ & $0.0098142$ & $-0.00880099$ & $0.0452451$ & $-0.0111849$ & $-0.0051883$ & $0.0242615$ & $-0.00626931$ & $0.000748346$ & $0.01708$ & $0.0207528$ & $0.019409$ & $-0.0255405$ & $0.0228293$ & $0.000275513$ & $0.00876952$ & $-0.015472$ \\
CW & $0.00775593$ & $0.0137203$ & $0.0923505$ & $0.00467003$ & $-0.0149251$ & $1$ & $0.0413766$ & $-0.0718508$ & $-0.0663716$ & $0.0457859$ & $0.184855$ & $-0.0125066$ & $-0.0571392$ & $-0.0661094$ & $-0.10593$ & $-0.11891$ & $-0.39243$ & $-0.190818$ & $-0.179083$ & $-0.182345$ & $-0.186805$ & $-0.189143$ & $-0.0424768$ & $-0.138605$ & $-0.229689$ & $0.152081$ & $-0.0912481$ & $-0.0884561$ & $-0.0323607$ & $-0.0518621$ & $-0.0620053$ & $0.0407699$ & $-0.0552147$ & $-0.117066$ & $0.0768033$ & $0.00289404$ & $0.0287236$ & $-0.0276836$ & $0.00485818$ & $0.0554918$ & $-0.00418532$ & $-0.0544912$ & $0.0358248$ & $0.00046428$ & $0.0333744$ & $-0.00319652$ & $-0.0412959$ & $-0.00732986$ & $0.0466875$ \\
CHG & $0.20437$ & $0.0988522$ & $0.153213$ & $-0.119716$ & $-0.00847987$ & $0.0413766$ & $1$ & $-0.12077$ & $-0.0971318$ & $0.25371$ & $0.170642$ & $-0.670508$ & $-0.768815$ & $-0.168299$ & $-0.0851148$ & $-0.0936631$ & $-0.111909$ & $-0.0899852$ & $-0.0806854$ & $-0.169139$ & $-0.169162$ & $-0.173227$ & $-0.0265353$ & $-0.0411671$ & $-0.118565$ & $0.145735$ & $-0.0819107$ & $-0.0824982$ & $-0.143892$ & $-0.597474$ & $-0.346186$ & $0.954532$ & $-0.631633$ & $-0.0431001$ & $-0.182908$ & $0.0204335$ & $0.174925$ & $0.0586643$ & $0.163979$ & $0.0745327$ & $-0.204773$ & $0.0266146$ & $0.0457146$ & $0.0577568$ & $0.0780166$ & $0.051579$ & $0.140136$ & $-0.0285941$ & $-0.0657011$ \\
CHWB & $-0.0138835$ & $-0.0450884$ & $-0.124491$ & $0.0042092$ & $0.0162859$ & $-0.0718508$ & $-0.12077$ & $1$ & $0.990727$ & $-0.558186$ & $-0.882272$ & $-0.0383062$ & $0.105876$ & $0.357895$ & $0.50745$ & $0.525965$ & $-0.136889$ & $-0.324573$ & $-0.355651$ & $0.869345$ & $0.893792$ & $0.886421$ & $0.0205614$ & $-0.571648$ & $-0.302233$ & $-0.63054$ & $0.3897$ & $0.386608$ & $0.0349669$ & $0.0832648$ & $0.0520628$ & $-0.134925$ & $0.0673363$ & $0.52528$ & $-0.0294648$ & $-0.0237106$ & $0.0369443$ & $0.0565931$ & $0.0111077$ & $-0.0350792$ & $0.0215573$ & $-0.024169$ & $0.0394382$ & $-0.0254657$ & $-0.0315865$ & $-0.10074$ & $-0.0339925$ & $-0.0379173$ & $-0.154872$ \\
CHWHB_gaga & $-0.00690449$ & $-0.0392947$ & $-0.122209$ & $0.00919305$ & $0.0180996$ & $-0.0663716$ & $-0.0971318$ & $0.990727$ & $1$ & $-0.548903$ & $-0.873768$ & $-0.0305536$ & $0.107614$ & $0.354441$ & $0.503259$ & $0.524398$ & $-0.137592$ & $-0.322536$ & $-0.354988$ & $0.861382$ & $0.885058$ & $0.877544$ & $0.0177024$ & $-0.566878$ & $-0.302275$ & $-0.625618$ & $0.381192$ & $0.382463$ & $0.042139$ & $0.0984939$ & $0.0666422$ & $-0.11318$ & $0.0846303$ & $0.519166$ & $-0.0406673$ & $-0.0260269$ & $0.0227001$ & $0.0571137$ & $0.0124402$ & $-0.0337094$ & $0.0338141$ & $-0.0229115$ & $0.0695799$ & $-0.0180375$ & $-0.0282189$ & $-0.107538$ & $-0.0324473$ & $-0.0462104$ & $-0.148654$ \\
CHWHB_gagaorth & $0.0807324$ & $0.0143215$ & $0.088735$ & $-0.032101$ & $-0.0107026$ & $0.0457859$ & $0.25371$ & $-0.558186$ & $-0.548903$ & $1$ & $0.48097$ & $-0.0682545$ & $-0.312069$ & $-0.172059$ & $-0.275868$ & $-0.279889$ & $0.0930875$ & $0.202392$ & $0.211825$ & $-0.473008$ & $-0.489045$ & $-0.487061$ & $-0.0401652$ & $0.338701$ & $0.188605$ & $0.372544$ & $-0.213588$ & $-0.210808$ & $-0.0857539$ & $-0.253982$ & $-0.169337$ & $0.262422$ & $-0.282236$ & $-0.303852$ & $-0.0357544$ & $0.0501094$ & $0.0133083$ & $-0.040235$ & $0.0522107$ & $0.0422817$ & $-0.076564$ & $-0.0432732$ & $0.0300868$ & $0.0217091$ & $0.0315655$ & $0.122554$ & $0.0524286$ & $-0.0218515$ & $0.0514538$ \\
CHD & $0.0250312$ & $0.0358396$ & $0.142825$ & $-0.00607016$ & $-0.0104092$ & $0.184855$ & $0.170642$ & $-0.882272$ & $-0.873768$ & $0.48097$ & $1$ & $0.0140197$ & $-0.175109$ & $-0.718396$ & $-0.611355$ & $-0.625297$ & $-0.318957$ & $-0.0958323$ & $-0.0595238$ & $-0.995809$ & $-0.996072$ & $-0.984488$ & $0.0200833$ & $0.162486$ & $-0.129898$ & $0.709086$ & $-0.28652$ & $-0.432675$ & $-0.0434091$ & $-0.153484$ & $-0.0961465$ & $0.184731$ & $-0.140396$ & $-0.327791$ & $0.0417628$ & $0.0209658$ & $-0.0106954$ & $-0.0533534$ & $0.0301473$ & $0.0386861$ & $-0.0461951$ & $0.0440768$ & $-0.0292103$ & $0.0313497$ & $0.0308264$ & $0.102869$ & $0.0665691$ & $0.0587437$ & $0.143071$ \\
CHbox & $-0.184716$ & $-0.110332$ & $-0.0934018$ & $0.0105876$ & $0.0286965$ & $-0.0125066$ & $-0.670508$ & $-0.0383062$ & $-0.0305536$ & $-0.0682545$ & $0.0140197$ & $1$ & $0.878889$ & $0.0270493$ & $0.00705578$ & $0.0198865$ & $0.0381206$ & $0.0453017$ & $0.0394824$ & $-0.00911143$ & $-0.016689$ & $-0.0124514$ & $0.0210829$ & $0.0665072$ & $0.0687634$ & $-0.0181981$ & $-0.0183597$ & $0.0105415$ & $0.183825$ & $0.670244$ & $0.381478$ & $-0.582715$ & $0.699249$ & $-0.0510229$ & $0.181281$ & $-0.027315$ & $-0.105968$ & $-0.0589717$ & $-0.137982$ & $-0.0421795$ & $0.169414$ & $0.0116011$ & $-0.0887678$ & $-0.0383913$ & $-0.0478744$ & $-0.0466522$ & $-0.0729013$ & $0.0503238$ & $0.0820895$ \\
CH & $-0.246528$ & $-0.100912$ & $-0.148708$ & $0.0733883$ & $0.0308812$ & $-0.0571392$ & $-0.768815$ & $0.105876$ & $0.107614$ & $-0.312069$ & $-0.175109$ & $0.878889$ & $1$ & $0.194256$ & $0.0921655$ & $0.119851$ & $0.149089$ & $0.1255$ & $0.105515$ & $0.175357$ & $0.173063$ & $0.175647$ & $0.0287905$ & $0.0771328$ & $0.146576$ & $-0.165469$ & $0.0453024$ & $0.0889086$ & $0.213223$ & $0.735072$ & $0.437148$ & $-0.687398$ & $0.769872$ & $0.0238063$ & $0.210514$ & $-0.0438584$ & $-0.163936$ & $-0.0564814$ & $-0.186629$ & $-0.0877633$ & $0.235969$ & $-0.00860572$ & $-0.0975985$ & $-0.0882712$ & $-0.0711192$ & $-0.0992066$ & $-0.131205$ & $0.0627433$ & $0.0719219$ \\
CHL1_11 & $-0.0454119$ & $-0.0273479$ & $-0.0896527$ & $-0.00842283$ & $0.0122489$ & $-0.0661094$ & $-0.168299$ & $0.357895$ & $0.354441$ & $-0.172059$ & $-0.718396$ & $0.0270493$ & $0.194256$ & $1$ & $0.442908$ & $0.447269$ & $0.646458$ & $0.607574$ & $0.579404$ & $0.72413$ & $0.696866$ & $0.683546$ & $-0.0760749$ & $0.421143$ & $0.613639$ & $-0.493147$ & $0.0276396$ & $0.300721$ & $0.0326373$ & $0.170619$ & $0.10432$ & $-0.178189$ & $0.167175$ & $-0.116639$ & $-0.0206454$ & $0.000537221$ & $-0.00735748$ & $0.0289698$ & $-0.0581307$ & $-0.0234664$ & $0.0402896$ & $-0.0565055$ & $-0.0119207$ & $-0.0343046$ & $-0.0221584$ & $-0.0682225$ & $-0.0859073$ & $-0.0567129$ & $-0.0753152$ \\
CHL1_22 & $0.00639884$ & $0.0240366$ & $-0.0822771$ & $0.0352178$ & $0.00323654$ & $-0.10593$ & $-0.0851148$ & $0.50745$ & $0.503259$ & $-0.275868$ & $-0.611355$ & $0.00705578$ & $0.0921655$ & $0.442908$ & $1$ & $0.533226$ & $0.219346$ & $-0.258558$ & $0.0328788$ & $0.646513$ & $0.565722$ & $0.55506$ & $-0.151485$ & $0.0467907$ & $-0.0120108$ & $-0.402356$ & $-0.240323$ & $0.247813$ & $0.0185876$ & $0.104126$ & $0.0448472$ & $-0.0889305$ & $0.0839764$ & $-0.423288$ & $0.0376619$ & $-0.0322044$ & $-0.0698366$ & $0.05393$ & $-0.0742105$ & $-0.0592606$ & $0.0590083$ & $-0.0619656$ & $0.0270528$ & $-0.0286816$ & $-0.00152871$ & $0.0181974$ & $-0.0251724$ & $-0.0864049$ & $-0.0115033$ \\
CHL1_33 & $-0.0203702$ & $0.0157182$ & $-0.110602$ & $0.0239105$ & $0.00783713$ & $-0.11891$ & $-0.0936631$ & $0.525965$ & $0.524398$ & $-0.279889$ & $-0.625297$ & $0.0198865$ & $0.119851$ & $0.447269$ & $0.533226$ & $1$ & $0.213415$ & $0.0550176$ & $-0.28086$ & $0.659156$ & $0.581747$ & $0.587923$ & $-0.125594$ & $0.033525$ & $0.00155829$ & $-0.420017$ & $-0.190967$ & $0.247676$ & $0.0114975$ & $0.137758$ & $0.0771738$ & $-0.085092$ & $0.121633$ & $0.0682981$ & $0.0126689$ & $0.0344993$ & $-0.0526448$ & $0.0472621$ & $-0.0707957$ & $-0.0361592$ & $0.0511352$ & $-0.0759406$ & $0.0571795$ & $-0.0013679$ & $0.0261451$ & $-0.0283263$ & $-0.0072355$ & $-0.0628366$ & $-0.0435292$ \\
CHL3_11 & $-0.0281284$ & $0.00361951$ & $-0.0507455$ & $0.00418674$ & $-0.000660363$ & $-0.39243$ & $-0.111909$ & $-0.136889$ & $-0.137592$ & $0.0930875$ & $-0.318957$ & $0.0381206$ & $0.149089$ & $0.646458$ & $0.219346$ & $0.213415$ & $1$ & $0.820886$ & $0.808182$ & $0.327511$ & $0.299177$ & $0.291141$ & $-0.0426848$ & $0.742957$ & $0.858697$ & $-0.233874$ & $-0.0923091$ & $0.139831$ & $0.025244$ & $0.153052$ & $0.102972$ & $-0.112922$ & $0.160684$ & $-0.220092$ & $-0.0518282$ & $-0.00828727$ & $-0.056962$ & $-0.00414102$ & $-0.0811926$ & $-0.00922171$ & $0.0579371$ & $-0.0316372$ & $-0.0103488$ & $-0.0064953$ & $-0.014813$ & $-0.023331$ & $-0.0647166$ & $-0.0423377$ & $0.0108432$ \\
CHL3_22 & $-0.0453287$ & $-0.0172485$ & $-0.015133$ & $-0.0208106$ & $0.00187572$ & $-0.190818$ & $-0.0899852$ & $-0.324573$ & $-0.322536$ & $0.202392$ & $-0.0958323$ & $0.0453017$ & $0.1255$ & $0.607574$ & $-0.258558$ & $0.0550176$ & $0.820886$ & $1$ & $0.777269$ & $0.093871$ & $0.0913456$ & $0.0880065$ & $0.00338147$ & $0.731425$ & $0.87201$ & $-0.077076$ & $-0.0028318$ & $0.040922$ & $0.0159171$ & $0.115231$ & $0.084175$ & $-0.0894446$ & $0.130076$ & $-0.0460893$ & $-0.0530885$ & $0.0251587$ & $-0.00933895$ & $-0.0257928$ & $-0.0450548$ & $0.0193635$ & $0.0195935$ & $-0.0153541$ & $-0.0293246$ & $-0.00172522$ & $-0.00733848$ & $-0.0400323$ & $-0.0612641$ & $-0.00557526$ & $-0.000166125$ \\
CHL3_33 & $-0.0229319$ & $-0.0224175$ & $0.00669037$ & $-0.0202013$ & $-0.00310361$ & $-0.179083$ & $-0.0806854$ & $-0.355651$ & $-0.354988$ & $0.211825$ & $-0.0595238$ & $0.0394824$ & $0.105515$ & $0.579404$ & $0.0328788$ & $-0.28086$ & $0.808182$ & $0.777269$ & $1$ & $0.0571307$ & $0.0561587$ & $0.0543808$ & $-0.0103781$ & $0.731801$ & $0.857184$ & $-0.0458138$ & $-0.0235708$ & $0.0317737$ & $0.0193045$ & $0.0886315$ & $0.0613504$ & $-0.0877395$ & $0.102989$ & $-0.378798$ & $-0.0395297$ & $-0.0184233$ & $-0.0163166$ & $-0.0294648$ & $-0.0461328$ & $0.00506489$ & $0.0220601$ & $-0.00211484$ & $-0.0506058$ & $-0.0230801$ & $-0.0296737$ & $-0.00703502$ & $-0.0717104$ & $-0.0181988$ & $0.0248188$ \\
CHe_11 & $-0.0271874$ & $-0.0244889$ & $-0.138685$ & $0.0110048$ & $0.0172766$ & $-0.182345$ & $-0.169139$ & $0.869345$ & $0.861382$ & $-0.473008$ & $-0.995809$ & $-0.00911143$ & $0.175357$ & $0.72413$ & $0.646513$ & $0.659156$ & $0.327511$ & $0.093871$ & $0.0571307$ & $1$ & $0.988158$ & $0.976402$ & $-0.0341142$ & $-0.135082$ & $0.13432$ & $-0.703824$ & $0.242163$ & $0.427604$ & $0.0417063$ & $0.156114$ & $0.0950427$ & $-0.18243$ & $0.141719$ & $0.279885$ & $-0.0353002$ & $-0.0204666$ & $0.00351706$ & $0.0534654$ & $-0.0364683$ & $-0.0406094$ & $0.0493022$ & $-0.0485164$ & $0.0315227$ & $-0.0296164$ & $-0.0242463$ & $-0.0965006$ & $-0.0664551$ & $-0.0640799$ & $-0.135416$ \\
CHe_22 & $-0.0266431$ & $-0.0312436$ & $-0.137372$ & $0.00763258$ & $0.0192557$ & $-0.186805$ & $-0.169162$ & $0.893792$ & $0.885058$ & $-0.489045$ & $-0.996072$ & $-0.016689$ & $0.173063$ & $0.696866$ & $0.565722$ & $0.581747$ & $0.299177$ & $0.0913456$ & $0.0561587$ & $0.988158$ & $1$ & $0.987035$ & $-0.00364782$ & $-0.199553$ & $0.117856$ & $-0.71106$ & $0.336044$ & $0.433626$ & $0.0440053$ & $0.148574$ & $0.0938393$ & $-0.184518$ & $0.136015$ & $0.384154$ & $-0.046077$ & $-0.0266753$ & $0.0179597$ & $0.0524594$ & $-0.0221621$ & $-0.035604$ & $0.0447408$ & $-0.0384209$ & $0.0281343$ & $-0.0298174$ & $-0.0336293$ & $-0.110871$ & $-0.0702072$ & $-0.053241$ & $-0.150148$ \\
CHe_33 & $-0.0282592$ & $-0.0393507$ & $-0.138202$ & $0.00464161$ & $0.0151034$ & $-0.189143$ & $-0.173227$ & $0.886421$ & $0.877544$ & $-0.487061$ & $-0.984488$ & $-0.0124514$ & $0.175647$ & $0.683546$ & $0.55506$ & $0.587923$ & $0.291141$ & $0.0880065$ & $0.0543808$ & $0.976402$ & $0.987035$ & $1$ & $-0.00305139$ & $-0.202549$ & $0.114218$ & $-0.702083$ & $0.339146$ & $0.431271$ & $0.0429604$ & $0.150065$ & $0.0968345$ & $-0.186762$ & $0.139943$ & $0.388518$ & $-0.0450372$ & $-0.0251718$ & $0.0160137$ & $0.0442215$ & $-0.0216234$ & $-0.0390183$ & $0.0463001$ & $-0.0394521$ & $0.0313839$ & $-0.0288913$ & $-0.0337511$ & $-0.110499$ & $-0.0689674$ & $-0.0505145$ & $-0.145893$ \\
CHQ1_11 & $-0.0258844$ & $0.00271052$ & $-0.0481432$ & $0.0086406$ & $0.0199104$ & $-0.0424768$ & $-0.0265353$ & $0.0205614$ & $0.0177024$ & $-0.0401652$ & $0.0200833$ & $0.0210829$ & $0.0287905$ & $-0.0760749$ & $-0.151485$ & $-0.125594$ & $-0.0426848$ & $0.00338147$ & $-0.0103781$ & $-0.0341142$ & $-0.00364782$ & $-0.00305139$ & $1$ & $-0.0923431$ & $0.0497329$ & $-0.560786$ & $0.321343$ & $0.0231337$ & $0.0269297$ & $0.00440222$ & $0.0121015$ & $-0.0244192$ & $0.0325518$ & $0.17954$ & $-0.00141452$ & $-0.0499834$ & $0.0406776$ & $0.0180112$ & $-0.00185018$ & $-0.00702982$ & $0.0210386$ & $0.0597707$ & $-0.037965$ & $0.0198482$ & $-0.0371459$ & $-0.0779242$ & $0.00759252$ & $0.0732123$ & $0.0356321$ \\
CHQ1_33 & $-0.0570568$ & $0.00424234$ & $0.0385389$ & $-0.0151236$ & $-0.0116642$ & $-0.138605$ & $-0.0411671$ & $-0.571648$ & $-0.566878$ & $0.338701$ & $0.162486$ & $0.0665072$ & $0.0771328$ & $0.421143$ & $0.0467907$ & $0.033525$ & $0.742957$ & $0.731425$ & $0.731801$ & $-0.135082$ & $-0.199553$ & $-0.202549$ & $-0.0923431$ & $1$ & $0.753516$ & $0.12437$ & $-0.350316$ & $0.00196942$ & $0.00357577$ & $0.0908887$ & $0.0579865$ & $-0.0322695$ & $0.0990452$ & $-0.593623$ & $-0.00434789$ & $0.0137446$ & $-0.0614224$ & $-0.0149295$ & $-0.0688574$ & $-0.00196381$ & $0.0133398$ & $-0.0376835$ & $-0.0406541$ & $-0.00365173$ & $-0.00544032$ & $0.0515556$ & $-0.0226086$ & $-0.044612$ & $0.104648$ \\
CHQ3_11 & $-0.0961961$ & $-0.0489157$ & $-0.0190081$ & $-0.0139478$ & $-0.0019135$ & $-0.229689$ & $-0.118565$ & $-0.302233$ & $-0.302275$ & $0.188605$ & $-0.129898$ & $0.0687634$ & $0.146576$ & $0.613639$ & $-0.0120108$ & $0.00155829$ & $0.858697$ & $0.87201$ & $0.857184$ & $0.13432$ & $0.117856$ & $0.114218$ & $0.0497329$ & $0.753516$ & $1$ & $-0.0942561$ & $0.15822$ & $0.0632862$ & $0.0197798$ & $0.126908$ & $0.0732$ & $-0.124742$ & $0.137406$ & $-0.250471$ & $-0.0568762$ & $0.000103284$ & $0.00198771$ & $-0.00666553$ & $-0.0280237$ & $-0.00506417$ & $0.0144618$ & $-0.0251471$ & $-0.0511602$ & $-0.0124285$ & $-0.017139$ & $-0.0524172$ & $-0.0811299$ & $-0.00349427$ & $0.000644846$ \\
CHu_11 & $0.0305864$ & $-0.00154694$ & $0.123249$ & $-0.0214122$ & $-0.022972$ & $0.152081$ & $0.145735$ & $-0.63054$ & $-0.625618$ & $0.372544$ & $0.709086$ & $-0.0181981$ & $-0.165469$ & $-0.493147$ & $-0.402356$ & $-0.420017$ & $-0.233874$ & $-0.077076$ & $-0.0458138$ & $-0.703824$ & $-0.71106$ & $-0.702083$ & $-0.560786$ & $0.12437$ & $-0.0942561$ & $1$ & $-0.212454$ & $-0.324038$ & $-0.0361366$ & $-0.134869$ & $-0.102684$ & $0.148115$ & $-0.15123$ & $-0.279031$ & $0.0102608$ & $0.0490339$ & $-0.0043484$ & $-0.0436689$ & $0.0598636$ & $0.0361098$ & $-0.0771822$ & $0.00145091$ & $-0.0102863$ & $-0.0102042$ & $0.0256365$ & $0.104739$ & $0.0402833$ & $-0.0071487$ & $0.0455386$ \\
CHd_11 & $-0.0308852$ & $-0.0935665$ & $-0.0497259$ & $-0.023139$ & $0.00726638$ & $-0.0912481$ & $-0.0819107$ & $0.3897$ & $0.381192$ & $-0.213588$ & $-0.28652$ & $-0.0183597$ & $0.0453024$ & $0.0276396$ & $-0.240323$ & $-0.190967$ & $-0.0923091$ & $-0.0028318$ & $-0.0235708$ & $0.242163$ & $0.336044$ & $0.339146$ & $0.321343$ & $-0.350316$ & $0.15822$ & $-0.212454$ & $1$ & $0.151179$ & $0.0340668$ & $-0.00255379$ & $-0.0114419$ & $-0.105637$ & $-0.00366763$ & $0.634543$ & $-0.107494$ & $-0.0326115$ & $0.145879$ & $0.0300218$ & $0.137719$ & $0.00123874$ & $-0.0349506$ & $0.0304633$ & $-0.018691$ & $-0.0125731$ & $-0.0408377$ & $-0.142626$ & $-0.0641027$ & $0.0508045$ & $-0.154575$ \\
CHd_33 & $0.00822627$ & $-0.00755151$ & $-0.0441682$ & $-0.000749852$ & $0.0160562$ & $-0.0884561$ & $-0.0824982$ & $0.386608$ & $0.382463$ & $-0.210808$ & $-0.432675$ & $0.0105415$ & $0.0889086$ & $0.300721$ & $0.247813$ & $0.247676$ & $0.139831$ & $0.040922$ & $0.0317737$ & $0.427604$ & $0.433626$ & $0.431271$ & $0.0231337$ & $0.00196942$ & $0.0632862$ & $-0.324038$ & $0.151179$ & $1$ & $0.0151481$ & $0.0869968$ & $0.0563883$ & $-0.0852078$ & $0.0849597$ & $0.168922$ & $-0.0377877$ & $-0.0333049$ & $0.00660476$ & $0.0512162$ & $-0.0279692$ & $0.00287267$ & $0.0386727$ & $-0.0300653$ & $0.0277491$ & $-0.00331081$ & $-0.0305938$ & $-0.0468726$ & $-0.016799$ & $-0.0109909$ & $-0.0481227$ \\
CeH_22r & $-0.0261737$ & $-0.0333903$ & $-0.0206168$ & $-0.00363179$ & $0.0393399$ & $-0.0323607$ & $-0.143892$ & $0.0349669$ & $0.042139$ & $-0.0857539$ & $-0.0434091$ & $0.183825$ & $0.213223$ & $0.0326373$ & $0.0185876$ & $0.0114975$ & $0.025244$ & $0.0159171$ & $0.0193045$ & $0.0417063$ & $0.0440053$ & $0.0429604$ & $0.0269297$ & $0.00357577$ & $0.0197798$ & $-0.0361366$ & $0.0340668$ & $0.0151481$ & $1$ & $0.164902$ & $0.0737955$ & $-0.137028$ & $0.169355$ & $0.020902$ & $0.0494178$ & $-0.0141151$ & $-0.0210843$ & $0.00783794$ & $-0.0427789$ & $-0.0142927$ & $0.0380221$ & $0.025826$ & $-0.00769945$ & $-0.0231793$ & $-0.0239949$ & $-0.00500791$ & $-0.0170336$ & $0.0406578$ & $-0.0097742$ \\
CeH_33r & $-0.175206$ & $-0.0500961$ & $-0.131329$ & $0.104836$ & $0.0248095$ & $-0.0518621$ & $-0.597474$ & $0.0832648$ & $0.0984939$ & $-0.253982$ & $-0.153484$ & $0.670244$ & $0.735072$ & $0.170619$ & $0.104126$ & $0.137758$ & $0.153052$ & $0.115231$ & $0.0886315$ & $0.156114$ & $0.148574$ & $0.150065$ & $0.00440222$ & $0.0908887$ & $0.126908$ & $-0.134869$ & $-0.00255379$ & $0.0869968$ & $0.164902$ & $1$ & $0.520494$ & $-0.456209$ & $0.871832$ & $-0.000754306$ & $0.162846$ & $-0.0147893$ & $-0.234313$ & $-0.0543459$ & $-0.186634$ & $-0.0452695$ & $0.22131$ & $-0.0126536$ & $-0.0264552$ & $-0.0538584$ & $-0.0473701$ & $-0.0483223$ & $-0.104148$ & $0.0126386$ & $0.0752456$ \\
CuH_22r & $-0.12616$ & $-0.0953829$ & $-0.0934239$ & $-0.00265402$ & $-0.00831616$ & $-0.0620053$ & $-0.346186$ & $0.0520628$ & $0.0666422$ & $-0.169337$ & $-0.0961465$ & $0.381478$ & $0.437148$ & $0.10432$ & $0.0448472$ & $0.0771738$ & $0.102972$ & $0.084175$ & $0.0613504$ & $0.0950427$ & $0.0938393$ & $0.0968345$ & $0.0121015$ & $0.0579865$ & $0.0732$ & $-0.102684$ & $-0.0114419$ & $0.0563883$ & $0.0737955$ & $0.520494$ & $1$ & $-0.24659$ & $0.573697$ & $0.0201481$ & $0.0248363$ & $-0.0155241$ & $-0.102603$ & $-0.0662499$ & $-0.157236$ & $-0.00720081$ & $0.100619$ & $-0.0122829$ & $-0.0528623$ & $-0.0291378$ & $-0.084541$ & $0.00202524$ & $0.140695$ & $-0.0172211$ & $0.0995585$ \\
CuH_33r & $0.196187$ & $0.0873485$ & $0.147588$ & $-0.106984$ & $-0.00725086$ & $0.0407699$ & $0.954532$ & $-0.134925$ & $-0.11318$ & $0.262422$ & $0.184731$ & $-0.582715$ & $-0.687398$ & $-0.178189$ & $-0.0889305$ & $-0.085092$ & $-0.112922$ & $-0.0894446$ & $-0.0877395$ & $-0.18243$ & $-0.184518$ & $-0.186762$ & $-0.0244192$ & $-0.0322695$ & $-0.124742$ & $0.148115$ & $-0.105637$ & $-0.0852078$ & $-0.137028$ & $-0.456209$ & $-0.24659$ & $1$ & $-0.47039$ & $-0.052062$ & $-0.125666$ & $0.0457348$ & $0.129158$ & $0.0327134$ & $0.141578$ & $0.0720957$ & $-0.174965$ & $0.0357591$ & $0.0458638$ & $0.0541956$ & $0.0793896$ & $0.041619$ & $0.130407$ & $-0.0208332$ & $-0.0549986$ \\
CdH_33r & $-0.192259$ & $-0.0769977$ & $-0.112589$ & $0.146066$ & $0.0221776$ & $-0.0552147$ & $-0.631633$ & $0.0673363$ & $0.0846303$ & $-0.282236$ & $-0.140396$ & $0.699249$ & $0.769872$ & $0.167175$ & $0.0839764$ & $0.121633$ & $0.160684$ & $0.130076$ & $0.102989$ & $0.141719$ & $0.136015$ & $0.139943$ & $0.0325518$ & $0.0990452$ & $0.137406$ & $-0.15123$ & $-0.00366763$ & $0.0849597$ & $0.169355$ & $0.871832$ & $0.573697$ & $-0.47039$ & $1$ & $0.00296537$ & $0.187436$ & $-0.0461549$ & $-0.265554$ & $-0.0656061$ & $-0.207482$ & $-0.0548996$ & $0.281871$ & $0.00325572$ & $-0.0138672$ & $-0.0386079$ & $-0.0810833$ & $-0.0593591$ & $-0.0777158$ & $0.0578454$ & $0.239621$ \\
CLL_1221 & $-0.00780426$ & $-0.0245887$ & $-0.0571278$ & $-0.00119462$ & $0.0098142$ & $-0.117066$ & $-0.0431001$ & $0.52528$ & $0.519166$ & $-0.303852$ & $-0.327791$ & $-0.0510229$ & $0.0238063$ & $-0.116639$ & $-0.423288$ & $0.0682981$ & $-0.220092$ & $-0.0460893$ & $-0.378798$ & $0.279885$ & $0.384154$ & $0.388518$ & $0.17954$ & $-0.593623$ & $-0.250471$ & $-0.279031$ & $0.634543$ & $0.168922$ & $0.020902$ & $-0.000754306$ & $0.0201481$ & $-0.052062$ & $0.00296537$ & $1$ & $-0.0766142$ & $-0.0101423$ & $0.0824964$ & $0.00875134$ & $0.0734809$ & $0.0187138$ & $-0.007082$ & $0.0329501$ & $0.0314713$ & $0.0129186$ & $-0.0238113$ & $-0.124256$ & $-0.0155424$ & $0.0442242$ & $-0.140265$ \\
eHggint & $-0.106762$ & $0.115761$ & $0.0644761$ & $0.244978$ & $-0.00880099$ & $0.0768033$ & $-0.182908$ & $-0.0294648$ & $-0.0406673$ & $-0.0357544$ & $0.0417628$ & $0.181281$ & $0.210514$ & $-0.0206454$ & $0.0376619$ & $0.0126689$ & $-0.0518282$ & $-0.0530885$ & $-0.0395297$ & $-0.0353002$ & $-0.046077$ & $-0.0450372$ & $-0.00141452$ & $-0.00434789$ & $-0.0568762$ & $0.0102608$ & $-0.107494$ & $-0.0377877$ & $0.0494178$ & $0.162846$ & $0.0248363$ & $-0.125666$ & $0.187436$ & $-0.0766142$ & $1$ & $-0.0569421$ & $-0.279528$ & $-0.0389251$ & $-0.271004$ & $-0.0713013$ & $0.162671$ & $-0.0752183$ & $-0.233504$ & $-0.244539$ & $0.206595$ & $-0.128236$ & $-0.300535$ & $0.143992$ & $0.0860108$ \\
eHggpar & $0.0568417$ & $-0.251516$ & $-0.23957$ & $0.0384288$ & $0.0452451$ & $0.00289404$ & $0.0204335$ & $-0.0237106$ & $-0.0260269$ & $0.0501094$ & $0.0209658$ & $-0.027315$ & $-0.0438584$ & $0.000537221$ & $-0.0322044$ & $0.0344993$ & $-0.00828727$ & $0.0251587$ & $-0.0184233$ & $-0.0204666$ & $-0.0266753$ & $-0.0251718$ & $-0.0499834$ & $0.0137446$ & $0.000103284$ & $0.0490339$ & $-0.0326115$ & $-0.0333049$ & $-0.0141151$ & $-0.0147893$ & $-0.0155241$ & $0.0457348$ & $-0.0461549$ & $-0.0101423$ & $-0.0569421$ & $1$ & $-0.00674635$ & $-0.00175849$ & $0.0900641$ & $0.00711072$ & $0.0257631$ & $-0.0386143$ & $0.0453277$ & $0.0834339$ & $0.224527$ & $0.149248$ & $-0.0546167$ & $-0.0210894$ & $-0.182837$ \\
eHWWint & $0.0917686$ & $-0.0872065$ & $0.0937896$ & $-0.523226$ & $-0.0111849$ & $0.0287236$ & $0.174925$ & $0.0369443$ & $0.0227001$ & $0.0133083$ & $-0.0106954$ & $-0.105968$ & $-0.163936$ & $-0.00735748$ & $-0.0698366$ & $-0.0526448$ & $-0.056962$ & $-0.00933895$ & $-0.0163166$ & $0.00351706$ & $0.0179597$ & $0.0160137$ & $0.0406776$ & $-0.0614224$ & $0.00198771$ & $-0.0043484$ & $0.145879$ & $0.00660476$ & $-0.0210843$ & $-0.234313$ & $-0.102603$ & $0.129158$ & $-0.265554$ & $0.0824964$ & $-0.279528$ & $-0.00674635$ & $1$ & $-0.031435$ & $0.269926$ & $0.0339727$ & $-0.506583$ & $0.0390444$ & $-0.290874$ & $0.0411951$ & $0.0722557$ & $0.124032$ & $0.194939$ & $0.127012$ & $-0.263853$ \\
eHWWpar & $0.0368498$ & $0.0538252$ & $-0.0155295$ & $0.0274559$ & $-0.0051883$ & $-0.0276836$ & $0.0586643$ & $0.0565931$ & $0.0571137$ & $-0.040235$ & $-0.0533534$ & $-0.0589717$ & $-0.0564814$ & $0.0289698$ & $0.05393$ & $0.0472621$ & $-0.00414102$ & $-0.0257928$ & $-0.0294648$ & $0.0534654$ & $0.0524594$ & $0.0442215$ & $0.0180112$ & $-0.0149295$ & $-0.00666553$ & $-0.0436689$ & $0.0300218$ & $0.0512162$ & $0.00783794$ & $-0.0543459$ & $-0.0662499$ & $0.0327134$ & $-0.0656061$ & $0.00875134$ & $-0.0389251$ & $-0.00175849$ & $-0.031435$ & $1$ & $0.000881006$ & $0.0531798$ & $0.0714312$ & $0.0158946$ & $-0.00803056$ & $0.00323441$ & $0.0348829$ & $-0.0462052$ & $-0.0634137$ & $-0.057221$ & $0.00849396$ \\
eHZZint & $0.140767$ & $0.026162$ & $0.111735$ & $-0.197365$ & $0.0242615$ & $0.00485818$ & $0.163979$ & $0.0111077$ & $0.0124402$ & $0.0522107$ & $0.0301473$ & $-0.137982$ & $-0.186629$ & $-0.0581307$ & $-0.0742105$ & $-0.0707957$ & $-0.0811926$ & $-0.0450548$ & $-0.0461328$ & $-0.0364683$ & $-0.0221621$ & $-0.0216234$ & $-0.00185018$ & $-0.0688574$ & $-0.0280237$ & $0.0598636$ & $0.137719$ & $-0.0279692$ & $-0.0427789$ & $-0.186634$ & $-0.157236$ & $0.141578$ & $-0.207482$ & $0.0734809$ & $-0.271004$ & $0.0900641$ & $0.269926$ & $0.000881006$ & $1$ & $0.116304$ & $-0.0884887$ & $0.00592606$ & $0.145274$ & $0.207394$ & $-0.0140562$ & $-0.0762254$ & $-0.0706528$ & $0.144516$ & $-0.135554$ \\
eHZZpar & $0.12491$ & $-0.00453399$ & $0.125185$ & $-0.0990119$ & $-0.00626931$ & $0.0554918$ & $0.0745327$ & $-0.0350792$ & $-0.0337094$ & $0.0422817$ & $0.0386861$ & $-0.0421795$ & $-0.0877633$ & $-0.0234664$ & $-0.0592606$ & $-0.0361592$ & $-0.00922171$ & $0.0193635$ & $0.00506489$ & $-0.0406094$ & $-0.035604$ & $-0.0390183$ & $-0.00702982$ & $-0.00196381$ & $-0.00506417$ & $0.0361098$ & $0.00123874$ & $0.00287267$ & $-0.0142927$ & $-0.0452695$ & $-0.00720081$ & $0.0720957$ & $-0.0548996$ & $0.0187138$ & $-0.0713013$ & $0.00711072$ & $0.0339727$ & $0.0531798$ & $0.116304$ & $1$ & $-0.0097274$ & $0.0431244$ & $0.00199237$ & $0.0273209$ & $0.0138553$ & $0.02369$ & $0.0642615$ & $0.0335424$ & $-0.0285401$ \\
eHZgaint & $0.208319$ & $0.305591$ & $-0.087716$ & $0.466642$ & $0.000748346$ & $-0.00418532$ & $-0.204773$ & $0.0215573$ & $0.0338141$ & $-0.076564$ & $-0.0461951$ & $0.169414$ & $0.235969$ & $0.0402896$ & $0.0590083$ & $0.0511352$ & $0.0579371$ & $0.0195935$ & $0.0220601$ & $0.0493022$ & $0.0447408$ & $0.0463001$ & $0.0210386$ & $0.0133398$ & $0.0144618$ & $-0.0771822$ & $-0.0349506$ & $0.0386727$ & $0.0380221$ & $0.22131$ & $0.100619$ & $-0.174965$ & $0.281871$ & $-0.007082$ & $0.162671$ & $0.0257631$ & $-0.506583$ & $0.0714312$ & $-0.0884887$ & $-0.0097274$ & $1$ & $-0.0641945$ & $0.336597$ & $0.241287$ & $0.104695$ & $-0.208949$ & $-0.0611814$ & $0.180719$ & $0.371418$ \\
eHZgapar & $0.040675$ & $-0.0415033$ & $0.0342995$ & $-0.115318$ & $0.01708$ & $-0.0544912$ & $0.0266146$ & $-0.024169$ & $-0.0229115$ & $-0.0432732$ & $0.0440768$ & $0.0116011$ & $-0.00860572$ & $-0.0565055$ & $-0.0619656$ & $-0.0759406$ & $-0.0316372$ & $-0.0153541$ & $-0.00211484$ & $-0.0485164$ & $-0.0384209$ & $-0.0394521$ & $0.0597707$ & $-0.0376835$ & $-0.0251471$ & $0.00145091$ & $0.0304633$ & $-0.0300653$ & $0.025826$ & $-0.0126536$ & $-0.0122829$ & $0.0357591$ & $0.00325572$ & $0.0329501$ & $-0.0752183$ & $-0.0386143$ & $0.0390444$ & $0.0158946$ & $0.00592606$ & $0.0431244$ & $-0.0641945$ & $1$ & $0.00587414$ & $0.0708413$ & $-0.0689494$ & $-0.0622529$ & $-0.0260112$ & $0.0106389$ & $-0.0472287$ \\
eHgagaint & $0.272189$ & $0.146347$ & $-0.0233111$ & $0.287363$ & $0.0207528$ & $0.0358248$ & $0.0457146$ & $0.0394382$ & $0.0695799$ & $0.0300868$ & $-0.0292103$ & $-0.0887678$ & $-0.0975985$ & $-0.0119207$ & $0.0270528$ & $0.0571795$ & $-0.0103488$ & $-0.0293246$ & $-0.0506058$ & $0.0315227$ & $0.0281343$ & $0.0313839$ & $-0.037965$ & $-0.0406541$ & $-0.0511602$ & $-0.0102863$ & $-0.018691$ & $0.0277491$ & $-0.00769945$ & $-0.0264552$ & $-0.0528623$ & $0.0458638$ & $-0.0138672$ & $0.0314713$ & $-0.233504$ & $0.0453277$ & $-0.290874$ & $-0.00803056$ & $0.145274$ & $0.00199237$ & $0.336597$ & $0.00587414$ & $1$ & $0.215761$ & $0.0489843$ & $-0.14883$ & $-0.0898875$ & $-0.254685$ & $0.159775$ \\
eHmumuint & $0.0903655$ & $0.140617$ & $0.261307$ & $-0.0501161$ & $0.019409$ & $0.00046428$ & $0.0577568$ & $-0.0254657$ & $-0.0180375$ & $0.0217091$ & $0.0313497$ & $-0.0383913$ & $-0.0882712$ & $-0.0343046$ & $-0.0286816$ & $-0.0013679$ & $-0.0064953$ & $-0.00172522$ & $-0.0230801$ & $-0.0296164$ & $-0.0298174$ & $-0.0288913$ & $0.0198482$ & $-0.00365173$ & $-0.0124285$ & $-0.0102042$ & $-0.0125731$ & $-0.00331081$ & $-0.0231793$ & $-0.0538584$ & $-0.0291378$ & $0.0541956$ & $-0.0386079$ & $0.0129186$ & $-0.244539$ & $0.0834339$ & $0.0411951$ & $0.00323441$ & $0.207394$ & $0.0273209$ & $0.241287$ & $0.0708413$ & $0.215761$ & $1$ & $-0.00666764$ & $-0.239268$ & $-0.0487451$ & $0.318655$ & $0.0295877$ \\
eHtautauint & $0.223424$ & $0.266109$ & $0.0615134$ & $0.055882$ & $-0.0255405$ & $0.0333744$ & $0.0780166$ & $-0.0315865$ & $-0.0282189$ & $0.0315655$ & $0.0308264$ & $-0.0478744$ & $-0.0711192$ & $-0.0221584$ & $-0.00152871$ & $0.0261451$ & $-0.014813$ & $-0.00733848$ & $-0.0296737$ & $-0.0242463$ & $-0.0336293$ & $-0.0337511$ & $-0.0371459$ & $-0.00544032$ & $-0.017139$ & $0.0256365$ & $-0.0408377$ & $-0.0305938$ & $-0.0239949$ & $-0.0473701$ & $-0.084541$ & $0.0793896$ & $-0.0810833$ & $-0.0238113$ & $0.206595$ & $0.224527$ & $0.0722557$ & $0.0348829$ & $-0.0140562$ & $0.0138553$ & $0.104695$ & $-0.0689494$ & $0.0489843$ & $-0.00666764$ & $1$ & $0.0430077$ & $-0.0985493$ & $-0.0700845$ & $-0.0565914$ \\
eHccint & $0.133128$ & $-0.0377371$ & $-0.0744772$ & $0.198797$ & $0.0228293$ & $-0.00319652$ & $0.051579$ & $-0.10074$ & $-0.107538$ & $0.122554$ & $0.102869$ & $-0.0466522$ & $-0.0992066$ & $-0.0682225$ & $0.0181974$ & $-0.0283263$ & $-0.023331$ & $-0.0400323$ & $-0.00703502$ & $-0.0965006$ & $-0.110871$ & $-0.110499$ & $-0.0779242$ & $0.0515556$ & $-0.0524172$ & $0.104739$ & $-0.142626$ & $-0.0468726$ & $-0.00500791$ & $-0.0483223$ & $0.00202524$ & $0.041619$ & $-0.0593591$ & $-0.124256$ & $-0.128236$ & $0.149248$ & $0.124032$ & $-0.0462052$ & $-0.0762254$ & $0.02369$ & $-0.208949$ & $-0.0622529$ & $-0.14883$ & $-0.239268$ & $0.0430077$ & $1$ & $0.125226$ & $-0.148588$ & $0.131315$ \\
eHccpar & $-0.0562874$ & $-0.162719$ & $-0.0807861$ & $-0.319293$ & $0.000275513$ & $-0.0412959$ & $0.140136$ & $-0.0339925$ & $-0.0324473$ & $0.0524286$ & $0.0665691$ & $-0.0729013$ & $-0.131205$ & $-0.0859073$ & $-0.0251724$ & $-0.0072355$ & $-0.0647166$ & $-0.0612641$ & $-0.0717104$ & $-0.0664551$ & $-0.0702072$ & $-0.0689674$ & $0.00759252$ & $-0.0226086$ & $-0.0811299$ & $0.0402833$ & $-0.0641027$ & $-0.016799$ & $-0.0170336$ & $-0.104148$ & $0.140695$ & $0.130407$ & $-0.0777158$ & $-0.0155424$ & $-0.300535$ & $-0.0546167$ & $0.194939$ & $-0.0634137$ & $-0.0706528$ & $0.0642615$ & $-0.0611814$ & $-0.0260112$ & $-0.0898875$ & $-0.0487451$ & $-0.0985493$ & $0.125226$ & $1$ & $-0.00848979$ & $0.135089$ \\
eHbbint & $0.00982756$ & $0.0913123$ & $-0.0535501$ & $0.0211635$ & $0.00876952$ & $-0.00732986$ & $-0.0285941$ & $-0.0379173$ & $-0.0462104$ & $-0.0218515$ & $0.0587437$ & $0.0503238$ & $0.0627433$ & $-0.0567129$ & $-0.0864049$ & $-0.0628366$ & $-0.0423377$ & $-0.00557526$ & $-0.0181988$ & $-0.0640799$ & $-0.053241$ & $-0.0505145$ & $0.0732123$ & $-0.044612$ & $-0.00349427$ & $-0.0071487$ & $0.0508045$ & $-0.0109909$ & $0.0406578$ & $0.0126386$ & $-0.0172211$ & $-0.0208332$ & $0.0578454$ & $0.0442242$ & $0.143992$ & $-0.0210894$ & $0.127012$ & $-0.057221$ & $0.144516$ & $0.0335424$ & $0.180719$ & $0.0106389$ & $-0.254685$ & $0.318655$ & $-0.0700845$ & $-0.148588$ & $-0.00848979$ & $1$ & $-0.0840143$ \\
eHbbpar & $-0.115886$ & $-0.0109535$ & $0.135249$ & $0.277745$ & $-0.015472$ & $0.0466875$ & $-0.0657011$ & $-0.154872$ & $-0.148654$ & $0.0514538$ & $0.143071$ & $0.0820895$ & $0.0719219$ & $-0.0753152$ & $-0.0115033$ & $-0.0435292$ & $0.0108432$ & $-0.000166125$ & $0.0248188$ & $-0.135416$ & $-0.150148$ & $-0.145893$ & $0.0356321$ & $0.104648$ & $0.000644846$ & $0.0455386$ & $-0.154575$ & $-0.0481227$ & $-0.0097742$ & $0.0752456$ & $0.0995585$ & $-0.0549986$ & $0.239621$ & $-0.140265$ & $0.0860108$ & $-0.182837$ & $-0.263853$ & $0.00849396$ & $-0.135554$ & $-0.0285401$ & $0.371418$ & $-0.0472287$ & $0.159775$ & $0.0295877$ & $-0.0565914$ & $0.131315$ & $0.135089$ & $-0.0840143$ & $1$ \\
