 & AlsMz & dAle5Mz & mtop & mHl & Mz & CW & CHG & CHWB & CHWHB_gaga & CHWHB_gagaorth & CHD & CHbox & CH & CHL1_11 & CHL1_22 & CHL1_33 & CHL3_11 & CHL3_22 & CHL3_33 & CHe_11 & CHe_22 & CHe_33 & CHQ1_11 & CHQ1_33 & CHQ3_11 & CHu_11 & CHd_11 & CHd_33 & CeH_22r & CeH_33r & CuH_22r & CuH_33r & CdH_33r & CLL_1221 & eHggint & eHggpar & eHWWint & eHWWpar & eHZZint & eHZZpar & eHZgaint & eHZgapar & eHgagaint & eHmumuint & eHtautauint & eHccint & eHccpar & eHbbint & eHbbpar \\
AlsMz & $1$ & $0.00683061$ & $-0.0587018$ & $0.0787233$ & $-0.0313926$ & $0.0362955$ & $0.0440799$ & $-0.0218864$ & $-0.0351205$ & $0.0362278$ & $-0.0044053$ & $0.0368913$ & $-0.0283249$ & $0.0367123$ & $-0.0309189$ & $-0.00155018$ & $0.0251285$ & $0.0536713$ & $0.0274184$ & $-0.00283963$ & $-0.00260366$ & $-0.0164722$ & $-0.0110092$ & $-0.021553$ & $-0.0672988$ & $-0.0370495$ & $-0.0105504$ & $-0.0103564$ & $-0.0327456$ & $-0.000209298$ & $-0.0168629$ & $0.0320541$ & $-0.0327598$ & $0.00169958$ & $0.0129315$ & $-0.0533175$ & $-0.059586$ & $-0.0252321$ & $-0.0185318$ & $0.0344274$ & $-0.135203$ & $0.0530031$ & $-0.156058$ & $-0.167423$ & $-0.0386786$ & $-0.000182476$ & $-0.0439085$ & $-0.107544$ & $-0.0198865$ \\
dAle5Mz & $0.00683061$ & $1$ & $-0.0214225$ & $-0.0428434$ & $-0.0347646$ & $0.0199266$ & $0.0160583$ & $-0.116562$ & $-0.107015$ & $0.0481817$ & $0.0801824$ & $0.0471527$ & $-0.0359002$ & $0.00520731$ & $-0.0092423$ & $0.00914916$ & $0.0507898$ & $0.0497097$ & $0.0271859$ & $-0.048106$ & $-0.0562857$ & $-0.057027$ & $0.033145$ & $0.0514359$ & $0.0452324$ & $-0.00371572$ & $-0.0480358$ & $-0.0132877$ & $-0.00488726$ & $0.0316727$ & $-0.0153339$ & $0.0118444$ & $0.0120859$ & $-0.0129041$ & $-0.0112356$ & $-0.0635666$ & $0.00217904$ & $-0.000374888$ & $-0.0166201$ & $0.0136666$ & $-0.0166231$ & $0.0128488$ & $0.0415565$ & $0.0294838$ & $0.0626368$ & $-0.00224847$ & $-0.0849246$ & $0.127774$ & $-0.0228001$ \\
mtop & $-0.0587018$ & $-0.0214225$ & $1$ & $-0.101101$ & $-0.0346256$ & $0.0102425$ & $-2.6179e-06$ & $-0.0187986$ & $-0.0107324$ & $-0.012475$ & $0.0391636$ & $-0.0283594$ & $0.0263404$ & $-0.0352983$ & $-0.00419687$ & $-0.0319586$ & $-0.017654$ & $-0.0188989$ & $-0.000512568$ & $-0.0275399$ & $-0.0304261$ & $-0.0314625$ & $-0.00908544$ & $0.000892753$ & $-0.006037$ & $0.0445856$ & $-0.00110642$ & $-0.0249572$ & $0.00170807$ & $0.0359369$ & $0.03713$ & $0.0106139$ & $0.0120454$ & $-0.0122605$ & $-0.0308662$ & $-0.0765939$ & $0.0127923$ & $-0.0573483$ & $0.170063$ & $-0.0269044$ & $0.042755$ & $0.021868$ & $0.035948$ & $-0.00334662$ & $0.0898869$ & $-0.0797935$ & $0.00667645$ & $0.0666234$ & $-0.0445354$ \\
mHl & $0.0787233$ & $-0.0428434$ & $-0.101101$ & $1$ & $-0.0098331$ & $0.000732246$ & $-0.0120151$ & $-0.035943$ & $-0.0318959$ & $0.0521091$ & $0.0343617$ & $0.0307448$ & $-0.019781$ & $-0.00233422$ & $-0.017551$ & $0.0160527$ & $-0.00283762$ & $0.0167683$ & $-0.00257554$ & $-0.0356486$ & $-0.0355558$ & $-0.0340898$ & $-0.0183842$ & $0.0122637$ & $-0.000701097$ & $0.020875$ & $-0.0274263$ & $-0.0260154$ & $0.00576108$ & $-0.0174055$ & $-0.0225405$ & $-0.0119512$ & $-0.0238158$ & $-0.0185263$ & $0.0589511$ & $-0.0424292$ & $-0.0180992$ & $-0.0176669$ & $-0.0424782$ & $0.0317706$ & $-0.0486842$ & $-0.0174872$ & $0.00768039$ & $0.0609749$ & $-0.0571277$ & $-0.0238362$ & $-0.0749434$ & $-0.0808488$ & $0.0392075$ \\
Mz & $-0.0313926$ & $-0.0347646$ & $-0.0346256$ & $-0.0098331$ & $1$ & $-0.00725052$ & $-0.00567766$ & $-0.00122233$ & $-0.00224052$ & $0.00760731$ & $0.0115526$ & $0.00195475$ & $0.000870544$ & $0.000862501$ & $0.00603$ & $-0.0150011$ & $-0.00516434$ & $-0.00714227$ & $0.00246423$ & $-0.0050061$ & $-0.00358265$ & $-0.0109842$ & $-0.00584569$ & $0.00368284$ & $0.0118446$ & $0.0115386$ & $0.0160264$ & $-0.00590313$ & $-0.00819761$ & $-0.00110416$ & $-0.0203384$ & $-0.00883343$ & $-0.0126646$ & $-0.00915767$ & $-0.00326395$ & $0.0305727$ & $-0.003667$ & $-0.0104243$ & $-0.0244744$ & $-0.00474473$ & $0.0228536$ & $0.0243927$ & $0.0136347$ & $-0.0292058$ & $0.0296283$ & $-0.0392837$ & $0.00749276$ & $0.00603026$ & $-0.00739771$ \\
CW & $0.0362955$ & $0.0199266$ & $0.0102425$ & $0.000732246$ & $-0.00725052$ & $1$ & $-0.00521237$ & $-0.129552$ & $-0.124823$ & $0.0133936$ & $0.177808$ & $0.019826$ & $-0.00516913$ & $0.0355762$ & $-0.0685405$ & $-0.0683854$ & $-0.235008$ & $-0.033567$ & $-0.0365306$ & $-0.175656$ & $-0.181871$ & $-0.188917$ & $-0.0323226$ & $0.0069037$ & $-0.0753824$ & $0.116224$ & $-0.0902632$ & $-0.0803846$ & $-0.00316256$ & $0.0116316$ & $-0.00274448$ & $-0.00484823$ & $0.0128637$ & $-0.125457$ & $-0.00049926$ & $-0.00963964$ & $-0.00401192$ & $-0.0220507$ & $-0.0419443$ & $-0.0201554$ & $0.0409485$ & $-0.0331326$ & $0.0461995$ & $0.00509382$ & $0.0680305$ & $-0.0174973$ & $-0.00012433$ & $0.0568172$ & $0.0118542$ \\
CHG & $0.0440799$ & $0.0160583$ & $-2.6179e-06$ & $-0.0120151$ & $-0.00567766$ & $-0.00521237$ & $1$ & $-0.13503$ & $-0.0887559$ & $0.105445$ & $0.0786242$ & $0.317549$ & $-0.348318$ & $0.062485$ & $-0.0213598$ & $-0.0138584$ & $0.119631$ & $0.121827$ & $0.11419$ & $-0.0741624$ & $-0.0834467$ & $-0.0855007$ & $-0.0211017$ & $0.133506$ & $0.107852$ & $0.0480873$ & $-0.0726026$ & $-0.0309317$ & $0.0039483$ & $-0.135734$ & $-0.0624581$ & $0.929158$ & $-0.178138$ & $-0.0844436$ & $-0.0293985$ & $-0.00229311$ & $-0.0069513$ & $-0.00883353$ & $-0.021902$ & $0.00218498$ & $0.00545788$ & $0.0105283$ & $-0.00775766$ & $0.00333547$ & $0.0364899$ & $0.0461004$ & $-0.025399$ & $-0.0232513$ & $-0.0197322$ \\
CHWB & $-0.0218864$ & $-0.116562$ & $-0.0187986$ & $-0.035943$ & $-0.00122233$ & $-0.129552$ & $-0.13503$ & $1$ & $0.983257$ & $-0.558934$ & $-0.880718$ & $-0.414427$ & $0.345446$ & $0.0901336$ & $0.275855$ & $0.288008$ & $-0.251206$ & $-0.430287$ & $-0.441795$ & $0.850362$ & $0.898621$ & $0.877701$ & $0.0725722$ & $-0.671186$ & $-0.398867$ & $-0.506392$ & $0.435444$ & $0.309405$ & $0.0316684$ & $0.133517$ & $0.0326661$ & $-0.121496$ & $0.119234$ & $0.567782$ & $0.0242875$ & $0.0112698$ & $-0.0027215$ & $-0.00367777$ & $0.0155394$ & $-0.0443866$ & $-0.0494814$ & $0.0483475$ & $0.0267741$ & $-0.00319594$ & $-0.0228701$ & $-0.0237167$ & $0.00358056$ & $0.00794117$ & $-0.0139647$ \\
CHWHB_gaga & $-0.0351205$ & $-0.107015$ & $-0.0107324$ & $-0.0318959$ & $-0.00224052$ & $-0.124823$ & $-0.0887559$ & $0.983257$ & $1$ & $-0.550597$ & $-0.861801$ & $-0.397498$ & $0.338468$ & $0.0796776$ & $0.276923$ & $0.285666$ & $-0.255304$ & $-0.434522$ & $-0.44419$ & $0.833039$ & $0.879196$ & $0.858388$ & $0.0697864$ & $-0.663621$ & $-0.39961$ & $-0.494745$ & $0.424595$ & $0.298449$ & $0.0407786$ & $0.156626$ & $0.0440686$ & $-0.0837719$ & $0.136158$ & $0.554265$ & $0.0132956$ & $0.00558262$ & $-0.017745$ & $-0.00623916$ & $-0.00534575$ & $-0.040623$ & $-0.0536622$ & $0.0467188$ & $0.102503$ & $0.00107382$ & $-0.0164101$ & $-0.0257187$ & $0.000557436$ & $0.00120692$ & $-0.0232674$ \\
CHWHB_gagaorth & $0.0362278$ & $0.0481817$ & $-0.012475$ & $0.0521091$ & $0.00760731$ & $0.0133936$ & $0.105445$ & $-0.558934$ & $-0.550597$ & $1$ & $0.343478$ & $0.510986$ & $-0.260414$ & $0.238024$ & $-0.104596$ & $-0.114067$ & $0.443792$ & $0.479682$ & $0.489751$ & $-0.328664$ & $-0.362324$ & $-0.353003$ & $-0.0478204$ & $0.55979$ & $0.48082$ & $0.197464$ & $-0.224155$ & $-0.104086$ & $0.00213065$ & $-0.152052$ & $-0.0681366$ & $0.127495$ & $-0.141474$ & $-0.350899$ & $0.0480399$ & $0.0101672$ & $0.0160058$ & $0.0169354$ & $-0.0159136$ & $0.0391933$ & $-0.0243127$ & $-0.0353867$ & $-0.0246488$ & $-0.00736072$ & $-0.0318253$ & $0.0263053$ & $0.0292753$ & $-0.0271517$ & $0.00673688$ \\
CHD & $-0.0044053$ & $0.0801824$ & $0.0391636$ & $0.0343617$ & $0.0115526$ & $0.177808$ & $0.0786242$ & $-0.880718$ & $-0.861801$ & $0.343478$ & $1$ & $0.272052$ & $-0.18106$ & $-0.504054$ & $-0.39705$ & $-0.410575$ & $-0.202074$ & $0.071089$ & $0.08393$ & $-0.989935$ & $-0.990811$ & $-0.969564$ & $-0.0297067$ & $0.307853$ & $0.0222211$ & $0.567311$ & $-0.315663$ & $-0.349395$ & $-0.0185254$ & $-0.0939987$ & $-0.00373826$ & $0.0710165$ & $-0.0968428$ & $-0.376769$ & $-0.0109029$ & $0.00413929$ & $0.00192437$ & $-0.00952301$ & $-0.0171211$ & $0.0294842$ & $0.0663288$ & $-0.038627$ & $0.000473467$ & $-0.00191281$ & $0.0345652$ & $0.0145715$ & $0.0081982$ & $-0.00950105$ & $-0.00368694$ \\
CHbox & $0.0368913$ & $0.0471527$ & $-0.0283594$ & $0.0307448$ & $0.00195475$ & $0.019826$ & $0.317549$ & $-0.414427$ & $-0.397498$ & $0.510986$ & $0.272052$ & $1$ & $-0.898736$ & $0.141581$ & $-0.0856843$ & $-0.0797018$ & $0.28759$ & $0.327515$ & $0.325564$ & $-0.258964$ & $-0.284811$ & $-0.280231$ & $-0.0776019$ & $0.399874$ & $0.313683$ & $0.182734$ & $-0.180356$ & $-0.0970998$ & $-0.034118$ & $-0.16855$ & $-0.0917391$ & $0.307582$ & $-0.211999$ & $-0.257385$ & $0.0170019$ & $0.0129543$ & $0.021474$ & $0.0402348$ & $-0.010013$ & $0.0160419$ & $0.0365965$ & $-0.0129095$ & $-0.0123057$ & $-0.0173052$ & $0.00396727$ & $0.0465143$ & $-0.00926229$ & $-0.0131722$ & $-0.0141332$ \\
CH & $-0.0283249$ & $-0.0359002$ & $0.0263404$ & $-0.019781$ & $0.000870544$ & $-0.00516913$ & $-0.348318$ & $0.345446$ & $0.338468$ & $-0.260414$ & $-0.18106$ & $-0.898736$ & $1$ & $-0.218341$ & $0.0851637$ & $0.0723833$ & $-0.335783$ & $-0.366003$ & $-0.359282$ & $0.176625$ & $0.19065$ & $0.188666$ & $0.0705769$ & $-0.382383$ & $-0.348897$ & $-0.135381$ & $0.129246$ & $0.0648511$ & $0.0528896$ & $0.272961$ & $0.113904$ & $-0.293754$ & $0.326695$ & $0.201202$ & $0.0367406$ & $0.00411223$ & $-0.0148631$ & $-0.0348626$ & $-0.0042887$ & $-0.00545576$ & $-0.0542753$ & $0.00194037$ & $0.0128723$ & $0.00451764$ & $-0.0258216$ & $-0.0423828$ & $0.0262676$ & $-0.0102217$ & $0.0129022$ \\
CHL1_11 & $0.0367123$ & $0.00520731$ & $-0.0352983$ & $-0.00233422$ & $0.000862501$ & $0.0355762$ & $0.062485$ & $0.0901336$ & $0.0796776$ & $0.238024$ & $-0.504054$ & $0.141581$ & $-0.218341$ & $1$ & $0.255284$ & $0.265904$ & $0.662147$ & $0.595286$ & $0.585339$ & $0.523331$ & $0.462429$ & $0.452643$ & $-0.0566401$ & $0.479886$ & $0.600862$ & $-0.273118$ & $-0.0730602$ & $0.164717$ & $-0.0188201$ & $-0.039427$ & $-0.0472338$ & $0.0553647$ & $-0.00141578$ & $-0.203914$ & $-0.0312109$ & $-0.0349133$ & $0.000113303$ & $0.0107811$ & $-0.00568119$ & $0.0111647$ & $-0.0302284$ & $-0.00936599$ & $-0.0535327$ & $0.00958821$ & $-0.00849619$ & $-0.0034064$ & $-0.0123711$ & $0.0249874$ & $0.036503$ \\
CHL1_22 & $-0.0309189$ & $-0.0092423$ & $-0.00419687$ & $-0.017551$ & $0.00603$ & $-0.0685405$ & $-0.0213598$ & $0.275855$ & $0.276923$ & $-0.104596$ & $-0.39705$ & $-0.0856843$ & $0.0851637$ & $0.255284$ & $1$ & $0.448475$ & $0.164033$ & $-0.464555$ & $-0.040984$ & $0.464553$ & $0.312971$ & $0.30381$ & $-0.172267$ & $0.127911$ & $-0.134881$ & $-0.187435$ & $-0.403567$ & $0.119828$ & $-0.0398355$ & $0.0359238$ & $-0.0132992$ & $-0.0241049$ & $0.0525052$ & $-0.60554$ & $-0.0332527$ & $-0.00635201$ & $0.0128401$ & $-0.00135824$ & $0.0176865$ & $0.020915$ & $-0.012372$ & $-0.022189$ & $0.0319327$ & $-0.0173634$ & $0.013195$ & $-0.00989845$ & $-0.00453282$ & $-0.0156738$ & $0.00484801$ \\
CHL1_33 & $-0.00155018$ & $0.00914916$ & $-0.0319586$ & $0.0160527$ & $-0.0150011$ & $-0.0683854$ & $-0.0138584$ & $0.288008$ & $0.285666$ & $-0.114067$ & $-0.410575$ & $-0.0797018$ & $0.0723833$ & $0.265904$ & $0.448475$ & $1$ & $0.155562$ & $-0.0363862$ & $-0.447022$ & $0.47666$ & $0.327292$ & $0.349036$ & $-0.142084$ & $0.09971$ & $-0.132704$ & $-0.214428$ & $-0.388924$ & $0.106964$ & $-0.00960776$ & $0.0360627$ & $-0.0171238$ & $-0.0183997$ & $0.040289$ & $-0.108461$ & $0.00703088$ & $-0.0155537$ & $0.0224982$ & $0.0101272$ & $0.0137191$ & $0.0321786$ & $-0.020311$ & $0.00405662$ & $0.027564$ & $0.0173867$ & $-0.0243702$ & $-0.0249346$ & $-0.0788803$ & $-0.0108657$ & $0.0299038$ \\
CHL3_11 & $0.0251285$ & $0.0507898$ & $-0.017654$ & $-0.00283762$ & $-0.00516434$ & $-0.235008$ & $0.119631$ & $-0.251206$ & $-0.255304$ & $0.443792$ & $-0.202074$ & $0.28759$ & $-0.335783$ & $0.662147$ & $0.164033$ & $0.155562$ & $1$ & $0.72613$ & $0.734993$ & $0.227594$ & $0.167246$ & $0.166992$ & $-0.053062$ & $0.689233$ & $0.783628$ & $-0.10878$ & $-0.141284$ & $0.0737857$ & $-0.0202574$ & $-0.0823324$ & $-0.0527927$ & $0.106449$ & $-0.0610915$ & $-0.260075$ & $-0.0187212$ & $-0.0183341$ & $-0.000615252$ & $0.0375835$ & $0.0201011$ & $0.0189655$ & $-0.0407161$ & $-0.0124978$ & $-0.0456502$ & $0.0161114$ & $-0.0304777$ & $0.031171$ & $-0.0228897$ & $-0.0116219$ & $0.0197621$ \\
CHL3_22 & $0.0536713$ & $0.0497097$ & $-0.0188989$ & $0.0167683$ & $-0.00714227$ & $-0.033567$ & $0.121827$ & $-0.430287$ & $-0.434522$ & $0.479682$ & $0.071089$ & $0.327515$ & $-0.366003$ & $0.595286$ & $-0.464555$ & $-0.0363862$ & $0.72613$ & $1$ & $0.667195$ & $-0.0733189$ & $-0.0667912$ & $-0.058142$ & $0.0276634$ & $0.607237$ & $0.790205$ & $0.0295396$ & $0.0225338$ & $-0.0203746$ & $0.00106177$ & $-0.101715$ & $-0.0465294$ & $0.111407$ & $-0.080749$ & $0.0509227$ & $-0.00259874$ & $-0.0234951$ & $-0.00514719$ & $0.0267702$ & $-0.0070059$ & $0.015555$ & $-0.0196231$ & $-0.00426867$ & $-0.0707254$ & $0.022771$ & $-0.0298154$ & $0.0203018$ & $-0.0236205$ & $0.0159467$ & $0.0308771$ \\
CHL3_33 & $0.0274184$ & $0.0271859$ & $-0.000512568$ & $-0.00257554$ & $0.00246423$ & $-0.0365306$ & $0.11419$ & $-0.441795$ & $-0.44419$ & $0.489751$ & $0.08393$ & $0.325564$ & $-0.359282$ & $0.585339$ & $-0.040984$ & $-0.447022$ & $0.734993$ & $0.667195$ & $1$ & $-0.0867339$ & $-0.078343$ & $-0.0729931$ & $0.00781073$ & $0.627548$ & $0.797635$ & $0.0515321$ & $0.0209929$ & $-0.0128914$ & $-0.0190406$ & $-0.0990728$ & $-0.0382492$ & $0.106203$ & $-0.0719639$ & $-0.335797$ & $-0.0415855$ & $-0.0164127$ & $-0.00983374$ & $0.0169644$ & $0.000435704$ & $0.010264$ & $-0.0113533$ & $-0.030562$ & $-0.0745185$ & $-0.000766045$ & $0.00628643$ & $0.0315154$ & $0.0342738$ & $0.0102731$ & $0.00999734$ \\
CHe_11 & $-0.00283963$ & $-0.048106$ & $-0.0275399$ & $-0.0356486$ & $-0.0050061$ & $-0.175656$ & $-0.0741624$ & $0.850362$ & $0.833039$ & $-0.328664$ & $-0.989935$ & $-0.258964$ & $0.176625$ & $0.523331$ & $0.464553$ & $0.47666$ & $0.227594$ & $-0.0733189$ & $-0.0867339$ & $1$ & $0.971835$ & $0.951551$ & $0.00664299$ & $-0.253212$ & $-0.0149236$ & $-0.558847$ & $0.23814$ & $0.343694$ & $0.0130546$ & $0.0930309$ & $-0.000832184$ & $-0.0669254$ & $0.0987293$ & $0.29713$ & $0.0090937$ & $-0.00876222$ & $0.00130845$ & $0.0100658$ & $0.0197172$ & $-0.0214902$ & $-0.0676614$ & $0.0368552$ & $0.00377826$ & $0.00242059$ & $-0.032099$ & $-0.0191163$ & $-0.0156005$ & $0.0136625$ & $0.00703566$ \\
CHe_22 & $-0.00260366$ & $-0.0562857$ & $-0.0304261$ & $-0.0355558$ & $-0.00358265$ & $-0.181871$ & $-0.0834467$ & $0.898621$ & $0.879196$ & $-0.362324$ & $-0.990811$ & $-0.284811$ & $0.19065$ & $0.462429$ & $0.312971$ & $0.327292$ & $0.167246$ & $-0.0667912$ & $-0.078343$ & $0.971835$ & $1$ & $0.974155$ & $0.0580735$ & $-0.365435$ & $-0.0287377$ & $-0.569597$ & $0.397322$ & $0.350377$ & $0.0222908$ & $0.0989909$ & $0.00613249$ & $-0.0745586$ & $0.0970374$ & $0.463583$ & $0.0137971$ & $-0.00366475$ & $-0.00394049$ & $0.0105637$ & $0.0191676$ & $-0.0342756$ & $-0.0679539$ & $0.0452316$ & $0.000733412$ & $0.00619539$ & $-0.0319634$ & $-0.0133931$ & $-0.00684438$ & $0.0157869$ & $-0.00248351$ \\
CHe_33 & $-0.0164722$ & $-0.057027$ & $-0.0314625$ & $-0.0340898$ & $-0.0109842$ & $-0.188917$ & $-0.0855007$ & $0.877701$ & $0.858388$ & $-0.353003$ & $-0.969564$ & $-0.280231$ & $0.188666$ & $0.452643$ & $0.30381$ & $0.349036$ & $0.166992$ & $-0.058142$ & $-0.0729931$ & $0.951551$ & $0.974155$ & $1$ & $0.056858$ & $-0.356476$ & $-0.018989$ & $-0.553524$ & $0.39048$ & $0.340887$ & $0.0276463$ & $0.0964037$ & $0.0163715$ & $-0.0760562$ & $0.0963156$ & $0.456973$ & $0.0123765$ & $0.000585931$ & $0.000762509$ & $0.00921858$ & $0.0202119$ & $-0.0349944$ & $-0.0667556$ & $0.0321632$ & $-0.00356428$ & $0.00943474$ & $-0.0309103$ & $-0.0206974$ & $-0.00798513$ & $0.0133119$ & $-0.00116389$ \\
CHQ1_11 & $-0.0110092$ & $0.033145$ & $-0.00908544$ & $-0.0183842$ & $-0.00584569$ & $-0.0323226$ & $-0.0211017$ & $0.0725722$ & $0.0697864$ & $-0.0478204$ & $-0.0297067$ & $-0.0776019$ & $0.0705769$ & $-0.0566401$ & $-0.172267$ & $-0.142084$ & $-0.053062$ & $0.0276634$ & $0.00781073$ & $0.00664299$ & $0.0580735$ & $0.056858$ & $1$ & $-0.125385$ & $0.0882285$ & $-0.685965$ & $0.33055$ & $0.0323748$ & $0.0143205$ & $0.0341494$ & $0.0240074$ & $-0.0111063$ & $0.032902$ & $0.205455$ & $0.0186321$ & $0.0210603$ & $-0.0135786$ & $-0.00240696$ & $0.025689$ & $-0.0161312$ & $-0.00752922$ & $0.040112$ & $-0.00161816$ & $0.00665945$ & $-0.00907987$ & $0.0605339$ & $0.0169993$ & $0.0138111$ & $-0.00666647$ \\
CHQ1_33 & $-0.021553$ & $0.0514359$ & $0.000892753$ & $0.0122637$ & $0.00368284$ & $0.0069037$ & $0.133506$ & $-0.671186$ & $-0.663621$ & $0.55979$ & $0.307853$ & $0.399874$ & $-0.382383$ & $0.479886$ & $0.127911$ & $0.09971$ & $0.689233$ & $0.607237$ & $0.627548$ & $-0.253212$ & $-0.365435$ & $-0.356476$ & $-0.125385$ & $1$ & $0.642598$ & $0.194051$ & $-0.42016$ & $-0.0210096$ & $-0.030175$ & $-0.113709$ & $-0.055206$ & $0.120877$ & $-0.0885879$ & $-0.639025$ & $-0.0361696$ & $-0.0182379$ & $0.0100732$ & $0.0122904$ & $-0.00527437$ & $0.0404686$ & $0.0375074$ & $-0.034947$ & $-0.0326634$ & $0.0165018$ & $0.00175783$ & $0.023247$ & $-0.0261433$ & $-0.00386778$ & $0.0192741$ \\
CHQ3_11 & $-0.0672988$ & $0.0452324$ & $-0.006037$ & $-0.000701097$ & $0.0118446$ & $-0.0753824$ & $0.107852$ & $-0.398867$ & $-0.39961$ & $0.48082$ & $0.0222211$ & $0.313683$ & $-0.348897$ & $0.600862$ & $-0.134881$ & $-0.132704$ & $0.783628$ & $0.790205$ & $0.797635$ & $-0.0149236$ & $-0.0287377$ & $-0.018989$ & $0.0882285$ & $0.642598$ & $1$ & $0.0185702$ & $0.21998$ & $0.00625287$ & $0.00705713$ & $-0.102585$ & $-0.0436735$ & $0.0949096$ & $-0.0838272$ & $-0.19195$ & $-0.0243213$ & $-0.0122148$ & $-0.0110034$ & $0.0290128$ & $0.000300991$ & $0.0161208$ & $0.0156034$ & $-0.0217145$ & $-0.0470069$ & $0.023899$ & $-0.0150909$ & $0.00796668$ & $0.00511211$ & $0.00341916$ & $0.00965345$ \\
CHu_11 & $-0.0370495$ & $-0.00371572$ & $0.0445856$ & $0.020875$ & $0.0115386$ & $0.116224$ & $0.0480873$ & $-0.506392$ & $-0.494745$ & $0.197464$ & $0.567311$ & $0.182734$ & $-0.135381$ & $-0.273118$ & $-0.187435$ & $-0.214428$ & $-0.10878$ & $0.0295396$ & $0.0515321$ & $-0.558847$ & $-0.569597$ & $-0.553524$ & $-0.685965$ & $0.194051$ & $0.0185702$ & $1$ & $-0.178184$ & $-0.207973$ & $-0.00939432$ & $-0.0700403$ & $-0.0123688$ & $0.0355563$ & $-0.091152$ & $-0.25578$ & $-0.0079881$ & $-0.0111795$ & $-0.00312528$ & $-0.0130085$ & $-0.0214642$ & $0.0140137$ & $0.0662261$ & $-0.0488375$ & $0.0127672$ & $0.00236242$ & $0.0293738$ & $-0.0398272$ & $-0.0124359$ & $-0.0257249$ & $-0.0182321$ \\
CHd_11 & $-0.0105504$ & $-0.0480358$ & $-0.00110642$ & $-0.0274263$ & $0.0160264$ & $-0.0902632$ & $-0.0726026$ & $0.435444$ & $0.424595$ & $-0.224155$ & $-0.315663$ & $-0.180356$ & $0.129246$ & $-0.0730602$ & $-0.403567$ & $-0.388924$ & $-0.141284$ & $0.0225338$ & $0.0209929$ & $0.23814$ & $0.397322$ & $0.39048$ & $0.33055$ & $-0.42016$ & $0.21998$ & $-0.178184$ & $1$ & $0.127388$ & $0.0673994$ & $0.0524198$ & $0.032147$ & $-0.0663141$ & $0.0155929$ & $0.690645$ & $0.0239654$ & $0.0179597$ & $-0.0341147$ & $-0.00301744$ & $-0.00122504$ & $-0.051321$ & $0.00767887$ & $0.0447918$ & $-0.00697679$ & $-0.0010736$ & $-0.0178167$ & $-0.0134582$ & $0.0265635$ & $-0.000712161$ & $-0.0529432$ \\
CHd_33 & $-0.0103564$ & $-0.0132877$ & $-0.0249572$ & $-0.0260154$ & $-0.00590313$ & $-0.0803846$ & $-0.0309317$ & $0.309405$ & $0.298449$ & $-0.104086$ & $-0.349395$ & $-0.0970998$ & $0.0648511$ & $0.164717$ & $0.119828$ & $0.106964$ & $0.0737857$ & $-0.0203746$ & $-0.0128914$ & $0.343694$ & $0.350377$ & $0.340887$ & $0.0323748$ & $-0.0210096$ & $0.00625287$ & $-0.207973$ & $0.127388$ & $1$ & $-0.00657885$ & $0.0258069$ & $-0.00461917$ & $-0.0218132$ & $0.0275309$ & $0.149681$ & $-0.0145896$ & $-0.0127152$ & $-0.00348755$ & $0.00871195$ & $0.032563$ & $0.00139418$ & $0.00500708$ & $-0.00774149$ & $-0.021216$ & $0.00248934$ & $0.0127383$ & $-0.0113243$ & $0.0192509$ & $0.0144071$ & $0.0277395$ \\
CeH_22r & $-0.0327456$ & $-0.00488726$ & $0.00170807$ & $0.00576108$ & $-0.00819761$ & $-0.00316256$ & $0.0039483$ & $0.0316684$ & $0.0407786$ & $0.00213065$ & $-0.0185254$ & $-0.034118$ & $0.0528896$ & $-0.0188201$ & $-0.0398355$ & $-0.00960776$ & $-0.0202574$ & $0.00106177$ & $-0.0190406$ & $0.0130546$ & $0.0222908$ & $0.0276463$ & $0.0143205$ & $-0.030175$ & $0.00705713$ & $-0.00939432$ & $0.0673994$ & $-0.00657885$ & $1$ & $0.0204489$ & $-0.00999142$ & $-0.00703877$ & $0.0166691$ & $0.0595666$ & $0.0116235$ & $-0.0441477$ & $0.0117059$ & $0.00793214$ & $-0.000677833$ & $-0.0105109$ & $0.00700019$ & $0.00605654$ & $0.0255604$ & $0.0632223$ & $-0.0142581$ & $-0.0446165$ & $-0.0118334$ & $-0.00687417$ & $-0.017959$ \\
CeH_33r & $-0.000209298$ & $0.0316727$ & $0.0359369$ & $-0.0174055$ & $-0.00110416$ & $0.0116316$ & $-0.135734$ & $0.133517$ & $0.156626$ & $-0.152052$ & $-0.0939987$ & $-0.16855$ & $0.272961$ & $-0.039427$ & $0.0359238$ & $0.0360627$ & $-0.0823324$ & $-0.101715$ & $-0.0990728$ & $0.0930309$ & $0.0989909$ & $0.0964037$ & $0.0341494$ & $-0.113709$ & $-0.102585$ & $-0.0700403$ & $0.0524198$ & $0.0258069$ & $0.0204489$ & $1$ & $0.294523$ & $0.0138938$ & $0.610694$ & $0.0781302$ & $-0.0610645$ & $-0.00230504$ & $-0.167914$ & $-0.0257879$ & $-0.0393855$ & $0.000737868$ & $-0.0104364$ & $-0.00439102$ & $0.0187555$ & $0.000981138$ & $0.0940773$ & $0.000115956$ & $0.00828242$ & $-0.0197868$ & $-0.015274$ \\
CuH_22r & $-0.0168629$ & $-0.0153339$ & $0.03713$ & $-0.0225405$ & $-0.0203384$ & $-0.00274448$ & $-0.0624581$ & $0.0326661$ & $0.0440686$ & $-0.0681366$ & $-0.00373826$ & $-0.0917391$ & $0.113904$ & $-0.0472338$ & $-0.0132992$ & $-0.0171238$ & $-0.0527927$ & $-0.0465294$ & $-0.0382492$ & $-0.000832184$ & $0.00613249$ & $0.0163715$ & $0.0240074$ & $-0.055206$ & $-0.0436735$ & $-0.0123688$ & $0.032147$ & $-0.00461917$ & $-0.00999142$ & $0.294523$ & $1$ & $0.0229497$ & $0.288373$ & $0.036432$ & $-0.0382463$ & $0.0566528$ & $-0.106741$ & $-0.00864878$ & $-0.0654666$ & $0.00468717$ & $0.0170428$ & $-0.00353304$ & $0.00695794$ & $-0.002964$ & $0.0300226$ & $0.080439$ & $0.349263$ & $-0.0382463$ & $-0.0539409$ \\
CuH_33r & $0.0320541$ & $0.0118444$ & $0.0106139$ & $-0.0119512$ & $-0.00883343$ & $-0.00484823$ & $0.929158$ & $-0.121496$ & $-0.0837719$ & $0.127495$ & $0.0710165$ & $0.307582$ & $-0.293754$ & $0.0553647$ & $-0.0241049$ & $-0.0183997$ & $0.106449$ & $0.111407$ & $0.106203$ & $-0.0669254$ & $-0.0745586$ & $-0.0760562$ & $-0.0111063$ & $0.120877$ & $0.0949096$ & $0.0355563$ & $-0.0663141$ & $-0.0218132$ & $-0.00703877$ & $0.0138938$ & $0.0229497$ & $1$ & $0.00518712$ & $-0.0738244$ & $0.0429953$ & $0.0189606$ & $-0.0382368$ & $-0.00767367$ & $-0.0118081$ & $0.00229758$ & $-0.0197949$ & $0.0058127$ & $0.00258504$ & $-0.00914586$ & $0.0164752$ & $0.035053$ & $-0.00957517$ & $-0.0358062$ & $-0.000371559$ \\
CdH_33r & $-0.0327598$ & $0.0120859$ & $0.0120454$ & $-0.0238158$ & $-0.0126646$ & $0.0128637$ & $-0.178138$ & $0.119234$ & $0.136158$ & $-0.141474$ & $-0.0968428$ & $-0.211999$ & $0.326695$ & $-0.00141578$ & $0.0525052$ & $0.040289$ & $-0.0610915$ & $-0.080749$ & $-0.0719639$ & $0.0987293$ & $0.0970374$ & $0.0963156$ & $0.032902$ & $-0.0885879$ & $-0.0838272$ & $-0.091152$ & $0.0155929$ & $0.0275309$ & $0.0166691$ & $0.610694$ & $0.288373$ & $0.00518712$ & $1$ & $0.0456683$ & $-0.0335019$ & $-0.00304671$ & $-0.174123$ & $-0.00173773$ & $-0.00983866$ & $-0.00228211$ & $-0.0328525$ & $0.0015601$ & $-0.00552547$ & $-0.0455351$ & $-0.0354821$ & $0.0167012$ & $0.0123836$ & $0.146001$ & $0.508668$ \\
CLL_1221 & $0.00169958$ & $-0.0129041$ & $-0.0122605$ & $-0.0185263$ & $-0.00915767$ & $-0.125457$ & $-0.0844436$ & $0.567782$ & $0.554265$ & $-0.350899$ & $-0.376769$ & $-0.257385$ & $0.201202$ & $-0.203914$ & $-0.60554$ & $-0.108461$ & $-0.260075$ & $0.0509227$ & $-0.335797$ & $0.29713$ & $0.463583$ & $0.456973$ & $0.205455$ & $-0.639025$ & $-0.19195$ & $-0.25578$ & $0.690645$ & $0.149681$ & $0.0595666$ & $0.0781302$ & $0.036432$ & $-0.0738244$ & $0.0456683$ & $1$ & $0.0507171$ & $0.0143327$ & $-0.0126245$ & $0.00553463$ & $0.00425679$ & $-0.0544221$ & $-0.0372917$ & $0.0605442$ & $0.00347008$ & $0.0158321$ & $-0.0321016$ & $-0.0037584$ & $-0.00691009$ & $0.0220526$ & $-0.0226098$ \\
eHggint & $0.0129315$ & $-0.0112356$ & $-0.0308662$ & $0.0589511$ & $-0.00326395$ & $-0.00049926$ & $-0.0293985$ & $0.0242875$ & $0.0132956$ & $0.0480399$ & $-0.0109029$ & $0.0170019$ & $0.0367406$ & $-0.0312109$ & $-0.0332527$ & $0.00703088$ & $-0.0187212$ & $-0.00259874$ & $-0.0415855$ & $0.0090937$ & $0.0137971$ & $0.0123765$ & $0.0186321$ & $-0.0361696$ & $-0.0243213$ & $-0.0079881$ & $0.0239654$ & $-0.0145896$ & $0.0116235$ & $-0.0610645$ & $-0.0382463$ & $0.0429953$ & $-0.0335019$ & $0.0507171$ & $1$ & $-0.220787$ & $0.050983$ & $-0.0244442$ & $0.0170922$ & $-0.0156317$ & $-0.131153$ & $-0.0163573$ & $0.0432434$ & $-0.0391975$ & $-0.144755$ & $-0.0933311$ & $0.0193447$ & $-0.0678986$ & $0.0599872$ \\
eHggpar & $-0.0533175$ & $-0.0635666$ & $-0.0765939$ & $-0.0424292$ & $0.0305727$ & $-0.00963964$ & $-0.00229311$ & $0.0112698$ & $0.00558262$ & $0.0101672$ & $0.00413929$ & $0.0129543$ & $0.00411223$ & $-0.0349133$ & $-0.00635201$ & $-0.0155537$ & $-0.0183341$ & $-0.0234951$ & $-0.0164127$ & $-0.00876222$ & $-0.00366475$ & $0.000585931$ & $0.0210603$ & $-0.0182379$ & $-0.0122148$ & $-0.0111795$ & $0.0179597$ & $-0.0127152$ & $-0.0441477$ & $-0.00230504$ & $0.0566528$ & $0.0189606$ & $-0.00304671$ & $0.0143327$ & $-0.220787$ & $1$ & $-0.0703536$ & $0.00384879$ & $-0.00643062$ & $0.0260895$ & $-0.00981502$ & $0.0162559$ & $-0.0109179$ & $0.016017$ & $0.0412141$ & $0.101653$ & $0.0745636$ & $-0.0213406$ & $0.0370424$ \\
eHWWint & $-0.059586$ & $0.00217904$ & $0.0127923$ & $-0.0180992$ & $-0.003667$ & $-0.00401192$ & $-0.0069513$ & $-0.0027215$ & $-0.017745$ & $0.0160058$ & $0.00192437$ & $0.021474$ & $-0.0148631$ & $0.000113303$ & $0.0128401$ & $0.0224982$ & $-0.000615252$ & $-0.00514719$ & $-0.00983374$ & $0.00130845$ & $-0.00394049$ & $0.000762509$ & $-0.0135786$ & $0.0100732$ & $-0.0110034$ & $-0.00312528$ & $-0.0341147$ & $-0.00348755$ & $0.0117059$ & $-0.167914$ & $-0.106741$ & $-0.0382368$ & $-0.174123$ & $-0.0126245$ & $0.050983$ & $-0.0703536$ & $1$ & $-0.0186896$ & $0.0175408$ & $-0.0320615$ & $-0.057593$ & $-0.0359732$ & $-0.0469707$ & $0.0412812$ & $-0.0637259$ & $0.0206671$ & $-0.0732409$ & $0.0347057$ & $0.00771905$ \\
eHWWpar & $-0.0252321$ & $-0.000374888$ & $-0.0573483$ & $-0.0176669$ & $-0.0104243$ & $-0.0220507$ & $-0.00883353$ & $-0.00367777$ & $-0.00623916$ & $0.0169354$ & $-0.00952301$ & $0.0402348$ & $-0.0348626$ & $0.0107811$ & $-0.00135824$ & $0.0101272$ & $0.0375835$ & $0.0267702$ & $0.0169644$ & $0.0100658$ & $0.0105637$ & $0.00921858$ & $-0.00240696$ & $0.0122904$ & $0.0290128$ & $-0.0130085$ & $-0.00301744$ & $0.00871195$ & $0.00793214$ & $-0.0257879$ & $-0.00864878$ & $-0.00767367$ & $-0.00173773$ & $0.00553463$ & $-0.0244442$ & $0.00384879$ & $-0.0186896$ & $1$ & $0.0013656$ & $-0.0216074$ & $0.0323643$ & $-0.0140267$ & $-0.021969$ & $0.0132841$ & $-0.031699$ & $0.0103026$ & $-0.00666639$ & $-0.0387743$ & $0.0170246$ \\
eHZZint & $-0.0185318$ & $-0.0166201$ & $0.170063$ & $-0.0424782$ & $-0.0244744$ & $-0.0419443$ & $-0.021902$ & $0.0155394$ & $-0.00534575$ & $-0.0159136$ & $-0.0171211$ & $-0.010013$ & $-0.0042887$ & $-0.00568119$ & $0.0176865$ & $0.0137191$ & $0.0201011$ & $-0.0070059$ & $0.000435704$ & $0.0197172$ & $0.0191676$ & $0.0202119$ & $0.025689$ & $-0.00527437$ & $0.000300991$ & $-0.0214642$ & $-0.00122504$ & $0.032563$ & $-0.000677833$ & $-0.0393855$ & $-0.0654666$ & $-0.0118081$ & $-0.00983866$ & $0.00425679$ & $0.0170922$ & $-0.00643062$ & $0.0175408$ & $0.0013656$ & $1$ & $0.0317078$ & $-0.00707495$ & $0.0302264$ & $-0.110147$ & $0.0264781$ & $-0.00778857$ & $0.0144625$ & $-0.111238$ & $0.0240623$ & $0.0454737$ \\
eHZZpar & $0.0344274$ & $0.0136666$ & $-0.0269044$ & $0.0317706$ & $-0.00474473$ & $-0.0201554$ & $0.00218498$ & $-0.0443866$ & $-0.040623$ & $0.0391933$ & $0.0294842$ & $0.0160419$ & $-0.00545576$ & $0.0111647$ & $0.020915$ & $0.0321786$ & $0.0189655$ & $0.015555$ & $0.010264$ & $-0.0214902$ & $-0.0342756$ & $-0.0349944$ & $-0.0161312$ & $0.0404686$ & $0.0161208$ & $0.0140137$ & $-0.051321$ & $0.00139418$ & $-0.0105109$ & $0.000737868$ & $0.00468717$ & $0.00229758$ & $-0.00228211$ & $-0.0544221$ & $-0.0156317$ & $0.0260895$ & $-0.0320615$ & $-0.0216074$ & $0.0317078$ & $1$ & $-0.0489372$ & $-0.0189099$ & $-0.0213674$ & $0.00648821$ & $0.0219335$ & $0.0176495$ & $0.0234575$ & $-0.0141549$ & $0.013559$ \\
eHZgaint & $-0.135203$ & $-0.0166231$ & $0.042755$ & $-0.0486842$ & $0.0228536$ & $0.0409485$ & $0.00545788$ & $-0.0494814$ & $-0.0536622$ & $-0.0243127$ & $0.0663288$ & $0.0365965$ & $-0.0542753$ & $-0.0302284$ & $-0.012372$ & $-0.020311$ & $-0.0407161$ & $-0.0196231$ & $-0.0113533$ & $-0.0676614$ & $-0.0679539$ & $-0.0667556$ & $-0.00752922$ & $0.0375074$ & $0.0156034$ & $0.0662261$ & $0.00767887$ & $0.00500708$ & $0.00700019$ & $-0.0104364$ & $0.0170428$ & $-0.0197949$ & $-0.0328525$ & $-0.0372917$ & $-0.131153$ & $-0.00981502$ & $-0.057593$ & $0.0323643$ & $-0.00707495$ & $-0.0489372$ & $1$ & $0.0128142$ & $-0.00935559$ & $-0.00239428$ & $0.0425551$ & $0.0219514$ & $0.0576806$ & $0.0503598$ & $-0.0609281$ \\
eHZgapar & $0.0530031$ & $0.0128488$ & $0.021868$ & $-0.0174872$ & $0.0243927$ & $-0.0331326$ & $0.0105283$ & $0.0483475$ & $0.0467188$ & $-0.0353867$ & $-0.038627$ & $-0.0129095$ & $0.00194037$ & $-0.00936599$ & $-0.022189$ & $0.00405662$ & $-0.0124978$ & $-0.00426867$ & $-0.030562$ & $0.0368552$ & $0.0452316$ & $0.0321632$ & $0.040112$ & $-0.034947$ & $-0.0217145$ & $-0.0488375$ & $0.0447918$ & $-0.00774149$ & $0.00605654$ & $-0.00439102$ & $-0.00353304$ & $0.0058127$ & $0.0015601$ & $0.0605442$ & $-0.0163573$ & $0.0162559$ & $-0.0359732$ & $-0.0140267$ & $0.0302264$ & $-0.0189099$ & $0.0128142$ & $1$ & $0.0081525$ & $-0.0351364$ & $0.0289989$ & $0.00930996$ & $-0.0353146$ & $0.0298688$ & $2.49418e-07$ \\
eHgagaint & $-0.156058$ & $0.0415565$ & $0.035948$ & $0.00768039$ & $0.0136347$ & $0.0461995$ & $-0.00775766$ & $0.0267741$ & $0.102503$ & $-0.0246488$ & $0.000473467$ & $-0.0123057$ & $0.0128723$ & $-0.0535327$ & $0.0319327$ & $0.027564$ & $-0.0456502$ & $-0.0707254$ & $-0.0745185$ & $0.00377826$ & $0.000733412$ & $-0.00356428$ & $-0.00161816$ & $-0.0326634$ & $-0.0470069$ & $0.0127672$ & $-0.00697679$ & $-0.021216$ & $0.0255604$ & $0.0187555$ & $0.00695794$ & $0.00258504$ & $-0.00552547$ & $0.00347008$ & $0.0432434$ & $-0.0109179$ & $-0.0469707$ & $-0.021969$ & $-0.110147$ & $-0.0213674$ & $-0.00935559$ & $0.0081525$ & $1$ & $0.0365909$ & $0.00314761$ & $-0.0179222$ & $0.0172234$ & $0.00178543$ & $-0.0310641$ \\
eHmumuint & $-0.167423$ & $0.0294838$ & $-0.00334662$ & $0.0609749$ & $-0.0292058$ & $0.00509382$ & $0.00333547$ & $-0.00319594$ & $0.00107382$ & $-0.00736072$ & $-0.00191281$ & $-0.0173052$ & $0.00451764$ & $0.00958821$ & $-0.0173634$ & $0.0173867$ & $0.0161114$ & $0.022771$ & $-0.000766045$ & $0.00242059$ & $0.00619539$ & $0.00943474$ & $0.00665945$ & $0.0165018$ & $0.023899$ & $0.00236242$ & $-0.0010736$ & $0.00248934$ & $0.0632223$ & $0.000981138$ & $-0.002964$ & $-0.00914586$ & $-0.0455351$ & $0.0158321$ & $-0.0391975$ & $0.016017$ & $0.0412812$ & $0.0132841$ & $0.0264781$ & $0.00648821$ & $-0.00239428$ & $-0.0351364$ & $0.0365909$ & $1$ & $-0.00258568$ & $0.0148135$ & $0.0263042$ & $-0.0554261$ & $-0.0344581$ \\
eHtautauint & $-0.0386786$ & $0.0626368$ & $0.0898869$ & $-0.0571277$ & $0.0296283$ & $0.0680305$ & $0.0364899$ & $-0.0228701$ & $-0.0164101$ & $-0.0318253$ & $0.0345652$ & $0.00396727$ & $-0.0258216$ & $-0.00849619$ & $0.013195$ & $-0.0243702$ & $-0.0304777$ & $-0.0298154$ & $0.00628643$ & $-0.032099$ & $-0.0319634$ & $-0.0309103$ & $-0.00907987$ & $0.00175783$ & $-0.0150909$ & $0.0293738$ & $-0.0178167$ & $0.0127383$ & $-0.0142581$ & $0.0940773$ & $0.0300226$ & $0.0164752$ & $-0.0354821$ & $-0.0321016$ & $-0.144755$ & $0.0412141$ & $-0.0637259$ & $-0.031699$ & $-0.00778857$ & $0.0219335$ & $0.0425551$ & $0.0289989$ & $0.00314761$ & $-0.00258568$ & $1$ & $-0.0395488$ & $0.0363406$ & $-0.0430309$ & $-0.049619$ \\
eHccint & $-0.000182476$ & $-0.00224847$ & $-0.0797935$ & $-0.0238362$ & $-0.0392837$ & $-0.0174973$ & $0.0461004$ & $-0.0237167$ & $-0.0257187$ & $0.0263053$ & $0.0145715$ & $0.0465143$ & $-0.0423828$ & $-0.0034064$ & $-0.00989845$ & $-0.0249346$ & $0.031171$ & $0.0203018$ & $0.0315154$ & $-0.0191163$ & $-0.0133931$ & $-0.0206974$ & $0.0605339$ & $0.023247$ & $0.00796668$ & $-0.0398272$ & $-0.0134582$ & $-0.0113243$ & $-0.0446165$ & $0.000115956$ & $0.080439$ & $0.035053$ & $0.0167012$ & $-0.0037584$ & $-0.0933311$ & $0.101653$ & $0.0206671$ & $0.0103026$ & $0.0144625$ & $0.0176495$ & $0.0219514$ & $0.00930996$ & $-0.0179222$ & $0.0148135$ & $-0.0395488$ & $1$ & $0.0179982$ & $-0.0193118$ & $0.041601$ \\
eHccpar & $-0.0439085$ & $-0.0849246$ & $0.00667645$ & $-0.0749434$ & $0.00749276$ & $-0.00012433$ & $-0.025399$ & $0.00358056$ & $0.000557436$ & $0.0292753$ & $0.0081982$ & $-0.00926229$ & $0.0262676$ & $-0.0123711$ & $-0.00453282$ & $-0.0788803$ & $-0.0228897$ & $-0.0236205$ & $0.0342738$ & $-0.0156005$ & $-0.00684438$ & $-0.00798513$ & $0.0169993$ & $-0.0261433$ & $0.00511211$ & $-0.0124359$ & $0.0265635$ & $0.0192509$ & $-0.0118334$ & $0.00828242$ & $0.349263$ & $-0.00957517$ & $0.0123836$ & $-0.00691009$ & $0.0193447$ & $0.0745636$ & $-0.0732409$ & $-0.00666639$ & $-0.111238$ & $0.0234575$ & $0.0576806$ & $-0.0353146$ & $0.0172234$ & $0.0263042$ & $0.0363406$ & $0.0179982$ & $1$ & $-0.00155221$ & $-0.0285817$ \\
eHbbint & $-0.107544$ & $0.127774$ & $0.0666234$ & $-0.0808488$ & $0.00603026$ & $0.0568172$ & $-0.0232513$ & $0.00794117$ & $0.00120692$ & $-0.0271517$ & $-0.00950105$ & $-0.0131722$ & $-0.0102217$ & $0.0249874$ & $-0.0156738$ & $-0.0108657$ & $-0.0116219$ & $0.0159467$ & $0.0102731$ & $0.0136625$ & $0.0157869$ & $0.0133119$ & $0.0138111$ & $-0.00386778$ & $0.00341916$ & $-0.0257249$ & $-0.000712161$ & $0.0144071$ & $-0.00687417$ & $-0.0197868$ & $-0.0382463$ & $-0.0358062$ & $0.146001$ & $0.0220526$ & $-0.0678986$ & $-0.0213406$ & $0.0347057$ & $-0.0387743$ & $0.0240623$ & $-0.0141549$ & $0.0503598$ & $0.0298688$ & $0.00178543$ & $-0.0554261$ & $-0.0430309$ & $-0.0193118$ & $-0.00155221$ & $1$ & $0.0436082$ \\
eHbbpar & $-0.0198865$ & $-0.0228001$ & $-0.0445354$ & $0.0392075$ & $-0.00739771$ & $0.0118542$ & $-0.0197322$ & $-0.0139647$ & $-0.0232674$ & $0.00673688$ & $-0.00368694$ & $-0.0141332$ & $0.0129022$ & $0.036503$ & $0.00484801$ & $0.0299038$ & $0.0197621$ & $0.0308771$ & $0.00999734$ & $0.00703566$ & $-0.00248351$ & $-0.00116389$ & $-0.00666647$ & $0.0192741$ & $0.00965345$ & $-0.0182321$ & $-0.0529432$ & $0.0277395$ & $-0.017959$ & $-0.015274$ & $-0.0539409$ & $-0.000371559$ & $0.508668$ & $-0.0226098$ & $0.0599872$ & $0.0370424$ & $0.00771905$ & $0.0170246$ & $0.0454737$ & $0.013559$ & $-0.0609281$ & $2.49418e-07$ & $-0.0310641$ & $-0.0344581$ & $-0.049619$ & $0.041601$ & $-0.0285817$ & $0.0436082$ & $1$ \\
