 & AlsMz & dAle5Mz & mtop & mHl & Mz & CW & CHG & CHWB & CHWHB_gaga & CHWHB_gagaorth & CHD & CHbox & CH & CHL1_11 & CHL1_22 & CHL1_33 & CHL3_11 & CHL3_22 & CHL3_33 & CHe_11 & CHe_22 & CHe_33 & CHQ1_11 & CHQ1_33 & CHQ3_11 & CHu_11 & CHd_11 & CHd_33 & CeH_22r & CeH_33r & CuH_22r & CuH_33r & CdH_33r & CLL_1221 & eHggint & eHggpar & eHWWint & eHWWpar & eHZZint & eHZZpar & eHZgaint & eHZgapar & eHgagaint & eHmumuint & eHtautauint & eHccint & eHccpar & eHbbint & eHbbpar \\
AlsMz & $1$ & $-0.0931731$ & $-0.146023$ & $0.0868778$ & $-0.0163505$ & $0.0467538$ & $-0.0283735$ & $-0.032557$ & $-0.0408913$ & $0.0616429$ & $0.00541644$ & $0.0352711$ & $-0.00749625$ & $0.037816$ & $0.00646486$ & $0.0399122$ & $0.0352332$ & $0.0438009$ & $0.016341$ & $-0.00351197$ & $-0.0154798$ & $-0.0175043$ & $0.00568313$ & $0.0296077$ & $-0.00412737$ & $-0.0161626$ & $-0.0446742$ & $-0.00470409$ & $-0.00675379$ & $0.0243484$ & $0.0455289$ & $-0.0267923$ & $-0.0643686$ & $-0.0369661$ & $0.233632$ & $-0.0602933$ & $-0.11107$ & $0.0986558$ & $0.3901$ & $0.0181899$ & $-0.192762$ & $0.165475$ & $-0.0975359$ & $0.608364$ & $0.393537$ & $-0.163607$ & $0.415781$ & $-0.206078$ & $-0.342081$ \\
dAle5Mz & $-0.0931731$ & $1$ & $0.155236$ & $-0.218741$ & $0.0585749$ & $0.0185139$ & $0.121476$ & $-0.024197$ & $-0.0156039$ & $0.0321971$ & $0.0257422$ & $0.0589809$ & $0.0190167$ & $-0.0172806$ & $0.0167306$ & $-0.00847544$ & $-0.00833357$ & $-0.025174$ & $-0.00185942$ & $-0.0186773$ & $-0.0171905$ & $-0.00370957$ & $-0.0257167$ & $0.00313406$ & $-0.0229029$ & $0.00670238$ & $-0.0323503$ & $0.0100895$ & $-0.0283015$ & $-0.0214776$ & $-0.0531541$ & $0.134769$ & $-0.010144$ & $-0.0124597$ & $-0.405282$ & $0.352544$ & $0.541659$ & $0.0859477$ & $0.40393$ & $-0.0569547$ & $-0.24662$ & $0.204095$ & $0.18443$ & $-0.41668$ & $-0.286549$ & $0.265307$ & $-0.131073$ & $-0.197962$ & $0.0162786$ \\
mtop & $-0.146023$ & $0.155236$ & $1$ & $-0.353812$ & $-0.00465626$ & $0.00910902$ & $-0.0586635$ & $0.0241808$ & $0.0140118$ & $0.00480332$ & $-0.00724201$ & $0.0982406$ & $0.162368$ & $-0.0189309$ & $-0.00590601$ & $-0.0160127$ & $-0.0252768$ & $-0.0244903$ & $-0.0100331$ & $0.0081911$ & $0.0153041$ & $0.0185953$ & $-0.00203872$ & $-0.0281865$ & $-0.00130083$ & $0.00671269$ & $0.044359$ & $0.0171819$ & $0.00564705$ & $-0.000941649$ & $-0.0780366$ & $-0.0647264$ & $0.0562877$ & $0.0282274$ & $-0.303004$ & $0.493084$ & $0.528767$ & $0.0105488$ & $-0.0141414$ & $-0.0101987$ & $-0.0388345$ & $0.0708441$ & $-0.168004$ & $-0.081881$ & $-0.0898607$ & $-0.0381321$ & $-0.216464$ & $-0.0914361$ & $0.454098$ \\
mHl & $0.0868778$ & $-0.218741$ & $-0.353812$ & $1$ & $-0.0906897$ & $0.00907221$ & $-0.0944734$ & $0.0082158$ & $0.00988175$ & $-0.0285998$ & $-0.00021038$ & $-0.0148393$ & $-0.0167832$ & $-0.0171933$ & $-0.0377413$ & $-0.0247698$ & $-0.00336185$ & $0.00999404$ & $-0.00300458$ & $-0.00811767$ & $0.00135126$ & $-0.000714566$ & $-0.0223524$ & $-0.0224939$ & $-0.0119804$ & $0.0196552$ & $0.0168185$ & $-0.012815$ & $0.0151814$ & $0.00670479$ & $-0.0154773$ & $-0.0983738$ & $-0.0495686$ & $0.039795$ & $0.726708$ & $-0.762417$ & $-0.448744$ & $0.151489$ & $-0.0466382$ & $-0.039948$ & $0.00705419$ & $-0.00920404$ & $0.0469117$ & $0.449752$ & $0.240256$ & $-0.0825413$ & $-0.39246$ & $-0.112572$ & $-0.50631$ \\
Mz & $-0.0163505$ & $0.0585749$ & $-0.00465626$ & $-0.0906897$ & $1$ & $0.00252497$ & $-0.00650057$ & $-0.0284499$ & $-0.029437$ & $0.0135542$ & $0.0446074$ & $-0.0122783$ & $-0.0377738$ & $-0.0265487$ & $-0.0127017$ & $0.019118$ & $-0.0113369$ & $-0.00287853$ & $-0.0336774$ & $-0.0321956$ & $-0.0318245$ & $-0.0382054$ & $-0.0101988$ & $0.0203185$ & $-0.0231676$ & $0.00988859$ & $-0.0339793$ & $0.0202368$ & $0.0339866$ & $0.00701661$ & $0.0169902$ & $0.00790575$ & $0.00800276$ & $-0.00788069$ & $-0.0402314$ & $0.0300099$ & $0.000879884$ & $-0.0278454$ & $0.00260111$ & $0.0306046$ & $-0.00464437$ & $-0.0126931$ & $-0.0418869$ & $-0.0341115$ & $-0.0112899$ & $0.00144734$ & $0.0299301$ & $0.00764466$ & $0.0367596$ \\
CW & $0.0467538$ & $0.0185139$ & $0.00910902$ & $0.00907221$ & $0.00252497$ & $1$ & $0.00919763$ & $-0.129881$ & $-0.126582$ & $0.0444579$ & $0.168384$ & $0.0527172$ & $-0.0093986$ & $0.0564783$ & $-0.0924374$ & $-0.0594523$ & $-0.235079$ & $-0.0042386$ & $-0.0313528$ & $-0.16423$ & $-0.172419$ & $-0.170516$ & $-0.0350726$ & $0.0295527$ & $-0.0478945$ & $0.11153$ & $-0.0644675$ & $-0.0439579$ & $0.0144181$ & $0.00347937$ & $0.0183975$ & $0.00467297$ & $0.00466711$ & $-0.11279$ & $-0.0189879$ & $0.0100881$ & $0.011307$ & $0.026998$ & $0.0374903$ & $-0.0295879$ & $0.00625655$ & $-0.0217225$ & $0.0256508$ & $0.0271807$ & $-0.00321297$ & $0.0389453$ & $0.021616$ & $-0.0626567$ & $0.0143359$ \\
CHG & $-0.0283735$ & $0.121476$ & $-0.0586635$ & $-0.0944734$ & $-0.00650057$ & $0.00919763$ & $1$ & $-0.0563372$ & $-0.0081545$ & $0.0416732$ & $0.0213796$ & $-0.174834$ & $-0.21773$ & $0.0442524$ & $0.0150441$ & $-0.0390434$ & $0.0741338$ & $0.0460088$ & $0.0922174$ & $-0.0245962$ & $-0.0229339$ & $-0.018787$ & $0.00401227$ & $0.0560993$ & $0.0713615$ & $0.00553026$ & $-0.0171561$ & $-0.0104717$ & $0.00900169$ & $-0.112206$ & $-0.0619382$ & $0.919562$ & $-0.183258$ & $-0.054543$ & $-0.032584$ & $-0.0474338$ & $-0.0372377$ & $-0.129398$ & $0.232503$ & $-0.0603022$ & $-0.00426582$ & $0.023519$ & $0.016927$ & $-0.0581562$ & $0.101508$ & $-0.00135968$ & $0.102345$ & $0.0376179$ & $-0.110399$ \\
CHWB & $-0.032557$ & $-0.024197$ & $0.0241808$ & $0.0082158$ & $-0.0284499$ & $-0.129881$ & $-0.0563372$ & $1$ & $0.985348$ & $-0.545123$ & $-0.877781$ & $0.00653644$ & $0.317448$ & $0.131749$ & $0.316567$ & $0.259926$ & $-0.19755$ & $-0.414218$ & $-0.373362$ & $0.848218$ & $0.896025$ & $0.876204$ & $0.0700469$ & $-0.645286$ & $-0.351944$ & $-0.495609$ & $0.415143$ & $0.296558$ & $0.00734422$ & $0.0862825$ & $0.0137666$ & $-0.051661$ & $0.107749$ & $0.533792$ & $0.0548344$ & $-0.035259$ & $-0.0132303$ & $-0.0110967$ & $-0.0178096$ & $-0.029113$ & $0.0301056$ & $0.0207419$ & $-0.0226474$ & $-0.0240694$ & $0.0210095$ & $-0.0735705$ & $-0.0552005$ & $0.123285$ & $0.0249222$ \\
CHWHB_gaga & $-0.0408913$ & $-0.0156039$ & $0.0140118$ & $0.00988175$ & $-0.029437$ & $-0.126582$ & $-0.0081545$ & $0.985348$ & $1$ & $-0.539213$ & $-0.858486$ & $0.0269428$ & $0.32215$ & $0.118039$ & $0.311399$ & $0.250022$ & $-0.207772$ & $-0.420314$ & $-0.376016$ & $0.828883$ & $0.876805$ & $0.857622$ & $0.0672353$ & $-0.644557$ & $-0.355687$ & $-0.480992$ & $0.411744$ & $0.290858$ & $0.0128347$ & $0.107499$ & $0.0291855$ & $-0.0120418$ & $0.133228$ & $0.526182$ & $0.0535407$ & $-0.0458091$ & $-0.0216959$ & $-0.0138867$ & $-0.00465024$ & $-0.0301998$ & $0.024529$ & $0.018904$ & $-0.00189999$ & $-0.0243329$ & $0.0275087$ & $-0.0667796$ & $-0.0547527$ & $0.122353$ & $0.0133375$ \\
CHWHB_gagaorth & $0.0616429$ & $0.0321971$ & $0.00480332$ & $-0.0285998$ & $0.0135542$ & $0.0444579$ & $0.0416732$ & $-0.545123$ & $-0.539213$ & $1$ & $0.328689$ & $0.325106$ & $-0.215929$ & $0.219231$ & $-0.115075$ & $-0.123548$ & $0.413199$ & $0.463703$ & $0.47041$ & $-0.31633$ & $-0.344004$ & $-0.340933$ & $-0.0468006$ & $0.525046$ & $0.451401$ & $0.193793$ & $-0.21346$ & $-0.097333$ & $-0.0132617$ & $-0.100321$ & $-0.0492826$ & $0.0579091$ & $-0.151955$ & $-0.335496$ & $-0.0556723$ & $0.0558744$ & $0.0232454$ & $0.0626535$ & $0.0440331$ & $0.0213399$ & $-0.0716221$ & $-0.00353273$ & $0.0246596$ & $0.0277364$ & $0.0141664$ & $0.0569985$ & $0.0655802$ & $-0.0998472$ & $-0.0259688$ \\
CHD & $0.00541644$ & $0.0257422$ & $-0.00724201$ & $-0.00021038$ & $0.0446074$ & $0.168384$ & $0.0213796$ & $-0.877781$ & $-0.858486$ & $0.328689$ & $1$ & $0.125843$ & $-0.146764$ & $-0.544026$ & $-0.440627$ & $-0.379552$ & $-0.259141$ & $0.0463092$ & $0.00241938$ & $-0.99039$ & $-0.991279$ & $-0.969435$ & $-0.0200498$ & $0.270198$ & $-0.0287934$ & $0.561776$ & $-0.284593$ & $-0.334361$ & $0.0106775$ & $-0.0622567$ & $-0.0116709$ & $0.0165981$ & $-0.0668992$ & $-0.325912$ & $-0.0450877$ & $0.0317478$ & $0.0149586$ & $-0.0149464$ & $-0.00761259$ & $0.0393185$ & $-0.0554677$ & $0.00316714$ & $0.0276697$ & $0.0234498$ & $-0.0196348$ & $0.0662539$ & $0.00827565$ & $-0.0917108$ & $-0.0389182$ \\
CHbox & $0.0352711$ & $0.0589809$ & $0.0982406$ & $-0.0148393$ & $-0.0122783$ & $0.0527172$ & $-0.174834$ & $0.00653644$ & $0.0269428$ & $0.325106$ & $0.125843$ & $1$ & $0.679272$ & $-0.270543$ & $0.00466743$ & $-0.0104939$ & $-0.274624$ & $-0.251709$ & $-0.238017$ & $-0.115105$ & $-0.123617$ & $-0.120721$ & $0.00304184$ & $-0.164962$ & $-0.241036$ & $0.0791637$ & $-0.0256894$ & $-0.0238776$ & $0.0459659$ & $0.296421$ & $0.0654222$ & $-0.0918963$ & $0.389611$ & $-0.00346375$ & $-0.0195091$ & $0.0458045$ & $0.0254122$ & $0.0570316$ & $0.00332879$ & $0.0468016$ & $-0.156441$ & $0.119161$ & $0.0176186$ & $0.0544294$ & $0.0400757$ & $0.00775094$ & $-0.105508$ & $0.00336419$ & $-0.0447978$ \\
CH & $-0.00749625$ & $0.0190167$ & $0.162368$ & $-0.0167832$ & $-0.0377738$ & $-0.0093986$ & $-0.21773$ & $0.317448$ & $0.32215$ & $-0.215929$ & $-0.146764$ & $0.679272$ & $1$ & $-0.224547$ & $0.0467424$ & $0.0459096$ & $-0.322753$ & $-0.341961$ & $-0.335375$ & $0.139302$ & $0.160281$ & $0.163041$ & $0.0319677$ & $-0.3731$ & $-0.31917$ & $-0.0669436$ & $0.153161$ & $0.054101$ & $0.0377631$ & $0.225085$ & $0.0602254$ & $-0.178699$ & $0.321965$ & $0.215154$ & $0.0134068$ & $0.0384682$ & $0.0463369$ & $0.0251983$ & $-0.0209871$ & $0.0233713$ & $-0.113129$ & $0.11392$ & $0.00765124$ & $0.0462468$ & $0.024089$ & $-0.0491573$ & $-0.190451$ & $0.0838376$ & $-0.00415874$ \\
CHL1_11 & $0.037816$ & $-0.0172806$ & $-0.0189309$ & $-0.0171933$ & $-0.0265487$ & $0.0564783$ & $0.0442524$ & $0.131749$ & $0.118039$ & $0.219231$ & $-0.544026$ & $-0.270543$ & $-0.224547$ & $1$ & $0.270352$ & $0.252751$ & $0.66128$ & $0.599373$ & $0.612229$ & $0.561758$ & $0.506831$ & $0.496573$ & $-0.0596649$ & $0.469266$ & $0.603899$ & $-0.303418$ & $-0.0684193$ & $0.192114$ & $-0.0307061$ & $-0.0187178$ & $0.00537773$ & $0.0417245$ & $-0.0391863$ & $-0.206016$ & $0.00221105$ & $-0.00422064$ & $-0.00974019$ & $0.0508061$ & $0.0419189$ & $-0.0539716$ & $0.0709415$ & $-0.0401494$ & $-0.0185567$ & $-0.00976647$ & $0.00544098$ & $-0.0196588$ & $0.0742174$ & $-0.0125708$ & $0.050665$ \\
CHL1_22 & $0.00646486$ & $0.0167306$ & $-0.00590601$ & $-0.0377413$ & $-0.0127017$ & $-0.0924374$ & $0.0150441$ & $0.316567$ & $0.311399$ & $-0.115075$ & $-0.440627$ & $0.00466743$ & $0.0467424$ & $0.270352$ & $1$ & $0.447486$ & $0.193278$ & $-0.450381$ & $-0.0221526$ & $0.505481$ & $0.357989$ & $0.343477$ & $-0.172721$ & $0.113801$ & $-0.131433$ & $-0.211761$ & $-0.388052$ & $0.123985$ & $0.000825093$ & $0.0313699$ & $0.0336957$ & $0.0318351$ & $0.0413638$ & $-0.604176$ & $-0.0199938$ & $0.0233381$ & $-0.0427353$ & $0.0533184$ & $0.0107998$ & $-0.0150567$ & $-0.0232467$ & $0.0288629$ & $-0.0124802$ & $0.0144236$ & $0.00348827$ & $-0.00271709$ & $0.0435772$ & $-0.0179874$ & $0.0224817$ \\
CHL1_33 & $0.0399122$ & $-0.00847544$ & $-0.0160127$ & $-0.0247698$ & $0.019118$ & $-0.0594523$ & $-0.0390434$ & $0.259926$ & $0.250022$ & $-0.123548$ & $-0.379552$ & $-0.0104939$ & $0.0459096$ & $0.252751$ & $0.447486$ & $1$ & $0.172676$ & $-0.0255473$ & $-0.431769$ & $0.445671$ & $0.296549$ & $0.314525$ & $-0.190444$ & $0.140392$ & $-0.138879$ & $-0.177002$ & $-0.425043$ & $0.114326$ & $-0.0238237$ & $0.0343133$ & $0.036807$ & $-0.0319826$ & $0.0292869$ & $-0.144708$ & $-0.00831022$ & $0.00945284$ & $-0.0520617$ & $0.0596228$ & $-0.023491$ & $0.0052057$ & $-0.0467779$ & $0.0489507$ & $0.00452635$ & $0.0335027$ & $0.0299731$ & $-0.0155432$ & $0.0614295$ & $-0.0422596$ & $0.0368835$ \\
CHL3_11 & $0.0352332$ & $-0.00833357$ & $-0.0252768$ & $-0.00336185$ & $-0.0113369$ & $-0.235079$ & $0.0741338$ & $-0.19755$ & $-0.207772$ & $0.413199$ & $-0.259141$ & $-0.274624$ & $-0.322753$ & $0.66128$ & $0.193278$ & $0.172676$ & $1$ & $0.711657$ & $0.726136$ & $0.281589$ & $0.22495$ & $0.219635$ & $-0.0584336$ & $0.665179$ & $0.765671$ & $-0.150205$ & $-0.139752$ & $0.0753088$ & $-0.0311205$ & $-0.0482018$ & $-0.0133429$ & $0.0738353$ & $-0.083229$ & $-0.253474$ & $-0.00832618$ & $-0.00196695$ & $0.0106028$ & $0.0315752$ & $0.0429456$ & $-0.00227221$ & $0.0575819$ & $-0.061177$ & $-0.0180623$ & $-0.0100819$ & $-0.00676411$ & $0.00839556$ & $0.0691479$ & $-0.0405878$ & $0.0161568$ \\
CHL3_22 & $0.0438009$ & $-0.025174$ & $-0.0244903$ & $0.00999404$ & $-0.00287853$ & $-0.0042386$ & $0.0460088$ & $-0.414218$ & $-0.420314$ & $0.463703$ & $0.0463092$ & $-0.251709$ & $-0.341961$ & $0.599373$ & $-0.450381$ & $-0.0255473$ & $0.711657$ & $1$ & $0.66681$ & $-0.048922$ & $-0.0409083$ & $-0.0328828$ & $0.0201901$ & $0.611084$ & $0.785622$ & $0.00522794$ & $0.0162857$ & $-0.00303753$ & $-0.0342147$ & $-0.0636936$ & $-0.0236052$ & $0.0342412$ & $-0.101943$ & $0.05255$ & $-0.00160045$ & $-0.00879414$ & $0.0205439$ & $0.0128339$ & $0.0298193$ & $-0.00859459$ & $0.0635168$ & $-0.0636491$ & $-0.00497316$ & $-0.00689285$ & $-0.00147104$ & $0.0109851$ & $0.0604767$ & $-0.0452524$ & $0.0180059$ \\
CHL3_33 & $0.016341$ & $-0.00185942$ & $-0.0100331$ & $-0.00300458$ & $-0.0336774$ & $-0.0313528$ & $0.0922174$ & $-0.373362$ & $-0.376016$ & $0.47041$ & $0.00241938$ & $-0.238017$ & $-0.335375$ & $0.612229$ & $-0.0221526$ & $-0.431769$ & $0.726136$ & $0.66681$ & $1$ & $-0.00594803$ & $0.00441173$ & $0.00881197$ & $0.0325351$ & $0.592233$ & $0.795843$ & $-0.0143323$ & $0.050145$ & $-0.00108539$ & $-0.0175106$ & $-0.0648989$ & $-0.0224235$ & $0.0882133$ & $-0.0899478$ & $-0.309756$ & $-0.0140132$ & $-0.00304375$ & $0.0332461$ & $0.00363572$ & $0.0654795$ & $-0.0206106$ & $0.0858665$ & $-0.0891849$ & $-0.0177127$ & $-0.0208664$ & $-0.018066$ & $0.0125139$ & $0.04242$ & $-0.0172362$ & $0.00542157$ \\
CHe_11 & $-0.00351197$ & $-0.0186773$ & $0.0081911$ & $-0.00811767$ & $-0.0321956$ & $-0.16423$ & $-0.0245962$ & $0.848218$ & $0.828883$ & $-0.31633$ & $-0.99039$ & $-0.115105$ & $0.139302$ & $0.561758$ & $0.505481$ & $0.445671$ & $0.281589$ & $-0.048922$ & $-0.00594803$ & $1$ & $0.972212$ & $0.950739$ & $-0.00684255$ & $-0.212902$ & $0.0315461$ & $-0.552232$ & $0.207376$ & $0.330862$ & $-0.0123516$ & $0.0618167$ & $0.0133868$ & $-0.017829$ & $0.0658703$ & $0.243455$ & $0.0345667$ & $-0.0227251$ & $-0.0168077$ & $0.0215595$ & $0.00778843$ & $-0.0396278$ & $0.0497555$ & $0.0024529$ & $-0.024356$ & $-0.0234821$ & $0.0173867$ & $-0.0594623$ & $0.000312647$ & $0.0794206$ & $0.0457014$ \\
CHe_22 & $-0.0154798$ & $-0.0171905$ & $0.0153041$ & $0.00135126$ & $-0.0318245$ & $-0.172419$ & $-0.0229339$ & $0.896025$ & $0.876805$ & $-0.344004$ & $-0.991279$ & $-0.123617$ & $0.160281$ & $0.506831$ & $0.357989$ & $0.296549$ & $0.22495$ & $-0.0409083$ & $0.00441173$ & $0.972212$ & $1$ & $0.974554$ & $0.0479052$ & $-0.326831$ & $0.0249306$ & $-0.561837$ & $0.366016$ & $0.333921$ & $-0.00804756$ & $0.0624382$ & $0.00682898$ & $-0.0190227$ & $0.0690336$ & $0.413123$ & $0.0443076$ & $-0.0317901$ & $-0.00190599$ & $0.00558463$ & $0.010686$ & $-0.0405079$ & $0.0615855$ & $-0.00670934$ & $-0.0274393$ & $-0.0348196$ & $0.0139479$ & $-0.0676029$ & $-0.0229437$ & $0.103365$ & $0.0388634$ \\
CHe_33 & $-0.0175043$ & $-0.00370957$ & $0.0185953$ & $-0.000714566$ & $-0.0382054$ & $-0.170516$ & $-0.018787$ & $0.876204$ & $0.857622$ & $-0.340933$ & $-0.969435$ & $-0.120721$ & $0.163041$ & $0.496573$ & $0.343477$ & $0.314525$ & $0.219635$ & $-0.0328828$ & $0.00881197$ & $0.950739$ & $0.974554$ & $1$ & $0.0495014$ & $-0.31942$ & $0.0322962$ & $-0.548092$ & $0.366298$ & $0.327069$ & $-0.0100254$ & $0.0619264$ & $0.00966773$ & $-0.0158471$ & $0.0687288$ & $0.412407$ & $0.0390077$ & $-0.0342372$ & $0.00564546$ & $0.00700606$ & $0.0208393$ & $-0.0359652$ & $0.0586975$ & $-0.011934$ & $-0.0245568$ & $-0.0355512$ & $0.0157143$ & $-0.066575$ & $-0.0255997$ & $0.106384$ & $0.0345155$ \\
CHQ1_11 & $0.00568313$ & $-0.0257167$ & $-0.00203872$ & $-0.0223524$ & $-0.0101988$ & $-0.0350726$ & $0.00401227$ & $0.0700469$ & $0.0672353$ & $-0.0468006$ & $-0.0200498$ & $0.00304184$ & $0.0319677$ & $-0.0596649$ & $-0.172721$ & $-0.190444$ & $-0.0584336$ & $0.0201901$ & $0.0325351$ & $-0.00684255$ & $0.0479052$ & $0.0495014$ & $1$ & $-0.125573$ & $0.102661$ & $-0.676102$ & $0.359892$ & $0.0117034$ & $-0.0169106$ & $0.0551618$ & $0.00077071$ & $0.0108417$ & $0.0421913$ & $0.208401$ & $0.00341897$ & $0.00608818$ & $0.00522679$ & $-0.0267677$ & $-0.00683775$ & $0.0157112$ & $0.0321961$ & $-0.0203631$ & $-0.045543$ & $-0.00408962$ & $0.0205849$ & $-0.0230638$ & $0.0308042$ & $0.0408298$ & $0.0118179$ \\
CHQ1_33 & $0.0296077$ & $0.00313406$ & $-0.0281865$ & $-0.0224939$ & $0.0203185$ & $0.0295527$ & $0.0560993$ & $-0.645286$ & $-0.644557$ & $0.525046$ & $0.270198$ & $-0.164962$ & $-0.3731$ & $0.469266$ & $0.113801$ & $0.140392$ & $0.665179$ & $0.611084$ & $0.592233$ & $-0.212902$ & $-0.326831$ & $-0.31942$ & $-0.125573$ & $1$ & $0.606538$ & $0.153771$ & $-0.417553$ & $0.00504006$ & $-0.0225801$ & $-0.0696923$ & $-0.00140434$ & $0.0567737$ & $-0.101132$ & $-0.624444$ & $-0.0460861$ & $0.0272537$ & $-6.70555e-05$ & $0.0556458$ & $0.0303247$ & $-0.00933117$ & $0.0167335$ & $-0.0354392$ & $0.0107298$ & $0.00347563$ & $-0.0278987$ & $0.0434468$ & $0.0780871$ & $-0.0938294$ & $0.0202897$ \\
CHQ3_11 & $-0.00412737$ & $-0.0229029$ & $-0.00130083$ & $-0.0119804$ & $-0.0231676$ & $-0.0478945$ & $0.0713615$ & $-0.351944$ & $-0.355687$ & $0.451401$ & $-0.0287934$ & $-0.241036$ & $-0.31917$ & $0.603899$ & $-0.131433$ & $-0.138879$ & $0.765671$ & $0.785622$ & $0.795843$ & $0.0315461$ & $0.0249306$ & $0.0322962$ & $0.102661$ & $0.606538$ & $1$ & $-0.0262127$ & $0.258376$ & $0.012236$ & $-0.0301679$ & $-0.0560361$ & $-0.0310025$ & $0.0648044$ & $-0.0884079$ & $-0.165222$ & $-0.0167608$ & $-0.000191231$ & $0.0319273$ & $-0.014769$ & $0.0395267$ & $-0.0218646$ & $0.0911678$ & $-0.108644$ & $-0.00894798$ & $-0.0286919$ & $-0.0103728$ & $0.0181748$ & $0.0355736$ & $0.00184038$ & $0.029247$ \\
CHu_11 & $-0.0161626$ & $0.00670238$ & $0.00671269$ & $0.0196552$ & $0.00988859$ & $0.11153$ & $0.00553026$ & $-0.495609$ & $-0.480992$ & $0.193793$ & $0.561776$ & $0.0791637$ & $-0.0669436$ & $-0.303418$ & $-0.211761$ & $-0.177002$ & $-0.150205$ & $0.00522794$ & $-0.0143323$ & $-0.552232$ & $-0.561837$ & $-0.548092$ & $-0.676102$ & $0.153771$ & $-0.0262127$ & $1$ & $-0.164946$ & $-0.179541$ & $0.0110895$ & $-0.0718953$ & $-0.0282479$ & $-0.00540505$ & $-0.0677803$ & $-0.218978$ & $-0.0120318$ & $0.00332883$ & $0.00622187$ & $-0.0151147$ & $-0.00852516$ & $0.00742864$ & $-0.0399822$ & $-0.00403236$ & $0.047203$ & $0.0191234$ & $-0.0106878$ & $0.0363358$ & $-0.0369026$ & $-0.0441187$ & $-0.035026$ \\
CHd_11 & $-0.0446742$ & $-0.0323503$ & $0.044359$ & $0.0168185$ & $-0.0339793$ & $-0.0644675$ & $-0.0171561$ & $0.415143$ & $0.411744$ & $-0.21346$ & $-0.284593$ & $-0.0256894$ & $0.153161$ & $-0.0684193$ & $-0.388052$ & $-0.425043$ & $-0.139752$ & $0.0162857$ & $0.050145$ & $0.207376$ & $0.366016$ & $0.366298$ & $0.359892$ & $-0.417553$ & $0.258376$ & $-0.164946$ & $1$ & $0.0976551$ & $0.00379106$ & $0.0311951$ & $-0.0339608$ & $-0.0243466$ & $0.0341789$ & $0.678601$ & $0.0459907$ & $-0.035976$ & $0.0504001$ & $-0.0832041$ & $0.0139873$ & $-0.0251435$ & $0.0793882$ & $-0.0702797$ & $-0.0168892$ & $-0.0382998$ & $0.0125276$ & $-0.0456371$ & $-0.0880108$ & $0.151245$ & $-0.0030128$ \\
CHd_33 & $-0.00470409$ & $0.0100895$ & $0.0171819$ & $-0.012815$ & $0.0202368$ & $-0.0439579$ & $-0.0104717$ & $0.296558$ & $0.290858$ & $-0.097333$ & $-0.334361$ & $-0.0238776$ & $0.054101$ & $0.192114$ & $0.123985$ & $0.114326$ & $0.0753088$ & $-0.00303753$ & $-0.00108539$ & $0.330862$ & $0.333921$ & $0.327069$ & $0.0117034$ & $0.00504006$ & $0.012236$ & $-0.179541$ & $0.0976551$ & $1$ & $-0.0140487$ & $0.0474692$ & $-0.018057$ & $-0.00750675$ & $0.026039$ & $0.127028$ & $0.0191884$ & $0.0070975$ & $0.00797804$ & $0.0276875$ & $0.0144782$ & $-0.0148557$ & $-0.00277514$ & $-0.0012541$ & $-0.00109829$ & $-0.0161434$ & $-0.000181404$ & $-0.0497019$ & $-0.0100505$ & $0.0212002$ & $0.0251082$ \\
CeH_22r & $-0.00675379$ & $-0.0283015$ & $0.00564705$ & $0.0151814$ & $0.0339866$ & $0.0144181$ & $0.00900169$ & $0.00734422$ & $0.0128347$ & $-0.0132617$ & $0.0106775$ & $0.0459659$ & $0.0377631$ & $-0.0307061$ & $0.000825093$ & $-0.0238237$ & $-0.0311205$ & $-0.0342147$ & $-0.0175106$ & $-0.0123516$ & $-0.00804756$ & $-0.0100254$ & $-0.0169106$ & $-0.0225801$ & $-0.0301679$ & $0.0110895$ & $0.00379106$ & $-0.0140487$ & $1$ & $0.0314402$ & $0.00721215$ & $-0.00499327$ & $0.0489039$ & $0.00527352$ & $0.0149702$ & $-0.0146698$ & $-0.0116834$ & $-0.00149034$ & $0.00296619$ & $-0.00839627$ & $0.00845856$ & $-0.0147074$ & $-0.00264536$ & $0.0195232$ & $0.0371178$ & $-0.0302892$ & $-0.0061364$ & $0.00396629$ & $-0.0143246$ \\
CeH_33r & $0.0243484$ & $-0.0214776$ & $-0.000941649$ & $0.00670479$ & $0.00701661$ & $0.00347937$ & $-0.112206$ & $0.0862825$ & $0.107499$ & $-0.100321$ & $-0.0622567$ & $0.296421$ & $0.225085$ & $-0.0187178$ & $0.0313699$ & $0.0343133$ & $-0.0482018$ & $-0.0636936$ & $-0.0648989$ & $0.0618167$ & $0.0624382$ & $0.0619264$ & $0.0551618$ & $-0.0696923$ & $-0.0560361$ & $-0.0718953$ & $0.0311951$ & $0.0474692$ & $0.0314402$ & $1$ & $0.316004$ & $0.0602441$ & $0.713548$ & $0.0404346$ & $0.0106835$ & $-0.0217123$ & $-0.0692287$ & $-0.0267565$ & $-0.0123249$ & $0.016732$ & $-0.0156938$ & $0.00472792$ & $-0.00778111$ & $0.0475503$ & $0.0995662$ & $-0.0237951$ & $0.0215127$ & $-0.000774333$ & $-0.0102513$ \\
CuH_22r & $0.0455289$ & $-0.0531541$ & $-0.0780366$ & $-0.0154773$ & $0.0169902$ & $0.0183975$ & $-0.0619382$ & $0.0137666$ & $0.0291855$ & $-0.0492826$ & $-0.0116709$ & $0.0654222$ & $0.0602254$ & $0.00537773$ & $0.0336957$ & $0.036807$ & $-0.0133429$ & $-0.0236052$ & $-0.0224235$ & $0.0133868$ & $0.00682898$ & $0.00966773$ & $0.00077071$ & $-0.00140434$ & $-0.0310025$ & $-0.0282479$ & $-0.0339608$ & $-0.018057$ & $0.00721215$ & $0.316004$ & $1$ & $0.0417805$ & $0.382813$ & $-0.0204125$ & $-0.0165064$ & $0.0204133$ & $-0.13044$ & $-0.0105544$ & $-0.0341112$ & $0.0158352$ & $-0.0135187$ & $-0.00756209$ & $0.00540027$ & $0.0736019$ & $0.0891548$ & $0.0430774$ & $0.126515$ & $-0.0642144$ & $-0.0164588$ \\
CuH_33r & $-0.0267923$ & $0.134769$ & $-0.0647264$ & $-0.0983738$ & $0.00790575$ & $0.00467297$ & $0.919562$ & $-0.051661$ & $-0.0120418$ & $0.0579091$ & $0.0165981$ & $-0.0918963$ & $-0.178699$ & $0.0417245$ & $0.0318351$ & $-0.0319826$ & $0.0738353$ & $0.0342412$ & $0.0882133$ & $-0.017829$ & $-0.0190227$ & $-0.0158471$ & $0.0108417$ & $0.0567737$ & $0.0648044$ & $-0.00540505$ & $-0.0243466$ & $-0.00750675$ & $-0.00499327$ & $0.0602441$ & $0.0417805$ & $1$ & $0.0457672$ & $-0.0650075$ & $-0.0343256$ & $-0.047686$ & $-0.0460962$ & $-0.147988$ & $0.249377$ & $-0.0495311$ & $-0.0218989$ & $0.0372556$ & $0.0220245$ & $-0.0538259$ & $0.119628$ & $-0.00237355$ & $0.104669$ & $0.0359979$ & $-0.125849$ \\
CdH_33r & $-0.0643686$ & $-0.010144$ & $0.0562877$ & $-0.0495686$ & $0.00800276$ & $0.00466711$ & $-0.183258$ & $0.107749$ & $0.133228$ & $-0.151955$ & $-0.0668992$ & $0.389611$ & $0.321965$ & $-0.0391863$ & $0.0413638$ & $0.0292869$ & $-0.083229$ & $-0.101943$ & $-0.0899478$ & $0.0658703$ & $0.0690336$ & $0.0687288$ & $0.0421913$ & $-0.101132$ & $-0.0884079$ & $-0.0677803$ & $0.0341789$ & $0.026039$ & $0.0489039$ & $0.713548$ & $0.382813$ & $0.0457672$ & $1$ & $0.0469363$ & $-0.0637666$ & $0.0302278$ & $-0.0603957$ & $-0.0463147$ & $-0.0882708$ & $0.0419835$ & $0.000163313$ & $0.0141607$ & $-0.0134726$ & $-0.0172527$ & $0.0453338$ & $0.009048$ & $-0.0316136$ & $0.0134329$ & $0.11458$ \\
CLL_1221 & $-0.0369661$ & $-0.0124597$ & $0.0282274$ & $0.039795$ & $-0.00788069$ & $-0.11279$ & $-0.054543$ & $0.533792$ & $0.526182$ & $-0.335496$ & $-0.325912$ & $-0.00346375$ & $0.215154$ & $-0.206016$ & $-0.604176$ & $-0.144708$ & $-0.253474$ & $0.05255$ & $-0.309756$ & $0.243455$ & $0.413123$ & $0.412407$ & $0.208401$ & $-0.624444$ & $-0.165222$ & $-0.218978$ & $0.678601$ & $0.127028$ & $0.00527352$ & $0.0404346$ & $-0.0204125$ & $-0.0650075$ & $0.0469363$ & $1$ & $0.0558289$ & $-0.0415389$ & $0.0418024$ & $-0.0565633$ & $-0.0194814$ & $0.000698597$ & $0.0342347$ & $-0.00581467$ & $-0.00826405$ & $-0.0423721$ & $0.00752328$ & $-0.0503757$ & $-0.0884823$ & $0.110662$ & $-0.0058604$ \\
eHggint & $0.233632$ & $-0.405282$ & $-0.303004$ & $0.726708$ & $-0.0402314$ & $-0.0189879$ & $-0.032584$ & $0.0548344$ & $0.0535407$ & $-0.0556723$ & $-0.0450877$ & $-0.0195091$ & $0.0134068$ & $0.00221105$ & $-0.0199938$ & $-0.00831022$ & $-0.00832618$ & $-0.00160045$ & $-0.0140132$ & $0.0345667$ & $0.0443076$ & $0.0390077$ & $0.00341897$ & $-0.0460861$ & $-0.0167608$ & $-0.0120318$ & $0.0459907$ & $0.0191884$ & $0.0149702$ & $0.0106835$ & $-0.0165064$ & $-0.0343256$ & $-0.0637666$ & $0.0558289$ & $1$ & $-0.643471$ & $-0.422299$ & $0.127693$ & $-0.0341902$ & $0.0293332$ & $-0.170347$ & $-0.0720493$ & $-0.157674$ & $0.445908$ & $0.298097$ & $-0.500531$ & $-0.25653$ & $0.130171$ & $-0.463724$ \\
eHggpar & $-0.0602933$ & $0.352544$ & $0.493084$ & $-0.762417$ & $0.0300099$ & $0.0100881$ & $-0.0474338$ & $-0.035259$ & $-0.0458091$ & $0.0558744$ & $0.0317478$ & $0.0458045$ & $0.0384682$ & $-0.00422064$ & $0.0233381$ & $0.00945284$ & $-0.00196695$ & $-0.00879414$ & $-0.00304375$ & $-0.0227251$ & $-0.0317901$ & $-0.0342372$ & $0.00608818$ & $0.0272537$ & $-0.000191231$ & $0.00332883$ & $-0.035976$ & $0.0070975$ & $-0.0146698$ & $-0.0217123$ & $0.0204133$ & $-0.047686$ & $0.0302278$ & $-0.0415389$ & $-0.643471$ & $1$ & $0.496814$ & $-0.0427$ & $-0.0529302$ & $-0.0518553$ & $-0.157763$ & $0.131451$ & $-0.182123$ & $-0.354962$ & $-0.246514$ & $0.278834$ & $0.386654$ & $-0.324766$ & $0.538512$ \\
eHWWint & $-0.11107$ & $0.541659$ & $0.528767$ & $-0.448744$ & $0.000879884$ & $0.011307$ & $-0.0372377$ & $-0.0132303$ & $-0.0216959$ & $0.0232454$ & $0.0149586$ & $0.0254122$ & $0.0463369$ & $-0.00974019$ & $-0.0427353$ & $-0.0520617$ & $0.0106028$ & $0.0205439$ & $0.0332461$ & $-0.0168077$ & $-0.00190599$ & $0.00564546$ & $0.00522679$ & $-6.70555e-05$ & $0.0319273$ & $0.00622187$ & $0.0504001$ & $0.00797804$ & $-0.0116834$ & $-0.0692287$ & $-0.13044$ & $-0.0460962$ & $-0.0603957$ & $0.0418024$ & $-0.422299$ & $0.496814$ & $1$ & $-0.147073$ & $0.32878$ & $-0.0338624$ & $0.0539449$ & $0.0953537$ & $0.019116$ & $-0.544818$ & $-0.481037$ & $0.0179344$ & $-0.202068$ & $0.10569$ & $0.199261$ \\
eHWWpar & $0.0986558$ & $0.0859477$ & $0.0105488$ & $0.151489$ & $-0.0278454$ & $0.026998$ & $-0.129398$ & $-0.0110967$ & $-0.0138867$ & $0.0626535$ & $-0.0149464$ & $0.0570316$ & $0.0251983$ & $0.0508061$ & $0.0533184$ & $0.0596228$ & $0.0315752$ & $0.0128339$ & $0.00363572$ & $0.0215595$ & $0.00558463$ & $0.00700606$ & $-0.0267677$ & $0.0556458$ & $-0.014769$ & $-0.0151147$ & $-0.0832041$ & $0.0276875$ & $-0.00149034$ & $-0.0267565$ & $-0.0105544$ & $-0.147988$ & $-0.0463147$ & $-0.0565633$ & $0.127693$ & $-0.0427$ & $-0.147073$ & $1$ & $-0.018477$ & $-0.0876332$ & $-0.224733$ & $0.130035$ & $0.19729$ & $0.253231$ & $0.0218608$ & $0.105925$ & $-0.0474844$ & $-0.216647$ & $-0.0803251$ \\
eHZZint & $0.3901$ & $0.40393$ & $-0.0141414$ & $-0.0466382$ & $0.00260111$ & $0.0374903$ & $0.232503$ & $-0.0178096$ & $-0.00465024$ & $0.0440331$ & $-0.00761259$ & $0.00332879$ & $-0.0209871$ & $0.0419189$ & $0.0107998$ & $-0.023491$ & $0.0429456$ & $0.0298193$ & $0.0654795$ & $0.00778843$ & $0.010686$ & $0.0208393$ & $-0.00683775$ & $0.0303247$ & $0.0395267$ & $-0.00852516$ & $0.0139873$ & $0.0144782$ & $0.00296619$ & $-0.0123249$ & $-0.0341112$ & $0.249377$ & $-0.0882708$ & $-0.0194814$ & $-0.0341902$ & $-0.0529302$ & $0.32878$ & $-0.018477$ & $1$ & $-0.164669$ & $-0.108216$ & $0.0677482$ & $0.13834$ & $0.103833$ & $0.080327$ & $-0.0892878$ & $0.0651331$ & $0.0378309$ & $-0.497057$ \\
eHZZpar & $0.0181899$ & $-0.0569547$ & $-0.0101987$ & $-0.039948$ & $0.0306046$ & $-0.0295879$ & $-0.0603022$ & $-0.029113$ & $-0.0301998$ & $0.0213399$ & $0.0393185$ & $0.0468016$ & $0.0233713$ & $-0.0539716$ & $-0.0150567$ & $0.0052057$ & $-0.00227221$ & $-0.00859459$ & $-0.0206106$ & $-0.0396278$ & $-0.0405079$ & $-0.0359652$ & $0.0157112$ & $-0.00933117$ & $-0.0218646$ & $0.00742864$ & $-0.0251435$ & $-0.0148557$ & $-0.00839627$ & $0.016732$ & $0.0158352$ & $-0.0495311$ & $0.0419835$ & $0.000698597$ & $0.0293332$ & $-0.0518553$ & $-0.0338624$ & $-0.0876332$ & $-0.164669$ & $1$ & $-0.0383293$ & $0.0112505$ & $0.00494975$ & $0.0215947$ & $0.1322$ & $-0.0835535$ & $-0.0294624$ & $0.118694$ & $0.00234885$ \\
eHZgaint & $-0.192762$ & $-0.24662$ & $-0.0388345$ & $0.00705419$ & $-0.00464437$ & $0.00625655$ & $-0.00426582$ & $0.0301056$ & $0.024529$ & $-0.0716221$ & $-0.0554677$ & $-0.156441$ & $-0.113129$ & $0.0709415$ & $-0.0232467$ & $-0.0467779$ & $0.0575819$ & $0.0635168$ & $0.0858665$ & $0.0497555$ & $0.0615855$ & $0.0586975$ & $0.0321961$ & $0.0167335$ & $0.0911678$ & $-0.0399822$ & $0.0793882$ & $-0.00277514$ & $0.00845856$ & $-0.0156938$ & $-0.0135187$ & $-0.0218989$ & $0.000163313$ & $0.0342347$ & $-0.170347$ & $-0.157763$ & $0.0539449$ & $-0.224733$ & $-0.108216$ & $-0.0383293$ & $1$ & $-0.210129$ & $-0.124389$ & $-0.26293$ & $-0.0479063$ & $0.0232713$ & $0.0408322$ & $0.199738$ & $0.183801$ \\
eHZgapar & $0.165475$ & $0.204095$ & $0.0708441$ & $-0.00920404$ & $-0.0126931$ & $-0.0217225$ & $0.023519$ & $0.0207419$ & $0.018904$ & $-0.00353273$ & $0.00316714$ & $0.119161$ & $0.11392$ & $-0.0401494$ & $0.0288629$ & $0.0489507$ & $-0.061177$ & $-0.0636491$ & $-0.0891849$ & $0.0024529$ & $-0.00670934$ & $-0.011934$ & $-0.0203631$ & $-0.0354392$ & $-0.108644$ & $-0.00403236$ & $-0.0702797$ & $-0.0012541$ & $-0.0147074$ & $0.00472792$ & $-0.00756209$ & $0.0372556$ & $0.0141607$ & $-0.00581467$ & $-0.0720493$ & $0.131451$ & $0.0953537$ & $0.130035$ & $0.0677482$ & $0.0112505$ & $-0.210129$ & $1$ & $-0.103325$ & $0.0689189$ & $0.0239467$ & $0.0252862$ & $-0.0607829$ & $-0.110495$ & $-0.0544223$ \\
eHgagaint & $-0.0975359$ & $0.18443$ & $-0.168004$ & $0.0469117$ & $-0.0418869$ & $0.0256508$ & $0.016927$ & $-0.0226474$ & $-0.00189999$ & $0.0246596$ & $0.0276697$ & $0.0176186$ & $0.00765124$ & $-0.0185567$ & $-0.0124802$ & $0.00452635$ & $-0.0180623$ & $-0.00497316$ & $-0.0177127$ & $-0.024356$ & $-0.0274393$ & $-0.0245568$ & $-0.045543$ & $0.0107298$ & $-0.00894798$ & $0.047203$ & $-0.0168892$ & $-0.00109829$ & $-0.00264536$ & $-0.00778111$ & $0.00540027$ & $0.0220245$ & $-0.0134726$ & $-0.00826405$ & $-0.157674$ & $-0.182123$ & $0.019116$ & $0.19729$ & $0.13834$ & $0.00494975$ & $-0.124389$ & $-0.103325$ & $1$ & $0.00192864$ & $-0.0888667$ & $0.392483$ & $-0.0677831$ & $-0.136586$ & $-0.100263$ \\
eHmumuint & $0.608364$ & $-0.41668$ & $-0.081881$ & $0.449752$ & $-0.0341115$ & $0.0271807$ & $-0.0581562$ & $-0.0240694$ & $-0.0243329$ & $0.0277364$ & $0.0234498$ & $0.0544294$ & $0.0462468$ & $-0.00976647$ & $0.0144236$ & $0.0335027$ & $-0.0100819$ & $-0.00689285$ & $-0.0208664$ & $-0.0234821$ & $-0.0348196$ & $-0.0355512$ & $-0.00408962$ & $0.00347563$ & $-0.0286919$ & $0.0191234$ & $-0.0382998$ & $-0.0161434$ & $0.0195232$ & $0.0475503$ & $0.0736019$ & $-0.0538259$ & $-0.0172527$ & $-0.0423721$ & $0.445908$ & $-0.354962$ & $-0.544818$ & $0.253231$ & $0.103833$ & $0.0215947$ & $-0.26293$ & $0.0689189$ & $0.00192864$ & $1$ & $0.62594$ & $-0.12028$ & $0.215647$ & $-0.305153$ & $-0.379658$ \\
eHtautauint & $0.393537$ & $-0.286549$ & $-0.0898607$ & $0.240256$ & $-0.0112899$ & $-0.00321297$ & $0.101508$ & $0.0210095$ & $0.0275087$ & $0.0141664$ & $-0.0196348$ & $0.0400757$ & $0.024089$ & $0.00544098$ & $0.00348827$ & $0.0299731$ & $-0.00676411$ & $-0.00147104$ & $-0.018066$ & $0.0173867$ & $0.0139479$ & $0.0157143$ & $0.0205849$ & $-0.0278987$ & $-0.0103728$ & $-0.0106878$ & $0.0125276$ & $-0.000181404$ & $0.0371178$ & $0.0995662$ & $0.0891548$ & $0.119628$ & $0.0453338$ & $0.00752328$ & $0.298097$ & $-0.246514$ & $-0.481037$ & $0.0218608$ & $0.080327$ & $0.1322$ & $-0.0479063$ & $0.0239467$ & $-0.0888667$ & $0.62594$ & $1$ & $-0.285626$ & $0.411705$ & $-0.149242$ & $-0.272288$ \\
eHccint & $-0.163607$ & $0.265307$ & $-0.0381321$ & $-0.0825413$ & $0.00144734$ & $0.0389453$ & $-0.00135968$ & $-0.0735705$ & $-0.0667796$ & $0.0569985$ & $0.0662539$ & $0.00775094$ & $-0.0491573$ & $-0.0196588$ & $-0.00271709$ & $-0.0155432$ & $0.00839556$ & $0.0109851$ & $0.0125139$ & $-0.0594623$ & $-0.0676029$ & $-0.066575$ & $-0.0230638$ & $0.0434468$ & $0.0181748$ & $0.0363358$ & $-0.0456371$ & $-0.0497019$ & $-0.0302892$ & $-0.0237951$ & $0.0430774$ & $-0.00237355$ & $0.009048$ & $-0.0503757$ & $-0.500531$ & $0.278834$ & $0.0179344$ & $0.105925$ & $-0.0892878$ & $-0.0835535$ & $0.0232713$ & $0.0252862$ & $0.392483$ & $-0.12028$ & $-0.285626$ & $1$ & $0.171362$ & $-0.58064$ & $0.167947$ \\
eHccpar & $0.415781$ & $-0.131073$ & $-0.216464$ & $-0.39246$ & $0.0299301$ & $0.021616$ & $0.102345$ & $-0.0552005$ & $-0.0547527$ & $0.0655802$ & $0.00827565$ & $-0.105508$ & $-0.190451$ & $0.0742174$ & $0.0435772$ & $0.0614295$ & $0.0691479$ & $0.0604767$ & $0.04242$ & $0.000312647$ & $-0.0229437$ & $-0.0255997$ & $0.0308042$ & $0.0780871$ & $0.0355736$ & $-0.0369026$ & $-0.0880108$ & $-0.0100505$ & $-0.0061364$ & $0.0215127$ & $0.126515$ & $0.104669$ & $-0.0316136$ & $-0.0884823$ & $-0.25653$ & $0.386654$ & $-0.202068$ & $-0.0474844$ & $0.0651331$ & $-0.0294624$ & $0.0408322$ & $-0.0607829$ & $-0.0677831$ & $0.215647$ & $0.411705$ & $0.171362$ & $1$ & $-0.391155$ & $0.0886277$ \\
eHbbint & $-0.206078$ & $-0.197962$ & $-0.0914361$ & $-0.112572$ & $0.00764466$ & $-0.0626567$ & $0.0376179$ & $0.123285$ & $0.122353$ & $-0.0998472$ & $-0.0917108$ & $0.00336419$ & $0.0838376$ & $-0.0125708$ & $-0.0179874$ & $-0.0422596$ & $-0.0405878$ & $-0.0452524$ & $-0.0172362$ & $0.0794206$ & $0.103365$ & $0.106384$ & $0.0408298$ & $-0.0938294$ & $0.00184038$ & $-0.0441187$ & $0.151245$ & $0.0212002$ & $0.00396629$ & $-0.000774333$ & $-0.0642144$ & $0.0359979$ & $0.0134329$ & $0.110662$ & $0.130171$ & $-0.324766$ & $0.10569$ & $-0.216647$ & $0.0378309$ & $0.118694$ & $0.199738$ & $-0.110495$ & $-0.136586$ & $-0.305153$ & $-0.149242$ & $-0.58064$ & $-0.391155$ & $1$ & $-0.167685$ \\
eHbbpar & $-0.342081$ & $0.0162786$ & $0.454098$ & $-0.50631$ & $0.0367596$ & $0.0143359$ & $-0.110399$ & $0.0249222$ & $0.0133375$ & $-0.0259688$ & $-0.0389182$ & $-0.0447978$ & $-0.00415874$ & $0.050665$ & $0.0224817$ & $0.0368835$ & $0.0161568$ & $0.0180059$ & $0.00542157$ & $0.0457014$ & $0.0388634$ & $0.0345155$ & $0.0118179$ & $0.0202897$ & $0.029247$ & $-0.035026$ & $-0.0030128$ & $0.0251082$ & $-0.0143246$ & $-0.0102513$ & $-0.0164588$ & $-0.125849$ & $0.11458$ & $-0.0058604$ & $-0.463724$ & $0.538512$ & $0.199261$ & $-0.0803251$ & $-0.497057$ & $0.00234885$ & $0.183801$ & $-0.0544223$ & $-0.100263$ & $-0.379658$ & $-0.272288$ & $0.167947$ & $0.0886277$ & $-0.167685$ & $1$ \\
