 & AlsMz & dAle5Mz & mtop & mHl & Mz & CW & CHG & CHWB & CHWHB_gaga & CHWHB_gagaorth & CHD & CHbox & CH & CHL1_11 & CHL1_22 & CHL1_33 & CHL3_11 & CHL3_22 & CHL3_33 & CHe_11 & CHe_22 & CHe_33 & CHQ1_11 & CHQ1_33 & CHQ3_11 & CHu_11 & CHd_11 & CHd_33 & CeH_22r & CeH_33r & CuH_22r & CuH_33r & CdH_33r & CLL_1221 & eHggint & eHggpar & eHWWint & eHWWpar & eHZZint & eHZZpar & eHZgaint & eHZgapar & eHgagaint & eHmumuint & eHtautauint & eHccint & eHccpar & eHbbint & eHbbpar \\
AlsMz & $1$ & $0.488972$ & $0.235272$ & $0.166456$ & $-0.0562636$ & $-0.0589912$ & $-0.0645721$ & $-0.163332$ & $-0.183121$ & $0.0910524$ & $0.116605$ & $0.0926123$ & $-0.0989712$ & $0.0102876$ & $-0.038893$ & $-0.0248763$ & $0.085609$ & $0.102185$ & $0.0921058$ & $-0.109369$ & $-0.123962$ & $-0.118553$ & $-0.0546106$ & $0.0966766$ & $0.00562359$ & $0.0762314$ & $-0.204438$ & $-0.0335953$ & $-0.0364588$ & $-0.0564109$ & $0.0120906$ & $-0.0805137$ & $-0.0989357$ & $-0.098731$ & $-0.230963$ & $0.177515$ & $0.355095$ & $0.0506131$ & $0.29714$ & $0.0147372$ & $-0.125026$ & $-0.112439$ & $-0.508589$ & $0.402684$ & $0.671863$ & $0.532936$ & $0.199743$ & $-0.176127$ & $-0.121091$ \\
dAle5Mz & $0.488972$ & $1$ & $-0.184552$ & $0.166461$ & $-0.0570117$ & $-0.0114036$ & $-0.0514322$ & $-0.0212544$ & $-0.0306693$ & $-0.0349479$ & $0.0745695$ & $0.0453324$ & $-0.0019531$ & $-0.128825$ & $-0.0560828$ & $-0.0916848$ & $-0.114447$ & $-0.0843094$ & $-0.0580261$ & $-0.0765001$ & $-0.0616972$ & $-0.0657133$ & $0.00824579$ & $-0.110443$ & $-0.0925809$ & $0.0489286$ & $0.0709213$ & $-0.012569$ & $0.0205537$ & $0.0382528$ & $-0.0320254$ & $-0.0410895$ & $-0.0196131$ & $0.046608$ & $0.188962$ & $-0.21106$ & $0.0587269$ & $-0.0467601$ & $0.529451$ & $-0.253455$ & $0.191637$ & $0.122707$ & $-0.251919$ & $0.638924$ & $0.38667$ & $0.393454$ & $0.127481$ & $-0.258023$ & $-0.254341$ \\
mtop & $0.235272$ & $-0.184552$ & $1$ & $-0.495021$ & $0.027598$ & $-0.00552124$ & $-0.0714471$ & $-0.0827605$ & $-0.0846967$ & $0.0868795$ & $0.0400302$ & $-0.0124668$ & $0.0501071$ & $0.0665249$ & $0.124666$ & $0.16124$ & $0.0460572$ & $0.0113282$ & $-0.0150986$ & $-0.0173024$ & $-0.0665976$ & $-0.052944$ & $-0.0406504$ & $0.107734$ & $-0.0794524$ & $-0.0461766$ & $-0.442208$ & $-0.0435966$ & $-0.0121181$ & $-0.0381584$ & $0.0312705$ & $-0.0899976$ & $-0.0111009$ & $-0.197012$ & $-0.484957$ & $0.454713$ & $0.354378$ & $0.148336$ & $-0.32323$ & $-0.00447332$ & $-0.22684$ & $-0.0672437$ & $0.0454005$ & $-0.345582$ & $-0.179302$ & $-0.128456$ & $0.120549$ & $0.52823$ & $0.00103987$ \\
mHl & $0.166456$ & $0.166461$ & $-0.495021$ & $1$ & $-0.0549273$ & $0.0479817$ & $0.013561$ & $-0.0608716$ & $-0.0703569$ & $-0.00269371$ & $0.0569923$ & $0.0275915$ & $-0.0716979$ & $-0.00896573$ & $-0.0734426$ & $-0.0951842$ & $0.00611951$ & $0.0457335$ & $0.0540517$ & $-0.0655784$ & $-0.0513943$ & $-0.0600876$ & $-0.0714083$ & $-0.00362068$ & $8.38437e-05$ & $0.0977117$ & $-0.0252588$ & $-0.0217225$ & $-0.0329808$ & $-0.0100021$ & $0.00125636$ & $0.0137694$ & $-0.0409734$ & $0.0102995$ & $0.0725894$ & $-0.262228$ & $0.00344755$ & $0.0520156$ & $0.153701$ & $-0.0229558$ & $-0.00651805$ & $-0.309875$ & $-0.311549$ & $0.532107$ & $0.351357$ & $0.269396$ & $0.280343$ & $-0.374482$ & $0.0222942$ \\
Mz & $-0.0562636$ & $-0.0570117$ & $0.027598$ & $-0.0549273$ & $1$ & $0.0339208$ & $0.0266929$ & $0.0150896$ & $0.0190537$ & $-0.0315516$ & $0.00624469$ & $-0.041799$ & $0.0351764$ & $-0.0034159$ & $-0.00480257$ & $0.0178038$ & $-0.0343251$ & $-0.0179271$ & $-0.0324884$ & $0.00210902$ & $0.00447502$ & $0.00402881$ & $0.0139055$ & $-0.0114226$ & $-0.02272$ & $-0.0122757$ & $0.0121959$ & $-0.00313132$ & $0.0226263$ & $0.0228301$ & $-0.00194894$ & $0.027475$ & $0.0205911$ & $0.0102637$ & $-0.000622032$ & $-0.00855491$ & $-0.0216922$ & $0.000551476$ & $-0.0115582$ & $0.0621788$ & $0.00161142$ & $0.0590717$ & $0.0397096$ & $-0.0719879$ & $-0.0400644$ & $-0.0152569$ & $-0.0115607$ & $-0.00248963$ & $0.0229781$ \\
CW & $-0.0589912$ & $-0.0114036$ & $-0.00552124$ & $0.0479817$ & $0.0339208$ & $1$ & $-0.0361557$ & $-0.132653$ & $-0.13058$ & $0.0230142$ & $0.189337$ & $0.024586$ & $0.0195084$ & $0.0303953$ & $-0.088698$ & $-0.156479$ & $-0.27198$ & $-0.050842$ & $-0.000306735$ & $-0.188445$ & $-0.188551$ & $-0.187574$ & $-0.00508905$ & $0.0140002$ & $-0.0456493$ & $0.127339$ & $-0.0225801$ & $-0.0523208$ & $-0.0166155$ & $0.00803016$ & $-0.0121788$ & $-0.0365323$ & $0.00583683$ & $-0.141679$ & $0.0178579$ & $0.0365421$ & $-0.0736123$ & $0.00943495$ & $-0.0502545$ & $-0.00795705$ & $-0.0199448$ & $-0.0175288$ & $0.0317011$ & $0.0207028$ & $-0.0328107$ & $-0.0633262$ & $0.0420718$ & $0.0365963$ & $0.0182376$ \\
CHG & $-0.0645721$ & $-0.0514322$ & $-0.0714471$ & $0.013561$ & $0.0266929$ & $-0.0361557$ & $1$ & $-0.0695299$ & $0.00548791$ & $0.0335595$ & $0.000252773$ & $0.148338$ & $-0.267537$ & $0.0906881$ & $-0.0145187$ & $-0.0157373$ & $0.163589$ & $0.140135$ & $0.142596$ & $0.000289655$ & $-0.00192636$ & $-0.0049634$ & $-0.0443906$ & $0.115597$ & $0.147494$ & $0.0317286$ & $-0.0218604$ & $-0.0552719$ & $0.0500113$ & $-0.0946657$ & $-0.0576677$ & $0.948347$ & $-0.134062$ & $-0.0386323$ & $-0.0328905$ & $-0.0990719$ & $-0.0540967$ & $-0.00421193$ & $-0.0977383$ & $-0.0789888$ & $0.0231011$ & $0.00599163$ & $0.132588$ & $-0.0653593$ & $-0.0950141$ & $0.0447215$ & $-0.0479708$ & $-0.13171$ & $0.0166647$ \\
CHWB & $-0.163332$ & $-0.0212544$ & $-0.0827605$ & $-0.0608716$ & $0.0150896$ & $-0.132653$ & $-0.0695299$ & $1$ & $0.981958$ & $-0.58449$ & $-0.896043$ & $-0.446491$ & $0.346311$ & $0.16376$ & $0.419312$ & $0.462309$ & $-0.201531$ & $-0.44286$ & $-0.480657$ & $0.876625$ & $0.908225$ & $0.885341$ & $0.00818355$ & $-0.654463$ & $-0.477362$ & $-0.504828$ & $0.357174$ & $0.302349$ & $0.036833$ & $0.111901$ & $0.0583828$ & $-0.0460898$ & $0.152081$ & $0.530206$ & $0.109543$ & $-0.174608$ & $-0.0305485$ & $-0.0410797$ & $0.098834$ & $0.0542158$ & $-0.013428$ & $0.00882624$ & $0.0798298$ & $-0.0556314$ & $-0.0972772$ & $-0.0900469$ & $-0.0440439$ & $0.00217278$ & $-0.0763464$ \\
CHWHB_gaga & $-0.183121$ & $-0.0306693$ & $-0.0846967$ & $-0.0703569$ & $0.0190537$ & $-0.13058$ & $0.00548791$ & $0.981958$ & $1$ & $-0.571823$ & $-0.881038$ & $-0.426904$ & $0.338581$ & $0.161126$ & $0.413564$ & $0.45361$ & $-0.195023$ & $-0.434015$ & $-0.469127$ & $0.862323$ & $0.892697$ & $0.869782$ & $0.00255698$ & $-0.641489$ & $-0.465186$ & $-0.491996$ & $0.351255$ & $0.292387$ & $0.0499729$ & $0.132467$ & $0.0677374$ & $0.0195301$ & $0.172863$ & $0.518939$ & $0.100854$ & $-0.186503$ & $-0.0348772$ & $-0.0454602$ & $0.0837467$ & $0.0471322$ & $-0.0111334$ & $0.0149451$ & $0.113647$ & $-0.0687096$ & $-0.123352$ & $-0.0897795$ & $-0.0529131$ & $-0.000209681$ & $-0.0746243$ \\
CHWHB_gagaorth & $0.0910524$ & $-0.0349479$ & $0.0868795$ & $-0.00269371$ & $-0.0315516$ & $0.0230142$ & $0.0335595$ & $-0.58449$ & $-0.571823$ & $1$ & $0.391411$ & $0.601482$ & $-0.230112$ & $0.173041$ & $-0.184442$ & $-0.208266$ & $0.401268$ & $0.477029$ & $0.49779$ & $-0.382666$ & $-0.405987$ & $-0.392902$ & $-0.00574458$ & $0.54611$ & $0.502963$ & $0.208927$ & $-0.246666$ & $-0.130936$ & $-0.00831388$ & $-0.156447$ & $-0.113513$ & $0.029238$ & $-0.18213$ & $-0.354465$ & $-0.114403$ & $0.15162$ & $0.0549596$ & $-0.0113467$ & $-0.131834$ & $-0.0228311$ & $-0.0688658$ & $-0.03445$ & $0.0219972$ & $0.0018668$ & $-0.0105982$ & $0.0513571$ & $0.0169191$ & $0.038459$ & $0.0445657$ \\
CHD & $0.116605$ & $0.0745695$ & $0.0400302$ & $0.0569923$ & $0.00624469$ & $0.189337$ & $0.000252773$ & $-0.896043$ & $-0.881038$ & $0.391411$ & $1$ & $0.329664$ & $-0.167185$ & $-0.532899$ & $-0.505302$ & $-0.542672$ & $-0.21857$ & $0.0994736$ & $0.13693$ & $-0.992235$ & $-0.993356$ & $-0.971193$ & $-0.000478754$ & $0.323368$ & $0.0960012$ & $0.568939$ & $-0.260802$ & $-0.325168$ & $-0.0300587$ & $-0.064715$ & $-0.0199834$ & $-0.0100578$ & $-0.0877661$ & $-0.363439$ & $-0.027975$ & $0.140262$ & $-0.025687$ & $0.0605561$ & $-0.0450384$ & $-0.0440035$ & $0.025338$ & $0.0259685$ & $-0.120559$ & $0.0740705$ & $0.113071$ & $0.0352629$ & $0.0482794$ & $0.0109105$ & $0.0981242$ \\
CHbox & $0.0926123$ & $0.0453324$ & $-0.0124668$ & $0.0275915$ & $-0.041799$ & $0.024586$ & $0.148338$ & $-0.446491$ & $-0.426904$ & $0.601482$ & $0.329664$ & $1$ & $-0.727019$ & $0.053655$ & $-0.129984$ & $-0.158997$ & $0.239567$ & $0.296077$ & $0.320098$ & $-0.315895$ & $-0.341501$ & $-0.333389$ & $0.0175757$ & $0.372969$ & $0.326616$ & $0.170378$ & $-0.193739$ & $-0.10947$ & $0.0020675$ & $-0.0673297$ & $-0.0673585$ & $0.150661$ & $-0.104879$ & $-0.280188$ & $-0.0592147$ & $0.0524117$ & $0.00364022$ & $-0.0054593$ & $-0.0782346$ & $-0.0300086$ & $-0.0395305$ & $0.0288841$ & $0.0298588$ & $0.0444237$ & $0.037435$ & $0.123026$ & $-0.0212628$ & $-0.0560078$ & $0.0151366$ \\
CH & $-0.0989712$ & $-0.0019531$ & $0.0501071$ & $-0.0716979$ & $0.0351764$ & $0.0195084$ & $-0.267537$ & $0.346311$ & $0.338581$ & $-0.230112$ & $-0.167185$ & $-0.727019$ & $1$ & $-0.236586$ & $0.113027$ & $0.134533$ & $-0.386101$ & $-0.40869$ & $-0.422427$ & $0.168987$ & $0.173772$ & $0.171696$ & $-0.0401998$ & $-0.389253$ & $-0.418021$ & $-0.0665858$ & $0.119167$ & $0.0620149$ & $0.0289185$ & $0.258883$ & $0.110318$ & $-0.213992$ & $0.37138$ & $0.199037$ & $0.08113$ & $-0.0420406$ & $-0.0067425$ & $0.0104818$ & $0.0627455$ & $0.0153483$ & $-0.00366104$ & $-0.0368308$ & $-0.0525902$ & $-0.0311396$ & $-0.0659439$ & $-0.152855$ & $0.0556463$ & $0.114748$ & $0.0156771$ \\
CHL1_11 & $0.0102876$ & $-0.128825$ & $0.0665249$ & $-0.00896573$ & $-0.0034159$ & $0.0303953$ & $0.0906881$ & $0.16376$ & $0.161126$ & $0.173041$ & $-0.532899$ & $0.053655$ & $-0.236586$ & $1$ & $0.264646$ & $0.256079$ & $0.610609$ & $0.559677$ & $0.556743$ & $0.539657$ & $0.505902$ & $0.498265$ & $-0.00130822$ & $0.410192$ & $0.584765$ & $-0.315678$ & $-0.0403828$ & $0.157359$ & $-0.00243383$ & $-0.059053$ & $-0.0716148$ & $0.0697659$ & $-0.0802249$ & $-0.172315$ & $-0.110475$ & $0.024578$ & $0.0720978$ & $-0.0523776$ & $-0.0851284$ & $0.0135086$ & $-0.0328734$ & $-0.067993$ & $0.128219$ & $-0.0617937$ & $-0.0930045$ & $0.0464391$ & $-0.0222435$ & $-0.0134208$ & $-0.0761137$ \\
CHL1_22 & $-0.038893$ & $-0.0560828$ & $0.124666$ & $-0.0734426$ & $-0.00480257$ & $-0.088698$ & $-0.0145187$ & $0.419312$ & $0.413564$ & $-0.184442$ & $-0.505302$ & $-0.129984$ & $0.113027$ & $0.264646$ & $1$ & $0.393118$ & $0.138059$ & $-0.493376$ & $-0.0394928$ & $0.551517$ & $0.444102$ & $0.428836$ & $-0.0948565$ & $0.00728124$ & $-0.0879731$ & $-0.242383$ & $-0.242045$ & $0.0930426$ & $0.00581658$ & $0.05813$ & $0.0292292$ & $-0.0101688$ & $0.0846602$ & $-0.512885$ & $-0.127391$ & $-0.0292249$ & $0.0762649$ & $-0.00379958$ & $-0.0859217$ & $-0.0315024$ & $-0.0310584$ & $-0.0313036$ & $0.0930048$ & $-0.0447047$ & $-0.0779248$ & $0.0541365$ & $0.00133929$ & $0.0737203$ & $0.0333577$ \\
CHL1_33 & $-0.0248763$ & $-0.0916848$ & $0.16124$ & $-0.0951842$ & $0.0178038$ & $-0.156479$ & $-0.0157373$ & $0.462309$ & $0.45361$ & $-0.208266$ & $-0.542672$ & $-0.158997$ & $0.134533$ & $0.256079$ & $0.393118$ & $1$ & $0.145865$ & $-0.040875$ & $-0.483371$ & $0.583898$ & $0.486602$ & $0.506055$ & $-0.0491543$ & $-0.0415768$ & $-0.0896106$ & $-0.280268$ & $-0.179765$ & $0.139923$ & $-0.00538902$ & $0.0493629$ & $0.0307881$ & $-0.0101672$ & $0.0698313$ & $0.116073$ & $-0.118162$ & $-0.0249489$ & $0.138566$ & $0.0055958$ & $-0.0868318$ & $-0.0223562$ & $-0.0578067$ & $-0.0707894$ & $0.0596773$ & $-0.102893$ & $-0.0836212$ & $-0.0128834$ & $0.0502233$ & $0.0963432$ & $-0.0190992$ \\
CHL3_11 & $0.085609$ & $-0.114447$ & $0.0460572$ & $0.00611951$ & $-0.0343251$ & $-0.27198$ & $0.163589$ & $-0.201531$ & $-0.195023$ & $0.401268$ & $-0.21857$ & $0.239567$ & $-0.386101$ & $0.610609$ & $0.138059$ & $0.145865$ & $1$ & $0.716689$ & $0.703375$ & $0.231969$ & $0.193124$ & $0.194102$ & $-0.00229081$ & $0.648684$ & $0.79105$ & $-0.146268$ & $-0.131946$ & $0.0550734$ & $-0.00788501$ & $-0.10294$ & $-0.0727855$ & $0.137544$ & $-0.141569$ & $-0.208434$ & $-0.149248$ & $0.0481551$ & $0.110892$ & $-0.0472978$ & $-0.0899936$ & $-0.01002$ & $-0.0150297$ & $-0.0599859$ & $0.0775409$ & $-0.0455422$ & $-0.0250726$ & $0.1155$ & $-0.0301022$ & $-0.0480456$ & $-0.046274$ \\
CHL3_22 & $0.102185$ & $-0.0843094$ & $0.0113282$ & $0.0457335$ & $-0.0179271$ & $-0.050842$ & $0.140135$ & $-0.44286$ & $-0.434015$ & $0.477029$ & $0.0994736$ & $0.296077$ & $-0.40869$ & $0.559677$ & $-0.493376$ & $-0.040875$ & $0.716689$ & $1$ & $0.64983$ & $-0.103224$ & $-0.0955869$ & $-0.0819701$ & $0.0492623$ & $0.622477$ & $0.785559$ & $0.0145363$ & $-0.0252061$ & $-0.00632554$ & $-0.0178829$ & $-0.12586$ & $-0.0924013$ & $0.112448$ & $-0.176035$ & $0.0529599$ & $-0.0774713$ & $0.0851982$ & $0.0629801$ & $-0.0341388$ & $-0.0561794$ & $0.00561388$ & $-0.00507151$ & $-0.0499204$ & $0.0266485$ & $-0.0233676$ & $0.00639071$ & $0.0575129$ & $-0.00908665$ & $-0.0648176$ & $-0.0661472$ \\
CHL3_33 & $0.0921058$ & $-0.0580261$ & $-0.0150986$ & $0.0540517$ & $-0.0324884$ & $-0.000306735$ & $0.142596$ & $-0.480657$ & $-0.469127$ & $0.49779$ & $0.13693$ & $0.320098$ & $-0.422427$ & $0.556743$ & $-0.0394928$ & $-0.483371$ & $0.703375$ & $0.64983$ & $1$ & $-0.137495$ & $-0.135$ & $-0.125253$ & $0.0176266$ & $0.655946$ & $0.785918$ & $0.0480628$ & $-0.0647581$ & $-0.0457996$ & $-0.00556911$ & $-0.115815$ & $-0.0942356$ & $0.114876$ & $-0.159982$ & $-0.42702$ & $-0.0868862$ & $0.0880633$ & $0.0130206$ & $-0.0407811$ & $-0.0600033$ & $0.0011288$ & $0.0137012$ & $-0.0133209$ & $0.0515388$ & $0.0196401$ & $0.00789324$ & $0.103656$ & $-0.0469878$ & $-0.0767302$ & $-0.0192262$ \\
CHe_11 & $-0.109369$ & $-0.0765001$ & $-0.0173024$ & $-0.0655784$ & $0.00210902$ & $-0.188445$ & $0.000289655$ & $0.876625$ & $0.862323$ & $-0.382666$ & $-0.992235$ & $-0.315895$ & $0.168987$ & $0.539657$ & $0.551517$ & $0.583898$ & $0.231969$ & $-0.103224$ & $-0.137495$ & $1$ & $0.979962$ & $0.95866$ & $-0.008165$ & $-0.28423$ & $-0.0782958$ & $-0.562106$ & $0.213194$ & $0.317893$ & $0.0280008$ & $0.0677918$ & $0.0201576$ & $0.0108328$ & $0.09111$ & $0.302759$ & $0.00897761$ & $-0.132194$ & $0.0406461$ & $-0.0570289$ & $0.0324105$ & $0.0342549$ & $-0.0257288$ & $-0.0291173$ & $0.124858$ & $-0.0782738$ & $-0.115373$ & $-0.0286594$ & $-0.0431293$ & $-0.00187612$ & $-0.0942514$ \\
CHe_22 & $-0.123962$ & $-0.0616972$ & $-0.0665976$ & $-0.0513943$ & $0.00447502$ & $-0.188551$ & $-0.00192636$ & $0.908225$ & $0.892697$ & $-0.405987$ & $-0.993356$ & $-0.341501$ & $0.173772$ & $0.505902$ & $0.444102$ & $0.486602$ & $0.193124$ & $-0.0955869$ & $-0.135$ & $0.979962$ & $1$ & $0.973483$ & $0.0111601$ & $-0.366419$ & $-0.115127$ & $-0.570909$ & $0.315596$ & $0.330361$ & $0.0335877$ & $0.0659787$ & $0.0192944$ & $0.00964621$ & $0.08812$ & $0.42955$ & $0.0529348$ & $-0.151318$ & $0.00971412$ & $-0.0648936$ & $0.0652821$ & $0.0503084$ & $-0.0175126$ & $-0.015055$ & $0.116663$ & $-0.066178$ & $-0.109328$ & $-0.0430976$ & $-0.0555015$ & $-0.0237504$ & $-0.105743$ \\
CHe_33 & $-0.118553$ & $-0.0657133$ & $-0.052944$ & $-0.0600876$ & $0.00402881$ & $-0.187574$ & $-0.0049634$ & $0.885341$ & $0.869782$ & $-0.392902$ & $-0.971193$ & $-0.333389$ & $0.171696$ & $0.498265$ & $0.428836$ & $0.506055$ & $0.194102$ & $-0.0819701$ & $-0.125253$ & $0.95866$ & $0.973483$ & $1$ & $0.00845602$ & $-0.350845$ & $-0.107646$ & $-0.556376$ & $0.304333$ & $0.322102$ & $0.0297027$ & $0.0659292$ & $0.0172358$ & $0.00651151$ & $0.0902958$ & $0.425439$ & $0.0352572$ & $-0.138345$ & $0.0161859$ & $-0.0590333$ & $0.0584643$ & $0.0489584$ & $-0.0167486$ & $-0.0128371$ & $0.112117$ & $-0.0679526$ & $-0.110345$ & $-0.0440942$ & $-0.0536747$ & $-0.0110283$ & $-0.094602$ \\
CHQ1_11 & $-0.0546106$ & $0.00824579$ & $-0.0406504$ & $-0.0714083$ & $0.0139055$ & $-0.00508905$ & $-0.0443906$ & $0.00818355$ & $0.00255698$ & $-0.00574458$ & $-0.000478754$ & $0.0175757$ & $-0.0401998$ & $-0.00130822$ & $-0.0948565$ & $-0.0491543$ & $-0.00229081$ & $0.0492623$ & $0.0176266$ & $-0.008165$ & $0.0111601$ & $0.00845602$ & $1$ & $-0.0395366$ & $0.0686889$ & $-0.690227$ & $0.222007$ & $0.0310563$ & $0.0288397$ & $-0.0122192$ & $-0.00242445$ & $-0.0358997$ & $-0.0320344$ & $0.0940541$ & $0.0832738$ & $-0.0329097$ & $-0.0530467$ & $-0.0240866$ & $0.0830407$ & $0.0355771$ & $0.0259073$ & $0.000309958$ & $0.0260958$ & $-0.0256216$ & $-0.0664809$ & $-0.0327611$ & $-0.0395845$ & $-0.0249767$ & $-0.0887454$ \\
CHQ1_33 & $0.0966766$ & $-0.110443$ & $0.107734$ & $-0.00362068$ & $-0.0114226$ & $0.0140002$ & $0.115597$ & $-0.654463$ & $-0.641489$ & $0.54611$ & $0.323368$ & $0.372969$ & $-0.389253$ & $0.410192$ & $0.00728124$ & $-0.0415768$ & $0.648684$ & $0.622477$ & $0.655946$ & $-0.28423$ & $-0.366419$ & $-0.350845$ & $-0.0395366$ & $1$ & $0.723883$ & $0.186065$ & $-0.321213$ & $-0.0285294$ & $-0.0366733$ & $-0.10839$ & $-0.0816155$ & $0.0877733$ & $-0.14677$ & $-0.595035$ & $-0.16069$ & $0.142831$ & $0.0918047$ & $-0.0171317$ & $-0.146005$ & $-0.037221$ & $0.0154905$ & $-0.0323798$ & $0.0478344$ & $-0.0503428$ & $-0.00559629$ & $0.0835537$ & $0.00536521$ & $-0.00709621$ & $0.0211121$ \\
CHQ3_11 & $0.00562359$ & $-0.0925809$ & $-0.0794524$ & $8.38437e-05$ & $-0.02272$ & $-0.0456493$ & $0.147494$ & $-0.477362$ & $-0.465186$ & $0.502963$ & $0.0960012$ & $0.326616$ & $-0.418021$ & $0.584765$ & $-0.0879731$ & $-0.0896106$ & $0.79105$ & $0.785559$ & $0.785918$ & $-0.0782958$ & $-0.115127$ & $-0.107646$ & $0.0686889$ & $0.723883$ & $1$ & $0.0265677$ & $0.107141$ & $-0.0202514$ & $-0.0033587$ & $-0.115965$ & $-0.103129$ & $0.1232$ & $-0.163558$ & $-0.342196$ & $-0.0236382$ & $0.0223007$ & $-0.021896$ & $-0.0890835$ & $-0.031378$ & $0.018614$ & $0.0288808$ & $0.0280752$ & $0.119461$ & $-0.0511837$ & $-0.0499878$ & $0.0682134$ & $-0.103873$ & $-0.112824$ & $-0.0645156$ \\
CHu_11 & $0.0762314$ & $0.0489286$ & $-0.0461766$ & $0.0977117$ & $-0.0122757$ & $0.127339$ & $0.0317286$ & $-0.504828$ & $-0.491996$ & $0.208927$ & $0.568939$ & $0.170378$ & $-0.0665858$ & $-0.315678$ & $-0.242383$ & $-0.280268$ & $-0.146268$ & $0.0145363$ & $0.0480628$ & $-0.562106$ & $-0.570909$ & $-0.556376$ & $-0.690227$ & $0.186065$ & $0.0265677$ & $1$ & $-0.13993$ & $-0.196477$ & $-0.0270363$ & $-0.0288813$ & $-0.0156349$ & $0.0221971$ & $-0.0282228$ & $-0.246055$ & $-0.00980405$ & $0.0424733$ & $-0.0409998$ & $0.0188302$ & $-0.0403492$ & $-0.0259827$ & $0.000175868$ & $0.0646861$ & $-0.0740706$ & $0.0775801$ & $0.113629$ & $0.0529537$ & $0.0181601$ & $-0.0349084$ & $0.117889$ \\
CHd_11 & $-0.204438$ & $0.0709213$ & $-0.442208$ & $-0.0252588$ & $0.0121959$ & $-0.0225801$ & $-0.0218604$ & $0.357174$ & $0.351255$ & $-0.246666$ & $-0.260802$ & $-0.193739$ & $0.119167$ & $-0.0403828$ & $-0.242045$ & $-0.179765$ & $-0.131946$ & $-0.0252061$ & $-0.0647581$ & $0.213194$ & $0.315596$ & $0.304333$ & $0.222007$ & $-0.321213$ & $0.107141$ & $-0.13993$ & $1$ & $0.154408$ & $0.053886$ & $0.0346857$ & $-0.0152867$ & $-0.00188646$ & $0.0319465$ & $0.544359$ & $0.38304$ & $-0.256443$ & $-0.269814$ & $-0.15876$ & $0.30888$ & $0.137481$ & $0.0975938$ & $0.204299$ & $0.0918629$ & $-0.0120362$ & $-0.0391499$ & $-0.0887341$ & $-0.220558$ & $-0.24271$ & $-0.149801$ \\
CHd_33 & $-0.0335953$ & $-0.012569$ & $-0.0435966$ & $-0.0217225$ & $-0.00313132$ & $-0.0523208$ & $-0.0552719$ & $0.302349$ & $0.292387$ & $-0.130936$ & $-0.325168$ & $-0.10947$ & $0.0620149$ & $0.157359$ & $0.0930426$ & $0.139923$ & $0.0550734$ & $-0.00632554$ & $-0.0457996$ & $0.317893$ & $0.330361$ & $0.322102$ & $0.0310563$ & $-0.0285294$ & $-0.0202514$ & $-0.196477$ & $0.154408$ & $1$ & $0.0109127$ & $0.0184787$ & $-0.000485063$ & $-0.0487329$ & $0.0201415$ & $0.191791$ & $0.087758$ & $-0.00848007$ & $-0.000277801$ & $-0.0265217$ & $0.0354208$ & $0.0269189$ & $-0.0211286$ & $-0.0518693$ & $0.0567667$ & $-0.0454121$ & $-0.0296271$ & $-0.0771207$ & $0.0019525$ & $-0.00830881$ & $-0.076974$ \\
CeH_22r & $-0.0364588$ & $0.0205537$ & $-0.0121181$ & $-0.0329808$ & $0.0226263$ & $-0.0166155$ & $0.0500113$ & $0.036833$ & $0.0499729$ & $-0.00831388$ & $-0.0300587$ & $0.0020675$ & $0.0289185$ & $-0.00243383$ & $0.00581658$ & $-0.00538902$ & $-0.00788501$ & $-0.0178829$ & $-0.00556911$ & $0.0280008$ & $0.0335877$ & $0.0297027$ & $0.0288397$ & $-0.0366733$ & $-0.0033587$ & $-0.0270363$ & $0.053886$ & $0.0109127$ & $1$ & $0.0466856$ & $0.0170901$ & $0.0407553$ & $0.0500446$ & $0.0286019$ & $0.0499943$ & $-0.0760103$ & $-0.00616036$ & $0.0329021$ & $0.00230707$ & $-0.0509696$ & $0.0171584$ & $-0.00765321$ & $0.0411554$ & $0.00988325$ & $-0.0814715$ & $-0.0266918$ & $-0.00788508$ & $0.000500701$ & $-0.028072$ \\
CeH_33r & $-0.0564109$ & $0.0382528$ & $-0.0381584$ & $-0.0100021$ & $0.0228301$ & $0.00803016$ & $-0.0946657$ & $0.111901$ & $0.132467$ & $-0.156447$ & $-0.064715$ & $-0.0673297$ & $0.258883$ & $-0.059053$ & $0.05813$ & $0.0493629$ & $-0.10294$ & $-0.12586$ & $-0.115815$ & $0.0677918$ & $0.0659787$ & $0.0659292$ & $-0.0122192$ & $-0.10839$ & $-0.115965$ & $-0.0288813$ & $0.0346857$ & $0.0184787$ & $0.0466856$ & $1$ & $0.325012$ & $0.0463487$ & $0.726243$ & $0.0465203$ & $0.0456649$ & $-0.132364$ & $-0.0380654$ & $-0.0169134$ & $0.0592855$ & $0.0142705$ & $0.0493773$ & $0.0073877$ & $-0.018871$ & $0.016639$ & $-0.0374063$ & $-2.26562e-06$ & $0.0242059$ & $-0.0261443$ & $-0.00107956$ \\
CuH_22r & $0.0120906$ & $-0.0320254$ & $0.0312705$ & $0.00125636$ & $-0.00194894$ & $-0.0121788$ & $-0.0576677$ & $0.0583828$ & $0.0677374$ & $-0.113513$ & $-0.0199834$ & $-0.0673585$ & $0.110318$ & $-0.0716148$ & $0.0292292$ & $0.0307881$ & $-0.0727855$ & $-0.0924013$ & $-0.0942356$ & $0.0201576$ & $0.0192944$ & $0.0172358$ & $-0.00242445$ & $-0.0816155$ & $-0.103129$ & $-0.0156349$ & $-0.0152867$ & $-0.000485063$ & $0.0170901$ & $0.325012$ & $1$ & $0.0242576$ & $0.401418$ & $0.0306081$ & $-0.0500497$ & $-0.0600166$ & $0.0933862$ & $0.0125092$ & $-0.040395$ & $0.0476515$ & $-0.0195762$ & $-0.0132968$ & $-0.0437124$ & $-0.0280218$ & $0.00534331$ & $0.0239415$ & $0.103157$ & $0.0334752$ & $-0.00557167$ \\
CuH_33r & $-0.0805137$ & $-0.0410895$ & $-0.0899976$ & $0.0137694$ & $0.027475$ & $-0.0365323$ & $0.948347$ & $-0.0460898$ & $0.0195301$ & $0.029238$ & $-0.0100578$ & $0.150661$ & $-0.213992$ & $0.0697659$ & $-0.0101688$ & $-0.0101672$ & $0.137544$ & $0.112448$ & $0.114876$ & $0.0108328$ & $0.00964621$ & $0.00651151$ & $-0.0358997$ & $0.0877733$ & $0.1232$ & $0.0221971$ & $-0.00188646$ & $-0.0487329$ & $0.0407553$ & $0.0463487$ & $0.0242576$ & $1$ & $0.0547084$ & $-0.0211883$ & $0.0028587$ & $-0.126259$ & $-0.0740764$ & $-0.00367772$ & $-0.0838304$ & $-0.0742251$ & $0.0270473$ & $0.000882106$ & $0.12594$ & $-0.0620821$ & $-0.107149$ & $0.0272379$ & $-0.044597$ & $-0.138677$ & $0.0123545$ \\
CdH_33r & $-0.0989357$ & $-0.0196131$ & $-0.0111009$ & $-0.0409734$ & $0.0205911$ & $0.00583683$ & $-0.134062$ & $0.152081$ & $0.172863$ & $-0.18213$ & $-0.0877661$ & $-0.104879$ & $0.37138$ & $-0.0802249$ & $0.0846602$ & $0.0698313$ & $-0.141569$ & $-0.176035$ & $-0.159982$ & $0.09111$ & $0.08812$ & $0.0902958$ & $-0.0320344$ & $-0.14677$ & $-0.163558$ & $-0.0282228$ & $0.0319465$ & $0.0201415$ & $0.0500446$ & $0.726243$ & $0.401418$ & $0.0547084$ & $1$ & $0.0550275$ & $0.0185773$ & $-0.108442$ & $-0.101347$ & $0.0167532$ & $0.0163608$ & $-0.00957498$ & $0.0133309$ & $0.000763354$ & $-0.0258363$ & $0.0272734$ & $-0.109717$ & $-0.0433155$ & $0.00415096$ & $0.0933782$ & $0.143429$ \\
CLL_1221 & $-0.098731$ & $0.046608$ & $-0.197012$ & $0.0102995$ & $0.0102637$ & $-0.141679$ & $-0.0386323$ & $0.530206$ & $0.518939$ & $-0.354465$ & $-0.363439$ & $-0.280188$ & $0.199037$ & $-0.172315$ & $-0.512885$ & $0.116073$ & $-0.208434$ & $0.0529599$ & $-0.42702$ & $0.302759$ & $0.42955$ & $0.425439$ & $0.0940541$ & $-0.595035$ & $-0.342196$ & $-0.246055$ & $0.544359$ & $0.191791$ & $0.0286019$ & $0.0465203$ & $0.0306081$ & $-0.0211883$ & $0.0550275$ & $1$ & $0.21206$ & $-0.144879$ & $-0.0822985$ & $-0.0362292$ & $0.180153$ & $0.0729082$ & $0.0213904$ & $0.0377451$ & $-0.0218153$ & $-0.00358452$ & $-0.00416787$ & $-0.112844$ & $-0.0428763$ & $-0.0750914$ & $-0.104268$ \\
eHggint & $-0.230963$ & $0.188962$ & $-0.484957$ & $0.0725894$ & $-0.000622032$ & $0.0178579$ & $-0.0328905$ & $0.109543$ & $0.100854$ & $-0.114403$ & $-0.027975$ & $-0.0592147$ & $0.08113$ & $-0.110475$ & $-0.127391$ & $-0.118162$ & $-0.149248$ & $-0.0774713$ & $-0.0868862$ & $0.00897761$ & $0.0529348$ & $0.0352572$ & $0.0832738$ & $-0.16069$ & $-0.0236382$ & $-0.00980405$ & $0.38304$ & $0.087758$ & $0.0499943$ & $0.0456649$ & $-0.0500497$ & $0.0028587$ & $0.0185773$ & $0.21206$ & $1$ & $-0.299332$ & $-0.568632$ & $-0.063458$ & $0.265893$ & $0.0388407$ & $-0.0807337$ & $0.0751774$ & $-0.0693656$ & $0.0490667$ & $-0.0208831$ & $-0.239159$ & $-0.0898182$ & $-0.378514$ & $-0.20493$ \\
eHggpar & $0.177515$ & $-0.21106$ & $0.454713$ & $-0.262228$ & $-0.00855491$ & $0.0365421$ & $-0.0990719$ & $-0.174608$ & $-0.186503$ & $0.15162$ & $0.140262$ & $0.0524117$ & $-0.0420406$ & $0.024578$ & $-0.0292249$ & $-0.0249489$ & $0.0481551$ & $0.0851982$ & $0.0880633$ & $-0.132194$ & $-0.151318$ & $-0.138345$ & $-0.0329097$ & $0.142831$ & $0.0223007$ & $0.0424733$ & $-0.256443$ & $-0.00848007$ & $-0.0760103$ & $-0.132364$ & $-0.0600166$ & $-0.126259$ & $-0.108442$ & $-0.144879$ & $-0.299332$ & $1$ & $0.114802$ & $0.0218912$ & $-0.335497$ & $0.12042$ & $-0.0629176$ & $-0.113656$ & $-0.0511914$ & $-0.157746$ & $0.0840877$ & $-0.326405$ & $-0.0023829$ & $0.469754$ & $0.0557378$ \\
eHWWint & $0.355095$ & $0.0587269$ & $0.354378$ & $0.00344755$ & $-0.0216922$ & $-0.0736123$ & $-0.0540967$ & $-0.0305485$ & $-0.0348772$ & $0.0549596$ & $-0.025687$ & $0.00364022$ & $-0.0067425$ & $0.0720978$ & $0.0762649$ & $0.138566$ & $0.110892$ & $0.0629801$ & $0.0130206$ & $0.0406461$ & $0.00971412$ & $0.0161859$ & $-0.0530467$ & $0.0918047$ & $-0.021896$ & $-0.0409998$ & $-0.269814$ & $-0.000277801$ & $-0.00616036$ & $-0.0380654$ & $0.0933862$ & $-0.0740764$ & $-0.101347$ & $-0.0822985$ & $-0.568632$ & $0.114802$ & $1$ & $0.017617$ & $-0.0882003$ & $0.0953145$ & $0.112585$ & $-0.116005$ & $0.0295915$ & $-0.121885$ & $0.204571$ & $0.152111$ & $0.33514$ & $0.0734859$ & $-0.285507$ \\
eHWWpar & $0.0506131$ & $-0.0467601$ & $0.148336$ & $0.0520156$ & $0.000551476$ & $0.00943495$ & $-0.00421193$ & $-0.0410797$ & $-0.0454602$ & $-0.0113467$ & $0.0605561$ & $-0.0054593$ & $0.0104818$ & $-0.0523776$ & $-0.00379958$ & $0.0055958$ & $-0.0472978$ & $-0.0341388$ & $-0.0407811$ & $-0.0570289$ & $-0.0648936$ & $-0.0590333$ & $-0.0240866$ & $-0.0171317$ & $-0.0890835$ & $0.0188302$ & $-0.15876$ & $-0.0265217$ & $0.0329021$ & $-0.0169134$ & $0.0125092$ & $-0.00367772$ & $0.0167532$ & $-0.0362292$ & $-0.063458$ & $0.0218912$ & $0.017617$ & $1$ & $-0.0279037$ & $-0.155676$ & $-0.0173986$ & $-0.0175309$ & $-0.179983$ & $0.0975551$ & $-0.00523527$ & $-0.0917798$ & $0.050902$ & $0.160436$ & $0.151133$ \\
eHZZint & $0.29714$ & $0.529451$ & $-0.32323$ & $0.153701$ & $-0.0115582$ & $-0.0502545$ & $-0.0977383$ & $0.098834$ & $0.0837467$ & $-0.131834$ & $-0.0450384$ & $-0.0782346$ & $0.0627455$ & $-0.0851284$ & $-0.0859217$ & $-0.0868318$ & $-0.0899936$ & $-0.0561794$ & $-0.0600033$ & $0.0324105$ & $0.0652821$ & $0.0584643$ & $0.0830407$ & $-0.146005$ & $-0.031378$ & $-0.0403492$ & $0.30888$ & $0.0354208$ & $0.00230707$ & $0.0592855$ & $-0.040395$ & $-0.0838304$ & $0.0163608$ & $0.180153$ & $0.265893$ & $-0.335497$ & $-0.0882003$ & $-0.0279037$ & $1$ & $-0.0641697$ & $0.488134$ & $0.186086$ & $-0.198322$ & $0.266452$ & $0.425433$ & $0.462838$ & $-0.395422$ & $-0.639287$ & $0.0128939$ \\
eHZZpar & $0.0147372$ & $-0.253455$ & $-0.00447332$ & $-0.0229558$ & $0.0621788$ & $-0.00795705$ & $-0.0789888$ & $0.0542158$ & $0.0471322$ & $-0.0228311$ & $-0.0440035$ & $-0.0300086$ & $0.0153483$ & $0.0135086$ & $-0.0315024$ & $-0.0223562$ & $-0.01002$ & $0.00561388$ & $0.0011288$ & $0.0342549$ & $0.0503084$ & $0.0489584$ & $0.0355771$ & $-0.037221$ & $0.018614$ & $-0.0259827$ & $0.137481$ & $0.0269189$ & $-0.0509696$ & $0.0142705$ & $0.0476515$ & $-0.0742251$ & $-0.00957498$ & $0.0729082$ & $0.0388407$ & $0.12042$ & $0.0953145$ & $-0.155676$ & $-0.0641697$ & $1$ & $-0.0838787$ & $-0.131924$ & $0.0224685$ & $-0.326656$ & $0.126345$ & $-0.126914$ & $0.117526$ & $-0.0761886$ & $-0.039114$ \\
eHZgaint & $-0.125026$ & $0.191637$ & $-0.22684$ & $-0.00651805$ & $0.00161142$ & $-0.0199448$ & $0.0231011$ & $-0.013428$ & $-0.0111334$ & $-0.0688658$ & $0.025338$ & $-0.0395305$ & $-0.00366104$ & $-0.0328734$ & $-0.0310584$ & $-0.0578067$ & $-0.0150297$ & $-0.00507151$ & $0.0137012$ & $-0.0257288$ & $-0.0175126$ & $-0.0167486$ & $0.0259073$ & $0.0154905$ & $0.0288808$ & $0.000175868$ & $0.0975938$ & $-0.0211286$ & $0.0171584$ & $0.0493773$ & $-0.0195762$ & $0.0270473$ & $0.0133309$ & $0.0213904$ & $-0.0807337$ & $-0.0629176$ & $0.112585$ & $-0.0173986$ & $0.488134$ & $-0.0838787$ & $1$ & $0.176392$ & $0.00779889$ & $0.114312$ & $0.130206$ & $0.148204$ & $-0.398007$ & $-0.237428$ & $-0.000426858$ \\
eHZgapar & $-0.112439$ & $0.122707$ & $-0.0672437$ & $-0.309875$ & $0.0590717$ & $-0.0175288$ & $0.00599163$ & $0.00882624$ & $0.0149451$ & $-0.03445$ & $0.0259685$ & $0.0288841$ & $-0.0368308$ & $-0.067993$ & $-0.0313036$ & $-0.0707894$ & $-0.0599859$ & $-0.0499204$ & $-0.0133209$ & $-0.0291173$ & $-0.015055$ & $-0.0128371$ & $0.000309958$ & $-0.0323798$ & $0.0280752$ & $0.0646861$ & $0.204299$ & $-0.0518693$ & $-0.00765321$ & $0.0073877$ & $-0.0132968$ & $0.000882106$ & $0.000763354$ & $0.0377451$ & $0.0751774$ & $-0.113656$ & $-0.116005$ & $-0.0175309$ & $0.186086$ & $-0.131924$ & $0.176392$ & $1$ & $0.214936$ & $-0.0867702$ & $0.00469354$ & $0.163094$ & $-0.241875$ & $-0.146407$ & $0.0427428$ \\
eHgagaint & $-0.508589$ & $-0.251919$ & $0.0454005$ & $-0.311549$ & $0.0397096$ & $0.0317011$ & $0.132588$ & $0.0798298$ & $0.113647$ & $0.0219972$ & $-0.120559$ & $0.0298588$ & $-0.0525902$ & $0.128219$ & $0.0930048$ & $0.0596773$ & $0.0775409$ & $0.0266485$ & $0.0515388$ & $0.124858$ & $0.116663$ & $0.112117$ & $0.0260958$ & $0.0478344$ & $0.119461$ & $-0.0740706$ & $0.0918629$ & $0.0567667$ & $0.0411554$ & $-0.018871$ & $-0.0437124$ & $0.12594$ & $-0.0258363$ & $-0.0218153$ & $-0.0693656$ & $-0.0511914$ & $0.0295915$ & $-0.179983$ & $-0.198322$ & $0.0224685$ & $0.00779889$ & $0.214936$ & $1$ & $-0.44075$ & $-0.597999$ & $-0.245434$ & $-0.289431$ & $0.0817124$ & $-0.105718$ \\
eHmumuint & $0.402684$ & $0.638924$ & $-0.345582$ & $0.532107$ & $-0.0719879$ & $0.0207028$ & $-0.0653593$ & $-0.0556314$ & $-0.0687096$ & $0.0018668$ & $0.0740705$ & $0.0444237$ & $-0.0311396$ & $-0.0617937$ & $-0.0447047$ & $-0.102893$ & $-0.0455422$ & $-0.0233676$ & $0.0196401$ & $-0.0782738$ & $-0.066178$ & $-0.0679526$ & $-0.0256216$ & $-0.0503428$ & $-0.0511837$ & $0.0775801$ & $-0.0120362$ & $-0.0454121$ & $0.00988325$ & $0.016639$ & $-0.0280218$ & $-0.0620821$ & $0.0272734$ & $-0.00358452$ & $0.0490667$ & $-0.157746$ & $-0.121885$ & $0.0975551$ & $0.266452$ & $-0.326656$ & $0.114312$ & $-0.0867702$ & $-0.44075$ & $1$ & $0.365112$ & $0.332739$ & $0.254736$ & $-0.0360194$ & $0.0337559$ \\
eHtautauint & $0.671863$ & $0.38667$ & $-0.179302$ & $0.351357$ & $-0.0400644$ & $-0.0328107$ & $-0.0950141$ & $-0.0972772$ & $-0.123352$ & $-0.0105982$ & $0.113071$ & $0.037435$ & $-0.0659439$ & $-0.0930045$ & $-0.0779248$ & $-0.0836212$ & $-0.0250726$ & $0.00639071$ & $0.00789324$ & $-0.115373$ & $-0.109328$ & $-0.110345$ & $-0.0664809$ & $-0.00559629$ & $-0.0499878$ & $0.113629$ & $-0.0391499$ & $-0.0296271$ & $-0.0814715$ & $-0.0374063$ & $0.00534331$ & $-0.107149$ & $-0.109717$ & $-0.00416787$ & $-0.0208831$ & $0.0840877$ & $0.204571$ & $-0.00523527$ & $0.425433$ & $0.126345$ & $0.130206$ & $0.00469354$ & $-0.597999$ & $0.365112$ & $1$ & $0.398542$ & $0.142272$ & $-0.432133$ & $-0.120624$ \\
eHccint & $0.532936$ & $0.393454$ & $-0.128456$ & $0.269396$ & $-0.0152569$ & $-0.0633262$ & $0.0447215$ & $-0.0900469$ & $-0.0897795$ & $0.0513571$ & $0.0352629$ & $0.123026$ & $-0.152855$ & $0.0464391$ & $0.0541365$ & $-0.0128834$ & $0.1155$ & $0.0575129$ & $0.103656$ & $-0.0286594$ & $-0.0430976$ & $-0.0440942$ & $-0.0327611$ & $0.0835537$ & $0.0682134$ & $0.0529537$ & $-0.0887341$ & $-0.0771207$ & $-0.0266918$ & $-2.26562e-06$ & $0.0239415$ & $0.0272379$ & $-0.0433155$ & $-0.112844$ & $-0.239159$ & $-0.326405$ & $0.152111$ & $-0.0917798$ & $0.462838$ & $-0.126914$ & $0.148204$ & $0.163094$ & $-0.245434$ & $0.332739$ & $0.398542$ & $1$ & $-0.101889$ & $-0.514198$ & $0.0916163$ \\
eHccpar & $0.199743$ & $0.127481$ & $0.120549$ & $0.280343$ & $-0.0115607$ & $0.0420718$ & $-0.0479708$ & $-0.0440439$ & $-0.0529131$ & $0.0169191$ & $0.0482794$ & $-0.0212628$ & $0.0556463$ & $-0.0222435$ & $0.00133929$ & $0.0502233$ & $-0.0301022$ & $-0.00908665$ & $-0.0469878$ & $-0.0431293$ & $-0.0555015$ & $-0.0536747$ & $-0.0395845$ & $0.00536521$ & $-0.103873$ & $0.0181601$ & $-0.220558$ & $0.0019525$ & $-0.00788508$ & $0.0242059$ & $0.103157$ & $-0.044597$ & $0.00415096$ & $-0.0428763$ & $-0.0898182$ & $-0.0023829$ & $0.33514$ & $0.050902$ & $-0.395422$ & $0.117526$ & $-0.398007$ & $-0.241875$ & $-0.289431$ & $0.254736$ & $0.142272$ & $-0.101889$ & $1$ & $0.244027$ & $-0.212157$ \\
eHbbint & $-0.176127$ & $-0.258023$ & $0.52823$ & $-0.374482$ & $-0.00248963$ & $0.0365963$ & $-0.13171$ & $0.00217278$ & $-0.000209681$ & $0.038459$ & $0.0109105$ & $-0.0560078$ & $0.114748$ & $-0.0134208$ & $0.0737203$ & $0.0963432$ & $-0.0480456$ & $-0.0648176$ & $-0.0767302$ & $-0.00187612$ & $-0.0237504$ & $-0.0110283$ & $-0.0249767$ & $-0.00709621$ & $-0.112824$ & $-0.0349084$ & $-0.24271$ & $-0.00830881$ & $0.000500701$ & $-0.0261443$ & $0.0334752$ & $-0.138677$ & $0.0933782$ & $-0.0750914$ & $-0.378514$ & $0.469754$ & $0.0734859$ & $0.160436$ & $-0.639287$ & $-0.0761886$ & $-0.237428$ & $-0.146407$ & $0.0817124$ & $-0.0360194$ & $-0.432133$ & $-0.514198$ & $0.244027$ & $1$ & $0.171245$ \\
eHbbpar & $-0.121091$ & $-0.254341$ & $0.00103987$ & $0.0222942$ & $0.0229781$ & $0.0182376$ & $0.0166647$ & $-0.0763464$ & $-0.0746243$ & $0.0445657$ & $0.0981242$ & $0.0151366$ & $0.0156771$ & $-0.0761137$ & $0.0333577$ & $-0.0190992$ & $-0.046274$ & $-0.0661472$ & $-0.0192262$ & $-0.0942514$ & $-0.105743$ & $-0.094602$ & $-0.0887454$ & $0.0211121$ & $-0.0645156$ & $0.117889$ & $-0.149801$ & $-0.076974$ & $-0.028072$ & $-0.00107956$ & $-0.00557167$ & $0.0123545$ & $0.143429$ & $-0.104268$ & $-0.20493$ & $0.0557378$ & $-0.285507$ & $0.151133$ & $0.0128939$ & $-0.039114$ & $-0.000426858$ & $0.0427428$ & $-0.105718$ & $0.0337559$ & $-0.120624$ & $0.0916163$ & $-0.212157$ & $0.171245$ & $1$ \\
