 & AlsMz & dAle5Mz & mtop & mHl & Mz & CW & CHG & CHWB & CHWHB_gaga & CHWHB_gagaorth & CHD & CHbox & CH & CHL1_11 & CHL1_22 & CHL1_33 & CHL3_11 & CHL3_22 & CHL3_33 & CHe_11 & CHe_22 & CHe_33 & CHQ1_11 & CHQ1_33 & CHQ3_11 & CHu_11 & CHd_11 & CHd_33 & CeH_22r & CeH_33r & CuH_22r & CuH_33r & CdH_33r & CLL_1221 & eHggint & eHggpar & eHWWint & eHWWpar & eHZZint & eHZZpar & eHZgaint & eHZgapar & eHgagaint & eHmumuint & eHtautauint & eHccint & eHccpar & eHbbint & eHbbpar \\
AlsMz & $1$ & $-0.0540097$ & $-0.00457145$ & $-0.0587847$ & $0.0357492$ & $-0.0486108$ & $-0.00831631$ & $0.0151664$ & $0.0170817$ & $-0.020816$ & $-0.0159821$ & $-0.0110277$ & $-0.010243$ & $-0.0103307$ & $-0.0180774$ & $0.00300476$ & $-0.00649094$ & $0.00311199$ & $-0.0065615$ & $0.00753327$ & $0.00947338$ & $0.0152048$ & $0.0175591$ & $-0.0697935$ & $-0.0947979$ & $-0.0400544$ & $0.0014735$ & $0.028526$ & $-0.0126576$ & $0.0676162$ & $-0.0554986$ & $-0.00625548$ & $0.0522217$ & $0.0258933$ & $-0.130866$ & $0.000763174$ & $-0.0958596$ & $-0.000661928$ & $0.0967469$ & $-0.0634735$ & $-0.0597579$ & $0.0128268$ & $-0.0623568$ & $0.105358$ & $-0.0783132$ & $-0.0642632$ & $-0.174501$ & $0.0140575$ & $0.00718884$ \\
dAle5Mz & $-0.0540097$ & $1$ & $-0.0286059$ & $0.00210423$ & $-0.0126803$ & $0.0029607$ & $0.00138999$ & $-0.117426$ & $-0.103148$ & $0.0832402$ & $0.0909591$ & $0.0393523$ & $-0.00847737$ & $-0.0188145$ & $-0.00883943$ & $0.00125071$ & $0.0333846$ & $0.0328758$ & $0.0239032$ & $-0.0649836$ & $-0.0735147$ & $-0.0716097$ & $-0.0422174$ & $0.0595959$ & $0.045596$ & $0.0742013$ & $-0.0385949$ & $-0.0286319$ & $0.00922545$ & $0.0314143$ & $-0.0246425$ & $0.000370704$ & $0.0301614$ & $-0.030745$ & $0.0158925$ & $-0.0879568$ & $-0.0593717$ & $0.0518712$ & $-0.0974127$ & $-0.0214079$ & $0.0527283$ & $-0.0414991$ & $0.156523$ & $-0.0219671$ & $0.0591608$ & $-0.0862597$ & $-0.123139$ & $0.045027$ & $-0.00943832$ \\
mtop & $-0.00457145$ & $-0.0286059$ & $1$ & $0.0676083$ & $0.0130089$ & $0.0260457$ & $0.0111526$ & $0.00991256$ & $0.0088521$ & $0.0252736$ & $-0.00807107$ & $0.000387031$ & $-0.00965988$ & $0.018572$ & $-0.0306476$ & $0.000934785$ & $0.0131928$ & $0.0312705$ & $0.00893163$ & $0.0113698$ & $0.0163681$ & $0.0219041$ & $0.0179629$ & $0.00160195$ & $0.0272469$ & $-0.0220127$ & $0.0317952$ & $-0.00678002$ & $-0.0432048$ & $-0.00282675$ & $-0.0539468$ & $0.00763215$ & $0.0367912$ & $0.0330141$ & $-0.0748486$ & $0.00549281$ & $0.012812$ & $-0.0225586$ & $0.10415$ & $0.0320508$ & $0.0464753$ & $0.0259894$ & $-0.00163171$ & $-0.0894267$ & $0.0525771$ & $-0.0362562$ & $-0.209872$ & $0.0373775$ & $0.0764898$ \\
mHl & $-0.0587847$ & $0.00210423$ & $0.0676083$ & $1$ & $0.0276773$ & $0.0387013$ & $0.0117146$ & $-0.00655536$ & $0.000979643$ & $0.00502722$ & $0.00218091$ & $-0.00327475$ & $-0.00199894$ & $0.0118842$ & $0.00481661$ & $0.0267506$ & $-0.00122558$ & $0.00762301$ & $-0.00661956$ & $0.00197979$ & $-0.00501516$ & $0.000895811$ & $-0.00890596$ & $0.0144654$ & $0.00384916$ & $-0.00703621$ & $-0.0245444$ & $-0.00449503$ & $0.00148558$ & $0.0274185$ & $0.0348926$ & $0.00938345$ & $0.0187194$ & $-0.0140285$ & $-0.0832235$ & $-0.0457745$ & $0.00841727$ & $-0.0312178$ & $-0.00259606$ & $0.0307128$ & $-0.0233922$ & $-0.0410037$ & $0.0528378$ & $-0.116952$ & $0.104582$ & $0.0993187$ & $0.065567$ & $-0.043797$ & $-0.00503459$ \\
Mz & $0.0357492$ & $-0.0126803$ & $0.0130089$ & $0.0276773$ & $1$ & $0.0125855$ & $-0.00286873$ & $-0.0334832$ & $-0.0336658$ & $0.0111868$ & $0.0335408$ & $-0.00664842$ & $-0.0124918$ & $-0.00027962$ & $0.0145284$ & $0.014208$ & $0.0167225$ & $0.00674483$ & $0.00695885$ & $-0.0209151$ & $-0.028108$ & $-0.0236799$ & $-0.0320085$ & $0.0289069$ & $0.00688899$ & $0.0375366$ & $-0.0341636$ & $0.0100285$ & $-0.0152597$ & $0.0230781$ & $0.0153737$ & $0.00616415$ & $0.000282287$ & $-0.039064$ & $0.0211283$ & $0.00245952$ & $0.00886841$ & $-0.0222414$ & $-0.0138618$ & $-0.00201769$ & $-0.0294116$ & $0.0443864$ & $-0.030228$ & $-0.0123104$ & $-0.0277343$ & $0.0302914$ & $0.00973405$ & $0.00236058$ & $-0.0207814$ \\
CW & $-0.0486108$ & $0.0029607$ & $0.0260457$ & $0.0387013$ & $0.0125855$ & $1$ & $-0.0182331$ & $-0.128147$ & $-0.125921$ & $0.0372406$ & $0.18851$ & $0.0363148$ & $-0.0104083$ & $0.0110283$ & $-0.0967977$ & $-0.077723$ & $-0.247346$ & $-0.0383693$ & $-0.0548921$ & $-0.18756$ & $-0.190181$ & $-0.190103$ & $-0.028249$ & $0.00975646$ & $-0.086056$ & $0.118654$ & $-0.0843375$ & $-0.0586913$ & $0.00216075$ & $-0.00877481$ & $0.0077882$ & $-0.00882309$ & $-0.00063639$ & $-0.106019$ & $0.00702657$ & $0.00936911$ & $-0.00570207$ & $-0.012546$ & $-0.0247205$ & $0.00239017$ & $0.0156718$ & $-0.0014066$ & $-0.0156937$ & $0.00167346$ & $0.0695173$ & $-0.00496716$ & $-0.035277$ & $0.0264647$ & $-0.0292306$ \\
CHG & $-0.00831631$ & $0.00138999$ & $0.0111526$ & $0.0117146$ & $-0.00286873$ & $-0.0182331$ & $1$ & $-0.120775$ & $-0.0760945$ & $0.0740868$ & $0.0726759$ & $-0.283549$ & $-0.325434$ & $0.0470959$ & $-0.0229778$ & $-0.0418053$ & $0.104316$ & $0.107857$ & $0.117444$ & $-0.070742$ & $-0.0754658$ & $-0.0782257$ & $0.0102584$ & $0.118262$ & $0.121475$ & $0.0407573$ & $-0.0290704$ & $-0.0137032$ & $0.0061999$ & $-0.1679$ & $-0.0635382$ & $0.931621$ & $-0.197906$ & $-0.07442$ & $-0.0449059$ & $-0.0315813$ & $0.0680781$ & $-0.0232413$ & $-0.0168312$ & $-0.0096064$ & $0.0426553$ & $0.0186554$ & $-0.00241236$ & $-0.081058$ & $-0.0595698$ & $0.00977531$ & $0.0194289$ & $0.0258934$ & $-0.0320808$ \\
CHWB & $0.0151664$ & $-0.117426$ & $0.00991256$ & $-0.00655536$ & $-0.0334832$ & $-0.128147$ & $-0.120775$ & $1$ & $0.984339$ & $-0.569317$ & $-0.878113$ & $0.140625$ & $0.352503$ & $0.0994494$ & $0.295533$ & $0.297927$ & $-0.253284$ & $-0.441404$ & $-0.435928$ & $0.848005$ & $0.894994$ & $0.877374$ & $0.083732$ & $-0.672656$ & $-0.404651$ & $-0.541661$ & $0.44071$ & $0.314075$ & $0.00690084$ & $0.133561$ & $0.0677532$ & $-0.112942$ & $0.135007$ & $0.574889$ & $-0.0481016$ & $0.00518224$ & $-0.0136315$ & $0.0132636$ & $-0.00577627$ & $0.00510279$ & $0.0235476$ & $0.00133712$ & $-0.0316517$ & $-0.0026187$ & $-0.0247122$ & $0.0200424$ & $0.00763283$ & $-0.0392938$ & $0.0504445$ \\
CHWHB_gaga & $0.0170817$ & $-0.103148$ & $0.0088521$ & $0.000979643$ & $-0.0336658$ & $-0.125921$ & $-0.0760945$ & $0.984339$ & $1$ & $-0.561029$ & $-0.860861$ & $0.1456$ & $0.346014$ & $0.088448$ & $0.28663$ & $0.289435$ & $-0.254588$ & $-0.438722$ & $-0.433816$ & $0.831186$ & $0.878339$ & $0.861011$ & $0.0823236$ & $-0.667213$ & $-0.401888$ & $-0.527876$ & $0.439289$ & $0.310334$ & $0.0111563$ & $0.149966$ & $0.0743373$ & $-0.0776052$ & $0.153538$ & $0.571025$ & $-0.0674999$ & $-0.00634926$ & $-0.0170882$ & $0.0164181$ & $-0.00801824$ & $0.00679745$ & $0.0209679$ & $0.00432367$ & $0.0248045$ & $-0.00726885$ & $-0.0230248$ & $0.00325505$ & $0.00732632$ & $-0.0370759$ & $0.0515064$ \\
CHWHB_gagaorth & $-0.020816$ & $0.0832402$ & $0.0252736$ & $0.00502722$ & $0.0111868$ & $0.0372406$ & $0.0740868$ & $-0.569317$ & $-0.561029$ & $1$ & $0.348192$ & $0.13618$ & $-0.262743$ & $0.238365$ & $-0.116459$ & $-0.126079$ & $0.446671$ & $0.50095$ & $0.502474$ & $-0.329918$ & $-0.363152$ & $-0.35301$ & $-0.0808195$ & $0.558537$ & $0.481195$ & $0.237841$ & $-0.25475$ & $-0.122616$ & $-0.0206882$ & $-0.151035$ & $-0.0853863$ & $0.0901291$ & $-0.151262$ & $-0.361308$ & $0.0705154$ & $0.0177086$ & $0.0155187$ & $-0.0300514$ & $-0.0179591$ & $-0.0145653$ & $-0.0585642$ & $-0.0118529$ & $-0.00759657$ & $-0.0395739$ & $-0.00666916$ & $-0.020314$ & $-0.0207106$ & $0.00620122$ & $-0.01015$ \\
CHD & $-0.0159821$ & $0.0909591$ & $-0.00807107$ & $0.00218091$ & $0.0335408$ & $0.18851$ & $0.0726759$ & $-0.878113$ & $-0.860861$ & $0.348192$ & $1$ & $0.017635$ & $-0.174277$ & $-0.516564$ & $-0.426201$ & $-0.416344$ & $-0.206997$ & $0.0696146$ & $0.0621975$ & $-0.990264$ & $-0.991784$ & $-0.971169$ & $-0.0148717$ & $0.30573$ & $0.0166771$ & $0.590656$ & $-0.311061$ & $-0.349771$ & $0.0149335$ & $-0.0904815$ & $-0.0423952$ & $0.0747297$ & $-0.0860366$ & $-0.372573$ & $0.0507933$ & $-0.00401493$ & $0.0109041$ & $-0.00966782$ & $0.000475256$ & $0.00430326$ & $-0.0178864$ & $0.0153438$ & $0.0275833$ & $0.012013$ & $0.0391487$ & $-0.021844$ & $-0.00839663$ & $0.0514179$ & $-0.0498702$ \\
CHbox & $-0.0110277$ & $0.0393523$ & $0.000387031$ & $-0.00327475$ & $-0.00664842$ & $0.0363148$ & $-0.283549$ & $0.140625$ & $0.1456$ & $0.13618$ & $0.017635$ & $1$ & $0.830737$ & $-0.285669$ & $0.0385551$ & $0.0392843$ & $-0.324334$ & $-0.323328$ & $-0.317415$ & $-0.00547898$ & $-0.0133095$ & $-0.0107962$ & $0.00685706$ & $-0.260323$ & $-0.308117$ & $0.0106998$ & $0.0259284$ & $0.00186563$ & $0.0706878$ & $0.327912$ & $0.104226$ & $-0.192739$ & $0.396849$ & $0.078817$ & $0.0770855$ & $0.0461048$ & $-0.0187549$ & $-0.0114615$ & $-0.0160571$ & $-0.0145948$ & $-0.0299956$ & $0.0178486$ & $-0.011913$ & $-0.00499845$ & $-0.00169614$ & $-0.021337$ & $0.00495043$ & $0.0065416$ & $0.000689317$ \\
CH & $-0.010243$ & $-0.00847737$ & $-0.00965988$ & $-0.00199894$ & $-0.0124918$ & $-0.0104083$ & $-0.325434$ & $0.352503$ & $0.346014$ & $-0.262743$ & $-0.174277$ & $0.830737$ & $1$ & $-0.247111$ & $0.0707719$ & $0.0789085$ & $-0.354364$ & $-0.386504$ & $-0.38502$ & $0.170625$ & $0.185398$ & $0.182693$ & $0.0423594$ & $-0.397371$ & $-0.366185$ & $-0.115039$ & $0.151852$ & $0.0666704$ & $0.058451$ & $0.273515$ & $0.112642$ & $-0.275114$ & $0.328068$ & $0.228985$ & $0.0170268$ & $0.0238755$ & $-0.0130269$ & $0.00669365$ & $-0.00408007$ & $-0.00477384$ & $-0.00326682$ & $0.0157613$ & $-0.0015023$ & $0.00784075$ & $-0.00526051$ & $-0.00296917$ & $0.0147942$ & $-0.00207495$ & $0.0024712$ \\
CHL1_11 & $-0.0103307$ & $-0.0188145$ & $0.018572$ & $0.0118842$ & $-0.00027962$ & $0.0110283$ & $0.0470959$ & $0.0994494$ & $0.088448$ & $0.238365$ & $-0.516564$ & $-0.285669$ & $-0.247111$ & $1$ & $0.288884$ & $0.2636$ & $0.666408$ & $0.598076$ & $0.60463$ & $0.535646$ & $0.478665$ & $0.465527$ & $-0.0937859$ & $0.469814$ & $0.61226$ & $-0.27468$ & $-0.0832375$ & $0.164178$ & $-0.0453594$ & $-0.0501111$ & $-0.0221269$ & $0.0295102$ & $-0.0646756$ & $-0.220509$ & $-0.0214703$ & $-0.0130602$ & $0.00359643$ & $-0.00128632$ & $0.00810923$ & $-0.029793$ & $-0.00221538$ & $-0.0405768$ & $-0.0115945$ & $-0.00891512$ & $-0.0269661$ & $0.0173512$ & $-0.00144542$ & $-0.0301842$ & $0.00400238$ \\
CHL1_22 & $-0.0180774$ & $-0.00883943$ & $-0.0306476$ & $0.00481661$ & $0.0145284$ & $-0.0967977$ & $-0.0229778$ & $0.295533$ & $0.28663$ & $-0.116459$ & $-0.426201$ & $0.0385551$ & $0.0707719$ & $0.288884$ & $1$ & $0.44418$ & $0.175533$ & $-0.426175$ & $-0.00830796$ & $0.491831$ & $0.346841$ & $0.336633$ & $-0.147184$ & $0.119665$ & $-0.10647$ & $-0.224695$ & $-0.372655$ & $0.133646$ & $0.0174064$ & $0.0639778$ & $0.0341514$ & $-0.0132149$ & $0.0415667$ & $-0.582383$ & $0.0166656$ & $0.0257331$ & $0.0336317$ & $0.0298321$ & $0.000852778$ & $-0.0158736$ & $0.0189375$ & $0.000125751$ & $0.0308758$ & $0.0255098$ & $-0.0029162$ & $-0.00188776$ & $0.0688175$ & $-0.0200348$ & $-0.00721378$ \\
CHL1_33 & $0.00300476$ & $0.00125071$ & $0.000934785$ & $0.0267506$ & $0.014208$ & $-0.077723$ & $-0.0418053$ & $0.297927$ & $0.289435$ & $-0.126079$ & $-0.416344$ & $0.0392843$ & $0.0789085$ & $0.2636$ & $0.44418$ & $1$ & $0.154794$ & $-0.0286681$ & $-0.42485$ & $0.48089$ & $0.339328$ & $0.351991$ & $-0.184191$ & $0.0949743$ & $-0.122573$ & $-0.201296$ & $-0.368704$ & $0.123619$ & $0.00226757$ & $0.0360132$ & $0.00218772$ & $-0.0301743$ & $0.0628285$ & $-0.0876769$ & $-0.0125974$ & $0.00843656$ & $-0.00502543$ & $0.0191902$ & $-0.00380375$ & $-0.000300892$ & $0.0264229$ & $0.011577$ & $0.0380687$ & $0.00208131$ & $-0.00230505$ & $0.0183246$ & $0.024816$ & $-0.00357796$ & $0.0596802$ \\
CHL3_11 & $-0.00649094$ & $0.0333846$ & $0.0131928$ & $-0.00122558$ & $0.0167225$ & $-0.247346$ & $0.104316$ & $-0.253284$ & $-0.254588$ & $0.446671$ & $-0.206997$ & $-0.324334$ & $-0.354364$ & $0.666408$ & $0.175533$ & $0.154794$ & $1$ & $0.747107$ & $0.749769$ & $0.232649$ & $0.175085$ & $0.170515$ & $-0.102951$ & $0.689142$ & $0.788212$ & $-0.084286$ & $-0.167265$ & $0.0674432$ & $-0.0420372$ & $-0.0962451$ & $-0.0571932$ & $0.0823286$ & $-0.102464$ & $-0.273888$ & $-0.00750536$ & $0.00513053$ & $0.0111471$ & $-0.00644311$ & $0.0129984$ & $-0.00337946$ & $-0.0127153$ & $-0.0228459$ & $0.00258386$ & $-0.0345931$ & $-0.0373757$ & $-0.000593797$ & $-0.00173221$ & $-0.0262555$ & $0.00805179$ \\
CHL3_22 & $0.00311199$ & $0.0328758$ & $0.0312705$ & $0.00762301$ & $0.00674483$ & $-0.0383693$ & $0.107857$ & $-0.441404$ & $-0.438722$ & $0.50095$ & $0.0696146$ & $-0.323328$ & $-0.386504$ & $0.598076$ & $-0.426175$ & $-0.0286681$ & $0.747107$ & $1$ & $0.684523$ & $-0.0691402$ & $-0.0662963$ & $-0.0629502$ & $-0.0416042$ & $0.628912$ & $0.799621$ & $0.0682487$ & $-0.0241638$ & $-0.0266809$ & $-0.054632$ & $-0.127167$ & $-0.0722187$ & $0.0841492$ & $-0.120615$ & $0.00248132$ & $-0.0112403$ & $-0.0209009$ & $-0.0159243$ & $-0.0268386$ & $0.0109497$ & $-0.00572468$ & $-0.0246329$ & $-0.0296919$ & $-0.0138977$ & $-0.0360233$ & $-0.0213085$ & $0.0075764$ & $-0.0422265$ & $-0.00785082$ & $0.00715311$ \\
CHL3_33 & $-0.0065615$ & $0.0239032$ & $0.00893163$ & $-0.00661956$ & $0.00695885$ & $-0.0548921$ & $0.117444$ & $-0.435928$ & $-0.433816$ & $0.502474$ & $0.0621975$ & $-0.317415$ & $-0.38502$ & $0.60463$ & $-0.00830796$ & $-0.42485$ & $0.749769$ & $0.684523$ & $1$ & $-0.0619018$ & $-0.0587125$ & $-0.0522827$ & $-0.00703823$ & $0.631012$ & $0.804426$ & $0.0487239$ & $-0.0157079$ & $-0.0252208$ & $-0.0458315$ & $-0.10547$ & $-0.0451171$ & $0.0918713$ & $-0.134912$ & $-0.366063$ & $0.00504076$ & $-0.00443207$ & $0.0116215$ & $-0.0170894$ & $0.0116116$ & $-0.0145392$ & $-0.0312369$ & $-0.0363386$ & $-0.0144445$ & $-0.0204917$ & $-0.0279314$ & $-0.00887558$ & $-0.00618059$ & $-0.0218845$ & $-0.0382066$ \\
CHe_11 & $0.00753327$ & $-0.0649836$ & $0.0113698$ & $0.00197979$ & $-0.0209151$ & $-0.18756$ & $-0.070742$ & $0.848005$ & $0.831186$ & $-0.329918$ & $-0.990264$ & $-0.00547898$ & $0.170625$ & $0.535646$ & $0.491831$ & $0.48089$ & $0.232649$ & $-0.0691402$ & $-0.0619018$ & $1$ & $0.973574$ & $0.953326$ & $-0.0130347$ & $-0.250294$ & $-0.00710528$ & $-0.578616$ & $0.23534$ & $0.345267$ & $-0.0157088$ & $0.095544$ & $0.0418097$ & $-0.0704009$ & $0.0904474$ & $0.293096$ & $-0.0433403$ & $0.00180537$ & $-0.0125786$ & $0.00964256$ & $-0.00244349$ & $-0.00528445$ & $0.0178744$ & $-0.0149719$ & $-0.0196574$ & $-0.0123109$ & $-0.0334791$ & $0.0176907$ & $0.0124266$ & $-0.0492889$ & $0.0502163$ \\
CHe_22 & $0.00947338$ & $-0.0735147$ & $0.0163681$ & $-0.00501516$ & $-0.028108$ & $-0.190181$ & $-0.0754658$ & $0.894994$ & $0.878339$ & $-0.363152$ & $-0.991784$ & $-0.0133095$ & $0.185398$ & $0.478665$ & $0.346841$ & $0.339328$ & $0.175085$ & $-0.0662963$ & $-0.0587125$ & $0.973574$ & $1$ & $0.976397$ & $0.0408581$ & $-0.359016$ & $-0.0232566$ & $-0.591921$ & $0.387525$ & $0.349809$ & $-0.0155756$ & $0.0916055$ & $0.0451605$ & $-0.0786522$ & $0.0858448$ & $0.454073$ & $-0.0540428$ & $0.00113147$ & $-0.0132704$ & $0.00932787$ & $-0.00292893$ & $-0.00379546$ & $0.0180291$ & $-0.0153128$ & $-0.0282862$ & $-0.0182086$ & $-0.0393426$ & $0.0202976$ & $0.0018631$ & $-0.0519763$ & $0.0479233$ \\
CHe_33 & $0.0152048$ & $-0.0716097$ & $0.0219041$ & $0.000895811$ & $-0.0236799$ & $-0.190103$ & $-0.0782257$ & $0.877374$ & $0.861011$ & $-0.35301$ & $-0.971169$ & $-0.0107962$ & $0.182693$ & $0.465527$ & $0.336633$ & $0.351991$ & $0.170515$ & $-0.0629502$ & $-0.0522827$ & $0.953326$ & $0.976397$ & $1$ & $0.0417657$ & $-0.353464$ & $-0.0211088$ & $-0.577684$ & $0.384758$ & $0.340685$ & $-0.0216948$ & $0.0904537$ & $0.0408253$ & $-0.0816204$ & $0.0838161$ & $0.450529$ & $-0.0568531$ & $0.00317745$ & $-0.0169191$ & $0.00936883$ & $-0.00390559$ & $0.00351499$ & $0.0175596$ & $-0.0174739$ & $-0.0234248$ & $-0.0194449$ & $-0.0417299$ & $0.0187364$ & $-0.0027364$ & $-0.0559832$ & $0.05301$ \\
CHQ1_11 & $0.0175591$ & $-0.0422174$ & $0.0179629$ & $-0.00890596$ & $-0.0320085$ & $-0.028249$ & $0.0102584$ & $0.083732$ & $0.0823236$ & $-0.0808195$ & $-0.0148717$ & $0.00685706$ & $0.0423594$ & $-0.0937859$ & $-0.147184$ & $-0.184191$ & $-0.102951$ & $-0.0416042$ & $-0.00703823$ & $-0.0130347$ & $0.0408581$ & $0.0417657$ & $1$ & $-0.16395$ & $0.0636088$ & $-0.654583$ & $0.377391$ & $0.010457$ & $-0.000331508$ & $0.0143044$ & $-0.0138973$ & $0.00320611$ & $-0.0122822$ & $0.188443$ & $-0.0396073$ & $-0.0174355$ & $-0.0252851$ & $-0.022282$ & $0.0262998$ & $0.00566622$ & $-0.0130242$ & $0.0329181$ & $-0.0805256$ & $0.00389617$ & $-0.00103165$ & $0.0524899$ & $-0.0106591$ & $-0.0110234$ & $0.015918$ \\
CHQ1_33 & $-0.0697935$ & $0.0595959$ & $0.00160195$ & $0.0144654$ & $0.0289069$ & $0.00975646$ & $0.118262$ & $-0.672656$ & $-0.667213$ & $0.558537$ & $0.30573$ & $-0.260323$ & $-0.397371$ & $0.469814$ & $0.119665$ & $0.0949743$ & $0.689142$ & $0.628912$ & $0.631012$ & $-0.250294$ & $-0.359016$ & $-0.353464$ & $-0.16395$ & $1$ & $0.651098$ & $0.233607$ & $-0.429569$ & $-0.0233927$ & $-0.0450629$ & $-0.124156$ & $-0.0659722$ & $0.106593$ & $-0.128217$ & $-0.644987$ & $0.0279723$ & $0.0211457$ & $0.016109$ & $0.00824856$ & $0.00400642$ & $-0.00354612$ & $-0.0173633$ & $-0.00775305$ & $0.0210163$ & $-0.0315682$ & $-0.00376196$ & $0.00033576$ & $0.00544276$ & $-0.0148026$ & $-0.0130628$ \\
CHQ3_11 & $-0.0947979$ & $0.045596$ & $0.0272469$ & $0.00384916$ & $0.00688899$ & $-0.086056$ & $0.121475$ & $-0.404651$ & $-0.401888$ & $0.481195$ & $0.0166771$ & $-0.308117$ & $-0.366185$ & $0.61226$ & $-0.10647$ & $-0.122573$ & $0.788212$ & $0.799621$ & $0.804426$ & $-0.00710528$ & $-0.0232566$ & $-0.0211088$ & $0.0636088$ & $0.651098$ & $1$ & $0.0236888$ & $0.185599$ & $-0.0122824$ & $-0.0428574$ & $-0.106867$ & $-0.0344572$ & $0.0942781$ & $-0.113077$ & $-0.229996$ & $-0.0183316$ & $-0.0178159$ & $-0.00577008$ & $-0.01184$ & $0.00415801$ & $0.00687671$ & $0.00110081$ & $-0.0378608$ & $-0.0153547$ & $-0.0396443$ & $-0.0299331$ & $0.016077$ & $-0.0109012$ & $-0.0261879$ & $-0.000660673$ \\
CHu_11 & $-0.0400544$ & $0.0742013$ & $-0.0220127$ & $-0.00703621$ & $0.0375366$ & $0.118654$ & $0.0407573$ & $-0.541661$ & $-0.527876$ & $0.237841$ & $0.590656$ & $0.0106998$ & $-0.115039$ & $-0.27468$ & $-0.224695$ & $-0.201296$ & $-0.084286$ & $0.0682487$ & $0.0487239$ & $-0.578616$ & $-0.591921$ & $-0.577684$ & $-0.654583$ & $0.233607$ & $0.0236888$ & $1$ & $-0.215691$ & $-0.203677$ & $0.00400907$ & $-0.0738118$ & $-0.00191263$ & $0.0393432$ & $-0.0478137$ & $-0.259089$ & $0.0441853$ & $0.0121335$ & $0.0229363$ & $0.00569379$ & $-0.0104536$ & $0.00330194$ & $-0.00605378$ & $-0.017061$ & $0.0682245$ & $0.00483879$ & $0.0215189$ & $-0.0454786$ & $-0.0139318$ & $0.0143679$ & $-0.036745$ \\
CHd_11 & $0.0014735$ & $-0.0385949$ & $0.0317952$ & $-0.0245444$ & $-0.0341636$ & $-0.0843375$ & $-0.0290704$ & $0.44071$ & $0.439289$ & $-0.25475$ & $-0.311061$ & $0.0259284$ & $0.151852$ & $-0.0832375$ & $-0.372655$ & $-0.368704$ & $-0.167265$ & $-0.0241638$ & $-0.0157079$ & $0.23534$ & $0.387525$ & $0.384758$ & $0.377391$ & $-0.429569$ & $0.185599$ & $-0.215691$ & $1$ & $0.11622$ & $-0.0136812$ & $0.0477203$ & $0.0474488$ & $-0.0419101$ & $0.0513559$ & $0.677273$ & $-0.0761089$ & $-0.014991$ & $-0.0442468$ & $0.00196183$ & $-0.000367659$ & $0.0286956$ & $0.0172032$ & $-0.00987108$ & $-0.0626186$ & $-0.0316019$ & $-0.0377804$ & $0.024428$ & $-0.0547182$ & $-0.0472949$ & $0.0380691$ \\
CHd_33 & $0.028526$ & $-0.0286319$ & $-0.00678002$ & $-0.00449503$ & $0.0100285$ & $-0.0586913$ & $-0.0137032$ & $0.314075$ & $0.310334$ & $-0.122616$ & $-0.349771$ & $0.00186563$ & $0.0666704$ & $0.164178$ & $0.133646$ & $0.123619$ & $0.0674432$ & $-0.0266809$ & $-0.0252208$ & $0.345267$ & $0.349809$ & $0.340685$ & $0.010457$ & $-0.0233927$ & $-0.0122824$ & $-0.203677$ & $0.11622$ & $1$ & $-0.0275593$ & $0.0325985$ & $-0.00844044$ & $-0.0157929$ & $0.0335397$ & $0.152151$ & $-0.0323783$ & $0.0491779$ & $0.0210283$ & $-0.0026439$ & $-0.0213784$ & $0.00193149$ & $-0.000858394$ & $0.00186384$ & $-0.0330349$ & $-0.00687609$ & $-0.0179633$ & $0.0028064$ & $-0.0356414$ & $-0.0359287$ & $0.0386416$ \\
CeH_22r & $-0.0126576$ & $0.00922545$ & $-0.0432048$ & $0.00148558$ & $-0.0152597$ & $0.00216075$ & $0.0061999$ & $0.00690084$ & $0.0111563$ & $-0.0206882$ & $0.0149335$ & $0.0706878$ & $0.058451$ & $-0.0453594$ & $0.0174064$ & $0.00226757$ & $-0.0420372$ & $-0.054632$ & $-0.0458315$ & $-0.0157088$ & $-0.0155756$ & $-0.0216948$ & $-0.000331508$ & $-0.0450629$ & $-0.0428574$ & $0.00400907$ & $-0.0136812$ & $-0.0275593$ & $1$ & $0.0582701$ & $0.0165136$ & $-0.00431597$ & $0.0414482$ & $-0.00668379$ & $0.0164666$ & $0.0189906$ & $0.039887$ & $0.000723049$ & $0.0143657$ & $0.0228705$ & $-0.00848951$ & $0.00671787$ & $0.0310781$ & $0.00279659$ & $0.0277394$ & $-0.00268206$ & $0.0283806$ & $0.0118614$ & $-0.0180704$ \\
CeH_33r & $0.0676162$ & $0.0314143$ & $-0.00282675$ & $0.0274185$ & $0.0230781$ & $-0.00877481$ & $-0.1679$ & $0.133561$ & $0.149966$ & $-0.151035$ & $-0.0904815$ & $0.327912$ & $0.273515$ & $-0.0501111$ & $0.0639778$ & $0.0360132$ & $-0.0962451$ & $-0.127167$ & $-0.10547$ & $0.095544$ & $0.0916055$ & $0.0904537$ & $0.0143044$ & $-0.124156$ & $-0.106867$ & $-0.0738118$ & $0.0477203$ & $0.0325985$ & $0.0582701$ & $1$ & $0.307397$ & $-0.019367$ & $0.661834$ & $0.0549504$ & $-0.0706391$ & $-0.0511661$ & $-0.200259$ & $-0.0123356$ & $-0.0105341$ & $0.00392052$ & $0.0024238$ & $-0.0206149$ & $-0.0486887$ & $0.0716935$ & $0.0794989$ & $-0.028913$ & $-0.0172709$ & $0.00537732$ & $-0.00433126$ \\
CuH_22r & $-0.0554986$ & $-0.0246425$ & $-0.0539468$ & $0.0348926$ & $0.0153737$ & $0.0077882$ & $-0.0635382$ & $0.0677532$ & $0.0743373$ & $-0.0853863$ & $-0.0423952$ & $0.104226$ & $0.112642$ & $-0.0221269$ & $0.0341514$ & $0.00218772$ & $-0.0571932$ & $-0.0722187$ & $-0.0451171$ & $0.0418097$ & $0.0451605$ & $0.0408253$ & $-0.0138973$ & $-0.0659722$ & $-0.0344572$ & $-0.00191263$ & $0.0474488$ & $-0.00844044$ & $0.0165136$ & $0.307397$ & $1$ & $0.0328912$ & $0.338836$ & $0.0203838$ & $0.00972439$ & $-0.0932423$ & $-0.0898649$ & $0.00680086$ & $-0.0312813$ & $0.028665$ & $-0.0136816$ & $-0.0204614$ & $0.00715791$ & $-0.0337564$ & $-0.0741432$ & $0.118004$ & $0.305821$ & $-0.0249779$ & $-0.0244066$ \\
CuH_33r & $-0.00625548$ & $0.000370704$ & $0.00763215$ & $0.00938345$ & $0.00616415$ & $-0.00882309$ & $0.931621$ & $-0.112942$ & $-0.0776052$ & $0.0901291$ & $0.0747297$ & $-0.192739$ & $-0.275114$ & $0.0295102$ & $-0.0132149$ & $-0.0301743$ & $0.0823286$ & $0.0841492$ & $0.0918713$ & $-0.0704009$ & $-0.0786522$ & $-0.0816204$ & $0.00320611$ & $0.106593$ & $0.0942781$ & $0.0393432$ & $-0.0419101$ & $-0.0157929$ & $-0.00431597$ & $-0.019367$ & $0.0328912$ & $1$ & $-0.00690268$ & $-0.0764022$ & $0.0254132$ & $-0.00216899$ & $0.0290671$ & $-0.0362598$ & $-0.00962502$ & $-0.0172773$ & $0.0255786$ & $0.0111771$ & $-0.00170703$ & $-0.0663397$ & $-0.0665675$ & $0.0129817$ & $0.0367574$ & $0.0301964$ & $-0.0313422$ \\
CdH_33r & $0.0522217$ & $0.0301614$ & $0.0367912$ & $0.0187194$ & $0.000282287$ & $-0.00063639$ & $-0.197906$ & $0.135007$ & $0.153538$ & $-0.151262$ & $-0.0860366$ & $0.396849$ & $0.328068$ & $-0.0646756$ & $0.0415667$ & $0.0628285$ & $-0.102464$ & $-0.120615$ & $-0.134912$ & $0.0904474$ & $0.0858448$ & $0.0838161$ & $-0.0122822$ & $-0.128217$ & $-0.113077$ & $-0.0478137$ & $0.0513559$ & $0.0335397$ & $0.0414482$ & $0.661834$ & $0.338836$ & $-0.00690268$ & $1$ & $0.0789267$ & $-0.0621004$ & $-0.0284703$ & $-0.258735$ & $-0.0108672$ & $-0.0472584$ & $0.0213216$ & $-0.0507267$ & $-0.0191012$ & $-0.0279655$ & $-0.00645582$ & $0.0554384$ & $-0.0280015$ & $-0.0193073$ & $0.103244$ & $0.406833$ \\
CLL_1221 & $0.0258933$ & $-0.030745$ & $0.0330141$ & $-0.0140285$ & $-0.039064$ & $-0.106019$ & $-0.07442$ & $0.574889$ & $0.571025$ & $-0.361308$ & $-0.372573$ & $0.078817$ & $0.228985$ & $-0.220509$ & $-0.582383$ & $-0.0876769$ & $-0.273888$ & $0.00248132$ & $-0.366063$ & $0.293096$ & $0.454073$ & $0.450529$ & $0.188443$ & $-0.644987$ & $-0.229996$ & $-0.259089$ & $0.677273$ & $0.152151$ & $-0.00668379$ & $0.0549504$ & $0.0203838$ & $-0.0764022$ & $0.0789267$ & $1$ & $-0.0519325$ & $-0.0187515$ & $-0.0400897$ & $-0.00782483$ & $-0.00997877$ & $0.0236127$ & $0.00707666$ & $0.00324317$ & $-0.0397015$ & $-0.0309365$ & $-0.0177428$ & $0.01142$ & $-0.0593155$ & $-0.0147141$ & $0.0557923$ \\
eHggint & $-0.130866$ & $0.0158925$ & $-0.0748486$ & $-0.0832235$ & $0.0211283$ & $0.00702657$ & $-0.0449059$ & $-0.0481016$ & $-0.0674999$ & $0.0705154$ & $0.0507933$ & $0.0770855$ & $0.0170268$ & $-0.0214703$ & $0.0166656$ & $-0.0125974$ & $-0.00750536$ & $-0.0112403$ & $0.00504076$ & $-0.0433403$ & $-0.0540428$ & $-0.0568531$ & $-0.0396073$ & $0.0279723$ & $-0.0183316$ & $0.0441853$ & $-0.0761089$ & $-0.0323783$ & $0.0164666$ & $-0.0706391$ & $0.00972439$ & $0.0254132$ & $-0.0621004$ & $-0.0519325$ & $1$ & $-0.0547203$ & $-0.0254329$ & $-0.0215316$ & $-0.0932267$ & $-0.0502783$ & $-0.0748839$ & $-0.0167671$ & $0.0175694$ & $0.0892778$ & $-0.0608401$ & $-0.0106565$ & $0.196444$ & $-0.00586374$ & $-0.0365801$ \\
eHggpar & $0.000763174$ & $-0.0879568$ & $0.00549281$ & $-0.0457745$ & $0.00245952$ & $0.00936911$ & $-0.0315813$ & $0.00518224$ & $-0.00634926$ & $0.0177086$ & $-0.00401493$ & $0.0461048$ & $0.0238755$ & $-0.0130602$ & $0.0257331$ & $0.00843656$ & $0.00513053$ & $-0.0209009$ & $-0.00443207$ & $0.00180537$ & $0.00113147$ & $0.00317745$ & $-0.0174355$ & $0.0211457$ & $-0.0178159$ & $0.0121335$ & $-0.014991$ & $0.0491779$ & $0.0189906$ & $-0.0511661$ & $-0.0932423$ & $-0.00216899$ & $-0.0284703$ & $-0.0187515$ & $-0.0547203$ & $1$ & $0.190279$ & $-0.0410362$ & $0.0810329$ & $0.0151381$ & $-0.0545392$ & $0.0514693$ & $0.0854017$ & $-0.0317504$ & $-0.0585414$ & $-0.0451091$ & $-0.156982$ & $-0.0467521$ & $0.048389$ \\
eHWWint & $-0.0958596$ & $-0.0593717$ & $0.012812$ & $0.00841727$ & $0.00886841$ & $-0.00570207$ & $0.0680781$ & $-0.0136315$ & $-0.0170882$ & $0.0155187$ & $0.0109041$ & $-0.0187549$ & $-0.0130269$ & $0.00359643$ & $0.0336317$ & $-0.00502543$ & $0.0111471$ & $-0.0159243$ & $0.0116215$ & $-0.0125786$ & $-0.0132704$ & $-0.0169191$ & $-0.0252851$ & $0.016109$ & $-0.00577008$ & $0.0229363$ & $-0.0442468$ & $0.0210283$ & $0.039887$ & $-0.200259$ & $-0.0898649$ & $0.0290671$ & $-0.258735$ & $-0.0400897$ & $-0.0254329$ & $0.190279$ & $1$ & $-0.0124775$ & $0.122073$ & $0.0033992$ & $0.147335$ & $0.0563035$ & $0.0986548$ & $-0.0337147$ & $-0.0598354$ & $0.0578666$ & $0.0763349$ & $-0.0350117$ & $-0.0737135$ \\
eHWWpar & $-0.000661928$ & $0.0518712$ & $-0.0225586$ & $-0.0312178$ & $-0.0222414$ & $-0.012546$ & $-0.0232413$ & $0.0132636$ & $0.0164181$ & $-0.0300514$ & $-0.00966782$ & $-0.0114615$ & $0.00669365$ & $-0.00128632$ & $0.0298321$ & $0.0191902$ & $-0.00644311$ & $-0.0268386$ & $-0.0170894$ & $0.00964256$ & $0.00932787$ & $0.00936883$ & $-0.022282$ & $0.00824856$ & $-0.01184$ & $0.00569379$ & $0.00196183$ & $-0.0026439$ & $0.000723049$ & $-0.0123356$ & $0.00680086$ & $-0.0362598$ & $-0.0108672$ & $-0.00782483$ & $-0.0215316$ & $-0.0410362$ & $-0.0124775$ & $1$ & $-0.0154987$ & $-0.00175974$ & $0.0265085$ & $0.000185566$ & $0.0419462$ & $0.0230932$ & $-0.00434829$ & $0.0278486$ & $0.00718364$ & $0.02721$ & $-0.0121224$ \\
eHZZint & $0.0967469$ & $-0.0974127$ & $0.10415$ & $-0.00259606$ & $-0.0138618$ & $-0.0247205$ & $-0.0168312$ & $-0.00577627$ & $-0.00801824$ & $-0.0179591$ & $0.000475256$ & $-0.0160571$ & $-0.00408007$ & $0.00810923$ & $0.000852778$ & $-0.00380375$ & $0.0129984$ & $0.0109497$ & $0.0116116$ & $-0.00244349$ & $-0.00292893$ & $-0.00390559$ & $0.0262998$ & $0.00400642$ & $0.00415801$ & $-0.0104536$ & $-0.000367659$ & $-0.0213784$ & $0.0143657$ & $-0.0105341$ & $-0.0312813$ & $-0.00962502$ & $-0.0472584$ & $-0.00997877$ & $-0.0932267$ & $0.0810329$ & $0.122073$ & $-0.0154987$ & $1$ & $-0.0101367$ & $0.00581144$ & $0.0304521$ & $0.0513256$ & $0.0595975$ & $0.0760801$ & $0.108464$ & $-0.0709132$ & $0.0605461$ & $-0.0761285$ \\
eHZZpar & $-0.0634735$ & $-0.0214079$ & $0.0320508$ & $0.0307128$ & $-0.00201769$ & $0.00239017$ & $-0.0096064$ & $0.00510279$ & $0.00679745$ & $-0.0145653$ & $0.00430326$ & $-0.0145948$ & $-0.00477384$ & $-0.029793$ & $-0.0158736$ & $-0.000300892$ & $-0.00337946$ & $-0.00572468$ & $-0.0145392$ & $-0.00528445$ & $-0.00379546$ & $0.00351499$ & $0.00566622$ & $-0.00354612$ & $0.00687671$ & $0.00330194$ & $0.0286956$ & $0.00193149$ & $0.0228705$ & $0.00392052$ & $0.028665$ & $-0.0172773$ & $0.0213216$ & $0.0236127$ & $-0.0502783$ & $0.0151381$ & $0.0033992$ & $-0.00175974$ & $-0.0101367$ & $1$ & $-0.0109455$ & $0.00480293$ & $-0.0308778$ & $-0.0212202$ & $-0.016159$ & $-0.0316967$ & $0.0212815$ & $0.0137013$ & $0.0486021$ \\
eHZgaint & $-0.0597579$ & $0.0527283$ & $0.0464753$ & $-0.0233922$ & $-0.0294116$ & $0.0156718$ & $0.0426553$ & $0.0235476$ & $0.0209679$ & $-0.0585642$ & $-0.0178864$ & $-0.0299956$ & $-0.00326682$ & $-0.00221538$ & $0.0189375$ & $0.0264229$ & $-0.0127153$ & $-0.0246329$ & $-0.0312369$ & $0.0178744$ & $0.0180291$ & $0.0175596$ & $-0.0130242$ & $-0.0173633$ & $0.00110081$ & $-0.00605378$ & $0.0172032$ & $-0.000858394$ & $-0.00848951$ & $0.0024238$ & $-0.0136816$ & $0.0255786$ & $-0.0507267$ & $0.00707666$ & $-0.0748839$ & $-0.0545392$ & $0.147335$ & $0.0265085$ & $0.00581144$ & $-0.0109455$ & $1$ & $0.0213132$ & $-0.107994$ & $-0.0534466$ & $-0.0304745$ & $0.0525184$ & $-0.0236747$ & $0.0121298$ & $-0.117143$ \\
eHZgapar & $0.0128268$ & $-0.0414991$ & $0.0259894$ & $-0.0410037$ & $0.0443864$ & $-0.0014066$ & $0.0186554$ & $0.00133712$ & $0.00432367$ & $-0.0118529$ & $0.0153438$ & $0.0178486$ & $0.0157613$ & $-0.0405768$ & $0.000125751$ & $0.011577$ & $-0.0228459$ & $-0.0296919$ & $-0.0363386$ & $-0.0149719$ & $-0.0153128$ & $-0.0174739$ & $0.0329181$ & $-0.00775305$ & $-0.0378608$ & $-0.017061$ & $-0.00987108$ & $0.00186384$ & $0.00671787$ & $-0.0206149$ & $-0.0204614$ & $0.0111771$ & $-0.0191012$ & $0.00324317$ & $-0.0167671$ & $0.0514693$ & $0.0563035$ & $0.000185566$ & $0.0304521$ & $0.00480293$ & $0.0213132$ & $1$ & $-0.0502688$ & $0.0183945$ & $-0.011511$ & $-0.00166992$ & $-0.0061615$ & $0.0135737$ & $-0.00845112$ \\
eHgagaint & $-0.0623568$ & $0.156523$ & $-0.00163171$ & $0.0528378$ & $-0.030228$ & $-0.0156937$ & $-0.00241236$ & $-0.0316517$ & $0.0248045$ & $-0.00759657$ & $0.0275833$ & $-0.011913$ & $-0.0015023$ & $-0.0115945$ & $0.0308758$ & $0.0380687$ & $0.00258386$ & $-0.0138977$ & $-0.0144445$ & $-0.0196574$ & $-0.0282862$ & $-0.0234248$ & $-0.0805256$ & $0.0210163$ & $-0.0153547$ & $0.0682245$ & $-0.0626186$ & $-0.0330349$ & $0.0310781$ & $-0.0486887$ & $0.00715791$ & $-0.00170703$ & $-0.0279655$ & $-0.0397015$ & $0.0175694$ & $0.0854017$ & $0.0986548$ & $0.0419462$ & $0.0513256$ & $-0.0308778$ & $-0.107994$ & $-0.0502688$ & $1$ & $0.0504551$ & $0.0185727$ & $-0.120601$ & $0.110216$ & $0.0340365$ & $0.0033687$ \\
eHmumuint & $0.105358$ & $-0.0219671$ & $-0.0894267$ & $-0.116952$ & $-0.0123104$ & $0.00167346$ & $-0.081058$ & $-0.0026187$ & $-0.00726885$ & $-0.0395739$ & $0.012013$ & $-0.00499845$ & $0.00784075$ & $-0.00891512$ & $0.0255098$ & $0.00208131$ & $-0.0345931$ & $-0.0360233$ & $-0.0204917$ & $-0.0123109$ & $-0.0182086$ & $-0.0194449$ & $0.00389617$ & $-0.0315682$ & $-0.0396443$ & $0.00483879$ & $-0.0316019$ & $-0.00687609$ & $0.00279659$ & $0.0716935$ & $-0.0337564$ & $-0.0663397$ & $-0.00645582$ & $-0.0309365$ & $0.0892778$ & $-0.0317504$ & $-0.0337147$ & $0.0230932$ & $0.0595975$ & $-0.0212202$ & $-0.0534466$ & $0.0183945$ & $0.0504551$ & $1$ & $0.156032$ & $-0.0907973$ & $-0.0985848$ & $-0.0158561$ & $-0.0467272$ \\
eHtautauint & $-0.0783132$ & $0.0591608$ & $0.0525771$ & $0.104582$ & $-0.0277343$ & $0.0695173$ & $-0.0595698$ & $-0.0247122$ & $-0.0230248$ & $-0.00666916$ & $0.0391487$ & $-0.00169614$ & $-0.00526051$ & $-0.0269661$ & $-0.0029162$ & $-0.00230505$ & $-0.0373757$ & $-0.0213085$ & $-0.0279314$ & $-0.0334791$ & $-0.0393426$ & $-0.0417299$ & $-0.00103165$ & $-0.00376196$ & $-0.0299331$ & $0.0215189$ & $-0.0377804$ & $-0.0179633$ & $0.0277394$ & $0.0794989$ & $-0.0741432$ & $-0.0665675$ & $0.0554384$ & $-0.0177428$ & $-0.0608401$ & $-0.0585414$ & $-0.0598354$ & $-0.00434829$ & $0.0760801$ & $-0.016159$ & $-0.0304745$ & $-0.011511$ & $0.0185727$ & $0.156032$ & $1$ & $-0.105674$ & $-0.0813036$ & $0.20672$ & $0.0425782$ \\
eHccint & $-0.0642632$ & $-0.0862597$ & $-0.0362562$ & $0.0993187$ & $0.0302914$ & $-0.00496716$ & $0.00977531$ & $0.0200424$ & $0.00325505$ & $-0.020314$ & $-0.021844$ & $-0.021337$ & $-0.00296917$ & $0.0173512$ & $-0.00188776$ & $0.0183246$ & $-0.000593797$ & $0.0075764$ & $-0.00887558$ & $0.0176907$ & $0.0202976$ & $0.0187364$ & $0.0524899$ & $0.00033576$ & $0.016077$ & $-0.0454786$ & $0.024428$ & $0.0028064$ & $-0.00268206$ & $-0.028913$ & $0.118004$ & $0.0129817$ & $-0.0280015$ & $0.01142$ & $-0.0106565$ & $-0.0451091$ & $0.0578666$ & $0.0278486$ & $0.108464$ & $-0.0316967$ & $0.0525184$ & $-0.00166992$ & $-0.120601$ & $-0.0907973$ & $-0.105674$ & $1$ & $0.175644$ & $0.111534$ & $-0.0761752$ \\
eHccpar & $-0.174501$ & $-0.123139$ & $-0.209872$ & $0.065567$ & $0.00973405$ & $-0.035277$ & $0.0194289$ & $0.00763283$ & $0.00732632$ & $-0.0207106$ & $-0.00839663$ & $0.00495043$ & $0.0147942$ & $-0.00144542$ & $0.0688175$ & $0.024816$ & $-0.00173221$ & $-0.0422265$ & $-0.00618059$ & $0.0124266$ & $0.0018631$ & $-0.0027364$ & $-0.0106591$ & $0.00544276$ & $-0.0109012$ & $-0.0139318$ & $-0.0547182$ & $-0.0356414$ & $0.0283806$ & $-0.0172709$ & $0.305821$ & $0.0367574$ & $-0.0193073$ & $-0.0593155$ & $0.196444$ & $-0.156982$ & $0.0763349$ & $0.00718364$ & $-0.0709132$ & $0.0212815$ & $-0.0236747$ & $-0.0061615$ & $0.110216$ & $-0.0985848$ & $-0.0813036$ & $0.175644$ & $1$ & $-0.0137848$ & $-0.0162343$ \\
eHbbint & $0.0140575$ & $0.045027$ & $0.0373775$ & $-0.043797$ & $0.00236058$ & $0.0264647$ & $0.0258934$ & $-0.0392938$ & $-0.0370759$ & $0.00620122$ & $0.0514179$ & $0.0065416$ & $-0.00207495$ & $-0.0301842$ & $-0.0200348$ & $-0.00357796$ & $-0.0262555$ & $-0.00785082$ & $-0.0218845$ & $-0.0492889$ & $-0.0519763$ & $-0.0559832$ & $-0.0110234$ & $-0.0148026$ & $-0.0261879$ & $0.0143679$ & $-0.0472949$ & $-0.0359287$ & $0.0118614$ & $0.00537732$ & $-0.0249779$ & $0.0301964$ & $0.103244$ & $-0.0147141$ & $-0.00586374$ & $-0.0467521$ & $-0.0350117$ & $0.02721$ & $0.0605461$ & $0.0137013$ & $0.0121298$ & $0.0135737$ & $0.0340365$ & $-0.0158561$ & $0.20672$ & $0.111534$ & $-0.0137848$ & $1$ & $-0.101809$ \\
eHbbpar & $0.00718884$ & $-0.00943832$ & $0.0764898$ & $-0.00503459$ & $-0.0207814$ & $-0.0292306$ & $-0.0320808$ & $0.0504445$ & $0.0515064$ & $-0.01015$ & $-0.0498702$ & $0.000689317$ & $0.0024712$ & $0.00400238$ & $-0.00721378$ & $0.0596802$ & $0.00805179$ & $0.00715311$ & $-0.0382066$ & $0.0502163$ & $0.0479233$ & $0.05301$ & $0.015918$ & $-0.0130628$ & $-0.000660673$ & $-0.036745$ & $0.0380691$ & $0.0386416$ & $-0.0180704$ & $-0.00433126$ & $-0.0244066$ & $-0.0313422$ & $0.406833$ & $0.0557923$ & $-0.0365801$ & $0.048389$ & $-0.0737135$ & $-0.0121224$ & $-0.0761285$ & $0.0486021$ & $-0.117143$ & $-0.00845112$ & $0.0033687$ & $-0.0467272$ & $0.0425782$ & $-0.0761752$ & $-0.0162343$ & $-0.101809$ & $1$ \\
