 & AlsMz & dAle5Mz & mtop & mHl & Mz & CW & CHG & CHWB & CHWHB_gaga & CHWHB_gagaorth & CHD & CHbox & CHL1_11 & CHL1_22 & CHL1_33 & CHL3_11 & CHL3_22 & CHL3_33 & CHe_11 & CHe_22 & CHe_33 & CHQ1_11 & CHQ1_33 & CHQ3_11 & CHu_11 & CHd_11 & CHd_33 & CeH_22r & CeH_33r & CuH_22r & CuH_33r & CdH_33r & CLL_1221 & eHggint & eHggpar & eHWWint & eHWWpar & eHZZint & eHZZpar & eHZgaint & eHZgapar & eHgagaint & eHmumuint & eHtautauint & eHccint & eHccpar & eHbbint & eHbbpar \\
AlsMz & $1$ & $-0.126375$ & $0.0807965$ & $-0.399123$ & $0.0563189$ & $-0.00159719$ & $0.0630097$ & $0.0194775$ & $0.010298$ & $-0.0237242$ & $0.012553$ & $0.0238536$ & $-0.0553459$ & $-0.0201994$ & $0.00191496$ & $-0.0572671$ & $-0.0497003$ & $-0.0682682$ & $-0.015578$ & $-0.0121059$ & $-0.0150925$ & $0.0387894$ & $-0.0654029$ & $-0.0567755$ & $-0.0223498$ & $0.0393729$ & $-0.0308318$ & $0.0088256$ & $0.0122194$ & $0.0419021$ & $0.0758324$ & $0.00384359$ & $0.0358868$ & $0.415605$ & $-0.182393$ & $0.0835546$ & $-0.0820338$ & $-0.382667$ & $-0.0545607$ & $-0.462623$ & $0.0773027$ & $-0.332933$ & $0.373517$ & $-0.26232$ & $0.106028$ & $0.00916768$ & $-0.342118$ & $-0.0392286$ \\
dAle5Mz & $-0.126375$ & $1$ & $-0.330047$ & $-0.152024$ & $0.0253301$ & $0.00117635$ & $-0.0427382$ & $-0.0107584$ & $-0.0116045$ & $0.0516061$ & $0.0052175$ & $0.023201$ & $0.00690552$ & $0.0174933$ & $-0.00971757$ & $0.00463186$ & $-0.00493009$ & $0.0133271$ & $-0.00171078$ & $-0.0045751$ & $0.00241815$ & $-0.0183018$ & $0.0121944$ & $0.0107416$ & $0.00787829$ & $0.000642616$ & $0.0105432$ & $-0.0521858$ & $-0.0120049$ & $0.0552361$ & $-0.0520565$ & $-0.059149$ & $-0.0124047$ & $-0.138053$ & $0.270833$ & $0.248301$ & $0.0425426$ & $0.121395$ & $0.0491158$ & $-0.227449$ & $0.0573581$ & $-0.0281542$ & $-0.0596292$ & $-0.0227129$ & $0.319779$ & $0.0838744$ & $0.237559$ & $-0.150536$ \\
mtop & $0.0807965$ & $-0.330047$ & $1$ & $0.0818465$ & $-0.039129$ & $0.0292486$ & $0.0153149$ & $0.0863486$ & $0.0836058$ & $-0.0473035$ & $-0.0808094$ & $-0.00219336$ & $0.0451602$ & $0.0108524$ & $0.0568872$ & $-0.0169581$ & $-0.00141829$ & $-0.038809$ & $0.0795586$ & $0.0817107$ & $0.0772369$ & $-0.00789973$ & $-0.0256222$ & $-0.0155279$ & $-0.052439$ & $0.0465034$ & $0.0357173$ & $-0.0221328$ & $0.0793244$ & $0.0559729$ & $0.030164$ & $0.0146682$ & $0.0600749$ & $0.310164$ & $-0.183106$ & $-0.208428$ & $-0.0957601$ & $-0.379899$ & $-0.0968426$ & $0.423568$ & $-0.0569355$ & $-0.285641$ & $-0.403828$ & $-0.245905$ & $-0.444692$ & $0.447172$ & $0.350397$ & $-0.47079$ \\
mHl & $-0.399123$ & $-0.152024$ & $0.0818465$ & $1$ & $-0.0903921$ & $0.00438244$ & $-0.0445253$ & $-0.0332706$ & $-0.0382562$ & $0.0745478$ & $0.00991399$ & $0.0582932$ & $0.0375078$ & $-0.0429276$ & $-0.0528$ & $0.0423429$ & $0.068059$ & $0.0790361$ & $-0.0124131$ & $-0.00485678$ & $-0.00281417$ & $-0.0155771$ & $0.0532575$ & $0.0705303$ & $0.0369951$ & $0.0280039$ & $0.0271481$ & $0.0409021$ & $0.00721578$ & $-0.0573195$ & $-0.0359074$ & $-0.000625305$ & $-0.00024646$ & $-0.380614$ & $0.399254$ & $-0.148942$ & $0.0607345$ & $0.174313$ & $0.154038$ & $0.55537$ & $0.0380138$ & $-0.124021$ & $-0.106292$ & $0.523015$ & $-0.449495$ & $-0.178695$ & $-0.0722167$ & $-0.0896603$ \\
Mz & $0.0563189$ & $0.0253301$ & $-0.039129$ & $-0.0903921$ & $1$ & $-0.0394598$ & $0.0579858$ & $0.00626811$ & $0.00403172$ & $0.0324237$ & $-0.0272326$ & $-0.00163935$ & $0.0449419$ & $0.0140311$ & $0.0185841$ & $0.0561668$ & $0.0440734$ & $0.0328273$ & $0.0313582$ & $0.031949$ & $0.0273952$ & $-0.0153501$ & $0.0321321$ & $0.0480014$ & $-0.0173275$ & $0.0106023$ & $0.00476219$ & $-0.0344283$ & $-0.0145132$ & $-0.00549326$ & $0.0532791$ & $0.00779811$ & $-0.000693788$ & $0.04929$ & $-0.0933213$ & $0.0356625$ & $0.0531066$ & $0.042897$ & $0.00204407$ & $-0.115057$ & $-0.040705$ & $0.0710854$ & $0.060075$ & $0.00174125$ & $0.0262497$ & $-0.0206751$ & $-0.0545764$ & $0.0866072$ \\
CW & $-0.00159719$ & $0.00117635$ & $0.0292486$ & $0.00438244$ & $-0.0394598$ & $1$ & $-0.0372972$ & $-0.0509457$ & $-0.0518019$ & $0.0277089$ & $0.164302$ & $0.100658$ & $-0.0354732$ & $-0.123325$ & $-0.117216$ & $-0.367961$ & $-0.149461$ & $-0.144953$ & $-0.166011$ & $-0.163688$ & $-0.161831$ & $0.020059$ & $-0.120111$ & $-0.202306$ & $0.10798$ & $-0.0390934$ & $-0.0819346$ & $0.038401$ & $-0.0300282$ & $-0.0608138$ & $-0.0381468$ & $-0.0459345$ & $-0.0677435$ & $0.00303302$ & $0.0382244$ & $-0.0345394$ & $0.0121153$ & $-0.00596982$ & $-0.00440579$ & $0.0104178$ & $-0.0179032$ & $-0.0310983$ & $0.0266541$ & $0.0514816$ & $0.044765$ & $-0.00809947$ & $0.00800539$ & $-0.0465322$ \\
CHG & $0.0630097$ & $-0.0427382$ & $0.0153149$ & $-0.0445253$ & $0.0579858$ & $-0.0372972$ & $1$ & $-0.0614098$ & $-0.0204625$ & $0.0431532$ & $0.0576171$ & $0.042504$ & $-0.0312156$ & $-0.0177287$ & $0.018627$ & $0.00984347$ & $0.0164133$ & $-0.0128221$ & $-0.0518232$ & $-0.0593142$ & $-0.0665778$ & $0.0139702$ & $0.0366913$ & $0.018774$ & $0.00864473$ & $-0.0408714$ & $-0.00833777$ & $0.0172618$ & $-0.0501785$ & $0.017303$ & $0.93382$ & $-0.0453072$ & $-0.0358968$ & $0.00904871$ & $-0.255969$ & $0.129132$ & $0.142011$ & $0.12746$ & $0.116264$ & $-0.0344073$ & $0.0189248$ & $0.0589354$ & $-0.0109637$ & $-0.0297069$ & $-0.00646488$ & $0.0304087$ & $-0.0121205$ & $0.134603$ \\
CHWB & $0.0194775$ & $-0.0107584$ & $0.0863486$ & $-0.0332706$ & $0.00626811$ & $-0.0509457$ & $-0.0614098$ & $1$ & $0.990452$ & $-0.55969$ & $-0.868134$ & $-0.324102$ & $0.21645$ & $0.414178$ & $0.443585$ & $-0.228078$ & $-0.405071$ & $-0.422449$ & $0.849923$ & $0.883472$ & $0.874227$ & $0.0917827$ & $-0.635334$ & $-0.380979$ & $-0.608084$ & $0.424718$ & $0.396778$ & $0.00114583$ & $0.0547721$ & $0.0235018$ & $-0.0698005$ & $0.0286322$ & $0.562499$ & $0.0142602$ & $0.0564141$ & $-0.0739478$ & $-0.0853142$ & $-0.0885204$ & $-0.0166646$ & $0.0435812$ & $0.0158177$ & $0.00695293$ & $-0.0937874$ & $-0.0848894$ & $-0.0870559$ & $0.0881247$ & $0.0691474$ & $-0.127048$ \\
CHWHB_gaga & $0.010298$ & $-0.0116045$ & $0.0836058$ & $-0.0382562$ & $0.00403172$ & $-0.0518019$ & $-0.0204625$ & $0.990452$ & $1$ & $-0.555825$ & $-0.855845$ & $-0.305779$ & $0.205986$ & $0.411782$ & $0.439715$ & $-0.233583$ & $-0.410162$ & $-0.426662$ & $0.838098$ & $0.870892$ & $0.861833$ & $0.0900301$ & $-0.635151$ & $-0.386814$ & $-0.600114$ & $0.415295$ & $0.39099$ & $0.00193164$ & $0.0759743$ & $0.03122$ & $-0.0349284$ & $0.0544773$ & $0.555604$ & $0.0117317$ & $0.0472129$ & $-0.069016$ & $-0.0783469$ & $-0.0813451$ & $-0.0122743$ & $0.0426743$ & $0.0219717$ & $0.01894$ & $-0.0991085$ & $-0.085257$ & $-0.0832657$ & $0.0878674$ & $0.0729113$ & $-0.120918$ \\
CHWHB_gagaorth & $-0.0237242$ & $0.0516061$ & $-0.0473035$ & $0.0745478$ & $0.0324237$ & $0.0277089$ & $0.0431532$ & $-0.55969$ & $-0.555825$ & $1$ & $0.451754$ & $0.715376$ & $-0.0462294$ & $-0.219134$ & $-0.226744$ & $0.183378$ & $0.287997$ & $0.288922$ & $-0.440951$ & $-0.462898$ & $-0.459488$ & $-0.0495957$ & $0.415346$ & $0.271615$ & $0.323244$ & $-0.231872$ & $-0.210288$ & $-0.00877105$ & $-0.0951754$ & $-0.0551944$ & $0.0814179$ & $-0.104747$ & $-0.328983$ & $-0.0217497$ & $-0.0396518$ & $0.00946472$ & $0.0390165$ & $0.0462806$ & $0.0198441$ & $0.0109552$ & $0.00633919$ & $-0.0429435$ & $0.0292696$ & $0.102387$ & $-0.0216756$ & $-0.0762386$ & $-0.0617109$ & $0.146386$ \\
CHD & $0.012553$ & $0.0052175$ & $-0.0808094$ & $0.00991399$ & $-0.0272326$ & $0.164302$ & $0.0576171$ & $-0.868134$ & $-0.855845$ & $0.451754$ & $1$ & $0.423107$ & $-0.629379$ & $-0.544314$ & $-0.550848$ & $-0.254921$ & $-0.0269189$ & $-0.00868007$ & $-0.994726$ & $-0.994886$ & $-0.982729$ & $-0.0364763$ & $0.211784$ & $-0.064822$ & $0.68588$ & $-0.295848$ & $-0.442207$ & $0.0135114$ & $-0.0652266$ & $-0.0499611$ & $0.0708235$ & $-0.0630055$ & $-0.342241$ & $0.000642787$ & $-0.028609$ & $0.0716301$ & $0.0812812$ & $0.0573232$ & $-0.00812624$ & $-0.051384$ & $-0.00907602$ & $-0.0170406$ & $0.124472$ & $0.0854287$ & $0.0944994$ & $-0.102141$ & $-0.0839324$ & $0.122538$ \\
CHbox & $0.0238536$ & $0.023201$ & $-0.00219336$ & $0.0582932$ & $-0.00163935$ & $0.100658$ & $0.042504$ & $-0.324102$ & $-0.305779$ & $0.715376$ & $0.423107$ & $1$ & $-0.319368$ & $-0.158478$ & $-0.154951$ & $-0.217418$ & $-0.131878$ & $-0.128433$ & $-0.409063$ & $-0.429484$ & $-0.425438$ & $-0.0199897$ & $0.0393176$ & $-0.138833$ & $0.294606$ & $-0.168011$ & $-0.193408$ & $0.0307405$ & $0.172351$ & $0.0287977$ & $0.133878$ & $0.207709$ & $-0.184077$ & $0.0302017$ & $-0.0186057$ & $0.00521491$ & $0.0418161$ & $0.00457116$ & $0.0211825$ & $0.011429$ & $0.0111686$ & $-0.0681783$ & $0.0460118$ & $0.087189$ & $-0.0112128$ & $-0.0647477$ & $-0.060472$ & $0.100374$ \\
CHL1_11 & $-0.0553459$ & $0.00690552$ & $0.0451602$ & $0.0375078$ & $0.0449419$ & $-0.0354732$ & $-0.0312156$ & $0.21645$ & $0.205986$ & $-0.0462294$ & $-0.629379$ & $-0.319368$ & $1$ & $0.384371$ & $0.352746$ & $0.647925$ & $0.620478$ & $0.612878$ & $0.641081$ & $0.599506$ & $0.589616$ & $-0.0643817$ & $0.479014$ & $0.624201$ & $-0.407377$ & $-0.0464087$ & $0.252719$ & $-0.00557807$ & $0.0461974$ & $0.0499874$ & $-0.039675$ & $0.0816249$ & $-0.198904$ & $-0.00204017$ & $-0.0119638$ & $-0.021359$ & $-0.0263718$ & $0.0188618$ & $0.0619764$ & $0.0421576$ & $-0.0160777$ & $0.0150468$ & $-0.0960872$ & $-0.0138951$ & $-0.0372966$ & $0.0637369$ & $0.0640132$ & $-0.0538792$ \\
CHL1_22 & $-0.0201994$ & $0.0174933$ & $0.0108524$ & $-0.0429276$ & $0.0140311$ & $-0.123325$ & $-0.0177287$ & $0.414178$ & $0.411782$ & $-0.219134$ & $-0.544314$ & $-0.158478$ & $0.384371$ & $1$ & $0.51144$ & $0.198705$ & $-0.296412$ & $0.0185532$ & $0.59066$ & $0.485663$ & $0.47858$ & $-0.173401$ & $0.0717437$ & $-0.0404085$ & $-0.325331$ & $-0.305696$ & $0.190703$ & $-0.00875543$ & $0.0451234$ & $0.0348584$ & $-0.0282341$ & $0.0461866$ & $-0.480935$ & $0.000578302$ & $-0.0181108$ & $-0.00066171$ & $-0.0230396$ & $-0.029655$ & $-0.0103714$ & $-0.0193984$ & $0.00929251$ & $0.0108299$ & $-0.0423689$ & $-0.0439872$ & $0.00819786$ & $0.0521243$ & $0.0580019$ & $-0.0122447$ \\
CHL1_33 & $0.00191496$ & $-0.00971757$ & $0.0568872$ & $-0.0528$ & $0.0185841$ & $-0.117216$ & $0.018627$ & $0.443585$ & $0.439715$ & $-0.226744$ & $-0.550848$ & $-0.154951$ & $0.352746$ & $0.51144$ & $1$ & $0.160866$ & $-0.00883445$ & $-0.331638$ & $0.593878$ & $0.49461$ & $0.504252$ & $-0.168131$ & $0.0286655$ & $-0.0920761$ & $-0.328416$ & $-0.297392$ & $0.221033$ & $-0.0317261$ & $0.0591028$ & $0.0454381$ & $0.0224335$ & $0.0660245$ & $0.000265404$ & $0.0047865$ & $-0.0263806$ & $-0.0480037$ & $-0.0359225$ & $-0.0610964$ & $-0.0151551$ & $-0.014774$ & $0.0799677$ & $0.000576325$ & $-0.0129948$ & $-0.0482156$ & $-0.00153819$ & $0.0424563$ & $0.0526903$ & $-0.0580563$ \\
CHL3_11 & $-0.0572671$ & $0.00463186$ & $-0.0169581$ & $0.0423429$ & $0.0561668$ & $-0.367961$ & $0.00984347$ & $-0.228078$ & $-0.233583$ & $0.183378$ & $-0.254921$ & $-0.217418$ & $0.647925$ & $0.198705$ & $0.160866$ & $1$ & $0.811933$ & $0.808409$ & $0.269075$ & $0.229671$ & $0.223188$ & $-0.0655681$ & $0.752255$ & $0.855774$ & $-0.165261$ & $-0.144463$ & $0.102343$ & $-0.0441428$ & $0.0152869$ & $0.0596297$ & $-0.00418103$ & $0.0600546$ & $-0.273933$ & $-0.0452916$ & $-0.0593102$ & $-0.00490055$ & $0.000582713$ & $0.0588118$ & $0.0284269$ & $0.0158216$ & $-0.0147214$ & $0.0210294$ & $-0.0661837$ & $-0.0248281$ & $-0.0360626$ & $0.0313461$ & $0.0230344$ & $0.00653377$ \\
CHL3_22 & $-0.0497003$ & $-0.00493009$ & $-0.00141829$ & $0.068059$ & $0.0440734$ & $-0.149461$ & $0.0164133$ & $-0.405071$ & $-0.410162$ & $0.287997$ & $-0.0269189$ & $-0.131878$ & $0.620478$ & $-0.296412$ & $-0.00883445$ & $0.811933$ & $1$ & $0.780766$ & $0.0265563$ & $0.0215132$ & $0.0199613$ & $-0.00513332$ & $0.737904$ & $0.864052$ & $-0.0210229$ & $-0.0475416$ & $0.0177814$ & $-0.0243344$ & $0.00167497$ & $0.037658$ & $0.0136081$ & $0.0466853$ & $-0.0893287$ & $-0.0279671$ & $-0.0399882$ & $-0.0043997$ & $0.0128997$ & $0.0667192$ & $0.0543534$ & $0.032004$ & $-0.015525$ & $0.012307$ & $-0.0442175$ & $0.0179375$ & $-0.0281843$ & $0.00661923$ & $0.00218839$ & $0.000836174$ \\
CHL3_33 & $-0.0682682$ & $0.0133271$ & $-0.038809$ & $0.0790361$ & $0.0328273$ & $-0.144953$ & $-0.0128221$ & $-0.422449$ & $-0.426662$ & $0.288922$ & $-0.00868007$ & $-0.128433$ & $0.612878$ & $0.0185532$ & $-0.331638$ & $0.808409$ & $0.780766$ & $1$ & $0.00939997$ & $0.00358236$ & $0.0040442$ & $-0.00653734$ & $0.74248$ & $0.873237$ & $-0.00742309$ & $-0.0450019$ & $-0.00655317$ & $-0.00925127$ & $-0.00642273$ & $0.0245521$ & $-0.023735$ & $0.0316491$ & $-0.401531$ & $-0.0341641$ & $-0.0310422$ & $0.0226776$ & $0.022464$ & $0.0892525$ & $0.0599818$ & $0.0294985$ & $-0.062691$ & $0.0212808$ & $-0.0551404$ & $0.030696$ & $-0.0152135$ & $0.00142424$ & $0.0023156$ & $0.036719$ \\
CHe_11 & $-0.015578$ & $-0.00171078$ & $0.0795586$ & $-0.0124131$ & $0.0313582$ & $-0.166011$ & $-0.0518232$ & $0.849923$ & $0.838098$ & $-0.440951$ & $-0.994726$ & $-0.409063$ & $0.641081$ & $0.59066$ & $0.593878$ & $0.269075$ & $0.0265563$ & $0.00939997$ & $1$ & $0.983841$ & $0.972087$ & $0.0147968$ & $-0.175871$ & $0.0703942$ & $-0.677339$ & $0.239441$ & $0.436419$ & $-0.0157756$ & $0.0662416$ & $0.0508913$ & $-0.0638878$ & $0.0638759$ & $0.282932$ & $-0.000620125$ & $0.0258341$ & $-0.0696028$ & $-0.0784354$ & $-0.0572876$ & $0.00812524$ & $0.0481293$ & $0.0125109$ & $0.0189088$ & $-0.121802$ & $-0.0822713$ & $-0.0885638$ & $0.100835$ & $0.0855176$ & $-0.118755$ \\
CHe_22 & $-0.0121059$ & $-0.0045751$ & $0.0817107$ & $-0.00485678$ & $0.031949$ & $-0.163688$ & $-0.0593142$ & $0.883472$ & $0.870892$ & $-0.462898$ & $-0.994886$ & $-0.429484$ & $0.599506$ & $0.485663$ & $0.49461$ & $0.229671$ & $0.0215132$ & $0.00358236$ & $0.983841$ & $1$ & $0.985622$ & $0.0622213$ & $-0.25625$ & $0.0533331$ & $-0.68924$ & $0.35991$ & $0.445696$ & $-0.0129308$ & $0.0632423$ & $0.0480039$ & $-0.0731474$ & $0.0583462$ & $0.40936$ & $-0.00206542$ & $0.0360463$ & $-0.0713881$ & $-0.0824014$ & $-0.0580706$ & $0.00980173$ & $0.0568083$ & $0.0054919$ & $0.01715$ & $-0.127497$ & $-0.0857819$ & $-0.101288$ & $0.101731$ & $0.0835475$ & $-0.127086$ \\
CHe_33 & $-0.0150925$ & $0.00241815$ & $0.0772369$ & $-0.00281417$ & $0.0273952$ & $-0.161831$ & $-0.0665778$ & $0.874227$ & $0.861833$ & $-0.459488$ & $-0.982729$ & $-0.425438$ & $0.589616$ & $0.47858$ & $0.504252$ & $0.223188$ & $0.0199613$ & $0.0040442$ & $0.972087$ & $0.985622$ & $1$ & $0.0584713$ & $-0.254983$ & $0.0490955$ & $-0.677887$ & $0.354982$ & $0.4399$ & $-0.0108986$ & $0.0639111$ & $0.045084$ & $-0.0785468$ & $0.0579641$ & $0.407806$ & $-0.00565115$ & $0.0425861$ & $-0.0702316$ & $-0.0823259$ & $-0.0605914$ & $0.0101066$ & $0.0576822$ & $0.00881779$ & $0.013664$ & $-0.125791$ & $-0.0775405$ & $-0.0903755$ & $0.0994119$ & $0.08623$ & $-0.13033$ \\
CHQ1_11 & $0.0387894$ & $-0.0183018$ & $-0.00789973$ & $-0.0155771$ & $-0.0153501$ & $0.020059$ & $0.0139702$ & $0.0917827$ & $0.0900301$ & $-0.0495957$ & $-0.0364763$ & $-0.0199897$ & $-0.0643817$ & $-0.173401$ & $-0.168131$ & $-0.0655681$ & $-0.00513332$ & $-0.00653734$ & $0.0147968$ & $0.0622213$ & $0.0584713$ & $1$ & $-0.158319$ & $0.0504457$ & $-0.617548$ & $0.384768$ & $0.000348441$ & $0.00104008$ & $0.0375342$ & $0.0291286$ & $0.0167672$ & $0.00499341$ & $0.241588$ & $0.0515981$ & $0.0256402$ & $-0.0109674$ & $-0.00982567$ & $0.00654616$ & $0.0115101$ & $-0.0309085$ & $-0.0161134$ & $0.0261681$ & $0.006539$ & $-0.0464738$ & $0.00641779$ & $-0.00957241$ & $-4.45427e-05$ & $-0.0257674$ \\
CHQ1_33 & $-0.0654029$ & $0.0121944$ & $-0.0256222$ & $0.0532575$ & $0.0321321$ & $-0.120111$ & $0.0366913$ & $-0.635334$ & $-0.635151$ & $0.415346$ & $0.211784$ & $0.0393176$ & $0.479014$ & $0.0717437$ & $0.0286655$ & $0.752255$ & $0.737904$ & $0.74248$ & $-0.175871$ & $-0.25625$ & $-0.254983$ & $-0.158319$ & $1$ & $0.753072$ & $0.181344$ & $-0.4088$ & $-0.0443254$ & $-0.00916615$ & $0.00114797$ & $0.0261819$ & $0.0397245$ & $0.0468007$ & $-0.633501$ & $-0.0294261$ & $-0.0647781$ & $0.0341212$ & $0.0383551$ & $0.0854369$ & $0.0436138$ & $0.00885681$ & $-0.0105285$ & $0.00156294$ & $-0.0105654$ & $0.0389585$ & $0.0274498$ & $-0.00864502$ & $0.00465829$ & $0.052582$ \\
CHQ3_11 & $-0.0567755$ & $0.0107416$ & $-0.0155279$ & $0.0705303$ & $0.0480014$ & $-0.202306$ & $0.018774$ & $-0.380979$ & $-0.386814$ & $0.271615$ & $-0.064822$ & $-0.138833$ & $0.624201$ & $-0.0404085$ & $-0.0920761$ & $0.855774$ & $0.864052$ & $0.873237$ & $0.0703942$ & $0.0533331$ & $0.0490955$ & $0.0504457$ & $0.753072$ & $1$ & $-0.0400822$ & $0.118794$ & $0.0110462$ & $-0.0195132$ & $0.00350949$ & $0.0410878$ & $0.0120233$ & $0.0537107$ & $-0.279994$ & $-0.0175182$ & $-0.0480108$ & $0.0163116$ & $0.0105433$ & $0.0770738$ & $0.0747711$ & $0.0293142$ & $-0.0427877$ & $0.0110062$ & $-0.0805045$ & $-0.000589263$ & $-0.0344141$ & $0.020428$ & $0.0326986$ & $0.00955761$ \\
CHu_11 & $-0.0223498$ & $0.00787829$ & $-0.052439$ & $0.0369951$ & $-0.0173275$ & $0.10798$ & $0.00864473$ & $-0.608084$ & $-0.600114$ & $0.323244$ & $0.68588$ & $0.294606$ & $-0.407377$ & $-0.325331$ & $-0.328416$ & $-0.165261$ & $-0.0210229$ & $-0.00742309$ & $-0.677339$ & $-0.68924$ & $-0.677887$ & $-0.617548$ & $0.181344$ & $-0.0400822$ & $1$ & $-0.231535$ & $-0.287968$ & $0.0114597$ & $-0.0797107$ & $-0.065705$ & $0.0186889$ & $-0.0508182$ & $-0.292807$ & $-0.0294329$ & $-0.0221702$ & $0.0513625$ & $0.0538405$ & $0.0265077$ & $-0.016817$ & $-0.00554038$ & $-0.0123185$ & $-0.0314594$ & $0.0649842$ & $0.0888146$ & $0.0367131$ & $-0.0710238$ & $-0.0472479$ & $0.0985547$ \\
CHd_11 & $0.0393729$ & $0.000642616$ & $0.0465034$ & $0.0280039$ & $0.0106023$ & $-0.0390934$ & $-0.0408714$ & $0.424718$ & $0.415295$ & $-0.231872$ & $-0.295848$ & $-0.168011$ & $-0.0464087$ & $-0.305696$ & $-0.297392$ & $-0.144463$ & $-0.0475416$ & $-0.0450019$ & $0.239441$ & $0.35991$ & $0.354982$ & $0.384768$ & $-0.4088$ & $0.118794$ & $-0.231535$ & $1$ & $0.148316$ & $0.0171753$ & $0.00799629$ & $-0.00132799$ & $-0.0417813$ & $0.000129808$ & $0.676318$ & $0.0308702$ & $0.0521426$ & $-0.0301793$ & $-0.0601709$ & $-0.0289791$ & $0.0382171$ & $0.0528258$ & $-0.0466637$ & $-0.0160705$ & $-0.107407$ & $-0.0658872$ & $-0.103293$ & $0.0523499$ & $0.0475673$ & $-0.094692$ \\
CHd_33 & $-0.0308318$ & $0.0105432$ & $0.0357173$ & $0.0271481$ & $0.00476219$ & $-0.0819346$ & $-0.00833777$ & $0.396778$ & $0.39099$ & $-0.210288$ & $-0.442207$ & $-0.193408$ & $0.252719$ & $0.190703$ & $0.221033$ & $0.102343$ & $0.0177814$ & $-0.00655317$ & $0.436419$ & $0.445696$ & $0.4399$ & $0.000348441$ & $-0.0443254$ & $0.0110462$ & $-0.287968$ & $0.148316$ & $1$ & $0.00819504$ & $0.0350715$ & $0.0362138$ & $-0.0179946$ & $0.0272527$ & $0.214319$ & $-0.034275$ & $0.0109996$ & $-0.0635592$ & $-0.0780004$ & $0.0218425$ & $-0.0179759$ & $0.053581$ & $-0.00463239$ & $-0.0128613$ & $-0.0520945$ & $-0.00470084$ & $-0.0475646$ & $0.0536626$ & $0.0431614$ & $-0.0718864$ \\
CeH_22r & $0.0088256$ & $-0.0521858$ & $-0.0221328$ & $0.0409021$ & $-0.0344283$ & $0.038401$ & $0.0172618$ & $0.00114583$ & $0.00193164$ & $-0.00877105$ & $0.0135114$ & $0.0307405$ & $-0.00557807$ & $-0.00875543$ & $-0.0317261$ & $-0.0441428$ & $-0.0243344$ & $-0.00925127$ & $-0.0157756$ & $-0.0129308$ & $-0.0108986$ & $0.00104008$ & $-0.00916615$ & $-0.0195132$ & $0.0114597$ & $0.0171753$ & $0.00819504$ & $1$ & $0.011328$ & $0.0160277$ & $-0.00342389$ & $0.0115447$ & $-0.0068379$ & $-0.0495173$ & $0.0490857$ & $-0.0311902$ & $0.00189245$ & $0.0280401$ & $-0.0210318$ & $0.0189461$ & $-0.00753819$ & $0.0132024$ & $0.0587083$ & $0.0593069$ & $-0.00466269$ & $-0.0382876$ & $-0.0471169$ & $0.00376219$ \\
CeH_33r & $0.0122194$ & $-0.0120049$ & $0.0793244$ & $0.00721578$ & $-0.0145132$ & $-0.0300282$ & $-0.0501785$ & $0.0547721$ & $0.0759743$ & $-0.0951754$ & $-0.0652266$ & $0.172351$ & $0.0461974$ & $0.0451234$ & $0.0591028$ & $0.0152869$ & $0.00167497$ & $-0.00642273$ & $0.0662416$ & $0.0632423$ & $0.0639111$ & $0.0375342$ & $0.00114797$ & $0.00350949$ & $-0.0797107$ & $0.00799629$ & $0.0350715$ & $0.011328$ & $1$ & $0.337349$ & $0.10532$ & $0.713876$ & $0.0112223$ & $0.0259306$ & $-0.0282893$ & $-0.00514714$ & $-0.0197894$ & $-0.000741271$ & $0.0754105$ & $0.0276463$ & $0.00165491$ & $-0.00682514$ & $-0.0217515$ & $0.00638135$ & $-0.0190359$ & $0.0448987$ & $0.00995721$ & $-0.0452742$ \\
CuH_22r & $0.0419021$ & $0.0552361$ & $0.0559729$ & $-0.0573195$ & $-0.00549326$ & $-0.0608138$ & $0.017303$ & $0.0235018$ & $0.03122$ & $-0.0551944$ & $-0.0499611$ & $0.0287977$ & $0.0499874$ & $0.0348584$ & $0.0454381$ & $0.0596297$ & $0.037658$ & $0.0245521$ & $0.0508913$ & $0.0480039$ & $0.045084$ & $0.0291286$ & $0.0261819$ & $0.0410878$ & $-0.065705$ & $-0.00132799$ & $0.0362138$ & $0.0160277$ & $0.337349$ & $1$ & $0.110155$ & $0.401192$ & $0.00556426$ & $0.00138784$ & $-0.0412106$ & $0.0593586$ & $-0.0328998$ & $0.00494441$ & $0.0182365$ & $-0.0131291$ & $0.0106501$ & $-0.0879677$ & $-0.0573551$ & $-0.0688587$ & $0.0138839$ & $0.15516$ & $0.0847022$ & $-0.0866932$ \\
CuH_33r & $0.0758324$ & $-0.0520565$ & $0.030164$ & $-0.0359074$ & $0.0532791$ & $-0.0381468$ & $0.93382$ & $-0.0698005$ & $-0.0349284$ & $0.0814179$ & $0.0708235$ & $0.133878$ & $-0.039675$ & $-0.0282341$ & $0.0224335$ & $-0.00418103$ & $0.0136081$ & $-0.023735$ & $-0.0638878$ & $-0.0731474$ & $-0.0785468$ & $0.0167672$ & $0.0397245$ & $0.0120233$ & $0.0186889$ & $-0.0417813$ & $-0.0179946$ & $-0.00342389$ & $0.10532$ & $0.110155$ & $1$ & $0.159933$ & $-0.0376727$ & $0.017955$ & $-0.263056$ & $0.130676$ & $0.142557$ & $0.133616$ & $0.138476$ & $-0.0266735$ & $0.0248522$ & $0.0555054$ & $-0.0153096$ & $-0.0270904$ & $-0.0199499$ & $0.0351629$ & $-0.021273$ & $0.13857$ \\
CdH_33r & $0.00384359$ & $-0.059149$ & $0.0146682$ & $-0.000625305$ & $0.00779811$ & $-0.0459345$ & $-0.0453072$ & $0.0286322$ & $0.0544773$ & $-0.104747$ & $-0.0630055$ & $0.207709$ & $0.0816249$ & $0.0461866$ & $0.0660245$ & $0.0600546$ & $0.0466853$ & $0.0316491$ & $0.0638759$ & $0.0583462$ & $0.0579641$ & $0.00499341$ & $0.0468007$ & $0.0537107$ & $-0.0508182$ & $0.000129808$ & $0.0272527$ & $0.0115447$ & $0.713876$ & $0.401192$ & $0.159933$ & $1$ & $-0.0130896$ & $0.0537021$ & $-0.0837661$ & $0.0166326$ & $-0.0018623$ & $0.0394649$ & $0.0751188$ & $-0.00771179$ & $-0.00935332$ & $0.028494$ & $0.00334499$ & $-0.00903301$ & $-0.0103837$ & $0.0020816$ & $-0.00895501$ & $0.0709155$ \\
CLL_1221 & $0.0358868$ & $-0.0124047$ & $0.0600749$ & $-0.00024646$ & $-0.000693788$ & $-0.0677435$ & $-0.0358968$ & $0.562499$ & $0.555604$ & $-0.328983$ & $-0.342241$ & $-0.184077$ & $-0.198904$ & $-0.480935$ & $0.000265404$ & $-0.273933$ & $-0.0893287$ & $-0.401531$ & $0.282932$ & $0.40936$ & $0.407806$ & $0.241588$ & $-0.633501$ & $-0.279994$ & $-0.292807$ & $0.676318$ & $0.214319$ & $-0.0068379$ & $0.0112223$ & $0.00556426$ & $-0.0376727$ & $-0.0130896$ & $1$ & $-0.00502589$ & $0.0629063$ & $-0.0695847$ & $-0.0638919$ & $-0.0560301$ & $-0.0187126$ & $0.0492577$ & $0.0113836$ & $-0.00444607$ & $-0.0550018$ & $-0.0590476$ & $-0.0931932$ & $0.0423965$ & $0.0149699$ & $-0.110828$ \\
eHggint & $0.415605$ & $-0.138053$ & $0.310164$ & $-0.380614$ & $0.04929$ & $0.00303302$ & $0.00904871$ & $0.0142602$ & $0.0117317$ & $-0.0217497$ & $0.000642787$ & $0.0302017$ & $-0.00204017$ & $0.000578302$ & $0.0047865$ & $-0.0452916$ & $-0.0279671$ & $-0.0341641$ & $-0.000620125$ & $-0.00206542$ & $-0.00565115$ & $0.0515981$ & $-0.0294261$ & $-0.0175182$ & $-0.0294329$ & $0.0308702$ & $-0.034275$ & $-0.0495173$ & $0.0259306$ & $0.00138784$ & $0.017955$ & $0.0537021$ & $-0.00502589$ & $1$ & $-0.38399$ & $0.0596902$ & $0.0807537$ & $-0.300007$ & $-0.0073423$ & $-0.322228$ & $-0.151791$ & $0.0244352$ & $0.0925467$ & $-0.44207$ & $0.0933101$ & $-0.0716688$ & $0.0349824$ & $0.147201$ \\
eHggpar & $-0.182393$ & $0.270833$ & $-0.183106$ & $0.399254$ & $-0.0933213$ & $0.0382244$ & $-0.255969$ & $0.0564141$ & $0.0472129$ & $-0.0396518$ & $-0.028609$ & $-0.0186057$ & $-0.0119638$ & $-0.0181108$ & $-0.0263806$ & $-0.0593102$ & $-0.0399882$ & $-0.0310422$ & $0.0258341$ & $0.0360463$ & $0.0425861$ & $0.0256402$ & $-0.0647781$ & $-0.0480108$ & $-0.0221702$ & $0.0521426$ & $0.0109996$ & $0.0490857$ & $-0.0282893$ & $-0.0412106$ & $-0.263056$ & $-0.0837661$ & $0.0629063$ & $-0.38399$ & $1$ & $0.269659$ & $-0.139855$ & $-0.0136174$ & $0.0363877$ & $0.197584$ & $0.222673$ & $0.0409376$ & $0.0856969$ & $0.319104$ & $-0.0247202$ & $-0.202287$ & $-0.0480503$ & $-0.160188$ \\
eHWWint & $0.0835546$ & $0.248301$ & $-0.208428$ & $-0.148942$ & $0.0356625$ & $-0.0345394$ & $0.129132$ & $-0.0739478$ & $-0.069016$ & $0.00946472$ & $0.0716301$ & $0.00521491$ & $-0.021359$ & $-0.00066171$ & $-0.0480037$ & $-0.00490055$ & $-0.0043997$ & $0.0226776$ & $-0.0696028$ & $-0.0713881$ & $-0.0702316$ & $-0.0109674$ & $0.0341212$ & $0.0163116$ & $0.0513625$ & $-0.0301793$ & $-0.0635592$ & $-0.0311902$ & $-0.00514714$ & $0.0593586$ & $0.130676$ & $0.0166326$ & $-0.0695847$ & $0.0596902$ & $0.269659$ & $1$ & $-0.0113997$ & $-0.163181$ & $0.208111$ & $-0.256923$ & $0.188798$ & $-0.0258378$ & $0.0209188$ & $-0.256023$ & $0.244997$ & $0.0315819$ & $0.285903$ & $0.0986137$ \\
eHWWpar & $-0.0820338$ & $0.0425426$ & $-0.0957601$ & $0.0607345$ & $0.0531066$ & $0.0121153$ & $0.142011$ & $-0.0853142$ & $-0.0783469$ & $0.0390165$ & $0.0812812$ & $0.0418161$ & $-0.0263718$ & $-0.0230396$ & $-0.0359225$ & $0.000582713$ & $0.0128997$ & $0.022464$ & $-0.0784354$ & $-0.0824014$ & $-0.0823259$ & $-0.00982567$ & $0.0383551$ & $0.0105433$ & $0.0538405$ & $-0.0601709$ & $-0.0780004$ & $0.00189245$ & $-0.0197894$ & $-0.0328998$ & $0.142557$ & $-0.0018623$ & $-0.0638919$ & $0.0807537$ & $-0.139855$ & $-0.0113997$ & $1$ & $0.107681$ & $0.0823159$ & $0.0294202$ & $0.058244$ & $0.0858484$ & $0.0176129$ & $0.12688$ & $0.0279858$ & $-0.0995845$ & $0.0886649$ & $0.018881$ \\
eHZZint & $-0.382667$ & $0.121395$ & $-0.379899$ & $0.174313$ & $0.042897$ & $-0.00596982$ & $0.12746$ & $-0.0885204$ & $-0.0813451$ & $0.0462806$ & $0.0573232$ & $0.00457116$ & $0.0188618$ & $-0.029655$ & $-0.0610964$ & $0.0588118$ & $0.0667192$ & $0.0892525$ & $-0.0572876$ & $-0.0580706$ & $-0.0605914$ & $0.00654616$ & $0.0854369$ & $0.0770738$ & $0.0265077$ & $-0.0289791$ & $0.0218425$ & $0.0280401$ & $-0.000741271$ & $0.00494441$ & $0.133616$ & $0.0394649$ & $-0.0560301$ & $-0.300007$ & $-0.0136174$ & $-0.163181$ & $0.107681$ & $1$ & $-0.0970764$ & $0.236374$ & $-0.133678$ & $0.307434$ & $-0.0201941$ & $0.14069$ & $-0.0165117$ & $0.102829$ & $-0.0940023$ & $0.0545333$ \\
eHZZpar & $-0.0545607$ & $0.0491158$ & $-0.0968426$ & $0.154038$ & $0.00204407$ & $-0.00440579$ & $0.116264$ & $-0.0166646$ & $-0.0122743$ & $0.0198441$ & $-0.00812624$ & $0.0211825$ & $0.0619764$ & $-0.0103714$ & $-0.0151551$ & $0.0284269$ & $0.0543534$ & $0.0599818$ & $0.00812524$ & $0.00980173$ & $0.0101066$ & $0.0115101$ & $0.0436138$ & $0.0747711$ & $-0.016817$ & $0.0382171$ & $-0.0179759$ & $-0.0210318$ & $0.0754105$ & $0.0182365$ & $0.138476$ & $0.0751188$ & $-0.0187126$ & $-0.0073423$ & $0.0363877$ & $0.208111$ & $0.0823159$ & $-0.0970764$ & $1$ & $-0.0555489$ & $0.0840811$ & $0.0109046$ & $-0.0122104$ & $0.0417504$ & $0.105257$ & $-0.123905$ & $0.115439$ & $-0.0347953$ \\
eHZgaint & $-0.462623$ & $-0.227449$ & $0.423568$ & $0.55537$ & $-0.115057$ & $0.0104178$ & $-0.0344073$ & $0.0435812$ & $0.0426743$ & $0.0109552$ & $-0.051384$ & $0.011429$ & $0.0421576$ & $-0.0193984$ & $-0.014774$ & $0.0158216$ & $0.032004$ & $0.0294985$ & $0.0481293$ & $0.0568083$ & $0.0576822$ & $-0.0309085$ & $0.00885681$ & $0.0293142$ & $-0.00554038$ & $0.0528258$ & $0.053581$ & $0.0189461$ & $0.0276463$ & $-0.0131291$ & $-0.0266735$ & $-0.00771179$ & $0.0492577$ & $-0.322228$ & $0.197584$ & $-0.256923$ & $0.0294202$ & $0.236374$ & $-0.0555489$ & $1$ & $-0.150656$ & $-0.115802$ & $-0.547075$ & $0.177456$ & $-0.641286$ & $0.305568$ & $0.27192$ & $-0.322453$ \\
eHZgapar & $0.0773027$ & $0.0573581$ & $-0.0569355$ & $0.0380138$ & $-0.040705$ & $-0.0179032$ & $0.0189248$ & $0.0158177$ & $0.0219717$ & $0.00633919$ & $-0.00907602$ & $0.0111686$ & $-0.0160777$ & $0.00929251$ & $0.0799677$ & $-0.0147214$ & $-0.015525$ & $-0.062691$ & $0.0125109$ & $0.0054919$ & $0.00881779$ & $-0.0161134$ & $-0.0105285$ & $-0.0427877$ & $-0.0123185$ & $-0.0466637$ & $-0.00463239$ & $-0.00753819$ & $0.00165491$ & $0.0106501$ & $0.0248522$ & $-0.00935332$ & $0.0113836$ & $-0.151791$ & $0.222673$ & $0.188798$ & $0.058244$ & $-0.133678$ & $0.0840811$ & $-0.150656$ & $1$ & $0.0663004$ & $0.172458$ & $-0.0123368$ & $0.0440176$ & $-0.116706$ & $-0.0496678$ & $0.0266835$ \\
eHgagaint & $-0.332933$ & $-0.0281542$ & $-0.285641$ & $-0.124021$ & $0.0710854$ & $-0.0310983$ & $0.0589354$ & $0.00695293$ & $0.01894$ & $-0.0429435$ & $-0.0170406$ & $-0.0681783$ & $0.0150468$ & $0.0108299$ & $0.000576325$ & $0.0210294$ & $0.012307$ & $0.0212808$ & $0.0189088$ & $0.01715$ & $0.013664$ & $0.0261681$ & $0.00156294$ & $0.0110062$ & $-0.0314594$ & $-0.0160705$ & $-0.0128613$ & $0.0132024$ & $-0.00682514$ & $-0.0879677$ & $0.0555054$ & $0.028494$ & $-0.00444607$ & $0.0244352$ & $0.0409376$ & $-0.0258378$ & $0.0858484$ & $0.307434$ & $0.0109046$ & $-0.115802$ & $0.0663004$ & $1$ & $0.040809$ & $0.0969608$ & $-0.00120772$ & $-0.374455$ & $-0.218932$ & $0.305931$ \\
eHmumuint & $0.373517$ & $-0.0596292$ & $-0.403828$ & $-0.106292$ & $0.060075$ & $0.0266541$ & $-0.0109637$ & $-0.0937874$ & $-0.0991085$ & $0.0292696$ & $0.124472$ & $0.0460118$ & $-0.0960872$ & $-0.0423689$ & $-0.0129948$ & $-0.0661837$ & $-0.0442175$ & $-0.0551404$ & $-0.121802$ & $-0.127497$ & $-0.125791$ & $0.006539$ & $-0.0105654$ & $-0.0805045$ & $0.0649842$ & $-0.107407$ & $-0.0520945$ & $0.0587083$ & $-0.0217515$ & $-0.0573551$ & $-0.0153096$ & $0.00334499$ & $-0.0550018$ & $0.0925467$ & $0.0856969$ & $0.0209188$ & $0.0176129$ & $-0.0201941$ & $-0.0122104$ & $-0.547075$ & $0.172458$ & $0.040809$ & $1$ & $0.264081$ & $0.466663$ & $-0.642652$ & $-0.623123$ & $0.423871$ \\
eHtautauint & $-0.26232$ & $-0.0227129$ & $-0.245905$ & $0.523015$ & $0.00174125$ & $0.0514816$ & $-0.0297069$ & $-0.0848894$ & $-0.085257$ & $0.102387$ & $0.0854287$ & $0.087189$ & $-0.0138951$ & $-0.0439872$ & $-0.0482156$ & $-0.0248281$ & $0.0179375$ & $0.030696$ & $-0.0822713$ & $-0.0857819$ & $-0.0775405$ & $-0.0464738$ & $0.0389585$ & $-0.000589263$ & $0.0888146$ & $-0.0658872$ & $-0.00470084$ & $0.0593069$ & $0.00638135$ & $-0.0688587$ & $-0.0270904$ & $-0.00903301$ & $-0.0590476$ & $-0.44207$ & $0.319104$ & $-0.256023$ & $0.12688$ & $0.14069$ & $0.0417504$ & $0.177456$ & $-0.0123368$ & $0.0969608$ & $0.264081$ & $1$ & $0.0456273$ & $-0.427264$ & $-0.470613$ & $0.216945$ \\
eHccint & $0.106028$ & $0.319779$ & $-0.444692$ & $-0.449495$ & $0.0262497$ & $0.044765$ & $-0.00646488$ & $-0.0870559$ & $-0.0832657$ & $-0.0216756$ & $0.0944994$ & $-0.0112128$ & $-0.0372966$ & $0.00819786$ & $-0.00153819$ & $-0.0360626$ & $-0.0281843$ & $-0.0152135$ & $-0.0885638$ & $-0.101288$ & $-0.0903755$ & $0.00641779$ & $0.0274498$ & $-0.0344141$ & $0.0367131$ & $-0.103293$ & $-0.0475646$ & $-0.00466269$ & $-0.0190359$ & $0.0138839$ & $-0.0199499$ & $-0.0103837$ & $-0.0931932$ & $0.0933101$ & $-0.0247202$ & $0.244997$ & $0.0279858$ & $-0.0165117$ & $0.105257$ & $-0.641286$ & $0.0440176$ & $-0.00120772$ & $0.466663$ & $0.0456273$ & $1$ & $-0.262996$ & $-0.0857562$ & $0.163133$ \\
eHccpar & $0.00916768$ & $0.0838744$ & $0.447172$ & $-0.178695$ & $-0.0206751$ & $-0.00809947$ & $0.0304087$ & $0.0881247$ & $0.0878674$ & $-0.0762386$ & $-0.102141$ & $-0.0647477$ & $0.0637369$ & $0.0521243$ & $0.0424563$ & $0.0313461$ & $0.00661923$ & $0.00142424$ & $0.100835$ & $0.101731$ & $0.0994119$ & $-0.00957241$ & $-0.00864502$ & $0.020428$ & $-0.0710238$ & $0.0523499$ & $0.0536626$ & $-0.0382876$ & $0.0448987$ & $0.15516$ & $0.0351629$ & $0.0020816$ & $0.0423965$ & $-0.0716688$ & $-0.202287$ & $0.0315819$ & $-0.0995845$ & $0.102829$ & $-0.123905$ & $0.305568$ & $-0.116706$ & $-0.374455$ & $-0.642652$ & $-0.427264$ & $-0.262996$ & $1$ & $0.586409$ & $-0.621073$ \\
eHbbint & $-0.342118$ & $0.237559$ & $0.350397$ & $-0.0722167$ & $-0.0545764$ & $0.00800539$ & $-0.0121205$ & $0.0691474$ & $0.0729113$ & $-0.0617109$ & $-0.0839324$ & $-0.060472$ & $0.0640132$ & $0.0580019$ & $0.0526903$ & $0.0230344$ & $0.00218839$ & $0.0023156$ & $0.0855176$ & $0.0835475$ & $0.08623$ & $-4.45427e-05$ & $0.00465829$ & $0.0326986$ & $-0.0472479$ & $0.0475673$ & $0.0431614$ & $-0.0471169$ & $0.00995721$ & $0.0847022$ & $-0.021273$ & $-0.00895501$ & $0.0149699$ & $0.0349824$ & $-0.0480503$ & $0.285903$ & $0.0886649$ & $-0.0940023$ & $0.115439$ & $0.27192$ & $-0.0496678$ & $-0.218932$ & $-0.623123$ & $-0.470613$ & $-0.0857562$ & $0.586409$ & $1$ & $-0.467402$ \\
eHbbpar & $-0.0392286$ & $-0.150536$ & $-0.47079$ & $-0.0896603$ & $0.0866072$ & $-0.0465322$ & $0.134603$ & $-0.127048$ & $-0.120918$ & $0.146386$ & $0.122538$ & $0.100374$ & $-0.0538792$ & $-0.0122447$ & $-0.0580563$ & $0.00653377$ & $0.000836174$ & $0.036719$ & $-0.118755$ & $-0.127086$ & $-0.13033$ & $-0.0257674$ & $0.052582$ & $0.00955761$ & $0.0985547$ & $-0.094692$ & $-0.0718864$ & $0.00376219$ & $-0.0452742$ & $-0.0866932$ & $0.13857$ & $0.0709155$ & $-0.110828$ & $0.147201$ & $-0.160188$ & $0.0986137$ & $0.018881$ & $0.0545333$ & $-0.0347953$ & $-0.322453$ & $0.0266835$ & $0.305931$ & $0.423871$ & $0.216945$ & $0.163133$ & $-0.621073$ & $-0.467402$ & $1$ \\
