 & AlsMz & dAle5Mz & mtop & mHl & Mz & CW & CHG & CHWB & CHWHB_gaga & CHWHB_gagaorth & CHD & CHbox & CH & CHL1_11 & CHL1_22 & CHL1_33 & CHL3_11 & CHL3_22 & CHL3_33 & CHe_11 & CHe_22 & CHe_33 & CHQ1_11 & CHQ1_33 & CHQ3_11 & CHu_11 & CHd_11 & CHd_33 & CeH_22r & CeH_33r & CuH_22r & CuH_33r & CdH_33r & CLL_1221 & eHggint & eHggpar & eHWWint & eHWWpar & eHZZint & eHZZpar & eHZgaint & eHZgapar & eHgagaint & eHmumuint & eHtautauint & eHccint & eHccpar & eHbbint & eHbbpar \\
AlsMz & $1$ & $-0.146052$ & $-0.0742558$ & $-0.0186325$ & $0.000484939$ & $0.0340123$ & $0.106971$ & $-0.0354313$ & $-0.0317009$ & $0.0509626$ & $0.0275276$ & $0.039721$ & $-0.0116663$ & $0.0119847$ & $-0.0759212$ & $-0.0604831$ & $0.00148278$ & $0.0585075$ & $0.0438671$ & $-0.0400741$ & $-0.0298433$ & $-0.0339642$ & $-0.0274684$ & $0.00141141$ & $-0.0180964$ & $0.0371396$ & $0.0501857$ & $0.0189831$ & $0.013179$ & $0.0165473$ & $0.05438$ & $0.131783$ & $0.123527$ & $0.0246736$ & $0.328736$ & $-0.0267324$ & $0.249649$ & $0.063149$ & $0.0321663$ & $0.0146805$ & $-0.143194$ & $0.0349896$ & $0.0881089$ & $0.188458$ & $-0.0951669$ & $-0.147544$ & $0.278546$ & $0.176699$ & $0.244191$ \\
dAle5Mz & $-0.146052$ & $1$ & $-0.0867768$ & $-0.167959$ & $-0.0344569$ & $-0.00751013$ & $-0.070052$ & $-0.0229208$ & $-0.0287836$ & $-0.00331831$ & $0.00135477$ & $-0.00158513$ & $0.00678525$ & $0.00398002$ & $0.0470713$ & $0.00281891$ & $0.0365984$ & $-0.0103864$ & $0.028318$ & $0.0175385$ & $0.0103729$ & $0.0182665$ & $-0.0302066$ & $0.0184423$ & $0.0359839$ & $0.02423$ & $0.000575198$ & $0.0263549$ & $0.00956664$ & $0.00727326$ & $-0.0845944$ & $-0.0712837$ & $-0.0144834$ & $-0.0158154$ & $-0.0263611$ & $0.0754071$ & $-0.159478$ & $0.0443472$ & $-0.223706$ & $-0.0281662$ & $0.0729643$ & $-0.0676933$ & $-0.0260204$ & $-0.286213$ & $0.098372$ & $-0.0006602$ & $-0.142024$ & $0.0750113$ & $-0.0997395$ \\
mtop & $-0.0742558$ & $-0.0867768$ & $1$ & $0.19776$ & $-0.0295899$ & $-0.0172221$ & $-0.0369427$ & $-0.0232266$ & $-0.0179729$ & $0.00415718$ & $0.0184373$ & $0.0201543$ & $0.00917062$ & $0.00889659$ & $0.0561072$ & $0.0267321$ & $0.007748$ & $-0.0200444$ & $0.00361834$ & $-0.00729283$ & $-0.0222461$ & $-0.019815$ & $-0.0389521$ & $0.0107197$ & $-0.0255928$ & $0.00740407$ & $-0.113543$ & $-0.0223544$ & $0.0387474$ & $-0.00634593$ & $-0.0293582$ & $-0.03577$ & $-0.107993$ & $-0.074132$ & $0.0478142$ & $0.257202$ & $0.145121$ & $-0.0611211$ & $0.236443$ & $-0.0232366$ & $0.12274$ & $0.00039512$ & $0.150945$ & $-0.0733597$ & $-0.147404$ & $-0.0517129$ & $-0.120773$ & $-0.0534826$ & $-0.201085$ \\
mHl & $-0.0186325$ & $-0.167959$ & $0.19776$ & $1$ & $0.00937543$ & $-0.0514603$ & $-0.0499946$ & $0.0204208$ & $0.0182033$ & $-0.00642194$ & $-0.00969731$ & $0.00893783$ & $0.0110734$ & $-0.023657$ & $-0.0315718$ & $-0.0128138$ & $0.00252808$ & $0.0045583$ & $-0.0103411$ & $0.0014235$ & $0.0130541$ & $0.015011$ & $-0.00604882$ & $-0.0159597$ & $0.000887448$ & $-0.00269765$ & $0.0385726$ & $0.0285492$ & $0.00733911$ & $0.0421316$ & $0.0236669$ & $-0.0546492$ & $-0.0777871$ & $0.0472313$ & $-0.121782$ & $0.102849$ & $-0.0448559$ & $-0.0192997$ & $0.0195722$ & $0.0176574$ & $0.278921$ & $-0.0171495$ & $-0.0458372$ & $0.0480428$ & $-0.00998085$ & $-0.102624$ & $0.0390649$ & $-0.0010606$ & $-0.224632$ \\
Mz & $0.000484939$ & $-0.0344569$ & $-0.0295899$ & $0.00937543$ & $1$ & $-0.0219889$ & $0.00511974$ & $-0.0460422$ & $-0.0497967$ & $0.0423096$ & $0.0411943$ & $-0.00449067$ & $-0.0359212$ & $-0.00382769$ & $-0.00671689$ & $-0.0226154$ & $0.0406322$ & $0.0273148$ & $0.0409921$ & $-0.0323102$ & $-0.0323308$ & $-0.0263389$ & $-0.00184755$ & $0.0329552$ & $0.0391794$ & $0.0293929$ & $-0.00512608$ & $-0.0176838$ & $0.0249935$ & $-0.0370672$ & $0.0168845$ & $0.00954429$ & $0.000330816$ & $-0.0269003$ & $-0.00199837$ & $-0.0126665$ & $-0.00230075$ & $0.00384734$ & $-0.0465725$ & $-0.0119423$ & $0.0039982$ & $0.0224633$ & $-0.00810581$ & $0.0118792$ & $-0.0347455$ & $-0.00389706$ & $0.0160667$ & $0.0255954$ & $0.0339342$ \\
CW & $0.0340123$ & $-0.00751013$ & $-0.0172221$ & $-0.0514603$ & $-0.0219889$ & $1$ & $-0.0409284$ & $-0.128075$ & $-0.126525$ & $0.00944372$ & $0.199519$ & $0.051054$ & $0.00206461$ & $0.014584$ & $-0.0822459$ & $-0.0609548$ & $-0.287891$ & $-0.0618822$ & $-0.0770566$ & $-0.198288$ & $-0.206016$ & $-0.200967$ & $-0.0417618$ & $-0.0185632$ & $-0.11379$ & $0.133095$ & $-0.108365$ & $-0.0737633$ & $0.0247123$ & $0.00431663$ & $-0.0134832$ & $-0.0523878$ & $-0.00398798$ & $-0.12633$ & $0.0616461$ & $-0.0201468$ & $0.0323337$ & $-0.00800193$ & $-0.0195256$ & $-0.00798722$ & $-0.037976$ & $0.0508302$ & $-0.0036492$ & $-0.00617437$ & $-0.0487559$ & $0.00105355$ & $-0.00712921$ & $0.024369$ & $0.0314191$ \\
CHG & $0.106971$ & $-0.070052$ & $-0.0369427$ & $-0.0499946$ & $0.00511974$ & $-0.0409284$ & $1$ & $-0.121113$ & $-0.0709324$ & $0.0783143$ & $0.0726585$ & $-0.197498$ & $-0.31218$ & $0.0512249$ & $-0.0455439$ & $-0.0387922$ & $0.105447$ & $0.118966$ & $0.114855$ & $-0.0754535$ & $-0.0762503$ & $-0.0681308$ & $0.0181442$ & $0.125967$ & $0.121192$ & $0.0455799$ & $-0.00421849$ & $-0.0132533$ & $0.0272085$ & $-0.127977$ & $-0.105592$ & $0.941006$ & $-0.108568$ & $-0.0562094$ & $-0.0183482$ & $-0.0149235$ & $-0.0402862$ & $0.0115021$ & $0.0687759$ & $-0.00778835$ & $0.0112292$ & $0.0351149$ & $0.00662223$ & $0.0844678$ & $0.084684$ & $0.06581$ & $0.0130709$ & $0.0267151$ & $0.14982$ \\
CHWB & $-0.0354313$ & $-0.0229208$ & $-0.0232266$ & $0.0204208$ & $-0.0460422$ & $-0.128075$ & $-0.121113$ & $1$ & $0.985017$ & $-0.577637$ & $-0.87735$ & $-0.0133764$ & $0.363396$ & $0.0721718$ & $0.325521$ & $0.317223$ & $-0.252538$ & $-0.460587$ & $-0.459288$ & $0.8501$ & $0.893101$ & $0.873649$ & $0.036419$ & $-0.68636$ & $-0.44279$ & $-0.49393$ & $0.38283$ & $0.284782$ & $0.0371785$ & $0.115$ & $0.0917209$ & $-0.119811$ & $0.0997453$ & $0.542766$ & $-0.0678014$ & $-0.00961063$ & $-0.037914$ & $-0.0286236$ & $-0.00969902$ & $-0.00902801$ & $-0.0834945$ & $-0.025648$ & $0.0664806$ & $-0.0849931$ & $-0.0544009$ & $-0.0213998$ & $-0.00327119$ & $-0.0167106$ & $-0.0539709$ \\
CHWHB_gaga & $-0.0317009$ & $-0.0287836$ & $-0.0179729$ & $0.0182033$ & $-0.0497967$ & $-0.126525$ & $-0.0709324$ & $0.985017$ & $1$ & $-0.569973$ & $-0.858364$ & $0.00620653$ & $0.363785$ & $0.0609877$ & $0.321053$ & $0.308645$ & $-0.261103$ & $-0.464496$ & $-0.459472$ & $0.831302$ & $0.873887$ & $0.856408$ & $0.0384783$ & $-0.683102$ & $-0.444035$ & $-0.48316$ & $0.379579$ & $0.278526$ & $0.0451248$ & $0.138061$ & $0.101299$ & $-0.0768519$ & $0.125393$ & $0.533151$ & $-0.0768011$ & $-0.0101399$ & $-0.0378568$ & $-0.026385$ & $-0.00382432$ & $-0.012018$ & $-0.0810923$ & $-0.0227793$ & $0.0995316$ & $-0.0823697$ & $-0.0541442$ & $-0.0210266$ & $0.00458855$ & $-0.0209961$ & $-0.0412216$ \\
CHWHB_gagaorth & $0.0509626$ & $-0.00331831$ & $0.00415718$ & $-0.00642194$ & $0.0423096$ & $0.00944372$ & $0.0783143$ & $-0.577637$ & $-0.569973$ & $1$ & $0.360442$ & $0.35369$ & $-0.26894$ & $0.24446$ & $-0.174599$ & $-0.161125$ & $0.442573$ & $0.517509$ & $0.510811$ & $-0.352528$ & $-0.371308$ & $-0.366127$ & $-0.0276054$ & $0.564135$ & $0.517387$ & $0.209087$ & $-0.170475$ & $-0.134004$ & $-0.02645$ & $-0.130512$ & $-0.10394$ & $0.0896276$ & $-0.124748$ & $-0.313911$ & $0.0706587$ & $0.00681727$ & $0.0345438$ & $0.0327009$ & $0.0186548$ & $0.0193321$ & $0.0241612$ & $0.0307673$ & $-0.0727948$ & $0.0689925$ & $0.0476024$ & $0.00376451$ & $0.0102554$ & $0.0350363$ & $0.0635876$ \\
CHD & $0.0275276$ & $0.00135477$ & $0.0184373$ & $-0.00969731$ & $0.0411943$ & $0.199519$ & $0.0726585$ & $-0.87735$ & $-0.858364$ & $0.360442$ & $1$ & $0.144778$ & $-0.172581$ & $-0.49024$ & $-0.4374$ & $-0.426772$ & $-0.207173$ & $0.093582$ & $0.0884227$ & $-0.990509$ & $-0.991518$ & $-0.969902$ & $0.00368485$ & $0.322028$ & $0.0457182$ & $0.551284$ & $-0.279606$ & $-0.310902$ & $-0.0206074$ & $-0.0559745$ & $-0.0442731$ & $0.0804189$ & $-0.0487477$ & $-0.35551$ & $0.0621708$ & $0.00216524$ & $0.0242665$ & $0.0369903$ & $0.0186607$ & $0.00460446$ & $0.0733875$ & $0.0362986$ & $-0.0504744$ & $0.0764517$ & $0.0524621$ & $0.0360784$ & $0.0338069$ & $-0.00812282$ & $0.0462366$ \\
CHbox & $0.039721$ & $-0.00158513$ & $0.0201543$ & $0.00893783$ & $-0.00449067$ & $0.051054$ & $-0.197498$ & $-0.0133764$ & $0.00620653$ & $0.35369$ & $0.144778$ & $1$ & $0.588108$ & $-0.277844$ & $0.00915127$ & $-0.0136434$ & $-0.264645$ & $-0.241228$ & $-0.22509$ & $-0.130996$ & $-0.145135$ & $-0.142437$ & $-0.014615$ & $-0.130009$ & $-0.231671$ & $0.0847011$ & $-0.0473037$ & $-0.0783296$ & $0.0513616$ & $0.349339$ & $0.133462$ & $-0.105465$ & $0.388585$ & $-0.0295818$ & $0.0970461$ & $0.0229291$ & $0.00913551$ & $0.0120804$ & $0.0155074$ & $0.0176367$ & $-0.0171015$ & $0.0312081$ & $-0.0276023$ & $0.0271969$ & $0.000235434$ & $-0.00176059$ & $0.0371742$ & $0.0401822$ & $-0.0152177$ \\
CH & $-0.0116663$ & $0.00678525$ & $0.00917062$ & $0.0110734$ & $-0.0359212$ & $0.00206461$ & $-0.31218$ & $0.363396$ & $0.363785$ & $-0.26894$ & $-0.172581$ & $0.588108$ & $1$ & $-0.275351$ & $0.112592$ & $0.0886431$ & $-0.37783$ & $-0.425786$ & $-0.409035$ & $0.17101$ & $0.18166$ & $0.178929$ & $0.0240529$ & $-0.406494$ & $-0.423099$ & $-0.122624$ & $0.0921698$ & $0.0450293$ & $0.0596602$ & $0.300122$ & $0.149953$ & $-0.263591$ & $0.328894$ & $0.195468$ & $-0.0030091$ & $0.00908748$ & $-0.0393985$ & $-0.0124639$ & $-0.0148434$ & $0.00853435$ & $-0.0614432$ & $-0.0209801$ & $0.0298665$ & $-0.0301559$ & $-0.0348832$ & $-0.0231491$ & $-0.000606714$ & $-0.0113791$ & $-0.0611913$ \\
CHL1_11 & $0.0119847$ & $0.00398002$ & $0.00889659$ & $-0.023657$ & $-0.00382769$ & $0.014584$ & $0.0512249$ & $0.0721718$ & $0.0609877$ & $0.24446$ & $-0.49024$ & $-0.277844$ & $-0.275351$ & $1$ & $0.249278$ & $0.237631$ & $0.650488$ & $0.589233$ & $0.600402$ & $0.505312$ & $0.453467$ & $0.440939$ & $-0.064718$ & $0.470816$ & $0.612113$ & $-0.253876$ & $-0.0681298$ & $0.139241$ & $-0.0256583$ & $-0.0850379$ & $-0.0521211$ & $0.0312167$ & $-0.0689465$ & $-0.218284$ & $-0.0152884$ & $0.0118508$ & $0.00455321$ & $-0.0158916$ & $-0.015823$ & $0.0109822$ & $-0.0184039$ & $-0.0131988$ & $0.00622291$ & $-0.0281335$ & $-0.0136878$ & $-0.0334653$ & $-0.0556996$ & $0.0402258$ & $0.0141368$ \\
CHL1_22 & $-0.0759212$ & $0.0470713$ & $0.0561072$ & $-0.0315718$ & $-0.00671689$ & $-0.0822459$ & $-0.0455439$ & $0.325521$ & $0.321053$ & $-0.174599$ & $-0.4374$ & $0.00915127$ & $0.112592$ & $0.249278$ & $1$ & $0.43646$ & $0.140076$ & $-0.47818$ & $-0.0512214$ & $0.502179$ & $0.357265$ & $0.348903$ & $-0.185303$ & $0.0630733$ & $-0.142298$ & $-0.177634$ & $-0.395277$ & $0.0903347$ & $0.0326619$ & $0.0620017$ & $0.0478664$ & $-0.0331699$ & $0.0550396$ & $-0.587178$ & $-0.0147577$ & $0.0163598$ & $0.0116266$ & $-0.00844771$ & $0.0356991$ & $-0.0363952$ & $0.00562971$ & $-0.0486158$ & $0.0296879$ & $-0.0381691$ & $0.00418631$ & $0.0412975$ & $-0.0412436$ & $0.0218502$ & $-0.0530402$ \\
CHL1_33 & $-0.0604831$ & $0.00281891$ & $0.0267321$ & $-0.0128138$ & $-0.0226154$ & $-0.0609548$ & $-0.0387922$ & $0.317223$ & $0.308645$ & $-0.161125$ & $-0.426772$ & $-0.0136434$ & $0.0886431$ & $0.237631$ & $0.43646$ & $1$ & $0.141799$ & $-0.0534784$ & $-0.454437$ & $0.4885$ & $0.348211$ & $0.36562$ & $-0.205883$ & $0.0619833$ & $-0.136581$ & $-0.151572$ & $-0.381639$ & $0.0629013$ & $0.00634318$ & $0.0109147$ & $0.00929136$ & $-0.0311432$ & $0.0099707$ & $-0.0735324$ & $0.0161429$ & $0.00339199$ & $0.00211525$ & $-0.0295985$ & $0.0296598$ & $0.00665998$ & $0.00177506$ & $-0.0283762$ & $-0.00988489$ & $-0.0132578$ & $-0.0265368$ & $-0.0190492$ & $-0.0314696$ & $0.0452866$ & $-0.069694$ \\
CHL3_11 & $0.00148278$ & $0.0365984$ & $0.007748$ & $0.00252808$ & $0.0406322$ & $-0.287891$ & $0.105447$ & $-0.252538$ & $-0.261103$ & $0.442573$ & $-0.207173$ & $-0.264645$ & $-0.37783$ & $0.650488$ & $0.140076$ & $0.141799$ & $1$ & $0.732402$ & $0.735101$ & $0.228508$ & $0.178419$ & $0.175121$ & $-0.0373716$ & $0.67914$ & $0.803332$ & $-0.111238$ & $-0.104702$ & $0.051073$ & $-0.0296493$ & $-0.118323$ & $-0.105139$ & $0.0856569$ & $-0.110378$ & $-0.234654$ & $-0.00122305$ & $0.015596$ & $0.0347584$ & $-0.0202548$ & $-0.0238957$ & $0.00521987$ & $0.028322$ & $-0.0238887$ & $-0.0324975$ & $0.0325929$ & $-0.00195986$ & $-0.0322989$ & $-0.0618998$ & $0.0365669$ & $0.0105828$ \\
CHL3_22 & $0.0585075$ & $-0.0103864$ & $-0.0200444$ & $0.0045583$ & $0.0273148$ & $-0.0618822$ & $0.118966$ & $-0.460587$ & $-0.464496$ & $0.517509$ & $0.093582$ & $-0.241228$ & $-0.425786$ & $0.589233$ & $-0.47818$ & $-0.0534784$ & $0.732402$ & $1$ & $0.679768$ & $-0.0990142$ & $-0.0858084$ & $-0.0816655$ & $0.0429094$ & $0.63404$ & $0.812045$ & $0.0306074$ & $0.0502791$ & $-0.0260532$ & $-0.0537163$ & $-0.153193$ & $-0.118448$ & $0.0947445$ & $-0.133777$ & $0.0506405$ & $0.0224009$ & $0.00222211$ & $0.0200036$ & $-0.0112875$ & $-0.0358201$ & $0.0333233$ & $0.0168659$ & $0.0169829$ & $-0.0495028$ & $0.0456731$ & $-0.00282106$ & $-0.0562951$ & $-0.0284715$ & $0.030209$ & $0.0474417$ \\
CHL3_33 & $0.0438671$ & $0.028318$ & $0.00361834$ & $-0.0103411$ & $0.0409921$ & $-0.0770566$ & $0.114855$ & $-0.459288$ & $-0.459472$ & $0.510811$ & $0.0884227$ & $-0.22509$ & $-0.409035$ & $0.600402$ & $-0.0512214$ & $-0.454437$ & $0.735101$ & $0.679768$ & $1$ & $-0.0911269$ & $-0.0810583$ & $-0.0754917$ & $0.0523186$ & $0.640147$ & $0.81257$ & $0.0155452$ & $0.0361243$ & $-0.00339448$ & $-0.0300869$ & $-0.113008$ & $-0.0870719$ & $0.0961299$ & $-0.0953202$ & $-0.345131$ & $-0.000653335$ & $0.012109$ & $0.0212396$ & $0.000382068$ & $-0.0255826$ & $0.00319999$ & $0.0181174$ & $0.00288883$ & $-0.0182711$ & $0.0263318$ & $0.0196876$ & $-0.00520006$ & $-0.0383671$ & $0.0192535$ & $0.0627557$ \\
CHe_11 & $-0.0400741$ & $0.0175385$ & $-0.00729283$ & $0.0014235$ & $-0.0323102$ & $-0.198288$ & $-0.0754535$ & $0.8501$ & $0.831302$ & $-0.352528$ & $-0.990509$ & $-0.130996$ & $0.17101$ & $0.505312$ & $0.502179$ & $0.4885$ & $0.228508$ & $-0.0990142$ & $-0.0911269$ & $1$ & $0.973296$ & $0.95297$ & $-0.0303787$ & $-0.271687$ & $-0.0381133$ & $-0.536407$ & $0.205371$ & $0.298401$ & $0.0190059$ & $0.0549327$ & $0.0436451$ & $-0.0805167$ & $0.049988$ & $0.276883$ & $-0.0576592$ & $0.000667393$ & $-0.0262053$ & $-0.0396657$ & $-0.0176815$ & $-0.00540833$ & $-0.0656631$ & $-0.0387191$ & $0.0439742$ & $-0.0801516$ & $-0.048051$ & $-0.0339175$ & $-0.0414642$ & $0.0148871$ & $-0.0532354$ \\
CHe_22 & $-0.0298433$ & $0.0103729$ & $-0.0222461$ & $0.0130541$ & $-0.0323308$ & $-0.206016$ & $-0.0762503$ & $0.893101$ & $0.873887$ & $-0.371308$ & $-0.991518$ & $-0.145135$ & $0.18166$ & $0.453467$ & $0.357265$ & $0.348211$ & $0.178419$ & $-0.0858084$ & $-0.0810583$ & $0.973296$ & $1$ & $0.974876$ & $0.0244588$ & $-0.372654$ & $-0.0521319$ & $-0.557165$ & $0.35784$ & $0.319198$ & $0.0202681$ & $0.057542$ & $0.0442718$ & $-0.0854232$ & $0.0486669$ & $0.438571$ & $-0.0700341$ & $-0.00184821$ & $-0.0298573$ & $-0.0352461$ & $-0.0260672$ & $-0.00492386$ & $-0.0758499$ & $-0.0342741$ & $0.0528591$ & $-0.0839053$ & $-0.052901$ & $-0.0380964$ & $-0.0340001$ & $0.00242347$ & $-0.0435317$ \\
CHe_33 & $-0.0339642$ & $0.0182665$ & $-0.019815$ & $0.015011$ & $-0.0263389$ & $-0.200967$ & $-0.0681308$ & $0.873649$ & $0.856408$ & $-0.366127$ & $-0.969902$ & $-0.142437$ & $0.178929$ & $0.440939$ & $0.348903$ & $0.36562$ & $0.175121$ & $-0.0816655$ & $-0.0754917$ & $0.95297$ & $0.974876$ & $1$ & $0.0223716$ & $-0.363578$ & $-0.0476235$ & $-0.544216$ & $0.351957$ & $0.31098$ & $0.0269978$ & $0.0602021$ & $0.0474229$ & $-0.0769268$ & $0.0509432$ & $0.432564$ & $-0.0690161$ & $-0.00201387$ & $-0.0404033$ & $-0.0371695$ & $-0.0199584$ & $-0.00430131$ & $-0.0715894$ & $-0.0301522$ & $0.0548299$ & $-0.0847948$ & $-0.0528195$ & $-0.0354612$ & $-0.0374498$ & $0.00631664$ & $-0.0439443$ \\
CHQ1_11 & $-0.0274684$ & $-0.0302066$ & $-0.0389521$ & $-0.00604882$ & $-0.00184755$ & $-0.0417618$ & $0.0181442$ & $0.036419$ & $0.0384783$ & $-0.0276054$ & $0.00368485$ & $-0.014615$ & $0.0240529$ & $-0.064718$ & $-0.185303$ & $-0.205883$ & $-0.0373716$ & $0.0429094$ & $0.0523186$ & $-0.0303787$ & $0.0244588$ & $0.0223716$ & $1$ & $-0.0986186$ & $0.104674$ & $-0.691478$ & $0.360027$ & $0.0249709$ & $0.011326$ & $0.0040138$ & $-0.0166029$ & $0.00233322$ & $-0.000588647$ & $0.193035$ & $-0.0686345$ & $0.0156422$ & $-0.0555808$ & $0.0213372$ & $0.0328834$ & $0.0110915$ & $-0.00808218$ & $0.0211164$ & $0.0120443$ & $0.00166893$ & $0.0651724$ & $0.0345202$ & $-0.0101577$ & $0.0157218$ & $0.0146523$ \\
CHQ1_33 & $0.00141141$ & $0.0184423$ & $0.0107197$ & $-0.0159597$ & $0.0329552$ & $-0.0185632$ & $0.125967$ & $-0.68636$ & $-0.683102$ & $0.564135$ & $0.322028$ & $-0.130009$ & $-0.406494$ & $0.470816$ & $0.0630733$ & $0.0619833$ & $0.67914$ & $0.63404$ & $0.640147$ & $-0.271687$ & $-0.372654$ & $-0.363578$ & $-0.0986186$ & $1$ & $0.674786$ & $0.198075$ & $-0.372406$ & $-0.0402352$ & $-0.0451866$ & $-0.124731$ & $-0.100286$ & $0.118342$ & $-0.114496$ & $-0.607988$ & $0.0275$ & $0.000329808$ & $0.0259418$ & $-0.00336801$ & $-5.56812e-05$ & $0.0168856$ & $0.0662194$ & $0.00242186$ & $-0.0588574$ & $0.0619473$ & $0.057071$ & $0.0191053$ & $-0.0403204$ & $0.0221742$ & $0.021153$ \\
CHQ3_11 & $-0.0180964$ & $0.0359839$ & $-0.0255928$ & $0.000887448$ & $0.0391794$ & $-0.11379$ & $0.121192$ & $-0.44279$ & $-0.444035$ & $0.517387$ & $0.0457182$ & $-0.231671$ & $-0.423099$ & $0.612113$ & $-0.142298$ & $-0.136581$ & $0.803332$ & $0.812045$ & $0.81257$ & $-0.0381133$ & $-0.0521319$ & $-0.0476235$ & $0.104674$ & $0.674786$ & $1$ & $-0.00215994$ & $0.209082$ & $-0.0293784$ & $-0.0271241$ & $-0.138091$ & $-0.0874024$ & $0.097645$ & $-0.121784$ & $-0.216188$ & $-0.0242505$ & $0.0292243$ & $0.00547618$ & $-0.0115704$ & $-0.0482387$ & $0.0163752$ & $0.0263332$ & $0.0057179$ & $-0.0456923$ & $-0.00660394$ & $0.023598$ & $-0.026968$ & $-0.0298253$ & $0.0208978$ & $0.0329111$ \\
CHu_11 & $0.0371396$ & $0.02423$ & $0.00740407$ & $-0.00269765$ & $0.0293929$ & $0.133095$ & $0.0455799$ & $-0.49393$ & $-0.48316$ & $0.209087$ & $0.551284$ & $0.0847011$ & $-0.122624$ & $-0.253876$ & $-0.177634$ & $-0.151572$ & $-0.111238$ & $0.0306074$ & $0.0155452$ & $-0.536407$ & $-0.557165$ & $-0.544216$ & $-0.691478$ & $0.198075$ & $-0.00215994$ & $1$ & $-0.218873$ & $-0.186634$ & $-0.0116319$ & $-0.0385106$ & $-0.00409783$ & $0.0614302$ & $-0.0265328$ & $-0.260467$ & $0.0592149$ & $-0.0159938$ & $0.0541634$ & $0.00323927$ & $-0.0405466$ & $0.00501543$ & $0.0294942$ & $-0.0100471$ & $-0.059501$ & $0.0228772$ & $-0.0294389$ & $-0.0348762$ & $0.0428415$ & $-0.0257249$ & $0.0147937$ \\
CHd_11 & $0.0501857$ & $0.000575198$ & $-0.113543$ & $0.0385726$ & $-0.00512608$ & $-0.108365$ & $-0.00421849$ & $0.38283$ & $0.379579$ & $-0.170475$ & $-0.279606$ & $-0.0473037$ & $0.0921698$ & $-0.0681298$ & $-0.395277$ & $-0.381639$ & $-0.104702$ & $0.0502791$ & $0.0361243$ & $0.205371$ & $0.35784$ & $0.351957$ & $0.360027$ & $-0.372406$ & $0.209082$ & $-0.218873$ & $1$ & $0.10848$ & $0.0259318$ & $0.0241488$ & $0.0477268$ & $-0.0165297$ & $0.0251805$ & $0.667767$ & $-0.0768153$ & $0.00660857$ & $-0.0432808$ & $-0.0100677$ & $-0.0777655$ & $0.0181938$ & $-0.0712275$ & $0.0191844$ & $0.0201772$ & $-0.0802963$ & $-0.00999274$ & $-0.0412908$ & $0.0590238$ & $-0.0359197$ & $0.0203901$ \\
CHd_33 & $0.0189831$ & $0.0263549$ & $-0.0223544$ & $0.0285492$ & $-0.0176838$ & $-0.0737633$ & $-0.0132533$ & $0.284782$ & $0.278526$ & $-0.134004$ & $-0.310902$ & $-0.0783296$ & $0.0450293$ & $0.139241$ & $0.0903347$ & $0.0629013$ & $0.051073$ & $-0.0260532$ & $-0.00339448$ & $0.298401$ & $0.319198$ & $0.31098$ & $0.0249709$ & $-0.0402352$ & $-0.0293784$ & $-0.186634$ & $0.10848$ & $1$ & $-0.0115536$ & $0.0031516$ & $-0.00494948$ & $-0.0276762$ & $-0.000223542$ & $0.158516$ & $-0.073276$ & $-0.0692173$ & $0.0209019$ & $-0.0111118$ & $-0.0116245$ & $0.0136085$ & $-0.0305206$ & $-0.0655827$ & $0.0137701$ & $0.022446$ & $-0.00960199$ & $-0.00216578$ & $-0.0209452$ & $0.0314566$ & $-0.0135513$ \\
CeH_22r & $0.013179$ & $0.00956664$ & $0.0387474$ & $0.00733911$ & $0.0249935$ & $0.0247123$ & $0.0272085$ & $0.0371785$ & $0.0451248$ & $-0.02645$ & $-0.0206074$ & $0.0513616$ & $0.0596602$ & $-0.0256583$ & $0.0326619$ & $0.00634318$ & $-0.0296493$ & $-0.0537163$ & $-0.0300869$ & $0.0190059$ & $0.0202681$ & $0.0269978$ & $0.011326$ & $-0.0451866$ & $-0.0271241$ & $-0.0116319$ & $0.0259318$ & $-0.0115536$ & $1$ & $0.0507259$ & $0.0268201$ & $0.0177966$ & $0.0520737$ & $0.00457735$ & $0.011308$ & $-0.0192777$ & $-0.0105497$ & $0.000470799$ & $-0.0144869$ & $0.0297849$ & $0.0411607$ & $0.0429024$ & $0.0250272$ & $0.00523309$ & $0.00852517$ & $-0.00030187$ & $0.00581457$ & $-0.0304704$ & $0.0163606$ \\
CeH_33r & $0.0165473$ & $0.00727326$ & $-0.00634593$ & $0.0421316$ & $-0.0370672$ & $0.00431663$ & $-0.127977$ & $0.115$ & $0.138061$ & $-0.130512$ & $-0.0559745$ & $0.349339$ & $0.300122$ & $-0.0850379$ & $0.0620017$ & $0.0109147$ & $-0.118323$ & $-0.153193$ & $-0.113008$ & $0.0549327$ & $0.057542$ & $0.0602021$ & $0.0040138$ & $-0.124731$ & $-0.138091$ & $-0.0385106$ & $0.0241488$ & $0.0031516$ & $0.0507259$ & $1$ & $0.337529$ & $0.0162255$ & $0.651438$ & $0.037796$ & $-0.0362383$ & $0.0377235$ & $-0.120122$ & $-0.0184272$ & $-0.0206139$ & $0.0115527$ & $0.00472287$ & $0.0172635$ & $0.0455587$ & $-0.0550676$ & $0.00326632$ & $-0.0642911$ & $0.0168533$ & $0.00547523$ & $-0.0259692$ \\
CuH_22r & $0.05438$ & $-0.0845944$ & $-0.0293582$ & $0.0236669$ & $0.0168845$ & $-0.0134832$ & $-0.105592$ & $0.0917209$ & $0.101299$ & $-0.10394$ & $-0.0442731$ & $0.133462$ & $0.149953$ & $-0.0521211$ & $0.0478664$ & $0.00929136$ & $-0.105139$ & $-0.118448$ & $-0.0870719$ & $0.0436451$ & $0.0442718$ & $0.0474229$ & $-0.0166029$ & $-0.100286$ & $-0.0874024$ & $-0.00409783$ & $0.0477268$ & $-0.00494948$ & $0.0268201$ & $0.337529$ & $1$ & $-0.00361208$ & $0.430832$ & $0.0213492$ & $0.0464648$ & $0.0260536$ & $-0.0307008$ & $-0.0184981$ & $0.0094347$ & $0.0141118$ & $-0.0100858$ & $0.0432651$ & $0.08126$ & $0.030854$ & $0.0315108$ & $0.0712323$ & $0.281262$ & $0.00502129$ & $0.0889936$ \\
CuH_33r & $0.131783$ & $-0.0712837$ & $-0.03577$ & $-0.0546492$ & $0.00954429$ & $-0.0523878$ & $0.941006$ & $-0.119811$ & $-0.0768519$ & $0.0896276$ & $0.0804189$ & $-0.105465$ & $-0.263591$ & $0.0312167$ & $-0.0331699$ & $-0.0311432$ & $0.0856569$ & $0.0947445$ & $0.0961299$ & $-0.0805167$ & $-0.0854232$ & $-0.0769268$ & $0.00233322$ & $0.118342$ & $0.097645$ & $0.0614302$ & $-0.0165297$ & $-0.0276762$ & $0.0177966$ & $0.0162255$ & $-0.00361208$ & $1$ & $0.0763047$ & $-0.0669048$ & $0.0371789$ & $0.0143529$ & $-0.051751$ & $-0.00159981$ & $0.0822629$ & $-0.005584$ & $0.00226656$ & $0.0416799$ & $0.0151902$ & $0.0844887$ & $0.0808302$ & $0.0738261$ & $0.0352455$ & $0.0443534$ & $0.168926$ \\
CdH_33r & $0.123527$ & $-0.0144834$ & $-0.107993$ & $-0.0777871$ & $0.000330816$ & $-0.00398798$ & $-0.108568$ & $0.0997453$ & $0.125393$ & $-0.124748$ & $-0.0487477$ & $0.388585$ & $0.328894$ & $-0.0689465$ & $0.0550396$ & $0.0099707$ & $-0.110378$ & $-0.133777$ & $-0.0953202$ & $0.049988$ & $0.0486669$ & $0.0509432$ & $-0.000588647$ & $-0.114496$ & $-0.121784$ & $-0.0265328$ & $0.0251805$ & $-0.000223542$ & $0.0520737$ & $0.651438$ & $0.430832$ & $0.0763047$ & $1$ & $0.0258083$ & $0.0474778$ & $0.0123822$ & $-0.0934653$ & $-0.0506363$ & $0.051443$ & $0.0058761$ & $-0.0805715$ & $0.00764459$ & $0.129856$ & $0.0227853$ & $0.0143239$ & $0.0560495$ & $0.125636$ & $0.257331$ & $0.42088$ \\
CLL_1221 & $0.0246736$ & $-0.0158154$ & $-0.074132$ & $0.0472313$ & $-0.0269003$ & $-0.12633$ & $-0.0562094$ & $0.542766$ & $0.533151$ & $-0.313911$ & $-0.35551$ & $-0.0295818$ & $0.195468$ & $-0.218284$ & $-0.587178$ & $-0.0735324$ & $-0.234654$ & $0.0506405$ & $-0.345131$ & $0.276883$ & $0.438571$ & $0.432564$ & $0.193035$ & $-0.607988$ & $-0.216188$ & $-0.260467$ & $0.667767$ & $0.158516$ & $0.00457735$ & $0.037796$ & $0.0213492$ & $-0.0669048$ & $0.0258083$ & $1$ & $-0.0459688$ & $-0.0189376$ & $-0.0396249$ & $-0.0179426$ & $-0.052008$ & $0.0210264$ & $-0.065364$ & $0.0135033$ & $0.0254999$ & $-0.0391048$ & $-0.04967$ & $-0.0586647$ & $0.0234195$ & $-0.0307155$ & $-0.00991034$ \\
eHggint & $0.328736$ & $-0.0263611$ & $0.0478142$ & $-0.121782$ & $-0.00199837$ & $0.0616461$ & $-0.0183482$ & $-0.0678014$ & $-0.0768011$ & $0.0706587$ & $0.0621708$ & $0.0970461$ & $-0.0030091$ & $-0.0152884$ & $-0.0147577$ & $0.0161429$ & $-0.00122305$ & $0.0224009$ & $-0.000653335$ & $-0.0576592$ & $-0.0700341$ & $-0.0690161$ & $-0.0686345$ & $0.0275$ & $-0.0242505$ & $0.0592149$ & $-0.0768153$ & $-0.073276$ & $0.011308$ & $-0.0362383$ & $0.0464648$ & $0.0371789$ & $0.0474778$ & $-0.0459688$ & $1$ & $0.0094405$ & $0.180303$ & $-0.0134965$ & $0.0574817$ & $-0.0249219$ & $-0.0385944$ & $0.134716$ & $0.0348179$ & $0.200989$ & $-0.227732$ & $0.194521$ & $0.175677$ & $0.091846$ & $0.151332$ \\
eHggpar & $-0.0267324$ & $0.0754071$ & $0.257202$ & $0.102849$ & $-0.0126665$ & $-0.0201468$ & $-0.0149235$ & $-0.00961063$ & $-0.0101399$ & $0.00681727$ & $0.00216524$ & $0.0229291$ & $0.00908748$ & $0.0118508$ & $0.0163598$ & $0.00339199$ & $0.015596$ & $0.00222211$ & $0.012109$ & $0.000667393$ & $-0.00184821$ & $-0.00201387$ & $0.0156422$ & $0.000329808$ & $0.0292243$ & $-0.0159938$ & $0.00660857$ & $-0.0692173$ & $-0.0192777$ & $0.0377235$ & $0.0260536$ & $0.0143529$ & $0.0123822$ & $-0.0189376$ & $0.0094405$ & $1$ & $-0.134234$ & $0.0569903$ & $0.323993$ & $-0.0130954$ & $-0.0652421$ & $-0.0283637$ & $-0.0123277$ & $-0.289731$ & $0.126833$ & $-0.0300923$ & $0.117842$ & $0.203564$ & $-0.0879953$ \\
eHWWint & $0.249649$ & $-0.159478$ & $0.145121$ & $-0.0448559$ & $-0.00230075$ & $0.0323337$ & $-0.0402862$ & $-0.037914$ & $-0.0378568$ & $0.0345438$ & $0.0242665$ & $0.00913551$ & $-0.0393985$ & $0.00455321$ & $0.0116266$ & $0.00211525$ & $0.0347584$ & $0.0200036$ & $0.0212396$ & $-0.0262053$ & $-0.0298573$ & $-0.0404033$ & $-0.0555808$ & $0.0259418$ & $0.00547618$ & $0.0541634$ & $-0.0432808$ & $0.0209019$ & $-0.0105497$ & $-0.120122$ & $-0.0307008$ & $-0.051751$ & $-0.0934653$ & $-0.0396249$ & $0.180303$ & $-0.134234$ & $1$ & $0.00408901$ & $0.0419643$ & $-0.0458141$ & $-0.116512$ & $0.108887$ & $0.207029$ & $0.327912$ & $-0.159159$ & $-0.0905228$ & $0.113707$ & $-0.0235308$ & $0.0576177$ \\
eHWWpar & $0.063149$ & $0.0443472$ & $-0.0611211$ & $-0.0192997$ & $0.00384734$ & $-0.00800193$ & $0.0115021$ & $-0.0286236$ & $-0.026385$ & $0.0327009$ & $0.0369903$ & $0.0120804$ & $-0.0124639$ & $-0.0158916$ & $-0.00844771$ & $-0.0295985$ & $-0.0202548$ & $-0.0112875$ & $0.000382068$ & $-0.0396657$ & $-0.0352461$ & $-0.0371695$ & $0.0213372$ & $-0.00336801$ & $-0.0115704$ & $0.00323927$ & $-0.0100677$ & $-0.0111118$ & $0.000470799$ & $-0.0184272$ & $-0.0184981$ & $-0.00159981$ & $-0.0506363$ & $-0.0179426$ & $-0.0134965$ & $0.0569903$ & $0.00408901$ & $1$ & $-0.0381359$ & $0.0224244$ & $-0.0222261$ & $0.0345415$ & $-0.00636486$ & $-0.00156462$ & $0.0473164$ & $0.0395718$ & $0.00783113$ & $-0.0339098$ & $-0.010557$ \\
eHZZint & $0.0321663$ & $-0.223706$ & $0.236443$ & $0.0195722$ & $-0.0465725$ & $-0.0195256$ & $0.0687759$ & $-0.00969902$ & $-0.00382432$ & $0.0186548$ & $0.0186607$ & $0.0155074$ & $-0.0148434$ & $-0.015823$ & $0.0356991$ & $0.0296598$ & $-0.0238957$ & $-0.0358201$ & $-0.0255826$ & $-0.0176815$ & $-0.0260672$ & $-0.0199584$ & $0.0328834$ & $-5.56812e-05$ & $-0.0482387$ & $-0.0405466$ & $-0.0777655$ & $-0.0116245$ & $-0.0144869$ & $-0.0206139$ & $0.0094347$ & $0.0822629$ & $0.051443$ & $-0.052008$ & $0.0574817$ & $0.323993$ & $0.0419643$ & $-0.0381359$ & $1$ & $-0.00943953$ & $-0.136181$ & $0.00434436$ & $-0.0162479$ & $0.03282$ & $0.116318$ & $0.118307$ & $0.113771$ & $0.296855$ & $0.118635$ \\
eHZZpar & $0.0146805$ & $-0.0281662$ & $-0.0232366$ & $0.0176574$ & $-0.0119423$ & $-0.00798722$ & $-0.00778835$ & $-0.00902801$ & $-0.012018$ & $0.0193321$ & $0.00460446$ & $0.0176367$ & $0.00853435$ & $0.0109822$ & $-0.0363952$ & $0.00665998$ & $0.00521987$ & $0.0333233$ & $0.00319999$ & $-0.00540833$ & $-0.00492386$ & $-0.00430131$ & $0.0110915$ & $0.0168856$ & $0.0163752$ & $0.00501543$ & $0.0181938$ & $0.0136085$ & $0.0297849$ & $0.0115527$ & $0.0141118$ & $-0.005584$ & $0.0058761$ & $0.0210264$ & $-0.0249219$ & $-0.0130954$ & $-0.0458141$ & $0.0224244$ & $-0.00943953$ & $1$ & $0.0318302$ & $-0.00354577$ & $-0.0179314$ & $-0.061736$ & $0.0493452$ & $-0.0207139$ & $-0.0286489$ & $0.0738638$ & $-0.0162385$ \\
eHZgaint & $-0.143194$ & $0.0729643$ & $0.12274$ & $0.278921$ & $0.0039982$ & $-0.037976$ & $0.0112292$ & $-0.0834945$ & $-0.0810923$ & $0.0241612$ & $0.0733875$ & $-0.0171015$ & $-0.0614432$ & $-0.0184039$ & $0.00562971$ & $0.00177506$ & $0.028322$ & $0.0168659$ & $0.0181174$ & $-0.0656631$ & $-0.0758499$ & $-0.0715894$ & $-0.00808218$ & $0.0662194$ & $0.0263332$ & $0.0294942$ & $-0.0712275$ & $-0.0305206$ & $0.0411607$ & $0.00472287$ & $-0.0100858$ & $0.00226656$ & $-0.0805715$ & $-0.065364$ & $-0.0385944$ & $-0.0652421$ & $-0.116512$ & $-0.0222261$ & $-0.136181$ & $0.0318302$ & $1$ & $-0.0858809$ & $0.068778$ & $0.00314811$ & $0.298752$ & $0.140095$ & $-0.0147716$ & $-0.182951$ & $-0.103853$ \\
eHZgapar & $0.0349896$ & $-0.0676933$ & $0.00039512$ & $-0.0171495$ & $0.0224633$ & $0.0508302$ & $0.0351149$ & $-0.025648$ & $-0.0227793$ & $0.0307673$ & $0.0362986$ & $0.0312081$ & $-0.0209801$ & $-0.0131988$ & $-0.0486158$ & $-0.0283762$ & $-0.0238887$ & $0.0169829$ & $0.00288883$ & $-0.0387191$ & $-0.0342741$ & $-0.0301522$ & $0.0211164$ & $0.00242186$ & $0.0057179$ & $-0.0100471$ & $0.0191844$ & $-0.0655827$ & $0.0429024$ & $0.0172635$ & $0.0432651$ & $0.0416799$ & $0.00764459$ & $0.0135033$ & $0.134716$ & $-0.0283637$ & $0.108887$ & $0.0345415$ & $0.00434436$ & $-0.00354577$ & $-0.0858809$ & $1$ & $0.0633037$ & $0.111882$ & $-0.0568316$ & $0.040436$ & $0.0555999$ & $0.0596099$ & $0.00381087$ \\
eHgagaint & $0.0881089$ & $-0.0260204$ & $0.150945$ & $-0.0458372$ & $-0.00810581$ & $-0.0036492$ & $0.00662223$ & $0.0664806$ & $0.0995316$ & $-0.0727948$ & $-0.0504744$ & $-0.0276023$ & $0.0298665$ & $0.00622291$ & $0.0296879$ & $-0.00988489$ & $-0.0324975$ & $-0.0495028$ & $-0.0182711$ & $0.0439742$ & $0.0528591$ & $0.0548299$ & $0.0120443$ & $-0.0588574$ & $-0.0456923$ & $-0.059501$ & $0.0201772$ & $0.0137701$ & $0.0250272$ & $0.0455587$ & $0.08126$ & $0.0151902$ & $0.129856$ & $0.0254999$ & $0.0348179$ & $-0.0123277$ & $0.207029$ & $-0.00636486$ & $-0.0162479$ & $-0.0179314$ & $0.068778$ & $0.0633037$ & $1$ & $0.0575033$ & $-0.132146$ & $0.0158087$ & $0.143149$ & $-0.15613$ & $0.282183$ \\
eHmumuint & $0.188458$ & $-0.286213$ & $-0.0733597$ & $0.0480428$ & $0.0118792$ & $-0.00617437$ & $0.0844678$ & $-0.0849931$ & $-0.0823697$ & $0.0689925$ & $0.0764517$ & $0.0271969$ & $-0.0301559$ & $-0.0281335$ & $-0.0381691$ & $-0.0132578$ & $0.0325929$ & $0.0456731$ & $0.0263318$ & $-0.0801516$ & $-0.0839053$ & $-0.0847948$ & $0.00166893$ & $0.0619473$ & $-0.00660394$ & $0.0228772$ & $-0.0802963$ & $0.022446$ & $0.00523309$ & $-0.0550676$ & $0.030854$ & $0.0844887$ & $0.0227853$ & $-0.0391048$ & $0.200989$ & $-0.289731$ & $0.327912$ & $-0.00156462$ & $0.03282$ & $-0.061736$ & $0.00314811$ & $0.111882$ & $0.0575033$ & $1$ & $-0.0501447$ & $0.296445$ & $0.170376$ & $-0.0675436$ & $0.17962$ \\
eHtautauint & $-0.0951669$ & $0.098372$ & $-0.147404$ & $-0.00998085$ & $-0.0347455$ & $-0.0487559$ & $0.084684$ & $-0.0544009$ & $-0.0541442$ & $0.0476024$ & $0.0524621$ & $0.000235434$ & $-0.0348832$ & $-0.0136878$ & $0.00418631$ & $-0.0265368$ & $-0.00195986$ & $-0.00282106$ & $0.0196876$ & $-0.048051$ & $-0.052901$ & $-0.0528195$ & $0.0651724$ & $0.057071$ & $0.023598$ & $-0.0294389$ & $-0.00999274$ & $-0.00960199$ & $0.00852517$ & $0.00326632$ & $0.0315108$ & $0.0808302$ & $0.0143239$ & $-0.04967$ & $-0.227732$ & $0.126833$ & $-0.159159$ & $0.0473164$ & $0.116318$ & $0.0493452$ & $0.298752$ & $-0.0568316$ & $-0.132146$ & $-0.0501447$ & $1$ & $0.285765$ & $0.055632$ & $-0.0587157$ & $0.0913778$ \\
eHccint & $-0.147544$ & $-0.0006602$ & $-0.0517129$ & $-0.102624$ & $-0.00389706$ & $0.00105355$ & $0.06581$ & $-0.0213998$ & $-0.0210266$ & $0.00376451$ & $0.0360784$ & $-0.00176059$ & $-0.0231491$ & $-0.0334653$ & $0.0412975$ & $-0.0190492$ & $-0.0322989$ & $-0.0562951$ & $-0.00520006$ & $-0.0339175$ & $-0.0380964$ & $-0.0354612$ & $0.0345202$ & $0.0191053$ & $-0.026968$ & $-0.0348762$ & $-0.0412908$ & $-0.00216578$ & $-0.00030187$ & $-0.0642911$ & $0.0712323$ & $0.0738261$ & $0.0560495$ & $-0.0586647$ & $0.194521$ & $-0.0300923$ & $-0.0905228$ & $0.0395718$ & $0.118307$ & $-0.0207139$ & $0.140095$ & $0.040436$ & $0.0158087$ & $0.296445$ & $0.285765$ & $1$ & $0.165982$ & $-0.0598953$ & $0.25682$ \\
eHccpar & $0.278546$ & $-0.142024$ & $-0.120773$ & $0.0390649$ & $0.0160667$ & $-0.00712921$ & $0.0130709$ & $-0.00327119$ & $0.00458855$ & $0.0102554$ & $0.0338069$ & $0.0371742$ & $-0.000606714$ & $-0.0556996$ & $-0.0412436$ & $-0.0314696$ & $-0.0618998$ & $-0.0284715$ & $-0.0383671$ & $-0.0414642$ & $-0.0340001$ & $-0.0374498$ & $-0.0101577$ & $-0.0403204$ & $-0.0298253$ & $0.0428415$ & $0.0590238$ & $-0.0209452$ & $0.00581457$ & $0.0168533$ & $0.281262$ & $0.0352455$ & $0.125636$ & $0.0234195$ & $0.175677$ & $0.117842$ & $0.113707$ & $0.00783113$ & $0.113771$ & $-0.0286489$ & $-0.0147716$ & $0.0555999$ & $0.143149$ & $0.170376$ & $0.055632$ & $0.165982$ & $1$ & $-0.0640031$ & $0.276926$ \\
eHbbint & $0.176699$ & $0.0750113$ & $-0.0534826$ & $-0.0010606$ & $0.0255954$ & $0.024369$ & $0.0267151$ & $-0.0167106$ & $-0.0209961$ & $0.0350363$ & $-0.00812282$ & $0.0401822$ & $-0.0113791$ & $0.0402258$ & $0.0218502$ & $0.0452866$ & $0.0365669$ & $0.030209$ & $0.0192535$ & $0.0148871$ & $0.00242347$ & $0.00631664$ & $0.0157218$ & $0.0221742$ & $0.0208978$ & $-0.0257249$ & $-0.0359197$ & $0.0314566$ & $-0.0304704$ & $0.00547523$ & $0.00502129$ & $0.0443534$ & $0.257331$ & $-0.0307155$ & $0.091846$ & $0.203564$ & $-0.0235308$ & $-0.0339098$ & $0.296855$ & $0.0738638$ & $-0.182951$ & $0.0596099$ & $-0.15613$ & $-0.0675436$ & $-0.0587157$ & $-0.0598953$ & $-0.0640031$ & $1$ & $0.252403$ \\
eHbbpar & $0.244191$ & $-0.0997395$ & $-0.201085$ & $-0.224632$ & $0.0339342$ & $0.0314191$ & $0.14982$ & $-0.0539709$ & $-0.0412216$ & $0.0635876$ & $0.0462366$ & $-0.0152177$ & $-0.0611913$ & $0.0141368$ & $-0.0530402$ & $-0.069694$ & $0.0105828$ & $0.0474417$ & $0.0627557$ & $-0.0532354$ & $-0.0435317$ & $-0.0439443$ & $0.0146523$ & $0.021153$ & $0.0329111$ & $0.0147937$ & $0.0203901$ & $-0.0135513$ & $0.0163606$ & $-0.0259692$ & $0.0889936$ & $0.168926$ & $0.42088$ & $-0.00991034$ & $0.151332$ & $-0.0879953$ & $0.0576177$ & $-0.010557$ & $0.118635$ & $-0.0162385$ & $-0.103853$ & $0.00381087$ & $0.282183$ & $0.17962$ & $0.0913778$ & $0.25682$ & $0.276926$ & $0.252403$ & $1$ \\
