 & AlsMz & dAle5Mz & mtop & mHl & Mz & CW & CHG & CHWB & CHWHB_gaga & CHWHB_gagaorth & CHD & CHbox & CHL1_11 & CHL1_22 & CHL1_33 & CHL3_11 & CHL3_22 & CHL3_33 & CHe_11 & CHe_22 & CHe_33 & CHQ1_11 & CHQ1_33 & CHQ3_11 & CHu_11 & CHd_11 & CHd_33 & CeH_22r & CeH_33r & CuH_22r & CuH_33r & CdH_33r & CLL_1221 & eHggint & eHggpar & eHWWint & eHWWpar & eHZZint & eHZZpar & eHZgaint & eHZgapar & eHgagaint & eHmumuint & eHtautauint & eHccint & eHccpar & eHbbint & eHbbpar \\
AlsMz & $1$ & $0.0138274$ & $0.0652943$ & $-0.0562695$ & $0.018586$ & $0.0167856$ & $0.0832858$ & $0.012456$ & $0.0174963$ & $0.0118945$ & $-0.018094$ & $0.0241163$ & $0.000225239$ & $0.011674$ & $0.0186083$ & $0.00846568$ & $-0.00384442$ & $-0.00918271$ & $0.0153665$ & $0.0135216$ & $0.0122337$ & $-0.0134201$ & $-0.0335567$ & $-0.0714456$ & $-0.0251293$ & $-0.0237796$ & $0.00722282$ & $-0.00618722$ & $0.00338157$ & $0.00825481$ & $0.0998428$ & $-0.0979904$ & $0.0032725$ & $0.248338$ & $-0.101899$ & $-0.105964$ & $-0.169726$ & $-0.0677803$ & $0.0598662$ & $-0.433571$ & $0.0106613$ & $0.0593346$ & $0.0025951$ & $-0.0644133$ & $-0.20299$ & $0.0723291$ & $-0.208927$ & $-0.260625$ \\
dAle5Mz & $0.0138274$ & $1$ & $-0.0235561$ & $-0.21134$ & $-0.0158482$ & $-0.00704924$ & $0.140971$ & $-0.0239125$ & $-0.00934386$ & $0.00308504$ & $0.0137072$ & $-0.0131129$ & $-0.0120796$ & $-0.0100636$ & $-0.0117973$ & $0.0139405$ & $0.00495139$ & $0.00739908$ & $-0.00167093$ & $0.00317609$ & $0.00142574$ & $0.0058001$ & $-0.00835407$ & $0.00766596$ & $-0.00178116$ & $0.015645$ & $-0.00372808$ & $0.000820449$ & $0.000989753$ & $0.0164473$ & $0.112106$ & $-0.0805215$ & $0.0329881$ & $-0.496098$ & $-0.113854$ & $0.437281$ & $0.0550366$ & $0.0601774$ & $-0.00778392$ & $-0.206886$ & $-0.057475$ & $0.075344$ & $-0.60087$ & $-0.111606$ & $0.333661$ & $-0.0161353$ & $-0.135873$ & $-0.226375$ \\
mtop & $0.0652943$ & $-0.0235561$ & $1$ & $-0.255757$ & $0.00330634$ & $0.0211909$ & $-0.109073$ & $-0.00830864$ & $-0.0161167$ & $0.00633688$ & $0.0163765$ & $0.013853$ & $-0.0118556$ & $0.000421236$ & $-0.00587274$ & $-0.00806668$ & $-0.00967233$ & $-0.00395487$ & $-0.0137101$ & $-0.0128133$ & $-0.0128383$ & $-0.00154159$ & $0.00120894$ & $-0.0119009$ & $0.00590793$ & $-0.0061826$ & $-0.00554681$ & $-0.00817083$ & $-0.0188059$ & $-0.0409327$ & $-0.10106$ & $-0.0280105$ & $-0.00665812$ & $0.376812$ & $-0.369101$ & $0.146818$ & $-0.192984$ & $-0.095793$ & $-0.0131816$ & $0.123174$ & $0.0194122$ & $0.0724363$ & $0.158949$ & $0.142082$ & $0.282597$ & $-0.171125$ & $-0.2263$ & $0.0719062$ \\
mHl & $-0.0562695$ & $-0.21134$ & $-0.255757$ & $1$ & $-0.0481995$ & $-0.00784176$ & $-0.0288537$ & $0.00366109$ & $-0.0150866$ & $-0.000572317$ & $-0.0147998$ & $-0.00692075$ & $0.0270365$ & $0.0112168$ & $0.00506563$ & $0.0199791$ & $0.016243$ & $0.0193313$ & $0.0120655$ & $0.00862417$ & $0.00837737$ & $0.00314093$ & $0.0299737$ & $0.0290089$ & $-0.00902914$ & $0.00489995$ & $0.0101339$ & $0.0023169$ & $0.0366224$ & $0.0582865$ & $-0.0235123$ & $0.0288823$ & $-0.016687$ & $0.0075545$ & $0.190284$ & $-0.288687$ & $0.0488388$ & $-0.327122$ & $-0.00571274$ & $0.22795$ & $0.0759486$ & $-0.407372$ & $0.066244$ & $0.328559$ & $-0.156794$ & $0.278854$ & $0.153439$ & $-0.0279121$ \\
Mz & $0.018586$ & $-0.0158482$ & $0.00330634$ & $-0.0481995$ & $1$ & $0.00426159$ & $0.00994924$ & $-0.00825725$ & $-0.00557061$ & $0.0158982$ & $0.0132637$ & $0.0196495$ & $0.00369938$ & $0.0194551$ & $0.0188347$ & $0.00830594$ & $-0.00610776$ & $-0.00731746$ & $-0.002158$ & $-0.00536532$ & $-0.00869914$ & $-0.0154422$ & $0.00694848$ & $-0.00573646$ & $0.00578569$ & $-0.0251423$ & $-0.00733525$ & $0.00214838$ & $0.0124505$ & $-0.00556502$ & $0.0146127$ & $0.0132166$ & $-0.0230478$ & $0.00928335$ & $0.0136277$ & $-0.0218755$ & $0.00762532$ & $-0.00245525$ & $0.0215967$ & $-0.0122444$ & $0.00474859$ & $0.027992$ & $0.0109652$ & $-0.0290868$ & $-0.020021$ & $-0.0320072$ & $0.000802076$ & $0.00475745$ \\
CW & $0.0167856$ & $-0.00704924$ & $0.0211909$ & $-0.00784176$ & $0.00426159$ & $1$ & $0.000284817$ & $-0.151154$ & $-0.147164$ & $0.0144305$ & $0.199112$ & $0.0434385$ & $0.0250115$ & $-0.0871172$ & $-0.0815394$ & $-0.2639$ & $-0.0358571$ & $-0.0404292$ & $-0.196559$ & $-0.202898$ & $-0.19986$ & $-0.00763293$ & $0.0216742$ & $-0.0801767$ & $0.118271$ & $-0.0826982$ & $-0.0587203$ & $0.00298186$ & $0.00215236$ & $-0.00332488$ & $0.00377236$ & $-0.00104838$ & $-0.130784$ & $0.0213354$ & $-0.0168765$ & $0.006201$ & $0.00977361$ & $-0.0099175$ & $0.000922088$ & $-0.00723207$ & $-0.00456982$ & $0.00660886$ & $0.00943633$ & $0.00536425$ & $0.0108532$ & $-0.00116023$ & $-0.0124473$ & $-0.00189538$ \\
CHG & $0.0832858$ & $0.140971$ & $-0.109073$ & $-0.0288537$ & $0.00994924$ & $0.000284817$ & $1$ & $-0.00737517$ & $0.0545966$ & $-0.00360503$ & $0.0116598$ & $-0.0127665$ & $-0.0181718$ & $-0.00512172$ & $-0.00061677$ & $-0.0126178$ & $-0.00992331$ & $-0.0123001$ & $-0.00953369$ & $-0.00987954$ & $-0.00910308$ & $0.0119859$ & $-0.0101857$ & $-0.018973$ & $-0.00405593$ & $-0.00479072$ & $-0.00565625$ & $0.0311563$ & $-0.0477864$ & $-0.0294743$ & $0.935106$ & $-0.0566526$ & $0.00347131$ & $-0.146013$ & $0.0175425$ & $-0.085632$ & $0.00200955$ & $0.042409$ & $0.0359958$ & $-0.0972508$ & $-0.0515977$ & $0.0741253$ & $-0.098744$ & $-0.141682$ & $-0.00534745$ & $-0.0243715$ & $0.000589323$ & $-0.0151598$ \\
CHWB & $0.012456$ & $-0.0239125$ & $-0.00830864$ & $0.00366109$ & $-0.00825725$ & $-0.151154$ & $-0.00737517$ & $1$ & $0.982384$ & $-0.529857$ & $-0.888393$ & $-0.295195$ & $0.187771$ & $0.289129$ & $0.289842$ & $-0.143413$ & $-0.357225$ & $-0.359944$ & $0.858972$ & $0.905017$ & $0.885987$ & $0.0673516$ & $-0.630442$ & $-0.322723$ & $-0.513688$ & $0.411783$ & $0.299974$ & $0.00320741$ & $0.0133115$ & $0.0155171$ & $-0.0182637$ & $0.011531$ & $0.539472$ & $-0.0149187$ & $0.0304182$ & $-0.0371441$ & $-0.0161452$ & $0.0187347$ & $-0.00940157$ & $0.0031162$ & $0.0043198$ & $0.0156396$ & $0.00563795$ & $-0.0153504$ & $-0.0134372$ & $0.00548838$ & $0.0184899$ & $0.0165425$ \\
CHWHB_gaga & $0.0174963$ & $-0.00934386$ & $-0.0161167$ & $-0.0150866$ & $-0.00557061$ & $-0.147164$ & $0.0545966$ & $0.982384$ & $1$ & $-0.519127$ & $-0.869673$ & $-0.268254$ & $0.177841$ & $0.283854$ & $0.285435$ & $-0.148317$ & $-0.357269$ & $-0.360446$ & $0.84129$ & $0.886247$ & $0.867796$ & $0.066619$ & $-0.623846$ & $-0.323461$ & $-0.502961$ & $0.403933$ & $0.294697$ & $0.00874281$ & $0.0361079$ & $0.0266417$ & $0.0342307$ & $0.0423713$ & $0.530145$ & $-0.0285842$ & $0.022864$ & $-0.045002$ & $-0.0131601$ & $0.0346677$ & $-0.00514848$ & $-0.0132278$ & $-0.00304949$ & $0.0593837$ & $-0.000893519$ & $-0.0522747$ & $-0.0194415$ & $-0.00703051$ & $0.015993$ & $0.0274034$ \\
CHWHB_gagaorth & $0.0118945$ & $0.00308504$ & $0.00633688$ & $-0.000572317$ & $0.0158982$ & $0.0144305$ & $-0.00360503$ & $-0.529857$ & $-0.519127$ & $1$ & $0.323574$ & $0.66232$ & $0.188183$ & $-0.103056$ & $-0.102132$ & $0.393027$ & $0.443786$ & $0.443616$ & $-0.310233$ & $-0.339381$ & $-0.332305$ & $-0.0547725$ & $0.523256$ & $0.432242$ & $0.191525$ & $-0.218804$ & $-0.113011$ & $-0.00476155$ & $-0.0669243$ & $-0.0490228$ & $0.0233262$ & $-0.0817604$ & $-0.317441$ & $0.0441717$ & $-0.0132412$ & $0.0191091$ & $-0.00636776$ & $-0.00436293$ & $0.0118061$ & $-0.0241185$ & $-0.000113238$ & $-0.00475676$ & $0.0302284$ & $0.00862553$ & $-0.00830993$ & $-0.0027248$ & $-0.023275$ & $-0.0178991$ \\
CHD & $-0.018094$ & $0.0137072$ & $0.0163765$ & $-0.0147998$ & $0.0132637$ & $0.199112$ & $0.0116598$ & $-0.888393$ & $-0.869673$ & $0.323574$ & $1$ & $0.301909$ & $-0.568457$ & $-0.414539$ & $-0.409709$ & $-0.288945$ & $0.014743$ & $0.0169456$ & $-0.990321$ & $-0.991154$ & $-0.968935$ & $-0.0129774$ & $0.277066$ & $-0.0354752$ & $0.564422$ & $-0.281253$ & $-0.326639$ & $0.000221657$ & $-0.0168982$ & $-0.013289$ & $0.0221477$ & $-0.0175038$ & $-0.34928$ & $0.0108214$ & $-0.0314933$ & $0.0317265$ & $0.0215407$ & $-0.0206381$ & $0.00831792$ & $0.00597365$ & $-0.00404117$ & $-0.0117231$ & $-0.00436746$ & $0.010658$ & $0.0162237$ & $-0.00328712$ & $-0.00867887$ & $-0.00943468$ \\
CHbox & $0.0241163$ & $-0.0131129$ & $0.013853$ & $-0.00692075$ & $0.0196495$ & $0.0434385$ & $-0.0127665$ & $-0.295195$ & $-0.268254$ & $0.66232$ & $0.301909$ & $1$ & $-0.154972$ & $-0.0427404$ & $-0.0380405$ & $-0.0512695$ & $-0.000952665$ & $-0.00151681$ & $-0.279684$ & $-0.313297$ & $-0.303692$ & $-0.0361908$ & $0.152476$ & $-0.00694512$ & $0.171832$ & $-0.174139$ & $-0.100614$ & $0.0277669$ & $0.19598$ & $0.0272643$ & $0.0642214$ & $0.23603$ & $-0.198282$ & $0.0627209$ & $-0.00513798$ & $0.0144965$ & $-0.0078604$ & $-0.0032087$ & $0.0107656$ & $-0.0239271$ & $0.00617853$ & $0.0049259$ & $0.0447185$ & $-0.00697084$ & $-0.00639713$ & $-0.00713586$ & $-0.0137478$ & $-0.0073967$ \\
CHL1_11 & $0.000225239$ & $-0.0120796$ & $-0.0118556$ & $0.0270365$ & $0.00369938$ & $0.0250115$ & $-0.0181718$ & $0.187771$ & $0.177841$ & $0.188183$ & $-0.568457$ & $-0.154972$ & $1$ & $0.296197$ & $0.285904$ & $0.635248$ & $0.56303$ & $0.561954$ & $0.585668$ & $0.530849$ & $0.515137$ & $-0.0706992$ & $0.424103$ & $0.567499$ & $-0.304695$ & $-0.0709821$ & $0.17749$ & $-0.00603995$ & $0.0132773$ & $0.000277676$ & $-0.0225046$ & $0.0209797$ & $-0.17479$ & $0.00942882$ & $0.0149508$ & $-0.0142287$ & $-0.0186303$ & $0.00871746$ & $0.00183967$ & $-0.00133823$ & $0.00292452$ & $-0.00591246$ & $0.0129202$ & $0.0131229$ & $-0.00551177$ & $-0.00350729$ & $-0.00670501$ & $0.0075291$ \\
CHL1_22 & $0.011674$ & $-0.0100636$ & $0.000421236$ & $0.0112168$ & $0.0194551$ & $-0.0871172$ & $-0.00512172$ & $0.289129$ & $0.283854$ & $-0.103056$ & $-0.414539$ & $-0.0427404$ & $0.296197$ & $1$ & $0.433849$ & $0.205187$ & $-0.458613$ & $-0.000533995$ & $0.480856$ & $0.329778$ & $0.318532$ & $-0.179924$ & $0.14171$ & $-0.120102$ & $-0.190812$ & $-0.410907$ & $0.111826$ & $0.00818548$ & $0.0153432$ & $0.00735762$ & $-0.00531321$ & $0.0129809$ & $-0.620725$ & $0.0136718$ & $0.00220678$ & $-0.00193276$ & $-0.0146245$ & $-0.00634195$ & $0.0151651$ & $-0.00911417$ & $-0.000944182$ & $-0.00508884$ & $0.0082654$ & $0.00942099$ & $0.0117662$ & $-0.0150527$ & $-0.00907448$ & $0.0092723$ \\
CHL1_33 & $0.0186083$ & $-0.0117973$ & $-0.00587274$ & $0.00506563$ & $0.0188347$ & $-0.0815394$ & $-0.00061677$ & $0.289842$ & $0.285435$ & $-0.102132$ & $-0.409709$ & $-0.0380405$ & $0.285904$ & $0.433849$ & $1$ & $0.196108$ & $-0.0011762$ & $-0.449106$ & $0.474363$ & $0.327944$ & $0.345517$ & $-0.158289$ & $0.134912$ & $-0.113278$ & $-0.199943$ & $-0.386672$ & $0.100006$ & $0.00109283$ & $0.0149525$ & $0.0110932$ & $0.00154315$ & $0.00795381$ & $-0.105777$ & $0.0114204$ & $-0.00319419$ & $-0.0068613$ & $-0.0226776$ & $0.0127241$ & $-0.0103967$ & $-0.0140091$ & $0.00613065$ & $0.00133391$ & $0.0131286$ & $0.00318885$ & $-0.000878629$ & $-0.00380395$ & $-0.0301556$ & $-0.00887857$ \\
CHL3_11 & $0.00846568$ & $0.0139405$ & $-0.00806668$ & $0.0199791$ & $0.00830594$ & $-0.2639$ & $-0.0126178$ & $-0.143413$ & $-0.148317$ & $0.393027$ & $-0.288945$ & $-0.0512695$ & $0.635248$ & $0.205187$ & $0.196108$ & $1$ & $0.692953$ & $0.693695$ & $0.31127$ & $0.257868$ & $0.250073$ & $-0.0717544$ & $0.629706$ & $0.744635$ & $-0.148916$ & $-0.129671$ & $0.0784933$ & $-0.00862055$ & $0.00389268$ & $-0.00537406$ & $-0.0136554$ & $0.00966899$ & $-0.200745$ & $0.0104525$ & $0.00397512$ & $0.00948933$ & $-0.00970961$ & $0.00517912$ & $-0.00431432$ & $-0.0162191$ & $0.00180747$ & $-0.0021786$ & $0.0007487$ & $0.00481731$ & $-0.0133492$ & $-0.00265459$ & $-0.0143864$ & $-0.0138284$ \\
CHL3_22 & $-0.00384442$ & $0.00495139$ & $-0.00967233$ & $0.016243$ & $-0.00610776$ & $-0.0358571$ & $-0.00992331$ & $-0.357225$ & $-0.357269$ & $0.443786$ & $0.014743$ & $-0.000952665$ & $0.56303$ & $-0.458613$ & $-0.0011762$ & $0.692953$ & $1$ & $0.61763$ & $-0.0197989$ & $-0.00464903$ & $-0.0016247$ & $0.019721$ & $0.560986$ & $0.76548$ & $0.00041673$ & $0.0466728$ & $-0.00697042$ & $-0.0129115$ & $-0.0032701$ & $-0.00908121$ & $-0.00899701$ & $0.00518305$ & $0.12006$ & $0.00824213$ & $0.00187071$ & $0.00191766$ & $-0.00345221$ & $0.00929565$ & $-0.010091$ & $-0.00365589$ & $0.00357725$ & $-0.00366814$ & $0.00606885$ & $0.00532111$ & $-0.01723$ & $0.00529748$ & $-0.0115036$ & $-0.0124303$ \\
CHL3_33 & $-0.00918271$ & $0.00739908$ & $-0.00395487$ & $0.0193313$ & $-0.00731746$ & $-0.0404292$ & $-0.0123001$ & $-0.359944$ & $-0.360446$ & $0.443616$ & $0.0169456$ & $-0.00151681$ & $0.561954$ & $-0.000533995$ & $-0.449106$ & $0.693695$ & $0.61763$ & $1$ & $-0.0214333$ & $-0.00713816$ & $-0.0047323$ & $0.00703465$ & $0.561117$ & $0.762187$ & $0.0097557$ & $0.0380114$ & $0.000842008$ & $-0.00627246$ & $-0.00215428$ & $-0.0114505$ & $-0.0130426$ & $0.0101507$ & $-0.301718$ & $0.00963307$ & $0.00666411$ & $0.00720045$ & $0.00245553$ & $-0.00570716$ & $0.00884255$ & $-0.000519959$ & $-0.00261336$ & $-0.00919264$ & $0.00184764$ & $0.0113881$ & $-0.00627635$ & $-0.00315702$ & $0.00650542$ & $0.00267788$ \\
CHe_11 & $0.0153665$ & $-0.00167093$ & $-0.0137101$ & $0.0120655$ & $-0.002158$ & $-0.196559$ & $-0.00953369$ & $0.858972$ & $0.84129$ & $-0.310233$ & $-0.990321$ & $-0.279684$ & $0.585668$ & $0.480856$ & $0.474363$ & $0.31127$ & $-0.0197989$ & $-0.0214333$ & $1$ & $0.972156$ & $0.950776$ & $-0.0126397$ & $-0.22074$ & $0.0398565$ & $-0.554091$ & $0.205232$ & $0.319904$ & $0.000382341$ & $0.017642$ & $0.0133858$ & $-0.0193715$ & $0.0174126$ & $0.268338$ & $-0.014026$ & $0.0275415$ & $-0.0240589$ & $-0.0226893$ & $0.0206134$ & $-0.00624868$ & $-0.00815189$ & $0.00378483$ & $0.0115687$ & $-0.000877393$ & $-0.0100025$ & $-0.00829577$ & $0.000612755$ & $0.00330073$ & $0.00732415$ \\
CHe_22 & $0.0135216$ & $0.00317609$ & $-0.0128133$ & $0.00862417$ & $-0.00536532$ & $-0.202898$ & $-0.00987954$ & $0.905017$ & $0.886247$ & $-0.339381$ & $-0.991154$ & $-0.313297$ & $0.530849$ & $0.329778$ & $0.327944$ & $0.257868$ & $-0.00464903$ & $-0.00713816$ & $0.972156$ & $1$ & $0.973992$ & $0.0411072$ & $-0.333841$ & $0.0336764$ & $-0.56658$ & $0.362593$ & $0.328633$ & $-0.000826109$ & $0.0154836$ & $0.0132781$ & $-0.0216577$ & $0.0156509$ & $0.435986$ & $-0.0211806$ & $0.0294084$ & $-0.0242649$ & $-0.0194317$ & $0.0218041$ & $-0.00975046$ & $-0.00575467$ & $0.00307803$ & $0.0151138$ & $-0.00642853$ & $-0.0137528$ & $-0.0106473$ & $0.00421204$ & $0.0099609$ & $0.00775194$ \\
CHe_33 & $0.0122337$ & $0.00142574$ & $-0.0128383$ & $0.00837737$ & $-0.00869914$ & $-0.19986$ & $-0.00910308$ & $0.885987$ & $0.867796$ & $-0.332305$ & $-0.968935$ & $-0.303692$ & $0.515137$ & $0.318532$ & $0.345517$ & $0.250073$ & $-0.0016247$ & $-0.0047323$ & $0.950776$ & $0.973992$ & $1$ & $0.0436686$ & $-0.327198$ & $0.0354244$ & $-0.555845$ & $0.359148$ & $0.320342$ & $0.00094116$ & $0.0145716$ & $0.0134263$ & $-0.0204185$ & $0.0149572$ & $0.43324$ & $-0.0205099$ & $0.0293337$ & $-0.0248763$ & $-0.0179611$ & $0.0250874$ & $-0.0117385$ & $-0.00560763$ & $0.00369743$ & $0.0155108$ & $-0.00405105$ & $-0.0137831$ & $-0.0122431$ & $0.0037268$ & $0.0101316$ & $0.00796439$ \\
CHQ1_11 & $-0.0134201$ & $0.0058001$ & $-0.00154159$ & $0.00314093$ & $-0.0154422$ & $-0.00763293$ & $0.0119859$ & $0.0673516$ & $0.066619$ & $-0.0547725$ & $-0.0129774$ & $-0.0361908$ & $-0.0706992$ & $-0.179924$ & $-0.158289$ & $-0.0717544$ & $0.019721$ & $0.00703465$ & $-0.0126397$ & $0.0411072$ & $0.0436686$ & $1$ & $-0.140158$ & $0.0871221$ & $-0.676189$ & $0.338419$ & $0.0196754$ & $-0.00724102$ & $0.00953153$ & $-0.00745338$ & $0.0112923$ & $0.00810679$ & $0.207049$ & $-0.00743333$ & $0.0195161$ & $-0.0209594$ & $0.0102614$ & $0.0116226$ & $0.00278343$ & $0.000670818$ & $-0.00166923$ & $0.011287$ & $0.00147537$ & $-0.0206126$ & $-0.0181392$ & $-0.00485159$ & $0.0169941$ & $0.00440446$ \\
CHQ1_33 & $-0.0335567$ & $-0.00835407$ & $0.00120894$ & $0.0299737$ & $0.00694848$ & $0.0216742$ & $-0.0101857$ & $-0.630442$ & $-0.623846$ & $0.523256$ & $0.277066$ & $0.152476$ & $0.424103$ & $0.14171$ & $0.134912$ & $0.629706$ & $0.560986$ & $0.561117$ & $-0.22074$ & $-0.333841$ & $-0.327198$ & $-0.140158$ & $1$ & $0.584054$ & $0.186355$ & $-0.411544$ & $-0.00393462$ & $-0.00390112$ & $0.00469306$ & $-0.0100843$ & $-0.00232216$ & $0.00861087$ & $-0.611574$ & $0.0247075$ & $-0.0170971$ & $0.0137361$ & $-0.00302868$ & $-0.00644524$ & $0.0052574$ & $0.00788805$ & $-0.000790116$ & $-0.0192344$ & $0.0171424$ & $0.0259646$ & $0.00230004$ & $-0.0101672$ & $-0.020833$ & $-0.0064678$ \\
CHQ3_11 & $-0.0714456$ & $0.00766596$ & $-0.0119009$ & $0.0290089$ & $-0.00573646$ & $-0.0801767$ & $-0.018973$ & $-0.322723$ & $-0.323461$ & $0.432242$ & $-0.0354752$ & $-0.00694512$ & $0.567499$ & $-0.120102$ & $-0.113278$ & $0.744635$ & $0.76548$ & $0.762187$ & $0.0398565$ & $0.0336764$ & $0.0354244$ & $0.0871221$ & $0.584054$ & $1$ & $-0.0111909$ & $0.271319$ & $0.000998647$ & $-0.00960539$ & $-0.00188478$ & $-0.00886534$ & $-0.0227078$ & $0.00979891$ & $-0.137717$ & $-0.0077252$ & $0.0139433$ & $0.0072613$ & $0.00816916$ & $0.00852117$ & $-0.00957895$ & $0.0210802$ & $0.00568959$ & $-0.00827564$ & $0.00602583$ & $0.0136297$ & $-0.0068775$ & $0.00128407$ & $0.0133975$ & $0.00460643$ \\
CHu_11 & $-0.0251293$ & $-0.00178116$ & $0.00590793$ & $-0.00902914$ & $0.00578569$ & $0.118271$ & $-0.00405593$ & $-0.513688$ & $-0.502961$ & $0.191525$ & $0.564422$ & $0.171832$ & $-0.304695$ & $-0.190812$ & $-0.199943$ & $-0.148916$ & $0.00041673$ & $0.0097557$ & $-0.554091$ & $-0.56658$ & $-0.555845$ & $-0.676189$ & $0.186355$ & $-0.0111909$ & $1$ & $-0.163286$ & $-0.194102$ & $0.00790962$ & $-0.0174712$ & $0.000282056$ & $0.000518097$ & $-0.0156643$ & $-0.245498$ & $0.00758502$ & $-0.0296871$ & $0.0324469$ & $0.0121713$ & $-0.0185118$ & $-0.00544252$ & $0.0146725$ & $-0.00155208$ & $-0.0121402$ & $0.00510553$ & $0.0177104$ & $0.0145988$ & $0.0107855$ & $-0.00637274$ & $-0.00724921$ \\
CHd_11 & $-0.0237796$ & $0.015645$ & $-0.0061826$ & $0.00489995$ & $-0.0251423$ & $-0.0826982$ & $-0.00479072$ & $0.411783$ & $0.403933$ & $-0.218804$ & $-0.281253$ & $-0.174139$ & $-0.0709821$ & $-0.410907$ & $-0.386672$ & $-0.129671$ & $0.0466728$ & $0.0380114$ & $0.205232$ & $0.362593$ & $0.359148$ & $0.338419$ & $-0.411544$ & $0.271319$ & $-0.163286$ & $1$ & $0.0998691$ & $-0.00275726$ & $-0.00147501$ & $0.00429358$ & $-0.0165172$ & $-0.00447989$ & $0.680667$ & $-0.0346299$ & $0.0229287$ & $-0.0178392$ & $0.00703101$ & $0.0158986$ & $-0.0187887$ & $0.0108507$ & $0.0051853$ & $0.0157333$ & $-0.0125031$ & $-0.0160041$ & $-0.0203471$ & $0.0189479$ & $0.0344394$ & $-0.000105793$ \\
CHd_33 & $0.00722282$ & $-0.00372808$ & $-0.00554681$ & $0.0101339$ & $-0.00733525$ & $-0.0587203$ & $-0.00565625$ & $0.299974$ & $0.294697$ & $-0.113011$ & $-0.326639$ & $-0.100614$ & $0.17749$ & $0.111826$ & $0.100006$ & $0.0784933$ & $-0.00697042$ & $0.000842008$ & $0.319904$ & $0.328633$ & $0.320342$ & $0.0196754$ & $-0.00393462$ & $0.000998647$ & $-0.194102$ & $0.0998691$ & $1$ & $-0.00237073$ & $0.00290193$ & $-0.00393212$ & $-0.0099772$ & $0.00368954$ & $0.140369$ & $0.00509294$ & $0.0174508$ & $-0.0101276$ & $-0.0122008$ & $0.0161414$ & $0.00132042$ & $-0.00882$ & $0.0125073$ & $0.000814573$ & $0.0121485$ & $-0.00230657$ & $-0.00656415$ & $6.21302e-05$ & $-0.00404396$ & $-0.00448306$ \\
CeH_22r & $-0.00618722$ & $0.000820449$ & $-0.00817083$ & $0.0023169$ & $0.00214838$ & $0.00298186$ & $0.0311563$ & $0.00320741$ & $0.00874281$ & $-0.00476155$ & $0.000221657$ & $0.0277669$ & $-0.00603995$ & $0.00818548$ & $0.00109283$ & $-0.00862055$ & $-0.0129115$ & $-0.00627246$ & $0.000382341$ & $-0.000826109$ & $0.00094116$ & $-0.00724102$ & $-0.00390112$ & $-0.00960539$ & $0.00790962$ & $-0.00275726$ & $-0.00237073$ & $1$ & $0.0368869$ & $0.0203008$ & $0.0156607$ & $0.0428121$ & $-0.00530134$ & $-0.0205836$ & $0.004174$ & $-0.0166199$ & $0.0119337$ & $0.00737215$ & $-0.00162377$ & $0.00941033$ & $-0.0164621$ & $0.00378966$ & $-0.00758371$ & $-0.00736667$ & $0.0065404$ & $0.00930787$ & $0.0123911$ & $0.0124845$ \\
CeH_33r & $0.00338157$ & $0.000989753$ & $-0.0188059$ & $0.0366224$ & $0.0124505$ & $0.00215236$ & $-0.0477864$ & $0.0133115$ & $0.0361079$ & $-0.0669243$ & $-0.0168982$ & $0.19598$ & $0.0132773$ & $0.0153432$ & $0.0149525$ & $0.00389268$ & $-0.0032701$ & $-0.00215428$ & $0.017642$ & $0.0154836$ & $0.0145716$ & $0.00953153$ & $0.00469306$ & $-0.00188478$ & $-0.0174712$ & $-0.00147501$ & $0.00290193$ & $0.0368869$ & $1$ & $0.307504$ & $0.0955943$ & $0.655014$ & $-0.00411656$ & $-0.0689974$ & $0.00503947$ & $-0.0920918$ & $-0.0118071$ & $-0.00562148$ & $-0.0150853$ & $0.025783$ & $-0.0149935$ & $-0.0338126$ & $-0.02002$ & $0.0219283$ & $-0.00646241$ & $0.0161579$ & $0.0091738$ & $0.0284016$ \\
CuH_22r & $0.00825481$ & $0.0164473$ & $-0.0409327$ & $0.0582865$ & $-0.00556502$ & $-0.00332488$ & $-0.0294743$ & $0.0155171$ & $0.0266417$ & $-0.0490228$ & $-0.013289$ & $0.0272643$ & $0.000277676$ & $0.00735762$ & $0.0110932$ & $-0.00537406$ & $-0.00908121$ & $-0.0114505$ & $0.0133858$ & $0.0132781$ & $0.0134263$ & $-0.00745338$ & $-0.0100843$ & $-0.00886534$ & $0.000282056$ & $0.00429358$ & $-0.00393212$ & $0.0203008$ & $0.307504$ & $1$ & $0.0512034$ & $0.372534$ & $0.00649243$ & $-0.0734412$ & $-0.0439267$ & $-0.0198482$ & $-0.0181893$ & $-0.101322$ & $0.0175923$ & $0.0911176$ & $-0.0122778$ & $-0.0750527$ & $-0.0351222$ & $0.0551645$ & $0.0374306$ & $0.20953$ & $0.0682125$ & $0.0278807$ \\
CuH_33r & $0.0998428$ & $0.112106$ & $-0.10106$ & $-0.0235123$ & $0.0146127$ & $0.00377236$ & $0.935106$ & $-0.0182637$ & $0.0342307$ & $0.0233262$ & $0.0221477$ & $0.0642214$ & $-0.0225046$ & $-0.00531321$ & $0.00154315$ & $-0.0136554$ & $-0.00899701$ & $-0.0130426$ & $-0.0193715$ & $-0.0216577$ & $-0.0204185$ & $0.0112923$ & $-0.00232216$ & $-0.0227078$ & $0.000518097$ & $-0.0165172$ & $-0.0099772$ & $0.0156607$ & $0.0955943$ & $0.0512034$ & $1$ & $0.13107$ & $-0.00618393$ & $-0.0978382$ & $0.0313852$ & $-0.106133$ & $-0.0106143$ & $0.0510856$ & $0.0401422$ & $-0.0991771$ & $-0.0538315$ & $0.0894012$ & $-0.0573885$ & $-0.159512$ & $-0.0236021$ & $-0.0424924$ & $0.00187929$ & $-0.00445807$ \\
CdH_33r & $-0.0979904$ & $-0.0805215$ & $-0.0280105$ & $0.0288823$ & $0.0132166$ & $-0.00104838$ & $-0.0566526$ & $0.011531$ & $0.0423713$ & $-0.0817604$ & $-0.0175038$ & $0.23603$ & $0.0209797$ & $0.0129809$ & $0.00795381$ & $0.00966899$ & $0.00518305$ & $0.0101507$ & $0.0174126$ & $0.0156509$ & $0.0149572$ & $0.00810679$ & $0.00861087$ & $0.00979891$ & $-0.0156643$ & $-0.00447989$ & $0.00368954$ & $0.0428121$ & $0.655014$ & $0.372534$ & $0.13107$ & $1$ & $-0.00765971$ & $-0.106944$ & $0.0934001$ & $-0.214661$ & $0.0268481$ & $0.0159379$ & $0.0496725$ & $0.19521$ & $-0.0588717$ & $0.0749218$ & $0.0675886$ & $-0.115599$ & $0.0255948$ & $0.0471945$ & $0.208676$ & $0.393966$ \\
CLL_1221 & $0.0032725$ & $0.0329881$ & $-0.00665812$ & $-0.016687$ & $-0.0230478$ & $-0.130784$ & $0.00347131$ & $0.539472$ & $0.530145$ & $-0.317441$ & $-0.34928$ & $-0.198282$ & $-0.17479$ & $-0.620725$ & $-0.105777$ & $-0.200745$ & $0.12006$ & $-0.301718$ & $0.268338$ & $0.435986$ & $0.43324$ & $0.207049$ & $-0.611574$ & $-0.137717$ & $-0.245498$ & $0.680667$ & $0.140369$ & $-0.00530134$ & $-0.00411656$ & $0.00649243$ & $-0.00618393$ & $-0.00765971$ & $1$ & $-0.0431722$ & $0.0158391$ & $-0.00766053$ & $0.00217579$ & $0.0232894$ & $-0.0238212$ & $-0.00150142$ & $0.00371095$ & $0.0220811$ & $-0.0280341$ & $-0.0269577$ & $-0.0100871$ & $0.0173974$ & $0.0148054$ & $-0.00767137$ \\
eHggint & $0.248338$ & $-0.496098$ & $0.376812$ & $0.0075545$ & $0.00928335$ & $0.0213354$ & $-0.146013$ & $-0.0149187$ & $-0.0285842$ & $0.0441717$ & $0.0108214$ & $0.0627209$ & $0.00942882$ & $0.0136718$ & $0.0114204$ & $0.0104525$ & $0.00824213$ & $0.00963307$ & $-0.014026$ & $-0.0211806$ & $-0.0205099$ & $-0.00743333$ & $0.0247075$ & $-0.0077252$ & $0.00758502$ & $-0.0346299$ & $0.00509294$ & $-0.0205836$ & $-0.0689974$ & $-0.0734412$ & $-0.0978382$ & $-0.106944$ & $-0.0431722$ & $1$ & $-0.220624$ & $0.0688332$ & $-0.161712$ & $-0.0967531$ & $-0.0298618$ & $-0.0168771$ & $0.11777$ & $0.170508$ & $0.674912$ & $-0.00152076$ & $-0.144752$ & $-0.129707$ & $-0.15022$ & $-0.0602794$ \\
eHggpar & $-0.101899$ & $-0.113854$ & $-0.369101$ & $0.190284$ & $0.0136277$ & $-0.0168765$ & $0.0175425$ & $0.0304182$ & $0.022864$ & $-0.0132412$ & $-0.0314933$ & $-0.00513798$ & $0.0149508$ & $0.00220678$ & $-0.00319419$ & $0.00397512$ & $0.00187071$ & $0.00666411$ & $0.0275415$ & $0.0294084$ & $0.0293337$ & $0.0195161$ & $-0.0170971$ & $0.0139433$ & $-0.0296871$ & $0.0229287$ & $0.0174508$ & $0.004174$ & $0.00503947$ & $-0.0439267$ & $0.0313852$ & $0.0934001$ & $0.0158391$ & $-0.220624$ & $1$ & $-0.183791$ & $0.157973$ & $0.209118$ & $0.123892$ & $-0.0354555$ & $-0.0959357$ & $-0.152926$ & $-0.0464492$ & $-0.153487$ & $-0.202954$ & $-0.199341$ & $0.313227$ & $0.150741$ \\
eHWWint & $-0.105964$ & $0.437281$ & $0.146818$ & $-0.288687$ & $-0.0218755$ & $0.006201$ & $-0.085632$ & $-0.0371441$ & $-0.045002$ & $0.0191091$ & $0.0317265$ & $0.0144965$ & $-0.0142287$ & $-0.00193276$ & $-0.0068613$ & $0.00948933$ & $0.00191766$ & $0.00720045$ & $-0.0240589$ & $-0.0242649$ & $-0.0248763$ & $-0.0209594$ & $0.0137361$ & $0.0072613$ & $0.0324469$ & $-0.0178392$ & $-0.0101276$ & $-0.0166199$ & $-0.0920918$ & $-0.0198482$ & $-0.106133$ & $-0.214661$ & $-0.00766053$ & $0.0688332$ & $-0.183791$ & $1$ & $-0.0385305$ & $-0.100472$ & $-0.149633$ & $-0.107313$ & $0.0762065$ & $0.0207431$ & $-0.340392$ & $0.0927791$ & $0.353895$ & $0.038713$ & $-0.0480849$ & $-0.326846$ \\
eHWWpar & $-0.169726$ & $0.0550366$ & $-0.192984$ & $0.0488388$ & $0.00762532$ & $0.00977361$ & $0.00200955$ & $-0.0161452$ & $-0.0131601$ & $-0.00636776$ & $0.0215407$ & $-0.0078604$ & $-0.0186303$ & $-0.0146245$ & $-0.0226776$ & $-0.00970961$ & $-0.00345221$ & $0.00245553$ & $-0.0226893$ & $-0.0194317$ & $-0.0179611$ & $0.0102614$ & $-0.00302868$ & $0.00816916$ & $0.0121713$ & $0.00703101$ & $-0.0122008$ & $0.0119337$ & $-0.0118071$ & $-0.0181893$ & $-0.0106143$ & $0.0268481$ & $0.00217579$ & $-0.161712$ & $0.157973$ & $-0.0385305$ & $1$ & $0.0334732$ & $0.0425423$ & $0.0482806$ & $-0.0180577$ & $0.0110889$ & $-0.0108183$ & $-0.12674$ & $-0.101275$ & $0.00023594$ & $0.184251$ & $0.0705382$ \\
eHZZint & $-0.0677803$ & $0.0601774$ & $-0.095793$ & $-0.327122$ & $-0.00245525$ & $-0.0099175$ & $0.042409$ & $0.0187347$ & $0.0346677$ & $-0.00436293$ & $-0.0206381$ & $-0.0032087$ & $0.00871746$ & $-0.00634195$ & $0.0127241$ & $0.00517912$ & $0.00929565$ & $-0.00570716$ & $0.0206134$ & $0.0218041$ & $0.0250874$ & $0.0116226$ & $-0.00644524$ & $0.00852117$ & $-0.0185118$ & $0.0158986$ & $0.0161414$ & $0.00737215$ & $-0.00562148$ & $-0.101322$ & $0.0510856$ & $0.0159379$ & $0.0232894$ & $-0.0967531$ & $0.209118$ & $-0.100472$ & $0.0334732$ & $1$ & $-0.0712662$ & $-0.341501$ & $-0.024134$ & $0.351837$ & $0.0851205$ & $-0.388333$ & $-0.0924377$ & $-0.54532$ & $-0.151855$ & $0.0497683$ \\
eHZZpar & $0.0598662$ & $-0.00778392$ & $-0.0131816$ & $-0.00571274$ & $0.0215967$ & $0.000922088$ & $0.0359958$ & $-0.00940157$ & $-0.00514848$ & $0.0118061$ & $0.00831792$ & $0.0107656$ & $0.00183967$ & $0.0151651$ & $-0.0103967$ & $-0.00431432$ & $-0.010091$ & $0.00884255$ & $-0.00624868$ & $-0.00975046$ & $-0.0117385$ & $0.00278343$ & $0.0052574$ & $-0.00957895$ & $-0.00544252$ & $-0.0187887$ & $0.00132042$ & $-0.00162377$ & $-0.0150853$ & $0.0175923$ & $0.0401422$ & $0.0496725$ & $-0.0238212$ & $-0.0298618$ & $0.123892$ & $-0.149633$ & $0.0425423$ & $-0.0712662$ & $1$ & $0.00921233$ & $-0.0375199$ & $0.0400519$ & $0.0168089$ & $-0.131603$ & $-0.00366802$ & $0.073616$ & $0.113801$ & $0.118343$ \\
eHZgaint & $-0.433571$ & $-0.206886$ & $0.123174$ & $0.22795$ & $-0.0122444$ & $-0.00723207$ & $-0.0972508$ & $0.0031162$ & $-0.0132278$ & $-0.0241185$ & $0.00597365$ & $-0.0239271$ & $-0.00133823$ & $-0.00911417$ & $-0.0140091$ & $-0.0162191$ & $-0.00365589$ & $-0.000519959$ & $-0.00815189$ & $-0.00575467$ & $-0.00560763$ & $0.000670818$ & $0.00788805$ & $0.0210802$ & $0.0146725$ & $0.0108507$ & $-0.00882$ & $0.00941033$ & $0.025783$ & $0.0911176$ & $-0.0991771$ & $0.19521$ & $-0.00150142$ & $-0.0168771$ & $-0.0354555$ & $-0.107313$ & $0.0482806$ & $-0.341501$ & $0.00921233$ & $1$ & $-0.00839573$ & $-0.261648$ & $0.124598$ & $0.147877$ & $-0.0220445$ & $0.390763$ & $0.424671$ & $0.43239$ \\
eHZgapar & $0.0106613$ & $-0.057475$ & $0.0194122$ & $0.0759486$ & $0.00474859$ & $-0.00456982$ & $-0.0515977$ & $0.0043198$ & $-0.00304949$ & $-0.000113238$ & $-0.00404117$ & $0.00617853$ & $0.00292452$ & $-0.000944182$ & $0.00613065$ & $0.00180747$ & $0.00357725$ & $-0.00261336$ & $0.00378483$ & $0.00307803$ & $0.00369743$ & $-0.00166923$ & $-0.000790116$ & $0.00568959$ & $-0.00155208$ & $0.0051853$ & $0.0125073$ & $-0.0164621$ & $-0.0149935$ & $-0.0122778$ & $-0.0538315$ & $-0.0588717$ & $0.00371095$ & $0.11777$ & $-0.0959357$ & $0.0762065$ & $-0.0180577$ & $-0.024134$ & $-0.0375199$ & $-0.00839573$ & $1$ & $-0.0736731$ & $0.0395637$ & $0.164582$ & $-0.00723775$ & $0.0582169$ & $-0.0241721$ & $-0.103153$ \\
eHgagaint & $0.0593346$ & $0.075344$ & $0.0724363$ & $-0.407372$ & $0.027992$ & $0.00660886$ & $0.0741253$ & $0.0156396$ & $0.0593837$ & $-0.00475676$ & $-0.0117231$ & $0.0049259$ & $-0.00591246$ & $-0.00508884$ & $0.00133391$ & $-0.0021786$ & $-0.00366814$ & $-0.00919264$ & $0.0115687$ & $0.0151138$ & $0.0155108$ & $0.011287$ & $-0.0192344$ & $-0.00827564$ & $-0.0121402$ & $0.0157333$ & $0.000814573$ & $0.00378966$ & $-0.0338126$ & $-0.0750527$ & $0.0894012$ & $0.0749218$ & $0.0220811$ & $0.170508$ & $-0.152926$ & $0.0207431$ & $0.0110889$ & $0.351837$ & $0.0400519$ & $-0.261648$ & $-0.0736731$ & $1$ & $0.157269$ & $-0.721606$ & $-0.163725$ & $-0.328732$ & $-0.101425$ & $0.255795$ \\
eHmumuint & $0.0025951$ & $-0.60087$ & $0.158949$ & $0.066244$ & $0.0109652$ & $0.00943633$ & $-0.098744$ & $0.00563795$ & $-0.000893519$ & $0.0302284$ & $-0.00436746$ & $0.0447185$ & $0.0129202$ & $0.0082654$ & $0.0131286$ & $0.0007487$ & $0.00606885$ & $0.00184764$ & $-0.000877393$ & $-0.00642853$ & $-0.00405105$ & $0.00147537$ & $0.0171424$ & $0.00602583$ & $0.00510553$ & $-0.0125031$ & $0.0121485$ & $-0.00758371$ & $-0.02002$ & $-0.0351222$ & $-0.0573885$ & $0.0675886$ & $-0.0280341$ & $0.674912$ & $-0.0464492$ & $-0.340392$ & $-0.0108183$ & $0.0851205$ & $0.0168089$ & $0.124598$ & $0.0395637$ & $0.157269$ & $1$ & $-0.128356$ & $-0.299624$ & $-0.0237085$ & $-0.0924971$ & $0.285705$ \\
eHtautauint & $-0.0644133$ & $-0.111606$ & $0.142082$ & $0.328559$ & $-0.0290868$ & $0.00536425$ & $-0.141682$ & $-0.0153504$ & $-0.0522747$ & $0.00862553$ & $0.010658$ & $-0.00697084$ & $0.0131229$ & $0.00942099$ & $0.00318885$ & $0.00481731$ & $0.00532111$ & $0.0113881$ & $-0.0100025$ & $-0.0137528$ & $-0.0137831$ & $-0.0206126$ & $0.0259646$ & $0.0136297$ & $0.0177104$ & $-0.0160041$ & $-0.00230657$ & $-0.00736667$ & $0.0219283$ & $0.0551645$ & $-0.159512$ & $-0.115599$ & $-0.0269577$ & $-0.00152076$ & $-0.153487$ & $0.0927791$ & $-0.12674$ & $-0.388333$ & $-0.131603$ & $0.147877$ & $0.164582$ & $-0.721606$ & $-0.128356$ & $1$ & $0.28824$ & $0.260104$ & $-0.11507$ & $-0.235287$ \\
eHccint & $-0.20299$ & $0.333661$ & $0.282597$ & $-0.156794$ & $-0.020021$ & $0.0108532$ & $-0.00534745$ & $-0.0134372$ & $-0.0194415$ & $-0.00830993$ & $0.0162237$ & $-0.00639713$ & $-0.00551177$ & $0.0117662$ & $-0.000878629$ & $-0.0133492$ & $-0.01723$ & $-0.00627635$ & $-0.00829577$ & $-0.0106473$ & $-0.0122431$ & $-0.0181392$ & $0.00230004$ & $-0.0068775$ & $0.0145988$ & $-0.0203471$ & $-0.00656415$ & $0.0065404$ & $-0.00646241$ & $0.0374306$ & $-0.0236021$ & $0.0255948$ & $-0.0100871$ & $-0.144752$ & $-0.202954$ & $0.353895$ & $-0.101275$ & $-0.0924377$ & $-0.00366802$ & $-0.0220445$ & $-0.00723775$ & $-0.163725$ & $-0.299624$ & $0.28824$ & $1$ & $0.0432063$ & $0.117278$ & $0.1051$ \\
eHccpar & $0.0723291$ & $-0.0161353$ & $-0.171125$ & $0.278854$ & $-0.0320072$ & $-0.00116023$ & $-0.0243715$ & $0.00548838$ & $-0.00703051$ & $-0.0027248$ & $-0.00328712$ & $-0.00713586$ & $-0.00350729$ & $-0.0150527$ & $-0.00380395$ & $-0.00265459$ & $0.00529748$ & $-0.00315702$ & $0.000612755$ & $0.00421204$ & $0.0037268$ & $-0.00485159$ & $-0.0101672$ & $0.00128407$ & $0.0107855$ & $0.0189479$ & $6.21302e-05$ & $0.00930787$ & $0.0161579$ & $0.20953$ & $-0.0424924$ & $0.0471945$ & $0.0173974$ & $-0.129707$ & $-0.199341$ & $0.038713$ & $0.00023594$ & $-0.54532$ & $0.073616$ & $0.390763$ & $0.0582169$ & $-0.328732$ & $-0.0237085$ & $0.260104$ & $0.0432063$ & $1$ & $0.2715$ & $0.0517203$ \\
eHbbint & $-0.208927$ & $-0.135873$ & $-0.2263$ & $0.153439$ & $0.000802076$ & $-0.0124473$ & $0.000589323$ & $0.0184899$ & $0.015993$ & $-0.023275$ & $-0.00867887$ & $-0.0137478$ & $-0.00670501$ & $-0.00907448$ & $-0.0301556$ & $-0.0143864$ & $-0.0115036$ & $0.00650542$ & $0.00330073$ & $0.0099609$ & $0.0101316$ & $0.0169941$ & $-0.020833$ & $0.0133975$ & $-0.00637274$ & $0.0344394$ & $-0.00404396$ & $0.0123911$ & $0.0091738$ & $0.0682125$ & $0.00187929$ & $0.208676$ & $0.0148054$ & $-0.15022$ & $0.313227$ & $-0.0480849$ & $0.184251$ & $-0.151855$ & $0.113801$ & $0.424671$ & $-0.0241721$ & $-0.101425$ & $-0.0924971$ & $-0.11507$ & $0.117278$ & $0.2715$ & $1$ & $0.297956$ \\
eHbbpar & $-0.260625$ & $-0.226375$ & $0.0719062$ & $-0.0279121$ & $0.00475745$ & $-0.00189538$ & $-0.0151598$ & $0.0165425$ & $0.0274034$ & $-0.0178991$ & $-0.00943468$ & $-0.0073967$ & $0.0075291$ & $0.0092723$ & $-0.00887857$ & $-0.0138284$ & $-0.0124303$ & $0.00267788$ & $0.00732415$ & $0.00775194$ & $0.00796439$ & $0.00440446$ & $-0.0064678$ & $0.00460643$ & $-0.00724921$ & $-0.000105793$ & $-0.00448306$ & $0.0124845$ & $0.0284016$ & $0.0278807$ & $-0.00445807$ & $0.393966$ & $-0.00767137$ & $-0.0602794$ & $0.150741$ & $-0.326846$ & $0.0705382$ & $0.0497683$ & $0.118343$ & $0.43239$ & $-0.103153$ & $0.255795$ & $0.285705$ & $-0.235287$ & $0.1051$ & $0.0517203$ & $0.297956$ & $1$ \\
