 & AlsMz & dAle5Mz & mtop & mHl & Mz & CW & CHG & CHWB & CHWHB_gaga & CHWHB_gagaorth & CHD & CHbox & CH & CHL1_11 & CHL1_22 & CHL1_33 & CHL3_11 & CHL3_22 & CHL3_33 & CHe_11 & CHe_22 & CHe_33 & CHQ1_11 & CHQ1_33 & CHQ3_11 & CHu_11 & CHd_11 & CHd_33 & CeH_22r & CeH_33r & CuH_22r & CuH_33r & CdH_33r & CLL_1221 & eHggint & eHggpar & eHWWint & eHWWpar & eHZZint & eHZZpar & eHZgaint & eHZgapar & eHgagaint & eHmumuint & eHtautauint & eHccint & eHccpar & eHbbint & eHbbpar \\
AlsMz & $1$ & $0.0449094$ & $-0.0219983$ & $0.0275452$ & $-0.0123559$ & $0.0153445$ & $0.0693375$ & $0.019392$ & $0.0202317$ & $-0.0141705$ & $-0.0307986$ & $-0.0158884$ & $0.00998203$ & $0.0262632$ & $-0.024721$ & $0.000714067$ & $-0.0081053$ & $0.0167146$ & $-0.00101617$ & $0.020173$ & $0.0238108$ & $0.0331096$ & $-0.0697491$ & $-0.0702126$ & $-0.127556$ & $0.0228276$ & $-0.0116$ & $0.0330996$ & $0.0393644$ & $0.0274712$ & $-0.0098011$ & $0.0496625$ & $-0.000225512$ & $0.0282162$ & $-0.0563817$ & $0.0367487$ & $0.00415579$ & $0.0370893$ & $-0.0402396$ & $0.0205299$ & $-0.0120899$ & $0.0211688$ & $-0.0104773$ & $0.00336829$ & $0.00376485$ & $-0.0194717$ & $0.0265508$ & $-0.0658956$ & $0.0314722$ \\
dAle5Mz & $0.0449094$ & $1$ & $0.0176752$ & $-0.0540518$ & $0.0163632$ & $-0.0403537$ & $-0.0362456$ & $-0.108551$ & $-0.103679$ & $-0.000772149$ & $0.0867511$ & $-0.018253$ & $0.0135775$ & $-0.0189317$ & $-0.0413977$ & $-0.0241031$ & $0.0200599$ & $0.036516$ & $0.0239431$ & $-0.0617269$ & $-0.0627753$ & $-0.0616207$ & $-0.0442576$ & $0.034177$ & $0.0430288$ & $0.0715243$ & $0.00725405$ & $-0.0103038$ & $0.0433972$ & $-0.00972601$ & $0.0517641$ & $-0.040541$ & $0.00833489$ & $0.0137589$ & $0.0188624$ & $-0.0759694$ & $-0.0308995$ & $-0.0311211$ & $-0.021473$ & $0.0314901$ & $0.0500358$ & $0.0548763$ & $-0.0396894$ & $-0.0112471$ & $0.0449963$ & $-0.0278612$ & $-0.0072555$ & $0.00186456$ & $-0.0300236$ \\
mtop & $-0.0219983$ & $0.0176752$ & $1$ & $0.0253523$ & $-0.0204729$ & $0.0305798$ & $-0.00322882$ & $-0.0298792$ & $-0.0282161$ & $-0.01397$ & $0.0469152$ & $-0.00559679$ & $-4.80387e-05$ & $0.0044895$ & $-0.0259459$ & $-0.0446552$ & $-0.025291$ & $0.00332005$ & $0.0229205$ & $-0.0405363$ & $-0.0333067$ & $-0.0279826$ & $-0.0328438$ & $0.0252198$ & $0.00129231$ & $0.0589333$ & $0.00345756$ & $0.00877419$ & $-0.00785176$ & $0.0164684$ & $-0.0279192$ & $-0.00319858$ & $-0.0190523$ & $-0.0105759$ & $-0.0306332$ & $0.0169211$ & $0.0165482$ & $0.043426$ & $0.0133517$ & $-0.0103221$ & $0.00799103$ & $0.052649$ & $-0.0334012$ & $0.0608007$ & $-0.0870383$ & $-0.0486465$ & $-0.0375416$ & $0.0338278$ & $-0.0834143$ \\
mHl & $0.0275452$ & $-0.0540518$ & $0.0253523$ & $1$ & $-0.0468174$ & $0.00974644$ & $-0.00776407$ & $0.00866495$ & $-0.00972296$ & $-0.0286229$ & $-0.00227347$ & $-0.00627374$ & $-0.00612312$ & $0.0165177$ & $0.0065899$ & $0.0184218$ & $-0.0243857$ & $-0.00975624$ & $-0.0254235$ & $0.00027431$ & $0.00218795$ & $0.0056767$ & $0.0521318$ & $0.0159245$ & $-0.018368$ & $-0.0304595$ & $-0.00330162$ & $0.0593709$ & $-0.0387914$ & $-0.00330909$ & $0.0196161$ & $-0.00767217$ & $0.0110532$ & $-0.00599012$ & $0.010638$ & $-0.0195935$ & $-0.0236675$ & $0.0465113$ & $-0.0372587$ & $-0.0802384$ & $0.0136553$ & $0.00646496$ & $-0.029189$ & $0.0208677$ & $-0.051951$ & $-0.0104689$ & $0.0163445$ & $0.0394004$ & $-0.00861829$ \\
Mz & $-0.0123559$ & $0.0163632$ & $-0.0204729$ & $-0.0468174$ & $1$ & $-0.0152749$ & $0.0595921$ & $-0.014092$ & $-0.0201647$ & $0.011257$ & $-0.000303225$ & $0.0116087$ & $-0.0228919$ & $0.0269625$ & $-0.0133625$ & $-0.0056636$ & $0.0506797$ & $0.0480997$ & $0.0404876$ & $0.0134431$ & $0.0120872$ & $0.0100568$ & $-0.00425325$ & $0.0348999$ & $0.0553345$ & $-0.0164498$ & $0.01616$ & $-0.0173359$ & $-0.0252864$ & $-0.0490843$ & $-0.0489125$ & $0.0590442$ & $-0.0120599$ & $0.00121789$ & $0.0301462$ & $0.00748414$ & $0.025789$ & $0.00319272$ & $0.0362017$ & $-0.019587$ & $0.0404372$ & $0.0441205$ & $-0.00132709$ & $0.0175689$ & $-0.00360848$ & $-0.0642078$ & $-0.0404008$ & $0.0258784$ & $0.0493633$ \\
CW & $0.0153445$ & $-0.0403537$ & $0.0305798$ & $0.00974644$ & $-0.0152749$ & $1$ & $0.00609753$ & $-0.131155$ & $-0.127639$ & $0.0165906$ & $0.17806$ & $0.0697001$ & $-0.0512825$ & $0.0335795$ & $-0.0448625$ & $-0.111079$ & $-0.23337$ & $-0.0534877$ & $-0.00677049$ & $-0.175117$ & $-0.187748$ & $-0.183242$ & $0.0166781$ & $0.0064896$ & $-0.0654235$ & $0.0934782$ & $-0.0775674$ & $-0.0446301$ & $0.00531013$ & $-0.013832$ & $-0.0377215$ & $-0.00470795$ & $0.00743007$ & $-0.157193$ & $0.0155455$ & $-0.00225592$ & $-0.0262849$ & $0.00603801$ & $-0.0781249$ & $-0.0473385$ & $-0.0231441$ & $-0.0029179$ & $0.00772546$ & $0.0293687$ & $-0.00739388$ & $0.0277657$ & $-0.0189549$ & $0.000236776$ & $0.0428947$ \\
CHG & $0.0693375$ & $-0.0362456$ & $-0.00322882$ & $-0.00776407$ & $0.0595921$ & $0.00609753$ & $1$ & $-0.0800676$ & $-0.0296291$ & $0.0393488$ & $0.0602117$ & $0.222987$ & $-0.255452$ & $0.00363691$ & $-0.0642346$ & $-0.0667771$ & $0.0597354$ & $0.0815864$ & $0.0826928$ & $-0.0647861$ & $-0.0553969$ & $-0.056959$ & $0.0491069$ & $0.0663383$ & $0.0848529$ & $0.00370578$ & $0.036911$ & $-0.0325189$ & $0.0156458$ & $-0.0716688$ & $-0.0766776$ & $0.936392$ & $-0.0858551$ & $-0.00380797$ & $0.0160767$ & $-0.00496324$ & $0.0164355$ & $0.0126506$ & $0.008759$ & $0.000392114$ & $0.0236859$ & $-0.0129202$ & $0.00852082$ & $0.0403049$ & $-0.021267$ & $-0.00538221$ & $-0.0216517$ & $-0.0437846$ & $0.0487108$ \\
CHWB & $0.019392$ & $-0.108551$ & $-0.0298792$ & $0.00866495$ & $-0.014092$ & $-0.131155$ & $-0.0800676$ & $1$ & $0.980592$ & $-0.543871$ & $-0.880123$ & $-0.412734$ & $0.33796$ & $0.0807833$ & $0.300772$ & $0.328949$ & $-0.216656$ & $-0.429726$ & $-0.448302$ & $0.850276$ & $0.895432$ & $0.883166$ & $0.0742987$ & $-0.66052$ & $-0.402068$ & $-0.505819$ & $0.398265$ & $0.298437$ & $0.0498819$ & $0.0862044$ & $0.0492769$ & $-0.0745845$ & $0.0814455$ & $0.560106$ & $0.0162294$ & $0.0113714$ & $-0.0367972$ & $0.00866971$ & $-0.0100006$ & $0.0322915$ & $-0.00623713$ & $-0.00939274$ & $0.0161734$ & $0.00774282$ & $0.00894953$ & $0.0392459$ & $-0.050916$ & $0.0348855$ & $0.0141264$ \\
CHWHB_gaga & $0.0202317$ & $-0.103679$ & $-0.0282161$ & $-0.00972296$ & $-0.0201647$ & $-0.127639$ & $-0.0296291$ & $0.980592$ & $1$ & $-0.536973$ & $-0.856843$ & $-0.39153$ & $0.325147$ & $0.0638823$ & $0.288326$ & $0.311554$ & $-0.22087$ & $-0.429491$ & $-0.443087$ & $0.826541$ & $0.873409$ & $0.860984$ & $0.0798838$ & $-0.658268$ & $-0.40398$ & $-0.498694$ & $0.393568$ & $0.287516$ & $0.0566693$ & $0.109916$ & $0.0555012$ & $-0.037496$ & $0.103375$ & $0.555944$ & $-0.00261041$ & $0.0109519$ & $-0.0451342$ & $0.00206369$ & $-0.0154684$ & $0.0275996$ & $-0.00440382$ & $-0.0117978$ & $0.101974$ & $-0.00394017$ & $-0.00104365$ & $0.0132421$ & $-0.054278$ & $0.0199635$ & $0.0192053$ \\
CHWHB_gagaorth & $-0.0141705$ & $-0.000772149$ & $-0.01397$ & $-0.0286229$ & $0.011257$ & $0.0165906$ & $0.0393488$ & $-0.543871$ & $-0.536973$ & $1$ & $0.329585$ & $0.496981$ & $-0.251671$ & $0.241342$ & $-0.106792$ & $-0.151015$ & $0.425616$ & $0.469365$ & $0.498572$ & $-0.319835$ & $-0.346486$ & $-0.34097$ & $-0.0569343$ & $0.53046$ & $0.466893$ & $0.1939$ & $-0.218693$ & $-0.115354$ & $-0.0196195$ & $-0.0910834$ & $-0.066898$ & $0.0640481$ & $-0.120014$ & $-0.343717$ & $0.0344868$ & $-0.0205758$ & $0.0298495$ & $-0.00913806$ & $0.00964149$ & $-0.0330986$ & $-0.0532771$ & $-0.0367583$ & $-0.0233085$ & $0.0192948$ & $0.0409536$ & $-0.0263285$ & $0.024996$ & $-0.0552902$ & $0.0260345$ \\
CHD & $-0.0307986$ & $0.0867511$ & $0.0469152$ & $-0.00227347$ & $-0.000303225$ & $0.17806$ & $0.0602117$ & $-0.880123$ & $-0.856843$ & $0.329585$ & $1$ & $0.272094$ & $-0.171474$ & $-0.494139$ & $-0.421479$ & $-0.44412$ & $-0.23687$ & $0.066333$ & $0.0911427$ & $-0.990028$ & $-0.990983$ & $-0.970466$ & $0.00954592$ & $0.294071$ & $0.0357221$ & $0.54275$ & $-0.263988$ & $-0.332869$ & $-0.0420638$ & $-0.0584334$ & $-0.0517958$ & $0.0661208$ & $-0.0504552$ & $-0.370019$ & $0.00814479$ & $0.0095068$ & $0.00959208$ & $0.00675613$ & $0.0148632$ & $-0.0107448$ & $-0.0221492$ & $0.0250495$ & $0.0237972$ & $-0.00445593$ & $-0.0302438$ & $-0.0360813$ & $0.0504513$ & $-0.0479997$ & $0.00415797$ \\
CHbox & $-0.0158884$ & $-0.018253$ & $-0.00559679$ & $-0.00627374$ & $0.0116087$ & $0.0697001$ & $0.222987$ & $-0.412734$ & $-0.39153$ & $0.496981$ & $0.272094$ & $1$ & $-0.902518$ & $0.162429$ & $-0.0727343$ & $-0.0816347$ & $0.247379$ & $0.314198$ & $0.32211$ & $-0.255447$ & $-0.287879$ & $-0.284415$ & $-0.0810238$ & $0.383385$ & $0.304484$ & $0.197022$ & $-0.195142$ & $-0.0795894$ & $-0.0396659$ & $-0.11378$ & $-0.078619$ & $0.230491$ & $-0.0958778$ & $-0.286508$ & $-0.0299211$ & $0.0211407$ & $0.0262315$ & $-0.0268449$ & $0.00624746$ & $-0.0187558$ & $-0.0334905$ & $-0.0124818$ & $0.00630421$ & $0.00858752$ & $0.0258149$ & $-0.0446732$ & $0.0124143$ & $-0.0249653$ & $0.0407627$ \\
CH & $0.00998203$ & $0.0135775$ & $-4.80387e-05$ & $-0.00612312$ & $-0.0228919$ & $-0.0512825$ & $-0.255452$ & $0.33796$ & $0.325147$ & $-0.251671$ & $-0.171474$ & $-0.902518$ & $1$ & $-0.246964$ & $0.0723087$ & $0.0673346$ & $-0.305179$ & $-0.361219$ & $-0.358647$ & $0.161989$ & $0.182032$ & $0.183674$ & $0.0623357$ & $-0.366942$ & $-0.346803$ & $-0.133786$ & $0.139514$ & $0.052369$ & $0.0502623$ & $0.220603$ & $0.0876493$ & $-0.216889$ & $0.211594$ & $0.223698$ & $0.0849295$ & $-0.0128788$ & $-0.0283871$ & $0.0302203$ & $-0.0049298$ & $0.021657$ & $-0.00333305$ & $0.0076953$ & $-0.00366478$ & $-0.00503787$ & $-0.021051$ & $0.0364591$ & $-0.0027055$ & $0.00519309$ & $-0.0208359$ \\
CHL1_11 & $0.0262632$ & $-0.0189317$ & $0.0044895$ & $0.0165177$ & $0.0269625$ & $0.0335795$ & $0.00363691$ & $0.0807833$ & $0.0638823$ & $0.241342$ & $-0.494139$ & $0.162429$ & $-0.246964$ & $1$ & $0.261$ & $0.261313$ & $0.660787$ & $0.599118$ & $0.584502$ & $0.514027$ & $0.45634$ & $0.437437$ & $-0.123243$ & $0.483955$ & $0.575579$ & $-0.219535$ & $-0.119838$ & $0.172627$ & $0.00835844$ & $-0.0395382$ & $0.0111268$ & $-0.0232052$ & $-0.0473324$ & $-0.217253$ & $-0.0556472$ & $-0.0354713$ & $0.0414458$ & $-0.0391059$ & $-0.0264956$ & $-0.046667$ & $0.045191$ & $-0.0159908$ & $-0.0661517$ & $-0.0100598$ & $0.0175307$ & $-0.00136477$ & $-0.0116857$ & $0.0374858$ & $-0.0478697$ \\
CHL1_22 & $-0.024721$ & $-0.0413977$ & $-0.0259459$ & $0.0065899$ & $-0.0133625$ & $-0.0448625$ & $-0.0642346$ & $0.300772$ & $0.288326$ & $-0.106792$ & $-0.421479$ & $-0.0727343$ & $0.0723087$ & $0.261$ & $1$ & $0.43361$ & $0.168312$ & $-0.456843$ & $-0.0418103$ & $0.485119$ & $0.336108$ & $0.32356$ & $-0.24117$ & $0.112912$ & $-0.172264$ & $-0.151984$ & $-0.427478$ & $0.127123$ & $0.00972167$ & $0.0626464$ & $0.00369692$ & $-0.0472291$ & $0.0478864$ & $-0.590475$ & $0.0373374$ & $-0.0304573$ & $0.00482029$ & $0.0134451$ & $-0.00360582$ & $0.0579356$ & $-0.0236395$ & $-0.0185581$ & $-0.018958$ & $0.00871492$ & $0.0251386$ & $0.0678575$ & $-0.0147451$ & $-0.0193108$ & $0.0390818$ \\
CHL1_33 & $0.000714067$ & $-0.0241031$ & $-0.0446552$ & $0.0184218$ & $-0.0056636$ & $-0.111079$ & $-0.0667771$ & $0.328949$ & $0.311554$ & $-0.151015$ & $-0.44412$ & $-0.0816347$ & $0.0673346$ & $0.261313$ & $0.43361$ & $1$ & $0.155041$ & $-0.0269572$ & $-0.466094$ & $0.51188$ & $0.365104$ & $0.378134$ & $-0.240835$ & $0.105399$ & $-0.165907$ & $-0.149272$ & $-0.375857$ & $0.105135$ & $0.0149502$ & $0.0548615$ & $0.0698895$ & $-0.0542819$ & $0.0321766$ & $-0.0601134$ & $0.0153503$ & $-0.0302233$ & $0.0248588$ & $-0.0112141$ & $-0.0113944$ & $0.0302843$ & $0.0422034$ & $0.0164205$ & $-0.0322983$ & $-0.0228822$ & $0.0593619$ & $0.0556772$ & $-0.00037347$ & $0.0443589$ & $-0.0423278$ \\
CHL3_11 & $-0.0081053$ & $0.0200599$ & $-0.025291$ & $-0.0243857$ & $0.0506797$ & $-0.23337$ & $0.0597354$ & $-0.216656$ & $-0.22087$ & $0.425616$ & $-0.23687$ & $0.247379$ & $-0.305179$ & $0.660787$ & $0.168312$ & $0.155041$ & $1$ & $0.726226$ & $0.717582$ & $0.260011$ & $0.209271$ & $0.192446$ & $-0.101313$ & $0.67412$ & $0.761422$ & $-0.108422$ & $-0.145437$ & $0.055722$ & $-0.0278801$ & $-0.0412367$ & $0.00695873$ & $0.0408102$ & $-0.0533975$ & $-0.228463$ & $-0.0470759$ & $-0.0523204$ & $0.0353119$ & $-0.0201271$ & $0.000117891$ & $-0.0437185$ & $0.0542472$ & $-0.0349864$ & $-0.0802352$ & $-0.000609312$ & $0.050942$ & $-0.0169525$ & $-0.0099237$ & $0.0274208$ & $-0.0295098$ \\
CHL3_22 & $0.0167146$ & $0.036516$ & $0.00332005$ & $-0.00975624$ & $0.0480997$ & $-0.0534877$ & $0.0815864$ & $-0.429726$ & $-0.429491$ & $0.469365$ & $0.066333$ & $0.314198$ & $-0.361219$ & $0.599118$ & $-0.456843$ & $-0.0269572$ & $0.726226$ & $1$ & $0.661229$ & $-0.0663158$ & $-0.056133$ & $-0.0597573$ & $9.03295e-05$ & $0.619734$ & $0.794577$ & $0.0390367$ & $0.0182873$ & $-0.028139$ & $-0.0245507$ & $-0.0941788$ & $0.00271603$ & $0.0505159$ & $-0.0936688$ & $0.0500207$ & $-0.0690284$ & $-0.0253711$ & $0.0501262$ & $-0.0376872$ & $-0.00320918$ & $-0.0781485$ & $0.0695394$ & $-0.00948793$ & $-0.0617452$ & $-0.0089419$ & $0.0171252$ & $-0.0535241$ & $0.0148333$ & $0.0414054$ & $-0.0693352$ \\
CHL3_33 & $-0.00101617$ & $0.0239431$ & $0.0229205$ & $-0.0254235$ & $0.0404876$ & $-0.00677049$ & $0.0826928$ & $-0.448302$ & $-0.443087$ & $0.498572$ & $0.0911427$ & $0.32211$ & $-0.358647$ & $0.584502$ & $-0.0418103$ & $-0.466094$ & $0.717582$ & $0.661229$ & $1$ & $-0.0964592$ & $-0.0807662$ & $-0.0859598$ & $0.00986999$ & $0.611682$ & $0.781797$ & $0.0360274$ & $-0.00145153$ & $-0.00505343$ & $-0.0379138$ & $-0.0855681$ & $-0.0435861$ & $0.0565108$ & $-0.0834391$ & $-0.34243$ & $-0.0614799$ & $-0.0245979$ & $0.0291973$ & $-0.012881$ & $0.00271989$ & $-0.0628107$ & $0.0204578$ & $-0.0358932$ & $-0.0467735$ & $0.0219623$ & $-0.0156263$ & $-0.049518$ & $0.00277903$ & $-0.0125184$ & $-0.00954798$ \\
CHe_11 & $0.020173$ & $-0.0617269$ & $-0.0405363$ & $0.00027431$ & $0.0134431$ & $-0.175117$ & $-0.0647861$ & $0.850276$ & $0.826541$ & $-0.319835$ & $-0.990028$ & $-0.255447$ & $0.161989$ & $0.514027$ & $0.485119$ & $0.51188$ & $0.260011$ & $-0.0663158$ & $-0.0964592$ & $1$ & $0.971987$ & $0.952211$ & $-0.0491055$ & $-0.234939$ & $-0.032063$ & $-0.520968$ & $0.186455$ & $0.328604$ & $0.0443154$ & $0.0544848$ & $0.0495024$ & $-0.0684742$ & $0.0459519$ & $0.292484$ & $-0.00424256$ & $-0.0163249$ & $-0.00473149$ & $-0.00541591$ & $-0.0111844$ & $0.0154842$ & $0.0255147$ & $-0.0218166$ & $-0.0276065$ & $0.00712986$ & $0.0252457$ & $0.036631$ & $-0.045194$ & $0.051632$ & $-0.0126597$ \\
CHe_22 & $0.0238108$ & $-0.0627753$ & $-0.0333067$ & $0.00218795$ & $0.0120872$ & $-0.187748$ & $-0.0553969$ & $0.895432$ & $0.873409$ & $-0.346486$ & $-0.990983$ & $-0.287879$ & $0.182032$ & $0.45634$ & $0.336108$ & $0.365104$ & $0.209271$ & $-0.056133$ & $-0.0807662$ & $0.971987$ & $1$ & $0.976718$ & $0.0303792$ & $-0.347999$ & $-0.0324365$ & $-0.552894$ & $0.347965$ & $0.335746$ & $0.0446507$ & $0.0535202$ & $0.050428$ & $-0.0634473$ & $0.0467212$ & $0.457033$ & $-0.0139411$ & $-0.00845142$ & $-0.017127$ & $-0.00538095$ & $-0.0108138$ & $0.0046589$ & $0.0207023$ & $-0.0259958$ & $-0.0229624$ & $0.00779171$ & $0.018884$ & $0.0277186$ & $-0.0548737$ & $0.049628$ & $-0.00983669$ \\
CHe_33 & $0.0331096$ & $-0.0616207$ & $-0.0279826$ & $0.0056767$ & $0.0100568$ & $-0.183242$ & $-0.056959$ & $0.883166$ & $0.860984$ & $-0.34097$ & $-0.970466$ & $-0.284415$ & $0.183674$ & $0.437437$ & $0.32356$ & $0.378134$ & $0.192446$ & $-0.0597573$ & $-0.0859598$ & $0.952211$ & $0.976718$ & $1$ & $0.0325879$ & $-0.348959$ & $-0.0396673$ & $-0.537288$ & $0.349387$ & $0.333769$ & $0.0481679$ & $0.0627457$ & $0.0583852$ & $-0.0637208$ & $0.0477681$ & $0.459589$ & $-0.0153378$ & $-0.00926451$ & $-0.011782$ & $-0.00371263$ & $-0.0127062$ & $0.0106671$ & $0.0199612$ & $-0.0297649$ & $-0.0192792$ & $0.0215198$ & $0.0104514$ & $0.0359683$ & $-0.0427646$ & $0.043682$ & $-0.00288842$ \\
CHQ1_11 & $-0.0697491$ & $-0.0442576$ & $-0.0328438$ & $0.0521318$ & $-0.00425325$ & $0.0166781$ & $0.0491069$ & $0.0742987$ & $0.0798838$ & $-0.0569343$ & $0.00954592$ & $-0.0810238$ & $0.0623357$ & $-0.123243$ & $-0.24117$ & $-0.240835$ & $-0.101313$ & $9.03295e-05$ & $0.00986999$ & $-0.0491055$ & $0.0303792$ & $0.0325879$ & $1$ & $-0.195809$ & $0.0728713$ & $-0.679681$ & $0.384658$ & $-0.0386769$ & $-0.00888345$ & $0.0050297$ & $-0.0741819$ & $0.0421398$ & $-0.00764037$ & $0.26876$ & $-0.0291037$ & $0.0123967$ & $-0.0357688$ & $-0.0324662$ & $-0.0112455$ & $-0.0487408$ & $-0.036606$ & $-0.0440698$ & $0.00868889$ & $-0.0100212$ & $-0.0093517$ & $-0.0223282$ & $-0.017683$ & $0.0505503$ & $-0.00762097$ \\
CHQ1_33 & $-0.0702126$ & $0.034177$ & $0.0252198$ & $0.0159245$ & $0.0348999$ & $0.0064896$ & $0.0663383$ & $-0.66052$ & $-0.658268$ & $0.53046$ & $0.294071$ & $0.383385$ & $-0.366942$ & $0.483955$ & $0.112912$ & $0.105399$ & $0.67412$ & $0.619734$ & $0.611682$ & $-0.234939$ & $-0.347999$ & $-0.348959$ & $-0.195809$ & $1$ & $0.625046$ & $0.233351$ & $-0.426381$ & $-0.0140923$ & $-0.0386671$ & $-0.0533742$ & $-0.0181688$ & $0.0610908$ & $-0.0597199$ & $-0.62121$ & $-0.0163098$ & $-0.0552602$ & $0.0321244$ & $-0.0216581$ & $-0.0282466$ & $-0.0363527$ & $0.0400478$ & $-0.0270849$ & $-0.0500702$ & $0.00413307$ & $0.0125245$ & $0.00915934$ & $0.0447029$ & $0.0117356$ & $-0.0611587$ \\
CHQ3_11 & $-0.127556$ & $0.0430288$ & $0.00129231$ & $-0.018368$ & $0.0553345$ & $-0.0654235$ & $0.0848529$ & $-0.402068$ & $-0.40398$ & $0.466893$ & $0.0357221$ & $0.304484$ & $-0.346803$ & $0.575579$ & $-0.172264$ & $-0.165907$ & $0.761422$ & $0.794577$ & $0.781797$ & $-0.032063$ & $-0.0324365$ & $-0.0396673$ & $0.0728713$ & $0.625046$ & $1$ & $0.0315989$ & $0.24079$ & $-0.0519726$ & $-0.0195762$ & $-0.0817747$ & $-0.0500677$ & $0.0590992$ & $-0.0681816$ & $-0.157226$ & $-0.048288$ & $-0.0501991$ & $0.0241242$ & $-0.0341954$ & $-0.00915353$ & $-0.0756889$ & $0.0394453$ & $-0.00997151$ & $-0.0810475$ & $-0.00875535$ & $0.015711$ & $-0.0248518$ & $-0.0197222$ & $0.0408819$ & $-0.0234754$ \\
CHu_11 & $0.0228276$ & $0.0715243$ & $0.0589333$ & $-0.0304595$ & $-0.0164498$ & $0.0934782$ & $0.00370578$ & $-0.505819$ & $-0.498694$ & $0.1939$ & $0.54275$ & $0.197022$ & $-0.133786$ & $-0.219535$ & $-0.151984$ & $-0.149272$ & $-0.108422$ & $0.0390367$ & $0.0360274$ & $-0.520968$ & $-0.552894$ & $-0.537288$ & $-0.679681$ & $0.233351$ & $0.0315989$ & $1$ & $-0.185903$ & $-0.150397$ & $-0.0192243$ & $-0.042487$ & $0.0373194$ & $0.0118641$ & $-0.0285088$ & $-0.296483$ & $0.0427975$ & $0.00512292$ & $0.062453$ & $0.0182124$ & $-0.00577664$ & $0.0170064$ & $0.0169503$ & $0.0573431$ & $-0.0144784$ & $-0.00681519$ & $-0.0386346$ & $-0.0118684$ & $0.0324023$ & $-0.0470647$ & $0.00884363$ \\
CHd_11 & $-0.0116$ & $0.00725405$ & $0.00345756$ & $-0.00330162$ & $0.01616$ & $-0.0775674$ & $0.036911$ & $0.398265$ & $0.393568$ & $-0.218693$ & $-0.263988$ & $-0.195142$ & $0.139514$ & $-0.119838$ & $-0.427478$ & $-0.375857$ & $-0.145437$ & $0.0182873$ & $-0.00145153$ & $0.186455$ & $0.347965$ & $0.349387$ & $0.384658$ & $-0.426381$ & $0.24079$ & $-0.185903$ & $1$ & $0.0548288$ & $0.0265977$ & $0.0158218$ & $-0.0242844$ & $0.0265928$ & $0.0354124$ & $0.69759$ & $-0.00827055$ & $-0.00137871$ & $-0.0512477$ & $-0.00639565$ & $-0.036345$ & $-0.0356826$ & $-0.00582215$ & $0.00901116$ & $-0.0102982$ & $0.000503008$ & $-0.0249886$ & $-0.00958409$ & $-0.0505985$ & $0.044478$ & $0.0168798$ \\
CHd_33 & $0.0330996$ & $-0.0103038$ & $0.00877419$ & $0.0593709$ & $-0.0173359$ & $-0.0446301$ & $-0.0325189$ & $0.298437$ & $0.287516$ & $-0.115354$ & $-0.332869$ & $-0.0795894$ & $0.052369$ & $0.172627$ & $0.127123$ & $0.105135$ & $0.055722$ & $-0.028139$ & $-0.00505343$ & $0.328604$ & $0.335746$ & $0.333769$ & $-0.0386769$ & $-0.0140923$ & $-0.0519726$ & $-0.150397$ & $0.0548288$ & $1$ & $-0.00442951$ & $-0.0064$ & $0.0309348$ & $-0.022729$ & $0.0215956$ & $0.127134$ & $0.065989$ & $0.00155353$ & $-0.00765941$ & $0.00232552$ & $0.0292508$ & $0.0471656$ & $-0.0189382$ & $-0.0272244$ & $0.0272859$ & $0.0102195$ & $0.0111509$ & $0.0442197$ & $0.00392136$ & $-0.00676178$ & $-0.0205911$ \\
CeH_22r & $0.0393644$ & $0.0433972$ & $-0.00785176$ & $-0.0387914$ & $-0.0252864$ & $0.00531013$ & $0.0156458$ & $0.0498819$ & $0.0566693$ & $-0.0196195$ & $-0.0420638$ & $-0.0396659$ & $0.0502623$ & $0.00835844$ & $0.00972167$ & $0.0149502$ & $-0.0278801$ & $-0.0245507$ & $-0.0379138$ & $0.0443154$ & $0.0446507$ & $0.0481679$ & $-0.00888345$ & $-0.0386671$ & $-0.0195762$ & $-0.0192243$ & $0.0265977$ & $-0.00442951$ & $1$ & $0.0506115$ & $0.00616409$ & $0.000906393$ & $0.0456677$ & $0.0265088$ & $-0.0567197$ & $-0.0180749$ & $-0.00899395$ & $-0.0391912$ & $0.0360946$ & $0.0187877$ & $-0.0325946$ & $-0.0757065$ & $-0.00345919$ & $0.0244818$ & $0.0103342$ & $0.058096$ & $-0.0419584$ & $-0.02974$ & $0.0489735$ \\
CeH_33r & $0.0274712$ & $-0.00972601$ & $0.0164684$ & $-0.00330909$ & $-0.0490843$ & $-0.013832$ & $-0.0716688$ & $0.0862044$ & $0.109916$ & $-0.0910834$ & $-0.0584334$ & $-0.11378$ & $0.220603$ & $-0.0395382$ & $0.0626464$ & $0.0548615$ & $-0.0412367$ & $-0.0941788$ & $-0.0855681$ & $0.0544848$ & $0.0535202$ & $0.0627457$ & $0.0050297$ & $-0.0533742$ & $-0.0817747$ & $-0.042487$ & $0.0158218$ & $-0.0064$ & $0.0506115$ & $1$ & $0.303228$ & $0.067171$ & $0.617115$ & $0.0278762$ & $-0.0691834$ & $-0.0444614$ & $-0.194558$ & $-0.00693708$ & $-0.0899655$ & $-0.0221502$ & $-0.0420063$ & $-0.00350266$ & $-0.0240657$ & $-0.0453583$ & $0.0889147$ & $-0.00876134$ & $0.00327464$ & $-0.0175946$ & $-0.00388678$ \\
CuH_22r & $-0.0098011$ & $0.0517641$ & $-0.0279192$ & $0.0196161$ & $-0.0489125$ & $-0.0377215$ & $-0.0766776$ & $0.0492769$ & $0.0555012$ & $-0.066898$ & $-0.0517958$ & $-0.078619$ & $0.0876493$ & $0.0111268$ & $0.00369692$ & $0.0698895$ & $0.00695873$ & $0.00271603$ & $-0.0435861$ & $0.0495024$ & $0.050428$ & $0.0583852$ & $-0.0741819$ & $-0.0181688$ & $-0.0500677$ & $0.0373194$ & $-0.0242844$ & $0.0309348$ & $0.00616409$ & $0.303228$ & $1$ & $-0.00522764$ & $0.338686$ & $0.0494548$ & $-0.026468$ & $0.0211025$ & $-0.0374023$ & $0.00729992$ & $-0.0422876$ & $-0.0260696$ & $0.0526096$ & $0.0483129$ & $-0.0266182$ & $-0.00654411$ & $-0.0348284$ & $0.0689922$ & $0.354113$ & $-0.0151984$ & $0.0429184$ \\
CuH_33r & $0.0496625$ & $-0.040541$ & $-0.00319858$ & $-0.00767217$ & $0.0590442$ & $-0.00470795$ & $0.936392$ & $-0.0745845$ & $-0.037496$ & $0.0640481$ & $0.0661208$ & $0.230491$ & $-0.216889$ & $-0.0232052$ & $-0.0472291$ & $-0.0542819$ & $0.0408102$ & $0.0505159$ & $0.0565108$ & $-0.0684742$ & $-0.0634473$ & $-0.0637208$ & $0.0421398$ & $0.0610908$ & $0.0590992$ & $0.0118641$ & $0.0265928$ & $-0.022729$ & $0.000906393$ & $0.067171$ & $-0.00522764$ & $1$ & $0.0768978$ & $-0.0106188$ & $0.0944617$ & $0.00725577$ & $-0.0184925$ & $0.0187589$ & $0.0143036$ & $0.00979461$ & $0.0221327$ & $-0.0105235$ & $-0.00974033$ & $0.0382424$ & $-0.0163957$ & $-0.0113612$ & $-0.0115294$ & $-0.0347269$ & $0.0439617$ \\
CdH_33r & $-0.000225512$ & $0.00833489$ & $-0.0190523$ & $0.0110532$ & $-0.0120599$ & $0.00743007$ & $-0.0858551$ & $0.0814455$ & $0.103375$ & $-0.120014$ & $-0.0504552$ & $-0.0958778$ & $0.211594$ & $-0.0473324$ & $0.0478864$ & $0.0321766$ & $-0.0533975$ & $-0.0936688$ & $-0.0834391$ & $0.0459519$ & $0.0467212$ & $0.0477681$ & $-0.00764037$ & $-0.0597199$ & $-0.0681816$ & $-0.0285088$ & $0.0354124$ & $0.0215956$ & $0.0456677$ & $0.617115$ & $0.338686$ & $0.0768978$ & $1$ & $0.0336383$ & $-0.0397561$ & $-0.0490613$ & $-0.190141$ & $0.028897$ & $-0.0610147$ & $-0.0110841$ & $-0.00596511$ & $0.0496209$ & $-0.033144$ & $-0.0291235$ & $0.033253$ & $-0.0358851$ & $-0.00299471$ & $0.192404$ & $0.479233$ \\
CLL_1221 & $0.0282162$ & $0.0137589$ & $-0.0105759$ & $-0.00599012$ & $0.00121789$ & $-0.157193$ & $-0.00380797$ & $0.560106$ & $0.555944$ & $-0.343717$ & $-0.370019$ & $-0.286508$ & $0.223698$ & $-0.217253$ & $-0.590475$ & $-0.0601134$ & $-0.228463$ & $0.0500207$ & $-0.34243$ & $0.292484$ & $0.457033$ & $0.459589$ & $0.26876$ & $-0.62121$ & $-0.157226$ & $-0.296483$ & $0.69759$ & $0.127134$ & $0.0265088$ & $0.0278762$ & $0.0494548$ & $-0.0106188$ & $0.0336383$ & $1$ & $-0.0116493$ & $0.0169098$ & $-0.0400987$ & $-0.00415701$ & $-0.00276619$ & $-0.0137165$ & $0.0204018$ & $0.0123744$ & $0.0214549$ & $-0.000718163$ & $0.00221551$ & $-0.0274013$ & $-0.0295776$ & $0.0456335$ & $-0.0198604$ \\
eHggint & $-0.0563817$ & $0.0188624$ & $-0.0306332$ & $0.010638$ & $0.0301462$ & $0.0155455$ & $0.0160767$ & $0.0162294$ & $-0.00261041$ & $0.0344868$ & $0.00814479$ & $-0.0299211$ & $0.0849295$ & $-0.0556472$ & $0.0373374$ & $0.0153503$ & $-0.0470759$ & $-0.0690284$ & $-0.0614799$ & $-0.00424256$ & $-0.0139411$ & $-0.0153378$ & $-0.0291037$ & $-0.0163098$ & $-0.048288$ & $0.0427975$ & $-0.00827055$ & $0.065989$ & $-0.0567197$ & $-0.0691834$ & $-0.026468$ & $0.0944617$ & $-0.0397561$ & $-0.0116493$ & $1$ & $-0.125224$ & $0.0409741$ & $0.00554738$ & $0.00174693$ & $0.0255458$ & $0.00728809$ & $0.0187877$ & $0.00352698$ & $0.0127696$ & $-0.0273225$ & $0.0103521$ & $0.0121113$ & $0.0276813$ & $0.0354672$ \\
eHggpar & $0.0367487$ & $-0.0759694$ & $0.0169211$ & $-0.0195935$ & $0.00748414$ & $-0.00225592$ & $-0.00496324$ & $0.0113714$ & $0.0109519$ & $-0.0205758$ & $0.0095068$ & $0.0211407$ & $-0.0128788$ & $-0.0354713$ & $-0.0304573$ & $-0.0302233$ & $-0.0523204$ & $-0.0253711$ & $-0.0245979$ & $-0.0163249$ & $-0.00845142$ & $-0.00926451$ & $0.0123967$ & $-0.0552602$ & $-0.0501991$ & $0.00512292$ & $-0.00137871$ & $0.00155353$ & $-0.0180749$ & $-0.0444614$ & $0.0211025$ & $0.00725577$ & $-0.0490613$ & $0.0169098$ & $-0.125224$ & $1$ & $0.0526493$ & $-0.0137783$ & $0.0172438$ & $-0.00479361$ & $-0.0133926$ & $0.00164606$ & $0.0714273$ & $-0.0430622$ & $-0.0354025$ & $0.0364114$ & $-0.0234808$ & $0.0131159$ & $0.00764653$ \\
eHWWint & $0.00415579$ & $-0.0308995$ & $0.0165482$ & $-0.0236675$ & $0.025789$ & $-0.0262849$ & $0.0164355$ & $-0.0367972$ & $-0.0451342$ & $0.0298495$ & $0.00959208$ & $0.0262315$ & $-0.0283871$ & $0.0414458$ & $0.00482029$ & $0.0248588$ & $0.0353119$ & $0.0501262$ & $0.0291973$ & $-0.00473149$ & $-0.017127$ & $-0.011782$ & $-0.0357688$ & $0.0321244$ & $0.0241242$ & $0.062453$ & $-0.0512477$ & $-0.00765941$ & $-0.00899395$ & $-0.194558$ & $-0.0374023$ & $-0.0184925$ & $-0.190141$ & $-0.0400987$ & $0.0409741$ & $0.0526493$ & $1$ & $-0.0274688$ & $0.0700365$ & $-0.0151987$ & $0.0164406$ & $0.054381$ & $0.0727765$ & $0.0203718$ & $-0.0423766$ & $0.0138428$ & $0.0412703$ & $-0.00782649$ & $0.0537168$ \\
eHWWpar & $0.0370893$ & $-0.0311211$ & $0.043426$ & $0.0465113$ & $0.00319272$ & $0.00603801$ & $0.0126506$ & $0.00866971$ & $0.00206369$ & $-0.00913806$ & $0.00675613$ & $-0.0268449$ & $0.0302203$ & $-0.0391059$ & $0.0134451$ & $-0.0112141$ & $-0.0201271$ & $-0.0376872$ & $-0.012881$ & $-0.00541591$ & $-0.00538095$ & $-0.00371263$ & $-0.0324662$ & $-0.0216581$ & $-0.0341954$ & $0.0182124$ & $-0.00639565$ & $0.00232552$ & $-0.0391912$ & $-0.00693708$ & $0.00729992$ & $0.0187589$ & $0.028897$ & $-0.00415701$ & $0.00554738$ & $-0.0137783$ & $-0.0274688$ & $1$ & $0.00693605$ & $0.00586405$ & $0.0480185$ & $0.0485633$ & $0.00959499$ & $0.0297527$ & $-0.031121$ & $0.00892471$ & $-0.0154039$ & $0.0805693$ & $0.0413899$ \\
eHZZint & $-0.0402396$ & $-0.021473$ & $0.0133517$ & $-0.0372587$ & $0.0362017$ & $-0.0781249$ & $0.008759$ & $-0.0100006$ & $-0.0154684$ & $0.00964149$ & $0.0148632$ & $0.00624746$ & $-0.0049298$ & $-0.0264956$ & $-0.00360582$ & $-0.0113944$ & $0.000117891$ & $-0.00320918$ & $0.00271989$ & $-0.0111844$ & $-0.0108138$ & $-0.0127062$ & $-0.0112455$ & $-0.0282466$ & $-0.00915353$ & $-0.00577664$ & $-0.036345$ & $0.0292508$ & $0.0360946$ & $-0.0899655$ & $-0.0422876$ & $0.0143036$ & $-0.0610147$ & $-0.00276619$ & $0.00174693$ & $0.0172438$ & $0.0700365$ & $0.00693605$ & $1$ & $-0.0267186$ & $0.0131615$ & $-0.0530335$ & $0.00947417$ & $0.0243735$ & $0.0220143$ & $-0.00302798$ & $0.054018$ & $0.000959603$ & $-0.00290982$ \\
eHZZpar & $0.0205299$ & $0.0314901$ & $-0.0103221$ & $-0.0802384$ & $-0.019587$ & $-0.0473385$ & $0.000392114$ & $0.0322915$ & $0.0275996$ & $-0.0330986$ & $-0.0107448$ & $-0.0187558$ & $0.021657$ & $-0.046667$ & $0.0579356$ & $0.0302843$ & $-0.0437185$ & $-0.0781485$ & $-0.0628107$ & $0.0154842$ & $0.0046589$ & $0.0106671$ & $-0.0487408$ & $-0.0363527$ & $-0.0756889$ & $0.0170064$ & $-0.0356826$ & $0.0471656$ & $0.0187877$ & $-0.0221502$ & $-0.0260696$ & $0.00979461$ & $-0.0110841$ & $-0.0137165$ & $0.0255458$ & $-0.00479361$ & $-0.0151987$ & $0.00586405$ & $-0.0267186$ & $1$ & $0.0161267$ & $-0.0231463$ & $0.0287095$ & $0.0253855$ & $0.0172359$ & $0.0195149$ & $-0.0292888$ & $0.0198601$ & $-0.0141873$ \\
eHZgaint & $-0.0120899$ & $0.0500358$ & $0.00799103$ & $0.0136553$ & $0.0404372$ & $-0.0231441$ & $0.0236859$ & $-0.00623713$ & $-0.00440382$ & $-0.0532771$ & $-0.0221492$ & $-0.0334905$ & $-0.00333305$ & $0.045191$ & $-0.0236395$ & $0.0422034$ & $0.0542472$ & $0.0695394$ & $0.0204578$ & $0.0255147$ & $0.0207023$ & $0.0199612$ & $-0.036606$ & $0.0400478$ & $0.0394453$ & $0.0169503$ & $-0.00582215$ & $-0.0189382$ & $-0.0325946$ & $-0.0420063$ & $0.0526096$ & $0.0221327$ & $-0.00596511$ & $0.0204018$ & $0.00728809$ & $-0.0133926$ & $0.0164406$ & $0.0480185$ & $0.0131615$ & $0.0161267$ & $1$ & $-0.0294184$ & $-0.0404379$ & $-0.0292456$ & $-0.0706361$ & $0.0182283$ & $0.0330542$ & $-0.0110386$ & $0.0174975$ \\
eHZgapar & $0.0211688$ & $0.0548763$ & $0.052649$ & $0.00646496$ & $0.0441205$ & $-0.0029179$ & $-0.0129202$ & $-0.00939274$ & $-0.0117978$ & $-0.0367583$ & $0.0250495$ & $-0.0124818$ & $0.0076953$ & $-0.0159908$ & $-0.0185581$ & $0.0164205$ & $-0.0349864$ & $-0.00948793$ & $-0.0358932$ & $-0.0218166$ & $-0.0259958$ & $-0.0297649$ & $-0.0440698$ & $-0.0270849$ & $-0.00997151$ & $0.0573431$ & $0.00901116$ & $-0.0272244$ & $-0.0757065$ & $-0.00350266$ & $0.0483129$ & $-0.0105235$ & $0.0496209$ & $0.0123744$ & $0.0187877$ & $0.00164606$ & $0.054381$ & $0.0485633$ & $-0.0530335$ & $-0.0231463$ & $-0.0294184$ & $1$ & $-0.0328289$ & $-0.0418292$ & $-0.0469532$ & $-0.0335503$ & $-0.0014517$ & $0.0480852$ & $0.0162439$ \\
eHgagaint & $-0.0104773$ & $-0.0396894$ & $-0.0334012$ & $-0.029189$ & $-0.00132709$ & $0.00772546$ & $0.00852082$ & $0.0161734$ & $0.101974$ & $-0.0233085$ & $0.0237972$ & $0.00630421$ & $-0.00366478$ & $-0.0661517$ & $-0.018958$ & $-0.0322983$ & $-0.0802352$ & $-0.0617452$ & $-0.0467735$ & $-0.0276065$ & $-0.0229624$ & $-0.0192792$ & $0.00868889$ & $-0.0500702$ & $-0.0810475$ & $-0.0144784$ & $-0.0102982$ & $0.0272859$ & $-0.00345919$ & $-0.0240657$ & $-0.0266182$ & $-0.00974033$ & $-0.033144$ & $0.0214549$ & $0.00352698$ & $0.0714273$ & $0.0727765$ & $0.00959499$ & $0.00947417$ & $0.0287095$ & $-0.0404379$ & $-0.0328289$ & $1$ & $-0.0182495$ & $0.00880703$ & $0.00201812$ & $0.0440916$ & $-0.0412496$ & $0.0315015$ \\
eHmumuint & $0.00336829$ & $-0.0112471$ & $0.0608007$ & $0.0208677$ & $0.0175689$ & $0.0293687$ & $0.0403049$ & $0.00774282$ & $-0.00394017$ & $0.0192948$ & $-0.00445593$ & $0.00858752$ & $-0.00503787$ & $-0.0100598$ & $0.00871492$ & $-0.0228822$ & $-0.000609312$ & $-0.0089419$ & $0.0219623$ & $0.00712986$ & $0.00779171$ & $0.0215198$ & $-0.0100212$ & $0.00413307$ & $-0.00875535$ & $-0.00681519$ & $0.000503008$ & $0.0102195$ & $0.0244818$ & $-0.0453583$ & $-0.00654411$ & $0.0382424$ & $-0.0291235$ & $-0.000718163$ & $0.0127696$ & $-0.0430622$ & $0.0203718$ & $0.0297527$ & $0.0243735$ & $0.0253855$ & $-0.0292456$ & $-0.0418292$ & $-0.0182495$ & $1$ & $-0.0388452$ & $-0.0236377$ & $-0.0367892$ & $-0.0011983$ & $0.0168962$ \\
eHtautauint & $0.00376485$ & $0.0449963$ & $-0.0870383$ & $-0.051951$ & $-0.00360848$ & $-0.00739388$ & $-0.021267$ & $0.00894953$ & $-0.00104365$ & $0.0409536$ & $-0.0302438$ & $0.0258149$ & $-0.021051$ & $0.0175307$ & $0.0251386$ & $0.0593619$ & $0.050942$ & $0.0171252$ & $-0.0156263$ & $0.0252457$ & $0.018884$ & $0.0104514$ & $-0.0093517$ & $0.0125245$ & $0.015711$ & $-0.0386346$ & $-0.0249886$ & $0.0111509$ & $0.0103342$ & $0.0889147$ & $-0.0348284$ & $-0.0163957$ & $0.033253$ & $0.00221551$ & $-0.0273225$ & $-0.0354025$ & $-0.0423766$ & $-0.031121$ & $0.0220143$ & $0.0172359$ & $-0.0706361$ & $-0.0469532$ & $0.00880703$ & $-0.0388452$ & $1$ & $0.0139$ & $0.0452629$ & $-0.0305753$ & $0.096785$ \\
eHccint & $-0.0194717$ & $-0.0278612$ & $-0.0486465$ & $-0.0104689$ & $-0.0642078$ & $0.0277657$ & $-0.00538221$ & $0.0392459$ & $0.0132421$ & $-0.0263285$ & $-0.0360813$ & $-0.0446732$ & $0.0364591$ & $-0.00136477$ & $0.0678575$ & $0.0556772$ & $-0.0169525$ & $-0.0535241$ & $-0.049518$ & $0.036631$ & $0.0277186$ & $0.0359683$ & $-0.0223282$ & $0.00915934$ & $-0.0248518$ & $-0.0118684$ & $-0.00958409$ & $0.0442197$ & $0.058096$ & $-0.00876134$ & $0.0689922$ & $-0.0113612$ & $-0.0358851$ & $-0.0274013$ & $0.0103521$ & $0.0364114$ & $0.0138428$ & $0.00892471$ & $-0.00302798$ & $0.0195149$ & $0.0182283$ & $-0.0335503$ & $0.00201812$ & $-0.0236377$ & $0.0139$ & $1$ & $0.00790665$ & $0.0026941$ & $0.00995529$ \\
eHccpar & $0.0265508$ & $-0.0072555$ & $-0.0375416$ & $0.0163445$ & $-0.0404008$ & $-0.0189549$ & $-0.0216517$ & $-0.050916$ & $-0.054278$ & $0.024996$ & $0.0504513$ & $0.0124143$ & $-0.0027055$ & $-0.0116857$ & $-0.0147451$ & $-0.00037347$ & $-0.0099237$ & $0.0148333$ & $0.00277903$ & $-0.045194$ & $-0.0548737$ & $-0.0427646$ & $-0.017683$ & $0.0447029$ & $-0.0197222$ & $0.0324023$ & $-0.0505985$ & $0.00392136$ & $-0.0419584$ & $0.00327464$ & $0.354113$ & $-0.0115294$ & $-0.00299471$ & $-0.0295776$ & $0.0121113$ & $-0.0234808$ & $0.0412703$ & $-0.0154039$ & $0.054018$ & $-0.0292888$ & $0.0330542$ & $-0.0014517$ & $0.0440916$ & $-0.0367892$ & $0.0452629$ & $0.00790665$ & $1$ & $-0.0108469$ & $0.00156611$ \\
eHbbint & $-0.0658956$ & $0.00186456$ & $0.0338278$ & $0.0394004$ & $0.0258784$ & $0.000236776$ & $-0.0437846$ & $0.0348855$ & $0.0199635$ & $-0.0552902$ & $-0.0479997$ & $-0.0249653$ & $0.00519309$ & $0.0374858$ & $-0.0193108$ & $0.0443589$ & $0.0274208$ & $0.0414054$ & $-0.0125184$ & $0.051632$ & $0.049628$ & $0.043682$ & $0.0505503$ & $0.0117356$ & $0.0408819$ & $-0.0470647$ & $0.044478$ & $-0.00676178$ & $-0.02974$ & $-0.0175946$ & $-0.0151984$ & $-0.0347269$ & $0.192404$ & $0.0456335$ & $0.0276813$ & $0.0131159$ & $-0.00782649$ & $0.0805693$ & $0.000959603$ & $0.0198601$ & $-0.0110386$ & $0.0480852$ & $-0.0412496$ & $-0.0011983$ & $-0.0305753$ & $0.0026941$ & $-0.0108469$ & $1$ & $-0.00792131$ \\
eHbbpar & $0.0314722$ & $-0.0300236$ & $-0.0834143$ & $-0.00861829$ & $0.0493633$ & $0.0428947$ & $0.0487108$ & $0.0141264$ & $0.0192053$ & $0.0260345$ & $0.00415797$ & $0.0407627$ & $-0.0208359$ & $-0.0478697$ & $0.0390818$ & $-0.0423278$ & $-0.0295098$ & $-0.0693352$ & $-0.00954798$ & $-0.0126597$ & $-0.00983669$ & $-0.00288842$ & $-0.00762097$ & $-0.0611587$ & $-0.0234754$ & $0.00884363$ & $0.0168798$ & $-0.0205911$ & $0.0489735$ & $-0.00388678$ & $0.0429184$ & $0.0439617$ & $0.479233$ & $-0.0198604$ & $0.0354672$ & $0.00764653$ & $0.0537168$ & $0.0413899$ & $-0.00290982$ & $-0.0141873$ & $0.0174975$ & $0.0162439$ & $0.0315015$ & $0.0168962$ & $0.096785$ & $0.00995529$ & $0.00156611$ & $-0.00792131$ & $1$ \\
