 & AlsMz & dAle5Mz & mtop & mHl & Mz & CW & CHG & CHWB & CHWHB_gaga & CHWHB_gagaorth & CHD & CHbox & CH & CHL1_11 & CHL1_22 & CHL1_33 & CHL3_11 & CHL3_22 & CHL3_33 & CHe_11 & CHe_22 & CHe_33 & CHQ1_11 & CHQ1_33 & CHQ3_11 & CHu_11 & CHd_11 & CHd_33 & CeH_22r & CeH_33r & CuH_22r & CuH_33r & CdH_33r & CLL_1221 & eHggint & eHggpar & eHWWint & eHWWpar & eHZZint & eHZZpar & eHZgaint & eHZgapar & eHgagaint & eHmumuint & eHtautauint & eHccint & eHccpar & eHbbint & eHbbpar \\
AlsMz & $1$ & $0.0454029$ & $0.0594247$ & $-0.0471471$ & $-0.000507874$ & $0.00901117$ & $-0.0128122$ & $-0.0224621$ & $-0.0188437$ & $-0.00705844$ & $0.00896867$ & $-0.011063$ & $-0.00105716$ & $-3.24446e-05$ & $0.0088628$ & $0.0124763$ & $0.00643547$ & $0.0037204$ & $-0.00380721$ & $-0.0135488$ & $-0.0200143$ & $-0.0200089$ & $-0.0167483$ & $-0.042364$ & $-0.12974$ & $-0.0234601$ & $-0.0628416$ & $-0.0260236$ & $0.0136962$ & $-0.0301329$ & $0.00750017$ & $-0.0130759$ & $-0.0462427$ & $-0.0234769$ & $-0.00322968$ & $0.153535$ & $0.110679$ & $-0.00905475$ & $0.174108$ & $0.00506639$ & $0.148928$ & $-0.0191196$ & $0.128932$ & $0.0625342$ & $-0.0276985$ & $0.114297$ & $-0.00976233$ & $0.0192126$ & $-0.0342699$ \\
dAle5Mz & $0.0454029$ & $1$ & $0.0968083$ & $-0.0259612$ & $0.00636736$ & $0.025759$ & $-0.0224234$ & $-0.094331$ & $-0.0942555$ & $0.0361979$ & $0.0826203$ & $0.0452164$ & $0.0039212$ & $-0.0351724$ & $-0.0123842$ & $-0.0347751$ & $0.00324344$ & $0.000922922$ & $0.0170917$ & $-0.0556437$ & $-0.0545994$ & $-0.0525226$ & $-0.00276682$ & $0.0183923$ & $0.00178474$ & $0.0231686$ & $-0.0213113$ & $0.0137948$ & $0.0170306$ & $0.00839137$ & $0.00256158$ & $-0.0141977$ & $0.082265$ & $0.00298147$ & $0.077279$ & $-0.0524928$ & $0.0682106$ & $0.0342379$ & $-0.0487946$ & $-0.00846559$ & $0.0478166$ & $0.00323262$ & $0.00613749$ & $0.0866677$ & $-0.0577099$ & $0.00590106$ & $-0.00488891$ & $0.0869541$ & $0.129699$ \\
mtop & $0.0594247$ & $0.0968083$ & $1$ & $-0.11209$ & $0.0231134$ & $0.0174185$ & $0.0225122$ & $0.0143294$ & $0.0197107$ & $-0.0185741$ & $0.00248374$ & $-0.0127663$ & $0.046346$ & $-0.0140418$ & $0.0114174$ & $0.00578842$ & $-0.0285824$ & $-0.0288705$ & $-0.0268864$ & $0.00887241$ & $0.00751831$ & $0.00930149$ & $-0.019537$ & $-0.0287539$ & $-0.0360859$ & $-0.00519337$ & $-0.0107322$ & $-0.0151628$ & $0.0223272$ & $-0.000673366$ & $0.0346379$ & $0.0300019$ & $0.0210352$ & $0.00560657$ & $0.0714417$ & $0.0244474$ & $0.0734601$ & $0.0173466$ & $0.0637306$ & $-0.00314344$ & $0.0235057$ & $-0.018368$ & $0.0596874$ & $0.0677063$ & $-0.0644842$ & $-0.0835824$ & $0.0706889$ & $0.0192127$ & $0.0334024$ \\
mHl & $-0.0471471$ & $-0.0259612$ & $-0.11209$ & $1$ & $-0.00234094$ & $0.0077998$ & $0.0205865$ & $-0.0128764$ & $-0.0114669$ & $0.0252964$ & $0.0113711$ & $0.0236197$ & $-0.0150823$ & $0.00735913$ & $0.00774989$ & $-0.0254384$ & $-0.00164894$ & $-0.00340476$ & $0.026088$ & $-0.0114606$ & $-0.0105104$ & $-0.0065525$ & $-0.0010981$ & $0.00988897$ & $0.0159758$ & $0.0154077$ & $0.00210785$ & $-0.0197623$ & $-0.0128059$ & $0.00210535$ & $-0.012535$ & $0.0140463$ & $0.0281454$ & $-0.0240555$ & $-0.0819327$ & $-0.0428271$ & $-0.0495423$ & $0.00335534$ & $-0.0337959$ & $0.0244903$ & $0.018366$ & $0.0137409$ & $-0.00929078$ & $-0.00438685$ & $0.0214458$ & $0.0139446$ & $-0.0260723$ & $-0.0886313$ & $0.0577396$ \\
Mz & $-0.000507874$ & $0.00636736$ & $0.0231134$ & $-0.00234094$ & $1$ & $-0.0191168$ & $0.00562424$ & $0.0170884$ & $0.0168372$ & $-0.0168822$ & $-0.00559127$ & $-0.00810717$ & $0.00431948$ & $-0.00329255$ & $0.00119481$ & $0.00906868$ & $-0.000769506$ & $-0.00578221$ & $-0.0116319$ & $0.0142501$ & $0.0164439$ & $0.0210218$ & $-0.0111918$ & $-0.0158918$ & $-0.0088876$ & $-0.00929195$ & $0.00445907$ & $0.0152621$ & $-0.00414577$ & $-0.0171735$ & $-0.00401358$ & $-0.000729394$ & $-0.00626655$ & $0.0164406$ & $0.0129812$ & $-0.0119922$ & $0.0238428$ & $-0.0203549$ & $0.00195972$ & $0.0166488$ & $0.0123885$ & $-0.00158836$ & $0.00713353$ & $-0.00848948$ & $-0.0187252$ & $-0.0261332$ & $0.00742795$ & $-0.00202123$ & $0.00659642$ \\
CW & $0.00901117$ & $0.025759$ & $0.0174185$ & $0.0077998$ & $-0.0191168$ & $1$ & $-0.0126034$ & $-0.136327$ & $-0.129094$ & $0.0239135$ & $0.19389$ & $0.0525734$ & $0.0109968$ & $0.0135413$ & $-0.0905785$ & $-0.0785458$ & $-0.253341$ & $-0.0371946$ & $-0.0462094$ & $-0.190086$ & $-0.196527$ & $-0.189973$ & $0.00077192$ & $0.00751697$ & $-0.0858166$ & $0.101512$ & $-0.0860923$ & $-0.0664641$ & $-0.0146632$ & $0.00015619$ & $0.00975329$ & $-0.0066674$ & $0.00256932$ & $-0.11612$ & $0.00206326$ & $-0.0061772$ & $0.0100852$ & $0.00441973$ & $-0.000585211$ & $0.0286633$ & $0.0203192$ & $-0.0239973$ & $0.0117675$ & $0.0199297$ & $0.0106948$ & $0.027595$ & $-0.00492996$ & $-0.0107362$ & $-0.0132078$ \\
CHG & $-0.0128122$ & $-0.0224234$ & $0.0225122$ & $0.0205865$ & $0.00562424$ & $-0.0126034$ & $1$ & $-0.0907329$ & $-0.0398788$ & $0.0698563$ & $0.0524728$ & $0.122619$ & $-0.277484$ & $0.0495252$ & $-0.0336473$ & $-0.0189532$ & $0.0847157$ & $0.100478$ & $0.0871614$ & $-0.0511886$ & $-0.0531974$ & $-0.0562322$ & $-0.022289$ & $0.10263$ & $0.0942599$ & $0.0420471$ & $-0.0282201$ & $-0.0311764$ & $0.0052779$ & $-0.122668$ & $-0.0791514$ & $0.941423$ & $-0.158259$ & $-0.0447691$ & $-0.0060933$ & $-0.0238622$ & $0.0183778$ & $-0.00494632$ & $-0.0371996$ & $0.0108563$ & $-0.0163166$ & $-0.00603947$ & $-0.017325$ & $-0.00815562$ & $-0.00051739$ & $-0.0361996$ & $-0.0155526$ & $0.00106679$ & $-0.025029$ \\
CHWB & $-0.0224621$ & $-0.094331$ & $0.0143294$ & $-0.0128764$ & $0.0170884$ & $-0.136327$ & $-0.0907329$ & $1$ & $0.982902$ & $-0.571012$ & $-0.885724$ & $-0.396135$ & $0.355867$ & $0.0997201$ & $0.312128$ & $0.314372$ & $-0.244453$ & $-0.446324$ & $-0.4492$ & $0.858034$ & $0.901187$ & $0.881624$ & $0.0855272$ & $-0.673768$ & $-0.402695$ & $-0.526193$ & $0.424849$ & $0.303068$ & $0.0134254$ & $0.0916894$ & $0.0612059$ & $-0.0851367$ & $0.099562$ & $0.558681$ & $0.0164485$ & $-0.00708812$ & $0.00697358$ & $-0.020314$ & $0.00334126$ & $-0.00410962$ & $-0.0410632$ & $0.00923325$ & $-0.0206394$ & $0.0048113$ & $0.0287911$ & $-0.0322664$ & $0.0131343$ & $-0.0200569$ & $-0.0240649$ \\
CHWHB_gaga & $-0.0188437$ & $-0.0942555$ & $0.0197107$ & $-0.0114669$ & $0.0168372$ & $-0.129094$ & $-0.0398788$ & $0.982902$ & $1$ & $-0.560956$ & $-0.868673$ & $-0.374889$ & $0.346373$ & $0.0954253$ & $0.307516$ & $0.310398$ & $-0.245241$ & $-0.442397$ & $-0.445954$ & $0.841819$ & $0.883781$ & $0.863701$ & $0.0835479$ & $-0.664465$ & $-0.399485$ & $-0.514833$ & $0.416771$ & $0.294822$ & $0.0199095$ & $0.111143$ & $0.0702038$ & $-0.0441072$ & $0.117709$ & $0.547822$ & $-0.0127112$ & $-0.0193288$ & $8.47755e-05$ & $-0.0224047$ & $0.00501519$ & $-0.00617158$ & $-0.0447582$ & $0.0100957$ & $0.0443545$ & $0.000177486$ & $0.0291999$ & $-0.03908$ & $0.0112207$ & $-0.019082$ & $-0.0292186$ \\
CHWHB_gagaorth & $-0.00705844$ & $0.0361979$ & $-0.0185741$ & $0.0252964$ & $-0.0168822$ & $0.0239135$ & $0.0698563$ & $-0.571012$ & $-0.560956$ & $1$ & $0.374893$ & $0.685498$ & $-0.246499$ & $0.202158$ & $-0.138569$ & $-0.152887$ & $0.414773$ & $0.474184$ & $0.481889$ & $-0.362879$ & $-0.387944$ & $-0.381892$ & $-0.0646081$ & $0.536257$ & $0.463832$ & $0.239331$ & $-0.229971$ & $-0.139942$ & $-0.0127656$ & $-0.105504$ & $-0.0771682$ & $0.0816284$ & $-0.13121$ & $-0.344177$ & $0.0262362$ & $0.031352$ & $-0.0251064$ & $9.75306e-05$ & $0.00118969$ & $-0.00557442$ & $-0.0110862$ & $-0.00112445$ & $-0.000996908$ & $0.00848892$ & $-0.0130867$ & $0.0270455$ & $-0.0333066$ & $0.0169296$ & $0.00194338$ \\
CHD & $0.00896867$ & $0.0826203$ & $0.00248374$ & $0.0113711$ & $-0.00559127$ & $0.19389$ & $0.0524728$ & $-0.885724$ & $-0.868673$ & $0.374893$ & $1$ & $0.345352$ & $-0.177944$ & $-0.502659$ & $-0.434102$ & $-0.426149$ & $-0.198542$ & $0.095791$ & $0.0950378$ & $-0.990172$ & $-0.991143$ & $-0.969752$ & $-0.023281$ & $0.323266$ & $0.0391595$ & $0.573356$ & $-0.295701$ & $-0.328253$ & $-0.0034824$ & $-0.0509311$ & $-0.0422023$ & $0.062295$ & $-0.0454691$ & $-0.366428$ & $0.00274665$ & $0.00912915$ & $-0.00717244$ & $0.0225221$ & $-0.0139902$ & $0.00380852$ & $0.0424531$ & $-0.0104412$ & $0.0129154$ & $-0.0118819$ & $-0.0361042$ & $0.0167979$ & $-0.0205962$ & $0.0316726$ & $0.0237588$ \\
CHbox & $-0.011063$ & $0.0452164$ & $-0.0127663$ & $0.0236197$ & $-0.00810717$ & $0.0525734$ & $0.122619$ & $-0.396135$ & $-0.374889$ & $0.685498$ & $0.345352$ & $1$ & $-0.44328$ & $-0.0438658$ & $-0.0800475$ & $-0.0843531$ & $0.100593$ & $0.158534$ & $0.162874$ & $-0.323833$ & $-0.356791$ & $-0.350001$ & $-0.0441493$ & $0.280205$ & $0.156488$ & $0.211915$ & $-0.197749$ & $-0.125338$ & $-0.0144073$ & $0.0503879$ & $-0.0366873$ & $0.166027$ & $0.0334$ & $-0.258389$ & $0.066263$ & $0.0263141$ & $-0.0329748$ & $0.0100456$ & $-0.0110602$ & $-0.0100172$ & $-0.00448262$ & $0.00615649$ & $-0.00374865$ & $0.0117239$ & $-0.0146669$ & $0.0055335$ & $-0.0451072$ & $0.017333$ & $0.00273257$ \\
CH & $-0.00105716$ & $0.0039212$ & $0.046346$ & $-0.0150823$ & $0.00431948$ & $0.0109968$ & $-0.277484$ & $0.355867$ & $0.346373$ & $-0.246499$ & $-0.177944$ & $-0.44328$ & $1$ & $-0.245427$ & $0.0854401$ & $0.0815043$ & $-0.373736$ & $-0.401131$ & $-0.398487$ & $0.175587$ & $0.189286$ & $0.183311$ & $0.0550956$ & $-0.398876$ & $-0.39178$ & $-0.132356$ & $0.130236$ & $0.073272$ & $0.0711795$ & $0.275495$ & $0.13631$ & $-0.219405$ & $0.332197$ & $0.21406$ & $0.0379874$ & $0.0426273$ & $0.00550919$ & $-0.00236253$ & $-0.00609607$ & $-0.00789883$ & $-0.0117044$ & $-0.00813669$ & $-0.0446743$ & $0.0152728$ & $-0.00638953$ & $-0.00576036$ & $0.0264703$ & $0.0178701$ & $0.00564138$ \\
CHL1_11 & $-3.24446e-05$ & $-0.0351724$ & $-0.0140418$ & $0.00735913$ & $-0.00329255$ & $0.0135413$ & $0.0495252$ & $0.0997201$ & $0.0954253$ & $0.202158$ & $-0.502659$ & $-0.0438658$ & $-0.245427$ & $1$ & $0.271673$ & $0.257202$ & $0.653374$ & $0.585007$ & $0.586174$ & $0.518159$ & $0.464479$ & $0.454602$ & $-0.0872693$ & $0.459594$ & $0.585144$ & $-0.261281$ & $-0.100015$ & $0.145587$ & $-0.0125135$ & $-0.0519122$ & $-0.0209805$ & $0.0197108$ & $-0.0805155$ & $-0.21421$ & $-0.0400608$ & $-0.00847745$ & $0.00328545$ & $-0.0147186$ & $0.0252397$ & $0.0030643$ & $-0.00715451$ & $-0.00458519$ & $0.00746984$ & $0.0151871$ & $0.0288989$ & $0.0211082$ & $0.0169304$ & $-0.0347336$ & $-0.0209894$ \\
CHL1_22 & $0.0088628$ & $-0.0123842$ & $0.0114174$ & $0.00774989$ & $0.00119481$ & $-0.0905785$ & $-0.0336473$ & $0.312128$ & $0.307516$ & $-0.138569$ & $-0.434102$ & $-0.0800475$ & $0.0854401$ & $0.271673$ & $1$ & $0.466719$ & $0.166646$ & $-0.460745$ & $-0.0527195$ & $0.499973$ & $0.351026$ & $0.340196$ & $-0.175237$ & $0.0973785$ & $-0.142305$ & $-0.205512$ & $-0.388924$ & $0.111255$ & $0.00730854$ & $0.0289187$ & $0.0260271$ & $-0.0378477$ & $0.0262426$ & $-0.583382$ & $-0.0142999$ & $0.00364038$ & $0.0173097$ & $-0.00726105$ & $-0.0066854$ & $-0.0145714$ & $5.05603e-05$ & $0.00598402$ & $0.00759296$ & $0.010833$ & $0.0311577$ & $-0.017994$ & $0.000700027$ & $0.0110174$ & $-0.00841463$ \\
CHL1_33 & $0.0124763$ & $-0.0347751$ & $0.00578842$ & $-0.0254384$ & $0.00906868$ & $-0.0785458$ & $-0.0189532$ & $0.314372$ & $0.310398$ & $-0.152887$ & $-0.426149$ & $-0.0843531$ & $0.0815043$ & $0.257202$ & $0.466719$ & $1$ & $0.145147$ & $-0.061569$ & $-0.452152$ & $0.491406$ & $0.346233$ & $0.363041$ & $-0.169584$ & $0.0909683$ & $-0.154291$ & $-0.196225$ & $-0.377268$ & $0.127864$ & $-7.87548e-06$ & $0.0341996$ & $0.0173978$ & $-0.01969$ & $0.0229133$ & $-0.10259$ & $-0.0111651$ & $0.00569485$ & $0.0191183$ & $-0.00329796$ & $0.014897$ & $-0.00933454$ & $0.00668886$ & $-0.00325884$ & $0.0014658$ & $0.0390689$ & $0.0286904$ & $-0.00506626$ & $0.0147837$ & $-0.0241643$ & $-0.00606163$ \\
CHL3_11 & $0.00643547$ & $0.00324344$ & $-0.0285824$ & $-0.00164894$ & $-0.000769506$ & $-0.253341$ & $0.0847157$ & $-0.244453$ & $-0.245241$ & $0.414773$ & $-0.198542$ & $0.100593$ & $-0.373736$ & $0.653374$ & $0.166646$ & $0.145147$ & $1$ & $0.725529$ & $0.735055$ & $0.220118$ & $0.168136$ & $0.164041$ & $-0.0935303$ & $0.677798$ & $0.771009$ & $-0.0835846$ & $-0.163688$ & $0.0440271$ & $-0.0238047$ & $-0.0936139$ & $-0.0415445$ & $0.0517662$ & $-0.118565$ & $-0.261574$ & $-0.0353424$ & $-0.00569441$ & $-0.00489201$ & $-0.0059313$ & $0.0167265$ & $0.000434829$ & $-0.0193106$ & $0.00551621$ & $0.00979626$ & $0.00410057$ & $0.00836179$ & $0.0246298$ & $0.0191025$ & $-0.0254595$ & $0.00388995$ \\
CHL3_22 & $0.0037204$ & $0.000922922$ & $-0.0288705$ & $-0.00340476$ & $-0.00578221$ & $-0.0371946$ & $0.100478$ & $-0.446324$ & $-0.442397$ & $0.474184$ & $0.095791$ & $0.158534$ & $-0.401131$ & $0.585007$ & $-0.460745$ & $-0.061569$ & $0.725529$ & $1$ & $0.683902$ & $-0.101134$ & $-0.0877198$ & $-0.0807847$ & $-0.00899683$ & $0.619556$ & $0.787842$ & $0.0629355$ & $-0.00716632$ & $-0.0341759$ & $-0.0260587$ & $-0.0973405$ & $-0.0554696$ & $0.0743652$ & $-0.124389$ & $0.0304473$ & $-0.028108$ & $-0.00642005$ & $-0.0134822$ & $0.00122002$ & $0.0246527$ & $0.0105607$ & $-0.00207517$ & $-0.00429001$ & $0.00769597$ & $0.00498067$ & $-0.00568389$ & $0.0402504$ & $0.0147404$ & $-0.0321368$ & $0.00114976$ \\
CHL3_33 & $-0.00380721$ & $0.0170917$ & $-0.0268864$ & $0.026088$ & $-0.0116319$ & $-0.0462094$ & $0.0871614$ & $-0.4492$ & $-0.445954$ & $0.481889$ & $0.0950378$ & $0.162874$ & $-0.398487$ & $0.586174$ & $-0.0527195$ & $-0.452152$ & $0.735055$ & $0.683902$ & $1$ & $-0.099839$ & $-0.0877424$ & $-0.080629$ & $-0.0115404$ & $0.620515$ & $0.796028$ & $0.0592585$ & $-0.0102603$ & $-0.0465721$ & $-0.0226716$ & $-0.102545$ & $-0.053075$ & $0.0576708$ & $-0.120917$ & $-0.341229$ & $-0.0345499$ & $-0.00931662$ & $-0.0167655$ & $-0.00271989$ & $0.00621141$ & $0.00611506$ & $-0.0071127$ & $0.000631947$ & $0.00850952$ & $-0.0170434$ & $-0.00238963$ & $0.0268765$ & $0.00443951$ & $-0.0072878$ & $0.00279752$ \\
CHe_11 & $-0.0135488$ & $-0.0556437$ & $0.00887241$ & $-0.0114606$ & $0.0142501$ & $-0.190086$ & $-0.0511886$ & $0.858034$ & $0.841819$ & $-0.362879$ & $-0.990172$ & $-0.323833$ & $0.175587$ & $0.518159$ & $0.499973$ & $0.491406$ & $0.220118$ & $-0.101134$ & $-0.099839$ & $1$ & $0.972927$ & $0.952775$ & $-0.00454581$ & $-0.27024$ & $-0.036148$ & $-0.561426$ & $0.219584$ & $0.324409$ & $0.0048932$ & $0.0528027$ & $0.042281$ & $-0.0600718$ & $0.0486724$ & $0.288037$ & $-0.000476639$ & $-0.0118624$ & $0.009301$ & $-0.018162$ & $0.011705$ & $-0.00621074$ & $-0.0378805$ & $0.0102309$ & $-0.0114563$ & $0.0154165$ & $0.0362902$ & $-0.0170555$ & $0.0215898$ & $-0.0263791$ & $-0.0195098$ \\
CHe_22 & $-0.0200143$ & $-0.0545994$ & $0.00751831$ & $-0.0105104$ & $0.0164439$ & $-0.196527$ & $-0.0531974$ & $0.901187$ & $0.883781$ & $-0.387944$ & $-0.991143$ & $-0.356791$ & $0.189286$ & $0.464479$ & $0.351026$ & $0.346233$ & $0.168136$ & $-0.0877198$ & $-0.0877424$ & $0.972927$ & $1$ & $0.97503$ & $0.0513701$ & $-0.376417$ & $-0.0415286$ & $-0.576334$ & $0.375451$ & $0.331755$ & $0.00511042$ & $0.0526412$ & $0.0431929$ & $-0.0621885$ & $0.0515563$ & $0.452464$ & $0.00305385$ & $-0.0132381$ & $0.00732271$ & $-0.0215445$ & $0.0116779$ & $-0.00352111$ & $-0.0447039$ & $0.00958837$ & $-0.0161888$ & $0.0114234$ & $0.0328576$ & $-0.0193$ & $0.0211065$ & $-0.0297451$ & $-0.0192282$ \\
CHe_33 & $-0.0200089$ & $-0.0525226$ & $0.00930149$ & $-0.0065525$ & $0.0210218$ & $-0.189973$ & $-0.0562322$ & $0.881624$ & $0.863701$ & $-0.381892$ & $-0.969752$ & $-0.350001$ & $0.183311$ & $0.454602$ & $0.340196$ & $0.363041$ & $0.164041$ & $-0.0807847$ & $-0.080629$ & $0.952775$ & $0.97503$ & $1$ & $0.0522454$ & $-0.366035$ & $-0.0366755$ & $-0.565455$ & $0.369907$ & $0.326193$ & $-0.00220738$ & $0.0459112$ & $0.0379557$ & $-0.0656526$ & $0.0467992$ & $0.447313$ & $9.28706e-06$ & $-0.0133245$ & $0.00736197$ & $-0.0210367$ & $0.00933165$ & $-0.0025572$ & $-0.0401895$ & $0.00587009$ & $-0.0208846$ & $0.01503$ & $0.0340484$ & $-0.0193427$ & $0.0237939$ & $-0.0306996$ & $-0.0187$ \\
CHQ1_11 & $-0.0167483$ & $-0.00276682$ & $-0.019537$ & $-0.0010981$ & $-0.0111918$ & $0.00077192$ & $-0.022289$ & $0.0855272$ & $0.0835479$ & $-0.0646081$ & $-0.023281$ & $-0.0441493$ & $0.0550956$ & $-0.0872693$ & $-0.175237$ & $-0.169584$ & $-0.0935303$ & $-0.00899683$ & $-0.0115404$ & $-0.00454581$ & $0.0513701$ & $0.0522454$ & $1$ & $-0.159219$ & $0.0654358$ & $-0.677312$ & $0.359958$ & $0.0179154$ & $-0.0101017$ & $0.0201226$ & $0.00646054$ & $-0.0160186$ & $0.0288643$ & $0.218947$ & $0.0236995$ & $-0.00703894$ & $-0.01779$ & $0.0151235$ & $-0.0126716$ & $0.0189459$ & $-0.0320307$ & $0.00548529$ & $-0.0273766$ & $-0.0155139$ & $0.0037042$ & $-0.0265014$ & $-0.00843056$ & $0.000704739$ & $0.0135132$ \\
CHQ1_33 & $-0.042364$ & $0.0183923$ & $-0.0287539$ & $0.00988897$ & $-0.0158918$ & $0.00751697$ & $0.10263$ & $-0.673768$ & $-0.664465$ & $0.536257$ & $0.323266$ & $0.280205$ & $-0.398876$ & $0.459594$ & $0.0973785$ & $0.0909683$ & $0.677798$ & $0.619556$ & $0.620515$ & $-0.27024$ & $-0.376417$ & $-0.366035$ & $-0.159219$ & $1$ & $0.633569$ & $0.22998$ & $-0.42956$ & $-0.0392722$ & $-0.0203179$ & $-0.0952763$ & $-0.0599469$ & $0.0786734$ & $-0.121354$ & $-0.632076$ & $-0.0334117$ & $-0.00867453$ & $-0.00349111$ & $0.0109038$ & $0.00251202$ & $-0.00813601$ & $0.00529404$ & $-0.00219506$ & $0.00151824$ & $-0.00515408$ & $-0.000259192$ & $0.0313439$ & $0.000515439$ & $-0.0114301$ & $0.00651468$ \\
CHQ3_11 & $-0.12974$ & $0.00178474$ & $-0.0360859$ & $0.0159758$ & $-0.0088876$ & $-0.0858166$ & $0.0942599$ & $-0.402695$ & $-0.399485$ & $0.463832$ & $0.0391595$ & $0.156488$ & $-0.39178$ & $0.585144$ & $-0.142305$ & $-0.154291$ & $0.771009$ & $0.787842$ & $0.796028$ & $-0.036148$ & $-0.0415286$ & $-0.0366755$ & $0.0654358$ & $0.633569$ & $1$ & $0.0415029$ & $0.209651$ & $-0.0162376$ & $-0.0314683$ & $-0.0889399$ & $-0.0551656$ & $0.0667472$ & $-0.114971$ & $-0.196797$ & $-0.0171856$ & $-0.0147992$ & $-0.0244643$ & $0.0025501$ & $-0.0233163$ & $0.00825238$ & $-0.0332091$ & $-0.00538769$ & $-0.00920702$ & $-0.0220349$ & $0.0169372$ & $0.0105834$ & $0.013099$ & $-0.0107149$ & $0.00157906$ \\
CHu_11 & $-0.0234601$ & $0.0231686$ & $-0.00519337$ & $0.0154077$ & $-0.00929195$ & $0.101512$ & $0.0420471$ & $-0.526193$ & $-0.514833$ & $0.239331$ & $0.573356$ & $0.211915$ & $-0.132356$ & $-0.261281$ & $-0.205512$ & $-0.196225$ & $-0.0835846$ & $0.0629355$ & $0.0592585$ & $-0.561426$ & $-0.576334$ & $-0.565455$ & $-0.677312$ & $0.22998$ & $0.0415029$ & $1$ & $-0.188233$ & $-0.196619$ & $-0.00122825$ & $-0.0466133$ & $-0.0294929$ & $0.0426106$ & $-0.0431608$ & $-0.26338$ & $-0.0201268$ & $0.00401256$ & $0.00186922$ & $9.57995e-05$ & $-0.0245126$ & $-0.00818299$ & $0.0322897$ & $-0.0117354$ & $0.0256435$ & $-0.00659388$ & $-0.0168111$ & $0.00524386$ & $-0.00310719$ & $0.0239366$ & $0.00400067$ \\
CHd_11 & $-0.0628416$ & $-0.0213113$ & $-0.0107322$ & $0.00210785$ & $0.00445907$ & $-0.0860923$ & $-0.0282201$ & $0.424849$ & $0.416771$ & $-0.229971$ & $-0.295701$ & $-0.197749$ & $0.130236$ & $-0.100015$ & $-0.388924$ & $-0.377268$ & $-0.163688$ & $-0.00716632$ & $-0.0102603$ & $0.219584$ & $0.375451$ & $0.369907$ & $0.359958$ & $-0.42956$ & $0.209651$ & $-0.188233$ & $1$ & $0.115213$ & $-0.008808$ & $0.0290782$ & $0.0120956$ & $-0.027102$ & $0.036835$ & $0.689109$ & $0.0339466$ & $-0.00581962$ & $-0.00924477$ & $-0.00651592$ & $-0.0315692$ & $0.00798321$ & $-0.0521614$ & $-0.000896918$ & $-0.0300056$ & $-0.0355345$ & $0.012594$ & $-0.0241559$ & $0.00483251$ & $0.00370349$ & $-0.00984694$ \\
CHd_33 & $-0.0260236$ & $0.0137948$ & $-0.0151628$ & $-0.0197623$ & $0.0152621$ & $-0.0664641$ & $-0.0311764$ & $0.303068$ & $0.294822$ & $-0.139942$ & $-0.328253$ & $-0.125338$ & $0.073272$ & $0.145587$ & $0.111255$ & $0.127864$ & $0.0440271$ & $-0.0341759$ & $-0.0465721$ & $0.324409$ & $0.331755$ & $0.326193$ & $0.0179154$ & $-0.0392722$ & $-0.0162376$ & $-0.196619$ & $0.115213$ & $1$ & $0.00213998$ & $0.017453$ & $0.0106679$ & $-0.0324256$ & $0.0109084$ & $0.159335$ & $0.0408647$ & $0.00108549$ & $0.00589633$ & $0.00247831$ & $-0.00712444$ & $-0.0073506$ & $-0.0426039$ & $-0.00912094$ & $-0.000977678$ & $0.0365639$ & $-0.0147102$ & $-0.0196179$ & $0.0230092$ & $-0.0200192$ & $-0.000418088$ \\
CeH_22r & $0.0136962$ & $0.0170306$ & $0.0223272$ & $-0.0128059$ & $-0.00414577$ & $-0.0146632$ & $0.0052779$ & $0.0134254$ & $0.0199095$ & $-0.0127656$ & $-0.0034824$ & $-0.0144073$ & $0.0711795$ & $-0.0125135$ & $0.00730854$ & $-7.87548e-06$ & $-0.0238047$ & $-0.0260587$ & $-0.0226716$ & $0.0048932$ & $0.00511042$ & $-0.00220738$ & $-0.0101017$ & $-0.0203179$ & $-0.0314683$ & $-0.00122825$ & $-0.008808$ & $0.00213998$ & $1$ & $0.0537292$ & $0.025221$ & $-0.0041811$ & $0.0642804$ & $0.00213132$ & $-0.0267615$ & $-0.0135667$ & $-0.0155688$ & $0.0119013$ & $0.00828952$ & $0.0151979$ & $-0.0118367$ & $-0.00993531$ & $-0.00605698$ & $0.0168371$ & $-0.0225223$ & $-0.00407671$ & $0.00878981$ & $0.0126852$ & $0.0224633$ \\
CeH_33r & $-0.0301329$ & $0.00839137$ & $-0.000673366$ & $0.00210535$ & $-0.0171735$ & $0.00015619$ & $-0.122668$ & $0.0916894$ & $0.111143$ & $-0.105504$ & $-0.0509311$ & $0.0503879$ & $0.275495$ & $-0.0519122$ & $0.0289187$ & $0.0341996$ & $-0.0936139$ & $-0.0973405$ & $-0.102545$ & $0.0528027$ & $0.0526412$ & $0.0459112$ & $0.0201226$ & $-0.0952763$ & $-0.0889399$ & $-0.0466133$ & $0.0290782$ & $0.017453$ & $0.0537292$ & $1$ & $0.296626$ & $0.0141068$ & $0.64812$ & $0.0473758$ & $-0.0785728$ & $-0.0305671$ & $-0.219608$ & $-0.00781547$ & $-0.0147095$ & $0.00222212$ & $-0.0445306$ & $0.000793776$ & $-0.0253554$ & $0.015194$ & $0.0967059$ & $-0.00159378$ & $-0.0168156$ & $0.00697958$ & $0.014348$ \\
CuH_22r & $0.00750017$ & $0.00256158$ & $0.0346379$ & $-0.012535$ & $-0.00401358$ & $0.00975329$ & $-0.0791514$ & $0.0612059$ & $0.0702038$ & $-0.0771682$ & $-0.0422023$ & $-0.0366873$ & $0.13631$ & $-0.0209805$ & $0.0260271$ & $0.0173978$ & $-0.0415445$ & $-0.0554696$ & $-0.053075$ & $0.042281$ & $0.0431929$ & $0.0379557$ & $0.00646054$ & $-0.0599469$ & $-0.0551656$ & $-0.0294929$ & $0.0120956$ & $0.0106679$ & $0.025221$ & $0.296626$ & $1$ & $0.00517732$ & $0.363459$ & $0.0277139$ & $-0.0228965$ & $-0.0201455$ & $-0.0594681$ & $-0.0152069$ & $0.00443289$ & $0.0235625$ & $0.00096257$ & $0.0148449$ & $0.00571414$ & $0.0114087$ & $0.00218359$ & $0.0791892$ & $0.375$ & $-0.0026344$ & $0.0514416$ \\
CuH_33r & $-0.0130759$ & $-0.0141977$ & $0.0300019$ & $0.0140463$ & $-0.000729394$ & $-0.0066674$ & $0.941423$ & $-0.0851367$ & $-0.0441072$ & $0.0816284$ & $0.062295$ & $0.166027$ & $-0.219405$ & $0.0197108$ & $-0.0378477$ & $-0.01969$ & $0.0517662$ & $0.0743652$ & $0.0576708$ & $-0.0600718$ & $-0.0621885$ & $-0.0656526$ & $-0.0160186$ & $0.0786734$ & $0.0667472$ & $0.0426106$ & $-0.027102$ & $-0.0324256$ & $-0.0041811$ & $0.0141068$ & $0.00517732$ & $1$ & $0.00395621$ & $-0.0369616$ & $0.0782199$ & $0.0111865$ & $-0.0190316$ & $-0.00310677$ & $-0.0325417$ & $0.00915839$ & $-0.00664929$ & $-0.00880632$ & $-0.029921$ & $0.000174867$ & $-0.00764367$ & $-0.0305536$ & $-0.0108505$ & $0.0143992$ & $-0.0226447$ \\
CdH_33r & $-0.0462427$ & $0.082265$ & $0.0210352$ & $0.0281454$ & $-0.00626655$ & $0.00256932$ & $-0.158259$ & $0.099562$ & $0.117709$ & $-0.13121$ & $-0.0454691$ & $0.0334$ & $0.332197$ & $-0.0805155$ & $0.0262426$ & $0.0229133$ & $-0.118565$ & $-0.124389$ & $-0.120917$ & $0.0486724$ & $0.0515563$ & $0.0467992$ & $0.0288643$ & $-0.121354$ & $-0.114971$ & $-0.0431608$ & $0.036835$ & $0.0109084$ & $0.0642804$ & $0.64812$ & $0.363459$ & $0.00395621$ & $1$ & $0.0616426$ & $-0.0575502$ & $-0.0227965$ & $-0.23728$ & $-0.0157204$ & $-0.054325$ & $0.0109228$ & $-0.0476834$ & $0.0118332$ & $-0.0590969$ & $0.0562483$ & $-0.00655328$ & $-0.0449691$ & $0.064901$ & $0.166974$ & $0.486639$ \\
CLL_1221 & $-0.0234769$ & $0.00298147$ & $0.00560657$ & $-0.0240555$ & $0.0164406$ & $-0.11612$ & $-0.0447691$ & $0.558681$ & $0.547822$ & $-0.344177$ & $-0.366428$ & $-0.258389$ & $0.21406$ & $-0.21421$ & $-0.583382$ & $-0.10259$ & $-0.261574$ & $0.0304473$ & $-0.341229$ & $0.288037$ & $0.452464$ & $0.447313$ & $0.218947$ & $-0.632076$ & $-0.196797$ & $-0.26338$ & $0.689109$ & $0.159335$ & $0.00213132$ & $0.0473758$ & $0.0277139$ & $-0.0369616$ & $0.0616426$ & $1$ & $0.0324104$ & $-0.0117945$ & $-0.00429465$ & $-0.00873247$ & $0.00297204$ & $0.00730971$ & $-0.0361357$ & $0.00437353$ & $-0.0247724$ & $5.6759e-05$ & $-0.00909896$ & $-0.0115152$ & $0.0115372$ & $-0.0203753$ & $-0.00153134$ \\
eHggint & $-0.00322968$ & $0.077279$ & $0.0714417$ & $-0.0819327$ & $0.0129812$ & $0.00206326$ & $-0.0060933$ & $0.0164485$ & $-0.0127112$ & $0.0262362$ & $0.00274665$ & $0.066263$ & $0.0379874$ & $-0.0400608$ & $-0.0142999$ & $-0.0111651$ & $-0.0353424$ & $-0.028108$ & $-0.0345499$ & $-0.000476639$ & $0.00305385$ & $9.28706e-06$ & $0.0236995$ & $-0.0334117$ & $-0.0171856$ & $-0.0201268$ & $0.0339466$ & $0.0408647$ & $-0.0267615$ & $-0.0785728$ & $-0.0228965$ & $0.0782199$ & $-0.0575502$ & $0.0324104$ & $1$ & $-0.0762309$ & $0.0493643$ & $-0.00532373$ & $0.0448998$ & $-0.0136424$ & $0.0818753$ & $-0.00751483$ & $-0.0968973$ & $-0.0166866$ & $-0.0900114$ & $-0.00222951$ & $0.0176088$ & $0.0971041$ & $-0.0238168$ \\
eHggpar & $0.153535$ & $-0.0524928$ & $0.0244474$ & $-0.0428271$ & $-0.0119922$ & $-0.0061772$ & $-0.0238622$ & $-0.00708812$ & $-0.0193288$ & $0.031352$ & $0.00912915$ & $0.0263141$ & $0.0426273$ & $-0.00847745$ & $0.00364038$ & $0.00569485$ & $-0.00569441$ & $-0.00642005$ & $-0.00931662$ & $-0.0118624$ & $-0.0132381$ & $-0.0133245$ & $-0.00703894$ & $-0.00867453$ & $-0.0147992$ & $0.00401256$ & $-0.00581962$ & $0.00108549$ & $-0.0135667$ & $-0.0305671$ & $-0.0201455$ & $0.0111865$ & $-0.0227965$ & $-0.0117945$ & $-0.0762309$ & $1$ & $0.0506975$ & $0.0484774$ & $-0.0339327$ & $-0.0390341$ & $0.0604656$ & $0.00572373$ & $-0.000618045$ & $0.0128223$ & $-0.0149186$ & $0.0630063$ & $-0.00672402$ & $-0.0418178$ & $0.0310731$ \\
eHWWint & $0.110679$ & $0.0682106$ & $0.0734601$ & $-0.0495423$ & $0.0238428$ & $0.0100852$ & $0.0183778$ & $0.00697358$ & $8.47755e-05$ & $-0.0251064$ & $-0.00717244$ & $-0.0329748$ & $0.00550919$ & $0.00328545$ & $0.0173097$ & $0.0191183$ & $-0.00489201$ & $-0.0134822$ & $-0.0167655$ & $0.009301$ & $0.00732271$ & $0.00736197$ & $-0.01779$ & $-0.00349111$ & $-0.0244643$ & $0.00186922$ & $-0.00924477$ & $0.00589633$ & $-0.0155688$ & $-0.219608$ & $-0.0594681$ & $-0.0190316$ & $-0.23728$ & $-0.00429465$ & $0.0493643$ & $0.0506975$ & $1$ & $-0.00670111$ & $-0.0440062$ & $-0.0244725$ & $0.0548316$ & $0.00631376$ & $0.0590654$ & $-0.0388269$ & $-0.064167$ & $-0.00155774$ & $0.0418328$ & $-0.112674$ & $-0.00595835$ \\
eHWWpar & $-0.00905475$ & $0.0342379$ & $0.0173466$ & $0.00335534$ & $-0.0203549$ & $0.00441973$ & $-0.00494632$ & $-0.020314$ & $-0.0224047$ & $9.75306e-05$ & $0.0225221$ & $0.0100456$ & $-0.00236253$ & $-0.0147186$ & $-0.00726105$ & $-0.00329796$ & $-0.0059313$ & $0.00122002$ & $-0.00271989$ & $-0.018162$ & $-0.0215445$ & $-0.0210367$ & $0.0151235$ & $0.0109038$ & $0.0025501$ & $9.57995e-05$ & $-0.00651592$ & $0.00247831$ & $0.0119013$ & $-0.00781547$ & $-0.0152069$ & $-0.00310677$ & $-0.0157204$ & $-0.00873247$ & $-0.00532373$ & $0.0484774$ & $-0.00670111$ & $1$ & $0.000761775$ & $-0.00939734$ & $-0.0339044$ & $0.00367484$ & $-0.00906125$ & $0.0143078$ & $0.00795462$ & $-0.0251669$ & $-0.00203269$ & $-0.0174081$ & $0.00248212$ \\
eHZZint & $0.174108$ & $-0.0487946$ & $0.0637306$ & $-0.0337959$ & $0.00195972$ & $-0.000585211$ & $-0.0371996$ & $0.00334126$ & $0.00501519$ & $0.00118969$ & $-0.0139902$ & $-0.0110602$ & $-0.00609607$ & $0.0252397$ & $-0.0066854$ & $0.014897$ & $0.0167265$ & $0.0246527$ & $0.00621141$ & $0.011705$ & $0.0116779$ & $0.00933165$ & $-0.0126716$ & $0.00251202$ & $-0.0233163$ & $-0.0245126$ & $-0.0315692$ & $-0.00712444$ & $0.00828952$ & $-0.0147095$ & $0.00443289$ & $-0.0325417$ & $-0.054325$ & $0.00297204$ & $0.0448998$ & $-0.0339327$ & $-0.0440062$ & $0.000761775$ & $1$ & $0.0182496$ & $0.0514855$ & $-0.0483744$ & $0.0679921$ & $0.0588999$ & $0.100642$ & $0.0924216$ & $0.0234015$ & $0.00973046$ & $-0.0606691$ \\
eHZZpar & $0.00506639$ & $-0.00846559$ & $-0.00314344$ & $0.0244903$ & $0.0166488$ & $0.0286633$ & $0.0108563$ & $-0.00410962$ & $-0.00617158$ & $-0.00557442$ & $0.00380852$ & $-0.0100172$ & $-0.00789883$ & $0.0030643$ & $-0.0145714$ & $-0.00933454$ & $0.000434829$ & $0.0105607$ & $0.00611506$ & $-0.00621074$ & $-0.00352111$ & $-0.0025572$ & $0.0189459$ & $-0.00813601$ & $0.00825238$ & $-0.00818299$ & $0.00798321$ & $-0.0073506$ & $0.0151979$ & $0.00222212$ & $0.0235625$ & $0.00915839$ & $0.0109228$ & $0.00730971$ & $-0.0136424$ & $-0.0390341$ & $-0.0244725$ & $-0.00939734$ & $0.0182496$ & $1$ & $-0.00655891$ & $0.015158$ & $-0.01553$ & $-0.0336405$ & $0.0242679$ & $0.0131292$ & $0.0169835$ & $0.0140668$ & $0.0114759$ \\
eHZgaint & $0.148928$ & $0.0478166$ & $0.0235057$ & $0.018366$ & $0.0123885$ & $0.0203192$ & $-0.0163166$ & $-0.0410632$ & $-0.0447582$ & $-0.0110862$ & $0.0424531$ & $-0.00448262$ & $-0.0117044$ & $-0.00715451$ & $5.05603e-05$ & $0.00668886$ & $-0.0193106$ & $-0.00207517$ & $-0.0071127$ & $-0.0378805$ & $-0.0447039$ & $-0.0401895$ & $-0.0320307$ & $0.00529404$ & $-0.0332091$ & $0.0322897$ & $-0.0521614$ & $-0.0426039$ & $-0.0118367$ & $-0.0445306$ & $0.00096257$ & $-0.00664929$ & $-0.0476834$ & $-0.0361357$ & $0.0818753$ & $0.0604656$ & $0.0548316$ & $-0.0339044$ & $0.0514855$ & $-0.00655891$ & $1$ & $0.00375963$ & $0.0129623$ & $-0.0138678$ & $0.0866542$ & $0.142771$ & $0.0215685$ & $0.0739955$ & $-0.0736603$ \\
eHZgapar & $-0.0191196$ & $0.00323262$ & $-0.018368$ & $0.0137409$ & $-0.00158836$ & $-0.0239973$ & $-0.00603947$ & $0.00923325$ & $0.0100957$ & $-0.00112445$ & $-0.0104412$ & $0.00615649$ & $-0.00813669$ & $-0.00458519$ & $0.00598402$ & $-0.00325884$ & $0.00551621$ & $-0.00429001$ & $0.000631947$ & $0.0102309$ & $0.00958837$ & $0.00587009$ & $0.00548529$ & $-0.00219506$ & $-0.00538769$ & $-0.0117354$ & $-0.000896918$ & $-0.00912094$ & $-0.00993531$ & $0.000793776$ & $0.0148449$ & $-0.00880632$ & $0.0118332$ & $0.00437353$ & $-0.00751483$ & $0.00572373$ & $0.00631376$ & $0.00367484$ & $-0.0483744$ & $0.015158$ & $0.00375963$ & $1$ & $0.00322819$ & $-0.015556$ & $0.0260795$ & $-0.000597356$ & $0.00570121$ & $0.0457054$ & $-0.00812992$ \\
eHgagaint & $0.128932$ & $0.00613749$ & $0.0596874$ & $-0.00929078$ & $0.00713353$ & $0.0117675$ & $-0.017325$ & $-0.0206394$ & $0.0443545$ & $-0.000996908$ & $0.0129154$ & $-0.00374865$ & $-0.0446743$ & $0.00746984$ & $0.00759296$ & $0.0014658$ & $0.00979626$ & $0.00769597$ & $0.00850952$ & $-0.0114563$ & $-0.0161888$ & $-0.0208846$ & $-0.0273766$ & $0.00151824$ & $-0.00920702$ & $0.0256435$ & $-0.0300056$ & $-0.000977678$ & $-0.00605698$ & $-0.0253554$ & $0.00571414$ & $-0.029921$ & $-0.0590969$ & $-0.0247724$ & $-0.0968973$ & $-0.000618045$ & $0.0590654$ & $-0.00906125$ & $0.0679921$ & $-0.01553$ & $0.0129623$ & $0.00322819$ & $1$ & $-0.0624208$ & $-0.0168021$ & $-0.0333822$ & $0.0404343$ & $-0.00467053$ & $-0.0957212$ \\
eHmumuint & $0.0625342$ & $0.0866677$ & $0.0677063$ & $-0.00438685$ & $-0.00848948$ & $0.0199297$ & $-0.00815562$ & $0.0048113$ & $0.000177486$ & $0.00848892$ & $-0.0118819$ & $0.0117239$ & $0.0152728$ & $0.0151871$ & $0.010833$ & $0.0390689$ & $0.00410057$ & $0.00498067$ & $-0.0170434$ & $0.0154165$ & $0.0114234$ & $0.01503$ & $-0.0155139$ & $-0.00515408$ & $-0.0220349$ & $-0.00659388$ & $-0.0355345$ & $0.0365639$ & $0.0168371$ & $0.015194$ & $0.0114087$ & $0.000174867$ & $0.0562483$ & $5.6759e-05$ & $-0.0166866$ & $0.0128223$ & $-0.0388269$ & $0.0143078$ & $0.0588999$ & $-0.0336405$ & $-0.0138678$ & $-0.015556$ & $-0.0624208$ & $1$ & $0.00361598$ & $-0.0149744$ & $0.00467709$ & $0.0215482$ & $0.0442971$ \\
eHtautauint & $-0.0276985$ & $-0.0577099$ & $-0.0644842$ & $0.0214458$ & $-0.0187252$ & $0.0106948$ & $-0.00051739$ & $0.0287911$ & $0.0291999$ & $-0.0130867$ & $-0.0361042$ & $-0.0146669$ & $-0.00638953$ & $0.0288989$ & $0.0311577$ & $0.0286904$ & $0.00836179$ & $-0.00568389$ & $-0.00238963$ & $0.0362902$ & $0.0328576$ & $0.0340484$ & $0.0037042$ & $-0.000259192$ & $0.0169372$ & $-0.0168111$ & $0.012594$ & $-0.0147102$ & $-0.0225223$ & $0.0967059$ & $0.00218359$ & $-0.00764367$ & $-0.00655328$ & $-0.00909896$ & $-0.0900114$ & $-0.0149186$ & $-0.064167$ & $0.00795462$ & $0.100642$ & $0.0242679$ & $0.0866542$ & $0.0260795$ & $-0.0168021$ & $0.00361598$ & $1$ & $0.0394943$ & $-0.0197235$ & $0.0242431$ & $-0.0705053$ \\
eHccint & $0.114297$ & $0.00590106$ & $-0.0835824$ & $0.0139446$ & $-0.0261332$ & $0.027595$ & $-0.0361996$ & $-0.0322664$ & $-0.03908$ & $0.0270455$ & $0.0167979$ & $0.0055335$ & $-0.00576036$ & $0.0211082$ & $-0.017994$ & $-0.00506626$ & $0.0246298$ & $0.0402504$ & $0.0268765$ & $-0.0170555$ & $-0.0193$ & $-0.0193427$ & $-0.0265014$ & $0.0313439$ & $0.0105834$ & $0.00524386$ & $-0.0241559$ & $-0.0196179$ & $-0.00407671$ & $-0.00159378$ & $0.0791892$ & $-0.0305536$ & $-0.0449691$ & $-0.0115152$ & $-0.00222951$ & $0.0630063$ & $-0.00155774$ & $-0.0251669$ & $0.0924216$ & $0.0131292$ & $0.142771$ & $-0.000597356$ & $-0.0333822$ & $-0.0149744$ & $0.0394943$ & $1$ & $-0.0153709$ & $0.014953$ & $-0.0682626$ \\
eHccpar & $-0.00976233$ & $-0.00488891$ & $0.0706889$ & $-0.0260723$ & $0.00742795$ & $-0.00492996$ & $-0.0155526$ & $0.0131343$ & $0.0112207$ & $-0.0333066$ & $-0.0205962$ & $-0.0451072$ & $0.0264703$ & $0.0169304$ & $0.000700027$ & $0.0147837$ & $0.0191025$ & $0.0147404$ & $0.00443951$ & $0.0215898$ & $0.0211065$ & $0.0237939$ & $-0.00843056$ & $0.000515439$ & $0.013099$ & $-0.00310719$ & $0.00483251$ & $0.0230092$ & $0.00878981$ & $-0.0168156$ & $0.375$ & $-0.0108505$ & $0.064901$ & $0.0115372$ & $0.0176088$ & $-0.00672402$ & $0.0418328$ & $-0.00203269$ & $0.0234015$ & $0.0169835$ & $0.0215685$ & $0.00570121$ & $0.0404343$ & $0.00467709$ & $-0.0197235$ & $-0.0153709$ & $1$ & $0.00820948$ & $0.150885$ \\
eHbbint & $0.0192126$ & $0.0869541$ & $0.0192127$ & $-0.0886313$ & $-0.00202123$ & $-0.0107362$ & $0.00106679$ & $-0.0200569$ & $-0.019082$ & $0.0169296$ & $0.0316726$ & $0.017333$ & $0.0178701$ & $-0.0347336$ & $0.0110174$ & $-0.0241643$ & $-0.0254595$ & $-0.0321368$ & $-0.0072878$ & $-0.0263791$ & $-0.0297451$ & $-0.0306996$ & $0.000704739$ & $-0.0114301$ & $-0.0107149$ & $0.0239366$ & $0.00370349$ & $-0.0200192$ & $0.0126852$ & $0.00697958$ & $-0.0026344$ & $0.0143992$ & $0.166974$ & $-0.0203753$ & $0.0971041$ & $-0.0418178$ & $-0.112674$ & $-0.0174081$ & $0.00973046$ & $0.0140668$ & $0.0739955$ & $0.0457054$ & $-0.00467053$ & $0.0215482$ & $0.0242431$ & $0.014953$ & $0.00820948$ & $1$ & $0.0105553$ \\
eHbbpar & $-0.0342699$ & $0.129699$ & $0.0334024$ & $0.0577396$ & $0.00659642$ & $-0.0132078$ & $-0.025029$ & $-0.0240649$ & $-0.0292186$ & $0.00194338$ & $0.0237588$ & $0.00273257$ & $0.00564138$ & $-0.0209894$ & $-0.00841463$ & $-0.00606163$ & $0.00388995$ & $0.00114976$ & $0.00279752$ & $-0.0195098$ & $-0.0192282$ & $-0.0187$ & $0.0135132$ & $0.00651468$ & $0.00157906$ & $0.00400067$ & $-0.00984694$ & $-0.000418088$ & $0.0224633$ & $0.014348$ & $0.0514416$ & $-0.0226447$ & $0.486639$ & $-0.00153134$ & $-0.0238168$ & $0.0310731$ & $-0.00595835$ & $0.00248212$ & $-0.0606691$ & $0.0114759$ & $-0.0736603$ & $-0.00812992$ & $-0.0957212$ & $0.0442971$ & $-0.0705053$ & $-0.0682626$ & $0.150885$ & $0.0105553$ & $1$ \\
