 & AlsMz & dAle5Mz & mtop & mHl & Mz & CW & CHG & CHWB & CHWHB_gaga & CHWHB_gagaorth & CHD & CHbox & CH & CHL1_11 & CHL1_22 & CHL1_33 & CHL3_11 & CHL3_22 & CHL3_33 & CHe_11 & CHe_22 & CHe_33 & CHQ1_11 & CHQ1_33 & CHQ3_11 & CHu_11 & CHd_11 & CHd_33 & CeH_22r & CeH_33r & CuH_22r & CuH_33r & CdH_33r & CLL_1221 & eHggint & eHggpar & eHWWint & eHWWpar & eHZZint & eHZZpar & eHZgaint & eHZgapar & eHgagaint & eHmumuint & eHtautauint & eHccint & eHccpar & eHbbint & eHbbpar \\
AlsMz & $1$ & $-0.472093$ & $0.0226458$ & $-0.474531$ & $0.229418$ & $-0.092842$ & $-0.0353148$ & $-0.32303$ & $-0.313905$ & $0.358144$ & $0.166305$ & $-0.097671$ & $0.107005$ & $0.334501$ & $0.400283$ & $0.469459$ & $0.426445$ & $0.0762796$ & $0.0911551$ & $-0.236775$ & $-0.346629$ & $-0.31259$ & $-0.015777$ & $0.40139$ & $-0.0965889$ & $-0.208338$ & $-0.688209$ & $0.134782$ & $-0.0444177$ & $-0.054738$ & $-0.027711$ & $-0.0276341$ & $-0.0864574$ & $-0.456407$ & $0.153258$ & $0.70722$ & $0.283465$ & $0.384261$ & $0.0702575$ & $0.371499$ & $-0.387773$ & $0.237497$ & $0.490386$ & $-0.26313$ & $0.120475$ & $0.204442$ & $-0.198388$ & $-0.124902$ & $-0.0197909$ \\
dAle5Mz & $-0.472093$ & $1$ & $0.164067$ & $0.379358$ & $-0.20212$ & $0.0484985$ & $-0.163365$ & $0.109916$ & $0.109798$ & $-0.257431$ & $0.0396216$ & $-0.150619$ & $0.163819$ & $-0.319553$ & $-0.228747$ & $-0.294857$ & $-0.306846$ & $-0.114273$ & $-0.152894$ & $0.0313363$ & $0.11804$ & $0.128152$ & $0.000999582$ & $-0.246037$ & $-0.0431763$ & $0.152819$ & $0.384285$ & $-0.0943612$ & $0.0445265$ & $0.215673$ & $0.116115$ & $-0.155882$ & $0.226978$ & $0.317308$ & $-0.301183$ & $-0.466059$ & $-0.168364$ & $-0.331027$ & $0.0698764$ & $-0.0814706$ & $0.474257$ & $-0.316802$ & $-0.115584$ & $0.17833$ & $-0.0882259$ & $-0.0755051$ & $0.091197$ & $0.0688619$ & $-0.0348559$ \\
mtop & $0.0226458$ & $0.164067$ & $1$ & $-0.258857$ & $-0.0466085$ & $-0.0354293$ & $-0.343478$ & $0.213404$ & $0.209258$ & $-0.210801$ & $-0.115737$ & $-0.432619$ & $0.404218$ & $-0.190435$ & $-0.121608$ & $-0.0204097$ & $-0.218977$ & $-0.128579$ & $-0.219542$ & $0.123106$ & $0.11257$ & $0.145598$ & $0.0433713$ & $-0.168219$ & $-0.185321$ & $-0.0618883$ & $0.11054$ & $0.131159$ & $0.0260246$ & $0.242588$ & $0.296057$ & $-0.311114$ & $0.342362$ & $0.226043$ & $0.27667$ & $0.235427$ & $-0.311283$ & $-0.196376$ & $0.412733$ & $-0.0509122$ & $0.198653$ & $-0.171605$ & $0.048213$ & $-0.510586$ & $0.123871$ & $-0.107264$ & $0.237338$ & $0.0251498$ & $0.0921809$ \\
mHl & $-0.474531$ & $0.379358$ & $-0.258857$ & $1$ & $-0.19319$ & $0.0938728$ & $-0.0335239$ & $0.026884$ & $0.0236771$ & $-0.135495$ & $0.055167$ & $0.00750427$ & $0.0412111$ & $-0.166925$ & $-0.0457188$ & $-0.216248$ & $-0.194598$ & $-0.0974284$ & $-0.0515402$ & $0.00262518$ & $0.0473257$ & $0.0574772$ & $-0.106226$ & $-0.102083$ & $-0.00419949$ & $0.196393$ & $0.214111$ & $-0.141798$ & $0.0681465$ & $0.126245$ & $-0.0571883$ & $-0.0305888$ & $0.0806027$ & $0.0817402$ & $-0.296245$ & $-0.543294$ & $0.051677$ & $-0.0518227$ & $-0.198152$ & $-0.271425$ & $0.157803$ & $-0.00299278$ & $-0.22583$ & $0.359584$ & $-0.354357$ & $0.155991$ & $-0.154029$ & $-0.0453444$ & $-0.117064$ \\
Mz & $0.229418$ & $-0.20212$ & $-0.0466085$ & $-0.19319$ & $1$ & $-0.0154268$ & $0.115911$ & $-0.159521$ & $-0.149389$ & $0.174196$ & $0.126012$ & $0.0821073$ & $-0.0861072$ & $0.154433$ & $0.100866$ & $0.122167$ & $0.197443$ & $0.102499$ & $0.125648$ & $-0.110277$ & $-0.144962$ & $-0.116488$ & $0.017639$ & $0.130835$ & $0.0764932$ & $-0.0929607$ & $-0.206928$ & $0.0149001$ & $0.00859528$ & $-0.133581$ & $-0.092778$ & $0.106293$ & $-0.0956442$ & $-0.176212$ & $0.0639303$ & $0.187985$ & $0.106166$ & $0.105005$ & $-0.0772574$ & $0.145357$ & $-0.107977$ & $0.0525745$ & $0.192555$ & $0.011037$ & $0.0619953$ & $-0.039323$ & $-0.158081$ & $0.0266389$ & $0.117617$ \\
CW & $-0.092842$ & $0.0484985$ & $-0.0354293$ & $0.0938728$ & $-0.0154268$ & $1$ & $-0.0131837$ & $-0.0617573$ & $-0.0716219$ & $-0.0260449$ & $0.0858421$ & $0.017359$ & $-0.0201044$ & $0.126355$ & $-0.0662074$ & $-0.0150822$ & $-0.150062$ & $0.0156454$ & $0.00813215$ & $-0.0626827$ & $-0.0283239$ & $-0.0166895$ & $-0.0297161$ & $0.0162265$ & $0.0149415$ & $0.098235$ & $0.039555$ & $0.00476949$ & $-0.000848924$ & $0.018197$ & $0.0191925$ & $-0.0158887$ & $0.00648421$ & $-0.0711734$ & $-0.00169018$ & $-0.0998528$ & $-0.0760623$ & $-0.0172436$ & $-0.015943$ & $-0.12314$ & $-0.00869446$ & $0.0283732$ & $-0.132178$ & $-0.00145966$ & $-0.0463981$ & $-0.0144239$ & $0.0327192$ & $0.0416355$ & $-0.00206063$ \\
CHG & $-0.0353148$ & $-0.163365$ & $-0.343478$ & $-0.0335239$ & $0.115911$ & $-0.0131837$ & $1$ & $-0.172614$ & $-0.130577$ & $0.237575$ & $0.0410203$ & $0.845744$ & $-0.850862$ & $0.248037$ & $0.181625$ & $0.102083$ & $0.271224$ & $0.116013$ & $0.221579$ & $-0.0437197$ & $-0.0357379$ & $-0.106535$ & $-0.146225$ & $0.143471$ & $0.188938$ & $0.0221484$ & $-0.165242$ & $-0.125576$ & $-0.0758276$ & $-0.576673$ & $-0.387071$ & $0.969066$ & $-0.488228$ & $-0.233414$ & $-0.195581$ & $0.0730355$ & $0.229677$ & $-0.103457$ & $-0.586749$ & $0.257996$ & $-0.00368368$ & $-0.0743923$ & $0.159522$ & $0.474553$ & $0.00474296$ & $-0.125965$ & $-0.325323$ & $0.0112008$ & $0.412461$ \\
CHWB & $-0.32303$ & $0.109916$ & $0.213404$ & $0.026884$ & $-0.159521$ & $-0.0617573$ & $-0.172614$ & $1$ & $0.992747$ & $-0.590214$ & $-0.87989$ & $-0.184182$ & $0.134355$ & $-0.348356$ & $-0.266772$ & $-0.187992$ & $-0.677576$ & $-0.462541$ & $-0.515928$ & $0.85488$ & $0.692824$ & $0.68221$ & $0.0566523$ & $-0.699976$ & $-0.489632$ & $-0.0847613$ & $0.55431$ & $0.120626$ & $-0.00422678$ & $0.139754$ & $0.181813$ & $-0.16944$ & $0.172543$ & $0.739011$ & $0.0715986$ & $-0.203037$ & $-0.315979$ & $-0.302116$ & $0.27641$ & $-0.144686$ & $0.286339$ & $-0.223305$ & $-0.295354$ & $-0.0633124$ & $0.203864$ & $-0.241137$ & $0.310484$ & $0.095794$ & $0.0121106$ \\
CHWHB_gaga & $-0.313905$ & $0.109798$ & $0.209258$ & $0.0236771$ & $-0.149389$ & $-0.0716219$ & $-0.130577$ & $0.992747$ & $1$ & $-0.588334$ & $-0.874661$ & $-0.156534$ & $0.111191$ & $-0.346974$ & $-0.249159$ & $-0.177117$ & $-0.670851$ & $-0.469267$ & $-0.518425$ & $0.852241$ & $0.681986$ & $0.670757$ & $0.0479844$ & $-0.695983$ & $-0.496435$ & $-0.088031$ & $0.533991$ & $0.119266$ & $-0.00271817$ & $0.136939$ & $0.175159$ & $-0.129391$ & $0.180338$ & $0.72538$ & $0.0505828$ & $-0.191933$ & $-0.300674$ & $-0.319692$ & $0.250788$ & $-0.118478$ & $0.299665$ & $-0.241066$ & $-0.243787$ & $-0.0391601$ & $0.207956$ & $-0.250614$ & $0.278517$ & $0.103056$ & $0.0356158$ \\
CHWHB_gagaorth & $0.358144$ & $-0.257431$ & $-0.210801$ & $-0.135495$ & $0.174196$ & $-0.0260449$ & $0.237575$ & $-0.590214$ & $-0.588334$ & $1$ & $0.224396$ & $0.299277$ & $-0.25125$ & $0.77936$ & $0.348053$ & $0.310569$ & $0.831931$ & $0.52537$ & $0.595526$ & $-0.302519$ & $-0.27394$ & $-0.317313$ & $-0.0425942$ & $0.643604$ & $0.562321$ & $-0.0808856$ & $-0.50169$ & $0.0167703$ & $0.0401534$ & $-0.28882$ & $-0.240221$ & $0.238332$ & $-0.315528$ & $-0.562631$ & $0.0381938$ & $0.256519$ & $0.341154$ & $0.336356$ & $-0.3047$ & $0.161964$ & $-0.410183$ & $0.322249$ & $0.205481$ & $0.0521755$ & $-0.157191$ & $0.220653$ & $-0.266777$ & $-0.169188$ & $0.021071$ \\
CHD & $0.166305$ & $0.0396216$ & $-0.115737$ & $0.055167$ & $0.126012$ & $0.0858421$ & $0.0410203$ & $-0.87989$ & $-0.874661$ & $0.224396$ & $1$ & $0.0313729$ & $0.0148336$ & $-0.0562955$ & $0.101306$ & $0.0119357$ & $0.324256$ & $0.246753$ & $0.285573$ & $-0.895575$ & $-0.695469$ & $-0.65516$ & $-0.0297449$ & $0.461585$ & $0.265819$ & $0.154459$ & $-0.359347$ & $-0.149662$ & $-0.0104567$ & $0.00396589$ & $-0.0820508$ & $0.0430764$ & $-0.0166335$ & $-0.540863$ & $-0.0952985$ & $0.0852407$ & $0.177695$ & $0.181292$ & $-0.142242$ & $0.0598313$ & $-0.107736$ & $0.0883762$ & $0.21986$ & $0.0276917$ & $-0.16712$ & $0.17137$ & $-0.215362$ & $-0.0407678$ & $-0.0325663$ \\
CHbox & $-0.097671$ & $-0.150619$ & $-0.432619$ & $0.00750427$ & $0.0821073$ & $0.017359$ & $0.845744$ & $-0.184182$ & $-0.156534$ & $0.299277$ & $0.0313729$ & $1$ & $-0.97355$ & $0.269921$ & $0.189888$ & $0.0628219$ & $0.272146$ & $0.131247$ & $0.280222$ & $-0.00412442$ & $-0.0208635$ & $-0.08201$ & $-0.102442$ & $0.150087$ & $0.248054$ & $0.00826572$ & $-0.122233$ & $-0.136409$ & $-0.104492$ & $-0.615148$ & $-0.412212$ & $0.819826$ & $-0.49507$ & $-0.260821$ & $-0.222533$ & $0.010489$ & $0.246956$ & $-0.146269$ & $-0.690743$ & $0.237527$ & $0.00227802$ & $-0.0867003$ & $0.091493$ & $0.571913$ & $-0.0215672$ & $-0.181805$ & $-0.340646$ & $0.0383562$ & $0.471679$ \\
CH & $0.107005$ & $0.163819$ & $0.404218$ & $0.0412111$ & $-0.0861072$ & $-0.0201044$ & $-0.850862$ & $0.134355$ & $0.111191$ & $-0.25125$ & $0.0148336$ & $-0.97355$ & $1$ & $-0.283643$ & $-0.116699$ & $-0.0268691$ & $-0.259058$ & $-0.164035$ & $-0.287546$ & $-0.00731444$ & $-0.0313626$ & $0.0345751$ & $0.0952128$ & $-0.108734$ & $-0.269651$ & $-0.016417$ & $0.0556634$ & $0.116025$ & $0.124411$ & $0.651544$ & $0.405734$ & $-0.810233$ & $0.549784$ & $0.184333$ & $0.212765$ & $0.00131734$ & $-0.159504$ & $0.177227$ & $0.588669$ & $-0.231367$ & $-0.0280154$ & $0.110948$ & $-0.0427054$ & $-0.536655$ & $-0.0601825$ & $0.215716$ & $0.255886$ & $-0.07348$ & $-0.440022$ \\
CHL1_11 & $0.334501$ & $-0.319553$ & $-0.190435$ & $-0.166925$ & $0.154433$ & $0.126355$ & $0.248037$ & $-0.348356$ & $-0.346974$ & $0.77936$ & $-0.0562955$ & $0.269921$ & $-0.283643$ & $1$ & $0.311342$ & $0.343807$ & $0.691728$ & $0.493687$ & $0.518101$ & $-0.120017$ & $-0.102092$ & $-0.148022$ & $-0.0570508$ & $0.555334$ & $0.495961$ & $-0.0968799$ & $-0.42645$ & $0.0668075$ & $0.0196282$ & $-0.287348$ & $-0.191721$ & $0.233322$ & $-0.299728$ & $-0.432171$ & $0.0588609$ & $0.262568$ & $0.239572$ & $0.225704$ & $-0.22877$ & $0.158548$ & $-0.353003$ & $0.271296$ & $0.160235$ & $0.040885$ & $-0.0410427$ & $0.142916$ & $-0.205132$ & $-0.0965058$ & $0.0496051$ \\
CHL1_22 & $0.400283$ & $-0.228747$ & $-0.121608$ & $-0.0457188$ & $0.100866$ & $-0.0662074$ & $0.181625$ & $-0.266772$ & $-0.249159$ & $0.348053$ & $0.101306$ & $0.189888$ & $-0.116699$ & $0.311342$ & $1$ & $0.470987$ & $0.331477$ & $-0.349513$ & $0.0136675$ & $-0.0949202$ & $-0.361873$ & $-0.274904$ & $-0.0712806$ & $0.454521$ & $-0.0981467$ & $-0.0818892$ & $-0.654918$ & $-0.0561127$ & $0.00766441$ & $-0.109265$ & $-0.120289$ & $0.21165$ & $-0.0826812$ & $-0.697243$ & $-0.0352589$ & $0.358549$ & $0.422414$ & $0.259966$ & $-0.360516$ & $0.150623$ & $-0.314378$ & $0.213392$ & $0.339078$ & $0.002555$ & $-0.238617$ & $0.220909$ & $-0.347707$ & $-0.112858$ & $0.0591131$ \\
CHL1_33 & $0.469459$ & $-0.294857$ & $-0.0204097$ & $-0.216248$ & $0.122167$ & $-0.0150822$ & $0.102083$ & $-0.187992$ & $-0.177117$ & $0.310569$ & $0.0119357$ & $0.0628219$ & $-0.0268691$ & $0.343807$ & $0.470987$ & $1$ & $0.317358$ & $-0.0352115$ & $-0.291977$ & $-0.0373837$ & $-0.228642$ & $-0.302881$ & $-0.0919017$ & $0.401551$ & $-0.158946$ & $-0.0786246$ & $-0.647607$ & $0.058256$ & $-0.0451588$ & $-0.0700241$ & $-0.0712749$ & $0.125076$ & $-0.0426585$ & $-0.421785$ & $0.0576099$ & $0.433327$ & $0.297683$ & $0.24481$ & $-0.175774$ & $0.160988$ & $-0.301762$ & $0.19741$ & $0.321572$ & $-0.141671$ & $-0.103948$ & $0.182157$ & $-0.260243$ & $-0.0710616$ & $0.061592$ \\
CHL3_11 & $0.426445$ & $-0.306846$ & $-0.218977$ & $-0.194598$ & $0.197443$ & $-0.150062$ & $0.271224$ & $-0.677576$ & $-0.670851$ & $0.831931$ & $0.324256$ & $0.272146$ & $-0.259058$ & $0.691728$ & $0.331477$ & $0.317358$ & $1$ & $0.591028$ & $0.633039$ & $-0.464892$ & $-0.360425$ & $-0.412746$ & $-0.0281687$ & $0.705604$ & $0.615442$ & $-0.0765084$ & $-0.544905$ & $-0.0174946$ & $0.00853591$ & $-0.278695$ & $-0.218694$ & $0.251441$ & $-0.326024$ & $-0.541107$ & $0.0192737$ & $0.316479$ & $0.364825$ & $0.354315$ & $-0.295658$ & $0.221054$ & $-0.419448$ & $0.302774$ & $0.293151$ & $0.0481744$ & $-0.136579$ & $0.232233$ & $-0.283496$ & $-0.152545$ & $-0.00321941$ \\
CHL3_22 & $0.0762796$ & $-0.114273$ & $-0.128579$ & $-0.0974284$ & $0.102499$ & $0.0156454$ & $0.116013$ & $-0.462541$ & $-0.469267$ & $0.52537$ & $0.246753$ & $0.131247$ & $-0.164035$ & $0.493687$ & $-0.349513$ & $-0.0352115$ & $0.591028$ & $1$ & $0.619803$ & $-0.335071$ & $-0.144843$ & $-0.217714$ & $0.0443086$ & $0.379653$ & $0.727296$ & $-0.00477689$ & $-0.0230795$ & $0.0244952$ & $0.00674618$ & $-0.18251$ & $-0.139112$ & $0.0845255$ & $-0.23356$ & $0.0622098$ & $0.0370897$ & $0.0161902$ & $0.0287147$ & $0.118693$ & $-0.0131842$ & $0.0708209$ & $-0.143607$ & $0.12331$ & $0.0051719$ & $0.056566$ & $0.0339289$ & $0.0430028$ & $-0.0373252$ & $-0.0252646$ & $-0.0380418$ \\
CHL3_33 & $0.0911551$ & $-0.152894$ & $-0.219542$ & $-0.0515402$ & $0.125648$ & $0.00813215$ & $0.221579$ & $-0.515928$ & $-0.518425$ & $0.595526$ & $0.285573$ & $0.280222$ & $-0.287546$ & $0.518101$ & $0.0136675$ & $-0.291977$ & $0.633039$ & $0.619803$ & $1$ & $-0.362216$ & $-0.19358$ & $-0.241096$ & $0.0289593$ & $0.439082$ & $0.751775$ & $-0.0134722$ & $-0.0859001$ & $-0.0578704$ & $0.0307155$ & $-0.250533$ & $-0.202756$ & $0.188108$ & $-0.314816$ & $-0.275157$ & $0.0183052$ & $0.0302406$ & $0.152056$ & $0.182437$ & $-0.19168$ & $0.0516525$ & $-0.233342$ & $0.207275$ & $0.00198011$ & $0.145846$ & $-0.0658683$ & $0.102615$ & $-0.0900127$ & $-0.0950823$ & $-0.0129482$ \\
CHe_11 & $-0.236775$ & $0.0313363$ & $0.123106$ & $0.00262518$ & $-0.110277$ & $-0.0626827$ & $-0.0437197$ & $0.85488$ & $0.852241$ & $-0.302519$ & $-0.895575$ & $-0.00412442$ & $-0.00731444$ & $-0.120017$ & $-0.0949202$ & $-0.0373837$ & $-0.464892$ & $-0.335071$ & $-0.362216$ & $1$ & $0.688144$ & $0.653369$ & $0.0215429$ & $-0.522042$ & $-0.340438$ & $-0.138008$ & $0.384259$ & $0.122561$ & $0.0128632$ & $0.0145975$ & $0.079316$ & $-0.0321602$ & $0.05019$ & $0.491591$ & $0.0690372$ & $-0.138241$ & $-0.174203$ & $-0.200808$ & $0.112591$ & $-0.0876475$ & $0.166555$ & $-0.119066$ & $-0.231892$ & $-0.00882665$ & $0.128126$ & $-0.189963$ & $0.212258$ & $0.0480442$ & $0.0626536$ \\
CHe_22 & $-0.346629$ & $0.11804$ & $0.11257$ & $0.0473257$ & $-0.144962$ & $-0.0283239$ & $-0.0357379$ & $0.692824$ & $0.681986$ & $-0.27394$ & $-0.695469$ & $-0.0208635$ & $-0.0313626$ & $-0.102092$ & $-0.361873$ & $-0.228642$ & $-0.360425$ & $-0.144843$ & $-0.19358$ & $0.688144$ & $1$ & $0.5824$ & $0.0309464$ & $-0.547808$ & $-0.155544$ & $-0.0666315$ & $0.525626$ & $0.0820936$ & $-0.0128491$ & $0.0221177$ & $0.102684$ & $-0.0392734$ & $0.0308255$ & $0.554096$ & $0.0549209$ & $-0.243318$ & $-0.297372$ & $-0.225902$ & $0.175993$ & $-0.130617$ & $0.217256$ & $-0.156503$ & $-0.32741$ & $0.020085$ & $0.146941$ & $-0.187398$ & $0.287015$ & $0.0431828$ & $0.0250642$ \\
CHe_33 & $-0.31259$ & $0.128152$ & $0.145598$ & $0.0574772$ & $-0.116488$ & $-0.0166895$ & $-0.106535$ & $0.68221$ & $0.670757$ & $-0.317313$ & $-0.65516$ & $-0.08201$ & $0.0345751$ & $-0.148022$ & $-0.274904$ & $-0.302881$ & $-0.412746$ & $-0.217714$ & $-0.241096$ & $0.653369$ & $0.5824$ & $1$ & $0.0730369$ & $-0.526645$ & $-0.226539$ & $-0.101939$ & $0.505454$ & $0.118223$ & $-0.0163079$ & $0.0659505$ & $0.119895$ & $-0.103587$ & $0.0773954$ & $0.518756$ & $0.0197731$ & $-0.240593$ & $-0.299097$ & $-0.257392$ & $0.23423$ & $-0.143286$ & $0.224519$ & $-0.188674$ & $-0.301672$ & $-0.0179533$ & $0.168698$ & $-0.194229$ & $0.288979$ & $0.0822099$ & $0.00109901$ \\
CHQ1_11 & $-0.015777$ & $0.000999582$ & $0.0433713$ & $-0.106226$ & $0.017639$ & $-0.0297161$ & $-0.146225$ & $0.0566523$ & $0.0479844$ & $-0.0425942$ & $-0.0297449$ & $-0.102442$ & $0.0952128$ & $-0.0570508$ & $-0.0712806$ & $-0.0919017$ & $-0.0281687$ & $0.0443086$ & $0.0289593$ & $0.0215429$ & $0.0309464$ & $0.0730369$ & $1$ & $-0.0680166$ & $0.064331$ & $-0.563805$ & $0.169142$ & $0.0218824$ & $0.00260923$ & $0.0375289$ & $0.023366$ & $-0.162194$ & $0.0326053$ & $0.11756$ & $0.116939$ & $0.0126115$ & $-0.0752409$ & $0.0659311$ & $0.104293$ & $-0.0598084$ & $-0.0255491$ & $0.0352075$ & $-0.104045$ & $-0.0895138$ & $0.0168088$ & $0.0213325$ & $0.103812$ & $-0.00433916$ & $-0.0647088$ \\
CHQ1_33 & $0.40139$ & $-0.246037$ & $-0.168219$ & $-0.102083$ & $0.130835$ & $0.0162265$ & $0.143471$ & $-0.699976$ & $-0.695983$ & $0.643604$ & $0.461585$ & $0.150087$ & $-0.108734$ & $0.555334$ & $0.454521$ & $0.401551$ & $0.705604$ & $0.379653$ & $0.439082$ & $-0.522042$ & $-0.547808$ & $-0.526645$ & $-0.0680166$ & $1$ & $0.399493$ & $-0.0131943$ & $-0.603538$ & $0.0405302$ & $0.0302567$ & $-0.142259$ & $-0.154213$ & $0.145945$ & $-0.176665$ & $-0.643497$ & $0.00735103$ & $0.333857$ & $0.38776$ & $0.365297$ & $-0.272585$ & $0.0990881$ & $-0.415319$ & $0.360272$ & $0.261069$ & $-0.0754036$ & $-0.238823$ & $0.305969$ & $-0.274859$ & $-0.161902$ & $-0.0394191$ \\
CHQ3_11 & $-0.0965889$ & $-0.0431763$ & $-0.185321$ & $-0.00419949$ & $0.0764932$ & $0.0149415$ & $0.188938$ & $-0.489632$ & $-0.496435$ & $0.562321$ & $0.265819$ & $0.248054$ & $-0.269651$ & $0.495961$ & $-0.0981467$ & $-0.158946$ & $0.615442$ & $0.727296$ & $0.751775$ & $-0.340438$ & $-0.155544$ & $-0.226539$ & $0.064331$ & $0.399493$ & $1$ & $0.0206295$ & $0.114929$ & $-0.0590701$ & $0.0453878$ & $-0.212707$ & $-0.167192$ & $0.159937$ & $-0.249215$ & $-0.149466$ & $-0.0104949$ & $-0.127854$ & $0.04124$ & $0.101811$ & $-0.1232$ & $0.00196398$ & $-0.128053$ & $0.112639$ & $-0.0999241$ & $0.158057$ & $-0.037285$ & $0.0304171$ & $-0.000131257$ & $-0.0497661$ & $-0.00914317$ \\
CHu_11 & $-0.208338$ & $0.152819$ & $-0.0618883$ & $0.196393$ & $-0.0929607$ & $0.098235$ & $0.0221484$ & $-0.0847613$ & $-0.088031$ & $-0.0808856$ & $0.154459$ & $0.00826572$ & $-0.016417$ & $-0.0968799$ & $-0.0818892$ & $-0.0786246$ & $-0.0765084$ & $-0.00477689$ & $-0.0134722$ & $-0.138008$ & $-0.0666315$ & $-0.101939$ & $-0.563805$ & $-0.0131943$ & $0.0206295$ & $1$ & $0.183901$ & $-0.0652092$ & $-0.027397$ & $0.0344172$ & $0.00795128$ & $0.0188879$ & $0.0134868$ & $0.00561697$ & $-0.104042$ & $-0.235964$ & $-0.0199107$ & $-0.0970692$ & $-0.0146835$ & $-0.10241$ & $0.0998078$ & $-0.0690139$ & $-0.120436$ & $0.101652$ & $-0.0317924$ & $-0.0103479$ & $0.0600037$ & $0.0285006$ & $-0.0416974$ \\
CHd_11 & $-0.688209$ & $0.384285$ & $0.11054$ & $0.214111$ & $-0.206928$ & $0.039555$ & $-0.165242$ & $0.55431$ & $0.533991$ & $-0.50169$ & $-0.359347$ & $-0.122233$ & $0.0556634$ & $-0.42645$ & $-0.654918$ & $-0.647607$ & $-0.544905$ & $-0.0230795$ & $-0.0859001$ & $0.384259$ & $0.525626$ & $0.505454$ & $0.169142$ & $-0.603538$ & $0.114929$ & $0.183901$ & $1$ & $-0.0124931$ & $0.0131084$ & $0.134965$ & $0.142798$ & $-0.185372$ & $0.121324$ & $0.747948$ & $-0.0139233$ & $-0.585686$ & $-0.478737$ & $-0.376627$ & $0.313851$ & $-0.293967$ & $0.42593$ & $-0.296189$ & $-0.55764$ & $0.105366$ & $0.19051$ & $-0.275646$ & $0.447314$ & $0.109571$ & $-0.0598746$ \\
CHd_33 & $0.134782$ & $-0.0943612$ & $0.131159$ & $-0.141798$ & $0.0149001$ & $0.00476949$ & $-0.125576$ & $0.120626$ & $0.119266$ & $0.0167703$ & $-0.149662$ & $-0.136409$ & $0.116025$ & $0.0668075$ & $-0.0561127$ & $0.058256$ & $-0.0174946$ & $0.0244952$ & $-0.0578704$ & $0.122561$ & $0.0820936$ & $0.118223$ & $0.0218824$ & $0.0405302$ & $-0.0590701$ & $-0.0652092$ & $-0.0124931$ & $1$ & $-0.014644$ & $0.0435686$ & $0.109614$ & $-0.120844$ & $0.0658601$ & $0.0860845$ & $0.0832249$ & $0.144806$ & $-0.056159$ & $-0.0338198$ & $0.185167$ & $-0.0284972$ & $-0.00774043$ & $0.0497584$ & $0.0441492$ & $-0.160469$ & $0.141134$ & $-0.00817489$ & $0.0660474$ & $-0.0361356$ & $0.013083$ \\
CeH_22r & $-0.0444177$ & $0.0445265$ & $0.0260246$ & $0.0681465$ & $0.00859528$ & $-0.000848924$ & $-0.0758276$ & $-0.00422678$ & $-0.00271817$ & $0.0401534$ & $-0.0104567$ & $-0.104492$ & $0.124411$ & $0.0196282$ & $0.00766441$ & $-0.0451588$ & $0.00853591$ & $0.00674618$ & $0.0307155$ & $0.0128632$ & $-0.0128491$ & $-0.0163079$ & $0.00260923$ & $0.0302567$ & $0.0453878$ & $-0.027397$ & $0.0131084$ & $-0.014644$ & $1$ & $0.0788328$ & $0.030269$ & $-0.0874415$ & $0.0762624$ & $-0.00901964$ & $-0.0051272$ & $-0.0761016$ & $-0.00646968$ & $0.0420173$ & $0.00378271$ & $-0.0364846$ & $-0.0195874$ & $0.0536632$ & $-0.0436604$ & $-0.00689751$ & $-0.0583015$ & $0.0841642$ & $0.0112926$ & $-0.0274542$ & $-0.0248659$ \\
CeH_33r & $-0.054738$ & $0.215673$ & $0.242588$ & $0.126245$ & $-0.133581$ & $0.018197$ & $-0.576673$ & $0.139754$ & $0.136939$ & $-0.28882$ & $0.00396589$ & $-0.615148$ & $0.651544$ & $-0.287348$ & $-0.109265$ & $-0.0700241$ & $-0.278695$ & $-0.18251$ & $-0.250533$ & $0.0145975$ & $0.0221177$ & $0.0659505$ & $0.0375289$ & $-0.142259$ & $-0.212707$ & $0.0344172$ & $0.134965$ & $0.0435686$ & $0.0788328$ & $1$ & $0.491049$ & $-0.473542$ & $0.776328$ & $0.175879$ & $0.0667692$ & $-0.0924833$ & $-0.206382$ & $-0.00514149$ & $0.42799$ & $-0.220744$ & $0.0949405$ & $-0.0427054$ & $-0.109184$ & $-0.311358$ & $0.0305569$ & $0.0924305$ & $0.224162$ & $-0.0128658$ & $-0.278934$ \\
CuH_22r & $-0.027711$ & $0.116115$ & $0.296057$ & $-0.0571883$ & $-0.092778$ & $0.0191925$ & $-0.387071$ & $0.181813$ & $0.175159$ & $-0.240221$ & $-0.0820508$ & $-0.412212$ & $0.405734$ & $-0.191721$ & $-0.120289$ & $-0.0712749$ & $-0.218694$ & $-0.139112$ & $-0.202756$ & $0.079316$ & $0.102684$ & $0.119895$ & $0.023366$ & $-0.154213$ & $-0.167192$ & $0.00795128$ & $0.142798$ & $0.109614$ & $0.030269$ & $0.491049$ & $1$ & $-0.314284$ & $0.506424$ & $0.188932$ & $0.130348$ & $0.0178622$ & $-0.202624$ & $-0.105961$ & $0.386129$ & $-0.128658$ & $0.0922141$ & $-0.103161$ & $-0.13089$ & $-0.320813$ & $0.123675$ & $-0.00143741$ & $0.365963$ & $-0.0239593$ & $-0.140607$ \\
CuH_33r & $-0.0276341$ & $-0.155882$ & $-0.311114$ & $-0.0305888$ & $0.106293$ & $-0.0158887$ & $0.969066$ & $-0.16944$ & $-0.129391$ & $0.238332$ & $0.0430764$ & $0.819826$ & $-0.810233$ & $0.233322$ & $0.21165$ & $0.125076$ & $0.251441$ & $0.0845255$ & $0.188108$ & $-0.0321602$ & $-0.0392734$ & $-0.103587$ & $-0.162194$ & $0.145945$ & $0.159937$ & $0.0188879$ & $-0.185372$ & $-0.120844$ & $-0.0874415$ & $-0.473542$ & $-0.314284$ & $1$ & $-0.348931$ & $-0.250576$ & $-0.174303$ & $0.099092$ & $0.216367$ & $-0.104842$ & $-0.567551$ & $0.248096$ & $0.00424267$ & $-0.0868627$ & $0.162383$ & $0.441427$ & $0.00586555$ & $-0.119$ & $-0.322543$ & $0.00307532$ & $0.416992$ \\
CdH_33r & $-0.0864574$ & $0.226978$ & $0.342362$ & $0.0806027$ & $-0.0956442$ & $0.00648421$ & $-0.488228$ & $0.172543$ & $0.180338$ & $-0.315528$ & $-0.0166335$ & $-0.49507$ & $0.549784$ & $-0.299728$ & $-0.0826812$ & $-0.0426585$ & $-0.326024$ & $-0.23356$ & $-0.314816$ & $0.05019$ & $0.0308255$ & $0.0773954$ & $0.0326053$ & $-0.176665$ & $-0.249215$ & $0.0134868$ & $0.121324$ & $0.0658601$ & $0.0762624$ & $0.776328$ & $0.506424$ & $-0.348931$ & $1$ & $0.173594$ & $0.0607625$ & $-0.0321367$ & $-0.253587$ & $-0.168712$ & $0.321326$ & $-0.173009$ & $0.243353$ & $-0.183699$ & $-0.0362105$ & $-0.265927$ & $0.0579701$ & $-0.0506992$ & $0.147474$ & $0.110796$ & $0.0514582$ \\
CLL_1221 & $-0.456407$ & $0.317308$ & $0.226043$ & $0.0817402$ & $-0.176212$ & $-0.0711734$ & $-0.233414$ & $0.739011$ & $0.72538$ & $-0.562631$ & $-0.540863$ & $-0.260821$ & $0.184333$ & $-0.432171$ & $-0.697243$ & $-0.421785$ & $-0.541107$ & $0.0622098$ & $-0.275157$ & $0.491591$ & $0.554096$ & $0.518756$ & $0.11756$ & $-0.643497$ & $-0.149466$ & $0.00561697$ & $0.747948$ & $0.0860845$ & $-0.00901964$ & $0.175879$ & $0.188932$ & $-0.250576$ & $0.173594$ & $1$ & $0.0232504$ & $-0.355508$ & $-0.424826$ & $-0.352117$ & $0.393085$ & $-0.169855$ & $0.396226$ & $-0.295479$ & $-0.353498$ & $-0.028723$ & $0.233498$ & $-0.261786$ & $0.372085$ & $0.123013$ & $-0.0591965$ \\
eHggint & $0.153258$ & $-0.301183$ & $0.27667$ & $-0.296245$ & $0.0639303$ & $-0.00169018$ & $-0.195581$ & $0.0715986$ & $0.0505828$ & $0.0381938$ & $-0.0952985$ & $-0.222533$ & $0.212765$ & $0.0588609$ & $-0.0352589$ & $0.0576099$ & $0.0192737$ & $0.0370897$ & $0.0183052$ & $0.0690372$ & $0.0549209$ & $0.0197731$ & $0.116939$ & $0.00735103$ & $-0.0104949$ & $-0.104042$ & $-0.0139233$ & $0.0832249$ & $-0.0051272$ & $0.0667692$ & $0.130348$ & $-0.174303$ & $0.0607625$ & $0.0232504$ & $1$ & $0.255742$ & $-0.122597$ & $0.200866$ & $0.252746$ & $-0.111353$ & $-0.180439$ & $0.218597$ & $-0.154393$ & $-0.489856$ & $0.0413963$ & $0.0918209$ & $0.211355$ & $-0.193258$ & $0.019398$ \\
eHggpar & $0.70722$ & $-0.466059$ & $0.235427$ & $-0.543294$ & $0.187985$ & $-0.0998528$ & $0.0730355$ & $-0.203037$ & $-0.191933$ & $0.256519$ & $0.0852407$ & $0.010489$ & $0.00131734$ & $0.262568$ & $0.358549$ & $0.433327$ & $0.316479$ & $0.0161902$ & $0.0302406$ & $-0.138241$ & $-0.243318$ & $-0.240593$ & $0.0126115$ & $0.333857$ & $-0.127854$ & $-0.235964$ & $-0.585686$ & $0.144806$ & $-0.0761016$ & $-0.0924833$ & $0.0178622$ & $0.099092$ & $-0.0321367$ & $-0.355508$ & $0.255742$ & $1$ & $0.122709$ & $0.19232$ & $0.028553$ & $0.279059$ & $-0.237493$ & $0.118053$ & $0.41391$ & $-0.361288$ & $0.162327$ & $0.0563888$ & $-0.198925$ & $-0.0855051$ & $0.19192$ \\
eHWWint & $0.283465$ & $-0.168364$ & $-0.311283$ & $0.051677$ & $0.106166$ & $-0.0760623$ & $0.229677$ & $-0.315979$ & $-0.300674$ & $0.341154$ & $0.177695$ & $0.246956$ & $-0.159504$ & $0.239572$ & $0.422414$ & $0.297683$ & $0.364825$ & $0.0287147$ & $0.152056$ & $-0.174203$ & $-0.297372$ & $-0.299097$ & $-0.0752409$ & $0.38776$ & $0.04124$ & $-0.0199107$ & $-0.478737$ & $-0.056159$ & $-0.00646968$ & $-0.206382$ & $-0.202624$ & $0.216367$ & $-0.253587$ & $-0.424826$ & $-0.122597$ & $0.122709$ & $1$ & $0.356523$ & $-0.552487$ & $0.127837$ & $-0.385923$ & $0.339258$ & $0.31573$ & $0.20342$ & $-0.349724$ & $0.214093$ & $-0.333872$ & $-0.24793$ & $0.0222451$ \\
eHWWpar & $0.384261$ & $-0.331027$ & $-0.196376$ & $-0.0518227$ & $0.105005$ & $-0.0172436$ & $-0.103457$ & $-0.302116$ & $-0.319692$ & $0.336356$ & $0.181292$ & $-0.146269$ & $0.177227$ & $0.225704$ & $0.259966$ & $0.24481$ & $0.354315$ & $0.118693$ & $0.182437$ & $-0.200808$ & $-0.225902$ & $-0.257392$ & $0.0659311$ & $0.365297$ & $0.101811$ & $-0.0970692$ & $-0.376627$ & $-0.0338198$ & $0.0420173$ & $-0.00514149$ & $-0.105961$ & $-0.104842$ & $-0.168712$ & $-0.352117$ & $0.200866$ & $0.19232$ & $0.356523$ & $1$ & $-0.109848$ & $-0.154779$ & $-0.629347$ & $0.608102$ & $-0.0299089$ & $-0.18656$ & $-0.342694$ & $0.515336$ & $-0.0477094$ & $-0.336201$ & $-0.338675$ \\
eHZZint & $0.0702575$ & $0.0698764$ & $0.412733$ & $-0.198152$ & $-0.0772574$ & $-0.015943$ & $-0.586749$ & $0.27641$ & $0.250788$ & $-0.3047$ & $-0.142242$ & $-0.690743$ & $0.588669$ & $-0.22877$ & $-0.360516$ & $-0.175774$ & $-0.295658$ & $-0.0131842$ & $-0.19168$ & $0.112591$ & $0.175993$ & $0.23423$ & $0.104293$ & $-0.272585$ & $-0.1232$ & $-0.0146835$ & $0.313851$ & $0.185167$ & $0.00378271$ & $0.42799$ & $0.386129$ & $-0.567551$ & $0.321326$ & $0.393085$ & $0.252746$ & $0.028553$ & $-0.552487$ & $-0.109848$ & $1$ & $-0.0845796$ & $0.239734$ & $-0.181372$ & $-0.182156$ & $-0.531829$ & $0.42931$ & $-0.0482084$ & $0.49539$ & $0.0888436$ & $-0.351149$ \\
eHZZpar & $0.371499$ & $-0.0814706$ & $-0.0509122$ & $-0.271425$ & $0.145357$ & $-0.12314$ & $0.257996$ & $-0.144686$ & $-0.118478$ & $0.161964$ & $0.0598313$ & $0.237527$ & $-0.231367$ & $0.158548$ & $0.150623$ & $0.160988$ & $0.221054$ & $0.0708209$ & $0.0516525$ & $-0.0876475$ & $-0.130617$ & $-0.143286$ & $-0.0598084$ & $0.0990881$ & $0.00196398$ & $-0.10241$ & $-0.293967$ & $-0.0284972$ & $-0.0364846$ & $-0.220744$ & $-0.128658$ & $0.248096$ & $-0.173009$ & $-0.169855$ & $-0.111353$ & $0.279059$ & $0.127837$ & $-0.154779$ & $-0.0845796$ & $1$ & $0.139477$ & $-0.253702$ & $0.532663$ & $0.177807$ & $0.322304$ & $-0.176629$ & $-0.28295$ & $0.0623447$ & $0.243859$ \\
eHZgaint & $-0.387773$ & $0.474257$ & $0.198653$ & $0.157803$ & $-0.107977$ & $-0.00869446$ & $-0.00368368$ & $0.286339$ & $0.299665$ & $-0.410183$ & $-0.107736$ & $0.00227802$ & $-0.0280154$ & $-0.353003$ & $-0.314378$ & $-0.301762$ & $-0.419448$ & $-0.143607$ & $-0.233342$ & $0.166555$ & $0.217256$ & $0.224519$ & $-0.0255491$ & $-0.415319$ & $-0.128053$ & $0.0998078$ & $0.42593$ & $-0.00774043$ & $-0.0195874$ & $0.0949405$ & $0.0922141$ & $0.00424267$ & $0.243353$ & $0.396226$ & $-0.180439$ & $-0.237493$ & $-0.385923$ & $-0.629347$ & $0.239734$ & $0.139477$ & $1$ & $-0.637092$ & $0.0265782$ & $0.162459$ & $0.379649$ & $-0.483732$ & $0.0220666$ & $0.368612$ & $0.279648$ \\
eHZgapar & $0.237497$ & $-0.316802$ & $-0.171605$ & $-0.00299278$ & $0.0525745$ & $0.0283732$ & $-0.0743923$ & $-0.223305$ & $-0.241066$ & $0.322249$ & $0.0883762$ & $-0.0867003$ & $0.110948$ & $0.271296$ & $0.213392$ & $0.19741$ & $0.302774$ & $0.12331$ & $0.207275$ & $-0.119066$ & $-0.156503$ & $-0.188674$ & $0.0352075$ & $0.360272$ & $0.112639$ & $-0.0690139$ & $-0.296189$ & $0.0497584$ & $0.0536632$ & $-0.0427054$ & $-0.103161$ & $-0.0868627$ & $-0.183699$ & $-0.295479$ & $0.218597$ & $0.118053$ & $0.339258$ & $0.608102$ & $-0.181372$ & $-0.253702$ & $-0.637092$ & $1$ & $-0.112039$ & $-0.126624$ & $-0.405477$ & $0.50839$ & $-0.0458074$ & $-0.369595$ & $-0.239795$ \\
eHgagaint & $0.490386$ & $-0.115584$ & $0.048213$ & $-0.22583$ & $0.192555$ & $-0.132178$ & $0.159522$ & $-0.295354$ & $-0.243787$ & $0.205481$ & $0.21986$ & $0.091493$ & $-0.0427054$ & $0.160235$ & $0.339078$ & $0.321572$ & $0.293151$ & $0.0051719$ & $0.00198011$ & $-0.231892$ & $-0.32741$ & $-0.301672$ & $-0.104045$ & $0.261069$ & $-0.0999241$ & $-0.120436$ & $-0.55764$ & $0.0441492$ & $-0.0436604$ & $-0.109184$ & $-0.13089$ & $0.162383$ & $-0.0362105$ & $-0.353498$ & $-0.154393$ & $0.41391$ & $0.31573$ & $-0.0299089$ & $-0.182156$ & $0.532663$ & $0.0265782$ & $-0.112039$ & $1$ & $0.111811$ & $0.0896189$ & $-0.0100198$ & $-0.499787$ & $0.0299987$ & $0.200841$ \\
eHmumuint & $-0.26313$ & $0.17833$ & $-0.510586$ & $0.359584$ & $0.011037$ & $-0.00145966$ & $0.474553$ & $-0.0633124$ & $-0.0391601$ & $0.0521755$ & $0.0276917$ & $0.571913$ & $-0.536655$ & $0.040885$ & $0.002555$ & $-0.141671$ & $0.0481744$ & $0.056566$ & $0.145846$ & $-0.00882665$ & $0.020085$ & $-0.0179533$ & $-0.0895138$ & $-0.0754036$ & $0.158057$ & $0.101652$ & $0.105366$ & $-0.160469$ & $-0.00689751$ & $-0.311358$ & $-0.320813$ & $0.441427$ & $-0.265927$ & $-0.028723$ & $-0.489856$ & $-0.361288$ & $0.20342$ & $-0.18656$ & $-0.531829$ & $0.177807$ & $0.162459$ & $-0.126624$ & $0.111811$ & $1$ & $-0.0394361$ & $-0.083541$ & $-0.353964$ & $0.102733$ & $0.198759$ \\
eHtautauint & $0.120475$ & $-0.0882259$ & $0.123871$ & $-0.354357$ & $0.0619953$ & $-0.0463981$ & $0.00474296$ & $0.203864$ & $0.207956$ & $-0.157191$ & $-0.16712$ & $-0.0215672$ & $-0.0601825$ & $-0.0410427$ & $-0.238617$ & $-0.103948$ & $-0.136579$ & $0.0339289$ & $-0.0658683$ & $0.128126$ & $0.146941$ & $0.168698$ & $0.0168088$ & $-0.238823$ & $-0.037285$ & $-0.0317924$ & $0.19051$ & $0.141134$ & $-0.0583015$ & $0.0305569$ & $0.123675$ & $0.00586555$ & $0.0579701$ & $0.233498$ & $0.0413963$ & $0.162327$ & $-0.349724$ & $-0.342694$ & $0.42931$ & $0.322304$ & $0.379649$ & $-0.405477$ & $0.0896189$ & $-0.0394361$ & $1$ & $-0.373633$ & $0.14781$ & $0.181011$ & $0.143229$ \\
eHccint & $0.204442$ & $-0.0755051$ & $-0.107264$ & $0.155991$ & $-0.039323$ & $-0.0144239$ & $-0.125965$ & $-0.241137$ & $-0.250614$ & $0.220653$ & $0.17137$ & $-0.181805$ & $0.215716$ & $0.142916$ & $0.220909$ & $0.182157$ & $0.232233$ & $0.0430028$ & $0.102615$ & $-0.189963$ & $-0.187398$ & $-0.194229$ & $0.0213325$ & $0.305969$ & $0.0304171$ & $-0.0103479$ & $-0.275646$ & $-0.00817489$ & $0.0841642$ & $0.0924305$ & $-0.00143741$ & $-0.119$ & $-0.0506992$ & $-0.261786$ & $0.0918209$ & $0.0563888$ & $0.214093$ & $0.515336$ & $-0.0482084$ & $-0.176629$ & $-0.483732$ & $0.50839$ & $-0.0100198$ & $-0.083541$ & $-0.373633$ & $1$ & $-0.0232112$ & $-0.383403$ & $-0.372081$ \\
eHccpar & $-0.198388$ & $0.091197$ & $0.237338$ & $-0.154029$ & $-0.158081$ & $0.0327192$ & $-0.325323$ & $0.310484$ & $0.278517$ & $-0.266777$ & $-0.215362$ & $-0.340646$ & $0.255886$ & $-0.205132$ & $-0.347707$ & $-0.260243$ & $-0.283496$ & $-0.0373252$ & $-0.0900127$ & $0.212258$ & $0.287015$ & $0.288979$ & $0.103812$ & $-0.274859$ & $-0.000131257$ & $0.0600037$ & $0.447314$ & $0.0660474$ & $0.0112926$ & $0.224162$ & $0.365963$ & $-0.322543$ & $0.147474$ & $0.372085$ & $0.211355$ & $-0.198925$ & $-0.333872$ & $-0.0477094$ & $0.49539$ & $-0.28295$ & $0.0220666$ & $-0.0458074$ & $-0.499787$ & $-0.353964$ & $0.14781$ & $-0.0232112$ & $1$ & $-0.0295105$ & $-0.228389$ \\
eHbbint & $-0.124902$ & $0.0688619$ & $0.0251498$ & $-0.0453444$ & $0.0266389$ & $0.0416355$ & $0.0112008$ & $0.095794$ & $0.103056$ & $-0.169188$ & $-0.0407678$ & $0.0383562$ & $-0.07348$ & $-0.0965058$ & $-0.112858$ & $-0.0710616$ & $-0.152545$ & $-0.0252646$ & $-0.0950823$ & $0.0480442$ & $0.0431828$ & $0.0822099$ & $-0.00433916$ & $-0.161902$ & $-0.0497661$ & $0.0285006$ & $0.109571$ & $-0.0361356$ & $-0.0274542$ & $-0.0128658$ & $-0.0239593$ & $0.00307532$ & $0.110796$ & $0.123013$ & $-0.193258$ & $-0.0855051$ & $-0.24793$ & $-0.336201$ & $0.0888436$ & $0.0623447$ & $0.368612$ & $-0.369595$ & $0.0299987$ & $0.102733$ & $0.181011$ & $-0.383403$ & $-0.0295105$ & $1$ & $0.0722824$ \\
eHbbpar & $-0.0197909$ & $-0.0348559$ & $0.0921809$ & $-0.117064$ & $0.117617$ & $-0.00206063$ & $0.412461$ & $0.0121106$ & $0.0356158$ & $0.021071$ & $-0.0325663$ & $0.471679$ & $-0.440022$ & $0.0496051$ & $0.0591131$ & $0.061592$ & $-0.00321941$ & $-0.0380418$ & $-0.0129482$ & $0.0626536$ & $0.0250642$ & $0.00109901$ & $-0.0647088$ & $-0.0394191$ & $-0.00914317$ & $-0.0416974$ & $-0.0598746$ & $0.013083$ & $-0.0248659$ & $-0.278934$ & $-0.140607$ & $0.416992$ & $0.0514582$ & $-0.0591965$ & $0.019398$ & $0.19192$ & $0.0222451$ & $-0.338675$ & $-0.351149$ & $0.243859$ & $0.279648$ & $-0.239795$ & $0.200841$ & $0.198759$ & $0.143229$ & $-0.372081$ & $-0.228389$ & $0.0722824$ & $1$ \\
