 & AlsMz & dAle5Mz & mtop & mHl & Mz & CW & CHG & CHWB & CHWHB_gaga & CHWHB_gagaorth & CHD & CHbox & CH & CHL1_11 & CHL1_22 & CHL1_33 & CHL3_11 & CHL3_22 & CHL3_33 & CHe_11 & CHe_22 & CHe_33 & CHQ1_11 & CHQ1_33 & CHQ3_11 & CHu_11 & CHd_11 & CHd_33 & CeH_22r & CeH_33r & CuH_22r & CuH_33r & CdH_33r & CLL_1221 & eHggint & eHggpar & eHWWint & eHWWpar & eHZZint & eHZZpar & eHZgaint & eHZgapar & eHgagaint & eHmumuint & eHtautauint & eHccint & eHccpar & eHbbint & eHbbpar \\
AlsMz & $1$ & $-0.0220146$ & $-0.0277533$ & $0.0112237$ & $0.00140555$ & $0.00744303$ & $0.00719952$ & $0.0112474$ & $0.0100627$ & $-0.00987143$ & $-0.0254928$ & $-0.00510976$ & $-0.00446767$ & $0.0168125$ & $0.00459714$ & $-0.00217988$ & $0.0115866$ & $0.00684128$ & $0.0132255$ & $0.0144678$ & $0.0158808$ & $0.0168885$ & $-0.0160476$ & $-0.0621704$ & $-0.119817$ & $-0.0363549$ & $-0.0301967$ & $0.00833196$ & $8.11812e-05$ & $0.00442896$ & $-0.00786003$ & $-0.00156027$ & $0.0147614$ & $0.00310663$ & $0.0162992$ & $-0.0158315$ & $-0.0204499$ & $0.00207389$ & $0.00991895$ & $0.00911699$ & $0.0193525$ & $0.00560247$ & $0.0101821$ & $0.0313015$ & $-0.0217125$ & $-0.00758433$ & $-0.0117092$ & $0.0258768$ & $0.0222449$ \\
dAle5Mz & $-0.0220146$ & $1$ & $-0.00437127$ & $-0.0152957$ & $0.00962719$ & $0.0111148$ & $0.00660331$ & $-0.0835118$ & $-0.0827389$ & $0.0262209$ & $0.0658548$ & $0.0287889$ & $-0.0150404$ & $-0.0263539$ & $-0.00984661$ & $-0.0142787$ & $0.017356$ & $0.00970963$ & $0.0134356$ & $-0.0384128$ & $-0.0395394$ & $-0.0378231$ & $-0.00411152$ & $0.0255234$ & $0.0163204$ & $0.0225072$ & $-0.0129654$ & $-0.0128667$ & $-0.0194252$ & $0.00766901$ & $0.00301465$ & $0.00548532$ & $-0.0229112$ & $0.0110688$ & $-0.0141375$ & $0.00424309$ & $-0.0352809$ & $0.00254584$ & $-0.0294737$ & $0.0088147$ & $0.0199459$ & $-0.0112956$ & $-0.0118865$ & $-0.0368309$ & $-0.0143285$ & $0.039998$ & $0.0116513$ & $-0.0414371$ & $-0.0347454$ \\
mtop & $-0.0277533$ & $-0.00437127$ & $1$ & $0.00213447$ & $0.0151814$ & $-0.000539642$ & $-0.000744477$ & $0.0053631$ & $0.00757682$ & $-0.00508735$ & $0.0084817$ & $-0.00813073$ & $0.00440423$ & $-0.00403408$ & $-0.0100147$ & $-0.00727043$ & $-0.0104916$ & $-0.00268326$ & $-0.00791446$ & $-0.00159137$ & $0.00157149$ & $-0.00449317$ & $0.0082554$ & $-0.00565574$ & $-0.00304258$ & $-0.00593815$ & $0.00718036$ & $0.0153577$ & $-0.00727882$ & $0.00391335$ & $0.0135326$ & $0.000717203$ & $0.0380196$ & $0.013142$ & $-0.0143462$ & $0.00221012$ & $-0.0398041$ & $-0.00324368$ & $0.0150136$ & $0.00383256$ & $0.0183374$ & $-0.0118011$ & $0.0269738$ & $-0.0489092$ & $0.0135419$ & $0.0109671$ & $0.0154819$ & $0.00939744$ & $0.0611739$ \\
mHl & $0.0112237$ & $-0.0152957$ & $0.00213447$ & $1$ & $-0.0100054$ & $0.00863723$ & $-0.00914488$ & $0.0131234$ & $0.0109653$ & $-0.0154593$ & $-0.0144528$ & $-0.0117791$ & $-1.84294e-05$ & $0.00455644$ & $0.00724088$ & $0.0187658$ & $0.00454575$ & $-0.00100362$ & $-0.00845611$ & $0.0142619$ & $0.0129783$ & $0.0131947$ & $0.00398563$ & $-0.00521054$ & $-0.00418603$ & $-0.0155268$ & $-0.00391297$ & $0.0229019$ & $0.00683745$ & $-0.0134022$ & $-0.00880513$ & $-0.0169413$ & $-0.0213215$ & $0.0060019$ & $-0.0481286$ & $0.0303435$ & $0.0173418$ & $0.0125355$ & $0.0269942$ & $0.00900098$ & $0.0151787$ & $-0.00288114$ & $-0.0179519$ & $-0.00781908$ & $-0.00940563$ & $0.00688295$ & $-0.0167257$ & $-0.0100079$ & $-0.0262591$ \\
Mz & $0.00140555$ & $0.00962719$ & $0.0151814$ & $-0.0100054$ & $1$ & $-0.00620469$ & $0.000823193$ & $-0.0135805$ & $-0.0141542$ & $0.0241057$ & $0.0154884$ & $0.0183029$ & $-0.00757683$ & $0.0037329$ & $-0.000333807$ & $0.000639288$ & $0.017113$ & $0.0104309$ & $0.00988464$ & $-0.00726574$ & $-0.00589857$ & $-0.00552319$ & $-0.00091537$ & $0.0134963$ & $0.0111745$ & $0.00358773$ & $-0.00453504$ & $-0.00307429$ & $-0.00548328$ & $0.00122465$ & $-0.00239912$ & $0.00475387$ & $0.00156302$ & $-0.0083398$ & $0.006462$ & $-0.00848165$ & $0.00695562$ & $-0.0197302$ & $-0.00123757$ & $0.00278337$ & $-0.00354785$ & $-0.00162411$ & $-0.00342421$ & $-0.00639352$ & $-0.0059874$ & $0.00223239$ & $0.00244737$ & $0.000130124$ & $-0.00603413$ \\
CW & $0.00744303$ & $0.0111148$ & $-0.000539642$ & $0.00863723$ & $-0.00620469$ & $1$ & $0.0126623$ & $-0.115724$ & $-0.110385$ & $0.00683129$ & $0.173638$ & $0.0319615$ & $-0.00488742$ & $0.0242489$ & $-0.0686877$ & $-0.0736094$ & $-0.254062$ & $-0.0534627$ & $-0.0493243$ & $-0.170998$ & $-0.177004$ & $-0.174122$ & $-0.0217124$ & $0.0012739$ & $-0.0933533$ & $0.102053$ & $-0.0837209$ & $-0.0621069$ & $0.00839065$ & $0.00199123$ & $-0.00968624$ & $0.0141792$ & $-0.000981602$ & $-0.120596$ & $0.001892$ & $7.28573e-05$ & $-0.00164723$ & $-0.00121973$ & $0.0148536$ & $0.00105665$ & $0.0096031$ & $0.00573555$ & $0.0113512$ & $0.0187245$ & $0.00312874$ & $0.00346149$ & $-0.0130236$ & $0.000263327$ & $0.00436259$ \\
CHG & $0.00719952$ & $0.00660331$ & $-0.000744477$ & $-0.00914488$ & $0.000823193$ & $0.0126623$ & $1$ & $-0.113818$ & $-0.0638631$ & $0.0757507$ & $0.0640572$ & $0.251557$ & $-0.319913$ & $0.058907$ & $-0.026317$ & $-0.025669$ & $0.100986$ & $0.110081$ & $0.109625$ & $-0.062373$ & $-0.0673287$ & $-0.0648582$ & $-0.00379134$ & $0.120717$ & $0.109175$ & $0.0354554$ & $-0.0392193$ & $-0.0186448$ & $0.00872102$ & $-0.142694$ & $-0.067613$ & $0.926126$ & $-0.16222$ & $-0.0671513$ & $-0.0405369$ & $-0.00899886$ & $0.0107536$ & $0.00325996$ & $-0.0222544$ & $0.000410213$ & $-0.00474406$ & $-0.00343564$ & $-0.00106824$ & $0.00383134$ & $-0.00425644$ & $-0.0103841$ & $-0.00484068$ & $-0.00654046$ & $-0.00580984$ \\
CHWB & $0.0112474$ & $-0.0835118$ & $0.0053631$ & $0.0131234$ & $-0.0135805$ & $-0.115724$ & $-0.113818$ & $1$ & $0.983112$ & $-0.557937$ & $-0.877278$ & $-0.426698$ & $0.343318$ & $0.0897601$ & $0.285076$ & $0.291937$ & $-0.246328$ & $-0.428428$ & $-0.439114$ & $0.848024$ & $0.894434$ & $0.876894$ & $0.0776035$ & $-0.673092$ & $-0.40128$ & $-0.509372$ & $0.428592$ & $0.304903$ & $0.0392476$ & $0.10526$ & $0.0519718$ & $-0.107574$ & $0.114587$ & $0.566481$ & $-0.0134948$ & $0.00755606$ & $-0.00476327$ & $0.00485766$ & $-0.00331495$ & $-0.0147134$ & $0.00829589$ & $0.000643501$ & $-0.0183931$ & $-0.000719591$ & $-0.0057808$ & $-0.00179869$ & $0.0016356$ & $-0.00350462$ & $0.00344173$ \\
CHWHB_gaga & $0.0100627$ & $-0.0827389$ & $0.00757682$ & $0.0109653$ & $-0.0141542$ & $-0.110385$ & $-0.0638631$ & $0.983112$ & $1$ & $-0.548204$ & $-0.859197$ & $-0.408668$ & $0.338272$ & $0.0820088$ & $0.28301$ & $0.287335$ & $-0.249686$ & $-0.428965$ & $-0.437568$ & $0.831074$ & $0.875762$ & $0.858863$ & $0.0746386$ & $-0.664186$ & $-0.400415$ & $-0.497159$ & $0.420048$ & $0.297617$ & $0.0438768$ & $0.128098$ & $0.0612416$ & $-0.0671762$ & $0.137639$ & $0.553934$ & $-0.0337364$ & $-0.0016353$ & $-0.0185582$ & $0.00409513$ & $-0.00256581$ & $-0.0149821$ & $0.00720297$ & $0.00298758$ & $0.0565888$ & $-9.05272e-05$ & $-0.00649117$ & $-0.00299614$ & $0.0014383$ & $-0.00768078$ & $0.00271583$ \\
CHWHB_gagaorth & $-0.00987143$ & $0.0262209$ & $-0.00508735$ & $-0.0154593$ & $0.0241057$ & $0.00683129$ & $0.0757507$ & $-0.557937$ & $-0.548204$ & $1$ & $0.337975$ & $0.570414$ & $-0.256$ & $0.246375$ & $-0.110924$ & $-0.126458$ & $0.441217$ & $0.48542$ & $0.498774$ & $-0.32468$ & $-0.353839$ & $-0.351257$ & $-0.0496226$ & $0.55183$ & $0.484897$ & $0.201403$ & $-0.226082$ & $-0.12279$ & $-0.0206921$ & $-0.135416$ & $-0.0683116$ & $0.0945061$ & $-0.148117$ & $-0.348543$ & $0.0593165$ & $0.0162672$ & $0.0131772$ & $-0.00898898$ & $0.00234011$ & $0.00785249$ & $-0.0482274$ & $-0.0033344$ & $-0.000245335$ & $0.00355842$ & $-0.00624376$ & $0.000886929$ & $0.00218998$ & $-0.0114703$ & $-0.00163511$ \\
CHD & $-0.0254928$ & $0.0658548$ & $0.0084817$ & $-0.0144528$ & $0.0154884$ & $0.173638$ & $0.0640572$ & $-0.877278$ & $-0.859197$ & $0.337975$ & $1$ & $0.297868$ & $-0.168992$ & $-0.509917$ & $-0.407912$ & $-0.413692$ & $-0.214203$ & $0.05709$ & $0.068079$ & $-0.990052$ & $-0.990984$ & $-0.969812$ & $-0.0176676$ & $0.306607$ & $0.0191882$ & $0.562078$ & $-0.296541$ & $-0.340866$ & $-0.0290912$ & $-0.0568204$ & $-0.0318993$ & $0.0699554$ & $-0.061558$ & $-0.37235$ & $0.0161536$ & $-0.0067203$ & $-0.00655911$ & $-0.00335856$ & $0.00308452$ & $0.0151008$ & $0.00162649$ & $0.00265929$ & $0.0250436$ & $0.00609527$ & $0.0123664$ & $0.00428079$ & $-0.00295604$ & $0.00573866$ & $-0.00274203$ \\
CHbox & $-0.00510976$ & $0.0287889$ & $-0.00813073$ & $-0.0117791$ & $0.0183029$ & $0.0319615$ & $0.251557$ & $-0.426698$ & $-0.408668$ & $0.570414$ & $0.297868$ & $1$ & $-0.816315$ & $0.109195$ & $-0.0682503$ & $-0.0825921$ & $0.250432$ & $0.288683$ & $0.299955$ & $-0.281478$ & $-0.312149$ & $-0.308563$ & $-0.0383142$ & $0.379866$ & $0.289007$ & $0.173615$ & $-0.201869$ & $-0.0985539$ & $-0.02462$ & $-0.112859$ & $-0.0608784$ & $0.257697$ & $-0.142029$ & $-0.284097$ & $0.0495685$ & $0.00424414$ & $0.010298$ & $-0.0168155$ & $-0.0026293$ & $0.0156566$ & $-0.0200799$ & $-0.0130546$ & $0.000373146$ & $-0.00341757$ & $0.000622883$ & $0.000408408$ & $0.0171147$ & $-0.0107959$ & $9.65435e-06$ \\
CH & $-0.00446767$ & $-0.0150404$ & $0.00440423$ & $-1.84294e-05$ & $-0.00757683$ & $-0.00488742$ & $-0.319913$ & $0.343318$ & $0.338272$ & $-0.256$ & $-0.168992$ & $-0.816315$ & $1$ & $-0.234266$ & $0.0645206$ & $0.0697807$ & $-0.348227$ & $-0.367824$ & $-0.372125$ & $0.164189$ & $0.180139$ & $0.179344$ & $0.0311177$ & $-0.381318$ & $-0.359631$ & $-0.101054$ & $0.140601$ & $0.0486666$ & $0.0446779$ & $0.274155$ & $0.0989918$ & $-0.262776$ & $0.321589$ & $0.215853$ & $0.0159418$ & $0.0229749$ & $-0.0162117$ & $0.0139924$ & $-0.00202383$ & $-0.0119338$ & $0.00688542$ & $0.0179375$ & $-0.00200863$ & $0.0088042$ & $-0.00372192$ & $0.00559792$ & $-0.0175751$ & $0.000281381$ & $-0.000734991$ \\
CHL1_11 & $0.0168125$ & $-0.0263539$ & $-0.00403408$ & $0.00455644$ & $0.0037329$ & $0.0242489$ & $0.058907$ & $0.0897601$ & $0.0820088$ & $0.246375$ & $-0.509917$ & $0.109195$ & $-0.234266$ & $1$ & $0.264528$ & $0.262864$ & $0.668215$ & $0.60588$ & $0.603326$ & $0.527603$ & $0.470704$ & $0.455655$ & $-0.0865079$ & $0.473881$ & $0.599813$ & $-0.262577$ & $-0.100739$ & $0.168348$ & $-0.00420287$ & $-0.0635239$ & $-0.0299257$ & $0.0361938$ & $-0.0684652$ & $-0.210087$ & $-0.011655$ & $-0.0026088$ & $0.0176892$ & $-0.00598719$ & $0.00619278$ & $-0.00779708$ & $-0.0146714$ & $-0.00374474$ & $-0.0153267$ & $-0.010365$ & $-0.0120198$ & $-0.00564236$ & $0.000556925$ & $0.000145143$ & $-0.00265977$ \\
CHL1_22 & $0.00459714$ & $-0.00984661$ & $-0.0100147$ & $0.00724088$ & $-0.000333807$ & $-0.0686877$ & $-0.026317$ & $0.285076$ & $0.28301$ & $-0.110924$ & $-0.407912$ & $-0.0682503$ & $0.0645206$ & $0.264528$ & $1$ & $0.450245$ & $0.157774$ & $-0.446093$ & $-0.0386796$ & $0.475452$ & $0.323363$ & $0.31352$ & $-0.181435$ & $0.115221$ & $-0.142476$ & $-0.183277$ & $-0.409658$ & $0.118857$ & $0.00689371$ & $0.0393621$ & $0.0338535$ & $-0.0247017$ & $0.0352489$ & $-0.59801$ & $-0.0158224$ & $0.00474631$ & $0.00353388$ & $-0.000419093$ & $-0.00955983$ & $-0.00543641$ & $-0.00416034$ & $0.00442913$ & $-0.00332739$ & $-0.00977962$ & $-0.00642685$ & $-0.00255439$ & $0.0261472$ & $-0.013817$ & $0.00679653$ \\
CHL1_33 & $-0.00217988$ & $-0.0142787$ & $-0.00727043$ & $0.0187658$ & $0.000639288$ & $-0.0736094$ & $-0.025669$ & $0.291937$ & $0.287335$ & $-0.126458$ & $-0.413692$ & $-0.0825921$ & $0.0697807$ & $0.262864$ & $0.450245$ & $1$ & $0.160663$ & $-0.0299435$ & $-0.430934$ & $0.479846$ & $0.332743$ & $0.352945$ & $-0.164261$ & $0.110665$ & $-0.126534$ & $-0.198772$ & $-0.381018$ & $0.115253$ & $0.0119342$ & $0.0335603$ & $0.0199248$ & $-0.0258915$ & $0.0330723$ & $-0.104106$ & $-0.00641647$ & $0.0110254$ & $0.00286773$ & $0.00301711$ & $-0.00894377$ & $-0.0101621$ & $0.00840109$ & $0.0157553$ & $-0.0158442$ & $-0.000299922$ & $-0.00887853$ & $0.000164141$ & $0.00303196$ & $-0.00849278$ & $0.00407491$ \\
CHL3_11 & $0.0115866$ & $0.017356$ & $-0.0104916$ & $0.00454575$ & $0.017113$ & $-0.254062$ & $0.100986$ & $-0.246328$ & $-0.249686$ & $0.441217$ & $-0.214203$ & $0.250432$ & $-0.348227$ & $0.668215$ & $0.157774$ & $0.160663$ & $1$ & $0.743726$ & $0.740164$ & $0.236818$ & $0.181503$ & $0.17435$ & $-0.0783137$ & $0.679501$ & $0.780189$ & $-0.0978722$ & $-0.157705$ & $0.0675861$ & $-0.0226437$ & $-0.09948$ & $-0.0360395$ & $0.0765268$ & $-0.10631$ & $-0.247209$ & $-0.00422873$ & $-0.000314904$ & $0.0234675$ & $0.00117294$ & $-0.00346568$ & $0.00348029$ & $-0.0220835$ & $-0.0118629$ & $-0.0155283$ & $-0.0127192$ & $-0.0121255$ & $-0.00498219$ & $0.00357485$ & $-0.00479926$ & $0.00337316$ \\
CHL3_22 & $0.00684128$ & $0.00970963$ & $-0.00268326$ & $-0.00100362$ & $0.0104309$ & $-0.0534627$ & $0.110081$ & $-0.428428$ & $-0.428965$ & $0.48542$ & $0.05709$ & $0.288683$ & $-0.367824$ & $0.60588$ & $-0.446093$ & $-0.0299435$ & $0.743726$ & $1$ & $0.685872$ & $-0.0608935$ & $-0.0514096$ & $-0.049108$ & $0.00263705$ & $0.617243$ & $0.800562$ & $0.0319929$ & $0.00418551$ & $-0.0171734$ & $-0.0221923$ & $-0.116314$ & $-0.0605489$ & $0.0868202$ & $-0.121254$ & $0.0384346$ & $0.00667266$ & $-0.0053562$ & $0.0191809$ & $-0.00257476$ & $0.00822191$ & $0.00336304$ & $-0.0143906$ & $-0.0080253$ & $-0.00960784$ & $-0.00213382$ & $-0.00624911$ & $-0.00297919$ & $-0.0146481$ & $0.00632381$ & $-0.00346853$ \\
CHL3_33 & $0.0132255$ & $0.0134356$ & $-0.00791446$ & $-0.00845611$ & $0.00988464$ & $-0.0493243$ & $0.109625$ & $-0.439114$ & $-0.437568$ & $0.498774$ & $0.068079$ & $0.299955$ & $-0.372125$ & $0.603326$ & $-0.0386796$ & $-0.430934$ & $0.740164$ & $0.685872$ & $1$ & $-0.0713279$ & $-0.0631496$ & $-0.0625388$ & $-0.00726089$ & $0.621072$ & $0.794106$ & $0.0469374$ & $-0.0100203$ & $-0.0182566$ & $-0.0261282$ & $-0.113967$ & $-0.0499159$ & $0.0873583$ & $-0.120478$ & $-0.335897$ & $-0.000773646$ & $-0.0087873$ & $0.0194282$ & $-0.00545039$ & $0.008467$ & $0.00605907$ & $-0.0246131$ & $-0.0164306$ & $-0.00240938$ & $-0.0105731$ & $-0.00539488$ & $-0.00548844$ & $0.00284972$ & $0.00128453$ & $-0.00257564$ \\
CHe_11 & $0.0144678$ & $-0.0384128$ & $-0.00159137$ & $0.0142619$ & $-0.00726574$ & $-0.170998$ & $-0.062373$ & $0.848024$ & $0.831074$ & $-0.32468$ & $-0.990052$ & $-0.281478$ & $0.164189$ & $0.527603$ & $0.475452$ & $0.479846$ & $0.236818$ & $-0.0608935$ & $-0.0713279$ & $1$ & $0.972338$ & $0.952363$ & $-0.00849538$ & $-0.251922$ & $-0.013124$ & $-0.551816$ & $0.220369$ & $0.333877$ & $0.0291093$ & $0.0578099$ & $0.0327419$ & $-0.0672858$ & $0.0615723$ & $0.292751$ & $-0.0154835$ & $0.00639719$ & $0.0057985$ & $0.00248053$ & $-0.00323706$ & $-0.0147597$ & $-0.0010316$ & $-0.00165547$ & $-0.0243595$ & $-0.00786767$ & $-0.0134262$ & $-0.00298678$ & $0.00497621$ & $-0.00820101$ & $0.00325237$ \\
CHe_22 & $0.0158808$ & $-0.0395394$ & $0.00157149$ & $0.0129783$ & $-0.00589857$ & $-0.177004$ & $-0.0673287$ & $0.894434$ & $0.875762$ & $-0.353839$ & $-0.990984$ & $-0.312149$ & $0.180139$ & $0.470704$ & $0.323363$ & $0.332743$ & $0.181503$ & $-0.0514096$ & $-0.0631496$ & $0.972338$ & $1$ & $0.9749$ & $0.0466282$ & $-0.362244$ & $-0.0238272$ & $-0.56443$ & $0.377547$ & $0.342052$ & $0.0292392$ & $0.0578647$ & $0.0317687$ & $-0.0728446$ & $0.0635793$ & $0.458901$ & $-0.0163233$ & $0.0066462$ & $0.00494824$ & $0.00337672$ & $-0.00298419$ & $-0.0136559$ & $-0.000932081$ & $-0.00522032$ & $-0.0256944$ & $-0.00809576$ & $-0.0120598$ & $-0.00279174$ & $0.00174784$ & $-0.00579852$ & $0.00224153$ \\
CHe_33 & $0.0168885$ & $-0.0378231$ & $-0.00449317$ & $0.0131947$ & $-0.00552319$ & $-0.174122$ & $-0.0648582$ & $0.876894$ & $0.858863$ & $-0.351257$ & $-0.969812$ & $-0.308563$ & $0.179344$ & $0.455655$ & $0.31352$ & $0.352945$ & $0.17435$ & $-0.049108$ & $-0.0625388$ & $0.952363$ & $0.9749$ & $1$ & $0.0464641$ & $-0.355318$ & $-0.0235858$ & $-0.553122$ & $0.371975$ & $0.333894$ & $0.0271838$ & $0.0564362$ & $0.0305803$ & $-0.0707223$ & $0.0634268$ & $0.455311$ & $-0.0166715$ & $0.00727358$ & $0.00719223$ & $0.00428191$ & $-0.00182656$ & $-0.0170613$ & $0.000450194$ & $-0.00314239$ & $-0.0251641$ & $-0.00899862$ & $-0.0107003$ & $-0.00379938$ & $-9.82814e-05$ & $-0.00677408$ & $0.00431099$ \\
CHQ1_11 & $-0.0160476$ & $-0.00411152$ & $0.0082554$ & $0.00398563$ & $-0.00091537$ & $-0.0217124$ & $-0.00379134$ & $0.0776035$ & $0.0746386$ & $-0.0496226$ & $-0.0176676$ & $-0.0383142$ & $0.0311177$ & $-0.0865079$ & $-0.181435$ & $-0.164261$ & $-0.0783137$ & $0.00263705$ & $-0.00726089$ & $-0.00849538$ & $0.0466282$ & $0.0464641$ & $1$ & $-0.146318$ & $0.0757608$ & $-0.684011$ & $0.357047$ & $0.016066$ & $-0.0115746$ & $0.000855758$ & $0.000563313$ & $-0.00402159$ & $0.000386846$ & $0.216956$ & $0.009061$ & $-0.00445362$ & $0.000389165$ & $-0.0128864$ & $-0.00804828$ & $-0.0111958$ & $-0.00867948$ & $-0.00504351$ & $-0.00348048$ & $-0.00505896$ & $0.0153588$ & $0.00208176$ & $-0.00714254$ & $0.00336624$ & $-0.00376891$ \\
CHQ1_33 & $-0.0621704$ & $0.0255234$ & $-0.00565574$ & $-0.00521054$ & $0.0134963$ & $0.0012739$ & $0.120717$ & $-0.673092$ & $-0.664186$ & $0.55183$ & $0.306607$ & $0.379866$ & $-0.381318$ & $0.473881$ & $0.115221$ & $0.110665$ & $0.679501$ & $0.617243$ & $0.621072$ & $-0.251922$ & $-0.362244$ & $-0.355318$ & $-0.146318$ & $1$ & $0.641261$ & $0.207086$ & $-0.427064$ & $-0.0226039$ & $-0.0261813$ & $-0.108656$ & $-0.0451485$ & $0.105776$ & $-0.119641$ & $-0.6311$ & $0.00655839$ & $-0.0050898$ & $0.0171946$ & $-0.00155648$ & $-0.00364585$ & $0.00655004$ & $-0.023626$ & $-0.00107014$ & $0.00721712$ & $-0.00618159$ & $0.0013228$ & $-0.00186862$ & $0.00440598$ & $0.000354998$ & $-0.00458006$ \\
CHQ3_11 & $-0.119817$ & $0.0163204$ & $-0.00304258$ & $-0.00418603$ & $0.0111745$ & $-0.0933533$ & $0.109175$ & $-0.40128$ & $-0.400415$ & $0.484897$ & $0.0191882$ & $0.289007$ & $-0.359631$ & $0.599813$ & $-0.142476$ & $-0.126534$ & $0.780189$ & $0.800562$ & $0.794106$ & $-0.013124$ & $-0.0238272$ & $-0.0235858$ & $0.0757608$ & $0.641261$ & $1$ & $0.0189087$ & $0.205359$ & $-0.00782718$ & $-0.0264157$ & $-0.113551$ & $-0.0526413$ & $0.085798$ & $-0.120618$ & $-0.187208$ & $0.00554669$ & $-0.00282826$ & $0.0165544$ & $-0.00796806$ & $-0.000693378$ & $0.00765282$ & $-0.028947$ & $-0.0121351$ & $-0.00584579$ & $-0.0164409$ & $-0.0018286$ & $-0.00121521$ & $-0.00421247$ & $-0.00304127$ & $-0.00275012$ \\
CHu_11 & $-0.0363549$ & $0.0225072$ & $-0.00593815$ & $-0.0155268$ & $0.00358773$ & $0.102053$ & $0.0354554$ & $-0.509372$ & $-0.497159$ & $0.201403$ & $0.562078$ & $0.173615$ & $-0.101054$ & $-0.262577$ & $-0.183277$ & $-0.198772$ & $-0.0978722$ & $0.0319929$ & $0.0469374$ & $-0.551816$ & $-0.56443$ & $-0.553122$ & $-0.684011$ & $0.207086$ & $0.0189087$ & $1$ & $-0.189269$ & $-0.193963$ & $-0.00952839$ & $-0.0315965$ & $-0.0161309$ & $0.0382215$ & $-0.0286256$ & $-0.263104$ & $0.0067316$ & $-0.00408351$ & $-0.0110258$ & $0.0121706$ & $0.00442872$ & $0.0206824$ & $-0.00111865$ & $-0.000508454$ & $0.0242964$ & $0.00508533$ & $-0.00660484$ & $-0.00392767$ & $-0.000643441$ & $0.00291807$ & $0.00198757$ \\
CHd_11 & $-0.0301967$ & $-0.0129654$ & $0.00718036$ & $-0.00391297$ & $-0.00453504$ & $-0.0837209$ & $-0.0392193$ & $0.428592$ & $0.420048$ & $-0.226082$ & $-0.296541$ & $-0.201869$ & $0.140601$ & $-0.100739$ & $-0.409658$ & $-0.381018$ & $-0.157705$ & $0.00418551$ & $-0.0100203$ & $0.220369$ & $0.377547$ & $0.371975$ & $0.357047$ & $-0.427064$ & $0.205359$ & $-0.189269$ & $1$ & $0.109468$ & $0.0139165$ & $0.0257453$ & $0.00732704$ & $-0.0409174$ & $0.0332807$ & $0.695655$ & $0.00777873$ & $-0.00101316$ & $-0.0113642$ & $-0.000791392$ & $-0.00590659$ & $0.00262393$ & $-0.0118342$ & $-0.0115121$ & $-0.00214268$ & $-0.00570054$ & $0.00604645$ & $0.00262995$ & $-0.0127598$ & $0.00409893$ & $-0.00326173$ \\
CHd_33 & $0.00833196$ & $-0.0128667$ & $0.0153577$ & $0.0229019$ & $-0.00307429$ & $-0.0621069$ & $-0.0186448$ & $0.304903$ & $0.297617$ & $-0.12279$ & $-0.340866$ & $-0.0985539$ & $0.0486666$ & $0.168348$ & $0.118857$ & $0.115253$ & $0.0675861$ & $-0.0171734$ & $-0.0182566$ & $0.333877$ & $0.342052$ & $0.333894$ & $0.016066$ & $-0.0226039$ & $-0.00782718$ & $-0.193963$ & $0.109468$ & $1$ & $5.28121e-06$ & $0.015846$ & $0.0180489$ & $-0.0209493$ & $0.0173575$ & $0.1502$ & $0.00361195$ & $0.00723807$ & $-0.00824823$ & $0.0110517$ & $-0.00657796$ & $-0.00237686$ & $-0.0106535$ & $-0.0111476$ & $-0.00986916$ & $0.00233463$ & $-0.0126603$ & $-0.00157019$ & $0.00757655$ & $-0.0117562$ & $0.00192886$ \\
CeH_22r & $8.11812e-05$ & $-0.0194252$ & $-0.00727882$ & $0.00683745$ & $-0.00548328$ & $0.00839065$ & $0.00872102$ & $0.0392476$ & $0.0438768$ & $-0.0206921$ & $-0.0290912$ & $-0.02462$ & $0.0446779$ & $-0.00420287$ & $0.00689371$ & $0.0119342$ & $-0.0226437$ & $-0.0221923$ & $-0.0261282$ & $0.0291093$ & $0.0292392$ & $0.0271838$ & $-0.0115746$ & $-0.0261813$ & $-0.0264157$ & $-0.00952839$ & $0.0139165$ & $5.28121e-06$ & $1$ & $0.0474591$ & $0.0270331$ & $-0.00533597$ & $0.0346424$ & $0.0233117$ & $-0.0269895$ & $-0.013073$ & $-0.0137635$ & $-0.0065559$ & $-0.00390747$ & $-0.00505475$ & $-0.00870198$ & $-0.00353836$ & $-0.0102398$ & $0.016676$ & $-0.00100491$ & $-0.00871303$ & $-0.00143197$ & $-0.00536921$ & $-0.00628743$ \\
CeH_33r & $0.00442896$ & $0.00766901$ & $0.00391335$ & $-0.0134022$ & $0.00122465$ & $0.00199123$ & $-0.142694$ & $0.10526$ & $0.128098$ & $-0.135416$ & $-0.0568204$ & $-0.112859$ & $0.274155$ & $-0.0635239$ & $0.0393621$ & $0.0335603$ & $-0.09948$ & $-0.116314$ & $-0.113967$ & $0.0578099$ & $0.0578647$ & $0.0564362$ & $0.000855758$ & $-0.108656$ & $-0.113551$ & $-0.0315965$ & $0.0257453$ & $0.015846$ & $0.0474591$ & $1$ & $0.305369$ & $0.0132702$ & $0.641876$ & $0.0513305$ & $-0.0762613$ & $-0.0173955$ & $-0.180317$ & $-0.0101151$ & $-0.0208672$ & $-0.00775219$ & $0.00422403$ & $0.0148719$ & $0.00951043$ & $0.00408722$ & $0.0687494$ & $-0.013731$ & $-0.00357425$ & $-0.0131958$ & $0.00273748$ \\
CuH_22r & $-0.00786003$ & $0.00301465$ & $0.0135326$ & $-0.00880513$ & $-0.00239912$ & $-0.00968624$ & $-0.067613$ & $0.0519718$ & $0.0612416$ & $-0.0683116$ & $-0.0318993$ & $-0.0608784$ & $0.0989918$ & $-0.0299257$ & $0.0338535$ & $0.0199248$ & $-0.0360395$ & $-0.0605489$ & $-0.0499159$ & $0.0327419$ & $0.0317687$ & $0.0305803$ & $0.000563313$ & $-0.0451485$ & $-0.0526413$ & $-0.0161309$ & $0.00732704$ & $0.0180489$ & $0.0270331$ & $0.305369$ & $1$ & $0.0230281$ & $0.311545$ & $0.0164543$ & $-0.0211621$ & $0.019576$ & $-0.0875868$ & $-0.00205778$ & $-0.00363101$ & $0.0159299$ & $0.00188001$ & $-0.00276381$ & $-0.0159949$ & $-0.00853541$ & $0.0207251$ & $0.0955416$ & $0.385154$ & $-0.00773417$ & $-0.01671$ \\
CuH_33r & $-0.00156027$ & $0.00548532$ & $0.000717203$ & $-0.0169413$ & $0.00475387$ & $0.0141792$ & $0.926126$ & $-0.107574$ & $-0.0671762$ & $0.0945061$ & $0.0699554$ & $0.257697$ & $-0.262776$ & $0.0361938$ & $-0.0247017$ & $-0.0258915$ & $0.0765268$ & $0.0868202$ & $0.0873583$ & $-0.0672858$ & $-0.0728446$ & $-0.0707223$ & $-0.00402159$ & $0.105776$ & $0.085798$ & $0.0382215$ & $-0.0409174$ & $-0.0209493$ & $-0.00533597$ & $0.0132702$ & $0.0230281$ & $1$ & $0.0224664$ & $-0.0643358$ & $0.0412182$ & $0.0320724$ & $-0.0302043$ & $0.00309948$ & $-0.0115001$ & $0.00102683$ & $-0.00256287$ & $-0.0056546$ & $0.00795481$ & $0.00760727$ & $-0.00936759$ & $-0.00863378$ & $-0.00303533$ & $-0.0077076$ & $-0.00223544$ \\
CdH_33r & $0.0147614$ & $-0.0229112$ & $0.0380196$ & $-0.0213215$ & $0.00156302$ & $-0.000981602$ & $-0.16222$ & $0.114587$ & $0.137639$ & $-0.148117$ & $-0.061558$ & $-0.142029$ & $0.321589$ & $-0.0684652$ & $0.0352489$ & $0.0330723$ & $-0.10631$ & $-0.121254$ & $-0.120478$ & $0.0615723$ & $0.0635793$ & $0.0634268$ & $0.000386846$ & $-0.119641$ & $-0.120618$ & $-0.0286256$ & $0.0332807$ & $0.0173575$ & $0.0346424$ & $0.641876$ & $0.311545$ & $0.0224664$ & $1$ & $0.0599421$ & $-0.0599171$ & $-0.0143872$ & $-0.186024$ & $-0.0121176$ & $-0.0268094$ & $-0.00793524$ & $0.00572166$ & $0.00358085$ & $0.00418359$ & $-0.00368455$ & $0.000741391$ & $-0.0139055$ & $-0.0301685$ & $0.112947$ & $0.474244$ \\
CLL_1221 & $0.00310663$ & $0.0110688$ & $0.013142$ & $0.0060019$ & $-0.0083398$ & $-0.120596$ & $-0.0671513$ & $0.566481$ & $0.553934$ & $-0.348543$ & $-0.37235$ & $-0.284097$ & $0.215853$ & $-0.210087$ & $-0.59801$ & $-0.104106$ & $-0.247209$ & $0.0384346$ & $-0.335897$ & $0.292751$ & $0.458901$ & $0.455311$ & $0.216956$ & $-0.6311$ & $-0.187208$ & $-0.263104$ & $0.695655$ & $0.1502$ & $0.0233117$ & $0.0513305$ & $0.0164543$ & $-0.0643358$ & $0.0599421$ & $1$ & $0.00147328$ & $0.00358144$ & $-0.00797229$ & $0.00748488$ & $-8.94043e-05$ & $-0.004506$ & $0.0111557$ & $-0.00579597$ & $-0.0154261$ & $0.0052756$ & $0.000126181$ & $0.00416381$ & $-0.0177992$ & $0.00465765$ & $-0.00236384$ \\
eHggint & $0.0162992$ & $-0.0141375$ & $-0.0143462$ & $-0.0481286$ & $0.006462$ & $0.001892$ & $-0.0405369$ & $-0.0134948$ & $-0.0337364$ & $0.0593165$ & $0.0161536$ & $0.0495685$ & $0.0159418$ & $-0.011655$ & $-0.0158224$ & $-0.00641647$ & $-0.00422873$ & $0.00667266$ & $-0.000773646$ & $-0.0154835$ & $-0.0163233$ & $-0.0166715$ & $0.009061$ & $0.00655839$ & $0.00554669$ & $0.0067316$ & $0.00777873$ & $0.00361195$ & $-0.0269895$ & $-0.0762613$ & $-0.0211621$ & $0.0412182$ & $-0.0599171$ & $0.00147328$ & $1$ & $-0.0873341$ & $0.0165219$ & $0.00237844$ & $0.034987$ & $0.0110693$ & $0.0311311$ & $0.00101576$ & $0.0189636$ & $0.0170578$ & $0.00177948$ & $0.038926$ & $-0.0165855$ & $0.0316644$ & $-0.00984196$ \\
eHggpar & $-0.0158315$ & $0.00424309$ & $0.00221012$ & $0.0303435$ & $-0.00848165$ & $7.28573e-05$ & $-0.00899886$ & $0.00755606$ & $-0.0016353$ & $0.0162672$ & $-0.0067203$ & $0.00424414$ & $0.0229749$ & $-0.0026088$ & $0.00474631$ & $0.0110254$ & $-0.000314904$ & $-0.0053562$ & $-0.0087873$ & $0.00639719$ & $0.0066462$ & $0.00727358$ & $-0.00445362$ & $-0.0050898$ & $-0.00282826$ & $-0.00408351$ & $-0.00101316$ & $0.00723807$ & $-0.013073$ & $-0.0173955$ & $0.019576$ & $0.0320724$ & $-0.0143872$ & $0.00358144$ & $-0.0873341$ & $1$ & $-0.0182816$ & $0.0114341$ & $-0.0372909$ & $-0.000826876$ & $0.0268751$ & $-0.0105808$ & $-0.00846229$ & $-0.0169208$ & $-0.0162575$ & $0.0677299$ & $0.0497161$ & $-0.0161584$ & $0.00365401$ \\
eHWWint & $-0.0204499$ & $-0.0352809$ & $-0.0398041$ & $0.0173418$ & $0.00695562$ & $-0.00164723$ & $0.0107536$ & $-0.00476327$ & $-0.0185582$ & $0.0131772$ & $-0.00655911$ & $0.010298$ & $-0.0162117$ & $0.0176892$ & $0.00353388$ & $0.00286773$ & $0.0234675$ & $0.0191809$ & $0.0194282$ & $0.0057985$ & $0.00494824$ & $0.00719223$ & $0.000389165$ & $0.0171946$ & $0.0165544$ & $-0.0110258$ & $-0.0113642$ & $-0.00824823$ & $-0.0137635$ & $-0.180317$ & $-0.0875868$ & $-0.0302043$ & $-0.186024$ & $-0.00797229$ & $0.0165219$ & $-0.0182816$ & $1$ & $-0.00540742$ & $-0.013756$ & $-0.0132805$ & $0.0335342$ & $0.0126672$ & $-0.0457856$ & $0.0130393$ & $0.0489153$ & $0.0424193$ & $-0.0185737$ & $0.0601836$ & $0.0120499$ \\
eHWWpar & $0.00207389$ & $0.00254584$ & $-0.00324368$ & $0.0125355$ & $-0.0197302$ & $-0.00121973$ & $0.00325996$ & $0.00485766$ & $0.00409513$ & $-0.00898898$ & $-0.00335856$ & $-0.0168155$ & $0.0139924$ & $-0.00598719$ & $-0.000419093$ & $0.00301711$ & $0.00117294$ & $-0.00257476$ & $-0.00545039$ & $0.00248053$ & $0.00337672$ & $0.00428191$ & $-0.0128864$ & $-0.00155648$ & $-0.00796806$ & $0.0121706$ & $-0.000791392$ & $0.0110517$ & $-0.0065559$ & $-0.0101151$ & $-0.00205778$ & $0.00309948$ & $-0.0121176$ & $0.00748488$ & $0.00237844$ & $0.0114341$ & $-0.00540742$ & $1$ & $-0.00840807$ & $0.001057$ & $0.00884362$ & $-0.00497737$ & $0.00208271$ & $0.00259822$ & $0.00758674$ & $-0.00814515$ & $-0.0115514$ & $0.0072293$ & $-0.0112423$ \\
eHZZint & $0.00991895$ & $-0.0294737$ & $0.0150136$ & $0.0269942$ & $-0.00123757$ & $0.0148536$ & $-0.0222544$ & $-0.00331495$ & $-0.00256581$ & $0.00234011$ & $0.00308452$ & $-0.0026293$ & $-0.00202383$ & $0.00619278$ & $-0.00955983$ & $-0.00894377$ & $-0.00346568$ & $0.00822191$ & $0.008467$ & $-0.00323706$ & $-0.00298419$ & $-0.00182656$ & $-0.00804828$ & $-0.00364585$ & $-0.000693378$ & $0.00442872$ & $-0.00590659$ & $-0.00657796$ & $-0.00390747$ & $-0.0208672$ & $-0.00363101$ & $-0.0115001$ & $-0.0268094$ & $-8.94043e-05$ & $0.034987$ & $-0.0372909$ & $-0.013756$ & $-0.00840807$ & $1$ & $-0.00531835$ & $0.0253441$ & $0.00790427$ & $0.0584063$ & $-0.00284265$ & $-0.00580865$ & $-0.00703437$ & $0.0294762$ & $-0.0038137$ & $-0.00602188$ \\
eHZZpar & $0.00911699$ & $0.0088147$ & $0.00383256$ & $0.00900098$ & $0.00278337$ & $0.00105665$ & $0.000410213$ & $-0.0147134$ & $-0.0149821$ & $0.00785249$ & $0.0151008$ & $0.0156566$ & $-0.0119338$ & $-0.00779708$ & $-0.00543641$ & $-0.0101621$ & $0.00348029$ & $0.00336304$ & $0.00605907$ & $-0.0147597$ & $-0.0136559$ & $-0.0170613$ & $-0.0111958$ & $0.00655004$ & $0.00765282$ & $0.0206824$ & $0.00262393$ & $-0.00237686$ & $-0.00505475$ & $-0.00775219$ & $0.0159299$ & $0.00102683$ & $-0.00793524$ & $-0.004506$ & $0.0110693$ & $-0.000826876$ & $-0.0132805$ & $0.001057$ & $-0.00531835$ & $1$ & $0.00554642$ & $0.00428614$ & $0.0138782$ & $0.00183291$ & $-0.0129989$ & $0.00985578$ & $0.000683066$ & $0.00787472$ & $-0.0231141$ \\
eHZgaint & $0.0193525$ & $0.0199459$ & $0.0183374$ & $0.0151787$ & $-0.00354785$ & $0.0096031$ & $-0.00474406$ & $0.00829589$ & $0.00720297$ & $-0.0482274$ & $0.00162649$ & $-0.0200799$ & $0.00688542$ & $-0.0146714$ & $-0.00416034$ & $0.00840109$ & $-0.0220835$ & $-0.0143906$ & $-0.0246131$ & $-0.0010316$ & $-0.000932081$ & $0.000450194$ & $-0.00867948$ & $-0.023626$ & $-0.028947$ & $-0.00111865$ & $-0.0118342$ & $-0.0106535$ & $-0.00870198$ & $0.00422403$ & $0.00188001$ & $-0.00256287$ & $0.00572166$ & $0.0111557$ & $0.0311311$ & $0.0268751$ & $0.0335342$ & $0.00884362$ & $0.0253441$ & $0.00554642$ & $1$ & $0.00497115$ & $0.0135276$ & $0.0211559$ & $0.0119594$ & $0.00397739$ & $0.0103149$ & $-0.0105148$ & $0.0186297$ \\
eHZgapar & $0.00560247$ & $-0.0112956$ & $-0.0118011$ & $-0.00288114$ & $-0.00162411$ & $0.00573555$ & $-0.00343564$ & $0.000643501$ & $0.00298758$ & $-0.0033344$ & $0.00265929$ & $-0.0130546$ & $0.0179375$ & $-0.00374474$ & $0.00442913$ & $0.0157553$ & $-0.0118629$ & $-0.0080253$ & $-0.0164306$ & $-0.00165547$ & $-0.00522032$ & $-0.00314239$ & $-0.00504351$ & $-0.00107014$ & $-0.0121351$ & $-0.000508454$ & $-0.0115121$ & $-0.0111476$ & $-0.00353836$ & $0.0148719$ & $-0.00276381$ & $-0.0056546$ & $0.00358085$ & $-0.00579597$ & $0.00101576$ & $-0.0105808$ & $0.0126672$ & $-0.00497737$ & $0.00790427$ & $0.00428614$ & $0.00497115$ & $1$ & $0.0108501$ & $-0.0103822$ & $-0.00343017$ & $-0.0043913$ & $0.00261803$ & $-0.0109921$ & $0.00219825$ \\
eHgagaint & $0.0101821$ & $-0.0118865$ & $0.0269738$ & $-0.0179519$ & $-0.00342421$ & $0.0113512$ & $-0.00106824$ & $-0.0183931$ & $0.0565888$ & $-0.000245335$ & $0.0250436$ & $0.000373146$ & $-0.00200863$ & $-0.0153267$ & $-0.00332739$ & $-0.0158442$ & $-0.0155283$ & $-0.00960784$ & $-0.00240938$ & $-0.0243595$ & $-0.0256944$ & $-0.0251641$ & $-0.00348048$ & $0.00721712$ & $-0.00584579$ & $0.0242964$ & $-0.00214268$ & $-0.00986916$ & $-0.0102398$ & $0.00951043$ & $-0.0159949$ & $0.00795481$ & $0.00418359$ & $-0.0154261$ & $0.0189636$ & $-0.00846229$ & $-0.0457856$ & $0.00208271$ & $0.0584063$ & $0.0138782$ & $0.0135276$ & $0.0108501$ & $1$ & $0.0347129$ & $-0.0326866$ & $-0.00402946$ & $-0.0186434$ & $-0.0139386$ & $-0.0158843$ \\
eHmumuint & $0.0313015$ & $-0.0368309$ & $-0.0489092$ & $-0.00781908$ & $-0.00639352$ & $0.0187245$ & $0.00383134$ & $-0.000719591$ & $-9.05272e-05$ & $0.00355842$ & $0.00609527$ & $-0.00341757$ & $0.0088042$ & $-0.010365$ & $-0.00977962$ & $-0.000299922$ & $-0.0127192$ & $-0.00213382$ & $-0.0105731$ & $-0.00786767$ & $-0.00809576$ & $-0.00899862$ & $-0.00505896$ & $-0.00618159$ & $-0.0164409$ & $0.00508533$ & $-0.00570054$ & $0.00233463$ & $0.016676$ & $0.00408722$ & $-0.00853541$ & $0.00760727$ & $-0.00368455$ & $0.0052756$ & $0.0170578$ & $-0.0169208$ & $0.0130393$ & $0.00259822$ & $-0.00284265$ & $0.00183291$ & $0.0211559$ & $-0.0103822$ & $0.0347129$ & $1$ & $-7.48541e-06$ & $-0.0132471$ & $-0.00620013$ & $-0.00942397$ & $-0.00306032$ \\
eHtautauint & $-0.0217125$ & $-0.0143285$ & $0.0135419$ & $-0.00940563$ & $-0.0059874$ & $0.00312874$ & $-0.00425644$ & $-0.0057808$ & $-0.00649117$ & $-0.00624376$ & $0.0123664$ & $0.000622883$ & $-0.00372192$ & $-0.0120198$ & $-0.00642685$ & $-0.00887853$ & $-0.0121255$ & $-0.00624911$ & $-0.00539488$ & $-0.0134262$ & $-0.0120598$ & $-0.0107003$ & $0.0153588$ & $0.0013228$ & $-0.0018286$ & $-0.00660484$ & $0.00604645$ & $-0.0126603$ & $-0.00100491$ & $0.0687494$ & $0.0207251$ & $-0.00936759$ & $0.000741391$ & $0.000126181$ & $0.00177948$ & $-0.0162575$ & $0.0489153$ & $0.00758674$ & $-0.00580865$ & $-0.0129989$ & $0.0119594$ & $-0.00343017$ & $-0.0326866$ & $-7.48541e-06$ & $1$ & $-0.0117719$ & $0.0508401$ & $0.0229742$ & $0.0252941$ \\
eHccint & $-0.00758433$ & $0.039998$ & $0.0109671$ & $0.00688295$ & $0.00223239$ & $0.00346149$ & $-0.0103841$ & $-0.00179869$ & $-0.00299614$ & $0.000886929$ & $0.00428079$ & $0.000408408$ & $0.00559792$ & $-0.00564236$ & $-0.00255439$ & $0.000164141$ & $-0.00498219$ & $-0.00297919$ & $-0.00548844$ & $-0.00298678$ & $-0.00279174$ & $-0.00379938$ & $0.00208176$ & $-0.00186862$ & $-0.00121521$ & $-0.00392767$ & $0.00262995$ & $-0.00157019$ & $-0.00871303$ & $-0.013731$ & $0.0955416$ & $-0.00863378$ & $-0.0139055$ & $0.00416381$ & $0.038926$ & $0.0677299$ & $0.0424193$ & $-0.00814515$ & $-0.00703437$ & $0.00985578$ & $0.00397739$ & $-0.0043913$ & $-0.00402946$ & $-0.0132471$ & $-0.0117719$ & $1$ & $0.0752612$ & $0.0351594$ & $-0.0138404$ \\
eHccpar & $-0.0117092$ & $0.0116513$ & $0.0154819$ & $-0.0167257$ & $0.00244737$ & $-0.0130236$ & $-0.00484068$ & $0.0016356$ & $0.0014383$ & $0.00218998$ & $-0.00295604$ & $0.0171147$ & $-0.0175751$ & $0.000556925$ & $0.0261472$ & $0.00303196$ & $0.00357485$ & $-0.0146481$ & $0.00284972$ & $0.00497621$ & $0.00174784$ & $-9.82814e-05$ & $-0.00714254$ & $0.00440598$ & $-0.00421247$ & $-0.000643441$ & $-0.0127598$ & $0.00757655$ & $-0.00143197$ & $-0.00357425$ & $0.385154$ & $-0.00303533$ & $-0.0301685$ & $-0.0177992$ & $-0.0165855$ & $0.0497161$ & $-0.0185737$ & $-0.0115514$ & $0.0294762$ & $0.000683066$ & $0.0103149$ & $0.00261803$ & $-0.0186434$ & $-0.00620013$ & $0.0508401$ & $0.0752612$ & $1$ & $-0.0167324$ & $-0.0253907$ \\
eHbbint & $0.0258768$ & $-0.0414371$ & $0.00939744$ & $-0.0100079$ & $0.000130124$ & $0.000263327$ & $-0.00654046$ & $-0.00350462$ & $-0.00768078$ & $-0.0114703$ & $0.00573866$ & $-0.0107959$ & $0.000281381$ & $0.000145143$ & $-0.013817$ & $-0.00849278$ & $-0.00479926$ & $0.00632381$ & $0.00128453$ & $-0.00820101$ & $-0.00579852$ & $-0.00677408$ & $0.00336624$ & $0.000354998$ & $-0.00304127$ & $0.00291807$ & $0.00409893$ & $-0.0117562$ & $-0.00536921$ & $-0.0131958$ & $-0.00773417$ & $-0.0077076$ & $0.112947$ & $0.00465765$ & $0.0316644$ & $-0.0161584$ & $0.0601836$ & $0.0072293$ & $-0.0038137$ & $0.00787472$ & $-0.0105148$ & $-0.0109921$ & $-0.0139386$ & $-0.00942397$ & $0.0229742$ & $0.0351594$ & $-0.0167324$ & $1$ & $-0.0714375$ \\
eHbbpar & $0.0222449$ & $-0.0347454$ & $0.0611739$ & $-0.0262591$ & $-0.00603413$ & $0.00436259$ & $-0.00580984$ & $0.00344173$ & $0.00271583$ & $-0.00163511$ & $-0.00274203$ & $9.65435e-06$ & $-0.000734991$ & $-0.00265977$ & $0.00679653$ & $0.00407491$ & $0.00337316$ & $-0.00346853$ & $-0.00257564$ & $0.00325237$ & $0.00224153$ & $0.00431099$ & $-0.00376891$ & $-0.00458006$ & $-0.00275012$ & $0.00198757$ & $-0.00326173$ & $0.00192886$ & $-0.00628743$ & $0.00273748$ & $-0.01671$ & $-0.00223544$ & $0.474244$ & $-0.00236384$ & $-0.00984196$ & $0.00365401$ & $0.0120499$ & $-0.0112423$ & $-0.00602188$ & $-0.0231141$ & $0.0186297$ & $0.00219825$ & $-0.0158843$ & $-0.00306032$ & $0.0252941$ & $-0.0138404$ & $-0.0253907$ & $-0.0714375$ & $1$ \\
