 & AlsMz & dAle5Mz & mtop & mHl & Mz & CW & CHG & CHWB & CHWHB_gaga & CHWHB_gagaorth & CHD & CHbox & CH & CHL1_11 & CHL1_22 & CHL1_33 & CHL3_11 & CHL3_22 & CHL3_33 & CHe_11 & CHe_22 & CHe_33 & CHQ1_11 & CHQ1_33 & CHQ3_11 & CHu_11 & CHd_11 & CHd_33 & CeH_22r & CeH_33r & CuH_22r & CuH_33r & CdH_33r & CLL_1221 & eHggint & eHggpar & eHWWint & eHWWpar & eHZZint & eHZZpar & eHZgaint & eHZgapar & eHgagaint & eHmumuint & eHtautauint & eHccint & eHccpar & eHbbint & eHbbpar \\
AlsMz & $1$ & $0.130683$ & $0.118113$ & $-0.00322822$ & $0.00270351$ & $-0.0238141$ & $-0.0237213$ & $0.0409617$ & $0.0380167$ & $-0.0180176$ & $-0.0470291$ & $-0.0136131$ & $0.0139622$ & $0.0128254$ & $-0.00391742$ & $-0.0142101$ & $0.00268473$ & $-0.00127671$ & $0.00655994$ & $0.0392406$ & $0.0474082$ & $0.0474505$ & $0.0182984$ & $-0.0707058$ & $-0.0793683$ & $-0.0614364$ & $0.0291021$ & $0.0249946$ & $0.00720911$ & $-0.052772$ & $-0.0234762$ & $-0.0408588$ & $-0.14206$ & $0.0433942$ & $0.047178$ & $-0.075028$ & $0.348944$ & $0.0280712$ & $0.151708$ & $0.00246762$ & $-0.156262$ & $-0.00323056$ & $0.0606252$ & $0.119618$ & $0.097511$ & $-0.112212$ & $0.0128176$ & $-0.176849$ & $-0.139421$ \\
dAle5Mz & $0.130683$ & $1$ & $-0.0565129$ & $0.00337248$ & $0.00651105$ & $0.00883016$ & $0.0264976$ & $-0.0764947$ & $-0.0777981$ & $0.0272765$ & $0.04777$ & $-0.00745302$ & $-0.0353336$ & $0.00231056$ & $-0.00315318$ & $0.0118548$ & $0.0383481$ & $0.0329252$ & $0.0214243$ & $-0.0262074$ & $-0.0323728$ & $-0.0315962$ & $-0.000937118$ & $0.0381298$ & $0.0082935$ & $-0.00313528$ & $-0.0474283$ & $-0.0113472$ & $0.0127303$ & $-0.0335689$ & $-0.0865321$ & $0.0203671$ & $-0.0457032$ & $-0.00668999$ & $-0.00696774$ & $0.015615$ & $0.132936$ & $-0.00177263$ & $0.243081$ & $0.000731318$ & $0.185297$ & $0.0261442$ & $-0.0442008$ & $-0.20982$ & $0.0295552$ & $-0.136586$ & $-0.140219$ & $0.0695638$ & $-0.0287221$ \\
mtop & $0.118113$ & $-0.0565129$ & $1$ & $-0.0377807$ & $0.00929055$ & $0.000689781$ & $-0.0387484$ & $0.0286861$ & $0.0317028$ & $-0.0186211$ & $-0.0165614$ & $-0.0136985$ & $0.0110398$ & $0.000872596$ & $-0.0272885$ & $-0.0159322$ & $-0.0101927$ & $0.00496347$ & $-0.00405247$ & $0.0159521$ & $0.0250831$ & $0.023428$ & $0.0087775$ & $-0.0259847$ & $-0.000873779$ & $-0.00647805$ & $0.0511228$ & $0.0282435$ & $0.000373127$ & $-0.00467467$ & $0.01418$ & $-0.0398384$ & $-0.102245$ & $0.0433374$ & $0.0415332$ & $0.0338585$ & $-0.0841485$ & $-0.00961584$ & $0.0160367$ & $-0.0199493$ & $-0.000458259$ & $-0.0129547$ & $0.108076$ & $0.114875$ & $-0.0820438$ & $0.0223668$ & $-0.000703613$ & $-0.209197$ & $-0.226362$ \\
mHl & $-0.00322822$ & $0.00337248$ & $-0.0377807$ & $1$ & $-0.00782454$ & $0.005018$ & $0.0114315$ & $0.00294304$ & $0.0117539$ & $-0.0185462$ & $0.00471901$ & $-0.0202711$ & $-0.00058889$ & $-0.0115836$ & $-0.0193268$ & $-0.0270524$ & $-0.0107911$ & $-0.00325239$ & $0.00458257$ & $-0.00884239$ & $-0.00118562$ & $-0.00111964$ & $0.0196253$ & $-0.011545$ & $0.0151188$ & $0.00405192$ & $0.0473592$ & $-0.00903643$ & $0.00671346$ & $-0.000121177$ & $0.0122125$ & $0.00926148$ & $0.0260657$ & $0.0186224$ & $-0.0502601$ & $-0.0338122$ & $-0.00662758$ & $-0.0186959$ & $0.167007$ & $0.00517772$ & $0.252914$ & $-0.0182167$ & $0.127338$ & $0.127413$ & $0.0209679$ & $-0.378148$ & $0.0772877$ & $-0.0739502$ & $0.106976$ \\
Mz & $0.00270351$ & $0.00651105$ & $0.00929055$ & $-0.00782454$ & $1$ & $-0.00450709$ & $-0.00264208$ & $-0.00023695$ & $-0.000248468$ & $-0.00105365$ & $0.00673256$ & $-0.00184105$ & $-0.00120377$ & $0.00243441$ & $0.000796493$ & $0.011292$ & $0.00186827$ & $0.00135944$ & $-0.00601608$ & $0.00146517$ & $0.00160254$ & $0.00164152$ & $-0.00807069$ & $0.00183113$ & $-0.00298127$ & $0.000551505$ & $-0.00535624$ & $-0.0112643$ & $-7.07515e-05$ & $0.000726484$ & $-0.00275832$ & $-0.00334286$ & $-0.00530507$ & $-0.0012344$ & $0.000735251$ & $-0.0036233$ & $-0.00194056$ & $0.00444987$ & $-0.0072548$ & $0.00148653$ & $0.00446345$ & $0.00986345$ & $-0.00269925$ & $0.00801961$ & $0.00993045$ & $-0.00299771$ & $0.00452504$ & $-0.00170067$ & $-0.00548757$ \\
CW & $-0.0238141$ & $0.00883016$ & $0.000689781$ & $0.005018$ & $-0.00450709$ & $1$ & $0.00525169$ & $-0.127612$ & $-0.1254$ & $0.0192734$ & $0.188492$ & $0.0555431$ & $0.00356684$ & $0.0173208$ & $-0.0797367$ & $-0.0798361$ & $-0.257497$ & $-0.0502589$ & $-0.050031$ & $-0.185938$ & $-0.191743$ & $-0.187075$ & $-0.00787149$ & $-0.000231877$ & $-0.0882664$ & $0.104518$ & $-0.0846555$ & $-0.0641867$ & $0.00601522$ & $0.000619945$ & $-0.00459294$ & $0.00866268$ & $0.00187466$ & $-0.121931$ & $0.0130225$ & $0.0015684$ & $-0.00830474$ & $-0.00645407$ & $-0.00948325$ & $0.00204028$ & $0.0165688$ & $0.003543$ & $-0.00501286$ & $0.00223604$ & $-0.0415311$ & $0.00780932$ & $-0.00493264$ & $0.00868508$ & $0.00527831$ \\
CHG & $-0.0237213$ & $0.0264976$ & $-0.0387484$ & $0.0114315$ & $-0.00264208$ & $0.00525169$ & $1$ & $-0.113919$ & $-0.0644337$ & $0.0864402$ & $0.0601374$ & $-0.135622$ & $-0.313869$ & $0.0655851$ & $-0.0342829$ & $-0.0231579$ & $0.108714$ & $0.123848$ & $0.114172$ & $-0.0574961$ & $-0.0625335$ & $-0.062697$ & $-0.00693427$ & $0.126593$ & $0.117142$ & $0.0279944$ & $-0.042277$ & $-0.0130274$ & $0.0112782$ & $-0.13296$ & $-0.0866993$ & $0.931528$ & $-0.159205$ & $-0.0597951$ & $-0.0244005$ & $-0.0269174$ & $0.0318702$ & $0.00964071$ & $0.0245533$ & $0.0046$ & $0.0176496$ & $0.000534726$ & $-0.0320558$ & $0.0146983$ & $-0.0133689$ & $-0.0418023$ & $-0.0312172$ & $0.0115721$ & $0.0117741$ \\
CHWB & $0.0409617$ & $-0.0764947$ & $0.0286861$ & $0.00294304$ & $-0.00023695$ & $-0.127612$ & $-0.113919$ & $1$ & $0.984895$ & $-0.570321$ & $-0.877072$ & $-0.0847457$ & $0.356087$ & $0.0863886$ & $0.295734$ & $0.285781$ & $-0.249881$ & $-0.444604$ & $-0.439219$ & $0.847574$ & $0.895032$ & $0.877012$ & $0.0602029$ & $-0.67615$ & $-0.415212$ & $-0.500841$ & $0.429254$ & $0.299232$ & $0.00786268$ & $0.121288$ & $0.0631202$ & $-0.108857$ & $0.132196$ & $0.562472$ & $-0.0139008$ & $0.00855177$ & $0.00269249$ & $0.00923694$ & $-0.0524369$ & $0.0018758$ & $-0.0132508$ & $-0.00249792$ & $0.0247319$ & $-0.00980465$ & $0.057101$ & $-0.0137552$ & $0.00182541$ & $-0.00526476$ & $0.0102941$ \\
CHWHB_gaga & $0.0380167$ & $-0.0777981$ & $0.0317028$ & $0.0117539$ & $-0.000248468$ & $-0.1254$ & $-0.0644337$ & $0.984895$ & $1$ & $-0.560725$ & $-0.861368$ & $-0.0673861$ & $0.350242$ & $0.0798216$ & $0.290363$ & $0.279536$ & $-0.250791$ & $-0.441765$ & $-0.435649$ & $0.832524$ & $0.879307$ & $0.861616$ & $0.0598905$ & $-0.668307$ & $-0.411224$ & $-0.49157$ & $0.424869$ & $0.296167$ & $0.0157321$ & $0.143272$ & $0.0728125$ & $-0.0696162$ & $0.152982$ & $0.554448$ & $-0.0325595$ & $-0.00729847$ & $-0.0117951$ & $0.00938369$ & $-0.0544172$ & $0.00252542$ & $-0.00829639$ & $-0.00528143$ & $0.0761629$ & $-0.000416993$ & $0.0649366$ & $-0.0208637$ & $0.00144084$ & $-0.011269$ & $0.00635624$ \\
CHWHB_gagaorth & $-0.0180176$ & $0.0272765$ & $-0.0186211$ & $-0.0185462$ & $-0.00105365$ & $0.0192734$ & $0.0864402$ & $-0.570321$ & $-0.560725$ & $1$ & $0.358104$ & $0.451778$ & $-0.24823$ & $0.225142$ & $-0.127275$ & $-0.123864$ & $0.427889$ & $0.487756$ & $0.485151$ & $-0.344377$ & $-0.37448$ & $-0.368121$ & $-0.043508$ & $0.54723$ & $0.479874$ & $0.209309$ & $-0.234695$ & $-0.132417$ & $0.000678155$ & $-0.14109$ & $-0.0777818$ & $0.101344$ & $-0.162146$ & $-0.346562$ & $0.0419007$ & $0.016947$ & $0.018442$ & $-0.00348807$ & $0.0290143$ & $-0.00190237$ & $-0.0450551$ & $-0.00312481$ & $-0.0245854$ & $-0.00619295$ & $-0.0266115$ & $0.0229434$ & $-0.00660981$ & $-0.0027628$ & $-0.0158306$ \\
CHD & $-0.0470291$ & $0.04777$ & $-0.0165614$ & $0.00471901$ & $0.00673256$ & $0.188492$ & $0.0601374$ & $-0.877072$ & $-0.861368$ & $0.358104$ & $1$ & $0.195142$ & $-0.175719$ & $-0.506536$ & $-0.426091$ & $-0.411751$ & $-0.210722$ & $0.0758058$ & $0.0689871$ & $-0.990266$ & $-0.991255$ & $-0.969957$ & $-0.006663$ & $0.308714$ & $0.0299649$ & $0.560556$ & $-0.29233$ & $-0.33167$ & $-0.00294855$ & $-0.0679858$ & $-0.0347708$ & $0.0688052$ & $-0.0670406$ & $-0.361138$ & $0.0289182$ & $0.00723013$ & $-0.0157209$ & $-0.0103112$ & $0.0182653$ & $-0.00333014$ & $0.0151353$ & $0.00356531$ & $-0.0115308$ & $0.00743451$ & $-0.0543644$ & $0.00691024$ & $0.00460008$ & $0.00712979$ & $0.0073408$ \\
CHbox & $-0.0136131$ & $-0.00745302$ & $-0.0136985$ & $-0.0202711$ & $-0.00184105$ & $0.0555431$ & $-0.135622$ & $-0.0847457$ & $-0.0673861$ & $0.451778$ & $0.195142$ & $1$ & $0.443714$ & $-0.256485$ & $-0.0161016$ & $-0.0185683$ & $-0.23174$ & $-0.18982$ & $-0.186003$ & $-0.178564$ & $-0.198025$ & $-0.192169$ & $-0.00965391$ & $-0.0742109$ & $-0.185232$ & $0.113798$ & $-0.0766674$ & $-0.0689565$ & $0.0485756$ & $0.293498$ & $0.087139$ & $-0.035497$ & $0.358291$ & $-0.0668674$ & $0.105323$ & $0.0660507$ & $-0.00186741$ & $-0.00759482$ & $-0.0243324$ & $-0.0132908$ & $-0.0332733$ & $0.000990803$ & $-0.0192454$ & $-0.035279$ & $-0.0175874$ & $0.0285679$ & $0.0128085$ & $0.00493159$ & $0.0139726$ \\
CH & $0.0139622$ & $-0.0353336$ & $0.0110398$ & $-0.00058889$ & $-0.00120377$ & $0.00356684$ & $-0.313869$ & $0.356087$ & $0.350242$ & $-0.24823$ & $-0.175719$ & $0.443714$ & $1$ & $-0.238551$ & $0.0798722$ & $0.066632$ & $-0.363944$ & $-0.392806$ & $-0.382156$ & $0.170482$ & $0.186496$ & $0.183715$ & $0.0328586$ & $-0.395325$ & $-0.380619$ & $-0.105506$ & $0.141407$ & $0.0640464$ & $0.0430469$ & $0.274606$ & $0.120739$ & $-0.259802$ & $0.344531$ & $0.211911$ & $0.0299304$ & $0.0232599$ & $-0.00369918$ & $0.000838606$ & $-0.0333022$ & $-0.0074744$ & $-0.00272205$ & $0.00169251$ & $0.0121439$ & $-0.0235736$ & $0.0176181$ & $0.00759934$ & $0.0162113$ & $-0.00499574$ & $0.0130198$ \\
CHL1_11 & $0.0128254$ & $0.00231056$ & $0.000872596$ & $-0.0115836$ & $0.00243441$ & $0.0173208$ & $0.0655851$ & $0.0863886$ & $0.0798216$ & $0.225142$ & $-0.506536$ & $-0.256485$ & $-0.238551$ & $1$ & $0.282929$ & $0.268192$ & $0.663075$ & $0.594441$ & $0.600425$ & $0.525742$ & $0.466155$ & $0.452728$ & $-0.0774683$ & $0.473546$ & $0.600081$ & $-0.271934$ & $-0.110498$ & $0.155246$ & $-0.00816902$ & $-0.0649328$ & $-0.0310076$ & $0.0397958$ & $-0.0843019$ & $-0.228328$ & $-0.0336769$ & $-0.028097$ & $0.0236118$ & $-5.82978e-05$ & $0.0423538$ & $8.45717e-06$ & $-0.00430354$ & $-0.00635316$ & $-0.0144382$ & $0.0117824$ & $0.0090271$ & $0.00828432$ & $-0.00348988$ & $-0.00099159$ & $-0.0303159$ \\
CHL1_22 & $-0.00391742$ & $-0.00315318$ & $-0.0272885$ & $-0.0193268$ & $0.000796493$ & $-0.0797367$ & $-0.0342829$ & $0.295734$ & $0.290363$ & $-0.127275$ & $-0.426091$ & $-0.0161016$ & $0.0798722$ & $0.282929$ & $1$ & $0.443262$ & $0.171329$ & $-0.440305$ & $-0.0182424$ & $0.491759$ & $0.342471$ & $0.333377$ & $-0.185851$ & $0.116404$ & $-0.122171$ & $-0.188662$ & $-0.391252$ & $0.114413$ & $0.0117126$ & $0.0370479$ & $0.0183414$ & $-0.0319302$ & $0.0339647$ & $-0.593959$ & $-0.0115365$ & $-0.00673005$ & $-0.00215934$ & $-0.00492592$ & $0.0333011$ & $-0.00175969$ & $0.00778043$ & $-0.002537$ & $-0.0144833$ & $-0.0240695$ & $-0.00626067$ & $0.0428565$ & $-0.0206282$ & $-0.0145868$ & $-0.0223668$ \\
CHL1_33 & $-0.0142101$ & $0.0118548$ & $-0.0159322$ & $-0.0270524$ & $0.011292$ & $-0.0798361$ & $-0.0231579$ & $0.285781$ & $0.279536$ & $-0.123864$ & $-0.411751$ & $-0.0185683$ & $0.066632$ & $0.268192$ & $0.443262$ & $1$ & $0.167893$ & $-0.0212449$ & $-0.425777$ & $0.47739$ & $0.331626$ & $0.348902$ & $-0.17508$ & $0.114256$ & $-0.116935$ & $-0.185668$ & $-0.381928$ & $0.112428$ & $0.0125671$ & $0.0278682$ & $0.0130197$ & $-0.022017$ & $0.0265412$ & $-0.103043$ & $0.00190075$ & $-0.00956957$ & $-0.0174693$ & $0.000643459$ & $0.0226467$ & $-0.000183586$ & $0.0101298$ & $-0.0129043$ & $-0.0296663$ & $-0.0171841$ & $-0.017374$ & $0.0484895$ & $-0.0130448$ & $-0.00503937$ & $-0.0210053$ \\
CHL3_11 & $0.00268473$ & $0.0383481$ & $-0.0101927$ & $-0.0107911$ & $0.00186827$ & $-0.257497$ & $0.108714$ & $-0.249881$ & $-0.250791$ & $0.427889$ & $-0.210722$ & $-0.23174$ & $-0.363944$ & $0.663075$ & $0.171329$ & $0.167893$ & $1$ & $0.738039$ & $0.738232$ & $0.233944$ & $0.177374$ & $0.171222$ & $-0.06895$ & $0.681772$ & $0.783423$ & $-0.108614$ & $-0.169073$ & $0.060816$ & $-0.0114629$ & $-0.108516$ & $-0.0574078$ & $0.0807218$ & $-0.132146$ & $-0.260898$ & $-0.0292372$ & $-0.0265425$ & $0.017499$ & $0.00560088$ & $0.0532767$ & $0.00500121$ & $-0.0108032$ & $0.000887165$ & $-0.020377$ & $0.0090661$ & $0.00169161$ & $0.00762018$ & $-0.0098421$ & $-0.00564918$ & $-0.0315487$ \\
CHL3_22 & $-0.00127671$ & $0.0329252$ & $0.00496347$ & $-0.00325239$ & $0.00135944$ & $-0.0502589$ & $0.123848$ & $-0.444604$ & $-0.441765$ & $0.487756$ & $0.0758058$ & $-0.18982$ & $-0.392806$ & $0.594441$ & $-0.440305$ & $-0.0212449$ & $0.738039$ & $1$ & $0.675707$ & $-0.0774401$ & $-0.0712397$ & $-0.0685945$ & $0.017322$ & $0.622641$ & $0.79821$ & $0.0273469$ & $-0.0175426$ & $-0.0228864$ & $-0.016662$ & $-0.124577$ & $-0.0639389$ & $0.0971235$ & $-0.144602$ & $0.023005$ & $-0.0185683$ & $-0.0246531$ & $0.0165215$ & $0.00418099$ & $0.0356545$ & $0.00334242$ & $-0.0105917$ & $-0.00165178$ & $-0.0161742$ & $0.0257049$ & $-0.00651692$ & $-0.00916929$ & $0.00440826$ & $0.00549526$ & $-0.0189548$ \\
CHL3_33 & $0.00655994$ & $0.0214243$ & $-0.00405247$ & $0.00458257$ & $-0.00601608$ & $-0.050031$ & $0.114172$ & $-0.439219$ & $-0.435649$ & $0.485151$ & $0.0689871$ & $-0.186003$ & $-0.382156$ & $0.600425$ & $-0.0182424$ & $-0.425777$ & $0.738232$ & $0.675707$ & $1$ & $-0.070811$ & $-0.0655128$ & $-0.0618329$ & $0.011548$ & $0.622684$ & $0.797138$ & $0.027382$ & $-0.0181847$ & $-0.0236191$ & $-0.0173869$ & $-0.116851$ & $-0.0601516$ & $0.0881648$ & $-0.138964$ & $-0.353853$ & $-0.0279912$ & $-0.0212999$ & $0.0274921$ & $-0.00074051$ & $0.0437254$ & $0.00168025$ & $-0.0104547$ & $0.00578907$ & $-0.00295244$ & $0.0198563$ & $0.00283567$ & $-0.0145643$ & $0.000212834$ & $-0.00190988$ & $-0.0196656$ \\
CHe_11 & $0.0392406$ & $-0.0262074$ & $0.0159521$ & $-0.00884239$ & $0.00146517$ & $-0.185938$ & $-0.0574961$ & $0.847574$ & $0.832524$ & $-0.344377$ & $-0.990266$ & $-0.178564$ & $0.170482$ & $0.525742$ & $0.491759$ & $0.47739$ & $0.233944$ & $-0.0774401$ & $-0.070811$ & $1$ & $0.972423$ & $0.952102$ & $-0.0191112$ & $-0.253564$ & $-0.0226176$ & $-0.550259$ & $0.216$ & $0.325192$ & $0.00443597$ & $0.067163$ & $0.0324171$ & $-0.0653964$ & $0.0655821$ & $0.281225$ & $-0.028389$ & $-0.00771962$ & $0.0131385$ & $0.00910254$ & $-0.00884002$ & $0.00307637$ & $-0.00962858$ & $-0.00334354$ & $0.00642977$ & $-0.0136542$ & $0.0474039$ & $-0.00105411$ & $-0.00986712$ & $-0.00777831$ & $-0.010591$ \\
CHe_22 & $0.0474082$ & $-0.0323728$ & $0.0250831$ & $-0.00118562$ & $0.00160254$ & $-0.191743$ & $-0.0625335$ & $0.895032$ & $0.879307$ & $-0.37448$ & $-0.991255$ & $-0.198025$ & $0.186496$ & $0.466155$ & $0.342471$ & $0.331626$ & $0.177374$ & $-0.0712397$ & $-0.0655128$ & $0.972423$ & $1$ & $0.97483$ & $0.0355218$ & $-0.365224$ & $-0.0376249$ & $-0.563911$ & $0.372406$ & $0.333202$ & $0.00216398$ & $0.0707132$ & $0.0346078$ & $-0.0712884$ & $0.0702378$ & $0.447378$ & $-0.0291748$ & $-0.00446565$ & $0.016581$ & $0.0113537$ & $-0.0213918$ & $0.00347506$ & $-0.0125089$ & $-0.00179306$ & $0.015816$ & $-0.00958455$ & $0.0590353$ & $-0.016384$ & $-0.00504989$ & $-0.00459717$ & $-0.00460243$ \\
CHe_33 & $0.0474505$ & $-0.0315962$ & $0.023428$ & $-0.00111964$ & $0.00164152$ & $-0.187075$ & $-0.062697$ & $0.877012$ & $0.861616$ & $-0.368121$ & $-0.969957$ & $-0.192169$ & $0.183715$ & $0.452728$ & $0.333377$ & $0.348902$ & $0.171222$ & $-0.0685945$ & $-0.0618329$ & $0.952102$ & $0.97483$ & $1$ & $0.0361608$ & $-0.358758$ & $-0.0364555$ & $-0.552456$ & $0.36644$ & $0.324841$ & $0.00208049$ & $0.0683234$ & $0.0339302$ & $-0.0712711$ & $0.0680583$ & $0.442675$ & $-0.0254954$ & $-0.00386208$ & $0.0170865$ & $0.0112357$ & $-0.0209043$ & $0.00336851$ & $-0.0112173$ & $-0.00358028$ & $0.0146028$ & $-0.00964738$ & $0.0580234$ & $-0.0170878$ & $-0.00469238$ & $-0.00356976$ & $-0.00492213$ \\
CHQ1_11 & $0.0182984$ & $-0.000937118$ & $0.0087775$ & $0.0196253$ & $-0.00807069$ & $-0.00787149$ & $-0.00693427$ & $0.0602029$ & $0.0598905$ & $-0.043508$ & $-0.006663$ & $-0.00965391$ & $0.0328586$ & $-0.0774683$ & $-0.185851$ & $-0.17508$ & $-0.06895$ & $0.017322$ & $0.011548$ & $-0.0191112$ & $0.0355218$ & $0.0361608$ & $1$ & $-0.13513$ & $0.0852883$ & $-0.675905$ & $0.352097$ & $0.00663627$ & $0.000929104$ & $0.001607$ & $-0.00558149$ & $-0.00812257$ & $0.00729991$ & $0.206458$ & $-0.00368646$ & $0.0223794$ & $0.0170059$ & $0.0073894$ & $-0.0150896$ & $0.00365945$ & $0.000916725$ & $-0.00456498$ & $0.0175136$ & $-0.0111076$ & $0.034754$ & $-0.0344188$ & $0.00196683$ & $0.00374038$ & $0.0132861$ \\
CHQ1_33 & $-0.0707058$ & $0.0381298$ & $-0.0259847$ & $-0.011545$ & $0.00183113$ & $-0.000231877$ & $0.126593$ & $-0.67615$ & $-0.668307$ & $0.54723$ & $0.308714$ & $-0.0742109$ & $-0.395325$ & $0.473546$ & $0.116404$ & $0.114256$ & $0.681772$ & $0.622641$ & $0.622684$ & $-0.253564$ & $-0.365224$ & $-0.358758$ & $-0.13513$ & $1$ & $0.647423$ & $0.199633$ & $-0.435229$ & $-0.0266525$ & $-0.0089125$ & $-0.124508$ & $-0.0659018$ & $0.108866$ & $-0.139443$ & $-0.638107$ & $-0.0114405$ & $-0.0210441$ & $-0.0114451$ & $-0.00708971$ & $0.0593968$ & $0.000836943$ & $0.0162609$ & $-0.00194454$ & $-0.0276188$ & $0.00794021$ & $-0.0439916$ & $0.0267496$ & $-0.00728375$ & $0.00056789$ & $-0.0242284$ \\
CHQ3_11 & $-0.0793683$ & $0.0082935$ & $-0.000873779$ & $0.0151188$ & $-0.00298127$ & $-0.0882664$ & $0.117142$ & $-0.415212$ & $-0.411224$ & $0.479874$ & $0.0299649$ & $-0.185232$ & $-0.380619$ & $0.600081$ & $-0.122171$ & $-0.116935$ & $0.783423$ & $0.79821$ & $0.797138$ & $-0.0226176$ & $-0.0376249$ & $-0.0364555$ & $0.0852883$ & $0.647423$ & $1$ & $0.0138117$ & $0.184382$ & $-0.0183301$ & $-0.0137878$ & $-0.114427$ & $-0.0603397$ & $0.0912352$ & $-0.126818$ & $-0.216805$ & $-0.0312058$ & $-0.00795$ & $-0.00300229$ & $0.000697264$ & $0.00544551$ & $0.00861603$ & $-0.00501704$ & $0.00587681$ & $-0.00641708$ & $0.00681748$ & $0.00468721$ & $-0.01752$ & $0.000733378$ & $0.0183419$ & $-0.000890447$ \\
CHu_11 & $-0.0614364$ & $-0.00313528$ & $-0.00647805$ & $0.00405192$ & $0.000551505$ & $0.104518$ & $0.0279944$ & $-0.500841$ & $-0.49157$ & $0.209309$ & $0.560556$ & $0.113798$ & $-0.105506$ & $-0.271934$ & $-0.188662$ & $-0.185668$ & $-0.108614$ & $0.0273469$ & $0.027382$ & $-0.550259$ & $-0.563911$ & $-0.552456$ & $-0.675905$ & $0.199633$ & $0.0138117$ & $1$ & $-0.182743$ & $-0.186354$ & $-0.00088019$ & $-0.0325691$ & $-0.007958$ & $0.034374$ & $-0.0308324$ & $-0.253896$ & $0.0167733$ & $-0.00229331$ & $-0.029781$ & $-0.0144342$ & $-0.0103317$ & $5.75829e-05$ & $0.00402214$ & $0.0073187$ & $-0.00750497$ & $0.0105439$ & $-0.0462259$ & $0.0158852$ & $0.0114577$ & $0.00791134$ & $0.00822207$ \\
CHd_11 & $0.0291021$ & $-0.0474283$ & $0.0511228$ & $0.0473592$ & $-0.00535624$ & $-0.0846555$ & $-0.042277$ & $0.429254$ & $0.424869$ & $-0.234695$ & $-0.29233$ & $-0.0766674$ & $0.141407$ & $-0.110498$ & $-0.391252$ & $-0.381928$ & $-0.169073$ & $-0.0175426$ & $-0.0181847$ & $0.216$ & $0.372406$ & $0.36644$ & $0.352097$ & $-0.435229$ & $0.184382$ & $-0.182743$ & $1$ & $0.102963$ & $-0.00413066$ & $0.0406794$ & $0.018948$ & $-0.0460233$ & $0.0505324$ & $0.683858$ & $-0.0152938$ & $0.0239955$ & $0.0171818$ & $0.0086633$ & $-0.0858368$ & $0.0120579$ & $-0.0193493$ & $0.0102144$ & $0.0511826$ & $0.0020153$ & $0.0747381$ & $-0.0815899$ & $0.0157853$ & $0.0119433$ & $0.0366476$ \\
CHd_33 & $0.0249946$ & $-0.0113472$ & $0.0282435$ & $-0.00903643$ & $-0.0112643$ & $-0.0641867$ & $-0.0130274$ & $0.299232$ & $0.296167$ & $-0.132417$ & $-0.33167$ & $-0.0689565$ & $0.0640464$ & $0.155246$ & $0.114413$ & $0.112428$ & $0.060816$ & $-0.0228864$ & $-0.0236191$ & $0.325192$ & $0.333202$ & $0.324841$ & $0.00663627$ & $-0.0266525$ & $-0.0183301$ & $-0.186354$ & $0.102963$ & $1$ & $0.0113601$ & $0.0203696$ & $0.0085933$ & $-0.0181951$ & $0.022184$ & $0.150906$ & $-0.00888143$ & $0.0170356$ & $0.00665267$ & $0.00367126$ & $-0.0101705$ & $-0.010168$ & $0.000939968$ & $0.00275747$ & $0.0134058$ & $-0.0140662$ & $0.014509$ & $-0.0127788$ & $0.0058835$ & $-0.00477463$ & $-0.0126727$ \\
CeH_22r & $0.00720911$ & $0.0127303$ & $0.000373127$ & $0.00671346$ & $-7.07515e-05$ & $0.00601522$ & $0.0112782$ & $0.00786268$ & $0.0157321$ & $0.000678155$ & $-0.00294855$ & $0.0485756$ & $0.0430469$ & $-0.00816902$ & $0.0117126$ & $0.0125671$ & $-0.0114629$ & $-0.016662$ & $-0.0173869$ & $0.00443597$ & $0.00216398$ & $0.00208049$ & $0.000929104$ & $-0.0089125$ & $-0.0137878$ & $-0.00088019$ & $-0.00413066$ & $0.0113601$ & $1$ & $0.0411889$ & $0.0202808$ & $-0.00430195$ & $0.0457213$ & $-0.00255988$ & $-0.0403055$ & $-0.00318368$ & $-0.0124524$ & $-0.00696257$ & $0.00523832$ & $0.0043797$ & $-0.00154752$ & $-0.00251758$ & $0.00797763$ & $0.00433694$ & $0.00879283$ & $-0.0114215$ & $7.87333e-05$ & $0.0071767$ & $-0.00755234$ \\
CeH_33r & $-0.052772$ & $-0.0335689$ & $-0.00467467$ & $-0.000121177$ & $0.000726484$ & $0.000619945$ & $-0.13296$ & $0.121288$ & $0.143272$ & $-0.14109$ & $-0.0679858$ & $0.293498$ & $0.274606$ & $-0.0649328$ & $0.0370479$ & $0.0278682$ & $-0.108516$ & $-0.124577$ & $-0.116851$ & $0.067163$ & $0.0707132$ & $0.0683234$ & $0.001607$ & $-0.124508$ & $-0.114427$ & $-0.0325691$ & $0.0406794$ & $0.0203696$ & $0.0411889$ & $1$ & $0.325275$ & $0.021569$ & $0.68995$ & $0.0623801$ & $-0.0454183$ & $-0.0280132$ & $-0.165619$ & $-0.0227413$ & $-0.0433892$ & $-0.0103349$ & $0.0257358$ & $-0.00470372$ & $0.0335725$ & $0.0118018$ & $0.0280937$ & $-0.0450078$ & $0.0499125$ & $0.0500815$ & $-0.0127144$ \\
CuH_22r & $-0.0234762$ & $-0.0865321$ & $0.01418$ & $0.0122125$ & $-0.00275832$ & $-0.00459294$ & $-0.0866993$ & $0.0631202$ & $0.0728125$ & $-0.0777818$ & $-0.0347708$ & $0.087139$ & $0.120739$ & $-0.0310076$ & $0.0183414$ & $0.0130197$ & $-0.0574078$ & $-0.0639389$ & $-0.0601516$ & $0.0324171$ & $0.0346078$ & $0.0339302$ & $-0.00558149$ & $-0.0659018$ & $-0.0603397$ & $-0.007958$ & $0.018948$ & $0.0085933$ & $0.0202808$ & $0.325275$ & $1$ & $0.0110898$ & $0.369943$ & $0.0291351$ & $0.0181702$ & $0.0365748$ & $-0.175125$ & $-0.0141886$ & $-0.0730558$ & $-0.00719626$ & $0.0580905$ & $-0.0122631$ & $0.00256468$ & $0.000340195$ & $-0.0479969$ & $-0.0246348$ & $0.376607$ & $0.123611$ & $-0.0767045$ \\
CuH_33r & $-0.0408588$ & $0.0203671$ & $-0.0398384$ & $0.00926148$ & $-0.00334286$ & $0.00866268$ & $0.931528$ & $-0.108857$ & $-0.0696162$ & $0.101344$ & $0.0688052$ & $-0.035497$ & $-0.259802$ & $0.0397958$ & $-0.0319302$ & $-0.022017$ & $0.0807218$ & $0.0971235$ & $0.0881648$ & $-0.0653964$ & $-0.0712884$ & $-0.0712711$ & $-0.00812257$ & $0.108866$ & $0.0912352$ & $0.034374$ & $-0.0460233$ & $-0.0181951$ & $-0.00430195$ & $0.021569$ & $0.0110898$ & $1$ & $0.0421152$ & $-0.0589546$ & $0.0555691$ & $0.0253902$ & $-0.00331491$ & $0.00254555$ & $0.0191258$ & $0.00435385$ & $0.0257754$ & $0.00221073$ & $-0.0365706$ & $-0.00914277$ & $-0.0185953$ & $-0.042729$ & $-0.00868775$ & $0.0376863$ & $0.0274665$ \\
CdH_33r & $-0.14206$ & $-0.0457032$ & $-0.102245$ & $0.0260657$ & $-0.00530507$ & $0.00187466$ & $-0.159205$ & $0.132196$ & $0.152982$ & $-0.162146$ & $-0.0670406$ & $0.358291$ & $0.344531$ & $-0.0843019$ & $0.0339647$ & $0.0265412$ & $-0.132146$ & $-0.144602$ & $-0.138964$ & $0.0655821$ & $0.0702378$ & $0.0680583$ & $0.00729991$ & $-0.139443$ & $-0.126818$ & $-0.0308324$ & $0.0505324$ & $0.022184$ & $0.0457213$ & $0.68995$ & $0.369943$ & $0.0421152$ & $1$ & $0.0722846$ & $0.0136683$ & $0.0374212$ & $-0.217112$ & $-0.0347312$ & $-0.13746$ & $-0.00357284$ & $0.0512391$ & $0.00096269$ & $-0.0129422$ & $0.000474316$ & $-0.0369636$ & $-0.101414$ & $0.0454442$ & $0.156839$ & $0.327341$ \\
CLL_1221 & $0.0433942$ & $-0.00668999$ & $0.0433374$ & $0.0186224$ & $-0.0012344$ & $-0.121931$ & $-0.0597951$ & $0.562472$ & $0.554448$ & $-0.346562$ & $-0.361138$ & $-0.0668674$ & $0.211911$ & $-0.228328$ & $-0.593959$ & $-0.103043$ & $-0.260898$ & $0.023005$ & $-0.353853$ & $0.281225$ & $0.447378$ & $0.442675$ & $0.206458$ & $-0.638107$ & $-0.216805$ & $-0.253896$ & $0.683858$ & $0.150906$ & $-0.00255988$ & $0.0623801$ & $0.0291351$ & $-0.0589546$ & $0.0722846$ & $1$ & $-0.00183934$ & $0.0138895$ & $0.00912204$ & $0.0134305$ & $-0.0589916$ & $0.00420339$ & $-0.0107208$ & $0.00231901$ & $0.0291613$ & $0.00107752$ & $0.0559823$ & $-0.0543156$ & $0.00970437$ & $0.0106443$ & $0.0244481$ \\
eHggint & $0.047178$ & $-0.00696774$ & $0.0415332$ & $-0.0502601$ & $0.000735251$ & $0.0130225$ & $-0.0244005$ & $-0.0139008$ & $-0.0325595$ & $0.0419007$ & $0.0289182$ & $0.105323$ & $0.0299304$ & $-0.0336769$ & $-0.0115365$ & $0.00190075$ & $-0.0292372$ & $-0.0185683$ & $-0.0279912$ & $-0.028389$ & $-0.0291748$ & $-0.0254954$ & $-0.00368646$ & $-0.0114405$ & $-0.0312058$ & $0.0167733$ & $-0.0152938$ & $-0.00888143$ & $-0.0403055$ & $-0.0454183$ & $0.0181702$ & $0.0555691$ & $0.0136683$ & $-0.00183934$ & $1$ & $0.16879$ & $0.0598864$ & $0.0133304$ & $0.066847$ & $-0.00938494$ & $-0.0431582$ & $0.0149538$ & $-0.0204788$ & $-0.0875393$ & $0.062616$ & $0.0152852$ & $0.0956815$ & $-0.0368756$ & $0.188474$ \\
eHggpar & $-0.075028$ & $0.015615$ & $0.0338585$ & $-0.0338122$ & $-0.0036233$ & $0.0015684$ & $-0.0269174$ & $0.00855177$ & $-0.00729847$ & $0.016947$ & $0.00723013$ & $0.0660507$ & $0.0232599$ & $-0.028097$ & $-0.00673005$ & $-0.00956957$ & $-0.0265425$ & $-0.0246531$ & $-0.0212999$ & $-0.00771962$ & $-0.00446565$ & $-0.00386208$ & $0.0223794$ & $-0.0210441$ & $-0.00795$ & $-0.00229331$ & $0.0239955$ & $0.0170356$ & $-0.00318368$ & $-0.0280132$ & $0.0365748$ & $0.0253902$ & $0.0374212$ & $0.0138895$ & $0.16879$ & $1$ & $-0.0691598$ & $0.00201247$ & $-0.224601$ & $-0.00853839$ & $0.0465982$ & $0.0176308$ & $-0.103494$ & $-0.393706$ & $-0.123845$ & $0.177694$ & $0.0721839$ & $0.333602$ & $-0.00697224$ \\
eHWWint & $0.348944$ & $0.132936$ & $-0.0841485$ & $-0.00662758$ & $-0.00194056$ & $-0.00830474$ & $0.0318702$ & $0.00269249$ & $-0.0117951$ & $0.018442$ & $-0.0157209$ & $-0.00186741$ & $-0.00369918$ & $0.0236118$ & $-0.00215934$ & $-0.0174693$ & $0.017499$ & $0.0165215$ & $0.0274921$ & $0.0131385$ & $0.016581$ & $0.0170865$ & $0.0170059$ & $-0.0114451$ & $-0.00300229$ & $-0.029781$ & $0.0171818$ & $0.00665267$ & $-0.0124524$ & $-0.165619$ & $-0.175125$ & $-0.00331491$ & $-0.217112$ & $0.00912204$ & $0.0598864$ & $-0.0691598$ & $1$ & $0.0271669$ & $0.234404$ & $0.00679766$ & $-0.181028$ & $0.00647087$ & $-0.087453$ & $0.00252662$ & $0.208238$ & $0.126305$ & $-0.255686$ & $-0.27834$ & $0.0540421$ \\
eHWWpar & $0.0280712$ & $-0.00177263$ & $-0.00961584$ & $-0.0186959$ & $0.00444987$ & $-0.00645407$ & $0.00964071$ & $0.00923694$ & $0.00938369$ & $-0.00348807$ & $-0.0103112$ & $-0.00759482$ & $0.000838606$ & $-5.82978e-05$ & $-0.00492592$ & $0.000643459$ & $0.00560088$ & $0.00418099$ & $-0.00074051$ & $0.00910254$ & $0.0113537$ & $0.0112357$ & $0.0073894$ & $-0.00708971$ & $0.000697264$ & $-0.0144342$ & $0.0086633$ & $0.00367126$ & $-0.00696257$ & $-0.0227413$ & $-0.0141886$ & $0.00254555$ & $-0.0347312$ & $0.0134305$ & $0.0133304$ & $0.00201247$ & $0.0271669$ & $1$ & $0.0324123$ & $0.0211544$ & $-0.031306$ & $-0.00567009$ & $0.00704607$ & $-0.0164799$ & $0.0220991$ & $0.0182209$ & $-0.0165147$ & $-0.00402287$ & $-0.0063314$ \\
eHZZint & $0.151708$ & $0.243081$ & $0.0160367$ & $0.167007$ & $-0.0072548$ & $-0.00948325$ & $0.0245533$ & $-0.0524369$ & $-0.0544172$ & $0.0290143$ & $0.0182653$ & $-0.0243324$ & $-0.0333022$ & $0.0423538$ & $0.0333011$ & $0.0226467$ & $0.0532767$ & $0.0356545$ & $0.0437254$ & $-0.00884002$ & $-0.0213918$ & $-0.0209043$ & $-0.0150896$ & $0.0593968$ & $0.00544551$ & $-0.0103317$ & $-0.0858368$ & $-0.0101705$ & $0.00523832$ & $-0.0433892$ & $-0.0730558$ & $0.0191258$ & $-0.13746$ & $-0.0589916$ & $0.066847$ & $-0.224601$ & $0.234404$ & $0.0324123$ & $1$ & $-0.0327813$ & $0.110134$ & $0.0101925$ & $-0.000726153$ & $0.0501373$ & $0.330902$ & $-0.0661427$ & $-0.0977605$ & $-0.170032$ & $-0.120303$ \\
eHZZpar & $0.00246762$ & $0.000731318$ & $-0.0199493$ & $0.00517772$ & $0.00148653$ & $0.00204028$ & $0.0046$ & $0.0018758$ & $0.00252542$ & $-0.00190237$ & $-0.00333014$ & $-0.0132908$ & $-0.0074744$ & $8.45717e-06$ & $-0.00175969$ & $-0.000183586$ & $0.00500121$ & $0.00334242$ & $0.00168025$ & $0.00307637$ & $0.00347506$ & $0.00336851$ & $0.00365945$ & $0.000836943$ & $0.00861603$ & $5.75829e-05$ & $0.0120579$ & $-0.010168$ & $0.0043797$ & $-0.0103349$ & $-0.00719626$ & $0.00435385$ & $-0.00357284$ & $0.00420339$ & $-0.00938494$ & $-0.00853839$ & $0.00679766$ & $0.0211544$ & $-0.0327813$ & $1$ & $-0.0150141$ & $-0.00273897$ & $0.0220644$ & $0.0210419$ & $-0.0133735$ & $0.0094908$ & $-0.0195482$ & $-0.00949079$ & $0.0320751$ \\
eHZgaint & $-0.156262$ & $0.185297$ & $-0.000458259$ & $0.252914$ & $0.00446345$ & $0.0165688$ & $0.0176496$ & $-0.0132508$ & $-0.00829639$ & $-0.0450551$ & $0.0151353$ & $-0.0332733$ & $-0.00272205$ & $-0.00430354$ & $0.00778043$ & $0.0101298$ & $-0.0108032$ & $-0.0105917$ & $-0.0104547$ & $-0.00962858$ & $-0.0125089$ & $-0.0112173$ & $0.000916725$ & $0.0162609$ & $-0.00501704$ & $0.00402214$ & $-0.0193493$ & $0.000939968$ & $-0.00154752$ & $0.0257358$ & $0.0580905$ & $0.0257754$ & $0.0512391$ & $-0.0107208$ & $-0.0431582$ & $0.0465982$ & $-0.181028$ & $-0.031306$ & $0.110134$ & $-0.0150141$ & $1$ & $0.0018141$ & $0.047067$ & $-0.113663$ & $-0.0697215$ & $-0.10297$ & $0.140128$ & $0.149983$ & $-0.0290345$ \\
eHZgapar & $-0.00323056$ & $0.0261442$ & $-0.0129547$ & $-0.0182167$ & $0.00986345$ & $0.003543$ & $0.000534726$ & $-0.00249792$ & $-0.00528143$ & $-0.00312481$ & $0.00356531$ & $0.000990803$ & $0.00169251$ & $-0.00635316$ & $-0.002537$ & $-0.0129043$ & $0.000887165$ & $-0.00165178$ & $0.00578907$ & $-0.00334354$ & $-0.00179306$ & $-0.00358028$ & $-0.00456498$ & $-0.00194454$ & $0.00587681$ & $0.0073187$ & $0.0102144$ & $0.00275747$ & $-0.00251758$ & $-0.00470372$ & $-0.0122631$ & $0.00221073$ & $0.00096269$ & $0.00231901$ & $0.0149538$ & $0.0176308$ & $0.00647087$ & $-0.00567009$ & $0.0101925$ & $-0.00273897$ & $0.0018141$ & $1$ & $-0.0218532$ & $0.00205053$ & $0.0173844$ & $-0.0403288$ & $-0.0093932$ & $0.00388568$ & $0.0148275$ \\
eHgagaint & $0.0606252$ & $-0.0442008$ & $0.108076$ & $0.127338$ & $-0.00269925$ & $-0.00501286$ & $-0.0320558$ & $0.0247319$ & $0.0761629$ & $-0.0245854$ & $-0.0115308$ & $-0.0192454$ & $0.0121439$ & $-0.0144382$ & $-0.0144833$ & $-0.0296663$ & $-0.020377$ & $-0.0161742$ & $-0.00295244$ & $0.00642977$ & $0.015816$ & $0.0146028$ & $0.0175136$ & $-0.0276188$ & $-0.00641708$ & $-0.00750497$ & $0.0511826$ & $0.0134058$ & $0.00797763$ & $0.0335725$ & $0.00256468$ & $-0.0365706$ & $-0.0129422$ & $0.0291613$ & $-0.0204788$ & $-0.103494$ & $-0.087453$ & $0.00704607$ & $-0.000726153$ & $0.0220644$ & $0.047067$ & $-0.0218532$ & $1$ & $0.0924659$ & $0.227931$ & $-0.0337928$ & $-0.00728236$ & $-0.144662$ & $-0.047052$ \\
eHmumuint & $0.119618$ & $-0.20982$ & $0.114875$ & $0.127413$ & $0.00801961$ & $0.00223604$ & $0.0146983$ & $-0.00980465$ & $-0.000416993$ & $-0.00619295$ & $0.00743451$ & $-0.035279$ & $-0.0235736$ & $0.0117824$ & $-0.0240695$ & $-0.0171841$ & $0.0090661$ & $0.0257049$ & $0.0198563$ & $-0.0136542$ & $-0.00958455$ & $-0.00964738$ & $-0.0111076$ & $0.00794021$ & $0.00681748$ & $0.0105439$ & $0.0020153$ & $-0.0140662$ & $0.00433694$ & $0.0118018$ & $0.000340195$ & $-0.00914277$ & $0.000474316$ & $0.00107752$ & $-0.0875393$ & $-0.393706$ & $0.00252662$ & $-0.0164799$ & $0.0501373$ & $0.0210419$ & $-0.113663$ & $0.00205053$ & $0.0924659$ & $1$ & $-0.0513269$ & $-0.134635$ & $-0.0197335$ & $-0.0478883$ & $-0.0221578$ \\
eHtautauint & $0.097511$ & $0.0295552$ & $-0.0820438$ & $0.0209679$ & $0.00993045$ & $-0.0415311$ & $-0.0133689$ & $0.057101$ & $0.0649366$ & $-0.0266115$ & $-0.0543644$ & $-0.0175874$ & $0.0176181$ & $0.0090271$ & $-0.00626067$ & $-0.017374$ & $0.00169161$ & $-0.00651692$ & $0.00283567$ & $0.0474039$ & $0.0590353$ & $0.0580234$ & $0.034754$ & $-0.0439916$ & $0.00468721$ & $-0.0462259$ & $0.0747381$ & $0.014509$ & $0.00879283$ & $0.0280937$ & $-0.0479969$ & $-0.0185953$ & $-0.0369636$ & $0.0559823$ & $0.062616$ & $-0.123845$ & $0.208238$ & $0.0220991$ & $0.330902$ & $-0.0133735$ & $-0.0697215$ & $0.0173844$ & $0.227931$ & $-0.0513269$ & $1$ & $-0.249698$ & $-0.0121068$ & $-0.0794352$ & $0.0296123$ \\
eHccint & $-0.112212$ & $-0.136586$ & $0.0223668$ & $-0.378148$ & $-0.00299771$ & $0.00780932$ & $-0.0418023$ & $-0.0137552$ & $-0.0208637$ & $0.0229434$ & $0.00691024$ & $0.0285679$ & $0.00759934$ & $0.00828432$ & $0.0428565$ & $0.0484895$ & $0.00762018$ & $-0.00916929$ & $-0.0145643$ & $-0.00105411$ & $-0.016384$ & $-0.0170878$ & $-0.0344188$ & $0.0267496$ & $-0.01752$ & $0.0158852$ & $-0.0815899$ & $-0.0127788$ & $-0.0114215$ & $-0.0450078$ & $-0.0246348$ & $-0.042729$ & $-0.101414$ & $-0.0543156$ & $0.0152852$ & $0.177694$ & $0.126305$ & $0.0182209$ & $-0.0661427$ & $0.0094908$ & $-0.10297$ & $-0.0403288$ & $-0.0337928$ & $-0.134635$ & $-0.249698$ & $1$ & $-0.173891$ & $-0.174424$ & $-0.134702$ \\
eHccpar & $0.0128176$ & $-0.140219$ & $-0.000703613$ & $0.0772877$ & $0.00452504$ & $-0.00493264$ & $-0.0312172$ & $0.00182541$ & $0.00144084$ & $-0.00660981$ & $0.00460008$ & $0.0128085$ & $0.0162113$ & $-0.00348988$ & $-0.0206282$ & $-0.0130448$ & $-0.0098421$ & $0.00440826$ & $0.000212834$ & $-0.00986712$ & $-0.00504989$ & $-0.00469238$ & $0.00196683$ & $-0.00728375$ & $0.000733378$ & $0.0114577$ & $0.0157853$ & $0.0058835$ & $7.87333e-05$ & $0.0499125$ & $0.376607$ & $-0.00868775$ & $0.0454442$ & $0.00970437$ & $0.0956815$ & $0.0721839$ & $-0.255686$ & $-0.0165147$ & $-0.0977605$ & $-0.0195482$ & $0.140128$ & $-0.0093932$ & $-0.00728236$ & $-0.0197335$ & $-0.0121068$ & $-0.173891$ & $1$ & $0.273895$ & $-0.146513$ \\
eHbbint & $-0.176849$ & $0.0695638$ & $-0.209197$ & $-0.0739502$ & $-0.00170067$ & $0.00868508$ & $0.0115721$ & $-0.00526476$ & $-0.011269$ & $-0.0027628$ & $0.00712979$ & $0.00493159$ & $-0.00499574$ & $-0.00099159$ & $-0.0145868$ & $-0.00503937$ & $-0.00564918$ & $0.00549526$ & $-0.00190988$ & $-0.00777831$ & $-0.00459717$ & $-0.00356976$ & $0.00374038$ & $0.00056789$ & $0.0183419$ & $0.00791134$ & $0.0119433$ & $-0.00477463$ & $0.0071767$ & $0.0500815$ & $0.123611$ & $0.0376863$ & $0.156839$ & $0.0106443$ & $-0.0368756$ & $0.333602$ & $-0.27834$ & $-0.00402287$ & $-0.170032$ & $-0.00949079$ & $0.149983$ & $0.00388568$ & $-0.144662$ & $-0.0478883$ & $-0.0794352$ & $-0.174424$ & $0.273895$ & $1$ & $-0.102508$ \\
eHbbpar & $-0.139421$ & $-0.0287221$ & $-0.226362$ & $0.106976$ & $-0.00548757$ & $0.00527831$ & $0.0117741$ & $0.0102941$ & $0.00635624$ & $-0.0158306$ & $0.0073408$ & $0.0139726$ & $0.0130198$ & $-0.0303159$ & $-0.0223668$ & $-0.0210053$ & $-0.0315487$ & $-0.0189548$ & $-0.0196656$ & $-0.010591$ & $-0.00460243$ & $-0.00492213$ & $0.0132861$ & $-0.0242284$ & $-0.000890447$ & $0.00822207$ & $0.0366476$ & $-0.0126727$ & $-0.00755234$ & $-0.0127144$ & $-0.0767045$ & $0.0274665$ & $0.327341$ & $0.0244481$ & $0.188474$ & $-0.00697224$ & $0.0540421$ & $-0.0063314$ & $-0.120303$ & $0.0320751$ & $-0.0290345$ & $0.0148275$ & $-0.047052$ & $-0.0221578$ & $0.0296123$ & $-0.134702$ & $-0.146513$ & $-0.102508$ & $1$ \\
