 & AlsMz & dAle5Mz & mtop & mHl & Mz & CW & CHG & CHWB & CHWHB_gaga & CHWHB_gagaorth & CHD & CHbox & CH & CHL1_11 & CHL1_22 & CHL1_33 & CHL3_11 & CHL3_22 & CHL3_33 & CHe_11 & CHe_22 & CHe_33 & CHQ1_11 & CHQ1_33 & CHQ3_11 & CHu_11 & CHd_11 & CHd_33 & CeH_22r & CeH_33r & CuH_22r & CuH_33r & CdH_33r & CLL_1221 & eHggint & eHggpar & eHWWint & eHWWpar & eHZZint & eHZZpar & eHZgaint & eHZgapar & eHgagaint & eHmumuint & eHtautauint & eHccint & eHccpar & eHbbint & eHbbpar \\
AlsMz & $1$ & $0.0637124$ & $-0.0452705$ & $0.00302885$ & $-0.0465399$ & $-0.0273823$ & $0.0356205$ & $0.0314067$ & $0.0406399$ & $-0.0138498$ & $-0.0568129$ & $-0.0393458$ & $-0.00877453$ & $0.0490091$ & $0.0480598$ & $0.0373612$ & $0.0245266$ & $-0.00206985$ & $0.0115136$ & $0.0527517$ & $0.0449365$ & $0.049368$ & $-0.0396093$ & $-0.0411115$ & $-0.124184$ & $-0.0597118$ & $-0.0598304$ & $0.0316398$ & $-0.00923699$ & $0.0369802$ & $0.000446098$ & $0.0186399$ & $0.076497$ & $-0.0147919$ & $-0.0945687$ & $-0.112256$ & $-0.134348$ & $-0.0220649$ & $0.047697$ & $0.0150829$ & $0.108958$ & $-0.0732248$ & $0.133554$ & $0.0112586$ & $-0.0532692$ & $-0.0203659$ & $0.0400564$ & $-0.0131867$ & $0.164985$ \\
dAle5Mz & $0.0637124$ & $1$ & $0.0838043$ & $-0.109347$ & $0.00386019$ & $0.0030753$ & $-0.0153147$ & $-0.0768792$ & $-0.0757273$ & $0.0510759$ & $0.0531419$ & $0.053961$ & $-0.0325139$ & $-0.00954017$ & $-0.0196626$ & $-0.0206321$ & $0.034383$ & $0.0304509$ & $0.0278211$ & $-0.0320459$ & $-0.0277505$ & $-0.0281032$ & $0.017448$ & $0.0340075$ & $0.0192222$ & $-0.00333451$ & $-0.0081355$ & $-0.0108773$ & $-0.0351604$ & $-0.031288$ & $-0.0389642$ & $-0.0121381$ & $-0.0305197$ & $0.0163712$ & $0.109084$ & $0.0452869$ & $0.00631899$ & $0.0411161$ & $-0.0325941$ & $0.00873745$ & $-0.115168$ & $-0.0354919$ & $0.0528044$ & $-0.132468$ & $0.0571829$ & $0.0587866$ & $0.0055394$ & $0.0428912$ & $-0.00882368$ \\
mtop & $-0.0452705$ & $0.0838043$ & $1$ & $-0.0414124$ & $0.0306669$ & $-0.0203893$ & $0.0169047$ & $-0.0216492$ & $-0.0120997$ & $0.0128892$ & $0.028395$ & $0.0396419$ & $0.0203665$ & $-0.0161498$ & $0.00576183$ & $-0.00526429$ & $0.000482067$ & $-0.00626958$ & $0.00385196$ & $-0.0145019$ & $-0.0156299$ & $-0.0211724$ & $-0.0023802$ & $0.0172216$ & $-0.00466584$ & $0.0164366$ & $-0.0209863$ & $-0.0330838$ & $-0.0111615$ & $0.0417015$ & $-0.028119$ & $0.0210655$ & $0.0273681$ & $-0.016619$ & $0.000676451$ & $-0.0657519$ & $-0.0322471$ & $-0.0202111$ & $-0.0528366$ & $0.0363086$ & $0.157729$ & $-0.0074141$ & $0.0520614$ & $0.0102614$ & $0.0719659$ & $0.0436032$ & $-0.0356396$ & $0.0803649$ & $-0.0783978$ \\
mHl & $0.00302885$ & $-0.109347$ & $-0.0414124$ & $1$ & $-0.0493486$ & $0.0144655$ & $0.00851865$ & $-0.00386793$ & $-0.00655059$ & $-0.000824624$ & $0.0130963$ & $-0.0111678$ & $0.00217426$ & $-0.0107684$ & $-0.0282307$ & $-0.0104153$ & $-0.0161946$ & $0.00336678$ & $-0.0108676$ & $-0.0207521$ & $-0.0148549$ & $-0.0152886$ & $-0.00607171$ & $-0.016269$ & $-0.00802338$ & $0.0276107$ & $0.00466408$ & $0.0298932$ & $0.00535291$ & $0.0368172$ & $0.0242842$ & $0.00861831$ & $0.0592831$ & $0.0136877$ & $-0.0572891$ & $-0.207086$ & $-0.241899$ & $-0.018368$ & $0.130122$ & $0.00163043$ & $0.0806342$ & $0.029969$ & $-0.160908$ & $-0.0778056$ & $-0.0864436$ & $-0.062214$ & $0.00613752$ & $-0.0891107$ & $0.0535661$ \\
Mz & $-0.0465399$ & $0.00386019$ & $0.0306669$ & $-0.0493486$ & $1$ & $0.0220509$ & $0.00442148$ & $-0.0160128$ & $-0.0139447$ & $0.0138061$ & $0.0211075$ & $0.0291637$ & $-0.00625083$ & $0.0176001$ & $0.0125135$ & $-0.0359439$ & $-0.00921292$ & $-0.00688185$ & $0.0311649$ & $-0.0131424$ & $-0.00911502$ & $-0.0111085$ & $-0.00478614$ & $0.0115425$ & $0.0156744$ & $0.0173005$ & $0.00113699$ & $-0.0157837$ & $-0.0117637$ & $0.0170916$ & $0.028773$ & $0.0105408$ & $0.00184151$ & $-0.03625$ & $0.00912979$ & $0.0119462$ & $0.0466334$ & $-0.000190933$ & $0.0135748$ & $0.0658777$ & $-0.031771$ & $0.0254988$ & $-0.0196346$ & $-0.0332559$ & $0.0122907$ & $0.0734543$ & $0.0211052$ & $0.00634594$ & $-0.0394048$ \\
CW & $-0.0273823$ & $0.0030753$ & $-0.0203893$ & $0.0144655$ & $0.0220509$ & $1$ & $0.0224797$ & $-0.129743$ & $-0.123773$ & $0.0098458$ & $0.192234$ & $0.0476234$ & $-0.00150966$ & $0.0112317$ & $-0.0990538$ & $-0.121686$ & $-0.268171$ & $-0.0477173$ & $-0.0361242$ & $-0.192091$ & $-0.192172$ & $-0.189913$ & $-0.0360502$ & $0.0020155$ & $-0.0723193$ & $0.147786$ & $-0.0459382$ & $-0.0416954$ & $0.0232177$ & $0.00634412$ & $0.00278627$ & $0.0220529$ & $0.00536241$ & $-0.107001$ & $-0.045718$ & $0.0248163$ & $0.00845749$ & $-0.0243784$ & $0.0088911$ & $-0.0214203$ & $0.0150644$ & $-0.0105033$ & $-0.00923295$ & $0.0081095$ & $0.052793$ & $0.0265755$ & $0.00174729$ & $-0.00382411$ & $-0.0144502$ \\
CHG & $0.0356205$ & $-0.0153147$ & $0.0169047$ & $0.00851865$ & $0.00442148$ & $0.0224797$ & $1$ & $-0.0630644$ & $-0.00834789$ & $0.0506057$ & $0.0357507$ & $0.0383242$ & $-0.240037$ & $0.0394738$ & $0.00195385$ & $0.000685454$ & $0.0494978$ & $0.0527398$ & $0.0526041$ & $-0.033414$ & $-0.0397216$ & $-0.0421916$ & $-0.0287192$ & $0.062394$ & $0.0421703$ & $0.0424608$ & $-0.0478503$ & $-0.0134862$ & $0.000260777$ & $-0.103483$ & $-0.0770055$ & $0.93203$ & $-0.11877$ & $-0.0544131$ & $-0.0286215$ & $-0.0122201$ & $-0.00470194$ & $-0.00860071$ & $0.00189155$ & $0.029385$ & $0.00909571$ & $-0.00160597$ & $-0.00107457$ & $0.0259767$ & $0.00510353$ & $-0.0197493$ & $-0.0293759$ & $-0.0240642$ & $-0.00636997$ \\
CHWB & $0.0314067$ & $-0.0768792$ & $-0.0216492$ & $-0.00386793$ & $-0.0160128$ & $-0.129743$ & $-0.0630644$ & $1$ & $0.983231$ & $-0.562774$ & $-0.884369$ & $-0.326541$ & $0.282574$ & $0.117068$ & $0.273057$ & $0.305378$ & $-0.221068$ & $-0.410318$ & $-0.428286$ & $0.855192$ & $0.90153$ & $0.885898$ & $0.075072$ & $-0.676397$ & $-0.38$ & $-0.520722$ & $0.429974$ & $0.298892$ & $0.0164786$ & $0.0851793$ & $0.0235337$ & $-0.0646385$ & $0.0955412$ & $0.579721$ & $-0.0354276$ & $-0.017569$ & $-0.0104067$ & $-0.0275055$ & $-0.00745569$ & $0.0047729$ & $0.00797074$ & $-0.00451408$ & $0.0183996$ & $0.00255372$ & $-0.0137376$ & $-0.0346209$ & $0.0305201$ & $-0.0350153$ & $0.0353389$ \\
CHWHB_gaga & $0.0406399$ & $-0.0757273$ & $-0.0120997$ & $-0.00655059$ & $-0.0139447$ & $-0.123773$ & $-0.00834789$ & $0.983231$ & $1$ & $-0.555785$ & $-0.863751$ & $-0.303987$ & $0.278767$ & $0.104537$ & $0.264783$ & $0.301651$ & $-0.229742$ & $-0.411506$ & $-0.431955$ & $0.83563$ & $0.880971$ & $0.867313$ & $0.0696556$ & $-0.672639$ & $-0.385795$ & $-0.506069$ & $0.420057$ & $0.292096$ & $0.0213878$ & $0.105942$ & $0.032255$ & $-0.0212786$ & $0.118052$ & $0.572621$ & $-0.0513779$ & $-0.0351825$ & $-0.0102535$ & $-0.0302012$ & $-0.0128425$ & $0.0105031$ & $0.0117996$ & $-0.0064298$ & $0.0841776$ & $0.00946363$ & $-0.0094836$ & $-0.0391059$ & $0.028548$ & $-0.0243931$ & $0.0358463$ \\
CHWHB_gagaorth & $-0.0138498$ & $0.0510759$ & $0.0128892$ & $-0.000824624$ & $0.0138061$ & $0.0098458$ & $0.0506057$ & $-0.562774$ & $-0.555785$ & $1$ & $0.343088$ & $0.670095$ & $-0.203713$ & $0.247274$ & $-0.103611$ & $-0.120264$ & $0.439948$ & $0.496056$ & $0.497792$ & $-0.329021$ & $-0.360951$ & $-0.356263$ & $-0.0408663$ & $0.570727$ & $0.487795$ & $0.197339$ & $-0.226569$ & $-0.12657$ & $-0.0106635$ & $-0.114399$ & $-0.0556581$ & $0.0763918$ & $-0.120359$ & $-0.360318$ & $0.0492135$ & $0.0267767$ & $-0.0115589$ & $0.02869$ & $-0.00542697$ & $-0.0310694$ & $-0.0367481$ & $0.00784201$ & $-0.0474623$ & $0.00334716$ & $0.0337955$ & $0.0347873$ & $-0.0225485$ & $-0.0207997$ & $-0.0149207$ \\
CHD & $-0.0568129$ & $0.0531419$ & $0.028395$ & $0.0130963$ & $0.0211075$ & $0.192234$ & $0.0357507$ & $-0.884369$ & $-0.863751$ & $0.343088$ & $1$ & $0.314039$ & $-0.146285$ & $-0.51992$ & $-0.406202$ & $-0.420565$ & $-0.223934$ & $0.0559446$ & $0.0711684$ & $-0.990523$ & $-0.99113$ & $-0.96998$ & $-0.029441$ & $0.321898$ & $0.0158342$ & $0.581679$ & $-0.301693$ & $-0.330202$ & $0.00583877$ & $-0.0571411$ & $-0.0115503$ & $0.0388358$ & $-0.0655341$ & $-0.380473$ & $0.0284131$ & $0.0059278$ & $0.0255661$ & $0.0249162$ & $0.0107583$ & $-0.00354847$ & $0.0076024$ & $0.00876684$ & $-0.00363956$ & $-0.00501214$ & $-0.000477698$ & $0.0208058$ & $-0.0453598$ & $0.0482453$ & $-0.0399645$ \\
CHbox & $-0.0393458$ & $0.053961$ & $0.0396419$ & $-0.0111678$ & $0.0291637$ & $0.0476234$ & $0.0383242$ & $-0.326541$ & $-0.303987$ & $0.670095$ & $0.314039$ & $1$ & $-0.167513$ & $-0.0926795$ & $-0.0414515$ & $-0.0591552$ & $0.00329248$ & $0.0566418$ & $0.0701184$ & $-0.291427$ & $-0.325376$ & $-0.315541$ & $-0.0480018$ & $0.205383$ & $0.0700869$ & $0.208141$ & $-0.169856$ & $-0.111989$ & $0.022339$ & $0.148119$ & $0.0141088$ & $0.117964$ & $0.15885$ & $-0.231317$ & $0.0907491$ & $0.0320604$ & $-0.00126799$ & $0.0354415$ & $0.00760658$ & $-0.0228235$ & $-0.0111478$ & $0.0213625$ & $-0.0426045$ & $0.00602172$ & $0.00807788$ & $0.0204467$ & $-0.0325068$ & $-0.0271614$ & $-0.0288622$ \\
CH & $-0.00877453$ & $-0.0325139$ & $0.0203665$ & $0.00217426$ & $-0.00625083$ & $-0.00150966$ & $-0.240037$ & $0.282574$ & $0.278767$ & $-0.203713$ & $-0.146285$ & $-0.167513$ & $1$ & $-0.1706$ & $0.0399256$ & $0.0643489$ & $-0.281558$ & $-0.288479$ & $-0.3026$ & $0.141135$ & $0.155499$ & $0.154749$ & $0.0305443$ & $-0.310578$ & $-0.285816$ & $-0.101063$ & $0.112206$ & $0.0513075$ & $0.0590647$ & $0.220393$ & $0.0935321$ & $-0.200713$ & $0.274635$ & $0.186375$ & $-0.00100034$ & $0.0064243$ & $-0.0143947$ & $-0.00683135$ & $-0.0113288$ & $-0.00508416$ & $0.00614734$ & $-0.0250235$ & $0.00541493$ & $0.00758632$ & $-0.00855008$ & $0.00297008$ & $-0.00200518$ & $0.00791381$ & $0.0058279$ \\
CHL1_11 & $0.0490091$ & $-0.00954017$ & $-0.0161498$ & $-0.0107684$ & $0.0176001$ & $0.0112317$ & $0.0394738$ & $0.117068$ & $0.104537$ & $0.247274$ & $-0.51992$ & $-0.0926795$ & $-0.1706$ & $1$ & $0.286236$ & $0.269862$ & $0.652097$ & $0.591488$ & $0.582865$ & $0.539465$ & $0.479452$ & $0.462741$ & $-0.0606348$ & $0.455936$ & $0.582681$ & $-0.288487$ & $-0.0840996$ & $0.160065$ & $-0.0427267$ & $-0.0177986$ & $-0.0188026$ & $0.0380832$ & $-0.0237913$ & $-0.210664$ & $-0.0128851$ & $0.0358773$ & $-0.0266071$ & $-0.00729123$ & $1.71961e-06$ & $-0.00857679$ & $-0.0147113$ & $-0.00833293$ & $-0.0214256$ & $0.00167584$ & $0.0468033$ & $0.0347835$ & $0.050522$ & $-0.0480624$ & $0.0140877$ \\
CHL1_22 & $0.0480598$ & $-0.0196626$ & $0.00576183$ & $-0.0282307$ & $0.0125135$ & $-0.0990538$ & $0.00195385$ & $0.273057$ & $0.264783$ & $-0.103611$ & $-0.406202$ & $-0.0414515$ & $0.0399256$ & $0.286236$ & $1$ & $0.451769$ & $0.200107$ & $-0.435945$ & $-0.00903376$ & $0.471744$ & $0.321867$ & $0.318306$ & $-0.189504$ & $0.128602$ & $-0.122459$ & $-0.185185$ & $-0.409299$ & $0.11159$ & $-0.0156467$ & $0.0449267$ & $-0.00084628$ & $0.00631393$ & $0.047285$ & $-0.595963$ & $-0.0182121$ & $-0.0336641$ & $-0.016538$ & $-0.00426966$ & $-0.0228139$ & $0.0101347$ & $-0.0119145$ & $-0.0043035$ & $-0.0203902$ & $0.00114738$ & $0.0171651$ & $-0.0285127$ & $0.0454148$ & $-0.0199023$ & $0.0328248$ \\
CHL1_33 & $0.0373612$ & $-0.0206321$ & $-0.00526429$ & $-0.0104153$ & $-0.0359439$ & $-0.121686$ & $0.000685454$ & $0.305378$ & $0.301651$ & $-0.120264$ & $-0.420565$ & $-0.0591552$ & $0.0643489$ & $0.269862$ & $0.451769$ & $1$ & $0.157456$ & $-0.0378556$ & $-0.443606$ & $0.48353$ & $0.339796$ & $0.356009$ & $-0.157946$ & $0.0785634$ & $-0.153419$ & $-0.215009$ & $-0.38995$ & $0.127028$ & $-0.0130093$ & $0.00375928$ & $-9.74934e-06$ & $0.00694361$ & $0.0182273$ & $-0.0937301$ & $0.0053948$ & $0.00167735$ & $-0.00610316$ & $-0.0121314$ & $-0.0035614$ & $0.00271042$ & $0.0257455$ & $-0.0176809$ & $0.00301165$ & $0.00393402$ & $-0.0189908$ & $-0.027243$ & $0.0239451$ & $-0.0217965$ & $0.0207528$ \\
CHL3_11 & $0.0245266$ & $0.034383$ & $0.000482067$ & $-0.0161946$ & $-0.00921292$ & $-0.268171$ & $0.0494978$ & $-0.221068$ & $-0.229742$ & $0.439948$ & $-0.223934$ & $0.00329248$ & $-0.281558$ & $0.652097$ & $0.200107$ & $0.157456$ & $1$ & $0.717267$ & $0.730765$ & $0.248526$ & $0.190417$ & $0.178269$ & $-0.0497985$ & $0.66146$ & $0.76094$ & $-0.131596$ & $-0.154596$ & $0.0640868$ & $-0.0371996$ & $-0.0681195$ & $-0.0272332$ & $0.0406691$ & $-0.0679351$ & $-0.264726$ & $0.0217964$ & $0.00802726$ & $-0.0322285$ & $0.0021748$ & $-0.0146318$ & $0.00883105$ & $-0.0424539$ & $0.000508728$ & $-0.0316583$ & $0.0112142$ & $0.0158212$ & $0.0194232$ & $0.0165777$ & $-0.0108525$ & $0.0112242$ \\
CHL3_22 & $-0.00206985$ & $0.0304509$ & $-0.00626958$ & $0.00336678$ & $-0.00688185$ & $-0.0477173$ & $0.0527398$ & $-0.410318$ & $-0.411506$ & $0.496056$ & $0.0559446$ & $0.0566418$ & $-0.288479$ & $0.591488$ & $-0.435945$ & $-0.0378556$ & $0.717267$ & $1$ & $0.665571$ & $-0.0573883$ & $-0.0502855$ & $-0.0563485$ & $0.0353685$ & $0.604527$ & $0.783605$ & $0.0103384$ & $0.0140946$ & $-0.0155659$ & $-0.0329919$ & $-0.0868605$ & $-0.021875$ & $0.0471315$ & $-0.0912766$ & $0.032484$ & $0.0232583$ & $0.0480648$ & $-0.0136371$ & $0.00760838$ & $0.0074343$ & $-0.00665218$ & $-0.013935$ & $-0.00305996$ & $-0.0163971$ & $0.00636305$ & $0.0169035$ & $0.0466023$ & $-0.00248075$ & $-0.0109651$ & $-0.0185658$ \\
CHL3_33 & $0.0115136$ & $0.0278211$ & $0.00385196$ & $-0.0108676$ & $0.0311649$ & $-0.0361242$ & $0.0526041$ & $-0.428286$ & $-0.431955$ & $0.497792$ & $0.0711684$ & $0.0701184$ & $-0.3026$ & $0.582865$ & $-0.00903376$ & $-0.443606$ & $0.730765$ & $0.665571$ & $1$ & $-0.0715405$ & $-0.0666777$ & $-0.0658195$ & $0.0192262$ & $0.625145$ & $0.792925$ & $0.032046$ & $0.00904983$ & $-0.0291402$ & $-0.0358395$ & $-0.0511228$ & $-0.0234577$ & $0.0438893$ & $-0.0651933$ & $-0.354729$ & $0.0033893$ & $0.00783209$ & $-0.0233092$ & $0.0145909$ & $-0.0105195$ & $-0.00177633$ & $-0.0466059$ & $0.00693236$ & $-0.0272757$ & $0.00181007$ & $0.0414676$ & $0.05033$ & $0.0132596$ & $-0.00202154$ & $-0.0020188$ \\
CHe_11 & $0.0527517$ & $-0.0320459$ & $-0.0145019$ & $-0.0207521$ & $-0.0131424$ & $-0.192091$ & $-0.033414$ & $0.855192$ & $0.83563$ & $-0.329021$ & $-0.990523$ & $-0.291427$ & $0.141135$ & $0.539465$ & $0.471744$ & $0.48353$ & $0.248526$ & $-0.0573883$ & $-0.0715405$ & $1$ & $0.973133$ & $0.953166$ & $0.0060619$ & $-0.267357$ & $-0.00951504$ & $-0.573485$ & $0.227153$ & $0.325781$ & $-0.00986024$ & $0.05624$ & $0.0127885$ & $-0.0347477$ & $0.0648171$ & $0.302758$ & $-0.0243862$ & $-0.00630488$ & $-0.0240603$ & $-0.021503$ & $-0.0109675$ & $0.00551399$ & $-0.00543398$ & $-0.00941949$ & $0.0030376$ & $0.00154848$ & $0.000592989$ & $-0.0207225$ & $0.0463462$ & $-0.0484808$ & $0.0364421$ \\
CHe_22 & $0.0449365$ & $-0.0277505$ & $-0.0156299$ & $-0.0148549$ & $-0.00911502$ & $-0.192172$ & $-0.0397216$ & $0.90153$ & $0.880971$ & $-0.360951$ & $-0.99113$ & $-0.325376$ & $0.155499$ & $0.479452$ & $0.321867$ & $0.339796$ & $0.190417$ & $-0.0502855$ & $-0.0666777$ & $0.973133$ & $1$ & $0.974776$ & $0.0592016$ & $-0.377164$ & $-0.0194952$ & $-0.58455$ & $0.382447$ & $0.329925$ & $-0.00464095$ & $0.0574175$ & $0.0126669$ & $-0.0435091$ & $0.0656162$ & $0.465882$ & $-0.0228002$ & $-0.00859905$ & $-0.0257347$ & $-0.0231852$ & $-0.0114409$ & $0.0065625$ & $-0.0143551$ & $-0.0050417$ & $0.00629073$ & $0.001766$ & $-0.000158931$ & $-0.0153662$ & $0.0420061$ & $-0.0451351$ & $0.0362069$ \\
CHe_33 & $0.049368$ & $-0.0281032$ & $-0.0211724$ & $-0.0152886$ & $-0.0111085$ & $-0.189913$ & $-0.0421916$ & $0.885898$ & $0.867313$ & $-0.356263$ & $-0.96998$ & $-0.315541$ & $0.154749$ & $0.462741$ & $0.318306$ & $0.356009$ & $0.178269$ & $-0.0563485$ & $-0.0658195$ & $0.953166$ & $0.974776$ & $1$ & $0.0602128$ & $-0.374085$ & $-0.0230199$ & $-0.572448$ & $0.377106$ & $0.327187$ & $-0.00536213$ & $0.0582778$ & $0.0129721$ & $-0.0485084$ & $0.0659207$ & $0.457987$ & $-0.0325588$ & $-0.00731315$ & $-0.0218573$ & $-0.0217453$ & $-0.0156609$ & $0.00644994$ & $-0.0182235$ & $-0.0105056$ & $0.0125311$ & $-0.00756994$ & $-0.0029417$ & $-0.0133393$ & $0.0427946$ & $-0.0379261$ & $0.0387826$ \\
CHQ1_11 & $-0.0396093$ & $0.017448$ & $-0.0023802$ & $-0.00607171$ & $-0.00478614$ & $-0.0360502$ & $-0.0287192$ & $0.075072$ & $0.0696556$ & $-0.0408663$ & $-0.029441$ & $-0.0480018$ & $0.0305443$ & $-0.0606348$ & $-0.189504$ & $-0.157946$ & $-0.0497985$ & $0.0353685$ & $0.0192262$ & $0.0060619$ & $0.0592016$ & $0.0602128$ & $1$ & $-0.126941$ & $0.104552$ & $-0.674894$ & $0.355245$ & $0.00373255$ & $0.0071832$ & $-0.0140967$ & $-0.0153631$ & $-0.0376772$ & $-0.0278656$ & $0.221521$ & $0.0444287$ & $-0.00871851$ & $-0.0195684$ & $0.00509105$ & $-0.00330019$ & $0.0474483$ & $-0.0118629$ & $0.00351705$ & $-0.00744896$ & $-0.00873615$ & $0.00325552$ & $0.0170474$ & $0.0193722$ & $0.00587122$ & $-0.0175896$ \\
CHQ1_33 & $-0.0411115$ & $0.0340075$ & $0.0172216$ & $-0.016269$ & $0.0115425$ & $0.0020155$ & $0.062394$ & $-0.676397$ & $-0.672639$ & $0.570727$ & $0.321898$ & $0.205383$ & $-0.310578$ & $0.455936$ & $0.128602$ & $0.0785634$ & $0.66146$ & $0.604527$ & $0.625145$ & $-0.267357$ & $-0.377164$ & $-0.374085$ & $-0.126941$ & $1$ & $0.625017$ & $0.201928$ & $-0.422075$ & $-0.0265804$ & $-0.0439963$ & $-0.080059$ & $-0.0267098$ & $0.0642327$ & $-0.104114$ & $-0.650033$ & $0.0336376$ & $0.0396379$ & $-0.00379015$ & $0.0201507$ & $0.0102342$ & $-0.00413222$ & $-0.00770585$ & $0.00484429$ & $-0.0351889$ & $0.00447169$ & $0.0368791$ & $0.0329096$ & $0.00206094$ & $-0.0064916$ & $-0.0393092$ \\
CHQ3_11 & $-0.124184$ & $0.0192222$ & $-0.00466584$ & $-0.00802338$ & $0.0156744$ & $-0.0723193$ & $0.0421703$ & $-0.38$ & $-0.385795$ & $0.487795$ & $0.0158342$ & $0.0700869$ & $-0.285816$ & $0.582681$ & $-0.122459$ & $-0.153419$ & $0.76094$ & $0.783605$ & $0.792925$ & $-0.00951504$ & $-0.0194952$ & $-0.0230199$ & $0.104552$ & $0.625017$ & $1$ & $0.00537776$ & $0.233433$ & $-0.00997886$ & $-0.0306576$ & $-0.0595773$ & $-0.010738$ & $0.0374247$ & $-0.076365$ & $-0.195207$ & $0.0316448$ & $0.0402792$ & $-0.0120826$ & $0.0114899$ & $-0.0103353$ & $-0.0177104$ & $-0.0501949$ & $0.00899552$ & $-0.0511564$ & $0.00723435$ & $0.0420185$ & $0.0401747$ & $0.00219153$ & $-0.0175033$ & $-0.0142367$ \\
CHu_11 & $-0.0597118$ & $-0.00333451$ & $0.0164366$ & $0.0276107$ & $0.0173005$ & $0.147786$ & $0.0424608$ & $-0.520722$ & $-0.506069$ & $0.197339$ & $0.581679$ & $0.208141$ & $-0.101063$ & $-0.288487$ & $-0.185185$ & $-0.215009$ & $-0.131596$ & $0.0103384$ & $0.032046$ & $-0.573485$ & $-0.58455$ & $-0.572448$ & $-0.674894$ & $0.201928$ & $0.00537776$ & $1$ & $-0.190053$ & $-0.191671$ & $0.0125903$ & $-0.0076892$ & $0.031103$ & $0.0487759$ & $-0.0051371$ & $-0.274695$ & $-0.0149839$ & $-0.00151255$ & $0.0202366$ & $0.0022063$ & $-0.00292381$ & $-0.0323168$ & $0.00319501$ & $0.0161845$ & $-0.0203721$ & $-0.0136689$ & $-0.00374018$ & $0.0100455$ & $-0.0437872$ & $0.0290489$ & $-0.0139471$ \\
CHd_11 & $-0.0598304$ & $-0.0081355$ & $-0.0209863$ & $0.00466408$ & $0.00113699$ & $-0.0459382$ & $-0.0478503$ & $0.429974$ & $0.420057$ & $-0.226569$ & $-0.301693$ & $-0.169856$ & $0.112206$ & $-0.0840996$ & $-0.409299$ & $-0.38995$ & $-0.154596$ & $0.0140946$ & $0.00904983$ & $0.227153$ & $0.382447$ & $0.377106$ & $0.355245$ & $-0.422075$ & $0.233433$ & $-0.190053$ & $1$ & $0.101099$ & $0.0212139$ & $0.0420345$ & $0.0306211$ & $-0.056265$ & $0.0310679$ & $0.68869$ & $-0.00148008$ & $0.00524873$ & $-0.0100615$ & $-0.0118485$ & $-0.00281122$ & $-0.0122236$ & $-0.016787$ & $0.0104142$ & $-0.00065804$ & $-0.00642661$ & $0.00953912$ & $0.00574791$ & $-0.00809387$ & $-0.0149325$ & $0.00815712$ \\
CHd_33 & $0.0316398$ & $-0.0108773$ & $-0.0330838$ & $0.0298932$ & $-0.0157837$ & $-0.0416954$ & $-0.0134862$ & $0.298892$ & $0.292096$ & $-0.12657$ & $-0.330202$ & $-0.111989$ & $0.0513075$ & $0.160065$ & $0.11159$ & $0.127028$ & $0.0640868$ & $-0.0155659$ & $-0.0291402$ & $0.325781$ & $0.329925$ & $0.327187$ & $0.00373255$ & $-0.0265804$ & $-0.00997886$ & $-0.191671$ & $0.101099$ & $1$ & $0.000899346$ & $0.0204683$ & $0.00310529$ & $-0.0121127$ & $-0.00364168$ & $0.151359$ & $-0.0145778$ & $0.021555$ & $-0.0143349$ & $0.0144599$ & $0.0125813$ & $-0.00967633$ & $-0.0274907$ & $-0.00967623$ & $0.00574463$ & $0.00164385$ & $-0.0245194$ & $0.00334651$ & $0.00803562$ & $-0.0276123$ & $-0.0220856$ \\
CeH_22r & $-0.00923699$ & $-0.0351604$ & $-0.0111615$ & $0.00535291$ & $-0.0117637$ & $0.0232177$ & $0.000260777$ & $0.0164786$ & $0.0213878$ & $-0.0106635$ & $0.00583877$ & $0.022339$ & $0.0590647$ & $-0.0427267$ & $-0.0156467$ & $-0.0130093$ & $-0.0371996$ & $-0.0329919$ & $-0.0358395$ & $-0.00986024$ & $-0.00464095$ & $-0.00536213$ & $0.0071832$ & $-0.0439963$ & $-0.0306576$ & $0.0125903$ & $0.0212139$ & $0.000899346$ & $1$ & $0.058194$ & $0.0452743$ & $-0.0170607$ & $0.0437454$ & $0.0266768$ & $0.00473473$ & $0.00461417$ & $-0.0559793$ & $0.0160898$ & $-0.00207058$ & $0.0114102$ & $0.0366291$ & $0.00230579$ & $-0.0189943$ & $-0.0261559$ & $-0.0200512$ & $0.00894325$ & $0.0188362$ & $0.00579084$ & $-0.00858964$ \\
CeH_33r & $0.0369802$ & $-0.031288$ & $0.0417015$ & $0.0368172$ & $0.0170916$ & $0.00634412$ & $-0.103483$ & $0.0851793$ & $0.105942$ & $-0.114399$ & $-0.0571411$ & $0.148119$ & $0.220393$ & $-0.0177986$ & $0.0449267$ & $0.00375928$ & $-0.0681195$ & $-0.0868605$ & $-0.0511228$ & $0.05624$ & $0.0574175$ & $0.0582778$ & $-0.0140967$ & $-0.080059$ & $-0.0595773$ & $-0.0076892$ & $0.0420345$ & $0.0204683$ & $0.058194$ & $1$ & $0.339458$ & $0.042124$ & $0.677124$ & $0.0208283$ & $-0.0641767$ & $-0.0741375$ & $-0.186574$ & $-0.0265908$ & $-0.0526056$ & $0.00779447$ & $-0.0247027$ & $-0.016034$ & $-0.0200479$ & $0.0406611$ & $0.094915$ & $-0.0211328$ & $0.0410117$ & $0.0279821$ & $0.0424032$ \\
CuH_22r & $0.000446098$ & $-0.0389642$ & $-0.028119$ & $0.0242842$ & $0.028773$ & $0.00278627$ & $-0.0770055$ & $0.0235337$ & $0.032255$ & $-0.0556581$ & $-0.0115503$ & $0.0141088$ & $0.0935321$ & $-0.0188026$ & $-0.00084628$ & $-9.74934e-06$ & $-0.0272332$ & $-0.021875$ & $-0.0234577$ & $0.0127885$ & $0.0126669$ & $0.0129721$ & $-0.0153631$ & $-0.0267098$ & $-0.010738$ & $0.031103$ & $0.0306211$ & $0.00310529$ & $0.0452743$ & $0.339458$ & $1$ & $0.0126069$ & $0.389841$ & $0.0147975$ & $-0.0313929$ & $-0.0169844$ & $-0.161344$ & $0.0039582$ & $0.00180344$ & $-0.0068427$ & $-0.00896106$ & $0.000399008$ & $-0.0391014$ & $-0.054097$ & $0.0308118$ & $0.0859068$ & $0.301129$ & $0.0307986$ & $0.0482214$ \\
CuH_33r & $0.0186399$ & $-0.0121381$ & $0.0210655$ & $0.00861831$ & $0.0105408$ & $0.0220529$ & $0.93203$ & $-0.0646385$ & $-0.0212786$ & $0.0763918$ & $0.0388358$ & $0.117964$ & $-0.200713$ & $0.0380832$ & $0.00631393$ & $0.00694361$ & $0.0406691$ & $0.0471315$ & $0.0438893$ & $-0.0347477$ & $-0.0435091$ & $-0.0485084$ & $-0.0376772$ & $0.0642327$ & $0.0374247$ & $0.0487759$ & $-0.056265$ & $-0.0121127$ & $-0.0170607$ & $0.042124$ & $0.0126069$ & $1$ & $0.0645738$ & $-0.0620616$ & $0.0453344$ & $0.0213274$ & $-0.0434124$ & $-0.0133672$ & $0.00435497$ & $0.0227458$ & $0.016184$ & $0.00629371$ & $-0.0151257$ & $0.0327882$ & $-0.00358849$ & $0.00108299$ & $-0.0216655$ & $-0.0184491$ & $-0.00124768$ \\
CdH_33r & $0.076497$ & $-0.0305197$ & $0.0273681$ & $0.0592831$ & $0.00184151$ & $0.00536241$ & $-0.11877$ & $0.0955412$ & $0.118052$ & $-0.120359$ & $-0.0655341$ & $0.15885$ & $0.274635$ & $-0.0237913$ & $0.047285$ & $0.0182273$ & $-0.0679351$ & $-0.0912766$ & $-0.0651933$ & $0.0648171$ & $0.0656162$ & $0.0659207$ & $-0.0278656$ & $-0.104114$ & $-0.076365$ & $-0.0051371$ & $0.0310679$ & $-0.00364168$ & $0.0437454$ & $0.677124$ & $0.389841$ & $0.0645738$ & $1$ & $0.0314648$ & $-0.0300314$ & $-0.10355$ & $-0.233858$ & $-0.0190257$ & $-0.0816913$ & $0.0072518$ & $-0.0280909$ & $-0.0521737$ & $-0.0301342$ & $0.0258113$ & $0.00975862$ & $0.0749462$ & $0.0969982$ & $0.142622$ & $0.439843$ \\
CLL_1221 & $-0.0147919$ & $0.0163712$ & $-0.016619$ & $0.0136877$ & $-0.03625$ & $-0.107001$ & $-0.0544131$ & $0.579721$ & $0.572621$ & $-0.360318$ & $-0.380473$ & $-0.231317$ & $0.186375$ & $-0.210664$ & $-0.595963$ & $-0.0937301$ & $-0.264726$ & $0.032484$ & $-0.354729$ & $0.302758$ & $0.465882$ & $0.457987$ & $0.221521$ & $-0.650033$ & $-0.195207$ & $-0.274695$ & $0.68869$ & $0.151359$ & $0.0266768$ & $0.0208283$ & $0.0147975$ & $-0.0620616$ & $0.0314648$ & $1$ & $-0.00349562$ & $0.0103142$ & $0.0043679$ & $-0.0168646$ & $0.00347074$ & $0.00243181$ & $0.0055094$ & $-8.24152e-05$ & $0.0341391$ & $-0.004772$ & $-0.0286191$ & $-0.00758703$ & $-0.0168934$ & $-0.001075$ & $0.00353315$ \\
eHggint & $-0.0945687$ & $0.109084$ & $0.000676451$ & $-0.0572891$ & $0.00912979$ & $-0.045718$ & $-0.0286215$ & $-0.0354276$ & $-0.0513779$ & $0.0492135$ & $0.0284131$ & $0.0907491$ & $-0.00100034$ & $-0.0128851$ & $-0.0182121$ & $0.0053948$ & $0.0217964$ & $0.0232583$ & $0.0033893$ & $-0.0243862$ & $-0.0228002$ & $-0.0325588$ & $0.0444287$ & $0.0336376$ & $0.0316448$ & $-0.0149839$ & $-0.00148008$ & $-0.0145778$ & $0.00473473$ & $-0.0641767$ & $-0.0313929$ & $0.0453344$ & $-0.0300314$ & $-0.00349562$ & $1$ & $-0.103838$ & $-0.0188884$ & $0.00858387$ & $0.0522597$ & $-0.0367919$ & $0.0784832$ & $0.0746516$ & $0.0361577$ & $-0.0887452$ & $-0.13618$ & $0.128107$ & $-0.0891023$ & $-0.00447975$ & $0.0426956$ \\
eHggpar & $-0.112256$ & $0.0452869$ & $-0.0657519$ & $-0.207086$ & $0.0119462$ & $0.0248163$ & $-0.0122201$ & $-0.017569$ & $-0.0351825$ & $0.0267767$ & $0.0059278$ & $0.0320604$ & $0.0064243$ & $0.0358773$ & $-0.0336641$ & $0.00167735$ & $0.00802726$ & $0.0480648$ & $0.00783209$ & $-0.00630488$ & $-0.00859905$ & $-0.00731315$ & $-0.00871851$ & $0.0396379$ & $0.0402792$ & $-0.00151255$ & $0.00524873$ & $0.021555$ & $0.00461417$ & $-0.0741375$ & $-0.0169844$ & $0.0213274$ & $-0.10355$ & $0.0103142$ & $-0.103838$ & $1$ & $0.101799$ & $0.0100319$ & $-0.0565186$ & $-0.0667652$ & $0.050249$ & $-0.0406174$ & $-0.0575374$ & $0.0722698$ & $0.135319$ & $0.0853848$ & $0.0908959$ & $0.0104804$ & $-0.15553$ \\
eHWWint & $-0.134348$ & $0.00631899$ & $-0.0322471$ & $-0.241899$ & $0.0466334$ & $0.00845749$ & $-0.00470194$ & $-0.0104067$ & $-0.0102535$ & $-0.0115589$ & $0.0255661$ & $-0.00126799$ & $-0.0143947$ & $-0.0266071$ & $-0.016538$ & $-0.00610316$ & $-0.0322285$ & $-0.0136371$ & $-0.0233092$ & $-0.0240603$ & $-0.0257347$ & $-0.0218573$ & $-0.0195684$ & $-0.00379015$ & $-0.0120826$ & $0.0202366$ & $-0.0100615$ & $-0.0143349$ & $-0.0559793$ & $-0.186574$ & $-0.161344$ & $-0.0434124$ & $-0.233858$ & $0.0043679$ & $-0.0188884$ & $0.101799$ & $1$ & $0.0156744$ & $0.0299251$ & $0.0372487$ & $-0.0254502$ & $0.0728583$ & $0.139412$ & $0.0379726$ & $0.0323712$ & $0.0336011$ & $-0.0799031$ & $0.00188063$ & $-0.0428662$ \\
eHWWpar & $-0.0220649$ & $0.0411161$ & $-0.0202111$ & $-0.018368$ & $-0.000190933$ & $-0.0243784$ & $-0.00860071$ & $-0.0275055$ & $-0.0302012$ & $0.02869$ & $0.0249162$ & $0.0354415$ & $-0.00683135$ & $-0.00729123$ & $-0.00426966$ & $-0.0121314$ & $0.0021748$ & $0.00760838$ & $0.0145909$ & $-0.021503$ & $-0.0231852$ & $-0.0217453$ & $0.00509105$ & $0.0201507$ & $0.0114899$ & $0.0022063$ & $-0.0118485$ & $0.0144599$ & $0.0160898$ & $-0.0265908$ & $0.0039582$ & $-0.0133672$ & $-0.0190257$ & $-0.0168646$ & $0.00858387$ & $0.0100319$ & $0.0156744$ & $1$ & $0.0103789$ & $0.0461821$ & $0.00615708$ & $-0.0582462$ & $0.0128034$ & $-0.00800638$ & $-0.00530545$ & $0.010525$ & $-0.0249724$ & $0.00814952$ & $0.00171991$ \\
eHZZint & $0.047697$ & $-0.0325941$ & $-0.0528366$ & $0.130122$ & $0.0135748$ & $0.0088911$ & $0.00189155$ & $-0.00745569$ & $-0.0128425$ & $-0.00542697$ & $0.0107583$ & $0.00760658$ & $-0.0113288$ & $1.71961e-06$ & $-0.0228139$ & $-0.0035614$ & $-0.0146318$ & $0.0074343$ & $-0.0105195$ & $-0.0109675$ & $-0.0114409$ & $-0.0156609$ & $-0.00330019$ & $0.0102342$ & $-0.0103353$ & $-0.00292381$ & $-0.00281122$ & $0.0125813$ & $-0.00207058$ & $-0.0526056$ & $0.00180344$ & $0.00435497$ & $-0.0816913$ & $0.00347074$ & $0.0522597$ & $-0.0565186$ & $0.0299251$ & $0.0103789$ & $1$ & $-0.00503647$ & $0.0601174$ & $0.00737561$ & $-0.0250662$ & $-0.221809$ & $-0.180581$ & $0.0171485$ & $-0.0616411$ & $-0.139968$ & $-0.0718091$ \\
eHZZpar & $0.0150829$ & $0.00873745$ & $0.0363086$ & $0.00163043$ & $0.0658777$ & $-0.0214203$ & $0.029385$ & $0.0047729$ & $0.0105031$ & $-0.0310694$ & $-0.00354847$ & $-0.0228235$ & $-0.00508416$ & $-0.00857679$ & $0.0101347$ & $0.00271042$ & $0.00883105$ & $-0.00665218$ & $-0.00177633$ & $0.00551399$ & $0.0065625$ & $0.00644994$ & $0.0474483$ & $-0.00413222$ & $-0.0177104$ & $-0.0323168$ & $-0.0122236$ & $-0.00967633$ & $0.0114102$ & $0.00779447$ & $-0.0068427$ & $0.0227458$ & $0.0072518$ & $0.00243181$ & $-0.0367919$ & $-0.0667652$ & $0.0372487$ & $0.0461821$ & $-0.00503647$ & $1$ & $-0.0263509$ & $0.0213917$ & $0.020476$ & $0.0237501$ & $0.0186732$ & $0.00132084$ & $0.0150529$ & $-0.000932107$ & $-0.00258148$ \\
eHZgaint & $0.108958$ & $-0.115168$ & $0.157729$ & $0.0806342$ & $-0.031771$ & $0.0150644$ & $0.00909571$ & $0.00797074$ & $0.0117996$ & $-0.0367481$ & $0.0076024$ & $-0.0111478$ & $0.00614734$ & $-0.0147113$ & $-0.0119145$ & $0.0257455$ & $-0.0424539$ & $-0.013935$ & $-0.0466059$ & $-0.00543398$ & $-0.0143551$ & $-0.0182235$ & $-0.0118629$ & $-0.00770585$ & $-0.0501949$ & $0.00319501$ & $-0.016787$ & $-0.0274907$ & $0.0366291$ & $-0.0247027$ & $-0.00896106$ & $0.016184$ & $-0.0280909$ & $0.0055094$ & $0.0784832$ & $0.050249$ & $-0.0254502$ & $0.00615708$ & $0.0601174$ & $-0.0263509$ & $1$ & $0.00848628$ & $0.0715195$ & $-0.103078$ & $-0.059055$ & $-0.0307736$ & $0.0296801$ & $0.0202137$ & $-0.0316039$ \\
eHZgapar & $-0.0732248$ & $-0.0354919$ & $-0.0074141$ & $0.029969$ & $0.0254988$ & $-0.0105033$ & $-0.00160597$ & $-0.00451408$ & $-0.0064298$ & $0.00784201$ & $0.00876684$ & $0.0213625$ & $-0.0250235$ & $-0.00833293$ & $-0.0043035$ & $-0.0176809$ & $0.000508728$ & $-0.00305996$ & $0.00693236$ & $-0.00941949$ & $-0.0050417$ & $-0.0105056$ & $0.00351705$ & $0.00484429$ & $0.00899552$ & $0.0161845$ & $0.0104142$ & $-0.00967623$ & $0.00230579$ & $-0.016034$ & $0.000399008$ & $0.00629371$ & $-0.0521737$ & $-8.24152e-05$ & $0.0746516$ & $-0.0406174$ & $0.0728583$ & $-0.0582462$ & $0.00737561$ & $0.0213917$ & $0.00848628$ & $1$ & $-0.0342029$ & $-0.00969896$ & $-0.0297201$ & $-0.0188095$ & $-0.00977751$ & $-0.0597252$ & $-0.0474277$ \\
eHgagaint & $0.133554$ & $0.0528044$ & $0.0520614$ & $-0.160908$ & $-0.0196346$ & $-0.00923295$ & $-0.00107457$ & $0.0183996$ & $0.0841776$ & $-0.0474623$ & $-0.00363956$ & $-0.0426045$ & $0.00541493$ & $-0.0214256$ & $-0.0203902$ & $0.00301165$ & $-0.0316583$ & $-0.0163971$ & $-0.0272757$ & $0.0030376$ & $0.00629073$ & $0.0125311$ & $-0.00744896$ & $-0.0351889$ & $-0.0511564$ & $-0.0203721$ & $-0.00065804$ & $0.00574463$ & $-0.0189943$ & $-0.0200479$ & $-0.0391014$ & $-0.0151257$ & $-0.0301342$ & $0.0341391$ & $0.0361577$ & $-0.0575374$ & $0.139412$ & $0.0128034$ & $-0.0250662$ & $0.020476$ & $0.0715195$ & $-0.0342029$ & $1$ & $0.0669408$ & $0.0629608$ & $-0.0150119$ & $0.0399399$ & $0.095236$ & $0.00766628$ \\
eHmumuint & $0.0112586$ & $-0.132468$ & $0.0102614$ & $-0.0778056$ & $-0.0332559$ & $0.0081095$ & $0.0259767$ & $0.00255372$ & $0.00946363$ & $0.00334716$ & $-0.00501214$ & $0.00602172$ & $0.00758632$ & $0.00167584$ & $0.00114738$ & $0.00393402$ & $0.0112142$ & $0.00636305$ & $0.00181007$ & $0.00154848$ & $0.001766$ & $-0.00756994$ & $-0.00873615$ & $0.00447169$ & $0.00723435$ & $-0.0136689$ & $-0.00642661$ & $0.00164385$ & $-0.0261559$ & $0.0406611$ & $-0.054097$ & $0.0327882$ & $0.0258113$ & $-0.004772$ & $-0.0887452$ & $0.0722698$ & $0.0379726$ & $-0.00800638$ & $-0.221809$ & $0.0237501$ & $-0.103078$ & $-0.00969896$ & $0.0669408$ & $1$ & $0.0613207$ & $-0.188758$ & $-0.0782559$ & $0.0621925$ & $-0.0106609$ \\
eHtautauint & $-0.0532692$ & $0.0571829$ & $0.0719659$ & $-0.0864436$ & $0.0122907$ & $0.052793$ & $0.00510353$ & $-0.0137376$ & $-0.0094836$ & $0.0337955$ & $-0.000477698$ & $0.00807788$ & $-0.00855008$ & $0.0468033$ & $0.0171651$ & $-0.0189908$ & $0.0158212$ & $0.0169035$ & $0.0414676$ & $0.000592989$ & $-0.000158931$ & $-0.0029417$ & $0.00325552$ & $0.0368791$ & $0.0420185$ & $-0.00374018$ & $0.00953912$ & $-0.0245194$ & $-0.0200512$ & $0.094915$ & $0.0308118$ & $-0.00358849$ & $0.00975862$ & $-0.0286191$ & $-0.13618$ & $0.135319$ & $0.0323712$ & $-0.00530545$ & $-0.180581$ & $0.0186732$ & $-0.059055$ & $-0.0297201$ & $0.0629608$ & $0.0613207$ & $1$ & $-0.116944$ & $0.120734$ & $0.0320054$ & $0.00787151$ \\
eHccint & $-0.0203659$ & $0.0587866$ & $0.0436032$ & $-0.062214$ & $0.0734543$ & $0.0265755$ & $-0.0197493$ & $-0.0346209$ & $-0.0391059$ & $0.0347873$ & $0.0208058$ & $0.0204467$ & $0.00297008$ & $0.0347835$ & $-0.0285127$ & $-0.027243$ & $0.0194232$ & $0.0466023$ & $0.05033$ & $-0.0207225$ & $-0.0153662$ & $-0.0133393$ & $0.0170474$ & $0.0329096$ & $0.0401747$ & $0.0100455$ & $0.00574791$ & $0.00334651$ & $0.00894325$ & $-0.0211328$ & $0.0859068$ & $0.00108299$ & $0.0749462$ & $-0.00758703$ & $0.128107$ & $0.0853848$ & $0.0336011$ & $0.010525$ & $0.0171485$ & $0.00132084$ & $-0.0307736$ & $-0.0188095$ & $-0.0150119$ & $-0.188758$ & $-0.116944$ & $1$ & $0.141549$ & $0.127334$ & $0.135561$ \\
eHccpar & $0.0400564$ & $0.0055394$ & $-0.0356396$ & $0.00613752$ & $0.0211052$ & $0.00174729$ & $-0.0293759$ & $0.0305201$ & $0.028548$ & $-0.0225485$ & $-0.0453598$ & $-0.0325068$ & $-0.00200518$ & $0.050522$ & $0.0454148$ & $0.0239451$ & $0.0165777$ & $-0.00248075$ & $0.0132596$ & $0.0463462$ & $0.0420061$ & $0.0427946$ & $0.0193722$ & $0.00206094$ & $0.00219153$ & $-0.0437872$ & $-0.00809387$ & $0.00803562$ & $0.0188362$ & $0.0410117$ & $0.301129$ & $-0.0216655$ & $0.0969982$ & $-0.0168934$ & $-0.0891023$ & $0.0908959$ & $-0.0799031$ & $-0.0249724$ & $-0.0616411$ & $0.0150529$ & $0.0296801$ & $-0.00977751$ & $0.0399399$ & $-0.0782559$ & $0.120734$ & $0.141549$ & $1$ & $0.0362035$ & $0.148023$ \\
eHbbint & $-0.0131867$ & $0.0428912$ & $0.0803649$ & $-0.0891107$ & $0.00634594$ & $-0.00382411$ & $-0.0240642$ & $-0.0350153$ & $-0.0243931$ & $-0.0207997$ & $0.0482453$ & $-0.0271614$ & $0.00791381$ & $-0.0480624$ & $-0.0199023$ & $-0.0217965$ & $-0.0108525$ & $-0.0109651$ & $-0.00202154$ & $-0.0484808$ & $-0.0451351$ & $-0.0379261$ & $0.00587122$ & $-0.0064916$ & $-0.0175033$ & $0.0290489$ & $-0.0149325$ & $-0.0276123$ & $0.00579084$ & $0.0279821$ & $0.0307986$ & $-0.0184491$ & $0.142622$ & $-0.001075$ & $-0.00447975$ & $0.0104804$ & $0.00188063$ & $0.00814952$ & $-0.139968$ & $-0.000932107$ & $0.0202137$ & $-0.0597252$ & $0.095236$ & $0.0621925$ & $0.0320054$ & $0.127334$ & $0.0362035$ & $1$ & $-0.0329665$ \\
eHbbpar & $0.164985$ & $-0.00882368$ & $-0.0783978$ & $0.0535661$ & $-0.0394048$ & $-0.0144502$ & $-0.00636997$ & $0.0353389$ & $0.0358463$ & $-0.0149207$ & $-0.0399645$ & $-0.0288622$ & $0.0058279$ & $0.0140877$ & $0.0328248$ & $0.0207528$ & $0.0112242$ & $-0.0185658$ & $-0.0020188$ & $0.0364421$ & $0.0362069$ & $0.0387826$ & $-0.0175896$ & $-0.0393092$ & $-0.0142367$ & $-0.0139471$ & $0.00815712$ & $-0.0220856$ & $-0.00858964$ & $0.0424032$ & $0.0482214$ & $-0.00124768$ & $0.439843$ & $0.00353315$ & $0.0426956$ & $-0.15553$ & $-0.0428662$ & $0.00171991$ & $-0.0718091$ & $-0.00258148$ & $-0.0316039$ & $-0.0474277$ & $0.00766628$ & $-0.0106609$ & $0.00787151$ & $0.135561$ & $0.148023$ & $-0.0329665$ & $1$ \\
