 & AlsMz & dAle5Mz & mtop & mHl & Mz & CW & CHG & CHWB & CHWHB_gaga & CHWHB_gagaorth & CHD & CHbox & CH & CHL1_11 & CHL1_22 & CHL1_33 & CHL3_11 & CHL3_22 & CHL3_33 & CHe_11 & CHe_22 & CHe_33 & CHQ1_11 & CHQ1_33 & CHQ3_11 & CHu_11 & CHd_11 & CHd_33 & CeH_22r & CeH_33r & CuH_22r & CuH_33r & CdH_33r & CLL_1221 & eHggint & eHggpar & eHWWint & eHWWpar & eHZZint & eHZZpar & eHZgaint & eHZgapar & eHgagaint & eHmumuint & eHtautauint & eHccint & eHccpar & eHbbint & eHbbpar \\
AlsMz & $1$ & $-0.039561$ & $0.0551073$ & $-0.0612431$ & $-0.0230832$ & $0.0133653$ & $0.0542177$ & $-0.0645998$ & $-0.0521125$ & $0.0293365$ & $0.0744138$ & $0.0231291$ & $-0.0362646$ & $-0.0529615$ & $0.011475$ & $-0.0164555$ & $-0.0314934$ & $-0.037174$ & $-0.0251675$ & $-0.0815145$ & $-0.0870069$ & $-0.0941003$ & $0.0143399$ & $-0.0381476$ & $-0.152477$ & $-0.0105257$ & $-0.109699$ & $-0.0145636$ & $-0.0160919$ & $-0.066788$ & $-0.00938813$ & $0.0287999$ & $0.0343487$ & $-0.0590433$ & $-0.124065$ & $0.0382064$ & $0.376239$ & $0.0335089$ & $-0.0690145$ & $0.0284489$ & $-0.15548$ & $0.0344267$ & $0.171087$ & $-0.0699052$ & $-0.00993615$ & $0.219554$ & $0.0898897$ & $0.259824$ & $0.201942$ \\
dAle5Mz & $-0.039561$ & $1$ & $0.0532093$ & $-0.0656847$ & $-0.0252211$ & $0.0108805$ & $-0.0226639$ & $-0.0481109$ & $-0.0294979$ & $0.015029$ & $0.056202$ & $-0.0197842$ & $0.00637919$ & $-0.0453387$ & $-0.068824$ & $-0.0578601$ & $-0.0121522$ & $0.0144335$ & $0.00805457$ & $-0.0493248$ & $-0.0322791$ & $-0.0282678$ & $-0.0343187$ & $-0.0110555$ & $0.0435033$ & $0.0699894$ & $0.0833166$ & $0.0117265$ & $-0.00499796$ & $-0.0171086$ & $0.0513195$ & $-0.0321898$ & $0.0266534$ & $0.0618289$ & $-0.0695545$ & $-0.164621$ & $0.129924$ & $0.0356302$ & $-0.0258498$ & $-0.0416206$ & $0.00632875$ & $-0.0229075$ & $0.261331$ & $0.270707$ & $0.0209669$ & $0.0527707$ & $0.154334$ & $0.0788097$ & $0.162083$ \\
mtop & $0.0551073$ & $0.0532093$ & $1$ & $0.262323$ & $0.0158544$ & $0.00277262$ & $-0.00313157$ & $-0.115432$ & $-0.113519$ & $0.0708559$ & $0.0747225$ & $0.0552292$ & $-0.0772751$ & $0.0142525$ & $0.0726166$ & $0.0344646$ & $0.0972163$ & $0.034624$ & $0.0642472$ & $-0.055075$ & $-0.082319$ & $-0.0763525$ & $-0.0292085$ & $0.12105$ & $0.0350183$ & $0.0322868$ & $-0.142008$ & $-0.0492716$ & $-0.041709$ & $0.00870537$ & $0.0358309$ & $0.0105609$ & $-0.0922154$ & $-0.135954$ & $0.122617$ & $0.0622409$ & $-0.0386112$ & $-0.0571714$ & $-0.0672492$ & $0.00944481$ & $0.0799619$ & $0.071461$ & $0.0969264$ & $-0.0450548$ & $-0.204811$ & $-0.0818761$ & $-0.00426426$ & $-0.0129916$ & $-0.255276$ \\
mHl & $-0.0612431$ & $-0.0656847$ & $0.262323$ & $1$ & $0.00149131$ & $0.0458817$ & $-0.0381222$ & $-0.0848821$ & $-0.0967413$ & $0.0275649$ & $0.0720418$ & $0.0188058$ & $-0.0149768$ & $0.00488342$ & $0.0661843$ & $0.0212156$ & $0.010935$ & $-0.0164137$ & $0.0215084$ & $-0.0607206$ & $-0.0830996$ & $-0.0791475$ & $-0.0118957$ & $0.0858406$ & $-0.0259427$ & $0.0110673$ & $-0.143704$ & $-0.0616265$ & $-0.00548284$ & $-0.0298643$ & $-0.0331805$ & $-0.033035$ & $-0.114282$ & $-0.128129$ & $0.0834838$ & $0.0132532$ & $-0.0611728$ & $-0.0368332$ & $-0.139276$ & $0.0379686$ & $0.207581$ & $-0.0156722$ & $-0.0686313$ & $-0.00559324$ & $-0.0683327$ & $0.172879$ & $-0.21984$ & $-0.0841796$ & $-0.321265$ \\
Mz & $-0.0230832$ & $-0.0252211$ & $0.0158544$ & $0.00149131$ & $1$ & $0.0129736$ & $-0.0177861$ & $0.00325324$ & $0.00288159$ & $0.0258754$ & $-0.011816$ & $0.0234149$ & $-0.00369002$ & $0.0538324$ & $0.042906$ & $0.00657243$ & $0.0167595$ & $0.00263676$ & $0.0275999$ & $0.0247238$ & $0.0176586$ & $0.0130533$ & $-0.0173067$ & $0.0316189$ & $0.0116405$ & $-0.0147837$ & $-0.0292294$ & $0.0223584$ & $-0.0167308$ & $0.0525765$ & $0.0219626$ & $-0.00490605$ & $0.0357295$ & $-0.0448933$ & $-0.0130656$ & $0.0358131$ & $-0.0327765$ & $0.0042227$ & $0.037783$ & $0.0274797$ & $0.0356883$ & $-0.0293064$ & $0.0165948$ & $-0.00337471$ & $0.0203669$ & $-0.0318268$ & $0.0490275$ & $0.014312$ & $0.00328823$ \\
CW & $0.0133653$ & $0.0108805$ & $0.00277262$ & $0.0458817$ & $0.0129736$ & $1$ & $-0.0166869$ & $-0.154938$ & $-0.150092$ & $0.0761502$ & $0.191857$ & $0.0985249$ & $-0.00826923$ & $0.0540024$ & $-0.0750323$ & $-0.0623504$ & $-0.221364$ & $-0.00977036$ & $-0.0198344$ & $-0.186023$ & $-0.196708$ & $-0.192312$ & $-0.0347987$ & $0.0526795$ & $-0.0494593$ & $0.124817$ & $-0.0953096$ & $-0.0720686$ & $0.00687403$ & $-0.0102377$ & $-0.0248836$ & $-0.00458237$ & $-0.00639944$ & $-0.143991$ & $0.00554612$ & $0.0620437$ & $0.0137238$ & $-0.0065521$ & $-0.0463374$ & $0.0174701$ & $0.0263147$ & $0.00326654$ & $0.055621$ & $0.0125503$ & $-0.0424514$ & $0.0398125$ & $0.0144443$ & $-0.0241095$ & $-0.0513456$ \\
CHG & $0.0542177$ & $-0.0226639$ & $-0.00313157$ & $-0.0381222$ & $-0.0177861$ & $-0.0166869$ & $1$ & $-0.107345$ & $-0.0532201$ & $0.0629099$ & $0.0774107$ & $0.00824994$ & $-0.302557$ & $0.0184083$ & $-0.037748$ & $-0.035061$ & $0.0601423$ & $0.081838$ & $0.0759558$ & $-0.0760777$ & $-0.0801067$ & $-0.0773701$ & $-0.00211968$ & $0.0704458$ & $0.0563055$ & $0.0280204$ & $-0.062817$ & $-0.00554567$ & $0.00757919$ & $-0.128169$ & $-0.0528705$ & $0.931834$ & $-0.127927$ & $-0.0533221$ & $-0.0276989$ & $-0.0535186$ & $0.0663424$ & $-0.0256511$ & $-0.0222695$ & $0.0226867$ & $-0.0312147$ & $-0.00304529$ & $0.0266204$ & $-0.0249325$ & $0.0251951$ & $0.0644081$ & $0.00150144$ & $0.0310643$ & $0.0420027$ \\
CHWB & $-0.0645998$ & $-0.0481109$ & $-0.115432$ & $-0.0848821$ & $0.00325324$ & $-0.154938$ & $-0.107345$ & $1$ & $0.982886$ & $-0.575075$ & $-0.87685$ & $-0.283603$ & $0.28559$ & $0.0928616$ & $0.260081$ & $0.277663$ & $-0.236125$ & $-0.419505$ & $-0.423636$ & $0.845999$ & $0.895883$ & $0.878283$ & $0.0776215$ & $-0.667575$ & $-0.396817$ & $-0.504518$ & $0.42464$ & $0.320592$ & $0.00612631$ & $0.0906761$ & $0.0332383$ & $-0.090921$ & $0.124287$ & $0.568974$ & $0.0720621$ & $-0.0892546$ & $-0.0382771$ & $0.0227719$ & $0.114874$ & $0.03341$ & $-0.00208574$ & $-0.00205679$ & $-0.0384921$ & $-0.0212878$ & $0.0487476$ & $-0.046755$ & $-0.0120783$ & $0.0026683$ & $0.0878245$ \\
CHWHB_gaga & $-0.0521125$ & $-0.0294979$ & $-0.113519$ & $-0.0967413$ & $0.00288159$ & $-0.150092$ & $-0.0532201$ & $0.982886$ & $1$ & $-0.566781$ & $-0.857963$ & $-0.262649$ & $0.277547$ & $0.0837661$ & $0.255205$ & $0.274445$ & $-0.240838$ & $-0.419449$ & $-0.425438$ & $0.8278$ & $0.876705$ & $0.859199$ & $0.0766899$ & $-0.661813$ & $-0.401819$ & $-0.493713$ & $0.41232$ & $0.318759$ & $0.0131079$ & $0.108794$ & $0.0482862$ & $-0.0487067$ & $0.145861$ & $0.560102$ & $0.046674$ & $-0.0948952$ & $-0.0239352$ & $0.0243924$ & $0.114406$ & $0.0294801$ & $-0.0109843$ & $-0.00431863$ & $0.0296338$ & $-0.00859185$ & $0.0622055$ & $-0.0367741$ & $0.00053203$ & $0.0248328$ & $0.0896874$ \\
CHWHB_gagaorth & $0.0293365$ & $0.015029$ & $0.0708559$ & $0.0275649$ & $0.0258754$ & $0.0761502$ & $0.0629099$ & $-0.575075$ & $-0.566781$ & $1$ & $0.350815$ & $0.632031$ & $-0.202963$ & $0.246414$ & $-0.0865549$ & $-0.0972537$ & $0.433727$ & $0.486285$ & $0.480256$ & $-0.331447$ & $-0.370124$ & $-0.369761$ & $-0.0791517$ & $0.560718$ & $0.474435$ & $0.216157$ & $-0.267603$ & $-0.142726$ & $0.00948399$ & $-0.125878$ & $-0.0689145$ & $0.0736827$ & $-0.146862$ & $-0.377032$ & $0.011122$ & $0.0793714$ & $0.00101891$ & $-0.0252437$ & $-0.0618744$ & $-0.0210118$ & $-0.0300848$ & $-0.0019169$ & $0.0162088$ & $0.0273061$ & $-0.0452181$ & $0.0357907$ & $0.00334301$ & $-0.00884647$ & $-0.0303687$ \\
CHD & $0.0744138$ & $0.056202$ & $0.0747225$ & $0.0720418$ & $-0.011816$ & $0.191857$ & $0.0774107$ & $-0.87685$ & $-0.857963$ & $0.350815$ & $1$ & $0.302808$ & $-0.124565$ & $-0.512256$ & $-0.404441$ & $-0.400271$ & $-0.224928$ & $0.0547886$ & $0.0526421$ & $-0.990353$ & $-0.990812$ & $-0.969364$ & $-0.00983456$ & $0.294682$ & $0.0144837$ & $0.559617$ & $-0.27837$ & $-0.334708$ & $-0.0052703$ & $-0.0581803$ & $-0.0180487$ & $0.073609$ & $-0.0758056$ & $-0.355775$ & $-0.0533987$ & $0.0738991$ & $0.0555302$ & $-0.0204796$ & $-0.0963619$ & $-0.0331175$ & $0.00465806$ & $0.00787037$ & $0.0518918$ & $0.018393$ & $-0.0452682$ & $0.0415128$ & $0.0130467$ & $-0.00837726$ & $-0.0695885$ \\
CHbox & $0.0231291$ & $-0.0197842$ & $0.0552292$ & $0.0188058$ & $0.0234149$ & $0.0985249$ & $0.00824994$ & $-0.283603$ & $-0.262649$ & $0.632031$ & $0.302808$ & $1$ & $0.0178065$ & $-0.143508$ & $-0.0391081$ & $-0.0198062$ & $-0.0579227$ & $-0.00298724$ & $-0.0138578$ & $-0.278464$ & $-0.31311$ & $-0.30568$ & $-0.0210707$ & $0.139538$ & $-0.0055305$ & $0.163552$ & $-0.176244$ & $-0.114935$ & $0.0646373$ & $0.187137$ & $0.0128256$ & $0.0903874$ & $0.204797$ & $-0.198477$ & $0.071864$ & $0.0941027$ & $0.00108427$ & $-0.0195304$ & $-0.0552046$ & $-0.027655$ & $-0.0251002$ & $0.00112373$ & $-0.0118509$ & $0.0110748$ & $-0.0583406$ & $0.0205639$ & $-0.0182013$ & $-0.0340806$ & $-0.0455094$ \\
CH & $-0.0362646$ & $0.00637919$ & $-0.0772751$ & $-0.0149768$ & $-0.00369002$ & $-0.00826923$ & $-0.302557$ & $0.28559$ & $0.277547$ & $-0.202963$ & $-0.124565$ & $0.0178065$ & $1$ & $-0.223507$ & $0.0332066$ & $0.0477611$ & $-0.316075$ & $-0.326077$ & $-0.330277$ & $0.120059$ & $0.135424$ & $0.134948$ & $0.00132904$ & $-0.338102$ & $-0.309259$ & $-0.0447749$ & $0.134626$ & $0.0564573$ & $0.0438814$ & $0.270206$ & $0.119858$ & $-0.239363$ & $0.32029$ & $0.194561$ & $0.0627368$ & $-0.00509567$ & $-0.0474988$ & $0.0212045$ & $0.0249377$ & $0.0108041$ & $0.00367541$ & $0.0141417$ & $-0.00734255$ & $-0.000556702$ & $0.0316011$ & $-0.029366$ & $-0.012988$ & $-0.0156163$ & $0.00777205$ \\
CHL1_11 & $-0.0529615$ & $-0.0453387$ & $0.0142525$ & $0.00488342$ & $0.0538324$ & $0.0540024$ & $0.0184083$ & $0.0928616$ & $0.0837661$ & $0.246414$ & $-0.512256$ & $-0.143508$ & $-0.223507$ & $1$ & $0.296331$ & $0.246324$ & $0.662932$ & $0.592245$ & $0.609978$ & $0.532172$ & $0.470833$ & $0.453136$ & $-0.0878198$ & $0.477235$ & $0.602932$ & $-0.277083$ & $-0.116599$ & $0.134752$ & $-0.00241314$ & $-0.032753$ & $-0.036347$ & $-0.00132203$ & $-0.0509792$ & $-0.241313$ & $-0.0271264$ & $-0.00214528$ & $-0.0417334$ & $0.00878782$ & $0.00840694$ & $0.00611078$ & $-0.00416901$ & $-0.0179974$ & $-0.034656$ & $-0.000544054$ & $0.0168923$ & $0.000881465$ & $-0.0128227$ & $-0.00175069$ & $0.00522856$ \\
CHL1_22 & $0.011475$ & $-0.068824$ & $0.0726166$ & $0.0661843$ & $0.042906$ & $-0.0750323$ & $-0.037748$ & $0.260081$ & $0.255205$ & $-0.0865549$ & $-0.404441$ & $-0.0391081$ & $0.0332066$ & $0.296331$ & $1$ & $0.440515$ & $0.212122$ & $-0.426233$ & $0.0146288$ & $0.471624$ & $0.31714$ & $0.309837$ & $-0.158085$ & $0.166337$ & $-0.0974551$ & $-0.20708$ & $-0.419802$ & $0.0749744$ & $0.0419216$ & $0.0359487$ & $0.00415699$ & $-0.0435165$ & $-0.0108538$ & $-0.617803$ & $-0.0324234$ & $0.0494514$ & $0.000934339$ & $0.00582517$ & $-0.00233072$ & $-0.0139583$ & $0.0499746$ & $-0.00669196$ & $0.00456357$ & $-0.0250934$ & $-0.0504018$ & $0.0425809$ & $0.0270063$ & $0.0302471$ & $-0.0998048$ \\
CHL1_33 & $-0.0164555$ & $-0.0578601$ & $0.0344646$ & $0.0212156$ & $0.00657243$ & $-0.0623504$ & $-0.035061$ & $0.277663$ & $0.274445$ & $-0.0972537$ & $-0.400271$ & $-0.0198062$ & $0.0477611$ & $0.246324$ & $0.440515$ & $1$ & $0.181433$ & $-0.0241012$ & $-0.43079$ & $0.464723$ & $0.315675$ & $0.340368$ & $-0.164392$ & $0.123591$ & $-0.125923$ & $-0.181761$ & $-0.393232$ & $0.0568893$ & $0.034916$ & $0.0301674$ & $0.000933641$ & $-0.0373393$ & $0.000200803$ & $-0.104735$ & $-0.0273772$ & $0.0726624$ & $-0.0501454$ & $0.0183494$ & $0.0065059$ & $-0.00738247$ & $0.03218$ & $0.0198154$ & $0.0103007$ & $-0.0280741$ & $-0.0327521$ & $0.026459$ & $-0.00736771$ & $0.0249454$ & $-0.0597523$ \\
CHL3_11 & $-0.0314934$ & $-0.0121522$ & $0.0972163$ & $0.010935$ & $0.0167595$ & $-0.221364$ & $0.0601423$ & $-0.236125$ & $-0.240838$ & $0.433727$ & $-0.224928$ & $-0.0579227$ & $-0.316075$ & $0.662932$ & $0.212122$ & $0.181433$ & $1$ & $0.721364$ & $0.726257$ & $0.253051$ & $0.188024$ & $0.182902$ & $-0.107789$ & $0.686466$ & $0.764607$ & $-0.0994012$ & $-0.197084$ & $0.0348377$ & $-0.0157749$ & $-0.0676921$ & $-0.0131435$ & $0.0366968$ & $-0.0929189$ & $-0.284871$ & $-0.0118693$ & $0.0155515$ & $-0.0458202$ & $-0.00982876$ & $-0.0287794$ & $0.013639$ & $-0.00480157$ & $-0.0105608$ & $-0.0428935$ & $0.00711813$ & $-0.0121967$ & $-0.0131544$ & $-0.00597647$ & $0.0111032$ & $-0.0334806$ \\
CHL3_22 & $-0.037174$ & $0.0144335$ & $0.034624$ & $-0.0164137$ & $0.00263676$ & $-0.00977036$ & $0.081838$ & $-0.419505$ & $-0.419449$ & $0.486285$ & $0.0547886$ & $-0.00298724$ & $-0.326077$ & $0.592245$ & $-0.426233$ & $-0.0241012$ & $0.721364$ & $1$ & $0.660374$ & $-0.0554227$ & $-0.0496958$ & $-0.0490162$ & $-0.0250941$ & $0.601261$ & $0.785824$ & $0.0432056$ & $-0.00852163$ & $-0.0294091$ & $-0.0321629$ & $-0.0845141$ & $-0.0326262$ & $0.0623356$ & $-0.0872605$ & $0.0295901$ & $-0.0152893$ & $-0.000650742$ & $-0.041996$ & $-0.00762678$ & $-0.0318346$ & $0.00783605$ & $-0.0323168$ & $-0.00335706$ & $-0.0309298$ & $0.0164563$ & $0.0275596$ & $-0.0221946$ & $-0.0262312$ & $-0.0154973$ & $0.0228381$ \\
CHL3_33 & $-0.0251675$ & $0.00805457$ & $0.0642472$ & $0.0215084$ & $0.0275999$ & $-0.0198344$ & $0.0759558$ & $-0.423636$ & $-0.425438$ & $0.480256$ & $0.0526421$ & $-0.0138578$ & $-0.330277$ & $0.609978$ & $0.0146288$ & $-0.43079$ & $0.726257$ & $0.660374$ & $1$ & $-0.0505102$ & $-0.0483092$ & $-0.0502984$ & $-0.020953$ & $0.616563$ & $0.791088$ & $0.0273699$ & $-0.0243572$ & $-0.0227245$ & $-0.0204081$ & $-0.0777052$ & $-0.0281926$ & $0.0538543$ & $-0.0907974$ & $-0.368707$ & $-0.012428$ & $-0.0183031$ & $-0.00758844$ & $-0.022287$ & $-0.037483$ & $0.00393827$ & $-0.0218161$ & $-0.0268165$ & $-0.0404557$ & $0.026369$ & $0.0122501$ & $-0.0136775$ & $0.00084281$ & $-0.0137949$ & $-0.00704745$ \\
CHe_11 & $-0.0815145$ & $-0.0493248$ & $-0.055075$ & $-0.0607206$ & $0.0247238$ & $-0.186023$ & $-0.0760777$ & $0.845999$ & $0.8278$ & $-0.331447$ & $-0.990353$ & $-0.278464$ & $0.120059$ & $0.532172$ & $0.471624$ & $0.464723$ & $0.253051$ & $-0.0554227$ & $-0.0505102$ & $1$ & $0.971724$ & $0.951958$ & $-0.0162289$ & $-0.235963$ & $-0.00230475$ & $-0.549329$ & $0.204711$ & $0.32265$ & $0.0116476$ & $0.0592739$ & $0.0170231$ & $-0.0726454$ & $0.0682968$ & $0.275438$ & $0.0467548$ & $-0.0651511$ & $-0.0585596$ & $0.0209161$ & $0.0886824$ & $0.0279769$ & $0.00273706$ & $-0.00461872$ & $-0.0471007$ & $-0.0171571$ & $0.0408502$ & $-0.0380412$ & $-0.00941263$ & $0.00881563$ & $0.0521739$ \\
CHe_22 & $-0.0870069$ & $-0.0322791$ & $-0.082319$ & $-0.0830996$ & $0.0176586$ & $-0.196708$ & $-0.0801067$ & $0.895883$ & $0.876705$ & $-0.370124$ & $-0.990812$ & $-0.31311$ & $0.135424$ & $0.470833$ & $0.31714$ & $0.315675$ & $0.188024$ & $-0.0496958$ & $-0.0483092$ & $0.971724$ & $1$ & $0.974573$ & $0.0356015$ & $-0.353952$ & $-0.0212223$ & $-0.558977$ & $0.362054$ & $0.343561$ & $0.000286278$ & $0.0601063$ & $0.0220883$ & $-0.0747057$ & $0.0833809$ & $0.443705$ & $0.0648474$ & $-0.0886679$ & $-0.0554555$ & $0.02091$ & $0.101424$ & $0.0362582$ & $-0.00846567$ & $-0.00868233$ & $-0.0527026$ & $-0.0102147$ & $0.0522553$ & $-0.0525576$ & $-0.0132881$ & $0.00365004$ & $0.0849558$ \\
CHe_33 & $-0.0941003$ & $-0.0282678$ & $-0.0763525$ & $-0.0791475$ & $0.0130533$ & $-0.192312$ & $-0.0773701$ & $0.878283$ & $0.859199$ & $-0.369761$ & $-0.969364$ & $-0.30568$ & $0.134948$ & $0.453136$ & $0.309837$ & $0.340368$ & $0.182902$ & $-0.0490162$ & $-0.0502984$ & $0.951958$ & $0.974573$ & $1$ & $0.0319713$ & $-0.348561$ & $-0.0226614$ & $-0.544175$ & $0.352605$ & $0.33519$ & $0.00681587$ & $0.0604756$ & $0.0242238$ & $-0.0713287$ & $0.092082$ & $0.44011$ & $0.0627098$ & $-0.0945772$ & $-0.0629078$ & $0.0142319$ & $0.104887$ & $0.0321212$ & $-0.0136533$ & $-0.010554$ & $-0.0558856$ & $-0.00751383$ & $0.0475917$ & $-0.051055$ & $-0.0100623$ & $-0.000152428$ & $0.0871857$ \\
CHQ1_11 & $0.0143399$ & $-0.0343187$ & $-0.0292085$ & $-0.0118957$ & $-0.0173067$ & $-0.0347987$ & $-0.00211968$ & $0.0776215$ & $0.0766899$ & $-0.0791517$ & $-0.00983456$ & $-0.0210707$ & $0.00132904$ & $-0.0878198$ & $-0.158085$ & $-0.164392$ & $-0.107789$ & $-0.0250941$ & $-0.020953$ & $-0.0162289$ & $0.0356015$ & $0.0319713$ & $1$ & $-0.149292$ & $0.0485715$ & $-0.676344$ & $0.338612$ & $0.0399285$ & $-0.0237812$ & $-0.00265197$ & $-0.0320421$ & $-0.00149285$ & $0.011769$ & $0.187183$ & $0.0282771$ & $-0.0462756$ & $-0.0346606$ & $0.00584871$ & $0.0542218$ & $0.0283903$ & $0.0100498$ & $-0.00102324$ & $-0.0196061$ & $0.00523919$ & $0.0191829$ & $-0.011047$ & $-0.0632543$ & $-0.0151473$ & $0.052815$ \\
CHQ1_33 & $-0.0381476$ & $-0.0110555$ & $0.12105$ & $0.0858406$ & $0.0316189$ & $0.0526795$ & $0.0704458$ & $-0.667575$ & $-0.661813$ & $0.560718$ & $0.294682$ & $0.139538$ & $-0.338102$ & $0.477235$ & $0.166337$ & $0.123591$ & $0.686466$ & $0.601261$ & $0.616563$ & $-0.235963$ & $-0.353952$ & $-0.348561$ & $-0.149292$ & $1$ & $0.638896$ & $0.188502$ & $-0.445177$ & $-0.074612$ & $0.00527992$ & $-0.074191$ & $-0.0405605$ & $0.0492338$ & $-0.129809$ & $-0.65641$ & $-0.0711042$ & $0.0953557$ & $-0.0388888$ & $-0.00826508$ & $-0.0843402$ & $-0.0332933$ & $0.0393289$ & $-0.00403442$ & $-0.00790621$ & $0.0077763$ & $-0.042593$ & $0.0297849$ & $-0.00466504$ & $-0.0156634$ & $-0.111812$ \\
CHQ3_11 & $-0.152477$ & $0.0435033$ & $0.0350183$ & $-0.0259427$ & $0.0116405$ & $-0.0494593$ & $0.0563055$ & $-0.396817$ & $-0.401819$ & $0.474435$ & $0.0144837$ & $-0.0055305$ & $-0.309259$ & $0.602932$ & $-0.0974551$ & $-0.125923$ & $0.764607$ & $0.785824$ & $0.791088$ & $-0.00230475$ & $-0.0212223$ & $-0.0226614$ & $0.0485715$ & $0.638896$ & $1$ & $0.0312523$ & $0.192901$ & $-0.0168211$ & $-0.021425$ & $-0.0694103$ & $-0.0412058$ & $0.0382608$ & $-0.0896705$ & $-0.222975$ & $0.0372298$ & $-0.037697$ & $-0.0800771$ & $-0.0243927$ & $0.00171781$ & $0.0241722$ & $-0.0174372$ & $-0.0157911$ & $-0.0872916$ & $0.027959$ & $0.024362$ & $-0.0638737$ & $-0.0220148$ & $-0.0473345$ & $-0.000568777$ \\
CHu_11 & $-0.0105257$ & $0.0699894$ & $0.0322868$ & $0.0110673$ & $-0.0147837$ & $0.124817$ & $0.0280204$ & $-0.504518$ & $-0.493713$ & $0.216157$ & $0.559617$ & $0.163552$ & $-0.0447749$ & $-0.277083$ & $-0.20708$ & $-0.181761$ & $-0.0994012$ & $0.0432056$ & $0.0273699$ & $-0.549329$ & $-0.558977$ & $-0.544175$ & $-0.676344$ & $0.188502$ & $0.0312523$ & $1$ & $-0.150722$ & $-0.197019$ & $0.0176188$ & $-0.0252827$ & $0.0201842$ & $0.0301028$ & $-0.040205$ & $-0.221466$ & $-0.028837$ & $0.0419504$ & $0.0378061$ & $-0.024121$ & $-0.0739845$ & $-0.0365696$ & $0.00602111$ & $0.00971926$ & $0.0105267$ & $0.0270334$ & $-0.0186957$ & $-0.00229795$ & $0.0326629$ & $-0.0300923$ & $-0.0705324$ \\
CHd_11 & $-0.109699$ & $0.0833166$ & $-0.142008$ & $-0.143704$ & $-0.0292294$ & $-0.0953096$ & $-0.062817$ & $0.42464$ & $0.41232$ & $-0.267603$ & $-0.27837$ & $-0.176244$ & $0.134626$ & $-0.116599$ & $-0.419802$ & $-0.393232$ & $-0.197084$ & $-0.00852163$ & $-0.0243572$ & $0.204711$ & $0.362054$ & $0.352605$ & $0.338612$ & $-0.445177$ & $0.192901$ & $-0.150722$ & $1$ & $0.156692$ & $-0.0268268$ & $0.0295704$ & $0.00458389$ & $-0.0493298$ & $0.0835132$ & $0.683226$ & $0.126062$ & $-0.157138$ & $-0.0446243$ & $-0.00829249$ & $0.114067$ & $0.0559333$ & $-0.035504$ & $-0.0096893$ & $-0.0909686$ & $0.0299773$ & $0.0853944$ & $-0.106355$ & $-0.0328128$ & $-0.0528178$ & $0.146976$ \\
CHd_33 & $-0.0145636$ & $0.0117265$ & $-0.0492716$ & $-0.0616265$ & $0.0223584$ & $-0.0720686$ & $-0.00554567$ & $0.320592$ & $0.318759$ & $-0.142726$ & $-0.334708$ & $-0.114935$ & $0.0564573$ & $0.134752$ & $0.0749744$ & $0.0568893$ & $0.0348377$ & $-0.0294091$ & $-0.0227245$ & $0.32265$ & $0.343561$ & $0.33519$ & $0.0399285$ & $-0.074612$ & $-0.0168211$ & $-0.197019$ & $0.156692$ & $1$ & $-0.0243233$ & $0.0312591$ & $0.0274194$ & $0.00321434$ & $0.0710124$ & $0.191865$ & $0.00956807$ & $-0.0602641$ & $-0.0431584$ & $0.0396186$ & $0.0512225$ & $-0.0182817$ & $-0.0166369$ & $0.0261754$ & $0.028363$ & $-0.0269377$ & $0.075366$ & $-0.0315161$ & $0.0472294$ & $0.0266893$ & $0.0816871$ \\
CeH_22r & $-0.0160919$ & $-0.00499796$ & $-0.041709$ & $-0.00548284$ & $-0.0167308$ & $0.00687403$ & $0.00757919$ & $0.00612631$ & $0.0131079$ & $0.00948399$ & $-0.0052703$ & $0.0646373$ & $0.0438814$ & $-0.00241314$ & $0.0419216$ & $0.034916$ & $-0.0157749$ & $-0.0321629$ & $-0.0204081$ & $0.0116476$ & $0.000286278$ & $0.00681587$ & $-0.0237812$ & $0.00527992$ & $-0.021425$ & $0.0176188$ & $-0.0268268$ & $-0.0243233$ & $1$ & $0.0577317$ & $0.0231204$ & $0.0064674$ & $0.0531629$ & $-0.0350618$ & $0.0038759$ & $0.00895239$ & $-0.012047$ & $-0.0254703$ & $0.00145461$ & $-0.0144571$ & $-0.0316067$ & $-0.0231723$ & $-0.000110663$ & $0.0623217$ & $-0.0431438$ & $0.0465973$ & $-0.0198884$ & $-0.0388557$ & $-0.031815$ \\
CeH_33r & $-0.066788$ & $-0.0171086$ & $0.00870537$ & $-0.0298643$ & $0.0525765$ & $-0.0102377$ & $-0.128169$ & $0.0906761$ & $0.108794$ & $-0.125878$ & $-0.0581803$ & $0.187137$ & $0.270206$ & $-0.032753$ & $0.0359487$ & $0.0301674$ & $-0.0676921$ & $-0.0845141$ & $-0.0777052$ & $0.0592739$ & $0.0601063$ & $0.0604756$ & $-0.00265197$ & $-0.074191$ & $-0.0694103$ & $-0.0252827$ & $0.0295704$ & $0.0312591$ & $0.0577317$ & $1$ & $0.314591$ & $0.0329746$ & $0.660741$ & $0.0383625$ & $0.00863398$ & $-0.0126708$ & $-0.138139$ & $-0.0137654$ & $0.0112888$ & $-0.0279611$ & $0.0325761$ & $-0.0185114$ & $-0.0315211$ & $-0.0384379$ & $0.0585132$ & $-0.0501336$ & $-0.0181726$ & $-0.0354903$ & $0.000610208$ \\
CuH_22r & $-0.00938813$ & $0.0513195$ & $0.0358309$ & $-0.0331805$ & $0.0219626$ & $-0.0248836$ & $-0.0528705$ & $0.0332383$ & $0.0482862$ & $-0.0689145$ & $-0.0180487$ & $0.0128256$ & $0.119858$ & $-0.036347$ & $0.00415699$ & $0.000933641$ & $-0.0131435$ & $-0.0326262$ & $-0.0281926$ & $0.0170231$ & $0.0220883$ & $0.0242238$ & $-0.0320421$ & $-0.0405605$ & $-0.0412058$ & $0.0201842$ & $0.00458389$ & $0.0274194$ & $0.0231204$ & $0.314591$ & $1$ & $0.0315726$ & $0.392368$ & $0.0333985$ & $-0.0344369$ & $0.0388606$ & $-0.0181157$ & $-0.0123185$ & $-0.00677384$ & $-0.0451121$ & $-0.063439$ & $0.00229461$ & $0.0439384$ & $0.0125974$ & $0.00956301$ & $0.0420834$ & $0.227172$ & $0.0885272$ & $0.0560798$ \\
CuH_33r & $0.0287999$ & $-0.0321898$ & $0.0105609$ & $-0.033035$ & $-0.00490605$ & $-0.00458237$ & $0.931834$ & $-0.090921$ & $-0.0487067$ & $0.0736827$ & $0.073609$ & $0.0903874$ & $-0.239363$ & $-0.00132203$ & $-0.0435165$ & $-0.0373393$ & $0.0366968$ & $0.0623356$ & $0.0538543$ & $-0.0726454$ & $-0.0747057$ & $-0.0713287$ & $-0.00149285$ & $0.0492338$ & $0.0382608$ & $0.0301028$ & $-0.0493298$ & $0.00321434$ & $0.0064674$ & $0.0329746$ & $0.0315726$ & $1$ & $0.0713432$ & $-0.0366154$ & $0.0462536$ & $-0.0061254$ & $0.00917756$ & $-0.0350461$ & $-0.0179616$ & $0.016213$ & $-0.0464504$ & $-0.00461234$ & $0.00587367$ & $-0.0269741$ & $0.016609$ & $0.040285$ & $-0.00371729$ & $0.0160672$ & $0.043409$ \\
CdH_33r & $0.0343487$ & $0.0266534$ & $-0.0922154$ & $-0.114282$ & $0.0357295$ & $-0.00639944$ & $-0.127927$ & $0.124287$ & $0.145861$ & $-0.146862$ & $-0.0758056$ & $0.204797$ & $0.32029$ & $-0.0509792$ & $-0.0108538$ & $0.000200803$ & $-0.0929189$ & $-0.0872605$ & $-0.0907974$ & $0.0682968$ & $0.0833809$ & $0.092082$ & $0.011769$ & $-0.129809$ & $-0.0896705$ & $-0.040205$ & $0.0835132$ & $0.0710124$ & $0.0531629$ & $0.660741$ & $0.392368$ & $0.0713432$ & $1$ & $0.105031$ & $-0.080765$ & $-0.041008$ & $-0.159037$ & $-0.0196125$ & $0.112139$ & $-0.0191344$ & $-0.132452$ & $-0.00111071$ & $0.00328349$ & $-0.0424592$ & $0.0242783$ & $0.0124281$ & $0.135265$ & $0.2282$ & $0.401125$ \\
CLL_1221 & $-0.0590433$ & $0.0618289$ & $-0.135954$ & $-0.128129$ & $-0.0448933$ & $-0.143991$ & $-0.0533221$ & $0.568974$ & $0.560102$ & $-0.377032$ & $-0.355775$ & $-0.198477$ & $0.194561$ & $-0.241313$ & $-0.617803$ & $-0.104735$ & $-0.284871$ & $0.0295901$ & $-0.368707$ & $0.275438$ & $0.443705$ & $0.44011$ & $0.187183$ & $-0.65641$ & $-0.222975$ & $-0.221466$ & $0.683226$ & $0.191865$ & $-0.0350618$ & $0.0383625$ & $0.0333985$ & $-0.0366154$ & $0.105031$ & $1$ & $0.0856669$ & $-0.119624$ & $-0.0295756$ & $0.0135453$ & $0.0925227$ & $0.0404779$ & $-0.0393099$ & $0.00566081$ & $-0.0267004$ & $0.013058$ & $0.0760363$ & $-0.0745393$ & $-0.0276594$ & $-0.0154458$ & $0.151886$ \\
eHggint & $-0.124065$ & $-0.0695545$ & $0.122617$ & $0.0834838$ & $-0.0130656$ & $0.00554612$ & $-0.0276989$ & $0.0720621$ & $0.046674$ & $0.011122$ & $-0.0533987$ & $0.071864$ & $0.0627368$ & $-0.0271264$ & $-0.0324234$ & $-0.0273772$ & $-0.0118693$ & $-0.0152893$ & $-0.012428$ & $0.0467548$ & $0.0648474$ & $0.0627098$ & $0.0282771$ & $-0.0711042$ & $0.0372298$ & $-0.028837$ & $0.126062$ & $0.00956807$ & $0.0038759$ & $0.00863398$ & $-0.0344369$ & $0.0462536$ & $-0.080765$ & $0.0856669$ & $1$ & $0.125447$ & $-0.170563$ & $-0.0521223$ & $0.0468328$ & $0.0562922$ & $-0.175645$ & $0.0328382$ & $-0.0964216$ & $-0.0327451$ & $0.00701612$ & $-0.17757$ & $-0.12154$ & $-0.150138$ & $-0.14918$ \\
eHggpar & $0.0382064$ & $-0.164621$ & $0.0622409$ & $0.0132532$ & $0.0358131$ & $0.0620437$ & $-0.0535186$ & $-0.0892546$ & $-0.0948952$ & $0.0793714$ & $0.0738991$ & $0.0941027$ & $-0.00509567$ & $-0.00214528$ & $0.0494514$ & $0.0726624$ & $0.0155515$ & $-0.000650742$ & $-0.0183031$ & $-0.0651511$ & $-0.0886679$ & $-0.0945772$ & $-0.0462756$ & $0.0953557$ & $-0.037697$ & $0.0419504$ & $-0.157138$ & $-0.0602641$ & $0.00895239$ & $-0.0126708$ & $0.0388606$ & $-0.0061254$ & $-0.041008$ & $-0.119624$ & $0.125447$ & $1$ & $-0.0124956$ & $-0.0247108$ & $-0.198862$ & $0.00879203$ & $-0.0214041$ & $-0.00171444$ & $0.0422714$ & $0.112372$ & $-0.0701585$ & $-0.0659726$ & $0.0982723$ & $0.0285839$ & $-0.10356$ \\
eHWWint & $0.376239$ & $0.129924$ & $-0.0386112$ & $-0.0611728$ & $-0.0327765$ & $0.0137238$ & $0.0663424$ & $-0.0382771$ & $-0.0239352$ & $0.00101891$ & $0.0555302$ & $0.00108427$ & $-0.0474988$ & $-0.0417334$ & $0.000934339$ & $-0.0501454$ & $-0.0458202$ & $-0.041996$ & $-0.00758844$ & $-0.0585596$ & $-0.0554555$ & $-0.0629078$ & $-0.0346606$ & $-0.0388888$ & $-0.0800771$ & $0.0378061$ & $-0.0446243$ & $-0.0431584$ & $-0.012047$ & $-0.138139$ & $-0.0181157$ & $0.00917756$ & $-0.159037$ & $-0.0295756$ & $-0.170563$ & $-0.0124956$ & $1$ & $0.0445766$ & $-0.181089$ & $0.0364982$ & $-0.104476$ & $0.00114846$ & $0.190314$ & $0.193584$ & $0.0755882$ & $0.188418$ & $0.0195353$ & $0.0629983$ & $-0.0373768$ \\
eHWWpar & $0.0335089$ & $0.0356302$ & $-0.0571714$ & $-0.0368332$ & $0.0042227$ & $-0.0065521$ & $-0.0256511$ & $0.0227719$ & $0.0243924$ & $-0.0252437$ & $-0.0204796$ & $-0.0195304$ & $0.0212045$ & $0.00878782$ & $0.00582517$ & $0.0183494$ & $-0.00982876$ & $-0.00762678$ & $-0.022287$ & $0.0209161$ & $0.02091$ & $0.0142319$ & $0.00584871$ & $-0.00826508$ & $-0.0243927$ & $-0.024121$ & $-0.00829249$ & $0.0396186$ & $-0.0254703$ & $-0.0137654$ & $-0.0123185$ & $-0.0350461$ & $-0.0196125$ & $0.0135453$ & $-0.0521223$ & $-0.0247108$ & $0.0445766$ & $1$ & $-0.0068212$ & $-0.0111646$ & $-0.0188976$ & $0.0266594$ & $0.0354575$ & $0.00966306$ & $0.061485$ & $0.000498235$ & $0.0362279$ & $0.0692379$ & $0.0169714$ \\
eHZZint & $-0.0690145$ & $-0.0258498$ & $-0.0672492$ & $-0.139276$ & $0.037783$ & $-0.0463374$ & $-0.0222695$ & $0.114874$ & $0.114406$ & $-0.0618744$ & $-0.0963619$ & $-0.0552046$ & $0.0249377$ & $0.00840694$ & $-0.00233072$ & $0.0065059$ & $-0.0287794$ & $-0.0318346$ & $-0.037483$ & $0.0886824$ & $0.101424$ & $0.104887$ & $0.0542218$ & $-0.0843402$ & $0.00171781$ & $-0.0739845$ & $0.114067$ & $0.0512225$ & $0.00145461$ & $0.0112888$ & $-0.00677384$ & $-0.0179616$ & $0.112139$ & $0.0925227$ & $0.0468328$ & $-0.198862$ & $-0.181089$ & $-0.0068212$ & $1$ & $0.033956$ & $0.0501348$ & $0.0086542$ & $0.0295891$ & $-0.0868602$ & $0.114756$ & $0.0107144$ & $0.104063$ & $0.0801762$ & $0.286678$ \\
eHZZpar & $0.0284489$ & $-0.0416206$ & $0.00944481$ & $0.0379686$ & $0.0274797$ & $0.0174701$ & $0.0226867$ & $0.03341$ & $0.0294801$ & $-0.0210118$ & $-0.0331175$ & $-0.027655$ & $0.0108041$ & $0.00611078$ & $-0.0139583$ & $-0.00738247$ & $0.013639$ & $0.00783605$ & $0.00393827$ & $0.0279769$ & $0.0362582$ & $0.0321212$ & $0.0283903$ & $-0.0332933$ & $0.0241722$ & $-0.0365696$ & $0.0559333$ & $-0.0182817$ & $-0.0144571$ & $-0.0279611$ & $-0.0451121$ & $0.016213$ & $-0.0191344$ & $0.0404779$ & $0.0562922$ & $0.00879203$ & $0.0364982$ & $-0.0111646$ & $0.033956$ & $1$ & $0.00955056$ & $0.0011385$ & $-0.0300189$ & $-0.0533201$ & $0.0266256$ & $-0.0511478$ & $-0.0188084$ & $-0.00582483$ & $0.0224917$ \\
eHZgaint & $-0.15548$ & $0.00632875$ & $0.0799619$ & $0.207581$ & $0.0356883$ & $0.0263147$ & $-0.0312147$ & $-0.00208574$ & $-0.0109843$ & $-0.0300848$ & $0.00465806$ & $-0.0251002$ & $0.00367541$ & $-0.00416901$ & $0.0499746$ & $0.03218$ & $-0.00480157$ & $-0.0323168$ & $-0.0218161$ & $0.00273706$ & $-0.00846567$ & $-0.0136533$ & $0.0100498$ & $0.0393289$ & $-0.0174372$ & $0.00602111$ & $-0.035504$ & $-0.0166369$ & $-0.0316067$ & $0.0325761$ & $-0.063439$ & $-0.0464504$ & $-0.132452$ & $-0.0393099$ & $-0.175645$ & $-0.0214041$ & $-0.104476$ & $-0.0188976$ & $0.0501348$ & $0.00955056$ & $1$ & $0.0237937$ & $-0.141813$ & $0.0205707$ & $-0.0366532$ & $-0.0667909$ & $-0.107291$ & $-0.222124$ & $-0.295014$ \\
eHZgapar & $0.0344267$ & $-0.0229075$ & $0.071461$ & $-0.0156722$ & $-0.0293064$ & $0.00326654$ & $-0.00304529$ & $-0.00205679$ & $-0.00431863$ & $-0.0019169$ & $0.00787037$ & $0.00112373$ & $0.0141417$ & $-0.0179974$ & $-0.00669196$ & $0.0198154$ & $-0.0105608$ & $-0.00335706$ & $-0.0268165$ & $-0.00461872$ & $-0.00868233$ & $-0.010554$ & $-0.00102324$ & $-0.00403442$ & $-0.0157911$ & $0.00971926$ & $-0.0096893$ & $0.0261754$ & $-0.0231723$ & $-0.0185114$ & $0.00229461$ & $-0.00461234$ & $-0.00111071$ & $0.00566081$ & $0.0328382$ & $-0.00171444$ & $0.00114846$ & $0.0266594$ & $0.0086542$ & $0.0011385$ & $0.0237937$ & $1$ & $-0.0033773$ & $-0.0511799$ & $0.00675465$ & $0.0215158$ & $0.00398804$ & $0.0304607$ & $0.0392766$ \\
eHgagaint & $0.171087$ & $0.261331$ & $0.0969264$ & $-0.0686313$ & $0.0165948$ & $0.055621$ & $0.0266204$ & $-0.0384921$ & $0.0296338$ & $0.0162088$ & $0.0518918$ & $-0.0118509$ & $-0.00734255$ & $-0.034656$ & $0.00456357$ & $0.0103007$ & $-0.0428935$ & $-0.0309298$ & $-0.0404557$ & $-0.0471007$ & $-0.0527026$ & $-0.0558856$ & $-0.0196061$ & $-0.00790621$ & $-0.0872916$ & $0.0105267$ & $-0.0909686$ & $0.028363$ & $-0.000110663$ & $-0.0315211$ & $0.0439384$ & $0.00587367$ & $0.00328349$ & $-0.0267004$ & $-0.0964216$ & $0.0422714$ & $0.190314$ & $0.0354575$ & $0.0295891$ & $-0.0300189$ & $-0.141813$ & $-0.0033773$ & $1$ & $0.166643$ & $0.175017$ & $0.0643635$ & $0.234596$ & $0.330169$ & $0.0597672$ \\
eHmumuint & $-0.0699052$ & $0.270707$ & $-0.0450548$ & $-0.00559324$ & $-0.00337471$ & $0.0125503$ & $-0.0249325$ & $-0.0212878$ & $-0.00859185$ & $0.0273061$ & $0.018393$ & $0.0110748$ & $-0.000556702$ & $-0.000544054$ & $-0.0250934$ & $-0.0280741$ & $0.00711813$ & $0.0164563$ & $0.026369$ & $-0.0171571$ & $-0.0102147$ & $-0.00751383$ & $0.00523919$ & $0.0077763$ & $0.027959$ & $0.0270334$ & $0.0299773$ & $-0.0269377$ & $0.0623217$ & $-0.0384379$ & $0.0125974$ & $-0.0269741$ & $-0.0424592$ & $0.013058$ & $-0.0327451$ & $0.112372$ & $0.193584$ & $0.00966306$ & $-0.0868602$ & $-0.0533201$ & $0.0205707$ & $-0.0511799$ & $0.166643$ & $1$ & $-0.214209$ & $0.0270257$ & $0.030596$ & $0.0570338$ & $-0.0438502$ \\
eHtautauint & $-0.00993615$ & $0.0209669$ & $-0.204811$ & $-0.0683327$ & $0.0203669$ & $-0.0424514$ & $0.0251951$ & $0.0487476$ & $0.0622055$ & $-0.0452181$ & $-0.0452682$ & $-0.0583406$ & $0.0316011$ & $0.0168923$ & $-0.0504018$ & $-0.0327521$ & $-0.0121967$ & $0.0275596$ & $0.0122501$ & $0.0408502$ & $0.0522553$ & $0.0475917$ & $0.0191829$ & $-0.042593$ & $0.024362$ & $-0.0186957$ & $0.0853944$ & $0.075366$ & $-0.0431438$ & $0.0585132$ & $0.00956301$ & $0.016609$ & $0.0242783$ & $0.0760363$ & $0.00701612$ & $-0.0701585$ & $0.0755882$ & $0.061485$ & $0.114756$ & $0.0266256$ & $-0.0366532$ & $0.00675465$ & $0.175017$ & $-0.214209$ & $1$ & $-0.0954154$ & $0.0704368$ & $0.170655$ & $0.0272052$ \\
eHccint & $0.219554$ & $0.0527707$ & $-0.0818761$ & $0.172879$ & $-0.0318268$ & $0.0398125$ & $0.0644081$ & $-0.046755$ & $-0.0367741$ & $0.0357907$ & $0.0415128$ & $0.0205639$ & $-0.029366$ & $0.000881465$ & $0.0425809$ & $0.026459$ & $-0.0131544$ & $-0.0221946$ & $-0.0136775$ & $-0.0380412$ & $-0.0525576$ & $-0.051055$ & $-0.011047$ & $0.0297849$ & $-0.0638737$ & $-0.00229795$ & $-0.106355$ & $-0.0315161$ & $0.0465973$ & $-0.0501336$ & $0.0420834$ & $0.040285$ & $0.0124281$ & $-0.0745393$ & $-0.17757$ & $-0.0659726$ & $0.188418$ & $0.000498235$ & $0.0107144$ & $-0.0511478$ & $-0.0667909$ & $0.0215158$ & $0.0643635$ & $0.0270257$ & $-0.0954154$ & $1$ & $-0.00148438$ & $0.120094$ & $0.0780942$ \\
eHccpar & $0.0898897$ & $0.154334$ & $-0.00426426$ & $-0.21984$ & $0.0490275$ & $0.0144443$ & $0.00150144$ & $-0.0120783$ & $0.00053203$ & $0.00334301$ & $0.0130467$ & $-0.0182013$ & $-0.012988$ & $-0.0128227$ & $0.0270063$ & $-0.00736771$ & $-0.00597647$ & $-0.0262312$ & $0.00084281$ & $-0.00941263$ & $-0.0132881$ & $-0.0100623$ & $-0.0632543$ & $-0.00466504$ & $-0.0220148$ & $0.0326629$ & $-0.0328128$ & $0.0472294$ & $-0.0198884$ & $-0.0181726$ & $0.227172$ & $-0.00371729$ & $0.135265$ & $-0.0276594$ & $-0.12154$ & $0.0982723$ & $0.0195353$ & $0.0362279$ & $0.104063$ & $-0.0188084$ & $-0.107291$ & $0.00398804$ & $0.234596$ & $0.030596$ & $0.0704368$ & $-0.00148438$ & $1$ & $0.443666$ & $0.269637$ \\
eHbbint & $0.259824$ & $0.0788097$ & $-0.0129916$ & $-0.0841796$ & $0.014312$ & $-0.0241095$ & $0.0310643$ & $0.0026683$ & $0.0248328$ & $-0.00884647$ & $-0.00837726$ & $-0.0340806$ & $-0.0156163$ & $-0.00175069$ & $0.0302471$ & $0.0249454$ & $0.0111032$ & $-0.0154973$ & $-0.0137949$ & $0.00881563$ & $0.00365004$ & $-0.000152428$ & $-0.0151473$ & $-0.0156634$ & $-0.0473345$ & $-0.0300923$ & $-0.0528178$ & $0.0266893$ & $-0.0388557$ & $-0.0354903$ & $0.0885272$ & $0.0160672$ & $0.2282$ & $-0.0154458$ & $-0.150138$ & $0.0285839$ & $0.0629983$ & $0.0692379$ & $0.0801762$ & $-0.00582483$ & $-0.222124$ & $0.0304607$ & $0.330169$ & $0.0570338$ & $0.170655$ & $0.120094$ & $0.443666$ & $1$ & $0.347987$ \\
eHbbpar & $0.201942$ & $0.162083$ & $-0.255276$ & $-0.321265$ & $0.00328823$ & $-0.0513456$ & $0.0420027$ & $0.0878245$ & $0.0896874$ & $-0.0303687$ & $-0.0695885$ & $-0.0455094$ & $0.00777205$ & $0.00522856$ & $-0.0998048$ & $-0.0597523$ & $-0.0334806$ & $0.0228381$ & $-0.00704745$ & $0.0521739$ & $0.0849558$ & $0.0871857$ & $0.052815$ & $-0.111812$ & $-0.000568777$ & $-0.0705324$ & $0.146976$ & $0.0816871$ & $-0.031815$ & $0.000610208$ & $0.0560798$ & $0.043409$ & $0.401125$ & $0.151886$ & $-0.14918$ & $-0.10356$ & $-0.0373768$ & $0.0169714$ & $0.286678$ & $0.0224917$ & $-0.295014$ & $0.0392766$ & $0.0597672$ & $-0.0438502$ & $0.0272052$ & $0.0780942$ & $0.269637$ & $0.347987$ & $1$ \\
