 & AlsMz & dAle5Mz & mtop & mHl & Mz & CW & CHG & CHWB & CHWHB_gaga & CHWHB_gagaorth & CHD & CHbox & CH & CHL1_11 & CHL1_22 & CHL1_33 & CHL3_11 & CHL3_22 & CHL3_33 & CHe_11 & CHe_22 & CHe_33 & CHQ1_11 & CHQ1_33 & CHQ3_11 & CHu_11 & CHd_11 & CHd_33 & CeH_22r & CeH_33r & CuH_22r & CuH_33r & CdH_33r & CLL_1221 & eHggint & eHggpar & eHWWint & eHWWpar & eHZZint & eHZZpar & eHZgaint & eHZgapar & eHgagaint & eHmumuint & eHtautauint & eHccint & eHccpar & eHbbint & eHbbpar \\
AlsMz & $1$ & $0.0188088$ & $0.0252134$ & $-0.0113809$ & $-0.00231778$ & $-0.0244291$ & $0.0410303$ & $0.013191$ & $0.0106569$ & $0.0140023$ & $-0.0367439$ & $-0.0160598$ & $-0.0260006$ & $0.0501837$ & $-0.00693703$ & $0.0369723$ & $0.0152647$ & $0.0391397$ & $-0.00116324$ & $0.0300369$ & $0.0228405$ & $0.0198832$ & $-0.0196206$ & $-0.060275$ & $-0.139206$ & $-0.0653769$ & $-0.0588807$ & $0.059563$ & $-0.0365116$ & $0.0300962$ & $-0.0245942$ & $0.0358662$ & $-0.0186822$ & $0.0125742$ & $-0.0355519$ & $0.0297582$ & $-0.0462384$ & $-0.0273744$ & $-0.0238975$ & $-0.039393$ & $0.0156309$ & $0.0196859$ & $0.00594456$ & $-0.0107215$ & $-0.00778021$ & $0.0294672$ & $-0.00805965$ & $-0.0630931$ & $-0.00143416$ \\
dAle5Mz & $0.0188088$ & $1$ & $0.0192238$ & $0.0134843$ & $-0.0155799$ & $0.0258951$ & $-0.0100273$ & $-0.103426$ & $-0.0930071$ & $0.0466962$ & $0.0914385$ & $0.0494501$ & $0.000650643$ & $-0.0574309$ & $-0.0454959$ & $-0.0434594$ & $0.00380501$ & $0.006994$ & $0.01157$ & $-0.0688568$ & $-0.0571983$ & $-0.0477162$ & $0.0157933$ & $0.0288213$ & $-0.000477986$ & $0.0244683$ & $0.00236194$ & $0.0287807$ & $0.0391459$ & $0.025414$ & $-0.00887252$ & $-0.00889334$ & $0.0348075$ & $0.0314031$ & $-0.0161368$ & $0.0253588$ & $0.00252176$ & $-0.0541768$ & $-0.0051157$ & $-0.023849$ & $0.0396455$ & $-0.0192654$ & $0.0272945$ & $-0.00941854$ & $0.0482453$ & $-0.00177388$ & $-0.0507229$ & $-0.00856828$ & $0.0236393$ \\
mtop & $0.0252134$ & $0.0192238$ & $1$ & $0.0192939$ & $0.00513636$ & $-0.00318021$ & $-0.0590885$ & $0.00223724$ & $-0.00107777$ & $-0.0106596$ & $0.0162066$ & $0.0111578$ & $0.01254$ & $-0.0216999$ & $-0.00703631$ & $0.00147232$ & $-0.0228877$ & $-0.0165454$ & $-0.0194533$ & $-0.00835412$ & $-0.00544392$ & $0.00353979$ & $0.00533602$ & $-0.000238327$ & $-0.0250549$ & $-0.0218094$ & $-0.000865213$ & $-0.000361725$ & $0.0122052$ & $-0.0320231$ & $-0.0887308$ & $-0.0677952$ & $-0.00491976$ & $0.00988788$ & $0.00660983$ & $0.035375$ & $0.0238871$ & $-0.00704557$ & $0.042062$ & $0.0237369$ & $0.0841941$ & $0.013869$ & $0.0208343$ & $-0.0270969$ & $0.0414209$ & $-0.0354199$ & $-0.0113013$ & $0.00583453$ & $0.0146881$ \\
mHl & $-0.0113809$ & $0.0134843$ & $0.0192939$ & $1$ & $0.0193221$ & $-0.0392979$ & $-0.0395709$ & $-0.0210401$ & $-0.025184$ & $-0.00976357$ & $0.023074$ & $-0.0278248$ & $-0.0371878$ & $-0.0265493$ & $-0.00833256$ & $-0.0102785$ & $0.0149896$ & $0.00133724$ & $-0.00304589$ & $-0.0207648$ & $-0.0238227$ & $-0.0280025$ & $-0.000341218$ & $-0.00426755$ & $0.00678682$ & $0.0233046$ & $-0.00148606$ & $0.00618947$ & $-0.00200986$ & $-0.00279566$ & $0.0175042$ & $-0.0272347$ & $0.0591782$ & $0.00234224$ & $0.0193785$ & $0.0239761$ & $0.00420493$ & $0.0200255$ & $0.0246911$ & $-0.0243336$ & $-0.00195659$ & $0.00367561$ & $0.0228672$ & $0.0133226$ & $0.0208335$ & $0.00261298$ & $0.00205977$ & $0.0531078$ & $0.0878876$ \\
Mz & $-0.00231778$ & $-0.0155799$ & $0.00513636$ & $0.0193221$ & $1$ & $-0.0225573$ & $0.0300331$ & $0.015936$ & $0.026559$ & $-0.00336776$ & $0.00382961$ & $-0.00509616$ & $-0.00602891$ & $-0.00930012$ & $-0.00106822$ & $0.00791047$ & $-0.0130598$ & $-0.0156284$ & $-0.0336663$ & $0.000402355$ & $0.00443528$ & $0.00308592$ & $-0.00899881$ & $-0.0206401$ & $-0.035172$ & $0.00173319$ & $-0.00914588$ & $0.00732468$ & $-0.0351426$ & $0.00736308$ & $-0.00731419$ & $0.023792$ & $-0.0233487$ & $0.0186693$ & $-0.0178469$ & $-0.00623751$ & $0.00566153$ & $-0.0335871$ & $0.00578806$ & $0.0130846$ & $-0.015364$ & $0.0119473$ & $-0.00560527$ & $-0.0430498$ & $-0.057138$ & $-0.0137459$ & $-0.00680127$ & $0.019385$ & $-0.0525258$ \\
CW & $-0.0244291$ & $0.0258951$ & $-0.00318021$ & $-0.0392979$ & $-0.0225573$ & $1$ & $0.0222515$ & $-0.135026$ & $-0.131824$ & $0.00295203$ & $0.200324$ & $0.0549121$ & $0.00603795$ & $-0.0306656$ & $-0.0862979$ & $-0.0552734$ & $-0.302999$ & $-0.0757611$ & $-0.0979334$ & $-0.196305$ & $-0.204633$ & $-0.206856$ & $0.0488877$ & $-0.000665386$ & $-0.0996216$ & $0.0671452$ & $-0.0569419$ & $-0.0769248$ & $-0.0242509$ & $0.00356492$ & $0.0249362$ & $0.0225203$ & $0.00542392$ & $-0.11378$ & $-0.031562$ & $-0.0255737$ & $0.0114588$ & $-0.0332564$ & $-0.000731176$ & $-0.00563817$ & $0.00597685$ & $-0.0132805$ & $-0.0338466$ & $0.0420365$ & $0.0102089$ & $0.0149687$ & $-0.0107624$ & $0.00515843$ & $0.0422367$ \\
CHG & $0.0410303$ & $-0.0100273$ & $-0.0590885$ & $-0.0395709$ & $0.0300331$ & $0.0222515$ & $1$ & $0.0152109$ & $0.0705587$ & $0.00465482$ & $0.00154842$ & $-0.0114053$ & $-0.0494006$ & $-0.0149$ & $-0.0121888$ & $0.00481228$ & $-0.0361378$ & $-0.0227392$ & $-0.0412537$ & $-0.00839431$ & $-0.00304993$ & $-0.00561548$ & $-0.0222542$ & $-0.0445697$ & $-0.0381112$ & $0.0177809$ & $-0.000236712$ & $0.0232945$ & $0.0248961$ & $-0.0501731$ & $-0.0196512$ & $0.933882$ & $-0.0811708$ & $0.0227189$ & $-0.000315947$ & $-0.0424617$ & $0.0594903$ & $0.0127699$ & $-0.0168312$ & $-0.00196569$ & $-0.0314518$ & $0.00824739$ & $-0.022009$ & $0.00597461$ & $-0.0339628$ & $0.0291891$ & $-0.00409589$ & $-0.00683883$ & $-0.038976$ \\
CHWB & $0.013191$ & $-0.103426$ & $0.00223724$ & $-0.0210401$ & $0.015936$ & $-0.135026$ & $0.0152109$ & $1$ & $0.980776$ & $-0.540165$ & $-0.891398$ & $-0.246861$ & $0.0837945$ & $0.215863$ & $0.333818$ & $0.285039$ & $-0.130373$ & $-0.376991$ & $-0.336536$ & $0.860993$ & $0.906599$ & $0.888456$ & $0.0227319$ & $-0.61566$ & $-0.33168$ & $-0.495569$ & $0.369482$ & $0.255012$ & $-0.0195296$ & $0.0181152$ & $0.0148969$ & $0.00236089$ & $0.0202826$ & $0.48538$ & $-0.0236046$ & $0.0136947$ & $0.0642653$ & $0.0243637$ & $-0.0103622$ & $0.0197858$ & $0.00257306$ & $-0.0205754$ & $0.0218977$ & $0.0230074$ & $0.000440454$ & $-0.0062056$ & $0.0264983$ & $0.0377038$ & $0.0128145$ \\
CHWHB_gaga & $0.0106569$ & $-0.0930071$ & $-0.00107777$ & $-0.025184$ & $0.026559$ & $-0.131824$ & $0.0705587$ & $0.980776$ & $1$ & $-0.531292$ & $-0.868981$ & $-0.231994$ & $0.078612$ & $0.202608$ & $0.3293$ & $0.276648$ & $-0.138031$ & $-0.381574$ & $-0.338057$ & $0.839198$ & $0.884494$ & $0.867477$ & $0.0255443$ & $-0.612414$ & $-0.336602$ & $-0.486042$ & $0.358843$ & $0.250633$ & $-0.00705088$ & $0.0374287$ & $0.0302876$ & $0.0453268$ & $0.0390131$ & $0.47498$ & $-0.0490886$ & $0.00522344$ & $0.0471825$ & $0.0258416$ & $-0.00632429$ & $0.0198311$ & $-0.00527238$ & $-0.0165721$ & $0.0977204$ & $0.0117862$ & $-0.00824134$ & $-0.00939857$ & $0.0317793$ & $0.040784$ & $0.00757035$ \\
CHWHB_gagaorth & $0.0140023$ & $0.0466962$ & $-0.0106596$ & $-0.00976357$ & $-0.00336776$ & $0.00295203$ & $0.00465482$ & $-0.540165$ & $-0.531292$ & $1$ & $0.336419$ & $0.587467$ & $-0.0478407$ & $0.16743$ & $-0.112615$ & $-0.100265$ & $0.385082$ & $0.438954$ & $0.43158$ & $-0.320442$ & $-0.351772$ & $-0.348182$ & $-0.0616835$ & $0.515031$ & $0.421576$ & $0.202079$ & $-0.226427$ & $-0.108823$ & $-0.00284934$ & $-0.0931828$ & $-0.0565597$ & $0.0314117$ & $-0.083008$ & $-0.314007$ & $0.0859308$ & $0.0450941$ & $-0.0245879$ & $0.00203$ & $0.0195145$ & $0.00682898$ & $-0.0686169$ & $0.031326$ & $-0.0293423$ & $0.00132635$ & $-0.0200603$ & $0.0222548$ & $0.000318388$ & $-0.0411127$ & $0.00964707$ \\
CHD & $-0.0367439$ & $0.0914385$ & $0.0162066$ & $0.023074$ & $0.00382961$ & $0.200324$ & $0.00154842$ & $-0.891398$ & $-0.868981$ & $0.336419$ & $1$ & $0.274626$ & $-0.0340991$ & $-0.586314$ & $-0.455938$ & $-0.402826$ & $-0.292233$ & $0.0477126$ & $-0.0026649$ & $-0.989981$ & $-0.9907$ & $-0.968138$ & $0.0250811$ & $0.270368$ & $-0.00647222$ & $0.558202$ & $-0.230986$ & $-0.278528$ & $0.0287779$ & $-0.00802151$ & $-0.0151277$ & $0.0151527$ & $-0.0219394$ & $-0.293772$ & $0.0152039$ & $-0.0184192$ & $-0.0608275$ & $-0.0348786$ & $0.00315256$ & $-0.00622336$ & $0.030646$ & $0.0117489$ & $-0.0204098$ & $-0.0190848$ & $0.0232888$ & $-0.000114129$ & $-0.0435367$ & $-0.0402532$ & $-0.0203947$ \\
CHbox & $-0.0160598$ & $0.0494501$ & $0.0111578$ & $-0.0278248$ & $-0.00509616$ & $0.0549121$ & $-0.0114053$ & $-0.246861$ & $-0.231994$ & $0.587467$ & $0.274626$ & $1$ & $0.42365$ & $-0.185915$ & $-0.0304786$ & $-0.0323195$ & $-0.0960676$ & $-0.0542848$ & $-0.054175$ & $-0.25259$ & $-0.284123$ & $-0.27988$ & $-0.0592019$ & $0.0965133$ & $-0.0600133$ & $0.187706$ & $-0.159183$ & $-0.0723807$ & $0.0241089$ & $0.196691$ & $0.00100463$ & $0.0763845$ & $0.196452$ & $-0.167643$ & $0.142351$ & $0.0736483$ & $-0.0329972$ & $0.00927924$ & $0.00341233$ & $0.022907$ & $-0.00427164$ & $0.0468512$ & $-0.0653699$ & $0.0215115$ & $0.0354803$ & $0.0235196$ & $-0.0559067$ & $-0.0317862$ & $-0.0042062$ \\
CH & $-0.0260006$ & $0.000650643$ & $0.01254$ & $-0.0371878$ & $-0.00602891$ & $0.00603795$ & $-0.0494006$ & $0.0837945$ & $0.078612$ & $-0.0478407$ & $-0.0340991$ & $0.42365$ & $1$ & $-0.0749391$ & $0.0280478$ & $0.0268402$ & $-0.0959853$ & $-0.112405$ & $-0.113781$ & $0.0339428$ & $0.0339684$ & $0.0330893$ & $-0.0322198$ & $-0.102055$ & $-0.118624$ & $0.0129432$ & $0.00686069$ & $0.0121913$ & $0.0052586$ & $0.0886871$ & $-0.0163099$ & $-0.0200599$ & $0.0973925$ & $0.0428413$ & $0.0475351$ & $0.0212835$ & $-0.0150396$ & $0.0156328$ & $-0.00267839$ & $0.0268482$ & $0.0389742$ & $0.0334622$ & $-0.050753$ & $0.0297534$ & $0.0569206$ & $0.0196383$ & $-0.0754951$ & $-0.0103128$ & $0.00848051$ \\
CHL1_11 & $0.0501837$ & $-0.0574309$ & $-0.0216999$ & $-0.0265493$ & $-0.00930012$ & $-0.0306656$ & $-0.0149$ & $0.215863$ & $0.202608$ & $0.16743$ & $-0.586314$ & $-0.185915$ & $-0.0749391$ & $1$ & $0.323669$ & $0.308213$ & $0.618309$ & $0.522968$ & $0.546246$ & $0.605612$ & $0.547372$ & $0.526882$ & $-0.0919005$ & $0.409325$ & $0.516581$ & $-0.325281$ & $-0.105373$ & $0.138847$ & $-0.0253849$ & $-0.0216618$ & $0.00502071$ & $-0.0273691$ & $0.000650492$ & $-0.196925$ & $0.0211543$ & $-0.013785$ & $0.0257519$ & $0.0343449$ & $0.0264566$ & $-0.0104034$ & $-0.0777637$ & $0.00764035$ & $0.00207436$ & $0.0024796$ & $-0.0642277$ & $0.00530113$ & $0.0506081$ & $0.0256094$ & $0.0179797$ \\
CHL1_22 & $-0.00693703$ & $-0.0454959$ & $-0.00703631$ & $-0.00833256$ & $-0.00106822$ & $-0.0862979$ & $-0.0121888$ & $0.333818$ & $0.3293$ & $-0.112615$ & $-0.455938$ & $-0.0304786$ & $0.0280478$ & $0.323669$ & $1$ & $0.423038$ & $0.204708$ & $-0.482299$ & $0.0201331$ & $0.519211$ & $0.374025$ & $0.368814$ & $-0.168274$ & $0.134552$ & $-0.132676$ & $-0.22254$ & $-0.397026$ & $0.0873293$ & $-0.0162439$ & $-0.00104136$ & $0.0287278$ & $-0.0110104$ & $0.0294494$ & $-0.630975$ & $0.00690821$ & $0.0579181$ & $0.0277431$ & $0.0272393$ & $0.0175663$ & $-0.00373056$ & $-0.0224464$ & $0.032803$ & $0.0203892$ & $-0.0100006$ & $-0.0107493$ & $-0.00335959$ & $0.0266312$ & $0.0667809$ & $0.00449647$ \\
CHL1_33 & $0.0369723$ & $-0.0434594$ & $0.00147232$ & $-0.0102785$ & $0.00791047$ & $-0.0552734$ & $0.00481228$ & $0.285039$ & $0.276648$ & $-0.100265$ & $-0.402826$ & $-0.0323195$ & $0.0268402$ & $0.308213$ & $0.423038$ & $1$ & $0.184517$ & $0.00078368$ & $-0.442662$ & $0.466604$ & $0.321606$ & $0.341056$ & $-0.145278$ & $0.149751$ & $-0.13462$ & $-0.224259$ & $-0.414424$ & $0.114872$ & $-0.0428678$ & $-0.000733638$ & $0.0272875$ & $0.00662074$ & $0.0157758$ & $-0.123881$ & $0.0145399$ & $-0.012805$ & $-0.0277726$ & $0.0284883$ & $0.0171072$ & $0.0331858$ & $-0.0109274$ & $0.0332709$ & $0.0276281$ & $-0.0176891$ & $-0.00652074$ & $0.0342458$ & $0.00702338$ & $0.08767$ & $0.0084662$ \\
CHL3_11 & $0.0152647$ & $0.00380501$ & $-0.0228877$ & $0.0149896$ & $-0.0130598$ & $-0.302999$ & $-0.0361378$ & $-0.130373$ & $-0.138031$ & $0.385082$ & $-0.292233$ & $-0.0960676$ & $-0.0959853$ & $0.618309$ & $0.204708$ & $0.184517$ & $1$ & $0.669773$ & $0.696775$ & $0.3137$ & $0.264464$ & $0.255472$ & $-0.0503353$ & $0.608839$ & $0.715365$ & $-0.177092$ & $-0.140656$ & $0.0784562$ & $-0.022941$ & $-0.0223341$ & $-0.00919311$ & $-0.0389467$ & $0.00544981$ & $-0.196828$ & $-0.00641383$ & $0.0284668$ & $0.00735168$ & $0.0217791$ & $0.00545065$ & $-0.0331127$ & $-0.0662468$ & $0.0130616$ & $0.00839193$ & $-0.0100662$ & $-0.0340525$ & $0.00745425$ & $0.0368944$ & $-0.00657599$ & $0.0131011$ \\
CHL3_22 & $0.0391397$ & $0.006994$ & $-0.0165454$ & $0.00133724$ & $-0.0156284$ & $-0.0757611$ & $-0.0227392$ & $-0.376991$ & $-0.381574$ & $0.438954$ & $0.0477126$ & $-0.0542848$ & $-0.112405$ & $0.522968$ & $-0.482299$ & $0.00078368$ & $0.669773$ & $1$ & $0.590421$ & $-0.0515293$ & $-0.0367276$ & $-0.0404587$ & $0.0271002$ & $0.542866$ & $0.736011$ & $-0.0022742$ & $0.0314409$ & $0.000940294$ & $-0.0095762$ & $-0.0205542$ & $-0.023529$ & $-0.025848$ & $-0.0250871$ & $0.142415$ & $0.0143767$ & $-0.043635$ & $-0.0233722$ & $0.0056177$ & $0.00212344$ & $-0.0185336$ & $-0.0501105$ & $-0.00360603$ & $-0.0138845$ & $-0.00145352$ & $-0.0397897$ & $0.014816$ & $0.0120836$ & $-0.0411466$ & $0.00394172$ \\
CHL3_33 & $-0.00116324$ & $0.01157$ & $-0.0194533$ & $-0.00304589$ & $-0.0336663$ & $-0.0979334$ & $-0.0412537$ & $-0.336536$ & $-0.338057$ & $0.43158$ & $-0.0026649$ & $-0.054175$ & $-0.113781$ & $0.546246$ & $0.0201331$ & $-0.442662$ & $0.696775$ & $0.590421$ & $1$ & $0.000746718$ & $0.0121366$ & $0.0119433$ & $0.0148392$ & $0.544586$ & $0.743038$ & $-0.0140405$ & $0.0351571$ & $-0.010897$ & $0.0115133$ & $-0.0293136$ & $-0.024195$ & $-0.0468342$ & $-0.00788394$ & $-0.302631$ & $0.0101851$ & $0.0124169$ & $0.0221447$ & $0.00330773$ & $0.00908601$ & $-0.0362579$ & $-0.0591257$ & $4.10045e-05$ & $-0.0196649$ & $0.0115344$ & $-0.0406629$ & $-0.0169543$ & $0.035343$ & $-0.0593814$ & $0.019137$ \\
CHe_11 & $0.0300369$ & $-0.0688568$ & $-0.00835412$ & $-0.0207648$ & $0.000402355$ & $-0.196305$ & $-0.00839431$ & $0.860993$ & $0.839198$ & $-0.320442$ & $-0.989981$ & $-0.25259$ & $0.0339428$ & $0.605612$ & $0.519211$ & $0.466604$ & $0.3137$ & $-0.0515293$ & $0.000746718$ & $1$ & $0.972023$ & $0.951268$ & $-0.0476311$ & $-0.210356$ & $0.0120687$ & $-0.549515$ & $0.15633$ & $0.271488$ & $-0.0286782$ & $0.00698778$ & $0.0155232$ & $-0.0204437$ & $0.0201833$ & $0.21208$ & $-0.0105354$ & $0.0148355$ & $0.0558684$ & $0.037309$ & $-0.00644854$ & $0.00392941$ & $-0.0312521$ & $-0.00621777$ & $0.02149$ & $0.01792$ & $-0.0237477$ & $0.000295059$ & $0.0369345$ & $0.0442816$ & $0.015932$ \\
CHe_22 & $0.0228405$ & $-0.0571983$ & $-0.00544392$ & $-0.0238227$ & $0.00443528$ & $-0.204633$ & $-0.00304993$ & $0.906599$ & $0.884494$ & $-0.351772$ & $-0.9907$ & $-0.284123$ & $0.0339684$ & $0.547372$ & $0.374025$ & $0.321606$ & $0.264464$ & $-0.0367276$ & $0.0121366$ & $0.972023$ & $1$ & $0.973513$ & $0.00271858$ & $-0.326771$ & $0.00720979$ & $-0.559256$ & $0.312141$ & $0.280228$ & $-0.0247773$ & $0.00792234$ & $0.0112478$ & $-0.0176253$ & $0.0202202$ & $0.382925$ & $-0.0211209$ & $0.0180156$ & $0.0656927$ & $0.0307309$ & $-0.00807499$ & $0.00484125$ & $-0.0293108$ & $-0.016281$ & $0.0217831$ & $0.0226083$ & $-0.0187006$ & $-0.00615702$ & $0.0405055$ & $0.030636$ & $0.0182814$ \\
CHe_33 & $0.0198832$ & $-0.0477162$ & $0.00353979$ & $-0.0280025$ & $0.00308592$ & $-0.206856$ & $-0.00561548$ & $0.888456$ & $0.867477$ & $-0.348182$ & $-0.968138$ & $-0.27988$ & $0.0330893$ & $0.526882$ & $0.368814$ & $0.341056$ & $0.255472$ & $-0.0404587$ & $0.0119433$ & $0.951268$ & $0.973513$ & $1$ & $0.00402779$ & $-0.317387$ & $0.00324891$ & $-0.552252$ & $0.305626$ & $0.273627$ & $-0.0162623$ & $-0.00262522$ & $-0.000556172$ & $-0.0214955$ & $0.0177731$ & $0.378283$ & $-0.0159657$ & $0.0162727$ & $0.061137$ & $0.0297169$ & $0.00073361$ & $0.0183055$ & $-0.0237509$ & $-0.0118491$ & $0.0270194$ & $0.0257084$ & $-0.0216813$ & $-0.00443144$ & $0.0327267$ & $0.0241867$ & $0.0283998$ \\
CHQ1_11 & $-0.0196206$ & $0.0157933$ & $0.00533602$ & $-0.000341218$ & $-0.00899881$ & $0.0488877$ & $-0.0222542$ & $0.0227319$ & $0.0255443$ & $-0.0616835$ & $0.0250811$ & $-0.0592019$ & $-0.0322198$ & $-0.0919005$ & $-0.168274$ & $-0.145278$ & $-0.0503353$ & $0.0271002$ & $0.0148392$ & $-0.0476311$ & $0.00271858$ & $0.00402779$ & $1$ & $-0.113376$ & $0.124887$ & $-0.656727$ & $0.339078$ & $-0.00149761$ & $-0.0203428$ & $0.00186436$ & $-0.00361308$ & $-0.0183717$ & $0.00494889$ & $0.179094$ & $-0.00101783$ & $0.0266953$ & $0.00496584$ & $0.033036$ & $0.0129767$ & $-0.0219513$ & $0.0256409$ & $-0.0423889$ & $0.0081208$ & $0.0113271$ & $-0.0154173$ & $-0.00973195$ & $-0.0300233$ & $-0.0361824$ & $-0.00659997$ \\
CHQ1_33 & $-0.060275$ & $0.0288213$ & $-0.000238327$ & $-0.00426755$ & $-0.0206401$ & $-0.000665386$ & $-0.0445697$ & $-0.61566$ & $-0.612414$ & $0.515031$ & $0.270368$ & $0.0965133$ & $-0.102055$ & $0.409325$ & $0.134552$ & $0.149751$ & $0.608839$ & $0.542866$ & $0.544586$ & $-0.210356$ & $-0.326771$ & $-0.317387$ & $-0.113376$ & $1$ & $0.568954$ & $0.153139$ & $-0.404416$ & $-0.00447969$ & $-0.00910093$ & $-0.022781$ & $0.00954503$ & $-0.0344522$ & $-0.00366798$ & $-0.603742$ & $0.0151086$ & $0.0070404$ & $-0.0222756$ & $0.00570043$ & $0.0211908$ & $-0.0250009$ & $-0.039309$ & $0.0467182$ & $-0.0219688$ & $-0.0316818$ & $-0.0298727$ & $0.00586427$ & $0.0243068$ & $0.00972987$ & $-0.00786854$ \\
CHQ3_11 & $-0.139206$ & $-0.000477986$ & $-0.0250549$ & $0.00678682$ & $-0.035172$ & $-0.0996216$ & $-0.0381112$ & $-0.33168$ & $-0.336602$ & $0.421576$ & $-0.00647222$ & $-0.0600133$ & $-0.118624$ & $0.516581$ & $-0.132676$ & $-0.13462$ & $0.715365$ & $0.736011$ & $0.743038$ & $0.0120687$ & $0.00720979$ & $0.00324891$ & $0.124887$ & $0.568954$ & $1$ & $-0.0110371$ & $0.291956$ & $0.00459083$ & $0.00743025$ & $-0.0412435$ & $-0.0115529$ & $-0.0394646$ & $-0.0233295$ & $-0.130267$ & $0.0122105$ & $-0.00536496$ & $0.0213338$ & $0.0572419$ & $0.017072$ & $-0.0126029$ & $-0.0502583$ & $-0.0109141$ & $-0.0230666$ & $-0.0097626$ & $-0.0173357$ & $0.011386$ & $0.00859793$ & $-0.00215937$ & $-0.00877488$ \\
CHu_11 & $-0.0653769$ & $0.0244683$ & $-0.0218094$ & $0.0233046$ & $0.00173319$ & $0.0671452$ & $0.0177809$ & $-0.495569$ & $-0.486042$ & $0.202079$ & $0.558202$ & $0.187706$ & $0.0129432$ & $-0.325281$ & $-0.22254$ & $-0.224259$ & $-0.177092$ & $-0.0022742$ & $-0.0140405$ & $-0.549515$ & $-0.559256$ & $-0.552252$ & $-0.656727$ & $0.153139$ & $-0.0110371$ & $1$ & $-0.125353$ & $-0.160056$ & $0.044687$ & $0.009105$ & $-0.00483238$ & $0.0210121$ & $-0.000762892$ & $-0.198751$ & $-0.0120238$ & $-0.0391714$ & $-0.0422111$ & $-0.0312806$ & $-0.0244405$ & $0.0129134$ & $0.000162379$ & $0.0340775$ & $-0.021489$ & $-0.00244314$ & $0.035547$ & $-0.0031761$ & $-0.0155774$ & $0.0117818$ & $-0.00163442$ \\
CHd_11 & $-0.0588807$ & $0.00236194$ & $-0.000865213$ & $-0.00148606$ & $-0.00914588$ & $-0.0569419$ & $-0.000236712$ & $0.369482$ & $0.358843$ & $-0.226427$ & $-0.230986$ & $-0.159183$ & $0.00686069$ & $-0.105373$ & $-0.397026$ & $-0.414424$ & $-0.140656$ & $0.0314409$ & $0.0351571$ & $0.15633$ & $0.312141$ & $0.305626$ & $0.339078$ & $-0.404416$ & $0.291956$ & $-0.125353$ & $1$ & $0.0848242$ & $0.0189953$ & $-0.00105875$ & $-0.00990767$ & $-0.00794386$ & $-0.010663$ & $0.655573$ & $-0.038014$ & $-0.000797885$ & $0.0645465$ & $0.0411466$ & $-0.012801$ & $0.0107612$ & $0.0230589$ & $-0.0481521$ & $-0.020391$ & $0.0156494$ & $0.0327892$ & $-0.00728743$ & $-0.0119581$ & $-0.0133462$ & $-0.00859645$ \\
CHd_33 & $0.059563$ & $0.0287807$ & $-0.000361725$ & $0.00618947$ & $0.00732468$ & $-0.0769248$ & $0.0232945$ & $0.255012$ & $0.250633$ & $-0.108823$ & $-0.278528$ & $-0.0723807$ & $0.0121913$ & $0.138847$ & $0.0873293$ & $0.114872$ & $0.0784562$ & $0.000940294$ & $-0.010897$ & $0.271488$ & $0.280228$ & $0.273627$ & $-0.00149761$ & $-0.00447969$ & $0.00459083$ & $-0.160056$ & $0.0848242$ & $1$ & $0.00128558$ & $0.0337941$ & $0.0273842$ & $0.0286202$ & $0.0126038$ & $0.133364$ & $0.0187611$ & $0.000436961$ & $0.0313168$ & $0.0182925$ & $-0.00191031$ & $-0.00431872$ & $0.00248108$ & $0.0131225$ & $0.0237553$ & $0.00220484$ & $0.0108358$ & $0.0161251$ & $0.0132445$ & $-0.0111591$ & $-0.0201136$ \\
CeH_22r & $-0.0365116$ & $0.0391459$ & $0.0122052$ & $-0.00200986$ & $-0.0351426$ & $-0.0242509$ & $0.0248961$ & $-0.0195296$ & $-0.00705088$ & $-0.00284934$ & $0.0287779$ & $0.0241089$ & $0.0052586$ & $-0.0253849$ & $-0.0162439$ & $-0.0428678$ & $-0.022941$ & $-0.0095762$ & $0.0115133$ & $-0.0286782$ & $-0.0247773$ & $-0.0162623$ & $-0.0203428$ & $-0.00910093$ & $0.00743025$ & $0.044687$ & $0.0189953$ & $0.00128558$ & $1$ & $0.03759$ & $0.0756611$ & $0.00800048$ & $0.00842061$ & $-1.43277e-05$ & $-0.0571382$ & $-0.0292533$ & $-0.0164427$ & $-0.03153$ & $-0.0263449$ & $0.0129547$ & $-0.0424515$ & $-0.0356793$ & $0.021887$ & $0.0288799$ & $-0.00853396$ & $0.0130127$ & $-0.00772435$ & $-0.0384117$ & $-0.063668$ \\
CeH_33r & $0.0300962$ & $0.025414$ & $-0.0320231$ & $-0.00279566$ & $0.00736308$ & $0.00356492$ & $-0.0501731$ & $0.0181152$ & $0.0374287$ & $-0.0931828$ & $-0.00802151$ & $0.196691$ & $0.0886871$ & $-0.0216618$ & $-0.00104136$ & $-0.000733638$ & $-0.0223341$ & $-0.0205542$ & $-0.0293136$ & $0.00698778$ & $0.00792234$ & $-0.00262522$ & $0.00186436$ & $-0.022781$ & $-0.0412435$ & $0.009105$ & $-0.00105875$ & $0.0337941$ & $0.03759$ & $1$ & $0.301107$ & $0.0854071$ & $0.591982$ & $0.0167267$ & $-0.0828875$ & $-0.0509219$ & $-0.262456$ & $-0.033102$ & $-0.0379726$ & $-0.017274$ & $-0.00103247$ & $0.041197$ & $-0.0160407$ & $0.0509718$ & $0.0515907$ & $0.00851141$ & $0.0108879$ & $0.0115502$ & $-0.00790303$ \\
CuH_22r & $-0.0245942$ & $-0.00887252$ & $-0.0887308$ & $0.0175042$ & $-0.00731419$ & $0.0249362$ & $-0.0196512$ & $0.0148969$ & $0.0302876$ & $-0.0565597$ & $-0.0151277$ & $0.00100463$ & $-0.0163099$ & $0.00502071$ & $0.0287278$ & $0.0272875$ & $-0.00919311$ & $-0.023529$ & $-0.024195$ & $0.0155232$ & $0.0112478$ & $-0.000556172$ & $-0.00361308$ & $0.00954503$ & $-0.0115529$ & $-0.00483238$ & $-0.00990767$ & $0.0273842$ & $0.0756611$ & $0.301107$ & $1$ & $0.0618161$ & $0.291951$ & $-0.0201633$ & $-0.0440234$ & $-0.0250045$ & $-0.11961$ & $-0.0433902$ & $-0.0562389$ & $-0.00692035$ & $-0.0165598$ & $0.00407571$ & $0.0400323$ & $-0.00267688$ & $-0.0146452$ & $0.106871$ & $0.432317$ & $-0.00178041$ & $-0.00233428$ \\
CuH_33r & $0.0358662$ & $-0.00889334$ & $-0.0677952$ & $-0.0272347$ & $0.023792$ & $0.0225203$ & $0.933882$ & $0.00236089$ & $0.0453268$ & $0.0314117$ & $0.0151527$ & $0.0763845$ & $-0.0200599$ & $-0.0273691$ & $-0.0110104$ & $0.00662074$ & $-0.0389467$ & $-0.025848$ & $-0.0468342$ & $-0.0204437$ & $-0.0176253$ & $-0.0214955$ & $-0.0183717$ & $-0.0344522$ & $-0.0394646$ & $0.0210121$ & $-0.00794386$ & $0.0286202$ & $0.00800048$ & $0.0854071$ & $0.0618161$ & $1$ & $0.062776$ & $0.013063$ & $0.102034$ & $0.0134876$ & $0.0193263$ & $-0.000652741$ & $-0.0150971$ & $0.0058778$ & $-0.0235782$ & $0.0215662$ & $-0.0188699$ & $0.00754352$ & $-0.0288438$ & $0.0280309$ & $0.00263405$ & $-0.0168561$ & $-0.0524321$ \\
CdH_33r & $-0.0186822$ & $0.0348075$ & $-0.00491976$ & $0.0591782$ & $-0.0233487$ & $0.00542392$ & $-0.0811708$ & $0.0202826$ & $0.0390131$ & $-0.083008$ & $-0.0219394$ & $0.196452$ & $0.0973925$ & $0.000650492$ & $0.0294494$ & $0.0157758$ & $0.00544981$ & $-0.0250871$ & $-0.00788394$ & $0.0201833$ & $0.0202202$ & $0.0177731$ & $0.00494889$ & $-0.00366798$ & $-0.0233295$ & $-0.000762892$ & $-0.010663$ & $0.0126038$ & $0.00842061$ & $0.591982$ & $0.291951$ & $0.062776$ & $1$ & $-0.00838525$ & $-0.109795$ & $-0.0350968$ & $-0.266535$ & $-0.00483247$ & $-0.0335366$ & $0.00579044$ & $-0.0185717$ & $-0.0102808$ & $0.00630318$ & $0.00691154$ & $0.000587081$ & $0.0281467$ & $-0.0112981$ & $0.237877$ & $0.561647$ \\
CLL_1221 & $0.0125742$ & $0.0314031$ & $0.00988788$ & $0.00234224$ & $0.0186693$ & $-0.11378$ & $0.0227189$ & $0.48538$ & $0.47498$ & $-0.314007$ & $-0.293772$ & $-0.167643$ & $0.0428413$ & $-0.196925$ & $-0.630975$ & $-0.123881$ & $-0.196828$ & $0.142415$ & $-0.302631$ & $0.21208$ & $0.382925$ & $0.378283$ & $0.179094$ & $-0.603742$ & $-0.130267$ & $-0.198751$ & $0.655573$ & $0.133364$ & $-1.43277e-05$ & $0.0167267$ & $-0.0201633$ & $0.013063$ & $-0.00838525$ & $1$ & $-0.0323276$ & $-0.0319635$ & $0.0281406$ & $-0.00954421$ & $-0.0263583$ & $0.0148453$ & $0.0269309$ & $-0.0449135$ & $0.00766184$ & $0.0214751$ & $0.0229341$ & $0.000400006$ & $-0.0109997$ & $-0.0353045$ & $0.00387947$ \\
eHggint & $-0.0355519$ & $-0.0161368$ & $0.00660983$ & $0.0193785$ & $-0.0178469$ & $-0.031562$ & $-0.000315947$ & $-0.0236046$ & $-0.0490886$ & $0.0859308$ & $0.0152039$ & $0.142351$ & $0.0475351$ & $0.0211543$ & $0.00690821$ & $0.0145399$ & $-0.00641383$ & $0.0143767$ & $0.0101851$ & $-0.0105354$ & $-0.0211209$ & $-0.0159657$ & $-0.00101783$ & $0.0151086$ & $0.0122105$ & $-0.0120238$ & $-0.038014$ & $0.0187611$ & $-0.0571382$ & $-0.0828875$ & $-0.0440234$ & $0.102034$ & $-0.109795$ & $-0.0323276$ & $1$ & $-0.0300297$ & $0.108587$ & $-0.00398996$ & $-0.00900237$ & $0.0401178$ & $0.0166189$ & $0.0400877$ & $-0.00269469$ & $-0.0369741$ & $0.0129928$ & $0.00672038$ & $0.0139853$ & $-0.0401966$ & $-0.0441291$ \\
eHggpar & $0.0297582$ & $0.0253588$ & $0.035375$ & $0.0239761$ & $-0.00623751$ & $-0.0255737$ & $-0.0424617$ & $0.0136947$ & $0.00522344$ & $0.0450941$ & $-0.0184192$ & $0.0736483$ & $0.0212835$ & $-0.013785$ & $0.0579181$ & $-0.012805$ & $0.0284668$ & $-0.043635$ & $0.0124169$ & $0.0148355$ & $0.0180156$ & $0.0162727$ & $0.0266953$ & $0.0070404$ & $-0.00536496$ & $-0.0391714$ & $-0.000797885$ & $0.000436961$ & $-0.0292533$ & $-0.0509219$ & $-0.0250045$ & $0.0134876$ & $-0.0350968$ & $-0.0319635$ & $-0.0300297$ & $1$ & $0.0460938$ & $0.012107$ & $0.054842$ & $-0.016833$ & $-0.0148194$ & $0.0252088$ & $0.0132895$ & $0.0038095$ & $-0.00715394$ & $-0.0344472$ & $0.00086819$ & $-0.0182698$ & $-0.000899903$ \\
eHWWint & $-0.0462384$ & $0.00252176$ & $0.0238871$ & $0.00420493$ & $0.00566153$ & $0.0114588$ & $0.0594903$ & $0.0642653$ & $0.0471825$ & $-0.0245879$ & $-0.0608275$ & $-0.0329972$ & $-0.0150396$ & $0.0257519$ & $0.0277431$ & $-0.0277726$ & $0.00735168$ & $-0.0233722$ & $0.0221447$ & $0.0558684$ & $0.0656927$ & $0.061137$ & $0.00496584$ & $-0.0222756$ & $0.0213338$ & $-0.0422111$ & $0.0645465$ & $0.0313168$ & $-0.0164427$ & $-0.262456$ & $-0.11961$ & $0.0193263$ & $-0.266535$ & $0.0281406$ & $0.108587$ & $0.0460938$ & $1$ & $-0.000940949$ & $0.0270131$ & $-0.00948202$ & $-0.0137762$ & $-0.0045041$ & $-0.0400851$ & $-0.0247175$ & $0.0380139$ & $-0.0299965$ & $0.01172$ & $-0.00580408$ & $-0.0330405$ \\
eHWWpar & $-0.0273744$ & $-0.0541768$ & $-0.00704557$ & $0.0200255$ & $-0.0335871$ & $-0.0332564$ & $0.0127699$ & $0.0243637$ & $0.0258416$ & $0.00203$ & $-0.0348786$ & $0.00927924$ & $0.0156328$ & $0.0343449$ & $0.0272393$ & $0.0284883$ & $0.0217791$ & $0.0056177$ & $0.00330773$ & $0.037309$ & $0.0307309$ & $0.0297169$ & $0.033036$ & $0.00570043$ & $0.0572419$ & $-0.0312806$ & $0.0411466$ & $0.0182925$ & $-0.03153$ & $-0.033102$ & $-0.0433902$ & $-0.000652741$ & $-0.00483247$ & $-0.00954421$ & $-0.00398996$ & $0.012107$ & $-0.000940949$ & $1$ & $0.054492$ & $0.0240935$ & $0.0069177$ & $-0.00770397$ & $-0.00714236$ & $-0.0356749$ & $0.0120899$ & $0.0241888$ & $-0.0149166$ & $0.0482647$ & $0.0162576$ \\
eHZZint & $-0.0238975$ & $-0.0051157$ & $0.042062$ & $0.0246911$ & $0.00578806$ & $-0.000731176$ & $-0.0168312$ & $-0.0103622$ & $-0.00632429$ & $0.0195145$ & $0.00315256$ & $0.00341233$ & $-0.00267839$ & $0.0264566$ & $0.0175663$ & $0.0171072$ & $0.00545065$ & $0.00212344$ & $0.00908601$ & $-0.00644854$ & $-0.00807499$ & $0.00073361$ & $0.0129767$ & $0.0211908$ & $0.017072$ & $-0.0244405$ & $-0.012801$ & $-0.00191031$ & $-0.0263449$ & $-0.0379726$ & $-0.0562389$ & $-0.0150971$ & $-0.0335366$ & $-0.0263583$ & $-0.00900237$ & $0.054842$ & $0.0270131$ & $0.054492$ & $1$ & $-0.00945805$ & $-0.00317639$ & $0.0338913$ & $0.0111174$ & $-0.0150088$ & $-0.0240202$ & $-0.00486243$ & $-0.0204426$ & $0.0140605$ & $-0.00774658$ \\
eHZZpar & $-0.039393$ & $-0.023849$ & $0.0237369$ & $-0.0243336$ & $0.0130846$ & $-0.00563817$ & $-0.00196569$ & $0.0197858$ & $0.0198311$ & $0.00682898$ & $-0.00622336$ & $0.022907$ & $0.0268482$ & $-0.0104034$ & $-0.00373056$ & $0.0331858$ & $-0.0331127$ & $-0.0185336$ & $-0.0362579$ & $0.00392941$ & $0.00484125$ & $0.0183055$ & $-0.0219513$ & $-0.0250009$ & $-0.0126029$ & $0.0129134$ & $0.0107612$ & $-0.00431872$ & $0.0129547$ & $-0.017274$ & $-0.00692035$ & $0.0058778$ & $0.00579044$ & $0.0148453$ & $0.0401178$ & $-0.016833$ & $-0.00948202$ & $0.0240935$ & $-0.00945805$ & $1$ & $0.00143284$ & $0.00245547$ & $0.0169596$ & $-0.0357246$ & $-0.00482038$ & $-0.00775708$ & $-0.0197193$ & $-0.0117717$ & $0.0287036$ \\
eHZgaint & $0.0156309$ & $0.0396455$ & $0.0841941$ & $-0.00195659$ & $-0.015364$ & $0.00597685$ & $-0.0314518$ & $0.00257306$ & $-0.00527238$ & $-0.0686169$ & $0.030646$ & $-0.00427164$ & $0.0389742$ & $-0.0777637$ & $-0.0224464$ & $-0.0109274$ & $-0.0662468$ & $-0.0501105$ & $-0.0591257$ & $-0.0312521$ & $-0.0293108$ & $-0.0237509$ & $0.0256409$ & $-0.039309$ & $-0.0502583$ & $0.000162379$ & $0.0230589$ & $0.00248108$ & $-0.0424515$ & $-0.00103247$ & $-0.0165598$ & $-0.0235782$ & $-0.0185717$ & $0.0269309$ & $0.0166189$ & $-0.0148194$ & $-0.0137762$ & $0.0069177$ & $-0.00317639$ & $0.00143284$ & $1$ & $0.0469734$ & $-0.0134098$ & $0.0113928$ & $0.00584643$ & $0.0159766$ & $0.0105856$ & $-0.0193292$ & $-0.0247103$ \\
eHZgapar & $0.0196859$ & $-0.0192654$ & $0.013869$ & $0.00367561$ & $0.0119473$ & $-0.0132805$ & $0.00824739$ & $-0.0205754$ & $-0.0165721$ & $0.031326$ & $0.0117489$ & $0.0468512$ & $0.0334622$ & $0.00764035$ & $0.032803$ & $0.0332709$ & $0.0130616$ & $-0.00360603$ & $4.10045e-05$ & $-0.00621777$ & $-0.016281$ & $-0.0118491$ & $-0.0423889$ & $0.0467182$ & $-0.0109141$ & $0.0340775$ & $-0.0481521$ & $0.0131225$ & $-0.0356793$ & $0.041197$ & $0.00407571$ & $0.0215662$ & $-0.0102808$ & $-0.0449135$ & $0.0400877$ & $0.0252088$ & $-0.0045041$ & $-0.00770397$ & $0.0338913$ & $0.00245547$ & $0.0469734$ & $1$ & $0.0444526$ & $0.00341523$ & $0.0158054$ & $-0.0240101$ & $0.00645415$ & $-0.00879812$ & $-0.0338168$ \\
eHgagaint & $0.00594456$ & $0.0272945$ & $0.0208343$ & $0.0228672$ & $-0.00560527$ & $-0.0338466$ & $-0.022009$ & $0.0218977$ & $0.0977204$ & $-0.0293423$ & $-0.0204098$ & $-0.0653699$ & $-0.050753$ & $0.00207436$ & $0.0203892$ & $0.0276281$ & $0.00839193$ & $-0.0138845$ & $-0.0196649$ & $0.02149$ & $0.0217831$ & $0.0270194$ & $0.0081208$ & $-0.0219688$ & $-0.0230666$ & $-0.021489$ & $-0.020391$ & $0.0237553$ & $0.021887$ & $-0.0160407$ & $0.0400323$ & $-0.0188699$ & $0.00630318$ & $0.00766184$ & $-0.00269469$ & $0.0132895$ & $-0.0400851$ & $-0.00714236$ & $0.0111174$ & $0.0169596$ & $-0.0134098$ & $0.0444526$ & $1$ & $-0.0263014$ & $-0.0575126$ & $-0.076193$ & $0.0174157$ & $0.0808271$ & $-0.00427653$ \\
eHmumuint & $-0.0107215$ & $-0.00941854$ & $-0.0270969$ & $0.0133226$ & $-0.0430498$ & $0.0420365$ & $0.00597461$ & $0.0230074$ & $0.0117862$ & $0.00132635$ & $-0.0190848$ & $0.0215115$ & $0.0297534$ & $0.0024796$ & $-0.0100006$ & $-0.0176891$ & $-0.0100662$ & $-0.00145352$ & $0.0115344$ & $0.01792$ & $0.0226083$ & $0.0257084$ & $0.0113271$ & $-0.0316818$ & $-0.0097626$ & $-0.00244314$ & $0.0156494$ & $0.00220484$ & $0.0288799$ & $0.0509718$ & $-0.00267688$ & $0.00754352$ & $0.00691154$ & $0.0214751$ & $-0.0369741$ & $0.0038095$ & $-0.0247175$ & $-0.0356749$ & $-0.0150088$ & $-0.0357246$ & $0.0113928$ & $0.00341523$ & $-0.0263014$ & $1$ & $-0.0063946$ & $-0.0295477$ & $-0.0275607$ & $0.0422947$ & $-0.0223166$ \\
eHtautauint & $-0.00778021$ & $0.0482453$ & $0.0414209$ & $0.0208335$ & $-0.057138$ & $0.0102089$ & $-0.0339628$ & $0.000440454$ & $-0.00824134$ & $-0.0200603$ & $0.0232888$ & $0.0354803$ & $0.0569206$ & $-0.0642277$ & $-0.0107493$ & $-0.00652074$ & $-0.0340525$ & $-0.0397897$ & $-0.0406629$ & $-0.0237477$ & $-0.0187006$ & $-0.0216813$ & $-0.0154173$ & $-0.0298727$ & $-0.0173357$ & $0.035547$ & $0.0327892$ & $0.0108358$ & $-0.00853396$ & $0.0515907$ & $-0.0146452$ & $-0.0288438$ & $0.000587081$ & $0.0229341$ & $0.0129928$ & $-0.00715394$ & $0.0380139$ & $0.0120899$ & $-0.0240202$ & $-0.00482038$ & $0.00584643$ & $0.0158054$ & $-0.0575126$ & $-0.0063946$ & $1$ & $-0.00271638$ & $-0.0330614$ & $0.0311015$ & $0.00123212$ \\
eHccint & $0.0294672$ & $-0.00177388$ & $-0.0354199$ & $0.00261298$ & $-0.0137459$ & $0.0149687$ & $0.0291891$ & $-0.0062056$ & $-0.00939857$ & $0.0222548$ & $-0.000114129$ & $0.0235196$ & $0.0196383$ & $0.00530113$ & $-0.00335959$ & $0.0342458$ & $0.00745425$ & $0.014816$ & $-0.0169543$ & $0.000295059$ & $-0.00615702$ & $-0.00443144$ & $-0.00973195$ & $0.00586427$ & $0.011386$ & $-0.0031761$ & $-0.00728743$ & $0.0161251$ & $0.0130127$ & $0.00851141$ & $0.106871$ & $0.0280309$ & $0.0281467$ & $0.000400006$ & $0.00672038$ & $-0.0344472$ & $-0.0299965$ & $0.0241888$ & $-0.00486243$ & $-0.00775708$ & $0.0159766$ & $-0.0240101$ & $-0.076193$ & $-0.0295477$ & $-0.00271638$ & $1$ & $-0.0317876$ & $-0.0264585$ & $0.0814762$ \\
eHccpar & $-0.00805965$ & $-0.0507229$ & $-0.0113013$ & $0.00205977$ & $-0.00680127$ & $-0.0107624$ & $-0.00409589$ & $0.0264983$ & $0.0317793$ & $0.000318388$ & $-0.0435367$ & $-0.0559067$ & $-0.0754951$ & $0.0506081$ & $0.0266312$ & $0.00702338$ & $0.0368944$ & $0.0120836$ & $0.035343$ & $0.0369345$ & $0.0405055$ & $0.0327267$ & $-0.0300233$ & $0.0243068$ & $0.00859793$ & $-0.0155774$ & $-0.0119581$ & $0.0132445$ & $-0.00772435$ & $0.0108879$ & $0.432317$ & $0.00263405$ & $-0.0112981$ & $-0.0109997$ & $0.0139853$ & $0.00086819$ & $0.01172$ & $-0.0149166$ & $-0.0204426$ & $-0.0197193$ & $0.0105856$ & $0.00645415$ & $0.0174157$ & $-0.0275607$ & $-0.0330614$ & $-0.0317876$ & $1$ & $-0.0308306$ & $-0.0352583$ \\
eHbbint & $-0.0630931$ & $-0.00856828$ & $0.00583453$ & $0.0531078$ & $0.019385$ & $0.00515843$ & $-0.00683883$ & $0.0377038$ & $0.040784$ & $-0.0411127$ & $-0.0402532$ & $-0.0317862$ & $-0.0103128$ & $0.0256094$ & $0.0667809$ & $0.08767$ & $-0.00657599$ & $-0.0411466$ & $-0.0593814$ & $0.0442816$ & $0.030636$ & $0.0241867$ & $-0.0361824$ & $0.00972987$ & $-0.00215937$ & $0.0117818$ & $-0.0133462$ & $-0.0111591$ & $-0.0384117$ & $0.0115502$ & $-0.00178041$ & $-0.0168561$ & $0.237877$ & $-0.0353045$ & $-0.0401966$ & $-0.0182698$ & $-0.00580408$ & $0.0482647$ & $0.0140605$ & $-0.0117717$ & $-0.0193292$ & $-0.00879812$ & $0.0808271$ & $0.0422947$ & $0.0311015$ & $-0.0264585$ & $-0.0308306$ & $1$ & $0.0794173$ \\
eHbbpar & $-0.00143416$ & $0.0236393$ & $0.0146881$ & $0.0878876$ & $-0.0525258$ & $0.0422367$ & $-0.038976$ & $0.0128145$ & $0.00757035$ & $0.00964707$ & $-0.0203947$ & $-0.0042062$ & $0.00848051$ & $0.0179797$ & $0.00449647$ & $0.0084662$ & $0.0131011$ & $0.00394172$ & $0.019137$ & $0.015932$ & $0.0182814$ & $0.0283998$ & $-0.00659997$ & $-0.00786854$ & $-0.00877488$ & $-0.00163442$ & $-0.00859645$ & $-0.0201136$ & $-0.063668$ & $-0.00790303$ & $-0.00233428$ & $-0.0524321$ & $0.561647$ & $0.00387947$ & $-0.0441291$ & $-0.000899903$ & $-0.0330405$ & $0.0162576$ & $-0.00774658$ & $0.0287036$ & $-0.0247103$ & $-0.0338168$ & $-0.00427653$ & $-0.0223166$ & $0.00123212$ & $0.0814762$ & $-0.0352583$ & $0.0794173$ & $1$ \\
