 & AlsMz & dAle5Mz & mtop & mHl & Mz & CW & CHG & CHWB & CHWHB_gaga & CHWHB_gagaorth & CHD & CHbox & CH & CHL1_11 & CHL1_22 & CHL1_33 & CHL3_11 & CHL3_22 & CHL3_33 & CHe_11 & CHe_22 & CHe_33 & CHQ1_11 & CHQ1_33 & CHQ3_11 & CHu_11 & CHd_11 & CHd_33 & CeH_22r & CeH_33r & CuH_22r & CuH_33r & CdH_33r & CLL_1221 & eHggint & eHggpar & eHWWint & eHWWpar & eHZZint & eHZZpar & eHZgaint & eHZgapar & eHgagaint & eHmumuint & eHtautauint & eHccint & eHccpar & eHbbint & eHbbpar \\
AlsMz & $1$ & $-0.0580546$ & $0.0784821$ & $-0.0138869$ & $0.013586$ & $-0.0149093$ & $0.0188543$ & $-0.0127265$ & $-0.0161897$ & $0.00642455$ & $0.00232606$ & $-0.00906392$ & $-0.00764769$ & $-0.00564533$ & $-0.020988$ & $-0.0233977$ & $0.0186734$ & $0.0232798$ & $0.0219881$ & $-0.0108336$ & $-0.00940564$ & $-0.00914989$ & $-0.0150716$ & $-0.0416901$ & $-0.090344$ & $-0.0199234$ & $-0.020962$ & $0.00979825$ & $-0.0224859$ & $0.029159$ & $0.0280516$ & $0.019331$ & $-0.0238454$ & $0.0087031$ & $-0.0476543$ & $-0.129049$ & $0.00264076$ & $-0.00881952$ & $-0.0410265$ & $0.00822607$ & $-0.0113449$ & $0.00179871$ & $-0.0662659$ & $0.0165693$ & $-0.0845885$ & $0.0244018$ & $0.0385001$ & $0.0730744$ & $-0.121942$ \\
dAle5Mz & $-0.0580546$ & $1$ & $0.056844$ & $0.0125226$ & $0.0132956$ & $0.00911725$ & $-0.0117667$ & $-0.0460657$ & $-0.0435684$ & $0.00496502$ & $0.0442765$ & $0.0345251$ & $0.0319006$ & $-0.0404747$ & $-0.01901$ & $-0.0236267$ & $-0.00678026$ & $-0.0105095$ & $-0.00809123$ & $-0.0223037$ & $-0.017878$ & $-0.0167537$ & $0.0132392$ & $-0.009438$ & $0.00614152$ & $0.00750045$ & $0.024573$ & $-0.00382054$ & $0.0208941$ & $0.0103794$ & $-0.0257866$ & $-0.0197354$ & $-0.01908$ & $0.0404729$ & $-0.0467714$ & $0.0195806$ & $-0.0334345$ & $-0.00584282$ & $-0.0364591$ & $-0.0202569$ & $0.0506441$ & $0.0213021$ & $-0.000826659$ & $-0.0119436$ & $0.0753556$ & $0.0836491$ & $-0.108383$ & $0.05033$ & $-0.0838899$ \\
mtop & $0.0784821$ & $0.056844$ & $1$ & $-0.0210755$ & $-0.0145553$ & $-0.0233769$ & $-0.0311183$ & $-0.0157533$ & $-0.0160525$ & $0.0220988$ & $0.0275261$ & $0.0100785$ & $-0.00306315$ & $-0.0260743$ & $-0.00411364$ & $-0.0250176$ & $-0.00143783$ & $-0.0110066$ & $0.00743145$ & $-0.0203214$ & $-0.0189055$ & $-0.0163885$ & $0.00224229$ & $0.00292361$ & $-0.0176735$ & $0.0158782$ & $-0.00215346$ & $0.00352183$ & $-0.00754971$ & $-0.0289082$ & $0.0662047$ & $-0.0304952$ & $0.028315$ & $-0.00156309$ & $-0.0130104$ & $0.0603026$ & $-0.0745289$ & $0.0145941$ & $0.125826$ & $-0.045846$ & $-0.00424039$ & $0.0296928$ & $-0.00308144$ & $0.13896$ & $-0.086439$ & $0.0323007$ & $0.16015$ & $0.13849$ & $0.0314052$ \\
mHl & $-0.0138869$ & $0.0125226$ & $-0.0210755$ & $1$ & $-0.00696617$ & $-0.00677118$ & $0.0378675$ & $-0.0245041$ & $-0.0242539$ & $0.00502065$ & $0.0208534$ & $-0.0229631$ & $-0.027505$ & $-0.00723453$ & $0.0023391$ & $0.0114034$ & $0.00835706$ & $0.00791401$ & $-0.000564238$ & $-0.0181893$ & $-0.0218311$ & $-0.0195826$ & $-0.0220516$ & $0.0202507$ & $0.00769076$ & $0.030433$ & $-0.018471$ & $-0.0139124$ & $-0.013258$ & $0.0170627$ & $0.0508032$ & $0.0521586$ & $-0.0125191$ & $-0.0167688$ & $0.0664796$ & $-0.0282705$ & $-0.0272894$ & $-0.0109099$ & $0.0107176$ & $-0.0186115$ & $0.00422395$ & $-0.0215539$ & $0.0142812$ & $-0.0412635$ & $0.106652$ & $0.133539$ & $0.0656577$ & $0.0409708$ & $-0.0429165$ \\
Mz & $0.013586$ & $0.0132956$ & $-0.0145553$ & $-0.00696617$ & $1$ & $-0.00973849$ & $0.0160482$ & $0.0168834$ & $0.0211036$ & $0.0177741$ & $-0.0197226$ & $0.00645506$ & $0.00148969$ & $0.0314864$ & $-0.0017176$ & $0.0116121$ & $0.0184313$ & $0.0206638$ & $0.0122135$ & $0.0264447$ & $0.0294616$ & $0.0315926$ & $0.0132336$ & $0.00269942$ & $0.0216007$ & $-0.0244564$ & $0.0217934$ & $0.0112456$ & $0.0088507$ & $-0.00906862$ & $0.0172638$ & $0.0145648$ & $-0.0112146$ & $0.0131382$ & $0.0136717$ & $-0.00637229$ & $0.0110188$ & $-0.0245241$ & $-0.022101$ & $-0.0168773$ & $-0.00295257$ & $0.00478697$ & $0.0103045$ & $-0.017298$ & $0.00138373$ & $0.00441759$ & $0.0266096$ & $-0.034847$ & $0.00946241$ \\
CW & $-0.0149093$ & $0.00911725$ & $-0.0233769$ & $-0.00677118$ & $-0.00973849$ & $1$ & $0.00422313$ & $-0.134518$ & $-0.128999$ & $0.03273$ & $0.188193$ & $0.0235112$ & $-0.00576364$ & $0.0239514$ & $-0.0899579$ & $-0.0946724$ & $-0.243678$ & $-0.0335162$ & $-0.033217$ & $-0.187541$ & $-0.188553$ & $-0.18645$ & $-0.00211786$ & $0.01394$ & $-0.063471$ & $0.113597$ & $-0.0617744$ & $-0.0530109$ & $-0.0196805$ & $-0.00329698$ & $-0.00897987$ & $0.00386893$ & $-0.014086$ & $-0.116323$ & $0.00623137$ & $0.023223$ & $0.00283279$ & $0.00962716$ & $0.0076835$ & $-0.00154982$ & $0.0233164$ & $-0.0192131$ & $0.00510822$ & $0.0138783$ & $0.0107971$ & $-0.0332595$ & $-0.00389805$ & $0.00221593$ & $-0.00620914$ \\
CHG & $0.0188543$ & $-0.0117667$ & $-0.0311183$ & $0.0378675$ & $0.0160482$ & $0.00422313$ & $1$ & $-0.0858032$ & $-0.030719$ & $0.0414436$ & $0.0351087$ & $-0.275793$ & $-0.297558$ & $0.0617504$ & $-0.027551$ & $0.0088912$ & $0.104681$ & $0.114712$ & $0.0887375$ & $-0.0331093$ & $-0.0399848$ & $-0.0386368$ & $-0.0209962$ & $0.107795$ & $0.0969345$ & $0.0321973$ & $-0.0409299$ & $-0.0109117$ & $-0.00239499$ & $-0.108004$ & $-0.0518029$ & $0.937003$ & $-0.145262$ & $-0.042988$ & $-0.0606496$ & $-0.0302456$ & $0.0265124$ & $-0.0171974$ & $-0.00212089$ & $0.0182732$ & $-0.0381024$ & $-0.0026816$ & $-0.0183579$ & $0.0158136$ & $-0.0132941$ & $-0.0235796$ & $0.0413754$ & $-0.0136265$ & $0.00125772$ \\
CHWB & $-0.0127265$ & $-0.0460657$ & $-0.0157533$ & $-0.0245041$ & $0.0168834$ & $-0.134518$ & $-0.0858032$ & $1$ & $0.983049$ & $-0.572182$ & $-0.880155$ & $0.178135$ & $0.351051$ & $0.0981551$ & $0.282072$ & $0.293982$ & $-0.238973$ & $-0.427394$ & $-0.430889$ & $0.852104$ & $0.898012$ & $0.880396$ & $0.0587158$ & $-0.676286$ & $-0.389713$ & $-0.505807$ & $0.451228$ & $0.303624$ & $0.0256903$ & $0.109011$ & $0.0276773$ & $-0.0860583$ & $0.122509$ & $0.572471$ & $-0.0165341$ & $0.00180079$ & $-0.0179207$ & $-0.0298912$ & $-0.0259835$ & $0.00882341$ & $0.0113658$ & $-0.003186$ & $-0.0198267$ & $-0.0245629$ & $0.014731$ & $0.00534139$ & $-0.014428$ & $-0.000782166$ & $0.014503$ \\
CHWHB_gaga & $-0.0161897$ & $-0.0435684$ & $-0.0160525$ & $-0.0242539$ & $0.0211036$ & $-0.128999$ & $-0.030719$ & $0.983049$ & $1$ & $-0.565348$ & $-0.862902$ & $0.180452$ & $0.345679$ & $0.0919277$ & $0.277829$ & $0.289334$ & $-0.240421$ & $-0.425081$ & $-0.428524$ & $0.835792$ & $0.880492$ & $0.86254$ & $0.056354$ & $-0.667864$ & $-0.386832$ & $-0.494022$ & $0.443313$ & $0.295284$ & $0.0334717$ & $0.127137$ & $0.0365501$ & $-0.040468$ & $0.141165$ & $0.56174$ & $-0.0282444$ & $-0.010402$ & $-0.0275785$ & $-0.0280973$ & $-0.0186887$ & $0.00893951$ & $0.00874123$ & $0.000720555$ & $0.0448282$ & $-0.0280123$ & $0.00911551$ & $0.00397525$ & $-0.0130717$ & $-0.00429781$ & $0.0147294$ \\
CHWHB_gagaorth & $0.00642455$ & $0.00496502$ & $0.0220988$ & $0.00502065$ & $0.0177741$ & $0.03273$ & $0.0414436$ & $-0.572182$ & $-0.565348$ & $1$ & $0.369205$ & $0.0917937$ & $-0.235511$ & $0.21123$ & $-0.122834$ & $-0.121874$ & $0.413575$ & $0.473073$ & $0.466136$ & $-0.356579$ & $-0.385523$ & $-0.381123$ & $-0.036435$ & $0.549213$ & $0.457878$ & $0.197058$ & $-0.254278$ & $-0.147944$ & $-0.00910554$ & $-0.146855$ & $-0.0494615$ & $0.0566514$ & $-0.146604$ & $-0.350965$ & $0.0541398$ & $0.0287162$ & $0.0167904$ & $0.00150132$ & $0.0109743$ & $-0.00249612$ & $-0.0580825$ & $-0.0117971$ & $-0.0256436$ & $0.0357844$ & $-0.019159$ & $-0.0196121$ & $0.0196761$ & $-0.00529279$ & $0.0142841$ \\
CHD & $0.00232606$ & $0.0442765$ & $0.0275261$ & $0.0208534$ & $-0.0197226$ & $0.188193$ & $0.0351087$ & $-0.880155$ & $-0.862902$ & $0.369205$ & $1$ & $-0.00118954$ & $-0.171824$ & $-0.514298$ & $-0.41192$ & $-0.415858$ & $-0.216964$ & $0.0639716$ & $0.0615183$ & $-0.990659$ & $-0.991262$ & $-0.970886$ & $-0.00492392$ & $0.311181$ & $0.0105094$ & $0.566869$ & $-0.312585$ & $-0.336439$ & $-0.0177993$ & $-0.0639752$ & $-0.0066697$ & $0.0489426$ & $-0.0671237$ & $-0.371913$ & $0.029998$ & $0.0132047$ & $0.0251253$ & $0.0315098$ & $0.0174215$ & $-0.0165529$ & $0.0131904$ & $-0.00431501$ & $0.0261829$ & $0.0235045$ & $-0.0104478$ & $-0.0121906$ & $0.0167469$ & $0.00616521$ & $-0.0135371$ \\
CHbox & $-0.00906392$ & $0.0345251$ & $0.0100785$ & $-0.0229631$ & $0.00645506$ & $0.0235112$ & $-0.275793$ & $0.178135$ & $0.180452$ & $0.0917937$ & $-0.00118954$ & $1$ & $0.884319$ & $-0.294573$ & $0.0321957$ & $0.0365427$ & $-0.364601$ & $-0.353404$ & $-0.355801$ & $0.00793361$ & $0.00891366$ & $0.00977584$ & $0.0225549$ & $-0.304503$ & $-0.339769$ & $-0.0122201$ & $0.0599262$ & $-0.013238$ & $0.0664054$ & $0.318232$ & $0.126058$ & $-0.189658$ & $0.365326$ & $0.110108$ & $0.0911385$ & $0.0503104$ & $0.00198884$ & $0.0013002$ & $-0.0182305$ & $0.000835366$ & $0.0110186$ & $-0.00316316$ & $-0.00491283$ & $0.00869563$ & $0.00921348$ & $7.17061e-05$ & $0.0096995$ & $-0.0115663$ & $-0.0319015$ \\
CH & $-0.00764769$ & $0.0319006$ & $-0.00306315$ & $-0.027505$ & $0.00148969$ & $-0.00576364$ & $-0.297558$ & $0.351051$ & $0.345679$ & $-0.235511$ & $-0.171824$ & $0.884319$ & $1$ & $-0.2383$ & $0.0690308$ & $0.0717682$ & $-0.364166$ & $-0.386182$ & $-0.386443$ & $0.169083$ & $0.184112$ & $0.182249$ & $0.036373$ & $-0.401775$ & $-0.371549$ & $-0.105894$ & $0.152373$ & $0.0519811$ & $0.0685109$ & $0.280858$ & $0.116238$ & $-0.243321$ & $0.315745$ & $0.221045$ & $0.0353279$ & $0.0191887$ & $-0.00783921$ & $0.000582118$ & $-0.0130726$ & $0.00260356$ & $0.0265141$ & $-0.00573461$ & $0.0121346$ & $-0.00315198$ & $0.0183551$ & $0.0129824$ & $-0.00332757$ & $-0.00760937$ & $-0.0360789$ \\
CHL1_11 & $-0.00564533$ & $-0.0404747$ & $-0.0260743$ & $-0.00723453$ & $0.0314864$ & $0.0239514$ & $0.0617504$ & $0.0981551$ & $0.0919277$ & $0.21123$ & $-0.514298$ & $-0.294573$ & $-0.2383$ & $1$ & $0.277581$ & $0.266783$ & $0.675501$ & $0.601402$ & $0.609451$ & $0.531446$ & $0.4744$ & $0.461512$ & $-0.0786637$ & $0.47513$ & $0.613274$ & $-0.28278$ & $-0.0964557$ & $0.162787$ & $-0.0136505$ & $-0.0549241$ & $-0.0368207$ & $0.0354672$ & $-0.0722082$ & $-0.215457$ & $-0.0190427$ & $-0.00940454$ & $-0.0189822$ & $-0.00909069$ & $0.0172766$ & $0.0155317$ & $-0.0320637$ & $0.012108$ & $-0.0083413$ & $-0.00271463$ & $-0.0105542$ & $0.000244478$ & $-0.00935514$ & $-0.0179127$ & $0.00777077$ \\
CHL1_22 & $-0.020988$ & $-0.01901$ & $-0.00411364$ & $0.0023391$ & $-0.0017176$ & $-0.0899579$ & $-0.027551$ & $0.282072$ & $0.277829$ & $-0.122834$ & $-0.41192$ & $0.0321957$ & $0.0690308$ & $0.277581$ & $1$ & $0.441724$ & $0.183458$ & $-0.440351$ & $-0.00610905$ & $0.478433$ & $0.328276$ & $0.320985$ & $-0.173255$ & $0.119867$ & $-0.117389$ & $-0.198894$ & $-0.393922$ & $0.110239$ & $0.0108187$ & $0.0468434$ & $0.0273257$ & $-0.0290622$ & $0.0543539$ & $-0.596444$ & $-0.0116242$ & $-0.0187142$ & $-0.0155812$ & $0.0049184$ & $-0.00520867$ & $0.0104549$ & $-0.0153081$ & $0.0161909$ & $-0.0202544$ & $0.0129271$ & $0.0102357$ & $0.0198667$ & $-0.000859913$ & $0.0148985$ & $0.0140741$ \\
CHL1_33 & $-0.0233977$ & $-0.0236267$ & $-0.0250176$ & $0.0114034$ & $0.0116121$ & $-0.0946724$ & $0.0088912$ & $0.293982$ & $0.289334$ & $-0.121874$ & $-0.415858$ & $0.0365427$ & $0.0717682$ & $0.266783$ & $0.441724$ & $1$ & $0.169762$ & $-0.0252078$ & $-0.420316$ & $0.479035$ & $0.336556$ & $0.35135$ & $-0.160677$ & $0.102843$ & $-0.116255$ & $-0.210854$ & $-0.365064$ & $0.113194$ & $0.0140024$ & $0.0320318$ & $0.000768227$ & $0.00405999$ & $0.0315407$ & $-0.0954835$ & $-0.0196497$ & $-0.0286345$ & $-0.00899081$ & $-0.0241703$ & $0.0222092$ & $0.0196346$ & $-0.0211162$ & $-0.0118446$ & $-0.0313619$ & $0.00339078$ & $0.0135415$ & $0.0318691$ & $-0.0100416$ & $-0.0139644$ & $0.0057328$ \\
CHL3_11 & $0.0186734$ & $-0.00678026$ & $-0.00143783$ & $0.00835706$ & $0.0184313$ & $-0.243678$ & $0.104681$ & $-0.238973$ & $-0.240421$ & $0.413575$ & $-0.216964$ & $-0.364601$ & $-0.364166$ & $0.675501$ & $0.183458$ & $0.169762$ & $1$ & $0.733015$ & $0.743058$ & $0.240184$ & $0.18195$ & $0.176881$ & $-0.0712172$ & $0.685235$ & $0.772962$ & $-0.118454$ & $-0.185499$ & $0.0624505$ & $-0.0141428$ & $-0.0952227$ & $-0.039331$ & $0.0768706$ & $-0.112736$ & $-0.269822$ & $-0.0343476$ & $-0.0358366$ & $-0.0152694$ & $-0.00431488$ & $0.0149981$ & $0.0110659$ & $-0.0580654$ & $0.0150198$ & $-0.0166461$ & $-0.00487878$ & $-0.00784282$ & $0.0188891$ & $0.00117037$ & $-0.00587841$ & $0.000232034$ \\
CHL3_22 & $0.0232798$ & $-0.0105095$ & $-0.0110066$ & $0.00791401$ & $0.0206638$ & $-0.0335162$ & $0.114712$ & $-0.427394$ & $-0.425081$ & $0.473073$ & $0.0639716$ & $-0.353404$ & $-0.386182$ & $0.601402$ & $-0.440351$ & $-0.0252078$ & $0.733015$ & $1$ & $0.6748$ & $-0.0685478$ & $-0.059404$ & $-0.0574243$ & $0.00935063$ & $0.621509$ & $0.792563$ & $0.0257382$ & $-0.0176973$ & $-0.0174841$ & $-0.0235938$ & $-0.118259$ & $-0.0564879$ & $0.0908761$ & $-0.141242$ & $0.0270294$ & $-0.0157805$ & $-0.0136846$ & $-0.00230121$ & $-0.00775358$ & $0.0263353$ & $0.00761727$ & $-0.0376085$ & $0.003188$ & $0.00301194$ & $-0.00622405$ & $-0.0168355$ & $-0.00153757$ & $0.00217152$ & $-0.0249724$ & $-0.00712813$ \\
CHL3_33 & $0.0219881$ & $-0.00809123$ & $0.00743145$ & $-0.000564238$ & $0.0122135$ & $-0.033217$ & $0.0887375$ & $-0.430889$ & $-0.428524$ & $0.466136$ & $0.0615183$ & $-0.355801$ & $-0.386443$ & $0.609451$ & $-0.00610905$ & $-0.420316$ & $0.743058$ & $0.6748$ & $1$ & $-0.0629442$ & $-0.0597234$ & $-0.0541198$ & $0.00295839$ & $0.633621$ & $0.791097$ & $0.0292798$ & $-0.0383553$ & $-0.0172409$ & $-0.0259086$ & $-0.108518$ & $-0.0385112$ & $0.0676736$ & $-0.123023$ & $-0.360175$ & $-0.00838266$ & $-0.00509244$ & $-0.00448993$ & $0.0162776$ & $0.00604348$ & $0.00209868$ & $-0.0358666$ & $0.0220326$ & $0.00986264$ & $0.00328739$ & $-0.0168272$ & $-0.0121333$ & $0.0106193$ & $-0.00669459$ & $0.000571443$ \\
CHe_11 & $-0.0108336$ & $-0.0223037$ & $-0.0203214$ & $-0.0181893$ & $0.0264447$ & $-0.187541$ & $-0.0331093$ & $0.852104$ & $0.835792$ & $-0.356579$ & $-0.990659$ & $0.00793361$ & $0.169083$ & $0.531446$ & $0.478433$ & $0.479035$ & $0.240184$ & $-0.0685478$ & $-0.0629442$ & $1$ & $0.973357$ & $0.953834$ & $-0.0187018$ & $-0.258735$ & $-0.00396444$ & $-0.558254$ & $0.23945$ & $0.330415$ & $0.0182948$ & $0.0648359$ & $0.00938422$ & $-0.0461638$ & $0.0688742$ & $0.2941$ & $-0.0313682$ & $-0.0132863$ & $-0.0245949$ & $-0.032678$ & $-0.0146324$ & $0.0172691$ & $-0.0139181$ & $0.00564381$ & $-0.0260802$ & $-0.0211902$ & $0.0119897$ & $0.0165532$ & $-0.0151608$ & $-0.00846328$ & $0.013332$ \\
CHe_22 & $-0.00940564$ & $-0.017878$ & $-0.0189055$ & $-0.0218311$ & $0.0294616$ & $-0.188553$ & $-0.0399848$ & $0.898012$ & $0.880492$ & $-0.385523$ & $-0.991262$ & $0.00891366$ & $0.184112$ & $0.4744$ & $0.328276$ & $0.336556$ & $0.18195$ & $-0.059404$ & $-0.0597234$ & $0.973357$ & $1$ & $0.976137$ & $0.0322162$ & $-0.366875$ & $-0.0179371$ & $-0.568173$ & $0.391964$ & $0.338129$ & $0.0176262$ & $0.0642441$ & $0.00648893$ & $-0.0535458$ & $0.0686038$ & $0.457741$ & $-0.0300442$ & $-0.00752028$ & $-0.0250708$ & $-0.0321979$ & $-0.0197507$ & $0.0135452$ & $-0.00885866$ & $0.00494431$ & $-0.0227191$ & $-0.0270221$ & $0.0107442$ & $0.0112746$ & $-0.0190013$ & $-0.00635878$ & $0.0124402$ \\
CHe_33 & $-0.00914989$ & $-0.0167537$ & $-0.0163885$ & $-0.0195826$ & $0.0315926$ & $-0.18645$ & $-0.0386368$ & $0.880396$ & $0.86254$ & $-0.381123$ & $-0.970886$ & $0.00977584$ & $0.182249$ & $0.461512$ & $0.320985$ & $0.35135$ & $0.176881$ & $-0.0574243$ & $-0.0541198$ & $0.953834$ & $0.976137$ & $1$ & $0.0375563$ & $-0.359485$ & $-0.0171296$ & $-0.560949$ & $0.385562$ & $0.329746$ & $0.0153248$ & $0.0640347$ & $0.00171698$ & $-0.0511265$ & $0.0689114$ & $0.451892$ & $-0.0283102$ & $-0.00459754$ & $-0.0220283$ & $-0.030017$ & $-0.0190885$ & $0.0137904$ & $-0.00515651$ & $-0.000114133$ & $-0.0237711$ & $-0.0282629$ & $0.0156932$ & $0.00959445$ & $-0.0212267$ & $-0.00811545$ & $0.0144589$ \\
CHQ1_11 & $-0.0150716$ & $0.0132392$ & $0.00224229$ & $-0.0220516$ & $0.0132336$ & $-0.00211786$ & $-0.0209962$ & $0.0587158$ & $0.056354$ & $-0.036435$ & $-0.00492392$ & $0.0225549$ & $0.036373$ & $-0.0786637$ & $-0.173255$ & $-0.160677$ & $-0.0712172$ & $0.00935063$ & $0.00295839$ & $-0.0187018$ & $0.0322162$ & $0.0375563$ & $1$ & $-0.124808$ & $0.082401$ & $-0.665725$ & $0.336653$ & $0.00680424$ & $0.00857657$ & $-0.00541987$ & $0.00218499$ & $-0.0150571$ & $0.0067235$ & $0.194504$ & $0.0132139$ & $0.0215728$ & $0.00345226$ & $0.00958001$ & $0.013807$ & $0.001372$ & $-0.0103137$ & $0.0105199$ & $0.0110256$ & $-0.0119071$ & $-0.00651226$ & $0.0134797$ & $0.00480851$ & $-0.00457915$ & $-0.00311184$ \\
CHQ1_33 & $-0.0416901$ & $-0.009438$ & $0.00292361$ & $0.0202507$ & $0.00269942$ & $0.01394$ & $0.107795$ & $-0.676286$ & $-0.667864$ & $0.549213$ & $0.311181$ & $-0.304503$ & $-0.401775$ & $0.47513$ & $0.119867$ & $0.102843$ & $0.685235$ & $0.621509$ & $0.633621$ & $-0.258735$ & $-0.366875$ & $-0.359485$ & $-0.124808$ & $1$ & $0.642915$ & $0.191036$ & $-0.447502$ & $-0.030944$ & $-0.0196352$ & $-0.112471$ & $-0.0426093$ & $0.0903159$ & $-0.128417$ & $-0.642027$ & $-0.0107358$ & $-0.0163676$ & $0.0125167$ & $0.00801823$ & $0.0320682$ & $0.0013729$ & $-0.0377362$ & $0.012501$ & $-0.00627288$ & $0.0110601$ & $-0.020896$ & $-0.000744842$ & $0.00810312$ & $-0.0133042$ & $0.00626563$ \\
CHQ3_11 & $-0.090344$ & $0.00614152$ & $-0.0176735$ & $0.00769076$ & $0.0216007$ & $-0.063471$ & $0.0969345$ & $-0.389713$ & $-0.386832$ & $0.457878$ & $0.0105094$ & $-0.339769$ & $-0.371549$ & $0.613274$ & $-0.117389$ & $-0.116255$ & $0.772962$ & $0.792563$ & $0.791097$ & $-0.00396444$ & $-0.0179371$ & $-0.0171296$ & $0.082401$ & $0.642915$ & $1$ & $0.00782503$ & $0.185895$ & $-0.00547236$ & $-0.0201749$ & $-0.11175$ & $-0.0535161$ & $0.0754902$ & $-0.124496$ & $-0.207723$ & $-0.00660549$ & $-0.00073282$ & $-0.00384271$ & $0.013441$ & $0.029907$ & $0.0019537$ & $-0.0315473$ & $0.0126054$ & $0.0164962$ & $-0.0104641$ & $-0.00282142$ & $0.000695687$ & $-0.0016264$ & $-0.015935$ & $0.000946983$ \\
CHu_11 & $-0.0199234$ & $0.00750045$ & $0.0158782$ & $0.030433$ & $-0.0244564$ & $0.113597$ & $0.0321973$ & $-0.505807$ & $-0.494022$ & $0.197058$ & $0.566869$ & $-0.0122201$ & $-0.105894$ & $-0.28278$ & $-0.198894$ & $-0.210854$ & $-0.118454$ & $0.0257382$ & $0.0292798$ & $-0.558254$ & $-0.568173$ & $-0.560949$ & $-0.665725$ & $0.191036$ & $0.00782503$ & $1$ & $-0.177553$ & $-0.18929$ & $-0.00858636$ & $-0.0279604$ & $0.000675275$ & $0.0365915$ & $-0.0429605$ & $-0.248072$ & $0.00884699$ & $-0.00535221$ & $0.00730309$ & $0.0137154$ & $0.000750892$ & $-0.02215$ & $0.0196672$ & $-0.0120093$ & $0.0150113$ & $0.012218$ & $0.00499322$ & $-0.00702963$ & $0.00559755$ & $0.00438239$ & $-0.0135746$ \\
CHd_11 & $-0.020962$ & $0.024573$ & $-0.00215346$ & $-0.018471$ & $0.0217934$ & $-0.0617744$ & $-0.0409299$ & $0.451228$ & $0.443313$ & $-0.254278$ & $-0.312585$ & $0.0599262$ & $0.152373$ & $-0.0964557$ & $-0.393922$ & $-0.365064$ & $-0.185499$ & $-0.0176973$ & $-0.0383553$ & $0.23945$ & $0.391964$ & $0.385562$ & $0.336653$ & $-0.447502$ & $0.185895$ & $-0.177553$ & $1$ & $0.118255$ & $0.010881$ & $0.0299863$ & $-0.00397128$ & $-0.0413246$ & $0.0334747$ & $0.696379$ & $-0.00184376$ & $0.0201949$ & $0.00106259$ & $-0.00497027$ & $-0.012642$ & $-0.0125329$ & $0.0225396$ & $-0.0014475$ & $0.0110644$ & $-0.0384953$ & $0.00609615$ & $-0.00736766$ & $-0.0100297$ & $0.00177237$ & $-0.0101939$ \\
CHd_33 & $0.00979825$ & $-0.00382054$ & $0.00352183$ & $-0.0139124$ & $0.0112456$ & $-0.0530109$ & $-0.0109117$ & $0.303624$ & $0.295284$ & $-0.147944$ & $-0.336439$ & $-0.013238$ & $0.0519811$ & $0.162787$ & $0.110239$ & $0.113194$ & $0.0624505$ & $-0.0174841$ & $-0.0172409$ & $0.330415$ & $0.338129$ & $0.329746$ & $0.00680424$ & $-0.030944$ & $-0.00547236$ & $-0.18929$ & $0.118255$ & $1$ & $-0.00486014$ & $0.0250896$ & $-0.015795$ & $-0.0134042$ & $0.0262239$ & $0.155182$ & $-0.0203219$ & $-0.0371951$ & $-0.0156502$ & $0.00079199$ & $-0.00762229$ & $-0.0028191$ & $-0.000949171$ & $0.00737209$ & $-0.00590483$ & $-0.00335125$ & $0.00472531$ & $0.0204019$ & $-0.0156897$ & $0.0033479$ & $0.0172484$ \\
CeH_22r & $-0.0224859$ & $0.0208941$ & $-0.00754971$ & $-0.013258$ & $0.0088507$ & $-0.0196805$ & $-0.00239499$ & $0.0256903$ & $0.0334717$ & $-0.00910554$ & $-0.0177993$ & $0.0664054$ & $0.0685109$ & $-0.0136505$ & $0.0108187$ & $0.0140024$ & $-0.0141428$ & $-0.0235938$ & $-0.0259086$ & $0.0182948$ & $0.0176262$ & $0.0153248$ & $0.00857657$ & $-0.0196352$ & $-0.0201749$ & $-0.00858636$ & $0.010881$ & $-0.00486014$ & $1$ & $0.0487877$ & $0.0218468$ & $-0.0140366$ & $0.0496465$ & $0.0142336$ & $-0.0618517$ & $-0.0259223$ & $-0.0145303$ & $-0.000962477$ & $0.0246207$ & $0.00193524$ & $0.0077422$ & $0.0218554$ & $0.0239807$ & $0.011266$ & $-0.00803609$ & $0.00314334$ & $0.023479$ & $0.0164742$ & $-0.0118755$ \\
CeH_33r & $0.029159$ & $0.0103794$ & $-0.0289082$ & $0.0170627$ & $-0.00906862$ & $-0.00329698$ & $-0.108004$ & $0.109011$ & $0.127137$ & $-0.146855$ & $-0.0639752$ & $0.318232$ & $0.280858$ & $-0.0549241$ & $0.0468434$ & $0.0320318$ & $-0.0952227$ & $-0.118259$ & $-0.108518$ & $0.0648359$ & $0.0642441$ & $0.0640347$ & $-0.00541987$ & $-0.112471$ & $-0.11175$ & $-0.0279604$ & $0.0299863$ & $0.0250896$ & $0.0487877$ & $1$ & $0.306117$ & $0.0369782$ & $0.649722$ & $0.0479187$ & $-0.0500749$ & $-0.0271701$ & $-0.18811$ & $-0.0230015$ & $-0.0281763$ & $0.00233203$ & $0.0131533$ & $-0.00678056$ & $-0.0101791$ & $-0.00967378$ & $0.0681475$ & $-0.0157175$ & $-0.0229326$ & $0.0170542$ & $-0.0164154$ \\
CuH_22r & $0.0280516$ & $-0.0257866$ & $0.0662047$ & $0.0508032$ & $0.0172638$ & $-0.00897987$ & $-0.0518029$ & $0.0276773$ & $0.0365501$ & $-0.0494615$ & $-0.0066697$ & $0.126058$ & $0.116238$ & $-0.0368207$ & $0.0273257$ & $0.000768227$ & $-0.039331$ & $-0.0564879$ & $-0.0385112$ & $0.00938422$ & $0.00648893$ & $0.00171698$ & $0.00218499$ & $-0.0426093$ & $-0.0535161$ & $0.000675275$ & $-0.00397128$ & $-0.015795$ & $0.0218468$ & $0.306117$ & $1$ & $0.0325268$ & $0.336583$ & $-0.00044967$ & $-0.0358125$ & $-0.0299538$ & $-0.0611986$ & $0.00820571$ & $0.0376827$ & $-0.00425854$ & $-0.0061015$ & $-0.00291135$ & $0.0355521$ & $0.0725972$ & $-0.0558267$ & $0.089122$ & $0.353321$ & $-0.0084445$ & $-0.016322$ \\
CuH_33r & $0.019331$ & $-0.0197354$ & $-0.0304952$ & $0.0521586$ & $0.0145648$ & $0.00386893$ & $0.937003$ & $-0.0860583$ & $-0.040468$ & $0.0566514$ & $0.0489426$ & $-0.189658$ & $-0.243321$ & $0.0354672$ & $-0.0290622$ & $0.00405999$ & $0.0768706$ & $0.0908761$ & $0.0676736$ & $-0.0461638$ & $-0.0535458$ & $-0.0511265$ & $-0.0150571$ & $0.0903159$ & $0.0754902$ & $0.0365915$ & $-0.0413246$ & $-0.0134042$ & $-0.0140366$ & $0.0369782$ & $0.0325268$ & $1$ & $0.0342651$ & $-0.0432311$ & $0.0262486$ & $0.00938293$ & $-0.0105703$ & $-0.0217767$ & $0.00284732$ & $0.0120559$ & $-0.0246251$ & $-0.00339743$ & $-0.0128187$ & $0.0191289$ & $-0.0162277$ & $-0.0312392$ & $0.0403912$ & $-0.0192915$ & $0.0122817$ \\
CdH_33r & $-0.0238454$ & $-0.01908$ & $0.028315$ & $-0.0125191$ & $-0.0112146$ & $-0.014086$ & $-0.145262$ & $0.122509$ & $0.141165$ & $-0.146604$ & $-0.0671237$ & $0.365326$ & $0.315745$ & $-0.0722082$ & $0.0543539$ & $0.0315407$ & $-0.112736$ & $-0.141242$ & $-0.123023$ & $0.0688742$ & $0.0686038$ & $0.0689114$ & $0.0067235$ & $-0.128417$ & $-0.124496$ & $-0.0429605$ & $0.0334747$ & $0.0262239$ & $0.0496465$ & $0.649722$ & $0.336583$ & $0.0342651$ & $1$ & $0.0508983$ & $-0.0457891$ & $-0.0311444$ & $-0.191957$ & $-0.0307051$ & $-0.00669512$ & $-0.00729796$ & $0.0197129$ & $-0.00428252$ & $0.000705132$ & $0.0348516$ & $-0.0398951$ & $-0.0034026$ & $-0.032226$ & $0.201209$ & $0.436892$ \\
CLL_1221 & $0.0087031$ & $0.0404729$ & $-0.00156309$ & $-0.0167688$ & $0.0131382$ & $-0.116323$ & $-0.042988$ & $0.572471$ & $0.56174$ & $-0.350965$ & $-0.371913$ & $0.110108$ & $0.221045$ & $-0.215457$ & $-0.596444$ & $-0.0954835$ & $-0.269822$ & $0.0270294$ & $-0.360175$ & $0.2941$ & $0.457741$ & $0.451892$ & $0.194504$ & $-0.642027$ & $-0.207723$ & $-0.248072$ & $0.696379$ & $0.155182$ & $0.0142336$ & $0.0479187$ & $-0.00044967$ & $-0.0432311$ & $0.0508983$ & $1$ & $-0.0134655$ & $0.0101806$ & $-0.00570972$ & $-0.0301842$ & $-0.0188688$ & $-0.00250799$ & $0.0173902$ & $-0.0135897$ & $-0.00455656$ & $-0.0345224$ & $0.0105573$ & $-0.000476987$ & $-0.0154345$ & $-0.00714903$ & $-0.00535138$ \\
eHggint & $-0.0476543$ & $-0.0467714$ & $-0.0130104$ & $0.0664796$ & $0.0136717$ & $0.00623137$ & $-0.0606496$ & $-0.0165341$ & $-0.0282444$ & $0.0541398$ & $0.029998$ & $0.0911385$ & $0.0353279$ & $-0.0190427$ & $-0.0116242$ & $-0.0196497$ & $-0.0343476$ & $-0.0157805$ & $-0.00838266$ & $-0.0313682$ & $-0.0300442$ & $-0.0283102$ & $0.0132139$ & $-0.0107358$ & $-0.00660549$ & $0.00884699$ & $-0.00184376$ & $-0.0203219$ & $-0.0618517$ & $-0.0500749$ & $-0.0358125$ & $0.0262486$ & $-0.0457891$ & $-0.0134655$ & $1$ & $-0.0189284$ & $0.00919088$ & $0.0493045$ & $0.00225632$ & $-0.034092$ & $0.0562198$ & $0.0168473$ & $0.105621$ & $0.0243611$ & $-0.0352023$ & $-0.0358507$ & $-0.0800979$ & $-0.0837414$ & $-0.00430366$ \\
eHggpar & $-0.129049$ & $0.0195806$ & $0.0603026$ & $-0.0282705$ & $-0.00637229$ & $0.023223$ & $-0.0302456$ & $0.00180079$ & $-0.010402$ & $0.0287162$ & $0.0132047$ & $0.0503104$ & $0.0191887$ & $-0.00940454$ & $-0.0187142$ & $-0.0286345$ & $-0.0358366$ & $-0.0136846$ & $-0.00509244$ & $-0.0132863$ & $-0.00752028$ & $-0.00459754$ & $0.0215728$ & $-0.0163676$ & $-0.00073282$ & $-0.00535221$ & $0.0201949$ & $-0.0371951$ & $-0.0259223$ & $-0.0271701$ & $-0.0299538$ & $0.00938293$ & $-0.0311444$ & $0.0101806$ & $-0.0189284$ & $1$ & $-0.0691029$ & $-0.0323344$ & $-0.0736523$ & $0.000515882$ & $0.107708$ & $0.00331914$ & $-0.0253016$ & $-0.0535776$ & $0.0103177$ & $-0.0145003$ & $-0.0389171$ & $-0.137171$ & $0.00341049$ \\
eHWWint & $0.00264076$ & $-0.0334345$ & $-0.0745289$ & $-0.0272894$ & $0.0110188$ & $0.00283279$ & $0.0265124$ & $-0.0179207$ & $-0.0275785$ & $0.0167904$ & $0.0251253$ & $0.00198884$ & $-0.00783921$ & $-0.0189822$ & $-0.0155812$ & $-0.00899081$ & $-0.0152694$ & $-0.00230121$ & $-0.00448993$ & $-0.0245949$ & $-0.0250708$ & $-0.0220283$ & $0.00345226$ & $0.0125167$ & $-0.00384271$ & $0.00730309$ & $0.00106259$ & $-0.0156502$ & $-0.0145303$ & $-0.18811$ & $-0.0611986$ & $-0.0105703$ & $-0.191957$ & $-0.00570972$ & $0.00919088$ & $-0.0691029$ & $1$ & $-0.0259382$ & $0.0622834$ & $-0.0188372$ & $-0.0291085$ & $0.0173963$ & $-0.0324969$ & $0.0143276$ & $-0.0380089$ & $0.00726512$ & $0.094953$ & $0.0064349$ & $-0.007056$ \\
eHWWpar & $-0.00881952$ & $-0.00584282$ & $0.0145941$ & $-0.0109099$ & $-0.0245241$ & $0.00962716$ & $-0.0171974$ & $-0.0298912$ & $-0.0280973$ & $0.00150132$ & $0.0315098$ & $0.0013002$ & $0.000582118$ & $-0.00909069$ & $0.0049184$ & $-0.0241703$ & $-0.00431488$ & $-0.00775358$ & $0.0162776$ & $-0.032678$ & $-0.0321979$ & $-0.030017$ & $0.00958001$ & $0.00801823$ & $0.013441$ & $0.0137154$ & $-0.00497027$ & $0.00079199$ & $-0.000962477$ & $-0.0230015$ & $0.00820571$ & $-0.0217767$ & $-0.0307051$ & $-0.0301842$ & $0.0493045$ & $-0.0323344$ & $-0.0259382$ & $1$ & $0.0168486$ & $0.000564771$ & $0.00674057$ & $-0.00278789$ & $0.0405407$ & $-0.0126158$ & $-0.0231151$ & $0.0365566$ & $0.028513$ & $0.00467088$ & $-0.0119536$ \\
eHZZint & $-0.0410265$ & $-0.0364591$ & $0.125826$ & $0.0107176$ & $-0.022101$ & $0.0076835$ & $-0.00212089$ & $-0.0259835$ & $-0.0186887$ & $0.0109743$ & $0.0174215$ & $-0.0182305$ & $-0.0130726$ & $0.0172766$ & $-0.00520867$ & $0.0222092$ & $0.0149981$ & $0.0263353$ & $0.00604348$ & $-0.0146324$ & $-0.0197507$ & $-0.0190885$ & $0.013807$ & $0.0320682$ & $0.029907$ & $0.000750892$ & $-0.012642$ & $-0.00762229$ & $0.0246207$ & $-0.0281763$ & $0.0376827$ & $0.00284732$ & $-0.00669512$ & $-0.0188688$ & $0.00225632$ & $-0.0736523$ & $0.0622834$ & $0.0168486$ & $1$ & $-0.0169555$ & $0.0375303$ & $-0.0230168$ & $0.14142$ & $0.0221363$ & $0.0175345$ & $-0.0205077$ & $0.130276$ & $0.0269414$ & $0.0333726$ \\
eHZZpar & $0.00822607$ & $-0.0202569$ & $-0.045846$ & $-0.0186115$ & $-0.0168773$ & $-0.00154982$ & $0.0182732$ & $0.00882341$ & $0.00893951$ & $-0.00249612$ & $-0.0165529$ & $0.000835366$ & $0.00260356$ & $0.0155317$ & $0.0104549$ & $0.0196346$ & $0.0110659$ & $0.00761727$ & $0.00209868$ & $0.0172691$ & $0.0135452$ & $0.0137904$ & $0.001372$ & $0.0013729$ & $0.0019537$ & $-0.02215$ & $-0.0125329$ & $-0.0028191$ & $0.00193524$ & $0.00233203$ & $-0.00425854$ & $0.0120559$ & $-0.00729796$ & $-0.00250799$ & $-0.034092$ & $0.000515882$ & $-0.0188372$ & $0.000564771$ & $-0.0169555$ & $1$ & $-0.0226336$ & $-0.00909453$ & $0.0043774$ & $-0.028646$ & $-8.80942e-05$ & $-0.0171504$ & $0.0115506$ & $-0.00500871$ & $-0.0181569$ \\
eHZgaint & $-0.0113449$ & $0.0506441$ & $-0.00424039$ & $0.00422395$ & $-0.00295257$ & $0.0233164$ & $-0.0381024$ & $0.0113658$ & $0.00874123$ & $-0.0580825$ & $0.0131904$ & $0.0110186$ & $0.0265141$ & $-0.0320637$ & $-0.0153081$ & $-0.0211162$ & $-0.0580654$ & $-0.0376085$ & $-0.0358666$ & $-0.0139181$ & $-0.00885866$ & $-0.00515651$ & $-0.0103137$ & $-0.0377362$ & $-0.0315473$ & $0.0196672$ & $0.0225396$ & $-0.000949171$ & $0.0077422$ & $0.0131533$ & $-0.0061015$ & $-0.0246251$ & $0.0197129$ & $0.0173902$ & $0.0562198$ & $0.107708$ & $-0.0291085$ & $0.00674057$ & $0.0375303$ & $-0.0226336$ & $1$ & $0.00307463$ & $0.0133892$ & $-0.101787$ & $-0.00298533$ & $-0.00599193$ & $0.00506983$ & $-0.0335784$ & $0.026789$ \\
eHZgapar & $0.00179871$ & $0.0213021$ & $0.0296928$ & $-0.0215539$ & $0.00478697$ & $-0.0192131$ & $-0.0026816$ & $-0.003186$ & $0.000720555$ & $-0.0117971$ & $-0.00431501$ & $-0.00316316$ & $-0.00573461$ & $0.012108$ & $0.0161909$ & $-0.0118446$ & $0.0150198$ & $0.003188$ & $0.0220326$ & $0.00564381$ & $0.00494431$ & $-0.000114133$ & $0.0105199$ & $0.012501$ & $0.0126054$ & $-0.0120093$ & $-0.0014475$ & $0.00737209$ & $0.0218554$ & $-0.00678056$ & $-0.00291135$ & $-0.00339743$ & $-0.00428252$ & $-0.0135897$ & $0.0168473$ & $0.00331914$ & $0.0173963$ & $-0.00278789$ & $-0.0230168$ & $-0.00909453$ & $0.00307463$ & $1$ & $0.0475081$ & $-0.0114368$ & $-0.0297049$ & $-0.031127$ & $0.0108041$ & $-0.0388644$ & $-0.0170067$ \\
eHgagaint & $-0.0662659$ & $-0.000826659$ & $-0.00308144$ & $0.0142812$ & $0.0103045$ & $0.00510822$ & $-0.0183579$ & $-0.0198267$ & $0.0448282$ & $-0.0256436$ & $0.0261829$ & $-0.00491283$ & $0.0121346$ & $-0.0083413$ & $-0.0202544$ & $-0.0313619$ & $-0.0166461$ & $0.00301194$ & $0.00986264$ & $-0.0260802$ & $-0.0227191$ & $-0.0237711$ & $0.0110256$ & $-0.00627288$ & $0.0164962$ & $0.0150113$ & $0.0110644$ & $-0.00590483$ & $0.0239807$ & $-0.0101791$ & $0.0355521$ & $-0.0128187$ & $0.000705132$ & $-0.00455656$ & $0.105621$ & $-0.0253016$ & $-0.0324969$ & $0.0405407$ & $0.14142$ & $0.0043774$ & $0.0133892$ & $0.0475081$ & $1$ & $-0.0757708$ & $-0.0281663$ & $0.00541845$ & $0.0142547$ & $-0.0710648$ & $0.0200209$ \\
eHmumuint & $0.0165693$ & $-0.0119436$ & $0.13896$ & $-0.0412635$ & $-0.017298$ & $0.0138783$ & $0.0158136$ & $-0.0245629$ & $-0.0280123$ & $0.0357844$ & $0.0235045$ & $0.00869563$ & $-0.00315198$ & $-0.00271463$ & $0.0129271$ & $0.00339078$ & $-0.00487878$ & $-0.00622405$ & $0.00328739$ & $-0.0211902$ & $-0.0270221$ & $-0.0282629$ & $-0.0119071$ & $0.0110601$ & $-0.0104641$ & $0.012218$ & $-0.0384953$ & $-0.00335125$ & $0.011266$ & $-0.00967378$ & $0.0725972$ & $0.0191289$ & $0.0348516$ & $-0.0345224$ & $0.0243611$ & $-0.0535776$ & $0.0143276$ & $-0.0126158$ & $0.0221363$ & $-0.028646$ & $-0.101787$ & $-0.0114368$ & $-0.0757708$ & $1$ & $-0.0729762$ & $0.0982722$ & $0.154101$ & $0.162053$ & $0.032652$ \\
eHtautauint & $-0.0845885$ & $0.0753556$ & $-0.086439$ & $0.106652$ & $0.00138373$ & $0.0107971$ & $-0.0132941$ & $0.014731$ & $0.00911551$ & $-0.019159$ & $-0.0104478$ & $0.00921348$ & $0.0183551$ & $-0.0105542$ & $0.0102357$ & $0.0135415$ & $-0.00784282$ & $-0.0168355$ & $-0.0168272$ & $0.0119897$ & $0.0107442$ & $0.0156932$ & $-0.00651226$ & $-0.020896$ & $-0.00282142$ & $0.00499322$ & $0.00609615$ & $0.00472531$ & $-0.00803609$ & $0.0681475$ & $-0.0558267$ & $-0.0162277$ & $-0.0398951$ & $0.0105573$ & $-0.0352023$ & $0.0103177$ & $-0.0380089$ & $-0.0231151$ & $0.0175345$ & $-8.80942e-05$ & $-0.00298533$ & $-0.0297049$ & $-0.0281663$ & $-0.0729762$ & $1$ & $0.00795332$ & $-0.110084$ & $-0.181016$ & $-0.0386899$ \\
eHccint & $0.0244018$ & $0.0836491$ & $0.0323007$ & $0.133539$ & $0.00441759$ & $-0.0332595$ & $-0.0235796$ & $0.00534139$ & $0.00397525$ & $-0.0196121$ & $-0.0121906$ & $7.17061e-05$ & $0.0129824$ & $0.000244478$ & $0.0198667$ & $0.0318691$ & $0.0188891$ & $-0.00153757$ & $-0.0121333$ & $0.0165532$ & $0.0112746$ & $0.00959445$ & $0.0134797$ & $-0.000744842$ & $0.000695687$ & $-0.00702963$ & $-0.00736766$ & $0.0204019$ & $0.00314334$ & $-0.0157175$ & $0.089122$ & $-0.0312392$ & $-0.0034026$ & $-0.000476987$ & $-0.0358507$ & $-0.0145003$ & $0.00726512$ & $0.0365566$ & $-0.0205077$ & $-0.0171504$ & $-0.00599193$ & $-0.031127$ & $0.00541845$ & $0.0982722$ & $0.00795332$ & $1$ & $0.043175$ & $0.0423829$ & $0.0167742$ \\
eHccpar & $0.0385001$ & $-0.108383$ & $0.16015$ & $0.0656577$ & $0.0266096$ & $-0.00389805$ & $0.0413754$ & $-0.014428$ & $-0.0130717$ & $0.0196761$ & $0.0167469$ & $0.0096995$ & $-0.00332757$ & $-0.00935514$ & $-0.000859913$ & $-0.0100416$ & $0.00117037$ & $0.00217152$ & $0.0106193$ & $-0.0151608$ & $-0.0190013$ & $-0.0212267$ & $0.00480851$ & $0.00810312$ & $-0.0016264$ & $0.00559755$ & $-0.0100297$ & $-0.0156897$ & $0.023479$ & $-0.0229326$ & $0.353321$ & $0.0403912$ & $-0.032226$ & $-0.0154345$ & $-0.0800979$ & $-0.0389171$ & $0.094953$ & $0.028513$ & $0.130276$ & $0.0115506$ & $0.00506983$ & $0.0108041$ & $0.0142547$ & $0.154101$ & $-0.110084$ & $0.043175$ & $1$ & $-0.0452725$ & $-0.033105$ \\
eHbbint & $0.0730744$ & $0.05033$ & $0.13849$ & $0.0409708$ & $-0.034847$ & $0.00221593$ & $-0.0136265$ & $-0.000782166$ & $-0.00429781$ & $-0.00529279$ & $0.00616521$ & $-0.0115663$ & $-0.00760937$ & $-0.0179127$ & $0.0148985$ & $-0.0139644$ & $-0.00587841$ & $-0.0249724$ & $-0.00669459$ & $-0.00846328$ & $-0.00635878$ & $-0.00811545$ & $-0.00457915$ & $-0.0133042$ & $-0.015935$ & $0.00438239$ & $0.00177237$ & $0.0033479$ & $0.0164742$ & $0.0170542$ & $-0.0084445$ & $-0.0192915$ & $0.201209$ & $-0.00714903$ & $-0.0837414$ & $-0.137171$ & $0.0064349$ & $0.00467088$ & $0.0269414$ & $-0.00500871$ & $-0.0335784$ & $-0.0388644$ & $-0.0710648$ & $0.162053$ & $-0.181016$ & $0.0423829$ & $-0.0452725$ & $1$ & $0.0767536$ \\
eHbbpar & $-0.121942$ & $-0.0838899$ & $0.0314052$ & $-0.0429165$ & $0.00946241$ & $-0.00620914$ & $0.00125772$ & $0.014503$ & $0.0147294$ & $0.0142841$ & $-0.0135371$ & $-0.0319015$ & $-0.0360789$ & $0.00777077$ & $0.0140741$ & $0.0057328$ & $0.000232034$ & $-0.00712813$ & $0.000571443$ & $0.013332$ & $0.0124402$ & $0.0144589$ & $-0.00311184$ & $0.00626563$ & $0.000946983$ & $-0.0135746$ & $-0.0101939$ & $0.0172484$ & $-0.0118755$ & $-0.0164154$ & $-0.016322$ & $0.0122817$ & $0.436892$ & $-0.00535138$ & $-0.00430366$ & $0.00341049$ & $-0.007056$ & $-0.0119536$ & $0.0333726$ & $-0.0181569$ & $0.026789$ & $-0.0170067$ & $0.0200209$ & $0.032652$ & $-0.0386899$ & $0.0167742$ & $-0.033105$ & $0.0767536$ & $1$ \\
