 & AlsMz & dAle5Mz & mtop & mHl & Mz & CW & CHG & CHWB & CHWHB_gaga & CHWHB_gagaorth & CHD & CHbox & CH & CHL1_11 & CHL1_22 & CHL1_33 & CHL3_11 & CHL3_22 & CHL3_33 & CHe_11 & CHe_22 & CHe_33 & CHQ1_11 & CHQ1_33 & CHQ3_11 & CHu_11 & CHd_11 & CHd_33 & CeH_22r & CeH_33r & CuH_22r & CuH_33r & CdH_33r & CLL_1221 & eHggint & eHggpar & eHWWint & eHWWpar & eHZZint & eHZZpar & eHZgaint & eHZgapar & eHgagaint & eHmumuint & eHtautauint & eHccint & eHccpar & eHbbint & eHbbpar \\
AlsMz & $1$ & $0.508754$ & $-0.176153$ & $0.631293$ & $0.0736028$ & $-0.0201072$ & $-0.178771$ & $0.367941$ & $0.358274$ & $-0.246159$ & $-0.273148$ & $-0.407748$ & $-0.202447$ & $-0.0394188$ & $-0.0606174$ & $0.0232729$ & $-0.179689$ & $-0.111467$ & $-0.207653$ & $0.195284$ & $0.266562$ & $0.169294$ & $-0.00832932$ & $-0.135445$ & $-0.225328$ & $0.0202739$ & $0.193455$ & $0.279963$ & $-0.00714182$ & $-0.0630671$ & $-0.0189222$ & $-0.407256$ & $-0.0742347$ & $0.243144$ & $-0.399912$ & $-0.133764$ & $0.206376$ & $-0.335988$ & $0.0444208$ & $0.186477$ & $0.335158$ & $-0.184471$ & $0.523175$ & $-0.0407685$ & $0.118857$ & $0.374371$ & $-0.744856$ & $-0.202447$ & $-0.219138$ \\
dAle5Mz & $0.508754$ & $1$ & $-0.171593$ & $0.38616$ & $0.103817$ & $-0.0567737$ & $0.0675346$ & $0.284284$ & $0.276513$ & $-0.225764$ & $-0.213447$ & $-0.557699$ & $-0.282648$ & $-0.00517455$ & $0.106766$ & $-0.0452236$ & $-0.066866$ & $-0.166381$ & $-0.0818333$ & $0.0733213$ & $-0.0562564$ & $0.0998723$ & $-0.161304$ & $-0.0653565$ & $-0.181086$ & $0.0879275$ & $-0.0569698$ & $0.286883$ & $-0.00382495$ & $-0.091679$ & $-0.0395611$ & $-0.0566521$ & $-0.088816$ & $0.148297$ & $-0.335352$ & $-0.30162$ & $0.217712$ & $-0.0254693$ & $-0.0502666$ & $0.0687642$ & $0.11899$ & $-0.19052$ & $0.269675$ & $0.0497569$ & $0.447483$ & $0.14503$ & $-0.560361$ & $-0.277198$ & $-0.00977916$ \\
mtop & $-0.176153$ & $-0.171593$ & $1$ & $0.0554044$ & $0.156942$ & $-0.0413613$ & $0.324353$ & $-0.0413547$ & $-0.0337746$ & $-0.258882$ & $0.208026$ & $0.160665$ & $0.411855$ & $-0.315217$ & $-0.330069$ & $-0.296493$ & $-0.204434$ & $0.12782$ & $0.00501174$ & $-0.146884$ & $0.0193116$ & $-0.0738302$ & $0.340821$ & $-0.216717$ & $-0.115277$ & $-0.369167$ & $0.12297$ & $-0.0568795$ & $0.00611468$ & $0.0626559$ & $0.0344825$ & $0.565232$ & $0.0675083$ & $0.257418$ & $0.285206$ & $0.138012$ & $-0.117897$ & $-0.269737$ & $-0.200886$ & $0.212454$ & $0.11114$ & $-0.236082$ & $-0.268593$ & $-0.574355$ & $-0.0924307$ & $-0.302778$ & $0.20262$ & $-0.0521674$ & $0.103927$ \\
mHl & $0.631293$ & $0.38616$ & $0.0554044$ & $1$ & $0.171635$ & $0.0457976$ & $-0.132113$ & $-0.00319934$ & $-0.00881801$ & $-0.0107717$ & $0.0145067$ & $-0.323283$ & $-0.320521$ & $0.0479881$ & $-0.199499$ & $0.0167426$ & $0.0213922$ & $0.144273$ & $-0.0364397$ & $-0.0796255$ & $0.102926$ & $-0.0461163$ & $0.029046$ & $-0.000596643$ & $-0.0202891$ & $-0.0582277$ & $-0.0782362$ & $0.171524$ & $-0.00942479$ & $-0.0648744$ & $-0.00993329$ & $-0.303878$ & $-0.0770668$ & $0.144419$ & $-0.0909548$ & $0.00424185$ & $0.321602$ & $-0.433479$ & $-0.115057$ & $0.126959$ & $0.543324$ & $-0.427454$ & $0.342461$ & $-0.255751$ & $-0.047446$ & $0.223932$ & $-0.471126$ & $-0.0990417$ & $-0.274082$ \\
Mz & $0.0736028$ & $0.103817$ & $0.156942$ & $0.171635$ & $1$ & $-0.026587$ & $-0.134799$ & $-0.113758$ & $-0.118714$ & $0.0796314$ & $0.13032$ & $0.127315$ & $0.268669$ & $-0.00265887$ & $-0.277208$ & $-0.163907$ & $0.0624189$ & $0.24518$ & $0.113522$ & $-0.124629$ & $0.0171053$ & $0.0169119$ & $-0.202621$ & $-0.0291866$ & $0.129606$ & $0.0649816$ & $0.180893$ & $-0.14004$ & $-0.0149189$ & $-0.0328665$ & $-0.0152053$ & $-0.228501$ & $-0.0485259$ & $0.150556$ & $0.0754621$ & $-0.440421$ & $-0.0882781$ & $-0.0562167$ & $-0.542586$ & $-0.178891$ & $0.0679053$ & $-0.439335$ & $-0.264546$ & $-0.213017$ & $0.522248$ & $-0.130488$ & $-0.110435$ & $0.141497$ & $-0.388054$ \\
CW & $-0.0201072$ & $-0.0567737$ & $-0.0413613$ & $0.0457976$ & $-0.026587$ & $1$ & $-0.0630239$ & $-0.0730415$ & $-0.0739199$ & $0.0644091$ & $0.0687753$ & $0.0114528$ & $-0.121919$ & $0.264184$ & $-0.0288012$ & $0.024942$ & $-0.233556$ & $0.0462384$ & $-0.0115539$ & $-0.0550886$ & $0.0193065$ & $-0.0837694$ & $-0.0786618$ & $0.00570559$ & $-0.0041694$ & $0.0854887$ & $-0.100412$ & $-0.0408729$ & $-0.00372075$ & $0.015752$ & $0.00122658$ & $-0.0622818$ & $0.0150337$ & $-0.103708$ & $0.123531$ & $0.122271$ & $-0.0472788$ & $-0.0207822$ & $-0.0501258$ & $0.0367372$ & $0.13348$ & $0.0109367$ & $0.132574$ & $0.0564657$ & $-0.0967063$ & $0.0186304$ & $0.0445949$ & $-0.0776673$ & $0.0101811$ \\
CHG & $-0.178771$ & $0.0675346$ & $0.324353$ & $-0.132113$ & $-0.134799$ & $-0.0630239$ & $1$ & $-0.0331056$ & $7.05207e-05$ & $-0.269731$ & $0.164399$ & $-0.158522$ & $0.154975$ & $-0.258169$ & $-0.031347$ & $-0.158083$ & $-0.164598$ & $-0.0960947$ & $-0.0428663$ & $-0.137938$ & $-0.14859$ & $-0.0479607$ & $0.045024$ & $-0.128362$ & $-0.120474$ & $-0.048399$ & $0.0354739$ & $-0.0922221$ & $0.0536684$ & $-0.300491$ & $-0.192125$ & $0.615997$ & $-0.426816$ & $0.0433059$ & $0.259749$ & $-0.0379602$ & $-0.143176$ & $-0.0583062$ & $-0.075187$ & $0.071879$ & $-0.00208215$ & $-0.0426941$ & $-0.103697$ & $-0.00830506$ & $0.0453021$ & $-0.118233$ & $0.122159$ & $-0.159909$ & $0.309911$ \\
CHWB & $0.367941$ & $0.284284$ & $-0.0413547$ & $-0.00319934$ & $-0.113758$ & $-0.0730415$ & $-0.0331056$ & $1$ & $0.987633$ & $-0.332664$ & $-0.8439$ & $-0.12025$ & $0.291373$ & $-0.0179989$ & $0.102446$ & $0.152649$ & $-0.392079$ & $-0.377098$ & $-0.389167$ & $0.740652$ & $0.483663$ & $0.405904$ & $-0.00442888$ & $-0.342746$ & $-0.493468$ & $-0.0120112$ & $0.323777$ & $0.33735$ & $0.00456304$ & $0.00927268$ & $-0.0104294$ & $-0.0682539$ & $0.0124222$ & $0.466342$ & $-0.429022$ & $-0.22615$ & $-0.0345811$ & $0.0633544$ & $0.21497$ & $0.150449$ & $-0.123148$ & $0.0262372$ & $0.197224$ & $-0.0840474$ & $0.153071$ & $0.146381$ & $-0.421554$ & $-0.0839614$ & $-0.204889$ \\
CHWHB_gaga & $0.358274$ & $0.276513$ & $-0.0337746$ & $-0.00881801$ & $-0.118714$ & $-0.0739199$ & $7.05207e-05$ & $0.987633$ & $1$ & $-0.333215$ & $-0.836264$ & $-0.104708$ & $0.292948$ & $-0.0180249$ & $0.0998747$ & $0.149238$ & $-0.384743$ & $-0.366619$ & $-0.379244$ & $0.734589$ & $0.480698$ & $0.406928$ & $-0.00158948$ & $-0.335668$ & $-0.480951$ & $-0.0138596$ & $0.327339$ & $0.334844$ & $0.0116695$ & $0.0326013$ & $0.00188354$ & $-0.0544491$ & $0.0381124$ & $0.463097$ & $-0.427046$ & $-0.219812$ & $-0.0384673$ & $0.0603169$ & $0.216646$ & $0.150461$ & $-0.126539$ & $0.0364383$ & $0.191562$ & $-0.0830383$ & $0.151388$ & $0.144603$ & $-0.409552$ & $-0.0889289$ & $-0.195392$ \\
CHWHB_gagaorth & $-0.246159$ & $-0.225764$ & $-0.258882$ & $-0.0107717$ & $0.0796314$ & $0.0644091$ & $-0.269731$ & $-0.332664$ & $-0.333215$ & $1$ & $-0.0703572$ & $0.440576$ & $-0.235314$ & $0.641262$ & $0.198306$ & $0.0571649$ & $0.655564$ & $0.327985$ & $0.500335$ & $0.0589557$ & $-0.0397755$ & $0.0955937$ & $-0.0277457$ & $0.385755$ & $0.594903$ & $0.04386$ & $-0.180888$ & $-0.000312716$ & $-0.00167917$ & $0.00155302$ & $-0.00248444$ & $-0.290492$ & $-0.0132166$ & $-0.35398$ & $0.0337046$ & $0.0795095$ & $0.0995455$ & $0.109471$ & $-0.0437381$ & $-0.167755$ & $-0.115729$ & $0.234927$ & $-0.137758$ & $0.173628$ & $-0.0896343$ & $-0.0953107$ & $0.356487$ & $0.103416$ & $-0.053135$ \\
CHD & $-0.273148$ & $-0.213447$ & $0.208026$ & $0.0145067$ & $0.13032$ & $0.0687753$ & $0.164399$ & $-0.8439$ & $-0.836264$ & $-0.0703572$ & $1$ & $-0.0331823$ & $-0.164095$ & $-0.374048$ & $-0.264044$ & $-0.249$ & $-0.0190205$ & $0.201034$ & $0.103651$ & $-0.860068$ & $-0.518416$ & $-0.478997$ & $0.0514458$ & $0.0808154$ & $0.144248$ & $-0.02316$ & $-0.198499$ & $-0.359747$ & $-0.00577629$ & $-0.0498505$ & $-0.00397$ & $0.217191$ & $-0.0550978$ & $-0.207731$ & $0.426567$ & $0.153468$ & $-0.00471603$ & $-0.123558$ & $-0.226158$ & $-0.125221$ & $0.16711$ & $-0.164721$ & $-0.163186$ & $-0.0272372$ & $-0.0745671$ & $-0.0951795$ & $0.26498$ & $0.0456348$ & $0.257586$ \\
CHbox & $-0.407748$ & $-0.557699$ & $0.160665$ & $-0.323283$ & $0.127315$ & $0.0114528$ & $-0.158522$ & $-0.12025$ & $-0.104708$ & $0.440576$ & $-0.0331823$ & $1$ & $0.423031$ & $0.0999076$ & $-0.0606821$ & $-0.170835$ & $0.1488$ & $0.224929$ & $0.289919$ & $0.222119$ & $0.127131$ & $0.272808$ & $0.161625$ & $0.0334854$ & $0.283638$ & $-0.102148$ & $0.294163$ & $0.00424064$ & $0.0230024$ & $0.218945$ & $0.0497967$ & $0.0684739$ & $0.205837$ & $-0.0876472$ & $-0.144961$ & $0.0373346$ & $-0.0985132$ & $-0.0228486$ & $0.0317892$ & $-0.143213$ & $-0.38803$ & $0.376235$ & $-0.478094$ & $-0.085436$ & $0.00333418$ & $-0.190085$ & $0.397211$ & $0.181313$ & $-0.0130024$ \\
CH & $-0.202447$ & $-0.282648$ & $0.411855$ & $-0.320521$ & $0.268669$ & $-0.121919$ & $0.154975$ & $0.291373$ & $0.292948$ & $-0.235314$ & $-0.164095$ & $0.423031$ & $1$ & $-0.203777$ & $-0.229776$ & $-0.220524$ & $-0.195309$ & $0.0374367$ & $-0.0458715$ & $0.206698$ & $0.280373$ & $0.239357$ & $0.161803$ & $-0.274215$ & $-0.134906$ & $-0.144012$ & $0.467666$ & $0.0027733$ & $0.0094675$ & $0.0826758$ & $0.0237837$ & $0.308015$ & $0.0737126$ & $0.344578$ & $-0.0967144$ & $-0.272319$ & $-0.154918$ & $-0.134721$ & $-0.0871459$ & $0.0333144$ & $-0.261381$ & $0.0260284$ & $-0.518259$ & $-0.316724$ & $0.127443$ & $-0.231833$ & $0.0460996$ & $0.230924$ & $-0.191191$ \\
CHL1_11 & $-0.0394188$ & $-0.00517455$ & $-0.315217$ & $0.0479881$ & $-0.00265887$ & $0.264184$ & $-0.258169$ & $-0.0179989$ & $-0.0180249$ & $0.641262$ & $-0.374048$ & $0.0999076$ & $-0.203777$ & $1$ & $0.276672$ & $0.211965$ & $0.435954$ & $0.225957$ & $0.373266$ & $0.23792$ & $0.162576$ & $0.143752$ & $-0.133281$ & $0.365551$ & $0.45406$ & $0.124559$ & $-0.213206$ & $0.0889733$ & $0.000412696$ & $0.0878224$ & $0.0421784$ & $-0.3214$ & $0.0939186$ & $-0.293465$ & $-0.0200177$ & $0.0554593$ & $0.0719685$ & $0.114115$ & $-0.00554835$ & $0.00156338$ & $-0.00533774$ & $0.160207$ & $0.0610672$ & $0.169902$ & $-0.1022$ & $-0.0399478$ & $0.13414$ & $0.0131567$ & $-0.158851$ \\
CHL1_22 & $-0.0606174$ & $0.106766$ & $-0.330069$ & $-0.199499$ & $-0.277208$ & $-0.0288012$ & $-0.031347$ & $0.102446$ & $0.0998747$ & $0.198306$ & $-0.264044$ & $-0.0606821$ & $-0.229776$ & $0.276672$ & $1$ & $0.301349$ & $0.162917$ & $-0.582767$ & $0.00636903$ & $0.233788$ & $-0.0518592$ & $0.0329926$ & $-0.302342$ & $0.300125$ & $0.00770976$ & $0.35603$ & $-0.320342$ & $0.153371$ & $0.00499943$ & $-0.00336778$ & $-0.018409$ & $-0.0312256$ & $0.00536341$ & $-0.61386$ & $-0.0782205$ & $0.140934$ & $-0.0337108$ & $0.300631$ & $0.166541$ & $0.199708$ & $-0.197895$ & $0.149673$ & $0.136917$ & $0.351808$ & $-0.0134655$ & $-0.274358$ & $0.0266086$ & $-0.0472923$ & $-0.0209214$ \\
CHL1_33 & $0.0232729$ & $-0.0452236$ & $-0.296493$ & $0.0167426$ & $-0.163907$ & $0.024942$ & $-0.158083$ & $0.152649$ & $0.149238$ & $0.0571649$ & $-0.249$ & $-0.170835$ & $-0.220524$ & $0.211965$ & $0.301349$ & $1$ & $0.072357$ & $-0.149835$ & $-0.399643$ & $0.214158$ & $0.10512$ & $-0.223513$ & $-0.198012$ & $0.253387$ & $-0.00594563$ & $0.202838$ & $-0.262855$ & $0.0295093$ & $0.00457763$ & $-0.0187699$ & $0.00338725$ & $-0.268399$ & $0.00125479$ & $-0.146021$ & $-0.0374279$ & $0.122698$ & $0.195066$ & $0.283225$ & $0.231072$ & $0.0468988$ & $0.00207396$ & $-0.0931013$ & $0.229866$ & $0.187553$ & $-0.153944$ & $0.00539036$ & $-0.0304372$ & $0.0284811$ & $-0.190701$ \\
CHL3_11 & $-0.179689$ & $-0.066866$ & $-0.204434$ & $0.0213922$ & $0.0624189$ & $-0.233556$ & $-0.164598$ & $-0.392079$ & $-0.384743$ & $0.655564$ & $-0.0190205$ & $0.1488$ & $-0.195309$ & $0.435954$ & $0.162917$ & $0.072357$ & $1$ & $0.410083$ & $0.557949$ & $-0.0811763$ & $-0.0820672$ & $0.0340406$ & $-0.00603075$ & $0.45936$ & $0.672296$ & $0.00305804$ & $-0.194044$ & $-0.0529984$ & $0.00187746$ & $0.0742039$ & $0.019335$ & $-0.187573$ & $0.0889778$ & $-0.21404$ & $0.0663673$ & $0.090753$ & $0.104108$ & $0.0534201$ & $-0.0739209$ & $-0.0710498$ & $-0.00825632$ & $0.152875$ & $-0.132026$ & $0.129069$ & $-0.0864097$ & $-0.0683995$ & $0.274834$ & $0.0710802$ & $-0.047639$ \\
CHL3_22 & $-0.111467$ & $-0.166381$ & $0.12782$ & $0.144273$ & $0.24518$ & $0.0462384$ & $-0.0960947$ & $-0.377098$ & $-0.366619$ & $0.327985$ & $0.201034$ & $0.224929$ & $0.0374367$ & $0.225957$ & $-0.582767$ & $-0.149835$ & $0.410083$ & $1$ & $0.437026$ & $-0.190291$ & $-0.0528442$ & $-0.00405444$ & $0.246334$ & $0.138469$ & $0.592852$ & $-0.283153$ & $0.166652$ & $-0.138474$ & $-0.000387939$ & $0.0671448$ & $0.0311228$ & $-0.0853478$ & $0.0721025$ & $0.447256$ & $0.126779$ & $0.0415775$ & $0.0483249$ & $-0.202574$ & $-0.198933$ & $-0.210546$ & $0.154268$ & $0.0938118$ & $-0.171815$ & $-0.16535$ & $-0.0566363$ & $0.204621$ & $0.24792$ & $0.00789692$ & $0.037477$ \\
CHL3_33 & $-0.207653$ & $-0.0818333$ & $0.00501174$ & $-0.0364397$ & $0.113522$ & $-0.0115539$ & $-0.0428663$ & $-0.389167$ & $-0.379244$ & $0.500335$ & $0.103651$ & $0.289919$ & $-0.0458715$ & $0.373266$ & $0.00636903$ & $-0.399643$ & $0.557949$ & $0.437026$ & $1$ & $-0.10912$ & $-0.128588$ & $0.0782191$ & $0.0761025$ & $0.251768$ & $0.642393$ & $-0.0672095$ & $-0.00400465$ & $-0.0734175$ & $0.00421599$ & $0.0708504$ & $0.00801888$ & $0.0176517$ & $0.0772065$ & $-0.152768$ & $0.0888233$ & $0.0745538$ & $-0.00842545$ & $-0.0856873$ & $-0.196003$ & $-0.0770646$ & $0.00385989$ & $0.267364$ & $-0.229416$ & $0.024915$ & $-0.00403001$ & $-0.077483$ & $0.306882$ & $0.0117787$ & $0.093054$ \\
CHe_11 & $0.195284$ & $0.0733213$ & $-0.146884$ & $-0.0796255$ & $-0.124629$ & $-0.0550886$ & $-0.137938$ & $0.740652$ & $0.734589$ & $0.0589557$ & $-0.860068$ & $0.222119$ & $0.206698$ & $0.23792$ & $0.233788$ & $0.214158$ & $-0.0811763$ & $-0.190291$ & $-0.10912$ & $1$ & $0.514412$ & $0.498181$ & $-0.0321558$ & $-0.10847$ & $-0.144735$ & $-0.0139558$ & $0.244266$ & $0.338604$ & $0.00740036$ & $0.0021389$ & $-0.0167649$ & $-0.160921$ & $-0.00224261$ & $0.118526$ & $-0.423095$ & $-0.128523$ & $-0.0091116$ & $0.117572$ & $0.254716$ & $0.0817836$ & $-0.236678$ & $0.215691$ & $0.0805069$ & $0.0167639$ & $0.0649768$ & $0.0614678$ & $-0.194044$ & $-0.0109718$ & $-0.210097$ \\
CHe_22 & $0.266562$ & $-0.0562564$ & $0.0193116$ & $0.102926$ & $0.0171053$ & $0.0193065$ & $-0.14859$ & $0.483663$ & $0.480698$ & $-0.0397755$ & $-0.518416$ & $0.127131$ & $0.280373$ & $0.162576$ & $-0.0518592$ & $0.10512$ & $-0.0820672$ & $-0.0528442$ & $-0.128588$ & $0.514412$ & $1$ & $0.273782$ & $0.0136094$ & $-0.144762$ & $-0.1871$ & $-0.0499424$ & $0.195252$ & $0.204762$ & $0.0100598$ & $0.0724828$ & $0.0476711$ & $-0.170359$ & $0.0832942$ & $0.192653$ & $-0.221341$ & $-0.0992886$ & $0.0066624$ & $-0.0916495$ & $0.124581$ & $0.0933857$ & $0.00971639$ & $0.0338639$ & $0.0906083$ & $-0.108748$ & $-0.0474426$ & $0.0895539$ & $-0.184814$ & $-0.0271134$ & $-0.206495$ \\
CHe_33 & $0.169294$ & $0.0998723$ & $-0.0738302$ & $-0.0461163$ & $0.0169119$ & $-0.0837694$ & $-0.0479607$ & $0.405904$ & $0.406928$ & $0.0955937$ & $-0.478997$ & $0.272808$ & $0.239357$ & $0.143752$ & $0.0329926$ & $-0.223513$ & $0.0340406$ & $-0.00405444$ & $0.0782191$ & $0.498181$ & $0.273782$ & $1$ & $-0.0473481$ & $-0.173968$ & $-0.0204581$ & $-0.00791457$ & $0.354208$ & $0.208496$ & $0.00246758$ & $0.0698139$ & $0.00689107$ & $-0.00678387$ & $0.0546005$ & $0.162686$ & $-0.315597$ & $-0.255116$ & $-0.0303558$ & $-0.0441144$ & $0.106869$ & $-0.00569957$ & $-0.201789$ & $0.222527$ & $-0.0465046$ & $0.0262866$ & $0.148377$ & $0.0761221$ & $-0.148749$ & $0.0275258$ & $-0.0979408$ \\
CHQ1_11 & $-0.00832932$ & $-0.161304$ & $0.340821$ & $0.029046$ & $-0.202621$ & $-0.0786618$ & $0.045024$ & $-0.00442888$ & $-0.00158948$ & $-0.0277457$ & $0.0514458$ & $0.161625$ & $0.161803$ & $-0.133281$ & $-0.302342$ & $-0.198012$ & $-0.00603075$ & $0.246334$ & $0.0761025$ & $-0.0321558$ & $0.0136094$ & $-0.0473481$ & $1$ & $-0.135341$ & $0.02705$ & $-0.737018$ & $0.102011$ & $0.0128644$ & $0.00173412$ & $0.0483948$ & $-0.0183342$ & $0.111815$ & $0.0365077$ & $0.278782$ & $-0.0832037$ & $0.30945$ & $0.0792751$ & $-0.211083$ & $0.0529227$ & $0.0197141$ & $0.0389567$ & $0.190507$ & $-0.078068$ & $-0.469296$ & $-0.186193$ & $0.0953236$ & $0.0698362$ & $-0.101188$ & $0.153608$ \\
CHQ1_33 & $-0.135445$ & $-0.0653565$ & $-0.216717$ & $-0.000596643$ & $-0.0291866$ & $0.00570559$ & $-0.128362$ & $-0.342746$ & $-0.335668$ & $0.385755$ & $0.0808154$ & $0.0334854$ & $-0.274215$ & $0.365551$ & $0.300125$ & $0.253387$ & $0.45936$ & $0.138469$ & $0.251768$ & $-0.10847$ & $-0.144762$ & $-0.173968$ & $-0.135341$ & $1$ & $0.365849$ & $0.103195$ & $-0.30536$ & $0.0541527$ & $-0.00168751$ & $0.052833$ & $0.0498818$ & $-0.146181$ & $0.0743797$ & $-0.36319$ & $0.0863639$ & $0.188142$ & $0.044866$ & $0.125462$ & $0.000580233$ & $-0.00196004$ & $-0.0128899$ & $0.120756$ & $0.00350571$ & $0.187902$ & $-0.0966506$ & $-0.0632504$ & $0.193538$ & $0.00470232$ & $-0.0186492$ \\
CHQ3_11 & $-0.225328$ & $-0.181086$ & $-0.115277$ & $-0.0202891$ & $0.129606$ & $-0.0041694$ & $-0.120474$ & $-0.493468$ & $-0.480951$ & $0.594903$ & $0.144248$ & $0.283638$ & $-0.134906$ & $0.45406$ & $0.00770976$ & $-0.00594563$ & $0.672296$ & $0.592852$ & $0.642393$ & $-0.144735$ & $-0.1871$ & $-0.0204581$ & $0.02705$ & $0.365849$ & $1$ & $-0.078462$ & $0.0351698$ & $-0.164044$ & $0.00527127$ & $0.0711421$ & $0.00178161$ & $-0.108789$ & $0.0768946$ & $-0.151917$ & $0.13642$ & $0.0731742$ & $0.018486$ & $0.0358183$ & $-0.100744$ & $-0.189689$ & $0.0221551$ & $0.198143$ & $-0.139757$ & $0.139325$ & $-0.0642513$ & $0.015369$ & $0.334047$ & $0.0548828$ & $0.0649912$ \\
CHu_11 & $0.0202739$ & $0.0879275$ & $-0.369167$ & $-0.0582277$ & $0.0649816$ & $0.0854887$ & $-0.048399$ & $-0.0120112$ & $-0.0138596$ & $0.04386$ & $-0.02316$ & $-0.102148$ & $-0.144012$ & $0.124559$ & $0.35603$ & $0.202838$ & $0.00305804$ & $-0.283153$ & $-0.0672095$ & $-0.0139558$ & $-0.0499424$ & $-0.00791457$ & $-0.737018$ & $0.103195$ & $-0.078462$ & $1$ & $0.0191405$ & $-0.0256959$ & $-0.00109553$ & $-0.0229382$ & $0.0120832$ & $-0.106963$ & $-0.0194808$ & $-0.301578$ & $0.0434384$ & $-0.189592$ & $-0.0492913$ & $0.237177$ & $0.0366541$ & $-0.060899$ & $-0.071425$ & $-0.0741901$ & $0.140188$ & $0.531023$ & $0.120002$ & $-0.0549749$ & $-0.00656385$ & $0.0615566$ & $-0.0595822$ \\
CHd_11 & $0.193455$ & $-0.0569698$ & $0.12297$ & $-0.0782362$ & $0.180893$ & $-0.100412$ & $0.0354739$ & $0.323777$ & $0.327339$ & $-0.180888$ & $-0.198499$ & $0.294163$ & $0.467666$ & $-0.213206$ & $-0.320342$ & $-0.262855$ & $-0.194044$ & $0.166652$ & $-0.00400465$ & $0.244266$ & $0.195252$ & $0.354208$ & $0.102011$ & $-0.30536$ & $0.0351698$ & $0.0191405$ & $1$ & $-0.078759$ & $0.0117029$ & $0.0714309$ & $0.0112794$ & $0.122544$ & $0.069216$ & $0.480844$ & $-0.199226$ & $-0.393134$ & $-0.174738$ & $0.00997468$ & $0.106308$ & $-0.314623$ & $-0.103009$ & $0.177875$ & $-0.00927358$ & $0.0367794$ & $0.248852$ & $0.336074$ & $-0.139673$ & $0.039565$ & $0.144274$ \\
CHd_33 & $0.279963$ & $0.286883$ & $-0.0568795$ & $0.171524$ & $-0.14004$ & $-0.0408729$ & $-0.0922221$ & $0.33735$ & $0.334844$ & $-0.000312716$ & $-0.359747$ & $0.00424064$ & $0.0027733$ & $0.0889733$ & $0.153371$ & $0.0295093$ & $-0.0529984$ & $-0.138474$ & $-0.0734175$ & $0.338604$ & $0.204762$ & $0.208496$ & $0.0128644$ & $0.0541527$ & $-0.164044$ & $-0.0256959$ & $-0.078759$ & $1$ & $0.0100367$ & $0.0275672$ & $0.00401744$ & $-0.11695$ & $0.0257065$ & $0.0649333$ & $-0.441683$ & $-0.0159821$ & $0.195215$ & $-0.0793564$ & $0.114407$ & $0.211923$ & $-0.0864421$ & $0.0579736$ & $0.0457241$ & $-0.150458$ & $0.0261338$ & $-0.0409875$ & $-0.338318$ & $-0.00653168$ & $-0.245364$ \\
CeH_22r & $-0.00714182$ & $-0.00382495$ & $0.00611468$ & $-0.00942479$ & $-0.0149189$ & $-0.00372075$ & $0.0536684$ & $0.00456304$ & $0.0116695$ & $-0.00167917$ & $-0.00577629$ & $0.0230024$ & $0.0094675$ & $0.000412696$ & $0.00499943$ & $0.00457763$ & $0.00187746$ & $-0.000387939$ & $0.00421599$ & $0.00740036$ & $0.0100598$ & $0.00246758$ & $0.00173412$ & $-0.00168751$ & $0.00527127$ & $-0.00109553$ & $0.0117029$ & $0.0100367$ & $1$ & $0.0279815$ & $0.0209544$ & $0.010816$ & $0.027339$ & $0.00200571$ & $-0.0169954$ & $0.00702021$ & $0.00597855$ & $7.92076e-06$ & $0.0109173$ & $0.00264106$ & $-0.0194785$ & $0.0206383$ & $-0.011179$ & $0.00377934$ & $0.00326253$ & $-0.00362589$ & $0.00379834$ & $-0.00375481$ & $0.00188652$ \\
CeH_33r & $-0.0630671$ & $-0.091679$ & $0.0626559$ & $-0.0648744$ & $-0.0328665$ & $0.015752$ & $-0.300491$ & $0.00927268$ & $0.0326013$ & $0.00155302$ & $-0.0498505$ & $0.218945$ & $0.0826758$ & $0.0878224$ & $-0.00336778$ & $-0.0187699$ & $0.0742039$ & $0.0671448$ & $0.0708504$ & $0.0021389$ & $0.0724828$ & $0.0698139$ & $0.0483948$ & $0.052833$ & $0.0711421$ & $-0.0229382$ & $0.0714309$ & $0.0275672$ & $0.0279815$ & $1$ & $0.291884$ & $0.0523288$ & $0.68293$ & $0.0297956$ & $-0.0746266$ & $0.062723$ & $-0.0305643$ & $-0.0397448$ & $0.0289905$ & $0.0157641$ & $-0.0723088$ & $0.122971$ & $-0.076173$ & $-0.0325121$ & $-0.0159046$ & $-0.0335163$ & $0.0796643$ & $-0.0101542$ & $0.021955$ \\
CuH_22r & $-0.0189222$ & $-0.0395611$ & $0.0344825$ & $-0.00993329$ & $-0.0152053$ & $0.00122658$ & $-0.192125$ & $-0.0104294$ & $0.00188354$ & $-0.00248444$ & $-0.00397$ & $0.0497967$ & $0.0237837$ & $0.0421784$ & $-0.018409$ & $0.00338725$ & $0.019335$ & $0.0311228$ & $0.00801888$ & $-0.0167649$ & $0.0476711$ & $0.00689107$ & $-0.0183342$ & $0.0498818$ & $0.00178161$ & $0.0120832$ & $0.0112794$ & $0.00401744$ & $0.0209544$ & $0.291884$ & $1$ & $0.0277461$ & $0.377268$ & $0.00565889$ & $0.00743855$ & $0.021872$ & $-0.0215519$ & $-0.0203716$ & $0.00357768$ & $0.0113422$ & $0.0145066$ & $0.017862$ & $-0.012625$ & $0.00262192$ & $-0.0300504$ & $-0.0100693$ & $0.0367076$ & $0.00935118$ & $0.00173191$ \\
CuH_33r & $-0.407256$ & $-0.0566521$ & $0.565232$ & $-0.303878$ & $-0.228501$ & $-0.0622818$ & $0.615997$ & $-0.0682539$ & $-0.0544491$ & $-0.290492$ & $0.217191$ & $0.0684739$ & $0.308015$ & $-0.3214$ & $-0.0312256$ & $-0.268399$ & $-0.187573$ & $-0.0853478$ & $0.0176517$ & $-0.160921$ & $-0.170359$ & $-0.00678387$ & $0.111815$ & $-0.146181$ & $-0.108789$ & $-0.106963$ & $0.122544$ & $-0.11695$ & $0.010816$ & $0.0523288$ & $0.0277461$ & $1$ & $0.0647156$ & $0.0473754$ & $0.353183$ & $-0.00292208$ & $-0.258185$ & $-0.0899721$ & $-0.087128$ & $0.07472$ & $-0.10719$ & $0.0766572$ & $-0.266576$ & $-0.0266796$ & $0.0462159$ & $-0.23886$ & $0.321829$ & $-0.224756$ & $0.523531$ \\
CdH_33r & $-0.0742347$ & $-0.088816$ & $0.0675083$ & $-0.0770668$ & $-0.0485259$ & $0.0150337$ & $-0.426816$ & $0.0124222$ & $0.0381124$ & $-0.0132166$ & $-0.0550978$ & $0.205837$ & $0.0737126$ & $0.0939186$ & $0.00536341$ & $0.00125479$ & $0.0889778$ & $0.0721025$ & $0.0772065$ & $-0.00224261$ & $0.0832942$ & $0.0546005$ & $0.0365077$ & $0.0743797$ & $0.0768946$ & $-0.0194808$ & $0.069216$ & $0.0257065$ & $0.027339$ & $0.68293$ & $0.377268$ & $0.0647156$ & $1$ & $0.0379759$ & $-0.064658$ & $0.0696544$ & $-0.0352962$ & $-0.0237082$ & $0.0341707$ & $0.0168664$ & $-0.0608697$ & $0.126917$ & $-0.0624924$ & $-0.0229556$ & $-0.0214061$ & $-0.028168$ & $0.0837012$ & $-0.0210107$ & $0.0432358$ \\
CLL_1221 & $0.243144$ & $0.148297$ & $0.257418$ & $0.144419$ & $0.150556$ & $-0.103708$ & $0.0433059$ & $0.466342$ & $0.463097$ & $-0.35398$ & $-0.207731$ & $-0.0876472$ & $0.344578$ & $-0.293465$ & $-0.61386$ & $-0.146021$ & $-0.21404$ & $0.447256$ & $-0.152768$ & $0.118526$ & $0.192653$ & $0.162686$ & $0.278782$ & $-0.36319$ & $-0.151917$ & $-0.301578$ & $0.480844$ & $0.0649333$ & $0.00200571$ & $0.0297956$ & $0.00565889$ & $0.0473754$ & $0.0379759$ & $1$ & $-0.168429$ & $-0.188054$ & $-0.014523$ & $-0.202488$ & $-0.0529902$ & $-0.0562556$ & $0.11173$ & $-0.0562238$ & $0.00978056$ & $-0.316406$ & $0.137867$ & $0.333505$ & $-0.225171$ & $-0.0895659$ & $-0.0360437$ \\
eHggint & $-0.399912$ & $-0.335352$ & $0.285206$ & $-0.0909548$ & $0.0754621$ & $0.123531$ & $0.259749$ & $-0.429022$ & $-0.427046$ & $0.0337046$ & $0.426567$ & $-0.144961$ & $-0.0967144$ & $-0.0200177$ & $-0.0782205$ & $-0.0374279$ & $0.0663673$ & $0.126779$ & $0.0888233$ & $-0.423095$ & $-0.221341$ & $-0.315597$ & $-0.0832037$ & $0.0863639$ & $0.13642$ & $0.0434384$ & $-0.199226$ & $-0.441683$ & $-0.0169954$ & $-0.0746266$ & $0.00743855$ & $0.353183$ & $-0.064658$ & $-0.168429$ & $1$ & $0.147778$ & $-0.369461$ & $0.0812562$ & $-0.313292$ & $-0.143147$ & $0.417914$ & $-0.255817$ & $0.0847094$ & $0.187394$ & $-0.289367$ & $-0.129523$ & $0.556002$ & $-0.106493$ & $0.309189$ \\
eHggpar & $-0.133764$ & $-0.30162$ & $0.138012$ & $0.00424185$ & $-0.440421$ & $0.122271$ & $-0.0379602$ & $-0.22615$ & $-0.219812$ & $0.0795095$ & $0.153468$ & $0.0373346$ & $-0.272319$ & $0.0554593$ & $0.140934$ & $0.122698$ & $0.090753$ & $0.0415775$ & $0.0745538$ & $-0.128523$ & $-0.0992886$ & $-0.255116$ & $0.30945$ & $0.188142$ & $0.0731742$ & $-0.189592$ & $-0.393134$ & $-0.0159821$ & $0.00702021$ & $0.062723$ & $0.021872$ & $-0.00292208$ & $0.0696544$ & $-0.188054$ & $0.147778$ & $1$ & $-0.131373$ & $-0.10421$ & $0.1814$ & $0.439614$ & $0.179953$ & $0.25365$ & $0.278024$ & $-0.0582121$ & $-0.548351$ & $0.0186467$ & $0.37089$ & $-0.340711$ & $0.158816$ \\
eHWWint & $0.206376$ & $0.217712$ & $-0.117897$ & $0.321602$ & $-0.0882781$ & $-0.0472788$ & $-0.143176$ & $-0.0345811$ & $-0.0384673$ & $0.0995455$ & $-0.00471603$ & $-0.0985132$ & $-0.154918$ & $0.0719685$ & $-0.0337108$ & $0.195066$ & $0.104108$ & $0.0483249$ & $-0.00842545$ & $-0.0091116$ & $0.0066624$ & $-0.0303558$ & $0.0792751$ & $0.044866$ & $0.018486$ & $-0.0492913$ & $-0.174738$ & $0.195215$ & $0.00597855$ & $-0.0305643$ & $-0.0215519$ & $-0.258185$ & $-0.0352962$ & $-0.014523$ & $-0.369461$ & $-0.131373$ & $1$ & $-0.0401041$ & $0.321737$ & $-0.0468214$ & $0.00513821$ & $-0.143262$ & $-0.0799192$ & $-0.250932$ & $-0.1334$ & $-0.122196$ & $-0.29388$ & $0.312841$ & $-0.280413$ \\
eHWWpar & $-0.335988$ & $-0.0254693$ & $-0.269737$ & $-0.433479$ & $-0.0562167$ & $-0.0207822$ & $-0.0583062$ & $0.0633544$ & $0.0603169$ & $0.109471$ & $-0.123558$ & $-0.0228486$ & $-0.134721$ & $0.114115$ & $0.300631$ & $0.283225$ & $0.0534201$ & $-0.202574$ & $-0.0856873$ & $0.117572$ & $-0.0916495$ & $-0.0441144$ & $-0.211083$ & $0.125462$ & $0.0358183$ & $0.237177$ & $0.00997468$ & $-0.0793564$ & $7.92076e-06$ & $-0.0397448$ & $-0.0203716$ & $-0.0899721$ & $-0.0237082$ & $-0.202488$ & $0.0812562$ & $-0.10421$ & $-0.0401041$ & $1$ & $0.384793$ & $-0.438095$ & $-0.201635$ & $0.145987$ & $0.116431$ & $0.318809$ & $0.0782709$ & $0.0459781$ & $0.170832$ & $0.203593$ & $0.177785$ \\
eHZZint & $0.0444208$ & $-0.0502666$ & $-0.200886$ & $-0.115057$ & $-0.542586$ & $-0.0501258$ & $-0.075187$ & $0.21497$ & $0.216646$ & $-0.0437381$ & $-0.226158$ & $0.0317892$ & $-0.0871459$ & $-0.00554835$ & $0.166541$ & $0.231072$ & $-0.0739209$ & $-0.198933$ & $-0.196003$ & $0.254716$ & $0.124581$ & $0.106869$ & $0.0529227$ & $0.000580233$ & $-0.100744$ & $0.0366541$ & $0.106308$ & $0.114407$ & $0.0109173$ & $0.0289905$ & $0.00357768$ & $-0.087128$ & $0.0341707$ & $-0.0529902$ & $-0.313292$ & $0.1814$ & $0.321737$ & $0.384793$ & $1$ & $-0.0188381$ & $-0.110927$ & $0.243003$ & $0.259779$ & $0.146268$ & $-0.426935$ & $0.207524$ & $-0.0301211$ & $0.0706176$ & $0.170809$ \\
eHZZpar & $0.186477$ & $0.0687642$ & $0.212454$ & $0.126959$ & $-0.178891$ & $0.0367372$ & $0.071879$ & $0.150449$ & $0.150461$ & $-0.167755$ & $-0.125221$ & $-0.143213$ & $0.0333144$ & $0.00156338$ & $0.199708$ & $0.0468988$ & $-0.0710498$ & $-0.210546$ & $-0.0770646$ & $0.0817836$ & $0.0933857$ & $-0.00569957$ & $0.0197141$ & $-0.00196004$ & $-0.189689$ & $-0.060899$ & $-0.314623$ & $0.211923$ & $0.00264106$ & $0.0157641$ & $0.0113422$ & $0.07472$ & $0.0168664$ & $-0.0562556$ & $-0.143147$ & $0.439614$ & $-0.0468214$ & $-0.438095$ & $-0.0188381$ & $1$ & $-0.00900213$ & $-0.14782$ & $0.0316428$ & $-0.161242$ & $-0.332877$ & $-0.355459$ & $-0.143734$ & $-0.267335$ & $-0.32462$ \\
eHZgaint & $0.335158$ & $0.11899$ & $0.11114$ & $0.543324$ & $0.0679053$ & $0.13348$ & $-0.00208215$ & $-0.123148$ & $-0.126539$ & $-0.115729$ & $0.16711$ & $-0.38803$ & $-0.261381$ & $-0.00533774$ & $-0.197895$ & $0.00207396$ & $-0.00825632$ & $0.154268$ & $0.00385989$ & $-0.236678$ & $0.00971639$ & $-0.201789$ & $0.0389567$ & $-0.0128899$ & $0.0221551$ & $-0.071425$ & $-0.103009$ & $-0.0864421$ & $-0.0194785$ & $-0.0723088$ & $0.0145066$ & $-0.10719$ & $-0.0608697$ & $0.11173$ & $0.417914$ & $0.179953$ & $0.00513821$ & $-0.201635$ & $-0.110927$ & $-0.00900213$ & $1$ & $-0.303357$ & $0.580715$ & $-0.0575991$ & $-0.340961$ & $0.286333$ & $-0.0883138$ & $-0.213715$ & $0.0471358$ \\
eHZgapar & $-0.184471$ & $-0.19052$ & $-0.236082$ & $-0.427454$ & $-0.439335$ & $0.0109367$ & $-0.0426941$ & $0.0262372$ & $0.0364383$ & $0.234927$ & $-0.164721$ & $0.376235$ & $0.0260284$ & $0.160207$ & $0.149673$ & $-0.0931013$ & $0.152875$ & $0.0938118$ & $0.267364$ & $0.215691$ & $0.0338639$ & $0.222527$ & $0.190507$ & $0.120756$ & $0.198143$ & $-0.0741901$ & $0.177875$ & $0.0579736$ & $0.0206383$ & $0.122971$ & $0.017862$ & $0.0766572$ & $0.126917$ & $-0.0562238$ & $-0.255817$ & $0.25365$ & $-0.143262$ & $0.145987$ & $0.243003$ & $-0.14782$ & $-0.303357$ & $1$ & $0.010866$ & $0.22306$ & $0.0607408$ & $0.305646$ & $0.286274$ & $-0.235635$ & $0.42943$ \\
eHgagaint & $0.523175$ & $0.269675$ & $-0.268593$ & $0.342461$ & $-0.264546$ & $0.132574$ & $-0.103697$ & $0.197224$ & $0.191562$ & $-0.137758$ & $-0.163186$ & $-0.478094$ & $-0.518259$ & $0.0610672$ & $0.136917$ & $0.229866$ & $-0.132026$ & $-0.171815$ & $-0.229416$ & $0.0805069$ & $0.0906083$ & $-0.0465046$ & $-0.078068$ & $0.00350571$ & $-0.139757$ & $0.140188$ & $-0.00927358$ & $0.0457241$ & $-0.011179$ & $-0.076173$ & $-0.012625$ & $-0.266576$ & $-0.0624924$ & $0.00978056$ & $0.0847094$ & $0.278024$ & $-0.0799192$ & $0.116431$ & $0.259779$ & $0.0316428$ & $0.580715$ & $0.010866$ & $1$ & $0.312091$ & $-0.247607$ & $0.522714$ & $-0.229154$ & $-0.490351$ & $0.211354$ \\
eHmumuint & $-0.0407685$ & $0.0497569$ & $-0.574355$ & $-0.255751$ & $-0.213017$ & $0.0564657$ & $-0.00830506$ & $-0.0840474$ & $-0.0830383$ & $0.173628$ & $-0.0272372$ & $-0.085436$ & $-0.316724$ & $0.169902$ & $0.351808$ & $0.187553$ & $0.129069$ & $-0.16535$ & $0.024915$ & $0.0167639$ & $-0.108748$ & $0.0262866$ & $-0.469296$ & $0.187902$ & $0.139325$ & $0.531023$ & $0.0367794$ & $-0.150458$ & $0.00377934$ & $-0.0325121$ & $0.00262192$ & $-0.0266796$ & $-0.0229556$ & $-0.316406$ & $0.187394$ & $-0.0582121$ & $-0.250932$ & $0.318809$ & $0.146268$ & $-0.161242$ & $-0.0575991$ & $0.22306$ & $0.312091$ & $1$ & $0.00803386$ & $0.200239$ & $0.165652$ & $-0.231701$ & $0.307951$ \\
eHtautauint & $0.118857$ & $0.447483$ & $-0.0924307$ & $-0.047446$ & $0.522248$ & $-0.0967063$ & $0.0453021$ & $0.153071$ & $0.151388$ & $-0.0896343$ & $-0.0745671$ & $0.00333418$ & $0.127443$ & $-0.1022$ & $-0.0134655$ & $-0.153944$ & $-0.0864097$ & $-0.0566363$ & $-0.00403001$ & $0.0649768$ & $-0.0474426$ & $0.148377$ & $-0.186193$ & $-0.0966506$ & $-0.0642513$ & $0.120002$ & $0.248852$ & $0.0261338$ & $0.00326253$ & $-0.0159046$ & $-0.0300504$ & $0.0462159$ & $-0.0214061$ & $0.137867$ & $-0.289367$ & $-0.548351$ & $-0.1334$ & $0.0782709$ & $-0.426935$ & $-0.332877$ & $-0.340961$ & $0.0607408$ & $-0.247607$ & $0.00803386$ & $1$ & $0.0992138$ & $-0.308984$ & $-0.0648982$ & $0.0288016$ \\
eHccint & $0.374371$ & $0.14503$ & $-0.302778$ & $0.223932$ & $-0.130488$ & $0.0186304$ & $-0.118233$ & $0.146381$ & $0.144603$ & $-0.0953107$ & $-0.0951795$ & $-0.190085$ & $-0.231833$ & $-0.0399478$ & $-0.274358$ & $0.00539036$ & $-0.0683995$ & $0.204621$ & $-0.077483$ & $0.0614678$ & $0.0895539$ & $0.0761221$ & $0.0953236$ & $-0.0632504$ & $0.015369$ & $-0.0549749$ & $0.336074$ & $-0.0409875$ & $-0.00362589$ & $-0.0335163$ & $-0.0100693$ & $-0.23886$ & $-0.028168$ & $0.333505$ & $-0.129523$ & $0.0186467$ & $-0.122196$ & $0.0459781$ & $0.207524$ & $-0.355459$ & $0.286333$ & $0.305646$ & $0.522714$ & $0.200239$ & $0.0992138$ & $1$ & $-0.194407$ & $-0.308872$ & $0.351071$ \\
eHccpar & $-0.744856$ & $-0.560361$ & $0.20262$ & $-0.471126$ & $-0.110435$ & $0.0445949$ & $0.122159$ & $-0.421554$ & $-0.409552$ & $0.356487$ & $0.26498$ & $0.397211$ & $0.0460996$ & $0.13414$ & $0.0266086$ & $-0.0304372$ & $0.274834$ & $0.24792$ & $0.306882$ & $-0.194044$ & $-0.184814$ & $-0.148749$ & $0.0698362$ & $0.193538$ & $0.334047$ & $-0.00656385$ & $-0.139673$ & $-0.338318$ & $0.00379834$ & $0.0796643$ & $0.0367076$ & $0.321829$ & $0.0837012$ & $-0.225171$ & $0.556002$ & $0.37089$ & $-0.29388$ & $0.170832$ & $-0.0301211$ & $-0.143734$ & $-0.0883138$ & $0.286274$ & $-0.229154$ & $0.165652$ & $-0.308984$ & $-0.194407$ & $1$ & $-0.0680281$ & $0.362015$ \\
eHbbint & $-0.202447$ & $-0.277198$ & $-0.0521674$ & $-0.0990417$ & $0.141497$ & $-0.0776673$ & $-0.159909$ & $-0.0839614$ & $-0.0889289$ & $0.103416$ & $0.0456348$ & $0.181313$ & $0.230924$ & $0.0131567$ & $-0.0472923$ & $0.0284811$ & $0.0710802$ & $0.00789692$ & $0.0117787$ & $-0.0109718$ & $-0.0271134$ & $0.0275258$ & $-0.101188$ & $0.00470232$ & $0.0548828$ & $0.0615566$ & $0.039565$ & $-0.00653168$ & $-0.00375481$ & $-0.0101542$ & $0.00935118$ & $-0.224756$ & $-0.0210107$ & $-0.0895659$ & $-0.106493$ & $-0.340711$ & $0.312841$ & $0.203593$ & $0.0706176$ & $-0.267335$ & $-0.213715$ & $-0.235635$ & $-0.490351$ & $-0.231701$ & $-0.0648982$ & $-0.308872$ & $-0.0680281$ & $1$ & $-0.432793$ \\
eHbbpar & $-0.219138$ & $-0.00977916$ & $0.103927$ & $-0.274082$ & $-0.388054$ & $0.0101811$ & $0.309911$ & $-0.204889$ & $-0.195392$ & $-0.053135$ & $0.257586$ & $-0.0130024$ & $-0.191191$ & $-0.158851$ & $-0.0209214$ & $-0.190701$ & $-0.047639$ & $0.037477$ & $0.093054$ & $-0.210097$ & $-0.206495$ & $-0.0979408$ & $0.153608$ & $-0.0186492$ & $0.0649912$ & $-0.0595822$ & $0.144274$ & $-0.245364$ & $0.00188652$ & $0.021955$ & $0.00173191$ & $0.523531$ & $0.0432358$ & $-0.0360437$ & $0.309189$ & $0.158816$ & $-0.280413$ & $0.177785$ & $0.170809$ & $-0.32462$ & $0.0471358$ & $0.42943$ & $0.211354$ & $0.307951$ & $0.0288016$ & $0.351071$ & $0.362015$ & $-0.432793$ & $1$ \\
