 & AlsMz & dAle5Mz & mtop & mHl & Mz & CW & CHG & CHWB & CHWHB_gaga & CHWHB_gagaorth & CHD & CHbox & CH & CHL1_11 & CHL1_22 & CHL1_33 & CHL3_11 & CHL3_22 & CHL3_33 & CHe_11 & CHe_22 & CHe_33 & CHQ1_11 & CHQ1_33 & CHQ3_11 & CHu_11 & CHd_11 & CHd_33 & CeH_22r & CeH_33r & CuH_22r & CuH_33r & CdH_33r & CLL_1221 & eHggint & eHggpar & eHWWint & eHWWpar & eHZZint & eHZZpar & eHZgaint & eHZgapar & eHgagaint & eHmumuint & eHtautauint & eHccint & eHccpar & eHbbint & eHbbpar \\
AlsMz & $1$ & $-0.120569$ & $0.0287039$ & $0.150875$ & $0.0189709$ & $0.00723518$ & $0.0225228$ & $0.00857273$ & $0.0194852$ & $0.00487072$ & $-0.0149366$ & $0.00127371$ & $-0.0106429$ & $0.000726304$ & $0.00188703$ & $-0.00550983$ & $-0.00273973$ & $-0.00345435$ & $0.00315804$ & $0.00300991$ & $0.00393348$ & $0.00261242$ & $-0.00793463$ & $-0.0681552$ & $-0.124831$ & $-0.0398972$ & $-0.0257116$ & $0.0175022$ & $0.00606062$ & $0.0342769$ & $0.00762188$ & $0.0191884$ & $0.0627947$ & $-0.00279524$ & $-0.0804002$ & $-0.01265$ & $-0.143757$ & $-0.000139007$ & $-0.003114$ & $-0.0109987$ & $0.0441209$ & $0.0377299$ & $0.170742$ & $0.0719993$ & $0.150136$ & $-0.135055$ & $0.0630633$ & $0.089524$ & $0.0756716$ \\
dAle5Mz & $-0.120569$ & $1$ & $0.086257$ & $0.0124325$ & $-0.0140606$ & $0.0112409$ & $-0.0200712$ & $-0.0601697$ & $-0.066896$ & $0.0241223$ & $0.0484958$ & $0.0291017$ & $0.0052174$ & $-0.0182136$ & $-0.01241$ & $-0.0100614$ & $0.0109383$ & $0.008837$ & $0.00692981$ & $-0.0263812$ & $-0.0256938$ & $-0.0237226$ & $0.00198137$ & $0.0151645$ & $0.0184158$ & $0.0166525$ & $-0.0118961$ & $-0.0189179$ & $-0.0103663$ & $-0.00572228$ & $-0.0109989$ & $-0.0110728$ & $-0.0529305$ & $0.0162103$ & $0.0357086$ & $0.0719126$ & $-0.0134594$ & $0.00265425$ & $-0.0286251$ & $-0.00691576$ & $0.0491714$ & $0.0236382$ & $-0.133331$ & $-0.040804$ & $-0.0977256$ & $0.0500772$ & $-0.0607873$ & $0.0337366$ & $-0.151259$ \\
mtop & $0.0287039$ & $0.086257$ & $1$ & $-0.150746$ & $0.0133158$ & $0.0138053$ & $-0.00637213$ & $0.00974$ & $0.0057088$ & $-0.0017617$ & $-0.00894051$ & $-0.00100079$ & $0.00204608$ & $0.0145419$ & $0.0103161$ & $0.0045734$ & $0.00953184$ & $0.0013276$ & $0.0051234$ & $0.017177$ & $0.0174335$ & $0.0168747$ & $-0.00132225$ & $-0.000959298$ & $0.00263776$ & $-0.0123324$ & $0.00280989$ & $-0.000491813$ & $0.00993111$ & $-0.00687895$ & $-0.0353578$ & $-0.0118272$ & $0.0510027$ & $0.00419728$ & $-0.0377481$ & $0.056183$ & $0.0320489$ & $0.0128353$ & $-0.127599$ & $-0.00776351$ & $0.0773464$ & $-0.0169415$ & $-0.0833097$ & $0.0329934$ & $-0.21247$ & $-0.0661004$ & $-0.0969088$ & $0.0913098$ & $0.0781042$ \\
mHl & $0.150875$ & $0.0124325$ & $-0.150746$ & $1$ & $-0.0117641$ & $0.00316824$ & $0.0120542$ & $-0.00613863$ & $-0.00439607$ & $0.0082318$ & $0.00614986$ & $0.00112783$ & $3.42165e-05$ & $-0.0062234$ & $-0.0150108$ & $-0.0102961$ & $-0.00544699$ & $0.00482438$ & $0.0019023$ & $-0.00947804$ & $-0.00719701$ & $-0.00579683$ & $0.00983388$ & $-0.00761708$ & $-0.0177047$ & $-0.00302483$ & $0.00488451$ & $0.00686888$ & $-0.00408024$ & $0.00727293$ & $-0.0295218$ & $0.0145486$ & $0.0272796$ & $0.00721609$ & $-0.0105549$ & $-0.0214016$ & $-0.0175506$ & $0.0177397$ & $-0.0141973$ & $-0.0121255$ & $-0.170019$ & $0.0229575$ & $0.0266738$ & $0.118863$ & $0.0684539$ & $-0.101119$ & $-0.0357254$ & $0.124595$ & $0.0108702$ \\
Mz & $0.0189709$ & $-0.0140606$ & $0.0133158$ & $-0.0117641$ & $1$ & $0.000992855$ & $0.00234202$ & $0.00717831$ & $0.00651265$ & $-0.0111188$ & $0.00496402$ & $-0.00182141$ & $0.00321024$ & $-0.00578039$ & $0.00739537$ & $0.006099$ & $-0.0060558$ & $-0.0127823$ & $-0.0114726$ & $0.00293981$ & $0.00408407$ & $0.00403344$ & $0.00272636$ & $-0.00975$ & $-0.0088146$ & $-0.00862807$ & $0.00278514$ & $0.00310553$ & $0.00295275$ & $0.00766549$ & $-0.00250759$ & $0.00129157$ & $0.00827847$ & $-0.00163179$ & $-0.00662567$ & $-0.000501552$ & $-0.0145888$ & $0.000222027$ & $0.011737$ & $-0.00908082$ & $0.012944$ & $6.69513e-05$ & $-0.00376717$ & $0.0075308$ & $0.000972869$ & $-0.000534546$ & $0.0021979$ & $-0.0010805$ & $0.0102009$ \\
CW & $0.00723518$ & $0.0112409$ & $0.0138053$ & $0.00316824$ & $0.000992855$ & $1$ & $0.00731575$ & $-0.131867$ & $-0.126356$ & $0.0242256$ & $0.184241$ & $0.0600173$ & $-0.00841549$ & $0.0311393$ & $-0.0911266$ & $-0.0794894$ & $-0.244722$ & $-0.0277124$ & $-0.0360116$ & $-0.181173$ & $-0.186025$ & $-0.183459$ & $-0.0179638$ & $0.0128896$ & $-0.0709367$ & $0.111588$ & $-0.075874$ & $-0.0707379$ & $-0.00519354$ & $-0.00384628$ & $-0.00053411$ & $0.00601404$ & $-0.00371735$ & $-0.116337$ & $-0.00520433$ & $-0.00234861$ & $0.00430077$ & $-0.00501284$ & $-0.0158827$ & $-0.0131571$ & $0.00748932$ & $-0.0111875$ & $0.0143377$ & $0.00630069$ & $0.00485883$ & $0.00325892$ & $0.0110593$ & $0.000400907$ & $0.00878962$ \\
CHG & $0.0225228$ & $-0.0200712$ & $-0.00637213$ & $0.0120542$ & $0.00234202$ & $0.00731575$ & $1$ & $-0.123537$ & $-0.0715422$ & $0.0847222$ & $0.0775601$ & $-0.0214105$ & $-0.312406$ & $0.0532529$ & $-0.037608$ & $-0.0462262$ & $0.0942141$ & $0.111554$ & $0.117882$ & $-0.078066$ & $-0.080198$ & $-0.0792758$ & $-0.00643764$ & $0.112029$ & $0.108102$ & $0.0403287$ & $-0.040777$ & $-0.0323453$ & $0.00630247$ & $-0.138099$ & $-0.0800882$ & $0.937158$ & $-0.169468$ & $-0.0694051$ & $-0.0137864$ & $-0.0281964$ & $0.018277$ & $-0.0062409$ & $0.00204663$ & $-0.00172495$ & $-0.00787508$ & $-0.00314463$ & $-0.00547321$ & $0.00269844$ & $0.0255058$ & $-0.0191055$ & $-0.00468082$ & $0.00624373$ & $-0.00480806$ \\
CHWB & $0.00857273$ & $-0.0601697$ & $0.00974$ & $-0.00613863$ & $0.00717831$ & $-0.131867$ & $-0.123537$ & $1$ & $0.983715$ & $-0.575092$ & $-0.878359$ & $-0.258288$ & $0.352829$ & $0.0934513$ & $0.296557$ & $0.290907$ & $-0.244184$ & $-0.439317$ & $-0.436659$ & $0.848949$ & $0.896413$ & $0.87852$ & $0.067374$ & $-0.677121$ & $-0.404589$ & $-0.507006$ & $0.428894$ & $0.302146$ & $0.016825$ & $0.116481$ & $0.0509587$ & $-0.114868$ & $0.129427$ & $0.563778$ & $-0.00414166$ & $0.00698764$ & $-0.00782599$ & $-0.000737236$ & $0.00329471$ & $0.00517368$ & $0.018736$ & $0.000361488$ & $0.0217199$ & $-0.00802385$ & $-0.0140335$ & $0.00140346$ & $-0.00504902$ & $-0.0122789$ & $0.0047855$ \\
CHWHB_gaga & $0.0194852$ & $-0.066896$ & $0.0057088$ & $-0.00439607$ & $0.00651265$ & $-0.126356$ & $-0.0715422$ & $0.983715$ & $1$ & $-0.564264$ & $-0.861203$ & $-0.23576$ & $0.347148$ & $0.0865363$ & $0.289873$ & $0.28588$ & $-0.246915$ & $-0.436223$ & $-0.434562$ & $0.832219$ & $0.878697$ & $0.861234$ & $0.0674791$ & $-0.670503$ & $-0.403336$ & $-0.497902$ & $0.422422$ & $0.296209$ & $0.022413$ & $0.137524$ & $0.0628541$ & $-0.0719859$ & $0.149601$ & $0.555131$ & $-0.0227211$ & $0.000578564$ & $-0.0124554$ & $-0.00420099$ & $-0.0107108$ & $0.00572741$ & $0.0113038$ & $0.000238161$ & $0.0787222$ & $-0.00202221$ & $-0.0114537$ & $0.00488201$ & $-0.000647601$ & $-0.0109598$ & $0.00123389$ \\
CHWHB_gagaorth & $0.00487072$ & $0.0241223$ & $-0.0017617$ & $0.0082318$ & $-0.0111188$ & $0.0242256$ & $0.0847222$ & $-0.575092$ & $-0.564264$ & $1$ & $0.358443$ & $0.624946$ & $-0.25293$ & $0.231062$ & $-0.12582$ & $-0.119792$ & $0.436619$ & $0.494983$ & $0.490942$ & $-0.343705$ & $-0.37577$ & $-0.370172$ & $-0.0601683$ & $0.559488$ & $0.480773$ & $0.219448$ & $-0.241044$ & $-0.129081$ & $-0.0116543$ & $-0.133261$ & $-0.0687659$ & $0.0959301$ & $-0.147789$ & $-0.353172$ & $0.0399293$ & $0.00915324$ & $0.00128007$ & $-0.00337707$ & $-0.00967435$ & $0.000474977$ & $-0.0566482$ & $0.00912469$ & $-0.0209165$ & $0.0127177$ & $0.0194375$ & $-0.0064253$ & $-0.000149972$ & $0.0207695$ & $0.00396966$ \\
CHD & $-0.0149366$ & $0.0484958$ & $-0.00894051$ & $0.00614986$ & $0.00496402$ & $0.184241$ & $0.0775601$ & $-0.878359$ & $-0.861203$ & $0.358443$ & $1$ & $0.294823$ & $-0.174525$ & $-0.511335$ & $-0.425338$ & $-0.414418$ & $-0.214082$ & $0.0718757$ & $0.0677793$ & $-0.990333$ & $-0.991087$ & $-0.970059$ & $-0.00505624$ & $0.311677$ & $0.0229916$ & $0.559989$ & $-0.293186$ & $-0.331719$ & $-0.0118044$ & $-0.0643647$ & $-0.0243207$ & $0.0805762$ & $-0.0760301$ & $-0.361842$ & $0.0075035$ & $-0.00747181$ & $0.00342836$ & $0.000498608$ & $-0.00393885$ & $-0.00844295$ & $-0.00689559$ & $0.000829081$ & $-0.0188025$ & $0.0111337$ & $0.00449516$ & $0.00193808$ & $0.00650323$ & $0.0101675$ & $-0.0115642$ \\
CHbox & $0.00127371$ & $0.0291017$ & $-0.00100079$ & $0.00112783$ & $-0.00182141$ & $0.0600173$ & $-0.0214105$ & $-0.258288$ & $-0.23576$ & $0.624946$ & $0.294823$ & $1$ & $0.0701539$ & $-0.172422$ & $-0.0527314$ & $-0.0438083$ & $-0.0847566$ & $-0.0272944$ & $-0.0315902$ & $-0.273272$ & $-0.303134$ & $-0.295904$ & $-0.0291099$ & $0.106846$ & $-0.0289375$ & $0.173757$ & $-0.149445$ & $-0.103375$ & $0.0248657$ & $0.200882$ & $0.0386911$ & $0.0561261$ & $0.224748$ & $-0.170783$ & $0.0853264$ & $0.0186477$ & $-0.00945938$ & $-0.00649596$ & $-0.0115875$ & $-0.000417478$ & $-0.0462476$ & $0.0170466$ & $-0.0289727$ & $0.00847475$ & $0.00683162$ & $0.00259836$ & $-0.0067364$ & $0.0174753$ & $-0.00818529$ \\
CH & $-0.0106429$ & $0.0052174$ & $0.00204608$ & $3.42165e-05$ & $0.00321024$ & $-0.00841549$ & $-0.312406$ & $0.352829$ & $0.347148$ & $-0.25293$ & $-0.174525$ & $0.0701539$ & $1$ & $-0.240323$ & $0.0737262$ & $0.0791303$ & $-0.358485$ & $-0.385203$ & $-0.388525$ & $0.17029$ & $0.185708$ & $0.183535$ & $0.0311269$ & $-0.395356$ & $-0.373105$ & $-0.102283$ & $0.139906$ & $0.0614755$ & $0.0466497$ & $0.280297$ & $0.111102$ & $-0.26128$ & $0.335177$ & $0.22019$ & $0.0154292$ & $0.0267461$ & $-0.00343845$ & $-0.00240262$ & $0.00137445$ & $-0.00120958$ & $0.0138787$ & $-0.00337799$ & $0.0125198$ & $0.00512607$ & $-0.0242603$ & $0.00885601$ & $-0.00146618$ & $0.00830662$ & $-0.00923027$ \\
CHL1_11 & $0.000726304$ & $-0.0182136$ & $0.0145419$ & $-0.0062234$ & $-0.00578039$ & $0.0311393$ & $0.0532529$ & $0.0934513$ & $0.0865363$ & $0.231062$ & $-0.511335$ & $-0.172422$ & $-0.240323$ & $1$ & $0.281749$ & $0.269965$ & $0.665717$ & $0.596582$ & $0.599615$ & $0.53056$ & $0.470675$ & $0.457013$ & $-0.0954156$ & $0.471199$ & $0.600645$ & $-0.262722$ & $-0.105232$ & $0.154267$ & $-0.00414955$ & $-0.0662647$ & $-0.0387357$ & $0.0302055$ & $-0.0601721$ & $-0.224866$ & $-0.0109468$ & $0.00376751$ & $0.00866189$ & $0.00118379$ & $-0.0063881$ & $0.00401181$ & $-0.0161682$ & $-0.00107669$ & $0.00431516$ & $-0.00646558$ & $0.0181056$ & $-0.00749067$ & $-0.00122745$ & $0.00115014$ & $0.0272261$ \\
CHL1_22 & $0.00188703$ & $-0.01241$ & $0.0103161$ & $-0.0150108$ & $0.00739537$ & $-0.0911266$ & $-0.037608$ & $0.296557$ & $0.289873$ & $-0.12582$ & $-0.425338$ & $-0.0527314$ & $0.0737262$ & $0.281749$ & $1$ & $0.452565$ & $0.174584$ & $-0.440332$ & $-0.0248909$ & $0.491099$ & $0.341375$ & $0.333927$ & $-0.179086$ & $0.112273$ & $-0.124825$ & $-0.200234$ & $-0.396871$ & $0.107619$ & $0.00947974$ & $0.0258604$ & $0.00566372$ & $-0.0369234$ & $0.0255828$ & $-0.592351$ & $-0.00101252$ & $0.00582164$ & $0.0126145$ & $-0.0118192$ & $0.00814462$ & $0.00406177$ & $-0.00856205$ & $-0.000190419$ & $0.00507247$ & $-0.00462921$ & $-0.00906194$ & $0.0180816$ & $-0.00741822$ & $-0.000742535$ & $-0.00429161$ \\
CHL1_33 & $-0.00550983$ & $-0.0100614$ & $0.0045734$ & $-0.0102961$ & $0.006099$ & $-0.0794894$ & $-0.0462262$ & $0.290907$ & $0.28588$ & $-0.119792$ & $-0.414418$ & $-0.0438083$ & $0.0791303$ & $0.269965$ & $0.452565$ & $1$ & $0.165965$ & $-0.0288356$ & $-0.42783$ & $0.479118$ & $0.333463$ & $0.352566$ & $-0.170062$ & $0.109661$ & $-0.120498$ & $-0.19756$ & $-0.383035$ & $0.110687$ & $0.0184789$ & $0.0345178$ & $0.00992917$ & $-0.0433151$ & $0.0391264$ & $-0.107837$ & $-0.011606$ & $0.000405226$ & $0.0108254$ & $-0.0150753$ & $0.00797941$ & $0.0110328$ & $-0.0116637$ & $-0.0103304$ & $0.00792331$ & $-0.0155381$ & $-0.00943233$ & $0.00669722$ & $-0.0125089$ & $-0.0132742$ & $0.00416066$ \\
CHL3_11 & $-0.00273973$ & $0.0109383$ & $0.00953184$ & $-0.00544699$ & $-0.0060558$ & $-0.244722$ & $0.0942141$ & $-0.244184$ & $-0.246915$ & $0.436619$ & $-0.214082$ & $-0.0847566$ & $-0.358485$ & $0.665717$ & $0.174584$ & $0.165965$ & $1$ & $0.735953$ & $0.738256$ & $0.238102$ & $0.179714$ & $0.173607$ & $-0.0832015$ & $0.679648$ & $0.778126$ & $-0.100374$ & $-0.169525$ & $0.0567063$ & $-0.01227$ & $-0.10807$ & $-0.0529318$ & $0.0709934$ & $-0.11167$ & $-0.265061$ & $-0.00423018$ & $0.00130939$ & $0.00897588$ & $0.000546804$ & $0.00499261$ & $0.00903503$ & $-0.0233528$ & $-0.00394067$ & $-0.0127036$ & $-0.00428917$ & $0.00916865$ & $-0.00675684$ & $-0.0046276$ & $0.00180608$ & $0.0119851$ \\
CHL3_22 & $-0.00345435$ & $0.008837$ & $0.0013276$ & $0.00482438$ & $-0.0127823$ & $-0.0277124$ & $0.111554$ & $-0.439317$ & $-0.436223$ & $0.494983$ & $0.0718757$ & $-0.0272944$ & $-0.385203$ & $0.596582$ & $-0.440332$ & $-0.0288356$ & $0.735953$ & $1$ & $0.679739$ & $-0.0735503$ & $-0.0677793$ & $-0.0661276$ & $-0.00392484$ & $0.623397$ & $0.795912$ & $0.0438714$ & $-0.0114532$ & $-0.0217044$ & $-0.0147881$ & $-0.115921$ & $-0.0542544$ & $0.0891636$ & $-0.116428$ & $0.0213615$ & $-0.00625661$ & $-0.00383992$ & $0.00369529$ & $0.00798482$ & $-0.00547001$ & $0.00403099$ & $-0.0176384$ & $-0.00409663$ & $-0.00962502$ & $-0.00323615$ & $0.0208398$ & $-0.0187002$ & $0.0018961$ & $0.00280956$ & $0.0203658$ \\
CHL3_33 & $0.00315804$ & $0.00692981$ & $0.0051234$ & $0.0019023$ & $-0.0114726$ & $-0.0360116$ & $0.117882$ & $-0.436659$ & $-0.434562$ & $0.490942$ & $0.0677793$ & $-0.0315902$ & $-0.388525$ & $0.599615$ & $-0.0248909$ & $-0.42783$ & $0.738256$ & $0.679739$ & $1$ & $-0.0688634$ & $-0.0642742$ & $-0.0619429$ & $-0.00767727$ & $0.622935$ & $0.793699$ & $0.0438135$ & $-0.0156771$ & $-0.0252364$ & $-0.0203574$ & $-0.122255$ & $-0.0567101$ & $0.0938966$ & $-0.125267$ & $-0.350959$ & $0.00158187$ & $-0.00262837$ & $0.00421371$ & $0.00906017$ & $-0.00501448$ & $0.000135939$ & $-0.0155395$ & $0.00492628$ & $-0.0129617$ & $0.00629227$ & $0.0234444$ & $-0.00877146$ & $0.00398346$ & $0.0125297$ & $0.0170261$ \\
CHe_11 & $0.00300991$ & $-0.0263812$ & $0.017177$ & $-0.00947804$ & $0.00293981$ & $-0.181173$ & $-0.078066$ & $0.848949$ & $0.832219$ & $-0.343705$ & $-0.990333$ & $-0.273272$ & $0.17029$ & $0.53056$ & $0.491099$ & $0.479118$ & $0.238102$ & $-0.0735503$ & $-0.0688634$ & $1$ & $0.972575$ & $0.952721$ & $-0.0205766$ & $-0.256352$ & $-0.0141898$ & $-0.550078$ & $0.218017$ & $0.325057$ & $0.0127496$ & $0.0633341$ & $0.0233572$ & $-0.0800864$ & $0.0735607$ & $0.282224$ & $-0.00586191$ & $0.00815491$ & $-0.000405645$ & $-0.00114716$ & $0.0036935$ & $0.00949121$ & $0.0068921$ & $-0.00216026$ & $0.0132735$ & $-0.0150289$ & $-0.00961379$ & $0.0014705$ & $-0.0102187$ & $-0.00982743$ & $0.00705344$ \\
CHe_22 & $0.00393348$ & $-0.0256938$ & $0.0174335$ & $-0.00719701$ & $0.00408407$ & $-0.186025$ & $-0.080198$ & $0.896413$ & $0.878697$ & $-0.37577$ & $-0.991087$ & $-0.303134$ & $0.185708$ & $0.470675$ & $0.341375$ & $0.333463$ & $0.179714$ & $-0.0677793$ & $-0.0642742$ & $0.972575$ & $1$ & $0.975003$ & $0.0344666$ & $-0.368264$ & $-0.0294487$ & $-0.562101$ & $0.374414$ & $0.334197$ & $0.0108959$ & $0.0666463$ & $0.0260986$ & $-0.0828364$ & $0.0774862$ & $0.448707$ & $-0.00586177$ & $0.00862393$ & $-0.00492957$ & $0.00137245$ & $0.00204327$ & $0.00735618$ & $0.0109484$ & $-5.82688e-05$ & $0.0134012$ & $-0.0119091$ & $-0.00965159$ & $-0.00107726$ & $-0.00849176$ & $-0.00961182$ & $0.00798646$ \\
CHe_33 & $0.00261242$ & $-0.0237226$ & $0.0168747$ & $-0.00579683$ & $0.00403344$ & $-0.183459$ & $-0.0792758$ & $0.87852$ & $0.861234$ & $-0.370172$ & $-0.970059$ & $-0.295904$ & $0.183535$ & $0.457013$ & $0.333927$ & $0.352566$ & $0.173607$ & $-0.0661276$ & $-0.0619429$ & $0.952721$ & $0.975003$ & $1$ & $0.032824$ & $-0.360873$ & $-0.0301724$ & $-0.549977$ & $0.36557$ & $0.325892$ & $0.0111257$ & $0.0665776$ & $0.0261869$ & $-0.0813447$ & $0.0775377$ & $0.442873$ & $-0.00490695$ & $0.00945865$ & $-0.00515474$ & $0.000462527$ & $0.00241106$ & $0.00829421$ & $0.00987691$ & $0.000130402$ & $0.0114826$ & $-0.00975288$ & $-0.00527351$ & $-0.00106402$ & $-0.00967325$ & $-0.0091313$ & $0.0104315$ \\
CHQ1_11 & $-0.00793463$ & $0.00198137$ & $-0.00132225$ & $0.00983388$ & $0.00272636$ & $-0.0179638$ & $-0.00643764$ & $0.067374$ & $0.0674791$ & $-0.0601683$ & $-0.00505624$ & $-0.0291099$ & $0.0311269$ & $-0.0954156$ & $-0.179086$ & $-0.170062$ & $-0.0832015$ & $-0.00392484$ & $-0.00767727$ & $-0.0205766$ & $0.0344666$ & $0.032824$ & $1$ & $-0.147586$ & $0.065611$ & $-0.671691$ & $0.345584$ & $0.00800011$ & $-0.0116392$ & $0.00720372$ & $0.00385795$ & $-0.00484447$ & $0.00552454$ & $0.208432$ & $0.0106148$ & $-0.0157029$ & $0.0108632$ & $-0.0029816$ & $-0.0149949$ & $-0.0103456$ & $0.00724035$ & $-0.00145023$ & $-0.00871782$ & $-0.0133857$ & $-0.0114814$ & $-0.00920381$ & $0.00915605$ & $-0.00488595$ & $-0.0065681$ \\
CHQ1_33 & $-0.0681552$ & $0.0151645$ & $-0.000959298$ & $-0.00761708$ & $-0.00975$ & $0.0128896$ & $0.112029$ & $-0.677121$ & $-0.670503$ & $0.559488$ & $0.311677$ & $0.106846$ & $-0.395356$ & $0.471199$ & $0.112273$ & $0.109661$ & $0.679648$ & $0.623397$ & $0.622935$ & $-0.256352$ & $-0.368264$ & $-0.360873$ & $-0.147586$ & $1$ & $0.646492$ & $0.210472$ & $-0.433942$ & $-0.0306502$ & $-0.0105464$ & $-0.121475$ & $-0.0579454$ & $0.0962138$ & $-0.12902$ & $-0.639853$ & $0.00157119$ & $-0.00699741$ & $0.0223767$ & $-0.00514478$ & $-0.000979545$ & $0.00357807$ & $-0.0311527$ & $-0.00715797$ & $-0.0231226$ & $-0.00764581$ & $0.0058117$ & $0.00300436$ & $-0.00545708$ & $0.00311301$ & $0.00594292$ \\
CHQ3_11 & $-0.124831$ & $0.0184158$ & $0.00263776$ & $-0.0177047$ & $-0.0088146$ & $-0.0709367$ & $0.108102$ & $-0.404589$ & $-0.403336$ & $0.480773$ & $0.0229916$ & $-0.0289375$ & $-0.373105$ & $0.600645$ & $-0.124825$ & $-0.120498$ & $0.778126$ & $0.795912$ & $0.793699$ & $-0.0141898$ & $-0.0294487$ & $-0.0301724$ & $0.065611$ & $0.646492$ & $1$ & $0.0281433$ & $0.19242$ & $-0.0155538$ & $-0.0163214$ & $-0.121541$ & $-0.0521188$ & $0.0844438$ & $-0.122421$ & $-0.210629$ & $0.00294742$ & $-0.00319198$ & $0.0219276$ & $-0.00300138$ & $0.000299532$ & $0.00988335$ & $-0.0209956$ & $-0.00701837$ & $-0.0350573$ & $-0.0088647$ & $0.002349$ & $0.00468391$ & $0.000548919$ & $-0.00377931$ & $0.0112929$ \\
CHu_11 & $-0.0398972$ & $0.0166525$ & $-0.0123324$ & $-0.00302483$ & $-0.00862807$ & $0.111588$ & $0.0403287$ & $-0.507006$ & $-0.497902$ & $0.219448$ & $0.559989$ & $0.173757$ & $-0.102283$ & $-0.262722$ & $-0.200234$ & $-0.19756$ & $-0.100374$ & $0.0438714$ & $0.0438135$ & $-0.550078$ & $-0.562101$ & $-0.549977$ & $-0.671691$ & $0.210472$ & $0.0281433$ & $1$ & $-0.17171$ & $-0.189068$ & $0.00282234$ & $-0.0391848$ & $-0.00900377$ & $0.0398616$ & $-0.0415259$ & $-0.24898$ & $-0.00684462$ & $0.00789862$ & $-0.0038964$ & $-0.000899317$ & $0.00308255$ & $0.00303757$ & $-0.0117303$ & $-0.00625934$ & $-0.00640629$ & $0.0110864$ & $0.00986998$ & $0.0134849$ & $-0.00355964$ & $0.00706499$ & $-0.00276474$ \\
CHd_11 & $-0.0257116$ & $-0.0118961$ & $0.00280989$ & $0.00488451$ & $0.00278514$ & $-0.075874$ & $-0.040777$ & $0.428894$ & $0.422422$ & $-0.241044$ & $-0.293186$ & $-0.149445$ & $0.139906$ & $-0.105232$ & $-0.396871$ & $-0.383035$ & $-0.169525$ & $-0.0114532$ & $-0.0156771$ & $0.218017$ & $0.374414$ & $0.36557$ & $0.345584$ & $-0.433942$ & $0.19242$ & $-0.17171$ & $1$ & $0.112626$ & $-0.000774261$ & $0.039699$ & $0.0291925$ & $-0.0399654$ & $0.0518071$ & $0.688082$ & $-0.00124366$ & $-0.000594056$ & $-0.0123631$ & $-0.00315474$ & $-0.00263985$ & $0.00484717$ & $0.0209751$ & $-0.000446071$ & $-0.00296368$ & $-0.00196088$ & $-0.00575288$ & $-0.00565577$ & $0.00893049$ & $-0.00213305$ & $0.00457511$ \\
CHd_33 & $0.0175022$ & $-0.0189179$ & $-0.000491813$ & $0.00686888$ & $0.00310553$ & $-0.0707379$ & $-0.0323453$ & $0.302146$ & $0.296209$ & $-0.129081$ & $-0.331719$ & $-0.103375$ & $0.0614755$ & $0.154267$ & $0.107619$ & $0.110687$ & $0.0567063$ & $-0.0217044$ & $-0.0252364$ & $0.325057$ & $0.334197$ & $0.325892$ & $0.00800011$ & $-0.0306502$ & $-0.0155538$ & $-0.189068$ & $0.112626$ & $1$ & $0.00690099$ & $0.0191958$ & $-0.00544835$ & $-0.0320287$ & $0.0309752$ & $0.157299$ & $-0.0035688$ & $0.00469861$ & $-0.0049357$ & $0.01203$ & $-0.0099777$ & $0.00893103$ & $0.00538434$ & $0.00388227$ & $0.00542096$ & $-0.00643269$ & $-0.000785215$ & $-0.0135293$ & $-0.00812318$ & $-0.00398588$ & $0.0138457$ \\
CeH_22r & $0.00606062$ & $-0.0103663$ & $0.00993111$ & $-0.00408024$ & $0.00295275$ & $-0.00519354$ & $0.00630247$ & $0.016825$ & $0.022413$ & $-0.0116543$ & $-0.0118044$ & $0.0248657$ & $0.0466497$ & $-0.00414955$ & $0.00947974$ & $0.0184789$ & $-0.01227$ & $-0.0147881$ & $-0.0203574$ & $0.0127496$ & $0.0108959$ & $0.0111257$ & $-0.0116392$ & $-0.0105464$ & $-0.0163214$ & $0.00282234$ & $-0.000774261$ & $0.00690099$ & $1$ & $0.0399371$ & $0.0273738$ & $-0.00721462$ & $0.0514675$ & $0.00470921$ & $-0.0115667$ & $-0.0129183$ & $-0.0194971$ & $-0.00363065$ & $-0.0119943$ & $-0.0115773$ & $0.0110624$ & $-0.00634098$ & $0.00607871$ & $0.00720633$ & $-0.00253097$ & $-0.0134019$ & $0.0113541$ & $0.00675509$ & $0.0150989$ \\
CeH_33r & $0.0342769$ & $-0.00572228$ & $-0.00687895$ & $0.00727293$ & $0.00766549$ & $-0.00384628$ & $-0.138099$ & $0.116481$ & $0.137524$ & $-0.133261$ & $-0.0643647$ & $0.200882$ & $0.280297$ & $-0.0662647$ & $0.0258604$ & $0.0345178$ & $-0.10807$ & $-0.115921$ & $-0.122255$ & $0.0633341$ & $0.0666463$ & $0.0665776$ & $0.00720372$ & $-0.121475$ & $-0.121541$ & $-0.0391848$ & $0.039699$ & $0.0191958$ & $0.0399371$ & $1$ & $0.30583$ & $0.00701128$ & $0.659421$ & $0.0701647$ & $-0.0309732$ & $-0.0399612$ & $-0.156313$ & $-0.0311207$ & $-0.0174585$ & $-0.00319785$ & $-0.00442241$ & $-0.000198922$ & $0.0152171$ & $-0.0240075$ & $0.034394$ & $-0.00140809$ & $0.0146214$ & $-0.0101746$ & $0.0165569$ \\
CuH_22r & $0.00762188$ & $-0.0109989$ & $-0.0353578$ & $-0.0295218$ & $-0.00250759$ & $-0.00053411$ & $-0.0800882$ & $0.0509587$ & $0.0628541$ & $-0.0687659$ & $-0.0243207$ & $0.0386911$ & $0.111102$ & $-0.0387357$ & $0.00566372$ & $0.00992917$ & $-0.0529318$ & $-0.0542544$ & $-0.0567101$ & $0.0233572$ & $0.0260986$ & $0.0261869$ & $0.00385795$ & $-0.0579454$ & $-0.0521188$ & $-0.00900377$ & $0.0291925$ & $-0.00544835$ & $0.0273738$ & $0.30583$ & $1$ & $0.00441694$ & $0.367888$ & $0.0359772$ & $-0.0601087$ & $-0.0175522$ & $-0.12599$ & $-0.00403097$ & $0.0279883$ & $-0.00273095$ & $0.0433245$ & $-0.00448789$ & $0.0157843$ & $-0.00331068$ & $-0.0577514$ & $0.0236339$ & $0.353086$ & $0.0550589$ & $0.0134888$ \\
CuH_33r & $0.0191884$ & $-0.0110728$ & $-0.0118272$ & $0.0145486$ & $0.00129157$ & $0.00601404$ & $0.937158$ & $-0.114868$ & $-0.0719859$ & $0.0959301$ & $0.0805762$ & $0.0561261$ & $-0.26128$ & $0.0302055$ & $-0.0369234$ & $-0.0433151$ & $0.0709934$ & $0.0891636$ & $0.0938966$ & $-0.0800864$ & $-0.0828364$ & $-0.0813447$ & $-0.00484447$ & $0.0962138$ & $0.0844438$ & $0.0398616$ & $-0.0399654$ & $-0.0320287$ & $-0.00721462$ & $0.00701128$ & $0.00441694$ & $1$ & $0.00792447$ & $-0.0623766$ & $0.0548152$ & $-0.00426057$ & $-0.0145036$ & $-0.00965829$ & $0.0118772$ & $0.00101757$ & $-0.0133872$ & $-0.00593302$ & $-0.00744539$ & $0.00610315$ & $0.0314789$ & $-0.00712172$ & $-0.00406189$ & $0.0131036$ & $0.000719088$ \\
CdH_33r & $0.0627947$ & $-0.0529305$ & $0.0510027$ & $0.0272796$ & $0.00827847$ & $-0.00371735$ & $-0.169468$ & $0.129427$ & $0.149601$ & $-0.147789$ & $-0.0760301$ & $0.224748$ & $0.335177$ & $-0.0601721$ & $0.0255828$ & $0.0391264$ & $-0.11167$ & $-0.116428$ & $-0.125267$ & $0.0735607$ & $0.0774862$ & $0.0775377$ & $0.00552454$ & $-0.12902$ & $-0.122421$ & $-0.0415259$ & $0.0518071$ & $0.0309752$ & $0.0514675$ & $0.659421$ & $0.367888$ & $0.00792447$ & $1$ & $0.07749$ & $-0.0324972$ & $-0.0157056$ & $-0.193017$ & $-0.0166747$ & $-0.0171628$ & $-0.0106165$ & $-0.0237104$ & $0.00716442$ & $-0.00720379$ & $-0.0543018$ & $0.0342513$ & $-0.0712176$ & $0.0921178$ & $0.143945$ & $0.421724$ \\
CLL_1221 & $-0.00279524$ & $0.0162103$ & $0.00419728$ & $0.00721609$ & $-0.00163179$ & $-0.116337$ & $-0.0694051$ & $0.563778$ & $0.555131$ & $-0.353172$ & $-0.361842$ & $-0.170783$ & $0.22019$ & $-0.224866$ & $-0.592351$ & $-0.107837$ & $-0.265061$ & $0.0213615$ & $-0.350959$ & $0.282224$ & $0.448707$ & $0.442873$ & $0.208432$ & $-0.639853$ & $-0.210629$ & $-0.24898$ & $0.688082$ & $0.157299$ & $0.00470921$ & $0.0701647$ & $0.0359772$ & $-0.0623766$ & $0.07749$ & $1$ & $-0.000210937$ & $0.00581547$ & $-0.0171393$ & $0.00852814$ & $-0.00282348$ & $0.00249976$ & $0.0239808$ & $0.000583229$ & $0.00377976$ & $-0.00441588$ & $-0.0135627$ & $-0.011434$ & $-0.00160163$ & $-0.00885491$ & $-0.00218063$ \\
eHggint & $-0.0804002$ & $0.0357086$ & $-0.0377481$ & $-0.0105549$ & $-0.00662567$ & $-0.00520433$ & $-0.0137864$ & $-0.00414166$ & $-0.0227211$ & $0.0399293$ & $0.0075035$ & $0.0853264$ & $0.0154292$ & $-0.0109468$ & $-0.00101252$ & $-0.011606$ & $-0.00423018$ & $-0.00625661$ & $0.00158187$ & $-0.00586191$ & $-0.00586177$ & $-0.00490695$ & $0.0106148$ & $0.00157119$ & $0.00294742$ & $-0.00684462$ & $-0.00124366$ & $-0.0035688$ & $-0.0115667$ & $-0.0309732$ & $-0.0601087$ & $0.0548152$ & $-0.0324972$ & $-0.000210937$ & $1$ & $-0.223251$ & $-0.0127349$ & $0.0190895$ & $-0.0949688$ & $0.0107867$ & $0.0656123$ & $0.002683$ & $-0.0667762$ & $-0.00390651$ & $0.190974$ & $-0.0277026$ & $-0.0911261$ & $0.00371685$ & $0.0300114$ \\
eHggpar & $-0.01265$ & $0.0719126$ & $0.056183$ & $-0.0214016$ & $-0.000501552$ & $-0.00234861$ & $-0.0281964$ & $0.00698764$ & $0.000578564$ & $0.00915324$ & $-0.00747181$ & $0.0186477$ & $0.0267461$ & $0.00376751$ & $0.00582164$ & $0.000405226$ & $0.00130939$ & $-0.00383992$ & $-0.00262837$ & $0.00815491$ & $0.00862393$ & $0.00945865$ & $-0.0157029$ & $-0.00699741$ & $-0.00319198$ & $0.00789862$ & $-0.000594056$ & $0.00469861$ & $-0.0129183$ & $-0.0399612$ & $-0.0175522$ & $-0.00426057$ & $-0.0157056$ & $0.00581547$ & $-0.223251$ & $1$ & $0.10194$ & $0.0064294$ & $0.196252$ & $-0.00093605$ & $-0.129972$ & $0.00513431$ & $0.0458412$ & $0.165871$ & $-0.129788$ & $0.2319$ & $-0.041496$ & $0.10882$ & $-0.0121206$ \\
eHWWint & $-0.143757$ & $-0.0134594$ & $0.0320489$ & $-0.0175506$ & $-0.0145888$ & $0.00430077$ & $0.018277$ & $-0.00782599$ & $-0.0124554$ & $0.00128007$ & $0.00342836$ & $-0.00945938$ & $-0.00343845$ & $0.00866189$ & $0.0126145$ & $0.0108254$ & $0.00897588$ & $0.00369529$ & $0.00421371$ & $-0.000405645$ & $-0.00492957$ & $-0.00515474$ & $0.0108632$ & $0.0223767$ & $0.0219276$ & $-0.0038964$ & $-0.0123631$ & $-0.0049357$ & $-0.0194971$ & $-0.156313$ & $-0.12599$ & $-0.0145036$ & $-0.193017$ & $-0.0171393$ & $-0.0127349$ & $0.10194$ & $1$ & $0.0166794$ & $-0.0320332$ & $0.00568324$ & $-0.0141558$ & $0.0169037$ & $0.0542511$ & $0.245462$ & $0.0621275$ & $-0.0713736$ & $-0.138934$ & $0.032887$ & $-0.0454571$ \\
eHWWpar & $-0.000139007$ & $0.00265425$ & $0.0128353$ & $0.0177397$ & $0.000222027$ & $-0.00501284$ & $-0.0062409$ & $-0.000737236$ & $-0.00420099$ & $-0.00337707$ & $0.000498608$ & $-0.00649596$ & $-0.00240262$ & $0.00118379$ & $-0.0118192$ & $-0.0150753$ & $0.000546804$ & $0.00798482$ & $0.00906017$ & $-0.00114716$ & $0.00137245$ & $0.000462527$ & $-0.0029816$ & $-0.00514478$ & $-0.00300138$ & $-0.000899317$ & $-0.00315474$ & $0.01203$ & $-0.00363065$ & $-0.0311207$ & $-0.00403097$ & $-0.00965829$ & $-0.0166747$ & $0.00852814$ & $0.0190895$ & $0.0064294$ & $0.0166794$ & $1$ & $-0.0311222$ & $0.0026298$ & $-0.0129163$ & $0.00061351$ & $-0.000265305$ & $-0.00166966$ & $0.00269869$ & $-0.0144101$ & $0.00284173$ & $0.0199284$ & $0.0243764$ \\
eHZZint & $-0.003114$ & $-0.0286251$ & $-0.127599$ & $-0.0141973$ & $0.011737$ & $-0.0158827$ & $0.00204663$ & $0.00329471$ & $-0.0107108$ & $-0.00967435$ & $-0.00393885$ & $-0.0115875$ & $0.00137445$ & $-0.0063881$ & $0.00814462$ & $0.00797941$ & $0.00499261$ & $-0.00547001$ & $-0.00501448$ & $0.0036935$ & $0.00204327$ & $0.00241106$ & $-0.0149949$ & $-0.000979545$ & $0.000299532$ & $0.00308255$ & $-0.00263985$ & $-0.0099777$ & $-0.0119943$ & $-0.0174585$ & $0.0279883$ & $0.0118772$ & $-0.0171628$ & $-0.00282348$ & $-0.0949688$ & $0.196252$ & $-0.0320332$ & $-0.0311222$ & $1$ & $0.00835957$ & $0.0228298$ & $-0.000675498$ & $-0.186694$ & $0.0328111$ & $-0.0933871$ & $0.118294$ & $0.092568$ & $0.189662$ & $-0.0807412$ \\
eHZZpar & $-0.0109987$ & $-0.00691576$ & $-0.00776351$ & $-0.0121255$ & $-0.00908082$ & $-0.0131571$ & $-0.00172495$ & $0.00517368$ & $0.00572741$ & $0.000474977$ & $-0.00844295$ & $-0.000417478$ & $-0.00120958$ & $0.00401181$ & $0.00406177$ & $0.0110328$ & $0.00903503$ & $0.00403099$ & $0.000135939$ & $0.00949121$ & $0.00735618$ & $0.00829421$ & $-0.0103456$ & $0.00357807$ & $0.00988335$ & $0.00303757$ & $0.00484717$ & $0.00893103$ & $-0.0115773$ & $-0.00319785$ & $-0.00273095$ & $0.00101757$ & $-0.0106165$ & $0.00249976$ & $0.0107867$ & $-0.00093605$ & $0.00568324$ & $0.0026298$ & $0.00835957$ & $1$ & $0.00345541$ & $0.0150454$ & $0.00383459$ & $0.0130325$ & $-0.00413184$ & $0.0141327$ & $-0.0147989$ & $-0.00289497$ & $-0.0180939$ \\
eHZgaint & $0.0441209$ & $0.0491714$ & $0.0773464$ & $-0.170019$ & $0.012944$ & $0.00748932$ & $-0.00787508$ & $0.018736$ & $0.0113038$ & $-0.0566482$ & $-0.00689559$ & $-0.0462476$ & $0.0138787$ & $-0.0161682$ & $-0.00856205$ & $-0.0116637$ & $-0.0233528$ & $-0.0176384$ & $-0.0155395$ & $0.0068921$ & $0.0109484$ & $0.00987691$ & $0.00724035$ & $-0.0311527$ & $-0.0209956$ & $-0.0117303$ & $0.0209751$ & $0.00538434$ & $0.0110624$ & $-0.00442241$ & $0.0433245$ & $-0.0133872$ & $-0.0237104$ & $0.0239808$ & $0.0656123$ & $-0.129972$ & $-0.0141558$ & $-0.0129163$ & $0.0228298$ & $0.00345541$ & $1$ & $-0.00714854$ & $-0.0751627$ & $-0.0495795$ & $-0.0681954$ & $-0.0710221$ & $0.131422$ & $-0.104496$ & $-0.0104733$ \\
eHZgapar & $0.0377299$ & $0.0236382$ & $-0.0169415$ & $0.0229575$ & $6.69513e-05$ & $-0.0111875$ & $-0.00314463$ & $0.000361488$ & $0.000238161$ & $0.00912469$ & $0.000829081$ & $0.0170466$ & $-0.00337799$ & $-0.00107669$ & $-0.000190419$ & $-0.0103304$ & $-0.00394067$ & $-0.00409663$ & $0.00492628$ & $-0.00216026$ & $-5.82688e-05$ & $0.000130402$ & $-0.00145023$ & $-0.00715797$ & $-0.00701837$ & $-0.00625934$ & $-0.000446071$ & $0.00388227$ & $-0.00634098$ & $-0.000198922$ & $-0.00448789$ & $-0.00593302$ & $0.00716442$ & $0.000583229$ & $0.002683$ & $0.00513431$ & $0.0169037$ & $0.00061351$ & $-0.000675498$ & $0.0150454$ & $-0.00714854$ & $1$ & $0.0140529$ & $0.0278974$ & $0.0100794$ & $-0.0121539$ & $-0.0142315$ & $0.0191048$ & $0.020192$ \\
eHgagaint & $0.170742$ & $-0.133331$ & $-0.0833097$ & $0.0266738$ & $-0.00376717$ & $0.0143377$ & $-0.00547321$ & $0.0217199$ & $0.0787222$ & $-0.0209165$ & $-0.0188025$ & $-0.0289727$ & $0.0125198$ & $0.00431516$ & $0.00507247$ & $0.00792331$ & $-0.0127036$ & $-0.00962502$ & $-0.0129617$ & $0.0132735$ & $0.0134012$ & $0.0114826$ & $-0.00871782$ & $-0.0231226$ & $-0.0350573$ & $-0.00640629$ & $-0.00296368$ & $0.00542096$ & $0.00607871$ & $0.0152171$ & $0.0157843$ & $-0.00744539$ & $-0.00720379$ & $0.00377976$ & $-0.0667762$ & $0.0458412$ & $0.0542511$ & $-0.000265305$ & $-0.186694$ & $0.00383459$ & $-0.0751627$ & $0.0140529$ & $1$ & $0.178386$ & $0.0913905$ & $0.113988$ & $0.0346423$ & $-0.00301215$ & $-0.0331901$ \\
eHmumuint & $0.0719993$ & $-0.040804$ & $0.0329934$ & $0.118863$ & $0.0075308$ & $0.00630069$ & $0.00269844$ & $-0.00802385$ & $-0.00202221$ & $0.0127177$ & $0.0111337$ & $0.00847475$ & $0.00512607$ & $-0.00646558$ & $-0.00462921$ & $-0.0155381$ & $-0.00428917$ & $-0.00323615$ & $0.00629227$ & $-0.0150289$ & $-0.0119091$ & $-0.00975288$ & $-0.0133857$ & $-0.00764581$ & $-0.0088647$ & $0.0110864$ & $-0.00196088$ & $-0.00643269$ & $0.00720633$ & $-0.0240075$ & $-0.00331068$ & $0.00610315$ & $-0.0543018$ & $-0.00441588$ & $-0.00390651$ & $0.165871$ & $0.245462$ & $-0.00166966$ & $0.0328111$ & $0.0130325$ & $-0.0495795$ & $0.0278974$ & $0.178386$ & $1$ & $0.0811218$ & $0.0364356$ & $0.0526652$ & $0.173849$ & $-0.109657$ \\
eHtautauint & $0.150136$ & $-0.0977256$ & $-0.21247$ & $0.0684539$ & $0.000972869$ & $0.00485883$ & $0.0255058$ & $-0.0140335$ & $-0.0114537$ & $0.0194375$ & $0.00449516$ & $0.00683162$ & $-0.0242603$ & $0.0181056$ & $-0.00906194$ & $-0.00943233$ & $0.00916865$ & $0.0208398$ & $0.0234444$ & $-0.00961379$ & $-0.00965159$ & $-0.00527351$ & $-0.0114814$ & $0.0058117$ & $0.002349$ & $0.00986998$ & $-0.00575288$ & $-0.000785215$ & $-0.00253097$ & $0.034394$ & $-0.0577514$ & $0.0314789$ & $0.0342513$ & $-0.0135627$ & $0.190974$ & $-0.129788$ & $0.0621275$ & $0.00269869$ & $-0.0933871$ & $-0.00413184$ & $-0.0681954$ & $0.0100794$ & $0.0913905$ & $0.0811218$ & $1$ & $-0.139735$ & $-0.0922343$ & $-0.0184194$ & $0.183018$ \\
eHccint & $-0.135055$ & $0.0500772$ & $-0.0661004$ & $-0.101119$ & $-0.000534546$ & $0.00325892$ & $-0.0191055$ & $0.00140346$ & $0.00488201$ & $-0.0064253$ & $0.00193808$ & $0.00259836$ & $0.00885601$ & $-0.00749067$ & $0.0180816$ & $0.00669722$ & $-0.00675684$ & $-0.0187002$ & $-0.00877146$ & $0.0014705$ & $-0.00107726$ & $-0.00106402$ & $-0.00920381$ & $0.00300436$ & $0.00468391$ & $0.0134849$ & $-0.00565577$ & $-0.0135293$ & $-0.0134019$ & $-0.00140809$ & $0.0236339$ & $-0.00712172$ & $-0.0712176$ & $-0.011434$ & $-0.0277026$ & $0.2319$ & $-0.0713736$ & $-0.0144101$ & $0.118294$ & $0.0141327$ & $-0.0710221$ & $-0.0121539$ & $0.113988$ & $0.0364356$ & $-0.139735$ & $1$ & $-0.144648$ & $-0.0549584$ & $-0.165039$ \\
eHccpar & $0.0630633$ & $-0.0607873$ & $-0.0969088$ & $-0.0357254$ & $0.0021979$ & $0.0110593$ & $-0.00468082$ & $-0.00504902$ & $-0.000647601$ & $-0.000149972$ & $0.00650323$ & $-0.0067364$ & $-0.00146618$ & $-0.00122745$ & $-0.00741822$ & $-0.0125089$ & $-0.0046276$ & $0.0018961$ & $0.00398346$ & $-0.0102187$ & $-0.00849176$ & $-0.00967325$ & $0.00915605$ & $-0.00545708$ & $0.000548919$ & $-0.00355964$ & $0.00893049$ & $-0.00812318$ & $0.0113541$ & $0.0146214$ & $0.353086$ & $-0.00406189$ & $0.0921178$ & $-0.00160163$ & $-0.0911261$ & $-0.041496$ & $-0.138934$ & $0.00284173$ & $0.092568$ & $-0.0147989$ & $0.131422$ & $-0.0142315$ & $0.0346423$ & $0.0526652$ & $-0.0922343$ & $-0.144648$ & $1$ & $0.201242$ & $0.0725652$ \\
eHbbint & $0.089524$ & $0.0337366$ & $0.0913098$ & $0.124595$ & $-0.0010805$ & $0.000400907$ & $0.00624373$ & $-0.0122789$ & $-0.0109598$ & $0.0207695$ & $0.0101675$ & $0.0174753$ & $0.00830662$ & $0.00115014$ & $-0.000742535$ & $-0.0132742$ & $0.00180608$ & $0.00280956$ & $0.0125297$ & $-0.00982743$ & $-0.00961182$ & $-0.0091313$ & $-0.00488595$ & $0.00311301$ & $-0.00377931$ & $0.00706499$ & $-0.00213305$ & $-0.00398588$ & $0.00675509$ & $-0.0101746$ & $0.0550589$ & $0.0131036$ & $0.143945$ & $-0.00885491$ & $0.00371685$ & $0.10882$ & $0.032887$ & $0.0199284$ & $0.189662$ & $-0.00289497$ & $-0.104496$ & $0.0191048$ & $-0.00301215$ & $0.173849$ & $-0.0184194$ & $-0.0549584$ & $0.201242$ & $1$ & $-0.0128702$ \\
eHbbpar & $0.0756716$ & $-0.151259$ & $0.0781042$ & $0.0108702$ & $0.0102009$ & $0.00878962$ & $-0.00480806$ & $0.0047855$ & $0.00123389$ & $0.00396966$ & $-0.0115642$ & $-0.00818529$ & $-0.00923027$ & $0.0272261$ & $-0.00429161$ & $0.00416066$ & $0.0119851$ & $0.0203658$ & $0.0170261$ & $0.00705344$ & $0.00798646$ & $0.0104315$ & $-0.0065681$ & $0.00594292$ & $0.0112929$ & $-0.00276474$ & $0.00457511$ & $0.0138457$ & $0.0150989$ & $0.0165569$ & $0.0134888$ & $0.000719088$ & $0.421724$ & $-0.00218063$ & $0.0300114$ & $-0.0121206$ & $-0.0454571$ & $0.0243764$ & $-0.0807412$ & $-0.0180939$ & $-0.0104733$ & $0.020192$ & $-0.0331901$ & $-0.109657$ & $0.183018$ & $-0.165039$ & $0.0725652$ & $-0.0128702$ & $1$ \\
