 & AlsMz & dAle5Mz & mtop & mHl & Mz & CW & CHG & CHWB & CHWHB_gaga & CHWHB_gagaorth & CHD & CHbox & CH & CHL1_11 & CHL1_22 & CHL1_33 & CHL3_11 & CHL3_22 & CHL3_33 & CHe_11 & CHe_22 & CHe_33 & CHQ1_11 & CHQ1_33 & CHQ3_11 & CHu_11 & CHd_11 & CHd_33 & CeH_22r & CeH_33r & CuH_22r & CuH_33r & CdH_33r & CLL_1221 & eHggint & eHggpar & eHWWint & eHWWpar & eHZZint & eHZZpar & eHZgaint & eHZgapar & eHgagaint & eHmumuint & eHtautauint & eHccint & eHccpar & eHbbint & eHbbpar \\
AlsMz & $1$ & $-0.0743957$ & $-0.0139172$ & $-0.0548921$ & $-0.0110486$ & $-0.00570462$ & $0.0187703$ & $-0.00739538$ & $-0.0117739$ & $0.0111169$ & $-0.0102125$ & $0.0108402$ & $-0.00832153$ & $0.0124847$ & $0.00378747$ & $0.00916856$ & $0.0171908$ & $0.0157148$ & $0.0109193$ & $-0.000185967$ & $-0.00336877$ & $-0.0035663$ & $-0.0192661$ & $-0.046007$ & $-0.124878$ & $-0.0382593$ & $-0.0618377$ & $0.0245309$ & $0.00563739$ & $-0.00686755$ & $-0.0515793$ & $0.0056181$ & $0.00263371$ & $-0.014869$ & $0.0287186$ & $-0.0552474$ & $-0.0153172$ & $0.0170196$ & $-0.0339576$ & $-0.020842$ & $-0.023629$ & $0.00806463$ & $-0.04421$ & $-0.0365941$ & $-0.0676116$ & $-0.0210597$ & $-0.11554$ & $-0.0729189$ & $0.0288384$ \\
dAle5Mz & $-0.0743957$ & $1$ & $0.0370879$ & $0.0100951$ & $-0.0105161$ & $0.0269162$ & $0.00936301$ & $-0.100177$ & $-0.101539$ & $0.0201601$ & $0.0859891$ & $0.0202234$ & $-0.0134323$ & $-0.0351217$ & $-0.0334462$ & $-0.0327986$ & $0.0140622$ & $0.0185521$ & $0.0193598$ & $-0.0590758$ & $-0.0561651$ & $-0.0524195$ & $0.00561795$ & $0.027791$ & $0.0251991$ & $0.0308687$ & $-0.00814889$ & $-0.0220764$ & $0.0157693$ & $0.00490489$ & $-0.0170577$ & $0.0177873$ & $0.014623$ & $0.0190451$ & $-0.0274389$ & $0.0639369$ & $-0.0674577$ & $0.00600684$ & $0.0286326$ & $-0.00665108$ & $0.0684511$ & $0.0114551$ & $-0.037363$ & $0.0165335$ & $-0.0197911$ & $-0.0721362$ & $-0.0348487$ & $-0.0563033$ & $0.0350334$ \\
mtop & $-0.0139172$ & $0.0370879$ & $1$ & $0.00900564$ & $-0.0127112$ & $0.00486354$ & $0.0012023$ & $0.0114996$ & $0.00780554$ & $-0.00981228$ & $-0.0068591$ & $-0.00838021$ & $0.00112151$ & $0.0147118$ & $0.00160482$ & $-0.0115611$ & $0.00492686$ & $0.00306206$ & $0.0116354$ & $0.0145244$ & $0.018441$ & $0.0174895$ & $0.0114791$ & $0.0030465$ & $0.0174835$ & $-0.00936563$ & $0.026885$ & $0.00582123$ & $-0.00543657$ & $-0.0122157$ & $-0.00846121$ & $0.000196354$ & $0.0777935$ & $0.00989278$ & $-0.00783739$ & $-0.00412535$ & $-0.0164437$ & $0.00630102$ & $0.0268607$ & $-0.0069417$ & $-0.0064378$ & $-0.00497995$ & $-0.0165305$ & $0.0292328$ & $-0.0797759$ & $-0.0544391$ & $-0.0109681$ & $-0.0137528$ & $0.159371$ \\
mHl & $-0.0548921$ & $0.0100951$ & $0.00900564$ & $1$ & $-0.0205663$ & $-0.0170919$ & $-0.0102402$ & $-0.00304713$ & $0.00061323$ & $0.0060338$ & $0.00102712$ & $-0.00199888$ & $0.00526851$ & $0.00478983$ & $-0.0135612$ & $-0.000314$ & $0.00534945$ & $0.0131574$ & $0.00604363$ & $-0.000782373$ & $0.00115626$ & $0.00239996$ & $0.0189976$ & $0.00713993$ & $0.0234781$ & $-0.000433271$ & $0.0207658$ & $-0.00645259$ & $0.00374231$ & $0.0134343$ & $0.0621282$ & $-0.0023207$ & $0.0372845$ & $0.00911063$ & $-0.0225072$ & $0.0718009$ & $-0.0592876$ & $-0.0148168$ & $0.0279908$ & $-0.00724405$ & $0.0485587$ & $-0.00443528$ & $0.0193087$ & $0.0430681$ & $-0.0610128$ & $0.0484595$ & $0.143807$ & $0.0647267$ & $0.0139779$ \\
Mz & $-0.0110486$ & $-0.0105161$ & $-0.0127112$ & $-0.0205663$ & $1$ & $0.00853558$ & $0.000713643$ & $-0.00491579$ & $-0.00683213$ & $0.00223505$ & $0.014656$ & $0.00249117$ & $-0.000647822$ & $0.00294091$ & $0.0145252$ & $0.0131164$ & $-0.0032009$ & $-0.00914238$ & $-0.0100522$ & $-0.00327866$ & $-0.00524748$ & $-0.0071052$ & $0.00796366$ & $0.00468988$ & $-0.00510761$ & $-0.0110521$ & $-0.0164284$ & $-0.00227318$ & $0.012911$ & $0.00506709$ & $-0.000249858$ & $0.00274068$ & $0.00461294$ & $-0.0204741$ & $0.00619989$ & $0.000360509$ & $0.000194394$ & $0.00930739$ & $-0.00872826$ & $-0.0103623$ & $-0.00959841$ & $0.000523793$ & $-0.00621953$ & $0.000617606$ & $0.00152519$ & $0.015964$ & $-0.0166436$ & $0.0097979$ & $0.00556121$ \\
CW & $-0.00570462$ & $0.0269162$ & $0.00486354$ & $-0.0170919$ & $0.00853558$ & $1$ & $0.00324264$ & $-0.120562$ & $-0.118504$ & $0.00922324$ & $0.17454$ & $0.0157957$ & $0.00534773$ & $0.0313246$ & $-0.0693116$ & $-0.0639777$ & $-0.248046$ & $-0.0450212$ & $-0.0477558$ & $-0.169728$ & $-0.177397$ & $-0.174388$ & $-0.0143154$ & $0.00355349$ & $-0.0838354$ & $0.09723$ & $-0.089469$ & $-0.0670284$ & $-0.00761704$ & $2.74773e-05$ & $-0.00532705$ & $0.00887069$ & $0.0016797$ & $-0.126211$ & $0.0146594$ & $0.00691385$ & $0.00857887$ & $0.00633994$ & $-0.00936372$ & $-0.00170034$ & $-0.0035121$ & $0.00419018$ & $0.00452432$ & $-0.00692745$ & $-0.00410804$ & $-0.0186013$ & $-0.00854644$ & $-0.00671576$ & $0.0137623$ \\
CHG & $0.0187703$ & $0.00936301$ & $0.0012023$ & $-0.0102402$ & $0.000713643$ & $0.00324264$ & $1$ & $-0.117768$ & $-0.0675604$ & $0.0820185$ & $0.072403$ & $0.284408$ & $-0.320665$ & $0.0531229$ & $-0.0240406$ & $-0.0318224$ & $0.0897098$ & $0.100512$ & $0.105551$ & $-0.0713745$ & $-0.0760699$ & $-0.0760552$ & $-0.00738814$ & $0.114926$ & $0.0939808$ & $0.0397377$ & $-0.0509818$ & $-0.0339419$ & $0.00545874$ & $-0.14063$ & $-0.0779063$ & $0.924056$ & $-0.167402$ & $-0.0757461$ & $-0.0398877$ & $-0.020517$ & $0.0277919$ & $-0.00202781$ & $0.00300642$ & $0.00878587$ & $0.00200115$ & $-0.00378546$ & $0.00950962$ & $-0.00603976$ & $-0.00893729$ & $-0.0126469$ & $-0.0126173$ & $-0.0235873$ & $0.000377457$ \\
CHWB & $-0.00739538$ & $-0.100177$ & $0.0114996$ & $-0.00304713$ & $-0.00491579$ & $-0.120562$ & $-0.117768$ & $1$ & $0.983142$ & $-0.558642$ & $-0.878318$ & $-0.421701$ & $0.343948$ & $0.088254$ & $0.303695$ & $0.290259$ & $-0.251019$ & $-0.443699$ & $-0.43579$ & $0.849501$ & $0.895087$ & $0.878228$ & $0.0657026$ & $-0.678623$ & $-0.398231$ & $-0.499586$ & $0.429459$ & $0.304583$ & $0.0213731$ & $0.106114$ & $0.0510859$ & $-0.113784$ & $0.106175$ & $0.563196$ & $0.00487705$ & $-0.00329877$ & $-0.00409393$ & $0.00211555$ & $-0.00249057$ & $0.0136763$ & $0.00555734$ & $-0.0087977$ & $-0.00343086$ & $0.0113429$ & $-0.0140707$ & $0.001348$ & $-0.00382535$ & $0.000495002$ & $-0.00720483$ \\
CHWHB_gaga & $-0.0117739$ & $-0.101539$ & $0.00780554$ & $0.00061323$ & $-0.00683213$ & $-0.118504$ & $-0.0675604$ & $0.983142$ & $1$ & $-0.549504$ & $-0.86012$ & $-0.406884$ & $0.33877$ & $0.079469$ & $0.299917$ & $0.285438$ & $-0.253532$ & $-0.443314$ & $-0.434477$ & $0.831981$ & $0.876381$ & $0.860071$ & $0.0627695$ & $-0.670637$ & $-0.39625$ & $-0.487883$ & $0.421958$ & $0.296466$ & $0.0259399$ & $0.130223$ & $0.0635304$ & $-0.0736296$ & $0.127916$ & $0.552317$ & $-0.0105974$ & $-0.0156436$ & $-0.0161379$ & $0.00116621$ & $-0.00950825$ & $0.0120438$ & $0.00387457$ & $-0.0073683$ & $0.0731997$ & $0.012973$ & $-0.00956501$ & $0.00207196$ & $-0.00211651$ & $0.00501314$ & $-0.00996555$ \\
CHWHB_gagaorth & $0.0111169$ & $0.0201601$ & $-0.00981228$ & $0.0060338$ & $0.00223505$ & $0.00922324$ & $0.0820185$ & $-0.558642$ & $-0.549504$ & $1$ & $0.337488$ & $0.502954$ & $-0.249695$ & $0.248217$ & $-0.120376$ & $-0.115741$ & $0.448641$ & $0.498543$ & $0.493602$ & $-0.323891$ & $-0.354908$ & $-0.350295$ & $-0.0528627$ & $0.560426$ & $0.483025$ & $0.202312$ & $-0.229899$ & $-0.125091$ & $-0.0176567$ & $-0.12878$ & $-0.0716272$ & $0.100605$ & $-0.13863$ & $-0.348323$ & $0.0366466$ & $0.0242979$ & $0.0194591$ & $0.00263778$ & $-0.0148538$ & $-0.00751963$ & $-0.0391601$ & $-0.00248102$ & $-0.00559703$ & $-0.00882303$ & $0.0181698$ & $-0.00170244$ & $-0.00656355$ & $-0.00576836$ & $0.00188429$ \\
CHD & $-0.0102125$ & $0.0859891$ & $-0.0068591$ & $0.00102712$ & $0.014656$ & $0.17454$ & $0.072403$ & $-0.878318$ & $-0.86012$ & $0.337488$ & $1$ & $0.282246$ & $-0.177877$ & $-0.506644$ & $-0.425672$ & $-0.407406$ & $-0.207276$ & $0.0738026$ & $0.066926$ & $-0.99028$ & $-0.991022$ & $-0.969357$ & $-0.00718663$ & $0.313668$ & $0.0193578$ & $0.555207$ & $-0.300205$ & $-0.337338$ & $-0.0079734$ & $-0.0622415$ & $-0.0275753$ & $0.0799377$ & $-0.0594797$ & $-0.366892$ & $0.00752144$ & $0.00626823$ & $-0.00284721$ & $-0.000881473$ & $0.0106125$ & $-0.0146832$ & $0.00138534$ & $0.00937349$ & $0.0108907$ & $-0.00693823$ & $0.0143304$ & $0.0032205$ & $0.00859882$ & $-0.00238674$ & $0.00710306$ \\
CHbox & $0.0108402$ & $0.0202234$ & $-0.00838021$ & $-0.00199888$ & $0.00249117$ & $0.0157957$ & $0.284408$ & $-0.421701$ & $-0.406884$ & $0.502954$ & $0.282246$ & $1$ & $-0.894757$ & $0.136089$ & $-0.0867809$ & $-0.0864688$ & $0.276385$ & $0.323611$ & $0.322822$ & $-0.268632$ & $-0.296072$ & $-0.290814$ & $-0.0361614$ & $0.390794$ & $0.312064$ & $0.16424$ & $-0.186485$ & $-0.106721$ & $-0.0324739$ & $-0.144033$ & $-0.080903$ & $0.276673$ & $-0.182657$ & $-0.270577$ & $0.00471441$ & $0.0201714$ & $0.0118135$ & $0.00525296$ & $0.00289756$ & $-0.0063554$ & $-0.00246958$ & $-0.00128398$ & $-0.0148314$ & $-0.00753537$ & $0.0114892$ & $0.00278011$ & $-0.000521015$ & $0.000886685$ & $-0.00213653$ \\
CH & $-0.00832153$ & $-0.0134323$ & $0.00112151$ & $0.00526851$ & $-0.000647822$ & $0.00534773$ & $-0.320665$ & $0.343948$ & $0.33877$ & $-0.249695$ & $-0.177877$ & $-0.894757$ & $1$ & $-0.220904$ & $0.0767705$ & $0.079655$ & $-0.334012$ & $-0.363269$ & $-0.364369$ & $0.173144$ & $0.188371$ & $0.186299$ & $0.0240168$ & $-0.374929$ & $-0.350596$ & $-0.100809$ & $0.133096$ & $0.0684949$ & $0.0497154$ & $0.262294$ & $0.106902$ & $-0.264618$ & $0.310961$ & $0.212879$ & $0.0410901$ & $0.00763121$ & $-0.0127949$ & $-0.00422679$ & $-0.0114783$ & $0.00153581$ & $-0.0112974$ & $0.00120567$ & $0.00955352$ & $0.0052939$ & $-0.0066948$ & $-0.000112351$ & $-0.00347801$ & $-0.00557586$ & $0.00121255$ \\
CHL1_11 & $0.0124847$ & $-0.0351217$ & $0.0147118$ & $0.00478983$ & $0.00294091$ & $0.0313246$ & $0.0531229$ & $0.088254$ & $0.079469$ & $0.248217$ & $-0.506644$ & $0.136089$ & $-0.220904$ & $1$ & $0.270788$ & $0.257029$ & $0.664393$ & $0.600827$ & $0.601566$ & $0.525056$ & $0.467457$ & $0.450789$ & $-0.0827826$ & $0.474672$ & $0.599058$ & $-0.266981$ & $-0.0970183$ & $0.157183$ & $-0.0220567$ & $-0.0545445$ & $-0.0273155$ & $0.031411$ & $-0.0564535$ & $-0.220736$ & $-0.0199868$ & $-0.00476979$ & $0.0157378$ & $-0.00309831$ & $-0.0150685$ & $0.00997069$ & $-0.00929861$ & $-0.00306559$ & $-0.0175772$ & $-0.00700613$ & $-0.00304615$ & $-0.0081078$ & $-0.00799219$ & $0.00815728$ & $0.00321017$ \\
CHL1_22 & $0.00378747$ & $-0.0334462$ & $0.00160482$ & $-0.0135612$ & $0.0145252$ & $-0.0693116$ & $-0.0240406$ & $0.303695$ & $0.299917$ & $-0.120376$ & $-0.425672$ & $-0.0867809$ & $0.0767705$ & $0.270788$ & $1$ & $0.436423$ & $0.158767$ & $-0.446175$ & $-0.0317756$ & $0.490073$ & $0.343654$ & $0.333568$ & $-0.183602$ & $0.0921467$ & $-0.13801$ & $-0.189334$ & $-0.385351$ & $0.131206$ & $0.0016345$ & $0.0356149$ & $0.0109248$ & $-0.0243321$ & $0.0291553$ & $-0.585098$ & $-0.0190317$ & $0.00547126$ & $0.00550993$ & $0.0077977$ & $-0.00890392$ & $0.00758431$ & $-0.0118051$ & $0.00968179$ & $0.00278171$ & $0.00344713$ & $-0.00411091$ & $-0.00444831$ & $-0.012093$ & $0.0065744$ & $-0.0170916$ \\
CHL1_33 & $0.00916856$ & $-0.0327986$ & $-0.0115611$ & $-0.000314$ & $0.0131164$ & $-0.0639777$ & $-0.0318224$ & $0.290259$ & $0.285438$ & $-0.115741$ & $-0.407406$ & $-0.0864688$ & $0.079655$ & $0.257029$ & $0.436423$ & $1$ & $0.148384$ & $-0.0287433$ & $-0.44023$ & $0.471691$ & $0.326996$ & $0.344281$ & $-0.168098$ & $0.0929035$ & $-0.137631$ & $-0.191293$ & $-0.382608$ & $0.119483$ & $0.00421165$ & $0.036908$ & $0.0137329$ & $-0.0284853$ & $0.0333264$ & $-0.0950422$ & $-0.00964318$ & $0.0106965$ & $0.00601849$ & $-0.00459666$ & $-0.00796305$ & $0.000639767$ & $-0.00505356$ & $0.00161563$ & $-0.00245334$ & $-0.000603044$ & $-0.0132558$ & $-0.0143065$ & $-0.00692782$ & $0.00754674$ & $-0.0131116$ \\
CHL3_11 & $0.0171908$ & $0.0140622$ & $0.00492686$ & $0.00534945$ & $-0.0032009$ & $-0.248046$ & $0.0897098$ & $-0.251019$ & $-0.253532$ & $0.448641$ & $-0.207276$ & $0.276385$ & $-0.334012$ & $0.664393$ & $0.158767$ & $0.148384$ & $1$ & $0.741929$ & $0.742246$ & $0.229812$ & $0.175169$ & $0.166572$ & $-0.0809456$ & $0.684007$ & $0.777629$ & $-0.0977338$ & $-0.156676$ & $0.0587866$ & $-0.0256958$ & $-0.0908027$ & $-0.0452745$ & $0.065778$ & $-0.0971817$ & $-0.257336$ & $-0.0210323$ & $-0.0102358$ & $0.0117917$ & $-0.00192796$ & $-0.0156174$ & $-0.000822216$ & $-0.0178812$ & $-0.00644136$ & $-0.0101044$ & $-0.00697281$ & $-0.000462764$ & $-0.00284378$ & $-0.00287715$ & $0.00622806$ & $-0.000340648$ \\
CHL3_22 & $0.0157148$ & $0.0185521$ & $0.00306206$ & $0.0131574$ & $-0.00914238$ & $-0.0450212$ & $0.100512$ & $-0.443699$ & $-0.443314$ & $0.498543$ & $0.0738026$ & $0.323611$ & $-0.363269$ & $0.600827$ & $-0.446175$ & $-0.0287433$ & $0.741929$ & $1$ & $0.680566$ & $-0.0755834$ & $-0.0696624$ & $-0.0692944$ & $0.00605764$ & $0.634723$ & $0.794472$ & $0.0325812$ & $-0.0107989$ & $-0.0327965$ & $-0.0274649$ & $-0.105899$ & $-0.0492936$ & $0.0798934$ & $-0.106184$ & $0.0201886$ & $-0.00966495$ & $-0.0102645$ & $0.0112821$ & $-0.00895269$ & $-0.00989269$ & $-0.00371692$ & $-0.00748593$ & $-0.00807584$ & $-0.0138831$ & $-0.0110516$ & $0.001973$ & $-0.0030591$ & $0.00305709$ & $0.00372321$ & $0.0115515$ \\
CHL3_33 & $0.0109193$ & $0.0193598$ & $0.0116354$ & $0.00604363$ & $-0.0100522$ & $-0.0477558$ & $0.105551$ & $-0.43579$ & $-0.434477$ & $0.493602$ & $0.066926$ & $0.322822$ & $-0.364369$ & $0.601566$ & $-0.0317756$ & $-0.44023$ & $0.742246$ & $0.680566$ & $1$ & $-0.0695955$ & $-0.0614563$ & $-0.06068$ & $-0.00182688$ & $0.628546$ & $0.795107$ & $0.037653$ & $-0.00150572$ & $-0.0257476$ & $-0.0278918$ & $-0.106307$ & $-0.0524132$ & $0.0820745$ & $-0.108214$ & $-0.345443$ & $-0.0141317$ & $-0.0123086$ & $0.0104221$ & $0.00216107$ & $-0.00984287$ & $0.00102931$ & $-0.0101239$ & $-0.000554261$ & $-0.00888165$ & $-0.0065943$ & $0.0101994$ & $0.00306631$ & $-0.00246713$ & $0.00438893$ & $0.011687$ \\
CHe_11 & $-0.000185967$ & $-0.0590758$ & $0.0145244$ & $-0.000782373$ & $-0.00327866$ & $-0.169728$ & $-0.0713745$ & $0.849501$ & $0.831981$ & $-0.323891$ & $-0.99028$ & $-0.268632$ & $0.173144$ & $0.525056$ & $0.490073$ & $0.471691$ & $0.229812$ & $-0.0755834$ & $-0.0695955$ & $1$ & $0.972945$ & $0.952202$ & $-0.0173569$ & $-0.260477$ & $-0.0124169$ & $-0.545855$ & $0.226649$ & $0.331932$ & $0.00740006$ & $0.0630255$ & $0.0263552$ & $-0.0773631$ & $0.0607571$ & $0.289258$ & $-0.0101773$ & $-0.00349005$ & $0.00227779$ & $0.000103866$ & $-0.0115029$ & $0.0146855$ & $-0.000272964$ & $-0.00792483$ & $-0.011264$ & $0.00727077$ & $-0.0152485$ & $-0.00654508$ & $-0.0100382$ & $0.00303445$ & $-0.00633464$ \\
CHe_22 & $-0.00336877$ & $-0.0561651$ & $0.018441$ & $0.00115626$ & $-0.00524748$ & $-0.177397$ & $-0.0760699$ & $0.895087$ & $0.876381$ & $-0.354908$ & $-0.991022$ & $-0.296072$ & $0.188371$ & $0.467457$ & $0.343654$ & $0.326996$ & $0.175169$ & $-0.0696624$ & $-0.0614563$ & $0.972945$ & $1$ & $0.974631$ & $0.0362578$ & $-0.367431$ & $-0.0227645$ & $-0.557824$ & $0.380734$ & $0.337214$ & $0.00904899$ & $0.0641358$ & $0.0292527$ & $-0.0830743$ & $0.0633671$ & $0.452169$ & $-0.00575872$ & $-0.00517185$ & $-1.08238e-05$ & $0.00120996$ & $-0.00818756$ & $0.0151724$ & $0.00254583$ & $-0.0107444$ & $-0.0119766$ & $0.00860548$ & $-0.0145915$ & $-0.00421355$ & $-0.00789325$ & $0.00148868$ & $-0.00323866$ \\
CHe_33 & $-0.0035663$ & $-0.0524195$ & $0.0174895$ & $0.00239996$ & $-0.0071052$ & $-0.174388$ & $-0.0760552$ & $0.878228$ & $0.860071$ & $-0.350295$ & $-0.969357$ & $-0.290814$ & $0.186299$ & $0.450789$ & $0.333568$ & $0.344281$ & $0.166572$ & $-0.0692944$ & $-0.06068$ & $0.952202$ & $0.974631$ & $1$ & $0.0356846$ & $-0.362709$ & $-0.0230872$ & $-0.543467$ & $0.377754$ & $0.331043$ & $0.0103246$ & $0.0652635$ & $0.0308364$ & $-0.0824365$ & $0.0644092$ & $0.449692$ & $-0.00533755$ & $-0.00532025$ & $-0.0024899$ & $0.00151116$ & $-0.0080494$ & $0.0135873$ & $0.00432624$ & $-0.00955176$ & $-0.00933719$ & $0.0095895$ & $-0.017283$ & $-0.0039018$ & $-0.00587269$ & $0.00220696$ & $-0.000869071$ \\
CHQ1_11 & $-0.0192661$ & $0.00561795$ & $0.0114791$ & $0.0189976$ & $0.00796366$ & $-0.0143154$ & $-0.00738814$ & $0.0657026$ & $0.0627695$ & $-0.0528627$ & $-0.00718663$ & $-0.0361614$ & $0.0240168$ & $-0.0827826$ & $-0.183602$ & $-0.168098$ & $-0.0809456$ & $0.00605764$ & $-0.00182688$ & $-0.0173569$ & $0.0362578$ & $0.0356846$ & $1$ & $-0.13927$ & $0.0797552$ & $-0.680214$ & $0.346787$ & $0.00184266$ & $0.00772639$ & $0.00291345$ & $0.000925958$ & $-0.0090692$ & $-0.000982736$ & $0.208932$ & $-0.00339527$ & $-0.00462035$ & $-0.0146853$ & $0.000668785$ & $0.00128158$ & $-0.00364387$ & $0.00231716$ & $0.00442366$ & $-0.00730713$ & $0.00239379$ & $0.000726588$ & $0.01117$ & $0.00459544$ & $0.00430659$ & $-0.0013563$ \\
CHQ1_33 & $-0.046007$ & $0.027791$ & $0.0030465$ & $0.00713993$ & $0.00468988$ & $0.00355349$ & $0.114926$ & $-0.678623$ & $-0.670637$ & $0.560426$ & $0.313668$ & $0.390794$ & $-0.374929$ & $0.474672$ & $0.0921467$ & $0.0929035$ & $0.684007$ & $0.634723$ & $0.628546$ & $-0.260477$ & $-0.367431$ & $-0.362709$ & $-0.13927$ & $1$ & $0.646267$ & $0.207067$ & $-0.416642$ & $-0.0304068$ & $-0.0321469$ & $-0.104162$ & $-0.0507349$ & $0.102013$ & $-0.109341$ & $-0.628484$ & $-0.0182046$ & $0.00162015$ & $0.0208763$ & $-0.0050016$ & $-0.00687524$ & $-0.0042879$ & $-0.0147764$ & $0.000650993$ & $-0.00236914$ & $-0.0120577$ & $0.0106204$ & $-0.00298481$ & $0.00255016$ & $0.0102546$ & $0.000880745$ \\
CHQ3_11 & $-0.124878$ & $0.0251991$ & $0.0174835$ & $0.0234781$ & $-0.00510761$ & $-0.0838354$ & $0.0939808$ & $-0.398231$ & $-0.39625$ & $0.483025$ & $0.0193578$ & $0.312064$ & $-0.350596$ & $0.599058$ & $-0.13801$ & $-0.137631$ & $0.777629$ & $0.794472$ & $0.795107$ & $-0.0124169$ & $-0.0227645$ & $-0.0230872$ & $0.0797552$ & $0.646267$ & $1$ & $0.0175999$ & $0.214536$ & $-0.0149256$ & $-0.0229056$ & $-0.100149$ & $-0.0430066$ & $0.073082$ & $-0.101605$ & $-0.195116$ & $-0.00746685$ & $-0.00589359$ & $0.00643766$ & $-0.00484878$ & $-0.000708312$ & $0.000542752$ & $-0.0113003$ & $-0.00996923$ & $0.000322245$ & $-0.00554102$ & $0.0132875$ & $0.0050525$ & $0.0216839$ & $0.0235083$ & $0.00522639$ \\
CHu_11 & $-0.0382593$ & $0.0308687$ & $-0.00936563$ & $-0.000433271$ & $-0.0110521$ & $0.09723$ & $0.0397377$ & $-0.499586$ & $-0.487883$ & $0.202312$ & $0.555207$ & $0.16424$ & $-0.100809$ & $-0.266981$ & $-0.189334$ & $-0.191293$ & $-0.0977338$ & $0.0325812$ & $0.037653$ & $-0.545855$ & $-0.557824$ & $-0.543467$ & $-0.680214$ & $0.207067$ & $0.0175999$ & $1$ & $-0.177318$ & $-0.185108$ & $-0.00806307$ & $-0.0388598$ & $-0.01046$ & $0.0461629$ & $-0.0269157$ & $-0.253458$ & $0.0134624$ & $0.0100168$ & $0.00735101$ & $-0.000884822$ & $0.0141521$ & $-0.0103667$ & $0.00190514$ & $-0.00462634$ & $0.0158032$ & $-6.82635e-05$ & $0.00876881$ & $0.000831616$ & $0.0155303$ & $0.00541564$ & $0.00944088$ \\
CHd_11 & $-0.0618377$ & $-0.00814889$ & $0.026885$ & $0.0207658$ & $-0.0164284$ & $-0.089469$ & $-0.0509818$ & $0.429459$ & $0.421958$ & $-0.229899$ & $-0.300205$ & $-0.186485$ & $0.133096$ & $-0.0970183$ & $-0.385351$ & $-0.382608$ & $-0.156676$ & $-0.0107989$ & $-0.00150572$ & $0.226649$ & $0.380734$ & $0.377754$ & $0.346787$ & $-0.416642$ & $0.214536$ & $-0.177318$ & $1$ & $0.105773$ & $0.0153442$ & $0.0315989$ & $0.0197568$ & $-0.0528406$ & $0.0388038$ & $0.68483$ & $0.0243158$ & $-0.00881011$ & $-0.0154535$ & $0.000215684$ & $0.0141454$ & $0.0038442$ & $0.00835401$ & $-0.0194064$ & $0.00411496$ & $0.00668978$ & $-0.00165908$ & $0.0126683$ & $0.0183469$ & $0.00947224$ & $0.010996$ \\
CHd_33 & $0.0245309$ & $-0.0220764$ & $0.00582123$ & $-0.00645259$ & $-0.00227318$ & $-0.0670284$ & $-0.0339419$ & $0.304583$ & $0.296466$ & $-0.125091$ & $-0.337338$ & $-0.106721$ & $0.0684949$ & $0.157183$ & $0.131206$ & $0.119483$ & $0.0587866$ & $-0.0327965$ & $-0.0257476$ & $0.331932$ & $0.337214$ & $0.331043$ & $0.00184266$ & $-0.0304068$ & $-0.0149256$ & $-0.185108$ & $0.105773$ & $1$ & $-0.010486$ & $0.0209765$ & $0.00369316$ & $-0.0357309$ & $0.0158138$ & $0.142711$ & $0.00491084$ & $0.00288682$ & $0.00609368$ & $0.00641308$ & $-0.00117215$ & $-0.00683135$ & $-0.00659485$ & $-0.00768017$ & $-0.0115342$ & $-0.00510717$ & $-0.00339014$ & $0.000870914$ & $-0.0162273$ & $0.0030772$ & $-0.00881916$ \\
CeH_22r & $0.00563739$ & $0.0157693$ & $-0.00543657$ & $0.00374231$ & $0.012911$ & $-0.00761704$ & $0.00545874$ & $0.0213731$ & $0.0259399$ & $-0.0176567$ & $-0.0079734$ & $-0.0324739$ & $0.0497154$ & $-0.0220567$ & $0.0016345$ & $0.00421165$ & $-0.0256958$ & $-0.0274649$ & $-0.0278918$ & $0.00740006$ & $0.00904899$ & $0.0103246$ & $0.00772639$ & $-0.0321469$ & $-0.0229056$ & $-0.00806307$ & $0.0153442$ & $-0.010486$ & $1$ & $0.0578265$ & $0.0356257$ & $-0.0094903$ & $0.0437586$ & $0.0174384$ & $-0.0266013$ & $-0.00778272$ & $-0.0122129$ & $-0.00577216$ & $-0.00132924$ & $-0.0119278$ & $0.00873859$ & $0.0105794$ & $-0.0109541$ & $0.00720885$ & $-0.00518592$ & $0.00410396$ & $0.00799938$ & $-0.00348106$ & $-0.00761848$ \\
CeH_33r & $-0.00686755$ & $0.00490489$ & $-0.0122157$ & $0.0134343$ & $0.00506709$ & $2.74773e-05$ & $-0.14063$ & $0.106114$ & $0.130223$ & $-0.12878$ & $-0.0622415$ & $-0.144033$ & $0.262294$ & $-0.0545445$ & $0.0356149$ & $0.036908$ & $-0.0908027$ & $-0.105899$ & $-0.106307$ & $0.0630255$ & $0.0641358$ & $0.0652635$ & $0.00291345$ & $-0.104162$ & $-0.100149$ & $-0.0388598$ & $0.0315989$ & $0.0209765$ & $0.0578265$ & $1$ & $0.316928$ & $0.0231905$ & $0.635486$ & $0.0563414$ & $-0.0558554$ & $-0.0223686$ & $-0.198511$ & $-0.0231425$ & $-0.0277132$ & $-0.0157324$ & $-0.0103971$ & $-0.00650195$ & $0.0124945$ & $0.00289512$ & $0.0701211$ & $0.00387532$ & $0.000614659$ & $0.00751061$ & $-0.0144563$ \\
CuH_22r & $-0.0515793$ & $-0.0170577$ & $-0.00846121$ & $0.0621282$ & $-0.000249858$ & $-0.00532705$ & $-0.0779063$ & $0.0510859$ & $0.0635304$ & $-0.0716272$ & $-0.0275753$ & $-0.080903$ & $0.106902$ & $-0.0273155$ & $0.0109248$ & $0.0137329$ & $-0.0452745$ & $-0.0492936$ & $-0.0524132$ & $0.0263552$ & $0.0292527$ & $0.0308364$ & $0.000925958$ & $-0.0507349$ & $-0.0430066$ & $-0.01046$ & $0.0197568$ & $0.00369316$ & $0.0356257$ & $0.316928$ & $1$ & $0.0182573$ & $0.349288$ & $0.0320229$ & $-0.0298691$ & $-0.00744321$ & $-0.121066$ & $-0.0159181$ & $-0.0110671$ & $-0.0089398$ & $0.0306049$ & $-0.000113404$ & $0.00701559$ & $0.0446797$ & $0.00135072$ & $0.130387$ & $0.384515$ & $0.0105418$ & $0.0116817$ \\
CuH_33r & $0.0056181$ & $0.0177873$ & $0.000196354$ & $-0.0023207$ & $0.00274068$ & $0.00887069$ & $0.924056$ & $-0.113784$ & $-0.0736296$ & $0.100605$ & $0.0799377$ & $0.276673$ & $-0.264618$ & $0.031411$ & $-0.0243321$ & $-0.0284853$ & $0.065778$ & $0.0798934$ & $0.0820745$ & $-0.0773631$ & $-0.0830743$ & $-0.0824365$ & $-0.0090692$ & $0.102013$ & $0.073082$ & $0.0461629$ & $-0.0528406$ & $-0.0357309$ & $-0.0094903$ & $0.0231905$ & $0.0182573$ & $1$ & $0.0273616$ & $-0.0724089$ & $0.0365594$ & $0.023739$ & $-0.0155425$ & $-0.00807658$ & $0.00842278$ & $0.00496057$ & $0.00204788$ & $-0.0046532$ & $0.0118385$ & $-0.00787992$ & $-0.0100834$ & $-0.00755591$ & $-0.0105508$ & $-0.0178552$ & $0.00988225$ \\
CdH_33r & $0.00263371$ & $0.014623$ & $0.0777935$ & $0.0372845$ & $0.00461294$ & $0.0016797$ & $-0.167402$ & $0.106175$ & $0.127916$ & $-0.13863$ & $-0.0594797$ & $-0.182657$ & $0.310961$ & $-0.0564535$ & $0.0291553$ & $0.0333264$ & $-0.0971817$ & $-0.106184$ & $-0.108214$ & $0.0607571$ & $0.0633671$ & $0.0644092$ & $-0.000982736$ & $-0.109341$ & $-0.101605$ & $-0.0269157$ & $0.0388038$ & $0.0158138$ & $0.0437586$ & $0.635486$ & $0.349288$ & $0.0273616$ & $1$ & $0.0608223$ & $-0.0462866$ & $0.00305166$ & $-0.216101$ & $-0.0180795$ & $0.0356773$ & $-0.0252425$ & $0.0329893$ & $0.00494326$ & $-0.000396179$ & $0.03765$ & $-0.0168023$ & $0.0394452$ & $0.0343432$ & $0.17068$ & $0.479836$ \\
CLL_1221 & $-0.014869$ & $0.0190451$ & $0.00989278$ & $0.00911063$ & $-0.0204741$ & $-0.126211$ & $-0.0757461$ & $0.563196$ & $0.552317$ & $-0.348323$ & $-0.366892$ & $-0.270577$ & $0.212879$ & $-0.220736$ & $-0.585098$ & $-0.0950422$ & $-0.257336$ & $0.0201886$ & $-0.345443$ & $0.289258$ & $0.452169$ & $0.449692$ & $0.208932$ & $-0.628484$ & $-0.195116$ & $-0.253458$ & $0.68483$ & $0.142711$ & $0.0174384$ & $0.0563414$ & $0.0320229$ & $-0.0724089$ & $0.0608223$ & $1$ & $0.017892$ & $-0.00473569$ & $-0.0143125$ & $-0.00441431$ & $0.00662741$ & $0.00214928$ & $0.0164204$ & $-0.0167366$ & $-0.00580654$ & $0.00766124$ & $-0.0111069$ & $0.00220077$ & $0.00704866$ & $-0.00826617$ & $0.00803943$ \\
eHggint & $0.0287186$ & $-0.0274389$ & $-0.00783739$ & $-0.0225072$ & $0.00619989$ & $0.0146594$ & $-0.0398877$ & $0.00487705$ & $-0.0105974$ & $0.0366466$ & $0.00752144$ & $0.00471441$ & $0.0410901$ & $-0.0199868$ & $-0.0190317$ & $-0.00964318$ & $-0.0210323$ & $-0.00966495$ & $-0.0141317$ & $-0.0101773$ & $-0.00575872$ & $-0.00533755$ & $-0.00339527$ & $-0.0182046$ & $-0.00746685$ & $0.0134624$ & $0.0243158$ & $0.00491084$ & $-0.0266013$ & $-0.0558554$ & $-0.0298691$ & $0.0365594$ & $-0.0462866$ & $0.017892$ & $1$ & $-0.0549703$ & $0.0366331$ & $-0.0015517$ & $-0.0700806$ & $0.00823649$ & $-0.0015693$ & $-0.00990275$ & $0.0262699$ & $-0.059798$ & $-0.0208737$ & $0.041576$ & $-0.0166751$ & $-0.0428757$ & $0.0271543$ \\
eHggpar & $-0.0552474$ & $0.0639369$ & $-0.00412535$ & $0.0718009$ & $0.000360509$ & $0.00691385$ & $-0.020517$ & $-0.00329877$ & $-0.0156436$ & $0.0242979$ & $0.00626823$ & $0.0201714$ & $0.00763121$ & $-0.00476979$ & $0.00547126$ & $0.0106965$ & $-0.0102358$ & $-0.0102645$ & $-0.0123086$ & $-0.00349005$ & $-0.00517185$ & $-0.00532025$ & $-0.00462035$ & $0.00162015$ & $-0.00589359$ & $0.0100168$ & $-0.00881011$ & $0.00288682$ & $-0.00778272$ & $-0.0223686$ & $-0.00744321$ & $0.023739$ & $0.00305166$ & $-0.00473569$ & $-0.0549703$ & $1$ & $-0.0105529$ & $-0.0127342$ & $0.0969362$ & $0.00149557$ & $-0.00973636$ & $0.000831542$ & $-0.0220419$ & $0.115731$ & $0.0428656$ & $-0.0320359$ & $0.0263057$ & $0.0363614$ & $0.0454697$ \\
eHWWint & $-0.0153172$ & $-0.0674577$ & $-0.0164437$ & $-0.0592876$ & $0.000194394$ & $0.00857887$ & $0.0277919$ & $-0.00409393$ & $-0.0161379$ & $0.0194591$ & $-0.00284721$ & $0.0118135$ & $-0.0127949$ & $0.0157378$ & $0.00550993$ & $0.00601849$ & $0.0117917$ & $0.0112821$ & $0.0104221$ & $0.00227779$ & $-1.08238e-05$ & $-0.0024899$ & $-0.0146853$ & $0.0208763$ & $0.00643766$ & $0.00735101$ & $-0.0154535$ & $0.00609368$ & $-0.0122129$ & $-0.198511$ & $-0.121066$ & $-0.0155425$ & $-0.216101$ & $-0.0143125$ & $0.0366331$ & $-0.0105529$ & $1$ & $-0.0116062$ & $0.0144425$ & $0.00790571$ & $-0.0193716$ & $-0.00368018$ & $-0.0071172$ & $-0.0085947$ & $-0.0218946$ & $0.0346634$ & $-0.044654$ & $-0.0187864$ & $-0.00541567$ \\
eHWWpar & $0.0170196$ & $0.00600684$ & $0.00630102$ & $-0.0148168$ & $0.00930739$ & $0.00633994$ & $-0.00202781$ & $0.00211555$ & $0.00116621$ & $0.00263778$ & $-0.000881473$ & $0.00525296$ & $-0.00422679$ & $-0.00309831$ & $0.0077977$ & $-0.00459666$ & $-0.00192796$ & $-0.00895269$ & $0.00216107$ & $0.000103866$ & $0.00120996$ & $0.00151116$ & $0.000668785$ & $-0.0050016$ & $-0.00484878$ & $-0.000884822$ & $0.000215684$ & $0.00641308$ & $-0.00577216$ & $-0.0231425$ & $-0.0159181$ & $-0.00807658$ & $-0.0180795$ & $-0.00441431$ & $-0.0015517$ & $-0.0127342$ & $-0.0116062$ & $1$ & $-0.00125022$ & $-0.00224064$ & $-0.00527376$ & $0.00604452$ & $0.0032937$ & $-0.00104031$ & $-0.00102263$ & $-0.00538789$ & $-0.00176057$ & $-0.00776217$ & $0.00533478$ \\
eHZZint & $-0.0339576$ & $0.0286326$ & $0.0268607$ & $0.0279908$ & $-0.00872826$ & $-0.00936372$ & $0.00300642$ & $-0.00249057$ & $-0.00950825$ & $-0.0148538$ & $0.0106125$ & $0.00289756$ & $-0.0114783$ & $-0.0150685$ & $-0.00890392$ & $-0.00796305$ & $-0.0156174$ & $-0.00989269$ & $-0.00984287$ & $-0.0115029$ & $-0.00818756$ & $-0.0080494$ & $0.00128158$ & $-0.00687524$ & $-0.000708312$ & $0.0141521$ & $0.0141454$ & $-0.00117215$ & $-0.00132924$ & $-0.0277132$ & $-0.0110671$ & $0.00842278$ & $0.0356773$ & $0.00662741$ & $-0.0700806$ & $0.0969362$ & $0.0144425$ & $-0.00125022$ & $1$ & $-0.00538671$ & $0.0334552$ & $-0.0163526$ & $-0.0242808$ & $0.0597399$ & $-0.00808101$ & $-0.0138863$ & $0.0386348$ & $0.0247039$ & $0.130672$ \\
eHZZpar & $-0.020842$ & $-0.00665108$ & $-0.0069417$ & $-0.00724405$ & $-0.0103623$ & $-0.00170034$ & $0.00878587$ & $0.0136763$ & $0.0120438$ & $-0.00751963$ & $-0.0146832$ & $-0.0063554$ & $0.00153581$ & $0.00997069$ & $0.00758431$ & $0.000639767$ & $-0.000822216$ & $-0.00371692$ & $0.00102931$ & $0.0146855$ & $0.0151724$ & $0.0135873$ & $-0.00364387$ & $-0.0042879$ & $0.000542752$ & $-0.0103667$ & $0.0038442$ & $-0.00683135$ & $-0.0119278$ & $-0.0157324$ & $-0.0089398$ & $0.00496057$ & $-0.0252425$ & $0.00214928$ & $0.00823649$ & $0.00149557$ & $0.00790571$ & $-0.00224064$ & $-0.00538671$ & $1$ & $-0.00938239$ & $0.00239515$ & $0.00113066$ & $0.000806699$ & $0.00833876$ & $-0.000733543$ & $0.00265777$ & $-0.00247488$ & $-0.0228647$ \\
eHZgaint & $-0.023629$ & $0.0684511$ & $-0.0064378$ & $0.0485587$ & $-0.00959841$ & $-0.0035121$ & $0.00200115$ & $0.00555734$ & $0.00387457$ & $-0.0391601$ & $0.00138534$ & $-0.00246958$ & $-0.0112974$ & $-0.00929861$ & $-0.0118051$ & $-0.00505356$ & $-0.0178812$ & $-0.00748593$ & $-0.0101239$ & $-0.000272964$ & $0.00254583$ & $0.00432624$ & $0.00231716$ & $-0.0147764$ & $-0.0113003$ & $0.00190514$ & $0.00835401$ & $-0.00659485$ & $0.00873859$ & $-0.0103971$ & $0.0306049$ & $0.00204788$ & $0.0329893$ & $0.0164204$ & $-0.0015693$ & $-0.00973636$ & $-0.0193716$ & $-0.00527376$ & $0.0334552$ & $-0.00938239$ & $1$ & $0.00625078$ & $-0.00971346$ & $0.0811522$ & $-0.0179984$ & $-0.0217334$ & $0.081371$ & $0.0766112$ & $0.0582686$ \\
eHZgapar & $0.00806463$ & $0.0114551$ & $-0.00497995$ & $-0.00443528$ & $0.000523793$ & $0.00419018$ & $-0.00378546$ & $-0.0087977$ & $-0.0073683$ & $-0.00248102$ & $0.00937349$ & $-0.00128398$ & $0.00120567$ & $-0.00306559$ & $0.00968179$ & $0.00161563$ & $-0.00644136$ & $-0.00807584$ & $-0.000554261$ & $-0.00792483$ & $-0.0107444$ & $-0.00955176$ & $0.00442366$ & $0.000650993$ & $-0.00996923$ & $-0.00462634$ & $-0.0194064$ & $-0.00768017$ & $0.0105794$ & $-0.00650195$ & $-0.000113404$ & $-0.0046532$ & $0.00494326$ & $-0.0167366$ & $-0.00990275$ & $0.000831542$ & $-0.00368018$ & $0.00604452$ & $-0.0163526$ & $0.00239515$ & $0.00625078$ & $1$ & $0.00240706$ & $-0.00460945$ & $-0.0169914$ & $-0.00367097$ & $-0.00657541$ & $-0.00397228$ & $0.00531876$ \\
eHgagaint & $-0.04421$ & $-0.037363$ & $-0.0165305$ & $0.0193087$ & $-0.00621953$ & $0.00452432$ & $0.00950962$ & $-0.00343086$ & $0.0731997$ & $-0.00559703$ & $0.0108907$ & $-0.0148314$ & $0.00955352$ & $-0.0175772$ & $0.00278171$ & $-0.00245334$ & $-0.0101044$ & $-0.0138831$ & $-0.00888165$ & $-0.011264$ & $-0.0119766$ & $-0.00933719$ & $-0.00730713$ & $-0.00236914$ & $0.000322245$ & $0.0158032$ & $0.00411496$ & $-0.0115342$ & $-0.0109541$ & $0.0124945$ & $0.00701559$ & $0.0118385$ & $-0.000396179$ & $-0.00580654$ & $0.0262699$ & $-0.0220419$ & $-0.0071172$ & $0.0032937$ & $-0.0242808$ & $0.00113066$ & $-0.00971346$ & $0.00240706$ & $1$ & $0.0290086$ & $0.0472331$ & $0.0131111$ & $0.023074$ & $0.0431293$ & $-0.0180631$ \\
eHmumuint & $-0.0365941$ & $0.0165335$ & $0.0292328$ & $0.0430681$ & $0.000617606$ & $-0.00692745$ & $-0.00603976$ & $0.0113429$ & $0.012973$ & $-0.00882303$ & $-0.00693823$ & $-0.00753537$ & $0.0052939$ & $-0.00700613$ & $0.00344713$ & $-0.000603044$ & $-0.00697281$ & $-0.0110516$ & $-0.0065943$ & $0.00727077$ & $0.00860548$ & $0.0095895$ & $0.00239379$ & $-0.0120577$ & $-0.00554102$ & $-6.82635e-05$ & $0.00668978$ & $-0.00510717$ & $0.00720885$ & $0.00289512$ & $0.0446797$ & $-0.00787992$ & $0.03765$ & $0.00766124$ & $-0.059798$ & $0.115731$ & $-0.0085947$ & $-0.00104031$ & $0.0597399$ & $0.000806699$ & $0.0811522$ & $-0.00460945$ & $0.0290086$ & $1$ & $-0.0188062$ & $0.0758177$ & $0.132891$ & $0.0662086$ & $0.0740906$ \\
eHtautauint & $-0.0676116$ & $-0.0197911$ & $-0.0797759$ & $-0.0610128$ & $0.00152519$ & $-0.00410804$ & $-0.00893729$ & $-0.0140707$ & $-0.00956501$ & $0.0181698$ & $0.0143304$ & $0.0114892$ & $-0.0066948$ & $-0.00304615$ & $-0.00411091$ & $-0.0132558$ & $-0.000462764$ & $0.001973$ & $0.0101994$ & $-0.0152485$ & $-0.0145915$ & $-0.017283$ & $0.000726588$ & $0.0106204$ & $0.0132875$ & $0.00876881$ & $-0.00165908$ & $-0.00339014$ & $-0.00518592$ & $0.0701211$ & $0.00135072$ & $-0.0100834$ & $-0.0168023$ & $-0.0111069$ & $-0.0208737$ & $0.0428656$ & $-0.0218946$ & $-0.00102263$ & $-0.00808101$ & $0.00833876$ & $-0.0179984$ & $-0.0169914$ & $0.0472331$ & $-0.0188062$ & $1$ & $0.0445404$ & $-0.0121482$ & $0.0636964$ & $-0.0494588$ \\
eHccint & $-0.0210597$ & $-0.0721362$ & $-0.0544391$ & $0.0484595$ & $0.015964$ & $-0.0186013$ & $-0.0126469$ & $0.001348$ & $0.00207196$ & $-0.00170244$ & $0.0032205$ & $0.00278011$ & $-0.000112351$ & $-0.0081078$ & $-0.00444831$ & $-0.0143065$ & $-0.00284378$ & $-0.0030591$ & $0.00306631$ & $-0.00654508$ & $-0.00421355$ & $-0.0039018$ & $0.01117$ & $-0.00298481$ & $0.0050525$ & $0.000831616$ & $0.0126683$ & $0.000870914$ & $0.00410396$ & $0.00387532$ & $0.130387$ & $-0.00755591$ & $0.0394452$ & $0.00220077$ & $0.041576$ & $-0.0320359$ & $0.0346634$ & $-0.00538789$ & $-0.0138863$ & $-0.000733543$ & $-0.0217334$ & $-0.00367097$ & $0.0131111$ & $0.0758177$ & $0.0445404$ & $1$ & $0.13395$ & $0.129987$ & $0.0242763$ \\
eHccpar & $-0.11554$ & $-0.0348487$ & $-0.0109681$ & $0.143807$ & $-0.0166436$ & $-0.00854644$ & $-0.0126173$ & $-0.00382535$ & $-0.00211651$ & $-0.00656355$ & $0.00859882$ & $-0.000521015$ & $-0.00347801$ & $-0.00799219$ & $-0.012093$ & $-0.00692782$ & $-0.00287715$ & $0.00305709$ & $-0.00246713$ & $-0.0100382$ & $-0.00789325$ & $-0.00587269$ & $0.00459544$ & $0.00255016$ & $0.0216839$ & $0.0155303$ & $0.0183469$ & $-0.0162273$ & $0.00799938$ & $0.000614659$ & $0.384515$ & $-0.0105508$ & $0.0343432$ & $0.00704866$ & $-0.0166751$ & $0.0263057$ & $-0.044654$ & $-0.00176057$ & $0.0386348$ & $0.00265777$ & $0.081371$ & $-0.00657541$ & $0.023074$ & $0.132891$ & $-0.0121482$ & $0.13395$ & $1$ & $0.010967$ & $0.0587704$ \\
eHbbint & $-0.0729189$ & $-0.0563033$ & $-0.0137528$ & $0.0647267$ & $0.0097979$ & $-0.00671576$ & $-0.0235873$ & $0.000495002$ & $0.00501314$ & $-0.00576836$ & $-0.00238674$ & $0.000886685$ & $-0.00557586$ & $0.00815728$ & $0.0065744$ & $0.00754674$ & $0.00622806$ & $0.00372321$ & $0.00438893$ & $0.00303445$ & $0.00148868$ & $0.00220696$ & $0.00430659$ & $0.0102546$ & $0.0235083$ & $0.00541564$ & $0.00947224$ & $0.0030772$ & $-0.00348106$ & $0.00751061$ & $0.0105418$ & $-0.0178552$ & $0.17068$ & $-0.00826617$ & $-0.0428757$ & $0.0363614$ & $-0.0187864$ & $-0.00776217$ & $0.0247039$ & $-0.00247488$ & $0.0766112$ & $-0.00397228$ & $0.0431293$ & $0.0662086$ & $0.0636964$ & $0.129987$ & $0.010967$ & $1$ & $0.00812383$ \\
eHbbpar & $0.0288384$ & $0.0350334$ & $0.159371$ & $0.0139779$ & $0.00556121$ & $0.0137623$ & $0.000377457$ & $-0.00720483$ & $-0.00996555$ & $0.00188429$ & $0.00710306$ & $-0.00213653$ & $0.00121255$ & $0.00321017$ & $-0.0170916$ & $-0.0131116$ & $-0.000340648$ & $0.0115515$ & $0.011687$ & $-0.00633464$ & $-0.00323866$ & $-0.000869071$ & $-0.0013563$ & $0.000880745$ & $0.00522639$ & $0.00944088$ & $0.010996$ & $-0.00881916$ & $-0.00761848$ & $-0.0144563$ & $0.0116817$ & $0.00988225$ & $0.479836$ & $0.00803943$ & $0.0271543$ & $0.0454697$ & $-0.00541567$ & $0.00533478$ & $0.130672$ & $-0.0228647$ & $0.0582686$ & $0.00531876$ & $-0.0180631$ & $0.0740906$ & $-0.0494588$ & $0.0242763$ & $0.0587704$ & $0.00812383$ & $1$ \\
