 & AlsMz & dAle5Mz & mtop & mHl & Mz & CW & CHG & CHWB & CHWHB_gaga & CHWHB_gagaorth & CHD & CHbox & CH & CHL1_11 & CHL1_22 & CHL1_33 & CHL3_11 & CHL3_22 & CHL3_33 & CHe_11 & CHe_22 & CHe_33 & CHQ1_11 & CHQ1_33 & CHQ3_11 & CHu_11 & CHd_11 & CHd_33 & CeH_22r & CeH_33r & CuH_22r & CuH_33r & CdH_33r & CLL_1221 & eHggint & eHggpar & eHWWint & eHWWpar & eHZZint & eHZZpar & eHZgaint & eHZgapar & eHgagaint & eHmumuint & eHtautauint & eHccint & eHccpar & eHbbint & eHbbpar \\
AlsMz & $1$ & $-0.0143488$ & $0.011172$ & $-0.0394014$ & $-0.0175451$ & $-1.45679e-05$ & $-0.0121821$ & $-0.0088173$ & $-0.00977605$ & $0.0238656$ & $-0.0128289$ & $-0.0192248$ & $-0.030191$ & $0.0240329$ & $0.00784711$ & $-0.00257333$ & $0.0297185$ & $0.021309$ & $0.0248423$ & $0.00383411$ & $0.00287165$ & $-0.000795974$ & $0.0114099$ & $-0.0345876$ & $-0.0834875$ & $-0.0460297$ & $-0.0342999$ & $0.00185378$ & $-0.00178413$ & $-0.00253581$ & $-0.0193316$ & $-0.0191441$ & $0.00144631$ & $-0.0127758$ & $-0.043684$ & $-0.0165054$ & $0.00829733$ & $0.00218028$ & $0.0258692$ & $0.0425645$ & $0.0601246$ & $-0.0293033$ & $-0.0135224$ & $-0.00926014$ & $0.0219235$ & $0.0371909$ & $-0.00793339$ & $0.0541071$ & $0.0196912$ \\
dAle5Mz & $-0.0143488$ & $1$ & $0.0149827$ & $0.0733871$ & $-0.0104922$ & $-0.00459713$ & $0.00274033$ & $-0.0665038$ & $-0.0536072$ & $0.0327582$ & $0.0421531$ & $0.00262692$ & $-0.0199695$ & $0.00256808$ & $-0.0168385$ & $-0.020165$ & $0.0262525$ & $0.0261153$ & $0.0326268$ & $-0.018129$ & $-0.0158468$ & $-0.00829567$ & $0.0156193$ & $0.0171865$ & $0.0397211$ & $-0.0105814$ & $0.0110638$ & $-0.0156838$ & $-0.00240798$ & $-0.0247681$ & $0.0392559$ & $0.00129591$ & $-0.0374275$ & $0.0220515$ & $-0.0827354$ & $0.0734568$ & $0.12209$ & $0.00221098$ & $0.15301$ & $0.00973415$ & $0.00669387$ & $-0.00221701$ & $0.130885$ & $0.0794302$ & $-0.104291$ & $0.0615277$ & $0.082195$ & $-0.00966079$ & $-0.0478213$ \\
mtop & $0.011172$ & $0.0149827$ & $1$ & $0.0010662$ & $0.00752651$ & $0.00290284$ & $0.0385333$ & $0.000616477$ & $0.00537255$ & $0.017445$ & $-0.00230191$ & $0.0157644$ & $0.013419$ & $0.0194551$ & $0.00334315$ & $-0.00420762$ & $0.0121382$ & $0.0124378$ & $0.0176458$ & $0.0101744$ & $0.00879559$ & $0.00660206$ & $-0.0204257$ & $0.00625627$ & $0.00580744$ & $0.00684284$ & $-0.00853896$ & $-0.0236092$ & $0.0111362$ & $-0.0070754$ & $0.0087028$ & $0.0306501$ & $0.0313163$ & $-0.00273584$ & $-0.0751658$ & $0.0764019$ & $0.0239392$ & $0.0109445$ & $-0.0022751$ & $0.0145392$ & $-0.115806$ & $-0.0046008$ & $0.0121431$ & $-0.0408584$ & $-0.0513081$ & $0.0982834$ & $-0.0106973$ & $0.0765987$ & $0.0456359$ \\
mHl & $-0.0394014$ & $0.0733871$ & $0.0010662$ & $1$ & $0.0113192$ & $0.0119963$ & $0.0410051$ & $0.00814743$ & $0.0160831$ & $-0.00881583$ & $-0.0123463$ & $-0.0363781$ & $-0.0313502$ & $0.00976035$ & $0.0164897$ & $0.00353373$ & $0.0112889$ & $-0.00399272$ & $0.0104713$ & $0.0152955$ & $0.0154202$ & $0.0223293$ & $0.00109707$ & $0.00479686$ & $0.00349296$ & $-0.0111788$ & $-0.0030633$ & $0.0310129$ & $-0.00212388$ & $-0.0129053$ & $0.00914385$ & $0.0393171$ & $0.0725449$ & $1.10517e-06$ & $-0.0279163$ & $-0.0238748$ & $-0.0020064$ & $-0.00348112$ & $0.0405334$ & $-0.000481799$ & $-0.0841978$ & $-0.019473$ & $0.0226178$ & $-0.1198$ & $-0.132968$ & $-0.0865429$ & $0.0378184$ & $-0.0204294$ & $0.1939$ \\
Mz & $-0.0175451$ & $-0.0104922$ & $0.00752651$ & $0.0113192$ & $1$ & $0.00416616$ & $-0.0222878$ & $0.0169187$ & $0.0150088$ & $0.00362629$ & $-0.00892047$ & $0.00449231$ & $0.00291986$ & $0.012486$ & $-0.00452909$ & $0.01495$ & $-0.00232571$ & $0.00408115$ & $-0.0131985$ & $0.016538$ & $0.018032$ & $0.0169625$ & $-0.00295717$ & $-0.00645585$ & $-0.00190908$ & $-0.00815574$ & $0.0078313$ & $0.00784193$ & $0.00908712$ & $0.0141585$ & $0.0236814$ & $-0.0202451$ & $0.0195243$ & $0.0146101$ & $0.00412314$ & $-0.00580952$ & $0.0185065$ & $0.00124573$ & $0.00751192$ & $0.00181931$ & $0.000629649$ & $0.00848755$ & $-0.00607453$ & $-0.0154832$ & $0.00363319$ & $0.0255455$ & $0.023295$ & $-0.00193329$ & $0.0357292$ \\
CW & $-1.45679e-05$ & $-0.00459713$ & $0.00290284$ & $0.0119963$ & $0.00416616$ & $1$ & $-0.0047089$ & $-0.106617$ & $-0.104477$ & $0.00815706$ & $0.167363$ & $0.0461048$ & $0.0227625$ & $0.0243142$ & $-0.0764235$ & $-0.058232$ & $-0.258703$ & $-0.0490044$ & $-0.0634242$ & $-0.164305$ & $-0.170532$ & $-0.166226$ & $-0.0308595$ & $-0.00791541$ & $-0.0892846$ & $0.10912$ & $-0.0743525$ & $-0.0537213$ & $0.000576244$ & $-0.0080704$ & $0.0020642$ & $-0.00331596$ & $0.00434368$ & $-0.108424$ & $0.0318146$ & $-0.00526869$ & $0.00638259$ & $-0.00904825$ & $0.0145453$ & $-0.000402635$ & $0.0012171$ & $-0.00105788$ & $0.0245676$ & $-9.44791e-05$ & $-0.00454103$ & $-0.00491119$ & $-0.00223586$ & $0.0149456$ & $0.019028$ \\
CHG & $-0.0121821$ & $0.00274033$ & $0.0385333$ & $0.0410051$ & $-0.0222878$ & $-0.0047089$ & $1$ & $-0.136307$ & $-0.0793863$ & $0.0830719$ & $0.0881802$ & $-0.240065$ & $-0.319291$ & $0.0654685$ & $-0.0331362$ & $-0.0381891$ & $0.0905849$ & $0.115549$ & $0.119043$ & $-0.0841805$ & $-0.0911981$ & $-0.0931096$ & $-0.023574$ & $0.129803$ & $0.101833$ & $0.0630132$ & $-0.0674248$ & $-0.0289949$ & $0.0243973$ & $-0.127423$ & $-0.0836982$ & $0.939044$ & $-0.144059$ & $-0.0872029$ & $-0.0541567$ & $-0.0110196$ & $-0.00681944$ & $-0.0188203$ & $0.0428913$ & $-0.00486621$ & $-0.029016$ & $0.00364996$ & $0.0285121$ & $0.0141103$ & $-0.0447865$ & $0.019886$ & $-0.010918$ & $0.0215328$ & $0.0093318$ \\
CHWB & $-0.0088173$ & $-0.0665038$ & $0.000616477$ & $0.00814743$ & $0.0169187$ & $-0.106617$ & $-0.136307$ & $1$ & $0.981899$ & $-0.579745$ & $-0.879188$ & $0.114259$ & $0.366662$ & $0.0810043$ & $0.29543$ & $0.279954$ & $-0.263852$ & $-0.446759$ & $-0.442223$ & $0.851279$ & $0.895938$ & $0.879524$ & $0.064614$ & $-0.684383$ & $-0.415243$ & $-0.492967$ & $0.421546$ & $0.300282$ & $0.0276685$ & $0.124959$ & $0.0644973$ & $-0.123083$ & $0.143982$ & $0.565424$ & $0.0366394$ & $-0.0226959$ & $0.00929135$ & $0.00308619$ & $0.0131809$ & $-0.0120804$ & $0.0124222$ & $-0.0111213$ & $-0.00702788$ & $-0.027545$ & $0.00923813$ & $0.0398084$ & $0.0149153$ & $-0.0280909$ & $0.0287725$ \\
CHWHB_gaga & $-0.00977605$ & $-0.0536072$ & $0.00537255$ & $0.0160831$ & $0.0150088$ & $-0.104477$ & $-0.0793863$ & $0.981899$ & $1$ & $-0.568553$ & $-0.860133$ & $0.124456$ & $0.357198$ & $0.0725756$ & $0.294853$ & $0.272563$ & $-0.266513$ & $-0.44798$ & $-0.439035$ & $0.833751$ & $0.87656$ & $0.860213$ & $0.0633913$ & $-0.675131$ & $-0.412039$ & $-0.480766$ & $0.415107$ & $0.294412$ & $0.0342847$ & $0.145101$ & $0.0760905$ & $-0.0748481$ & $0.167397$ & $0.551401$ & $0.0237703$ & $-0.0328181$ & $0.000765777$ & $-0.000113718$ & $0.0229692$ & $-0.0135591$ & $-0.000684937$ & $-0.0103378$ & $0.0560712$ & $-0.0269025$ & $-0.00338856$ & $0.0396126$ & $0.0147083$ & $-0.0214215$ & $0.028498$ \\
CHWHB_gagaorth & $0.0238656$ & $0.0327582$ & $0.017445$ & $-0.00881583$ & $0.00362629$ & $0.00815706$ & $0.0830719$ & $-0.579745$ & $-0.568553$ & $1$ & $0.376676$ & $0.199757$ & $-0.254097$ & $0.218422$ & $-0.137148$ & $-0.128867$ & $0.421291$ & $0.478096$ & $0.477294$ & $-0.365435$ & $-0.391166$ & $-0.385535$ & $-0.0413932$ & $0.551543$ & $0.466487$ & $0.209227$ & $-0.230404$ & $-0.135643$ & $0.00490002$ & $-0.138072$ & $-0.0703475$ & $0.0929276$ & $-0.162008$ & $-0.348179$ & $0.0121381$ & $0.0288234$ & $-0.00529057$ & $-0.0240449$ & $-0.0159907$ & $0.00429876$ & $-0.0591628$ & $0.0241464$ & $0.0144034$ & $0.00841353$ & $-0.0200722$ & $-0.0341401$ & $-0.0122252$ & $-0.00303051$ & $-0.0204842$ \\
CHD & $-0.0128289$ & $0.0421531$ & $-0.00230191$ & $-0.0123463$ & $-0.00892047$ & $0.167363$ & $0.0881802$ & $-0.879188$ & $-0.860133$ & $0.376676$ & $1$ & $0.055761$ & $-0.179948$ & $-0.498667$ & $-0.411225$ & $-0.401624$ & $-0.192316$ & $0.0808645$ & $0.0792275$ & $-0.990106$ & $-0.990859$ & $-0.969481$ & $-0.0262351$ & $0.324097$ & $0.0383872$ & $0.560039$ & $-0.296835$ & $-0.329652$ & $-0.0197628$ & $-0.075228$ & $-0.0394206$ & $0.0880374$ & $-0.0892576$ & $-0.376406$ & $-0.0149337$ & $0.0317885$ & $-0.0152766$ & $0.00671612$ & $-0.0145523$ & $0.0193779$ & $-0.000185943$ & $0.00848365$ & $0.00743359$ & $0.0202562$ & $-0.00317534$ & $-0.0260581$ & $-0.0115944$ & $0.0317731$ & $-0.0278057$ \\
CHbox & $-0.0192248$ & $0.00262692$ & $0.0157644$ & $-0.0363781$ & $0.00449231$ & $0.0461048$ & $-0.240065$ & $0.114259$ & $0.124456$ & $0.199757$ & $0.055761$ & $1$ & $0.777732$ & $-0.308951$ & $0.0219493$ & $0.00435796$ & $-0.348868$ & $-0.326511$ & $-0.317133$ & $-0.0467196$ & $-0.0505409$ & $-0.0454315$ & $-0.00503606$ & $-0.249936$ & $-0.32219$ & $0.040548$ & $0.0138969$ & $-0.0129661$ & $0.0555165$ & $0.348572$ & $0.13926$ & $-0.147986$ & $0.386489$ & $0.0637454$ & $0.090212$ & $0.0428595$ & $-0.0483095$ & $0.0145794$ & $-0.0211365$ & $-0.0109282$ & $-0.0405251$ & $0.00881423$ & $0.0321198$ & $-0.0277736$ & $0.00434658$ & $0.0025722$ & $0.0178198$ & $-0.00692747$ & $-0.0090847$ \\
CH & $-0.030191$ & $-0.0199695$ & $0.013419$ & $-0.0313502$ & $0.00291986$ & $0.0227625$ & $-0.319291$ & $0.366662$ & $0.357198$ & $-0.254097$ & $-0.179948$ & $0.777732$ & $1$ & $-0.2565$ & $0.0688794$ & $0.0571223$ & $-0.380475$ & $-0.396843$ & $-0.392652$ & $0.17477$ & $0.192115$ & $0.192101$ & $0.0260333$ & $-0.411704$ & $-0.391516$ & $-0.100097$ & $0.143067$ & $0.071514$ & $0.0415522$ & $0.286909$ & $0.141314$ & $-0.265365$ & $0.332265$ & $0.231836$ & $0.050319$ & $0.0228321$ & $-0.0467543$ & $0.0296204$ & $-0.00805191$ & $-0.0237354$ & $-0.0207118$ & $-0.0075762$ & $0.0286009$ & $-0.0448513$ & $0.0164358$ & $0.0208431$ & $0.0166289$ & $-0.00158056$ & $0.00927659$ \\
CHL1_11 & $0.0240329$ & $0.00256808$ & $0.0194551$ & $0.00976035$ & $0.012486$ & $0.0243142$ & $0.0654685$ & $0.0810043$ & $0.0725756$ & $0.218422$ & $-0.498667$ & $-0.308951$ & $-0.2565$ & $1$ & $0.240163$ & $0.258842$ & $0.660522$ & $0.606773$ & $0.593792$ & $0.514265$ & $0.460141$ & $0.443696$ & $-0.0495894$ & $0.470691$ & $0.599192$ & $-0.27826$ & $-0.0856773$ & $0.153221$ & $-0.00905718$ & $-0.0703651$ & $-0.0335718$ & $0.0410131$ & $-0.0651238$ & $-0.198822$ & $-0.0240747$ & $-0.0181661$ & $0.00750769$ & $-0.0211917$ & $0.00958023$ & $-0.0251834$ & $-0.0186265$ & $0.00360333$ & $-0.000324759$ & $-0.0143326$ & $-0.00640212$ & $-0.0128706$ & $-0.00226755$ & $-0.00876148$ & $0.0163385$ \\
CHL1_22 & $0.00784711$ & $-0.0168385$ & $0.00334315$ & $0.0164897$ & $-0.00452909$ & $-0.0764235$ & $-0.0331362$ & $0.29543$ & $0.294853$ & $-0.137148$ & $-0.411225$ & $0.0219493$ & $0.0688794$ & $0.240163$ & $1$ & $0.441218$ & $0.147309$ & $-0.463865$ & $-0.0498594$ & $0.478687$ & $0.326713$ & $0.315351$ & $-0.155475$ & $0.0943787$ & $-0.161457$ & $-0.205695$ & $-0.400419$ & $0.10862$ & $0.00132636$ & $0.0361238$ & $0.014234$ & $-0.0285935$ & $0.0423513$ & $-0.590775$ & $0.000557532$ & $-0.0288388$ & $-0.00541724$ & $-0.0102045$ & $0.00357569$ & $-0.00899455$ & $-0.0170307$ & $-0.00671282$ & $0.0149347$ & $0.00729377$ & $0.0121927$ & $-0.00297676$ & $-0.00589255$ & $-0.0309718$ & $0.0147503$ \\
CHL1_33 & $-0.00257333$ & $-0.020165$ & $-0.00420762$ & $0.00353373$ & $0.01495$ & $-0.058232$ & $-0.0381891$ & $0.279954$ & $0.272563$ & $-0.128867$ & $-0.401624$ & $0.00435796$ & $0.0571223$ & $0.258842$ & $0.441218$ & $1$ & $0.15281$ & $-0.0293619$ & $-0.442409$ & $0.466845$ & $0.318045$ & $0.337708$ & $-0.173069$ & $0.102849$ & $-0.146795$ & $-0.181591$ & $-0.406041$ & $0.101797$ & $0.00495634$ & $0.0333966$ & $0.0201514$ & $-0.0346683$ & $0.0407657$ & $-0.107155$ & $-0.00975135$ & $-0.0393402$ & $-0.00489378$ & $-0.00730766$ & $0.00862903$ & $0.00178727$ & $-0.0209744$ & $-0.0208838$ & $0.000581935$ & $0.0190815$ & $-0.0121791$ & $0.00958135$ & $-0.0085085$ & $-0.00938139$ & $0.0394662$ \\
CHL3_11 & $0.0297185$ & $0.0262525$ & $0.0121382$ & $0.0112889$ & $-0.00232571$ & $-0.258703$ & $0.0905849$ & $-0.263852$ & $-0.266513$ & $0.421291$ & $-0.192316$ & $-0.348868$ & $-0.380475$ & $0.660522$ & $0.147309$ & $0.15281$ & $1$ & $0.737355$ & $0.738477$ & $0.213352$ & $0.159785$ & $0.150294$ & $-0.0385561$ & $0.683745$ & $0.777344$ & $-0.116893$ & $-0.156949$ & $0.047952$ & $-0.0151375$ & $-0.0997598$ & $-0.0514865$ & $0.0645075$ & $-0.116706$ & $-0.255875$ & $-0.045901$ & $-0.015622$ & $0.0161831$ & $-0.0120769$ & $-0.00487439$ & $-0.00909042$ & $-0.0268739$ & $0.00889582$ & $-0.0110365$ & $0.0212503$ & $-0.015869$ & $-0.0336227$ & $-0.00758783$ & $-0.0118687$ & $-0.0105471$ \\
CHL3_22 & $0.021309$ & $0.0261153$ & $0.0124378$ & $-0.00399272$ & $0.00408115$ & $-0.0490044$ & $0.115549$ & $-0.446759$ & $-0.44798$ & $0.478096$ & $0.0808645$ & $-0.326511$ & $-0.396843$ & $0.606773$ & $-0.463865$ & $-0.0293619$ & $0.737355$ & $1$ & $0.676959$ & $-0.0866263$ & $-0.0748761$ & $-0.0735709$ & $0.0219821$ & $0.623844$ & $0.799864$ & $0.0326177$ & $0.00322544$ & $-0.0271236$ & $-0.0162593$ & $-0.117778$ & $-0.0585608$ & $0.0886334$ & $-0.131045$ & $0.0349851$ & $-0.0390689$ & $0.000931294$ & $0.0103512$ & $-0.0119874$ & $-0.0040343$ & $-0.00634789$ & $-0.0152537$ & $0.00835177$ & $-0.0147979$ & $0.00662802$ & $-0.0194436$ & $-0.0258043$ & $-0.00545993$ & $0.0153873$ & $-0.00756284$ \\
CHL3_33 & $0.0248423$ & $0.0326268$ & $0.0176458$ & $0.0104713$ & $-0.0131985$ & $-0.0634242$ & $0.119043$ & $-0.442223$ & $-0.439035$ & $0.477294$ & $0.0792275$ & $-0.317133$ & $-0.392652$ & $0.593792$ & $-0.0498594$ & $-0.442409$ & $0.738477$ & $0.676959$ & $1$ & $-0.0841634$ & $-0.0715868$ & $-0.0731817$ & $0.0357703$ & $0.62081$ & $0.801567$ & $0.0189948$ & $0.0171637$ & $-0.0264393$ & $-0.020759$ & $-0.116899$ & $-0.0606985$ & $0.092879$ & $-0.128653$ & $-0.331929$ & $-0.0333297$ & $0.0134949$ & $0.0130847$ & $-0.0108579$ & $-0.00758633$ & $-0.0154652$ & $-0.0161201$ & $0.0200085$ & $-0.0041415$ & $-0.00309807$ & $-0.000468059$ & $-0.0355778$ & $-0.00116105$ & $0.0014556$ & $-0.0225441$ \\
CHe_11 & $0.00383411$ & $-0.018129$ & $0.0101744$ & $0.0152955$ & $0.016538$ & $-0.164305$ & $-0.0841805$ & $0.851279$ & $0.833751$ & $-0.365435$ & $-0.990106$ & $-0.0467196$ & $0.17477$ & $0.514265$ & $0.478687$ & $0.466845$ & $0.213352$ & $-0.0866263$ & $-0.0841634$ & $1$ & $0.972126$ & $0.951859$ & $0.00140603$ & $-0.272173$ & $-0.035161$ & $-0.551058$ & $0.22088$ & $0.322866$ & $0.0187573$ & $0.0758209$ & $0.0388987$ & $-0.0831625$ & $0.0892115$ & $0.297021$ & $0.0129269$ & $-0.034196$ & $0.0179501$ & $-0.00773043$ & $0.0192094$ & $-0.0189545$ & $-0.00426095$ & $-0.00991774$ & $-0.00353709$ & $-0.0165505$ & $0.000268072$ & $0.0274059$ & $0.0119073$ & $-0.0336373$ & $0.0299659$ \\
CHe_22 & $0.00287165$ & $-0.0158468$ & $0.00879559$ & $0.0154202$ & $0.018032$ & $-0.170532$ & $-0.0911981$ & $0.895938$ & $0.87656$ & $-0.391166$ & $-0.990859$ & $-0.0505409$ & $0.192115$ & $0.460141$ & $0.326713$ & $0.318045$ & $0.159785$ & $-0.0748761$ & $-0.0715868$ & $0.972126$ & $1$ & $0.975114$ & $0.0529974$ & $-0.378996$ & $-0.0405732$ & $-0.560771$ & $0.379742$ & $0.332147$ & $0.0211503$ & $0.0767827$ & $0.0422594$ & $-0.0910591$ & $0.0900655$ & $0.463055$ & $0.0154638$ & $-0.0262004$ & $0.0228246$ & $-0.00428435$ & $0.0188215$ & $-0.0194712$ & $0.00128865$ & $-0.00676696$ & $-0.00597764$ & $-0.0221384$ & $-0.000843363$ & $0.02941$ & $0.0163209$ & $-0.0309781$ & $0.0252457$ \\
CHe_33 & $-0.000795974$ & $-0.00829567$ & $0.00660206$ & $0.0223293$ & $0.0169625$ & $-0.166226$ & $-0.0931096$ & $0.879524$ & $0.860213$ & $-0.385535$ & $-0.969481$ & $-0.0454315$ & $0.192101$ & $0.443696$ & $0.315351$ & $0.337708$ & $0.150294$ & $-0.0735709$ & $-0.0731817$ & $0.951859$ & $0.975114$ & $1$ & $0.0518918$ & $-0.375941$ & $-0.0428502$ & $-0.547679$ & $0.373672$ & $0.323118$ & $0.0208679$ & $0.0761202$ & $0.0420291$ & $-0.0930033$ & $0.0903718$ & $0.462055$ & $0.0155317$ & $-0.0208907$ & $0.0232047$ & $-0.00487167$ & $0.0187234$ & $-0.0176954$ & $0.000187378$ & $-0.00838343$ & $-0.00627331$ & $-0.0207845$ & $0.0028605$ & $0.0280154$ & $0.0181828$ & $-0.0266073$ & $0.0290356$ \\
CHQ1_11 & $0.0114099$ & $0.0156193$ & $-0.0204257$ & $0.00109707$ & $-0.00295717$ & $-0.0308595$ & $-0.023574$ & $0.064614$ & $0.0633913$ & $-0.0413932$ & $-0.0262351$ & $-0.00503606$ & $0.0260333$ & $-0.0495894$ & $-0.155475$ & $-0.173069$ & $-0.0385561$ & $0.0219821$ & $0.0357703$ & $0.00140603$ & $0.0529974$ & $0.0518918$ & $1$ & $-0.119157$ & $0.102795$ & $-0.688101$ & $0.33839$ & $0.0166698$ & $-0.00661223$ & $0.000498959$ & $0.00738494$ & $-0.0202153$ & $0.00236967$ & $0.188199$ & $-0.000324304$ & $0.00832951$ & $-0.0180121$ & $0.00784745$ & $0.0135513$ & $-0.0237892$ & $0.00647492$ & $-0.0112798$ & $-0.0171248$ & $-0.0120485$ & $-0.00306001$ & $0.000663857$ & $-0.00142917$ & $-0.0128036$ & $-0.0167546$ \\
CHQ1_33 & $-0.0345876$ & $0.0171865$ & $0.00625627$ & $0.00479686$ & $-0.00645585$ & $-0.00791541$ & $0.129803$ & $-0.684383$ & $-0.675131$ & $0.551543$ & $0.324097$ & $-0.249936$ & $-0.411704$ & $0.470691$ & $0.0943787$ & $0.102849$ & $0.683745$ & $0.623844$ & $0.62081$ & $-0.272173$ & $-0.378996$ & $-0.375941$ & $-0.119157$ & $1$ & $0.640649$ & $0.191266$ & $-0.422094$ & $-0.0270089$ & $-0.0316579$ & $-0.120046$ & $-0.0616309$ & $0.112889$ & $-0.128714$ & $-0.630886$ & $-0.0346538$ & $0.0017911$ & $-0.00818037$ & $-0.0180958$ & $-0.00777749$ & $0.00279199$ & $-0.0302753$ & $0.00485195$ & $0.00506655$ & $0.0121367$ & $-0.0120915$ & $-0.0364679$ & $-0.0143372$ & $0.0024979$ & $0.000423175$ \\
CHQ3_11 & $-0.0834875$ & $0.0397211$ & $0.00580744$ & $0.00349296$ & $-0.00190908$ & $-0.0892846$ & $0.101833$ & $-0.415243$ & $-0.412039$ & $0.466487$ & $0.0383872$ & $-0.32219$ & $-0.391516$ & $0.599192$ & $-0.161457$ & $-0.146795$ & $0.777344$ & $0.799864$ & $0.801567$ & $-0.035161$ & $-0.0405732$ & $-0.0428502$ & $0.102795$ & $0.640649$ & $1$ & $0.00996584$ & $0.21723$ & $-0.0203096$ & $-0.0178841$ & $-0.118608$ & $-0.0592304$ & $0.074547$ & $-0.13556$ & $-0.187278$ & $-0.0350583$ & $0.0142452$ & $0.00997505$ & $-0.00270445$ & $-0.00435853$ & $-0.0124972$ & $-0.0243152$ & $0.0177978$ & $-0.0166071$ & $0.012062$ & $-0.0089584$ & $-0.039379$ & $-0.0146285$ & $0.00209837$ & $-0.0284671$ \\
CHu_11 & $-0.0460297$ & $-0.0105814$ & $0.00684284$ & $-0.0111788$ & $-0.00815574$ & $0.10912$ & $0.0630132$ & $-0.492967$ & $-0.480766$ & $0.209227$ & $0.560039$ & $0.040548$ & $-0.100097$ & $-0.27826$ & $-0.205695$ & $-0.181591$ & $-0.116893$ & $0.0326177$ & $0.0189948$ & $-0.551058$ & $-0.560771$ & $-0.547679$ & $-0.688101$ & $0.191266$ & $0.00996584$ & $1$ & $-0.169629$ & $-0.185941$ & $-0.00771647$ & $-0.039804$ & $-0.0292827$ & $0.0594299$ & $-0.0403376$ & $-0.236631$ & $0.00326294$ & $0.0203987$ & $-0.00284942$ & $0.00251158$ & $-0.0252784$ & $0.0182148$ & $0.00185525$ & $0.00694463$ & $-0.00196775$ & $0.0260255$ & $0.00212403$ & $-0.0117456$ & $-0.0135376$ & $0.0366103$ & $0.00171442$ \\
CHd_11 & $-0.0342999$ & $0.0110638$ & $-0.00853896$ & $-0.0030633$ & $0.0078313$ & $-0.0743525$ & $-0.0674248$ & $0.421546$ & $0.415107$ & $-0.230404$ & $-0.296835$ & $0.0138969$ & $0.143067$ & $-0.0856773$ & $-0.400419$ & $-0.406041$ & $-0.156949$ & $0.00322544$ & $0.0171637$ & $0.22088$ & $0.379742$ & $0.373672$ & $0.33839$ & $-0.422094$ & $0.21723$ & $-0.169629$ & $1$ & $0.112296$ & $0.00975481$ & $0.0371138$ & $0.0222645$ & $-0.0656827$ & $0.0422728$ & $0.686424$ & $0.0221788$ & $0.0323183$ & $0.0147125$ & $0.0200701$ & $0.0111224$ & $-0.00315039$ & $0.0198419$ & $0.00473706$ & $-0.0242392$ & $-0.0203806$ & $0.00610985$ & $0.0190668$ & $0.00531077$ & $-0.000859474$ & $-0.0158304$ \\
CHd_33 & $0.00185378$ & $-0.0156838$ & $-0.0236092$ & $0.0310129$ & $0.00784193$ & $-0.0537213$ & $-0.0289949$ & $0.300282$ & $0.294412$ & $-0.135643$ & $-0.329652$ & $-0.0129661$ & $0.071514$ & $0.153221$ & $0.10862$ & $0.101797$ & $0.047952$ & $-0.0271236$ & $-0.0264393$ & $0.322866$ & $0.332147$ & $0.323118$ & $0.0166698$ & $-0.0270089$ & $-0.0203096$ & $-0.185941$ & $0.112296$ & $1$ & $0.00999584$ & $0.0257538$ & $0.0194412$ & $-0.0259015$ & $0.0477979$ & $0.155874$ & $0.0130875$ & $-0.0016201$ & $-0.011731$ & $-0.00753407$ & $0.0259722$ & $-0.0310298$ & $-0.00312204$ & $-0.0202602$ & $0.0245452$ & $-0.013857$ & $-0.0254373$ & $0.00315651$ & $0.0137561$ & $-0.0140815$ & $0.0427863$ \\
CeH_22r & $-0.00178413$ & $-0.00240798$ & $0.0111362$ & $-0.00212388$ & $0.00908712$ & $0.000576244$ & $0.0243973$ & $0.0276685$ & $0.0342847$ & $0.00490002$ & $-0.0197628$ & $0.0555165$ & $0.0415522$ & $-0.00905718$ & $0.00132636$ & $0.00495634$ & $-0.0151375$ & $-0.0162593$ & $-0.020759$ & $0.0187573$ & $0.0211503$ & $0.0208679$ & $-0.00661223$ & $-0.0316579$ & $-0.0178841$ & $-0.00771647$ & $0.00975481$ & $0.00999584$ & $1$ & $0.0403265$ & $0.0189225$ & $0.0092962$ & $0.0494448$ & $0.0218071$ & $-0.0180048$ & $-0.00366251$ & $-0.015049$ & $0.00162184$ & $0.00519002$ & $-0.00083277$ & $0.0166344$ & $-0.00824408$ & $-0.0151626$ & $0.0233391$ & $0.00711468$ & $0.00635256$ & $-0.00382917$ & $0.00131854$ & $0.012018$ \\
CeH_33r & $-0.00253581$ & $-0.0247681$ & $-0.0070754$ & $-0.0129053$ & $0.0141585$ & $-0.0080704$ & $-0.127423$ & $0.124959$ & $0.145101$ & $-0.138072$ & $-0.075228$ & $0.348572$ & $0.286909$ & $-0.0703651$ & $0.0361238$ & $0.0333966$ & $-0.0997598$ & $-0.117778$ & $-0.116899$ & $0.0758209$ & $0.0767827$ & $0.0761202$ & $0.000498959$ & $-0.120046$ & $-0.118608$ & $-0.039804$ & $0.0371138$ & $0.0257538$ & $0.0403265$ & $1$ & $0.319381$ & $0.0221714$ & $0.635691$ & $0.0700339$ & $-0.0141887$ & $-0.00508426$ & $-0.172825$ & $-0.0200171$ & $-0.020475$ & $-0.00540273$ & $0.0243294$ & $-0.00057844$ & $-0.00235809$ & $-0.0182921$ & $0.0670787$ & $0.0295581$ & $-0.0363438$ & $-0.0272374$ & $-0.0447039$ \\
CuH_22r & $-0.0193316$ & $0.0392559$ & $0.0087028$ & $0.00914385$ & $0.0236814$ & $0.0020642$ & $-0.0836982$ & $0.0644973$ & $0.0760905$ & $-0.0703475$ & $-0.0394206$ & $0.13926$ & $0.141314$ & $-0.0335718$ & $0.014234$ & $0.0201514$ & $-0.0514865$ & $-0.0585608$ & $-0.0606985$ & $0.0388987$ & $0.0422594$ & $0.0420291$ & $0.00738494$ & $-0.0616309$ & $-0.0592304$ & $-0.0292827$ & $0.0222645$ & $0.0194412$ & $0.0189225$ & $0.319381$ & $1$ & $0.00742705$ & $0.33932$ & $0.0428811$ & $-0.00288877$ & $0.0767273$ & $-0.0314636$ & $-0.00880933$ & $0.0702936$ & $0.00160181$ & $0.020935$ & $-0.0072903$ & $0.0557199$ & $-0.0391475$ & $-0.0111435$ & $0.0153193$ & $0.330094$ & $-0.0117792$ & $-0.011374$ \\
CuH_33r & $-0.0191441$ & $0.00129591$ & $0.0306501$ & $0.0393171$ & $-0.0202451$ & $-0.00331596$ & $0.939044$ & $-0.123083$ & $-0.0748481$ & $0.0929276$ & $0.0880374$ & $-0.147986$ & $-0.265365$ & $0.0410131$ & $-0.0285935$ & $-0.0346683$ & $0.0645075$ & $0.0886334$ & $0.092879$ & $-0.0831625$ & $-0.0910591$ & $-0.0930033$ & $-0.0202153$ & $0.112889$ & $0.074547$ & $0.0594299$ & $-0.0656827$ & $-0.0259015$ & $0.0092962$ & $0.0221714$ & $0.00742705$ & $1$ & $0.0302707$ & $-0.0800351$ & $0.0319153$ & $0.0253383$ & $-0.0579576$ & $-0.026783$ & $0.0454264$ & $-0.00962748$ & $-0.0357201$ & $-0.00209127$ & $0.0416625$ & $0.0062338$ & $-0.0453442$ & $0.0187189$ & $-6.76718e-05$ & $0.0153854$ & $0.00460305$ \\
CdH_33r & $0.00144631$ & $-0.0374275$ & $0.0313163$ & $0.0725449$ & $0.0195243$ & $0.00434368$ & $-0.144059$ & $0.143982$ & $0.167397$ & $-0.162008$ & $-0.0892576$ & $0.386489$ & $0.332265$ & $-0.0651238$ & $0.0423513$ & $0.0407657$ & $-0.116706$ & $-0.131045$ & $-0.128653$ & $0.0892115$ & $0.0900655$ & $0.0903718$ & $0.00236967$ & $-0.128714$ & $-0.13556$ & $-0.0403376$ & $0.0422728$ & $0.0477979$ & $0.0494448$ & $0.635691$ & $0.33932$ & $0.0302707$ & $1$ & $0.0751563$ & $-0.00340339$ & $-0.0333301$ & $-0.145668$ & $-0.0211664$ & $0.0415605$ & $-0.00870391$ & $-0.0397945$ & $-0.0159581$ & $0.0425977$ & $-0.0177779$ & $-0.0148755$ & $0.0744373$ & $-0.0584739$ & $0.195134$ & $0.448655$ \\
CLL_1221 & $-0.0127758$ & $0.0220515$ & $-0.00273584$ & $1.10517e-06$ & $0.0146101$ & $-0.108424$ & $-0.0872029$ & $0.565424$ & $0.551401$ & $-0.348179$ & $-0.376406$ & $0.0637454$ & $0.231836$ & $-0.198822$ & $-0.590775$ & $-0.107155$ & $-0.255875$ & $0.0349851$ & $-0.331929$ & $0.297021$ & $0.463055$ & $0.462055$ & $0.188199$ & $-0.630886$ & $-0.187278$ & $-0.236631$ & $0.686424$ & $0.155874$ & $0.0218071$ & $0.0700339$ & $0.0428811$ & $-0.0800351$ & $0.0751563$ & $1$ & $0.0200527$ & $0.00945434$ & $0.0223123$ & $0.0127815$ & $0.0155023$ & $0.00248308$ & $0.022461$ & $-0.00410835$ & $-0.0134796$ & $-0.0158668$ & $-0.0132742$ & $0.0348719$ & $0.0219954$ & $-0.00123593$ & $0.00454003$ \\
eHggint & $-0.043684$ & $-0.0827354$ & $-0.0751658$ & $-0.0279163$ & $0.00412314$ & $0.0318146$ & $-0.0541567$ & $0.0366394$ & $0.0237703$ & $0.0121381$ & $-0.0149337$ & $0.090212$ & $0.050319$ & $-0.0240747$ & $0.000557532$ & $-0.00975135$ & $-0.045901$ & $-0.0390689$ & $-0.0333297$ & $0.0129269$ & $0.0154638$ & $0.0155317$ & $-0.000324304$ & $-0.0346538$ & $-0.0350583$ & $0.00326294$ & $0.0221788$ & $0.0130875$ & $-0.0180048$ & $-0.0141887$ & $-0.00288877$ & $0.0319153$ & $-0.00340339$ & $0.0200527$ & $1$ & $-0.0911032$ & $-0.0791423$ & $-0.0110034$ & $-0.0845433$ & $-0.0221384$ & $-0.0340552$ & $-0.0031552$ & $0.0782228$ & $-0.0641316$ & $0.0837854$ & $0.00676835$ & $0.0503839$ & $-0.0344696$ & $0.0275398$ \\
eHggpar & $-0.0165054$ & $0.0734568$ & $0.0764019$ & $-0.0238748$ & $-0.00580952$ & $-0.00526869$ & $-0.0110196$ & $-0.0226959$ & $-0.0328181$ & $0.0288234$ & $0.0317885$ & $0.0428595$ & $0.0228321$ & $-0.0181661$ & $-0.0288388$ & $-0.0393402$ & $-0.015622$ & $0.000931294$ & $0.0134949$ & $-0.034196$ & $-0.0262004$ & $-0.0208907$ & $0.00832951$ & $0.0017911$ & $0.0142452$ & $0.0203987$ & $0.0323183$ & $-0.0016201$ & $-0.00366251$ & $-0.00508426$ & $0.0767273$ & $0.0253383$ & $-0.0333301$ & $0.00945434$ & $-0.0911032$ & $1$ & $-0.139425$ & $-0.00372604$ & $-0.0261108$ & $-0.000629661$ & $-0.016129$ & $-0.0176625$ & $-0.0295505$ & $-0.0408493$ & $-0.00906007$ & $-0.155961$ & $0.230183$ & $-0.0229949$ & $-0.0682457$ \\
eHWWint & $0.00829733$ & $0.12209$ & $0.0239392$ & $-0.0020064$ & $0.0185065$ & $0.00638259$ & $-0.00681944$ & $0.00929135$ & $0.000765777$ & $-0.00529057$ & $-0.0152766$ & $-0.0483095$ & $-0.0467543$ & $0.00750769$ & $-0.00541724$ & $-0.00489378$ & $0.0161831$ & $0.0103512$ & $0.0130847$ & $0.0179501$ & $0.0228246$ & $0.0232047$ & $-0.0180121$ & $-0.00818037$ & $0.00997505$ & $-0.00284942$ & $0.0147125$ & $-0.011731$ & $-0.015049$ & $-0.172825$ & $-0.0314636$ & $-0.0579576$ & $-0.145668$ & $0.0223123$ & $-0.0791423$ & $-0.139425$ & $1$ & $-0.00193113$ & $-0.0926794$ & $0.0184753$ & $-0.0184861$ & $0.0198939$ & $-0.0366943$ & $0.0821058$ & $-0.0693925$ & $-0.00254686$ & $0.177634$ & $0.100564$ & $0.0638322$ \\
eHWWpar & $0.00218028$ & $0.00221098$ & $0.0109445$ & $-0.00348112$ & $0.00124573$ & $-0.00904825$ & $-0.0188203$ & $0.00308619$ & $-0.000113718$ & $-0.0240449$ & $0.00671612$ & $0.0145794$ & $0.0296204$ & $-0.0211917$ & $-0.0102045$ & $-0.00730766$ & $-0.0120769$ & $-0.0119874$ & $-0.0108579$ & $-0.00773043$ & $-0.00428435$ & $-0.00487167$ & $0.00784745$ & $-0.0180958$ & $-0.00270445$ & $0.00251158$ & $0.0200701$ & $-0.00753407$ & $0.00162184$ & $-0.0200171$ & $-0.00880933$ & $-0.026783$ & $-0.0211664$ & $0.0127815$ & $-0.0110034$ & $-0.00372604$ & $-0.00193113$ & $1$ & $-0.00922361$ & $0.0232711$ & $0.0298066$ & $-0.000910264$ & $-0.0108831$ & $-0.0283262$ & $0.00856641$ & $-0.000530305$ & $0.0104055$ & $0.0111421$ & $-0.0154484$ \\
eHZZint & $0.0258692$ & $0.15301$ & $-0.0022751$ & $0.0405334$ & $0.00751192$ & $0.0145453$ & $0.0428913$ & $0.0131809$ & $0.0229692$ & $-0.0159907$ & $-0.0145523$ & $-0.0211365$ & $-0.00805191$ & $0.00958023$ & $0.00357569$ & $0.00862903$ & $-0.00487439$ & $-0.0040343$ & $-0.00758633$ & $0.0192094$ & $0.0188215$ & $0.0187234$ & $0.0135513$ & $-0.00777749$ & $-0.00435853$ & $-0.0252784$ & $0.0111224$ & $0.0259722$ & $0.00519002$ & $-0.020475$ & $0.0702936$ & $0.0454264$ & $0.0415605$ & $0.0155023$ & $-0.0845433$ & $-0.0261108$ & $-0.0926794$ & $-0.00922361$ & $1$ & $0.0155528$ & $0.0310904$ & $-0.0102651$ & $0.0724259$ & $-0.0843336$ & $-0.215096$ & $0.0577964$ & $0.122906$ & $-0.11389$ & $0.0940001$ \\
eHZZpar & $0.0425645$ & $0.00973415$ & $0.0145392$ & $-0.000481799$ & $0.00181931$ & $-0.000402635$ & $-0.00486621$ & $-0.0120804$ & $-0.0135591$ & $0.00429876$ & $0.0193779$ & $-0.0109282$ & $-0.0237354$ & $-0.0251834$ & $-0.00899455$ & $0.00178727$ & $-0.00909042$ & $-0.00634789$ & $-0.0154652$ & $-0.0189545$ & $-0.0194712$ & $-0.0176954$ & $-0.0237892$ & $0.00279199$ & $-0.0124972$ & $0.0182148$ & $-0.00315039$ & $-0.0310298$ & $-0.00083277$ & $-0.00540273$ & $0.00160181$ & $-0.00962748$ & $-0.00870391$ & $0.00248308$ & $-0.0221384$ & $-0.000629661$ & $0.0184753$ & $0.0232711$ & $0.0155528$ & $1$ & $0.0174832$ & $-0.00502732$ & $-0.0377127$ & $0.0177023$ & $0.0087338$ & $0.00526282$ & $0.0294911$ & $0.000978424$ & $-0.0124159$ \\
eHZgaint & $0.0601246$ & $0.00669387$ & $-0.115806$ & $-0.0841978$ & $0.000629649$ & $0.0012171$ & $-0.029016$ & $0.0124222$ & $-0.000684937$ & $-0.0591628$ & $-0.000185943$ & $-0.0405251$ & $-0.0207118$ & $-0.0186265$ & $-0.0170307$ & $-0.0209744$ & $-0.0268739$ & $-0.0152537$ & $-0.0161201$ & $-0.00426095$ & $0.00128865$ & $0.000187378$ & $0.00647492$ & $-0.0302753$ & $-0.0243152$ & $0.00185525$ & $0.0198419$ & $-0.00312204$ & $0.0166344$ & $0.0243294$ & $0.020935$ & $-0.0357201$ & $-0.0397945$ & $0.022461$ & $-0.0340552$ & $-0.016129$ & $-0.0184861$ & $0.0298066$ & $0.0310904$ & $0.0174832$ & $1$ & $0.00168725$ & $-0.198292$ & $0.0824478$ & $0.258157$ & $0.0949516$ & $0.070696$ & $0.00963171$ & $-0.0724654$ \\
eHZgapar & $-0.0293033$ & $-0.00221701$ & $-0.0046008$ & $-0.019473$ & $0.00848755$ & $-0.00105788$ & $0.00364996$ & $-0.0111213$ & $-0.0103378$ & $0.0241464$ & $0.00848365$ & $0.00881423$ & $-0.0075762$ & $0.00360333$ & $-0.00671282$ & $-0.0208838$ & $0.00889582$ & $0.00835177$ & $0.0200085$ & $-0.00991774$ & $-0.00676696$ & $-0.00838343$ & $-0.0112798$ & $0.00485195$ & $0.0177978$ & $0.00694463$ & $0.00473706$ & $-0.0202602$ & $-0.00824408$ & $-0.00057844$ & $-0.0072903$ & $-0.00209127$ & $-0.0159581$ & $-0.00410835$ & $-0.0031552$ & $-0.0176625$ & $0.0198939$ & $-0.000910264$ & $-0.0102651$ & $-0.00502732$ & $0.00168725$ & $1$ & $0.0165694$ & $0.0240288$ & $-0.018196$ & $0.00698245$ & $0.0100277$ & $0.0136818$ & $-0.0124663$ \\
eHgagaint & $-0.0135224$ & $0.130885$ & $0.0121431$ & $0.0226178$ & $-0.00607453$ & $0.0245676$ & $0.0285121$ & $-0.00702788$ & $0.0560712$ & $0.0144034$ & $0.00743359$ & $0.0321198$ & $0.0286009$ & $-0.000324759$ & $0.0149347$ & $0.000581935$ & $-0.0110365$ & $-0.0147979$ & $-0.0041415$ & $-0.00353709$ & $-0.00597764$ & $-0.00627331$ & $-0.0171248$ & $0.00506655$ & $-0.0166071$ & $-0.00196775$ & $-0.0242392$ & $0.0245452$ & $-0.0151626$ & $-0.00235809$ & $0.0557199$ & $0.0416625$ & $0.0425977$ & $-0.0134796$ & $0.0782228$ & $-0.0295505$ & $-0.0366943$ & $-0.0108831$ & $0.0724259$ & $-0.0377127$ & $-0.198292$ & $0.0165694$ & $1$ & $-0.00355915$ & $-0.179288$ & $-0.00301849$ & $0.11716$ & $0.0842311$ & $0.0129112$ \\
eHmumuint & $-0.00926014$ & $0.0794302$ & $-0.0408584$ & $-0.1198$ & $-0.0154832$ & $-9.44791e-05$ & $0.0141103$ & $-0.027545$ & $-0.0269025$ & $0.00841353$ & $0.0202562$ & $-0.0277736$ & $-0.0448513$ & $-0.0143326$ & $0.00729377$ & $0.0190815$ & $0.0212503$ & $0.00662802$ & $-0.00309807$ & $-0.0165505$ & $-0.0221384$ & $-0.0207845$ & $-0.0120485$ & $0.0121367$ & $0.012062$ & $0.0260255$ & $-0.0203806$ & $-0.013857$ & $0.0233391$ & $-0.0182921$ & $-0.0391475$ & $0.0062338$ & $-0.0177779$ & $-0.0158668$ & $-0.0641316$ & $-0.0408493$ & $0.0821058$ & $-0.0283262$ & $-0.0843336$ & $0.0177023$ & $0.0824478$ & $0.0240288$ & $-0.00355915$ & $1$ & $-0.118261$ & $-0.0510149$ & $-0.0681366$ & $0.138221$ & $-0.0492327$ \\
eHtautauint & $0.0219235$ & $-0.104291$ & $-0.0513081$ & $-0.132968$ & $0.00363319$ & $-0.00454103$ & $-0.0447865$ & $0.00923813$ & $-0.00338856$ & $-0.0200722$ & $-0.00317534$ & $0.00434658$ & $0.0164358$ & $-0.00640212$ & $0.0121927$ & $-0.0121791$ & $-0.015869$ & $-0.0194436$ & $-0.000468059$ & $0.000268072$ & $-0.000843363$ & $0.0028605$ & $-0.00306001$ & $-0.0120915$ & $-0.0089584$ & $0.00212403$ & $0.00610985$ & $-0.0254373$ & $0.00711468$ & $0.0670787$ & $-0.0111435$ & $-0.0453442$ & $-0.0148755$ & $-0.0132742$ & $0.0837854$ & $-0.00906007$ & $-0.0693925$ & $0.00856641$ & $-0.215096$ & $0.0087338$ & $0.258157$ & $-0.018196$ & $-0.179288$ & $-0.118261$ & $1$ & $0.0892951$ & $-0.111786$ & $-0.0780142$ & $-0.00200167$ \\
eHccint & $0.0371909$ & $0.0615277$ & $0.0982834$ & $-0.0865429$ & $0.0255455$ & $-0.00491119$ & $0.019886$ & $0.0398084$ & $0.0396126$ & $-0.0341401$ & $-0.0260581$ & $0.0025722$ & $0.0208431$ & $-0.0128706$ & $-0.00297676$ & $0.00958135$ & $-0.0336227$ & $-0.0258043$ & $-0.0355778$ & $0.0274059$ & $0.02941$ & $0.0280154$ & $0.000663857$ & $-0.0364679$ & $-0.039379$ & $-0.0117456$ & $0.0190668$ & $0.00315651$ & $0.00635256$ & $0.0295581$ & $0.0153193$ & $0.0187189$ & $0.0744373$ & $0.0348719$ & $0.00676835$ & $-0.155961$ & $-0.00254686$ & $-0.000530305$ & $0.0577964$ & $0.00526282$ & $0.0949516$ & $0.00698245$ & $-0.00301849$ & $-0.0510149$ & $0.0892951$ & $1$ & $-0.144411$ & $0.0541864$ & $0.130731$ \\
eHccpar & $-0.00793339$ & $0.082195$ & $-0.0106973$ & $0.0378184$ & $0.023295$ & $-0.00223586$ & $-0.010918$ & $0.0149153$ & $0.0147083$ & $-0.0122252$ & $-0.0115944$ & $0.0178198$ & $0.0166289$ & $-0.00226755$ & $-0.00589255$ & $-0.0085085$ & $-0.00758783$ & $-0.00545993$ & $-0.00116105$ & $0.0119073$ & $0.0163209$ & $0.0181828$ & $-0.00142917$ & $-0.0143372$ & $-0.0146285$ & $-0.0135376$ & $0.00531077$ & $0.0137561$ & $-0.00382917$ & $-0.0363438$ & $0.330094$ & $-6.76718e-05$ & $-0.0584739$ & $0.0219954$ & $0.0503839$ & $0.230183$ & $0.177634$ & $0.0104055$ & $0.122906$ & $0.0294911$ & $0.070696$ & $0.0100277$ & $0.11716$ & $-0.0681366$ & $-0.111786$ & $-0.144411$ & $1$ & $-0.0380905$ & $-0.0460052$ \\
eHbbint & $0.0541071$ & $-0.00966079$ & $0.0765987$ & $-0.0204294$ & $-0.00193329$ & $0.0149456$ & $0.0215328$ & $-0.0280909$ & $-0.0214215$ & $-0.00303051$ & $0.0317731$ & $-0.00692747$ & $-0.00158056$ & $-0.00876148$ & $-0.0309718$ & $-0.00938139$ & $-0.0118687$ & $0.0153873$ & $0.0014556$ & $-0.0336373$ & $-0.0309781$ & $-0.0266073$ & $-0.0128036$ & $0.0024979$ & $0.00209837$ & $0.0366103$ & $-0.000859474$ & $-0.0140815$ & $0.00131854$ & $-0.0272374$ & $-0.0117792$ & $0.0153854$ & $0.195134$ & $-0.00123593$ & $-0.0344696$ & $-0.0229949$ & $0.100564$ & $0.0111421$ & $-0.11389$ & $0.000978424$ & $0.00963171$ & $0.0136818$ & $0.0842311$ & $0.138221$ & $-0.0780142$ & $0.0541864$ & $-0.0380905$ & $1$ & $0.157846$ \\
eHbbpar & $0.0196912$ & $-0.0478213$ & $0.0456359$ & $0.1939$ & $0.0357292$ & $0.019028$ & $0.0093318$ & $0.0287725$ & $0.028498$ & $-0.0204842$ & $-0.0278057$ & $-0.0090847$ & $0.00927659$ & $0.0163385$ & $0.0147503$ & $0.0394662$ & $-0.0105471$ & $-0.00756284$ & $-0.0225441$ & $0.0299659$ & $0.0252457$ & $0.0290356$ & $-0.0167546$ & $0.000423175$ & $-0.0284671$ & $0.00171442$ & $-0.0158304$ & $0.0427863$ & $0.012018$ & $-0.0447039$ & $-0.011374$ & $0.00460305$ & $0.448655$ & $0.00454003$ & $0.0275398$ & $-0.0682457$ & $0.0638322$ & $-0.0154484$ & $0.0940001$ & $-0.0124159$ & $-0.0724654$ & $-0.0124663$ & $0.0129112$ & $-0.0492327$ & $-0.00200167$ & $0.130731$ & $-0.0460052$ & $0.157846$ & $1$ \\
