 & AlsMz & dAle5Mz & mtop & mHl & Mz & CW & CHG & CHWB & CHWHB_gaga & CHWHB_gagaorth & CHD & CHbox & CH & CHL1_11 & CHL1_22 & CHL1_33 & CHL3_11 & CHL3_22 & CHL3_33 & CHe_11 & CHe_22 & CHe_33 & CHQ1_11 & CHQ1_33 & CHQ3_11 & CHu_11 & CHd_11 & CHd_33 & CeH_22r & CeH_33r & CuH_22r & CuH_33r & CdH_33r & CLL_1221 & eHggint & eHggpar & eHWWint & eHWWpar & eHZZint & eHZZpar & eHZgaint & eHZgapar & eHgagaint & eHmumuint & eHtautauint & eHccint & eHccpar & eHbbint & eHbbpar \\
AlsMz & $1$ & $-0.086149$ & $0.0398194$ & $0.0222619$ & $-0.00793542$ & $-0.0415157$ & $-0.0179987$ & $0.00264958$ & $0.00203572$ & $0.0199244$ & $-0.0184565$ & $0.00848477$ & $0.00252087$ & $0.00401937$ & $0.00217145$ & $-0.000588311$ & $0.0264107$ & $0.0142033$ & $0.0154702$ & $0.00746952$ & $0.00749583$ & $0.00998542$ & $-0.0385815$ & $-0.0483073$ & $-0.107287$ & $-0.0404433$ & $-0.0363617$ & $0.00949018$ & $-0.0184091$ & $0.0269651$ & $-0.000838791$ & $-0.00826222$ & $0.00233283$ & $0.00123168$ & $0.05527$ & $0.0671751$ & $-0.0251365$ & $0.00119498$ & $0.0153006$ & $-0.0155308$ & $0.0479913$ & $-0.0264093$ & $-0.0360528$ & $0.0339043$ & $0.00485226$ & $-0.133306$ & $0.144966$ & $0.0558841$ & $-0.00476295$ \\
dAle5Mz & $-0.086149$ & $1$ & $-0.0224538$ & $0.050412$ & $-0.0144547$ & $0.0305677$ & $-0.035106$ & $-0.0746753$ & $-0.0672605$ & $0.0238981$ & $0.0592345$ & $0.0109365$ & $0.00794845$ & $-0.0164036$ & $-0.032907$ & $-0.0362859$ & $0.0186059$ & $0.0257849$ & $0.0287701$ & $-0.0402796$ & $-0.0334439$ & $-0.0392414$ & $0.00251447$ & $0.0298338$ & $0.0351042$ & $0.0290216$ & $0.0131584$ & $-0.0190481$ & $0.000641584$ & $0.00763729$ & $0.0146995$ & $-0.0268577$ & $0.0907744$ & $0.0251351$ & $0.0192039$ & $-0.0340667$ & $-0.0191001$ & $0.0312527$ & $-0.0348516$ & $-0.0209904$ & $0.0488981$ & $-0.0257213$ & $0.117828$ & $-0.102054$ & $0.10169$ & $0.00891289$ & $-0.0110827$ & $-0.00298173$ & $0.155574$ \\
mtop & $0.0398194$ & $-0.0224538$ & $1$ & $0.000527685$ & $-0.020158$ & $0.00264005$ & $-0.0181229$ & $-0.0345278$ & $-0.0516965$ & $0.00622279$ & $0.0407811$ & $-0.00385478$ & $-0.0189185$ & $0.00026682$ & $-0.0122292$ & $0.0163169$ & $-0.00741175$ & $0.014097$ & $-0.0114514$ & $-0.0304418$ & $-0.0371453$ & $-0.0344991$ & $-0.0375703$ & $0.0229987$ & $0.0121512$ & $0.0513071$ & $-0.0167617$ & $0.00438497$ & $-0.0195054$ & $0.0166909$ & $-0.000706218$ & $-0.0110038$ & $0.0264942$ & $-0.0222484$ & $0.0703259$ & $-0.0916717$ & $-0.147608$ & $-0.00591917$ & $0.119715$ & $-0.0123352$ & $0.000446929$ & $0.0698012$ & $-0.109175$ & $-0.081533$ & $0.0104216$ & $-0.0474497$ & $-0.0100149$ & $0.0128053$ & $-0.0109688$ \\
mHl & $0.0222619$ & $0.050412$ & $0.000527685$ & $1$ & $0.043519$ & $0.00109146$ & $0.03332$ & $-0.00868336$ & $0.0045604$ & $0.0230724$ & $0.00406074$ & $0.00808654$ & $-0.00507515$ & $0.000373128$ & $0.00644168$ & $-0.0043411$ & $0.01804$ & $0.00704492$ & $0.0157245$ & $0.000305853$ & $0.000251821$ & $0.00306518$ & $0.0195534$ & $0.0196796$ & $0.010288$ & $-0.0197734$ & $-0.00122721$ & $0.0294741$ & $0.0468998$ & $-0.00920399$ & $-0.047147$ & $0.0270992$ & $0.0131887$ & $-0.00457123$ & $0.0157198$ & $-0.0683205$ & $-0.0374548$ & $0.0355573$ & $-0.035194$ & $0.0142352$ & $0.0422797$ & $-0.0240256$ & $0.04948$ & $-0.0244548$ & $-0.0687563$ & $-0.0130094$ & $-0.0646369$ & $0.0474282$ & $0.0318925$ \\
Mz & $-0.00793542$ & $-0.0144547$ & $-0.020158$ & $0.043519$ & $1$ & $0.0022308$ & $-0.00114472$ & $-0.00576903$ & $-0.00510095$ & $0.00570607$ & $0.0193629$ & $0.0123262$ & $0.00924865$ & $-0.023038$ & $0.0177134$ & $0.000104981$ & $-8.0224e-05$ & $-0.0213884$ & $-0.00705581$ & $-0.00982916$ & $-0.0110252$ & $-0.0116949$ & $-0.0259462$ & $0.00487545$ & $-0.00353031$ & $0.0397101$ & $0.00592443$ & $-0.0130861$ & $-0.00641469$ & $0.001938$ & $0.0107804$ & $-0.00874826$ & $0.0165599$ & $-0.0158735$ & $-0.0559021$ & $0.0117156$ & $-0.00351853$ & $0.0336967$ & $-0.00483847$ & $0.0334559$ & $0.043655$ & $0.00961608$ & $0.0190585$ & $0.0120932$ & $-0.00768897$ & $0.00410187$ & $-0.000273118$ & $0.0369376$ & $0.015682$ \\
CW & $-0.0415157$ & $0.0305677$ & $0.00264005$ & $0.00109146$ & $0.0022308$ & $1$ & $0.019888$ & $-0.148817$ & $-0.140174$ & $0.0497932$ & $0.191758$ & $0.054155$ & $-0.00731055$ & $0.0553586$ & $-0.0848855$ & $-0.0555662$ & $-0.237233$ & $-0.0129607$ & $-0.0341332$ & $-0.188648$ & $-0.196684$ & $-0.192678$ & $0.0116093$ & $0.0491055$ & $-0.047816$ & $0.0940102$ & $-0.0894569$ & $-0.0580727$ & $-5.91942e-05$ & $0.00459419$ & $0.00103758$ & $0.0207164$ & $-0.0106957$ & $-0.141151$ & $0.03019$ & $-0.000884544$ & $0.00239146$ & $-0.0183559$ & $-0.0309939$ & $-0.0204308$ & $0.0545486$ & $0.0188088$ & $-0.00294849$ & $0.00778811$ & $0.00746662$ & $-0.0186771$ & $0.0119349$ & $-0.0374151$ & $0.0158325$ \\
CHG & $-0.0179987$ & $-0.035106$ & $-0.0181229$ & $0.03332$ & $-0.00114472$ & $0.019888$ & $1$ & $-0.115798$ & $-0.0621097$ & $0.082611$ & $0.0576392$ & $-0.0877085$ & $-0.289368$ & $0.0839$ & $0.013846$ & $0.014099$ & $0.104601$ & $0.10522$ & $0.112147$ & $-0.0496743$ & $-0.0681344$ & $-0.0630001$ & $-0.0338949$ & $0.145071$ & $0.102271$ & $0.0501656$ & $-0.0923118$ & $0.00991009$ & $0.00265835$ & $-0.154551$ & $-0.108578$ & $0.939545$ & $-0.168458$ & $-0.115488$ & $-0.0201277$ & $-0.0144168$ & $0.0465062$ & $0.0080673$ & $0.00292741$ & $-0.00317349$ & $0.0370335$ & $0.0330604$ & $-0.0149815$ & $-0.0021288$ & $0.0123879$ & $0.0187936$ & $-0.00727964$ & $-0.0096585$ & $-0.0108909$ \\
CHWB & $0.00264958$ & $-0.0746753$ & $-0.0345278$ & $-0.00868336$ & $-0.00576903$ & $-0.148817$ & $-0.115798$ & $1$ & $0.981963$ & $-0.598906$ & $-0.887548$ & $-0.182052$ & $0.339119$ & $0.101673$ & $0.314703$ & $0.312177$ & $-0.238949$ & $-0.440297$ & $-0.448224$ & $0.860888$ & $0.902655$ & $0.888201$ & $0.0619489$ & $-0.686534$ & $-0.409142$ & $-0.516152$ & $0.428157$ & $0.331281$ & $0.0171117$ & $0.108389$ & $0.0698606$ & $-0.11005$ & $0.0967953$ & $0.578306$ & $0.00130199$ & $0.00304948$ & $-0.0161167$ & $0.0287802$ & $-0.0328986$ & $0.00995187$ & $-0.00558928$ & $-0.0301788$ & $-0.00997018$ & $0.0356872$ & $0.00682478$ & $0.00372483$ & $0.0328377$ & $-0.000771376$ & $-0.025682$ \\
CHWHB_gaga & $0.00203572$ & $-0.0672605$ & $-0.0516965$ & $0.0045604$ & $-0.00510095$ & $-0.140174$ & $-0.0621097$ & $0.981963$ & $1$ & $-0.587185$ & $-0.867457$ & $-0.157667$ & $0.335777$ & $0.0894596$ & $0.314183$ & $0.30524$ & $-0.243972$ & $-0.444225$ & $-0.446082$ & $0.842089$ & $0.882026$ & $0.868622$ & $0.0578654$ & $-0.67881$ & $-0.412839$ & $-0.499733$ & $0.416008$ & $0.326052$ & $0.0266215$ & $0.127358$ & $0.0719509$ & $-0.0645183$ & $0.121988$ & $0.563456$ & $-0.00495542$ & $-0.00388688$ & $-0.0279867$ & $0.0300757$ & $-0.0377125$ & $0.0109531$ & $-0.00420071$ & $-0.0280398$ & $0.0678104$ & $0.035451$ & $0.00585903$ & $0.000239232$ & $0.0213343$ & $-0.00317031$ & $-0.0171124$ \\
CHWHB_gagaorth & $0.0199244$ & $0.0238981$ & $0.00622279$ & $0.0230724$ & $0.00570607$ & $0.0497932$ & $0.082611$ & $-0.598906$ & $-0.587185$ & $1$ & $0.398436$ & $0.539157$ & $-0.250775$ & $0.213524$ & $-0.160171$ & $-0.153543$ & $0.416052$ & $0.496705$ & $0.493881$ & $-0.38731$ & $-0.41378$ & $-0.413226$ & $-0.0387332$ & $0.565215$ & $0.485534$ & $0.236581$ & $-0.234291$ & $-0.14343$ & $-0.00840362$ & $-0.129736$ & $-0.0840349$ & $0.0991139$ & $-0.138423$ & $-0.36496$ & $0.035648$ & $0.0222939$ & $0.0299875$ & $-0.0211164$ & $0.0268258$ & $-0.0102879$ & $-0.0128819$ & $0.0201307$ & $0.0239693$ & $0.00492688$ & $-0.0431288$ & $0.0148998$ & $0.0075245$ & $0.00337446$ & $-0.00462873$ \\
CHD & $-0.0184565$ & $0.0592345$ & $0.0407811$ & $0.00406074$ & $0.0193629$ & $0.191758$ & $0.0576392$ & $-0.887548$ & $-0.867457$ & $0.398436$ & $1$ & $0.260013$ & $-0.16745$ & $-0.500244$ & $-0.42563$ & $-0.422624$ & $-0.20079$ & $0.0854567$ & $0.095834$ & $-0.990788$ & $-0.991644$ & $-0.973165$ & $-0.00461305$ & $0.342734$ & $0.0440129$ & $0.565357$ & $-0.307204$ & $-0.358779$ & $-0.0109969$ & $-0.0714095$ & $-0.0472781$ & $0.0557617$ & $-0.0589886$ & $-0.39731$ & $0.00971462$ & $-0.0130255$ & $0.0144621$ & $-0.0329693$ & $0.0324573$ & $0.00548712$ & $0.00822243$ & $0.0306838$ & $0.00256765$ & $-0.0347764$ & $-0.0145239$ & $-0.00386658$ & $-0.0296001$ & $-0.0122802$ & $0.0247241$ \\
CHbox & $0.00848477$ & $0.0109365$ & $-0.00385478$ & $0.00808654$ & $0.0123262$ & $0.054155$ & $-0.0877085$ & $-0.182052$ & $-0.157667$ & $0.539157$ & $0.260013$ & $1$ & $0.323104$ & $-0.237049$ & $-0.0499313$ & $-0.0451788$ & $-0.168011$ & $-0.110565$ & $-0.112604$ & $-0.244367$ & $-0.266074$ & $-0.260797$ & $-0.0115208$ & $0.0244131$ & $-0.112234$ & $0.154685$ & $-0.105626$ & $-0.0662694$ & $0.0325573$ & $0.240119$ & $0.0547058$ & $-0.00844169$ & $0.264041$ & $-0.116342$ & $0.0938467$ & $0.0649816$ & $-0.00125231$ & $-0.0258833$ & $0.0104785$ & $0.024895$ & $-0.0119796$ & $0.0289488$ & $0.0313426$ & $0.020405$ & $-0.0512835$ & $-0.00146898$ & $0.0351881$ & $-0.0175825$ & $-0.00796176$ \\
CH & $0.00252087$ & $0.00794845$ & $-0.0189185$ & $-0.00507515$ & $0.00924865$ & $-0.00731055$ & $-0.289368$ & $0.339119$ & $0.335777$ & $-0.250775$ & $-0.16745$ & $0.323104$ & $1$ & $-0.241124$ & $0.0808963$ & $0.0795584$ & $-0.361289$ & $-0.386747$ & $-0.386275$ & $0.163596$ & $0.176754$ & $0.177286$ & $0.0275984$ & $-0.391204$ & $-0.381996$ & $-0.095791$ & $0.125692$ & $0.0729246$ & $0.0476989$ & $0.257054$ & $0.114654$ & $-0.244408$ & $0.297534$ & $0.210722$ & $0.0422672$ & $0.0289893$ & $0.000197605$ & $0.00574974$ & $-0.0128503$ & $0.0261622$ & $0.00171472$ & $-0.00844702$ & $0.0126205$ & $0.0310353$ & $0.00959459$ & $-0.0224457$ & $0.0150849$ & $-0.0153122$ & $-0.00386612$ \\
CHL1_11 & $0.00401937$ & $-0.0164036$ & $0.00026682$ & $0.000373128$ & $-0.023038$ & $0.0553586$ & $0.0839$ & $0.101673$ & $0.0894596$ & $0.213524$ & $-0.500244$ & $-0.237049$ & $-0.241124$ & $1$ & $0.253956$ & $0.267607$ & $0.649025$ & $0.597167$ & $0.577421$ & $0.516694$ & $0.462467$ & $0.448265$ & $-0.08712$ & $0.448737$ & $0.592223$ & $-0.263027$ & $-0.0862482$ & $0.16271$ & $-0.0139647$ & $-0.053545$ & $-0.0231463$ & $0.0724928$ & $-0.0591689$ & $-0.192122$ & $-0.0176021$ & $0.000812495$ & $0.00529313$ & $0.0254561$ & $-0.0120343$ & $-0.0238545$ & $0.00311717$ & $0.00282102$ & $0.000408881$ & $0.0060732$ & $0.0147047$ & $0.000383404$ & $0.0163667$ & $0.0114529$ & $-0.00346524$ \\
CHL1_22 & $0.00217145$ & $-0.032907$ & $-0.0122292$ & $0.00644168$ & $0.0177134$ & $-0.0848855$ & $0.013846$ & $0.314703$ & $0.314183$ & $-0.160171$ & $-0.42563$ & $-0.0499313$ & $0.0808963$ & $0.253956$ & $1$ & $0.453916$ & $0.150057$ & $-0.460399$ & $-0.0574665$ & $0.489727$ & $0.345547$ & $0.343381$ & $-0.206289$ & $0.0940744$ & $-0.157644$ & $-0.179249$ & $-0.379055$ & $0.123467$ & $0.00187387$ & $0.0230118$ & $0.0257389$ & $0.0160708$ & $0.0236614$ & $-0.562431$ & $0.0142968$ & $0.00159823$ & $-0.00748083$ & $-0.0100359$ & $-0.0270119$ & $-0.0246624$ & $0.00404404$ & $-0.00294783$ & $0.0365144$ & $0.0134568$ & $0.0105567$ & $-0.0258494$ & $0.000332423$ & $0.0340813$ & $-0.0213648$ \\
CHL1_33 & $-0.000588311$ & $-0.0362859$ & $0.0163169$ & $-0.0043411$ & $0.000104981$ & $-0.0555662$ & $0.014099$ & $0.312177$ & $0.30524$ & $-0.153543$ & $-0.422624$ & $-0.0451788$ & $0.0795584$ & $0.267607$ & $0.453916$ & $1$ & $0.136293$ & $-0.0459928$ & $-0.450659$ & $0.486839$ & $0.343572$ & $0.367396$ & $-0.168348$ & $0.0788283$ & $-0.156033$ & $-0.209546$ & $-0.385126$ & $0.126138$ & $0.0203326$ & $0.0420822$ & $0.0157078$ & $0.0204494$ & $0.0177484$ & $-0.0874131$ & $-0.0226855$ & $0.00340231$ & $-0.00454207$ & $0.0204405$ & $0.015422$ & $0.00275972$ & $-0.00954997$ & $-0.00559482$ & $-0.00329205$ & $0.0513274$ & $0.0205248$ & $-0.00538695$ & $0.0199891$ & $-0.0147118$ & $-0.00959908$ \\
CHL3_11 & $0.0264107$ & $0.0186059$ & $-0.00741175$ & $0.01804$ & $-8.0224e-05$ & $-0.237233$ & $0.104601$ & $-0.238949$ & $-0.243972$ & $0.416052$ & $-0.20079$ & $-0.168011$ & $-0.361289$ & $0.649025$ & $0.150057$ & $0.136293$ & $1$ & $0.734672$ & $0.741541$ & $0.222292$ & $0.171775$ & $0.162238$ & $-0.0839826$ & $0.663422$ & $0.771358$ & $-0.0871155$ & $-0.151708$ & $0.0515341$ & $-0.0029974$ & $-0.0745588$ & $-0.0507942$ & $0.0948737$ & $-0.0776167$ & $-0.242795$ & $-0.0283603$ & $0.0164767$ & $-0.000719787$ & $0.0051851$ & $-0.000522832$ & $-0.0377258$ & $-0.011603$ & $-0.0126252$ & $0.00891697$ & $-0.00909853$ & $0.00613255$ & $0.00117282$ & $-0.0236948$ & $0.0377842$ & $-0.00545122$ \\
CHL3_22 & $0.0142033$ & $0.0257849$ & $0.014097$ & $0.00704492$ & $-0.0213884$ & $-0.0129607$ & $0.10522$ & $-0.440297$ & $-0.444225$ & $0.496705$ & $0.0854567$ & $-0.110565$ & $-0.386747$ & $0.597167$ & $-0.460399$ & $-0.0459928$ & $0.734672$ & $1$ & $0.684397$ & $-0.088701$ & $-0.0795376$ & $-0.0832751$ & $0.0175805$ & $0.613081$ & $0.799223$ & $0.037734$ & $-0.0091196$ & $-0.0337843$ & $-0.0102367$ & $-0.0889663$ & $-0.0609258$ & $0.0949451$ & $-0.0958623$ & $0.0229092$ & $-0.0301405$ & $0.0113147$ & $0.00785359$ & $0.0140834$ & $0.0249213$ & $-0.0117414$ & $-0.00655534$ & $0.00285459$ & $-0.0152317$ & $-0.00762644$ & $0.00189315$ & $0.0151068$ & $-0.00672029$ & $-0.00472746$ & $0.0114331$ \\
CHL3_33 & $0.0154702$ & $0.0287701$ & $-0.0114514$ & $0.0157245$ & $-0.00705581$ & $-0.0341332$ & $0.112147$ & $-0.448224$ & $-0.446082$ & $0.493881$ & $0.095834$ & $-0.112604$ & $-0.386275$ & $0.577421$ & $-0.0574665$ & $-0.450659$ & $0.741541$ & $0.684397$ & $1$ & $-0.100453$ & $-0.088433$ & $-0.0921907$ & $-0.00490021$ & $0.623518$ & $0.802188$ & $0.066658$ & $0.00251185$ & $-0.0421018$ & $-0.0287215$ & $-0.102332$ & $-0.057837$ & $0.096368$ & $-0.0886004$ & $-0.339291$ & $-0.0126121$ & $0.000978728$ & $0.00371159$ & $-0.00520025$ & $-0.00974484$ & $-0.0358978$ & $-0.0012055$ & $0.00899117$ & $0.0161373$ & $-0.0407951$ & $-0.00588093$ & $0.00459894$ & $-0.0252811$ & $0.0369331$ & $0.00555354$ \\
CHe_11 & $0.00746952$ & $-0.0402796$ & $-0.0304418$ & $0.000305853$ & $-0.00982916$ & $-0.188648$ & $-0.0496743$ & $0.860888$ & $0.842089$ & $-0.38731$ & $-0.990788$ & $-0.244367$ & $0.163596$ & $0.516694$ & $0.489727$ & $0.486839$ & $0.222292$ & $-0.088701$ & $-0.100453$ & $1$ & $0.974075$ & $0.956876$ & $-0.0220201$ & $-0.289619$ & $-0.0382948$ & $-0.553342$ & $0.234669$ & $0.353225$ & $0.00981081$ & $0.0705021$ & $0.0487468$ & $-0.0469685$ & $0.0597369$ & $0.321317$ & $-0.0105142$ & $0.0116238$ & $-0.018385$ & $0.0320772$ & $-0.0294677$ & $-0.00627807$ & $-0.00746955$ & $-0.0302532$ & $0.00396349$ & $0.0337351$ & $0.016577$ & $-0.000154001$ & $0.0282466$ & $0.00915068$ & $-0.0210199$ \\
CHe_22 & $0.00749583$ & $-0.0334439$ & $-0.0371453$ & $0.000251821$ & $-0.0110252$ & $-0.196684$ & $-0.0681344$ & $0.902655$ & $0.882026$ & $-0.41378$ & $-0.991644$ & $-0.266074$ & $0.176754$ & $0.462467$ & $0.345547$ & $0.343572$ & $0.171775$ & $-0.0795376$ & $-0.088433$ & $0.974075$ & $1$ & $0.976846$ & $0.0333222$ & $-0.395058$ & $-0.0463539$ & $-0.566792$ & $0.385712$ & $0.360454$ & $0.0111725$ & $0.0722786$ & $0.0490232$ & $-0.067262$ & $0.062344$ & $0.47931$ & $-0.0100522$ & $0.00729977$ & $-0.0173802$ & $0.0346715$ & $-0.0368832$ & $-0.00673352$ & $-0.00915422$ & $-0.0338079$ & $-0.00254365$ & $0.0259074$ & $0.0137522$ & $0.00801216$ & $0.0259027$ & $0.0101561$ & $-0.0224603$ \\
CHe_33 & $0.00998542$ & $-0.0392414$ & $-0.0344991$ & $0.00306518$ & $-0.0116949$ & $-0.192678$ & $-0.0630001$ & $0.888201$ & $0.868622$ & $-0.413226$ & $-0.973165$ & $-0.260797$ & $0.177286$ & $0.448265$ & $0.343381$ & $0.367396$ & $0.162238$ & $-0.0832751$ & $-0.0921907$ & $0.956876$ & $0.976846$ & $1$ & $0.0333309$ & $-0.391398$ & $-0.0525855$ & $-0.557211$ & $0.372058$ & $0.356682$ & $0.00276735$ & $0.0750141$ & $0.0442059$ & $-0.0629447$ & $0.0648793$ & $0.470205$ & $-0.0164472$ & $0.0021356$ & $-0.0192051$ & $0.0342726$ & $-0.0331245$ & $-0.00833031$ & $-0.0114652$ & $-0.0325363$ & $-0.00394295$ & $0.0279735$ & $0.0129631$ & $0.00355543$ & $0.0319126$ & $0.00872613$ & $-0.0179347$ \\
CHQ1_11 & $-0.0385815$ & $0.00251447$ & $-0.0375703$ & $0.0195534$ & $-0.0259462$ & $0.0116093$ & $-0.0338949$ & $0.0619489$ & $0.0578654$ & $-0.0387332$ & $-0.00461305$ & $-0.0115208$ & $0.0275984$ & $-0.08712$ & $-0.206289$ & $-0.168348$ & $-0.0839826$ & $0.0175805$ & $-0.00490021$ & $-0.0220201$ & $0.0333222$ & $0.0333309$ & $1$ & $-0.148612$ & $0.0690072$ & $-0.67281$ & $0.339126$ & $0.0192174$ & $0.00178898$ & $0.0140021$ & $-0.00286327$ & $-0.0260789$ & $0.0254932$ & $0.2234$ & $0.00326287$ & $-0.000185533$ & $0.0192587$ & $-0.0340791$ & $-0.00489204$ & $0.0150277$ & $0.00476251$ & $0.0197059$ & $0.00381801$ & $-0.0198211$ & $-0.0130217$ & $0.0433772$ & $-0.0180897$ & $-0.0162741$ & $0.0399307$ \\
CHQ1_33 & $-0.0483073$ & $0.0298338$ & $0.0229987$ & $0.0196796$ & $0.00487545$ & $0.0491055$ & $0.145071$ & $-0.686534$ & $-0.67881$ & $0.565215$ & $0.342734$ & $0.0244131$ & $-0.391204$ & $0.448737$ & $0.0940744$ & $0.0788283$ & $0.663422$ & $0.613081$ & $0.623518$ & $-0.289619$ & $-0.395058$ & $-0.391398$ & $-0.148612$ & $1$ & $0.641697$ & $0.23959$ & $-0.427053$ & $-0.0673152$ & $0.0020486$ & $-0.112779$ & $-0.0711482$ & $0.132219$ & $-0.107557$ & $-0.650105$ & $-0.0153705$ & $0.00543681$ & $0.0271559$ & $-0.0122425$ & $0.0232993$ & $-0.0198402$ & $-0.00515854$ & $0.0162689$ & $0.0174638$ & $-0.019073$ & $0.00911605$ & $-0.00564281$ & $-0.0417362$ & $-0.0104907$ & $0.0122139$ \\
CHQ3_11 & $-0.107287$ & $0.0351042$ & $0.0121512$ & $0.010288$ & $-0.00353031$ & $-0.047816$ & $0.102271$ & $-0.409142$ & $-0.412839$ & $0.485534$ & $0.0440129$ & $-0.112234$ & $-0.381996$ & $0.592223$ & $-0.157644$ & $-0.156033$ & $0.771358$ & $0.799223$ & $0.802188$ & $-0.0382948$ & $-0.0463539$ & $-0.0525855$ & $0.0690072$ & $0.641697$ & $1$ & $0.0445454$ & $0.20603$ & $-0.0109808$ & $-0.0116626$ & $-0.105342$ & $-0.0704634$ & $0.0902298$ & $-0.0954584$ & $-0.20015$ & $-0.0137775$ & $0.0131146$ & $0.0131878$ & $0.00341092$ & $0.00801316$ & $-0.0360177$ & $-0.0092689$ & $0.00130787$ & $0.0267224$ & $-0.0415993$ & $-0.0180867$ & $0.010885$ & $-0.0413331$ & $0.019419$ & $0.0119224$ \\
CHu_11 & $-0.0404433$ & $0.0290216$ & $0.0513071$ & $-0.0197734$ & $0.0397101$ & $0.0940102$ & $0.0501656$ & $-0.516152$ & $-0.499733$ & $0.236581$ & $0.565357$ & $0.154685$ & $-0.095791$ & $-0.263027$ & $-0.179249$ & $-0.209546$ & $-0.0871155$ & $0.037734$ & $0.066658$ & $-0.553342$ & $-0.566792$ & $-0.557211$ & $-0.67281$ & $0.23959$ & $0.0445454$ & $1$ & $-0.177772$ & $-0.20759$ & $0.00378185$ & $-0.058125$ & $-0.0355621$ & $0.0432368$ & $-0.044474$ & $-0.286078$ & $0.0163043$ & $0.00865904$ & $-0.0165106$ & $0.0172945$ & $0.0174991$ & $-0.0241249$ & $0.000408538$ & $0.00210799$ & $0.0208621$ & $0.00100381$ & $-0.00788716$ & $-0.0202218$ & $-0.0158064$ & $0.0115894$ & $-0.000322495$ \\
CHd_11 & $-0.0363617$ & $0.0131584$ & $-0.0167617$ & $-0.00122721$ & $0.00592443$ & $-0.0894569$ & $-0.0923118$ & $0.428157$ & $0.416008$ & $-0.234291$ & $-0.307204$ & $-0.105626$ & $0.125692$ & $-0.0862482$ & $-0.379055$ & $-0.385126$ & $-0.151708$ & $-0.0091196$ & $0.00251185$ & $0.234669$ & $0.385712$ & $0.372058$ & $0.339126$ & $-0.427053$ & $0.20603$ & $-0.177772$ & $1$ & $0.139143$ & $0.0142785$ & $0.0269658$ & $0.00465329$ & $-0.0939534$ & $0.0394226$ & $0.683103$ & $0.0159192$ & $0.0202003$ & $0.0019093$ & $0.0170276$ & $-0.0167924$ & $-0.0069068$ & $-0.0034167$ & $-0.0246098$ & $0.0134153$ & $-0.025325$ & $-0.0269793$ & $0.0125783$ & $-0.00915887$ & $-0.00254357$ & $0.0104862$ \\
CHd_33 & $0.00949018$ & $-0.0190481$ & $0.00438497$ & $0.0294741$ & $-0.0130861$ & $-0.0580727$ & $0.00991009$ & $0.331281$ & $0.326052$ & $-0.14343$ & $-0.358779$ & $-0.0662694$ & $0.0729246$ & $0.16271$ & $0.123467$ & $0.126138$ & $0.0515341$ & $-0.0337843$ & $-0.0421018$ & $0.353225$ & $0.360454$ & $0.356682$ & $0.0192174$ & $-0.0673152$ & $-0.0109808$ & $-0.20759$ & $0.139143$ & $1$ & $0.030497$ & $-0.000201569$ & $-0.00260772$ & $0.00937662$ & $0.00907724$ & $0.17835$ & $0.0488796$ & $-0.0514221$ & $-0.000658895$ & $0.0525358$ & $-0.01037$ & $0.0140413$ & $-0.00252244$ & $-0.0315234$ & $0.0295797$ & $0.00615774$ & $-0.0114603$ & $-0.0387877$ & $0.000334808$ & $0.00430404$ & $-0.0265113$ \\
CeH_22r & $-0.0184091$ & $0.000641584$ & $-0.0195054$ & $0.0468998$ & $-0.00641469$ & $-5.91942e-05$ & $0.00265835$ & $0.0171117$ & $0.0266215$ & $-0.00840362$ & $-0.0109969$ & $0.0325573$ & $0.0476989$ & $-0.0139647$ & $0.00187387$ & $0.0203326$ & $-0.0029974$ & $-0.0102367$ & $-0.0287215$ & $0.00981081$ & $0.0111725$ & $0.00276735$ & $0.00178898$ & $0.0020486$ & $-0.0116626$ & $0.00378185$ & $0.0142785$ & $0.030497$ & $1$ & $0.0292647$ & $0.0527068$ & $-0.0117082$ & $0.0333988$ & $0.0207864$ & $-0.0148933$ & $0.00198019$ & $-0.0360046$ & $0.0107878$ & $-0.00249476$ & $0.00638334$ & $-0.0199581$ & $-0.0208813$ & $0.00159679$ & $0.0297312$ & $-0.0537651$ & $0.0287489$ & $0.0149362$ & $0.0262652$ & $-0.0211845$ \\
CeH_33r & $0.0269651$ & $0.00763729$ & $0.0166909$ & $-0.00920399$ & $0.001938$ & $0.00459419$ & $-0.154551$ & $0.108389$ & $0.127358$ & $-0.129736$ & $-0.0714095$ & $0.240119$ & $0.257054$ & $-0.053545$ & $0.0230118$ & $0.0420822$ & $-0.0745588$ & $-0.0889663$ & $-0.102332$ & $0.0705021$ & $0.0722786$ & $0.0750141$ & $0.0140021$ & $-0.112779$ & $-0.105342$ & $-0.058125$ & $0.0269658$ & $-0.000201569$ & $0.0292647$ & $1$ & $0.329322$ & $-0.0127405$ & $0.638879$ & $0.0749207$ & $-0.0748316$ & $0.025865$ & $-0.180483$ & $-0.0287634$ & $-0.0429676$ & $0.00892674$ & $-0.0123748$ & $0.0126264$ & $0.00182048$ & $0.0196437$ & $0.10651$ & $-0.0102664$ & $0.0430613$ & $0.00152131$ & $0.0143238$ \\
CuH_22r & $-0.000838791$ & $0.0146995$ & $-0.000706218$ & $-0.047147$ & $0.0107804$ & $0.00103758$ & $-0.108578$ & $0.0698606$ & $0.0719509$ & $-0.0840349$ & $-0.0472781$ & $0.0547058$ & $0.114654$ & $-0.0231463$ & $0.0257389$ & $0.0157078$ & $-0.0507942$ & $-0.0609258$ & $-0.057837$ & $0.0487468$ & $0.0490232$ & $0.0442059$ & $-0.00286327$ & $-0.0711482$ & $-0.0704634$ & $-0.0355621$ & $0.00465329$ & $-0.00260772$ & $0.0527068$ & $0.329322$ & $1$ & $-0.0171859$ & $0.335938$ & $0.0362849$ & $-0.0217628$ & $0.0333052$ & $-0.118038$ & $-0.0143584$ & $-0.0175571$ & $0.0242653$ & $0.0033009$ & $-0.0158944$ & $-0.0210048$ & $0.0553904$ & $0.0575606$ & $0.039219$ & $0.349785$ & $-0.0250628$ & $0.00621052$ \\
CuH_33r & $-0.00826222$ & $-0.0268577$ & $-0.0110038$ & $0.0270992$ & $-0.00874826$ & $0.0207164$ & $0.939545$ & $-0.11005$ & $-0.0645183$ & $0.0991139$ & $0.0557617$ & $-0.00844169$ & $-0.244408$ & $0.0724928$ & $0.0160708$ & $0.0204494$ & $0.0948737$ & $0.0949451$ & $0.096368$ & $-0.0469685$ & $-0.067262$ & $-0.0629447$ & $-0.0260789$ & $0.132219$ & $0.0902298$ & $0.0432368$ & $-0.0939534$ & $0.00937662$ & $-0.0117082$ & $-0.0127405$ & $-0.0171859$ & $1$ & $-0.00403137$ & $-0.112275$ & $0.0560146$ & $0.0414766$ & $0.0268594$ & $-0.000898487$ & $0.00519331$ & $0.00728952$ & $0.0236428$ & $0.0303184$ & $-0.0095918$ & $0.0112381$ & $0.0117474$ & $0.0320068$ & $0.00304315$ & $-0.0119922$ & $-0.000897016$ \\
CdH_33r & $0.00233283$ & $0.0907744$ & $0.0264942$ & $0.0131887$ & $0.0165599$ & $-0.0106957$ & $-0.168458$ & $0.0967953$ & $0.121988$ & $-0.138423$ & $-0.0589886$ & $0.264041$ & $0.297534$ & $-0.0591689$ & $0.0236614$ & $0.0177484$ & $-0.0776167$ & $-0.0958623$ & $-0.0886004$ & $0.0597369$ & $0.062344$ & $0.0648793$ & $0.0254932$ & $-0.107557$ & $-0.0954584$ & $-0.044474$ & $0.0394226$ & $0.00907724$ & $0.0333988$ & $0.638879$ & $0.335938$ & $-0.00403137$ & $1$ & $0.065454$ & $-0.0514912$ & $0.049599$ & $-0.177287$ & $-0.0313076$ & $-0.0333966$ & $0.0105737$ & $0.0125579$ & $-0.00414242$ & $0.0391598$ & $-0.00154992$ & $0.0906401$ & $-0.00317973$ & $-0.0335496$ & $0.127621$ & $0.502453$ \\
CLL_1221 & $0.00123168$ & $0.0251351$ & $-0.0222484$ & $-0.00457123$ & $-0.0158735$ & $-0.141151$ & $-0.115488$ & $0.578306$ & $0.563456$ & $-0.36496$ & $-0.39731$ & $-0.116342$ & $0.210722$ & $-0.192122$ & $-0.562431$ & $-0.0874131$ & $-0.242795$ & $0.0229092$ & $-0.339291$ & $0.321317$ & $0.47931$ & $0.470205$ & $0.2234$ & $-0.650105$ & $-0.20015$ & $-0.286078$ & $0.683103$ & $0.17835$ & $0.0207864$ & $0.0749207$ & $0.0362849$ & $-0.112275$ & $0.065454$ & $1$ & $-0.00962702$ & $-0.000949999$ & $-0.00971946$ & $0.0319614$ & $-0.00611255$ & $0.0244262$ & $-0.00644237$ & $-0.0309751$ & $-0.0331216$ & $0.0137779$ & $-0.0016495$ & $0.0235779$ & $0.0211701$ & $-0.0245393$ & $0.000400946$ \\
eHggint & $0.05527$ & $0.0192039$ & $0.0703259$ & $0.0157198$ & $-0.0559021$ & $0.03019$ & $-0.0201277$ & $0.00130199$ & $-0.00495542$ & $0.035648$ & $0.00971462$ & $0.0938467$ & $0.0422672$ & $-0.0176021$ & $0.0142968$ & $-0.0226855$ & $-0.0283603$ & $-0.0301405$ & $-0.0126121$ & $-0.0105142$ & $-0.0100522$ & $-0.0164472$ & $0.00326287$ & $-0.0153705$ & $-0.0137775$ & $0.0163043$ & $0.0159192$ & $0.0488796$ & $-0.0148933$ & $-0.0748316$ & $-0.0217628$ & $0.0560146$ & $-0.0514912$ & $-0.00962702$ & $1$ & $-0.0589458$ & $0.0592256$ & $0.0375525$ & $-0.0285172$ & $-0.0219785$ & $-0.0408863$ & $0.00546922$ & $0.0719708$ & $0.0512705$ & $-0.0773817$ & $-0.000947517$ & $-0.0105837$ & $-0.00604385$ & $-0.000857597$ \\
eHggpar & $0.0671751$ & $-0.0340667$ & $-0.0916717$ & $-0.0683205$ & $0.0117156$ & $-0.000884544$ & $-0.0144168$ & $0.00304948$ & $-0.00388688$ & $0.0222939$ & $-0.0130255$ & $0.0649816$ & $0.0289893$ & $0.000812495$ & $0.00159823$ & $0.00340231$ & $0.0164767$ & $0.0113147$ & $0.000978728$ & $0.0116238$ & $0.00729977$ & $0.0021356$ & $-0.000185533$ & $0.00543681$ & $0.0131146$ & $0.00865904$ & $0.0202003$ & $-0.0514221$ & $0.00198019$ & $0.025865$ & $0.0333052$ & $0.0414766$ & $0.049599$ & $-0.000949999$ & $-0.0589458$ & $1$ & $-0.067205$ & $-0.0153591$ & $0.0101505$ & $0.0435761$ & $-0.0879223$ & $0.0265951$ & $-0.0293896$ & $0.00585332$ & $-0.0185529$ & $0.0381029$ & $0.130315$ & $-0.00312413$ & $0.0745993$ \\
eHWWint & $-0.0251365$ & $-0.0191001$ & $-0.147608$ & $-0.0374548$ & $-0.00351853$ & $0.00239146$ & $0.0465062$ & $-0.0161167$ & $-0.0279867$ & $0.0299875$ & $0.0144621$ & $-0.00125231$ & $0.000197605$ & $0.00529313$ & $-0.00748083$ & $-0.00454207$ & $-0.000719787$ & $0.00785359$ & $0.00371159$ & $-0.018385$ & $-0.0173802$ & $-0.0192051$ & $0.0192587$ & $0.0271559$ & $0.0131878$ & $-0.0165106$ & $0.0019093$ & $-0.000658895$ & $-0.0360046$ & $-0.180483$ & $-0.118038$ & $0.0268594$ & $-0.177287$ & $-0.00971946$ & $0.0592256$ & $-0.067205$ & $1$ & $-0.00823625$ & $0.108371$ & $-0.00302289$ & $0.0118395$ & $0.00247312$ & $0.025793$ & $-0.0156138$ & $-0.0129665$ & $0.0389057$ & $-0.0511763$ & $0.040456$ & $0.0384931$ \\
eHWWpar & $0.00119498$ & $0.0312527$ & $-0.00591917$ & $0.0355573$ & $0.0336967$ & $-0.0183559$ & $0.0080673$ & $0.0287802$ & $0.0300757$ & $-0.0211164$ & $-0.0329693$ & $-0.0258833$ & $0.00574974$ & $0.0254561$ & $-0.0100359$ & $0.0204405$ & $0.0051851$ & $0.0140834$ & $-0.00520025$ & $0.0320772$ & $0.0346715$ & $0.0342726$ & $-0.0340791$ & $-0.0122425$ & $0.00341092$ & $0.0172945$ & $0.0170276$ & $0.0525358$ & $0.0107878$ & $-0.0287634$ & $-0.0143584$ & $-0.000898487$ & $-0.0313076$ & $0.0319614$ & $0.0375525$ & $-0.0153591$ & $-0.00823625$ & $1$ & $-0.00477704$ & $-0.013716$ & $-0.0217803$ & $-0.0277309$ & $0.0229001$ & $0.0118028$ & $-0.0147286$ & $0.00464526$ & $-0.00794393$ & $0.00305804$ & $-0.00183405$ \\
eHZZint & $0.0153006$ & $-0.0348516$ & $0.119715$ & $-0.035194$ & $-0.00483847$ & $-0.0309939$ & $0.00292741$ & $-0.0328986$ & $-0.0377125$ & $0.0268258$ & $0.0324573$ & $0.0104785$ & $-0.0128503$ & $-0.0120343$ & $-0.0270119$ & $0.015422$ & $-0.000522832$ & $0.0249213$ & $-0.00974484$ & $-0.0294677$ & $-0.0368832$ & $-0.0331245$ & $-0.00489204$ & $0.0232993$ & $0.00801316$ & $0.0174991$ & $-0.0167924$ & $-0.01037$ & $-0.00249476$ & $-0.0429676$ & $-0.0175571$ & $0.00519331$ & $-0.0333966$ & $-0.00611255$ & $-0.0285172$ & $0.0101505$ & $0.108371$ & $-0.00477704$ & $1$ & $-0.00196913$ & $0.0248563$ & $0.0248405$ & $-0.0115654$ & $-0.0650061$ & $0.0832815$ & $0.0622252$ & $-0.0105833$ & $-0.0321673$ & $0.0479727$ \\
eHZZpar & $-0.0155308$ & $-0.0209904$ & $-0.0123352$ & $0.0142352$ & $0.0334559$ & $-0.0204308$ & $-0.00317349$ & $0.00995187$ & $0.0109531$ & $-0.0102879$ & $0.00548712$ & $0.024895$ & $0.0261622$ & $-0.0238545$ & $-0.0246624$ & $0.00275972$ & $-0.0377258$ & $-0.0117414$ & $-0.0358978$ & $-0.00627807$ & $-0.00673352$ & $-0.00833031$ & $0.0150277$ & $-0.0198402$ & $-0.0360177$ & $-0.0241249$ & $-0.0069068$ & $0.0140413$ & $0.00638334$ & $0.00892674$ & $0.0242653$ & $0.00728952$ & $0.0105737$ & $0.0244262$ & $-0.0219785$ & $0.0435761$ & $-0.00302289$ & $-0.013716$ & $-0.00196913$ & $1$ & $0.0148541$ & $0.0147248$ & $0.0152367$ & $0.0220781$ & $-0.0347026$ & $0.00514821$ & $0.0440828$ & $-0.0309681$ & $-0.0266734$ \\
eHZgaint & $0.0479913$ & $0.0488981$ & $0.000446929$ & $0.0422797$ & $0.043655$ & $0.0545486$ & $0.0370335$ & $-0.00558928$ & $-0.00420071$ & $-0.0128819$ & $0.00822243$ & $-0.0119796$ & $0.00171472$ & $0.00311717$ & $0.00404404$ & $-0.00954997$ & $-0.011603$ & $-0.00655534$ & $-0.0012055$ & $-0.00746955$ & $-0.00915422$ & $-0.0114652$ & $0.00476251$ & $-0.00515854$ & $-0.0092689$ & $0.000408538$ & $-0.0034167$ & $-0.00252244$ & $-0.0199581$ & $-0.0123748$ & $0.0033009$ & $0.0236428$ & $0.0125579$ & $-0.00644237$ & $-0.0408863$ & $-0.0879223$ & $0.0118395$ & $-0.0217803$ & $0.0248563$ & $0.0148541$ & $1$ & $0.0361945$ & $-0.0632233$ & $0.123233$ & $-0.0770405$ & $-0.0089864$ & $0.00802746$ & $0.0472009$ & $0.0304738$ \\
eHZgapar & $-0.0264093$ & $-0.0257213$ & $0.0698012$ & $-0.0240256$ & $0.00961608$ & $0.0188088$ & $0.0330604$ & $-0.0301788$ & $-0.0280398$ & $0.0201307$ & $0.0306838$ & $0.0289488$ & $-0.00844702$ & $0.00282102$ & $-0.00294783$ & $-0.00559482$ & $-0.0126252$ & $0.00285459$ & $0.00899117$ & $-0.0302532$ & $-0.0338079$ & $-0.0325363$ & $0.0197059$ & $0.0162689$ & $0.00130787$ & $0.00210799$ & $-0.0246098$ & $-0.0315234$ & $-0.0208813$ & $0.0126264$ & $-0.0158944$ & $0.0303184$ & $-0.00414242$ & $-0.0309751$ & $0.00546922$ & $0.0265951$ & $0.00247312$ & $-0.0277309$ & $0.0248405$ & $0.0147248$ & $0.0361945$ & $1$ & $-0.0222911$ & $-0.0288357$ & $0.0106122$ & $0.0205674$ & $-0.00729069$ & $0.0519041$ & $-0.0268282$ \\
eHgagaint & $-0.0360528$ & $0.117828$ & $-0.109175$ & $0.04948$ & $0.0190585$ & $-0.00294849$ & $-0.0149815$ & $-0.00997018$ & $0.0678104$ & $0.0239693$ & $0.00256765$ & $0.0313426$ & $0.0126205$ & $0.000408881$ & $0.0365144$ & $-0.00329205$ & $0.00891697$ & $-0.0152317$ & $0.0161373$ & $0.00396349$ & $-0.00254365$ & $-0.00394295$ & $0.00381801$ & $0.0174638$ & $0.0267224$ & $0.0208621$ & $0.0134153$ & $0.0295797$ & $0.00159679$ & $0.00182048$ & $-0.0210048$ & $-0.0095918$ & $0.0391598$ & $-0.0331216$ & $0.0719708$ & $-0.0293896$ & $0.025793$ & $0.0229001$ & $-0.0115654$ & $0.0152367$ & $-0.0632233$ & $-0.0222911$ & $1$ & $-0.0449066$ & $-0.0241135$ & $-0.0296142$ & $-0.053383$ & $-0.0342943$ & $0.0698341$ \\
eHmumuint & $0.0339043$ & $-0.102054$ & $-0.081533$ & $-0.0244548$ & $0.0120932$ & $0.00778811$ & $-0.0021288$ & $0.0356872$ & $0.035451$ & $0.00492688$ & $-0.0347764$ & $0.020405$ & $0.0310353$ & $0.0060732$ & $0.0134568$ & $0.0513274$ & $-0.00909853$ & $-0.00762644$ & $-0.0407951$ & $0.0337351$ & $0.0259074$ & $0.0279735$ & $-0.0198211$ & $-0.019073$ & $-0.0415993$ & $0.00100381$ & $-0.025325$ & $0.00615774$ & $0.0297312$ & $0.0196437$ & $0.0553904$ & $0.0112381$ & $-0.00154992$ & $0.0137779$ & $0.0512705$ & $0.00585332$ & $-0.0156138$ & $0.0118028$ & $-0.0650061$ & $0.0220781$ & $0.123233$ & $-0.0288357$ & $-0.0449066$ & $1$ & $-0.00758207$ & $-0.0840203$ & $0.116918$ & $0.0882577$ & $-0.0607206$ \\
eHtautauint & $0.00485226$ & $0.10169$ & $0.0104216$ & $-0.0687563$ & $-0.00768897$ & $0.00746662$ & $0.0123879$ & $0.00682478$ & $0.00585903$ & $-0.0431288$ & $-0.0145239$ & $-0.0512835$ & $0.00959459$ & $0.0147047$ & $0.0105567$ & $0.0205248$ & $0.00613255$ & $0.00189315$ & $-0.00588093$ & $0.016577$ & $0.0137522$ & $0.0129631$ & $-0.0130217$ & $0.00911605$ & $-0.0180867$ & $-0.00788716$ & $-0.0269793$ & $-0.0114603$ & $-0.0537651$ & $0.10651$ & $0.0575606$ & $0.0117474$ & $0.0906401$ & $-0.0016495$ & $-0.0773817$ & $-0.0185529$ & $-0.0129665$ & $-0.0147286$ & $0.0832815$ & $-0.0347026$ & $-0.0770405$ & $0.0106122$ & $-0.0241135$ & $-0.00758207$ & $1$ & $0.109169$ & $0.12393$ & $-0.0647869$ & $0.140148$ \\
eHccint & $-0.133306$ & $0.00891289$ & $-0.0474497$ & $-0.0130094$ & $0.00410187$ & $-0.0186771$ & $0.0187936$ & $0.00372483$ & $0.000239232$ & $0.0148998$ & $-0.00386658$ & $-0.00146898$ & $-0.0224457$ & $0.000383404$ & $-0.0258494$ & $-0.00538695$ & $0.00117282$ & $0.0151068$ & $0.00459894$ & $-0.000154001$ & $0.00801216$ & $0.00355543$ & $0.0433772$ & $-0.00564281$ & $0.010885$ & $-0.0202218$ & $0.0125783$ & $-0.0387877$ & $0.0287489$ & $-0.0102664$ & $0.039219$ & $0.0320068$ & $-0.00317973$ & $0.0235779$ & $-0.000947517$ & $0.0381029$ & $0.0389057$ & $0.00464526$ & $0.0622252$ & $0.00514821$ & $-0.0089864$ & $0.0205674$ & $-0.0296142$ & $-0.0840203$ & $0.109169$ & $1$ & $-0.0984486$ & $0.00419329$ & $0.0300953$ \\
eHccpar & $0.144966$ & $-0.0110827$ & $-0.0100149$ & $-0.0646369$ & $-0.000273118$ & $0.0119349$ & $-0.00727964$ & $0.0328377$ & $0.0213343$ & $0.0075245$ & $-0.0296001$ & $0.0351881$ & $0.0150849$ & $0.0163667$ & $0.000332423$ & $0.0199891$ & $-0.0236948$ & $-0.00672029$ & $-0.0252811$ & $0.0282466$ & $0.0259027$ & $0.0319126$ & $-0.0180897$ & $-0.0417362$ & $-0.0413331$ & $-0.0158064$ & $-0.00915887$ & $0.000334808$ & $0.0149362$ & $0.0430613$ & $0.349785$ & $0.00304315$ & $-0.0335496$ & $0.0211701$ & $-0.0105837$ & $0.130315$ & $-0.0511763$ & $-0.00794393$ & $-0.0105833$ & $0.0440828$ & $0.00802746$ & $-0.00729069$ & $-0.053383$ & $0.116918$ & $0.12393$ & $-0.0984486$ & $1$ & $-0.0986865$ & $-0.0448713$ \\
eHbbint & $0.0558841$ & $-0.00298173$ & $0.0128053$ & $0.0474282$ & $0.0369376$ & $-0.0374151$ & $-0.0096585$ & $-0.000771376$ & $-0.00317031$ & $0.00337446$ & $-0.0122802$ & $-0.0175825$ & $-0.0153122$ & $0.0114529$ & $0.0340813$ & $-0.0147118$ & $0.0377842$ & $-0.00472746$ & $0.0369331$ & $0.00915068$ & $0.0101561$ & $0.00872613$ & $-0.0162741$ & $-0.0104907$ & $0.019419$ & $0.0115894$ & $-0.00254357$ & $0.00430404$ & $0.0262652$ & $0.00152131$ & $-0.0250628$ & $-0.0119922$ & $0.127621$ & $-0.0245393$ & $-0.00604385$ & $-0.00312413$ & $0.040456$ & $0.00305804$ & $-0.0321673$ & $-0.0309681$ & $0.0472009$ & $0.0519041$ & $-0.0342943$ & $0.0882577$ & $-0.0647869$ & $0.00419329$ & $-0.0986865$ & $1$ & $-0.036951$ \\
eHbbpar & $-0.00476295$ & $0.155574$ & $-0.0109688$ & $0.0318925$ & $0.015682$ & $0.0158325$ & $-0.0108909$ & $-0.025682$ & $-0.0171124$ & $-0.00462873$ & $0.0247241$ & $-0.00796176$ & $-0.00386612$ & $-0.00346524$ & $-0.0213648$ & $-0.00959908$ & $-0.00545122$ & $0.0114331$ & $0.00555354$ & $-0.0210199$ & $-0.0224603$ & $-0.0179347$ & $0.0399307$ & $0.0122139$ & $0.0119224$ & $-0.000322495$ & $0.0104862$ & $-0.0265113$ & $-0.0211845$ & $0.0143238$ & $0.00621052$ & $-0.000897016$ & $0.502453$ & $0.000400946$ & $-0.000857597$ & $0.0745993$ & $0.0384931$ & $-0.00183405$ & $0.0479727$ & $-0.0266734$ & $0.0304738$ & $-0.0268282$ & $0.0698341$ & $-0.0607206$ & $0.140148$ & $0.0300953$ & $-0.0448713$ & $-0.036951$ & $1$ \\
