 & AlsMz & dAle5Mz & mtop & mHl & Mz & CW & CHG & CHWB & CHWHB_gaga & CHWHB_gagaorth & CHD & CHbox & CH & CHL1_11 & CHL1_22 & CHL1_33 & CHL3_11 & CHL3_22 & CHL3_33 & CHe_11 & CHe_22 & CHe_33 & CHQ1_11 & CHQ1_33 & CHQ3_11 & CHu_11 & CHd_11 & CHd_33 & CeH_22r & CeH_33r & CuH_22r & CuH_33r & CdH_33r & CLL_1221 & eHggint & eHggpar & eHWWint & eHWWpar & eHZZint & eHZZpar & eHZgaint & eHZgapar & eHgagaint & eHmumuint & eHtautauint & eHccint & eHccpar & eHbbint & eHbbpar \\
AlsMz & $1$ & $-0.106644$ & $0.363423$ & $0.0340798$ & $-0.328035$ & $-0.0154245$ & $-0.130578$ & $-0.0151794$ & $-0.0153463$ & $-0.14206$ & $0.053057$ & $0.0755499$ & $-0.0716278$ & $-0.117476$ & $0.0778238$ & $-0.243975$ & $-0.0686442$ & $-0.162935$ & $0.188541$ & $-0.00925071$ & $0.0165476$ & $-0.0777678$ & $0.155755$ & $-0.0117943$ & $-0.0111116$ & $-0.195967$ & $0.0242718$ & $-0.0100391$ & $0.0155455$ & $0.0289552$ & $0.0221774$ & $-0.222836$ & $0.0148984$ & $-0.123024$ & $-0.0880554$ & $-0.104484$ & $0.0805503$ & $0.245473$ & $-0.00143784$ & $0.597803$ & $-0.3557$ & $0.0675236$ & $0.0402377$ & $-0.0800929$ & $-0.345622$ & $0.44642$ & $0.1886$ & $-0.745722$ & $-0.237907$ \\
dAle5Mz & $-0.106644$ & $1$ & $-0.493293$ & $0.563986$ & $-0.63006$ & $0.0553827$ & $-0.0322375$ & $0.358431$ & $0.359812$ & $0.038635$ & $-0.332502$ & $0.279511$ & $0.185453$ & $-0.0479462$ & $0.282622$ & $0.0157138$ & $-0.204504$ & $-0.32347$ & $-0.219379$ & $0.397159$ & $0.253729$ & $0.321508$ & $0.540479$ & $-0.252314$ & $-0.202988$ & $-0.401888$ & $0.299151$ & $-0.138859$ & $0.0158669$ & $0.0647668$ & $0.0146863$ & $0.0743046$ & $0.0400473$ & $-0.00522689$ & $-0.122061$ & $0.0140541$ & $0.180174$ & $-0.0275826$ & $-0.271577$ & $0.0848787$ & $0.129112$ & $0.0465113$ & $0.232113$ & $-0.223918$ & $0.315385$ & $0.515983$ & $-0.375466$ & $0.0188515$ & $0.178697$ \\
mtop & $0.363423$ & $-0.493293$ & $1$ & $-0.603411$ & $0.290833$ & $-0.0352835$ & $0.0835969$ & $-0.420122$ & $-0.413183$ & $0.204606$ & $0.368789$ & $0.130705$ & $-0.117763$ & $0.0241038$ & $-0.265092$ & $-0.113832$ & $0.247557$ & $0.302307$ & $0.352846$ & $-0.36202$ & $-0.314869$ & $-0.27886$ & $-0.193861$ & $0.273522$ & $0.367389$ & $0.283386$ & $0.0457989$ & $0.0623226$ & $0.002185$ & $0.0396678$ & $0.00247774$ & $0.199575$ & $0.0589643$ & $-0.0912038$ & $-0.0459277$ & $0.253174$ & $-0.385284$ & $0.179468$ & $0.0813416$ & $0.0401471$ & $-0.382497$ & $0.0716139$ & $-0.401523$ & $-0.321627$ & $-0.400296$ & $0.0365628$ & $0.39814$ & $-0.196705$ & $-0.140271$ \\
mHl & $0.0340798$ & $0.563986$ & $-0.603411$ & $1$ & $-0.489734$ & $-0.0325034$ & $-0.214248$ & $0.321635$ & $0.315483$ & $-0.00747544$ & $-0.31617$ & $-0.0129981$ & $0.216355$ & $0.0153067$ & $0.387647$ & $9.44539e-05$ & $-0.121181$ & $-0.299433$ & $-0.134043$ & $0.331369$ & $0.27248$ & $0.187773$ & $0.357978$ & $-0.212592$ & $-0.19618$ & $-0.352422$ & $0.0401816$ & $-0.120155$ & $0.0119305$ & $-0.00269651$ & $-0.00207521$ & $-0.373332$ & $-0.0291997$ & $-0.0278643$ & $-0.17483$ & $-0.515976$ & $0.681149$ & $0.165022$ & $-0.463056$ & $0.418398$ & $0.192388$ & $-0.0600232$ & $0.563497$ & $0.156527$ & $0.0591048$ & $0.346959$ & $-0.200418$ & $-0.247841$ & $0.111342$ \\
Mz & $-0.328035$ & $-0.63006$ & $0.290833$ & $-0.489734$ & $1$ & $0.0932867$ & $0.107114$ & $-0.419478$ & $-0.424011$ & $0.199267$ & $0.322108$ & $-0.303837$ & $-0.215997$ & $0.240458$ & $-0.290139$ & $0.0999156$ & $0.316567$ & $0.437178$ & $0.237385$ & $-0.408871$ & $-0.202266$ & $-0.290393$ & $-0.505855$ & $0.343006$ & $0.382842$ & $0.484732$ & $-0.124961$ & $0.129088$ & $-0.0238945$ & $-0.122027$ & $-0.045958$ & $0.0215754$ & $-0.101382$ & $-0.0359122$ & $0.112438$ & $0.258848$ & $-0.371978$ & $0.200666$ & $0.32648$ & $-0.4435$ & $-0.17052$ & $-0.0212706$ & $-0.123944$ & $-0.0813382$ & $-0.0612594$ & $-0.641435$ & $0.136697$ & $0.308077$ & $0.0426356$ \\
CW & $-0.0154245$ & $0.0553827$ & $-0.0352835$ & $-0.0325034$ & $0.0932867$ & $1$ & $-0.00327567$ & $-0.103629$ & $-0.104354$ & $0.0237588$ & $0.111653$ & $-0.00469279$ & $0.108107$ & $0.190853$ & $-0.0340451$ & $0.00725967$ & $-0.218385$ & $-0.0563429$ & $-0.0477109$ & $-0.0756572$ & $0.0484624$ & $0.0580133$ & $0.00344593$ & $0.017043$ & $-0.00566023$ & $0.0677619$ & $0.0853981$ & $0.0109466$ & $0.00219392$ & $-0.0221029$ & $-0.0230099$ & $-0.0311755$ & $-0.0224842$ & $-0.230125$ & $-0.122812$ & $0.197072$ & $-0.115577$ & $0.0884578$ & $-0.0581336$ & $-0.164658$ & $-0.0398833$ & $-0.0286614$ & $0.0224456$ & $-0.0348428$ & $0.14771$ & $-0.0824633$ & $0.0984203$ & $0.115991$ & $-0.108361$ \\
CHG & $-0.130578$ & $-0.0322375$ & $0.0835969$ & $-0.214248$ & $0.107114$ & $-0.00327567$ & $1$ & $-0.00892716$ & $0.0172545$ & $0.101928$ & $-0.0265944$ & $-0.142716$ & $-0.228243$ & $0.0835823$ & $-0.0274689$ & $-0.0462167$ & $0.0953451$ & $0.0535808$ & $0.0887218$ & $-0.0187219$ & $-0.0297917$ & $0.0639978$ & $-0.00801288$ & $0.0718962$ & $0.0772229$ & $0.0465947$ & $0.0595381$ & $-0.0218246$ & $0.0301585$ & $-0.376623$ & $-0.238702$ & $0.537696$ & $-0.500672$ & $0.0165355$ & $0.249625$ & $0.159533$ & $-0.18033$ & $-0.0937055$ & $0.249244$ & $0.0144426$ & $0.0840097$ & $-0.04276$ & $-0.213385$ & $-0.101754$ & $0.000786454$ & $0.0243693$ & $-0.171572$ & $0.0978597$ & $0.0939109$ \\
CHWB & $-0.0151794$ & $0.358431$ & $-0.420122$ & $0.321635$ & $-0.419478$ & $-0.103629$ & $-0.00892716$ & $1$ & $0.989046$ & $-0.241532$ & $-0.88145$ & $-0.00485162$ & $-0.0330206$ & $-0.0512957$ & $0.163326$ & $0.0755475$ & $-0.37811$ & $-0.397526$ & $-0.367842$ & $0.831282$ & $0.536661$ & $0.433615$ & $0.226808$ & $-0.527328$ & $-0.543056$ & $-0.439593$ & $0.126234$ & $-0.157626$ & $0.00194869$ & $0.0385843$ & $0.0432926$ & $0.0474852$ & $0.01849$ & $0.565905$ & $0.153201$ & $-0.136303$ & $0.331993$ & $-0.329181$ & $-0.00926204$ & $0.296992$ & $0.109938$ & $-0.149286$ & $0.00400074$ & $0.0550706$ & $0.201358$ & $0.299712$ & $-0.301291$ & $0.0417903$ & $0.120487$ \\
CHWHB_gaga & $-0.0153463$ & $0.359812$ & $-0.413183$ & $0.315483$ & $-0.424011$ & $-0.104354$ & $0.0172545$ & $0.989046$ & $1$ & $-0.250203$ & $-0.868359$ & $0.0147297$ & $-0.0221159$ & $-0.0615013$ & $0.160234$ & $0.0733292$ & $-0.38113$ & $-0.398376$ & $-0.366922$ & $0.822331$ & $0.532627$ & $0.427342$ & $0.234182$ & $-0.52487$ & $-0.539842$ & $-0.438654$ & $0.135144$ & $-0.153783$ & $0.00940166$ & $0.0617052$ & $0.0537822$ & $0.0546762$ & $0.0463003$ & $0.558673$ & $0.142016$ & $-0.138563$ & $0.323295$ & $-0.324186$ & $-0.0210162$ & $0.292093$ & $0.11395$ & $-0.141274$ & $-0.00250714$ & $0.0538006$ & $0.204186$ & $0.304919$ & $-0.297614$ & $0.0449124$ & $0.118895$ \\
CHWHB_gagaorth & $-0.14206$ & $0.038635$ & $0.204606$ & $-0.00747544$ & $0.199267$ & $0.0237588$ & $0.101928$ & $-0.241532$ & $-0.250203$ & $1$ & $-0.0582778$ & $-0.05825$ & $0.011529$ & $0.602284$ & $0.0678173$ & $0.217258$ & $0.635473$ & $0.427325$ & $0.281909$ & $-0.0773356$ & $-0.0703253$ & $0.00885933$ & $-0.0991306$ & $0.395567$ & $0.514433$ & $0.184855$ & $-0.163447$ & $0.0813932$ & $-0.0164517$ & $-0.132888$ & $-0.0839973$ & $0.0963175$ & $-0.145506$ & $-0.0996686$ & $-0.116196$ & $0.252752$ & $-0.0353813$ & $0.0269931$ & $0.0320344$ & $-0.101826$ & $-0.287052$ & $-0.0260895$ & $0.133858$ & $-0.297594$ & $-0.0774344$ & $-0.0722041$ & $0.153826$ & $0.0291811$ & $-0.0259301$ \\
CHD & $0.053057$ & $-0.332502$ & $0.368789$ & $-0.31617$ & $0.322108$ & $0.111653$ & $-0.0265944$ & $-0.88145$ & $-0.868359$ & $-0.0582778$ & $1$ & $0.14652$ & $0.0467048$ & $-0.291243$ & $-0.183879$ & $-0.150483$ & $0.0131243$ & $0.128477$ & $0.140035$ & $-0.844834$ & $-0.553917$ & $-0.483493$ & $-0.120755$ & $0.314831$ & $0.254808$ & $0.37008$ & $0.0367264$ & $0.11572$ & $0.00336882$ & $0.00188536$ & $-0.0174394$ & $-0.0466885$ & $0.0177777$ & $-0.486003$ & $-0.16372$ & $0.0494484$ & $-0.379875$ & $0.350532$ & $-0.0693222$ & $-0.27432$ & $0.0017183$ & $0.21065$ & $-0.105227$ & $0.0344766$ & $-0.150465$ & $-0.271513$ & $0.250296$ & $-0.0103132$ & $-0.108232$ \\
CHbox & $0.0755499$ & $0.279511$ & $0.130705$ & $-0.0129981$ & $-0.303837$ & $-0.00469279$ & $-0.142716$ & $-0.00485162$ & $0.0147297$ & $-0.05825$ & $0.14652$ & $1$ & $0.180377$ & $-0.4195$ & $0.05401$ & $0.0463615$ & $-0.347225$ & $-0.247624$ & $-0.257487$ & $0.128811$ & $-0.0476307$ & $-0.0738411$ & $0.475694$ & $-0.122899$ & $-0.139393$ & $-0.0992945$ & $0.508304$ & $0.0659052$ & $0.0424145$ & $0.236371$ & $0.029986$ & $0.10087$ & $0.216895$ & $-0.13022$ & $-0.525944$ & $0.0127382$ & $-0.341336$ & $0.301473$ & $-0.515451$ & $-0.0318814$ & $-0.0343491$ & $0.512921$ & $-0.205512$ & $-0.168991$ & $0.0745005$ & $0.280349$ & $-0.0751427$ & $0.0483607$ & $0.108389$ \\
CH & $-0.0716278$ & $0.185453$ & $-0.117763$ & $0.216355$ & $-0.215997$ & $0.108107$ & $-0.228243$ & $-0.0330206$ & $-0.0221159$ & $0.011529$ & $0.0467048$ & $0.180377$ & $1$ & $-0.11105$ & $0.119848$ & $0.0374505$ & $-0.151173$ & $-0.0886026$ & $-0.105963$ & $0.107283$ & $0.0752126$ & $-0.00610631$ & $0.272611$ & $-0.0197045$ & $-0.063443$ & $-0.244638$ & $0.0140963$ & $-0.00970171$ & $0.0375349$ & $0.167286$ & $0.0395859$ & $-0.173186$ & $0.165438$ & $-0.145132$ & $-0.470751$ & $-0.147168$ & $0.241821$ & $-0.0360821$ & $-0.491202$ & $-0.242419$ & $0.150623$ & $-0.239875$ & $0.20394$ & $0.0113992$ & $0.254989$ & $0.0743348$ & $0.551058$ & $0.16996$ & $-0.454943$ \\
CHL1_11 & $-0.117476$ & $-0.0479462$ & $0.0241038$ & $0.0153067$ & $0.240458$ & $0.190853$ & $0.0835823$ & $-0.0512957$ & $-0.0615013$ & $0.602284$ & $-0.291243$ & $-0.4195$ & $-0.11105$ & $1$ & $0.0474629$ & $0.163558$ & $0.513442$ & $0.449998$ & $0.384139$ & $0.0382029$ & $0.106688$ & $0.16658$ & $-0.284669$ & $0.338549$ & $0.450381$ & $0.156312$ & $-0.354426$ & $0.0242712$ & $-0.0153546$ & $-0.0748468$ & $-0.0604249$ & $-0.01398$ & $-0.0696834$ & $-0.0435242$ & $0.132391$ & $0.204062$ & $0.142599$ & $-0.094618$ & $0.248586$ & $-0.0329133$ & $-0.210872$ & $-0.180417$ & $0.234991$ & $-0.154199$ & $-0.0579776$ & $-0.119981$ & $0.0449398$ & $-0.0153375$ & $-0.000741468$ \\
CHL1_22 & $0.0778238$ & $0.282622$ & $-0.265092$ & $0.387647$ & $-0.290139$ & $-0.0340451$ & $-0.0274689$ & $0.163326$ & $0.160234$ & $0.0678173$ & $-0.183879$ & $0.05401$ & $0.119848$ & $0.0474629$ & $1$ & $0.130366$ & $-0.0644282$ & $-0.536041$ & $-0.117161$ & $0.245577$ & $0.114195$ & $0.0531387$ & $0.302259$ & $0.0748743$ & $-0.105859$ & $-0.00887853$ & $0.0730385$ & $0.0122829$ & $0.00717219$ & $-0.0259199$ & $-0.00104921$ & $-0.0457844$ & $-0.0406241$ & $-0.437774$ & $-0.254808$ & $-0.125826$ & $0.118519$ & $-0.028754$ & $-0.155453$ & $0.196256$ & $-0.127852$ & $0.0391842$ & $0.201346$ & $-0.107751$ & $0.169992$ & $0.228069$ & $-0.0049583$ & $-0.116542$ & $-0.0804031$ \\
CHL1_33 & $-0.243975$ & $0.0157138$ & $-0.113832$ & $9.44539e-05$ & $0.0999156$ & $0.00725967$ & $-0.0462167$ & $0.0755475$ & $0.0733292$ & $0.217258$ & $-0.150483$ & $0.0463615$ & $0.0374505$ & $0.163558$ & $0.130366$ & $1$ & $0.129377$ & $0.0586064$ & $-0.427943$ & $0.139272$ & $-0.0174841$ & $-0.104766$ & $-0.0794921$ & $0.185481$ & $0.0456071$ & $0.180596$ & $-0.160705$ & $0.0571596$ & $-0.00499588$ & $0.0195726$ & $-0.0121848$ & $-0.0377993$ & $0.0242643$ & $0.0241868$ & $-0.0940056$ & $0.139144$ & $-0.0713969$ & $-0.133914$ & $-0.02634$ & $-0.217054$ & $-0.141897$ & $0.177878$ & $0.180472$ & $-0.103227$ & $0.0217828$ & $-0.198297$ & $-0.0576754$ & $0.108004$ & $0.0785783$ \\
CHL3_11 & $-0.0686442$ & $-0.204504$ & $0.247557$ & $-0.121181$ & $0.316567$ & $-0.218385$ & $0.0953451$ & $-0.37811$ & $-0.38113$ & $0.635473$ & $0.0131243$ & $-0.347225$ & $-0.151173$ & $0.513442$ & $-0.0644282$ & $0.129377$ & $1$ & $0.63547$ & $0.519839$ & $-0.242881$ & $-0.125231$ & $-0.0722154$ & $-0.322312$ & $0.479835$ & $0.676167$ & $0.227512$ & $-0.393436$ & $0.130827$ & $-0.0129113$ & $-0.052676$ & $-0.0391023$ & $0.0421724$ & $-0.032869$ & $0.0210188$ & $0.151301$ & $0.158304$ & $0.0574616$ & $-0.0101496$ & $0.25637$ & $-0.0442998$ & $-0.233409$ & $-0.0972307$ & $0.16828$ & $-0.178329$ & $-0.239422$ & $-0.139248$ & $0.0957001$ & $-0.104542$ & $0.0503103$ \\
CHL3_22 & $-0.162935$ & $-0.32347$ & $0.302307$ & $-0.299433$ & $0.437178$ & $-0.0563429$ & $0.0535808$ & $-0.397526$ & $-0.398376$ & $0.427325$ & $0.128477$ & $-0.247624$ & $-0.0886026$ & $0.449998$ & $-0.536041$ & $0.0586064$ & $0.63547$ & $1$ & $0.485677$ & $-0.283725$ & $-0.192171$ & $-0.131658$ & $-0.431997$ & $0.375974$ & $0.626554$ & $0.173966$ & $-0.416116$ & $0.110711$ & $-0.00934503$ & $-0.0314984$ & $-0.0414818$ & $0.0150094$ & $-0.0052819$ & $0.377745$ & $0.220343$ & $0.21135$ & $0.0205123$ & $0.0267187$ & $0.237084$ & $-0.20818$ & $-0.0989505$ & $-0.0666424$ & $0.116342$ & $-0.104223$ & $-0.263046$ & $-0.282076$ & $0.0847884$ & $0.0158716$ & $0.128144$ \\
CHL3_33 & $0.188541$ & $-0.219379$ & $0.352846$ & $-0.134043$ & $0.237385$ & $-0.0477109$ & $0.0887218$ & $-0.367842$ & $-0.366922$ & $0.281909$ & $0.140035$ & $-0.257487$ & $-0.105963$ & $0.384139$ & $-0.117161$ & $-0.427943$ & $0.519839$ & $0.485677$ & $1$ & $-0.253271$ & $-0.121964$ & $-0.121609$ & $-0.243378$ & $0.331008$ & $0.608026$ & $0.0641802$ & $-0.215572$ & $0.110277$ & $0.0015728$ & $-0.0569372$ & $-0.0236846$ & $0.022257$ & $-0.046039$ & $-0.063084$ & $0.109391$ & $0.0745624$ & $0.0870257$ & $0.210982$ & $0.179673$ & $0.132277$ & $-0.171925$ & $-0.120436$ & $0.0841529$ & $-0.171706$ & $-0.278041$ & $0.0899887$ & $0.124606$ & $-0.231859$ & $0.00777734$ \\
CHe_11 & $-0.00925071$ & $0.397159$ & $-0.36202$ & $0.331369$ & $-0.408871$ & $-0.0756572$ & $-0.0187219$ & $0.831282$ & $0.822331$ & $-0.0773356$ & $-0.844834$ & $0.128811$ & $0.107283$ & $0.0382029$ & $0.245577$ & $0.139272$ & $-0.242881$ & $-0.283725$ & $-0.253271$ & $1$ & $0.555807$ & $0.440523$ & $0.277564$ & $-0.379957$ & $-0.346024$ & $-0.439891$ & $0.135454$ & $-0.0921359$ & $0.00798648$ & $-0.0123718$ & $0.00686572$ & $0.0213099$ & $-0.0438597$ & $0.330632$ & $-0.0348124$ & $-0.0842146$ & $0.281643$ & $-0.228091$ & $-0.116485$ & $0.232232$ & $0.017619$ & $-0.0950452$ & $0.0571714$ & $-0.0422462$ & $0.202817$ & $0.330385$ & $-0.20007$ & $0.0328414$ & $0.0681975$ \\
CHe_22 & $0.0165476$ & $0.253729$ & $-0.314869$ & $0.27248$ & $-0.202266$ & $0.0484624$ & $-0.0297917$ & $0.536661$ & $0.532627$ & $-0.0703253$ & $-0.553917$ & $-0.0476307$ & $0.0752126$ & $0.106688$ & $0.114195$ & $-0.0174841$ & $-0.125231$ & $-0.192171$ & $-0.121964$ & $0.555807$ & $1$ & $0.324067$ & $0.186575$ & $-0.336476$ & $-0.252303$ & $-0.351117$ & $0.13638$ & $-0.0354733$ & $0.00423221$ & $0.0127092$ & $0.0390776$ & $-0.0358056$ & $0.00594498$ & $0.203702$ & $-0.0652389$ & $-0.112553$ & $0.208242$ & $-0.12335$ & $-0.0581369$ & $0.174935$ & $-0.00391926$ & $-0.0853112$ & $0.0495609$ & $0.0506385$ & $0.23836$ & $0.202808$ & $-0.121201$ & $0.0150604$ & $-0.0183022$ \\
CHe_33 & $-0.0777678$ & $0.321508$ & $-0.27886$ & $0.187773$ & $-0.290393$ & $0.0580133$ & $0.0639978$ & $0.433615$ & $0.427342$ & $0.00885933$ & $-0.483493$ & $-0.0738411$ & $-0.00610631$ & $0.16658$ & $0.0531387$ & $-0.104766$ & $-0.0722154$ & $-0.131658$ & $-0.121609$ & $0.440523$ & $0.324067$ & $1$ & $0.0791543$ & $-0.309659$ & $-0.250153$ & $-0.220515$ & $0.047562$ & $-0.157317$ & $-0.00347153$ & $-0.0261192$ & $0.00945769$ & $0.0870041$ & $-0.0450687$ & $0.150925$ & $0.178568$ & $0.027763$ & $0.18019$ & $-0.255189$ & $0.0471058$ & $0.125152$ & $0.172232$ & $-0.224672$ & $-0.0316652$ & $0.0821738$ & $0.206331$ & $0.205317$ & $-0.122533$ & $0.140257$ & $-0.00662406$ \\
CHQ1_11 & $0.155755$ & $0.540479$ & $-0.193861$ & $0.357978$ & $-0.505855$ & $0.00344593$ & $-0.00801288$ & $0.226808$ & $0.234182$ & $-0.0991306$ & $-0.120755$ & $0.475694$ & $0.272611$ & $-0.284669$ & $0.302259$ & $-0.0794921$ & $-0.322312$ & $-0.431997$ & $-0.243378$ & $0.277564$ & $0.186575$ & $0.0791543$ & $1$ & $-0.231829$ & $-0.223494$ & $-0.468607$ & $0.584561$ & $-0.049585$ & $0.026829$ & $0.127255$ & $0.0340527$ & $0.20946$ & $0.0952906$ & $-0.133897$ & $-0.340462$ & $-0.094941$ & $-0.0584298$ & $0.156029$ & $-0.435066$ & $0.159002$ & $0.14381$ & $0.163739$ & $-0.0983472$ & $-0.179148$ & $0.189635$ & $0.495677$ & $-0.0892998$ & $-0.0734824$ & $-0.0608114$ \\
CHQ1_33 & $-0.0117943$ & $-0.252314$ & $0.273522$ & $-0.212592$ & $0.343006$ & $0.017043$ & $0.0718962$ & $-0.527328$ & $-0.52487$ & $0.395567$ & $0.314831$ & $-0.122899$ & $-0.0197045$ & $0.338549$ & $0.0748743$ & $0.185481$ & $0.479835$ & $0.375974$ & $0.331008$ & $-0.379957$ & $-0.336476$ & $-0.309659$ & $-0.231829$ & $1$ & $0.483451$ & $0.363209$ & $-0.226173$ & $0.222732$ & $0.00658505$ & $-0.0731401$ & $-0.0658527$ & $0.0177209$ & $-0.0626752$ & $-0.2992$ & $-0.0406768$ & $0.157635$ & $-0.175325$ & $0.10245$ & $0.11071$ & $-0.176539$ & $-0.211897$ & $0.0589665$ & $0.0895232$ & $-0.143492$ & $-0.103128$ & $-0.195191$ & $0.182326$ & $-0.0500015$ & $-0.0777372$ \\
CHQ3_11 & $-0.0111116$ & $-0.202988$ & $0.367389$ & $-0.19618$ & $0.382842$ & $-0.00566023$ & $0.0772229$ & $-0.543056$ & $-0.539842$ & $0.514433$ & $0.254808$ & $-0.139393$ & $-0.063443$ & $0.450381$ & $-0.105859$ & $0.0456071$ & $0.676167$ & $0.626554$ & $0.608026$ & $-0.346024$ & $-0.252303$ & $-0.250153$ & $-0.223494$ & $0.483451$ & $1$ & $0.150477$ & $-0.105808$ & $0.124921$ & $-0.00550744$ & $-0.0393203$ & $-0.035148$ & $0.0450249$ & $-0.0214415$ & $-0.138243$ & $-0.0603339$ & $0.195401$ & $-0.130299$ & $0.226668$ & $0.0969552$ & $-0.137487$ & $-0.279083$ & $-0.00763963$ & $0.0611409$ & $-0.249156$ & $-0.193767$ & $-0.103047$ & $0.184105$ & $-0.0845374$ & $-0.00839903$ \\
CHu_11 & $-0.195967$ & $-0.401888$ & $0.283386$ & $-0.352422$ & $0.484732$ & $0.0677619$ & $0.0465947$ & $-0.439593$ & $-0.438654$ & $0.184855$ & $0.37008$ & $-0.0992945$ & $-0.244638$ & $0.156312$ & $-0.00887853$ & $0.180596$ & $0.227512$ & $0.173966$ & $0.0641802$ & $-0.439891$ & $-0.351117$ & $-0.220515$ & $-0.468607$ & $0.363209$ & $0.150477$ & $1$ & $-0.116707$ & $0.137572$ & $-0.0115308$ & $-0.0524015$ & $-0.0309103$ & $-0.00206688$ & $-0.0259467$ & $-0.265246$ & $0.0282228$ & $0.151947$ & $-0.337597$ & $-0.00801872$ & $0.157807$ & $-0.299503$ & $-0.149301$ & $0.134422$ & $-0.133335$ & $0.0593935$ & $-0.0122525$ & $-0.42297$ & $0.0663306$ & $0.169396$ & $-0.0122815$ \\
CHd_11 & $0.0242718$ & $0.299151$ & $0.0457989$ & $0.0401816$ & $-0.124961$ & $0.0853981$ & $0.0595381$ & $0.126234$ & $0.135144$ & $-0.163447$ & $0.0367264$ & $0.508304$ & $0.0140963$ & $-0.354426$ & $0.0730385$ & $-0.160705$ & $-0.393436$ & $-0.416116$ & $-0.215572$ & $0.135454$ & $0.13638$ & $0.047562$ & $0.584561$ & $-0.226173$ & $-0.105808$ & $-0.116707$ & $1$ & $-0.0797138$ & $0.0156496$ & $0.0874919$ & $0.0307202$ & $0.273184$ & $0.064575$ & $-0.151601$ & $-0.371247$ & $-0.043751$ & $-0.419959$ & $0.238883$ & $-0.400384$ & $-0.0401043$ & $0.0171187$ & $0.156656$ & $-0.518955$ & $-0.0590115$ & $0.360228$ & $0.29544$ & $-0.0584767$ & $0.17654$ & $-0.103584$ \\
CHd_33 & $-0.0100391$ & $-0.138859$ & $0.0623226$ & $-0.120155$ & $0.129088$ & $0.0109466$ & $-0.0218246$ & $-0.157626$ & $-0.153783$ & $0.0813932$ & $0.11572$ & $0.0659052$ & $-0.00970171$ & $0.0242712$ & $0.0122829$ & $0.0571596$ & $0.130827$ & $0.110711$ & $0.110277$ & $-0.0921359$ & $-0.0354733$ & $-0.157317$ & $-0.049585$ & $0.222732$ & $0.124921$ & $0.137572$ & $-0.0797138$ & $1$ & $0.0132399$ & $0.0251956$ & $0.00997716$ & $-0.0150017$ & $0.0410497$ & $-0.0655831$ & $-0.0233214$ & $0.0700832$ & $-0.0662421$ & $0.0710262$ & $0.0377204$ & $-0.113465$ & $-0.0812984$ & $0.0698696$ & $0.0779043$ & $-0.0189472$ & $-0.0521832$ & $-0.161096$ & $0.0419948$ & $0.0113714$ & $-0.00760192$ \\
CeH_22r & $0.0155455$ & $0.0158669$ & $0.002185$ & $0.0119305$ & $-0.0238945$ & $0.00219392$ & $0.0301585$ & $0.00194869$ & $0.00940166$ & $-0.0164517$ & $0.00336882$ & $0.0424145$ & $0.0375349$ & $-0.0153546$ & $0.00717219$ & $-0.00499588$ & $-0.0129113$ & $-0.00934503$ & $0.0015728$ & $0.00798648$ & $0.00423221$ & $-0.00347153$ & $0.026829$ & $0.00658505$ & $-0.00550744$ & $-0.0115308$ & $0.0156496$ & $0.0132399$ & $1$ & $0.0419809$ & $0.0156844$ & $-0.0113382$ & $0.0461025$ & $-0.00371116$ & $-0.0343575$ & $-0.0133729$ & $0.00837587$ & $0.0134448$ & $-0.036155$ & $0.00727634$ & $-0.000170286$ & $0.00676463$ & $0.00381987$ & $-0.00353651$ & $0.00964924$ & $0.0259001$ & $0.00992529$ & $-0.00526246$ & $-0.0121664$ \\
CeH_33r & $0.0289552$ & $0.0647668$ & $0.0396678$ & $-0.00269651$ & $-0.122027$ & $-0.0221029$ & $-0.376623$ & $0.0385843$ & $0.0617052$ & $-0.132888$ & $0.00188536$ & $0.236371$ & $0.167286$ & $-0.0748468$ & $-0.0259199$ & $0.0195726$ & $-0.052676$ & $-0.0314984$ & $-0.0569372$ & $-0.0123718$ & $0.0127092$ & $-0.0261192$ & $0.127255$ & $-0.0731401$ & $-0.0393203$ & $-0.0524015$ & $0.0874919$ & $0.0251956$ & $0.0419809$ & $1$ & $0.300929$ & $-0.00243358$ & $0.697028$ & $0.0605345$ & $-0.130377$ & $-0.0463993$ & $-0.01535$ & $0.0290482$ & $-0.167283$ & $-0.0288805$ & $0.0334813$ & $0.0887404$ & $-0.0262997$ & $-0.0223779$ & $0.0299614$ & $0.10222$ & $0.0400388$ & $0.00194635$ & $-0.0137452$ \\
CuH_22r & $0.0221774$ & $0.0146863$ & $0.00247774$ & $-0.00207521$ & $-0.045958$ & $-0.0230099$ & $-0.238702$ & $0.0432926$ & $0.0537822$ & $-0.0839973$ & $-0.0174394$ & $0.029986$ & $0.0395859$ & $-0.0604249$ & $-0.00104921$ & $-0.0121848$ & $-0.0391023$ & $-0.0414818$ & $-0.0236846$ & $0.00686572$ & $0.0390776$ & $0.00945769$ & $0.0340527$ & $-0.0658527$ & $-0.035148$ & $-0.0309103$ & $0.0307202$ & $0.00997716$ & $0.0156844$ & $0.300929$ & $1$ & $0.00592875$ & $0.387362$ & $0.0355894$ & $0.00269953$ & $-0.0412508$ & $0.008531$ & $-0.0246991$ & $-0.0134488$ & $0.00902536$ & $0.0251545$ & $-0.00580144$ & $-0.0290111$ & $0.00661688$ & $0.0214443$ & $0.0389671$ & $0.00951778$ & $-0.00547957$ & $-0.0148132$ \\
CuH_33r & $-0.222836$ & $0.0743046$ & $0.199575$ & $-0.373332$ & $0.0215754$ & $-0.0311755$ & $0.537696$ & $0.0474852$ & $0.0546762$ & $0.0963175$ & $-0.0466885$ & $0.10087$ & $-0.173186$ & $-0.01398$ & $-0.0457844$ & $-0.0377993$ & $0.0421724$ & $0.0150094$ & $0.022257$ & $0.0213099$ & $-0.0358056$ & $0.0870041$ & $0.20946$ & $0.0177209$ & $0.0450249$ & $-0.00206688$ & $0.273184$ & $-0.0150017$ & $-0.0113382$ & $-0.00243358$ & $0.00592875$ & $1$ & $0.00639841$ & $0.0781444$ & $0.235905$ & $0.251251$ & $-0.379127$ & $-0.129007$ & $0.195115$ & $-0.0264268$ & $0.189385$ & $0.0427401$ & $-0.446148$ & $-0.245327$ & $0.0714415$ & $0.178837$ & $-0.241008$ & $0.212776$ & $0.137017$ \\
CdH_33r & $0.0148984$ & $0.0400473$ & $0.0589643$ & $-0.0291997$ & $-0.101382$ & $-0.0224842$ & $-0.500672$ & $0.01849$ & $0.0463003$ & $-0.145506$ & $0.0177777$ & $0.216895$ & $0.165438$ & $-0.0696834$ & $-0.0406241$ & $0.0242643$ & $-0.032869$ & $-0.0052819$ & $-0.046039$ & $-0.0438597$ & $0.00594498$ & $-0.0450687$ & $0.0952906$ & $-0.0626752$ & $-0.0214415$ & $-0.0259467$ & $0.064575$ & $0.0410497$ & $0.0461025$ & $0.697028$ & $0.387362$ & $0.00639841$ & $1$ & $0.0701953$ & $-0.113203$ & $-0.0554705$ & $-0.0185544$ & $0.00343181$ & $-0.151842$ & $-0.0384104$ & $0.0359262$ & $0.0757886$ & $-0.0350303$ & $-0.0164987$ & $0.0376963$ & $0.0796759$ & $0.0562077$ & $0.0121693$ & $-0.00964506$ \\
CLL_1221 & $-0.123024$ & $-0.00522689$ & $-0.0912038$ & $-0.0278643$ & $-0.0359122$ & $-0.230125$ & $0.0165355$ & $0.565905$ & $0.558673$ & $-0.0996686$ & $-0.486003$ & $-0.13022$ & $-0.145132$ & $-0.0435242$ & $-0.437774$ & $0.0241868$ & $0.0210188$ & $0.377745$ & $-0.063084$ & $0.330632$ & $0.203702$ & $0.150925$ & $-0.133897$ & $-0.2992$ & $-0.138243$ & $-0.265246$ & $-0.151601$ & $-0.0655831$ & $-0.00371116$ & $0.0605345$ & $0.0355894$ & $0.0781444$ & $0.0701953$ & $1$ & $0.387133$ & $-0.0180224$ & $0.264191$ & $-0.253553$ & $0.173751$ & $0.0979411$ & $0.123688$ & $-0.135265$ & $-0.00344446$ & $0.0484167$ & $-0.0710145$ & $0.0127833$ & $-0.24504$ & $0.0585476$ & $0.262293$ \\
eHggint & $-0.0880554$ & $-0.122061$ & $-0.0459277$ & $-0.17483$ & $0.112438$ & $-0.122812$ & $0.249625$ & $0.153201$ & $0.142016$ & $-0.116196$ & $-0.16372$ & $-0.525944$ & $-0.470751$ & $0.132391$ & $-0.254808$ & $-0.0940056$ & $0.151301$ & $0.220343$ & $0.109391$ & $-0.0348124$ & $-0.0652389$ & $0.178568$ & $-0.340462$ & $-0.0406768$ & $-0.0603339$ & $0.0282228$ & $-0.371247$ & $-0.0233214$ & $-0.0343575$ & $-0.130377$ & $0.00269953$ & $0.235905$ & $-0.113203$ & $0.387133$ & $1$ & $0.0696683$ & $0.162334$ & $-0.399373$ & $0.577649$ & $0.119412$ & $0.256292$ & $-0.310167$ & $-0.0730782$ & $0.0942224$ & $-0.170288$ & $-0.0523$ & $-0.381345$ & $-0.00244813$ & $0.294512$ \\
eHggpar & $-0.104484$ & $0.0140541$ & $0.253174$ & $-0.515976$ & $0.258848$ & $0.197072$ & $0.159533$ & $-0.136303$ & $-0.138563$ & $0.252752$ & $0.0494484$ & $0.0127382$ & $-0.147168$ & $0.204062$ & $-0.125826$ & $0.139144$ & $0.158304$ & $0.21135$ & $0.0745624$ & $-0.0842146$ & $-0.112553$ & $0.027763$ & $-0.094941$ & $0.157635$ & $0.195401$ & $0.151947$ & $-0.043751$ & $0.0700832$ & $-0.0133729$ & $-0.0463993$ & $-0.0412508$ & $0.251251$ & $-0.0554705$ & $-0.0180224$ & $0.0696683$ & $1$ & $-0.517229$ & $-0.0358848$ & $0.427955$ & $-0.375883$ & $-0.4285$ & $0.0402738$ & $-0.123953$ & $-0.62594$ & $-0.0224544$ & $-0.108273$ & $-0.0495032$ & $0.241551$ & $-0.0527657$ \\
eHWWint & $0.0805503$ & $0.180174$ & $-0.385284$ & $0.681149$ & $-0.371978$ & $-0.115577$ & $-0.18033$ & $0.331993$ & $0.323295$ & $-0.0353813$ & $-0.379875$ & $-0.341336$ & $0.241821$ & $0.142599$ & $0.118519$ & $-0.0713969$ & $0.0574616$ & $0.0205123$ & $0.0870257$ & $0.281643$ & $0.208242$ & $0.18019$ & $-0.0584298$ & $-0.175325$ & $-0.130299$ & $-0.337597$ & $-0.419959$ & $-0.0662421$ & $0.00837587$ & $-0.01535$ & $0.008531$ & $-0.379127$ & $-0.0185544$ & $0.264191$ & $0.162334$ & $-0.517229$ & $1$ & $-0.0877096$ & $-0.222381$ & $0.422478$ & $0.264382$ & $-0.411082$ & $0.580347$ & $0.28821$ & $-0.13472$ & $0.190047$ & $-0.0321588$ & $-0.223805$ & $0.0413575$ \\
eHWWpar & $0.245473$ & $-0.0275826$ & $0.179468$ & $0.165022$ & $0.200666$ & $0.0884578$ & $-0.0937055$ & $-0.329181$ & $-0.324186$ & $0.0269931$ & $0.350532$ & $0.301473$ & $-0.0360821$ & $-0.094618$ & $-0.028754$ & $-0.133914$ & $-0.0101496$ & $0.0267187$ & $0.210982$ & $-0.228091$ & $-0.12335$ & $-0.255189$ & $0.156029$ & $0.10245$ & $0.226668$ & $-0.00801872$ & $0.238883$ & $0.0710262$ & $0.0134448$ & $0.0290482$ & $-0.0246991$ & $-0.129007$ & $0.00343181$ & $-0.253553$ & $-0.399373$ & $-0.0358848$ & $-0.0877096$ & $1$ & $-0.295398$ & $0.15112$ & $-0.133696$ & $0.436046$ & $0.244978$ & $-0.211913$ & $-0.345508$ & $0.0651564$ & $-0.107686$ & $-0.277915$ & $0.237247$ \\
eHZZint & $-0.00143784$ & $-0.271577$ & $0.0813416$ & $-0.463056$ & $0.32648$ & $-0.0581336$ & $0.249244$ & $-0.00926204$ & $-0.0210162$ & $0.0320344$ & $-0.0693222$ & $-0.515451$ & $-0.491202$ & $0.248586$ & $-0.155453$ & $-0.02634$ & $0.25637$ & $0.237084$ & $0.179673$ & $-0.116485$ & $-0.0581369$ & $0.0471058$ & $-0.435066$ & $0.11071$ & $0.0969552$ & $0.157807$ & $-0.400384$ & $0.0377204$ & $-0.036155$ & $-0.167283$ & $-0.0134488$ & $0.195115$ & $-0.151842$ & $0.173751$ & $0.577649$ & $0.427955$ & $-0.222381$ & $-0.295398$ & $1$ & $0.00461332$ & $-0.250075$ & $-0.112263$ & $0.00754592$ & $-0.214138$ & $-0.168336$ & $-0.243862$ & $-0.158033$ & $-0.057481$ & $0.136379$ \\
eHZZpar & $0.597803$ & $0.0848787$ & $0.0401471$ & $0.418398$ & $-0.4435$ & $-0.164658$ & $0.0144426$ & $0.296992$ & $0.292093$ & $-0.101826$ & $-0.27432$ & $-0.0318814$ & $-0.242419$ & $-0.0329133$ & $0.196256$ & $-0.217054$ & $-0.0442998$ & $-0.20818$ & $0.132277$ & $0.232232$ & $0.174935$ & $0.125152$ & $0.159002$ & $-0.176539$ & $-0.137487$ & $-0.299503$ & $-0.0401043$ & $-0.113465$ & $0.00727634$ & $-0.0288805$ & $0.00902536$ & $-0.0264268$ & $-0.0384104$ & $0.0979411$ & $0.119412$ & $-0.375883$ & $0.422478$ & $0.15112$ & $0.00461332$ & $1$ & $-0.113955$ & $0.142702$ & $0.202698$ & $0.00956491$ & $-0.430831$ & $0.609505$ & $-0.270997$ & $-0.691532$ & $0.231572$ \\
eHZgaint & $-0.3557$ & $0.129112$ & $-0.382497$ & $0.192388$ & $-0.17052$ & $-0.0398833$ & $0.0840097$ & $0.109938$ & $0.11395$ & $-0.287052$ & $0.0017183$ & $-0.0343491$ & $0.150623$ & $-0.210872$ & $-0.127852$ & $-0.141897$ & $-0.233409$ & $-0.0989505$ & $-0.171925$ & $0.017619$ & $-0.00391926$ & $0.172232$ & $0.14381$ & $-0.211897$ & $-0.279083$ & $-0.149301$ & $0.0171187$ & $-0.0812984$ & $-0.000170286$ & $0.0334813$ & $0.0251545$ & $0.189385$ & $0.0359262$ & $0.123688$ & $0.256292$ & $-0.4285$ & $0.264382$ & $-0.133696$ & $-0.250075$ & $-0.113955$ & $1$ & $-0.152448$ & $-0.132442$ & $0.581439$ & $0.175364$ & $-0.0128766$ & $-0.163899$ & $0.286213$ & $0.0770767$ \\
eHZgapar & $0.0675236$ & $0.0465113$ & $0.0716139$ & $-0.0600232$ & $-0.0212706$ & $-0.0286614$ & $-0.04276$ & $-0.149286$ & $-0.141274$ & $-0.0260895$ & $0.21065$ & $0.512921$ & $-0.239875$ & $-0.180417$ & $0.0391842$ & $0.177878$ & $-0.0972307$ & $-0.0666424$ & $-0.120436$ & $-0.0950452$ & $-0.0853112$ & $-0.224672$ & $0.163739$ & $0.0589665$ & $-0.00763963$ & $0.134422$ & $0.156656$ & $0.0698696$ & $0.00676463$ & $0.0887404$ & $-0.00580144$ & $0.0427401$ & $0.0757886$ & $-0.135265$ & $-0.310167$ & $0.0402738$ & $-0.411082$ & $0.436046$ & $-0.112263$ & $0.142702$ & $-0.152448$ & $1$ & $0.0574869$ & $-0.126698$ & $-0.296942$ & $0.0857878$ & $-0.404469$ & $-0.269425$ & $0.46602$ \\
eHgagaint & $0.0402377$ & $0.232113$ & $-0.401523$ & $0.563497$ & $-0.123944$ & $0.0224456$ & $-0.213385$ & $0.00400074$ & $-0.00250714$ & $0.133858$ & $-0.105227$ & $-0.205512$ & $0.20394$ & $0.234991$ & $0.201346$ & $0.180472$ & $0.16828$ & $0.116342$ & $0.0841529$ & $0.0571714$ & $0.0495609$ & $-0.0316652$ & $-0.0983472$ & $0.0895232$ & $0.0611409$ & $-0.133335$ & $-0.518955$ & $0.0779043$ & $0.00381987$ & $-0.0262997$ & $-0.0290111$ & $-0.446148$ & $-0.0350303$ & $-0.00344446$ & $-0.0730782$ & $-0.123953$ & $0.580347$ & $0.244978$ & $0.00754592$ & $0.202698$ & $-0.132442$ & $0.0574869$ & $1$ & $-0.155971$ & $-0.22898$ & $-0.0651075$ & $-0.118673$ & $-0.34963$ & $0.226588$ \\
eHmumuint & $-0.0800929$ & $-0.223918$ & $-0.321627$ & $0.156527$ & $-0.0813382$ & $-0.0348428$ & $-0.101754$ & $0.0550706$ & $0.0538006$ & $-0.297594$ & $0.0344766$ & $-0.168991$ & $0.0113992$ & $-0.154199$ & $-0.107751$ & $-0.103227$ & $-0.178329$ & $-0.104223$ & $-0.171706$ & $-0.0422462$ & $0.0506385$ & $0.0821738$ & $-0.179148$ & $-0.143492$ & $-0.249156$ & $0.0593935$ & $-0.0590115$ & $-0.0189472$ & $-0.00353651$ & $-0.0223779$ & $0.00661688$ & $-0.245327$ & $-0.0164987$ & $0.0484167$ & $0.0942224$ & $-0.62594$ & $0.28821$ & $-0.211913$ & $-0.214138$ & $0.00956491$ & $0.581439$ & $-0.126698$ & $-0.155971$ & $1$ & $0.113572$ & $-0.19175$ & $0.0661993$ & $0.0769899$ & $-0.170968$ \\
eHtautauint & $-0.345622$ & $0.315385$ & $-0.400296$ & $0.0591048$ & $-0.0612594$ & $0.14771$ & $0.000786454$ & $0.201358$ & $0.204186$ & $-0.0774344$ & $-0.150465$ & $0.0745005$ & $0.254989$ & $-0.0579776$ & $0.169992$ & $0.0217828$ & $-0.239422$ & $-0.263046$ & $-0.278041$ & $0.202817$ & $0.23836$ & $0.206331$ & $0.189635$ & $-0.103128$ & $-0.193767$ & $-0.0122525$ & $0.360228$ & $-0.0521832$ & $0.00964924$ & $0.0299614$ & $0.0214443$ & $0.0714415$ & $0.0376963$ & $-0.0710145$ & $-0.170288$ & $-0.0224544$ & $-0.13472$ & $-0.345508$ & $-0.168336$ & $-0.430831$ & $0.175364$ & $-0.296942$ & $-0.22898$ & $0.113572$ & $1$ & $-0.0545535$ & $0.135664$ & $0.527651$ & $-0.318537$ \\
eHccint & $0.44642$ & $0.515983$ & $0.0365628$ & $0.346959$ & $-0.641435$ & $-0.0824633$ & $0.0243693$ & $0.299712$ & $0.304919$ & $-0.0722041$ & $-0.271513$ & $0.280349$ & $0.0743348$ & $-0.119981$ & $0.228069$ & $-0.198297$ & $-0.139248$ & $-0.282076$ & $0.0899887$ & $0.330385$ & $0.202808$ & $0.205317$ & $0.495677$ & $-0.195191$ & $-0.103047$ & $-0.42297$ & $0.29544$ & $-0.161096$ & $0.0259001$ & $0.10222$ & $0.0389671$ & $0.178837$ & $0.0796759$ & $0.0127833$ & $-0.0523$ & $-0.108273$ & $0.190047$ & $0.0651564$ & $-0.243862$ & $0.609505$ & $-0.0128766$ & $0.0857878$ & $-0.0651075$ & $-0.19175$ & $-0.0545535$ & $1$ & $-0.225494$ & $-0.430363$ & $0.095392$ \\
eHccpar & $0.1886$ & $-0.375466$ & $0.39814$ & $-0.200418$ & $0.136697$ & $0.0984203$ & $-0.171572$ & $-0.301291$ & $-0.297614$ & $0.153826$ & $0.250296$ & $-0.0751427$ & $0.551058$ & $0.0449398$ & $-0.0049583$ & $-0.0576754$ & $0.0957001$ & $0.0847884$ & $0.124606$ & $-0.20007$ & $-0.121201$ & $-0.122533$ & $-0.0892998$ & $0.182326$ & $0.184105$ & $0.0663306$ & $-0.0584767$ & $0.0419948$ & $0.00992529$ & $0.0400388$ & $0.00951778$ & $-0.241008$ & $0.0562077$ & $-0.24504$ & $-0.381345$ & $-0.0495032$ & $-0.0321588$ & $-0.107686$ & $-0.158033$ & $-0.270997$ & $-0.163899$ & $-0.404469$ & $-0.118673$ & $0.0661993$ & $0.135664$ & $-0.225494$ & $1$ & $0.0467787$ & $-0.682658$ \\
eHbbint & $-0.745722$ & $0.0188515$ & $-0.196705$ & $-0.247841$ & $0.308077$ & $0.115991$ & $0.0978597$ & $0.0417903$ & $0.0449124$ & $0.0291811$ & $-0.0103132$ & $0.0483607$ & $0.16996$ & $-0.0153375$ & $-0.116542$ & $0.108004$ & $-0.104542$ & $0.0158716$ & $-0.231859$ & $0.0328414$ & $0.0150604$ & $0.140257$ & $-0.0734824$ & $-0.0500015$ & $-0.0845374$ & $0.169396$ & $0.17654$ & $0.0113714$ & $-0.00526246$ & $0.00194635$ & $-0.00547957$ & $0.212776$ & $0.0121693$ & $0.0585476$ & $-0.00244813$ & $0.241551$ & $-0.223805$ & $-0.277915$ & $-0.057481$ & $-0.691532$ & $0.286213$ & $-0.269425$ & $-0.34963$ & $0.0769899$ & $0.527651$ & $-0.430363$ & $0.0467787$ & $1$ & $-0.110821$ \\
eHbbpar & $-0.237907$ & $0.178697$ & $-0.140271$ & $0.111342$ & $0.0426356$ & $-0.108361$ & $0.0939109$ & $0.120487$ & $0.118895$ & $-0.0259301$ & $-0.108232$ & $0.108389$ & $-0.454943$ & $-0.000741468$ & $-0.0804031$ & $0.0785783$ & $0.0503103$ & $0.128144$ & $0.00777734$ & $0.0681975$ & $-0.0183022$ & $-0.00662406$ & $-0.0608114$ & $-0.0777372$ & $-0.00839903$ & $-0.0122815$ & $-0.103584$ & $-0.00760192$ & $-0.0121664$ & $-0.0137452$ & $-0.0148132$ & $0.137017$ & $-0.00964506$ & $0.262293$ & $0.294512$ & $-0.0527657$ & $0.0413575$ & $0.237247$ & $0.136379$ & $0.231572$ & $0.0770767$ & $0.46602$ & $0.226588$ & $-0.170968$ & $-0.318537$ & $0.095392$ & $-0.682658$ & $-0.110821$ & $1$ \\
