 & AlsMz & dAle5Mz & mtop & mHl & Mz & CW & CHG & CHWB & CHWHB_gaga & CHWHB_gagaorth & CHD & CHbox & CH & CHL1_11 & CHL1_22 & CHL1_33 & CHL3_11 & CHL3_22 & CHL3_33 & CHe_11 & CHe_22 & CHe_33 & CHQ1_11 & CHQ1_33 & CHQ3_11 & CHu_11 & CHd_11 & CHd_33 & CeH_22r & CeH_33r & CuH_22r & CuH_33r & CdH_33r & CLL_1221 & eHggint & eHggpar & eHWWint & eHWWpar & eHZZint & eHZZpar & eHZgaint & eHZgapar & eHgagaint & eHmumuint & eHtautauint & eHccint & eHccpar & eHbbint & eHbbpar \\
AlsMz & $1$ & $-0.0360402$ & $0.0772926$ & $-0.0839005$ & $0.00328602$ & $0.00403432$ & $0.0152281$ & $-0.0228941$ & $-0.0192531$ & $0.0188687$ & $0.00196081$ & $0.00405079$ & $-0.0133363$ & $0.0203297$ & $0.0194971$ & $0.0180953$ & $0.0248023$ & $0.015386$ & $0.0161988$ & $-0.00710735$ & $-0.0146488$ & $-0.0139663$ & $-0.00149478$ & $-0.0223556$ & $-0.104144$ & $-0.0444432$ & $-0.0800581$ & $0.0107677$ & $0.00238677$ & $-0.0344508$ & $-0.0367912$ & $0.00129074$ & $-0.0623824$ & $-0.0369915$ & $-0.093854$ & $0.110077$ & $0.140405$ & $0.00620162$ & $0.0752628$ & $-0.0172359$ & $0.00590253$ & $-0.0216589$ & $0.0911906$ & $0.185667$ & $-0.0443178$ & $-0.0790788$ & $-0.0507858$ & $0.000387179$ & $-0.0650823$ \\
dAle5Mz & $-0.0360402$ & $1$ & $0.148092$ & $0.0879463$ & $-0.00847182$ & $0.00568521$ & $-0.0172097$ & $-0.0465059$ & $-0.0472284$ & $-0.00087835$ & $0.0435174$ & $0.011356$ & $-0.0028748$ & $-0.0341796$ & $-0.0348304$ & $-0.0362198$ & $-0.00237873$ & $0.00311626$ & $0.00469655$ & $-0.0235659$ & $-0.0145168$ & $-0.012666$ & $0.0214455$ & $-0.00371262$ & $0.0195719$ & $0.00882298$ & $0.0476371$ & $-0.00564435$ & $0.0122254$ & $0.00991955$ & $-0.010307$ & $-0.0195263$ & $-0.0700805$ & $0.0525663$ & $0.0606535$ & $-0.189813$ & $0.0168128$ & $0.00633388$ & $-0.0285303$ & $0.0213364$ & $-0.00996449$ & $0.0226077$ & $-0.00737135$ & $-0.190602$ & $0.072732$ & $0.184337$ & $-0.0857687$ & $-0.0483544$ & $-0.134742$ \\
mtop & $0.0772926$ & $0.148092$ & $1$ & $-0.0178786$ & $0.0107068$ & $0.00752324$ & $-0.0029618$ & $-0.00949295$ & $-0.0166462$ & $0.0103209$ & $0.0141847$ & $0.0231079$ & $0.0034765$ & $-0.00625814$ & $-0.00628723$ & $-0.0019028$ & $0.00327895$ & $0.00346403$ & $0.000348631$ & $-0.00437093$ & $-0.00321232$ & $-0.00404373$ & $0.00796603$ & $-8.35139e-05$ & $-0.00838259$ & $-0.00295395$ & $-0.00252395$ & $-0.00300164$ & $-0.00562255$ & $-0.0274284$ & $-0.0398406$ & $0.013113$ & $-0.126191$ & $0.00837154$ & $0.158984$ & $0.00996645$ & $0.104947$ & $0.0169017$ & $-0.0203829$ & $0.000215753$ & $0.00702907$ & $0.00941459$ & $-0.0540879$ & $0.00376743$ & $0.00851304$ & $-0.0776465$ & $-0.0670823$ & $-0.183408$ & $-0.169731$ \\
mHl & $-0.0839005$ & $0.0879463$ & $-0.0178786$ & $1$ & $0.00528414$ & $4.06105e-05$ & $-0.0228955$ & $-0.0165623$ & $-0.0140257$ & $0.018133$ & $0.0170366$ & $0.0174191$ & $0.00504126$ & $-0.00845089$ & $-0.00846806$ & $-0.0112571$ & $-0.00236301$ & $0.00322052$ & $0.00685287$ & $-0.0139308$ & $-0.0141644$ & $-0.0104819$ & $0.000241473$ & $0.0105027$ & $0.0073124$ & $0.00907109$ & $-0.00446012$ & $0.0020997$ & $-0.0111054$ & $0.00755913$ & $-0.00695368$ & $-0.00924693$ & $-0.0751192$ & $-0.00175558$ & $0.191284$ & $-0.13257$ & $-0.0770217$ & $0.0202651$ & $-0.0556799$ & $-0.000838663$ & $-0.0434438$ & $0.0195518$ & $0.0635233$ & $-0.0129608$ & $0.0452766$ & $0.11072$ & $-0.0538627$ & $-0.0745327$ & $-0.137392$ \\
Mz & $0.00328602$ & $-0.00847182$ & $0.0107068$ & $0.00528414$ & $1$ & $0.000656397$ & $0.00253034$ & $0.0111744$ & $0.010856$ & $-0.0116574$ & $0.00106512$ & $-0.00778441$ & $0.00619026$ & $0.00195367$ & $0.00391453$ & $0.00570514$ & $-0.00479979$ & $-0.00819941$ & $-0.00946523$ & $0.00775089$ & $0.0104592$ & $0.00947974$ & $0.0059726$ & $-0.00754989$ & $-0.0114145$ & $-0.0103235$ & $0.0019691$ & $0.00377022$ & $-0.00319096$ & $0.00405865$ & $-0.00162474$ & $0.00375137$ & $0.00639514$ & $0.00328913$ & $0.0077743$ & $0.00605198$ & $0.0112508$ & $-0.0100981$ & $-0.00662047$ & $0.00563576$ & $-0.00941435$ & $-0.00501894$ & $0.00399939$ & $0.0113848$ & $0.00870249$ & $-0.00529128$ & $0.00368965$ & $0.00376257$ & $0.0125827$ \\
CW & $0.00403432$ & $0.00568521$ & $0.00752324$ & $4.06105e-05$ & $0.000656397$ & $1$ & $0.0161241$ & $-0.118603$ & $-0.11367$ & $0.0101985$ & $0.181408$ & $0.0583322$ & $-0.00395236$ & $0.0147381$ & $-0.0811249$ & $-0.0778611$ & $-0.265657$ & $-0.0550244$ & $-0.0579372$ & $-0.17967$ & $-0.183592$ & $-0.183149$ & $-0.0165229$ & $-0.00306588$ & $-0.0965883$ & $0.110693$ & $-0.0770332$ & $-0.0498421$ & $-0.00332233$ & $0.0152395$ & $-0.00454947$ & $0.0173021$ & $0.00530386$ & $-0.114723$ & $-0.00572255$ & $-0.0170566$ & $0.001263$ & $-0.00810821$ & $-0.00886405$ & $0.00581581$ & $0.00730226$ & $0.00633562$ & $0.00408667$ & $-0.00997193$ & $0.00942942$ & $-0.00178039$ & $-0.019441$ & $0.0065472$ & $-0.0062312$ \\
CHG & $0.0152281$ & $-0.0172097$ & $-0.0029618$ & $-0.0228955$ & $0.00253034$ & $0.0161241$ & $1$ & $-0.12351$ & $-0.0721397$ & $0.0856797$ & $0.0696143$ & $0.105067$ & $-0.321053$ & $0.0648434$ & $-0.0255744$ & $-0.0275388$ & $0.109278$ & $0.118013$ & $0.119906$ & $-0.067832$ & $-0.0745544$ & $-0.0741067$ & $-0.0144256$ & $0.12968$ & $0.110482$ & $0.0425699$ & $-0.0557211$ & $-0.027254$ & $-0.000722275$ & $-0.134458$ & $-0.0803799$ & $0.932599$ & $-0.159985$ & $-0.0783452$ & $-0.0469806$ & $-0.0347373$ & $0.0149161$ & $0.0077842$ & $-0.0179352$ & $-0.00419721$ & $0.00174202$ & $-0.00178774$ & $0.00810368$ & $0.0106554$ & $0.00570687$ & $-0.00351476$ & $-0.0185266$ & $0.0105225$ & $-0.00524296$ \\
CHWB & $-0.0228941$ & $-0.0465059$ & $-0.00949295$ & $-0.0165623$ & $0.0111744$ & $-0.118603$ & $-0.12351$ & $1$ & $0.982839$ & $-0.572786$ & $-0.880621$ & $-0.385387$ & $0.346951$ & $0.100798$ & $0.310115$ & $0.303424$ & $-0.239777$ & $-0.438048$ & $-0.437843$ & $0.853163$ & $0.897383$ & $0.880647$ & $0.0649909$ & $-0.671424$ & $-0.400875$ & $-0.509117$ & $0.418883$ & $0.299349$ & $0.0167738$ & $0.105861$ & $0.053172$ & $-0.118499$ & $0.114221$ & $0.556075$ & $-0.00737638$ & $0.0130689$ & $-0.0329083$ & $-0.00473868$ & $0.0172564$ & $0.00922742$ & $0.0198735$ & $0.00327338$ & $-0.0338572$ & $0.00322193$ & $-0.000892368$ & $-0.016351$ & $0.00223164$ & $-0.00386629$ & $0.0192274$ \\
CHWHB_gaga & $-0.0192531$ & $-0.0472284$ & $-0.0166462$ & $-0.0140257$ & $0.010856$ & $-0.11367$ & $-0.0721397$ & $0.982839$ & $1$ & $-0.56261$ & $-0.86338$ & $-0.362956$ & $0.341136$ & $0.09428$ & $0.308186$ & $0.299879$ & $-0.240954$ & $-0.436879$ & $-0.435457$ & $0.836918$ & $0.879395$ & $0.862783$ & $0.0620487$ & $-0.661798$ & $-0.399863$ & $-0.498632$ & $0.408156$ & $0.293649$ & $0.0206483$ & $0.126153$ & $0.0593265$ & $-0.0771319$ & $0.132623$ & $0.543129$ & $-0.0222836$ & $0.00434868$ & $-0.035887$ & $-0.00627908$ & $0.0121631$ & $0.00864884$ & $0.0143043$ & $0.000896752$ & $0.0357934$ & $0.0038781$ & $-0.00584005$ & $-0.0160334$ & $-0.0085528$ & $0.00248135$ & $0.0166689$ \\
CHWHB_gagaorth & $0.0188687$ & $-0.00087835$ & $0.0103209$ & $0.018133$ & $-0.0116574$ & $0.0101985$ & $0.0856797$ & $-0.572786$ & $-0.56261$ & $1$ & $0.356114$ & $0.685267$ & $-0.251349$ & $0.232921$ & $-0.130704$ & $-0.124132$ & $0.437826$ & $0.494852$ & $0.491695$ & $-0.343117$ & $-0.373246$ & $-0.367975$ & $-0.0458513$ & $0.559329$ & $0.480452$ & $0.208601$ & $-0.237371$ & $-0.123769$ & $-0.00146274$ & $-0.127182$ & $-0.0633647$ & $0.101822$ & $-0.136484$ & $-0.350146$ & $0.044509$ & $0.00100026$ & $0.0164873$ & $0.00713084$ & $-0.0182922$ & $-0.0141699$ & $-0.0463397$ & $-0.00135789$ & $0.0157599$ & $0.00114276$ & $-0.010948$ & $0.025248$ & $0.00173162$ & $-0.00652516$ & $-0.0129291$ \\
CHD & $0.00196081$ & $0.0435174$ & $0.0141847$ & $0.0170366$ & $0.00106512$ & $0.181408$ & $0.0696143$ & $-0.880621$ & $-0.86338$ & $0.356114$ & $1$ & $0.346442$ & $-0.171488$ & $-0.513131$ & $-0.428696$ & $-0.420753$ & $-0.213619$ & $0.073417$ & $0.0745746$ & $-0.990483$ & $-0.990948$ & $-0.969947$ & $-0.0140599$ & $0.309514$ & $0.0238747$ & $0.566522$ & $-0.292043$ & $-0.327242$ & $-0.00735367$ & $-0.0602023$ & $-0.0335758$ & $0.0774296$ & $-0.0691529$ & $-0.364191$ & $0.0208756$ & $-0.00712402$ & $0.0245815$ & $-0.00016621$ & $-0.00927068$ & $-0.00600829$ & $-0.00851904$ & $-0.00422307$ & $0.0211951$ & $-0.00799433$ & $0.00754754$ & $-0.00346083$ & $0.00618908$ & $0.000322236$ & $-0.0247947$ \\
CHbox & $0.00405079$ & $0.011356$ & $0.0231079$ & $0.0174191$ & $-0.00778441$ & $0.0583322$ & $0.105067$ & $-0.385387$ & $-0.362956$ & $0.685267$ & $0.346442$ & $1$ & $-0.348986$ & $-0.0615669$ & $-0.0805527$ & $-0.0715389$ & $0.0656973$ & $0.132124$ & $0.12675$ & $-0.325129$ & $-0.358896$ & $-0.350826$ & $-0.0310227$ & $0.258421$ & $0.125155$ & $0.201356$ & $-0.198616$ & $-0.111932$ & $0.0129806$ & $0.0762336$ & $-0.0102187$ & $0.16384$ & $0.0658906$ & $-0.251022$ & $0.0936238$ & $0.0129267$ & $0.00980567$ & $0.00346326$ & $-0.0264533$ & $-0.0186375$ & $-0.0364081$ & $0.0020671$ & $-0.00359377$ & $-0.00177091$ & $-0.00960975$ & $0.0147554$ & $0.0106827$ & $-0.00761351$ & $-0.0168513$ \\
CH & $-0.0133363$ & $-0.0028748$ & $0.0034765$ & $0.00504126$ & $0.00619026$ & $-0.00395236$ & $-0.321053$ & $0.346951$ & $0.341136$ & $-0.251349$ & $-0.171488$ & $-0.348986$ & $1$ & $-0.238189$ & $0.08734$ & $0.0776426$ & $-0.354131$ & $-0.386332$ & $-0.380709$ & $0.168925$ & $0.181344$ & $0.17886$ & $0.0228876$ & $-0.388782$ & $-0.37251$ & $-0.0976433$ & $0.126863$ & $0.0628886$ & $0.0466265$ & $0.274469$ & $0.119675$ & $-0.266317$ & $0.30299$ & $0.204119$ & $0.0350178$ & $0.0196296$ & $-0.0217003$ & $-0.00539756$ & $0.0236375$ & $0.0147029$ & $0.0283594$ & $-0.00343621$ & $-0.00801365$ & $-0.0017479$ & $0.0115679$ & $-0.012732$ & $0.0100503$ & $-0.00584854$ & $-0.00916042$ \\
CHL1_11 & $0.0203297$ & $-0.0341796$ & $-0.00625814$ & $-0.00845089$ & $0.00195367$ & $0.0147381$ & $0.0648434$ & $0.100798$ & $0.09428$ & $0.232921$ & $-0.513131$ & $-0.0615669$ & $-0.238189$ & $1$ & $0.271296$ & $0.266246$ & $0.660049$ & $0.592669$ & $0.589716$ & $0.529572$ & $0.473477$ & $0.457674$ & $-0.0764993$ & $0.46621$ & $0.59255$ & $-0.273874$ & $-0.0959063$ & $0.153356$ & $-0.0165239$ & $-0.0515545$ & $-0.0232355$ & $0.0408976$ & $-0.0522147$ & $-0.210992$ & $-0.0359508$ & $-0.000890563$ & $0.0065635$ & $0.00673728$ & $-0.0122045$ & $0.000921804$ & $-0.0123468$ & $0.0070017$ & $0.0101703$ & $0.00818445$ & $-0.0154832$ & $0.0307413$ & $-0.0193069$ & $0.00692572$ & $0.0149745$ \\
CHL1_22 & $0.0194971$ & $-0.0348304$ & $-0.00628723$ & $-0.00846806$ & $0.00391453$ & $-0.0811249$ & $-0.0255744$ & $0.310115$ & $0.308186$ & $-0.130704$ & $-0.428696$ & $-0.0805527$ & $0.08734$ & $0.271296$ & $1$ & $0.448333$ & $0.1545$ & $-0.45563$ & $-0.0442813$ & $0.492682$ & $0.344901$ & $0.33369$ & $-0.17771$ & $0.0991204$ & $-0.14467$ & $-0.195285$ & $-0.389$ & $0.117991$ & $0.000796076$ & $0.0322318$ & $0.0302019$ & $-0.0256861$ & $0.040248$ & $-0.587873$ & $-0.00651369$ & $0.0230704$ & $0.0200084$ & $0.00294166$ & $-0.00900877$ & $-0.00114615$ & $-0.0030961$ & $-0.000283054$ & $0.0282641$ & $0.0214242$ & $-0.0154894$ & $0.0150028$ & $0.0118756$ & $0.0150214$ & $0.015538$ \\
CHL1_33 & $0.0180953$ & $-0.0362198$ & $-0.0019028$ & $-0.0112571$ & $0.00570514$ & $-0.0778611$ & $-0.0275388$ & $0.303424$ & $0.299879$ & $-0.124132$ & $-0.420753$ & $-0.0715389$ & $0.0776426$ & $0.266246$ & $0.448333$ & $1$ & $0.153405$ & $-0.0354729$ & $-0.443795$ & $0.484019$ & $0.339169$ & $0.356236$ & $-0.174861$ & $0.0953383$ & $-0.134085$ & $-0.187721$ & $-0.377403$ & $0.118644$ & $0.00827432$ & $0.0304533$ & $0.0274705$ & $-0.024019$ & $0.0406152$ & $-0.0977841$ & $0.00107058$ & $0.00746549$ & $0.00724734$ & $0.00230853$ & $-0.00351144$ & $0.00365678$ & $-0.00208515$ & $-0.00507214$ & $0.0181684$ & $0.0139404$ & $-0.0133031$ & $0.0196057$ & $-0.000912265$ & $0.0154093$ & $0.0144307$ \\
CHL3_11 & $0.0248023$ & $-0.00237873$ & $0.00327895$ & $-0.00236301$ & $-0.00479979$ & $-0.265657$ & $0.109278$ & $-0.239777$ & $-0.240954$ & $0.437826$ & $-0.213619$ & $0.0656973$ & $-0.354131$ & $0.660049$ & $0.1545$ & $0.153405$ & $1$ & $0.737417$ & $0.736067$ & $0.23406$ & $0.181804$ & $0.174324$ & $-0.0584117$ & $0.677823$ & $0.778418$ & $-0.114253$ & $-0.147257$ & $0.0497571$ & $-0.0155571$ & $-0.100425$ & $-0.0445419$ & $0.082512$ & $-0.0944132$ & $-0.243505$ & $-0.0183447$ & $-0.0157922$ & $0.00954118$ & $0.0103657$ & $-0.0133615$ & $-0.00964341$ & $-0.0234008$ & $-0.00116954$ & $0.0168162$ & $0.00929759$ & $-0.0121398$ & $0.0289015$ & $-0.0125824$ & $0.00179766$ & $0.0150916$ \\
CHL3_22 & $0.015386$ & $0.00311626$ & $0.00346403$ & $0.00322052$ & $-0.00819941$ & $-0.0550244$ & $0.118013$ & $-0.438048$ & $-0.436879$ & $0.494852$ & $0.073417$ & $0.132124$ & $-0.386332$ & $0.592669$ & $-0.45563$ & $-0.0354729$ & $0.737417$ & $1$ & $0.678508$ & $-0.0773874$ & $-0.0675541$ & $-0.065621$ & $0.0162589$ & $0.620593$ & $0.796109$ & $0.0304236$ & $0.000958522$ & $-0.0297426$ & $-0.018496$ & $-0.106833$ & $-0.0565246$ & $0.0952438$ & $-0.109377$ & $0.0383595$ & $-0.018583$ & $-0.0217272$ & $0.00160394$ & $0.00704528$ & $-0.00938526$ & $-0.00575075$ & $-0.0192702$ & $0.00128505$ & $0.00383674$ & $-0.00247138$ & $-0.00374269$ & $0.0228531$ & $-0.0218378$ & $-0.00334533$ & $0.00264488$ \\
CHL3_33 & $0.0161988$ & $0.00469655$ & $0.000348631$ & $0.00685287$ & $-0.00946523$ & $-0.0579372$ & $0.119906$ & $-0.437843$ & $-0.435457$ & $0.491695$ & $0.0745746$ & $0.12675$ & $-0.380709$ & $0.589716$ & $-0.0442813$ & $-0.443795$ & $0.736067$ & $0.678508$ & $1$ & $-0.0788406$ & $-0.0680822$ & $-0.0671183$ & $0.01741$ & $0.621892$ & $0.792588$ & $0.0280549$ & $0.00136392$ & $-0.0321003$ & $-0.0248203$ & $-0.107128$ & $-0.0562796$ & $0.0941795$ & $-0.111267$ & $-0.334173$ & $-0.0237735$ & $-0.0121789$ & $0.00977494$ & $0.00692649$ & $-0.0156164$ & $-0.0068298$ & $-0.0195484$ & $0.00524474$ & $0.0103951$ & $0.00297152$ & $-0.00557887$ & $0.0204193$ & $-0.0137261$ & $-0.00307299$ & $0.00215006$ \\
CHe_11 & $-0.00710735$ & $-0.0235659$ & $-0.00437093$ & $-0.0139308$ & $0.00775089$ & $-0.17967$ & $-0.067832$ & $0.853163$ & $0.836918$ & $-0.343117$ & $-0.990483$ & $-0.325129$ & $0.168925$ & $0.529572$ & $0.492682$ & $0.484019$ & $0.23406$ & $-0.0773874$ & $-0.0788406$ & $1$ & $0.972833$ & $0.952591$ & $-0.0112533$ & $-0.257493$ & $-0.0186112$ & $-0.555462$ & $0.219292$ & $0.322145$ & $0.00658622$ & $0.0609132$ & $0.0353147$ & $-0.0742149$ & $0.0683489$ & $0.287033$ & $-0.0168296$ & $0.00478728$ & $-0.0211737$ & $0.000486817$ & $0.00580394$ & $0.00619447$ & $0.00686022$ & $0.00435607$ & $-0.0174613$ & $0.00505166$ & $-0.00601216$ & $0.0108551$ & $-0.00717701$ & $-0.00207482$ & $0.0221081$ \\
CHe_22 & $-0.0146488$ & $-0.0145168$ & $-0.00321232$ & $-0.0141644$ & $0.0104592$ & $-0.183592$ & $-0.0745544$ & $0.897383$ & $0.879395$ & $-0.373246$ & $-0.990948$ & $-0.358896$ & $0.181344$ & $0.473477$ & $0.344901$ & $0.339169$ & $0.181804$ & $-0.0675541$ & $-0.0680822$ & $0.972833$ & $1$ & $0.97537$ & $0.0435066$ & $-0.364472$ & $-0.0275166$ & $-0.56973$ & $0.374162$ & $0.328193$ & $0.00814263$ & $0.0621685$ & $0.0321641$ & $-0.0820761$ & $0.0683014$ & $0.451162$ & $-0.0166973$ & $-7.99661e-05$ & $-0.0284811$ & $-0.000719788$ & $0.00922602$ & $0.00758464$ & $0.00992293$ & $0.00552125$ & $-0.0277804$ & $-0.000545275$ & $-0.00365591$ & $0.00457527$ & $-0.00864015$ & $-0.00506901$ & $0.0200409$ \\
CHe_33 & $-0.0139663$ & $-0.012666$ & $-0.00404373$ & $-0.0104819$ & $0.00947974$ & $-0.183149$ & $-0.0741067$ & $0.880647$ & $0.862783$ & $-0.367975$ & $-0.969947$ & $-0.350826$ & $0.17886$ & $0.457674$ & $0.33369$ & $0.356236$ & $0.174324$ & $-0.065621$ & $-0.0671183$ & $0.952591$ & $0.97537$ & $1$ & $0.0434421$ & $-0.359412$ & $-0.028515$ & $-0.557314$ & $0.369522$ & $0.322329$ & $0.00737634$ & $0.0608843$ & $0.0302609$ & $-0.081564$ & $0.0669578$ & $0.449717$ & $-0.0159094$ & $-0.00137666$ & $-0.0307576$ & $-0.00130086$ & $0.00828623$ & $0.00817227$ & $0.0105399$ & $0.00655885$ & $-0.0278825$ & $-0.000660253$ & $-0.00295362$ & $0.00617735$ & $-0.0092282$ & $-0.00444679$ & $0.018807$ \\
CHQ1_11 & $-0.00149478$ & $0.0214455$ & $0.00796603$ & $0.000241473$ & $0.0059726$ & $-0.0165229$ & $-0.0144256$ & $0.0649909$ & $0.0620487$ & $-0.0458513$ & $-0.0140599$ & $-0.0310227$ & $0.0228876$ & $-0.0764993$ & $-0.17771$ & $-0.174861$ & $-0.0584117$ & $0.0162589$ & $0.01741$ & $-0.0112533$ & $0.0435066$ & $0.0434421$ & $1$ & $-0.131199$ & $0.0976817$ & $-0.678716$ & $0.364998$ & $0.0193649$ & $0.00256066$ & $0.0149833$ & $0.00136182$ & $-0.0104871$ & $0.00957036$ & $0.210122$ & $0.00451859$ & $0.0086451$ & $-0.0202673$ & $0.00655075$ & $0.00716904$ & $0.00123678$ & $0.00677405$ & $0.000555055$ & $-0.0167515$ & $-0.0177397$ & $0.010823$ & $-0.0184679$ & $0.00978213$ & $-0.0149761$ & $0.00304296$ \\
CHQ1_33 & $-0.0223556$ & $-0.00371262$ & $-8.35139e-05$ & $0.0105027$ & $-0.00754989$ & $-0.00306588$ & $0.12968$ & $-0.671424$ & $-0.661798$ & $0.559329$ & $0.309514$ & $0.258421$ & $-0.388782$ & $0.46621$ & $0.0991204$ & $0.0953383$ & $0.677823$ & $0.620593$ & $0.621892$ & $-0.257493$ & $-0.364472$ & $-0.359412$ & $-0.131199$ & $1$ & $0.642929$ & $0.202845$ & $-0.413534$ & $-0.02764$ & $-0.0234617$ & $-0.107774$ & $-0.0460654$ & $0.113543$ & $-0.108583$ & $-0.627109$ & $-0.00466396$ & $-0.0133436$ & $0.027785$ & $0.00542052$ & $-0.027357$ & $-0.00608157$ & $-0.0222302$ & $-0.00143847$ & $0.0342989$ & $0.00139699$ & $-0.00867744$ & $0.0285203$ & $0.00346413$ & $0.0030281$ & $0.00706493$ \\
CHQ3_11 & $-0.104144$ & $0.0195719$ & $-0.00838259$ & $0.0073124$ & $-0.0114145$ & $-0.0965883$ & $0.110482$ & $-0.400875$ & $-0.399863$ & $0.480452$ & $0.0238747$ & $0.125155$ & $-0.37251$ & $0.59255$ & $-0.14467$ & $-0.134085$ & $0.778418$ & $0.796109$ & $0.792588$ & $-0.0186112$ & $-0.0275166$ & $-0.028515$ & $0.0976817$ & $0.642929$ & $1$ & $0.00447246$ & $0.216831$ & $-0.0198842$ & $-0.0110657$ & $-0.0973946$ & $-0.0509103$ & $0.0884373$ & $-0.0964691$ & $-0.187482$ & $-0.00892232$ & $-0.0363678$ & $-0.020229$ & $0.00798175$ & $-0.017106$ & $-0.000405999$ & $-0.0257172$ & $0.00660122$ & $-0.012687$ & $-0.0241121$ & $0.00135761$ & $0.0247951$ & $-0.0112137$ & $-0.00791871$ & $0.0141418$ \\
CHu_11 & $-0.0444432$ & $0.00882298$ & $-0.00295395$ & $0.00907109$ & $-0.0103235$ & $0.110693$ & $0.0425699$ & $-0.509117$ & $-0.498632$ & $0.208601$ & $0.566522$ & $0.201356$ & $-0.0976433$ & $-0.273874$ & $-0.195285$ & $-0.187721$ & $-0.114253$ & $0.0304236$ & $0.0280549$ & $-0.555462$ & $-0.56973$ & $-0.557314$ & $-0.678716$ & $0.202845$ & $0.00447246$ & $1$ & $-0.197912$ & $-0.192801$ & $0.00178608$ & $-0.0393331$ & $-0.0220581$ & $0.0456796$ & $-0.0364395$ & $-0.258555$ & $0.012615$ & $-0.0179635$ & $0.0119313$ & $-0.00600364$ & $-0.00344784$ & $-0.00164793$ & $-0.0086718$ & $-0.000984886$ & $0.00454878$ & $-0.000706107$ & $0.000311678$ & $0.00463366$ & $-0.00281976$ & $0.00323506$ & $-0.00756072$ \\
CHd_11 & $-0.0800581$ & $0.0476371$ & $-0.00252395$ & $-0.00446012$ & $0.0019691$ & $-0.0770332$ & $-0.0557211$ & $0.418883$ & $0.408156$ & $-0.237371$ & $-0.292043$ & $-0.198616$ & $0.126863$ & $-0.0959063$ & $-0.389$ & $-0.377403$ & $-0.147257$ & $0.000958522$ & $0.00136392$ & $0.219292$ & $0.374162$ & $0.369522$ & $0.364998$ & $-0.413534$ & $0.216831$ & $-0.197912$ & $1$ & $0.104877$ & $0.0180283$ & $0.0381259$ & $0.00305106$ & $-0.0562268$ & $0.0353506$ & $0.685065$ & $0.00245521$ & $-0.0278198$ & $-0.0548002$ & $-0.00388522$ & $0.0188734$ & $0.0134359$ & $0.00859626$ & $0.00777649$ & $-0.0648875$ & $-0.0327748$ & $0.0185461$ & $-0.0273849$ & $-0.00420433$ & $-0.0286991$ & $0.00575627$ \\
CHd_33 & $0.0107677$ & $-0.00564435$ & $-0.00300164$ & $0.0020997$ & $0.00377022$ & $-0.0498421$ & $-0.027254$ & $0.299349$ & $0.293649$ & $-0.123769$ & $-0.327242$ & $-0.111932$ & $0.0628886$ & $0.153356$ & $0.117991$ & $0.118644$ & $0.0497571$ & $-0.0297426$ & $-0.0321003$ & $0.322145$ & $0.328193$ & $0.322329$ & $0.0193649$ & $-0.02764$ & $-0.0198842$ & $-0.192801$ & $0.104877$ & $1$ & $0.00108132$ & $0.0277785$ & $0.0124892$ & $-0.0319297$ & $0.0253612$ & $0.14682$ & $-0.00958105$ & $0.00454257$ & $-0.00897347$ & $-0.00430945$ & $-0.00193233$ & $-0.0122117$ & $-0.00242072$ & $0.00357118$ & $-0.00305203$ & $0.0152434$ & $-0.00866213$ & $0.00556102$ & $-0.00101653$ & $-0.00179432$ & $0.00697929$ \\
CeH_22r & $0.00238677$ & $0.0122254$ & $-0.00562255$ & $-0.0111054$ & $-0.00319096$ & $-0.00332233$ & $-0.000722275$ & $0.0167738$ & $0.0206483$ & $-0.00146274$ & $-0.00735367$ & $0.0129806$ & $0.0466265$ & $-0.0165239$ & $0.000796076$ & $0.00827432$ & $-0.0155571$ & $-0.018496$ & $-0.0248203$ & $0.00658622$ & $0.00814263$ & $0.00737634$ & $0.00256066$ & $-0.0234617$ & $-0.0110657$ & $0.00178608$ & $0.0180283$ & $0.00108132$ & $1$ & $0.0397805$ & $0.00926444$ & $-0.016384$ & $0.0458128$ & $0.0159137$ & $-0.0254153$ & $-0.0254332$ & $-0.01488$ & $0.00234484$ & $0.00729887$ & $0.0096713$ & $-0.00333856$ & $0.00612744$ & $-0.0225303$ & $0.00683877$ & $-0.00102419$ & $0.00924178$ & $-0.0191615$ & $0.00602416$ & $0.00466037$ \\
CeH_33r & $-0.0344508$ & $0.00991955$ & $-0.0274284$ & $0.00755913$ & $0.00405865$ & $0.0152395$ & $-0.134458$ & $0.105861$ & $0.126153$ & $-0.127182$ & $-0.0602023$ & $0.0762336$ & $0.274469$ & $-0.0515545$ & $0.0322318$ & $0.0304533$ & $-0.100425$ & $-0.106833$ & $-0.107128$ & $0.0609132$ & $0.0621685$ & $0.0608843$ & $0.0149833$ & $-0.107774$ & $-0.0973946$ & $-0.0393331$ & $0.0381259$ & $0.0277785$ & $0.0397805$ & $1$ & $0.295118$ & $0.0106167$ & $0.617485$ & $0.0546351$ & $-0.0302095$ & $-0.0582024$ & $-0.181083$ & $-0.0181164$ & $-0.00735729$ & $0.00244878$ & $-0.0335735$ & $-0.0016373$ & $-0.0269885$ & $0.0176131$ & $0.0875968$ & $0.0127294$ & $-0.0270767$ & $0.00585968$ & $0.0196463$ \\
CuH_22r & $-0.0367912$ & $-0.010307$ & $-0.0398406$ & $-0.00695368$ & $-0.00162474$ & $-0.00454947$ & $-0.0803799$ & $0.053172$ & $0.0593265$ & $-0.0633647$ & $-0.0335758$ & $-0.0102187$ & $0.119675$ & $-0.0232355$ & $0.0302019$ & $0.0274705$ & $-0.0445419$ & $-0.0565246$ & $-0.0562796$ & $0.0353147$ & $0.0321641$ & $0.0302609$ & $0.00136182$ & $-0.0460654$ & $-0.0509103$ & $-0.0220581$ & $0.00305106$ & $0.0124892$ & $0.00926444$ & $0.295118$ & $1$ & $0.00742138$ & $0.307867$ & $0.0154288$ & $-0.00589833$ & $0.0367398$ & $-0.0702494$ & $-0.0113758$ & $-0.00346067$ & $-0.00265907$ & $-0.023157$ & $-0.0195887$ & $-0.0395073$ & $-0.00435449$ & $0.00234858$ & $0.0327612$ & $0.346781$ & $-0.0137911$ & $-0.00460554$ \\
CuH_33r & $0.00129074$ & $-0.0195263$ & $0.013113$ & $-0.00924693$ & $0.00375137$ & $0.0173021$ & $0.932599$ & $-0.118499$ & $-0.0771319$ & $0.101822$ & $0.0774296$ & $0.16384$ & $-0.266317$ & $0.0408976$ & $-0.0256861$ & $-0.024019$ & $0.082512$ & $0.0952438$ & $0.0941795$ & $-0.0742149$ & $-0.0820761$ & $-0.081564$ & $-0.0104871$ & $0.113543$ & $0.0884373$ & $0.0456796$ & $-0.0562268$ & $-0.0319297$ & $-0.016384$ & $0.0106167$ & $0.00742138$ & $1$ & $0.00506265$ & $-0.0752095$ & $0.0427842$ & $-0.0131776$ & $-0.0217907$ & $0.00801545$ & $-0.00207399$ & $-0.00507851$ & $0.00970382$ & $-0.00101707$ & $0.00930314$ & $0.00759228$ & $-0.00162354$ & $-0.009741$ & $-0.00936447$ & $-0.00313572$ & $-0.00226226$ \\
CdH_33r & $-0.0623824$ & $-0.0700805$ & $-0.126191$ & $-0.0751192$ & $0.00639514$ & $0.00530386$ & $-0.159985$ & $0.114221$ & $0.132623$ & $-0.136484$ & $-0.0691529$ & $0.0658906$ & $0.30299$ & $-0.0522147$ & $0.040248$ & $0.0406152$ & $-0.0944132$ & $-0.109377$ & $-0.111267$ & $0.0683489$ & $0.0683014$ & $0.0669578$ & $0.00957036$ & $-0.108583$ & $-0.0964691$ & $-0.0364395$ & $0.0353506$ & $0.0253612$ & $0.0458128$ & $0.617485$ & $0.307867$ & $0.00506265$ & $1$ & $0.0530539$ & $-0.0918903$ & $-0.0322007$ & $-0.282119$ & $-0.0346633$ & $-0.0191769$ & $-0.00659989$ & $0.0176274$ & $-0.000254541$ & $-0.0460554$ & $0.00677098$ & $-0.0665063$ & $-0.0636074$ & $-0.0335416$ & $0.187964$ & $0.542444$ \\
CLL_1221 & $-0.0369915$ & $0.0525663$ & $0.00837154$ & $-0.00175558$ & $0.00328913$ & $-0.114723$ & $-0.0783452$ & $0.556075$ & $0.543129$ & $-0.350146$ & $-0.364191$ & $-0.251022$ & $0.204119$ & $-0.210992$ & $-0.587873$ & $-0.0977841$ & $-0.243505$ & $0.0383595$ & $-0.334173$ & $0.287033$ & $0.451162$ & $0.449717$ & $0.210122$ & $-0.627109$ & $-0.187482$ & $-0.258555$ & $0.685065$ & $0.14682$ & $0.0159137$ & $0.0546351$ & $0.0154288$ & $-0.0752095$ & $0.0530539$ & $1$ & $0.00646653$ & $-0.0221142$ & $-0.0447894$ & $-0.00507951$ & $0.0217972$ & $0.0073474$ & $0.0167595$ & $0.00206077$ & $-0.052915$ & $-0.026034$ & $0.0161629$ & $-0.0168378$ & $-0.0117099$ & $-0.0190223$ & $-0.00288457$ \\
eHggint & $-0.093854$ & $0.0606535$ & $0.158984$ & $0.191284$ & $0.0077743$ & $-0.00572255$ & $-0.0469806$ & $-0.00737638$ & $-0.0222836$ & $0.044509$ & $0.0208756$ & $0.0936238$ & $0.0350178$ & $-0.0359508$ & $-0.00651369$ & $0.00107058$ & $-0.0183447$ & $-0.018583$ & $-0.0237735$ & $-0.0168296$ & $-0.0166973$ & $-0.0159094$ & $0.00451859$ & $-0.00466396$ & $-0.00892232$ & $0.012615$ & $0.00245521$ & $-0.00958105$ & $-0.0254153$ & $-0.0302095$ & $-0.00589833$ & $0.0427842$ & $-0.0918903$ & $0.00646653$ & $1$ & $-0.235529$ & $-0.0754305$ & $0.021362$ & $-0.0162445$ & $0.0225645$ & $0.0509372$ & $0.0246159$ & $0.0270206$ & $-0.0955507$ & $-0.0963093$ & $0.0389029$ & $-0.000572927$ & $-0.0888348$ & $-0.12503$ \\
eHggpar & $0.110077$ & $-0.189813$ & $0.00996645$ & $-0.13257$ & $0.00605198$ & $-0.0170566$ & $-0.0347373$ & $0.0130689$ & $0.00434868$ & $0.00100026$ & $-0.00712402$ & $0.0129267$ & $0.0196296$ & $-0.000890563$ & $0.0230704$ & $0.00746549$ & $-0.0157922$ & $-0.0217272$ & $-0.0121789$ & $0.00478728$ & $-7.99661e-05$ & $-0.00137666$ & $0.0086451$ & $-0.0133436$ & $-0.0363678$ & $-0.0179635$ & $-0.0278198$ & $0.00454257$ & $-0.0254332$ & $-0.0582024$ & $0.0367398$ & $-0.0131776$ & $-0.0322007$ & $-0.0221142$ & $-0.235529$ & $1$ & $0.183715$ & $0.0125816$ & $0.12146$ & $-0.0164808$ & $0.13912$ & $-0.0432607$ & $0.0301651$ & $0.0413015$ & $0.0378598$ & $-0.174848$ & $0.201873$ & $-0.0178523$ & $0.0444609$ \\
eHWWint & $0.140405$ & $0.0168128$ & $0.104947$ & $-0.0770217$ & $0.0112508$ & $0.001263$ & $0.0149161$ & $-0.0329083$ & $-0.035887$ & $0.0164873$ & $0.0245815$ & $0.00980567$ & $-0.0217003$ & $0.0065635$ & $0.0200084$ & $0.00724734$ & $0.00954118$ & $0.00160394$ & $0.00977494$ & $-0.0211737$ & $-0.0284811$ & $-0.0307576$ & $-0.0202673$ & $0.027785$ & $-0.020229$ & $0.0119313$ & $-0.0548002$ & $-0.00897347$ & $-0.01488$ & $-0.181083$ & $-0.0702494$ & $-0.0217907$ & $-0.282119$ & $-0.0447894$ & $-0.0754305$ & $0.183715$ & $1$ & $0.0079944$ & $-0.0283102$ & $-0.00531357$ & $0.102656$ & $-0.0126707$ & $0.0942962$ & $-0.0700751$ & $0.0354135$ & $-0.0254778$ & $0.0670645$ & $-0.0437745$ & $-0.168444$ \\
eHWWpar & $0.00620162$ & $0.00633388$ & $0.0169017$ & $0.0202651$ & $-0.0100981$ & $-0.00810821$ & $0.0077842$ & $-0.00473868$ & $-0.00627908$ & $0.00713084$ & $-0.00016621$ & $0.00346326$ & $-0.00539756$ & $0.00673728$ & $0.00294166$ & $0.00230853$ & $0.0103657$ & $0.00704528$ & $0.00692649$ & $0.000486817$ & $-0.000719788$ & $-0.00130086$ & $0.00655075$ & $0.00542052$ & $0.00798175$ & $-0.00600364$ & $-0.00388522$ & $-0.00430945$ & $0.00234484$ & $-0.0181164$ & $-0.0113758$ & $0.00801545$ & $-0.0346633$ & $-0.00507951$ & $0.021362$ & $0.0125816$ & $0.0079944$ & $1$ & $0.0151912$ & $-0.0032839$ & $0.00244797$ & $-0.0142158$ & $-0.000102271$ & $-0.0104784$ & $0.0151436$ & $0.0045834$ & $0.00828277$ & $-0.00280226$ & $-0.0152681$ \\
eHZZint & $0.0752628$ & $-0.0285303$ & $-0.0203829$ & $-0.0556799$ & $-0.00662047$ & $-0.00886405$ & $-0.0179352$ & $0.0172564$ & $0.0121631$ & $-0.0182922$ & $-0.00927068$ & $-0.0264533$ & $0.0236375$ & $-0.0122045$ & $-0.00900877$ & $-0.00351144$ & $-0.0133615$ & $-0.00938526$ & $-0.0156164$ & $0.00580394$ & $0.00922602$ & $0.00828623$ & $0.00716904$ & $-0.027357$ & $-0.017106$ & $-0.00344784$ & $0.0188734$ & $-0.00193233$ & $0.00729887$ & $-0.00735729$ & $-0.00346067$ & $-0.00207399$ & $-0.0191769$ & $0.0217972$ & $-0.0162445$ & $0.12146$ & $-0.0283102$ & $0.0151912$ & $1$ & $-0.0119744$ & $0.0788232$ & $-0.0250014$ & $0.00797521$ & $0.154591$ & $0.0504548$ & $-0.0877931$ & $0.0145867$ & $-0.0700223$ & $-0.00468393$ \\
eHZZpar & $-0.0172359$ & $0.0213364$ & $0.000215753$ & $-0.000838663$ & $0.00563576$ & $0.00581581$ & $-0.00419721$ & $0.00922742$ & $0.00864884$ & $-0.0141699$ & $-0.00600829$ & $-0.0186375$ & $0.0147029$ & $0.000921804$ & $-0.00114615$ & $0.00365678$ & $-0.00964341$ & $-0.00575075$ & $-0.0068298$ & $0.00619447$ & $0.00758464$ & $0.00817227$ & $0.00123678$ & $-0.00608157$ & $-0.000405999$ & $-0.00164793$ & $0.0134359$ & $-0.0122117$ & $0.0096713$ & $0.00244878$ & $-0.00265907$ & $-0.00507851$ & $-0.00659989$ & $0.0073474$ & $0.0225645$ & $-0.0164808$ & $-0.00531357$ & $-0.0032839$ & $-0.0119744$ & $1$ & $-0.00768623$ & $-4.49877e-05$ & $-0.0104178$ & $-0.00628762$ & $0.00414972$ & $0.0073315$ & $-0.0232831$ & $-0.00887478$ & $-0.00347982$ \\
eHZgaint & $0.00590253$ & $-0.00996449$ & $0.00702907$ & $-0.0434438$ & $-0.00941435$ & $0.00730226$ & $0.00174202$ & $0.0198735$ & $0.0143043$ & $-0.0463397$ & $-0.00851904$ & $-0.0364081$ & $0.0283594$ & $-0.0123468$ & $-0.0030961$ & $-0.00208515$ & $-0.0234008$ & $-0.0192702$ & $-0.0195484$ & $0.00686022$ & $0.00992293$ & $0.0105399$ & $0.00677405$ & $-0.0222302$ & $-0.0257172$ & $-0.0086718$ & $0.00859626$ & $-0.00242072$ & $-0.00333856$ & $-0.0335735$ & $-0.023157$ & $0.00970382$ & $0.0176274$ & $0.0167595$ & $0.0509372$ & $0.13912$ & $0.102656$ & $0.00244797$ & $0.0788232$ & $-0.00768623$ & $1$ & $-0.0172262$ & $-0.0190328$ & $-0.11774$ & $-0.135954$ & $-0.149852$ & $0.0114542$ & $0.0213321$ & $0.0622623$ \\
eHZgapar & $-0.0216589$ & $0.0226077$ & $0.00941459$ & $0.0195518$ & $-0.00501894$ & $0.00633562$ & $-0.00178774$ & $0.00327338$ & $0.000896752$ & $-0.00135789$ & $-0.00422307$ & $0.0020671$ & $-0.00343621$ & $0.0070017$ & $-0.000283054$ & $-0.00507214$ & $-0.00116954$ & $0.00128505$ & $0.00524474$ & $0.00435607$ & $0.00552125$ & $0.00655885$ & $0.000555055$ & $-0.00143847$ & $0.00660122$ & $-0.000984886$ & $0.00777649$ & $0.00357118$ & $0.00612744$ & $-0.0016373$ & $-0.0195887$ & $-0.00101707$ & $-0.000254541$ & $0.00206077$ & $0.0246159$ & $-0.0432607$ & $-0.0126707$ & $-0.0142158$ & $-0.0250014$ & $-4.49877e-05$ & $-0.0172262$ & $1$ & $-0.0146646$ & $-0.00608539$ & $-0.00535886$ & $0.030361$ & $-0.0313892$ & $-0.0109164$ & $0.00913268$ \\
eHgagaint & $0.0911906$ & $-0.00737135$ & $-0.0540879$ & $0.0635233$ & $0.00399939$ & $0.00408667$ & $0.00810368$ & $-0.0338572$ & $0.0357934$ & $0.0157599$ & $0.0211951$ & $-0.00359377$ & $-0.00801365$ & $0.0101703$ & $0.0282641$ & $0.0181684$ & $0.0168162$ & $0.00383674$ & $0.0103951$ & $-0.0174613$ & $-0.0277804$ & $-0.0278825$ & $-0.0167515$ & $0.0342989$ & $-0.012687$ & $0.00454878$ & $-0.0648875$ & $-0.00305203$ & $-0.0225303$ & $-0.0269885$ & $-0.0395073$ & $0.00930314$ & $-0.0460554$ & $-0.052915$ & $0.0270206$ & $0.0301651$ & $0.0942962$ & $-0.000102271$ & $0.00797521$ & $-0.0104178$ & $-0.0190328$ & $-0.0146646$ & $1$ & $-0.0186224$ & $-0.0822144$ & $0.00126196$ & $-0.0997119$ & $0.030331$ & $-0.0617655$ \\
eHmumuint & $0.185667$ & $-0.190602$ & $0.00376743$ & $-0.0129608$ & $0.0113848$ & $-0.00997193$ & $0.0106554$ & $0.00322193$ & $0.0038781$ & $0.00114276$ & $-0.00799433$ & $-0.00177091$ & $-0.0017479$ & $0.00818445$ & $0.0214242$ & $0.0139404$ & $0.00929759$ & $-0.00247138$ & $0.00297152$ & $0.00505166$ & $-0.000545275$ & $-0.000660253$ & $-0.0177397$ & $0.00139699$ & $-0.0241121$ & $-0.000706107$ & $-0.0327748$ & $0.0152434$ & $0.00683877$ & $0.0176131$ & $-0.00435449$ & $0.00759228$ & $0.00677098$ & $-0.026034$ & $-0.0955507$ & $0.0413015$ & $-0.0700751$ & $-0.0104784$ & $0.154591$ & $-0.00628762$ & $-0.11774$ & $-0.00608539$ & $-0.0186224$ & $1$ & $0.103009$ & $-0.00580505$ & $-0.0288513$ & $0.00564452$ & $-0.0266107$ \\
eHtautauint & $-0.0443178$ & $0.072732$ & $0.00851304$ & $0.0452766$ & $0.00870249$ & $0.00942942$ & $0.00570687$ & $-0.000892368$ & $-0.00584005$ & $-0.010948$ & $0.00754754$ & $-0.00960975$ & $0.0115679$ & $-0.0154832$ & $-0.0154894$ & $-0.0133031$ & $-0.0121398$ & $-0.00374269$ & $-0.00557887$ & $-0.00601216$ & $-0.00365591$ & $-0.00295362$ & $0.010823$ & $-0.00867744$ & $0.00135761$ & $0.000311678$ & $0.0185461$ & $-0.00866213$ & $-0.00102419$ & $0.0875968$ & $0.00234858$ & $-0.00162354$ & $-0.0665063$ & $0.0161629$ & $-0.0963093$ & $0.0378598$ & $0.0354135$ & $0.0151436$ & $0.0504548$ & $0.00414972$ & $-0.135954$ & $-0.00535886$ & $-0.0822144$ & $0.103009$ & $1$ & $-0.0281789$ & $-0.0105945$ & $-0.145973$ & $-0.0976519$ \\
eHccint & $-0.0790788$ & $0.184337$ & $-0.0776465$ & $0.11072$ & $-0.00529128$ & $-0.00178039$ & $-0.00351476$ & $-0.016351$ & $-0.0160334$ & $0.025248$ & $-0.00346083$ & $0.0147554$ & $-0.012732$ & $0.0307413$ & $0.0150028$ & $0.0196057$ & $0.0289015$ & $0.0228531$ & $0.0204193$ & $0.0108551$ & $0.00457527$ & $0.00617735$ & $-0.0184679$ & $0.0285203$ & $0.0247951$ & $0.00463366$ & $-0.0273849$ & $0.00556102$ & $0.00924178$ & $0.0127294$ & $0.0327612$ & $-0.009741$ & $-0.0636074$ & $-0.0168378$ & $0.0389029$ & $-0.174848$ & $-0.0254778$ & $0.0045834$ & $-0.0877931$ & $0.0073315$ & $-0.149852$ & $0.030361$ & $0.00126196$ & $-0.00580505$ & $-0.0281789$ & $1$ & $-0.129461$ & $-0.00209662$ & $-0.132925$ \\
eHccpar & $-0.0507858$ & $-0.0857687$ & $-0.0670823$ & $-0.0538627$ & $0.00368965$ & $-0.019441$ & $-0.0185266$ & $0.00223164$ & $-0.0085528$ & $0.00173162$ & $0.00618908$ & $0.0106827$ & $0.0100503$ & $-0.0193069$ & $0.0118756$ & $-0.000912265$ & $-0.0125824$ & $-0.0218378$ & $-0.0137261$ & $-0.00717701$ & $-0.00864015$ & $-0.0092282$ & $0.00978213$ & $0.00346413$ & $-0.0112137$ & $-0.00281976$ & $-0.00420433$ & $-0.00101653$ & $-0.0191615$ & $-0.0270767$ & $0.346781$ & $-0.00936447$ & $-0.0335416$ & $-0.0117099$ & $-0.000572927$ & $0.201873$ & $0.0670645$ & $0.00828277$ & $0.0145867$ & $-0.0232831$ & $0.0114542$ & $-0.0313892$ & $-0.0997119$ & $-0.0288513$ & $-0.0105945$ & $-0.129461$ & $1$ & $-0.0408054$ & $-0.0133467$ \\
eHbbint & $0.000387179$ & $-0.0483544$ & $-0.183408$ & $-0.0745327$ & $0.00376257$ & $0.0065472$ & $0.0105225$ & $-0.00386629$ & $0.00248135$ & $-0.00652516$ & $0.000322236$ & $-0.00761351$ & $-0.00584854$ & $0.00692572$ & $0.0150214$ & $0.0154093$ & $0.00179766$ & $-0.00334533$ & $-0.00307299$ & $-0.00207482$ & $-0.00506901$ & $-0.00444679$ & $-0.0149761$ & $0.0030281$ & $-0.00791871$ & $0.00323506$ & $-0.0286991$ & $-0.00179432$ & $0.00602416$ & $0.00585968$ & $-0.0137911$ & $-0.00313572$ & $0.187964$ & $-0.0190223$ & $-0.0888348$ & $-0.0178523$ & $-0.0437745$ & $-0.00280226$ & $-0.0700223$ & $-0.00887478$ & $0.0213321$ & $-0.0109164$ & $0.030331$ & $0.00564452$ & $-0.145973$ & $-0.00209662$ & $-0.0408054$ & $1$ & $0.0770083$ \\
eHbbpar & $-0.0650823$ & $-0.134742$ & $-0.169731$ & $-0.137392$ & $0.0125827$ & $-0.0062312$ & $-0.00524296$ & $0.0192274$ & $0.0166689$ & $-0.0129291$ & $-0.0247947$ & $-0.0168513$ & $-0.00916042$ & $0.0149745$ & $0.015538$ & $0.0144307$ & $0.0150916$ & $0.00264488$ & $0.00215006$ & $0.0221081$ & $0.0200409$ & $0.018807$ & $0.00304296$ & $0.00706493$ & $0.0141418$ & $-0.00756072$ & $0.00575627$ & $0.00697929$ & $0.00466037$ & $0.0196463$ & $-0.00460554$ & $-0.00226226$ & $0.542444$ & $-0.00288457$ & $-0.12503$ & $0.0444609$ & $-0.168444$ & $-0.0152681$ & $-0.00468393$ & $-0.00347982$ & $0.0622623$ & $0.00913268$ & $-0.0617655$ & $-0.0266107$ & $-0.0976519$ & $-0.132925$ & $-0.0133467$ & $0.0770083$ & $1$ \\
