 & AlsMz & dAle5Mz & mtop & mHl & Mz & CW & CHG & CHWB & CHWHB_gaga & CHWHB_gagaorth & CHD & CHbox & CH & CHL1_11 & CHL1_22 & CHL1_33 & CHL3_11 & CHL3_22 & CHL3_33 & CHe_11 & CHe_22 & CHe_33 & CHQ1_11 & CHQ1_33 & CHQ3_11 & CHu_11 & CHd_11 & CHd_33 & CeH_22r & CeH_33r & CuH_22r & CuH_33r & CdH_33r & CLL_1221 & eHggint & eHggpar & eHWWint & eHWWpar & eHZZint & eHZZpar & eHZgaint & eHZgapar & eHgagaint & eHmumuint & eHtautauint & eHccint & eHccpar & eHbbint & eHbbpar \\
AlsMz & $1$ & $-0.015727$ & $0.0885817$ & $-0.148539$ & $0.0721527$ & $0.0249248$ & $0.011834$ & $-0.0429322$ & $-0.0409587$ & $0.0391253$ & $0.0237203$ & $0.0105814$ & $-0.0184564$ & $0.000217127$ & $-0.0126924$ & $0.0317658$ & $0.0242693$ & $0.0353615$ & $-0.00248759$ & $-0.0257779$ & $-0.0358756$ & $-0.0379859$ & $0.0212526$ & $-0.00537357$ & $-0.0684139$ & $-0.0441423$ & $-0.046253$ & $0.00026892$ & $0.00460129$ & $-0.0506853$ & $-0.0178264$ & $-0.0108046$ & $-0.0373997$ & $-0.0225877$ & $-0.0412149$ & $0.00964402$ & $0.123937$ & $0.0079622$ & $0.0837042$ & $0.0160935$ & $0.0545093$ & $-0.0210275$ & $0.0219178$ & $0.131811$ & $0.0342708$ & $-0.119677$ & $0.0718177$ & $0.0354548$ & $-0.0076628$ \\
dAle5Mz & $-0.015727$ & $1$ & $-0.113066$ & $-0.221282$ & $-0.00859233$ & $0.0509198$ & $0.0253133$ & $-0.0545266$ & $-0.0518893$ & $0.023941$ & $0.0430837$ & $0.00806506$ & $-0.00773262$ & $-0.0259244$ & $-0.0242938$ & $-0.030554$ & $0.00298441$ & $0.0101517$ & $0.00969534$ & $-0.0236759$ & $-0.0222362$ & $-0.0259509$ & $0.0270077$ & $0.0210649$ & $0.0148713$ & $-0.00789266$ & $0.0204215$ & $-0.0136733$ & $-0.0306647$ & $-0.0178326$ & $-0.0714009$ & $0.0265328$ & $-0.0586221$ & $0.0263936$ & $-0.0317124$ & $-0.0358836$ & $-0.0936172$ & $0.0622269$ & $-0.0510225$ & $0.0266666$ & $0.0399597$ & $0.0352383$ & $0.035282$ & $-0.105304$ & $0.171149$ & $-0.0153599$ & $-0.118269$ & $-0.12134$ & $-0.0966059$ \\
mtop & $0.0885817$ & $-0.113066$ & $1$ & $0.243881$ & $-0.00436999$ & $-0.0185176$ & $0.00822054$ & $-0.0293788$ & $-0.0259096$ & $-0.00107529$ & $0.0405336$ & $0.0225475$ & $0.0131993$ & $-0.0469571$ & $-0.0117148$ & $-0.0202459$ & $0.00785752$ & $-0.00641746$ & $0.00644438$ & $-0.0373854$ & $-0.0365811$ & $-0.0403722$ & $0.0504287$ & $-0.00480069$ & $-0.0135712$ & $-0.0183601$ & $-0.0187329$ & $0.0130559$ & $0.0169641$ & $-0.00399982$ & $0.0128082$ & $-0.0144171$ & $-0.00917413$ & $-0.0107695$ & $-0.144496$ & $0.0279124$ & $0.173108$ & $-0.0283662$ & $0.00545115$ & $0.00505659$ & $0.180093$ & $-0.0213445$ & $-0.0551381$ & $0.117184$ & $0.0142226$ & $0.0797567$ & $0.110188$ & $-0.13004$ & $0.034474$ \\
mHl & $-0.148539$ & $-0.221282$ & $0.243881$ & $1$ & $0.0124557$ & $-0.0145335$ & $0.00469612$ & $-0.00550326$ & $0.00767676$ & $-0.0164072$ & $0.0135225$ & $-0.0285125$ & $-0.00880815$ & $-0.0242128$ & $0.0171507$ & $-0.00957532$ & $0.00890455$ & $-0.0156864$ & $0.00855164$ & $-0.0135901$ & $-0.0144055$ & $-0.0156355$ & $0.0155776$ & $0.00992671$ & $0.0291536$ & $0.00905431$ & $0.0153603$ & $-0.029857$ & $0.0159528$ & $0.0276636$ & $0.0414488$ & $-0.000365077$ & $0.0086612$ & $-0.0195121$ & $-0.0828152$ & $-0.0886842$ & $0.0333635$ & $-0.0196137$ & $0.165126$ & $-0.00717002$ & $0.18567$ & $-0.00533004$ & $0.145901$ & $0.170465$ & $0.216531$ & $0.0556876$ & $0.0867443$ & $-0.160044$ & $0.0571196$ \\
Mz & $0.0721527$ & $-0.00859233$ & $-0.00436999$ & $0.0124557$ & $1$ & $0.0335765$ & $-0.00495875$ & $0.00266045$ & $-0.00181513$ & $0.0377382$ & $-0.0052112$ & $-0.00137683$ & $-0.0170718$ & $0.0282265$ & $-0.0166152$ & $0.0139408$ & $0.0194643$ & $0.0334444$ & $0.00691472$ & $0.012535$ & $0.0155486$ & $0.0133067$ & $-0.0186133$ & $-0.00799699$ & $0.0205316$ & $-0.00174069$ & $0.00627376$ & $-0.000587093$ & $0.00779403$ & $0.0250887$ & $0.0357947$ & $-0.00281309$ & $0.0197184$ & $0.0144407$ & $0.00196131$ & $-0.00628992$ & $0.0054012$ & $-0.0373263$ & $-0.0134932$ & $0.0244566$ & $-0.0189217$ & $-0.0222915$ & $0.00376727$ & $-0.0255972$ & $-0.0275393$ & $-0.0055432$ & $0.0299284$ & $0.0180819$ & $0.0181992$ \\
CW & $0.0249248$ & $0.0509198$ & $-0.0185176$ & $-0.0145335$ & $0.0335765$ & $1$ & $0.0142498$ & $-0.121609$ & $-0.121003$ & $0.0220613$ & $0.179345$ & $0.0504136$ & $0.0133686$ & $0.0141076$ & $-0.0829103$ & $-0.100406$ & $-0.265857$ & $-0.0506118$ & $-0.0449154$ & $-0.176021$ & $-0.180372$ & $-0.180402$ & $0.0140065$ & $0.00159777$ & $-0.0798081$ & $0.0839379$ & $-0.0537081$ & $-0.049253$ & $0.00504287$ & $-0.00465216$ & $-0.0105477$ & $0.0172187$ & $-0.0105809$ & $-0.111607$ & $0.0126674$ & $-0.00286222$ & $-0.01879$ & $0.0267877$ & $-0.0377662$ & $0.039931$ & $0.0291186$ & $-0.0129136$ & $-0.0270402$ & $-0.0244458$ & $-0.0107977$ & $-0.00122156$ & $0.018723$ & $-0.0343402$ & $0.00094077$ \\
CHG & $0.011834$ & $0.0253133$ & $0.00822054$ & $0.00469612$ & $-0.00495875$ & $0.0142498$ & $1$ & $-0.057182$ & $0.00317427$ & $0.0475452$ & $0.0302022$ & $-0.18348$ & $-0.256034$ & $0.03476$ & $-0.0222497$ & $-0.0459942$ & $0.0623212$ & $0.0637574$ & $0.083079$ & $-0.0318621$ & $-0.0269821$ & $-0.0291167$ & $-0.000494514$ & $0.0625951$ & $0.058832$ & $0.0221794$ & $-0.00864565$ & $-0.0100649$ & $0.00958673$ & $-0.116923$ & $-0.0433647$ & $0.938663$ & $-0.132897$ & $-0.0230397$ & $-0.0629291$ & $0.016911$ & $0.000354297$ & $0.00692484$ & $0.0172209$ & $0.0378719$ & $0.0394923$ & $0.0102188$ & $0.0290879$ & $-0.0525683$ & $0.0349141$ & $0.0390094$ & $-0.00194748$ & $0.00279014$ & $-0.0421317$ \\
CHWB & $-0.0429322$ & $-0.0545266$ & $-0.0293788$ & $-0.00550326$ & $0.00266045$ & $-0.121609$ & $-0.057182$ & $1$ & $0.983922$ & $-0.577938$ & $-0.885064$ & $0.00764184$ & $0.308819$ & $0.130308$ & $0.298419$ & $0.310461$ & $-0.205619$ & $-0.404298$ & $-0.41308$ & $0.857466$ & $0.901107$ & $0.883234$ & $0.0656486$ & $-0.662604$ & $-0.370518$ & $-0.516992$ & $0.422996$ & $0.283694$ & $0.00691854$ & $0.0780178$ & $0.0258055$ & $-0.063145$ & $0.0758551$ & $0.55813$ & $0.025085$ & $-0.0397376$ & $-0.00261905$ & $-0.00916682$ & $0.0364358$ & $-0.00713911$ & $-0.0353426$ & $0.0183161$ & $0.0106821$ & $-0.00639112$ & $-0.0310409$ & $-0.0622511$ & $-0.000820559$ & $0.0299647$ & $-0.0206969$ \\
CHWHB_gaga & $-0.0409587$ & $-0.0518893$ & $-0.0259096$ & $0.00767676$ & $-0.00181513$ & $-0.121003$ & $0.00317427$ & $0.983922$ & $1$ & $-0.56706$ & $-0.86721$ & $0.0215447$ & $0.304385$ & $0.117761$ & $0.294575$ & $0.302919$ & $-0.207853$ & $-0.405271$ & $-0.411073$ & $0.840459$ & $0.883301$ & $0.866324$ & $0.0685472$ & $-0.655666$ & $-0.370419$ & $-0.508009$ & $0.41777$ & $0.277656$ & $0.0127664$ & $0.0952267$ & $0.0401026$ & $-0.00994582$ & $0.0952942$ & $0.549726$ & $0.0099801$ & $-0.0387086$ & $-0.0084976$ & $-0.0110341$ & $0.0450786$ & $-0.00410173$ & $-0.0318798$ & $0.0188139$ & $0.058563$ & $-0.00966069$ & $-0.0194648$ & $-0.0517013$ & $0.004627$ & $0.0263223$ & $-0.0269555$ \\
CHWHB_gagaorth & $0.0391253$ & $0.023941$ & $-0.00107529$ & $-0.0164072$ & $0.0377382$ & $0.0220613$ & $0.0475452$ & $-0.577938$ & $-0.56706$ & $1$ & $0.377376$ & $0.303139$ & $-0.217697$ & $0.185028$ & $-0.11462$ & $-0.136688$ & $0.402354$ & $0.449614$ & $0.467643$ & $-0.361664$ & $-0.393821$ & $-0.38446$ & $-0.0503541$ & $0.548579$ & $0.444111$ & $0.217222$ & $-0.246067$ & $-0.158406$ & $-0.00827596$ & $-0.111752$ & $-0.0389878$ & $0.067597$ & $-0.109966$ & $-0.360562$ & $0.00596077$ & $0.0444052$ & $0.0209793$ & $-0.00487546$ & $-0.00465109$ & $0.00655121$ & $-0.0375734$ & $0.00217369$ & $-0.0174855$ & $0.000715405$ & $-0.0116337$ & $0.0456675$ & $-0.017606$ & $-0.00347189$ & $0.0176859$ \\
CHD & $0.0237203$ & $0.0430837$ & $0.0405336$ & $0.0135225$ & $-0.0052112$ & $0.179345$ & $0.0302022$ & $-0.885064$ & $-0.86721$ & $0.377376$ & $1$ & $0.125856$ & $-0.146711$ & $-0.531314$ & $-0.412623$ & $-0.425032$ & $-0.23782$ & $0.0479597$ & $0.0500984$ & $-0.990653$ & $-0.99143$ & $-0.971303$ & $0.00301929$ & $0.305834$ & $0.00152269$ & $0.561338$ & $-0.299324$ & $-0.31558$ & $0.0033527$ & $-0.0423148$ & $-0.0129604$ & $0.0449321$ & $-0.03158$ & $-0.372247$ & $-0.0148255$ & $0.0268419$ & $-0.0167904$ & $-0.0120458$ & $-0.0429988$ & $0.00233826$ & $0.0554985$ & $-0.0231207$ & $-0.00931931$ & $0.00497311$ & $0.0319742$ & $0.0506584$ & $0.0104963$ & $-0.000966866$ & $0.023905$ \\
CHbox & $0.0105814$ & $0.00806506$ & $0.0225475$ & $-0.0285125$ & $-0.00137683$ & $0.0504136$ & $-0.18348$ & $0.00764184$ & $0.0215447$ & $0.303139$ & $0.125856$ & $1$ & $0.718542$ & $-0.286888$ & $0.0278609$ & $0.00393588$ & $-0.282261$ & $-0.269379$ & $-0.259632$ & $-0.109926$ & $-0.128034$ & $-0.123408$ & $0.0417484$ & $-0.149433$ & $-0.263804$ & $0.0373028$ & $-0.0473271$ & $-0.0619396$ & $0.049633$ & $0.296097$ & $0.107373$ & $-0.0987569$ & $0.383284$ & $-0.0207068$ & $0.0456691$ & $0.0325297$ & $-0.035241$ & $-0.00500963$ & $-0.022601$ & $0.00177041$ & $-0.00424698$ & $-0.014157$ & $-0.0121183$ & $-0.0169007$ & $-0.0142278$ & $0.0113657$ & $-0.0153606$ & $0.0299414$ & $0.00598802$ \\
CH & $-0.0184564$ & $-0.00773262$ & $0.0131993$ & $-0.00880815$ & $-0.0170718$ & $0.0133686$ & $-0.256034$ & $0.308819$ & $0.304385$ & $-0.217697$ & $-0.146711$ & $0.718542$ & $1$ & $-0.22026$ & $0.0733572$ & $0.0668857$ & $-0.327922$ & $-0.35111$ & $-0.352696$ & $0.145299$ & $0.154899$ & $0.150476$ & $0.0445941$ & $-0.347186$ & $-0.347571$ & $-0.101384$ & $0.110443$ & $0.0503611$ & $0.0357327$ & $0.23935$ & $0.106529$ & $-0.211404$ & $0.302628$ & $0.183005$ & $0.01509$ & $-0.00133116$ & $-0.0276011$ & $0.0135644$ & $-0.00953822$ & $-0.0153585$ & $-0.00831296$ & $-0.013285$ & $0.00194944$ & $-0.0264184$ & $-0.010798$ & $-0.0194901$ & $-0.00207838$ & $0.0148405$ & $-0.00757969$ \\
CHL1_11 & $0.000217127$ & $-0.0259244$ & $-0.0469571$ & $-0.0242128$ & $0.0282265$ & $0.0141076$ & $0.03476$ & $0.130308$ & $0.117761$ & $0.185028$ & $-0.531314$ & $-0.286888$ & $-0.22026$ & $1$ & $0.268216$ & $0.275766$ & $0.660205$ & $0.590314$ & $0.596234$ & $0.548401$ & $0.492833$ & $0.481975$ & $-0.109097$ & $0.456294$ & $0.593097$ & $-0.263809$ & $-0.0774238$ & $0.16816$ & $-0.007748$ & $-0.0561183$ & $-0.0148242$ & $0.0118731$ & $-0.0746291$ & $-0.187974$ & $0.00669428$ & $0.00559679$ & $0.0592717$ & $0.028232$ & $0.0246698$ & $0.00422741$ & $-0.0696184$ & $0.011529$ & $-0.0183405$ & $0.00610091$ & $-0.038161$ & $0.0005194$ & $-0.0218423$ & $-0.0536638$ & $-0.0157914$ \\
CHL1_22 & $-0.0126924$ & $-0.0242938$ & $-0.0117148$ & $0.0171507$ & $-0.0166152$ & $-0.0829103$ & $-0.0222497$ & $0.298419$ & $0.294575$ & $-0.11462$ & $-0.412623$ & $0.0278609$ & $0.0733572$ & $0.268216$ & $1$ & $0.44953$ & $0.161808$ & $-0.46369$ & $-0.0262312$ & $0.477291$ & $0.329435$ & $0.325926$ & $-0.178503$ & $0.106224$ & $-0.149267$ & $-0.201191$ & $-0.405102$ & $0.107897$ & $-0.0194792$ & $0.055721$ & $0.0546989$ & $-0.0181428$ & $0.0513036$ & $-0.596649$ & $-0.0823099$ & $-0.00216506$ & $-0.00727496$ & $0.00237419$ & $0.0184883$ & $-0.00381707$ & $0.0108465$ & $-0.0087502$ & $0.00219526$ & $0.00408439$ & $0.0273385$ & $0.0112491$ & $-0.000316853$ & $-0.0285484$ & $-0.0204059$ \\
CHL1_33 & $0.0317658$ & $-0.030554$ & $-0.0202459$ & $-0.00957532$ & $0.0139408$ & $-0.100406$ & $-0.0459942$ & $0.310461$ & $0.302919$ & $-0.136688$ & $-0.425032$ & $0.00393588$ & $0.0668857$ & $0.275766$ & $0.44953$ & $1$ & $0.163314$ & $-0.0358031$ & $-0.423276$ & $0.486415$ & $0.347001$ & $0.368398$ & $-0.180076$ & $0.092629$ & $-0.142553$ & $-0.202695$ & $-0.380056$ & $0.148044$ & $0.0171081$ & $0.0477749$ & $0.0261737$ & $-0.0451605$ & $0.0357297$ & $-0.0970218$ & $-0.0512392$ & $-0.00321334$ & $-0.0114197$ & $0.0280244$ & $0.0188061$ & $0.0368796$ & $-0.0176799$ & $0.0306631$ & $-0.0124399$ & $-0.00211887$ & $-0.00903434$ & $-0.0600686$ & $-0.022898$ & $0.030423$ & $-0.0251138$ \\
CHL3_11 & $0.0242693$ & $0.00298441$ & $0.00785752$ & $0.00890455$ & $0.0194643$ & $-0.265857$ & $0.0623212$ & $-0.205619$ & $-0.207853$ & $0.402354$ & $-0.23782$ & $-0.282261$ & $-0.327922$ & $0.660205$ & $0.161808$ & $0.163314$ & $1$ & $0.726023$ & $0.739151$ & $0.25826$ & $0.207873$ & $0.202047$ & $-0.0982421$ & $0.662084$ & $0.77122$ & $-0.105429$ & $-0.134474$ & $0.0600898$ & $-0.0268607$ & $-0.0662572$ & $-0.0208275$ & $0.0452693$ & $-0.0813219$ & $-0.22365$ & $-0.0239853$ & $0.0298159$ & $0.0267512$ & $0.039971$ & $0.0185999$ & $0.0095703$ & $-0.0403605$ & $0.0173424$ & $0.00721992$ & $-0.00289463$ & $0.00475041$ & $0.0288887$ & $-0.00687171$ & $-0.0536855$ & $0.00779721$ \\
CHL3_22 & $0.0353615$ & $0.0101517$ & $-0.00641746$ & $-0.0156864$ & $0.0334444$ & $-0.0506118$ & $0.0637574$ & $-0.404298$ & $-0.405271$ & $0.449614$ & $0.0479597$ & $-0.269379$ & $-0.35111$ & $0.590314$ & $-0.46369$ & $-0.0358031$ & $0.726023$ & $1$ & $0.672033$ & $-0.0529592$ & $-0.0394468$ & $-0.0391625$ & $-0.0148385$ & $0.6016$ & $0.791902$ & $0.0450938$ & $0.0293315$ & $-0.00678415$ & $-0.00209612$ & $-0.102362$ & $-0.0569599$ & $0.0442984$ & $-0.114934$ & $0.0700885$ & $0.0382889$ & $0.0238489$ & $0.0421609$ & $0.0372576$ & $0.00188885$ & $0.0151088$ & $-0.0465681$ & $0.0165119$ & $-0.00662315$ & $0.00310108$ & $-0.0272504$ & $0.0134123$ & $-0.0150493$ & $-0.0319406$ & $0.00965985$ \\
CHL3_33 & $-0.00248759$ & $0.00969534$ & $0.00644438$ & $0.00855164$ & $0.00691472$ & $-0.0449154$ & $0.083079$ & $-0.41308$ & $-0.411073$ & $0.467643$ & $0.0500984$ & $-0.259632$ & $-0.352696$ & $0.596234$ & $-0.0262312$ & $-0.423276$ & $0.739151$ & $0.672033$ & $1$ & $-0.0514599$ & $-0.0457739$ & $-0.0432702$ & $-0.0210394$ & $0.624436$ & $0.799347$ & $0.0453169$ & $0.0071412$ & $-0.0317027$ & $-0.0283261$ & $-0.0989638$ & $-0.03384$ & $0.0638651$ & $-0.105184$ & $-0.328082$ & $0.000931264$ & $0.0325522$ & $0.0459446$ & $0.0183596$ & $-0.00236673$ & $-0.0143424$ & $-0.0312616$ & $-0.0112779$ & $-6.94198e-05$ & $-0.0004575$ & $-0.00100839$ & $0.0692643$ & $-0.000658764$ & $-0.0752037$ & $0.017624$ \\
CHe_11 & $-0.0257779$ & $-0.0236759$ & $-0.0373854$ & $-0.0135901$ & $0.012535$ & $-0.176021$ & $-0.0318621$ & $0.857466$ & $0.840459$ & $-0.361664$ & $-0.990653$ & $-0.109926$ & $0.145299$ & $0.548401$ & $0.477291$ & $0.486415$ & $0.25826$ & $-0.0529592$ & $-0.0514599$ & $1$ & $0.973501$ & $0.95432$ & $-0.0278039$ & $-0.253517$ & $0.00156678$ & $-0.551232$ & $0.225184$ & $0.312766$ & $-0.00321027$ & $0.0435448$ & $0.0116815$ & $-0.0456328$ & $0.0329591$ & $0.294085$ & $0.00690859$ & $-0.0253841$ & $0.0140876$ & $0.0167614$ & $0.0401194$ & $0.00105571$ & $-0.0481401$ & $0.0212355$ & $0.00959877$ & $-0.00698389$ & $-0.0250083$ & $-0.0444285$ & $-0.0141022$ & $-0.00366015$ & $-0.0272409$ \\
CHe_22 & $-0.0358756$ & $-0.0222362$ & $-0.0365811$ & $-0.0144055$ & $0.0155486$ & $-0.180372$ & $-0.0269821$ & $0.901107$ & $0.883301$ & $-0.393821$ & $-0.99143$ & $-0.128034$ & $0.154899$ & $0.492833$ & $0.329435$ & $0.347001$ & $0.207873$ & $-0.0394468$ & $-0.0457739$ & $0.973501$ & $1$ & $0.975631$ & $0.0267168$ & $-0.359531$ & $-0.00289223$ & $-0.563757$ & $0.379712$ & $0.31467$ & $-0.00317748$ & $0.0403331$ & $0.00734534$ & $-0.0425878$ & $0.0291292$ & $0.457692$ & $0.0219844$ & $-0.028331$ & $0.0140483$ & $0.00944827$ & $0.0387453$ & $-0.00236016$ & $-0.0543705$ & $0.0228018$ & $0.0117757$ & $-0.00915736$ & $-0.0308754$ & $-0.0481959$ & $-0.0122049$ & $-0.000118798$ & $-0.0227518$ \\
CHe_33 & $-0.0379859$ & $-0.0259509$ & $-0.0403722$ & $-0.0156355$ & $0.0133067$ & $-0.180402$ & $-0.0291167$ & $0.883234$ & $0.866324$ & $-0.38446$ & $-0.971303$ & $-0.123408$ & $0.150476$ & $0.481975$ & $0.325926$ & $0.368398$ & $0.202047$ & $-0.0391625$ & $-0.0432702$ & $0.95432$ & $0.975631$ & $1$ & $0.0238018$ & $-0.347447$ & $-0.000173586$ & $-0.551284$ & $0.373468$ & $0.305194$ & $0.00104939$ & $0.0399136$ & $0.0117854$ & $-0.0463158$ & $0.0272999$ & $0.448003$ & $0.0115994$ & $-0.0256436$ & $0.00814841$ & $0.00305168$ & $0.041301$ & $-0.00446442$ & $-0.0550235$ & $0.024473$ & $0.00892616$ & $-0.0147109$ & $-0.0392451$ & $-0.0539134$ & $-0.0109937$ & $0.00172896$ & $-0.0262616$ \\
CHQ1_11 & $0.0212526$ & $0.0270077$ & $0.0504287$ & $0.0155776$ & $-0.0186133$ & $0.0140065$ & $-0.000494514$ & $0.0656486$ & $0.0685472$ & $-0.0503541$ & $0.00301929$ & $0.0417484$ & $0.0445941$ & $-0.109097$ & $-0.178503$ & $-0.180076$ & $-0.0982421$ & $-0.0148385$ & $-0.0210394$ & $-0.0278039$ & $0.0267168$ & $0.0238018$ & $1$ & $-0.155203$ & $0.0539168$ & $-0.673079$ & $0.338556$ & $-0.000206031$ & $-0.000608042$ & $0.0173789$ & $-0.0016792$ & $0.00190645$ & $0.019678$ & $0.208666$ & $0.0128432$ & $-0.00959671$ & $0.00315748$ & $0.00507366$ & $0.0055562$ & $-0.0150189$ & $0.0337152$ & $-0.00898211$ & $0.0103825$ & $-0.0221659$ & $-0.0326713$ & $-0.0325602$ & $0.0504489$ & $0.0174013$ & $0.00719645$ \\
CHQ1_33 & $-0.00537357$ & $0.0210649$ & $-0.00480069$ & $0.00992671$ & $-0.00799699$ & $0.00159777$ & $0.0625951$ & $-0.662604$ & $-0.655666$ & $0.548579$ & $0.305834$ & $-0.149433$ & $-0.347186$ & $0.456294$ & $0.106224$ & $0.092629$ & $0.662084$ & $0.6016$ & $0.624436$ & $-0.253517$ & $-0.359531$ & $-0.347447$ & $-0.155203$ & $1$ & $0.621196$ & $0.221738$ & $-0.41613$ & $-0.00890152$ & $-0.019708$ & $-0.0812311$ & $-0.0226299$ & $0.0573018$ & $-0.0758315$ & $-0.623327$ & $-0.0448201$ & $0.0411971$ & $-0.000292926$ & $0.0319007$ & $-0.0155846$ & $0.0105513$ & $-0.00623684$ & $0.00169674$ & $0.00254732$ & $-0.0108465$ & $0.0276796$ & $0.0592426$ & $-0.0174014$ & $-0.0507977$ & $0.0295706$ \\
CHQ3_11 & $-0.0684139$ & $0.0148713$ & $-0.0135712$ & $0.0291536$ & $0.0205316$ & $-0.0798081$ & $0.058832$ & $-0.370518$ & $-0.370419$ & $0.444111$ & $0.00152269$ & $-0.263804$ & $-0.347571$ & $0.593097$ & $-0.149267$ & $-0.142553$ & $0.77122$ & $0.791902$ & $0.799347$ & $0.00156678$ & $-0.00289223$ & $-0.000173586$ & $0.0539168$ & $0.621196$ & $1$ & $0.0241265$ & $0.237048$ & $-0.0167985$ & $-0.0164472$ & $-0.0892715$ & $-0.0448216$ & $0.0420616$ & $-0.100842$ & $-0.160772$ & $0.00933835$ & $0.030916$ & $0.0315457$ & $0.0359485$ & $0.0111497$ & $0.000260212$ & $-0.0462684$ & $0.0220157$ & $0.00277394$ & $-0.0233284$ & $-0.00458434$ & $0.0408664$ & $-0.0134269$ & $-0.0608077$ & $0.0118543$ \\
CHu_11 & $-0.0441423$ & $-0.00789266$ & $-0.0183601$ & $0.00905431$ & $-0.00174069$ & $0.0839379$ & $0.0221794$ & $-0.516992$ & $-0.508009$ & $0.217222$ & $0.561338$ & $0.0373028$ & $-0.101384$ & $-0.263809$ & $-0.201191$ & $-0.202695$ & $-0.105429$ & $0.0450938$ & $0.0453169$ & $-0.551232$ & $-0.563757$ & $-0.551284$ & $-0.673079$ & $0.221738$ & $0.0241265$ & $1$ & $-0.17903$ & $-0.163241$ & $0.00550982$ & $-0.0346127$ & $-0.0166468$ & $0.0260256$ & $-0.0312898$ & $-0.256134$ & $0.000100271$ & $0.00299681$ & $-0.0124657$ & $-0.00284031$ & $-0.0361804$ & $0.0031886$ & $0.0206927$ & $-0.011952$ & $-0.0107091$ & $0.0218593$ & $0.0611264$ & $0.0594825$ & $-0.0574765$ & $-0.0198638$ & $0.0147414$ \\
CHd_11 & $-0.046253$ & $0.0204215$ & $-0.0187329$ & $0.0153603$ & $0.00627376$ & $-0.0537081$ & $-0.00864565$ & $0.422996$ & $0.41777$ & $-0.246067$ & $-0.299324$ & $-0.0473271$ & $0.110443$ & $-0.0774238$ & $-0.405102$ & $-0.380056$ & $-0.134474$ & $0.0293315$ & $0.0071412$ & $0.225184$ & $0.379712$ & $0.373468$ & $0.338556$ & $-0.41613$ & $0.237048$ & $-0.17903$ & $1$ & $0.0782059$ & $0.00158635$ & $-0.000478031$ & $-0.02867$ & $-0.0189225$ & $0.00781889$ & $0.694944$ & $0.0637725$ & $-0.0187103$ & $-0.00278949$ & $-0.00204176$ & $0.0239742$ & $-0.0191139$ & $-0.0281726$ & $0.0257792$ & $0.0266638$ & $-0.0312797$ & $-0.0018791$ & $-0.0276078$ & $-0.0017222$ & $0.00459372$ & $0.0148881$ \\
CHd_33 & $0.00026892$ & $-0.0136733$ & $0.0130559$ & $-0.029857$ & $-0.000587093$ & $-0.049253$ & $-0.0100649$ & $0.283694$ & $0.277656$ & $-0.158406$ & $-0.31558$ & $-0.0619396$ & $0.0503611$ & $0.16816$ & $0.107897$ & $0.148044$ & $0.0600898$ & $-0.00678415$ & $-0.0317027$ & $0.312766$ & $0.31467$ & $0.305194$ & $-0.000206031$ & $-0.00890152$ & $-0.0167985$ & $-0.163241$ & $0.0782059$ & $1$ & $-0.00277595$ & $0.0205015$ & $-0.0229736$ & $-0.0189026$ & $0.0138493$ & $0.135588$ & $-0.0536404$ & $-0.0194263$ & $0.0194608$ & $0.0374101$ & $0.00113654$ & $-0.0173043$ & $0.00726682$ & $0.00993155$ & $0.0278037$ & $-0.0195132$ & $-0.00807975$ & $-0.00916946$ & $-0.0113133$ & $0.033047$ & $0.00801158$ \\
CeH_22r & $0.00460129$ & $-0.0306647$ & $0.0169641$ & $0.0159528$ & $0.00779403$ & $0.00504287$ & $0.00958673$ & $0.00691854$ & $0.0127664$ & $-0.00827596$ & $0.0033527$ & $0.049633$ & $0.0357327$ & $-0.007748$ & $-0.0194792$ & $0.0171081$ & $-0.0268607$ & $-0.00209612$ & $-0.0283261$ & $-0.00321027$ & $-0.00317748$ & $0.00104939$ & $-0.000608042$ & $-0.019708$ & $-0.0164472$ & $0.00550982$ & $0.00158635$ & $-0.00277595$ & $1$ & $0.0330122$ & $0.00985843$ & $-0.00974579$ & $0.031461$ & $0.0173612$ & $0.00032531$ & $-0.0144699$ & $-0.0119859$ & $-0.0185112$ & $0.00828947$ & $0.0143699$ & $-0.0354423$ & $-0.0226934$ & $-0.0170938$ & $0.0276669$ & $-0.0056263$ & $0.0137963$ & $-0.0198686$ & $-0.0121627$ & $-0.0112266$ \\
CeH_33r & $-0.0506853$ & $-0.0178326$ & $-0.00399982$ & $0.0276636$ & $0.0250887$ & $-0.00465216$ & $-0.116923$ & $0.0780178$ & $0.0952267$ & $-0.111752$ & $-0.0423148$ & $0.296097$ & $0.23935$ & $-0.0561183$ & $0.055721$ & $0.0477749$ & $-0.0662572$ & $-0.102362$ & $-0.0989638$ & $0.0435448$ & $0.0403331$ & $0.0399136$ & $0.0173789$ & $-0.0812311$ & $-0.0892715$ & $-0.0346127$ & $-0.000478031$ & $0.0205015$ & $0.0330122$ & $1$ & $0.316286$ & $0.0255932$ & $0.687445$ & $0.0209614$ & $-0.0426366$ & $-0.0584657$ & $-0.191498$ & $-0.0701368$ & $-0.0394208$ & $0.0067933$ & $-0.00043998$ & $0.0265278$ & $-0.0444842$ & $0.0301483$ & $0.0673418$ & $0.00335562$ & $-0.0024695$ & $0.00473777$ & $0.0446679$ \\
CuH_22r & $-0.0178264$ & $-0.0714009$ & $0.0128082$ & $0.0414488$ & $0.0357947$ & $-0.0105477$ & $-0.0433647$ & $0.0258055$ & $0.0401026$ & $-0.0389878$ & $-0.0129604$ & $0.107373$ & $0.106529$ & $-0.0148242$ & $0.0546989$ & $0.0261737$ & $-0.0208275$ & $-0.0569599$ & $-0.03384$ & $0.0116815$ & $0.00734534$ & $0.0117854$ & $-0.0016792$ & $-0.0226299$ & $-0.0448216$ & $-0.0166468$ & $-0.02867$ & $-0.0229736$ & $0.00985843$ & $0.316286$ & $1$ & $0.0479522$ & $0.3691$ & $-0.0232893$ & $-0.0454477$ & $0.0366144$ & $-0.0891795$ & $-0.0707716$ & $0.00886637$ & $-0.047899$ & $-0.027711$ & $-0.00746179$ & $0.0404278$ & $0.0586351$ & $0.0312193$ & $0.0814622$ & $0.294726$ & $-0.0233605$ & $-0.02172$ \\
CuH_33r & $-0.0108046$ & $0.0265328$ & $-0.0144171$ & $-0.000365077$ & $-0.00281309$ & $0.0172187$ & $0.938663$ & $-0.063145$ & $-0.00994582$ & $0.067597$ & $0.0449321$ & $-0.0987569$ & $-0.211404$ & $0.0118731$ & $-0.0181428$ & $-0.0451605$ & $0.0452693$ & $0.0442984$ & $0.0638651$ & $-0.0456328$ & $-0.0425878$ & $-0.0463158$ & $0.00190645$ & $0.0573018$ & $0.0420616$ & $0.0260256$ & $-0.0189225$ & $-0.0189026$ & $-0.00974579$ & $0.0255932$ & $0.0479522$ & $1$ & $0.0526398$ & $-0.0303706$ & $-0.0138608$ & $0.0354445$ & $-0.0395292$ & $-0.0138646$ & $0.00663988$ & $0.0342203$ & $0.0291234$ & $0.0118754$ & $0.0288049$ & $-0.0465382$ & $0.031454$ & $0.0385199$ & $-0.00890664$ & $-0.00515955$ & $-0.0278997$ \\
CdH_33r & $-0.0373997$ & $-0.0586221$ & $-0.00917413$ & $0.0086612$ & $0.0197184$ & $-0.0105809$ & $-0.132897$ & $0.0758551$ & $0.0952942$ & $-0.109966$ & $-0.03158$ & $0.383284$ & $0.302628$ & $-0.0746291$ & $0.0513036$ & $0.0357297$ & $-0.0813219$ & $-0.114934$ & $-0.105184$ & $0.0329591$ & $0.0291292$ & $0.0272999$ & $0.019678$ & $-0.0758315$ & $-0.100842$ & $-0.0312898$ & $0.00781889$ & $0.0138493$ & $0.031461$ & $0.687445$ & $0.3691$ & $0.0526398$ & $1$ & $0.0210657$ & $-0.0385182$ & $-0.0567068$ & $-0.208383$ & $-0.0907482$ & $-0.11363$ & $0.0111786$ & $-0.0645811$ & $0.0405368$ & $-0.0796406$ & $0.0632464$ & $0.139281$ & $0.0271137$ & $-0.0563237$ & $0.104121$ & $0.384918$ \\
CLL_1221 & $-0.0225877$ & $0.0263936$ & $-0.0107695$ & $-0.0195121$ & $0.0144407$ & $-0.111607$ & $-0.0230397$ & $0.55813$ & $0.549726$ & $-0.360562$ & $-0.372247$ & $-0.0207068$ & $0.183005$ & $-0.187974$ & $-0.596649$ & $-0.0970218$ & $-0.22365$ & $0.0700885$ & $-0.328082$ & $0.294085$ & $0.457692$ & $0.448003$ & $0.208666$ & $-0.623327$ & $-0.160772$ & $-0.256134$ & $0.694944$ & $0.135588$ & $0.0173612$ & $0.0209614$ & $-0.0232893$ & $-0.0303706$ & $0.0210657$ & $1$ & $0.0807601$ & $-0.0309202$ & $-0.0116697$ & $-0.00429446$ & $0.0156773$ & $0.00167583$ & $-0.0328914$ & $0.0300795$ & $0.0151944$ & $-0.0158451$ & $-0.0311966$ & $-0.0619732$ & $-0.0013947$ & $0.0453109$ & $-0.000105213$ \\
eHggint & $-0.0412149$ & $-0.0317124$ & $-0.144496$ & $-0.0828152$ & $0.00196131$ & $0.0126674$ & $-0.0629291$ & $0.025085$ & $0.0099801$ & $0.00596077$ & $-0.0148255$ & $0.0456691$ & $0.01509$ & $0.00669428$ & $-0.0823099$ & $-0.0512392$ & $-0.0239853$ & $0.0382889$ & $0.000931264$ & $0.00690859$ & $0.0219844$ & $0.0115994$ & $0.0128432$ & $-0.0448201$ & $0.00933835$ & $0.000100271$ & $0.0637725$ & $-0.0536404$ & $0.00032531$ & $-0.0426366$ & $-0.0454477$ & $-0.0138608$ & $-0.0385182$ & $0.0807601$ & $1$ & $-0.0718622$ & $0.0354569$ & $-0.00838612$ & $-0.0183231$ & $-0.0245858$ & $0.0610906$ & $0.0555052$ & $0.0420783$ & $0.177287$ & $-0.113762$ & $-0.115311$ & $0.0143617$ & $0.00716351$ & $0.00944721$ \\
eHggpar & $0.00964402$ & $-0.0358836$ & $0.0279124$ & $-0.0886842$ & $-0.00628992$ & $-0.00286222$ & $0.016911$ & $-0.0397376$ & $-0.0387086$ & $0.0444052$ & $0.0268419$ & $0.0325297$ & $-0.00133116$ & $0.00559679$ & $-0.00216506$ & $-0.00321334$ & $0.0298159$ & $0.0238489$ & $0.0325522$ & $-0.0253841$ & $-0.028331$ & $-0.0256436$ & $-0.00959671$ & $0.0411971$ & $0.030916$ & $0.00299681$ & $-0.0187103$ & $-0.0194263$ & $-0.0144699$ & $-0.0584657$ & $0.0366144$ & $0.0354445$ & $-0.0567068$ & $-0.0309202$ & $-0.0718622$ & $1$ & $0.104114$ & $-0.0125029$ & $-0.00199521$ & $0.0130122$ & $-0.156719$ & $-0.0909355$ & $0.0871407$ & $-0.164807$ & $-0.265835$ & $0.0027519$ & $0.146993$ & $-0.289566$ & $0.0415695$ \\
eHWWint & $0.123937$ & $-0.0936172$ & $0.173108$ & $0.0333635$ & $0.0054012$ & $-0.01879$ & $0.000354297$ & $-0.00261905$ & $-0.0084976$ & $0.0209793$ & $-0.0167904$ & $-0.035241$ & $-0.0276011$ & $0.0592717$ & $-0.00727496$ & $-0.0114197$ & $0.0267512$ & $0.0421609$ & $0.0459446$ & $0.0140876$ & $0.0140483$ & $0.00814841$ & $0.00315748$ & $-0.000292926$ & $0.0315457$ & $-0.0124657$ & $-0.00278949$ & $0.0194608$ & $-0.0119859$ & $-0.191498$ & $-0.0891795$ & $-0.0395292$ & $-0.208383$ & $-0.0116697$ & $0.0354569$ & $0.104114$ & $1$ & $0.0698738$ & $0.0294389$ & $0.0336492$ & $-0.0337257$ & $-0.0122749$ & $0.184062$ & $-0.0734565$ & $-0.133543$ & $-0.117324$ & $0.0598524$ & $-0.0382368$ & $-0.000306209$ \\
eHWWpar & $0.0079622$ & $0.0622269$ & $-0.0283662$ & $-0.0196137$ & $-0.0373263$ & $0.0267877$ & $0.00692484$ & $-0.00916682$ & $-0.0110341$ & $-0.00487546$ & $-0.0120458$ & $-0.00500963$ & $0.0135644$ & $0.028232$ & $0.00237419$ & $0.0280244$ & $0.039971$ & $0.0372576$ & $0.0183596$ & $0.0167614$ & $0.00944827$ & $0.00305168$ & $0.00507366$ & $0.0319007$ & $0.0359485$ & $-0.00284031$ & $-0.00204176$ & $0.0374101$ & $-0.0185112$ & $-0.0701368$ & $-0.0707716$ & $-0.0138646$ & $-0.0907482$ & $-0.00429446$ & $-0.00838612$ & $-0.0125029$ & $0.0698738$ & $1$ & $-0.0284708$ & $0.000622517$ & $0.00666058$ & $-0.0122636$ & $0.0165445$ & $-0.0801747$ & $0.021644$ & $0.0271407$ & $-0.0339655$ & $-0.0325692$ & $-0.0554986$ \\
eHZZint & $0.0837042$ & $-0.0510225$ & $0.00545115$ & $0.165126$ & $-0.0134932$ & $-0.0377662$ & $0.0172209$ & $0.0364358$ & $0.0450786$ & $-0.00465109$ & $-0.0429988$ & $-0.022601$ & $-0.00953822$ & $0.0246698$ & $0.0184883$ & $0.0188061$ & $0.0185999$ & $0.00188885$ & $-0.00236673$ & $0.0401194$ & $0.0387453$ & $0.041301$ & $0.0055562$ & $-0.0155846$ & $0.0111497$ & $-0.0361804$ & $0.0239742$ & $0.00113654$ & $0.00828947$ & $-0.0394208$ & $0.00886637$ & $0.00663988$ & $-0.11363$ & $0.0156773$ & $-0.0183231$ & $-0.00199521$ & $0.0294389$ & $-0.0284708$ & $1$ & $-0.0226781$ & $0.0101752$ & $0.0164433$ & $0.050168$ & $0.0361557$ & $-0.108118$ & $0.00714102$ & $0.209452$ & $-0.0999084$ & $-0.166168$ \\
eHZZpar & $0.0160935$ & $0.0266666$ & $0.00505659$ & $-0.00717002$ & $0.0244566$ & $0.039931$ & $0.0378719$ & $-0.00713911$ & $-0.00410173$ & $0.00655121$ & $0.00233826$ & $0.00177041$ & $-0.0153585$ & $0.00422741$ & $-0.00381707$ & $0.0368796$ & $0.0095703$ & $0.0151088$ & $-0.0143424$ & $0.00105571$ & $-0.00236016$ & $-0.00446442$ & $-0.0150189$ & $0.0105513$ & $0.000260212$ & $0.0031886$ & $-0.0191139$ & $-0.0173043$ & $0.0143699$ & $0.0067933$ & $-0.047899$ & $0.0342203$ & $0.0111786$ & $0.00167583$ & $-0.0245858$ & $0.0130122$ & $0.0336492$ & $0.000622517$ & $-0.0226781$ & $1$ & $0.0484469$ & $0.0368187$ & $0.0169552$ & $0.0145923$ & $-0.00563533$ & $0.00556189$ & $-0.0448873$ & $-0.0130371$ & $0.0306853$ \\
eHZgaint & $0.0545093$ & $0.0399597$ & $0.180093$ & $0.18567$ & $-0.0189217$ & $0.0291186$ & $0.0394923$ & $-0.0353426$ & $-0.0318798$ & $-0.0375734$ & $0.0554985$ & $-0.00424698$ & $-0.00831296$ & $-0.0696184$ & $0.0108465$ & $-0.0176799$ & $-0.0403605$ & $-0.0465681$ & $-0.0312616$ & $-0.0481401$ & $-0.0543705$ & $-0.0550235$ & $0.0337152$ & $-0.00623684$ & $-0.0462684$ & $0.0206927$ & $-0.0281726$ & $0.00726682$ & $-0.0354423$ & $-0.00043998$ & $-0.027711$ & $0.0291234$ & $-0.0645811$ & $-0.0328914$ & $0.0610906$ & $-0.156719$ & $-0.0337257$ & $0.00666058$ & $0.0101752$ & $0.0484469$ & $1$ & $-0.0618273$ & $-0.00131212$ & $0.103713$ & $0.112205$ & $-0.0252735$ & $0.0649448$ & $0.0919218$ & $-0.191301$ \\
eHZgapar & $-0.0210275$ & $0.0352383$ & $-0.0213445$ & $-0.00533004$ & $-0.0222915$ & $-0.0129136$ & $0.0102188$ & $0.0183161$ & $0.0188139$ & $0.00217369$ & $-0.0231207$ & $-0.014157$ & $-0.013285$ & $0.011529$ & $-0.0087502$ & $0.0306631$ & $0.0173424$ & $0.0165119$ & $-0.0112779$ & $0.0212355$ & $0.0228018$ & $0.024473$ & $-0.00898211$ & $0.00169674$ & $0.0220157$ & $-0.011952$ & $0.0257792$ & $0.00993155$ & $-0.0226934$ & $0.0265278$ & $-0.00746179$ & $0.0118754$ & $0.0405368$ & $0.0300795$ & $0.0555052$ & $-0.0909355$ & $-0.0122749$ & $-0.0122636$ & $0.0164433$ & $0.0368187$ & $-0.0618273$ & $1$ & $-0.0197317$ & $0.0740809$ & $0.109318$ & $0.0410951$ & $-0.0128893$ & $0.0691098$ & $0.0567988$ \\
eHgagaint & $0.0219178$ & $0.035282$ & $-0.0551381$ & $0.145901$ & $0.00376727$ & $-0.0270402$ & $0.0290879$ & $0.0106821$ & $0.058563$ & $-0.0174855$ & $-0.00931931$ & $-0.0121183$ & $0.00194944$ & $-0.0183405$ & $0.00219526$ & $-0.0124399$ & $0.00721992$ & $-0.00662315$ & $-6.94198e-05$ & $0.00959877$ & $0.0117757$ & $0.00892616$ & $0.0103825$ & $0.00254732$ & $0.00277394$ & $-0.0107091$ & $0.0266638$ & $0.0278037$ & $-0.0170938$ & $-0.0444842$ & $0.0404278$ & $0.0288049$ & $-0.0796406$ & $0.0151944$ & $0.0420783$ & $0.0871407$ & $0.184062$ & $0.0165445$ & $0.050168$ & $0.0169552$ & $-0.00131212$ & $-0.0197317$ & $1$ & $-0.0115619$ & $0.115574$ & $-0.0209133$ & $0.136801$ & $0.00870192$ & $-0.128872$ \\
eHmumuint & $0.131811$ & $-0.105304$ & $0.117184$ & $0.170465$ & $-0.0255972$ & $-0.0244458$ & $-0.0525683$ & $-0.00639112$ & $-0.00966069$ & $0.000715405$ & $0.00497311$ & $-0.0169007$ & $-0.0264184$ & $0.00610091$ & $0.00408439$ & $-0.00211887$ & $-0.00289463$ & $0.00310108$ & $-0.0004575$ & $-0.00698389$ & $-0.00915736$ & $-0.0147109$ & $-0.0221659$ & $-0.0108465$ & $-0.0233284$ & $0.0218593$ & $-0.0312797$ & $-0.0195132$ & $0.0276669$ & $0.0301483$ & $0.0586351$ & $-0.0465382$ & $0.0632464$ & $-0.0158451$ & $0.177287$ & $-0.164807$ & $-0.0734565$ & $-0.0801747$ & $0.0361557$ & $0.0145923$ & $0.103713$ & $0.0740809$ & $-0.0115619$ & $1$ & $0.175773$ & $0.0780887$ & $0.117565$ & $0.0826403$ & $0.0858261$ \\
eHtautauint & $0.0342708$ & $0.171149$ & $0.0142226$ & $0.216531$ & $-0.0275393$ & $-0.0107977$ & $0.0349141$ & $-0.0310409$ & $-0.0194648$ & $-0.0116337$ & $0.0319742$ & $-0.0142278$ & $-0.010798$ & $-0.038161$ & $0.0273385$ & $-0.00903434$ & $0.00475041$ & $-0.0272504$ & $-0.00100839$ & $-0.0250083$ & $-0.0308754$ & $-0.0392451$ & $-0.0326713$ & $0.0276796$ & $-0.00458434$ & $0.0611264$ & $-0.0018791$ & $-0.00807975$ & $-0.0056263$ & $0.0673418$ & $0.0312193$ & $0.031454$ & $0.139281$ & $-0.0311966$ & $-0.113762$ & $-0.265835$ & $-0.133543$ & $0.021644$ & $-0.108118$ & $-0.00563533$ & $0.112205$ & $0.109318$ & $0.115574$ & $0.175773$ & $1$ & $0.221422$ & $0.0489002$ & $0.15118$ & $0.241709$ \\
eHccint & $-0.119677$ & $-0.0153599$ & $0.0797567$ & $0.0556876$ & $-0.0055432$ & $-0.00122156$ & $0.0390094$ & $-0.0622511$ & $-0.0517013$ & $0.0456675$ & $0.0506584$ & $0.0113657$ & $-0.0194901$ & $0.0005194$ & $0.0112491$ & $-0.0600686$ & $0.0288887$ & $0.0134123$ & $0.0692643$ & $-0.0444285$ & $-0.0481959$ & $-0.0539134$ & $-0.0325602$ & $0.0592426$ & $0.0408664$ & $0.0594825$ & $-0.0276078$ & $-0.00916946$ & $0.0137963$ & $0.00335562$ & $0.0814622$ & $0.0385199$ & $0.0271137$ & $-0.0619732$ & $-0.115311$ & $0.0027519$ & $-0.117324$ & $0.0271407$ & $0.00714102$ & $0.00556189$ & $-0.0252735$ & $0.0410951$ & $-0.0209133$ & $0.0780887$ & $0.221422$ & $1$ & $0.0307232$ & $-0.144696$ & $0.064244$ \\
eHccpar & $0.0718177$ & $-0.118269$ & $0.110188$ & $0.0867443$ & $0.0299284$ & $0.018723$ & $-0.00194748$ & $-0.000820559$ & $0.004627$ & $-0.017606$ & $0.0104963$ & $-0.0153606$ & $-0.00207838$ & $-0.0218423$ & $-0.000316853$ & $-0.022898$ & $-0.00687171$ & $-0.0150493$ & $-0.000658764$ & $-0.0141022$ & $-0.0122049$ & $-0.0109937$ & $0.0504489$ & $-0.0174014$ & $-0.0134269$ & $-0.0574765$ & $-0.0017222$ & $-0.0113133$ & $-0.0198686$ & $-0.0024695$ & $0.294726$ & $-0.00890664$ & $-0.0563237$ & $-0.0013947$ & $0.0143617$ & $0.146993$ & $0.0598524$ & $-0.0339655$ & $0.209452$ & $-0.0448873$ & $0.0649448$ & $-0.0128893$ & $0.136801$ & $0.117565$ & $0.0489002$ & $0.0307232$ & $1$ & $-0.102345$ & $-0.065762$ \\
eHbbint & $0.0354548$ & $-0.12134$ & $-0.13004$ & $-0.160044$ & $0.0180819$ & $-0.0343402$ & $0.00279014$ & $0.0299647$ & $0.0263223$ & $-0.00347189$ & $-0.000966866$ & $0.0299414$ & $0.0148405$ & $-0.0536638$ & $-0.0285484$ & $0.030423$ & $-0.0536855$ & $-0.0319406$ & $-0.0752037$ & $-0.00366015$ & $-0.000118798$ & $0.00172896$ & $0.0174013$ & $-0.0507977$ & $-0.0608077$ & $-0.0198638$ & $0.00459372$ & $0.033047$ & $-0.0121627$ & $0.00473777$ & $-0.0233605$ & $-0.00515955$ & $0.104121$ & $0.0453109$ & $0.00716351$ & $-0.289566$ & $-0.0382368$ & $-0.0325692$ & $-0.0999084$ & $-0.0130371$ & $0.0919218$ & $0.0691098$ & $0.00870192$ & $0.0826403$ & $0.15118$ & $-0.144696$ & $-0.102345$ & $1$ & $-0.0471485$ \\
eHbbpar & $-0.0076628$ & $-0.0966059$ & $0.034474$ & $0.0571196$ & $0.0181992$ & $0.00094077$ & $-0.0421317$ & $-0.0206969$ & $-0.0269555$ & $0.0176859$ & $0.023905$ & $0.00598802$ & $-0.00757969$ & $-0.0157914$ & $-0.0204059$ & $-0.0251138$ & $0.00779721$ & $0.00965985$ & $0.017624$ & $-0.0272409$ & $-0.0227518$ & $-0.0262616$ & $0.00719645$ & $0.0295706$ & $0.0118543$ & $0.0147414$ & $0.0148881$ & $0.00801158$ & $-0.0112266$ & $0.0446679$ & $-0.02172$ & $-0.0278997$ & $0.384918$ & $-0.000105213$ & $0.00944721$ & $0.0415695$ & $-0.000306209$ & $-0.0554986$ & $-0.166168$ & $0.0306853$ & $-0.191301$ & $0.0567988$ & $-0.128872$ & $0.0858261$ & $0.241709$ & $0.064244$ & $-0.065762$ & $-0.0471485$ & $1$ \\
