 & AlsMz & dAle5Mz & mtop & mHl & Mz & CW & CHG & CHWB & CHWHB_gaga & CHWHB_gagaorth & CHD & CHbox & CH & CHL1_11 & CHL1_22 & CHL1_33 & CHL3_11 & CHL3_22 & CHL3_33 & CHe_11 & CHe_22 & CHe_33 & CHQ1_11 & CHQ1_33 & CHQ3_11 & CHu_11 & CHd_11 & CHd_33 & CeH_22r & CeH_33r & CuH_22r & CuH_33r & CdH_33r & CLL_1221 & eHggint & eHggpar & eHWWint & eHWWpar & eHZZint & eHZZpar & eHZgaint & eHZgapar & eHgagaint & eHmumuint & eHtautauint & eHccint & eHccpar & eHbbint & eHbbpar \\
AlsMz & $1$ & $0.00857693$ & $-0.0586743$ & $-0.0662049$ & $0.0123857$ & $0.0465887$ & $0.0449946$ & $-0.0359302$ & $-0.0291967$ & $0.0419787$ & $0.0233737$ & $0.0454567$ & $-0.00197086$ & $-0.028693$ & $0.0176426$ & $-0.0114405$ & $0.0119009$ & $-0.00920904$ & $0.00768695$ & $-0.0271829$ & $-0.0361508$ & $-0.0410888$ & $-0.00183369$ & $-0.050606$ & $-0.144924$ & $-0.0337553$ & $-0.0839849$ & $-0.0184511$ & $0.0279311$ & $0.0204648$ & $0.0370447$ & $0.0559711$ & $-0.0102606$ & $-0.0409308$ & $0.00776947$ & $-0.0080956$ & $-0.0678951$ & $-0.0130744$ & $0.0683285$ & $0.0124485$ & $0.0105534$ & $0.0616967$ & $-0.00103453$ & $-0.0520693$ & $-0.0089112$ & $0.0776932$ & $0.00372749$ & $-0.0183468$ & $-0.0296651$ \\
dAle5Mz & $0.00857693$ & $1$ & $-0.0683735$ & $-0.0312803$ & $0.0753497$ & $0.000793865$ & $0.00587745$ & $-0.082756$ & $-0.075954$ & $-0.00208345$ & $0.0775006$ & $0.0113167$ & $6.53678e-05$ & $-0.0766639$ & $-0.00308781$ & $-0.0118728$ & $0.00861929$ & $-0.0187779$ & $-0.0196475$ & $-0.0484324$ & $-0.0472691$ & $-0.0507054$ & $-0.015921$ & $-0.000864605$ & $-0.00560751$ & $0.0385505$ & $-0.010764$ & $-0.0286293$ & $0.0167942$ & $-0.015548$ & $-0.0240642$ & $0.0116612$ & $-0.0211905$ & $0.0217469$ & $0.0410716$ & $-0.0113024$ & $-0.0441317$ & $0.00152832$ & $0.0195759$ & $-0.018942$ & $0.057105$ & $0.0185093$ & $0.046474$ & $0.0372467$ & $-0.00320247$ & $0.0166374$ & $-0.09116$ & $-0.116606$ & $0.0103537$ \\
mtop & $-0.0586743$ & $-0.0683735$ & $1$ & $0.0266063$ & $-0.0306095$ & $-0.0256511$ & $-0.00789854$ & $-0.031409$ & $-0.0341374$ & $-0.010687$ & $0.047731$ & $0.00233163$ & $-0.00870779$ & $-0.0200792$ & $-0.045407$ & $-0.014535$ & $-0.0116173$ & $0.0151535$ & $-0.00303882$ & $-0.0430787$ & $-0.0386479$ & $-0.0314798$ & $-0.0326095$ & $0.00807539$ & $-0.00313826$ & $0.0518581$ & $-0.0168272$ & $-0.0519191$ & $-0.046498$ & $-0.00619398$ & $0.046223$ & $0.00594769$ & $-0.0426409$ & $0.0048849$ & $0.0521285$ & $0.0102032$ & $0.0381814$ & $-0.0197922$ & $0.0341054$ & $0.00399879$ & $-0.0353863$ & $-0.0246862$ & $-0.0503395$ & $0.0641514$ & $0.00954101$ & $0.0752269$ & $0.0422702$ & $-0.0208686$ & $-0.0791009$ \\
mHl & $-0.0662049$ & $-0.0312803$ & $0.0266063$ & $1$ & $-0.0364181$ & $0.00157501$ & $0.0390236$ & $0.0185422$ & $0.0251546$ & $-0.0135452$ & $-0.00878479$ & $-0.0100667$ & $0.00300652$ & $-0.00492136$ & $-0.0147959$ & $-0.0460879$ & $-0.021599$ & $-0.0113441$ & $0.0119503$ & $0.00307319$ & $0.0136574$ & $0.0104593$ & $-0.0491459$ & $-0.0248174$ & $-0.00860506$ & $0.0371002$ & $0.0191749$ & $-0.00975673$ & $0.0105587$ & $-0.0164869$ & $0.00219282$ & $0.0344267$ & $-0.0126082$ & $0.017748$ & $-0.00991412$ & $0.0381578$ & $0.0135589$ & $-0.0352582$ & $-0.0205041$ & $0.0263154$ & $-0.0148357$ & $-0.0354905$ & $0.00228314$ & $0.0554775$ & $-0.0115829$ & $-0.0376808$ & $0.0417559$ & $-0.0104084$ & $-0.0256119$ \\
Mz & $0.0123857$ & $0.0753497$ & $-0.0306095$ & $-0.0364181$ & $1$ & $-0.0193564$ & $-0.00360316$ & $0.0163976$ & $0.0197972$ & $-0.0574308$ & $-0.0132758$ & $-0.0408853$ & $0.00727213$ & $0.014938$ & $0.0760972$ & $0.0368803$ & $-0.00761351$ & $-0.041981$ & $-0.0176157$ & $0.0315441$ & $0.0191249$ & $0.0144517$ & $-0.0560317$ & $-0.0125153$ & $-0.0288202$ & $0.0249034$ & $-0.0455588$ & $-0.0164931$ & $0.00149693$ & $0.00208164$ & $0.0429867$ & $-0.00436597$ & $0.0152085$ & $-0.0479943$ & $0.0262276$ & $-0.0223873$ & $-0.022387$ & $0.0308525$ & $0.01215$ & $0.0198696$ & $-0.0195716$ & $-0.00509605$ & $0.033584$ & $-0.0106608$ & $-0.00620734$ & $-0.0414392$ & $0.000351191$ & $-0.0168456$ & $0.0273668$ \\
CW & $0.0465887$ & $0.000793865$ & $-0.0256511$ & $0.00157501$ & $-0.0193564$ & $1$ & $-0.0273976$ & $-0.134088$ & $-0.130743$ & $0.00667891$ & $0.214022$ & $0.0431741$ & $0.0307496$ & $-0.0251063$ & $-0.087661$ & $-0.134243$ & $-0.296978$ & $-0.0883621$ & $-0.0634683$ & $-0.212788$ & $-0.216592$ & $-0.222988$ & $-0.00525886$ & $-0.021637$ & $-0.133252$ & $0.102871$ & $-0.0913693$ & $-0.046095$ & $-0.0411698$ & $0.0214901$ & $-0.000367414$ & $-0.0191244$ & $0.029558$ & $-0.129622$ & $0.00244855$ & $0.0157272$ & $-0.00297066$ & $-0.00787188$ & $0.05937$ & $-0.00995492$ & $0.0159741$ & $0.00155172$ & $0.0279717$ & $0.017346$ & $0.0188404$ & $-0.000501195$ & $-0.0158416$ & $-0.0277125$ & $0.0334151$ \\
CHG & $0.0449946$ & $0.00587745$ & $-0.00789854$ & $0.0390236$ & $-0.00360316$ & $-0.0273976$ & $1$ & $-0.0813342$ & $-0.020014$ & $0.0421028$ & $0.0358064$ & $0.0501179$ & $-0.292524$ & $0.0549228$ & $-0.00515618$ & $-0.00932943$ & $0.093227$ & $0.0856392$ & $0.0905835$ & $-0.0350199$ & $-0.0421744$ & $-0.0345616$ & $-0.0136698$ & $0.0988126$ & $0.0776409$ & $0.0272022$ & $-0.0392607$ & $-0.0442838$ & $0.0195364$ & $-0.110292$ & $-0.0664368$ & $0.931394$ & $-0.151266$ & $-0.0576412$ & $-0.104539$ & $-0.0621507$ & $0.0205575$ & $-0.0114778$ & $-0.0492598$ & $0.0640243$ & $0.0326727$ & $0.0421062$ & $0.0512959$ & $0.0158233$ & $-0.0636827$ & $-0.0314443$ & $0.0194532$ & $-0.0423671$ & $-0.0153624$ \\
CHWB & $-0.0359302$ & $-0.082756$ & $-0.031409$ & $0.0185422$ & $0.0163976$ & $-0.134088$ & $-0.0813342$ & $1$ & $0.982229$ & $-0.555313$ & $-0.878695$ & $-0.371948$ & $0.356891$ & $0.0872602$ & $0.282412$ & $0.292014$ & $-0.237392$ & $-0.415434$ & $-0.431509$ & $0.850248$ & $0.895655$ & $0.877081$ & $0.0989496$ & $-0.673976$ & $-0.373897$ & $-0.520236$ & $0.460065$ & $0.293652$ & $0.0424683$ & $0.132426$ & $0.07997$ & $-0.0805262$ & $0.151885$ & $0.589658$ & $-0.0571919$ & $-0.019169$ & $-0.00967848$ & $0.0134137$ & $-0.0224729$ & $-0.034327$ & $-0.0278076$ & $-0.0074165$ & $-0.000510497$ & $0.0254544$ & $0.00171477$ & $-0.014444$ & $0.0213306$ & $0.0383513$ & $0.0182766$ \\
CHWHB_gaga & $-0.0291967$ & $-0.075954$ & $-0.0341374$ & $0.0251546$ & $0.0197972$ & $-0.130743$ & $-0.020014$ & $0.982229$ & $1$ & $-0.542712$ & $-0.862521$ & $-0.349119$ & $0.348689$ & $0.0833824$ & $0.280597$ & $0.286577$ & $-0.234705$ & $-0.411892$ & $-0.424662$ & $0.835375$ & $0.879217$ & $0.861524$ & $0.0962853$ & $-0.661426$ & $-0.370548$ & $-0.511648$ & $0.450755$ & $0.280567$ & $0.0515683$ & $0.157496$ & $0.0944358$ & $-0.0300882$ & $0.175093$ & $0.576547$ & $-0.0737295$ & $-0.037518$ & $-0.0312456$ & $0.0145726$ & $-0.030647$ & $-0.0261931$ & $-0.030128$ & $-0.00468306$ & $0.071835$ & $0.0300508$ & $-0.00121832$ & $-0.00134422$ & $0.0212126$ & $0.0294231$ & $0.0240283$ \\
CHWHB_gagaorth & $0.0419787$ & $-0.00208345$ & $-0.010687$ & $-0.0135452$ & $-0.0574308$ & $0.00667891$ & $0.0421028$ & $-0.555313$ & $-0.542712$ & $1$ & $0.326884$ & $0.694669$ & $-0.256279$ & $0.27212$ & $-0.127202$ & $-0.120066$ & $0.447612$ & $0.506572$ & $0.512395$ & $-0.317584$ & $-0.345793$ & $-0.338847$ & $-0.0587947$ & $0.560725$ & $0.494465$ & $0.206413$ & $-0.221724$ & $-0.0945998$ & $-0.022756$ & $-0.135093$ & $-0.0994604$ & $0.0615182$ & $-0.143472$ & $-0.35012$ & $0.0739088$ & $0.0137149$ & $-0.00901686$ & $0.0233253$ & $0.00585091$ & $-0.00878751$ & $-0.0581823$ & $0.00934382$ & $-0.00850892$ & $-0.0121955$ & $-0.00558736$ & $-0.0240843$ & $-0.00321802$ & $-0.0282723$ & $-0.00899898$ \\
CHD & $0.0233737$ & $0.0775006$ & $0.047731$ & $-0.00878479$ & $-0.0132758$ & $0.214022$ & $0.0358064$ & $-0.878695$ & $-0.862521$ & $0.326884$ & $1$ & $0.313395$ & $-0.169995$ & $-0.501811$ & $-0.3945$ & $-0.417439$ & $-0.219362$ & $0.0377609$ & $0.0653423$ & $-0.989961$ & $-0.991073$ & $-0.969032$ & $-0.0352393$ & $0.309214$ & $-0.00959855$ & $0.564016$ & $-0.336182$ & $-0.344957$ & $-0.0320851$ & $-0.0779957$ & $-0.0477381$ & $0.0434025$ & $-0.100884$ & $-0.406595$ & $0.0601323$ & $0.0207604$ & $-0.0089514$ & $-0.0335745$ & $0.0324814$ & $0.0328669$ & $0.0514007$ & $-0.00440681$ & $-0.00291696$ & $-0.0293648$ & $0.00943452$ & $0.0292666$ & $-0.0399259$ & $-0.0421994$ & $-0.0200198$ \\
CHbox & $0.0454567$ & $0.0113167$ & $0.00233163$ & $-0.0100667$ & $-0.0408853$ & $0.0431741$ & $0.0501179$ & $-0.371948$ & $-0.349119$ & $0.694669$ & $0.313395$ & $1$ & $-0.313683$ & $-0.0125648$ & $-0.0498709$ & $-0.0547719$ & $0.0907344$ & $0.14281$ & $0.152003$ & $-0.29249$ & $-0.331044$ & $-0.316763$ & $-0.0458506$ & $0.272634$ & $0.141248$ & $0.18744$ & $-0.205108$ & $-0.105066$ & $-0.0246334$ & $0.104876$ & $-0.030725$ & $0.122426$ & $0.0818812$ & $-0.274316$ & $0.153538$ & $0.0439194$ & $-0.0559613$ & $-0.0170997$ & $0.00225791$ & $0.0152449$ & $-0.0563723$ & $-0.00144412$ & $-0.0365492$ & $-0.00520712$ & $0.0150292$ & $-0.00879736$ & $-0.0203982$ & $-0.0292052$ & $-0.0244016$ \\
CH & $-0.00197086$ & $6.53678e-05$ & $-0.00870779$ & $0.00300652$ & $0.00727213$ & $0.0307496$ & $-0.292524$ & $0.356891$ & $0.348689$ & $-0.256279$ & $-0.169995$ & $-0.313683$ & $1$ & $-0.25004$ & $0.0784792$ & $0.0665289$ & $-0.377795$ & $-0.400335$ & $-0.395374$ & $0.167572$ & $0.182473$ & $0.176487$ & $0.0770183$ & $-0.394$ & $-0.384448$ & $-0.119359$ & $0.15494$ & $0.0619542$ & $0.0592165$ & $0.265275$ & $0.125884$ & $-0.247018$ & $0.325543$ & $0.217024$ & $0.0198221$ & $-0.0144654$ & $3.93348e-05$ & $0.0166654$ & $0.020436$ & $-0.0285344$ & $0.00566462$ & $-0.0246781$ & $0.00499915$ & $0.00780741$ & $0.0024516$ & $0.00925324$ & $-0.00476442$ & $0.0270774$ & $0.0363954$ \\
CHL1_11 & $-0.028693$ & $-0.0766639$ & $-0.0200792$ & $-0.00492136$ & $0.014938$ & $-0.0251063$ & $0.0549228$ & $0.0872602$ & $0.0833824$ & $0.27212$ & $-0.501811$ & $-0.0125648$ & $-0.25004$ & $1$ & $0.240295$ & $0.26783$ & $0.65457$ & $0.623368$ & $0.598332$ & $0.518409$ & $0.461915$ & $0.441388$ & $-0.0921447$ & $0.482769$ & $0.616927$ & $-0.241626$ & $-0.0764835$ & $0.206025$ & $-0.0169187$ & $-0.0528105$ & $-0.0222217$ & $0.0442392$ & $-0.0381092$ & $-0.193645$ & $-0.0113736$ & $-0.0232645$ & $0.0314797$ & $0.0490833$ & $-0.0157628$ & $-0.0111247$ & $-0.0455204$ & $0.0102541$ & $0.00691634$ & $0.0150384$ & $-0.0233457$ & $-0.0275944$ & $0.0560897$ & $0.0205566$ & $0.0167883$ \\
CHL1_22 & $0.0176426$ & $-0.00308781$ & $-0.045407$ & $-0.0147959$ & $0.0760972$ & $-0.087661$ & $-0.00515618$ & $0.282412$ & $0.280597$ & $-0.127202$ & $-0.3945$ & $-0.0498709$ & $0.0784792$ & $0.240295$ & $1$ & $0.456985$ & $0.141503$ & $-0.440401$ & $-0.065422$ & $0.461197$ & $0.312328$ & $0.300684$ & $-0.16488$ & $0.0923774$ & $-0.132433$ & $-0.162692$ & $-0.371911$ & $0.123133$ & $-0.00309353$ & $0.0416107$ & $0.0356662$ & $0.00139349$ & $0.0665069$ & $-0.573022$ & $0.0106093$ & $-0.0158345$ & $0.0250513$ & $-0.0237397$ & $-0.00625711$ & $0.0262079$ & $-0.0437839$ & $-0.00146679$ & $-0.00875156$ & $0.0438823$ & $-0.0241562$ & $-0.0304535$ & $0.00565876$ & $0.00844294$ & $0.0155797$ \\
CHL1_33 & $-0.0114405$ & $-0.0118728$ & $-0.014535$ & $-0.0460879$ & $0.0368803$ & $-0.134243$ & $-0.00932943$ & $0.292014$ & $0.286577$ & $-0.120066$ & $-0.417439$ & $-0.0547719$ & $0.0665289$ & $0.26783$ & $0.456985$ & $1$ & $0.169486$ & $-0.0143704$ & $-0.428997$ & $0.485414$ & $0.337017$ & $0.354942$ & $-0.170031$ & $0.119926$ & $-0.103403$ & $-0.174961$ & $-0.355289$ & $0.129229$ & $0.0222473$ & $0.0263636$ & $0.0442383$ & $-0.00162246$ & $0.0376829$ & $-0.0942367$ & $-0.0186255$ & $-0.00680347$ & $0.0389847$ & $0.0176943$ & $-0.0379942$ & $-0.000433679$ & $-0.0566021$ & $-0.0114727$ & $-0.0288747$ & $0.036626$ & $0.011131$ & $-0.0446828$ & $0.0146604$ & $0.027797$ & $-0.0165147$ \\
CHL3_11 & $0.0119009$ & $0.00861929$ & $-0.0116173$ & $-0.021599$ & $-0.00761351$ & $-0.296978$ & $0.093227$ & $-0.237392$ & $-0.234705$ & $0.447612$ & $-0.219362$ & $0.0907344$ & $-0.377795$ & $0.65457$ & $0.141503$ & $0.169486$ & $1$ & $0.753123$ & $0.735264$ & $0.239848$ & $0.187475$ & $0.187681$ & $-0.0921573$ & $0.669216$ & $0.779722$ & $-0.0844647$ & $-0.144793$ & $0.0829056$ & $-0.0161499$ & $-0.12333$ & $-0.0780564$ & $0.0668528$ & $-0.123188$ & $-0.220796$ & $-0.021438$ & $0.00577463$ & $0.0331371$ & $0.0422908$ & $-0.0391109$ & $0.000555268$ & $-0.0491631$ & $0.0292128$ & $0.00652401$ & $0.00460564$ & $-0.0278263$ & $-0.0277609$ & $0.0331286$ & $0.012064$ & $-0.00803143$ \\
CHL3_22 & $-0.00920904$ & $-0.0187779$ & $0.0151535$ & $-0.0113441$ & $-0.041981$ & $-0.0883621$ & $0.0856392$ & $-0.415434$ & $-0.411892$ & $0.506572$ & $0.0377609$ & $0.14281$ & $-0.400335$ & $0.623368$ & $-0.440401$ & $-0.0143704$ & $0.753123$ & $1$ & $0.694663$ & $-0.0409273$ & $-0.0354335$ & $-0.0314482$ & $-0.022822$ & $0.6339$ & $0.796982$ & $0.0330454$ & $-0.0139383$ & $0.0149384$ & $-0.0196638$ & $-0.128185$ & $-0.0764874$ & $0.0662572$ & $-0.139165$ & $0.0280035$ & $-0.0136786$ & $0.00753193$ & $0.0231833$ & $0.055786$ & $-0.0194278$ & $-0.0157225$ & $-0.0176229$ & $0.021711$ & $0.00869944$ & $-0.0201914$ & $-0.00690637$ & $-0.011125$ & $0.0360012$ & $0.00712195$ & $-0.0103607$ \\
CHL3_33 & $0.00768695$ & $-0.0196475$ & $-0.00303882$ & $0.0119503$ & $-0.0176157$ & $-0.0634683$ & $0.0905835$ & $-0.431509$ & $-0.424662$ & $0.512395$ & $0.0653423$ & $0.152003$ & $-0.395374$ & $0.598332$ & $-0.065422$ & $-0.428997$ & $0.735264$ & $0.694663$ & $1$ & $-0.0732738$ & $-0.0595694$ & $-0.0567335$ & $-0.0047991$ & $0.609672$ & $0.793457$ & $0.0424603$ & $-0.000303802$ & $0.00730955$ & $-0.0352769$ & $-0.114086$ & $-0.0845493$ & $0.0715371$ & $-0.121069$ & $-0.315843$ & $0.00595317$ & $0.00599295$ & $0.00629866$ & $0.0238989$ & $-0.00417278$ & $0.00568735$ & $-0.0151304$ & $0.0231883$ & $0.026667$ & $-0.0162376$ & $-0.0224369$ & $-0.0049181$ & $0.0336293$ & $-0.0188688$ & $0.0117641$ \\
CHe_11 & $-0.0271829$ & $-0.0484324$ & $-0.0430787$ & $0.00307319$ & $0.0315441$ & $-0.212788$ & $-0.0350199$ & $0.850248$ & $0.835375$ & $-0.317584$ & $-0.989961$ & $-0.29249$ & $0.167572$ & $0.518409$ & $0.461197$ & $0.485414$ & $0.239848$ & $-0.0409273$ & $-0.0732738$ & $1$ & $0.972669$ & $0.950785$ & $0.0111052$ & $-0.256741$ & $0.0148706$ & $-0.551749$ & $0.262773$ & $0.340737$ & $0.0316816$ & $0.0791317$ & $0.0519618$ & $-0.0398558$ & $0.101368$ & $0.329495$ & $-0.0532779$ & $-0.0198705$ & $0.0131598$ & $0.0321822$ & $-0.0316346$ & $-0.0308794$ & $-0.0523135$ & $0.00311226$ & $0.00300089$ & $0.0329742$ & $-0.0057146$ & $-0.0331121$ & $0.040637$ & $0.0369615$ & $0.0177753$ \\
CHe_22 & $-0.0361508$ & $-0.0472691$ & $-0.0386479$ & $0.0136574$ & $0.0191249$ & $-0.216592$ & $-0.0421744$ & $0.895655$ & $0.879217$ & $-0.345793$ & $-0.991073$ & $-0.331044$ & $0.182473$ & $0.461915$ & $0.312328$ & $0.337017$ & $0.187475$ & $-0.0354335$ & $-0.0595694$ & $0.972669$ & $1$ & $0.974086$ & $0.0631141$ & $-0.363699$ & $0.0026953$ & $-0.569373$ & $0.412813$ & $0.341777$ & $0.035345$ & $0.0793172$ & $0.046895$ & $-0.0510169$ & $0.100908$ & $0.490282$ & $-0.061395$ & $-0.0192212$ & $0.00036338$ & $0.0338442$ & $-0.032086$ & $-0.0360235$ & $-0.0464887$ & $0.0029914$ & $0.00618806$ & $0.0268993$ & $-0.0093386$ & $-0.0238277$ & $0.0368488$ & $0.0375443$ & $0.0194451$ \\
CHe_33 & $-0.0410888$ & $-0.0507054$ & $-0.0314798$ & $0.0104593$ & $0.0144517$ & $-0.222988$ & $-0.0345616$ & $0.877081$ & $0.861524$ & $-0.338847$ & $-0.969032$ & $-0.316763$ & $0.176487$ & $0.441388$ & $0.300684$ & $0.354942$ & $0.187681$ & $-0.0314482$ & $-0.0567335$ & $0.950785$ & $0.974086$ & $1$ & $0.0689227$ & $-0.357625$ & $0.00882185$ & $-0.559594$ & $0.41242$ & $0.333148$ & $0.0342945$ & $0.0827884$ & $0.048596$ & $-0.040945$ & $0.104996$ & $0.490524$ & $-0.0600713$ & $-0.0146372$ & $-0.0111631$ & $0.0331801$ & $-0.0350733$ & $-0.0301762$ & $-0.0595287$ & $0.00304851$ & $0.00841943$ & $0.0258438$ & $-0.00909117$ & $-0.0271479$ & $0.0391248$ & $0.0315556$ & $0.0205542$ \\
CHQ1_11 & $-0.00183369$ & $-0.015921$ & $-0.0326095$ & $-0.0491459$ & $-0.0560317$ & $-0.00525886$ & $-0.0136698$ & $0.0989496$ & $0.0962853$ & $-0.0587947$ & $-0.0352393$ & $-0.0458506$ & $0.0770183$ & $-0.0921447$ & $-0.16488$ & $-0.170031$ & $-0.0921573$ & $-0.022822$ & $-0.0047991$ & $0.0111052$ & $0.0631141$ & $0.0689227$ & $1$ & $-0.154123$ & $0.0386717$ & $-0.68945$ & $0.344744$ & $0.0602389$ & $-0.0181936$ & $0.0404592$ & $-0.0178911$ & $-0.0175017$ & $0.0215914$ & $0.214488$ & $0.00154154$ & $-0.0216982$ & $-0.00240228$ & $0.0209703$ & $0.00954895$ & $-0.00315618$ & $0.0287678$ & $0.0195596$ & $-0.0121998$ & $-0.0567074$ & $0.0398406$ & $0.0794701$ & $-0.00854661$ & $0.0719123$ & $-0.0300295$ \\
CHQ1_33 & $-0.050606$ & $-0.000864605$ & $0.00807539$ & $-0.0248174$ & $-0.0125153$ & $-0.021637$ & $0.0988126$ & $-0.673976$ & $-0.661426$ & $0.560725$ & $0.309214$ & $0.272634$ & $-0.394$ & $0.482769$ & $0.0923774$ & $0.119926$ & $0.669216$ & $0.6339$ & $0.609672$ & $-0.256741$ & $-0.363699$ & $-0.357625$ & $-0.154123$ & $1$ & $0.642724$ & $0.22629$ & $-0.424148$ & $-0.00449338$ & $-0.0505982$ & $-0.122198$ & $-0.071095$ & $0.0907192$ & $-0.115474$ & $-0.625035$ & $0.0348465$ & $0.00448924$ & $0.0387911$ & $0.0132498$ & $-0.0172141$ & $0.0100079$ & $-0.0184734$ & $0.0171337$ & $-0.00515643$ & $-0.00431228$ & $-0.0194267$ & $-0.0059055$ & $0.00139419$ & $-0.00827775$ & $0.00637073$ \\
CHQ3_11 & $-0.144924$ & $-0.00560751$ & $-0.00313826$ & $-0.00860506$ & $-0.0288202$ & $-0.133252$ & $0.0776409$ & $-0.373897$ & $-0.370548$ & $0.494465$ & $-0.00959855$ & $0.141248$ & $-0.384448$ & $0.616927$ & $-0.132433$ & $-0.103403$ & $0.779722$ & $0.796982$ & $0.793457$ & $0.0148706$ & $0.0026953$ & $0.00882185$ & $0.0386717$ & $0.642724$ & $1$ & $0.0371092$ & $0.2102$ & $0.0387152$ & $-0.0402072$ & $-0.125754$ & $-0.0916597$ & $0.0575171$ & $-0.121859$ & $-0.181937$ & $-0.0185829$ & $0.00708858$ & $0.0161656$ & $0.0211434$ & $-0.0330819$ & $-0.0112988$ & $-0.0249629$ & $0.0461956$ & $-0.00355153$ & $0.0163389$ & $-0.00744034$ & $-0.0141858$ & $0.0259099$ & $0.0222391$ & $-0.000453094$ \\
CHu_11 & $-0.0337553$ & $0.0385505$ & $0.0518581$ & $0.0371002$ & $0.0249034$ & $0.102871$ & $0.0272022$ & $-0.520236$ & $-0.511648$ & $0.206413$ & $0.564016$ & $0.18744$ & $-0.119359$ & $-0.241626$ & $-0.162692$ & $-0.174961$ & $-0.0844647$ & $0.0330454$ & $0.0424603$ & $-0.551749$ & $-0.569373$ & $-0.559594$ & $-0.68945$ & $0.22629$ & $0.0371092$ & $1$ & $-0.20663$ & $-0.22813$ & $-0.0116726$ & $-0.0734703$ & $-0.0253003$ & $0.0363471$ & $-0.0588122$ & $-0.298246$ & $0.0425705$ & $0.0472169$ & $-0.00800065$ & $-0.034776$ & $-0.00640918$ & $0.0301557$ & $0.0030476$ & $0.000382024$ & $0.0056568$ & $0.0461251$ & $-0.0191866$ & $-0.0402285$ & $-0.00682824$ & $-0.0539446$ & $0.0190588$ \\
CHd_11 & $-0.0839849$ & $-0.010764$ & $-0.0168272$ & $0.0191749$ & $-0.0455588$ & $-0.0913693$ & $-0.0392607$ & $0.460065$ & $0.450755$ & $-0.221724$ & $-0.336182$ & $-0.205108$ & $0.15494$ & $-0.0764835$ & $-0.371911$ & $-0.355289$ & $-0.144793$ & $-0.0139383$ & $-0.000303802$ & $0.262773$ & $0.412813$ & $0.41242$ & $0.344744$ & $-0.424148$ & $0.2102$ & $-0.20663$ & $1$ & $0.121495$ & $-0.00122235$ & $0.0488546$ & $-0.00220882$ & $-0.0461924$ & $0.059768$ & $0.688987$ & $-0.0500733$ & $0.00154601$ & $-0.0465356$ & $-0.00262158$ & $-0.0280941$ & $-0.0458225$ & $0.0122412$ & $0.0455465$ & $-0.00123781$ & $0.0125196$ & $0.0199612$ & $0.0345042$ & $-0.000725421$ & $0.0398668$ & $0.0166003$ \\
CHd_33 & $-0.0184511$ & $-0.0286293$ & $-0.0519191$ & $-0.00975673$ & $-0.0164931$ & $-0.046095$ & $-0.0442838$ & $0.293652$ & $0.280567$ & $-0.0945998$ & $-0.344957$ & $-0.105066$ & $0.0619542$ & $0.206025$ & $0.123133$ & $0.129229$ & $0.0829056$ & $0.0149384$ & $0.00730955$ & $0.340737$ & $0.341777$ & $0.333148$ & $0.0602389$ & $-0.00449338$ & $0.0387152$ & $-0.22813$ & $0.121495$ & $1$ & $0.0297485$ & $0.0107364$ & $-0.00101608$ & $-0.0467468$ & $0.0134517$ & $0.138086$ & $-0.0396493$ & $0.0303675$ & $0.0220749$ & $-0.00139565$ & $0.00819543$ & $0.00172293$ & $-0.0268391$ & $0.0110053$ & $-0.0382571$ & $0.0158056$ & $-0.0506406$ & $-0.0333751$ & $-0.0193017$ & $0.0284161$ & $-0.0274383$ \\
CeH_22r & $0.0279311$ & $0.0167942$ & $-0.046498$ & $0.0105587$ & $0.00149693$ & $-0.0411698$ & $0.0195364$ & $0.0424683$ & $0.0515683$ & $-0.022756$ & $-0.0320851$ & $-0.0246334$ & $0.0592165$ & $-0.0169187$ & $-0.00309353$ & $0.0222473$ & $-0.0161499$ & $-0.0196638$ & $-0.0352769$ & $0.0316816$ & $0.035345$ & $0.0342945$ & $-0.0181936$ & $-0.0505982$ & $-0.0402072$ & $-0.0116726$ & $-0.00122235$ & $0.0297485$ & $1$ & $0.0140577$ & $-0.00542425$ & $-0.0121851$ & $0.0267752$ & $0.0403811$ & $-0.0451159$ & $-0.0184129$ & $-0.0318228$ & $-0.0252855$ & $-0.00281279$ & $0.0234731$ & $-0.010131$ & $-0.0029752$ & $-0.0204104$ & $-0.0164792$ & $-0.0499269$ & $0.000937077$ & $0.00938653$ & $0.016932$ & $0.0198249$ \\
CeH_33r & $0.0204648$ & $-0.015548$ & $-0.00619398$ & $-0.0164869$ & $0.00208164$ & $0.0214901$ & $-0.110292$ & $0.132426$ & $0.157496$ & $-0.135093$ & $-0.0779957$ & $0.104876$ & $0.265275$ & $-0.0528105$ & $0.0416107$ & $0.0263636$ & $-0.12333$ & $-0.128185$ & $-0.114086$ & $0.0791317$ & $0.0793172$ & $0.0827884$ & $0.0404592$ & $-0.122198$ & $-0.125754$ & $-0.0734703$ & $0.0488546$ & $0.0107364$ & $0.0140577$ & $1$ & $0.31559$ & $0.0403513$ & $0.643243$ & $0.062688$ & $-0.0359493$ & $-0.045456$ & $-0.208519$ & $0.00222297$ & $0.0142556$ & $0.00128644$ & $0.00769973$ & $0.00235604$ & $0.0180281$ & $0.0256834$ & $0.056337$ & $0.0233125$ & $-0.00502877$ & $0.0523297$ & $0.0352496$ \\
CuH_22r & $0.0370447$ & $-0.0240642$ & $0.046223$ & $0.00219282$ & $0.0429867$ & $-0.000367414$ & $-0.0664368$ & $0.07997$ & $0.0944358$ & $-0.0994604$ & $-0.0477381$ & $-0.030725$ & $0.125884$ & $-0.0222217$ & $0.0356662$ & $0.0442383$ & $-0.0780564$ & $-0.0764874$ & $-0.0845493$ & $0.0519618$ & $0.046895$ & $0.048596$ & $-0.0178911$ & $-0.071095$ & $-0.0916597$ & $-0.0253003$ & $-0.00220882$ & $-0.00101608$ & $-0.00542425$ & $0.31559$ & $1$ & $0.0169643$ & $0.33426$ & $0.0291143$ & $-0.0135891$ & $-0.0245954$ & $-0.109462$ & $-0.0186815$ & $-0.0174519$ & $-0.0161935$ & $0.0116622$ & $0.0191964$ & $0.0307813$ & $0.00620674$ & $0.0524682$ & $0.10717$ & $0.391704$ & $0.023457$ & $0.0236817$ \\
CuH_33r & $0.0559711$ & $0.0116612$ & $0.00594769$ & $0.0344267$ & $-0.00436597$ & $-0.0191244$ & $0.931394$ & $-0.0805262$ & $-0.0300882$ & $0.0615182$ & $0.0434025$ & $0.122426$ & $-0.247018$ & $0.0442392$ & $0.00139349$ & $-0.00162246$ & $0.0668528$ & $0.0662572$ & $0.0715371$ & $-0.0398558$ & $-0.0510169$ & $-0.040945$ & $-0.0175017$ & $0.0907192$ & $0.0575171$ & $0.0363471$ & $-0.0461924$ & $-0.0467468$ & $-0.0121851$ & $0.0403513$ & $0.0169643$ & $1$ & $0.0167063$ & $-0.0669666$ & $-0.00746037$ & $-0.0181761$ & $-0.0268795$ & $-0.00711932$ & $-0.0359346$ & $0.05245$ & $0.00915834$ & $0.020019$ & $0.0367197$ & $0.00173121$ & $-0.0612895$ & $-0.0338773$ & $0.020822$ & $-0.0322281$ & $-0.00863745$ \\
CdH_33r & $-0.0102606$ & $-0.0211905$ & $-0.0426409$ & $-0.0126082$ & $0.0152085$ & $0.029558$ & $-0.151266$ & $0.151885$ & $0.175093$ & $-0.143472$ & $-0.100884$ & $0.0818812$ & $0.325543$ & $-0.0381092$ & $0.0665069$ & $0.0376829$ & $-0.123188$ & $-0.139165$ & $-0.121069$ & $0.101368$ & $0.100908$ & $0.104996$ & $0.0215914$ & $-0.115474$ & $-0.121859$ & $-0.0588122$ & $0.059768$ & $0.0134517$ & $0.0267752$ & $0.643243$ & $0.33426$ & $0.0167063$ & $1$ & $0.0557522$ & $-0.00192941$ & $-0.070597$ & $-0.234314$ & $-0.0290496$ & $-0.0136024$ & $0.00455719$ & $-0.0182242$ & $-0.0424393$ & $0.00438885$ & $0.00397538$ & $-0.0396092$ & $0.0281968$ & $0.0185604$ & $0.181914$ & $0.528659$ \\
CLL_1221 & $-0.0409308$ & $0.0217469$ & $0.0048849$ & $0.017748$ & $-0.0479943$ & $-0.129622$ & $-0.0576412$ & $0.589658$ & $0.576547$ & $-0.35012$ & $-0.406595$ & $-0.274316$ & $0.217024$ & $-0.193645$ & $-0.573022$ & $-0.0942367$ & $-0.220796$ & $0.0280035$ & $-0.315843$ & $0.329495$ & $0.490282$ & $0.490524$ & $0.214488$ & $-0.625035$ & $-0.181937$ & $-0.298246$ & $0.688987$ & $0.138086$ & $0.0403811$ & $0.062688$ & $0.0291143$ & $-0.0669666$ & $0.0557522$ & $1$ & $-0.0644365$ & $0.000716841$ & $-0.0296689$ & $0.033604$ & $-0.0255308$ & $-0.0522671$ & $0.0120255$ & $0.0021425$ & $0.0086332$ & $-0.0122106$ & $0.014458$ & $0.0130165$ & $0.00396787$ & $0.0212948$ & $-0.00434875$ \\
eHggint & $0.00776947$ & $0.0410716$ & $0.0521285$ & $-0.00991412$ & $0.0262276$ & $0.00244855$ & $-0.104539$ & $-0.0571919$ & $-0.0737295$ & $0.0739088$ & $0.0601323$ & $0.153538$ & $0.0198221$ & $-0.0113736$ & $0.0106093$ & $-0.0186255$ & $-0.021438$ & $-0.0136786$ & $0.00595317$ & $-0.0532779$ & $-0.061395$ & $-0.0600713$ & $0.00154154$ & $0.0348465$ & $-0.0185829$ & $0.0425705$ & $-0.0500733$ & $-0.0396493$ & $-0.0451159$ & $-0.0359493$ & $-0.0135891$ & $-0.00746037$ & $-0.00192941$ & $-0.0644365$ & $1$ & $-0.0801652$ & $-0.0245526$ & $0.00201509$ & $0.0214405$ & $-0.0479794$ & $-0.0502848$ & $-0.0549745$ & $0.0216116$ & $0.0237265$ & $-0.0418509$ & $0.0210439$ & $-0.0244519$ & $0.0642627$ & $-0.014617$ \\
eHggpar & $-0.0080956$ & $-0.0113024$ & $0.0102032$ & $0.0381578$ & $-0.0223873$ & $0.0157272$ & $-0.0621507$ & $-0.019169$ & $-0.037518$ & $0.0137149$ & $0.0207604$ & $0.0439194$ & $-0.0144654$ & $-0.0232645$ & $-0.0158345$ & $-0.00680347$ & $0.00577463$ & $0.00753193$ & $0.00599295$ & $-0.0198705$ & $-0.0192212$ & $-0.0146372$ & $-0.0216982$ & $0.00448924$ & $0.00708858$ & $0.0472169$ & $0.00154601$ & $0.0303675$ & $-0.0184129$ & $-0.045456$ & $-0.0245954$ & $-0.0181761$ & $-0.070597$ & $0.000716841$ & $-0.0801652$ & $1$ & $0.0213608$ & $-0.0281428$ & $-0.0198093$ & $0.0224168$ & $-0.0210131$ & $0.00732361$ & $-0.0559346$ & $0.00285602$ & $0.0614756$ & $-0.0285358$ & $-0.0197762$ & $-0.0440818$ & $-0.0318065$ \\
eHWWint & $-0.0678951$ & $-0.0441317$ & $0.0381814$ & $0.0135589$ & $-0.022387$ & $-0.00297066$ & $0.0205575$ & $-0.00967848$ & $-0.0312456$ & $-0.00901686$ & $-0.0089514$ & $-0.0559613$ & $3.93348e-05$ & $0.0314797$ & $0.0250513$ & $0.0389847$ & $0.0331371$ & $0.0231833$ & $0.00629866$ & $0.0131598$ & $0.00036338$ & $-0.0111631$ & $-0.00240228$ & $0.0387911$ & $0.0161656$ & $-0.00800065$ & $-0.0465356$ & $0.0220749$ & $-0.0318228$ & $-0.208519$ & $-0.109462$ & $-0.0268795$ & $-0.234314$ & $-0.0296689$ & $-0.0245526$ & $0.0213608$ & $1$ & $0.0113957$ & $-0.0359416$ & $-0.0156967$ & $0.0252267$ & $-0.00627244$ & $-0.0114256$ & $0.0355221$ & $0.0100381$ & $-0.0294809$ & $-0.00590653$ & $-0.0154284$ & $0.0123513$ \\
eHWWpar & $-0.0130744$ & $0.00152832$ & $-0.0197922$ & $-0.0352582$ & $0.0308525$ & $-0.00787188$ & $-0.0114778$ & $0.0134137$ & $0.0145726$ & $0.0233253$ & $-0.0335745$ & $-0.0170997$ & $0.0166654$ & $0.0490833$ & $-0.0237397$ & $0.0176943$ & $0.0422908$ & $0.055786$ & $0.0238989$ & $0.0321822$ & $0.0338442$ & $0.0331801$ & $0.0209703$ & $0.0132498$ & $0.0211434$ & $-0.034776$ & $-0.00262158$ & $-0.00139565$ & $-0.0252855$ & $0.00222297$ & $-0.0186815$ & $-0.00711932$ & $-0.0290496$ & $0.033604$ & $0.00201509$ & $-0.0281428$ & $0.0113957$ & $1$ & $-0.0144101$ & $0.0189794$ & $0.040138$ & $0.0140042$ & $0.0341383$ & $-0.0272814$ & $-0.00571934$ & $-0.00766993$ & $-0.00939673$ & $0.0125572$ & $-0.0266139$ \\
eHZZint & $0.0683285$ & $0.0195759$ & $0.0341054$ & $-0.0205041$ & $0.01215$ & $0.05937$ & $-0.0492598$ & $-0.0224729$ & $-0.030647$ & $0.00585091$ & $0.0324814$ & $0.00225791$ & $0.020436$ & $-0.0157628$ & $-0.00625711$ & $-0.0379942$ & $-0.0391109$ & $-0.0194278$ & $-0.00417278$ & $-0.0316346$ & $-0.032086$ & $-0.0350733$ & $0.00954895$ & $-0.0172141$ & $-0.0330819$ & $-0.00640918$ & $-0.0280941$ & $0.00819543$ & $-0.00281279$ & $0.0142556$ & $-0.0174519$ & $-0.0359346$ & $-0.0136024$ & $-0.0255308$ & $0.0214405$ & $-0.0198093$ & $-0.0359416$ & $-0.0144101$ & $1$ & $-0.0303362$ & $-0.0413943$ & $0.00162429$ & $-0.0255694$ & $-0.052508$ & $0.0296993$ & $-0.0205723$ & $-0.0469736$ & $0.0129501$ & $-0.0433771$ \\
eHZZpar & $0.0124485$ & $-0.018942$ & $0.00399879$ & $0.0263154$ & $0.0198696$ & $-0.00995492$ & $0.0640243$ & $-0.034327$ & $-0.0261931$ & $-0.00878751$ & $0.0328669$ & $0.0152449$ & $-0.0285344$ & $-0.0111247$ & $0.0262079$ & $-0.000433679$ & $0.000555268$ & $-0.0157225$ & $0.00568735$ & $-0.0308794$ & $-0.0360235$ & $-0.0301762$ & $-0.00315618$ & $0.0100079$ & $-0.0112988$ & $0.0301557$ & $-0.0458225$ & $0.00172293$ & $0.0234731$ & $0.00128644$ & $-0.0161935$ & $0.05245$ & $0.00455719$ & $-0.0522671$ & $-0.0479794$ & $0.0224168$ & $-0.0156967$ & $0.0189794$ & $-0.0303362$ & $1$ & $-0.039841$ & $-0.00564843$ & $0.00950953$ & $-0.0131385$ & $0.00772603$ & $0.00798503$ & $0.0225532$ & $-0.0408289$ & $0.012906$ \\
eHZgaint & $0.0105534$ & $0.057105$ & $-0.0353863$ & $-0.0148357$ & $-0.0195716$ & $0.0159741$ & $0.0326727$ & $-0.0278076$ & $-0.030128$ & $-0.0581823$ & $0.0514007$ & $-0.0563723$ & $0.00566462$ & $-0.0455204$ & $-0.0437839$ & $-0.0566021$ & $-0.0491631$ & $-0.0176229$ & $-0.0151304$ & $-0.0523135$ & $-0.0464887$ & $-0.0595287$ & $0.0287678$ & $-0.0184734$ & $-0.0249629$ & $0.0030476$ & $0.0122412$ & $-0.0268391$ & $-0.010131$ & $0.00769973$ & $0.0116622$ & $0.00915834$ & $-0.0182242$ & $0.0120255$ & $-0.0502848$ & $-0.0210131$ & $0.0252267$ & $0.040138$ & $-0.0413943$ & $-0.039841$ & $1$ & $-0.00825723$ & $-0.0480804$ & $-0.0160946$ & $0.0309616$ & $-0.00534339$ & $0.00351936$ & $-0.010641$ & $0.0124257$ \\
eHZgapar & $0.0616967$ & $0.0185093$ & $-0.0246862$ & $-0.0354905$ & $-0.00509605$ & $0.00155172$ & $0.0421062$ & $-0.0074165$ & $-0.00468306$ & $0.00934382$ & $-0.00440681$ & $-0.00144412$ & $-0.0246781$ & $0.0102541$ & $-0.00146679$ & $-0.0114727$ & $0.0292128$ & $0.021711$ & $0.0231883$ & $0.00311226$ & $0.0029914$ & $0.00304851$ & $0.0195596$ & $0.0171337$ & $0.0461956$ & $0.000382024$ & $0.0455465$ & $0.0110053$ & $-0.0029752$ & $0.00235604$ & $0.0191964$ & $0.020019$ & $-0.0424393$ & $0.0021425$ & $-0.0549745$ & $0.00732361$ & $-0.00627244$ & $0.0140042$ & $0.00162429$ & $-0.00564843$ & $-0.00825723$ & $1$ & $0.00208169$ & $0.023489$ & $0.0241199$ & $-0.000620475$ & $0.028971$ & $0.0155741$ & $-0.0278828$ \\
eHgagaint & $-0.00103453$ & $0.046474$ & $-0.0503395$ & $0.00228314$ & $0.033584$ & $0.0279717$ & $0.0512959$ & $-0.000510497$ & $0.071835$ & $-0.00850892$ & $-0.00291696$ & $-0.0365492$ & $0.00499915$ & $0.00691634$ & $-0.00875156$ & $-0.0288747$ & $0.00652401$ & $0.00869944$ & $0.026667$ & $0.00300089$ & $0.00618806$ & $0.00841943$ & $-0.0121998$ & $-0.00515643$ & $-0.00355153$ & $0.0056568$ & $-0.00123781$ & $-0.0382571$ & $-0.0204104$ & $0.0180281$ & $0.0307813$ & $0.0367197$ & $0.00438885$ & $0.0086332$ & $0.0216116$ & $-0.0559346$ & $-0.0114256$ & $0.0341383$ & $-0.0255694$ & $0.00950953$ & $-0.0480804$ & $0.00208169$ & $1$ & $-0.00818256$ & $0.0405744$ & $0.0570779$ & $0.0294157$ & $-0.0413754$ & $0.034563$ \\
eHmumuint & $-0.0520693$ & $0.0372467$ & $0.0641514$ & $0.0554775$ & $-0.0106608$ & $0.017346$ & $0.0158233$ & $0.0254544$ & $0.0300508$ & $-0.0121955$ & $-0.0293648$ & $-0.00520712$ & $0.00780741$ & $0.0150384$ & $0.0438823$ & $0.036626$ & $0.00460564$ & $-0.0201914$ & $-0.0162376$ & $0.0329742$ & $0.0268993$ & $0.0258438$ & $-0.0567074$ & $-0.00431228$ & $0.0163389$ & $0.0461251$ & $0.0125196$ & $0.0158056$ & $-0.0164792$ & $0.0256834$ & $0.00620674$ & $0.00173121$ & $0.00397538$ & $-0.0122106$ & $0.0237265$ & $0.00285602$ & $0.0355221$ & $-0.0272814$ & $-0.052508$ & $-0.0131385$ & $-0.0160946$ & $0.023489$ & $-0.00818256$ & $1$ & $-0.00931485$ & $-0.0561156$ & $-0.000846339$ & $0.0208511$ & $0.0179998$ \\
eHtautauint & $-0.0089112$ & $-0.00320247$ & $0.00954101$ & $-0.0115829$ & $-0.00620734$ & $0.0188404$ & $-0.0636827$ & $0.00171477$ & $-0.00121832$ & $-0.00558736$ & $0.00943452$ & $0.0150292$ & $0.0024516$ & $-0.0233457$ & $-0.0241562$ & $0.011131$ & $-0.0278263$ & $-0.00690637$ & $-0.0224369$ & $-0.0057146$ & $-0.0093386$ & $-0.00909117$ & $0.0398406$ & $-0.0194267$ & $-0.00744034$ & $-0.0191866$ & $0.0199612$ & $-0.0506406$ & $-0.0499269$ & $0.056337$ & $0.0524682$ & $-0.0612895$ & $-0.0396092$ & $0.014458$ & $-0.0418509$ & $0.0614756$ & $0.0100381$ & $-0.00571934$ & $0.0296993$ & $0.00772603$ & $0.0309616$ & $0.0241199$ & $0.0405744$ & $-0.00931485$ & $1$ & $0.00181744$ & $0.0396442$ & $0.000418889$ & $-0.0722037$ \\
eHccint & $0.0776932$ & $0.0166374$ & $0.0752269$ & $-0.0376808$ & $-0.0414392$ & $-0.000501195$ & $-0.0314443$ & $-0.014444$ & $-0.00134422$ & $-0.0240843$ & $0.0292666$ & $-0.00879736$ & $0.00925324$ & $-0.0275944$ & $-0.0304535$ & $-0.0446828$ & $-0.0277609$ & $-0.011125$ & $-0.0049181$ & $-0.0331121$ & $-0.0238277$ & $-0.0271479$ & $0.0794701$ & $-0.0059055$ & $-0.0141858$ & $-0.0402285$ & $0.0345042$ & $-0.0333751$ & $0.000937077$ & $0.0233125$ & $0.10717$ & $-0.0338773$ & $0.0281968$ & $0.0130165$ & $0.0210439$ & $-0.0285358$ & $-0.0294809$ & $-0.00766993$ & $-0.0205723$ & $0.00798503$ & $-0.00534339$ & $-0.000620475$ & $0.0570779$ & $-0.0561156$ & $0.00181744$ & $1$ & $0.0238718$ & $0.00176711$ & $0.00152001$ \\
eHccpar & $0.00372749$ & $-0.09116$ & $0.0422702$ & $0.0417559$ & $0.000351191$ & $-0.0158416$ & $0.0194532$ & $0.0213306$ & $0.0212126$ & $-0.00321802$ & $-0.0399259$ & $-0.0203982$ & $-0.00476442$ & $0.0560897$ & $0.00565876$ & $0.0146604$ & $0.0331286$ & $0.0360012$ & $0.0336293$ & $0.040637$ & $0.0368488$ & $0.0391248$ & $-0.00854661$ & $0.00139419$ & $0.0259099$ & $-0.00682824$ & $-0.000725421$ & $-0.0193017$ & $0.00938653$ & $-0.00502877$ & $0.391704$ & $0.020822$ & $0.0185604$ & $0.00396787$ & $-0.0244519$ & $-0.0197762$ & $-0.00590653$ & $-0.00939673$ & $-0.0469736$ & $0.0225532$ & $0.00351936$ & $0.028971$ & $0.0294157$ & $-0.000846339$ & $0.0396442$ & $0.0238718$ & $1$ & $0.0108007$ & $0.032313$ \\
eHbbint & $-0.0183468$ & $-0.116606$ & $-0.0208686$ & $-0.0104084$ & $-0.0168456$ & $-0.0277125$ & $-0.0423671$ & $0.0383513$ & $0.0294231$ & $-0.0282723$ & $-0.0421994$ & $-0.0292052$ & $0.0270774$ & $0.0205566$ & $0.00844294$ & $0.027797$ & $0.012064$ & $0.00712195$ & $-0.0188688$ & $0.0369615$ & $0.0375443$ & $0.0315556$ & $0.0719123$ & $-0.00827775$ & $0.0222391$ & $-0.0539446$ & $0.0398668$ & $0.0284161$ & $0.016932$ & $0.0523297$ & $0.023457$ & $-0.0322281$ & $0.181914$ & $0.0212948$ & $0.0642627$ & $-0.0440818$ & $-0.0154284$ & $0.0125572$ & $0.0129501$ & $-0.0408289$ & $-0.010641$ & $0.0155741$ & $-0.0413754$ & $0.0208511$ & $0.000418889$ & $0.00176711$ & $0.0108007$ & $1$ & $-0.0633554$ \\
eHbbpar & $-0.0296651$ & $0.0103537$ & $-0.0791009$ & $-0.0256119$ & $0.0273668$ & $0.0334151$ & $-0.0153624$ & $0.0182766$ & $0.0240283$ & $-0.00899898$ & $-0.0200198$ & $-0.0244016$ & $0.0363954$ & $0.0167883$ & $0.0155797$ & $-0.0165147$ & $-0.00803143$ & $-0.0103607$ & $0.0117641$ & $0.0177753$ & $0.0194451$ & $0.0205542$ & $-0.0300295$ & $0.00637073$ & $-0.000453094$ & $0.0190588$ & $0.0166003$ & $-0.0274383$ & $0.0198249$ & $0.0352496$ & $0.0236817$ & $-0.00863745$ & $0.528659$ & $-0.00434875$ & $-0.014617$ & $-0.0318065$ & $0.0123513$ & $-0.0266139$ & $-0.0433771$ & $0.012906$ & $0.0124257$ & $-0.0278828$ & $0.034563$ & $0.0179998$ & $-0.0722037$ & $0.00152001$ & $0.032313$ & $-0.0633554$ & $1$ \\
