 & AlsMz & dAle5Mz & mtop & mHl & Mz & CW & CHG & CHWB & CHWHB_gaga & CHWHB_gagaorth & CHD & CHbox & CH & CHL1_11 & CHL1_22 & CHL1_33 & CHL3_11 & CHL3_22 & CHL3_33 & CHe_11 & CHe_22 & CHe_33 & CHQ1_11 & CHQ1_33 & CHQ3_11 & CHu_11 & CHd_11 & CHd_33 & CeH_22r & CeH_33r & CuH_22r & CuH_33r & CdH_33r & CLL_1221 & eHggpar & eHWWpar & eHZZpar & eHZgapar & eHccpar & eHbbpar \\
AlsMz & $1$ & $-0.023112$ & $-0.023282$ & $0.0035913$ & $0.00308526$ & $-0.00824233$ & $-0.022169$ & $0.00460875$ & $0.00360623$ & $-0.0164232$ & $-0.0104115$ & $0.00200797$ & $0.0212737$ & $-0.0153657$ & $0.00413536$ & $0.000495757$ & $0.0013492$ & $-0.00957752$ & $-0.00121781$ & $-0.000574163$ & $-0.00656017$ & $0.00455345$ & $-0.0210352$ & $-0.0299997$ & $-0.0686794$ & $0.000488775$ & $0.00114962$ & $0.0181881$ & $0.0242376$ & $0.0209165$ & $-0.00551822$ & $-0.0205411$ & $0.0123078$ & $-0.000420197$ & $-0.00944983$ & $-0.010619$ & $-0.0133781$ & $0.0253913$ & $-0.0267435$ & $0.00792197$ \\
dAle5Mz & $-0.023112$ & $1$ & $0.0309557$ & $0.0162327$ & $-0.00203145$ & $0.0612781$ & $0.0361683$ & $-0.230476$ & $-0.226978$ & $0.122823$ & $0.230208$ & $0.0100583$ & $-0.0458656$ & $-0.0152082$ & $-0.0169995$ & $0.0048369$ & $0.0792687$ & $0.0498236$ & $0.0249946$ & $-0.168454$ & $-0.104809$ & $-0.113872$ & $-0.00664588$ & $0.0645205$ & $0.0402212$ & $0.0199151$ & $-0.0765917$ & $-0.013203$ & $-0.0300635$ & $-0.0278682$ & $-0.0320106$ & $0.0381025$ & $-0.0530261$ & $-0.00806616$ & $0.0549162$ & $0.0177204$ & $-0.00494522$ & $0.0137087$ & $0.00888066$ & $-0.0312275$ \\
mtop & $-0.023282$ & $0.0309557$ & $1$ & $0.0333142$ & $0.019323$ & $-0.0117378$ & $0.00102873$ & $0.00960283$ & $0.00651218$ & $-0.00720304$ & $0.110154$ & $0.00822697$ & $0.0057112$ & $0.0217821$ & $0.00310848$ & $-0.0102398$ & $-0.00255192$ & $-0.00483692$ & $-0.000942771$ & $0.0165633$ & $0.0126224$ & $0.005424$ & $-0.00736194$ & $0.0241092$ & $-0.0118537$ & $-0.00863608$ & $-0.0190999$ & $0.0221811$ & $0.00961783$ & $0.00332821$ & $0.00518176$ & $-0.000838296$ & $0.00245649$ & $0.0160532$ & $0.0306895$ & $-0.0265196$ & $-0.00882918$ & $0.00863274$ & $-0.012694$ & $0.0456431$ \\
mHl & $0.0035913$ & $0.0162327$ & $0.0333142$ & $1$ & $0.0558702$ & $0.0102614$ & $-0.0589929$ & $-0.00629108$ & $-0.00890355$ & $-0.024684$ & $0.0159568$ & $0.0168675$ & $0.0545465$ & $-0.00470572$ & $0.0161618$ & $0.000327808$ & $-0.00554009$ & $-0.00861049$ & $-0.00648282$ & $-0.0136124$ & $-0.0107015$ & $-0.0117711$ & $-0.0126604$ & $-0.00340063$ & $0.0167451$ & $0.00783307$ & $0.0145427$ & $0.0125095$ & $0.0179222$ & $0.0494415$ & $0.0373558$ & $-0.0605274$ & $0.0405134$ & $-0.00687237$ & $0.0238164$ & $-0.00811034$ & $0.0077664$ & $-0.0184525$ & $0.00113405$ & $-0.000539964$ \\
Mz & $0.00308526$ & $-0.00203145$ & $0.019323$ & $0.0558702$ & $1$ & $0.00838664$ & $-0.00944366$ & $-0.018675$ & $-0.0176378$ & $0.0131615$ & $0.0660271$ & $0.0170635$ & $-0.00230765$ & $0.00237793$ & $-0.0203074$ & $-0.0047825$ & $0.00376143$ & $0.0215757$ & $0.00427776$ & $-0.00633157$ & $0.0046857$ & $-0.019888$ & $-0.00698906$ & $0.00897453$ & $0.00209069$ & $-0.00766996$ & $-0.0107418$ & $-0.00182484$ & $-0.0242197$ & $-0.0160445$ & $-0.0203554$ & $-0.0151573$ & $-0.0159408$ & $-0.00333841$ & $0.00978071$ & $-0.0046927$ & $0.0291784$ & $0.0125458$ & $-0.0275174$ & $0.0037415$ \\
CW & $-0.00824233$ & $0.0612781$ & $-0.0117378$ & $0.0102614$ & $0.00838664$ & $1$ & $0.0031681$ & $-0.10204$ & $-0.101734$ & $0.0208336$ & $0.112468$ & $0.00384771$ & $-0.00398793$ & $0.219732$ & $0.0405611$ & $0.0473157$ & $-0.140193$ & $0.000787594$ & $-0.00731923$ & $-0.100109$ & $-0.096938$ & $-0.0906238$ & $-0.017209$ & $0.0777181$ & $-0.0191238$ & $0.0278817$ & $-0.111141$ & $-0.0265548$ & $-0.00164496$ & $0.00918866$ & $-0.000114132$ & $0.00825917$ & $0.017911$ & $-0.168699$ & $-0.0421546$ & $-0.0264709$ & $0.00849842$ & $-0.000597316$ & $-0.00392286$ & $0.0116786$ \\
CHG & $-0.022169$ & $0.0361683$ & $0.00102873$ & $-0.0589929$ & $-0.00944366$ & $0.0031681$ & $1$ & $0.0671117$ & $0.0909966$ & $0.0561997$ & $-0.0637068$ & $0.0672085$ & $-0.877892$ & $-0.0751294$ & $0.0336872$ & $0.0488254$ & $-0.0935039$ & $-0.0604414$ & $-0.0774965$ & $0.143084$ & $0.0590082$ & $0.0351907$ & $-0.0380949$ & $-0.0455059$ & $-0.0749968$ & $0.0199353$ & $0.00636103$ & $0.0377923$ & $-0.209265$ & $-0.702737$ & $-0.406865$ & $0.969458$ & $-0.700583$ & $0.00892789$ & $-0.0344461$ & $0.0148694$ & $-0.0113069$ & $0.0597958$ & $0.0340036$ & $-0.00451804$ \\
CHWB & $0.00460875$ & $-0.230476$ & $0.00960283$ & $-0.00629108$ & $-0.018675$ & $-0.10204$ & $0.0671117$ & $1$ & $0.99493$ & $-0.555919$ & $-0.888266$ & $-0.0780751$ & $-0.0729047$ & $-0.314881$ & $-0.044951$ & $-0.0340427$ & $-0.653871$ & $-0.546213$ & $-0.549892$ & $0.874464$ & $0.682029$ & $0.657617$ & $0.0594513$ & $-0.679746$ & $-0.602517$ & $-0.179908$ & $0.456744$ & $0.155536$ & $-0.000204196$ & $-0.0722868$ & $-0.043611$ & $0.0602887$ & $-0.0795535$ & $0.669422$ & $-0.013057$ & $0.0191474$ & $-0.0127084$ & $0.000256035$ & $0.0207558$ & $0.0103318$ \\
CHWHB_gaga & $0.00360623$ & $-0.226978$ & $0.00651218$ & $-0.00890355$ & $-0.0176378$ & $-0.101734$ & $0.0909966$ & $0.99493$ & $1$ & $-0.554265$ & $-0.883957$ & $-0.0729134$ & $-0.0846187$ & $-0.317981$ & $-0.0458695$ & $-0.0359046$ & $-0.652991$ & $-0.544549$ & $-0.547308$ & $0.873683$ & $0.680554$ & $0.65451$ & $0.0593527$ & $-0.677378$ & $-0.600343$ & $-0.179643$ & $0.457029$ & $0.157194$ & $0.00138006$ & $-0.0706614$ & $-0.0403505$ & $0.0826633$ & $-0.0763334$ & $0.664993$ & $-0.015758$ & $0.0186566$ & $-0.0127822$ & $9.97209e-05$ & $0.0237688$ & $0.0103659$ \\
CHWHB_gagaorth & $-0.0164232$ & $0.122823$ & $-0.00720304$ & $-0.024684$ & $0.0131615$ & $0.0208336$ & $0.0561997$ & $-0.555919$ & $-0.554265$ & $1$ & $0.24019$ & $0.144708$ & $-0.0689254$ & $0.663268$ & $0.160708$ & $0.144868$ & $0.755646$ & $0.55614$ & $0.562482$ & $-0.301377$ & $-0.232925$ & $-0.214606$ & $-0.0690646$ & $0.591879$ & $0.620668$ & $0.0502398$ & $-0.350857$ & $-0.0473656$ & $-0.0383675$ & $-0.0764757$ & $-0.0478933$ & $0.0640551$ & $-0.0745651$ & $-0.441715$ & $0.0134581$ & $-0.00555032$ & $0.010752$ & $0.00891967$ & $-0.00538532$ & $0.00541405$ \\
CHD & $-0.0104115$ & $0.230208$ & $0.110154$ & $0.0159568$ & $0.0660271$ & $0.112468$ & $-0.0637068$ & $-0.888266$ & $-0.883957$ & $0.24019$ & $1$ & $0.0660477$ & $0.0644446$ & $-0.0399309$ & $-0.0462036$ & $-0.0566432$ & $0.323494$ & $0.31762$ & $0.317142$ & $-0.887391$ & $-0.702187$ & $-0.677765$ & $-0.0388511$ & $0.462989$ & $0.347565$ & $0.19777$ & $-0.341383$ & $-0.158446$ & $0.00938658$ & $0.0687575$ & $0.0473107$ & $-0.0582338$ & $0.0721695$ & $-0.525956$ & $0.01683$ & $-0.0212396$ & $0.0107375$ & $-0.00159001$ & $-0.0149681$ & $-0.00105658$ \\
CHbox & $0.00200797$ & $0.0100583$ & $0.00822697$ & $0.0168675$ & $0.0170635$ & $0.00384771$ & $0.0672085$ & $-0.0780751$ & $-0.0729134$ & $0.144708$ & $0.0660477$ & $1$ & $-0.0642509$ & $-0.0415924$ & $0.027938$ & $-0.00852707$ & $0.0158801$ & $0.0105981$ & $0.021956$ & $0.0220922$ & $-0.0444815$ & $-0.0251905$ & $-0.0296926$ & $0.0448781$ & $0.0175385$ & $0.0145661$ & $-0.0433453$ & $-0.0208518$ & $-0.0233918$ & $0.0279027$ & $-0.0141561$ & $0.0931371$ & $0.00608005$ & $-0.107294$ & $0.0604219$ & $-0.0377213$ & $0.0190825$ & $-0.0555623$ & $-0.0253468$ & $-0.00907629$ \\
CH & $0.0212737$ & $-0.0458656$ & $0.0057112$ & $0.0545465$ & $-0.00230765$ & $-0.00398793$ & $-0.877892$ & $-0.0729047$ & $-0.0846187$ & $-0.0689254$ & $0.0644446$ & $-0.0642509$ & $1$ & $0.0842829$ & $-0.0400558$ & $-0.0523459$ & $0.109262$ & $0.0702055$ & $0.0888426$ & $-0.152659$ & $-0.0559062$ & $-0.0335366$ & $0.039417$ & $0.0528041$ & $0.085511$ & $-0.017098$ & $-0.00431124$ & $-0.0360621$ & $0.249914$ & $0.770992$ & $0.439974$ & $-0.834187$ & $0.760667$ & $-0.0098639$ & $0.0486024$ & $-0.0174404$ & $0.0150235$ & $-0.0680762$ & $-0.0263959$ & $-0.0156213$ \\
CHL1_11 & $-0.0153657$ & $-0.0152082$ & $0.0217821$ & $-0.00470572$ & $0.00237793$ & $0.219732$ & $-0.0751294$ & $-0.314881$ & $-0.317981$ & $0.663268$ & $-0.0399309$ & $-0.0415924$ & $0.0842829$ & $1$ & $0.184117$ & $0.185166$ & $0.62467$ & $0.5174$ & $0.521864$ & $-0.163639$ & $-0.0571793$ & $-0.0538214$ & $-0.0569722$ & $0.532725$ & $0.550813$ & $-0.00839237$ & $-0.322812$ & $-0.0192918$ & $-0.00839458$ & $0.0541754$ & $0.0226804$ & $-0.077778$ & $0.0694208$ & $-0.334566$ & $-0.0171079$ & $0.00893246$ & $0.00691328$ & $0.00604294$ & $-0.0202315$ & $-0.00236596$ \\
CHL1_22 & $0.00413536$ & $-0.0169995$ & $0.00310848$ & $0.0161618$ & $-0.0203074$ & $0.0405611$ & $0.0336872$ & $-0.044951$ & $-0.0458695$ & $0.160708$ & $-0.0462036$ & $0.027938$ & $-0.0400558$ & $0.184117$ & $1$ & $0.35795$ & $0.0986735$ & $-0.439119$ & $-0.0877284$ & $0.0457638$ & $-0.164511$ & $-0.108281$ & $-0.144159$ & $0.266173$ & $-0.143908$ & $0.0282305$ & $-0.508566$ & $-0.0278409$ & $-0.0111856$ & $-0.0249368$ & $-0.0146734$ & $0.0357788$ & $-0.0369288$ & $-0.570574$ & $-0.0101536$ & $0.0165836$ & $-0.0228159$ & $0.00540513$ & $0.0153477$ & $-0.0180836$ \\
CHL1_33 & $0.000495757$ & $0.0048369$ & $-0.0102398$ & $0.000327808$ & $-0.0047825$ & $0.0473157$ & $0.0488254$ & $-0.0340427$ & $-0.0359046$ & $0.144868$ & $-0.0566432$ & $-0.00852707$ & $-0.0523459$ & $0.185166$ & $0.35795$ & $1$ & $0.0942333$ & $-0.0991399$ & $-0.416417$ & $0.0589926$ & $-0.104244$ & $-0.181136$ & $-0.120498$ & $0.244479$ & $-0.144606$ & $0.0231584$ & $-0.482038$ & $-0.00746573$ & $-0.0238362$ & $-0.048252$ & $-0.0365256$ & $0.0551986$ & $-0.0520054$ & $-0.253634$ & $-0.00837856$ & $0.0119358$ & $-0.0186526$ & $0.0300322$ & $0.00829769$ & $-0.0363525$ \\
CHL3_11 & $0.0013492$ & $0.0792687$ & $-0.00255192$ & $-0.00554009$ & $0.00376143$ & $-0.140193$ & $-0.0935039$ & $-0.653871$ & $-0.652991$ & $0.755646$ & $0.323494$ & $0.0158801$ & $0.109262$ & $0.62467$ & $0.0986735$ & $0.0942333$ & $1$ & $0.679344$ & $0.688821$ & $-0.490041$ & $-0.311078$ & $-0.292829$ & $-0.0527349$ & $0.673664$ & $0.75768$ & $0.0644668$ & $-0.344939$ & $-0.0749918$ & $0.00808386$ & $0.0807808$ & $0.0450639$ & $-0.0960716$ & $0.0900895$ & $-0.379494$ & $0.0246219$ & $-0.000302634$ & $0.00922504$ & $-0.00505061$ & $-0.0190973$ & $-0.0174116$ \\
CHL3_22 & $-0.00957752$ & $0.0498236$ & $-0.00483692$ & $-0.00861049$ & $0.0215757$ & $0.000787594$ & $-0.0604414$ & $-0.546213$ & $-0.544549$ & $0.55614$ & $0.31762$ & $0.0105981$ & $0.0702055$ & $0.5174$ & $-0.439119$ & $-0.0991399$ & $0.679344$ & $1$ & $0.654463$ & $-0.420773$ & $-0.219026$ & $-0.228482$ & $0.0362236$ & $0.462913$ & $0.77562$ & $0.0507651$ & $-0.0176524$ & $-0.0599441$ & $0.00615566$ & $0.0492449$ & $0.0174699$ & $-0.0605188$ & $0.06961$ & $0.0715533$ & $0.0101331$ & $-0.0075791$ & $0.0331828$ & $0.00392717$ & $-0.0377298$ & $0.0187608$ \\
CHL3_33 & $-0.00121781$ & $0.0249946$ & $-0.000942771$ & $-0.00648282$ & $0.00427776$ & $-0.00731923$ & $-0.0774965$ & $-0.549892$ & $-0.547308$ & $0.562482$ & $0.317142$ & $0.021956$ & $0.0888426$ & $0.521864$ & $-0.0877284$ & $-0.416417$ & $0.688821$ & $0.654463$ & $1$ & $-0.427283$ & $-0.240123$ & $-0.223688$ & $0.0334747$ & $0.477691$ & $0.778306$ & $0.0486774$ & $-0.0311113$ & $-0.0563488$ & $0.00276354$ & $0.0628896$ & $0.0483272$ & $-0.082017$ & $0.0860336$ & $-0.244873$ & $0.00641842$ & $-0.00868071$ & $0.0281636$ & $-0.0238813$ & $-0.0179207$ & $0.0278083$ \\
CHe_11 & $-0.000574163$ & $-0.168454$ & $0.0165633$ & $-0.0136124$ & $-0.00633157$ & $-0.100109$ & $0.143084$ & $0.874464$ & $0.873683$ & $-0.301377$ & $-0.887391$ & $0.0220922$ & $-0.152659$ & $-0.163639$ & $0.0457638$ & $0.0589926$ & $-0.490041$ & $-0.420773$ & $-0.427283$ & $1$ & $0.686249$ & $0.663252$ & $0.0340419$ & $-0.53523$ & $-0.460286$ & $-0.188307$ & $0.352317$ & $0.16184$ & $-0.0246656$ & $-0.134329$ & $-0.0861762$ & $0.145975$ & $-0.146036$ & $0.469697$ & $-0.0086181$ & $0.0141692$ & $-0.0172704$ & $0.0140276$ & $0.0281533$ & $0.00463554$ \\
CHe_22 & $-0.00656017$ & $-0.104809$ & $0.0126224$ & $-0.0107015$ & $0.0046857$ & $-0.096938$ & $0.0590082$ & $0.682029$ & $0.680554$ & $-0.232925$ & $-0.702187$ & $-0.0444815$ & $-0.0559062$ & $-0.0571793$ & $-0.164511$ & $-0.104244$ & $-0.311078$ & $-0.219026$ & $-0.240123$ & $0.686249$ & $1$ & $0.580559$ & $0.0544371$ & $-0.484747$ & $-0.271681$ & $-0.148293$ & $0.442055$ & $0.142426$ & $-0.0149686$ & $-0.0603353$ & $-0.0316687$ & $0.0533842$ & $-0.0674118$ & $0.48484$ & $0.00126956$ & $0.0107003$ & $-0.00579774$ & $0.00341526$ & $0.0223306$ & $-0.00687904$ \\
CHe_33 & $0.00455345$ & $-0.113872$ & $0.005424$ & $-0.0117711$ & $-0.019888$ & $-0.0906238$ & $0.0351907$ & $0.657617$ & $0.65451$ & $-0.214606$ & $-0.677765$ & $-0.0251905$ & $-0.0335366$ & $-0.0538214$ & $-0.108281$ & $-0.181136$ & $-0.292829$ & $-0.228482$ & $-0.223688$ & $0.663252$ & $0.580559$ & $1$ & $0.0625575$ & $-0.463693$ & $-0.263446$ & $-0.161228$ & $0.419154$ & $0.127222$ & $-0.000864992$ & $-0.0352556$ & $-0.0285399$ & $0.0315666$ & $-0.042459$ & $0.450788$ & $0.00107485$ & $0.0136705$ & $-0.00200419$ & $-0.0146182$ & $0.0146304$ & $0.00765639$ \\
CHQ1_11 & $-0.0210352$ & $-0.00664588$ & $-0.00736194$ & $-0.0126604$ & $-0.00698906$ & $-0.017209$ & $-0.0380949$ & $0.0594513$ & $0.0593527$ & $-0.0690646$ & $-0.0388511$ & $-0.0296926$ & $0.039417$ & $-0.0569722$ & $-0.144159$ & $-0.120498$ & $-0.0527349$ & $0.0362236$ & $0.0334747$ & $0.0340419$ & $0.0544371$ & $0.0625575$ & $1$ & $-0.102971$ & $0.0626554$ & $-0.584269$ & $0.269103$ & $-0.020028$ & $-0.00916469$ & $0.0456446$ & $0.0186006$ & $-0.0370777$ & $0.0365914$ & $0.125746$ & $-0.0335213$ & $-0.00905277$ & $0.00358751$ & $0.000919114$ & $-0.00714488$ & $0.0216168$ \\
CHQ1_33 & $-0.0299997$ & $0.0645205$ & $0.0241092$ & $-0.00340063$ & $0.00897453$ & $0.0777181$ & $-0.0455059$ & $-0.679746$ & $-0.677378$ & $0.591879$ & $0.462989$ & $0.0448781$ & $0.0528041$ & $0.532725$ & $0.266173$ & $0.244479$ & $0.673664$ & $0.462913$ & $0.477691$ & $-0.53523$ & $-0.484747$ & $-0.463693$ & $-0.102971$ & $1$ & $0.545029$ & $0.126377$ & $-0.455885$ & $-0.00400144$ & $0.0126618$ & $0.0492436$ & $0.0380904$ & $-0.0408881$ & $0.0662891$ & $-0.556551$ & $0.00271273$ & $-0.000642824$ & $0.0215026$ & $0.00203433$ & $-0.0133846$ & $0.0148958$ \\
CHQ3_11 & $-0.0686794$ & $0.0402212$ & $-0.0118537$ & $0.0167451$ & $0.00209069$ & $-0.0191238$ & $-0.0749968$ & $-0.602517$ & $-0.600343$ & $0.620668$ & $0.347565$ & $0.0175385$ & $0.085511$ & $0.550813$ & $-0.143908$ & $-0.144606$ & $0.75768$ & $0.77562$ & $0.778306$ & $-0.460286$ & $-0.271681$ & $-0.263446$ & $0.0626554$ & $0.545029$ & $1$ & $0.0634946$ & $0.0676548$ & $-0.0731834$ & $0.0103835$ & $0.0624818$ & $0.039899$ & $-0.077557$ & $0.0837698$ & $-0.210907$ & $0.00330994$ & $-0.00669993$ & $0.0158895$ & $-0.00731227$ & $-0.0192606$ & $0.0182657$ \\
CHu_11 & $0.000488775$ & $0.0199151$ & $-0.00863608$ & $0.00783307$ & $-0.00766996$ & $0.0278817$ & $0.0199353$ & $-0.179908$ & $-0.179643$ & $0.0502398$ & $0.19777$ & $0.0145661$ & $-0.017098$ & $-0.00839237$ & $0.0282305$ & $0.0231584$ & $0.0644668$ & $0.0507651$ & $0.0486774$ & $-0.188307$ & $-0.148293$ & $-0.161228$ & $-0.584269$ & $0.126377$ & $0.0634946$ & $1$ & $0.0710206$ & $-0.0114862$ & $0.0162319$ & $-0.0131408$ & $0.00523618$ & $0.0217221$ & $0.00352528$ & $-0.119465$ & $0.0121236$ & $0.00516005$ & $-0.0124496$ & $0.00158152$ & $0.0244909$ & $0.0178338$ \\
CHd_11 & $0.00114962$ & $-0.0765917$ & $-0.0190999$ & $0.0145427$ & $-0.0107418$ & $-0.111141$ & $0.00636103$ & $0.456744$ & $0.457029$ & $-0.350857$ & $-0.341383$ & $-0.0433453$ & $-0.00431124$ & $-0.322812$ & $-0.508566$ & $-0.482038$ & $-0.344939$ & $-0.0176524$ & $-0.0311113$ & $0.352317$ & $0.442055$ & $0.419154$ & $0.269103$ & $-0.455885$ & $0.0676548$ & $0.0710206$ & $1$ & $0.0671502$ & $0.0298487$ & $-0.00306401$ & $0.00454382$ & $0.00234107$ & $0.00601447$ & $0.618509$ & $-0.00787104$ & $-0.000330381$ & $-0.000759999$ & $-0.00968979$ & $0.0177283$ & $0.0530738$ \\
CHd_33 & $0.0181881$ & $-0.013203$ & $0.0221811$ & $0.0125095$ & $-0.00182484$ & $-0.0265548$ & $0.0377923$ & $0.155536$ & $0.157194$ & $-0.0473656$ & $-0.158446$ & $-0.0208518$ & $-0.0360621$ & $-0.0192918$ & $-0.0278409$ & $-0.00746573$ & $-0.0749918$ & $-0.0599441$ & $-0.0563488$ & $0.16184$ & $0.142426$ & $0.127222$ & $-0.020028$ & $-0.00400144$ & $-0.0731834$ & $-0.0114862$ & $0.0671502$ & $1$ & $-0.00449833$ & $-0.0318034$ & $-0.00800354$ & $0.0374098$ & $-0.0270146$ & $0.103063$ & $0.0200042$ & $0.00795688$ & $0.0137314$ & $-0.0077765$ & $0.0266147$ & $0.0308089$ \\
CeH_22r & $0.0242376$ & $-0.0300635$ & $0.00961783$ & $0.0179222$ & $-0.0242197$ & $-0.00164496$ & $-0.209265$ & $-0.000204196$ & $0.00138006$ & $-0.0383675$ & $0.00938658$ & $-0.0233918$ & $0.249914$ & $-0.00839458$ & $-0.0111856$ & $-0.0238362$ & $0.00808386$ & $0.00615566$ & $0.00276354$ & $-0.0246656$ & $-0.0149686$ & $-0.000864992$ & $-0.00916469$ & $0.0126618$ & $0.0103835$ & $0.0162319$ & $0.0298487$ & $-0.00449833$ & $1$ & $0.220703$ & $0.121331$ & $-0.206687$ & $0.222446$ & $0.016396$ & $0.00988204$ & $-0.00213447$ & $-0.0413579$ & $-0.0128379$ & $-0.0288055$ & $0.0220906$ \\
CeH_33r & $0.0209165$ & $-0.0278682$ & $0.00332821$ & $0.0494415$ & $-0.0160445$ & $0.00918866$ & $-0.702737$ & $-0.0722868$ & $-0.0706614$ & $-0.0764757$ & $0.0687575$ & $0.0279027$ & $0.770992$ & $0.0541754$ & $-0.0249368$ & $-0.048252$ & $0.0807808$ & $0.0492449$ & $0.0628896$ & $-0.134329$ & $-0.0603353$ & $-0.0352556$ & $0.0456446$ & $0.0492436$ & $0.0624818$ & $-0.0131408$ & $-0.00306401$ & $-0.0318034$ & $0.220703$ & $1$ & $0.511138$ & $-0.599256$ & $0.857914$ & $-0.0227382$ & $0.0339592$ & $-0.0443425$ & $0.00497498$ & $-0.0623985$ & $-0.00401029$ & $0.00213867$ \\
CuH_22r & $-0.00551822$ & $-0.0320106$ & $0.00518176$ & $0.0373558$ & $-0.0203554$ & $-0.000114132$ & $-0.406865$ & $-0.043611$ & $-0.0403505$ & $-0.0478933$ & $0.0473107$ & $-0.0141561$ & $0.439974$ & $0.0226804$ & $-0.0146734$ & $-0.0365256$ & $0.0450639$ & $0.0174699$ & $0.0483272$ & $-0.0861762$ & $-0.0316687$ & $-0.0285399$ & $0.0186006$ & $0.0380904$ & $0.039899$ & $0.00523618$ & $0.00454382$ & $-0.00800354$ & $0.121331$ & $0.511138$ & $1$ & $-0.330736$ & $0.533963$ & $-0.0197107$ & $0.02515$ & $-0.0300454$ & $0.0211956$ & $-0.0409323$ & $0.232387$ & $0.0277663$ \\
CuH_33r & $-0.0205411$ & $0.0381025$ & $-0.000838296$ & $-0.0605274$ & $-0.0151573$ & $0.00825917$ & $0.969458$ & $0.0602887$ & $0.0826633$ & $0.0640551$ & $-0.0582338$ & $0.0931371$ & $-0.834187$ & $-0.077778$ & $0.0357788$ & $0.0551986$ & $-0.0960716$ & $-0.0605188$ & $-0.082017$ & $0.145975$ & $0.0533842$ & $0.0315666$ & $-0.0370777$ & $-0.0408881$ & $-0.077557$ & $0.0217221$ & $0.00234107$ & $0.0374098$ & $-0.206687$ & $-0.599256$ & $-0.330736$ & $1$ & $-0.578797$ & $-0.00207375$ & $-0.0117019$ & $0.0135137$ & $-0.00410822$ & $0.0608089$ & $0.0360181$ & $0.00110298$ \\
CdH_33r & $0.0123078$ & $-0.0530261$ & $0.00245649$ & $0.0405134$ & $-0.0159408$ & $0.017911$ & $-0.700583$ & $-0.0795535$ & $-0.0763334$ & $-0.0745651$ & $0.0721695$ & $0.00608005$ & $0.760667$ & $0.0694208$ & $-0.0369288$ & $-0.0520054$ & $0.0900895$ & $0.06961$ & $0.0860336$ & $-0.146036$ & $-0.0674118$ & $-0.042459$ & $0.0365914$ & $0.0662891$ & $0.0837698$ & $0.00352528$ & $0.00601447$ & $-0.0270146$ & $0.222446$ & $0.857914$ & $0.533963$ & $-0.578797$ & $1$ & $-0.0214823$ & $0.0351997$ & $-0.0287784$ & $0.0120814$ & $-0.0598397$ & $-0.00662018$ & $0.244682$ \\
CLL_1221 & $-0.000420197$ & $-0.00806616$ & $0.0160532$ & $-0.00687237$ & $-0.00333841$ & $-0.168699$ & $0.00892789$ & $0.669422$ & $0.664993$ & $-0.441715$ & $-0.525956$ & $-0.107294$ & $-0.0098639$ & $-0.334566$ & $-0.570574$ & $-0.253634$ & $-0.379494$ & $0.0715533$ & $-0.244873$ & $0.469697$ & $0.48484$ & $0.450788$ & $0.125746$ & $-0.556551$ & $-0.210907$ & $-0.119465$ & $0.618509$ & $0.103063$ & $0.016396$ & $-0.0227382$ & $-0.0197107$ & $-0.00207375$ & $-0.0214823$ & $1$ & $0.0127289$ & $0.0197482$ & $0.0130875$ & $-0.00247804$ & $-0.0034009$ & $0.0264285$ \\
eHggpar & $-0.00944983$ & $0.0549162$ & $0.0306895$ & $0.0238164$ & $0.00978071$ & $-0.0421546$ & $-0.0344461$ & $-0.013057$ & $-0.015758$ & $0.0134581$ & $0.01683$ & $0.0604219$ & $0.0486024$ & $-0.0171079$ & $-0.0101536$ & $-0.00837856$ & $0.0246219$ & $0.0101331$ & $0.00641842$ & $-0.0086181$ & $0.00126956$ & $0.00107485$ & $-0.0335213$ & $0.00271273$ & $0.00330994$ & $0.0121236$ & $-0.00787104$ & $0.0200042$ & $0.00988204$ & $0.0339592$ & $0.02515$ & $-0.0117019$ & $0.0351997$ & $0.0127289$ & $1$ & $-0.0033534$ & $-0.00838255$ & $-0.0427867$ & $-0.0296185$ & $0.00214344$ \\
eHWWpar & $-0.010619$ & $0.0177204$ & $-0.0265196$ & $-0.00811034$ & $-0.0046927$ & $-0.0264709$ & $0.0148694$ & $0.0191474$ & $0.0186566$ & $-0.00555032$ & $-0.0212396$ & $-0.0377213$ & $-0.0174404$ & $0.00893246$ & $0.0165836$ & $0.0119358$ & $-0.000302634$ & $-0.0075791$ & $-0.00868071$ & $0.0141692$ & $0.0107003$ & $0.0136705$ & $-0.00905277$ & $-0.000642824$ & $-0.00669993$ & $0.00516005$ & $-0.000330381$ & $0.00795688$ & $-0.00213447$ & $-0.0443425$ & $-0.0300454$ & $0.0135137$ & $-0.0287784$ & $0.0197482$ & $-0.0033534$ & $1$ & $0.0113448$ & $-0.009747$ & $0.0103634$ & $0.0563751$ \\
eHZZpar & $-0.0133781$ & $-0.00494522$ & $-0.00882918$ & $0.0077664$ & $0.0291784$ & $0.00849842$ & $-0.0113069$ & $-0.0127084$ & $-0.0127822$ & $0.010752$ & $0.0107375$ & $0.0190825$ & $0.0150235$ & $0.00691328$ & $-0.0228159$ & $-0.0186526$ & $0.00922504$ & $0.0331828$ & $0.0281636$ & $-0.0172704$ & $-0.00579774$ & $-0.00200419$ & $0.00358751$ & $0.0215026$ & $0.0158895$ & $-0.0124496$ & $-0.000759999$ & $0.0137314$ & $-0.0413579$ & $0.00497498$ & $0.0211956$ & $-0.00410822$ & $0.0120814$ & $0.0130875$ & $-0.00838255$ & $0.0113448$ & $1$ & $0.02423$ & $-0.0141482$ & $0.0219614$ \\
eHZgapar & $0.0253913$ & $0.0137087$ & $0.00863274$ & $-0.0184525$ & $0.0125458$ & $-0.000597316$ & $0.0597958$ & $0.000256035$ & $9.97209e-05$ & $0.00891967$ & $-0.00159001$ & $-0.0555623$ & $-0.0680762$ & $0.00604294$ & $0.00540513$ & $0.0300322$ & $-0.00505061$ & $0.00392717$ & $-0.0238813$ & $0.0140276$ & $0.00341526$ & $-0.0146182$ & $0.000919114$ & $0.00203433$ & $-0.00731227$ & $0.00158152$ & $-0.00968979$ & $-0.0077765$ & $-0.0128379$ & $-0.0623985$ & $-0.0409323$ & $0.0608089$ & $-0.0598397$ & $-0.00247804$ & $-0.0427867$ & $-0.009747$ & $0.02423$ & $1$ & $0.00595034$ & $-0.028931$ \\
eHccpar & $-0.0267435$ & $0.00888066$ & $-0.012694$ & $0.00113405$ & $-0.0275174$ & $-0.00392286$ & $0.0340036$ & $0.0207558$ & $0.0237688$ & $-0.00538532$ & $-0.0149681$ & $-0.0253468$ & $-0.0263959$ & $-0.0202315$ & $0.0153477$ & $0.00829769$ & $-0.0190973$ & $-0.0377298$ & $-0.0179207$ & $0.0281533$ & $0.0223306$ & $0.0146304$ & $-0.00714488$ & $-0.0133846$ & $-0.0192606$ & $0.0244909$ & $0.0177283$ & $0.0266147$ & $-0.0288055$ & $-0.00401029$ & $0.232387$ & $0.0360181$ & $-0.00662018$ & $-0.0034009$ & $-0.0296185$ & $0.0103634$ & $-0.0141482$ & $0.00595034$ & $1$ & $0.0323672$ \\
eHbbpar & $0.00792197$ & $-0.0312275$ & $0.0456431$ & $-0.000539964$ & $0.0037415$ & $0.0116786$ & $-0.00451804$ & $0.0103318$ & $0.0103659$ & $0.00541405$ & $-0.00105658$ & $-0.00907629$ & $-0.0156213$ & $-0.00236596$ & $-0.0180836$ & $-0.0363525$ & $-0.0174116$ & $0.0187608$ & $0.0278083$ & $0.00463554$ & $-0.00687904$ & $0.00765639$ & $0.0216168$ & $0.0148958$ & $0.0182657$ & $0.0178338$ & $0.0530738$ & $0.0308089$ & $0.0220906$ & $0.00213867$ & $0.0277663$ & $0.00110298$ & $0.244682$ & $0.0264285$ & $0.00214344$ & $0.0563751$ & $0.0219614$ & $-0.028931$ & $0.0323672$ & $1$ \\
