 & AlsMz & dAle5Mz & mtop & mHl & Mz & CW & CHG & CHWB & CHWHB_gaga & CHWHB_gagaorth & CHD & CHbox & CH & CHL1_11 & CHL1_22 & CHL1_33 & CHL3_11 & CHL3_22 & CHL3_33 & CHe_11 & CHe_22 & CHe_33 & CHQ1_11 & CHQ1_33 & CHQ3_11 & CHu_11 & CHd_11 & CHd_33 & CeH_22r & CeH_33r & CuH_22r & CuH_33r & CdH_33r & CLL_1221 & eHggint & eHggpar & eHWWint & eHWWpar & eHZZint & eHZZpar & eHZgaint & eHZgapar & eHgagaint & eHmumuint & eHtautauint & eHccint & eHccpar & eHbbint & eHbbpar \\
AlsMz & $1$ & $-0.0384652$ & $0.0333474$ & $-0.00944961$ & $-0.0338098$ & $-0.0295683$ & $-0.00151694$ & $0.00504054$ & $-0.00256882$ & $0.000562526$ & $-0.0139989$ & $-0.00391739$ & $-0.00552555$ & $-0.0124109$ & $0.0105648$ & $-0.0199122$ & $0.0179029$ & $-0.00893193$ & $0.0194358$ & $0.0034299$ & $0.00715904$ & $0.00566583$ & $-0.00775892$ & $-0.0361628$ & $-0.12965$ & $-0.0616653$ & $-0.033564$ & $0.0297586$ & $-0.0415133$ & $-0.0374009$ & $-0.00473915$ & $-0.0122644$ & $-0.0592142$ & $-0.00333837$ & $-0.0214945$ & $-0.00830089$ & $0.00914574$ & $-0.0143668$ & $0.013632$ & $0.0505424$ & $0.015077$ & $0.0374773$ & $-0.00976765$ & $0.0495104$ & $-0.0664133$ & $0.0359096$ & $0.0125935$ & $0.0537502$ & $-0.0499211$ \\
dAle5Mz & $-0.0384652$ & $1$ & $0.0221791$ & $-0.059453$ & $0.0195895$ & $0.0252287$ & $0.0287944$ & $-0.103706$ & $-0.0996368$ & $0.0448576$ & $0.0874539$ & $0.0551809$ & $0.00670396$ & $-0.0302686$ & $0.00198447$ & $0.0157671$ & $0.00487094$ & $-0.000915991$ & $-0.00666118$ & $-0.0552586$ & $-0.0624079$ & $-0.0611209$ & $0.017809$ & $0.0391989$ & $-0.00105965$ & $0.00355511$ & $-0.0527641$ & $-0.0324319$ & $0.0220737$ & $0.0325937$ & $0.0139697$ & $0.0320983$ & $-0.0292192$ & $-0.0142957$ & $0.0079469$ & $-0.0291362$ & $-0.0306773$ & $0.0015614$ & $-0.056974$ & $0.0404443$ & $0.0576477$ & $-0.0279019$ & $-0.00406803$ & $0.0479802$ & $0.0753579$ & $-0.00667899$ & $0.030029$ & $-0.0632234$ & $-0.0746104$ \\
mtop & $0.0333474$ & $0.0221791$ & $1$ & $-0.0275227$ & $0.0113177$ & $0.00509925$ & $-0.00292219$ & $0.0109274$ & $0.0129238$ & $-0.0335609$ & $0.00326526$ & $-0.0166306$ & $0.00115598$ & $-0.0030456$ & $0.0308195$ & $0.00707549$ & $-0.01491$ & $-0.0302767$ & $-0.0153711$ & $0.00587609$ & $0.0043442$ & $0.00271956$ & $-0.0244067$ & $-0.00117634$ & $-0.0284195$ & $0.00623372$ & $-0.0170592$ & $0.00869097$ & $-0.00550191$ & $-0.00332491$ & $-0.0172988$ & $-0.00958248$ & $-0.0370691$ & $-0.0132116$ & $0.0564875$ & $-0.00648264$ & $0.0189398$ & $0.00040672$ & $0.00356872$ & $0.0132628$ & $0.0205378$ & $-0.0220914$ & $0.00979879$ & $-0.0326141$ & $0.0134677$ & $-0.0480221$ & $0.00120359$ & $-0.00880231$ & $-0.0759125$ \\
mHl & $-0.00944961$ & $-0.059453$ & $-0.0275227$ & $1$ & $0.0331654$ & $-0.0153511$ & $0.00193223$ & $0.0165021$ & $0.0144273$ & $-0.0300851$ & $-0.00297888$ & $-0.0295791$ & $0.0273648$ & $-0.0217494$ & $-0.00772277$ & $0.0284185$ & $-0.0249524$ & $-0.0156595$ & $-0.043908$ & $0.00245391$ & $0.00256602$ & $0.00449279$ & $-0.0267978$ & $-0.0119718$ & $-0.0152283$ & $0.0331928$ & $0.0159254$ & $0.0211613$ & $-0.00637136$ & $-0.0190387$ & $0.0290207$ & $0.00716316$ & $-0.00559002$ & $0.0184448$ & $-0.0193857$ & $0.0028771$ & $0.0101673$ & $0.0280352$ & $-0.016546$ & $-0.00536798$ & $-0.0317343$ & $0.00186196$ & $-0.0445374$ & $0.017498$ & $0.0329245$ & $-0.00722016$ & $0.0629134$ & $-0.0510986$ & $0.00762075$ \\
Mz & $-0.0338098$ & $0.0195895$ & $0.0113177$ & $0.0331654$ & $1$ & $-0.0178097$ & $0.0105875$ & $0.0235188$ & $0.0213808$ & $-0.00755868$ & $-0.0287473$ & $-0.0187874$ & $-0.0151918$ & $0.0272158$ & $0.0280861$ & $0.0451191$ & $0.0266361$ & $0.00580716$ & $-0.0076814$ & $0.0424984$ & $0.036079$ & $0.0376895$ & $-0.0517528$ & $0.00381346$ & $-0.00984807$ & $0.00624229$ & $-0.0334891$ & $-0.0105608$ & $-0.0106035$ & $0.00561632$ & $-0.0140379$ & $-0.00288963$ & $-0.0146578$ & $-0.00167338$ & $-0.0170658$ & $0.0207159$ & $0.0206287$ & $-0.0015769$ & $-0.0191089$ & $-0.0271575$ & $0.0101621$ & $0.0103032$ & $0.0150443$ & $0.0111668$ & $-0.0365565$ & $-0.0492869$ & $0.0386757$ & $-0.0258686$ & $0.0176678$ \\
CW & $-0.0295683$ & $0.0252287$ & $0.00509925$ & $-0.0153511$ & $-0.0178097$ & $1$ & $0.0248689$ & $-0.100271$ & $-0.0931862$ & $0.0109346$ & $0.16295$ & $0.057822$ & $0.0032094$ & $0.0210679$ & $-0.0952975$ & $-0.0660943$ & $-0.255968$ & $-0.0411872$ & $-0.0656702$ & $-0.160843$ & $-0.16207$ & $-0.158432$ & $-0.0191909$ & $-0.00100212$ & $-0.106722$ & $0.0961119$ & $-0.0808254$ & $-0.0761193$ & $0.0122376$ & $-0.0358028$ & $-0.0057214$ & $0.0331666$ & $-0.00347932$ & $-0.0841881$ & $0.0389716$ & $-0.00221845$ & $0.00341818$ & $0.0310321$ & $0.0205575$ & $-0.00426536$ & $0.0225157$ & $-0.0068201$ & $0.0146967$ & $0.00815072$ & $-0.00651$ & $-0.0062961$ & $0.00156222$ & $0.0212159$ & $-0.00617524$ \\
CHG & $-0.00151694$ & $0.0287944$ & $-0.00292219$ & $0.00193223$ & $0.0105875$ & $0.0248689$ & $1$ & $-0.119855$ & $-0.0668781$ & $0.0712509$ & $0.0819578$ & $-0.0908445$ & $-0.294272$ & $0.0375313$ & $-0.0358064$ & $-0.039264$ & $0.0772322$ & $0.093982$ & $0.0995866$ & $-0.0824179$ & $-0.0847376$ & $-0.0789576$ & $-0.0232154$ & $0.110275$ & $0.0821088$ & $0.0491801$ & $-0.0578308$ & $0.00293043$ & $0.00643059$ & $-0.0988314$ & $-0.0658829$ & $0.939733$ & $-0.152822$ & $-0.0691707$ & $-0.0355623$ & $-0.0217443$ & $0.00768815$ & $0.0210512$ & $-0.0207907$ & $-0.0357295$ & $-0.00987136$ & $-0.00871803$ & $-0.0121235$ & $0.0212861$ & $0.0355542$ & $0.0190623$ & $-0.0233865$ & $0.00408622$ & $-0.0392211$ \\
CHWB & $0.00504054$ & $-0.103706$ & $0.0109274$ & $0.0165021$ & $0.0235188$ & $-0.100271$ & $-0.119855$ & $1$ & $0.982211$ & $-0.577428$ & $-0.882891$ & $-0.187443$ & $0.353013$ & $0.0886393$ & $0.306593$ & $0.290833$ & $-0.252516$ & $-0.44644$ & $-0.435226$ & $0.854516$ & $0.897693$ & $0.884644$ & $0.0831583$ & $-0.687584$ & $-0.420586$ & $-0.518787$ & $0.427086$ & $0.314896$ & $0.034559$ & $0.0977936$ & $0.0713109$ & $-0.121963$ & $0.0854733$ & $0.578866$ & $-0.0395254$ & $0.037606$ & $0.0477159$ & $0.00653463$ & $-0.0037719$ & $0.0128569$ & $0.000722546$ & $0.0326289$ & $-0.00499935$ & $-0.0255232$ & $-0.00997835$ & $-0.00508543$ & $0.0371084$ & $-0.0131564$ & $0.00270767$ \\
CHWHB_gaga & $-0.00256882$ & $-0.0996368$ & $0.0129238$ & $0.0144273$ & $0.0213808$ & $-0.0931862$ & $-0.0668781$ & $0.982211$ & $1$ & $-0.566393$ & $-0.863118$ & $-0.164233$ & $0.350032$ & $0.0796639$ & $0.298812$ & $0.291428$ & $-0.258107$ & $-0.443587$ & $-0.438658$ & $0.836625$ & $0.877575$ & $0.865564$ & $0.0818577$ & $-0.677386$ & $-0.421179$ & $-0.503018$ & $0.417548$ & $0.309607$ & $0.040112$ & $0.121085$ & $0.0787336$ & $-0.0769616$ & $0.105034$ & $0.569986$ & $-0.0555873$ & $0.0284167$ & $0.0327433$ & $-0.00136335$ & $-0.00419231$ & $0.0134144$ & $0.00720481$ & $0.0313764$ & $0.0730737$ & $-0.0263294$ & $-0.00904815$ & $0.00428901$ & $0.0354082$ & $-0.0128482$ & $-0.00247204$ \\
CHWHB_gagaorth & $0.000562526$ & $0.0448576$ & $-0.0335609$ & $-0.0300851$ & $-0.00755868$ & $0.0109346$ & $0.0712509$ & $-0.577428$ & $-0.566393$ & $1$ & $0.367324$ & $0.547285$ & $-0.246946$ & $0.232616$ & $-0.132745$ & $-0.129183$ & $0.439707$ & $0.492628$ & $0.48478$ & $-0.354587$ & $-0.381399$ & $-0.380443$ & $-0.0634702$ & $0.568541$ & $0.482059$ & $0.231246$ & $-0.241858$ & $-0.126744$ & $-0.0361717$ & $-0.123517$ & $-0.0774046$ & $0.0889011$ & $-0.0847043$ & $-0.362707$ & $0.0480041$ & $0.0273274$ & $-0.0331343$ & $0.000582881$ & $0.00657128$ & $-0.00279502$ & $-0.0614262$ & $-0.0652245$ & $-0.0109982$ & $0.0524066$ & $0.00356647$ & $0.0438137$ & $0.0068042$ & $0.0364701$ & $0.0508225$ \\
CHD & $-0.0139989$ & $0.0874539$ & $0.00326526$ & $-0.00297888$ & $-0.0287473$ & $0.16295$ & $0.0819578$ & $-0.882891$ & $-0.863118$ & $0.367324$ & $1$ & $0.26298$ & $-0.180887$ & $-0.500023$ & $-0.421323$ & $-0.39874$ & $-0.198694$ & $0.0843974$ & $0.076175$ & $-0.990329$ & $-0.991525$ & $-0.97078$ & $-0.0232301$ & $0.337367$ & $0.0502639$ & $0.566387$ & $-0.297928$ & $-0.326988$ & $-0.01373$ & $-0.0591268$ & $-0.0486145$ & $0.0939919$ & $-0.0608238$ & $-0.389683$ & $0.0698836$ & $-0.045777$ & $-0.0307473$ & $-0.0148597$ & $-0.0084621$ & $-0.00756401$ & $0.011035$ & $-0.0125716$ & $0.0242486$ & $0.0231023$ & $-0.00261065$ & $-0.00074191$ & $-0.0501232$ & $0.00173182$ & $-0.0299955$ \\
CHbox & $-0.00391739$ & $0.0551809$ & $-0.0166306$ & $-0.0295791$ & $-0.0187874$ & $0.057822$ & $-0.0908445$ & $-0.187443$ & $-0.164233$ & $0.547285$ & $0.26298$ & $1$ & $0.276234$ & $-0.229262$ & $-0.030138$ & $-0.0326463$ & $-0.157041$ & $-0.113087$ & $-0.11225$ & $-0.24402$ & $-0.267037$ & $-0.259277$ & $-0.0166572$ & $0.0273318$ & $-0.110702$ & $0.153288$ & $-0.127722$ & $-0.0640569$ & $0.0249899$ & $0.244606$ & $0.0665637$ & $0.00647343$ & $0.302772$ & $-0.131639$ & $0.125636$ & $0.0458165$ & $-0.0117971$ & $-0.0275003$ & $-0.0189598$ & $0.0160236$ & $-0.0553215$ & $-0.0346281$ & $0.0043803$ & $0.0361657$ & $-0.00808429$ & $0.0297429$ & $0.0157021$ & $0.0277581$ & $0.0321417$ \\
CH & $-0.00552555$ & $0.00670396$ & $0.00115598$ & $0.0273648$ & $-0.0151918$ & $0.0032094$ & $-0.294272$ & $0.353013$ & $0.350032$ & $-0.246946$ & $-0.180887$ & $0.276234$ & $1$ & $-0.245715$ & $0.0787727$ & $0.0888507$ & $-0.351336$ & $-0.381117$ & $-0.386043$ & $0.176952$ & $0.191367$ & $0.194288$ & $0.0446203$ & $-0.391095$ & $-0.379204$ & $-0.122313$ & $0.131809$ & $0.0878292$ & $0.0680947$ & $0.252272$ & $0.113693$ & $-0.245373$ & $0.280031$ & $0.230049$ & $0.0321355$ & $0.0178985$ & $0.0107892$ & $-0.023886$ & $-0.0150204$ & $0.0131068$ & $-0.00617375$ & $-0.00213973$ & $0.00216534$ & $-0.0044796$ & $-0.000918183$ & $0.0111743$ & $0.025133$ & $-0.0231097$ & $-0.00122469$ \\
CHL1_11 & $-0.0124109$ & $-0.0302686$ & $-0.0030456$ & $-0.0217494$ & $0.0272158$ & $0.0210679$ & $0.0375313$ & $0.0886393$ & $0.0796639$ & $0.232616$ & $-0.500023$ & $-0.229262$ & $-0.245715$ & $1$ & $0.238367$ & $0.23772$ & $0.670826$ & $0.614577$ & $0.598729$ & $0.517496$ & $0.465169$ & $0.445991$ & $-0.0934693$ & $0.456986$ & $0.590493$ & $-0.24891$ & $-0.101572$ & $0.121376$ & $-0.0410636$ & $-0.0438812$ & $-0.0307534$ & $0.0192679$ & $-0.030169$ & $-0.191095$ & $-0.0732764$ & $0.0382584$ & $-0.00947395$ & $0.0184229$ & $0.0464566$ & $-0.0196097$ & $-0.0354985$ & $-0.0283625$ & $-0.0234507$ & $-0.014399$ & $0.00701023$ & $0.00528653$ & $0.0479945$ & $0.00634089$ & $0.0475074$ \\
CHL1_22 & $0.0105648$ & $0.00198447$ & $0.0308195$ & $-0.00772277$ & $0.0280861$ & $-0.0952975$ & $-0.0358064$ & $0.306593$ & $0.298812$ & $-0.132745$ & $-0.421323$ & $-0.030138$ & $0.0787727$ & $0.238367$ & $1$ & $0.418857$ & $0.163038$ & $-0.457355$ & $-0.0372144$ & $0.484595$ & $0.343085$ & $0.330756$ & $-0.165381$ & $0.0899711$ & $-0.158194$ & $-0.198337$ & $-0.38442$ & $0.124583$ & $0.0111523$ & $0.00377029$ & $0.0159525$ & $-0.0485708$ & $0.0147958$ & $-0.568038$ & $-0.0321442$ & $-0.00652245$ & $0.00102452$ & $0.0162459$ & $-0.00584025$ & $-0.000436976$ & $-0.00380447$ & $0.0145961$ & $-0.0473748$ & $0.00193361$ & $0.0131465$ & $0.0294384$ & $0.00483258$ & $0.0332486$ & $-0.0121723$ \\
CHL1_33 & $-0.0199122$ & $0.0157671$ & $0.00707549$ & $0.0284185$ & $0.0451191$ & $-0.0660943$ & $-0.039264$ & $0.290833$ & $0.291428$ & $-0.129183$ & $-0.39874$ & $-0.0326463$ & $0.0888507$ & $0.23772$ & $0.418857$ & $1$ & $0.141438$ & $-0.0313996$ & $-0.460711$ & $0.462979$ & $0.321599$ & $0.338542$ & $-0.150201$ & $0.0890122$ & $-0.1506$ & $-0.185343$ & $-0.375141$ & $0.0948268$ & $-0.00779689$ & $0.0339209$ & $0.0208373$ & $-0.0459997$ & $0.0458638$ & $-0.0649269$ & $-0.054227$ & $0.00260195$ & $-0.0105206$ & $7.30633e-05$ & $-0.0201625$ & $0.0440324$ & $0.017755$ & $-0.00694914$ & $0.0128327$ & $-0.0162142$ & $0.00477378$ & $0.0226832$ & $0.00991681$ & $0.0183911$ & $0.0219572$ \\
CHL3_11 & $0.0179029$ & $0.00487094$ & $-0.01491$ & $-0.0249524$ & $0.0266361$ & $-0.255968$ & $0.0772322$ & $-0.252516$ & $-0.258107$ & $0.439707$ & $-0.198694$ & $-0.157041$ & $-0.351336$ & $0.670826$ & $0.163038$ & $0.141438$ & $1$ & $0.733766$ & $0.736512$ & $0.222247$ & $0.168264$ & $0.152726$ & $-0.0882909$ & $0.671752$ & $0.774679$ & $-0.0831796$ & $-0.171789$ & $0.0187589$ & $-0.0320243$ & $-0.0859056$ & $-0.0473591$ & $0.0537427$ & $-0.0546041$ & $-0.272041$ & $-0.0509857$ & $0.0114279$ & $-0.0408313$ & $0.0134747$ & $0.0115173$ & $-0.00627851$ & $-0.0138307$ & $-0.0367505$ & $-0.0417026$ & $0.0120541$ & $0.0322292$ & $0.00776386$ & $0.0167116$ & $0.0259302$ & $0.0567572$ \\
CHL3_22 & $-0.00893193$ & $-0.000915991$ & $-0.0302767$ & $-0.0156595$ & $0.00580716$ & $-0.0411872$ & $0.093982$ & $-0.44644$ & $-0.443587$ & $0.492628$ & $0.0843974$ & $-0.113087$ & $-0.381117$ & $0.614577$ & $-0.457355$ & $-0.0313996$ & $0.733766$ & $1$ & $0.672105$ & $-0.0852957$ & $-0.0792183$ & $-0.0826608$ & $-0.0139102$ & $0.619649$ & $0.800307$ & $0.0610298$ & $-0.0191443$ & $-0.0705704$ & $-0.0483859$ & $-0.0733662$ & $-0.0548748$ & $0.0841457$ & $-0.0514893$ & $0.0120246$ & $-0.036731$ & $0.0197505$ & $-0.0360321$ & $0.0026824$ & $0.0313476$ & $-0.00988201$ & $-0.0188285$ & $-0.0469678$ & $0.00244745$ & $-0.00281533$ & $0.0138106$ & $-0.0103335$ & $0.0190051$ & $0.00186381$ & $0.0642117$ \\
CHL3_33 & $0.0194358$ & $-0.00666118$ & $-0.0153711$ & $-0.043908$ & $-0.0076814$ & $-0.0656702$ & $0.0995866$ & $-0.435226$ & $-0.438658$ & $0.48478$ & $0.076175$ & $-0.11225$ & $-0.386043$ & $0.598729$ & $-0.0372144$ & $-0.460711$ & $0.736512$ & $0.672105$ & $1$ & $-0.0794316$ & $-0.0684499$ & $-0.0724859$ & $-0.0236047$ & $0.609779$ & $0.788869$ & $0.0569198$ & $-0.0111906$ & $-0.0442446$ & $-0.0345831$ & $-0.101274$ & $-0.0606492$ & $0.0852873$ & $-0.0822713$ & $-0.355437$ & $-0.0204748$ & $0.0126758$ & $-0.0215418$ & $0.0130544$ & $0.0360803$ & $-0.0401123$ & $-0.0333707$ & $-0.0359234$ & $-0.04404$ & $0.0145163$ & $0.00974939$ & $0.000843189$ & $0.00913851$ & $0.00862788$ & $0.0318199$ \\
CHe_11 & $0.0034299$ & $-0.0552586$ & $0.00587609$ & $0.00245391$ & $0.0424984$ & $-0.160843$ & $-0.0824179$ & $0.854516$ & $0.836625$ & $-0.354587$ & $-0.990329$ & $-0.24402$ & $0.176952$ & $0.517496$ & $0.484595$ & $0.462979$ & $0.222247$ & $-0.0852957$ & $-0.0794316$ & $1$ & $0.973908$ & $0.954207$ & $-0.000876875$ & $-0.28447$ & $-0.0420337$ & $-0.555582$ & $0.225743$ & $0.317952$ & $0.0135993$ & $0.0618828$ & $0.0498088$ & $-0.0939919$ & $0.0668194$ & $0.31394$ & $-0.0748165$ & $0.0404653$ & $0.0254358$ & $0.0129858$ & $0.0068265$ & $0.00767505$ & $-0.00984977$ & $0.00816827$ & $-0.0258932$ & $-0.0246141$ & $0.00573882$ & $0.0020583$ & $0.0502881$ & $-0.00141247$ & $0.0327283$ \\
CHe_22 & $0.00715904$ & $-0.0624079$ & $0.0043442$ & $0.00256602$ & $0.036079$ & $-0.16207$ & $-0.0847376$ & $0.897693$ & $0.877575$ & $-0.381399$ & $-0.991525$ & $-0.267037$ & $0.191367$ & $0.465169$ & $0.343085$ & $0.321599$ & $0.168264$ & $-0.0792183$ & $-0.0684499$ & $0.973908$ & $1$ & $0.976088$ & $0.0499417$ & $-0.388796$ & $-0.0532564$ & $-0.570033$ & $0.374112$ & $0.330208$ & $0.0154155$ & $0.0637394$ & $0.0493508$ & $-0.0954841$ & $0.0619885$ & $0.469498$ & $-0.0639246$ & $0.0490642$ & $0.029732$ & $0.0130482$ & $0.00699928$ & $0.00654279$ & $-0.00870646$ & $0.0125012$ & $-0.0229692$ & $-0.0216593$ & $0.000451255$ & $-0.00395717$ & $0.0525046$ & $-0.00838971$ & $0.027692$ \\
CHe_33 & $0.00566583$ & $-0.0611209$ & $0.00271956$ & $0.00449279$ & $0.0376895$ & $-0.158432$ & $-0.0789576$ & $0.884644$ & $0.865564$ & $-0.380443$ & $-0.97078$ & $-0.259277$ & $0.194288$ & $0.445991$ & $0.330756$ & $0.338542$ & $0.152726$ & $-0.0826608$ & $-0.0724859$ & $0.954207$ & $0.976088$ & $1$ & $0.0485574$ & $-0.389391$ & $-0.0566609$ & $-0.557153$ & $0.374242$ & $0.33021$ & $0.0144197$ & $0.0595185$ & $0.0513671$ & $-0.0900157$ & $0.0571126$ & $0.470481$ & $-0.0679776$ & $0.0433731$ & $0.0398589$ & $0.0171534$ & $0.0127706$ & $0.0120071$ & $-0.00331848$ & $0.0101162$ & $-0.0258882$ & $-0.0284893$ & $0.00504827$ & $-1.44553e-05$ & $0.0513091$ & $-0.0113728$ & $0.0221969$ \\
CHQ1_11 & $-0.00775892$ & $0.017809$ & $-0.0244067$ & $-0.0267978$ & $-0.0517528$ & $-0.0191909$ & $-0.0232154$ & $0.0831583$ & $0.0818577$ & $-0.0634702$ & $-0.0232301$ & $-0.0166572$ & $0.0446203$ & $-0.0934693$ & $-0.165381$ & $-0.150201$ & $-0.0882909$ & $-0.0139102$ & $-0.0236047$ & $-0.000876875$ & $0.0499417$ & $0.0485574$ & $1$ & $-0.161005$ & $0.0562439$ & $-0.685289$ & $0.343544$ & $0.00908994$ & $-0.00522193$ & $0.0268523$ & $0.020145$ & $-0.0125762$ & $0.000295088$ & $0.213639$ & $0.0352979$ & $-0.00130695$ & $-0.0107571$ & $-0.0104805$ & $0.0349264$ & $0.0235604$ & $0.00702338$ & $-0.00832882$ & $0.00335734$ & $-0.00447286$ & $0.0215347$ & $0.0176021$ & $0.0132485$ & $-0.0701799$ & $-0.0075394$ \\
CHQ1_33 & $-0.0361628$ & $0.0391989$ & $-0.00117634$ & $-0.0119718$ & $0.00381346$ & $-0.00100212$ & $0.110275$ & $-0.687584$ & $-0.677386$ & $0.568541$ & $0.337367$ & $0.0273318$ & $-0.391095$ & $0.456986$ & $0.0899711$ & $0.0890122$ & $0.671752$ & $0.619649$ & $0.609779$ & $-0.28447$ & $-0.388796$ & $-0.389391$ & $-0.161005$ & $1$ & $0.632748$ & $0.242454$ & $-0.439389$ & $-0.0534581$ & $-0.0470812$ & $-0.113216$ & $-0.0639569$ & $0.0961834$ & $-0.0902168$ & $-0.647266$ & $-0.0182841$ & $-0.0011774$ & $-0.0479108$ & $-0.00167728$ & $0.0129415$ & $-0.0323321$ & $-0.00412243$ & $-0.0369368$ & $0.00481215$ & $0.0172656$ & $0.00032161$ & $0.00976508$ & $-0.00303671$ & $0.0177696$ & $0.0178416$ \\
CHQ3_11 & $-0.12965$ & $-0.00105965$ & $-0.0284195$ & $-0.0152283$ & $-0.00984807$ & $-0.106722$ & $0.0821088$ & $-0.420586$ & $-0.421179$ & $0.482059$ & $0.0502639$ & $-0.110702$ & $-0.379204$ & $0.590493$ & $-0.158194$ & $-0.1506$ & $0.774679$ & $0.800307$ & $0.788869$ & $-0.0420337$ & $-0.0532564$ & $-0.0566609$ & $0.0562439$ & $0.632748$ & $1$ & $0.05399$ & $0.194933$ & $-0.0649584$ & $-0.0517437$ & $-0.104132$ & $-0.0622085$ & $0.0707682$ & $-0.0643656$ & $-0.208393$ & $-0.0192822$ & $-0.00283766$ & $-0.0263751$ & $0.00775804$ & $0.032338$ & $-0.0353174$ & $-0.0166837$ & $-0.0495206$ & $-0.0276304$ & $-0.0143195$ & $0.0135206$ & $0.00263751$ & $0.0115824$ & $-0.000995937$ & $0.0710434$ \\
CHu_11 & $-0.0616653$ & $0.00355511$ & $0.00623372$ & $0.0331928$ & $0.00624229$ & $0.0961119$ & $0.0491801$ & $-0.518787$ & $-0.503018$ & $0.231246$ & $0.566387$ & $0.153288$ & $-0.122313$ & $-0.24891$ & $-0.198337$ & $-0.185343$ & $-0.0831796$ & $0.0610298$ & $0.0569198$ & $-0.555582$ & $-0.570033$ & $-0.557153$ & $-0.685289$ & $0.242454$ & $0.05399$ & $1$ & $-0.183585$ & $-0.175597$ & $-0.00117797$ & $-0.049966$ & $-0.0303311$ & $0.0500046$ & $-0.0121679$ & $-0.275224$ & $0.0113355$ & $-0.0296004$ & $-0.0199151$ & $0.000614952$ & $-0.0206009$ & $-0.012887$ & $0.00377107$ & $-0.00620793$ & $0.0290494$ & $0.0071867$ & $-0.0137551$ & $-0.0300752$ & $-0.037624$ & $0.0349749$ & $0.0242605$ \\
CHd_11 & $-0.033564$ & $-0.0527641$ & $-0.0170592$ & $0.0159254$ & $-0.0334891$ & $-0.0808254$ & $-0.0578308$ & $0.427086$ & $0.417548$ & $-0.241858$ & $-0.297928$ & $-0.127722$ & $0.131809$ & $-0.101572$ & $-0.38442$ & $-0.375141$ & $-0.171789$ & $-0.0191443$ & $-0.0111906$ & $0.225743$ & $0.374112$ & $0.374242$ & $0.343544$ & $-0.439389$ & $0.194933$ & $-0.183585$ & $1$ & $0.112759$ & $-0.00142327$ & $0.0120085$ & $0.0262682$ & $-0.0539267$ & $0.0122694$ & $0.683952$ & $0.0137811$ & $0.0100664$ & $0.0394361$ & $-0.00631248$ & $0.0116743$ & $-0.0178647$ & $0.0136106$ & $0.00708322$ & $0.0124909$ & $-0.0287847$ & $-0.0247898$ & $-0.0182339$ & $0.0198302$ & $-0.0460287$ & $0.0226941$ \\
CHd_33 & $0.0297586$ & $-0.0324319$ & $0.00869097$ & $0.0211613$ & $-0.0105608$ & $-0.0761193$ & $0.00293043$ & $0.314896$ & $0.309607$ & $-0.126744$ & $-0.326988$ & $-0.0640569$ & $0.0878292$ & $0.121376$ & $0.124583$ & $0.0948268$ & $0.0187589$ & $-0.0705704$ & $-0.0442446$ & $0.317952$ & $0.330208$ & $0.33021$ & $0.00908994$ & $-0.0534581$ & $-0.0649584$ & $-0.175597$ & $0.112759$ & $1$ & $0.0214969$ & $0.0263271$ & $0.0128528$ & $0.00848677$ & $0.0320642$ & $0.160439$ & $-0.0115682$ & $0.0446223$ & $-0.0179282$ & $0.00795998$ & $0.00928498$ & $-0.00996403$ & $-0.0162729$ & $0.0177995$ & $0.0149102$ & $0.0207344$ & $-0.0454744$ & $-0.00723208$ & $0.025591$ & $-0.00495307$ & $-0.00596796$ \\
CeH_22r & $-0.0415133$ & $0.0220737$ & $-0.00550191$ & $-0.00637136$ & $-0.0106035$ & $0.0122376$ & $0.00643059$ & $0.034559$ & $0.040112$ & $-0.0361717$ & $-0.01373$ & $0.0249899$ & $0.0680947$ & $-0.0410636$ & $0.0111523$ & $-0.00779689$ & $-0.0320243$ & $-0.0483859$ & $-0.0345831$ & $0.0135993$ & $0.0154155$ & $0.0144197$ & $-0.00522193$ & $-0.0470812$ & $-0.0517437$ & $-0.00117797$ & $-0.00142327$ & $0.0214969$ & $1$ & $0.0723791$ & $0.0175131$ & $-0.00963706$ & $0.0502637$ & $0.0260702$ & $-0.080265$ & $0.000144474$ & $-0.00319928$ & $-0.0257595$ & $-0.0560578$ & $-0.0154715$ & $0.00957778$ & $0.00725779$ & $0.0119506$ & $0.00885982$ & $0.0124864$ & $-0.00569679$ & $0.00452932$ & $-0.015722$ & $0.00579161$ \\
CeH_33r & $-0.0374009$ & $0.0325937$ & $-0.00332491$ & $-0.0190387$ & $0.00561632$ & $-0.0358028$ & $-0.0988314$ & $0.0977936$ & $0.121085$ & $-0.123517$ & $-0.0591268$ & $0.244606$ & $0.252272$ & $-0.0438812$ & $0.00377029$ & $0.0339209$ & $-0.0859056$ & $-0.0733662$ & $-0.101274$ & $0.0618828$ & $0.0637394$ & $0.0595185$ & $0.0268523$ & $-0.113216$ & $-0.104132$ & $-0.049966$ & $0.0120085$ & $0.0263271$ & $0.0723791$ & $1$ & $0.31461$ & $0.0425594$ & $0.601316$ & $0.0797707$ & $-0.0627162$ & $-0.0145103$ & $-0.175299$ & $-0.0354863$ & $-0.0719157$ & $0.0176922$ & $-0.0233998$ & $0.0382942$ & $0.013836$ & $0.0212388$ & $0.100314$ & $0.00448085$ & $0.029019$ & $0.00587959$ & $-0.0303277$ \\
CuH_22r & $-0.00473915$ & $0.0139697$ & $-0.0172988$ & $0.0290207$ & $-0.0140379$ & $-0.0057214$ & $-0.0658829$ & $0.0713109$ & $0.0787336$ & $-0.0774046$ & $-0.0486145$ & $0.0665637$ & $0.113693$ & $-0.0307534$ & $0.0159525$ & $0.0208373$ & $-0.0473591$ & $-0.0548748$ & $-0.0606492$ & $0.0498088$ & $0.0493508$ & $0.0513671$ & $0.020145$ & $-0.0639569$ & $-0.0622085$ & $-0.0303311$ & $0.0262682$ & $0.0128528$ & $0.0175131$ & $0.31461$ & $1$ & $0.0128403$ & $0.331931$ & $0.0486342$ & $-0.000435413$ & $0.0351526$ & $-0.0913568$ & $-0.00945735$ & $-0.0403384$ & $-0.0188835$ & $-0.0288297$ & $0.0194918$ & $-0.0297381$ & $0.0677521$ & $0.0299004$ & $0.0686787$ & $0.411519$ & $-0.0302194$ & $0.0240623$ \\
CuH_33r & $-0.0122644$ & $0.0320983$ & $-0.00958248$ & $0.00716316$ & $-0.00288963$ & $0.0331666$ & $0.939733$ & $-0.121963$ & $-0.0769616$ & $0.0889011$ & $0.0939919$ & $0.00647343$ & $-0.245373$ & $0.0192679$ & $-0.0485708$ & $-0.0459997$ & $0.0537427$ & $0.0841457$ & $0.0852873$ & $-0.0939919$ & $-0.0954841$ & $-0.0900157$ & $-0.0125762$ & $0.0961834$ & $0.0707682$ & $0.0500046$ & $-0.0539267$ & $0.00848677$ & $-0.00963706$ & $0.0425594$ & $0.0128403$ & $1$ & $0.0129603$ & $-0.0625276$ & $0.0538035$ & $0.0126748$ & $-0.0179572$ & $0.0133307$ & $-0.0116487$ & $-0.0280857$ & $-0.0254573$ & $-0.00716005$ & $-0.014175$ & $0.0260906$ & $0.0295539$ & $0.0235374$ & $-0.0187917$ & $-0.000847879$ & $-0.0252545$ \\
CdH_33r & $-0.0592142$ & $-0.0292192$ & $-0.0370691$ & $-0.00559002$ & $-0.0146578$ & $-0.00347932$ & $-0.152822$ & $0.0854733$ & $0.105034$ & $-0.0847043$ & $-0.0608238$ & $0.302772$ & $0.280031$ & $-0.030169$ & $0.0147958$ & $0.0458638$ & $-0.0546041$ & $-0.0514893$ & $-0.0822713$ & $0.0668194$ & $0.0619885$ & $0.0571126$ & $0.000295088$ & $-0.0902168$ & $-0.0643656$ & $-0.0121679$ & $0.0122694$ & $0.0320642$ & $0.0502637$ & $0.601316$ & $0.331931$ & $0.0129603$ & $1$ & $0.0580379$ & $-0.046636$ & $-0.0252116$ & $-0.195163$ & $-0.0573508$ & $-0.0625592$ & $0.0125192$ & $-0.0518393$ & $0.0271932$ & $-0.0130147$ & $0.0274165$ & $0.0108905$ & $-0.00328543$ & $0.0239517$ & $0.155941$ & $0.524522$ \\
CLL_1221 & $-0.00333837$ & $-0.0142957$ & $-0.0132116$ & $0.0184448$ & $-0.00167338$ & $-0.0841881$ & $-0.0691707$ & $0.578866$ & $0.569986$ & $-0.362707$ & $-0.389683$ & $-0.131639$ & $0.230049$ & $-0.191095$ & $-0.568038$ & $-0.0649269$ & $-0.272041$ & $0.0120246$ & $-0.355437$ & $0.31394$ & $0.469498$ & $0.470481$ & $0.213639$ & $-0.647266$ & $-0.208393$ & $-0.275224$ & $0.683952$ & $0.160439$ & $0.0260702$ & $0.0797707$ & $0.0486342$ & $-0.0625276$ & $0.0580379$ & $1$ & $-0.00515889$ & $0.0326085$ & $0.0306398$ & $-0.00894526$ & $-0.00904527$ & $0.0215514$ & $0.0164414$ & $0.016404$ & $0.0346044$ & $-0.0174992$ & $-0.00616165$ & $-0.0295408$ & $0.0237694$ & $-0.0375412$ & $0.00944908$ \\
eHggint & $-0.0214945$ & $0.0079469$ & $0.0564875$ & $-0.0193857$ & $-0.0170658$ & $0.0389716$ & $-0.0355623$ & $-0.0395254$ & $-0.0555873$ & $0.0480041$ & $0.0698836$ & $0.125636$ & $0.0321355$ & $-0.0732764$ & $-0.0321442$ & $-0.054227$ & $-0.0509857$ & $-0.036731$ & $-0.0204748$ & $-0.0748165$ & $-0.0639246$ & $-0.0679776$ & $0.0352979$ & $-0.0182841$ & $-0.0192822$ & $0.0113355$ & $0.0137811$ & $-0.0115682$ & $-0.080265$ & $-0.0627162$ & $-0.000435413$ & $0.0538035$ & $-0.046636$ & $-0.00515889$ & $1$ & $-0.0479803$ & $0.0817101$ & $0.00413441$ & $0.0504961$ & $0.0380246$ & $-0.0279668$ & $-0.0203271$ & $0.0306525$ & $-0.00548047$ & $0.0372394$ & $-0.0187491$ & $-0.0223276$ & $0.0278907$ & $0.0103221$ \\
eHggpar & $-0.00830089$ & $-0.0291362$ & $-0.00648264$ & $0.0028771$ & $0.0207159$ & $-0.00221845$ & $-0.0217443$ & $0.037606$ & $0.0284167$ & $0.0273274$ & $-0.045777$ & $0.0458165$ & $0.0178985$ & $0.0382584$ & $-0.00652245$ & $0.00260195$ & $0.0114279$ & $0.0197505$ & $0.0126758$ & $0.0404653$ & $0.0490642$ & $0.0433731$ & $-0.00130695$ & $-0.0011774$ & $-0.00283766$ & $-0.0296004$ & $0.0100664$ & $0.0446223$ & $0.000144474$ & $-0.0145103$ & $0.0351526$ & $0.0126748$ & $-0.0252116$ & $0.0326085$ & $-0.0479803$ & $1$ & $-0.0165998$ & $-0.0274509$ & $0.0505503$ & $-0.0203064$ & $0.00620397$ & $-0.00613712$ & $-0.0030494$ & $-0.00261053$ & $-0.0340931$ & $0.00287214$ & $0.053572$ & $0.00766071$ & $-0.000810669$ \\
eHWWint & $0.00914574$ & $-0.0306773$ & $0.0189398$ & $0.0101673$ & $0.0206287$ & $0.00341818$ & $0.00768815$ & $0.0477159$ & $0.0327433$ & $-0.0331343$ & $-0.0307473$ & $-0.0117971$ & $0.0107892$ & $-0.00947395$ & $0.00102452$ & $-0.0105206$ & $-0.0408313$ & $-0.0360321$ & $-0.0215418$ & $0.0254358$ & $0.029732$ & $0.0398589$ & $-0.0107571$ & $-0.0479108$ & $-0.0263751$ & $-0.0199151$ & $0.0394361$ & $-0.0179282$ & $-0.00319928$ & $-0.175299$ & $-0.0913568$ & $-0.0179572$ & $-0.195163$ & $0.0306398$ & $0.0817101$ & $-0.0165998$ & $1$ & $-0.0137932$ & $0.0380383$ & $0.0158468$ & $0.0169648$ & $0.00370656$ & $-0.00404738$ & $-0.0547652$ & $0.0597123$ & $0.00574334$ & $-0.0294354$ & $0.0290721$ & $0.0123042$ \\
eHWWpar & $-0.0143668$ & $0.0015614$ & $0.00040672$ & $0.0280352$ & $-0.0015769$ & $0.0310321$ & $0.0210512$ & $0.00653463$ & $-0.00136335$ & $0.000582881$ & $-0.0148597$ & $-0.0275003$ & $-0.023886$ & $0.0184229$ & $0.0162459$ & $7.30633e-05$ & $0.0134747$ & $0.0026824$ & $0.0130544$ & $0.0129858$ & $0.0130482$ & $0.0171534$ & $-0.0104805$ & $-0.00167728$ & $0.00775804$ & $0.000614952$ & $-0.00631248$ & $0.00795998$ & $-0.0257595$ & $-0.0354863$ & $-0.00945735$ & $0.0133307$ & $-0.0573508$ & $-0.00894526$ & $0.00413441$ & $-0.0274509$ & $-0.0137932$ & $1$ & $0.00350502$ & $0.00805698$ & $-0.00175884$ & $0.0571513$ & $-0.0342676$ & $-0.00597808$ & $0.0102347$ & $0.052518$ & $0.00667636$ & $0.00704657$ & $-0.0317697$ \\
eHZZint & $0.013632$ & $-0.056974$ & $0.00356872$ & $-0.016546$ & $-0.0191089$ & $0.0205575$ & $-0.0207907$ & $-0.0037719$ & $-0.00419231$ & $0.00657128$ & $-0.0084621$ & $-0.0189598$ & $-0.0150204$ & $0.0464566$ & $-0.00584025$ & $-0.0201625$ & $0.0115173$ & $0.0313476$ & $0.0360803$ & $0.0068265$ & $0.00699928$ & $0.0127706$ & $0.0349264$ & $0.0129415$ & $0.032338$ & $-0.0206009$ & $0.0116743$ & $0.00928498$ & $-0.0560578$ & $-0.0719157$ & $-0.0403384$ & $-0.0116487$ & $-0.0625592$ & $-0.00904527$ & $0.0504961$ & $0.0505503$ & $0.0380383$ & $0.00350502$ & $1$ & $-0.00469708$ & $0.024674$ & $0.0202649$ & $0.00342472$ & $-0.0277483$ & $-0.00331016$ & $-0.0275971$ & $-0.0172017$ & $0.00631116$ & $-0.0361834$ \\
eHZZpar & $0.0505424$ & $0.0404443$ & $0.0132628$ & $-0.00536798$ & $-0.0271575$ & $-0.00426536$ & $-0.0357295$ & $0.0128569$ & $0.0134144$ & $-0.00279502$ & $-0.00756401$ & $0.0160236$ & $0.0131068$ & $-0.0196097$ & $-0.000436976$ & $0.0440324$ & $-0.00627851$ & $-0.00988201$ & $-0.0401123$ & $0.00767505$ & $0.00654279$ & $0.0120071$ & $0.0235604$ & $-0.0323321$ & $-0.0353174$ & $-0.012887$ & $-0.0178647$ & $-0.00996403$ & $-0.0154715$ & $0.0176922$ & $-0.0188835$ & $-0.0280857$ & $0.0125192$ & $0.0215514$ & $0.0380246$ & $-0.0203064$ & $0.0158468$ & $0.00805698$ & $-0.00469708$ & $1$ & $0.0269088$ & $0.00707954$ & $0.0114541$ & $0.00320769$ & $0.0412414$ & $-0.00858051$ & $-0.0131622$ & $0.0213587$ & $0.00856465$ \\
eHZgaint & $0.015077$ & $0.0576477$ & $0.0205378$ & $-0.0317343$ & $0.0101621$ & $0.0225157$ & $-0.00987136$ & $0.000722546$ & $0.00720481$ & $-0.0614262$ & $0.011035$ & $-0.0553215$ & $-0.00617375$ & $-0.0354985$ & $-0.00380447$ & $0.017755$ & $-0.0138307$ & $-0.0188285$ & $-0.0333707$ & $-0.00984977$ & $-0.00870646$ & $-0.00331848$ & $0.00702338$ & $-0.00412243$ & $-0.0166837$ & $0.00377107$ & $0.0136106$ & $-0.0162729$ & $0.00957778$ & $-0.0233998$ & $-0.0288297$ & $-0.0254573$ & $-0.0518393$ & $0.0164414$ & $-0.0279668$ & $0.00620397$ & $0.0169648$ & $-0.00175884$ & $0.024674$ & $0.0269088$ & $1$ & $-0.00655599$ & $0.0517695$ & $-0.0627022$ & $0.00421831$ & $-0.0546509$ & $-0.0527307$ & $0.04026$ & $-0.0388003$ \\
eHZgapar & $0.0374773$ & $-0.0279019$ & $-0.0220914$ & $0.00186196$ & $0.0103032$ & $-0.0068201$ & $-0.00871803$ & $0.0326289$ & $0.0313764$ & $-0.0652245$ & $-0.0125716$ & $-0.0346281$ & $-0.00213973$ & $-0.0283625$ & $0.0145961$ & $-0.00694914$ & $-0.0367505$ & $-0.0469678$ & $-0.0359234$ & $0.00816827$ & $0.0125012$ & $0.0101162$ & $-0.00832882$ & $-0.0369368$ & $-0.0495206$ & $-0.00620793$ & $0.00708322$ & $0.0177995$ & $0.00725779$ & $0.0382942$ & $0.0194918$ & $-0.00716005$ & $0.0271932$ & $0.016404$ & $-0.0203271$ & $-0.00613712$ & $0.00370656$ & $0.0571513$ & $0.0202649$ & $0.00707954$ & $-0.00655599$ & $1$ & $0.00298926$ & $-0.0134731$ & $-0.0117374$ & $0.0109666$ & $0.0330666$ & $-0.000764526$ & $0.00818056$ \\
eHgagaint & $-0.00976765$ & $-0.00406803$ & $0.00979879$ & $-0.0445374$ & $0.0150443$ & $0.0146967$ & $-0.0121235$ & $-0.00499935$ & $0.0730737$ & $-0.0109982$ & $0.0242486$ & $0.0043803$ & $0.00216534$ & $-0.0234507$ & $-0.0473748$ & $0.0128327$ & $-0.0417026$ & $0.00244745$ & $-0.04404$ & $-0.0258932$ & $-0.0229692$ & $-0.0258882$ & $0.00335734$ & $0.00481215$ & $-0.0276304$ & $0.0290494$ & $0.0124909$ & $0.0149102$ & $0.0119506$ & $0.013836$ & $-0.0297381$ & $-0.014175$ & $-0.0130147$ & $0.0346044$ & $0.0306525$ & $-0.0030494$ & $-0.00404738$ & $-0.0342676$ & $0.00342472$ & $0.0114541$ & $0.0517695$ & $0.00298926$ & $1$ & $-0.0156198$ & $-0.0410584$ & $-0.0188003$ & $-0.0228719$ & $0.00452757$ & $-0.0512762$ \\
eHmumuint & $0.0495104$ & $0.0479802$ & $-0.0326141$ & $0.017498$ & $0.0111668$ & $0.00815072$ & $0.0212861$ & $-0.0255232$ & $-0.0263294$ & $0.0524066$ & $0.0231023$ & $0.0361657$ & $-0.0044796$ & $-0.014399$ & $0.00193361$ & $-0.0162142$ & $0.0120541$ & $-0.00281533$ & $0.0145163$ & $-0.0246141$ & $-0.0216593$ & $-0.0284893$ & $-0.00447286$ & $0.0172656$ & $-0.0143195$ & $0.0071867$ & $-0.0287847$ & $0.0207344$ & $0.00885982$ & $0.0212388$ & $0.0677521$ & $0.0260906$ & $0.0274165$ & $-0.0174992$ & $-0.00548047$ & $-0.00261053$ & $-0.0547652$ & $-0.00597808$ & $-0.0277483$ & $0.00320769$ & $-0.0627022$ & $-0.0134731$ & $-0.0156198$ & $1$ & $-0.0696439$ & $-0.00912301$ & $0.071807$ & $0.0570839$ & $-0.00270327$ \\
eHtautauint & $-0.0664133$ & $0.0753579$ & $0.0134677$ & $0.0329245$ & $-0.0365565$ & $-0.00651$ & $0.0355542$ & $-0.00997835$ & $-0.00904815$ & $0.00356647$ & $-0.00261065$ & $-0.00808429$ & $-0.000918183$ & $0.00701023$ & $0.0131465$ & $0.00477378$ & $0.0322292$ & $0.0138106$ & $0.00974939$ & $0.00573882$ & $0.000451255$ & $0.00504827$ & $0.0215347$ & $0.00032161$ & $0.0135206$ & $-0.0137551$ & $-0.0247898$ & $-0.0454744$ & $0.0124864$ & $0.100314$ & $0.0299004$ & $0.0295539$ & $0.0108905$ & $-0.00616165$ & $0.0372394$ & $-0.0340931$ & $0.0597123$ & $0.0102347$ & $-0.00331016$ & $0.0412414$ & $0.00421831$ & $-0.0117374$ & $-0.0410584$ & $-0.0696439$ & $1$ & $-0.00707072$ & $0.0565753$ & $-0.0182077$ & $0.0136944$ \\
eHccint & $0.0359096$ & $-0.00667899$ & $-0.0480221$ & $-0.00722016$ & $-0.0492869$ & $-0.0062961$ & $0.0190623$ & $-0.00508543$ & $0.00428901$ & $0.0438137$ & $-0.00074191$ & $0.0297429$ & $0.0111743$ & $0.00528653$ & $0.0294384$ & $0.0226832$ & $0.00776386$ & $-0.0103335$ & $0.000843189$ & $0.0020583$ & $-0.00395717$ & $-1.44553e-05$ & $0.0176021$ & $0.00976508$ & $0.00263751$ & $-0.0300752$ & $-0.0182339$ & $-0.00723208$ & $-0.00569679$ & $0.00448085$ & $0.0686787$ & $0.0235374$ & $-0.00328543$ & $-0.0295408$ & $-0.0187491$ & $0.00287214$ & $0.00574334$ & $0.052518$ & $-0.0275971$ & $-0.00858051$ & $-0.0546509$ & $0.0109666$ & $-0.0188003$ & $-0.00912301$ & $-0.00707072$ & $1$ & $-0.00163884$ & $0.053587$ & $-0.0186442$ \\
eHccpar & $0.0125935$ & $0.030029$ & $0.00120359$ & $0.0629134$ & $0.0386757$ & $0.00156222$ & $-0.0233865$ & $0.0371084$ & $0.0354082$ & $0.0068042$ & $-0.0501232$ & $0.0157021$ & $0.025133$ & $0.0479945$ & $0.00483258$ & $0.00991681$ & $0.0167116$ & $0.0190051$ & $0.00913851$ & $0.0502881$ & $0.0525046$ & $0.0513091$ & $0.0132485$ & $-0.00303671$ & $0.0115824$ & $-0.037624$ & $0.0198302$ & $0.025591$ & $0.00452932$ & $0.029019$ & $0.411519$ & $-0.0187917$ & $0.0239517$ & $0.0237694$ & $-0.0223276$ & $0.053572$ & $-0.0294354$ & $0.00667636$ & $-0.0172017$ & $-0.0131622$ & $-0.0527307$ & $0.0330666$ & $-0.0228719$ & $0.071807$ & $0.0565753$ & $-0.00163884$ & $1$ & $-0.0310366$ & $-0.0160685$ \\
eHbbint & $0.0537502$ & $-0.0632234$ & $-0.00880231$ & $-0.0510986$ & $-0.0258686$ & $0.0212159$ & $0.00408622$ & $-0.0131564$ & $-0.0128482$ & $0.0364701$ & $0.00173182$ & $0.0277581$ & $-0.0231097$ & $0.00634089$ & $0.0332486$ & $0.0183911$ & $0.0259302$ & $0.00186381$ & $0.00862788$ & $-0.00141247$ & $-0.00838971$ & $-0.0113728$ & $-0.0701799$ & $0.0177696$ & $-0.000995937$ & $0.0349749$ & $-0.0460287$ & $-0.00495307$ & $-0.015722$ & $0.00587959$ & $-0.0302194$ & $-0.000847879$ & $0.155941$ & $-0.0375412$ & $0.0278907$ & $0.00766071$ & $0.0290721$ & $0.00704657$ & $0.00631116$ & $0.0213587$ & $0.04026$ & $-0.000764526$ & $0.00452757$ & $0.0570839$ & $-0.0182077$ & $0.053587$ & $-0.0310366$ & $1$ & $0.00560209$ \\
eHbbpar & $-0.0499211$ & $-0.0746104$ & $-0.0759125$ & $0.00762075$ & $0.0176678$ & $-0.00617524$ & $-0.0392211$ & $0.00270767$ & $-0.00247204$ & $0.0508225$ & $-0.0299955$ & $0.0321417$ & $-0.00122469$ & $0.0475074$ & $-0.0121723$ & $0.0219572$ & $0.0567572$ & $0.0642117$ & $0.0318199$ & $0.0327283$ & $0.027692$ & $0.0221969$ & $-0.0075394$ & $0.0178416$ & $0.0710434$ & $0.0242605$ & $0.0226941$ & $-0.00596796$ & $0.00579161$ & $-0.0303277$ & $0.0240623$ & $-0.0252545$ & $0.524522$ & $0.00944908$ & $0.0103221$ & $-0.000810669$ & $0.0123042$ & $-0.0317697$ & $-0.0361834$ & $0.00856465$ & $-0.0388003$ & $0.00818056$ & $-0.0512762$ & $-0.00270327$ & $0.0136944$ & $-0.0186442$ & $-0.0160685$ & $0.00560209$ & $1$ \\
