 & AlsMz & dAle5Mz & mtop & mHl & Mz & CW & CHG & CHWB & CHWHB_gaga & CHWHB_gagaorth & CHD & CHbox & CH & CHL1_11 & CHL1_22 & CHL1_33 & CHL3_11 & CHL3_22 & CHL3_33 & CHe_11 & CHe_22 & CHe_33 & CHQ1_11 & CHQ1_33 & CHQ3_11 & CHu_11 & CHd_11 & CHd_33 & CeH_22r & CeH_33r & CuH_22r & CuH_33r & CdH_33r & CLL_1221 & eHggint & eHggpar & eHWWint & eHWWpar & eHZZint & eHZZpar & eHZgaint & eHZgapar & eHgagaint & eHmumuint & eHtautauint & eHccint & eHccpar & eHbbint & eHbbpar \\
AlsMz & $1$ & $-0.175081$ & $-0.00559191$ & $0.162094$ & $-0.0190657$ & $-0.00497445$ & $0.000121156$ & $0.0227262$ & $0.0172441$ & $0.00185261$ & $-0.0335541$ & $-0.033333$ & $-0.0334985$ & $0.0146697$ & $0.0130424$ & $-0.00445171$ & $0.0160689$ & $0.00067396$ & $0.0176586$ & $0.0186758$ & $0.022386$ & $0.0237966$ & $-0.0149011$ & $-0.0417598$ & $-0.0884661$ & $-0.0241838$ & $-0.00120736$ & $0.0446068$ & $-0.00306768$ & $-0.0307466$ & $0.03657$ & $0.00734151$ & $0.0336032$ & $0.00322336$ & $0.0476243$ & $0.0570224$ & $-0.00527322$ & $0.0221818$ & $-0.0233536$ & $-0.0239296$ & $0.0587683$ & $-0.0231716$ & $-0.00157149$ & $-0.0323767$ & $0.0748568$ & $0.0146039$ & $0.150926$ & $0.111098$ & $0.069075$ \\
dAle5Mz & $-0.175081$ & $1$ & $-0.065167$ & $-0.0136138$ & $0.0418749$ & $0.000966272$ & $0.0172206$ & $-0.117376$ & $-0.114818$ & $0.0309841$ & $0.0985383$ & $-0.0190483$ & $-0.0226852$ & $-0.0235772$ & $-0.034087$ & $-0.00950207$ & $0.0319558$ & $0.039982$ & $0.0232364$ & $-0.0756824$ & $-0.077652$ & $-0.0747007$ & $0.0106375$ & $0.0531476$ & $0.0575859$ & $0.0498476$ & $-0.0233259$ & $-0.0278669$ & $-0.0290368$ & $-0.00329248$ & $-0.0126721$ & $0.0141939$ & $-0.0522663$ & $-0.00973655$ & $-0.0089742$ & $-0.04388$ & $0.0865428$ & $0.0438661$ & $0.130723$ & $0.00712022$ & $0.0487552$ & $-0.00511545$ & $-0.00781419$ & $0.0646804$ & $0.0824251$ & $0.0280209$ & $0.0113421$ & $-0.0552415$ & $-0.0501766$ \\
mtop & $-0.00559191$ & $-0.065167$ & $1$ & $0.00839284$ & $0.0100398$ & $0.022012$ & $0.00100627$ & $0.0124958$ & $0.012704$ & $-0.0241249$ & $0.0153645$ & $-0.00278235$ & $0.0028348$ & $-0.0288312$ & $-0.01258$ & $-0.0163334$ & $-0.0388691$ & $-0.0292807$ & $-0.0257404$ & $-0.01385$ & $-0.00681828$ & $-0.00836508$ & $-0.0217304$ & $-0.0206808$ & $-0.0319836$ & $0.0225647$ & $0.0123491$ & $-0.000121294$ & $0.00802036$ & $0.0136147$ & $0.0131297$ & $-0.00265503$ & $-0.0440507$ & $0.0166094$ & $-0.0494298$ & $0.0498084$ & $-0.0498879$ & $0.00158839$ & $0.11536$ & $-0.0499778$ & $-0.00318563$ & $0.00349163$ & $0.0302188$ & $-0.0353961$ & $0.0261639$ & $-0.0203252$ & $0.0414619$ & $-0.111492$ & $-0.0754535$ \\
mHl & $0.162094$ & $-0.0136138$ & $0.00839284$ & $1$ & $0.00806821$ & $-0.00352646$ & $-0.00372574$ & $0.0153322$ & $0.0267424$ & $-0.0226894$ & $-0.000809065$ & $0.00811241$ & $0.00501564$ & $-0.0368915$ & $0.00601751$ & $-0.0204109$ & $-0.0164038$ & $-0.0326094$ & $-0.0113787$ & $-0.00156029$ & $0.00284436$ & $0.00461242$ & $-0.000811003$ & $-0.0358569$ & $-0.0275988$ & $0.000701989$ & $0.0255417$ & $0.0024061$ & $-0.01923$ & $-0.0571593$ & $-0.0214155$ & $0.000117367$ & $-0.0110514$ & $0.0133959$ & $0.0455751$ & $0.148111$ & $0.104865$ & $0.0181739$ & $-0.0666862$ & $-0.0436344$ & $0.0719986$ & $-0.0224028$ & $0.172257$ & $0.0577355$ & $-0.186856$ & $0.0535754$ & $-0.0169469$ & $0.0178284$ & $0.0121744$ \\
Mz & $-0.0190657$ & $0.0418749$ & $0.0100398$ & $0.00806821$ & $1$ & $-0.00497976$ & $0.0108034$ & $0.010628$ & $0.00896761$ & $0.00470806$ & $0.000856847$ & $-0.0115821$ & $-0.00334783$ & $-0.00132137$ & $0.00321544$ & $-0.00352609$ & $-0.00721193$ & $-0.0115555$ & $-0.00680379$ & $0.00474518$ & $0.00926819$ & $0.00627663$ & $0.0220497$ & $-0.0102159$ & $-0.00170116$ & $-0.0101277$ & $0.0206096$ & $-0.000642947$ & $0.0165673$ & $-0.00677702$ & $-0.0104895$ & $0.00968063$ & $-0.010392$ & $0.00749112$ & $-0.0335413$ & $0.0302086$ & $0.0156249$ & $0.013015$ & $0.016441$ & $0.00785532$ & $-0.0107896$ & $0.00814303$ & $-0.0255316$ & $0.0159547$ & $0.0102621$ & $0.00474945$ & $0.00785264$ & $-0.00729276$ & $-0.0105403$ \\
CW & $-0.00497445$ & $0.000966272$ & $0.022012$ & $-0.00352646$ & $-0.00497976$ & $1$ & $0.0216149$ & $-0.130118$ & $-0.129806$ & $0.0269556$ & $0.199706$ & $-0.00677067$ & $-0.036823$ & $-0.00218569$ & $-0.0967498$ & $-0.110201$ & $-0.255518$ & $-0.0527833$ & $-0.0454425$ & $-0.198313$ & $-0.199832$ & $-0.198269$ & $0.000592535$ & $-0.0011864$ & $-0.0833863$ & $0.117941$ & $-0.0577365$ & $-0.0673729$ & $-0.0186135$ & $-0.0412053$ & $-0.0161776$ & $0.0163521$ & $-0.0522444$ & $-0.112842$ & $0.00527583$ & $-0.013381$ & $0.0218823$ & $0.0281247$ & $0.0266985$ & $0.0128592$ & $0.0162533$ & $0.00624172$ & $0.00507474$ & $0.0264783$ & $-0.0190714$ & $0.00636016$ & $-0.0040413$ & $-0.00674778$ & $-0.0242931$ \\
CHG & $0.000121156$ & $0.0172206$ & $0.00100627$ & $-0.00372574$ & $0.0108034$ & $0.0216149$ & $1$ & $-0.0831005$ & $-0.0282289$ & $0.100051$ & $0.072821$ & $-0.320375$ & $-0.424978$ & $-0.00597863$ & $-0.0326572$ & $-0.0314857$ & $0.0241618$ & $0.0423271$ & $0.039991$ & $-0.0722652$ & $-0.0727218$ & $-0.0683899$ & $-0.00598599$ & $0.0577705$ & $0.0281848$ & $0.0459388$ & $-0.0409409$ & $-0.0157005$ & $-0.0118116$ & $-0.196869$ & $-0.141915$ & $0.941218$ & $-0.243901$ & $-0.0401758$ & $-0.0105319$ & $0.00108099$ & $0.0270625$ & $0.0307797$ & $-0.0178509$ & $-0.00705681$ & $0.0132699$ & $-0.00986686$ & $0.0181252$ & $0.0206474$ & $-0.0114638$ & $-0.0200027$ & $-0.0411024$ & $-0.00878541$ & $-0.00577169$ \\
CHWB & $0.0227262$ & $-0.117376$ & $0.0124958$ & $0.0153322$ & $0.010628$ & $-0.130118$ & $-0.0831005$ & $1$ & $0.983545$ & $-0.571102$ & $-0.869592$ & $0.0272679$ & $0.191237$ & $0.0523742$ & $0.300175$ & $0.298724$ & $-0.280907$ & $-0.462181$ & $-0.468147$ & $0.842171$ & $0.888382$ & $0.871076$ & $0.0700652$ & $-0.689774$ & $-0.430234$ & $-0.509945$ & $0.44384$ & $0.303499$ & $0.0194505$ & $0.071599$ & $0.0319827$ & $-0.0821196$ & $0.0884375$ & $0.579539$ & $-0.0197823$ & $-0.00419781$ & $-0.000227271$ & $-0.0401391$ & $-0.0516989$ & $-0.0412857$ & $-0.0164868$ & $0.0226962$ & $-0.00955735$ & $-0.084468$ & $-0.0175716$ & $0.0238571$ & $-0.00779964$ & $0.025511$ & $-0.00108807$ \\
CHWHB_gaga & $0.0172441$ & $-0.114818$ & $0.012704$ & $0.0267424$ & $0.00896761$ & $-0.129806$ & $-0.0282289$ & $0.983545$ & $1$ & $-0.564627$ & $-0.853986$ & $0.0388335$ & $0.179176$ & $0.0484356$ & $0.294343$ & $0.294329$ & $-0.278754$ & $-0.456289$ & $-0.463675$ & $0.827236$ & $0.872424$ & $0.855282$ & $0.0668542$ & $-0.679533$ & $-0.424213$ & $-0.497595$ & $0.437536$ & $0.298776$ & $0.0253102$ & $0.0909214$ & $0.037474$ & $-0.0334593$ & $0.107871$ & $0.570817$ & $-0.0340694$ & $-0.00562073$ & $-2.77733e-05$ & $-0.034717$ & $-0.0636005$ & $-0.0418969$ & $-0.0104928$ & $0.0179806$ & $0.0530523$ & $-0.0801923$ & $-0.0148708$ & $0.0214369$ & $-0.0147107$ & $0.0326776$ & $-0.000364343$ \\
CHWHB_gagaorth & $0.00185261$ & $0.0309841$ & $-0.0241249$ & $-0.0226894$ & $0.00470806$ & $0.0269556$ & $0.100051$ & $-0.571102$ & $-0.564627$ & $1$ & $0.383355$ & $0.077189$ & $-0.252108$ & $0.188014$ & $-0.137093$ & $-0.142303$ & $0.378853$ & $0.444083$ & $0.452139$ & $-0.372197$ & $-0.39974$ & $-0.39355$ & $-0.0566675$ & $0.518144$ & $0.434784$ & $0.233237$ & $-0.246478$ & $-0.137817$ & $-0.0185229$ & $-0.197141$ & $-0.0689736$ & $0.100815$ & $-0.201394$ & $-0.355289$ & $0.0545491$ & $-0.000975455$ & $0.011404$ & $0.000875735$ & $0.0277772$ & $0.0226502$ & $-0.0252398$ & $-0.0129719$ & $-0.0156598$ & $0.0368795$ & $0.00844004$ & $-0.034251$ & $0.016456$ & $-0.0208561$ & $0.0243369$ \\
CHD & $-0.0335541$ & $0.0985383$ & $0.0153645$ & $-0.000809065$ & $0.000856847$ & $0.199706$ & $0.072821$ & $-0.869592$ & $-0.853986$ & $0.383355$ & $1$ & $0.00749723$ & $-0.162261$ & $-0.495053$ & $-0.426565$ & $-0.427374$ & $-0.197776$ & $0.0701303$ & $0.0782$ & $-0.990822$ & $-0.991257$ & $-0.970935$ & $-0.0170585$ & $0.307992$ & $0.0262985$ & $0.577042$ & $-0.302938$ & $-0.341079$ & $-0.00966855$ & $-0.0851715$ & $-0.0432776$ & $0.0729737$ & $-0.0965462$ & $-0.3741$ & $0.0167119$ & $0.00359161$ & $-0.00337393$ & $0.0532567$ & $0.0473532$ & $0.0431489$ & $0.00536113$ & $-0.00645588$ & $0.0244814$ & $0.0841505$ & $0.0130971$ & $-0.021089$ & $-0.00667625$ & $-0.0186398$ & $0.00281066$ \\
CHbox & $-0.033333$ & $-0.0190483$ & $-0.00278235$ & $0.00811241$ & $-0.0115821$ & $-0.00677067$ & $-0.320375$ & $0.0272679$ & $0.0388335$ & $0.077189$ & $0.00749723$ & $1$ & $0.75427$ & $-0.074129$ & $0.0439652$ & $0.0403274$ & $-0.0700578$ & $-0.0887965$ & $-0.0857486$ & $0.00196698$ & $-0.0108169$ & $-0.0124497$ & $0.00325107$ & $-0.0457746$ & $-0.0713159$ & $0.002976$ & $-0.0173435$ & $-0.00544678$ & $0.0908697$ & $0.450422$ & $0.188802$ & $-0.225865$ & $0.522596$ & $-0.0144278$ & $0.0632548$ & $0.0518721$ & $0.0107006$ & $-0.00050441$ & $0.0133194$ & $-0.0159478$ & $-0.00849653$ & $0.0146398$ & $0.00147662$ & $0.00931267$ & $-0.0120707$ & $0.0036572$ & $0.00390349$ & $0.00624561$ & $0.0341558$ \\
CH & $-0.0334985$ & $-0.0226852$ & $0.0028348$ & $0.00501564$ & $-0.00334783$ & $-0.036823$ & $-0.424978$ & $0.191237$ & $0.179176$ & $-0.252108$ & $-0.162261$ & $0.75427$ & $1$ & $-0.00432255$ & $0.0730533$ & $0.0689008$ & $-0.0573625$ & $-0.104208$ & $-0.101318$ & $0.160734$ & $0.165854$ & $0.160179$ & $0.0184533$ & $-0.133723$ & $-0.0866118$ & $-0.0928157$ & $0.0791837$ & $0.0548407$ & $0.081147$ & $0.381593$ & $0.200007$ & $-0.383374$ & $0.440424$ & $0.100513$ & $-0.0124261$ & $0.0181093$ & $0.0205619$ & $-0.0288763$ & $0.00234277$ & $-0.0206135$ & $-0.00321763$ & $0.019553$ & $0.00610595$ & $-0.0366138$ & $-0.0121499$ & $0.0285641$ & $0.000208978$ & $0.0260196$ & $0.0159188$ \\
CHL1_11 & $0.0146697$ & $-0.0235772$ & $-0.0288312$ & $-0.0368915$ & $-0.00132137$ & $-0.00218569$ & $-0.00597863$ & $0.0523742$ & $0.0484356$ & $0.188014$ & $-0.495053$ & $-0.074129$ & $-0.00432255$ & $1$ & $0.262886$ & $0.269674$ & $0.697396$ & $0.633117$ & $0.626977$ & $0.512185$ & $0.454183$ & $0.442967$ & $-0.0614787$ & $0.502978$ & $0.634764$ & $-0.281496$ & $-0.111614$ & $0.15381$ & $-0.00935383$ & $0.0422483$ & $0.0264652$ & $-0.0125378$ & $0.0316279$ & $-0.230732$ & $-0.00651323$ & $-0.0105438$ & $0.00701268$ & $-0.0321925$ & $0.000253131$ & $-0.00678598$ & $0.0161876$ & $-0.0188072$ & $-0.0285124$ & $-0.0196547$ & $-0.00643676$ & $0.00282488$ & $0.0233849$ & $-0.00589052$ & $-0.00344167$ \\
CHL1_22 & $0.0130424$ & $-0.034087$ & $-0.01258$ & $0.00601751$ & $0.00321544$ & $-0.0967498$ & $-0.0326572$ & $0.300175$ & $0.294343$ & $-0.137093$ & $-0.426565$ & $0.0439652$ & $0.0730533$ & $0.262886$ & $1$ & $0.456941$ & $0.155335$ & $-0.422037$ & $-0.0384662$ & $0.491666$ & $0.343297$ & $0.337789$ & $-0.169127$ & $0.0934245$ & $-0.130498$ & $-0.212434$ & $-0.388729$ & $0.132235$ & $-0.00513767$ & $0.0417091$ & $0.0230713$ & $-0.0247396$ & $0.0461584$ & $-0.574074$ & $-0.00465545$ & $0.0114671$ & $-0.00870735$ & $-0.0370317$ & $-0.0167838$ & $-0.0338064$ & $0.00652101$ & $0.00175351$ & $-0.0325069$ & $-0.0453699$ & $-0.00244846$ & $-0.0122542$ & $0.0163685$ & $-0.0173059$ & $-0.0149706$ \\
CHL1_33 & $-0.00445171$ & $-0.00950207$ & $-0.0163334$ & $-0.0204109$ & $-0.00352609$ & $-0.110201$ & $-0.0314857$ & $0.298724$ & $0.294329$ & $-0.142303$ & $-0.427374$ & $0.0403274$ & $0.0689008$ & $0.269674$ & $0.456941$ & $1$ & $0.160516$ & $-0.025866$ & $-0.405592$ & $0.489257$ & $0.347573$ & $0.369716$ & $-0.153125$ & $0.0978682$ & $-0.120554$ & $-0.220991$ & $-0.376103$ & $0.120911$ & $0.00316024$ & $0.0364128$ & $0.0293963$ & $-0.0259085$ & $0.0426252$ & $-0.0956026$ & $-0.000685956$ & $0.0411927$ & $-0.0123779$ & $-0.00712328$ & $-0.0102926$ & $-0.0135002$ & $0.00660567$ & $0.00995186$ & $-0.0126904$ & $-0.0434273$ & $0.00791127$ & $0.00249114$ & $0.0109199$ & $-0.0229015$ & $-0.015427$ \\
CHL3_11 & $0.0160689$ & $0.0319558$ & $-0.0388691$ & $-0.0164038$ & $-0.00721193$ & $-0.255518$ & $0.0241618$ & $-0.280907$ & $-0.278754$ & $0.378853$ & $-0.197776$ & $-0.0700578$ & $-0.0573625$ & $0.697396$ & $0.155335$ & $0.160516$ & $1$ & $0.767982$ & $0.763758$ & $0.219287$ & $0.162694$ & $0.156048$ & $-0.0782258$ & $0.707588$ & $0.801321$ & $-0.101414$ & $-0.189357$ & $0.0598645$ & $-0.0178058$ & $0.0246552$ & $0.0186775$ & $0.0227858$ & $0.0180858$ & $-0.282619$ & $0.00660399$ & $0.00633999$ & $0.00855268$ & $-0.025517$ & $0.00529588$ & $-0.00661773$ & $0.0114067$ & $-0.0363359$ & $-0.0155056$ & $0.000887239$ & $0.0140346$ & $-0.00417645$ & $0.0215376$ & $-0.0113565$ & $0.000634447$ \\
CHL3_22 & $0.00067396$ & $0.039982$ & $-0.0292807$ & $-0.0326094$ & $-0.0115555$ & $-0.0527833$ & $0.0423271$ & $-0.462181$ & $-0.456289$ & $0.444083$ & $0.0701303$ & $-0.0887965$ & $-0.104208$ & $0.633117$ & $-0.422037$ & $-0.025866$ & $0.767982$ & $1$ & $0.716307$ & $-0.0728651$ & $-0.0691154$ & $-0.0676958$ & $0.00506905$ & $0.659543$ & $0.819341$ & $0.0327149$ & $-0.041047$ & $-0.0298566$ & $-0.0116111$ & $-0.00489318$ & $0.00524578$ & $0.0355658$ & $-0.0182905$ & $-0.0206421$ & $0.00896347$ & $-0.00349611$ & $0.00844216$ & $0.00266451$ & $0.0212371$ & $0.0203915$ & $0.0147436$ & $-0.0312697$ & $-0.00376957$ & $0.0319077$ & $0.00839009$ & $0.00153333$ & $0.0156022$ & $-0.00585056$ & $0.00359867$ \\
CHL3_33 & $0.0176586$ & $0.0232364$ & $-0.0257404$ & $-0.0113787$ & $-0.00680379$ & $-0.0454425$ & $0.039991$ & $-0.468147$ & $-0.463675$ & $0.452139$ & $0.0782$ & $-0.0857486$ & $-0.101318$ & $0.626977$ & $-0.0384662$ & $-0.405592$ & $0.763758$ & $0.716307$ & $1$ & $-0.079274$ & $-0.0778181$ & $-0.0764809$ & $-0.00584166$ & $0.657777$ & $0.817785$ & $0.0442197$ & $-0.0451222$ & $-0.024603$ & $-0.0197375$ & $-0.00180713$ & $-0.00330275$ & $0.033844$ & $-0.0144969$ & $-0.368265$ & $0.00488495$ & $-0.0247197$ & $0.0136473$ & $-0.0170642$ & $0.0137422$ & $0.00413778$ & $0.0110717$ & $-0.0344794$ & $-0.0182634$ & $0.0296788$ & $0.000873144$ & $-0.0088988$ & $0.0143085$ & $0.000879516$ & $0.00795391$ \\
CHe_11 & $0.0186758$ & $-0.0756824$ & $-0.01385$ & $-0.00156029$ & $0.00474518$ & $-0.198313$ & $-0.0722652$ & $0.842171$ & $0.827236$ & $-0.372197$ & $-0.990822$ & $0.00196698$ & $0.160734$ & $0.512185$ & $0.491666$ & $0.489257$ & $0.219287$ & $-0.0728651$ & $-0.079274$ & $1$ & $0.973478$ & $0.954727$ & $-0.00623522$ & $-0.257968$ & $-0.0194972$ & $-0.568053$ & $0.229456$ & $0.33495$ & $0.00993866$ & $0.0863883$ & $0.0448024$ & $-0.0708773$ & $0.0947641$ & $0.296862$ & $-0.0157533$ & $-0.00203509$ & $0.00227532$ & $-0.0529469$ & $-0.041948$ & $-0.0448321$ & $-0.00191749$ & $0.00583512$ & $-0.028869$ & $-0.0820295$ & $-0.0135258$ & $0.0178537$ & $0.00889531$ & $0.0150314$ & $-0.0100592$ \\
CHe_22 & $0.022386$ & $-0.077652$ & $-0.00681828$ & $0.00284436$ & $0.00926819$ & $-0.199832$ & $-0.0727218$ & $0.888382$ & $0.872424$ & $-0.39974$ & $-0.991257$ & $-0.0108169$ & $0.165854$ & $0.454183$ & $0.343297$ & $0.347573$ & $0.162694$ & $-0.0691154$ & $-0.0778181$ & $0.973478$ & $1$ & $0.975355$ & $0.0435776$ & $-0.36387$ & $-0.0346583$ & $-0.576986$ & $0.384176$ & $0.341184$ & $0.0107263$ & $0.0846548$ & $0.0402638$ & $-0.0735639$ & $0.0951962$ & $0.460455$ & $-0.0174245$ & $-0.00866327$ & $0.00750521$ & $-0.0515016$ & $-0.0436212$ & $-0.0432251$ & $-0.0076424$ & $0.00679752$ & $-0.0206307$ & $-0.0817194$ & $-0.0119633$ & $0.024161$ & $0.00325805$ & $0.0225456$ & $-0.00255405$ \\
CHe_33 & $0.0237966$ & $-0.0747007$ & $-0.00836508$ & $0.00461242$ & $0.00627663$ & $-0.198269$ & $-0.0683899$ & $0.871076$ & $0.855282$ & $-0.39355$ & $-0.970935$ & $-0.0124497$ & $0.160179$ & $0.442967$ & $0.337789$ & $0.369716$ & $0.156048$ & $-0.0676958$ & $-0.0764809$ & $0.954727$ & $0.975355$ & $1$ & $0.0389763$ & $-0.356642$ & $-0.0360594$ & $-0.563368$ & $0.372664$ & $0.334358$ & $0.00995796$ & $0.0800514$ & $0.0364128$ & $-0.0704658$ & $0.0928771$ & $0.452731$ & $-0.0183806$ & $-0.00719791$ & $0.00785102$ & $-0.0480119$ & $-0.0494296$ & $-0.0430559$ & $-0.0108406$ & $0.00513606$ & $-0.0213992$ & $-0.0800775$ & $-0.0124074$ & $0.0244631$ & $-2.21302e-07$ & $0.0199962$ & $0.00433437$ \\
CHQ1_11 & $-0.0149011$ & $0.0106375$ & $-0.0217304$ & $-0.000811003$ & $0.0220497$ & $0.000592535$ & $-0.00598599$ & $0.0700652$ & $0.0668542$ & $-0.0566675$ & $-0.0170585$ & $0.00325107$ & $0.0184533$ & $-0.0614787$ & $-0.169127$ & $-0.153125$ & $-0.0782258$ & $0.00506905$ & $-0.00584166$ & $-0.00623522$ & $0.0435776$ & $0.0389763$ & $1$ & $-0.13577$ & $0.0607374$ & $-0.668269$ & $0.32497$ & $-0.00188011$ & $0.0264595$ & $-0.000882516$ & $0.0042857$ & $-0.00605933$ & $0.00481439$ & $0.1975$ & $0.0230372$ & $-0.00324493$ & $0.00757807$ & $-0.00299763$ & $0.0165176$ & $0.00557237$ & $-0.00749896$ & $-0.00561641$ & $-0.00504774$ & $-0.0147621$ & $-0.0136307$ & $0.0132178$ & $-0.00824069$ & $-0.00731627$ & $-0.0034169$ \\
CHQ1_33 & $-0.0417598$ & $0.0531476$ & $-0.0206808$ & $-0.0358569$ & $-0.0102159$ & $-0.0011864$ & $0.0577705$ & $-0.689774$ & $-0.679533$ & $0.518144$ & $0.307992$ & $-0.0457746$ & $-0.133723$ & $0.502978$ & $0.0934245$ & $0.0978682$ & $0.707588$ & $0.659543$ & $0.657777$ & $-0.257968$ & $-0.36387$ & $-0.356642$ & $-0.13577$ & $1$ & $0.670124$ & $0.200948$ & $-0.446284$ & $-0.028397$ & $-0.0202685$ & $-0.017014$ & $-0.00930853$ & $0.0565104$ & $-0.036653$ & $-0.641908$ & $0.011522$ & $0.00425269$ & $0.0066431$ & $0.00531414$ & $0.0283436$ & $0.0211477$ & $0.0220747$ & $-0.0323357$ & $-0.0141564$ & $0.0362774$ & $0.00379993$ & $-0.0245511$ & $0.0111143$ & $-0.0254371$ & $-0.00749219$ \\
CHQ3_11 & $-0.0884661$ & $0.0575859$ & $-0.0319836$ & $-0.0275988$ & $-0.00170116$ & $-0.0833863$ & $0.0281848$ & $-0.430234$ & $-0.424213$ & $0.434784$ & $0.0262985$ & $-0.0713159$ & $-0.0866118$ & $0.634764$ & $-0.130498$ & $-0.120554$ & $0.801321$ & $0.819341$ & $0.817785$ & $-0.0194972$ & $-0.0346583$ & $-0.0360594$ & $0.0607374$ & $0.670124$ & $1$ & $0.0263609$ & $0.153206$ & $-0.0148422$ & $-0.017652$ & $-0.0018702$ & $-0.00511564$ & $0.0201049$ & $-0.0140906$ & $-0.231321$ & $0.00237099$ & $-0.00756777$ & $0.0298489$ & $-0.0017164$ & $0.00956695$ & $0.0115032$ & $0.0298743$ & $-0.0392215$ & $-0.00541564$ & $0.021778$ & $-0.00971905$ & $-0.00547789$ & $-0.00915686$ & $-0.0186781$ & $-0.00479713$ \\
CHu_11 & $-0.0241838$ & $0.0498476$ & $0.0225647$ & $0.000701989$ & $-0.0101277$ & $0.117941$ & $0.0459388$ & $-0.509945$ & $-0.497595$ & $0.233237$ & $0.577042$ & $0.002976$ & $-0.0928157$ & $-0.281496$ & $-0.212434$ & $-0.220991$ & $-0.101414$ & $0.0327149$ & $0.0442197$ & $-0.568053$ & $-0.576986$ & $-0.563368$ & $-0.668269$ & $0.200948$ & $0.0263609$ & $1$ & $-0.163477$ & $-0.190442$ & $-0.0178679$ & $-0.0486152$ & $-0.0288301$ & $0.0416677$ & $-0.0613048$ & $-0.250638$ & $-0.00162616$ & $0.00155173$ & $0.002611$ & $0.0453145$ & $0.0116017$ & $0.017444$ & $0.00899703$ & $-0.0101008$ & $0.0255094$ & $0.0463528$ & $0.0204901$ & $-0.014647$ & $-0.00991959$ & $-0.00264688$ & $0.00072746$ \\
CHd_11 & $-0.00120736$ & $-0.0233259$ & $0.0123491$ & $0.0255417$ & $0.0206096$ & $-0.0577365$ & $-0.0409409$ & $0.44384$ & $0.437536$ & $-0.246478$ & $-0.302938$ & $-0.0173435$ & $0.0791837$ & $-0.111614$ & $-0.388729$ & $-0.376103$ & $-0.189357$ & $-0.041047$ & $-0.0451222$ & $0.229456$ & $0.384176$ & $0.372664$ & $0.32497$ & $-0.446284$ & $0.153206$ & $-0.163477$ & $1$ & $0.111808$ & $0.0120082$ & $0.0159329$ & $-0.00728206$ & $-0.050224$ & $0.0282956$ & $0.696846$ & $-0.00925761$ & $-0.0172415$ & $0.0414484$ & $0.00527732$ & $-0.0329545$ & $-0.010441$ & $0.0103595$ & $-0.00737974$ & $0.0188087$ & $-0.036982$ & $-0.0209282$ & $0.0229081$ & $-0.0347623$ & $0.0292458$ & $0.00784255$ \\
CHd_33 & $0.0446068$ & $-0.0278669$ & $-0.000121294$ & $0.0024061$ & $-0.000642947$ & $-0.0673729$ & $-0.0157005$ & $0.303499$ & $0.298776$ & $-0.137817$ & $-0.341079$ & $-0.00544678$ & $0.0548407$ & $0.15381$ & $0.132235$ & $0.120911$ & $0.0598645$ & $-0.0298566$ & $-0.024603$ & $0.33495$ & $0.341184$ & $0.334358$ & $-0.00188011$ & $-0.028397$ & $-0.0148422$ & $-0.190442$ & $0.111808$ & $1$ & $0.00821707$ & $0.0271707$ & $-0.00182682$ & $-0.0161611$ & $0.0243301$ & $0.146205$ & $-0.00990259$ & $-0.0133717$ & $0.0122456$ & $-0.0351426$ & $-0.0369807$ & $-0.0236935$ & $-0.0058583$ & $-0.00338902$ & $-0.00749965$ & $-0.0286437$ & $-0.0173909$ & $0.0204215$ & $-0.0205309$ & $0.0152971$ & $-0.00815958$ \\
CeH_22r & $-0.00306768$ & $-0.0290368$ & $0.00802036$ & $-0.01923$ & $0.0165673$ & $-0.0186135$ & $-0.0118116$ & $0.0194505$ & $0.0253102$ & $-0.0185229$ & $-0.00966855$ & $0.0908697$ & $0.081147$ & $-0.00935383$ & $-0.00513767$ & $0.00316024$ & $-0.0178058$ & $-0.0116111$ & $-0.0197375$ & $0.00993866$ & $0.0107263$ & $0.00995796$ & $0.0264595$ & $-0.0202685$ & $-0.017652$ & $-0.0178679$ & $0.0120082$ & $0.00821707$ & $1$ & $0.0651465$ & $0.0398052$ & $-0.0156694$ & $0.0778566$ & $0.0200022$ & $-0.0331498$ & $-0.00435869$ & $-0.017696$ & $0.00656011$ & $-0.00774675$ & $-0.0225694$ & $-0.00944481$ & $-0.0116474$ & $0.00473927$ & $0.0127514$ & $-0.024805$ & $-0.00240377$ & $-0.00677057$ & $-0.00587969$ & $0.0130939$ \\
CeH_33r & $-0.0307466$ & $-0.00329248$ & $0.0136147$ & $-0.0571593$ & $-0.00677702$ & $-0.0412053$ & $-0.196869$ & $0.071599$ & $0.0909214$ & $-0.197141$ & $-0.0851715$ & $0.450422$ & $0.381593$ & $0.0422483$ & $0.0417091$ & $0.0364128$ & $0.0246552$ & $-0.00489318$ & $-0.00180713$ & $0.0863883$ & $0.0846548$ & $0.0800514$ & $-0.000882516$ & $-0.017014$ & $-0.0018702$ & $-0.0486152$ & $0.0159329$ & $0.0271707$ & $0.0651465$ & $1$ & $0.343511$ & $-0.0488958$ & $0.676422$ & $0.0266467$ & $-0.0535819$ & $-0.0187024$ & $-0.144908$ & $-0.0269104$ & $-0.030856$ & $-0.0136347$ & $0.00569128$ & $0.0099024$ & $0.000945085$ & $0.0133259$ & $0.0622132$ & $-0.0189327$ & $0.0197571$ & $-0.0020819$ & $-0.00489803$ \\
CuH_22r & $0.03657$ & $-0.0126721$ & $0.0131297$ & $-0.0214155$ & $-0.0104895$ & $-0.0161776$ & $-0.141915$ & $0.0319827$ & $0.037474$ & $-0.0689736$ & $-0.0432776$ & $0.188802$ & $0.200007$ & $0.0264652$ & $0.0230713$ & $0.0293963$ & $0.0186775$ & $0.00524578$ & $-0.00330275$ & $0.0448024$ & $0.0402638$ & $0.0364128$ & $0.0042857$ & $-0.00930853$ & $-0.00511564$ & $-0.0288301$ & $-0.00728206$ & $-0.00182682$ & $0.0398052$ & $0.343511$ & $1$ & $-0.0545926$ & $0.403177$ & $0.0086407$ & $-0.00715996$ & $-0.0030553$ & $-0.147217$ & $-0.0461033$ & $0.04211$ & $-0.0277911$ & $-0.0248979$ & $-0.00839882$ & $-0.0411141$ & $0.00504294$ & $0.0433725$ & $0.0352947$ & $0.369805$ & $-0.0251037$ & $0.0789836$ \\
CuH_33r & $0.00734151$ & $0.0141939$ & $-0.00265503$ & $0.000117367$ & $0.00968063$ & $0.0163521$ & $0.941218$ & $-0.0821196$ & $-0.0334593$ & $0.100815$ & $0.0729737$ & $-0.225865$ & $-0.383374$ & $-0.0125378$ & $-0.0247396$ & $-0.0259085$ & $0.0227858$ & $0.0355658$ & $0.033844$ & $-0.0708773$ & $-0.0735639$ & $-0.0704658$ & $-0.00605933$ & $0.0565104$ & $0.0201049$ & $0.0416677$ & $-0.050224$ & $-0.0161611$ & $-0.0156694$ & $-0.0488958$ & $-0.0545926$ & $1$ & $-0.0701831$ & $-0.0448623$ & $0.0634577$ & $0.0340677$ & $-0.00513238$ & $0.0303804$ & $-0.00032691$ & $-0.00204475$ & $0.0113612$ & $-0.0153269$ & $0.0178704$ & $0.0327587$ & $-0.00760839$ & $-0.0309078$ & $-0.0366038$ & $-0.0106714$ & $-0.00121125$ \\
CdH_33r & $0.0336032$ & $-0.0522663$ & $-0.0440507$ & $-0.0110514$ & $-0.010392$ & $-0.0522444$ & $-0.243901$ & $0.0884375$ & $0.107871$ & $-0.201394$ & $-0.0965462$ & $0.522596$ & $0.440424$ & $0.0316279$ & $0.0461584$ & $0.0426252$ & $0.0180858$ & $-0.0182905$ & $-0.0144969$ & $0.0947641$ & $0.0951962$ & $0.0928771$ & $0.00481439$ & $-0.036653$ & $-0.0140906$ & $-0.0613048$ & $0.0282956$ & $0.0243301$ & $0.0778566$ & $0.676422$ & $0.403177$ & $-0.0701831$ & $1$ & $0.0373413$ & $-0.0286779$ & $-0.0232682$ & $-0.182197$ & $-0.0237453$ & $-0.0222606$ & $-0.00684323$ & $-0.0484762$ & $0.00863855$ & $-0.00259088$ & $-0.00663018$ & $0.0364065$ & $0.00122615$ & $0.094647$ & $0.183303$ & $0.441233$ \\
CLL_1221 & $0.00322336$ & $-0.00973655$ & $0.0166094$ & $0.0133959$ & $0.00749112$ & $-0.112842$ & $-0.0401758$ & $0.579539$ & $0.570817$ & $-0.355289$ & $-0.3741$ & $-0.0144278$ & $0.100513$ & $-0.230732$ & $-0.574074$ & $-0.0956026$ & $-0.282619$ & $-0.0206421$ & $-0.368265$ & $0.296862$ & $0.460455$ & $0.452731$ & $0.1975$ & $-0.641908$ & $-0.231321$ & $-0.250638$ & $0.696846$ & $0.146205$ & $0.0200022$ & $0.0266467$ & $0.0086407$ & $-0.0448623$ & $0.0373413$ & $1$ & $-0.0110089$ & $-0.00959889$ & $0.0114452$ & $-0.00129911$ & $-0.0240027$ & $-0.00811578$ & $-0.0201363$ & $0.0128655$ & $0.0234814$ & $-0.0316255$ & $-0.00200202$ & $0.0330315$ & $-0.019499$ & $0.0301237$ & $0.00905813$ \\
eHggint & $0.0476243$ & $-0.0089742$ & $-0.0494298$ & $0.0455751$ & $-0.0335413$ & $0.00527583$ & $-0.0105319$ & $-0.0197823$ & $-0.0340694$ & $0.0545491$ & $0.0167119$ & $0.0632548$ & $-0.0124261$ & $-0.00651323$ & $-0.00465545$ & $-0.000685956$ & $0.00660399$ & $0.00896347$ & $0.00488495$ & $-0.0157533$ & $-0.0174245$ & $-0.0183806$ & $0.0230372$ & $0.011522$ & $0.00237099$ & $-0.00162616$ & $-0.00925761$ & $-0.00990259$ & $-0.0331498$ & $-0.0535819$ & $-0.00715996$ & $0.0634577$ & $-0.0286779$ & $-0.0110089$ & $1$ & $-0.159671$ & $0.0681612$ & $0.014678$ & $0.125516$ & $-0.010511$ & $-0.0964301$ & $0.0144811$ & $-0.000565047$ & $0.100762$ & $-0.00588181$ & $-0.0500404$ & $0.0515387$ & $-0.0623031$ & $0.0640221$ \\
eHggpar & $0.0570224$ & $-0.04388$ & $0.0498084$ & $0.148111$ & $0.0302086$ & $-0.013381$ & $0.00108099$ & $-0.00419781$ & $-0.00562073$ & $-0.000975455$ & $0.00359161$ & $0.0518721$ & $0.0181093$ & $-0.0105438$ & $0.0114671$ & $0.0411927$ & $0.00633999$ & $-0.00349611$ & $-0.0247197$ & $-0.00203509$ & $-0.00866327$ & $-0.00719791$ & $-0.00324493$ & $0.00425269$ & $-0.00756777$ & $0.00155173$ & $-0.0172415$ & $-0.0133717$ & $-0.00435869$ & $-0.0187024$ & $-0.0030553$ & $0.0340677$ & $-0.0232682$ & $-0.00959889$ & $-0.159671$ & $1$ & $0.0244773$ & $0.0357434$ & $0.0303638$ & $0.00677571$ & $0.112552$ & $-0.0185636$ & $0.0571317$ & $0.0305005$ & $0.00962368$ & $-0.0163983$ & $0.0278097$ & $-0.0544281$ & $-0.0186973$ \\
eHWWint & $-0.00527322$ & $0.0865428$ & $-0.0498879$ & $0.104865$ & $0.0156249$ & $0.0218823$ & $0.0270625$ & $-0.000227271$ & $-2.77733e-05$ & $0.011404$ & $-0.00337393$ & $0.0107006$ & $0.0205619$ & $0.00701268$ & $-0.00870735$ & $-0.0123779$ & $0.00855268$ & $0.00844216$ & $0.0136473$ & $0.00227532$ & $0.00750521$ & $0.00785102$ & $0.00757807$ & $0.0066431$ & $0.0298489$ & $0.002611$ & $0.0414484$ & $0.0122456$ & $-0.017696$ & $-0.144908$ & $-0.147217$ & $-0.00513238$ & $-0.182197$ & $0.0114452$ & $0.0681612$ & $0.0244773$ & $1$ & $0.00641542$ & $-0.0287483$ & $0.0569905$ & $0.0739539$ & $0.000923727$ & $0.215433$ & $-0.0541686$ & $0.0196941$ & $0.0714337$ & $-0.132768$ & $0.00938353$ & $-0.0248813$ \\
eHWWpar & $0.0221818$ & $0.0438661$ & $0.00158839$ & $0.0181739$ & $0.013015$ & $0.0281247$ & $0.0307797$ & $-0.0401391$ & $-0.034717$ & $0.000875735$ & $0.0532567$ & $-0.00050441$ & $-0.0288763$ & $-0.0321925$ & $-0.0370317$ & $-0.00712328$ & $-0.025517$ & $0.00266451$ & $-0.0170642$ & $-0.0529469$ & $-0.0515016$ & $-0.0480119$ & $-0.00299763$ & $0.00531414$ & $-0.0017164$ & $0.0453145$ & $0.00527732$ & $-0.0351426$ & $0.00656011$ & $-0.0269104$ & $-0.0461033$ & $0.0303804$ & $-0.0237453$ & $-0.00129911$ & $0.014678$ & $0.0357434$ & $0.00641542$ & $1$ & $-0.0230382$ & $0.0256483$ & $-0.00410269$ & $-0.0179231$ & $0.0304638$ & $0.0261049$ & $-0.0352198$ & $-0.00793445$ & $-0.0400165$ & $0.0160139$ & $-0.00140109$ \\
eHZZint & $-0.0233536$ & $0.130723$ & $0.11536$ & $-0.0666862$ & $0.016441$ & $0.0266985$ & $-0.0178509$ & $-0.0516989$ & $-0.0636005$ & $0.0277772$ & $0.0473532$ & $0.0133194$ & $0.00234277$ & $0.000253131$ & $-0.0167838$ & $-0.0102926$ & $0.00529588$ & $0.0212371$ & $0.0137422$ & $-0.041948$ & $-0.0436212$ & $-0.0494296$ & $0.0165176$ & $0.0283436$ & $0.00956695$ & $0.0116017$ & $-0.0329545$ & $-0.0369807$ & $-0.00774675$ & $-0.030856$ & $0.04211$ & $-0.00032691$ & $-0.0222606$ & $-0.0240027$ & $0.125516$ & $0.0303638$ & $-0.0287483$ & $-0.0230382$ & $1$ & $-0.0393009$ & $-0.119112$ & $-0.0359738$ & $-0.0929304$ & $0.00879344$ & $0.218496$ & $-0.0464607$ & $0.198605$ & $-0.126502$ & $0.0577875$ \\
eHZZpar & $-0.0239296$ & $0.00712022$ & $-0.0499778$ & $-0.0436344$ & $0.00785532$ & $0.0128592$ & $-0.00705681$ & $-0.0412857$ & $-0.0418969$ & $0.0226502$ & $0.0431489$ & $-0.0159478$ & $-0.0206135$ & $-0.00678598$ & $-0.0338064$ & $-0.0135002$ & $-0.00661773$ & $0.0203915$ & $0.00413778$ & $-0.0448321$ & $-0.0432251$ & $-0.0430559$ & $0.00557237$ & $0.0211477$ & $0.0115032$ & $0.017444$ & $-0.010441$ & $-0.0236935$ & $-0.0225694$ & $-0.0136347$ & $-0.0277911$ & $-0.00204475$ & $-0.00684323$ & $-0.00811578$ & $-0.010511$ & $0.00677571$ & $0.0569905$ & $0.0256483$ & $-0.0393009$ & $1$ & $0.0160249$ & $0.0111973$ & $0.0119681$ & $-0.00461486$ & $0.00151602$ & $0.000186516$ & $-0.0274295$ & $0.0214891$ & $0.0176412$ \\
eHZgaint & $0.0587683$ & $0.0487552$ & $-0.00318563$ & $0.0719986$ & $-0.0107896$ & $0.0162533$ & $0.0132699$ & $-0.0164868$ & $-0.0104928$ & $-0.0252398$ & $0.00536113$ & $-0.00849653$ & $-0.00321763$ & $0.0161876$ & $0.00652101$ & $0.00660567$ & $0.0114067$ & $0.0147436$ & $0.0110717$ & $-0.00191749$ & $-0.0076424$ & $-0.0108406$ & $-0.00749896$ & $0.0220747$ & $0.0298743$ & $0.00899703$ & $0.0103595$ & $-0.0058583$ & $-0.00944481$ & $0.00569128$ & $-0.0248979$ & $0.0113612$ & $-0.0484762$ & $-0.0201363$ & $-0.0964301$ & $0.112552$ & $0.0739539$ & $-0.00410269$ & $-0.119112$ & $0.0160249$ & $1$ & $0.0225317$ & $0.0677541$ & $0.00145161$ & $-0.048036$ & $-0.00550823$ & $-0.0588208$ & $0.0626242$ & $-0.144899$ \\
eHZgapar & $-0.0231716$ & $-0.00511545$ & $0.00349163$ & $-0.0224028$ & $0.00814303$ & $0.00624172$ & $-0.00986686$ & $0.0226962$ & $0.0179806$ & $-0.0129719$ & $-0.00645588$ & $0.0146398$ & $0.019553$ & $-0.0188072$ & $0.00175351$ & $0.00995186$ & $-0.0363359$ & $-0.0312697$ & $-0.0344794$ & $0.00583512$ & $0.00679752$ & $0.00513606$ & $-0.00561641$ & $-0.0323357$ & $-0.0392215$ & $-0.0101008$ & $-0.00737974$ & $-0.00338902$ & $-0.0116474$ & $0.0099024$ & $-0.00839882$ & $-0.0153269$ & $0.00863855$ & $0.0128655$ & $0.0144811$ & $-0.0185636$ & $0.000923727$ & $-0.0179231$ & $-0.0359738$ & $0.0111973$ & $0.0225317$ & $1$ & $0.00793371$ & $0.0104818$ & $-0.0118242$ & $-0.00294507$ & $-0.0274347$ & $0.0319053$ & $0.0371511$ \\
eHgagaint & $-0.00157149$ & $-0.00781419$ & $0.0302188$ & $0.172257$ & $-0.0255316$ & $0.00507474$ & $0.0181252$ & $-0.00955735$ & $0.0530523$ & $-0.0156598$ & $0.0244814$ & $0.00147662$ & $0.00610595$ & $-0.0285124$ & $-0.0325069$ & $-0.0126904$ & $-0.0155056$ & $-0.00376957$ & $-0.0182634$ & $-0.028869$ & $-0.0206307$ & $-0.0213992$ & $-0.00504774$ & $-0.0141564$ & $-0.00541564$ & $0.0255094$ & $0.0188087$ & $-0.00749965$ & $0.00473927$ & $0.000945085$ & $-0.0411141$ & $0.0178704$ & $-0.00259088$ & $0.0234814$ & $-0.000565047$ & $0.0571317$ & $0.215433$ & $0.0304638$ & $-0.0929304$ & $0.0119681$ & $0.0677541$ & $0.00793371$ & $1$ & $-0.031886$ & $0.0663494$ & $-0.0211601$ & $-0.0960182$ & $0.12437$ & $-0.00280512$ \\
eHmumuint & $-0.0323767$ & $0.0646804$ & $-0.0353961$ & $0.0577355$ & $0.0159547$ & $0.0264783$ & $0.0206474$ & $-0.084468$ & $-0.0801923$ & $0.0368795$ & $0.0841505$ & $0.00931267$ & $-0.0366138$ & $-0.0196547$ & $-0.0453699$ & $-0.0434273$ & $0.000887239$ & $0.0319077$ & $0.0296788$ & $-0.0820295$ & $-0.0817194$ & $-0.0800775$ & $-0.0147621$ & $0.0362774$ & $0.021778$ & $0.0463528$ & $-0.036982$ & $-0.0286437$ & $0.0127514$ & $0.0133259$ & $0.00504294$ & $0.0327587$ & $-0.00663018$ & $-0.0316255$ & $0.100762$ & $0.0305005$ & $-0.0541686$ & $0.0261049$ & $0.00879344$ & $-0.00461486$ & $0.00145161$ & $0.0104818$ & $-0.031886$ & $1$ & $-0.0282397$ & $-0.0562925$ & $0.0331869$ & $-0.0211574$ & $-0.00543874$ \\
eHtautauint & $0.0748568$ & $0.0824251$ & $0.0261639$ & $-0.186856$ & $0.0102621$ & $-0.0190714$ & $-0.0114638$ & $-0.0175716$ & $-0.0148708$ & $0.00844004$ & $0.0130971$ & $-0.0120707$ & $-0.0121499$ & $-0.00643676$ & $-0.00244846$ & $0.00791127$ & $0.0140346$ & $0.00839009$ & $0.000873144$ & $-0.0135258$ & $-0.0119633$ & $-0.0124074$ & $-0.0136307$ & $0.00379993$ & $-0.00971905$ & $0.0204901$ & $-0.0209282$ & $-0.0173909$ & $-0.024805$ & $0.0622132$ & $0.0433725$ & $-0.00760839$ & $0.0364065$ & $-0.00200202$ & $-0.00588181$ & $0.00962368$ & $0.0196941$ & $-0.0352198$ & $0.218496$ & $0.00151602$ & $-0.048036$ & $-0.0118242$ & $0.0663494$ & $-0.0282397$ & $1$ & $-0.0678878$ & $0.191127$ & $-0.0981778$ & $0.129772$ \\
eHccint & $0.0146039$ & $0.0280209$ & $-0.0203252$ & $0.0535754$ & $0.00474945$ & $0.00636016$ & $-0.0200027$ & $0.0238571$ & $0.0214369$ & $-0.034251$ & $-0.021089$ & $0.0036572$ & $0.0285641$ & $0.00282488$ & $-0.0122542$ & $0.00249114$ & $-0.00417645$ & $0.00153333$ & $-0.0088988$ & $0.0178537$ & $0.024161$ & $0.0244631$ & $0.0132178$ & $-0.0245511$ & $-0.00547789$ & $-0.014647$ & $0.0229081$ & $0.0204215$ & $-0.00240377$ & $-0.0189327$ & $0.0352947$ & $-0.0309078$ & $0.00122615$ & $0.0330315$ & $-0.0500404$ & $-0.0163983$ & $0.0714337$ & $-0.00793445$ & $-0.0464607$ & $0.000186516$ & $-0.00550823$ & $-0.00294507$ & $-0.0211601$ & $-0.0562925$ & $-0.0678878$ & $1$ & $-0.0586024$ & $-0.119685$ & $0.0603869$ \\
eHccpar & $0.150926$ & $0.0113421$ & $0.0414619$ & $-0.0169469$ & $0.00785264$ & $-0.0040413$ & $-0.0411024$ & $-0.00779964$ & $-0.0147107$ & $0.016456$ & $-0.00667625$ & $0.00390349$ & $0.000208978$ & $0.0233849$ & $0.0163685$ & $0.0109199$ & $0.0215376$ & $0.0156022$ & $0.0143085$ & $0.00889531$ & $0.00325805$ & $-2.21302e-07$ & $-0.00824069$ & $0.0111143$ & $-0.00915686$ & $-0.00991959$ & $-0.0347623$ & $-0.0205309$ & $-0.00677057$ & $0.0197571$ & $0.369805$ & $-0.0366038$ & $0.094647$ & $-0.019499$ & $0.0515387$ & $0.0278097$ & $-0.132768$ & $-0.0400165$ & $0.198605$ & $-0.0274295$ & $-0.0588208$ & $-0.0274347$ & $-0.0960182$ & $0.0331869$ & $0.191127$ & $-0.0586024$ & $1$ & $-0.0343149$ & $0.191961$ \\
eHbbint & $0.111098$ & $-0.0552415$ & $-0.111492$ & $0.0178284$ & $-0.00729276$ & $-0.00674778$ & $-0.00878541$ & $0.025511$ & $0.0326776$ & $-0.0208561$ & $-0.0186398$ & $0.00624561$ & $0.0260196$ & $-0.00589052$ & $-0.0173059$ & $-0.0229015$ & $-0.0113565$ & $-0.00585056$ & $0.000879516$ & $0.0150314$ & $0.0225456$ & $0.0199962$ & $-0.00731627$ & $-0.0254371$ & $-0.0186781$ & $-0.00264688$ & $0.0292458$ & $0.0152971$ & $-0.00587969$ & $-0.0020819$ & $-0.0251037$ & $-0.0106714$ & $0.183303$ & $0.0301237$ & $-0.0623031$ & $-0.0544281$ & $0.00938353$ & $0.0160139$ & $-0.126502$ & $0.0214891$ & $0.0626242$ & $0.0319053$ & $0.12437$ & $-0.0211574$ & $-0.0981778$ & $-0.119685$ & $-0.0343149$ & $1$ & $0.0928143$ \\
eHbbpar & $0.069075$ & $-0.0501766$ & $-0.0754535$ & $0.0121744$ & $-0.0105403$ & $-0.0242931$ & $-0.00577169$ & $-0.00108807$ & $-0.000364343$ & $0.0243369$ & $0.00281066$ & $0.0341558$ & $0.0159188$ & $-0.00344167$ & $-0.0149706$ & $-0.015427$ & $0.000634447$ & $0.00359867$ & $0.00795391$ & $-0.0100592$ & $-0.00255405$ & $0.00433437$ & $-0.0034169$ & $-0.00749219$ & $-0.00479713$ & $0.00072746$ & $0.00784255$ & $-0.00815958$ & $0.0130939$ & $-0.00489803$ & $0.0789836$ & $-0.00121125$ & $0.441233$ & $0.00905813$ & $0.0640221$ & $-0.0186973$ & $-0.0248813$ & $-0.00140109$ & $0.0577875$ & $0.0176412$ & $-0.144899$ & $0.0371511$ & $-0.00280512$ & $-0.00543874$ & $0.129772$ & $0.0603869$ & $0.191961$ & $0.0928143$ & $1$ \\
