 & AlsMz & dAle5Mz & mtop & mHl & Mz & CW & CHG & CHWB & CHWHB_gaga & CHWHB_gagaorth & CHD & CHbox & CH & CHL1_11 & CHL1_22 & CHL1_33 & CHL3_11 & CHL3_22 & CHL3_33 & CHe_11 & CHe_22 & CHe_33 & CHQ1_11 & CHQ1_33 & CHQ3_11 & CHu_11 & CHd_11 & CHd_33 & CeH_22r & CeH_33r & CuH_22r & CuH_33r & CdH_33r & CLL_1221 & eHggint & eHggpar & eHWWint & eHWWpar & eHZZint & eHZZpar & eHZgaint & eHZgapar & eHgagaint & eHmumuint & eHtautauint & eHccint & eHccpar & eHbbint & eHbbpar \\
AlsMz & $1$ & $0.20169$ & $-0.2262$ & $0.0801136$ & $0.118251$ & $0.0375453$ & $0.256821$ & $-0.155466$ & $-0.148354$ & $0.136236$ & $0.101817$ & $0.364573$ & $-0.417002$ & $0.127271$ & $0.0923454$ & $0.061454$ & $0.136165$ & $0.0585$ & $0.0665919$ & $-0.100961$ & $-0.105307$ & $-0.110024$ & $-0.083817$ & $0.118554$ & $0.0104329$ & $-0.0121988$ & $-0.234911$ & $-0.00100596$ & $-0.0252968$ & $-0.0715136$ & $-0.0405363$ & $0.254416$ & $-0.0812101$ & $-0.162555$ & $-0.128475$ & $-0.504915$ & $0.245479$ & $-0.10584$ & $0.515015$ & $-0.168272$ & $0.0849382$ & $0.257355$ & $0.0559832$ & $-0.215636$ & $0.343496$ & $-0.754064$ & $0.200367$ & $0.11628$ & $-0.00277789$ \\
dAle5Mz & $0.20169$ & $1$ & $0.097345$ & $0.131824$ & $0.0300949$ & $0.00658401$ & $0.0119508$ & $-0.124945$ & $-0.120733$ & $0.0533559$ & $0.123271$ & $-0.0238783$ & $0.0704877$ & $-0.00245219$ & $0.0207671$ & $0.0148446$ & $0.0475392$ & $0.0214982$ & $0.0335467$ & $-0.100073$ & $-0.0970095$ & $-0.0895313$ & $-0.0163234$ & $0.0436595$ & $0.0207529$ & $0.000873993$ & $-0.0786605$ & $-0.0332353$ & $0.00841329$ & $0.035515$ & $-0.00844603$ & $0.0191524$ & $0.0748117$ & $-0.0772994$ & $0.0380263$ & $0.00296068$ & $0.161772$ & $0.00898328$ & $-0.22042$ & $-0.278453$ & $0.241956$ & $-0.164977$ & $0.0388156$ & $-0.138273$ & $0.0806081$ & $-0.261298$ & $0.0141969$ & $0.212531$ & $0.469224$ \\
mtop & $-0.2262$ & $0.097345$ & $1$ & $-0.570459$ & $-0.0627206$ & $-0.0454315$ & $0.127152$ & $0.0254011$ & $0.0254286$ & $-0.0167211$ & $-0.0185357$ & $0.0568144$ & $-0.131501$ & $-0.0150042$ & $-0.0710633$ & $-0.0214857$ & $-0.00898941$ & $0.012181$ & $0.00183985$ & $0.00285983$ & $0.0179311$ & $0.0258928$ & $0.0139082$ & $-0.0425314$ & $0.0457898$ & $0.0488599$ & $0.1048$ & $-0.0430057$ & $0.0162449$ & $-0.0507393$ & $-0.0370736$ & $0.115631$ & $-0.0264821$ & $0.055209$ & $-0.357958$ & $-0.386539$ & $-0.322893$ & $-0.328458$ & $-0.497586$ & $0.232127$ & $0.36817$ & $-0.229174$ & $-0.269845$ & $-0.341594$ & $-0.272335$ & $0.256234$ & $-0.297593$ & $-0.12148$ & $0.233111$ \\
mHl & $0.0801136$ & $0.131824$ & $-0.570459$ & $1$ & $0.0831681$ & $0.0207481$ & $-0.092982$ & $-0.0695574$ & $-0.0714062$ & $0.0232827$ & $0.075395$ & $0.0206901$ & $0.0517008$ & $-0.00773393$ & $0.0323168$ & $-0.00925436$ & $0.0108396$ & $0.00435391$ & $0.0157653$ & $-0.050034$ & $-0.0464117$ & $-0.0410104$ & $0.00285561$ & $0.0292269$ & $-0.00393263$ & $-0.0352036$ & $-0.0724034$ & $0.0170864$ & $0.000245724$ & $0.0452553$ & $0.015362$ & $-0.0894705$ & $0.0221004$ & $-0.0627709$ & $-0.0104081$ & $0.535204$ & $0.180005$ & $-0.0643215$ & $0.17461$ & $-0.477612$ & $-0.336485$ & $0.411228$ & $0.0281299$ & $0.38627$ & $-0.157622$ & $-0.309141$ & $0.0809724$ & $-0.00099315$ & $-0.103632$ \\
Mz & $0.118251$ & $0.0300949$ & $-0.0627206$ & $0.0831681$ & $1$ & $0.00606314$ & $0.117202$ & $-0.0411661$ & $-0.0365602$ & $0.0302152$ & $0.0823556$ & $0.0174835$ & $-0.0121365$ & $0.00399255$ & $0.0490499$ & $0.01273$ & $0.00379127$ & $-0.024815$ & $0.00140348$ & $-0.021693$ & $-0.053873$ & $-0.0284755$ & $-0.020532$ & $0.0367427$ & $-0.018051$ & $-0.00446425$ & $-0.0602564$ & $0.00635345$ & $-0.00190262$ & $0.028459$ & $0.0185739$ & $0.13535$ & $0.0323049$ & $-0.0704015$ & $-0.278712$ & $0.0198265$ & $0.0870058$ & $-0.0464746$ & $-0.0637211$ & $-0.158544$ & $-0.0684211$ & $0.0809383$ & $-0.0583102$ & $-0.0687947$ & $-0.175389$ & $-0.0543929$ & $-0.0460498$ & $-0.127192$ & $-0.0473514$ \\
CW & $0.0375453$ & $0.00658401$ & $-0.0454315$ & $0.0207481$ & $0.00606314$ & $1$ & $0.00491681$ & $-0.0744976$ & $-0.0735576$ & $0.0242505$ & $0.0808934$ & $-0.00679038$ & $0.0105961$ & $0.188254$ & $0.0321185$ & $0.0414777$ & $-0.124165$ & $-0.00946162$ & $-0.0122558$ & $-0.0807335$ & $-0.0555912$ & $-0.0679041$ & $-0.0176806$ & $0.0483882$ & $-0.0192072$ & $0.0289149$ & $-0.0752046$ & $-0.0127192$ & $0.000516752$ & $0.00937951$ & $0.0054213$ & $0.00535427$ & $0.0036523$ & $-0.135137$ & $0.0210051$ & $0.0125658$ & $0.0373913$ & $0.0227144$ & $0.0405665$ & $-0.0155988$ & $0.00213684$ & $-0.00458544$ & $0.0288855$ & $-0.00838707$ & $0.0342862$ & $-0.0328453$ & $0.0311177$ & $0.0184111$ & $-0.00161494$ \\
CHG & $0.256821$ & $0.0119508$ & $0.127152$ & $-0.092982$ & $0.117202$ & $0.00491681$ & $1$ & $-0.00792734$ & $0.0231054$ & $0.0317141$ & $-0.00819124$ & $0.476509$ & $-0.601586$ & $0.0695222$ & $-0.0279353$ & $0.0145819$ & $0.0551247$ & $0.0661088$ & $0.0466282$ & $-0.00223605$ & $-0.0178062$ & $0.00655404$ & $-0.0199353$ & $0.00849328$ & $0.0577177$ & $0.0204951$ & $0.00741087$ & $-0.00219561$ & $-0.022145$ & $-0.218713$ & $-0.11279$ & $0.932922$ & $-0.255537$ & $0.0282401$ & $-0.232783$ & $-0.331223$ & $-0.02034$ & $-0.381606$ & $0.124184$ & $-0.00757337$ & $0.24503$ & $0.156806$ & $-0.0307422$ & $-0.177171$ & $0.0574385$ & $-0.111318$ & $-0.129073$ & $-0.116309$ & $0.0457344$ \\
CHWB & $-0.155466$ & $-0.124945$ & $0.0254011$ & $-0.0695574$ & $-0.0411661$ & $-0.0744976$ & $-0.00792734$ & $1$ & $0.993591$ & $-0.504665$ & $-0.89314$ & $-0.146461$ & $0.0370241$ & $-0.244985$ & $-0.0337006$ & $-0.0781709$ & $-0.606841$ & $-0.478566$ & $-0.479664$ & $0.863054$ & $0.642652$ & $0.643708$ & $0.114811$ & $-0.636662$ & $-0.524789$ & $-0.194981$ & $0.444236$ & $0.125325$ & $0.00335785$ & $-0.00893023$ & $0.00116526$ & $-0.0119819$ & $-0.0295548$ & $0.670016$ & $0.0476355$ & $0.050763$ & $-0.0147339$ & $0.0369702$ & $-0.0831187$ & $0.111177$ & $0.0125856$ & $-0.0111042$ & $0.017297$ & $0.0441858$ & $-0.00979486$ & $0.119814$ & $-0.0328721$ & $-0.0175504$ & $-0.0327109$ \\
CHWHB_gaga & $-0.148354$ & $-0.120733$ & $0.0254286$ & $-0.0714062$ & $-0.0365602$ & $-0.0735576$ & $0.0231054$ & $0.993591$ & $1$ & $-0.503037$ & $-0.887379$ & $-0.128738$ & $0.0301636$ & $-0.246405$ & $-0.0324547$ & $-0.0772548$ & $-0.606387$ & $-0.477237$ & $-0.477374$ & $0.861986$ & $0.637934$ & $0.640556$ & $0.1126$ & $-0.635585$ & $-0.52239$ & $-0.19242$ & $0.441402$ & $0.122204$ & $0.00895405$ & $0.00942409$ & $0.0109794$ & $0.015287$ & $-0.0086878$ & $0.663026$ & $0.0434645$ & $0.0476533$ & $-0.0130244$ & $0.0350503$ & $-0.0773331$ & $0.110711$ & $0.0168394$ & $-0.0118224$ & $0.0319507$ & $0.0465561$ & $-0.00801252$ & $0.113643$ & $-0.0273029$ & $-0.0181635$ & $-0.0276256$ \\
CHWHB_gagaorth & $0.136236$ & $0.0533559$ & $-0.0167211$ & $0.0232827$ & $0.0302152$ & $0.0242505$ & $0.0317141$ & $-0.504665$ & $-0.503037$ & $1$ & $0.173501$ & $0.313492$ & $-0.125073$ & $0.708501$ & $0.1089$ & $0.146505$ & $0.77856$ & $0.536669$ & $0.532557$ & $-0.251219$ & $-0.168802$ & $-0.184186$ & $-0.0990824$ & $0.542342$ & $0.596303$ & $0.0694375$ & $-0.298713$ & $-0.0704675$ & $-0.00654517$ & $-0.0551262$ & $-0.0275075$ & $0.0504349$ & $-0.0447992$ & $-0.387186$ & $-0.0446822$ & $-0.093474$ & $0.0380313$ & $-0.0642278$ & $0.101142$ & $-0.0203861$ & $0.000663527$ & $-0.0417444$ & $0.0228095$ & $-0.127331$ & $0.0067627$ & $-0.0919292$ & $0.0128181$ & $0.0302119$ & $-0.0110862$ \\
CHD & $0.101817$ & $0.123271$ & $-0.0185357$ & $0.075395$ & $0.0823556$ & $0.0808934$ & $-0.00819124$ & $-0.89314$ & $-0.887379$ & $0.173501$ & $1$ & $0.0470629$ & $0.0364462$ & $-0.114258$ & $-0.0318324$ & $-0.00278798$ & $0.272394$ & $0.252769$ & $0.259878$ & $-0.893037$ & $-0.666864$ & $-0.66333$ & $-0.0805302$ & $0.436667$ & $0.276026$ & $0.198176$ & $-0.347436$ & $-0.112312$ & $0.00276088$ & $0.0397649$ & $0.00834439$ & $-0.00210123$ & $0.0518187$ & $-0.539413$ & $-0.0424168$ & $0.00705215$ & $0.000695662$ & $-0.00674875$ & $0.0293742$ & $-0.120733$ & $-0.0212839$ & $0.0302023$ & $-0.0221877$ & $0.0153728$ & $-0.0119624$ & $-0.0908737$ & $0.0374892$ & $0.000965795$ & $0.0481684$ \\
CHbox & $0.364573$ & $-0.0238783$ & $0.0568144$ & $0.0206901$ & $0.0174835$ & $-0.00679038$ & $0.476509$ & $-0.146461$ & $-0.128738$ & $0.313492$ & $0.0470629$ & $1$ & $-0.828411$ & $0.141686$ & $0.0308556$ & $0.0389571$ & $0.16093$ & $0.134958$ & $0.132073$ & $0.0297122$ & $-0.0506945$ & $-0.0356519$ & $-0.0534425$ & $0.119214$ & $0.144597$ & $0.0352471$ & $-0.0714777$ & $-0.0278792$ & $-0.0322783$ & $-0.0880765$ & $-0.0698476$ & $0.50462$ & $-0.101627$ & $-0.160899$ & $-0.240267$ & $-0.419212$ & $-0.0316547$ & $-0.518335$ & $0.239808$ & $0.0271195$ & $0.236362$ & $0.107151$ & $-0.124698$ & $-0.38371$ & $0.103384$ & $-0.198624$ & $-0.22148$ & $-0.00319485$ & $0.0124566$ \\
CH & $-0.417002$ & $0.0704877$ & $-0.131501$ & $0.0517008$ & $-0.0121365$ & $0.0105961$ & $-0.601586$ & $0.0370241$ & $0.0301636$ & $-0.125073$ & $0.0364462$ & $-0.828411$ & $1$ & $-0.176563$ & $0.0141547$ & $-0.00514489$ & $-0.154722$ & $-0.1323$ & $-0.106839$ & $0.00827608$ & $0.0232688$ & $0.00102253$ & $0.0390295$ & $-0.0693118$ & $-0.121316$ & $-0.0317375$ & $0.0158436$ & $0.0058417$ & $0.0616703$ & $0.28348$ & $0.128077$ & $-0.562899$ & $0.298669$ & $-0.00282716$ & $0.294264$ & $0.55141$ & $0.0721644$ & $0.648701$ & $-0.262205$ & $-0.0569133$ & $-0.328744$ & $-0.167469$ & $0.245129$ & $0.483869$ & $-0.141402$ & $0.187253$ & $0.31354$ & $0.0241979$ & $0.00983844$ \\
CHL1_11 & $0.127271$ & $-0.00245219$ & $-0.0150042$ & $-0.00773393$ & $0.00399255$ & $0.188254$ & $0.0695222$ & $-0.244985$ & $-0.246405$ & $0.708501$ & $-0.114258$ & $0.141686$ & $-0.176563$ & $1$ & $0.136668$ & $0.174951$ & $0.618584$ & $0.482536$ & $0.458521$ & $-0.0811861$ & $-0.0123295$ & $-0.01667$ & $-0.0855992$ & $0.455005$ & $0.513035$ & $0.011755$ & $-0.252447$ & $-0.0353385$ & $-0.0176275$ & $-0.0568722$ & $-0.0172883$ & $0.0591313$ & $-0.0413146$ & $-0.252564$ & $-0.0323874$ & $-0.122126$ & $0.0487821$ & $-0.0890296$ & $0.129311$ & $0.0196286$ & $0.0194659$ & $-0.0182767$ & $-0.00705818$ & $-0.142003$ & $0.0383513$ & $-0.055661$ & $-0.0103684$ & $0.026049$ & $-0.0476842$ \\
CHL1_22 & $0.0923454$ & $0.0207671$ & $-0.0710633$ & $0.0323168$ & $0.0490499$ & $0.0321185$ & $-0.0279353$ & $-0.0337006$ & $-0.0324547$ & $0.1089$ & $-0.0318324$ & $0.0308556$ & $0.0141547$ & $0.136668$ & $1$ & $0.387961$ & $0.0516484$ & $-0.498958$ & $-0.169206$ & $0.0581774$ & $-0.178145$ & $-0.126534$ & $-0.135425$ & $0.243639$ & $-0.225222$ & $0.0149177$ & $-0.514573$ & $-0.0344365$ & $-0.0148883$ & $0.0315453$ & $0.0241526$ & $-0.0159653$ & $0.0241031$ & $-0.564043$ & $-0.0508085$ & $-0.0170041$ & $-0.00975481$ & $0.0324736$ & $0.0748727$ & $-0.0856896$ & $-0.0581592$ & $-0.0201908$ & $0.0475046$ & $-0.0107812$ & $-0.018797$ & $-0.0646091$ & $0.0499712$ & $-0.0250798$ & $-0.0469745$ \\
CHL1_33 & $0.061454$ & $0.0148446$ & $-0.0214857$ & $-0.00925436$ & $0.01273$ & $0.0414777$ & $0.0145819$ & $-0.0781709$ & $-0.0772548$ & $0.146505$ & $-0.00278798$ & $0.0389571$ & $-0.00514489$ & $0.174951$ & $0.387961$ & $1$ & $0.0996423$ & $-0.121657$ & $-0.452908$ & $0.0140296$ & $-0.155988$ & $-0.235862$ & $-0.158427$ & $0.273565$ & $-0.172184$ & $0.0415208$ & $-0.520214$ & $-0.0360192$ & $-0.0142799$ & $0.00588597$ & $-0.0119687$ & $0.0213645$ & $-0.00076504$ & $-0.295815$ & $0.000846994$ & $-0.0714458$ & $-0.0223244$ & $0.0130605$ & $0.0273119$ & $-0.0731221$ & $-0.0254397$ & $-0.0558947$ & $-0.00470349$ & $-0.0581367$ & $0.00538621$ & $-0.0125047$ & $0.0290897$ & $0.00418912$ & $-0.0515177$ \\
CHL3_11 & $0.136165$ & $0.0475392$ & $-0.00898941$ & $0.0108396$ & $0.00379127$ & $-0.124165$ & $0.0551247$ & $-0.606841$ & $-0.606387$ & $0.77856$ & $0.272394$ & $0.16093$ & $-0.154722$ & $0.618584$ & $0.0516484$ & $0.0996423$ & $1$ & $0.647149$ & $0.63689$ & $-0.427705$ & $-0.255544$ & $-0.270816$ & $-0.0920629$ & $0.606662$ & $0.714254$ & $0.0891128$ & $-0.292736$ & $-0.0748893$ & $-0.0140068$ & $-0.0632184$ & $-0.0310611$ & $0.0423032$ & $-0.0366133$ & $-0.320177$ & $-0.0329978$ & $-0.118563$ & $0.0342843$ & $-0.0878756$ & $0.114624$ & $-0.0116899$ & $0.00834222$ & $-0.00888521$ & $-0.0225872$ & $-0.116699$ & $0.030264$ & $-0.0663803$ & $-0.00961537$ & $0.0360803$ & $-0.0133599$ \\
CHL3_22 & $0.0585$ & $0.0214982$ & $0.012181$ & $0.00435391$ & $-0.024815$ & $-0.00946162$ & $0.0661088$ & $-0.478566$ & $-0.477237$ & $0.536669$ & $0.252769$ & $0.134958$ & $-0.1323$ & $0.482536$ & $-0.498958$ & $-0.121657$ & $0.647149$ & $1$ & $0.617062$ & $-0.35888$ & $-0.165214$ & $-0.17602$ & $0.00900948$ & $0.381167$ & $0.753453$ & $0.0727728$ & $0.0591241$ & $-0.0469226$ & $0.00470772$ & $-0.0659462$ & $-0.0291839$ & $0.0519744$ & $-0.0366296$ & $0.177872$ & $-0.000405967$ & $-0.0793513$ & $0.0318086$ & $-0.0868872$ & $0.0465567$ & $0.0364759$ & $0.0391037$ & $0.00829145$ & $-0.0479007$ & $-0.091626$ & $0.0219977$ & $-0.0218357$ & $-0.0347065$ & $0.0321324$ & $0.00852492$ \\
CHL3_33 & $0.0665919$ & $0.0335467$ & $0.00183985$ & $0.0157653$ & $0.00140348$ & $-0.0122558$ & $0.0466282$ & $-0.479664$ & $-0.477374$ & $0.532557$ & $0.259878$ & $0.132073$ & $-0.106839$ & $0.458521$ & $-0.169206$ & $-0.452908$ & $0.63689$ & $0.617062$ & $1$ & $-0.349761$ & $-0.163252$ & $-0.176921$ & $0.0235193$ & $0.374979$ & $0.74925$ & $0.0597386$ & $0.0708735$ & $-0.0351476$ & $-0.00077161$ & $-0.0506289$ & $-0.0198969$ & $0.03628$ & $-0.0181389$ & $-0.148234$ & $-0.0310074$ & $-0.0538858$ & $0.0453493$ & $-0.0561667$ & $0.0623675$ & $0.0339553$ & $0.0301293$ & $0.00639069$ & $-0.00259652$ & $-0.0737745$ & $0.00739291$ & $-0.0409088$ & $-0.0398626$ & $0.0285292$ & $0.0340337$ \\
CHe_11 & $-0.100961$ & $-0.100073$ & $0.00285983$ & $-0.050034$ & $-0.021693$ & $-0.0807335$ & $-0.00223605$ & $0.863054$ & $0.861986$ & $-0.251219$ & $-0.893037$ & $0.0297122$ & $0.00827608$ & $-0.0811861$ & $0.0581774$ & $0.0140296$ & $-0.427705$ & $-0.35888$ & $-0.349761$ & $1$ & $0.64997$ & $0.644305$ & $0.0784499$ & $-0.482667$ & $-0.377329$ & $-0.20326$ & $0.341026$ & $0.115635$ & $0.00311383$ & $-0.0155259$ & $-0.00183604$ & $0.0104966$ & $-0.0349556$ & $0.446041$ & $0.0243837$ & $0.030792$ & $-0.00768919$ & $0.0374988$ & $-0.0558372$ & $0.0874217$ & $0.00798859$ & $-0.0302098$ & $0.0504952$ & $0.00449305$ & $-0.00499827$ & $0.0662535$ & $-0.0268981$ & $-0.0169399$ & $-0.0394$ \\
CHe_22 & $-0.105307$ & $-0.0970095$ & $0.0179311$ & $-0.0464117$ & $-0.053873$ & $-0.0555912$ & $-0.0178062$ & $0.642652$ & $0.637934$ & $-0.168802$ & $-0.666864$ & $-0.0506945$ & $0.0232688$ & $-0.0123295$ & $-0.178145$ & $-0.155988$ & $-0.255544$ & $-0.165214$ & $-0.163252$ & $0.64997$ & $1$ & $0.557166$ & $0.104352$ & $-0.443473$ & $-0.189758$ & $-0.165911$ & $0.441157$ & $0.103725$ & $0.00377474$ & $-0.0106458$ & $-0.00180266$ & $-0.0178501$ & $-0.0270572$ & $0.443703$ & $0.0796532$ & $0.0519596$ & $0.0190589$ & $0.0334027$ & $-0.0543517$ & $0.102614$ & $0.0166388$ & $-0.0115361$ & $0.0303903$ & $0.0414289$ & $0.0226158$ & $0.0696419$ & $-0.00475614$ & $0.00865686$ & $-0.00887943$ \\
CHe_33 & $-0.110024$ & $-0.0895313$ & $0.0258928$ & $-0.0410104$ & $-0.0284755$ & $-0.0679041$ & $0.00655404$ & $0.643708$ & $0.640556$ & $-0.184186$ & $-0.66333$ & $-0.0356519$ & $0.00102253$ & $-0.01667$ & $-0.126534$ & $-0.235862$ & $-0.270816$ & $-0.17602$ & $-0.176921$ & $0.644305$ & $0.557166$ & $1$ & $0.123074$ & $-0.435666$ & $-0.206122$ & $-0.162882$ & $0.440987$ & $0.0996099$ & $-0.00389525$ & $-0.0129839$ & $-0.00339534$ & $0.00953343$ & $-0.020408$ & $0.439544$ & $0.0358947$ & $0.0510683$ & $0.00889254$ & $-0.00182023$ & $-0.0463986$ & $0.0770336$ & $0.0315721$ & $-0.0125303$ & $0.0241536$ & $0.0226876$ & $0.0097062$ & $0.0706861$ & $-0.0372899$ & $-0.0134354$ & $-0.00946237$ \\
CHQ1_11 & $-0.083817$ & $-0.0163234$ & $0.0139082$ & $0.00285561$ & $-0.020532$ & $-0.0176806$ & $-0.0199353$ & $0.114811$ & $0.1126$ & $-0.0990824$ & $-0.0805302$ & $-0.0534425$ & $0.0390295$ & $-0.0855992$ & $-0.135425$ & $-0.158427$ & $-0.0920629$ & $0.00900948$ & $0.0235193$ & $0.0784499$ & $0.104352$ & $0.123074$ & $1$ & $-0.148896$ & $0.0449351$ & $-0.589904$ & $0.30803$ & $0.0389028$ & $-0.000301867$ & $-0.00463046$ & $-0.00730661$ & $-0.026566$ & $-0.0133846$ & $0.164334$ & $0.0231369$ & $0.0491346$ & $0.0110552$ & $0.0053662$ & $-0.0866835$ & $-0.0133284$ & $-0.0158655$ & $-0.00356223$ & $-0.0346241$ & $0.0230114$ & $-0.0391656$ & $0.0478369$ & $-0.0575098$ & $-0.00597933$ & $0.0179233$ \\
CHQ1_33 & $0.118554$ & $0.0436595$ & $-0.0425314$ & $0.0292269$ & $0.0367427$ & $0.0483882$ & $0.00849328$ & $-0.636662$ & $-0.635585$ & $0.542342$ & $0.436667$ & $0.119214$ & $-0.0693118$ & $0.455005$ & $0.243639$ & $0.273565$ & $0.606662$ & $0.381167$ & $0.374979$ & $-0.482667$ & $-0.443473$ & $-0.435666$ & $-0.148896$ & $1$ & $0.445568$ & $0.131314$ & $-0.424545$ & $0.0198149$ & $-0.0139833$ & $-0.0334755$ & $-0.0180185$ & $0.00819952$ & $-0.00841187$ & $-0.509183$ & $-0.0316592$ & $-0.0794284$ & $0.0219747$ & $-0.0323293$ & $0.0859897$ & $-0.0622742$ & $-0.00583254$ & $-0.0120852$ & $-0.0205276$ & $-0.0828757$ & $0.0189849$ & $-0.0703527$ & $0.0102322$ & $0.0144864$ & $-0.020685$ \\
CHQ3_11 & $0.0104329$ & $0.0207529$ & $0.0457898$ & $-0.00393263$ & $-0.018051$ & $-0.0192072$ & $0.0577177$ & $-0.524789$ & $-0.52239$ & $0.596303$ & $0.276026$ & $0.144597$ & $-0.121316$ & $0.513035$ & $-0.225222$ & $-0.172184$ & $0.714254$ & $0.753453$ & $0.74925$ & $-0.377329$ & $-0.189758$ & $-0.206122$ & $0.0449351$ & $0.445568$ & $1$ & $0.0722359$ & $0.17505$ & $-0.0483575$ & $-0.0083911$ & $-0.0653362$ & $-0.0240632$ & $0.0443905$ & $-0.0277078$ & $-0.102323$ & $-0.0267064$ & $-0.055197$ & $0.0175594$ & $-0.0992573$ & $0.0191455$ & $0.0281936$ & $0.0381055$ & $0.010911$ & $-0.0416246$ & $-0.0738036$ & $-0.00663728$ & $-0.000357977$ & $-0.0624686$ & $0.012157$ & $0.0402797$ \\
CHu_11 & $-0.0121988$ & $0.000873993$ & $0.0488599$ & $-0.0352036$ & $-0.00446425$ & $0.0289149$ & $0.0204951$ & $-0.194981$ & $-0.19242$ & $0.0694375$ & $0.198176$ & $0.0352471$ & $-0.0317375$ & $0.011755$ & $0.0149177$ & $0.0415208$ & $0.0891128$ & $0.0727728$ & $0.0597386$ & $-0.20326$ & $-0.165911$ & $-0.162882$ & $-0.589904$ & $0.131314$ & $0.0722359$ & $1$ & $0.0566092$ & $-0.0514507$ & $-0.000803776$ & $0.00267724$ & $0.00778515$ & $0.0202694$ & $0.0104619$ & $-0.116267$ & $-0.0288091$ & $-0.0173543$ & $-0.0377126$ & $-0.0278466$ & $0.0294868$ & $0.0409552$ & $0.0249925$ & $-0.0152676$ & $0.0208593$ & $-0.0111351$ & $0.0264932$ & $0.0325912$ & $0.0148623$ & $7.34374e-05$ & $0.0352814$ \\
CHd_11 & $-0.234911$ & $-0.0786605$ & $0.1048$ & $-0.0724034$ & $-0.0602564$ & $-0.0752046$ & $0.00741087$ & $0.444236$ & $0.441402$ & $-0.298713$ & $-0.347436$ & $-0.0714777$ & $0.0158436$ & $-0.252447$ & $-0.514573$ & $-0.520214$ & $-0.292736$ & $0.0591241$ & $0.0708735$ & $0.341026$ & $0.441157$ & $0.440987$ & $0.30803$ & $-0.424545$ & $0.17505$ & $0.0566092$ & $1$ & $0.0671007$ & $0.00302615$ & $-0.0287464$ & $-0.0202896$ & $-0.00249278$ & $-0.0275923$ & $0.609402$ & $0.03978$ & $0.0923274$ & $-0.0143738$ & $-0.023447$ & $-0.153486$ & $0.132535$ & $0.0586475$ & $0.0215919$ & $-0.0255167$ & $0.0621015$ & $-0.0147019$ & $0.156693$ & $-0.0911294$ & $-0.016796$ & $0.0843811$ \\
CHd_33 & $-0.00100596$ & $-0.0332353$ & $-0.0430057$ & $0.0170864$ & $0.00635345$ & $-0.0127192$ & $-0.00219561$ & $0.125325$ & $0.122204$ & $-0.0704675$ & $-0.112312$ & $-0.0278792$ & $0.0058417$ & $-0.0353385$ & $-0.0344365$ & $-0.0360192$ & $-0.0748893$ & $-0.0469226$ & $-0.0351476$ & $0.115635$ & $0.103725$ & $0.0996099$ & $0.0389028$ & $0.0198149$ & $-0.0483575$ & $-0.0514507$ & $0.0671007$ & $1$ & $-0.00466213$ & $-0.0176631$ & $0.00363335$ & $-0.00700378$ & $-0.0156533$ & $0.091802$ & $0.0280657$ & $0.0283164$ & $0.0330712$ & $0.0215727$ & $0.00765212$ & $-0.00627324$ & $-0.0274485$ & $0.0287733$ & $-0.00243213$ & $0.0446799$ & $0.0181052$ & $-0.00476926$ & $0.00605024$ & $-0.00121271$ & $-0.0384005$ \\
CeH_22r & $-0.0252968$ & $0.00841329$ & $0.0162449$ & $0.000245724$ & $-0.00190262$ & $0.000516752$ & $-0.022145$ & $0.00335785$ & $0.00895405$ & $-0.00654517$ & $0.00276088$ & $-0.0322783$ & $0.0616703$ & $-0.0176275$ & $-0.0148883$ & $-0.0142799$ & $-0.0140068$ & $0.00470772$ & $-0.00077161$ & $0.00311383$ & $0.00377474$ & $-0.00389525$ & $-0.000301867$ & $-0.0139833$ & $-0.0083911$ & $-0.000803776$ & $0.00302615$ & $-0.00466213$ & $1$ & $0.0422226$ & $0.0153507$ & $-0.0381878$ & $0.0565434$ & $0.013568$ & $-0.00137788$ & $0.0323724$ & $-0.00029486$ & $0.0314613$ & $-0.0182114$ & $-0.00513043$ & $-0.0169447$ & $-0.0203674$ & $0.0262014$ & $0.0297455$ & $-0.0163478$ & $0.00230113$ & $0.0308809$ & $0.00682295$ & $0.00992991$ \\
CeH_33r & $-0.0715136$ & $0.035515$ & $-0.0507393$ & $0.0452553$ & $0.028459$ & $0.00937951$ & $-0.218713$ & $-0.00893023$ & $0.00942409$ & $-0.0551262$ & $0.0397649$ & $-0.0880765$ & $0.28348$ & $-0.0568722$ & $0.0315453$ & $0.00588597$ & $-0.0632184$ & $-0.0659462$ & $-0.0506289$ & $-0.0155259$ & $-0.0106458$ & $-0.0129839$ & $-0.00463046$ & $-0.0334755$ & $-0.0653362$ & $0.00267724$ & $-0.0287464$ & $-0.0176631$ & $0.0422226$ & $1$ & $0.30722$ & $-0.0530846$ & $0.709951$ & $-0.0392709$ & $0.0504126$ & $0.159826$ & $0.00619715$ & $0.168522$ & $-0.0792714$ & $-0.0768871$ & $-0.0791802$ & $-0.0393615$ & $0.0811717$ & $0.162496$ & $-0.0564094$ & $-0.0130459$ & $0.114333$ & $-0.0268268$ & $0.0227478$ \\
CuH_22r & $-0.0405363$ & $-0.00844603$ & $-0.0370736$ & $0.015362$ & $0.0185739$ & $0.0054213$ & $-0.11279$ & $0.00116526$ & $0.0109794$ & $-0.0275075$ & $0.00834439$ & $-0.0698476$ & $0.128077$ & $-0.0172883$ & $0.0241526$ & $-0.0119687$ & $-0.0310611$ & $-0.0291839$ & $-0.0198969$ & $-0.00183604$ & $-0.00180266$ & $-0.00339534$ & $-0.00730661$ & $-0.0180185$ & $-0.0240632$ & $0.00778515$ & $-0.0202896$ & $0.00363335$ & $0.0153507$ & $0.30722$ & $1$ & $-0.0092788$ & $0.389219$ & $-0.0186148$ & $0.0372386$ & $0.0846759$ & $0.013175$ & $0.0814594$ & $-0.0165219$ & $-0.0088405$ & $-0.0467203$ & $-0.0132803$ & $0.0486052$ & $0.090749$ & $-0.00981216$ & $0.00442384$ & $0.0969638$ & $-0.0166141$ & $0.000136857$ \\
CuH_33r & $0.254416$ & $0.0191524$ & $0.115631$ & $-0.0894705$ & $0.13535$ & $0.00535427$ & $0.932922$ & $-0.0119819$ & $0.015287$ & $0.0504349$ & $-0.00210123$ & $0.50462$ & $-0.562899$ & $0.0591313$ & $-0.0159653$ & $0.0213645$ & $0.0423032$ & $0.0519744$ & $0.03628$ & $0.0104966$ & $-0.0178501$ & $0.00953343$ & $-0.026566$ & $0.00819952$ & $0.0443905$ & $0.0202694$ & $-0.00249278$ & $-0.00700378$ & $-0.0381878$ & $-0.0530846$ & $-0.0092788$ & $1$ & $-0.0311875$ & $0.0080592$ & $-0.223906$ & $-0.303287$ & $-0.0109674$ & $-0.351338$ & $0.118242$ & $-0.0277902$ & $0.236423$ & $0.152115$ & $0.00777676$ & $-0.140615$ & $0.052342$ & $-0.122667$ & $-0.105161$ & $-0.129735$ & $0.0533461$ \\
CdH_33r & $-0.0812101$ & $0.0748117$ & $-0.0264821$ & $0.0221004$ & $0.0323049$ & $0.0036523$ & $-0.255537$ & $-0.0295548$ & $-0.0086878$ & $-0.0447992$ & $0.0518187$ & $-0.101627$ & $0.298669$ & $-0.0413146$ & $0.0241031$ & $-0.00076504$ & $-0.0366133$ & $-0.0366296$ & $-0.0181389$ & $-0.0349556$ & $-0.0270572$ & $-0.020408$ & $-0.0133846$ & $-0.00841187$ & $-0.0277078$ & $0.0104619$ & $-0.0275923$ & $-0.0156533$ & $0.0565434$ & $0.709951$ & $0.389219$ & $-0.0311875$ & $1$ & $-0.0399745$ & $0.0738221$ & $0.164403$ & $0.0172759$ & $0.185464$ & $-0.11797$ & $-0.0947281$ & $-0.0414118$ & $-0.0684668$ & $0.0985581$ & $0.152065$ & $-0.0662462$ & $0.00664324$ & $0.0978194$ & $0.0275404$ & $0.120788$ \\
CLL_1221 & $-0.162555$ & $-0.0772994$ & $0.055209$ & $-0.0627709$ & $-0.0704015$ & $-0.135137$ & $0.0282401$ & $0.670016$ & $0.663026$ & $-0.387186$ & $-0.539413$ & $-0.160899$ & $-0.00282716$ & $-0.252564$ & $-0.564043$ & $-0.295815$ & $-0.320177$ & $0.177872$ & $-0.148234$ & $0.446041$ & $0.443703$ & $0.439544$ & $0.164334$ & $-0.509183$ & $-0.102323$ & $-0.116267$ & $0.609402$ & $0.091802$ & $0.013568$ & $-0.0392709$ & $-0.0186148$ & $0.0080592$ & $-0.0399745$ & $1$ & $0.0682947$ & $0.0352088$ & $-0.00189758$ & $-0.0117919$ & $-0.103126$ & $0.134659$ & $0.0488594$ & $0.0115942$ & $-0.0367925$ & $0.0293618$ & $-0.00349363$ & $0.132499$ & $-0.0591176$ & $0.00948429$ & $0.0119933$ \\
eHggint & $-0.128475$ & $0.0380263$ & $-0.357958$ & $-0.0104081$ & $-0.278712$ & $0.0210051$ & $-0.232783$ & $0.0476355$ & $0.0434645$ & $-0.0446822$ & $-0.0424168$ & $-0.240267$ & $0.294264$ & $-0.0323874$ & $-0.0508085$ & $0.000846994$ & $-0.0329978$ & $-0.000405967$ & $-0.0310074$ & $0.0243837$ & $0.0796532$ & $0.0358947$ & $0.0231369$ & $-0.0316592$ & $-0.0267064$ & $-0.0288091$ & $0.03978$ & $0.0280657$ & $-0.00137788$ & $0.0504126$ & $0.0372386$ & $-0.223906$ & $0.0738221$ & $0.0682947$ & $1$ & $0.250973$ & $0.399318$ & $0.378347$ & $0.143657$ & $0.0535404$ & $0.0462845$ & $-0.37603$ & $0.365397$ & $0.219415$ & $0.458004$ & $0.0969617$ & $0.279153$ & $0.484149$ & $0.14906$ \\
eHggpar & $-0.504915$ & $0.00296068$ & $-0.386539$ & $0.535204$ & $0.0198265$ & $0.0125658$ & $-0.331223$ & $0.050763$ & $0.0476533$ & $-0.093474$ & $0.00705215$ & $-0.419212$ & $0.55141$ & $-0.122126$ & $-0.0170041$ & $-0.0714458$ & $-0.118563$ & $-0.0793513$ & $-0.0538858$ & $0.030792$ & $0.0519596$ & $0.0510683$ & $0.0491346$ & $-0.0794284$ & $-0.055197$ & $-0.0173543$ & $0.0923274$ & $0.0283164$ & $0.0323724$ & $0.159826$ & $0.0846759$ & $-0.303287$ & $0.164403$ & $0.0352088$ & $0.250973$ & $1$ & $0.0704094$ & $0.341137$ & $-0.0984499$ & $-0.14367$ & $-0.387845$ & $0.156446$ & $0.287698$ & $0.647224$ & $-0.208155$ & $0.187663$ & $0.197635$ & $0.0319271$ & $-0.0129164$ \\
eHWWint & $0.245479$ & $0.161772$ & $-0.322893$ & $0.180005$ & $0.0870058$ & $0.0373913$ & $-0.02034$ & $-0.0147339$ & $-0.0130244$ & $0.0380313$ & $0.000695662$ & $-0.0316547$ & $0.0721644$ & $0.0487821$ & $-0.00975481$ & $-0.0223244$ & $0.0342843$ & $0.0318086$ & $0.0453493$ & $-0.00768919$ & $0.0190589$ & $0.00889254$ & $0.0110552$ & $0.0219747$ & $0.0175594$ & $-0.0377126$ & $-0.0143738$ & $0.0330712$ & $-0.00029486$ & $0.00619715$ & $0.013175$ & $-0.0109674$ & $0.0172759$ & $-0.00189758$ & $0.399318$ & $0.0704094$ & $1$ & $0.161604$ & $0.354877$ & $0.0966898$ & $-0.197928$ & $0.109393$ & $0.355448$ & $0.296283$ & $0.357181$ & $-0.21599$ & $0.367636$ & $0.498018$ & $0.00495697$ \\
eHWWpar & $-0.10584$ & $0.00898328$ & $-0.328458$ & $-0.0643215$ & $-0.0464746$ & $0.0227144$ & $-0.381606$ & $0.0369702$ & $0.0350503$ & $-0.0642278$ & $-0.00674875$ & $-0.518335$ & $0.648701$ & $-0.0890296$ & $0.0324736$ & $0.0130605$ & $-0.0878756$ & $-0.0868872$ & $-0.0561667$ & $0.0374988$ & $0.0334027$ & $-0.00182023$ & $0.0053662$ & $-0.0323293$ & $-0.0992573$ & $-0.0278466$ & $-0.023447$ & $0.0215727$ & $0.0314613$ & $0.168522$ & $0.0814594$ & $-0.351338$ & $0.185464$ & $-0.0117919$ & $0.378347$ & $0.341137$ & $0.161604$ & $1$ & $0.0986517$ & $0.155819$ & $-0.395541$ & $-0.110707$ & $0.423945$ & $0.205641$ & $0.0452403$ & $0.184558$ & $0.29687$ & $0.207627$ & $-0.0119664$ \\
eHZZint & $0.515015$ & $-0.22042$ & $-0.497586$ & $0.17461$ & $-0.0637211$ & $0.0405665$ & $0.124184$ & $-0.0831187$ & $-0.0773331$ & $0.101142$ & $0.0293742$ & $0.239808$ & $-0.262205$ & $0.129311$ & $0.0748727$ & $0.0273119$ & $0.114624$ & $0.0465567$ & $0.0623675$ & $-0.0558372$ & $-0.0543517$ & $-0.0463986$ & $-0.0866835$ & $0.0859897$ & $0.0191455$ & $0.0294868$ & $-0.153486$ & $0.00765212$ & $-0.0182114$ & $-0.0792714$ & $-0.0165219$ & $0.118242$ & $-0.11797$ & $-0.103126$ & $0.143657$ & $-0.0984499$ & $0.354877$ & $0.0986517$ & $1$ & $0.120512$ & $-0.386386$ & $0.157844$ & $0.466618$ & $0.22364$ & $0.403871$ & $-0.314887$ & $0.375832$ & $0.145275$ & $-0.36502$ \\
eHZZpar & $-0.168272$ & $-0.278453$ & $0.232127$ & $-0.477612$ & $-0.158544$ & $-0.0155988$ & $-0.00757337$ & $0.111177$ & $0.110711$ & $-0.0203861$ & $-0.120733$ & $0.0271195$ & $-0.0569133$ & $0.0196286$ & $-0.0856896$ & $-0.0731221$ & $-0.0116899$ & $0.0364759$ & $0.0339553$ & $0.0874217$ & $0.102614$ & $0.0770336$ & $-0.0133284$ & $-0.0622742$ & $0.0281936$ & $0.0409552$ & $0.132535$ & $-0.00627324$ & $-0.00513043$ & $-0.0768871$ & $-0.0088405$ & $-0.0277902$ & $-0.0947281$ & $0.134659$ & $0.0535404$ & $-0.14367$ & $0.0966898$ & $0.155819$ & $0.120512$ & $1$ & $-0.0203687$ & $-0.113504$ & $0.21535$ & $-0.132054$ & $0.0574447$ & $0.381887$ & $0.155517$ & $-0.000902391$ & $-0.19923$ \\
eHZgaint & $0.0849382$ & $0.241956$ & $0.36817$ & $-0.336485$ & $-0.0684211$ & $0.00213684$ & $0.24503$ & $0.0125856$ & $0.0168394$ & $0.000663527$ & $-0.0212839$ & $0.236362$ & $-0.328744$ & $0.0194659$ & $-0.0581592$ & $-0.0254397$ & $0.00834222$ & $0.0391037$ & $0.0301293$ & $0.00798859$ & $0.0166388$ & $0.0315721$ & $-0.0158655$ & $-0.00583254$ & $0.0381055$ & $0.0249925$ & $0.0586475$ & $-0.0274485$ & $-0.0169447$ & $-0.0791802$ & $-0.0467203$ & $0.236423$ & $-0.0414118$ & $0.0488594$ & $0.0462845$ & $-0.387845$ & $-0.197928$ & $-0.395541$ & $-0.386386$ & $-0.0203687$ & $1$ & $-0.379741$ & $-0.292212$ & $-0.505102$ & $0.205338$ & $-0.134937$ & $-0.262974$ & $-0.0637409$ & $0.552092$ \\
eHZgapar & $0.257355$ & $-0.164977$ & $-0.229174$ & $0.411228$ & $0.0809383$ & $-0.00458544$ & $0.156806$ & $-0.0111042$ & $-0.0118224$ & $-0.0417444$ & $0.0302023$ & $0.107151$ & $-0.167469$ & $-0.0182767$ & $-0.0201908$ & $-0.0558947$ & $-0.00888521$ & $0.00829145$ & $0.00639069$ & $-0.0302098$ & $-0.0115361$ & $-0.0125303$ & $-0.00356223$ & $-0.0120852$ & $0.010911$ & $-0.0152676$ & $0.0215919$ & $0.0287733$ & $-0.0203674$ & $-0.0393615$ & $-0.0132803$ & $0.152115$ & $-0.0684668$ & $0.0115942$ & $-0.37603$ & $0.156446$ & $0.109393$ & $-0.110707$ & $0.157844$ & $-0.113504$ & $-0.379741$ & $1$ & $-0.209335$ & $0.305759$ & $-0.141194$ & $-0.313069$ & $-0.078653$ & $-0.164824$ & $-0.358829$ \\
eHgagaint & $0.0559832$ & $0.0388156$ & $-0.269845$ & $0.0281299$ & $-0.0583102$ & $0.0288855$ & $-0.0307422$ & $0.017297$ & $0.0319507$ & $0.0228095$ & $-0.0221877$ & $-0.124698$ & $0.245129$ & $-0.00705818$ & $0.0475046$ & $-0.00470349$ & $-0.0225872$ & $-0.0479007$ & $-0.00259652$ & $0.0504952$ & $0.0303903$ & $0.0241536$ & $-0.0346241$ & $-0.0205276$ & $-0.0416246$ & $0.0208593$ & $-0.0255167$ & $-0.00243213$ & $0.0262014$ & $0.0811717$ & $0.0486052$ & $0.00777676$ & $0.0985581$ & $-0.0367925$ & $0.365397$ & $0.287698$ & $0.355448$ & $0.423945$ & $0.466618$ & $0.21535$ & $-0.292212$ & $-0.209335$ & $1$ & $0.363491$ & $0.237721$ & $-0.0605375$ & $0.492595$ & $0.387855$ & $0.0103627$ \\
eHmumuint & $-0.215636$ & $-0.138273$ & $-0.341594$ & $0.38627$ & $-0.0687947$ & $-0.00838707$ & $-0.177171$ & $0.0441858$ & $0.0465561$ & $-0.127331$ & $0.0153728$ & $-0.38371$ & $0.483869$ & $-0.142003$ & $-0.0107812$ & $-0.0581367$ & $-0.116699$ & $-0.091626$ & $-0.0737745$ & $0.00449305$ & $0.0414289$ & $0.0226876$ & $0.0230114$ & $-0.0828757$ & $-0.0738036$ & $-0.0111351$ & $0.0621015$ & $0.0446799$ & $0.0297455$ & $0.162496$ & $0.090749$ & $-0.140615$ & $0.152065$ & $0.0293618$ & $0.219415$ & $0.647224$ & $0.296283$ & $0.205641$ & $0.22364$ & $-0.132054$ & $-0.505102$ & $0.305759$ & $0.363491$ & $1$ & $0.0101563$ & $-0.0763593$ & $0.441244$ & $0.00578858$ & $-0.196661$ \\
eHtautauint & $0.343496$ & $0.0806081$ & $-0.272335$ & $-0.157622$ & $-0.175389$ & $0.0342862$ & $0.0574385$ & $-0.00979486$ & $-0.00801252$ & $0.0067627$ & $-0.0119624$ & $0.103384$ & $-0.141402$ & $0.0383513$ & $-0.018797$ & $0.00538621$ & $0.030264$ & $0.0219977$ & $0.00739291$ & $-0.00499827$ & $0.0226158$ & $0.0097062$ & $-0.0391656$ & $0.0189849$ & $-0.00663728$ & $0.0264932$ & $-0.0147019$ & $0.0181052$ & $-0.0163478$ & $-0.0564094$ & $-0.00981216$ & $0.052342$ & $-0.0662462$ & $-0.00349363$ & $0.458004$ & $-0.208155$ & $0.357181$ & $0.0452403$ & $0.403871$ & $0.0574447$ & $0.205338$ & $-0.141194$ & $0.237721$ & $0.0101563$ & $1$ & $-0.334252$ & $0.368335$ & $0.336245$ & $-0.0553481$ \\
eHccint & $-0.754064$ & $-0.261298$ & $0.256234$ & $-0.309141$ & $-0.0543929$ & $-0.0328453$ & $-0.111318$ & $0.119814$ & $0.113643$ & $-0.0919292$ & $-0.0908737$ & $-0.198624$ & $0.187253$ & $-0.055661$ & $-0.0646091$ & $-0.0125047$ & $-0.0663803$ & $-0.0218357$ & $-0.0409088$ & $0.0662535$ & $0.0696419$ & $0.0706861$ & $0.0478369$ & $-0.0703527$ & $-0.000357977$ & $0.0325912$ & $0.156693$ & $-0.00476926$ & $0.00230113$ & $-0.0130459$ & $0.00442384$ & $-0.122667$ & $0.00664324$ & $0.132499$ & $0.0969617$ & $0.187663$ & $-0.21599$ & $0.184558$ & $-0.314887$ & $0.381887$ & $-0.134937$ & $-0.313069$ & $-0.0605375$ & $-0.0763593$ & $-0.334252$ & $1$ & $-0.286434$ & $0.000334804$ & $0.0660874$ \\
eHccpar & $0.200367$ & $0.0141969$ & $-0.297593$ & $0.0809724$ & $-0.0460498$ & $0.0311177$ & $-0.129073$ & $-0.0328721$ & $-0.0273029$ & $0.0128181$ & $0.0374892$ & $-0.22148$ & $0.31354$ & $-0.0103684$ & $0.0499712$ & $0.0290897$ & $-0.00961537$ & $-0.0347065$ & $-0.0398626$ & $-0.0268981$ & $-0.00475614$ & $-0.0372899$ & $-0.0575098$ & $0.0102322$ & $-0.0624686$ & $0.0148623$ & $-0.0911294$ & $0.00605024$ & $0.0308809$ & $0.114333$ & $0.0969638$ & $-0.105161$ & $0.0978194$ & $-0.0591176$ & $0.279153$ & $0.197635$ & $0.367636$ & $0.29687$ & $0.375832$ & $0.155517$ & $-0.262974$ & $-0.078653$ & $0.492595$ & $0.441244$ & $0.368335$ & $-0.286434$ & $1$ & $0.13554$ & $-0.116465$ \\
eHbbint & $0.11628$ & $0.212531$ & $-0.12148$ & $-0.00099315$ & $-0.127192$ & $0.0184111$ & $-0.116309$ & $-0.0175504$ & $-0.0181635$ & $0.0302119$ & $0.000965795$ & $-0.00319485$ & $0.0241979$ & $0.026049$ & $-0.0250798$ & $0.00418912$ & $0.0360803$ & $0.0321324$ & $0.0285292$ & $-0.0169399$ & $0.00865686$ & $-0.0134354$ & $-0.00597933$ & $0.0144864$ & $0.012157$ & $7.34374e-05$ & $-0.016796$ & $-0.00121271$ & $0.00682295$ & $-0.0268268$ & $-0.0166141$ & $-0.129735$ & $0.0275404$ & $0.00948429$ & $0.484149$ & $0.0319271$ & $0.498018$ & $0.207627$ & $0.145275$ & $-0.000902391$ & $-0.0637409$ & $-0.164824$ & $0.387855$ & $0.00578858$ & $0.336245$ & $0.000334804$ & $0.13554$ & $1$ & $0.336686$ \\
eHbbpar & $-0.00277789$ & $0.469224$ & $0.233111$ & $-0.103632$ & $-0.0473514$ & $-0.00161494$ & $0.0457344$ & $-0.0327109$ & $-0.0276256$ & $-0.0110862$ & $0.0481684$ & $0.0124566$ & $0.00983844$ & $-0.0476842$ & $-0.0469745$ & $-0.0515177$ & $-0.0133599$ & $0.00852492$ & $0.0340337$ & $-0.0394$ & $-0.00887943$ & $-0.00946237$ & $0.0179233$ & $-0.020685$ & $0.0402797$ & $0.0352814$ & $0.0843811$ & $-0.0384005$ & $0.00992991$ & $0.0227478$ & $0.000136857$ & $0.0533461$ & $0.120788$ & $0.0119933$ & $0.14906$ & $-0.0129164$ & $0.00495697$ & $-0.0119664$ & $-0.36502$ & $-0.19923$ & $0.552092$ & $-0.358829$ & $0.0103627$ & $-0.196661$ & $-0.0553481$ & $0.0660874$ & $-0.116465$ & $0.336686$ & $1$ \\
