 & AlsMz & dAle5Mz & mtop & mHl & Mz & CW & CHG & CHWB & CHWHB_gaga & CHWHB_gagaorth & CHD & CHbox & CH & CHL1_11 & CHL1_22 & CHL1_33 & CHL3_11 & CHL3_22 & CHL3_33 & CHe_11 & CHe_22 & CHe_33 & CHQ1_11 & CHQ1_33 & CHQ3_11 & CHu_11 & CHd_11 & CHd_33 & CeH_22r & CeH_33r & CuH_22r & CuH_33r & CdH_33r & CLL_1221 & eHggint & eHggpar & eHWWint & eHWWpar & eHZZint & eHZZpar & eHZgaint & eHZgapar & eHgagaint & eHmumuint & eHtautauint & eHccint & eHccpar & eHbbint & eHbbpar \\
AlsMz & $1$ & $-0.221194$ & $0.0376741$ & $0.0291972$ & $-0.0202351$ & $-0.0159868$ & $0.0429633$ & $0.0254431$ & $0.0336198$ & $-0.0519543$ & $-0.0185814$ & $-0.0452267$ & $0.0106979$ & $-0.0102725$ & $-0.0201281$ & $-0.00587144$ & $-0.00531391$ & $-0.00237974$ & $-0.0101823$ & $0.00529533$ & $0.0186404$ & $0.0122376$ & $-0.0150306$ & $-0.050532$ & $-0.0695751$ & $-0.013237$ & $-0.00037014$ & $-0.00845656$ & $0.0129763$ & $0.0462853$ & $-0.0306693$ & $0.0355574$ & $0.0843698$ & $0.0388723$ & $-0.300914$ & $0.0722973$ & $-0.395523$ & $-0.0268679$ & $-0.244767$ & $-0.004425$ & $0.234431$ & $-0.0250633$ & $0.119673$ & $-0.12287$ & $-0.170141$ & $-0.101896$ & $-0.289323$ & $-0.0588416$ & $0.101402$ \\
dAle5Mz & $-0.221194$ & $1$ & $0.387453$ & $-0.100564$ & $-0.0290618$ & $0.00615875$ & $-0.0531552$ & $-0.0474796$ & $-0.0601002$ & $0.0270838$ & $0.048771$ & $0.0435152$ & $0.0147642$ & $-0.0140491$ & $-0.0232592$ & $-0.0888553$ & $-0.0076824$ & $0.000237894$ & $0.043984$ & $-0.0403596$ & $-0.0323427$ & $-0.0393053$ & $0.00721314$ & $0.0278623$ & $0.0468257$ & $0.0354275$ & $0.05609$ & $0.0388084$ & $-0.0375665$ & $0.00771917$ & $0.0497429$ & $-0.02647$ & $0.102361$ & $-0.00031536$ & $0.415403$ & $0.14689$ & $-0.0761956$ & $-0.024033$ & $0.349907$ & $-0.0581018$ & $-0.355767$ & $0.0650157$ & $-0.0920826$ & $0.0725308$ & $0.36251$ & $0.0445586$ & $0.435644$ & $0.310484$ & $0.440708$ \\
mtop & $0.0376741$ & $0.387453$ & $1$ & $0.427519$ & $-0.0416762$ & $-0.00390836$ & $-0.0207754$ & $-0.0223316$ & $-0.027548$ & $-0.0135088$ & $0.00364285$ & $-0.0372103$ & $-0.0343193$ & $0.0298377$ & $0.00258926$ & $0.00333876$ & $0.0375011$ & $0.0326272$ & $0.0328269$ & $0.00168499$ & $0.000132569$ & $0.00559961$ & $-0.0347987$ & $0.0326736$ & $0.0352767$ & $0.00980741$ & $-0.0101584$ & $0.0162135$ & $0.0258193$ & $0.0246801$ & $-0.0407136$ & $-0.0267331$ & $0.0909903$ & $-0.0103038$ & $-0.202136$ & $-0.0901277$ & $-0.541232$ & $-0.0272448$ & $0.173403$ & $-0.129825$ & $-0.103875$ & $-0.0831$ & $-0.278773$ & $-0.112782$ & $0.190544$ & $-0.163555$ & $-0.181503$ & $-0.137139$ & $0.367229$ \\
mHl & $0.0291972$ & $-0.100564$ & $0.427519$ & $1$ & $-0.00786409$ & $-0.00705111$ & $-0.000521327$ & $-0.0112106$ & $-0.011581$ & $0.00159175$ & $-0.00903558$ & $-0.0303936$ & $-0.0478627$ & $0.0414969$ & $0.048829$ & $0.0434787$ & $0.0370277$ & $0.0107352$ & $0.0166817$ & $0.0120567$ & $0.00208524$ & $0.00293281$ & $-0.0164124$ & $0.0464001$ & $0.0174013$ & $-0.0254309$ & $-0.0512879$ & $0.0319715$ & $0.0583838$ & $0.0140782$ & $-0.06868$ & $-0.0231395$ & $0.0373076$ & $-0.0504013$ & $-0.437604$ & $-0.25646$ & $-0.209178$ & $-0.142293$ & $0.0165034$ & $0.096721$ & $0.124424$ & $-0.011963$ & $-0.386422$ & $-0.347213$ & $-0.0929891$ & $-0.177393$ & $-0.400208$ & $-0.142092$ & $0.0918939$ \\
Mz & $-0.0202351$ & $-0.0290618$ & $-0.0416762$ & $-0.00786409$ & $1$ & $-0.00271945$ & $0.0294789$ & $0.0279284$ & $0.0304685$ & $0.0103511$ & $-0.0320898$ & $0.00206684$ & $-0.0144545$ & $0.0468545$ & $-0.000612884$ & $0.00565579$ & $0.0145508$ & $0.0227682$ & $0.018965$ & $0.0392577$ & $0.0407429$ & $0.0349475$ & $0.00850183$ & $-0.00715462$ & $0.0343809$ & $-0.0200944$ & $0.0383961$ & $0.041094$ & $-0.011275$ & $-0.00469579$ & $0.0126999$ & $0.0304521$ & $-0.00465509$ & $0.017157$ & $-0.0391762$ & $-0.0815078$ & $-0.00878051$ & $0.00796756$ & $0.0106917$ & $-0.0188104$ & $0.0439473$ & $0.0120959$ & $-0.00759306$ & $-0.0137396$ & $-0.0125047$ & $-0.00571003$ & $6.59981e-05$ & $-0.0172867$ & $0.0334976$ \\
CW & $-0.0159868$ & $0.00615875$ & $-0.00390836$ & $-0.00705111$ & $-0.00271945$ & $1$ & $0.0233142$ & $-0.150843$ & $-0.146713$ & $0.0394224$ & $0.215188$ & $0.0781048$ & $0.00248265$ & $0.00870147$ & $-0.0819117$ & $-0.123502$ & $-0.269719$ & $-0.0540015$ & $-0.0320869$ & $-0.211693$ & $-0.218743$ & $-0.219312$ & $-0.00164741$ & $0.00263033$ & $-0.0719805$ & $0.123097$ & $-0.0681223$ & $-0.0946036$ & $0.0301986$ & $-0.022995$ & $-0.051005$ & $0.0168069$ & $-0.0202894$ & $-0.142405$ & $0.0178507$ & $-0.0130314$ & $-0.0170448$ & $0.0174668$ & $-0.0112795$ & $0.0503871$ & $-0.0117457$ & $0.00845237$ & $-0.00353791$ & $0.0293455$ & $0.0737195$ & $-0.0565049$ & $-0.0247571$ & $-0.0161354$ & $-0.00575556$ \\
CHG & $0.0429633$ & $-0.0531552$ & $-0.0207754$ & $-0.000521327$ & $0.0294789$ & $0.0233142$ & $1$ & $-0.104441$ & $-0.0580362$ & $0.0568983$ & $0.0501376$ & $-0.178459$ & $-0.333136$ & $0.0767321$ & $0.0192467$ & $-0.0158659$ & $0.11284$ & $0.0924835$ & $0.122469$ & $-0.0445049$ & $-0.0582503$ & $-0.0526535$ & $-0.0101161$ & $0.131831$ & $0.108679$ & $0.0328248$ & $-0.0530386$ & $-0.0402978$ & $-0.000935142$ & $-0.127855$ & $-0.118236$ & $0.934907$ & $-0.182047$ & $-0.0985877$ & $-0.0338614$ & $-0.0376382$ & $-0.0329785$ & $0.00243582$ & $-0.036428$ & $0.099551$ & $-0.025528$ & $-0.00908843$ & $-0.0377098$ & $-0.0114061$ & $0.0648306$ & $0.00860494$ & $-0.113409$ & $-0.0409497$ & $-0.0218982$ \\
CHWB & $0.0254431$ & $-0.0474796$ & $-0.0223316$ & $-0.0112106$ & $0.0279284$ & $-0.150843$ & $-0.104441$ & $1$ & $0.985526$ & $-0.587307$ & $-0.88189$ & $-0.0832816$ & $0.352481$ & $0.0771494$ & $0.318223$ & $0.300895$ & $-0.257215$ & $-0.469705$ & $-0.451411$ & $0.853424$ & $0.899484$ & $0.882914$ & $0.0369662$ & $-0.678478$ & $-0.427376$ & $-0.492893$ & $0.414281$ & $0.317362$ & $0.0186879$ & $0.137562$ & $0.11026$ & $-0.0912141$ & $0.189334$ & $0.544715$ & $-0.0504915$ & $-0.032457$ & $0.0192529$ & $0.00585221$ & $-0.0529437$ & $-0.0555664$ & $0.0557586$ & $0.00181517$ & $0.00230549$ & $-0.02801$ & $-0.0683559$ & $0.0374406$ & $0.0048147$ & $-0.00591616$ & $0.017468$ \\
CHWHB_gaga & $0.0336198$ & $-0.0601002$ & $-0.027548$ & $-0.011581$ & $0.0304685$ & $-0.146713$ & $-0.0580362$ & $0.985526$ & $1$ & $-0.578501$ & $-0.866965$ & $-0.0650775$ & $0.347773$ & $0.0705594$ & $0.320539$ & $0.298913$ & $-0.258845$ & $-0.471923$ & $-0.449912$ & $0.840046$ & $0.883458$ & $0.866536$ & $0.0353241$ & $-0.66966$ & $-0.427263$ & $-0.482892$ & $0.404414$ & $0.310204$ & $0.0239897$ & $0.159734$ & $0.115267$ & $-0.0541137$ & $0.207075$ & $0.529775$ & $-0.0547552$ & $-0.0277012$ & $0.012647$ & $0.0111188$ & $-0.048761$ & $-0.0528671$ & $0.0708877$ & $-0.000993384$ & $0.0267735$ & $-0.0306367$ & $-0.0584446$ & $0.0186121$ & $-0.00983713$ & $-0.0156964$ & $0.0132826$ \\
CHWHB_gagaorth & $-0.0519543$ & $0.0270838$ & $-0.0135088$ & $0.00159175$ & $0.0103511$ & $0.0394224$ & $0.0568983$ & $-0.587307$ & $-0.578501$ & $1$ & $0.370866$ & $0.430678$ & $-0.237601$ & $0.241747$ & $-0.117937$ & $-0.131165$ & $0.449353$ & $0.500817$ & $0.510962$ & $-0.353277$ & $-0.388689$ & $-0.377944$ & $-0.0424909$ & $0.564211$ & $0.512755$ & $0.208257$ & $-0.23674$ & $-0.14696$ & $-0.0402941$ & $-0.134124$ & $-0.0898562$ & $0.0672003$ & $-0.174032$ & $-0.368174$ & $0.053028$ & $0.0140493$ & $0.0361031$ & $0.0545815$ & $0.0178799$ & $0.0442585$ & $-0.0467852$ & $0.0380611$ & $-0.0116226$ & $0.00701036$ & $0.0668151$ & $-0.0347421$ & $0.0109249$ & $0.00952952$ & $-0.00627717$ \\
CHD & $-0.0185814$ & $0.048771$ & $0.00364285$ & $-0.00903558$ & $-0.0320898$ & $0.215188$ & $0.0501376$ & $-0.88189$ & $-0.866965$ & $0.370866$ & $1$ & $0.187813$ & $-0.177834$ & $-0.489324$ & $-0.447789$ & $-0.41889$ & $-0.193949$ & $0.117949$ & $0.0933625$ & $-0.990606$ & $-0.99109$ & $-0.970111$ & $0.0315328$ & $0.321408$ & $0.0530935$ & $0.540204$ & $-0.275994$ & $-0.354115$ & $-0.0119564$ & $-0.0893977$ & $-0.100413$ & $0.0467158$ & $-0.137327$ & $-0.342718$ & $0.0572367$ & $0.0550059$ & $-0.0194303$ & $-0.0322789$ & $0.0596061$ & $0.0691593$ & $-0.0609176$ & $-0.0286709$ & $0.0106517$ & $0.0379218$ & $0.0684426$ & $-0.0374707$ & $-0.00407987$ & $0.0139156$ & $-0.026831$ \\
CHbox & $-0.0452267$ & $0.0435152$ & $-0.0372103$ & $-0.0303936$ & $0.00206684$ & $0.0781048$ & $-0.178459$ & $-0.0832816$ & $-0.0650775$ & $0.430678$ & $0.187813$ & $1$ & $0.486491$ & $-0.256116$ & $-0.002516$ & $0.0182969$ & $-0.220661$ & $-0.185228$ & $-0.194018$ & $-0.167039$ & $-0.192716$ & $-0.181367$ & $0.00169034$ & $-0.0711082$ & $-0.167673$ & $0.0987072$ & $-0.0744739$ & $-0.0759048$ & $-0.000773719$ & $0.31133$ & $0.0925663$ & $-0.087996$ & $0.378886$ & $-0.0714684$ & $0.0781206$ & $0.0785717$ & $0.0438092$ & $0.0163008$ & $0.0254738$ & $0.0158939$ & $-0.00379237$ & $-0.00872334$ & $-0.00290446$ & $0.0187914$ & $0.0390619$ & $-0.0231138$ & $0.0282524$ & $0.03701$ & $-0.0211952$ \\
CH & $0.0106979$ & $0.0147642$ & $-0.0343193$ & $-0.0478627$ & $-0.0144545$ & $0.00248265$ & $-0.333136$ & $0.352481$ & $0.347773$ & $-0.237601$ & $-0.177834$ & $0.486491$ & $1$ & $-0.249642$ & $0.0865562$ & $0.0949624$ & $-0.36124$ & $-0.39381$ & $-0.399846$ & $0.174017$ & $0.186988$ & $0.181516$ & $0.0330999$ & $-0.393744$ & $-0.376321$ & $-0.104806$ & $0.137993$ & $0.064551$ & $0.0259525$ & $0.288076$ & $0.14919$ & $-0.271338$ & $0.393434$ & $0.208047$ & $0.0324384$ & $0.0590529$ & $0.0333347$ & $-0.00368688$ & $-0.0297321$ & $-0.0456564$ & $0.0407489$ & $0.0264181$ & $0.0108538$ & $0.014638$ & $0.00353869$ & $0.00893739$ & $0.0144926$ & $0.0211976$ & $0.00920978$ \\
CHL1_11 & $-0.0102725$ & $-0.0140491$ & $0.0298377$ & $0.0414969$ & $0.0468545$ & $0.00870147$ & $0.0767321$ & $0.0771494$ & $0.0705594$ & $0.241747$ & $-0.489324$ & $-0.256116$ & $-0.249642$ & $1$ & $0.279818$ & $0.242125$ & $0.656044$ & $0.57675$ & $0.599683$ & $0.508488$ & $0.450192$ & $0.435101$ & $-0.120467$ & $0.470654$ & $0.602469$ & $-0.233974$ & $-0.111666$ & $0.173663$ & $0.00918025$ & $-0.0619244$ & $0.00841866$ & $0.059629$ & $-0.0533038$ & $-0.242292$ & $-0.0217188$ & $-0.0612368$ & $0.00388882$ & $0.0508871$ & $-0.0322342$ & $-0.0367548$ & $0.0187251$ & $0.0589194$ & $-0.0273273$ & $-0.0377798$ & $-0.00690738$ & $-0.0104689$ & $-0.0159598$ & $-0.00694377$ & $0.0353493$ \\
CHL1_22 & $-0.0201281$ & $-0.0232592$ & $0.00258926$ & $0.048829$ & $-0.000612884$ & $-0.0819117$ & $0.0192467$ & $0.318223$ & $0.320539$ & $-0.117937$ & $-0.447789$ & $-0.002516$ & $0.0865562$ & $0.279818$ & $1$ & $0.466773$ & $0.17437$ & $-0.463479$ & $-0.0429732$ & $0.512006$ & $0.362397$ & $0.35055$ & $-0.175849$ & $0.111272$ & $-0.149205$ & $-0.209949$ & $-0.403884$ & $0.13038$ & $-0.00141384$ & $0.0617316$ & $0.0774479$ & $0.0319062$ & $0.0638974$ & $-0.593888$ & $-0.037696$ & $-0.0371941$ & $0.0238986$ & $0.0100778$ & $-0.0191074$ & $-0.0101221$ & $0.0120449$ & $0.0311665$ & $-0.00990598$ & $0.0344314$ & $0.00263384$ & $0.00889596$ & $0.0346738$ & $-0.0575603$ & $-0.0187028$ \\
CHL1_33 & $-0.00587144$ & $-0.0888553$ & $0.00333876$ & $0.0434787$ & $0.00565579$ & $-0.123502$ & $-0.0158659$ & $0.300895$ & $0.298913$ & $-0.131165$ & $-0.41889$ & $0.0182969$ & $0.0949624$ & $0.242125$ & $0.466773$ & $1$ & $0.162836$ & $-0.0631635$ & $-0.450381$ & $0.482128$ & $0.335791$ & $0.356069$ & $-0.191606$ & $0.0946787$ & $-0.153345$ & $-0.192754$ & $-0.40616$ & $0.112601$ & $-0.00596497$ & $0.0723016$ & $0.04225$ & $-0.00437883$ & $0.0647944$ & $-0.115016$ & $-0.062522$ & $0.0133914$ & $-0.0117992$ & $0.00929809$ & $-0.0347598$ & $-0.0242586$ & $0.012489$ & $-0.0470332$ & $-0.0319305$ & $0.000494429$ & $-0.0721965$ & $0.0251967$ & $-0.012103$ & $-0.0726367$ & $-0.0638996$ \\
CHL3_11 & $-0.00531391$ & $-0.0076824$ & $0.0375011$ & $0.0370277$ & $0.0145508$ & $-0.269719$ & $0.11284$ & $-0.257215$ & $-0.258845$ & $0.449353$ & $-0.193949$ & $-0.220661$ & $-0.36124$ & $0.656044$ & $0.17437$ & $0.162836$ & $1$ & $0.720832$ & $0.726117$ & $0.217379$ & $0.159403$ & $0.151454$ & $-0.0928856$ & $0.680713$ & $0.771743$ & $-0.0887127$ & $-0.191106$ & $0.0588649$ & $-0.0270647$ & $-0.101401$ & $-0.0260447$ & $0.0915115$ & $-0.109356$ & $-0.276297$ & $-0.0245308$ & $-0.0501836$ & $-0.00341168$ & $0.0445327$ & $-0.00276139$ & $-0.0284652$ & $0.0162787$ & $0.0425459$ & $-0.01736$ & $-0.0211053$ & $-0.00823684$ & $0.0102375$ & $0.000260266$ & $-0.0167919$ & $0.0211039$ \\
CHL3_22 & $-0.00237974$ & $0.000237894$ & $0.0326272$ & $0.0107352$ & $0.0227682$ & $-0.0540015$ & $0.0924835$ & $-0.469705$ & $-0.471923$ & $0.500817$ & $0.117949$ & $-0.185228$ & $-0.39381$ & $0.57675$ & $-0.463479$ & $-0.0631635$ & $0.720832$ & $1$ & $0.677138$ & $-0.12038$ & $-0.110436$ & $-0.107124$ & $-0.0136622$ & $0.613258$ & $0.803919$ & $0.0718893$ & $-0.0111479$ & $-0.0341338$ & $-0.0123751$ & $-0.135458$ & $-0.076888$ & $0.0654664$ & $-0.146996$ & $0.0260671$ & $0.00430071$ & $-0.0184915$ & $-0.0196354$ & $0.0407858$ & $-0.00132836$ & $-0.0148962$ & $0.000730745$ & $0.0204017$ & $-0.0218791$ & $-0.0446888$ & $-0.00590912$ & $-0.00856653$ & $-0.0344766$ & $0.0179539$ & $0.0248549$ \\
CHL3_33 & $-0.0101823$ & $0.043984$ & $0.0328269$ & $0.0166817$ & $0.018965$ & $-0.0320869$ & $0.122469$ & $-0.451411$ & $-0.449912$ & $0.510962$ & $0.0933625$ & $-0.194018$ & $-0.399846$ & $0.599683$ & $-0.0429732$ & $-0.450381$ & $0.726117$ & $0.677138$ & $1$ & $-0.0948152$ & $-0.0868566$ & $-0.0881037$ & $0.00177707$ & $0.622826$ & $0.802516$ & $0.0553112$ & $-0.0072249$ & $-0.0165668$ & $-0.00718634$ & $-0.138556$ & $-0.0511435$ & $0.0970173$ & $-0.14666$ & $-0.349405$ & $0.0248697$ & $-0.048705$ & $0.00853959$ & $0.0402216$ & $0.0153583$ & $-0.00226347$ & $0.00619326$ & $0.0770678$ & $-0.0020671$ & $-0.0221552$ & $0.0504453$ & $-0.0226973$ & $-0.00585886$ & $0.0265927$ & $0.0547092$ \\
CHe_11 & $0.00529533$ & $-0.0403596$ & $0.00168499$ & $0.0120567$ & $0.0392577$ & $-0.211693$ & $-0.0445049$ & $0.853424$ & $0.840046$ & $-0.353277$ & $-0.990606$ & $-0.167039$ & $0.174017$ & $0.508488$ & $0.512006$ & $0.482128$ & $0.217379$ & $-0.12038$ & $-0.0948152$ & $1$ & $0.972234$ & $0.952292$ & $-0.0564901$ & $-0.266432$ & $-0.0451985$ & $-0.52957$ & $0.201888$ & $0.347916$ & $0.0110675$ & $0.0895365$ & $0.102483$ & $-0.0396208$ & $0.135015$ & $0.262625$ & $-0.0526136$ & $-0.0521137$ & $0.0207599$ & $0.035505$ & $-0.0573635$ & $-0.0694013$ & $0.0554197$ & $0.0304474$ & $-0.0174453$ & $-0.0330732$ & $-0.0623602$ & $0.038527$ & $0.0102767$ & $-0.0189329$ & $0.0248523$ \\
CHe_22 & $0.0186404$ & $-0.0323427$ & $0.000132569$ & $0.00208524$ & $0.0407429$ & $-0.218743$ & $-0.0582503$ & $0.899484$ & $0.883458$ & $-0.388689$ & $-0.99109$ & $-0.192716$ & $0.186988$ & $0.450192$ & $0.362397$ & $0.335791$ & $0.159403$ & $-0.110436$ & $-0.0868566$ & $0.972234$ & $1$ & $0.974982$ & $-0.00255957$ & $-0.378282$ & $-0.0571614$ & $-0.542466$ & $0.360824$ & $0.356669$ & $0.014416$ & $0.0899986$ & $0.100594$ & $-0.055124$ & $0.142789$ & $0.431132$ & $-0.0498616$ & $-0.0553126$ & $0.0187258$ & $0.0292522$ & $-0.0553612$ & $-0.0713498$ & $0.0574579$ & $0.0276568$ & $-0.0111795$ & $-0.0418614$ & $-0.0637343$ & $0.0390856$ & $0.00765531$ & $-0.00199625$ & $0.0402868$ \\
CHe_33 & $0.0122376$ & $-0.0393053$ & $0.00559961$ & $0.00293281$ & $0.0349475$ & $-0.219312$ & $-0.0526535$ & $0.882914$ & $0.866536$ & $-0.377944$ & $-0.970111$ & $-0.181367$ & $0.181516$ & $0.435101$ & $0.35055$ & $0.356069$ & $0.151454$ & $-0.107124$ & $-0.0881037$ & $0.952292$ & $0.974982$ & $1$ & $0.00247894$ & $-0.372014$ & $-0.0588013$ & $-0.534642$ & $0.354215$ & $0.347757$ & $0.0115582$ & $0.0850591$ & $0.0919626$ & $-0.0501559$ & $0.135477$ & $0.430109$ & $-0.0496088$ & $-0.0469016$ & $0.0192917$ & $0.0317719$ & $-0.0477327$ & $-0.0743318$ & $0.0634025$ & $0.0205663$ & $-0.00802846$ & $-0.0453074$ & $-0.0640075$ & $0.0394214$ & $0.0044028$ & $-0.0105043$ & $0.0267747$ \\
CHQ1_11 & $-0.0150306$ & $0.00721314$ & $-0.0347987$ & $-0.0164124$ & $0.00850183$ & $-0.00164741$ & $-0.0101161$ & $0.0369662$ & $0.0353241$ & $-0.0424909$ & $0.0315328$ & $0.00169034$ & $0.0330999$ & $-0.120467$ & $-0.175849$ & $-0.191606$ & $-0.0928856$ & $-0.0136622$ & $0.00177707$ & $-0.0564901$ & $-0.00255957$ & $0.00247894$ & $1$ & $-0.139373$ & $0.0560542$ & $-0.671453$ & $0.324396$ & $0.0108641$ & $0.00642736$ & $0.012821$ & $0.0159957$ & $-0.0174455$ & $0.0193034$ & $0.187774$ & $0.0141908$ & $0.0534546$ & $0.00167229$ & $-0.0422595$ & $0.022179$ & $0.011801$ & $0.00959717$ & $0.00936019$ & $0.0354678$ & $0.000303976$ & $-0.0140146$ & $-0.0442492$ & $-0.00109783$ & $0.0132519$ & $-0.0248333$ \\
CHQ1_33 & $-0.050532$ & $0.0278623$ & $0.0326736$ & $0.0464001$ & $-0.00715462$ & $0.00263033$ & $0.131831$ & $-0.678478$ & $-0.66966$ & $0.564211$ & $0.321408$ & $-0.0711082$ & $-0.393744$ & $0.470654$ & $0.111272$ & $0.0946787$ & $0.680713$ & $0.613258$ & $0.622826$ & $-0.266432$ & $-0.378282$ & $-0.372014$ & $-0.139373$ & $1$ & $0.637047$ & $0.217853$ & $-0.439138$ & $-0.0232431$ & $-0.0175307$ & $-0.132614$ & $-0.0694313$ & $0.11171$ & $-0.168418$ & $-0.643387$ & $0.0120034$ & $-0.0153523$ & $0.000470082$ & $0.0214209$ & $0.0372726$ & $0.0248341$ & $-0.017724$ & $0.0299728$ & $-0.0127561$ & $0.0145039$ & $0.033202$ & $-0.0165908$ & $0.0119942$ & $-0.0123161$ & $8.77488e-05$ \\
CHQ3_11 & $-0.0695751$ & $0.0468257$ & $0.0352767$ & $0.0174013$ & $0.0343809$ & $-0.0719805$ & $0.108679$ & $-0.427376$ & $-0.427263$ & $0.512755$ & $0.0530935$ & $-0.167673$ & $-0.376321$ & $0.602469$ & $-0.149205$ & $-0.153345$ & $0.771743$ & $0.803919$ & $0.802516$ & $-0.0451985$ & $-0.0571614$ & $-0.0588013$ & $0.0560542$ & $0.637047$ & $1$ & $0.0448184$ & $0.186044$ & $-0.0146677$ & $-0.0111333$ & $-0.113257$ & $-0.0365698$ & $0.0901385$ & $-0.119318$ & $-0.208643$ & $0.026536$ & $-0.0489758$ & $0.0159663$ & $0.0414658$ & $0.0281187$ & $-0.00783348$ & $0.00324323$ & $0.0631719$ & $-0.0198623$ & $0.00183323$ & $0.0369251$ & $0.00418345$ & $0.0237296$ & $0.0285941$ & $0.0480438$ \\
CHu_11 & $-0.013237$ & $0.0354275$ & $0.00980741$ & $-0.0254309$ & $-0.0200944$ & $0.123097$ & $0.0328248$ & $-0.492893$ & $-0.482892$ & $0.208257$ & $0.540204$ & $0.0987072$ & $-0.104806$ & $-0.233974$ & $-0.209949$ & $-0.192754$ & $-0.0887127$ & $0.0718893$ & $0.0553112$ & $-0.52957$ & $-0.542466$ & $-0.534642$ & $-0.671453$ & $0.217853$ & $0.0448184$ & $1$ & $-0.152935$ & $-0.192392$ & $-0.00493441$ & $-0.0451892$ & $-0.0697102$ & $0.0398797$ & $-0.079261$ & $-0.232743$ & $0.0386551$ & $0.00443053$ & $-0.0120224$ & $0.0176696$ & $0.03649$ & $0.0402252$ & $-0.0338411$ & $-0.0334819$ & $0.00862543$ & $0.0389194$ & $0.0506399$ & $0.0134014$ & $0.0278846$ & $0.00767174$ & $0.00178504$ \\
CHd_11 & $-0.00037014$ & $0.05609$ & $-0.0101584$ & $-0.0512879$ & $0.0383961$ & $-0.0681223$ & $-0.0530386$ & $0.414281$ & $0.404414$ & $-0.23674$ & $-0.275994$ & $-0.0744739$ & $0.137993$ & $-0.111666$ & $-0.403884$ & $-0.40616$ & $-0.191106$ & $-0.0111479$ & $-0.0072249$ & $0.201888$ & $0.360824$ & $0.354215$ & $0.324396$ & $-0.439138$ & $0.186044$ & $-0.152935$ & $1$ & $0.11939$ & $0.0167297$ & $0.0478257$ & $0.0396248$ & $-0.0503793$ & $0.0923605$ & $0.688472$ & $0.0179718$ & $-0.022429$ & $0.0127768$ & $-0.00343936$ & $0.0198038$ & $-0.0162908$ & $0.0426254$ & $0.0258634$ & $0.02827$ & $-0.00418626$ & $-0.00271522$ & $0.0271017$ & $0.0379285$ & $0.0744708$ & $0.0813026$ \\
CHd_33 & $-0.00845656$ & $0.0388084$ & $0.0162135$ & $0.0319715$ & $0.041094$ & $-0.0946036$ & $-0.0402978$ & $0.317362$ & $0.310204$ & $-0.14696$ & $-0.354115$ & $-0.0759048$ & $0.064551$ & $0.173663$ & $0.13038$ & $0.112601$ & $0.0588649$ & $-0.0341338$ & $-0.0165668$ & $0.347916$ & $0.356669$ & $0.347757$ & $0.0108641$ & $-0.0232431$ & $-0.0146677$ & $-0.192392$ & $0.11939$ & $1$ & $-0.0250162$ & $0.0252779$ & $0.0436417$ & $-0.0421179$ & $0.0502142$ & $0.146343$ & $0.0110317$ & $0.00312923$ & $0.00887057$ & $0.00387621$ & $-0.00779633$ & $-0.0270636$ & $0.0495938$ & $0.0156325$ & $-0.00942018$ & $-0.0263598$ & $-0.0606958$ & $0.0144649$ & $0.028707$ & $0.0177909$ & $0.00320033$ \\
CeH_22r & $0.0129763$ & $-0.0375665$ & $0.0258193$ & $0.0583838$ & $-0.011275$ & $0.0301986$ & $-0.000935142$ & $0.0186879$ & $0.0239897$ & $-0.0402941$ & $-0.0119564$ & $-0.000773719$ & $0.0259525$ & $0.00918025$ & $-0.00141384$ & $-0.00596497$ & $-0.0270647$ & $-0.0123751$ & $-0.00718634$ & $0.0110675$ & $0.014416$ & $0.0115582$ & $0.00642736$ & $-0.0175307$ & $-0.0111333$ & $-0.00493441$ & $0.0167297$ & $-0.0250162$ & $1$ & $0.0388676$ & $-0.0147773$ & $-0.0142506$ & $0.0352445$ & $0.00551549$ & $-0.0621874$ & $-0.0107335$ & $-0.0326636$ & $-0.0121513$ & $0.0227484$ & $0.00744003$ & $0.0256804$ & $-0.00231352$ & $-0.00836344$ & $-0.0201439$ & $-0.00716928$ & $-0.0327059$ & $-0.0535027$ & $-0.038768$ & $-0.00388602$ \\
CeH_33r & $0.0462853$ & $0.00771917$ & $0.0246801$ & $0.0140782$ & $-0.00469579$ & $-0.022995$ & $-0.127855$ & $0.137562$ & $0.159734$ & $-0.134124$ & $-0.0893977$ & $0.31133$ & $0.288076$ & $-0.0619244$ & $0.0617316$ & $0.0723016$ & $-0.101401$ & $-0.135458$ & $-0.138556$ & $0.0895365$ & $0.0899986$ & $0.0850591$ & $0.012821$ & $-0.132614$ & $-0.113257$ & $-0.0451892$ & $0.0478257$ & $0.0252779$ & $0.0388676$ & $1$ & $0.327755$ & $0.0257487$ & $0.712916$ & $0.0590937$ & $-0.026118$ & $0.0283867$ & $-0.0978899$ & $-0.0366657$ & $0.018991$ & $-0.041164$ & $0.0199363$ & $-0.017428$ & $-0.00601835$ & $0.00363247$ & $0.0269241$ & $-0.0683845$ & $-0.0586757$ & $-0.0387508$ & $0.0122312$ \\
CuH_22r & $-0.0306693$ & $0.0497429$ & $-0.0407136$ & $-0.06868$ & $0.0126999$ & $-0.051005$ & $-0.118236$ & $0.11026$ & $0.115267$ & $-0.0898562$ & $-0.100413$ & $0.0925663$ & $0.14919$ & $0.00841866$ & $0.0774479$ & $0.04225$ & $-0.0260447$ & $-0.076888$ & $-0.0511435$ & $0.102483$ & $0.100594$ & $0.0919626$ & $0.0159957$ & $-0.0694313$ & $-0.0365698$ & $-0.0697102$ & $0.0396248$ & $0.0436417$ & $-0.0147773$ & $0.327755$ & $1$ & $-0.0220016$ & $0.401507$ & $0.0232752$ & $0.0308191$ & $-0.0495388$ & $0.0497283$ & $0.00611124$ & $0.00422993$ & $-0.0506794$ & $-0.0363572$ & $-0.00491462$ & $-0.0347528$ & $0.0798873$ & $-0.0284017$ & $0.128053$ & $0.14128$ & $0.0263452$ & $-0.000217062$ \\
CuH_33r & $0.0355574$ & $-0.02647$ & $-0.0267331$ & $-0.0231395$ & $0.0304521$ & $0.0168069$ & $0.934907$ & $-0.0912141$ & $-0.0541137$ & $0.0672003$ & $0.0467158$ & $-0.087996$ & $-0.271338$ & $0.059629$ & $0.0319062$ & $-0.00437883$ & $0.0915115$ & $0.0654664$ & $0.0970173$ & $-0.0396208$ & $-0.055124$ & $-0.0501559$ & $-0.0174455$ & $0.11171$ & $0.0901385$ & $0.0398797$ & $-0.0503793$ & $-0.0421179$ & $-0.0142506$ & $0.0257487$ & $-0.0220016$ & $1$ & $0.0162253$ & $-0.0980659$ & $0.0152088$ & $0.0094005$ & $-0.031605$ & $-0.00654983$ & $-0.0212367$ & $0.0995274$ & $-0.0388619$ & $0.00560005$ & $-0.0347546$ & $-0.0040474$ & $0.0890755$ & $0.00537413$ & $-0.112875$ & $-0.029982$ & $-0.0404341$ \\
CdH_33r & $0.0843698$ & $0.102361$ & $0.0909903$ & $0.0373076$ & $-0.00465509$ & $-0.0202894$ & $-0.182047$ & $0.189334$ & $0.207075$ & $-0.174032$ & $-0.137327$ & $0.378886$ & $0.393434$ & $-0.0533038$ & $0.0638974$ & $0.0647944$ & $-0.109356$ & $-0.146996$ & $-0.14666$ & $0.135015$ & $0.142789$ & $0.135477$ & $0.0193034$ & $-0.168418$ & $-0.119318$ & $-0.079261$ & $0.0923605$ & $0.0502142$ & $0.0352445$ & $0.712916$ & $0.401507$ & $0.0162253$ & $1$ & $0.102066$ & $-0.0711608$ & $-0.0368053$ & $-0.135345$ & $-0.0565304$ & $0.0398677$ & $-0.0558676$ & $0.0182684$ & $-0.0289802$ & $-0.05836$ & $-0.0784165$ & $0.0523263$ & $-0.0450719$ & $-0.0527861$ & $0.0452572$ & $0.231375$ \\
CLL_1221 & $0.0388723$ & $-0.00031536$ & $-0.0103038$ & $-0.0504013$ & $0.017157$ & $-0.142405$ & $-0.0985877$ & $0.544715$ & $0.529775$ & $-0.368174$ & $-0.342718$ & $-0.0714684$ & $0.208047$ & $-0.242292$ & $-0.593888$ & $-0.115016$ & $-0.276297$ & $0.0260671$ & $-0.349405$ & $0.262625$ & $0.431132$ & $0.430109$ & $0.187774$ & $-0.643387$ & $-0.208643$ & $-0.232743$ & $0.688472$ & $0.146343$ & $0.00551549$ & $0.0590937$ & $0.0232752$ & $-0.0980659$ & $0.102066$ & $1$ & $-0.01064$ & $0.00629182$ & $-0.0100946$ & $-0.00888204$ & $-0.015201$ & $-0.0387467$ & $0.0283076$ & $-0.0335824$ & $0.00894209$ & $-0.0517676$ & $-0.0584653$ & $0.0321019$ & $-0.0138188$ & $0.0482287$ & $0.0405408$ \\
eHggint & $-0.300914$ & $0.415403$ & $-0.202136$ & $-0.437604$ & $-0.0391762$ & $0.0178507$ & $-0.0338614$ & $-0.0504915$ & $-0.0547552$ & $0.053028$ & $0.0572367$ & $0.0781206$ & $0.0324384$ & $-0.0217188$ & $-0.037696$ & $-0.062522$ & $-0.0245308$ & $0.00430071$ & $0.0248697$ & $-0.0526136$ & $-0.0498616$ & $-0.0496088$ & $0.0141908$ & $0.0120034$ & $0.026536$ & $0.0386551$ & $0.0179718$ & $0.0110317$ & $-0.0621874$ & $-0.026118$ & $0.0308191$ & $0.0152088$ & $-0.0711608$ & $-0.01064$ & $1$ & $0.491797$ & $0.428434$ & $0.0310576$ & $0.0744897$ & $-0.0138575$ & $-0.236741$ & $0.141972$ & $0.197296$ & $0.163062$ & $0.268575$ & $0.110751$ & $0.334856$ & $0.451402$ & $-0.251722$ \\
eHggpar & $0.0722973$ & $0.14689$ & $-0.0901277$ & $-0.25646$ & $-0.0815078$ & $-0.0130314$ & $-0.0376382$ & $-0.032457$ & $-0.0277012$ & $0.0140493$ & $0.0550059$ & $0.0785717$ & $0.0590529$ & $-0.0612368$ & $-0.0371941$ & $0.0133914$ & $-0.0501836$ & $-0.0184915$ & $-0.048705$ & $-0.0521137$ & $-0.0553126$ & $-0.0469016$ & $0.0534546$ & $-0.0153523$ & $-0.0489758$ & $0.00443053$ & $-0.022429$ & $0.00312923$ & $-0.0107335$ & $0.0283867$ & $-0.0495388$ & $0.0094005$ & $-0.0368053$ & $0.00629182$ & $0.491797$ & $1$ & $0.00236424$ & $-0.00630809$ & $0.0617464$ & $0.0271931$ & $-0.0171542$ & $0.0717989$ & $0.383961$ & $-0.0839497$ & $0.000483231$ & $-0.246127$ & $-0.128858$ & $0.297396$ & $-0.392197$ \\
eHWWint & $-0.395523$ & $-0.0761956$ & $-0.541232$ & $-0.209178$ & $-0.00878051$ & $-0.0170448$ & $-0.0329785$ & $0.0192529$ & $0.012647$ & $0.0361031$ & $-0.0194303$ & $0.0438092$ & $0.0333347$ & $0.00388882$ & $0.0238986$ & $-0.0117992$ & $-0.00341168$ & $-0.0196354$ & $0.00853959$ & $0.0207599$ & $0.0187258$ & $0.0192917$ & $0.00167229$ & $0.000470082$ & $0.0159663$ & $-0.0120224$ & $0.0127768$ & $0.00887057$ & $-0.0326636$ & $-0.0978899$ & $0.0497283$ & $-0.031605$ & $-0.135345$ & $-0.0100946$ & $0.428434$ & $0.00236424$ & $1$ & $0.0257313$ & $-0.0868677$ & $0.16073$ & $-0.101146$ & $0.0325965$ & $0.0882296$ & $0.0320431$ & $-0.155618$ & $0.502069$ & $0.404732$ & $0.395448$ & $-0.319564$ \\
eHWWpar & $-0.0268679$ & $-0.024033$ & $-0.0272448$ & $-0.142293$ & $0.00796756$ & $0.0174668$ & $0.00243582$ & $0.00585221$ & $0.0111188$ & $0.0545815$ & $-0.0322789$ & $0.0163008$ & $-0.00368688$ & $0.0508871$ & $0.0100778$ & $0.00929809$ & $0.0445327$ & $0.0407858$ & $0.0402216$ & $0.035505$ & $0.0292522$ & $0.0317719$ & $-0.0422595$ & $0.0214209$ & $0.0414658$ & $0.0176696$ & $-0.00343936$ & $0.00387621$ & $-0.0121513$ & $-0.0366657$ & $0.00611124$ & $-0.00654983$ & $-0.0565304$ & $-0.00888204$ & $0.0310576$ & $-0.00630809$ & $0.0257313$ & $1$ & $-0.112151$ & $-0.0544331$ & $-0.0785138$ & $0.0235378$ & $0.101261$ & $-0.0142973$ & $0.0278638$ & $-0.0695385$ & $0.0919275$ & $-0.116912$ & $-0.0557054$ \\
eHZZint & $-0.244767$ & $0.349907$ & $0.173403$ & $0.0165034$ & $0.0106917$ & $-0.0112795$ & $-0.036428$ & $-0.0529437$ & $-0.048761$ & $0.0178799$ & $0.0596061$ & $0.0254738$ & $-0.0297321$ & $-0.0322342$ & $-0.0191074$ & $-0.0347598$ & $-0.00276139$ & $-0.00132836$ & $0.0153583$ & $-0.0573635$ & $-0.0553612$ & $-0.0477327$ & $0.022179$ & $0.0372726$ & $0.0281187$ & $0.03649$ & $0.0198038$ & $-0.00779633$ & $0.0227484$ & $0.018991$ & $0.00422993$ & $-0.0212367$ & $0.0398677$ & $-0.015201$ & $0.0744897$ & $0.0617464$ & $-0.0868677$ & $-0.112151$ & $1$ & $0.122233$ & $0.147083$ & $0.0578024$ & $0.302867$ & $0.0486101$ & $0.0988616$ & $0.00242346$ & $0.060025$ & $0.138244$ & $0.0979946$ \\
eHZZpar & $-0.004425$ & $-0.0581018$ & $-0.129825$ & $0.096721$ & $-0.0188104$ & $0.0503871$ & $0.099551$ & $-0.0555664$ & $-0.0528671$ & $0.0442585$ & $0.0691593$ & $0.0158939$ & $-0.0456564$ & $-0.0367548$ & $-0.0101221$ & $-0.0242586$ & $-0.0284652$ & $-0.0148962$ & $-0.00226347$ & $-0.0694013$ & $-0.0713498$ & $-0.0743318$ & $0.011801$ & $0.0248341$ & $-0.00783348$ & $0.0402252$ & $-0.0162908$ & $-0.0270636$ & $0.00744003$ & $-0.041164$ & $-0.0506794$ & $0.0995274$ & $-0.0558676$ & $-0.0387467$ & $-0.0138575$ & $0.0271931$ & $0.16073$ & $-0.0544331$ & $0.122233$ & $1$ & $-0.00947082$ & $0.0472125$ & $-0.0135799$ & $-0.0396193$ & $0.013182$ & $0.0489051$ & $-0.104803$ & $0.0352361$ & $-0.0956928$ \\
eHZgaint & $0.234431$ & $-0.355767$ & $-0.103875$ & $0.124424$ & $0.0439473$ & $-0.0117457$ & $-0.025528$ & $0.0557586$ & $0.0708877$ & $-0.0467852$ & $-0.0609176$ & $-0.00379237$ & $0.0407489$ & $0.0187251$ & $0.0120449$ & $0.012489$ & $0.0162787$ & $0.000730745$ & $0.00619326$ & $0.0554197$ & $0.0574579$ & $0.0634025$ & $0.00959717$ & $-0.017724$ & $0.00324323$ & $-0.0338411$ & $0.0426254$ & $0.0495938$ & $0.0256804$ & $0.0199363$ & $-0.0363572$ & $-0.0388619$ & $0.0182684$ & $0.0283076$ & $-0.236741$ & $-0.0171542$ & $-0.101146$ & $-0.0785138$ & $0.147083$ & $-0.00947082$ & $1$ & $0.0562616$ & $0.266144$ & $-0.282237$ & $-0.444051$ & $-0.0484752$ & $-0.291601$ & $-0.0351771$ & $-0.108954$ \\
eHZgapar & $-0.0250633$ & $0.0650157$ & $-0.0831$ & $-0.011963$ & $0.0120959$ & $0.00845237$ & $-0.00908843$ & $0.00181517$ & $-0.000993384$ & $0.0380611$ & $-0.0286709$ & $-0.00872334$ & $0.0264181$ & $0.0589194$ & $0.0311665$ & $-0.0470332$ & $0.0425459$ & $0.0204017$ & $0.0770678$ & $0.0304474$ & $0.0276568$ & $0.0205663$ & $0.00936019$ & $0.0299728$ & $0.0631719$ & $-0.0334819$ & $0.0258634$ & $0.0156325$ & $-0.00231352$ & $-0.017428$ & $-0.00491462$ & $0.00560005$ & $-0.0289802$ & $-0.0335824$ & $0.141972$ & $0.0717989$ & $0.0325965$ & $0.0235378$ & $0.0578024$ & $0.0472125$ & $0.0562616$ & $1$ & $-0.0299228$ & $-0.056456$ & $-0.00875668$ & $-0.0633977$ & $-0.0895709$ & $0.120737$ & $-0.0633745$ \\
eHgagaint & $0.119673$ & $-0.0920826$ & $-0.278773$ & $-0.386422$ & $-0.00759306$ & $-0.00353791$ & $-0.0377098$ & $0.00230549$ & $0.0267735$ & $-0.0116226$ & $0.0106517$ & $-0.00290446$ & $0.0108538$ & $-0.0273273$ & $-0.00990598$ & $-0.0319305$ & $-0.01736$ & $-0.0218791$ & $-0.0020671$ & $-0.0174453$ & $-0.0111795$ & $-0.00802846$ & $0.0354678$ & $-0.0127561$ & $-0.0198623$ & $0.00862543$ & $0.02827$ & $-0.00942018$ & $-0.00836344$ & $-0.00601835$ & $-0.0347528$ & $-0.0347546$ & $-0.05836$ & $0.00894209$ & $0.197296$ & $0.383961$ & $0.0882296$ & $0.101261$ & $0.302867$ & $-0.0135799$ & $0.266144$ & $-0.0299228$ & $1$ & $0.0228851$ & $0.0548931$ & $-0.269593$ & $0.0872804$ & $0.0697852$ & $-0.201818$ \\
eHmumuint & $-0.12287$ & $0.0725308$ & $-0.112782$ & $-0.347213$ & $-0.0137396$ & $0.0293455$ & $-0.0114061$ & $-0.02801$ & $-0.0306367$ & $0.00701036$ & $0.0379218$ & $0.0187914$ & $0.014638$ & $-0.0377798$ & $0.0344314$ & $0.000494429$ & $-0.0211053$ & $-0.0446888$ & $-0.0221552$ & $-0.0330732$ & $-0.0418614$ & $-0.0453074$ & $0.000303976$ & $0.0145039$ & $0.00183323$ & $0.0389194$ & $-0.00418626$ & $-0.0263598$ & $-0.0201439$ & $0.00363247$ & $0.0798873$ & $-0.0040474$ & $-0.0784165$ & $-0.0517676$ & $0.163062$ & $-0.0839497$ & $0.0320431$ & $-0.0142973$ & $0.0486101$ & $-0.0396193$ & $-0.282237$ & $-0.056456$ & $0.0228851$ & $1$ & $0.333999$ & $0.118881$ & $0.49362$ & $-0.25775$ & $-0.189456$ \\
eHtautauint & $-0.170141$ & $0.36251$ & $0.190544$ & $-0.0929891$ & $-0.0125047$ & $0.0737195$ & $0.0648306$ & $-0.0683559$ & $-0.0584446$ & $0.0668151$ & $0.0684426$ & $0.0390619$ & $0.00353869$ & $-0.00690738$ & $0.00263384$ & $-0.0721965$ & $-0.00823684$ & $-0.00590912$ & $0.0504453$ & $-0.0623602$ & $-0.0637343$ & $-0.0640075$ & $-0.0140146$ & $0.033202$ & $0.0369251$ & $0.0506399$ & $-0.00271522$ & $-0.0606958$ & $-0.00716928$ & $0.0269241$ & $-0.0284017$ & $0.0890755$ & $0.0523263$ & $-0.0584653$ & $0.268575$ & $0.000483231$ & $-0.155618$ & $0.0278638$ & $0.0988616$ & $0.013182$ & $-0.444051$ & $-0.00875668$ & $0.0548931$ & $0.333999$ & $1$ & $-0.446132$ & $0.0140961$ & $-0.248462$ & $0.293355$ \\
eHccint & $-0.101896$ & $0.0445586$ & $-0.163555$ & $-0.177393$ & $-0.00571003$ & $-0.0565049$ & $0.00860494$ & $0.0374406$ & $0.0186121$ & $-0.0347421$ & $-0.0374707$ & $-0.0231138$ & $0.00893739$ & $-0.0104689$ & $0.00889596$ & $0.0251967$ & $0.0102375$ & $-0.00856653$ & $-0.0226973$ & $0.038527$ & $0.0390856$ & $0.0394214$ & $-0.0442492$ & $-0.0165908$ & $0.00418345$ & $0.0134014$ & $0.0271017$ & $0.0144649$ & $-0.0327059$ & $-0.0683845$ & $0.128053$ & $0.00537413$ & $-0.0450719$ & $0.0321019$ & $0.110751$ & $-0.246127$ & $0.502069$ & $-0.0695385$ & $0.00242346$ & $0.0489051$ & $-0.0484752$ & $-0.0633977$ & $-0.269593$ & $0.118881$ & $-0.446132$ & $1$ & $0.522428$ & $0.306347$ & $-0.0635296$ \\
eHccpar & $-0.289323$ & $0.435644$ & $-0.181503$ & $-0.400208$ & $6.59981e-05$ & $-0.0247571$ & $-0.113409$ & $0.0048147$ & $-0.00983713$ & $0.0109249$ & $-0.00407987$ & $0.0282524$ & $0.0144926$ & $-0.0159598$ & $0.0346738$ & $-0.012103$ & $0.000260266$ & $-0.0344766$ & $-0.00585886$ & $0.0102767$ & $0.00765531$ & $0.0044028$ & $-0.00109783$ & $0.0119942$ & $0.0237296$ & $0.0278846$ & $0.0379285$ & $0.028707$ & $-0.0535027$ & $-0.0586757$ & $0.14128$ & $-0.112875$ & $-0.0527861$ & $-0.0138188$ & $0.334856$ & $-0.128858$ & $0.404732$ & $0.0919275$ & $0.060025$ & $-0.104803$ & $-0.291601$ & $-0.0895709$ & $0.0872804$ & $0.49362$ & $0.0140961$ & $0.522428$ & $1$ & $0.122389$ & $0.0550281$ \\
eHbbint & $-0.0588416$ & $0.310484$ & $-0.137139$ & $-0.142092$ & $-0.0172867$ & $-0.0161354$ & $-0.0409497$ & $-0.00591616$ & $-0.0156964$ & $0.00952952$ & $0.0139156$ & $0.03701$ & $0.0211976$ & $-0.00694377$ & $-0.0575603$ & $-0.0726367$ & $-0.0167919$ & $0.0179539$ & $0.0265927$ & $-0.0189329$ & $-0.00199625$ & $-0.0105043$ & $0.0132519$ & $-0.0123161$ & $0.0285941$ & $0.00767174$ & $0.0744708$ & $0.0177909$ & $-0.038768$ & $-0.0387508$ & $0.0263452$ & $-0.029982$ & $0.0452572$ & $0.0482287$ & $0.451402$ & $0.297396$ & $0.395448$ & $-0.116912$ & $0.138244$ & $0.0352361$ & $-0.0351771$ & $0.120737$ & $0.0697852$ & $-0.25775$ & $-0.248462$ & $0.306347$ & $0.122389$ & $1$ & $0.0862613$ \\
eHbbpar & $0.101402$ & $0.440708$ & $0.367229$ & $0.0918939$ & $0.0334976$ & $-0.00575556$ & $-0.0218982$ & $0.017468$ & $0.0132826$ & $-0.00627717$ & $-0.026831$ & $-0.0211952$ & $0.00920978$ & $0.0353493$ & $-0.0187028$ & $-0.0638996$ & $0.0211039$ & $0.0248549$ & $0.0547092$ & $0.0248523$ & $0.0402868$ & $0.0267747$ & $-0.0248333$ & $8.77488e-05$ & $0.0480438$ & $0.00178504$ & $0.0813026$ & $0.00320033$ & $-0.00388602$ & $0.0122312$ & $-0.000217062$ & $-0.0404341$ & $0.231375$ & $0.0405408$ & $-0.251722$ & $-0.392197$ & $-0.319564$ & $-0.0557054$ & $0.0979946$ & $-0.0956928$ & $-0.108954$ & $-0.0633745$ & $-0.201818$ & $-0.189456$ & $0.293355$ & $-0.0635296$ & $0.0550281$ & $0.0862613$ & $1$ \\
