 & AlsMz & dAle5Mz & mtop & mHl & Mz & CW & CHG & CHWB & CHWHB_gaga & CHWHB_gagaorth & CHD & CHbox & CH & CHL1_11 & CHL1_22 & CHL1_33 & CHL3_11 & CHL3_22 & CHL3_33 & CHe_11 & CHe_22 & CHe_33 & CHQ1_11 & CHQ1_33 & CHQ3_11 & CHu_11 & CHd_11 & CHd_33 & CeH_22r & CeH_33r & CuH_22r & CuH_33r & CdH_33r & CLL_1221 & eHggint & eHggpar & eHWWint & eHWWpar & eHZZint & eHZZpar & eHZgaint & eHZgapar & eHgagaint & eHmumuint & eHtautauint & eHccint & eHccpar & eHbbint & eHbbpar \\
AlsMz & $1$ & $-0.0124672$ & $-0.333713$ & $0.085665$ & $-0.000878668$ & $-0.0131983$ & $0.00653656$ & $-0.0126713$ & $-0.0258315$ & $0.00532423$ & $-0.00350611$ & $-0.000978206$ & $0.00391349$ & $0.00760193$ & $-0.0084337$ & $0.00705256$ & $0.0143635$ & $0.0192732$ & $0.00977821$ & $-0.00546392$ & $-0.00701419$ & $-0.00654486$ & $-0.00455887$ & $-0.0396952$ & $-0.0858531$ & $-0.0272127$ & $-0.0337329$ & $0.0115733$ & $-0.0172841$ & $-0.0335324$ & $0.0512733$ & $-0.00104827$ & $-0.0579354$ & $-0.00465917$ & $0.0906536$ & $-0.137075$ & $0.160991$ & $0.021257$ & $0.137763$ & $-0.0525985$ & $-0.0282342$ & $0.0403921$ & $-0.197759$ & $-0.0960474$ & $0.150461$ & $-0.0875703$ & $0.236432$ & $0.301956$ & $-0.170181$ \\
dAle5Mz & $-0.0124672$ & $1$ & $-0.0634021$ & $0.0211303$ & $-0.00870866$ & $0.0145209$ & $0.0081038$ & $-0.0724802$ & $-0.0839837$ & $0.0316476$ & $0.0569373$ & $0.0427855$ & $-0.000873905$ & $-0.0201497$ & $-0.0255489$ & $-0.0220384$ & $0.0189498$ & $0.0222993$ & $0.0168882$ & $-0.0375002$ & $-0.0349849$ & $-0.0362938$ & $-0.00131468$ & $0.0186588$ & $0.0162028$ & $0.0141207$ & $-0.0132315$ & $-0.0196761$ & $-0.00909998$ & $-0.00222464$ & $-0.0108201$ & $0.0143123$ & $-0.093256$ & $0.0174991$ & $0.142706$ & $-0.121379$ & $0.0312726$ & $-0.00692531$ & $0.031801$ & $-0.0344255$ & $0.0135077$ & $0.00212264$ & $-0.228789$ & $0.052658$ & $0.084858$ & $-0.226336$ & $0.00426968$ & $-0.0438767$ & $-0.220652$ \\
mtop & $-0.333713$ & $-0.0634021$ & $1$ & $0.0719339$ & $-0.020301$ & $0.0209239$ & $-0.0340725$ & $0.00408683$ & $0.0184313$ & $-0.0231015$ & $0.0143932$ & $-0.0338448$ & $-0.00074487$ & $-0.0099179$ & $0.00560655$ & $-0.00845815$ & $-0.0205589$ & $-0.0206331$ & $-0.0123484$ & $-0.00743711$ & $-0.00628656$ & $-0.0107663$ & $-0.00298302$ & $0.0154066$ & $0.0131074$ & $0.0118728$ & $0.00279385$ & $-0.00570496$ & $0.00689241$ & $0.0658247$ & $-0.0650342$ & $-0.0441344$ & $0.0808354$ & $-0.00595029$ & $-0.178525$ & $-0.129512$ & $-0.30067$ & $-0.0218851$ & $0.00546419$ & $0.0127352$ & $0.0352805$ & $-0.0237392$ & $0.167276$ & $0.014141$ & $0.047091$ & $-0.0718883$ & $-0.293199$ & $-0.324278$ & $0.1699$ \\
mHl & $0.085665$ & $0.0211303$ & $0.0719339$ & $1$ & $-0.0158434$ & $-0.00290488$ & $0.00488916$ & $-0.0149152$ & $-0.0163842$ & $0.0207891$ & $0.00895084$ & $0.0155752$ & $-0.0068742$ & $0.00496967$ & $-0.0061601$ & $-0.00380285$ & $0.0149207$ & $0.0144443$ & $0.0120861$ & $-0.009725$ & $-0.00807842$ & $-0.00968479$ & $0.0184449$ & $0.0179132$ & $0.00575631$ & $-0.0110178$ & $-0.00222841$ & $0.0118216$ & $-0.00200039$ & $0.00721217$ & $0.077805$ & $0.00505053$ & $0.0128839$ & $-0.00423832$ & $-0.0227916$ & $-0.0676932$ & $-0.0100073$ & $0.0247987$ & $0.11348$ & $-0.0239309$ & $-0.0990957$ & $0.0186841$ & $-0.0822254$ & $-0.0356741$ & $-0.0224245$ & $0.0841444$ & $0.220727$ & $0.132608$ & $-0.0439859$ \\
Mz & $-0.000878668$ & $-0.00870866$ & $-0.020301$ & $-0.0158434$ & $1$ & $0.00626249$ & $0.00795141$ & $-0.00123877$ & $-0.00424798$ & $0.00405627$ & $0.012528$ & $0.00378979$ & $-0.00322537$ & $0.000786955$ & $-0.00176803$ & $-0.000206048$ & $-0.00454291$ & $-0.00258794$ & $-0.0037991$ & $-0.0042881$ & $-0.00159381$ & $-0.00186737$ & $0.00888419$ & $-0.00148807$ & $0.000799138$ & $-0.00865286$ & $0.00582854$ & $-0.00121169$ & $-0.00401914$ & $-0.0019629$ & $-0.0156306$ & $0.00882193$ & $-0.00409689$ & $-0.00207119$ & $0.024521$ & $-0.00256651$ & $0.00333318$ & $0.00806492$ & $-0.0134532$ & $-0.00711287$ & $-0.00801123$ & $-0.000218384$ & $-0.015359$ & $-0.00885543$ & $-0.00174695$ & $-0.00754127$ & $-0.00143868$ & $0.00859622$ & $0.00514706$ \\
CW & $-0.0131983$ & $0.0145209$ & $0.0209239$ & $-0.00290488$ & $0.00626249$ & $1$ & $-0.00508374$ & $-0.132365$ & $-0.128655$ & $0.0230796$ & $0.188905$ & $0.0595869$ & $-0.00168867$ & $0.0211436$ & $-0.0721108$ & $-0.0828965$ & $-0.25239$ & $-0.0489121$ & $-0.0397948$ & $-0.185298$ & $-0.191742$ & $-0.187799$ & $-0.00724234$ & $0.00769127$ & $-0.0776972$ & $0.11058$ & $-0.0814795$ & $-0.0708183$ & $0.000358838$ & $0.000189322$ & $-0.000661991$ & $-0.000266498$ & $-0.000853867$ & $-0.133845$ & $0.0112071$ & $-0.00351139$ & $0.00212013$ & $-0.00469528$ & $-0.00368931$ & $0.00616838$ & $-0.00696912$ & $0.00191916$ & $-0.0086002$ & $-0.00212204$ & $0.0105707$ & $-0.0168556$ & $-0.0028294$ & $-0.00424279$ & $0.00276823$ \\
CHG & $0.00653656$ & $0.0081038$ & $-0.0340725$ & $0.00488916$ & $0.00795141$ & $-0.00508374$ & $1$ & $-0.119761$ & $-0.0690774$ & $0.0731391$ & $0.0732404$ & $-0.051484$ & $-0.315168$ & $0.0563828$ & $-0.0280726$ & $-0.0387694$ & $0.0941226$ & $0.106211$ & $0.114667$ & $-0.0723716$ & $-0.0762932$ & $-0.0755034$ & $-0.0114984$ & $0.116302$ & $0.101108$ & $0.0426341$ & $-0.051017$ & $-0.0257294$ & $0.00608194$ & $-0.137367$ & $-0.0572558$ & $0.937319$ & $-0.170458$ & $-0.0744672$ & $-0.0287019$ & $-0.0121247$ & $0.0270856$ & $0.00700451$ & $-0.0137278$ & $0.00373655$ & $-0.0360721$ & $0.0137458$ & $-0.00499108$ & $0.0150479$ & $0.0146524$ & $0.023354$ & $0.0423572$ & $-0.000198149$ & $0.00312815$ \\
CHWB & $-0.0126713$ & $-0.0724802$ & $0.00408683$ & $-0.0149152$ & $-0.00123877$ & $-0.132365$ & $-0.119761$ & $1$ & $0.983826$ & $-0.578151$ & $-0.881596$ & $-0.235111$ & $0.356913$ & $0.0943779$ & $0.310802$ & $0.305917$ & $-0.245305$ & $-0.444191$ & $-0.443045$ & $0.853859$ & $0.898313$ & $0.881394$ & $0.0660852$ & $-0.677839$ & $-0.404595$ & $-0.510964$ & $0.426582$ & $0.305342$ & $0.0223083$ & $0.108592$ & $0.0463121$ & $-0.114158$ & $0.127462$ & $0.563354$ & $-0.0305353$ & $0.0222007$ & $-0.00685832$ & $0.00808375$ & $-0.00574006$ & $0.00889393$ & $0.0126324$ & $0.0180505$ & $0.0260748$ & $0.00139608$ & $-0.0295702$ & $0.0126232$ & $-0.00684483$ & $0.00216659$ & $0.00999253$ \\
CHWHB_gaga & $-0.0258315$ & $-0.0839837$ & $0.0184313$ & $-0.0163842$ & $-0.00424798$ & $-0.128655$ & $-0.0690774$ & $0.983826$ & $1$ & $-0.569216$ & $-0.863946$ & $-0.213735$ & $0.348589$ & $0.0877535$ & $0.306584$ & $0.30149$ & $-0.24898$ & $-0.443111$ & $-0.441631$ & $0.836892$ & $0.880156$ & $0.864028$ & $0.0636987$ & $-0.669319$ & $-0.402114$ & $-0.499248$ & $0.418637$ & $0.30013$ & $0.0282919$ & $0.132603$ & $0.0561927$ & $-0.071907$ & $0.150691$ & $0.552171$ & $-0.0540617$ & $0.0169072$ & $-0.0316639$ & $0.00695294$ & $-0.0106439$ & $0.0102087$ & $0.0220675$ & $0.0174015$ & $0.082996$ & $0.00545722$ & $-0.0325341$ & $0.0141115$ & $-0.0187188$ & $-0.0233372$ & $0.0110753$ \\
CHWHB_gagaorth & $0.00532423$ & $0.0316476$ & $-0.0231015$ & $0.0207891$ & $0.00405627$ & $0.0230796$ & $0.0731391$ & $-0.578151$ & $-0.569216$ & $1$ & $0.363021$ & $0.599205$ & $-0.253534$ & $0.237702$ & $-0.135404$ & $-0.136078$ & $0.437854$ & $0.499959$ & $0.499627$ & $-0.349999$ & $-0.379373$ & $-0.373165$ & $-0.0533167$ & $0.566031$ & $0.488294$ & $0.221296$ & $-0.235888$ & $-0.122106$ & $-0.0153725$ & $-0.131345$ & $-0.0628597$ & $0.0883211$ & $-0.140737$ & $-0.356084$ & $0.0582778$ & $0.0124269$ & $0.0294619$ & $-0.00147942$ & $-0.0105961$ & $-0.00593222$ & $-0.063718$ & $-0.00751921$ & $-0.0294561$ & $-0.0196999$ & $0.0308848$ & $0.00709378$ & $0.00893914$ & $0.0163535$ & $0.0214121$ \\
CHD & $-0.00350611$ & $0.0569373$ & $0.0143932$ & $0.00895084$ & $0.012528$ & $0.188905$ & $0.0732404$ & $-0.881596$ & $-0.863946$ & $0.363021$ & $1$ & $0.281746$ & $-0.180111$ & $-0.506166$ & $-0.430027$ & $-0.422717$ & $-0.206083$ & $0.080911$ & $0.0815064$ & $-0.990572$ & $-0.991303$ & $-0.970291$ & $-0.0113056$ & $0.319927$ & $0.0288428$ & $0.565671$ & $-0.297726$ & $-0.335974$ & $-0.0109825$ & $-0.0583551$ & $-0.0233949$ & $0.078575$ & $-0.0708043$ & $-0.370967$ & $0.0267597$ & $-0.0204784$ & $-0.00393835$ & $-0.0105533$ & $0.00225949$ & $-0.00300367$ & $-0.00461972$ & $-0.0141123$ & $-0.0199477$ & $0.00586002$ & $0.0197157$ & $-0.0156731$ & $0.00326163$ & $-0.0104692$ & $-0.00723869$ \\
CHbox & $-0.000978206$ & $0.0427855$ & $-0.0338448$ & $0.0155752$ & $0.00378979$ & $0.0595869$ & $-0.051484$ & $-0.235111$ & $-0.213735$ & $0.599205$ & $0.281746$ & $1$ & $0.137746$ & $-0.183576$ & $-0.0446331$ & $-0.0417673$ & $-0.107719$ & $-0.0516345$ & $-0.0540256$ & $-0.261034$ & $-0.289766$ & $-0.281756$ & $-0.0279856$ & $0.0818732$ & $-0.0518207$ & $0.169711$ & $-0.142624$ & $-0.0905173$ & $0.0335081$ & $0.222858$ & $0.057118$ & $0.0325253$ & $0.275643$ & $-0.161995$ & $0.0952114$ & $0.0241597$ & $0.0373798$ & $-0.0097474$ & $-0.00723004$ & $-0.00122283$ & $-0.0575033$ & $-6.56253e-06$ & $-0.0388563$ & $-0.00838877$ & $0.0261077$ & $-0.0080733$ & $0.0120872$ & $0.027851$ & $0.0182261$ \\
CH & $0.00391349$ & $-0.000873905$ & $-0.00074487$ & $-0.0068742$ & $-0.00322537$ & $-0.00168867$ & $-0.315168$ & $0.356913$ & $0.348589$ & $-0.253534$ & $-0.180111$ & $0.137746$ & $1$ & $-0.2393$ & $0.0839417$ & $0.0861379$ & $-0.3634$ & $-0.390728$ & $-0.392533$ & $0.176834$ & $0.190409$ & $0.188883$ & $0.032637$ & $-0.400149$ & $-0.37854$ & $-0.108254$ & $0.138761$ & $0.0626586$ & $0.043556$ & $0.270356$ & $0.108955$ & $-0.264688$ & $0.344595$ & $0.217467$ & $0.0214844$ & $0.0166096$ & $0.00864083$ & $0.0033511$ & $0.00301021$ & $0.00170156$ & $0.012187$ & $0.0112496$ & $-0.00356198$ & $-0.00503065$ & $-0.0136479$ & $-0.00939398$ & $-3.68459e-05$ & $0.018804$ & $0.00678728$ \\
CHL1_11 & $0.00760193$ & $-0.0201497$ & $-0.0099179$ & $0.00496967$ & $0.000786955$ & $0.0211436$ & $0.0563828$ & $0.0943779$ & $0.0877535$ & $0.237702$ & $-0.506166$ & $-0.183576$ & $-0.2393$ & $1$ & $0.272442$ & $0.261605$ & $0.659914$ & $0.59356$ & $0.595298$ & $0.523898$ & $0.467258$ & $0.453011$ & $-0.0764155$ & $0.466593$ & $0.598998$ & $-0.270602$ & $-0.0962526$ & $0.15719$ & $-0.0127567$ & $-0.0628416$ & $-0.0331859$ & $0.0358153$ & $-0.068736$ & $-0.216791$ & $-0.00874567$ & $0.00885561$ & $0.0130291$ & $0.011229$ & $-0.000535532$ & $-0.00270981$ & $-0.0121665$ & $-0.00267483$ & $0.00946004$ & $-0.0133401$ & $0.00774803$ & $0.0152849$ & $-0.00705804$ & $0.0076687$ & $0.0108673$ \\
CHL1_22 & $-0.0084337$ & $-0.0255489$ & $0.00560655$ & $-0.0061601$ & $-0.00176803$ & $-0.0721108$ & $-0.0280726$ & $0.310802$ & $0.306584$ & $-0.135404$ & $-0.430027$ & $-0.0446331$ & $0.0839417$ & $0.272442$ & $1$ & $0.446707$ & $0.154439$ & $-0.452919$ & $-0.0418828$ & $0.493953$ & $0.347826$ & $0.338216$ & $-0.179512$ & $0.0909911$ & $-0.142619$ & $-0.196447$ & $-0.385253$ & $0.108768$ & $0.0126854$ & $0.0287045$ & $0.0188439$ & $-0.0251414$ & $0.0444675$ & $-0.580347$ & $-0.00665607$ & $0.000968351$ & $-0.00463857$ & $-0.00463984$ & $0.0120638$ & $-0.00445866$ & $-0.00743668$ & $0.00711152$ & $0.0129094$ & $0.00107018$ & $-0.00554742$ & $0.00298309$ & $-0.00290434$ & $-0.00370546$ & $-0.00232162$ \\
CHL1_33 & $0.00705256$ & $-0.0220384$ & $-0.00845815$ & $-0.00380285$ & $-0.000206048$ & $-0.0828965$ & $-0.0387694$ & $0.305917$ & $0.30149$ & $-0.136078$ & $-0.422717$ & $-0.0417673$ & $0.0861379$ & $0.261605$ & $0.446707$ & $1$ & $0.153995$ & $-0.0353883$ & $-0.443906$ & $0.486421$ & $0.34305$ & $0.360723$ & $-0.175915$ & $0.0890146$ & $-0.139771$ & $-0.193043$ & $-0.377398$ & $0.118906$ & $0.00324888$ & $0.0330741$ & $0.0197659$ & $-0.0343355$ & $0.0443621$ & $-0.0875322$ & $-0.00427215$ & $-0.000337027$ & $0.013557$ & $-0.00213495$ & $0.00086452$ & $-0.013318$ & $0.000392402$ & $-0.00036816$ & $0.010713$ & $-0.0128052$ & $-0.00276348$ & $0.00888082$ & $0.0112555$ & $0.0121426$ & $-0.00173543$ \\
CHL3_11 & $0.0143635$ & $0.0189498$ & $-0.0205589$ & $0.0149207$ & $-0.00454291$ & $-0.25239$ & $0.0941226$ & $-0.245305$ & $-0.24898$ & $0.437854$ & $-0.206083$ & $-0.107719$ & $-0.3634$ & $0.659914$ & $0.154439$ & $0.153995$ & $1$ & $0.739205$ & $0.733648$ & $0.227534$ & $0.174317$ & $0.166215$ & $-0.0746473$ & $0.676521$ & $0.777983$ & $-0.099886$ & $-0.159298$ & $0.0570616$ & $-0.0257715$ & $-0.104632$ & $-0.0513589$ & $0.0699083$ & $-0.11649$ & $-0.249575$ & $-0.00155464$ & $-0.0018376$ & $0.0111482$ & $0.00329143$ & $0.00428751$ & $-0.012082$ & $-0.0153726$ & $-0.00728818$ & $-0.00754603$ & $-0.014367$ & $0.0163721$ & $0.00965308$ & $0.000267771$ & $0.0110188$ & $0.00141225$ \\
CHL3_22 & $0.0192732$ & $0.0222993$ & $-0.0206331$ & $0.0144443$ & $-0.00258794$ & $-0.0489121$ & $0.106211$ & $-0.444191$ & $-0.443111$ & $0.499959$ & $0.080911$ & $-0.0516345$ & $-0.390728$ & $0.59356$ & $-0.452919$ & $-0.0353883$ & $0.739205$ & $1$ & $0.67936$ & $-0.0834886$ & $-0.0757005$ & $-0.0742999$ & $0.00907747$ & $0.62734$ & $0.797845$ & $0.0390792$ & $-0.010333$ & $-0.0202956$ & $-0.0296928$ & $-0.112383$ & $-0.0574255$ & $0.0840416$ & $-0.132722$ & $0.0252772$ & $0.00530141$ & $-0.0013074$ & $0.0171462$ & $0.00738867$ & $-0.00432918$ & $-0.00764354$ & $-0.00868386$ & $-0.0136346$ & $-0.00994131$ & $-0.0157353$ & $0.0197931$ & $0.00983688$ & $0.00251165$ & $0.0114586$ & $0.00601374$ \\
CHL3_33 & $0.00977821$ & $0.0168882$ & $-0.0123484$ & $0.0120861$ & $-0.0037991$ & $-0.0397948$ & $0.114667$ & $-0.443045$ & $-0.441631$ & $0.499627$ & $0.0815064$ & $-0.0540256$ & $-0.392533$ & $0.595298$ & $-0.0418828$ & $-0.443906$ & $0.733648$ & $0.67936$ & $1$ & $-0.0851006$ & $-0.075898$ & $-0.0740871$ & $0.0113664$ & $0.624497$ & $0.797483$ & $0.0393116$ & $-0.00572181$ & $-0.0299971$ & $-0.0208985$ & $-0.117578$ & $-0.0586725$ & $0.0912615$ & $-0.134378$ & $-0.347038$ & $0.00515302$ & $-0.00116175$ & $0.00300603$ & $0.00575049$ & $0.00285031$ & $-0.00191078$ & $-0.0160702$ & $-0.00690744$ & $-0.00859697$ & $-0.0054893$ & $0.0159347$ & $0.00595977$ & $-0.00744181$ & $-0.000613825$ & $0.00392899$ \\
CHe_11 & $-0.00546392$ & $-0.0375002$ & $-0.00743711$ & $-0.009725$ & $-0.0042881$ & $-0.185298$ & $-0.0723716$ & $0.853859$ & $0.836892$ & $-0.349999$ & $-0.990572$ & $-0.261034$ & $0.176834$ & $0.523898$ & $0.493953$ & $0.486421$ & $0.227534$ & $-0.0834886$ & $-0.0851006$ & $1$ & $0.973243$ & $0.952957$ & $-0.0137426$ & $-0.267305$ & $-0.0234034$ & $-0.555659$ & $0.223341$ & $0.329764$ & $0.0111967$ & $0.0591843$ & $0.0231083$ & $-0.0762606$ & $0.0701837$ & $0.293564$ & $-0.0233683$ & $0.0176316$ & $0.00213592$ & $0.00844884$ & $-0.0011311$ & $0.0012204$ & $0.00535624$ & $0.0128252$ & $0.0183626$ & $-0.00464919$ & $-0.0176384$ & $0.0119971$ & $-0.00551646$ & $0.00504505$ & $0.00421776$ \\
CHe_22 & $-0.00701419$ & $-0.0349849$ & $-0.00628656$ & $-0.00807842$ & $-0.00159381$ & $-0.191742$ & $-0.0762932$ & $0.898313$ & $0.880156$ & $-0.379373$ & $-0.991303$ & $-0.289766$ & $0.190409$ & $0.467258$ & $0.347826$ & $0.34305$ & $0.174317$ & $-0.0757005$ & $-0.075898$ & $0.973243$ & $1$ & $0.975185$ & $0.040072$ & $-0.373708$ & $-0.0333397$ & $-0.568963$ & $0.377331$ & $0.338334$ & $0.0112333$ & $0.0611984$ & $0.0222931$ & $-0.081737$ & $0.071069$ & $0.45571$ & $-0.0260267$ & $0.0187926$ & $0.000973601$ & $0.0107459$ & $-0.00424647$ & $0.00406994$ & $0.00558487$ & $0.014511$ & $0.0169037$ & $-0.00252642$ & $-0.0195284$ & $0.0109359$ & $-0.00739943$ & $0.0049389$ & $0.00539885$ \\
CHe_33 & $-0.00654486$ & $-0.0362938$ & $-0.0107663$ & $-0.00968479$ & $-0.00186737$ & $-0.187799$ & $-0.0755034$ & $0.881394$ & $0.864028$ & $-0.373165$ & $-0.970291$ & $-0.281756$ & $0.188883$ & $0.453011$ & $0.338216$ & $0.360723$ & $0.166215$ & $-0.0742999$ & $-0.0740871$ & $0.952957$ & $0.975185$ & $1$ & $0.0410954$ & $-0.368388$ & $-0.0330164$ & $-0.556676$ & $0.373156$ & $0.329969$ & $0.0122697$ & $0.0593761$ & $0.0200926$ & $-0.0805898$ & $0.0688176$ & $0.451955$ & $-0.025567$ & $0.0183124$ & $-0.00200212$ & $0.0104052$ & $-0.00283431$ & $0.00334846$ & $0.00707505$ & $0.0136846$ & $0.0189561$ & $-0.00517389$ & $-0.0205541$ & $0.0104129$ & $-0.00796092$ & $0.00641712$ & $0.00243065$ \\
CHQ1_11 & $-0.00455887$ & $-0.00131468$ & $-0.00298302$ & $0.0184449$ & $0.00888419$ & $-0.00724234$ & $-0.0114984$ & $0.0660852$ & $0.0636987$ & $-0.0533167$ & $-0.0113056$ & $-0.0279856$ & $0.032637$ & $-0.0764155$ & $-0.179512$ & $-0.175915$ & $-0.0746473$ & $0.00907747$ & $0.0113664$ & $-0.0137426$ & $0.040072$ & $0.0410954$ & $1$ & $-0.144462$ & $0.0777419$ & $-0.677198$ & $0.343773$ & $0.00745054$ & $0.00319249$ & $0.000112481$ & $-0.00010038$ & $-0.0133117$ & $0.00961837$ & $0.205557$ & $-0.00791584$ & $-0.00502671$ & $-0.0066673$ & $-0.00727682$ & $0.0164316$ & $0.00289195$ & $0.0107237$ & $0.00180329$ & $0.00205197$ & $-0.00663542$ & $-0.000951578$ & $0.000708754$ & $0.00497782$ & $0.0156606$ & $-0.00219891$ \\
CHQ1_33 & $-0.0396952$ & $0.0186588$ & $0.0154066$ & $0.0179132$ & $-0.00148807$ & $0.00769127$ & $0.116302$ & $-0.677839$ & $-0.669319$ & $0.566031$ & $0.319927$ & $0.0818732$ & $-0.400149$ & $0.466593$ & $0.0909911$ & $0.0890146$ & $0.676521$ & $0.62734$ & $0.624497$ & $-0.267305$ & $-0.373708$ & $-0.368388$ & $-0.144462$ & $1$ & $0.643831$ & $0.218464$ & $-0.422153$ & $-0.0306743$ & $-0.0259562$ & $-0.115351$ & $-0.0516103$ & $0.101931$ & $-0.123822$ & $-0.630561$ & $0.006278$ & $-0.00361204$ & $-0.00132104$ & $-0.00343869$ & $-0.00227285$ & $-0.00425356$ & $-0.0172698$ & $-0.0199124$ & $-0.00305968$ & $-0.00929485$ & $0.0205594$ & $0.0146331$ & $-0.00757539$ & $-0.0107436$ & $0.0148553$ \\
CHQ3_11 & $-0.0858531$ & $0.0162028$ & $0.0131074$ & $0.00575631$ & $0.000799138$ & $-0.0776972$ & $0.101108$ & $-0.404595$ & $-0.402114$ & $0.488294$ & $0.0288428$ & $-0.0518207$ & $-0.37854$ & $0.598998$ & $-0.142619$ & $-0.139771$ & $0.777983$ & $0.797845$ & $0.797483$ & $-0.0234034$ & $-0.0333397$ & $-0.0330164$ & $0.0777419$ & $0.643831$ & $1$ & $0.0222289$ & $0.205255$ & $-0.0145581$ & $-0.0251616$ & $-0.109196$ & $-0.0622664$ & $0.0790894$ & $-0.117539$ & $-0.199821$ & $-0.0117358$ & $0.0162839$ & $-0.0014895$ & $0.00511923$ & $-0.0149277$ & $-0.000161256$ & $-0.0138726$ & $-0.0176449$ & $0.00871497$ & $-0.00441497$ & $0.012549$ & $0.0158466$ & $-0.0251272$ & $-0.0231677$ & $0.0258794$ \\
CHu_11 & $-0.0272127$ & $0.0141207$ & $0.0118728$ & $-0.0110178$ & $-0.00865286$ & $0.11058$ & $0.0426341$ & $-0.510964$ & $-0.499248$ & $0.221296$ & $0.565671$ & $0.169711$ & $-0.108254$ & $-0.270602$ & $-0.196447$ & $-0.193043$ & $-0.099886$ & $0.0390792$ & $0.0393116$ & $-0.555659$ & $-0.568963$ & $-0.556676$ & $-0.677198$ & $0.218464$ & $0.0222289$ & $1$ & $-0.181524$ & $-0.189354$ & $-0.00658933$ & $-0.0279812$ & $-0.0160467$ & $0.0460764$ & $-0.0353748$ & $-0.259605$ & $0.0112751$ & $0.00503179$ & $-0.00608774$ & $-0.0023548$ & $-0.0169219$ & $0.00243798$ & $-0.0131367$ & $-0.00888972$ & $-0.00485972$ & $0.0128762$ & $0.00402693$ & $-0.00693434$ & $-0.0119182$ & $-0.023346$ & $0.0128851$ \\
CHd_11 & $-0.0337329$ & $-0.0132315$ & $0.00279385$ & $-0.00222841$ & $0.00582854$ & $-0.0814795$ & $-0.051017$ & $0.426582$ & $0.418637$ & $-0.235888$ & $-0.297726$ & $-0.142624$ & $0.138761$ & $-0.0962526$ & $-0.385253$ & $-0.377398$ & $-0.159298$ & $-0.010333$ & $-0.00572181$ & $0.223341$ & $0.377331$ & $0.373156$ & $0.343773$ & $-0.422153$ & $0.205255$ & $-0.181524$ & $1$ & $0.114735$ & $0.0036658$ & $0.0348028$ & $0.00578379$ & $-0.0539953$ & $0.0433625$ & $0.683175$ & $-0.0270093$ & $0.0216637$ & $-0.00929114$ & $0.00969879$ & $-0.0147282$ & $0.0156534$ & $0.00532596$ & $0.0026418$ & $0.00353642$ & $0.00366764$ & $-0.00638621$ & $0.00221404$ & $-0.0136142$ & $-0.00845713$ & $0.0164334$ \\
CHd_33 & $0.0115733$ & $-0.0196761$ & $-0.00570496$ & $0.0118216$ & $-0.00121169$ & $-0.0708183$ & $-0.0257294$ & $0.305342$ & $0.30013$ & $-0.122106$ & $-0.335974$ & $-0.0905173$ & $0.0626586$ & $0.15719$ & $0.108768$ & $0.118906$ & $0.0570616$ & $-0.0202956$ & $-0.0299971$ & $0.329764$ & $0.338334$ & $0.329969$ & $0.00745054$ & $-0.0306743$ & $-0.0145581$ & $-0.189354$ & $0.114735$ & $1$ & $0.00293331$ & $0.0203892$ & $0.00598712$ & $-0.0263784$ & $0.0270875$ & $0.162666$ & $-0.00726356$ & $0.00559148$ & $-0.0046138$ & $0.00521725$ & $-0.00213298$ & $0.00425722$ & $0.00362146$ & $0.0213121$ & $-0.00761657$ & $-0.00719343$ & $-0.00373591$ & $0.00363545$ & $-0.00413938$ & $0.0158367$ & $-3.43634e-05$ \\
CeH_22r & $-0.0172841$ & $-0.00909998$ & $0.00689241$ & $-0.00200039$ & $-0.00401914$ & $0.000358838$ & $0.00608194$ & $0.0223083$ & $0.0282919$ & $-0.0153725$ & $-0.0109825$ & $0.0335081$ & $0.043556$ & $-0.0127567$ & $0.0126854$ & $0.00324888$ & $-0.0257715$ & $-0.0296928$ & $-0.0208985$ & $0.0111967$ & $0.0112333$ & $0.0122697$ & $0.00319249$ & $-0.0259562$ & $-0.0251616$ & $-0.00658933$ & $0.0036658$ & $0.00293331$ & $1$ & $0.0430364$ & $0.0155343$ & $-0.00596955$ & $0.0496628$ & $0.00518825$ & $-0.029626$ & $-0.00982047$ & $-0.0300598$ & $-0.0153754$ & $-0.0109609$ & $0.000425611$ & $0.0159996$ & $-0.00336843$ & $0.00477823$ & $0.0167127$ & $-0.011387$ & $-0.00087654$ & $-0.0143671$ & $-0.0139502$ & $0.00488898$ \\
CeH_33r & $-0.0335324$ & $-0.00222464$ & $0.0658247$ & $0.00721217$ & $-0.0019629$ & $0.000189322$ & $-0.137367$ & $0.108592$ & $0.132603$ & $-0.131345$ & $-0.0583551$ & $0.222858$ & $0.270356$ & $-0.0628416$ & $0.0287045$ & $0.0330741$ & $-0.104632$ & $-0.112383$ & $-0.117578$ & $0.0591843$ & $0.0611984$ & $0.0593761$ & $0.000112481$ & $-0.115351$ & $-0.109196$ & $-0.0279812$ & $0.0348028$ & $0.0203892$ & $0.0430364$ & $1$ & $0.297977$ & $0.00372902$ & $0.681295$ & $0.0628127$ & $-0.0958573$ & $-0.0272164$ & $-0.167282$ & $-0.0189461$ & $0.00611006$ & $0.000491075$ & $0.0298749$ & $0.000220049$ & $0.0362165$ & $0.0271243$ & $0.0317857$ & $-0.0277475$ & $-0.0555092$ & $-0.0443195$ & $0.00645135$ \\
CuH_22r & $0.0512733$ & $-0.0108201$ & $-0.0650342$ & $0.077805$ & $-0.0156306$ & $-0.000661991$ & $-0.0572558$ & $0.0463121$ & $0.0561927$ & $-0.0628597$ & $-0.0233949$ & $0.057118$ & $0.108955$ & $-0.0331859$ & $0.0188439$ & $0.0197659$ & $-0.0513589$ & $-0.0574255$ & $-0.0586725$ & $0.0231083$ & $0.0222931$ & $0.0200926$ & $-0.00010038$ & $-0.0516103$ & $-0.0622664$ & $-0.0160467$ & $0.00578379$ & $0.00598712$ & $0.0155343$ & $0.297977$ & $1$ & $0.0281583$ & $0.327942$ & $0.0197705$ & $-0.0088057$ & $-0.0646706$ & $0.00795244$ & $-0.00322636$ & $-0.0258726$ & $-0.0172248$ & $0.0239973$ & $0.00527404$ & $-0.0396615$ & $-0.0198556$ & $-0.0488401$ & $0.102126$ & $0.291293$ & $0.0262489$ & $-0.0686057$ \\
CuH_33r & $-0.00104827$ & $0.0143123$ & $-0.0441344$ & $0.00505053$ & $0.00882193$ & $-0.000266498$ & $0.937319$ & $-0.114158$ & $-0.071907$ & $0.0883211$ & $0.078575$ & $0.0325253$ & $-0.264688$ & $0.0358153$ & $-0.0251414$ & $-0.0343355$ & $0.0699083$ & $0.0840416$ & $0.0912615$ & $-0.0762606$ & $-0.081737$ & $-0.0805898$ & $-0.0133117$ & $0.101931$ & $0.0790894$ & $0.0460764$ & $-0.0539953$ & $-0.0263784$ & $-0.00596955$ & $0.00372902$ & $0.0281583$ & $1$ & $0.0116585$ & $-0.0730196$ & $0.0237838$ & $0.0145237$ & $0.01978$ & $-0.000532753$ & $0.000429442$ & $0.0078859$ & $-0.0432089$ & $0.0123695$ & $-0.00608085$ & $0.012606$ & $0.0204834$ & $0.0211021$ & $0.0394173$ & $0.00186949$ & $0.0145115$ \\
CdH_33r & $-0.0579354$ & $-0.093256$ & $0.0808354$ & $0.0128839$ & $-0.00409689$ & $-0.000853867$ & $-0.170458$ & $0.127462$ & $0.150691$ & $-0.140737$ & $-0.0708043$ & $0.275643$ & $0.344595$ & $-0.068736$ & $0.0444675$ & $0.0443621$ & $-0.11649$ & $-0.132722$ & $-0.134378$ & $0.0701837$ & $0.071069$ & $0.0688176$ & $0.00961837$ & $-0.123822$ & $-0.117539$ & $-0.0353748$ & $0.0433625$ & $0.0270875$ & $0.0496628$ & $0.681295$ & $0.327942$ & $0.0116585$ & $1$ & $0.060491$ & $-0.110269$ & $0.0554944$ & $-0.164764$ & $-0.0272636$ & $0.00208139$ & $-0.000263359$ & $-0.0297266$ & $0.00698537$ & $-0.0157351$ & $-0.00368719$ & $0.00932208$ & $-0.00883583$ & $-0.118694$ & $0.0208833$ & $0.370543$ \\
CLL_1221 & $-0.00465917$ & $0.0174991$ & $-0.00595029$ & $-0.00423832$ & $-0.00207119$ & $-0.133845$ & $-0.0744672$ & $0.563354$ & $0.552171$ & $-0.356084$ & $-0.370967$ & $-0.161995$ & $0.217467$ & $-0.216791$ & $-0.580347$ & $-0.0875322$ & $-0.249575$ & $0.0252772$ & $-0.347038$ & $0.293564$ & $0.45571$ & $0.451955$ & $0.205557$ & $-0.630561$ & $-0.199821$ & $-0.259605$ & $0.683175$ & $0.162666$ & $0.00518825$ & $0.0628127$ & $0.0197705$ & $-0.0730196$ & $0.060491$ & $1$ & $-0.0145853$ & $0.0100843$ & $-0.0018948$ & $0.00922472$ & $-0.0128858$ & $0.00667767$ & $0.0179841$ & $0.00942843$ & $-0.00242683$ & $0.00140207$ & $-0.0150756$ & $-0.0039658$ & $-0.00224327$ & $0.00362163$ & $-0.00244305$ \\
eHggint & $0.0906536$ & $0.142706$ & $-0.178525$ & $-0.0227916$ & $0.024521$ & $0.0112071$ & $-0.0287019$ & $-0.0305353$ & $-0.0540617$ & $0.0582778$ & $0.0267597$ & $0.0952114$ & $0.0214844$ & $-0.00874567$ & $-0.00665607$ & $-0.00427215$ & $-0.00155464$ & $0.00530141$ & $0.00515302$ & $-0.0233683$ & $-0.0260267$ & $-0.025567$ & $-0.00791584$ & $0.006278$ & $-0.0117358$ & $0.0112751$ & $-0.0270093$ & $-0.00726356$ & $-0.029626$ & $-0.0958573$ & $-0.0088057$ & $0.0237838$ & $-0.110269$ & $-0.0145853$ & $1$ & $-0.132841$ & $0.296232$ & $0.00678537$ & $0.0956674$ & $0.0112969$ & $-0.120129$ & $0.00144934$ & $-0.114181$ & $-0.110275$ & $0.093022$ & $-0.00214866$ & $0.139331$ & $0.125449$ & $-0.0549875$ \\
eHggpar & $-0.137075$ & $-0.121379$ & $-0.129512$ & $-0.0676932$ & $-0.00256651$ & $-0.00351139$ & $-0.0121247$ & $0.0222007$ & $0.0169072$ & $0.0124269$ & $-0.0204784$ & $0.0241597$ & $0.0166096$ & $0.00885561$ & $0.000968351$ & $-0.000337027$ & $-0.0018376$ & $-0.0013074$ & $-0.00116175$ & $0.0176316$ & $0.0187926$ & $0.0183124$ & $-0.00502671$ & $-0.00361204$ & $0.0162839$ & $0.00503179$ & $0.0216637$ & $0.00559148$ & $-0.00982047$ & $-0.0272164$ & $-0.0646706$ & $0.0145237$ & $0.0554944$ & $0.0100843$ & $-0.132841$ & $1$ & $0.0764799$ & $-0.0125148$ & $0.0086797$ & $0.00293932$ & $0.0236761$ & $0.00519726$ & $0.0505241$ & $0.0191305$ & $0.0752148$ & $0.0307258$ & $-0.194363$ & $0.0643276$ & $0.212534$ \\
eHWWint & $0.160991$ & $0.0312726$ & $-0.30067$ & $-0.0100073$ & $0.00333318$ & $0.00212013$ & $0.0270856$ & $-0.00685832$ & $-0.0316639$ & $0.0294619$ & $-0.00393835$ & $0.0373798$ & $0.00864083$ & $0.0130291$ & $-0.00463857$ & $0.013557$ & $0.0111482$ & $0.0171462$ & $0.00300603$ & $0.00213592$ & $0.000973601$ & $-0.00200212$ & $-0.0066673$ & $-0.00132104$ & $-0.0014895$ & $-0.00608774$ & $-0.00929114$ & $-0.0046138$ & $-0.0300598$ & $-0.167282$ & $0.00795244$ & $0.01978$ & $-0.164764$ & $-0.0018948$ & $0.296232$ & $0.0764799$ & $1$ & $0.0151773$ & $-0.0803656$ & $-0.00176863$ & $-0.184193$ & $0.0428854$ & $-0.215904$ & $-0.140502$ & $0.121747$ & $0.111693$ & $0.273632$ & $0.299942$ & $-0.0215493$ \\
eHWWpar & $0.021257$ & $-0.00692531$ & $-0.0218851$ & $0.0247987$ & $0.00806492$ & $-0.00469528$ & $0.00700451$ & $0.00808375$ & $0.00695294$ & $-0.00147942$ & $-0.0105533$ & $-0.0097474$ & $0.0033511$ & $0.011229$ & $-0.00463984$ & $-0.00213495$ & $0.00329143$ & $0.00738867$ & $0.00575049$ & $0.00844884$ & $0.0107459$ & $0.0104052$ & $-0.00727682$ & $-0.00343869$ & $0.00511923$ & $-0.0023548$ & $0.00969879$ & $0.00521725$ & $-0.0153754$ & $-0.0189461$ & $-0.00322636$ & $-0.000532753$ & $-0.0272636$ & $0.00922472$ & $0.00678537$ & $-0.0125148$ & $0.0151773$ & $1$ & $0.0187635$ & $0.0022394$ & $-0.0184218$ & $0.00631952$ & $-0.00436411$ & $-0.00678113$ & $0.026772$ & $0.00491202$ & $0.0361469$ & $0.0251902$ & $-0.00843331$ \\
eHZZint & $0.137763$ & $0.031801$ & $0.00546419$ & $0.11348$ & $-0.0134532$ & $-0.00368931$ & $-0.0137278$ & $-0.00574006$ & $-0.0106439$ & $-0.0105961$ & $0.00225949$ & $-0.00723004$ & $0.00301021$ & $-0.000535532$ & $0.0120638$ & $0.00086452$ & $0.00428751$ & $-0.00432918$ & $0.00285031$ & $-0.0011311$ & $-0.00424647$ & $-0.00283431$ & $0.0164316$ & $-0.00227285$ & $-0.0149277$ & $-0.0169219$ & $-0.0147282$ & $-0.00213298$ & $-0.0109609$ & $0.00611006$ & $-0.0258726$ & $0.000429442$ & $0.00208139$ & $-0.0128858$ & $0.0956674$ & $0.0086797$ & $-0.0803656$ & $0.0187635$ & $1$ & $-0.00129456$ & $0.0205249$ & $0.028912$ & $-0.0214695$ & $0.0679448$ & $0.163964$ & $-0.221209$ & $-0.0557763$ & $-0.0152773$ & $0.0161388$ \\
eHZZpar & $-0.0525985$ & $-0.0344255$ & $0.0127352$ & $-0.0239309$ & $-0.00711287$ & $0.00616838$ & $0.00373655$ & $0.00889393$ & $0.0102087$ & $-0.00593222$ & $-0.00300367$ & $-0.00122283$ & $0.00170156$ & $-0.00270981$ & $-0.00445866$ & $-0.013318$ & $-0.012082$ & $-0.00764354$ & $-0.00191078$ & $0.0012204$ & $0.00406994$ & $0.00334846$ & $0.00289195$ & $-0.00425356$ & $-0.000161256$ & $0.00243798$ & $0.0156534$ & $0.00425722$ & $0.000425611$ & $0.000491075$ & $-0.0172248$ & $0.0078859$ & $-0.000263359$ & $0.00667767$ & $0.0112969$ & $0.00293932$ & $-0.00176863$ & $0.0022394$ & $-0.00129456$ & $1$ & $0.0221562$ & $-0.00937538$ & $0.0245864$ & $-0.00964906$ & $0.0130059$ & $0.0117993$ & $-0.0144485$ & $-0.00578234$ & $0.00421722$ \\
eHZgaint & $-0.0282342$ & $0.0135077$ & $0.0352805$ & $-0.0990957$ & $-0.00801123$ & $-0.00696912$ & $-0.0360721$ & $0.0126324$ & $0.0220675$ & $-0.063718$ & $-0.00461972$ & $-0.0575033$ & $0.012187$ & $-0.0121665$ & $-0.00743668$ & $0.000392402$ & $-0.0153726$ & $-0.00868386$ & $-0.0160702$ & $0.00535624$ & $0.00558487$ & $0.00707505$ & $0.0107237$ & $-0.0172698$ & $-0.0138726$ & $-0.0131367$ & $0.00532596$ & $0.00362146$ & $0.0159996$ & $0.0298749$ & $0.0239973$ & $-0.0432089$ & $-0.0297266$ & $0.0179841$ & $-0.120129$ & $0.0236761$ & $-0.184193$ & $-0.0184218$ & $0.0205249$ & $0.0221562$ & $1$ & $-0.0212876$ & $0.168433$ & $-0.0466142$ & $-0.0553294$ & $0.0542126$ & $-0.00098902$ & $-0.0276605$ & $-0.166633$ \\
eHZgapar & $0.0403921$ & $0.00212264$ & $-0.0237392$ & $0.0186841$ & $-0.000218384$ & $0.00191916$ & $0.0137458$ & $0.0180505$ & $0.0174015$ & $-0.00751921$ & $-0.0141123$ & $-6.56253e-06$ & $0.0112496$ & $-0.00267483$ & $0.00711152$ & $-0.00036816$ & $-0.00728818$ & $-0.0136346$ & $-0.00690744$ & $0.0128252$ & $0.014511$ & $0.0136846$ & $0.00180329$ & $-0.0199124$ & $-0.0176449$ & $-0.00888972$ & $0.0026418$ & $0.0213121$ & $-0.00336843$ & $0.000220049$ & $0.00527404$ & $0.0123695$ & $0.00698537$ & $0.00942843$ & $0.00144934$ & $0.00519726$ & $0.0428854$ & $0.00631952$ & $0.028912$ & $-0.00937538$ & $-0.0212876$ & $1$ & $-0.0312794$ & $-0.00283148$ & $0.00987469$ & $-0.0118469$ & $0.0102386$ & $0.00504706$ & $0.0250259$ \\
eHgagaint & $-0.197759$ & $-0.228789$ & $0.167276$ & $-0.0822254$ & $-0.015359$ & $-0.0086002$ & $-0.00499108$ & $0.0260748$ & $0.082996$ & $-0.0294561$ & $-0.0199477$ & $-0.0388563$ & $-0.00356198$ & $0.00946004$ & $0.0129094$ & $0.010713$ & $-0.00754603$ & $-0.00994131$ & $-0.00859697$ & $0.0183626$ & $0.0169037$ & $0.0189561$ & $0.00205197$ & $-0.00305968$ & $0.00871497$ & $-0.00485972$ & $0.00353642$ & $-0.00761657$ & $0.00477823$ & $0.0362165$ & $-0.0396615$ & $-0.00608085$ & $-0.0157351$ & $-0.00242683$ & $-0.114181$ & $0.0505241$ & $-0.215904$ & $-0.00436411$ & $-0.0214695$ & $0.0245864$ & $0.168433$ & $-0.0312794$ & $1$ & $-0.0278518$ & $-0.0430678$ & $0.0418473$ & $-0.19622$ & $-0.39257$ & $-0.0182746$ \\
eHmumuint & $-0.0960474$ & $0.052658$ & $0.014141$ & $-0.0356741$ & $-0.00885543$ & $-0.00212204$ & $0.0150479$ & $0.00139608$ & $0.00545722$ & $-0.0196999$ & $0.00586002$ & $-0.00838877$ & $-0.00503065$ & $-0.0133401$ & $0.00107018$ & $-0.0128052$ & $-0.014367$ & $-0.0157353$ & $-0.0054893$ & $-0.00464919$ & $-0.00252642$ & $-0.00517389$ & $-0.00663542$ & $-0.00929485$ & $-0.00441497$ & $0.0128762$ & $0.00366764$ & $-0.00719343$ & $0.0167127$ & $0.0271243$ & $-0.0198556$ & $0.012606$ & $-0.00368719$ & $0.00140207$ & $-0.110275$ & $0.0191305$ & $-0.140502$ & $-0.00678113$ & $0.0679448$ & $-0.00964906$ & $-0.0466142$ & $-0.00283148$ & $-0.0278518$ & $1$ & $-0.0187692$ & $-0.136376$ & $-0.119087$ & $-0.0129906$ & $-0.0995212$ \\
eHtautauint & $0.150461$ & $0.084858$ & $0.047091$ & $-0.0224245$ & $-0.00174695$ & $0.0105707$ & $0.0146524$ & $-0.0295702$ & $-0.0325341$ & $0.0308848$ & $0.0197157$ & $0.0261077$ & $-0.0136479$ & $0.00774803$ & $-0.00554742$ & $-0.00276348$ & $0.0163721$ & $0.0197931$ & $0.0159347$ & $-0.0176384$ & $-0.0195284$ & $-0.0205541$ & $-0.000951578$ & $0.0205594$ & $0.012549$ & $0.00402693$ & $-0.00638621$ & $-0.00373591$ & $-0.011387$ & $0.0317857$ & $-0.0488401$ & $0.0204834$ & $0.00932208$ & $-0.0150756$ & $0.093022$ & $0.0752148$ & $0.121747$ & $0.026772$ & $0.163964$ & $0.0130059$ & $-0.0553294$ & $0.00987469$ & $-0.0430678$ & $-0.0187692$ & $1$ & $-0.0835169$ & $-0.101898$ & $-0.0129778$ & $0.112279$ \\
eHccint & $-0.0875703$ & $-0.226336$ & $-0.0718883$ & $0.0841444$ & $-0.00754127$ & $-0.0168556$ & $0.023354$ & $0.0126232$ & $0.0141115$ & $0.00709378$ & $-0.0156731$ & $-0.0080733$ & $-0.00939398$ & $0.0152849$ & $0.00298309$ & $0.00888082$ & $0.00965308$ & $0.00983688$ & $0.00595977$ & $0.0119971$ & $0.0109359$ & $0.0104129$ & $0.000708754$ & $0.0146331$ & $0.0158466$ & $-0.00693434$ & $0.00221404$ & $0.00363545$ & $-0.00087654$ & $-0.0277475$ & $0.102126$ & $0.0211021$ & $-0.00883583$ & $-0.0039658$ & $-0.00214866$ & $0.0307258$ & $0.111693$ & $0.00491202$ & $-0.221209$ & $0.0117993$ & $0.0542126$ & $-0.0118469$ & $0.0418473$ & $-0.136376$ & $-0.0835169$ & $1$ & $0.139554$ & $0.126716$ & $-0.00199855$ \\
eHccpar & $0.236432$ & $0.00426968$ & $-0.293199$ & $0.220727$ & $-0.00143868$ & $-0.0028294$ & $0.0423572$ & $-0.00684483$ & $-0.0187188$ & $0.00893914$ & $0.00326163$ & $0.0120872$ & $-3.68459e-05$ & $-0.00705804$ & $-0.00290434$ & $0.0112555$ & $0.000267771$ & $0.00251165$ & $-0.00744181$ & $-0.00551646$ & $-0.00739943$ & $-0.00796092$ & $0.00497782$ & $-0.00757539$ & $-0.0251272$ & $-0.0119182$ & $-0.0136142$ & $-0.00413938$ & $-0.0143671$ & $-0.0555092$ & $0.291293$ & $0.0394173$ & $-0.118694$ & $-0.00224327$ & $0.139331$ & $-0.194363$ & $0.273632$ & $0.0361469$ & $-0.0557763$ & $-0.0144485$ & $-0.00098902$ & $0.0102386$ & $-0.19622$ & $-0.119087$ & $-0.101898$ & $0.139554$ & $1$ & $0.128733$ & $-0.212629$ \\
eHbbint & $0.301956$ & $-0.0438767$ & $-0.324278$ & $0.132608$ & $0.00859622$ & $-0.00424279$ & $-0.000198149$ & $0.00216659$ & $-0.0233372$ & $0.0163535$ & $-0.0104692$ & $0.027851$ & $0.018804$ & $0.0076687$ & $-0.00370546$ & $0.0121426$ & $0.0110188$ & $0.0114586$ & $-0.000613825$ & $0.00504505$ & $0.0049389$ & $0.00641712$ & $0.0156606$ & $-0.0107436$ & $-0.0231677$ & $-0.023346$ & $-0.00845713$ & $0.0158367$ & $-0.0139502$ & $-0.0443195$ & $0.0262489$ & $0.00186949$ & $0.0208833$ & $0.00362163$ & $0.125449$ & $0.0643276$ & $0.299942$ & $0.0251902$ & $-0.0152773$ & $-0.00578234$ & $-0.0276605$ & $0.00504706$ & $-0.39257$ & $-0.0129906$ & $-0.0129778$ & $0.126716$ & $0.128733$ & $1$ & $-0.163793$ \\
eHbbpar & $-0.170181$ & $-0.220652$ & $0.1699$ & $-0.0439859$ & $0.00514706$ & $0.00276823$ & $0.00312815$ & $0.00999253$ & $0.0110753$ & $0.0214121$ & $-0.00723869$ & $0.0182261$ & $0.00678728$ & $0.0108673$ & $-0.00232162$ & $-0.00173543$ & $0.00141225$ & $0.00601374$ & $0.00392899$ & $0.00421776$ & $0.00539885$ & $0.00243065$ & $-0.00219891$ & $0.0148553$ & $0.0258794$ & $0.0128851$ & $0.0164334$ & $-3.43634e-05$ & $0.00488898$ & $0.00645135$ & $-0.0686057$ & $0.0145115$ & $0.370543$ & $-0.00244305$ & $-0.0549875$ & $0.212534$ & $-0.0215493$ & $-0.00843331$ & $0.0161388$ & $0.00421722$ & $-0.166633$ & $0.0250259$ & $-0.0182746$ & $-0.0995212$ & $0.112279$ & $-0.00199855$ & $-0.212629$ & $-0.163793$ & $1$ \\
