 & AlsMz & dAle5Mz & mtop & mHl & Mz & CW & CHG & CHWB & CHWHB_gaga & CHWHB_gagaorth & CHD & CHbox & CHL1_11 & CHL1_22 & CHL1_33 & CHL3_11 & CHL3_22 & CHL3_33 & CHe_11 & CHe_22 & CHe_33 & CHQ1_11 & CHQ1_33 & CHQ3_11 & CHu_11 & CHd_11 & CHd_33 & CeH_22r & CeH_33r & CuH_22r & CuH_33r & CdH_33r & CLL_1221 & eHggint & eHggpar & eHWWint & eHWWpar & eHZZint & eHZZpar & eHZgaint & eHZgapar & eHgagaint & eHmumuint & eHtautauint & eHccint & eHccpar & eHbbint & eHbbpar \\
AlsMz & $1$ & $-0.416011$ & $-0.126382$ & $-0.313368$ & $-0.00168183$ & $0.0412393$ & $-0.0946488$ & $-0.0422422$ & $-0.0500217$ & $0.00460125$ & $0.0647843$ & $0.0363903$ & $-0.0696214$ & $-0.0642621$ & $0.00898637$ & $-0.0527439$ & $0.00142368$ & $-0.0557582$ & $-0.0687959$ & $-0.0682863$ & $-0.0663079$ & $0.0285236$ & $-0.0359284$ & $-0.0948509$ & $0.0115651$ & $-0.0471981$ & $-0.0205358$ & $0.000517986$ & $-0.0175439$ & $0.0233378$ & $-0.0921912$ & $-0.0285205$ & $0.0146918$ & $0.23113$ & $0.0919798$ & $-0.1505$ & $0.0546503$ & $0.0701408$ & $-0.109136$ & $-0.424925$ & $-0.177429$ & $-0.232611$ & $0.135236$ & $0.424674$ & $-0.08758$ & $0.295862$ & $0.0559879$ & $-0.351307$ \\
dAle5Mz & $-0.416011$ & $1$ & $-0.256733$ & $0.224909$ & $-0.01064$ & $0.00659535$ & $0.0825866$ & $-0.082523$ & $-0.0785421$ & $0.026466$ & $0.060145$ & $-0.000615074$ & $-0.00705076$ & $-0.000425552$ & $-0.0136793$ & $0.0388924$ & $0.0288778$ & $0.0351545$ & $-0.0487232$ & $-0.0577075$ & $-0.0588939$ & $0.0241952$ & $0.0573484$ & $0.0727228$ & $0.0177108$ & $-0.0112782$ & $-0.0503999$ & $0.0216533$ & $0.0660628$ & $-0.063502$ & $0.0836551$ & $0.00745778$ & $-0.042238$ & $-0.218615$ & $0.187984$ & $-0.304887$ & $0.0256356$ & $0.164111$ & $-0.190155$ & $0.285201$ & $-0.00474695$ & $-0.100918$ & $0.118723$ & $0.21152$ & $-0.178897$ & $-0.531892$ & $-0.368263$ & $0.042137$ \\
mtop & $-0.126382$ & $-0.256733$ & $1$ & $-0.217035$ & $-0.0642597$ & $0.024252$ & $-0.00889106$ & $-0.0023965$ & $0.00742754$ & $-0.0210262$ & $0.000536385$ & $-0.0175815$ & $0.0154568$ & $0.0317214$ & $0.0342022$ & $-0.00636894$ & $-0.0109468$ & $-0.0161836$ & $0.0049275$ & $-0.00590871$ & $-0.0101866$ & $-0.0776479$ & $0.0328221$ & $-0.0264127$ & $0.0502931$ & $-0.0586825$ & $0.0156133$ & $-0.0514813$ & $-0.00661565$ & $0.0217177$ & $-0.0200567$ & $0.0139021$ & $-0.0386276$ & $-0.242972$ & $-0.366278$ & $0.112825$ & $-0.0623519$ & $-0.0613494$ & $-0.0457485$ & $-0.0133272$ & $-0.104071$ & $0.0237195$ & $-0.0387036$ & $-0.298657$ & $0.242631$ & $0.0120912$ & $0.0107573$ & $0.0719384$ \\
mHl & $-0.313368$ & $0.224909$ & $-0.217035$ & $1$ & $0.00417914$ & $-0.0067511$ & $0.120892$ & $0.0236275$ & $0.0234627$ & $0.0209703$ & $-0.0258221$ & $0.0131568$ & $0.012928$ & $0.025906$ & $0.00598088$ & $0.010252$ & $-0.0130401$ & $0.00665123$ & $0.0278912$ & $0.0262042$ & $0.0257568$ & $0.00161887$ & $0.00142613$ & $0.0323269$ & $-0.018642$ & $0.0342351$ & $-0.0183333$ & $0.0194436$ & $-0.00617096$ & $-5.32602e-05$ & $0.131045$ & $0.0511911$ & $0.00475726$ & $0.222764$ & $-0.0350078$ & $-0.147608$ & $-0.145196$ & $-0.111903$ & $0.135631$ & $0.0148682$ & $0.131467$ & $0.0901674$ & $-0.222086$ & $-0.21141$ & $-0.549149$ & $0.0234946$ & $0.0436878$ & $0.326171$ \\
Mz & $-0.00168183$ & $-0.01064$ & $-0.0642597$ & $0.00417914$ & $1$ & $-0.0128497$ & $-0.0109621$ & $0.0176957$ & $0.014031$ & $-0.0493937$ & $0.0174181$ & $-0.0119986$ & $-0.0496036$ & $-0.057897$ & $-0.0225424$ & $-0.0446841$ & $-0.00747753$ & $-0.0436367$ & $-0.0106998$ & $-0.000670123$ & $-0.00762556$ & $0.0123576$ & $-0.0719137$ & $-0.0203603$ & $0.0200214$ & $0.0516641$ & $-0.0209617$ & $-0.0212876$ & $-0.00432674$ & $-0.00102508$ & $-0.015303$ & $0.0137068$ & $0.0657117$ & $0.0330341$ & $0.0286282$ & $0.0546264$ & $-0.0187409$ & $0.0634915$ & $-0.0303727$ & $0.0726026$ & $-0.049213$ & $-0.0167373$ & $0.018084$ & $0.0240222$ & $0.0300021$ & $0.0381585$ & $0.055364$ & $-0.00011314$ \\
CW & $0.0412393$ & $0.00659535$ & $0.024252$ & $-0.0067511$ & $-0.0128497$ & $1$ & $-0.0312949$ & $-0.120209$ & $-0.119357$ & $0.0279499$ & $0.172452$ & $0.0494525$ & $0.0328205$ & $-0.0816787$ & $-0.0697536$ & $-0.270621$ & $-0.045726$ & $-0.0557589$ & $-0.170198$ & $-0.175633$ & $-0.17687$ & $-0.0324728$ & $-7.66824e-05$ & $-0.108123$ & $0.119386$ & $-0.0892032$ & $-0.0905248$ & $0.00825246$ & $-0.0281414$ & $-0.0178685$ & $-0.0335618$ & $-0.0243366$ & $-0.112604$ & $-0.00816252$ & $-0.0363306$ & $-0.0156361$ & $0.00258835$ & $0.0216665$ & $-0.0315401$ & $-0.0428258$ & $0.0306453$ & $-0.035915$ & $0.0417007$ & $0.00361707$ & $0.00638281$ & $0.0402904$ & $-0.0335771$ & $-0.0149523$ \\
CHG & $-0.0946488$ & $0.0825866$ & $-0.00889106$ & $0.120892$ & $-0.0109621$ & $-0.0312949$ & $1$ & $0.00637947$ & $0.0646835$ & $-0.0485058$ & $-0.000183797$ & $-0.0281862$ & $-0.024279$ & $0.0162134$ & $8.01396e-05$ & $-0.00607934$ & $-0.0236134$ & $-0.0162883$ & $0.00375034$ & $-0.000227948$ & $-0.004632$ & $-0.0366642$ & $0.00104105$ & $-0.0463153$ & $0.0143047$ & $-0.0399966$ & $0.0133926$ & $-0.0113552$ & $-0.0199393$ & $-0.00482971$ & $0.927869$ & $-0.0621307$ & $-0.00205818$ & $-0.0696898$ & $-0.020643$ & $0.0479457$ & $-0.0567636$ & $-0.091942$ & $-0.0270866$ & $-0.0489948$ & $-0.118447$ & $0.340938$ & $-0.126666$ & $-0.0266067$ & $-0.0172091$ & $-0.00346044$ & $0.0462374$ & $-0.213256$ \\
CHWB & $-0.0422422$ & $-0.082523$ & $-0.0023965$ & $0.0236275$ & $0.0176957$ & $-0.120209$ & $0.00637947$ & $1$ & $0.984289$ & $-0.547423$ & $-0.889456$ & $-0.296513$ & $0.189535$ & $0.289542$ & $0.288945$ & $-0.153235$ & $-0.362417$ & $-0.364559$ & $0.862044$ & $0.906937$ & $0.889125$ & $0.0554281$ & $-0.63602$ & $-0.328041$ & $-0.505592$ & $0.4197$ & $0.307054$ & $0.0142066$ & $-0.019378$ & $0.022384$ & $-0.0064188$ & $0.00791829$ & $0.541981$ & $0.0114842$ & $0.00477662$ & $0.0196926$ & $-0.0355073$ & $-0.057647$ & $-0.0110192$ & $0.0731055$ & $0.0049599$ & $0.085548$ & $-0.0770227$ & $-0.0681406$ & $-0.0165442$ & $-0.0194942$ & $0.0695675$ & $0.052846$ \\
CHWHB_gaga & $-0.0500217$ & $-0.0785421$ & $0.00742754$ & $0.0234627$ & $0.014031$ & $-0.119357$ & $0.0646835$ & $0.984289$ & $1$ & $-0.538339$ & $-0.873421$ & $-0.274483$ & $0.180324$ & $0.284112$ & $0.283743$ & $-0.154929$ & $-0.360592$ & $-0.363482$ & $0.846681$ & $0.890558$ & $0.872951$ & $0.0486425$ & $-0.62959$ & $-0.325638$ & $-0.491615$ & $0.413593$ & $0.305243$ & $0.0196612$ & $0.00112235$ & $0.0336469$ & $0.041599$ & $0.0311834$ & $0.534336$ & $-0.00154439$ & $-0.00869765$ & $0.027963$ & $-0.0431752$ & $-0.0620773$ & $-0.0103319$ & $0.0697958$ & $-0.00455654$ & $0.119779$ & $-0.0895765$ & $-0.065557$ & $-0.0129164$ & $-0.0291403$ & $0.0731808$ & $0.0366827$ \\
CHWHB_gagaorth & $0.00460125$ & $0.026466$ & $-0.0210262$ & $0.0209703$ & $-0.0493937$ & $0.0279499$ & $-0.0485058$ & $-0.547423$ & $-0.538339$ & $1$ & $0.3353$ & $0.646449$ & $0.19784$ & $-0.1013$ & $-0.0785582$ & $0.403739$ & $0.462993$ & $0.439805$ & $-0.322305$ & $-0.356068$ & $-0.347534$ & $-0.0657722$ & $0.546486$ & $0.436936$ & $0.203497$ & $-0.252967$ & $-0.126356$ & $-0.0238419$ & $-0.0654072$ & $-0.0450224$ & $-0.0298403$ & $-0.0888976$ & $-0.333072$ & $0.00525451$ & $0.0120772$ & $0.0321073$ & $-0.0238145$ & $0.0346031$ & $0.0527461$ & $-0.0719924$ & $-0.0210061$ & $-0.0461346$ & $0.0372853$ & $0.0282776$ & $-0.00948616$ & $0.00265738$ & $-0.0233903$ & $-0.00381196$ \\
CHD & $0.0647843$ & $0.060145$ & $0.000536385$ & $-0.0258221$ & $0.0174181$ & $0.172452$ & $-0.000183797$ & $-0.889456$ & $-0.873421$ & $0.3353$ & $1$ & $0.306062$ & $-0.568074$ & $-0.419524$ & $-0.410717$ & $-0.277631$ & $0.0219517$ & $0.0229798$ & $-0.99063$ & $-0.991157$ & $-0.969489$ & $-0.0204934$ & $0.283557$ & $-0.0346459$ & $0.567089$ & $-0.292271$ & $-0.325337$ & $-0.0138225$ & $0.0242879$ & $-0.0148417$ & $0.0161927$ & $-0.00119145$ & $-0.34984$ & $-0.035049$ & $-0.000528907$ & $-0.047641$ & $0.0568596$ & $0.0368688$ & $-0.00338226$ & $-0.0818821$ & $0.00722066$ & $-0.0731843$ & $0.0515232$ & $0.0722152$ & $-0.0017383$ & $0.0181888$ & $-0.0698767$ & $-0.0629912$ \\
CHbox & $0.0363903$ & $-0.000615074$ & $-0.0175815$ & $0.0131568$ & $-0.0119986$ & $0.0494525$ & $-0.0281862$ & $-0.296513$ & $-0.274483$ & $0.646449$ & $0.306062$ & $1$ & $-0.16009$ & $-0.0417797$ & $-0.0338231$ & $-0.0578744$ & $-0.00385721$ & $-0.0126915$ & $-0.282854$ & $-0.318599$ & $-0.308791$ & $-0.048237$ & $0.147065$ & $-0.0169316$ & $0.183392$ & $-0.189125$ & $-0.111421$ & $0.00812713$ & $0.234561$ & $0.0451713$ & $0.0580315$ & $0.297564$ & $-0.1999$ & $-0.000960646$ & $0.0501166$ & $0.00533592$ & $0.00946853$ & $0.00157046$ & $0.029303$ & $-0.0777885$ & $-0.00446827$ & $-0.0331124$ & $0.014019$ & $0.032289$ & $-0.0304106$ & $0.00983934$ & $-0.0203368$ & $-0.0193189$ \\
CHL1_11 & $-0.0696214$ & $-0.00705076$ & $0.0154568$ & $0.012928$ & $-0.0496036$ & $0.0328205$ & $-0.024279$ & $0.189535$ & $0.180324$ & $0.19784$ & $-0.568074$ & $-0.16009$ & $1$ & $0.308718$ & $0.294591$ & $0.630793$ & $0.55838$ & $0.556161$ & $0.583836$ & $0.528438$ & $0.512815$ & $-0.0649036$ & $0.421558$ & $0.573312$ & $-0.303582$ & $-0.0666898$ & $0.148002$ & $-0.0086668$ & $-0.0387701$ & $-0.01663$ & $-0.0380562$ & $-0.0183741$ & $-0.18008$ & $0.0492281$ & $-0.0181424$ & $0.0756127$ & $-0.0623239$ & $0.0135566$ & $0.0126121$ & $0.0413096$ & $-0.00205539$ & $0.0172749$ & $0.0145974$ & $-0.0652749$ & $0.0410011$ & $0.0116543$ & $0.0378659$ & $0.0393339$ \\
CHL1_22 & $-0.0642621$ & $-0.000425552$ & $0.0317214$ & $0.025906$ & $-0.057897$ & $-0.0816787$ & $0.0162134$ & $0.289542$ & $0.284112$ & $-0.1013$ & $-0.419524$ & $-0.0417797$ & $0.308718$ & $1$ & $0.455887$ & $0.204529$ & $-0.450289$ & $-0.00820794$ & $0.486575$ & $0.332952$ & $0.320116$ & $-0.131052$ & $0.135199$ & $-0.110471$ & $-0.230202$ & $-0.416338$ & $0.074396$ & $-0.0016449$ & $0.0210719$ & $0.028791$ & $0.0189767$ & $0.0363066$ & $-0.619267$ & $-0.00303501$ & $0.0250868$ & $-0.00851694$ & $-0.0535597$ & $0.0137174$ & $-0.0227132$ & $0.0606121$ & $0.00087142$ & $0.0138833$ & $0.0235852$ & $-0.0557674$ & $0.00105386$ & $-0.044098$ & $-0.0227508$ & $0.0531018$ \\
CHL1_33 & $0.00898637$ & $-0.0136793$ & $0.0342022$ & $0.00598088$ & $-0.0225424$ & $-0.0697536$ & $8.01396e-05$ & $0.288945$ & $0.283743$ & $-0.0785582$ & $-0.410717$ & $-0.0338231$ & $0.294591$ & $0.455887$ & $1$ & $0.191036$ & $-0.0148152$ & $-0.445615$ & $0.474376$ & $0.326831$ & $0.34093$ & $-0.160548$ & $0.133257$ & $-0.122903$ & $-0.199943$ & $-0.40608$ & $0.0908816$ & $0.0140066$ & $-0.0022932$ & $0.00900009$ & $0.00190088$ & $0.000304162$ & $-0.126005$ & $0.0485824$ & $-0.00875394$ & $0.0289973$ & $-0.0275853$ & $-0.0192531$ & $0.0178138$ & $0.0242065$ & $-0.0387481$ & $-0.0562485$ & $0.00770612$ & $-0.0259676$ & $0.0238847$ & $0.0261417$ & $0.0275804$ & $0.0464958$ \\
CHL3_11 & $-0.0527439$ & $0.0388924$ & $-0.00636894$ & $0.010252$ & $-0.0446841$ & $-0.270621$ & $-0.00607934$ & $-0.153235$ & $-0.154929$ & $0.403739$ & $-0.277631$ & $-0.0578744$ & $0.630793$ & $0.204529$ & $0.191036$ & $1$ & $0.699096$ & $0.700747$ & $0.29626$ & $0.245445$ & $0.235989$ & $-0.0188243$ & $0.638177$ & $0.763295$ & $-0.17387$ & $-0.118655$ & $0.0763943$ & $0.0100943$ & $-0.00500704$ & $-0.0122286$ & $-0.0152056$ & $-0.0135384$ & $-0.206125$ & $0.0568206$ & $-0.00144204$ & $0.053806$ & $-0.0392212$ & $0.0422093$ & $0.0475406$ & $0.0296601$ & $-0.0386789$ & $-0.0118885$ & $0.0438568$ & $-0.00401558$ & $0.0254706$ & $-0.00471048$ & $0.00790551$ & $0.0278439$ \\
CHL3_22 & $0.00142368$ & $0.0288778$ & $-0.0109468$ & $-0.0130401$ & $-0.00747753$ & $-0.045726$ & $-0.0236134$ & $-0.362417$ & $-0.360592$ & $0.462993$ & $0.0219517$ & $-0.00385721$ & $0.55838$ & $-0.450289$ & $-0.0148152$ & $0.699096$ & $1$ & $0.630869$ & $-0.0305669$ & $-0.012335$ & $-0.00976825$ & $0.0182628$ & $0.572612$ & $0.776376$ & $0.0118201$ & $0.0541642$ & $0.00397214$ & $0.000864837$ & $-0.0264556$ & $-0.0334504$ & $-0.0323185$ & $-0.0374712$ & $0.110491$ & $0.0566717$ & $-0.0306348$ & $0.071911$ & $-0.00928865$ & $0.0272976$ & $0.0481725$ & $-0.0224535$ & $-0.0261242$ & $-0.0324445$ & $0.0286438$ & $0.0211767$ & $0.0398352$ & $0.0430207$ & $0.0290498$ & $-0.0112028$ \\
CHL3_33 & $-0.0557582$ & $0.0351545$ & $-0.0161836$ & $0.00665123$ & $-0.0436367$ & $-0.0557589$ & $-0.0162883$ & $-0.364559$ & $-0.363482$ & $0.439805$ & $0.0229798$ & $-0.0126915$ & $0.556161$ & $-0.00820794$ & $-0.445615$ & $0.700747$ & $0.630869$ & $1$ & $-0.0295176$ & $-0.0137348$ & $-0.0119984$ & $0.0479059$ & $0.565508$ & $0.785764$ & $-0.00953668$ & $0.0556041$ & $-0.0126554$ & $-0.00749204$ & $-0.0177977$ & $-0.0237058$ & $-0.0279978$ & $-0.0169518$ & $-0.295247$ & $0.0122614$ & $-0.00418599$ & $0.0363064$ & $-0.0246133$ & $0.0496286$ & $0.0229445$ & $-0.000615307$ & $0.00935939$ & $0.0211717$ & $0.0369402$ & $-0.0119637$ & $0.0205362$ & $-0.00972484$ & $-0.0133902$ & $-0.00612551$ \\
CHe_11 & $-0.0687959$ & $-0.0487232$ & $0.0049275$ & $0.0278912$ & $-0.0106998$ & $-0.170198$ & $0.00375034$ & $0.862044$ & $0.846681$ & $-0.322305$ & $-0.99063$ & $-0.282854$ & $0.583836$ & $0.486575$ & $0.474376$ & $0.29626$ & $-0.0305669$ & $-0.0295176$ & $1$ & $0.97233$ & $0.951182$ & $0.000312103$ & $-0.231695$ & $0.0368265$ & $-0.560556$ & $0.216707$ & $0.315965$ & $0.0139975$ & $-0.01688$ & $0.0164142$ & $-0.0105834$ & $0.00652226$ & $0.269012$ & $0.0316859$ & $0.000476548$ & $0.0494148$ & $-0.0604614$ & $-0.0351068$ & $-0.000532054$ & $0.0860808$ & $-0.00593237$ & $0.066126$ & $-0.0470454$ & $-0.0690293$ & $0.00464949$ & $-0.0215229$ & $0.0654399$ & $0.0647452$ \\
CHe_22 & $-0.0682863$ & $-0.0577075$ & $-0.00590871$ & $0.0262042$ & $-0.000670123$ & $-0.175633$ & $-0.000227948$ & $0.906937$ & $0.890558$ & $-0.356068$ & $-0.991157$ & $-0.318599$ & $0.528438$ & $0.332952$ & $0.326831$ & $0.245445$ & $-0.012335$ & $-0.0137348$ & $0.97233$ & $1$ & $0.974819$ & $0.0450229$ & $-0.340443$ & $0.032036$ & $-0.565854$ & $0.376665$ & $0.332711$ & $0.0153587$ & $-0.0248098$ & $0.0124363$ & $-0.017258$ & $0.000761583$ & $0.438268$ & $0.0305456$ & $0.00202934$ & $0.0453137$ & $-0.0507517$ & $-0.0380541$ & $0.00261478$ & $0.0822419$ & $-0.0058048$ & $0.078768$ & $-0.0559228$ & $-0.0720587$ & $-0.00167024$ & $-0.020401$ & $0.0703096$ & $0.0612149$ \\
CHe_33 & $-0.0663079$ & $-0.0588939$ & $-0.0101866$ & $0.0257568$ & $-0.00762556$ & $-0.17687$ & $-0.004632$ & $0.889125$ & $0.872951$ & $-0.347534$ & $-0.969489$ & $-0.308791$ & $0.512815$ & $0.320116$ & $0.34093$ & $0.235989$ & $-0.00976825$ & $-0.0119984$ & $0.951182$ & $0.974819$ & $1$ & $0.0507238$ & $-0.3391$ & $0.0352041$ & $-0.557223$ & $0.376298$ & $0.324103$ & $0.0212173$ & $-0.032109$ & $0.00334651$ & $-0.0239233$ & $-0.00818159$ & $0.437227$ & $0.0327573$ & $-4.30249e-05$ & $0.0434911$ & $-0.0399938$ & $-0.0303316$ & $0.00622716$ & $0.0767058$ & $0.000836733$ & $0.0755908$ & $-0.0507364$ & $-0.0688014$ & $-0.00476592$ & $-0.0217885$ & $0.0638357$ & $0.0680176$ \\
CHQ1_11 & $0.0285236$ & $0.0241952$ & $-0.0776479$ & $0.00161887$ & $0.0123576$ & $-0.0324728$ & $-0.0366642$ & $0.0554281$ & $0.0486425$ & $-0.0657722$ & $-0.0204934$ & $-0.048237$ & $-0.0649036$ & $-0.131052$ & $-0.160548$ & $-0.0188243$ & $0.0182628$ & $0.0479059$ & $0.000312103$ & $0.0450229$ & $0.0507238$ & $1$ & $-0.120866$ & $0.0990128$ & $-0.672116$ & $0.306679$ & $0.015091$ & $0.0149272$ & $0.00208715$ & $0.0122141$ & $-0.030271$ & $0.00954373$ & $0.165728$ & $0.00430946$ & $0.0553694$ & $-0.00353118$ & $-0.0126367$ & $0.0474226$ & $0.00709466$ & $-0.0502995$ & $0.0568667$ & $-0.0330231$ & $0.0547059$ & $0.0401607$ & $-0.0150567$ & $0.0164056$ & $-0.0226563$ & $0.00596833$ \\
CHQ1_33 & $-0.0359284$ & $0.0573484$ & $0.0328221$ & $0.00142613$ & $-0.0719137$ & $-7.66824e-05$ & $0.00104105$ & $-0.63602$ & $-0.62959$ & $0.546486$ & $0.283557$ & $0.147065$ & $0.421558$ & $0.135199$ & $0.133257$ & $0.638177$ & $0.572612$ & $0.565508$ & $-0.231695$ & $-0.340443$ & $-0.3391$ & $-0.120866$ & $1$ & $0.600788$ & $0.176419$ & $-0.408866$ & $-0.0266119$ & $-0.00516179$ & $0.00491376$ & $-0.0235808$ & $0.000870648$ & $-0.017503$ & $-0.608735$ & $0.00583719$ & $-0.00961001$ & $0.0234836$ & $-0.00771015$ & $0.0428648$ & $0.0266026$ & $-0.0262463$ & $-0.00298902$ & $-0.065356$ & $0.0749983$ & $-0.00984764$ & $0.0407411$ & $0.0199291$ & $-0.0466916$ & $0.0010012$ \\
CHQ3_11 & $-0.0948509$ & $0.0727228$ & $-0.0264127$ & $0.0323269$ & $-0.0203603$ & $-0.108123$ & $-0.0463153$ & $-0.328041$ & $-0.325638$ & $0.436936$ & $-0.0346459$ & $-0.0169316$ & $0.573312$ & $-0.110471$ & $-0.122903$ & $0.763295$ & $0.776376$ & $0.785764$ & $0.0368265$ & $0.032036$ & $0.0352041$ & $0.0990128$ & $0.600788$ & $1$ & $-0.0190725$ & $0.255576$ & $0.0112573$ & $0.00200912$ & $-0.0181613$ & $-0.0201452$ & $-0.0590643$ & $-0.0300709$ & $-0.147091$ & $0.0144689$ & $-0.0179056$ & $0.0480396$ & $-0.0354413$ & $0.0300674$ & $0.0296532$ & $0.0241656$ & $0.0216689$ & $-0.00297898$ & $0.0387465$ & $-0.023518$ & $0.0195442$ & $0.00417267$ & $-0.00795071$ & $0.032853$ \\
CHu_11 & $0.0115651$ & $0.0177108$ & $0.0502931$ & $-0.018642$ & $0.0200214$ & $0.119386$ & $0.0143047$ & $-0.505592$ & $-0.491615$ & $0.203497$ & $0.567089$ & $0.183392$ & $-0.303582$ & $-0.230202$ & $-0.199943$ & $-0.17387$ & $0.0118201$ & $-0.00953668$ & $-0.560556$ & $-0.565854$ & $-0.557223$ & $-0.672116$ & $0.176419$ & $-0.0190725$ & $1$ & $-0.145971$ & $-0.177899$ & $-0.0167451$ & $0.00504242$ & $-0.0134641$ & $0.0118099$ & $-0.0166688$ & $-0.214055$ & $-0.0314567$ & $-0.0447018$ & $-0.0248092$ & $0.0674542$ & $-0.0312024$ & $-0.0148249$ & $-0.0061831$ & $-0.0244969$ & $-0.0152949$ & $-0.024783$ & $0.0154619$ & $0.00247071$ & $0.014252$ & $-0.0122851$ & $-0.0441673$ \\
CHd_11 & $-0.0471981$ & $-0.0112782$ & $-0.0586825$ & $0.0342351$ & $0.0516641$ & $-0.0892032$ & $-0.0399966$ & $0.4197$ & $0.413593$ & $-0.252967$ & $-0.292271$ & $-0.189125$ & $-0.0666898$ & $-0.416338$ & $-0.40608$ & $-0.118655$ & $0.0541642$ & $0.0556041$ & $0.216707$ & $0.376665$ & $0.376298$ & $0.306679$ & $-0.408866$ & $0.255576$ & $-0.145971$ & $1$ & $0.14326$ & $0.0138171$ & $-0.0290713$ & $-0.00183099$ & $-0.060518$ & $-0.029956$ & $0.693792$ & $-0.0276802$ & $0.00148861$ & $-0.00991551$ & $0.00164713$ & $-0.0431342$ & $-0.0080601$ & $0.026238$ & $0.0512015$ & $0.0653292$ & $-0.0541786$ & $-0.0274879$ & $-0.0397617$ & $-0.00204114$ & $0.0262795$ & $0.0226608$ \\
CHd_33 & $-0.0205358$ & $-0.0503999$ & $0.0156133$ & $-0.0183333$ & $-0.0209617$ & $-0.0905248$ & $0.0133926$ & $0.307054$ & $0.305243$ & $-0.126356$ & $-0.325337$ & $-0.111421$ & $0.148002$ & $0.074396$ & $0.0908816$ & $0.0763943$ & $0.00397214$ & $-0.0126554$ & $0.315965$ & $0.332711$ & $0.324103$ & $0.015091$ & $-0.0266119$ & $0.0112573$ & $-0.177899$ & $0.14326$ & $1$ & $0.013981$ & $-0.0133367$ & $0.0196646$ & $0.00416011$ & $-0.0126838$ & $0.186844$ & $-0.00871961$ & $-0.0329061$ & $0.0347786$ & $0.0295172$ & $-0.0208424$ & $0.00878013$ & $0.0243314$ & $0.0232505$ & $0.0479661$ & $-0.0164044$ & $-0.0509617$ & $0.0370609$ & $0.0159818$ & $0.0475029$ & $0.00793975$ \\
CeH_22r & $0.000517986$ & $0.0216533$ & $-0.0514813$ & $0.0194436$ & $-0.0212876$ & $0.00825246$ & $-0.0113552$ & $0.0142066$ & $0.0196612$ & $-0.0238419$ & $-0.0138225$ & $0.00812713$ & $-0.0086668$ & $-0.0016449$ & $0.0140066$ & $0.0100943$ & $0.000864837$ & $-0.00749204$ & $0.0139975$ & $0.0153587$ & $0.0212173$ & $0.0149272$ & $-0.00516179$ & $0.00200912$ & $-0.0167451$ & $0.0138171$ & $0.013981$ & $1$ & $0.0176564$ & $0.00043022$ & $-0.0275501$ & $0.0332558$ & $0.0188098$ & $0.0445689$ & $-0.0143209$ & $-0.000672223$ & $-5.24392e-05$ & $0.0595986$ & $-0.0112171$ & $0.0242606$ & $0.00451744$ & $-0.0351608$ & $0.0234365$ & $0.0295785$ & $-0.00340702$ & $-0.00392772$ & $0.0185488$ & $0.0784458$ \\
CeH_33r & $-0.0175439$ & $0.0660628$ & $-0.00661565$ & $-0.00617096$ & $-0.00432674$ & $-0.0281414$ & $-0.0199393$ & $-0.019378$ & $0.00112235$ & $-0.0654072$ & $0.0242879$ & $0.234561$ & $-0.0387701$ & $0.0210719$ & $-0.0022932$ & $-0.00500704$ & $-0.0264556$ & $-0.0177977$ & $-0.01688$ & $-0.0248098$ & $-0.032109$ & $0.00208715$ & $0.00491376$ & $-0.0181613$ & $0.00504242$ & $-0.0290713$ & $-0.0133367$ & $0.0176564$ & $1$ & $0.278346$ & $0.142258$ & $0.698803$ & $-0.0267816$ & $-0.0505$ & $0.0410277$ & $-0.0530923$ & $-0.0133586$ & $0.0223695$ & $-0.0377692$ & $-0.00817546$ & $-0.0207752$ & $0.0102914$ & $0.0504379$ & $0.0338641$ & $-0.0230256$ & $-0.0564039$ & $-0.0624495$ & $0.00728765$ \\
CuH_22r & $0.0233378$ & $-0.063502$ & $0.0217177$ & $-5.32602e-05$ & $-0.00102508$ & $-0.0178685$ & $-0.00482971$ & $0.022384$ & $0.0336469$ & $-0.0450224$ & $-0.0148417$ & $0.0451713$ & $-0.01663$ & $0.028791$ & $0.00900009$ & $-0.0122286$ & $-0.0334504$ & $-0.0237058$ & $0.0164142$ & $0.0124363$ & $0.00334651$ & $0.0122141$ & $-0.0235808$ & $-0.0201452$ & $-0.0134641$ & $-0.00183099$ & $0.0196646$ & $0.00043022$ & $0.278346$ & $1$ & $0.0899794$ & $0.379912$ & $-0.00579582$ & $-0.0253175$ & $-0.0345585$ & $0.0601522$ & $-0.0231757$ & $-0.0377561$ & $0.0466424$ & $-0.0441714$ & $-0.018727$ & $-0.00731932$ & $-0.0291486$ & $-0.0238419$ & $0.0382261$ & $0.0925621$ & $0.057246$ & $-0.00928129$ \\
CuH_33r & $-0.0921912$ & $0.0836551$ & $-0.0200567$ & $0.131045$ & $-0.015303$ & $-0.0335618$ & $0.927869$ & $-0.0064188$ & $0.041599$ & $-0.0298403$ & $0.0161927$ & $0.0580315$ & $-0.0380562$ & $0.0189767$ & $0.00190088$ & $-0.0152056$ & $-0.0323185$ & $-0.0279978$ & $-0.0105834$ & $-0.017258$ & $-0.0239233$ & $-0.030271$ & $0.000870648$ & $-0.0590643$ & $0.0118099$ & $-0.060518$ & $0.00416011$ & $-0.0275501$ & $0.142258$ & $0.0899794$ & $1$ & $0.159354$ & $-0.0139185$ & $-0.0572104$ & $0.0111505$ & $0.0373949$ & $-0.066044$ & $-0.101186$ & $-0.0334915$ & $-0.0548741$ & $-0.120508$ & $0.364279$ & $-0.131451$ & $-0.022115$ & $-0.0380622$ & $-0.00975203$ & $0.0433645$ & $-0.231683$ \\
CdH_33r & $-0.0285205$ & $0.00745778$ & $0.0139021$ & $0.0511911$ & $0.0137068$ & $-0.0243366$ & $-0.0621307$ & $0.00791829$ & $0.0311834$ & $-0.0888976$ & $-0.00119145$ & $0.297564$ & $-0.0183741$ & $0.0363066$ & $0.000304162$ & $-0.0135384$ & $-0.0374712$ & $-0.0169518$ & $0.00652226$ & $0.000761583$ & $-0.00818159$ & $0.00954373$ & $-0.017503$ & $-0.0300709$ & $-0.0166688$ & $-0.029956$ & $-0.0126838$ & $0.0332558$ & $0.698803$ & $0.379912$ & $0.159354$ & $1$ & $-0.0233704$ & $-0.010742$ & $-0.0357531$ & $-0.0164771$ & $0.0017279$ & $0.00653727$ & $-0.00142153$ & $-0.00814151$ & $-0.0336685$ & $0.0180587$ & $-0.0195315$ & $-0.00249384$ & $-0.0283169$ & $-0.00795708$ & $0.0140735$ & $0.0894547$ \\
CLL_1221 & $0.0146918$ & $-0.042238$ & $-0.0386276$ & $0.00475726$ & $0.0657117$ & $-0.112604$ & $-0.00205818$ & $0.541981$ & $0.534336$ & $-0.333072$ & $-0.34984$ & $-0.1999$ & $-0.18008$ & $-0.619267$ & $-0.126005$ & $-0.206125$ & $0.110491$ & $-0.295247$ & $0.269012$ & $0.438268$ & $0.437227$ & $0.165728$ & $-0.608735$ & $-0.147091$ & $-0.214055$ & $0.693792$ & $0.186844$ & $0.0188098$ & $-0.0267816$ & $-0.00579582$ & $-0.0139185$ & $-0.0233704$ & $1$ & $0.0174756$ & $-0.00906061$ & $0.0139451$ & $0.0185095$ & $-0.0493427$ & $0.0177188$ & $0.0155727$ & $-0.00930973$ & $0.051156$ & $-0.0760143$ & $0.00450782$ & $-0.0232093$ & $0.00812451$ & $0.0675964$ & $0.00260413$ \\
eHggint & $0.23113$ & $-0.218615$ & $-0.242972$ & $0.222764$ & $0.0330341$ & $-0.00816252$ & $-0.0696898$ & $0.0114842$ & $-0.00154439$ & $0.00525451$ & $-0.035049$ & $-0.000960646$ & $0.0492281$ & $-0.00303501$ & $0.0485824$ & $0.0568206$ & $0.0566717$ & $0.0122614$ & $0.0316859$ & $0.0305456$ & $0.0327573$ & $0.00430946$ & $0.00583719$ & $0.0144689$ & $-0.0314567$ & $-0.0276802$ & $-0.00871961$ & $0.0445689$ & $-0.0505$ & $-0.0253175$ & $-0.0572104$ & $-0.010742$ & $0.0174756$ & $1$ & $0.123252$ & $0.150054$ & $-0.0248676$ & $0.00661922$ & $0.0644231$ & $0.229726$ & $-0.151674$ & $0.00372457$ & $-0.164625$ & $0.082947$ & $-0.189276$ & $0.393244$ & $0.520258$ & $0.0418023$ \\
eHggpar & $0.0919798$ & $0.187984$ & $-0.366278$ & $-0.0350078$ & $0.0286282$ & $-0.0363306$ & $-0.020643$ & $0.00477662$ & $-0.00869765$ & $0.0120772$ & $-0.000528907$ & $0.0501166$ & $-0.0181424$ & $0.0250868$ & $-0.00875394$ & $-0.00144204$ & $-0.0306348$ & $-0.00418599$ & $0.000476548$ & $0.00202934$ & $-4.30249e-05$ & $0.0553694$ & $-0.00961001$ & $-0.0179056$ & $-0.0447018$ & $0.00148861$ & $-0.0329061$ & $-0.0143209$ & $0.0410277$ & $-0.0345585$ & $0.0111505$ & $-0.0357531$ & $-0.00906061$ & $0.123252$ & $1$ & $-0.421316$ & $0.0625594$ & $-0.000676785$ & $-0.067971$ & $-0.0803175$ & $0.181323$ & $-0.0541368$ & $0.294461$ & $0.185831$ & $-0.417589$ & $-0.317712$ & $-0.394759$ & $-0.328995$ \\
eHWWint & $-0.1505$ & $-0.304887$ & $0.112825$ & $-0.147608$ & $0.0546264$ & $-0.0156361$ & $0.0479457$ & $0.0196926$ & $0.027963$ & $0.0321073$ & $-0.047641$ & $0.00533592$ & $0.0756127$ & $-0.00851694$ & $0.0289973$ & $0.053806$ & $0.071911$ & $0.0363064$ & $0.0494148$ & $0.0453137$ & $0.0434911$ & $-0.00353118$ & $0.0234836$ & $0.0480396$ & $-0.0248092$ & $-0.00991551$ & $0.0347786$ & $-0.000672223$ & $-0.0530923$ & $0.0601522$ & $0.0373949$ & $-0.0164771$ & $0.0139451$ & $0.150054$ & $-0.421316$ & $1$ & $-0.165342$ & $-0.17481$ & $0.264617$ & $0.125688$ & $-0.171635$ & $0.220224$ & $-0.322633$ & $-0.132587$ & $0.585215$ & $0.441296$ & $0.71437$ & $-0.0315579$ \\
eHWWpar & $0.0546503$ & $0.0256356$ & $-0.0623519$ & $-0.145196$ & $-0.0187409$ & $0.00258835$ & $-0.0567636$ & $-0.0355073$ & $-0.0431752$ & $-0.0238145$ & $0.0568596$ & $0.00946853$ & $-0.0623239$ & $-0.0535597$ & $-0.0275853$ & $-0.0392212$ & $-0.00928865$ & $-0.0246133$ & $-0.0604614$ & $-0.0507517$ & $-0.0399938$ & $-0.0126367$ & $-0.00771015$ & $-0.0354413$ & $0.0674542$ & $0.00164713$ & $0.0295172$ & $-5.24392e-05$ & $-0.0133586$ & $-0.0231757$ & $-0.066044$ & $0.0017279$ & $0.0185095$ & $-0.0248676$ & $0.0625594$ & $-0.165342$ & $1$ & $0.110206$ & $-0.043695$ & $-0.0788298$ & $0.113057$ & $-0.270318$ & $0.067585$ & $-0.0417781$ & $0.0371484$ & $-0.0416038$ & $-0.0852365$ & $0.0800666$ \\
eHZZint & $0.0701408$ & $0.164111$ & $-0.0613494$ & $-0.111903$ & $0.0634915$ & $0.0216665$ & $-0.091942$ & $-0.057647$ & $-0.0620773$ & $0.0346031$ & $0.0368688$ & $0.00157046$ & $0.0135566$ & $0.0137174$ & $-0.0192531$ & $0.0422093$ & $0.0272976$ & $0.0496286$ & $-0.0351068$ & $-0.0380541$ & $-0.0303316$ & $0.0474226$ & $0.0428648$ & $0.0300674$ & $-0.0312024$ & $-0.0431342$ & $-0.0208424$ & $0.0595986$ & $0.0223695$ & $-0.0377561$ & $-0.101186$ & $0.00653727$ & $-0.0493427$ & $0.00661922$ & $-0.000676785$ & $-0.17481$ & $0.110206$ & $1$ & $-0.118484$ & $0.0455511$ & $-0.0655467$ & $-0.278827$ & $0.57734$ & $0.093449$ & $0.0366425$ & $-0.116181$ & $-0.268801$ & $0.247705$ \\
eHZZpar & $-0.109136$ & $-0.190155$ & $-0.0457485$ & $0.135631$ & $-0.0303727$ & $-0.0315401$ & $-0.0270866$ & $-0.0110192$ & $-0.0103319$ & $0.0527461$ & $-0.00338226$ & $0.029303$ & $0.0126121$ & $-0.0227132$ & $0.0178138$ & $0.0475406$ & $0.0481725$ & $0.0229445$ & $-0.000532054$ & $0.00261478$ & $0.00622716$ & $0.00709466$ & $0.0266026$ & $0.0296532$ & $-0.0148249$ & $-0.0080601$ & $0.00878013$ & $-0.0112171$ & $-0.0377692$ & $0.0466424$ & $-0.0334915$ & $-0.00142153$ & $0.0177188$ & $0.0644231$ & $-0.067971$ & $0.264617$ & $-0.043695$ & $-0.118484$ & $1$ & $-0.0256021$ & $-0.0211351$ & $0.027274$ & $-0.171764$ & $-0.144468$ & $0.0153611$ & $0.0765174$ & $0.18872$ & $0.0434561$ \\
eHZgaint & $-0.424925$ & $0.285201$ & $-0.0133272$ & $0.0148682$ & $0.0726026$ & $-0.0428258$ & $-0.0489948$ & $0.0731055$ & $0.0697958$ & $-0.0719924$ & $-0.0818821$ & $-0.0777885$ & $0.0413096$ & $0.0606121$ & $0.0242065$ & $0.0296601$ & $-0.0224535$ & $-0.000615307$ & $0.0860808$ & $0.0822419$ & $0.0767058$ & $-0.0502995$ & $-0.0262463$ & $0.0241656$ & $-0.0061831$ & $0.026238$ & $0.0243314$ & $0.0242606$ & $-0.00817546$ & $-0.0441714$ & $-0.0548741$ & $-0.00814151$ & $0.0155727$ & $0.229726$ & $-0.0803175$ & $0.125688$ & $-0.0788298$ & $0.0455511$ & $-0.0256021$ & $1$ & $0.0304957$ & $0.205883$ & $-0.327245$ & $0.00765674$ & $0.092681$ & $-0.198724$ & $0.314503$ & $0.0701363$ \\
eHZgapar & $-0.177429$ & $-0.00474695$ & $-0.104071$ & $0.131467$ & $-0.049213$ & $0.0306453$ & $-0.118447$ & $0.0049599$ & $-0.00455654$ & $-0.0210061$ & $0.00722066$ & $-0.00446827$ & $-0.00205539$ & $0.00087142$ & $-0.0387481$ & $-0.0386789$ & $-0.0261242$ & $0.00935939$ & $-0.00593237$ & $-0.0058048$ & $0.000836733$ & $0.0568667$ & $-0.00298902$ & $0.0216689$ & $-0.0244969$ & $0.0512015$ & $0.0232505$ & $0.00451744$ & $-0.0207752$ & $-0.018727$ & $-0.120508$ & $-0.0336685$ & $-0.00930973$ & $-0.151674$ & $0.181323$ & $-0.171635$ & $0.113057$ & $-0.0655467$ & $-0.0211351$ & $0.0304957$ & $1$ & $-0.129928$ & $0.034538$ & $-0.0895783$ & $-0.0773214$ & $-0.0689685$ & $-0.142401$ & $0.0646962$ \\
eHgagaint & $-0.232611$ & $-0.100918$ & $0.0237195$ & $0.0901674$ & $-0.0167373$ & $-0.035915$ & $0.340938$ & $0.085548$ & $0.119779$ & $-0.0461346$ & $-0.0731843$ & $-0.0331124$ & $0.0172749$ & $0.0138833$ & $-0.0562485$ & $-0.0118885$ & $-0.0324445$ & $0.0211717$ & $0.066126$ & $0.078768$ & $0.0755908$ & $-0.0330231$ & $-0.065356$ & $-0.00297898$ & $-0.0152949$ & $0.0653292$ & $0.0479661$ & $-0.0351608$ & $0.0102914$ & $-0.00731932$ & $0.364279$ & $0.0180587$ & $0.051156$ & $0.00372457$ & $-0.0541368$ & $0.220224$ & $-0.270318$ & $-0.278827$ & $0.027274$ & $0.205883$ & $-0.129928$ & $1$ & $-0.462156$ & $-0.0580168$ & $-0.0408951$ & $-0.225504$ & $0.2231$ & $-0.337689$ \\
eHmumuint & $0.135236$ & $0.118723$ & $-0.0387036$ & $-0.222086$ & $0.018084$ & $0.0417007$ & $-0.126666$ & $-0.0770227$ & $-0.0895765$ & $0.0372853$ & $0.0515232$ & $0.014019$ & $0.0145974$ & $0.0235852$ & $0.00770612$ & $0.0438568$ & $0.0286438$ & $0.0369402$ & $-0.0470454$ & $-0.0559228$ & $-0.0507364$ & $0.0547059$ & $0.0749983$ & $0.0387465$ & $-0.024783$ & $-0.0541786$ & $-0.0164044$ & $0.0234365$ & $0.0504379$ & $-0.0291486$ & $-0.131451$ & $-0.0195315$ & $-0.0760143$ & $-0.164625$ & $0.294461$ & $-0.322633$ & $0.067585$ & $0.57734$ & $-0.171764$ & $-0.327245$ & $0.034538$ & $-0.462156$ & $1$ & $0.225059$ & $-0.130776$ & $-0.00623074$ & $-0.66713$ & $0.173851$ \\
eHtautauint & $0.424674$ & $0.21152$ & $-0.298657$ & $-0.21141$ & $0.0240222$ & $0.00361707$ & $-0.0266067$ & $-0.0681406$ & $-0.065557$ & $0.0282776$ & $0.0722152$ & $0.032289$ & $-0.0652749$ & $-0.0557674$ & $-0.0259676$ & $-0.00401558$ & $0.0211767$ & $-0.0119637$ & $-0.0690293$ & $-0.0720587$ & $-0.0688014$ & $0.0401607$ & $-0.00984764$ & $-0.023518$ & $0.0154619$ & $-0.0274879$ & $-0.0509617$ & $0.0295785$ & $0.0338641$ & $-0.0238419$ & $-0.022115$ & $-0.00249384$ & $0.00450782$ & $0.082947$ & $0.185831$ & $-0.132587$ & $-0.0417781$ & $0.093449$ & $-0.144468$ & $0.00765674$ & $-0.0895783$ & $-0.0580168$ & $0.225059$ & $1$ & $-0.311886$ & $-0.179824$ & $-0.0745809$ & $-0.182184$ \\
eHccint & $-0.08758$ & $-0.178897$ & $0.242631$ & $-0.549149$ & $0.0300021$ & $0.00638281$ & $-0.0172091$ & $-0.0165442$ & $-0.0129164$ & $-0.00948616$ & $-0.0017383$ & $-0.0304106$ & $0.0410011$ & $0.00105386$ & $0.0238847$ & $0.0254706$ & $0.0398352$ & $0.0205362$ & $0.00464949$ & $-0.00167024$ & $-0.00476592$ & $-0.0150567$ & $0.0407411$ & $0.0195442$ & $0.00247071$ & $-0.0397617$ & $0.0370609$ & $-0.00340702$ & $-0.0230256$ & $0.0382261$ & $-0.0380622$ & $-0.0283169$ & $-0.0232093$ & $-0.189276$ & $-0.417589$ & $0.585215$ & $0.0371484$ & $0.0366425$ & $0.0153611$ & $0.092681$ & $-0.0773214$ & $-0.0408951$ & $-0.130776$ & $-0.311886$ & $1$ & $0.245399$ & $0.352398$ & $-0.0852876$ \\
eHccpar & $0.295862$ & $-0.531892$ & $0.0120912$ & $0.0234946$ & $0.0381585$ & $0.0402904$ & $-0.00346044$ & $-0.0194942$ & $-0.0291403$ & $0.00265738$ & $0.0181888$ & $0.00983934$ & $0.0116543$ & $-0.044098$ & $0.0261417$ & $-0.00471048$ & $0.0430207$ & $-0.00972484$ & $-0.0215229$ & $-0.020401$ & $-0.0217885$ & $0.0164056$ & $0.0199291$ & $0.00417267$ & $0.014252$ & $-0.00204114$ & $0.0159818$ & $-0.00392772$ & $-0.0564039$ & $0.0925621$ & $-0.00975203$ & $-0.00795708$ & $0.00812451$ & $0.393244$ & $-0.317712$ & $0.441296$ & $-0.0416038$ & $-0.116181$ & $0.0765174$ & $-0.198724$ & $-0.0689685$ & $-0.225504$ & $-0.00623074$ & $-0.179824$ & $0.245399$ & $1$ & $0.444066$ & $0.00751629$ \\
eHbbint & $0.0559879$ & $-0.368263$ & $0.0107573$ & $0.0436878$ & $0.055364$ & $-0.0335771$ & $0.0462374$ & $0.0695675$ & $0.0731808$ & $-0.0233903$ & $-0.0698767$ & $-0.0203368$ & $0.0378659$ & $-0.0227508$ & $0.0275804$ & $0.00790551$ & $0.0290498$ & $-0.0133902$ & $0.0654399$ & $0.0703096$ & $0.0638357$ & $-0.0226563$ & $-0.0466916$ & $-0.00795071$ & $-0.0122851$ & $0.0262795$ & $0.0475029$ & $0.0185488$ & $-0.0624495$ & $0.057246$ & $0.0433645$ & $0.0140735$ & $0.0675964$ & $0.520258$ & $-0.394759$ & $0.71437$ & $-0.0852365$ & $-0.268801$ & $0.18872$ & $0.314503$ & $-0.142401$ & $0.2231$ & $-0.66713$ & $-0.0745809$ & $0.352398$ & $0.444066$ & $1$ & $-0.0161182$ \\
eHbbpar & $-0.351307$ & $0.042137$ & $0.0719384$ & $0.326171$ & $-0.00011314$ & $-0.0149523$ & $-0.213256$ & $0.052846$ & $0.0366827$ & $-0.00381196$ & $-0.0629912$ & $-0.0193189$ & $0.0393339$ & $0.0531018$ & $0.0464958$ & $0.0278439$ & $-0.0112028$ & $-0.00612551$ & $0.0647452$ & $0.0612149$ & $0.0680176$ & $0.00596833$ & $0.0010012$ & $0.032853$ & $-0.0441673$ & $0.0226608$ & $0.00793975$ & $0.0784458$ & $0.00728765$ & $-0.00928129$ & $-0.231683$ & $0.0894547$ & $0.00260413$ & $0.0418023$ & $-0.328995$ & $-0.0315579$ & $0.0800666$ & $0.247705$ & $0.0434561$ & $0.0701363$ & $0.0646962$ & $-0.337689$ & $0.173851$ & $-0.182184$ & $-0.0852876$ & $0.00751629$ & $-0.0161182$ & $1$ \\
