 & AlsMz & dAle5Mz & mtop & mHl & Mz & CW & CHG & CHWB & CHWHB_gaga & CHWHB_gagaorth & CHD & CHbox & CH & CHL1_11 & CHL1_22 & CHL1_33 & CHL3_11 & CHL3_22 & CHL3_33 & CHe_11 & CHe_22 & CHe_33 & CHQ1_11 & CHQ1_33 & CHQ3_11 & CHu_11 & CHd_11 & CHd_33 & CeH_22r & CeH_33r & CuH_22r & CuH_33r & CdH_33r & CLL_1221 & eHggint & eHggpar & eHWWint & eHWWpar & eHZZint & eHZZpar & eHZgaint & eHZgapar & eHgagaint & eHmumuint & eHtautauint & eHccint & eHccpar & eHbbint & eHbbpar \\
AlsMz & $1$ & $0.0542928$ & $-0.00337499$ & $-0.339829$ & $-0.0575673$ & $-0.000330949$ & $0.0266767$ & $0.301196$ & $0.304822$ & $0.171912$ & $-0.36363$ & $0.323027$ & $-0.304514$ & $0.172268$ & $0.234172$ & $0.00723176$ & $4.26767e-05$ & $-0.0753441$ & $-0.00132308$ & $0.383177$ & $0.190746$ & $0.317961$ & $-0.307009$ & $-0.0348926$ & $-0.135417$ & $0.134196$ & $-0.26213$ & $0.121571$ & $0.0103392$ & $0.0588287$ & $-0.0126981$ & $0.142203$ & $0.0540493$ & $0.051863$ & $-0.160852$ & $-0.06727$ & $0.106933$ & $-0.404358$ & $-0.436055$ & $0.0398439$ & $0.557496$ & $0.0822175$ & $-0.296564$ & $0.269861$ & $0.0487071$ & $-0.530571$ & $-0.102564$ & $0.181921$ & $0.0947158$ \\
dAle5Mz & $0.0542928$ & $1$ & $-0.0466601$ & $0.0188169$ & $0.335202$ & $-0.0228198$ & $0.0968562$ & $-0.150976$ & $-0.148766$ & $-0.230102$ & $0.196328$ & $-0.250631$ & $0.21833$ & $-0.129943$ & $0.244182$ & $-0.118616$ & $-0.0824556$ & $-0.289772$ & $0.0256846$ & $-0.176171$ & $-0.171358$ & $-0.180114$ & $-0.0834425$ & $0.0536687$ & $-0.151408$ & $0.0819268$ & $-0.361784$ & $-0.0581025$ & $-0.0116419$ & $-0.0357101$ & $-0.0176583$ & $0.0859418$ & $-0.0260496$ & $-0.316491$ & $-0.027531$ & $0.166825$ & $-0.100578$ & $-0.434654$ & $0.0446506$ & $0.0674912$ & $0.326413$ & $0.0581936$ & $0.260504$ & $-0.362744$ & $0.0412178$ & $0.270601$ & $-0.214289$ & $0.192166$ & $-0.0348801$ \\
mtop & $-0.00337499$ & $-0.0466601$ & $1$ & $0.102843$ & $-0.0309559$ & $0.0600321$ & $0.0903714$ & $-0.103736$ & $-0.101588$ & $-0.209378$ & $0.171617$ & $-0.284497$ & $0.460829$ & $-0.101073$ & $0.133777$ & $-0.000135412$ & $-0.0966868$ & $-0.166929$ & $-0.0736449$ & $-0.181854$ & $-0.117696$ & $-0.0602193$ & $0.157866$ & $-0.0739537$ & $-0.0899697$ & $-0.0648582$ & $-0.109555$ & $-0.202598$ & $-0.0057572$ & $-0.0118982$ & $0.0420336$ & $0.0956925$ & $0.00607236$ & $-0.137946$ & $-0.261126$ & $-0.361041$ & $0.00268157$ & $0.183009$ & $-0.293674$ & $-0.199177$ & $0.0130764$ & $0.236048$ & $0.381523$ & $-0.0943254$ & $0.42502$ & $0.0396671$ & $0.239607$ & $-0.0262171$ & $0.233724$ \\
mHl & $-0.339829$ & $0.0188169$ & $0.102843$ & $1$ & $-0.0678849$ & $-0.0767955$ & $-0.00342652$ & $-0.357737$ & $-0.35784$ & $-0.00586689$ & $0.308556$ & $-0.300532$ & $0.39973$ & $0.0306586$ & $-0.0986642$ & $-0.0504065$ & $0.226738$ & $0.234044$ & $0.212854$ & $-0.366707$ & $-0.226432$ & $-0.258691$ & $0.0958782$ & $0.177662$ & $0.244884$ & $-0.0559846$ & $-0.119001$ & $0.0186044$ & $-0.0112912$ & $-0.0246631$ & $0.058619$ & $-0.0742963$ & $0.00175777$ & $-0.100646$ & $-0.0764875$ & $-0.0351014$ & $0.367209$ & $0.184054$ & $0.0455377$ & $0.343956$ & $-0.286403$ & $0.0837261$ & $0.130398$ & $0.267641$ & $0.0574704$ & $0.251884$ & $0.166862$ & $0.204338$ & $0.369741$ \\
Mz & $-0.0575673$ & $0.335202$ & $-0.0309559$ & $-0.0678849$ & $1$ & $-0.0362094$ & $-0.254636$ & $-0.22954$ & $-0.230004$ & $0.233945$ & $0.131391$ & $0.296989$ & $0.0670249$ & $0.0721579$ & $0.0775673$ & $-0.251215$ & $0.170614$ & $-0.0020791$ & $0.270214$ & $-0.0683677$ & $0.0766719$ & $-0.0411118$ & $0.247596$ & $0.149824$ & $0.153974$ & $-0.217901$ & $-0.0300292$ & $-0.0940579$ & $0.000241846$ & $0.00126714$ & $-0.0397404$ & $-0.38765$ & $-0.0327368$ & $-0.345784$ & $0.227985$ & $0.545211$ & $-0.117269$ & $0.0229077$ & $0.161009$ & $-0.383051$ & $0.235877$ & $0.422821$ & $-0.0502684$ & $-0.303862$ & $-0.188339$ & $0.285085$ & $-0.0168826$ & $-0.293648$ & $-0.331874$ \\
CW & $-0.000330949$ & $-0.0228198$ & $0.0600321$ & $-0.0767955$ & $-0.0362094$ & $1$ & $0.00549682$ & $-0.0693556$ & $-0.0697486$ & $-0.0270351$ & $0.0497523$ & $-0.0534681$ & $0.0217118$ & $0.235525$ & $0.00111902$ & $-0.0472795$ & $-0.177585$ & $0.00912667$ & $0.0191238$ & $-0.0444811$ & $-0.0478529$ & $0.0375614$ & $-0.0935507$ & $0.0317823$ & $0.0193987$ & $0.156868$ & $0.00592311$ & $-0.0197513$ & $-0.00412894$ & $-0.00212037$ & $0.00290598$ & $0.0132209$ & $0.0139636$ & $-0.165256$ & $0.030822$ & $-0.0983775$ & $-0.0753482$ & $0.0330588$ & $0.0966503$ & $-0.0585133$ & $-0.0316576$ & $0.00396284$ & $0.112771$ & $-0.0810103$ & $0.118133$ & $-0.0143689$ & $-0.00171091$ & $-0.0547699$ & $0.00583552$ \\
CHG & $0.0266767$ & $0.0968562$ & $0.0903714$ & $-0.00342652$ & $-0.254636$ & $0.00549682$ & $1$ & $0.0315416$ & $0.05751$ & $-0.32505$ & $0.092742$ & $-0.436434$ & $0.197544$ & $-0.182285$ & $0.033572$ & $0.141425$ & $-0.204814$ & $-0.177728$ & $-0.225896$ & $-0.112857$ & $-0.152738$ & $-0.124153$ & $-0.22325$ & $-0.10156$ & $-0.241624$ & $0.17586$ & $-0.259783$ & $-0.0768116$ & $0.0413763$ & $-0.322629$ & $-0.168668$ & $0.661605$ & $-0.429263$ & $0.0497696$ & $-0.035788$ & $-0.370045$ & $0.0353141$ & $-0.357691$ & $-0.174576$ & $-0.0520767$ & $0.242287$ & $-0.207483$ & $-0.00220871$ & $-0.0135358$ & $-0.0405877$ & $-0.00198768$ & $0.303949$ & $0.234745$ & $0.197868$ \\
CHWB & $0.301196$ & $-0.150976$ & $-0.103736$ & $-0.357737$ & $-0.22954$ & $-0.0693556$ & $0.0315416$ & $1$ & $0.990467$ & $-0.0863526$ & $-0.882218$ & $0.157205$ & $-0.306305$ & $0.0315363$ & $0.214163$ & $0.060072$ & $-0.341412$ & $-0.389458$ & $-0.299647$ & $0.839524$ & $0.593937$ & $0.563353$ & $-0.0257954$ & $-0.451961$ & $-0.494357$ & $-0.177324$ & $0.0637127$ & $0.106168$ & $0.0101315$ & $0.0535845$ & $-0.0270632$ & $0.141672$ & $0.0375141$ & $0.589733$ & $-0.181369$ & $-0.123825$ & $-0.00991186$ & $0.0291491$ & $-0.196441$ & $-0.0688702$ & $0.114327$ & $-0.179286$ & $-0.0814235$ & $0.052574$ & $-0.0489568$ & $-0.191169$ & $-0.262959$ & $-0.225724$ & $-0.129031$ \\
CHWHB_gaga & $0.304822$ & $-0.148766$ & $-0.101588$ & $-0.35784$ & $-0.230004$ & $-0.0697486$ & $0.05751$ & $0.990467$ & $1$ & $-0.0924059$ & $-0.872584$ & $0.160942$ & $-0.305239$ & $0.0266208$ & $0.212939$ & $0.0586122$ & $-0.340991$ & $-0.387171$ & $-0.297368$ & $0.831853$ & $0.586713$ & $0.557662$ & $-0.0309661$ & $-0.449353$ & $-0.492107$ & $-0.17215$ & $0.0595739$ & $0.104215$ & $0.0165927$ & $0.0709402$ & $-0.0180133$ & $0.146897$ & $0.0570342$ & $0.584584$ & $-0.180213$ & $-0.125357$ & $-0.0112358$ & $0.0231001$ & $-0.195796$ & $-0.0666505$ & $0.118474$ & $-0.179893$ & $-0.0802267$ & $0.0526735$ & $-0.049776$ & $-0.196094$ & $-0.255826$ & $-0.219828$ & $-0.126352$ \\
CHWHB_gagaorth & $0.171912$ & $-0.230102$ & $-0.209378$ & $-0.00586689$ & $0.233945$ & $-0.0270351$ & $-0.32505$ & $-0.0863526$ & $-0.0924059$ & $1$ & $-0.261228$ & $0.537739$ & $-0.352603$ & $0.676979$ & $0.131475$ & $-0.0463275$ & $0.675481$ & $0.490442$ & $0.508181$ & $0.188786$ & $0.146365$ & $0.197845$ & $-0.0903204$ & $0.386411$ & $0.554445$ & $0.0935953$ & $0.062806$ & $0.182716$ & $0.00470669$ & $-0.042681$ & $-0.0474193$ & $-0.444046$ & $-0.0640278$ & $-0.106549$ & $-0.0581488$ & $0.315834$ & $0.266503$ & $0.181586$ & $-0.19621$ & $0.134249$ & $0.000454737$ & $0.150256$ & $-0.485078$ & $0.284068$ & $-0.119098$ & $-0.284332$ & $-0.0696755$ & $-0.0165742$ & $0.0817693$ \\
CHD & $-0.36363$ & $0.196328$ & $0.171617$ & $0.308556$ & $0.131391$ & $0.0497523$ & $0.092742$ & $-0.882218$ & $-0.872584$ & $-0.261228$ & $1$ & $-0.308705$ & $0.409699$ & $-0.376509$ & $-0.303079$ & $-0.0689927$ & $-0.0296016$ & $0.136735$ & $0.0182958$ & $-0.900202$ & $-0.625332$ & $-0.638327$ & $0.0949825$ & $0.228549$ & $0.183744$ & $0.106421$ & $-0.0362165$ & $-0.163019$ & $-0.0110188$ & $-0.0584773$ & $0.0362279$ & $0.0349042$ & $-0.0432275$ & $-0.413708$ & $0.217237$ & $0.00764249$ & $-0.127458$ & $-0.119369$ & $0.257575$ & $0.0290028$ & $-0.098237$ & $0.135776$ & $0.245804$ & $-0.146324$ & $0.0387708$ & $0.296523$ & $0.282774$ & $0.187264$ & $0.052353$ \\
CHbox & $0.323027$ & $-0.250631$ & $-0.284497$ & $-0.300532$ & $0.296989$ & $-0.0534681$ & $-0.436434$ & $0.157205$ & $0.160942$ & $0.537739$ & $-0.308705$ & $1$ & $-0.565905$ & $0.191207$ & $0.0170631$ & $-0.192008$ & $0.135091$ & $0.155317$ & $0.205852$ & $0.439155$ & $0.359724$ & $0.359209$ & $-0.00896329$ & $0.0253197$ & $0.147017$ & $-0.0994697$ & $0.211562$ & $0.22123$ & $0.0218299$ & $0.113874$ & $-0.03459$ & $-0.483168$ & $0.0771699$ & $-0.00629888$ & $0.170063$ & $0.444275$ & $-0.0896309$ & $0.142525$ & $0.0188387$ & $0.0225802$ & $0.0758657$ & $0.213185$ & $-0.406517$ & $0.167427$ & $-0.216724$ & $-0.364514$ & $-0.149091$ & $-0.204854$ & $-0.262223$ \\
CH & $-0.304514$ & $0.21833$ & $0.460829$ & $0.39973$ & $0.0670249$ & $0.0217118$ & $0.197544$ & $-0.306305$ & $-0.305239$ & $-0.352603$ & $0.409699$ & $-0.565905$ & $1$ & $-0.183315$ & $0.00020227$ & $0.130109$ & $-0.120532$ & $-0.133731$ & $-0.154537$ & $-0.443712$ & $-0.392771$ & $-0.41517$ & $0.20934$ & $0.0088364$ & $-0.104164$ & $-0.107902$ & $-0.337159$ & $-0.251323$ & $-0.0113772$ & $-0.0523211$ & $0.0286123$ & $0.181593$ & $-0.0413716$ & $-0.203512$ & $-0.0743821$ & $-0.348398$ & $0.271142$ & $0.0618309$ & $-0.0803751$ & $0.151175$ & $-0.182804$ & $0.0311295$ & $0.288016$ & $-0.20462$ & $0.406991$ & $0.521388$ & $0.255549$ & $0.33593$ & $0.266652$ \\
CHL1_11 & $0.172268$ & $-0.129943$ & $-0.101073$ & $0.0306586$ & $0.0721579$ & $0.235525$ & $-0.182285$ & $0.0315363$ & $0.0266208$ & $0.676979$ & $-0.376509$ & $0.191207$ & $-0.183315$ & $1$ & $0.231802$ & $0.0735679$ & $0.49771$ & $0.405302$ & $0.456453$ & $0.212181$ & $0.135276$ & $0.231623$ & $-0.184919$ & $0.360962$ & $0.468659$ & $0.180507$ & $-0.100814$ & $0.111322$ & $0.0025357$ & $0.0411052$ & $-0.0245168$ & $-0.237887$ & $0.0454774$ & $-0.155513$ & $-0.179868$ & $0.0760114$ & $0.323011$ & $0.177675$ & $-0.213415$ & $0.0855454$ & $-0.0119916$ & $0.00451027$ & $-0.308167$ & $0.185426$ & $0.0879392$ & $-0.216829$ & $-0.0724861$ & $0.0708168$ & $0.20173$ \\
CHL1_22 & $0.234172$ & $0.244182$ & $0.133777$ & $-0.0986642$ & $0.0775673$ & $0.00111902$ & $0.033572$ & $0.214163$ & $0.212939$ & $0.131475$ & $-0.303079$ & $0.0170631$ & $0.00020227$ & $0.231802$ & $1$ & $0.0319754$ & $0.120021$ & $-0.380631$ & $0.0891404$ & $0.260226$ & $0.0919624$ & $0.250078$ & $-0.213996$ & $0.109399$ & $-0.0310839$ & $0.144869$ & $-0.313822$ & $0.0110557$ & $0.000486981$ & $0.0352211$ & $0.01199$ & $0.108488$ & $0.0529251$ & $-0.301638$ & $-0.0797379$ & $-0.0919148$ & $0.035864$ & $-0.0858065$ & $-0.194879$ & $-0.104025$ & $0.239052$ & $0.0463849$ & $-0.0227322$ & $-0.0920975$ & $0.232531$ & $-0.137997$ & $-0.0498388$ & $0.0715358$ & $0.101734$ \\
CHL1_33 & $0.00723176$ & $-0.118616$ & $-0.000135412$ & $-0.0504065$ & $-0.251215$ & $-0.0472795$ & $0.141425$ & $0.060072$ & $0.0586122$ & $-0.0463275$ & $-0.0689927$ & $-0.192008$ & $0.130109$ & $0.0735679$ & $0.0319754$ & $1$ & $0.0351431$ & $0.0235447$ & $-0.437141$ & $0.0360477$ & $0.00499047$ & $-0.0896732$ & $-0.0572245$ & $0.0831598$ & $-0.0510865$ & $0.135847$ & $-0.193191$ & $-9.69263e-05$ & $-0.00230153$ & $-0.0119153$ & $0.0146125$ & $0.20688$ & $0.00159683$ & $0.0571421$ & $-0.0388186$ & $-0.280361$ & $0.173019$ & $0.000218502$ & $-0.0915642$ & $0.117873$ & $-0.0505926$ & $-0.269119$ & $-0.107272$ & $0.0359259$ & $0.183062$ & $-0.0853953$ & $0.0983166$ & $0.264775$ & $0.118855$ \\
CHL3_11 & $4.26767e-05$ & $-0.0824556$ & $-0.0966868$ & $0.226738$ & $0.170614$ & $-0.177585$ & $-0.204814$ & $-0.341412$ & $-0.340991$ & $0.675481$ & $-0.0296016$ & $0.135091$ & $-0.120532$ & $0.49771$ & $0.120021$ & $0.0351431$ & $1$ & $0.566452$ & $0.586769$ & $-0.107515$ & $-0.0631794$ & $-0.018754$ & $-0.0631596$ & $0.503521$ & $0.704367$ & $0.107169$ & $-0.0267286$ & $0.0897546$ & $0.000278891$ & $0.0313655$ & $0.00425078$ & $-0.299324$ & $0.0422465$ & $-0.156032$ & $-0.110495$ & $0.225555$ & $0.317628$ & $0.145247$ & $-0.133621$ & $0.0967422$ & $-0.0435862$ & $0.0901972$ & $-0.2867$ & $0.220253$ & $-0.0376443$ & $-0.120922$ & $0.0327959$ & $0.0894824$ & $0.204139$ \\
CHL3_22 & $-0.0753441$ & $-0.289772$ & $-0.166929$ & $0.234044$ & $-0.0020791$ & $0.00912667$ & $-0.177728$ & $-0.389458$ & $-0.387171$ & $0.490442$ & $0.136735$ & $0.155317$ & $-0.133731$ & $0.405302$ & $-0.380631$ & $0.0235447$ & $0.566452$ & $1$ & $0.465613$ & $-0.197375$ & $-0.196155$ & $-0.215422$ & $0.000752802$ & $0.405605$ & $0.674244$ & $0.0737305$ & $0.127202$ & $0.0987766$ & $0.00139288$ & $0.00203328$ & $0.00870879$ & $-0.282414$ & $-0.00161358$ & $0.257116$ & $-0.0590836$ & $0.169217$ & $0.297382$ & $0.158921$ & $-0.0253213$ & $0.137193$ & $-0.134095$ & $0.0341682$ & $-0.256955$ & $0.312856$ & $-0.1146$ & $-0.0637168$ & $0.1032$ & $0.0777162$ & $0.165448$ \\
CHL3_33 & $-0.00132308$ & $0.0256846$ & $-0.0736449$ & $0.212854$ & $0.270214$ & $0.0191238$ & $-0.225896$ & $-0.299647$ & $-0.297368$ & $0.508181$ & $0.0182958$ & $0.205852$ & $-0.154537$ & $0.456453$ & $0.0891404$ & $-0.437141$ & $0.586769$ & $0.465613$ & $1$ & $-0.0825226$ & $-0.112732$ & $-0.0394686$ & $-0.0597369$ & $0.344191$ & $0.652779$ & $0.0578732$ & $0.0669073$ & $0.0601251$ & $0.00011375$ & $0.0110476$ & $-0.00132444$ & $-0.350513$ & $0.00943428$ & $-0.19124$ & $-0.104154$ & $0.33524$ & $0.190792$ & $0.16354$ & $-0.0514314$ & $0.0179701$ & $-0.0303601$ & $0.209866$ & $-0.140492$ & $0.118535$ & $-0.0567766$ & $-0.0288862$ & $-0.0480837$ & $-0.0474351$ & $0.151595$ \\
CHe_11 & $0.383177$ & $-0.176171$ & $-0.181854$ & $-0.366707$ & $-0.0683677$ & $-0.0444811$ & $-0.112857$ & $0.839524$ & $0.831853$ & $0.188786$ & $-0.900202$ & $0.439155$ & $-0.443712$ & $0.212181$ & $0.260226$ & $0.0360477$ & $-0.107515$ & $-0.197375$ & $-0.0825226$ & $1$ & $0.6591$ & $0.64704$ & $-0.0630755$ & $-0.300973$ & $-0.256557$ & $-0.153795$ & $0.064012$ & $0.170524$ & $0.00807463$ & $0.0132976$ & $-0.0446033$ & $-0.071741$ & $-0.0130985$ & $0.336618$ & $-0.104012$ & $0.0461144$ & $0.00810117$ & $0.0969079$ & $-0.180282$ & $-0.0527625$ & $0.119099$ & $-0.0729047$ & $-0.237538$ & $0.10577$ & $-0.0754465$ & $-0.312915$ & $-0.274045$ & $-0.219198$ & $-0.144641$ \\
CHe_22 & $0.190746$ & $-0.171358$ & $-0.117696$ & $-0.226432$ & $0.0766719$ & $-0.0478529$ & $-0.152738$ & $0.593937$ & $0.586713$ & $0.146365$ & $-0.625332$ & $0.359724$ & $-0.392771$ & $0.135276$ & $0.0919624$ & $0.00499047$ & $-0.0631794$ & $-0.196155$ & $-0.112732$ & $0.6591$ & $1$ & $0.548763$ & $0.0630973$ & $-0.292981$ & $-0.223152$ & $-0.223745$ & $0.163067$ & $0.153434$ & $0.00972229$ & $0.0389379$ & $-0.0139616$ & $-0.141352$ & $0.0231944$ & $0.213822$ & $-0.00349054$ & $0.128166$ & $-0.130205$ & $0.153415$ & $-0.0359262$ & $-0.134622$ & $0.0485593$ & $0.0410272$ & $-0.170532$ & $0.0324753$ & $-0.158346$ & $-0.140586$ & $-0.227207$ & $-0.380759$ & $-0.239879$ \\
CHe_33 & $0.317961$ & $-0.180114$ & $-0.0602193$ & $-0.258691$ & $-0.0411118$ & $0.0375614$ & $-0.124153$ & $0.563353$ & $0.557662$ & $0.197845$ & $-0.638327$ & $0.359209$ & $-0.41517$ & $0.231623$ & $0.250078$ & $-0.0896732$ & $-0.018754$ & $-0.215422$ & $-0.0394686$ & $0.64704$ & $0.548763$ & $1$ & $-0.091841$ & $-0.230226$ & $-0.180117$ & $-0.101542$ & $0.0958375$ & $0.160303$ & $-0.00188745$ & $0.0394686$ & $-0.0305075$ & $-0.0853938$ & $0.0397046$ & $0.10936$ & $-0.0868124$ & $0.036399$ & $-0.0228187$ & $0.103792$ & $-0.0776668$ & $-0.0833446$ & $0.115189$ & $-0.0320077$ & $-0.142763$ & $0.0925849$ & $-0.0698848$ & $-0.346944$ & $-0.228325$ & $-0.229979$ & $-0.0998244$ \\
CHQ1_11 & $-0.307009$ & $-0.0834425$ & $0.157866$ & $0.0958782$ & $0.247596$ & $-0.0935507$ & $-0.22325$ & $-0.0257954$ & $-0.0309661$ & $-0.0903204$ & $0.0949825$ & $-0.00896329$ & $0.20934$ & $-0.184919$ & $-0.213996$ & $-0.0572245$ & $-0.0631596$ & $0.000752802$ & $-0.0597369$ & $-0.0630755$ & $0.0630973$ & $-0.091841$ & $1$ & $-0.118014$ & $0.0241282$ & $-0.665499$ & $0.399976$ & $-0.00226257$ & $-0.0027826$ & $-0.00652373$ & $-0.00467518$ & $-0.372524$ & $-0.0233994$ & $0.0905595$ & $0.139756$ & $0.11694$ & $-0.252133$ & $0.269207$ & $0.160647$ & $-0.139135$ & $-0.278622$ & $0.414188$ & $0.140936$ & $0.0327674$ & $-0.149293$ & $0.418246$ & $-0.131434$ & $-0.489387$ & $-0.345382$ \\
CHQ1_33 & $-0.0348926$ & $0.0536687$ & $-0.0739537$ & $0.177662$ & $0.149824$ & $0.0317823$ & $-0.10156$ & $-0.451961$ & $-0.449353$ & $0.386411$ & $0.228549$ & $0.0253197$ & $0.0088364$ & $0.360962$ & $0.109399$ & $0.0831598$ & $0.503521$ & $0.405605$ & $0.344191$ & $-0.300973$ & $-0.292981$ & $-0.230226$ & $-0.118014$ & $1$ & $0.464856$ & $0.230692$ & $-0.0870179$ & $0.126466$ & $-0.00391903$ & $0.0229238$ & $0.0021505$ & $-0.160142$ & $0.0282905$ & $-0.282753$ & $0.0118977$ & $0.119198$ & $0.180361$ & $0.000310271$ & $-0.0102091$ & $0.0910954$ & $-0.00130035$ & $0.0867209$ & $-0.158185$ & $0.107826$ & $0.0282457$ & $-0.0464069$ & $0.0997948$ & $0.190838$ & $0.164295$ \\
CHQ3_11 & $-0.135417$ & $-0.151408$ & $-0.0899697$ & $0.244884$ & $0.153974$ & $0.0193987$ & $-0.241624$ & $-0.494357$ & $-0.492107$ & $0.554445$ & $0.183744$ & $0.147017$ & $-0.104164$ & $0.468659$ & $-0.0310839$ & $-0.0510865$ & $0.704367$ & $0.674244$ & $0.652779$ & $-0.256557$ & $-0.223152$ & $-0.180117$ & $0.0241282$ & $0.464856$ & $1$ & $0.0212283$ & $0.225238$ & $0.0593188$ & $0.00113845$ & $0.00364931$ & $0.0191893$ & $-0.385656$ & $0.0142652$ & $-0.184478$ & $-0.0217628$ & $0.298514$ & $0.184875$ & $0.208415$ & $0.0639136$ & $0.0579245$ & $-0.181391$ & $0.163834$ & $-0.141087$ & $0.23056$ & $-0.0779413$ & $-0.0204564$ & $-0.0273471$ & $0.0119454$ & $0.105875$ \\
CHu_11 & $0.134196$ & $0.0819268$ & $-0.0648582$ & $-0.0559846$ & $-0.217901$ & $0.156868$ & $0.17586$ & $-0.177324$ & $-0.17215$ & $0.0935953$ & $0.106421$ & $-0.0994697$ & $-0.107902$ & $0.180507$ & $0.144869$ & $0.135847$ & $0.107169$ & $0.0737305$ & $0.0578732$ & $-0.153795$ & $-0.223745$ & $-0.101542$ & $-0.665499$ & $0.230692$ & $0.0212283$ & $1$ & $-0.150924$ & $0.0167651$ & $-0.00173086$ & $-0.0113065$ & $-0.00344073$ & $0.26614$ & $0.00913711$ & $-0.178444$ & $-0.204146$ & $-0.092327$ & $0.151565$ & $-0.211593$ & $-0.0881423$ & $0.137031$ & $0.141311$ & $-0.337513$ & $0.00110057$ & $-0.118032$ & $0.103875$ & $-0.223522$ & $0.100239$ & $0.361678$ & $0.217748$ \\
CHd_11 & $-0.26213$ & $-0.361784$ & $-0.109555$ & $-0.119001$ & $-0.0300292$ & $0.00592311$ & $-0.259783$ & $0.0637127$ & $0.0595739$ & $0.062806$ & $-0.0362165$ & $0.211562$ & $-0.337159$ & $-0.100814$ & $-0.313822$ & $-0.193191$ & $-0.0267286$ & $0.127202$ & $0.0669073$ & $0.064012$ & $0.163067$ & $0.0958375$ & $0.399976$ & $-0.0870179$ & $0.225238$ & $-0.150924$ & $1$ & $0.0672565$ & $0.00278975$ & $0.00937483$ & $-0.00919258$ & $-0.379925$ & $-0.00557755$ & $0.215018$ & $0.0205037$ & $0.352412$ & $-0.374623$ & $0.26105$ & $0.365982$ & $-0.136888$ & $-0.354439$ & $0.178985$ & $0.21205$ & $0.118699$ & $-0.397264$ & $0.154964$ & $-0.428488$ & $-0.538434$ & $-0.460618$ \\
CHd_33 & $0.121571$ & $-0.0581025$ & $-0.202598$ & $0.0186044$ & $-0.0940579$ & $-0.0197513$ & $-0.0768116$ & $0.106168$ & $0.104215$ & $0.182716$ & $-0.163019$ & $0.22123$ & $-0.251323$ & $0.111322$ & $0.0110557$ & $-9.69263e-05$ & $0.0897546$ & $0.0987766$ & $0.0601251$ & $0.170524$ & $0.153434$ & $0.160303$ & $-0.00226257$ & $0.126466$ & $0.0593188$ & $0.0167651$ & $0.0672565$ & $1$ & $0.00117919$ & $0.0130927$ & $-0.0142769$ & $-0.0672563$ & $0.0127$ & $0.0862633$ & $0.0464025$ & $0.053961$ & $0.103146$ & $-0.0589427$ & $-0.0975826$ & $0.117042$ & $0.0107572$ & $0.0157142$ & $-0.271016$ & $0.239742$ & $-0.140059$ & $-0.172755$ & $-0.089227$ & $0.00342612$ & $0.056144$ \\
CeH_22r & $0.0103392$ & $-0.0116419$ & $-0.0057572$ & $-0.0112912$ & $0.000241846$ & $-0.00412894$ & $0.0413763$ & $0.0101315$ & $0.0165927$ & $0.00470669$ & $-0.0110188$ & $0.0218299$ & $-0.0113772$ & $0.0025357$ & $0.000486981$ & $-0.00230153$ & $0.000278891$ & $0.00139288$ & $0.00011375$ & $0.00807463$ & $0.00972229$ & $-0.00188745$ & $-0.0027826$ & $-0.00391903$ & $0.00113845$ & $-0.00173086$ & $0.00278975$ & $0.00117919$ & $1$ & $0.0329257$ & $0.0161114$ & $-0.00593782$ & $0.0291465$ & $0.00856233$ & $-0.00411431$ & $0.0110885$ & $-0.00320104$ & $0.00080227$ & $0.00326742$ & $-0.0029727$ & $0.00426637$ & $-0.0035854$ & $-0.0109052$ & $0.00416712$ & $-0.00248482$ & $-0.00766771$ & $-0.00809703$ & $-0.00201741$ & $-0.00761196$ \\
CeH_33r & $0.0588287$ & $-0.0357101$ & $-0.0118982$ & $-0.0246631$ & $0.00126714$ & $-0.00212037$ & $-0.322629$ & $0.0535845$ & $0.0709402$ & $-0.042681$ & $-0.0584773$ & $0.113874$ & $-0.0523211$ & $0.0411052$ & $0.0352211$ & $-0.0119153$ & $0.0313655$ & $0.00203328$ & $0.0110476$ & $0.0132976$ & $0.0389379$ & $0.0394686$ & $-0.00652373$ & $0.0229238$ & $0.00364931$ & $-0.0113065$ & $0.00937483$ & $0.0130927$ & $0.0329257$ & $1$ & $0.273139$ & $-0.0347149$ & $0.670628$ & $0.0520587$ & $-0.0177825$ & $0.029868$ & $0.00432162$ & $0.0204128$ & $0.0343207$ & $0.0137532$ & $0.00238958$ & $-0.00212018$ & $0.00570439$ & $0.00966353$ & $0.0149576$ & $-0.0519857$ & $-0.0261703$ & $-0.0026059$ & $-0.00882599$ \\
CuH_22r & $-0.0126981$ & $-0.0176583$ & $0.0420336$ & $0.058619$ & $-0.0397404$ & $0.00290598$ & $-0.168668$ & $-0.0270632$ & $-0.0180133$ & $-0.0474193$ & $0.0362279$ & $-0.03459$ & $0.0286123$ & $-0.0245168$ & $0.01199$ & $0.0146125$ & $0.00425078$ & $0.00870879$ & $-0.00132444$ & $-0.0446033$ & $-0.0139616$ & $-0.0305075$ & $-0.00467518$ & $0.0021505$ & $0.0191893$ & $-0.00344073$ & $-0.00919258$ & $-0.0142769$ & $0.0161114$ & $0.273139$ & $1$ & $0.029693$ & $0.357063$ & $0.00692448$ & $-0.0241091$ & $-0.0284406$ & $0.0145356$ & $0.013791$ & $0.0118074$ & $0.0135337$ & $-0.00887344$ & $-0.0185601$ & $0.0414233$ & $0.0176323$ & $0.0329726$ & $-0.0157378$ & $0.0369594$ & $0.023029$ & $0.0323125$ \\
CuH_33r & $0.142203$ & $0.0859418$ & $0.0956925$ & $-0.0742963$ & $-0.38765$ & $0.0132209$ & $0.661605$ & $0.141672$ & $0.146897$ & $-0.444046$ & $0.0349042$ & $-0.483168$ & $0.181593$ & $-0.237887$ & $0.108488$ & $0.20688$ & $-0.299324$ & $-0.282414$ & $-0.350513$ & $-0.071741$ & $-0.141352$ & $-0.0853938$ & $-0.372524$ & $-0.160142$ & $-0.385656$ & $0.26614$ & $-0.379925$ & $-0.0672563$ & $-0.00593782$ & $-0.0347149$ & $0.029693$ & $1$ & $0.00331227$ & $0.120584$ & $-0.0519642$ & $-0.525001$ & $0.0526579$ & $-0.561171$ & $-0.265385$ & $-0.0643601$ & $0.424305$ & $-0.312108$ & $-0.0657512$ & $0.0154623$ & $-0.095841$ & $-0.11207$ & $0.444132$ & $0.351556$ & $0.288317$ \\
CdH_33r & $0.0540493$ & $-0.0260496$ & $0.00607236$ & $0.00175777$ & $-0.0327368$ & $0.0139636$ & $-0.429263$ & $0.0375141$ & $0.0570342$ & $-0.0640278$ & $-0.0432275$ & $0.0771699$ & $-0.0413716$ & $0.0454774$ & $0.0529251$ & $0.00159683$ & $0.0422465$ & $-0.00161358$ & $0.00943428$ & $-0.0130985$ & $0.0231944$ & $0.0397046$ & $-0.0233994$ & $0.0282905$ & $0.0142652$ & $0.00913711$ & $-0.00557755$ & $0.0127$ & $0.0291465$ & $0.670628$ & $0.357063$ & $0.00331227$ & $1$ & $0.0402151$ & $-0.0366432$ & $-0.000470553$ & $0.0180346$ & $0.00351415$ & $0.0350576$ & $0.0271379$ & $0.00958557$ & $-0.0229021$ & $0.0278177$ & $0.00823215$ & $0.0308662$ & $-0.0606587$ & $-0.0141018$ & $0.0254674$ & $0.0272165$ \\
CLL_1221 & $0.051863$ & $-0.316491$ & $-0.137946$ & $-0.100646$ & $-0.345784$ & $-0.165256$ & $0.0497696$ & $0.589733$ & $0.584584$ & $-0.106549$ & $-0.413708$ & $-0.00629888$ & $-0.203512$ & $-0.155513$ & $-0.301638$ & $0.0571421$ & $-0.156032$ & $0.257116$ & $-0.19124$ & $0.336618$ & $0.213822$ & $0.10936$ & $0.0905595$ & $-0.282753$ & $-0.184478$ & $-0.178444$ & $0.215018$ & $0.0862633$ & $0.00856233$ & $0.0520587$ & $0.00692448$ & $0.120584$ & $0.0402151$ & $1$ & $-0.180625$ & $-0.108364$ & $0.100953$ & $0.0361337$ & $-0.110489$ & $0.024981$ & $-0.0188809$ & $-0.19037$ & $-0.0593909$ & $0.212189$ & $-0.171253$ & $-0.0412573$ & $-0.0838274$ & $-0.15528$ & $-0.0360417$ \\
eHggint & $-0.160852$ & $-0.027531$ & $-0.261126$ & $-0.0764875$ & $0.227985$ & $0.030822$ & $-0.035788$ & $-0.181369$ & $-0.180213$ & $-0.0581488$ & $0.217237$ & $0.170063$ & $-0.0743821$ & $-0.179868$ & $-0.0797379$ & $-0.0388186$ & $-0.110495$ & $-0.0590836$ & $-0.104154$ & $-0.104012$ & $-0.00349054$ & $-0.0868124$ & $0.139756$ & $0.0118977$ & $-0.0217628$ & $-0.204146$ & $0.0205037$ & $0.0464025$ & $-0.00411431$ & $-0.0177825$ & $-0.0241091$ & $-0.0519642$ & $-0.0366432$ & $-0.180625$ & $1$ & $0.00961906$ & $-0.39136$ & $-0.087363$ & $0.373324$ & $-0.30751$ & $-0.0465426$ & $0.40558$ & $-0.251238$ & $0.135437$ & $-0.260855$ & $-0.028813$ & $0.132033$ & $-0.157969$ & $-0.355955$ \\
eHggpar & $-0.06727$ & $0.166825$ & $-0.361041$ & $-0.0351014$ & $0.545211$ & $-0.0983775$ & $-0.370045$ & $-0.123825$ & $-0.125357$ & $0.315834$ & $0.00764249$ & $0.444275$ & $-0.348398$ & $0.0760114$ & $-0.0919148$ & $-0.280361$ & $0.225555$ & $0.169217$ & $0.33524$ & $0.0461144$ & $0.128166$ & $0.036399$ & $0.11694$ & $0.119198$ & $0.298514$ & $-0.092327$ & $0.352412$ & $0.053961$ & $0.0110885$ & $0.029868$ & $-0.0284406$ & $-0.525001$ & $-0.000470553$ & $-0.108364$ & $0.00961906$ & $1$ & $-0.1546$ & $0.0535224$ & $0.376507$ & $-0.0751308$ & $-0.0327362$ & $0.0426764$ & $0.0590121$ & $-0.0745341$ & $-0.316273$ & $0.0211649$ & $-0.423959$ & $-0.258997$ & $-0.332361$ \\
eHWWint & $0.106933$ & $-0.100578$ & $0.00268157$ & $0.367209$ & $-0.117269$ & $-0.0753482$ & $0.0353141$ & $-0.00991186$ & $-0.0112358$ & $0.266503$ & $-0.127458$ & $-0.0896309$ & $0.271142$ & $0.323011$ & $0.035864$ & $0.173019$ & $0.317628$ & $0.297382$ & $0.190792$ & $0.00810117$ & $-0.130205$ & $-0.0228187$ & $-0.252133$ & $0.180361$ & $0.184875$ & $0.151565$ & $-0.374623$ & $0.103146$ & $-0.00320104$ & $0.00432162$ & $0.0145356$ & $0.0526579$ & $0.0180346$ & $0.100953$ & $-0.39136$ & $-0.1546$ & $1$ & $0.204419$ & $-0.488269$ & $0.446052$ & $-0.08214$ & $-0.347869$ & $-0.31011$ & $0.130848$ & $0.314103$ & $-0.123501$ & $0.205178$ & $0.608352$ & $0.637571$ \\
eHWWpar & $-0.404358$ & $-0.434654$ & $0.183009$ & $0.184054$ & $0.0229077$ & $0.0330588$ & $-0.357691$ & $0.0291491$ & $0.0231001$ & $0.181586$ & $-0.119369$ & $0.142525$ & $0.0618309$ & $0.177675$ & $-0.0858065$ & $0.000218502$ & $0.145247$ & $0.158921$ & $0.16354$ & $0.0969079$ & $0.153415$ & $0.103792$ & $0.269207$ & $0.000310271$ & $0.208415$ & $-0.211593$ & $0.26105$ & $-0.0589427$ & $0.00080227$ & $0.0204128$ & $0.013791$ & $-0.561171$ & $0.00351415$ & $0.0361337$ & $-0.087363$ & $0.0535224$ & $0.204419$ & $1$ & $0.0664886$ & $0.026303$ & $-0.647163$ & $0.00597685$ & $0.0417953$ & $-0.0826744$ & $0.400779$ & $0.0752825$ & $-0.0451182$ & $-0.195996$ & $0.0532125$ \\
eHZZint & $-0.436055$ & $0.0446506$ & $-0.293674$ & $0.0455377$ & $0.161009$ & $0.0966503$ & $-0.174576$ & $-0.196441$ & $-0.195796$ & $-0.19621$ & $0.257575$ & $0.0188387$ & $-0.0803751$ & $-0.213415$ & $-0.194879$ & $-0.0915642$ & $-0.133621$ & $-0.0253213$ & $-0.0514314$ & $-0.180282$ & $-0.0359262$ & $-0.0776668$ & $0.160647$ & $-0.0102091$ & $0.0639136$ & $-0.0881423$ & $0.365982$ & $-0.0975826$ & $0.00326742$ & $0.0343207$ & $0.0118074$ & $-0.265385$ & $0.0350576$ & $-0.110489$ & $0.373324$ & $0.376507$ & $-0.488269$ & $0.0664886$ & $1$ & $-0.150612$ & $-0.25479$ & $0.0300306$ & $0.435202$ & $-0.131612$ & $-0.197852$ & $0.265519$ & $-0.240247$ & $-0.285012$ & $-0.524803$ \\
eHZZpar & $0.0398439$ & $0.0674912$ & $-0.199177$ & $0.343956$ & $-0.383051$ & $-0.0585133$ & $-0.0520767$ & $-0.0688702$ & $-0.0666505$ & $0.134249$ & $0.0290028$ & $0.0225802$ & $0.151175$ & $0.0855454$ & $-0.104025$ & $0.117873$ & $0.0967422$ & $0.137193$ & $0.0179701$ & $-0.0527625$ & $-0.134622$ & $-0.0833446$ & $-0.139135$ & $0.0910954$ & $0.0579245$ & $0.137031$ & $-0.136888$ & $0.117042$ & $-0.0029727$ & $0.0137532$ & $0.0135337$ & $-0.0643601$ & $0.0271379$ & $0.024981$ & $-0.30751$ & $-0.0751308$ & $0.446052$ & $0.026303$ & $-0.150612$ & $1$ & $-0.322537$ & $-0.251761$ & $-0.0498706$ & $0.227332$ & $0.0967439$ & $-0.0367632$ & $-0.159485$ & $0.535739$ & $0.380699$ \\
eHZgaint & $0.557496$ & $0.326413$ & $0.0130764$ & $-0.286403$ & $0.235877$ & $-0.0316576$ & $0.242287$ & $0.114327$ & $0.118474$ & $0.000454737$ & $-0.098237$ & $0.0758657$ & $-0.182804$ & $-0.0119916$ & $0.239052$ & $-0.0505926$ & $-0.0435862$ & $-0.134095$ & $-0.0303601$ & $0.119099$ & $0.0485593$ & $0.115189$ & $-0.278622$ & $-0.00130035$ & $-0.181391$ & $0.141311$ & $-0.354439$ & $0.0107572$ & $0.00426637$ & $0.00238958$ & $-0.00887344$ & $0.424305$ & $0.00958557$ & $-0.0188809$ & $-0.0465426$ & $-0.0327362$ & $-0.08214$ & $-0.647163$ & $-0.25479$ & $-0.322537$ & $1$ & $0.122713$ & $-0.187879$ & $-0.176196$ & $-0.22914$ & $-0.129341$ & $0.249389$ & $-0.00502826$ & $-0.0739917$ \\
eHZgapar & $0.0822175$ & $0.0581936$ & $0.236048$ & $0.0837261$ & $0.422821$ & $0.00396284$ & $-0.207483$ & $-0.179286$ & $-0.179893$ & $0.150256$ & $0.135776$ & $0.213185$ & $0.0311295$ & $0.00451027$ & $0.0463849$ & $-0.269119$ & $0.0901972$ & $0.0341682$ & $0.209866$ & $-0.0729047$ & $0.0410272$ & $-0.0320077$ & $0.414188$ & $0.0867209$ & $0.163834$ & $-0.337513$ & $0.178985$ & $0.0157142$ & $-0.0035854$ & $-0.00212018$ & $-0.0185601$ & $-0.312108$ & $-0.0229021$ & $-0.19037$ & $0.40558$ & $0.0426764$ & $-0.347869$ & $0.00597685$ & $0.0300306$ & $-0.251761$ & $0.122713$ & $1$ & $-0.0093807$ & $0.17326$ & $-0.2164$ & $0.193335$ & $-0.0592279$ & $-0.412303$ & $-0.261001$ \\
eHgagaint & $-0.296564$ & $0.260504$ & $0.381523$ & $0.130398$ & $-0.0502684$ & $0.112771$ & $-0.00220871$ & $-0.0814235$ & $-0.0802267$ & $-0.485078$ & $0.245804$ & $-0.406517$ & $0.288016$ & $-0.308167$ & $-0.0227322$ & $-0.107272$ & $-0.2867$ & $-0.256955$ & $-0.140492$ & $-0.237538$ & $-0.170532$ & $-0.142763$ & $0.140936$ & $-0.158185$ & $-0.141087$ & $0.00110057$ & $0.21205$ & $-0.271016$ & $-0.0109052$ & $0.00570439$ & $0.0414233$ & $-0.0657512$ & $0.0278177$ & $-0.0593909$ & $-0.251238$ & $0.0590121$ & $-0.31011$ & $0.0417953$ & $0.435202$ & $-0.0498706$ & $-0.187879$ & $-0.0093807$ & $1$ & $-0.273727$ & $0.22627$ & $0.335006$ & $-0.287263$ & $-0.196766$ & $-0.168747$ \\
eHmumuint & $0.269861$ & $-0.362744$ & $-0.0943254$ & $0.267641$ & $-0.303862$ & $-0.0810103$ & $-0.0135358$ & $0.052574$ & $0.0526735$ & $0.284068$ & $-0.146324$ & $0.167427$ & $-0.20462$ & $0.185426$ & $-0.0920975$ & $0.0359259$ & $0.220253$ & $0.312856$ & $0.118535$ & $0.10577$ & $0.0324753$ & $0.0925849$ & $0.0327674$ & $0.107826$ & $0.23056$ & $-0.118032$ & $0.118699$ & $0.239742$ & $0.00416712$ & $0.00966353$ & $0.0176323$ & $0.0154623$ & $0.00823215$ & $0.212189$ & $0.135437$ & $-0.0745341$ & $0.130848$ & $-0.0826744$ & $-0.131612$ & $0.227332$ & $-0.176196$ & $0.17326$ & $-0.273727$ & $1$ & $-0.19622$ & $-0.365694$ & $-0.112766$ & $0.126765$ & $0.236058$ \\
eHtautauint & $0.0487071$ & $0.0412178$ & $0.42502$ & $0.0574704$ & $-0.188339$ & $0.118133$ & $-0.0405877$ & $-0.0489568$ & $-0.049776$ & $-0.119098$ & $0.0387708$ & $-0.216724$ & $0.406991$ & $0.0879392$ & $0.232531$ & $0.183062$ & $-0.0376443$ & $-0.1146$ & $-0.0567766$ & $-0.0754465$ & $-0.158346$ & $-0.0698848$ & $-0.149293$ & $0.0282457$ & $-0.0779413$ & $0.103875$ & $-0.397264$ & $-0.140059$ & $-0.00248482$ & $0.0149576$ & $0.0329726$ & $-0.095841$ & $0.0308662$ & $-0.171253$ & $-0.260855$ & $-0.316273$ & $0.314103$ & $0.400779$ & $-0.197852$ & $0.0967439$ & $-0.22914$ & $-0.2164$ & $0.22627$ & $-0.19622$ & $1$ & $-0.0579099$ & $0.0275773$ & $0.345398$ & $0.404585$ \\
eHccint & $-0.530571$ & $0.270601$ & $0.0396671$ & $0.251884$ & $0.285085$ & $-0.0143689$ & $-0.00198768$ & $-0.191169$ & $-0.196094$ & $-0.284332$ & $0.296523$ & $-0.364514$ & $0.521388$ & $-0.216829$ & $-0.137997$ & $-0.0853953$ & $-0.120922$ & $-0.0637168$ & $-0.0288862$ & $-0.312915$ & $-0.140586$ & $-0.346944$ & $0.418246$ & $-0.0464069$ & $-0.0204564$ & $-0.223522$ & $0.154964$ & $-0.172755$ & $-0.00766771$ & $-0.0519857$ & $-0.0157378$ & $-0.11207$ & $-0.0606587$ & $-0.0412573$ & $-0.028813$ & $0.0211649$ & $-0.123501$ & $0.0752825$ & $0.265519$ & $-0.0367632$ & $-0.129341$ & $0.193335$ & $0.335006$ & $-0.365694$ & $-0.0579099$ & $1$ & $-0.0861825$ & $-0.232992$ & $-0.269764$ \\
eHccpar & $-0.102564$ & $-0.214289$ & $0.239607$ & $0.166862$ & $-0.0168826$ & $-0.00171091$ & $0.303949$ & $-0.262959$ & $-0.255826$ & $-0.0696755$ & $0.282774$ & $-0.149091$ & $0.255549$ & $-0.0724861$ & $-0.0498388$ & $0.0983166$ & $0.0327959$ & $0.1032$ & $-0.0480837$ & $-0.274045$ & $-0.227207$ & $-0.228325$ & $-0.131434$ & $0.0997948$ & $-0.0273471$ & $0.100239$ & $-0.428488$ & $-0.089227$ & $-0.00809703$ & $-0.0261703$ & $0.0369594$ & $0.444132$ & $-0.0141018$ & $-0.0838274$ & $0.132033$ & $-0.423959$ & $0.205178$ & $-0.0451182$ & $-0.240247$ & $-0.159485$ & $0.249389$ & $-0.0592279$ & $-0.287263$ & $-0.112766$ & $0.0275773$ & $-0.0861825$ & $1$ & $0.188499$ & $0.279889$ \\
eHbbint & $0.181921$ & $0.192166$ & $-0.0262171$ & $0.204338$ & $-0.293648$ & $-0.0547699$ & $0.234745$ & $-0.225724$ & $-0.219828$ & $-0.0165742$ & $0.187264$ & $-0.204854$ & $0.33593$ & $0.0708168$ & $0.0715358$ & $0.264775$ & $0.0894824$ & $0.0777162$ & $-0.0474351$ & $-0.219198$ & $-0.380759$ & $-0.229979$ & $-0.489387$ & $0.190838$ & $0.0119454$ & $0.361678$ & $-0.538434$ & $0.00342612$ & $-0.00201741$ & $-0.0026059$ & $0.023029$ & $0.351556$ & $0.0254674$ & $-0.15528$ & $-0.157969$ & $-0.258997$ & $0.608352$ & $-0.195996$ & $-0.285012$ & $0.535739$ & $-0.00502826$ & $-0.412303$ & $-0.196766$ & $0.126765$ & $0.345398$ & $-0.232992$ & $0.188499$ & $1$ & $0.634765$ \\
eHbbpar & $0.0947158$ & $-0.0348801$ & $0.233724$ & $0.369741$ & $-0.331874$ & $0.00583552$ & $0.197868$ & $-0.129031$ & $-0.126352$ & $0.0817693$ & $0.052353$ & $-0.262223$ & $0.266652$ & $0.20173$ & $0.101734$ & $0.118855$ & $0.204139$ & $0.165448$ & $0.151595$ & $-0.144641$ & $-0.239879$ & $-0.0998244$ & $-0.345382$ & $0.164295$ & $0.105875$ & $0.217748$ & $-0.460618$ & $0.056144$ & $-0.00761196$ & $-0.00882599$ & $0.0323125$ & $0.288317$ & $0.0272165$ & $-0.0360417$ & $-0.355955$ & $-0.332361$ & $0.637571$ & $0.0532125$ & $-0.524803$ & $0.380699$ & $-0.0739917$ & $-0.261001$ & $-0.168747$ & $0.236058$ & $0.404585$ & $-0.269764$ & $0.279889$ & $0.634765$ & $1$ \\
