 & AlsMz & dAle5Mz & mtop & mHl & Mz & CW & CHG & CHWB & CHWHB_gaga & CHWHB_gagaorth & CHD & CHbox & CH & CHL1_11 & CHL1_22 & CHL1_33 & CHL3_11 & CHL3_22 & CHL3_33 & CHe_11 & CHe_22 & CHe_33 & CHQ1_11 & CHQ1_33 & CHQ3_11 & CHu_11 & CHd_11 & CHd_33 & CeH_22r & CeH_33r & CuH_22r & CuH_33r & CdH_33r & CLL_1221 & eHggint & eHggpar & eHWWint & eHWWpar & eHZZint & eHZZpar & eHZgaint & eHZgapar & eHgagaint & eHmumuint & eHtautauint & eHccint & eHccpar & eHbbint & eHbbpar \\
AlsMz & $1$ & $0.00104142$ & $-0.0946792$ & $0.0341736$ & $-0.0174664$ & $0.0428569$ & $0.0232061$ & $0.0100609$ & $0.0274946$ & $-0.0324626$ & $-0.0232845$ & $-0.0235073$ & $0.0249776$ & $-0.0010069$ & $-0.00373742$ & $0.0118199$ & $0.00627919$ & $0.0104265$ & $0.00240329$ & $0.0156006$ & $0.0117359$ & $0.00897747$ & $-0.0455809$ & $-0.0653027$ & $-0.119526$ & $-0.00170396$ & $-0.00108215$ & $-0.0273314$ & $0.0164527$ & $0.0222774$ & $-0.00149139$ & $0.0146864$ & $0.0530418$ & $0.0125771$ & $0.00181762$ & $-0.0653447$ & $-0.0376153$ & $0.0341161$ & $0.0290752$ & $0.0682171$ & $0.00275322$ & $-0.0160761$ & $0.0483186$ & $0.0316159$ & $-0.0308958$ & $0.0626109$ & $0.00647814$ & $-0.069907$ & $0.0363297$ \\
dAle5Mz & $0.00104142$ & $1$ & $0.0260306$ & $-0.0039125$ & $-0.0073926$ & $0.0502004$ & $-0.0463971$ & $-0.0761449$ & $-0.0799552$ & $0.00744338$ & $0.0874654$ & $0.0815393$ & $-0.0455462$ & $-0.0884178$ & $-0.00515709$ & $-0.0415337$ & $-0.0576359$ & $-0.0637793$ & $-0.0215448$ & $-0.0591069$ & $-0.0540193$ & $-0.0569956$ & $-0.0502289$ & $-0.0417456$ & $-0.0433409$ & $0.050882$ & $-0.0170078$ & $0.0206886$ & $-0.0700205$ & $0.0247781$ & $0.0278973$ & $-0.047698$ & $-0.0377412$ & $0.0111161$ & $0.0699221$ & $0.00684821$ & $0.0706653$ & $-0.0396295$ & $-0.0374624$ & $-0.0166176$ & $-0.0417954$ & $0.00601561$ & $0.0227971$ & $-0.0300701$ & $0.0150078$ & $-0.0296475$ & $0.0236686$ & $0.0596978$ & $-0.0316966$ \\
mtop & $-0.0946792$ & $0.0260306$ & $1$ & $0.0347141$ & $0.00569349$ & $-0.0136062$ & $-0.0161807$ & $-0.0317018$ & $-0.0416366$ & $0.058078$ & $0.0419508$ & $0.0263284$ & $0.00792212$ & $-0.0218406$ & $-0.0552163$ & $0.000127569$ & $0.00652719$ & $0.0387648$ & $-0.0112002$ & $-0.0331691$ & $-0.0260603$ & $-0.0391279$ & $-0.0192088$ & $0.0238545$ & $0.0410656$ & $0.0519861$ & $0.0271471$ & $0.00831203$ & $-0.00151576$ & $-0.0480965$ & $0.00644229$ & $0.0110959$ & $-0.0588293$ & $0.0290613$ & $0.0410908$ & $0.0802267$ & $0.00401791$ & $0.0599499$ & $-0.00592957$ & $-0.0268342$ & $-0.0066469$ & $0.0141558$ & $-0.00543015$ & $-0.0181537$ & $-0.0361641$ & $0.0110354$ & $-0.0240272$ & $-0.00954612$ & $-0.102696$ \\
mHl & $0.0341736$ & $-0.0039125$ & $0.0347141$ & $1$ & $-0.0718517$ & $0.0979996$ & $0.0221228$ & $0.0215325$ & $0.0256424$ & $0.0132367$ & $-0.0100834$ & $0.0150126$ & $0.00148311$ & $0.00785377$ & $-0.0434961$ & $-0.0181886$ & $-0.0424994$ & $0.00532419$ & $-0.00940534$ & $0.00162867$ & $0.011239$ & $0.0109652$ & $0.00115068$ & $-0.0191671$ & $-0.0115793$ & $0.0102533$ & $0.0533138$ & $-0.059287$ & $0.0287757$ & $0.0109025$ & $-0.0171226$ & $0.00138476$ & $-0.00334428$ & $0.0398845$ & $0.0650636$ & $-0.0875685$ & $-0.00149784$ & $-0.0129975$ & $-0.0611345$ & $-0.0113151$ & $0.00831549$ & $0.00907524$ & $0.0133792$ & $0.0359825$ & $0.0177999$ & $0.0203718$ & $-0.0217488$ & $0.0301891$ & $-0.00417525$ \\
Mz & $-0.0174664$ & $-0.0073926$ & $0.00569349$ & $-0.0718517$ & $1$ & $-0.00859367$ & $0.0200355$ & $-0.0402184$ & $-0.0442001$ & $-0.0163731$ & $0.0463911$ & $-0.0584708$ & $0.0484637$ & $-0.033801$ & $0.0485582$ & $0.0559988$ & $0.0118473$ & $-0.0316257$ & $-0.0343816$ & $-0.0256512$ & $-0.0379403$ & $-0.0541602$ & $0.0273866$ & $0.0358881$ & $-0.0276776$ & $0.0154126$ & $-0.0702683$ & $-0.0234659$ & $-0.027997$ & $0.00516431$ & $0.00288871$ & $0.0433929$ & $-0.00440115$ & $-0.0685599$ & $0.072904$ & $-0.0283486$ & $-0.0212242$ & $-0.00862355$ & $0.0737531$ & $0.0767857$ & $-0.0543199$ & $-0.00126343$ & $0.0220792$ & $0.0532379$ & $0.0381186$ & $0.0288583$ & $-0.0134687$ & $0.0514165$ & $-0.0193497$ \\
CW & $0.0428569$ & $0.0502004$ & $-0.0136062$ & $0.0979996$ & $-0.00859367$ & $1$ & $0.0358269$ & $-0.0996427$ & $-0.10088$ & $0.0560749$ & $0.166824$ & $0.0543401$ & $0.00549828$ & $0.0108658$ & $-0.124951$ & $-0.0963176$ & $-0.283021$ & $-0.0389172$ & $-0.0558814$ & $-0.166799$ & $-0.165583$ & $-0.168248$ & $0.0162324$ & $-0.0231888$ & $-0.105594$ & $0.106836$ & $-0.0223483$ & $-0.0403719$ & $-0.0122968$ & $0.00265975$ & $-0.029995$ & $0.0276861$ & $-0.0282709$ & $-0.0534417$ & $-0.0235306$ & $-0.002752$ & $0.0401677$ & $0.0595849$ & $-0.0131237$ & $0.0429404$ & $0.010205$ & $0.00968771$ & $-0.0558246$ & $0.0110927$ & $0.0081678$ & $0.0294599$ & $-0.0177921$ & $0.0220472$ & $0.018096$ \\
CHG & $0.0232061$ & $-0.0463971$ & $-0.0161807$ & $0.0221228$ & $0.0200355$ & $0.0358269$ & $1$ & $0.00784896$ & $0.0675649$ & $0.0209578$ & $-0.0095987$ & $0.0867689$ & $-0.13752$ & $0.0207799$ & $-0.00171212$ & $-0.0335662$ & $0.00483421$ & $0.00889734$ & $0.0301869$ & $0.006307$ & $0.0105407$ & $0.00838366$ & $0.0217015$ & $0.00376267$ & $0.0243563$ & $-0.00881943$ & $0.0382326$ & $-0.00439628$ & $0.032784$ & $-0.0475738$ & $-0.00784801$ & $0.930492$ & $-0.0434593$ & $0.00463372$ & $-0.00436527$ & $-0.00864518$ & $-0.00958645$ & $0.0380108$ & $-0.0559582$ & $0.0244371$ & $-0.00720198$ & $-0.0109923$ & $0.0135909$ & $-0.086191$ & $0.0284456$ & $-0.0385338$ & $0.0125694$ & $-0.00499923$ & $0.0647982$ \\
CHWB & $0.0100609$ & $-0.0761449$ & $-0.0317018$ & $0.0215325$ & $-0.0402184$ & $-0.0996427$ & $0.00784896$ & $1$ & $0.980011$ & $-0.544196$ & $-0.880267$ & $-0.264684$ & $0.107749$ & $0.12423$ & $0.234339$ & $0.251328$ & $-0.209254$ & $-0.381127$ & $-0.418975$ & $0.8447$ & $0.901541$ & $0.882591$ & $0.0745681$ & $-0.648789$ & $-0.367715$ & $-0.487719$ & $0.415105$ & $0.306154$ & $0.0321161$ & $0.0330687$ & $0.0244804$ & $0.00217847$ & $0.0226241$ & $0.571242$ & $-0.0141584$ & $-0.0489317$ & $0.0280365$ & $0.0417619$ & $-0.0703977$ & $0.0387471$ & $0.0506322$ & $-0.0183075$ & $-0.0762236$ & $-0.0151228$ & $-0.0319366$ & $-0.00304549$ & $0.0191061$ & $-0.0523313$ & $0.0255506$ \\
CHWHB_gaga & $0.0274946$ & $-0.0799552$ & $-0.0416366$ & $0.0256424$ & $-0.0442001$ & $-0.10088$ & $0.0675649$ & $0.980011$ & $1$ & $-0.539137$ & $-0.853569$ & $-0.243619$ & $0.100025$ & $0.105417$ & $0.217255$ & $0.232159$ & $-0.222448$ & $-0.382365$ & $-0.419374$ & $0.817063$ & $0.876131$ & $0.858327$ & $0.0694898$ & $-0.647922$ & $-0.371492$ & $-0.474261$ & $0.415764$ & $0.296578$ & $0.0436846$ & $0.0565697$ & $0.0405463$ & $0.0522873$ & $0.0441558$ & $0.569478$ & $-0.0305003$ & $-0.0489132$ & $0.0154847$ & $0.0442087$ & $-0.0731979$ & $0.0488205$ & $0.0388421$ & $-0.0150339$ & $0.0131339$ & $-0.0186974$ & $-0.0292447$ & $-0.0100036$ & $0.0254411$ & $-0.0597244$ & $0.0235718$ \\
CHWHB_gagaorth & $-0.0324626$ & $0.00744338$ & $0.058078$ & $0.0132367$ & $-0.0163731$ & $0.0560749$ & $0.0209578$ & $-0.544196$ & $-0.539137$ & $1$ & $0.346999$ & $0.515382$ & $-0.0814612$ & $0.207587$ & $-0.104381$ & $-0.0831176$ & $0.366355$ & $0.44827$ & $0.445109$ & $-0.333$ & $-0.367595$ & $-0.352795$ & $-0.0530488$ & $0.509967$ & $0.446305$ & $0.224352$ & $-0.202511$ & $-0.118612$ & $-0.037123$ & $-0.148438$ & $-0.0484627$ & $0.0390836$ & $-0.120584$ & $-0.335048$ & $0.0598293$ & $-0.00821589$ & $0.0155191$ & $-0.011207$ & $0.0655031$ & $-0.0450621$ & $-0.0468188$ & $0.0307435$ & $0.0247565$ & $0.0162088$ & $0.0393154$ & $0.0480552$ & $0.0131361$ & $0.0136335$ & $0.0191173$ \\
CHD & $-0.0232845$ & $0.0874654$ & $0.0419508$ & $-0.0100834$ & $0.0463911$ & $0.166824$ & $-0.0095987$ & $-0.880267$ & $-0.853569$ & $0.346999$ & $1$ & $0.241074$ & $-0.0455479$ & $-0.531497$ & $-0.393168$ & $-0.402629$ & $-0.241494$ & $0.0276399$ & $0.0788837$ & $-0.988194$ & $-0.989437$ & $-0.96755$ & $-0.0281303$ & $0.286875$ & $0.00435581$ & $0.538869$ & $-0.262631$ & $-0.301449$ & $-0.0171063$ & $-0.00113943$ & $0.0160863$ & $0.00391884$ & $-0.0241742$ & $-0.352985$ & $0.00977067$ & $0.0618442$ & $-0.0719612$ & $-0.0341506$ & $0.061065$ & $-0.0564261$ & $-0.0244708$ & $0.0125082$ & $0.0862386$ & $0.0195277$ & $0.0298096$ & $0.0115051$ & $-0.0130727$ & $0.0257921$ & $-0.066486$ \\
CHbox & $-0.0235073$ & $0.0815393$ & $0.0263284$ & $0.0150126$ & $-0.0584708$ & $0.0543401$ & $0.0867689$ & $-0.264684$ & $-0.243619$ & $0.515382$ & $0.241074$ & $1$ & $-0.695036$ & $-0.0476601$ & $-0.0841539$ & $-0.0506573$ & $0.0223572$ & $0.097255$ & $0.0861604$ & $-0.228288$ & $-0.245791$ & $-0.231574$ & $-0.0429173$ & $0.1613$ & $0.0827536$ & $0.143904$ & $-0.112475$ & $-0.0417815$ & $0.00878866$ & $0.0440022$ & $0.00294473$ & $0.11635$ & $0.0771492$ & $-0.136316$ & $0.0440648$ & $0.0104149$ & $-0.0221748$ & $-0.0359273$ & $-0.0319728$ & $-0.0365983$ & $-0.00822805$ & $0.0591378$ & $0.0315548$ & $0.0465503$ & $-0.00393906$ & $0.0106073$ & $-0.0259295$ & $-0.00940625$ & $0.0188169$ \\
CH & $0.0249776$ & $-0.0455462$ & $0.00792212$ & $0.00148311$ & $0.0484637$ & $0.00549828$ & $-0.13752$ & $0.107749$ & $0.100025$ & $-0.0814612$ & $-0.0455479$ & $-0.695036$ & $1$ & $-0.0876022$ & $0.0308049$ & $0.0301268$ & $-0.124526$ & $-0.138511$ & $-0.138234$ & $0.0460505$ & $0.0457499$ & $0.044559$ & $0.00136702$ & $-0.124259$ & $-0.120785$ & $-0.00525171$ & $0.0457526$ & $0.00848205$ & $0.0277468$ & $0.0817912$ & $0.0438538$ & $-0.103289$ & $0.0645438$ & $0.0508363$ & $0.0185163$ & $0.0130349$ & $0.0311449$ & $0.0272753$ & $0.0501343$ & $0.00138033$ & $0.0173449$ & $-0.0253448$ & $-0.00952453$ & $-0.0137849$ & $0.0239307$ & $0.0137148$ & $0.0408758$ & $0.00252555$ & $-0.0462273$ \\
CHL1_11 & $-0.0010069$ & $-0.0884178$ & $-0.0218406$ & $0.00785377$ & $-0.033801$ & $0.0108658$ & $0.0207799$ & $0.12423$ & $0.105417$ & $0.207587$ & $-0.531497$ & $-0.0476601$ & $-0.0876022$ & $1$ & $0.311681$ & $0.328925$ & $0.650703$ & $0.593712$ & $0.535547$ & $0.556599$ & $0.482307$ & $0.468435$ & $-0.0595028$ & $0.467775$ & $0.572987$ & $-0.263233$ & $-0.124847$ & $0.1027$ & $-0.0254726$ & $-0.0366816$ & $-0.0850204$ & $-0.000829262$ & $0.00183883$ & $-0.227674$ & $-0.0120865$ & $-0.0430349$ & $0.0991822$ & $0.0167236$ & $-0.020671$ & $0.0525496$ & $-0.0475146$ & $0.0187544$ & $-0.0626924$ & $-0.0318647$ & $0.00592526$ & $-0.0288517$ & $-0.0034585$ & $0.0536137$ & $0.0875966$ \\
CHL1_22 & $-0.00373742$ & $-0.00515709$ & $-0.0552163$ & $-0.0434961$ & $0.0485582$ & $-0.124951$ & $-0.00171212$ & $0.234339$ & $0.217255$ & $-0.104381$ & $-0.393168$ & $-0.0841539$ & $0.0308049$ & $0.311681$ & $1$ & $0.46519$ & $0.246405$ & $-0.4076$ & $-0.00275816$ & $0.471421$ & $0.302098$ & $0.294788$ & $-0.159672$ & $0.202997$ & $-0.090892$ & $-0.176478$ & $-0.449964$ & $0.116868$ & $-0.00185845$ & $-0.0560603$ & $-0.00965117$ & $-0.00979461$ & $0.00596003$ & $-0.635215$ & $0.0356187$ & $-0.0164676$ & $0.059163$ & $0.0338555$ & $0.00449551$ & $0.0761288$ & $-0.0229665$ & $-0.012274$ & $-0.0461572$ & $0.0187213$ & $0.0257588$ & $-0.00548811$ & $-0.0133988$ & $-0.0150242$ & $0.065456$ \\
CHL1_33 & $0.0118199$ & $-0.0415337$ & $0.000127569$ & $-0.0181886$ & $0.0559988$ & $-0.0963176$ & $-0.0335662$ & $0.251328$ & $0.232159$ & $-0.0831176$ & $-0.402629$ & $-0.0506573$ & $0.0301268$ & $0.328925$ & $0.46519$ & $1$ & $0.2052$ & $0.0242358$ & $-0.441682$ & $0.482552$ & $0.311484$ & $0.34022$ & $-0.107839$ & $0.174846$ & $-0.0935463$ & $-0.221866$ & $-0.43506$ & $0.106442$ & $0.0258966$ & $-0.0574186$ & $-0.0231548$ & $-0.0363268$ & $0.0364345$ & $-0.169715$ & $0.0238482$ & $-0.0158965$ & $0.104259$ & $0.0357834$ & $-0.0513555$ & $0.0396575$ & $0.0241182$ & $-0.0325457$ & $-0.00389461$ & $-0.0332571$ & $0.0206939$ & $-0.0398479$ & $-0.0210712$ & $0.0325079$ & $0.10479$ \\
CHL3_11 & $0.00627919$ & $-0.0576359$ & $0.00652719$ & $-0.0424994$ & $0.0118473$ & $-0.283021$ & $0.00483421$ & $-0.209254$ & $-0.222448$ & $0.366355$ & $-0.241494$ & $0.0223572$ & $-0.124526$ & $0.650703$ & $0.246405$ & $0.2052$ & $1$ & $0.700825$ & $0.698634$ & $0.268627$ & $0.200755$ & $0.19301$ & $-0.0469642$ & $0.651746$ & $0.747506$ & $-0.117362$ & $-0.183349$ & $-0.0137792$ & $-0.0338393$ & $-0.0575071$ & $-0.0603596$ & $-0.00566682$ & $0.0131638$ & $-0.285472$ & $0.00921502$ & $-0.0202437$ & $0.045526$ & $-0.0319275$ & $0.0317935$ & $0.022284$ & $-0.0506507$ & $0.00610956$ & $-0.0226916$ & $0.00581229$ & $-0.0200827$ & $-0.00487072$ & $-0.00863777$ & $0.0186517$ & $0.0668081$ \\
CHL3_22 & $0.0104265$ & $-0.0637793$ & $0.0387648$ & $0.00532419$ & $-0.0316257$ & $-0.0389172$ & $0.00889734$ & $-0.381127$ & $-0.382365$ & $0.44827$ & $0.0276399$ & $0.097255$ & $-0.138511$ & $0.593712$ & $-0.4076$ & $0.0242358$ & $0.700825$ & $1$ & $0.623981$ & $-0.0312467$ & $-0.0270587$ & $-0.0257367$ & $0.0197527$ & $0.563839$ & $0.767488$ & $0.0172315$ & $0.00934118$ & $-0.0848064$ & $-0.0257862$ & $-0.0209615$ & $-0.0664224$ & $0.000220724$ & $0.00184854$ & $0.0470711$ & $-0.0240217$ & $-0.0110768$ & $0.0435007$ & $-0.0348967$ & $0.00993062$ & $-0.0137176$ & $-0.0327165$ & $0.0180563$ & $0.00907285$ & $-0.034029$ & $-0.015955$ & $-0.0186881$ & $-0.000691785$ & $0.0597308$ & $0.0337582$ \\
CHL3_33 & $0.00240329$ & $-0.0215448$ & $-0.0112002$ & $-0.00940534$ & $-0.0343816$ & $-0.0558814$ & $0.0301869$ & $-0.418975$ & $-0.419374$ & $0.445109$ & $0.0788837$ & $0.0861604$ & $-0.138234$ & $0.535547$ & $-0.00275816$ & $-0.441682$ & $0.698634$ & $0.623981$ & $1$ & $-0.0884872$ & $-0.0720765$ & $-0.0784126$ & $-0.00782666$ & $0.572574$ & $0.762234$ & $0.0716693$ & $0.0246167$ & $-0.0848179$ & $-0.0734027$ & $-0.0173046$ & $-0.0639405$ & $0.0179646$ & $-0.0248687$ & $-0.330182$ & $-0.00222268$ & $-0.00257677$ & $-0.00351159$ & $-0.0329442$ & $0.0479609$ & $-0.00919099$ & $-0.0695759$ & $0.0374605$ & $-0.0222146$ & $0.0129528$ & $-0.00971672$ & $0.023923$ & $-0.00689043$ & $0.0276455$ & $0.00512808$ \\
CHe_11 & $0.0156006$ & $-0.0591069$ & $-0.0331691$ & $0.00162867$ & $-0.0256512$ & $-0.166799$ & $0.006307$ & $0.8447$ & $0.817063$ & $-0.333$ & $-0.988194$ & $-0.228288$ & $0.0460505$ & $0.556599$ & $0.471421$ & $0.482552$ & $0.268627$ & $-0.0312467$ & $-0.0884872$ & $1$ & $0.967016$ & $0.945004$ & $-0.00326564$ & $-0.221924$ & $0.000519704$ & $-0.523154$ & $0.172294$ & $0.297954$ & $0.0183132$ & $-0.000993295$ & $-0.011291$ & $-0.0085975$ & $0.0201426$ & $0.260973$ & $-0.00759906$ & $-0.0591228$ & $0.0874478$ & $0.037038$ & $-0.0633164$ & $0.0603225$ & $0.0229927$ & $-0.0139419$ & $-0.0866998$ & $-0.0246479$ & $-0.0246506$ & $-0.0128506$ & $0.0116903$ & $-0.0220696$ & $0.068547$ \\
CHe_22 & $0.0117359$ & $-0.0540193$ & $-0.0260603$ & $0.011239$ & $-0.0379403$ & $-0.165583$ & $0.0105407$ & $0.901541$ & $0.876131$ & $-0.367595$ & $-0.989437$ & $-0.245791$ & $0.0457499$ & $0.482307$ & $0.302098$ & $0.311484$ & $0.200755$ & $-0.0270587$ & $-0.0720765$ & $0.967016$ & $1$ & $0.97189$ & $0.0552917$ & $-0.354881$ & $-0.0125756$ & $-0.541116$ & $0.350995$ & $0.299646$ & $0.00806367$ & $0.0149921$ & $-0.0114749$ & $-0.00189395$ & $0.0196614$ & $0.447789$ & $-0.00970291$ & $-0.0597928$ & $0.0611629$ & $0.0326193$ & $-0.0608765$ & $0.0450312$ & $0.0256416$ & $-0.0150652$ & $-0.0855533$ & $-0.0217677$ & $-0.0331874$ & $-0.00636725$ & $0.0169705$ & $-0.0300937$ & $0.0532006$ \\
CHe_33 & $0.00897747$ & $-0.0569956$ & $-0.0391279$ & $0.0109652$ & $-0.0541602$ & $-0.168248$ & $0.00838366$ & $0.882591$ & $0.858327$ & $-0.352795$ & $-0.96755$ & $-0.231574$ & $0.044559$ & $0.468435$ & $0.294788$ & $0.34022$ & $0.19301$ & $-0.0257367$ & $-0.0784126$ & $0.945004$ & $0.97189$ & $1$ & $0.05927$ & $-0.34304$ & $-0.0117832$ & $-0.528743$ & $0.344645$ & $0.298961$ & $-0.00268965$ & $0.011399$ & $-0.00690257$ & $-0.00472913$ & $0.0281477$ & $0.441777$ & $-0.0117886$ & $-0.0476428$ & $0.0553143$ & $0.0223266$ & $-0.0644088$ & $0.0296099$ & $0.0177976$ & $-0.00243725$ & $-0.0732361$ & $-0.024188$ & $-0.0398506$ & $-0.0187973$ & $0.00723238$ & $-0.018797$ & $0.0606554$ \\
CHQ1_11 & $-0.0455809$ & $-0.0502289$ & $-0.0192088$ & $0.00115068$ & $0.0273866$ & $0.0162324$ & $0.0217015$ & $0.0745681$ & $0.0694898$ & $-0.0530488$ & $-0.0281303$ & $-0.0429173$ & $0.00136702$ & $-0.0595028$ & $-0.159672$ & $-0.107839$ & $-0.0469642$ & $0.0197527$ & $-0.00782666$ & $-0.00326564$ & $0.0552917$ & $0.05927$ & $1$ & $-0.117889$ & $0.0776331$ & $-0.698945$ & $0.296313$ & $0.0125796$ & $-0.0256013$ & $-0.00353871$ & $-0.0132862$ & $0.0247$ & $0.0175935$ & $0.191417$ & $6.9835e-05$ & $-0.0234442$ & $-0.0653662$ & $0.0218527$ & $0.0454525$ & $-0.0249356$ & $-0.0306218$ & $0.00790929$ & $-0.0173646$ & $0.059822$ & $-0.0300882$ & $-0.0521195$ & $-0.039627$ & $-0.0308531$ & $0.0314654$ \\
CHQ1_33 & $-0.0653027$ & $-0.0417456$ & $0.0238545$ & $-0.0191671$ & $0.0358881$ & $-0.0231888$ & $0.00376267$ & $-0.648789$ & $-0.647922$ & $0.509967$ & $0.286875$ & $0.1613$ & $-0.124259$ & $0.467775$ & $0.202997$ & $0.174846$ & $0.651746$ & $0.563839$ & $0.572574$ & $-0.221924$ & $-0.354881$ & $-0.34304$ & $-0.117889$ & $1$ & $0.594361$ & $0.185847$ & $-0.447033$ & $-0.0402996$ & $-0.0230254$ & $-0.0608077$ & $-0.0385075$ & $-0.0046516$ & $0.0019904$ & $-0.666692$ & $-0.00841848$ & $-0.0190875$ & $0.0147127$ & $-0.0414167$ & $0.0281605$ & $0.0317375$ & $-0.0515557$ & $0.0156333$ & $0.0216846$ & $0.00441263$ & $0.0281416$ & $-0.00719991$ & $-0.0243222$ & $0.0549062$ & $0.0322022$ \\
CHQ3_11 & $-0.119526$ & $-0.0433409$ & $0.0410656$ & $-0.0115793$ & $-0.0276776$ & $-0.105594$ & $0.0243563$ & $-0.367715$ & $-0.371492$ & $0.446305$ & $0.00435581$ & $0.0827536$ & $-0.120785$ & $0.572987$ & $-0.090892$ & $-0.0935463$ & $0.747506$ & $0.767488$ & $0.762234$ & $0.000519704$ & $-0.0125756$ & $-0.0117832$ & $0.0776331$ & $0.594361$ & $1$ & $0.040137$ & $0.225558$ & $-0.0701892$ & $-0.0524337$ & $-0.0317945$ & $-0.0716141$ & $0.0233015$ & $0.0127234$ & $-0.194498$ & $-0.00794725$ & $-0.0129174$ & $0.0126692$ & $-0.0486991$ & $0.012504$ & $-0.0117254$ & $-0.0225253$ & $0.0312073$ & $0.0164896$ & $-0.00344666$ & $-0.0143613$ & $-0.0239477$ & $-0.0217219$ & $0.0608798$ & $0.0348203$ \\
CHu_11 & $-0.00170396$ & $0.050882$ & $0.0519861$ & $0.0102533$ & $0.0154126$ & $0.106836$ & $-0.00881943$ & $-0.487719$ & $-0.474261$ & $0.224352$ & $0.538869$ & $0.143904$ & $-0.00525171$ & $-0.263233$ & $-0.176478$ & $-0.221866$ & $-0.117362$ & $0.0172315$ & $0.0716693$ & $-0.523154$ & $-0.541116$ & $-0.528743$ & $-0.698945$ & $0.185847$ & $0.040137$ & $1$ & $-0.108756$ & $-0.156342$ & $-0.00356207$ & $0.0135101$ & $0.0349778$ & $0.00367735$ & $-0.0269813$ & $-0.233806$ & $0.0299279$ & $0.0285043$ & $-0.011876$ & $-0.0626146$ & $0.00853626$ & $-0.01526$ & $0.0164701$ & $-0.00460014$ & $0.0281292$ & $-0.0429307$ & $0.0370493$ & $0.0521682$ & $0.00506978$ & $0.0463088$ & $-0.0921833$ \\
CHd_11 & $-0.00108215$ & $-0.0170078$ & $0.0271471$ & $0.0533138$ & $-0.0702683$ & $-0.0223483$ & $0.0382326$ & $0.415105$ & $0.415764$ & $-0.202511$ & $-0.262631$ & $-0.112475$ & $0.0457526$ & $-0.124847$ & $-0.449964$ & $-0.43506$ & $-0.183349$ & $0.00934118$ & $0.0246167$ & $0.172294$ & $0.350995$ & $0.344645$ & $0.296313$ & $-0.447033$ & $0.225558$ & $-0.108756$ & $1$ & $0.095094$ & $-0.0181901$ & $0.0658648$ & $0.0210354$ & $0.0478996$ & $0.0292174$ & $0.695279$ & $-0.0251962$ & $-0.05196$ & $-0.0833188$ & $-0.0375682$ & $-0.0440571$ & $-0.0196017$ & $0.059431$ & $0.0145477$ & $-0.00547055$ & $0.00202218$ & $-0.0512834$ & $0.00783577$ & $0.00167406$ & $-0.0258371$ & $-0.0453554$ \\
CHd_33 & $-0.0273314$ & $0.0206886$ & $0.00831203$ & $-0.059287$ & $-0.0234659$ & $-0.0403719$ & $-0.00439628$ & $0.306154$ & $0.296578$ & $-0.118612$ & $-0.301449$ & $-0.0417815$ & $0.00848205$ & $0.1027$ & $0.116868$ & $0.106442$ & $-0.0137792$ & $-0.0848064$ & $-0.0848179$ & $0.297954$ & $0.299646$ & $0.298961$ & $0.0125796$ & $-0.0402996$ & $-0.0701892$ & $-0.156342$ & $0.095094$ & $1$ & $0.0429278$ & $-0.0286217$ & $0.0712357$ & $0.00352371$ & $0.0240232$ & $0.139455$ & $-0.0420792$ & $-0.0094586$ & $-0.0290537$ & $0.0712539$ & $0.00101798$ & $0.00746899$ & $-0.0142316$ & $0.00890708$ & $-0.0278773$ & $-0.026126$ & $-0.016287$ & $-0.0355119$ & $0.00383155$ & $0.0100197$ & $-0.00542933$ \\
CeH_22r & $0.0164527$ & $-0.0700205$ & $-0.00151576$ & $0.0287757$ & $-0.027997$ & $-0.0122968$ & $0.032784$ & $0.0321161$ & $0.0436846$ & $-0.037123$ & $-0.0171063$ & $0.00878866$ & $0.0277468$ & $-0.0254726$ & $-0.00185845$ & $0.0258966$ & $-0.0338393$ & $-0.0257862$ & $-0.0734027$ & $0.0183132$ & $0.00806367$ & $-0.00268965$ & $-0.0256013$ & $-0.0230254$ & $-0.0524337$ & $-0.00356207$ & $-0.0181901$ & $0.0429278$ & $1$ & $0.0514507$ & $0.0590568$ & $0.00625091$ & $0.0316373$ & $0.0195959$ & $0.0293188$ & $-0.0193184$ & $0.0493895$ & $-0.0138754$ & $-0.0270486$ & $0.0174909$ & $-0.0286583$ & $-0.00760222$ & $0.00146053$ & $0.0830573$ & $0.0109447$ & $-0.00710921$ & $0.0301056$ & $-0.00652358$ & $-0.0429052$ \\
CeH_33r & $0.0222774$ & $0.0247781$ & $-0.0480965$ & $0.0109025$ & $0.00516431$ & $0.00265975$ & $-0.0475738$ & $0.0330687$ & $0.0565697$ & $-0.148438$ & $-0.00113943$ & $0.0440022$ & $0.0817912$ & $-0.0366816$ & $-0.0560603$ & $-0.0574186$ & $-0.0575071$ & $-0.0209615$ & $-0.0173046$ & $-0.000993295$ & $0.0149921$ & $0.011399$ & $-0.00353871$ & $-0.0608077$ & $-0.0317945$ & $0.0135101$ & $0.0658648$ & $-0.0286217$ & $0.0514507$ & $1$ & $0.295685$ & $0.0818612$ & $0.590105$ & $0.0691199$ & $-0.156325$ & $-0.0297104$ & $-0.16206$ & $-0.047472$ & $-0.0645701$ & $-0.0205905$ & $-0.0441785$ & $0.086072$ & $-0.00453992$ & $0.0206308$ & $0.0638371$ & $0.0194355$ & $0.0308555$ & $0.0387492$ & $-0.0322128$ \\
CuH_22r & $-0.00149139$ & $0.0278973$ & $0.00644229$ & $-0.0171226$ & $0.00288871$ & $-0.029995$ & $-0.00784801$ & $0.0244804$ & $0.0405463$ & $-0.0484627$ & $0.0160863$ & $0.00294473$ & $0.0438538$ & $-0.0850204$ & $-0.00965117$ & $-0.0231548$ & $-0.0603596$ & $-0.0664224$ & $-0.0639405$ & $-0.011291$ & $-0.0114749$ & $-0.00690257$ & $-0.0132862$ & $-0.0385075$ & $-0.0716141$ & $0.0349778$ & $0.0210354$ & $0.0712357$ & $0.0590568$ & $0.295685$ & $1$ & $0.0664598$ & $0.283105$ & $0.0400497$ & $-0.0402057$ & $0.0243214$ & $-0.144531$ & $-0.00558567$ & $-0.0285735$ & $0.0244096$ & $0.0130877$ & $-0.00702703$ & $0.0285595$ & $-0.000965009$ & $0.0533951$ & $0.0750482$ & $0.404843$ & $0.00739362$ & $-0.0284983$ \\
CuH_33r & $0.0146864$ & $-0.047698$ & $0.0110959$ & $0.00138476$ & $0.0433929$ & $0.0276861$ & $0.930492$ & $0.00217847$ & $0.0522873$ & $0.0390836$ & $0.00391884$ & $0.11635$ & $-0.103289$ & $-0.000829262$ & $-0.00979461$ & $-0.0363268$ & $-0.00566682$ & $0.000220724$ & $0.0179646$ & $-0.0085975$ & $-0.00189395$ & $-0.00472913$ & $0.0247$ & $-0.0046516$ & $0.0233015$ & $0.00367735$ & $0.0478996$ & $0.00352371$ & $0.00625091$ & $0.0818612$ & $0.0664598$ & $1$ & $0.121152$ & $0.00915464$ & $0.0719541$ & $0.0216942$ & $-0.0302024$ & $0.0110035$ & $-0.0143172$ & $0.0138351$ & $0.0212877$ & $-0.0138324$ & $0.00670723$ & $-0.0605085$ & $0.0236671$ & $-0.0428249$ & $0.0329487$ & $0.0259243$ & $0.051391$ \\
CdH_33r & $0.0530418$ & $-0.0377412$ & $-0.0588293$ & $-0.00334428$ & $-0.00440115$ & $-0.0282709$ & $-0.0434593$ & $0.0226241$ & $0.0441558$ & $-0.120584$ & $-0.0241742$ & $0.0771492$ & $0.0645438$ & $0.00183883$ & $0.00596003$ & $0.0364345$ & $0.0131638$ & $0.00184854$ & $-0.0248687$ & $0.0201426$ & $0.0196614$ & $0.0281477$ & $0.0175935$ & $0.0019904$ & $0.0127234$ & $-0.0269813$ & $0.0292174$ & $0.0240232$ & $0.0316373$ & $0.590105$ & $0.283105$ & $0.121152$ & $1$ & $0.0188929$ & $-0.124813$ & $-0.0182213$ & $-0.224499$ & $-0.0768895$ & $-0.0126948$ & $0.00460407$ & $-0.0206676$ & $-0.00353031$ & $0.00386388$ & $0.0384496$ & $-0.0252844$ & $0.00517256$ & $-0.00477605$ & $0.203311$ & $0.485289$ \\
CLL_1221 & $0.0125771$ & $0.0111161$ & $0.0290613$ & $0.0398845$ & $-0.0685599$ & $-0.0534417$ & $0.00463372$ & $0.571242$ & $0.569478$ & $-0.335048$ & $-0.352985$ & $-0.136316$ & $0.0508363$ & $-0.227674$ & $-0.635215$ & $-0.169715$ & $-0.285472$ & $0.0470711$ & $-0.330182$ & $0.260973$ & $0.447789$ & $0.441777$ & $0.191417$ & $-0.666692$ & $-0.194498$ & $-0.233806$ & $0.695279$ & $0.139455$ & $0.0195959$ & $0.0691199$ & $0.0400497$ & $0.00915464$ & $0.0188929$ & $1$ & $-0.0357027$ & $-0.0217859$ & $-0.0361169$ & $-0.00720891$ & $-0.0562591$ & $-0.0326814$ & $0.0548531$ & $-0.00771709$ & $-0.01714$ & $-0.0304093$ & $-0.0564422$ & $-0.00138982$ & $0.0310484$ & $-0.0383142$ & $-0.0352246$ \\
eHggint & $0.00181762$ & $0.0699221$ & $0.0410908$ & $0.0650636$ & $0.072904$ & $-0.0235306$ & $-0.00436527$ & $-0.0141584$ & $-0.0305003$ & $0.0598293$ & $0.00977067$ & $0.0440648$ & $0.0185163$ & $-0.0120865$ & $0.0356187$ & $0.0238482$ & $0.00921502$ & $-0.0240217$ & $-0.00222268$ & $-0.00759906$ & $-0.00970291$ & $-0.0117886$ & $6.9835e-05$ & $-0.00841848$ & $-0.00794725$ & $0.0299279$ & $-0.0251962$ & $-0.0420792$ & $0.0293188$ & $-0.156325$ & $-0.0402057$ & $0.0719541$ & $-0.124813$ & $-0.0357027$ & $1$ & $-0.0515003$ & $0.0402283$ & $-0.0106291$ & $0.0128347$ & $-0.00704739$ & $0.0727332$ & $0.0269681$ & $-0.0331173$ & $0.107975$ & $0.0093015$ & $-0.0393241$ & $-0.0560507$ & $-0.0248675$ & $-0.00942147$ \\
eHggpar & $-0.0653447$ & $0.00684821$ & $0.0802267$ & $-0.0875685$ & $-0.0283486$ & $-0.002752$ & $-0.00864518$ & $-0.0489317$ & $-0.0489132$ & $-0.00821589$ & $0.0618442$ & $0.0104149$ & $0.0130349$ & $-0.0430349$ & $-0.0164676$ & $-0.0158965$ & $-0.0202437$ & $-0.0110768$ & $-0.00257677$ & $-0.0591228$ & $-0.0597928$ & $-0.0476428$ & $-0.0234442$ & $-0.0190875$ & $-0.0129174$ & $0.0285043$ & $-0.05196$ & $-0.0094586$ & $-0.0193184$ & $-0.0297104$ & $0.0243214$ & $0.0216942$ & $-0.0182213$ & $-0.0217859$ & $-0.0515003$ & $1$ & $0.0310781$ & $-0.0142717$ & $-0.085519$ & $-0.0568922$ & $-0.0239304$ & $0.0149369$ & $0.0558359$ & $0.00638498$ & $0.0297707$ & $0.0208801$ & $0.0170623$ & $0.0377696$ & $0.0200737$ \\
eHWWint & $-0.0376153$ & $0.0706653$ & $0.00401791$ & $-0.00149784$ & $-0.0212242$ & $0.0401677$ & $-0.00958645$ & $0.0280365$ & $0.0154847$ & $0.0155191$ & $-0.0719612$ & $-0.0221748$ & $0.0311449$ & $0.0991822$ & $0.059163$ & $0.104259$ & $0.045526$ & $0.0435007$ & $-0.00351159$ & $0.0874478$ & $0.0611629$ & $0.0553143$ & $-0.0653662$ & $0.0147127$ & $0.0126692$ & $-0.011876$ & $-0.0833188$ & $-0.0290537$ & $0.0493895$ & $-0.16206$ & $-0.144531$ & $-0.0302024$ & $-0.224499$ & $-0.0361169$ & $0.0402283$ & $0.0310781$ & $1$ & $0.00738788$ & $-0.0385327$ & $-0.0142857$ & $0.0225739$ & $-0.0336668$ & $0.0540832$ & $-0.0159673$ & $0.0101005$ & $0.0186931$ & $0.02346$ & $-0.032947$ & $-0.0114717$ \\
eHWWpar & $0.0341161$ & $-0.0396295$ & $0.0599499$ & $-0.0129975$ & $-0.00862355$ & $0.0595849$ & $0.0380108$ & $0.0417619$ & $0.0442087$ & $-0.011207$ & $-0.0341506$ & $-0.0359273$ & $0.0272753$ & $0.0167236$ & $0.0338555$ & $0.0357834$ & $-0.0319275$ & $-0.0348967$ & $-0.0329442$ & $0.037038$ & $0.0326193$ & $0.0223266$ & $0.0218527$ & $-0.0414167$ & $-0.0486991$ & $-0.0626146$ & $-0.0375682$ & $0.0712539$ & $-0.0138754$ & $-0.047472$ & $-0.00558567$ & $0.0110035$ & $-0.0768895$ & $-0.00720891$ & $-0.0106291$ & $-0.0142717$ & $0.00738788$ & $1$ & $0.0314387$ & $0.0203844$ & $0.00834093$ & $-0.0357527$ & $0.00678404$ & $-0.065813$ & $0.00616824$ & $-0.0514965$ & $0.0382592$ & $-0.0527072$ & $-0.0147972$ \\
eHZZint & $0.0290752$ & $-0.0374624$ & $-0.00592957$ & $-0.0611345$ & $0.0737531$ & $-0.0131237$ & $-0.0559582$ & $-0.0703977$ & $-0.0731979$ & $0.0655031$ & $0.061065$ & $-0.0319728$ & $0.0501343$ & $-0.020671$ & $0.00449551$ & $-0.0513555$ & $0.0317935$ & $0.00993062$ & $0.0479609$ & $-0.0633164$ & $-0.0608765$ & $-0.0644088$ & $0.0454525$ & $0.0281605$ & $0.012504$ & $0.00853626$ & $-0.0440571$ & $0.00101798$ & $-0.0270486$ & $-0.0645701$ & $-0.0285735$ & $-0.0143172$ & $-0.0126948$ & $-0.0562591$ & $0.0128347$ & $-0.085519$ & $-0.0385327$ & $0.0314387$ & $1$ & $0.0344304$ & $-0.0708687$ & $-0.0227114$ & $-0.0207674$ & $0.0102147$ & $-0.0315355$ & $0.0146927$ & $0.00302961$ & $0.000762383$ & $-0.023321$ \\
eHZZpar & $0.0682171$ & $-0.0166176$ & $-0.0268342$ & $-0.0113151$ & $0.0767857$ & $0.0429404$ & $0.0244371$ & $0.0387471$ & $0.0488205$ & $-0.0450621$ & $-0.0564261$ & $-0.0365983$ & $0.00138033$ & $0.0525496$ & $0.0761288$ & $0.0396575$ & $0.022284$ & $-0.0137176$ & $-0.00919099$ & $0.0603225$ & $0.0450312$ & $0.0296099$ & $-0.0249356$ & $0.0317375$ & $-0.0117254$ & $-0.01526$ & $-0.0196017$ & $0.00746899$ & $0.0174909$ & $-0.0205905$ & $0.0244096$ & $0.0138351$ & $0.00460407$ & $-0.0326814$ & $-0.00704739$ & $-0.0568922$ & $-0.0142857$ & $0.0203844$ & $0.0344304$ & $1$ & $-0.00194007$ & $-0.0203353$ & $0.00948319$ & $0.0466104$ & $0.0289314$ & $0.0925728$ & $0.0163086$ & $-0.0281033$ & $0.00484695$ \\
eHZgaint & $0.00275322$ & $-0.0417954$ & $-0.0066469$ & $0.00831549$ & $-0.0543199$ & $0.010205$ & $-0.00720198$ & $0.0506322$ & $0.0388421$ & $-0.0468188$ & $-0.0244708$ & $-0.00822805$ & $0.0173449$ & $-0.0475146$ & $-0.0229665$ & $0.0241182$ & $-0.0506507$ & $-0.0327165$ & $-0.0695759$ & $0.0229927$ & $0.0256416$ & $0.0177976$ & $-0.0306218$ & $-0.0515557$ & $-0.0225253$ & $0.0164701$ & $0.059431$ & $-0.0142316$ & $-0.0286583$ & $-0.0441785$ & $0.0130877$ & $0.0212877$ & $-0.0206676$ & $0.0548531$ & $0.0727332$ & $-0.0239304$ & $0.0225739$ & $0.00834093$ & $-0.0708687$ & $-0.00194007$ & $1$ & $-0.0700446$ & $0.00706239$ & $0.0328343$ & $0.0483101$ & $-0.0107923$ & $0.016703$ & $-0.0225756$ & $-0.0396136$ \\
eHZgapar & $-0.0160761$ & $0.00601561$ & $0.0141558$ & $0.00907524$ & $-0.00126343$ & $0.00968771$ & $-0.0109923$ & $-0.0183075$ & $-0.0150339$ & $0.0307435$ & $0.0125082$ & $0.0591378$ & $-0.0253448$ & $0.0187544$ & $-0.012274$ & $-0.0325457$ & $0.00610956$ & $0.0180563$ & $0.0374605$ & $-0.0139419$ & $-0.0150652$ & $-0.00243725$ & $0.00790929$ & $0.0156333$ & $0.0312073$ & $-0.00460014$ & $0.0145477$ & $0.00890708$ & $-0.00760222$ & $0.086072$ & $-0.00702703$ & $-0.0138324$ & $-0.00353031$ & $-0.00771709$ & $0.0269681$ & $0.0149369$ & $-0.0336668$ & $-0.0357527$ & $-0.0227114$ & $-0.0203353$ & $-0.0700446$ & $1$ & $0.0449797$ & $0.0785234$ & $-0.00642157$ & $-0.026061$ & $0.0325213$ & $0.0325435$ & $-0.0764985$ \\
eHgagaint & $0.0483186$ & $0.0227971$ & $-0.00543015$ & $0.0133792$ & $0.0220792$ & $-0.0558246$ & $0.0135909$ & $-0.0762236$ & $0.0131339$ & $0.0247565$ & $0.0862386$ & $0.0315548$ & $-0.00952453$ & $-0.0626924$ & $-0.0461572$ & $-0.00389461$ & $-0.0226916$ & $0.00907285$ & $-0.0222146$ & $-0.0866998$ & $-0.0855533$ & $-0.0732361$ & $-0.0173646$ & $0.0216846$ & $0.0164896$ & $0.0281292$ & $-0.00547055$ & $-0.0278773$ & $0.00146053$ & $-0.00453992$ & $0.0285595$ & $0.00670723$ & $0.00386388$ & $-0.01714$ & $-0.0331173$ & $0.0558359$ & $0.0540832$ & $0.00678404$ & $-0.0207674$ & $0.00948319$ & $0.00706239$ & $0.0449797$ & $1$ & $0.0144907$ & $0.0370125$ & $-0.00297443$ & $0.038748$ & $-0.00211149$ & $-0.0103396$ \\
eHmumuint & $0.0316159$ & $-0.0300701$ & $-0.0181537$ & $0.0359825$ & $0.0532379$ & $0.0110927$ & $-0.086191$ & $-0.0151228$ & $-0.0186974$ & $0.0162088$ & $0.0195277$ & $0.0465503$ & $-0.0137849$ & $-0.0318647$ & $0.0187213$ & $-0.0332571$ & $0.00581229$ & $-0.034029$ & $0.0129528$ & $-0.0246479$ & $-0.0217677$ & $-0.024188$ & $0.059822$ & $0.00441263$ & $-0.00344666$ & $-0.0429307$ & $0.00202218$ & $-0.026126$ & $0.0830573$ & $0.0206308$ & $-0.000965009$ & $-0.0605085$ & $0.0384496$ & $-0.0304093$ & $0.107975$ & $0.00638498$ & $-0.0159673$ & $-0.065813$ & $0.0102147$ & $0.0466104$ & $0.0328343$ & $0.0785234$ & $0.0144907$ & $1$ & $0.0223376$ & $0.00875822$ & $-0.0279251$ & $0.0323677$ & $0.00968335$ \\
eHtautauint & $-0.0308958$ & $0.0150078$ & $-0.0361641$ & $0.0177999$ & $0.0381186$ & $0.0081678$ & $0.0284456$ & $-0.0319366$ & $-0.0292447$ & $0.0393154$ & $0.0298096$ & $-0.00393906$ & $0.0239307$ & $0.00592526$ & $0.0257588$ & $0.0206939$ & $-0.0200827$ & $-0.015955$ & $-0.00971672$ & $-0.0246506$ & $-0.0331874$ & $-0.0398506$ & $-0.0300882$ & $0.0281416$ & $-0.0143613$ & $0.0370493$ & $-0.0512834$ & $-0.016287$ & $0.0109447$ & $0.0638371$ & $0.0533951$ & $0.0236671$ & $-0.0252844$ & $-0.0564422$ & $0.0093015$ & $0.0297707$ & $0.0101005$ & $0.00616824$ & $-0.0315355$ & $0.0289314$ & $0.0483101$ & $-0.00642157$ & $0.0370125$ & $0.0223376$ & $1$ & $-0.081813$ & $0.0543851$ & $0.0324238$ & $0.00261476$ \\
eHccint & $0.0626109$ & $-0.0296475$ & $0.0110354$ & $0.0203718$ & $0.0288583$ & $0.0294599$ & $-0.0385338$ & $-0.00304549$ & $-0.0100036$ & $0.0480552$ & $0.0115051$ & $0.0106073$ & $0.0137148$ & $-0.0288517$ & $-0.00548811$ & $-0.0398479$ & $-0.00487072$ & $-0.0186881$ & $0.023923$ & $-0.0128506$ & $-0.00636725$ & $-0.0187973$ & $-0.0521195$ & $-0.00719991$ & $-0.0239477$ & $0.0521682$ & $0.00783577$ & $-0.0355119$ & $-0.00710921$ & $0.0194355$ & $0.0750482$ & $-0.0428249$ & $0.00517256$ & $-0.00138982$ & $-0.0393241$ & $0.0208801$ & $0.0186931$ & $-0.0514965$ & $0.0146927$ & $0.0925728$ & $-0.0107923$ & $-0.026061$ & $-0.00297443$ & $0.00875822$ & $-0.081813$ & $1$ & $0.00490509$ & $-0.0337533$ & $0.0570035$ \\
eHccpar & $0.00647814$ & $0.0236686$ & $-0.0240272$ & $-0.0217488$ & $-0.0134687$ & $-0.0177921$ & $0.0125694$ & $0.0191061$ & $0.0254411$ & $0.0131361$ & $-0.0130727$ & $-0.0259295$ & $0.0408758$ & $-0.0034585$ & $-0.0133988$ & $-0.0210712$ & $-0.00863777$ & $-0.000691785$ & $-0.00689043$ & $0.0116903$ & $0.0169705$ & $0.00723238$ & $-0.039627$ & $-0.0243222$ & $-0.0217219$ & $0.00506978$ & $0.00167406$ & $0.00383155$ & $0.0301056$ & $0.0308555$ & $0.404843$ & $0.0329487$ & $-0.00477605$ & $0.0310484$ & $-0.0560507$ & $0.0170623$ & $0.02346$ & $0.0382592$ & $0.00302961$ & $0.0163086$ & $0.016703$ & $0.0325213$ & $0.038748$ & $-0.0279251$ & $0.0543851$ & $0.00490509$ & $1$ & $0.0420182$ & $-0.0848824$ \\
eHbbint & $-0.069907$ & $0.0596978$ & $-0.00954612$ & $0.0301891$ & $0.0514165$ & $0.0220472$ & $-0.00499923$ & $-0.0523313$ & $-0.0597244$ & $0.0136335$ & $0.0257921$ & $-0.00940625$ & $0.00252555$ & $0.0536137$ & $-0.0150242$ & $0.0325079$ & $0.0186517$ & $0.0597308$ & $0.0276455$ & $-0.0220696$ & $-0.0300937$ & $-0.018797$ & $-0.0308531$ & $0.0549062$ & $0.0608798$ & $0.0463088$ & $-0.0258371$ & $0.0100197$ & $-0.00652358$ & $0.0387492$ & $0.00739362$ & $0.0259243$ & $0.203311$ & $-0.0383142$ & $-0.0248675$ & $0.0377696$ & $-0.032947$ & $-0.0527072$ & $0.000762383$ & $-0.0281033$ & $-0.0225756$ & $0.0325435$ & $-0.00211149$ & $0.0323677$ & $0.0324238$ & $-0.0337533$ & $0.0420182$ & $1$ & $-0.00815646$ \\
eHbbpar & $0.0363297$ & $-0.0316966$ & $-0.102696$ & $-0.00417525$ & $-0.0193497$ & $0.018096$ & $0.0647982$ & $0.0255506$ & $0.0235718$ & $0.0191173$ & $-0.066486$ & $0.0188169$ & $-0.0462273$ & $0.0875966$ & $0.065456$ & $0.10479$ & $0.0668081$ & $0.0337582$ & $0.00512808$ & $0.068547$ & $0.0532006$ & $0.0606554$ & $0.0314654$ & $0.0322022$ & $0.0348203$ & $-0.0921833$ & $-0.0453554$ & $-0.00542933$ & $-0.0429052$ & $-0.0322128$ & $-0.0284983$ & $0.051391$ & $0.485289$ & $-0.0352246$ & $-0.00942147$ & $0.0200737$ & $-0.0114717$ & $-0.0147972$ & $-0.023321$ & $0.00484695$ & $-0.0396136$ & $-0.0764985$ & $-0.0103396$ & $0.00968335$ & $0.00261476$ & $0.0570035$ & $-0.0848824$ & $-0.00815646$ & $1$ \\
