 & AlsMz & dAle5Mz & mtop & mHl & Mz & CW & CHG & CHWB & CHWHB_gaga & CHWHB_gagaorth & CHD & CHbox & CH & CHL1_11 & CHL1_22 & CHL1_33 & CHL3_11 & CHL3_22 & CHL3_33 & CHe_11 & CHe_22 & CHe_33 & CHQ1_11 & CHQ1_33 & CHQ3_11 & CHu_11 & CHd_11 & CHd_33 & CeH_22r & CeH_33r & CuH_22r & CuH_33r & CdH_33r & CLL_1221 & eHggint & eHggpar & eHWWint & eHWWpar & eHZZint & eHZZpar & eHZgaint & eHZgapar & eHgagaint & eHmumuint & eHtautauint & eHccint & eHccpar & eHbbint & eHbbpar \\
AlsMz & $1$ & $-0.167185$ & $0.0463155$ & $0.043385$ & $0.00497146$ & $0.0033893$ & $0.0247984$ & $0.0181565$ & $0.027354$ & $-0.014516$ & $-0.0207425$ & $0.0107235$ & $0.020048$ & $0.00437819$ & $-0.00621603$ & $0.0132384$ & $-0.00532023$ & $0.00249742$ & $-0.0141438$ & $0.00918651$ & $0.00903698$ & $0.00584294$ & $-0.0158922$ & $-0.0527373$ & $-0.0874591$ & $-0.0357008$ & $-0.0103308$ & $-0.00541247$ & $0.0121814$ & $0.044082$ & $-0.0402781$ & $0.0229659$ & $0.0254998$ & $0.00821784$ & $-0.0137975$ & $0.0431225$ & $-0.0253394$ & $0.0113485$ & $-0.0558799$ & $-0.0531569$ & $0.0955151$ & $0.00137694$ & $0.0982171$ & $-0.139977$ & $0.0620149$ & $-0.182588$ & $-0.13123$ & $-0.0312498$ & $-0.0317617$ \\
dAle5Mz & $-0.167185$ & $1$ & $-0.193453$ & $0.0290743$ & $-0.0199501$ & $-0.00849822$ & $-0.00507073$ & $-0.0598701$ & $-0.067652$ & $0.00272117$ & $0.0433938$ & $-0.0018164$ & $-0.0153458$ & $-0.0210966$ & $-0.0194938$ & $-0.00924486$ & $0.0162122$ & $0.0141648$ & $0.00893688$ & $-0.0189769$ & $-0.0166795$ & $-0.0124273$ & $-0.0120762$ & $0.0153828$ & $0.0184394$ & $0.0316537$ & $-0.00326429$ & $0.00542428$ & $-0.00868349$ & $-0.0124522$ & $0.0191507$ & $-0.00256831$ & $0.0158039$ & $0.0341853$ & $-0.0226666$ & $0.0637542$ & $0.0727649$ & $0.0189919$ & $0.0627149$ & $0.0149166$ & $-0.00928393$ & $-0.00404$ & $-0.160114$ & $0.165341$ & $0.0891616$ & $0.227976$ & $0.0714437$ & $0.037361$ & $0.0638729$ \\
mtop & $0.0463155$ & $-0.193453$ & $1$ & $-0.0585174$ & $0.0374572$ & $0.0206803$ & $0.00528456$ & $0.0294264$ & $0.0330399$ & $0.000754127$ & $-0.0147365$ & $0.0178819$ & $0.00587418$ & $-0.00228673$ & $0.0213439$ & $0.0137556$ & $-0.0121254$ & $-0.0231168$ & $-0.0158921$ & $0.0176017$ & $0.0163647$ & $0.017379$ & $0.023581$ & $-0.0190994$ & $-0.022297$ & $-0.0271983$ & $-0.00183399$ & $-0.0226495$ & $-0.0263938$ & $0.00432971$ & $0.0140338$ & $0.0129256$ & $-0.0766915$ & $-0.0048403$ & $0.140643$ & $-0.0526197$ & $-0.0430414$ & $0.00562136$ & $-0.016059$ & $-0.016516$ & $0.0726576$ & $0.00281827$ & $0.0403792$ & $-0.000879953$ & $-0.0839354$ & $-0.0289353$ & $0.0301648$ & $-0.105487$ & $-0.156079$ \\
mHl & $0.043385$ & $0.0290743$ & $-0.0585174$ & $1$ & $-0.00440307$ & $-0.0210111$ & $-0.0062975$ & $0.0141863$ & $0.0127959$ & $-0.000713312$ & $-0.0202644$ & $0.0133281$ & $0.0203217$ & $0.0114963$ & $0.0142792$ & $0.00623463$ & $0.0043501$ & $-0.00295917$ & $0.00421706$ & $0.0208028$ & $0.0179175$ & $0.0184075$ & $-0.00152722$ & $0.00853888$ & $0.0147133$ & $-0.00840084$ & $0.0274593$ & $0.00985475$ & $0.00914073$ & $-0.00593441$ & $-0.0222633$ & $-0.000209983$ & $-0.0235742$ & $-0.0011597$ & $0.0795122$ & $0.0928895$ & $0.0582787$ & $0.00755725$ & $-0.0517034$ & $-0.0256145$ & $0.0197289$ & $0.0421073$ & $0.0226148$ & $0.118083$ & $0.021268$ & $0.166397$ & $-0.121956$ & $-0.0248084$ & $-0.0333951$ \\
Mz & $0.00497146$ & $-0.0199501$ & $0.0374572$ & $-0.00440307$ & $1$ & $-0.015648$ & $-0.0160862$ & $0.00752816$ & $0.00593487$ & $0.0138311$ & $-0.000284554$ & $0.0130958$ & $0.00465747$ & $0.00152954$ & $0.0247764$ & $0.0034525$ & $0.0075155$ & $-0.0147988$ & $0.0048865$ & $0.00951011$ & $0.00907432$ & $0.00994485$ & $0.0367464$ & $-0.00221151$ & $0.00555438$ & $-0.0302771$ & $0.0078503$ & $0.00533781$ & $-0.00402939$ & $0.00206572$ & $-0.0345048$ & $-0.0107136$ & $-0.00138672$ & $-0.0145596$ & $-0.00633289$ & $-0.00286437$ & $-0.0045708$ & $0.00552403$ & $0.00932682$ & $-0.00414235$ & $0.0192022$ & $-0.00258615$ & $0.0082444$ & $-0.010106$ & $0.0166188$ & $-0.0193665$ & $-0.0407602$ & $0.0085542$ & $-0.0170656$ \\
CW & $0.0033893$ & $-0.00849822$ & $0.0206803$ & $-0.0210111$ & $-0.015648$ & $1$ & $0.00655951$ & $-0.125172$ & $-0.118609$ & $0.0232915$ & $0.18351$ & $0.0392198$ & $-0.0113394$ & $0.020841$ & $-0.0838453$ & $-0.0861188$ & $-0.255401$ & $-0.0445425$ & $-0.0395262$ & $-0.181762$ & $-0.18625$ & $-0.183935$ & $-0.0212087$ & $-0.000563704$ & $-0.08107$ & $0.116536$ & $-0.0740687$ & $-0.0739752$ & $0.00368951$ & $0.018477$ & $0.0071736$ & $0.0162637$ & $0.0110217$ & $-0.119335$ & $-0.00905278$ & $-0.0269967$ & $-0.0305467$ & $-0.0128404$ & $-0.0278328$ & $0.00731781$ & $0.00423588$ & $0.0127563$ & $0.00767047$ & $-0.00882378$ & $-0.00562998$ & $-0.0179336$ & $0.0222495$ & $-0.0278645$ & $-0.00923794$ \\
CHG & $0.0247984$ & $-0.00507073$ & $0.00528456$ & $-0.0062975$ & $-0.0160862$ & $0.00655951$ & $1$ & $-0.127739$ & $-0.0703545$ & $0.0940323$ & $0.0753853$ & $-0.231831$ & $-0.303267$ & $0.0663617$ & $-0.0226953$ & $-0.0144992$ & $0.101107$ & $0.113202$ & $0.110126$ & $-0.0730239$ & $-0.0810275$ & $-0.0795015$ & $-0.037962$ & $0.136638$ & $0.109146$ & $0.0657374$ & $-0.0565306$ & $-0.0385836$ & $0.0226703$ & $-0.163536$ & $-0.109602$ & $0.937273$ & $-0.163592$ & $-0.087317$ & $-0.0336217$ & $-0.0156268$ & $0.013216$ & $0.0160466$ & $-0.0144456$ & $-0.0255743$ & $-0.0368645$ & $0.00927968$ & $0.0240557$ & $-0.0337067$ & $-0.00963289$ & $-0.0145025$ & $-0.0520476$ & $-0.0135109$ & $0.010587$ \\
CHWB & $0.0181565$ & $-0.0598701$ & $0.0294264$ & $0.0141863$ & $0.00752816$ & $-0.125172$ & $-0.127739$ & $1$ & $0.982768$ & $-0.582492$ & $-0.879752$ & $0.114675$ & $0.38071$ & $0.0885627$ & $0.30542$ & $0.283726$ & $-0.248832$ & $-0.443911$ & $-0.43442$ & $0.8509$ & $0.896566$ & $0.880302$ & $0.0663859$ & $-0.680693$ & $-0.414572$ & $-0.513201$ & $0.4189$ & $0.30934$ & $0.0183484$ & $0.139526$ & $0.0746523$ & $-0.111887$ & $0.130761$ & $0.562089$ & $-0.00383988$ & $0.0067986$ & $-0.00479184$ & $-0.0255539$ & $0.0108579$ & $0.00399704$ & $0.00627086$ & $0.0019766$ & $0.00909531$ & $-0.0129138$ & $-0.0271466$ & $0.00585918$ & $0.0175799$ & $0.0188192$ & $-0.0431619$ \\
CHWHB_gaga & $0.027354$ & $-0.067652$ & $0.0330399$ & $0.0127959$ & $0.00593487$ & $-0.118609$ & $-0.0703545$ & $0.982768$ & $1$ & $-0.572528$ & $-0.860035$ & $0.12623$ & $0.376345$ & $0.0785402$ & $0.299479$ & $0.278833$ & $-0.254378$ & $-0.443925$ & $-0.435564$ & $0.831859$ & $0.876355$ & $0.859519$ & $0.0622166$ & $-0.674864$ & $-0.413955$ & $-0.49918$ & $0.412365$ & $0.301339$ & $0.0226059$ & $0.157291$ & $0.0818948$ & $-0.0631864$ & $0.153054$ & $0.551823$ & $-0.0262959$ & $-0.0013399$ & $-0.0168424$ & $-0.0266586$ & $0.00610627$ & $-0.000827727$ & $0.0163198$ & $0.000334524$ & $0.0710559$ & $-0.0272232$ & $-0.0303616$ & $-0.0053871$ & $0.0150367$ & $0.0178812$ & $-0.041781$ \\
CHWHB_gagaorth & $-0.014516$ & $0.00272117$ & $0.000754127$ & $-0.000713312$ & $0.0138311$ & $0.0232915$ & $0.0940323$ & $-0.582492$ & $-0.572528$ & $1$ & $0.371279$ & $0.202418$ & $-0.279774$ & $0.226755$ & $-0.122573$ & $-0.110136$ & $0.427246$ & $0.483664$ & $0.481461$ & $-0.355783$ & $-0.389465$ & $-0.382363$ & $-0.0406114$ & $0.56476$ & $0.476818$ & $0.209346$ & $-0.248034$ & $-0.133304$ & $-0.0106212$ & $-0.151145$ & $-0.0886915$ & $0.100354$ & $-0.142453$ & $-0.369348$ & $0.0394155$ & $0.00531751$ & $-0.00191872$ & $0.0292268$ & $0.00547207$ & $0.0133313$ & $-0.0433596$ & $-0.0199923$ & $-0.0121705$ & $0.0232478$ & $0.0342081$ & $0.0102561$ & $-0.0190414$ & $-0.000485488$ & $0.047374$ \\
CHD & $-0.0207425$ & $0.0433938$ & $-0.0147365$ & $-0.0202644$ & $-0.000284554$ & $0.18351$ & $0.0753853$ & $-0.879752$ & $-0.860035$ & $0.371279$ & $1$ & $0.047487$ & $-0.193573$ & $-0.50477$ & $-0.425043$ & $-0.402955$ & $-0.206034$ & $0.0770906$ & $0.0701985$ & $-0.990161$ & $-0.991152$ & $-0.970061$ & $-0.014525$ & $0.319735$ & $0.0335817$ & $0.57226$ & $-0.292635$ & $-0.337445$ & $-0.00930391$ & $-0.0843152$ & $-0.0441765$ & $0.074696$ & $-0.0831595$ & $-0.367569$ & $0.00718634$ & $0.00400619$ & $-0.00683664$ & $0.0128623$ & $-0.0204257$ & $-0.0130266$ & $0.0193963$ & $0.00164135$ & $0.00128051$ & $0.00332031$ & $0.0329471$ & $-0.0151105$ & $-0.00909135$ & $-0.0232017$ & $0.0168395$ \\
CHbox & $0.0107235$ & $-0.0018164$ & $0.0178819$ & $0.0133281$ & $0.0130958$ & $0.0392198$ & $-0.231831$ & $0.114675$ & $0.12623$ & $0.202418$ & $0.047487$ & $1$ & $0.761124$ & $-0.293927$ & $0.0342941$ & $0.045111$ & $-0.338501$ & $-0.321685$ & $-0.325269$ & $-0.0359957$ & $-0.0448247$ & $-0.040813$ & $0.0197101$ & $-0.23723$ & $-0.315412$ & $0.0191071$ & $0.00713095$ & $-0.0029309$ & $0.0470381$ & $0.345138$ & $0.10611$ & $-0.13959$ & $0.384412$ & $0.0553203$ & $0.050578$ & $0.046403$ & $-0.0178715$ & $-0.0134707$ & $-0.0121709$ & $0.0271174$ & $-0.00597277$ & $-0.0167692$ & $0.00303048$ & $0.0152388$ & $0.037552$ & $0.00276867$ & $0.00347774$ & $-0.000996031$ & $-0.0187544$ \\
CH & $0.020048$ & $-0.0153458$ & $0.00587418$ & $0.0203217$ & $0.00465747$ & $-0.0113394$ & $-0.303267$ & $0.38071$ & $0.376345$ & $-0.279774$ & $-0.193573$ & $0.761124$ & $1$ & $-0.251002$ & $0.0772843$ & $0.0770216$ & $-0.378176$ & $-0.404079$ & $-0.403719$ & $0.187661$ & $0.205965$ & $0.204165$ & $0.0485897$ & $-0.41943$ & $-0.392082$ & $-0.122618$ & $0.160516$ & $0.0803394$ & $0.0417194$ & $0.297437$ & $0.114702$ & $-0.24915$ & $0.331685$ & $0.240684$ & $-0.00307165$ & $0.0238122$ & $-0.00750807$ & $-0.0274111$ & $-0.00903155$ & $0.0272481$ & $0.0257498$ & $0.00178843$ & $0.0181539$ & $0.00154132$ & $0.0168645$ & $-0.00867293$ & $0.0055263$ & $0.0210537$ & $-0.0254987$ \\
CHL1_11 & $0.00437819$ & $-0.0210966$ & $-0.00228673$ & $0.0114963$ & $0.00152954$ & $0.020841$ & $0.0663617$ & $0.0885627$ & $0.0785402$ & $0.226755$ & $-0.50477$ & $-0.293927$ & $-0.251002$ & $1$ & $0.267481$ & $0.256179$ & $0.662016$ & $0.598653$ & $0.600908$ & $0.522727$ & $0.465016$ & $0.448182$ & $-0.079346$ & $0.46713$ & $0.599909$ & $-0.269752$ & $-0.0961418$ & $0.140575$ & $-0.00745886$ & $-0.0603124$ & $-0.0297365$ & $0.042258$ & $-0.0525319$ & $-0.220365$ & $-0.0179788$ & $-0.0306124$ & $0.00826736$ & $0.01556$ & $0.0226602$ & $0.0156761$ & $-0.0518274$ & $-0.00307986$ & $-0.0105681$ & $0.00478518$ & $-0.0161949$ & $0.0138596$ & $-0.00343615$ & $0.00555329$ & $0.029993$ \\
CHL1_22 & $-0.00621603$ & $-0.0194938$ & $0.0213439$ & $0.0142792$ & $0.0247764$ & $-0.0838453$ & $-0.0226953$ & $0.30542$ & $0.299479$ & $-0.122573$ & $-0.425043$ & $0.0342941$ & $0.0772843$ & $0.267481$ & $1$ & $0.45919$ & $0.156035$ & $-0.451922$ & $-0.0506629$ & $0.490704$ & $0.341741$ & $0.335759$ & $-0.151033$ & $0.0946807$ & $-0.140786$ & $-0.212387$ & $-0.393258$ & $0.105735$ & $0.00346521$ & $0.0369339$ & $0.000315479$ & $-0.0189719$ & $0.0335332$ & $-0.585284$ & $0.0181669$ & $-0.0183807$ & $0.00546849$ & $-0.00494852$ & $-0.0222949$ & $0.0151684$ & $-0.047479$ & $7.68455e-05$ & $-0.0339734$ & $0.0107245$ & $-0.0087465$ & $0.00126097$ & $-0.00754413$ & $-0.0126437$ & $-0.0270556$ \\
CHL1_33 & $0.0132384$ & $-0.00924486$ & $0.0137556$ & $0.00623463$ & $0.0034525$ & $-0.0861188$ & $-0.0144992$ & $0.283726$ & $0.278833$ & $-0.110136$ & $-0.402955$ & $0.045111$ & $0.0770216$ & $0.256179$ & $0.45919$ & $1$ & $0.154281$ & $-0.0395305$ & $-0.44117$ & $0.471444$ & $0.321807$ & $0.340718$ & $-0.159967$ & $0.108625$ & $-0.135289$ & $-0.195273$ & $-0.397872$ & $0.109355$ & $-0.00604724$ & $0.0287588$ & $0.00146657$ & $-0.0108238$ & $0.0375831$ & $-0.118311$ & $0.007611$ & $-0.0147128$ & $0.00538187$ & $-0.00829366$ & $0.000943346$ & $0.0328456$ & $-0.0282999$ & $-0.000991601$ & $-0.0316098$ & $0.0194333$ & $-0.0135393$ & $0.0089817$ & $-0.0158242$ & $0.0237257$ & $-0.0163013$ \\
CHL3_11 & $-0.00532023$ & $0.0162122$ & $-0.0121254$ & $0.0043501$ & $0.0075155$ & $-0.255401$ & $0.101107$ & $-0.248832$ & $-0.254378$ & $0.427246$ & $-0.206034$ & $-0.338501$ & $-0.378176$ & $0.662016$ & $0.156035$ & $0.154281$ & $1$ & $0.738778$ & $0.735742$ & $0.228087$ & $0.173945$ & $0.165729$ & $-0.0620639$ & $0.679336$ & $0.784505$ & $-0.113981$ & $-0.150118$ & $0.0592894$ & $-0.0227615$ & $-0.120361$ & $-0.0644204$ & $0.0677398$ & $-0.103694$ & $-0.254787$ & $0.00260453$ & $-0.0144241$ & $0.0291972$ & $0.0241964$ & $0.0238649$ & $0.012775$ & $-0.0395959$ & $-0.00757323$ & $-0.0163309$ & $0.0180798$ & $-0.0194456$ & $0.016053$ & $-0.0191146$ & $0.0163011$ & $0.0574515$ \\
CHL3_22 & $0.00249742$ & $0.0141648$ & $-0.0231168$ & $-0.00295917$ & $-0.0147988$ & $-0.0445425$ & $0.113202$ & $-0.443911$ & $-0.443925$ & $0.483664$ & $0.0770906$ & $-0.321685$ & $-0.404079$ & $0.598653$ & $-0.451922$ & $-0.0395305$ & $0.738778$ & $1$ & $0.684906$ & $-0.0797672$ & $-0.0718942$ & $-0.0739813$ & $-0.00220716$ & $0.626356$ & $0.800933$ & $0.0411503$ & $-0.000360582$ & $-0.0252582$ & $-0.0207091$ & $-0.129183$ & $-0.0585205$ & $0.082796$ & $-0.114191$ & $0.0238839$ & $-0.0156963$ & $-0.0114271$ & $0.0149185$ & $0.0245654$ & $0.0333617$ & $0.00799688$ & $-0.0153601$ & $-0.00628911$ & $0.00530849$ & $0.00779298$ & $-0.00797298$ & $0.0121526$ & $-0.00975485$ & $0.0148241$ & $0.0634216$ \\
CHL3_33 & $-0.0141438$ & $0.00893688$ & $-0.0158921$ & $0.00421706$ & $0.0048865$ & $-0.0395262$ & $0.110126$ & $-0.43442$ & $-0.435564$ & $0.481461$ & $0.0701985$ & $-0.325269$ & $-0.403719$ & $0.600908$ & $-0.0506629$ & $-0.44117$ & $0.735742$ & $0.684906$ & $1$ & $-0.0756475$ & $-0.063908$ & $-0.0643602$ & $0.00832232$ & $0.615352$ & $0.801547$ & $0.0329475$ & $0.0126648$ & $-0.0323702$ & $-0.0117997$ & $-0.123721$ & $-0.05829$ & $0.078781$ & $-0.117634$ & $-0.331859$ & $-0.0098814$ & $-0.0146257$ & $0.0169887$ & $0.025421$ & $0.019573$ & $-0.00371074$ & $-0.0351018$ & $-0.00524929$ & $0.00262067$ & $0.00586516$ & $-0.00393189$ & $0.00917771$ & $-0.00245062$ & $-0.0132297$ & $0.0581862$ \\
CHe_11 & $0.00918651$ & $-0.0189769$ & $0.0176017$ & $0.0208028$ & $0.00951011$ & $-0.181762$ & $-0.0730239$ & $0.8509$ & $0.831859$ & $-0.355783$ & $-0.990161$ & $-0.0359957$ & $0.187661$ & $0.522727$ & $0.490704$ & $0.471444$ & $0.228087$ & $-0.0797672$ & $-0.0756475$ & $1$ & $0.972523$ & $0.95276$ & $-0.00845881$ & $-0.265873$ & $-0.0272877$ & $-0.562757$ & $0.21653$ & $0.330605$ & $0.00925132$ & $0.0825332$ & $0.0411294$ & $-0.0713204$ & $0.0815706$ & $0.288448$ & $-0.00486336$ & $-0.00502885$ & $0.0091525$ & $-0.0135457$ & $0.0211594$ & $0.0179518$ & $-0.0241293$ & $-0.00164046$ & $-0.00910549$ & $0.00455005$ & $-0.0300079$ & $0.0218025$ & $0.0115082$ & $0.02162$ & $-0.0176927$ \\
CHe_22 & $0.00903698$ & $-0.0166795$ & $0.0163647$ & $0.0179175$ & $0.00907432$ & $-0.18625$ & $-0.0810275$ & $0.896566$ & $0.876355$ & $-0.389465$ & $-0.991152$ & $-0.0448247$ & $0.205965$ & $0.465016$ & $0.341741$ & $0.321807$ & $0.173945$ & $-0.0718942$ & $-0.063908$ & $0.972523$ & $1$ & $0.975472$ & $0.0402328$ & $-0.374635$ & $-0.0384487$ & $-0.573608$ & $0.373308$ & $0.340667$ & $0.0097434$ & $0.0869406$ & $0.0485204$ & $-0.0799901$ & $0.0857413$ & $0.453832$ & $-0.00856837$ & $-0.000876919$ & $0.00767011$ & $-0.0129426$ & $0.0264412$ & $0.0106942$ & $-0.0125748$ & $-0.00132836$ & $-0.00145435$ & $-0.000848619$ & $-0.030758$ & $0.0224945$ & $0.0150734$ & $0.0255697$ & $-0.0156109$ \\
CHe_33 & $0.00584294$ & $-0.0124273$ & $0.017379$ & $0.0184075$ & $0.00994485$ & $-0.183935$ & $-0.0795015$ & $0.880302$ & $0.859519$ & $-0.382363$ & $-0.970061$ & $-0.040813$ & $0.204165$ & $0.448182$ & $0.335759$ & $0.340718$ & $0.165729$ & $-0.0739813$ & $-0.0643602$ & $0.95276$ & $0.975472$ & $1$ & $0.0390696$ & $-0.36914$ & $-0.0420891$ & $-0.561007$ & $0.365167$ & $0.333537$ & $0.0117385$ & $0.0816532$ & $0.0456048$ & $-0.0794004$ & $0.0826705$ & $0.449031$ & $-0.00995648$ & $0.00392545$ & $0.00928197$ & $-0.0143842$ & $0.0323584$ & $0.00953902$ & $-0.0178936$ & $-0.000696613$ & $-0.00246187$ & $0.00381646$ & $-0.0336273$ & $0.021068$ & $0.0159451$ & $0.0251053$ & $-0.0111323$ \\
CHQ1_11 & $-0.0158922$ & $-0.0120762$ & $0.023581$ & $-0.00152722$ & $0.0367464$ & $-0.0212087$ & $-0.037962$ & $0.0663859$ & $0.0622166$ & $-0.0406114$ & $-0.014525$ & $0.0197101$ & $0.0485897$ & $-0.079346$ & $-0.151033$ & $-0.159967$ & $-0.0620639$ & $-0.00220716$ & $0.00832232$ & $-0.00845881$ & $0.0402328$ & $0.0390696$ & $1$ & $-0.134384$ & $0.0732013$ & $-0.672207$ & $0.32813$ & $0.0145293$ & $-0.00176578$ & $-0.00461328$ & $-0.00902886$ & $-0.0368074$ & $-0.00662936$ & $0.186637$ & $0.000267637$ & $0.018321$ & $0.0288357$ & $0.000888875$ & $0.0031966$ & $0.0029245$ & $0.0172968$ & $0.00521522$ & $0.0215162$ & $-0.0144732$ & $-0.00414932$ & $-0.00946918$ & $-0.0045589$ & $0.000778098$ & $-0.00513725$ \\
CHQ1_33 & $-0.0527373$ & $0.0153828$ & $-0.0190994$ & $0.00853888$ & $-0.00221151$ & $-0.000563704$ & $0.136638$ & $-0.680693$ & $-0.674864$ & $0.56476$ & $0.319735$ & $-0.23723$ & $-0.41943$ & $0.46713$ & $0.0946807$ & $0.108625$ & $0.679336$ & $0.626356$ & $0.615352$ & $-0.265873$ & $-0.374635$ & $-0.36914$ & $-0.134384$ & $1$ & $0.64835$ & $0.209175$ & $-0.419495$ & $-0.0303072$ & $-0.021555$ & $-0.139341$ & $-0.0759875$ & $0.112988$ & $-0.126226$ & $-0.632342$ & $0.00524991$ & $-0.0175676$ & $0.0161815$ & $0.0192624$ & $0.0090698$ & $0.00646884$ & $-0.033361$ & $0.00232$ & $-0.0272904$ & $0.0153826$ & $0.00454696$ & $0.0152023$ & $-0.0177579$ & $0.0040327$ & $0.046922$ \\
CHQ3_11 & $-0.0874591$ & $0.0184394$ & $-0.022297$ & $0.0147133$ & $0.00555438$ & $-0.08107$ & $0.109146$ & $-0.414572$ & $-0.413955$ & $0.476818$ & $0.0335817$ & $-0.315412$ & $-0.392082$ & $0.599909$ & $-0.140786$ & $-0.135289$ & $0.784505$ & $0.800933$ & $0.801547$ & $-0.0272877$ & $-0.0384487$ & $-0.0420891$ & $0.0732013$ & $0.64835$ & $1$ & $0.0242669$ & $0.204866$ & $-0.0212414$ & $-0.0271256$ & $-0.139482$ & $-0.06101$ & $0.0740691$ & $-0.120531$ & $-0.207133$ & $-0.0103318$ & $-0.0170478$ & $0.0362443$ & $0.0229668$ & $0.0193206$ & $0.00501385$ & $-0.0331715$ & $0.0037559$ & $-0.00482194$ & $0.0288634$ & $-0.013917$ & $0.0307194$ & $0.00296179$ & $0.0110863$ & $0.0656416$ \\
CHu_11 & $-0.0357008$ & $0.0316537$ & $-0.0271983$ & $-0.00840084$ & $-0.0302771$ & $0.116536$ & $0.0657374$ & $-0.513201$ & $-0.49918$ & $0.209346$ & $0.57226$ & $0.0191071$ & $-0.122618$ & $-0.269752$ & $-0.212387$ & $-0.195273$ & $-0.113981$ & $0.0411503$ & $0.0329475$ & $-0.562757$ & $-0.573608$ & $-0.561007$ & $-0.672207$ & $0.209175$ & $0.0242669$ & $1$ & $-0.170694$ & $-0.196164$ & $-0.0068188$ & $-0.0397125$ & $-0.013391$ & $0.0635152$ & $-0.0402482$ & $-0.249022$ & $0.0030713$ & $-0.0115912$ & $-0.018826$ & $0.0145052$ & $-0.00773847$ & $-0.00976924$ & $0.00543666$ & $0.000815313$ & $-0.0153833$ & $0.0204795$ & $0.0177023$ & $0.0106034$ & $0.000956901$ & $-0.00251423$ & $0.0097518$ \\
CHd_11 & $-0.0103308$ & $-0.00326429$ & $-0.00183399$ & $0.0274593$ & $0.0078503$ & $-0.0740687$ & $-0.0565306$ & $0.4189$ & $0.412365$ & $-0.248034$ & $-0.292635$ & $0.00713095$ & $0.160516$ & $-0.0961418$ & $-0.393258$ & $-0.397872$ & $-0.150118$ & $-0.000360582$ & $0.0126648$ & $0.21653$ & $0.373308$ & $0.365167$ & $0.32813$ & $-0.419495$ & $0.204866$ & $-0.170694$ & $1$ & $0.120835$ & $-5.3615e-05$ & $0.0398762$ & $0.0385027$ & $-0.0586959$ & $0.040639$ & $0.683442$ & $-0.0144066$ & $0.0221139$ & $0.0227248$ & $-0.00942021$ & $0.018992$ & $-0.0222111$ & $0.039326$ & $0.0159498$ & $0.0276812$ & $-0.00280857$ & $-0.0112882$ & $0.0241789$ & $0.0244385$ & $0.0265286$ & $0.00353782$ \\
CHd_33 & $-0.00541247$ & $0.00542428$ & $-0.0226495$ & $0.00985475$ & $0.00533781$ & $-0.0739752$ & $-0.0385836$ & $0.30934$ & $0.301339$ & $-0.133304$ & $-0.337445$ & $-0.0029309$ & $0.0803394$ & $0.140575$ & $0.105735$ & $0.109355$ & $0.0592894$ & $-0.0252582$ & $-0.0323702$ & $0.330605$ & $0.340667$ & $0.333537$ & $0.0145293$ & $-0.0303072$ & $-0.0212414$ & $-0.196164$ & $0.120835$ & $1$ & $-0.00701325$ & $0.0327789$ & $0.0344951$ & $-0.037821$ & $0.0357085$ & $0.172864$ & $-0.0344477$ & $0.0102282$ & $-0.00159365$ & $-0.0222094$ & $0.00760652$ & $0.00610446$ & $-0.00893811$ & $-0.00583987$ & $-0.0115992$ & $0.00645657$ & $-0.0175148$ & $0.0194525$ & $0.0047144$ & $0.0086527$ & $-0.00716046$ \\
CeH_22r & $0.0121814$ & $-0.00868349$ & $-0.0263938$ & $0.00914073$ & $-0.00402939$ & $0.00368951$ & $0.0226703$ & $0.0183484$ & $0.0226059$ & $-0.0106212$ & $-0.00930391$ & $0.0470381$ & $0.0417194$ & $-0.00745886$ & $0.00346521$ & $-0.00604724$ & $-0.0227615$ & $-0.0207091$ & $-0.0117997$ & $0.00925132$ & $0.0097434$ & $0.0117385$ & $-0.00176578$ & $-0.021555$ & $-0.0271256$ & $-0.0068188$ & $-5.3615e-05$ & $-0.00701325$ & $1$ & $0.0298202$ & $0.0147289$ & $0.00869352$ & $0.0265527$ & $0.00768652$ & $-0.0246672$ & $0.00372037$ & $0.00768792$ & $-0.000326631$ & $0.0018532$ & $-0.0107488$ & $-0.00530549$ & $-0.00885807$ & $0.0104981$ & $-0.00989976$ & $-0.00278869$ & $0.00628304$ & $-0.00169539$ & $-0.0175399$ & $-0.0121357$ \\
CeH_33r & $0.044082$ & $-0.0124522$ & $0.00432971$ & $-0.00593441$ & $0.00206572$ & $0.018477$ & $-0.163536$ & $0.139526$ & $0.157291$ & $-0.151145$ & $-0.0843152$ & $0.345138$ & $0.297437$ & $-0.0603124$ & $0.0369339$ & $0.0287588$ & $-0.120361$ & $-0.129183$ & $-0.123721$ & $0.0825332$ & $0.0869406$ & $0.0816532$ & $-0.00461328$ & $-0.139341$ & $-0.139482$ & $-0.0397125$ & $0.0398762$ & $0.0327789$ & $0.0298202$ & $1$ & $0.31602$ & $-0.0214118$ & $0.656995$ & $0.0767422$ & $-0.0641274$ & $-0.0125549$ & $-0.178977$ & $-0.0374211$ & $-0.0146568$ & $0.0144812$ & $-0.000402625$ & $-0.0163149$ & $0.00468548$ & $0.0137108$ & $0.0884254$ & $0.000803689$ & $-0.0178028$ & $-0.000816416$ & $0.00553353$ \\
CuH_22r & $-0.0402781$ & $0.0191507$ & $0.0140338$ & $-0.0222633$ & $-0.0345048$ & $0.0071736$ & $-0.109602$ & $0.0746523$ & $0.0818948$ & $-0.0886915$ & $-0.0441765$ & $0.10611$ & $0.114702$ & $-0.0297365$ & $0.000315479$ & $0.00146657$ & $-0.0644204$ & $-0.0585205$ & $-0.05829$ & $0.0411294$ & $0.0485204$ & $0.0456048$ & $-0.00902886$ & $-0.0759875$ & $-0.06101$ & $-0.013391$ & $0.0385027$ & $0.0344951$ & $0.0147289$ & $0.31602$ & $1$ & $-0.0192069$ & $0.358527$ & $0.0588944$ & $-0.0294512$ & $-0.00234654$ & $-0.070953$ & $-0.0153771$ & $-0.0231311$ & $0.0283564$ & $-0.0214899$ & $-0.00783161$ & $-0.0157531$ & $0.0256078$ & $-0.0497479$ & $0.0641296$ & $0.311144$ & $-0.0606394$ & $0.0262698$ \\
CuH_33r & $0.0229659$ & $-0.00256831$ & $0.0129256$ & $-0.000209983$ & $-0.0107136$ & $0.0162637$ & $0.937273$ & $-0.111887$ & $-0.0631864$ & $0.100354$ & $0.074696$ & $-0.13959$ & $-0.24915$ & $0.042258$ & $-0.0189719$ & $-0.0108238$ & $0.0677398$ & $0.082796$ & $0.078781$ & $-0.0713204$ & $-0.0799901$ & $-0.0794004$ & $-0.0368074$ & $0.112988$ & $0.0740691$ & $0.0635152$ & $-0.0586959$ & $-0.037821$ & $0.00869352$ & $-0.0214118$ & $-0.0192069$ & $1$ & $0.0162921$ & $-0.0792056$ & $0.0501615$ & $0.0354565$ & $-0.0296556$ & $0.012964$ & $-0.0100923$ & $-0.0221298$ & $-0.0278638$ & $0.00410675$ & $0.0285866$ & $-0.028854$ & $-0.011609$ & $-0.0264431$ & $-0.0510963$ & $-0.0167272$ & $0.0195781$ \\
CdH_33r & $0.0254998$ & $0.0158039$ & $-0.0766915$ & $-0.0235742$ & $-0.00138672$ & $0.0110217$ & $-0.163592$ & $0.130761$ & $0.153054$ & $-0.142453$ & $-0.0831595$ & $0.384412$ & $0.331685$ & $-0.0525319$ & $0.0335332$ & $0.0375831$ & $-0.103694$ & $-0.114191$ & $-0.117634$ & $0.0815706$ & $0.0857413$ & $0.0826705$ & $-0.00662936$ & $-0.126226$ & $-0.120531$ & $-0.0402482$ & $0.040639$ & $0.0357085$ & $0.0265527$ & $0.656995$ & $0.358527$ & $0.0162921$ & $1$ & $0.0762874$ & $-0.0415441$ & $-0.0272782$ & $-0.220704$ & $-0.0428572$ & $-0.0113662$ & $0.0271359$ & $-0.00606854$ & $-0.0154472$ & $0.036537$ & $0.0140662$ & $-0.0272221$ & $0.0512626$ & $-0.00716972$ & $0.111891$ & $0.436145$ \\
CLL_1221 & $0.00821784$ & $0.0341853$ & $-0.0048403$ & $-0.0011597$ & $-0.0145596$ & $-0.119335$ & $-0.087317$ & $0.562089$ & $0.551823$ & $-0.369348$ & $-0.367569$ & $0.0553203$ & $0.240684$ & $-0.220365$ & $-0.585284$ & $-0.118311$ & $-0.254787$ & $0.0238839$ & $-0.331859$ & $0.288448$ & $0.453832$ & $0.449031$ & $0.186637$ & $-0.632342$ & $-0.207133$ & $-0.249022$ & $0.683442$ & $0.172864$ & $0.00768652$ & $0.0767422$ & $0.0588944$ & $-0.0792056$ & $0.0762874$ & $1$ & $-0.0143936$ & $0.0292039$ & $0.00175464$ & $-0.0165224$ & $0.0344128$ & $-0.00906052$ & $0.0478999$ & $0.00107877$ & $0.0227303$ & $-0.0070179$ & $-0.013258$ & $0.020522$ & $0.0230553$ & $0.0338753$ & $-0.00491867$ \\
eHggint & $-0.0137975$ & $-0.0226666$ & $0.140643$ & $0.0795122$ & $-0.00633289$ & $-0.00905278$ & $-0.0336217$ & $-0.00383988$ & $-0.0262959$ & $0.0394155$ & $0.00718634$ & $0.050578$ & $-0.00307165$ & $-0.0179788$ & $0.0181669$ & $0.007611$ & $0.00260453$ & $-0.0156963$ & $-0.0098814$ & $-0.00486336$ & $-0.00856837$ & $-0.00995648$ & $0.000267637$ & $0.00524991$ & $-0.0103318$ & $0.0030713$ & $-0.0144066$ & $-0.0344477$ & $-0.0246672$ & $-0.0641274$ & $-0.0294512$ & $0.0501615$ & $-0.0415441$ & $-0.0143936$ & $1$ & $0.0677086$ & $-0.0118951$ & $0.0363371$ & $-0.0568738$ & $0.00445197$ & $0.0493241$ & $-0.0118977$ & $-0.0548752$ & $0.0553612$ & $-0.0283696$ & $-0.108962$ & $-0.0216726$ & $0.0366729$ & $0.00374246$ \\
eHggpar & $0.0431225$ & $0.0637542$ & $-0.0526197$ & $0.0928895$ & $-0.00286437$ & $-0.0269967$ & $-0.0156268$ & $0.0067986$ & $-0.0013399$ & $0.00531751$ & $0.00400619$ & $0.046403$ & $0.0238122$ & $-0.0306124$ & $-0.0183807$ & $-0.0147128$ & $-0.0144241$ & $-0.0114271$ & $-0.0146257$ & $-0.00502885$ & $-0.000876919$ & $0.00392545$ & $0.018321$ & $-0.0175676$ & $-0.0170478$ & $-0.0115912$ & $0.0221139$ & $0.0102282$ & $0.00372037$ & $-0.0125549$ & $-0.00234654$ & $0.0354565$ & $-0.0272782$ & $0.0292039$ & $0.0677086$ & $1$ & $-0.0209966$ & $-0.00274005$ & $0.0935792$ & $-0.0188799$ & $0.048137$ & $-0.00460273$ & $-0.0104399$ & $-0.00723881$ & $0.0246736$ & $-0.0279483$ & $0.0178784$ & $-0.125576$ & $-0.0296586$ \\
eHWWint & $-0.0253394$ & $0.0727649$ & $-0.0430414$ & $0.0582787$ & $-0.0045708$ & $-0.0305467$ & $0.013216$ & $-0.00479184$ & $-0.0168424$ & $-0.00191872$ & $-0.00683664$ & $-0.0178715$ & $-0.00750807$ & $0.00826736$ & $0.00546849$ & $0.00538187$ & $0.0291972$ & $0.0149185$ & $0.0169887$ & $0.0091525$ & $0.00767011$ & $0.00928197$ & $0.0288357$ & $0.0161815$ & $0.0362443$ & $-0.018826$ & $0.0227248$ & $-0.00159365$ & $0.00768792$ & $-0.178977$ & $-0.070953$ & $-0.0296556$ & $-0.220704$ & $0.00175464$ & $-0.0118951$ & $-0.0209966$ & $1$ & $0.00499616$ & $0.0103682$ & $-0.0161378$ & $-0.0945958$ & $0.0277536$ & $-0.0608088$ & $-0.0329391$ & $-0.00632627$ & $0.0685993$ & $0.0641567$ & $-0.113855$ & $-0.0024726$ \\
eHWWpar & $0.0113485$ & $0.0189919$ & $0.00562136$ & $0.00755725$ & $0.00552403$ & $-0.0128404$ & $0.0160466$ & $-0.0255539$ & $-0.0266586$ & $0.0292268$ & $0.0128623$ & $-0.0134707$ & $-0.0274111$ & $0.01556$ & $-0.00494852$ & $-0.00829366$ & $0.0241964$ & $0.0245654$ & $0.025421$ & $-0.0135457$ & $-0.0129426$ & $-0.0143842$ & $0.000888875$ & $0.0192624$ & $0.0229668$ & $0.0145052$ & $-0.00942021$ & $-0.0222094$ & $-0.000326631$ & $-0.0374211$ & $-0.0153771$ & $0.012964$ & $-0.0428572$ & $-0.0165224$ & $0.0363371$ & $-0.00274005$ & $0.00499616$ & $1$ & $-0.0195451$ & $0.00826085$ & $-0.0209953$ & $-0.00562235$ & $-0.0156301$ & $-0.0340192$ & $-0.0254696$ & $-0.0269402$ & $-0.00503688$ & $-0.0230897$ & $-0.0166918$ \\
eHZZint & $-0.0558799$ & $0.0627149$ & $-0.016059$ & $-0.0517034$ & $0.00932682$ & $-0.0278328$ & $-0.0144456$ & $0.0108579$ & $0.00610627$ & $0.00547207$ & $-0.0204257$ & $-0.0121709$ & $-0.00903155$ & $0.0226602$ & $-0.0222949$ & $0.000943346$ & $0.0238649$ & $0.0333617$ & $0.019573$ & $0.0211594$ & $0.0264412$ & $0.0323584$ & $0.0031966$ & $0.0090698$ & $0.0193206$ & $-0.00773847$ & $0.018992$ & $0.00760652$ & $0.0018532$ & $-0.0146568$ & $-0.0231311$ & $-0.0100923$ & $-0.0113662$ & $0.0344128$ & $-0.0568738$ & $0.0935792$ & $0.0103682$ & $-0.0195451$ & $1$ & $0.0599765$ & $0.135286$ & $-0.0256769$ & $-0.0522619$ & $0.140444$ & $0.061373$ & $0.0620903$ & $-0.0416557$ & $-0.0487961$ & $0.0744192$ \\
eHZZpar & $-0.0531569$ & $0.0149166$ & $-0.016516$ & $-0.0256145$ & $-0.00414235$ & $0.00731781$ & $-0.0255743$ & $0.00399704$ & $-0.000827727$ & $0.0133313$ & $-0.0130266$ & $0.0271174$ & $0.0272481$ & $0.0156761$ & $0.0151684$ & $0.0328456$ & $0.012775$ & $0.00799688$ & $-0.00371074$ & $0.0179518$ & $0.0106942$ & $0.00953902$ & $0.0029245$ & $0.00646884$ & $0.00501385$ & $-0.00976924$ & $-0.0222111$ & $0.00610446$ & $-0.0107488$ & $0.0144812$ & $0.0283564$ & $-0.0221298$ & $0.0271359$ & $-0.00906052$ & $0.00445197$ & $-0.0188799$ & $-0.0161378$ & $0.00826085$ & $0.0599765$ & $1$ & $-0.00675438$ & $0.00597987$ & $-0.0348162$ & $0.0173063$ & $-0.0455827$ & $0.0346865$ & $0.00957571$ & $-0.0157915$ & $0.0404149$ \\
eHZgaint & $0.0955151$ & $-0.00928393$ & $0.0726576$ & $0.0197289$ & $0.0192022$ & $0.00423588$ & $-0.0368645$ & $0.00627086$ & $0.0163198$ & $-0.0433596$ & $0.0193963$ & $-0.00597277$ & $0.0257498$ & $-0.0518274$ & $-0.047479$ & $-0.0282999$ & $-0.0395959$ & $-0.0153601$ & $-0.0351018$ & $-0.0241293$ & $-0.0125748$ & $-0.0178936$ & $0.0172968$ & $-0.033361$ & $-0.0331715$ & $0.00543666$ & $0.039326$ & $-0.00893811$ & $-0.00530549$ & $-0.000402625$ & $-0.0214899$ & $-0.0278638$ & $-0.00606854$ & $0.0478999$ & $0.0493241$ & $0.048137$ & $-0.0945958$ & $-0.0209953$ & $0.135286$ & $-0.00675438$ & $1$ & $0.0368102$ & $0.210556$ & $-0.0551189$ & $0.0405813$ & $-0.107295$ & $-0.0311042$ & $0.121557$ & $-0.0153254$ \\
eHZgapar & $0.00137694$ & $-0.00404$ & $0.00281827$ & $0.0421073$ & $-0.00258615$ & $0.0127563$ & $0.00927968$ & $0.0019766$ & $0.000334524$ & $-0.0199923$ & $0.00164135$ & $-0.0167692$ & $0.00178843$ & $-0.00307986$ & $7.68455e-05$ & $-0.000991601$ & $-0.00757323$ & $-0.00628911$ & $-0.00524929$ & $-0.00164046$ & $-0.00132836$ & $-0.000696613$ & $0.00521522$ & $0.00232$ & $0.0037559$ & $0.000815313$ & $0.0159498$ & $-0.00583987$ & $-0.00885807$ & $-0.0163149$ & $-0.00783161$ & $0.00410675$ & $-0.0154472$ & $0.00107877$ & $-0.0118977$ & $-0.00460273$ & $0.0277536$ & $-0.00562235$ & $-0.0256769$ & $0.00597987$ & $0.0368102$ & $1$ & $0.0260787$ & $0.0231316$ & $-0.0124953$ & $0.000898576$ & $-0.0156487$ & $-0.0102441$ & $-0.00867318$ \\
eHgagaint & $0.0982171$ & $-0.160114$ & $0.0403792$ & $0.0226148$ & $0.0082444$ & $0.00767047$ & $0.0240557$ & $0.00909531$ & $0.0710559$ & $-0.0121705$ & $0.00128051$ & $0.00303048$ & $0.0181539$ & $-0.0105681$ & $-0.0339734$ & $-0.0316098$ & $-0.0163309$ & $0.00530849$ & $0.00262067$ & $-0.00910549$ & $-0.00145435$ & $-0.00246187$ & $0.0215162$ & $-0.0272904$ & $-0.00482194$ & $-0.0153833$ & $0.0276812$ & $-0.0115992$ & $0.0104981$ & $0.00468548$ & $-0.0157531$ & $0.0285866$ & $0.036537$ & $0.0227303$ & $-0.0548752$ & $-0.0104399$ & $-0.0608088$ & $-0.0156301$ & $-0.0522619$ & $-0.0348162$ & $0.210556$ & $0.0260787$ & $1$ & $-0.137667$ & $-0.0587986$ & $-0.196279$ & $-0.0340805$ & $-0.021619$ & $0.0353174$ \\
eHmumuint & $-0.139977$ & $0.165341$ & $-0.000879953$ & $0.118083$ & $-0.010106$ & $-0.00882378$ & $-0.0337067$ & $-0.0129138$ & $-0.0272232$ & $0.0232478$ & $0.00332031$ & $0.0152388$ & $0.00154132$ & $0.00478518$ & $0.0107245$ & $0.0194333$ & $0.0180798$ & $0.00779298$ & $0.00586516$ & $0.00455005$ & $-0.000848619$ & $0.00381646$ & $-0.0144732$ & $0.0153826$ & $0.0288634$ & $0.0204795$ & $-0.00280857$ & $0.00645657$ & $-0.00989976$ & $0.0137108$ & $0.0256078$ & $-0.028854$ & $0.0140662$ & $-0.0070179$ & $0.0553612$ & $-0.00723881$ & $-0.0329391$ & $-0.0340192$ & $0.140444$ & $0.0173063$ & $-0.0551189$ & $0.0231316$ & $-0.137667$ & $1$ & $0.128957$ & $0.114138$ & $0.0447519$ & $-0.0685664$ & $0.061462$ \\
eHtautauint & $0.0620149$ & $0.0891616$ & $-0.0839354$ & $0.021268$ & $0.0166188$ & $-0.00562998$ & $-0.00963289$ & $-0.0271466$ & $-0.0303616$ & $0.0342081$ & $0.0329471$ & $0.037552$ & $0.0168645$ & $-0.0161949$ & $-0.0087465$ & $-0.0135393$ & $-0.0194456$ & $-0.00797298$ & $-0.00393189$ & $-0.0300079$ & $-0.030758$ & $-0.0336273$ & $-0.00414932$ & $0.00454696$ & $-0.013917$ & $0.0177023$ & $-0.0112882$ & $-0.0175148$ & $-0.00278869$ & $0.0884254$ & $-0.0497479$ & $-0.011609$ & $-0.0272221$ & $-0.013258$ & $-0.0283696$ & $0.0246736$ & $-0.00632627$ & $-0.0254696$ & $0.061373$ & $-0.0455827$ & $0.0405813$ & $-0.0124953$ & $-0.0587986$ & $0.128957$ & $1$ & $0.0714106$ & $-0.114545$ & $-0.0562844$ & $-0.048921$ \\
eHccint & $-0.182588$ & $0.227976$ & $-0.0289353$ & $0.166397$ & $-0.0193665$ & $-0.0179336$ & $-0.0145025$ & $0.00585918$ & $-0.0053871$ & $0.0102561$ & $-0.0151105$ & $0.00276867$ & $-0.00867293$ & $0.0138596$ & $0.00126097$ & $0.0089817$ & $0.016053$ & $0.0121526$ & $0.00917771$ & $0.0218025$ & $0.0224945$ & $0.021068$ & $-0.00946918$ & $0.0152023$ & $0.0307194$ & $0.0106034$ & $0.0241789$ & $0.0194525$ & $0.00628304$ & $0.000803689$ & $0.0641296$ & $-0.0264431$ & $0.0512626$ & $0.020522$ & $-0.108962$ & $-0.0279483$ & $0.0685993$ & $-0.0269402$ & $0.0620903$ & $0.0346865$ & $-0.107295$ & $0.000898576$ & $-0.196279$ & $0.114138$ & $0.0714106$ & $1$ & $0.00117623$ & $0.0623247$ & $0.12065$ \\
eHccpar & $-0.13123$ & $0.0714437$ & $0.0301648$ & $-0.121956$ & $-0.0407602$ & $0.0222495$ & $-0.0520476$ & $0.0175799$ & $0.0150367$ & $-0.0190414$ & $-0.00909135$ & $0.00347774$ & $0.0055263$ & $-0.00343615$ & $-0.00754413$ & $-0.0158242$ & $-0.0191146$ & $-0.00975485$ & $-0.00245062$ & $0.0115082$ & $0.0150734$ & $0.0159451$ & $-0.0045589$ & $-0.0177579$ & $0.00296179$ & $0.000956901$ & $0.0244385$ & $0.0047144$ & $-0.00169539$ & $-0.0178028$ & $0.311144$ & $-0.0510963$ & $-0.00716972$ & $0.0230553$ & $-0.0216726$ & $0.0178784$ & $0.0641567$ & $-0.00503688$ & $-0.0416557$ & $0.00957571$ & $-0.0311042$ & $-0.0156487$ & $-0.0340805$ & $0.0447519$ & $-0.114545$ & $0.00117623$ & $1$ & $-0.144773$ & $0.0550026$ \\
eHbbint & $-0.0312498$ & $0.037361$ & $-0.105487$ & $-0.0248084$ & $0.0085542$ & $-0.0278645$ & $-0.0135109$ & $0.0188192$ & $0.0178812$ & $-0.000485488$ & $-0.0232017$ & $-0.000996031$ & $0.0210537$ & $0.00555329$ & $-0.0126437$ & $0.0237257$ & $0.0163011$ & $0.0148241$ & $-0.0132297$ & $0.02162$ & $0.0255697$ & $0.0251053$ & $0.000778098$ & $0.0040327$ & $0.0110863$ & $-0.00251423$ & $0.0265286$ & $0.0086527$ & $-0.0175399$ & $-0.000816416$ & $-0.0606394$ & $-0.0167272$ & $0.111891$ & $0.0338753$ & $0.0366729$ & $-0.125576$ & $-0.113855$ & $-0.0230897$ & $-0.0487961$ & $-0.0157915$ & $0.121557$ & $-0.0102441$ & $-0.021619$ & $-0.0685664$ & $-0.0562844$ & $0.0623247$ & $-0.144773$ & $1$ & $-0.0413465$ \\
eHbbpar & $-0.0317617$ & $0.0638729$ & $-0.156079$ & $-0.0333951$ & $-0.0170656$ & $-0.00923794$ & $0.010587$ & $-0.0431619$ & $-0.041781$ & $0.047374$ & $0.0168395$ & $-0.0187544$ & $-0.0254987$ & $0.029993$ & $-0.0270556$ & $-0.0163013$ & $0.0574515$ & $0.0634216$ & $0.0581862$ & $-0.0176927$ & $-0.0156109$ & $-0.0111323$ & $-0.00513725$ & $0.046922$ & $0.0656416$ & $0.0097518$ & $0.00353782$ & $-0.00716046$ & $-0.0121357$ & $0.00553353$ & $0.0262698$ & $0.0195781$ & $0.436145$ & $-0.00491867$ & $0.00374246$ & $-0.0296586$ & $-0.0024726$ & $-0.0166918$ & $0.0744192$ & $0.0404149$ & $-0.0153254$ & $-0.00867318$ & $0.0353174$ & $0.061462$ & $-0.048921$ & $0.12065$ & $0.0550026$ & $-0.0413465$ & $1$ \\
