 & AlsMz & dAle5Mz & mtop & mHl & Mz & CW & CHG & CHWB & CHWHB_gaga & CHWHB_gagaorth & CHD & CHbox & CH & CHL1_11 & CHL1_22 & CHL1_33 & CHL3_11 & CHL3_22 & CHL3_33 & CHe_11 & CHe_22 & CHe_33 & CHQ1_11 & CHQ1_33 & CHQ3_11 & CHu_11 & CHd_11 & CHd_33 & CeH_22r & CeH_33r & CuH_22r & CuH_33r & CdH_33r & CLL_1221 & eHggint & eHggpar & eHWWint & eHWWpar & eHZZint & eHZZpar & eHZgaint & eHZgapar & eHgagaint & eHmumuint & eHtautauint & eHccint & eHccpar & eHbbint & eHbbpar \\
AlsMz & $1$ & $-0.109146$ & $-0.0151249$ & $-0.0272916$ & $-0.00798329$ & $0.00794035$ & $0.0123289$ & $0.0149863$ & $0.0157477$ & $-0.0177319$ & $-0.0337242$ & $0.0114623$ & $-0.0178891$ & $0.0328111$ & $0.0186249$ & $0.011807$ & $0.0284072$ & $0.0200906$ & $0.025526$ & $0.0270488$ & $0.0255157$ & $0.0254463$ & $-0.0126824$ & $-0.0262287$ & $-0.0601825$ & $-0.0460017$ & $-0.0294835$ & $0.027903$ & $-0.0040135$ & $-0.00644086$ & $0.0030298$ & $0.00352665$ & $0.0115477$ & $-0.00756205$ & $-0.109157$ & $-0.043946$ & $0.0111115$ & $-0.0148777$ & $0.0188888$ & $0.0455416$ & $-0.0496551$ & $0.00292153$ & $0.029463$ & $-0.126415$ & $0.0718926$ & $0.0918629$ & $-0.0485042$ & $-0.0687249$ & $0.081755$ \\
dAle5Mz & $-0.109146$ & $1$ & $-0.179116$ & $0.0618634$ & $-0.00677883$ & $0.0149667$ & $0.00785661$ & $-0.0929132$ & $-0.0861856$ & $0.0397212$ & $0.0831784$ & $0.0188031$ & $-0.0145026$ & $-0.0486201$ & $-0.0151435$ & $-0.0349201$ & $-0.000509006$ & $-0.00530689$ & $0.00621834$ & $-0.0654677$ & $-0.0689834$ & $-0.0691294$ & $-0.0128078$ & $0.0324733$ & $0.00446436$ & $0.0545542$ & $-0.0394268$ & $-0.0278525$ & $0.0139006$ & $-0.00889085$ & $-0.0138215$ & $-0.000233095$ & $0.000997435$ & $-0.0195281$ & $-0.0935739$ & $-0.0221998$ & $-0.0442966$ & $-0.00686715$ & $0.0370748$ & $-0.0211392$ & $0.0709838$ & $-0.0117532$ & $0.0897343$ & $0.0107845$ & $-0.0251956$ & $-0.0730225$ & $0.000209399$ & $0.0528424$ & $0.00635397$ \\
mtop & $-0.0151249$ & $-0.179116$ & $1$ & $0.0088301$ & $-0.000640522$ & $-0.0074159$ & $0.00356601$ & $0.011366$ & $0.0108279$ & $-0.00381995$ & $0.00486954$ & $0.0173117$ & $0.00292739$ & $-0.00707643$ & $-0.00757046$ & $0.000956168$ & $-0.0215282$ & $-0.0119544$ & $-0.0171863$ & $-0.00295266$ & $-0.00227137$ & $-0.000549925$ & $-0.010241$ & $-0.008057$ & $-0.0181738$ & $0.010085$ & $8.96227e-05$ & $0.011149$ & $0.00348753$ & $-0.015071$ & $0.0178552$ & $0.00962745$ & $-0.0856122$ & $0.00575674$ & $-0.00258882$ & $0.221942$ & $0.0624053$ & $0.00355006$ & $0.184289$ & $-0.0329954$ & $0.0987215$ & $0.00906248$ & $0.0272898$ & $0.0576029$ & $-0.0508616$ & $-0.0626471$ & $0.0669748$ & $-0.164346$ & $-0.184004$ \\
mHl & $-0.0272916$ & $0.0618634$ & $0.0088301$ & $1$ & $-0.00628724$ & $-0.0112862$ & $-0.0151219$ & $0.015187$ & $0.018203$ & $-0.0106125$ & $-0.00838954$ & $-0.0218486$ & $0.0140274$ & $-0.011329$ & $0.00143911$ & $-8.62218e-05$ & $-0.00798186$ & $-0.0144934$ & $-0.0135738$ & $0.00838079$ & $0.0108641$ & $0.0108936$ & $0.00148679$ & $-0.020704$ & $-0.0110339$ & $-0.00550814$ & $0.012839$ & $0.00424569$ & $0.00703206$ & $0.0242446$ & $0.0222948$ & $-0.0078669$ & $0.00466654$ & $0.0199915$ & $-0.106161$ & $0.108606$ & $-0.205105$ & $0.00790885$ & $0.030137$ & $-0.0118873$ & $0.0659733$ & $-0.00757936$ & $-0.00232162$ & $0.13823$ & $-0.140287$ & $-0.0962748$ & $0.0637155$ & $0.0350078$ & $-0.124718$ \\
Mz & $-0.00798329$ & $-0.00677883$ & $-0.000640522$ & $-0.00628724$ & $1$ & $-0.000513817$ & $-0.00156182$ & $-0.00753893$ & $-0.0087719$ & $0.0020471$ & $0.0114705$ & $-0.00852599$ & $-0.00206065$ & $-0.00346234$ & $-0.00483181$ & $-0.00559329$ & $0.00526403$ & $0.00345892$ & $0.00521916$ & $-0.00708623$ & $-0.00546818$ & $-0.00407939$ & $-0.00263217$ & $0.00585184$ & $0.00648417$ & $0.00895473$ & $0.00502181$ & $0.00567726$ & $-0.00943883$ & $-0.00449893$ & $-0.00506617$ & $-0.00144789$ & $-0.00594834$ & $-0.00227095$ & $-0.00357275$ & $0.00901983$ & $0.00765469$ & $0.00439097$ & $-0.00342906$ & $0.00899282$ & $-0.00662849$ & $-0.0050902$ & $-0.0107353$ & $0.0021717$ & $-0.0135594$ & $0.00314898$ & $-0.000492653$ & $-0.00338522$ & $-0.00283549$ \\
CW & $0.00794035$ & $0.0149667$ & $-0.0074159$ & $-0.0112862$ & $-0.000513817$ & $1$ & $0.0156356$ & $-0.0434507$ & $-0.0434021$ & $0.0102804$ & $0.15292$ & $0.0564128$ & $-0.0207396$ & $-0.0372224$ & $-0.0710063$ & $-0.0688612$ & $-0.37075$ & $-0.177138$ & $-0.177744$ & $-0.148636$ & $-0.157299$ & $-0.155133$ & $-0.00456743$ & $-0.114791$ & $-0.212069$ & $0.107043$ & $-0.0681177$ & $-0.0677976$ & $0.00576823$ & $-0.0143101$ & $-0.0220575$ & $0.0210843$ & $-0.0278872$ & $-0.109448$ & $0.00293649$ & $0.0120572$ & $0.011835$ & $-0.00246497$ & $-0.0054084$ & $-0.0184489$ & $0.00669317$ & $0.000374124$ & $0.00241963$ & $0.00501944$ & $0.023961$ & $0.00119753$ & $-0.0103266$ & $0.00616304$ & $-0.0104082$ \\
CHG & $0.0123289$ & $0.00785661$ & $0.00356601$ & $-0.0151219$ & $-0.00156182$ & $0.0156356$ & $1$ & $-0.0414462$ & $-0.0216157$ & $0.199158$ & $0.093477$ & $0.40427$ & $-0.775204$ & $-0.120808$ & $-0.0359567$ & $-0.0341702$ & $-0.103706$ & $-0.0896181$ & $-0.088856$ & $-0.0913145$ & $-0.0929006$ & $-0.0927017$ & $-0.00684224$ & $-0.0524569$ & $-0.0936556$ & $0.0660587$ & $-0.0290615$ & $-0.0322246$ & $-0.132587$ & $-0.59336$ & $-0.373589$ & $0.954644$ & $-0.595395$ & $-0.0120224$ & $-0.102346$ & $-0.0549763$ & $0.0489255$ & $0.00919283$ & $-0.00393746$ & $0.00611263$ & $-0.0201892$ & $-0.0025123$ & $0.0137672$ & $-0.0305811$ & $-0.0244357$ & $-0.00558983$ & $0.0153485$ & $-0.0210429$ & $0.0699086$ \\
CHWB & $0.0149863$ & $-0.0929132$ & $0.011366$ & $0.015187$ & $-0.00753893$ & $-0.0434507$ & $-0.0414462$ & $1$ & $0.989576$ & $-0.552311$ & $-0.874646$ & $-0.208558$ & $0.0538599$ & $0.273446$ & $0.452405$ & $0.457305$ & $-0.21507$ & $-0.395447$ & $-0.397555$ & $0.858677$ & $0.888107$ & $0.879824$ & $0.0431272$ & $-0.634711$ & $-0.366294$ & $-0.615025$ & $0.415651$ & $0.389507$ & $0.0178335$ & $0.0449545$ & $0.0229919$ & $-0.0489711$ & $0.0421978$ & $0.536215$ & $0.00904038$ & $-0.0162814$ & $-0.000828278$ & $0.010764$ & $-0.0256502$ & $-0.0149922$ & $0.00263098$ & $-0.00128391$ & $-0.000871326$ & $-0.0041051$ & $-0.0259456$ & $-0.00966311$ & $-0.016147$ & $-0.00308971$ & $-0.0195669$ \\
CHWHB_gaga & $0.0157477$ & $-0.0861856$ & $0.0108279$ & $0.018203$ & $-0.0087719$ & $-0.0434021$ & $-0.0216157$ & $0.989576$ & $1$ & $-0.547311$ & $-0.863885$ & $-0.200763$ & $0.0592453$ & $0.26692$ & $0.447606$ & $0.452311$ & $-0.216023$ & $-0.394774$ & $-0.396867$ & $0.848244$ & $0.877273$ & $0.86914$ & $0.0431928$ & $-0.630441$ & $-0.36526$ & $-0.607483$ & $0.412124$ & $0.384045$ & $0.0248402$ & $0.0640223$ & $0.0341858$ & $-0.031012$ & $0.0604732$ & $0.531076$ & $0.00228015$ & $-0.0153098$ & $-0.0144754$ & $0.00896368$ & $-0.0320409$ & $-0.0148657$ & $-0.00214361$ & $-0.000729847$ & $0.0490077$ & $-0.00884183$ & $-0.0153354$ & $-0.0120813$ & $-0.0157567$ & $-0.0048011$ & $-0.0230584$ \\
CHWHB_gagaorth & $-0.0177319$ & $0.0397212$ & $-0.00381995$ & $-0.0106125$ & $0.0020471$ & $0.0102804$ & $0.199158$ & $-0.552311$ & $-0.547311$ & $1$ & $0.474371$ & $0.506635$ & $-0.26243$ & $-0.138467$ & $-0.246614$ & $-0.25463$ & $0.140123$ & $0.233949$ & $0.239374$ & $-0.466184$ & $-0.481944$ & $-0.476829$ & $-0.0282275$ & $0.362045$ & $0.221983$ & $0.338842$ & $-0.2233$ & $-0.210993$ & $-0.042767$ & $-0.237469$ & $-0.152788$ & $0.207525$ & $-0.252395$ & $-0.296123$ & $0.0209792$ & $0.00934695$ & $0.0220824$ & $-0.00121431$ & $0.0326733$ & $0.0109261$ & $-0.0706809$ & $0.00108271$ & $0.00553201$ & $-0.00221773$ & $0.0150706$ & $0.00677686$ & $0.0132823$ & $0.00315025$ & $0.0177109$ \\
CHD & $-0.0337242$ & $0.0831784$ & $0.00486954$ & $-0.00838954$ & $0.0114705$ & $0.15292$ & $0.093477$ & $-0.874646$ & $-0.863885$ & $0.474371$ & $1$ & $0.300692$ & $-0.116031$ & $-0.665903$ & $-0.56789$ & $-0.565767$ & $-0.256882$ & $-0.0277236$ & $-0.0280647$ & $-0.994972$ & $-0.995205$ & $-0.983833$ & $0.0189527$ & $0.225162$ & $-0.0676697$ & $0.689531$ & $-0.287729$ & $-0.42982$ & $-0.029229$ & $-0.095017$ & $-0.06288$ & $0.108265$ & $-0.102017$ & $-0.331343$ & $0.000640977$ & $0.0236109$ & $0.0106879$ & $-0.00994906$ & $0.0325464$ & $0.00399808$ & $0.00922071$ & $0.00328539$ & $0.00936812$ & $0.00943401$ & $0.0155282$ & $-0.00336201$ & $0.0142865$ & $-0.00134796$ & $0.0182742$ \\
CHbox & $0.0114623$ & $0.0188031$ & $0.0173117$ & $-0.0218486$ & $-0.00852599$ & $0.0564128$ & $0.40427$ & $-0.208558$ & $-0.200763$ & $0.506635$ & $0.300692$ & $1$ & $-0.52988$ & $-0.282479$ & $-0.123396$ & $-0.137142$ & $-0.190137$ & $-0.139856$ & $-0.128687$ & $-0.292811$ & $-0.301606$ & $-0.297012$ & $-0.00792553$ & $-0.0265165$ & $-0.141612$ & $0.21179$ & $-0.0985694$ & $-0.119065$ & $-0.0899059$ & $-0.319487$ & $-0.226195$ & $0.398814$ & $-0.317213$ & $-0.0984651$ & $-0.033968$ & $0.00802833$ & $0.0415375$ & $-0.00151758$ & $0.0252016$ & $0.00537317$ & $-0.0553636$ & $-0.00212012$ & $0.026893$ & $-0.0357173$ & $-0.00841888$ & $0.00450433$ & $0.00505761$ & $-0.0338359$ & $0.0639069$ \\
CH & $-0.0178891$ & $-0.0145026$ & $0.00292739$ & $0.0140274$ & $-0.00206065$ & $-0.0207396$ & $-0.775204$ & $0.0538599$ & $0.0592453$ & $-0.26243$ & $-0.116031$ & $-0.52988$ & $1$ & $0.144587$ & $0.0482008$ & $0.0513002$ & $0.124898$ & $0.104744$ & $0.10051$ & $0.11363$ & $0.114966$ & $0.113409$ & $0.000466037$ & $0.0613241$ & $0.110064$ & $-0.0760594$ & $0.0328294$ & $0.0328159$ & $0.199092$ & $0.724931$ & $0.444095$ & $-0.692737$ & $0.719658$ & $0.0146222$ & $0.110695$ & $0.065118$ & $-0.04232$ & $-0.0037349$ & $0.00037261$ & $-0.013847$ & $0.0338919$ & $-0.00364427$ & $-0.02608$ & $0.0481331$ & $0.0255382$ & $0.0007703$ & $-0.0186925$ & $0.0283155$ & $-0.0930767$ \\
CHL1_11 & $0.0328111$ & $-0.0486201$ & $-0.00707643$ & $-0.011329$ & $-0.00346234$ & $-0.0372224$ & $-0.120808$ & $0.273446$ & $0.26692$ & $-0.138467$ & $-0.665903$ & $-0.282479$ & $0.144587$ & $1$ & $0.407097$ & $0.396417$ & $0.642447$ & $0.596305$ & $0.598739$ & $0.675829$ & $0.638428$ & $0.626985$ & $-0.097786$ & $0.432448$ & $0.602559$ & $-0.442704$ & $-0.0394605$ & $0.264689$ & $0.0337733$ & $0.116243$ & $0.0851857$ & $-0.137847$ & $0.130709$ & $-0.165735$ & $-0.0102187$ & $-0.0140246$ & $-0.0116491$ & $0.0098088$ & $-0.0283703$ & $0.00892763$ & $-0.0203889$ & $-0.00378431$ & $-0.0228038$ & $-0.00712266$ & $0.00743494$ & $0.0210494$ & $-0.00437731$ & $0.00776722$ & $-0.0112749$ \\
CHL1_22 & $0.0186249$ & $-0.0151435$ & $-0.00757046$ & $0.00143911$ & $-0.00483181$ & $-0.0710063$ & $-0.0359567$ & $0.452405$ & $0.447606$ & $-0.246614$ & $-0.56789$ & $-0.123396$ & $0.0482008$ & $0.407097$ & $1$ & $0.526846$ & $0.177818$ & $-0.307236$ & $0.0120778$ & $0.610649$ & $0.51323$ & $0.506174$ & $-0.176484$ & $0.0355451$ & $-0.0636405$ & $-0.3577$ & $-0.298012$ & $0.220421$ & $0.0161662$ & $0.0472422$ & $0.0365594$ & $-0.0437865$ & $0.052909$ & $-0.470221$ & $-0.025809$ & $-0.00680552$ & $-0.00631253$ & $0.00429558$ & $-0.0178598$ & $-0.0120369$ & $-0.00345498$ & $0.00421536$ & $-0.0168587$ & $-0.00257761$ & $0.00700322$ & $0.0202146$ & $-0.00382824$ & $-0.0019377$ & $0.0056132$ \\
CHL1_33 & $0.011807$ & $-0.0349201$ & $0.000956168$ & $-8.62218e-05$ & $-0.00559329$ & $-0.0688612$ & $-0.0341702$ & $0.457305$ & $0.452311$ & $-0.25463$ & $-0.565767$ & $-0.137142$ & $0.0513002$ & $0.396417$ & $0.526846$ & $1$ & $0.167011$ & $0.00162997$ & $-0.300224$ & $0.607546$ & $0.512996$ & $0.524249$ & $-0.172441$ & $0.0254515$ & $-0.065454$ & $-0.352428$ & $-0.275117$ & $0.21313$ & $0.0237766$ & $0.0452139$ & $0.030715$ & $-0.043033$ & $0.0501263$ & $-0.0101089$ & $-0.0236603$ & $-0.00848168$ & $-0.00409958$ & $0.00312362$ & $-0.0237182$ & $-0.00932774$ & $0.00530461$ & $-0.00309038$ & $-0.0254984$ & $-0.00292697$ & $0.0173059$ & $0.0119978$ & $-0.00699723$ & $0.0109538$ & $-0.0016115$ \\
CHL3_11 & $0.0284072$ & $-0.000509006$ & $-0.0215282$ & $-0.00798186$ & $0.00526403$ & $-0.37075$ & $-0.103706$ & $-0.21507$ & $-0.216023$ & $0.140123$ & $-0.256882$ & $-0.190137$ & $0.124898$ & $0.642447$ & $0.177818$ & $0.167011$ & $1$ & $0.819347$ & $0.822972$ & $0.267198$ & $0.234398$ & $0.228917$ & $-0.0841951$ & $0.746939$ & $0.854957$ & $-0.161976$ & $-0.143244$ & $0.09269$ & $0.0184436$ & $0.0982085$ & $0.0789022$ & $-0.117656$ & $0.117231$ & $-0.248893$ & $-0.0105627$ & $-0.0159041$ & $-0.0227415$ & $-0.0039447$ & $-0.0098142$ & $0.0248849$ & $-0.0222461$ & $-0.00404795$ & $-0.0116134$ & $-0.0115335$ & $0.0122604$ & $0.0169005$ & $0.0054933$ & $0.00511477$ & $-0.0032446$ \\
CHL3_22 & $0.0200906$ & $-0.00530689$ & $-0.0119544$ & $-0.0144934$ & $0.00345892$ & $-0.177138$ & $-0.0896181$ & $-0.395447$ & $-0.394774$ & $0.233949$ & $-0.0277236$ & $-0.139856$ & $0.104744$ & $0.596305$ & $-0.307236$ & $0.00162997$ & $0.819347$ & $1$ & $0.785434$ & $0.0255147$ & $0.0236032$ & $0.0218745$ & $-0.021903$ & $0.734434$ & $0.867725$ & $-0.0154308$ & $-0.0452488$ & $-0.000734692$ & $0.0161038$ & $0.0790823$ & $0.0624711$ & $-0.100357$ & $0.0941495$ & $-0.0627558$ & $-0.00123487$ & $-0.00892114$ & $-0.0144553$ & $-0.0026868$ & $-0.00682415$ & $0.0267751$ & $-0.0207382$ & $-0.00631125$ & $-0.0106328$ & $-0.00830131$ & $0.0143901$ & $0.0133253$ & $0.00514143$ & $0.00957031$ & $-0.00600071$ \\
CHL3_33 & $0.025526$ & $0.00621834$ & $-0.0171863$ & $-0.0135738$ & $0.00521916$ & $-0.177744$ & $-0.088856$ & $-0.397555$ & $-0.396867$ & $0.239374$ & $-0.0280647$ & $-0.128687$ & $0.10051$ & $0.598739$ & $0.0120778$ & $-0.300224$ & $0.822972$ & $0.785434$ & $1$ & $0.0265487$ & $0.0233572$ & $0.0214318$ & $-0.0232835$ & $0.737845$ & $0.867109$ & $-0.0182714$ & $-0.0566232$ & $0.00435565$ & $0.0104952$ & $0.0769382$ & $0.0649244$ & $-0.0995133$ & $0.0929789$ & $-0.374126$ & $-0.0024807$ & $-0.0085452$ & $-0.0140754$ & $-0.00126271$ & $-0.00307356$ & $0.0237018$ & $-0.0261759$ & $-0.00144795$ & $-0.00579688$ & $-0.0076588$ & $0.00616433$ & $0.0183763$ & $0.00734535$ & $-0.00097903$ & $0.00102268$ \\
CHe_11 & $0.0270488$ & $-0.0654677$ & $-0.00295266$ & $0.00838079$ & $-0.00708623$ & $-0.148636$ & $-0.0913145$ & $0.858677$ & $0.848244$ & $-0.466184$ & $-0.994972$ & $-0.292811$ & $0.11363$ & $0.675829$ & $0.610649$ & $0.607546$ & $0.267198$ & $0.0255147$ & $0.0265487$ & $1$ & $0.985376$ & $0.974405$ & $-0.0381252$ & $-0.193097$ & $0.0710883$ & $-0.682565$ & $0.234025$ & $0.425114$ & $0.0298736$ & $0.0940355$ & $0.0626328$ & $-0.106171$ & $0.100938$ & $0.275534$ & $-0.00526225$ & $-0.0218071$ & $-0.0107989$ & $0.00922339$ & $-0.0313544$ & $-0.00525693$ & $-0.00720461$ & $-0.00351186$ & $-0.00981529$ & $-0.00839534$ & $-0.0135369$ & $0.00479655$ & $-0.0138244$ & $0.00200485$ & $-0.0174215$ \\
CHe_22 & $0.0255157$ & $-0.0689834$ & $-0.00227137$ & $0.0108641$ & $-0.00546818$ & $-0.157299$ & $-0.0929006$ & $0.888107$ & $0.877273$ & $-0.481944$ & $-0.995205$ & $-0.301606$ & $0.114966$ & $0.638428$ & $0.51323$ & $0.512996$ & $0.234398$ & $0.0236032$ & $0.0233572$ & $0.985376$ & $1$ & $0.986686$ & $0.00331145$ & $-0.265594$ & $0.0575837$ & $-0.691612$ & $0.348095$ & $0.432276$ & $0.0285985$ & $0.0931619$ & $0.0609195$ & $-0.107446$ & $0.0994014$ & $0.396428$ & $0.00150506$ & $-0.0231067$ & $-0.0110473$ & $0.0100311$ & $-0.0306284$ & $-0.00436177$ & $-0.00709512$ & $-0.00390974$ & $-0.00544901$ & $-0.00805332$ & $-0.0200319$ & $-0.00142647$ & $-0.0141202$ & $0.00147987$ & $-0.0214253$ \\
CHe_33 & $0.0254463$ & $-0.0691294$ & $-0.000549925$ & $0.0108936$ & $-0.00407939$ & $-0.155133$ & $-0.0927017$ & $0.879824$ & $0.86914$ & $-0.476829$ & $-0.983833$ & $-0.297012$ & $0.113409$ & $0.626985$ & $0.506174$ & $0.524249$ & $0.228917$ & $0.0218745$ & $0.0214318$ & $0.974405$ & $0.986686$ & $1$ & $0.00338338$ & $-0.2652$ & $0.0556245$ & $-0.682497$ & $0.347402$ & $0.427367$ & $0.027375$ & $0.091264$ & $0.0617706$ & $-0.107325$ & $0.098103$ & $0.396986$ & $0.00209993$ & $-0.0216093$ & $-0.00949681$ & $0.00887077$ & $-0.031984$ & $-0.00696041$ & $-0.0074582$ & $-0.00324459$ & $-0.0062888$ & $-0.00870546$ & $-0.0195602$ & $-0.0028512$ & $-0.0127843$ & $-0.000605924$ & $-0.0188024$ \\
CHQ1_11 & $-0.0126824$ & $-0.0128078$ & $-0.010241$ & $0.00148679$ & $-0.00263217$ & $-0.00456743$ & $-0.00684224$ & $0.0431272$ & $0.0431928$ & $-0.0282275$ & $0.0189527$ & $-0.00792553$ & $0.000466037$ & $-0.097786$ & $-0.176484$ & $-0.172441$ & $-0.0841951$ & $-0.021903$ & $-0.0232835$ & $-0.0381252$ & $0.00331145$ & $0.00338338$ & $1$ & $-0.1384$ & $0.0365232$ & $-0.572223$ & $0.350684$ & $0.00818054$ & $-0.00928951$ & $-0.00515465$ & $-0.0126306$ & $-0.00599202$ & $-0.0104236$ & $0.205251$ & $0.0358092$ & $-0.00404091$ & $-0.0067696$ & $-0.00421035$ & $0.0149574$ & $0.00454999$ & $-0.0232161$ & $-0.00866829$ & $0.0231842$ & $-0.00779549$ & $-0.0171338$ & $-0.00295564$ & $-0.00264658$ & $0.00613619$ & $-0.0201946$ \\
CHQ1_33 & $-0.0262287$ & $0.0324733$ & $-0.008057$ & $-0.020704$ & $0.00585184$ & $-0.114791$ & $-0.0524569$ & $-0.634711$ & $-0.630441$ & $0.362045$ & $0.225162$ & $-0.0265165$ & $0.0613241$ & $0.432448$ & $0.0355451$ & $0.0254515$ & $0.746939$ & $0.734434$ & $0.737845$ & $-0.193097$ & $-0.265594$ & $-0.2652$ & $-0.1384$ & $1$ & $0.749206$ & $0.186535$ & $-0.404346$ & $-0.0503041$ & $0.00603327$ & $0.0504878$ & $0.0487821$ & $-0.0573485$ & $0.0627695$ & $-0.6118$ & $-0.0148731$ & $0.00758972$ & $-0.00910335$ & $-0.00237488$ & $0.00167924$ & $0.0165808$ & $-0.0113843$ & $-0.00172955$ & $-0.0166329$ & $0.00532861$ & $0.0239815$ & $0.0219641$ & $0.0130389$ & $0.00676786$ & $0.00491766$ \\
CHQ3_11 & $-0.0601825$ & $0.00446436$ & $-0.0181738$ & $-0.0110339$ & $0.00648417$ & $-0.212069$ & $-0.0936556$ & $-0.366294$ & $-0.36526$ & $0.221983$ & $-0.0676697$ & $-0.141612$ & $0.110064$ & $0.602559$ & $-0.0636405$ & $-0.065454$ & $0.854957$ & $0.867725$ & $0.867109$ & $0.0710883$ & $0.0575837$ & $0.0556245$ & $0.0365232$ & $0.749206$ & $1$ & $-0.0378025$ & $0.119556$ & $0.0170041$ & $0.0161757$ & $0.0820324$ & $0.0655049$ & $-0.104117$ & $0.0962695$ & $-0.246929$ & $0.0214935$ & $-0.0107252$ & $-0.0181536$ & $-0.00482277$ & $0.00204666$ & $0.0208184$ & $-0.022779$ & $-0.0105861$ & $-0.00142678$ & $-0.0105713$ & $-0.00166962$ & $0.00356234$ & $0.0063127$ & $0.00475852$ & $-0.015202$ \\
CHu_11 & $-0.0460017$ & $0.0545542$ & $0.010085$ & $-0.00550814$ & $0.00895473$ & $0.107043$ & $0.0660587$ & $-0.615025$ & $-0.607483$ & $0.338842$ & $0.689531$ & $0.21179$ & $-0.0760594$ & $-0.442704$ & $-0.3577$ & $-0.352428$ & $-0.161976$ & $-0.0154308$ & $-0.0182714$ & $-0.682565$ & $-0.691612$ & $-0.682497$ & $-0.572223$ & $0.186535$ & $-0.0378025$ & $1$ & $-0.214511$ & $-0.304049$ & $-0.0110405$ & $-0.0599366$ & $-0.0346147$ & $0.0775657$ & $-0.0665965$ & $-0.271851$ & $-0.00460173$ & $0.0194964$ & $0.0117122$ & $-0.00161458$ & $0.0127135$ & $-0.000751653$ & $0.0214893$ & $0.00822656$ & $-0.00225958$ & $0.0101164$ & $0.010525$ & $-0.0180289$ & $0.0148725$ & $-0.00677224$ & $0.0105885$ \\
CHd_11 & $-0.0294835$ & $-0.0394268$ & $8.96227e-05$ & $0.012839$ & $0.00502181$ & $-0.0681177$ & $-0.0290615$ & $0.415651$ & $0.412124$ & $-0.2233$ & $-0.287729$ & $-0.0985694$ & $0.0328294$ & $-0.0394605$ & $-0.298012$ & $-0.275117$ & $-0.143244$ & $-0.0452488$ & $-0.0566232$ & $0.234025$ & $0.348095$ & $0.347402$ & $0.350684$ & $-0.404346$ & $0.119556$ & $-0.214511$ & $1$ & $0.148804$ & $0.00286377$ & $0.0171347$ & $0.0050143$ & $-0.030044$ & $0.011338$ & $0.68417$ & $0.0593542$ & $-0.0167833$ & $-0.0036326$ & $0.0017532$ & $0.0106105$ & $-0.0016765$ & $-0.0047451$ & $-0.0122196$ & $0.0379766$ & $-0.0191074$ & $-0.0506254$ & $-0.0386663$ & $-0.0122549$ & $-0.0126811$ & $-0.035072$ \\
CHd_33 & $0.027903$ & $-0.0278525$ & $0.011149$ & $0.00424569$ & $0.00567726$ & $-0.0677976$ & $-0.0322246$ & $0.389507$ & $0.384045$ & $-0.210993$ & $-0.42982$ & $-0.119065$ & $0.0328159$ & $0.264689$ & $0.220421$ & $0.21313$ & $0.09269$ & $-0.000734692$ & $0.00435565$ & $0.425114$ & $0.432276$ & $0.427367$ & $0.00818054$ & $-0.0503041$ & $0.0170041$ & $-0.304049$ & $0.148804$ & $1$ & $0.00944136$ & $0.0323384$ & $0.0272286$ & $-0.039889$ & $0.0331656$ & $0.17944$ & $-0.00626867$ & $0.00440673$ & $0.000213521$ & $0.00619051$ & $-0.0313048$ & $0.00240987$ & $0.00338837$ & $0.00321693$ & $-0.00651279$ & $0.0141112$ & $-0.0148534$ & $-0.00539801$ & $0.00320086$ & $-0.00466861$ & $-0.0147338$ \\
CeH_22r & $-0.0040135$ & $0.0139006$ & $0.00348753$ & $0.00703206$ & $-0.00943883$ & $0.00576823$ & $-0.132587$ & $0.0178335$ & $0.0248402$ & $-0.042767$ & $-0.029229$ & $-0.0899059$ & $0.199092$ & $0.0337733$ & $0.0161662$ & $0.0237766$ & $0.0184436$ & $0.0161038$ & $0.0104952$ & $0.0298736$ & $0.0285985$ & $0.027375$ & $-0.00928951$ & $0.00603327$ & $0.0161757$ & $-0.0110405$ & $0.00286377$ & $0.00944136$ & $1$ & $0.164776$ & $0.0979098$ & $-0.128073$ & $0.166207$ & $0.00222171$ & $0.00583722$ & $0.00657925$ & $-0.0232193$ & $-0.00421732$ & $0.00971797$ & $0.00058211$ & $0.00141525$ & $0.00202407$ & $-0.01692$ & $0.0221332$ & $0.0127408$ & $0.00618749$ & $-0.0164108$ & $0.00884075$ & $-0.0141468$ \\
CeH_33r & $-0.00644086$ & $-0.00889085$ & $-0.015071$ & $0.0242446$ & $-0.00449893$ & $-0.0143101$ & $-0.59336$ & $0.0449545$ & $0.0640223$ & $-0.237469$ & $-0.095017$ & $-0.319487$ & $0.724931$ & $0.116243$ & $0.0472422$ & $0.0452139$ & $0.0982085$ & $0.0790823$ & $0.0769382$ & $0.0940355$ & $0.0931619$ & $0.091264$ & $-0.00515465$ & $0.0504878$ & $0.0820324$ & $-0.0599366$ & $0.0171347$ & $0.0323384$ & $0.164776$ & $1$ & $0.508613$ & $-0.458703$ & $0.822844$ & $0.00472642$ & $0.0273167$ & $0.0396791$ & $-0.148984$ & $-0.0194568$ & $-0.030996$ & $-0.00844649$ & $0.0121909$ & $-0.00347252$ & $-0.0048849$ & $0.0276722$ & $0.0718449$ & $0.0140274$ & $-0.0371205$ & $0.0389751$ & $-0.0664786$ \\
CuH_22r & $0.0030298$ & $-0.0138215$ & $0.0178552$ & $0.0222948$ & $-0.00506617$ & $-0.0220575$ & $-0.373589$ & $0.0229919$ & $0.0341858$ & $-0.152788$ & $-0.06288$ & $-0.226195$ & $0.444095$ & $0.0851857$ & $0.0365594$ & $0.030715$ & $0.0789022$ & $0.0624711$ & $0.0649244$ & $0.0626328$ & $0.0609195$ & $0.0617706$ & $-0.0126306$ & $0.0487821$ & $0.0655049$ & $-0.0346147$ & $0.0050143$ & $0.0272286$ & $0.0979098$ & $0.508613$ & $1$ & $-0.27567$ & $0.527782$ & $-0.00697681$ & $0.0381673$ & $0.0331868$ & $-0.0604002$ & $-0.00850412$ & $0.00946309$ & $0.00266885$ & $-0.0160787$ & $0.00259001$ & $0.000186427$ & $0.0346783$ & $0.0104156$ & $0.0536013$ & $0.249454$ & $-0.0161111$ & $-0.0391928$ \\
CuH_33r & $0.00352665$ & $-0.000233095$ & $0.00962745$ & $-0.0078669$ & $-0.00144789$ & $0.0210843$ & $0.954644$ & $-0.0489711$ & $-0.031012$ & $0.207525$ & $0.108265$ & $0.398814$ & $-0.692737$ & $-0.137847$ & $-0.0437865$ & $-0.043033$ & $-0.117656$ & $-0.100357$ & $-0.0995133$ & $-0.106171$ & $-0.107446$ & $-0.107325$ & $-0.00599202$ & $-0.0573485$ & $-0.104117$ & $0.0775657$ & $-0.030044$ & $-0.039889$ & $-0.128073$ & $-0.458703$ & $-0.27567$ & $1$ & $-0.443399$ & $-0.0132913$ & $-0.0597628$ & $-0.0321735$ & $0.0275968$ & $0.00760322$ & $0.00837974$ & $0.000877281$ & $-0.0215113$ & $-0.00286998$ & $0.01945$ & $-0.0287935$ & $-0.0249856$ & $-0.00289337$ & $0.0115995$ & $-0.0173838$ & $0.0626552$ \\
CdH_33r & $0.0115477$ & $0.000997435$ & $-0.0856122$ & $0.00466654$ & $-0.00594834$ & $-0.0278872$ & $-0.595395$ & $0.0421978$ & $0.0604732$ & $-0.252395$ & $-0.102017$ & $-0.317213$ & $0.719658$ & $0.130709$ & $0.052909$ & $0.0501263$ & $0.117231$ & $0.0941495$ & $0.0929789$ & $0.100938$ & $0.0994014$ & $0.098103$ & $-0.0104236$ & $0.0627695$ & $0.0962695$ & $-0.0665965$ & $0.011338$ & $0.0331656$ & $0.166207$ & $0.822844$ & $0.527782$ & $-0.443399$ & $1$ & $-0.00053087$ & $0.0156646$ & $-0.0149215$ & $-0.149757$ & $-0.0156101$ & $-0.0511472$ & $-0.00152336$ & $0.045262$ & $0.0081962$ & $-0.0363962$ & $-0.0299429$ & $0.0137904$ & $0.0466336$ & $-0.046647$ & $0.170298$ & $0.242786$ \\
CLL_1221 & $-0.00756205$ & $-0.0195281$ & $0.00575674$ & $0.0199915$ & $-0.00227095$ & $-0.109448$ & $-0.0120224$ & $0.536215$ & $0.531076$ & $-0.296123$ & $-0.331343$ & $-0.0984651$ & $0.0146222$ & $-0.165735$ & $-0.470221$ & $-0.0101089$ & $-0.248893$ & $-0.0627558$ & $-0.374126$ & $0.275534$ & $0.396428$ & $0.396986$ & $0.205251$ & $-0.6118$ & $-0.246929$ & $-0.271851$ & $0.68417$ & $0.17944$ & $0.00222171$ & $0.00472642$ & $-0.00697681$ & $-0.0132913$ & $-0.00053087$ & $1$ & $0.0277869$ & $-0.013855$ & $-0.00260736$ & $0.00306204$ & $-0.00560867$ & $-0.00131315$ & $0.0097859$ & $-0.0053861$ & $0.0219455$ & $-0.003857$ & $-0.0341124$ & $-0.0355719$ & $-0.0106894$ & $0.00234455$ & $-0.0247233$ \\
eHggint & $-0.109157$ & $-0.0935739$ & $-0.00258882$ & $-0.106161$ & $-0.00357275$ & $0.00293649$ & $-0.102346$ & $0.00904038$ & $0.00228015$ & $0.0209792$ & $0.000640977$ & $-0.033968$ & $0.110695$ & $-0.0102187$ & $-0.025809$ & $-0.0236603$ & $-0.0105627$ & $-0.00123487$ & $-0.0024807$ & $-0.00526225$ & $0.00150506$ & $0.00209993$ & $0.0358092$ & $-0.0148731$ & $0.0214935$ & $-0.00460173$ & $0.0593542$ & $-0.00626867$ & $0.00583722$ & $0.0273167$ & $0.0381673$ & $-0.0597628$ & $0.0156646$ & $0.0277869$ & $1$ & $-0.209621$ & $0.0883243$ & $0.0123389$ & $0.156232$ & $-0.0310443$ & $-0.0795576$ & $0.00517088$ & $0.0931213$ & $-0.0731224$ & $0.00255661$ & $0.072119$ & $0.0272898$ & $-0.0828358$ & $-0.0120482$ \\
eHggpar & $-0.043946$ & $-0.0221998$ & $0.221942$ & $0.108606$ & $0.00901983$ & $0.0120572$ & $-0.0549763$ & $-0.0162814$ & $-0.0153098$ & $0.00934695$ & $0.0236109$ & $0.00802833$ & $0.065118$ & $-0.0140246$ & $-0.00680552$ & $-0.00848168$ & $-0.0159041$ & $-0.00892114$ & $-0.0085452$ & $-0.0218071$ & $-0.0231067$ & $-0.0216093$ & $-0.00404091$ & $0.00758972$ & $-0.0107252$ & $0.0194964$ & $-0.0167833$ & $0.00440673$ & $0.00657925$ & $0.0396791$ & $0.0331868$ & $-0.0321735$ & $-0.0149215$ & $-0.013855$ & $-0.209621$ & $1$ & $-0.0730265$ & $-0.00747537$ & $-0.0274425$ & $0.0021428$ & $0.0546561$ & $-0.0172477$ & $0.0723462$ & $0.212221$ & $-0.0660271$ & $-0.056454$ & $0.0421233$ & $0.00728181$ & $-0.190758$ \\
eHWWint & $0.0111115$ & $-0.0442966$ & $0.0624053$ & $-0.205105$ & $0.00765469$ & $0.011835$ & $0.0489255$ & $-0.000828278$ & $-0.0144754$ & $0.0220824$ & $0.0106879$ & $0.0415375$ & $-0.04232$ & $-0.0116491$ & $-0.00631253$ & $-0.00409958$ & $-0.0227415$ & $-0.0144553$ & $-0.0140754$ & $-0.0107989$ & $-0.0110473$ & $-0.00949681$ & $-0.0067696$ & $-0.00910335$ & $-0.0181536$ & $0.0117122$ & $-0.0036326$ & $0.000213521$ & $-0.0232193$ & $-0.148984$ & $-0.0604002$ & $0.0275968$ & $-0.149757$ & $-0.00260736$ & $0.0883243$ & $-0.0730265$ & $1$ & $-0.0125719$ & $0.122662$ & $-0.00891622$ & $0.0470151$ & $0.0176233$ & $-0.0796738$ & $0.0163869$ & $-0.0471999$ & $-0.0207881$ & $0.133435$ & $-0.129123$ & $0.103407$ \\
eHWWpar & $-0.0148777$ & $-0.00686715$ & $0.00355006$ & $0.00790885$ & $0.00439097$ & $-0.00246497$ & $0.00919283$ & $0.010764$ & $0.00896368$ & $-0.00121431$ & $-0.00994906$ & $-0.00151758$ & $-0.0037349$ & $0.0098088$ & $0.00429558$ & $0.00312362$ & $-0.0039447$ & $-0.0026868$ & $-0.00126271$ & $0.00922339$ & $0.0100311$ & $0.00887077$ & $-0.00421035$ & $-0.00237488$ & $-0.00482277$ & $-0.00161458$ & $0.0017532$ & $0.00619051$ & $-0.00421732$ & $-0.0194568$ & $-0.00850412$ & $0.00760322$ & $-0.0156101$ & $0.00306204$ & $0.0123389$ & $-0.00747537$ & $-0.0125719$ & $1$ & $0.0010584$ & $0.0148188$ & $0.0186949$ & $-0.00506298$ & $-0.0123929$ & $-0.0317412$ & $-0.00533898$ & $0.00594275$ & $0.022359$ & $-0.0197745$ & $0.0157422$ \\
eHZZint & $0.0188888$ & $0.0370748$ & $0.184289$ & $0.030137$ & $-0.00342906$ & $-0.0054084$ & $-0.00393746$ & $-0.0256502$ & $-0.0320409$ & $0.0326733$ & $0.0325464$ & $0.0252016$ & $0.00037261$ & $-0.0283703$ & $-0.0178598$ & $-0.0237182$ & $-0.0098142$ & $-0.00682415$ & $-0.00307356$ & $-0.0313544$ & $-0.0306284$ & $-0.031984$ & $0.0149574$ & $0.00167924$ & $0.00204666$ & $0.0127135$ & $0.0106105$ & $-0.0313048$ & $0.00971797$ & $-0.030996$ & $0.00946309$ & $0.00837974$ & $-0.0511472$ & $-0.00560867$ & $0.156232$ & $-0.0274425$ & $0.122662$ & $0.0010584$ & $1$ & $-0.0303848$ & $-0.112467$ & $-0.000637676$ & $-0.0272471$ & $-0.085501$ & $-0.0752919$ & $-0.0670421$ & $0.0440102$ & $-0.200377$ & $-0.0129495$ \\
eHZZpar & $0.0455416$ & $-0.0211392$ & $-0.0329954$ & $-0.0118873$ & $0.00899282$ & $-0.0184489$ & $0.00611263$ & $-0.0149922$ & $-0.0148657$ & $0.0109261$ & $0.00399808$ & $0.00537317$ & $-0.013847$ & $0.00892763$ & $-0.0120369$ & $-0.00932774$ & $0.0248849$ & $0.0267751$ & $0.0237018$ & $-0.00525693$ & $-0.00436177$ & $-0.00696041$ & $0.00454999$ & $0.0165808$ & $0.0208184$ & $-0.000751653$ & $-0.0016765$ & $0.00240987$ & $0.00058211$ & $-0.00844649$ & $0.00266885$ & $0.000877281$ & $-0.00152336$ & $-0.00131315$ & $-0.0310443$ & $0.0021428$ & $-0.00891622$ & $0.0148188$ & $-0.0303848$ & $1$ & $-0.00356679$ & $0.00575205$ & $0.00505731$ & $-0.000554381$ & $0.0149247$ & $0.0201062$ & $-0.00748437$ & $0.0183753$ & $0.0178454$ \\
eHZgaint & $-0.0496551$ & $0.0709838$ & $0.0987215$ & $0.0659733$ & $-0.00662849$ & $0.00669317$ & $-0.0201892$ & $0.00263098$ & $-0.00214361$ & $-0.0706809$ & $0.00922071$ & $-0.0553636$ & $0.0338919$ & $-0.0203889$ & $-0.00345498$ & $0.00530461$ & $-0.0222461$ & $-0.0207382$ & $-0.0261759$ & $-0.00720461$ & $-0.00709512$ & $-0.0074582$ & $-0.0232161$ & $-0.0113843$ & $-0.022779$ & $0.0214893$ & $-0.0047451$ & $0.00338837$ & $0.00141525$ & $0.0121909$ & $-0.0160787$ & $-0.0215113$ & $0.045262$ & $0.0097859$ & $-0.0795576$ & $0.0546561$ & $0.0470151$ & $0.0186949$ & $-0.112467$ & $-0.00356679$ & $1$ & $0.0231895$ & $-0.0826016$ & $0.038508$ & $0.0319241$ & $-0.100053$ & $-0.0730274$ & $0.0349004$ & $0.0682989$ \\
eHZgapar & $0.00292153$ & $-0.0117532$ & $0.00906248$ & $-0.00757936$ & $-0.0050902$ & $0.000374124$ & $-0.0025123$ & $-0.00128391$ & $-0.000729847$ & $0.00108271$ & $0.00328539$ & $-0.00212012$ & $-0.00364427$ & $-0.00378431$ & $0.00421536$ & $-0.00309038$ & $-0.00404795$ & $-0.00631125$ & $-0.00144795$ & $-0.00351186$ & $-0.00390974$ & $-0.00324459$ & $-0.00866829$ & $-0.00172955$ & $-0.0105861$ & $0.00822656$ & $-0.0122196$ & $0.00321693$ & $0.00202407$ & $-0.00347252$ & $0.00259001$ & $-0.00286998$ & $0.0081962$ & $-0.0053861$ & $0.00517088$ & $-0.0172477$ & $0.0176233$ & $-0.00506298$ & $-0.000637676$ & $0.00575205$ & $0.0231895$ & $1$ & $0.0135693$ & $-0.0277106$ & $-0.000726285$ & $0.0148624$ & $0.0191676$ & $-0.00327077$ & $0.0277838$ \\
eHgagaint & $0.029463$ & $0.0897343$ & $0.0272898$ & $-0.00232162$ & $-0.0107353$ & $0.00241963$ & $0.0137672$ & $-0.000871326$ & $0.0490077$ & $0.00553201$ & $0.00936812$ & $0.026893$ & $-0.02608$ & $-0.0228038$ & $-0.0168587$ & $-0.0254984$ & $-0.0116134$ & $-0.0106328$ & $-0.00579688$ & $-0.00981529$ & $-0.00544901$ & $-0.0062888$ & $0.0231842$ & $-0.0166329$ & $-0.00142678$ & $-0.00225958$ & $0.0379766$ & $-0.00651279$ & $-0.01692$ & $-0.0048849$ & $0.000186427$ & $0.01945$ & $-0.0363962$ & $0.0219455$ & $0.0931213$ & $0.0723462$ & $-0.0796738$ & $-0.0123929$ & $-0.0272471$ & $0.00505731$ & $-0.0826016$ & $0.0135693$ & $1$ & $-0.0799699$ & $0.193398$ & $-0.00932026$ & $0.0639054$ & $-0.106196$ & $-0.0463519$ \\
eHmumuint & $-0.126415$ & $0.0107845$ & $0.0576029$ & $0.13823$ & $0.0021717$ & $0.00501944$ & $-0.0305811$ & $-0.0041051$ & $-0.00884183$ & $-0.00221773$ & $0.00943401$ & $-0.0357173$ & $0.0481331$ & $-0.00712266$ & $-0.00257761$ & $-0.00292697$ & $-0.0115335$ & $-0.00830131$ & $-0.0076588$ & $-0.00839534$ & $-0.00805332$ & $-0.00870546$ & $-0.00779549$ & $0.00532861$ & $-0.0105713$ & $0.0101164$ & $-0.0191074$ & $0.0141112$ & $0.0221332$ & $0.0276722$ & $0.0346783$ & $-0.0287935$ & $-0.0299429$ & $-0.003857$ & $-0.0731224$ & $0.212221$ & $0.0163869$ & $-0.0317412$ & $-0.085501$ & $-0.000554381$ & $0.038508$ & $-0.0277106$ & $-0.0799699$ & $1$ & $-0.0687688$ & $-0.0736854$ & $0.10277$ & $0.0462866$ & $-0.211412$ \\
eHtautauint & $0.0718926$ & $-0.0251956$ & $-0.0508616$ & $-0.140287$ & $-0.0135594$ & $0.023961$ & $-0.0244357$ & $-0.0259456$ & $-0.0153354$ & $0.0150706$ & $0.0155282$ & $-0.00841888$ & $0.0255382$ & $0.00743494$ & $0.00700322$ & $0.0173059$ & $0.0122604$ & $0.0143901$ & $0.00616433$ & $-0.0135369$ & $-0.0200319$ & $-0.0195602$ & $-0.0171338$ & $0.0239815$ & $-0.00166962$ & $0.010525$ & $-0.0506254$ & $-0.0148534$ & $0.0127408$ & $0.0718449$ & $0.0104156$ & $-0.0249856$ & $0.0137904$ & $-0.0341124$ & $0.00255661$ & $-0.0660271$ & $-0.0471999$ & $-0.00533898$ & $-0.0752919$ & $0.0149247$ & $0.0319241$ & $-0.000726285$ & $0.193398$ & $-0.0687688$ & $1$ & $0.0635434$ & $-0.0469719$ & $0.0881607$ & $-0.0656833$ \\
eHccint & $0.0918629$ & $-0.0730225$ & $-0.0626471$ & $-0.0962748$ & $0.00314898$ & $0.00119753$ & $-0.00558983$ & $-0.00966311$ & $-0.0120813$ & $0.00677686$ & $-0.00336201$ & $0.00450433$ & $0.0007703$ & $0.0210494$ & $0.0202146$ & $0.0119978$ & $0.0169005$ & $0.0133253$ & $0.0183763$ & $0.00479655$ & $-0.00142647$ & $-0.0028512$ & $-0.00295564$ & $0.0219641$ & $0.00356234$ & $-0.0180289$ & $-0.0386663$ & $-0.00539801$ & $0.00618749$ & $0.0140274$ & $0.0536013$ & $-0.00289337$ & $0.0466336$ & $-0.0355719$ & $0.072119$ & $-0.056454$ & $-0.0207881$ & $0.00594275$ & $-0.0670421$ & $0.0201062$ & $-0.100053$ & $0.0148624$ & $-0.00932026$ & $-0.0736854$ & $0.0635434$ & $1$ & $-0.0563433$ & $-0.0546189$ & $0.140182$ \\
eHccpar & $-0.0485042$ & $0.000209399$ & $0.0669748$ & $0.0637155$ & $-0.000492653$ & $-0.0103266$ & $0.0153485$ & $-0.016147$ & $-0.0157567$ & $0.0132823$ & $0.0142865$ & $0.00505761$ & $-0.0186925$ & $-0.00437731$ & $-0.00382824$ & $-0.00699723$ & $0.0054933$ & $0.00514143$ & $0.00734535$ & $-0.0138244$ & $-0.0141202$ & $-0.0127843$ & $-0.00264658$ & $0.0130389$ & $0.0063127$ & $0.0148725$ & $-0.0122549$ & $0.00320086$ & $-0.0164108$ & $-0.0371205$ & $0.249454$ & $0.0115995$ & $-0.046647$ & $-0.0106894$ & $0.0272898$ & $0.0421233$ & $0.133435$ & $0.022359$ & $0.0440102$ & $-0.00748437$ & $-0.0730274$ & $0.0191676$ & $0.0639054$ & $0.10277$ & $-0.0469719$ & $-0.0563433$ & $1$ & $-0.0893928$ & $0.000633404$ \\
eHbbint & $-0.0687249$ & $0.0528424$ & $-0.164346$ & $0.0350078$ & $-0.00338522$ & $0.00616304$ & $-0.0210429$ & $-0.00308971$ & $-0.0048011$ & $0.00315025$ & $-0.00134796$ & $-0.0338359$ & $0.0283155$ & $0.00776722$ & $-0.0019377$ & $0.0109538$ & $0.00511477$ & $0.00957031$ & $-0.00097903$ & $0.00200485$ & $0.00147987$ & $-0.000605924$ & $0.00613619$ & $0.00676786$ & $0.00475852$ & $-0.00677224$ & $-0.0126811$ & $-0.00466861$ & $0.00884075$ & $0.0389751$ & $-0.0161111$ & $-0.0173838$ & $0.170298$ & $0.00234455$ & $-0.0828358$ & $0.00728181$ & $-0.129123$ & $-0.0197745$ & $-0.200377$ & $0.0183753$ & $0.0349004$ & $-0.00327077$ & $-0.106196$ & $0.0462866$ & $0.0881607$ & $-0.0546189$ & $-0.0893928$ & $1$ & $0.0945238$ \\
eHbbpar & $0.081755$ & $0.00635397$ & $-0.184004$ & $-0.124718$ & $-0.00283549$ & $-0.0104082$ & $0.0699086$ & $-0.0195669$ & $-0.0230584$ & $0.0177109$ & $0.0182742$ & $0.0639069$ & $-0.0930767$ & $-0.0112749$ & $0.0056132$ & $-0.0016115$ & $-0.0032446$ & $-0.00600071$ & $0.00102268$ & $-0.0174215$ & $-0.0214253$ & $-0.0188024$ & $-0.0201946$ & $0.00491766$ & $-0.015202$ & $0.0105885$ & $-0.035072$ & $-0.0147338$ & $-0.0141468$ & $-0.0664786$ & $-0.0391928$ & $0.0626552$ & $0.242786$ & $-0.0247233$ & $-0.0120482$ & $-0.190758$ & $0.103407$ & $0.0157422$ & $-0.0129495$ & $0.0178454$ & $0.0682989$ & $0.0277838$ & $-0.0463519$ & $-0.211412$ & $-0.0656833$ & $0.140182$ & $0.000633404$ & $0.0945238$ & $1$ \\
