 & AlsMz & dAle5Mz & mtop & mHl & Mz & CW & CHG & CHWB & CHWHB_gaga & CHWHB_gagaorth & CHD & CHbox & CH & CHL1_11 & CHL1_22 & CHL1_33 & CHL3_11 & CHL3_22 & CHL3_33 & CHe_11 & CHe_22 & CHe_33 & CHQ1_11 & CHQ1_33 & CHQ3_11 & CHu_11 & CHd_11 & CHd_33 & CeH_22r & CeH_33r & CuH_22r & CuH_33r & CdH_33r & CLL_1221 & eHggint & eHggpar & eHWWint & eHWWpar & eHZZint & eHZZpar & eHZgaint & eHZgapar & eHgagaint & eHmumuint & eHtautauint & eHccint & eHccpar & eHbbint & eHbbpar \\
AlsMz & $1$ & $-0.00510394$ & $-0.141042$ & $-0.41231$ & $-0.00220788$ & $0.00353938$ & $0.0295582$ & $-0.0070531$ & $0.0108679$ & $-0.0131357$ & $-0.0017669$ & $-0.0379439$ & $-0.0210343$ & $0.00311754$ & $-0.00578978$ & $-0.00388052$ & $0.0031537$ & $0.00836014$ & $0.00565001$ & $-0.00432132$ & $-0.00553002$ & $-0.00431854$ & $-0.00470317$ & $-0.0381802$ & $-0.0816542$ & $-0.0310031$ & $-0.0350356$ & $0.00318881$ & $0.0104684$ & $0.0204251$ & $-0.0130545$ & $0.00249193$ & $-0.0249806$ & $-0.00300965$ & $-0.324229$ & $-0.106011$ & $0.106144$ & $-0.0401471$ & $-0.0457337$ & $-0.0607167$ & $0.0226277$ & $0.0100043$ & $0.246734$ & $-0.0418993$ & $-0.0669601$ & $0.0726177$ & $-0.0554968$ & $-0.0372002$ & $-0.072415$ \\
dAle5Mz & $-0.00510394$ & $1$ & $0.402553$ & $0.112427$ & $-0.0107269$ & $0.00890358$ & $0.011141$ & $-0.106906$ & $-0.109024$ & $0.0489289$ & $0.0850316$ & $0.0286247$ & $-0.00541375$ & $-0.0181407$ & $-0.000807045$ & $0.0188713$ & $0.0287264$ & $0.0250967$ & $0.00942798$ & $-0.0557617$ & $-0.0686759$ & $-0.0651237$ & $-0.0387799$ & $0.0617959$ & $0.0121157$ & $0.0542454$ & $-0.0730693$ & $-0.0162174$ & $0.0166823$ & $-0.0173887$ & $0.00493226$ & $0.0158155$ & $-0.202641$ & $-0.0327737$ & $0.0379749$ & $0.16259$ & $0.00340375$ & $0.0600481$ & $-0.249139$ & $0.0289042$ & $0.0890495$ & $-0.0312213$ & $-0.0813749$ & $0.228862$ & $0.0313331$ & $-0.215369$ & $0.0866445$ & $0.0350533$ & $-0.429856$ \\
mtop & $-0.141042$ & $0.402553$ & $1$ & $0.177988$ & $0.00522859$ & $-0.00622593$ & $0.00397638$ & $-0.0427958$ & $-0.0514266$ & $0.0143273$ & $0.0499977$ & $0.0386151$ & $0.0193485$ & $-0.0304935$ & $-0.000561819$ & $0.00813574$ & $-0.00353493$ & $-0.00781459$ & $-0.0126912$ & $-0.0325053$ & $-0.0368908$ & $-0.0344093$ & $-0.012438$ & $0.0247329$ & $0.000535437$ & $0.0363898$ & $-0.0229642$ & $-0.000487672$ & $0.000111821$ & $-0.00219264$ & $0.06068$ & $0.0184128$ & $-0.093275$ & $-0.00891353$ & $-0.0211409$ & $0.415539$ & $-0.112765$ & $0.0117056$ & $-0.0645179$ & $0.0336315$ & $0.0525331$ & $-0.0297237$ & $-0.159442$ & $0.0647346$ & $-0.0186171$ & $0.0156148$ & $0.200442$ & $0.10168$ & $-0.252812$ \\
mHl & $-0.41231$ & $0.112427$ & $0.177988$ & $1$ & $-0.0105109$ & $0.00161477$ & $-0.0157309$ & $0.0239043$ & $0.0122179$ & $-0.0265942$ & $-0.00395918$ & $0.0344282$ & $0.0339997$ & $-0.026034$ & $-0.00309244$ & $-0.00833163$ & $-0.0301036$ & $-0.0311483$ & $-0.0252801$ & $0.00662045$ & $0.0130074$ & $0.0148561$ & $0.0209853$ & $-0.0229256$ & $0.00804187$ & $-0.00043387$ & $0.0379494$ & $-0.00755615$ & $0.0158115$ & $0.0149223$ & $0.00709992$ & $0.00144055$ & $0.0254843$ & $0.0304405$ & $0.155337$ & $0.18233$ & $0.0996411$ & $-0.0238655$ & $0.00502188$ & $-0.0181597$ & $0.046259$ & $0.0205189$ & $-0.174195$ & $-0.0443087$ & $0.239398$ & $-0.155821$ & $0.0189699$ & $0.0267428$ & $0.0463496$ \\
Mz & $-0.00220788$ & $-0.0107269$ & $0.00522859$ & $-0.0105109$ & $1$ & $-0.00141011$ & $-0.00483759$ & $0.00552275$ & $0.00489117$ & $-0.000210239$ & $0.00190125$ & $-0.00193527$ & $-0.000193942$ & $0.0108423$ & $0.0079772$ & $0.00348088$ & $0.00151549$ & $-0.00245212$ & $-0.000552181$ & $0.00779632$ & $0.00851347$ & $0.00877878$ & $-0.00259118$ & $0.00353702$ & $-0.00116562$ & $-0.0050911$ & $-0.00112897$ & $0.0116026$ & $-0.00855848$ & $-0.0029012$ & $-0.00494476$ & $-0.00573694$ & $0.00341834$ & $-0.00660181$ & $0.00981951$ & $0.00442888$ & $0.00468174$ & $0.00250105$ & $0.0128399$ & $0.00766244$ & $0.0054384$ & $0.0107714$ & $0.00957894$ & $-0.0086076$ & $-0.00677839$ & $0.00220527$ & $-0.00103616$ & $0.00990505$ & $0.0111167$ \\
CW & $0.00353938$ & $0.00890358$ & $-0.00622593$ & $0.00161477$ & $-0.00141011$ & $1$ & $0.00668279$ & $-0.110349$ & $-0.105644$ & $0.00544257$ & $0.174663$ & $0.0410387$ & $0.0031954$ & $0.0141142$ & $-0.085446$ & $-0.090777$ & $-0.263346$ & $-0.0554707$ & $-0.050898$ & $-0.174074$ & $-0.175879$ & $-0.173651$ & $0.00171541$ & $-0.0147997$ & $-0.0913069$ & $0.0971864$ & $-0.0605689$ & $-0.0575796$ & $0.00890725$ & $-0.00138585$ & $-0.00360096$ & $0.00863276$ & $0.001479$ & $-0.105721$ & $-0.0115389$ & $0.00234583$ & $0.0167001$ & $-0.00569306$ & $-0.0379263$ & $-0.00265798$ & $-0.00883149$ & $-0.000345655$ & $0.00956419$ & $-0.00936409$ & $-0.0211952$ & $-0.00832486$ & $-1.11985e-05$ & $-0.0132424$ & $0.00165801$ \\
CHG & $0.0295582$ & $0.011141$ & $0.00397638$ & $-0.0157309$ & $-0.00483759$ & $0.00668279$ & $1$ & $-0.117408$ & $-0.0624427$ & $0.0870502$ & $0.0628557$ & $-0.220962$ & $-0.30412$ & $0.0717699$ & $-0.0310695$ & $-0.0331431$ & $0.107662$ & $0.120966$ & $0.124138$ & $-0.0622378$ & $-0.065628$ & $-0.0634279$ & $-0.00896947$ & $0.122463$ & $0.107897$ & $0.0349839$ & $-0.0547411$ & $-0.00689813$ & $0.0174733$ & $-0.112588$ & $-0.0797168$ & $0.933667$ & $-0.167346$ & $-0.0696367$ & $-0.0633105$ & $-0.0409093$ & $-0.0449679$ & $-0.00636054$ & $0.00985488$ & $-0.0274867$ & $-0.0335509$ & $-0.00356963$ & $0.0806593$ & $0.0404737$ & $0.033201$ & $0.0362592$ & $-0.0320803$ & $0.0354158$ & $-0.0415069$ \\
CHWB & $-0.0070531$ & $-0.106906$ & $-0.0427958$ & $0.0239043$ & $0.00552275$ & $-0.110349$ & $-0.117408$ & $1$ & $0.984031$ & $-0.576868$ & $-0.878113$ & $0.0587873$ & $0.356722$ & $0.0994742$ & $0.321936$ & $0.297287$ & $-0.244932$ & $-0.445234$ & $-0.431101$ & $0.85019$ & $0.894653$ & $0.876338$ & $0.055736$ & $-0.669753$ & $-0.41761$ & $-0.505827$ & $0.41313$ & $0.296191$ & $0.0282659$ & $0.117085$ & $0.0773308$ & $-0.105439$ & $0.144779$ & $0.550197$ & $0.0192489$ & $-0.0265464$ & $6.69622e-05$ & $-0.00637352$ & $-0.00551651$ & $-0.0123018$ & $-0.0162568$ & $0.0108038$ & $-0.00496071$ & $-0.0617189$ & $-0.0135856$ & $-0.0129118$ & $0.0157953$ & $0.0151594$ & $0.0286476$ \\
CHWHB_gaga & $0.0108679$ & $-0.109024$ & $-0.0514266$ & $0.0122179$ & $0.00489117$ & $-0.105644$ & $-0.0624427$ & $0.984031$ & $1$ & $-0.56577$ & $-0.862099$ & $0.0696606$ & $0.350768$ & $0.0936941$ & $0.314764$ & $0.290967$ & $-0.245358$ & $-0.440739$ & $-0.427041$ & $0.834544$ & $0.87842$ & $0.860181$ & $0.0561134$ & $-0.66203$ & $-0.41472$ & $-0.497029$ & $0.408218$ & $0.291305$ & $0.0344093$ & $0.139466$ & $0.079196$ & $-0.0602014$ & $0.164117$ & $0.542541$ & $0.000169432$ & $-0.0538784$ & $-0.00851815$ & $-0.00884301$ & $-0.0082283$ & $-0.014531$ & $-0.0372323$ & $0.0106109$ & $0.0551308$ & $-0.0573992$ & $-0.00714671$ & $-0.023712$ & $-0.00593933$ & $0.0043659$ & $0.0258557$ \\
CHWHB_gagaorth & $-0.0131357$ & $0.0489289$ & $0.0143273$ & $-0.0265942$ & $-0.000210239$ & $0.00544257$ & $0.0870502$ & $-0.576868$ & $-0.56577$ & $1$ & $0.355248$ & $0.255181$ & $-0.258047$ & $0.237558$ & $-0.138727$ & $-0.127895$ & $0.445188$ & $0.503695$ & $0.497045$ & $-0.342526$ & $-0.370856$ & $-0.36479$ & $-0.0417427$ & $0.564342$ & $0.49832$ & $0.207684$ & $-0.233072$ & $-0.12097$ & $-0.0286251$ & $-0.135615$ & $-0.0855787$ & $0.098919$ & $-0.156677$ & $-0.348175$ & $0.0148823$ & $0.00460806$ & $-0.00333535$ & $-0.000154719$ & $0.0259498$ & $0.0175604$ & $-0.0198014$ & $-0.00920265$ & $0.00646537$ & $0.0410239$ & $0.0098926$ & $0.0258505$ & $-0.024542$ & $-0.00893375$ & $-0.0149387$ \\
CHD & $-0.0017669$ & $0.0850316$ & $0.0499977$ & $-0.00395918$ & $0.00190125$ & $0.174663$ & $0.0628557$ & $-0.878113$ & $-0.862099$ & $0.355248$ & $1$ & $0.0907325$ & $-0.170656$ & $-0.515686$ & $-0.440132$ & $-0.414611$ & $-0.214159$ & $0.0745626$ & $0.0618418$ & $-0.990408$ & $-0.991496$ & $-0.969686$ & $0.00190162$ & $0.302633$ & $0.0295393$ & $0.558711$ & $-0.283052$ & $-0.329964$ & $-0.00950661$ & $-0.0653765$ & $-0.0429611$ & $0.0636844$ & $-0.0887198$ & $-0.355049$ & $-0.00333321$ & $0.0406649$ & $-0.0070513$ & $0.00386303$ & $-0.0189263$ & $0.00288846$ & $0.0127368$ & $-0.0108021$ & $0.00100991$ & $0.0424132$ & $0.0153836$ & $-0.00973666$ & $0.0033835$ & $-0.014599$ & $-0.0303971$ \\
CHbox & $-0.0379439$ & $0.0286247$ & $0.0386151$ & $0.0344282$ & $-0.00193527$ & $0.0410387$ & $-0.220962$ & $0.0587873$ & $0.0696606$ & $0.255181$ & $0.0907325$ & $1$ & $0.723756$ & $-0.289202$ & $0.0226873$ & $0.0199331$ & $-0.307571$ & $-0.288576$ & $-0.287157$ & $-0.0767558$ & $-0.0889844$ & $-0.0868954$ & $0.0114891$ & $-0.196922$ & $-0.274404$ & $0.0510906$ & $-0.00868801$ & $-0.0258516$ & $0.0549495$ & $0.328736$ & $0.124126$ & $-0.130936$ & $0.379973$ & $0.0212462$ & $0.0940914$ & $0.0549689$ & $0.00883883$ & $0.00368726$ & $-0.00326316$ & $0.000951987$ & $0.00497675$ & $-3.64758e-05$ & $-0.0359378$ & $-0.00783585$ & $0.00859688$ & $-0.0341854$ & $0.0216175$ & $-0.00473993$ & $-0.0151461$ \\
CH & $-0.0210343$ & $-0.00541375$ & $0.0193485$ & $0.0339997$ & $-0.000193942$ & $0.0031954$ & $-0.30412$ & $0.356722$ & $0.350768$ & $-0.258047$ & $-0.170656$ & $0.723756$ & $1$ & $-0.252205$ & $0.0874574$ & $0.078699$ & $-0.37333$ & $-0.402178$ & $-0.397106$ & $0.168891$ & $0.181568$ & $0.177586$ & $0.0286761$ & $-0.404711$ & $-0.387611$ & $-0.095076$ & $0.140597$ & $0.0599623$ & $0.0564889$ & $0.278812$ & $0.139162$ & $-0.25134$ & $0.338112$ & $0.213422$ & $0.0559519$ & $0.0264568$ & $0.0132406$ & $0.0109527$ & $-0.0159057$ & $-0.00547297$ & $0.00894021$ & $0.00300788$ & $-0.0363566$ & $-0.0283103$ & $-0.00200104$ & $-0.0381372$ & $0.0253426$ & $-0.00204717$ & $0.00281549$ \\
CHL1_11 & $0.00311754$ & $-0.0181407$ & $-0.0304935$ & $-0.026034$ & $0.0108423$ & $0.0141142$ & $0.0717699$ & $0.0994742$ & $0.0936941$ & $0.237558$ & $-0.515686$ & $-0.289202$ & $-0.252205$ & $1$ & $0.268353$ & $0.257843$ & $0.661245$ & $0.596174$ & $0.598927$ & $0.531659$ & $0.478555$ & $0.464651$ & $-0.085278$ & $0.468812$ & $0.60302$ & $-0.266808$ & $-0.0944581$ & $0.163388$ & $-0.0268711$ & $-0.0670868$ & $-0.0424117$ & $0.0495169$ & $-0.0575984$ & $-0.212296$ & $-0.0291738$ & $-0.0384094$ & $0.0112971$ & $0.00176552$ & $0.0403891$ & $0.0131436$ & $-0.00751763$ & $0.00194784$ & $0.00788521$ & $0.00693957$ & $-0.0152448$ & $0.0428924$ & $-0.0305338$ & $0.00176078$ & $0.029867$ \\
CHL1_22 & $-0.00578978$ & $-0.000807045$ & $-0.000561819$ & $-0.00309244$ & $0.0079772$ & $-0.085446$ & $-0.0310695$ & $0.321936$ & $0.314764$ & $-0.138727$ & $-0.440132$ & $0.0226873$ & $0.0874574$ & $0.268353$ & $1$ & $0.42498$ & $0.159516$ & $-0.452805$ & $-0.0274231$ & $0.501996$ & $0.360966$ & $0.350102$ & $-0.161007$ & $0.086102$ & $-0.122484$ & $-0.201889$ & $-0.363817$ & $0.118612$ & $0.00382961$ & $0.0295061$ & $0.00567432$ & $-0.0287878$ & $0.0430582$ & $-0.582801$ & $0.0316106$ & $-0.00610331$ & $0.0234813$ & $0.00606364$ & $0.0393507$ & $0.0161732$ & $0.00375517$ & $0.0006804$ & $-0.0121389$ & $0.0260504$ & $0.0151631$ & $0.0106894$ & $-0.038924$ & $-0.00381265$ & $0.027406$ \\
CHL1_33 & $-0.00388052$ & $0.0188713$ & $0.00813574$ & $-0.00833163$ & $0.00348088$ & $-0.090777$ & $-0.0331431$ & $0.297287$ & $0.290967$ & $-0.127895$ & $-0.414611$ & $0.0199331$ & $0.078699$ & $0.257843$ & $0.42498$ & $1$ & $0.156998$ & $-0.0189956$ & $-0.439643$ & $0.478067$ & $0.337839$ & $0.354674$ & $-0.16244$ & $0.100081$ & $-0.116676$ & $-0.188567$ & $-0.370337$ & $0.111885$ & $-1.23773e-05$ & $0.0305237$ & $0.00508678$ & $-0.0303692$ & $0.0390048$ & $-0.0780719$ & $0.0141485$ & $-0.00129512$ & $0.0190975$ & $0.00639265$ & $0.0472052$ & $0.0189495$ & $0.00609219$ & $0.00533306$ & $-0.0185088$ & $0.0185459$ & $0.00977579$ & $0.0246474$ & $-0.0306184$ & $0.012344$ & $0.0156137$ \\
CHL3_11 & $0.0031537$ & $0.0287264$ & $-0.00353493$ & $-0.0301036$ & $0.00151549$ & $-0.263346$ & $0.107662$ & $-0.244932$ & $-0.245358$ & $0.445188$ & $-0.214159$ & $-0.307571$ & $-0.37333$ & $0.661245$ & $0.159516$ & $0.156998$ & $1$ & $0.737836$ & $0.737453$ & $0.235904$ & $0.182964$ & $0.176324$ & $-0.0787139$ & $0.683069$ & $0.7849$ & $-0.101318$ & $-0.163144$ & $0.0623092$ & $-0.0379304$ & $-0.103572$ & $-0.0662477$ & $0.0826794$ & $-0.11497$ & $-0.253442$ & $-0.0277331$ & $-0.0208481$ & $0.0060458$ & $0.00437812$ & $0.0524348$ & $0.0168022$ & $0.00772751$ & $0.00204598$ & $0.00290859$ & $0.0313396$ & $-0.00133099$ & $0.0451368$ & $-0.0288121$ & $0.00514105$ & $-0.00129078$ \\
CHL3_22 & $0.00836014$ & $0.0250967$ & $-0.00781459$ & $-0.0311483$ & $-0.00245212$ & $-0.0554707$ & $0.120966$ & $-0.445234$ & $-0.440739$ & $0.503695$ & $0.0745626$ & $-0.288576$ & $-0.402178$ & $0.596174$ & $-0.452805$ & $-0.0189956$ & $0.737836$ & $1$ & $0.671514$ & $-0.0762839$ & $-0.0699655$ & $-0.0667178$ & $-0.00538697$ & $0.632352$ & $0.794771$ & $0.0406851$ & $-0.0199739$ & $-0.0195797$ & $-0.0381994$ & $-0.115769$ & $-0.0674798$ & $0.096321$ & $-0.129226$ & $0.0313539$ & $-0.048286$ & $-0.0191124$ & $-0.00419771$ & $0.000145401$ & $0.0260689$ & $0.00766385$ & $0.0024584$ & $0.00011843$ & $0.012061$ & $0.0150579$ & $-0.0133409$ & $0.0398328$ & $-0.00972395$ & $0.00269841$ & $-0.00710952$ \\
CHL3_33 & $0.00565001$ & $0.00942798$ & $-0.0126912$ & $-0.0252801$ & $-0.000552181$ & $-0.050898$ & $0.124138$ & $-0.431101$ & $-0.427041$ & $0.497045$ & $0.0618418$ & $-0.287157$ & $-0.397106$ & $0.598927$ & $-0.0274231$ & $-0.439643$ & $0.737453$ & $0.671514$ & $1$ & $-0.065569$ & $-0.0567163$ & $-0.053189$ & $0.000376737$ & $0.620075$ & $0.796334$ & $0.0341245$ & $-0.0040307$ & $-0.0166005$ & $-0.0364327$ & $-0.118007$ & $-0.0681552$ & $0.0987835$ & $-0.128151$ & $-0.349135$ & $-0.0336207$ & $-0.0212202$ & $-0.00100174$ & $-0.000299883$ & $0.0199289$ & $0.00743116$ & $0.00113044$ & $-0.0035779$ & $0.0166944$ & $0.0188471$ & $-0.00981915$ & $0.0285394$ & $-0.014175$ & $-0.0102684$ & $0.00157345$ \\
CHe_11 & $-0.00432132$ & $-0.0557617$ & $-0.0325053$ & $0.00662045$ & $0.00779632$ & $-0.174074$ & $-0.0622378$ & $0.85019$ & $0.834544$ & $-0.342526$ & $-0.990408$ & $-0.0767558$ & $0.168891$ & $0.531659$ & $0.501996$ & $0.478067$ & $0.235904$ & $-0.0762839$ & $-0.065569$ & $1$ & $0.973651$ & $0.952846$ & $-0.0265047$ & $-0.250275$ & $-0.0212979$ & $-0.54718$ & $0.211013$ & $0.32435$ & $0.0086708$ & $0.0639924$ & $0.0411809$ & $-0.0623854$ & $0.0835448$ & $0.278877$ & $0.00755656$ & $-0.033335$ & $0.00888482$ & $-0.00130211$ & $0.0189892$ & $0.000594837$ & $-0.00829927$ & $0.00953119$ & $-0.00597047$ & $-0.0314787$ & $-0.0122638$ & $0.00719648$ & $-0.00515425$ & $0.0144919$ & $0.0217483$ \\
CHe_22 & $-0.00553002$ & $-0.0686759$ & $-0.0368908$ & $0.0130074$ & $0.00851347$ & $-0.175879$ & $-0.065628$ & $0.894653$ & $0.87842$ & $-0.370856$ & $-0.991496$ & $-0.0889844$ & $0.181568$ & $0.478555$ & $0.360966$ & $0.337839$ & $0.182964$ & $-0.0699655$ & $-0.0567163$ & $0.973651$ & $1$ & $0.974501$ & $0.0233913$ & $-0.355528$ & $-0.0377808$ & $-0.561649$ & $0.358751$ & $0.332287$ & $0.0108178$ & $0.0675222$ & $0.0471358$ & $-0.0656922$ & $0.0864331$ & $0.438023$ & $0.00474131$ & $-0.0345014$ & $0.00278828$ & $-0.00316515$ & $0.00729512$ & $-0.00500795$ & $-0.0126483$ & $0.00961244$ & $-0.0033584$ & $-0.0434052$ & $-0.0167157$ & $0.0013682$ & $0.00571938$ & $0.0162769$ & $0.0182171$ \\
CHe_33 & $-0.00431854$ & $-0.0651237$ & $-0.0344093$ & $0.0148561$ & $0.00877878$ & $-0.173651$ & $-0.0634279$ & $0.876338$ & $0.860181$ & $-0.36479$ & $-0.969686$ & $-0.0868954$ & $0.177586$ & $0.464651$ & $0.350102$ & $0.354674$ & $0.176324$ & $-0.0667178$ & $-0.053189$ & $0.952846$ & $0.974501$ & $1$ & $0.0249233$ & $-0.349855$ & $-0.035816$ & $-0.548424$ & $0.354941$ & $0.323389$ & $0.010707$ & $0.0649985$ & $0.046799$ & $-0.0638245$ & $0.0818838$ & $0.434674$ & $0.00465322$ & $-0.0344662$ & $0.00361858$ & $-0.00418953$ & $0.00655461$ & $-0.00164413$ & $-0.0119418$ & $0.0105476$ & $-0.00394108$ & $-0.0460735$ & $-0.0147551$ & $0.00185047$ & $0.00945968$ & $0.0168587$ & $0.014606$ \\
CHQ1_11 & $-0.00470317$ & $-0.0387799$ & $-0.012438$ & $0.0209853$ & $-0.00259118$ & $0.00171541$ & $-0.00896947$ & $0.055736$ & $0.0561134$ & $-0.0417427$ & $0.00190162$ & $0.0114891$ & $0.0286761$ & $-0.085278$ & $-0.161007$ & $-0.16244$ & $-0.0787139$ & $-0.00538697$ & $0.000376737$ & $-0.0265047$ & $0.0233913$ & $0.0249233$ & $1$ & $-0.131139$ & $0.0663224$ & $-0.676171$ & $0.336699$ & $0.000114759$ & $0.00465603$ & $0.0136093$ & $0.0168745$ & $-0.00565214$ & $0.0203207$ & $0.184825$ & $-0.00717771$ & $0.00590494$ & $0.0114269$ & $-0.00175359$ & $-0.0275115$ & $0.000863878$ & $0.00287528$ & $0.000607779$ & $0.00856953$ & $-0.0339051$ & $-0.0116734$ & $-0.0341112$ & $0.0315645$ & $0.00517483$ & $0.0110123$ \\
CHQ1_33 & $-0.0381802$ & $0.0617959$ & $0.0247329$ & $-0.0229256$ & $0.00353702$ & $-0.0147997$ & $0.122463$ & $-0.669753$ & $-0.66203$ & $0.564342$ & $0.302633$ & $-0.196922$ & $-0.404711$ & $0.468812$ & $0.086102$ & $0.100081$ & $0.683069$ & $0.632352$ & $0.620075$ & $-0.250275$ & $-0.355528$ & $-0.349855$ & $-0.131139$ & $1$ & $0.660873$ & $0.204495$ & $-0.407954$ & $-0.0179098$ & $-0.0426011$ & $-0.12419$ & $-0.0807836$ & $0.102654$ & $-0.135693$ & $-0.61924$ & $-0.0102352$ & $0.00319993$ & $0.00376268$ & $0.00805884$ & $0.0446256$ & $0.0255877$ & $0.00746932$ & $1.55725e-05$ & $-0.00136123$ & $0.0609225$ & $0.00230839$ & $0.0427266$ & $-0.0319145$ & $-0.00613352$ & $-1.37971e-05$ \\
CHQ3_11 & $-0.0816542$ & $0.0121157$ & $0.000535437$ & $0.00804187$ & $-0.00116562$ & $-0.0913069$ & $0.107897$ & $-0.41761$ & $-0.41472$ & $0.49832$ & $0.0295393$ & $-0.274404$ & $-0.387611$ & $0.60302$ & $-0.122484$ & $-0.116676$ & $0.7849$ & $0.794771$ & $0.796334$ & $-0.0212979$ & $-0.0377808$ & $-0.035816$ & $0.0663224$ & $0.660873$ & $1$ & $0.0220803$ & $0.188592$ & $-0.00978443$ & $-0.039854$ & $-0.115582$ & $-0.0605958$ & $0.0875694$ & $-0.122819$ & $-0.225525$ & $-0.00598066$ & $-0.0112011$ & $-0.0148971$ & $0.00313538$ & $0.0204579$ & $0.0196202$ & $0.00358233$ & $0.00323338$ & $0.00285706$ & $0.0145103$ & $-0.0113712$ & $0.0211318$ & $0.00532345$ & $0.0035045$ & $-0.00133864$ \\
CHu_11 & $-0.0310031$ & $0.0542454$ & $0.0363898$ & $-0.00043387$ & $-0.0050911$ & $0.0971864$ & $0.0349839$ & $-0.505827$ & $-0.497029$ & $0.207684$ & $0.558711$ & $0.0510906$ & $-0.095076$ & $-0.266808$ & $-0.201889$ & $-0.188567$ & $-0.101318$ & $0.0406851$ & $0.0341245$ & $-0.54718$ & $-0.561649$ & $-0.548424$ & $-0.676171$ & $0.204495$ & $0.0220803$ & $1$ & $-0.179256$ & $-0.180067$ & $-0.00945608$ & $-0.0396295$ & $-0.0279809$ & $0.0364227$ & $-0.056648$ & $-0.250819$ & $0.0135114$ & $0.0193771$ & $-0.0251627$ & $-0.000916994$ & $-9.10314e-05$ & $-0.000259088$ & $0.00787738$ & $-0.000613604$ & $0.00110344$ & $0.0371384$ & $0.0128914$ & $0.00652397$ & $-0.00583016$ & $-0.0137433$ & $-0.0236651$ \\
CHd_11 & $-0.0350356$ & $-0.0730693$ & $-0.0229642$ & $0.0379494$ & $-0.00112897$ & $-0.0605689$ & $-0.0547411$ & $0.41313$ & $0.408218$ & $-0.233072$ & $-0.283052$ & $-0.00868801$ & $0.140597$ & $-0.0944581$ & $-0.363817$ & $-0.370337$ & $-0.163144$ & $-0.0199739$ & $-0.0040307$ & $0.211013$ & $0.358751$ & $0.354941$ & $0.336699$ & $-0.407954$ & $0.188592$ & $-0.179256$ & $1$ & $0.104887$ & $0.00959588$ & $0.0437244$ & $0.0524646$ & $-0.0478812$ & $0.0484707$ & $0.657017$ & $0.00698916$ & $-0.0113136$ & $-0.0311608$ & $-0.00954617$ & $-0.0598277$ & $-0.0132459$ & $-0.00965124$ & $0.0146917$ & $0.021486$ & $-0.068971$ & $-0.0332777$ & $-0.0411845$ & $0.0699275$ & $0.0121775$ & $-0.0163864$ \\
CHd_33 & $0.00318881$ & $-0.0162174$ & $-0.000487672$ & $-0.00755615$ & $0.0116026$ & $-0.0575796$ & $-0.00689813$ & $0.296191$ & $0.291305$ & $-0.12097$ & $-0.329964$ & $-0.0258516$ & $0.0599623$ & $0.163388$ & $0.118612$ & $0.111885$ & $0.0623092$ & $-0.0195797$ & $-0.0166005$ & $0.32435$ & $0.332287$ & $0.323389$ & $0.000114759$ & $-0.0179098$ & $-0.00978443$ & $-0.180067$ & $0.104887$ & $1$ & $-0.000758473$ & $0.0231078$ & $0.0220953$ & $-0.00652835$ & $0.0321939$ & $0.145164$ & $-0.0146325$ & $-0.0106021$ & $0.00907821$ & $-0.00919404$ & $-0.00780009$ & $-0.00483439$ & $-0.0111519$ & $0.0068795$ & $-0.00385953$ & $-0.0166563$ & $-0.0103932$ & $-0.00133417$ & $0.00616513$ & $0.0269629$ & $-0.0079922$ \\
CeH_22r & $0.0104684$ & $0.0166823$ & $0.000111821$ & $0.0158115$ & $-0.00855848$ & $0.00890725$ & $0.0174733$ & $0.0282659$ & $0.0344093$ & $-0.0286251$ & $-0.00950661$ & $0.0549495$ & $0.0564889$ & $-0.0268711$ & $0.00382961$ & $-1.23773e-05$ & $-0.0379304$ & $-0.0381994$ & $-0.0364327$ & $0.0086708$ & $0.0108178$ & $0.010707$ & $0.00465603$ & $-0.0426011$ & $-0.039854$ & $-0.00945608$ & $0.00959588$ & $-0.000758473$ & $1$ & $0.0457107$ & $0.0180984$ & $0.00347253$ & $0.0518258$ & $0.020094$ & $-0.0199941$ & $-0.0247031$ & $-0.0211342$ & $0.00139764$ & $-0.0246318$ & $0.010227$ & $-0.0210415$ & $0.00348571$ & $0.00771445$ & $0.00197756$ & $-0.00200047$ & $0.00177044$ & $-0.00706291$ & $0.0198055$ & $-0.0102561$ \\
CeH_33r & $0.0204251$ & $-0.0173887$ & $-0.00219264$ & $0.0149223$ & $-0.0029012$ & $-0.00138585$ & $-0.112588$ & $0.117085$ & $0.139466$ & $-0.135615$ & $-0.0653765$ & $0.328736$ & $0.278812$ & $-0.0670868$ & $0.0295061$ & $0.0305237$ & $-0.103572$ & $-0.115769$ & $-0.118007$ & $0.0639924$ & $0.0675222$ & $0.0649985$ & $0.0136093$ & $-0.12419$ & $-0.115582$ & $-0.0396295$ & $0.0437244$ & $0.0231078$ & $0.0457107$ & $1$ & $0.310143$ & $0.0370713$ & $0.662085$ & $0.069417$ & $-0.0425973$ & $-0.0360835$ & $-0.0809382$ & $-0.0210164$ & $-0.0126407$ & $-0.0190887$ & $-0.0222222$ & $-0.00368752$ & $0.0207766$ & $-0.0417732$ & $0.0380225$ & $-0.0108837$ & $-0.010341$ & $0.0335316$ & $0.00846378$ \\
CuH_22r & $-0.0130545$ & $0.00493226$ & $0.06068$ & $0.00709992$ & $-0.00494476$ & $-0.00360096$ & $-0.0797168$ & $0.0773308$ & $0.079196$ & $-0.0855787$ & $-0.0429611$ & $0.124126$ & $0.139162$ & $-0.0424117$ & $0.00567432$ & $0.00508678$ & $-0.0662477$ & $-0.0674798$ & $-0.0681552$ & $0.0411809$ & $0.0471358$ & $0.046799$ & $0.0168745$ & $-0.0807836$ & $-0.0605958$ & $-0.0279809$ & $0.0524646$ & $0.0220953$ & $0.0180984$ & $0.310143$ & $1$ & $0.0143205$ & $0.347068$ & $0.0585999$ & $0.000299651$ & $0.120859$ & $-0.0383954$ & $-0.00641134$ & $-0.00466754$ & $-0.00362803$ & $0.0512244$ & $-0.00891215$ & $-0.120075$ & $-0.0449764$ & $-0.0865159$ & $0.0660942$ & $0.372628$ & $0.147541$ & $-0.0447444$ \\
CuH_33r & $0.00249193$ & $0.0158155$ & $0.0184128$ & $0.00144055$ & $-0.00573694$ & $0.00863276$ & $0.933667$ & $-0.105439$ & $-0.0602014$ & $0.098919$ & $0.0636844$ & $-0.130936$ & $-0.25134$ & $0.0495169$ & $-0.0287878$ & $-0.0303692$ & $0.0826794$ & $0.096321$ & $0.0987835$ & $-0.0623854$ & $-0.0656922$ & $-0.0638245$ & $-0.00565214$ & $0.102654$ & $0.0875694$ & $0.0364227$ & $-0.0478812$ & $-0.00652835$ & $0.00347253$ & $0.0370713$ & $0.0143205$ & $1$ & $0.00476492$ & $-0.0615675$ & $0.00991491$ & $0.00311828$ & $-0.0611597$ & $-0.00851613$ & $0.0355841$ & $-0.0270089$ & $-0.0224132$ & $-0.00230537$ & $0.0716553$ & $0.0440824$ & $0.0406186$ & $0.0312769$ & $-0.0142935$ & $0.0394593$ & $-0.0520261$ \\
CdH_33r & $-0.0249806$ & $-0.202641$ & $-0.093275$ & $0.0254843$ & $0.00341834$ & $0.001479$ & $-0.167346$ & $0.144779$ & $0.164117$ & $-0.156677$ & $-0.0887198$ & $0.379973$ & $0.338112$ & $-0.0575984$ & $0.0430582$ & $0.0390048$ & $-0.11497$ & $-0.129226$ & $-0.128151$ & $0.0835448$ & $0.0864331$ & $0.0818838$ & $0.0203207$ & $-0.135693$ & $-0.122819$ & $-0.056648$ & $0.0484707$ & $0.0321939$ & $0.0518258$ & $0.662085$ & $0.347068$ & $0.00476492$ & $1$ & $0.0681226$ & $-0.106878$ & $-0.0704182$ & $-0.058728$ & $-0.0267815$ & $0.023242$ & $-0.0437663$ & $0.00641547$ & $0.0130799$ & $-0.0309852$ & $-0.169742$ & $0.0727877$ & $-0.0303295$ & $-0.00584496$ & $0.165495$ & $0.43826$ \\
CLL_1221 & $-0.00300965$ & $-0.0327737$ & $-0.00891353$ & $0.0304405$ & $-0.00660181$ & $-0.105721$ & $-0.0696367$ & $0.550197$ & $0.542541$ & $-0.348175$ & $-0.355049$ & $0.0212462$ & $0.213422$ & $-0.212296$ & $-0.582801$ & $-0.0780719$ & $-0.253442$ & $0.0313539$ & $-0.349135$ & $0.278877$ & $0.438023$ & $0.434674$ & $0.184825$ & $-0.61924$ & $-0.225525$ & $-0.250819$ & $0.657017$ & $0.145164$ & $0.020094$ & $0.069417$ & $0.0585999$ & $-0.0615675$ & $0.0681226$ & $1$ & $-0.00742876$ & $-0.00552916$ & $-0.0209239$ & $-0.00689127$ & $-0.0462077$ & $-0.0223399$ & $-0.0101148$ & $0.00813546$ & $-0.000960339$ & $-0.0602837$ & $-0.0200136$ & $-0.0301993$ & $0.0519517$ & $0.0213727$ & $-0.027101$ \\
eHggint & $-0.324229$ & $0.0379749$ & $-0.0211409$ & $0.155337$ & $0.00981951$ & $-0.0115389$ & $-0.0633105$ & $0.0192489$ & $0.000169432$ & $0.0148823$ & $-0.00333321$ & $0.0940914$ & $0.0559519$ & $-0.0291738$ & $0.0316106$ & $0.0141485$ & $-0.0277331$ & $-0.048286$ & $-0.0336207$ & $0.00755656$ & $0.00474131$ & $0.00465322$ & $-0.00717771$ & $-0.0102352$ & $-0.00598066$ & $0.0135114$ & $0.00698916$ & $-0.0146325$ & $-0.0199941$ & $-0.0425973$ & $0.000299651$ & $0.00991491$ & $-0.106878$ & $-0.00742876$ & $1$ & $0.13479$ & $0.03642$ & $0.0248284$ & $0.261639$ & $0.0322266$ & $0.043373$ & $-0.00609415$ & $-0.0496925$ & $0.0759315$ & $0.149362$ & $-0.0563661$ & $0.0305793$ & $-0.0765043$ & $-0.121935$ \\
eHggpar & $-0.106011$ & $0.16259$ & $0.415539$ & $0.18233$ & $0.00442888$ & $0.00234583$ & $-0.0409093$ & $-0.0265464$ & $-0.0538784$ & $0.00460806$ & $0.0406649$ & $0.0549689$ & $0.0264568$ & $-0.0384094$ & $-0.00610331$ & $-0.00129512$ & $-0.0208481$ & $-0.0191124$ & $-0.0212202$ & $-0.033335$ & $-0.0345014$ & $-0.0344662$ & $0.00590494$ & $0.00319993$ & $-0.0112011$ & $0.0193771$ & $-0.0113136$ & $-0.0106021$ & $-0.0247031$ & $-0.0360835$ & $0.120859$ & $0.00311828$ & $-0.0704182$ & $-0.00552916$ & $0.13479$ & $1$ & $0.115249$ & $0.0066987$ & $0.00147975$ & $0.0336374$ & $0.371789$ & $0.00857697$ & $-0.33461$ & $0.0377967$ & $-0.164567$ & $-0.0866392$ & $0.371306$ & $-0.012447$ & $-0.0827945$ \\
eHWWint & $0.106144$ & $0.00340375$ & $-0.112765$ & $0.0996411$ & $0.00468174$ & $0.0167001$ & $-0.0449679$ & $6.69622e-05$ & $-0.00851815$ & $-0.00333535$ & $-0.0070513$ & $0.00883883$ & $0.0132406$ & $0.0112971$ & $0.0234813$ & $0.0190975$ & $0.0060458$ & $-0.00419771$ & $-0.00100174$ & $0.00888482$ & $0.00278828$ & $0.00361858$ & $0.0114269$ & $0.00376268$ & $-0.0148971$ & $-0.0251627$ & $-0.0311608$ & $0.00907821$ & $-0.0211342$ & $-0.0809382$ & $-0.0383954$ & $-0.0611597$ & $-0.058728$ & $-0.0209239$ & $0.03642$ & $0.115249$ & $1$ & $-0.0326228$ & $-0.157272$ & $0.00973458$ & $0.0698786$ & $0.00633693$ & $0.00913049$ & $0.0403985$ & $0.171636$ & $-0.263203$ & $0.0577875$ & $-0.180143$ & $0.155402$ \\
eHWWpar & $-0.0401471$ & $0.0600481$ & $0.0117056$ & $-0.0238655$ & $0.00250105$ & $-0.00569306$ & $-0.00636054$ & $-0.00637352$ & $-0.00884301$ & $-0.000154719$ & $0.00386303$ & $0.00368726$ & $0.0109527$ & $0.00176552$ & $0.00606364$ & $0.00639265$ & $0.00437812$ & $0.000145401$ & $-0.000299883$ & $-0.00130211$ & $-0.00316515$ & $-0.00418953$ & $-0.00175359$ & $0.00805884$ & $0.00313538$ & $-0.000916994$ & $-0.00954617$ & $-0.00919404$ & $0.00139764$ & $-0.0210164$ & $-0.00641134$ & $-0.00851613$ & $-0.0267815$ & $-0.00689127$ & $0.0248284$ & $0.0066987$ & $-0.0326228$ & $1$ & $0.0184038$ & $-0.00321757$ & $0.0172839$ & $-0.00134232$ & $-0.0312859$ & $0.0400127$ & $0.0171517$ & $0.00686257$ & $-0.0165213$ & $0.00649098$ & $-0.0174756$ \\
eHZZint & $-0.0457337$ & $-0.249139$ & $-0.0645179$ & $0.00502188$ & $0.0128399$ & $-0.0379263$ & $0.00985488$ & $-0.00551651$ & $-0.0082283$ & $0.0259498$ & $-0.0189263$ & $-0.00326316$ & $-0.0159057$ & $0.0403891$ & $0.0393507$ & $0.0472052$ & $0.0524348$ & $0.0260689$ & $0.0199289$ & $0.0189892$ & $0.00729512$ & $0.00655461$ & $-0.0275115$ & $0.0446256$ & $0.0204579$ & $-9.10314e-05$ & $-0.0598277$ & $-0.00780009$ & $-0.0246318$ & $-0.0126407$ & $-0.00466754$ & $0.0355841$ & $0.023242$ & $-0.0462077$ & $0.261639$ & $0.00147975$ & $-0.157272$ & $0.0184038$ & $1$ & $0.00897172$ & $-0.0271608$ & $-0.0405793$ & $0.0354464$ & $0.0901438$ & $0.0442657$ & $0.326424$ & $-0.032195$ & $0.173241$ & $0.0406983$ \\
eHZZpar & $-0.0607167$ & $0.0289042$ & $0.0336315$ & $-0.0181597$ & $0.00766244$ & $-0.00265798$ & $-0.0274867$ & $-0.0123018$ & $-0.014531$ & $0.0175604$ & $0.00288846$ & $0.000951987$ & $-0.00547297$ & $0.0131436$ & $0.0161732$ & $0.0189495$ & $0.0168022$ & $0.00766385$ & $0.00743116$ & $0.000594837$ & $-0.00500795$ & $-0.00164413$ & $0.000863878$ & $0.0255877$ & $0.0196202$ & $-0.000259088$ & $-0.0132459$ & $-0.00483439$ & $0.010227$ & $-0.0190887$ & $-0.00362803$ & $-0.0270089$ & $-0.0437663$ & $-0.0223399$ & $0.0322266$ & $0.0336374$ & $0.00973458$ & $-0.00321757$ & $0.00897172$ & $1$ & $0.0303194$ & $-0.0108592$ & $-0.0160478$ & $0.0665471$ & $-0.0249411$ & $0.0531606$ & $-0.00312182$ & $-0.0400397$ & $-0.051731$ \\
eHZgaint & $0.0226277$ & $0.0890495$ & $0.0525331$ & $0.046259$ & $0.0054384$ & $-0.00883149$ & $-0.0335509$ & $-0.0162568$ & $-0.0372323$ & $-0.0198014$ & $0.0127368$ & $0.00497675$ & $0.00894021$ & $-0.00751763$ & $0.00375517$ & $0.00609219$ & $0.00772751$ & $0.0024584$ & $0.00113044$ & $-0.00829927$ & $-0.0126483$ & $-0.0119418$ & $0.00287528$ & $0.00746932$ & $0.00358233$ & $0.00787738$ & $-0.00965124$ & $-0.0111519$ & $-0.0210415$ & $-0.0222222$ & $0.0512244$ & $-0.0224132$ & $0.00641547$ & $-0.0101148$ & $0.043373$ & $0.371789$ & $0.0698786$ & $0.0172839$ & $-0.0271608$ & $0.0303194$ & $1$ & $-0.00927468$ & $-0.285693$ & $-0.0760519$ & $-0.0752269$ & $-0.0501278$ & $0.164515$ & $0.0749184$ & $0.0315474$ \\
eHZgapar & $0.0100043$ & $-0.0312213$ & $-0.0297237$ & $0.0205189$ & $0.0107714$ & $-0.000345655$ & $-0.00356963$ & $0.0108038$ & $0.0106109$ & $-0.00920265$ & $-0.0108021$ & $-3.64758e-05$ & $0.00300788$ & $0.00194784$ & $0.0006804$ & $0.00533306$ & $0.00204598$ & $0.00011843$ & $-0.0035779$ & $0.00953119$ & $0.00961244$ & $0.0105476$ & $0.000607779$ & $1.55725e-05$ & $0.00323338$ & $-0.000613604$ & $0.0146917$ & $0.0068795$ & $0.00348571$ & $-0.00368752$ & $-0.00891215$ & $-0.00230537$ & $0.0130799$ & $0.00813546$ & $-0.00609415$ & $0.00857697$ & $0.00633693$ & $-0.00134232$ & $-0.0405793$ & $-0.0108592$ & $-0.00927468$ & $1$ & $-0.000796237$ & $-0.0278843$ & $-0.0494971$ & $0.0188706$ & $0.00638528$ & $-0.00677841$ & $0.019719$ \\
eHgagaint & $0.246734$ & $-0.0813749$ & $-0.159442$ & $-0.174195$ & $0.00957894$ & $0.00956419$ & $0.0806593$ & $-0.00496071$ & $0.0551308$ & $0.00646537$ & $0.00100991$ & $-0.0359378$ & $-0.0363566$ & $0.00788521$ & $-0.0121389$ & $-0.0185088$ & $0.00290859$ & $0.012061$ & $0.0166944$ & $-0.00597047$ & $-0.0033584$ & $-0.00394108$ & $0.00856953$ & $-0.00136123$ & $0.00285706$ & $0.00110344$ & $0.021486$ & $-0.00385953$ & $0.00771445$ & $0.0207766$ & $-0.120075$ & $0.0716553$ & $-0.0309852$ & $-0.000960339$ & $-0.0496925$ & $-0.33461$ & $0.00913049$ & $-0.0312859$ & $0.0354464$ & $-0.0160478$ & $-0.285693$ & $-0.000796237$ & $1$ & $0.0783517$ & $0.133755$ & $-0.221121$ & $-0.328721$ & $-0.257629$ & $-0.0278577$ \\
eHmumuint & $-0.0418993$ & $0.228862$ & $0.0647346$ & $-0.0443087$ & $-0.0086076$ & $-0.00936409$ & $0.0404737$ & $-0.0617189$ & $-0.0573992$ & $0.0410239$ & $0.0424132$ & $-0.00783585$ & $-0.0283103$ & $0.00693957$ & $0.0260504$ & $0.0185459$ & $0.0313396$ & $0.0150579$ & $0.0188471$ & $-0.0314787$ & $-0.0434052$ & $-0.0460735$ & $-0.0339051$ & $0.0609225$ & $0.0145103$ & $0.0371384$ & $-0.068971$ & $-0.0166563$ & $0.00197756$ & $-0.0417732$ & $-0.0449764$ & $0.0440824$ & $-0.169742$ & $-0.0602837$ & $0.0759315$ & $0.0377967$ & $0.0403985$ & $0.0400127$ & $0.0901438$ & $0.0665471$ & $-0.0760519$ & $-0.0278843$ & $0.0783517$ & $1$ & $-0.0689352$ & $0.168311$ & $-0.0785285$ & $-0.1031$ & $-0.263634$ \\
eHtautauint & $-0.0669601$ & $0.0313331$ & $-0.0186171$ & $0.239398$ & $-0.00677839$ & $-0.0211952$ & $0.033201$ & $-0.0135856$ & $-0.00714671$ & $0.0098926$ & $0.0153836$ & $0.00859688$ & $-0.00200104$ & $-0.0152448$ & $0.0151631$ & $0.00977579$ & $-0.00133099$ & $-0.0133409$ & $-0.00981915$ & $-0.0122638$ & $-0.0167157$ & $-0.0147551$ & $-0.0116734$ & $0.00230839$ & $-0.0113712$ & $0.0128914$ & $-0.0332777$ & $-0.0103932$ & $-0.00200047$ & $0.0380225$ & $-0.0865159$ & $0.0406186$ & $0.0727877$ & $-0.0200136$ & $0.149362$ & $-0.164567$ & $0.171636$ & $0.0171517$ & $0.0442657$ & $-0.0249411$ & $-0.0752269$ & $-0.0494971$ & $0.133755$ & $-0.0689352$ & $1$ & $-0.175893$ & $-0.191639$ & $-0.000944072$ & $0.195403$ \\
eHccint & $0.0726177$ & $-0.215369$ & $0.0156148$ & $-0.155821$ & $0.00220527$ & $-0.00832486$ & $0.0362592$ & $-0.0129118$ & $-0.023712$ & $0.0258505$ & $-0.00973666$ & $-0.0341854$ & $-0.0381372$ & $0.0428924$ & $0.0106894$ & $0.0246474$ & $0.0451368$ & $0.0398328$ & $0.0285394$ & $0.00719648$ & $0.0013682$ & $0.00185047$ & $-0.0341112$ & $0.0427266$ & $0.0211318$ & $0.00652397$ & $-0.0411845$ & $-0.00133417$ & $0.00177044$ & $-0.0108837$ & $0.0660942$ & $0.0312769$ & $-0.0303295$ & $-0.0301993$ & $-0.0563661$ & $-0.0866392$ & $-0.263203$ & $0.00686257$ & $0.326424$ & $0.0531606$ & $-0.0501278$ & $0.0188706$ & $-0.221121$ & $0.168311$ & $-0.175893$ & $1$ & $0.03533$ & $0.17257$ & $-0.13103$ \\
eHccpar & $-0.0554968$ & $0.0866445$ & $0.200442$ & $0.0189699$ & $-0.00103616$ & $-1.11985e-05$ & $-0.0320803$ & $0.0157953$ & $-0.00593933$ & $-0.024542$ & $0.0033835$ & $0.0216175$ & $0.0253426$ & $-0.0305338$ & $-0.038924$ & $-0.0306184$ & $-0.0288121$ & $-0.00972395$ & $-0.014175$ & $-0.00515425$ & $0.00571938$ & $0.00945968$ & $0.0315645$ & $-0.0319145$ & $0.00532345$ & $-0.00583016$ & $0.0699275$ & $0.00616513$ & $-0.00706291$ & $-0.010341$ & $0.372628$ & $-0.0142935$ & $-0.00584496$ & $0.0519517$ & $0.0305793$ & $0.371306$ & $0.0577875$ & $-0.0165213$ & $-0.032195$ & $-0.00312182$ & $0.164515$ & $0.00638528$ & $-0.328721$ & $-0.0785285$ & $-0.191639$ & $0.03533$ & $1$ & $0.348075$ & $-0.105049$ \\
eHbbint & $-0.0372002$ & $0.0350533$ & $0.10168$ & $0.0267428$ & $0.00990505$ & $-0.0132424$ & $0.0354158$ & $0.0151594$ & $0.0043659$ & $-0.00893375$ & $-0.014599$ & $-0.00473993$ & $-0.00204717$ & $0.00176078$ & $-0.00381265$ & $0.012344$ & $0.00514105$ & $0.00269841$ & $-0.0102684$ & $0.0144919$ & $0.0162769$ & $0.0168587$ & $0.00517483$ & $-0.00613352$ & $0.0035045$ & $-0.0137433$ & $0.0121775$ & $0.0269629$ & $0.0198055$ & $0.0335316$ & $0.147541$ & $0.0394593$ & $0.165495$ & $0.0213727$ & $-0.0765043$ & $-0.012447$ & $-0.180143$ & $0.00649098$ & $0.173241$ & $-0.0400397$ & $0.0749184$ & $-0.00677841$ & $-0.257629$ & $-0.1031$ & $-0.000944072$ & $0.17257$ & $0.348075$ & $1$ & $0.0323062$ \\
eHbbpar & $-0.072415$ & $-0.429856$ & $-0.252812$ & $0.0463496$ & $0.0111167$ & $0.00165801$ & $-0.0415069$ & $0.0286476$ & $0.0258557$ & $-0.0149387$ & $-0.0303971$ & $-0.0151461$ & $0.00281549$ & $0.029867$ & $0.027406$ & $0.0156137$ & $-0.00129078$ & $-0.00710952$ & $0.00157345$ & $0.0217483$ & $0.0182171$ & $0.014606$ & $0.0110123$ & $-1.37971e-05$ & $-0.00133864$ & $-0.0236651$ & $-0.0163864$ & $-0.0079922$ & $-0.0102561$ & $0.00846378$ & $-0.0447444$ & $-0.0520261$ & $0.43826$ & $-0.027101$ & $-0.121935$ & $-0.0827945$ & $0.155402$ & $-0.0174756$ & $0.0406983$ & $-0.051731$ & $0.0315474$ & $0.019719$ & $-0.0278577$ & $-0.263634$ & $0.195403$ & $-0.13103$ & $-0.105049$ & $0.0323062$ & $1$ \\
