 & AlsMz & dAle5Mz & mtop & mHl & Mz & CW & CHG & CHWB & CHWHB_gaga & CHWHB_gagaorth & CHD & CHbox & CH & CHL1_11 & CHL1_22 & CHL1_33 & CHL3_11 & CHL3_22 & CHL3_33 & CHe_11 & CHe_22 & CHe_33 & CHQ1_11 & CHQ1_33 & CHQ3_11 & CHu_11 & CHd_11 & CHd_33 & CeH_22r & CeH_33r & CuH_22r & CuH_33r & CdH_33r & CLL_1221 & eHggint & eHggpar & eHWWint & eHWWpar & eHZZint & eHZZpar & eHZgaint & eHZgapar & eHgagaint & eHmumuint & eHtautauint & eHccint & eHccpar & eHbbint & eHbbpar \\
AlsMz & $1$ & $-0.131209$ & $0.145537$ & $-0.0215466$ & $-0.0246652$ & $0.00530544$ & $0.0203092$ & $0.0377462$ & $0.0360024$ & $-0.0660959$ & $-0.0221117$ & $-0.0906419$ & $0.0258115$ & $-0.0224868$ & $-0.0212702$ & $-0.0194918$ & $-0.0392146$ & $-0.0276045$ & $-0.0234004$ & $0.00981542$ & $0.0198032$ & $0.0176427$ & $-0.00598982$ & $-0.100693$ & $-0.0939932$ & $0.00198047$ & $0.0432371$ & $0.0477535$ & $0.00539804$ & $-0.00636437$ & $0.035204$ & $0.00476862$ & $0.0490276$ & $0.0387578$ & $-0.190337$ & $0.00651473$ & $0.0873545$ & $0.00510168$ & $0.0961516$ & $0.00911324$ & $0.0266004$ & $-0.0317063$ & $0.0286835$ & $-0.206587$ & $0.140018$ & $-0.0213328$ & $0.086363$ & $0.0948119$ & $0.188457$ \\
dAle5Mz & $-0.131209$ & $1$ & $-0.180659$ & $0.178989$ & $0.0493409$ & $-0.0286766$ & $-0.0100088$ & $-0.0695197$ & $-0.0693193$ & $0.0426497$ & $0.0445447$ & $0.0369884$ & $-0.0270703$ & $0.00305346$ & $0.02792$ & $0.024502$ & $0.0313508$ & $0.0131293$ & $0.0147338$ & $-0.0220264$ & $-0.0344873$ & $-0.0306869$ & $-0.0524096$ & $0.0520889$ & $-0.00295603$ & $0.0325159$ & $-0.08815$ & $-0.0115837$ & $0.0111873$ & $0.012227$ & $0.0490412$ & $-0.0175839$ & $-0.0503844$ & $-0.0341799$ & $-0.162983$ & $-0.0572282$ & $0.137891$ & $-0.0484175$ & $-0.0750881$ & $-0.0178746$ & $-0.157386$ & $-0.0503016$ & $-0.0666204$ & $0.218206$ & $-0.10347$ & $-0.00747106$ & $0.172471$ & $0.0450948$ & $-0.152251$ \\
mtop & $0.145537$ & $-0.180659$ & $1$ & $0.219029$ & $-0.0652981$ & $0.0142722$ & $-0.013602$ & $0.0425484$ & $0.0398572$ & $-0.00446062$ & $-0.0549086$ & $-0.0326431$ & $0.050636$ & $0.0580561$ & $0.010261$ & $0.0323737$ & $0.0271317$ & $0.0278099$ & $0.0139977$ & $0.056117$ & $0.0568095$ & $0.0512701$ & $-0.0164975$ & $-0.00192911$ & $-0.00880623$ & $-0.0222794$ & $-0.00951134$ & $0.0392166$ & $0.00767166$ & $-0.00799637$ & $-0.0191067$ & $-0.0235346$ & $0.0823514$ & $0.016882$ & $-0.18423$ & $-0.123919$ & $0.134934$ & $0.0154469$ & $-0.0198087$ & $0.0235865$ & $-0.0250737$ & $-0.0232576$ & $-0.0252588$ & $0.024169$ & $-0.052729$ & $-0.0853432$ & $-0.109465$ & $0.112181$ & $0.131794$ \\
mHl & $-0.0215466$ & $0.178989$ & $0.219029$ & $1$ & $0.00307771$ & $0.00657525$ & $0.023262$ & $-0.0537699$ & $-0.0522517$ & $0.0241294$ & $0.0412002$ & $0.00808979$ & $-0.0336216$ & $0.0174246$ & $-0.0148781$ & $-0.0179646$ & $0.0168995$ & $0.0342033$ & $0.0353444$ & $-0.0353445$ & $-0.0363722$ & $-0.0413946$ & $-0.0292546$ & $0.0405001$ & $0.014744$ & $0.0408362$ & $-0.042423$ & $-0.0138681$ & $0.0289812$ & $0.018951$ & $0.00697427$ & $0.0240728$ & $-0.0474306$ & $-0.0302365$ & $-0.0643864$ & $-0.22911$ & $-0.0013599$ & $-0.0312484$ & $-0.252453$ & $0.0069825$ & $-0.0191888$ & $0.0309139$ & $-0.0624716$ & $0.0666505$ & $-0.091119$ & $0.122314$ & $-0.00364346$ & $-0.107147$ & $-0.166462$ \\
Mz & $-0.0246652$ & $0.0493409$ & $-0.0652981$ & $0.00307771$ & $1$ & $0.0553106$ & $-0.0279018$ & $0.0217497$ & $0.0207725$ & $-0.0095688$ & $-0.00843293$ & $0.00907741$ & $0.0439338$ & $0.00575182$ & $0.00629895$ & $0.0320836$ & $-0.0232535$ & $-0.0122698$ & $-0.0330142$ & $0.0219221$ & $0.0180438$ & $0.0165509$ & $-0.0369899$ & $-0.0233938$ & $-0.0213354$ & $0.0225674$ & $-0.00705071$ & $0.0217577$ & $-0.015409$ & $-0.00235508$ & $0.0231342$ & $-0.0273391$ & $-0.00197195$ & $0.00873541$ & $0.0277167$ & $-0.00621145$ & $-0.0142951$ & $-0.024956$ & $0.0212923$ & $-0.0226058$ & $-0.0149693$ & $0.0310183$ & $0.0178116$ & $-0.0146272$ & $-0.0037749$ & $0.0508065$ & $0.0381219$ & $-0.0324231$ & $-0.00228857$ \\
CW & $0.00530544$ & $-0.0286766$ & $0.0142722$ & $0.00657525$ & $0.0553106$ & $1$ & $0.0170947$ & $-0.11943$ & $-0.116843$ & $0.0163672$ & $0.186965$ & $0.0799266$ & $0.01341$ & $0.0164898$ & $-0.0949897$ & $-0.0496153$ & $-0.28057$ & $-0.048852$ & $-0.0835454$ & $-0.182552$ & $-0.189997$ & $-0.191076$ & $-0.00299993$ & $-0.000502649$ & $-0.098468$ & $0.113592$ & $-0.075316$ & $-0.0728834$ & $-0.0106272$ & $0.0165293$ & $0.0182981$ & $0.0266654$ & $0.0343507$ & $-0.110736$ & $-0.0183549$ & $-0.0570712$ & $-0.0292779$ & $0.0208512$ & $-0.0519001$ & $-0.0191285$ & $-0.00174643$ & $-0.0185189$ & $-0.0486473$ & $-0.0169147$ & $-0.0257919$ & $-0.0210171$ & $0.0215909$ & $0.00864756$ & $0.0250391$ \\
CHG & $0.0203092$ & $-0.0100088$ & $-0.013602$ & $0.023262$ & $-0.0279018$ & $0.0170947$ & $1$ & $-0.111258$ & $-0.0574235$ & $0.0920891$ & $0.0497143$ & $-0.0634982$ & $-0.32287$ & $0.0934415$ & $-0.0340114$ & $-0.0401553$ & $0.128141$ & $0.141441$ & $0.144337$ & $-0.0511458$ & $-0.0519651$ & $-0.0519233$ & $0.024534$ & $0.12987$ & $0.139047$ & $0.00607929$ & $-0.024528$ & $-0.0484399$ & $-0.0116152$ & $-0.139578$ & $-0.0859209$ & $0.933138$ & $-0.164235$ & $-0.0631392$ & $-0.0693152$ & $0.00374547$ & $-0.000391182$ & $-0.0221809$ & $0.00149248$ & $-0.0260245$ & $0.0317618$ & $0.00234747$ & $0.00723546$ & $-0.00321321$ & $-0.0254583$ & $-0.0110427$ & $-0.00149309$ & $0.0257422$ & $0.0259653$ \\
CHWB & $0.0377462$ & $-0.0695197$ & $0.0425484$ & $-0.0537699$ & $0.0217497$ & $-0.11943$ & $-0.111258$ & $1$ & $0.985384$ & $-0.589527$ & $-0.882794$ & $-0.243969$ & $0.390451$ & $0.0795267$ & $0.286746$ & $0.293879$ & $-0.256985$ & $-0.452332$ & $-0.447694$ & $0.854381$ & $0.900166$ & $0.884913$ & $0.102547$ & $-0.701409$ & $-0.398798$ & $-0.52095$ & $0.469642$ & $0.266854$ & $0.0326637$ & $0.131512$ & $0.0489408$ & $-0.107486$ & $0.121922$ & $0.588961$ & $-0.0385548$ & $0.0266238$ & $0.00194963$ & $-0.0154875$ & $0.0431314$ & $0.0231863$ & $0.000605528$ & $0.0145787$ & $0.0984588$ & $-0.0327356$ & $-0.000398607$ & $-0.04068$ & $0.0212986$ & $0.0186338$ & $-0.0228254$ \\
CHWHB_gaga & $0.0360024$ & $-0.0693193$ & $0.0398572$ & $-0.0522517$ & $0.0207725$ & $-0.116843$ & $-0.0574235$ & $0.985384$ & $1$ & $-0.580462$ & $-0.865409$ & $-0.223268$ & $0.386049$ & $0.0701148$ & $0.277673$ & $0.28476$ & $-0.26158$ & $-0.45099$ & $-0.446178$ & $0.836932$ & $0.883348$ & $0.868409$ & $0.103417$ & $-0.696568$ & $-0.396381$ & $-0.50963$ & $0.469392$ & $0.257964$ & $0.0374823$ & $0.149562$ & $0.0583687$ & $-0.061233$ & $0.140368$ & $0.584103$ & $-0.0445042$ & $0.0207155$ & $-0.00739063$ & $-0.0160281$ & $0.0367097$ & $0.0152718$ & $0.00385382$ & $0.0182771$ & $0.137465$ & $-0.0226451$ & $-0.00439642$ & $-0.0409785$ & $0.0304923$ & $0.0300466$ & $-0.0295204$ \\
CHWHB_gagaorth & $-0.0660959$ & $0.0426497$ & $-0.00446062$ & $0.0241294$ & $-0.0095688$ & $0.0163672$ & $0.0920891$ & $-0.589527$ & $-0.580462$ & $1$ & $0.378923$ & $0.60336$ & $-0.287665$ & $0.219669$ & $-0.122672$ & $-0.101292$ & $0.449138$ & $0.504587$ & $0.479321$ & $-0.362812$ & $-0.396074$ & $-0.389944$ & $-0.0782217$ & $0.586986$ & $0.486264$ & $0.23346$ & $-0.265041$ & $-0.132415$ & $-0.0227781$ & $-0.15443$ & $-0.0790496$ & $0.11002$ & $-0.154643$ & $-0.368577$ & $0.0554352$ & $0.0659795$ & $-0.040087$ & $-0.00136214$ & $-0.0216462$ & $-0.0129746$ & $-0.0218738$ & $0.0197798$ & $-0.0546757$ & $0.0636671$ & $-0.0288267$ & $0.0193956$ & $0.0082761$ & $-0.0298231$ & $0.0064779$ \\
CHD & $-0.0221117$ & $0.0445447$ & $-0.0549086$ & $0.0412002$ & $-0.00843293$ & $0.186965$ & $0.0497143$ & $-0.882794$ & $-0.865409$ & $0.378923$ & $1$ & $0.299031$ & $-0.204569$ & $-0.492788$ & $-0.418181$ & $-0.411025$ & $-0.193426$ & $0.0923764$ & $0.083224$ & $-0.990699$ & $-0.991835$ & $-0.971033$ & $-0.0506683$ & $0.34699$ & $0.0190501$ & $0.584932$ & $-0.340589$ & $-0.31101$ & $-0.012362$ & $-0.0768136$ & $-0.0227007$ & $0.0544613$ & $-0.0770846$ & $-0.391262$ & $0.0451018$ & $-0.0213663$ & $-0.0188187$ & $0.0307538$ & $-0.042991$ & $-0.0172996$ & $0.00333016$ & $-0.025892$ & $-0.0617823$ & $0.0201348$ & $0.0216358$ & $0.0312609$ & $-0.0220301$ & $-0.00492095$ & $-0.00787972$ \\
CHbox & $-0.0906419$ & $0.0369884$ & $-0.0326431$ & $0.00808979$ & $0.00907741$ & $0.0799266$ & $-0.0634982$ & $-0.243969$ & $-0.223268$ & $0.60336$ & $0.299031$ & $1$ & $0.129788$ & $-0.20756$ & $-0.0589378$ & $-0.0287248$ & $-0.109771$ & $-0.0516167$ & $-0.0723155$ & $-0.278534$ & $-0.304612$ & $-0.293287$ & $-0.041177$ & $0.0990692$ & $-0.0504023$ & $0.195001$ & $-0.138933$ & $-0.095589$ & $0.0294138$ & $0.21913$ & $0.0414198$ & $0.0263597$ & $0.238206$ & $-0.153123$ & $0.0835097$ & $0.0814087$ & $-0.0649378$ & $0.0176197$ & $-0.0498676$ & $0.0147314$ & $-0.0484588$ & $0.0227122$ & $-0.0207366$ & $0.102641$ & $-0.0604345$ & $-0.00734231$ & $0.0412826$ & $-0.0279056$ & $-0.0337481$ \\
CH & $0.0258115$ & $-0.0270703$ & $0.050636$ & $-0.0336216$ & $0.0439338$ & $0.01341$ & $-0.32287$ & $0.390451$ & $0.386049$ & $-0.287665$ & $-0.204569$ & $0.129788$ & $1$ & $-0.253349$ & $0.0994197$ & $0.0953632$ & $-0.386642$ & $-0.430256$ & $-0.42223$ & $0.200435$ & $0.213546$ & $0.213291$ & $0.0306285$ & $-0.432855$ & $-0.417386$ & $-0.120805$ & $0.142118$ & $0.0352787$ & $0.0572175$ & $0.297755$ & $0.118147$ & $-0.272811$ & $0.341456$ & $0.233421$ & $0.000805842$ & $0.0226043$ & $-0.0150581$ & $-0.00999939$ & $-0.000718989$ & $0.0181056$ & $-0.0275462$ & $-0.0137835$ & $0.0554809$ & $-7.04755e-05$ & $0.0207499$ & $-0.0443135$ & $0.00438555$ & $0.0209357$ & $-0.027458$ \\
CHL1_11 & $-0.0224868$ & $0.00305346$ & $0.0580561$ & $0.0174246$ & $0.00575182$ & $0.0164898$ & $0.0934415$ & $0.0795267$ & $0.0701148$ & $0.219669$ & $-0.492788$ & $-0.20756$ & $-0.253349$ & $1$ & $0.293835$ & $0.266947$ & $0.667645$ & $0.592497$ & $0.60224$ & $0.514183$ & $0.451849$ & $0.432334$ & $-0.0665777$ & $0.469813$ & $0.61609$ & $-0.277642$ & $-0.0969549$ & $0.160941$ & $-0.0250743$ & $-0.0588504$ & $-0.0345373$ & $0.0759173$ & $-0.0425567$ & $-0.234991$ & $-0.0254603$ & $-0.0250587$ & $0.0349984$ & $-0.0204622$ & $0.0236459$ & $-0.00946917$ & $0.0129499$ & $0.0109883$ & $-0.0300786$ & $-0.00533521$ & $-0.0386202$ & $-0.00349638$ & $0.00025671$ & $-0.00549619$ & $0.0530626$ \\
CHL1_22 & $-0.0212702$ & $0.02792$ & $0.010261$ & $-0.0148781$ & $0.00629895$ & $-0.0949897$ & $-0.0340114$ & $0.286746$ & $0.277673$ & $-0.122672$ & $-0.418181$ & $-0.0589378$ & $0.0994197$ & $0.293835$ & $1$ & $0.434482$ & $0.172685$ & $-0.432244$ & $-0.00553123$ & $0.483548$ & $0.336882$ & $0.330702$ & $-0.149$ & $0.104436$ & $-0.10471$ & $-0.218515$ & $-0.37363$ & $0.142719$ & $0.0120953$ & $0.0539565$ & $0.0103539$ & $-0.035523$ & $0.0758271$ & $-0.57732$ & $-0.0716074$ & $-0.0470691$ & $0.010844$ & $-0.0224932$ & $-0.0338795$ & $0.0344782$ & $-0.0520058$ & $0.0186822$ & $-0.0590956$ & $0.0222356$ & $-0.032855$ & $-0.0332129$ & $0.0138184$ & $0.0298705$ & $0.0380203$ \\
CHL1_33 & $-0.0194918$ & $0.024502$ & $0.0323737$ & $-0.0179646$ & $0.0320836$ & $-0.0496153$ & $-0.0401553$ & $0.293879$ & $0.28476$ & $-0.101292$ & $-0.411025$ & $-0.0287248$ & $0.0953632$ & $0.266947$ & $0.434482$ & $1$ & $0.147537$ & $-0.0297736$ & $-0.428237$ & $0.475409$ & $0.33484$ & $0.351424$ & $-0.176157$ & $0.0774147$ & $-0.118785$ & $-0.180714$ & $-0.350578$ & $0.102836$ & $0.001481$ & $0.0344129$ & $0.00598053$ & $-0.0382972$ & $0.0520506$ & $-0.0804073$ & $-0.0120025$ & $-0.0215773$ & $-0.0141099$ & $-0.0456107$ & $-0.0413288$ & $0.0127834$ & $-0.0323487$ & $-0.0199149$ & $-0.0566257$ & $0.0397092$ & $-0.0417768$ & $0.0385843$ & $-0.0104563$ & $0.0200463$ & $0.0187619$ \\
CHL3_11 & $-0.0392146$ & $0.0313508$ & $0.0271317$ & $0.0168995$ & $-0.0232535$ & $-0.28057$ & $0.128141$ & $-0.256985$ & $-0.26158$ & $0.449138$ & $-0.193426$ & $-0.109771$ & $-0.386642$ & $0.667645$ & $0.172685$ & $0.147537$ & $1$ & $0.743173$ & $0.75093$ & $0.216703$ & $0.16077$ & $0.152644$ & $-0.0637959$ & $0.680102$ & $0.792643$ & $-0.121071$ & $-0.169717$ & $0.0800273$ & $-0.0396427$ & $-0.128572$ & $-0.0568773$ & $0.110115$ & $-0.108266$ & $-0.272876$ & $-0.00280731$ & $0.0225651$ & $0.0286787$ & $-0.0388185$ & $0.0025727$ & $-0.013427$ & $-0.0105759$ & $0.0405333$ & $-0.0642046$ & $0.0298562$ & $-0.0368018$ & $0.0268174$ & $0.00061246$ & $-0.0497018$ & $0.0611405$ \\
CHL3_22 & $-0.0276045$ & $0.0131293$ & $0.0278099$ & $0.0342033$ & $-0.0122698$ & $-0.048852$ & $0.141441$ & $-0.452332$ & $-0.45099$ & $0.504587$ & $0.0923764$ & $-0.0516167$ & $-0.430256$ & $0.592497$ & $-0.432244$ & $-0.0297736$ & $0.743173$ & $1$ & $0.681699$ & $-0.0930839$ & $-0.0888379$ & $-0.0929224$ & $-0.0123965$ & $0.636606$ & $0.799044$ & $0.0477398$ & $-0.0334649$ & $-0.0231586$ & $-0.0483446$ & $-0.14502$ & $-0.0592003$ & $0.126431$ & $-0.138598$ & $-0.00673774$ & $0.0429774$ & $0.0186329$ & $0.0207228$ & $-0.0133925$ & $0.0198773$ & $-0.0344912$ & $0.0268354$ & $0.00511558$ & $-0.0366582$ & $0.0105442$ & $-0.0199936$ & $0.045594$ & $-0.0154839$ & $-0.0468885$ & $0.0357894$ \\
CHL3_33 & $-0.0234004$ & $0.0147338$ & $0.0139977$ & $0.0353444$ & $-0.0330142$ & $-0.0835454$ & $0.144337$ & $-0.447694$ & $-0.446178$ & $0.479321$ & $0.083224$ & $-0.0723155$ & $-0.42223$ & $0.60224$ & $-0.00553123$ & $-0.428237$ & $0.75093$ & $0.681699$ & $1$ & $-0.0837515$ & $-0.0819098$ & $-0.0818839$ & $0.00943728$ & $0.643341$ & $0.801944$ & $0.0188311$ & $-0.040028$ & $0.00612537$ & $-0.0402619$ & $-0.127373$ & $-0.0526842$ & $0.127297$ & $-0.115997$ & $-0.375417$ & $-0.00474991$ & $0.00717681$ & $0.0396995$ & $0.00620551$ & $0.0266874$ & $-0.0154501$ & $0.0119446$ & $0.0342511$ & $-0.0274996$ & $-0.00532409$ & $-0.0061017$ & $-0.00912637$ & $0.0140695$ & $-0.0326215$ & $0.0503034$ \\
CHe_11 & $0.00981542$ & $-0.0220264$ & $0.056117$ & $-0.0353445$ & $0.0219221$ & $-0.182552$ & $-0.0511458$ & $0.854381$ & $0.836932$ & $-0.362812$ & $-0.990699$ & $-0.278534$ & $0.200435$ & $0.514183$ & $0.483548$ & $0.475409$ & $0.216703$ & $-0.0930839$ & $-0.0837515$ & $1$ & $0.973868$ & $0.953557$ & $0.0217892$ & $-0.292467$ & $-0.0120371$ & $-0.573763$ & $0.264837$ & $0.311222$ & $0.00877565$ & $0.0781437$ & $0.021223$ & $-0.0547286$ & $0.0793875$ & $0.313338$ & $-0.0488603$ & $0.0116801$ & $0.0211626$ & $-0.032465$ & $0.0354546$ & $0.0190721$ & $-0.0119363$ & $0.0221504$ & $0.0460908$ & $-0.00931873$ & $-0.0291156$ & $-0.0291882$ & $0.0219279$ & $0.00967144$ & $0.00865882$ \\
CHe_22 & $0.0198032$ & $-0.0344873$ & $0.0568095$ & $-0.0363722$ & $0.0180438$ & $-0.189997$ & $-0.0519651$ & $0.900166$ & $0.883348$ & $-0.396074$ & $-0.991835$ & $-0.304612$ & $0.213546$ & $0.451849$ & $0.336882$ & $0.33484$ & $0.16077$ & $-0.0888379$ & $-0.0819098$ & $0.973868$ & $1$ & $0.975981$ & $0.0775597$ & $-0.400195$ & $-0.0278637$ & $-0.58689$ & $0.41579$ & $0.309388$ & $0.0128328$ & $0.078381$ & $0.025132$ & $-0.056475$ & $0.0743096$ & $0.473578$ & $-0.0444711$ & $0.0274828$ & $0.0218094$ & $-0.0278487$ & $0.0487669$ & $0.0145098$ & $-0.000702841$ & $0.0262974$ & $0.0744899$ & $-0.0217662$ & $-0.0192223$ & $-0.0335742$ & $0.0264344$ & $0.00210412$ & $-0.00120694$ \\
CHe_33 & $0.0176427$ & $-0.0306869$ & $0.0512701$ & $-0.0413946$ & $0.0165509$ & $-0.191076$ & $-0.0519233$ & $0.884913$ & $0.868409$ & $-0.389944$ & $-0.971033$ & $-0.293287$ & $0.213291$ & $0.432334$ & $0.330702$ & $0.351424$ & $0.152644$ & $-0.0929224$ & $-0.0818839$ & $0.953557$ & $0.975981$ & $1$ & $0.0754962$ & $-0.397459$ & $-0.0305436$ & $-0.573721$ & $0.411254$ & $0.301813$ & $0.0168071$ & $0.0774226$ & $0.0247433$ & $-0.0563151$ & $0.0724462$ & $0.469671$ & $-0.0441203$ & $0.0303336$ & $0.0175887$ & $-0.0228515$ & $0.0401635$ & $0.013901$ & $-0.00380688$ & $0.0265213$ & $0.0829929$ & $-0.0164464$ & $-0.0191812$ & $-0.0376805$ & $0.0332934$ & $0.0107267$ & $-0.00112425$ \\
CHQ1_11 & $-0.00598982$ & $-0.0524096$ & $-0.0164975$ & $-0.0292546$ & $-0.0369899$ & $-0.00299993$ & $0.024534$ & $0.102547$ & $0.103417$ & $-0.0782217$ & $-0.0506683$ & $-0.041177$ & $0.0306285$ & $-0.0665777$ & $-0.149$ & $-0.176157$ & $-0.0637959$ & $-0.0123965$ & $0.00943728$ & $0.0217892$ & $0.0775597$ & $0.0754962$ & $1$ & $-0.147968$ & $0.0667351$ & $-0.692105$ & $0.348956$ & $0.0091733$ & $0.00034684$ & $-0.0381888$ & $0.0188553$ & $0.0189285$ & $-0.0109089$ & $0.207983$ & $0.0245714$ & $0.0402239$ & $0.0304039$ & $-0.00917722$ & $0.0399565$ & $-0.0245393$ & $0.0443982$ & $0.0213702$ & $0.0661441$ & $-0.0432865$ & $0.0343485$ & $-0.0258361$ & $-0.0217379$ & $-0.0231639$ & $0.0132378$ \\
CHQ1_33 & $-0.100693$ & $0.0520889$ & $-0.00192911$ & $0.0405001$ & $-0.0233938$ & $-0.000502649$ & $0.12987$ & $-0.701409$ & $-0.696568$ & $0.586986$ & $0.34699$ & $0.0990692$ & $-0.432855$ & $0.469813$ & $0.104436$ & $0.0774147$ & $0.680102$ & $0.636606$ & $0.643341$ & $-0.292467$ & $-0.400195$ & $-0.397459$ & $-0.147968$ & $1$ & $0.649576$ & $0.211791$ & $-0.458079$ & $-0.00893772$ & $-0.0357493$ & $-0.132649$ & $-0.0621231$ & $0.119121$ & $-0.1117$ & $-0.657995$ & $0.0206384$ & $-0.0177426$ & $-0.00218515$ & $-0.00275661$ & $-0.0341372$ & $-0.0342769$ & $-0.000700461$ & $0.00318652$ & $-0.104943$ & $0.0555272$ & $-0.0460881$ & $0.0346438$ & $-0.0370766$ & $-0.0257975$ & $0.0538511$ \\
CHQ3_11 & $-0.0939932$ & $-0.00295603$ & $-0.00880623$ & $0.014744$ & $-0.0213354$ & $-0.098468$ & $0.139047$ & $-0.398798$ & $-0.396381$ & $0.486264$ & $0.0190501$ & $-0.0504023$ & $-0.417386$ & $0.61609$ & $-0.10471$ & $-0.118785$ & $0.792643$ & $0.799044$ & $0.801944$ & $-0.0120371$ & $-0.0278637$ & $-0.0305436$ & $0.0667351$ & $0.649576$ & $1$ & $-0.00147561$ & $0.173354$ & $-0.00439243$ & $-0.0400457$ & $-0.141345$ & $-0.0585418$ & $0.128061$ & $-0.128173$ & $-0.227601$ & $0.0208268$ & $0.0580983$ & $0.00653788$ & $-0.0100366$ & $3.3694e-05$ & $-0.0184027$ & $0.0354174$ & $0.031629$ & $-0.00964844$ & $0.00616164$ & $-0.0400174$ & $0.0126492$ & $-0.000714818$ & $-0.0676411$ & $0.0339122$ \\
CHu_11 & $0.00198047$ & $0.0325159$ & $-0.0222794$ & $0.0408362$ & $0.0225674$ & $0.113592$ & $0.00607929$ & $-0.52095$ & $-0.50963$ & $0.23346$ & $0.584932$ & $0.195001$ & $-0.120805$ & $-0.277642$ & $-0.218515$ & $-0.180714$ & $-0.121071$ & $0.0477398$ & $0.0188311$ & $-0.573763$ & $-0.58689$ & $-0.573721$ & $-0.692105$ & $0.211791$ & $-0.00147561$ & $1$ & $-0.210505$ & $-0.191175$ & $0.00379835$ & $-0.00489896$ & $-0.0273498$ & $0.0144359$ & $-0.0324473$ & $-0.258111$ & $0.00640876$ & $-0.00631569$ & $-0.037361$ & $0.022139$ & $-0.0331177$ & $0.0109347$ & $-0.0191905$ & $-0.0304023$ & $-0.0391529$ & $0.0225998$ & $0.0179143$ & $0.0197857$ & $0.00937242$ & $-0.00364758$ & $-0.0261203$ \\
CHd_11 & $0.0432371$ & $-0.08815$ & $-0.00951134$ & $-0.042423$ & $-0.00705071$ & $-0.075316$ & $-0.024528$ & $0.469642$ & $0.469392$ & $-0.265041$ & $-0.340589$ & $-0.138933$ & $0.142118$ & $-0.0969549$ & $-0.37363$ & $-0.350578$ & $-0.169717$ & $-0.0334649$ & $-0.040028$ & $0.264837$ & $0.41579$ & $0.411254$ & $0.348956$ & $-0.458079$ & $0.173354$ & $-0.210505$ & $1$ & $0.0706632$ & $0.0181643$ & $0.026075$ & $0.0213822$ & $-0.0201951$ & $0.0129046$ & $0.697061$ & $-0.00596838$ & $0.125997$ & $-0.0120535$ & $0.0122185$ & $0.0577576$ & $-0.00399434$ & $0.0608497$ & $0.0244418$ & $0.168527$ & $-0.0618875$ & $0.0207796$ & $-0.0427969$ & $0.0275194$ & $-0.0419131$ & $-0.0322994$ \\
CHd_33 & $0.0477535$ & $-0.0115837$ & $0.0392166$ & $-0.0138681$ & $0.0217577$ & $-0.0728834$ & $-0.0484399$ & $0.266854$ & $0.257964$ & $-0.132415$ & $-0.31101$ & $-0.095589$ & $0.0352787$ & $0.160941$ & $0.142719$ & $0.102836$ & $0.0800273$ & $-0.0231586$ & $0.00612537$ & $0.311222$ & $0.309388$ & $0.301813$ & $0.0091733$ & $-0.00893772$ & $-0.00439243$ & $-0.191175$ & $0.0706632$ & $1$ & $0.0284776$ & $0.0539623$ & $0.0238888$ & $-0.0459547$ & $0.0337237$ & $0.106308$ & $-0.00822422$ & $-0.0307964$ & $-0.000298656$ & $-0.000762443$ & $0.0253244$ & $-0.0237645$ & $0.0371637$ & $-0.0207751$ & $0.0147387$ & $-0.00237998$ & $-0.0264802$ & $-0.0154549$ & $-0.00359715$ & $0.028855$ & $-0.0185186$ \\
CeH_22r & $0.00539804$ & $0.0111873$ & $0.00767166$ & $0.0289812$ & $-0.015409$ & $-0.0106272$ & $-0.0116152$ & $0.0326637$ & $0.0374823$ & $-0.0227781$ & $-0.012362$ & $0.0294138$ & $0.0572175$ & $-0.0250743$ & $0.0120953$ & $0.001481$ & $-0.0396427$ & $-0.0483446$ & $-0.0402619$ & $0.00877565$ & $0.0128328$ & $0.0168071$ & $0.00034684$ & $-0.0357493$ & $-0.0400457$ & $0.00379835$ & $0.0181643$ & $0.0284776$ & $1$ & $0.0780111$ & $0.0115691$ & $-0.0303504$ & $0.0675589$ & $0.0174513$ & $-0.0633289$ & $-0.0355563$ & $-0.0632952$ & $0.000218304$ & $-0.0594166$ & $0.0131322$ & $-0.0348405$ & $0.020284$ & $-0.0562918$ & $0.0627759$ & $-0.0202549$ & $-0.0401186$ & $-0.0200021$ & $0.0231759$ & $0.00657267$ \\
CeH_33r & $-0.00636437$ & $0.012227$ & $-0.00799637$ & $0.018951$ & $-0.00235508$ & $0.0165293$ & $-0.139578$ & $0.131512$ & $0.149562$ & $-0.15443$ & $-0.0768136$ & $0.21913$ & $0.297755$ & $-0.0588504$ & $0.0539565$ & $0.0344129$ & $-0.128572$ & $-0.14502$ & $-0.127373$ & $0.0781437$ & $0.078381$ & $0.0774226$ & $-0.0381888$ & $-0.132649$ & $-0.141345$ & $-0.00489896$ & $0.026075$ & $0.0539623$ & $0.0780111$ & $1$ & $0.324261$ & $0.0216218$ & $0.685976$ & $0.0550675$ & $-0.0487424$ & $-0.041088$ & $-0.13867$ & $-0.0133693$ & $-0.0288062$ & $0.0373733$ & $-0.0547148$ & $0.00794835$ & $-0.0166106$ & $0.0329744$ & $-0.0271295$ & $-7.42611e-05$ & $0.0493154$ & $0.0327795$ & $0.0353572$ \\
CuH_22r & $0.035204$ & $0.0490412$ & $-0.0191067$ & $0.00697427$ & $0.0231342$ & $0.0182981$ & $-0.0859209$ & $0.0489408$ & $0.0583687$ & $-0.0790496$ & $-0.0227007$ & $0.0414198$ & $0.118147$ & $-0.0345373$ & $0.0103539$ & $0.00598053$ & $-0.0568773$ & $-0.0592003$ & $-0.0526842$ & $0.021223$ & $0.025132$ & $0.0247433$ & $0.0188553$ & $-0.0621231$ & $-0.0585418$ & $-0.0273498$ & $0.0213822$ & $0.0238888$ & $0.0115691$ & $0.324261$ & $1$ & $-0.00144493$ & $0.387689$ & $0.0326483$ & $-0.0819312$ & $-0.048095$ & $-0.110019$ & $-0.00558481$ & $-0.109501$ & $-0.00364207$ & $-0.217236$ & $0.0121396$ & $-0.0078522$ & $0.146698$ & $-0.0447751$ & $0.0371718$ & $0.325782$ & $0.0554969$ & $0.044016$ \\
CuH_33r & $0.00476862$ & $-0.0175839$ & $-0.0235346$ & $0.0240728$ & $-0.0273391$ & $0.0266654$ & $0.933138$ & $-0.107486$ & $-0.061233$ & $0.11002$ & $0.0544613$ & $0.0263597$ & $-0.272811$ & $0.0759173$ & $-0.035523$ & $-0.0382972$ & $0.110115$ & $0.126431$ & $0.127297$ & $-0.0547286$ & $-0.056475$ & $-0.0563151$ & $0.0189285$ & $0.119121$ & $0.128061$ & $0.0144359$ & $-0.0201951$ & $-0.0459547$ & $-0.0303504$ & $0.0216218$ & $-0.00144493$ & $1$ & $0.020115$ & $-0.0599405$ & $0.00452092$ & $0.0600435$ & $-0.033345$ & $-0.0288208$ & $0.0184248$ & $-0.0103778$ & $0.0300759$ & $0.000796188$ & $0.0268274$ & $0.00324586$ & $-0.0140242$ & $-0.00596671$ & $-0.0152793$ & $-0.0247617$ & $0.0378513$ \\
CdH_33r & $0.0490276$ & $-0.0503844$ & $0.0823514$ & $-0.0474306$ & $-0.00197195$ & $0.0343507$ & $-0.164235$ & $0.121922$ & $0.140368$ & $-0.154643$ & $-0.0770846$ & $0.238206$ & $0.341456$ & $-0.0425567$ & $0.0758271$ & $0.0520506$ & $-0.108266$ & $-0.138598$ & $-0.115997$ & $0.0793875$ & $0.0743096$ & $0.0724462$ & $-0.0109089$ & $-0.1117$ & $-0.128173$ & $-0.0324473$ & $0.0129046$ & $0.0337237$ & $0.0675589$ & $0.685976$ & $0.387689$ & $0.020115$ & $1$ & $0.0279882$ & $-0.168953$ & $-0.0420792$ & $-0.234504$ & $0.0097525$ & $-0.0511397$ & $0.0462909$ & $-0.126763$ & $-0.00539831$ & $-0.0686587$ & $0.0459896$ & $-1.8775e-05$ & $-0.0719921$ & $0.0942385$ & $0.205768$ & $0.425334$ \\
CLL_1221 & $0.0387578$ & $-0.0341799$ & $0.016882$ & $-0.0302365$ & $0.00873541$ & $-0.110736$ & $-0.0631392$ & $0.588961$ & $0.584103$ & $-0.368577$ & $-0.391262$ & $-0.153123$ & $0.233421$ & $-0.234991$ & $-0.57732$ & $-0.0804073$ & $-0.272876$ & $-0.00673774$ & $-0.375417$ & $0.313338$ & $0.473578$ & $0.469671$ & $0.207983$ & $-0.657995$ & $-0.227601$ & $-0.258111$ & $0.697061$ & $0.106308$ & $0.0174513$ & $0.0550675$ & $0.0326483$ & $-0.0599405$ & $0.0279882$ & $1$ & $0.0221885$ & $0.0733289$ & $-0.00346472$ & $-0.00548046$ & $0.0574437$ & $-0.00861254$ & $0.0279117$ & $0.000953688$ & $0.12456$ & $-0.0276209$ & $0.0211637$ & $0.000227497$ & $0.0147008$ & $-0.017365$ & $-0.0552579$ \\
eHggint & $-0.190337$ & $-0.162983$ & $-0.18423$ & $-0.0643864$ & $0.0277167$ & $-0.0183549$ & $-0.0693152$ & $-0.0385548$ & $-0.0445042$ & $0.0554352$ & $0.0451018$ & $0.0835097$ & $0.000805842$ & $-0.0254603$ & $-0.0716074$ & $-0.0120025$ & $-0.00280731$ & $0.0429774$ & $-0.00474991$ & $-0.0488603$ & $-0.0444711$ & $-0.0441203$ & $0.0245714$ & $0.0206384$ & $0.0208268$ & $0.00640876$ & $-0.00596838$ & $-0.00822422$ & $-0.0633289$ & $-0.0487424$ & $-0.0819312$ & $0.00452092$ & $-0.168953$ & $0.0221885$ & $1$ & $0.164134$ & $0.018709$ & $-0.00985003$ & $0.0578714$ & $-0.00380003$ & $-0.00415065$ & $0.0358882$ & $0.284499$ & $-0.0138203$ & $0.14777$ & $0.108403$ & $-0.0913073$ & $-0.449167$ & $-0.198881$ \\
eHggpar & $0.00651473$ & $-0.0572282$ & $-0.123919$ & $-0.22911$ & $-0.00621145$ & $-0.0570712$ & $0.00374547$ & $0.0266238$ & $0.0207155$ & $0.0659795$ & $-0.0213663$ & $0.0814087$ & $0.0226043$ & $-0.0250587$ & $-0.0470691$ & $-0.0215773$ & $0.0225651$ & $0.0186329$ & $0.00717681$ & $0.0116801$ & $0.0274828$ & $0.0303336$ & $0.0402239$ & $-0.0177426$ & $0.0580983$ & $-0.00631569$ & $0.125997$ & $-0.0307964$ & $-0.0355563$ & $-0.041088$ & $-0.048095$ & $0.0600435$ & $-0.0420792$ & $0.0733289$ & $0.164134$ & $1$ & $0.0404342$ & $-0.0235623$ & $0.332744$ & $0.0117754$ & $0.170875$ & $-0.0282067$ & $0.122682$ & $-0.0335204$ & $0.0960145$ & $0.0199848$ & $-0.0675565$ & $-0.248667$ & $0.0592102$ \\
eHWWint & $0.0873545$ & $0.137891$ & $0.134934$ & $-0.0013599$ & $-0.0142951$ & $-0.0292779$ & $-0.000391182$ & $0.00194963$ & $-0.00739063$ & $-0.040087$ & $-0.0188187$ & $-0.0649378$ & $-0.0150581$ & $0.0349984$ & $0.010844$ & $-0.0141099$ & $0.0286787$ & $0.0207228$ & $0.0396995$ & $0.0211626$ & $0.0218094$ & $0.0175887$ & $0.0304039$ & $-0.00218515$ & $0.00653788$ & $-0.037361$ & $-0.0120535$ & $-0.000298656$ & $-0.0632952$ & $-0.13867$ & $-0.110019$ & $-0.033345$ & $-0.234504$ & $-0.00346472$ & $0.018709$ & $0.0404342$ & $1$ & $-0.0137236$ & $0.112474$ & $0.060356$ & $0.10815$ & $-0.0465956$ & $0.0204141$ & $-0.266717$ & $0.00292817$ & $-0.0281906$ & $-0.0567301$ & $-0.0960296$ & $-0.151675$ \\
eHWWpar & $0.00510168$ & $-0.0484175$ & $0.0154469$ & $-0.0312484$ & $-0.024956$ & $0.0208512$ & $-0.0221809$ & $-0.0154875$ & $-0.0160281$ & $-0.00136214$ & $0.0307538$ & $0.0176197$ & $-0.00999939$ & $-0.0204622$ & $-0.0224932$ & $-0.0456107$ & $-0.0388185$ & $-0.0133925$ & $0.00620551$ & $-0.032465$ & $-0.0278487$ & $-0.0228515$ & $-0.00917722$ & $-0.00275661$ & $-0.0100366$ & $0.022139$ & $0.0122185$ & $-0.000762443$ & $0.000218304$ & $-0.0133693$ & $-0.00558481$ & $-0.0288208$ & $0.0097525$ & $-0.00548046$ & $-0.00985003$ & $-0.0235623$ & $-0.0137236$ & $1$ & $-0.0755191$ & $0.0182578$ & $0.022943$ & $0.0466499$ & $-0.0198473$ & $-0.00332692$ & $-0.0956767$ & $-0.0540333$ & $-0.0308072$ & $0.0602259$ & $0.0191292$ \\
eHZZint & $0.0961516$ & $-0.0750881$ & $-0.0198087$ & $-0.252453$ & $0.0212923$ & $-0.0519001$ & $0.00149248$ & $0.0431314$ & $0.0367097$ & $-0.0216462$ & $-0.042991$ & $-0.0498676$ & $-0.000718989$ & $0.0236459$ & $-0.0338795$ & $-0.0413288$ & $0.0025727$ & $0.0198773$ & $0.0266874$ & $0.0354546$ & $0.0487669$ & $0.0401635$ & $0.0399565$ & $-0.0341372$ & $3.3694e-05$ & $-0.0331177$ & $0.0577576$ & $0.0253244$ & $-0.0594166$ & $-0.0288062$ & $-0.109501$ & $0.0184248$ & $-0.0511397$ & $0.0574437$ & $0.0578714$ & $0.332744$ & $0.112474$ & $-0.0755191$ & $1$ & $-0.0214051$ & $0.187951$ & $0.0157899$ & $0.0990023$ & $-0.259384$ & $0.299241$ & $-0.0349934$ & $-0.193477$ & $0.0279123$ & $0.0100332$ \\
eHZZpar & $0.00911324$ & $-0.0178746$ & $0.0235865$ & $0.0069825$ & $-0.0226058$ & $-0.0191285$ & $-0.0260245$ & $0.0231863$ & $0.0152718$ & $-0.0129746$ & $-0.0172996$ & $0.0147314$ & $0.0181056$ & $-0.00946917$ & $0.0344782$ & $0.0127834$ & $-0.013427$ & $-0.0344912$ & $-0.0154501$ & $0.0190721$ & $0.0145098$ & $0.013901$ & $-0.0245393$ & $-0.0342769$ & $-0.0184027$ & $0.0109347$ & $-0.00399434$ & $-0.0237645$ & $0.0131322$ & $0.0373733$ & $-0.00364207$ & $-0.0103778$ & $0.0462909$ & $-0.00861254$ & $-0.00380003$ & $0.0117754$ & $0.060356$ & $0.0182578$ & $-0.0214051$ & $1$ & $0.0121902$ & $-0.00791244$ & $-0.083521$ & $-0.04764$ & $-0.0313243$ & $-0.0639757$ & $0.0087661$ & $0.0710217$ & $0.0581713$ \\
eHZgaint & $0.0266004$ & $-0.157386$ & $-0.0250737$ & $-0.0191888$ & $-0.0149693$ & $-0.00174643$ & $0.0317618$ & $0.000605528$ & $0.00385382$ & $-0.0218738$ & $0.00333016$ & $-0.0484588$ & $-0.0275462$ & $0.0129499$ & $-0.0520058$ & $-0.0323487$ & $-0.0105759$ & $0.0268354$ & $0.0119446$ & $-0.0119363$ & $-0.000702841$ & $-0.00380688$ & $0.0443982$ & $-0.000700461$ & $0.0354174$ & $-0.0191905$ & $0.0608497$ & $0.0371637$ & $-0.0348405$ & $-0.0547148$ & $-0.217236$ & $0.0300759$ & $-0.126763$ & $0.0279117$ & $-0.00415065$ & $0.170875$ & $0.10815$ & $0.022943$ & $0.187951$ & $0.0121902$ & $1$ & $0.0675664$ & $0.142025$ & $-0.348034$ & $-0.0588143$ & $0.0353648$ & $-0.503276$ & $-0.0277108$ & $-0.164485$ \\
eHZgapar & $-0.0317063$ & $-0.0503016$ & $-0.0232576$ & $0.0309139$ & $0.0310183$ & $-0.0185189$ & $0.00234747$ & $0.0145787$ & $0.0182771$ & $0.0197798$ & $-0.025892$ & $0.0227122$ & $-0.0137835$ & $0.0109883$ & $0.0186822$ & $-0.0199149$ & $0.0405333$ & $0.00511558$ & $0.0342511$ & $0.0221504$ & $0.0262974$ & $0.0265213$ & $0.0213702$ & $0.00318652$ & $0.031629$ & $-0.0304023$ & $0.0244418$ & $-0.0207751$ & $0.020284$ & $0.00794835$ & $0.0121396$ & $0.000796188$ & $-0.00539831$ & $0.000953688$ & $0.0358882$ & $-0.0282067$ & $-0.0465956$ & $0.0466499$ & $0.0157899$ & $-0.00791244$ & $0.0675664$ & $1$ & $0.0510158$ & $-0.0385662$ & $0.0117974$ & $0.0294403$ & $-0.0361354$ & $-0.0435473$ & $0.00929387$ \\
eHgagaint & $0.0286835$ & $-0.0666204$ & $-0.0252588$ & $-0.0624716$ & $0.0178116$ & $-0.0486473$ & $0.00723546$ & $0.0984588$ & $0.137465$ & $-0.0546757$ & $-0.0617823$ & $-0.0207366$ & $0.0554809$ & $-0.0300786$ & $-0.0590956$ & $-0.0566257$ & $-0.0642046$ & $-0.0366582$ & $-0.0274996$ & $0.0460908$ & $0.0744899$ & $0.0829929$ & $0.0661441$ & $-0.104943$ & $-0.00964844$ & $-0.0391529$ & $0.168527$ & $0.0147387$ & $-0.0562918$ & $-0.0166106$ & $-0.0078522$ & $0.0268274$ & $-0.0686587$ & $0.12456$ & $0.284499$ & $0.122682$ & $0.0204141$ & $-0.0198473$ & $0.0990023$ & $-0.083521$ & $0.142025$ & $0.0510158$ & $1$ & $0.000690881$ & $0.216983$ & $0.058649$ & $0.0193947$ & $-0.0697981$ & $-0.141921$ \\
eHmumuint & $-0.206587$ & $0.218206$ & $0.024169$ & $0.0666505$ & $-0.0146272$ & $-0.0169147$ & $-0.00321321$ & $-0.0327356$ & $-0.0226451$ & $0.0636671$ & $0.0201348$ & $0.102641$ & $-7.04755e-05$ & $-0.00533521$ & $0.0222356$ & $0.0397092$ & $0.0298562$ & $0.0105442$ & $-0.00532409$ & $-0.00931873$ & $-0.0217662$ & $-0.0164464$ & $-0.0432865$ & $0.0555272$ & $0.00616164$ & $0.0225998$ & $-0.0618875$ & $-0.00237998$ & $0.0627759$ & $0.0329744$ & $0.146698$ & $0.00324586$ & $0.0459896$ & $-0.0276209$ & $-0.0138203$ & $-0.0335204$ & $-0.266717$ & $-0.00332692$ & $-0.259384$ & $-0.04764$ & $-0.348034$ & $-0.0385662$ & $0.000690881$ & $1$ & $-0.360742$ & $-0.149433$ & $0.214746$ & $-0.00278025$ & $-0.119968$ \\
eHtautauint & $0.140018$ & $-0.10347$ & $-0.052729$ & $-0.091119$ & $-0.0037749$ & $-0.0257919$ & $-0.0254583$ & $-0.000398607$ & $-0.00439642$ & $-0.0288267$ & $0.0216358$ & $-0.0604345$ & $0.0207499$ & $-0.0386202$ & $-0.032855$ & $-0.0417768$ & $-0.0368018$ & $-0.0199936$ & $-0.0061017$ & $-0.0291156$ & $-0.0192223$ & $-0.0191812$ & $0.0343485$ & $-0.0460881$ & $-0.0400174$ & $0.0179143$ & $0.0207796$ & $-0.0264802$ & $-0.0202549$ & $-0.0271295$ & $-0.0447751$ & $-0.0140242$ & $-1.8775e-05$ & $0.0211637$ & $0.14777$ & $0.0960145$ & $0.00292817$ & $-0.0956767$ & $0.299241$ & $-0.0313243$ & $-0.0588143$ & $0.0117974$ & $0.216983$ & $-0.360742$ & $1$ & $0.162598$ & $-0.03526$ & $-0.0437026$ & $0.172523$ \\
eHccint & $-0.0213328$ & $-0.00747106$ & $-0.0853432$ & $0.122314$ & $0.0508065$ & $-0.0210171$ & $-0.0110427$ & $-0.04068$ & $-0.0409785$ & $0.0193956$ & $0.0312609$ & $-0.00734231$ & $-0.0443135$ & $-0.00349638$ & $-0.0332129$ & $0.0385843$ & $0.0268174$ & $0.045594$ & $-0.00912637$ & $-0.0291882$ & $-0.0335742$ & $-0.0376805$ & $-0.0258361$ & $0.0346438$ & $0.0126492$ & $0.0197857$ & $-0.0427969$ & $-0.0154549$ & $-0.0401186$ & $-7.42611e-05$ & $0.0371718$ & $-0.00596671$ & $-0.0719921$ & $0.000227497$ & $0.108403$ & $0.0199848$ & $-0.0281906$ & $-0.0540333$ & $-0.0349934$ & $-0.0639757$ & $0.0353648$ & $0.0294403$ & $0.058649$ & $-0.149433$ & $0.162598$ & $1$ & $-0.0203165$ & $-0.226812$ & $-0.0512158$ \\
eHccpar & $0.086363$ & $0.172471$ & $-0.109465$ & $-0.00364346$ & $0.0381219$ & $0.0215909$ & $-0.00149309$ & $0.0212986$ & $0.0304923$ & $0.0082761$ & $-0.0220301$ & $0.0412826$ & $0.00438555$ & $0.00025671$ & $0.0138184$ & $-0.0104563$ & $0.00061246$ & $-0.0154839$ & $0.0140695$ & $0.0219279$ & $0.0264344$ & $0.0332934$ & $-0.0217379$ & $-0.0370766$ & $-0.000714818$ & $0.00937242$ & $0.0275194$ & $-0.00359715$ & $-0.0200021$ & $0.0493154$ & $0.325782$ & $-0.0152793$ & $0.0942385$ & $0.0147008$ & $-0.0913073$ & $-0.0675565$ & $-0.0567301$ & $-0.0308072$ & $-0.193477$ & $0.0087661$ & $-0.503276$ & $-0.0361354$ & $0.0193947$ & $0.214746$ & $-0.03526$ & $-0.0203165$ & $1$ & $0.159801$ & $0.0812592$ \\
eHbbint & $0.0948119$ & $0.0450948$ & $0.112181$ & $-0.107147$ & $-0.0324231$ & $0.00864756$ & $0.0257422$ & $0.0186338$ & $0.0300466$ & $-0.0298231$ & $-0.00492095$ & $-0.0279056$ & $0.0209357$ & $-0.00549619$ & $0.0298705$ & $0.0200463$ & $-0.0497018$ & $-0.0468885$ & $-0.0326215$ & $0.00967144$ & $0.00210412$ & $0.0107267$ & $-0.0231639$ & $-0.0257975$ & $-0.0676411$ & $-0.00364758$ & $-0.0419131$ & $0.028855$ & $0.0231759$ & $0.0327795$ & $0.0554969$ & $-0.0247617$ & $0.205768$ & $-0.017365$ & $-0.449167$ & $-0.248667$ & $-0.0960296$ & $0.0602259$ & $0.0279123$ & $0.0710217$ & $-0.0277108$ & $-0.0435473$ & $-0.0697981$ & $-0.00278025$ & $-0.0437026$ & $-0.226812$ & $0.159801$ & $1$ & $0.181657$ \\
eHbbpar & $0.188457$ & $-0.152251$ & $0.131794$ & $-0.166462$ & $-0.00228857$ & $0.0250391$ & $0.0259653$ & $-0.0228254$ & $-0.0295204$ & $0.0064779$ & $-0.00787972$ & $-0.0337481$ & $-0.027458$ & $0.0530626$ & $0.0380203$ & $0.0187619$ & $0.0611405$ & $0.0357894$ & $0.0503034$ & $0.00865882$ & $-0.00120694$ & $-0.00112425$ & $0.0132378$ & $0.0538511$ & $0.0339122$ & $-0.0261203$ & $-0.0322994$ & $-0.0185186$ & $0.00657267$ & $0.0353572$ & $0.044016$ & $0.0378513$ & $0.425334$ & $-0.0552579$ & $-0.198881$ & $0.0592102$ & $-0.151675$ & $0.0191292$ & $0.0100332$ & $0.0581713$ & $-0.164485$ & $0.00929387$ & $-0.141921$ & $-0.119968$ & $0.172523$ & $-0.0512158$ & $0.0812592$ & $0.181657$ & $1$ \\
