 & AlsMz & dAle5Mz & mtop & mHl & Mz & CW & CHG & CHWB & CHWHB_gaga & CHWHB_gagaorth & CHD & CHbox & CH & CHL1_11 & CHL1_22 & CHL1_33 & CHL3_11 & CHL3_22 & CHL3_33 & CHe_11 & CHe_22 & CHe_33 & CHQ1_11 & CHQ1_33 & CHQ3_11 & CHu_11 & CHd_11 & CHd_33 & CeH_22r & CeH_33r & CuH_22r & CuH_33r & CdH_33r & CLL_1221 & eHggint & eHggpar & eHWWint & eHWWpar & eHZZint & eHZZpar & eHZgaint & eHZgapar & eHgagaint & eHmumuint & eHtautauint & eHccint & eHccpar & eHbbint & eHbbpar \\
AlsMz & $1$ & $-0.0851124$ & $0.0295824$ & $0.0833915$ & $-0.00566703$ & $0.0040185$ & $-0.0106571$ & $-0.0122865$ & $-0.00853696$ & $0.00963917$ & $0.0011404$ & $0.0079949$ & $-0.00342256$ & $0.00107696$ & $0.000804578$ & $0.00443039$ & $0.00569158$ & $0.00773507$ & $0.00200149$ & $-0.00941977$ & $-0.0133003$ & $-0.0143181$ & $-0.0195773$ & $-0.0498193$ & $-0.114669$ & $-0.0236474$ & $-0.0467771$ & $-0.00149008$ & $0.0115142$ & $0.0224986$ & $0.0261256$ & $-0.0131985$ & $0.0269977$ & $-0.0151606$ & $-0.0593368$ & $-0.00749132$ & $-0.138975$ & $0.0236507$ & $-0.0973078$ & $0.006661$ & $0.0412287$ & $0.00981558$ & $0.0266037$ & $0.0491996$ & $-0.0986096$ & $0.118766$ & $0.00568287$ & $-0.0356879$ & $-0.0243637$ \\
dAle5Mz & $-0.0851124$ & $1$ & $-0.127895$ & $0.0946853$ & $0.00331147$ & $0.0156998$ & $0.018522$ & $-0.070242$ & $-0.0659357$ & $0.0234604$ & $0.0527954$ & $0.0261094$ & $-0.0152933$ & $-0.0167467$ & $-0.0149512$ & $-0.0180236$ & $0.0179334$ & $0.016905$ & $0.0192626$ & $-0.0330187$ & $-0.0329163$ & $-0.0330656$ & $0.00436736$ & $0.0263339$ & $0.0232906$ & $0.0207788$ & $-0.0117777$ & $-0.00674052$ & $0.0025711$ & $-0.00126436$ & $0.0508908$ & $0.0142532$ & $0.0193146$ & $0.00772601$ & $-0.0369342$ & $-0.0100647$ & $0.034677$ & $-0.00590776$ & $-0.0677307$ & $-0.00671936$ & $0.0601609$ & $-0.00388321$ & $0.0165729$ & $-0.00896992$ & $0.0739569$ & $0.00319613$ & $0.143182$ & $-0.0134172$ & $0.0558794$ \\
mtop & $0.0295824$ & $-0.127895$ & $1$ & $-0.0100772$ & $-0.00514657$ & $0.0052134$ & $0.00485672$ & $0.0114966$ & $0.0191995$ & $-0.0194641$ & $0.00152033$ & $-0.0259361$ & $0.0113928$ & $-2.15324e-05$ & $0.002537$ & $-0.0075768$ & $-0.0166045$ & $-0.0115168$ & $-0.00620395$ & $0.00173218$ & $0.00238155$ & $0.00115047$ & $-0.0119974$ & $-0.00434623$ & $-0.0187039$ & $0.00117428$ & $-0.0033226$ & $0.00382715$ & $0.00862028$ & $0.0341804$ & $0.0474496$ & $0.000785373$ & $-0.00470064$ & $-0.00151356$ & $-0.0471416$ & $-0.118989$ & $-0.179791$ & $0.0269704$ & $-0.0160077$ & $0.00728105$ & $-0.0170831$ & $0.0059012$ & $0.0488457$ & $0.0569586$ & $0.00958451$ & $-0.080889$ & $0.0919501$ & $-0.120199$ & $-0.0707038$ \\
mHl & $0.0833915$ & $0.0946853$ & $-0.0100772$ & $1$ & $0.00270528$ & $-0.0160312$ & $0.0109288$ & $0.00317944$ & $0.0069922$ & $-0.0117265$ & $-0.00953327$ & $-0.0160247$ & $-0.00106257$ & $0.0056727$ & $0.00885514$ & $0.0105284$ & $0.0129221$ & $0.00301096$ & $0.00237938$ & $0.0111342$ & $0.00968204$ & $0.00965587$ & $-0.00582471$ & $-0.00132915$ & $-0.000548645$ & $-0.00253215$ & $0.00148399$ & $0.0194041$ & $0.0127872$ & $0.00642256$ & $0.0148618$ & $-0.000709415$ & $-0.00720746$ & $0.00293912$ & $-0.11633$ & $-0.0269384$ & $0.00155263$ & $0.0212306$ & $0.0900945$ & $-0.00159408$ & $0.148711$ & $-0.00299749$ & $0.0226321$ & $-0.0128772$ & $-0.029134$ & $-0.0682209$ & $0.0559845$ & $0.0903528$ & $-0.0726058$ \\
Mz & $-0.00566703$ & $0.00331147$ & $-0.00514657$ & $0.00270528$ & $1$ & $0.0129876$ & $-0.010609$ & $-0.00595752$ & $-0.00704566$ & $-0.00349111$ & $0.0143302$ & $-0.00867135$ & $0.00255934$ & $0.00234277$ & $3.74171e-05$ & $-0.00404216$ & $-0.000164089$ & $-0.000163455$ & $0.00349144$ & $-0.00544785$ & $-0.00397188$ & $-0.00465637$ & $0.00601713$ & $0.00280713$ & $0.00523211$ & $0.00216873$ & $0.00462454$ & $-0.00185336$ & $-0.000901505$ & $-0.000549244$ & $-0.00571127$ & $-0.0125789$ & $-0.000568074$ & $-0.00693563$ & $0.00309664$ & $-0.000209726$ & $0.00650879$ & $-0.0118065$ & $0.000399564$ & $0.00236752$ & $-0.0149929$ & $0.00649898$ & $0.000151956$ & $0.00209062$ & $0.00669137$ & $-0.00469468$ & $0.00559551$ & $0.00791392$ & $0.00108836$ \\
CW & $0.0040185$ & $0.0156998$ & $0.0052134$ & $-0.0160312$ & $0.0129876$ & $1$ & $0.0140538$ & $-0.142691$ & $-0.137749$ & $0.0242653$ & $0.198746$ & $0.0607993$ & $-0.000203901$ & $0.0148049$ & $-0.0866192$ & $-0.082352$ & $-0.264038$ & $-0.0443612$ & $-0.0471955$ & $-0.195042$ & $-0.201864$ & $-0.196453$ & $-0.00996396$ & $0.00676337$ & $-0.0887198$ & $0.113954$ & $-0.0876037$ & $-0.0818437$ & $-0.00180739$ & $0.0025493$ & $0.00767271$ & $0.0181051$ & $-0.000394557$ & $-0.127319$ & $0.0173629$ & $-0.00974305$ & $-0.013714$ & $-0.0133904$ & $-0.0210886$ & $-0.000130319$ & $-0.0037835$ & $-0.000833814$ & $0.0120225$ & $0.0014166$ & $-0.00160465$ & $-0.00498388$ & $0.0049348$ & $-0.0116367$ & $0.00718706$ \\
CHG & $-0.0106571$ & $0.018522$ & $0.00485672$ & $0.0109288$ & $-0.010609$ & $0.0140538$ & $1$ & $-0.0690707$ & $-0.0169885$ & $0.0445325$ & $0.0433434$ & $0.0354068$ & $-0.245811$ & $0.0282892$ & $-0.0161735$ & $-0.0134575$ & $0.0480064$ & $0.0583266$ & $0.0573411$ & $-0.0422259$ & $-0.0450356$ & $-0.0429898$ & $-0.0101587$ & $0.0639564$ & $0.0522198$ & $0.0273053$ & $-0.03463$ & $-0.0205641$ & $0.0108148$ & $-0.10693$ & $-0.0519557$ & $0.9329$ & $-0.131073$ & $-0.0410671$ & $-0.0201004$ & $-0.00864895$ & $0.0301048$ & $0.015528$ & $0.0144805$ & $0.000411115$ & $0.00273994$ & $-0.00504755$ & $0.00222325$ & $0.00435229$ & $0.0167172$ & $-0.0086646$ & $0.00556596$ & $0.0121254$ & $-0.0116853$ \\
CHWB & $-0.0122865$ & $-0.070242$ & $0.0114966$ & $0.00317944$ & $-0.00595752$ & $-0.142691$ & $-0.0690707$ & $1$ & $0.982451$ & $-0.556334$ & $-0.882527$ & $-0.331787$ & $0.280815$ & $0.133922$ & $0.296084$ & $0.292456$ & $-0.197171$ & $-0.403392$ & $-0.401592$ & $0.853735$ & $0.899651$ & $0.882416$ & $0.0664835$ & $-0.656189$ & $-0.364925$ & $-0.511084$ & $0.425202$ & $0.312318$ & $0.018604$ & $0.0641426$ & $0.0307289$ & $-0.0701765$ & $0.0744552$ & $0.555293$ & $-0.0179292$ & $0.00182914$ & $0.0161074$ & $0.00610644$ & $0.0284464$ & $0.00311261$ & $-0.000912919$ & $0.0113711$ & $-0.0218375$ & $0.0107675$ & $-0.0198691$ & $0.00349484$ & $-0.0272549$ & $-0.00512874$ & $0.00986027$ \\
CHWHB_gaga & $-0.00853696$ & $-0.0659357$ & $0.0191995$ & $0.0069922$ & $-0.00704566$ & $-0.137749$ & $-0.0169885$ & $0.982451$ & $1$ & $-0.543767$ & $-0.864205$ & $-0.305044$ & $0.277021$ & $0.125609$ & $0.291553$ & $0.284495$ & $-0.199728$ & $-0.402515$ & $-0.397669$ & $0.836179$ & $0.881275$ & $0.864485$ & $0.0641012$ & $-0.648047$ & $-0.36411$ & $-0.500066$ & $0.417582$ & $0.30545$ & $0.0243986$ & $0.0881911$ & $0.04227$ & $-0.0278513$ & $0.0991198$ & $0.544741$ & $-0.0315904$ & $-0.0127417$ & $0.0139322$ & $0.0051955$ & $0.0176995$ & $0.00259867$ & $0.00326167$ & $0.00563617$ & $0.0451279$ & $0.0100223$ & $-0.0189618$ & $0.000717653$ & $-0.0256462$ & $-0.0042649$ & $0.0100625$ \\
CHWHB_gagaorth & $0.00963917$ & $0.0234604$ & $-0.0194641$ & $-0.0117265$ & $-0.00349111$ & $0.0242653$ & $0.0445325$ & $-0.556334$ & $-0.543767$ & $1$ & $0.343321$ & $0.678342$ & $-0.198243$ & $0.216345$ & $-0.113103$ & $-0.114038$ & $0.413211$ & $0.471638$ & $0.469894$ & $-0.329054$ & $-0.360101$ & $-0.356454$ & $-0.0550362$ & $0.545734$ & $0.454857$ & $0.204066$ & $-0.241699$ & $-0.120694$ & $-0.0172318$ & $-0.101134$ & $-0.0480519$ & $0.0669702$ & $-0.117766$ & $-0.344347$ & $0.0575477$ & $0.0221646$ & $-0.00306362$ & $-0.0135989$ & $-0.0188247$ & $0.00053879$ & $-0.0447211$ & $-0.0102127$ & $0.0142911$ & $-0.000105629$ & $0.0178619$ & $-0.00536445$ & $0.0275938$ & $-0.00594986$ & $-0.0112531$ \\
CHD & $0.0011404$ & $0.0527954$ & $0.00152033$ & $-0.00953327$ & $0.0143302$ & $0.198746$ & $0.0433434$ & $-0.882527$ & $-0.864205$ & $0.343321$ & $1$ & $0.324129$ & $-0.135425$ & $-0.537218$ & $-0.42296$ & $-0.412971$ & $-0.251488$ & $0.0441227$ & $0.0407896$ & $-0.990481$ & $-0.991308$ & $-0.97027$ & $-0.00994446$ & $0.29551$ & $-0.00679671$ & $0.56643$ & $-0.289916$ & $-0.341319$ & $-0.00817147$ & $-0.0330445$ & $-0.0200305$ & $0.0541412$ & $-0.0419885$ & $-0.359662$ & $0.0247228$ & $0.00279091$ & $-0.0173691$ & $-0.0034716$ & $-0.0252516$ & $-0.00840175$ & $0.00673518$ & $-0.0100092$ & $0.016315$ & $-0.00738489$ & $0.014633$ & $-0.0138516$ & $0.0184127$ & $0.00346017$ & $-0.00629791$ \\
CHbox & $0.0079949$ & $0.0261094$ & $-0.0259361$ & $-0.0160247$ & $-0.00867135$ & $0.0607993$ & $0.0354068$ & $-0.331787$ & $-0.305044$ & $0.678342$ & $0.324129$ & $1$ & $-0.153202$ & $-0.121868$ & $-0.052211$ & $-0.0554812$ & $-0.0133829$ & $0.0432974$ & $0.0463285$ & $-0.301339$ & $-0.33612$ & $-0.32917$ & $-0.0355022$ & $0.189571$ & $0.037018$ & $0.188427$ & $-0.193285$ & $-0.111203$ & $0.0125546$ & $0.156098$ & $0.0237543$ & $0.112868$ & $0.170835$ & $-0.22761$ & $0.0991365$ & $0.0514583$ & $-0.0144376$ & $-0.015064$ & $-0.028769$ & $-0.00531373$ & $-0.0402525$ & $-0.0112522$ & $-0.000897246$ & $0.000873436$ & $0.0168496$ & $-0.0175405$ & $0.0179263$ & $-0.016453$ & $-0.00554192$ \\
CH & $-0.00342256$ & $-0.0152933$ & $0.0113928$ & $-0.00106257$ & $0.00255934$ & $-0.000203901$ & $-0.245811$ & $0.280815$ & $0.277021$ & $-0.198243$ & $-0.135425$ & $-0.153202$ & $1$ & $-0.187448$ & $0.0605856$ & $0.0576084$ & $-0.288874$ & $-0.311952$ & $-0.308893$ & $0.132165$ & $0.143921$ & $0.141506$ & $0.0204194$ & $-0.315603$ & $-0.299208$ & $-0.0756862$ & $0.11193$ & $0.0569341$ & $0.046296$ & $0.220501$ & $0.0870962$ & $-0.199119$ & $0.263447$ & $0.16825$ & $0.0212531$ & $0.0117963$ & $0.0042599$ & $0.0028614$ & $0.00402479$ & $-0.00068445$ & $0.000132771$ & $-0.00372002$ & $0.00315056$ & $0.00515319$ & $-0.00565833$ & $-0.00681406$ & $-0.00710182$ & $-0.00483718$ & $-0.00134019$ \\
CHL1_11 & $0.00107696$ & $-0.0167467$ & $-2.15324e-05$ & $0.0056727$ & $0.00234277$ & $0.0148049$ & $0.0282892$ & $0.133922$ & $0.125609$ & $0.216345$ & $-0.537218$ & $-0.121868$ & $-0.187448$ & $1$ & $0.289018$ & $0.272784$ & $0.65988$ & $0.586913$ & $0.591766$ & $0.555341$ & $0.498693$ & $0.48372$ & $-0.0796022$ & $0.450665$ & $0.588964$ & $-0.28693$ & $-0.0918861$ & $0.165597$ & $-0.0155409$ & $-0.040373$ & $-0.010874$ & $0.00760015$ & $-0.0434703$ & $-0.199865$ & $-0.0159683$ & $-0.011575$ & $0.00355427$ & $-0.00338083$ & $0.0046399$ & $0.010424$ & $-0.0167497$ & $0.00388713$ & $0.00433598$ & $-0.00223267$ & $0.00491789$ & $0.0209704$ & $0.00977103$ & $-0.00803306$ & $-0.00733849$ \\
CHL1_22 & $0.000804578$ & $-0.0149512$ & $0.002537$ & $0.00885514$ & $3.74171e-05$ & $-0.0866192$ & $-0.0161735$ & $0.296084$ & $0.291553$ & $-0.113103$ & $-0.42296$ & $-0.052211$ & $0.0605856$ & $0.289018$ & $1$ & $0.44384$ & $0.186715$ & $-0.443925$ & $-0.0134069$ & $0.489428$ & $0.339734$ & $0.330227$ & $-0.179124$ & $0.122877$ & $-0.118066$ & $-0.193693$ & $-0.394208$ & $0.116175$ & $0.00566453$ & $0.0252375$ & $0.0132716$ & $-0.0131332$ & $0.0320444$ & $-0.600638$ & $-0.00472691$ & $0.00137932$ & $0.0107167$ & $-0.00598604$ & $0.00112214$ & $-2.35155e-05$ & $0.00595687$ & $-0.00331121$ & $-0.000889759$ & $0.00417066$ & $0.00304718$ & $0.00187926$ & $-0.00934508$ & $-0.00547528$ & $0.0074543$ \\
CHL1_33 & $0.00443039$ & $-0.0180236$ & $-0.0075768$ & $0.0105284$ & $-0.00404216$ & $-0.082352$ & $-0.0134575$ & $0.292456$ & $0.284495$ & $-0.114038$ & $-0.412971$ & $-0.0554812$ & $0.0576084$ & $0.272784$ & $0.44384$ & $1$ & $0.181156$ & $-0.0170833$ & $-0.433201$ & $0.476492$ & $0.332928$ & $0.349369$ & $-0.165638$ & $0.11337$ & $-0.121847$ & $-0.196076$ & $-0.384547$ & $0.107405$ & $0.00882405$ & $0.0144893$ & $0.0125881$ & $-0.0114356$ & $0.0255149$ & $-0.101332$ & $-0.0140012$ & $0.00796199$ & $0.0116512$ & $-0.00109505$ & $0.0189122$ & $0.00544424$ & $0.00825925$ & $-0.00744785$ & $-0.01116$ & $0.000443681$ & $0.0037521$ & $0.00234311$ & $-0.0105154$ & $0.0200886$ & $-0.00729122$ \\
CHL3_11 & $0.00569158$ & $0.0179334$ & $-0.0166045$ & $0.0129221$ & $-0.000164089$ & $-0.264038$ & $0.0480064$ & $-0.197171$ & $-0.199728$ & $0.413211$ & $-0.251488$ & $-0.0133829$ & $-0.288874$ & $0.65988$ & $0.186715$ & $0.181156$ & $1$ & $0.723091$ & $0.72185$ & $0.273588$ & $0.219201$ & $0.211049$ & $-0.0754387$ & $0.66016$ & $0.763782$ & $-0.131137$ & $-0.154446$ & $0.0717246$ & $-0.0229092$ & $-0.0635201$ & $-0.0250747$ & $0.0265242$ & $-0.0666348$ & $-0.232083$ & $-0.0154927$ & $-0.0120304$ & $0.00581511$ & $-0.00523208$ & $-0.000540232$ & $0.0116924$ & $-0.0137524$ & $-0.00216605$ & $0.00829712$ & $-0.0062499$ & $0.00594618$ & $0.0176804$ & $0.0130022$ & $0.00731302$ & $-0.0060487$ \\
CHL3_22 & $0.00773507$ & $0.016905$ & $-0.0115168$ & $0.00301096$ & $-0.000163455$ & $-0.0443612$ & $0.0583266$ & $-0.403392$ & $-0.402515$ & $0.471638$ & $0.0441227$ & $0.0432974$ & $-0.311952$ & $0.586913$ & $-0.443925$ & $-0.0170833$ & $0.723091$ & $1$ & $0.659504$ & $-0.0483764$ & $-0.0375944$ & $-0.0365028$ & $0.0104374$ & $0.599176$ & $0.780447$ & $0.0149436$ & $0.00410349$ & $-0.0174611$ & $-0.0236133$ & $-0.0760748$ & $-0.0299974$ & $0.0376611$ & $-0.0838806$ & $0.0616162$ & $-0.00960605$ & $-0.0106766$ & $-0.00539836$ & $-0.000758956$ & $-0.00163375$ & $0.0102843$ & $-0.0175419$ & $-0.000409152$ & $0.00962035$ & $-0.00904247$ & $0.00865051$ & $0.0166971$ & $0.0197553$ & $0.00772103$ & $-0.0146571$ \\
CHL3_33 & $0.00200149$ & $0.0192626$ & $-0.00620395$ & $0.00237938$ & $0.00349144$ & $-0.0471955$ & $0.0573411$ & $-0.401592$ & $-0.397669$ & $0.469894$ & $0.0407896$ & $0.0463285$ & $-0.308893$ & $0.591766$ & $-0.0134069$ & $-0.433201$ & $0.72185$ & $0.659504$ & $1$ & $-0.0432412$ & $-0.0348234$ & $-0.0323395$ & $0.00369732$ & $0.602289$ & $0.784071$ & $0.0190901$ & $0.00462904$ & $-0.0126875$ & $-0.027158$ & $-0.0689287$ & $-0.0318495$ & $0.0372064$ & $-0.079863$ & $-0.328993$ & $-0.00100536$ & $-0.0161558$ & $-0.00632408$ & $-0.0061504$ & $-0.016931$ & $0.00679826$ & $-0.016014$ & $0.00289617$ & $0.0188367$ & $-0.00504371$ & $0.00616484$ & $0.0142817$ & $0.0201608$ & $-0.0129467$ & $-0.00323877$ \\
CHe_11 & $-0.00941977$ & $-0.0330187$ & $0.00173218$ & $0.0111342$ & $-0.00544785$ & $-0.195042$ & $-0.0422259$ & $0.853735$ & $0.836179$ & $-0.329054$ & $-0.990481$ & $-0.301339$ & $0.132165$ & $0.555341$ & $0.489428$ & $0.476492$ & $0.273588$ & $-0.0483764$ & $-0.0432412$ & $1$ & $0.972899$ & $0.952705$ & $-0.0145524$ & $-0.241093$ & $0.0131818$ & $-0.556385$ & $0.215381$ & $0.334914$ & $0.00895103$ & $0.0330744$ & $0.0213474$ & $-0.0519588$ & $0.0429431$ & $0.279511$ & $-0.0248602$ & $-0.00285244$ & $0.0178309$ & $0.00262515$ & $0.0242218$ & $0.0077989$ & $-0.00505757$ & $0.0086995$ & $-0.0152899$ & $0.00657823$ & $-0.0104393$ & $0.0126524$ & $-0.0152064$ & $-0.00237295$ & $0.00611221$ \\
CHe_22 & $-0.0133003$ & $-0.0329163$ & $0.00238155$ & $0.00968204$ & $-0.00397188$ & $-0.201864$ & $-0.0450356$ & $0.899651$ & $0.881275$ & $-0.360101$ & $-0.991308$ & $-0.33612$ & $0.143921$ & $0.498693$ & $0.339734$ & $0.332928$ & $0.219201$ & $-0.0375944$ & $-0.0348234$ & $0.972899$ & $1$ & $0.975465$ & $0.0385262$ & $-0.350336$ & $0.00303562$ & $-0.569015$ & $0.370266$ & $0.343732$ & $0.0080125$ & $0.0339332$ & $0.0206698$ & $-0.056499$ & $0.0422486$ & $0.445263$ & $-0.0249042$ & $-0.00399046$ & $0.0178089$ & $0.00376648$ & $0.0245716$ & $0.00777377$ & $-0.00682484$ & $0.0118349$ & $-0.0165504$ & $0.00818954$ & $-0.0140994$ & $0.011403$ & $-0.0154914$ & $-0.00527265$ & $0.00807379$ \\
CHe_33 & $-0.0143181$ & $-0.0330656$ & $0.00115047$ & $0.00965587$ & $-0.00465637$ & $-0.196453$ & $-0.0429898$ & $0.882416$ & $0.864485$ & $-0.356454$ & $-0.97027$ & $-0.32917$ & $0.141506$ & $0.48372$ & $0.330227$ & $0.349369$ & $0.211049$ & $-0.0365028$ & $-0.0323395$ & $0.952705$ & $0.975465$ & $1$ & $0.0385702$ & $-0.345838$ & $0.00302669$ & $-0.556714$ & $0.365472$ & $0.334772$ & $0.00665435$ & $0.03044$ & $0.0186813$ & $-0.054487$ & $0.040776$ & $0.441555$ & $-0.0244653$ & $-0.0027476$ & $0.0140738$ & $0.00228212$ & $0.0215436$ & $0.00837164$ & $-0.00519762$ & $0.00961628$ & $-0.0157026$ & $0.0102361$ & $-0.0136247$ & $0.010907$ & $-0.0181667$ & $-0.00588628$ & $0.00846922$ \\
CHQ1_11 & $-0.0195773$ & $0.00436736$ & $-0.0119974$ & $-0.00582471$ & $0.00601713$ & $-0.00996396$ & $-0.0101587$ & $0.0664835$ & $0.0641012$ & $-0.0550362$ & $-0.00994446$ & $-0.0355022$ & $0.0204194$ & $-0.0796022$ & $-0.179124$ & $-0.165638$ & $-0.0754387$ & $0.0104374$ & $0.00369732$ & $-0.0145524$ & $0.0385262$ & $0.0385702$ & $1$ & $-0.142423$ & $0.0859399$ & $-0.673813$ & $0.34878$ & $0.014451$ & $0.010583$ & $0.00081804$ & $-0.00268192$ & $-0.012384$ & $-0.00678245$ & $0.206547$ & $0.00207601$ & $-0.00897394$ & $-0.00359793$ & $0.00439497$ & $0.00390656$ & $0.00782511$ & $-0.00910386$ & $0.00870947$ & $0.00224837$ & $0.0077465$ & $0.00351119$ & $-0.00114654$ & $-0.0119343$ & $0.0033963$ & $-0.0034377$ \\
CHQ1_33 & $-0.0498193$ & $0.0263339$ & $-0.00434623$ & $-0.00132915$ & $0.00280713$ & $0.00676337$ & $0.0639564$ & $-0.656189$ & $-0.648047$ & $0.545734$ & $0.29551$ & $0.189571$ & $-0.315603$ & $0.450665$ & $0.122877$ & $0.11337$ & $0.66016$ & $0.599176$ & $0.602289$ & $-0.241093$ & $-0.350336$ & $-0.345838$ & $-0.142423$ & $1$ & $0.623268$ & $0.201079$ & $-0.42024$ & $-0.0244092$ & $-0.0202387$ & $-0.0693975$ & $-0.0289096$ & $0.0546908$ & $-0.0749613$ & $-0.624759$ & $-0.00138966$ & $-0.00687875$ & $-0.00204694$ & $-0.0100524$ & $-0.00665921$ & $0.00566949$ & $-0.0115514$ & $-0.0113257$ & $0.0105838$ & $-0.0109008$ & $0.0168112$ & $-0.00179467$ & $0.0194731$ & $0.01142$ & $-0.0117302$ \\
CHQ3_11 & $-0.114669$ & $0.0232906$ & $-0.0187039$ & $-0.000548645$ & $0.00523211$ & $-0.0887198$ & $0.0522198$ & $-0.364925$ & $-0.36411$ & $0.454857$ & $-0.00679671$ & $0.037018$ & $-0.299208$ & $0.588964$ & $-0.118066$ & $-0.121847$ & $0.763782$ & $0.780447$ & $0.784071$ & $0.0131818$ & $0.00303562$ & $0.00302669$ & $0.0859399$ & $0.623268$ & $1$ & $-0.00179284$ & $0.22492$ & $0.000779064$ & $-0.0236973$ & $-0.0742749$ & $-0.0350865$ & $0.0330452$ & $-0.0827182$ & $-0.178739$ & $0.00242959$ & $-0.0121634$ & $0.013524$ & $-0.00750928$ & $0.00339086$ & $0.0103393$ & $-0.0189914$ & $0.00229993$ & $0.0110772$ & $-0.0118437$ & $0.0201369$ & $-0.00125102$ & $0.0114445$ & $0.00640121$ & $-0.00618483$ \\
CHu_11 & $-0.0236474$ & $0.0207788$ & $0.00117428$ & $-0.00253215$ & $0.00216873$ & $0.113954$ & $0.0273053$ & $-0.511084$ & $-0.500066$ & $0.204066$ & $0.56643$ & $0.188427$ & $-0.0756862$ & $-0.28693$ & $-0.193693$ & $-0.196076$ & $-0.131137$ & $0.0149436$ & $0.0190901$ & $-0.556385$ & $-0.569015$ & $-0.556714$ & $-0.673813$ & $0.201079$ & $-0.00179284$ & $1$ & $-0.178127$ & $-0.191871$ & $-0.0130261$ & $-0.020188$ & $-0.0116506$ & $0.0343879$ & $-0.0189725$ & $-0.253826$ & $0.0165881$ & $0.0110969$ & $-0.0020141$ & $-0.00689808$ & $-0.010847$ & $-0.00826517$ & $0.0081827$ & $-0.0123474$ & $0.00800511$ & $-0.00699162$ & $0.00569636$ & $-0.00456815$ & $0.0121844$ & $-0.00207135$ & $0.00281555$ \\
CHd_11 & $-0.0467771$ & $-0.0117777$ & $-0.0033226$ & $0.00148399$ & $0.00462454$ & $-0.0876037$ & $-0.03463$ & $0.425202$ & $0.417582$ & $-0.241699$ & $-0.289916$ & $-0.193285$ & $0.11193$ & $-0.0918861$ & $-0.394208$ & $-0.384547$ & $-0.154446$ & $0.00410349$ & $0.00462904$ & $0.215381$ & $0.370266$ & $0.365472$ & $0.34878$ & $-0.42024$ & $0.22492$ & $-0.178127$ & $1$ & $0.124202$ & $0.00545271$ & $0.0155513$ & $0.00348043$ & $-0.0403645$ & $0.0160836$ & $0.68175$ & $-0.00513599$ & $-0.00545791$ & $0.00736797$ & $0.00292207$ & $0.0134$ & $0.00545475$ & $-0.00639956$ & $0.0147857$ & $-0.00806958$ & $0.00597982$ & $-0.0135593$ & $-0.0026034$ & $-0.0156753$ & $-0.00401909$ & $0.00831107$ \\
CHd_33 & $-0.00149008$ & $-0.00674052$ & $0.00382715$ & $0.0194041$ & $-0.00185336$ & $-0.0818437$ & $-0.0205641$ & $0.312318$ & $0.30545$ & $-0.120694$ & $-0.341319$ & $-0.111203$ & $0.0569341$ & $0.165597$ & $0.116175$ & $0.107405$ & $0.0717246$ & $-0.0174611$ & $-0.0126875$ & $0.334914$ & $0.343732$ & $0.334772$ & $0.014451$ & $-0.0244092$ & $0.000779064$ & $-0.191871$ & $0.124202$ & $1$ & $0.0109186$ & $0.0117138$ & $0.0112731$ & $-0.0239925$ & $0.0109985$ & $0.157001$ & $-0.00589707$ & $0.00334343$ & $0.00890038$ & $0.0123861$ & $0.0131421$ & $0.0036429$ & $-0.00493721$ & $0.00318893$ & $-0.0186365$ & $0.00769568$ & $-0.00913521$ & $-0.00568016$ & $0.00834231$ & $-0.00324435$ & $-0.00623496$ \\
CeH_22r & $0.0115142$ & $0.0025711$ & $0.00862028$ & $0.0127872$ & $-0.000901505$ & $-0.00180739$ & $0.0108148$ & $0.018604$ & $0.0243986$ & $-0.0172318$ & $-0.00817147$ & $0.0125546$ & $0.046296$ & $-0.0155409$ & $0.00566453$ & $0.00882405$ & $-0.0229092$ & $-0.0236133$ & $-0.027158$ & $0.00895103$ & $0.0080125$ & $0.00665435$ & $0.010583$ & $-0.0202387$ & $-0.0236973$ & $-0.0130261$ & $0.00545271$ & $0.0109186$ & $1$ & $0.0400601$ & $0.0254028$ & $-0.00234201$ & $0.0417405$ & $0.00907981$ & $-0.0205414$ & $-0.0245104$ & $-0.0143495$ & $0.00121073$ & $0.00239179$ & $-0.000390799$ & $0.009285$ & $-0.00767965$ & $-0.00941529$ & $0.00180143$ & $0.011493$ & $0.0138471$ & $-0.0160218$ & $0.0100557$ & $-0.0133356$ \\
CeH_33r & $0.0224986$ & $-0.00126436$ & $0.0341804$ & $0.00642256$ & $-0.000549244$ & $0.0025493$ & $-0.10693$ & $0.0641426$ & $0.0881911$ & $-0.101134$ & $-0.0330445$ & $0.156098$ & $0.220501$ & $-0.040373$ & $0.0252375$ & $0.0144893$ & $-0.0635201$ & $-0.0760748$ & $-0.0689287$ & $0.0330744$ & $0.0339332$ & $0.03044$ & $0.00081804$ & $-0.0693975$ & $-0.0742749$ & $-0.020188$ & $0.0155513$ & $0.0117138$ & $0.0400601$ & $1$ & $0.299997$ & $0.041266$ & $0.645573$ & $0.0282974$ & $-0.0633059$ & $-0.0193557$ & $-0.178912$ & $-0.0217606$ & $-0.037971$ & $0.00115987$ & $0.0144611$ & $-0.00278823$ & $-0.00293627$ & $0.0013744$ & $0.0663884$ & $0.0116244$ & $-0.00510315$ & $0.00928568$ & $-0.0131503$ \\
CuH_22r & $0.0261256$ & $0.0508908$ & $0.0474496$ & $0.0148618$ & $-0.00571127$ & $0.00767271$ & $-0.0519557$ & $0.0307289$ & $0.04227$ & $-0.0480519$ & $-0.0200305$ & $0.0237543$ & $0.0870962$ & $-0.010874$ & $0.0132716$ & $0.0125881$ & $-0.0250747$ & $-0.0299974$ & $-0.0318495$ & $0.0213474$ & $0.0206698$ & $0.0186813$ & $-0.00268192$ & $-0.0289096$ & $-0.0350865$ & $-0.0116506$ & $0.00348043$ & $0.0112731$ & $0.0254028$ & $0.299997$ & $1$ & $0.0315212$ & $0.335069$ & $0.0146674$ & $6.64376e-06$ & $-0.0357494$ & $-0.0859358$ & $-0.000324455$ & $-0.0417683$ & $-0.000374766$ & $-0.00243493$ & $0.00267474$ & $-0.00292051$ & $-0.0317487$ & $-0.0103658$ & $0.101805$ & $0.342341$ & $-0.00171571$ & $-0.00519634$ \\
CuH_33r & $-0.0131985$ & $0.0142532$ & $0.000785373$ & $-0.000709415$ & $-0.0125789$ & $0.0181051$ & $0.9329$ & $-0.0701765$ & $-0.0278513$ & $0.0669702$ & $0.0541412$ & $0.112868$ & $-0.199119$ & $0.00760015$ & $-0.0131332$ & $-0.0114356$ & $0.0265242$ & $0.0376611$ & $0.0372064$ & $-0.0519588$ & $-0.056499$ & $-0.054487$ & $-0.012384$ & $0.0546908$ & $0.0330452$ & $0.0343879$ & $-0.0403645$ & $-0.0239925$ & $-0.00234201$ & $0.041266$ & $0.0315212$ & $1$ & $0.0497777$ & $-0.0456625$ & $0.0558471$ & $0.0354465$ & $-0.00880495$ & $0.00975661$ & $0.0114288$ & $0.00251269$ & $-0.00879113$ & $-0.00668298$ & $-0.00709895$ & $0.00243774$ & $0.0208901$ & $-0.0133251$ & $0.00858048$ & $0.00546124$ & $-0.00851543$ \\
CdH_33r & $0.0269977$ & $0.0193146$ & $-0.00470064$ & $-0.00720746$ & $-0.000568074$ & $-0.000394557$ & $-0.131073$ & $0.0744552$ & $0.0991198$ & $-0.117766$ & $-0.0419885$ & $0.170835$ & $0.263447$ & $-0.0434703$ & $0.0320444$ & $0.0255149$ & $-0.0666348$ & $-0.0838806$ & $-0.079863$ & $0.0429431$ & $0.0422486$ & $0.040776$ & $-0.00678245$ & $-0.0749613$ & $-0.0827182$ & $-0.0189725$ & $0.0160836$ & $0.0109985$ & $0.0417405$ & $0.645573$ & $0.335069$ & $0.0497777$ & $1$ & $0.032605$ & $-0.0985023$ & $0.0185555$ & $-0.180572$ & $-0.0227974$ & $-0.0629093$ & $-0.00126656$ & $0.0123567$ & $-0.00781569$ & $0.010069$ & $0.0350368$ & $0.0118164$ & $-0.00626263$ & $-0.00269204$ & $0.188087$ & $0.43127$ \\
CLL_1221 & $-0.0151606$ & $0.00772601$ & $-0.00151356$ & $0.00293912$ & $-0.00693563$ & $-0.127319$ & $-0.0410671$ & $0.555293$ & $0.544741$ & $-0.344347$ & $-0.359662$ & $-0.22761$ & $0.16825$ & $-0.199865$ & $-0.600638$ & $-0.101332$ & $-0.232083$ & $0.0616162$ & $-0.328993$ & $0.279511$ & $0.445263$ & $0.441555$ & $0.206547$ & $-0.624759$ & $-0.178739$ & $-0.253826$ & $0.68175$ & $0.157001$ & $0.00907981$ & $0.0282974$ & $0.0146674$ & $-0.0456625$ & $0.032605$ & $1$ & $-0.0145032$ & $-0.000764188$ & $0.00813294$ & $0.00957099$ & $0.0211719$ & $0.00294917$ & $-0.00232851$ & $0.0106964$ & $-0.0172706$ & $0.00448506$ & $-0.0156743$ & $0.00204423$ & $-0.00866027$ & $0.00393328$ & $0.00491478$ \\
eHggint & $-0.0593368$ & $-0.0369342$ & $-0.0471416$ & $-0.11633$ & $0.00309664$ & $0.0173629$ & $-0.0201004$ & $-0.0179292$ & $-0.0315904$ & $0.0575477$ & $0.0247228$ & $0.0991365$ & $0.0212531$ & $-0.0159683$ & $-0.00472691$ & $-0.0140012$ & $-0.0154927$ & $-0.00960605$ & $-0.00100536$ & $-0.0248602$ & $-0.0249042$ & $-0.0244653$ & $0.00207601$ & $-0.00138966$ & $0.00242959$ & $0.0165881$ & $-0.00513599$ & $-0.00589707$ & $-0.0205414$ & $-0.0633059$ & $6.64376e-06$ & $0.0558471$ & $-0.0985023$ & $-0.0145032$ & $1$ & $-0.0122842$ & $0.0493325$ & $0.00139131$ & $-0.0836792$ & $0.00168026$ & $-0.124243$ & $-0.0043524$ & $0.0192484$ & $-0.000188392$ & $-0.0114967$ & $-0.0185949$ & $0.0849294$ & $-0.152827$ & $-0.0337877$ \\
eHggpar & $-0.00749132$ & $-0.0100647$ & $-0.118989$ & $-0.0269384$ & $-0.000209726$ & $-0.00974305$ & $-0.00864895$ & $0.00182914$ & $-0.0127417$ & $0.0221646$ & $0.00279091$ & $0.0514583$ & $0.0117963$ & $-0.011575$ & $0.00137932$ & $0.00796199$ & $-0.0120304$ & $-0.0106766$ & $-0.0161558$ & $-0.00285244$ & $-0.00399046$ & $-0.0027476$ & $-0.00897394$ & $-0.00687875$ & $-0.0121634$ & $0.0110969$ & $-0.00545791$ & $0.00334343$ & $-0.0245104$ & $-0.0193557$ & $-0.0357494$ & $0.0354465$ & $0.0185555$ & $-0.000764188$ & $-0.0122842$ & $1$ & $-0.0879721$ & $-0.000945028$ & $0.0078347$ & $0.00734157$ & $-0.0310701$ & $-0.0141946$ & $-0.08867$ & $-0.0695954$ & $0.0817003$ & $-0.123477$ & $-0.066843$ & $0.00945438$ & $0.0838684$ \\
eHWWint & $-0.138975$ & $0.034677$ & $-0.179791$ & $0.00155263$ & $0.00650879$ & $-0.013714$ & $0.0301048$ & $0.0161074$ & $0.0139322$ & $-0.00306362$ & $-0.0173691$ & $-0.0144376$ & $0.0042599$ & $0.00355427$ & $0.0107167$ & $0.0116512$ & $0.00581511$ & $-0.00539836$ & $-0.00632408$ & $0.0178309$ & $0.0178089$ & $0.0140738$ & $-0.00359793$ & $-0.00204694$ & $0.013524$ & $-0.0020141$ & $0.00736797$ & $0.00890038$ & $-0.0143495$ & $-0.178912$ & $-0.0859358$ & $-0.00880495$ & $-0.180572$ & $0.00813294$ & $0.0493325$ & $-0.0879721$ & $1$ & $-0.00429228$ & $0.12143$ & $-0.00430892$ & $-0.0544729$ & $0.0313912$ & $0.103388$ & $-0.060486$ & $-0.0326825$ & $-0.0524885$ & $0.038827$ & $-0.00678481$ & $0.0554542$ \\
eHWWpar & $0.0236507$ & $-0.00590776$ & $0.0269704$ & $0.0212306$ & $-0.0118065$ & $-0.0133904$ & $0.015528$ & $0.00610644$ & $0.0051955$ & $-0.0135989$ & $-0.0034716$ & $-0.015064$ & $0.0028614$ & $-0.00338083$ & $-0.00598604$ & $-0.00109505$ & $-0.00523208$ & $-0.000758956$ & $-0.0061504$ & $0.00262515$ & $0.00376648$ & $0.00228212$ & $0.00439497$ & $-0.0100524$ & $-0.00750928$ & $-0.00689808$ & $0.00292207$ & $0.0123861$ & $0.00121073$ & $-0.0217606$ & $-0.000324455$ & $0.00975661$ & $-0.0227974$ & $0.00957099$ & $0.00139131$ & $-0.000945028$ & $-0.00429228$ & $1$ & $-0.0180486$ & $0.00157279$ & $-0.00407751$ & $0.00489348$ & $-0.011329$ & $-0.00747832$ & $0.00668732$ & $0.0060857$ & $0.0180141$ & $0.00982498$ & $-0.00493897$ \\
eHZZint & $-0.0973078$ & $-0.0677307$ & $-0.0160077$ & $0.0900945$ & $0.000399564$ & $-0.0210886$ & $0.0144805$ & $0.0284464$ & $0.0176995$ & $-0.0188247$ & $-0.0252516$ & $-0.028769$ & $0.00402479$ & $0.0046399$ & $0.00112214$ & $0.0189122$ & $-0.000540232$ & $-0.00163375$ & $-0.016931$ & $0.0242218$ & $0.0245716$ & $0.0215436$ & $0.00390656$ & $-0.00665921$ & $0.00339086$ & $-0.010847$ & $0.0134$ & $0.0131421$ & $0.00239179$ & $-0.037971$ & $-0.0417683$ & $0.0114288$ & $-0.0629093$ & $0.0211719$ & $-0.0836792$ & $0.0078347$ & $0.12143$ & $-0.0180486$ & $1$ & $-0.00118908$ & $0.0104185$ & $-0.000306818$ & $-0.146754$ & $0.0524371$ & $-0.0167753$ & $0.0513058$ & $-0.049245$ & $0.0595873$ & $-0.0699582$ \\
eHZZpar & $0.006661$ & $-0.00671936$ & $0.00728105$ & $-0.00159408$ & $0.00236752$ & $-0.000130319$ & $0.000411115$ & $0.00311261$ & $0.00259867$ & $0.00053879$ & $-0.00840175$ & $-0.00531373$ & $-0.00068445$ & $0.010424$ & $-2.35155e-05$ & $0.00544424$ & $0.0116924$ & $0.0102843$ & $0.00679826$ & $0.0077989$ & $0.00777377$ & $0.00837164$ & $0.00782511$ & $0.00566949$ & $0.0103393$ & $-0.00826517$ & $0.00545475$ & $0.0036429$ & $-0.000390799$ & $0.00115987$ & $-0.000374766$ & $0.00251269$ & $-0.00126656$ & $0.00294917$ & $0.00168026$ & $0.00734157$ & $-0.00430892$ & $0.00157279$ & $-0.00118908$ & $1$ & $0.0092322$ & $-0.00434616$ & $0.0224673$ & $-0.00518502$ & $-0.00403965$ & $-0.000337457$ & $0.00523405$ & $-0.0162522$ & $0.00102489$ \\
eHZgaint & $0.0412287$ & $0.0601609$ & $-0.0170831$ & $0.148711$ & $-0.0149929$ & $-0.0037835$ & $0.00273994$ & $-0.000912919$ & $0.00326167$ & $-0.0447211$ & $0.00673518$ & $-0.0402525$ & $0.000132771$ & $-0.0167497$ & $0.00595687$ & $0.00825925$ & $-0.0137524$ & $-0.0175419$ & $-0.016014$ & $-0.00505757$ & $-0.00682484$ & $-0.00519762$ & $-0.00910386$ & $-0.0115514$ & $-0.0189914$ & $0.0081827$ & $-0.00639956$ & $-0.00493721$ & $0.009285$ & $0.0144611$ & $-0.00243493$ & $-0.00879113$ & $0.0123567$ & $-0.00232851$ & $-0.124243$ & $-0.0310701$ & $-0.0544729$ & $-0.00407751$ & $0.0104185$ & $0.0092322$ & $1$ & $-0.00559002$ & $0.0341035$ & $-0.0274247$ & $0.0746995$ & $-0.0580372$ & $0.00130069$ & $0.239437$ & $-0.087243$ \\
eHZgapar & $0.00981558$ & $-0.00388321$ & $0.0059012$ & $-0.00299749$ & $0.00649898$ & $-0.000833814$ & $-0.00504755$ & $0.0113711$ & $0.00563617$ & $-0.0102127$ & $-0.0100092$ & $-0.0112522$ & $-0.00372002$ & $0.00388713$ & $-0.00331121$ & $-0.00744785$ & $-0.00216605$ & $-0.000409152$ & $0.00289617$ & $0.0086995$ & $0.0118349$ & $0.00961628$ & $0.00870947$ & $-0.0113257$ & $0.00229993$ & $-0.0123474$ & $0.0147857$ & $0.00318893$ & $-0.00767965$ & $-0.00278823$ & $0.00267474$ & $-0.00668298$ & $-0.00781569$ & $0.0106964$ & $-0.0043524$ & $-0.0141946$ & $0.0313912$ & $0.00489348$ & $-0.000306818$ & $-0.00434616$ & $-0.00559002$ & $1$ & $-0.0224294$ & $-0.0407058$ & $0.0223177$ & $-0.010089$ & $0.0237002$ & $-0.0188422$ & $0.0171836$ \\
eHgagaint & $0.0266037$ & $0.0165729$ & $0.0488457$ & $0.0226321$ & $0.000151956$ & $0.0120225$ & $0.00222325$ & $-0.0218375$ & $0.0451279$ & $0.0142911$ & $0.016315$ & $-0.000897246$ & $0.00315056$ & $0.00433598$ & $-0.000889759$ & $-0.01116$ & $0.00829712$ & $0.00962035$ & $0.0188367$ & $-0.0152899$ & $-0.0165504$ & $-0.0157026$ & $0.00224837$ & $0.0105838$ & $0.0110772$ & $0.00800511$ & $-0.00806958$ & $-0.0186365$ & $-0.00941529$ & $-0.00293627$ & $-0.00292051$ & $-0.00709895$ & $0.010069$ & $-0.0172706$ & $0.0192484$ & $-0.08867$ & $0.103388$ & $-0.011329$ & $-0.146754$ & $0.0224673$ & $0.0341035$ & $-0.0224294$ & $1$ & $-0.059483$ & $0.0113418$ & $-0.0672369$ & $0.045876$ & $-0.0178888$ & $0.051369$ \\
eHmumuint & $0.0491996$ & $-0.00896992$ & $0.0569586$ & $-0.0128772$ & $0.00209062$ & $0.0014166$ & $0.00435229$ & $0.0107675$ & $0.0100223$ & $-0.000105629$ & $-0.00738489$ & $0.000873436$ & $0.00515319$ & $-0.00223267$ & $0.00417066$ & $0.000443681$ & $-0.0062499$ & $-0.00904247$ & $-0.00504371$ & $0.00657823$ & $0.00818954$ & $0.0102361$ & $0.0077465$ & $-0.0109008$ & $-0.0118437$ & $-0.00699162$ & $0.00597982$ & $0.00769568$ & $0.00180143$ & $0.0013744$ & $-0.0317487$ & $0.00243774$ & $0.0350368$ & $0.00448506$ & $-0.000188392$ & $-0.0695954$ & $-0.060486$ & $-0.00747832$ & $0.0524371$ & $-0.00518502$ & $-0.0274247$ & $-0.0407058$ & $-0.059483$ & $1$ & $-0.0532411$ & $-0.037482$ & $-0.108422$ & $0.105187$ & $0.0239608$ \\
eHtautauint & $-0.0986096$ & $0.0739569$ & $0.00958451$ & $-0.029134$ & $0.00669137$ & $-0.00160465$ & $0.0167172$ & $-0.0198691$ & $-0.0189618$ & $0.0178619$ & $0.014633$ & $0.0168496$ & $-0.00565833$ & $0.00491789$ & $0.00304718$ & $0.0037521$ & $0.00594618$ & $0.00865051$ & $0.00616484$ & $-0.0104393$ & $-0.0140994$ & $-0.0136247$ & $0.00351119$ & $0.0168112$ & $0.0201369$ & $0.00569636$ & $-0.0135593$ & $-0.00913521$ & $0.011493$ & $0.0663884$ & $-0.0103658$ & $0.0208901$ & $0.0118164$ & $-0.0156743$ & $-0.0114967$ & $0.0817003$ & $-0.0326825$ & $0.00668732$ & $-0.0167753$ & $-0.00403965$ & $0.0746995$ & $0.0223177$ & $0.0113418$ & $-0.0532411$ & $1$ & $-0.00201321$ & $-0.0105586$ & $0.0503031$ & $0.0148739$ \\
eHccint & $0.118766$ & $0.00319613$ & $-0.080889$ & $-0.0682209$ & $-0.00469468$ & $-0.00498388$ & $-0.0086646$ & $0.00349484$ & $0.000717653$ & $-0.00536445$ & $-0.0138516$ & $-0.0175405$ & $-0.00681406$ & $0.0209704$ & $0.00187926$ & $0.00234311$ & $0.0176804$ & $0.0166971$ & $0.0142817$ & $0.0126524$ & $0.011403$ & $0.010907$ & $-0.00114654$ & $-0.00179467$ & $-0.00125102$ & $-0.00456815$ & $-0.0026034$ & $-0.00568016$ & $0.0138471$ & $0.0116244$ & $0.101805$ & $-0.0133251$ & $-0.00626263$ & $0.00204423$ & $-0.0185949$ & $-0.123477$ & $-0.0524885$ & $0.0060857$ & $0.0513058$ & $-0.000337457$ & $-0.0580372$ & $-0.010089$ & $-0.0672369$ & $-0.037482$ & $-0.00201321$ & $1$ & $0.0988541$ & $-0.0818977$ & $-0.0124879$ \\
eHccpar & $0.00568287$ & $0.143182$ & $0.0919501$ & $0.0559845$ & $0.00559551$ & $0.0049348$ & $0.00556596$ & $-0.0272549$ & $-0.0256462$ & $0.0275938$ & $0.0184127$ & $0.0179263$ & $-0.00710182$ & $0.00977103$ & $-0.00934508$ & $-0.0105154$ & $0.0130022$ & $0.0197553$ & $0.0201608$ & $-0.0152064$ & $-0.0154914$ & $-0.0181667$ & $-0.0119343$ & $0.0194731$ & $0.0114445$ & $0.0121844$ & $-0.0156753$ & $0.00834231$ & $-0.0160218$ & $-0.00510315$ & $0.342341$ & $0.00858048$ & $-0.00269204$ & $-0.00866027$ & $0.0849294$ & $-0.066843$ & $0.038827$ & $0.0180141$ & $-0.049245$ & $0.00523405$ & $0.00130069$ & $0.0237002$ & $0.045876$ & $-0.108422$ & $-0.0105586$ & $0.0988541$ & $1$ & $0.0420011$ & $0.00627222$ \\
eHbbint & $-0.0356879$ & $-0.0134172$ & $-0.120199$ & $0.0903528$ & $0.00791392$ & $-0.0116367$ & $0.0121254$ & $-0.00512874$ & $-0.0042649$ & $-0.00594986$ & $0.00346017$ & $-0.016453$ & $-0.00483718$ & $-0.00803306$ & $-0.00547528$ & $0.0200886$ & $0.00731302$ & $0.00772103$ & $-0.0129467$ & $-0.00237295$ & $-0.00527265$ & $-0.00588628$ & $0.0033963$ & $0.01142$ & $0.00640121$ & $-0.00207135$ & $-0.00401909$ & $-0.00324435$ & $0.0100557$ & $0.00928568$ & $-0.00171571$ & $0.00546124$ & $0.188087$ & $0.00393328$ & $-0.152827$ & $0.00945438$ & $-0.00678481$ & $0.00982498$ & $0.0595873$ & $-0.0162522$ & $0.239437$ & $-0.0188422$ & $-0.0178888$ & $0.105187$ & $0.0503031$ & $-0.0818977$ & $0.0420011$ & $1$ & $0.082911$ \\
eHbbpar & $-0.0243637$ & $0.0558794$ & $-0.0707038$ & $-0.0726058$ & $0.00108836$ & $0.00718706$ & $-0.0116853$ & $0.00986027$ & $0.0100625$ & $-0.0112531$ & $-0.00629791$ & $-0.00554192$ & $-0.00134019$ & $-0.00733849$ & $0.0074543$ & $-0.00729122$ & $-0.0060487$ & $-0.0146571$ & $-0.00323877$ & $0.00611221$ & $0.00807379$ & $0.00846922$ & $-0.0034377$ & $-0.0117302$ & $-0.00618483$ & $0.00281555$ & $0.00831107$ & $-0.00623496$ & $-0.0133356$ & $-0.0131503$ & $-0.00519634$ & $-0.00851543$ & $0.43127$ & $0.00491478$ & $-0.0337877$ & $0.0838684$ & $0.0554542$ & $-0.00493897$ & $-0.0699582$ & $0.00102489$ & $-0.087243$ & $0.0171836$ & $0.051369$ & $0.0239608$ & $0.0148739$ & $-0.0124879$ & $0.00627222$ & $0.082911$ & $1$ \\
