 & AlsMz & dAle5Mz & mtop & mHl & Mz & CW & CHG & CHWB & CHWHB_gaga & CHWHB_gagaorth & CHD & CHbox & CH & CHL1_11 & CHL1_22 & CHL1_33 & CHL3_11 & CHL3_22 & CHL3_33 & CHe_11 & CHe_22 & CHe_33 & CHQ1_11 & CHQ1_33 & CHQ3_11 & CHu_11 & CHd_11 & CHd_33 & CeH_22r & CeH_33r & CuH_22r & CuH_33r & CdH_33r & CLL_1221 & eHggint & eHggpar & eHWWint & eHWWpar & eHZZint & eHZZpar & eHZgaint & eHZgapar & eHgagaint & eHmumuint & eHtautauint & eHccint & eHccpar & eHbbint & eHbbpar \\
AlsMz & $1$ & $0.081529$ & $-0.0525984$ & $-0.00289326$ & $-0.0179236$ & $-0.00124992$ & $0.0107569$ & $-0.0129942$ & $-0.00847805$ & $0.0105325$ & $0.00499048$ & $0.00608257$ & $-0.00685751$ & $-0.00697891$ & $-0.00244072$ & $-0.015236$ & $0.00198753$ & $0.00120611$ & $0.0102768$ & $-0.00943767$ & $-0.00991383$ & $-0.00921475$ & $0.0023095$ & $-0.0409234$ & $-0.0835081$ & $-0.0297217$ & $-0.0244226$ & $0.026036$ & $0.00216544$ & $0.00312058$ & $0.0168247$ & $0.00865716$ & $0.00777833$ & $-0.0059525$ & $-0.0355571$ & $-0.00814917$ & $-0.0542876$ & $-0.00698576$ & $0.0732844$ & $-0.00164907$ & $0.000786163$ & $0.0183491$ & $0.0690539$ & $0.0304694$ & $-0.0309531$ & $0.0783882$ & $0.0539165$ & $-0.00365381$ & $0.031855$ \\
dAle5Mz & $0.081529$ & $1$ & $-0.0959374$ & $-0.0891774$ & $-0.00194644$ & $0.0140035$ & $-0.0341994$ & $-0.0811292$ & $-0.0875953$ & $0.0464369$ & $0.05504$ & $-0.0141878$ & $0.0246015$ & $-0.014215$ & $-0.015978$ & $-0.0236936$ & $0.0311673$ & $0.0274891$ & $0.0321602$ & $-0.0370488$ & $-0.0382875$ & $-0.0382836$ & $0.00206479$ & $0.0346693$ & $0.0168453$ & $0.015889$ & $-0.0303362$ & $-0.00700279$ & $0.0039528$ & $0.0112854$ & $0.0375087$ & $-0.0236552$ & $0.0294835$ & $0.000881759$ & $0.096337$ & $0.0618178$ & $0.0577413$ & $0.0013736$ & $0.00536685$ & $-0.0147324$ & $-0.00706018$ & $0.0294293$ & $-0.0884537$ & $0.0517939$ & $-0.00691743$ & $0.0123217$ & $0.0757576$ & $0.0572591$ & $0.0430129$ \\
mtop & $-0.0525984$ & $-0.0959374$ & $1$ & $-0.0630401$ & $-0.00712135$ & $3.31261e-06$ & $0.000662167$ & $0.0122418$ & $0.0148491$ & $-0.00586539$ & $-0.00442777$ & $-0.0121967$ & $0.00984773$ & $0.00811589$ & $0.00943019$ & $-0.00574237$ & $-0.00437866$ & $-0.00622293$ & $0.00280898$ & $0.00895968$ & $0.00904278$ & $0.00871203$ & $-0.00271517$ & $0.0045255$ & $0.00576314$ & $-0.00299944$ & $0.0114528$ & $-0.00675673$ & $0.00259547$ & $0.000741707$ & $-0.0354914$ & $0.00180944$ & $-0.0118155$ & $-0.00453966$ & $-0.0384018$ & $0.0168136$ & $-0.029916$ & $-0.0034502$ & $0.0599311$ & $-0.0227154$ & $-0.103357$ & $-0.0159184$ & $0.0547717$ & $-0.0160262$ & $-0.00438612$ & $-0.0167229$ & $-0.105894$ & $-0.0200969$ & $-0.0614812$ \\
mHl & $-0.00289326$ & $-0.0891774$ & $-0.0630401$ & $1$ & $-0.0166481$ & $-0.00152536$ & $0.00306824$ & $0.0236186$ & $0.0238575$ & $-0.0189386$ & $-0.0204862$ & $-0.00919732$ & $0.00220177$ & $0.0115977$ & $-0.0103632$ & $-0.00580788$ & $-0.00471311$ & $0.00356062$ & $-0.000636532$ & $0.0161259$ & $0.0200847$ & $0.0186384$ & $0.0216263$ & $-0.0135383$ & $0.00770057$ & $-0.0170744$ & $0.040037$ & $0.0150827$ & $0.00259382$ & $0.00972571$ & $-0.0247566$ & $-0.000310418$ & $-0.0140962$ & $0.0251561$ & $-0.0574911$ & $-0.0202634$ & $-0.0380276$ & $0.0163142$ & $0.0583781$ & $0.00857142$ & $-0.0215961$ & $-0.016229$ & $-0.0176586$ & $0.00869253$ & $0.0624371$ & $-0.00574341$ & $-0.0606687$ & $-0.0846094$ & $-0.0382159$ \\
Mz & $-0.0179236$ & $-0.00194644$ & $-0.00712135$ & $-0.0166481$ & $1$ & $0.00558044$ & $0.0152364$ & $0.0132266$ & $0.012425$ & $-0.0130562$ & $0.00167494$ & $0.00162957$ & $-0.00216549$ & $-0.00455133$ & $0.00210337$ & $0.003001$ & $-0.0145874$ & $-0.0157511$ & $-0.0161717$ & $0.00535691$ & $0.00756773$ & $0.00900701$ & $0.0136076$ & $-0.0126176$ & $-0.00978571$ & $-0.00980133$ & $0.0172745$ & $0.0174656$ & $-0.0092915$ & $0.000126636$ & $0.00194615$ & $0.0196026$ & $-0.0031985$ & $0.00744878$ & $0.00499899$ & $-0.0123035$ & $-0.0114614$ & $-0.00345913$ & $-0.00324185$ & $-0.0062599$ & $-0.000822068$ & $0.00674853$ & $0.00595805$ & $-0.0195065$ & $-0.0200199$ & $-0.00747369$ & $0.0133869$ & $-0.0095305$ & $0.00186208$ \\
CW & $-0.00124992$ & $0.0140035$ & $3.31261e-06$ & $-0.00152536$ & $0.00558044$ & $1$ & $0.0255489$ & $-0.058413$ & $-0.0567074$ & $0.0201793$ & $0.168427$ & $0.0485608$ & $-0.029326$ & $-0.0430908$ & $-0.0942918$ & $-0.0949674$ & $-0.370728$ & $-0.167419$ & $-0.16554$ & $-0.165549$ & $-0.17019$ & $-0.169481$ & $-0.0113326$ & $-0.110109$ & $-0.211893$ & $0.119177$ & $-0.072241$ & $-0.0722737$ & $-0.00289338$ & $-0.0215142$ & $-0.00749718$ & $0.0317227$ & $-0.0250959$ & $-0.10276$ & $0.0103608$ & $0.0107207$ & $-0.0124259$ & $-0.00552744$ & $-0.00706067$ & $0.00094532$ & $0.0101946$ & $-0.0040777$ & $-0.00840125$ & $0.00726403$ & $0.00400758$ & $-0.0049386$ & $0.0151705$ & $-0.00666903$ & $-0.00334151$ \\
CHG & $0.0107569$ & $-0.0341994$ & $0.000662167$ & $0.00306824$ & $0.0152364$ & $0.0255489$ & $1$ & $-0.0166018$ & $0.00174833$ & $0.19136$ & $0.0715003$ & $0.744481$ & $-0.793458$ & $-0.109485$ & $-0.0300235$ & $-0.0371017$ & $-0.108699$ & $-0.0952069$ & $-0.0883799$ & $-0.0713602$ & $-0.0706806$ & $-0.0680515$ & $0.0023259$ & $-0.0649471$ & $-0.0949733$ & $0.0522276$ & $-0.00381726$ & $-0.0332503$ & $-0.137231$ & $-0.596523$ & $-0.369513$ & $0.95382$ & $-0.614713$ & $0.00257269$ & $-0.128048$ & $-0.0977622$ & $0.0160057$ & $0.00154019$ & $0.0162356$ & $0.00717369$ & $0.00705499$ & $0.000501637$ & $-0.0157402$ & $0.0074049$ & $0.00295056$ & $-0.0169665$ & $-0.0107482$ & $-0.0155005$ & $-0.0522092$ \\
CHWB & $-0.0129942$ & $-0.0811292$ & $0.0122418$ & $0.0236186$ & $0.0132266$ & $-0.058413$ & $-0.0166018$ & $1$ & $0.989661$ & $-0.557459$ & $-0.875624$ & $-0.0971044$ & $0.0251352$ & $0.268513$ & $0.458223$ & $0.452782$ & $-0.214728$ & $-0.405082$ & $-0.403315$ & $0.858522$ & $0.889005$ & $0.880271$ & $0.0325848$ & $-0.633499$ & $-0.368479$ & $-0.606811$ & $0.417913$ & $0.382485$ & $0.0104629$ & $0.0267175$ & $0.0120391$ & $-0.0327712$ & $0.0197195$ & $0.537623$ & $-0.0298697$ & $-0.0549784$ & $-0.0260618$ & $0.00787828$ & $-0.0135374$ & $0.013352$ & $-0.0137429$ & $-0.00667225$ & $0.00255164$ & $-0.0108295$ & $-0.0291062$ & $0.00500247$ & $-0.0137909$ & $-0.0343318$ & $-0.0120605$ \\
CHWHB_gaga & $-0.00847805$ & $-0.0875953$ & $0.0148491$ & $0.0238575$ & $0.012425$ & $-0.0567074$ & $0.00174833$ & $0.989661$ & $1$ & $-0.552844$ & $-0.865328$ & $-0.100294$ & $0.0327356$ & $0.263224$ & $0.45539$ & $0.448858$ & $-0.215046$ & $-0.404393$ & $-0.401985$ & $0.848462$ & $0.878272$ & $0.869489$ & $0.0310238$ & $-0.628144$ & $-0.367764$ & $-0.599554$ & $0.411628$ & $0.377301$ & $0.0182278$ & $0.0478017$ & $0.0242064$ & $-0.0164616$ & $0.0400813$ & $0.529801$ & $-0.042875$ & $-0.0622819$ & $-0.0355463$ & $0.00628438$ & $-0.0165293$ & $0.0119872$ & $-0.015147$ & $-0.00484788$ & $0.0582241$ & $-0.0110309$ & $-0.0323355$ & $0.00713213$ & $-0.0209193$ & $-0.0379408$ & $-0.0144703$ \\
CHWHB_gagaorth & $0.0105325$ & $0.0464369$ & $-0.00586539$ & $-0.0189386$ & $-0.0130562$ & $0.0201793$ & $0.19136$ & $-0.557459$ & $-0.552844$ & $1$ & $0.478772$ & $0.377118$ & $-0.243916$ & $-0.132064$ & $-0.255257$ & $-0.249184$ & $0.137289$ & $0.24475$ & $0.241581$ & $-0.469395$ & $-0.48678$ & $-0.480509$ & $-0.0225856$ & $0.36084$ & $0.221838$ & $0.335334$ & $-0.233977$ & $-0.217798$ & $-0.04049$ & $-0.228194$ & $-0.143495$ & $0.20541$ & $-0.238279$ & $-0.299599$ & $0.0423973$ & $0.031323$ & $0.0290224$ & $-0.0128682$ & $0.00801915$ & $0.0012538$ & $-0.0458399$ & $-0.00292006$ & $-0.000469082$ & $0.00919585$ & $0.0168582$ & $0.00173146$ & $0.00379279$ & $0.0112812$ & $-0.00463164$ \\
CHD & $0.00499048$ & $0.05504$ & $-0.00442777$ & $-0.0204862$ & $0.00167494$ & $0.168427$ & $0.0715003$ & $-0.875624$ & $-0.865328$ & $0.478772$ & $1$ & $0.181017$ & $-0.0900372$ & $-0.660487$ & $-0.577835$ & $-0.566471$ & $-0.255185$ & $-0.0160978$ & $-0.0174377$ & $-0.994926$ & $-0.995136$ & $-0.983739$ & $0.0237164$ & $0.225141$ & $-0.062736$ & $0.684154$ & $-0.286725$ & $-0.436009$ & $-0.0136771$ & $-0.0738559$ & $-0.044776$ & $0.0932388$ & $-0.080122$ & $-0.330545$ & $0.0332756$ & $0.0426197$ & $0.0218425$ & $-0.0050126$ & $0.00860558$ & $-0.00763731$ & $0.0101913$ & $0.00761765$ & $-0.00241192$ & $0.00546328$ & $0.027797$ & $-0.0051116$ & $0.00572348$ & $0.0257701$ & $0.00168943$ \\
CHbox & $0.00608257$ & $-0.0141878$ & $-0.0121967$ & $-0.00919732$ & $0.00162957$ & $0.0485608$ & $0.744481$ & $-0.0971044$ & $-0.100294$ & $0.377118$ & $0.181017$ & $1$ & $-0.93566$ & $-0.204108$ & $-0.0872825$ & $-0.0840108$ & $-0.171446$ & $-0.130109$ & $-0.129096$ & $-0.178188$ & $-0.180237$ & $-0.175105$ & $-0.00102099$ & $-0.069553$ & $-0.136661$ & $0.1322$ & $-0.0389768$ & $-0.0898654$ & $-0.169043$ & $-0.64725$ & $-0.401929$ & $0.682786$ & $-0.663477$ & $-0.0272006$ & $-0.10588$ & $-0.0970459$ & $-0.000744683$ & $-0.0012827$ & $0.0166001$ & $0.0107594$ & $0.000700873$ & $0.00244259$ & $-0.0205195$ & $-0.00514702$ & $0.0122098$ & $-0.0206537$ & $-0.0102407$ & $-0.0220171$ & $-0.0525488$ \\
CH & $-0.00685751$ & $0.0246015$ & $0.00984773$ & $0.00220177$ & $-0.00216549$ & $-0.029326$ & $-0.793458$ & $0.0251352$ & $0.0327356$ & $-0.243916$ & $-0.0900372$ & $-0.93566$ & $1$ & $0.131845$ & $0.0448914$ & $0.0457621$ & $0.129769$ & $0.107925$ & $0.105103$ & $0.0897031$ & $0.0886236$ & $0.0852006$ & $0.00210361$ & $0.0772709$ & $0.109944$ & $-0.0712161$ & $0.00331285$ & $0.0469241$ & $0.190509$ & $0.719816$ & $0.437639$ & $-0.708396$ & $0.734431$ & $-0.00661702$ & $0.146038$ & $0.11924$ & $0.00417311$ & $-0.000108205$ & $-0.0188506$ & $-0.011398$ & $-0.0141297$ & $-0.00206479$ & $0.0212211$ & $0.00416493$ & $-0.0111445$ & $0.0275486$ & $0.0173987$ & $0.0266144$ & $0.0517527$ \\
CHL1_11 & $-0.00697891$ & $-0.014215$ & $0.00811589$ & $0.0115977$ & $-0.00455133$ & $-0.0430908$ & $-0.109485$ & $0.268513$ & $0.263224$ & $-0.132064$ & $-0.660487$ & $-0.204108$ & $0.131845$ & $1$ & $0.420174$ & $0.399431$ & $0.642477$ & $0.590787$ & $0.595373$ & $0.672198$ & $0.632795$ & $0.622134$ & $-0.101038$ & $0.440008$ & $0.598042$ & $-0.437592$ & $-0.0550764$ & $0.28715$ & $0.00956593$ & $0.0995558$ & $0.0652853$ & $-0.127909$ & $0.12113$ & $-0.179068$ & $-0.0221381$ & $-0.00332024$ & $-0.0073555$ & $-0.00553896$ & $-0.000561139$ & $-0.00292918$ & $-0.00256421$ & $-0.00440955$ & $0.0010959$ & $0.00103522$ & $-0.0132624$ & $0.000105713$ & $0.00683318$ & $-0.00366948$ & $0.0139456$ \\
CHL1_22 & $-0.00244072$ & $-0.015978$ & $0.00943019$ & $-0.0103632$ & $0.00210337$ & $-0.0942918$ & $-0.0300235$ & $0.458223$ & $0.45539$ & $-0.255257$ & $-0.577835$ & $-0.0872825$ & $0.0448914$ & $0.420174$ & $1$ & $0.537348$ & $0.184703$ & $-0.300293$ & $0.00908474$ & $0.619818$ & $0.522941$ & $0.514979$ & $-0.173023$ & $0.0436856$ & $-0.0525335$ & $-0.360582$ & $-0.284703$ & $0.229882$ & $0.00345279$ & $0.036369$ & $0.0279821$ & $-0.0390673$ & $0.0439276$ & $-0.462301$ & $-0.00728788$ & $0.0240418$ & $0.00797851$ & $0.0028038$ & $-0.00970282$ & $-0.00223223$ & $-0.0126859$ & $-0.00940987$ & $0.02094$ & $0.00276977$ & $-0.00805731$ & $0.00329267$ & $0.0110908$ & $0.00901586$ & $0.00173975$ \\
CHL1_33 & $-0.015236$ & $-0.0236936$ & $-0.00574237$ & $-0.00580788$ & $0.003001$ & $-0.0949674$ & $-0.0371017$ & $0.452782$ & $0.448858$ & $-0.249184$ & $-0.566471$ & $-0.0840108$ & $0.0457621$ & $0.399431$ & $0.537348$ & $1$ & $0.178257$ & $0.00378753$ & $-0.301527$ & $0.60866$ & $0.513125$ & $0.521797$ & $-0.159064$ & $0.0358395$ & $-0.0574515$ & $-0.361692$ & $-0.28117$ & $0.223468$ & $-0.00566469$ & $0.0369372$ & $0.019609$ & $-0.0440483$ & $0.0493549$ & $-0.0183789$ & $-0.0136123$ & $0.0102754$ & $0.00937785$ & $-0.00511096$ & $-0.0110042$ & $-0.0050967$ & $-0.00539187$ & $-0.00678195$ & $0.0158232$ & $-0.0103691$ & $-0.0134528$ & $-0.0038099$ & $0.00186266$ & $0.000582886$ & $0.0130557$ \\
CHL3_11 & $0.00198753$ & $0.0311673$ & $-0.00437866$ & $-0.00471311$ & $-0.0145874$ & $-0.370728$ & $-0.108699$ & $-0.214728$ & $-0.215046$ & $0.137289$ & $-0.255185$ & $-0.171446$ & $0.129769$ & $0.642477$ & $0.184703$ & $0.178257$ & $1$ & $0.819505$ & $0.815963$ & $0.267631$ & $0.232446$ & $0.227776$ & $-0.0697168$ & $0.746305$ & $0.856792$ & $-0.168658$ & $-0.145401$ & $0.113651$ & $0.00863178$ & $0.0951919$ & $0.0648132$ & $-0.121284$ & $0.117683$ & $-0.252991$ & $-0.0117372$ & $0.0116638$ & $0.00347358$ & $-0.00153078$ & $0.0108863$ & $-0.00978362$ & $0.00806196$ & $-0.00138861$ & $-0.00182731$ & $0.0114573$ & $0.00323878$ & $-0.000782008$ & $0.00915766$ & $0.0124504$ & $0.0134822$ \\
CHL3_22 & $0.00120611$ & $0.0274891$ & $-0.00622293$ & $0.00356062$ & $-0.0157511$ & $-0.167419$ & $-0.0952069$ & $-0.405082$ & $-0.404393$ & $0.24475$ & $-0.0160978$ & $-0.130109$ & $0.107925$ & $0.590787$ & $-0.300293$ & $0.00378753$ & $0.819505$ & $1$ & $0.785181$ & $0.0166104$ & $0.011825$ & $0.0112951$ & $-0.013659$ & $0.737674$ & $0.864589$ & $-0.0161426$ & $-0.0637698$ & $0.0178676$ & $0.00505239$ & $0.0773204$ & $0.0497902$ & $-0.103165$ & $0.0986763$ & $-0.0774928$ & $-0.00925418$ & $0.0035218$ & $0.000264522$ & $-0.00752723$ & $0.0125585$ & $-0.00908941$ & $0.0125443$ & $0.00243378$ & $-0.0102581$ & $0.00535515$ & $0.00451094$ & $-0.00252539$ & $0.00478851$ & $0.00664$ & $0.0169447$ \\
CHL3_33 & $0.0102768$ & $0.0321602$ & $0.00280898$ & $-0.000636532$ & $-0.0161717$ & $-0.16554$ & $-0.0883799$ & $-0.403315$ & $-0.401985$ & $0.241581$ & $-0.0174377$ & $-0.129096$ & $0.105103$ & $0.595373$ & $0.00908474$ & $-0.301527$ & $0.815963$ & $0.785181$ & $1$ & $0.0175426$ & $0.0133308$ & $0.0134549$ & $-0.0201471$ & $0.736687$ & $0.864021$ & $-0.0115207$ & $-0.0602843$ & $0.0192717$ & $0.0102977$ & $0.0752299$ & $0.0551628$ & $-0.0976165$ & $0.0932221$ & $-0.379028$ & $-0.00449443$ & $0.0120301$ & $-0.00103341$ & $-0.00320293$ & $0.0130538$ & $-0.00709974$ & $0.00668148$ & $0.00147343$ & $-0.00914573$ & $0.0155519$ & $0.0066585$ & $0.000421028$ & $0.0122819$ & $0.0115583$ & $0.00989141$ \\
CHe_11 & $-0.00943767$ & $-0.0370488$ & $0.00895968$ & $0.0161259$ & $0.00535691$ & $-0.165549$ & $-0.0713602$ & $0.858522$ & $0.848462$ & $-0.469395$ & $-0.994926$ & $-0.178188$ & $0.0897031$ & $0.672198$ & $0.619818$ & $0.60866$ & $0.267631$ & $0.0166104$ & $0.0175426$ & $1$ & $0.985321$ & $0.974213$ & $-0.0411571$ & $-0.190751$ & $0.0682602$ & $-0.678502$ & $0.232702$ & $0.432114$ & $0.0133607$ & $0.0732551$ & $0.0441897$ & $-0.0921305$ & $0.0812599$ & $0.274461$ & $-0.0312097$ & $-0.0371996$ & $-0.0184928$ & $0.0042814$ & $-0.00894517$ & $0.00604966$ & $-0.0109476$ & $-0.00823764$ & $0.00201985$ & $-0.00515144$ & $-0.0264684$ & $0.0050756$ & $-0.00447329$ & $-0.0226061$ & $0.000399273$ \\
CHe_22 & $-0.00991383$ & $-0.0382875$ & $0.00904278$ & $0.0200847$ & $0.00756773$ & $-0.17019$ & $-0.0706806$ & $0.889005$ & $0.878272$ & $-0.48678$ & $-0.995136$ & $-0.180237$ & $0.0886236$ & $0.632795$ & $0.522941$ & $0.513125$ & $0.232446$ & $0.011825$ & $0.0133308$ & $0.985321$ & $1$ & $0.986821$ & $-0.00263089$ & $-0.266171$ & $0.0521109$ & $-0.685866$ & $0.346873$ & $0.43665$ & $0.0145747$ & $0.0732672$ & $0.0440616$ & $-0.0925024$ & $0.0782707$ & $0.39594$ & $-0.0326554$ & $-0.0475372$ & $-0.0235768$ & $0.00556424$ & $-0.00819964$ & $0.00856826$ & $-0.0104896$ & $-0.00637039$ & $-0.00166904$ & $-0.00474226$ & $-0.0286755$ & $0.00449118$ & $-0.00658459$ & $-0.0273518$ & $-0.00266332$ \\
CHe_33 & $-0.00921475$ & $-0.0382836$ & $0.00871203$ & $0.0186384$ & $0.00900701$ & $-0.169481$ & $-0.0680515$ & $0.880271$ & $0.869489$ & $-0.480509$ & $-0.983739$ & $-0.175105$ & $0.0852006$ & $0.622134$ & $0.514979$ & $0.521797$ & $0.227776$ & $0.0112951$ & $0.0134549$ & $0.974213$ & $0.986821$ & $1$ & $-0.000550133$ & $-0.265629$ & $0.0506826$ & $-0.678499$ & $0.3458$ & $0.432487$ & $0.01354$ & $0.0701986$ & $0.0435231$ & $-0.0896915$ & $0.0752765$ & $0.39665$ & $-0.0327793$ & $-0.0485748$ & $-0.0219931$ & $0.00551412$ & $-0.00903252$ & $0.00845012$ & $-0.00881419$ & $-0.00433784$ & $-0.003786$ & $-0.00394501$ & $-0.0296044$ & $0.00396101$ & $-0.00579677$ & $-0.027512$ & $-0.00260804$ \\
CHQ1_11 & $0.0023095$ & $0.00206479$ & $-0.00271517$ & $0.0216263$ & $0.0136076$ & $-0.0113326$ & $0.0023259$ & $0.0325848$ & $0.0310238$ & $-0.0225856$ & $0.0237164$ & $-0.00102099$ & $0.00210361$ & $-0.101038$ & $-0.173023$ & $-0.159064$ & $-0.0697168$ & $-0.013659$ & $-0.0201471$ & $-0.0411571$ & $-0.00263089$ & $-0.000550133$ & $1$ & $-0.123775$ & $0.0403113$ & $-0.574985$ & $0.333968$ & $-0.0016881$ & $0.0138974$ & $0.0120431$ & $0.0102304$ & $0.004827$ & $0.00439461$ & $0.198298$ & $-0.0133895$ & $-0.0358827$ & $-0.00272284$ & $0.00323471$ & $-0.00183516$ & $0.0163297$ & $0.00410061$ & $0.00875974$ & $-0.0168482$ & $0.00621005$ & $0.00156236$ & $0.013132$ & $-0.0089207$ & $-0.019539$ & $-0.00478796$ \\
CHQ1_33 & $-0.0409234$ & $0.0346693$ & $0.0045255$ & $-0.0135383$ & $-0.0126176$ & $-0.110109$ & $-0.0649471$ & $-0.633499$ & $-0.628144$ & $0.36084$ & $0.225141$ & $-0.069553$ & $0.0772709$ & $0.440008$ & $0.0436856$ & $0.0358395$ & $0.746305$ & $0.737674$ & $0.736687$ & $-0.190751$ & $-0.266171$ & $-0.265629$ & $-0.123775$ & $1$ & $0.751047$ & $0.17508$ & $-0.414176$ & $-0.0288872$ & $0.00117247$ & $0.0529123$ & $0.0397924$ & $-0.0642953$ & $0.073071$ & $-0.622585$ & $0.00290674$ & $0.0418537$ & $0.0180831$ & $-0.00863377$ & $0.00450777$ & $-0.013899$ & $0.00922912$ & $0.00134985$ & $0.000758186$ & $0.00774718$ & $0.0168561$ & $-0.00320232$ & $0.0130714$ & $0.0270338$ & $0.0132925$ \\
CHQ3_11 & $-0.0835081$ & $0.0168453$ & $0.00576314$ & $0.00770057$ & $-0.00978571$ & $-0.211893$ & $-0.0949733$ & $-0.368479$ & $-0.367764$ & $0.221838$ & $-0.062736$ & $-0.136661$ & $0.109944$ & $0.598042$ & $-0.0525335$ & $-0.0574515$ & $0.856792$ & $0.864589$ & $0.864021$ & $0.0682602$ & $0.0521109$ & $0.0506826$ & $0.0403113$ & $0.751047$ & $1$ & $-0.0358159$ & $0.110959$ & $0.0297481$ & $0.00676859$ & $0.0774677$ & $0.0502514$ & $-0.105593$ & $0.0949644$ & $-0.257335$ & $-0.0122446$ & $-0.00865916$ & $0.000287469$ & $-0.00623698$ & $0.00518681$ & $-0.00466833$ & $0.00996241$ & $-0.000115381$ & $-0.0213874$ & $0.000182054$ & $-0.0007307$ & $-0.00389428$ & $-0.00382657$ & $0.00297304$ & $0.00286759$ \\
CHu_11 & $-0.0297217$ & $0.015889$ & $-0.00299944$ & $-0.0170744$ & $-0.00980133$ & $0.119177$ & $0.0522276$ & $-0.606811$ & $-0.599554$ & $0.335334$ & $0.684154$ & $0.1322$ & $-0.0712161$ & $-0.437592$ & $-0.360582$ & $-0.361692$ & $-0.168658$ & $-0.0161426$ & $-0.0115207$ & $-0.678502$ & $-0.685866$ & $-0.678499$ & $-0.574985$ & $0.17508$ & $-0.0358159$ & $1$ & $-0.203408$ & $-0.303137$ & $-0.0185916$ & $-0.0656351$ & $-0.0454633$ & $0.0646544$ & $-0.0680169$ & $-0.270097$ & $0.0248629$ & $0.0360959$ & $0.0146129$ & $-0.00512109$ & $0.00678389$ & $-0.00257405$ & $0.00626778$ & $-0.00126122$ & $-0.000766027$ & $-0.00443361$ & $0.0118155$ & $-0.0155775$ & $-0.0024402$ & $0.0281275$ & $-0.00223826$ \\
CHd_11 & $-0.0244226$ & $-0.0303362$ & $0.0114528$ & $0.040037$ & $0.0172745$ & $-0.072241$ & $-0.00381726$ & $0.417913$ & $0.411628$ & $-0.233977$ & $-0.286725$ & $-0.0389768$ & $0.00331285$ & $-0.0550764$ & $-0.284703$ & $-0.28117$ & $-0.145401$ & $-0.0637698$ & $-0.0602843$ & $0.232702$ & $0.346873$ & $0.3458$ & $0.333968$ & $-0.414176$ & $0.110959$ & $-0.203408$ & $1$ & $0.130106$ & $0.0131176$ & $0.0053766$ & $-0.0018001$ & $-0.0154853$ & $-0.0109326$ & $0.68084$ & $-0.0313792$ & $-0.0980337$ & $-0.0392496$ & $0.00483496$ & $-0.00564842$ & $0.0233392$ & $-0.00162188$ & $0.00388425$ & $-0.0353176$ & $-0.0145339$ & $-0.0308865$ & $0.010706$ & $-0.0287084$ & $-0.0439238$ & $-0.0301794$ \\
CHd_33 & $0.026036$ & $-0.00700279$ & $-0.00675673$ & $0.0150827$ & $0.0174656$ & $-0.0722737$ & $-0.0332503$ & $0.382485$ & $0.377301$ & $-0.217798$ & $-0.436009$ & $-0.0898654$ & $0.0469241$ & $0.28715$ & $0.229882$ & $0.223468$ & $0.113651$ & $0.0178676$ & $0.0192717$ & $0.432114$ & $0.43665$ & $0.432487$ & $-0.0016881$ & $-0.0288872$ & $0.0297481$ & $-0.303137$ & $0.130106$ & $1$ & $0.0108643$ & $0.0373596$ & $0.0321106$ & $-0.0407978$ & $0.0416388$ & $0.166636$ & $-0.0202147$ & $-0.0134736$ & $0.000331383$ & $-0.00500269$ & $0.0189123$ & $0.00372053$ & $0.00741167$ & $0.00632005$ & $-0.00506132$ & $0.0111576$ & $-0.0128149$ & $0.00367715$ & $0.00107861$ & $-0.0127267$ & $0.00208856$ \\
CeH_22r & $0.00216544$ & $0.0039528$ & $0.00259547$ & $0.00259382$ & $-0.0092915$ & $-0.00289338$ & $-0.137231$ & $0.0104629$ & $0.0182278$ & $-0.04049$ & $-0.0136771$ & $-0.169043$ & $0.190509$ & $0.00956593$ & $0.00345279$ & $-0.00566469$ & $0.00863178$ & $0.00505239$ & $0.0102977$ & $0.0133607$ & $0.0145747$ & $0.01354$ & $0.0138974$ & $0.00117247$ & $0.00676859$ & $-0.0185916$ & $0.0131176$ & $0.0108643$ & $1$ & $0.155686$ & $0.0874197$ & $-0.135555$ & $0.156725$ & $0.0085086$ & $0.012442$ & $-0.00848102$ & $-0.0158675$ & $-0.000115316$ & $-0.0195184$ & $-0.0150424$ & $-0.00826903$ & $0.00941485$ & $0.00846656$ & $0.0106955$ & $-0.00082929$ & $-0.00519597$ & $-0.0102175$ & $-0.00137026$ & $0.00842348$ \\
CeH_33r & $0.00312058$ & $0.0112854$ & $0.000741707$ & $0.00972571$ & $0.000126636$ & $-0.0215142$ & $-0.596523$ & $0.0267175$ & $0.0478017$ & $-0.228194$ & $-0.0738559$ & $-0.64725$ & $0.719816$ & $0.0995558$ & $0.036369$ & $0.0369372$ & $0.0951919$ & $0.0773204$ & $0.0752299$ & $0.0732551$ & $0.0732672$ & $0.0701986$ & $0.0120431$ & $0.0529123$ & $0.0774677$ & $-0.0656351$ & $0.0053766$ & $0.0373596$ & $0.155686$ & $1$ & $0.490678$ & $-0.460268$ & $0.827508$ & $4.83353e-05$ & $0.0389434$ & $0.0372677$ & $-0.125271$ & $-0.00966078$ & $-0.0285882$ & $0.000745843$ & $0.00667282$ & $-0.00406366$ & $0.00452745$ & $0.000480763$ & $0.0425441$ & $0.0154195$ & $-0.0218086$ & $0.0134742$ & $0.042261$ \\
CuH_22r & $0.0168247$ & $0.0375087$ & $-0.0354914$ & $-0.0247566$ & $0.00194615$ & $-0.00749718$ & $-0.369513$ & $0.0120391$ & $0.0242064$ & $-0.143495$ & $-0.044776$ & $-0.401929$ & $0.437639$ & $0.0652853$ & $0.0279821$ & $0.019609$ & $0.0648132$ & $0.0497902$ & $0.0551628$ & $0.0441897$ & $0.0440616$ & $0.0435231$ & $0.0102304$ & $0.0397924$ & $0.0502514$ & $-0.0454633$ & $-0.0018001$ & $0.0321106$ & $0.0874197$ & $0.490678$ & $1$ & $-0.270592$ & $0.520934$ & $-0.0067773$ & $0.0568164$ & $0.0960991$ & $-0.0272613$ & $-0.00405244$ & $-0.00622675$ & $-0.00644943$ & $-0.0203834$ & $-0.00176322$ & $-0.00114319$ & $0.0268274$ & $-0.0472614$ & $0.0609914$ & $0.319111$ & $0.0361467$ & $0.0266562$ \\
CuH_33r & $0.00865716$ & $-0.0236552$ & $0.00180944$ & $-0.000310418$ & $0.0196026$ & $0.0317227$ & $0.95382$ & $-0.0327712$ & $-0.0164616$ & $0.20541$ & $0.0932388$ & $0.682786$ & $-0.708396$ & $-0.127909$ & $-0.0390673$ & $-0.0440483$ & $-0.121284$ & $-0.103165$ & $-0.0976165$ & $-0.0921305$ & $-0.0925024$ & $-0.0896915$ & $0.004827$ & $-0.0642953$ & $-0.105593$ & $0.0646544$ & $-0.0154853$ & $-0.0407978$ & $-0.135555$ & $-0.460268$ & $-0.270592$ & $1$ & $-0.459514$ & $-0.00539871$ & $-0.0608218$ & $-0.0525394$ & $-0.00305867$ & $-0.000477901$ & $0.0217334$ & $0.0128007$ & $-0.00621125$ & $-0.0064195$ & $-0.0120317$ & $0.00901521$ & $-0.00109024$ & $-0.00632072$ & $-0.00286813$ & $-0.00182248$ & $-0.0395556$ \\
CdH_33r & $0.00777833$ & $0.0294835$ & $-0.0118155$ & $-0.0140962$ & $-0.0031985$ & $-0.0250959$ & $-0.614713$ & $0.0197195$ & $0.0400813$ & $-0.238279$ & $-0.080122$ & $-0.663477$ & $0.734431$ & $0.12113$ & $0.0439276$ & $0.0493549$ & $0.117683$ & $0.0986763$ & $0.0932221$ & $0.0812599$ & $0.0782707$ & $0.0752765$ & $0.00439461$ & $0.073071$ & $0.0949644$ & $-0.0680169$ & $-0.0109326$ & $0.0416388$ & $0.156725$ & $0.827508$ & $0.520934$ & $-0.459514$ & $1$ & $-0.0129234$ & $0.0793936$ & $0.069741$ & $-0.15601$ & $-0.0115029$ & $-0.0368549$ & $-0.00960478$ & $-0.0105912$ & $-0.00310922$ & $-0.00183785$ & $0.020746$ & $-0.000170958$ & $-0.0176592$ & $-0.00486689$ & $0.147652$ & $0.349351$ \\
CLL_1221 & $-0.0059525$ & $0.000881759$ & $-0.00453966$ & $0.0251561$ & $0.00744878$ & $-0.10276$ & $0.00257269$ & $0.537623$ & $0.529801$ & $-0.299599$ & $-0.330545$ & $-0.0272006$ & $-0.00661702$ & $-0.179068$ & $-0.462301$ & $-0.0183789$ & $-0.252991$ & $-0.0774928$ & $-0.379028$ & $0.274461$ & $0.39594$ & $0.39665$ & $0.198298$ & $-0.622585$ & $-0.257335$ & $-0.270097$ & $0.68084$ & $0.166636$ & $0.0085086$ & $4.83353e-05$ & $-0.0067773$ & $-0.00539871$ & $-0.0129234$ & $1$ & $-0.0184734$ & $-0.0736464$ & $-0.0285215$ & $0.00732253$ & $-0.00335441$ & $0.0134686$ & $-0.000138345$ & $0.00439895$ & $-0.0220677$ & $-0.00810475$ & $-0.0201466$ & $0.00297942$ & $-0.019641$ & $-0.0370912$ & $-0.0132435$ \\
eHggint & $-0.0355571$ & $0.096337$ & $-0.0384018$ & $-0.0574911$ & $0.00499899$ & $0.0103608$ & $-0.128048$ & $-0.0298697$ & $-0.042875$ & $0.0423973$ & $0.0332756$ & $-0.10588$ & $0.146038$ & $-0.0221381$ & $-0.00728788$ & $-0.0136123$ & $-0.0117372$ & $-0.00925418$ & $-0.00449443$ & $-0.0312097$ & $-0.0326554$ & $-0.0327793$ & $-0.0133895$ & $0.00290674$ & $-0.0122446$ & $0.0248629$ & $-0.0313792$ & $-0.0202147$ & $0.012442$ & $0.0389434$ & $0.0568164$ & $-0.0608218$ & $0.0793936$ & $-0.0184734$ & $1$ & $0.170866$ & $0.090258$ & $-0.0100746$ & $0.00558447$ & $0.0118903$ & $-0.138521$ & $-0.00994563$ & $0.0453107$ & $-0.0335251$ & $-0.0433286$ & $0.0991636$ & $0.0785624$ & $0.115781$ & $0.0731906$ \\
eHggpar & $-0.00814917$ & $0.0618178$ & $0.0168136$ & $-0.0202634$ & $-0.0123035$ & $0.0107207$ & $-0.0977622$ & $-0.0549784$ & $-0.0622819$ & $0.031323$ & $0.0426197$ & $-0.0970459$ & $0.11924$ & $-0.00332024$ & $0.0240418$ & $0.0102754$ & $0.0116638$ & $0.0035218$ & $0.0120301$ & $-0.0371996$ & $-0.0475372$ & $-0.0485748$ & $-0.0358827$ & $0.0418537$ & $-0.00865916$ & $0.0360959$ & $-0.0980337$ & $-0.0134736$ & $-0.00848102$ & $0.0372677$ & $0.0960991$ & $-0.0525394$ & $0.069741$ & $-0.0736464$ & $0.170866$ & $1$ & $0.0844784$ & $-0.00450155$ & $0.0416859$ & $-0.00446369$ & $-0.049912$ & $0.00291956$ & $0.0473397$ & $0.0752196$ & $-0.0255689$ & $0.113175$ & $0.172088$ & $0.0525793$ & $0.0681703$ \\
eHWWint & $-0.0542876$ & $0.0577413$ & $-0.029916$ & $-0.0380276$ & $-0.0114614$ & $-0.0124259$ & $0.0160057$ & $-0.0260618$ & $-0.0355463$ & $0.0290224$ & $0.0218425$ & $-0.000744683$ & $0.00417311$ & $-0.0073555$ & $0.00797851$ & $0.00937785$ & $0.00347358$ & $0.000264522$ & $-0.00103341$ & $-0.0184928$ & $-0.0235768$ & $-0.0219931$ & $-0.00272284$ & $0.0180831$ & $0.000287469$ & $0.0146129$ & $-0.0392496$ & $0.000331383$ & $-0.0158675$ & $-0.125271$ & $-0.0272613$ & $-0.00305867$ & $-0.15601$ & $-0.0285215$ & $0.090258$ & $0.0844784$ & $1$ & $0.00545752$ & $0.0163067$ & $0.00474126$ & $-0.0512375$ & $-0.0069503$ & $-0.00493644$ & $-0.000101535$ & $-0.0313324$ & $0.0678894$ & $0.139226$ & $0.0409416$ & $-0.0822851$ \\
eHWWpar & $-0.00698576$ & $0.0013736$ & $-0.0034502$ & $0.0163142$ & $-0.00345913$ & $-0.00552744$ & $0.00154019$ & $0.00787828$ & $0.00628438$ & $-0.0128682$ & $-0.0050126$ & $-0.0012827$ & $-0.000108205$ & $-0.00553896$ & $0.0028038$ & $-0.00511096$ & $-0.00153078$ & $-0.00752723$ & $-0.00320293$ & $0.0042814$ & $0.00556424$ & $0.00551412$ & $0.00323471$ & $-0.00863377$ & $-0.00623698$ & $-0.00512109$ & $0.00483496$ & $-0.00500269$ & $-0.000115316$ & $-0.00966078$ & $-0.00405244$ & $-0.000477901$ & $-0.0115029$ & $0.00732253$ & $-0.0100746$ & $-0.00450155$ & $0.00545752$ & $1$ & $0.0084934$ & $-0.00423667$ & $0.0121498$ & $-0.00507226$ & $-0.00610805$ & $0.00706127$ & $-0.00679452$ & $0.00608197$ & $-0.00478598$ & $0.0080304$ & $-0.00564814$ \\
eHZZint & $0.0732844$ & $0.00536685$ & $0.0599311$ & $0.0583781$ & $-0.00324185$ & $-0.00706067$ & $0.0162356$ & $-0.0135374$ & $-0.0165293$ & $0.00801915$ & $0.00860558$ & $0.0166001$ & $-0.0188506$ & $-0.000561139$ & $-0.00970282$ & $-0.0110042$ & $0.0108863$ & $0.0125585$ & $0.0130538$ & $-0.00894517$ & $-0.00819964$ & $-0.00903252$ & $-0.00183516$ & $0.00450777$ & $0.00518681$ & $0.00678389$ & $-0.00564842$ & $0.0189123$ & $-0.0195184$ & $-0.0285882$ & $-0.00622675$ & $0.0217334$ & $-0.0368549$ & $-0.00335441$ & $0.00558447$ & $0.0416859$ & $0.0163067$ & $0.0084934$ & $1$ & $0.000949383$ & $0.0249578$ & $0.00951445$ & $0.00735836$ & $-0.0255728$ & $-0.0444254$ & $-0.0207996$ & $0.00124276$ & $0.0356324$ & $-0.0432394$ \\
eHZZpar & $-0.00164907$ & $-0.0147324$ & $-0.0227154$ & $0.00857142$ & $-0.0062599$ & $0.00094532$ & $0.00717369$ & $0.013352$ & $0.0119872$ & $0.0012538$ & $-0.00763731$ & $0.0107594$ & $-0.011398$ & $-0.00292918$ & $-0.00223223$ & $-0.0050967$ & $-0.00978362$ & $-0.00908941$ & $-0.00709974$ & $0.00604966$ & $0.00856826$ & $0.00845012$ & $0.0163297$ & $-0.013899$ & $-0.00466833$ & $-0.00257405$ & $0.0233392$ & $0.00372053$ & $-0.0150424$ & $0.000745843$ & $-0.00644943$ & $0.0128007$ & $-0.00960478$ & $0.0134686$ & $0.0118903$ & $-0.00446369$ & $0.00474126$ & $-0.00423667$ & $0.000949383$ & $1$ & $0.00372843$ & $0.0047881$ & $-0.00108706$ & $0.000605632$ & $0.000172867$ & $0.0155845$ & $0.00504207$ & $-0.0200544$ & $0.00070101$ \\
eHZgaint & $0.000786163$ & $-0.00706018$ & $-0.103357$ & $-0.0215961$ & $-0.000822068$ & $0.0101946$ & $0.00705499$ & $-0.0137429$ & $-0.015147$ & $-0.0458399$ & $0.0101913$ & $0.000700873$ & $-0.0141297$ & $-0.00256421$ & $-0.0126859$ & $-0.00539187$ & $0.00806196$ & $0.0125443$ & $0.00668148$ & $-0.0109476$ & $-0.0104896$ & $-0.00881419$ & $0.00410061$ & $0.00922912$ & $0.00996241$ & $0.00626778$ & $-0.00162188$ & $0.00741167$ & $-0.00826903$ & $0.00667282$ & $-0.0203834$ & $-0.00621125$ & $-0.0105912$ & $-0.000138345$ & $-0.138521$ & $-0.049912$ & $-0.0512375$ & $0.0121498$ & $0.0249578$ & $0.00372843$ & $1$ & $0.0138042$ & $-0.0629369$ & $-0.0641683$ & $0.0879198$ & $-0.0756449$ & $-0.0646803$ & $-0.0274092$ & $-0.0213881$ \\
eHZgapar & $0.0183491$ & $0.0294293$ & $-0.0159184$ & $-0.016229$ & $0.00674853$ & $-0.0040777$ & $0.000501637$ & $-0.00667225$ & $-0.00484788$ & $-0.00292006$ & $0.00761765$ & $0.00244259$ & $-0.00206479$ & $-0.00440955$ & $-0.00940987$ & $-0.00678195$ & $-0.00138861$ & $0.00243378$ & $0.00147343$ & $-0.00823764$ & $-0.00637039$ & $-0.00433784$ & $0.00875974$ & $0.00134985$ & $-0.000115381$ & $-0.00126122$ & $0.00388425$ & $0.00632005$ & $0.00941485$ & $-0.00406366$ & $-0.00176322$ & $-0.0064195$ & $-0.00310922$ & $0.00439895$ & $-0.00994563$ & $0.00291956$ & $-0.0069503$ & $-0.00507226$ & $0.00951445$ & $0.0047881$ & $0.0138042$ & $1$ & $0.0123897$ & $-0.00951495$ & $0.0108681$ & $0.00678555$ & $0.0131818$ & $0.0113437$ & $0.00156949$ \\
eHgagaint & $0.0690539$ & $-0.0884537$ & $0.0547717$ & $-0.0176586$ & $0.00595805$ & $-0.00840125$ & $-0.0157402$ & $0.00255164$ & $0.0582241$ & $-0.000469082$ & $-0.00241192$ & $-0.0205195$ & $0.0212211$ & $0.0010959$ & $0.02094$ & $0.0158232$ & $-0.00182731$ & $-0.0102581$ & $-0.00914573$ & $0.00201985$ & $-0.00166904$ & $-0.003786$ & $-0.0168482$ & $0.000758186$ & $-0.0213874$ & $-0.000766027$ & $-0.0353176$ & $-0.00506132$ & $0.00846656$ & $0.00452745$ & $-0.00114319$ & $-0.0120317$ & $-0.00183785$ & $-0.0220677$ & $0.0453107$ & $0.0473397$ & $-0.00493644$ & $-0.00610805$ & $0.00735836$ & $-0.00108706$ & $-0.0629369$ & $0.0123897$ & $1$ & $-0.0198137$ & $-0.0728724$ & $0.0642675$ & $-0.038317$ & $-0.0342193$ & $-0.0196728$ \\
eHmumuint & $0.0304694$ & $0.0517939$ & $-0.0160262$ & $0.00869253$ & $-0.0195065$ & $0.00726403$ & $0.0074049$ & $-0.0108295$ & $-0.0110309$ & $0.00919585$ & $0.00546328$ & $-0.00514702$ & $0.00416493$ & $0.00103522$ & $0.00276977$ & $-0.0103691$ & $0.0114573$ & $0.00535515$ & $0.0155519$ & $-0.00515144$ & $-0.00474226$ & $-0.00394501$ & $0.00621005$ & $0.00774718$ & $0.000182054$ & $-0.00443361$ & $-0.0145339$ & $0.0111576$ & $0.0106955$ & $0.000480763$ & $0.0268274$ & $0.00901521$ & $0.020746$ & $-0.00810475$ & $-0.0335251$ & $0.0752196$ & $-0.000101535$ & $0.00706127$ & $-0.0255728$ & $0.000605632$ & $-0.0641683$ & $-0.00951495$ & $-0.0198137$ & $1$ & $0.00940781$ & $0.0909226$ & $0.0660729$ & $0.109713$ & $0.0343365$ \\
eHtautauint & $-0.0309531$ & $-0.00691743$ & $-0.00438612$ & $0.0624371$ & $-0.0200199$ & $0.00400758$ & $0.00295056$ & $-0.0291062$ & $-0.0323355$ & $0.0168582$ & $0.027797$ & $0.0122098$ & $-0.0111445$ & $-0.0132624$ & $-0.00805731$ & $-0.0134528$ & $0.00323878$ & $0.00451094$ & $0.0066585$ & $-0.0264684$ & $-0.0286755$ & $-0.0296044$ & $0.00156236$ & $0.0168561$ & $-0.0007307$ & $0.0118155$ & $-0.0308865$ & $-0.0128149$ & $-0.00082929$ & $0.0425441$ & $-0.0472614$ & $-0.00109024$ & $-0.000170958$ & $-0.0201466$ & $-0.0433286$ & $-0.0255689$ & $-0.0313324$ & $-0.00679452$ & $-0.0444254$ & $0.000172867$ & $0.0879198$ & $0.0108681$ & $-0.0728724$ & $0.00940781$ & $1$ & $-0.00535731$ & $-0.125124$ & $-0.0205208$ & $0.0354936$ \\
eHccint & $0.0783882$ & $0.0123217$ & $-0.0167229$ & $-0.00574341$ & $-0.00747369$ & $-0.0049386$ & $-0.0169665$ & $0.00500247$ & $0.00713213$ & $0.00173146$ & $-0.0051116$ & $-0.0206537$ & $0.0275486$ & $0.000105713$ & $0.00329267$ & $-0.0038099$ & $-0.000782008$ & $-0.00252539$ & $0.000421028$ & $0.0050756$ & $0.00449118$ & $0.00396101$ & $0.013132$ & $-0.00320232$ & $-0.00389428$ & $-0.0155775$ & $0.010706$ & $0.00367715$ & $-0.00519597$ & $0.0154195$ & $0.0609914$ & $-0.00632072$ & $-0.0176592$ & $0.00297942$ & $0.0991636$ & $0.113175$ & $0.0678894$ & $0.00608197$ & $-0.0207996$ & $0.0155845$ & $-0.0756449$ & $0.00678555$ & $0.0642675$ & $0.0909226$ & $-0.00535731$ & $1$ & $-0.000512245$ & $-0.00854049$ & $-0.0735045$ \\
eHccpar & $0.0539165$ & $0.0757576$ & $-0.105894$ & $-0.0606687$ & $0.0133869$ & $0.0151705$ & $-0.0107482$ & $-0.0137909$ & $-0.0209193$ & $0.00379279$ & $0.00572348$ & $-0.0102407$ & $0.0173987$ & $0.00683318$ & $0.0110908$ & $0.00186266$ & $0.00915766$ & $0.00478851$ & $0.0122819$ & $-0.00447329$ & $-0.00658459$ & $-0.00579677$ & $-0.0089207$ & $0.0130714$ & $-0.00382657$ & $-0.0024402$ & $-0.0287084$ & $0.00107861$ & $-0.0102175$ & $-0.0218086$ & $0.319111$ & $-0.00286813$ & $-0.00486689$ & $-0.019641$ & $0.0785624$ & $0.172088$ & $0.139226$ & $-0.00478598$ & $0.00124276$ & $0.00504207$ & $-0.0646803$ & $0.0131818$ & $-0.038317$ & $0.0660729$ & $-0.125124$ & $-0.000512245$ & $1$ & $0.0627259$ & $0.0286316$ \\
eHbbint & $-0.00365381$ & $0.0572591$ & $-0.0200969$ & $-0.0846094$ & $-0.0095305$ & $-0.00666903$ & $-0.0155005$ & $-0.0343318$ & $-0.0379408$ & $0.0112812$ & $0.0257701$ & $-0.0220171$ & $0.0266144$ & $-0.00366948$ & $0.00901586$ & $0.000582886$ & $0.0124504$ & $0.00664$ & $0.0115583$ & $-0.0226061$ & $-0.0273518$ & $-0.027512$ & $-0.019539$ & $0.0270338$ & $0.00297304$ & $0.0281275$ & $-0.0439238$ & $-0.0127267$ & $-0.00137026$ & $0.0134742$ & $0.0361467$ & $-0.00182248$ & $0.147652$ & $-0.0370912$ & $0.115781$ & $0.0525793$ & $0.0409416$ & $0.0080304$ & $0.0356324$ & $-0.0200544$ & $-0.0274092$ & $0.0113437$ & $-0.0342193$ & $0.109713$ & $-0.0205208$ & $-0.00854049$ & $0.0627259$ & $1$ & $0.113945$ \\
eHbbpar & $0.031855$ & $0.0430129$ & $-0.0614812$ & $-0.0382159$ & $0.00186208$ & $-0.00334151$ & $-0.0522092$ & $-0.0120605$ & $-0.0144703$ & $-0.00463164$ & $0.00168943$ & $-0.0525488$ & $0.0517527$ & $0.0139456$ & $0.00173975$ & $0.0130557$ & $0.0134822$ & $0.0169447$ & $0.00989141$ & $0.000399273$ & $-0.00266332$ & $-0.00260804$ & $-0.00478796$ & $0.0132925$ & $0.00286759$ & $-0.00223826$ & $-0.0301794$ & $0.00208856$ & $0.00842348$ & $0.042261$ & $0.0266562$ & $-0.0395556$ & $0.349351$ & $-0.0132435$ & $0.0731906$ & $0.0681703$ & $-0.0822851$ & $-0.00564814$ & $-0.0432394$ & $0.00070101$ & $-0.0213881$ & $0.00156949$ & $-0.0196728$ & $0.0343365$ & $0.0354936$ & $-0.0735045$ & $0.0286316$ & $0.113945$ & $1$ \\
