 & AlsMz & dAle5Mz & mtop & mHl & Mz & CW & CHG & CHWB & CHWHB_gaga & CHWHB_gagaorth & CHD & CHbox & CH & CHL1_11 & CHL1_22 & CHL1_33 & CHL3_11 & CHL3_22 & CHL3_33 & CHe_11 & CHe_22 & CHe_33 & CHQ1_11 & CHQ1_33 & CHQ3_11 & CHu_11 & CHd_11 & CHd_33 & CeH_22r & CeH_33r & CuH_22r & CuH_33r & CdH_33r & CLL_1221 & eHggint & eHggpar & eHWWint & eHWWpar & eHZZint & eHZZpar & eHZgaint & eHZgapar & eHgagaint & eHmumuint & eHtautauint & eHccint & eHccpar & eHbbint & eHbbpar \\
AlsMz & $1$ & $-0.302741$ & $-0.0545422$ & $0.204267$ & $-0.0595039$ & $-0.00578436$ & $0.041249$ & $-0.0235128$ & $-0.0214301$ & $-0.00300506$ & $-0.00681964$ & $-0.0282773$ & $0.0309771$ & $0.0337671$ & $0.0723366$ & $0.131748$ & $0.0331371$ & $0.00937119$ & $-0.0357985$ & $0.0153105$ & $-0.0161088$ & $-0.0172517$ & $-0.00464648$ & $0.0465947$ & $-0.0634715$ & $-0.0569541$ & $-0.189103$ & $-0.00392278$ & $-0.0179435$ & $0.0565416$ & $0.0703751$ & $0.0642573$ & $0.0833704$ & $-0.0901471$ & $-0.117636$ & $0.396948$ & $-0.304697$ & $-0.0103402$ & $0.322829$ & $0.103123$ & $-0.156764$ & $-0.0210351$ & $0.0866538$ & $0.229995$ & $-0.0370849$ & $0.166909$ & $0.191225$ & $-0.228986$ & $0.114355$ \\
dAle5Mz & $-0.302741$ & $1$ & $-0.14121$ & $-0.265493$ & $0.0472973$ & $-0.0659456$ & $0.124682$ & $0.14679$ & $0.15839$ & $-0.157466$ & $-0.0565033$ & $-0.0933991$ & $0.103481$ & $-0.15067$ & $0.0150373$ & $0.0446967$ & $-0.147568$ & $-0.177244$ & $-0.196899$ & $0.0598161$ & $0.076321$ & $0.0737774$ & $-0.00279503$ & $-0.183413$ & $-0.165094$ & $-0.0340873$ & $0.0827642$ & $0.0184882$ & $0.00841307$ & $0.0370041$ & $0.00604287$ & $0.135965$ & $0.0182179$ & $0.148627$ & $0.268036$ & $-0.462037$ & $-0.0937277$ & $-0.122241$ & $-0.1895$ & $-0.0588642$ & $0.0987945$ & $-0.180635$ & $0.0580315$ & $-0.474561$ & $-0.154401$ & $-0.117139$ & $-0.0213058$ & $0.0108414$ & $-0.255957$ \\
mtop & $-0.0545422$ & $-0.14121$ & $1$ & $-0.0491328$ & $-0.00788439$ & $-0.0136963$ & $-0.129586$ & $0.0880642$ & $0.0826435$ & $0.00917296$ & $-0.062645$ & $-0.0297135$ & $0.033445$ & $-0.00543114$ & $-0.103365$ & $-0.0832951$ & $-0.0213252$ & $0.0250577$ & $0.0133504$ & $0.0465737$ & $0.0829967$ & $0.0912277$ & $0.0479074$ & $-0.0851638$ & $0.022789$ & $-0.0375$ & $0.192379$ & $0.0315916$ & $-0.0324297$ & $-0.0632678$ & $-0.0362934$ & $-0.147996$ & $-0.0789608$ & $0.157952$ & $-0.0661225$ & $-0.00539907$ & $-0.0843227$ & $-0.18177$ & $-0.248717$ & $0.175432$ & $-0.133759$ & $0.0683983$ & $0.234842$ & $-0.199604$ & $0.354096$ & $0.0519478$ & $0.125085$ & $-0.046098$ & $-0.10596$ \\
mHl & $0.204267$ & $-0.265493$ & $-0.0491328$ & $1$ & $-0.0365021$ & $0.126819$ & $-0.156942$ & $0.0548339$ & $0.0340167$ & $-0.0123658$ & $8.19748e-05$ & $-0.0623627$ & $0.104359$ & $-0.0643794$ & $0.0143268$ & $-0.0123542$ & $-0.111007$ & $-0.102711$ & $-0.0774526$ & $-0.00474383$ & $-1.24311e-06$ & $0.00184905$ & $0.0290921$ & $-0.071295$ & $-0.0724256$ & $-0.000527129$ & $0.0656431$ & $0.0545215$ & $-0.00630562$ & $-0.0473205$ & $-0.0319314$ & $-0.166938$ & $0.00343877$ & $0.0138228$ & $-0.131676$ & $0.477825$ & $0.0799984$ & $-0.00565561$ & $0.203196$ & $0.0834811$ & $-0.373786$ & $-0.0528579$ & $-0.310383$ & $0.155881$ & $0.198434$ & $0.0144526$ & $-0.232439$ & $-0.114735$ & $0.225232$ \\
Mz & $-0.0595039$ & $0.0472973$ & $-0.00788439$ & $-0.0365021$ & $1$ & $0.00121141$ & $-0.00661738$ & $0.0259705$ & $0.0248296$ & $-0.0109575$ & $0.0047182$ & $-0.0138552$ & $0.0187507$ & $-0.019782$ & $-0.0150741$ & $-0.034217$ & $-0.0369746$ & $-0.0300175$ & $-0.016166$ & $-0.00197134$ & $0.0107267$ & $0.0116364$ & $0.0104938$ & $-0.0487493$ & $-0.0224678$ & $0.00455412$ & $0.0475899$ & $-0.00860731$ & $0.015741$ & $-0.0111794$ & $-0.0186403$ & $-0.00578731$ & $-0.0152413$ & $0.0320322$ & $0.0662166$ & $-0.0340664$ & $0.0245971$ & $0.0298966$ & $-0.0315911$ & $-0.00519321$ & $0.0204495$ & $0.0293496$ & $-0.0216199$ & $-0.0579441$ & $-0.0398055$ & $-0.000970914$ & $-0.0147939$ & $0.00714041$ & $-0.0281989$ \\
CW & $-0.00578436$ & $-0.0659456$ & $-0.0136963$ & $0.126819$ & $0.00121141$ & $1$ & $-0.000888953$ & $-0.0665014$ & $-0.0611006$ & $7.53068e-05$ & $0.133613$ & $-0.00644531$ & $0.0421458$ & $0.0389533$ & $-0.0602444$ & $-0.0642026$ & $-0.26561$ & $-0.0691958$ & $-0.0646636$ & $-0.131796$ & $-0.138341$ & $-0.138712$ & $0.00626786$ & $-0.0264563$ & $-0.0880415$ & $0.0733626$ & $-0.0373236$ & $-0.0362359$ & $0.0332957$ & $0.000283731$ & $-0.00991833$ & $0.00274032$ & $0.0112368$ & $-0.0975883$ & $-0.058879$ & $0.0900618$ & $-0.00338486$ & $-0.0117799$ & $0.0484703$ & $-0.00290725$ & $-0.0195155$ & $-0.0382942$ & $-0.0242238$ & $0.065083$ & $0.0987511$ & $0.0322211$ & $-0.0462406$ & $0.00833248$ & $-0.00650346$ \\
CHG & $0.041249$ & $0.124682$ & $-0.129586$ & $-0.156942$ & $-0.00661738$ & $-0.000888953$ & $1$ & $-0.0897091$ & $-0.00824447$ & $0.0181596$ & $0.052627$ & $0.121255$ & $-0.18707$ & $0.0378998$ & $-0.0369623$ & $0.00426813$ & $0.0662931$ & $0.0882137$ & $0.0561114$ & $-0.0496767$ & $-0.0554787$ & $-0.0556966$ & $-0.0090817$ & $0.0765013$ & $0.0563912$ & $0.0374203$ & $-0.058355$ & $-0.0527926$ & $0.0351344$ & $-0.0508178$ & $-0.043588$ & $0.952827$ & $-0.0820857$ & $-0.0344751$ & $-0.116679$ & $-0.0902569$ & $-0.0568521$ & $-0.0308441$ & $0.0600376$ & $0.00421921$ & $0.0199649$ & $-0.0302813$ & $0.131619$ & $0.0587635$ & $0.0319245$ & $-0.031208$ & $-0.0153397$ & $0.0401153$ & $0.0260954$ \\
CHWB & $-0.0235128$ & $0.14679$ & $0.0880642$ & $0.0548339$ & $0.0259705$ & $-0.0665014$ & $-0.0897091$ & $1$ & $0.980875$ & $-0.548288$ & $-0.855328$ & $-0.382224$ & $0.32319$ & $0.0621693$ & $0.325267$ & $0.346626$ & $-0.29735$ & $-0.468869$ & $-0.480978$ & $0.825642$ & $0.876665$ & $0.857041$ & $-0.0167528$ & $-0.653596$ & $-0.498748$ & $-0.448764$ & $0.311704$ & $0.274349$ & $-0.00276898$ & $0.107195$ & $0.0488494$ & $-0.0808975$ & $0.138346$ & $0.52067$ & $0.118698$ & $-0.135687$ & $-0.0385069$ & $-0.0319297$ & $-0.125056$ & $-0.00908751$ & $-0.0842821$ & $0.0155292$ & $-0.0729918$ & $-0.0808493$ & $-0.0436221$ & $-0.112852$ & $-0.0574097$ & $-0.0387929$ & $-0.000870035$ \\
CHWHB_gaga & $-0.0214301$ & $0.15839$ & $0.0826435$ & $0.0340167$ & $0.0248296$ & $-0.0611006$ & $-0.00824447$ & $0.980875$ & $1$ & $-0.538732$ & $-0.836306$ & $-0.369061$ & $0.322236$ & $0.0560837$ & $0.316128$ & $0.339906$ & $-0.29626$ & $-0.462596$ & $-0.47652$ & $0.807343$ & $0.857532$ & $0.838322$ & $-0.0127443$ & $-0.64502$ & $-0.492761$ & $-0.440934$ & $0.307347$ & $0.263585$ & $0.0105416$ & $0.133909$ & $0.0624836$ & $-0.00668664$ & $0.165877$ & $0.513781$ & $0.1023$ & $-0.14875$ & $-0.0511712$ & $-0.035954$ & $-0.121738$ & $-0.0101486$ & $-0.0783273$ & $0.014376$ & $-0.0490753$ & $-0.0724686$ & $-0.0368309$ & $-0.112236$ & $-0.0605194$ & $-0.0328356$ & $-0.00445023$ \\
CHWHB_gagaorth & $-0.00300506$ & $-0.157466$ & $0.00917296$ & $-0.0123658$ & $-0.0109575$ & $7.53068e-05$ & $0.0181596$ & $-0.548288$ & $-0.538732$ & $1$ & $0.292209$ & $0.548367$ & $-0.221278$ & $0.285988$ & $-0.126129$ & $-0.152426$ & $0.486517$ & $0.526421$ & $0.531368$ & $-0.282376$ & $-0.310984$ & $-0.309822$ & $-0.000301752$ & $0.54551$ & $0.548335$ & $0.154261$ & $-0.162997$ & $-0.105386$ & $0.0178426$ & $-0.124716$ & $-0.0678723$ & $0.0244122$ & $-0.155417$ & $-0.32603$ & $-0.0907539$ & $0.151268$ & $0.015946$ & $0.00222186$ & $0.0506546$ & $0.0550456$ & $0.0255588$ & $-0.00816293$ & $0.0504514$ & $0.0473813$ & $0.0599426$ & $0.0561706$ & $0.0251252$ & $-0.0518921$ & $0.018765$ \\
CHD & $-0.00681964$ & $-0.0565033$ & $-0.062645$ & $8.19748e-05$ & $0.0047182$ & $0.133613$ & $0.052627$ & $-0.855328$ & $-0.836306$ & $0.292209$ & $1$ & $0.231218$ & $-0.117243$ & $-0.52007$ & $-0.462886$ & $-0.46892$ & $-0.203039$ & $0.058752$ & $0.0716747$ & $-0.990032$ & $-0.990695$ & $-0.965837$ & $0.0715666$ & $0.240503$ & $0.062616$ & $0.503398$ & $-0.170036$ & $-0.305589$ & $0.017945$ & $-0.0622657$ & $-0.039715$ & $0.0521427$ & $-0.077903$ & $-0.283989$ & $-0.0650132$ & $0.0573153$ & $0.0258473$ & $0.0311195$ & $0.0712016$ & $-0.0250178$ & $0.031789$ & $-0.0268555$ & $0.0143472$ & $0.0408502$ & $0.00678533$ & $0.0795113$ & $0.0435717$ & $0.0382711$ & $0.00601319$ \\
CHbox & $-0.0282773$ & $-0.0933991$ & $-0.0297135$ & $-0.0623627$ & $-0.0138552$ & $-0.00644531$ & $0.121255$ & $-0.382224$ & $-0.369061$ & $0.548367$ & $0.231218$ & $1$ & $-0.785675$ & $0.138236$ & $-0.0624361$ & $-0.073671$ & $0.285767$ & $0.304869$ & $0.304597$ & $-0.215181$ & $-0.247148$ & $-0.243667$ & $-0.013273$ & $0.3578$ & $0.317256$ & $0.126868$ & $-0.16346$ & $-0.0882422$ & $0.0116752$ & $-0.0798593$ & $-0.0634529$ & $0.126977$ & $-0.111024$ & $-0.248741$ & $-0.0775257$ & $0.0699668$ & $0.0840996$ & $0.0157024$ & $0.0679517$ & $0.0049998$ & $0.0291873$ & $-0.0103983$ & $0.0501112$ & $0.0226179$ & $0.0139073$ & $0.0378653$ & $0.0472301$ & $0.0610096$ & $0.0123906$ \\
CH & $0.0309771$ & $0.103481$ & $0.033445$ & $0.104359$ & $0.0187507$ & $0.0421458$ & $-0.18707$ & $0.32319$ & $0.322236$ & $-0.221278$ & $-0.117243$ & $-0.785675$ & $1$ & $-0.267993$ & $0.0471234$ & $0.0544589$ & $-0.388106$ & $-0.388289$ & $-0.387711$ & $0.110715$ & $0.130585$ & $0.127068$ & $0.0363608$ & $-0.387903$ & $-0.382476$ & $-0.0795377$ & $0.141432$ & $0.0437799$ & $0.0271104$ & $0.262321$ & $0.113285$ & $-0.141456$ & $0.347258$ & $0.21311$ & $0.0872083$ & $-0.0409745$ & $-0.101866$ & $-0.0263694$ & $-0.0807253$ & $0.00980576$ & $-0.0478834$ & $-0.0102702$ & $-0.103173$ & $-0.0362137$ & $-0.0326786$ & $-0.0403853$ & $-0.0224169$ & $-0.0954778$ & $0.00200104$ \\
CHL1_11 & $0.0337671$ & $-0.15067$ & $-0.00543114$ & $-0.0643794$ & $-0.019782$ & $0.0389533$ & $0.0378998$ & $0.0621693$ & $0.0560837$ & $0.285988$ & $-0.52007$ & $0.138236$ & $-0.267993$ & $1$ & $0.286292$ & $0.26034$ & $0.66114$ & $0.611792$ & $0.610601$ & $0.535888$ & $0.478056$ & $0.460645$ & $-0.0830751$ & $0.513621$ & $0.617179$ & $-0.245818$ & $-0.129209$ & $0.135027$ & $-0.0220118$ & $-0.0514766$ & $-0.0043993$ & $0.0260352$ & $-0.0648262$ & $-0.279844$ & $-0.0734616$ & $0.122847$ & $-0.00372903$ & $-0.00151353$ & $0.0518619$ & $0.0604249$ & $0.0602615$ & $0.00667508$ & $0.0922135$ & $0.0698244$ & $0.0912824$ & $0.0417025$ & $-0.0110725$ & $-0.022645$ & $-0.0193757$ \\
CHL1_22 & $0.0723366$ & $0.0150373$ & $-0.103365$ & $0.0143268$ & $-0.0150741$ & $-0.0602444$ & $-0.0369623$ & $0.325267$ & $0.316128$ & $-0.126129$ & $-0.462886$ & $-0.0624361$ & $0.0471234$ & $0.286292$ & $1$ & $0.417739$ & $0.166547$ & $-0.422045$ & $8.05578e-05$ & $0.523852$ & $0.383003$ & $0.371683$ & $-0.159815$ & $0.118172$ & $-0.0803544$ & $-0.184056$ & $-0.381726$ & $0.149188$ & $0.00910225$ & $0.02014$ & $-0.00470037$ & $-0.0397986$ & $0.0199746$ & $-0.606623$ & $-0.0338567$ & $0.0467684$ & $0.107431$ & $-0.0281975$ & $0.130268$ & $0.0103375$ & $0.0559581$ & $-0.00895233$ & $-0.00851425$ & $0.0123229$ & $-0.0179366$ & $-0.0130377$ & $0.0432623$ & $0.145517$ & $-0.0260829$ \\
CHL1_33 & $0.131748$ & $0.0446967$ & $-0.0832951$ & $-0.0123542$ & $-0.034217$ & $-0.0642026$ & $0.00426813$ & $0.346626$ & $0.339906$ & $-0.152426$ & $-0.46892$ & $-0.073671$ & $0.0544589$ & $0.26034$ & $0.417739$ & $1$ & $0.140332$ & $-0.0181268$ & $-0.431783$ & $0.526533$ & $0.392676$ & $0.405364$ & $-0.148766$ & $0.0768042$ & $-0.106732$ & $-0.205293$ & $-0.365485$ & $0.107525$ & $0.00732119$ & $0.0314486$ & $0.00636$ & $0.00273712$ & $0.0346398$ & $-0.0483825$ & $0.0295452$ & $0.0151496$ & $0.0970778$ & $-0.0259248$ & $0.112836$ & $0.0166032$ & $0.0763833$ & $0.0099437$ & $-0.00897858$ & $-0.018374$ & $-0.0349166$ & $-0.0173407$ & $0.0440818$ & $0.0957307$ & $0.00919679$ \\
CHL3_11 & $0.0331371$ & $-0.147568$ & $-0.0213252$ & $-0.111007$ & $-0.0369746$ & $-0.26561$ & $0.0662931$ & $-0.29735$ & $-0.29626$ & $0.486517$ & $-0.203039$ & $0.285767$ & $-0.388106$ & $0.66114$ & $0.166547$ & $0.140332$ & $1$ & $0.753571$ & $0.752144$ & $0.225373$ & $0.16621$ & $0.158335$ & $-0.079321$ & $0.720522$ & $0.805326$ & $-0.0746308$ & $-0.177283$ & $0.0463632$ & $-0.0310878$ & $-0.0867666$ & $-0.0141558$ & $0.0498172$ & $-0.116034$ & $-0.308774$ & $-0.0808264$ & $0.108745$ & $0.0192155$ & $0.00691764$ & $0.0683646$ & $0.0579824$ & $0.0795577$ & $0.0397061$ & $0.0988592$ & $0.053877$ & $0.049066$ & $0.0449645$ & $0.0229652$ & $-0.0165429$ & $0.000888064$ \\
CHL3_22 & $0.00937119$ & $-0.177244$ & $0.0250577$ & $-0.102711$ & $-0.0300175$ & $-0.0691958$ & $0.0882137$ & $-0.468869$ & $-0.462596$ & $0.526421$ & $0.058752$ & $0.304869$ & $-0.388289$ & $0.611792$ & $-0.422045$ & $-0.0181268$ & $0.753571$ & $1$ & $0.683039$ & $-0.0587262$ & $-0.0611018$ & $-0.0605479$ & $0.0068415$ & $0.647701$ & $0.806247$ & $0.0279513$ & $-0.0144048$ & $-0.0472286$ & $-0.0304182$ & $-0.0918919$ & $-0.014899$ & $0.0750879$ & $-0.118982$ & $-0.00777066$ & $-0.0743334$ & $0.110515$ & $-0.0416977$ & $0.0197615$ & $0.0137334$ & $0.0537173$ & $0.0571376$ & $0.0306363$ & $0.106243$ & $0.0655328$ & $0.0789241$ & $0.0685041$ & $-0.00315422$ & $-0.0883112$ & $0.00971337$ \\
CHL3_33 & $-0.0357985$ & $-0.196899$ & $0.0133504$ & $-0.0774526$ & $-0.016166$ & $-0.0646636$ & $0.0561114$ & $-0.480978$ & $-0.47652$ & $0.531368$ & $0.0716747$ & $0.304597$ & $-0.387711$ & $0.610601$ & $8.05578e-05$ & $-0.431783$ & $0.752144$ & $0.683039$ & $1$ & $-0.0700631$ & $-0.0740447$ & $-0.0688491$ & $-0.00119041$ & $0.662347$ & $0.811824$ & $0.0498535$ & $-0.0153421$ & $-0.0175753$ & $-0.0289473$ & $-0.101823$ & $-0.0251178$ & $0.0411846$ & $-0.132215$ & $-0.413678$ & $-0.12008$ & $0.130011$ & $-0.0351876$ & $0.0209014$ & $0.0222885$ & $0.051487$ & $0.0390811$ & $0.0133428$ & $0.104001$ & $0.0880914$ & $0.097603$ & $0.0717488$ & $-0.00829086$ & $-0.0539653$ & $-0.0180244$ \\
CHe_11 & $0.0153105$ & $0.0598161$ & $0.0465737$ & $-0.00474383$ & $-0.00197134$ & $-0.131796$ & $-0.0496767$ & $0.825642$ & $0.807343$ & $-0.282376$ & $-0.990032$ & $-0.215181$ & $0.110715$ & $0.535888$ & $0.523852$ & $0.526533$ & $0.225373$ & $-0.0587262$ & $-0.0700631$ & $1$ & $0.971763$ & $0.947817$ & $-0.0901859$ & $-0.186469$ & $-0.0460002$ & $-0.492335$ & $0.101725$ & $0.302869$ & $-0.0184983$ & $0.06001$ & $0.0351457$ & $-0.0495916$ & $0.0720995$ & $0.205197$ & $0.0563336$ & $-0.0491554$ & $-0.0128098$ & $-0.0352938$ & $-0.0514861$ & $0.0267351$ & $-0.0168934$ & $0.0280356$ & $-0.0110794$ & $-0.0409064$ & $-0.00710459$ & $-0.0751272$ & $-0.0339145$ & $-0.0183878$ & $-0.0110499$ \\
CHe_22 & $-0.0161088$ & $0.076321$ & $0.0829967$ & $-1.24311e-06$ & $0.0107267$ & $-0.138341$ & $-0.0554787$ & $0.876665$ & $0.857532$ & $-0.310984$ & $-0.990695$ & $-0.247148$ & $0.130585$ & $0.478056$ & $0.383003$ & $0.392676$ & $0.16621$ & $-0.0611018$ & $-0.0740447$ & $0.971763$ & $1$ & $0.970879$ & $-0.0493679$ & $-0.300742$ & $-0.0824462$ & $-0.507608$ & $0.24857$ & $0.306428$ & $-0.0188189$ & $0.0653393$ & $0.0425149$ & $-0.054232$ & $0.0822555$ & $0.372237$ & $0.0770434$ & $-0.0798858$ & $-0.0433303$ & $-0.0305215$ & $-0.102152$ & $0.0215663$ & $-0.0461811$ & $0.0275211$ & $-0.0189166$ & $-0.0536544$ & $-0.00670375$ & $-0.0891443$ & $-0.055451$ & $-0.0581251$ & $-0.00719865$ \\
CHe_33 & $-0.0172517$ & $0.0737774$ & $0.0912277$ & $0.00184905$ & $0.0116364$ & $-0.138712$ & $-0.0556966$ & $0.857041$ & $0.838322$ & $-0.309822$ & $-0.965837$ & $-0.243667$ & $0.127068$ & $0.460645$ & $0.371683$ & $0.405364$ & $0.158335$ & $-0.0605479$ & $-0.0688491$ & $0.947817$ & $0.970879$ & $1$ & $-0.0543273$ & $-0.295914$ & $-0.0819374$ & $-0.488533$ & $0.24592$ & $0.297995$ & $-0.0204777$ & $0.0611708$ & $0.0376215$ & $-0.0561552$ & $0.0753602$ & $0.368986$ & $0.0744089$ & $-0.0824811$ & $-0.0422207$ & $-0.0318665$ & $-0.107284$ & $0.0249183$ & $-0.0486052$ & $0.0249389$ & $-0.0184977$ & $-0.0571656$ & $0.000890629$ & $-0.0838547$ & $-0.055562$ & $-0.0585738$ & $-0.0124436$ \\
CHQ1_11 & $-0.00464648$ & $-0.00279503$ & $0.0479074$ & $0.0290921$ & $0.0104938$ & $0.00626786$ & $-0.0090817$ & $-0.0167528$ & $-0.0127443$ & $-0.000301752$ & $0.0715666$ & $-0.013273$ & $0.0363608$ & $-0.0830751$ & $-0.159815$ & $-0.148766$ & $-0.079321$ & $0.0068415$ & $-0.00119041$ & $-0.0901859$ & $-0.0493679$ & $-0.0543273$ & $1$ & $-0.0879114$ & $0.0554876$ & $-0.672791$ & $0.284019$ & $-0.0320879$ & $0.0454363$ & $0.0618984$ & $0.0419803$ & $0.00299705$ & $0.0409254$ & $0.123007$ & $0.0292783$ & $0.031062$ & $-0.153783$ & $0.0533819$ & $-0.141158$ & $-0.0405263$ & $-0.028036$ & $0.00405081$ & $-0.0464939$ & $-0.00791885$ & $-0.0425414$ & $0.0334212$ & $-0.0616153$ & $-0.112379$ & $-0.0363777$ \\
CHQ1_33 & $0.0465947$ & $-0.183413$ & $-0.0851638$ & $-0.071295$ & $-0.0487493$ & $-0.0264563$ & $0.0765013$ & $-0.653596$ & $-0.64502$ & $0.54551$ & $0.240503$ & $0.3578$ & $-0.387903$ & $0.513621$ & $0.118172$ & $0.0768042$ & $0.720522$ & $0.647701$ & $0.662347$ & $-0.186469$ & $-0.300742$ & $-0.295914$ & $-0.0879114$ & $1$ & $0.718155$ & $0.160298$ & $-0.347628$ & $-0.00849004$ & $-0.00807784$ & $-0.102933$ & $-0.0428877$ & $0.0632994$ & $-0.135951$ & $-0.629336$ & $-0.125832$ & $0.171186$ & $0.0486736$ & $0.0205829$ & $0.148681$ & $0.0416228$ & $0.107478$ & $0.0204102$ & $0.09956$ & $0.0945523$ & $0.0678693$ & $0.102803$ & $0.0432781$ & $0.0503153$ & $-0.0159655$ \\
CHQ3_11 & $-0.0634715$ & $-0.165094$ & $0.022789$ & $-0.0724256$ & $-0.0224678$ & $-0.0880415$ & $0.0563912$ & $-0.498748$ & $-0.492761$ & $0.548335$ & $0.062616$ & $0.317256$ & $-0.382476$ & $0.617179$ & $-0.0803544$ & $-0.106732$ & $0.805326$ & $0.806247$ & $0.811824$ & $-0.0460002$ & $-0.0824462$ & $-0.0819374$ & $0.0554876$ & $0.718155$ & $1$ & $0.0502704$ & $0.152997$ & $-0.0401606$ & $-0.0236361$ & $-0.092273$ & $-0.0191439$ & $0.0442173$ & $-0.12041$ & $-0.327262$ & $-0.0719952$ & $0.14311$ & $-0.0781604$ & $0.0373618$ & $-0.00825032$ & $0.0622835$ & $0.00927922$ & $0.0140773$ & $0.0801935$ & $0.0670176$ & $0.075422$ & $0.0705292$ & $-0.047875$ & $-0.113707$ & $-0.0190463$ \\
CHu_11 & $-0.0569541$ & $-0.0340873$ & $-0.0375$ & $-0.000527129$ & $0.00455412$ & $0.0733626$ & $0.0374203$ & $-0.448764$ & $-0.440934$ & $0.154261$ & $0.503398$ & $0.126868$ & $-0.0795377$ & $-0.245818$ & $-0.184056$ & $-0.205293$ & $-0.0746308$ & $0.0279513$ & $0.0498535$ & $-0.492335$ & $-0.507608$ & $-0.488533$ & $-0.672791$ & $0.160298$ & $0.0502704$ & $1$ & $-0.0886376$ & $-0.141503$ & $-0.0220059$ & $-0.078711$ & $-0.04965$ & $0.0299937$ & $-0.068303$ & $-0.200343$ & $-0.0549725$ & $0.00614375$ & $0.087454$ & $-0.0207167$ & $0.109409$ & $0.0266845$ & $-0.0136313$ & $-0.029917$ & $0.0375765$ & $0.0376348$ & $0.0508698$ & $0.00936812$ & $0.0274354$ & $0.0580053$ & $0.0332077$ \\
CHd_11 & $-0.189103$ & $0.0827642$ & $0.192379$ & $0.0656431$ & $0.0475899$ & $-0.0373236$ & $-0.058355$ & $0.311704$ & $0.307347$ & $-0.162997$ & $-0.170036$ & $-0.16346$ & $0.141432$ & $-0.129209$ & $-0.381726$ & $-0.365485$ & $-0.177283$ & $-0.0144048$ & $-0.0153421$ & $0.101725$ & $0.24857$ & $0.24592$ & $0.284019$ & $-0.347628$ & $0.152997$ & $-0.0886376$ & $1$ & $0.041606$ & $-0.00183572$ & $0.0496131$ & $0.0386877$ & $-0.0474063$ & $0.0685374$ & $0.589023$ & $0.120384$ & $-0.0782257$ & $-0.244632$ & $0.03706$ & $-0.280063$ & $0.00798681$ & $-0.211162$ & $0.00376021$ & $-0.0604905$ & $-0.0551124$ & $-0.00680172$ & $-0.0515557$ & $-0.168325$ & $-0.269751$ & $-0.0200355$ \\
CHd_33 & $-0.00392278$ & $0.0184882$ & $0.0315916$ & $0.0545215$ & $-0.00860731$ & $-0.0362359$ & $-0.0527926$ & $0.274349$ & $0.263585$ & $-0.105386$ & $-0.305589$ & $-0.0882422$ & $0.0437799$ & $0.135027$ & $0.149188$ & $0.107525$ & $0.0463632$ & $-0.0472286$ & $-0.0175753$ & $0.302869$ & $0.306428$ & $0.297995$ & $-0.0320879$ & $-0.00849004$ & $-0.0401606$ & $-0.141503$ & $0.041606$ & $1$ & $-0.0379663$ & $0.0274139$ & $0.00322258$ & $-0.0489978$ & $0.0279267$ & $0.0917742$ & $-0.0152766$ & $-0.00567597$ & $-0.0507419$ & $-0.0274756$ & $0.0117051$ & $0.0210849$ & $-0.0371637$ & $0.0150661$ & $-0.0508494$ & $-0.0164918$ & $0.0282716$ & $-0.0424945$ & $-0.0394535$ & $-0.00237729$ & $-0.00795379$ \\
CeH_22r & $-0.0179435$ & $0.00841307$ & $-0.0324297$ & $-0.00630562$ & $0.015741$ & $0.0332957$ & $0.0351344$ & $-0.00276898$ & $0.0105416$ & $0.0178426$ & $0.017945$ & $0.0116752$ & $0.0271104$ & $-0.0220118$ & $0.00910225$ & $0.00732119$ & $-0.0310878$ & $-0.0304182$ & $-0.0289473$ & $-0.0184983$ & $-0.0188189$ & $-0.0204777$ & $0.0454363$ & $-0.00807784$ & $-0.0236361$ & $-0.0220059$ & $-0.00183572$ & $-0.0379663$ & $1$ & $0.0372316$ & $0.00841847$ & $0.0244094$ & $0.0273151$ & $-0.0106859$ & $-0.0245785$ & $-0.00120418$ & $0.0431978$ & $0.0800442$ & $0.0102815$ & $-0.0514671$ & $0.0114705$ & $0.0384815$ & $0.00637086$ & $0.030648$ & $0.0332515$ & $0.0597328$ & $-0.0274766$ & $-0.0397792$ & $-0.0276562$ \\
CeH_33r & $0.0565416$ & $0.0370041$ & $-0.0632678$ & $-0.0473205$ & $-0.0111794$ & $0.000283731$ & $-0.0508178$ & $0.107195$ & $0.133909$ & $-0.124716$ & $-0.0622657$ & $-0.0798593$ & $0.262321$ & $-0.0514766$ & $0.02014$ & $0.0314486$ & $-0.0867666$ & $-0.0918919$ & $-0.101823$ & $0.06001$ & $0.0653393$ & $0.0611708$ & $0.0618984$ & $-0.102933$ & $-0.092273$ & $-0.078711$ & $0.0496131$ & $0.0274139$ & $0.0372316$ & $1$ & $0.358377$ & $0.0956146$ & $0.737086$ & $0.0685961$ & $-0.0251075$ & $-0.0512449$ & $-0.151778$ & $-0.0235005$ & $-0.0112074$ & $-0.0107568$ & $0.00136396$ & $0.00824223$ & $-0.0468318$ & $0.0666048$ & $-0.0143903$ & $-0.0113845$ & $0.0575597$ & $-0.000864387$ & $-0.0307025$ \\
CuH_22r & $0.0703751$ & $0.00604287$ & $-0.0362934$ & $-0.0319314$ & $-0.0186403$ & $-0.00991833$ & $-0.043588$ & $0.0488494$ & $0.0624836$ & $-0.0678723$ & $-0.039715$ & $-0.0634529$ & $0.113285$ & $-0.0043993$ & $-0.00470037$ & $0.00636$ & $-0.0141558$ & $-0.014899$ & $-0.0251178$ & $0.0351457$ & $0.0425149$ & $0.0376215$ & $0.0419803$ & $-0.0428877$ & $-0.0191439$ & $-0.04965$ & $0.0386877$ & $0.00322258$ & $0.00841847$ & $0.358377$ & $1$ & $0.0501783$ & $0.425979$ & $0.0448249$ & $0.0384445$ & $0.00155002$ & $-0.122289$ & $0.0124326$ & $0.0221386$ & $0.00262383$ & $0.046469$ & $0.0159164$ & $-0.0247914$ & $0.0533481$ & $-0.0454784$ & $0.0573832$ & $0.122905$ & $-0.0131588$ & $-0.0645778$ \\
CuH_33r & $0.0642573$ & $0.135965$ & $-0.147996$ & $-0.166938$ & $-0.00578731$ & $0.00274032$ & $0.952827$ & $-0.0808975$ & $-0.00668664$ & $0.0244122$ & $0.0521427$ & $0.126977$ & $-0.141456$ & $0.0260352$ & $-0.0397986$ & $0.00273712$ & $0.0498172$ & $0.0750879$ & $0.0411846$ & $-0.0495916$ & $-0.054232$ & $-0.0561552$ & $0.00299705$ & $0.0632994$ & $0.0442173$ & $0.0299937$ & $-0.0474063$ & $-0.0489978$ & $0.0244094$ & $0.0956146$ & $0.0501783$ & $1$ & $0.103301$ & $-0.0258322$ & $-0.100238$ & $-0.0886558$ & $-0.0883743$ & $-0.0309568$ & $0.0722661$ & $0.0103282$ & $0.0121304$ & $-0.029916$ & $0.127096$ & $0.0661229$ & $0.0100189$ & $-0.0258838$ & $0.00362427$ & $0.0343588$ & $0.0187859$ \\
CdH_33r & $0.0833704$ & $0.0182179$ & $-0.0789608$ & $0.00343877$ & $-0.0152413$ & $0.0112368$ & $-0.0820857$ & $0.138346$ & $0.165877$ & $-0.155417$ & $-0.077903$ & $-0.111024$ & $0.347258$ & $-0.0648262$ & $0.0199746$ & $0.0346398$ & $-0.116034$ & $-0.118982$ & $-0.132215$ & $0.0720995$ & $0.0822555$ & $0.0753602$ & $0.0409254$ & $-0.135951$ & $-0.12041$ & $-0.068303$ & $0.0685374$ & $0.0279267$ & $0.0273151$ & $0.737086$ & $0.425979$ & $0.103301$ & $1$ & $0.0921512$ & $-0.0367084$ & $-0.0756395$ & $-0.121631$ & $0.00307703$ & $-0.0271372$ & $-0.0352033$ & $-0.0330399$ & $0.0315011$ & $-0.0803531$ & $0.0924737$ & $-0.0487034$ & $-0.0914927$ & $0.00149721$ & $-0.0559919$ & $0.155309$ \\
CLL_1221 & $-0.0901471$ & $0.148627$ & $0.157952$ & $0.0138228$ & $0.0320322$ & $-0.0975883$ & $-0.0344751$ & $0.52067$ & $0.513781$ & $-0.32603$ & $-0.283989$ & $-0.248741$ & $0.21311$ & $-0.279844$ & $-0.606623$ & $-0.0483825$ & $-0.308774$ & $-0.00777066$ & $-0.413678$ & $0.205197$ & $0.372237$ & $0.368986$ & $0.123007$ & $-0.629336$ & $-0.327262$ & $-0.200343$ & $0.589023$ & $0.0917742$ & $-0.0106859$ & $0.0685961$ & $0.0448249$ & $-0.0258322$ & $0.0921512$ & $1$ & $0.142342$ & $-0.179464$ & $-0.119666$ & $-0.00531227$ & $-0.222658$ & $-0.0191373$ & $-0.113865$ & $0.0268175$ & $-0.0539863$ & $-0.101476$ & $-0.0400946$ & $-0.092044$ & $-0.079752$ & $-0.156403$ & $0.0200435$ \\
eHggint & $-0.117636$ & $0.268036$ & $-0.0661225$ & $-0.131676$ & $0.0662166$ & $-0.058879$ & $-0.116679$ & $0.118698$ & $0.1023$ & $-0.0907539$ & $-0.0650132$ & $-0.0775257$ & $0.0872083$ & $-0.0734616$ & $-0.0338567$ & $0.0295452$ & $-0.0808264$ & $-0.0743334$ & $-0.12008$ & $0.0563336$ & $0.0770434$ & $0.0744089$ & $0.0292783$ & $-0.125832$ & $-0.0719952$ & $-0.0549725$ & $0.120384$ & $-0.0152766$ & $-0.0245785$ & $-0.0251075$ & $0.0384445$ & $-0.100238$ & $-0.0367084$ & $0.142342$ & $1$ & $-0.105732$ & $0.0939894$ & $-0.0445439$ & $-0.0792743$ & $0.0676488$ & $0.162727$ & $-0.0450006$ & $-0.0732346$ & $-0.475296$ & $-0.442373$ & $0.0573189$ & $0.300355$ & $-0.0241447$ & $-0.138018$ \\
eHggpar & $0.396948$ & $-0.462037$ & $-0.00539907$ & $0.477825$ & $-0.0340664$ & $0.0900618$ & $-0.0902569$ & $-0.135687$ & $-0.14875$ & $0.151268$ & $0.0573153$ & $0.0699668$ & $-0.0409745$ & $0.122847$ & $0.0467684$ & $0.0151496$ & $0.108745$ & $0.110515$ & $0.130011$ & $-0.0491554$ & $-0.0798858$ & $-0.0824811$ & $0.031062$ & $0.171186$ & $0.14311$ & $0.00614375$ & $-0.0782257$ & $-0.00567597$ & $-0.00120418$ & $-0.0512449$ & $0.00155002$ & $-0.0886558$ & $-0.0756395$ & $-0.179464$ & $-0.105732$ & $1$ & $-0.0630626$ & $0.139691$ & $0.428134$ & $0.180749$ & $-0.204138$ & $-0.0795029$ & $-0.100349$ & $0.25051$ & $0.0715909$ & $0.447944$ & $-0.0281083$ & $-0.111334$ & $-0.0647998$ \\
eHWWint & $-0.304697$ & $-0.0937277$ & $-0.0843227$ & $0.0799984$ & $0.0245971$ & $-0.00338486$ & $-0.0568521$ & $-0.0385069$ & $-0.0511712$ & $0.015946$ & $0.0258473$ & $0.0840996$ & $-0.101866$ & $-0.00372903$ & $0.107431$ & $0.0970778$ & $0.0192155$ & $-0.0416977$ & $-0.0351876$ & $-0.0128098$ & $-0.0433303$ & $-0.0422207$ & $-0.153783$ & $0.0486736$ & $-0.0781604$ & $0.087454$ & $-0.244632$ & $-0.0507419$ & $0.0431978$ & $-0.151778$ & $-0.122289$ & $-0.0883743$ & $-0.121631$ & $-0.119666$ & $0.0939894$ & $-0.0630626$ & $1$ & $0.0886349$ & $0.150585$ & $-0.0483414$ & $-0.112611$ & $-0.0424672$ & $0.00326689$ & $0.0783002$ & $0.0925503$ & $0.012167$ & $-0.0785802$ & $0.234442$ & $0.236561$ \\
eHWWpar & $-0.0103402$ & $-0.122241$ & $-0.18177$ & $-0.00565561$ & $0.0298966$ & $-0.0117799$ & $-0.0308441$ & $-0.0319297$ & $-0.035954$ & $0.00222186$ & $0.0311195$ & $0.0157024$ & $-0.0263694$ & $-0.00151353$ & $-0.0281975$ & $-0.0259248$ & $0.00691764$ & $0.0197615$ & $0.0209014$ & $-0.0352938$ & $-0.0305215$ & $-0.0318665$ & $0.0533819$ & $0.0205829$ & $0.0373618$ & $-0.0207167$ & $0.03706$ & $-0.0274756$ & $0.0800442$ & $-0.0235005$ & $0.0124326$ & $-0.0309568$ & $0.00307703$ & $-0.00531227$ & $-0.0445439$ & $0.139691$ & $0.0886349$ & $1$ & $0.0225048$ & $0.00524511$ & $-0.114763$ & $-0.0787826$ & $-0.0234425$ & $0.150912$ & $-0.00913081$ & $0.164313$ & $-0.158165$ & $-0.182344$ & $0.1045$ \\
eHZZint & $0.322829$ & $-0.1895$ & $-0.248717$ & $0.203196$ & $-0.0315911$ & $0.0484703$ & $0.0600376$ & $-0.125056$ & $-0.121738$ & $0.0506546$ & $0.0712016$ & $0.0679517$ & $-0.0807253$ & $0.0518619$ & $0.130268$ & $0.112836$ & $0.0683646$ & $0.0137334$ & $0.0222885$ & $-0.0514861$ & $-0.102152$ & $-0.107284$ & $-0.141158$ & $0.148681$ & $-0.00825032$ & $0.109409$ & $-0.280063$ & $0.0117051$ & $0.0102815$ & $-0.0112074$ & $0.0221386$ & $0.0722661$ & $-0.0271372$ & $-0.222658$ & $-0.0792743$ & $0.428134$ & $0.150585$ & $0.0225048$ & $1$ & $0.0125686$ & $-0.157038$ & $-0.098117$ & $0.165783$ & $0.460948$ & $0.131818$ & $0.158398$ & $0.00571254$ & $0.373095$ & $-0.0823682$ \\
eHZZpar & $0.103123$ & $-0.0588642$ & $0.175432$ & $0.0834811$ & $-0.00519321$ & $-0.00290725$ & $0.00421921$ & $-0.00908751$ & $-0.0101486$ & $0.0550456$ & $-0.0250178$ & $0.0049998$ & $0.00980576$ & $0.0604249$ & $0.0103375$ & $0.0166032$ & $0.0579824$ & $0.0537173$ & $0.051487$ & $0.0267351$ & $0.0215663$ & $0.0249183$ & $-0.0405263$ & $0.0416228$ & $0.0622835$ & $0.0266845$ & $0.00798681$ & $0.0210849$ & $-0.0514671$ & $-0.0107568$ & $0.00262383$ & $0.0103282$ & $-0.0352033$ & $-0.0191373$ & $0.0676488$ & $0.180749$ & $-0.0483414$ & $0.00524511$ & $0.0125686$ & $1$ & $-0.109556$ & $0.0218758$ & $0.0303366$ & $-0.07848$ & $-0.0579311$ & $-0.0239026$ & $-0.0058758$ & $0.0107173$ & $-0.108042$ \\
eHZgaint & $-0.156764$ & $0.0987945$ & $-0.133759$ & $-0.373786$ & $0.0204495$ & $-0.0195155$ & $0.0199649$ & $-0.0842821$ & $-0.0783273$ & $0.0255588$ & $0.031789$ & $0.0291873$ & $-0.0478834$ & $0.0602615$ & $0.0559581$ & $0.0763833$ & $0.0795577$ & $0.0571376$ & $0.0390811$ & $-0.0168934$ & $-0.0461811$ & $-0.0486052$ & $-0.028036$ & $0.107478$ & $0.00927922$ & $-0.0136313$ & $-0.211162$ & $-0.0371637$ & $0.0114705$ & $0.00136396$ & $0.046469$ & $0.0121304$ & $-0.0330399$ & $-0.113865$ & $0.162727$ & $-0.204138$ & $-0.112611$ & $-0.114763$ & $-0.157038$ & $-0.109556$ & $1$ & $0.0213629$ & $-0.07022$ & $-0.27604$ & $-0.191278$ & $0.0557593$ & $0.250962$ & $0.0985265$ & $-0.180049$ \\
eHZgapar & $-0.0210351$ & $-0.180635$ & $0.0683983$ & $-0.0528579$ & $0.0293496$ & $-0.0382942$ & $-0.0302813$ & $0.0155292$ & $0.014376$ & $-0.00816293$ & $-0.0268555$ & $-0.0103983$ & $-0.0102702$ & $0.00667508$ & $-0.00895233$ & $0.0099437$ & $0.0397061$ & $0.0306363$ & $0.0133428$ & $0.0280356$ & $0.0275211$ & $0.0249389$ & $0.00405081$ & $0.0204102$ & $0.0140773$ & $-0.029917$ & $0.00376021$ & $0.0150661$ & $0.0384815$ & $0.00824223$ & $0.0159164$ & $-0.029916$ & $0.0315011$ & $0.0268175$ & $-0.0450006$ & $-0.0795029$ & $-0.0424672$ & $-0.0787826$ & $-0.098117$ & $0.0218758$ & $0.0213629$ & $1$ & $-0.0935908$ & $0.107921$ & $-0.123145$ & $-0.105963$ & $0.107234$ & $0.131923$ & $0.0865534$ \\
eHgagaint & $0.0866538$ & $0.0580315$ & $0.234842$ & $-0.310383$ & $-0.0216199$ & $-0.0242238$ & $0.131619$ & $-0.0729918$ & $-0.0490753$ & $0.0504514$ & $0.0143472$ & $0.0501112$ & $-0.103173$ & $0.0922135$ & $-0.00851425$ & $-0.00897858$ & $0.0988592$ & $0.106243$ & $0.104001$ & $-0.0110794$ & $-0.0189166$ & $-0.0184977$ & $-0.0464939$ & $0.09956$ & $0.0801935$ & $0.0375765$ & $-0.0604905$ & $-0.0508494$ & $0.00637086$ & $-0.0468318$ & $-0.0247914$ & $0.127096$ & $-0.0803531$ & $-0.0539863$ & $-0.0732346$ & $-0.100349$ & $0.00326689$ & $-0.0234425$ & $0.165783$ & $0.0303366$ & $-0.07022$ & $-0.0935908$ & $1$ & $0.210357$ & $0.320831$ & $0.31695$ & $0.0981116$ & $0.222926$ & $-0.169164$ \\
eHmumuint & $0.229995$ & $-0.474561$ & $-0.199604$ & $0.155881$ & $-0.0579441$ & $0.065083$ & $0.0587635$ & $-0.0808493$ & $-0.0724686$ & $0.0473813$ & $0.0408502$ & $0.0226179$ & $-0.0362137$ & $0.0698244$ & $0.0123229$ & $-0.018374$ & $0.053877$ & $0.0655328$ & $0.0880914$ & $-0.0409064$ & $-0.0536544$ & $-0.0571656$ & $-0.00791885$ & $0.0945523$ & $0.0670176$ & $0.0376348$ & $-0.0551124$ & $-0.0164918$ & $0.030648$ & $0.0666048$ & $0.0533481$ & $0.0661229$ & $0.0924737$ & $-0.101476$ & $-0.475296$ & $0.25051$ & $0.0783002$ & $0.150912$ & $0.460948$ & $-0.07848$ & $-0.27604$ & $0.107921$ & $0.210357$ & $1$ & $0.394587$ & $0.131326$ & $-0.0871354$ & $0.209024$ & $0.249657$ \\
eHtautauint & $-0.0370849$ & $-0.154401$ & $0.354096$ & $0.198434$ & $-0.0398055$ & $0.0987511$ & $0.0319245$ & $-0.0436221$ & $-0.0368309$ & $0.0599426$ & $0.00678533$ & $0.0139073$ & $-0.0326786$ & $0.0912824$ & $-0.0179366$ & $-0.0349166$ & $0.049066$ & $0.0789241$ & $0.097603$ & $-0.00710459$ & $-0.00670375$ & $0.000890629$ & $-0.0425414$ & $0.0678693$ & $0.075422$ & $0.0508698$ & $-0.00680172$ & $0.0282716$ & $0.0332515$ & $-0.0143903$ & $-0.0454784$ & $0.0100189$ & $-0.0487034$ & $-0.0400946$ & $-0.442373$ & $0.0715909$ & $0.0925503$ & $-0.00913081$ & $0.131818$ & $-0.0579311$ & $-0.191278$ & $-0.123145$ & $0.320831$ & $0.394587$ & $1$ & $0.09201$ & $-0.165368$ & $-0.0615472$ & $0.0461841$ \\
eHccint & $0.166909$ & $-0.117139$ & $0.0519478$ & $0.0144526$ & $-0.000970914$ & $0.0322211$ & $-0.031208$ & $-0.112852$ & $-0.112236$ & $0.0561706$ & $0.0795113$ & $0.0378653$ & $-0.0403853$ & $0.0417025$ & $-0.0130377$ & $-0.0173407$ & $0.0449645$ & $0.0685041$ & $0.0717488$ & $-0.0751272$ & $-0.0891443$ & $-0.0838547$ & $0.0334212$ & $0.102803$ & $0.0705292$ & $0.00936812$ & $-0.0515557$ & $-0.0424945$ & $0.0597328$ & $-0.0113845$ & $0.0573832$ & $-0.0258838$ & $-0.0914927$ & $-0.092044$ & $0.0573189$ & $0.447944$ & $0.012167$ & $0.164313$ & $0.158398$ & $-0.0239026$ & $0.0557593$ & $-0.105963$ & $0.31695$ & $0.131326$ & $0.09201$ & $1$ & $0.272004$ & $0.00544547$ & $-0.380026$ \\
eHccpar & $0.191225$ & $-0.0213058$ & $0.125085$ & $-0.232439$ & $-0.0147939$ & $-0.0462406$ & $-0.0153397$ & $-0.0574097$ & $-0.0605194$ & $0.0251252$ & $0.0435717$ & $0.0472301$ & $-0.0224169$ & $-0.0110725$ & $0.0432623$ & $0.0440818$ & $0.0229652$ & $-0.00315422$ & $-0.00829086$ & $-0.0339145$ & $-0.055451$ & $-0.055562$ & $-0.0616153$ & $0.0432781$ & $-0.047875$ & $0.0274354$ & $-0.168325$ & $-0.0394535$ & $-0.0274766$ & $0.0575597$ & $0.122905$ & $0.00362427$ & $0.00149721$ & $-0.079752$ & $0.300355$ & $-0.0281083$ & $-0.0785802$ & $-0.158165$ & $0.00571254$ & $-0.0058758$ & $0.250962$ & $0.107234$ & $0.0981116$ & $-0.0871354$ & $-0.165368$ & $0.272004$ & $1$ & $0.181185$ & $-0.286104$ \\
eHbbint & $-0.228986$ & $0.0108414$ & $-0.046098$ & $-0.114735$ & $0.00714041$ & $0.00833248$ & $0.0401153$ & $-0.0387929$ & $-0.0328356$ & $-0.0518921$ & $0.0382711$ & $0.0610096$ & $-0.0954778$ & $-0.022645$ & $0.145517$ & $0.0957307$ & $-0.0165429$ & $-0.0883112$ & $-0.0539653$ & $-0.0183878$ & $-0.0581251$ & $-0.0585738$ & $-0.112379$ & $0.0503153$ & $-0.113707$ & $0.0580053$ & $-0.269751$ & $-0.00237729$ & $-0.0397792$ & $-0.000864387$ & $-0.0131588$ & $0.0343588$ & $-0.0559919$ & $-0.156403$ & $-0.0241447$ & $-0.111334$ & $0.234442$ & $-0.182344$ & $0.373095$ & $0.0107173$ & $0.0985265$ & $0.131923$ & $0.222926$ & $0.209024$ & $-0.0615472$ & $0.00544547$ & $0.181185$ & $1$ & $-0.356828$ \\
eHbbpar & $0.114355$ & $-0.255957$ & $-0.10596$ & $0.225232$ & $-0.0281989$ & $-0.00650346$ & $0.0260954$ & $-0.000870035$ & $-0.00445023$ & $0.018765$ & $0.00601319$ & $0.0123906$ & $0.00200104$ & $-0.0193757$ & $-0.0260829$ & $0.00919679$ & $0.000888064$ & $0.00971337$ & $-0.0180244$ & $-0.0110499$ & $-0.00719865$ & $-0.0124436$ & $-0.0363777$ & $-0.0159655$ & $-0.0190463$ & $0.0332077$ & $-0.0200355$ & $-0.00795379$ & $-0.0276562$ & $-0.0307025$ & $-0.0645778$ & $0.0187859$ & $0.155309$ & $0.0200435$ & $-0.138018$ & $-0.0647998$ & $0.236561$ & $0.1045$ & $-0.0823682$ & $-0.108042$ & $-0.180049$ & $0.0865534$ & $-0.169164$ & $0.249657$ & $0.0461841$ & $-0.380026$ & $-0.286104$ & $-0.356828$ & $1$ \\
