 & AlsMz & dAle5Mz & mtop & mHl & Mz & CW & CHG & CHWB & CHWHB_gaga & CHWHB_gagaorth & CHD & CHbox & CH & CHL1_11 & CHL1_22 & CHL1_33 & CHL3_11 & CHL3_22 & CHL3_33 & CHe_11 & CHe_22 & CHe_33 & CHQ1_11 & CHQ1_33 & CHQ3_11 & CHu_11 & CHd_11 & CHd_33 & CeH_22r & CeH_33r & CuH_22r & CuH_33r & CdH_33r & CLL_1221 & eHggint & eHggpar & eHWWint & eHWWpar & eHZZint & eHZZpar & eHZgaint & eHZgapar & eHgagaint & eHmumuint & eHtautauint & eHccint & eHccpar & eHbbint & eHbbpar \\
AlsMz & $1$ & $-0.142767$ & $0.093784$ & $0.0356135$ & $0.0229259$ & $0.0317308$ & $0.0551727$ & $1.13577e-05$ & $-0.00716409$ & $0.0180646$ & $-0.0162713$ & $-0.0285597$ & $-0.0551724$ & $0.0372606$ & $-0.0127087$ & $-0.0159719$ & $0.014551$ & $0.0305105$ & $0.0326666$ & $0.00521415$ & $0.00731262$ & $0.00462493$ & $-0.00772106$ & $-0.0182938$ & $-0.0658182$ & $-0.0347444$ & $-0.020984$ & $0.0182157$ & $-0.0182983$ & $-0.00145987$ & $-0.00640478$ & $0.0774249$ & $0.0562515$ & $-0.00343292$ & $-0.0368148$ & $0.296994$ & $-0.0966754$ & $-0.0262147$ & $0.0118855$ & $0.00798822$ & $-0.0994469$ & $-0.0195508$ & $-0.0829081$ & $0.22767$ & $0.0401195$ & $-0.0683556$ & $0.0208733$ & $0.181541$ & $0.058611$ \\
dAle5Mz & $-0.142767$ & $1$ & $0.0573569$ & $0.0690017$ & $-0.0125354$ & $0.025773$ & $0.0533833$ & $-0.103406$ & $-0.100289$ & $0.0444456$ & $0.0773054$ & $-0.015741$ & $-0.0635727$ & $-0.00153105$ & $-0.0274439$ & $-0.0492154$ & $0.0413775$ & $0.0449975$ & $0.056796$ & $-0.0584663$ & $-0.0541369$ & $-0.0523068$ & $-0.0108962$ & $0.0451828$ & $0.0706198$ & $0.0521113$ & $0.00233374$ & $-0.024726$ & $-0.0202998$ & $0.00205793$ & $-0.00598453$ & $0.05156$ & $0.0493904$ & $-0.00688497$ & $-0.127721$ & $-0.0483485$ & $0.16442$ & $-0.0434054$ & $-0.182012$ & $0.042505$ & $0.123236$ & $0.0168879$ & $0.00400657$ & $-0.240948$ & $-0.068571$ & $0.0034645$ & $0.0704645$ & $-0.0282004$ & $0.138117$ \\
mtop & $0.093784$ & $0.0573569$ & $1$ & $-0.129706$ & $-0.0247044$ & $0.00523334$ & $0.0214079$ & $0.0232657$ & $0.0294441$ & $-0.00601104$ & $-0.00282154$ & $0.00322001$ & $0.00117374$ & $-0.0211727$ & $0.00179325$ & $-0.00346143$ & $-0.0364686$ & $-0.0314473$ & $-0.0254993$ & $0.00927617$ & $0.0111836$ & $0.0149342$ & $-0.0327799$ & $-0.0261739$ & $-0.0523509$ & $0.00609236$ & $-0.00560744$ & $0.00663594$ & $-0.0332262$ & $0.00967353$ & $0.0127785$ & $0.0159113$ & $-0.0255034$ & $0.018199$ & $-0.0878937$ & $-0.0463557$ & $0.0682226$ & $-0.0357275$ & $-0.0966299$ & $0.00597119$ & $0.0479109$ & $-0.0146229$ & $0.0383251$ & $0.054975$ & $-0.0571678$ & $0.0985787$ & $-0.0542659$ & $-0.151519$ & $-0.0601647$ \\
mHl & $0.0356135$ & $0.0690017$ & $-0.129706$ & $1$ & $0.0417045$ & $-0.0321087$ & $-0.0490586$ & $0.0148008$ & $0.00757702$ & $-0.00285447$ & $-0.0164967$ & $0.00964465$ & $0.0119403$ & $-0.00168293$ & $-0.0094261$ & $-0.0119757$ & $0.00431042$ & $0.00390234$ & $0.00192062$ & $0.0157848$ & $0.0202064$ & $0.0170255$ & $-0.018068$ & $-0.0326599$ & $0.0101892$ & $0.00887474$ & $0.0250447$ & $0.000376006$ & $-0.0601211$ & $-0.0252573$ & $-0.0324724$ & $-0.0351677$ & $0.0100613$ & $0.0233305$ & $0.108471$ & $0.135822$ & $0.0316664$ & $0.00272248$ & $0.00812485$ & $0.00568118$ & $0.00619195$ & $-0.0584987$ & $0.0658401$ & $-0.0887313$ & $-0.0419126$ & $-0.11557$ & $0.030214$ & $-0.0421597$ & $0.0792551$ \\
Mz & $0.0229259$ & $-0.0125354$ & $-0.0247044$ & $0.0417045$ & $1$ & $0.0151062$ & $-0.00330812$ & $0.00344195$ & $0.00640308$ & $-0.00483912$ & $0.00315316$ & $0.0141121$ & $-0.00191993$ & $0.00429496$ & $0.00826392$ & $0.0071902$ & $0.000683924$ & $-0.00161479$ & $-0.0055331$ & $0.00769942$ & $0.00553152$ & $0.0048839$ & $-0.00848407$ & $-0.0026226$ & $-0.00502435$ & $0.00745862$ & $-0.00494419$ & $-0.011271$ & $-0.00195554$ & $0.013412$ & $0.00417184$ & $0.000576691$ & $0.0025188$ & $-0.00601148$ & $0.0340932$ & $-0.0480495$ & $-0.0338805$ & $-0.0216695$ & $-0.00584674$ & $0.00992809$ & $0.0824907$ & $0.0293736$ & $0.0351296$ & $0.0384734$ & $-0.0331937$ & $-0.0469672$ & $0.0382705$ & $-0.00692545$ & $-0.00311984$ \\
CW & $0.0317308$ & $0.025773$ & $0.00523334$ & $-0.0321087$ & $0.0151062$ & $1$ & $-0.0175664$ & $-0.124472$ & $-0.124745$ & $0.0332595$ & $0.195952$ & $0.0457577$ & $-0.00185569$ & $-0.00617201$ & $-0.0767299$ & $-0.0726012$ & $-0.266569$ & $-0.0681826$ & $-0.0716458$ & $-0.196591$ & $-0.2002$ & $-0.197786$ & $-0.0347828$ & $0.00431846$ & $-0.108473$ & $0.114047$ & $-0.0785392$ & $-0.082394$ & $0.0200187$ & $-0.0262124$ & $-0.00544902$ & $-0.0214797$ & $-0.0335494$ & $-0.111419$ & $-0.0133845$ & $0.0318579$ & $-0.0126969$ & $-0.0233079$ & $-0.0150144$ & $-0.0107869$ & $-0.00278415$ & $0.025593$ & $0.0345428$ & $0.0282754$ & $-0.00753895$ & $-0.0406225$ & $0.0443762$ & $0.00623339$ & $-0.0429561$ \\
CHG & $0.0551727$ & $0.0533833$ & $0.0214079$ & $-0.0490586$ & $-0.00330812$ & $-0.0175664$ & $1$ & $-0.169794$ & $-0.116865$ & $0.107658$ & $0.0926557$ & $-0.258276$ & $-0.352386$ & $0.0946308$ & $-0.0374145$ & $-0.0410251$ & $0.159615$ & $0.168462$ & $0.172171$ & $-0.0890539$ & $-0.095862$ & $-0.0945528$ & $-0.0168111$ & $0.174893$ & $0.169592$ & $0.0517655$ & $-0.0594741$ & $0.00289463$ & $0.0200037$ & $-0.129088$ & $-0.0433584$ & $0.940464$ & $-0.181967$ & $-0.100789$ & $-0.126696$ & $-0.0102751$ & $0.0127402$ & $-0.0193345$ & $-0.016963$ & $0.0142434$ & $-0.0475354$ & $-0.0294104$ & $-0.020099$ & $-0.0605737$ & $-0.0229587$ & $0.00639105$ & $-0.0302757$ & $0.00697035$ & $-0.0759645$ \\
CHWB & $1.13577e-05$ & $-0.103406$ & $0.0232657$ & $0.0148008$ & $0.00344195$ & $-0.124472$ & $-0.169794$ & $1$ & $0.983789$ & $-0.58936$ & $-0.874265$ & $0.0135733$ & $0.357162$ & $0.0680489$ & $0.274398$ & $0.274964$ & $-0.272175$ & $-0.450536$ & $-0.455459$ & $0.84192$ & $0.89403$ & $0.872025$ & $0.0714266$ & $-0.68373$ & $-0.41984$ & $-0.503396$ & $0.431418$ & $0.324381$ & $0.0301564$ & $0.0721998$ & $0.0615067$ & $-0.155991$ & $0.107874$ & $0.571467$ & $0.0171074$ & $0.0676204$ & $-0.0328851$ & $-0.00697923$ & $0.0186443$ & $0.00414558$ & $0.00674655$ & $-0.0443688$ & $-0.00726661$ & $-0.0119509$ & $0.00389856$ & $-0.00022186$ & $0.0453597$ & $0.0417173$ & $-0.00742553$ \\
CHWHB_gaga & $-0.00716409$ & $-0.100289$ & $0.0294441$ & $0.00757702$ & $0.00640308$ & $-0.124745$ & $-0.116865$ & $0.983789$ & $1$ & $-0.57994$ & $-0.859586$ & $0.021689$ & $0.349907$ & $0.0663769$ & $0.271469$ & $0.271834$ & $-0.269257$ & $-0.444523$ & $-0.449354$ & $0.828577$ & $0.879027$ & $0.857436$ & $0.0680815$ & $-0.673579$ & $-0.41244$ & $-0.491211$ & $0.424497$ & $0.320897$ & $0.0364634$ & $0.0962911$ & $0.0754007$ & $-0.112995$ & $0.128287$ & $0.560942$ & $-0.00558759$ & $0.0490069$ & $-0.0406564$ & $-0.0106973$ & $0.0117533$ & $-8.39987e-05$ & $0.0106235$ & $-0.0442197$ & $0.0403882$ & $-0.0235674$ & $0.0130157$ & $-0.0118576$ & $0.0404755$ & $0.0470988$ & $-0.0124276$ \\
CHWHB_gagaorth & $0.0180646$ & $0.0444456$ & $-0.00601104$ & $-0.00285447$ & $-0.00483912$ & $0.0332595$ & $0.107658$ & $-0.58936$ & $-0.57994$ & $1$ & $0.376617$ & $0.318255$ & $-0.254032$ & $0.22734$ & $-0.0991676$ & $-0.105839$ & $0.430388$ & $0.47756$ & $0.48493$ & $-0.356764$ & $-0.398729$ & $-0.381699$ & $-0.0372996$ & $0.569644$ & $0.476732$ & $0.217493$ & $-0.250229$ & $-0.148546$ & $-0.0160362$ & $-0.109789$ & $-0.0778337$ & $0.107196$ & $-0.151383$ & $-0.382214$ & $0.0206798$ & $-0.0379297$ & $0.0413852$ & $0.0181016$ & $-0.0285476$ & $-0.0127169$ & $-0.0289492$ & $0.0177224$ & $-0.0262919$ & $-0.00149206$ & $0.0261694$ & $0.00416611$ & $-0.0393243$ & $0.00681065$ & $0.00576019$ \\
CHD & $-0.0162713$ & $0.0773054$ & $-0.00282154$ & $-0.0164967$ & $0.00315316$ & $0.195952$ & $0.0926557$ & $-0.874265$ & $-0.859586$ & $0.376617$ & $1$ & $0.119333$ & $-0.177525$ & $-0.496864$ & $-0.413256$ & $-0.40787$ & $-0.194771$ & $0.0806855$ & $0.0891199$ & $-0.989988$ & $-0.990595$ & $-0.968112$ & $-0.0199706$ & $0.31314$ & $0.0336164$ & $0.569978$ & $-0.286009$ & $-0.3627$ & $-0.0358609$ & $-0.0412895$ & $-0.0412039$ & $0.0902148$ & $-0.0687459$ & $-0.36058$ & $0.0242592$ & $-0.0766942$ & $0.0255952$ & $-0.0142209$ & $-0.00727259$ & $-0.0104252$ & $-0.0119246$ & $0.0491338$ & $0.0169156$ & $0.0142597$ & $-0.0122854$ & $-0.0133321$ & $-0.0291312$ & $-0.070626$ & $0.00287095$ \\
CHbox & $-0.0285597$ & $-0.015741$ & $0.00322001$ & $0.00964465$ & $0.0141121$ & $0.0457577$ & $-0.258276$ & $0.0135733$ & $0.021689$ & $0.318255$ & $0.119333$ & $1$ & $0.664689$ & $-0.271032$ & $0.0430554$ & $0.0293415$ & $-0.280637$ & $-0.267946$ & $-0.25335$ & $-0.100601$ & $-0.125489$ & $-0.119073$ & $-0.0261633$ & $-0.13595$ & $-0.249653$ & $0.0930193$ & $-0.0490475$ & $-0.0439967$ & $0.0138465$ & $0.326534$ & $0.129928$ & $-0.180888$ & $0.361546$ & $-0.0345881$ & $0.137037$ & $-0.0117445$ & $-0.00243386$ & $-0.00451602$ & $-0.0264352$ & $-0.00209649$ & $-0.0455804$ & $-0.01166$ & $0.0131769$ & $0.0118497$ & $0.0292028$ & $-0.0302032$ & $0.00927818$ & $-0.0183512$ & $-0.0169123$ \\
CH & $-0.0551724$ & $-0.0635727$ & $0.00117374$ & $0.0119403$ & $-0.00191993$ & $-0.00185569$ & $-0.352386$ & $0.357162$ & $0.349907$ & $-0.254032$ & $-0.177525$ & $0.664689$ & $1$ & $-0.243356$ & $0.0867162$ & $0.0702313$ & $-0.367858$ & $-0.397942$ & $-0.384408$ & $0.172621$ & $0.18584$ & $0.180347$ & $0.0087679$ & $-0.387674$ & $-0.376377$ & $-0.0872069$ & $0.137703$ & $0.0484607$ & $0.0224925$ & $0.281411$ & $0.162441$ & $-0.305105$ & $0.331131$ & $0.20485$ & $0.0820998$ & $-0.0033467$ & $-0.0203209$ & $-0.0256615$ & $-0.00699931$ & $0.00813218$ & $-0.0206164$ & $-0.0251897$ & $0.0365541$ & $0.0173628$ & $0.0184685$ & $-0.0189757$ & $0.0509573$ & $-0.000129356$ & $-0.0205613$ \\
CHL1_11 & $0.0372606$ & $-0.00153105$ & $-0.0211727$ & $-0.00168293$ & $0.00429496$ & $-0.00617201$ & $0.0946308$ & $0.0680489$ & $0.0663769$ & $0.22734$ & $-0.496864$ & $-0.271032$ & $-0.243356$ & $1$ & $0.28496$ & $0.280232$ & $0.671905$ & $0.59856$ & $0.584599$ & $0.518984$ & $0.451841$ & $0.442339$ & $-0.0728002$ & $0.487767$ & $0.606378$ & $-0.27364$ & $-0.120814$ & $0.165266$ & $0.0164619$ & $-0.0431537$ & $-0.0144959$ & $0.0740866$ & $-0.0542686$ & $-0.242125$ & $-0.0784691$ & $0.0391485$ & $-0.00142817$ & $0.0221774$ & $-0.0161486$ & $0.0152909$ & $0.0190107$ & $-0.0170698$ & $-0.0184707$ & $-0.00732713$ & $0.0214365$ & $0.0123595$ & $-0.0177728$ & $0.0671855$ & $-0.0157918$ \\
CHL1_22 & $-0.0127087$ & $-0.0274439$ & $0.00179325$ & $-0.0094261$ & $0.00826392$ & $-0.0767299$ & $-0.0374145$ & $0.274398$ & $0.271469$ & $-0.0991676$ & $-0.413256$ & $0.0430554$ & $0.0867162$ & $0.28496$ & $1$ & $0.435517$ & $0.181456$ & $-0.435038$ & $-0.0151358$ & $0.480644$ & $0.326793$ & $0.313988$ & $-0.147102$ & $0.130267$ & $-0.114368$ & $-0.219032$ & $-0.407585$ & $0.137233$ & $0.0396276$ & $0.0432551$ & $0.0109675$ & $-0.0283338$ & $0.0696042$ & $-0.605336$ & $-0.00848375$ & $-0.000303412$ & $-0.00647117$ & $0.0242932$ & $0.0318813$ & $0.0311859$ & $0.018347$ & $-0.0248678$ & $0.00747526$ & $-0.00866973$ & $-0.00644907$ & $0.0134623$ & $0.00598824$ & $0.0259636$ & $0.0281519$ \\
CHL1_33 & $-0.0159719$ & $-0.0492154$ & $-0.00346143$ & $-0.0119757$ & $0.0071902$ & $-0.0726012$ & $-0.0410251$ & $0.274964$ & $0.271834$ & $-0.105839$ & $-0.40787$ & $0.0293415$ & $0.0702313$ & $0.280232$ & $0.435517$ & $1$ & $0.163424$ & $-0.0101188$ & $-0.437345$ & $0.473981$ & $0.323164$ & $0.343761$ & $-0.196637$ & $0.131462$ & $-0.122476$ & $-0.168546$ & $-0.401057$ & $0.138944$ & $0.0478076$ & $0.0362422$ & $0.0195671$ & $-0.0360135$ & $0.0581583$ & $-0.113033$ & $-0.0203655$ & $0.0131823$ & $0.00526546$ & $0.0067068$ & $0.0234322$ & $0.0132139$ & $-0.00209203$ & $-0.0215512$ & $-0.0143289$ & $0.0253697$ & $0.0176966$ & $-0.00279835$ & $-0.0369774$ & $0.029971$ & $0.0103916$ \\
CHL3_11 & $0.014551$ & $0.0413775$ & $-0.0364686$ & $0.00431042$ & $0.000683924$ & $-0.266569$ & $0.159615$ & $-0.272175$ & $-0.269257$ & $0.430388$ & $-0.194771$ & $-0.280637$ & $-0.367858$ & $0.671905$ & $0.181456$ & $0.163424$ & $1$ & $0.736914$ & $0.738163$ & $0.223744$ & $0.15775$ & $0.158143$ & $-0.0584958$ & $0.687907$ & $0.780482$ & $-0.115413$ & $-0.196569$ & $0.0628184$ & $0.00347147$ & $-0.0714301$ & $-0.0484009$ & $0.136105$ & $-0.0883931$ & $-0.293628$ & $-0.0730479$ & $-0.00213185$ & $0.0110859$ & $0.0535431$ & $-0.020806$ & $0.00329657$ & $0.00719621$ & $-0.00856391$ & $-0.0166751$ & $0.000623434$ & $0.00453858$ & $0.0447607$ & $-0.0272903$ & $0.0545157$ & $0.0164901$ \\
CHL3_22 & $0.0305105$ & $0.0449975$ & $-0.0314473$ & $0.00390234$ & $-0.00161479$ & $-0.0681826$ & $0.168462$ & $-0.450536$ & $-0.444523$ & $0.47756$ & $0.0806855$ & $-0.267946$ & $-0.397942$ & $0.59856$ & $-0.435038$ & $-0.0101188$ & $0.736914$ & $1$ & $0.664748$ & $-0.078723$ & $-0.0786847$ & $-0.0674791$ & $-0.00535429$ & $0.624413$ & $0.792556$ & $0.0464262$ & $-0.0257118$ & $-0.0342045$ & $-0.0168572$ & $-0.0891905$ & $-0.0476311$ & $0.140715$ & $-0.123421$ & $0.00946609$ & $-0.0692011$ & $0.00747232$ & $0.0183844$ & $0.0220366$ & $-0.0363356$ & $-0.0139056$ & $-0.00407105$ & $0.0111276$ & $-0.0219457$ & $0.0098386$ & $0.0168863$ & $0.0179025$ & $-0.0404892$ & $0.0332324$ & $-0.01612$ \\
CHL3_33 & $0.0326666$ & $0.056796$ & $-0.0254993$ & $0.00192062$ & $-0.0055331$ & $-0.0716458$ & $0.172171$ & $-0.455459$ & $-0.449354$ & $0.48493$ & $0.0891199$ & $-0.25335$ & $-0.384408$ & $0.584599$ & $-0.0151358$ & $-0.437345$ & $0.738163$ & $0.664748$ & $1$ & $-0.0877377$ & $-0.0854694$ & $-0.0778103$ & $0.0351501$ & $0.614435$ & $0.795029$ & $0.0169391$ & $-0.0188081$ & $-0.0397514$ & $-0.0186561$ & $-0.0841238$ & $-0.0535677$ & $0.148002$ & $-0.11228$ & $-0.364294$ & $-0.0604024$ & $-0.00274014$ & $0.00295877$ & $0.0359165$ & $-0.0333846$ & $-0.00183105$ & $0.00956959$ & $0.0131651$ & $0.00107539$ & $-0.014681$ & $0.00326051$ & $0.0284326$ & $-0.00867656$ & $0.0289967$ & $0.00537794$ \\
CHe_11 & $0.00521415$ & $-0.0584663$ & $0.00927617$ & $0.0157848$ & $0.00769942$ & $-0.196591$ & $-0.0890539$ & $0.84192$ & $0.828577$ & $-0.356764$ & $-0.989988$ & $-0.100601$ & $0.172621$ & $0.518984$ & $0.480644$ & $0.473981$ & $0.223744$ & $-0.078723$ & $-0.0877377$ & $1$ & $0.971016$ & $0.949683$ & $-0.00769638$ & $-0.253463$ & $-0.0215$ & $-0.558415$ & $0.208821$ & $0.356809$ & $0.0387949$ & $0.0437152$ & $0.0390227$ & $-0.0865626$ & $0.0733461$ & $0.278331$ & $-0.0298305$ & $0.0719766$ & $-0.0176604$ & $0.0146565$ & $0.00875289$ & $0.012907$ & $0.0180796$ & $-0.0474588$ & $-0.0151309$ & $-0.0165133$ & $0.0104689$ & $0.0145599$ & $0.025369$ & $0.0686207$ & $0.00312771$ \\
CHe_22 & $0.00731262$ & $-0.0541369$ & $0.0111836$ & $0.0202064$ & $0.00553152$ & $-0.2002$ & $-0.095862$ & $0.89403$ & $0.879027$ & $-0.398729$ & $-0.990595$ & $-0.125489$ & $0.18584$ & $0.451841$ & $0.326793$ & $0.323164$ & $0.15775$ & $-0.0786847$ & $-0.0854694$ & $0.971016$ & $1$ & $0.973503$ & $0.0511679$ & $-0.374138$ & $-0.0412321$ & $-0.572158$ & $0.37192$ & $0.361762$ & $0.0307368$ & $0.0384149$ & $0.0414998$ & $-0.0945043$ & $0.067227$ & $0.450202$ & $-0.0245036$ & $0.0753836$ & $-0.0243502$ & $0.0108073$ & $0.00104929$ & $0.0108807$ & $0.0170991$ & $-0.0477453$ & $-0.015561$ & $-0.0203018$ & $0.0107696$ & $0.0153908$ & $0.0333483$ & $0.0672908$ & $0.000507543$ \\
CHe_33 & $0.00462493$ & $-0.0523068$ & $0.0149342$ & $0.0170255$ & $0.0048839$ & $-0.197786$ & $-0.0945528$ & $0.872025$ & $0.857436$ & $-0.381699$ & $-0.968112$ & $-0.119073$ & $0.180347$ & $0.442339$ & $0.313988$ & $0.343761$ & $0.158143$ & $-0.0674791$ & $-0.0778103$ & $0.949683$ & $0.973503$ & $1$ & $0.048692$ & $-0.361581$ & $-0.0334807$ & $-0.556133$ & $0.365792$ & $0.354203$ & $0.0340013$ & $0.0407236$ & $0.0404735$ & $-0.0919097$ & $0.0685308$ & $0.446137$ & $-0.0270368$ & $0.0687609$ & $-0.0289201$ & $0.00887428$ & $-0.000314481$ & $0.00377295$ & $0.0152264$ & $-0.0464016$ & $-0.0101256$ & $-0.0184717$ & $0.0107251$ & $0.0193998$ & $0.0308077$ & $0.060723$ & $0.0110617$ \\
CHQ1_11 & $-0.00772106$ & $-0.0108962$ & $-0.0327799$ & $-0.018068$ & $-0.00848407$ & $-0.0347828$ & $-0.0168111$ & $0.0714266$ & $0.0680815$ & $-0.0372996$ & $-0.0199706$ & $-0.0261633$ & $0.0087679$ & $-0.0728002$ & $-0.147102$ & $-0.196637$ & $-0.0584958$ & $-0.00535429$ & $0.0351501$ & $-0.00769638$ & $0.0511679$ & $0.048692$ & $1$ & $-0.148775$ & $0.08612$ & $-0.671443$ & $0.339152$ & $0.0285575$ & $-0.014216$ & $-0.00922462$ & $-0.00554828$ & $-0.0172232$ & $-0.0211599$ & $0.18454$ & $0.0246756$ & $0.0352895$ & $-0.0155686$ & $0.01601$ & $-0.0062913$ & $-0.0148399$ & $-0.0237902$ & $-0.0119103$ & $-0.0275199$ & $-0.0203456$ & $0.0306486$ & $0.0184908$ & $0.0231073$ & $0.0080576$ & $0.00170005$ \\
CHQ1_33 & $-0.0182938$ & $0.0451828$ & $-0.0261739$ & $-0.0326599$ & $-0.0026226$ & $0.00431846$ & $0.174893$ & $-0.68373$ & $-0.673579$ & $0.569644$ & $0.31314$ & $-0.13595$ & $-0.387674$ & $0.487767$ & $0.130267$ & $0.131462$ & $0.687907$ & $0.624413$ & $0.614435$ & $-0.253463$ & $-0.374138$ & $-0.361581$ & $-0.148775$ & $1$ & $0.639163$ & $0.197728$ & $-0.455932$ & $-0.038121$ & $-0.00295806$ & $-0.0603165$ & $-0.0562745$ & $0.156142$ & $-0.099886$ & $-0.651419$ & $-0.0533572$ & $-0.0455539$ & $0.024112$ & $0.0258242$ & $-0.00856179$ & $-0.00160427$ & $0.00475356$ & $0.0158075$ & $0.00377972$ & $0.00983628$ & $0.0157284$ & $0.0234334$ & $-0.065064$ & $0.00100386$ & $0.00174365$ \\
CHQ3_11 & $-0.0658182$ & $0.0706198$ & $-0.0523509$ & $0.0101892$ & $-0.00502435$ & $-0.108473$ & $0.169592$ & $-0.41984$ & $-0.41244$ & $0.476732$ & $0.0336164$ & $-0.249653$ & $-0.376377$ & $0.606378$ & $-0.114368$ & $-0.122476$ & $0.780482$ & $0.792556$ & $0.795029$ & $-0.0215$ & $-0.0412321$ & $-0.0334807$ & $0.08612$ & $0.639163$ & $1$ & $0.0173288$ & $0.181021$ & $-0.0154824$ & $-0.0278966$ & $-0.0757739$ & $-0.0449918$ & $0.145372$ & $-0.105801$ & $-0.227661$ & $-0.0544544$ & $-0.012824$ & $0.0339834$ & $0.039466$ & $-0.0284336$ & $-0.000665116$ & $0.00417763$ & $0.0289589$ & $-0.00782397$ & $-0.0404302$ & $0.00893705$ & $0.0397384$ & $-0.0274238$ & $0.0200134$ & $0.000323418$ \\
CHu_11 & $-0.0347444$ & $0.0521113$ & $0.00609236$ & $0.00887474$ & $0.00745862$ & $0.114047$ & $0.0517655$ & $-0.503396$ & $-0.491211$ & $0.217493$ & $0.569978$ & $0.0930193$ & $-0.0872069$ & $-0.27364$ & $-0.219032$ & $-0.168546$ & $-0.115413$ & $0.0464262$ & $0.0169391$ & $-0.558415$ & $-0.572158$ & $-0.556133$ & $-0.671443$ & $0.197728$ & $0.0173288$ & $1$ & $-0.160112$ & $-0.226347$ & $-0.00192074$ & $-0.0111886$ & $-0.0164924$ & $0.0461934$ & $-0.0232832$ & $-0.226381$ & $0.00341489$ & $-0.0896521$ & $0.0102208$ & $-0.0305377$ & $-0.0200516$ & $-0.00268402$ & $0.0220924$ & $0.0489761$ & $0.0443595$ & $0.0137752$ & $-0.0207033$ & $-0.024878$ & $-0.0387912$ & $-0.0441375$ & $0.000892893$ \\
CHd_11 & $-0.020984$ & $0.00233374$ & $-0.00560744$ & $0.0250447$ & $-0.00494419$ & $-0.0785392$ & $-0.0594741$ & $0.431418$ & $0.424497$ & $-0.250229$ & $-0.286009$ & $-0.0490475$ & $0.137703$ & $-0.120814$ & $-0.407585$ & $-0.401057$ & $-0.196569$ & $-0.0257118$ & $-0.0188081$ & $0.208821$ & $0.37192$ & $0.365792$ & $0.339152$ & $-0.455932$ & $0.181021$ & $-0.160112$ & $1$ & $0.106989$ & $-0.0319332$ & $0.0182033$ & $0.0277119$ & $-0.05631$ & $0.0198932$ & $0.689257$ & $0.0239172$ & $0.0404242$ & $-0.00799378$ & $-0.00925558$ & $-0.0237211$ & $-0.0154083$ & $-0.00685604$ & $0.013651$ & $0.000185071$ & $-0.0511109$ & $0.0073302$ & $0.0100781$ & $0.0365188$ & $0.0103079$ & $-0.00819602$ \\
CHd_33 & $0.0182157$ & $-0.024726$ & $0.00663594$ & $0.000376006$ & $-0.011271$ & $-0.082394$ & $0.00289463$ & $0.324381$ & $0.320897$ & $-0.148546$ & $-0.3627$ & $-0.0439967$ & $0.0484607$ & $0.165266$ & $0.137233$ & $0.138944$ & $0.0628184$ & $-0.0342045$ & $-0.0397514$ & $0.356809$ & $0.361762$ & $0.354203$ & $0.0285575$ & $-0.038121$ & $-0.0154824$ & $-0.226347$ & $0.106989$ & $1$ & $0.01475$ & $0.0205155$ & $0.0132159$ & $0.00608212$ & $0.0237764$ & $0.149976$ & $-0.0149887$ & $0.0414258$ & $0.00229919$ & $-0.00557311$ & $0.0242099$ & $-0.0378647$ & $0.00601411$ & $-0.0321181$ & $0.0149528$ & $0.0420267$ & $0.00791734$ & $0.0388719$ & $0.000236174$ & $0.0238026$ & $0.0170298$ \\
CeH_22r & $-0.0182983$ & $-0.0202998$ & $-0.0332262$ & $-0.0601211$ & $-0.00195554$ & $0.0200187$ & $0.0200037$ & $0.0301564$ & $0.0364634$ & $-0.0160362$ & $-0.0358609$ & $0.0138465$ & $0.0224925$ & $0.0164619$ & $0.0396276$ & $0.0478076$ & $0.00347147$ & $-0.0168572$ & $-0.0186561$ & $0.0387949$ & $0.0307368$ & $0.0340013$ & $-0.014216$ & $-0.00295806$ & $-0.0278966$ & $-0.00192074$ & $-0.0319332$ & $0.01475$ & $1$ & $0.00972884$ & $-0.00829687$ & $0.00751372$ & $0.0146773$ & $-0.0111101$ & $-0.0218719$ & $0.00616783$ & $-0.0174707$ & $0.0274212$ & $-0.0111822$ & $0.0347211$ & $-0.00913716$ & $-0.0341451$ & $0.0184756$ & $0.00364034$ & $-0.00702764$ & $0.0291592$ & $0.0215342$ & $-3.21123e-05$ & $-0.00376678$ \\
CeH_33r & $-0.00145987$ & $0.00205793$ & $0.00967353$ & $-0.0252573$ & $0.013412$ & $-0.0262124$ & $-0.129088$ & $0.0721998$ & $0.0962911$ & $-0.109789$ & $-0.0412895$ & $0.326534$ & $0.281411$ & $-0.0431537$ & $0.0432551$ & $0.0362422$ & $-0.0714301$ & $-0.0891905$ & $-0.0841238$ & $0.0437152$ & $0.0384149$ & $0.0407236$ & $-0.00922462$ & $-0.0603165$ & $-0.0757739$ & $-0.0111886$ & $0.0182033$ & $0.0205155$ & $0.00972884$ & $1$ & $0.329897$ & $0.0232891$ & $0.681979$ & $0.0189148$ & $0.0522711$ & $-0.0236349$ & $-0.144597$ & $-0.00826296$ & $-0.0477573$ & $-0.00222979$ & $-0.000994758$ & $-0.00472741$ & $0.0673717$ & $-0.0207542$ & $0.0616697$ & $-0.00479898$ & $-0.0169928$ & $0.0175152$ & $0.0126882$ \\
CuH_22r & $-0.00640478$ & $-0.00598453$ & $0.0127785$ & $-0.0324724$ & $0.00417184$ & $-0.00544902$ & $-0.0433584$ & $0.0615067$ & $0.0754007$ & $-0.0778337$ & $-0.0412039$ & $0.129928$ & $0.162441$ & $-0.0144959$ & $0.0109675$ & $0.0195671$ & $-0.0484009$ & $-0.0476311$ & $-0.0535677$ & $0.0390227$ & $0.0414998$ & $0.0404735$ & $-0.00554828$ & $-0.0562745$ & $-0.0449918$ & $-0.0164924$ & $0.0277119$ & $0.0132159$ & $-0.00829687$ & $0.329897$ & $1$ & $0.0569433$ & $0.389515$ & $0.0354616$ & $0.0704101$ & $-0.0241312$ & $-0.111819$ & $0.00664093$ & $-0.0306545$ & $0.0205948$ & $0.0423837$ & $0.00492612$ & $0.00409598$ & $-0.0201234$ & $-0.0253807$ & $0.0174948$ & $0.265223$ & $0.0167902$ & $-0.0225157$ \\
CuH_33r & $0.0774249$ & $0.05156$ & $0.0159113$ & $-0.0351677$ & $0.000576691$ & $-0.0214797$ & $0.940464$ & $-0.155991$ & $-0.112995$ & $0.107196$ & $0.0902148$ & $-0.180888$ & $-0.305105$ & $0.0740866$ & $-0.0283338$ & $-0.0360135$ & $0.136105$ & $0.140715$ & $0.148002$ & $-0.0865626$ & $-0.0945043$ & $-0.0919097$ & $-0.0172232$ & $0.156142$ & $0.145372$ & $0.0461934$ & $-0.05631$ & $0.00608212$ & $0.00751372$ & $0.0232891$ & $0.0569433$ & $1$ & $0.00850825$ & $-0.0971768$ & $-0.0640411$ & $0.022034$ & $-0.0316223$ & $-0.015031$ & $-0.00675822$ & $0.0242079$ & $-0.0564457$ & $-0.0277505$ & $-0.0198124$ & $-0.0610902$ & $-0.0344059$ & $0.00386206$ & $-0.00923023$ & $0.0189848$ & $-0.0556475$ \\
CdH_33r & $0.0562515$ & $0.0493904$ & $-0.0255034$ & $0.0100613$ & $0.0025188$ & $-0.0335494$ & $-0.181967$ & $0.107874$ & $0.128287$ & $-0.151383$ & $-0.0687459$ & $0.361546$ & $0.331131$ & $-0.0542686$ & $0.0696042$ & $0.0581583$ & $-0.0883931$ & $-0.123421$ & $-0.11228$ & $0.0733461$ & $0.067227$ & $0.0685308$ & $-0.0211599$ & $-0.099886$ & $-0.105801$ & $-0.0232832$ & $0.0198932$ & $0.0237764$ & $0.0146773$ & $0.681979$ & $0.389515$ & $0.00850825$ & $1$ & $0.0307289$ & $0.0267862$ & $0.0535501$ & $-0.205734$ & $0.021531$ & $0.0170726$ & $0.0167745$ & $0.122381$ & $0.0103107$ & $0.0722784$ & $0.0504493$ & $-0.00416562$ & $0.00274602$ & $0.0266772$ & $0.256383$ & $0.407788$ \\
CLL_1221 & $-0.00343292$ & $-0.00688497$ & $0.018199$ & $0.0233305$ & $-0.00601148$ & $-0.111419$ & $-0.100789$ & $0.571467$ & $0.560942$ & $-0.382214$ & $-0.36058$ & $-0.0345881$ & $0.20485$ & $-0.242125$ & $-0.605336$ & $-0.113033$ & $-0.293628$ & $0.00946609$ & $-0.364294$ & $0.278331$ & $0.450202$ & $0.446137$ & $0.18454$ & $-0.651419$ & $-0.227661$ & $-0.226381$ & $0.689257$ & $0.149976$ & $-0.0111101$ & $0.0189148$ & $0.0354616$ & $-0.0971768$ & $0.0307289$ & $1$ & $0.0151343$ & $0.0422368$ & $-0.0111393$ & $-0.0200634$ & $-0.0198107$ & $-0.0254784$ & $-0.00710937$ & $-0.0160704$ & $-0.0135826$ & $-0.0121477$ & $-0.00165952$ & $-0.000508351$ & $0.0344754$ & $0.0140571$ & $-0.0166113$ \\
eHggint & $-0.0368148$ & $-0.127721$ & $-0.0878937$ & $0.108471$ & $0.0340932$ & $-0.0133845$ & $-0.126696$ & $0.0171074$ & $-0.00558759$ & $0.0206798$ & $0.0242592$ & $0.137037$ & $0.0820998$ & $-0.0784691$ & $-0.00848375$ & $-0.0203655$ & $-0.0730479$ & $-0.0692011$ & $-0.0604024$ & $-0.0298305$ & $-0.0245036$ & $-0.0270368$ & $0.0246756$ & $-0.0533572$ & $-0.0544544$ & $0.00341489$ & $0.0239172$ & $-0.0149887$ & $-0.0218719$ & $0.0522711$ & $0.0704101$ & $-0.0640411$ & $0.0267862$ & $0.0151343$ & $1$ & $-0.106854$ & $-0.17946$ & $0.0974647$ & $-0.168653$ & $-0.034165$ & $-0.15144$ & $0.0243423$ & $-0.160561$ & $0.151386$ & $0.0991905$ & $-0.0537181$ & $0.123173$ & $-0.0369622$ & $-0.0431742$ \\
eHggpar & $0.296994$ & $-0.0483485$ & $-0.0463557$ & $0.135822$ & $-0.0480495$ & $0.0318579$ & $-0.0102751$ & $0.0676204$ & $0.0490069$ & $-0.0379297$ & $-0.0766942$ & $-0.0117445$ & $-0.0033467$ & $0.0391485$ & $-0.000303412$ & $0.0131823$ & $-0.00213185$ & $0.00747232$ & $-0.00274014$ & $0.0719766$ & $0.0753836$ & $0.0687609$ & $0.0352895$ & $-0.0455539$ & $-0.012824$ & $-0.0896521$ & $0.0404242$ & $0.0414258$ & $0.00616783$ & $-0.0236349$ & $-0.0241312$ & $0.022034$ & $0.0535501$ & $0.0422368$ & $-0.106854$ & $1$ & $-0.0796849$ & $-0.0339286$ & $0.199647$ & $0.0324753$ & $-0.104703$ & $-0.0457653$ & $-0.0751239$ & $0.102306$ & $-0.0143418$ & $-0.0641913$ & $0.00147477$ & $0.0854272$ & $0.152984$ \\
eHWWint & $-0.0966754$ & $0.16442$ & $0.0682226$ & $0.0316664$ & $-0.0338805$ & $-0.0126969$ & $0.0127402$ & $-0.0328851$ & $-0.0406564$ & $0.0413852$ & $0.0255952$ & $-0.00243386$ & $-0.0203209$ & $-0.00142817$ & $-0.00647117$ & $0.00526546$ & $0.0110859$ & $0.0183844$ & $0.00295877$ & $-0.0176604$ & $-0.0243502$ & $-0.0289201$ & $-0.0155686$ & $0.024112$ & $0.0339834$ & $0.0102208$ & $-0.00799378$ & $0.00229919$ & $-0.0174707$ & $-0.144597$ & $-0.111819$ & $-0.0316223$ & $-0.205734$ & $-0.0111393$ & $-0.17946$ & $-0.0796849$ & $1$ & $-0.0276726$ & $0.039099$ & $-0.0131663$ & $-0.170607$ & $0.0922474$ & $-0.220763$ & $-0.17428$ & $-0.0525916$ & $-0.063238$ & $-0.17145$ & $-0.0653293$ & $-0.124242$ \\
eHWWpar & $-0.0262147$ & $-0.0434054$ & $-0.0357275$ & $0.00272248$ & $-0.0216695$ & $-0.0233079$ & $-0.0193345$ & $-0.00697923$ & $-0.0106973$ & $0.0181016$ & $-0.0142209$ & $-0.00451602$ & $-0.0256615$ & $0.0221774$ & $0.0242932$ & $0.0067068$ & $0.0535431$ & $0.0220366$ & $0.0359165$ & $0.0146565$ & $0.0108073$ & $0.00887428$ & $0.01601$ & $0.0258242$ & $0.039466$ & $-0.0305377$ & $-0.00925558$ & $-0.00557311$ & $0.0274212$ & $-0.00826296$ & $0.00664093$ & $-0.015031$ & $0.021531$ & $-0.0200634$ & $0.0974647$ & $-0.0339286$ & $-0.0276726$ & $1$ & $-0.0820614$ & $6.16506e-05$ & $-0.0268104$ & $-0.0199227$ & $0.000571006$ & $0.0207151$ & $0.0195593$ & $0.0154066$ & $0.0109432$ & $0.0273152$ & $0.0833534$ \\
eHZZint & $0.0118855$ & $-0.182012$ & $-0.0966299$ & $0.00812485$ & $-0.00584674$ & $-0.0150144$ & $-0.016963$ & $0.0186443$ & $0.0117533$ & $-0.0285476$ & $-0.00727259$ & $-0.0264352$ & $-0.00699931$ & $-0.0161486$ & $0.0318813$ & $0.0234322$ & $-0.020806$ & $-0.0363356$ & $-0.0333846$ & $0.00875289$ & $0.00104929$ & $-0.000314481$ & $-0.0062913$ & $-0.00856179$ & $-0.0284336$ & $-0.0200516$ & $-0.0237211$ & $0.0242099$ & $-0.0111822$ & $-0.0477573$ & $-0.0306545$ & $-0.00675822$ & $0.0170726$ & $-0.0198107$ & $-0.168653$ & $0.199647$ & $0.039099$ & $-0.0820614$ & $1$ & $-0.0262568$ & $0.113342$ & $0.0490891$ & $-0.0333509$ & $0.139914$ & $-0.406685$ & $0.160146$ & $-0.126304$ & $0.00697225$ & $0.104297$ \\
eHZZpar & $0.00798822$ & $0.042505$ & $0.00597119$ & $0.00568118$ & $0.00992809$ & $-0.0107869$ & $0.0142434$ & $0.00414558$ & $-8.39987e-05$ & $-0.0127169$ & $-0.0104252$ & $-0.00209649$ & $0.00813218$ & $0.0152909$ & $0.0311859$ & $0.0132139$ & $0.00329657$ & $-0.0139056$ & $-0.00183105$ & $0.012907$ & $0.0108807$ & $0.00377295$ & $-0.0148399$ & $-0.00160427$ & $-0.000665116$ & $-0.00268402$ & $-0.0154083$ & $-0.0378647$ & $0.0347211$ & $-0.00222979$ & $0.0205948$ & $0.0242079$ & $0.0167745$ & $-0.0254784$ & $-0.034165$ & $0.0324753$ & $-0.0131663$ & $6.16506e-05$ & $-0.0262568$ & $1$ & $-0.0620397$ & $-0.0824059$ & $-0.0539802$ & $-0.0677673$ & $0.0401974$ & $-0.0288928$ & $-0.0340503$ & $-0.0347565$ & $0.010168$ \\
eHZgaint & $-0.0994469$ & $0.123236$ & $0.0479109$ & $0.00619195$ & $0.0824907$ & $-0.00278415$ & $-0.0475354$ & $0.00674655$ & $0.0106235$ & $-0.0289492$ & $-0.0119246$ & $-0.0455804$ & $-0.0206164$ & $0.0190107$ & $0.018347$ & $-0.00209203$ & $0.00719621$ & $-0.00407105$ & $0.00956959$ & $0.0180796$ & $0.0170991$ & $0.0152264$ & $-0.0237902$ & $0.00475356$ & $0.00417763$ & $0.0220924$ & $-0.00685604$ & $0.00601411$ & $-0.00913716$ & $-0.000994758$ & $0.0423837$ & $-0.0564457$ & $0.122381$ & $-0.00710937$ & $-0.15144$ & $-0.104703$ & $-0.170607$ & $-0.0268104$ & $0.113342$ & $-0.0620397$ & $1$ & $0.00577726$ & $0.0935021$ & $0.233303$ & $0.0744636$ & $-0.0565539$ & $0.216717$ & $0.169711$ & $0.281066$ \\
eHZgapar & $-0.0195508$ & $0.0168879$ & $-0.0146229$ & $-0.0584987$ & $0.0293736$ & $0.025593$ & $-0.0294104$ & $-0.0443688$ & $-0.0442197$ & $0.0177224$ & $0.0491338$ & $-0.01166$ & $-0.0251897$ & $-0.0170698$ & $-0.0248678$ & $-0.0215512$ & $-0.00856391$ & $0.0111276$ & $0.0131651$ & $-0.0474588$ & $-0.0477453$ & $-0.0464016$ & $-0.0119103$ & $0.0158075$ & $0.0289589$ & $0.0489761$ & $0.013651$ & $-0.0321181$ & $-0.0341451$ & $-0.00472741$ & $0.00492612$ & $-0.0277505$ & $0.0103107$ & $-0.0160704$ & $0.0243423$ & $-0.0457653$ & $0.0922474$ & $-0.0199227$ & $0.0490891$ & $-0.0824059$ & $0.00577726$ & $1$ & $0.0037417$ & $-0.0210317$ & $0.00505526$ & $0.0158648$ & $-0.0747083$ & $0.0233517$ & $0.0516926$ \\
eHgagaint & $-0.0829081$ & $0.00400657$ & $0.0383251$ & $0.0658401$ & $0.0351296$ & $0.0345428$ & $-0.020099$ & $-0.00726661$ & $0.0403882$ & $-0.0262919$ & $0.0169156$ & $0.0131769$ & $0.0365541$ & $-0.0184707$ & $0.00747526$ & $-0.0143289$ & $-0.0166751$ & $-0.0219457$ & $0.00107539$ & $-0.0151309$ & $-0.015561$ & $-0.0101256$ & $-0.0275199$ & $0.00377972$ & $-0.00782397$ & $0.0443595$ & $0.000185071$ & $0.0149528$ & $0.0184756$ & $0.0673717$ & $0.00409598$ & $-0.0198124$ & $0.0722784$ & $-0.0135826$ & $-0.160561$ & $-0.0751239$ & $-0.220763$ & $0.000571006$ & $-0.0333509$ & $-0.0539802$ & $0.0935021$ & $0.0037417$ & $1$ & $-0.130575$ & $0.13793$ & $-0.12901$ & $-0.00884797$ & $0.0174096$ & $0.0544494$ \\
eHmumuint & $0.22767$ & $-0.240948$ & $0.054975$ & $-0.0887313$ & $0.0384734$ & $0.0282754$ & $-0.0605737$ & $-0.0119509$ & $-0.0235674$ & $-0.00149206$ & $0.0142597$ & $0.0118497$ & $0.0173628$ & $-0.00732713$ & $-0.00866973$ & $0.0253697$ & $0.000623434$ & $0.0098386$ & $-0.014681$ & $-0.0165133$ & $-0.0203018$ & $-0.0184717$ & $-0.0203456$ & $0.00983628$ & $-0.0404302$ & $0.0137752$ & $-0.0511109$ & $0.0420267$ & $0.00364034$ & $-0.0207542$ & $-0.0201234$ & $-0.0610902$ & $0.0504493$ & $-0.0121477$ & $0.151386$ & $0.102306$ & $-0.17428$ & $0.0207151$ & $0.139914$ & $-0.0677673$ & $0.233303$ & $-0.0210317$ & $-0.130575$ & $1$ & $-0.0391071$ & $-0.152323$ & $-0.0546708$ & $0.131126$ & $0.0973852$ \\
eHtautauint & $0.0401195$ & $-0.068571$ & $-0.0571678$ & $-0.0419126$ & $-0.0331937$ & $-0.00753895$ & $-0.0229587$ & $0.00389856$ & $0.0130157$ & $0.0261694$ & $-0.0122854$ & $0.0292028$ & $0.0184685$ & $0.0214365$ & $-0.00644907$ & $0.0176966$ & $0.00453858$ & $0.0168863$ & $0.00326051$ & $0.0104689$ & $0.0107696$ & $0.0107251$ & $0.0306486$ & $0.0157284$ & $0.00893705$ & $-0.0207033$ & $0.0073302$ & $0.00791734$ & $-0.00702764$ & $0.0616697$ & $-0.0253807$ & $-0.0344059$ & $-0.00416562$ & $-0.00165952$ & $0.0991905$ & $-0.0143418$ & $-0.0525916$ & $0.0195593$ & $-0.406685$ & $0.0401974$ & $0.0744636$ & $0.00505526$ & $0.13793$ & $-0.0391071$ & $1$ & $-0.0614968$ & $-0.0678646$ & $0.0794536$ & $-0.00635953$ \\
eHccint & $-0.0683556$ & $0.0034645$ & $0.0985787$ & $-0.11557$ & $-0.0469672$ & $-0.0406225$ & $0.00639105$ & $-0.00022186$ & $-0.0118576$ & $0.00416611$ & $-0.0133321$ & $-0.0302032$ & $-0.0189757$ & $0.0123595$ & $0.0134623$ & $-0.00279835$ & $0.0447607$ & $0.0179025$ & $0.0284326$ & $0.0145599$ & $0.0153908$ & $0.0193998$ & $0.0184908$ & $0.0234334$ & $0.0397384$ & $-0.024878$ & $0.0100781$ & $0.0388719$ & $0.0291592$ & $-0.00479898$ & $0.0174948$ & $0.00386206$ & $0.00274602$ & $-0.000508351$ & $-0.0537181$ & $-0.0641913$ & $-0.063238$ & $0.0154066$ & $0.160146$ & $-0.0288928$ & $-0.0565539$ & $0.0158648$ & $-0.12901$ & $-0.152323$ & $-0.0614968$ & $1$ & $-0.0595788$ & $0.00321905$ & $0.0522667$ \\
eHccpar & $0.0208733$ & $0.0704645$ & $-0.0542659$ & $0.030214$ & $0.0382705$ & $0.0443762$ & $-0.0302757$ & $0.0453597$ & $0.0404755$ & $-0.0393243$ & $-0.0291312$ & $0.00927818$ & $0.0509573$ & $-0.0177728$ & $0.00598824$ & $-0.0369774$ & $-0.0272903$ & $-0.0404892$ & $-0.00867656$ & $0.025369$ & $0.0333483$ & $0.0308077$ & $0.0231073$ & $-0.065064$ & $-0.0274238$ & $-0.0387912$ & $0.0365188$ & $0.000236174$ & $0.0215342$ & $-0.0169928$ & $0.265223$ & $-0.00923023$ & $0.0266772$ & $0.0344754$ & $0.123173$ & $0.00147477$ & $-0.17145$ & $0.0109432$ & $-0.126304$ & $-0.0340503$ & $0.216717$ & $-0.0747083$ & $-0.00884797$ & $-0.0546708$ & $-0.0678646$ & $-0.0595788$ & $1$ & $0.0632378$ & $-0.0147025$ \\
eHbbint & $0.181541$ & $-0.0282004$ & $-0.151519$ & $-0.0421597$ & $-0.00692545$ & $0.00623339$ & $0.00697035$ & $0.0417173$ & $0.0470988$ & $0.00681065$ & $-0.070626$ & $-0.0183512$ & $-0.000129356$ & $0.0671855$ & $0.0259636$ & $0.029971$ & $0.0545157$ & $0.0332324$ & $0.0289967$ & $0.0686207$ & $0.0672908$ & $0.060723$ & $0.0080576$ & $0.00100386$ & $0.0200134$ & $-0.0441375$ & $0.0103079$ & $0.0238026$ & $-3.21123e-05$ & $0.0175152$ & $0.0167902$ & $0.0189848$ & $0.256383$ & $0.0140571$ & $-0.0369622$ & $0.0854272$ & $-0.0653293$ & $0.0273152$ & $0.00697225$ & $-0.0347565$ & $0.169711$ & $0.0233517$ & $0.0174096$ & $0.131126$ & $0.0794536$ & $0.00321905$ & $0.0632378$ & $1$ & $0.297002$ \\
eHbbpar & $0.058611$ & $0.138117$ & $-0.0601647$ & $0.0792551$ & $-0.00311984$ & $-0.0429561$ & $-0.0759645$ & $-0.00742553$ & $-0.0124276$ & $0.00576019$ & $0.00287095$ & $-0.0169123$ & $-0.0205613$ & $-0.0157918$ & $0.0281519$ & $0.0103916$ & $0.0164901$ & $-0.01612$ & $0.00537794$ & $0.00312771$ & $0.000507543$ & $0.0110617$ & $0.00170005$ & $0.00174365$ & $0.000323418$ & $0.000892893$ & $-0.00819602$ & $0.0170298$ & $-0.00376678$ & $0.0126882$ & $-0.0225157$ & $-0.0556475$ & $0.407788$ & $-0.0166113$ & $-0.0431742$ & $0.152984$ & $-0.124242$ & $0.0833534$ & $0.104297$ & $0.010168$ & $0.281066$ & $0.0516926$ & $0.0544494$ & $0.0973852$ & $-0.00635953$ & $0.0522667$ & $-0.0147025$ & $0.297002$ & $1$ \\
