 & AlsMz & dAle5Mz & mtop & mHl & Mz & CW & CHG & CHWB & CHWHB_gaga & CHWHB_gagaorth & CHD & CHbox & CH & CHL1_11 & CHL1_22 & CHL1_33 & CHL3_11 & CHL3_22 & CHL3_33 & CHe_11 & CHe_22 & CHe_33 & CHQ1_11 & CHQ1_33 & CHQ3_11 & CHu_11 & CHd_11 & CHd_33 & CeH_22r & CeH_33r & CuH_22r & CuH_33r & CdH_33r & CLL_1221 & eHggint & eHggpar & eHWWint & eHWWpar & eHZZint & eHZZpar & eHZgaint & eHZgapar & eHgagaint & eHmumuint & eHtautauint & eHccint & eHccpar & eHbbint & eHbbpar \\
AlsMz & $1$ & $-0.0113682$ & $-0.0092952$ & $0.00962889$ & $-0.00312381$ & $-0.013613$ & $0.00325055$ & $0.01224$ & $0.00981827$ & $0.00886192$ & $-0.0196648$ & $-0.00619517$ & $0.0073894$ & $0.00169697$ & $-0.00485748$ & $-0.0201744$ & $0.00090852$ & $-7.84358e-05$ & $0.011262$ & $0.00690666$ & $0.0125328$ & $0.0128259$ & $-0.000807311$ & $-0.079416$ & $-0.121392$ & $-0.0438927$ & $-0.0199104$ & $0.0224528$ & $-0.00499824$ & $-0.0128773$ & $-0.000105249$ & $-0.0210456$ & $-0.0093839$ & $0.0151922$ & $0.00174215$ & $0.000551824$ & $-0.00424601$ & $-0.0083945$ & $-0.00640537$ & $-0.0116265$ & $0.0187887$ & $-0.00340426$ & $-0.00514407$ & $0.00715744$ & $-0.0254362$ & $0.00645072$ & $-0.00808211$ & $0.00482225$ & $0.00154911$ \\
dAle5Mz & $-0.0113682$ & $1$ & $-0.00796636$ & $-0.00335214$ & $-0.00393099$ & $0.00943293$ & $-0.00263262$ & $-0.0930609$ & $-0.0918927$ & $0.0400115$ & $0.0631166$ & $0.0308331$ & $-0.019566$ & $-0.0124617$ & $-0.0213141$ & $-0.0174051$ & $0.0329912$ & $0.0299286$ & $0.0301115$ & $-0.0341854$ & $-0.0352311$ & $-0.0318549$ & $0.00406061$ & $0.0389772$ & $0.0366553$ & $0.0181808$ & $0.000498922$ & $-0.0119472$ & $-0.0119289$ & $-0.00811805$ & $0.00252858$ & $0.0113596$ & $-0.00724343$ & $0.0225704$ & $0.0164179$ & $-0.00475643$ & $0.0271098$ & $-0.00869072$ & $0.0029319$ & $0.00834171$ & $0.00372074$ & $0.00243256$ & $-0.0177078$ & $0.000472886$ & $0.0057843$ & $0.00351579$ & $-0.00625158$ & $0.00647629$ & $-0.00179408$ \\
mtop & $-0.0092952$ & $-0.00796636$ & $1$ & $-0.00130949$ & $-0.00873179$ & $-0.00501282$ & $0.000119489$ & $0.0171989$ & $0.0160004$ & $-0.0116707$ & $-0.00279559$ & $-0.00744932$ & $0.00688412$ & $-0.00801829$ & $0.00341182$ & $0.00679618$ & $-0.00793516$ & $-0.011375$ & $-0.0135403$ & $0.0110999$ & $0.0127645$ & $0.00920879$ & $-7.60635e-05$ & $-0.00855855$ & $-0.0124853$ & $-0.00684426$ & $0.00793297$ & $0.0130643$ & $0.00739662$ & $0.00142441$ & $-0.00881797$ & $0.000600477$ & $0.0236851$ & $0.0152589$ & $0.000860515$ & $-0.000930468$ & $-0.014007$ & $-0.00566142$ & $0.0141488$ & $-0.0119321$ & $-0.0042704$ & $-0.0100255$ & $-0.000715834$ & $0.00583647$ & $-0.00343052$ & $-0.00859193$ & $-0.0109884$ & $0.00163045$ & $0.0276995$ \\
mHl & $0.00962889$ & $-0.00335214$ & $-0.00130949$ & $1$ & $-0.000361307$ & $-0.00499895$ & $-0.000237038$ & $0.000374513$ & $0.00097424$ & $0.00498778$ & $-0.00170916$ & $5.84937e-05$ & $0.00198387$ & $-0.000456391$ & $0.017802$ & $0.0111561$ & $0.00223739$ & $-0.00782764$ & $-0.00333347$ & $0.00367163$ & $-0.000448981$ & $-0.000688737$ & $0.010261$ & $0.00633248$ & $-0.00390315$ & $-0.00736998$ & $-0.0196556$ & $0.0126497$ & $-0.00277059$ & $0.00777504$ & $-0.0050392$ & $0.0077689$ & $-0.00856428$ & $-0.0156877$ & $0.0171739$ & $0.00474772$ & $-0.00688711$ & $0.00516857$ & $-0.00301695$ & $-0.0043423$ & $0.00509152$ & $-0.0139987$ & $0.0101688$ & $0.00189004$ & $0.00190438$ & $0.00334453$ & $-0.0074924$ & $-0.00800159$ & $0.00302551$ \\
Mz & $-0.00312381$ & $-0.00393099$ & $-0.00873179$ & $-0.000361307$ & $1$ & $0.000148754$ & $-0.00462593$ & $-0.00610258$ & $-0.00787716$ & $0.00206819$ & $0.00960376$ & $0.00293054$ & $-0.00441468$ & $0.0130494$ & $0.000964076$ & $0.00578606$ & $0.00825726$ & $0.009267$ & $0.00666913$ & $-0.000197252$ & $0.000357979$ & $0.00407646$ & $-0.00623098$ & $0.0131817$ & $0.00932668$ & $0.00473199$ & $-0.00309702$ & $0.00231163$ & $0.0105385$ & $0.00112796$ & $0.00241081$ & $-0.00500433$ & $-0.00145807$ & $-0.00966043$ & $0.00140619$ & $-0.0156442$ & $-0.00314868$ & $0.000572517$ & $0.00593473$ & $-0.00380102$ & $-0.0018304$ & $0.0071132$ & $-0.00375483$ & $0.00116961$ & $-0.0037323$ & $-2.7152e-05$ & $0.00403135$ & $-0.00617211$ & $-0.00707336$ \\
CW & $-0.013613$ & $0.00943293$ & $-0.00501282$ & $-0.00499895$ & $0.000148754$ & $1$ & $0.00216367$ & $-0.100336$ & $-0.0982564$ & $-0.00466082$ & $0.164395$ & $0.000699879$ & $0.0124152$ & $0.0151284$ & $-0.111614$ & $-0.101857$ & $-0.265665$ & $-0.0443992$ & $-0.0501082$ & $-0.164742$ & $-0.166033$ & $-0.16254$ & $0.00965855$ & $-0.0238076$ & $-0.0723284$ & $0.0924754$ & $-0.0307161$ & $-0.0618015$ & $-0.00344543$ & $0.0100063$ & $0.000898147$ & $0.00855697$ & $0.00241415$ & $-0.088707$ & $0.0117732$ & $-0.00121141$ & $-0.0135777$ & $-0.00771485$ & $0.00262652$ & $-0.000768762$ & $0.00221429$ & $0.00235939$ & $-0.00921892$ & $-0.00435504$ & $-0.00533623$ & $0.00493216$ & $-0.00228321$ & $0.00277261$ & $-0.00436643$ \\
CHG & $0.00325055$ & $-0.00263262$ & $0.000119489$ & $-0.000237038$ & $-0.00462593$ & $0.00216367$ & $1$ & $-0.0318035$ & $-0.0128064$ & $0.0168274$ & $0.0192152$ & $0.100234$ & $-0.108224$ & $0.0132807$ & $-0.014244$ & $-0.0138305$ & $0.0223321$ & $0.0293493$ & $0.0289507$ & $-0.0190768$ & $-0.0201522$ & $-0.0195968$ & $0.00601353$ & $0.0304873$ & $0.0310128$ & $0.0109077$ & $-0.00325942$ & $-0.00443346$ & $-0.00214928$ & $-0.0404909$ & $-0.0109797$ & $0.668825$ & $-0.0419808$ & $-0.0173938$ & $-0.0170058$ & $-0.00452315$ & $0.00485421$ & $0.00286474$ & $0.000297544$ & $0.00731567$ & $0.00379005$ & $0.00484537$ & $0.00456739$ & $-0.00397372$ & $0.00132489$ & $0.00303475$ & $0.00429675$ & $0.00352771$ & $0.00940928$ \\
CHWB & $0.01224$ & $-0.0930609$ & $0.0171989$ & $0.000374513$ & $-0.00610258$ & $-0.100336$ & $-0.0318035$ & $1$ & $0.98169$ & $-0.540338$ & $-0.876341$ & $-0.370148$ & $0.311575$ & $0.139636$ & $0.509205$ & $0.500508$ & $-0.212152$ & $-0.478801$ & $-0.476929$ & $0.858706$ & $0.88416$ & $0.8658$ & $-0.0488762$ & $-0.623945$ & $-0.523914$ & $-0.497358$ & $0.205939$ & $0.279621$ & $0.0236581$ & $0.0771512$ & $0.0345333$ & $-0.031273$ & $0.0747685$ & $0.446178$ & $-0.0198896$ & $0.0119033$ & $0.00150923$ & $-0.00137522$ & $-0.0101224$ & $0.00367057$ & $0.00760866$ & $-0.00669497$ & $-0.00200813$ & $-0.0128832$ & $-0.00317825$ & $0.0108674$ & $-0.000664023$ & $-0.0152772$ & $-0.0136759$ \\
CHWHB_gaga & $0.00981827$ & $-0.0918927$ & $0.0160004$ & $0.00097424$ & $-0.00787716$ & $-0.0982564$ & $-0.0128064$ & $0.98169$ & $1$ & $-0.529572$ & $-0.855918$ & $-0.366586$ & $0.316155$ & $0.127093$ & $0.502624$ & $0.489707$ & $-0.217059$ & $-0.479795$ & $-0.475145$ & $0.839334$ & $0.863291$ & $0.845025$ & $-0.0480512$ & $-0.616676$ & $-0.522354$ & $-0.485286$ & $0.198821$ & $0.272789$ & $0.0281456$ & $0.102379$ & $0.047619$ & $-0.035527$ & $0.100032$ & $0.434933$ & $-0.0392635$ & $0.000691414$ & $-0.00894825$ & $-0.00266383$ & $-0.0164485$ & $0.0036725$ & $0.00696106$ & $-0.00500138$ & $0.0781141$ & $-0.0139556$ & $-0.00434935$ & $0.0108555$ & $0.000983236$ & $-0.0166305$ & $-0.0185801$ \\
CHWHB_gagaorth & $0.00886192$ & $0.0400115$ & $-0.0116707$ & $0.00498778$ & $0.00206819$ & $-0.00466082$ & $0.0168274$ & $-0.540338$ & $-0.529572$ & $1$ & $0.315214$ & $0.422078$ & $-0.224596$ & $0.225981$ & $-0.220369$ & $-0.218077$ & $0.430327$ & $0.507297$ & $0.504976$ & $-0.310766$ & $-0.32352$ & $-0.320211$ & $0.00400911$ & $0.53379$ & $0.543064$ & $0.190905$ & $-0.105318$ & $-0.0996174$ & $-0.0166743$ & $-0.0943104$ & $-0.0346508$ & $0.0756833$ & $-0.0985586$ & $-0.283829$ & $0.040182$ & $0.0213122$ & $-0.00870015$ & $0.0108502$ & $0.0114574$ & $-0.00145492$ & $-0.0546709$ & $0.0024244$ & $0.00122632$ & $0.0190985$ & $0.0171964$ & $-0.0048368$ & $0.0138929$ & $0.00760258$ & $0.0190751$ \\
CHD & $-0.0196648$ & $0.0631166$ & $-0.00279559$ & $-0.00170916$ & $0.00960376$ & $0.164395$ & $0.0192152$ & $-0.876341$ & $-0.855918$ & $0.315214$ & $1$ & $0.222658$ & $-0.143856$ & $-0.550993$ & $-0.57447$ & $-0.560091$ & $-0.251325$ & $0.0871745$ & $0.0837131$ & $-0.99221$ & $-0.993386$ & $-0.969963$ & $0.068476$ & $0.24897$ & $0.0871564$ & $0.553341$ & $-0.145841$ & $-0.313093$ & $-0.0149489$ & $-0.0423523$ & $-0.0269604$ & $0.0380751$ & $-0.0401648$ & $-0.270864$ & $0.0341279$ & $-0.0047994$ & $0.000315469$ & $-0.00408551$ & $0.00449057$ & $-0.00607549$ & $0.00491404$ & $0.00662254$ & $0.00286062$ & $0.00711985$ & $-0.00437225$ & $-0.00959358$ & $-0.00366482$ & $0.0130602$ & $0.00819826$ \\
CHbox & $-0.00619517$ & $0.0308331$ & $-0.00744932$ & $5.84937e-05$ & $0.00293054$ & $0.000699879$ & $0.100234$ & $-0.370148$ & $-0.366586$ & $0.422078$ & $0.222658$ & $1$ & $-0.941288$ & $0.144163$ & $-0.149524$ & $-0.154097$ & $0.279431$ & $0.335222$ & $0.338368$ & $-0.218553$ & $-0.228209$ & $-0.225678$ & $-0.00578441$ & $0.360158$ & $0.36079$ & $0.139751$ & $-0.0782857$ & $-0.0622948$ & $-0.043923$ & $-0.13832$ & $-0.0534037$ & $0.0937724$ & $-0.148308$ & $-0.19701$ & $0.0127861$ & $0.00960714$ & $-0.0141749$ & $0.000228845$ & $0.0208627$ & $-0.00548388$ & $-0.0242423$ & $0.00382236$ & $-0.00289895$ & $0.00732513$ & $0.0113118$ & $0.00245354$ & $0.00271805$ & $0.0165643$ & $0.042282$ \\
CH & $0.0073894$ & $-0.019566$ & $0.00688412$ & $0.00198387$ & $-0.00441468$ & $0.0124152$ & $-0.108224$ & $0.311575$ & $0.316155$ & $-0.224596$ & $-0.143856$ & $-0.941288$ & $1$ & $-0.210978$ & $0.124351$ & $0.128918$ & $-0.323723$ & $-0.358981$ & $-0.362132$ & $0.145352$ & $0.147963$ & $0.147192$ & $0.0101531$ & $-0.352599$ & $-0.377007$ & $-0.0941436$ & $0.0566932$ & $0.0383681$ & $0.0516299$ & $0.204616$ & $0.0608489$ & $-0.037572$ & $0.223018$ & $0.164788$ & $0.0255626$ & $0.010294$ & $0.0177824$ & $0.00169188$ & $-0.0194909$ & $0.00609605$ & $0.011443$ & $-0.00280777$ & $-0.00178479$ & $-0.00494513$ & $-0.00893875$ & $-0.0030395$ & $0.000366602$ & $-0.0219203$ & $-0.060081$ \\
CHL1_11 & $0.00169697$ & $-0.0124617$ & $-0.00801829$ & $-0.000456391$ & $0.0130494$ & $0.0151284$ & $0.0132807$ & $0.139636$ & $0.127093$ & $0.225981$ & $-0.550993$ & $0.144163$ & $-0.210978$ & $1$ & $0.252203$ & $0.237475$ & $0.659596$ & $0.593296$ & $0.597691$ & $0.553886$ & $0.530679$ & $0.513048$ & $-0.0510523$ & $0.466293$ & $0.625523$ & $-0.290786$ & $-0.0230619$ & $0.161358$ & $-0.00658521$ & $-0.0352447$ & $-0.00131363$ & $-0.0248324$ & $-0.0330005$ & $-0.199062$ & $-0.0371035$ & $-0.00458175$ & $-0.00640041$ & $0.00892539$ & $0.0107727$ & $0.0010815$ & $-0.0225242$ & $-0.00545249$ & $-0.00835572$ & $0.0082662$ & $0.0103788$ & $0.00199265$ & $0.010625$ & $0.000892114$ & $0.0123981$ \\
CHL1_22 & $-0.00485748$ & $-0.0213141$ & $0.00341182$ & $0.017802$ & $0.000964076$ & $-0.111614$ & $-0.014244$ & $0.509205$ & $0.502624$ & $-0.220369$ & $-0.57447$ & $-0.149524$ & $0.124351$ & $0.252203$ & $1$ & $0.370046$ & $0.11121$ & $-0.494898$ & $-0.0496137$ & $0.610074$ & $0.523394$ & $0.508743$ & $-0.0655944$ & $-0.0456417$ & $-0.0907413$ & $-0.28017$ & $-0.179234$ & $0.164804$ & $0.00855408$ & $0.0289588$ & $0.0170782$ & $-0.0231762$ & $0.0269292$ & $-0.502372$ & $-0.0174187$ & $-0.00223598$ & $-0.00299029$ & $0.000313586$ & $-0.00304658$ & $0.0045422$ & $0.00470911$ & $-0.0128158$ & $0.00304022$ & $-0.00177279$ & $-0.00308288$ & $0.00811189$ & $0.004329$ & $-0.00324466$ & $-0.0242562$ \\
CHL1_33 & $-0.0201744$ & $-0.0174051$ & $0.00679618$ & $0.0111561$ & $0.00578606$ & $-0.101857$ & $-0.0138305$ & $0.500508$ & $0.489707$ & $-0.218077$ & $-0.560091$ & $-0.154097$ & $0.128918$ & $0.237475$ & $0.370046$ & $1$ & $0.10035$ & $-0.0527534$ & $-0.481854$ & $0.596231$ & $0.51202$ & $0.528929$ & $-0.0627534$ & $-0.0534338$ & $-0.0903511$ & $-0.272561$ & $-0.168536$ & $0.156464$ & $0.0107071$ & $0.0270447$ & $0.028782$ & $-0.0148763$ & $0.0352243$ & $0.160689$ & $-0.0235541$ & $0.00847213$ & $-0.0110892$ & $0.000338683$ & $0.00488852$ & $0.00295672$ & $0.00504354$ & $0.000188978$ & $-0.00452597$ & $-0.00887225$ & $0.0112898$ & $0.0110762$ & $0.0124307$ & $-0.0108435$ & $0.00447995$ \\
CHL3_11 & $0.00090852$ & $0.0329912$ & $-0.00793516$ & $0.00223739$ & $0.00825726$ & $-0.265665$ & $0.0223321$ & $-0.212152$ & $-0.217059$ & $0.430327$ & $-0.251325$ & $0.279431$ & $-0.323723$ & $0.659596$ & $0.11121$ & $0.10035$ & $1$ & $0.742358$ & $0.745533$ & $0.26079$ & $0.235664$ & $0.225284$ & $-0.0371883$ & $0.681688$ & $0.82474$ & $-0.120575$ & $-0.0626281$ & $0.0792601$ & $-0.0168363$ & $-0.0692862$ & $-0.0152068$ & $-0.0142181$ & $-0.0704158$ & $-0.210722$ & $-0.0268341$ & $-0.0160153$ & $-3.0883e-05$ & $0.0131377$ & $0.00775927$ & $0.00610803$ & $-0.0274268$ & $0.00324402$ & $0.00352484$ & $0.00776537$ & $0.0188892$ & $-0.00117626$ & $0.00716535$ & $0.0035101$ & $0.00656097$ \\
CHL3_22 & $-7.84358e-05$ & $0.0299286$ & $-0.011375$ & $-0.00782764$ & $0.009267$ & $-0.0443992$ & $0.0293493$ & $-0.478801$ & $-0.479795$ & $0.507297$ & $0.0871745$ & $0.335222$ & $-0.358981$ & $0.593296$ & $-0.494898$ & $-0.0527534$ & $0.742358$ & $1$ & $0.67963$ & $-0.0889569$ & $-0.0812708$ & $-0.0798575$ & $0.00237327$ & $0.668611$ & $0.810087$ & $0.0469669$ & $0.00832021$ & $-0.0268846$ & $-0.0185847$ & $-0.0755342$ & $-0.0216652$ & $0.00038028$ & $-0.0727554$ & $0.0483217$ & $-0.017441$ & $-0.00953412$ & $-0.00303875$ & $0.00973674$ & $0.0116974$ & $-0.000463427$ & $-0.026095$ & $0.00801827$ & $-0.00477512$ & $0.00973736$ & $0.0160388$ & $-0.0066373$ & $0.00578171$ & $0.00453556$ & $0.0255949$ \\
CHL3_33 & $0.011262$ & $0.0301115$ & $-0.0135403$ & $-0.00333347$ & $0.00666913$ & $-0.0501082$ & $0.0289507$ & $-0.476929$ & $-0.475145$ & $0.504976$ & $0.0837131$ & $0.338368$ & $-0.362132$ & $0.597691$ & $-0.0496137$ & $-0.481854$ & $0.745533$ & $0.67963$ & $1$ & $-0.0859624$ & $-0.0782385$ & $-0.0777346$ & $0.000839944$ & $0.671489$ & $0.80948$ & $0.0453942$ & $0.00519619$ & $-0.023359$ & $-0.0189814$ & $-0.0730189$ & $-0.0283249$ & $-0.00565389$ & $-0.0799811$ & $-0.428642$ & $-0.0148347$ & $-0.0175712$ & $0.00169079$ & $0.010089$ & $0.00594254$ & $0.0013966$ & $-0.0251217$ & $0.000523055$ & $-0.000565082$ & $0.012769$ & $0.00622694$ & $-0.00932484$ & $0.00322009$ & $0.0100071$ & $0.00503385$ \\
CHe_11 & $0.00690666$ & $-0.0341854$ & $0.0110999$ & $0.00367163$ & $-0.000197252$ & $-0.164742$ & $-0.0190768$ & $0.858706$ & $0.839334$ & $-0.310766$ & $-0.99221$ & $-0.218553$ & $0.145352$ & $0.553886$ & $0.610074$ & $0.596231$ & $0.26079$ & $-0.0889569$ & $-0.0859624$ & $1$ & $0.982099$ & $0.959487$ & $-0.0712928$ & $-0.214012$ & $-0.066068$ & $-0.545228$ & $0.110782$ & $0.308512$ & $0.0158321$ & $0.0426453$ & $0.027603$ & $-0.0372942$ & $0.0409832$ & $0.21918$ & $-0.035138$ & $0.00403678$ & $-0.00166699$ & $0.00350368$ & $-0.0034891$ & $0.0063363$ & $-0.00504374$ & $-0.00655689$ & $-0.00390693$ & $-0.00759574$ & $0.00477455$ & $0.00881028$ & $0.00408129$ & $-0.0126309$ & $-0.00916552$ \\
CHe_22 & $0.0125328$ & $-0.0352311$ & $0.0127645$ & $-0.000448981$ & $0.000357979$ & $-0.166033$ & $-0.0201522$ & $0.88416$ & $0.863291$ & $-0.32352$ & $-0.993386$ & $-0.228209$ & $0.147963$ & $0.530679$ & $0.523394$ & $0.51202$ & $0.235664$ & $-0.0812708$ & $-0.0782385$ & $0.982099$ & $1$ & $0.972608$ & $-0.0639846$ & $-0.284336$ & $-0.106283$ & $-0.556986$ & $0.186626$ & $0.31462$ & $0.0163331$ & $0.0441225$ & $0.0267148$ & $-0.0375202$ & $0.0415153$ & $0.332577$ & $-0.0329456$ & $0.0042002$ & $0.00173693$ & $0.00358225$ & $-0.00515161$ & $0.00587633$ & $-0.00554318$ & $-0.00619364$ & $-0.00366213$ & $-0.00828431$ & $0.00454217$ & $0.00909907$ & $0.0028026$ & $-0.0124021$ & $-0.00815641$ \\
CHe_33 & $0.0128259$ & $-0.0318549$ & $0.00920879$ & $-0.000688737$ & $0.00407646$ & $-0.16254$ & $-0.0195968$ & $0.8658$ & $0.845025$ & $-0.320211$ & $-0.969963$ & $-0.225678$ & $0.147192$ & $0.513048$ & $0.508743$ & $0.528929$ & $0.225284$ & $-0.0798575$ & $-0.0777346$ & $0.959487$ & $0.972608$ & $1$ & $-0.06111$ & $-0.281627$ & $-0.106027$ & $-0.543982$ & $0.18568$ & $0.308448$ & $0.0159253$ & $0.0438196$ & $0.0267724$ & $-0.0367351$ & $0.0387499$ & $0.333$ & $-0.0342493$ & $0.00728234$ & $0.00113495$ & $0.00298253$ & $-0.00601215$ & $0.0045635$ & $-0.00513387$ & $-0.00419343$ & $-0.00604434$ & $-0.0106402$ & $0.00421334$ & $0.00778326$ & $0.0047515$ & $-0.0155206$ & $-0.00839215$ \\
CHQ1_11 & $-0.000807311$ & $0.00406061$ & $-7.60635e-05$ & $0.010261$ & $-0.00623098$ & $0.00965855$ & $0.00601353$ & $-0.0488762$ & $-0.0480512$ & $0.00400911$ & $0.068476$ & $-0.00578441$ & $0.0101531$ & $-0.0510523$ & $-0.0655944$ & $-0.0627534$ & $-0.0371883$ & $0.00237327$ & $0.000839944$ & $-0.0712928$ & $-0.0639846$ & $-0.06111$ & $1$ & $-0.0262703$ & $0.0176221$ & $-0.670083$ & $0.163055$ & $-0.0275396$ & $-0.00178666$ & $0.00930281$ & $-0.00249316$ & $0.0115465$ & $0.0119448$ & $0.0167935$ & $0.00409242$ & $0.0119007$ & $0.0138409$ & $-0.00393915$ & $-0.00795638$ & $0.00669462$ & $0.0194119$ & $-0.00480136$ & $0.00170928$ & $0.00471296$ & $-0.0214767$ & $0.00486138$ & $0.00420963$ & $0.0112592$ & $-0.00058754$ \\
CHQ1_33 & $-0.079416$ & $0.0389772$ & $-0.00855855$ & $0.00633248$ & $0.0131817$ & $-0.0238076$ & $0.0304873$ & $-0.623945$ & $-0.616676$ & $0.53379$ & $0.24897$ & $0.360158$ & $-0.352599$ & $0.466293$ & $-0.0456417$ & $-0.0534338$ & $0.681688$ & $0.668611$ & $0.671489$ & $-0.214012$ & $-0.284336$ & $-0.281627$ & $-0.0262703$ & $1$ & $0.783108$ & $0.168324$ & $-0.194325$ & $0.0131097$ & $-0.0199411$ & $-0.0733057$ & $-0.0215727$ & $0.00885246$ & $-0.0691138$ & $-0.542731$ & $-0.0109783$ & $-0.0209576$ & $-0.009737$ & $0.0112939$ & $0.0116601$ & $0.00253849$ & $-0.0275741$ & $0.00363666$ & $-0.00233028$ & $0.00709009$ & $0.0112498$ & $0.0020997$ & $0.0085359$ & $0.0182354$ & $0.0130795$ \\
CHQ3_11 & $-0.121392$ & $0.0366553$ & $-0.0124853$ & $-0.00390315$ & $0.00932668$ & $-0.0723284$ & $0.0310128$ & $-0.523914$ & $-0.522354$ & $0.543064$ & $0.0871564$ & $0.36079$ & $-0.377007$ & $0.625523$ & $-0.0907413$ & $-0.0903511$ & $0.82474$ & $0.810087$ & $0.80948$ & $-0.066068$ & $-0.106283$ & $-0.106027$ & $0.0176221$ & $0.783108$ & $1$ & $0.0609948$ & $0.103969$ & $-0.0323328$ & $-0.0180192$ & $-0.0805561$ & $-0.0228114$ & $0.00509746$ & $-0.0798247$ & $-0.396905$ & $-0.0157552$ & $-0.0174505$ & $-0.00234752$ & $0.0085194$ & $0.0138157$ & $0.00369363$ & $-0.0253348$ & $0.0033932$ & $-0.00121091$ & $0.012788$ & $0.0121169$ & $-0.0092591$ & $0.00568601$ & $0.00621941$ & $0.0128142$ \\
CHu_11 & $-0.0438927$ & $0.0181808$ & $-0.00684426$ & $-0.00736998$ & $0.00473199$ & $0.0924754$ & $0.0109077$ & $-0.497358$ & $-0.485286$ & $0.190905$ & $0.553341$ & $0.139751$ & $-0.0941436$ & $-0.290786$ & $-0.28017$ & $-0.272561$ & $-0.120575$ & $0.0469669$ & $0.0453942$ & $-0.545228$ & $-0.556986$ & $-0.543982$ & $-0.670083$ & $0.168324$ & $0.0609948$ & $1$ & $-0.0900517$ & $-0.165868$ & $-0.0076819$ & $-0.0359829$ & $-0.0189412$ & $0.0162114$ & $-0.032395$ & $-0.200591$ & $0.0143821$ & $-0.00817732$ & $-0.00617989$ & $0.00204846$ & $0.0109125$ & $-0.0117557$ & $-0.0107907$ & $0.0109175$ & $-0.00142699$ & $0.0050771$ & $0.0117807$ & $-0.0066811$ & $-0.00748225$ & $-0.00411723$ & $0.0106669$ \\
CHd_11 & $-0.0199104$ & $0.000498922$ & $0.00793297$ & $-0.0196556$ & $-0.00309702$ & $-0.0307161$ & $-0.00325942$ & $0.205939$ & $0.198821$ & $-0.105318$ & $-0.145841$ & $-0.0782857$ & $0.0566932$ & $-0.0230619$ & $-0.179234$ & $-0.168536$ & $-0.0626281$ & $0.00832021$ & $0.00519619$ & $0.110782$ & $0.186626$ & $0.18568$ & $0.163055$ & $-0.194325$ & $0.103969$ & $-0.0900517$ & $1$ & $0.0435033$ & $0.0102008$ & $0.0186471$ & $0.00599036$ & $0.0067126$ & $0.0176643$ & $0.381027$ & $0.0049746$ & $-0.00374634$ & $0.0126294$ & $3.56191e-06$ & $-0.00219434$ & $0.00200173$ & $-0.00211772$ & $0.00741217$ & $-0.00844879$ & $-0.00200936$ & $-0.0157902$ & $0.00131753$ & $-0.0129962$ & $-0.00461004$ & $0.00216898$ \\
CHd_33 & $0.0224528$ & $-0.0119472$ & $0.0130643$ & $0.0126497$ & $0.00231163$ & $-0.0618015$ & $-0.00443346$ & $0.279621$ & $0.272789$ & $-0.0996174$ & $-0.313093$ & $-0.0622948$ & $0.0383681$ & $0.161358$ & $0.164804$ & $0.156464$ & $0.0792601$ & $-0.0268846$ & $-0.023359$ & $0.308512$ & $0.31462$ & $0.308448$ & $-0.0275396$ & $0.0131097$ & $-0.0323328$ & $-0.165868$ & $0.0435033$ & $1$ & $0.00511641$ & $0.0123002$ & $-0.000118972$ & $-0.0141087$ & $0.0166158$ & $0.110895$ & $-0.00698579$ & $-0.0112642$ & $0.00471953$ & $-0.00364345$ & $-0.0242693$ & $0.00428402$ & $-0.00707453$ & $-0.012217$ & $0.00037577$ & $-0.00718636$ & $0.000143921$ & $0.0154132$ & $-0.00838714$ & $0.00716504$ & $-0.00908244$ \\
CeH_22r & $-0.00499824$ & $-0.0119289$ & $0.00739662$ & $-0.00277059$ & $0.0105385$ & $-0.00344543$ & $-0.00214928$ & $0.0236581$ & $0.0281456$ & $-0.0166743$ & $-0.0149489$ & $-0.043923$ & $0.0516299$ & $-0.00658521$ & $0.00855408$ & $0.0107071$ & $-0.0168363$ & $-0.0185847$ & $-0.0189814$ & $0.0158321$ & $0.0163331$ & $0.0159253$ & $-0.00178666$ & $-0.0199411$ & $-0.0180192$ & $-0.0076819$ & $0.0102008$ & $0.00511641$ & $1$ & $0.0371675$ & $0.00935814$ & $-0.0441506$ & $0.0340429$ & $0.0113654$ & $-0.0283727$ & $-0.0238073$ & $-0.0207807$ & $-0.0143935$ & $-0.0157211$ & $-0.00562417$ & $0.00895209$ & $-0.000171193$ & $-0.00957332$ & $0.00571035$ & $0.00376142$ & $0.0010724$ & $-0.0113746$ & $0.000960547$ & $-0.00683785$ \\
CeH_33r & $-0.0128773$ & $-0.00811805$ & $0.00142441$ & $0.00777504$ & $0.00112796$ & $0.0100063$ & $-0.0404909$ & $0.0771512$ & $0.102379$ & $-0.0943104$ & $-0.0423523$ & $-0.13832$ & $0.204616$ & $-0.0352447$ & $0.0289588$ & $0.0270447$ & $-0.0692862$ & $-0.0755342$ & $-0.0730189$ & $0.0426453$ & $0.0441225$ & $0.0438196$ & $0.00930281$ & $-0.0733057$ & $-0.0805561$ & $-0.0359829$ & $0.0186471$ & $0.0123002$ & $0.0371675$ & $1$ & $0.25092$ & $0.217064$ & $0.537929$ & $0.0395702$ & $-0.0656589$ & $-0.0355528$ & $-0.153561$ & $-0.00829851$ & $-0.0221042$ & $-0.00141254$ & $0.00493104$ & $0.0106395$ & $0.00700593$ & $-0.00849596$ & $0.0677304$ & $0.00189882$ & $0.0121455$ & $-0.0405465$ & $-0.117913$ \\
CuH_22r & $-0.000105249$ & $0.00252858$ & $-0.00881797$ & $-0.0050392$ & $0.00241081$ & $0.000898147$ & $-0.0109797$ & $0.0345333$ & $0.047619$ & $-0.0346508$ & $-0.0269604$ & $-0.0534037$ & $0.0608489$ & $-0.00131363$ & $0.0170782$ & $0.028782$ & $-0.0152068$ & $-0.0216652$ & $-0.0283249$ & $0.027603$ & $0.0267148$ & $0.0267724$ & $-0.00249316$ & $-0.0215727$ & $-0.0228114$ & $-0.0189412$ & $0.00599036$ & $-0.000118972$ & $0.00935814$ & $0.25092$ & $1$ & $0.13897$ & $0.266074$ & $0.0159842$ & $-0.0336436$ & $-0.0092378$ & $-0.0697704$ & $-0.0112438$ & $-0.00171503$ & $-0.0113004$ & $-0.00648967$ & $0.00484608$ & $0.00202147$ & $0.000345366$ & $0.00819469$ & $0.0717905$ & $0.383209$ & $-0.0246061$ & $-0.0533045$ \\
CuH_33r & $-0.0210456$ & $0.0113596$ & $0.000600477$ & $0.0077689$ & $-0.00500433$ & $0.00855697$ & $0.668825$ & $-0.031273$ & $-0.035527$ & $0.0756833$ & $0.0380751$ & $0.0937724$ & $-0.037572$ & $-0.0248324$ & $-0.0231762$ & $-0.0148763$ & $-0.0142181$ & $0.00038028$ & $-0.00565389$ & $-0.0372942$ & $-0.0375202$ & $-0.0367351$ & $0.0115465$ & $0.00885246$ & $0.00509746$ & $0.0162114$ & $0.0067126$ & $-0.0141087$ & $-0.0441506$ & $0.217064$ & $0.13897$ & $1$ & $0.27253$ & $-0.00678747$ & $0.166309$ & $0.0760266$ & $-0.0431927$ & $0.00123187$ & $0.0308751$ & $0.00718452$ & $-0.00605822$ & $0.00598998$ & $0.0032562$ & $0.00634189$ & $0.00032542$ & $0.00453531$ & $0.0111783$ & $-0.0110662$ & $-0.0470478$ \\
CdH_33r & $-0.0093839$ & $-0.00724343$ & $0.0236851$ & $-0.00856428$ & $-0.00145807$ & $0.00241415$ & $-0.0419808$ & $0.0747685$ & $0.100032$ & $-0.0985586$ & $-0.0401648$ & $-0.148308$ & $0.223018$ & $-0.0330005$ & $0.0269292$ & $0.0352243$ & $-0.0704158$ & $-0.0727554$ & $-0.0799811$ & $0.0409832$ & $0.0415153$ & $0.0387499$ & $0.0119448$ & $-0.0691138$ & $-0.0798247$ & $-0.032395$ & $0.0176643$ & $0.0166158$ & $0.0340429$ & $0.537929$ & $0.266074$ & $0.27253$ & $1$ & $0.0396556$ & $-0.0513445$ & $-0.0233145$ & $-0.159551$ & $-0.00562788$ & $-0.0225034$ & $0.00320299$ & $-0.00357986$ & $0.00422525$ & $-0.00184369$ & $-0.00435859$ & $-0.00454981$ & $-0.00498504$ & $0.0147953$ & $0.139386$ & $0.418346$ \\
CLL_1221 & $0.0151922$ & $0.0225704$ & $0.0152589$ & $-0.0156877$ & $-0.00966043$ & $-0.088707$ & $-0.0173938$ & $0.446178$ & $0.434933$ & $-0.283829$ & $-0.270864$ & $-0.19701$ & $0.164788$ & $-0.199062$ & $-0.502372$ & $0.160689$ & $-0.210722$ & $0.0483217$ & $-0.428642$ & $0.21918$ & $0.332577$ & $0.333$ & $0.0167935$ & $-0.542731$ & $-0.396905$ & $-0.200591$ & $0.381027$ & $0.110895$ & $0.0113654$ & $0.0395702$ & $0.0159842$ & $-0.00678747$ & $0.0396556$ & $1$ & $-0.000125172$ & $0.0123098$ & $0.00923802$ & $-0.000602264$ & $-0.00849003$ & $-1.63046e-05$ & $0.00103797$ & $0.00848232$ & $-0.00417902$ & $-0.0121791$ & $0.00410576$ & $0.00439152$ & $-0.00627944$ & $-0.0118645$ & $0.00886839$ \\
eHggint & $0.00174215$ & $0.0164179$ & $0.000860515$ & $0.0171739$ & $0.00140619$ & $0.0117732$ & $-0.0170058$ & $-0.0198896$ & $-0.0392635$ & $0.040182$ & $0.0341279$ & $0.0127861$ & $0.0255626$ & $-0.0371035$ & $-0.0174187$ & $-0.0235541$ & $-0.0268341$ & $-0.017441$ & $-0.0148347$ & $-0.035138$ & $-0.0329456$ & $-0.0342493$ & $0.00409242$ & $-0.0109783$ & $-0.0157552$ & $0.0143821$ & $0.0049746$ & $-0.00698579$ & $-0.0283727$ & $-0.0656589$ & $-0.0336436$ & $0.166309$ & $-0.0513445$ & $-0.000125172$ & $1$ & $-0.0870737$ & $0.0357157$ & $-0.00872667$ & $0.0202157$ & $0.00433707$ & $-0.00714328$ & $0.00170537$ & $0.00549217$ & $0.0144116$ & $0.00294697$ & $-0.00246434$ & $-0.0203682$ & $0.00176907$ & $0.00882446$ \\
eHggpar & $0.000551824$ & $-0.00475643$ & $-0.000930468$ & $0.00474772$ & $-0.0156442$ & $-0.00121141$ & $-0.00452315$ & $0.0119033$ & $0.000691414$ & $0.0213122$ & $-0.0047994$ & $0.00960714$ & $0.010294$ & $-0.00458175$ & $-0.00223598$ & $0.00847213$ & $-0.0160153$ & $-0.00953412$ & $-0.0175712$ & $0.00403678$ & $0.0042002$ & $0.00728234$ & $0.0119007$ & $-0.0209576$ & $-0.0174505$ & $-0.00817732$ & $-0.00374634$ & $-0.0112642$ & $-0.0238073$ & $-0.0355528$ & $-0.0092378$ & $0.0760266$ & $-0.0233145$ & $0.0123098$ & $-0.0870737$ & $1$ & $0.00702202$ & $0.000425772$ & $0.0157357$ & $0.000533965$ & $0.00745509$ & $-0.00342854$ & $0.00254666$ & $0.000614617$ & $-0.00373391$ & $-0.0103041$ & $-0.00532192$ & $0.0146151$ & $-4.11285e-05$ \\
eHWWint & $-0.00424601$ & $0.0271098$ & $-0.014007$ & $-0.00688711$ & $-0.00314868$ & $-0.0135777$ & $0.00485421$ & $0.00150923$ & $-0.00894825$ & $-0.00870015$ & $0.000315469$ & $-0.0141749$ & $0.0177824$ & $-0.00640041$ & $-0.00299029$ & $-0.0110892$ & $-3.0883e-05$ & $-0.00303875$ & $0.00169079$ & $-0.00166699$ & $0.00173693$ & $0.00113495$ & $0.0138409$ & $-0.009737$ & $-0.00234752$ & $-0.00617989$ & $0.0126294$ & $0.00471953$ & $-0.0207807$ & $-0.153561$ & $-0.0697704$ & $-0.0431927$ & $-0.159551$ & $0.00923802$ & $0.0357157$ & $0.00702202$ & $1$ & $-0.00128165$ & $0.00632897$ & $-0.00124621$ & $-0.00334035$ & $-0.00191084$ & $-0.000746791$ & $0.00911801$ & $0.00959541$ & $-0.000844812$ & $-0.0139978$ & $0.00726872$ & $0.0273058$ \\
eHWWpar & $-0.0083945$ & $-0.00869072$ & $-0.00566142$ & $0.00516857$ & $0.000572517$ & $-0.00771485$ & $0.00286474$ & $-0.00137522$ & $-0.00266383$ & $0.0108502$ & $-0.00408551$ & $0.000228845$ & $0.00169188$ & $0.00892539$ & $0.000313586$ & $0.000338683$ & $0.0131377$ & $0.00973674$ & $0.010089$ & $0.00350368$ & $0.00358225$ & $0.00298253$ & $-0.00393915$ & $0.0112939$ & $0.0085194$ & $0.00204846$ & $3.56191e-06$ & $-0.00364345$ & $-0.0143935$ & $-0.00829851$ & $-0.0112438$ & $0.00123187$ & $-0.00562788$ & $-0.000602264$ & $-0.00872667$ & $0.000425772$ & $-0.00128165$ & $1$ & $0.0067892$ & $0.00229835$ & $-0.0108238$ & $0.00103377$ & $0.00236262$ & $0.0170662$ & $0.00813598$ & $0.000907033$ & $-0.00331197$ & $0.0159843$ & $0.00789305$ \\
eHZZint & $-0.00640537$ & $0.0029319$ & $0.0141488$ & $-0.00301695$ & $0.00593473$ & $0.00262652$ & $0.000297544$ & $-0.0101224$ & $-0.0164485$ & $0.0114574$ & $0.00449057$ & $0.0208627$ & $-0.0194909$ & $0.0107727$ & $-0.00304658$ & $0.00488852$ & $0.00775927$ & $0.0116974$ & $0.00594254$ & $-0.0034891$ & $-0.00515161$ & $-0.00601215$ & $-0.00795638$ & $0.0116601$ & $0.0138157$ & $0.0109125$ & $-0.00219434$ & $-0.0242693$ & $-0.0157211$ & $-0.0221042$ & $-0.00171503$ & $0.0308751$ & $-0.0225034$ & $-0.00849003$ & $0.0202157$ & $0.0157357$ & $0.00632897$ & $0.0067892$ & $1$ & $-0.00773421$ & $-0.00502448$ & $-0.00307693$ & $0.00207855$ & $-0.00978171$ & $0.00846303$ & $-0.00786579$ & $-0.00330068$ & $0.0127809$ & $-0.00670192$ \\
eHZZpar & $-0.0116265$ & $0.00834171$ & $-0.0119321$ & $-0.0043423$ & $-0.00380102$ & $-0.000768762$ & $0.00731567$ & $0.00367057$ & $0.0036725$ & $-0.00145492$ & $-0.00607549$ & $-0.00548388$ & $0.00609605$ & $0.0010815$ & $0.0045422$ & $0.00295672$ & $0.00610803$ & $-0.000463427$ & $0.0013966$ & $0.0063363$ & $0.00587633$ & $0.0045635$ & $0.00669462$ & $0.00253849$ & $0.00369363$ & $-0.0117557$ & $0.00200173$ & $0.00428402$ & $-0.00562417$ & $-0.00141254$ & $-0.0113004$ & $0.00718452$ & $0.00320299$ & $-1.63046e-05$ & $0.00433707$ & $0.000533965$ & $-0.00124621$ & $0.00229835$ & $-0.00773421$ & $1$ & $-0.00292298$ & $0.00553376$ & $0.00469874$ & $-0.00639913$ & $0.00479338$ & $0.0105879$ & $-0.0109301$ & $0.0110148$ & $0.00201984$ \\
eHZgaint & $0.0187887$ & $0.00372074$ & $-0.0042704$ & $0.00509152$ & $-0.0018304$ & $0.00221429$ & $0.00379005$ & $0.00760866$ & $0.00696106$ & $-0.0546709$ & $0.00491404$ & $-0.0242423$ & $0.011443$ & $-0.0225242$ & $0.00470911$ & $0.00504354$ & $-0.0274268$ & $-0.026095$ & $-0.0251217$ & $-0.00504374$ & $-0.00554318$ & $-0.00513387$ & $0.0194119$ & $-0.0275741$ & $-0.0253348$ & $-0.0107907$ & $-0.00211772$ & $-0.00707453$ & $0.00895209$ & $0.00493104$ & $-0.00648967$ & $-0.00605822$ & $-0.00357986$ & $0.00103797$ & $-0.00714328$ & $0.00745509$ & $-0.00334035$ & $-0.0108238$ & $-0.00502448$ & $-0.00292298$ & $1$ & $-0.00355835$ & $-0.000338328$ & $0.0041278$ & $0.00653631$ & $0.00212827$ & $-0.0134647$ & $0.0117233$ & $0.000579162$ \\
eHZgapar & $-0.00340426$ & $0.00243256$ & $-0.0100255$ & $-0.0139987$ & $0.0071132$ & $0.00235939$ & $0.00484537$ & $-0.00669497$ & $-0.00500138$ & $0.0024244$ & $0.00662254$ & $0.00382236$ & $-0.00280777$ & $-0.00545249$ & $-0.0128158$ & $0.000188978$ & $0.00324402$ & $0.00801827$ & $0.000523055$ & $-0.00655689$ & $-0.00619364$ & $-0.00419343$ & $-0.00480136$ & $0.00363666$ & $0.0033932$ & $0.0109175$ & $0.00741217$ & $-0.012217$ & $-0.000171193$ & $0.0106395$ & $0.00484608$ & $0.00598998$ & $0.00422525$ & $0.00848232$ & $0.00170537$ & $-0.00342854$ & $-0.00191084$ & $0.00103377$ & $-0.00307693$ & $0.00553376$ & $-0.00355835$ & $1$ & $0.0151456$ & $-0.00185267$ & $0.0199318$ & $-0.00159341$ & $0.00730709$ & $-0.00490628$ & $-9.25184e-06$ \\
eHgagaint & $-0.00514407$ & $-0.0177078$ & $-0.000715834$ & $0.0101688$ & $-0.00375483$ & $-0.00921892$ & $0.00456739$ & $-0.00200813$ & $0.0781141$ & $0.00122632$ & $0.00286062$ & $-0.00289895$ & $-0.00178479$ & $-0.00835572$ & $0.00304022$ & $-0.00452597$ & $0.00352484$ & $-0.00477512$ & $-0.000565082$ & $-0.00390693$ & $-0.00366213$ & $-0.00604434$ & $0.00170928$ & $-0.00233028$ & $-0.00121091$ & $-0.00142699$ & $-0.00844879$ & $0.00037577$ & $-0.00957332$ & $0.00700593$ & $0.00202147$ & $0.0032562$ & $-0.00184369$ & $-0.00417902$ & $0.00549217$ & $0.00254666$ & $-0.000746791$ & $0.00236262$ & $0.00207855$ & $0.00469874$ & $-0.000338328$ & $0.0151456$ & $1$ & $-0.00800984$ & $-0.0076349$ & $0.00805587$ & $-0.0162232$ & $-0.00193634$ & $-0.00460683$ \\
eHmumuint & $0.00715744$ & $0.000472886$ & $0.00583647$ & $0.00189004$ & $0.00116961$ & $-0.00435504$ & $-0.00397372$ & $-0.0128832$ & $-0.0139556$ & $0.0190985$ & $0.00711985$ & $0.00732513$ & $-0.00494513$ & $0.0082662$ & $-0.00177279$ & $-0.00887225$ & $0.00776537$ & $0.00973736$ & $0.012769$ & $-0.00759574$ & $-0.00828431$ & $-0.0106402$ & $0.00471296$ & $0.00709009$ & $0.012788$ & $0.0050771$ & $-0.00200936$ & $-0.00718636$ & $0.00571035$ & $-0.00849596$ & $0.000345366$ & $0.00634189$ & $-0.00435859$ & $-0.0121791$ & $0.0144116$ & $0.000614617$ & $0.00911801$ & $0.0170662$ & $-0.00978171$ & $-0.00639913$ & $0.0041278$ & $-0.00185267$ & $-0.00800984$ & $1$ & $0.00699634$ & $-0.0118934$ & $-0.0178694$ & $0.00856148$ & $0.000602676$ \\
eHtautauint & $-0.0254362$ & $0.0057843$ & $-0.00343052$ & $0.00190438$ & $-0.0037323$ & $-0.00533623$ & $0.00132489$ & $-0.00317825$ & $-0.00434935$ & $0.0171964$ & $-0.00437225$ & $0.0113118$ & $-0.00893875$ & $0.0103788$ & $-0.00308288$ & $0.0112898$ & $0.0188892$ & $0.0160388$ & $0.00622694$ & $0.00477455$ & $0.00454217$ & $0.00421334$ & $-0.0214767$ & $0.0112498$ & $0.0121169$ & $0.0117807$ & $-0.0157902$ & $0.000143921$ & $0.00376142$ & $0.0677304$ & $0.00819469$ & $0.00032542$ & $-0.00454981$ & $0.00410576$ & $0.00294697$ & $-0.00373391$ & $0.00959541$ & $0.00813598$ & $0.00846303$ & $0.00479338$ & $0.00653631$ & $0.0199318$ & $-0.0076349$ & $0.00699634$ & $1$ & $-0.00507586$ & $0.0025749$ & $0.0021868$ & $0.0023757$ \\
eHccint & $0.00645072$ & $0.00351579$ & $-0.00859193$ & $0.00334453$ & $-2.7152e-05$ & $0.00493216$ & $0.00303475$ & $0.0108674$ & $0.0108555$ & $-0.0048368$ & $-0.00959358$ & $0.00245354$ & $-0.0030395$ & $0.00199265$ & $0.00811189$ & $0.0110762$ & $-0.00117626$ & $-0.0066373$ & $-0.00932484$ & $0.00881028$ & $0.00909907$ & $0.00778326$ & $0.00486138$ & $0.0020997$ & $-0.0092591$ & $-0.0066811$ & $0.00131753$ & $0.0154132$ & $0.0010724$ & $0.00189882$ & $0.0717905$ & $0.00453531$ & $-0.00498504$ & $0.00439152$ & $-0.00246434$ & $-0.0103041$ & $-0.000844812$ & $0.000907033$ & $-0.00786579$ & $0.0105879$ & $0.00212827$ & $-0.00159341$ & $0.00805587$ & $-0.0118934$ & $-0.00507586$ & $1$ & $0.0057953$ & $-0.000458605$ & $-0.0123567$ \\
eHccpar & $-0.00808211$ & $-0.00625158$ & $-0.0109884$ & $-0.0074924$ & $0.00403135$ & $-0.00228321$ & $0.00429675$ & $-0.000664023$ & $0.000983236$ & $0.0138929$ & $-0.00366482$ & $0.00271805$ & $0.000366602$ & $0.010625$ & $0.004329$ & $0.0124307$ & $0.00716535$ & $0.00578171$ & $0.00322009$ & $0.00408129$ & $0.0028026$ & $0.0047515$ & $0.00420963$ & $0.0085359$ & $0.00568601$ & $-0.00748225$ & $-0.0129962$ & $-0.00838714$ & $-0.0113746$ & $0.0121455$ & $0.383209$ & $0.0111783$ & $0.0147953$ & $-0.00627944$ & $-0.0203682$ & $-0.00532192$ & $-0.0139978$ & $-0.00331197$ & $-0.00330068$ & $-0.0109301$ & $-0.0134647$ & $0.00730709$ & $-0.0162232$ & $-0.0178694$ & $0.0025749$ & $0.0057953$ & $1$ & $-0.00959251$ & $0.00678752$ \\
eHbbint & $0.00482225$ & $0.00647629$ & $0.00163045$ & $-0.00800159$ & $-0.00617211$ & $0.00277261$ & $0.00352771$ & $-0.0152772$ & $-0.0166305$ & $0.00760258$ & $0.0130602$ & $0.0165643$ & $-0.0219203$ & $0.000892114$ & $-0.00324466$ & $-0.0108435$ & $0.0035101$ & $0.00453556$ & $0.0100071$ & $-0.0126309$ & $-0.0124021$ & $-0.0155206$ & $0.0112592$ & $0.0182354$ & $0.00621941$ & $-0.00411723$ & $-0.00461004$ & $0.00716504$ & $0.000960547$ & $-0.0405465$ & $-0.0246061$ & $-0.0110662$ & $0.139386$ & $-0.0118645$ & $0.00176907$ & $0.0146151$ & $0.00726872$ & $0.0159843$ & $0.0127809$ & $0.0110148$ & $0.0117233$ & $-0.00490628$ & $-0.00193634$ & $0.00856148$ & $0.0021868$ & $-0.000458605$ & $-0.00959251$ & $1$ & $-0.0132134$ \\
eHbbpar & $0.00154911$ & $-0.00179408$ & $0.0276995$ & $0.00302551$ & $-0.00707336$ & $-0.00436643$ & $0.00940928$ & $-0.0136759$ & $-0.0185801$ & $0.0190751$ & $0.00819826$ & $0.042282$ & $-0.060081$ & $0.0123981$ & $-0.0242562$ & $0.00447995$ & $0.00656097$ & $0.0255949$ & $0.00503385$ & $-0.00916552$ & $-0.00815641$ & $-0.00839215$ & $-0.00058754$ & $0.0130795$ & $0.0128142$ & $0.0106669$ & $0.00216898$ & $-0.00908244$ & $-0.00683785$ & $-0.117913$ & $-0.0533045$ & $-0.0470478$ & $0.418346$ & $0.00886839$ & $0.00882446$ & $-4.11285e-05$ & $0.0273058$ & $0.00789305$ & $-0.00670192$ & $0.00201984$ & $0.000579162$ & $-9.25184e-06$ & $-0.00460683$ & $0.000602676$ & $0.0023757$ & $-0.0123567$ & $0.00678752$ & $-0.0132134$ & $1$ \\
