 & AlsMz & dAle5Mz & mtop & mHl & Mz & CW & CHG & CHWB & CHWHB_gaga & CHWHB_gagaorth & CHD & CHbox & CH & CHL1_11 & CHL1_22 & CHL1_33 & CHL3_11 & CHL3_22 & CHL3_33 & CHe_11 & CHe_22 & CHe_33 & CHQ1_11 & CHQ1_33 & CHQ3_11 & CHu_11 & CHd_11 & CHd_33 & CeH_22r & CeH_33r & CuH_22r & CuH_33r & CdH_33r & CLL_1221 & eHggint & eHggpar & eHWWint & eHWWpar & eHZZint & eHZZpar & eHZgaint & eHZgapar & eHgagaint & eHmumuint & eHtautauint & eHccint & eHccpar & eHbbint & eHbbpar \\
AlsMz & $1$ & $0.0312118$ & $0.0687564$ & $0.13011$ & $0.0108133$ & $0.0192144$ & $-0.013202$ & $-0.0288049$ & $-0.0339023$ & $-0.0639773$ & $0.0079751$ & $-0.0834488$ & $0.0266418$ & $0.0335572$ & $0.0125721$ & $0.00332974$ & $0.0113006$ & $0.0220975$ & $0.0261234$ & $-0.0109224$ & $-0.0170235$ & $-0.0203797$ & $-0.0194465$ & $-0.000584073$ & $-0.0521592$ & $-0.00170818$ & $-0.0546968$ & $-0.0263915$ & $-0.016294$ & $-0.0222051$ & $0.0205742$ & $-0.0195672$ & $0.0351518$ & $-0.0493437$ & $-0.180307$ & $0.127856$ & $0.185333$ & $0.0146165$ & $-0.000792219$ & $0.0389515$ & $0.145313$ & $-0.0765357$ & $-0.0895605$ & $0.0307905$ & $-0.107119$ & $-0.163875$ & $0.0978158$ & $0.0838907$ & $0.114788$ \\
dAle5Mz & $0.0312118$ & $1$ & $-0.115842$ & $-0.234225$ & $0.0275134$ & $0.0522469$ & $-0.063399$ & $-0.0975011$ & $-0.104101$ & $0.0253089$ & $0.0603507$ & $-0.0930837$ & $0.0732895$ & $0.0231741$ & $0.0202092$ & $-0.0325623$ & $0.0399444$ & $0.0321776$ & $0.0636274$ & $-0.0463427$ & $-0.0525595$ & $-0.0555575$ & $-0.0287202$ & $0.0475048$ & $0.0418991$ & $0.0473584$ & $-0.0776009$ & $-0.039133$ & $-0.0404184$ & $0.0500154$ & $-0.0841208$ & $-0.0386959$ & $0.0909603$ & $-0.0773758$ & $0.174794$ & $-0.138281$ & $0.16065$ & $0.0372438$ & $0.121018$ & $0.0747937$ & $0.0847018$ & $0.00740701$ & $0.0266817$ & $0.0696215$ & $-0.00460061$ & $-0.2025$ & $-0.353175$ & $0.26221$ & $0.135804$ \\
mtop & $0.0687564$ & $-0.115842$ & $1$ & $0.0234821$ & $0.00619914$ & $-0.0215019$ & $0.0407914$ & $0.0603895$ & $0.0629455$ & $-0.025681$ & $-0.0473129$ & $0.0365227$ & $-0.0498802$ & $0.0156611$ & $-0.0364348$ & $0.050478$ & $-0.00691716$ & $0.0175775$ & $-0.0410423$ & $0.0465666$ & $0.0526806$ & $0.0538723$ & $0.00683477$ & $-0.0253154$ & $0.00146331$ & $-0.0304646$ & $0.0778318$ & $0.0302969$ & $-0.0236613$ & $-0.0631382$ & $-0.0448155$ & $0.0322097$ & $-0.0298468$ & $0.0897211$ & $0.137102$ & $-0.00633902$ & $-0.0322925$ & $-0.0562894$ & $0.0210434$ & $-0.0675365$ & $0.0679982$ & $-0.0401507$ & $0.160731$ & $0.0760922$ & $0.0766637$ & $-0.164119$ & $0.166268$ & $0.102595$ & $0.0819146$ \\
mHl & $0.13011$ & $-0.234225$ & $0.0234821$ & $1$ & $0.000488947$ & $0.00858226$ & $-0.00808772$ & $-0.0111389$ & $-0.01528$ & $0.00895419$ & $0.0167726$ & $0.000674207$ & $0.0176736$ & $-0.0374157$ & $0.00413771$ & $0.0133964$ & $0.00104934$ & $-0.0136088$ & $-0.0196916$ & $-0.0173249$ & $-0.0205879$ & $-0.0246943$ & $-0.0181037$ & $0.0193692$ & $-0.0356116$ & $0.0024354$ & $-0.042623$ & $0.0216289$ & $0.0411361$ & $0.00815419$ & $0.00346133$ & $-0.00994406$ & $0.0264399$ & $-0.0149066$ & $-0.0938205$ & $0.0973452$ & $0.0307822$ & $-0.0446159$ & $0.0328325$ & $-0.0118224$ & $-0.0142457$ & $-0.0355226$ & $-0.175963$ & $0.262584$ & $-0.00166472$ & $-0.0180223$ & $0.0661318$ & $-0.0451517$ & $0.057063$ \\
Mz & $0.0108133$ & $0.0275134$ & $0.00619914$ & $0.000488947$ & $1$ & $-0.0252206$ & $0.0330814$ & $-0.0377681$ & $-0.036446$ & $0.0253468$ & $0.0268758$ & $0.0343833$ & $-0.0311191$ & $0.00265194$ & $-0.0109488$ & $-0.0152542$ & $0.042002$ & $0.034642$ & $0.0377889$ & $-0.0203956$ & $-0.0182014$ & $-0.0191117$ & $-0.0294801$ & $0.0399627$ & $0.046945$ & $0.0361774$ & $0.00434387$ & $0.0169959$ & $-0.0098895$ & $-0.012082$ & $0.0298156$ & $0.0280016$ & $-0.00662807$ & $-0.0173572$ & $-0.0201996$ & $-0.00826444$ & $-0.0375589$ & $0.00481161$ & $0.0814704$ & $0.00667419$ & $-0.0218518$ & $-0.0167589$ & $-0.0153176$ & $-0.00468358$ & $-0.0265012$ & $0.0279168$ & $0.0486439$ & $-0.00668274$ & $0.0548454$ \\
CW & $0.0192144$ & $0.0522469$ & $-0.0215019$ & $0.00858226$ & $-0.0252206$ & $1$ & $-0.00330751$ & $-0.0187965$ & $-0.018789$ & $0.00290194$ & $0.145668$ & $0.0331541$ & $-0.0206093$ & $-0.0614308$ & $-0.101029$ & $-0.0862899$ & $-0.398362$ & $-0.197347$ & $-0.20834$ & $-0.145401$ & $-0.143163$ & $-0.14778$ & $0.0510721$ & $-0.161879$ & $-0.255861$ & $0.0826175$ & $-0.0481828$ & $-0.0622581$ & $-0.0188961$ & $-0.00663527$ & $-0.0744858$ & $-0.0116102$ & $-0.0409624$ & $-0.0545659$ & $-0.0205809$ & $-0.0190986$ & $0.0598383$ & $0.0248679$ & $0.0121352$ & $0.0358504$ & $0.00528403$ & $0.0232381$ & $0.0175724$ & $0.0339265$ & $0.0186105$ & $-0.0524935$ & $-0.0582604$ & $0.00688126$ & $-0.00601343$ \\
CHG & $-0.013202$ & $-0.063399$ & $0.0407914$ & $-0.00808772$ & $0.0330814$ & $-0.00330751$ & $1$ & $-0.0118735$ & $0.00846352$ & $0.176459$ & $0.0684097$ & $0.63645$ & $-0.778303$ & $-0.120397$ & $-0.076537$ & $-0.0559272$ & $-0.098214$ & $-0.0700091$ & $-0.0815309$ & $-0.0699336$ & $-0.0614455$ & $-0.0611263$ & $0.0419598$ & $-0.0938345$ & $-0.0715056$ & $0.0285465$ & $0.0383927$ & $-0.0178472$ & $-0.0977864$ & $-0.561747$ & $-0.309609$ & $0.951645$ & $-0.578936$ & $0.0543882$ & $-0.181541$ & $0.0122833$ & $-0.0904992$ & $-0.0272517$ & $0.0441992$ & $-0.063157$ & $-0.102474$ & $0.0335863$ & $-0.0131934$ & $0.0520654$ & $-0.0306341$ & $0.0345523$ & $0.0185836$ & $0.0070699$ & $0.02989$ \\
CHWB & $-0.0288049$ & $-0.0975011$ & $0.0603895$ & $-0.0111389$ & $-0.0377681$ & $-0.0187965$ & $-0.0118735$ & $1$ & $0.990057$ & $-0.537214$ & $-0.87742$ & $-0.143613$ & $0.0182624$ & $0.294101$ & $0.415214$ & $0.463456$ & $-0.202336$ & $-0.362975$ & $-0.39507$ & $0.861388$ & $0.890645$ & $0.882906$ & $0.0324684$ & $-0.625824$ & $-0.341113$ & $-0.62194$ & $0.444892$ & $0.400204$ & $0.00835513$ & $0.037884$ & $0.0280057$ & $-0.0350988$ & $0.00406854$ & $0.562066$ & $-0.0332429$ & $-0.057494$ & $-0.0386016$ & $0.0123541$ & $0.0298347$ & $-0.0219885$ & $-0.0513617$ & $0.000710979$ & $-0.037563$ & $-0.0121068$ & $-0.0467659$ & $0.0157739$ & $0.00780079$ & $-0.0615377$ & $-0.0191109$ \\
CHWHB_gaga & $-0.0339023$ & $-0.104101$ & $0.0629455$ & $-0.01528$ & $-0.036446$ & $-0.018789$ & $0.00846352$ & $0.990057$ & $1$ & $-0.528423$ & $-0.86748$ & $-0.140198$ & $0.02632$ & $0.288994$ & $0.410585$ & $0.457289$ & $-0.20307$ & $-0.361454$ & $-0.391895$ & $0.852035$ & $0.880561$ & $0.87348$ & $0.0332761$ & $-0.619544$ & $-0.337478$ & $-0.614972$ & $0.443772$ & $0.3964$ & $0.0159289$ & $0.0561279$ & $0.0413715$ & $-0.0169376$ & $0.0222498$ & $0.5558$ & $-0.0420626$ & $-0.0637143$ & $-0.0489333$ & $0.00937977$ & $0.022619$ & $-0.0285254$ & $-0.0530916$ & $-0.000805331$ & $0.0100973$ & $-0.0152187$ & $-0.0450663$ & $0.0194734$ & $0.0159295$ & $-0.0489016$ & $-0.0297074$ \\
CHWHB_gagaorth & $-0.0639773$ & $0.0253089$ & $-0.025681$ & $0.00895419$ & $0.0253468$ & $0.00290194$ & $0.176459$ & $-0.537214$ & $-0.528423$ & $1$ & $0.462975$ & $0.449046$ & $-0.23051$ & $-0.13925$ & $-0.233965$ & $-0.271648$ & $0.128365$ & $0.218578$ & $0.241343$ & $-0.457339$ & $-0.468492$ & $-0.466134$ & $-0.0234881$ & $0.350048$ & $0.22209$ & $0.337942$ & $-0.207056$ & $-0.177573$ & $-0.0476067$ & $-0.210457$ & $-0.128418$ & $0.199203$ & $-0.204735$ & $-0.293009$ & $0.00672805$ & $0.0369936$ & $-0.0255663$ & $-0.00747057$ & $-0.0117504$ & $0.0272877$ & $-0.0763326$ & $0.0168797$ & $0.0530361$ & $0.0107943$ & $0.0187238$ & $-0.0129837$ & $0.0362034$ & $0.0219609$ & $0.0283107$ \\
CHD & $0.0079751$ & $0.0603507$ & $-0.0473129$ & $0.0167726$ & $0.0268758$ & $0.145668$ & $0.0684097$ & $-0.87742$ & $-0.86748$ & $0.462975$ & $1$ & $0.241767$ & $-0.093704$ & $-0.677176$ & $-0.535667$ & $-0.567553$ & $-0.265184$ & $-0.0530959$ & $-0.0244138$ & $-0.995155$ & $-0.995187$ & $-0.983496$ & $0.0515708$ & $0.221525$ & $-0.0885878$ & $0.68242$ & $-0.319226$ & $-0.445969$ & $-0.0380742$ & $-0.0865726$ & $-0.0558903$ & $0.0933772$ & $-0.0709635$ & $-0.364544$ & $0.0152645$ & $0.0783141$ & $0.0252533$ & $-0.017048$ & $-0.0291389$ & $0.00657925$ & $0.0518125$ & $-0.0150461$ & $0.0382786$ & $0.0362173$ & $0.0499586$ & $-0.0179518$ & $0.00388887$ & $0.0715653$ & $0.0282772$ \\
CHbox & $-0.0834488$ & $-0.0930837$ & $0.0365227$ & $0.000674207$ & $0.0343833$ & $0.0331541$ & $0.63645$ & $-0.143613$ & $-0.140198$ & $0.449046$ & $0.241767$ & $1$ & $-0.803746$ & $-0.266196$ & $-0.143023$ & $-0.150038$ & $-0.187961$ & $-0.133687$ & $-0.126721$ & $-0.239879$ & $-0.234728$ & $-0.234805$ & $0.0480652$ & $-0.0912215$ & $-0.125601$ & $0.155061$ & $-0.0203396$ & $-0.0918321$ & $-0.115933$ & $-0.505827$ & $-0.271329$ & $0.611246$ & $-0.519642$ & $-0.0193733$ & $-0.165209$ & $0.0589188$ & $-0.159336$ & $-0.0256654$ & $0.0474575$ & $-0.0480258$ & $-0.175398$ & $0.0317696$ & $0.00670047$ & $0.0578322$ & $-0.00949152$ & $0.0285743$ & $0.113018$ & $-0.023153$ & $0.0121526$ \\
CH & $0.0266418$ & $0.0732895$ & $-0.0498802$ & $0.0176736$ & $-0.0311191$ & $-0.0206093$ & $-0.778303$ & $0.0182624$ & $0.02632$ & $-0.23051$ & $-0.093704$ & $-0.803746$ & $1$ & $0.153896$ & $0.0715787$ & $0.063513$ & $0.140802$ & $0.112497$ & $0.115395$ & $0.0951443$ & $0.087491$ & $0.0863098$ & $-0.0326128$ & $0.114383$ & $0.11828$ & $-0.0475687$ & $-0.0102778$ & $0.0294439$ & $0.160362$ & $0.705988$ & $0.384185$ & $-0.694868$ & $0.728559$ & $-0.0387572$ & $0.21501$ & $-0.0400843$ & $0.117375$ & $0.0148565$ & $-0.0680161$ & $0.0418215$ & $0.148415$ & $-0.0316878$ & $0.0305722$ & $-0.0512308$ & $0.0255979$ & $-0.016228$ & $-0.0958915$ & $0.00941477$ & $-0.0254737$ \\
CHL1_11 & $0.0335572$ & $0.0231741$ & $0.0156611$ & $-0.0374157$ & $0.00265194$ & $-0.0614308$ & $-0.120397$ & $0.294101$ & $0.288994$ & $-0.13925$ & $-0.677176$ & $-0.266196$ & $0.153896$ & $1$ & $0.402516$ & $0.401976$ & $0.641375$ & $0.597227$ & $0.581054$ & $0.687199$ & $0.651044$ & $0.636787$ & $-0.152403$ & $0.415277$ & $0.595396$ & $-0.425197$ & $-0.0245923$ & $0.285009$ & $0.0539753$ & $0.118814$ & $0.0583397$ & $-0.138086$ & $0.119262$ & $-0.124698$ & $0.00746274$ & $-0.0504599$ & $0.0147695$ & $0.00730777$ & $0.00957066$ & $0.0302777$ & $-0.0301096$ & $0.0236072$ & $-0.014656$ & $-0.0606044$ & $-0.0207473$ & $0.000328894$ & $-0.0061976$ & $-0.0482298$ & $-0.0340695$ \\
CHL1_22 & $0.0125721$ & $0.0202092$ & $-0.0364348$ & $0.00413771$ & $-0.0109488$ & $-0.101029$ & $-0.076537$ & $0.415214$ & $0.410585$ & $-0.233965$ & $-0.535667$ & $-0.143023$ & $0.0715787$ & $0.402516$ & $1$ & $0.502976$ & $0.196542$ & $-0.300638$ & $0.0304341$ & $0.578276$ & $0.478494$ & $0.467392$ & $-0.194254$ & $0.0616416$ & $-0.0407443$ & $-0.327182$ & $-0.300855$ & $0.202927$ & $0.0151872$ & $0.071607$ & $0.0740433$ & $-0.0871154$ & $0.069042$ & $-0.482034$ & $-0.0478903$ & $-0.060948$ & $-0.0151926$ & $0.0354651$ & $0.0153299$ & $-0.00388478$ & $-0.0432802$ & $0.000380907$ & $-0.0520991$ & $-0.0518112$ & $0.00205307$ & $0.0309225$ & $-0.00935503$ & $-0.0234654$ & $-0.00677375$ \\
CHL1_33 & $0.00332974$ & $-0.0325623$ & $0.050478$ & $0.0133964$ & $-0.0152542$ & $-0.0862899$ & $-0.0559272$ & $0.463456$ & $0.457289$ & $-0.271648$ & $-0.567553$ & $-0.150038$ & $0.063513$ & $0.401976$ & $0.502976$ & $1$ & $0.168732$ & $0.0167497$ & $-0.311345$ & $0.607433$ & $0.514519$ & $0.519208$ & $-0.154474$ & $0.0298595$ & $-0.0509439$ & $-0.364216$ & $-0.229972$ & $0.243663$ & $0.032602$ & $0.0511617$ & $0.0546394$ & $-0.0718636$ & $0.0484216$ & $0.0256729$ & $-0.0524866$ & $-0.103834$ & $0.0027417$ & $0.0401122$ & $0.04998$ & $-0.0345178$ & $-0.00812813$ & $-0.00918138$ & $-0.0545448$ & $-0.029604$ & $-0.00116201$ & $0.0220675$ & $0.0247626$ & $-0.0631214$ & $0.034703$ \\
CHL3_11 & $0.0113006$ & $0.0399444$ & $-0.00691716$ & $0.00104934$ & $0.042002$ & $-0.398362$ & $-0.098214$ & $-0.202336$ & $-0.20307$ & $0.128365$ & $-0.265184$ & $-0.187961$ & $0.140802$ & $0.641375$ & $0.196542$ & $0.168732$ & $1$ & $0.814206$ & $0.821354$ & $0.276972$ & $0.242026$ & $0.236942$ & $-0.126708$ & $0.746406$ & $0.864068$ & $-0.14627$ & $-0.129696$ & $0.108555$ & $0.0608068$ & $0.0866516$ & $0.057964$ & $-0.102547$ & $0.130446$ & $-0.242676$ & $0.0466977$ & $-0.0445595$ & $0.00958279$ & $0.00349903$ & $0.000990487$ & $0.0196521$ & $-0.00149717$ & $0.0344834$ & $-0.00153494$ & $-0.042614$ & $-0.0208008$ & $0.0121911$ & $-0.0223366$ & $-0.0260167$ & $-0.0178325$ \\
CHL3_22 & $0.0220975$ & $0.0321776$ & $0.0175775$ & $-0.0136088$ & $0.034642$ & $-0.197347$ & $-0.0700091$ & $-0.362975$ & $-0.361454$ & $0.218578$ & $-0.0530959$ & $-0.133687$ & $0.112497$ & $0.597227$ & $-0.300638$ & $0.0167497$ & $0.814206$ & $1$ & $0.770809$ & $0.0516921$ & $0.0508014$ & $0.0495924$ & $-0.0562456$ & $0.717319$ & $0.861308$ & $-0.0144775$ & $-0.0304736$ & $0.0275562$ & $0.0539433$ & $0.0601443$ & $0.0183311$ & $-0.071467$ & $0.0929002$ & $-0.0328685$ & $0.0589038$ & $-0.0176193$ & $0.0282681$ & $-0.00926792$ & $-0.00509539$ & $0.0264994$ & $0.0179175$ & $0.0287714$ & $0.025642$ & $-0.0219877$ & $-0.0107977$ & $-0.00767477$ & $-0.00781893$ & $-0.0225796$ & $-0.0171582$ \\
CHL3_33 & $0.0261234$ & $0.0636274$ & $-0.0410423$ & $-0.0196916$ & $0.0377889$ & $-0.20834$ & $-0.0815309$ & $-0.39507$ & $-0.391895$ & $0.241343$ & $-0.0244138$ & $-0.126721$ & $0.115395$ & $0.581054$ & $0.0304341$ & $-0.311345$ & $0.821354$ & $0.770809$ & $1$ & $0.0242372$ & $0.0209$ & $0.0204558$ & $-0.0775087$ & $0.728788$ & $0.858688$ & $0.0135554$ & $-0.0697376$ & $-0.00432572$ & $0.0418567$ & $0.071206$ & $0.0272533$ & $-0.08024$ & $0.10463$ & $-0.37247$ & $0.0599581$ & $0.0159219$ & $0.0139521$ & $-0.0147174$ & $-0.0282665$ & $0.0472821$ & $-0.00941411$ & $0.0329524$ & $0.0283753$ & $-0.036078$ & $-0.0112761$ & $-0.00405203$ & $-0.03069$ & $0.00794679$ & $-0.044417$ \\
CHe_11 & $-0.0109224$ & $-0.0463427$ & $0.0465666$ & $-0.0173249$ & $-0.0203956$ & $-0.145401$ & $-0.0699336$ & $0.861388$ & $0.852035$ & $-0.457339$ & $-0.995155$ & $-0.239879$ & $0.0951443$ & $0.687199$ & $0.578276$ & $0.607433$ & $0.276972$ & $0.0516921$ & $0.0242372$ & $1$ & $0.985526$ & $0.97375$ & $-0.068746$ & $-0.189056$ & $0.0931735$ & $-0.676066$ & $0.267716$ & $0.440708$ & $0.0388848$ & $0.086796$ & $0.0579021$ & $-0.0941446$ & $0.0732837$ & $0.310677$ & $-0.013418$ & $-0.0868848$ & $-0.0239532$ & $0.0215448$ & $0.0321803$ & $-0.00831211$ & $-0.0528971$ & $0.0133041$ & $-0.0365741$ & $-0.0360477$ & $-0.0442899$ & $0.0197555$ & $-0.00623545$ & $-0.0687325$ & $-0.0246002$ \\
CHe_22 & $-0.0170235$ & $-0.0525595$ & $0.0526806$ & $-0.0205879$ & $-0.0182014$ & $-0.143163$ & $-0.0614455$ & $0.890645$ & $0.880561$ & $-0.468492$ & $-0.995187$ & $-0.234728$ & $0.087491$ & $0.651044$ & $0.478494$ & $0.514519$ & $0.242026$ & $0.0508014$ & $0.0209$ & $0.985526$ & $1$ & $0.987112$ & $-0.0301273$ & $-0.261877$ & $0.0789735$ & $-0.684589$ & $0.378857$ & $0.447991$ & $0.0363715$ & $0.0826009$ & $0.0489859$ & $-0.0861603$ & $0.0659646$ & $0.428331$ & $-0.00632724$ & $-0.0750034$ & $-0.0271689$ & $0.0139429$ & $0.0308954$ & $-0.00503887$ & $-0.051957$ & $0.0157985$ & $-0.0347025$ & $-0.0307478$ & $-0.0513154$ & $0.01397$ & $-0.00852803$ & $-0.0673066$ & $-0.0282204$ \\
CHe_33 & $-0.0203797$ & $-0.0555575$ & $0.0538723$ & $-0.0246943$ & $-0.0191117$ & $-0.14778$ & $-0.0611263$ & $0.882906$ & $0.87348$ & $-0.466134$ & $-0.983496$ & $-0.234805$ & $0.0863098$ & $0.636787$ & $0.467392$ & $0.519208$ & $0.236942$ & $0.0495924$ & $0.0204558$ & $0.97375$ & $0.987112$ & $1$ & $-0.0211131$ & $-0.263207$ & $0.0785146$ & $-0.68004$ & $0.385307$ & $0.437007$ & $0.035715$ & $0.0812593$ & $0.0486647$ & $-0.0868486$ & $0.0659304$ & $0.433837$ & $-0.00733718$ & $-0.0805146$ & $-0.0329368$ & $0.0154941$ & $0.0280724$ & $-0.00314763$ & $-0.0507367$ & $0.0185492$ & $-0.0295117$ & $-0.0295856$ & $-0.0485001$ & $0.0107526$ & $-0.00685288$ & $-0.067063$ & $-0.0305935$ \\
CHQ1_11 & $-0.0194465$ & $-0.0287202$ & $0.00683477$ & $-0.0181037$ & $-0.0294801$ & $0.0510721$ & $0.0419598$ & $0.0324684$ & $0.0332761$ & $-0.0234881$ & $0.0515708$ & $0.0480652$ & $-0.0326128$ & $-0.152403$ & $-0.194254$ & $-0.154474$ & $-0.126708$ & $-0.0562456$ & $-0.0775087$ & $-0.068746$ & $-0.0301273$ & $-0.0211131$ & $1$ & $-0.154927$ & $0.00986392$ & $-0.561368$ & $0.355799$ & $-0.00550857$ & $0.00730855$ & $-0.0125721$ & $-0.0420888$ & $0.0377625$ & $-0.0408478$ & $0.206817$ & $0.0397088$ & $-0.00386472$ & $-0.0067272$ & $0.0113286$ & $0.0255655$ & $-0.0318396$ & $-0.000719705$ & $0.0106564$ & $0.0381066$ & $0.00861156$ & $0.0427636$ & $-0.00277818$ & $-0.0442986$ & $-0.0509865$ & $-0.0128146$ \\
CHQ1_33 & $-0.000584073$ & $0.0475048$ & $-0.0253154$ & $0.0193692$ & $0.0399627$ & $-0.161879$ & $-0.0938345$ & $-0.625824$ & $-0.619544$ & $0.350048$ & $0.221525$ & $-0.0912215$ & $0.114383$ & $0.415277$ & $0.0616416$ & $0.0298595$ & $0.746406$ & $0.717319$ & $0.728788$ & $-0.189056$ & $-0.261877$ & $-0.263207$ & $-0.154927$ & $1$ & $0.737983$ & $0.195247$ & $-0.410013$ & $-0.0394244$ & $0.0452585$ & $0.0618768$ & $0.0367365$ & $-0.0883706$ & $0.0917784$ & $-0.605268$ & $0.0489504$ & $-0.0116653$ & $0.034872$ & $-0.00248002$ & $-0.012677$ & $0.00732401$ & $0.0122291$ & $0.0178721$ & $0.026952$ & $-0.0443206$ & $0.0323387$ & $0.00888135$ & $0.00377833$ & $-0.00385157$ & $-0.0173915$ \\
CHQ3_11 & $-0.0521592$ & $0.0418991$ & $0.00146331$ & $-0.0356116$ & $0.046945$ & $-0.255861$ & $-0.0715056$ & $-0.341113$ & $-0.337478$ & $0.22209$ & $-0.0885878$ & $-0.125601$ & $0.11828$ & $0.595396$ & $-0.0407443$ & $-0.0509439$ & $0.864068$ & $0.861308$ & $0.858688$ & $0.0931735$ & $0.0789735$ & $0.0785146$ & $0.00986392$ & $0.737983$ & $1$ & $-0.0391942$ & $0.125527$ & $0.0388333$ & $0.054602$ & $0.0586582$ & $0.0259361$ & $-0.0756708$ & $0.0898226$ & $-0.225453$ & $0.089752$ & $-0.0147696$ & $0.0192023$ & $-0.00669366$ & $-0.00164977$ & $0.0309727$ & $-0.00542694$ & $0.0207418$ & $0.047043$ & $-0.0460652$ & $-0.0173805$ & $0.013706$ & $-0.0228813$ & $-0.000974724$ & $-0.0389071$ \\
CHu_11 & $-0.00170818$ & $0.0473584$ & $-0.0304646$ & $0.0024354$ & $0.0361774$ & $0.0826175$ & $0.0285465$ & $-0.62194$ & $-0.614972$ & $0.337942$ & $0.68242$ & $0.155061$ & $-0.0475687$ & $-0.425197$ & $-0.327182$ & $-0.364216$ & $-0.14627$ & $-0.0144775$ & $0.0135554$ & $-0.676066$ & $-0.684589$ & $-0.68004$ & $-0.561368$ & $0.195247$ & $-0.0391942$ & $1$ & $-0.254828$ & $-0.309793$ & $-0.045007$ & $-0.0588219$ & $-0.0173216$ & $0.050953$ & $-0.0379524$ & $-0.306711$ & $0.00945408$ & $0.067822$ & $0.00819959$ & $-0.0227585$ & $-0.056246$ & $0.0182835$ & $0.0239106$ & $-0.0155119$ & $0.0293636$ & $0.012974$ & $0.0134317$ & $0.000733816$ & $0.0396145$ & $0.0968339$ & $0.00989841$ \\
CHd_11 & $-0.0546968$ & $-0.0776009$ & $0.0778318$ & $-0.042623$ & $0.00434387$ & $-0.0481828$ & $0.0383927$ & $0.444892$ & $0.443772$ & $-0.207056$ & $-0.319226$ & $-0.0203396$ & $-0.0102778$ & $-0.0245923$ & $-0.300855$ & $-0.229972$ & $-0.129696$ & $-0.0304736$ & $-0.0697376$ & $0.267716$ & $0.378857$ & $0.385307$ & $0.355799$ & $-0.410013$ & $0.125527$ & $-0.254828$ & $1$ & $0.167305$ & $0.000834126$ & $-0.0220094$ & $-0.0312887$ & $0.0243499$ & $-0.0447826$ & $0.702708$ & $0.0765224$ & $0.0225017$ & $-0.0106854$ & $-0.0252043$ & $0.00826923$ & $-0.00810847$ & $-0.0238434$ & $-0.00985566$ & $0.0600118$ & $-0.00248699$ & $-0.0597502$ & $-0.00121778$ & $-0.00125332$ & $0.00411019$ & $-0.0470348$ \\
CHd_33 & $-0.0263915$ & $-0.039133$ & $0.0302969$ & $0.0216289$ & $0.0169959$ & $-0.0622581$ & $-0.0178472$ & $0.400204$ & $0.3964$ & $-0.177573$ & $-0.445969$ & $-0.0918321$ & $0.0294439$ & $0.285009$ & $0.202927$ & $0.243663$ & $0.108555$ & $0.0275562$ & $-0.00432572$ & $0.440708$ & $0.447991$ & $0.437007$ & $-0.00550857$ & $-0.0394244$ & $0.0388333$ & $-0.309793$ & $0.167305$ & $1$ & $0.0114414$ & $0.0149251$ & $0.0136923$ & $-0.0299651$ & $-0.00561769$ & $0.2037$ & $0.00821116$ & $-0.0425606$ & $0.0118267$ & $0.0238228$ & $0.0629333$ & $-0.0126197$ & $-0.052682$ & $0.0067007$ & $0.00962444$ & $0.00686185$ & $-0.057681$ & $-0.00123949$ & $-0.00609391$ & $-0.0268375$ & $-0.0343046$ \\
CeH_22r & $-0.016294$ & $-0.0404184$ & $-0.0236613$ & $0.0411361$ & $-0.0098895$ & $-0.0188961$ & $-0.0977864$ & $0.00835513$ & $0.0159289$ & $-0.0476067$ & $-0.0380742$ & $-0.115933$ & $0.160362$ & $0.0539753$ & $0.0151872$ & $0.032602$ & $0.0608068$ & $0.0539433$ & $0.0418567$ & $0.0388848$ & $0.0363715$ & $0.035715$ & $0.00730855$ & $0.0452585$ & $0.054602$ & $-0.045007$ & $0.000834126$ & $0.0114414$ & $1$ & $0.147463$ & $0.0680905$ & $-0.100789$ & $0.148178$ & $-0.00235326$ & $-0.0221552$ & $-0.0534488$ & $-0.0214796$ & $0.00225942$ & $-0.00608396$ & $0.0144452$ & $0.028005$ & $0.0247888$ & $-0.00562488$ & $-0.00985432$ & $-0.0390398$ & $-0.00620636$ & $-0.0235358$ & $-0.024267$ & $0.00383077$ \\
CeH_33r & $-0.0222051$ & $0.0500154$ & $-0.0631382$ & $0.00815419$ & $-0.012082$ & $-0.00663527$ & $-0.561747$ & $0.037884$ & $0.0561279$ & $-0.210457$ & $-0.0865726$ & $-0.505827$ & $0.705988$ & $0.118814$ & $0.071607$ & $0.0511617$ & $0.0866516$ & $0.0601443$ & $0.071206$ & $0.086796$ & $0.0826009$ & $0.0812593$ & $-0.0125721$ & $0.0618768$ & $0.0586582$ & $-0.0588219$ & $-0.0220094$ & $0.0149251$ & $0.147463$ & $1$ & $0.475456$ & $-0.419331$ & $0.821692$ & $-0.0272015$ & $0.0736974$ & $-0.0106214$ & $-0.0346975$ & $-0.0131458$ & $-0.0545237$ & $0.0132324$ & $0.067909$ & $-0.0321397$ & $-0.00695031$ & $-0.0642847$ & $0.0433096$ & $0.0359678$ & $-0.0314844$ & $0.00748043$ & $-0.0343919$ \\
CuH_22r & $0.0205742$ & $-0.0841208$ & $-0.0448155$ & $0.00346133$ & $0.0298156$ & $-0.0744858$ & $-0.309609$ & $0.0280057$ & $0.0413715$ & $-0.128418$ & $-0.0558903$ & $-0.271329$ & $0.384185$ & $0.0583397$ & $0.0740433$ & $0.0546394$ & $0.057964$ & $0.0183311$ & $0.0272533$ & $0.0579021$ & $0.0489859$ & $0.0486647$ & $-0.0420888$ & $0.0367365$ & $0.0259361$ & $-0.0173216$ & $-0.0312887$ & $0.0136923$ & $0.0680905$ & $0.475456$ & $1$ & $-0.210281$ & $0.500022$ & $-0.0345713$ & $-0.052589$ & $0.0636896$ & $-0.0673108$ & $-0.0174953$ & $-0.0377771$ & $0.00448444$ & $-0.0131593$ & $-0.0301849$ & $-0.00383086$ & $-0.14217$ & $-0.0128755$ & $0.159912$ & $0.303043$ & $-0.0248803$ & $-0.0501961$ \\
CuH_33r & $-0.0195672$ & $-0.0386959$ & $0.0322097$ & $-0.00994406$ & $0.0280016$ & $-0.0116102$ & $0.951645$ & $-0.0350988$ & $-0.0169376$ & $0.199203$ & $0.0933772$ & $0.611246$ & $-0.694868$ & $-0.138086$ & $-0.0871154$ & $-0.0718636$ & $-0.102547$ & $-0.071467$ & $-0.08024$ & $-0.0941446$ & $-0.0861603$ & $-0.0868486$ & $0.0377625$ & $-0.0883706$ & $-0.0756708$ & $0.050953$ & $0.0243499$ & $-0.0299651$ & $-0.100789$ & $-0.419331$ & $-0.210281$ & $1$ & $-0.415681$ & $0.0429802$ & $-0.120997$ & $0.0205982$ & $-0.107452$ & $-0.0437575$ & $0.0351971$ & $-0.069929$ & $-0.105541$ & $0.0270522$ & $-0.00745969$ & $0.0314089$ & $-0.0236417$ & $0.0365272$ & $0.00703213$ & $0.0201754$ & $0.0198323$ \\
CdH_33r & $0.0351518$ & $0.0909603$ & $-0.0298468$ & $0.0264399$ & $-0.00662807$ & $-0.0409624$ & $-0.578936$ & $0.00406854$ & $0.0222498$ & $-0.204735$ & $-0.0709635$ & $-0.519642$ & $0.728559$ & $0.119262$ & $0.069042$ & $0.0484216$ & $0.130446$ & $0.0929002$ & $0.10463$ & $0.0732837$ & $0.0659646$ & $0.0659304$ & $-0.0408478$ & $0.0917784$ & $0.0898226$ & $-0.0379524$ & $-0.0447826$ & $-0.00561769$ & $0.148178$ & $0.821692$ & $0.500022$ & $-0.415681$ & $1$ & $-0.0453719$ & $0.0494858$ & $-0.0119637$ & $-0.0183606$ & $-0.00356205$ & $-0.0495328$ & $0.0262955$ & $0.0809987$ & $-0.0258329$ & $-0.0261649$ & $-0.0436958$ & $-0.0148548$ & $0.0193767$ & $-0.0519656$ & $0.116562$ & $0.245805$ \\
CLL_1221 & $-0.0493437$ & $-0.0773758$ & $0.0897211$ & $-0.0149066$ & $-0.0173572$ & $-0.0545659$ & $0.0543882$ & $0.562066$ & $0.5558$ & $-0.293009$ & $-0.364544$ & $-0.0193733$ & $-0.0387572$ & $-0.124698$ & $-0.482034$ & $0.0256729$ & $-0.242676$ & $-0.0328685$ & $-0.37247$ & $0.310677$ & $0.428331$ & $0.433837$ & $0.206817$ & $-0.605268$ & $-0.225453$ & $-0.306711$ & $0.702708$ & $0.2037$ & $-0.00235326$ & $-0.0272015$ & $-0.0345713$ & $0.0429802$ & $-0.0453719$ & $1$ & $0.0253113$ & $-0.0174062$ & $-0.0218071$ & $-0.0175949$ & $0.0233687$ & $-0.0219481$ & $-0.00197371$ & $0.00574194$ & $0.00786329$ & $0.0379548$ & $-0.0543984$ & $-0.0145445$ & $-0.00207223$ & $-0.0329726$ & $-0.00320289$ \\
eHggint & $-0.180307$ & $0.174794$ & $0.137102$ & $-0.0938205$ & $-0.0201996$ & $-0.0205809$ & $-0.181541$ & $-0.0332429$ & $-0.0420626$ & $0.00672805$ & $0.0152645$ & $-0.165209$ & $0.21501$ & $0.00746274$ & $-0.0478903$ & $-0.0524866$ & $0.0466977$ & $0.0589038$ & $0.0599581$ & $-0.013418$ & $-0.00632724$ & $-0.00733718$ & $0.0397088$ & $0.0489504$ & $0.089752$ & $0.00945408$ & $0.0765224$ & $0.00821116$ & $-0.0221552$ & $0.0736974$ & $-0.052589$ & $-0.120997$ & $0.0494858$ & $0.0253113$ & $1$ & $-0.195286$ & $0.140879$ & $-0.0246382$ & $-0.084004$ & $-0.052971$ & $0.0972776$ & $-0.0414355$ & $0.178613$ & $-0.0254392$ & $0.0876933$ & $-0.156421$ & $-0.242122$ & $0.0265248$ & $-0.162069$ \\
eHggpar & $0.127856$ & $-0.138281$ & $-0.00633902$ & $0.0973452$ & $-0.00826444$ & $-0.0190986$ & $0.0122833$ & $-0.057494$ & $-0.0637143$ & $0.0369936$ & $0.0783141$ & $0.0589188$ & $-0.0400843$ & $-0.0504599$ & $-0.060948$ & $-0.103834$ & $-0.0445595$ & $-0.0176193$ & $0.0159219$ & $-0.0868848$ & $-0.0750034$ & $-0.0805146$ & $-0.00386472$ & $-0.0116653$ & $-0.0147696$ & $0.067822$ & $0.0225017$ & $-0.0425606$ & $-0.0534488$ & $-0.0106214$ & $0.0636896$ & $0.0205982$ & $-0.0119637$ & $-0.0174062$ & $-0.195286$ & $1$ & $-0.0296036$ & $-0.0846905$ & $0.0254792$ & $0.0706562$ & $-0.0905333$ & $0.0232584$ & $-0.198884$ & $0.0626381$ & $-0.0861503$ & $-0.00972509$ & $0.248903$ & $-0.116902$ & $0.0368292$ \\
eHWWint & $0.185333$ & $0.16065$ & $-0.0322925$ & $0.0307822$ & $-0.0375589$ & $0.0598383$ & $-0.0904992$ & $-0.0386016$ & $-0.0489333$ & $-0.0255663$ & $0.0252533$ & $-0.159336$ & $0.117375$ & $0.0147695$ & $-0.0151926$ & $0.0027417$ & $0.00958279$ & $0.0282681$ & $0.0139521$ & $-0.0239532$ & $-0.0271689$ & $-0.0329368$ & $-0.0067272$ & $0.034872$ & $0.0192023$ & $0.00819959$ & $-0.0106854$ & $0.0118267$ & $-0.0214796$ & $-0.0346975$ & $-0.0673108$ & $-0.107452$ & $-0.0183606$ & $-0.0218071$ & $0.140879$ & $-0.0296036$ & $1$ & $0.0113585$ & $0.0703611$ & $0.0511232$ & $0.0597396$ & $-0.0208156$ & $-0.0344899$ & $0.0163988$ & $-0.0501122$ & $-0.192839$ & $-0.137126$ & $0.147704$ & $0.0691677$ \\
eHWWpar & $0.0146165$ & $0.0372438$ & $-0.0562894$ & $-0.0446159$ & $0.00481161$ & $0.0248679$ & $-0.0272517$ & $0.0123541$ & $0.00937977$ & $-0.00747057$ & $-0.017048$ & $-0.0256654$ & $0.0148565$ & $0.00730777$ & $0.0354651$ & $0.0401122$ & $0.00349903$ & $-0.00926792$ & $-0.0147174$ & $0.0215448$ & $0.0139429$ & $0.0154941$ & $0.0113286$ & $-0.00248002$ & $-0.00669366$ & $-0.0227585$ & $-0.0252043$ & $0.0238228$ & $0.00225942$ & $-0.0131458$ & $-0.0174953$ & $-0.0437575$ & $-0.00356205$ & $-0.0175949$ & $-0.0246382$ & $-0.0846905$ & $0.0113585$ & $1$ & $0.01551$ & $0.0196717$ & $0.0336684$ & $-0.0125065$ & $0.0075264$ & $-0.0258163$ & $0.0337843$ & $-0.00576979$ & $0.000300374$ & $0.0303051$ & $0.0575292$ \\
eHZZint & $-0.000792219$ & $0.121018$ & $0.0210434$ & $0.0328325$ & $0.0814704$ & $0.0121352$ & $0.0441992$ & $0.0298347$ & $0.022619$ & $-0.0117504$ & $-0.0291389$ & $0.0474575$ & $-0.0680161$ & $0.00957066$ & $0.0153299$ & $0.04998$ & $0.000990487$ & $-0.00509539$ & $-0.0282665$ & $0.0321803$ & $0.0308954$ & $0.0280724$ & $0.0255655$ & $-0.012677$ & $-0.00164977$ & $-0.056246$ & $0.00826923$ & $0.0629333$ & $-0.00608396$ & $-0.0545237$ & $-0.0377771$ & $0.0351971$ & $-0.0495328$ & $0.0233687$ & $-0.084004$ & $0.0254792$ & $0.0703611$ & $0.01551$ & $1$ & $0.0185485$ & $-0.0741462$ & $-0.0257277$ & $-0.107041$ & $0.144451$ & $-0.182626$ & $-0.0763542$ & $0.0175824$ & $-0.18306$ & $0.100472$ \\
eHZZpar & $0.0389515$ & $0.0747937$ & $-0.0675365$ & $-0.0118224$ & $0.00667419$ & $0.0358504$ & $-0.063157$ & $-0.0219885$ & $-0.0285254$ & $0.0272877$ & $0.00657925$ & $-0.0480258$ & $0.0418215$ & $0.0302777$ & $-0.00388478$ & $-0.0345178$ & $0.0196521$ & $0.0264994$ & $0.0472821$ & $-0.00831211$ & $-0.00503887$ & $-0.00314763$ & $-0.0318396$ & $0.00732401$ & $0.0309727$ & $0.0182835$ & $-0.00810847$ & $-0.0126197$ & $0.0144452$ & $0.0132324$ & $0.00448444$ & $-0.069929$ & $0.0262955$ & $-0.0219481$ & $-0.052971$ & $0.0706562$ & $0.0511232$ & $0.0196717$ & $0.0185485$ & $1$ & $0.0266237$ & $0.00394908$ & $-0.0495794$ & $0.00981832$ & $-0.0392167$ & $0.0379829$ & $0.00561596$ & $0.0166232$ & $0.0484365$ \\
eHZgaint & $0.145313$ & $0.0847018$ & $0.0679982$ & $-0.0142457$ & $-0.0218518$ & $0.00528403$ & $-0.102474$ & $-0.0513617$ & $-0.0530916$ & $-0.0763326$ & $0.0518125$ & $-0.175398$ & $0.148415$ & $-0.0301096$ & $-0.0432802$ & $-0.00812813$ & $-0.00149717$ & $0.0179175$ & $-0.00941411$ & $-0.0528971$ & $-0.051957$ & $-0.0507367$ & $-0.000719705$ & $0.0122291$ & $-0.00542694$ & $0.0239106$ & $-0.0238434$ & $-0.052682$ & $0.028005$ & $0.067909$ & $-0.0131593$ & $-0.105541$ & $0.0809987$ & $-0.00197371$ & $0.0972776$ & $-0.0905333$ & $0.0597396$ & $0.0336684$ & $-0.0741462$ & $0.0266237$ & $1$ & $-0.0729244$ & $-0.06984$ & $0.0586912$ & $0.115272$ & $0.0817174$ & $-0.136414$ & $0.0369061$ & $0.067106$ \\
eHZgapar & $-0.0765357$ & $0.00740701$ & $-0.0401507$ & $-0.0355226$ & $-0.0167589$ & $0.0232381$ & $0.0335863$ & $0.000710979$ & $-0.000805331$ & $0.0168797$ & $-0.0150461$ & $0.0317696$ & $-0.0316878$ & $0.0236072$ & $0.000380907$ & $-0.00918138$ & $0.0344834$ & $0.0287714$ & $0.0329524$ & $0.0133041$ & $0.0157985$ & $0.0185492$ & $0.0106564$ & $0.0178721$ & $0.0207418$ & $-0.0155119$ & $-0.00985566$ & $0.0067007$ & $0.0247888$ & $-0.0321397$ & $-0.0301849$ & $0.0270522$ & $-0.0258329$ & $0.00574194$ & $-0.0414355$ & $0.0232584$ & $-0.0208156$ & $-0.0125065$ & $-0.0257277$ & $0.00394908$ & $-0.0729244$ & $1$ & $0.00520808$ & $-0.0177737$ & $-0.033579$ & $0.022808$ & $-0.0129316$ & $-0.0186946$ & $0.0147936$ \\
eHgagaint & $-0.0895605$ & $0.0266817$ & $0.160731$ & $-0.175963$ & $-0.0153176$ & $0.0175724$ & $-0.0131934$ & $-0.037563$ & $0.0100973$ & $0.0530361$ & $0.0382786$ & $0.00670047$ & $0.0305722$ & $-0.014656$ & $-0.0520991$ & $-0.0545448$ & $-0.00153494$ & $0.025642$ & $0.0283753$ & $-0.0365741$ & $-0.0347025$ & $-0.0295117$ & $0.0381066$ & $0.026952$ & $0.047043$ & $0.0293636$ & $0.0600118$ & $0.00962444$ & $-0.00562488$ & $-0.00695031$ & $-0.00383086$ & $-0.00745969$ & $-0.0261649$ & $0.00786329$ & $0.178613$ & $-0.198884$ & $-0.0344899$ & $0.0075264$ & $-0.107041$ & $-0.0495794$ & $-0.06984$ & $0.00520808$ & $1$ & $-0.0609171$ & $0.000256975$ & $-0.0631897$ & $0.0496029$ & $0.235296$ & $-0.172497$ \\
eHmumuint & $0.0307905$ & $0.0696215$ & $0.0760922$ & $0.262584$ & $-0.00468358$ & $0.0339265$ & $0.0520654$ & $-0.0121068$ & $-0.0152187$ & $0.0107943$ & $0.0362173$ & $0.0578322$ & $-0.0512308$ & $-0.0606044$ & $-0.0518112$ & $-0.029604$ & $-0.042614$ & $-0.0219877$ & $-0.036078$ & $-0.0360477$ & $-0.0307478$ & $-0.0295856$ & $0.00861156$ & $-0.0443206$ & $-0.0460652$ & $0.012974$ & $-0.00248699$ & $0.00686185$ & $-0.00985432$ & $-0.0642847$ & $-0.14217$ & $0.0314089$ & $-0.0436958$ & $0.0379548$ & $-0.0254392$ & $0.0626381$ & $0.0163988$ & $-0.0258163$ & $0.144451$ & $0.00981832$ & $0.0586912$ & $-0.0177737$ & $-0.0609171$ & $1$ & $-0.0898531$ & $-0.148219$ & $-0.2433$ & $-0.0412171$ & $0.0834734$ \\
eHtautauint & $-0.107119$ & $-0.00460061$ & $0.0766637$ & $-0.00166472$ & $-0.0265012$ & $0.0186105$ & $-0.0306341$ & $-0.0467659$ & $-0.0450663$ & $0.0187238$ & $0.0499586$ & $-0.00949152$ & $0.0255979$ & $-0.0207473$ & $0.00205307$ & $-0.00116201$ & $-0.0208008$ & $-0.0107977$ & $-0.0112761$ & $-0.0442899$ & $-0.0513154$ & $-0.0485001$ & $0.0427636$ & $0.0323387$ & $-0.0173805$ & $0.0134317$ & $-0.0597502$ & $-0.057681$ & $-0.0390398$ & $0.0433096$ & $-0.0128755$ & $-0.0236417$ & $-0.0148548$ & $-0.0543984$ & $0.0876933$ & $-0.0861503$ & $-0.0501122$ & $0.0337843$ & $-0.182626$ & $-0.0392167$ & $0.115272$ & $-0.033579$ & $0.000256975$ & $-0.0898531$ & $1$ & $0.0982823$ & $0.0277477$ & $-0.0306851$ & $-0.0974243$ \\
eHccint & $-0.163875$ & $-0.2025$ & $-0.164119$ & $-0.0180223$ & $0.0279168$ & $-0.0524935$ & $0.0345523$ & $0.0157739$ & $0.0194734$ & $-0.0129837$ & $-0.0179518$ & $0.0285743$ & $-0.016228$ & $0.000328894$ & $0.0309225$ & $0.0220675$ & $0.0121911$ & $-0.00767477$ & $-0.00405203$ & $0.0197555$ & $0.01397$ & $0.0107526$ & $-0.00277818$ & $0.00888135$ & $0.013706$ & $0.000733816$ & $-0.00121778$ & $-0.00123949$ & $-0.00620636$ & $0.0359678$ & $0.159912$ & $0.0365272$ & $0.0193767$ & $-0.0145445$ & $-0.156421$ & $-0.00972509$ & $-0.192839$ & $-0.00576979$ & $-0.0763542$ & $0.0379829$ & $0.0817174$ & $0.022808$ & $-0.0631897$ & $-0.148219$ & $0.0982823$ & $1$ & $0.225472$ & $-0.134055$ & $-0.030972$ \\
eHccpar & $0.0978158$ & $-0.353175$ & $0.166268$ & $0.0661318$ & $0.0486439$ & $-0.0582604$ & $0.0185836$ & $0.00780079$ & $0.0159295$ & $0.0362034$ & $0.00388887$ & $0.113018$ & $-0.0958915$ & $-0.0061976$ & $-0.00935503$ & $0.0247626$ & $-0.0223366$ & $-0.00781893$ & $-0.03069$ & $-0.00623545$ & $-0.00852803$ & $-0.00685288$ & $-0.0442986$ & $0.00377833$ & $-0.0228813$ & $0.0396145$ & $-0.00125332$ & $-0.00609391$ & $-0.0235358$ & $-0.0314844$ & $0.303043$ & $0.00703213$ & $-0.0519656$ & $-0.00207223$ & $-0.242122$ & $0.248903$ & $-0.137126$ & $0.000300374$ & $0.0175824$ & $0.00561596$ & $-0.136414$ & $-0.0129316$ & $0.0496029$ & $-0.2433$ & $0.0277477$ & $0.225472$ & $1$ & $-0.132423$ & $-0.0410744$ \\
eHbbint & $0.0838907$ & $0.26221$ & $0.102595$ & $-0.0451517$ & $-0.00668274$ & $0.00688126$ & $0.0070699$ & $-0.0615377$ & $-0.0489016$ & $0.0219609$ & $0.0715653$ & $-0.023153$ & $0.00941477$ & $-0.0482298$ & $-0.0234654$ & $-0.0631214$ & $-0.0260167$ & $-0.0225796$ & $0.00794679$ & $-0.0687325$ & $-0.0673066$ & $-0.067063$ & $-0.0509865$ & $-0.00385157$ & $-0.000974724$ & $0.0968339$ & $0.00411019$ & $-0.0268375$ & $-0.024267$ & $0.00748043$ & $-0.0248803$ & $0.0201754$ & $0.116562$ & $-0.0329726$ & $0.0265248$ & $-0.116902$ & $0.147704$ & $0.0303051$ & $-0.18306$ & $0.0166232$ & $0.0369061$ & $-0.0186946$ & $0.235296$ & $-0.0412171$ & $-0.0306851$ & $-0.134055$ & $-0.132423$ & $1$ & $0.128854$ \\
eHbbpar & $0.114788$ & $0.135804$ & $0.0819146$ & $0.057063$ & $0.0548454$ & $-0.00601343$ & $0.02989$ & $-0.0191109$ & $-0.0297074$ & $0.0283107$ & $0.0282772$ & $0.0121526$ & $-0.0254737$ & $-0.0340695$ & $-0.00677375$ & $0.034703$ & $-0.0178325$ & $-0.0171582$ & $-0.044417$ & $-0.0246002$ & $-0.0282204$ & $-0.0305935$ & $-0.0128146$ & $-0.0173915$ & $-0.0389071$ & $0.00989841$ & $-0.0470348$ & $-0.0343046$ & $0.00383077$ & $-0.0343919$ & $-0.0501961$ & $0.0198323$ & $0.245805$ & $-0.00320289$ & $-0.162069$ & $0.0368292$ & $0.0691677$ & $0.0575292$ & $0.100472$ & $0.0484365$ & $0.067106$ & $0.0147936$ & $-0.172497$ & $0.0834734$ & $-0.0974243$ & $-0.030972$ & $-0.0410744$ & $0.128854$ & $1$ \\
