 & AlsMz & dAle5Mz & mtop & mHl & Mz & CW & CHG & CHWB & CHWHB_gaga & CHWHB_gagaorth & CHD & CHbox & CH & CHL1_11 & CHL1_22 & CHL1_33 & CHL3_11 & CHL3_22 & CHL3_33 & CHe_11 & CHe_22 & CHe_33 & CHQ1_11 & CHQ1_33 & CHQ3_11 & CHu_11 & CHd_11 & CHd_33 & CeH_22r & CeH_33r & CuH_22r & CuH_33r & CdH_33r & CLL_1221 & eHggint & eHggpar & eHWWint & eHWWpar & eHZZint & eHZZpar & eHZgaint & eHZgapar & eHgagaint & eHmumuint & eHtautauint & eHccint & eHccpar & eHbbint & eHbbpar \\
AlsMz & $1$ & $-0.353162$ & $0.245496$ & $-0.0990722$ & $-0.0441674$ & $0.000122003$ & $0.242816$ & $0.0454428$ & $0.048068$ & $0.00741189$ & $-0.0177461$ & $-0.299334$ & $-0.275799$ & $-0.0475411$ & $0.020153$ & $-0.0309861$ & $-0.0425428$ & $-0.0680644$ & $-0.0362592$ & $0.0125684$ & $0.0181477$ & $0.0100748$ & $-0.00848421$ & $-0.0829501$ & $-0.0753732$ & $-0.0104764$ & $0.0221028$ & $0.0115228$ & $-0.0297673$ & $-0.188322$ & $-0.114039$ & $0.222192$ & $-0.155478$ & $0.0224913$ & $-0.373255$ & $0.333234$ & $0.181642$ & $0.0578157$ & $-0.112011$ & $-0.136584$ & $0.00583963$ & $0.16853$ & $0.155593$ & $-0.153959$ & $-0.295608$ & $-0.127041$ & $-0.0101565$ & $-0.385218$ & $0.373763$ \\
dAle5Mz & $-0.353162$ & $1$ & $0.0773859$ & $-0.257968$ & $-0.0119717$ & $-0.0205783$ & $0.0536847$ & $-0.0569947$ & $-0.0615355$ & $0.0637989$ & $0.0367032$ & $-0.134711$ & $-0.152433$ & $0.00195945$ & $0.0209907$ & $0.0204114$ & $0.0338528$ & $0.0186999$ & $0.0186987$ & $-0.0246012$ & $-0.0334534$ & $-0.0304507$ & $-0.0342481$ & $0.0536743$ & $0.0256359$ & $0.0466637$ & $-0.0623086$ & $-0.0467346$ & $0.00595217$ & $-0.0312375$ & $-0.0269002$ & $0.0470385$ & $-0.0552104$ & $-0.0514445$ & $-0.06965$ & $-0.294028$ & $-0.449743$ & $-0.00246713$ & $0.0570874$ & $0.0435638$ & $-0.238126$ & $-0.157128$ & $-0.0924824$ & $0.552017$ & $0.254003$ & $0.429597$ & $0.0669605$ & $0.105195$ & $-0.0233288$ \\
mtop & $0.245496$ & $0.0773859$ & $1$ & $-0.0353624$ & $0.0024678$ & $-0.0175529$ & $0.217372$ & $0.0106534$ & $0.0193857$ & $0.0708525$ & $0.000979268$ & $-0.0996778$ & $-0.161019$ & $-0.014561$ & $0.0214435$ & $-0.0147574$ & $-0.019608$ & $-0.0340694$ & $-0.00578309$ & $0.0003412$ & $0.00203274$ & $0.00307175$ & $-0.00976972$ & $-0.0373658$ & $-0.0244991$ & $-0.00342232$ & $-0.00174519$ & $-0.0490123$ & $-0.00199584$ & $-0.0605941$ & $-0.0249809$ & $0.233982$ & $-0.0910695$ & $-0.00788551$ & $0.130717$ & $0.203612$ & $0.0758128$ & $-0.171001$ & $0.329442$ & $-0.158261$ & $-0.244768$ & $0.116584$ & $0.113559$ & $0.281507$ & $-0.13822$ & $0.113982$ & $0.281082$ & $-0.449631$ & $-0.00656452$ \\
mHl & $-0.0990722$ & $-0.257968$ & $-0.0353624$ & $1$ & $-0.0309901$ & $-0.0260626$ & $0.162819$ & $-0.0474088$ & $-0.0328593$ & $0.0695401$ & $0.0506205$ & $-0.126336$ & $-0.173941$ & $-0.037941$ & $-0.0461248$ & $-0.0397485$ & $0.00512443$ & $0.0192716$ & $0.0171287$ & $-0.0508441$ & $-0.0519799$ & $-0.0486576$ & $0.0140091$ & $0.0271998$ & $0.00757114$ & $0.00945076$ & $-0.0152629$ & $-0.0187375$ & $-0.0250291$ & $-0.0758641$ & $-0.0452973$ & $0.173271$ & $-0.0871164$ & $-0.00375466$ & $0.246199$ & $-0.237998$ & $0.00159426$ & $0.0269536$ & $0.128827$ & $0.138441$ & $0.258111$ & $-0.0420184$ & $0.42477$ & $-0.258086$ & $-0.265955$ & $0.14769$ & $-0.403943$ & $-0.0433856$ & $-0.024762$ \\
Mz & $-0.0441674$ & $-0.0119717$ & $0.0024678$ & $-0.0309901$ & $1$ & $-0.0124333$ & $-0.0187696$ & $0.00180496$ & $0.00218346$ & $-0.00128711$ & $-0.0129864$ & $0.0236078$ & $0.0180623$ & $0.0310396$ & $0.0300015$ & $0.0163311$ & $0.0348427$ & $0.0164475$ & $0.0272529$ & $0.020361$ & $0.0182456$ & $0.0195819$ & $0.00740522$ & $0.026151$ & $0.00949157$ & $-0.0127405$ & $-0.0305188$ & $0.0233966$ & $-0.0226242$ & $0.0263601$ & $0.0286677$ & $-0.0200537$ & $0.0143246$ & $-0.0235652$ & $0.00833436$ & $0.0219343$ & $0.0567632$ & $0.00388103$ & $-0.00415225$ & $0.0076773$ & $-0.000973554$ & $-0.00641038$ & $0.0273883$ & $-0.00148822$ & $-0.0120721$ & $-0.0108396$ & $0.032943$ & $0.00739474$ & $-0.0022106$ \\
CW & $0.000122003$ & $-0.0205783$ & $-0.0175529$ & $-0.0260626$ & $-0.0124333$ & $1$ & $-0.0204107$ & $-0.023214$ & $-0.0242325$ & $-0.0250627$ & $0.132001$ & $0.0246513$ & $0.00390049$ & $-0.015224$ & $-0.0844906$ & $-0.0741632$ & $-0.362173$ & $-0.159275$ & $-0.162153$ & $-0.130202$ & $-0.133838$ & $-0.132012$ & $0.021017$ & $-0.121314$ & $-0.187795$ & $0.0923552$ & $-0.0229607$ & $-0.0665576$ & $-0.0139303$ & $-0.000151981$ & $-0.0216647$ & $-0.0130203$ & $-0.00286295$ & $-0.0787763$ & $-0.0201423$ & $0.014298$ & $-0.0287486$ & $0.0185681$ & $-0.0150875$ & $0.030388$ & $0.000713761$ & $-0.0325938$ & $-0.0359393$ & $0.00692124$ & $0.0170607$ & $-0.000500751$ & $-0.0166828$ & $-0.000649666$ & $0.00971149$ \\
CHG & $0.242816$ & $0.0536847$ & $0.217372$ & $0.162819$ & $-0.0187696$ & $-0.0204107$ & $1$ & $0.0145378$ & $0.0492982$ & $0.0661478$ & $0.00460962$ & $-0.527737$ & $-0.564798$ & $-0.0462899$ & $0.00957595$ & $-0.00568145$ & $-0.0271227$ & $-0.0441192$ & $-0.0315937$ & $-0.000988041$ & $-0.00205587$ & $-0.00291039$ & $0.00206839$ & $-0.032983$ & $-0.048027$ & $-0.016239$ & $-0.00667284$ & $-0.00336349$ & $-0.0250996$ & $-0.383081$ & $-0.24084$ & $0.917167$ & $-0.422076$ & $0.011587$ & $-0.15472$ & $0.0590805$ & $-0.198741$ & $0.0361753$ & $0.281418$ & $0.0386963$ & $0.222827$ & $-0.1894$ & $0.264755$ & $0.14788$ & $-0.174086$ & $0.0559005$ & $-0.321686$ & $-0.339107$ & $0.244523$ \\
CHWB & $0.0454428$ & $-0.0569947$ & $0.0106534$ & $-0.0474088$ & $0.00180496$ & $-0.023214$ & $0.0145378$ & $1$ & $0.989876$ & $-0.544852$ & $-0.874977$ & $-0.0990096$ & $-0.0090487$ & $0.242536$ & $0.446657$ & $0.451676$ & $-0.273456$ & $-0.446626$ & $-0.449484$ & $0.857074$ & $0.889483$ & $0.879407$ & $0.0168815$ & $-0.660188$ & $-0.422114$ & $-0.596794$ & $0.394266$ & $0.376282$ & $-0.00126157$ & $0.0266321$ & $0.00186098$ & $0.00689034$ & $0.0218986$ & $0.539449$ & $-0.0105496$ & $0.0518367$ & $0.0356878$ & $0.0311336$ & $-0.0183327$ & $-0.0153892$ & $0.0198075$ & $-0.0248113$ & $-0.0344007$ & $-0.0246049$ & $0.0226077$ & $-0.0178444$ & $0.0156512$ & $-0.0345555$ & $0.0285187$ \\
CHWHB_gaga & $0.048068$ & $-0.0615355$ & $0.0193857$ & $-0.0328593$ & $0.00218346$ & $-0.0242325$ & $0.0492982$ & $0.989876$ & $1$ & $-0.539186$ & $-0.864649$ & $-0.0826038$ & $0.000225919$ & $0.236777$ & $0.441265$ & $0.442023$ & $-0.273212$ & $-0.444964$ & $-0.44466$ & $0.84687$ & $0.879256$ & $0.869619$ & $0.0180006$ & $-0.656299$ & $-0.41776$ & $-0.588044$ & $0.39582$ & $0.369147$ & $0.00847017$ & $0.0469666$ & $0.015707$ & $0.038494$ & $0.048291$ & $0.534237$ & $-0.0097629$ & $0.0419972$ & $0.0356756$ & $0.0297117$ & $-0.00272228$ & $-0.0195867$ & $0.0249562$ & $-0.0305036$ & $-0.00382773$ & $-0.0294182$ & $0.00594981$ & $-0.0142568$ & $0.00883612$ & $-0.0454842$ & $0.0337023$ \\
CHWHB_gagaorth & $0.00741189$ & $0.0637989$ & $0.0708525$ & $0.0695401$ & $-0.00128711$ & $-0.0250627$ & $0.0661478$ & $-0.544852$ & $-0.539186$ & $1$ & $0.447228$ & $0.0690549$ & $-0.151763$ & $-0.0842314$ & $-0.211573$ & $-0.233491$ & $0.210944$ & $0.282714$ & $0.294936$ & $-0.437204$ & $-0.456791$ & $-0.453106$ & $0.00303656$ & $0.399485$ & $0.285727$ & $0.292472$ & $-0.209377$ & $-0.211445$ & $-0.00984029$ & $-0.153547$ & $-0.09314$ & $0.0825057$ & $-0.180256$ & $-0.314027$ & $0.00113356$ & $-0.0140149$ & $-0.0619063$ & $0.00862119$ & $0.0982851$ & $0.0123821$ & $-0.0129369$ & $0.0133584$ & $0.0440511$ & $0.0957439$ & $-0.0143066$ & $0.0406921$ & $-0.0917828$ & $-0.0915055$ & $0.025084$ \\
CHD & $-0.0177461$ & $0.0367032$ & $0.000979268$ & $0.0506205$ & $-0.0129864$ & $0.132001$ & $0.00460962$ & $-0.874977$ & $-0.864649$ & $0.447228$ & $1$ & $0.10882$ & $-0.0190474$ & $-0.639022$ & $-0.569285$ & $-0.562984$ & $-0.196842$ & $0.0314563$ & $0.0344598$ & $-0.99462$ & $-0.994949$ & $-0.982697$ & $0.0488839$ & $0.259346$ & $-0.00554451$ & $0.664508$ & $-0.262769$ & $-0.426091$ & $0.00435412$ & $-0.0473012$ & $-0.00928068$ & $0.0193904$ & $-0.0497275$ & $-0.328275$ & $-0.0139812$ & $-0.0245117$ & $-0.0378779$ & $-0.0191704$ & $0.0289534$ & $0.0191267$ & $-0.011308$ & $0.0078337$ & $0.0361087$ & $0.025605$ & $-0.00255392$ & $0.0168438$ & $-0.0334691$ & $-0.00845261$ & $0.00138929$ \\
CHbox & $-0.299334$ & $-0.134711$ & $-0.0996778$ & $-0.126336$ & $0.0236078$ & $0.0246513$ & $-0.527737$ & $-0.0990096$ & $-0.0826038$ & $0.0690549$ & $0.10882$ & $1$ & $0.934327$ & $-0.0566435$ & $-0.0744366$ & $-0.0621843$ & $-0.0174399$ & $0.0184163$ & $0.0122179$ & $-0.111591$ & $-0.109747$ & $-0.106462$ & $0.0311309$ & $0.0386836$ & $0.035734$ & $0.0667074$ & $0.00594893$ & $-0.039782$ & $0.114284$ & $0.587998$ & $0.324721$ & $-0.395911$ & $0.621721$ & $-0.0344053$ & $0.297604$ & $-0.179849$ & $0.257229$ & $-0.0835296$ & $-0.110934$ & $-0.122124$ & $-0.30593$ & $0.0986608$ & $-0.070491$ & $-0.244724$ & $0.0402274$ & $-0.103507$ & $0.277922$ & $0.249035$ & $-0.311452$ \\
CH & $-0.275799$ & $-0.152433$ & $-0.161019$ & $-0.173941$ & $0.0180623$ & $0.00390049$ & $-0.564798$ & $-0.0090487$ & $0.000225919$ & $-0.151763$ & $-0.0190474$ & $0.934327$ & $1$ & $0.0584396$ & $-0.0180446$ & $-0.00721562$ & $0.053232$ & $0.0651985$ & $0.0576556$ & $0.0122996$ & $0.0182553$ & $0.0184303$ & $0.00817214$ & $0.0411161$ & $0.0813355$ & $-0.00927675$ & $0.0383992$ & $0.0214158$ & $0.10443$ & $0.581702$ & $0.328341$ & $-0.455873$ & $0.612701$ & $0.00388048$ & $0.290649$ & $-0.196744$ & $0.253403$ & $-0.0706588$ & $-0.185694$ & $-0.125909$ & $-0.334697$ & $0.080986$ & $-0.112028$ & $-0.275944$ & $0.0177743$ & $-0.135643$ & $0.310356$ & $0.316249$ & $-0.328666$ \\
CHL1_11 & $-0.0475411$ & $0.00195945$ & $-0.014561$ & $-0.037941$ & $0.0310396$ & $-0.015224$ & $-0.0462899$ & $0.242536$ & $0.236777$ & $-0.0842314$ & $-0.639022$ & $-0.0566435$ & $0.0584396$ & $1$ & $0.399544$ & $0.381219$ & $0.613778$ & $0.574489$ & $0.572845$ & $0.651131$ & $0.609719$ & $0.600224$ & $-0.115882$ & $0.425766$ & $0.57869$ & $-0.405761$ & $-0.0670469$ & $0.267257$ & $-3.17781e-05$ & $0.0602309$ & $0.0150148$ & $-0.0602072$ & $0.0708051$ & $-0.193033$ & $0.0391334$ & $-0.0236076$ & $0.0203446$ & $-0.0100437$ & $-0.0239278$ & $-0.0108882$ & $-0.00275827$ & $0.0167597$ & $-0.0217556$ & $-0.0106869$ & $-0.0154913$ & $-0.0131172$ & $0.0511853$ & $0.0694992$ & $-0.0469095$ \\
CHL1_22 & $0.020153$ & $0.0209907$ & $0.0214435$ & $-0.0461248$ & $0.0300015$ & $-0.0844906$ & $0.00957595$ & $0.446657$ & $0.441265$ & $-0.211573$ & $-0.569285$ & $-0.0744366$ & $-0.0180446$ & $0.399544$ & $1$ & $0.52868$ & $0.160409$ & $-0.327048$ & $-0.0126027$ & $0.614139$ & $0.511307$ & $0.505681$ & $-0.177761$ & $0.0288638$ & $-0.0793739$ & $-0.348432$ & $-0.307159$ & $0.25943$ & $-0.000668465$ & $0.0177172$ & $-0.00809037$ & $0.00665422$ & $0.017815$ & $-0.473527$ & $0.00992026$ & $0.00442559$ & $0.0250248$ & $0.00245547$ & $0.00587834$ & $-0.0114184$ & $-0.0202246$ & $-0.0483263$ & $-0.0222479$ & $0.0228822$ & $0.00187376$ & $0.0299446$ & $0.0179612$ & $-0.0232776$ & $0.0288737$ \\
CHL1_33 & $-0.0309861$ & $0.0204114$ & $-0.0147574$ & $-0.0397485$ & $0.0163311$ & $-0.0741632$ & $-0.00568145$ & $0.451676$ & $0.442023$ & $-0.233491$ & $-0.562984$ & $-0.0621843$ & $-0.00721562$ & $0.381219$ & $0.52868$ & $1$ & $0.141315$ & $-0.0261678$ & $-0.336757$ & $0.607231$ & $0.508763$ & $0.51992$ & $-0.179906$ & $0.013593$ & $-0.0965629$ & $-0.339643$ & $-0.298461$ & $0.232961$ & $-0.0114631$ & $0.0181204$ & $0.00396904$ & $-0.0108574$ & $0.0255631$ & $-0.0156717$ & $0.00545446$ & $0.00341197$ & $0.0118626$ & $0.0148012$ & $-0.029311$ & $-0.00934607$ & $0.0237102$ & $-0.00179025$ & $-0.0542639$ & $0.014946$ & $0.0159756$ & $0.0198012$ & $0.0109875$ & $0.0516008$ & $-0.000984595$ \\
CHL3_11 & $-0.0425428$ & $0.0338528$ & $-0.019608$ & $0.00512443$ & $0.0348427$ & $-0.362173$ & $-0.0271227$ & $-0.273456$ & $-0.273212$ & $0.210944$ & $-0.196842$ & $-0.0174399$ & $0.053232$ & $0.613778$ & $0.160409$ & $0.141315$ & $1$ & $0.816313$ & $0.814536$ & $0.21087$ & $0.172109$ & $0.168011$ & $-0.0952619$ & $0.756858$ & $0.851513$ & $-0.107599$ & $-0.173895$ & $0.0829897$ & $-0.0110136$ & $0.0347005$ & $0.0190295$ & $-0.0431746$ & $0.0472179$ & $-0.287093$ & $0.0501982$ & $-0.047844$ & $0.012986$ & $-0.0245666$ & $-0.0200765$ & $-0.0113686$ & $-0.0196316$ & $0.0386763$ & $0.00794163$ & $-0.0117758$ & $-0.0485533$ & $-0.00350767$ & $0.0295553$ & $0.0719608$ & $-0.0546854$ \\
CHL3_22 & $-0.0680644$ & $0.0186999$ & $-0.0340694$ & $0.0192716$ & $0.0164475$ & $-0.159275$ & $-0.0441192$ & $-0.446626$ & $-0.444964$ & $0.282714$ & $0.0314563$ & $0.0184163$ & $0.0651985$ & $0.574489$ & $-0.327048$ & $-0.0261678$ & $0.816313$ & $1$ & $0.781715$ & $-0.0311261$ & $-0.035759$ & $-0.0358679$ & $-0.0299738$ & $0.740187$ & $0.864453$ & $0.0330222$ & $-0.0677725$ & $-0.0302192$ & $-0.00756792$ & $0.0320253$ & $0.0205517$ & $-0.056519$ & $0.0450728$ & $-0.094455$ & $0.0420846$ & $-0.0500206$ & $-0.00610473$ & $-0.023993$ & $-0.0238756$ & $-0.00178544$ & $0.00110346$ & $0.0615797$ & $0.00779345$ & $-0.0171364$ & $-0.0378496$ & $-0.0187689$ & $0.0252929$ & $0.0969918$ & $-0.0737806$ \\
CHL3_33 & $-0.0362592$ & $0.0186987$ & $-0.00578309$ & $0.0171287$ & $0.0272529$ & $-0.162153$ & $-0.0315937$ & $-0.449484$ & $-0.44466$ & $0.294936$ & $0.0344598$ & $0.0122179$ & $0.0576556$ & $0.572845$ & $-0.0126027$ & $-0.336757$ & $0.814536$ & $0.781715$ & $1$ & $-0.0340199$ & $-0.0400504$ & $-0.0386752$ & $-0.0251588$ & $0.740864$ & $0.864902$ & $0.0304423$ & $-0.0680145$ & $-0.0121152$ & $0.00430991$ & $0.0331733$ & $0.0164798$ & $-0.0423003$ & $0.0400592$ & $-0.40286$ & $0.0462233$ & $-0.0503601$ & $0.000938469$ & $-0.0318618$ & $0.00585068$ & $0.000813472$ & $-0.0237209$ & $0.0311664$ & $0.0369155$ & $-0.00890038$ & $-0.0459891$ & $-0.0149545$ & $0.0299975$ & $0.0438892$ & $-0.0531653$ \\
CHe_11 & $0.0125684$ & $-0.0246012$ & $0.0003412$ & $-0.0508441$ & $0.020361$ & $-0.130202$ & $-0.000988041$ & $0.857074$ & $0.84687$ & $-0.437204$ & $-0.99462$ & $-0.111591$ & $0.0122996$ & $0.651131$ & $0.614139$ & $0.607231$ & $0.21087$ & $-0.0311261$ & $-0.0340199$ & $1$ & $0.98402$ & $0.972674$ & $-0.0683009$ & $-0.223507$ & $0.0116365$ & $-0.656518$ & $0.206255$ & $0.422122$ & $-0.0061815$ & $0.0441329$ & $0.00773394$ & $-0.0152285$ & $0.0461533$ & $0.268451$ & $0.0127399$ & $0.020302$ & $0.0308714$ & $0.0186469$ & $-0.0259784$ & $-0.0155425$ & $0.0135625$ & $-0.011935$ & $-0.0354713$ & $-0.0162928$ & $0.00475905$ & $-0.00966626$ & $0.0313381$ & $0.00956476$ & $0.00100005$ \\
CHe_22 & $0.0181477$ & $-0.0334534$ & $0.00203274$ & $-0.0519799$ & $0.0182456$ & $-0.133838$ & $-0.00205587$ & $0.889483$ & $0.879256$ & $-0.456791$ & $-0.994949$ & $-0.109747$ & $0.0182553$ & $0.609719$ & $0.511307$ & $0.508763$ & $0.172109$ & $-0.035759$ & $-0.0400504$ & $0.98402$ & $1$ & $0.98541$ & $-0.0272543$ & $-0.301864$ & $-0.00687186$ & $-0.666907$ & $0.324397$ & $0.423658$ & $-0.00384472$ & $0.0468055$ & $0.00970618$ & $-0.0173374$ & $0.0476081$ & $0.396292$ & $0.0118358$ & $0.0256628$ & $0.0348127$ & $0.0184374$ & $-0.0275923$ & $-0.0190292$ & $0.0100274$ & $-0.00844716$ & $-0.0332318$ & $-0.024402$ & $0.0046145$ & $-0.0181058$ & $0.0339616$ & $0.00425062$ & $-0.00138525$ \\
CHe_33 & $0.0100748$ & $-0.0304507$ & $0.00307175$ & $-0.0486576$ & $0.0195819$ & $-0.132012$ & $-0.00291039$ & $0.879407$ & $0.869619$ & $-0.453106$ & $-0.982697$ & $-0.106462$ & $0.0184303$ & $0.600224$ & $0.505681$ & $0.51992$ & $0.168011$ & $-0.0358679$ & $-0.0386752$ & $0.972674$ & $0.98541$ & $1$ & $-0.0278111$ & $-0.29731$ & $-0.00945748$ & $-0.65913$ & $0.317499$ & $0.422971$ & $0.00203766$ & $0.0475649$ & $0.0125895$ & $-0.0177419$ & $0.0495296$ & $0.393459$ & $0.0134334$ & $0.0246109$ & $0.0341964$ & $0.0248722$ & $-0.0226951$ & $-0.0151923$ & $0.0120533$ & $-0.00760256$ & $-0.0287047$ & $-0.0216559$ & $0.00675985$ & $-0.0186963$ & $0.0350781$ & $0.00522188$ & $-0.00164166$ \\
CHQ1_11 & $-0.00848421$ & $-0.0342481$ & $-0.00976972$ & $0.0140091$ & $0.00740522$ & $0.021017$ & $0.00206839$ & $0.0168815$ & $0.0180006$ & $0.00303656$ & $0.0488839$ & $0.0311309$ & $0.00817214$ & $-0.115882$ & $-0.177761$ & $-0.179906$ & $-0.0952619$ & $-0.0299738$ & $-0.0251588$ & $-0.0683009$ & $-0.0272543$ & $-0.0278111$ & $1$ & $-0.133453$ & $0.0342705$ & $-0.574125$ & $0.330158$ & $-0.0229753$ & $-0.0144416$ & $-0.0139388$ & $-0.00766621$ & $0.00842921$ & $-0.00681881$ & $0.177957$ & $0.0141775$ & $0.0196322$ & $0.0295944$ & $0.0236917$ & $-0.00748992$ & $0.0285205$ & $0.011968$ & $0.0204223$ & $0.00828824$ & $-0.0206606$ & $-0.00813145$ & $-0.0300542$ & $0.00526201$ & $-0.00906993$ & $0.00730402$ \\
CHQ1_33 & $-0.0829501$ & $0.0536743$ & $-0.0373658$ & $0.0271998$ & $0.026151$ & $-0.121314$ & $-0.032983$ & $-0.660188$ & $-0.656299$ & $0.399485$ & $0.259346$ & $0.0386836$ & $0.0411161$ & $0.425766$ & $0.0288638$ & $0.013593$ & $0.756858$ & $0.740187$ & $0.740864$ & $-0.223507$ & $-0.301864$ & $-0.29731$ & $-0.133453$ & $1$ & $0.754884$ & $0.213023$ & $-0.40677$ & $-0.0340674$ & $-0.0077149$ & $0.0154292$ & $0.0035306$ & $-0.0367035$ & $0.0262396$ & $-0.628772$ & $0.0498919$ & $-0.070061$ & $-0.0191749$ & $-0.0220899$ & $-0.00248221$ & $0.0208562$ & $-0.0182088$ & $0.0205479$ & $0.0129341$ & $0.00975665$ & $-0.0337733$ & $0.0109607$ & $0.00266542$ & $0.077156$ & $-0.0514026$ \\
CHQ3_11 & $-0.0753732$ & $0.0256359$ & $-0.0244991$ & $0.00757114$ & $0.00949157$ & $-0.187795$ & $-0.048027$ & $-0.422114$ & $-0.41776$ & $0.285727$ & $-0.00554451$ & $0.035734$ & $0.0813355$ & $0.57869$ & $-0.0793739$ & $-0.0965629$ & $0.851513$ & $0.864453$ & $0.864902$ & $0.0116365$ & $-0.00687186$ & $-0.00945748$ & $0.0342705$ & $0.754884$ & $1$ & $0.0116252$ & $0.105052$ & $-0.00625775$ & $-0.0112351$ & $0.0416377$ & $0.0276797$ & $-0.0590313$ & $0.0530134$ & $-0.287053$ & $0.0535346$ & $-0.0568736$ & $-0.0223696$ & $-0.00440234$ & $-0.0150467$ & $0.00559132$ & $-0.0118561$ & $0.0373373$ & $0.00603665$ & $0.00322976$ & $-0.0266575$ & $-0.01232$ & $0.0388978$ & $0.0782299$ & $-0.0744027$ \\
CHu_11 & $-0.0104764$ & $0.0466637$ & $-0.00342232$ & $0.00945076$ & $-0.0127405$ & $0.0923552$ & $-0.016239$ & $-0.596794$ & $-0.588044$ & $0.292472$ & $0.664508$ & $0.0667074$ & $-0.00927675$ & $-0.405761$ & $-0.348432$ & $-0.339643$ & $-0.107599$ & $0.0330222$ & $0.0304423$ & $-0.656518$ & $-0.666907$ & $-0.65913$ & $-0.574125$ & $0.213023$ & $0.0116252$ & $1$ & $-0.183712$ & $-0.287172$ & $0.00689788$ & $-0.0131728$ & $0.00333695$ & $-0.0127387$ & $-0.0204207$ & $-0.259292$ & $-0.0355759$ & $-0.0336874$ & $-0.0564907$ & $-0.00420636$ & $0.0154935$ & $-0.00289632$ & $-0.0108226$ & $-0.0174252$ & $0.0163588$ & $0.0417021$ & $0.0289433$ & $0.0342307$ & $-0.00926641$ & $-0.00278482$ & $0.00197931$ \\
CHd_11 & $0.0221028$ & $-0.0623086$ & $-0.00174519$ & $-0.0152629$ & $-0.0305188$ & $-0.0229607$ & $-0.00667284$ & $0.394266$ & $0.39582$ & $-0.209377$ & $-0.262769$ & $0.00594893$ & $0.0383992$ & $-0.0670469$ & $-0.307159$ & $-0.298461$ & $-0.173895$ & $-0.0677725$ & $-0.0680145$ & $0.206255$ & $0.324397$ & $0.317499$ & $0.330158$ & $-0.40677$ & $0.105052$ & $-0.183712$ & $1$ & $0.0960184$ & $-0.0108646$ & $0.0231825$ & $0.0177784$ & $-0.0120172$ & $0.018824$ & $0.666395$ & $-0.00649556$ & $0.0252626$ & $-0.0215565$ & $0.0624086$ & $-0.0144353$ & $0.0125876$ & $0.0155504$ & $2.01023e-05$ & $-0.000701818$ & $-0.0141574$ & $0.0262015$ & $-0.0411186$ & $0.0216689$ & $-0.0358298$ & $-0.000980165$ \\
CHd_33 & $0.0115228$ & $-0.0467346$ & $-0.0490123$ & $-0.0187375$ & $0.0233966$ & $-0.0665576$ & $-0.00336349$ & $0.376282$ & $0.369147$ & $-0.211445$ & $-0.426091$ & $-0.039782$ & $0.0214158$ & $0.267257$ & $0.25943$ & $0.232961$ & $0.0829897$ & $-0.0302192$ & $-0.0121152$ & $0.422122$ & $0.423658$ & $0.422971$ & $-0.0229753$ & $-0.0340674$ & $-0.00625775$ & $-0.287172$ & $0.0960184$ & $1$ & $-0.00165432$ & $0.0309079$ & $0.00849535$ & $-0.0121374$ & $0.0264018$ & $0.131044$ & $0.021606$ & $0.0223617$ & $0.0426601$ & $0.00589774$ & $-0.0463895$ & $-0.00386356$ & $0.0104253$ & $0.0166202$ & $-0.0277573$ & $-0.0643976$ & $-0.013903$ & $-0.037807$ & $-0.00647895$ & $0.0248852$ & $-0.0154359$ \\
CeH_22r & $-0.0297673$ & $0.00595217$ & $-0.00199584$ & $-0.0250291$ & $-0.0226242$ & $-0.0139303$ & $-0.0250996$ & $-0.00126157$ & $0.00847017$ & $-0.00984029$ & $0.00435412$ & $0.114284$ & $0.10443$ & $-3.17781e-05$ & $-0.000668465$ & $-0.0114631$ & $-0.0110136$ & $-0.00756792$ & $0.00430991$ & $-0.0061815$ & $-0.00384472$ & $0.00203766$ & $-0.0144416$ & $-0.0077149$ & $-0.0112351$ & $0.00689788$ & $-0.0108646$ & $-0.00165432$ & $1$ & $0.100097$ & $0.0626699$ & $-0.0236516$ & $0.115608$ & $-0.00523925$ & $0.0205617$ & $-0.0233429$ & $0.0193626$ & $0.00814017$ & $0.010566$ & $-0.0207677$ & $-0.0203638$ & $0.00358724$ & $0.0224397$ & $-0.00165612$ & $-0.00254461$ & $-0.0167544$ & $0.0697164$ & $0.0395214$ & $-0.00984773$ \\
CeH_33r & $-0.188322$ & $-0.0312375$ & $-0.0605941$ & $-0.0758641$ & $0.0263601$ & $-0.000151981$ & $-0.383081$ & $0.0266321$ & $0.0469666$ & $-0.153547$ & $-0.0473012$ & $0.587998$ & $0.581702$ & $0.0602309$ & $0.0177172$ & $0.0181204$ & $0.0347005$ & $0.0320253$ & $0.0331733$ & $0.0441329$ & $0.0468055$ & $0.0475649$ & $-0.0139388$ & $0.0154292$ & $0.0416377$ & $-0.0131728$ & $0.0231825$ & $0.0309079$ & $0.100097$ & $1$ & $0.445054$ & $-0.185826$ & $0.807266$ & $0.00688268$ & $0.179601$ & $-0.167719$ & $0.074834$ & $-0.0540541$ & $-0.0581132$ & $-0.0736956$ & $-0.211884$ & $-0.0102354$ & $-0.0522276$ & $-0.100942$ & $0.0401019$ & $-0.0233074$ & $0.150147$ & $0.151913$ & $-0.185749$ \\
CuH_22r & $-0.114039$ & $-0.0269002$ & $-0.0249809$ & $-0.0452973$ & $0.0286677$ & $-0.0216647$ & $-0.24084$ & $0.00186098$ & $0.015707$ & $-0.09314$ & $-0.00928068$ & $0.324721$ & $0.328341$ & $0.0150148$ & $-0.00809037$ & $0.00396904$ & $0.0190295$ & $0.0205517$ & $0.0164798$ & $0.00773394$ & $0.00970618$ & $0.0125895$ & $-0.00766621$ & $0.0035306$ & $0.0276797$ & $0.00333695$ & $0.0177784$ & $0.00849535$ & $0.0626699$ & $0.445054$ & $1$ & $-0.108965$ & $0.515454$ & $0.0110935$ & $0.0697772$ & $-0.095072$ & $0.0879538$ & $-0.0165929$ & $-0.0457885$ & $-0.0619499$ & $-0.117586$ & $-0.000923997$ & $-0.0107609$ & $-0.0861999$ & $-0.013269$ & $0.0235079$ & $0.147934$ & $0.121802$ & $-0.0914899$ \\
CuH_33r & $0.222192$ & $0.0470385$ & $0.233982$ & $0.173271$ & $-0.0200537$ & $-0.0130203$ & $0.917167$ & $0.00689034$ & $0.038494$ & $0.0825057$ & $0.0193904$ & $-0.395911$ & $-0.455873$ & $-0.0602072$ & $0.00665422$ & $-0.0108574$ & $-0.0431746$ & $-0.056519$ & $-0.0423003$ & $-0.0152285$ & $-0.0173374$ & $-0.0177419$ & $0.00842921$ & $-0.0367035$ & $-0.0590313$ & $-0.0127387$ & $-0.0120172$ & $-0.0121374$ & $-0.0236516$ & $-0.185826$ & $-0.108965$ & $1$ & $-0.179059$ & $0.00468155$ & $-0.109844$ & $0.0158467$ & $-0.19808$ & $0.0157528$ & $0.315758$ & $0.0175324$ & $0.188705$ & $-0.220438$ & $0.305503$ & $0.130696$ & $-0.197933$ & $0.0525311$ & $-0.324661$ & $-0.345044$ & $0.214107$ \\
CdH_33r & $-0.155478$ & $-0.0552104$ & $-0.0910695$ & $-0.0871164$ & $0.0143246$ & $-0.00286295$ & $-0.422076$ & $0.0218986$ & $0.048291$ & $-0.180256$ & $-0.0497275$ & $0.621721$ & $0.612701$ & $0.0708051$ & $0.017815$ & $0.0255631$ & $0.0472179$ & $0.0450728$ & $0.0400592$ & $0.0461533$ & $0.0476081$ & $0.0495296$ & $-0.00681881$ & $0.0262396$ & $0.0530134$ & $-0.0204207$ & $0.018824$ & $0.0264018$ & $0.115608$ & $0.807266$ & $0.515454$ & $-0.179059$ & $1$ & $0.00152446$ & $0.127553$ & $-0.200194$ & $0.0808403$ & $-0.0483465$ & $-0.0797874$ & $-0.0839245$ & $-0.199004$ & $0.00319627$ & $-0.0193353$ & $-0.109271$ & $0.0294036$ & $-0.0112724$ & $0.17527$ & $0.17162$ & $-0.0971047$ \\
CLL_1221 & $0.0224913$ & $-0.0514445$ & $-0.00788551$ & $-0.00375466$ & $-0.0235652$ & $-0.0787763$ & $0.011587$ & $0.539449$ & $0.534237$ & $-0.314027$ & $-0.328275$ & $-0.0344053$ & $0.00388048$ & $-0.193033$ & $-0.473527$ & $-0.0156717$ & $-0.287093$ & $-0.094455$ & $-0.40286$ & $0.268451$ & $0.396292$ & $0.393459$ & $0.177957$ & $-0.628772$ & $-0.287053$ & $-0.259292$ & $0.666395$ & $0.131044$ & $-0.00523925$ & $0.00688268$ & $0.0110935$ & $0.00468155$ & $0.00152446$ & $1$ & $-0.0162788$ & $0.0408313$ & $0.00817937$ & $0.0268972$ & $-0.0222516$ & $-0.00930139$ & $0.0292695$ & $0.0216085$ & $-0.0114876$ & $-0.0362672$ & $0.0182752$ & $-0.0356596$ & $-0.00310556$ & $-0.0127549$ & $0.00203397$ \\
eHggint & $-0.373255$ & $-0.06965$ & $0.130717$ & $0.246199$ & $0.00833436$ & $-0.0201423$ & $-0.15472$ & $-0.0105496$ & $-0.0097629$ & $0.00113356$ & $-0.0139812$ & $0.297604$ & $0.290649$ & $0.0391334$ & $0.00992026$ & $0.00545446$ & $0.0501982$ & $0.0420846$ & $0.0462233$ & $0.0127399$ & $0.0118358$ & $0.0134334$ & $0.0141775$ & $0.0498919$ & $0.0535346$ & $-0.0355759$ & $-0.00649556$ & $0.021606$ & $0.0205617$ & $0.179601$ & $0.0697772$ & $-0.109844$ & $0.127553$ & $-0.0162788$ & $1$ & $-0.0757291$ & $0.124697$ & $-0.151595$ & $0.113332$ & $0.104979$ & $-0.216476$ & $-0.0150713$ & $-0.156733$ & $0.0516592$ & $-0.129408$ & $-0.170574$ & $0.0596935$ & $-0.0518626$ & $-0.375$ \\
eHggpar & $0.333234$ & $-0.294028$ & $0.203612$ & $-0.237998$ & $0.0219343$ & $0.014298$ & $0.0590805$ & $0.0518367$ & $0.0419972$ & $-0.0140149$ & $-0.0245117$ & $-0.179849$ & $-0.196744$ & $-0.0236076$ & $0.00442559$ & $0.00341197$ & $-0.047844$ & $-0.0500206$ & $-0.0503601$ & $0.020302$ & $0.0256628$ & $0.0246109$ & $0.0196322$ & $-0.070061$ & $-0.0568736$ & $-0.0336874$ & $0.0252626$ & $0.0223617$ & $-0.0233429$ & $-0.167719$ & $-0.095072$ & $0.0158467$ & $-0.200194$ & $0.0408313$ & $-0.0757291$ & $1$ & $0.279408$ & $0.0475351$ & $0.10468$ & $-0.0544535$ & $0.241361$ & $0.0774797$ & $-0.0850422$ & $-0.235644$ & $0.0364557$ & $-0.346137$ & $0.0144206$ & $-0.236899$ & $-0.0938931$ \\
eHWWint & $0.181642$ & $-0.449743$ & $0.0758128$ & $0.00159426$ & $0.0567632$ & $-0.0287486$ & $-0.198741$ & $0.0356878$ & $0.0356756$ & $-0.0619063$ & $-0.0378779$ & $0.257229$ & $0.253403$ & $0.0203446$ & $0.0250248$ & $0.0118626$ & $0.012986$ & $-0.00610473$ & $0.000938469$ & $0.0308714$ & $0.0348127$ & $0.0341964$ & $0.0295944$ & $-0.0191749$ & $-0.0223696$ & $-0.0564907$ & $-0.0215565$ & $0.0426601$ & $0.0193626$ & $0.074834$ & $0.0879538$ & $-0.19808$ & $0.0808403$ & $0.00817937$ & $0.124697$ & $0.279408$ & $1$ & $-0.0436676$ & $-0.232079$ & $-0.113964$ & $-0.238345$ & $0.283604$ & $0.0772782$ & $-0.582489$ & $-0.361622$ & $-0.129012$ & $0.427759$ & $0.0279687$ & $-0.122011$ \\
eHWWpar & $0.0578157$ & $-0.00246713$ & $-0.171001$ & $0.0269536$ & $0.00388103$ & $0.0185681$ & $0.0361753$ & $0.0311336$ & $0.0297117$ & $0.00862119$ & $-0.0191704$ & $-0.0835296$ & $-0.0706588$ & $-0.0100437$ & $0.00245547$ & $0.0148012$ & $-0.0245666$ & $-0.023993$ & $-0.0318618$ & $0.0186469$ & $0.0184374$ & $0.0248722$ & $0.0236917$ & $-0.0220899$ & $-0.00440234$ & $-0.00420636$ & $0.0624086$ & $0.00589774$ & $0.00814017$ & $-0.0540541$ & $-0.0165929$ & $0.0157528$ & $-0.0483465$ & $0.0268972$ & $-0.151595$ & $0.0475351$ & $-0.0436676$ & $1$ & $-0.263963$ & $0.0370209$ & $0.0404893$ & $0.0120774$ & $-0.0321676$ & $0.000266608$ & $-0.0750182$ & $0.033842$ & $0.0479232$ & $0.0996128$ & $0.11119$ \\
eHZZint & $-0.112011$ & $0.0570874$ & $0.329442$ & $0.128827$ & $-0.00415225$ & $-0.0150875$ & $0.281418$ & $-0.0183327$ & $-0.00272228$ & $0.0982851$ & $0.0289534$ & $-0.110934$ & $-0.185694$ & $-0.0239278$ & $0.00587834$ & $-0.029311$ & $-0.0200765$ & $-0.0238756$ & $0.00585068$ & $-0.0259784$ & $-0.0275923$ & $-0.0226951$ & $-0.00748992$ & $-0.00248221$ & $-0.0150467$ & $0.0154935$ & $-0.0144353$ & $-0.0463895$ & $0.010566$ & $-0.0581132$ & $-0.0457885$ & $0.315758$ & $-0.0797874$ & $-0.0222516$ & $0.113332$ & $0.10468$ & $-0.232079$ & $-0.263963$ & $1$ & $-0.075179$ & $0.300818$ & $-0.362307$ & $0.430612$ & $0.291713$ & $-0.00394339$ & $0.0735257$ & $-0.279742$ & $-0.389639$ & $0.00578587$ \\
eHZZpar & $-0.136584$ & $0.0435638$ & $-0.158261$ & $0.138441$ & $0.0076773$ & $0.030388$ & $0.0386963$ & $-0.0153892$ & $-0.0195867$ & $0.0123821$ & $0.0191267$ & $-0.122124$ & $-0.125909$ & $-0.0108882$ & $-0.0114184$ & $-0.00934607$ & $-0.0113686$ & $-0.00178544$ & $0.000813472$ & $-0.0155425$ & $-0.0190292$ & $-0.0151923$ & $0.0285205$ & $0.0208562$ & $0.00559132$ & $-0.00289632$ & $0.0125876$ & $-0.00386356$ & $-0.0207677$ & $-0.0736956$ & $-0.0619499$ & $0.0175324$ & $-0.0839245$ & $-0.00930139$ & $0.104979$ & $-0.0544535$ & $-0.113964$ & $0.0370209$ & $-0.075179$ & $1$ & $0.164229$ & $-0.0501586$ & $-0.100887$ & $0.0639454$ & $0.0670249$ & $-0.0998515$ & $-0.191927$ & $0.226674$ & $-0.072775$ \\
eHZgaint & $0.00583963$ & $-0.238126$ & $-0.244768$ & $0.258111$ & $-0.000973554$ & $0.000713761$ & $0.222827$ & $0.0198075$ & $0.0249562$ & $-0.0129369$ & $-0.011308$ & $-0.30593$ & $-0.334697$ & $-0.00275827$ & $-0.0202246$ & $0.0237102$ & $-0.0196316$ & $0.00110346$ & $-0.0237209$ & $0.0135625$ & $0.0100274$ & $0.0120533$ & $0.011968$ & $-0.0182088$ & $-0.0118561$ & $-0.0108226$ & $0.0155504$ & $0.0104253$ & $-0.0203638$ & $-0.211884$ & $-0.117586$ & $0.188705$ & $-0.199004$ & $0.0292695$ & $-0.216476$ & $0.241361$ & $-0.238345$ & $0.0404893$ & $0.300818$ & $0.164229$ & $1$ & $-0.0565324$ & $0.373646$ & $-0.0308$ & $0.0190026$ & $-0.18378$ & $-0.315385$ & $0.0833798$ & $0.0743264$ \\
eHZgapar & $0.16853$ & $-0.157128$ & $0.116584$ & $-0.0420184$ & $-0.00641038$ & $-0.0325938$ & $-0.1894$ & $-0.0248113$ & $-0.0305036$ & $0.0133584$ & $0.0078337$ & $0.0986608$ & $0.080986$ & $0.0167597$ & $-0.0483263$ & $-0.00179025$ & $0.0386763$ & $0.0615797$ & $0.0311664$ & $-0.011935$ & $-0.00844716$ & $-0.00760256$ & $0.0204223$ & $0.0205479$ & $0.0373373$ & $-0.0174252$ & $2.01023e-05$ & $0.0166202$ & $0.00358724$ & $-0.0102354$ & $-0.000923997$ & $-0.220438$ & $0.00319627$ & $0.0216085$ & $-0.0150713$ & $0.0774797$ & $0.283604$ & $0.0120774$ & $-0.362307$ & $-0.0501586$ & $-0.0565324$ & $1$ & $-0.117142$ & $-0.226725$ & $-0.181666$ & $-0.191417$ & $0.260047$ & $0.225683$ & $-0.130887$ \\
eHgagaint & $0.155593$ & $-0.0924824$ & $0.113559$ & $0.42477$ & $0.0273883$ & $-0.0359393$ & $0.264755$ & $-0.0344007$ & $-0.00382773$ & $0.0440511$ & $0.0361087$ & $-0.070491$ & $-0.112028$ & $-0.0217556$ & $-0.0222479$ & $-0.0542639$ & $0.00794163$ & $0.00779345$ & $0.0369155$ & $-0.0354713$ & $-0.0332318$ & $-0.0287047$ & $0.00828824$ & $0.0129341$ & $0.00603665$ & $0.0163588$ & $-0.000701818$ & $-0.0277573$ & $0.0224397$ & $-0.0522276$ & $-0.0107609$ & $0.305503$ & $-0.0193353$ & $-0.0114876$ & $-0.156733$ & $-0.0850422$ & $0.0772782$ & $-0.0321676$ & $0.430612$ & $-0.100887$ & $0.373646$ & $-0.117142$ & $1$ & $-0.116889$ & $-0.370097$ & $0.0974898$ & $-0.18433$ & $-0.275021$ & $0.201016$ \\
eHmumuint & $-0.153959$ & $0.552017$ & $0.281507$ & $-0.258086$ & $-0.00148822$ & $0.00692124$ & $0.14788$ & $-0.0246049$ & $-0.0294182$ & $0.0957439$ & $0.025605$ & $-0.244724$ & $-0.275944$ & $-0.0106869$ & $0.0228822$ & $0.014946$ & $-0.0117758$ & $-0.0171364$ & $-0.00890038$ & $-0.0162928$ & $-0.024402$ & $-0.0216559$ & $-0.0206606$ & $0.00975665$ & $0.00322976$ & $0.0417021$ & $-0.0141574$ & $-0.0643976$ & $-0.00165612$ & $-0.100942$ & $-0.0861999$ & $0.130696$ & $-0.109271$ & $-0.0362672$ & $0.0516592$ & $-0.235644$ & $-0.582489$ & $0.000266608$ & $0.291713$ & $0.0639454$ & $-0.0308$ & $-0.226725$ & $-0.116889$ & $1$ & $0.385359$ & $0.355251$ & $0.0507028$ & $-0.279162$ & $0.331295$ \\
eHtautauint & $-0.295608$ & $0.254003$ & $-0.13822$ & $-0.265955$ & $-0.0120721$ & $0.0170607$ & $-0.174086$ & $0.0226077$ & $0.00594981$ & $-0.0143066$ & $-0.00255392$ & $0.0402274$ & $0.0177743$ & $-0.0154913$ & $0.00187376$ & $0.0159756$ & $-0.0485533$ & $-0.0378496$ & $-0.0459891$ & $0.00475905$ & $0.0046145$ & $0.00675985$ & $-0.00813145$ & $-0.0337733$ & $-0.0266575$ & $0.0289433$ & $0.0262015$ & $-0.013903$ & $-0.00254461$ & $0.0401019$ & $-0.013269$ & $-0.197933$ & $0.0294036$ & $0.0182752$ & $-0.129408$ & $0.0364557$ & $-0.361622$ & $-0.0750182$ & $-0.00394339$ & $0.0670249$ & $0.0190026$ & $-0.181666$ & $-0.370097$ & $0.385359$ & $1$ & $-0.051945$ & $-0.141896$ & $-0.16747$ & $0.186993$ \\
eHccint & $-0.127041$ & $0.429597$ & $0.113982$ & $0.14769$ & $-0.0108396$ & $-0.000500751$ & $0.0559005$ & $-0.0178444$ & $-0.0142568$ & $0.0406921$ & $0.0168438$ & $-0.103507$ & $-0.135643$ & $-0.0131172$ & $0.0299446$ & $0.0198012$ & $-0.00350767$ & $-0.0187689$ & $-0.0149545$ & $-0.00966626$ & $-0.0181058$ & $-0.0186963$ & $-0.0300542$ & $0.0109607$ & $-0.01232$ & $0.0342307$ & $-0.0411186$ & $-0.037807$ & $-0.0167544$ & $-0.0233074$ & $0.0235079$ & $0.0525311$ & $-0.0112724$ & $-0.0356596$ & $-0.170574$ & $-0.346137$ & $-0.129012$ & $0.033842$ & $0.0735257$ & $-0.0998515$ & $-0.18378$ & $-0.191417$ & $0.0974898$ & $0.355251$ & $-0.051945$ & $1$ & $0.146353$ & $-0.0151927$ & $0.232344$ \\
eHccpar & $-0.0101565$ & $0.0669605$ & $0.281082$ & $-0.403943$ & $0.032943$ & $-0.0166828$ & $-0.321686$ & $0.0156512$ & $0.00883612$ & $-0.0917828$ & $-0.0334691$ & $0.277922$ & $0.310356$ & $0.0511853$ & $0.0179612$ & $0.0109875$ & $0.0295553$ & $0.0252929$ & $0.0299975$ & $0.0313381$ & $0.0339616$ & $0.0350781$ & $0.00526201$ & $0.00266542$ & $0.0388978$ & $-0.00926641$ & $0.0216689$ & $-0.00647895$ & $0.0697164$ & $0.150147$ & $0.147934$ & $-0.324661$ & $0.17527$ & $-0.00310556$ & $0.0596935$ & $0.0144206$ & $0.427759$ & $0.0479232$ & $-0.279742$ & $-0.191927$ & $-0.315385$ & $0.260047$ & $-0.18433$ & $0.0507028$ & $-0.141896$ & $0.146353$ & $1$ & $0.234208$ & $-0.0365231$ \\
eHbbint & $-0.385218$ & $0.105195$ & $-0.449631$ & $-0.0433856$ & $0.00739474$ & $-0.000649666$ & $-0.339107$ & $-0.0345555$ & $-0.0454842$ & $-0.0915055$ & $-0.00845261$ & $0.249035$ & $0.316249$ & $0.0694992$ & $-0.0232776$ & $0.0516008$ & $0.0719608$ & $0.0969918$ & $0.0438892$ & $0.00956476$ & $0.00425062$ & $0.00522188$ & $-0.00906993$ & $0.077156$ & $0.0782299$ & $-0.00278482$ & $-0.0358298$ & $0.0248852$ & $0.0395214$ & $0.151913$ & $0.121802$ & $-0.345044$ & $0.17162$ & $-0.0127549$ & $-0.0518626$ & $-0.236899$ & $0.0279687$ & $0.0996128$ & $-0.389639$ & $0.226674$ & $0.0833798$ & $0.225683$ & $-0.275021$ & $-0.279162$ & $-0.16747$ & $-0.0151927$ & $0.234208$ & $1$ & $-0.432448$ \\
eHbbpar & $0.373763$ & $-0.0233288$ & $-0.00656452$ & $-0.024762$ & $-0.0022106$ & $0.00971149$ & $0.244523$ & $0.0285187$ & $0.0337023$ & $0.025084$ & $0.00138929$ & $-0.311452$ & $-0.328666$ & $-0.0469095$ & $0.0288737$ & $-0.000984595$ & $-0.0546854$ & $-0.0737806$ & $-0.0531653$ & $0.00100005$ & $-0.00138525$ & $-0.00164166$ & $0.00730402$ & $-0.0514026$ & $-0.0744027$ & $0.00197931$ & $-0.000980165$ & $-0.0154359$ & $-0.00984773$ & $-0.185749$ & $-0.0914899$ & $0.214107$ & $-0.0971047$ & $0.00203397$ & $-0.375$ & $-0.0938931$ & $-0.122011$ & $0.11119$ & $0.00578587$ & $-0.072775$ & $0.0743264$ & $-0.130887$ & $0.201016$ & $0.331295$ & $0.186993$ & $0.232344$ & $-0.0365231$ & $-0.432448$ & $1$ \\
