 & AlsMz & dAle5Mz & mtop & mHl & Mz & CW & CHG & CHWB & CHWHB_gaga & CHWHB_gagaorth & CHD & CHbox & CH & CHL1_11 & CHL1_22 & CHL1_33 & CHL3_11 & CHL3_22 & CHL3_33 & CHe_11 & CHe_22 & CHe_33 & CHQ1_11 & CHQ1_33 & CHQ3_11 & CHu_11 & CHd_11 & CHd_33 & CeH_22r & CeH_33r & CuH_22r & CuH_33r & CdH_33r & CLL_1221 & eHggint & eHggpar & eHWWint & eHWWpar & eHZZint & eHZZpar & eHZgaint & eHZgapar & eHgagaint & eHmumuint & eHtautauint & eHccint & eHccpar & eHbbint & eHbbpar \\
AlsMz & $1$ & $-0.0753551$ & $-0.0813414$ & $0.00853157$ & $-0.0247055$ & $0.0161713$ & $-0.033867$ & $0.00575094$ & $-0.000964495$ & $0.00392025$ & $-0.0140678$ & $0.04373$ & $0.0243686$ & $-0.00191005$ & $0.0133705$ & $0.0148893$ & $0.00546931$ & $-0.00586977$ & $-0.00399907$ & $0.00264897$ & $0.000781711$ & $0.00436853$ & $0.014386$ & $-0.0545407$ & $-0.124927$ & $-0.0710482$ & $-0.0476017$ & $0.0182418$ & $-0.00733175$ & $0.0152454$ & $-0.00980207$ & $-0.0279878$ & $-0.00943526$ & $-0.00652749$ & $0.0393181$ & $-0.0478285$ & $0.0411646$ & $0.00909273$ & $0.00236264$ & $0.011044$ & $0.024461$ & $-0.0077904$ & $-0.0378147$ & $0.0254972$ & $0.101884$ & $-0.166953$ & $-0.0123039$ & $-0.117999$ & $-0.00740645$ \\
dAle5Mz & $-0.0753551$ & $1$ & $-0.0244148$ & $-0.0478909$ & $-0.0261198$ & $0.0369874$ & $0.00100384$ & $-0.0864751$ & $-0.0845596$ & $0.0346988$ & $0.0695366$ & $-0.0162289$ & $-0.0347829$ & $-0.0187985$ & $-0.0417583$ & $-0.0247615$ & $0.0121674$ & $0.0311$ & $0.0183056$ & $-0.044885$ & $-0.0428118$ & $-0.0371967$ & $-0.00492698$ & $0.022145$ & $0.0245043$ & $0.0265115$ & $-0.0131938$ & $-0.0337094$ & $-0.0219245$ & $-0.0181442$ & $0.00507625$ & $0.00867544$ & $0.00264147$ & $0.0238064$ & $0.0972969$ & $0.0237705$ & $0.00336351$ & $-0.0245462$ & $0.0551242$ & $-0.0133474$ & $-0.0310496$ & $-0.0156263$ & $0.012705$ & $0.00343962$ & $0.0693777$ & $-0.0505326$ & $0.035202$ & $-0.000849346$ & $0.067174$ \\
mtop & $-0.0813414$ & $-0.0244148$ & $1$ & $-0.00832972$ & $-0.0131059$ & $0.00413894$ & $-0.0430371$ & $-0.0101663$ & $-0.0192989$ & $-0.0178623$ & $0.023653$ & $-0.0147571$ & $-0.00624608$ & $-0.00816099$ & $0.00680748$ & $-0.0091143$ & $-0.0120929$ & $-0.0127134$ & $-0.00114531$ & $-0.016086$ & $-0.0158777$ & $-0.0168991$ & $0.0138125$ & $0.0106783$ & $0.0080376$ & $0.00176882$ & $0.00348763$ & $-0.0289861$ & $0.000778977$ & $0.00396339$ & $-0.0450344$ & $-0.0416206$ & $0.106262$ & $-0.0146645$ & $-0.0156793$ & $0.0677702$ & $-0.167529$ & $-0.0390458$ & $0.0373997$ & $0.032538$ & $-0.0853167$ & $0.00939414$ & $-0.125952$ & $0.0998836$ & $0.0218245$ & $-0.0326381$ & $-0.165383$ & $0.0673399$ & $0.156335$ \\
mHl & $0.00853157$ & $-0.0478909$ & $-0.00832972$ & $1$ & $-0.027119$ & $0.00970605$ & $-0.011198$ & $0.0104556$ & $0.0110931$ & $0.00860609$ & $-0.00804037$ & $0.00897671$ & $0.01954$ & $0.0035066$ & $0.014348$ & $0.000283805$ & $-0.00481233$ & $-0.0131135$ & $-0.00256491$ & $0.00488577$ & $0.00637729$ & $0.0056978$ & $0.00191461$ & $-0.00702611$ & $-0.0135511$ & $-0.00640882$ & $-0.00724315$ & $-0.00894991$ & $-0.0135899$ & $0.00614207$ & $0.0270163$ & $-0.0120607$ & $0.0101612$ & $-0.00637654$ & $-0.0963969$ & $0.00124708$ & $-0.0103027$ & $-0.00653474$ & $-0.0435016$ & $0.000682997$ & $-0.00276983$ & $0.00319641$ & $0.0287439$ & $-0.0173617$ & $-0.0992448$ & $0.0138806$ & $0.0149341$ & $0.0888919$ & $-0.0683331$ \\
Mz & $-0.0247055$ & $-0.0261198$ & $-0.0131059$ & $-0.027119$ & $1$ & $-0.00216382$ & $0.0113053$ & $-0.00610812$ & $-0.00601961$ & $0.0169965$ & $0.0046584$ & $-0.0142867$ & $-0.0314011$ & $0.0135059$ & $0.0350543$ & $0.0298087$ & $0.0178051$ & $-0.00359587$ & $0.00246489$ & $0.00668422$ & $0.00104452$ & $0.00326602$ & $-0.00814441$ & $0.0169397$ & $-0.00289308$ & $0.000820168$ & $-0.0388377$ & $-0.0185689$ & $-0.0174154$ & $0.00471565$ & $-0.0194169$ & $0.0168722$ & $0.0203015$ & $-0.0351649$ & $-0.0263925$ & $0.00159667$ & $-0.0202727$ & $-0.00258502$ & $0.00542825$ & $-0.0193285$ & $0.0162968$ & $0.00445566$ & $-0.00798423$ & $0.00812868$ & $-0.0120645$ & $0.00217627$ & $-0.0271501$ & $0.0425027$ & $0.0168107$ \\
CW & $0.0161713$ & $0.0369874$ & $0.00413894$ & $0.00970605$ & $-0.00216382$ & $1$ & $-0.00723088$ & $-0.132852$ & $-0.130692$ & $0.0320244$ & $0.194231$ & $0.0300447$ & $-0.00144364$ & $0.000953976$ & $-0.068829$ & $-0.0727938$ & $-0.251071$ & $-0.0599406$ & $-0.0552755$ & $-0.188808$ & $-0.19818$ & $-0.18611$ & $-0.0224574$ & $0.00618525$ & $-0.100239$ & $0.113963$ & $-0.101747$ & $-0.058764$ & $0.00776707$ & $-0.000664407$ & $0.0193017$ & $0.00239737$ & $0.00686849$ & $-0.131508$ & $0.0121111$ & $0.0267448$ & $0.0121405$ & $-0.013206$ & $-0.0325135$ & $0.00704898$ & $0.0169468$ & $0.00991166$ & $-0.0173501$ & $0.0146099$ & $0.00841938$ & $-0.0116126$ & $0.0397678$ & $0.00260913$ & $0.00591794$ \\
CHG & $-0.033867$ & $0.00100384$ & $-0.0430371$ & $-0.011198$ & $0.0113053$ & $-0.00723088$ & $1$ & $-0.0675969$ & $-0.00938663$ & $0.0853386$ & $0.0570369$ & $-0.317136$ & $-0.416837$ & $-0.00655326$ & $-0.0263076$ & $-0.0157664$ & $0.0257129$ & $0.0375068$ & $0.0306854$ & $-0.0562457$ & $-0.0567505$ & $-0.0529487$ & $-0.00421377$ & $0.044997$ & $0.0383458$ & $0.0411351$ & $-0.0227422$ & $-0.0232588$ & $-0.0375664$ & $-0.178531$ & $-0.106259$ & $0.945746$ & $-0.231109$ & $-0.0301125$ & $-0.0273267$ & $-0.0177654$ & $0.031737$ & $-0.0116085$ & $-0.0300707$ & $-0.00818746$ & $0.0119777$ & $0.0212282$ & $0.0178093$ & $-0.0201543$ & $-0.00108771$ & $0.0249232$ & $-0.0132824$ & $-0.0374667$ & $-0.036596$ \\
CHWB & $0.00575094$ & $-0.0864751$ & $-0.0101663$ & $0.0104556$ & $-0.00610812$ & $-0.132852$ & $-0.0675969$ & $1$ & $0.982108$ & $-0.563648$ & $-0.870955$ & $0.0216913$ & $0.176633$ & $0.065425$ & $0.290118$ & $0.308436$ & $-0.242615$ & $-0.430112$ & $-0.442628$ & $0.8442$ & $0.887761$ & $0.872121$ & $0.0688414$ & $-0.674831$ & $-0.403415$ & $-0.508522$ & $0.441007$ & $0.304059$ & $0.0385192$ & $0.0748087$ & $0.0441077$ & $-0.063885$ & $0.085905$ & $0.580192$ & $-0.0208655$ & $0.00759154$ & $0.00611831$ & $-0.0113001$ & $0.0186627$ & $0.0191966$ & $0.0182604$ & $-0.00632953$ & $0.00560401$ & $-0.017078$ & $-0.0324632$ & $-0.0105044$ & $-0.0112734$ & $-0.0313219$ & $0.00304592$ \\
CHWHB_gaga & $-0.000964495$ & $-0.0845596$ & $-0.0192989$ & $0.0110931$ & $-0.00601961$ & $-0.130692$ & $-0.00938663$ & $0.982108$ & $1$ & $-0.555124$ & $-0.853861$ & $0.0289018$ & $0.160342$ & $0.0611939$ & $0.28721$ & $0.305856$ & $-0.241932$ & $-0.426273$ & $-0.439606$ & $0.828091$ & $0.870042$ & $0.854327$ & $0.0641559$ & $-0.66342$ & $-0.401304$ & $-0.497563$ & $0.427402$ & $0.302719$ & $0.0430984$ & $0.0949715$ & $0.051842$ & $-0.0126836$ & $0.0990925$ & $0.567989$ & $-0.0431127$ & $0.00334142$ & $-0.0135229$ & $-0.0159993$ & $0.0153576$ & $0.0162575$ & $0.0181623$ & $-0.00270015$ & $0.0792919$ & $-0.0198541$ & $-0.032366$ & $-0.00232783$ & $-0.0128442$ & $-0.031511$ & $-0.0104128$ \\
CHWHB_gagaorth & $0.00392025$ & $0.0346988$ & $-0.0178623$ & $0.00860609$ & $0.0169965$ & $0.0320244$ & $0.0853386$ & $-0.563648$ & $-0.555124$ & $1$ & $0.381294$ & $0.0876008$ & $-0.252844$ & $0.165712$ & $-0.125209$ & $-0.135919$ & $0.354024$ & $0.417026$ & $0.422566$ & $-0.367597$ & $-0.39616$ & $-0.390195$ & $-0.0643432$ & $0.501714$ & $0.407812$ & $0.243924$ & $-0.246314$ & $-0.151031$ & $-0.0499184$ & $-0.181433$ & $-0.0935773$ & $0.0898328$ & $-0.205985$ & $-0.349974$ & $0.0570795$ & $0.0198318$ & $-0.018299$ & $0.0260404$ & $-0.0254925$ & $-0.000771972$ & $-0.0673727$ & $0.00563555$ & $0.0135223$ & $0.00567143$ & $0.0273319$ & $-0.00626658$ & $0.00353168$ & $0.00344307$ & $-0.0128597$ \\
CHD & $-0.0140678$ & $0.0695366$ & $0.023653$ & $-0.00804037$ & $0.0046584$ & $0.194231$ & $0.0570369$ & $-0.870955$ & $-0.853861$ & $0.381294$ & $1$ & $0.0267151$ & $-0.133202$ & $-0.504432$ & $-0.412605$ & $-0.422138$ & $-0.233088$ & $0.0382879$ & $0.0471727$ & $-0.990898$ & $-0.991761$ & $-0.970956$ & $-0.0128091$ & $0.29075$ & $0.000287104$ & $0.572197$ & $-0.31092$ & $-0.335826$ & $-0.0323679$ & $-0.0737982$ & $-0.0399261$ & $0.0570588$ & $-0.0846345$ & $-0.380942$ & $0.0178091$ & $-0.00307295$ & $0.00251932$ & $0.00897129$ & $-0.00746503$ & $-0.021636$ & $-0.0062617$ & $0.0166295$ & $-0.0102156$ & $0.0188912$ & $0.0325771$ & $0.00121496$ & $0.0106807$ & $0.0276469$ & $0.00696653$ \\
CHbox & $0.04373$ & $-0.0162289$ & $-0.0147571$ & $0.00897671$ & $-0.0142867$ & $0.0300447$ & $-0.317136$ & $0.0216913$ & $0.0289018$ & $0.0876008$ & $0.0267151$ & $1$ & $0.751478$ & $-0.0893748$ & $0.0180202$ & $0.0205327$ & $-0.104243$ & $-0.0978497$ & $-0.100561$ & $-0.0197138$ & $-0.0295803$ & $-0.0269529$ & $0.00732622$ & $-0.0656636$ & $-0.107378$ & $-0.00318516$ & $-0.0283479$ & $-0.0129805$ & $0.0750614$ & $0.455974$ & $0.184046$ & $-0.220883$ & $0.504175$ & $-0.00308334$ & $0.101528$ & $0.0350319$ & $-0.0342334$ & $-0.0150371$ & $0.00562161$ & $-0.00595735$ & $-0.0344532$ & $-0.0086409$ & $-0.0124785$ & $-0.00415117$ & $-0.00947348$ & $-0.0129372$ & $-0.000960969$ & $0.0019885$ & $0.0130066$ \\
CH & $0.0243686$ & $-0.0347829$ & $-0.00624608$ & $0.01954$ & $-0.0314011$ & $-0.00144364$ & $-0.416837$ & $0.176633$ & $0.160342$ & $-0.252844$ & $-0.133202$ & $0.751478$ & $1$ & $-0.0185141$ & $0.0454687$ & $0.0556646$ & $-0.0932583$ & $-0.108503$ & $-0.115488$ & $0.130292$ & $0.134882$ & $0.133104$ & $0.0151176$ & $-0.137867$ & $-0.118759$ & $-0.094223$ & $0.0588014$ & $0.045324$ & $0.0833352$ & $0.366654$ & $0.191371$ & $-0.377336$ & $0.422453$ & $0.0996919$ & $0.0175648$ & $0.00191038$ & $-0.0105752$ & $-0.0136757$ & $0.0169148$ & $-0.00417534$ & $0.00623739$ & $-0.00704599$ & $-0.0153387$ & $-0.0085197$ & $-0.0324291$ & $-0.00462986$ & $0.0019975$ & $0.0197014$ & $0.0137201$ \\
CHL1_11 & $-0.00191005$ & $-0.0187985$ & $-0.00816099$ & $0.0035066$ & $0.0135059$ & $0.000953976$ & $-0.00655326$ & $0.065425$ & $0.0611939$ & $0.165712$ & $-0.504432$ & $-0.0893748$ & $-0.0185141$ & $1$ & $0.271538$ & $0.253815$ & $0.702618$ & $0.632652$ & $0.640054$ & $0.521537$ & $0.466051$ & $0.451346$ & $-0.0815282$ & $0.511999$ & $0.633034$ & $-0.273511$ & $-0.103047$ & $0.155843$ & $0.00444566$ & $0.0243403$ & $0.0112935$ & $-0.0118673$ & $0.0324809$ & $-0.225596$ & $0.00299546$ & $-0.00452498$ & $-0.0142234$ & $0.000933842$ & $-0.019657$ & $0.00840212$ & $-0.0131582$ & $-0.0194609$ & $0.0111319$ & $0.0032121$ & $-0.00638092$ & $0.0240395$ & $-0.00494367$ & $0.00730466$ & $-0.0225398$ \\
CHL1_22 & $0.0133705$ & $-0.0417583$ & $0.00680748$ & $0.014348$ & $0.0350543$ & $-0.068829$ & $-0.0263076$ & $0.290118$ & $0.28721$ & $-0.125209$ & $-0.412605$ & $0.0180202$ & $0.0454687$ & $0.271538$ & $1$ & $0.429295$ & $0.157061$ & $-0.422662$ & $-0.0145901$ & $0.475115$ & $0.331603$ & $0.31887$ & $-0.163245$ & $0.103942$ & $-0.127375$ & $-0.207267$ & $-0.392857$ & $0.118136$ & $-0.00489894$ & $0.0320825$ & $0.0139637$ & $-0.0225767$ & $0.0374034$ & $-0.582071$ & $0.00760319$ & $-0.0138123$ & $-0.028225$ & $0.00164964$ & $-0.00671528$ & $0.0028691$ & $0.0131215$ & $-0.0339022$ & $-0.00632378$ & $-0.0361145$ & $-0.00784032$ & $-0.032664$ & $0.0114309$ & $-0.023769$ & $-0.0159194$ \\
CHL1_33 & $0.0148893$ & $-0.0247615$ & $-0.0091143$ & $0.000283805$ & $0.0298087$ & $-0.0727938$ & $-0.0157664$ & $0.308436$ & $0.305856$ & $-0.135919$ & $-0.422138$ & $0.0205327$ & $0.0556646$ & $0.253815$ & $0.429295$ & $1$ & $0.148972$ & $-0.0226566$ & $-0.411714$ & $0.483353$ & $0.347487$ & $0.363269$ & $-0.173419$ & $0.0827695$ & $-0.12355$ & $-0.191976$ & $-0.348818$ & $0.131881$ & $0.0134995$ & $0.0434427$ & $0.0342363$ & $-0.0128654$ & $0.0350509$ & $-0.0653381$ & $-0.0145412$ & $-0.0115558$ & $-0.0265261$ & $0.00847154$ & $-0.00721286$ & $0.00447822$ & $0.0130794$ & $-0.0210785$ & $0.0118027$ & $-0.0137302$ & $-0.00264854$ & $-0.0111168$ & $-0.00617307$ & $-0.0101229$ & $-0.0200151$ \\
CHL3_11 & $0.00546931$ & $0.0121674$ & $-0.0120929$ & $-0.00481233$ & $0.0178051$ & $-0.251071$ & $0.0257129$ & $-0.242615$ & $-0.241932$ & $0.354024$ & $-0.233088$ & $-0.104243$ & $-0.0932583$ & $0.702618$ & $0.157061$ & $0.148972$ & $1$ & $0.764476$ & $0.764832$ & $0.252657$ & $0.202292$ & $0.191365$ & $-0.0742268$ & $0.694841$ & $0.797859$ & $-0.121114$ & $-0.149802$ & $0.0553204$ & $-0.0160496$ & $-0.00528271$ & $-0.0133898$ & $0.0171782$ & $-0.00568568$ & $-0.249846$ & $-0.0020332$ & $-0.00481813$ & $-0.0191395$ & $0.00229176$ & $-0.0117704$ & $0.00876262$ & $-0.0247168$ & $-0.0136882$ & $0.00394367$ & $-0.00585401$ & $-0.007542$ & $0.0168374$ & $-0.00583108$ & $0.00934736$ & $-0.0126167$ \\
CHL3_22 & $-0.00586977$ & $0.0311$ & $-0.0127134$ & $-0.0131135$ & $-0.00359587$ & $-0.0599406$ & $0.0375068$ & $-0.430112$ & $-0.426273$ & $0.417026$ & $0.0382879$ & $-0.0978497$ & $-0.108503$ & $0.632652$ & $-0.422662$ & $-0.0226566$ & $0.764476$ & $1$ & $0.706211$ & $-0.0408844$ & $-0.0342036$ & $-0.0331272$ & $-0.00672616$ & $0.648613$ & $0.815201$ & $0.024644$ & $-0.0085065$ & $-0.0202123$ & $-0.00724564$ & $-0.0219747$ & $-0.0148904$ & $0.0283706$ & $-0.0243763$ & $0.00943548$ & $-0.00283058$ & $0.000112105$ & $-0.00265244$ & $0.00531214$ & $-0.0179086$ & $0.00231758$ & $-0.0291749$ & $0.00318869$ & $0.0111812$ & $0.0236446$ & $0.00311559$ & $0.0400646$ & $-0.00965191$ & $0.0267286$ & $-0.00835189$ \\
CHL3_33 & $-0.00399907$ & $0.0183056$ & $-0.00114531$ & $-0.00256491$ & $0.00246489$ & $-0.0552755$ & $0.0306854$ & $-0.442628$ & $-0.439606$ & $0.422566$ & $0.0471727$ & $-0.100561$ & $-0.115488$ & $0.640054$ & $-0.0145901$ & $-0.411714$ & $0.764832$ & $0.706211$ & $1$ & $-0.0489533$ & $-0.0465114$ & $-0.046474$ & $0.00309571$ & $0.660519$ & $0.811107$ & $0.0156899$ & $-0.0342847$ & $-0.0329105$ & $-0.015751$ & $-0.0313521$ & $-0.0307773$ & $0.0215703$ & $-0.0253611$ & $-0.363111$ & $0.0137189$ & $0.00114742$ & $-0.000387991$ & $0.00249547$ & $-0.0218656$ & $-6.14096e-05$ & $-0.0236921$ & $9.81267e-05$ & $-0.00370361$ & $0.00786371$ & $-0.00268591$ & $0.0253684$ & $0.00403314$ & $0.0133211$ & $-0.00725849$ \\
CHe_11 & $0.00264897$ & $-0.044885$ & $-0.016086$ & $0.00488577$ & $0.00668422$ & $-0.188808$ & $-0.0562457$ & $0.8442$ & $0.828091$ & $-0.367597$ & $-0.990898$ & $-0.0197138$ & $0.130292$ & $0.521537$ & $0.475115$ & $0.483353$ & $0.252657$ & $-0.0408844$ & $-0.0489533$ & $1$ & $0.974877$ & $0.954987$ & $-0.0113754$ & $-0.240971$ & $0.00617563$ & $-0.561541$ & $0.24079$ & $0.330607$ & $0.0320713$ & $0.0722026$ & $0.0394755$ & $-0.0557145$ & $0.0851912$ & $0.307467$ & $-0.0154184$ & $0.0017908$ & $-0.00767612$ & $-0.00761835$ & $0.00495272$ & $0.0206592$ & $0.00503822$ & $-0.020259$ & $0.00955397$ & $-0.0173596$ & $-0.0308817$ & $-0.00249016$ & $-0.00925395$ & $-0.0270931$ & $-0.00415973$ \\
CHe_22 & $0.000781711$ & $-0.0428118$ & $-0.0158777$ & $0.00637729$ & $0.00104452$ & $-0.19818$ & $-0.0567505$ & $0.887761$ & $0.870042$ & $-0.39616$ & $-0.991761$ & $-0.0295803$ & $0.134882$ & $0.466051$ & $0.331603$ & $0.347487$ & $0.202292$ & $-0.0342036$ & $-0.0465114$ & $0.974877$ & $1$ & $0.976101$ & $0.0388423$ & $-0.342475$ & $-0.00603249$ & $-0.573651$ & $0.387714$ & $0.335314$ & $0.0329697$ & $0.0721556$ & $0.0392009$ & $-0.0568392$ & $0.0869645$ & $0.463516$ & $-0.0169814$ & $0.00804438$ & $-0.000545017$ & $-0.0122552$ & $0.01233$ & $0.021637$ & $0.00447829$ & $-0.0121324$ & $0.00953923$ & $-0.0146433$ & $-0.0339185$ & $0.000236868$ & $-0.0128827$ & $-0.0246261$ & $0.000600218$ \\
CHe_33 & $0.00436853$ & $-0.0371967$ & $-0.0168991$ & $0.0056978$ & $0.00326602$ & $-0.18611$ & $-0.0529487$ & $0.872121$ & $0.854327$ & $-0.390195$ & $-0.970956$ & $-0.0269529$ & $0.133104$ & $0.451346$ & $0.31887$ & $0.363269$ & $0.191365$ & $-0.0331272$ & $-0.046474$ & $0.954987$ & $0.976101$ & $1$ & $0.0405192$ & $-0.340261$ & $-0.00765987$ & $-0.561323$ & $0.385523$ & $0.328862$ & $0.0358162$ & $0.0680799$ & $0.0336029$ & $-0.0541471$ & $0.0819314$ & $0.462955$ & $-0.0122094$ & $0.00829245$ & $0.00429002$ & $-0.00603012$ & $0.00409274$ & $0.0198703$ & $0.0127915$ & $-0.00480889$ & $0.00546064$ & $-0.0185843$ & $-0.0364726$ & $-0.00656781$ & $-0.0121136$ & $-0.0278623$ & $0.000726928$ \\
CHQ1_11 & $0.014386$ & $-0.00492698$ & $0.0138125$ & $0.00191461$ & $-0.00814441$ & $-0.0224574$ & $-0.00421377$ & $0.0688414$ & $0.0641559$ & $-0.0643432$ & $-0.0128091$ & $0.00732622$ & $0.0151176$ & $-0.0815282$ & $-0.163245$ & $-0.173419$ & $-0.0742268$ & $-0.00672616$ & $0.00309571$ & $-0.0113754$ & $0.0388423$ & $0.0405192$ & $1$ & $-0.1374$ & $0.0652607$ & $-0.670247$ & $0.341354$ & $0.0137707$ & $-0.0142858$ & $0.0135005$ & $-0.00779631$ & $-0.00285621$ & $0.0102717$ & $0.191122$ & $0.00828531$ & $0.0116851$ & $0.0171362$ & $-0.0061095$ & $-0.00872314$ & $-0.00341228$ & $-0.0276902$ & $0.00481008$ & $0.0147331$ & $-0.0067037$ & $0.0180156$ & $0.00892722$ & $-0.0210124$ & $-0.0183499$ & $0.000218592$ \\
CHQ1_33 & $-0.0545407$ & $0.022145$ & $0.0106783$ & $-0.00702611$ & $0.0169397$ & $0.00618525$ & $0.044997$ & $-0.674831$ & $-0.66342$ & $0.501714$ & $0.29075$ & $-0.0656636$ & $-0.137867$ & $0.511999$ & $0.103942$ & $0.0827695$ & $0.694841$ & $0.648613$ & $0.660519$ & $-0.240971$ & $-0.342475$ & $-0.340261$ & $-0.1374$ & $1$ & $0.67002$ & $0.194941$ & $-0.421689$ & $-0.0275007$ & $-0.0297174$ & $-0.0352974$ & $-0.0231898$ & $0.0415455$ & $-0.0357596$ & $-0.632304$ & $0.00163913$ & $-0.0122031$ & $-0.0263925$ & $0.0127326$ & $-0.0270405$ & $-0.00358419$ & $-0.0289625$ & $-0.010681$ & $0.00128689$ & $0.00809878$ & $0.00631491$ & $0.0198272$ & $-0.00086159$ & $0.0304941$ & $-0.0162023$ \\
CHQ3_11 & $-0.124927$ & $0.0245043$ & $0.0080376$ & $-0.0135511$ & $-0.00289308$ & $-0.100239$ & $0.0383458$ & $-0.403415$ & $-0.401304$ & $0.407812$ & $0.000287104$ & $-0.107378$ & $-0.118759$ & $0.633034$ & $-0.127375$ & $-0.12355$ & $0.797859$ & $0.815201$ & $0.811107$ & $0.00617563$ & $-0.00603249$ & $-0.00765987$ & $0.0652607$ & $0.67002$ & $1$ & $0.0134342$ & $0.185638$ & $-0.0198749$ & $-0.0175566$ & $-0.0317649$ & $-0.0283241$ & $0.0277185$ & $-0.0261106$ & $-0.208778$ & $-0.0031117$ & $0.0031337$ & $-0.0116641$ & $7.27213e-05$ & $-0.0166908$ & $-0.00231242$ & $-0.0260877$ & $-0.00672978$ & $0.007992$ & $0.0106988$ & $-0.00887012$ & $0.0542512$ & $-0.00352177$ & $0.0367582$ & $-0.00483179$ \\
CHu_11 & $-0.0710482$ & $0.0265115$ & $0.00176882$ & $-0.00640882$ & $0.000820168$ & $0.113963$ & $0.0411351$ & $-0.508522$ & $-0.497563$ & $0.243924$ & $0.572197$ & $-0.00318516$ & $-0.094223$ & $-0.273511$ & $-0.207267$ & $-0.191976$ & $-0.121114$ & $0.024644$ & $0.0156899$ & $-0.561541$ & $-0.573651$ & $-0.561323$ & $-0.670247$ & $0.194941$ & $0.0134342$ & $1$ & $-0.182136$ & $-0.196049$ & $-0.0150354$ & $-0.0563359$ & $-0.0201843$ & $0.04015$ & $-0.0610573$ & $-0.251654$ & $-0.000158323$ & $-0.0248393$ & $0.00163884$ & $0.0118992$ & $-0.00398836$ & $-0.0112752$ & $0.0190794$ & $0.018664$ & $-0.00736235$ & $0.0121623$ & $-0.00213441$ & $0.0167964$ & $0.0199477$ & $0.0322215$ & $0.00599254$ \\
CHd_11 & $-0.0476017$ & $-0.0131938$ & $0.00348763$ & $-0.00724315$ & $-0.0388377$ & $-0.101747$ & $-0.0227422$ & $0.441007$ & $0.427402$ & $-0.246314$ & $-0.31092$ & $-0.0283479$ & $0.0588014$ & $-0.103047$ & $-0.392857$ & $-0.348818$ & $-0.149802$ & $-0.0085065$ & $-0.0342847$ & $0.24079$ & $0.387714$ & $0.385523$ & $0.341354$ & $-0.421689$ & $0.185638$ & $-0.182136$ & $1$ & $0.102316$ & $0.0126768$ & $0.0102747$ & $-0.000359665$ & $-0.0244833$ & $0.0236936$ & $0.693471$ & $-0.0160087$ & $0.0118307$ & $0.0242143$ & $-0.0126148$ & $0.0185869$ & $0.00705474$ & $-0.00173845$ & $0.0164506$ & $0.00408262$ & $0.0112009$ & $-0.0190289$ & $0.0242435$ & $-0.0156362$ & $0.00245641$ & $0.0206724$ \\
CHd_33 & $0.0182418$ & $-0.0337094$ & $-0.0289861$ & $-0.00894991$ & $-0.0185689$ & $-0.058764$ & $-0.0232588$ & $0.304059$ & $0.302719$ & $-0.151031$ & $-0.335826$ & $-0.0129805$ & $0.045324$ & $0.155843$ & $0.118136$ & $0.131881$ & $0.0553204$ & $-0.0202123$ & $-0.0329105$ & $0.330607$ & $0.335314$ & $0.328862$ & $0.0137707$ & $-0.0275007$ & $-0.0198749$ & $-0.196049$ & $0.102316$ & $1$ & $0.0170222$ & $0.0356426$ & $0.00251977$ & $-0.0244394$ & $0.0332143$ & $0.151991$ & $-0.0299461$ & $-0.000339834$ & $0.0130677$ & $-0.0114612$ & $-0.00874327$ & $0.0235736$ & $0.00936429$ & $-0.00905746$ & $0.0158228$ & $-0.0132207$ & $-0.025207$ & $0.0165395$ & $-0.00633921$ & $-0.0305584$ & $0.00847476$ \\
CeH_22r & $-0.00733175$ & $-0.0219245$ & $0.000778977$ & $-0.0135899$ & $-0.0174154$ & $0.00776707$ & $-0.0375664$ & $0.0385192$ & $0.0430984$ & $-0.0499184$ & $-0.0323679$ & $0.0750614$ & $0.0833352$ & $0.00444566$ & $-0.00489894$ & $0.0134995$ & $-0.0160496$ & $-0.00724564$ & $-0.015751$ & $0.0320713$ & $0.0329697$ & $0.0358162$ & $-0.0142858$ & $-0.0297174$ & $-0.0175566$ & $-0.0150354$ & $0.0126768$ & $0.0170222$ & $1$ & $0.0644528$ & $0.0376204$ & $-0.049136$ & $0.0710922$ & $0.0309647$ & $-0.0391613$ & $-0.0338317$ & $-0.0359138$ & $0.00175315$ & $-0.00420583$ & $0.0058722$ & $0.00348453$ & $-0.0135815$ & $-0.008015$ & $0.0293056$ & $-0.017574$ & $0.016186$ & $-0.00602116$ & $0.00797641$ & $0.0060889$ \\
CeH_33r & $0.0152454$ & $-0.0181442$ & $0.00396339$ & $0.00614207$ & $0.00471565$ & $-0.000664407$ & $-0.178531$ & $0.0748087$ & $0.0949715$ & $-0.181433$ & $-0.0737982$ & $0.455974$ & $0.366654$ & $0.0243403$ & $0.0320825$ & $0.0434427$ & $-0.00528271$ & $-0.0219747$ & $-0.0313521$ & $0.0722026$ & $0.0721556$ & $0.0680799$ & $0.0135005$ & $-0.0352974$ & $-0.0317649$ & $-0.0563359$ & $0.0102747$ & $0.0356426$ & $0.0644528$ & $1$ & $0.326735$ & $-0.0358725$ & $0.666832$ & $0.0335269$ & $-0.0378507$ & $-0.0272168$ & $-0.198917$ & $-0.0425141$ & $-0.0128801$ & $-0.0310716$ & $0.00230686$ & $-0.0095408$ & $0.0152938$ & $-0.0162553$ & $0.0517567$ & $-0.00819557$ & $-0.00441173$ & $0.0415201$ & $0.00829274$ \\
CuH_22r & $-0.00980207$ & $0.00507625$ & $-0.0450344$ & $0.0270163$ & $-0.0194169$ & $0.0193017$ & $-0.106259$ & $0.0441077$ & $0.051842$ & $-0.0935773$ & $-0.0399261$ & $0.184046$ & $0.191371$ & $0.0112935$ & $0.0139637$ & $0.0342363$ & $-0.0133898$ & $-0.0148904$ & $-0.0307773$ & $0.0394755$ & $0.0392009$ & $0.0336029$ & $-0.00779631$ & $-0.0231898$ & $-0.0283241$ & $-0.0201843$ & $-0.000359665$ & $0.00251977$ & $0.0376204$ & $0.326735$ & $1$ & $-0.0255714$ & $0.342462$ & $0.024406$ & $-0.0355438$ & $-0.0127847$ & $-0.0527331$ & $-0.00059673$ & $-0.0254304$ & $-0.00850254$ & $0.00514697$ & $0.00303756$ & $0.0149352$ & $-0.0115822$ & $-0.0329926$ & $0.115435$ & $0.374263$ & $0.0176739$ & $-0.027577$ \\
CuH_33r & $-0.0279878$ & $0.00867544$ & $-0.0416206$ & $-0.0120607$ & $0.0168722$ & $0.00239737$ & $0.945746$ & $-0.063885$ & $-0.0126836$ & $0.0898328$ & $0.0570588$ & $-0.220883$ & $-0.377336$ & $-0.0118673$ & $-0.0225767$ & $-0.0128654$ & $0.0171782$ & $0.0283706$ & $0.0215703$ & $-0.0557145$ & $-0.0568392$ & $-0.0541471$ & $-0.00285621$ & $0.0415455$ & $0.0277185$ & $0.04015$ & $-0.0244833$ & $-0.0244394$ & $-0.049136$ & $-0.0358725$ & $-0.0255714$ & $1$ & $-0.0724687$ & $-0.0301961$ & $0.0538739$ & $0.0205237$ & $-0.0155618$ & $-0.0191596$ & $-0.0281776$ & $-0.00584123$ & $0.00440134$ & $0.0200033$ & $0.0220572$ & $-0.0218045$ & $0.000410069$ & $0.0171086$ & $-0.0123457$ & $-0.0249642$ & $-0.0382448$ \\
CdH_33r & $-0.00943526$ & $0.00264147$ & $0.106262$ & $0.0101612$ & $0.0203015$ & $0.00686849$ & $-0.231109$ & $0.085905$ & $0.0990925$ & $-0.205985$ & $-0.0846345$ & $0.504175$ & $0.422453$ & $0.0324809$ & $0.0374034$ & $0.0350509$ & $-0.00568568$ & $-0.0243763$ & $-0.0253611$ & $0.0851912$ & $0.0869645$ & $0.0819314$ & $0.0102717$ & $-0.0357596$ & $-0.0261106$ & $-0.0610573$ & $0.0236936$ & $0.0332143$ & $0.0710922$ & $0.666832$ & $0.342462$ & $-0.0724687$ & $1$ & $0.038194$ & $-0.0796141$ & $0.0162077$ & $-0.239801$ & $-0.0585289$ & $-0.0639984$ & $-0.0149822$ & $-0.0424007$ & $-0.0298414$ & $-0.0528835$ & $0.0667824$ & $-0.0734446$ & $-0.0212329$ & $-0.0441253$ & $0.183872$ & $0.468414$ \\
CLL_1221 & $-0.00652749$ & $0.0238064$ & $-0.0146645$ & $-0.00637654$ & $-0.0351649$ & $-0.131508$ & $-0.0301125$ & $0.580192$ & $0.567989$ & $-0.349974$ & $-0.380942$ & $-0.00308334$ & $0.0996919$ & $-0.225596$ & $-0.582071$ & $-0.0653381$ & $-0.249846$ & $0.00943548$ & $-0.363111$ & $0.307467$ & $0.463516$ & $0.462955$ & $0.191122$ & $-0.632304$ & $-0.208778$ & $-0.251654$ & $0.693471$ & $0.151991$ & $0.0309647$ & $0.0335269$ & $0.024406$ & $-0.0301961$ & $0.038194$ & $1$ & $-0.0202322$ & $0.01898$ & $0.0247352$ & $-0.0118217$ & $0.0285405$ & $0.0144896$ & $0.00185536$ & $0.0217986$ & $0.00901725$ & $0.0123213$ & $-0.0175231$ & $0.01028$ & $-0.0186836$ & $-0.00598327$ & $0.0207751$ \\
eHggint & $0.0393181$ & $0.0972969$ & $-0.0156793$ & $-0.0963969$ & $-0.0263925$ & $0.0121111$ & $-0.0273267$ & $-0.0208655$ & $-0.0431127$ & $0.0570795$ & $0.0178091$ & $0.101528$ & $0.0175648$ & $0.00299546$ & $0.00760319$ & $-0.0145412$ & $-0.0020332$ & $-0.00283058$ & $0.0137189$ & $-0.0154184$ & $-0.0169814$ & $-0.0122094$ & $0.00828531$ & $0.00163913$ & $-0.0031117$ & $-0.000158323$ & $-0.0160087$ & $-0.0299461$ & $-0.0391613$ & $-0.0378507$ & $-0.0355438$ & $0.0538739$ & $-0.0796141$ & $-0.0202322$ & $1$ & $-0.0886897$ & $0.00420426$ & $0.0131355$ & $0.00608969$ & $0.0375862$ & $-0.0863624$ & $0.015443$ & $-0.0678972$ & $-0.0181094$ & $0.0269757$ & $0.0357278$ & $-0.0352394$ & $-0.0775616$ & $-0.0605383$ \\
eHggpar & $-0.0478285$ & $0.0237705$ & $0.0677702$ & $0.00124708$ & $0.00159667$ & $0.0267448$ & $-0.0177654$ & $0.00759154$ & $0.00334142$ & $0.0198318$ & $-0.00307295$ & $0.0350319$ & $0.00191038$ & $-0.00452498$ & $-0.0138123$ & $-0.0115558$ & $-0.00481813$ & $0.000112105$ & $0.00114742$ & $0.0017908$ & $0.00804438$ & $0.00829245$ & $0.0116851$ & $-0.0122031$ & $0.0031337$ & $-0.0248393$ & $0.0118307$ & $-0.000339834$ & $-0.0338317$ & $-0.0272168$ & $-0.0127847$ & $0.0205237$ & $0.0162077$ & $0.01898$ & $-0.0886897$ & $1$ & $-0.057716$ & $-0.0189769$ & $0.0351465$ & $0.00869049$ & $0.035887$ & $-0.00118262$ & $0.0402289$ & $-0.0372405$ & $-0.0133687$ & $-0.0984794$ & $0.0415907$ & $0.14475$ & $0.00326251$ \\
eHWWint & $0.0411646$ & $0.00336351$ & $-0.167529$ & $-0.0103027$ & $-0.0202727$ & $0.0121405$ & $0.031737$ & $0.00611831$ & $-0.0135229$ & $-0.018299$ & $0.00251932$ & $-0.0342334$ & $-0.0105752$ & $-0.0142234$ & $-0.028225$ & $-0.0265261$ & $-0.0191395$ & $-0.00265244$ & $-0.000387991$ & $-0.00767612$ & $-0.000545017$ & $0.00429002$ & $0.0171362$ & $-0.0263925$ & $-0.0116641$ & $0.00163884$ & $0.0242143$ & $0.0130677$ & $-0.0359138$ & $-0.198917$ & $-0.0527331$ & $-0.0155618$ & $-0.239801$ & $0.0247352$ & $0.00420426$ & $-0.057716$ & $1$ & $0.0276242$ & $0.0409239$ & $0.0153749$ & $-0.0568347$ & $0.0131597$ & $-0.0970567$ & $0.0347322$ & $-0.00465659$ & $0.0284018$ & $0.0969771$ & $-0.13301$ & $-0.0180227$ \\
eHWWpar & $0.00909273$ & $-0.0245462$ & $-0.0390458$ & $-0.00653474$ & $-0.00258502$ & $-0.013206$ & $-0.0116085$ & $-0.0113001$ & $-0.0159993$ & $0.0260404$ & $0.00897129$ & $-0.0150371$ & $-0.0136757$ & $0.000933842$ & $0.00164964$ & $0.00847154$ & $0.00229176$ & $0.00531214$ & $0.00249547$ & $-0.00761835$ & $-0.0122552$ & $-0.00603012$ & $-0.0061095$ & $0.0127326$ & $7.27213e-05$ & $0.0118992$ & $-0.0126148$ & $-0.0114612$ & $0.00175315$ & $-0.0425141$ & $-0.00059673$ & $-0.0191596$ & $-0.0585289$ & $-0.0118217$ & $0.0131355$ & $-0.0189769$ & $0.0276242$ & $1$ & $-0.00512024$ & $-0.0200089$ & $0.0135878$ & $-0.0257088$ & $-0.00855724$ & $0.00785551$ & $-0.0286093$ & $0.0107225$ & $0.030079$ & $0.0125797$ & $-0.0261206$ \\
eHZZint & $0.00236264$ & $0.0551242$ & $0.0373997$ & $-0.0435016$ & $0.00542825$ & $-0.0325135$ & $-0.0300707$ & $0.0186627$ & $0.0153576$ & $-0.0254925$ & $-0.00746503$ & $0.00562161$ & $0.0169148$ & $-0.019657$ & $-0.00671528$ & $-0.00721286$ & $-0.0117704$ & $-0.0179086$ & $-0.0218656$ & $0.00495272$ & $0.01233$ & $0.00409274$ & $-0.00872314$ & $-0.0270405$ & $-0.0166908$ & $-0.00398836$ & $0.0185869$ & $-0.00874327$ & $-0.00420583$ & $-0.0128801$ & $-0.0254304$ & $-0.0281776$ & $-0.0639984$ & $0.0285405$ & $0.00608969$ & $0.0351465$ & $0.0409239$ & $-0.00512024$ & $1$ & $-0.0428885$ & $0.0756174$ & $0.00943092$ & $0.0132621$ & $-0.00573229$ & $-0.058763$ & $0.0248722$ & $-0.063776$ & $0.00224575$ & $-0.0907512$ \\
eHZZpar & $0.011044$ & $-0.0133474$ & $0.032538$ & $0.000682997$ & $-0.0193285$ & $0.00704898$ & $-0.00818746$ & $0.0191966$ & $0.0162575$ & $-0.000771972$ & $-0.021636$ & $-0.00595735$ & $-0.00417534$ & $0.00840212$ & $0.0028691$ & $0.00447822$ & $0.00876262$ & $0.00231758$ & $-6.14096e-05$ & $0.0206592$ & $0.021637$ & $0.0198703$ & $-0.00341228$ & $-0.00358419$ & $-0.00231242$ & $-0.0112752$ & $0.00705474$ & $0.0235736$ & $0.0058722$ & $-0.0310716$ & $-0.00850254$ & $-0.00584123$ & $-0.0149822$ & $0.0144896$ & $0.0375862$ & $0.00869049$ & $0.0153749$ & $-0.0200089$ & $-0.0428885$ & $1$ & $-0.00243057$ & $0.00212388$ & $0.00144823$ & $0.0270947$ & $-0.00184233$ & $0.0311175$ & $-0.0258942$ & $-0.0383722$ & $0.0136186$ \\
eHZgaint & $0.024461$ & $-0.0310496$ & $-0.0853167$ & $-0.00276983$ & $0.0162968$ & $0.0169468$ & $0.0119777$ & $0.0182604$ & $0.0181623$ & $-0.0673727$ & $-0.0062617$ & $-0.0344532$ & $0.00623739$ & $-0.0131582$ & $0.0131215$ & $0.0130794$ & $-0.0247168$ & $-0.0291749$ & $-0.0236921$ & $0.00503822$ & $0.00447829$ & $0.0127915$ & $-0.0276902$ & $-0.0289625$ & $-0.0260877$ & $0.0190794$ & $-0.00173845$ & $0.00936429$ & $0.00348453$ & $0.00230686$ & $0.00514697$ & $0.00440134$ & $-0.0424007$ & $0.00185536$ & $-0.0863624$ & $0.035887$ & $-0.0568347$ & $0.0135878$ & $0.0756174$ & $-0.00243057$ & $1$ & $-0.0504588$ & $0.0291637$ & $0.0704201$ & $-0.0342634$ & $0.00622457$ & $0.0183087$ & $0.0455821$ & $-0.107288$ \\
eHZgapar & $-0.0077904$ & $-0.0156263$ & $0.00939414$ & $0.00319641$ & $0.00445566$ & $0.00991166$ & $0.0212282$ & $-0.00632953$ & $-0.00270015$ & $0.00563555$ & $0.0166295$ & $-0.0086409$ & $-0.00704599$ & $-0.0194609$ & $-0.0339022$ & $-0.0210785$ & $-0.0136882$ & $0.00318869$ & $9.81267e-05$ & $-0.020259$ & $-0.0121324$ & $-0.00480889$ & $0.00481008$ & $-0.010681$ & $-0.00672978$ & $0.018664$ & $0.0164506$ & $-0.00905746$ & $-0.0135815$ & $-0.0095408$ & $0.00303756$ & $0.0200033$ & $-0.0298414$ & $0.0217986$ & $0.015443$ & $-0.00118262$ & $0.0131597$ & $-0.0257088$ & $0.00943092$ & $0.00212388$ & $-0.0504588$ & $1$ & $0.0219736$ & $-0.0300621$ & $-0.000225981$ & $-0.0183737$ & $-0.00755784$ & $-0.0263375$ & $-0.017851$ \\
eHgagaint & $-0.0378147$ & $0.012705$ & $-0.125952$ & $0.0287439$ & $-0.00798423$ & $-0.0173501$ & $0.0178093$ & $0.00560401$ & $0.0792919$ & $0.0135223$ & $-0.0102156$ & $-0.0124785$ & $-0.0153387$ & $0.0111319$ & $-0.00632378$ & $0.0118027$ & $0.00394367$ & $0.0111812$ & $-0.00370361$ & $0.00955397$ & $0.00953923$ & $0.00546064$ & $0.0147331$ & $0.00128689$ & $0.007992$ & $-0.00736235$ & $0.00408262$ & $0.0158228$ & $-0.008015$ & $0.0152938$ & $0.0149352$ & $0.0220572$ & $-0.0528835$ & $0.00901725$ & $-0.0678972$ & $0.0402289$ & $-0.0970567$ & $-0.00855724$ & $0.0132621$ & $0.00144823$ & $0.0291637$ & $0.0219736$ & $1$ & $0.0311042$ & $-0.0189275$ & $0.116561$ & $0.00141689$ & $0.0534352$ & $-0.16437$ \\
eHmumuint & $0.0254972$ & $0.00343962$ & $0.0998836$ & $-0.0173617$ & $0.00812868$ & $0.0146099$ & $-0.0201543$ & $-0.017078$ & $-0.0198541$ & $0.00567143$ & $0.0188912$ & $-0.00415117$ & $-0.0085197$ & $0.0032121$ & $-0.0361145$ & $-0.0137302$ & $-0.00585401$ & $0.0236446$ & $0.00786371$ & $-0.0173596$ & $-0.0146433$ & $-0.0185843$ & $-0.0067037$ & $0.00809878$ & $0.0106988$ & $0.0121623$ & $0.0112009$ & $-0.0132207$ & $0.0293056$ & $-0.0162553$ & $-0.0115822$ & $-0.0218045$ & $0.0667824$ & $0.0123213$ & $-0.0181094$ & $-0.0372405$ & $0.0347322$ & $0.00785551$ & $-0.00573229$ & $0.0270947$ & $0.0704201$ & $-0.0300621$ & $0.0311042$ & $1$ & $0.0406336$ & $-0.0149392$ & $-0.0191264$ & $-0.000430272$ & $0.153563$ \\
eHtautauint & $0.101884$ & $0.0693777$ & $0.0218245$ & $-0.0992448$ & $-0.0120645$ & $0.00841938$ & $-0.00108771$ & $-0.0324632$ & $-0.032366$ & $0.0273319$ & $0.0325771$ & $-0.00947348$ & $-0.0324291$ & $-0.00638092$ & $-0.00784032$ & $-0.00264854$ & $-0.007542$ & $0.00311559$ & $-0.00268591$ & $-0.0308817$ & $-0.0339185$ & $-0.0364726$ & $0.0180156$ & $0.00631491$ & $-0.00887012$ & $-0.00213441$ & $-0.0190289$ & $-0.025207$ & $-0.017574$ & $0.0517567$ & $-0.0329926$ & $0.000410069$ & $-0.0734446$ & $-0.0175231$ & $0.0269757$ & $-0.0133687$ & $-0.00465659$ & $-0.0286093$ & $-0.058763$ & $-0.00184233$ & $-0.0342634$ & $-0.000225981$ & $-0.0189275$ & $0.0406336$ & $1$ & $-0.0150318$ & $-0.0524614$ & $-0.0439949$ & $-0.0951665$ \\
eHccint & $-0.166953$ & $-0.0505326$ & $-0.0326381$ & $0.0138806$ & $0.00217627$ & $-0.0116126$ & $0.0249232$ & $-0.0105044$ & $-0.00232783$ & $-0.00626658$ & $0.00121496$ & $-0.0129372$ & $-0.00462986$ & $0.0240395$ & $-0.032664$ & $-0.0111168$ & $0.0168374$ & $0.0400646$ & $0.0253684$ & $-0.00249016$ & $0.000236868$ & $-0.00656781$ & $0.00892722$ & $0.0198272$ & $0.0542512$ & $0.0167964$ & $0.0242435$ & $0.0165395$ & $0.016186$ & $-0.00819557$ & $0.115435$ & $0.0171086$ & $-0.0212329$ & $0.01028$ & $0.0357278$ & $-0.0984794$ & $0.0284018$ & $0.0107225$ & $0.0248722$ & $0.0311175$ & $0.00622457$ & $-0.0183737$ & $0.116561$ & $-0.0149392$ & $-0.0150318$ & $1$ & $0.0979622$ & $-0.00450701$ & $-0.0419294$ \\
eHccpar & $-0.0123039$ & $0.035202$ & $-0.165383$ & $0.0149341$ & $-0.0271501$ & $0.0397678$ & $-0.0132824$ & $-0.0112734$ & $-0.0128442$ & $0.00353168$ & $0.0106807$ & $-0.000960969$ & $0.0019975$ & $-0.00494367$ & $0.0114309$ & $-0.00617307$ & $-0.00583108$ & $-0.00965191$ & $0.00403314$ & $-0.00925395$ & $-0.0128827$ & $-0.0121136$ & $-0.0210124$ & $-0.00086159$ & $-0.00352177$ & $0.0199477$ & $-0.0156362$ & $-0.00633921$ & $-0.00602116$ & $-0.00441173$ & $0.374263$ & $-0.0123457$ & $-0.0441253$ & $-0.0186836$ & $-0.0352394$ & $0.0415907$ & $0.0969771$ & $0.030079$ & $-0.063776$ & $-0.0258942$ & $0.0183087$ & $-0.00755784$ & $0.00141689$ & $-0.0191264$ & $-0.0524614$ & $0.0979622$ & $1$ & $0.0296679$ & $-0.0776086$ \\
eHbbint & $-0.117999$ & $-0.000849346$ & $0.0673399$ & $0.0888919$ & $0.0425027$ & $0.00260913$ & $-0.0374667$ & $-0.0313219$ & $-0.031511$ & $0.00344307$ & $0.0276469$ & $0.0019885$ & $0.0197014$ & $0.00730466$ & $-0.023769$ & $-0.0101229$ & $0.00934736$ & $0.0267286$ & $0.0133211$ & $-0.0270931$ & $-0.0246261$ & $-0.0278623$ & $-0.0183499$ & $0.0304941$ & $0.0367582$ & $0.0322215$ & $0.00245641$ & $-0.0305584$ & $0.00797641$ & $0.0415201$ & $0.0176739$ & $-0.0249642$ & $0.183872$ & $-0.00598327$ & $-0.0775616$ & $0.14475$ & $-0.13301$ & $0.0125797$ & $0.00224575$ & $-0.0383722$ & $0.0455821$ & $-0.0263375$ & $0.0534352$ & $-0.000430272$ & $-0.0439949$ & $-0.00450701$ & $0.0296679$ & $1$ & $-0.0223355$ \\
eHbbpar & $-0.00740645$ & $0.067174$ & $0.156335$ & $-0.0683331$ & $0.0168107$ & $0.00591794$ & $-0.036596$ & $0.00304592$ & $-0.0104128$ & $-0.0128597$ & $0.00696653$ & $0.0130066$ & $0.0137201$ & $-0.0225398$ & $-0.0159194$ & $-0.0200151$ & $-0.0126167$ & $-0.00835189$ & $-0.00725849$ & $-0.00415973$ & $0.000600218$ & $0.000726928$ & $0.000218592$ & $-0.0162023$ & $-0.00483179$ & $0.00599254$ & $0.0206724$ & $0.00847476$ & $0.0060889$ & $0.00829274$ & $-0.027577$ & $-0.0382448$ & $0.468414$ & $0.0207751$ & $-0.0605383$ & $0.00326251$ & $-0.0180227$ & $-0.0261206$ & $-0.0907512$ & $0.0136186$ & $-0.107288$ & $-0.017851$ & $-0.16437$ & $0.153563$ & $-0.0951665$ & $-0.0419294$ & $-0.0776086$ & $-0.0223355$ & $1$ \\
