 & AlsMz & dAle5Mz & mtop & mHl & Mz & CW & CHG & CHWB & CHWHB_gaga & CHWHB_gagaorth & CHD & CHbox & CH & CHL1_11 & CHL1_22 & CHL1_33 & CHL3_11 & CHL3_22 & CHL3_33 & CHe_11 & CHe_22 & CHe_33 & CHQ1_11 & CHQ1_33 & CHQ3_11 & CHu_11 & CHd_11 & CHd_33 & CeH_22r & CeH_33r & CuH_22r & CuH_33r & CdH_33r & CLL_1221 & eHggint & eHggpar & eHWWint & eHWWpar & eHZZint & eHZZpar & eHZgaint & eHZgapar & eHgagaint & eHmumuint & eHtautauint & eHccint & eHccpar & eHbbint & eHbbpar \\
AlsMz & $1$ & $-0.0614064$ & $-0.00494382$ & $-0.00594252$ & $-0.0139138$ & $-0.0319166$ & $0.0116611$ & $-0.0124311$ & $-0.00957108$ & $0.0126114$ & $-0.00853219$ & $-0.00452948$ & $-0.00154431$ & $0.00883959$ & $-0.0198891$ & $-0.00492562$ & $0.0445112$ & $0.0384607$ & $0.0304716$ & $-0.00805322$ & $-0.00292184$ & $-0.00274709$ & $-0.0514806$ & $-0.0449489$ & $-0.103919$ & $-0.0258139$ & $-0.0219356$ & $-0.00988774$ & $-0.0294379$ & $0.0437834$ & $0.0228386$ & $0.0271047$ & $0.112373$ & $0.0122498$ & $0.0301393$ & $-0.0243898$ & $0.00761587$ & $0.0401863$ & $0.030645$ & $0.0150197$ & $-0.00796457$ & $0.0408608$ & $0.0171866$ & $-0.0595002$ & $0.00668989$ & $0.0547161$ & $0.00226261$ & $0.0947304$ & $0.118563$ \\
dAle5Mz & $-0.0614064$ & $1$ & $0.0113871$ & $0.00987586$ & $-0.0155779$ & $0.0371443$ & $-0.00448696$ & $-0.109769$ & $-0.105572$ & $0.0499513$ & $0.0990457$ & $0.0297155$ & $-0.022234$ & $-0.0581072$ & $-0.0407835$ & $0.000876989$ & $-0.00210291$ & $0.0154008$ & $-0.0157933$ & $-0.0699384$ & $-0.0709799$ & $-0.0661116$ & $-0.0091063$ & $0.0278844$ & $0.0259827$ & $0.0601528$ & $-0.00459265$ & $0.00258462$ & $0.00311699$ & $-0.0134439$ & $0.0186031$ & $-0.0134796$ & $-0.0308696$ & $0.0207146$ & $-0.0436682$ & $0.0644563$ & $0.0102333$ & $0.0126702$ & $-0.0137214$ & $0.00266711$ & $-0.0452961$ & $-0.0163968$ & $0.0135697$ & $0.038402$ & $0.0390226$ & $-0.00824013$ & $0.0623487$ & $-0.00368437$ & $-0.0347505$ \\
mtop & $-0.00494382$ & $0.0113871$ & $1$ & $-0.0474147$ & $-0.0284788$ & $-0.0125346$ & $-0.0309521$ & $0.0195631$ & $0.0209762$ & $-0.0146438$ & $0.00241901$ & $0.002578$ & $0.00807645$ & $-0.0369221$ & $0.0199553$ & $-0.0107386$ & $-0.00781096$ & $-0.0418637$ & $-0.0183201$ & $0.00105968$ & $0.00667259$ & $0.0170533$ & $0.0281835$ & $-0.0240006$ & $-0.028098$ & $-0.0281649$ & $0.00486808$ & $0.0253595$ & $-0.0021928$ & $0.0191581$ & $0.0147817$ & $-0.0265186$ & $0.0138638$ & $0.0121866$ & $0.0263697$ & $0.00689732$ & $0.00190936$ & $0.00809648$ & $-0.0240141$ & $-0.0216959$ & $0.00328377$ & $0.0401539$ & $0.000873009$ & $-0.0225621$ & $-0.0153844$ & $0.00868952$ & $0.0386095$ & $-0.00441394$ & $0.0129883$ \\
mHl & $-0.00594252$ & $0.00987586$ & $-0.0474147$ & $1$ & $0.0139284$ & $-0.065599$ & $0.0432401$ & $-0.0365452$ & $-0.0281865$ & $-0.00728355$ & $0.0365605$ & $-0.0112196$ & $-0.0152078$ & $-0.0443145$ & $-0.00287605$ & $0.00813403$ & $0.0125047$ & $-0.00129207$ & $-0.0203795$ & $-0.0357315$ & $-0.0401699$ & $-0.0420891$ & $-0.0163769$ & $0.0254145$ & $-0.00492281$ & $0.0327959$ & $-0.0249662$ & $-0.0560411$ & $-0.0320358$ & $0.00437746$ & $-0.0281363$ & $0.035097$ & $-0.0190881$ & $-0.0163797$ & $-0.0217025$ & $0.0197515$ & $0.0104945$ & $0.0311189$ & $0.000736255$ & $0.0143667$ & $0.0295616$ & $-0.0360966$ & $0.0638476$ & $0.0334947$ & $-0.0247278$ & $0.00213921$ & $-0.0321906$ & $-0.0161029$ & $-0.0415416$ \\
Mz & $-0.0139138$ & $-0.0155779$ & $-0.0284788$ & $0.0139284$ & $1$ & $-0.00848753$ & $0.00375335$ & $-0.0208087$ & $-0.0232286$ & $0.000242086$ & $0.0318114$ & $-0.00970663$ & $-0.0123319$ & $-0.0156163$ & $-0.0143703$ & $-0.00464046$ & $-0.00327051$ & $0.0047783$ & $-0.00945287$ & $-0.0208731$ & $-0.0220448$ & $-0.0215552$ & $0.0135738$ & $0.0094581$ & $0.0247138$ & $0.0161489$ & $0.0201414$ & $-0.0223896$ & $-0.0105061$ & $-0.000585018$ & $0.00592504$ & $-0.00411383$ & $-0.0261876$ & $-0.00616701$ & $-0.0368557$ & $-0.0248422$ & $-0.00282774$ & $0.00982517$ & $-0.0237951$ & $-0.0223005$ & $-0.0151978$ & $0.0298809$ & $-0.0193991$ & $0.0242313$ & $0.0116359$ & $-0.00967444$ & $-0.0357679$ & $-0.0150617$ & $-0.049811$ \\
CW & $-0.0319166$ & $0.0371443$ & $-0.0125346$ & $-0.065599$ & $-0.00848753$ & $1$ & $0.0174986$ & $-0.102482$ & $-0.0973551$ & $0.028521$ & $0.145684$ & $0.0334938$ & $-0.0145342$ & $0.0629426$ & $-0.0870453$ & $-0.0750215$ & $-0.258852$ & $-0.0199036$ & $-0.0297014$ & $-0.14231$ & $-0.146731$ & $-0.145922$ & $-0.0265267$ & $0.0158538$ & $-0.0758942$ & $0.119675$ & $-0.0608121$ & $-0.0223658$ & $0.00707876$ & $-0.0306564$ & $0.019316$ & $0.0296398$ & $-0.019972$ & $-0.097878$ & $0.038216$ & $-0.0227424$ & $-0.0139121$ & $-0.0722646$ & $0.0526739$ & $-0.0266004$ & $0.00561951$ & $0.0169201$ & $0.0023174$ & $-0.0427896$ & $-0.0330256$ & $0.0153148$ & $0.0450061$ & $-0.00288102$ & $-0.0220873$ \\
CHG & $0.0116611$ & $-0.00448696$ & $-0.0309521$ & $0.0432401$ & $0.00375335$ & $0.0174986$ & $1$ & $-0.0646036$ & $-0.0138062$ & $0.0514037$ & $0.0385804$ & $-0.137692$ & $-0.203561$ & $0.0543439$ & $-0.0504039$ & $-0.00091558$ & $0.0296345$ & $0.0912951$ & $0.0482913$ & $-0.0371516$ & $-0.0403049$ & $-0.0469343$ & $0.0061286$ & $0.0740648$ & $0.0724396$ & $-0.0032105$ & $-0.0115363$ & $-0.0230152$ & $-0.0109878$ & $-0.110388$ & $-0.0762398$ & $0.938334$ & $-0.125873$ & $-0.0187331$ & $-0.0405545$ & $-0.0143042$ & $0.0695987$ & $-0.000962588$ & $0.000380679$ & $-0.0106898$ & $-0.023858$ & $-0.00945751$ & $-0.00863576$ & $-0.0103298$ & $-0.0349112$ & $0.0178598$ & $-0.0143795$ & $-0.01579$ & $-0.0145898$ \\
CHWB & $-0.0124311$ & $-0.109769$ & $0.0195631$ & $-0.0365452$ & $-0.0208087$ & $-0.102482$ & $-0.0646036$ & $1$ & $0.981828$ & $-0.593975$ & $-0.894406$ & $-0.0514434$ & $0.288293$ & $0.173663$ & $0.328797$ & $0.300363$ & $-0.181991$ & $-0.406357$ & $-0.394349$ & $0.866452$ & $0.91037$ & $0.89557$ & $0.0584323$ & $-0.645437$ & $-0.380061$ & $-0.532905$ & $0.391009$ & $0.296225$ & $0.034776$ & $0.0890498$ & $0.0312897$ & $-0.0625641$ & $0.107497$ & $0.529974$ & $0.0178182$ & $-0.00409006$ & $-0.0169415$ & $-0.0192542$ & $0.020031$ & $-0.000491928$ & $0.0440534$ & $-0.0189107$ & $-0.0104272$ & $0.00480002$ & $-0.0243198$ & $-0.0119248$ & $-0.00382762$ & $0.00345778$ & $0.0426946$ \\
CHWHB_gaga & $-0.00957108$ & $-0.105572$ & $0.0209762$ & $-0.0281865$ & $-0.0232286$ & $-0.0973551$ & $-0.0138062$ & $0.981828$ & $1$ & $-0.581584$ & $-0.87487$ & $-0.0434995$ & $0.276129$ & $0.167303$ & $0.319554$ & $0.298736$ & $-0.189511$ & $-0.402413$ & $-0.395456$ & $0.847603$ & $0.890447$ & $0.877312$ & $0.0543227$ & $-0.641136$ & $-0.381534$ & $-0.520924$ & $0.379067$ & $0.292412$ & $0.0452944$ & $0.115134$ & $0.0499186$ & $-0.018369$ & $0.129998$ & $0.521768$ & $-0.00609973$ & $-0.0204916$ & $-0.0291048$ & $-0.0208148$ & $0.0115341$ & $0.00710335$ & $0.0495555$ & $-0.0144786$ & $0.0770029$ & $-0.000278748$ & $-0.0229609$ & $-0.00489187$ & $0.00587916$ & $-0.00673448$ & $0.0472072$ \\
CHWHB_gagaorth & $0.0126114$ & $0.0499513$ & $-0.0146438$ & $-0.00728355$ & $0.000242086$ & $0.028521$ & $0.0514037$ & $-0.593975$ & $-0.581584$ & $1$ & $0.40485$ & $0.359093$ & $-0.209088$ & $0.161958$ & $-0.171392$ & $-0.127733$ & $0.381486$ & $0.472544$ & $0.453753$ & $-0.391305$ & $-0.419666$ & $-0.41795$ & $-0.0535979$ & $0.544699$ & $0.454217$ & $0.251489$ & $-0.229146$ & $-0.120542$ & $-0.0173509$ & $-0.120526$ & $-0.0356602$ & $0.0772123$ & $-0.116749$ & $-0.331574$ & $0.0274879$ & $0.0272257$ & $0.0130676$ & $-0.00406201$ & $-0.0246995$ & $-0.0013612$ & $-0.0737853$ & $0.00828995$ & $-0.00890176$ & $-0.0100598$ & $-0.0216043$ & $0.00452869$ & $0.00473482$ & $-0.00411578$ & $-0.0290944$ \\
CHD & $-0.00853219$ & $0.0990457$ & $0.00241901$ & $0.0365605$ & $0.0318114$ & $0.145684$ & $0.0385804$ & $-0.894406$ & $-0.87487$ & $0.40485$ & $1$ & $0.160662$ & $-0.149348$ & $-0.547152$ & $-0.437731$ & $-0.425583$ & $-0.240056$ & $0.0749727$ & $0.067808$ & $-0.990569$ & $-0.990887$ & $-0.970744$ & $0.0018382$ & $0.30768$ & $0.040491$ & $0.580168$ & $-0.258425$ & $-0.334955$ & $-0.031736$ & $-0.0592997$ & $-0.023672$ & $0.0467991$ & $-0.0815144$ & $-0.349944$ & $0.00623706$ & $0.00733025$ & $-0.000896089$ & $0.0305512$ & $-0.0121293$ & $0.000649633$ & $-0.0288269$ & $0.0329323$ & $0.0233262$ & $0.0128527$ & $0.0357558$ & $0.0232224$ & $0.00786244$ & $-0.00459668$ & $-0.0339211$ \\
CHbox & $-0.00452948$ & $0.0297155$ & $0.002578$ & $-0.0112196$ & $-0.00970663$ & $0.0334938$ & $-0.137692$ & $-0.0514434$ & $-0.0434995$ & $0.359093$ & $0.160662$ & $1$ & $0.66123$ & $-0.271593$ & $-0.000660405$ & $-0.00645974$ & $-0.242409$ & $-0.212914$ & $-0.212785$ & $-0.145417$ & $-0.163527$ & $-0.153659$ & $-0.0171519$ & $-0.0982421$ & $-0.217611$ & $0.0847832$ & $-0.0705498$ & $-0.0713205$ & $0.0495592$ & $0.23196$ & $0.0750711$ & $-0.0441939$ & $0.274901$ & $-0.0391301$ & $0.117707$ & $0.0567511$ & $0.00275083$ & $0.00895101$ & $-0.00935031$ & $-0.00885012$ & $-0.0377339$ & $0.0298085$ & $-0.0073502$ & $0.0466139$ & $-0.0176663$ & $-0.0215855$ & $0.0240786$ & $0.0239047$ & $-0.00307575$ \\
CH & $-0.00154431$ & $-0.022234$ & $0.00807645$ & $-0.0152078$ & $-0.0123319$ & $-0.0145342$ & $-0.203561$ & $0.288293$ & $0.276129$ & $-0.209088$ & $-0.149348$ & $0.66123$ & $1$ & $-0.19603$ & $0.080699$ & $0.0519625$ & $-0.275459$ & $-0.319411$ & $-0.305655$ & $0.145747$ & $0.15661$ & $0.164849$ & $0.0167929$ & $-0.317578$ & $-0.321758$ & $-0.107217$ & $0.0916014$ & $0.0270358$ & $0.0593232$ & $0.165994$ & $0.0640514$ & $-0.159723$ & $0.218411$ & $0.170734$ & $0.0786376$ & $0.0250498$ & $0.000193458$ & $0.00615614$ & $0.00462999$ & $-0.0172968$ & $0.00656285$ & $0.0302486$ & $0.00444974$ & $0.0632074$ & $-0.0152848$ & $-0.0337596$ & $0.0184179$ & $0.0341472$ & $0.0176374$ \\
CHL1_11 & $0.00883959$ & $-0.0581072$ & $-0.0369221$ & $-0.0443145$ & $-0.0156163$ & $0.0629426$ & $0.0543439$ & $0.173663$ & $0.167303$ & $0.161958$ & $-0.547152$ & $-0.271593$ & $-0.19603$ & $1$ & $0.268697$ & $0.288004$ & $0.628675$ & $0.55538$ & $0.553452$ & $0.563482$ & $0.510642$ & $0.493536$ & $-0.0902798$ & $0.418668$ & $0.54062$ & $-0.294623$ & $-0.0919114$ & $0.186116$ & $-0.00238028$ & $-0.0411396$ & $-0.0101509$ & $0.0337733$ & $-0.025556$ & $-0.171373$ & $-0.0338493$ & $-0.00885598$ & $0.0229436$ & $-0.0354467$ & $-0.00249207$ & $-0.00776773$ & $-0.0144546$ & $-0.0203581$ & $-0.0122251$ & $-0.0497784$ & $-0.0475387$ & $-0.0251523$ & $-0.00241191$ & $-2.84821e-06$ & $-0.00380481$ \\
CHL1_22 & $-0.0198891$ & $-0.0407835$ & $0.0199553$ & $-0.00287605$ & $-0.0143703$ & $-0.0870453$ & $-0.0504039$ & $0.328797$ & $0.319554$ & $-0.171392$ & $-0.437731$ & $-0.000660405$ & $0.080699$ & $0.268697$ & $1$ & $0.458615$ & $0.170335$ & $-0.491651$ & $-0.0543085$ & $0.501284$ & $0.353941$ & $0.348346$ & $-0.173748$ & $0.105794$ & $-0.16787$ & $-0.227617$ & $-0.402944$ & $0.112214$ & $0.0167764$ & $0.0308564$ & $0.00165565$ & $-0.0585914$ & $0.0438297$ & $-0.595783$ & $-0.0290202$ & $0.00452687$ & $0.0243125$ & $-0.0122862$ & $0.00793996$ & $-0.0201048$ & $-0.00101089$ & $-0.0430082$ & $-0.0184778$ & $-0.00503638$ & $0.015571$ & $-0.0485313$ & $0.00359344$ & $-0.00643069$ & $0.0177678$ \\
CHL1_33 & $-0.00492562$ & $0.000876989$ & $-0.0107386$ & $0.00813403$ & $-0.00464046$ & $-0.0750215$ & $-0.00091558$ & $0.300363$ & $0.298736$ & $-0.127733$ & $-0.425583$ & $-0.00645974$ & $0.0519625$ & $0.288004$ & $0.458615$ & $1$ & $0.203224$ & $-0.0230225$ & $-0.453528$ & $0.488525$ & $0.34355$ & $0.362761$ & $-0.154148$ & $0.125071$ & $-0.12198$ & $-0.22338$ & $-0.394239$ & $0.143326$ & $0.0367659$ & $-0.000753467$ & $0.00191992$ & $-0.014215$ & $0.00755404$ & $-0.113609$ & $-0.0408073$ & $0.00252072$ & $0.0160855$ & $-0.0280243$ & $-0.00907807$ & $-0.0147848$ & $-0.0173387$ & $-0.0263766$ & $-0.0218095$ & $-0.00541482$ & $-0.0411545$ & $-0.0364154$ & $-0.0167024$ & $0.011465$ & $-0.0166059$ \\
CHL3_11 & $0.0445112$ & $-0.00210291$ & $-0.00781096$ & $0.0125047$ & $-0.00327051$ & $-0.258852$ & $0.0296345$ & $-0.181991$ & $-0.189511$ & $0.381486$ & $-0.240056$ & $-0.242409$ & $-0.275459$ & $0.628675$ & $0.170335$ & $0.203224$ & $1$ & $0.695623$ & $0.686251$ & $0.262863$ & $0.206136$ & $0.192669$ & $-0.0892447$ & $0.640973$ & $0.73131$ & $-0.115259$ & $-0.16264$ & $0.097473$ & $-0.00401513$ & $-0.049133$ & $-0.0118232$ & $0.00807675$ & $-0.0434655$ & $-0.218853$ & $-0.0500684$ & $-0.011634$ & $0.0340993$ & $-0.0220155$ & $-0.0192954$ & $0.00210398$ & $-0.0242037$ & $-0.0282707$ & $-0.0332548$ & $-0.0248942$ & $-0.0116521$ & $-0.0173107$ & $-0.0133373$ & $0.00239738$ & $-0.00589843$ \\
CHL3_22 & $0.0384607$ & $0.0154008$ & $-0.0418637$ & $-0.00129207$ & $0.0047783$ & $-0.0199036$ & $0.0912951$ & $-0.406357$ & $-0.402413$ & $0.472544$ & $0.0749727$ & $-0.212914$ & $-0.319411$ & $0.55538$ & $-0.491651$ & $-0.0230225$ & $0.695623$ & $1$ & $0.633019$ & $-0.0796925$ & $-0.065832$ & $-0.0707113$ & $0.00354394$ & $0.572819$ & $0.767543$ & $0.0514123$ & $0.02037$ & $0.0042945$ & $-0.0149869$ & $-0.0778551$ & $-0.0162138$ & $0.0768486$ & $-0.0784273$ & $0.0964618$ & $-0.0251301$ & $-0.0147102$ & $0.0156704$ & $-0.0167987$ & $-0.0211264$ & $0.0136817$ & $-0.0317115$ & $0.00608147$ & $-0.0122329$ & $-0.0294266$ & $-0.0410169$ & $0.0128086$ & $-0.010812$ & $0.00949204$ & $-0.0277602$ \\
CHL3_33 & $0.0304716$ & $-0.0157933$ & $-0.0183201$ & $-0.0203795$ & $-0.00945287$ & $-0.0297014$ & $0.0482913$ & $-0.394349$ & $-0.395456$ & $0.453753$ & $0.067808$ & $-0.212785$ & $-0.305655$ & $0.553452$ & $-0.0543085$ & $-0.453528$ & $0.686251$ & $0.633019$ & $1$ & $-0.0725218$ & $-0.0588243$ & $-0.0623031$ & $-0.00727371$ & $0.572562$ & $0.752073$ & $0.0497592$ & $0.0180145$ & $-0.0119103$ & $-0.0248652$ & $-0.0586512$ & $-0.0185673$ & $0.0345501$ & $-0.0534763$ & $-0.306087$ & $-0.0285583$ & $-0.0111677$ & $0.0242334$ & $-0.00510201$ & $-0.0130569$ & $0.00401493$ & $-0.0189195$ & $-0.00590034$ & $-0.00882891$ & $-0.0278193$ & $0.0158791$ & $0.00488517$ & $0.00070295$ & $-0.00228478$ & $-6.16459e-05$ \\
CHe_11 & $-0.00805322$ & $-0.0699384$ & $0.00105968$ & $-0.0357315$ & $-0.0208731$ & $-0.14231$ & $-0.0371516$ & $0.866452$ & $0.847603$ & $-0.391305$ & $-0.990569$ & $-0.145417$ & $0.145747$ & $0.563482$ & $0.501284$ & $0.488525$ & $0.262863$ & $-0.0796925$ & $-0.0725218$ & $1$ & $0.973068$ & $0.954027$ & $-0.0254712$ & $-0.252375$ & $-0.0331952$ & $-0.570743$ & $0.186107$ & $0.328025$ & $0.0355544$ & $0.0569061$ & $0.0225826$ & $-0.0465971$ & $0.0792291$ & $0.272229$ & $-0.00980574$ & $-0.00613471$ & $0.00288165$ & $-0.0302105$ & $0.00771573$ & $-0.00200074$ & $0.0204679$ & $-0.0357534$ & $-0.0279788$ & $-0.00682173$ & $-0.0358389$ & $-0.0237776$ & $-0.00529303$ & $0.00696918$ & $0.0278019$ \\
CHe_22 & $-0.00292184$ & $-0.0709799$ & $0.00667259$ & $-0.0401699$ & $-0.0220448$ & $-0.146731$ & $-0.0403049$ & $0.91037$ & $0.890447$ & $-0.419666$ & $-0.990887$ & $-0.163527$ & $0.15661$ & $0.510642$ & $0.353941$ & $0.34355$ & $0.206136$ & $-0.065832$ & $-0.0588243$ & $0.973068$ & $1$ & $0.975644$ & $0.0259966$ & $-0.364668$ & $-0.0424417$ & $-0.57975$ & $0.340858$ & $0.336969$ & $0.0292772$ & $0.0620248$ & $0.0254322$ & $-0.0482489$ & $0.0829606$ & $0.438179$ & $-0.00267242$ & $-0.00664036$ & $-0.003638$ & $-0.0263956$ & $0.0131973$ & $0.00140888$ & $0.0329912$ & $-0.0294767$ & $-0.0210713$ & $-0.00878095$ & $-0.0330621$ & $-0.0159855$ & $-0.00610653$ & $0.00416017$ & $0.036593$ \\
CHe_33 & $-0.00274709$ & $-0.0661116$ & $0.0170533$ & $-0.0420891$ & $-0.0215552$ & $-0.145922$ & $-0.0469343$ & $0.89557$ & $0.877312$ & $-0.41795$ & $-0.970744$ & $-0.153659$ & $0.164849$ & $0.493536$ & $0.348346$ & $0.362761$ & $0.192669$ & $-0.0707113$ & $-0.0623031$ & $0.954027$ & $0.975644$ & $1$ & $0.0276637$ & $-0.35857$ & $-0.0507328$ & $-0.567341$ & $0.333068$ & $0.331022$ & $0.0365716$ & $0.0601954$ & $0.0272789$ & $-0.0573162$ & $0.0799162$ & $0.432856$ & $-0.0122415$ & $-0.00141631$ & $0.00319077$ & $-0.0363731$ & $0.0119683$ & $-0.00185177$ & $0.0306119$ & $-0.0218359$ & $-0.0134989$ & $-0.00496426$ & $-0.0201983$ & $-0.0155117$ & $-0.00463997$ & $0.00500083$ & $0.0358911$ \\
CHQ1_11 & $-0.0514806$ & $-0.0091063$ & $0.0281835$ & $-0.0163769$ & $0.0135738$ & $-0.0265267$ & $0.0061286$ & $0.0584323$ & $0.0543227$ & $-0.0535979$ & $0.0018382$ & $-0.0171519$ & $0.0167929$ & $-0.0902798$ & $-0.173748$ & $-0.154148$ & $-0.0892447$ & $0.00354394$ & $-0.00727371$ & $-0.0254712$ & $0.0259966$ & $0.0276637$ & $1$ & $-0.153521$ & $0.0887231$ & $-0.641985$ & $0.346533$ & $-0.0248511$ & $-0.0299615$ & $0.00201185$ & $-0.0143684$ & $0.00447455$ & $-0.0154816$ & $0.201448$ & $-0.0481328$ & $0.0194211$ & $-0.0158606$ & $0.00689874$ & $-0.0164213$ & $0.011254$ & $0.00447377$ & $-0.0240579$ & $0.0152311$ & $0.0197828$ & $0.0179645$ & $-0.0412391$ & $0.0124051$ & $0.000211117$ & $-0.018126$ \\
CHQ1_33 & $-0.0449489$ & $0.0278844$ & $-0.0240006$ & $0.0254145$ & $0.0094581$ & $0.0158538$ & $0.0740648$ & $-0.645437$ & $-0.641136$ & $0.544699$ & $0.30768$ & $-0.0982421$ & $-0.317578$ & $0.418668$ & $0.105794$ & $0.125071$ & $0.640973$ & $0.572819$ & $0.572562$ & $-0.252375$ & $-0.364668$ & $-0.35857$ & $-0.153521$ & $1$ & $0.60406$ & $0.220341$ & $-0.421103$ & $0.018049$ & $-0.0303692$ & $-0.0913638$ & $-0.0387695$ & $0.0613528$ & $-0.0996254$ & $-0.621866$ & $-0.0458646$ & $0.001717$ & $0.0407358$ & $-0.00460521$ & $-0.0191658$ & $-0.0131854$ & $-0.0465656$ & $-0.0205869$ & $-0.0210942$ & $-0.0457359$ & $-0.0206751$ & $-0.026442$ & $-0.0151046$ & $0.0155204$ & $-0.0554285$ \\
CHQ3_11 & $-0.103919$ & $0.0259827$ & $-0.028098$ & $-0.00492281$ & $0.0247138$ & $-0.0758942$ & $0.0724396$ & $-0.380061$ & $-0.381534$ & $0.454217$ & $0.040491$ & $-0.217611$ & $-0.321758$ & $0.54062$ & $-0.16787$ & $-0.12198$ & $0.73131$ & $0.767543$ & $0.752073$ & $-0.0331952$ & $-0.0424417$ & $-0.0507328$ & $0.0887231$ & $0.60406$ & $1$ & $0.0410843$ & $0.243271$ & $-0.00275943$ & $-0.0249098$ & $-0.0844437$ & $-0.0362322$ & $0.051098$ & $-0.101465$ & $-0.158487$ & $-0.0562115$ & $0.007568$ & $0.018178$ & $-0.00328659$ & $-0.0382724$ & $-0.00439846$ & $-0.0024518$ & $-0.0222761$ & $-0.0360812$ & $-0.00315708$ & $-0.0291773$ & $-0.0200497$ & $0.00314126$ & $-1e-05$ & $-0.0406641$ \\
CHu_11 & $-0.0258139$ & $0.0601528$ & $-0.0281649$ & $0.0327959$ & $0.0161489$ & $0.119675$ & $-0.0032105$ & $-0.532905$ & $-0.520924$ & $0.251489$ & $0.580168$ & $0.0847832$ & $-0.107217$ & $-0.294623$ & $-0.227617$ & $-0.22338$ & $-0.115259$ & $0.0514123$ & $0.0497592$ & $-0.570743$ & $-0.57975$ & $-0.567341$ & $-0.641985$ & $0.220341$ & $0.0410843$ & $1$ & $-0.145212$ & $-0.158199$ & $-0.00379115$ & $-0.0393171$ & $-0.0285315$ & $0.0019358$ & $-0.0601865$ & $-0.238575$ & $0.033531$ & $0.0115125$ & $0.00848973$ & $0.00526508$ & $0.00655293$ & $-0.0207524$ & $0.000631079$ & $0.0484576$ & $0.00602963$ & $-0.0208845$ & $-0.023314$ & $0.0639731$ & $-0.0119726$ & $-0.016329$ & $-0.0190107$ \\
CHd_11 & $-0.0219356$ & $-0.00459265$ & $0.00486808$ & $-0.0249662$ & $0.0201414$ & $-0.0608121$ & $-0.0115363$ & $0.391009$ & $0.379067$ & $-0.229146$ & $-0.258425$ & $-0.0705498$ & $0.0916014$ & $-0.0919114$ & $-0.402944$ & $-0.394239$ & $-0.16264$ & $0.02037$ & $0.0180145$ & $0.186107$ & $0.340858$ & $0.333068$ & $0.346533$ & $-0.421103$ & $0.243271$ & $-0.145212$ & $1$ & $0.0912798$ & $-0.0161985$ & $0.0258169$ & $-0.00700516$ & $-0.00883191$ & $0.0108748$ & $0.677289$ & $-0.00129913$ & $0.0181756$ & $-0.0227455$ & $0.0158262$ & $-0.00934853$ & $-0.000496707$ & $0.0612034$ & $0.000522191$ & $-0.01371$ & $0.0142574$ & $-0.0334551$ & $0.0125869$ & $0.00842842$ & $0.0154937$ & $0.00619185$ \\
CHd_33 & $-0.00988774$ & $0.00258462$ & $0.0253595$ & $-0.0560411$ & $-0.0223896$ & $-0.0223658$ & $-0.0230152$ & $0.296225$ & $0.292412$ & $-0.120542$ & $-0.334955$ & $-0.0713205$ & $0.0270358$ & $0.186116$ & $0.112214$ & $0.143326$ & $0.097473$ & $0.0042945$ & $-0.0119103$ & $0.328025$ & $0.336969$ & $0.331022$ & $-0.0248511$ & $0.018049$ & $-0.00275943$ & $-0.158199$ & $0.0912798$ & $1$ & $0.0127671$ & $0.0158153$ & $-0.0142081$ & $-0.0138175$ & $0.0464831$ & $0.149801$ & $0.0609043$ & $-0.00131551$ & $-0.0412895$ & $-0.00620335$ & $-0.00475359$ & $0.00319201$ & $0.010606$ & $-0.00825769$ & $-0.0105727$ & $0.00678657$ & $0.021174$ & $-0.0296885$ & $-0.0529243$ & $0.0303903$ & $0.0335003$ \\
CeH_22r & $-0.0294379$ & $0.00311699$ & $-0.0021928$ & $-0.0320358$ & $-0.0105061$ & $0.00707876$ & $-0.0109878$ & $0.034776$ & $0.0452944$ & $-0.0173509$ & $-0.031736$ & $0.0495592$ & $0.0593232$ & $-0.00238028$ & $0.0167764$ & $0.0367659$ & $-0.00401513$ & $-0.0149869$ & $-0.0248652$ & $0.0355544$ & $0.0292772$ & $0.0365716$ & $-0.0299615$ & $-0.0303692$ & $-0.0249098$ & $-0.00379115$ & $-0.0161985$ & $0.0127671$ & $1$ & $0.0321222$ & $0.0350134$ & $-0.037819$ & $0.0389013$ & $0.0169789$ & $-0.00770249$ & $-0.0505352$ & $-0.0152883$ & $-0.0330476$ & $-0.0445183$ & $0.0139684$ & $0.00536954$ & $0.0441051$ & $0.0160386$ & $0.0870991$ & $0.0129315$ & $-0.00252222$ & $0.0109151$ & $-0.0411664$ & $0.0207856$ \\
CeH_33r & $0.0437834$ & $-0.0134439$ & $0.0191581$ & $0.00437746$ & $-0.000585018$ & $-0.0306564$ & $-0.110388$ & $0.0890498$ & $0.115134$ & $-0.120526$ & $-0.0592997$ & $0.23196$ & $0.165994$ & $-0.0411396$ & $0.0308564$ & $-0.000753467$ & $-0.049133$ & $-0.0778551$ & $-0.0586512$ & $0.0569061$ & $0.0620248$ & $0.0601954$ & $0.00201185$ & $-0.0913638$ & $-0.0844437$ & $-0.0393171$ & $0.0258169$ & $0.0158153$ & $0.0321222$ & $1$ & $0.306274$ & $0.023651$ & $0.592639$ & $0.0522102$ & $-0.0787075$ & $-0.048355$ & $-0.217025$ & $0.00216294$ & $-0.0116006$ & $0.0250166$ & $0.0439235$ & $0.000737723$ & $0.0220582$ & $-0.0267992$ & $0.11774$ & $-0.000906196$ & $0.0474097$ & $0.00998175$ & $0.00536985$ \\
CuH_22r & $0.0228386$ & $0.0186031$ & $0.0147817$ & $-0.0281363$ & $0.00592504$ & $0.019316$ & $-0.0762398$ & $0.0312897$ & $0.0499186$ & $-0.0356602$ & $-0.023672$ & $0.0750711$ & $0.0640514$ & $-0.0101509$ & $0.00165565$ & $0.00191992$ & $-0.0118232$ & $-0.0162138$ & $-0.0185673$ & $0.0225826$ & $0.0254322$ & $0.0272789$ & $-0.0143684$ & $-0.0387695$ & $-0.0362322$ & $-0.0285315$ & $-0.00700516$ & $-0.0142081$ & $0.0350134$ & $0.306274$ & $1$ & $-0.00448019$ & $0.323276$ & $0.0285766$ & $-0.0231521$ & $-0.0213532$ & $-0.145321$ & $-0.022037$ & $-0.00705528$ & $0.0347943$ & $0.021589$ & $0.0124583$ & $0.0356925$ & $0.0457952$ & $0.0314308$ & $0.0661434$ & $0.425816$ & $0.0127875$ & $0.0220662$ \\
CuH_33r & $0.0271047$ & $-0.0134796$ & $-0.0265186$ & $0.035097$ & $-0.00411383$ & $0.0296398$ & $0.938334$ & $-0.0625641$ & $-0.018369$ & $0.0772123$ & $0.0467991$ & $-0.0441939$ & $-0.159723$ & $0.0337733$ & $-0.0585914$ & $-0.014215$ & $0.00807675$ & $0.0768486$ & $0.0345501$ & $-0.0465971$ & $-0.0482489$ & $-0.0573162$ & $0.00447455$ & $0.0613528$ & $0.051098$ & $0.0019358$ & $-0.00883191$ & $-0.0138175$ & $-0.037819$ & $0.023651$ & $-0.00448019$ & $1$ & $0.0279193$ & $-0.0107385$ & $0.0539519$ & $0.0229847$ & $0.0251487$ & $-0.000860737$ & $0.0133427$ & $-0.00524923$ & $-0.0283426$ & $-0.0136382$ & $0.00644121$ & $-0.0126494$ & $-0.0474651$ & $0.0246292$ & $-0.00715721$ & $-0.00116838$ & $-0.00780533$ \\
CdH_33r & $0.112373$ & $-0.0308696$ & $0.0138638$ & $-0.0190881$ & $-0.0261876$ & $-0.019972$ & $-0.125873$ & $0.107497$ & $0.129998$ & $-0.116749$ & $-0.0815144$ & $0.274901$ & $0.218411$ & $-0.025556$ & $0.0438297$ & $0.00755404$ & $-0.0434655$ & $-0.0784273$ & $-0.0534763$ & $0.0792291$ & $0.0829606$ & $0.0799162$ & $-0.0154816$ & $-0.0996254$ & $-0.101465$ & $-0.0601865$ & $0.0108748$ & $0.0464831$ & $0.0389013$ & $0.592639$ & $0.323276$ & $0.0279193$ & $1$ & $0.0543788$ & $-0.0727254$ & $-0.0766985$ & $-0.239053$ & $-0.0403735$ & $0.0477085$ & $0.0321807$ & $-0.0572462$ & $-0.0149313$ & $0.0636481$ & $-0.052382$ & $-0.0152849$ & $-0.0364276$ & $0.0255615$ & $0.230335$ & $0.5613$ \\
CLL_1221 & $0.0122498$ & $0.0207146$ & $0.0121866$ & $-0.0163797$ & $-0.00616701$ & $-0.097878$ & $-0.0187331$ & $0.529974$ & $0.521768$ & $-0.331574$ & $-0.349944$ & $-0.0391301$ & $0.170734$ & $-0.171373$ & $-0.595783$ & $-0.113609$ & $-0.218853$ & $0.0964618$ & $-0.306087$ & $0.272229$ & $0.438179$ & $0.432856$ & $0.201448$ & $-0.621866$ & $-0.158487$ & $-0.238575$ & $0.677289$ & $0.149801$ & $0.0169789$ & $0.0522102$ & $0.0285766$ & $-0.0107385$ & $0.0543788$ & $1$ & $0.0341126$ & $-0.00652125$ & $-0.0329234$ & $-0.00532864$ & $0.00646557$ & $0.0207226$ & $0.0319266$ & $0.018797$ & $0.00508827$ & $0.017774$ & $-0.0274475$ & $0.0323849$ & $-0.00301089$ & $0.0109416$ & $0.023892$ \\
eHggint & $0.0301393$ & $-0.0436682$ & $0.0263697$ & $-0.0217025$ & $-0.0368557$ & $0.038216$ & $-0.0405545$ & $0.0178182$ & $-0.00609973$ & $0.0274879$ & $0.00623706$ & $0.117707$ & $0.0786376$ & $-0.0338493$ & $-0.0290202$ & $-0.0408073$ & $-0.0500684$ & $-0.0251301$ & $-0.0285583$ & $-0.00980574$ & $-0.00267242$ & $-0.0122415$ & $-0.0481328$ & $-0.0458646$ & $-0.0562115$ & $0.033531$ & $-0.00129913$ & $0.0609043$ & $-0.00770249$ & $-0.0787075$ & $-0.0231521$ & $0.0539519$ & $-0.0727254$ & $0.0341126$ & $1$ & $-0.117005$ & $0.04236$ & $0.0443426$ & $-0.0122444$ & $0.0126822$ & $0.0839315$ & $0.0171625$ & $-0.00314481$ & $-0.015114$ & $-0.0235537$ & $0.0193928$ & $-0.0153851$ & $0.0480769$ & $-0.0398565$ \\
eHggpar & $-0.0243898$ & $0.0644563$ & $0.00689732$ & $0.0197515$ & $-0.0248422$ & $-0.0227424$ & $-0.0143042$ & $-0.00409006$ & $-0.0204916$ & $0.0272257$ & $0.00733025$ & $0.0567511$ & $0.0250498$ & $-0.00885598$ & $0.00452687$ & $0.00252072$ & $-0.011634$ & $-0.0147102$ & $-0.0111677$ & $-0.00613471$ & $-0.00664036$ & $-0.00141631$ & $0.0194211$ & $0.001717$ & $0.007568$ & $0.0115125$ & $0.0181756$ & $-0.00131551$ & $-0.0505352$ & $-0.048355$ & $-0.0213532$ & $0.0229847$ & $-0.0766985$ & $-0.00652125$ & $-0.117005$ & $1$ & $0.0728742$ & $-0.00189952$ & $0.000337232$ & $0.0255484$ & $-0.0307795$ & $-0.0185793$ & $-0.0204096$ & $0.0673572$ & $-0.038327$ & $-0.0242334$ & $0.0379176$ & $-0.0549256$ & $-0.050156$ \\
eHWWint & $0.00761587$ & $0.0102333$ & $0.00190936$ & $0.0104945$ & $-0.00282774$ & $-0.0139121$ & $0.0695987$ & $-0.0169415$ & $-0.0291048$ & $0.0130676$ & $-0.000896089$ & $0.00275083$ & $0.000193458$ & $0.0229436$ & $0.0243125$ & $0.0160855$ & $0.0340993$ & $0.0156704$ & $0.0242334$ & $0.00288165$ & $-0.003638$ & $0.00319077$ & $-0.0158606$ & $0.0407358$ & $0.018178$ & $0.00848973$ & $-0.0227455$ & $-0.0412895$ & $-0.0152883$ & $-0.217025$ & $-0.145321$ & $0.0251487$ & $-0.239053$ & $-0.0329234$ & $0.04236$ & $0.0728742$ & $1$ & $0.00694305$ & $0.048181$ & $-0.00307134$ & $-0.0909521$ & $0.0167972$ & $-0.038447$ & $-0.0400207$ & $-0.055988$ & $0.0249308$ & $-0.0679862$ & $-0.0467469$ & $-0.00375193$ \\
eHWWpar & $0.0401863$ & $0.0126702$ & $0.00809648$ & $0.0311189$ & $0.00982517$ & $-0.0722646$ & $-0.000962588$ & $-0.0192542$ & $-0.0208148$ & $-0.00406201$ & $0.0305512$ & $0.00895101$ & $0.00615614$ & $-0.0354467$ & $-0.0122862$ & $-0.0280243$ & $-0.0220155$ & $-0.0167987$ & $-0.00510201$ & $-0.0302105$ & $-0.0263956$ & $-0.0363731$ & $0.00689874$ & $-0.00460521$ & $-0.00328659$ & $0.00526508$ & $0.0158262$ & $-0.00620335$ & $-0.0330476$ & $0.00216294$ & $-0.022037$ & $-0.000860737$ & $-0.0403735$ & $-0.00532864$ & $0.0443426$ & $-0.00189952$ & $0.00694305$ & $1$ & $0.00430094$ & $-0.013845$ & $0.0117348$ & $-0.0476294$ & $0.0227337$ & $-0.0228772$ & $-0.0445772$ & $0.0146974$ & $-0.0292071$ & $0.0164315$ & $-0.0208417$ \\
eHZZint & $0.030645$ & $-0.0137214$ & $-0.0240141$ & $0.000736255$ & $-0.0237951$ & $0.0526739$ & $0.000380679$ & $0.020031$ & $0.0115341$ & $-0.0246995$ & $-0.0121293$ & $-0.00935031$ & $0.00462999$ & $-0.00249207$ & $0.00793996$ & $-0.00907807$ & $-0.0192954$ & $-0.0211264$ & $-0.0130569$ & $0.00771573$ & $0.0131973$ & $0.0119683$ & $-0.0164213$ & $-0.0191658$ & $-0.0382724$ & $0.00655293$ & $-0.00934853$ & $-0.00475359$ & $-0.0445183$ & $-0.0116006$ & $-0.00705528$ & $0.0133427$ & $0.0477085$ & $0.00646557$ & $-0.0122444$ & $0.000337232$ & $0.048181$ & $0.00430094$ & $1$ & $0.0130195$ & $-0.00513771$ & $-0.0565971$ & $-0.0322454$ & $-0.0645002$ & $0.0670363$ & $-0.0807408$ & $-0.0557031$ & $0.0187849$ & $0.0793308$ \\
eHZZpar & $0.0150197$ & $0.00266711$ & $-0.0216959$ & $0.0143667$ & $-0.0223005$ & $-0.0266004$ & $-0.0106898$ & $-0.000491928$ & $0.00710335$ & $-0.0013612$ & $0.000649633$ & $-0.00885012$ & $-0.0172968$ & $-0.00776773$ & $-0.0201048$ & $-0.0147848$ & $0.00210398$ & $0.0136817$ & $0.00401493$ & $-0.00200074$ & $0.00140888$ & $-0.00185177$ & $0.011254$ & $-0.0131854$ & $-0.00439846$ & $-0.0207524$ & $-0.000496707$ & $0.00319201$ & $0.0139684$ & $0.0250166$ & $0.0347943$ & $-0.00524923$ & $0.0321807$ & $0.0207226$ & $0.0126822$ & $0.0255484$ & $-0.00307134$ & $-0.013845$ & $0.0130195$ & $1$ & $0.00675826$ & $-0.0487231$ & $0.00995347$ & $-0.0048709$ & $0.0295601$ & $-0.00791305$ & $-0.00680383$ & $0.0179568$ & $0.0318007$ \\
eHZgaint & $-0.00796457$ & $-0.0452961$ & $0.00328377$ & $0.0295616$ & $-0.0151978$ & $0.00561951$ & $-0.023858$ & $0.0440534$ & $0.0495555$ & $-0.0737853$ & $-0.0288269$ & $-0.0377339$ & $0.00656285$ & $-0.0144546$ & $-0.00101089$ & $-0.0173387$ & $-0.0242037$ & $-0.0317115$ & $-0.0189195$ & $0.0204679$ & $0.0329912$ & $0.0306119$ & $0.00447377$ & $-0.0465656$ & $-0.0024518$ & $0.000631079$ & $0.0612034$ & $0.010606$ & $0.00536954$ & $0.0439235$ & $0.021589$ & $-0.0283426$ & $-0.0572462$ & $0.0319266$ & $0.0839315$ & $-0.0307795$ & $-0.0909521$ & $0.0117348$ & $-0.00513771$ & $0.00675826$ & $1$ & $-0.0430598$ & $0.00768569$ & $-0.0159336$ & $-0.00785053$ & $0.0420389$ & $-0.00336408$ & $-0.0645016$ & $-0.103855$ \\
eHZgapar & $0.0408608$ & $-0.0163968$ & $0.0401539$ & $-0.0360966$ & $0.0298809$ & $0.0169201$ & $-0.00945751$ & $-0.0189107$ & $-0.0144786$ & $0.00828995$ & $0.0329323$ & $0.0298085$ & $0.0302486$ & $-0.0203581$ & $-0.0430082$ & $-0.0263766$ & $-0.0282707$ & $0.00608147$ & $-0.00590034$ & $-0.0357534$ & $-0.0294767$ & $-0.0218359$ & $-0.0240579$ & $-0.0205869$ & $-0.0222761$ & $0.0484576$ & $0.000522191$ & $-0.00825769$ & $0.0441051$ & $0.000737723$ & $0.0124583$ & $-0.0136382$ & $-0.0149313$ & $0.018797$ & $0.0171625$ & $-0.0185793$ & $0.0167972$ & $-0.0476294$ & $-0.0565971$ & $-0.0487231$ & $-0.0430598$ & $1$ & $-0.00407444$ & $0.0368333$ & $0.00442359$ & $0.0278596$ & $0.0204446$ & $-0.0138362$ & $-0.0267544$ \\
eHgagaint & $0.0171866$ & $0.0135697$ & $0.000873009$ & $0.0638476$ & $-0.0193991$ & $0.0023174$ & $-0.00863576$ & $-0.0104272$ & $0.0770029$ & $-0.00890176$ & $0.0233262$ & $-0.0073502$ & $0.00444974$ & $-0.0122251$ & $-0.0184778$ & $-0.0218095$ & $-0.0332548$ & $-0.0122329$ & $-0.00882891$ & $-0.0279788$ & $-0.0210713$ & $-0.0134989$ & $0.0152311$ & $-0.0210942$ & $-0.0360812$ & $0.00602963$ & $-0.01371$ & $-0.0105727$ & $0.0160386$ & $0.0220582$ & $0.0356925$ & $0.00644121$ & $0.0636481$ & $0.00508827$ & $-0.00314481$ & $-0.0204096$ & $-0.038447$ & $0.0227337$ & $-0.0322454$ & $0.00995347$ & $0.00768569$ & $-0.00407444$ & $1$ & $-0.0485659$ & $0.00145995$ & $0.0254073$ & $0.0273046$ & $-0.0524297$ & $0.0705375$ \\
eHmumuint & $-0.0595002$ & $0.038402$ & $-0.0225621$ & $0.0334947$ & $0.0242313$ & $-0.0427896$ & $-0.0103298$ & $0.00480002$ & $-0.000278748$ & $-0.0100598$ & $0.0128527$ & $0.0466139$ & $0.0632074$ & $-0.0497784$ & $-0.00503638$ & $-0.00541482$ & $-0.0248942$ & $-0.0294266$ & $-0.0278193$ & $-0.00682173$ & $-0.00878095$ & $-0.00496426$ & $0.0197828$ & $-0.0457359$ & $-0.00315708$ & $-0.0208845$ & $0.0142574$ & $0.00678657$ & $0.0870991$ & $-0.0267992$ & $0.0457952$ & $-0.0126494$ & $-0.052382$ & $0.017774$ & $-0.015114$ & $0.0673572$ & $-0.0400207$ & $-0.0228772$ & $-0.0645002$ & $-0.0048709$ & $-0.0159336$ & $0.0368333$ & $-0.0485659$ & $1$ & $0.0562126$ & $0.0193409$ & $0.0881993$ & $0.0297038$ & $-0.105239$ \\
eHtautauint & $0.00668989$ & $0.0390226$ & $-0.0153844$ & $-0.0247278$ & $0.0116359$ & $-0.0330256$ & $-0.0349112$ & $-0.0243198$ & $-0.0229609$ & $-0.0216043$ & $0.0357558$ & $-0.0176663$ & $-0.0152848$ & $-0.0475387$ & $0.015571$ & $-0.0411545$ & $-0.0116521$ & $-0.0410169$ & $0.0158791$ & $-0.0358389$ & $-0.0330621$ & $-0.0201983$ & $0.0179645$ & $-0.0206751$ & $-0.0291773$ & $-0.023314$ & $-0.0334551$ & $0.021174$ & $0.0129315$ & $0.11774$ & $0.0314308$ & $-0.0474651$ & $-0.0152849$ & $-0.0274475$ & $-0.0235537$ & $-0.038327$ & $-0.055988$ & $-0.0445772$ & $0.0670363$ & $0.0295601$ & $-0.00785053$ & $0.00442359$ & $0.00145995$ & $0.0562126$ & $1$ & $0.0253248$ & $0.0892895$ & $-0.0439043$ & $-0.0300015$ \\
eHccint & $0.0547161$ & $-0.00824013$ & $0.00868952$ & $0.00213921$ & $-0.00967444$ & $0.0153148$ & $0.0178598$ & $-0.0119248$ & $-0.00489187$ & $0.00452869$ & $0.0232224$ & $-0.0215855$ & $-0.0337596$ & $-0.0251523$ & $-0.0485313$ & $-0.0364154$ & $-0.0173107$ & $0.0128086$ & $0.00488517$ & $-0.0237776$ & $-0.0159855$ & $-0.0155117$ & $-0.0412391$ & $-0.026442$ & $-0.0200497$ & $0.0639731$ & $0.0125869$ & $-0.0296885$ & $-0.00252222$ & $-0.000906196$ & $0.0661434$ & $0.0246292$ & $-0.0364276$ & $0.0323849$ & $0.0193928$ & $-0.0242334$ & $0.0249308$ & $0.0146974$ & $-0.0807408$ & $-0.00791305$ & $0.0420389$ & $0.0278596$ & $0.0254073$ & $0.0193409$ & $0.0253248$ & $1$ & $-0.0171734$ & $0.0366207$ & $-0.0510492$ \\
eHccpar & $0.00226261$ & $0.0623487$ & $0.0386095$ & $-0.0321906$ & $-0.0357679$ & $0.0450061$ & $-0.0143795$ & $-0.00382762$ & $0.00587916$ & $0.00473482$ & $0.00786244$ & $0.0240786$ & $0.0184179$ & $-0.00241191$ & $0.00359344$ & $-0.0167024$ & $-0.0133373$ & $-0.010812$ & $0.00070295$ & $-0.00529303$ & $-0.00610653$ & $-0.00463997$ & $0.0124051$ & $-0.0151046$ & $0.00314126$ & $-0.0119726$ & $0.00842842$ & $-0.0529243$ & $0.0109151$ & $0.0474097$ & $0.425816$ & $-0.00715721$ & $0.0255615$ & $-0.00301089$ & $-0.0153851$ & $0.0379176$ & $-0.0679862$ & $-0.0292071$ & $-0.0557031$ & $-0.00680383$ & $-0.00336408$ & $0.0204446$ & $0.0273046$ & $0.0881993$ & $0.0892895$ & $-0.0171734$ & $1$ & $0.0362133$ & $-0.0125877$ \\
eHbbint & $0.0947304$ & $-0.00368437$ & $-0.00441394$ & $-0.0161029$ & $-0.0150617$ & $-0.00288102$ & $-0.01579$ & $0.00345778$ & $-0.00673448$ & $-0.00411578$ & $-0.00459668$ & $0.0239047$ & $0.0341472$ & $-2.84821e-06$ & $-0.00643069$ & $0.011465$ & $0.00239738$ & $0.00949204$ & $-0.00228478$ & $0.00696918$ & $0.00416017$ & $0.00500083$ & $0.000211117$ & $0.0155204$ & $-1e-05$ & $-0.016329$ & $0.0154937$ & $0.0303903$ & $-0.0411664$ & $0.00998175$ & $0.0127875$ & $-0.00116838$ & $0.230335$ & $0.0109416$ & $0.0480769$ & $-0.0549256$ & $-0.0467469$ & $0.0164315$ & $0.0187849$ & $0.0179568$ & $-0.0645016$ & $-0.0138362$ & $-0.0524297$ & $0.0297038$ & $-0.0439043$ & $0.0366207$ & $0.0362133$ & $1$ & $0.0373074$ \\
eHbbpar & $0.118563$ & $-0.0347505$ & $0.0129883$ & $-0.0415416$ & $-0.049811$ & $-0.0220873$ & $-0.0145898$ & $0.0426946$ & $0.0472072$ & $-0.0290944$ & $-0.0339211$ & $-0.00307575$ & $0.0176374$ & $-0.00380481$ & $0.0177678$ & $-0.0166059$ & $-0.00589843$ & $-0.0277602$ & $-6.16459e-05$ & $0.0278019$ & $0.036593$ & $0.0358911$ & $-0.018126$ & $-0.0554285$ & $-0.0406641$ & $-0.0190107$ & $0.00619185$ & $0.0335003$ & $0.0207856$ & $0.00536985$ & $0.0220662$ & $-0.00780533$ & $0.5613$ & $0.023892$ & $-0.0398565$ & $-0.050156$ & $-0.00375193$ & $-0.0208417$ & $0.0793308$ & $0.0318007$ & $-0.103855$ & $-0.0267544$ & $0.0705375$ & $-0.105239$ & $-0.0300015$ & $-0.0510492$ & $-0.0125877$ & $0.0373074$ & $1$ \\
