 & AlsMz & dAle5Mz & mtop & mHl & Mz & CW & CHG & CHWB & CHWHB_gaga & CHWHB_gagaorth & CHD & CHbox & CH & CHL1_11 & CHL1_22 & CHL1_33 & CHL3_11 & CHL3_22 & CHL3_33 & CHe_11 & CHe_22 & CHe_33 & CHQ1_11 & CHQ1_33 & CHQ3_11 & CHu_11 & CHd_11 & CHd_33 & CeH_22r & CeH_33r & CuH_22r & CuH_33r & CdH_33r & CLL_1221 & eHggint & eHggpar & eHWWint & eHWWpar & eHZZint & eHZZpar & eHZgaint & eHZgapar & eHgagaint & eHmumuint & eHtautauint & eHccint & eHccpar & eHbbint & eHbbpar \\
AlsMz & $1$ & $-0.0745039$ & $-0.0378294$ & $0.0518228$ & $0.0211858$ & $-0.0305821$ & $-0.0266386$ & $0.0207921$ & $0.0222408$ & $-0.0186624$ & $-0.0502897$ & $0.00386695$ & $0.0300466$ & $0.0515389$ & $0.0234964$ & $0.0284018$ & $0.051477$ & $0.0383633$ & $0.0349568$ & $0.0425979$ & $0.0423243$ & $0.037776$ & $0.00717847$ & $-0.023186$ & $-0.0491472$ & $-0.0788521$ & $-0.0314902$ & $0.0212261$ & $0.0451685$ & $0.0413189$ & $0.0266202$ & $-0.0260552$ & $0.0441145$ & $-0.000784998$ & $-0.023341$ & $0.00106694$ & $-0.0667824$ & $0.0480285$ & $-0.0729622$ & $-0.0322658$ & $0.00640215$ & $-0.0658961$ & $0.00151245$ & $0.078598$ & $0.0171209$ & $0.0708833$ & $0.0168805$ & $0.0675921$ & $-0.0403971$ \\
dAle5Mz & $-0.0745039$ & $1$ & $-0.109828$ & $-0.0582104$ & $-0.0443053$ & $0.0375889$ & $-0.0378799$ & $-0.095514$ & $-0.0900087$ & $0.0395048$ & $0.0971525$ & $0.0571222$ & $0.036116$ & $-0.0630998$ & $-0.0249522$ & $-0.0412751$ & $-0.0281909$ & $-0.0235019$ & $-0.00668951$ & $-0.0786568$ & $-0.0806203$ & $-0.0726002$ & $0.0031521$ & $0.00974802$ & $-0.010215$ & $0.0706914$ & $-0.0246488$ & $-0.0200674$ & $-0.00209656$ & $0.0175716$ & $-0.0399529$ & $-0.0227374$ & $0.0319076$ & $-0.0167398$ & $0.110229$ & $0.0479224$ & $-0.000438824$ & $0.0133849$ & $0.118712$ & $-0.050232$ & $0.0137756$ & $0.0114813$ & $0.085898$ & $-0.0944599$ & $-0.00931788$ & $0.0382632$ & $-0.101757$ & $0.050593$ & $0.047681$ \\
mtop & $-0.0378294$ & $-0.109828$ & $1$ & $0.00750778$ & $0.0181154$ & $0.000755626$ & $0.0248938$ & $0.00114965$ & $-0.0100487$ & $0.0150195$ & $-0.0086219$ & $0.00383591$ & $-0.00348716$ & $0.0306307$ & $0.0166793$ & $0.00494617$ & $0.0221212$ & $0.0205884$ & $0.028483$ & $0.0152306$ & $0.0109222$ & $0.0117785$ & $0.00122476$ & $0.0306488$ & $0.0339577$ & $-0.00260218$ & $0.00598962$ & $0.00808956$ & $-0.0161866$ & $-0.0175031$ & $0.0431644$ & $0.0275345$ & $0.0066575$ & $-0.0212018$ & $0.182519$ & $-0.0790201$ & $-0.074851$ & $0.000111597$ & $-0.00416347$ & $-0.0365817$ & $0.0306991$ & $-0.0472466$ & $-0.154416$ & $0.0736259$ & $-0.0642484$ & $0.0775219$ & $0.119619$ & $0.03386$ & $0.0429132$ \\
mHl & $0.0518228$ & $-0.0582104$ & $0.00750778$ & $1$ & $-0.0204768$ & $0.0198231$ & $0.0707392$ & $0.0154416$ & $0.0147486$ & $-0.0210897$ & $-0.0322062$ & $-0.0750781$ & $-0.0499526$ & $0.0414466$ & $0.0425734$ & $0.0457961$ & $0.022834$ & $0.00949855$ & $0.00916215$ & $0.035227$ & $0.0265677$ & $0.0232357$ & $0.00520614$ & $0.0294049$ & $0.00693531$ & $-0.0273503$ & $-0.0266682$ & $0.0199176$ & $0.00900343$ & $-0.0600974$ & $-0.0308797$ & $0.0736897$ & $-0.0287932$ & $-0.033932$ & $-0.0236881$ & $0.0161613$ & $0.0159977$ & $0.00867225$ & $0.0524215$ & $-0.0476264$ & $-0.0109163$ & $0.00113304$ & $0.00397562$ & $0.0389891$ & $-0.0501984$ & $0.0424519$ & $-0.0693677$ & $-0.0143839$ & $0.0266907$ \\
Mz & $0.0211858$ & $-0.0443053$ & $0.0181154$ & $-0.0204768$ & $1$ & $-0.00823488$ & $-0.0139798$ & $0.0199598$ & $0.0192758$ & $-0.0108199$ & $-0.0112595$ & $0.0159208$ & $0.0170362$ & $0.00811798$ & $0.00677963$ & $0.025561$ & $-0.00672694$ & $-0.00548181$ & $-0.0121921$ & $0.0173394$ & $0.0169623$ & $0.021228$ & $-0.0103052$ & $-0.0156524$ & $-0.000227115$ & $-0.00523365$ & $0.0169904$ & $0.00226832$ & $-0.0143195$ & $0.00947851$ & $0.00777964$ & $-0.0088633$ & $-0.00620639$ & $0.00759656$ & $0.0251997$ & $0.0228617$ & $0.0129413$ & $-0.0125722$ & $-0.0380257$ & $0.0194163$ & $0.00117257$ & $-0.00887013$ & $0.000784621$ & $0.036931$ & $0.023914$ & $0.00961308$ & $0.00119361$ & $-0.0139589$ & $-0.0253967$ \\
CW & $-0.0305821$ & $0.0375889$ & $0.000755626$ & $0.0198231$ & $-0.00823488$ & $1$ & $-0.0326167$ & $-0.0476488$ & $-0.0481568$ & $0.00700058$ & $0.152751$ & $0.061005$ & $0.0401746$ & $-0.0271487$ & $-0.0998719$ & $-0.0936103$ & $-0.359079$ & $-0.147837$ & $-0.150187$ & $-0.150101$ & $-0.15291$ & $-0.146776$ & $0.0437357$ & $-0.115316$ & $-0.184378$ & $0.0873708$ & $-0.034253$ & $-0.0586071$ & $0.014842$ & $0.0307752$ & $0.00864111$ & $-0.0194999$ & $0.0284891$ & $-0.0816031$ & $0.0361988$ & $-0.00460909$ & $-0.0102634$ & $0.00300261$ & $0.0353138$ & $0.0070766$ & $-0.00327769$ & $-0.0103409$ & $-0.0359935$ & $-0.0261946$ & $-0.0126553$ & $0.043793$ & $-0.0347125$ & $-0.00204949$ & $0.0150721$ \\
CHG & $-0.0266386$ & $-0.0378799$ & $0.0248938$ & $0.0707392$ & $-0.0139798$ & $-0.0326167$ & $1$ & $-0.0242371$ & $-0.00253834$ & $0.173242$ & $0.0629085$ & $-0.745258$ & $-0.77803$ & $-0.0940592$ & $-0.0190434$ & $-0.0293053$ & $-0.0644402$ & $-0.0662452$ & $-0.0626044$ & $-0.0625369$ & $-0.0625091$ & $-0.0621422$ & $-0.0174132$ & $-0.0353111$ & $-0.0532032$ & $0.0548298$ & $5.98768e-05$ & $-0.0138509$ & $-0.143932$ & $-0.579234$ & $-0.365561$ & $0.956544$ & $-0.584633$ & $-0.000980381$ & $-0.132378$ & $-0.140003$ & $-0.0682161$ & $0.0214565$ & $0.0276655$ & $0.0188929$ & $0.0646208$ & $0.0557825$ & $-0.0988504$ & $0.0467865$ & $-0.0225163$ & $0.0219141$ & $0.0242886$ & $-0.00203063$ & $0.0902096$ \\
CHWB & $0.0207921$ & $-0.095514$ & $0.00114965$ & $0.0154416$ & $0.0199598$ & $-0.0476488$ & $-0.0242371$ & $1$ & $0.988459$ & $-0.56412$ & $-0.8746$ & $-0.0317079$ & $0.0306307$ & $0.253633$ & $0.471616$ & $0.464887$ & $-0.214094$ & $-0.419611$ & $-0.41126$ & $0.858613$ & $0.888619$ & $0.880578$ & $0.028366$ & $-0.626588$ & $-0.379352$ & $-0.591549$ & $0.393393$ & $0.402938$ & $-0.00293531$ & $0.0133767$ & $0.0102666$ & $-0.0463914$ & $-0.00272241$ & $0.514967$ & $-0.00413452$ & $0.0108067$ & $0.032753$ & $-0.00374559$ & $0.0437209$ & $-0.00699477$ & $-0.0106354$ & $0.00044072$ & $0.0112925$ & $0.0145446$ & $-0.000153334$ & $-0.0129763$ & $0.0225307$ & $-0.0477051$ & $-0.03073$ \\
CHWHB_gaga & $0.0222408$ & $-0.0900087$ & $-0.0100487$ & $0.0147486$ & $0.0192758$ & $-0.0481568$ & $-0.00253834$ & $0.988459$ & $1$ & $-0.557776$ & $-0.860028$ & $-0.0223371$ & $0.0368798$ & $0.241043$ & $0.463221$ & $0.455722$ & $-0.219573$ & $-0.422382$ & $-0.413907$ & $0.843855$ & $0.874157$ & $0.86667$ & $0.0314445$ & $-0.627336$ & $-0.380912$ & $-0.583895$ & $0.393053$ & $0.391459$ & $0.00255028$ & $0.0311774$ & $0.0222729$ & $-0.0266874$ & $0.0169437$ & $0.512385$ & $-0.0111235$ & $0.00640181$ & $0.0197819$ & $-0.00328727$ & $0.0399556$ & $-0.00844537$ & $-0.0156127$ & $0.00371459$ & $0.0691962$ & $0.0139275$ & $0.00775412$ & $-0.016729$ & $0.0296787$ & $-0.0388296$ & $-0.0302235$ \\
CHWHB_gagaorth & $-0.0186624$ & $0.0395048$ & $0.0150195$ & $-0.0210897$ & $-0.0108199$ & $0.00700058$ & $0.173242$ & $-0.56412$ & $-0.557776$ & $1$ & $0.476683$ & $-0.0781101$ & $-0.218352$ & $-0.11173$ & $-0.272395$ & $-0.27857$ & $0.15928$ & $0.273772$ & $0.273079$ & $-0.46992$ & $-0.48226$ & $-0.483186$ & $-0.00277507$ & $0.371318$ & $0.257544$ & $0.312592$ & $-0.19955$ & $-0.225866$ & $-0.0400554$ & $-0.188571$ & $-0.134875$ & $0.193584$ & $-0.197837$ & $-0.282014$ & $-0.00432148$ & $0.0126233$ & $-0.0359516$ & $0.00361379$ & $-0.0270394$ & $0.0360098$ & $-0.0182948$ & $0.0174068$ & $-0.0221361$ & $0.00257976$ & $-0.0284599$ & $0.0142579$ & $-0.0493813$ & $0.0393157$ & $0.0145589$ \\
CHD & $-0.0502897$ & $0.0971525$ & $-0.0086219$ & $-0.0322062$ & $-0.0112595$ & $0.152751$ & $0.0629085$ & $-0.8746$ & $-0.860028$ & $0.476683$ & $1$ & $0.0165143$ & $-0.072594$ & $-0.650564$ & $-0.586037$ & $-0.57467$ & $-0.2575$ & $0.000374725$ & $-0.0100758$ & $-0.994861$ & $-0.994924$ & $-0.982547$ & $0.0362573$ & $0.214793$ & $-0.0497664$ & $0.673919$ & $-0.26042$ & $-0.439734$ & $-0.0059391$ & $-0.0529959$ & $-0.0298884$ & $0.0895724$ & $-0.0443475$ & $-0.304859$ & $0.0113729$ & $-0.00227508$ & $-0.0339908$ & $-0.0060576$ & $-0.0323062$ & $0.0089959$ & $0.0110582$ & $0.0054751$ & $-0.00708645$ & $-0.0194902$ & $0.00113776$ & $0.00362244$ & $-0.0254326$ & $0.049949$ & $0.0324084$ \\
CHbox & $0.00386695$ & $0.0571222$ & $0.00383591$ & $-0.0750781$ & $0.0159208$ & $0.061005$ & $-0.745258$ & $-0.0317079$ & $-0.0223371$ & $-0.0781101$ & $0.0165143$ & $1$ & $0.954158$ & $0.0273197$ & $-0.0203148$ & $-0.0306178$ & $0.0146491$ & $0.035328$ & $0.04414$ & $-0.0149896$ & $-0.014453$ & $-0.0147651$ & $0.0234657$ & $0.0271981$ & $0.0161712$ & $-0.0143001$ & $-0.0318331$ & $-0.00117872$ & $0.202019$ & $0.708052$ & $0.433339$ & $-0.654497$ & $0.715888$ & $-0.022365$ & $0.173584$ & $0.106045$ & $0.0377153$ & $-0.031115$ & $-0.0362661$ & $-0.0159514$ & $-0.0820832$ & $-0.0481765$ & $0.0901267$ & $-0.0583979$ & $-0.00265673$ & $-0.0342693$ & $0.0172771$ & $-0.00743932$ & $-0.0735338$ \\
CH & $0.0300466$ & $0.036116$ & $-0.00348716$ & $-0.0499526$ & $0.0170362$ & $0.0401746$ & $-0.77803$ & $0.0306307$ & $0.0368798$ & $-0.218352$ & $-0.072594$ & $0.954158$ & $1$ & $0.106116$ & $0.0212108$ & $0.0210517$ & $0.0706984$ & $0.0715987$ & $0.0734572$ & $0.0721251$ & $0.0737324$ & $0.0725284$ & $0.0122033$ & $0.0338421$ & $0.050127$ & $-0.0704689$ & $-0.0131341$ & $0.0316359$ & $0.205246$ & $0.711231$ & $0.444372$ & $-0.699$ & $0.721277$ & $0.00287756$ & $0.168624$ & $0.112692$ & $0.0429012$ & $-0.0215583$ & $-0.038212$ & $-0.0212211$ & $-0.0645439$ & $-0.0581603$ & $0.0993208$ & $-0.0637711$ & $0.00185815$ & $-0.0327314$ & $0.0205455$ & $-0.00904996$ & $-0.0751277$ \\
CHL1_11 & $0.0515389$ & $-0.0630998$ & $0.0306307$ & $0.0414466$ & $0.00811798$ & $-0.0271487$ & $-0.0940592$ & $0.253633$ & $0.241043$ & $-0.11173$ & $-0.650564$ & $0.0273197$ & $0.106116$ & $1$ & $0.402717$ & $0.393372$ & $0.648322$ & $0.591406$ & $0.597318$ & $0.660645$ & $0.622146$ & $0.610402$ & $-0.105385$ & $0.456265$ & $0.597239$ & $-0.437065$ & $-0.0668401$ & $0.256002$ & $0.0184461$ & $0.0932253$ & $0.042223$ & $-0.111591$ & $0.09673$ & $-0.193355$ & $-0.0126634$ & $-0.014355$ & $0.0127095$ & $0.00994449$ & $0.0057691$ & $0.00422618$ & $-0.0118767$ & $-0.0088992$ & $-0.0169818$ & $0.0101854$ & $-0.00450716$ & $0.0216398$ & $0.0126188$ & $-0.0257048$ & $-0.0166261$ \\
CHL1_22 & $0.0234964$ & $-0.0249522$ & $0.0166793$ & $0.0425734$ & $0.00677963$ & $-0.0998719$ & $-0.0190434$ & $0.471616$ & $0.463221$ & $-0.272395$ & $-0.586037$ & $-0.0203148$ & $0.0212108$ & $0.402717$ & $1$ & $0.546852$ & $0.178258$ & $-0.325265$ & $-0.0134716$ & $0.629783$ & $0.530209$ & $0.520564$ & $-0.170089$ & $0.0342058$ & $-0.0811852$ & $-0.375718$ & $-0.303492$ & $0.232809$ & $0.0055577$ & $0.0448423$ & $0.0303654$ & $-0.0239643$ & $0.0308102$ & $-0.474559$ & $0.0064768$ & $-0.0164288$ & $-0.00268823$ & $0.00356157$ & $0.0173653$ & $-0.0223948$ & $0.0395911$ & $0.000110056$ & $-0.0139322$ & $0.0115219$ & $0.0155158$ & $0.0242367$ & $0.0113715$ & $-0.00796732$ & $-0.033758$ \\
CHL1_33 & $0.0284018$ & $-0.0412751$ & $0.00494617$ & $0.0457961$ & $0.025561$ & $-0.0936103$ & $-0.0293053$ & $0.464887$ & $0.455722$ & $-0.27857$ & $-0.57467$ & $-0.0306178$ & $0.0210517$ & $0.393372$ & $0.546852$ & $1$ & $0.165364$ & $-0.0206422$ & $-0.314094$ & $0.61786$ & $0.519987$ & $0.528998$ & $-0.170665$ & $0.0268378$ & $-0.07942$ & $-0.349471$ & $-0.289225$ & $0.247209$ & $-0.0050931$ & $0.0235791$ & $0.00426905$ & $-0.0445692$ & $0.00795019$ & $-0.0359367$ & $-0.0291338$ & $0.0172145$ & $0.00487474$ & $0.0125441$ & $0.0380666$ & $-0.0217273$ & $0.00460358$ & $0.00373698$ & $0.000596996$ & $0.0125895$ & $0.0224618$ & $0.0193521$ & $-0.00469999$ & $0.00625561$ & $-0.0245767$ \\
CHL3_11 & $0.051477$ & $-0.0281909$ & $0.0221212$ & $0.022834$ & $-0.00672694$ & $-0.359079$ & $-0.0644402$ & $-0.214094$ & $-0.219573$ & $0.15928$ & $-0.2575$ & $0.0146491$ & $0.0706984$ & $0.648322$ & $0.178258$ & $0.165364$ & $1$ & $0.809699$ & $0.816413$ & $0.26746$ & $0.233561$ & $0.22426$ & $-0.0933498$ & $0.749383$ & $0.847371$ & $-0.175916$ & $-0.150524$ & $0.0864944$ & $0.0100975$ & $0.0621964$ & $0.0368567$ & $-0.0770416$ & $0.0807657$ & $-0.258799$ & $-0.0190411$ & $-0.013062$ & $0.0110446$ & $0.0196254$ & $-0.0325759$ & $-0.00787828$ & $-0.00221072$ & $-0.0134456$ & $-0.00182097$ & $0.019107$ & $-0.00513125$ & $0.0043791$ & $0.016518$ & $-0.00906972$ & $-0.000833319$ \\
CHL3_22 & $0.0383633$ & $-0.0235019$ & $0.0205884$ & $0.00949855$ & $-0.00548181$ & $-0.147837$ & $-0.0662452$ & $-0.419611$ & $-0.422382$ & $0.273772$ & $0.000374725$ & $0.035328$ & $0.0715987$ & $0.591406$ & $-0.325265$ & $-0.0206422$ & $0.809699$ & $1$ & $0.786893$ & $-0.00393574$ & $-0.00462824$ & $-0.00709852$ & $-0.0291277$ & $0.738958$ & $0.864163$ & $-0.0064441$ & $-0.0515597$ & $-0.0200034$ & $0.0122363$ & $0.0509312$ & $0.0216225$ & $-0.0755387$ & $0.0726572$ & $-0.0690019$ & $-0.0211733$ & $-0.00610197$ & $0.00821936$ & $0.0139383$ & $-0.0301605$ & $0.00947258$ & $-0.0255231$ & $-0.0117473$ & $-0.00370787$ & $0.00739023$ & $-0.0112308$ & $0.00524308$ & $0.00476268$ & $-0.00314005$ & $0.0142683$ \\
CHL3_33 & $0.0349568$ & $-0.00668951$ & $0.028483$ & $0.00916215$ & $-0.0121921$ & $-0.150187$ & $-0.0626044$ & $-0.41126$ & $-0.413907$ & $0.273079$ & $-0.0100758$ & $0.04414$ & $0.0734572$ & $0.597318$ & $-0.0134716$ & $-0.314094$ & $0.816413$ & $0.786893$ & $1$ & $0.00709936$ & $0.00612631$ & $0.00336821$ & $-0.0246563$ & $0.740156$ & $0.863328$ & $-0.0266643$ & $-0.0549993$ & $-0.0273888$ & $0.0181015$ & $0.068162$ & $0.04057$ & $-0.0648106$ & $0.0917471$ & $-0.369596$ & $0.00534974$ & $-0.0274429$ & $-0.00178024$ & $0.00803301$ & $-0.0432093$ & $0.0110223$ & $-0.00415325$ & $-0.0143676$ & $-0.0116859$ & $0.00620714$ & $-0.0124802$ & $0.0102015$ & $0.0170147$ & $-0.00779504$ & $0.0099881$ \\
CHe_11 & $0.0425979$ & $-0.0786568$ & $0.0152306$ & $0.035227$ & $0.0173394$ & $-0.150101$ & $-0.0625369$ & $0.858613$ & $0.843855$ & $-0.46992$ & $-0.994861$ & $-0.0149896$ & $0.0721251$ & $0.660645$ & $0.629783$ & $0.61786$ & $0.26746$ & $-0.00393574$ & $0.00709936$ & $1$ & $0.984719$ & $0.972809$ & $-0.05486$ & $-0.182278$ & $0.052174$ & $-0.667668$ & $0.205481$ & $0.436224$ & $0.00663177$ & $0.054175$ & $0.0304093$ & $-0.0873958$ & $0.0454377$ & $0.246919$ & $-0.00716305$ & $0.00167273$ & $0.032394$ & $0.00641162$ & $0.0350994$ & $-0.0117101$ & $-0.00650309$ & $-0.00503359$ & $0.00502934$ & $0.0167166$ & $6.99272e-05$ & $0.00135027$ & $0.0231231$ & $-0.0465682$ & $-0.0332992$ \\
CHe_22 & $0.0423243$ & $-0.0806203$ & $0.0109222$ & $0.0265677$ & $0.0169623$ & $-0.15291$ & $-0.0625091$ & $0.888619$ & $0.874157$ & $-0.48226$ & $-0.994924$ & $-0.014453$ & $0.0737324$ & $0.622146$ & $0.530209$ & $0.519987$ & $0.233561$ & $-0.00462824$ & $0.00612631$ & $0.984719$ & $1$ & $0.986157$ & $-0.0152012$ & $-0.257424$ & $0.0397515$ & $-0.673907$ & $0.323404$ & $0.442136$ & $0.00455675$ & $0.049754$ & $0.0277498$ & $-0.0894516$ & $0.0428709$ & $0.373128$ & $-0.00683909$ & $0.00383089$ & $0.036388$ & $0.00561588$ & $0.0326759$ & $-0.00767503$ & $-0.0147608$ & $-0.00438436$ & $0.00935487$ & $0.0176059$ & $-0.0045902$ & $-0.00555151$ & $0.0252009$ & $-0.0514209$ & $-0.0289637$ \\
CHe_33 & $0.037776$ & $-0.0726002$ & $0.0117785$ & $0.0232357$ & $0.021228$ & $-0.146776$ & $-0.0621422$ & $0.880578$ & $0.86667$ & $-0.483186$ & $-0.982547$ & $-0.0147651$ & $0.0725284$ & $0.610402$ & $0.520564$ & $0.528998$ & $0.22426$ & $-0.00709852$ & $0.00336821$ & $0.972809$ & $0.986157$ & $1$ & $-0.00902273$ & $-0.25917$ & $0.037278$ & $-0.665801$ & $0.326565$ & $0.435367$ & $0.00162503$ & $0.0535102$ & $0.0275104$ & $-0.0890074$ & $0.0466248$ & $0.375604$ & $-0.00494291$ & $0.00564359$ & $0.034711$ & $0.00409584$ & $0.0354847$ & $-0.0050386$ & $-0.0162159$ & $-0.00366935$ & $0.0115826$ & $0.0104463$ & $0.00177903$ & $-0.00514716$ & $0.0304418$ & $-0.0478052$ & $-0.0223395$ \\
CHQ1_11 & $0.00717847$ & $0.0031521$ & $0.00122476$ & $0.00520614$ & $-0.0103052$ & $0.0437357$ & $-0.0174132$ & $0.028366$ & $0.0314445$ & $-0.00277507$ & $0.0362573$ & $0.0234657$ & $0.0122033$ & $-0.105385$ & $-0.170089$ & $-0.170665$ & $-0.0933498$ & $-0.0291277$ & $-0.0246563$ & $-0.05486$ & $-0.0152012$ & $-0.00902273$ & $1$ & $-0.133347$ & $0.0382234$ & $-0.571659$ & $0.346756$ & $-0.0152689$ & $0.0249803$ & $-0.0136129$ & $-0.00150142$ & $-0.016999$ & $-0.0204183$ & $0.189171$ & $-0.0176907$ & $0.0469685$ & $-0.0193292$ & $-0.00171009$ & $0.00795607$ & $0.0139711$ & $0.00550485$ & $0.00232376$ & $0.00905469$ & $-0.028618$ & $0.000258265$ & $0.0268928$ & $0.0252459$ & $0.00565531$ & $-0.0326006$ \\
CHQ1_33 & $-0.023186$ & $0.00974802$ & $0.0306488$ & $0.0294049$ & $-0.0156524$ & $-0.115316$ & $-0.0353111$ & $-0.626588$ & $-0.627336$ & $0.371318$ & $0.214793$ & $0.0271981$ & $0.0338421$ & $0.456265$ & $0.0342058$ & $0.0268378$ & $0.749383$ & $0.738958$ & $0.740156$ & $-0.182278$ & $-0.257424$ & $-0.25917$ & $-0.133347$ & $1$ & $0.749873$ & $0.15613$ & $-0.402682$ & $-0.0519741$ & $0.0129886$ & $0.0449157$ & $0.0248213$ & $-0.0317773$ & $0.0572619$ & $-0.613227$ & $-0.0237547$ & $-0.023303$ & $-0.0148067$ & $0.012458$ & $-0.0452724$ & $0.0103323$ & $-0.00093624$ & $0.00286504$ & $-0.0239302$ & $-0.00368476$ & $-0.00558366$ & $0.0272118$ & $0.0056631$ & $0.0219182$ & $0.00430732$ \\
CHQ3_11 & $-0.0491472$ & $-0.010215$ & $0.0339577$ & $0.00693531$ & $-0.000227115$ & $-0.184378$ & $-0.0532032$ & $-0.379352$ & $-0.380912$ & $0.257544$ & $-0.0497664$ & $0.0161712$ & $0.050127$ & $0.597239$ & $-0.0811852$ & $-0.07942$ & $0.847371$ & $0.864163$ & $0.863328$ & $0.052174$ & $0.0397515$ & $0.037278$ & $0.0382234$ & $0.749873$ & $1$ & $-0.037107$ & $0.12619$ & $-0.00743244$ & $-0.00640155$ & $0.040003$ & $0.026811$ & $-0.0631582$ & $0.0644318$ & $-0.246369$ & $-0.0278868$ & $-0.0186346$ & $0.0221271$ & $0.000804004$ & $-0.0280296$ & $0.0196213$ & $-0.0102117$ & $0.00177494$ & $6.87131e-05$ & $0.00281616$ & $-0.00190245$ & $0.00409809$ & $0.0317121$ & $-0.0032058$ & $0.0189662$ \\
CHu_11 & $-0.0788521$ & $0.0706914$ & $-0.00260218$ & $-0.0273503$ & $-0.00523365$ & $0.0873708$ & $0.0548298$ & $-0.591549$ & $-0.583895$ & $0.312592$ & $0.673919$ & $-0.0143001$ & $-0.0704689$ & $-0.437065$ & $-0.375718$ & $-0.349471$ & $-0.175916$ & $-0.0064441$ & $-0.0266643$ & $-0.667668$ & $-0.673907$ & $-0.665801$ & $-0.571659$ & $0.15613$ & $-0.037107$ & $1$ & $-0.177897$ & $-0.290834$ & $-0.0280472$ & $-0.0368786$ & $-0.0267631$ & $0.0699235$ & $-0.032487$ & $-0.226684$ & $0.0216168$ & $-0.0436847$ & $0.000270777$ & $-0.00472182$ & $-0.0177016$ & $0.00306271$ & $-0.0122269$ & $0.0134198$ & $-0.00830922$ & $0.00769788$ & $-0.00419292$ & $-0.00993174$ & $-0.0316677$ & $0.0107123$ & $0.056352$ \\
CHd_11 & $-0.0314902$ & $-0.0246488$ & $0.00598962$ & $-0.0266682$ & $0.0169904$ & $-0.034253$ & $5.98768e-05$ & $0.393393$ & $0.393053$ & $-0.19955$ & $-0.26042$ & $-0.0318331$ & $-0.0131341$ & $-0.0668401$ & $-0.303492$ & $-0.289225$ & $-0.150524$ & $-0.0515597$ & $-0.0549993$ & $0.205481$ & $0.323404$ & $0.326565$ & $0.346756$ & $-0.402682$ & $0.12619$ & $-0.177897$ & $1$ & $0.126209$ & $-0.0278395$ & $-0.0376521$ & $-0.00576681$ & $-0.0187201$ & $-0.0317214$ & $0.681986$ & $-0.0258525$ & $-0.0014403$ & $0.04764$ & $-0.0217858$ & $0.00818626$ & $0.0321959$ & $-0.0379452$ & $0.0154712$ & $0.032441$ & $0.00325022$ & $-0.00791357$ & $-0.0208181$ & $0.056188$ & $-0.0332583$ & $0.0148563$ \\
CHd_33 & $0.0212261$ & $-0.0200674$ & $0.00808956$ & $0.0199176$ & $0.00226832$ & $-0.0586071$ & $-0.0138509$ & $0.402938$ & $0.391459$ & $-0.225866$ & $-0.439734$ & $-0.00117872$ & $0.0316359$ & $0.256002$ & $0.232809$ & $0.247209$ & $0.0864944$ & $-0.0200034$ & $-0.0273888$ & $0.436224$ & $0.442136$ & $0.435367$ & $-0.0152689$ & $-0.0519741$ & $-0.00743244$ & $-0.290834$ & $0.126209$ & $1$ & $0.0135926$ & $0.0157979$ & $0.0085754$ & $-0.0204148$ & $0.00974776$ & $0.179239$ & $-0.0185653$ & $0.0399193$ & $-0.00141331$ & $0.0351546$ & $0.0313735$ & $0.0195997$ & $-0.00948476$ & $-0.00972422$ & $-0.0231526$ & $-0.000752369$ & $-0.0119617$ & $0.00253562$ & $0.0066368$ & $-0.0078738$ & $-0.0364075$ \\
CeH_22r & $0.0451685$ & $-0.00209656$ & $-0.0161866$ & $0.00900343$ & $-0.0143195$ & $0.014842$ & $-0.143932$ & $-0.00293531$ & $0.00255028$ & $-0.0400554$ & $-0.0059391$ & $0.202019$ & $0.205246$ & $0.0184461$ & $0.0055577$ & $-0.0050931$ & $0.0100975$ & $0.0122363$ & $0.0181015$ & $0.00663177$ & $0.00455675$ & $0.00162503$ & $0.0249803$ & $0.0129886$ & $-0.00640155$ & $-0.0280472$ & $-0.0278395$ & $0.0135926$ & $1$ & $0.164134$ & $0.11694$ & $-0.136209$ & $0.153513$ & $-0.0133985$ & $-0.0141341$ & $-0.00970611$ & $-0.0190834$ & $-0.0247859$ & $-0.00517036$ & $-0.025759$ & $0.00949466$ & $-0.00376867$ & $0.0313007$ & $0.0261497$ & $-0.00937114$ & $0.026442$ & $0.00273276$ & $0.00390932$ & $-0.080716$ \\
CeH_33r & $0.0413189$ & $0.0175716$ & $-0.0175031$ & $-0.0600974$ & $0.00947851$ & $0.0307752$ & $-0.579234$ & $0.0133767$ & $0.0311774$ & $-0.188571$ & $-0.0529959$ & $0.708052$ & $0.711231$ & $0.0932253$ & $0.0448423$ & $0.0235791$ & $0.0621964$ & $0.0509312$ & $0.068162$ & $0.054175$ & $0.049754$ & $0.0535102$ & $-0.0136129$ & $0.0449157$ & $0.040003$ & $-0.0368786$ & $-0.0376521$ & $0.0157979$ & $0.164134$ & $1$ & $0.51228$ & $-0.442162$ & $0.832033$ & $-0.0373384$ & $0.078914$ & $0.0586696$ & $-0.0957325$ & $-0.0286611$ & $-0.0460485$ & $-0.0178318$ & $-0.0475585$ & $-0.0650842$ & $0.0507429$ & $-0.0229635$ & $0.0639309$ & $-0.0270744$ & $0.0267833$ & $-0.0296196$ & $-0.0548379$ \\
CuH_22r & $0.0266202$ & $-0.0399529$ & $0.0431644$ & $-0.0308797$ & $0.00777964$ & $0.00864111$ & $-0.365561$ & $0.0102666$ & $0.0222729$ & $-0.134875$ & $-0.0298884$ & $0.433339$ & $0.444372$ & $0.042223$ & $0.0303654$ & $0.00426905$ & $0.0368567$ & $0.0216225$ & $0.04057$ & $0.0304093$ & $0.0277498$ & $0.0275104$ & $-0.00150142$ & $0.0248213$ & $0.026811$ & $-0.0267631$ & $-0.00576681$ & $0.0085754$ & $0.11694$ & $0.51228$ & $1$ & $-0.267332$ & $0.549424$ & $-0.021159$ & $0.0907344$ & $0.0198039$ & $-0.0357728$ & $-0.0371043$ & $-0.0439625$ & $-0.0182777$ & $-0.0154433$ & $-0.047695$ & $0.0118961$ & $-0.029149$ & $-0.0597274$ & $0.0609582$ & $0.309235$ & $-0.0404026$ & $-0.0415582$ \\
CuH_33r & $-0.0260552$ & $-0.0227374$ & $0.0275345$ & $0.0736897$ & $-0.0088633$ & $-0.0194999$ & $0.956544$ & $-0.0463914$ & $-0.0266874$ & $0.193584$ & $0.0895724$ & $-0.654497$ & $-0.699$ & $-0.111591$ & $-0.0239643$ & $-0.0445692$ & $-0.0770416$ & $-0.0755387$ & $-0.0648106$ & $-0.0873958$ & $-0.0894516$ & $-0.0890074$ & $-0.016999$ & $-0.0317773$ & $-0.0631582$ & $0.0699235$ & $-0.0187201$ & $-0.0204148$ & $-0.136209$ & $-0.442162$ & $-0.267332$ & $1$ & $-0.428707$ & $-0.0201887$ & $-0.0719708$ & $-0.119158$ & $-0.0918338$ & $0.0161077$ & $0.0373137$ & $0.0297785$ & $0.0679476$ & $0.0445898$ & $-0.0963741$ & $0.0449507$ & $-0.0313639$ & $0.0145156$ & $0.0283875$ & $-0.00179486$ & $0.0908602$ \\
CdH_33r & $0.0441145$ & $0.0319076$ & $0.0066575$ & $-0.0287932$ & $-0.00620639$ & $0.0284891$ & $-0.584633$ & $-0.00272241$ & $0.0169437$ & $-0.197837$ & $-0.0443475$ & $0.715888$ & $0.721277$ & $0.09673$ & $0.0308102$ & $0.00795019$ & $0.0807657$ & $0.0726572$ & $0.0917471$ & $0.0454377$ & $0.0428709$ & $0.0466248$ & $-0.0204183$ & $0.0572619$ & $0.0644318$ & $-0.032487$ & $-0.0317214$ & $0.00974776$ & $0.153513$ & $0.832033$ & $0.549424$ & $-0.428707$ & $1$ & $-0.035433$ & $0.102808$ & $0.025953$ & $-0.0797099$ & $-0.0263294$ & $-0.0381115$ & $-0.0077658$ & $-0.0356285$ & $-0.0488985$ & $0.0446314$ & $-0.0288201$ & $0.00852959$ & $-0.0251167$ & $0.0253731$ & $0.0868953$ & $0.227372$ \\
CLL_1221 & $-0.000784998$ & $-0.0167398$ & $-0.0212018$ & $-0.033932$ & $0.00759656$ & $-0.0816031$ & $-0.000980381$ & $0.514967$ & $0.512385$ & $-0.282014$ & $-0.304859$ & $-0.022365$ & $0.00287756$ & $-0.193355$ & $-0.474559$ & $-0.0359367$ & $-0.258799$ & $-0.0690019$ & $-0.369596$ & $0.246919$ & $0.373128$ & $0.375604$ & $0.189171$ & $-0.613227$ & $-0.246369$ & $-0.226684$ & $0.681986$ & $0.179239$ & $-0.0133985$ & $-0.0373384$ & $-0.021159$ & $-0.0201887$ & $-0.035433$ & $1$ & $-0.0106138$ & $0.0309083$ & $0.0389029$ & $-0.00524614$ & $0.0252193$ & $0.0048851$ & $-0.0447422$ & $-0.00119431$ & $0.0348277$ & $0.00577941$ & $-0.0154518$ & $-0.0381945$ & $0.011475$ & $-0.0342271$ & $0.00715333$ \\
eHggint & $-0.023341$ & $0.110229$ & $0.182519$ & $-0.0236881$ & $0.0251997$ & $0.0361988$ & $-0.132378$ & $-0.00413452$ & $-0.0111235$ & $-0.00432148$ & $0.0113729$ & $0.173584$ & $0.168624$ & $-0.0126634$ & $0.0064768$ & $-0.0291338$ & $-0.0190411$ & $-0.0211733$ & $0.00534974$ & $-0.00716305$ & $-0.00683909$ & $-0.00494291$ & $-0.0176907$ & $-0.0237547$ & $-0.0278868$ & $0.0216168$ & $-0.0258525$ & $-0.0185653$ & $-0.0141341$ & $0.078914$ & $0.0907344$ & $-0.0719708$ & $0.102808$ & $-0.0106138$ & $1$ & $-0.105604$ & $-0.0137038$ & $0.00164827$ & $0.0453431$ & $-0.02236$ & $0.0713077$ & $-0.026007$ & $0.0406256$ & $0.0888181$ & $-0.0839086$ & $-0.0337618$ & $0.0680234$ & $0.0103967$ & $0.0233737$ \\
eHggpar & $0.00106694$ & $0.0479224$ & $-0.0790201$ & $0.0161613$ & $0.0228617$ & $-0.00460909$ & $-0.140003$ & $0.0108067$ & $0.00640181$ & $0.0126233$ & $-0.00227508$ & $0.106045$ & $0.112692$ & $-0.014355$ & $-0.0164288$ & $0.0172145$ & $-0.013062$ & $-0.00610197$ & $-0.0274429$ & $0.00167273$ & $0.00383089$ & $0.00564359$ & $0.0469685$ & $-0.023303$ & $-0.0186346$ & $-0.0436847$ & $-0.0014403$ & $0.0399193$ & $-0.00970611$ & $0.0586696$ & $0.0198039$ & $-0.119158$ & $0.025953$ & $0.0309083$ & $-0.105604$ & $1$ & $0.0857593$ & $-0.0462565$ & $-0.0594024$ & $0.0189567$ & $0.0019097$ & $-0.00480149$ & $0.0603375$ & $-0.109144$ & $0.158652$ & $-0.0512004$ & $0.0636592$ & $0.0264172$ & $-0.109887$ \\
eHWWint & $-0.0667824$ & $-0.000438824$ & $-0.074851$ & $0.0159977$ & $0.0129413$ & $-0.0102634$ & $-0.0682161$ & $0.032753$ & $0.0197819$ & $-0.0359516$ & $-0.0339908$ & $0.0377153$ & $0.0429012$ & $0.0127095$ & $-0.00268823$ & $0.00487474$ & $0.0110446$ & $0.00821936$ & $-0.00178024$ & $0.032394$ & $0.036388$ & $0.034711$ & $-0.0193292$ & $-0.0148067$ & $0.0221271$ & $0.000270777$ & $0.04764$ & $-0.00141331$ & $-0.0190834$ & $-0.0957325$ & $-0.0357728$ & $-0.0918338$ & $-0.0797099$ & $0.0389029$ & $-0.0137038$ & $0.0857593$ & $1$ & $-0.00651183$ & $0.05116$ & $0.00546123$ & $0.0761358$ & $0.0630405$ & $0.00591268$ & $-0.0486257$ & $-0.0778909$ & $-0.0127898$ & $-0.0198664$ & $0.0468708$ & $0.0473781$ \\
eHWWpar & $0.0480285$ & $0.0133849$ & $0.000111597$ & $0.00867225$ & $-0.0125722$ & $0.00300261$ & $0.0214565$ & $-0.00374559$ & $-0.00328727$ & $0.00361379$ & $-0.0060576$ & $-0.031115$ & $-0.0215583$ & $0.00994449$ & $0.00356157$ & $0.0125441$ & $0.0196254$ & $0.0139383$ & $0.00803301$ & $0.00641162$ & $0.00561588$ & $0.00409584$ & $-0.00171009$ & $0.012458$ & $0.000804004$ & $-0.00472182$ & $-0.0217858$ & $0.0351546$ & $-0.0247859$ & $-0.0286611$ & $-0.0371043$ & $0.0161077$ & $-0.0263294$ & $-0.00524614$ & $0.00164827$ & $-0.0462565$ & $-0.00651183$ & $1$ & $0.00745761$ & $0.0010971$ & $0.00272206$ & $-0.000218094$ & $-0.000185744$ & $0.0102144$ & $-0.0134382$ & $-0.00616131$ & $0.0380224$ & $-0.0427072$ & $0.0504691$ \\
eHZZint & $-0.0729622$ & $0.118712$ & $-0.00416347$ & $0.0524215$ & $-0.0380257$ & $0.0353138$ & $0.0276655$ & $0.0437209$ & $0.0399556$ & $-0.0270394$ & $-0.0323062$ & $-0.0362661$ & $-0.038212$ & $0.0057691$ & $0.0173653$ & $0.0380666$ & $-0.0325759$ & $-0.0301605$ & $-0.0432093$ & $0.0350994$ & $0.0326759$ & $0.0354847$ & $0.00795607$ & $-0.0452724$ & $-0.0280296$ & $-0.0177016$ & $0.00818626$ & $0.0313735$ & $-0.00517036$ & $-0.0460485$ & $-0.0439625$ & $0.0373137$ & $-0.0381115$ & $0.0252193$ & $0.0453431$ & $-0.0594024$ & $0.05116$ & $0.00745761$ & $1$ & $-0.0245456$ & $0.0962872$ & $0.0307744$ & $-0.0386167$ & $0.0459294$ & $-0.049386$ & $0.0297924$ & $-0.0202226$ & $-0.0110288$ & $0.0352028$ \\
eHZZpar & $-0.0322658$ & $-0.050232$ & $-0.0365817$ & $-0.0476264$ & $0.0194163$ & $0.0070766$ & $0.0188929$ & $-0.00699477$ & $-0.00844537$ & $0.0360098$ & $0.0089959$ & $-0.0159514$ & $-0.0212211$ & $0.00422618$ & $-0.0223948$ & $-0.0217273$ & $-0.00787828$ & $0.00947258$ & $0.0110223$ & $-0.0117101$ & $-0.00767503$ & $-0.0050386$ & $0.0139711$ & $0.0103323$ & $0.0196213$ & $0.00306271$ & $0.0321959$ & $0.0195997$ & $-0.025759$ & $-0.0178318$ & $-0.0182777$ & $0.0297785$ & $-0.0077658$ & $0.0048851$ & $-0.02236$ & $0.0189567$ & $0.00546123$ & $0.0010971$ & $-0.0245456$ & $1$ & $-0.00944176$ & $0.0132461$ & $-0.00406251$ & $-0.0200615$ & $-0.00842769$ & $0.013935$ & $-0.0189848$ & $-0.0212463$ & $-0.00856829$ \\
eHZgaint & $0.00640215$ & $0.0137756$ & $0.0306991$ & $-0.0109163$ & $0.00117257$ & $-0.00327769$ & $0.0646208$ & $-0.0106354$ & $-0.0156127$ & $-0.0182948$ & $0.0110582$ & $-0.0820832$ & $-0.0645439$ & $-0.0118767$ & $0.0395911$ & $0.00460358$ & $-0.00221072$ & $-0.0255231$ & $-0.00415325$ & $-0.00650309$ & $-0.0147608$ & $-0.0162159$ & $0.00550485$ & $-0.00093624$ & $-0.0102117$ & $-0.0122269$ & $-0.0379452$ & $-0.00948476$ & $0.00949466$ & $-0.0475585$ & $-0.0154433$ & $0.0679476$ & $-0.0356285$ & $-0.0447422$ & $0.0713077$ & $0.0019097$ & $0.0761358$ & $0.00272206$ & $0.0962872$ & $-0.00944176$ & $1$ & $-0.00431031$ & $-0.0595613$ & $-0.086666$ & $-0.021097$ & $0.0570429$ & $-0.0512557$ & $0.0130819$ & $0.0203452$ \\
eHZgapar & $-0.0658961$ & $0.0114813$ & $-0.0472466$ & $0.00113304$ & $-0.00887013$ & $-0.0103409$ & $0.0557825$ & $0.00044072$ & $0.00371459$ & $0.0174068$ & $0.0054751$ & $-0.0481765$ & $-0.0581603$ & $-0.0088992$ & $0.000110056$ & $0.00373698$ & $-0.0134456$ & $-0.0117473$ & $-0.0143676$ & $-0.00503359$ & $-0.00438436$ & $-0.00366935$ & $0.00232376$ & $0.00286504$ & $0.00177494$ & $0.0134198$ & $0.0154712$ & $-0.00972422$ & $-0.00376867$ & $-0.0650842$ & $-0.047695$ & $0.0445898$ & $-0.0488985$ & $-0.00119431$ & $-0.026007$ & $-0.00480149$ & $0.0630405$ & $-0.000218094$ & $0.0307744$ & $0.0132461$ & $-0.00431031$ & $1$ & $0.0065578$ & $-0.0902831$ & $-0.0359192$ & $-0.013427$ & $-0.020244$ & $0.0349473$ & $0.0758308$ \\
eHgagaint & $0.00151245$ & $0.085898$ & $-0.154416$ & $0.00397562$ & $0.000784621$ & $-0.0359935$ & $-0.0988504$ & $0.0112925$ & $0.0691962$ & $-0.0221361$ & $-0.00708645$ & $0.0901267$ & $0.0993208$ & $-0.0169818$ & $-0.0139322$ & $0.000596996$ & $-0.00182097$ & $-0.00370787$ & $-0.0116859$ & $0.00502934$ & $0.00935487$ & $0.0115826$ & $0.00905469$ & $-0.0239302$ & $6.87131e-05$ & $-0.00830922$ & $0.032441$ & $-0.0231526$ & $0.0313007$ & $0.0507429$ & $0.0118961$ & $-0.0963741$ & $0.0446314$ & $0.0348277$ & $0.0406256$ & $0.0603375$ & $0.00591268$ & $-0.000185744$ & $-0.0386167$ & $-0.00406251$ & $-0.0595613$ & $0.0065578$ & $1$ & $-0.0373335$ & $0.152409$ & $-0.108022$ & $-0.0336862$ & $0.124826$ & $-0.0767211$ \\
eHmumuint & $0.078598$ & $-0.0944599$ & $0.0736259$ & $0.0389891$ & $0.036931$ & $-0.0261946$ & $0.0467865$ & $0.0145446$ & $0.0139275$ & $0.00257976$ & $-0.0194902$ & $-0.0583979$ & $-0.0637711$ & $0.0101854$ & $0.0115219$ & $0.0125895$ & $0.019107$ & $0.00739023$ & $0.00620714$ & $0.0167166$ & $0.0176059$ & $0.0104463$ & $-0.028618$ & $-0.00368476$ & $0.00281616$ & $0.00769788$ & $0.00325022$ & $-0.000752369$ & $0.0261497$ & $-0.0229635$ & $-0.029149$ & $0.0449507$ & $-0.0288201$ & $0.00577941$ & $0.0888181$ & $-0.109144$ & $-0.0486257$ & $0.0102144$ & $0.0459294$ & $-0.0200615$ & $-0.086666$ & $-0.0902831$ & $-0.0373335$ & $1$ & $0.0778645$ & $0.0667237$ & $-0.0322295$ & $0.0192369$ & $0.012792$ \\
eHtautauint & $0.0171209$ & $-0.00931788$ & $-0.0642484$ & $-0.0501984$ & $0.023914$ & $-0.0126553$ & $-0.0225163$ & $-0.000153334$ & $0.00775412$ & $-0.0284599$ & $0.00113776$ & $-0.00265673$ & $0.00185815$ & $-0.00450716$ & $0.0155158$ & $0.0224618$ & $-0.00513125$ & $-0.0112308$ & $-0.0124802$ & $6.99272e-05$ & $-0.0045902$ & $0.00177903$ & $0.000258265$ & $-0.00558366$ & $-0.00190245$ & $-0.00419292$ & $-0.00791357$ & $-0.0119617$ & $-0.00937114$ & $0.0639309$ & $-0.0597274$ & $-0.0313639$ & $0.00852959$ & $-0.0154518$ & $-0.0839086$ & $0.158652$ & $-0.0778909$ & $-0.0134382$ & $-0.049386$ & $-0.00842769$ & $-0.021097$ & $-0.0359192$ & $0.152409$ & $0.0778645$ & $1$ & $-0.0648204$ & $-0.0303782$ & $-0.0103475$ & $0.0231127$ \\
eHccint & $0.0708833$ & $0.0382632$ & $0.0775219$ & $0.0424519$ & $0.00961308$ & $0.043793$ & $0.0219141$ & $-0.0129763$ & $-0.016729$ & $0.0142579$ & $0.00362244$ & $-0.0342693$ & $-0.0327314$ & $0.0216398$ & $0.0242367$ & $0.0193521$ & $0.0043791$ & $0.00524308$ & $0.0102015$ & $0.00135027$ & $-0.00555151$ & $-0.00514716$ & $0.0268928$ & $0.0272118$ & $0.00409809$ & $-0.00993174$ & $-0.0208181$ & $0.00253562$ & $0.026442$ & $-0.0270744$ & $0.0609582$ & $0.0145156$ & $-0.0251167$ & $-0.0381945$ & $-0.0337618$ & $-0.0512004$ & $-0.0127898$ & $-0.00616131$ & $0.0297924$ & $0.013935$ & $0.0570429$ & $-0.013427$ & $-0.108022$ & $0.0667237$ & $-0.0648204$ & $1$ & $0.000627261$ & $0.0620586$ & $-0.0512373$ \\
eHccpar & $0.0168805$ & $-0.101757$ & $0.119619$ & $-0.0693677$ & $0.00119361$ & $-0.0347125$ & $0.0242886$ & $0.0225307$ & $0.0296787$ & $-0.0493813$ & $-0.0254326$ & $0.0172771$ & $0.0205455$ & $0.0126188$ & $0.0113715$ & $-0.00469999$ & $0.016518$ & $0.00476268$ & $0.0170147$ & $0.0231231$ & $0.0252009$ & $0.0304418$ & $0.0252459$ & $0.0056631$ & $0.0317121$ & $-0.0316677$ & $0.056188$ & $0.0066368$ & $0.00273276$ & $0.0267833$ & $0.309235$ & $0.0283875$ & $0.0253731$ & $0.011475$ & $0.0680234$ & $0.0636592$ & $-0.0198664$ & $0.0380224$ & $-0.0202226$ & $-0.0189848$ & $-0.0512557$ & $-0.020244$ & $-0.0336862$ & $-0.0322295$ & $-0.0303782$ & $0.000627261$ & $1$ & $-0.0792692$ & $0.00663899$ \\
eHbbint & $0.0675921$ & $0.050593$ & $0.03386$ & $-0.0143839$ & $-0.0139589$ & $-0.00204949$ & $-0.00203063$ & $-0.0477051$ & $-0.0388296$ & $0.0393157$ & $0.049949$ & $-0.00743932$ & $-0.00904996$ & $-0.0257048$ & $-0.00796732$ & $0.00625561$ & $-0.00906972$ & $-0.00314005$ & $-0.00779504$ & $-0.0465682$ & $-0.0514209$ & $-0.0478052$ & $0.00565531$ & $0.0219182$ & $-0.0032058$ & $0.0107123$ & $-0.0332583$ & $-0.0078738$ & $0.00390932$ & $-0.0296196$ & $-0.0404026$ & $-0.00179486$ & $0.0868953$ & $-0.0342271$ & $0.0103967$ & $0.0264172$ & $0.0468708$ & $-0.0427072$ & $-0.0110288$ & $-0.0212463$ & $0.0130819$ & $0.0349473$ & $0.124826$ & $0.0192369$ & $-0.0103475$ & $0.0620586$ & $-0.0792692$ & $1$ & $0.0240185$ \\
eHbbpar & $-0.0403971$ & $0.047681$ & $0.0429132$ & $0.0266907$ & $-0.0253967$ & $0.0150721$ & $0.0902096$ & $-0.03073$ & $-0.0302235$ & $0.0145589$ & $0.0324084$ & $-0.0735338$ & $-0.0751277$ & $-0.0166261$ & $-0.033758$ & $-0.0245767$ & $-0.000833319$ & $0.0142683$ & $0.0099881$ & $-0.0332992$ & $-0.0289637$ & $-0.0223395$ & $-0.0326006$ & $0.00430732$ & $0.0189662$ & $0.056352$ & $0.0148563$ & $-0.0364075$ & $-0.080716$ & $-0.0548379$ & $-0.0415582$ & $0.0908602$ & $0.227372$ & $0.00715333$ & $0.0233737$ & $-0.109887$ & $0.0473781$ & $0.0504691$ & $0.0352028$ & $-0.00856829$ & $0.0203452$ & $0.0758308$ & $-0.0767211$ & $0.012792$ & $0.0231127$ & $-0.0512373$ & $0.00663899$ & $0.0240185$ & $1$ \\
