 & AlsMz & dAle5Mz & mtop & mHl & Mz & CW & CHG & CHWB & CHWHB_gaga & CHWHB_gagaorth & CHD & CHbox & CH & CHL1_11 & CHL1_22 & CHL1_33 & CHL3_11 & CHL3_22 & CHL3_33 & CHe_11 & CHe_22 & CHe_33 & CHQ1_11 & CHQ1_33 & CHQ3_11 & CHu_11 & CHd_11 & CHd_33 & CeH_22r & CeH_33r & CuH_22r & CuH_33r & CdH_33r & CLL_1221 & eHggint & eHggpar & eHWWint & eHWWpar & eHZZint & eHZZpar & eHZgaint & eHZgapar & eHgagaint & eHmumuint & eHtautauint & eHccint & eHccpar & eHbbint & eHbbpar \\
AlsMz & $1$ & $0.0610508$ & $-0.00818919$ & $0.0238829$ & $-0.00926441$ & $0.0124881$ & $-0.0166443$ & $-0.00175185$ & $-0.00227776$ & $0.014713$ & $0.000163202$ & $0.0311094$ & $0.0146589$ & $-0.0167235$ & $-0.0402754$ & $-0.0196584$ & $-0.000109279$ & $0.0130352$ & $-0.00398148$ & $-0.00898556$ & $-0.002448$ & $-0.00278304$ & $0.0150847$ & $-0.0657848$ & $-0.108873$ & $-0.0352293$ & $-0.0190152$ & $0.0204486$ & $0.00362708$ & $-0.0125963$ & $0.0681913$ & $-0.0120008$ & $-0.0186866$ & $0.045059$ & $0.0401964$ & $0.00182896$ & $0.0139678$ & $0.0119262$ & $0.00735828$ & $-0.016827$ & $0.0367257$ & $-0.0218141$ & $-0.0370604$ & $-0.0233262$ & $-0.0514673$ & $0.0153859$ & $0.0235343$ & $-0.104442$ & $-0.0253931$ \\
dAle5Mz & $0.0610508$ & $1$ & $-0.0236538$ & $0.0459081$ & $0.0475169$ & $-0.0201939$ & $-0.0146858$ & $-0.126609$ & $-0.12242$ & $0.0742264$ & $0.111095$ & $-0.0299606$ & $-0.034812$ & $-0.0781721$ & $0.0173603$ & $-0.0507243$ & $0.0222643$ & $-0.0196013$ & $0.0203734$ & $-0.086388$ & $-0.0937583$ & $-0.0914037$ & $-0.0108977$ & $0.0254843$ & $0.00420567$ & $0.0415603$ & $-0.0702573$ & $-0.0412634$ & $-0.00686615$ & $-0.0290746$ & $-0.0452707$ & $-0.00593046$ & $-0.0338782$ & $-0.0549428$ & $0.0343724$ & $-0.0196149$ & $-0.0518727$ & $-0.0144327$ & $0.000825316$ & $-0.00684739$ & $-0.00567834$ & $0.0156066$ & $-0.00112903$ & $0.0462489$ & $-0.0466129$ & $-0.0341351$ & $-0.0570265$ & $-0.0125144$ & $-0.0442945$ \\
mtop & $-0.00818919$ & $-0.0236538$ & $1$ & $-0.0153647$ & $0.0369265$ & $-0.00722006$ & $0.0438321$ & $0.0528663$ & $0.0533322$ & $-0.0228034$ & $-0.0338272$ & $-0.0462343$ & $-0.0416291$ & $0.025031$ & $-0.0048012$ & $-0.00917261$ & $-0.0397314$ & $-0.0165789$ & $-0.00818566$ & $0.038693$ & $0.0430264$ & $0.0411985$ & $0.0546785$ & $-0.0431001$ & $-0.009508$ & $-0.0389933$ & $0.0635742$ & $0.0252592$ & $0.0317612$ & $-0.0407417$ & $-0.0333112$ & $0.0364298$ & $-0.0231843$ & $0.0394726$ & $-0.0233999$ & $0.0193681$ & $-0.0151227$ & $0.0228152$ & $0.00265402$ & $0.0206237$ & $0.0484415$ & $-0.0213869$ & $0.0314705$ & $-0.0116031$ & $-0.00887867$ & $-0.0886516$ & $-0.00485459$ & $-0.0139982$ & $0.0538577$ \\
mHl & $0.0238829$ & $0.0459081$ & $-0.0153647$ & $1$ & $0.00695034$ & $-0.0257583$ & $-0.0299278$ & $-0.0329275$ & $-0.0371655$ & $-0.000441724$ & $0.0445128$ & $0.00203344$ & $0.00341491$ & $-0.0347526$ & $-0.0466323$ & $-0.0317552$ & $-0.023925$ & $-0.0023027$ & $-0.0111942$ & $-0.0456407$ & $-0.0393723$ & $-0.0424314$ & $-0.035799$ & $-0.0163196$ & $-0.00414167$ & $0.0504835$ & $0.00435966$ & $-0.00679932$ & $-0.018966$ & $0.0140464$ & $-0.0131591$ & $-0.0289419$ & $0.0214879$ & $0.00797354$ & $0.00519591$ & $0.0380917$ & $0.0363549$ & $-0.0443741$ & $-0.078231$ & $-0.0223829$ & $0.0452436$ & $-0.030081$ & $-0.028054$ & $0.0482404$ & $-0.0428538$ & $0.0065726$ & $-0.0258428$ & $0.00587551$ & $0.0144394$ \\
Mz & $-0.00926441$ & $0.0475169$ & $0.0369265$ & $0.00695034$ & $1$ & $0.0116991$ & $0.00690572$ & $-0.0019796$ & $0.000797604$ & $0.0163403$ & $0.00109364$ & $-0.0118363$ & $-0.0153532$ & $0.00160007$ & $-0.0236533$ & $-0.00227857$ & $0.0231336$ & $0.024623$ & $0.0103367$ & $0.00456667$ & $0.00906504$ & $0.00973659$ & $0.0382027$ & $0.00136736$ & $0.0151969$ & $-0.0235618$ & $0.0122949$ & $0.0185733$ & $0.0136018$ & $-0.0102686$ & $-0.0545505$ & $0.0173099$ & $-0.0258678$ & $0.0260263$ & $0.00953937$ & $-0.00544519$ & $-0.0176665$ & $-0.0575198$ & $0.045581$ & $-0.0186191$ & $-0.00653049$ & $-0.00493409$ & $0.023569$ & $-0.0212506$ & $0.00517976$ & $-0.0512617$ & $-0.0665521$ & $-0.0628149$ & $-0.0180054$ \\
CW & $0.0124881$ & $-0.0201939$ & $-0.00722006$ & $-0.0257583$ & $0.0116991$ & $1$ & $0.0182914$ & $-0.0481614$ & $-0.0443308$ & $0.0256805$ & $0.16299$ & $0.0257094$ & $-0.00615846$ & $-0.0448994$ & $-0.109705$ & $-0.091016$ & $-0.371445$ & $-0.168175$ & $-0.170211$ & $-0.165064$ & $-0.165338$ & $-0.164916$ & $0.0296473$ & $-0.126745$ & $-0.199914$ & $0.104324$ & $-0.0355391$ & $-0.0848227$ & $0.04062$ & $-0.0070876$ & $0.00619013$ & $0.0223802$ & $-0.0122088$ & $-0.0880275$ & $0.0285209$ & $-0.0235317$ & $-0.024022$ & $-0.000254349$ & $0.019949$ & $-0.00653091$ & $0.0185411$ & $0.0221261$ & $0.0471663$ & $-0.00696355$ & $0.00450663$ & $0.0254075$ & $-0.00659701$ & $0.034938$ & $-0.00382829$ \\
CHG & $-0.0166443$ & $-0.0146858$ & $0.0438321$ & $-0.0299278$ & $0.00690572$ & $0.0182914$ & $1$ & $-0.0322754$ & $-0.00828524$ & $0.205776$ & $0.0575421$ & $-0.768747$ & $-0.785941$ & $-0.0613381$ & $-0.017862$ & $-0.0455386$ & $-0.053202$ & $-0.0468725$ & $-0.0217886$ & $-0.0559896$ & $-0.0560234$ & $-0.061559$ & $0.0311614$ & $-0.0198686$ & $-0.0486567$ & $0.026846$ & $-0.0255806$ & $-0.0218412$ & $-0.12915$ & $-0.628102$ & $-0.408031$ & $0.957965$ & $-0.598505$ & $-0.0273654$ & $-0.208885$ & $-0.0851014$ & $0.0539055$ & $0.0198642$ & $-0.0389802$ & $-0.00101515$ & $0.0247563$ & $0.00634118$ & $-0.0132537$ & $-0.0507541$ & $-0.0266343$ & $-0.0279195$ & $-0.00826909$ & $-0.0130308$ & $0.0512238$ \\
CHWB & $-0.00175185$ & $-0.126609$ & $0.0528663$ & $-0.0329275$ & $-0.0019796$ & $-0.0481614$ & $-0.0322754$ & $1$ & $0.989595$ & $-0.565801$ & $-0.874895$ & $0.00134575$ & $0.0411103$ & $0.274019$ & $0.432306$ & $0.440286$ & $-0.241611$ & $-0.394452$ & $-0.415395$ & $0.858523$ & $0.887712$ & $0.87909$ & $0.0436976$ & $-0.635071$ & $-0.381297$ & $-0.612915$ & $0.403652$ & $0.3755$ & $0.0103962$ & $0.0503714$ & $0.029798$ & $-0.0508378$ & $0.0300294$ & $0.565021$ & $-0.0421396$ & $-0.0160123$ & $0.000976953$ & $0.0501432$ & $-0.0163158$ & $-0.0359554$ & $-0.0514673$ & $-0.0230006$ & $-0.0373345$ & $-0.0193801$ & $-0.00398045$ & $-0.0133033$ & $-0.0197204$ & $0.0145517$ & $-0.0190521$ \\
CHWHB_gaga & $-0.00227776$ & $-0.12242$ & $0.0533322$ & $-0.0371655$ & $0.000797604$ & $-0.0443308$ & $-0.00828524$ & $0.989595$ & $1$ & $-0.56458$ & $-0.863544$ & $0.00297874$ & $0.0407339$ & $0.267167$ & $0.430936$ & $0.436108$ & $-0.244167$ & $-0.397082$ & $-0.41603$ & $0.847304$ & $0.876127$ & $0.86763$ & $0.0403137$ & $-0.632805$ & $-0.381993$ & $-0.603902$ & $0.396798$ & $0.371301$ & $0.0110113$ & $0.0624328$ & $0.0390799$ & $-0.0279632$ & $0.0434116$ & $0.555924$ & $-0.0549601$ & $-0.0215775$ & $-0.00533659$ & $0.0462778$ & $-0.0150739$ & $-0.0390018$ & $-0.0490649$ & $-0.0254224$ & $0.0222206$ & $-0.0158343$ & $0.00106706$ & $-0.0118217$ & $-0.0195524$ & $0.0122795$ & $-0.0198016$ \\
CHWHB_gagaorth & $0.014713$ & $0.0742264$ & $-0.0228034$ & $-0.000441724$ & $0.0163403$ & $0.0256805$ & $0.205776$ & $-0.565801$ & $-0.56458$ & $1$ & $0.495361$ & $-0.176597$ & $-0.266437$ & $-0.147958$ & $-0.234234$ & $-0.263965$ & $0.128092$ & $0.214046$ & $0.247491$ & $-0.48488$ & $-0.502019$ & $-0.498605$ & $-0.0246636$ & $0.357601$ & $0.214231$ & $0.351238$ & $-0.226874$ & $-0.217437$ & $-0.0401983$ & $-0.251754$ & $-0.175266$ & $0.217401$ & $-0.257154$ & $-0.338181$ & $0.00395164$ & $0.0306748$ & $0.0229708$ & $-0.0124438$ & $0.0128565$ & $0.0120797$ & $-0.0418401$ & $0.0022951$ & $-0.0283078$ & $0.0150158$ & $-0.0118104$ & $0.00686782$ & $0.00419337$ & $-0.0188344$ & $0.000991942$ \\
CHD & $0.000163202$ & $0.111095$ & $-0.0338272$ & $0.0445128$ & $0.00109364$ & $0.16299$ & $0.0575421$ & $-0.874895$ & $-0.863544$ & $0.495361$ & $1$ & $-0.021131$ & $-0.0808978$ & $-0.663978$ & $-0.548813$ & $-0.549068$ & $-0.229957$ & $-0.0307118$ & $-0.00163404$ & $-0.994782$ & $-0.994991$ & $-0.983701$ & $0.0119704$ & $0.228491$ & $-0.0457355$ & $0.69224$ & $-0.282889$ & $-0.439241$ & $-0.0185449$ & $-0.0886645$ & $-0.056251$ & $0.0790796$ & $-0.0695124$ & $-0.367405$ & $0.0684094$ & $0.0380901$ & $-0.0144411$ & $-0.0557636$ & $0.0131593$ & $0.0329861$ & $0.0630599$ & $0.0426529$ & $0.0567318$ & $-0.00199125$ & $-0.0117695$ & $0.000888274$ & $0.0322673$ & $0.00241019$ & $0.0398764$ \\
CHbox & $0.0311094$ & $-0.0299606$ & $-0.0462343$ & $0.00203344$ & $-0.0118363$ & $0.0257094$ & $-0.768747$ & $0.00134575$ & $0.00297874$ & $-0.176597$ & $-0.021131$ & $1$ & $0.975558$ & $0.0472971$ & $-0.00442472$ & $0.01691$ & $0.0346019$ & $0.0473905$ & $0.0262306$ & $0.0189561$ & $0.0180205$ & $0.026383$ & $-0.0312319$ & $0.0268549$ & $0.0424128$ & $0.0131544$ & $0.0154897$ & $0.00791525$ & $0.157103$ & $0.752089$ & $0.498644$ & $-0.679638$ & $0.72348$ & $0.00718416$ & $0.254431$ & $0.104526$ & $-0.0389226$ & $-0.0322447$ & $0.0511969$ & $-0.0161295$ & $-0.0208935$ & $-0.0316847$ & $0.000125318$ & $0.0476853$ & $0.0503549$ & $0.049704$ & $0.04925$ & $-0.011746$ & $-0.0528024$ \\
CH & $0.0146589$ & $-0.034812$ & $-0.0416291$ & $0.00341491$ & $-0.0153532$ & $-0.00615846$ & $-0.785941$ & $0.0411103$ & $0.0407339$ & $-0.266437$ & $-0.0808978$ & $0.975558$ & $1$ & $0.102319$ & $0.0177437$ & $0.0454887$ & $0.0768435$ & $0.0792852$ & $0.0506751$ & $0.0769517$ & $0.078278$ & $0.0846691$ & $-0.0238912$ & $0.0335478$ & $0.0715019$ & $-0.0332723$ & $0.030821$ & $0.0347099$ & $0.168776$ & $0.758173$ & $0.504986$ & $-0.703089$ & $0.729717$ & $0.0307686$ & $0.238094$ & $0.0952762$ & $-0.0338851$ & $-0.0285311$ & $0.0347163$ & $-0.0185464$ & $-0.0141588$ & $-0.0315078$ & $0.00065756$ & $0.0615459$ & $0.0478318$ & $0.0471246$ & $0.0427623$ & $-0.0200054$ & $-0.0533903$ \\
CHL1_11 & $-0.0167235$ & $-0.0781721$ & $0.025031$ & $-0.0347526$ & $0.00160007$ & $-0.0448994$ & $-0.0613381$ & $0.274019$ & $0.267167$ & $-0.147958$ & $-0.663978$ & $0.0472971$ & $0.102319$ & $1$ & $0.39124$ & $0.389074$ & $0.623413$ & $0.601635$ & $0.571747$ & $0.672732$ & $0.636592$ & $0.625682$ & $-0.102151$ & $0.424908$ & $0.582855$ & $-0.43347$ & $-0.0292281$ & $0.290312$ & $0.0408945$ & $0.0999983$ & $0.0717$ & $-0.0786229$ & $0.0931402$ & $-0.13758$ & $-0.0633022$ & $-0.0719876$ & $0.0165771$ & $0.0420829$ & $0.0206633$ & $-0.0161143$ & $-0.0432556$ & $-0.0505574$ & $-0.055617$ & $0.00891109$ & $0.0195244$ & $0.0148647$ & $-0.0362892$ & $-0.00792682$ & $-0.0348315$ \\
CHL1_22 & $-0.0402754$ & $0.0173603$ & $-0.0048012$ & $-0.0466323$ & $-0.0236533$ & $-0.109705$ & $-0.017862$ & $0.432306$ & $0.430936$ & $-0.234234$ & $-0.548813$ & $-0.00442472$ & $0.0177437$ & $0.39124$ & $1$ & $0.543064$ & $0.164492$ & $-0.29854$ & $-0.0231185$ & $0.592632$ & $0.492662$ & $0.493906$ & $-0.162534$ & $0.0441113$ & $-0.065912$ & $-0.363352$ & $-0.300494$ & $0.237767$ & $0.00962435$ & $0.0358333$ & $0.0350487$ & $-0.0198866$ & $0.0517027$ & $-0.454562$ & $-0.0264759$ & $-0.037132$ & $-0.0235692$ & $0.0375833$ & $-0.0201418$ & $-0.00269118$ & $-0.0499151$ & $-0.0332389$ & $-0.0362931$ & $0.0097464$ & $0.00485986$ & $0.00655131$ & $-0.0112385$ & $0.0198897$ & $-0.00346664$ \\
CHL1_33 & $-0.0196584$ & $-0.0507243$ & $-0.00917261$ & $-0.0317552$ & $-0.00227857$ & $-0.091016$ & $-0.0455386$ & $0.440286$ & $0.436108$ & $-0.263965$ & $-0.549068$ & $0.01691$ & $0.0454887$ & $0.389074$ & $0.543064$ & $1$ & $0.148778$ & $-0.00837397$ & $-0.332743$ & $0.590509$ & $0.491754$ & $0.499078$ & $-0.155043$ & $0.0430497$ & $-0.0940183$ & $-0.362363$ & $-0.31456$ & $0.244842$ & $0.0198395$ & $0.0502978$ & $0.0413676$ & $-0.0447286$ & $0.0587035$ & $-0.0239764$ & $-0.0309651$ & $-0.0232767$ & $-0.0142357$ & $-0.00422354$ & $-0.0226845$ & $0.000901096$ & $-0.00842173$ & $-0.0136818$ & $-0.0140156$ & $0.0192278$ & $0.00714338$ & $-0.025059$ & $0.0160211$ & $0.029585$ & $-0.0210707$ \\
CHL3_11 & $-0.000109279$ & $0.0222643$ & $-0.0397314$ & $-0.023925$ & $0.0231336$ & $-0.371445$ & $-0.053202$ & $-0.241611$ & $-0.244167$ & $0.128092$ & $-0.229957$ & $0.0346019$ & $0.0768435$ & $0.623413$ & $0.164492$ & $0.148778$ & $1$ & $0.828788$ & $0.817128$ & $0.241392$ & $0.20864$ & $0.204881$ & $-0.0660611$ & $0.756089$ & $0.848245$ & $-0.160585$ & $-0.139243$ & $0.136119$ & $-0.0012538$ & $0.0736802$ & $0.0432982$ & $-0.0587529$ & $0.0744258$ & $-0.247165$ & $-0.0513224$ & $-0.0261524$ & $0.0327418$ & $0.00628704$ & $-0.00680196$ & $0.00857736$ & $-0.0211951$ & $-0.0421148$ & $-0.0373148$ & $0.0446184$ & $0.0424268$ & $0.0216781$ & $-0.0267771$ & $-0.0443952$ & $-0.0487911$ \\
CHL3_22 & $0.0130352$ & $-0.0196013$ & $-0.0165789$ & $-0.0023027$ & $0.024623$ & $-0.168175$ & $-0.0468725$ & $-0.394452$ & $-0.397082$ & $0.214046$ & $-0.0307118$ & $0.0473905$ & $0.0792852$ & $0.601635$ & $-0.29854$ & $-0.00837397$ & $0.828788$ & $1$ & $0.792227$ & $0.0291254$ & $0.0266861$ & $0.0206244$ & $-0.0208965$ & $0.736863$ & $0.857683$ & $-0.0156102$ & $-0.0446889$ & $0.0335242$ & $0.0141997$ & $0.0641294$ & $0.0378251$ & $-0.0537767$ & $0.055044$ & $-0.0732132$ & $-0.0405468$ & $-0.0267026$ & $0.0414463$ & $-0.00769073$ & $0.0168472$ & $0.00650434$ & $0.0025909$ & $-0.0213698$ & $-0.0217308$ & $0.0263641$ & $0.0324186$ & $0.0195302$ & $-0.0179462$ & $-0.0426918$ & $-0.0436613$ \\
CHL3_33 & $-0.00398148$ & $0.0203734$ & $-0.00818566$ & $-0.0111942$ & $0.0103367$ & $-0.170211$ & $-0.0217886$ & $-0.415395$ & $-0.41603$ & $0.247491$ & $-0.00163404$ & $0.0262306$ & $0.0506751$ & $0.571747$ & $-0.0231185$ & $-0.332743$ & $0.817128$ & $0.792227$ & $1$ & $-0.000636325$ & $0.00136974$ & $0.00328363$ & $-0.0188323$ & $0.725363$ & $0.865734$ & $0.00407582$ & $-0.0203682$ & $0.0169416$ & $0.00503907$ & $0.04561$ & $0.0269408$ & $-0.0313709$ & $0.0437525$ & $-0.353814$ & $-0.0375316$ & $-0.0305832$ & $0.0339856$ & $0.0280101$ & $0.0278602$ & $0.00726073$ & $-0.0246869$ & $-0.0339512$ & $-0.032575$ & $0.0325006$ & $0.0329098$ & $0.038211$ & $-0.0326028$ & $-0.0466005$ & $-0.0237906$ \\
CHe_11 & $-0.00898556$ & $-0.086388$ & $0.038693$ & $-0.0456407$ & $0.00456667$ & $-0.165064$ & $-0.0559896$ & $0.858523$ & $0.847304$ & $-0.48488$ & $-0.994782$ & $0.0189561$ & $0.0769517$ & $0.672732$ & $0.592632$ & $0.590509$ & $0.241392$ & $0.0291254$ & $-0.000636325$ & $1$ & $0.985217$ & $0.974047$ & $-0.0266996$ & $-0.19687$ & $0.049466$ & $-0.688072$ & $0.23055$ & $0.436848$ & $0.0209661$ & $0.0851298$ & $0.0531525$ & $-0.0768889$ & $0.0654895$ & $0.312699$ & $-0.068229$ & $-0.0396895$ & $0.0149357$ & $0.0548386$ & $-0.0129102$ & $-0.031909$ & $-0.0635288$ & $-0.0399853$ & $-0.0580037$ & $0.00124275$ & $0.0119344$ & $-0.000240167$ & $-0.0316715$ & $-0.0033664$ & $-0.043462$ \\
CHe_22 & $-0.002448$ & $-0.0937583$ & $0.0430264$ & $-0.0393723$ & $0.00906504$ & $-0.165338$ & $-0.0560234$ & $0.887712$ & $0.876127$ & $-0.502019$ & $-0.994991$ & $0.0180205$ & $0.078278$ & $0.636592$ & $0.492662$ & $0.491754$ & $0.20864$ & $0.0266861$ & $0.00136974$ & $0.985217$ & $1$ & $0.986667$ & $0.00889958$ & $-0.26909$ & $0.0375932$ & $-0.692665$ & $0.343883$ & $0.440175$ & $0.0177772$ & $0.0858248$ & $0.0498285$ & $-0.0786096$ & $0.0633677$ & $0.432084$ & $-0.0668955$ & $-0.0358727$ & $0.0158141$ & $0.0573843$ & $-0.00963645$ & $-0.0361429$ & $-0.0626782$ & $-0.0419637$ & $-0.0553492$ & $-0.00173006$ & $0.00998118$ & $-0.003601$ & $-0.0355618$ & $-0.00515908$ & $-0.0424373$ \\
CHe_33 & $-0.00278304$ & $-0.0914037$ & $0.0411985$ & $-0.0424314$ & $0.00973659$ & $-0.164916$ & $-0.061559$ & $0.87909$ & $0.86763$ & $-0.498605$ & $-0.983701$ & $0.026383$ & $0.0846691$ & $0.625682$ & $0.493906$ & $0.499078$ & $0.204881$ & $0.0206244$ & $0.00328363$ & $0.974047$ & $0.986667$ & $1$ & $0.00977523$ & $-0.266609$ & $0.0364702$ & $-0.687159$ & $0.341863$ & $0.430693$ & $0.0154571$ & $0.0929808$ & $0.0580844$ & $-0.0829759$ & $0.0729319$ & $0.425347$ & $-0.0600245$ & $-0.03266$ & $0.012822$ & $0.0625553$ & $-0.00658564$ & $-0.0295846$ & $-0.0649211$ & $-0.0421848$ & $-0.050269$ & $0.0105637$ & $0.0207872$ & $-0.00516956$ & $-0.0282757$ & $-0.000325435$ & $-0.0355522$ \\
CHQ1_11 & $0.0150847$ & $-0.0108977$ & $0.0546785$ & $-0.035799$ & $0.0382027$ & $0.0296473$ & $0.0311614$ & $0.0436976$ & $0.0403137$ & $-0.0246636$ & $0.0119704$ & $-0.0312319$ & $-0.0238912$ & $-0.102151$ & $-0.162534$ & $-0.155043$ & $-0.0660611$ & $-0.0208965$ & $-0.0188323$ & $-0.0266996$ & $0.00889958$ & $0.00977523$ & $1$ & $-0.127306$ & $0.049083$ & $-0.567778$ & $0.344884$ & $-0.00425053$ & $0.0173359$ & $-0.0340549$ & $0.000702846$ & $0.0372878$ & $-0.0264894$ & $0.19473$ & $-0.0268166$ & $0.0209383$ & $0.0236633$ & $0.000774386$ & $-0.0099257$ & $0.0254822$ & $-0.0113706$ & $0.0136946$ & $0.0321831$ & $-0.00237215$ & $-0.00506136$ & $0.0376694$ & $-0.0187464$ & $-0.00141642$ & $0.000505523$ \\
CHQ1_33 & $-0.0657848$ & $0.0254843$ & $-0.0431001$ & $-0.0163196$ & $0.00136736$ & $-0.126745$ & $-0.0198686$ & $-0.635071$ & $-0.632805$ & $0.357601$ & $0.228491$ & $0.0268549$ & $0.0335478$ & $0.424908$ & $0.0441113$ & $0.0430497$ & $0.756089$ & $0.736863$ & $0.725363$ & $-0.19687$ & $-0.26909$ & $-0.266609$ & $-0.127306$ & $1$ & $0.744666$ & $0.177093$ & $-0.391436$ & $-0.0151779$ & $0.00963579$ & $0.0266633$ & $0.0245582$ & $-0.0158045$ & $0.054024$ & $-0.612648$ & $-0.0246828$ & $-0.0258122$ & $0.0189366$ & $-0.0174581$ & $0.00664827$ & $0.0326578$ & $0.00131532$ & $-0.014812$ & $-0.0150014$ & $0.0254952$ & $0.0298347$ & $0.0161557$ & $-0.0123387$ & $-0.0128055$ & $0.00560969$ \\
CHQ3_11 & $-0.108873$ & $0.00420567$ & $-0.009508$ & $-0.00414167$ & $0.0151969$ & $-0.199914$ & $-0.0486567$ & $-0.381297$ & $-0.381993$ & $0.214231$ & $-0.0457355$ & $0.0424128$ & $0.0715019$ & $0.582855$ & $-0.065912$ & $-0.0940183$ & $0.848245$ & $0.857683$ & $0.865734$ & $0.049466$ & $0.0375932$ & $0.0364702$ & $0.049083$ & $0.744666$ & $1$ & $-0.0204704$ & $0.1443$ & $0.03378$ & $-0.0124821$ & $0.0681875$ & $0.0346337$ & $-0.0557725$ & $0.0703826$ & $-0.25609$ & $-0.0514737$ & $-0.00637195$ & $0.0219069$ & $-0.00834014$ & $0.0281251$ & $0.00959129$ & $-0.0207988$ & $-0.0182524$ & $-0.0140792$ & $0.0261837$ & $0.0558132$ & $0.0312304$ & $-0.0370843$ & $-0.023495$ & $-0.0283691$ \\
CHu_11 & $-0.0352293$ & $0.0415603$ & $-0.0389933$ & $0.0504835$ & $-0.0235618$ & $0.104324$ & $0.026846$ & $-0.612915$ & $-0.603902$ & $0.351238$ & $0.69224$ & $0.0131544$ & $-0.0332723$ & $-0.43347$ & $-0.363352$ & $-0.362363$ & $-0.160585$ & $-0.0156102$ & $0.00407582$ & $-0.688072$ & $-0.692665$ & $-0.687159$ & $-0.567778$ & $0.177093$ & $-0.0204704$ & $1$ & $-0.192346$ & $-0.304059$ & $-0.0222773$ & $-0.0371894$ & $-0.0547728$ & $0.0359436$ & $-0.0342582$ & $-0.289431$ & $0.0640507$ & $0.0370556$ & $-0.00997196$ & $-0.0537695$ & $0.0335214$ & $0.017184$ & $0.0635868$ & $0.0215273$ & $0.0166351$ & $-0.00796949$ & $0.0165398$ & $-0.0227885$ & $0.0267853$ & $0.00102749$ & $0.0329954$ \\
CHd_11 & $-0.0190152$ & $-0.0702573$ & $0.0635742$ & $0.00435966$ & $0.0122949$ & $-0.0355391$ & $-0.0255806$ & $0.403652$ & $0.396798$ & $-0.226874$ & $-0.282889$ & $0.0154897$ & $0.030821$ & $-0.0292281$ & $-0.300494$ & $-0.31456$ & $-0.139243$ & $-0.0446889$ & $-0.0203682$ & $0.23055$ & $0.343883$ & $0.341863$ & $0.344884$ & $-0.391436$ & $0.1443$ & $-0.192346$ & $1$ & $0.101841$ & $-0.038049$ & $0.0296514$ & $0.0024245$ & $-0.0435786$ & $0.0134995$ & $0.663177$ & $-0.037214$ & $0.0491422$ & $0.0123705$ & $0.00905601$ & $0.0272015$ & $-0.0163184$ & $-0.0267451$ & $0.0069704$ & $-0.00416341$ & $-0.0264673$ & $0.0360726$ & $0.00634562$ & $-0.0446247$ & $-0.00391031$ & $0.00540333$ \\
CHd_33 & $0.0204486$ & $-0.0412634$ & $0.0252592$ & $-0.00679932$ & $0.0185733$ & $-0.0848227$ & $-0.0218412$ & $0.3755$ & $0.371301$ & $-0.217437$ & $-0.439241$ & $0.00791525$ & $0.0347099$ & $0.290312$ & $0.237767$ & $0.244842$ & $0.136119$ & $0.0335242$ & $0.0169416$ & $0.436848$ & $0.440175$ & $0.430693$ & $-0.00425053$ & $-0.0151779$ & $0.03378$ & $-0.304059$ & $0.101841$ & $1$ & $0.043889$ & $0.0220828$ & $0.0199206$ & $-0.024328$ & $0.0318969$ & $0.170258$ & $-0.021773$ & $-0.011104$ & $0.0282962$ & $0.00899418$ & $-0.0255384$ & $-0.0185043$ & $-0.0431266$ & $-0.0143958$ & $-0.0118348$ & $-0.0285599$ & $0.0107853$ & $0.0136011$ & $-0.0396432$ & $0.00222397$ & $-0.0242542$ \\
CeH_22r & $0.00362708$ & $-0.00686615$ & $0.0317612$ & $-0.018966$ & $0.0136018$ & $0.04062$ & $-0.12915$ & $0.0103962$ & $0.0110113$ & $-0.0401983$ & $-0.0185449$ & $0.157103$ & $0.168776$ & $0.0408945$ & $0.00962435$ & $0.0198395$ & $-0.0012538$ & $0.0141997$ & $0.00503907$ & $0.0209661$ & $0.0177772$ & $0.0154571$ & $0.0173359$ & $0.00963579$ & $-0.0124821$ & $-0.0222773$ & $-0.038049$ & $0.043889$ & $1$ & $0.14165$ & $0.0495756$ & $-0.140537$ & $0.128967$ & $-0.0122614$ & $-0.00298468$ & $0.0168857$ & $-0.0119734$ & $0.0115043$ & $-0.0352152$ & $0.0415258$ & $0.0149192$ & $-0.0201484$ & $-0.0476068$ & $0.0217251$ & $0.0206777$ & $-0.00881548$ & $-0.0357266$ & $0.0049171$ & $-0.0199955$ \\
CeH_33r & $-0.0125963$ & $-0.0290746$ & $-0.0407417$ & $0.0140464$ & $-0.0102686$ & $-0.0070876$ & $-0.628102$ & $0.0503714$ & $0.0624328$ & $-0.251754$ & $-0.0886645$ & $0.752089$ & $0.758173$ & $0.0999983$ & $0.0358333$ & $0.0502978$ & $0.0736802$ & $0.0641294$ & $0.04561$ & $0.0851298$ & $0.0858248$ & $0.0929808$ & $-0.0340549$ & $0.0266633$ & $0.0681875$ & $-0.0371894$ & $0.0296514$ & $0.0220828$ & $0.14165$ & $1$ & $0.54124$ & $-0.499422$ & $0.814081$ & $0.0226868$ & $0.157414$ & $0.0470815$ & $-0.147834$ & $-0.0377983$ & $0.0168202$ & $-0.021672$ & $0.018981$ & $-0.039674$ & $-0.00162519$ & $0.0346488$ & $0.108885$ & $0.0503046$ & $0.0170033$ & $-0.0139929$ & $-0.0390028$ \\
CuH_22r & $0.0681913$ & $-0.0452707$ & $-0.0333112$ & $-0.0131591$ & $-0.0545505$ & $0.00619013$ & $-0.408031$ & $0.029798$ & $0.0390799$ & $-0.175266$ & $-0.056251$ & $0.498644$ & $0.504986$ & $0.0717$ & $0.0350487$ & $0.0413676$ & $0.0432982$ & $0.0378251$ & $0.0269408$ & $0.0531525$ & $0.0498285$ & $0.0580844$ & $0.000702846$ & $0.0245582$ & $0.0346337$ & $-0.0547728$ & $0.0024245$ & $0.0199206$ & $0.0495756$ & $0.54124$ & $1$ & $-0.306823$ & $0.550859$ & $-0.00280425$ & $0.105373$ & $0.0579654$ & $-0.0563778$ & $-0.00473828$ & $0.015132$ & $0.0313363$ & $0.0350817$ & $0.0130072$ & $-0.0103987$ & $0.0114443$ & $0.0607024$ & $0.125539$ & $0.36837$ & $-0.00566031$ & $-0.0349044$ \\
CuH_33r & $-0.0120008$ & $-0.00593046$ & $0.0364298$ & $-0.0289419$ & $0.0173099$ & $0.0223802$ & $0.957965$ & $-0.0508378$ & $-0.0279632$ & $0.217401$ & $0.0790796$ & $-0.679638$ & $-0.703089$ & $-0.0786229$ & $-0.0198866$ & $-0.0447286$ & $-0.0587529$ & $-0.0537767$ & $-0.0313709$ & $-0.0768889$ & $-0.0786096$ & $-0.0829759$ & $0.0372878$ & $-0.0158045$ & $-0.0557725$ & $0.0359436$ & $-0.0435786$ & $-0.024328$ & $-0.140537$ & $-0.499422$ & $-0.306823$ & $1$ & $-0.454589$ & $-0.0421235$ & $-0.135299$ & $-0.0474616$ & $0.0198488$ & $0.0078921$ & $-0.0260961$ & $-0.0116716$ & $0.0444781$ & $-0.00764748$ & $-0.00199466$ & $-0.0491682$ & $-0.0154757$ & $-0.015533$ & $-0.00143767$ & $-0.0260523$ & $0.0483861$ \\
CdH_33r & $-0.0186866$ & $-0.0338782$ & $-0.0231843$ & $0.0214879$ & $-0.0258678$ & $-0.0122088$ & $-0.598505$ & $0.0300294$ & $0.0434116$ & $-0.257154$ & $-0.0695124$ & $0.72348$ & $0.729717$ & $0.0931402$ & $0.0517027$ & $0.0587035$ & $0.0744258$ & $0.055044$ & $0.0437525$ & $0.0654895$ & $0.0633677$ & $0.0729319$ & $-0.0264894$ & $0.054024$ & $0.0703826$ & $-0.0342582$ & $0.0134995$ & $0.0318969$ & $0.128967$ & $0.814081$ & $0.550859$ & $-0.454589$ & $1$ & $-0.0105018$ & $0.146136$ & $0.045613$ & $-0.168405$ & $-0.044155$ & $0.00338791$ & $-0.0160343$ & $0.022842$ & $-0.0565846$ & $0.00476207$ & $0.0299159$ & $0.0463119$ & $0.0405111$ & $0.00830298$ & $0.103875$ & $0.335157$ \\
CLL_1221 & $0.045059$ & $-0.0549428$ & $0.0394726$ & $0.00797354$ & $0.0260263$ & $-0.0880275$ & $-0.0273654$ & $0.565021$ & $0.555924$ & $-0.338181$ & $-0.367405$ & $0.00718416$ & $0.0307686$ & $-0.13758$ & $-0.454562$ & $-0.0239764$ & $-0.247165$ & $-0.0732132$ & $-0.353814$ & $0.312699$ & $0.432084$ & $0.425347$ & $0.19473$ & $-0.612648$ & $-0.25609$ & $-0.289431$ & $0.663177$ & $0.170258$ & $-0.0122614$ & $0.0226868$ & $-0.00280425$ & $-0.0421235$ & $-0.0105018$ & $1$ & $-0.0170268$ & $0.0249823$ & $0.0213508$ & $0.00890574$ & $-0.0128371$ & $-0.0274783$ & $-0.00472672$ & $0.0046975$ & $-0.0055748$ & $-0.0188383$ & $0.00167151$ & $-0.0205195$ & $-0.0113597$ & $-0.0135294$ & $-0.0291096$ \\
eHggint & $0.0401964$ & $0.0343724$ & $-0.0233999$ & $0.00519591$ & $0.00953937$ & $0.0285209$ & $-0.208885$ & $-0.0421396$ & $-0.0549601$ & $0.00395164$ & $0.0684094$ & $0.254431$ & $0.238094$ & $-0.0633022$ & $-0.0264759$ & $-0.0309651$ & $-0.0513224$ & $-0.0405468$ & $-0.0375316$ & $-0.068229$ & $-0.0668955$ & $-0.0600245$ & $-0.0268166$ & $-0.0246828$ & $-0.0514737$ & $0.0640507$ & $-0.037214$ & $-0.021773$ & $-0.00298468$ & $0.157414$ & $0.105373$ & $-0.135299$ & $0.146136$ & $-0.0170268$ & $1$ & $-0.0615168$ & $-0.0451601$ & $-0.032931$ & $0.0408477$ & $-0.0313161$ & $0.0651183$ & $0.0248314$ & $0.0155888$ & $0.0634354$ & $0.00604111$ & $0.0228676$ & $0.0298014$ & $-0.0273607$ & $-0.0149521$ \\
eHggpar & $0.00182896$ & $-0.0196149$ & $0.0193681$ & $0.0380917$ & $-0.00544519$ & $-0.0235317$ & $-0.0851014$ & $-0.0160123$ & $-0.0215775$ & $0.0306748$ & $0.0380901$ & $0.104526$ & $0.0952762$ & $-0.0719876$ & $-0.037132$ & $-0.0232767$ & $-0.0261524$ & $-0.0267026$ & $-0.0305832$ & $-0.0396895$ & $-0.0358727$ & $-0.03266$ & $0.0209383$ & $-0.0258122$ & $-0.00637195$ & $0.0370556$ & $0.0491422$ & $-0.011104$ & $0.0168857$ & $0.0470815$ & $0.0579654$ & $-0.0474616$ & $0.045613$ & $0.0249823$ & $-0.0615168$ & $1$ & $-0.0280998$ & $-0.0192465$ & $0.0448184$ & $0.0126469$ & $-0.0270864$ & $0.0187742$ & $-0.0454737$ & $0.0507963$ & $-0.00568696$ & $0.00781944$ & $0.0107075$ & $0.0289895$ & $-0.0297671$ \\
eHWWint & $0.0139678$ & $-0.0518727$ & $-0.0151227$ & $0.0363549$ & $-0.0176665$ & $-0.024022$ & $0.0539055$ & $0.000976953$ & $-0.00533659$ & $0.0229708$ & $-0.0144411$ & $-0.0389226$ & $-0.0338851$ & $0.0165771$ & $-0.0235692$ & $-0.0142357$ & $0.0327418$ & $0.0414463$ & $0.0339856$ & $0.0149357$ & $0.0158141$ & $0.012822$ & $0.0236633$ & $0.0189366$ & $0.0219069$ & $-0.00997196$ & $0.0123705$ & $0.0282962$ & $-0.0119734$ & $-0.147834$ & $-0.0563778$ & $0.0198488$ & $-0.168405$ & $0.0213508$ & $-0.0451601$ & $-0.0280998$ & $1$ & $0.00409063$ & $-0.0565851$ & $0.0646409$ & $-0.112308$ & $0.0197306$ & $-0.022805$ & $0.0121962$ & $0.00323452$ & $0.00441792$ & $0.0354175$ & $0.0110964$ & $-0.0451938$ \\
eHWWpar & $0.0119262$ & $-0.0144327$ & $0.0228152$ & $-0.0443741$ & $-0.0575198$ & $-0.000254349$ & $0.0198642$ & $0.0501432$ & $0.0462778$ & $-0.0124438$ & $-0.0557636$ & $-0.0322447$ & $-0.0285311$ & $0.0420829$ & $0.0375833$ & $-0.00422354$ & $0.00628704$ & $-0.00769073$ & $0.0280101$ & $0.0548386$ & $0.0573843$ & $0.0625553$ & $0.000774386$ & $-0.0174581$ & $-0.00834014$ & $-0.0537695$ & $0.00905601$ & $0.00899418$ & $0.0115043$ & $-0.0377983$ & $-0.00473828$ & $0.0078921$ & $-0.044155$ & $0.00890574$ & $-0.032931$ & $-0.0192465$ & $0.00409063$ & $1$ & $-0.00329618$ & $0.0199835$ & $-0.0220454$ & $0.0520458$ & $-0.0301378$ & $-0.047669$ & $0.0267377$ & $0.0180026$ & $0.0456593$ & $0.0365771$ & $-0.000968869$ \\
eHZZint & $0.00735828$ & $0.000825316$ & $0.00265402$ & $-0.078231$ & $0.045581$ & $0.019949$ & $-0.0389802$ & $-0.0163158$ & $-0.0150739$ & $0.0128565$ & $0.0131593$ & $0.0511969$ & $0.0347163$ & $0.0206633$ & $-0.0201418$ & $-0.0226845$ & $-0.00680196$ & $0.0168472$ & $0.0278602$ & $-0.0129102$ & $-0.00963645$ & $-0.00658564$ & $-0.0099257$ & $0.00664827$ & $0.0281251$ & $0.0335214$ & $0.0272015$ & $-0.0255384$ & $-0.0352152$ & $0.0168202$ & $0.015132$ & $-0.0260961$ & $0.00338791$ & $-0.0128371$ & $0.0408477$ & $0.0448184$ & $-0.0565851$ & $-0.00329618$ & $1$ & $-0.0111242$ & $-0.00711283$ & $0.0147316$ & $0.00361428$ & $-0.0438738$ & $0.00354555$ & $0.00879177$ & $-0.0217734$ & $0.0388498$ & $-0.0212456$ \\
eHZZpar & $-0.016827$ & $-0.00684739$ & $0.0206237$ & $-0.0223829$ & $-0.0186191$ & $-0.00653091$ & $-0.00101515$ & $-0.0359554$ & $-0.0390018$ & $0.0120797$ & $0.0329861$ & $-0.0161295$ & $-0.0185464$ & $-0.0161143$ & $-0.00269118$ & $0.000901096$ & $0.00857736$ & $0.00650434$ & $0.00726073$ & $-0.031909$ & $-0.0361429$ & $-0.0295846$ & $0.0254822$ & $0.0326578$ & $0.00959129$ & $0.017184$ & $-0.0163184$ & $-0.0185043$ & $0.0415258$ & $-0.021672$ & $0.0313363$ & $-0.0116716$ & $-0.0160343$ & $-0.0274783$ & $-0.0313161$ & $0.0126469$ & $0.0646409$ & $0.0199835$ & $-0.0111242$ & $1$ & $-0.043231$ & $0.0417619$ & $-0.00217777$ & $-0.00260407$ & $0.0086451$ & $0.0143505$ & $0.0302764$ & $0.0310029$ & $0.0187551$ \\
eHZgaint & $0.0367257$ & $-0.00567834$ & $0.0484415$ & $0.0452436$ & $-0.00653049$ & $0.0185411$ & $0.0247563$ & $-0.0514673$ & $-0.0490649$ & $-0.0418401$ & $0.0630599$ & $-0.0208935$ & $-0.0141588$ & $-0.0432556$ & $-0.0499151$ & $-0.00842173$ & $-0.0211951$ & $0.0025909$ & $-0.0246869$ & $-0.0635288$ & $-0.0626782$ & $-0.0649211$ & $-0.0113706$ & $0.00131532$ & $-0.0207988$ & $0.0635868$ & $-0.0267451$ & $-0.0431266$ & $0.0149192$ & $0.018981$ & $0.0350817$ & $0.0444781$ & $0.022842$ & $-0.00472672$ & $0.0651183$ & $-0.0270864$ & $-0.112308$ & $-0.0220454$ & $-0.00711283$ & $-0.043231$ & $1$ & $-0.0118696$ & $0.0770239$ & $0.00990316$ & $0.0158696$ & $-0.0549952$ & $0.0105612$ & $-0.0341226$ & $0.00329298$ \\
eHZgapar & $-0.0218141$ & $0.0156066$ & $-0.0213869$ & $-0.030081$ & $-0.00493409$ & $0.0221261$ & $0.00634118$ & $-0.0230006$ & $-0.0254224$ & $0.0022951$ & $0.0426529$ & $-0.0316847$ & $-0.0315078$ & $-0.0505574$ & $-0.0332389$ & $-0.0136818$ & $-0.0421148$ & $-0.0213698$ & $-0.0339512$ & $-0.0399853$ & $-0.0419637$ & $-0.0421848$ & $0.0136946$ & $-0.014812$ & $-0.0182524$ & $0.0215273$ & $0.0069704$ & $-0.0143958$ & $-0.0201484$ & $-0.039674$ & $0.0130072$ & $-0.00764748$ & $-0.0565846$ & $0.0046975$ & $0.0248314$ & $0.0187742$ & $0.0197306$ & $0.0520458$ & $0.0147316$ & $0.0417619$ & $-0.0118696$ & $1$ & $0.00811192$ & $-0.024297$ & $-0.0156969$ & $-0.00315637$ & $0.0945416$ & $-0.0204194$ & $-0.0294446$ \\
eHgagaint & $-0.0370604$ & $-0.00112903$ & $0.0314705$ & $-0.028054$ & $0.023569$ & $0.0471663$ & $-0.0132537$ & $-0.0373345$ & $0.0222206$ & $-0.0283078$ & $0.0567318$ & $0.000125318$ & $0.00065756$ & $-0.055617$ & $-0.0362931$ & $-0.0140156$ & $-0.0373148$ & $-0.0217308$ & $-0.032575$ & $-0.0580037$ & $-0.0553492$ & $-0.050269$ & $0.0321831$ & $-0.0150014$ & $-0.0140792$ & $0.0166351$ & $-0.00416341$ & $-0.0118348$ & $-0.0476068$ & $-0.00162519$ & $-0.0103987$ & $-0.00199466$ & $0.00476207$ & $-0.0055748$ & $0.0155888$ & $-0.0454737$ & $-0.022805$ & $-0.0301378$ & $0.00361428$ & $-0.00217777$ & $0.0770239$ & $0.00811192$ & $1$ & $-0.000776643$ & $-0.0365578$ & $0.0437071$ & $0.0124491$ & $-0.0368181$ & $-0.0291567$ \\
eHmumuint & $-0.0233262$ & $0.0462489$ & $-0.0116031$ & $0.0482404$ & $-0.0212506$ & $-0.00696355$ & $-0.0507541$ & $-0.0193801$ & $-0.0158343$ & $0.0150158$ & $-0.00199125$ & $0.0476853$ & $0.0615459$ & $0.00891109$ & $0.0097464$ & $0.0192278$ & $0.0446184$ & $0.0263641$ & $0.0325006$ & $0.00124275$ & $-0.00173006$ & $0.0105637$ & $-0.00237215$ & $0.0254952$ & $0.0261837$ & $-0.00796949$ & $-0.0264673$ & $-0.0285599$ & $0.0217251$ & $0.0346488$ & $0.0114443$ & $-0.0491682$ & $0.0299159$ & $-0.0188383$ & $0.0634354$ & $0.0507963$ & $0.0121962$ & $-0.047669$ & $-0.0438738$ & $-0.00260407$ & $0.00990316$ & $-0.024297$ & $-0.000776643$ & $1$ & $0.0146603$ & $-0.0396849$ & $-0.000568255$ & $-0.00606873$ & $-0.0170823$ \\
eHtautauint & $-0.0514673$ & $-0.0466129$ & $-0.00887867$ & $-0.0428538$ & $0.00517976$ & $0.00450663$ & $-0.0266343$ & $-0.00398045$ & $0.00106706$ & $-0.0118104$ & $-0.0117695$ & $0.0503549$ & $0.0478318$ & $0.0195244$ & $0.00485986$ & $0.00714338$ & $0.0424268$ & $0.0324186$ & $0.0329098$ & $0.0119344$ & $0.00998118$ & $0.0207872$ & $-0.00506136$ & $0.0298347$ & $0.0558132$ & $0.0165398$ & $0.0360726$ & $0.0107853$ & $0.0206777$ & $0.108885$ & $0.0607024$ & $-0.0154757$ & $0.0463119$ & $0.00167151$ & $0.00604111$ & $-0.00568696$ & $0.00323452$ & $0.0267377$ & $0.00354555$ & $0.0086451$ & $0.0158696$ & $-0.0156969$ & $-0.0365578$ & $0.0146603$ & $1$ & $-0.013981$ & $0.0171751$ & $0.0134263$ & $-0.0531377$ \\
eHccint & $0.0153859$ & $-0.0341351$ & $-0.0886516$ & $0.0065726$ & $-0.0512617$ & $0.0254075$ & $-0.0279195$ & $-0.0133033$ & $-0.0118217$ & $0.00686782$ & $0.000888274$ & $0.049704$ & $0.0471246$ & $0.0148647$ & $0.00655131$ & $-0.025059$ & $0.0216781$ & $0.0195302$ & $0.038211$ & $-0.000240167$ & $-0.003601$ & $-0.00516956$ & $0.0376694$ & $0.0161557$ & $0.0312304$ & $-0.0227885$ & $0.00634562$ & $0.0136011$ & $-0.00881548$ & $0.0503046$ & $0.125539$ & $-0.015533$ & $0.0405111$ & $-0.0205195$ & $0.0228676$ & $0.00781944$ & $0.00441792$ & $0.0180026$ & $0.00879177$ & $0.0143505$ & $-0.0549952$ & $-0.00315637$ & $0.0437071$ & $-0.0396849$ & $-0.013981$ & $1$ & $0.0302263$ & $0.0374265$ & $1.87043e-05$ \\
eHccpar & $0.0235343$ & $-0.0570265$ & $-0.00485459$ & $-0.0258428$ & $-0.0665521$ & $-0.00659701$ & $-0.00826909$ & $-0.0197204$ & $-0.0195524$ & $0.00419337$ & $0.0322673$ & $0.04925$ & $0.0427623$ & $-0.0362892$ & $-0.0112385$ & $0.0160211$ & $-0.0267771$ & $-0.0179462$ & $-0.0326028$ & $-0.0316715$ & $-0.0355618$ & $-0.0282757$ & $-0.0187464$ & $-0.0123387$ & $-0.0370843$ & $0.0267853$ & $-0.0446247$ & $-0.0396432$ & $-0.0357266$ & $0.0170033$ & $0.36837$ & $-0.00143767$ & $0.00830298$ & $-0.0113597$ & $0.0298014$ & $0.0107075$ & $0.0354175$ & $0.0456593$ & $-0.0217734$ & $0.0302764$ & $0.0105612$ & $0.0945416$ & $0.0124491$ & $-0.000568255$ & $0.0171751$ & $0.0302263$ & $1$ & $0.0416169$ & $-0.0479963$ \\
eHbbint & $-0.104442$ & $-0.0125144$ & $-0.0139982$ & $0.00587551$ & $-0.0628149$ & $0.034938$ & $-0.0130308$ & $0.0145517$ & $0.0122795$ & $-0.0188344$ & $0.00241019$ & $-0.011746$ & $-0.0200054$ & $-0.00792682$ & $0.0198897$ & $0.029585$ & $-0.0443952$ & $-0.0426918$ & $-0.0466005$ & $-0.0033664$ & $-0.00515908$ & $-0.000325435$ & $-0.00141642$ & $-0.0128055$ & $-0.023495$ & $0.00102749$ & $-0.00391031$ & $0.00222397$ & $0.0049171$ & $-0.0139929$ & $-0.00566031$ & $-0.0260523$ & $0.103875$ & $-0.0135294$ & $-0.0273607$ & $0.0289895$ & $0.0110964$ & $0.0365771$ & $0.0388498$ & $0.0310029$ & $-0.0341226$ & $-0.0204194$ & $-0.0368181$ & $-0.00606873$ & $0.0134263$ & $0.0374265$ & $0.0416169$ & $1$ & $0.0324523$ \\
eHbbpar & $-0.0253931$ & $-0.0442945$ & $0.0538577$ & $0.0144394$ & $-0.0180054$ & $-0.00382829$ & $0.0512238$ & $-0.0190521$ & $-0.0198016$ & $0.000991942$ & $0.0398764$ & $-0.0528024$ & $-0.0533903$ & $-0.0348315$ & $-0.00346664$ & $-0.0210707$ & $-0.0487911$ & $-0.0436613$ & $-0.0237906$ & $-0.043462$ & $-0.0424373$ & $-0.0355522$ & $0.000505523$ & $0.00560969$ & $-0.0283691$ & $0.0329954$ & $0.00540333$ & $-0.0242542$ & $-0.0199955$ & $-0.0390028$ & $-0.0349044$ & $0.0483861$ & $0.335157$ & $-0.0291096$ & $-0.0149521$ & $-0.0297671$ & $-0.0451938$ & $-0.000968869$ & $-0.0212456$ & $0.0187551$ & $0.00329298$ & $-0.0294446$ & $-0.0291567$ & $-0.0170823$ & $-0.0531377$ & $1.87043e-05$ & $-0.0479963$ & $0.0324523$ & $1$ \\
