 & AlsMz & dAle5Mz & mtop & mHl & Mz & CW & CHG & CHWB & CHWHB_gaga & CHWHB_gagaorth & CHD & CHbox & CH & CHL1_11 & CHL1_22 & CHL1_33 & CHL3_11 & CHL3_22 & CHL3_33 & CHe_11 & CHe_22 & CHe_33 & CHQ1_11 & CHQ1_33 & CHQ3_11 & CHu_11 & CHd_11 & CHd_33 & CeH_22r & CeH_33r & CuH_22r & CuH_33r & CdH_33r & CLL_1221 & eHggint & eHggpar & eHWWint & eHWWpar & eHZZint & eHZZpar & eHZgaint & eHZgapar & eHgagaint & eHmumuint & eHtautauint & eHccint & eHccpar & eHbbint & eHbbpar \\
AlsMz & $1$ & $-0.0180139$ & $-0.0127592$ & $-0.00177039$ & $0.0121294$ & $0.00438367$ & $-0.00114947$ & $-0.00498434$ & $-0.00613402$ & $-0.000207062$ & $-0.00991434$ & $0.00805021$ & $-0.00644694$ & $-0.00129793$ & $-3.45113e-05$ & $-0.00463972$ & $0.0034105$ & $0.00391823$ & $0.00735207$ & $0.00253128$ & $-0.00383983$ & $-0.000197903$ & $-0.0169174$ & $-0.031512$ & $-0.104861$ & $-0.00320787$ & $-0.0117351$ & $0.00512671$ & $0.00128625$ & $0.00719365$ & $0.00239907$ & $0.00234052$ & $0.00756445$ & $-0.00805573$ & $-0.00315009$ & $0.00601269$ & $0.00145365$ & $0.0059116$ & $0.00450764$ & $0.00644097$ & $0.0125018$ & $-0.00943398$ & $-0.000689252$ & $-0.00392946$ & $0.00844311$ & $0.00459506$ & $-0.00763739$ & $0.0113651$ & $0.00321294$ \\
dAle5Mz & $-0.0180139$ & $1$ & $0.0150945$ & $-0.004326$ & $0.00550799$ & $0.0256313$ & $0.00872126$ & $-0.203078$ & $-0.195841$ & $0.0485631$ & $0.188685$ & $0.00547054$ & $-0.0282003$ & $-0.050752$ & $-0.00777637$ & $-0.0140421$ & $0.0706634$ & $-0.00524611$ & $0.00240786$ & $-0.193574$ & $-0.0161629$ & $-0.0121711$ & $-0.00403501$ & $0.00355876$ & $0.0114461$ & $0.011854$ & $0.0118869$ & $-0.00704049$ & $0.00128346$ & $0.00382218$ & $0.0112595$ & $0.0159313$ & $0.0117829$ & $0.109753$ & $0.00823525$ & $0.00897033$ & $-0.00535172$ & $0.00682599$ & $0.0101597$ & $0.00260534$ & $0.00459593$ & $-0.00298519$ & $0.0074962$ & $-0.00330555$ & $0.00151251$ & $-0.00369326$ & $0.00565309$ & $-0.0179309$ & $0.00158388$ \\
mtop & $-0.0127592$ & $0.0150945$ & $1$ & $-0.00553755$ & $0.00315946$ & $-0.00197288$ & $0.00032153$ & $-0.001651$ & $-0.00235835$ & $-0.000545836$ & $0.0146738$ & $-0.00143181$ & $-0.00223116$ & $-0.00332545$ & $0.00361234$ & $-0.00354213$ & $0.00347298$ & $-0.00111791$ & $0.00196127$ & $-0.00116007$ & $-0.00570762$ & $0.00316069$ & $-0.00428587$ & $0.00764458$ & $0.0034038$ & $0.00438776$ & $-0.00100026$ & $0.00297925$ & $-0.00552317$ & $-0.00114032$ & $0.00465191$ & $-0.000506715$ & $0.00104232$ & $0.00273905$ & $-0.000417857$ & $-0.000730302$ & $0.00802245$ & $0.00296517$ & $-0.00534661$ & $0.00957672$ & $-0.00480748$ & $-0.00044415$ & $-0.00580943$ & $0.000174141$ & $0.00444132$ & $0.00266131$ & $0.00191317$ & $0.000827175$ & $0.00851974$ \\
mHl & $-0.00177039$ & $-0.004326$ & $-0.00553755$ & $1$ & $-0.00238988$ & $0.00122723$ & $0.000773203$ & $0.00216244$ & $0.00199019$ & $0.00399701$ & $-0.00541529$ & $-0.00196455$ & $-0.00750532$ & $0.00348299$ & $-0.00228932$ & $-0.00359859$ & $0.00233921$ & $-0.00137748$ & $0.00553275$ & $0.00345792$ & $-0.00137907$ & $0.00273204$ & $-0.000595734$ & $-0.000300231$ & $0.00378565$ & $-0.000786406$ & $0.0028888$ & $-0.00254114$ & $0.00524187$ & $-0.00264663$ & $0.0020153$ & $-0.000179475$ & $-0.00404139$ & $-0.00146822$ & $0.00869684$ & $-0.0214193$ & $0.00641552$ & $-0.00297283$ & $0.0265042$ & $0.0160517$ & $-0.0108725$ & $0.00572628$ & $0.0157718$ & $-0.000358633$ & $-0.00206475$ & $0.010309$ & $0.0127773$ & $0.0182109$ & $-0.00251258$ \\
Mz & $0.0121294$ & $0.00550799$ & $0.00315946$ & $-0.00238988$ & $1$ & $0.00382709$ & $0.00260483$ & $-0.00223974$ & $-0.00387676$ & $-0.00434062$ & $0.0906496$ & $0.00763421$ & $-7.09022e-05$ & $-0.00285663$ & $0.000541986$ & $-0.00295425$ & $-0.0108044$ & $-0.00764626$ & $-0.00414864$ & $0.00327493$ & $0.00212149$ & $-0.000107221$ & $-0.00112839$ & $-0.00321911$ & $-0.00863857$ & $-0.00292471$ & $0.00264414$ & $0.00657785$ & $-0.0058308$ & $-0.00153883$ & $0.00494044$ & $0.00292053$ & $-0.00484734$ & $-0.00570298$ & $0.00399565$ & $-0.00550172$ & $-0.00148902$ & $-0.0045697$ & $0.00644817$ & $-0.0176294$ & $0.00927549$ & $0.00326404$ & $-0.0103347$ & $0.0031559$ & $0.00385021$ & $0.000339901$ & $0.00540427$ & $-0.00594137$ & $0.00225904$ \\
CW & $0.00438367$ & $0.0256313$ & $-0.00197288$ & $0.00122723$ & $0.00382709$ & $1$ & $0.000657794$ & $-0.12274$ & $-0.119987$ & $0.0262714$ & $0.114554$ & $0.0404581$ & $-0.010291$ & $0.0979716$ & $0.0170318$ & $0.0137215$ & $-0.0575466$ & $0.0128114$ & $0.0160876$ & $-0.108383$ & $-0.0556306$ & $-0.0494105$ & $-0.0134739$ & $0.0409004$ & $0.00612911$ & $0.01637$ & $-0.0488305$ & $-0.0132184$ & $0.000494509$ & $0.00460718$ & $0.000531135$ & $0.00239956$ & $0.00393428$ & $-0.0945639$ & $-0.00282468$ & $0.00661639$ & $0.00133852$ & $-0.0035213$ & $0.00421432$ & $-0.00292814$ & $0.00147322$ & $-0.00270915$ & $0.000612867$ & $0.00385443$ & $0.00191154$ & $0.00545949$ & $-0.0103187$ & $0.000892815$ & $-0.00195751$ \\
CHG & $-0.00114947$ & $0.00872126$ & $0.00032153$ & $0.000773203$ & $0.00260483$ & $0.000657794$ & $1$ & $-0.00527462$ & $0.0587483$ & $0.000483191$ & $0.00225039$ & $0.0121944$ & $-0.0851456$ & $0.00280115$ & $0.00511894$ & $0.00103418$ & $0.00699916$ & $0.000725468$ & $0.0010435$ & $0.00420531$ & $-0.00653702$ & $-0.000526616$ & $-0.00105894$ & $0.006767$ & $-0.00312751$ & $-0.00151511$ & $-0.00757346$ & $0.000746796$ & $0.0188049$ & $-0.0440865$ & $-0.0423355$ & $0.937419$ & $-0.0639238$ & $-0.00345235$ & $-0.0270079$ & $-0.0119669$ & $0.0132162$ & $0.00614897$ & $-0.00657543$ & $-0.00436893$ & $-0.00721352$ & $0.00823723$ & $-0.00259807$ & $0.00240724$ & $0.00505325$ & $0.00428414$ & $-0.00792668$ & $0.000277345$ & $-0.00705316$ \\
CHWB & $-0.00498434$ & $-0.203078$ & $-0.001651$ & $0.00216244$ & $-0.00223974$ & $-0.12274$ & $-0.00527462$ & $1$ & $0.975582$ & $-0.306471$ & $-0.877875$ & $-0.433708$ & $0.0801225$ & $-0.07682$ & $-0.0942899$ & $-0.0887099$ & $-0.356497$ & $-0.2028$ & $-0.203156$ & $0.756151$ & $0.369587$ & $0.353806$ & $0.0400159$ & $-0.367338$ & $-0.248742$ & $-0.0802533$ & $0.277847$ & $0.0722865$ & $-0.00702254$ & $-0.00331198$ & $-0.0073493$ & $-0.0248518$ & $-0.0172071$ & $0.614388$ & $-0.0192332$ & $-0.0116201$ & $-0.00543687$ & $0.00529619$ & $0.00230399$ & $0.00339971$ & $-0.000468523$ & $0.00715539$ & $0.00559508$ & $0.000265921$ & $0.010738$ & $-0.00418605$ & $-0.00553096$ & $0.00697979$ & $-0.00215204$ \\
CHWHB_gaga & $-0.00613402$ & $-0.195841$ & $-0.00235835$ & $0.00199019$ & $-0.00387676$ & $-0.119987$ & $0.0587483$ & $0.975582$ & $1$ & $-0.307806$ & $-0.856028$ & $-0.401236$ & $0.0769738$ & $-0.0840543$ & $-0.0916659$ & $-0.0865691$ & $-0.35571$ & $-0.19957$ & $-0.199605$ & $0.744715$ & $0.360948$ & $0.346008$ & $0.0367144$ & $-0.359097$ & $-0.244685$ & $-0.0770528$ & $0.270973$ & $0.0705557$ & $0.00101015$ & $0.026751$ & $0.00597611$ & $0.0279988$ & $0.0137739$ & $0.598489$ & $-0.0416975$ & $-0.0229284$ & $-0.01983$ & $-0.00161291$ & $-0.00287658$ & $0.00050428$ & $-0.000310441$ & $0.00858846$ & $0.0942733$ & $0.00110931$ & $0.012168$ & $-0.00582309$ & $-0.00508416$ & $0.00933907$ & $-0.00162334$ \\
CHWHB_gagaorth & $-0.000207062$ & $0.0485631$ & $-0.000545836$ & $0.00399701$ & $-0.00434062$ & $0.0262714$ & $0.000483191$ & $-0.306471$ & $-0.307806$ & $1$ & $0.0237549$ & $0.407983$ & $-0.129902$ & $0.761417$ & $0.0863777$ & $0.0784561$ & $0.810656$ & $0.264431$ & $0.267216$ & $-0.029632$ & $-0.0292334$ & $-0.0325089$ & $-0.0393875$ & $0.259205$ & $0.326445$ & $0.0147982$ & $-0.135858$ & $-0.00809222$ & $-0.00280333$ & $-0.0709418$ & $-0.0284341$ & $0.019436$ & $-0.0426441$ & $-0.20374$ & $0.0458284$ & $0.0211081$ & $0.00845744$ & $-0.00118173$ & $0.0017483$ & $0.00340741$ & $-0.0261769$ & $-0.0110594$ & $-0.00935344$ & $-0.00584471$ & $0.000517055$ & $0.00256171$ & $0.00329215$ & $-0.00129354$ & $-0.000610535$ \\
CHD & $-0.00991434$ & $0.188685$ & $0.0146738$ & $-0.00541529$ & $0.0906496$ & $0.114554$ & $0.00225039$ & $-0.877875$ & $-0.856028$ & $0.0237549$ & $1$ & $0.305476$ & $-0.0388137$ & $-0.195788$ & $0.0455727$ & $0.043565$ & $0.0657893$ & $0.104549$ & $0.103802$ & $-0.777145$ & $-0.365928$ & $-0.350236$ & $-0.0204535$ & $0.261898$ & $0.129887$ & $0.0788394$ & $-0.212341$ & $-0.070648$ & $0.00577668$ & $0.00906853$ & $0.00981909$ & $0.0153395$ & $0.0178986$ & $-0.463503$ & $0.00892927$ & $0.00481062$ & $0.00425264$ & $-0.00643117$ & $-0.00303705$ & $-0.00430118$ & $0.00625432$ & $-0.00422055$ & $-0.00391698$ & $0.00162864$ & $-0.010767$ & $0.00298604$ & $0.00668782$ & $-0.0108187$ & $0.00178522$ \\
CHbox & $0.00805021$ & $0.00547054$ & $-0.00143181$ & $-0.00196455$ & $0.00763421$ & $0.0404581$ & $0.0121944$ & $-0.433708$ & $-0.401236$ & $0.407983$ & $0.305476$ & $1$ & $-0.21735$ & $0.122415$ & $0.0645849$ & $0.0604126$ & $0.261963$ & $0.121264$ & $0.123752$ & $-0.102516$ & $-0.124218$ & $-0.122725$ & $-0.0190439$ & $0.19505$ & $0.150783$ & $0.0229958$ & $-0.13533$ & $-0.019639$ & $0.0278341$ & $0.184379$ & $0.046454$ & $0.0892091$ & $0.261893$ & $-0.329175$ & $0.101031$ & $0.0410597$ & $-0.0114332$ & $-0.00298824$ & $-0.00833192$ & $-0.011147$ & $-0.00450509$ & $-0.00831216$ & $-0.00552184$ & $-0.00502238$ & $0.00448165$ & $0.00692512$ & $0.00578384$ & $0.00367088$ & $0.000613533$ \\
CH & $-0.00644694$ & $-0.0282003$ & $-0.00223116$ & $-0.00750532$ & $-7.09022e-05$ & $-0.010291$ & $-0.0851456$ & $0.0801225$ & $0.0769738$ & $-0.129902$ & $-0.0388137$ & $-0.21735$ & $1$ & $-0.132756$ & $-0.00785129$ & $-0.0130902$ & $-0.144145$ & $-0.0501969$ & $-0.0539073$ & $0.079188$ & $0.0256107$ & $0.0228642$ & $0.00243657$ & $-0.0544919$ & $-0.0555151$ & $-0.00215291$ & $0.0306016$ & $0.00370282$ & $0.00909262$ & $0.0793391$ & $0.032831$ & $-0.0789626$ & $0.104077$ & $0.0375464$ & $-0.000303239$ & $0.00432897$ & $0.00554416$ & $-0.00376522$ & $0.00274929$ & $0.00112968$ & $0.00134298$ & $0.00337407$ & $0.00410797$ & $-0.00655196$ & $-0.0057239$ & $0.00233396$ & $-0.00489842$ & $0.00240754$ & $-0.00431514$ \\
CHL1_11 & $-0.00129793$ & $-0.050752$ & $-0.00332545$ & $0.00348299$ & $-0.00285663$ & $0.0979716$ & $0.00280115$ & $-0.07682$ & $-0.0840543$ & $0.761417$ & $-0.195788$ & $0.122415$ & $-0.132756$ & $1$ & $0.0826827$ & $0.0782844$ & $0.625803$ & $0.221767$ & $0.221005$ & $0.0922802$ & $0.0492974$ & $0.0421756$ & $-0.0376157$ & $0.196037$ & $0.26156$ & $-0.00490024$ & $-0.107204$ & $0.000406311$ & $-0.00919529$ & $-0.0375655$ & $-0.0247902$ & $0.00326493$ & $-0.0538457$ & $-0.112444$ & $0.0208583$ & $0.0116894$ & $0.00605841$ & $-0.000260385$ & $0.00198567$ & $0.00514134$ & $-0.0204674$ & $-0.00900502$ & $-0.00438128$ & $-0.00295329$ & $0.00280985$ & $0.00616542$ & $0.00111628$ & $0.00219956$ & $-0.00226307$ \\
CHL1_22 & $-3.45113e-05$ & $-0.00777637$ & $0.00361234$ & $-0.00228932$ & $0.000541986$ & $0.0170318$ & $0.00511894$ & $-0.0942899$ & $-0.0916659$ & $0.0863777$ & $0.0455727$ & $0.0645849$ & $-0.00785129$ & $0.0826827$ & $1$ & $0.336083$ & $0.07162$ & $-0.637985$ & $-0.224063$ & $-0.0266459$ & $-0.266436$ & $-0.19091$ & $-0.100223$ & $0.272276$ & $-0.315602$ & $0.0312415$ & $-0.521988$ & $-0.0335744$ & $-0.00389302$ & $0.0072254$ & $4.7884e-05$ & $0.00971399$ & $0.0110103$ & $-0.59428$ & $0.00532965$ & $0.00813525$ & $0.000500074$ & $-0.00458608$ & $-0.00425983$ & $-0.00167118$ & $-0.000228728$ & $5.34923e-05$ & $-0.00372967$ & $0.00124467$ & $-0.000628115$ & $0.00667547$ & $-0.00138854$ & $-0.00713014$ & $0.00843591$ \\
CHL1_33 & $-0.00463972$ & $-0.0140421$ & $-0.00354213$ & $-0.00359859$ & $-0.00295425$ & $0.0137215$ & $0.00103418$ & $-0.0887099$ & $-0.0865691$ & $0.0784561$ & $0.043565$ & $0.0604126$ & $-0.0130902$ & $0.0782844$ & $0.336083$ & $1$ & $0.0680001$ & $-0.216584$ & $-0.618335$ & $-0.0250452$ & $-0.195316$ & $-0.302944$ & $-0.0908384$ & $0.264473$ & $-0.304116$ & $0.024947$ & $-0.507805$ & $-0.0419817$ & $-0.000443423$ & $0.0050963$ & $0.00304593$ & $0.0061338$ & $0.0113251$ & $-0.27199$ & $-2.97909e-05$ & $0.0028623$ & $-0.00509166$ & $-0.00349386$ & $-0.00362802$ & $0.00182879$ & $0.00107842$ & $-0.00161288$ & $-0.00464045$ & $0.00269212$ & $0.000467415$ & $0.000288283$ & $0.00251736$ & $0.00121472$ & $0.00882489$ \\
CHL3_11 & $0.0034105$ & $0.0706634$ & $0.00347298$ & $0.00233921$ & $-0.0108044$ & $-0.0575466$ & $0.00699916$ & $-0.356497$ & $-0.35571$ & $0.810656$ & $0.0657893$ & $0.261963$ & $-0.144145$ & $0.625803$ & $0.07162$ & $0.0680001$ & $1$ & $0.296192$ & $0.296595$ & $-0.109201$ & $-0.0428979$ & $-0.0482769$ & $-0.034091$ & $0.274191$ & $0.36887$ & $0.0151957$ & $-0.124587$ & $-0.0108069$ & $-0.00412308$ & $-0.0384403$ & $-0.0190479$ & $0.0160471$ & $-0.0464104$ & $-0.184547$ & $0.0320553$ & $0.0100362$ & $0.00865187$ & $0.000125687$ & $0.00201215$ & $0.00690902$ & $-0.0235178$ & $-0.0111264$ & $-0.00595029$ & $-0.00471131$ & $-0.00183408$ & $0.00157586$ & $0.00337839$ & $-0.00303606$ & $-0.00249529$ \\
CHL3_22 & $0.00391823$ & $-0.00524611$ & $-0.00111791$ & $-0.00137748$ & $-0.00764626$ & $0.0128114$ & $0.000725468$ & $-0.2028$ & $-0.19957$ & $0.264431$ & $0.104549$ & $0.121264$ & $-0.0501969$ & $0.221767$ & $-0.637985$ & $-0.216584$ & $0.296192$ & $1$ & $0.404431$ & $-0.104404$ & $0.0326633$ & $0.039021$ & $0.0737433$ & $0.0195369$ & $0.586383$ & $-5.4203e-05$ & $0.336314$ & $-0.00085513$ & $0.00127384$ & $-0.0255031$ & $-0.0131014$ & $0.00302378$ & $-0.0244405$ & $0.535739$ & $0.0100561$ & $-0.0024408$ & $0.00317711$ & $0.00202338$ & $0.00411836$ & $0.000486037$ & $-0.0105603$ & $-0.00329868$ & $-0.00177174$ & $0.00151359$ & $-0.00495954$ & $-0.00196466$ & $0.000355826$ & $0.000417073$ & $-0.00646808$ \\
CHL3_33 & $0.00735207$ & $0.00240786$ & $0.00196127$ & $0.00553275$ & $-0.00414864$ & $0.0160876$ & $0.0010435$ & $-0.203156$ & $-0.199605$ & $0.267216$ & $0.103802$ & $0.123752$ & $-0.0539073$ & $0.221005$ & $-0.224063$ & $-0.618335$ & $0.296595$ & $0.404431$ & $1$ & $-0.105756$ & $0.032756$ & $0.0355876$ & $0.0645661$ & $0.0183721$ & $0.58481$ & $0.00756222$ & $0.336394$ & $0.00915358$ & $0.00234211$ & $-0.0216334$ & $-0.0110541$ & $0.00322847$ & $-0.0235556$ & $0.08937$ & $0.00802759$ & $0.00176258$ & $0.00713374$ & $0.00476135$ & $0.00373487$ & $0.00517377$ & $-0.00554843$ & $-0.00250506$ & $-0.000231503$ & $0.00346125$ & $-0.00317993$ & $0.00223565$ & $-0.00422138$ & $-0.00129706$ & $-0.00818098$ \\
CHe_11 & $0.00253128$ & $-0.193574$ & $-0.00116007$ & $0.00345792$ & $0.00327493$ & $-0.108383$ & $0.00420531$ & $0.756151$ & $0.744715$ & $-0.029632$ & $-0.777145$ & $-0.102516$ & $0.079188$ & $0.0922802$ & $-0.0266459$ & $-0.0250452$ & $-0.109201$ & $-0.104404$ & $-0.105756$ & $1$ & $0.340769$ & $0.322609$ & $0.0193894$ & $-0.232413$ & $-0.127693$ & $-0.0758765$ & $0.185177$ & $0.068027$ & $-0.00341938$ & $-0.0252011$ & $-0.00980641$ & $0.00156457$ & $-0.000752383$ & $0.384199$ & $3.88363e-05$ & $-0.00382913$ & $-0.00154092$ & $0.00302707$ & $0.00233157$ & $0.000563626$ & $-0.00699019$ & $0.0035723$ & $0.0153199$ & $-0.00186294$ & $0.0116825$ & $0.000695887$ & $-0.00760281$ & $0.0086353$ & $0.00417164$ \\
CHe_22 & $-0.00383983$ & $-0.0161629$ & $-0.00570762$ & $-0.00137907$ & $0.00212149$ & $-0.0556306$ & $-0.00653702$ & $0.369587$ & $0.360948$ & $-0.0292334$ & $-0.365928$ & $-0.124218$ & $0.0256107$ & $0.0492974$ & $-0.266436$ & $-0.195316$ & $-0.0428979$ & $0.0326633$ & $0.032756$ & $0.340769$ & $1$ & $0.27748$ & $0.0455562$ & $-0.282763$ & $0.00241802$ & $-0.055965$ & $0.32597$ & $0.0551997$ & $0.00118981$ & $0.00106583$ & $-0.00258918$ & $-0.0112331$ & $-0.00240524$ & $0.288645$ & $-0.00755464$ & $0.00171291$ & $-0.00516937$ & $0.00136246$ & $-0.00297567$ & $-0.00257966$ & $-0.00648228$ & $0.00190685$ & $0.00490165$ & $-0.000914463$ & $0.00902119$ & $0.00139742$ & $-0.00104296$ & $0.00664069$ & $-0.00129336$ \\
CHe_33 & $-0.000197903$ & $-0.0121711$ & $0.00316069$ & $0.00273204$ & $-0.000107221$ & $-0.0494105$ & $-0.000526616$ & $0.353806$ & $0.346008$ & $-0.0325089$ & $-0.350236$ & $-0.122725$ & $0.0228642$ & $0.0421756$ & $-0.19091$ & $-0.302944$ & $-0.0482769$ & $0.039021$ & $0.0355876$ & $0.322609$ & $0.27748$ & $1$ & $0.0508352$ & $-0.268701$ & $0.00470428$ & $-0.0598649$ & $0.312099$ & $0.0493952$ & $-0.00556143$ & $-0.00476824$ & $-0.00551049$ & $-0.00646294$ & $-0.00693902$ & $0.283389$ & $-0.0043478$ & $-0.00189202$ & $-0.00305853$ & $0.00210408$ & $-0.0055036$ & $-0.00448666$ & $-0.00045518$ & $0.00347483$ & $0.00811375$ & $-0.00111479$ & $-0.00217454$ & $0.000600492$ & $-0.00106878$ & $0.00811414$ & $0.000471601$ \\
CHQ1_11 & $-0.0169174$ & $-0.00403501$ & $-0.00428587$ & $-0.000595734$ & $-0.00112839$ & $-0.0134739$ & $-0.00105894$ & $0.0400159$ & $0.0367144$ & $-0.0393875$ & $-0.0204535$ & $-0.0190439$ & $0.00243657$ & $-0.0376157$ & $-0.100223$ & $-0.0908384$ & $-0.034091$ & $0.0737433$ & $0.0645661$ & $0.0193894$ & $0.0455562$ & $0.0508352$ & $1$ & $-0.0682848$ & $0.121906$ & $-0.595838$ & $0.250426$ & $0.0128824$ & $0.00242189$ & $0.00131776$ & $-0.00340829$ & $-0.00175227$ & $-0.00518214$ & $0.098043$ & $-0.004182$ & $0.000339732$ & $0.00145825$ & $-0.00724327$ & $-0.00121423$ & $0.00185628$ & $0.0060869$ & $-0.00201629$ & $-0.00542918$ & $-0.00306647$ & $0.00949977$ & $-0.00253461$ & $-0.00093744$ & $0.00336973$ & $0.000287427$ \\
CHQ1_33 & $-0.031512$ & $0.00355876$ & $0.00764458$ & $-0.000300231$ & $-0.00321911$ & $0.0409004$ & $0.006767$ & $-0.367338$ & $-0.359097$ & $0.259205$ & $0.261898$ & $0.19505$ & $-0.0544919$ & $0.196037$ & $0.272276$ & $0.264473$ & $0.274191$ & $0.0195369$ & $0.0183721$ & $-0.232413$ & $-0.282763$ & $-0.268701$ & $-0.0682848$ & $1$ & $0.0759424$ & $0.0523689$ & $-0.233477$ & $0.112117$ & $-0.00164084$ & $-0.00398411$ & $-0.00571171$ & $0.0146642$ & $0.00047263$ & $-0.332548$ & $0.0165738$ & $0.00673602$ & $0.00114914$ & $0.00372997$ & $-0.00320038$ & $-0.00302392$ & $-0.0108204$ & $-0.00695932$ & $-0.00290234$ & $-0.00340636$ & $-0.000839953$ & $0.00706841$ & $-0.0036938$ & $-0.00266826$ & $0.00274087$ \\
CHQ3_11 & $-0.104861$ & $0.0114461$ & $0.0034038$ & $0.00378565$ & $-0.00863857$ & $0.00612911$ & $-0.00312751$ & $-0.248742$ & $-0.244685$ & $0.326445$ & $0.129887$ & $0.150783$ & $-0.0555151$ & $0.26156$ & $-0.315602$ & $-0.304116$ & $0.36887$ & $0.586383$ & $0.58481$ & $-0.127693$ & $0.00241802$ & $0.00470428$ & $0.121906$ & $0.0759424$ & $1$ & $0.0128101$ & $0.527775$ & $-0.00141866$ & $0.00467094$ & $-0.0346002$ & $-0.0135185$ & $-0.00266327$ & $-0.0333416$ & $0.182048$ & $0.0137861$ & $-0.000281198$ & $0.0101234$ & $0.00524003$ & $0.00164102$ & $0.00230963$ & $-0.0139801$ & $-0.00284329$ & $-0.00643504$ & $-0.00151838$ & $-0.00784631$ & $0.00377874$ & $0.00316767$ & $-0.00577846$ & $-0.0139398$ \\
CHu_11 & $-0.00320787$ & $0.011854$ & $0.00438776$ & $-0.000786406$ & $-0.00292471$ & $0.01637$ & $-0.00151511$ & $-0.0802533$ & $-0.0770528$ & $0.0147982$ & $0.0788394$ & $0.0229958$ & $-0.00215291$ & $-0.00490024$ & $0.0312415$ & $0.024947$ & $0.0151957$ & $-5.4203e-05$ & $0.00756222$ & $-0.0758765$ & $-0.055965$ & $-0.0598649$ & $-0.595838$ & $0.0523689$ & $0.0128101$ & $1$ & $0.147029$ & $-0.0132629$ & $0.000763475$ & $-0.00283884$ & $8.13229e-05$ & $-0.00011845$ & $0.00396355$ & $-0.054178$ & $0.00519448$ & $-0.000863787$ & $0.00088138$ & $0.0113438$ & $-0.000454419$ & $-0.00256399$ & $-0.00181575$ & $0.00179491$ & $-0.00246624$ & $0.00329552$ & $-0.00332286$ & $0.00132941$ & $-0.00194439$ & $0.00126346$ & $-0.00088898$ \\
CHd_11 & $-0.0117351$ & $0.0118869$ & $-0.00100026$ & $0.0028888$ & $0.00264414$ & $-0.0488305$ & $-0.00757346$ & $0.277847$ & $0.270973$ & $-0.135858$ & $-0.212341$ & $-0.13533$ & $0.0306016$ & $-0.107204$ & $-0.521988$ & $-0.507805$ & $-0.124587$ & $0.336314$ & $0.336394$ & $0.185177$ & $0.32597$ & $0.312099$ & $0.250426$ & $-0.233477$ & $0.527775$ & $0.147029$ & $1$ & $0.0360961$ & $0.00307632$ & $-0.012311$ & $-0.00562991$ & $-0.0154208$ & $-0.014276$ & $0.514207$ & $-0.00478709$ & $-0.00669602$ & $0.00300321$ & $0.00745851$ & $-0.00201556$ & $-0.00255777$ & $-0.000261809$ & $0.00105264$ & $-0.00171616$ & $0.00075949$ & $0.00279597$ & $0.00133183$ & $-0.00163701$ & $0.00554211$ & $-0.00991882$ \\
CHd_33 & $0.00512671$ & $-0.00704049$ & $0.00297925$ & $-0.00254114$ & $0.00657785$ & $-0.0132184$ & $0.000746796$ & $0.0722865$ & $0.0705557$ & $-0.00809222$ & $-0.070648$ & $-0.019639$ & $0.00370282$ & $0.000406311$ & $-0.0335744$ & $-0.0419817$ & $-0.0108069$ & $-0.00085513$ & $0.00915358$ & $0.068027$ & $0.0551997$ & $0.0493952$ & $0.0128824$ & $0.112117$ & $-0.00141866$ & $-0.0132629$ & $0.0360961$ & $1$ & $0.00511206$ & $-0.000771744$ & $0.00664069$ & $-0.000772576$ & $-0.00284689$ & $0.0509219$ & $-0.00339244$ & $0.00103739$ & $-0.00419343$ & $-0.00340181$ & $0.0052435$ & $-0.0025205$ & $-0.00480982$ & $-0.000839814$ & $0.0012997$ & $-0.00348884$ & $0.00267078$ & $0.00281537$ & $0.00616587$ & $0.00348479$ & $-0.00485331$ \\
CeH_22r & $0.00128625$ & $0.00128346$ & $-0.00552317$ & $0.00524187$ & $-0.0058308$ & $0.000494509$ & $0.0188049$ & $-0.00702254$ & $0.00101015$ & $-0.00280333$ & $0.00577668$ & $0.0278341$ & $0.00909262$ & $-0.00919529$ & $-0.00389302$ & $-0.000443423$ & $-0.00412308$ & $0.00127384$ & $0.00234211$ & $-0.00341938$ & $0.00118981$ & $-0.00556143$ & $0.00242189$ & $-0.00164084$ & $0.00467094$ & $0.000763475$ & $0.00307632$ & $0.00511206$ & $1$ & $0.0305484$ & $0.0204371$ & $7.81178e-05$ & $0.035175$ & $-0.00458019$ & $-0.0352368$ & $-0.0233734$ & $-0.0132138$ & $-0.0104244$ & $-0.00498828$ & $-0.00283277$ & $-0.00389865$ & $-0.00611436$ & $-0.00675116$ & $0.00365751$ & $-0.00621569$ & $-0.00468133$ & $-0.00141963$ & $-0.00395293$ & $0.0102286$ \\
CeH_33r & $0.00719365$ & $0.00382218$ & $-0.00114032$ & $-0.00264663$ & $-0.00153883$ & $0.00460718$ & $-0.0440865$ & $-0.00331198$ & $0.026751$ & $-0.0709418$ & $0.00906853$ & $0.184379$ & $0.0793391$ & $-0.0375655$ & $0.0072254$ & $0.0050963$ & $-0.0384403$ & $-0.0255031$ & $-0.0216334$ & $-0.0252011$ & $0.00106583$ & $-0.00476824$ & $0.00131776$ & $-0.00398411$ & $-0.0346002$ & $-0.00283884$ & $-0.012311$ & $-0.000771744$ & $0.0305484$ & $1$ & $0.250415$ & $0.0736455$ & $0.533806$ & $-0.0149427$ & $-0.054577$ & $-0.0252203$ & $-0.20615$ & $-0.098315$ & $-0.0201119$ & $-0.00714922$ & $-0.000905917$ & $-0.0027718$ & $0.0133202$ & $-0.00149871$ & $0.0803815$ & $-0.0105212$ & $0.00328154$ & $0.00140616$ & $-0.00627502$ \\
CuH_22r & $0.00239907$ & $0.0112595$ & $0.00465191$ & $0.0020153$ & $0.00494044$ & $0.000531135$ & $-0.0423355$ & $-0.0073493$ & $0.00597611$ & $-0.0284341$ & $0.00981909$ & $0.046454$ & $0.032831$ & $-0.0247902$ & $4.7884e-05$ & $0.00304593$ & $-0.0190479$ & $-0.0131014$ & $-0.0110541$ & $-0.00980641$ & $-0.00258918$ & $-0.00551049$ & $-0.00340829$ & $-0.00571171$ & $-0.0135185$ & $8.13229e-05$ & $-0.00562991$ & $0.00664069$ & $0.0204371$ & $0.250415$ & $1$ & $0.0311261$ & $0.285328$ & $-0.0099093$ & $-0.0188199$ & $-0.0170507$ & $-0.103106$ & $-0.0478563$ & $-0.00899978$ & $-0.0056162$ & $0.00576401$ & $-0.000105354$ & $0.00166622$ & $-0.0119961$ & $-0.00563564$ & $0.0801021$ & $0.411307$ & $-0.000539935$ & $-0.00145964$ \\
CuH_33r & $0.00234052$ & $0.0159313$ & $-0.000506715$ & $-0.000179475$ & $0.00292053$ & $0.00239956$ & $0.937419$ & $-0.0248518$ & $0.0279988$ & $0.019436$ & $0.0153395$ & $0.0892091$ & $-0.0789626$ & $0.00326493$ & $0.00971399$ & $0.0061338$ & $0.0160471$ & $0.00302378$ & $0.00322847$ & $0.00156457$ & $-0.0112331$ & $-0.00646294$ & $-0.00175227$ & $0.0146642$ & $-0.00266327$ & $-0.00011845$ & $-0.0154208$ & $-0.000772576$ & $7.81178e-05$ & $0.0736455$ & $0.0311261$ & $1$ & $0.0912157$ & $-0.0190929$ & $0.0721973$ & $0.0321643$ & $-0.0282487$ & $-0.010315$ & $0.0049972$ & $-6.58938e-05$ & $-0.00761251$ & $0.00665843$ & $0.000137845$ & $-0.000579393$ & $0.00492343$ & $0.00467911$ & $-0.00379889$ & $0.0020034$ & $0.00116267$ \\
CdH_33r & $0.00756445$ & $0.0117829$ & $0.00104232$ & $-0.00404139$ & $-0.00484734$ & $0.00393428$ & $-0.0639238$ & $-0.0172071$ & $0.0137739$ & $-0.0426441$ & $0.0178986$ & $0.261893$ & $0.104077$ & $-0.0538457$ & $0.0110103$ & $0.0113251$ & $-0.0464104$ & $-0.0244405$ & $-0.0235556$ & $-0.000752383$ & $-0.00240524$ & $-0.00693902$ & $-0.00518214$ & $0.00047263$ & $-0.0333416$ & $0.00396355$ & $-0.014276$ & $-0.00284689$ & $0.035175$ & $0.533806$ & $0.285328$ & $0.0912157$ & $1$ & $-0.0272472$ & $-0.0386345$ & $-0.027654$ & $-0.230694$ & $-0.0954501$ & $-0.0272275$ & $-0.0050353$ & $-0.0107614$ & $0.000931905$ & $0.00603311$ & $0.00204154$ & $-0.00426361$ & $-0.00617119$ & $0.000867926$ & $0.185495$ & $0.539782$ \\
CLL_1221 & $-0.00805573$ & $0.109753$ & $0.00273905$ & $-0.00146822$ & $-0.00570298$ & $-0.0945639$ & $-0.00345235$ & $0.614388$ & $0.598489$ & $-0.20374$ & $-0.463503$ & $-0.329175$ & $0.0375464$ & $-0.112444$ & $-0.59428$ & $-0.27199$ & $-0.184547$ & $0.535739$ & $0.08937$ & $0.384199$ & $0.288645$ & $0.283389$ & $0.098043$ & $-0.332548$ & $0.182048$ & $-0.054178$ & $0.514207$ & $0.0509219$ & $-0.00458019$ & $-0.0149427$ & $-0.0099093$ & $-0.0190929$ & $-0.0272472$ & $1$ & $-0.0124286$ & $-0.0122237$ & $-0.00391457$ & $0.00742192$ & $0.00731636$ & $0.00393993$ & $-0.00322914$ & $0.00391678$ & $0.0049926$ & $0.000466277$ & $0.00450817$ & $-0.00825691$ & $-0.0017098$ & $-0.00104595$ & $-0.00689666$ \\
eHggint & $-0.00315009$ & $0.00823525$ & $-0.000417857$ & $0.00869684$ & $0.00399565$ & $-0.00282468$ & $-0.0270079$ & $-0.0192332$ & $-0.0416975$ & $0.0458284$ & $0.00892927$ & $0.101031$ & $-0.000303239$ & $0.0208583$ & $0.00532965$ & $-2.97909e-05$ & $0.0320553$ & $0.0100561$ & $0.00802759$ & $3.88363e-05$ & $-0.00755464$ & $-0.0043478$ & $-0.004182$ & $0.0165738$ & $0.0137861$ & $0.00519448$ & $-0.00478709$ & $-0.00339244$ & $-0.0352368$ & $-0.054577$ & $-0.0188199$ & $0.0721973$ & $-0.0386345$ & $-0.0124286$ & $1$ & $-0.0977666$ & $0.0328181$ & $0.0216344$ & $0.0155215$ & $0.00668199$ & $-0.00419313$ & $-3.05837e-05$ & $0.0154721$ & $-0.00995354$ & $-0.00237628$ & $0.0167586$ & $0.00640367$ & $0.00170595$ & $0.0102688$ \\
eHggpar & $0.00601269$ & $0.00897033$ & $-0.000730302$ & $-0.0214193$ & $-0.00550172$ & $0.00661639$ & $-0.0119669$ & $-0.0116201$ & $-0.0229284$ & $0.0211081$ & $0.00481062$ & $0.0410597$ & $0.00432897$ & $0.0116894$ & $0.00813525$ & $0.0028623$ & $0.0100362$ & $-0.0024408$ & $0.00176258$ & $-0.00382913$ & $0.00171291$ & $-0.00189202$ & $0.000339732$ & $0.00673602$ & $-0.000281198$ & $-0.000863787$ & $-0.00669602$ & $0.00103739$ & $-0.0233734$ & $-0.0252203$ & $-0.0170507$ & $0.0321643$ & $-0.027654$ & $-0.0122237$ & $-0.0977666$ & $1$ & $0.00895883$ & $0.00668666$ & $0.00137288$ & $-0.0151784$ & $-0.00477555$ & $-0.000404406$ & $-0.00429144$ & $0.0057147$ & $-0.0043379$ & $-0.0164321$ & $-0.0143967$ & $-0.0041647$ & $-0.00421574$ \\
eHWWint & $0.00145365$ & $-0.00535172$ & $0.00802245$ & $0.00641552$ & $-0.00148902$ & $0.00133852$ & $0.0132162$ & $-0.00543687$ & $-0.01983$ & $0.00845744$ & $0.00425264$ & $-0.0114332$ & $0.00554416$ & $0.00605841$ & $0.000500074$ & $-0.00509166$ & $0.00865187$ & $0.00317711$ & $0.00713374$ & $-0.00154092$ & $-0.00516937$ & $-0.00305853$ & $0.00145825$ & $0.00114914$ & $0.0101234$ & $0.00088138$ & $0.00300321$ & $-0.00419343$ & $-0.0132138$ & $-0.20615$ & $-0.103106$ & $-0.0282487$ & $-0.230694$ & $-0.00391457$ & $0.0328181$ & $0.00895883$ & $1$ & $-0.0139665$ & $0.0171645$ & $0.00751035$ & $0.0151772$ & $-0.00493013$ & $-0.0089741$ & $0.00421817$ & $-0.00497192$ & $0.00969717$ & $0.00700435$ & $0.00313584$ & $0.00312187$ \\
eHWWpar & $0.0059116$ & $0.00682599$ & $0.00296517$ & $-0.00297283$ & $-0.0045697$ & $-0.0035213$ & $0.00614897$ & $0.00529619$ & $-0.00161291$ & $-0.00118173$ & $-0.00643117$ & $-0.00298824$ & $-0.00376522$ & $-0.000260385$ & $-0.00458608$ & $-0.00349386$ & $0.000125687$ & $0.00202338$ & $0.00476135$ & $0.00302707$ & $0.00136246$ & $0.00210408$ & $-0.00724327$ & $0.00372997$ & $0.00524003$ & $0.0113438$ & $0.00745851$ & $-0.00340181$ & $-0.0104244$ & $-0.098315$ & $-0.0478563$ & $-0.010315$ & $-0.0954501$ & $0.00742192$ & $0.0216344$ & $0.00668666$ & $-0.0139665$ & $1$ & $9.79493e-05$ & $0.00761086$ & $0.00493734$ & $0.00470253$ & $0.00423698$ & $0.00249112$ & $0.00358337$ & $-0.0088123$ & $0.0122977$ & $-0.000484109$ & $0.0106033$ \\
eHZZint & $0.00450764$ & $0.0101597$ & $-0.00534661$ & $0.0265042$ & $0.00644817$ & $0.00421432$ & $-0.00657543$ & $0.00230399$ & $-0.00287658$ & $0.0017483$ & $-0.00303705$ & $-0.00833192$ & $0.00274929$ & $0.00198567$ & $-0.00425983$ & $-0.00362802$ & $0.00201215$ & $0.00411836$ & $0.00373487$ & $0.00233157$ & $-0.00297567$ & $-0.0055036$ & $-0.00121423$ & $-0.00320038$ & $0.00164102$ & $-0.000454419$ & $-0.00201556$ & $0.0052435$ & $-0.00498828$ & $-0.0201119$ & $-0.00899978$ & $0.0049972$ & $-0.0272275$ & $0.00731636$ & $0.0155215$ & $0.00137288$ & $0.0171645$ & $9.79493e-05$ & $1$ & $-0.0154019$ & $0.015048$ & $-0.00582964$ & $-0.00445462$ & $-0.000985845$ & $0.000757446$ & $0.00920117$ & $0.00989144$ & $-0.00501063$ & $-0.00401615$ \\
eHZZpar & $0.00644097$ & $0.00260534$ & $0.00957672$ & $0.0160517$ & $-0.0176294$ & $-0.00292814$ & $-0.00436893$ & $0.00339971$ & $0.00050428$ & $0.00340741$ & $-0.00430118$ & $-0.011147$ & $0.00112968$ & $0.00514134$ & $-0.00167118$ & $0.00182879$ & $0.00690902$ & $0.000486037$ & $0.00517377$ & $0.000563626$ & $-0.00257966$ & $-0.00448666$ & $0.00185628$ & $-0.00302392$ & $0.00230963$ & $-0.00256399$ & $-0.00255777$ & $-0.0025205$ & $-0.00283277$ & $-0.00714922$ & $-0.0056162$ & $-6.58938e-05$ & $-0.0050353$ & $0.00393993$ & $0.00668199$ & $-0.0151784$ & $0.00751035$ & $0.00761086$ & $-0.0154019$ & $1$ & $0.00603639$ & $-0.0115465$ & $-0.002166$ & $-0.00308458$ & $-0.00289792$ & $-0.00235032$ & $-0.00654393$ & $0.00346962$ & $0.0131332$ \\
eHZgaint & $0.0125018$ & $0.00459593$ & $-0.00480748$ & $-0.0108725$ & $0.00927549$ & $0.00147322$ & $-0.00721352$ & $-0.000468523$ & $-0.000310441$ & $-0.0261769$ & $0.00625432$ & $-0.00450509$ & $0.00134298$ & $-0.0204674$ & $-0.000228728$ & $0.00107842$ & $-0.0235178$ & $-0.0105603$ & $-0.00554843$ & $-0.00699019$ & $-0.00648228$ & $-0.00045518$ & $0.0060869$ & $-0.0108204$ & $-0.0139801$ & $-0.00181575$ & $-0.000261809$ & $-0.00480982$ & $-0.00389865$ & $-0.000905917$ & $0.00576401$ & $-0.00761251$ & $-0.0107614$ & $-0.00322914$ & $-0.00419313$ & $-0.00477555$ & $0.0151772$ & $0.00493734$ & $0.015048$ & $0.00603639$ & $1$ & $0.00410913$ & $0.00138329$ & $-0.00218693$ & $-0.00278099$ & $0.0216188$ & $0.00464207$ & $0.0101315$ & $-0.0157119$ \\
eHZgapar & $-0.00943398$ & $-0.00298519$ & $-0.00044415$ & $0.00572628$ & $0.00326404$ & $-0.00270915$ & $0.00823723$ & $0.00715539$ & $0.00858846$ & $-0.0110594$ & $-0.00422055$ & $-0.00831216$ & $0.00337407$ & $-0.00900502$ & $5.34923e-05$ & $-0.00161288$ & $-0.0111264$ & $-0.00329868$ & $-0.00250506$ & $0.0035723$ & $0.00190685$ & $0.00347483$ & $-0.00201629$ & $-0.00695932$ & $-0.00284329$ & $0.00179491$ & $0.00105264$ & $-0.000839814$ & $-0.00611436$ & $-0.0027718$ & $-0.000105354$ & $0.00665843$ & $0.000931905$ & $0.00391678$ & $-3.05837e-05$ & $-0.000404406$ & $-0.00493013$ & $0.00470253$ & $-0.00582964$ & $-0.0115465$ & $0.00410913$ & $1$ & $-0.00020543$ & $-0.00321481$ & $-0.00525017$ & $-0.00142127$ & $0.000277302$ & $-0.0083287$ & $0.00346014$ \\
eHgagaint & $-0.000689252$ & $0.0074962$ & $-0.00580943$ & $0.0157718$ & $-0.0103347$ & $0.000612867$ & $-0.00259807$ & $0.00559508$ & $0.0942733$ & $-0.00935344$ & $-0.00391698$ & $-0.00552184$ & $0.00410797$ & $-0.00438128$ & $-0.00372967$ & $-0.00464045$ & $-0.00595029$ & $-0.00177174$ & $-0.000231503$ & $0.0153199$ & $0.00490165$ & $0.00811375$ & $-0.00542918$ & $-0.00290234$ & $-0.00643504$ & $-0.00246624$ & $-0.00171616$ & $0.0012997$ & $-0.00675116$ & $0.0133202$ & $0.00166622$ & $0.000137845$ & $0.00603311$ & $0.0049926$ & $0.0154721$ & $-0.00429144$ & $-0.0089741$ & $0.00423698$ & $-0.00445462$ & $-0.002166$ & $0.00138329$ & $-0.00020543$ & $1$ & $0.00535372$ & $0.00253577$ & $-0.0172477$ & $0.0105396$ & $0.00877778$ & $-0.00260996$ \\
eHmumuint & $-0.00392946$ & $-0.00330555$ & $0.000174141$ & $-0.000358633$ & $0.0031559$ & $0.00385443$ & $0.00240724$ & $0.000265921$ & $0.00110931$ & $-0.00584471$ & $0.00162864$ & $-0.00502238$ & $-0.00655196$ & $-0.00295329$ & $0.00124467$ & $0.00269212$ & $-0.00471131$ & $0.00151359$ & $0.00346125$ & $-0.00186294$ & $-0.000914463$ & $-0.00111479$ & $-0.00306647$ & $-0.00340636$ & $-0.00151838$ & $0.00329552$ & $0.00075949$ & $-0.00348884$ & $0.00365751$ & $-0.00149871$ & $-0.0119961$ & $-0.000579393$ & $0.00204154$ & $0.000466277$ & $-0.00995354$ & $0.0057147$ & $0.00421817$ & $0.00249112$ & $-0.000985845$ & $-0.00308458$ & $-0.00218693$ & $-0.00321481$ & $0.00535372$ & $1$ & $-0.0194269$ & $-0.00673085$ & $-0.0076703$ & $0.0323158$ & $0.00314383$ \\
eHtautauint & $0.00844311$ & $0.00151251$ & $0.00444132$ & $-0.00206475$ & $0.00385021$ & $0.00191154$ & $0.00505325$ & $0.010738$ & $0.012168$ & $0.000517055$ & $-0.010767$ & $0.00448165$ & $-0.0057239$ & $0.00280985$ & $-0.000628115$ & $0.000467415$ & $-0.00183408$ & $-0.00495954$ & $-0.00317993$ & $0.0116825$ & $0.00902119$ & $-0.00217454$ & $0.00949977$ & $-0.000839953$ & $-0.00784631$ & $-0.00332286$ & $0.00279597$ & $0.00267078$ & $-0.00621569$ & $0.0803815$ & $-0.00563564$ & $0.00492343$ & $-0.00426361$ & $0.00450817$ & $-0.00237628$ & $-0.0043379$ & $-0.00497192$ & $0.00358337$ & $0.000757446$ & $-0.00289792$ & $-0.00278099$ & $-0.00525017$ & $0.00253577$ & $-0.0194269$ & $1$ & $0.0102133$ & $-0.0101514$ & $-0.000411707$ & $-0.0102754$ \\
eHccint & $0.00459506$ & $-0.00369326$ & $0.00266131$ & $0.010309$ & $0.000339901$ & $0.00545949$ & $0.00428414$ & $-0.00418605$ & $-0.00582309$ & $0.00256171$ & $0.00298604$ & $0.00692512$ & $0.00233396$ & $0.00616542$ & $0.00667547$ & $0.000288283$ & $0.00157586$ & $-0.00196466$ & $0.00223565$ & $0.000695887$ & $0.00139742$ & $0.000600492$ & $-0.00253461$ & $0.00706841$ & $0.00377874$ & $0.00132941$ & $0.00133183$ & $0.00281537$ & $-0.00468133$ & $-0.0105212$ & $0.0801021$ & $0.00467911$ & $-0.00617119$ & $-0.00825691$ & $0.0167586$ & $-0.0164321$ & $0.00969717$ & $-0.0088123$ & $0.00920117$ & $-0.00235032$ & $0.0216188$ & $-0.00142127$ & $-0.0172477$ & $-0.00673085$ & $0.0102133$ & $1$ & $-0.00826327$ & $0.0119966$ & $-0.00564884$ \\
eHccpar & $-0.00763739$ & $0.00565309$ & $0.00191317$ & $0.0127773$ & $0.00540427$ & $-0.0103187$ & $-0.00792668$ & $-0.00553096$ & $-0.00508416$ & $0.00329215$ & $0.00668782$ & $0.00578384$ & $-0.00489842$ & $0.00111628$ & $-0.00138854$ & $0.00251736$ & $0.00337839$ & $0.000355826$ & $-0.00422138$ & $-0.00760281$ & $-0.00104296$ & $-0.00106878$ & $-0.00093744$ & $-0.0036938$ & $0.00316767$ & $-0.00194439$ & $-0.00163701$ & $0.00616587$ & $-0.00141963$ & $0.00328154$ & $0.411307$ & $-0.00379889$ & $0.000867926$ & $-0.0017098$ & $0.00640367$ & $-0.0143967$ & $0.00700435$ & $0.0122977$ & $0.00989144$ & $-0.00654393$ & $0.00464207$ & $0.000277302$ & $0.0105396$ & $-0.0076703$ & $-0.0101514$ & $-0.00826327$ & $1$ & $-0.000928997$ & $-0.00263757$ \\
eHbbint & $0.0113651$ & $-0.0179309$ & $0.000827175$ & $0.0182109$ & $-0.00594137$ & $0.000892815$ & $0.000277345$ & $0.00697979$ & $0.00933907$ & $-0.00129354$ & $-0.0108187$ & $0.00367088$ & $0.00240754$ & $0.00219956$ & $-0.00713014$ & $0.00121472$ & $-0.00303606$ & $0.000417073$ & $-0.00129706$ & $0.0086353$ & $0.00664069$ & $0.00811414$ & $0.00336973$ & $-0.00266826$ & $-0.00577846$ & $0.00126346$ & $0.00554211$ & $0.00348479$ & $-0.00395293$ & $0.00140616$ & $-0.000539935$ & $0.0020034$ & $0.185495$ & $-0.00104595$ & $0.00170595$ & $-0.0041647$ & $0.00313584$ & $-0.000484109$ & $-0.00501063$ & $0.00346962$ & $0.0101315$ & $-0.0083287$ & $0.00877778$ & $0.0323158$ & $-0.000411707$ & $0.0119966$ & $-0.000928997$ & $1$ & $0.00650918$ \\
eHbbpar & $0.00321294$ & $0.00158388$ & $0.00851974$ & $-0.00251258$ & $0.00225904$ & $-0.00195751$ & $-0.00705316$ & $-0.00215204$ & $-0.00162334$ & $-0.000610535$ & $0.00178522$ & $0.000613533$ & $-0.00431514$ & $-0.00226307$ & $0.00843591$ & $0.00882489$ & $-0.00249529$ & $-0.00646808$ & $-0.00818098$ & $0.00417164$ & $-0.00129336$ & $0.000471601$ & $0.000287427$ & $0.00274087$ & $-0.0139398$ & $-0.00088898$ & $-0.00991882$ & $-0.00485331$ & $0.0102286$ & $-0.00627502$ & $-0.00145964$ & $0.00116267$ & $0.539782$ & $-0.00689666$ & $0.0102688$ & $-0.00421574$ & $0.00312187$ & $0.0106033$ & $-0.00401615$ & $0.0131332$ & $-0.0157119$ & $0.00346014$ & $-0.00260996$ & $0.00314383$ & $-0.0102754$ & $-0.00564884$ & $-0.00263757$ & $0.00650918$ & $1$ \\
