 & AlsMz & dAle5Mz & mtop & mHl & Mz & CW & CHG & CHWB & CHWHB_gaga & CHWHB_gagaorth & CHD & CHbox & CH & CHL1_11 & CHL1_22 & CHL1_33 & CHL3_11 & CHL3_22 & CHL3_33 & CHe_11 & CHe_22 & CHe_33 & CHQ1_11 & CHQ1_33 & CHQ3_11 & CHu_11 & CHd_11 & CHd_33 & CeH_22r & CeH_33r & CuH_22r & CuH_33r & CdH_33r & CLL_1221 & eHggint & eHggpar & eHWWint & eHWWpar & eHZZint & eHZZpar & eHZgaint & eHZgapar & eHgagaint & eHmumuint & eHtautauint & eHccint & eHccpar & eHbbint & eHbbpar \\
AlsMz & $1$ & $0.0217877$ & $0.0739845$ & $0.279291$ & $0.0604777$ & $-0.00300457$ & $-0.003799$ & $-0.0263753$ & $-0.0243706$ & $0.0126951$ & $-0.010642$ & $-0.0060352$ & $0.0123993$ & $0.0445849$ & $-0.00292344$ & $0.00520417$ & $0.0631934$ & $0.0657576$ & $0.0607679$ & $0.00805642$ & $0.00545157$ & $0.00389715$ & $-0.0111624$ & $0.0278508$ & $0.00429394$ & $-0.000984862$ & $-0.00425224$ & $0.000654235$ & $0.0233319$ & $0.0356213$ & $-0.0308445$ & $-0.00604214$ & $0.0368704$ & $-0.0201645$ & $-0.101399$ & $0.100106$ & $-0.222099$ & $0.0113149$ & $-0.0893614$ & $0.0587487$ & $-0.0707474$ & $-0.0175938$ & $-0.0309574$ & $0.0353488$ & $0.131197$ & $-0.136627$ & $-0.0859653$ & $0.127653$ & $-0.0316647$ \\
dAle5Mz & $0.0217877$ & $1$ & $0.253661$ & $0.0264071$ & $0.0254344$ & $0.0234656$ & $0.0373706$ & $-0.0578226$ & $-0.0602721$ & $0.0476577$ & $0.0571249$ & $0.0732511$ & $-0.0530131$ & $-0.0433347$ & $-0.0150361$ & $-0.050107$ & $-0.0157423$ & $-0.0158926$ & $0.00422016$ & $-0.0420008$ & $-0.0409908$ & $-0.0399076$ & $-0.0160127$ & $0.010079$ & $-0.00381796$ & $0.04031$ & $0.0107802$ & $0.00140684$ & $0.0244565$ & $-0.0345772$ & $-0.031489$ & $0.0312626$ & $-0.0417953$ & $0.00587706$ & $0.0163242$ & $-0.0729437$ & $-0.0636548$ & $0.0318806$ & $0.140331$ & $-0.00612634$ & $-0.0482158$ & $0.0362257$ & $-0.0695967$ & $-0.0402756$ & $-0.192238$ & $0.0529658$ & $0.0286487$ & $-0.0378031$ & $0.0725047$ \\
mtop & $0.0739845$ & $0.253661$ & $1$ & $0.0570024$ & $-0.0427475$ & $0.0299777$ & $-0.0341882$ & $0.0742364$ & $0.0745503$ & $-0.0786885$ & $-0.0449733$ & $-0.115955$ & $0.0945123$ & $-0.0029676$ & $-0.0164618$ & $-0.0166556$ & $-0.0515564$ & $-0.0380595$ & $-0.0368031$ & $0.0442974$ & $0.059039$ & $0.0624438$ & $0.00192$ & $-0.0940769$ & $-0.051279$ & $-0.0289221$ & $0.0715609$ & $0.00506674$ & $0.0134034$ & $0.0608958$ & $0.0118195$ & $-0.019795$ & $0.0943885$ & $0.0930886$ & $0.142118$ & $-0.114625$ & $0.14459$ & $-0.00854401$ & $-0.229121$ & $0.000385191$ & $0.0062008$ & $0.000110436$ & $0.119575$ & $-0.0705755$ & $-0.0108387$ & $0.148588$ & $-0.0234486$ & $-0.119418$ & $0.210636$ \\
mHl & $0.279291$ & $0.0264071$ & $0.0570024$ & $1$ & $0.0448742$ & $0.0528486$ & $0.0220828$ & $-0.0436958$ & $-0.0488714$ & $0.0683779$ & $0.0379752$ & $0.0475335$ & $-0.0473519$ & $0.0124906$ & $-0.0526176$ & $-0.0468834$ & $-0.00758441$ & $0.0353654$ & $0.0282931$ & $-0.0430746$ & $-0.0370946$ & $-0.0282507$ & $0.0171767$ & $0.0129934$ & $0.024836$ & $0.0190109$ & $0.0289165$ & $0.0164507$ & $0.0350054$ & $-0.0264158$ & $-0.102249$ & $0.0123983$ & $-0.0349153$ & $-0.00512837$ & $-0.0269601$ & $0.225842$ & $0.0390734$ & $0.089965$ & $-0.0469564$ & $-0.00436974$ & $-0.238309$ & $0.0198402$ & $-0.150559$ & $0.0894928$ & $0.0108661$ & $-0.280818$ & $-0.15975$ & $0.0389222$ & $0.0275416$ \\
Mz & $0.0604777$ & $0.0254344$ & $-0.0427475$ & $0.0448742$ & $1$ & $0.00953015$ & $0.0204306$ & $-0.0203317$ & $-0.0211748$ & $0.0218359$ & $0.0169519$ & $0.0180358$ & $-0.0151671$ & $0.0147821$ & $-0.0216524$ & $-0.0214843$ & $0.00421659$ & $0.0244651$ & $0.025865$ & $-0.0119658$ & $-0.00984477$ & $-0.0106277$ & $0.0260647$ & $-0.00170211$ & $0.0165255$ & $-0.00393425$ & $0.000192867$ & $-0.00630881$ & $-0.0115452$ & $-0.00713947$ & $-0.0290947$ & $0.022733$ & $-0.00889705$ & $-0.00960654$ & $-0.0722728$ & $0.0128653$ & $-0.01944$ & $-0.0315292$ & $0.00429308$ & $-0.0116893$ & $-0.0557232$ & $-0.0405213$ & $-0.0284958$ & $-0.011715$ & $-0.00224225$ & $-0.0377458$ & $-0.018712$ & $0.0106337$ & $-0.0142139$ \\
CW & $-0.00300457$ & $0.0234656$ & $0.0299777$ & $0.0528486$ & $0.00953015$ & $1$ & $0.0350545$ & $-0.0566946$ & $-0.0580751$ & $0.0255252$ & $0.180218$ & $0.0949839$ & $-0.0554667$ & $-0.0881842$ & $-0.107466$ & $-0.0985894$ & $-0.400569$ & $-0.191753$ & $-0.202489$ & $-0.176872$ & $-0.179037$ & $-0.169091$ & $0.00472413$ & $-0.135751$ & $-0.233027$ & $0.136904$ & $-0.0409362$ & $-0.0465505$ & $0.000703496$ & $-0.0214205$ & $-0.0586087$ & $0.0319187$ & $-0.0482954$ & $-0.0827768$ & $0.00664176$ & $-0.000572446$ & $-0.00736881$ & $0.0118647$ & $-0.026505$ & $0.00165788$ & $-0.0412139$ & $0.0183836$ & $-0.0446031$ & $-0.0265162$ & $-0.0278669$ & $-0.00168048$ & $-0.0357967$ & $0.0163324$ & $0.0149458$ \\
CHG & $-0.003799$ & $0.0373706$ & $-0.0341882$ & $0.0220828$ & $0.0204306$ & $0.0350545$ & $1$ & $-0.0322303$ & $-0.0115447$ & $0.185547$ & $0.0714646$ & $0.663362$ & $-0.773066$ & $-0.0893673$ & $-0.0047553$ & $-0.0590715$ & $-0.0868244$ & $-0.0852346$ & $-0.0493983$ & $-0.0663712$ & $-0.0706623$ & $-0.0698084$ & $-0.0235957$ & $-0.0434099$ & $-0.0658014$ & $0.07158$ & $-0.00846318$ & $-0.053157$ & $-0.101297$ & $-0.579368$ & $-0.309513$ & $0.956049$ & $-0.611063$ & $-0.0349575$ & $-0.155578$ & $-0.0262626$ & $-0.00775531$ & $0.00145554$ & $0.0530904$ & $-0.066991$ & $-0.0681846$ & $-0.045657$ & $-0.0437174$ & $0.0207887$ & $0.0146411$ & $-0.106591$ & $0.0924414$ & $0.0547091$ & $-0.0458602$ \\
CHWB & $-0.0263753$ & $-0.0578226$ & $0.0742364$ & $-0.0436958$ & $-0.0203317$ & $-0.0566946$ & $-0.0322303$ & $1$ & $0.990198$ & $-0.552876$ & $-0.883089$ & $-0.19928$ & $0.0832669$ & $0.322629$ & $0.45682$ & $0.466946$ & $-0.191242$ & $-0.367929$ & $-0.383167$ & $0.867321$ & $0.895644$ & $0.889227$ & $0.0293885$ & $-0.620775$ & $-0.3627$ & $-0.623044$ & $0.3785$ & $0.394975$ & $0.017893$ & $0.0523375$ & $0.0167245$ & $-0.0349143$ & $0.077525$ & $0.51996$ & $0.0513648$ & $-0.0424647$ & $0.0585814$ & $-0.0237206$ & $-0.0467572$ & $-0.0147853$ & $-0.0197022$ & $0.0133621$ & $0.00801264$ & $-0.0121281$ & $-0.0368676$ & $0.0600354$ & $-0.033736$ & $-0.00178756$ & $0.0435219$ \\
CHWHB_gaga & $-0.0243706$ & $-0.0602721$ & $0.0745503$ & $-0.0488714$ & $-0.0211748$ & $-0.0580751$ & $-0.0115447$ & $0.990198$ & $1$ & $-0.549743$ & $-0.874487$ & $-0.201455$ & $0.0913539$ & $0.317493$ & $0.457251$ & $0.4636$ & $-0.188405$ & $-0.367528$ & $-0.379798$ & $0.859251$ & $0.886705$ & $0.880016$ & $0.0274111$ & $-0.613351$ & $-0.361338$ & $-0.616585$ & $0.371027$ & $0.39146$ & $0.02306$ & $0.0737993$ & $0.0348224$ & $-0.0148163$ & $0.0974251$ & $0.510789$ & $0.0529392$ & $-0.0528351$ & $0.0457615$ & $-0.0244017$ & $-0.0583072$ & $-0.0159664$ & $-0.0149141$ & $0.0104429$ & $0.0546097$ & $-0.0139646$ & $-0.0359453$ & $0.0453267$ & $-0.0264392$ & $0.00747409$ & $0.0339244$ \\
CHWHB_gagaorth & $0.0126951$ & $0.0476577$ & $-0.0786885$ & $0.0683779$ & $0.0218359$ & $0.0255252$ & $0.185547$ & $-0.552876$ & $-0.549743$ & $1$ & $0.476661$ & $0.465093$ & $-0.265433$ & $-0.157292$ & $-0.250978$ & $-0.247699$ & $0.123979$ & $0.22618$ & $0.227929$ & $-0.465739$ & $-0.484676$ & $-0.480402$ & $-0.013146$ & $0.364277$ & $0.225597$ & $0.331492$ & $-0.202822$ & $-0.212067$ & $-0.0648208$ & $-0.209801$ & $-0.128321$ & $0.196153$ & $-0.254968$ & $-0.290263$ & $-0.0241604$ & $0.00960338$ & $-0.0469889$ & $0.00752473$ & $0.0545031$ & $-0.000241493$ & $-0.0111785$ & $0.00681993$ & $-0.0402386$ & $0.0301601$ & $0.0357709$ & $-0.0758815$ & $0.0472085$ & $0.0469587$ & $-0.0459377$ \\
CHD & $-0.010642$ & $0.0571249$ & $-0.0449733$ & $0.0379752$ & $0.0169519$ & $0.180218$ & $0.0714646$ & $-0.883089$ & $-0.874487$ & $0.476661$ & $1$ & $0.276222$ & $-0.1347$ & $-0.69117$ & $-0.556198$ & $-0.575823$ & $-0.263539$ & $-0.0367591$ & $-0.0230603$ & $-0.99507$ & $-0.995237$ & $-0.984304$ & $0.027577$ & $0.225723$ & $-0.0486509$ & $0.697301$ & $-0.247517$ & $-0.43317$ & $-0.026202$ & $-0.0919179$ & $-0.0459791$ & $0.0787918$ & $-0.124337$ & $-0.337978$ & $-0.0348234$ & $0.0273543$ & $-0.0299924$ & $0.0198474$ & $0.0222264$ & $0.00369031$ & $0.0231717$ & $-0.00895776$ & $-0.0178737$ & $-0.00984961$ & $0.0241516$ & $-0.0235219$ & $0.0244595$ & $-0.00144984$ & $-0.0321039$ \\
CHbox & $-0.0060352$ & $0.0732511$ & $-0.115955$ & $0.0475335$ & $0.0180358$ & $0.0949839$ & $0.663362$ & $-0.19928$ & $-0.201455$ & $0.465093$ & $0.276222$ & $1$ & $-0.870989$ & $-0.246384$ & $-0.0934757$ & $-0.137591$ & $-0.183822$ & $-0.132813$ & $-0.103981$ & $-0.264703$ & $-0.279319$ & $-0.272132$ & $-0.036959$ & $-0.0142439$ & $-0.115088$ & $0.224642$ & $-0.0779157$ & $-0.140444$ & $-0.121928$ & $-0.565576$ & $-0.331118$ & $0.619917$ & $-0.601103$ & $-0.120538$ & $-0.162121$ & $-0.0242987$ & $-0.0289044$ & $-0.00685315$ & $0.0836725$ & $-0.0520269$ & $-0.0140002$ & $-0.050998$ & $-0.0784898$ & $0.0340053$ & $0.0725247$ & $-0.157732$ & $0.0979679$ & $0.0187804$ & $-0.0532042$ \\
CH & $0.0123993$ & $-0.0530131$ & $0.0945123$ & $-0.0473519$ & $-0.0151671$ & $-0.0554667$ & $-0.773066$ & $0.0832669$ & $0.0913539$ & $-0.265433$ & $-0.1347$ & $-0.870989$ & $1$ & $0.133576$ & $0.0546812$ & $0.087193$ & $0.119369$ & $0.0860444$ & $0.0664622$ & $0.129314$ & $0.134316$ & $0.130009$ & $0.0244823$ & $0.0361714$ & $0.0731868$ & $-0.121866$ & $0.0116833$ & $0.0711638$ & $0.155114$ & $0.703105$ & $0.399273$ & $-0.696475$ & $0.736477$ & $0.0401452$ & $0.196083$ & $0.0381029$ & $0.0297927$ & $0.0171627$ & $-0.082257$ & $0.0500542$ & $0.0286762$ & $0.0643044$ & $0.0812594$ & $-0.0363435$ & $-0.075133$ & $0.160321$ & $-0.0921736$ & $-0.0354404$ & $0.0456851$ \\
CHL1_11 & $0.0445849$ & $-0.0433347$ & $-0.0029676$ & $0.0124906$ & $0.0147821$ & $-0.0881842$ & $-0.0893673$ & $0.322629$ & $0.317493$ & $-0.157292$ & $-0.69117$ & $-0.246384$ & $0.133576$ & $1$ & $0.40029$ & $0.427751$ & $0.629496$ & $0.575018$ & $0.565262$ & $0.701471$ & $0.665095$ & $0.653807$ & $-0.102828$ & $0.403074$ & $0.558082$ & $-0.461649$ & $-0.0556871$ & $0.276461$ & $0.0214568$ & $0.100343$ & $0.0619939$ & $-0.0975876$ & $0.127684$ & $-0.114526$ & $0.00363138$ & $-0.0104134$ & $-0.022276$ & $-0.00617719$ & $0.0167953$ & $0.0125897$ & $-0.0532072$ & $-0.00660257$ & $0.0172022$ & $0.0350757$ & $0.00478636$ & $-0.0261316$ & $-0.0154727$ & $0.0163721$ & $0.000832149$ \\
CHL1_22 & $-0.00292344$ & $-0.0150361$ & $-0.0164618$ & $-0.0526176$ & $-0.0216524$ & $-0.107466$ & $-0.0047553$ & $0.45682$ & $0.457251$ & $-0.250978$ & $-0.556198$ & $-0.0934757$ & $0.0546812$ & $0.40029$ & $1$ & $0.540936$ & $0.159271$ & $-0.341222$ & $-0.0156372$ & $0.599007$ & $0.500436$ & $0.493406$ & $-0.186924$ & $0.0308939$ & $-0.107972$ & $-0.355193$ & $-0.334455$ & $0.224824$ & $0.0475359$ & $0.0290469$ & $0.0137572$ & $-0.00563774$ & $0.0605348$ & $-0.484687$ & $-0.00025542$ & $0.0263995$ & $-0.00352493$ & $0.0169004$ & $-0.011284$ & $-0.0122861$ & $-0.0245958$ & $0.00501616$ & $0.0394307$ & $-0.0166254$ & $-0.0382862$ & $-0.0296499$ & $-0.0261026$ & $0.00260102$ & $0.0190047$ \\
CHL1_33 & $0.00520417$ & $-0.050107$ & $-0.0166556$ & $-0.0468834$ & $-0.0214843$ & $-0.0985894$ & $-0.0590715$ & $0.466946$ & $0.4636$ & $-0.247699$ & $-0.575823$ & $-0.137591$ & $0.087193$ & $0.427751$ & $0.540936$ & $1$ & $0.177265$ & $0.00340098$ & $-0.304714$ & $0.618346$ & $0.521973$ & $0.530358$ & $-0.17947$ & $0.0374001$ & $-0.082872$ & $-0.367974$ & $-0.313606$ & $0.23384$ & $0.00540059$ & $0.064112$ & $0.00394794$ & $-0.0607089$ & $0.0742516$ & $-0.0275192$ & $0.00445061$ & $0.0266278$ & $0.0390166$ & $-0.0436363$ & $-0.00904046$ & $0.0240804$ & $-0.00897836$ & $0.00868782$ & $0.0352529$ & $0.00427369$ & $0.00253181$ & $-0.0186269$ & $-0.011504$ & $-0.007858$ & $0.00817227$ \\
CHL3_11 & $0.0631934$ & $-0.0157423$ & $-0.0515564$ & $-0.00758441$ & $0.00421659$ & $-0.400569$ & $-0.0868244$ & $-0.191242$ & $-0.188405$ & $0.123979$ & $-0.263539$ & $-0.183822$ & $0.119369$ & $0.629496$ & $0.159271$ & $0.177265$ & $1$ & $0.80953$ & $0.814037$ & $0.273531$ & $0.241981$ & $0.231062$ & $-0.0726358$ & $0.733282$ & $0.841793$ & $-0.185573$ & $-0.148351$ & $0.098627$ & $0.0211215$ & $0.0878698$ & $0.0689856$ & $-0.0978107$ & $0.103196$ & $-0.207767$ & $-0.0298894$ & $0.0356828$ & $-0.0482617$ & $0.005011$ & $0.0433128$ & $0.0151397$ & $0.0262434$ & $-0.00899933$ & $0.0234706$ & $0.0471315$ & $0.0343412$ & $-0.0746683$ & $0.0324149$ & $-0.0101598$ & $-0.017362$ \\
CHL3_22 & $0.0657576$ & $-0.0158926$ & $-0.0380595$ & $0.0353654$ & $0.0244651$ & $-0.191753$ & $-0.0852346$ & $-0.367929$ & $-0.367528$ & $0.22618$ & $-0.0367591$ & $-0.132813$ & $0.0860444$ & $0.575018$ & $-0.341222$ & $0.00340098$ & $0.80953$ & $1$ & $0.770054$ & $0.0337101$ & $0.0356964$ & $0.0310738$ & $-0.00561095$ & $0.708982$ & $0.857842$ & $-0.0309083$ & $-0.024877$ & $0.00147273$ & $-0.0101798$ & $0.0730091$ & $0.0545022$ & $-0.0944783$ & $0.0721199$ & $0.0053261$ & $-0.0262602$ & $0.00895974$ & $-0.0437516$ & $-0.00757425$ & $0.0468417$ & $0.0303091$ & $0.00574595$ & $-0.0133421$ & $-0.000588876$ & $0.055893$ & $0.0491894$ & $-0.0508629$ & $0.0297459$ & $-0.000340237$ & $-0.0270802$ \\
CHL3_33 & $0.0607679$ & $0.00422016$ & $-0.0368031$ & $0.0282931$ & $0.025865$ & $-0.202489$ & $-0.0493983$ & $-0.383167$ & $-0.379798$ & $0.227929$ & $-0.0230603$ & $-0.103981$ & $0.0664622$ & $0.565262$ & $-0.0156372$ & $-0.304714$ & $0.814037$ & $0.770054$ & $1$ & $0.020816$ & $0.0207428$ & $0.0167221$ & $-0.0124419$ & $0.719892$ & $0.85786$ & $-0.0200296$ & $-0.0416503$ & $-0.00300106$ & $0.0216729$ & $0.0476643$ & $0.059092$ & $-0.0582293$ & $0.0629421$ & $-0.32741$ & $-0.028478$ & $0.00969705$ & $-0.0708553$ & $0.0337312$ & $0.0470626$ & $0.00412609$ & $-0.00516745$ & $-0.0146145$ & $0.011385$ & $0.0430943$ & $0.0205356$ & $-0.0595023$ & $0.0193526$ & $0.0135903$ & $-0.0238843$ \\
CHe_11 & $0.00805642$ & $-0.0420008$ & $0.0442974$ & $-0.0430746$ & $-0.0119658$ & $-0.176872$ & $-0.0663712$ & $0.867321$ & $0.859251$ & $-0.465739$ & $-0.99507$ & $-0.264703$ & $0.129314$ & $0.701471$ & $0.599007$ & $0.618346$ & $0.273531$ & $0.0337101$ & $0.020816$ & $1$ & $0.985428$ & $0.975164$ & $-0.0475447$ & $-0.192357$ & $0.0506389$ & $-0.690016$ & $0.193153$ & $0.430074$ & $0.0252534$ & $0.0875507$ & $0.0426516$ & $-0.0733722$ & $0.120389$ & $0.28141$ & $0.0329601$ & $-0.026511$ & $0.0278728$ & $-0.0186311$ & $-0.0185425$ & $-0.000771335$ & $-0.0237484$ & $0.0105252$ & $0.0211551$ & $0.00804706$ & $-0.0297198$ & $0.0211889$ & $-0.0245143$ & $0.000358109$ & $0.0322237$ \\
CHe_22 & $0.00545157$ & $-0.0409908$ & $0.059039$ & $-0.0370946$ & $-0.00984477$ & $-0.179037$ & $-0.0706623$ & $0.895644$ & $0.886705$ & $-0.484676$ & $-0.995237$ & $-0.279319$ & $0.134316$ & $0.665095$ & $0.500436$ & $0.521973$ & $0.241981$ & $0.0356964$ & $0.0207428$ & $0.985428$ & $1$ & $0.987369$ & $-0.00542007$ & $-0.26611$ & $0.0416061$ & $-0.698562$ & $0.310046$ & $0.435756$ & $0.0253863$ & $0.0910829$ & $0.0471602$ & $-0.0781547$ & $0.123361$ & $0.403675$ & $0.0395028$ & $-0.0348196$ & $0.031277$ & $-0.0185479$ & $-0.0220452$ & $-0.00613209$ & $-0.0212359$ & $0.00956378$ & $0.0141594$ & $0.00928328$ & $-0.0285563$ & $0.0319402$ & $-0.0216852$ & $0.000115763$ & $0.0363105$ \\
CHe_33 & $0.00389715$ & $-0.0399076$ & $0.0624438$ & $-0.0282507$ & $-0.0106277$ & $-0.169091$ & $-0.0698084$ & $0.889227$ & $0.880016$ & $-0.480402$ & $-0.984304$ & $-0.272132$ & $0.130009$ & $0.653807$ & $0.493406$ & $0.530358$ & $0.231062$ & $0.0310738$ & $0.0167221$ & $0.975164$ & $0.987369$ & $1$ & $-0.00498974$ & $-0.269298$ & $0.0374169$ & $-0.689782$ & $0.311222$ & $0.43406$ & $0.0240177$ & $0.0894824$ & $0.043982$ & $-0.0774132$ & $0.120873$ & $0.404228$ & $0.0390875$ & $-0.0342779$ & $0.0274135$ & $-0.0175734$ & $-0.0244788$ & $-7.2322e-06$ & $-0.0209842$ & $0.00559695$ & $0.0152214$ & $0.0125704$ & $-0.0269077$ & $0.0276713$ & $-0.0238248$ & $0.00021091$ & $0.0315711$ \\
CHQ1_11 & $-0.0111624$ & $-0.0160127$ & $0.00192$ & $0.0171767$ & $0.0260647$ & $0.00472413$ & $-0.0235957$ & $0.0293885$ & $0.0274111$ & $-0.013146$ & $0.027577$ & $-0.036959$ & $0.0244823$ & $-0.102828$ & $-0.186924$ & $-0.17947$ & $-0.0726358$ & $-0.00561095$ & $-0.0124419$ & $-0.0475447$ & $-0.00542007$ & $-0.00498974$ & $1$ & $-0.132746$ & $0.0594231$ & $-0.561129$ & $0.359706$ & $-0.0130533$ & $-0.00408313$ & $0.010789$ & $0.0389407$ & $-0.0258741$ & $0.0142485$ & $0.206849$ & $-0.00436624$ & $-0.0154916$ & $0.0106294$ & $0.0193392$ & $-0.0289765$ & $0.0268047$ & $0.00571993$ & $-0.0213046$ & $-0.013731$ & $-0.0309442$ & $-0.0378934$ & $0.0190265$ & $0.0137786$ & $0.0075423$ & $0.0152322$ \\
CHQ1_33 & $0.0278508$ & $0.010079$ & $-0.0940769$ & $0.0129934$ & $-0.00170211$ & $-0.135751$ & $-0.0434099$ & $-0.620775$ & $-0.613351$ & $0.364277$ & $0.225723$ & $-0.0142439$ & $0.0361714$ & $0.403074$ & $0.0308939$ & $0.0374001$ & $0.733282$ & $0.708982$ & $0.719892$ & $-0.192357$ & $-0.26611$ & $-0.269298$ & $-0.132746$ & $1$ & $0.727761$ & $0.18091$ & $-0.407435$ & $-0.0497686$ & $0.00858589$ & $0.0378692$ & $0.0418206$ & $-0.0474432$ & $0.0307452$ & $-0.59005$ & $-0.0427268$ & $0.0312341$ & $-0.0627038$ & $0.0099064$ & $0.0644492$ & $0.0210941$ & $0.00486059$ & $-0.00899171$ & $0.00271854$ & $0.0380519$ & $0.0269456$ & $-0.0847676$ & $0.0312821$ & $0.0063965$ & $-0.0521464$ \\
CHQ3_11 & $0.00429394$ & $-0.00381796$ & $-0.051279$ & $0.024836$ & $0.0165255$ & $-0.233027$ & $-0.0658014$ & $-0.3627$ & $-0.361338$ & $0.225597$ & $-0.0486509$ & $-0.115088$ & $0.0731868$ & $0.558082$ & $-0.107972$ & $-0.082872$ & $0.841793$ & $0.857842$ & $0.85786$ & $0.0506389$ & $0.0416061$ & $0.0374169$ & $0.0594231$ & $0.727761$ & $1$ & $-0.0378472$ & $0.142478$ & $0.00956936$ & $0.0095499$ & $0.0423065$ & $0.0502697$ & $-0.0799363$ & $0.0541521$ & $-0.192899$ & $-0.0187224$ & $0.0226125$ & $-0.0617843$ & $0.00952362$ & $0.044717$ & $0.0155329$ & $0.0186834$ & $-0.0201093$ & $-0.00160628$ & $0.0623622$ & $0.0250276$ & $-0.0669045$ & $0.0427594$ & $-0.00864976$ & $-0.0281952$ \\
CHu_11 & $-0.000984862$ & $0.04031$ & $-0.0289221$ & $0.0190109$ & $-0.00393425$ & $0.136904$ & $0.07158$ & $-0.623044$ & $-0.616585$ & $0.331492$ & $0.697301$ & $0.224642$ & $-0.121866$ & $-0.461649$ & $-0.355193$ & $-0.367974$ & $-0.185573$ & $-0.0309083$ & $-0.0200296$ & $-0.690016$ & $-0.698562$ & $-0.689782$ & $-0.561129$ & $0.18091$ & $-0.0378472$ & $1$ & $-0.191343$ & $-0.300303$ & $-0.0290251$ & $-0.0849468$ & $-0.0536186$ & $0.0729242$ & $-0.115409$ & $-0.280599$ & $-0.0282849$ & $0.0193389$ & $-0.0288114$ & $0.0020426$ & $0.0402447$ & $-0.0197838$ & $0.0182769$ & $-0.00799137$ & $-0.00421848$ & $0.00984123$ & $0.0524119$ & $-0.0185417$ & $0.0191814$ & $-0.00251265$ & $-0.0490681$ \\
CHd_11 & $-0.00425224$ & $0.0107802$ & $0.0715609$ & $0.0289165$ & $0.000192867$ & $-0.0409362$ & $-0.00846318$ & $0.3785$ & $0.371027$ & $-0.202822$ & $-0.247517$ & $-0.0779157$ & $0.0116833$ & $-0.0556871$ & $-0.334455$ & $-0.313606$ & $-0.148351$ & $-0.024877$ & $-0.0416503$ & $0.193153$ & $0.310046$ & $0.311222$ & $0.359706$ & $-0.407435$ & $0.142478$ & $-0.191343$ & $1$ & $0.122722$ & $0.000962234$ & $-0.0110184$ & $0.00951167$ & $-0.0202846$ & $-0.00712895$ & $0.686596$ & $0.0376545$ & $-0.0469475$ & $-0.00077992$ & $-0.00761897$ & $-0.0221878$ & $-0.0159013$ & $0.022632$ & $-0.0109939$ & $-0.045616$ & $0.0233188$ & $-0.0147424$ & $0.0405912$ & $0.0175202$ & $-0.00213908$ & $0.00133908$ \\
CHd_33 & $0.000654235$ & $0.00140684$ & $0.00506674$ & $0.0164507$ & $-0.00630881$ & $-0.0465505$ & $-0.053157$ & $0.394975$ & $0.39146$ & $-0.212067$ & $-0.43317$ & $-0.140444$ & $0.0711638$ & $0.276461$ & $0.224824$ & $0.23384$ & $0.098627$ & $0.00147273$ & $-0.00300106$ & $0.430074$ & $0.435756$ & $0.43406$ & $-0.0130533$ & $-0.0497686$ & $0.00956936$ & $-0.300303$ & $0.122722$ & $1$ & $-0.000886218$ & $0.0309272$ & $-0.0027222$ & $-0.0564128$ & $0.0507358$ & $0.178463$ & $0.0610724$ & $-0.0215794$ & $-0.0211473$ & $-0.0190331$ & $-0.0325014$ & $0.0274181$ & $-0.0233858$ & $0.00924106$ & $0.0118081$ & $0.0521609$ & $-0.0297338$ & $-0.00943936$ & $-0.0421093$ & $-0.0282944$ & $0.0313398$ \\
CeH_22r & $0.0233319$ & $0.0244565$ & $0.0134034$ & $0.0350054$ & $-0.0115452$ & $0.000703496$ & $-0.101297$ & $0.017893$ & $0.02306$ & $-0.0648208$ & $-0.026202$ & $-0.121928$ & $0.155114$ & $0.0214568$ & $0.0475359$ & $0.00540059$ & $0.0211215$ & $-0.0101798$ & $0.0216729$ & $0.0252534$ & $0.0253863$ & $0.0240177$ & $-0.00408313$ & $0.00858589$ & $0.0095499$ & $-0.0290251$ & $0.000962234$ & $-0.000886218$ & $1$ & $0.155772$ & $0.0780854$ & $-0.10122$ & $0.152381$ & $-0.0195359$ & $-0.00680114$ & $-0.0201505$ & $-0.070764$ & $0.041893$ & $-0.0744667$ & $0.0205571$ & $-0.0129491$ & $0.0513953$ & $0.0126315$ & $0.0347697$ & $-0.025292$ & $-0.0305065$ & $-0.0501663$ & $-0.0194021$ & $-0.0282541$ \\
CeH_33r & $0.0356213$ & $-0.0345772$ & $0.0608958$ & $-0.0264158$ & $-0.00713947$ & $-0.0214205$ & $-0.579368$ & $0.0523375$ & $0.0737993$ & $-0.209801$ & $-0.0919179$ & $-0.565576$ & $0.703105$ & $0.100343$ & $0.0290469$ & $0.064112$ & $0.0878698$ & $0.0730091$ & $0.0476643$ & $0.0875507$ & $0.0910829$ & $0.0894824$ & $0.010789$ & $0.0378692$ & $0.0423065$ & $-0.0849468$ & $-0.0110184$ & $0.0309272$ & $0.155772$ & $1$ & $0.470501$ & $-0.44879$ & $0.829156$ & $0.0308132$ & $0.130352$ & $-0.00743667$ & $-0.111082$ & $-0.00533026$ & $-0.100684$ & $0.0671003$ & $0.0315654$ & $0.0364917$ & $0.0862629$ & $-0.0260959$ & $0.0127663$ & $0.0541178$ & $-0.0704669$ & $-0.0142539$ & $-0.00184145$ \\
CuH_22r & $-0.0308445$ & $-0.031489$ & $0.0118195$ & $-0.102249$ & $-0.0290947$ & $-0.0586087$ & $-0.309513$ & $0.0167245$ & $0.0348224$ & $-0.128321$ & $-0.0459791$ & $-0.331118$ & $0.399273$ & $0.0619939$ & $0.0137572$ & $0.00394794$ & $0.0689856$ & $0.0545022$ & $0.059092$ & $0.0426516$ & $0.0471602$ & $0.043982$ & $0.0389407$ & $0.0418206$ & $0.0502697$ & $-0.0536186$ & $0.00951167$ & $-0.0027222$ & $0.0780854$ & $0.470501$ & $1$ & $-0.214676$ & $0.512672$ & $0.00946282$ & $0.0772846$ & $-0.0367047$ & $0.013576$ & $-0.00199049$ & $-0.075736$ & $-0.000257161$ & $0.0785125$ & $-0.00278006$ & $0.0753531$ & $-0.0584525$ & $0.00117139$ & $0.0867472$ & $0.210957$ & $-0.00375785$ & $0.0201697$ \\
CuH_33r & $-0.00604214$ & $0.0312626$ & $-0.019795$ & $0.0123983$ & $0.022733$ & $0.0319187$ & $0.956049$ & $-0.0349143$ & $-0.0148163$ & $0.196153$ & $0.0787918$ & $0.619917$ & $-0.696475$ & $-0.0975876$ & $-0.00563774$ & $-0.0607089$ & $-0.0978107$ & $-0.0944783$ & $-0.0582293$ & $-0.0733722$ & $-0.0781547$ & $-0.0774132$ & $-0.0258741$ & $-0.0474432$ & $-0.0799363$ & $0.0729242$ & $-0.0202846$ & $-0.0564128$ & $-0.10122$ & $-0.44879$ & $-0.214676$ & $1$ & $-0.454599$ & $-0.0387959$ & $-0.0915764$ & $-0.0113372$ & $-0.0142705$ & $-0.0037859$ & $0.0537541$ & $-0.056492$ & $-0.0599914$ & $-0.0441793$ & $-0.0297004$ & $0.0130749$ & $0.0105555$ & $-0.0823815$ & $0.0772523$ & $0.0495643$ & $-0.0357781$ \\
CdH_33r & $0.0368704$ & $-0.0417953$ & $0.0943885$ & $-0.0349153$ & $-0.00889705$ & $-0.0482954$ & $-0.611063$ & $0.077525$ & $0.0974251$ & $-0.254968$ & $-0.124337$ & $-0.601103$ & $0.736477$ & $0.127684$ & $0.0605348$ & $0.0742516$ & $0.103196$ & $0.0721199$ & $0.0629421$ & $0.120389$ & $0.123361$ & $0.120873$ & $0.0142485$ & $0.0307452$ & $0.0541521$ & $-0.115409$ & $-0.00712895$ & $0.0507358$ & $0.152381$ & $0.829156$ & $0.512672$ & $-0.454599$ & $1$ & $0.0249826$ & $0.180722$ & $-0.0176976$ & $-0.0597141$ & $3.99655e-05$ & $-0.0895078$ & $0.0509587$ & $0.0582652$ & $0.021788$ & $0.0378638$ & $-0.079694$ & $-0.060819$ & $0.129293$ & $-0.069876$ & $0.0209178$ & $0.257242$ \\
CLL_1221 & $-0.0201645$ & $0.00587706$ & $0.0930886$ & $-0.00512837$ & $-0.00960654$ & $-0.0827768$ & $-0.0349575$ & $0.51996$ & $0.510789$ & $-0.290263$ & $-0.337978$ & $-0.120538$ & $0.0401452$ & $-0.114526$ & $-0.484687$ & $-0.0275192$ & $-0.207767$ & $0.0053261$ & $-0.32741$ & $0.28141$ & $0.403675$ & $0.404228$ & $0.206849$ & $-0.59005$ & $-0.192899$ & $-0.280599$ & $0.686596$ & $0.178463$ & $-0.0195359$ & $0.0308132$ & $0.00946282$ & $-0.0387959$ & $0.0249826$ & $1$ & $0.046174$ & $-0.0570743$ & $0.0560034$ & $-0.0360918$ & $-0.0261382$ & $-0.00355765$ & $0.0273305$ & $0.00781216$ & $-0.0280196$ & $0.00846315$ & $0.00059027$ & $0.0724653$ & $0.00469648$ & $-0.021682$ & $0.0290521$ \\
eHggint & $-0.101399$ & $0.0163242$ & $0.142118$ & $-0.0269601$ & $-0.0722728$ & $0.00664176$ & $-0.155578$ & $0.0513648$ & $0.0529392$ & $-0.0241604$ & $-0.0348234$ & $-0.162121$ & $0.196083$ & $0.00363138$ & $-0.00025542$ & $0.00445061$ & $-0.0298894$ & $-0.0262602$ & $-0.028478$ & $0.0329601$ & $0.0395028$ & $0.0390875$ & $-0.00436624$ & $-0.0427268$ & $-0.0187224$ & $-0.0282849$ & $0.0376545$ & $0.0610724$ & $-0.00680114$ & $0.130352$ & $0.0772846$ & $-0.0915764$ & $0.180722$ & $0.046174$ & $1$ & $-0.16487$ & $0.00797663$ & $0.0274043$ & $-0.0261179$ & $0.0472872$ & $0.15166$ & $0.0314573$ & $0.256384$ & $-0.0973194$ & $-0.166099$ & $0.149538$ & $-0.101071$ & $-0.0173193$ & $0.190772$ \\
eHggpar & $0.100106$ & $-0.0729437$ & $-0.114625$ & $0.225842$ & $0.0128653$ & $-0.000572446$ & $-0.0262626$ & $-0.0424647$ & $-0.0528351$ & $0.00960338$ & $0.0273543$ & $-0.0242987$ & $0.0381029$ & $-0.0104134$ & $0.0263995$ & $0.0266278$ & $0.0356828$ & $0.00895974$ & $0.00969705$ & $-0.026511$ & $-0.0348196$ & $-0.0342779$ & $-0.0154916$ & $0.0312341$ & $0.0226125$ & $0.0193389$ & $-0.0469475$ & $-0.0215794$ & $-0.0201505$ & $-0.00743667$ & $-0.0367047$ & $-0.0113372$ & $-0.0176976$ & $-0.0570743$ & $-0.16487$ & $1$ & $0.189974$ & $0.0763492$ & $0.149459$ & $-0.0276623$ & $-0.15538$ & $-0.020615$ & $-0.18377$ & $0.207994$ & $0.127424$ & $-0.0319582$ & $-0.113424$ & $-0.191289$ & $0.00767402$ \\
eHWWint & $-0.222099$ & $-0.0636548$ & $0.14459$ & $0.0390734$ & $-0.01944$ & $-0.00736881$ & $-0.00775531$ & $0.0585814$ & $0.0457615$ & $-0.0469889$ & $-0.0299924$ & $-0.0289044$ & $0.0297927$ & $-0.022276$ & $-0.00352493$ & $0.0390166$ & $-0.0482617$ & $-0.0437516$ & $-0.0708553$ & $0.0278728$ & $0.031277$ & $0.0274135$ & $0.0106294$ & $-0.0627038$ & $-0.0617843$ & $-0.0288114$ & $-0.00077992$ & $-0.0211473$ & $-0.070764$ & $-0.111082$ & $0.013576$ & $-0.0142705$ & $-0.0597141$ & $0.0560034$ & $0.00797663$ & $0.189974$ & $1$ & $-0.0177141$ & $0.144985$ & $-0.0830096$ & $0.0705273$ & $-0.00103208$ & $-0.111569$ & $0.0349345$ & $-0.00890435$ & $0.262337$ & $0.145637$ & $-0.182596$ & $0.198017$ \\
eHWWpar & $0.0113149$ & $0.0318806$ & $-0.00854401$ & $0.089965$ & $-0.0315292$ & $0.0118647$ & $0.00145554$ & $-0.0237206$ & $-0.0244017$ & $0.00752473$ & $0.0198474$ & $-0.00685315$ & $0.0171627$ & $-0.00617719$ & $0.0169004$ & $-0.0436363$ & $0.005011$ & $-0.00757425$ & $0.0337312$ & $-0.0186311$ & $-0.0185479$ & $-0.0175734$ & $0.0193392$ & $0.0099064$ & $0.00952362$ & $0.0020426$ & $-0.00761897$ & $-0.0190331$ & $0.041893$ & $-0.00533026$ & $-0.00199049$ & $-0.0037859$ & $3.99655e-05$ & $-0.0360918$ & $0.0274043$ & $0.0763492$ & $-0.0177141$ & $1$ & $-0.0110866$ & $0.0160942$ & $-0.0319168$ & $0.0026095$ & $0.0125509$ & $-0.0576057$ & $-0.0369827$ & $0.0198781$ & $-0.0167404$ & $0.065754$ & $0.0488175$ \\
eHZZint & $-0.0893614$ & $0.140331$ & $-0.229121$ & $-0.0469564$ & $0.00429308$ & $-0.026505$ & $0.0530904$ & $-0.0467572$ & $-0.0583072$ & $0.0545031$ & $0.0222264$ & $0.0836725$ & $-0.082257$ & $0.0167953$ & $-0.011284$ & $-0.00904046$ & $0.0433128$ & $0.0468417$ & $0.0470626$ & $-0.0185425$ & $-0.0220452$ & $-0.0244788$ & $-0.0289765$ & $0.0644492$ & $0.044717$ & $0.0402447$ & $-0.0221878$ & $-0.0325014$ & $-0.0744667$ & $-0.100684$ & $-0.075736$ & $0.0537541$ & $-0.0895078$ & $-0.0261382$ & $-0.0261179$ & $0.149459$ & $0.144985$ & $-0.0110866$ & $1$ & $0.00224751$ & $0.100923$ & $0.055137$ & $-0.132705$ & $-0.119366$ & $-0.0273695$ & $0.22772$ & $-0.0180286$ & $-0.0311678$ & $0.0593819$ \\
eHZZpar & $0.0587487$ & $-0.00612634$ & $0.000385191$ & $-0.00436974$ & $-0.0116893$ & $0.00165788$ & $-0.066991$ & $-0.0147853$ & $-0.0159664$ & $-0.000241493$ & $0.00369031$ & $-0.0520269$ & $0.0500542$ & $0.0125897$ & $-0.0122861$ & $0.0240804$ & $0.0151397$ & $0.0303091$ & $0.00412609$ & $-0.000771335$ & $-0.00613209$ & $-7.2322e-06$ & $0.0268047$ & $0.0210941$ & $0.0155329$ & $-0.0197838$ & $-0.0159013$ & $0.0274181$ & $0.0205571$ & $0.0671003$ & $-0.000257161$ & $-0.056492$ & $0.0509587$ & $-0.00355765$ & $0.0472872$ & $-0.0276623$ & $-0.0830096$ & $0.0160942$ & $0.00224751$ & $1$ & $0.0100669$ & $0.00713026$ & $0.0448267$ & $0.0270554$ & $-0.10911$ & $-0.00140995$ & $-0.0825245$ & $0.00738838$ & $-0.0558795$ \\
eHZgaint & $-0.0707474$ & $-0.0482158$ & $0.0062008$ & $-0.238309$ & $-0.0557232$ & $-0.0412139$ & $-0.0681846$ & $-0.0197022$ & $-0.0149141$ & $-0.0111785$ & $0.0231717$ & $-0.0140002$ & $0.0286762$ & $-0.0532072$ & $-0.0245958$ & $-0.00897836$ & $0.0262434$ & $0.00574595$ & $-0.00516745$ & $-0.0237484$ & $-0.0212359$ & $-0.0209842$ & $0.00571993$ & $0.00486059$ & $0.0186834$ & $0.0182769$ & $0.022632$ & $-0.0233858$ & $-0.0129491$ & $0.0315654$ & $0.0785125$ & $-0.0599914$ & $0.0582652$ & $0.0273305$ & $0.15166$ & $-0.15538$ & $0.0705273$ & $-0.0319168$ & $0.100923$ & $0.0100669$ & $1$ & $0.00662475$ & $0.116307$ & $-0.027908$ & $0.139986$ & $-0.054089$ & $0.130909$ & $0.00324019$ & $0.120884$ \\
eHZgapar & $-0.0175938$ & $0.0362257$ & $0.000110436$ & $0.0198402$ & $-0.0405213$ & $0.0183836$ & $-0.045657$ & $0.0133621$ & $0.0104429$ & $0.00681993$ & $-0.00895776$ & $-0.050998$ & $0.0643044$ & $-0.00660257$ & $0.00501616$ & $0.00868782$ & $-0.00899933$ & $-0.0133421$ & $-0.0146145$ & $0.0105252$ & $0.00956378$ & $0.00559695$ & $-0.0213046$ & $-0.00899171$ & $-0.0201093$ & $-0.00799137$ & $-0.0109939$ & $0.00924106$ & $0.0513953$ & $0.0364917$ & $-0.00278006$ & $-0.0441793$ & $0.021788$ & $0.00781216$ & $0.0314573$ & $-0.020615$ & $-0.00103208$ & $0.0026095$ & $0.055137$ & $0.00713026$ & $0.00662475$ & $1$ & $0.0101692$ & $0.0187489$ & $-0.0887313$ & $-0.00823203$ & $-0.0793165$ & $0.0726595$ & $-0.0276647$ \\
eHgagaint & $-0.0309574$ & $-0.0695967$ & $0.119575$ & $-0.150559$ & $-0.0284958$ & $-0.0446031$ & $-0.0437174$ & $0.00801264$ & $0.0546097$ & $-0.0402386$ & $-0.0178737$ & $-0.0784898$ & $0.0812594$ & $0.0172022$ & $0.0394307$ & $0.0352529$ & $0.0234706$ & $-0.000588876$ & $0.011385$ & $0.0211551$ & $0.0141594$ & $0.0152214$ & $-0.013731$ & $0.00271854$ & $-0.00160628$ & $-0.00421848$ & $-0.045616$ & $0.0118081$ & $0.0126315$ & $0.0862629$ & $0.0753531$ & $-0.0297004$ & $0.0378638$ & $-0.0280196$ & $0.256384$ & $-0.18377$ & $-0.111569$ & $0.0125509$ & $-0.132705$ & $0.0448267$ & $0.116307$ & $0.0101692$ & $1$ & $-0.0788633$ & $0.0359215$ & $-0.202261$ & $0.0814612$ & $0.161938$ & $-0.152175$ \\
eHmumuint & $0.0353488$ & $-0.0402756$ & $-0.0705755$ & $0.0894928$ & $-0.011715$ & $-0.0265162$ & $0.0207887$ & $-0.0121281$ & $-0.0139646$ & $0.0301601$ & $-0.00984961$ & $0.0340053$ & $-0.0363435$ & $0.0350757$ & $-0.0166254$ & $0.00427369$ & $0.0471315$ & $0.055893$ & $0.0430943$ & $0.00804706$ & $0.00928328$ & $0.0125704$ & $-0.0309442$ & $0.0380519$ & $0.0623622$ & $0.00984123$ & $0.0233188$ & $0.0521609$ & $0.0347697$ & $-0.0260959$ & $-0.0584525$ & $0.0130749$ & $-0.079694$ & $0.00846315$ & $-0.0973194$ & $0.207994$ & $0.0349345$ & $-0.0576057$ & $-0.119366$ & $0.0270554$ & $-0.027908$ & $0.0187489$ & $-0.0788633$ & $1$ & $0.0438775$ & $-0.2856$ & $-0.103488$ & $-0.238147$ & $-0.179171$ \\
eHtautauint & $0.131197$ & $-0.192238$ & $-0.0108387$ & $0.0108661$ & $-0.00224225$ & $-0.0278669$ & $0.0146411$ & $-0.0368676$ & $-0.0359453$ & $0.0357709$ & $0.0241516$ & $0.0725247$ & $-0.075133$ & $0.00478636$ & $-0.0382862$ & $0.00253181$ & $0.0343412$ & $0.0491894$ & $0.0205356$ & $-0.0297198$ & $-0.0285563$ & $-0.0269077$ & $-0.0378934$ & $0.0269456$ & $0.0250276$ & $0.0524119$ & $-0.0147424$ & $-0.0297338$ & $-0.025292$ & $0.0127663$ & $0.00117139$ & $0.0105555$ & $-0.060819$ & $0.00059027$ & $-0.166099$ & $0.127424$ & $-0.00890435$ & $-0.0369827$ & $-0.0273695$ & $-0.10911$ & $0.139986$ & $-0.0887313$ & $0.0359215$ & $0.0438775$ & $1$ & $-0.161112$ & $0.184563$ & $-0.185802$ & $-0.0492826$ \\
eHccint & $-0.136627$ & $0.0529658$ & $0.148588$ & $-0.280818$ & $-0.0377458$ & $-0.00168048$ & $-0.106591$ & $0.0600354$ & $0.0453267$ & $-0.0758815$ & $-0.0235219$ & $-0.157732$ & $0.160321$ & $-0.0261316$ & $-0.0296499$ & $-0.0186269$ & $-0.0746683$ & $-0.0508629$ & $-0.0595023$ & $0.0211889$ & $0.0319402$ & $0.0276713$ & $0.0190265$ & $-0.0847676$ & $-0.0669045$ & $-0.0185417$ & $0.0405912$ & $-0.00943936$ & $-0.0305065$ & $0.0541178$ & $0.0867472$ & $-0.0823815$ & $0.129293$ & $0.0724653$ & $0.149538$ & $-0.0319582$ & $0.262337$ & $0.0198781$ & $0.22772$ & $-0.00140995$ & $-0.054089$ & $-0.00823203$ & $-0.202261$ & $-0.2856$ & $-0.161112$ & $1$ & $0.0335777$ & $0.0543855$ & $0.193957$ \\
eHccpar & $-0.0859653$ & $0.0286487$ & $-0.0234486$ & $-0.15975$ & $-0.018712$ & $-0.0357967$ & $0.0924414$ & $-0.033736$ & $-0.0264392$ & $0.0472085$ & $0.0244595$ & $0.0979679$ & $-0.0921736$ & $-0.0154727$ & $-0.0261026$ & $-0.011504$ & $0.0324149$ & $0.0297459$ & $0.0193526$ & $-0.0245143$ & $-0.0216852$ & $-0.0238248$ & $0.0137786$ & $0.0312821$ & $0.0427594$ & $0.0191814$ & $0.0175202$ & $-0.0421093$ & $-0.0501663$ & $-0.0704669$ & $0.210957$ & $0.0772523$ & $-0.069876$ & $0.00469648$ & $-0.101071$ & $-0.113424$ & $0.145637$ & $-0.0167404$ & $-0.0180286$ & $-0.0825245$ & $0.130909$ & $-0.0793165$ & $0.0814612$ & $-0.103488$ & $0.184563$ & $0.0335777$ & $1$ & $0.0682076$ & $0.0416866$ \\
eHbbint & $0.127653$ & $-0.0378031$ & $-0.119418$ & $0.0389222$ & $0.0106337$ & $0.0163324$ & $0.0547091$ & $-0.00178756$ & $0.00747409$ & $0.0469587$ & $-0.00144984$ & $0.0187804$ & $-0.0354404$ & $0.0163721$ & $0.00260102$ & $-0.007858$ & $-0.0101598$ & $-0.000340237$ & $0.0135903$ & $0.000358109$ & $0.000115763$ & $0.00021091$ & $0.0075423$ & $0.0063965$ & $-0.00864976$ & $-0.00251265$ & $-0.00213908$ & $-0.0282944$ & $-0.0194021$ & $-0.0142539$ & $-0.00375785$ & $0.0495643$ & $0.0209178$ & $-0.021682$ & $-0.0173193$ & $-0.191289$ & $-0.182596$ & $0.065754$ & $-0.0311678$ & $0.00738838$ & $0.00324019$ & $0.0726595$ & $0.161938$ & $-0.238147$ & $-0.185802$ & $0.0543855$ & $0.0682076$ & $1$ & $-0.180505$ \\
eHbbpar & $-0.0316647$ & $0.0725047$ & $0.210636$ & $0.0275416$ & $-0.0142139$ & $0.0149458$ & $-0.0458602$ & $0.0435219$ & $0.0339244$ & $-0.0459377$ & $-0.0321039$ & $-0.0532042$ & $0.0456851$ & $0.000832149$ & $0.0190047$ & $0.00817227$ & $-0.017362$ & $-0.0270802$ & $-0.0238843$ & $0.0322237$ & $0.0363105$ & $0.0315711$ & $0.0152322$ & $-0.0521464$ & $-0.0281952$ & $-0.0490681$ & $0.00133908$ & $0.0313398$ & $-0.0282541$ & $-0.00184145$ & $0.0201697$ & $-0.0357781$ & $0.257242$ & $0.0290521$ & $0.190772$ & $0.00767402$ & $0.198017$ & $0.0488175$ & $0.0593819$ & $-0.0558795$ & $0.120884$ & $-0.0276647$ & $-0.152175$ & $-0.179171$ & $-0.0492826$ & $0.193957$ & $0.0416866$ & $-0.180505$ & $1$ \\
