 & AlsMz & dAle5Mz & mtop & mHl & Mz & CW & CHG & CHWB & CHWHB_gaga & CHWHB_gagaorth & CHD & CHbox & CH & CHL1_11 & CHL1_22 & CHL1_33 & CHL3_11 & CHL3_22 & CHL3_33 & CHe_11 & CHe_22 & CHe_33 & CHQ1_11 & CHQ1_33 & CHQ3_11 & CHu_11 & CHd_11 & CHd_33 & CeH_22r & CeH_33r & CuH_22r & CuH_33r & CdH_33r & CLL_1221 & eHggint & eHggpar & eHWWint & eHWWpar & eHZZint & eHZZpar & eHZgaint & eHZgapar & eHgagaint & eHmumuint & eHtautauint & eHccint & eHccpar & eHbbint & eHbbpar \\
AlsMz & $1$ & $-0.102861$ & $-0.0900553$ & $0.390394$ & $0.00859962$ & $-0.00265901$ & $-0.0272928$ & $0.0270428$ & $0.011709$ & $0.0134046$ & $-0.0434685$ & $-0.0161955$ & $-0.000294512$ & $0.0450141$ & $-0.00470202$ & $-0.0432713$ & $0.0260492$ & $0.0242574$ & $0.0614632$ & $0.0330525$ & $0.0434131$ & $0.0492585$ & $0.0532883$ & $-0.0194926$ & $0.00663965$ & $-0.0644073$ & $0.077858$ & $0.0197055$ & $-0.00094819$ & $0.00783096$ & $0.0458833$ & $-0.0211729$ & $-8.72205e-05$ & $0.0192816$ & $-0.0286143$ & $0.0080359$ & $-0.0312526$ & $0.0710545$ & $0.0586058$ & $0.0943807$ & $0.0828179$ & $-0.0256066$ & $-0.314004$ & $-0.000201094$ & $-0.0941795$ & $0.120057$ & $0.0169384$ & $0.074383$ & $-0.0812467$ \\
dAle5Mz & $-0.102861$ & $1$ & $0.0579374$ & $-0.131896$ & $0.00451387$ & $0.0303415$ & $0.0127025$ & $-0.144035$ & $-0.141859$ & $0.0973629$ & $0.106819$ & $0.0279259$ & $-0.056572$ & $0.000891565$ & $-0.00877794$ & $0.0236145$ & $0.0641052$ & $0.0669598$ & $0.0415292$ & $-0.085354$ & $-0.104201$ & $-0.100025$ & $-0.0613238$ & $0.108746$ & $0.0458412$ & $0.0903521$ & $-0.126747$ & $-0.0838829$ & $-0.00026941$ & $-0.0321197$ & $-0.0257787$ & $0.0206802$ & $0.0471747$ & $-0.0850586$ & $0.238573$ & $-0.0177674$ & $-0.19643$ & $-0.0786868$ & $-0.18392$ & $0.0704957$ & $-0.0980133$ & $0.0295605$ & $0.0190091$ & $-0.201731$ & $0.0427128$ & $-0.013005$ & $-0.0298465$ & $0.243602$ & $0.161538$ \\
mtop & $-0.0900553$ & $0.0579374$ & $1$ & $-0.251784$ & $0.00483108$ & $0.0263184$ & $0.0262199$ & $0.0027761$ & $0.00652359$ & $0.0158672$ & $0.00463138$ & $0.0402791$ & $-0.0316899$ & $0.014307$ & $0.0452872$ & $0.0186958$ & $-0.0218025$ & $-0.03361$ & $-0.0199537$ & $0.0029106$ & $-0.00353792$ & $-0.0131644$ & $-0.0758671$ & $0.019546$ & $-0.0143755$ & $0.0545399$ & $-0.0257955$ & $-0.0113897$ & $0.0552283$ & $0.0175603$ & $-0.0150203$ & $0.0231821$ & $-0.0183367$ & $-0.0421243$ & $-0.169048$ & $0.173651$ & $-0.0281764$ & $-0.00796365$ & $-0.131636$ & $0.0312864$ & $-0.0130375$ & $-0.0621291$ & $0.0518555$ & $-0.114355$ & $-0.0758864$ & $-0.0398206$ & $-0.0620241$ & $-0.249685$ & $-0.089976$ \\
mHl & $0.390394$ & $-0.131896$ & $-0.251784$ & $1$ & $-0.0249$ & $-0.0292475$ & $-0.096647$ & $0.0753448$ & $0.0615965$ & $-0.0692489$ & $-0.0458405$ & $-0.0437174$ & $0.0481436$ & $-0.0442533$ & $-0.0153786$ & $-0.0510952$ & $-0.0437403$ & $-0.0524123$ & $-0.0243925$ & $0.0347332$ & $0.0517334$ & $0.0532887$ & $0.0249525$ & $-0.104568$ & $-0.0773056$ & $-0.0471514$ & $0.0568014$ & $0.00782821$ & $-0.0244698$ & $0.0084785$ & $0.0372217$ & $-0.084474$ & $0.0185009$ & $0.0793854$ & $-0.016494$ & $0.18228$ & $-0.0930788$ & $-0.0146675$ & $0.0512139$ & $-0.0774829$ & $-0.0817656$ & $-0.00595141$ & $-0.238832$ & $-0.17974$ & $0.0334345$ & $0.000782677$ & $0.144371$ & $0.0316987$ & $0.0551005$ \\
Mz & $0.00859962$ & $0.00451387$ & $0.00483108$ & $-0.0249$ & $1$ & $-0.0160489$ & $-0.0337561$ & $0.0160617$ & $0.0135826$ & $-0.0285205$ & $-0.00205533$ & $-0.0265494$ & $-0.0179256$ & $0.0040165$ & $-0.0324847$ & $0.0135874$ & $-0.0141501$ & $0.0114181$ & $-0.0220101$ & $0.00881565$ & $0.0150132$ & $0.015014$ & $0.0807251$ & $-0.0276391$ & $0.00185895$ & $-0.0578376$ & $0.0348206$ & $-0.00905402$ & $0.0182022$ & $-0.00811662$ & $0.0159074$ & $-0.0397088$ & $-0.011885$ & $0.0379302$ & $0.0225005$ & $0.0100665$ & $-0.0055863$ & $0.00824309$ & $-0.0155391$ & $-0.0482048$ & $0.0422572$ & $-0.011124$ & $-0.0461372$ & $-0.00879117$ & $0.00652599$ & $0.00179022$ & $0.00728683$ & $0.0371627$ & $-0.0212973$ \\
CW & $-0.00265901$ & $0.0303415$ & $0.0263184$ & $-0.0292475$ & $-0.0160489$ & $1$ & $-0.0156748$ & $-0.0465701$ & $-0.04531$ & $-0.00504845$ & $0.129462$ & $0.0659825$ & $0.027276$ & $-0.00376437$ & $-0.101441$ & $-0.108182$ & $-0.292784$ & $-0.0856943$ & $-0.0834253$ & $-0.133177$ & $-0.124751$ & $-0.125795$ & $0.00213724$ & $-0.0703894$ & $-0.127836$ & $0.0778141$ & $-0.00782179$ & $-0.0534041$ & $-0.018504$ & $-0.00466115$ & $-0.00967312$ & $-0.000466787$ & $0.0205684$ & $-0.0420775$ & $0.0120385$ & $0.0105298$ & $-0.0271538$ & $-0.0113479$ & $-0.045909$ & $-0.0162994$ & $-0.0175554$ & $-0.0213715$ & $0.0108458$ & $0.0413966$ & $0.0307988$ & $-0.022421$ & $0.0306143$ & $0.016683$ & $0.024949$ \\
CHG & $-0.0272928$ & $0.0127025$ & $0.0262199$ & $-0.096647$ & $-0.0337561$ & $-0.0156748$ & $1$ & $-0.115996$ & $-0.0615076$ & $0.100852$ & $0.0602534$ & $-0.10293$ & $-0.276219$ & $0.0549198$ & $-0.00894051$ & $0.0173987$ & $0.114723$ & $0.113853$ & $0.0884713$ & $-0.0545681$ & $-0.0693009$ & $-0.065091$ & $-0.000522966$ & $0.1268$ & $0.112465$ & $0.0268108$ & $-0.0716461$ & $-0.0726989$ & $-0.00564263$ & $-0.115175$ & $-0.0662821$ & $0.936421$ & $-0.185462$ & $-0.0829774$ & $-0.0883529$ & $-0.0201436$ & $-0.030595$ & $0.0353736$ & $-0.0659279$ & $-0.0399936$ & $-0.0245679$ & $-0.0023768$ & $0.0359891$ & $-0.0245374$ & $-0.0691262$ & $-0.00690624$ & $-0.0106031$ & $-0.0296577$ & $-0.08639$ \\
CHWB & $0.0270428$ & $-0.144035$ & $0.0027761$ & $0.0753448$ & $0.0160617$ & $-0.0465701$ & $-0.115996$ & $1$ & $0.984449$ & $-0.598491$ & $-0.878005$ & $-0.101789$ & $0.349523$ & $0.120511$ & $0.378792$ & $0.318539$ & $-0.251538$ & $-0.473659$ & $-0.432034$ & $0.851652$ & $0.894411$ & $0.876234$ & $0.0739095$ & $-0.668233$ & $-0.443454$ & $-0.522472$ & $0.416074$ & $0.319869$ & $0.00562558$ & $0.153622$ & $0.105622$ & $-0.0881496$ & $0.150774$ & $0.543231$ & $0.0328917$ & $0.0104644$ & $-0.0287556$ & $-0.00897787$ & $0.0336742$ & $-0.0440837$ & $0.0619078$ & $0.0176798$ & $-0.00187627$ & $-0.0341388$ & $-0.0321377$ & $0.0243062$ & $0.0644179$ & $-0.0128159$ & $-0.0417209$ \\
CHWHB_gaga & $0.011709$ & $-0.141859$ & $0.00652359$ & $0.0615965$ & $0.0135826$ & $-0.04531$ & $-0.0615076$ & $0.984449$ & $1$ & $-0.587008$ & $-0.859359$ & $-0.0764936$ & $0.348512$ & $0.107103$ & $0.374591$ & $0.313324$ & $-0.25751$ & $-0.476915$ & $-0.434522$ & $0.834365$ & $0.875386$ & $0.85747$ & $0.0689029$ & $-0.662305$ & $-0.444017$ & $-0.507348$ & $0.409847$ & $0.311232$ & $0.0132365$ & $0.172741$ & $0.11726$ & $-0.0427034$ & $0.166096$ & $0.533023$ & $0.0238065$ & $-0.012112$ & $-0.0268701$ & $-0.00945668$ & $0.0193682$ & $-0.0387282$ & $0.0539381$ & $0.0133428$ & $0.0428969$ & $-0.0228281$ & $-0.0311012$ & $0.0167547$ & $0.0661345$ & $-0.012452$ & $-0.0517145$ \\
CHWHB_gagaorth & $0.0134046$ & $0.0973629$ & $0.0158672$ & $-0.0692489$ & $-0.0285205$ & $-0.00504845$ & $0.100852$ & $-0.598491$ & $-0.587008$ & $1$ & $0.36416$ & $0.469492$ & $-0.267461$ & $0.237144$ & $-0.134361$ & $-0.119657$ & $0.468796$ & $0.526169$ & $0.517478$ & $-0.347344$ & $-0.383987$ & $-0.375402$ & $-0.0558506$ & $0.609586$ & $0.51908$ & $0.208057$ & $-0.277786$ & $-0.146919$ & $0.0435329$ & $-0.149473$ & $-0.101446$ & $0.102975$ & $-0.133657$ & $-0.395042$ & $0.00276281$ & $0.0295777$ & $-0.00112723$ & $0.0473685$ & $0.00417337$ & $0.00292705$ & $-0.0930719$ & $-0.00666599$ & $-0.0149964$ & $0.00331203$ & $-0.0143777$ & $0.00043045$ & $-0.0419822$ & $0.0514427$ & $0.051488$ \\
CHD & $-0.0434685$ & $0.106819$ & $0.00463138$ & $-0.0458405$ & $-0.00205533$ & $0.129462$ & $0.0602534$ & $-0.878005$ & $-0.859359$ & $0.36416$ & $1$ & $0.186393$ & $-0.159312$ & $-0.535124$ & $-0.502596$ & $-0.439351$ & $-0.209324$ & $0.0957725$ & $0.0571588$ & $-0.991226$ & $-0.992493$ & $-0.970923$ & $-0.0361883$ & $0.297418$ & $0.0383558$ & $0.590236$ & $-0.287214$ & $-0.346806$ & $-0.0138259$ & $-0.0941158$ & $-0.071486$ & $0.0458124$ & $-0.0994037$ & $-0.334735$ & $-0.0505854$ & $-0.00624744$ & $0.0374607$ & $0.00663265$ & $-0.0337906$ & $0.026147$ & $-0.0528499$ & $-0.0227987$ & $0.00715056$ & $0.0262723$ & $0.0474115$ & $-0.0303933$ & $-0.0265821$ & $0.0136794$ & $0.0293866$ \\
CHbox & $-0.0161955$ & $0.0279259$ & $0.0402791$ & $-0.0437174$ & $-0.0265494$ & $0.0659825$ & $-0.10293$ & $-0.101789$ & $-0.0764936$ & $0.469492$ & $0.186393$ & $1$ & $0.427601$ & $-0.215319$ & $-0.00271384$ & $-0.0280359$ & $-0.178361$ & $-0.157779$ & $-0.133248$ & $-0.170211$ & $-0.192358$ & $-0.185086$ & $-0.0223753$ & $-0.0265175$ & $-0.148271$ & $0.100616$ & $-0.100943$ & $-0.0673131$ & $0.0723125$ & $0.282172$ & $0.0823289$ & $-0.0182973$ & $0.359336$ & $-0.095087$ & $0.0277433$ & $0.0466363$ & $0.00650224$ & $0.010481$ & $-0.0099018$ & $-0.0133207$ & $-0.0662125$ & $0.0100213$ & $0.000754621$ & $-0.000842913$ & $-0.00364667$ & $-0.000467369$ & $0.00269216$ & $0.0243331$ & $0.0587631$ \\
CH & $-0.000294512$ & $-0.056572$ & $-0.0316899$ & $0.0481436$ & $-0.0179256$ & $0.027276$ & $-0.276219$ & $0.349523$ & $0.348512$ & $-0.267461$ & $-0.159312$ & $0.427601$ & $1$ & $-0.244521$ & $0.0504664$ & $0.0217061$ & $-0.375345$ & $-0.392244$ & $-0.367494$ & $0.147761$ & $0.175184$ & $0.170894$ & $0.0297388$ & $-0.422338$ & $-0.38562$ & $-0.0971418$ & $0.178498$ & $0.0709836$ & $0.0268284$ & $0.264921$ & $0.119396$ & $-0.226757$ & $0.317572$ & $0.252288$ & $0.0345663$ & $0.0140907$ & $-0.00360142$ & $-0.0405641$ & $0.0132983$ & $-0.0158102$ & $0.029732$ & $0.0140502$ & $0.017536$ & $-0.0069799$ & $-0.0102803$ & $0.00712081$ & $0.0246827$ & $-0.02496$ & $-0.00351593$ \\
CHL1_11 & $0.0450141$ & $0.000891565$ & $0.014307$ & $-0.0442533$ & $0.0040165$ & $-0.00376437$ & $0.0549198$ & $0.120511$ & $0.107103$ & $0.237144$ & $-0.535124$ & $-0.215319$ & $-0.244521$ & $1$ & $0.313927$ & $0.271301$ & $0.661135$ & $0.584646$ & $0.602683$ & $0.551726$ & $0.500961$ & $0.485593$ & $-0.0383387$ & $0.465672$ & $0.618537$ & $-0.317006$ & $-0.079185$ & $0.171938$ & $0.00925315$ & $-0.0625566$ & $-0.0190805$ & $0.0433603$ & $-0.0476165$ & $-0.236554$ & $0.0379794$ & $-0.00764394$ & $-0.0166134$ & $-0.00380935$ & $-0.00151283$ & $-0.00216293$ & $0.0163594$ & $0.0242548$ & $-0.000793316$ & $0.0193957$ & $-0.0370257$ & $0.0272237$ & $-0.0452641$ & $-0.0219467$ & $-0.0086244$ \\
CHL1_22 & $-0.00470202$ & $-0.00877794$ & $0.0452872$ & $-0.0153786$ & $-0.0324847$ & $-0.101441$ & $-0.00894051$ & $0.378792$ & $0.374591$ & $-0.134361$ & $-0.502596$ & $-0.00271384$ & $0.0504664$ & $0.313927$ & $1$ & $0.436821$ & $0.17719$ & $-0.422876$ & $-0.0107196$ & $0.557078$ & $0.432628$ & $0.419213$ & $-0.0974777$ & $0.0643686$ & $-0.0824011$ & $-0.28084$ & $-0.307871$ & $0.138395$ & $0.0222715$ & $0.064102$ & $0.033157$ & $-0.00453613$ & $0.0529256$ & $-0.539243$ & $0.0116802$ & $0.0565462$ & $-0.0257984$ & $-0.00357595$ & $-0.0427654$ & $0.0184547$ & $0.0174268$ & $0.020816$ & $-0.00685847$ & $-0.015975$ & $-0.0589209$ & $-0.00469282$ & $-0.0267318$ & $-0.0301555$ & $0.0107223$ \\
CHL1_33 & $-0.0432713$ & $0.0236145$ & $0.0186958$ & $-0.0510952$ & $0.0135874$ & $-0.108182$ & $0.0173987$ & $0.318539$ & $0.313324$ & $-0.119657$ & $-0.439351$ & $-0.0280359$ & $0.0217061$ & $0.271301$ & $0.436821$ & $1$ & $0.175816$ & $-0.0076976$ & $-0.417805$ & $0.49877$ & $0.368105$ & $0.385712$ & $-0.118215$ & $0.086965$ & $-0.0674692$ & $-0.215015$ & $-0.330821$ & $0.103417$ & $-0.0137683$ & $0.0199669$ & $0.0244583$ & $0.0263456$ & $0.0241592$ & $-0.0580288$ & $0.0213906$ & $0.0266862$ & $-0.0368129$ & $-0.00366465$ & $-0.0126042$ & $0.000414656$ & $0.020755$ & $0.0361173$ & $-0.0524054$ & $-0.0278518$ & $-0.0416017$ & $0.0103781$ & $-0.0220249$ & $0.0334994$ & $0.0165574$ \\
CHL3_11 & $0.0260492$ & $0.0641052$ & $-0.0218025$ & $-0.0437403$ & $-0.0141501$ & $-0.292784$ & $0.114723$ & $-0.251538$ & $-0.25751$ & $0.468796$ & $-0.209324$ & $-0.178361$ & $-0.375345$ & $0.661135$ & $0.17719$ & $0.175816$ & $1$ & $0.748373$ & $0.742376$ & $0.230605$ & $0.177755$ & $0.17191$ & $-0.0526931$ & $0.693231$ & $0.806888$ & $-0.118906$ & $-0.177704$ & $0.0493981$ & $0.022423$ & $-0.113369$ & $-0.0753624$ & $0.0857703$ & $-0.0988272$ & $-0.286453$ & $0.0350582$ & $-0.00760565$ & $-0.0250562$ & $0.00881771$ & $0.0208205$ & $0.0396445$ & $-0.0238369$ & $-0.000968582$ & $-0.0084529$ & $0.00354437$ & $-0.035098$ & $-0.000666255$ & $-0.0700329$ & $-0.00178674$ & $0.0270009$ \\
CHL3_22 & $0.0242574$ & $0.0669598$ & $-0.03361$ & $-0.0524123$ & $0.0114181$ & $-0.0856943$ & $0.113853$ & $-0.473659$ & $-0.476915$ & $0.526169$ & $0.0957725$ & $-0.157779$ & $-0.392244$ & $0.584646$ & $-0.422876$ & $-0.0076976$ & $0.748373$ & $1$ & $0.682313$ & $-0.0927621$ & $-0.0964909$ & $-0.0915274$ & $-0.0129399$ & $0.661939$ & $0.813291$ & $0.0548592$ & $-0.0575211$ & $-0.0406742$ & $-0.000341521$ & $-0.154695$ & $-0.0855193$ & $0.0859684$ & $-0.13369$ & $-0.029994$ & $0.0222485$ & $-0.04127$ & $0.000608301$ & $0.00705795$ & $0.028435$ & $0.0183915$ & $-0.0270229$ & $-0.00459901$ & $-0.00794227$ & $0.0249684$ & $0.00822739$ & $0.0128609$ & $-0.053448$ & $0.0152017$ & $0.0140726$ \\
CHL3_33 & $0.0614632$ & $0.0415292$ & $-0.0199537$ & $-0.0243925$ & $-0.0220101$ & $-0.0834253$ & $0.0884713$ & $-0.432034$ & $-0.434522$ & $0.517478$ & $0.0571588$ & $-0.133248$ & $-0.367494$ & $0.602683$ & $-0.0107196$ & $-0.417805$ & $0.742376$ & $0.682313$ & $1$ & $-0.0584225$ & $-0.0542899$ & $-0.0510728$ & $0.00777916$ & $0.638898$ & $0.801778$ & $0.00989726$ & $-0.0277504$ & $-0.0111817$ & $0.0241496$ & $-0.123318$ & $-0.0819061$ & $0.0576676$ & $-0.111287$ & $-0.38752$ & $0.0145809$ & $-0.0172746$ & $0.00241144$ & $0.00824059$ & $0.0131666$ & $0.0251827$ & $-0.0337033$ & $-0.0146243$ & $0.0251414$ & $0.0292115$ & $-0.0103295$ & $0.00401088$ & $-0.061665$ & $-0.0317498$ & $0.0133161$ \\
CHe_11 & $0.0330525$ & $-0.085354$ & $0.0029106$ & $0.0347332$ & $0.00881565$ & $-0.133177$ & $-0.0545681$ & $0.851652$ & $0.834365$ & $-0.347344$ & $-0.991226$ & $-0.170211$ & $0.147761$ & $0.551726$ & $0.557078$ & $0.49877$ & $0.230605$ & $-0.0927621$ & $-0.0584225$ & $1$ & $0.976101$ & $0.955664$ & $0.0176148$ & $-0.246963$ & $-0.0237872$ & $-0.582109$ & $0.220916$ & $0.334451$ & $0.0134523$ & $0.0890481$ & $0.0687961$ & $-0.0413797$ & $0.0947936$ & $0.26221$ & $0.05165$ & $0.00972397$ & $-0.0383172$ & $-0.00730607$ & $0.0265317$ & $-0.0194472$ & $0.0483381$ & $0.0235283$ & $-0.00981182$ & $-0.029411$ & $-0.0464285$ & $0.0296568$ & $0.0210611$ & $-0.00894673$ & $-0.0227084$ \\
CHe_22 & $0.0434131$ & $-0.104201$ & $-0.00353792$ & $0.0517334$ & $0.0150132$ & $-0.124751$ & $-0.0693009$ & $0.894411$ & $0.875386$ & $-0.383987$ & $-0.992493$ & $-0.192358$ & $0.175184$ & $0.500961$ & $0.432628$ & $0.368105$ & $0.177755$ & $-0.0964909$ & $-0.0542899$ & $0.976101$ & $1$ & $0.974536$ & $0.0553983$ & $-0.348091$ & $-0.0536771$ & $-0.590636$ & $0.355788$ & $0.351359$ & $0.0141718$ & $0.0977259$ & $0.0736829$ & $-0.0537642$ & $0.103947$ & $0.410836$ & $0.0546953$ & $0.00154667$ & $-0.0380672$ & $-0.00777454$ & $0.0387565$ & $-0.0297928$ & $0.0525898$ & $0.0197449$ & $-0.00237822$ & $-0.0299513$ & $-0.0437636$ & $0.0302532$ & $0.0326185$ & $-0.0130363$ & $-0.0335742$ \\
CHe_33 & $0.0492585$ & $-0.100025$ & $-0.0131644$ & $0.0532887$ & $0.015014$ & $-0.125795$ & $-0.065091$ & $0.876234$ & $0.85747$ & $-0.375402$ & $-0.970923$ & $-0.185086$ & $0.170894$ & $0.485593$ & $0.419213$ & $0.385712$ & $0.17191$ & $-0.0915274$ & $-0.0510728$ & $0.955664$ & $0.974536$ & $1$ & $0.0544419$ & $-0.340443$ & $-0.0508445$ & $-0.577414$ & $0.353362$ & $0.347729$ & $0.0133462$ & $0.0921294$ & $0.0690613$ & $-0.0513522$ & $0.0986278$ & $0.409947$ & $0.0515168$ & $0.00250246$ & $-0.0443712$ & $-0.00715324$ & $0.0437732$ & $-0.0353122$ & $0.0445844$ & $0.0241138$ & $-0.00525714$ & $-0.0339248$ & $-0.0444266$ & $0.033278$ & $0.0341837$ & $-0.0088966$ & $-0.0304199$ \\
CHQ1_11 & $0.0532883$ & $-0.0613238$ & $-0.0758671$ & $0.0249525$ & $0.0807251$ & $0.00213724$ & $-0.000522966$ & $0.0739095$ & $0.0689029$ & $-0.0558506$ & $-0.0361883$ & $-0.0223753$ & $0.0297388$ & $-0.0383387$ & $-0.0974777$ & $-0.118215$ & $-0.0526931$ & $-0.0129399$ & $0.00777916$ & $0.0176148$ & $0.0553983$ & $0.0544419$ & $1$ & $-0.119237$ & $0.0497517$ & $-0.67972$ & $0.301475$ & $0.0317562$ & $-0.0128298$ & $-0.0358623$ & $0.0184323$ & $-0.00630026$ & $-0.0475928$ & $0.147771$ & $-0.00828901$ & $0.0221543$ & $0.0403222$ & $0.0330851$ & $0.107601$ & $-0.0134533$ & $0.10126$ & $-0.00894513$ & $-0.0438778$ & $0.0570731$ & $-0.0130547$ & $0.0468209$ & $0.0462044$ & $-0.0101106$ & $-0.0802621$ \\
CHQ1_33 & $-0.0194926$ & $0.108746$ & $0.019546$ & $-0.104568$ & $-0.0276391$ & $-0.0703894$ & $0.1268$ & $-0.668233$ & $-0.662305$ & $0.609586$ & $0.297418$ & $-0.0265175$ & $-0.422338$ & $0.465672$ & $0.0643686$ & $0.086965$ & $0.693231$ & $0.661939$ & $0.638898$ & $-0.246963$ & $-0.348091$ & $-0.340443$ & $-0.119237$ & $1$ & $0.694593$ & $0.185183$ & $-0.414733$ & $-0.0572853$ & $0.0175425$ & $-0.150136$ & $-0.0979121$ & $0.0956932$ & $-0.13945$ & $-0.635218$ & $0.00851382$ & $-0.0233497$ & $0.0247912$ & $0.00687952$ & $-0.0198032$ & $0.032946$ & $-0.0512471$ & $-0.00958045$ & $0.00926294$ & $0.00332009$ & $-0.000395732$ & $-0.00741472$ & $-0.0704903$ & $-0.00203219$ & $0.0396713$ \\
CHQ3_11 & $0.00663965$ & $0.0458412$ & $-0.0143755$ & $-0.0773056$ & $0.00185895$ & $-0.127836$ & $0.112465$ & $-0.443454$ & $-0.444017$ & $0.51908$ & $0.0383558$ & $-0.148271$ & $-0.38562$ & $0.618537$ & $-0.0824011$ & $-0.0674692$ & $0.806888$ & $0.813291$ & $0.801778$ & $-0.0237872$ & $-0.0536771$ & $-0.0508445$ & $0.0497517$ & $0.694593$ & $1$ & $0.0225108$ & $0.121271$ & $-0.027158$ & $0.018167$ & $-0.122694$ & $-0.0785148$ & $0.082537$ & $-0.118975$ & $-0.301175$ & $0.0412774$ & $-0.0508853$ & $0.0094109$ & $0.0051206$ & $0.0352024$ & $0.0320502$ & $-0.0303805$ & $-0.0298279$ & $0.0340837$ & $0.0400516$ & $0.00112643$ & $0.00288948$ & $-0.057366$ & $-0.0201897$ & $0.0120762$ \\
CHu_11 & $-0.0644073$ & $0.0903521$ & $0.0545399$ & $-0.0471514$ & $-0.0578376$ & $0.0778141$ & $0.0268108$ & $-0.522472$ & $-0.507348$ & $0.208057$ & $0.590236$ & $0.100616$ & $-0.0971418$ & $-0.317006$ & $-0.28084$ & $-0.215015$ & $-0.118906$ & $0.0548592$ & $0.00989726$ & $-0.582109$ & $-0.590636$ & $-0.577414$ & $-0.67972$ & $0.185183$ & $0.0225108$ & $1$ & $-0.161944$ & $-0.210571$ & $-0.00650849$ & $-0.00261779$ & $-0.0438553$ & $0.0239369$ & $-0.000815256$ & $-0.212026$ & $-0.0274156$ & $-0.0536891$ & $-0.0201968$ & $-0.0145556$ & $-0.105886$ & $0.00894692$ & $-0.113522$ & $0.000988269$ & $0.0674862$ & $-0.0159239$ & $0.048435$ & $-0.04562$ & $-0.0458774$ & $0.0165918$ & $0.0798612$ \\
CHd_11 & $0.077858$ & $-0.126747$ & $-0.0257955$ & $0.0568014$ & $0.0348206$ & $-0.00782179$ & $-0.0716461$ & $0.416074$ & $0.409847$ & $-0.277786$ & $-0.287214$ & $-0.100943$ & $0.178498$ & $-0.079185$ & $-0.307871$ & $-0.330821$ & $-0.177704$ & $-0.0575211$ & $-0.0277504$ & $0.220916$ & $0.355788$ & $0.353362$ & $0.301475$ & $-0.414733$ & $0.121271$ & $-0.161944$ & $1$ & $0.120432$ & $0.0140289$ & $0.0870649$ & $0.054334$ & $-0.0614713$ & $0.0760162$ & $0.636422$ & $0.049928$ & $-0.0837082$ & $0.0119976$ & $0.00190792$ & $0.0860944$ & $-0.0373639$ & $0.0223965$ & $-0.0477569$ & $0.0533569$ & $0.00189778$ & $0.0243954$ & $0.0257323$ & $0.0764297$ & $-0.0176753$ & $-0.0466711$ \\
CHd_33 & $0.0197055$ & $-0.0838829$ & $-0.0113897$ & $0.00782821$ & $-0.00905402$ & $-0.0534041$ & $-0.0726989$ & $0.319869$ & $0.311232$ & $-0.146919$ & $-0.346806$ & $-0.0673131$ & $0.0709836$ & $0.171938$ & $0.138395$ & $0.103417$ & $0.0493981$ & $-0.0406742$ & $-0.0111817$ & $0.334451$ & $0.351359$ & $0.347729$ & $0.0317562$ & $-0.0572853$ & $-0.027158$ & $-0.210571$ & $0.120432$ & $1$ & $-0.0195213$ & $0.0274175$ & $0.00734016$ & $-0.0694425$ & $0.0187557$ & $0.158474$ & $0.0106955$ & $-0.0142889$ & $0.029617$ & $-0.0136433$ & $0.0503001$ & $-0.0201625$ & $0.02048$ & $0.0139274$ & $0.0457436$ & $0.00923769$ & $-0.0236513$ & $-0.0129701$ & $-0.000436697$ & $-0.0514618$ & $-0.0331136$ \\
CeH_22r & $-0.00094819$ & $-0.00026941$ & $0.0552283$ & $-0.0244698$ & $0.0182022$ & $-0.018504$ & $-0.00564263$ & $0.00562558$ & $0.0132365$ & $0.0435329$ & $-0.0138259$ & $0.0723125$ & $0.0268284$ & $0.00925315$ & $0.0222715$ & $-0.0137683$ & $0.022423$ & $-0.000341521$ & $0.0241496$ & $0.0134523$ & $0.0141718$ & $0.0133462$ & $-0.0128298$ & $0.0175425$ & $0.018167$ & $-0.00650849$ & $0.0140289$ & $-0.0195213$ & $1$ & $0.0498049$ & $0.0686467$ & $-0.0196724$ & $0.0589171$ & $-0.0111939$ & $-0.0176138$ & $-0.00943043$ & $-0.0110594$ & $-0.00604882$ & $-0.020514$ & $-0.0280603$ & $-0.000354349$ & $0.00667082$ & $1.91575e-05$ & $-0.0566193$ & $0.0424299$ & $-0.01448$ & $0.0504802$ & $0.0328678$ & $0.0297097$ \\
CeH_33r & $0.00783096$ & $-0.0321197$ & $0.0175603$ & $0.0084785$ & $-0.00811662$ & $-0.00466115$ & $-0.115175$ & $0.153622$ & $0.172741$ & $-0.149473$ & $-0.0941158$ & $0.282172$ & $0.264921$ & $-0.0625566$ & $0.064102$ & $0.0199669$ & $-0.113369$ & $-0.154695$ & $-0.123318$ & $0.0890481$ & $0.0977259$ & $0.0921294$ & $-0.0358623$ & $-0.150136$ & $-0.122694$ & $-0.00261779$ & $0.0870649$ & $0.0274175$ & $0.0498049$ & $1$ & $0.322836$ & $0.0455213$ & $0.704566$ & $0.0783858$ & $0.0243582$ & $-0.0156219$ & $-0.0899986$ & $-0.0671639$ & $-0.09052$ & $0.00372843$ & $-0.0409024$ & $0.042951$ & $0.0271168$ & $0.0231872$ & $0.0174848$ & $-0.0456633$ & $0.0178144$ & $-0.0194904$ & $0.0707999$ \\
CuH_22r & $0.0458833$ & $-0.0257787$ & $-0.0150203$ & $0.0372217$ & $0.0159074$ & $-0.00967312$ & $-0.0662821$ & $0.105622$ & $0.11726$ & $-0.101446$ & $-0.071486$ & $0.0823289$ & $0.119396$ & $-0.0190805$ & $0.033157$ & $0.0244583$ & $-0.0753624$ & $-0.0855193$ & $-0.0819061$ & $0.0687961$ & $0.0736829$ & $0.0690613$ & $0.0184323$ & $-0.0979121$ & $-0.0785148$ & $-0.0438553$ & $0.054334$ & $0.00734016$ & $0.0686467$ & $0.322836$ & $1$ & $0.0237162$ & $0.386485$ & $0.0572994$ & $0.0333153$ & $-0.00476832$ & $-0.0309674$ & $-0.00692993$ & $-0.0181741$ & $-0.0328461$ & $0.0129096$ & $0.0230231$ & $-0.0201877$ & $-0.0598199$ & $0.109807$ & $-0.000150613$ & $0.275157$ & $0.145783$ & $0.0137544$ \\
CuH_33r & $-0.0211729$ & $0.0206802$ & $0.0231821$ & $-0.084474$ & $-0.0397088$ & $-0.000466787$ & $0.936421$ & $-0.0881496$ & $-0.0427034$ & $0.102975$ & $0.0458124$ & $-0.0182973$ & $-0.226757$ & $0.0433603$ & $-0.00453613$ & $0.0263456$ & $0.0857703$ & $0.0859684$ & $0.0576676$ & $-0.0413797$ & $-0.0537642$ & $-0.0513522$ & $-0.00630026$ & $0.0956932$ & $0.082537$ & $0.0239369$ & $-0.0614713$ & $-0.0694425$ & $-0.0196724$ & $0.0455213$ & $0.0237162$ & $1$ & $0.0217295$ & $-0.064123$ & $-0.0449209$ & $0.0117137$ & $-0.0704691$ & $0.0190514$ & $-0.0826185$ & $-0.0466618$ & $-0.0548741$ & $0.00806196$ & $0.0302942$ & $-0.0256151$ & $-0.0903483$ & $-0.0141521$ & $-0.0166387$ & $-0.0245567$ & $-0.0461619$ \\
CdH_33r & $-8.72205e-05$ & $0.0471747$ & $-0.0183367$ & $0.0185009$ & $-0.011885$ & $0.0205684$ & $-0.185462$ & $0.150774$ & $0.166096$ & $-0.133657$ & $-0.0994037$ & $0.359336$ & $0.317572$ & $-0.0476165$ & $0.0529256$ & $0.0241592$ & $-0.0988272$ & $-0.13369$ & $-0.111287$ & $0.0947936$ & $0.103947$ & $0.0986278$ & $-0.0475928$ & $-0.13945$ & $-0.118975$ & $-0.000815256$ & $0.0760162$ & $0.0187557$ & $0.0589171$ & $0.704566$ & $0.386485$ & $0.0217295$ & $1$ & $0.0869204$ & $0.106793$ & $0.0831497$ & $-0.215705$ & $-0.107153$ & $-0.196977$ & $0.00147613$ & $-0.201274$ & $0.0333319$ & $-0.0316014$ & $-0.00976158$ & $0.0976225$ & $-0.0081172$ & $-0.0476353$ & $0.100538$ & $0.402646$ \\
CLL_1221 & $0.0192816$ & $-0.0850586$ & $-0.0421243$ & $0.0793854$ & $0.0379302$ & $-0.0420775$ & $-0.0829774$ & $0.543231$ & $0.533023$ & $-0.395042$ & $-0.334735$ & $-0.095087$ & $0.252288$ & $-0.236554$ & $-0.539243$ & $-0.0580288$ & $-0.286453$ & $-0.029994$ & $-0.38752$ & $0.26221$ & $0.410836$ & $0.409947$ & $0.147771$ & $-0.635218$ & $-0.301175$ & $-0.212026$ & $0.636422$ & $0.158474$ & $-0.0111939$ & $0.0783858$ & $0.0572994$ & $-0.064123$ & $0.0869204$ & $1$ & $0.0291165$ & $-0.0368442$ & $-0.0178319$ & $-0.00514307$ & $0.0714372$ & $-0.0482562$ & $0.0314812$ & $-0.00640575$ & $0.000207057$ & $-0.0316045$ & $0.0175892$ & $0.0169327$ & $0.0789618$ & $0.0266471$ & $-0.0356913$ \\
eHggint & $-0.0286143$ & $0.238573$ & $-0.169048$ & $-0.016494$ & $0.0225005$ & $0.0120385$ & $-0.0883529$ & $0.0328917$ & $0.0238065$ & $0.00276281$ & $-0.0505854$ & $0.0277433$ & $0.0345663$ & $0.0379794$ & $0.0116802$ & $0.0213906$ & $0.0350582$ & $0.0222485$ & $0.0145809$ & $0.05165$ & $0.0546953$ & $0.0515168$ & $-0.00828901$ & $0.00851382$ & $0.0412774$ & $-0.0274156$ & $0.049928$ & $0.0106955$ & $-0.0176138$ & $0.0243582$ & $0.0333153$ & $-0.0449209$ & $0.106793$ & $0.0291165$ & $1$ & $-0.211691$ & $-0.00416275$ & $-0.095204$ & $-0.0191876$ & $0.105443$ & $-0.162803$ & $0.0235372$ & $-0.0215007$ & $0.0451173$ & $0.0630033$ & $-0.133938$ & $0.0125803$ & $0.252888$ & $0.239741$ \\
eHggpar & $0.0080359$ & $-0.0177674$ & $0.173651$ & $0.18228$ & $0.0100665$ & $0.0105298$ & $-0.0201436$ & $0.0104644$ & $-0.012112$ & $0.0295777$ & $-0.00624744$ & $0.0466363$ & $0.0140907$ & $-0.00764394$ & $0.0565462$ & $0.0266862$ & $-0.00760565$ & $-0.04127$ & $-0.0172746$ & $0.00972397$ & $0.00154667$ & $0.00250246$ & $0.0221543$ & $-0.0233497$ & $-0.0508853$ & $-0.0536891$ & $-0.0837082$ & $-0.0142889$ & $-0.00943043$ & $-0.0156219$ & $-0.00476832$ & $0.0117137$ & $0.0831497$ & $-0.0368442$ & $-0.211691$ & $1$ & $-0.365134$ & $0.0238291$ & $0.0170488$ & $-0.0621421$ & $-0.0531255$ & $0.0175099$ & $-0.410034$ & $-0.106951$ & $-0.120132$ & $0.0289313$ & $-0.141133$ & $-0.0901736$ & $0.198032$ \\
eHWWint & $-0.0312526$ & $-0.19643$ & $-0.0281764$ & $-0.0930788$ & $-0.0055863$ & $-0.0271538$ & $-0.030595$ & $-0.0287556$ & $-0.0268701$ & $-0.00112723$ & $0.0374607$ & $0.00650224$ & $-0.00360142$ & $-0.0166134$ & $-0.0257984$ & $-0.0368129$ & $-0.0250562$ & $0.000608301$ & $0.00241144$ & $-0.0383172$ & $-0.0380672$ & $-0.0443712$ & $0.0403222$ & $0.0247912$ & $0.0094109$ & $-0.0201968$ & $0.0119976$ & $0.029617$ & $-0.0110594$ & $-0.0899986$ & $-0.0309674$ & $-0.0704691$ & $-0.215705$ & $-0.0178319$ & $-0.00416275$ & $-0.365134$ & $1$ & $0.0674364$ & $0.31256$ & $-0.014312$ & $0.230142$ & $-0.0248613$ & $0.089352$ & $0.096024$ & $0.289557$ & $0.0984321$ & $0.191614$ & $0.000290268$ & $-0.313119$ \\
eHWWpar & $0.0710545$ & $-0.0786868$ & $-0.00796365$ & $-0.0146675$ & $0.00824309$ & $-0.0113479$ & $0.0353736$ & $-0.00897787$ & $-0.00945668$ & $0.0473685$ & $0.00663265$ & $0.010481$ & $-0.0405641$ & $-0.00380935$ & $-0.00357595$ & $-0.00366465$ & $0.00881771$ & $0.00705795$ & $0.00824059$ & $-0.00730607$ & $-0.00777454$ & $-0.00715324$ & $0.0330851$ & $0.00687952$ & $0.0051206$ & $-0.0145556$ & $0.00190792$ & $-0.0136433$ & $-0.00604882$ & $-0.0671639$ & $-0.00692993$ & $0.0190514$ & $-0.107153$ & $-0.00514307$ & $-0.095204$ & $0.0238291$ & $0.0674364$ & $1$ & $0.132618$ & $0.00424874$ & $0.0635453$ & $-0.0410919$ & $-0.0678317$ & $0.03277$ & $-0.0297227$ & $0.0118974$ & $0.103704$ & $-0.103093$ & $-0.0760294$ \\
eHZZint & $0.0586058$ & $-0.18392$ & $-0.131636$ & $0.0512139$ & $-0.0155391$ & $-0.045909$ & $-0.0659279$ & $0.0336742$ & $0.0193682$ & $0.00417337$ & $-0.0337906$ & $-0.0099018$ & $0.0132983$ & $-0.00151283$ & $-0.0427654$ & $-0.0126042$ & $0.0208205$ & $0.028435$ & $0.0131666$ & $0.0265317$ & $0.0387565$ & $0.0437732$ & $0.107601$ & $-0.0198032$ & $0.0352024$ & $-0.105886$ & $0.0860944$ & $0.0503001$ & $-0.020514$ & $-0.09052$ & $-0.0181741$ & $-0.0826185$ & $-0.196977$ & $0.0714372$ & $-0.0191876$ & $0.0170488$ & $0.31256$ & $0.132618$ & $1$ & $-0.0334461$ & $0.200117$ & $0.0785943$ & $-0.129686$ & $-0.0567402$ & $-0.232787$ & $-0.159793$ & $0.214191$ & $-0.00848172$ & $-0.38538$ \\
eHZZpar & $0.0943807$ & $0.0704957$ & $0.0312864$ & $-0.0774829$ & $-0.0482048$ & $-0.0162994$ & $-0.0399936$ & $-0.0440837$ & $-0.0387282$ & $0.00292705$ & $0.026147$ & $-0.0133207$ & $-0.0158102$ & $-0.00216293$ & $0.0184547$ & $0.000414656$ & $0.0396445$ & $0.0183915$ & $0.0251827$ & $-0.0194472$ & $-0.0297928$ & $-0.0353122$ & $-0.0134533$ & $0.032946$ & $0.0320502$ & $0.00894692$ & $-0.0373639$ & $-0.0201625$ & $-0.0280603$ & $0.00372843$ & $-0.0328461$ & $-0.0466618$ & $0.00147613$ & $-0.0482562$ & $0.105443$ & $-0.0621421$ & $-0.014312$ & $0.00424874$ & $-0.0334461$ & $1$ & $-0.0108788$ & $-0.0199253$ & $0.0994747$ & $0.0670412$ & $-0.0146877$ & $-0.085727$ & $-0.0380511$ & $0.0300408$ & $0.0178804$ \\
eHZgaint & $0.0828179$ & $-0.0980133$ & $-0.0130375$ & $-0.0817656$ & $0.0422572$ & $-0.0175554$ & $-0.0245679$ & $0.0619078$ & $0.0539381$ & $-0.0930719$ & $-0.0528499$ & $-0.0662125$ & $0.029732$ & $0.0163594$ & $0.0174268$ & $0.020755$ & $-0.0238369$ & $-0.0270229$ & $-0.0337033$ & $0.0483381$ & $0.0525898$ & $0.0445844$ & $0.10126$ & $-0.0512471$ & $-0.0303805$ & $-0.113522$ & $0.0223965$ & $0.02048$ & $-0.000354349$ & $-0.0409024$ & $0.0129096$ & $-0.0548741$ & $-0.201274$ & $0.0314812$ & $-0.162803$ & $-0.0531255$ & $0.230142$ & $0.0635453$ & $0.200117$ & $-0.0108788$ & $1$ & $0.0176758$ & $-0.0727348$ & $-0.0492295$ & $-0.0176468$ & $0.238357$ & $0.00508245$ & $-0.220118$ & $-0.378943$ \\
eHZgapar & $-0.0256066$ & $0.0295605$ & $-0.0621291$ & $-0.00595141$ & $-0.011124$ & $-0.0213715$ & $-0.0023768$ & $0.0176798$ & $0.0133428$ & $-0.00666599$ & $-0.0227987$ & $0.0100213$ & $0.0140502$ & $0.0242548$ & $0.020816$ & $0.0361173$ & $-0.000968582$ & $-0.00459901$ & $-0.0146243$ & $0.0235283$ & $0.0197449$ & $0.0241138$ & $-0.00894513$ & $-0.00958045$ & $-0.0298279$ & $0.000988269$ & $-0.0477569$ & $0.0139274$ & $0.00667082$ & $0.042951$ & $0.0230231$ & $0.00806196$ & $0.0333319$ & $-0.00640575$ & $0.0235372$ & $0.0175099$ & $-0.0248613$ & $-0.0410919$ & $0.0785943$ & $-0.0199253$ & $0.0176758$ & $1$ & $-0.0305929$ & $-0.104191$ & $0.0589463$ & $-0.0372728$ & $-0.0157643$ & $0.0611807$ & $-0.0118848$ \\
eHgagaint & $-0.314004$ & $0.0190091$ & $0.0518555$ & $-0.238832$ & $-0.0461372$ & $0.0108458$ & $0.0359891$ & $-0.00187627$ & $0.0428969$ & $-0.0149964$ & $0.00715056$ & $0.000754621$ & $0.017536$ & $-0.000793316$ & $-0.00685847$ & $-0.0524054$ & $-0.0084529$ & $-0.00794227$ & $0.0251414$ & $-0.00981182$ & $-0.00237822$ & $-0.00525714$ & $-0.0438778$ & $0.00926294$ & $0.0340837$ & $0.0674862$ & $0.0533569$ & $0.0457436$ & $1.91575e-05$ & $0.0271168$ & $-0.0201877$ & $0.0302942$ & $-0.0316014$ & $0.000207057$ & $-0.0215007$ & $-0.410034$ & $0.089352$ & $-0.0678317$ & $-0.129686$ & $0.0994747$ & $-0.0727348$ & $-0.0305929$ & $1$ & $0.168925$ & $-0.032536$ & $-0.157617$ & $0.00357469$ & $-0.0281144$ & $-0.169646$ \\
eHmumuint & $-0.000201094$ & $-0.201731$ & $-0.114355$ & $-0.17974$ & $-0.00879117$ & $0.0413966$ & $-0.0245374$ & $-0.0341388$ & $-0.0228281$ & $0.00331203$ & $0.0262723$ & $-0.000842913$ & $-0.0069799$ & $0.0193957$ & $-0.015975$ & $-0.0278518$ & $0.00354437$ & $0.0249684$ & $0.0292115$ & $-0.029411$ & $-0.0299513$ & $-0.0339248$ & $0.0570731$ & $0.00332009$ & $0.0400516$ & $-0.0159239$ & $0.00189778$ & $0.00923769$ & $-0.0566193$ & $0.0231872$ & $-0.0598199$ & $-0.0256151$ & $-0.00976158$ & $-0.0316045$ & $0.0451173$ & $-0.106951$ & $0.096024$ & $0.03277$ & $-0.0567402$ & $0.0670412$ & $-0.0492295$ & $-0.104191$ & $0.168925$ & $1$ & $0.0527159$ & $-0.0694924$ & $-0.204992$ & $-0.155215$ & $-0.0343973$ \\
eHtautauint & $-0.0941795$ & $0.0427128$ & $-0.0758864$ & $0.0334345$ & $0.00652599$ & $0.0307988$ & $-0.0691262$ & $-0.0321377$ & $-0.0311012$ & $-0.0143777$ & $0.0474115$ & $-0.00364667$ & $-0.0102803$ & $-0.0370257$ & $-0.0589209$ & $-0.0416017$ & $-0.035098$ & $0.00822739$ & $-0.0103295$ & $-0.0464285$ & $-0.0437636$ & $-0.0444266$ & $-0.0130547$ & $-0.000395732$ & $0.00112643$ & $0.048435$ & $0.0243954$ & $-0.0236513$ & $0.0424299$ & $0.0174848$ & $0.109807$ & $-0.0903483$ & $0.0976225$ & $0.0175892$ & $0.0630033$ & $-0.120132$ & $0.289557$ & $-0.0297227$ & $-0.232787$ & $-0.0146877$ & $-0.0176468$ & $0.0589463$ & $-0.032536$ & $0.0527159$ & $1$ & $0.0411227$ & $0.345407$ & $0.338292$ & $0.311479$ \\
eHccint & $0.120057$ & $-0.013005$ & $-0.0398206$ & $0.000782677$ & $0.00179022$ & $-0.022421$ & $-0.00690624$ & $0.0243062$ & $0.0167547$ & $0.00043045$ & $-0.0303933$ & $-0.000467369$ & $0.00712081$ & $0.0272237$ & $-0.00469282$ & $0.0103781$ & $-0.000666255$ & $0.0128609$ & $0.00401088$ & $0.0296568$ & $0.0302532$ & $0.033278$ & $0.0468209$ & $-0.00741472$ & $0.00288948$ & $-0.04562$ & $0.0257323$ & $-0.0129701$ & $-0.01448$ & $-0.0456633$ & $-0.000150613$ & $-0.0141521$ & $-0.0081172$ & $0.0169327$ & $-0.133938$ & $0.0289313$ & $0.0984321$ & $0.0118974$ & $-0.159793$ & $-0.085727$ & $0.238357$ & $-0.0372728$ & $-0.157617$ & $-0.0694924$ & $0.0411227$ & $1$ & $-0.100472$ & $0.123043$ & $-0.0130646$ \\
eHccpar & $0.0169384$ & $-0.0298465$ & $-0.0620241$ & $0.144371$ & $0.00728683$ & $0.0306143$ & $-0.0106031$ & $0.0644179$ & $0.0661345$ & $-0.0419822$ & $-0.0265821$ & $0.00269216$ & $0.0246827$ & $-0.0452641$ & $-0.0267318$ & $-0.0220249$ & $-0.0700329$ & $-0.053448$ & $-0.061665$ & $0.0210611$ & $0.0326185$ & $0.0341837$ & $0.0462044$ & $-0.0704903$ & $-0.057366$ & $-0.0458774$ & $0.0764297$ & $-0.000436697$ & $0.0504802$ & $0.0178144$ & $0.275157$ & $-0.0166387$ & $-0.0476353$ & $0.0789618$ & $0.0125803$ & $-0.141133$ & $0.191614$ & $0.103704$ & $0.214191$ & $-0.0380511$ & $0.00508245$ & $-0.0157643$ & $0.00357469$ & $-0.204992$ & $0.345407$ & $-0.100472$ & $1$ & $0.390041$ & $-0.231077$ \\
eHbbint & $0.074383$ & $0.243602$ & $-0.249685$ & $0.0316987$ & $0.0371627$ & $0.016683$ & $-0.0296577$ & $-0.0128159$ & $-0.012452$ & $0.0514427$ & $0.0136794$ & $0.0243331$ & $-0.02496$ & $-0.0219467$ & $-0.0301555$ & $0.0334994$ & $-0.00178674$ & $0.0152017$ & $-0.0317498$ & $-0.00894673$ & $-0.0130363$ & $-0.0088966$ & $-0.0101106$ & $-0.00203219$ & $-0.0201897$ & $0.0165918$ & $-0.0176753$ & $-0.0514618$ & $0.0328678$ & $-0.0194904$ & $0.145783$ & $-0.0245567$ & $0.100538$ & $0.0266471$ & $0.252888$ & $-0.0901736$ & $0.000290268$ & $-0.103093$ & $-0.00848172$ & $0.0300408$ & $-0.220118$ & $0.0611807$ & $-0.0281144$ & $-0.155215$ & $0.338292$ & $0.123043$ & $0.390041$ & $1$ & $0.141467$ \\
eHbbpar & $-0.0812467$ & $0.161538$ & $-0.089976$ & $0.0551005$ & $-0.0212973$ & $0.024949$ & $-0.08639$ & $-0.0417209$ & $-0.0517145$ & $0.051488$ & $0.0293866$ & $0.0587631$ & $-0.00351593$ & $-0.0086244$ & $0.0107223$ & $0.0165574$ & $0.0270009$ & $0.0140726$ & $0.0133161$ & $-0.0227084$ & $-0.0335742$ & $-0.0304199$ & $-0.0802621$ & $0.0396713$ & $0.0120762$ & $0.0798612$ & $-0.0466711$ & $-0.0331136$ & $0.0297097$ & $0.0707999$ & $0.0137544$ & $-0.0461619$ & $0.402646$ & $-0.0356913$ & $0.239741$ & $0.198032$ & $-0.313119$ & $-0.0760294$ & $-0.38538$ & $0.0178804$ & $-0.378943$ & $-0.0118848$ & $-0.169646$ & $-0.0343973$ & $0.311479$ & $-0.0130646$ & $-0.231077$ & $0.141467$ & $1$ \\
