 & AlsMz & dAle5Mz & mtop & mHl & Mz & CW & CHG & CHWB & CHWHB_gaga & CHWHB_gagaorth & CHD & CHbox & CH & CHL1_11 & CHL1_22 & CHL1_33 & CHL3_11 & CHL3_22 & CHL3_33 & CHe_11 & CHe_22 & CHe_33 & CHQ1_11 & CHQ1_33 & CHQ3_11 & CHu_11 & CHd_11 & CHd_33 & CeH_22r & CeH_33r & CuH_22r & CuH_33r & CdH_33r & CLL_1221 & eHggint & eHggpar & eHWWint & eHWWpar & eHZZint & eHZZpar & eHZgaint & eHZgapar & eHgagaint & eHmumuint & eHtautauint & eHccint & eHccpar & eHbbint & eHbbpar \\
AlsMz & $1$ & $-0.0599127$ & $-0.349068$ & $0.196307$ & $0.004837$ & $0.0143459$ & $0.010048$ & $-0.0960293$ & $-0.0847696$ & $0.0382161$ & $0.0716827$ & $-0.00204797$ & $-0.0169908$ & $-0.00590139$ & $0.0373809$ & $0.0548775$ & $0.0145598$ & $0.00726108$ & $-0.00365522$ & $-0.0699822$ & $-0.0938265$ & $-0.0903013$ & $-0.0515501$ & $0.0251492$ & $-0.130818$ & $0.0105274$ & $-0.196699$ & $-0.0185126$ & $0.025764$ & $-0.017429$ & $0.0263433$ & $-0.0160868$ & $-0.0295187$ & $-0.113447$ & $-0.30145$ & $0.052938$ & $0.0960011$ & $-0.0389757$ & $0.0752053$ & $-0.0158159$ & $-0.417337$ & $-0.0383014$ & $0.12327$ & $0.029574$ & $0.0268446$ & $0.121712$ & $0.137132$ & $0.240512$ & $-0.117542$ \\
dAle5Mz & $-0.0599127$ & $1$ & $0.162188$ & $-0.240417$ & $0.0103765$ & $0.00148563$ & $0.0200205$ & $-0.0625291$ & $-0.0627515$ & $0.0313798$ & $0.0310929$ & $-0.0104336$ & $-0.0358631$ & $0.0196778$ & $-0.0012338$ & $0.00374796$ & $0.0520795$ & $0.0434541$ & $0.0385512$ & $-0.0112337$ & $-0.015581$ & $-0.0138228$ & $0.00877056$ & $0.0508071$ & $0.046608$ & $0.00494041$ & $-0.017607$ & $0.00378884$ & $0.00490165$ & $0.0272733$ & $0.00675052$ & $0.0241055$ & $0.0111233$ & $-0.00395664$ & $-0.0885556$ & $0.091953$ & $-0.205135$ & $0.0482264$ & $-0.0473671$ & $-0.0127196$ & $-0.0733762$ & $-0.0383621$ & $-0.101252$ & $-0.127123$ & $-0.0886862$ & $0.0273922$ & $-0.0549848$ & $-0.0411379$ & $-0.0585509$ \\
mtop & $-0.349068$ & $0.162188$ & $1$ & $-0.179589$ & $0.0100285$ & $-0.00420078$ & $-0.0102122$ & $0.0384148$ & $0.0338007$ & $-0.00445937$ & $-0.027185$ & $0.0271647$ & $0.0159837$ & $0.00879672$ & $-0.0211701$ & $-0.030701$ & $-0.00157734$ & $0.00445553$ & $0.00973887$ & $0.033189$ & $0.0443661$ & $0.0421496$ & $0.046428$ & $-0.00572709$ & $0.0636201$ & $-0.0274498$ & $0.0996288$ & $0.0129747$ & $-0.0169639$ & $-0.00479827$ & $-0.024126$ & $0.0227906$ & $0.045927$ & $0.0560251$ & $0.453233$ & $-0.0814626$ & $0.0779036$ & $-0.0136811$ & $-0.0522794$ & $0.0338581$ & $0.0837144$ & $0.0329058$ & $0.00995841$ & $-0.176162$ & $-0.0363568$ & $-0.0680004$ & $-0.0732154$ & $0.0507706$ & $0.125613$ \\
mHl & $0.196307$ & $-0.240417$ & $-0.179589$ & $1$ & $0.000133358$ & $-0.0044397$ & $-0.0419187$ & $-0.0182246$ & $-0.0255263$ & $0.0022612$ & $0.0150409$ & $-0.0167219$ & $-0.00478607$ & $-0.00322755$ & $0.0114628$ & $0.00785945$ & $0.00321792$ & $-0.00165496$ & $0.00301556$ & $-0.018898$ & $-0.023917$ & $-0.0230183$ & $-0.0251135$ & $0.00631813$ & $-0.0325572$ & $0.00866898$ & $-0.0533618$ & $-0.00569804$ & $0.0228534$ & $-0.060074$ & $0.0322774$ & $-0.0636424$ & $-0.0665698$ & $-0.0338099$ & $-0.135378$ & $-0.0713009$ & $0.195546$ & $-0.0499039$ & $0.0319285$ & $0.00814574$ & $-0.081393$ & $0.0280411$ & $-0.0844227$ & $-0.133845$ & $-0.180801$ & $0.00897846$ & $0.205988$ & $0.177057$ & $-0.137409$ \\
Mz & $0.004837$ & $0.0103765$ & $0.0100285$ & $0.000133358$ & $1$ & $0.000176909$ & $-0.00233493$ & $-0.00775514$ & $-0.00711988$ & $0.000890317$ & $0.0202234$ & $0.00112919$ & $-0.00702647$ & $-0.00769199$ & $-0.0101099$ & $-0.00346392$ & $-0.00376353$ & $-0.000711088$ & $-0.00312242$ & $-0.011933$ & $-0.00815499$ & $-0.00861542$ & $5.25447e-05$ & $-0.00561919$ & $0.00262214$ & $0.00842877$ & $0.00918262$ & $-0.0120384$ & $-0.0109272$ & $0.00603758$ & $0.00116804$ & $-0.00264032$ & $0.0023684$ & $0.00123954$ & $-0.0121815$ & $0.00533566$ & $-0.00588408$ & $0.0071803$ & $-0.00224866$ & $-0.00898189$ & $0.00346404$ & $-0.00536528$ & $0.00116351$ & $0.00189438$ & $-0.00421106$ & $0.00906417$ & $-0.000925153$ & $-0.00532856$ & $-0.00594106$ \\
CW & $0.0143459$ & $0.00148563$ & $-0.00420078$ & $-0.0044397$ & $0.000176909$ & $1$ & $0.000663914$ & $-0.127317$ & $-0.124443$ & $0.0146856$ & $0.184545$ & $0.0401823$ & $0.00497963$ & $0.0250109$ & $-0.10181$ & $-0.0934353$ & $-0.262797$ & $-0.0353293$ & $-0.0397166$ & $-0.184012$ & $-0.184817$ & $-0.180261$ & $-0.00712673$ & $0.00236333$ & $-0.0809674$ & $0.104002$ & $-0.0644109$ & $-0.0547476$ & $0.00021098$ & $-0.00142082$ & $-0.00679159$ & $0.00723029$ & $0.0118149$ & $-0.105943$ & $0.00832381$ & $0.0130963$ & $-0.0201402$ & $0.00454154$ & $0.00116637$ & $-0.00538155$ & $-0.0371872$ & $-0.00372697$ & $-0.00202841$ & $-0.0294854$ & $0.025874$ & $0.00837185$ & $-0.0191226$ & $0.0200688$ & $0.0220964$ \\
CHG & $0.010048$ & $0.0200205$ & $-0.0102122$ & $-0.0419187$ & $-0.00233493$ & $0.000663914$ & $1$ & $-0.0662421$ & $-0.0148562$ & $0.0502719$ & $0.0332853$ & $-0.175265$ & $-0.262043$ & $0.0396743$ & $-0.014065$ & $-0.0174232$ & $0.0654171$ & $0.0695586$ & $0.0707928$ & $-0.0318692$ & $-0.0344166$ & $-0.0343158$ & $-0.0165226$ & $0.0670262$ & $0.0670803$ & $0.0257067$ & $-0.0267649$ & $-0.018857$ & $-0.000177426$ & $-0.111522$ & $-0.0472401$ & $0.934218$ & $-0.153553$ & $-0.0391244$ & $-0.0163738$ & $0.00110863$ & $-0.00364953$ & $0.0041777$ & $0.00682894$ & $0.0187143$ & $-0.0061618$ & $-0.00121201$ & $0.0036898$ & $-0.0160355$ & $0.0220866$ & $0.0192783$ & $0.0328387$ & $-0.0218168$ & $-0.0231797$ \\
CHWB & $-0.0960293$ & $-0.0625291$ & $0.0384148$ & $-0.0182246$ & $-0.00775514$ & $-0.127317$ & $-0.0662421$ & $1$ & $0.983425$ & $-0.56378$ & $-0.880392$ & $-0.0288194$ & $0.29616$ & $0.128748$ & $0.288498$ & $0.288428$ & $-0.209921$ & $-0.400635$ & $-0.402206$ & $0.851778$ & $0.897198$ & $0.879423$ & $0.0619797$ & $-0.657353$ & $-0.362288$ & $-0.497984$ & $0.427223$ & $0.281831$ & $0.0210682$ & $0.0799962$ & $0.0363059$ & $-0.0639343$ & $0.0794395$ & $0.561934$ & $0.0264438$ & $-0.0102575$ & $0.0556165$ & $-0.00110273$ & $0.0495852$ & $-0.0221208$ & $0.114632$ & $-0.00741262$ & $0.0209499$ & $0.0316369$ & $0.00355377$ & $-0.0256758$ & $-0.0174757$ & $-0.02806$ & $-0.0128246$ \\
CHWHB_gaga & $-0.0847696$ & $-0.0627515$ & $0.0338007$ & $-0.0255263$ & $-0.00711988$ & $-0.124443$ & $-0.0148562$ & $0.983425$ & $1$ & $-0.554687$ & $-0.862758$ & $-0.014636$ & $0.291714$ & $0.119614$ & $0.283989$ & $0.285108$ & $-0.212999$ & $-0.399942$ & $-0.402504$ & $0.835072$ & $0.879037$ & $0.861421$ & $0.0590274$ & $-0.650493$ & $-0.363693$ & $-0.487159$ & $0.417625$ & $0.275949$ & $0.026336$ & $0.101859$ & $0.0493949$ & $-0.0228351$ & $0.103041$ & $0.552238$ & $0.00383628$ & $-0.0296175$ & $0.0577998$ & $-0.0020069$ & $0.0433478$ & $-0.0217584$ & $0.120497$ & $-0.00819884$ & $0.0794861$ & $0.0432406$ & $0.00350943$ & $-0.0266259$ & $-0.0137602$ & $-0.0489322$ & $-0.00431163$ \\
CHWHB_gagaorth & $0.0382161$ & $0.0313798$ & $-0.00445937$ & $0.0022612$ & $0.000890317$ & $0.0146856$ & $0.0502719$ & $-0.56378$ & $-0.554687$ & $1$ & $0.346507$ & $0.349672$ & $-0.216999$ & $0.220497$ & $-0.107514$ & $-0.121825$ & $0.423203$ & $0.470774$ & $0.477414$ & $-0.332587$ & $-0.363119$ & $-0.358878$ & $-0.0550499$ & $0.546875$ & $0.467318$ & $0.209319$ & $-0.23037$ & $-0.110792$ & $-0.00652961$ & $-0.109874$ & $-0.0608436$ & $0.0665882$ & $-0.120179$ & $-0.354373$ & $0.00973358$ & $0.0111447$ & $-0.0371725$ & $-0.0169214$ & $-0.0247601$ & $0.0156041$ & $-0.0989641$ & $0.00457636$ & $-0.0287533$ & $-0.0335176$ & $0.0012569$ & $-0.00633841$ & $0.0235948$ & $0.0266554$ & $0.0127193$ \\
CHD & $0.0716827$ & $0.0310929$ & $-0.027185$ & $0.0150409$ & $0.0202234$ & $0.184545$ & $0.0332853$ & $-0.880392$ & $-0.862758$ & $0.346507$ & $1$ & $0.148703$ & $-0.134169$ & $-0.534511$ & $-0.410655$ & $-0.404202$ & $-0.241967$ & $0.0353056$ & $0.0396062$ & $-0.990339$ & $-0.991209$ & $-0.968775$ & $-0.00680286$ & $0.294963$ & $-0.016549$ & $0.549004$ & $-0.303982$ & $-0.312867$ & $-0.0160527$ & $-0.0420242$ & $-0.0215639$ & $0.0417103$ & $-0.0348879$ & $-0.368914$ & $-0.00151469$ & $0.0151769$ & $-0.0385888$ & $0.00870325$ & $-0.0379051$ & $0.0187383$ & $-0.0835771$ & $0.0111165$ & $-0.0209106$ & $-0.0355218$ & $0.00427417$ & $0.017574$ & $-0.00334306$ & $0.0376444$ & $0.0188347$ \\
CHbox & $-0.00204797$ & $-0.0104336$ & $0.0271647$ & $-0.0167219$ & $0.00112919$ & $0.0401823$ & $-0.175265$ & $-0.0288194$ & $-0.014636$ & $0.349672$ & $0.148703$ & $1$ & $0.656144$ & $-0.259932$ & $0.00837762$ & $-0.00349287$ & $-0.253792$ & $-0.229838$ & $-0.218223$ & $-0.133964$ & $-0.150814$ & $-0.145018$ & $0.00397101$ & $-0.121186$ & $-0.217178$ & $0.0785416$ & $-0.0555966$ & $-0.0541389$ & $0.043905$ & $0.308976$ & $0.0834229$ & $-0.08893$ & $0.374152$ & $-0.0388107$ & $0.0718072$ & $0.042415$ & $-0.0060944$ & $0.0061655$ & $0.00425178$ & $0.00525392$ & $-0.0265025$ & $-0.00515158$ & $-0.0196757$ & $-0.0379939$ & $0.0160147$ & $-0.0190726$ & $-0.016093$ & $0.0350783$ & $-0.0167122$ \\
CH & $-0.0169908$ & $-0.0358631$ & $0.0159837$ & $-0.00478607$ & $-0.00702647$ & $0.00497963$ & $-0.262043$ & $0.29616$ & $0.291714$ & $-0.216999$ & $-0.134169$ & $0.656144$ & $1$ & $-0.214577$ & $0.0578949$ & $0.0573656$ & $-0.319751$ & $-0.337408$ & $-0.334019$ & $0.130134$ & $0.142663$ & $0.141791$ & $0.0408212$ & $-0.34599$ & $-0.331366$ & $-0.090898$ & $0.108785$ & $0.0364024$ & $0.0334461$ & $0.243741$ & $0.0923415$ & $-0.218761$ & $0.299741$ & $0.182436$ & $0.0246965$ & $0.00237901$ & $0.023445$ & $0.0117183$ & $0.0107805$ & $-0.00476484$ & $0.041482$ & $-0.00770753$ & $0.0128934$ & $0.0166354$ & $0.0105009$ & $-0.00229146$ & $-0.0274375$ & $0.00847796$ & $-0.0121371$ \\
CHL1_11 & $-0.00590139$ & $0.0196778$ & $0.00879672$ & $-0.00322755$ & $-0.00769199$ & $0.0250109$ & $0.0396743$ & $0.128748$ & $0.119614$ & $0.220497$ & $-0.534511$ & $-0.259932$ & $-0.214577$ & $1$ & $0.267002$ & $0.253962$ & $0.648018$ & $0.596109$ & $0.591799$ & $0.550797$ & $0.4979$ & $0.481217$ & $-0.0764413$ & $0.449035$ & $0.600517$ & $-0.273153$ & $-0.0596439$ & $0.16014$ & $-0.00363811$ & $-0.047068$ & $-0.0176877$ & $0.0204112$ & $-0.0596868$ & $-0.188279$ & $-0.0253342$ & $-0.0124605$ & $-0.00852483$ & $-0.0198072$ & $-0.0123393$ & $0.000169551$ & $-0.0121589$ & $-0.00614799$ & $0.00835757$ & $0.0151506$ & $-0.0120125$ & $0.00548021$ & $0.0316871$ & $-0.0278619$ & $-0.00799093$ \\
CHL1_22 & $0.0373809$ & $-0.0012338$ & $-0.0211701$ & $0.0114628$ & $-0.0101099$ & $-0.10181$ & $-0.014065$ & $0.288498$ & $0.283989$ & $-0.107514$ & $-0.410655$ & $0.00837762$ & $0.0578949$ & $0.267002$ & $1$ & $0.410532$ & $0.179285$ & $-0.447486$ & $-0.00564882$ & $0.474399$ & $0.328288$ & $0.318082$ & $-0.160353$ & $0.117001$ & $-0.107794$ & $-0.184267$ & $-0.370618$ & $0.110918$ & $0.0119554$ & $0.0286097$ & $0.0091198$ & $-0.0132291$ & $0.0217835$ & $-0.598992$ & $-0.0176672$ & $0.0189476$ & $-0.00600981$ & $-0.00982994$ & $0.0154665$ & $0.00929922$ & $-0.0315317$ & $-0.0085354$ & $0.0274606$ & $-0.00177169$ & $-0.0119814$ & $0.00933921$ & $0.0346378$ & $0.00379912$ & $-0.0215463$ \\
CHL1_33 & $0.0548775$ & $0.00374796$ & $-0.030701$ & $0.00785945$ & $-0.00346392$ & $-0.0934353$ & $-0.0174232$ & $0.288428$ & $0.285108$ & $-0.121825$ & $-0.404202$ & $-0.00349287$ & $0.0573656$ & $0.253962$ & $0.410532$ & $1$ & $0.167311$ & $-0.0034004$ & $-0.447952$ & $0.46675$ & $0.324602$ & $0.343708$ & $-0.152471$ & $0.102898$ & $-0.118493$ & $-0.189568$ & $-0.36858$ & $0.0979652$ & $0.00446739$ & $0.0243032$ & $0.00853209$ & $-0.0181807$ & $0.013082$ & $-0.0723351$ & $-0.0310412$ & $0.0025903$ & $-0.00402444$ & $-0.0047346$ & $0.00894243$ & $0.00284126$ & $-0.0285412$ & $-0.0109856$ & $0.0430802$ & $-0.000465365$ & $-0.0329682$ & $-0.000226301$ & $0.0108935$ & $-0.0172202$ & $-0.038089$ \\
CHL3_11 & $0.0145598$ & $0.0520795$ & $-0.00157734$ & $0.00321792$ & $-0.00376353$ & $-0.262797$ & $0.0654171$ & $-0.209921$ & $-0.212999$ & $0.423203$ & $-0.241967$ & $-0.253792$ & $-0.319751$ & $0.648018$ & $0.179285$ & $0.167311$ & $1$ & $0.723222$ & $0.719055$ & $0.264028$ & $0.210341$ & $0.200793$ & $-0.0749213$ & $0.660126$ & $0.768258$ & $-0.112642$ & $-0.137025$ & $0.0688716$ & $-0.0130001$ & $-0.0788484$ & $-0.0302881$ & $0.0428938$ & $-0.089519$ & $-0.232152$ & $-0.0357341$ & $-0.0183906$ & $-0.0274422$ & $-0.00989074$ & $-0.0171544$ & $0.00194619$ & $-0.0384528$ & $-0.00708906$ & $-0.0068357$ & $0.0118546$ & $-0.0101475$ & $0.0071938$ & $0.0333524$ & $-0.0264415$ & $-0.00418962$ \\
CHL3_22 & $0.00726108$ & $0.0434541$ & $0.00445553$ & $-0.00165496$ & $-0.000711088$ & $-0.0353293$ & $0.0695586$ & $-0.400635$ & $-0.399942$ & $0.470774$ & $0.0353056$ & $-0.229838$ & $-0.337408$ & $0.596109$ & $-0.447486$ & $-0.0034004$ & $0.723222$ & $1$ & $0.648134$ & $-0.037688$ & $-0.0289736$ & $-0.0287151$ & $6.9838e-05$ & $0.599473$ & $0.776727$ & $0.0187145$ & $0.00936853$ & $-0.0120464$ & $-0.0182568$ & $-0.0896651$ & $-0.0344991$ & $0.0495489$ & $-0.0968205$ & $0.0630302$ & $-0.0257963$ & $-0.0262428$ & $-0.0246704$ & $-0.00798805$ & $-0.0325991$ & $-0.00011634$ & $-0.03061$ & $-0.000662207$ & $-0.0157009$ & $0.00831924$ & $-0.00755872$ & $0.00510169$ & $0.0130305$ & $-0.0236862$ & $0.00636221$ \\
CHL3_33 & $-0.00365522$ & $0.0385512$ & $0.00973887$ & $0.00301556$ & $-0.00312242$ & $-0.0397166$ & $0.0707928$ & $-0.402206$ & $-0.402504$ & $0.477414$ & $0.0396062$ & $-0.218223$ & $-0.334019$ & $0.591799$ & $-0.00564882$ & $-0.447952$ & $0.719055$ & $0.648134$ & $1$ & $-0.0426028$ & $-0.0322824$ & $-0.0323152$ & $-0.000869034$ & $0.599893$ & $0.780896$ & $0.0273023$ & $0.021148$ & $-0.00507302$ & $-0.0122815$ & $-0.0850042$ & $-0.0322795$ & $0.0521347$ & $-0.0893465$ & $-0.337628$ & $-0.017157$ & $-0.012185$ & $-0.0241255$ & $-0.0116539$ & $-0.0273501$ & $0.00456715$ & $-0.0322588$ & $0.00165281$ & $-0.0296093$ & $0.00574875$ & $0.00856646$ & $0.0125991$ & $0.0305808$ & $-0.0058099$ & $0.0162534$ \\
CHe_11 & $-0.0699822$ & $-0.0112337$ & $0.033189$ & $-0.018898$ & $-0.011933$ & $-0.184012$ & $-0.0318692$ & $0.851778$ & $0.835072$ & $-0.332587$ & $-0.990339$ & $-0.133964$ & $0.130134$ & $0.550797$ & $0.474399$ & $0.46675$ & $0.264028$ & $-0.037688$ & $-0.0426028$ & $1$ & $0.972917$ & $0.951258$ & $-0.0155071$ & $-0.241443$ & $0.0239197$ & $-0.539442$ & $0.232274$ & $0.306741$ & $0.0163771$ & $0.0429343$ & $0.021483$ & $-0.0390577$ & $0.0355133$ & $0.291548$ & $0.00104397$ & $-0.0137009$ & $0.0315204$ & $-0.00877375$ & $0.035256$ & $-0.0168397$ & $0.0752373$ & $-0.0119024$ & $0.0219065$ & $0.0306342$ & $-0.00989583$ & $-0.0161544$ & $0.00481645$ & $-0.0378171$ & $-0.0211817$ \\
CHe_22 & $-0.0938265$ & $-0.015581$ & $0.0443661$ & $-0.023917$ & $-0.00815499$ & $-0.184817$ & $-0.0344166$ & $0.897198$ & $0.879037$ & $-0.363119$ & $-0.991209$ & $-0.150814$ & $0.142663$ & $0.4979$ & $0.328288$ & $0.324602$ & $0.210341$ & $-0.0289736$ & $-0.0322824$ & $0.972917$ & $1$ & $0.973737$ & $0.0334763$ & $-0.348479$ & $0.0124303$ & $-0.551453$ & $0.382222$ & $0.31453$ & $0.0157322$ & $0.0429641$ & $0.0221174$ & $-0.0423708$ & $0.0371322$ & $0.452464$ & $0.00916349$ & $-0.0161387$ & $0.039032$ & $-0.00665017$ & $0.0376798$ & $-0.0209102$ & $0.0967323$ & $-0.00989545$ & $0.0144841$ & $0.0343416$ & $-0.00313973$ & $-0.0206081$ & $-0.00325617$ & $-0.0403053$ & $-0.0153652$ \\
CHe_33 & $-0.0903013$ & $-0.0138228$ & $0.0421496$ & $-0.0230183$ & $-0.00861542$ & $-0.180261$ & $-0.0343158$ & $0.879423$ & $0.861421$ & $-0.358878$ & $-0.968775$ & $-0.145018$ & $0.141791$ & $0.481217$ & $0.318082$ & $0.343708$ & $0.200793$ & $-0.0287151$ & $-0.0323152$ & $0.951258$ & $0.973737$ & $1$ & $0.0336596$ & $-0.344182$ & $0.0115739$ & $-0.538099$ & $0.37812$ & $0.306157$ & $0.0153056$ & $0.044203$ & $0.0230125$ & $-0.0418954$ & $0.0389302$ & $0.449414$ & $0.00887331$ & $-0.0152715$ & $0.037275$ & $-0.00408368$ & $0.0398262$ & $-0.0218962$ & $0.0938637$ & $-0.0106849$ & $0.0102982$ & $0.0303061$ & $-0.00137115$ & $-0.0216804$ & $-0.00560139$ & $-0.0380002$ & $-0.0156026$ \\
CHQ1_11 & $-0.0515501$ & $0.00877056$ & $0.046428$ & $-0.0251135$ & $5.25447e-05$ & $-0.00712673$ & $-0.0165226$ & $0.0619797$ & $0.0590274$ & $-0.0550499$ & $-0.00680286$ & $0.00397101$ & $0.0408212$ & $-0.0764413$ & $-0.160353$ & $-0.152471$ & $-0.0749213$ & $6.9838e-05$ & $-0.000869034$ & $-0.0155071$ & $0.0334763$ & $0.0336596$ & $1$ & $-0.128917$ & $0.0764325$ & $-0.682186$ & $0.332296$ & $0.00774274$ & $-0.00389334$ & $0.0142331$ & $0.00291065$ & $-0.0165655$ & $0.0105535$ & $0.186055$ & $0.0260038$ & $-0.0059903$ & $-0.0147787$ & $0.0150988$ & $0.00455354$ & $-0.0121256$ & $0.046567$ & $0.000978841$ & $-0.0272711$ & $-0.00807532$ & $0.028247$ & $-0.00505648$ & $-0.0274695$ & $-0.016604$ & $0.00647037$ \\
CHQ1_33 & $0.0251492$ & $0.0508071$ & $-0.00572709$ & $0.00631813$ & $-0.00561919$ & $0.00236333$ & $0.0670262$ & $-0.657353$ & $-0.650493$ & $0.546875$ & $0.294963$ & $-0.121186$ & $-0.34599$ & $0.449035$ & $0.117001$ & $0.102898$ & $0.660126$ & $0.599473$ & $0.599893$ & $-0.241443$ & $-0.348479$ & $-0.344182$ & $-0.128917$ & $1$ & $0.622581$ & $0.191989$ & $-0.399463$ & $-0.00632985$ & $-0.0201319$ & $-0.0846796$ & $-0.0378609$ & $0.0537048$ & $-0.0938866$ & $-0.620166$ & $-0.0266721$ & $-0.0168111$ & $-0.0426543$ & $-0.0102332$ & $-0.0398165$ & $0.0186603$ & $-0.0689652$ & $-0.00242947$ & $-0.0032445$ & $-0.0110788$ & $-0.0126166$ & $0.00996608$ & $0.0321743$ & $-0.0168545$ & $0.00530761$ \\
CHQ3_11 & $-0.130818$ & $0.046608$ & $0.0636201$ & $-0.0325572$ & $0.00262214$ & $-0.0809674$ & $0.0670803$ & $-0.362288$ & $-0.363693$ & $0.467318$ & $-0.016549$ & $-0.217178$ & $-0.331366$ & $0.600517$ & $-0.107794$ & $-0.118493$ & $0.768258$ & $0.776727$ & $0.780896$ & $0.0239197$ & $0.0124303$ & $0.0115739$ & $0.0764325$ & $0.622581$ & $1$ & $0.00428262$ & $0.24308$ & $0.00542336$ & $-0.0202438$ & $-0.08724$ & $-0.0405544$ & $0.0486534$ & $-0.0931786$ & $-0.186974$ & $0.0208043$ & $-0.0351274$ & $-0.0195697$ & $-0.00594885$ & $-0.0319315$ & $-0.00686414$ & $0.0401048$ & $0.00460244$ & $-0.0327384$ & $0.0080072$ & $0.00760886$ & $-0.00620072$ & $-0.00116121$ & $-0.0421496$ & $0.0255721$ \\
CHu_11 & $0.0105274$ & $0.00494041$ & $-0.0274498$ & $0.00866898$ & $0.00842877$ & $0.104002$ & $0.0257067$ & $-0.497984$ & $-0.487159$ & $0.209319$ & $0.549004$ & $0.0785416$ & $-0.090898$ & $-0.273153$ & $-0.184267$ & $-0.189568$ & $-0.112642$ & $0.0187145$ & $0.0273023$ & $-0.539442$ & $-0.551453$ & $-0.538099$ & $-0.682186$ & $0.191989$ & $0.00428262$ & $1$ & $-0.175151$ & $-0.17529$ & $-0.00378169$ & $-0.0375493$ & $-0.0167396$ & $0.0298802$ & $-0.0264247$ & $-0.250558$ & $0.0005391$ & $0.00288525$ & $0.00620524$ & $-0.0081043$ & $-0.0215849$ & $0.00803313$ & $-0.0340607$ & $0.00781198$ & $0.00486359$ & $-0.0107654$ & $-0.00884256$ & $0.00158363$ & $0.00551684$ & $0.0204331$ & $0.0140083$ \\
CHd_11 & $-0.196699$ & $-0.017607$ & $0.0996288$ & $-0.0533618$ & $0.00918262$ & $-0.0644109$ & $-0.0267649$ & $0.427223$ & $0.417625$ & $-0.23037$ & $-0.303982$ & $-0.0555966$ & $0.108785$ & $-0.0596439$ & $-0.370618$ & $-0.36858$ & $-0.137025$ & $0.00936853$ & $0.021148$ & $0.232274$ & $0.382222$ & $0.37812$ & $0.332296$ & $-0.399463$ & $0.24308$ & $-0.175151$ & $1$ & $0.103976$ & $0.00227612$ & $0.0166632$ & $0.00626985$ & $-0.0303042$ & $0.022041$ & $0.658767$ & $0.0625938$ & $-0.0391678$ & $0.0588156$ & $0.00635878$ & $0.0251694$ & $-0.0381009$ & $0.167475$ & $0.00309816$ & $-0.0248083$ & $0.0261691$ & $0.0379259$ & $-0.0314424$ & $-0.050029$ & $-0.0335015$ & $0.0266466$ \\
CHd_33 & $-0.0185126$ & $0.00378884$ & $0.0129747$ & $-0.00569804$ & $-0.0120384$ & $-0.0547476$ & $-0.018857$ & $0.281831$ & $0.275949$ & $-0.110792$ & $-0.312867$ & $-0.0541389$ & $0.0364024$ & $0.16014$ & $0.110918$ & $0.0979652$ & $0.0688716$ & $-0.0120464$ & $-0.00507302$ & $0.306741$ & $0.31453$ & $0.306157$ & $0.00774274$ & $-0.00632985$ & $0.00542336$ & $-0.17529$ & $0.103976$ & $1$ & $-0.000749147$ & $0.0158747$ & $0.0101096$ & $-0.0243611$ & $0.00992467$ & $0.13625$ & $-0.0155251$ & $-0.0152734$ & $0.00378928$ & $-0.00495641$ & $0.0172118$ & $0.00401342$ & $0.0225454$ & $-0.0125902$ & $0.00638208$ & $0.0172262$ & $-0.01911$ & $-0.0317784$ & $0.00427641$ & $-0.0293628$ & $-0.00739583$ \\
CeH_22r & $0.025764$ & $0.00490165$ & $-0.0169639$ & $0.0228534$ & $-0.0109272$ & $0.00021098$ & $-0.000177426$ & $0.0210682$ & $0.026336$ & $-0.00652961$ & $-0.0160527$ & $0.043905$ & $0.0334461$ & $-0.00363811$ & $0.0119554$ & $0.00446739$ & $-0.0130001$ & $-0.0182568$ & $-0.0122815$ & $0.0163771$ & $0.0157322$ & $0.0153056$ & $-0.00389334$ & $-0.0201319$ & $-0.0202438$ & $-0.00378169$ & $0.00227612$ & $-0.000749147$ & $1$ & $0.0345204$ & $0.0260513$ & $-0.0129036$ & $0.036489$ & $0.0058976$ & $-0.0321672$ & $-0.0108554$ & $0.00206185$ & $0.001353$ & $-0.0161093$ & $0.0191436$ & $-0.00649089$ & $0.00837454$ & $0.0129208$ & $0.00488413$ & $0.00904381$ & $0.00674623$ & $0.0209961$ & $-0.0109069$ & $-0.0116677$ \\
CeH_33r & $-0.017429$ & $0.0272733$ & $-0.00479827$ & $-0.060074$ & $0.00603758$ & $-0.00142082$ & $-0.111522$ & $0.0799962$ & $0.101859$ & $-0.109874$ & $-0.0420242$ & $0.308976$ & $0.243741$ & $-0.047068$ & $0.0286097$ & $0.0243032$ & $-0.0788484$ & $-0.0896651$ & $-0.0850042$ & $0.0429343$ & $0.0429641$ & $0.044203$ & $0.0142331$ & $-0.0846796$ & $-0.08724$ & $-0.0375493$ & $0.0166632$ & $0.0158747$ & $0.0345204$ & $1$ & $0.292843$ & $0.0387105$ & $0.683444$ & $0.0389314$ & $-0.0386663$ & $-0.0090628$ & $-0.128294$ & $0.00570162$ & $-0.00425202$ & $0.00454193$ & $0.0321359$ & $-0.0180089$ & $0.00222741$ & $-0.00419493$ & $0.0295984$ & $0.0211076$ & $-0.0682415$ & $-0.0622168$ & $-0.00852857$ \\
CuH_22r & $0.0263433$ & $0.00675052$ & $-0.024126$ & $0.0322774$ & $0.00116804$ & $-0.00679159$ & $-0.0472401$ & $0.0363059$ & $0.0493949$ & $-0.0608436$ & $-0.0215639$ & $0.0834229$ & $0.0923415$ & $-0.0176877$ & $0.0091198$ & $0.00853209$ & $-0.0302881$ & $-0.0344991$ & $-0.0322795$ & $0.021483$ & $0.0221174$ & $0.0230125$ & $0.00291065$ & $-0.0378609$ & $-0.0405544$ & $-0.0167396$ & $0.00626985$ & $0.0101096$ & $0.0260513$ & $0.292843$ & $1$ & $0.0375671$ & $0.333287$ & $0.0204997$ & $-0.0313947$ & $0.0392672$ & $-0.00369215$ & $-0.0133611$ & $-0.029751$ & $-0.0111597$ & $0.059504$ & $-0.0072631$ & $0.0263474$ & $0.00396275$ & $-0.0102239$ & $0.133389$ & $0.227587$ & $-0.00837076$ & $-0.0878566$ \\
CuH_33r & $-0.0160868$ & $0.0241055$ & $0.0227906$ & $-0.0636424$ & $-0.00264032$ & $0.00723029$ & $0.934218$ & $-0.0639343$ & $-0.0228351$ & $0.0665882$ & $0.0417103$ & $-0.08893$ & $-0.218761$ & $0.0204112$ & $-0.0132291$ & $-0.0181807$ & $0.0428938$ & $0.0495489$ & $0.0521347$ & $-0.0390577$ & $-0.0423708$ & $-0.0418954$ & $-0.0165655$ & $0.0537048$ & $0.0486534$ & $0.0298802$ & $-0.0303042$ & $-0.0243611$ & $-0.0129036$ & $0.0387105$ & $0.0375671$ & $1$ & $0.0327382$ & $-0.0388238$ & $0.0592201$ & $0.0377205$ & $-0.0316963$ & $0.00193097$ & $0.024281$ & $0.0226427$ & $-0.0165962$ & $-0.00145923$ & $-0.0147068$ & $-0.0467616$ & $0.0248782$ & $-0.000895551$ & $0.0258932$ & $-0.0155822$ & $-0.0389079$ \\
CdH_33r & $-0.0295187$ & $0.0111233$ & $0.045927$ & $-0.0665698$ & $0.0023684$ & $0.0118149$ & $-0.153553$ & $0.0794395$ & $0.103041$ & $-0.120179$ & $-0.0348879$ & $0.374152$ & $0.299741$ & $-0.0596868$ & $0.0217835$ & $0.013082$ & $-0.089519$ & $-0.0968205$ & $-0.0893465$ & $0.0355133$ & $0.0371322$ & $0.0389302$ & $0.0105535$ & $-0.0938866$ & $-0.0931786$ & $-0.0264247$ & $0.022041$ & $0.00992467$ & $0.036489$ & $0.683444$ & $0.333287$ & $0.0327382$ & $1$ & $0.0434497$ & $-0.041553$ & $-0.106576$ & $-0.10961$ & $-0.00185958$ & $0.0286148$ & $0.00193854$ & $-0.0924077$ & $-0.0229308$ & $0.00209063$ & $0.0135312$ & $0.0148981$ & $-0.0204237$ & $-0.157587$ & $0.0799995$ & $0.324808$ \\
CLL_1221 & $-0.113447$ & $-0.00395664$ & $0.0560251$ & $-0.0338099$ & $0.00123954$ & $-0.105943$ & $-0.0391244$ & $0.561934$ & $0.552238$ & $-0.354373$ & $-0.368914$ & $-0.0388107$ & $0.182436$ & $-0.188279$ & $-0.598992$ & $-0.0723351$ & $-0.232152$ & $0.0630302$ & $-0.337628$ & $0.291548$ & $0.452464$ & $0.449414$ & $0.186055$ & $-0.620166$ & $-0.186974$ & $-0.250558$ & $0.658767$ & $0.13625$ & $0.0058976$ & $0.0389314$ & $0.0204997$ & $-0.0388238$ & $0.0434497$ & $1$ & $0.0314619$ & $-0.0230343$ & $0.0402297$ & $0.0121645$ & $0.0279233$ & $-0.0281124$ & $0.117129$ & $-0.00228626$ & $-0.0112626$ & $0.0224806$ & $0.00938172$ & $-0.0301814$ & $-0.0471574$ & $-0.0309501$ & $0.00577594$ \\
eHggint & $-0.30145$ & $-0.0885556$ & $0.453233$ & $-0.135378$ & $-0.0121815$ & $0.00832381$ & $-0.0163738$ & $0.0264438$ & $0.00383628$ & $0.00973358$ & $-0.00151469$ & $0.0718072$ & $0.0246965$ & $-0.0253342$ & $-0.0176672$ & $-0.0310412$ & $-0.0357341$ & $-0.0257963$ & $-0.017157$ & $0.00104397$ & $0.00916349$ & $0.00887331$ & $0.0260038$ & $-0.0266721$ & $0.0208043$ & $0.0005391$ & $0.0625938$ & $-0.0155251$ & $-0.0321672$ & $-0.0386663$ & $-0.0313947$ & $0.0592201$ & $-0.041553$ & $0.0314619$ & $1$ & $0.182989$ & $0.0557557$ & $-0.0146813$ & $0.125535$ & $0.000764172$ & $-0.0979515$ & $0.0380188$ & $-0.124794$ & $-0.268684$ & $0.0617085$ & $-0.282355$ & $0.00651049$ & $0.188374$ & $-0.0709729$ \\
eHggpar & $0.052938$ & $0.091953$ & $-0.0814626$ & $-0.0713009$ & $0.00533566$ & $0.0130963$ & $0.00110863$ & $-0.0102575$ & $-0.0296175$ & $0.0111447$ & $0.0151769$ & $0.042415$ & $0.00237901$ & $-0.0124605$ & $0.0189476$ & $0.0025903$ & $-0.0183906$ & $-0.0262428$ & $-0.012185$ & $-0.0137009$ & $-0.0161387$ & $-0.0152715$ & $-0.0059903$ & $-0.0168111$ & $-0.0351274$ & $0.00288525$ & $-0.0391678$ & $-0.0152734$ & $-0.0108554$ & $-0.0090628$ & $0.0392672$ & $0.0377205$ & $-0.106576$ & $-0.0230343$ & $0.182989$ & $1$ & $0.00533522$ & $-0.000233403$ & $-0.0737646$ & $0.000121318$ & $-0.0747224$ & $0.0377196$ & $-0.227608$ & $-0.3107$ & $0.317447$ & $0.0260934$ & $0.230578$ & $0.00818998$ & $-0.254153$ \\
eHWWint & $0.0960011$ & $-0.205135$ & $0.0779036$ & $0.195546$ & $-0.00588408$ & $-0.0201402$ & $-0.00364953$ & $0.0556165$ & $0.0577998$ & $-0.0371725$ & $-0.0385888$ & $-0.0060944$ & $0.023445$ & $-0.00852483$ & $-0.00600981$ & $-0.00402444$ & $-0.0274422$ & $-0.0246704$ & $-0.0241255$ & $0.0315204$ & $0.039032$ & $0.037275$ & $-0.0147787$ & $-0.0426543$ & $-0.0195697$ & $0.00620524$ & $0.0588156$ & $0.00378928$ & $0.00206185$ & $-0.128294$ & $-0.00369215$ & $-0.0316963$ & $-0.10961$ & $0.0402297$ & $0.0557557$ & $0.00533522$ & $1$ & $-0.0336264$ & $-0.190249$ & $-0.033306$ & $-0.0467889$ & $0.0307102$ & $0.206067$ & $0.0721308$ & $0.154312$ & $-0.144809$ & $0.329408$ & $0.264603$ & $0.0620266$ \\
eHWWpar & $-0.0389757$ & $0.0482264$ & $-0.0136811$ & $-0.0499039$ & $0.0071803$ & $0.00454154$ & $0.0041777$ & $-0.00110273$ & $-0.0020069$ & $-0.0169214$ & $0.00870325$ & $0.0061655$ & $0.0117183$ & $-0.0198072$ & $-0.00982994$ & $-0.0047346$ & $-0.00989074$ & $-0.00798805$ & $-0.0116539$ & $-0.00877375$ & $-0.00665017$ & $-0.00408368$ & $0.0150988$ & $-0.0102332$ & $-0.00594885$ & $-0.0081043$ & $0.00635878$ & $-0.00495641$ & $0.001353$ & $0.00570162$ & $-0.0133611$ & $0.00193097$ & $-0.00185958$ & $0.0121645$ & $-0.0146813$ & $-0.000233403$ & $-0.0336264$ & $1$ & $0.00783123$ & $-0.00910923$ & $0.0410227$ & $-0.00459517$ & $-0.00756235$ & $-0.000614887$ & $0.0179786$ & $0.0477197$ & $-0.0474991$ & $-0.0246014$ & $0.00677352$ \\
eHZZint & $0.0752053$ & $-0.0473671$ & $-0.0522794$ & $0.0319285$ & $-0.00224866$ & $0.00116637$ & $0.00682894$ & $0.0495852$ & $0.0433478$ & $-0.0247601$ & $-0.0379051$ & $0.00425178$ & $0.0107805$ & $-0.0123393$ & $0.0154665$ & $0.00894243$ & $-0.0171544$ & $-0.0325991$ & $-0.0273501$ & $0.035256$ & $0.0376798$ & $0.0398262$ & $0.00455354$ & $-0.0398165$ & $-0.0319315$ & $-0.0215849$ & $0.0251694$ & $0.0172118$ & $-0.0161093$ & $-0.00425202$ & $-0.029751$ & $0.024281$ & $0.0286148$ & $0.0279233$ & $0.125535$ & $-0.0737646$ & $-0.190249$ & $0.00783123$ & $1$ & $-0.0357795$ & $-0.188571$ & $-0.0205316$ & $-0.0898093$ & $-0.0255082$ & $-0.256758$ & $-0.162657$ & $-0.12306$ & $0.0577001$ & $0.0144549$ \\
eHZZpar & $-0.0158159$ & $-0.0127196$ & $0.0338581$ & $0.00814574$ & $-0.00898189$ & $-0.00538155$ & $0.0187143$ & $-0.0221208$ & $-0.0217584$ & $0.0156041$ & $0.0187383$ & $0.00525392$ & $-0.00476484$ & $0.000169551$ & $0.00929922$ & $0.00284126$ & $0.00194619$ & $-0.00011634$ & $0.00456715$ & $-0.0168397$ & $-0.0209102$ & $-0.0218962$ & $-0.0121256$ & $0.0186603$ & $-0.00686414$ & $0.00803313$ & $-0.0381009$ & $0.00401342$ & $0.0191436$ & $0.00454193$ & $-0.0111597$ & $0.0226427$ & $0.00193854$ & $-0.0281124$ & $0.000764172$ & $0.000121318$ & $-0.033306$ & $-0.00910923$ & $-0.0357795$ & $1$ & $0.0172287$ & $-0.00497003$ & $-0.00987822$ & $-0.0162736$ & $-0.0267136$ & $0.00329573$ & $-0.0721684$ & $0.0522214$ & $-0.0345506$ \\
eHZgaint & $-0.417337$ & $-0.0733762$ & $0.0837144$ & $-0.081393$ & $0.00346404$ & $-0.0371872$ & $-0.0061618$ & $0.114632$ & $0.120497$ & $-0.0989641$ & $-0.0835771$ & $-0.0265025$ & $0.041482$ & $-0.0121589$ & $-0.0315317$ & $-0.0285412$ & $-0.0384528$ & $-0.03061$ & $-0.0322588$ & $0.0752373$ & $0.0967323$ & $0.0938637$ & $0.046567$ & $-0.0689652$ & $0.0401048$ & $-0.0340607$ & $0.167475$ & $0.0225454$ & $-0.00649089$ & $0.0321359$ & $0.059504$ & $-0.0165962$ & $-0.0924077$ & $0.117129$ & $-0.0979515$ & $-0.0747224$ & $-0.0467889$ & $0.0410227$ & $-0.188571$ & $0.0172287$ & $1$ & $0.0394333$ & $0.0933102$ & $0.182235$ & $-0.0765362$ & $0.402417$ & $0.0824705$ & $-0.466164$ & $-0.188223$ \\
eHZgapar & $-0.0383014$ & $-0.0383621$ & $0.0329058$ & $0.0280411$ & $-0.00536528$ & $-0.00372697$ & $-0.00121201$ & $-0.00741262$ & $-0.00819884$ & $0.00457636$ & $0.0111165$ & $-0.00515158$ & $-0.00770753$ & $-0.00614799$ & $-0.0085354$ & $-0.0109856$ & $-0.00708906$ & $-0.000662207$ & $0.00165281$ & $-0.0119024$ & $-0.00989545$ & $-0.0106849$ & $0.000978841$ & $-0.00242947$ & $0.00460244$ & $0.00781198$ & $0.00309816$ & $-0.0125902$ & $0.00837454$ & $-0.0180089$ & $-0.0072631$ & $-0.00145923$ & $-0.0229308$ & $-0.00228626$ & $0.0380188$ & $0.0377196$ & $0.0307102$ & $-0.00459517$ & $-0.0205316$ & $-0.00497003$ & $0.0394333$ & $1$ & $0.0316522$ & $-0.0435059$ & $0.0181576$ & $0.033812$ & $0.00395387$ & $-0.00892756$ & $-0.00347076$ \\
eHgagaint & $0.12327$ & $-0.101252$ & $0.00995841$ & $-0.0844227$ & $0.00116351$ & $-0.00202841$ & $0.0036898$ & $0.0209499$ & $0.0794861$ & $-0.0287533$ & $-0.0209106$ & $-0.0196757$ & $0.0128934$ & $0.00835757$ & $0.0274606$ & $0.0430802$ & $-0.0068357$ & $-0.0157009$ & $-0.0296093$ & $0.0219065$ & $0.0144841$ & $0.0102982$ & $-0.0272711$ & $-0.0032445$ & $-0.0327384$ & $0.00486359$ & $-0.0248083$ & $0.00638208$ & $0.0129208$ & $0.00222741$ & $0.0263474$ & $-0.0147068$ & $0.00209063$ & $-0.0112626$ & $-0.124794$ & $-0.227608$ & $0.206067$ & $-0.00756235$ & $-0.0898093$ & $-0.00987822$ & $0.0933102$ & $0.0316522$ & $1$ & $0.166529$ & $0.0207749$ & $-0.118539$ & $0.129949$ & $-0.25324$ & $0.122969$ \\
eHmumuint & $0.029574$ & $-0.127123$ & $-0.176162$ & $-0.133845$ & $0.00189438$ & $-0.0294854$ & $-0.0160355$ & $0.0316369$ & $0.0432406$ & $-0.0335176$ & $-0.0355218$ & $-0.0379939$ & $0.0166354$ & $0.0151506$ & $-0.00177169$ & $-0.000465365$ & $0.0118546$ & $0.00831924$ & $0.00574875$ & $0.0306342$ & $0.0343416$ & $0.0303061$ & $-0.00807532$ & $-0.0110788$ & $0.0080072$ & $-0.0107654$ & $0.0261691$ & $0.0172262$ & $0.00488413$ & $-0.00419493$ & $0.00396275$ & $-0.0467616$ & $0.0135312$ & $0.0224806$ & $-0.268684$ & $-0.3107$ & $0.0721308$ & $-0.000614887$ & $-0.0255082$ & $-0.0162736$ & $0.182235$ & $-0.0435059$ & $0.166529$ & $1$ & $-0.172993$ & $0.0923476$ & $0.0185059$ & $-0.027965$ & $0.0688606$ \\
eHtautauint & $0.0268446$ & $-0.0886862$ & $-0.0363568$ & $-0.180801$ & $-0.00421106$ & $0.025874$ & $0.0220866$ & $0.00355377$ & $0.00350943$ & $0.0012569$ & $0.00427417$ & $0.0160147$ & $0.0105009$ & $-0.0120125$ & $-0.0119814$ & $-0.0329682$ & $-0.0101475$ & $-0.00755872$ & $0.00856646$ & $-0.00989583$ & $-0.00313973$ & $-0.00137115$ & $0.028247$ & $-0.0126166$ & $0.00760886$ & $-0.00884256$ & $0.0379259$ & $-0.01911$ & $0.00904381$ & $0.0295984$ & $-0.0102239$ & $0.0248782$ & $0.0148981$ & $0.00938172$ & $0.0617085$ & $0.317447$ & $0.154312$ & $0.0179786$ & $-0.256758$ & $-0.0267136$ & $-0.0765362$ & $0.0181576$ & $0.0207749$ & $-0.172993$ & $1$ & $-0.0406352$ & $0.0434604$ & $0.0206789$ & $0.13422$ \\
eHccint & $0.121712$ & $0.0273922$ & $-0.0680004$ & $0.00897846$ & $0.00906417$ & $0.00837185$ & $0.0192783$ & $-0.0256758$ & $-0.0266259$ & $-0.00633841$ & $0.017574$ & $-0.0190726$ & $-0.00229146$ & $0.00548021$ & $0.00933921$ & $-0.000226301$ & $0.0071938$ & $0.00510169$ & $0.0125991$ & $-0.0161544$ & $-0.0206081$ & $-0.0216804$ & $-0.00505648$ & $0.00996608$ & $-0.00620072$ & $0.00158363$ & $-0.0314424$ & $-0.0317784$ & $0.00674623$ & $0.0211076$ & $0.133389$ & $-0.000895551$ & $-0.0204237$ & $-0.0301814$ & $-0.282355$ & $0.0260934$ & $-0.144809$ & $0.0477197$ & $-0.162657$ & $0.00329573$ & $0.402417$ & $0.033812$ & $-0.118539$ & $0.0923476$ & $-0.0406352$ & $1$ & $0.248098$ & $0.0168395$ & $-0.134565$ \\
eHccpar & $0.137132$ & $-0.0549848$ & $-0.0732154$ & $0.205988$ & $-0.000925153$ & $-0.0191226$ & $0.0328387$ & $-0.0174757$ & $-0.0137602$ & $0.0235948$ & $-0.00334306$ & $-0.016093$ & $-0.0274375$ & $0.0316871$ & $0.0346378$ & $0.0108935$ & $0.0333524$ & $0.0130305$ & $0.0305808$ & $0.00481645$ & $-0.00325617$ & $-0.00560139$ & $-0.0274695$ & $0.0321743$ & $-0.00116121$ & $0.00551684$ & $-0.050029$ & $0.00427641$ & $0.0209961$ & $-0.0682415$ & $0.227587$ & $0.0258932$ & $-0.157587$ & $-0.0471574$ & $0.00651049$ & $0.230578$ & $0.329408$ & $-0.0474991$ & $-0.12306$ & $-0.0721684$ & $0.0824705$ & $0.00395387$ & $0.129949$ & $0.0185059$ & $0.0434604$ & $0.248098$ & $1$ & $0.108022$ & $-0.271267$ \\
eHbbint & $0.240512$ & $-0.0411379$ & $0.0507706$ & $0.177057$ & $-0.00532856$ & $0.0200688$ & $-0.0218168$ & $-0.02806$ & $-0.0489322$ & $0.0266554$ & $0.0376444$ & $0.0350783$ & $0.00847796$ & $-0.0278619$ & $0.00379912$ & $-0.0172202$ & $-0.0264415$ & $-0.0236862$ & $-0.0058099$ & $-0.0378171$ & $-0.0403053$ & $-0.0380002$ & $-0.016604$ & $-0.0168545$ & $-0.0421496$ & $0.0204331$ & $-0.0335015$ & $-0.0293628$ & $-0.0109069$ & $-0.0622168$ & $-0.00837076$ & $-0.0155822$ & $0.0799995$ & $-0.0309501$ & $0.188374$ & $0.00818998$ & $0.264603$ & $-0.0246014$ & $0.0577001$ & $0.0522214$ & $-0.466164$ & $-0.00892756$ & $-0.25324$ & $-0.027965$ & $0.0206789$ & $0.0168395$ & $0.108022$ & $1$ & $0.0551$ \\
eHbbpar & $-0.117542$ & $-0.0585509$ & $0.125613$ & $-0.137409$ & $-0.00594106$ & $0.0220964$ & $-0.0231797$ & $-0.0128246$ & $-0.00431163$ & $0.0127193$ & $0.0188347$ & $-0.0167122$ & $-0.0121371$ & $-0.00799093$ & $-0.0215463$ & $-0.038089$ & $-0.00418962$ & $0.00636221$ & $0.0162534$ & $-0.0211817$ & $-0.0153652$ & $-0.0156026$ & $0.00647037$ & $0.00530761$ & $0.0255721$ & $0.0140083$ & $0.0266466$ & $-0.00739583$ & $-0.0116677$ & $-0.00852857$ & $-0.0878566$ & $-0.0389079$ & $0.324808$ & $0.00577594$ & $-0.0709729$ & $-0.254153$ & $0.0620266$ & $0.00677352$ & $0.0144549$ & $-0.0345506$ & $-0.188223$ & $-0.00347076$ & $0.122969$ & $0.0688606$ & $0.13422$ & $-0.134565$ & $-0.271267$ & $0.0551$ & $1$ \\
