 & AlsMz & dAle5Mz & mtop & mHl & Mz & CW & CHG & CHWB & CHWHB_gaga & CHWHB_gagaorth & CHD & CHbox & CH & CHL1_11 & CHL1_22 & CHL1_33 & CHL3_11 & CHL3_22 & CHL3_33 & CHe_11 & CHe_22 & CHe_33 & CHQ1_11 & CHQ1_33 & CHQ3_11 & CHu_11 & CHd_11 & CHd_33 & CeH_22r & CeH_33r & CuH_22r & CuH_33r & CdH_33r & CLL_1221 & eHggint & eHggpar & eHWWint & eHWWpar & eHZZint & eHZZpar & eHZgaint & eHZgapar & eHgagaint & eHmumuint & eHtautauint & eHccint & eHccpar & eHbbint & eHbbpar \\
AlsMz & $1$ & $-0.148845$ & $0.0724789$ & $-0.0831327$ & $-0.0214355$ & $0.00611259$ & $0.00449565$ & $0.051651$ & $0.047017$ & $-0.0307264$ & $-0.0714631$ & $-0.0401793$ & $0.00140848$ & $0.0596631$ & $-0.00678441$ & $-0.0138773$ & $0.0340342$ & $0.0412366$ & $0.0492218$ & $0.0587351$ & $0.067685$ & $0.0701965$ & $0.0233769$ & $-0.050236$ & $-0.0260619$ & $-0.0770897$ & $0.0683809$ & $0.052792$ & $0.014131$ & $0.0104983$ & $0.074376$ & $0.00166$ & $0.0336819$ & $0.0463825$ & $0.0243994$ & $-0.0166943$ & $-0.177073$ & $-0.0122381$ & $-0.145208$ & $-0.0391966$ & $0.0501089$ & $0.0301931$ & $-0.132949$ & $3.02462e-06$ & $0.1552$ & $-0.079269$ & $0.274677$ & $-0.0941757$ & $0.102502$ \\
dAle5Mz & $-0.148845$ & $1$ & $0.060356$ & $0.153608$ & $-0.0071277$ & $0.033798$ & $0.0590345$ & $-0.0821225$ & $-0.0764551$ & $0.0523377$ & $0.0786308$ & $0.0396256$ & $-0.0716301$ & $-0.0437013$ & $-0.00014866$ & $-0.0102522$ & $-0.0184968$ & $-0.0204754$ & $-0.0136405$ & $-0.0582624$ & $-0.065772$ & $-0.0654979$ & $-0.00389708$ & $0.0246936$ & $-0.0146573$ & $0.0350033$ & $-0.066391$ & $-0.0413703$ & $-0.0229383$ & $-0.0453316$ & $-0.0130102$ & $0.0531157$ & $-0.0819018$ & $-0.0323949$ & $-0.164109$ & $-0.0518566$ & $0.0501774$ & $0.0275964$ & $0.11831$ & $-0.00249494$ & $-0.0461741$ & $0.0124516$ & $0.0342702$ & $0.211061$ & $-0.301982$ & $0.164716$ & $-0.00812745$ & $-0.190021$ & $-0.105887$ \\
mtop & $0.0724789$ & $0.060356$ & $1$ & $-0.015256$ & $-0.0184007$ & $0.00107782$ & $-0.0588303$ & $0.0185059$ & $0.0125558$ & $-0.0269777$ & $-0.0199415$ & $-0.0286046$ & $0.0564381$ & $0.016491$ & $0.0116751$ & $0.0120356$ & $0.0101241$ & $0.00521543$ & $0.00233412$ & $0.0248808$ & $0.0246799$ & $0.0239246$ & $0.00995514$ & $-0.00624693$ & $-0.00575853$ & $-0.024767$ & $-0.00331774$ & $0.0324599$ & $0.010088$ & $0.0566147$ & $0.0591671$ & $-0.0560807$ & $0.107951$ & $0.0118454$ & $-0.112021$ & $-0.0033095$ & $-0.0590761$ & $-0.00362558$ & $-0.132717$ & $0.00966247$ & $0.00462257$ & $0.0161966$ & $-0.192805$ & $0.0792172$ & $-0.232571$ & $0.00541156$ & $0.0447529$ & $0.000902738$ & $0.156405$ \\
mHl & $-0.0831327$ & $0.153608$ & $-0.015256$ & $1$ & $-0.0214193$ & $0.0127332$ & $0.0517188$ & $-0.0388832$ & $-0.0369858$ & $0.0288349$ & $0.0369431$ & $-0.0134517$ & $-0.0511767$ & $-0.0144852$ & $-0.0144213$ & $-0.0005761$ & $-0.00480474$ & $0.00566245$ & $-0.00373974$ & $-0.0328125$ & $-0.035935$ & $-0.0348873$ & $-0.0203433$ & $0.0253846$ & $-0.00263969$ & $0.0335896$ & $-0.037986$ & $-0.0311952$ & $-0.0305081$ & $-0.036698$ & $0.0262325$ & $0.0503999$ & $-0.00984699$ & $-0.0190804$ & $-0.114256$ & $-0.120308$ & $0.0634246$ & $-0.00683736$ & $0.140084$ & $0.0345645$ & $-0.138772$ & $0.00209353$ & $-0.0039521$ & $0.0818976$ & $-0.0961741$ & $0.00237932$ & $0.172016$ & $-0.0830918$ & $0.111178$ \\
Mz & $-0.0214355$ & $-0.0071277$ & $-0.0184007$ & $-0.0214193$ & $1$ & $-0.000467629$ & $-0.00236136$ & $0.0015792$ & $0.000493005$ & $0.00999614$ & $-0.00174192$ & $0.000409814$ & $0.00282877$ & $0.0144312$ & $0.0155089$ & $0.00312534$ & $0.0161332$ & $0.00532628$ & $0.012103$ & $0.00912742$ & $0.00967673$ & $0.00862655$ & $-0.0226794$ & $0.00937728$ & $0.00501759$ & $-0.000826693$ & $-0.0170058$ & $0.000924951$ & $0.00206544$ & $-0.00809847$ & $-0.00497983$ & $-0.00065353$ & $0.00311979$ & $-0.0125933$ & $-0.0110677$ & $-0.0136263$ & $0.0185856$ & $0.00180942$ & $0.0002739$ & $-0.00715496$ & $0.0159024$ & $-0.00752833$ & $0.00874705$ & $-0.00419616$ & $0.0074557$ & $-0.00681498$ & $-0.0205684$ & $-0.0126158$ & $0.0164693$ \\
CW & $0.00611259$ & $0.033798$ & $0.00107782$ & $0.0127332$ & $-0.000467629$ & $1$ & $0.0381075$ & $-0.0457541$ & $-0.0460026$ & $0.0242386$ & $0.161059$ & $0.0762019$ & $-0.0481725$ & $-0.0459984$ & $-0.0920649$ & $-0.0858865$ & $-0.379333$ & $-0.175339$ & $-0.176746$ & $-0.157987$ & $-0.163078$ & $-0.161292$ & $-0.0188777$ & $-0.130206$ & $-0.220692$ & $0.122206$ & $-0.0651166$ & $-0.0773295$ & $-0.000268541$ & $-0.0326069$ & $-0.030209$ & $0.0423565$ & $-0.0454384$ & $-0.0914417$ & $-0.00397196$ & $-0.0152559$ & $0.00332282$ & $-0.0145993$ & $0.00109945$ & $-0.00680575$ & $0.0171472$ & $0.0128382$ & $-0.0313308$ & $0.00898601$ & $0.0114093$ & $0.00934414$ & $-0.0188036$ & $-0.000672783$ & $-0.015667$ \\
CHG & $0.00449565$ & $0.0590345$ & $-0.0588303$ & $0.0517188$ & $-0.00236136$ & $0.0381075$ & $1$ & $-0.0447885$ & $-0.0240826$ & $0.182438$ & $0.0927807$ & $0.0909935$ & $-0.774998$ & $-0.112095$ & $-0.0301954$ & $-0.0393239$ & $-0.101148$ & $-0.0866927$ & $-0.0799346$ & $-0.0896929$ & $-0.0923105$ & $-0.0924966$ & $0.00416246$ & $-0.0489147$ & $-0.0890151$ & $0.0625145$ & $-0.0311455$ & $-0.0419433$ & $-0.141724$ & $-0.587776$ & $-0.37844$ & $0.954093$ & $-0.60626$ & $-0.0200313$ & $-0.140834$ & $-0.100475$ & $0.0874376$ & $0.0152436$ & $-0.0102662$ & $0.0119339$ & $0.0749973$ & $-0.00755068$ & $0.00997222$ & $-0.0263842$ & $0.017364$ & $-0.00594266$ & $-0.031086$ & $0.00990444$ & $0.0109676$ \\
CHWB & $0.051651$ & $-0.0821225$ & $0.0185059$ & $-0.0388832$ & $0.0015792$ & $-0.0457541$ & $-0.0447885$ & $1$ & $0.989828$ & $-0.556531$ & $-0.872895$ & $-0.198891$ & $0.0460153$ & $0.277829$ & $0.464713$ & $0.463696$ & $-0.206871$ & $-0.395454$ & $-0.392398$ & $0.856995$ & $0.885877$ & $0.878086$ & $0.0311194$ & $-0.621998$ & $-0.366005$ & $-0.606407$ & $0.391862$ & $0.396507$ & $-0.000379765$ & $0.0490589$ & $0.0307688$ & $-0.0511749$ & $0.0421687$ & $0.515353$ & $-0.0279209$ & $0.0511453$ & $-0.0201695$ & $-0.0163697$ & $-0.0301481$ & $-0.00857441$ & $-0.0177318$ & $-0.00137227$ & $-0.00365978$ & $-0.0262919$ & $0.0430598$ & $-0.0107359$ & $0.0268088$ & $0.0046437$ & $-0.00319143$ \\
CHWHB_gaga & $0.047017$ & $-0.0764551$ & $0.0125558$ & $-0.0369858$ & $0.000493005$ & $-0.0460026$ & $-0.0240826$ & $0.989828$ & $1$ & $-0.552526$ & $-0.862173$ & $-0.18816$ & $0.0521013$ & $0.271006$ & $0.459774$ & $0.458571$ & $-0.208289$ & $-0.395181$ & $-0.392147$ & $0.846624$ & $0.875133$ & $0.867256$ & $0.0311183$ & $-0.618228$ & $-0.365213$ & $-0.598679$ & $0.388149$ & $0.391726$ & $0.00484497$ & $0.0678687$ & $0.0434063$ & $-0.0327101$ & $0.0601894$ & $0.510489$ & $-0.0378659$ & $0.0476212$ & $-0.0241386$ & $-0.0175122$ & $-0.035108$ & $-0.0105933$ & $-0.0185079$ & $-0.0014404$ & $0.0349637$ & $-0.0255256$ & $0.0412849$ & $-0.00664348$ & $0.028953$ & $0.00306703$ & $-0.00797825$ \\
CHWHB_gagaorth & $-0.0307264$ & $0.0523377$ & $-0.0269777$ & $0.0288349$ & $0.00999614$ & $0.0242386$ & $0.182438$ & $-0.556531$ & $-0.552526$ & $1$ & $0.480959$ & $0.441826$ & $-0.234641$ & $-0.144712$ & $-0.255763$ & $-0.256652$ & $0.123863$ & $0.227508$ & $0.22722$ & $-0.472284$ & $-0.488298$ & $-0.483301$ & $-0.0189009$ & $0.352093$ & $0.214246$ & $0.333624$ & $-0.215383$ & $-0.223573$ & $-0.0477914$ & $-0.220735$ & $-0.145917$ & $0.190607$ & $-0.234858$ & $-0.289468$ & $0.0184019$ & $-0.028076$ & $0.0392813$ & $0.0140037$ & $0.00668691$ & $0.00921537$ & $-0.0173351$ & $-0.0170843$ & $0.00366318$ & $-0.00579432$ & $-0.00780561$ & $0.00482298$ & $-0.0138077$ & $0.0112622$ & $-0.00390864$ \\
CHD & $-0.0714631$ & $0.0786308$ & $-0.0199415$ & $0.0369431$ & $-0.00174192$ & $0.161059$ & $0.0927807$ & $-0.872895$ & $-0.862173$ & $0.480959$ & $1$ & $0.282592$ & $-0.10817$ & $-0.671804$ & $-0.577988$ & $-0.565567$ & $-0.268544$ & $-0.0302931$ & $-0.0362766$ & $-0.994852$ & $-0.995217$ & $-0.983631$ & $0.0246329$ & $0.206067$ & $-0.0723399$ & $0.685529$ & $-0.270197$ & $-0.449154$ & $-0.00305712$ & $-0.0953233$ & $-0.0695646$ & $0.104638$ & $-0.102778$ & $-0.308499$ & $0.0209937$ & $-0.0490259$ & $0.0194942$ & $0.00243241$ & $0.021119$ & $0.000379136$ & $0.0248231$ & $-0.00227642$ & $0.000463863$ & $0.0255671$ & $-0.0322818$ & $0.0131524$ & $-0.0333394$ & $-0.00618578$ & $-0.00693309$ \\
CHbox & $-0.0401793$ & $0.0396256$ & $-0.0286046$ & $-0.0134517$ & $0.000409814$ & $0.0762019$ & $0.0909935$ & $-0.198891$ & $-0.18816$ & $0.441826$ & $0.282592$ & $1$ & $-0.113349$ & $-0.254497$ & $-0.107059$ & $-0.102823$ & $-0.184369$ & $-0.130895$ & $-0.131424$ & $-0.272278$ & $-0.285829$ & $-0.282004$ & $-0.00372844$ & $-0.0184835$ & $-0.138835$ & $0.192815$ & $-0.119247$ & $-0.125875$ & $-0.000116564$ & $-0.00455229$ & $-0.0421392$ & $0.126418$ & $0.00224049$ & $-0.105708$ & $-0.00110905$ & $0.00383038$ & $0.0307987$ & $0.0149533$ & $-0.0217094$ & $0.00790611$ & $0.054388$ & $-0.0143042$ & $0.00463065$ & $0.0102502$ & $-0.0261843$ & $-0.00184426$ & $-0.0283503$ & $-0.00643297$ & $0.025022$ \\
CH & $0.00140848$ & $-0.0716301$ & $0.0564381$ & $-0.0511767$ & $0.00282877$ & $-0.0481725$ & $-0.774998$ & $0.0460153$ & $0.0521013$ & $-0.234641$ & $-0.10817$ & $-0.113349$ & $1$ & $0.136352$ & $0.0267508$ & $0.0339488$ & $0.131391$ & $0.116983$ & $0.110083$ & $0.103891$ & $0.108308$ & $0.107528$ & $0.0020257$ & $0.0641988$ & $0.122737$ & $-0.0738956$ & $0.049364$ & $0.0494794$ & $0.188209$ & $0.722173$ & $0.45663$ & $-0.687738$ & $0.743891$ & $0.0263458$ & $0.164099$ & $0.129945$ & $-0.109516$ & $3.69985e-05$ & $0.000945985$ & $-0.0182371$ & $-0.0730921$ & $0.0182369$ & $-0.013448$ & $0.0134294$ & $-0.024268$ & $-0.00407523$ & $0.0483943$ & $-0.0132684$ & $-0.00544444$ \\
CHL1_11 & $0.0596631$ & $-0.0437013$ & $0.016491$ & $-0.0144852$ & $0.0144312$ & $-0.0459984$ & $-0.112095$ & $0.277829$ & $0.271006$ & $-0.144712$ & $-0.671804$ & $-0.254497$ & $0.136352$ & $1$ & $0.410638$ & $0.388738$ & $0.646668$ & $0.592949$ & $0.5995$ & $0.681142$ & $0.645582$ & $0.633122$ & $-0.0957182$ & $0.440395$ & $0.599798$ & $-0.446858$ & $-0.0393629$ & $0.295902$ & $0.00951105$ & $0.109644$ & $0.0830291$ & $-0.124305$ & $0.13391$ & $-0.172872$ & $-0.00195071$ & $0.0237948$ & $-0.00434069$ & $0.0122503$ & $-7.45298e-05$ & $0.00958977$ & $-0.0187961$ & $0.00770894$ & $-0.00629355$ & $-0.0136749$ & $0.0047936$ & $-0.0110877$ & $0.0161217$ & $0.00525088$ & $0.0195462$ \\
CHL1_22 & $-0.00678441$ & $-0.00014866$ & $0.0116751$ & $-0.0144213$ & $0.0155089$ & $-0.0920649$ & $-0.0301954$ & $0.464713$ & $0.459774$ & $-0.255763$ & $-0.577988$ & $-0.107059$ & $0.0267508$ & $0.410638$ & $1$ & $0.5323$ & $0.17887$ & $-0.312647$ & $0.00728627$ & $0.620672$ & $0.524065$ & $0.517757$ & $-0.175299$ & $0.0423025$ & $-0.0652312$ & $-0.362801$ & $-0.302764$ & $0.234774$ & $-0.00289634$ & $0.0322557$ & $0.0104599$ & $-0.0381417$ & $0.0412462$ & $-0.480322$ & $-0.021198$ & $0.0055669$ & $0.0044315$ & $0.00589278$ & $0.0236697$ & $0.024771$ & $0.0102013$ & $-0.00972527$ & $0.00434604$ & $-0.00737606$ & $-0.00795071$ & $-0.016792$ & $-0.0299212$ & $0.00951717$ & $0.00846387$ \\
CHL1_33 & $-0.0138773$ & $-0.0102522$ & $0.0120356$ & $-0.0005761$ & $0.00312534$ & $-0.0858865$ & $-0.0393239$ & $0.463696$ & $0.458571$ & $-0.256652$ & $-0.565567$ & $-0.102823$ & $0.0339488$ & $0.388738$ & $0.5323$ & $1$ & $0.157909$ & $-0.0136125$ & $-0.312584$ & $0.60776$ & $0.51318$ & $0.524291$ & $-0.166231$ & $0.025698$ & $-0.0758866$ & $-0.357923$ & $-0.289276$ & $0.243746$ & $0.00119953$ & $0.0362992$ & $0.0104269$ & $-0.0453923$ & $0.0431789$ & $-0.0199163$ & $-0.0181898$ & $0.00502336$ & $0.0260026$ & $-0.00475802$ & $0.0150935$ & $0.0280151$ & $0.00640815$ & $-0.0115506$ & $0.00690981$ & $-0.0179003$ & $-0.0183731$ & $-0.00599692$ & $-0.033985$ & $0.00666723$ & $0.0110156$ \\
CHL3_11 & $0.0340342$ & $-0.0184968$ & $0.0101241$ & $-0.00480474$ & $0.0161332$ & $-0.379333$ & $-0.101148$ & $-0.206871$ & $-0.208289$ & $0.123863$ & $-0.268544$ & $-0.184369$ & $0.131391$ & $0.646668$ & $0.17887$ & $0.157909$ & $1$ & $0.816907$ & $0.821904$ & $0.278261$ & $0.247124$ & $0.240002$ & $-0.0686826$ & $0.749501$ & $0.858207$ & $-0.178576$ & $-0.123023$ & $0.116932$ & $0.00619043$ & $0.0970053$ & $0.0837985$ & $-0.112921$ & $0.123919$ & $-0.245996$ & $0.0156624$ & $0.00204879$ & $-0.00563162$ & $0.0289056$ & $0.0105029$ & $0.0122145$ & $-0.0218868$ & $0.00608912$ & $0.0148978$ & $-0.000747734$ & $-0.0146472$ & $-0.00487346$ & $0.0245027$ & $0.00859129$ & $0.0209277$ \\
CHL3_22 & $0.0412366$ & $-0.0204754$ & $0.00521543$ & $0.00566245$ & $0.00532628$ & $-0.175339$ & $-0.0866927$ & $-0.395454$ & $-0.395181$ & $0.227508$ & $-0.0302931$ & $-0.130895$ & $0.116983$ & $0.592949$ & $-0.312647$ & $-0.0136125$ & $0.816907$ & $1$ & $0.78448$ & $0.0272405$ & $0.0275456$ & $0.0238441$ & $-0.00886691$ & $0.731309$ & $0.867631$ & $-0.0252249$ & $-0.0247491$ & $0.0207483$ & $0.00957679$ & $0.0814048$ & $0.0752517$ & $-0.0934939$ & $0.105249$ & $-0.0504402$ & $0.0246235$ & $-0.00012695$ & $-0.00196517$ & $0.0206925$ & $-0.0015263$ & $0.00235137$ & $-0.0218263$ & $0.0122065$ & $0.00180082$ & $-0.00165253$ & $-0.00980411$ & $0.0014475$ & $0.0295694$ & $0.00298104$ & $0.0178656$ \\
CHL3_33 & $0.0492218$ & $-0.0136405$ & $0.00233412$ & $-0.00373974$ & $0.012103$ & $-0.176746$ & $-0.0799346$ & $-0.392398$ & $-0.392147$ & $0.22722$ & $-0.0362766$ & $-0.131424$ & $0.110083$ & $0.5995$ & $0.00728627$ & $-0.312584$ & $0.821904$ & $0.78448$ & $1$ & $0.0336828$ & $0.0329409$ & $0.029882$ & $-0.0150073$ & $0.735391$ & $0.866424$ & $-0.0260936$ & $-0.0327363$ & $0.0142986$ & $0.00620404$ & $0.0769865$ & $0.0746244$ & $-0.0877373$ & $0.102219$ & $-0.365439$ & $0.0230375$ & $0.00175562$ & $-0.0159783$ & $0.0282221$ & $0.00207497$ & $-0.00050227$ & $-0.0204564$ & $0.01204$ & $0.000861706$ & $0.00609859$ & $-0.00266078$ & $-0.00481298$ & $0.0324547$ & $0.00663277$ & $0.0158154$ \\
CHe_11 & $0.0587351$ & $-0.0582624$ & $0.0248808$ & $-0.0328125$ & $0.00912742$ & $-0.157987$ & $-0.0896929$ & $0.856995$ & $0.846624$ & $-0.472284$ & $-0.994852$ & $-0.272278$ & $0.103891$ & $0.681142$ & $0.620672$ & $0.60776$ & $0.278261$ & $0.0272405$ & $0.0336828$ & $1$ & $0.985306$ & $0.974138$ & $-0.0435297$ & $-0.173793$ & $0.0751627$ & $-0.678787$ & $0.215309$ & $0.444573$ & $0.00231526$ & $0.0920299$ & $0.0663256$ & $-0.101341$ & $0.100245$ & $0.251916$ & $-0.0243177$ & $0.0453057$ & $-0.0155228$ & $-0.00140607$ & $-0.0163445$ & $0.002876$ & $-0.0226118$ & $0.00156254$ & $-0.000694005$ & $-0.0225387$ & $0.0229113$ & $-0.0116878$ & $0.0262364$ & $0.00527086$ & $0.00615551$ \\
CHe_22 & $0.067685$ & $-0.065772$ & $0.0246799$ & $-0.035935$ & $0.00967673$ & $-0.163078$ & $-0.0923105$ & $0.885877$ & $0.875133$ & $-0.488298$ & $-0.995217$ & $-0.285829$ & $0.108308$ & $0.645582$ & $0.524065$ & $0.51318$ & $0.247124$ & $0.0275456$ & $0.0329409$ & $0.985306$ & $1$ & $0.986336$ & $-0.0032658$ & $-0.246067$ & $0.0630015$ & $-0.687219$ & $0.329936$ & $0.44944$ & $0.00267152$ & $0.09502$ & $0.071052$ & $-0.10392$ & $0.100988$ & $0.373475$ & $-0.0237468$ & $0.0511224$ & $-0.0206485$ & $-0.00258042$ & $-0.0234741$ & $-0.00378826$ & $-0.0286443$ & $0.00320206$ & $-0.000269803$ & $-0.0221511$ & $0.0298168$ & $-0.00939727$ & $0.0376034$ & $0.00326083$ & $0.00417585$ \\
CHe_33 & $0.0701965$ & $-0.0654979$ & $0.0239246$ & $-0.0348873$ & $0.00862655$ & $-0.161292$ & $-0.0924966$ & $0.878086$ & $0.867256$ & $-0.483301$ & $-0.983631$ & $-0.282004$ & $0.107528$ & $0.633122$ & $0.517757$ & $0.524291$ & $0.240002$ & $0.0238441$ & $0.029882$ & $0.974138$ & $0.986336$ & $1$ & $-0.00202594$ & $-0.247004$ & $0.0584142$ & $-0.679427$ & $0.327821$ & $0.445095$ & $0.00284185$ & $0.0945658$ & $0.0704426$ & $-0.103958$ & $0.0997145$ & $0.373795$ & $-0.0223847$ & $0.0528763$ & $-0.0205883$ & $-0.00208068$ & $-0.0238621$ & $-0.003766$ & $-0.0276661$ & $0.00161561$ & $-0.00112383$ & $-0.0214135$ & $0.02834$ & $-0.0078554$ & $0.0379136$ & $0.00436819$ & $0.00415475$ \\
CHQ1_11 & $0.0233769$ & $-0.00389708$ & $0.00995514$ & $-0.0203433$ & $-0.0226794$ & $-0.0188777$ & $0.00416246$ & $0.0311194$ & $0.0311183$ & $-0.0189009$ & $0.0246329$ & $-0.00372844$ & $0.0020257$ & $-0.0957182$ & $-0.175299$ & $-0.166231$ & $-0.0686826$ & $-0.00886691$ & $-0.0150073$ & $-0.0435297$ & $-0.0032658$ & $-0.00202594$ & $1$ & $-0.12706$ & $0.0425955$ & $-0.573823$ & $0.339142$ & $-0.00203065$ & $-0.00119145$ & $-0.00048161$ & $0.00985582$ & $0.00394323$ & $-0.00887888$ & $0.201339$ & $-0.00919175$ & $0.0323762$ & $-0.0312244$ & $0.00138369$ & $-0.0177804$ & $-0.00423944$ & $0.00300632$ & $0.0141779$ & $-0.0075659$ & $0.0260819$ & $-0.00324804$ & $0.00590726$ & $0.0326768$ & $-0.00487304$ & $-0.00794814$ \\
CHQ1_33 & $-0.050236$ & $0.0246936$ & $-0.00624693$ & $0.0253846$ & $0.00937728$ & $-0.130206$ & $-0.0489147$ & $-0.621998$ & $-0.618228$ & $0.352093$ & $0.206067$ & $-0.0184835$ & $0.0641988$ & $0.440395$ & $0.0423025$ & $0.025698$ & $0.749501$ & $0.731309$ & $0.735391$ & $-0.173793$ & $-0.246067$ & $-0.247004$ & $-0.12706$ & $1$ & $0.750831$ & $0.164281$ & $-0.388203$ & $-0.033251$ & $0.0103238$ & $0.0393167$ & $0.0325137$ & $-0.0540298$ & $0.0655707$ & $-0.605882$ & $0.0188497$ & $-0.024724$ & $0.0170726$ & $0.027605$ & $0.0286128$ & $0.0260376$ & $-0.00279039$ & $0.00174327$ & $0.00924318$ & $0.00915995$ & $-0.0408049$ & $-1.41927e-05$ & $-0.019715$ & $0.0141861$ & $0.020485$ \\
CHQ3_11 & $-0.0260619$ & $-0.0146573$ & $-0.00575853$ & $-0.00263969$ & $0.00501759$ & $-0.220692$ & $-0.0890151$ & $-0.366005$ & $-0.365213$ & $0.214246$ & $-0.0723399$ & $-0.138835$ & $0.122737$ & $0.599798$ & $-0.0652312$ & $-0.0758866$ & $0.858207$ & $0.867631$ & $0.866424$ & $0.0751627$ & $0.0630015$ & $0.0584142$ & $0.0425955$ & $0.750831$ & $1$ & $-0.0454429$ & $0.136748$ & $0.0301222$ & $0.00870289$ & $0.086986$ & $0.0762101$ & $-0.0962777$ & $0.106465$ & $-0.241477$ & $0.0217443$ & $0.0172072$ & $-0.00430662$ & $0.0286986$ & $0.00338713$ & $0.00432553$ & $-0.0315392$ & $0.0104007$ & $0.016502$ & $0.00642409$ & $-0.00998269$ & $0.00631147$ & $0.021558$ & $0.0124521$ & $0.00590759$ \\
CHu_11 & $-0.0770897$ & $0.0350033$ & $-0.024767$ & $0.0335896$ & $-0.000826693$ & $0.122206$ & $0.0625145$ & $-0.606407$ & $-0.598679$ & $0.333624$ & $0.685529$ & $0.192815$ & $-0.0738956$ & $-0.446858$ & $-0.362801$ & $-0.357923$ & $-0.178576$ & $-0.0252249$ & $-0.0260936$ & $-0.678787$ & $-0.687219$ & $-0.679427$ & $-0.573823$ & $0.164281$ & $-0.0454429$ & $1$ & $-0.196485$ & $-0.311899$ & $-0.0011265$ & $-0.0614079$ & $-0.0513745$ & $0.073006$ & $-0.0642196$ & $-0.255393$ & $0.0232963$ & $-0.0439088$ & $0.0233853$ & $-0.000782148$ & $0.0149928$ & $-0.00336082$ & $0.00381244$ & $-0.0127257$ & $0.00787443$ & $0.00213297$ & $-0.00654754$ & $0.0124969$ & $-0.0340754$ & $0.00720074$ & $-0.00290579$ \\
CHd_11 & $0.0683809$ & $-0.066391$ & $-0.00331774$ & $-0.037986$ & $-0.0170058$ & $-0.0651166$ & $-0.0311455$ & $0.391862$ & $0.388149$ & $-0.215383$ & $-0.270197$ & $-0.119247$ & $0.049364$ & $-0.0393629$ & $-0.302764$ & $-0.289276$ & $-0.123023$ & $-0.0247491$ & $-0.0327363$ & $0.215309$ & $0.329936$ & $0.327821$ & $0.339142$ & $-0.388203$ & $0.136748$ & $-0.196485$ & $1$ & $0.12544$ & $0.00595902$ & $0.0390376$ & $0.0458649$ & $-0.0314053$ & $0.023541$ & $0.674738$ & $-0.00498742$ & $0.0689763$ & $-0.0536719$ & $-0.00476605$ & $-0.06257$ & $-0.0356264$ & $-0.0466343$ & $0.0123998$ & $-0.000110314$ & $0.00408431$ & $0.0572015$ & $0.012165$ & $0.08879$ & $-0.00321994$ & $-0.0172445$ \\
CHd_33 & $0.052792$ & $-0.0413703$ & $0.0324599$ & $-0.0311952$ & $0.000924951$ & $-0.0773295$ & $-0.0419433$ & $0.396507$ & $0.391726$ & $-0.223573$ & $-0.449154$ & $-0.125875$ & $0.0494794$ & $0.295902$ & $0.234774$ & $0.243746$ & $0.116932$ & $0.0207483$ & $0.0142986$ & $0.444573$ & $0.44944$ & $0.445095$ & $-0.00203065$ & $-0.033251$ & $0.0301222$ & $-0.311899$ & $0.12544$ & $1$ & $0.00731113$ & $0.0447652$ & $0.0372859$ & $-0.0481716$ & $0.055194$ & $0.167568$ & $-0.0108723$ & $0.0156983$ & $-0.0171896$ & $0.00904233$ & $-0.0287109$ & $0.00889831$ & $-0.0195559$ & $0.00313928$ & $-0.00163673$ & $-0.0115573$ & $0.0284342$ & $0.000459298$ & $0.0137607$ & $0.0160091$ & $0.0192299$ \\
CeH_22r & $0.014131$ & $-0.0229383$ & $0.010088$ & $-0.0305081$ & $0.00206544$ & $-0.000268541$ & $-0.141724$ & $-0.000379765$ & $0.00484497$ & $-0.0477914$ & $-0.00305712$ & $-0.000116564$ & $0.188209$ & $0.00951105$ & $-0.00289634$ & $0.00119953$ & $0.00619043$ & $0.00957679$ & $0.00620404$ & $0.00231526$ & $0.00267152$ & $0.00284185$ & $-0.00119145$ & $0.0103238$ & $0.00870289$ & $-0.0011265$ & $0.00595902$ & $0.00731113$ & $1$ & $0.161034$ & $0.0969801$ & $-0.136129$ & $0.164201$ & $0.000882559$ & $0.0142186$ & $0.0157373$ & $-0.0329382$ & $0.00137439$ & $0.00546729$ & $0.0114148$ & $0.00228456$ & $-0.0182402$ & $-0.0145512$ & $0.0292347$ & $-0.009891$ & $0.00490416$ & $-0.0113182$ & $-0.00628655$ & $-0.00491741$ \\
CeH_33r & $0.0104983$ & $-0.0453316$ & $0.0566147$ & $-0.036698$ & $-0.00809847$ & $-0.0326069$ & $-0.587776$ & $0.0490589$ & $0.0678687$ & $-0.220735$ & $-0.0953233$ & $-0.00455229$ & $0.722173$ & $0.109644$ & $0.0322557$ & $0.0362992$ & $0.0970053$ & $0.0814048$ & $0.0769865$ & $0.0920299$ & $0.09502$ & $0.0945658$ & $-0.00048161$ & $0.0393167$ & $0.086986$ & $-0.0614079$ & $0.0390376$ & $0.0447652$ & $0.161034$ & $1$ & $0.523496$ & $-0.445732$ & $0.836744$ & $0.0222314$ & $0.100112$ & $0.0899126$ & $-0.176718$ & $-0.0126056$ & $-0.0133799$ & $-0.0112724$ & $-0.0426359$ & $0.0125714$ & $-0.0184491$ & $0.0441831$ & $0.00783374$ & $0.00613071$ & $0.0434271$ & $-0.0111479$ & $0.00346369$ \\
CuH_22r & $0.074376$ & $-0.0130102$ & $0.0591671$ & $0.0262325$ & $-0.00497983$ & $-0.030209$ & $-0.37844$ & $0.0307688$ & $0.0434063$ & $-0.145917$ & $-0.0695646$ & $-0.0421392$ & $0.45663$ & $0.0830291$ & $0.0104599$ & $0.0104269$ & $0.0837985$ & $0.0752517$ & $0.0746244$ & $0.0663256$ & $0.071052$ & $0.0704426$ & $0.00985582$ & $0.0325137$ & $0.0762101$ & $-0.0513745$ & $0.0458649$ & $0.0372859$ & $0.0969801$ & $0.523496$ & $1$ & $-0.274571$ & $0.565577$ & $0.0270236$ & $0.0908539$ & $0.0858572$ & $-0.14203$ & $-0.0229211$ & $0.000923012$ & $0.00338862$ & $-0.0473398$ & $0.00566402$ & $0.00307735$ & $0.0606116$ & $-0.0129019$ & $0.0357929$ & $0.28794$ & $0.0184107$ & $0.0234081$ \\
CuH_33r & $0.00166$ & $0.0531157$ & $-0.0560807$ & $0.0503999$ & $-0.00065353$ & $0.0423565$ & $0.954093$ & $-0.0511749$ & $-0.0327101$ & $0.190607$ & $0.104638$ & $0.126418$ & $-0.687738$ & $-0.124305$ & $-0.0381417$ & $-0.0453923$ & $-0.112921$ & $-0.0934939$ & $-0.0877373$ & $-0.101341$ & $-0.10392$ & $-0.103958$ & $0.00394323$ & $-0.0540298$ & $-0.0962777$ & $0.073006$ & $-0.0314053$ & $-0.0481716$ & $-0.136129$ & $-0.445732$ & $-0.274571$ & $1$ & $-0.445355$ & $-0.0205696$ & $-0.0820715$ & $-0.0531974$ & $0.0493676$ & $0.0144174$ & $-0.00951899$ & $0.0125106$ & $0.0709557$ & $-0.00532751$ & $0.0037137$ & $-0.0171951$ & $0.0192821$ & $-0.0108765$ & $-0.0155944$ & $0.0184696$ & $0.0159799$ \\
CdH_33r & $0.0336819$ & $-0.0819018$ & $0.107951$ & $-0.00984699$ & $0.00311979$ & $-0.0454384$ & $-0.60626$ & $0.0421687$ & $0.0601894$ & $-0.234858$ & $-0.102778$ & $0.00224049$ & $0.743891$ & $0.13391$ & $0.0412462$ & $0.0431789$ & $0.123919$ & $0.105249$ & $0.102219$ & $0.100245$ & $0.100988$ & $0.0997145$ & $-0.00887888$ & $0.0655707$ & $0.106465$ & $-0.0642196$ & $0.023541$ & $0.055194$ & $0.164201$ & $0.836744$ & $0.565577$ & $-0.445355$ & $1$ & $0.00603461$ & $0.0817753$ & $0.12843$ & $-0.191223$ & $-0.0175497$ & $0.00560339$ & $-0.00731052$ & $-0.086409$ & $0.0179634$ & $-0.0507614$ & $0.0580072$ & $0.00107858$ & $-0.0145098$ & $0.0929306$ & $0.0496061$ & $0.271921$ \\
CLL_1221 & $0.0463825$ & $-0.0323949$ & $0.0118454$ & $-0.0190804$ & $-0.0125933$ & $-0.0914417$ & $-0.0200313$ & $0.515353$ & $0.510489$ & $-0.289468$ & $-0.308499$ & $-0.105708$ & $0.0263458$ & $-0.172872$ & $-0.480322$ & $-0.0199163$ & $-0.245996$ & $-0.0504402$ & $-0.365439$ & $0.251916$ & $0.373475$ & $0.373795$ & $0.201339$ & $-0.605882$ & $-0.241477$ & $-0.255393$ & $0.674738$ & $0.167568$ & $0.000882559$ & $0.0222314$ & $0.0270236$ & $-0.0205696$ & $0.00603461$ & $1$ & $-0.0135964$ & $0.0418038$ & $-0.023734$ & $-0.0168356$ & $-0.0446126$ & $-0.0304443$ & $-0.0337335$ & $0.00715897$ & $0.00171267$ & $-0.00707315$ & $0.0318338$ & $0.014518$ & $0.059179$ & $-0.0117589$ & $-0.0149553$ \\
eHggint & $0.0243994$ & $-0.164109$ & $-0.112021$ & $-0.114256$ & $-0.0110677$ & $-0.00397196$ & $-0.140834$ & $-0.0279209$ & $-0.0378659$ & $0.0184019$ & $0.0209937$ & $-0.00110905$ & $0.164099$ & $-0.00195071$ & $-0.021198$ & $-0.0181898$ & $0.0156624$ & $0.0246235$ & $0.0230375$ & $-0.0243177$ & $-0.0237468$ & $-0.0223847$ & $-0.00919175$ & $0.0188497$ & $0.0217443$ & $0.0232963$ & $-0.00498742$ & $-0.0108723$ & $0.0142186$ & $0.100112$ & $0.0908539$ & $-0.0820715$ & $0.0817753$ & $-0.0135964$ & $1$ & $0.153707$ & $-0.161153$ & $0.00565725$ & $-0.0605799$ & $-0.031286$ & $0.0502225$ & $0.0117307$ & $0.0166637$ & $0.0210348$ & $0.189397$ & $-0.0678992$ & $0.119734$ & $0.0828017$ & $-0.0725314$ \\
eHggpar & $-0.0166943$ & $-0.0518566$ & $-0.0033095$ & $-0.120308$ & $-0.0136263$ & $-0.0152559$ & $-0.100475$ & $0.0511453$ & $0.0476212$ & $-0.028076$ & $-0.0490259$ & $0.00383038$ & $0.129945$ & $0.0237948$ & $0.0055669$ & $0.00502336$ & $0.00204879$ & $-0.00012695$ & $0.00175562$ & $0.0453057$ & $0.0511224$ & $0.0528763$ & $0.0323762$ & $-0.024724$ & $0.0172072$ & $-0.0439088$ & $0.0689763$ & $0.0156983$ & $0.0157373$ & $0.0899126$ & $0.0858572$ & $-0.0531974$ & $0.12843$ & $0.0418038$ & $0.153707$ & $1$ & $-0.164419$ & $0.0030211$ & $-0.00893084$ & $0.0142716$ & $0.0140586$ & $-0.0106037$ & $0.0118744$ & $-0.0236405$ & $0.0512717$ & $-0.172854$ & $0.105448$ & $0.128507$ & $0.0594718$ \\
eHWWint & $-0.177073$ & $0.0501774$ & $-0.0590761$ & $0.0634246$ & $0.0185856$ & $0.00332282$ & $0.0874376$ & $-0.0201695$ & $-0.0241386$ & $0.0392813$ & $0.0194942$ & $0.0307987$ & $-0.109516$ & $-0.00434069$ & $0.0044315$ & $0.0260026$ & $-0.00563162$ & $-0.00196517$ & $-0.0159783$ & $-0.0155228$ & $-0.0206485$ & $-0.0205883$ & $-0.0312244$ & $0.0170726$ & $-0.00430662$ & $0.0233853$ & $-0.0536719$ & $-0.0171896$ & $-0.0329382$ & $-0.176718$ & $-0.14203$ & $0.0493676$ & $-0.191223$ & $-0.023734$ & $-0.161153$ & $-0.164419$ & $1$ & $0.0135134$ & $0.113519$ & $0.00736388$ & $-0.0303066$ & $0.00429994$ & $0.104173$ & $-0.265298$ & $-0.0700566$ & $-0.00285529$ & $-0.0994457$ & $-0.0141884$ & $-0.0156651$ \\
eHWWpar & $-0.0122381$ & $0.0275964$ & $-0.00362558$ & $-0.00683736$ & $0.00180942$ & $-0.0145993$ & $0.0152436$ & $-0.0163697$ & $-0.0175122$ & $0.0140037$ & $0.00243241$ & $0.0149533$ & $3.69985e-05$ & $0.0122503$ & $0.00589278$ & $-0.00475802$ & $0.0289056$ & $0.0206925$ & $0.0282221$ & $-0.00140607$ & $-0.00258042$ & $-0.00208068$ & $0.00138369$ & $0.027605$ & $0.0286986$ & $-0.000782148$ & $-0.00476605$ & $0.00904233$ & $0.00137439$ & $-0.0126056$ & $-0.0229211$ & $0.0144174$ & $-0.0175497$ & $-0.0168356$ & $0.00565725$ & $0.0030211$ & $0.0135134$ & $1$ & $-0.0385131$ & $-0.00668011$ & $0.0086091$ & $-0.00854105$ & $-0.0390213$ & $-0.00171123$ & $0.0156983$ & $-0.028532$ & $-0.0129976$ & $-0.0169572$ & $-0.0122328$ \\
eHZZint & $-0.145208$ & $0.11831$ & $-0.132717$ & $0.140084$ & $0.0002739$ & $0.00109945$ & $-0.0102662$ & $-0.0301481$ & $-0.035108$ & $0.00668691$ & $0.021119$ & $-0.0217094$ & $0.000945985$ & $-7.45298e-05$ & $0.0236697$ & $0.0150935$ & $0.0105029$ & $-0.0015263$ & $0.00207497$ & $-0.0163445$ & $-0.0234741$ & $-0.0238621$ & $-0.0177804$ & $0.0286128$ & $0.00338713$ & $0.0149928$ & $-0.06257$ & $-0.0287109$ & $0.00546729$ & $-0.0133799$ & $0.000923012$ & $-0.00951899$ & $0.00560339$ & $-0.0446126$ & $-0.0605799$ & $-0.00893084$ & $0.113519$ & $-0.0385131$ & $1$ & $0.0142055$ & $-0.0745998$ & $-0.0254298$ & $-0.0727622$ & $0.0598873$ & $-0.155398$ & $0.167781$ & $-0.00775999$ & $0.108163$ & $0.0285408$ \\
eHZZpar & $-0.0391966$ & $-0.00249494$ & $0.00966247$ & $0.0345645$ & $-0.00715496$ & $-0.00680575$ & $0.0119339$ & $-0.00857441$ & $-0.0105933$ & $0.00921537$ & $0.000379136$ & $0.00790611$ & $-0.0182371$ & $0.00958977$ & $0.024771$ & $0.0280151$ & $0.0122145$ & $0.00235137$ & $-0.00050227$ & $0.002876$ & $-0.00378826$ & $-0.003766$ & $-0.00423944$ & $0.0260376$ & $0.00432553$ & $-0.00336082$ & $-0.0356264$ & $0.00889831$ & $0.0114148$ & $-0.0112724$ & $0.00338862$ & $0.0125106$ & $-0.00731052$ & $-0.0304443$ & $-0.031286$ & $0.0142716$ & $0.00736388$ & $-0.00668011$ & $0.0142055$ & $1$ & $-0.00891101$ & $0.0124709$ & $-0.0530846$ & $0.00283838$ & $0.0160855$ & $0.0241958$ & $-0.0104529$ & $0.0097464$ & $0.00759443$ \\
eHZgaint & $0.0501089$ & $-0.0461741$ & $0.00462257$ & $-0.138772$ & $0.0159024$ & $0.0171472$ & $0.0749973$ & $-0.0177318$ & $-0.0185079$ & $-0.0173351$ & $0.0248231$ & $0.054388$ & $-0.0730921$ & $-0.0187961$ & $0.0102013$ & $0.00640815$ & $-0.0218868$ & $-0.0218263$ & $-0.0204564$ & $-0.0226118$ & $-0.0286443$ & $-0.0276661$ & $0.00300632$ & $-0.00279039$ & $-0.0315392$ & $0.00381244$ & $-0.0466343$ & $-0.0195559$ & $0.00228456$ & $-0.0426359$ & $-0.0473398$ & $0.0709557$ & $-0.086409$ & $-0.0337335$ & $0.0502225$ & $0.0140586$ & $-0.0303066$ & $0.0086091$ & $-0.0745998$ & $-0.00891101$ & $1$ & $0.0156877$ & $0.00176214$ & $0.0171806$ & $-0.00894656$ & $-0.0334785$ & $-0.0461435$ & $-0.132451$ & $-0.110331$ \\
eHZgapar & $0.0301931$ & $0.0124516$ & $0.0161966$ & $0.00209353$ & $-0.00752833$ & $0.0128382$ & $-0.00755068$ & $-0.00137227$ & $-0.0014404$ & $-0.0170843$ & $-0.00227642$ & $-0.0143042$ & $0.0182369$ & $0.00770894$ & $-0.00972527$ & $-0.0115506$ & $0.00608912$ & $0.0122065$ & $0.01204$ & $0.00156254$ & $0.00320206$ & $0.00161561$ & $0.0141779$ & $0.00174327$ & $0.0104007$ & $-0.0127257$ & $0.0123998$ & $0.00313928$ & $-0.0182402$ & $0.0125714$ & $0.00566402$ & $-0.00532751$ & $0.0179634$ & $0.00715897$ & $0.0117307$ & $-0.0106037$ & $0.00429994$ & $-0.00854105$ & $-0.0254298$ & $0.0124709$ & $0.0156877$ & $1$ & $0.00243095$ & $-0.00430921$ & $-0.0198501$ & $0.0121079$ & $0.00781653$ & $-0.000265064$ & $0.0205118$ \\
eHgagaint & $-0.132949$ & $0.0342702$ & $-0.192805$ & $-0.0039521$ & $0.00874705$ & $-0.0313308$ & $0.00997222$ & $-0.00365978$ & $0.0349637$ & $0.00366318$ & $0.000463863$ & $0.00463065$ & $-0.013448$ & $-0.00629355$ & $0.00434604$ & $0.00690981$ & $0.0148978$ & $0.00180082$ & $0.000861706$ & $-0.000694005$ & $-0.000269803$ & $-0.00112383$ & $-0.0075659$ & $0.00924318$ & $0.016502$ & $0.00787443$ & $-0.000110314$ & $-0.00163673$ & $-0.0145512$ & $-0.0184491$ & $0.00307735$ & $0.0037137$ & $-0.0507614$ & $0.00171267$ & $0.0166637$ & $0.0118744$ & $0.104173$ & $-0.0390213$ & $-0.0727622$ & $-0.0530846$ & $0.00176214$ & $0.00243095$ & $1$ & $-0.0243117$ & $0.0240929$ & $0.0795227$ & $0.0735699$ & $-0.00450075$ & $-0.107654$ \\
eHmumuint & $3.02462e-06$ & $0.211061$ & $0.0792172$ & $0.0818976$ & $-0.00419616$ & $0.00898601$ & $-0.0263842$ & $-0.0262919$ & $-0.0255256$ & $-0.00579432$ & $0.0255671$ & $0.0102502$ & $0.0134294$ & $-0.0136749$ & $-0.00737606$ & $-0.0179003$ & $-0.000747734$ & $-0.00165253$ & $0.00609859$ & $-0.0225387$ & $-0.0221511$ & $-0.0214135$ & $0.0260819$ & $0.00915995$ & $0.00642409$ & $0.00213297$ & $0.00408431$ & $-0.0115573$ & $0.0292347$ & $0.0441831$ & $0.0606116$ & $-0.0171951$ & $0.0580072$ & $-0.00707315$ & $0.0210348$ & $-0.0236405$ & $-0.265298$ & $-0.00171123$ & $0.0598873$ & $0.00283838$ & $0.0171806$ & $-0.00430921$ & $-0.0243117$ & $1$ & $-0.259401$ & $0.206809$ & $0.0544767$ & $0.0558257$ & $-0.0153486$ \\
eHtautauint & $0.1552$ & $-0.301982$ & $-0.232571$ & $-0.0961741$ & $0.0074557$ & $0.0114093$ & $0.017364$ & $0.0430598$ & $0.0412849$ & $-0.00780561$ & $-0.0322818$ & $-0.0261843$ & $-0.024268$ & $0.0047936$ & $-0.00795071$ & $-0.0183731$ & $-0.0146472$ & $-0.00980411$ & $-0.00266078$ & $0.0229113$ & $0.0298168$ & $0.02834$ & $-0.00324804$ & $-0.0408049$ & $-0.00998269$ & $-0.00654754$ & $0.0572015$ & $0.0284342$ & $-0.009891$ & $0.00783374$ & $-0.0129019$ & $0.0192821$ & $0.00107858$ & $0.0318338$ & $0.189397$ & $0.0512717$ & $-0.0700566$ & $0.0156983$ & $-0.155398$ & $0.0160855$ & $-0.00894656$ & $-0.0198501$ & $0.0240929$ & $-0.259401$ & $1$ & $-0.184147$ & $0.0632223$ & $0.12655$ & $0.097736$ \\
eHccint & $-0.079269$ & $0.164716$ & $0.00541156$ & $0.00237932$ & $-0.00681498$ & $0.00934414$ & $-0.00594266$ & $-0.0107359$ & $-0.00664348$ & $0.00482298$ & $0.0131524$ & $-0.00184426$ & $-0.00407523$ & $-0.0110877$ & $-0.016792$ & $-0.00599692$ & $-0.00487346$ & $0.0014475$ & $-0.00481298$ & $-0.0116878$ & $-0.00939727$ & $-0.0078554$ & $0.00590726$ & $-1.41927e-05$ & $0.00631147$ & $0.0124969$ & $0.012165$ & $0.000459298$ & $0.00490416$ & $0.00613071$ & $0.0357929$ & $-0.0108765$ & $-0.0145098$ & $0.014518$ & $-0.0678992$ & $-0.172854$ & $-0.00285529$ & $-0.028532$ & $0.167781$ & $0.0241958$ & $-0.0334785$ & $0.0121079$ & $0.0795227$ & $0.206809$ & $-0.184147$ & $1$ & $-0.0536771$ & $-0.100301$ & $-0.0567834$ \\
eHccpar & $0.274677$ & $-0.00812745$ & $0.0447529$ & $0.172016$ & $-0.0205684$ & $-0.0188036$ & $-0.031086$ & $0.0268088$ & $0.028953$ & $-0.0138077$ & $-0.0333394$ & $-0.0283503$ & $0.0483943$ & $0.0161217$ & $-0.0299212$ & $-0.033985$ & $0.0245027$ & $0.0295694$ & $0.0324547$ & $0.0262364$ & $0.0376034$ & $0.0379136$ & $0.0326768$ & $-0.019715$ & $0.021558$ & $-0.0340754$ & $0.08879$ & $0.0137607$ & $-0.0113182$ & $0.0434271$ & $0.28794$ & $-0.0155944$ & $0.0929306$ & $0.059179$ & $0.119734$ & $0.105448$ & $-0.0994457$ & $-0.0129976$ & $-0.00775999$ & $-0.0104529$ & $-0.0461435$ & $0.00781653$ & $0.0735699$ & $0.0544767$ & $0.0632223$ & $-0.0536771$ & $1$ & $0.132627$ & $0.154812$ \\
eHbbint & $-0.0941757$ & $-0.190021$ & $0.000902738$ & $-0.0830918$ & $-0.0126158$ & $-0.000672783$ & $0.00990444$ & $0.0046437$ & $0.00306703$ & $0.0112622$ & $-0.00618578$ & $-0.00643297$ & $-0.0132684$ & $0.00525088$ & $0.00951717$ & $0.00666723$ & $0.00859129$ & $0.00298104$ & $0.00663277$ & $0.00527086$ & $0.00326083$ & $0.00436819$ & $-0.00487304$ & $0.0141861$ & $0.0124521$ & $0.00720074$ & $-0.00321994$ & $0.0160091$ & $-0.00628655$ & $-0.0111479$ & $0.0184107$ & $0.0184696$ & $0.0496061$ & $-0.0117589$ & $0.0828017$ & $0.128507$ & $-0.0141884$ & $-0.0169572$ & $0.108163$ & $0.0097464$ & $-0.132451$ & $-0.000265064$ & $-0.00450075$ & $0.0558257$ & $0.12655$ & $-0.100301$ & $0.132627$ & $1$ & $-0.0550371$ \\
eHbbpar & $0.102502$ & $-0.105887$ & $0.156405$ & $0.111178$ & $0.0164693$ & $-0.015667$ & $0.0109676$ & $-0.00319143$ & $-0.00797825$ & $-0.00390864$ & $-0.00693309$ & $0.025022$ & $-0.00544444$ & $0.0195462$ & $0.00846387$ & $0.0110156$ & $0.0209277$ & $0.0178656$ & $0.0158154$ & $0.00615551$ & $0.00417585$ & $0.00415475$ & $-0.00794814$ & $0.020485$ & $0.00590759$ & $-0.00290579$ & $-0.0172445$ & $0.0192299$ & $-0.00491741$ & $0.00346369$ & $0.0234081$ & $0.0159799$ & $0.271921$ & $-0.0149553$ & $-0.0725314$ & $0.0594718$ & $-0.0156651$ & $-0.0122328$ & $0.0285408$ & $0.00759443$ & $-0.110331$ & $0.0205118$ & $-0.107654$ & $-0.0153486$ & $0.097736$ & $-0.0567834$ & $0.154812$ & $-0.0550371$ & $1$ \\
