 & AlsMz & dAle5Mz & mtop & mHl & Mz & CW & CHG & CHWB & CHWHB_gaga & CHWHB_gagaorth & CHD & CHbox & CH & CHL1_11 & CHL1_22 & CHL1_33 & CHL3_11 & CHL3_22 & CHL3_33 & CHe_11 & CHe_22 & CHe_33 & CHQ1_11 & CHQ1_33 & CHQ3_11 & CHu_11 & CHd_11 & CHd_33 & CeH_22r & CeH_33r & CuH_22r & CuH_33r & CdH_33r & CLL_1221 & eHggint & eHggpar & eHWWint & eHWWpar & eHZZint & eHZZpar & eHZgaint & eHZgapar & eHgagaint & eHmumuint & eHtautauint & eHccint & eHccpar & eHbbint & eHbbpar \\
AlsMz & $1$ & $-0.119926$ & $0.0448495$ & $-0.0929732$ & $0.020252$ & $-0.00253395$ & $0.0446153$ & $0.00112786$ & $0.00267345$ & $0.0576257$ & $-0.016834$ & $-0.0278583$ & $-0.0344269$ & $0.0137701$ & $-0.0120062$ & $0.0336505$ & $0.0306593$ & $0.0318257$ & $0.00477644$ & $0.00926842$ & $0.00946571$ & $0.00931783$ & $-0.0518412$ & $-0.0289777$ & $-0.0553861$ & $-0.000252842$ & $-0.0287443$ & $0.0276262$ & $0.0254014$ & $-0.0264297$ & $0.0465887$ & $0.0367499$ & $0.0104632$ & $0.0128219$ & $-0.120921$ & $0.0974924$ & $0.0230048$ & $0.0135089$ & $0.0680571$ & $-0.0195136$ & $-0.225107$ & $-0.028227$ & $-0.0069852$ & $0.00719416$ & $0.0244336$ & $-0.00991203$ & $0.225936$ & $-0.0930771$ & $0.208286$ \\
dAle5Mz & $-0.119926$ & $1$ & $-0.0710827$ & $0.124539$ & $0.054427$ & $-0.0132678$ & $0.00914085$ & $-0.0223818$ & $-0.0296912$ & $0.0159678$ & $0.0351049$ & $-0.0716978$ & $-0.0799163$ & $-0.0449836$ & $-0.000471871$ & $-0.00187784$ & $-0.0339296$ & $-0.0442236$ & $-0.041055$ & $-0.0219067$ & $-0.0211098$ & $-0.0137866$ & $0.0352911$ & $-0.0296263$ & $-0.0248638$ & $-0.00168576$ & $0.00848978$ & $0.000408562$ & $-0.0517526$ & $-0.0616448$ & $-0.0622508$ & $-0.00470768$ & $-0.0736598$ & $0.0277546$ & $0.0114842$ & $-0.0627443$ & $-0.0605924$ & $-0.0460328$ & $0.0470134$ & $0.00996925$ & $0.0933277$ & $-0.0231446$ & $-0.0886419$ & $-0.0217178$ & $-0.0722678$ & $0.0477708$ & $-0.0110016$ & $0.1468$ & $-0.0635859$ \\
mtop & $0.0448495$ & $-0.0710827$ & $1$ & $-0.00234658$ & $-0.0315023$ & $0.0416374$ & $-0.00943621$ & $-0.0430323$ & $-0.0407009$ & $0.0655395$ & $0.0413793$ & $0.0207683$ & $0.016408$ & $-0.00663552$ & $-0.0432231$ & $0.00231954$ & $0.00645092$ & $0.0345718$ & $0.00785823$ & $-0.0371799$ & $-0.0406639$ & $-0.0369104$ & $-0.0154975$ & $0.0209135$ & $0.011879$ & $0.0380534$ & $-0.0221438$ & $-0.0534061$ & $0.00453104$ & $0.0357337$ & $0.0330779$ & $0.000840206$ & $0.0512017$ & $-0.00549487$ & $0.0556141$ & $-0.0852574$ & $-0.103121$ & $0.0230703$ & $-0.106209$ & $-0.0261797$ & $0.013527$ & $0.0235644$ & $-0.12046$ & $-0.0218509$ & $-0.117923$ & $0.100126$ & $0.0143996$ & $0.121147$ & $0.0148897$ \\
mHl & $-0.0929732$ & $0.124539$ & $-0.00234658$ & $1$ & $0.0339008$ & $0.0171957$ & $0.0923975$ & $-0.0305663$ & $-0.0232665$ & $0.00697271$ & $0.0539937$ & $-0.130952$ & $-0.125652$ & $-0.0599602$ & $-0.0183039$ & $0.0177059$ & $-0.0515953$ & $-0.0397682$ & $-0.0664884$ & $-0.0482849$ & $-0.0538582$ & $-0.0523711$ & $0.0264336$ & $-0.0123826$ & $-0.0193462$ & $0.0352398$ & $0.00473862$ & $-0.00162713$ & $-0.0188672$ & $-0.0579612$ & $-0.012302$ & $0.0891876$ & $-0.122011$ & $-0.00961445$ & $-0.0454139$ & $0.0459642$ & $-0.117529$ & $0.0195641$ & $-0.075494$ & $-0.0564432$ & $-0.0183248$ & $-0.0392262$ & $0.0484814$ & $0.104673$ & $0.0963207$ & $-0.0299728$ & $0.119941$ & $0.209832$ & $-0.273646$ \\
Mz & $0.020252$ & $0.054427$ & $-0.0315023$ & $0.0339008$ & $1$ & $0.0174051$ & $-0.0225185$ & $-0.0444185$ & $-0.0404659$ & $0.0352153$ & $0.0465481$ & $0.0276338$ & $0.0275225$ & $-0.00757558$ & $-0.00627392$ & $0.0187014$ & $-0.00683103$ & $0.0051528$ & $-0.00833193$ & $-0.0368037$ & $-0.0415887$ & $-0.0410607$ & $-0.0202404$ & $0.024236$ & $-0.000118903$ & $0.0340143$ & $-0.0433105$ & $-0.0166557$ & $-0.00280774$ & $0.0301878$ & $0.0248151$ & $-0.0172307$ & $0.0139858$ & $-0.0431573$ & $-0.0163347$ & $0.0101598$ & $-0.0488122$ & $0.00654364$ & $0.00130898$ & $-0.0431098$ & $-0.0232824$ & $-0.00236439$ & $0.0295274$ & $0.0790555$ & $0.034929$ & $0.0263875$ & $0.0391072$ & $-0.066504$ & $-0.0311848$ \\
CW & $-0.00253395$ & $-0.0132678$ & $0.0416374$ & $0.0171957$ & $0.0174051$ & $1$ & $0.0473389$ & $-0.0393286$ & $-0.0369598$ & $0.0154536$ & $0.151549$ & $-0.00972203$ & $-0.0429632$ & $-0.0285914$ & $-0.108192$ & $-0.0831843$ & $-0.370148$ & $-0.1597$ & $-0.17769$ & $-0.151833$ & $-0.152885$ & $-0.155085$ & $-0.00256589$ & $-0.124413$ & $-0.202288$ & $0.113444$ & $-0.037997$ & $-0.0603665$ & $-0.0136331$ & $-0.0358692$ & $-0.0585769$ & $0.0487282$ & $-0.0545948$ & $-0.0761284$ & $-0.00464882$ & $0.0352876$ & $0.0413817$ & $0.0151227$ & $0.0104035$ & $0.00307663$ & $0.0276595$ & $0.0188668$ & $-0.0179261$ & $-0.00231549$ & $0.00524148$ & $-0.036625$ & $-0.0243671$ & $0.00148141$ & $-0.0284494$ \\
CHG & $0.0446153$ & $0.00914085$ & $-0.00943621$ & $0.0923975$ & $-0.0225185$ & $0.0473389$ & $1$ & $-0.0657518$ & $-0.0436605$ & $0.198213$ & $0.125543$ & $-0.641026$ & $-0.75157$ & $-0.135741$ & $-0.0515705$ & $-0.0723905$ & $-0.129235$ & $-0.10325$ & $-0.0922078$ & $-0.12704$ & $-0.126512$ & $-0.124912$ & $-0.0412635$ & $-0.0505708$ & $-0.0900896$ & $0.125354$ & $-0.00115114$ & $-0.0773505$ & $-0.14473$ & $-0.563796$ & $-0.337857$ & $0.953731$ & $-0.582836$ & $-0.029403$ & $-0.105434$ & $-0.054315$ & $-0.0542266$ & $0.0124554$ & $-0.0347066$ & $-0.0355987$ & $-0.0640523$ & $0.0289902$ & $0.00599524$ & $-0.0458921$ & $-0.00893672$ & $0.0484849$ & $0.0777355$ & $0.00921018$ & $-0.0519176$ \\
CHWB & $0.00112786$ & $-0.0223818$ & $-0.0430323$ & $-0.0305663$ & $-0.0444185$ & $-0.0393286$ & $-0.0657518$ & $1$ & $0.988972$ & $-0.555768$ & $-0.872187$ & $-0.0492188$ & $0.0624412$ & $0.285683$ & $0.436579$ & $0.429979$ & $-0.201683$ & $-0.371789$ & $-0.377798$ & $0.855047$ & $0.886743$ & $0.879075$ & $0.0141086$ & $-0.628992$ & $-0.349203$ & $-0.587995$ & $0.425214$ & $0.371634$ & $0.00186952$ & $0.0567125$ & $0.0101814$ & $-0.0764433$ & $0.0552877$ & $0.555658$ & $-0.0188119$ & $-0.0219073$ & $0.0758624$ & $0.0263823$ & $0.0211638$ & $0.0206223$ & $0.0170373$ & $0.0226671$ & $0.015635$ & $0.0657047$ & $0.0470729$ & $-0.0375913$ & $-0.0657905$ & $0.0126492$ & $0.025054$ \\
CHWHB_gaga & $0.00267345$ & $-0.0296912$ & $-0.0407009$ & $-0.0232665$ & $-0.0404659$ & $-0.0369598$ & $-0.0436605$ & $0.988972$ & $1$ & $-0.552063$ & $-0.860215$ & $-0.0373471$ & $0.0687863$ & $0.280917$ & $0.426668$ & $0.422201$ & $-0.206288$ & $-0.369227$ & $-0.376919$ & $0.843171$ & $0.874649$ & $0.867031$ & $0.0177178$ & $-0.623984$ & $-0.347938$ & $-0.581835$ & $0.424534$ & $0.366628$ & $0.0076828$ & $0.0774338$ & $0.0226675$ & $-0.056754$ & $0.0784224$ & $0.551543$ & $-0.0343641$ & $-0.0297619$ & $0.0657496$ & $0.025334$ & $0.0162865$ & $0.0199098$ & $0.0165263$ & $0.0224328$ & $0.0643931$ & $0.0657183$ & $0.0461377$ & $-0.0278658$ & $-0.0673519$ & $0.0138346$ & $0.0312036$ \\
CHWHB_gagaorth & $0.0576257$ & $0.0159678$ & $0.0655395$ & $0.00697271$ & $0.0352153$ & $0.0154536$ & $0.198213$ & $-0.555768$ & $-0.552063$ & $1$ & $0.483079$ & $0.0132097$ & $-0.240444$ & $-0.152947$ & $-0.235608$ & $-0.216683$ & $0.111691$ & $0.207298$ & $0.197321$ & $-0.471959$ & $-0.492431$ & $-0.489998$ & $-0.0464217$ & $0.356568$ & $0.18985$ & $0.359408$ & $-0.24341$ & $-0.217109$ & $-0.0377661$ & $-0.222756$ & $-0.125025$ & $0.207038$ & $-0.226911$ & $-0.31591$ & $0.0196341$ & $0.00311497$ & $-0.0626338$ & $-0.0154428$ & $-0.00849537$ & $-0.0107687$ & $-0.0851972$ & $-0.0275219$ & $-0.0383412$ & $-0.0927523$ & $-0.0676448$ & $0.0411676$ & $0.0837402$ & $-0.00712943$ & $0.0196802$ \\
CHD & $-0.016834$ & $0.0351049$ & $0.0413793$ & $0.0539937$ & $0.0465481$ & $0.151549$ & $0.125543$ & $-0.872187$ & $-0.860215$ & $0.483079$ & $1$ & $0.024708$ & $-0.136017$ & $-0.677224$ & $-0.555678$ & $-0.554024$ & $-0.275868$ & $-0.059871$ & $-0.051477$ & $-0.995019$ & $-0.995175$ & $-0.983258$ & $0.0262838$ & $0.212728$ & $-0.0897667$ & $0.683002$ & $-0.292438$ & $-0.429006$ & $-0.0327263$ & $-0.114597$ & $-0.0710894$ & $0.134772$ & $-0.139738$ & $-0.350884$ & $0.0120665$ & $0.0334276$ & $-0.0677232$ & $-0.0338033$ & $-0.0309483$ & $-0.00811449$ & $-0.0233243$ & $-0.00748148$ & $-0.00990124$ & $-0.064941$ & $-0.0567953$ & $0.0260752$ & $0.0650002$ & $0.0124847$ & $-0.0605778$ \\
CHbox & $-0.0278583$ & $-0.0716978$ & $0.0207683$ & $-0.130952$ & $0.0276338$ & $-0.00972203$ & $-0.641026$ & $-0.0492188$ & $-0.0373471$ & $0.0132097$ & $0.024708$ & $1$ & $0.878064$ & $0.0202639$ & $-0.0155659$ & $-0.00849113$ & $0.0430438$ & $0.0538948$ & $0.0504352$ & $-0.0221281$ & $-0.0258424$ & $-0.0259202$ & $0.0336679$ & $0.0583017$ & $0.046692$ & $-0.0175684$ & $-0.0382711$ & $0.019127$ & $0.200162$ & $0.656372$ & $0.343308$ & $-0.541467$ & $0.666695$ & $-0.0383724$ & $0.137348$ & $0.0784033$ & $-0.00801361$ & $-0.0114991$ & $0.0581563$ & $0.0422866$ & $-0.0198579$ & $-0.0237812$ & $-0.00457917$ & $0.0641685$ & $-0.0482628$ & $-0.0424054$ & $-0.0798842$ & $-0.0276239$ & $0.0390817$ \\
CH & $-0.0344269$ & $-0.0799163$ & $0.016408$ & $-0.125652$ & $0.0275225$ & $-0.0429632$ & $-0.75157$ & $0.0624412$ & $0.0687863$ & $-0.240444$ & $-0.136017$ & $0.878064$ & $1$ & $0.170575$ & $0.0485136$ & $0.0592951$ & $0.148321$ & $0.132207$ & $0.1296$ & $0.133485$ & $0.135827$ & $0.135338$ & $0.0460176$ & $0.0698297$ & $0.127591$ & $-0.137306$ & $0.019768$ & $0.0959568$ & $0.221827$ & $0.712641$ & $0.403051$ & $-0.661015$ & $0.728249$ & $0.0194612$ & $0.132249$ & $0.0541068$ & $0.0288203$ & $-0.00491451$ & $0.0555297$ & $0.0406172$ & $0.0349091$ & $-0.0319521$ & $0.0153858$ & $0.071213$ & $-0.0138946$ & $-0.0421288$ & $-0.0965751$ & $-0.0352981$ & $0.0430572$ \\
CHL1_11 & $0.0137701$ & $-0.0449836$ & $-0.00663552$ & $-0.0599602$ & $-0.00757558$ & $-0.0285914$ & $-0.135741$ & $0.285683$ & $0.280917$ & $-0.152947$ & $-0.677224$ & $0.0202639$ & $0.170575$ & $1$ & $0.401051$ & $0.411342$ & $0.644732$ & $0.611359$ & $0.600058$ & $0.687887$ & $0.649786$ & $0.635616$ & $-0.0754534$ & $0.427775$ & $0.607876$ & $-0.465467$ & $-0.0259746$ & $0.295287$ & $0.0596343$ & $0.130986$ & $0.0998492$ & $-0.141884$ & $0.175677$ & $-0.136647$ & $-0.00337509$ & $-0.0310656$ & $0.0320064$ & $0.0318988$ & $0.0313451$ & $-0.00881287$ & $0.0205438$ & $-0.0133047$ & $0.0106835$ & $0.029275$ & $0.050126$ & $0.00165899$ & $-0.0537$ & $-0.035647$ & $0.0706869$ \\
CHL1_22 & $-0.0120062$ & $-0.000471871$ & $-0.0432231$ & $-0.0183039$ & $-0.00627392$ & $-0.108192$ & $-0.0515705$ & $0.436579$ & $0.426668$ & $-0.235608$ & $-0.555678$ & $-0.0155659$ & $0.0485136$ & $0.401051$ & $1$ & $0.514628$ & $0.196325$ & $-0.283372$ & $0.0278705$ & $0.598492$ & $0.5$ & $0.490189$ & $-0.154501$ & $0.046615$ & $-0.0400743$ & $-0.365642$ & $-0.292782$ & $0.228243$ & $-0.0198342$ & $0.0154928$ & $0.0372002$ & $-0.0582908$ & $0.0361558$ & $-0.464573$ & $-0.0187701$ & $0.00231903$ & $0.0495884$ & $-0.00550861$ & $0.0432027$ & $-0.0133335$ & $0.0425028$ & $-0.00141597$ & $-0.025076$ & $0.0266502$ & $0.00623922$ & $-0.0146338$ & $-0.0659471$ & $-0.0192671$ & $0.0114605$ \\
CHL1_33 & $0.0336505$ & $-0.00187784$ & $0.00231954$ & $0.0177059$ & $0.0187014$ & $-0.0831843$ & $-0.0723905$ & $0.429979$ & $0.422201$ & $-0.216683$ & $-0.554024$ & $-0.00849113$ & $0.0592951$ & $0.411342$ & $0.514628$ & $1$ & $0.207858$ & $0.0513375$ & $-0.271748$ & $0.596193$ & $0.501264$ & $0.50624$ & $-0.155231$ & $0.0616697$ & $-0.0253886$ & $-0.351236$ & $-0.277918$ & $0.229285$ & $-0.00643625$ & $0.0457603$ & $0.0560254$ & $-0.0748695$ & $0.0692131$ & $-0.00907512$ & $-0.0468525$ & $-0.00841874$ & $0.00362273$ & $0.0129322$ & $0.00722515$ & $0.00757457$ & $0.0141424$ & $-0.0149905$ & $-0.0112413$ & $0.0624981$ & $0.0433197$ & $0.00892925$ & $0.000121517$ & $0.0424449$ & $0.0200355$ \\
CHL3_11 & $0.0306593$ & $-0.0339296$ & $0.00645092$ & $-0.0515953$ & $-0.00683103$ & $-0.370148$ & $-0.129235$ & $-0.201683$ & $-0.206288$ & $0.111691$ & $-0.275868$ & $0.0430438$ & $0.148321$ & $0.644732$ & $0.196325$ & $0.207858$ & $1$ & $0.823033$ & $0.81912$ & $0.289248$ & $0.251034$ & $0.24427$ & $-0.0472443$ & $0.745937$ & $0.851417$ & $-0.210947$ & $-0.153865$ & $0.123577$ & $0.0647785$ & $0.128048$ & $0.130609$ & $-0.12368$ & $0.178455$ & $-0.244366$ & $0.025737$ & $-0.0289129$ & $-0.0204466$ & $0.0180293$ & $0.0132047$ & $-0.022393$ & $0.00756667$ & $-0.0235009$ & $-0.0163166$ & $0.00366893$ & $0.0208375$ & $0.0158643$ & $0.00838477$ & $-0.0500933$ & $0.0769284$ \\
CHL3_22 & $0.0318257$ & $-0.0442236$ & $0.0345718$ & $-0.0397682$ & $0.0051528$ & $-0.1597$ & $-0.10325$ & $-0.371789$ & $-0.369227$ & $0.207298$ & $-0.059871$ & $0.0538948$ & $0.132207$ & $0.611359$ & $-0.283372$ & $0.0513375$ & $0.823033$ & $1$ & $0.781836$ & $0.0604999$ & $0.0538825$ & $0.050466$ & $0.00252269$ & $0.735224$ & $0.862581$ & $-0.061096$ & $-0.0548294$ & $0.0348834$ & $0.0752762$ & $0.118362$ & $0.1045$ & $-0.0971281$ & $0.160181$ & $-0.0610537$ & $0.0229883$ & $-0.0289132$ & $-0.0374157$ & $0.0221128$ & $-0.0039104$ & $-0.0149043$ & $-0.00845527$ & $-0.0273087$ & $0.00717088$ & $-0.00459408$ & $0.0248397$ & $0.0269949$ & $0.0284735$ & $-0.0364986$ & $0.0655063$ \\
CHL3_33 & $0.00477644$ & $-0.041055$ & $0.00785823$ & $-0.0664884$ & $-0.00833193$ & $-0.17769$ & $-0.0922078$ & $-0.377798$ & $-0.376919$ & $0.197321$ & $-0.051477$ & $0.0504352$ & $0.1296$ & $0.600058$ & $0.0278705$ & $-0.271748$ & $0.81912$ & $0.781836$ & $1$ & $0.0516012$ & $0.0453748$ & $0.0437396$ & $0.00702307$ & $0.730262$ & $0.859451$ & $-0.0663467$ & $-0.0594214$ & $0.0319227$ & $0.0707618$ & $0.103585$ & $0.0957804$ & $-0.0895343$ & $0.143376$ & $-0.365411$ & $0.0385191$ & $-0.0218063$ & $-0.00819435$ & $0.0136558$ & $0.0144269$ & $-0.0287579$ & $0.00761017$ & $-0.0206831$ & $-0.00433414$ & $-0.0288043$ & $0.00608453$ & $0.0144476$ & $-0.010029$ & $-0.07364$ & $0.0667787$ \\
CHe_11 & $0.00926842$ & $-0.0219067$ & $-0.0371799$ & $-0.0482849$ & $-0.0368037$ & $-0.151833$ & $-0.12704$ & $0.855047$ & $0.843171$ & $-0.471959$ & $-0.995019$ & $-0.0221281$ & $0.133485$ & $0.687887$ & $0.598492$ & $0.596193$ & $0.289248$ & $0.0604999$ & $0.0516012$ & $1$ & $0.985366$ & $0.973194$ & $-0.0414189$ & $-0.178977$ & $0.095265$ & $-0.678494$ & $0.238353$ & $0.426723$ & $0.0301728$ & $0.110011$ & $0.0717683$ & $-0.136054$ & $0.136722$ & $0.295235$ & $-0.0128931$ & $-0.0327003$ & $0.0630126$ & $0.0300876$ & $0.0313529$ & $0.00508597$ & $0.0288671$ & $0.00314348$ & $0.00764655$ & $0.0651602$ & $0.0537046$ & $-0.0233277$ & $-0.0639592$ & $-0.0104704$ & $0.0555675$ \\
CHe_22 & $0.00946571$ & $-0.0211098$ & $-0.0406639$ & $-0.0538582$ & $-0.0415887$ & $-0.152885$ & $-0.126512$ & $0.886743$ & $0.874649$ & $-0.492431$ & $-0.995175$ & $-0.0258424$ & $0.135827$ & $0.649786$ & $0.5$ & $0.501264$ & $0.251034$ & $0.0538825$ & $0.0453748$ & $0.985366$ & $1$ & $0.986841$ & $-0.0081621$ & $-0.254944$ & $0.0768882$ & $-0.68254$ & $0.350946$ & $0.427916$ & $0.0345587$ & $0.117249$ & $0.0683535$ & $-0.13532$ & $0.139855$ & $0.416095$ & $-0.00676222$ & $-0.0348416$ & $0.0665434$ & $0.0346065$ & $0.0288889$ & $0.00990743$ & $0.0236315$ & $0.00831471$ & $0.011761$ & $0.0643253$ & $0.0557822$ & $-0.0275523$ & $-0.0661163$ & $-0.00948213$ & $0.0590911$ \\
CHe_33 & $0.00931783$ & $-0.0137866$ & $-0.0369104$ & $-0.0523711$ & $-0.0410607$ & $-0.155085$ & $-0.124912$ & $0.879075$ & $0.867031$ & $-0.489998$ & $-0.983258$ & $-0.0259202$ & $0.135338$ & $0.635616$ & $0.490189$ & $0.50624$ & $0.24427$ & $0.050466$ & $0.0437396$ & $0.973194$ & $0.986841$ & $1$ & $-0.00523679$ & $-0.257015$ & $0.0722952$ & $-0.67625$ & $0.351881$ & $0.425805$ & $0.0363188$ & $0.117245$ & $0.0663668$ & $-0.134343$ & $0.13856$ & $0.420095$ & $-0.00643092$ & $-0.0364703$ & $0.0656342$ & $0.0367228$ & $0.0244997$ & $0.00694397$ & $0.0208454$ & $0.00885109$ & $0.0147876$ & $0.0644821$ & $0.0555604$ & $-0.0213393$ & $-0.0638168$ & $-0.00667161$ & $0.0612866$ \\
CHQ1_11 & $-0.0518412$ & $0.0352911$ & $-0.0154975$ & $0.0264336$ & $-0.0202404$ & $-0.00256589$ & $-0.0412635$ & $0.0141086$ & $0.0177178$ & $-0.0464217$ & $0.0262838$ & $0.0336679$ & $0.0460176$ & $-0.0754534$ & $-0.154501$ & $-0.155231$ & $-0.0472443$ & $0.00252269$ & $0.00702307$ & $-0.0414189$ & $-0.0081621$ & $-0.00523679$ & $1$ & $-0.0873811$ & $0.0729814$ & $-0.575261$ & $0.318271$ & $-0.00842843$ & $-0.00337804$ & $0.0486984$ & $-0.00153794$ & $-0.0292006$ & $0.0426886$ & $0.157418$ & $-0.00931376$ & $0.0200948$ & $0.00880216$ & $0.0401738$ & $-4.96919e-05$ & $0.0224968$ & $0.0369231$ & $0.0543322$ & $0.0491474$ & $-0.0415715$ & $0.00973933$ & $-0.000734099$ & $-0.0505176$ & $0.039173$ & $0.0150344$ \\
CHQ1_33 & $-0.0289777$ & $-0.0296263$ & $0.0209135$ & $-0.0123826$ & $0.024236$ & $-0.124413$ & $-0.0505708$ & $-0.628992$ & $-0.623984$ & $0.356568$ & $0.212728$ & $0.0583017$ & $0.0698297$ & $0.427775$ & $0.046615$ & $0.0616697$ & $0.745937$ & $0.735224$ & $0.730262$ & $-0.178977$ & $-0.254944$ & $-0.257015$ & $-0.0873811$ & $1$ & $0.745442$ & $0.13589$ & $-0.407725$ & $-0.0113622$ & $0.0411448$ & $0.0501948$ & $0.0735769$ & $-0.0455242$ & $0.0853285$ & $-0.60984$ & $-0.00483953$ & $-0.00757349$ & $-0.0510938$ & $0.0028334$ & $-0.000225088$ & $-0.0344864$ & $0.00451175$ & $-0.0353845$ & $-0.0187406$ & $-0.0229146$ & $-0.000724445$ & $0.0419224$ & $0.00863893$ & $-0.0431919$ & $0.0268982$ \\
CHQ3_11 & $-0.0553861$ & $-0.0248638$ & $0.011879$ & $-0.0193462$ & $-0.000118903$ & $-0.202288$ & $-0.0900896$ & $-0.349203$ & $-0.347938$ & $0.18985$ & $-0.0897667$ & $0.046692$ & $0.127591$ & $0.607876$ & $-0.0400743$ & $-0.0253886$ & $0.851417$ & $0.862581$ & $0.859451$ & $0.095265$ & $0.0768882$ & $0.0722952$ & $0.0729814$ & $0.745442$ & $1$ & $-0.0845045$ & $0.120573$ & $0.0516614$ & $0.0624679$ & $0.109161$ & $0.0943726$ & $-0.0844149$ & $0.143956$ & $-0.247402$ & $0.0156517$ & $-0.0334003$ & $-0.0222907$ & $0.0112417$ & $-0.00691411$ & $-0.0263218$ & $0.0273163$ & $-0.0157639$ & $-0.00876856$ & $-0.00409993$ & $0.0394512$ & $0.00277878$ & $-0.00391826$ & $-0.0408222$ & $0.0406123$ \\
CHu_11 & $-0.000252842$ & $-0.00168576$ & $0.0380534$ & $0.0352398$ & $0.0340143$ & $0.113444$ & $0.125354$ & $-0.587995$ & $-0.581835$ & $0.359408$ & $0.683002$ & $-0.0175684$ & $-0.137306$ & $-0.465467$ & $-0.365642$ & $-0.351236$ & $-0.210947$ & $-0.061096$ & $-0.0663467$ & $-0.678494$ & $-0.68254$ & $-0.67625$ & $-0.575261$ & $0.13589$ & $-0.0845045$ & $1$ & $-0.195678$ & $-0.277649$ & $-0.0221601$ & $-0.112818$ & $-0.0625076$ & $0.125796$ & $-0.135995$ & $-0.249914$ & $0.0257755$ & $-0.0076156$ & $-0.0589473$ & $-0.0628631$ & $-0.0391269$ & $-0.0220049$ & $-0.038028$ & $-0.0325797$ & $-0.0333739$ & $-0.00869763$ & $-0.0327536$ & $0.0048979$ & $0.0802464$ & $-0.0241465$ & $-0.0638401$ \\
CHd_11 & $-0.0287443$ & $0.00848978$ & $-0.0221438$ & $0.00473862$ & $-0.0433105$ & $-0.037997$ & $-0.00115114$ & $0.425214$ & $0.424534$ & $-0.24341$ & $-0.292438$ & $-0.0382711$ & $0.019768$ & $-0.0259746$ & $-0.292782$ & $-0.277918$ & $-0.153865$ & $-0.0548294$ & $-0.0594214$ & $0.238353$ & $0.350946$ & $0.351881$ & $0.318271$ & $-0.407725$ & $0.120573$ & $-0.195678$ & $1$ & $0.133328$ & $0.0216313$ & $0.0422568$ & $-0.0236835$ & $-0.00558154$ & $0.0188205$ & $0.677357$ & $-0.0163122$ & $-0.0344895$ & $0.0360693$ & $0.0168234$ & $-0.0227854$ & $0.00808851$ & $0.00633521$ & $0.0307658$ & $0.0148081$ & $0.033517$ & $0.0647934$ & $-0.0487299$ & $-0.0250883$ & $-0.000538854$ & $0.00645734$ \\
CHd_33 & $0.0276262$ & $0.000408562$ & $-0.0534061$ & $-0.00162713$ & $-0.0166557$ & $-0.0603665$ & $-0.0773505$ & $0.371634$ & $0.366628$ & $-0.217109$ & $-0.429006$ & $0.019127$ & $0.0959568$ & $0.295287$ & $0.228243$ & $0.229285$ & $0.123577$ & $0.0348834$ & $0.0319227$ & $0.426723$ & $0.427916$ & $0.425805$ & $-0.00842843$ & $-0.0113622$ & $0.0516614$ & $-0.277649$ & $0.133328$ & $1$ & $0.013552$ & $0.0770197$ & $0.0404709$ & $-0.0744343$ & $0.0991509$ & $0.156421$ & $-0.0435087$ & $0.016798$ & $-0.0119006$ & $0.0224106$ & $0.0294129$ & $-0.0503027$ & $0.00765993$ & $0.0277503$ & $0.0148917$ & $0.0437903$ & $0.0582209$ & $-0.0132754$ & $-0.039075$ & $-0.0197524$ & $0.0377757$ \\
CeH_22r & $0.0254014$ & $-0.0517526$ & $0.00453104$ & $-0.0188672$ & $-0.00280774$ & $-0.0136331$ & $-0.14473$ & $0.00186952$ & $0.0076828$ & $-0.0377661$ & $-0.0327263$ & $0.200162$ & $0.221827$ & $0.0596343$ & $-0.0198342$ & $-0.00643625$ & $0.0647785$ & $0.0752762$ & $0.0707618$ & $0.0301728$ & $0.0345587$ & $0.0363188$ & $-0.00337804$ & $0.0411448$ & $0.0624679$ & $-0.0221601$ & $0.0216313$ & $0.013552$ & $1$ & $0.170606$ & $0.108083$ & $-0.135328$ & $0.183096$ & $0.0206101$ & $0.056442$ & $0.00828726$ & $-0.0254433$ & $-0.0417952$ & $0.00988215$ & $-0.0237148$ & $-0.0384989$ & $-0.00927256$ & $-0.00239944$ & $0.00533835$ & $0.00582524$ & $-0.000809169$ & $-0.00542698$ & $-0.0142539$ & $0.00682075$ \\
CeH_33r & $-0.0264297$ & $-0.0616448$ & $0.0357337$ & $-0.0579612$ & $0.0301878$ & $-0.0358692$ & $-0.563796$ & $0.0567125$ & $0.0774338$ & $-0.222756$ & $-0.114597$ & $0.656372$ & $0.712641$ & $0.130986$ & $0.0154928$ & $0.0457603$ & $0.128048$ & $0.118362$ & $0.103585$ & $0.110011$ & $0.117249$ & $0.117245$ & $0.0486984$ & $0.0501948$ & $0.109161$ & $-0.112818$ & $0.0422568$ & $0.0770197$ & $0.170606$ & $1$ & $0.479309$ & $-0.422152$ & $0.830817$ & $0.0498782$ & $0.0562412$ & $0.0159076$ & $-0.122483$ & $-0.0409877$ & $0.0268296$ & $0.00106819$ & $0.0423514$ & $-0.0122374$ & $0.0110206$ & $0.087554$ & $0.0163589$ & $0.00479902$ & $-0.0701073$ & $0.00310995$ & $0.0426195$ \\
CuH_22r & $0.0465887$ & $-0.0622508$ & $0.0330779$ & $-0.012302$ & $0.0248151$ & $-0.0585769$ & $-0.337857$ & $0.0101814$ & $0.0226675$ & $-0.125025$ & $-0.0710894$ & $0.343308$ & $0.403051$ & $0.0998492$ & $0.0372002$ & $0.0560254$ & $0.130609$ & $0.1045$ & $0.0957804$ & $0.0717683$ & $0.0683535$ & $0.0663668$ & $-0.00153794$ & $0.0735769$ & $0.0943726$ & $-0.0625076$ & $-0.0236835$ & $0.0404709$ & $0.108083$ & $0.479309$ & $1$ & $-0.246853$ & $0.504597$ & $-0.0104423$ & $-0.00625151$ & $-0.0404268$ & $-0.109999$ & $0.0204124$ & $-0.0771852$ & $0.00290445$ & $0.00576199$ & $-0.0133353$ & $0.00128562$ & $-0.0098239$ & $0.0256439$ & $0.0939201$ & $0.281469$ & $-0.0391313$ & $-0.00339978$ \\
CuH_33r & $0.0367499$ & $-0.00470768$ & $0.000840206$ & $0.0891876$ & $-0.0172307$ & $0.0487282$ & $0.953731$ & $-0.0764433$ & $-0.056754$ & $0.207038$ & $0.134772$ & $-0.541467$ & $-0.661015$ & $-0.141884$ & $-0.0582908$ & $-0.0748695$ & $-0.12368$ & $-0.0971281$ & $-0.0895343$ & $-0.136054$ & $-0.13532$ & $-0.134343$ & $-0.0292006$ & $-0.0455242$ & $-0.0844149$ & $0.125796$ & $-0.00558154$ & $-0.0744343$ & $-0.135328$ & $-0.422152$ & $-0.246853$ & $1$ & $-0.426197$ & $-0.0318474$ & $-0.0404043$ & $-0.0373009$ & $-0.0739068$ & $-0.0023777$ & $-0.0201386$ & $-0.0373795$ & $-0.0504294$ & $0.0357631$ & $0.00551868$ & $-0.0363567$ & $-0.0194739$ & $0.0493887$ & $0.0697103$ & $0.00457317$ & $-0.0541398$ \\
CdH_33r & $0.0104632$ & $-0.0736598$ & $0.0512017$ & $-0.122011$ & $0.0139858$ & $-0.0545948$ & $-0.582836$ & $0.0552877$ & $0.0784224$ & $-0.226911$ & $-0.139738$ & $0.666695$ & $0.728249$ & $0.175677$ & $0.0361558$ & $0.0692131$ & $0.178455$ & $0.160181$ & $0.143376$ & $0.136722$ & $0.139855$ & $0.13856$ & $0.0426886$ & $0.0853285$ & $0.143956$ & $-0.135995$ & $0.0188205$ & $0.0991509$ & $0.183096$ & $0.830817$ & $0.504597$ & $-0.426197$ & $1$ & $0.0331282$ & $0.035113$ & $-0.0122227$ & $-0.132838$ & $-0.0397991$ & $-0.00735182$ & $0.0091896$ & $0.0113439$ & $0.00189794$ & $0.00251234$ & $0.0741739$ & $0.0280764$ & $0.0148306$ & $-0.109417$ & $0.0542846$ & $0.328621$ \\
CLL_1221 & $0.0128219$ & $0.0277546$ & $-0.00549487$ & $-0.00961445$ & $-0.0431573$ & $-0.0761284$ & $-0.029403$ & $0.555658$ & $0.551543$ & $-0.31591$ & $-0.350884$ & $-0.0383724$ & $0.0194612$ & $-0.136647$ & $-0.464573$ & $-0.00907512$ & $-0.244366$ & $-0.0610537$ & $-0.365411$ & $0.295235$ & $0.416095$ & $0.420095$ & $0.157418$ & $-0.60984$ & $-0.247402$ & $-0.249914$ & $0.677357$ & $0.156421$ & $0.0206101$ & $0.0498782$ & $-0.0104423$ & $-0.0318474$ & $0.0331282$ & $1$ & $0.00785412$ & $-0.0308445$ & $0.0172719$ & $0.0283203$ & $-0.0161475$ & $0.0313551$ & $-0.0178648$ & $0.0224589$ & $0.0260072$ & $0.0421474$ & $0.0360584$ & $-0.0219577$ & $0.00305092$ & $0.0343712$ & $0.0189266$ \\
eHggint & $-0.120921$ & $0.0114842$ & $0.0556141$ & $-0.0454139$ & $-0.0163347$ & $-0.00464882$ & $-0.105434$ & $-0.0188119$ & $-0.0343641$ & $0.0196341$ & $0.0120665$ & $0.137348$ & $0.132249$ & $-0.00337509$ & $-0.0187701$ & $-0.0468525$ & $0.025737$ & $0.0229883$ & $0.0385191$ & $-0.0128931$ & $-0.00676222$ & $-0.00643092$ & $-0.00931376$ & $-0.00483953$ & $0.0156517$ & $0.0257755$ & $-0.0163122$ & $-0.0435087$ & $0.056442$ & $0.0562412$ & $-0.00625151$ & $-0.0404043$ & $0.035113$ & $0.00785412$ & $1$ & $-0.0382841$ & $0.135884$ & $-0.0610542$ & $0.0165886$ & $0.0187327$ & $0.109964$ & $0.00217661$ & $-0.0505325$ & $0.0601888$ & $-0.0366609$ & $-0.0888823$ & $-0.048651$ & $0.0831799$ & $-0.111684$ \\
eHggpar & $0.0974924$ & $-0.0627443$ & $-0.0852574$ & $0.0459642$ & $0.0101598$ & $0.0352876$ & $-0.054315$ & $-0.0219073$ & $-0.0297619$ & $0.00311497$ & $0.0334276$ & $0.0784033$ & $0.0541068$ & $-0.0310656$ & $0.00231903$ & $-0.00841874$ & $-0.0289129$ & $-0.0289132$ & $-0.0218063$ & $-0.0327003$ & $-0.0348416$ & $-0.0364703$ & $0.0200948$ & $-0.00757349$ & $-0.0334003$ & $-0.0076156$ & $-0.0344895$ & $0.016798$ & $0.00828726$ & $0.0159076$ & $-0.0404268$ & $-0.0373009$ & $-0.0122227$ & $-0.0308445$ & $-0.0382841$ & $1$ & $0.0108605$ & $0.00809026$ & $0.118245$ & $0.014938$ & $0.0244956$ & $0.0196431$ & $0.00646986$ & $-0.00816232$ & $0.0126665$ & $-0.127925$ & $-0.0893235$ & $-0.0853753$ & $-0.0608014$ \\
eHWWint & $0.0230048$ & $-0.0605924$ & $-0.103121$ & $-0.117529$ & $-0.0488122$ & $0.0413817$ & $-0.0542266$ & $0.0758624$ & $0.0657496$ & $-0.0626338$ & $-0.0677232$ & $-0.00801361$ & $0.0288203$ & $0.0320064$ & $0.0495884$ & $0.00362273$ & $-0.0204466$ & $-0.0374157$ & $-0.00819435$ & $0.0630126$ & $0.0665434$ & $0.0656342$ & $0.00880216$ & $-0.0510938$ & $-0.0222907$ & $-0.0589473$ & $0.0360693$ & $-0.0119006$ & $-0.0254433$ & $-0.122483$ & $-0.109999$ & $-0.0739068$ & $-0.132838$ & $0.0172719$ & $0.135884$ & $0.0108605$ & $1$ & $0.0227454$ & $0.0546926$ & $0.0305254$ & $0.147913$ & $0.0106365$ & $0.0338982$ & $-0.128468$ & $0.0170803$ & $-0.130184$ & $-0.108784$ & $-0.0723982$ & $-0.022576$ \\
eHWWpar & $0.0135089$ & $-0.0460328$ & $0.0230703$ & $0.0195641$ & $0.00654364$ & $0.0151227$ & $0.0124554$ & $0.0263823$ & $0.025334$ & $-0.0154428$ & $-0.0338033$ & $-0.0114991$ & $-0.00491451$ & $0.0318988$ & $-0.00550861$ & $0.0129322$ & $0.0180293$ & $0.0221128$ & $0.0136558$ & $0.0300876$ & $0.0346065$ & $0.0367228$ & $0.0401738$ & $0.0028334$ & $0.0112417$ & $-0.0628631$ & $0.0168234$ & $0.0224106$ & $-0.0417952$ & $-0.0409877$ & $0.0204124$ & $-0.0023777$ & $-0.0397991$ & $0.0283203$ & $-0.0610542$ & $0.00809026$ & $0.0227454$ & $1$ & $0.00506057$ & $-0.0141913$ & $-0.0205028$ & $0.00911059$ & $0.0335087$ & $-0.0421199$ & $-0.00356498$ & $0.0427922$ & $0.0481439$ & $-0.0450943$ & $0.00550644$ \\
eHZZint & $0.0680571$ & $0.0470134$ & $-0.106209$ & $-0.075494$ & $0.00130898$ & $0.0104035$ & $-0.0347066$ & $0.0211638$ & $0.0162865$ & $-0.00849537$ & $-0.0309483$ & $0.0581563$ & $0.0555297$ & $0.0313451$ & $0.0432027$ & $0.00722515$ & $0.0132047$ & $-0.0039104$ & $0.0144269$ & $0.0313529$ & $0.0288889$ & $0.0244997$ & $-4.96919e-05$ & $-0.000225088$ & $-0.00691411$ & $-0.0391269$ & $-0.0227854$ & $0.0294129$ & $0.00988215$ & $0.0268296$ & $-0.0771852$ & $-0.0201386$ & $-0.00735182$ & $-0.0161475$ & $0.0165886$ & $0.118245$ & $0.0546926$ & $0.00506057$ & $1$ & $-0.0354176$ & $0.142433$ & $0.0166187$ & $-0.0739523$ & $-0.0891409$ & $-0.0763381$ & $-0.170771$ & $-0.20683$ & $-0.094306$ & $-0.0389981$ \\
eHZZpar & $-0.0195136$ & $0.00996925$ & $-0.0261797$ & $-0.0564432$ & $-0.0431098$ & $0.00307663$ & $-0.0355987$ & $0.0206223$ & $0.0199098$ & $-0.0107687$ & $-0.00811449$ & $0.0422866$ & $0.0406172$ & $-0.00881287$ & $-0.0133335$ & $0.00757457$ & $-0.022393$ & $-0.0149043$ & $-0.0287579$ & $0.00508597$ & $0.00990743$ & $0.00694397$ & $0.0224968$ & $-0.0344864$ & $-0.0263218$ & $-0.0220049$ & $0.00808851$ & $-0.0503027$ & $-0.0237148$ & $0.00106819$ & $0.00290445$ & $-0.0373795$ & $0.0091896$ & $0.0313551$ & $0.0187327$ & $0.014938$ & $0.0305254$ & $-0.0141913$ & $-0.0354176$ & $1$ & $0.0193894$ & $0.0159173$ & $0.0442997$ & $-0.0229432$ & $-0.0269066$ & $-0.0240926$ & $0.00778437$ & $0.0382332$ & $0.026676$ \\
eHZgaint & $-0.225107$ & $0.0933277$ & $0.013527$ & $-0.0183248$ & $-0.0232824$ & $0.0276595$ & $-0.0640523$ & $0.0170373$ & $0.0165263$ & $-0.0851972$ & $-0.0233243$ & $-0.0198579$ & $0.0349091$ & $0.0205438$ & $0.0425028$ & $0.0141424$ & $0.00756667$ & $-0.00845527$ & $0.00761017$ & $0.0288671$ & $0.0236315$ & $0.0208454$ & $0.0369231$ & $0.00451175$ & $0.0273163$ & $-0.038028$ & $0.00633521$ & $0.00765993$ & $-0.0384989$ & $0.0423514$ & $0.00576199$ & $-0.0504294$ & $0.0113439$ & $-0.0178648$ & $0.109964$ & $0.0244956$ & $0.147913$ & $-0.0205028$ & $0.142433$ & $0.0193894$ & $1$ & $0.0356246$ & $-0.00265567$ & $0.0246523$ & $0.077841$ & $-0.157165$ & $-0.0800702$ & $0.033599$ & $-0.0730308$ \\
eHZgapar & $-0.028227$ & $-0.0231446$ & $0.0235644$ & $-0.0392262$ & $-0.00236439$ & $0.0188668$ & $0.0289902$ & $0.0226671$ & $0.0224328$ & $-0.0275219$ & $-0.00748148$ & $-0.0237812$ & $-0.0319521$ & $-0.0133047$ & $-0.00141597$ & $-0.0149905$ & $-0.0235009$ & $-0.0273087$ & $-0.0206831$ & $0.00314348$ & $0.00831471$ & $0.00885109$ & $0.0543322$ & $-0.0353845$ & $-0.0157639$ & $-0.0325797$ & $0.0307658$ & $0.0277503$ & $-0.00927256$ & $-0.0122374$ & $-0.0133353$ & $0.0357631$ & $0.00189794$ & $0.0224589$ & $0.00217661$ & $0.0196431$ & $0.0106365$ & $0.00911059$ & $0.0166187$ & $0.0159173$ & $0.0356246$ & $1$ & $-0.0343873$ & $0.0492933$ & $0.021036$ & $-0.000855744$ & $-0.0652853$ & $0.0512962$ & $0.0262982$ \\
eHgagaint & $-0.0069852$ & $-0.0886419$ & $-0.12046$ & $0.0484814$ & $0.0295274$ & $-0.0179261$ & $0.00599524$ & $0.015635$ & $0.0643931$ & $-0.0383412$ & $-0.00990124$ & $-0.00457917$ & $0.0153858$ & $0.0106835$ & $-0.025076$ & $-0.0112413$ & $-0.0163166$ & $0.00717088$ & $-0.00433414$ & $0.00764655$ & $0.011761$ & $0.0147876$ & $0.0491474$ & $-0.0187406$ & $-0.00876856$ & $-0.0333739$ & $0.0148081$ & $0.0148917$ & $-0.00239944$ & $0.0110206$ & $0.00128562$ & $0.00551868$ & $0.00251234$ & $0.0260072$ & $-0.0505325$ & $0.00646986$ & $0.0338982$ & $0.0335087$ & $-0.0739523$ & $0.0442997$ & $-0.00265567$ & $-0.0343873$ & $1$ & $-0.0445666$ & $0.0198752$ & $0.13648$ & $0.00451726$ & $0.00951892$ & $-0.00277486$ \\
eHmumuint & $0.00719416$ & $-0.0217178$ & $-0.0218509$ & $0.104673$ & $0.0790555$ & $-0.00231549$ & $-0.0458921$ & $0.0657047$ & $0.0657183$ & $-0.0927523$ & $-0.064941$ & $0.0641685$ & $0.071213$ & $0.029275$ & $0.0266502$ & $0.0624981$ & $0.00366893$ & $-0.00459408$ & $-0.0288043$ & $0.0651602$ & $0.0643253$ & $0.0644821$ & $-0.0415715$ & $-0.0229146$ & $-0.00409993$ & $-0.00869763$ & $0.033517$ & $0.0437903$ & $0.00533835$ & $0.087554$ & $-0.0098239$ & $-0.0363567$ & $0.0741739$ & $0.0421474$ & $0.0601888$ & $-0.00816232$ & $-0.128468$ & $-0.0421199$ & $-0.0891409$ & $-0.0229432$ & $0.0246523$ & $0.0492933$ & $-0.0445666$ & $1$ & $0.215163$ & $-0.0530098$ & $-0.137205$ & $0.0489184$ & $-0.0263567$ \\
eHtautauint & $0.0244336$ & $-0.0722678$ & $-0.117923$ & $0.0963207$ & $0.034929$ & $0.00524148$ & $-0.00893672$ & $0.0470729$ & $0.0461377$ & $-0.0676448$ & $-0.0567953$ & $-0.0482628$ & $-0.0138946$ & $0.050126$ & $0.00623922$ & $0.0433197$ & $0.0208375$ & $0.0248397$ & $0.00608453$ & $0.0537046$ & $0.0557822$ & $0.0555604$ & $0.00973933$ & $-0.000724445$ & $0.0394512$ & $-0.0327536$ & $0.0647934$ & $0.0582209$ & $0.00582524$ & $0.0163589$ & $0.0256439$ & $-0.0194739$ & $0.0280764$ & $0.0360584$ & $-0.0366609$ & $0.0126665$ & $0.0170803$ & $-0.00356498$ & $-0.0763381$ & $-0.0269066$ & $0.077841$ & $0.021036$ & $0.0198752$ & $0.215163$ & $1$ & $0.0406106$ & $0.0272397$ & $0.0668804$ & $0.110484$ \\
eHccint & $-0.00991203$ & $0.0477708$ & $0.100126$ & $-0.0299728$ & $0.0263875$ & $-0.036625$ & $0.0484849$ & $-0.0375913$ & $-0.0278658$ & $0.0411676$ & $0.0260752$ & $-0.0424054$ & $-0.0421288$ & $0.00165899$ & $-0.0146338$ & $0.00892925$ & $0.0158643$ & $0.0269949$ & $0.0144476$ & $-0.0233277$ & $-0.0275523$ & $-0.0213393$ & $-0.000734099$ & $0.0419224$ & $0.00277878$ & $0.0048979$ & $-0.0487299$ & $-0.0132754$ & $-0.000809169$ & $0.00479902$ & $0.0939201$ & $0.0493887$ & $0.0148306$ & $-0.0219577$ & $-0.0888823$ & $-0.127925$ & $-0.130184$ & $0.0427922$ & $-0.170771$ & $-0.0240926$ & $-0.157165$ & $-0.000855744$ & $0.13648$ & $-0.0530098$ & $0.0406106$ & $1$ & $0.0729444$ & $-0.0257911$ & $0.0623242$ \\
eHccpar & $0.225936$ & $-0.0110016$ & $0.0143996$ & $0.119941$ & $0.0391072$ & $-0.0243671$ & $0.0777355$ & $-0.0657905$ & $-0.0673519$ & $0.0837402$ & $0.0650002$ & $-0.0798842$ & $-0.0965751$ & $-0.0537$ & $-0.0659471$ & $0.000121517$ & $0.00838477$ & $0.0284735$ & $-0.010029$ & $-0.0639592$ & $-0.0661163$ & $-0.0638168$ & $-0.0505176$ & $0.00863893$ & $-0.00391826$ & $0.0802464$ & $-0.0250883$ & $-0.039075$ & $-0.00542698$ & $-0.0701073$ & $0.281469$ & $0.0697103$ & $-0.109417$ & $0.00305092$ & $-0.048651$ & $-0.0893235$ & $-0.108784$ & $0.0481439$ & $-0.20683$ & $0.00778437$ & $-0.0800702$ & $-0.0652853$ & $0.00451726$ & $-0.137205$ & $0.0272397$ & $0.0729444$ & $1$ & $-0.00263207$ & $-0.135751$ \\
eHbbint & $-0.0930771$ & $0.1468$ & $0.121147$ & $0.209832$ & $-0.066504$ & $0.00148141$ & $0.00921018$ & $0.0126492$ & $0.0138346$ & $-0.00712943$ & $0.0124847$ & $-0.0276239$ & $-0.0352981$ & $-0.035647$ & $-0.0192671$ & $0.0424449$ & $-0.0500933$ & $-0.0364986$ & $-0.07364$ & $-0.0104704$ & $-0.00948213$ & $-0.00667161$ & $0.039173$ & $-0.0431919$ & $-0.0408222$ & $-0.0241465$ & $-0.000538854$ & $-0.0197524$ & $-0.0142539$ & $0.00310995$ & $-0.0391313$ & $0.00457317$ & $0.0542846$ & $0.0343712$ & $0.0831799$ & $-0.0853753$ & $-0.0723982$ & $-0.0450943$ & $-0.094306$ & $0.0382332$ & $0.033599$ & $0.0512962$ & $0.00951892$ & $0.0489184$ & $0.0668804$ & $-0.0257911$ & $-0.00263207$ & $1$ & $-0.0273582$ \\
eHbbpar & $0.208286$ & $-0.0635859$ & $0.0148897$ & $-0.273646$ & $-0.0311848$ & $-0.0284494$ & $-0.0519176$ & $0.025054$ & $0.0312036$ & $0.0196802$ & $-0.0605778$ & $0.0390817$ & $0.0430572$ & $0.0706869$ & $0.0114605$ & $0.0200355$ & $0.0769284$ & $0.0655063$ & $0.0667787$ & $0.0555675$ & $0.0590911$ & $0.0612866$ & $0.0150344$ & $0.0268982$ & $0.0406123$ & $-0.0638401$ & $0.00645734$ & $0.0377757$ & $0.00682075$ & $0.0426195$ & $-0.00339978$ & $-0.0541398$ & $0.328621$ & $0.0189266$ & $-0.111684$ & $-0.0608014$ & $-0.022576$ & $0.00550644$ & $-0.0389981$ & $0.026676$ & $-0.0730308$ & $0.0262982$ & $-0.00277486$ & $-0.0263567$ & $0.110484$ & $0.0623242$ & $-0.135751$ & $-0.0273582$ & $1$ \\
