 & AlsMz & dAle5Mz & mtop & mHl & Mz & CW & CHG & CHWB & CHWHB_gaga & CHWHB_gagaorth & CHD & CHbox & CH & CHL1_11 & CHL1_22 & CHL1_33 & CHL3_11 & CHL3_22 & CHL3_33 & CHe_11 & CHe_22 & CHe_33 & CHQ1_11 & CHQ1_33 & CHQ3_11 & CHu_11 & CHd_11 & CHd_33 & CeH_22r & CeH_33r & CuH_22r & CuH_33r & CdH_33r & CLL_1221 & eHggint & eHggpar & eHWWint & eHWWpar & eHZZint & eHZZpar & eHZgaint & eHZgapar & eHgagaint & eHmumuint & eHtautauint & eHccint & eHccpar & eHbbint & eHbbpar \\
AlsMz & $1$ & $0.206499$ & $-0.123439$ & $0.0455557$ & $-0.0245821$ & $0.0139711$ & $0.0526519$ & $-0.0354816$ & $-0.0278176$ & $0.0189357$ & $0.0268303$ & $-0.000101545$ & $-0.0286682$ & $-0.0142096$ & $-0.00750065$ & $-0.0104656$ & $0.00064794$ & $0.00393188$ & $0.00527162$ & $-0.0280494$ & $-0.0303599$ & $-0.0301439$ & $-0.00258532$ & $-0.0239414$ & $-0.0700695$ & $-0.00541519$ & $-0.0484775$ & $-0.00636003$ & $-0.00827541$ & $-0.0152971$ & $-0.00638792$ & $0.0549924$ & $-0.03693$ & $-0.0196243$ & $0.158886$ & $-0.17644$ & $0.0178581$ & $-0.015028$ & $-0.0232471$ & $-0.0286883$ & $0.208979$ & $0.0275126$ & $0.193737$ & $0.110332$ & $0.156895$ & $-0.0260675$ & $0.0290824$ & $-0.011956$ & $-0.0600279$ \\
dAle5Mz & $0.206499$ & $1$ & $0.17654$ & $0.0536695$ & $0.007698$ & $0.0158919$ & $0.0858209$ & $-0.0461801$ & $-0.0442584$ & $0.0355395$ & $0.0395746$ & $-0.00663283$ & $-0.0673406$ & $-0.0253822$ & $-0.0184779$ & $-0.0215755$ & $0.00244186$ & $0.00113665$ & $0.00172471$ & $-0.0280007$ & $-0.0257097$ & $-0.0265944$ & $-0.00949307$ & $-0.00228682$ & $-0.00816266$ & $0.0221754$ & $0.00112685$ & $0.00413178$ & $-0.00904981$ & $-0.047109$ & $-0.00662518$ & $0.0844963$ & $-0.120916$ & $0.0195375$ & $-0.0384607$ & $-0.0573062$ & $0.136223$ & $-0.029967$ & $0.04158$ & $-0.0376739$ & $-0.0385407$ & $0.0624111$ & $-0.0335929$ & $0.206764$ & $0.0872337$ & $0.00538139$ & $0.0557659$ & $0.0270366$ & $-0.340757$ \\
mtop & $-0.123439$ & $0.17654$ & $1$ & $0.38917$ & $0.0146229$ & $-0.00890262$ & $0.0012905$ & $-0.00497596$ & $-0.00851112$ & $0.0107047$ & $0.0173888$ & $0.0304511$ & $-0.00458227$ & $-0.0158279$ & $-0.00295604$ & $-0.0063574$ & $-0.0181421$ & $-0.0170719$ & $-0.0159046$ & $-0.0105267$ & $-0.00997751$ & $-0.0103839$ & $0.00570998$ & $-0.00345754$ & $-0.00684298$ & $0.00960718$ & $0.00393357$ & $0.00272543$ & $-0.010089$ & $-0.0332427$ & $0.0084475$ & $-0.0010704$ & $-0.0204622$ & $0.00509017$ & $0.0158901$ & $0.0740575$ & $0.309461$ & $0.0293323$ & $-0.0808911$ & $-0.0291794$ & $0.0739549$ & $0.0277164$ & $-0.0423337$ & $0.0861534$ & $-0.163828$ & $-0.226263$ & $0.097674$ & $-0.0492786$ & $0.054085$ \\
mHl & $0.0455557$ & $0.0536695$ & $0.38917$ & $1$ & $-0.0114406$ & $0.00433532$ & $-0.0076643$ & $-0.00905251$ & $-0.0122592$ & $-0.000639752$ & $0.0161712$ & $0.054729$ & $0.0300228$ & $-0.0120459$ & $-0.0050995$ & $-0.00246173$ & $-0.0157547$ & $-0.010311$ & $-0.012348$ & $-0.0134457$ & $-0.0140007$ & $-0.0142809$ & $-0.00695178$ & $-0.00565071$ & $-0.017346$ & $0.0117013$ & $-0.012365$ & $-0.0132573$ & $0.003588$ & $0.00909209$ & $0.101501$ & $0.00214373$ & $0.0656915$ & $-0.00465593$ & $0.00558965$ & $0.159736$ & $0.0668267$ & $0.0199826$ & $-0.174166$ & $-0.0288916$ & $0.0523289$ & $0.00949662$ & $-0.0884536$ & $0.0145504$ & $-0.166038$ & $-0.182737$ & $0.432992$ & $0.0210575$ & $0.216446$ \\
Mz & $-0.0245821$ & $0.007698$ & $0.0146229$ & $-0.0114406$ & $1$ & $-0.00149706$ & $-0.0209681$ & $0.00928836$ & $0.00929181$ & $-0.010171$ & $0.00210788$ & $-0.00382147$ & $0.0211891$ & $0.00282226$ & $0.0257137$ & $-0.00159041$ & $-0.000210271$ & $-0.0183788$ & $-0.00202168$ & $0.00770806$ & $0.00956871$ & $0.00730199$ & $0.0161243$ & $-0.00248162$ & $0.00163239$ & $-0.0115392$ & $0.0128652$ & $0.015531$ & $-0.00217833$ & $0.0174312$ & $0.0127764$ & $-0.0241248$ & $0.0143952$ & $-0.0150011$ & $0.0100426$ & $0.000957957$ & $-0.012459$ & $-0.00776092$ & $-0.0350189$ & $0.0135261$ & $-0.0351371$ & $0.00567608$ & $-0.00408875$ & $0.0236119$ & $-0.00213987$ & $0.0352537$ & $0.00692546$ & $-0.008757$ & $0.0213869$ \\
CW & $0.0139711$ & $0.0158919$ & $-0.00890262$ & $0.00433532$ & $-0.00149706$ & $1$ & $0.0456896$ & $-0.0333$ & $-0.0315225$ & $0.0187208$ & $0.137382$ & $0.0666461$ & $-0.0471114$ & $-0.0220935$ & $-0.0822692$ & $-0.0819145$ & $-0.355368$ & $-0.157482$ & $-0.158073$ & $-0.135169$ & $-0.138621$ & $-0.138977$ & $-0.00519662$ & $-0.118134$ & $-0.199628$ & $0.0935777$ & $-0.0542602$ & $-0.0737036$ & $0.00030743$ & $-0.0287259$ & $-0.0278416$ & $0.0508941$ & $-0.0393319$ & $-0.086286$ & $-0.0019282$ & $0.00980725$ & $-0.00316304$ & $-0.00824531$ & $0.0149742$ & $-0.00140746$ & $0.0100111$ & $0.00504667$ & $-0.00204633$ & $0.00803275$ & $0.0144952$ & $0.00536271$ & $-0.00394062$ & $-0.0102982$ & $-0.0232304$ \\
CHG & $0.0526519$ & $0.0858209$ & $0.0012905$ & $-0.0076643$ & $-0.0209681$ & $0.0456896$ & $1$ & $-0.032556$ & $-0.0115641$ & $0.180766$ & $0.0753923$ & $-0.204667$ & $-0.772975$ & $-0.0934284$ & $-0.0346022$ & $-0.0314324$ & $-0.0924699$ & $-0.0711803$ & $-0.0735659$ & $-0.0723559$ & $-0.0738291$ & $-0.0717594$ & $0.00317544$ & $-0.0472984$ & $-0.076941$ & $0.0478762$ & $-0.0137245$ & $-0.0339778$ & $-0.13476$ & $-0.579623$ & $-0.358067$ & $0.953257$ & $-0.611492$ & $-0.00410366$ & $-0.131735$ & $-0.0964445$ & $0.0378838$ & $0.00163574$ & $0.00487041$ & $0.0109361$ & $0.0698138$ & $-0.00709121$ & $0.0144282$ & $0.0393888$ & $-0.0124403$ & $0.0387254$ & $-0.0421155$ & $0.0366989$ & $0.00745587$ \\
CHWB & $-0.0354816$ & $-0.0461801$ & $-0.00497596$ & $-0.00905251$ & $0.00928836$ & $-0.0333$ & $-0.032556$ & $1$ & $0.990643$ & $-0.566488$ & $-0.873592$ & $-0.1925$ & $0.044925$ & $0.269754$ & $0.457888$ & $0.454894$ & $-0.219668$ & $-0.404088$ & $-0.399461$ & $0.857279$ & $0.887491$ & $0.879055$ & $0.0438354$ & $-0.631083$ & $-0.366329$ & $-0.613017$ & $0.403591$ & $0.386444$ & $0.00331248$ & $0.0468544$ & $0.0223846$ & $-0.0412754$ & $0.0474865$ & $0.525495$ & $-0.00834679$ & $-0.00134305$ & $-0.00564922$ & $0.019052$ & $-0.0165106$ & $0.00555367$ & $0.0100962$ & $0.00423523$ & $-0.00323197$ & $-0.0364351$ & $-0.000845929$ & $-0.0302759$ & $0.00417922$ & $0.0214969$ & $0.00851708$ \\
CHWHB_gaga & $-0.0278176$ & $-0.0442584$ & $-0.00851112$ & $-0.0122592$ & $0.00929181$ & $-0.0315225$ & $-0.0115641$ & $0.990643$ & $1$ & $-0.562009$ & $-0.863973$ & $-0.177329$ & $0.0492012$ & $0.263883$ & $0.455151$ & $0.451562$ & $-0.220746$ & $-0.404315$ & $-0.399169$ & $0.84813$ & $0.877559$ & $0.869335$ & $0.0411933$ & $-0.627452$ & $-0.366672$ & $-0.605479$ & $0.397967$ & $0.38093$ & $0.0100975$ & $0.0649199$ & $0.033444$ & $-0.0225073$ & $0.067178$ & $0.519018$ & $-0.0157878$ & $-0.00718559$ & $-0.0117831$ & $0.0210545$ & $-0.0156635$ & $0.00613197$ & $0.0183919$ & $0.00444303$ & $0.0377379$ & $-0.028851$ & $0.00493583$ & $-0.0215789$ & $-0.0019871$ & $0.0390079$ & $0.0069969$ \\
CHWHB_gagaorth & $0.0189357$ & $0.0355395$ & $0.0107047$ & $-0.000639752$ & $-0.010171$ & $0.0187208$ & $0.180766$ & $-0.566488$ & $-0.562009$ & $1$ & $0.486811$ & $0.350494$ & $-0.238336$ & $-0.135769$ & $-0.263092$ & $-0.255261$ & $0.139398$ & $0.247736$ & $0.241245$ & $-0.478004$ & $-0.494646$ & $-0.489915$ & $-0.0301816$ & $0.369561$ & $0.223841$ & $0.348275$ & $-0.222527$ & $-0.212129$ & $-0.0444741$ & $-0.219769$ & $-0.134656$ & $0.190566$ & $-0.241531$ & $-0.293608$ & $0.00493608$ & $0.0075286$ & $0.022265$ & $-0.00588634$ & $0.0178617$ & $0.0115863$ & $-0.0171725$ & $-0.00098052$ & $-0.0066035$ & $0.0122477$ & $-0.00472437$ & $0.0253773$ & $-0.00132804$ & $-0.015881$ & $-0.00220284$ \\
CHD & $0.0268303$ & $0.0395746$ & $0.0173888$ & $0.0161712$ & $0.00210788$ & $0.137382$ & $0.0753923$ & $-0.873592$ & $-0.863973$ & $0.486811$ & $1$ & $0.255665$ & $-0.101049$ & $-0.665182$ & $-0.575247$ & $-0.563012$ & $-0.254436$ & $-0.0199031$ & $-0.026777$ & $-0.994965$ & $-0.995098$ & $-0.983435$ & $0.0136172$ & $0.218241$ & $-0.0687989$ & $0.689544$ & $-0.27546$ & $-0.436542$ & $-0.0128764$ & $-0.0875257$ & $-0.0558773$ & $0.0895093$ & $-0.101618$ & $-0.314903$ & $0.0148181$ & $0.00704232$ & $0.0106488$ & $-0.018658$ & $0.0141477$ & $-0.00635526$ & $-0.00628402$ & $-0.00257939$ & $0.00099972$ & $0.0373169$ & $-0.000702326$ & $0.0374133$ & $-0.00596345$ & $-0.0217686$ & $-0.00901725$ \\
CHbox & $-0.000101545$ & $-0.00663283$ & $0.0304511$ & $0.054729$ & $-0.00382147$ & $0.0666461$ & $-0.204667$ & $-0.1925$ & $-0.177329$ & $0.350494$ & $0.255665$ & $1$ & $0.26752$ & $-0.208938$ & $-0.131216$ & $-0.114648$ & $-0.136617$ & $-0.0712695$ & $-0.0826505$ & $-0.249689$ & $-0.256199$ & $-0.253586$ & $-0.00773285$ & $0.00697188$ & $-0.0873106$ & $0.184146$ & $-0.0806199$ & $-0.115125$ & $0.0738685$ & $0.27607$ & $0.145055$ & $-0.133641$ & $0.284938$ & $-0.0763455$ & $0.128383$ & $0.0767737$ & $-0.0169052$ & $-0.00454535$ & $-0.00669789$ & $0.00943734$ & $-0.0170658$ & $-0.00327146$ & $0.0265949$ & $0.000307269$ & $0.0280733$ & $0.00889181$ & $0.0483428$ & $-0.0436099$ & $0.0114637$ \\
CH & $-0.0286682$ & $-0.0673406$ & $-0.00458227$ & $0.0300228$ & $0.0211891$ & $-0.0471114$ & $-0.772975$ & $0.044925$ & $0.0492012$ & $-0.238336$ & $-0.101049$ & $0.26752$ & $1$ & $0.122084$ & $0.0471949$ & $0.0438669$ & $0.118472$ & $0.0910464$ & $0.0931604$ & $0.0981601$ & $0.0993512$ & $0.0969776$ & $-0.0122535$ & $0.0585183$ & $0.0945261$ & $-0.0632801$ & $0.0144414$ & $0.0488756$ & $0.188318$ & $0.714616$ & $0.437151$ & $-0.686267$ & $0.748343$ & $0.00649876$ & $0.169336$ & $0.120018$ & $-0.0384647$ & $0.0111113$ & $-0.0266631$ & $-0.0148514$ & $-0.0813433$ & $0.00726018$ & $-0.0273167$ & $-0.0574347$ & $0.034797$ & $-0.0649441$ & $0.0755506$ & $-0.050794$ & $0.00195424$ \\
CHL1_11 & $-0.0142096$ & $-0.0253822$ & $-0.0158279$ & $-0.0120459$ & $0.00282226$ & $-0.0220935$ & $-0.0934284$ & $0.269754$ & $0.263883$ & $-0.135769$ & $-0.665182$ & $-0.208938$ & $0.122084$ & $1$ & $0.409988$ & $0.392275$ & $0.644324$ & $0.594492$ & $0.599357$ & $0.675433$ & $0.637582$ & $0.625887$ & $-0.090547$ & $0.439807$ & $0.603888$ & $-0.443238$ & $-0.0463868$ & $0.282445$ & $0.0231083$ & $0.0955833$ & $0.0688233$ & $-0.108086$ & $0.122528$ & $-0.178524$ & $-0.0184445$ & $-0.00569373$ & $-0.00971414$ & $0.00716115$ & $-0.00336707$ & $0.00729981$ & $-0.00305178$ & $-0.00550688$ & $-0.00252803$ & $-0.0259844$ & $0.00374642$ & $-0.0346302$ & $0.00652625$ & $0.00770911$ & $0.0128143$ \\
CHL1_22 & $-0.00750065$ & $-0.0184779$ & $-0.00295604$ & $-0.0050995$ & $0.0257137$ & $-0.0822692$ & $-0.0346022$ & $0.457888$ & $0.455151$ & $-0.263092$ & $-0.575247$ & $-0.131216$ & $0.0471949$ & $0.409988$ & $1$ & $0.53693$ & $0.180284$ & $-0.308749$ & $0.00607218$ & $0.618235$ & $0.519234$ & $0.511424$ & $-0.171658$ & $0.0395889$ & $-0.0614278$ & $-0.364008$ & $-0.300763$ & $0.222277$ & $0.00972378$ & $0.0467636$ & $0.0281789$ & $-0.0427006$ & $0.0523724$ & $-0.477197$ & $-0.0129393$ & $0.00499158$ & $-0.0118465$ & $0.00844695$ & $-0.00838711$ & $-0.0091621$ & $-0.00460655$ & $-0.00225589$ & $-0.00221574$ & $-0.0244192$ & $-0.00863704$ & $-0.0343121$ & $0.00414311$ & $0.000778818$ & $0.00437749$ \\
CHL1_33 & $-0.0104656$ & $-0.0215755$ & $-0.0063574$ & $-0.00246173$ & $-0.00159041$ & $-0.0819145$ & $-0.0314324$ & $0.454894$ & $0.451562$ & $-0.255261$ & $-0.563012$ & $-0.114648$ & $0.0438669$ & $0.392275$ & $0.53693$ & $1$ & $0.162832$ & $-0.00996441$ & $-0.306792$ & $0.605028$ & $0.50881$ & $0.51827$ & $-0.159347$ & $0.0305814$ & $-0.0740887$ & $-0.364989$ & $-0.294635$ & $0.224645$ & $-0.00285863$ & $0.0475252$ & $0.0298205$ & $-0.0363806$ & $0.0542614$ & $-0.0291062$ & $-0.0243566$ & $0.00819867$ & $-0.00468592$ & $0.00421362$ & $-0.00971213$ & $0.00260333$ & $0.0110939$ & $-0.00136299$ & $-0.0017539$ & $-0.0317789$ & $-0.00290778$ & $-0.0275876$ & $0.00890809$ & $0.00252786$ & $0.00551386$ \\
CHL3_11 & $0.00064794$ & $0.00244186$ & $-0.0181421$ & $-0.0157547$ & $-0.000210271$ & $-0.355368$ & $-0.0924699$ & $-0.219668$ & $-0.220746$ & $0.139398$ & $-0.254436$ & $-0.136617$ & $0.118472$ & $0.644324$ & $0.180284$ & $0.162832$ & $1$ & $0.817354$ & $0.822327$ & $0.265522$ & $0.231003$ & $0.22549$ & $-0.0747662$ & $0.751697$ & $0.856371$ & $-0.16208$ & $-0.141935$ & $0.10989$ & $0.0165293$ & $0.0840421$ & $0.0700398$ & $-0.103281$ & $0.110637$ & $-0.261024$ & $-0.0100536$ & $-0.010355$ & $-0.00996276$ & $0.00389479$ & $0.00263654$ & $0.00196917$ & $-0.00942167$ & $-0.000906974$ & $0.004003$ & $-0.00134583$ & $-0.00464289$ & $-0.00996424$ & $0.00170235$ & $0.00457624$ & $0.00241012$ \\
CHL3_22 & $0.00393188$ & $0.00113665$ & $-0.0170719$ & $-0.010311$ & $-0.0183788$ & $-0.157482$ & $-0.0711803$ & $-0.404088$ & $-0.404315$ & $0.247736$ & $-0.0199031$ & $-0.0712695$ & $0.0910464$ & $0.594492$ & $-0.308749$ & $-0.00996441$ & $0.817354$ & $1$ & $0.787457$ & $0.0180833$ & $0.0160288$ & $0.0143695$ & $-0.0131145$ & $0.736855$ & $0.86616$ & $-0.0132383$ & $-0.0444811$ & $0.0159686$ & $0.0132233$ & $0.0600771$ & $0.0535283$ & $-0.0782729$ & $0.0856328$ & $-0.0688583$ & $-0.0081275$ & $-0.0103019$ & $-0.00344071$ & $-0.00320986$ & $0.00643714$ & $0.00841953$ & $-0.00366126$ & $-0.00312167$ & $0.00344831$ & $0.00360262$ & $0.0039597$ & $0.00042474$ & $0.00138988$ & $0.00185766$ & $0.00628931$ \\
CHL3_33 & $0.00527162$ & $0.00172471$ & $-0.0159046$ & $-0.012348$ & $-0.00202168$ & $-0.158073$ & $-0.0735659$ & $-0.399461$ & $-0.399169$ & $0.241245$ & $-0.026777$ & $-0.0826505$ & $0.0931604$ & $0.599357$ & $0.00607218$ & $-0.306792$ & $0.822327$ & $0.787457$ & $1$ & $0.0255148$ & $0.0223585$ & $0.0210917$ & $-0.021047$ & $0.736812$ & $0.869591$ & $-0.0103935$ & $-0.0441532$ & $0.0142311$ & $0.0216567$ & $0.0594909$ & $0.0521395$ & $-0.0827398$ & $0.0843133$ & $-0.372893$ & $0.000554027$ & $-0.0120575$ & $-0.00992941$ & $0.000310212$ & $0.00724595$ & $0.00163804$ & $-0.0137159$ & $-0.00296664$ & $0.00257834$ & $0.00752988$ & $0.00133861$ & $-0.0023333$ & $-0.00239058$ & $-0.000847259$ & $0.00716065$ \\
CHe_11 & $-0.0280494$ & $-0.0280007$ & $-0.0105267$ & $-0.0134457$ & $0.00770806$ & $-0.135169$ & $-0.0723559$ & $0.857279$ & $0.84813$ & $-0.478004$ & $-0.994965$ & $-0.249689$ & $0.0981601$ & $0.675433$ & $0.618235$ & $0.605028$ & $0.265522$ & $0.0180833$ & $0.0255148$ & $1$ & $0.985025$ & $0.973598$ & $-0.0315771$ & $-0.185474$ & $0.0721516$ & $-0.683524$ & $0.221096$ & $0.431272$ & $0.012454$ & $0.0858841$ & $0.0553713$ & $-0.0863241$ & $0.0994038$ & $0.257808$ & $-0.0175705$ & $-0.00647462$ & $-0.0083586$ & $0.0170992$ & $-0.0144197$ & $0.00469763$ & $0.00530668$ & $0.00298461$ & $-0.00202788$ & $-0.0355358$ & $-4.67364e-05$ & $-0.0385263$ & $0.00709646$ & $0.0210545$ & $0.00608219$ \\
CHe_22 & $-0.0303599$ & $-0.0257097$ & $-0.00997751$ & $-0.0140007$ & $0.00956871$ & $-0.138621$ & $-0.0738291$ & $0.887491$ & $0.877559$ & $-0.494646$ & $-0.995098$ & $-0.256199$ & $0.0993512$ & $0.637582$ & $0.519234$ & $0.50881$ & $0.231003$ & $0.0160288$ & $0.0223585$ & $0.985025$ & $1$ & $0.98648$ & $0.00818681$ & $-0.259915$ & $0.0587457$ & $-0.690372$ & $0.337972$ & $0.438424$ & $0.0126948$ & $0.0854004$ & $0.0550408$ & $-0.0878695$ & $0.0981814$ & $0.381843$ & $-0.0144593$ & $-0.00790057$ & $-0.00703145$ & $0.0188534$ & $-0.0143285$ & $0.00647742$ & $0.00491094$ & $0.004198$ & $-0.00285718$ & $-0.0339637$ & $0.00103465$ & $-0.0367088$ & $0.00740524$ & $0.0231374$ & $0.0050882$ \\
CHe_33 & $-0.0301439$ & $-0.0265944$ & $-0.0103839$ & $-0.0142809$ & $0.00730199$ & $-0.138977$ & $-0.0717594$ & $0.879055$ & $0.869335$ & $-0.489915$ & $-0.983435$ & $-0.253586$ & $0.0969776$ & $0.625887$ & $0.511424$ & $0.51827$ & $0.22549$ & $0.0143695$ & $0.0210917$ & $0.973598$ & $0.98648$ & $1$ & $0.00912413$ & $-0.259879$ & $0.0563923$ & $-0.682423$ & $0.337104$ & $0.433891$ & $0.0116759$ & $0.0839561$ & $0.0542037$ & $-0.0860467$ & $0.0960904$ & $0.383039$ & $-0.013342$ & $-0.00783125$ & $-0.00873755$ & $0.0202662$ & $-0.0137463$ & $0.00738404$ & $0.00519745$ & $0.0040139$ & $-0.00211382$ & $-0.0333404$ & $0.00141173$ & $-0.0333927$ & $0.00610178$ & $0.0226443$ & $0.00524285$ \\
CHQ1_11 & $-0.00258532$ & $-0.00949307$ & $0.00570998$ & $-0.00695178$ & $0.0161243$ & $-0.00519662$ & $0.00317544$ & $0.0438354$ & $0.0411933$ & $-0.0301816$ & $0.0136172$ & $-0.00773285$ & $-0.0122535$ & $-0.090547$ & $-0.171658$ & $-0.159347$ & $-0.0747662$ & $-0.0131145$ & $-0.021047$ & $-0.0315771$ & $0.00818681$ & $0.00912413$ & $1$ & $-0.129348$ & $0.0420338$ & $-0.57461$ & $0.344425$ & $0.0132114$ & $0.0015097$ & $-0.0113466$ & $-0.0146598$ & $0.000961996$ & $-0.0119279$ & $0.205203$ & $-0.0034007$ & $-0.0102841$ & $0.0138153$ & $-0.00310119$ & $0.0116048$ & $-0.00471985$ & $0.0115924$ & $-0.00314218$ & $-0.0137292$ & $-0.00859069$ & $-0.00109602$ & $0.00335644$ & $-0.00654558$ & $-0.00529661$ & $-0.00220501$ \\
CHQ1_33 & $-0.0239414$ & $-0.00228682$ & $-0.00345754$ & $-0.00565071$ & $-0.00248162$ & $-0.118134$ & $-0.0472984$ & $-0.631083$ & $-0.627452$ & $0.369561$ & $0.218241$ & $0.00697188$ & $0.0585183$ & $0.439807$ & $0.0395889$ & $0.0305814$ & $0.751697$ & $0.736855$ & $0.736812$ & $-0.185474$ & $-0.259915$ & $-0.259879$ & $-0.129348$ & $1$ & $0.747734$ & $0.174077$ & $-0.401529$ & $-0.0339936$ & $0.0153557$ & $0.0378972$ & $0.0396487$ & $-0.0490844$ & $0.0579047$ & $-0.614533$ & $-0.0129435$ & $0.0025034$ & $-0.0069601$ & $-0.00882237$ & $0.008553$ & $0.00161572$ & $-0.022449$ & $-0.00740779$ & $-0.0069926$ & $0.00108085$ & $-0.00978843$ & $-0.00028542$ & $0.00347166$ & $-0.0144807$ & $0.00606571$ \\
CHQ3_11 & $-0.0700695$ & $-0.00816266$ & $-0.00684298$ & $-0.017346$ & $0.00163239$ & $-0.199628$ & $-0.076941$ & $-0.366329$ & $-0.366672$ & $0.223841$ & $-0.0687989$ & $-0.0873106$ & $0.0945261$ & $0.603888$ & $-0.0614278$ & $-0.0740887$ & $0.856371$ & $0.86616$ & $0.869591$ & $0.0721516$ & $0.0587457$ & $0.0563923$ & $0.0420338$ & $0.747734$ & $1$ & $-0.0355729$ & $0.128329$ & $0.0291027$ & $0.0147174$ & $0.0619918$ & $0.0555311$ & $-0.0872436$ & $0.0887984$ & $-0.250221$ & $-0.0199615$ & $-0.00351693$ & $-0.00822212$ & $0.000566822$ & $0.0042395$ & $0.00273184$ & $-0.0214645$ & $-0.00332543$ & $-0.0124294$ & $-0.0065526$ & $-0.00166633$ & $-0.00442662$ & $-0.00164176$ & $0.00793487$ & $0.00623169$ \\
CHu_11 & $-0.00541519$ & $0.0221754$ & $0.00960718$ & $0.0117013$ & $-0.0115392$ & $0.0935777$ & $0.0478762$ & $-0.613017$ & $-0.605479$ & $0.348275$ & $0.689544$ & $0.184146$ & $-0.0632801$ & $-0.443238$ & $-0.364008$ & $-0.364989$ & $-0.16208$ & $-0.0132383$ & $-0.0103935$ & $-0.683524$ & $-0.690372$ & $-0.682423$ & $-0.57461$ & $0.174077$ & $-0.0355729$ & $1$ & $-0.195673$ & $-0.31189$ & $-0.0124602$ & $-0.056733$ & $-0.0313824$ & $0.0580217$ & $-0.0656453$ & $-0.259646$ & $0.00924647$ & $0.0110399$ & $-0.00451842$ & $-0.00542443$ & $0.00474178$ & $-0.000785008$ & $-0.0135948$ & $0.00454118$ & $0.00269787$ & $0.0269692$ & $-0.00121155$ & $0.0268849$ & $-0.00261035$ & $-0.00666482$ & $-0.00689148$ \\
CHd_11 & $-0.0484775$ & $0.00112685$ & $0.00393357$ & $-0.012365$ & $0.0128652$ & $-0.0542602$ & $-0.0137245$ & $0.403591$ & $0.397967$ & $-0.222527$ & $-0.27546$ & $-0.0806199$ & $0.0144414$ & $-0.0463868$ & $-0.300763$ & $-0.294635$ & $-0.141935$ & $-0.0444811$ & $-0.0441532$ & $0.221096$ & $0.337972$ & $0.337104$ & $0.344425$ & $-0.401529$ & $0.128329$ & $-0.195673$ & $1$ & $0.132319$ & $-0.0008259$ & $0.00818316$ & $0.00633181$ & $-0.0195342$ & $0.00657528$ & $0.680017$ & $-0.000453325$ & $-0.0163177$ & $0.0019647$ & $0.0138635$ & $-0.00780578$ & $0.00413567$ & $0.00127373$ & $0.0102561$ & $-0.0112267$ & $-0.0096423$ & $0.0139553$ & $-0.00141843$ & $-0.000611105$ & $0.0281177$ & $-0.0109793$ \\
CHd_33 & $-0.00636003$ & $0.00413178$ & $0.00272543$ & $-0.0132573$ & $0.015531$ & $-0.0737036$ & $-0.0339778$ & $0.386444$ & $0.38093$ & $-0.212129$ & $-0.436542$ & $-0.115125$ & $0.0488756$ & $0.282445$ & $0.222277$ & $0.224645$ & $0.10989$ & $0.0159686$ & $0.0142311$ & $0.431272$ & $0.438424$ & $0.433891$ & $0.0132114$ & $-0.0339936$ & $0.0291027$ & $-0.31189$ & $0.132319$ & $1$ & $0.00365401$ & $0.0384682$ & $0.0273956$ & $-0.0381863$ & $0.0459511$ & $0.173482$ & $-0.00301171$ & $-0.00258541$ & $0.00788817$ & $0.00816886$ & $-0.00733314$ & $0.0161521$ & $-0.000822495$ & $5.41104e-05$ & $-0.00776239$ & $-0.0168183$ & $0.00461724$ & $-0.0174063$ & $0.00365047$ & $0.000909543$ & $-0.00304909$ \\
CeH_22r & $-0.00827541$ & $-0.00904981$ & $-0.010089$ & $0.003588$ & $-0.00217833$ & $0.00030743$ & $-0.13476$ & $0.00331248$ & $0.0100975$ & $-0.0444741$ & $-0.0128764$ & $0.0738685$ & $0.188318$ & $0.0231083$ & $0.00972378$ & $-0.00285863$ & $0.0165293$ & $0.0132233$ & $0.0216567$ & $0.012454$ & $0.0126948$ & $0.0116759$ & $0.0015097$ & $0.0153557$ & $0.0147174$ & $-0.0124602$ & $-0.0008259$ & $0.00365401$ & $1$ & $0.163397$ & $0.0982915$ & $-0.130062$ & $0.168865$ & $-0.00805317$ & $0.0145884$ & $0.011554$ & $-0.0266701$ & $0.000736116$ & $-0.00137816$ & $-0.0112823$ & $-0.0208966$ & $0.0129541$ & $-0.0183219$ & $-0.0051533$ & $0.00807208$ & $4.06393e-07$ & $0.00356845$ & $-0.00980598$ & $0.000781801$ \\
CeH_33r & $-0.0152971$ & $-0.047109$ & $-0.0332427$ & $0.00909209$ & $0.0174312$ & $-0.0287259$ & $-0.579623$ & $0.0468544$ & $0.0649199$ & $-0.219769$ & $-0.0875257$ & $0.27607$ & $0.714616$ & $0.0955833$ & $0.0467636$ & $0.0475252$ & $0.0840421$ & $0.0600771$ & $0.0594909$ & $0.0858841$ & $0.0854004$ & $0.0839561$ & $-0.0113466$ & $0.0378972$ & $0.0619918$ & $-0.056733$ & $0.00818316$ & $0.0384682$ & $0.163397$ & $1$ & $0.511093$ & $-0.437604$ & $0.846543$ & $0.00605336$ & $0.0896657$ & $0.0700609$ & $-0.104451$ & $-0.00650062$ & $-0.0094081$ & $-0.013634$ & $-0.0345232$ & $0.0064872$ & $-0.0132431$ & $-0.0532687$ & $0.0725401$ & $-0.0311842$ & $0.0362435$ & $-0.011735$ & $-0.0166396$ \\
CuH_22r & $-0.00638792$ & $-0.00662518$ & $0.0084475$ & $0.101501$ & $0.0127764$ & $-0.0278416$ & $-0.358067$ & $0.0223846$ & $0.033444$ & $-0.134656$ & $-0.0558773$ & $0.145055$ & $0.437151$ & $0.0688233$ & $0.0281789$ & $0.0298205$ & $0.0700398$ & $0.0535283$ & $0.0521395$ & $0.0553713$ & $0.0550408$ & $0.0542037$ & $-0.0146598$ & $0.0396487$ & $0.0555311$ & $-0.0313824$ & $0.00633181$ & $0.0273956$ & $0.0982915$ & $0.511093$ & $1$ & $-0.252109$ & $0.556662$ & $0.00152982$ & $0.0907562$ & $0.0510769$ & $-0.0568823$ & $-0.00625607$ & $-0.0353497$ & $-0.0112493$ & $-0.0601742$ & $0.00687105$ & $-0.0370342$ & $-0.0196559$ & $-0.0307913$ & $-0.0102369$ & $0.24081$ & $-0.0250195$ & $0.015333$ \\
CuH_33r & $0.0549924$ & $0.0844963$ & $-0.0010704$ & $0.00214373$ & $-0.0241248$ & $0.0508941$ & $0.953257$ & $-0.0412754$ & $-0.0225073$ & $0.190566$ & $0.0895093$ & $-0.133641$ & $-0.686267$ & $-0.108086$ & $-0.0427006$ & $-0.0363806$ & $-0.103281$ & $-0.0782729$ & $-0.0827398$ & $-0.0863241$ & $-0.0878695$ & $-0.0860467$ & $0.000961996$ & $-0.0490844$ & $-0.0872436$ & $0.0580217$ & $-0.0195342$ & $-0.0381863$ & $-0.130062$ & $-0.437604$ & $-0.252109$ & $1$ & $-0.448702$ & $-0.00553402$ & $-0.082837$ & $-0.0640573$ & $0.0227978$ & $0.000313401$ & $0.0125632$ & $0.00959314$ & $0.0617975$ & $-0.00579315$ & $0.0145614$ & $0.0312481$ & $-0.00661492$ & $0.0320248$ & $-0.0215375$ & $0.023798$ & $0.00904944$ \\
CdH_33r & $-0.03693$ & $-0.120916$ & $-0.0204622$ & $0.0656915$ & $0.0143952$ & $-0.0393319$ & $-0.611492$ & $0.0474865$ & $0.067178$ & $-0.241531$ & $-0.101618$ & $0.284938$ & $0.748343$ & $0.122528$ & $0.0523724$ & $0.0542614$ & $0.110637$ & $0.0856328$ & $0.0843133$ & $0.0994038$ & $0.0981814$ & $0.0960904$ & $-0.0119279$ & $0.0579047$ & $0.0887984$ & $-0.0656453$ & $0.00657528$ & $0.0459511$ & $0.168865$ & $0.846543$ & $0.556662$ & $-0.448702$ & $1$ & $-0.00109766$ & $0.093254$ & $0.0445424$ & $-0.117782$ & $-0.00537314$ & $-0.00309297$ & $-0.00931227$ & $-0.0159985$ & $0.00253181$ & $0.00345686$ & $-0.0557947$ & $0.0143856$ & $-0.0588575$ & $0.0731326$ & $0.0314668$ & $0.185558$ \\
CLL_1221 & $-0.0196243$ & $0.0195375$ & $0.00509017$ & $-0.00465593$ & $-0.0150011$ & $-0.086286$ & $-0.00410366$ & $0.525495$ & $0.519018$ & $-0.293608$ & $-0.314903$ & $-0.0763455$ & $0.00649876$ & $-0.178524$ & $-0.477197$ & $-0.0291062$ & $-0.261024$ & $-0.0688583$ & $-0.372893$ & $0.257808$ & $0.381843$ & $0.383039$ & $0.205203$ & $-0.614533$ & $-0.250221$ & $-0.259646$ & $0.680017$ & $0.173482$ & $-0.00805317$ & $0.00605336$ & $0.00152982$ & $-0.00553402$ & $-0.00109766$ & $1$ & $0.0026041$ & $-0.00845361$ & $0.0107219$ & $0.0116556$ & $-0.00623436$ & $0.0113577$ & $0.011627$ & $0.0103029$ & $-0.00202505$ & $-0.00174674$ & $0.00706767$ & $0.00512368$ & $0.00185598$ & $0.0237169$ & $-0.0142289$ \\
eHggint & $0.158886$ & $-0.0384607$ & $0.0158901$ & $0.00558965$ & $0.0100426$ & $-0.0019282$ & $-0.131735$ & $-0.00834679$ & $-0.0157878$ & $0.00493608$ & $0.0148181$ & $0.128383$ & $0.169336$ & $-0.0184445$ & $-0.0129393$ & $-0.0243566$ & $-0.0100536$ & $-0.0081275$ & $0.000554027$ & $-0.0175705$ & $-0.0144593$ & $-0.013342$ & $-0.0034007$ & $-0.0129435$ & $-0.0199615$ & $0.00924647$ & $-0.000453325$ & $-0.00301171$ & $0.0145884$ & $0.0896657$ & $0.0907562$ & $-0.082837$ & $0.093254$ & $0.0026041$ & $1$ & $-0.0392583$ & $-0.0304702$ & $-0.00436621$ & $0.0812729$ & $0.00763764$ & $-0.214611$ & $0.0420164$ & $0.0096905$ & $-0.0396149$ & $0.0672542$ & $-0.0776211$ & $0.20341$ & $-0.197005$ & $0.0725778$ \\
eHggpar & $-0.17644$ & $-0.0573062$ & $0.0740575$ & $0.159736$ & $0.000957957$ & $0.00980725$ & $-0.0964445$ & $-0.00134305$ & $-0.00718559$ & $0.0075286$ & $0.00704232$ & $0.0767737$ & $0.120018$ & $-0.00569373$ & $0.00499158$ & $0.00819867$ & $-0.010355$ & $-0.0103019$ & $-0.0120575$ & $-0.00647462$ & $-0.00790057$ & $-0.00783125$ & $-0.0102841$ & $0.0025034$ & $-0.00351693$ & $0.0110399$ & $-0.0163177$ & $-0.00258541$ & $0.011554$ & $0.0700609$ & $0.0510769$ & $-0.0640573$ & $0.0445424$ & $-0.00845361$ & $-0.0392583$ & $1$ & $0.00524898$ & $0.0108137$ & $-0.126257$ & $-0.00410229$ & $0.068287$ & $-0.000747075$ & $-0.0581386$ & $-0.028736$ & $-0.108906$ & $0.0117282$ & $0.0330771$ & $-0.143837$ & $-0.106701$ \\
eHWWint & $0.0178581$ & $0.136223$ & $0.309461$ & $0.0668267$ & $-0.012459$ & $-0.00316304$ & $0.0378838$ & $-0.00564922$ & $-0.0117831$ & $0.022265$ & $0.0106488$ & $-0.0169052$ & $-0.0384647$ & $-0.00971414$ & $-0.0118465$ & $-0.00468592$ & $-0.00996276$ & $-0.00344071$ & $-0.00992941$ & $-0.0083586$ & $-0.00703145$ & $-0.00873755$ & $0.0138153$ & $-0.0069601$ & $-0.00822212$ & $-0.00451842$ & $0.0019647$ & $0.00788817$ & $-0.0266701$ & $-0.104451$ & $-0.0568823$ & $0.0227978$ & $-0.117782$ & $0.0107219$ & $-0.0304702$ & $0.00524898$ & $1$ & $-0.018634$ & $-0.117366$ & $0.00720145$ & $-0.232567$ & $0.00593335$ & $-0.025868$ & $0.20817$ & $-0.185489$ & $-0.219797$ & $0.057347$ & $-0.152339$ & $0.0191787$ \\
eHWWpar & $-0.015028$ & $-0.029967$ & $0.0293323$ & $0.0199826$ & $-0.00776092$ & $-0.00824531$ & $0.00163574$ & $0.019052$ & $0.0210545$ & $-0.00588634$ & $-0.018658$ & $-0.00454535$ & $0.0111113$ & $0.00716115$ & $0.00844695$ & $0.00421362$ & $0.00389479$ & $-0.00320986$ & $0.000310212$ & $0.0170992$ & $0.0188534$ & $0.0202662$ & $-0.00310119$ & $-0.00882237$ & $0.000566822$ & $-0.00542443$ & $0.0138635$ & $0.00816886$ & $0.000736116$ & $-0.00650062$ & $-0.00625607$ & $0.000313401$ & $-0.00537314$ & $0.0116556$ & $-0.00436621$ & $0.0108137$ & $-0.018634$ & $1$ & $-0.0122809$ & $-0.00751688$ & $-0.0116705$ & $-0.0144215$ & $0.0291917$ & $-0.0125191$ & $-0.0182183$ & $-0.00238409$ & $-0.00733063$ & $0.024595$ & $-0.00273436$ \\
eHZZint & $-0.0232471$ & $0.04158$ & $-0.0808911$ & $-0.174166$ & $-0.0350189$ & $0.0149742$ & $0.00487041$ & $-0.0165106$ & $-0.0156635$ & $0.0178617$ & $0.0141477$ & $-0.00669789$ & $-0.0266631$ & $-0.00336707$ & $-0.00838711$ & $-0.00971213$ & $0.00263654$ & $0.00643714$ & $0.00724595$ & $-0.0144197$ & $-0.0143285$ & $-0.0137463$ & $0.0116048$ & $0.008553$ & $0.0042395$ & $0.00474178$ & $-0.00780578$ & $-0.00733314$ & $-0.00137816$ & $-0.0094081$ & $-0.0353497$ & $0.0125632$ & $-0.00309297$ & $-0.00623436$ & $0.0812729$ & $-0.126257$ & $-0.117366$ & $-0.0122809$ & $1$ & $-0.0229443$ & $0.051915$ & $0.0279958$ & $0.0775596$ & $0.0199816$ & $0.151212$ & $-0.0810251$ & $-0.117418$ & $-0.0261117$ & $0.066272$ \\
eHZZpar & $-0.0286883$ & $-0.0376739$ & $-0.0291794$ & $-0.0288916$ & $0.0135261$ & $-0.00140746$ & $0.0109361$ & $0.00555367$ & $0.00613197$ & $0.0115863$ & $-0.00635526$ & $0.00943734$ & $-0.0148514$ & $0.00729981$ & $-0.0091621$ & $0.00260333$ & $0.00196917$ & $0.00841953$ & $0.00163804$ & $0.00469763$ & $0.00647742$ & $0.00738404$ & $-0.00471985$ & $0.00161572$ & $0.00273184$ & $-0.000785008$ & $0.00413567$ & $0.0161521$ & $-0.0112823$ & $-0.013634$ & $-0.0112493$ & $0.00959314$ & $-0.00931227$ & $0.0113577$ & $0.00763764$ & $-0.00410229$ & $0.00720145$ & $-0.00751688$ & $-0.0229443$ & $1$ & $0.008528$ & $-0.0199631$ & $0.0349148$ & $0.00318412$ & $-0.0166188$ & $-0.000984631$ & $-0.00319882$ & $-0.00223632$ & $0.0226326$ \\
eHZgaint & $0.208979$ & $-0.0385407$ & $0.0739549$ & $0.0523289$ & $-0.0351371$ & $0.0100111$ & $0.0698138$ & $0.0100962$ & $0.0183919$ & $-0.0171725$ & $-0.00628402$ & $-0.0170658$ & $-0.0813433$ & $-0.00305178$ & $-0.00460655$ & $0.0110939$ & $-0.00942167$ & $-0.00366126$ & $-0.0137159$ & $0.00530668$ & $0.00491094$ & $0.00519745$ & $0.0115924$ & $-0.022449$ & $-0.0214645$ & $-0.0135948$ & $0.00127373$ & $-0.000822495$ & $-0.0208966$ & $-0.0345232$ & $-0.0601742$ & $0.0617975$ & $-0.0159985$ & $0.011627$ & $-0.214611$ & $0.068287$ & $-0.232567$ & $-0.0116705$ & $0.051915$ & $0.008528$ & $1$ & $0.0124359$ & $0.13864$ & $0.0568496$ & $0.0890497$ & $0.0428673$ & $-0.219$ & $0.173534$ & $0.0120966$ \\
eHZgapar & $0.0275126$ & $0.0624111$ & $0.0277164$ & $0.00949662$ & $0.00567608$ & $0.00504667$ & $-0.00709121$ & $0.00423523$ & $0.00444303$ & $-0.00098052$ & $-0.00257939$ & $-0.00327146$ & $0.00726018$ & $-0.00550688$ & $-0.00225589$ & $-0.00136299$ & $-0.000906974$ & $-0.00312167$ & $-0.00296664$ & $0.00298461$ & $0.004198$ & $0.0040139$ & $-0.00314218$ & $-0.00740779$ & $-0.00332543$ & $0.00454118$ & $0.0102561$ & $5.41104e-05$ & $0.0129541$ & $0.0064872$ & $0.00687105$ & $-0.00579315$ & $0.00253181$ & $0.0103029$ & $0.0420164$ & $-0.000747075$ & $0.00593335$ & $-0.0144215$ & $0.0279958$ & $-0.0199631$ & $0.0124359$ & $1$ & $-0.0169367$ & $0.0296595$ & $0.0190648$ & $-0.0166164$ & $-0.00897496$ & $-0.000204146$ & $-0.00289882$ \\
eHgagaint & $0.193737$ & $-0.0335929$ & $-0.0423337$ & $-0.0884536$ & $-0.00408875$ & $-0.00204633$ & $0.0144282$ & $-0.00323197$ & $0.0377379$ & $-0.0066035$ & $0.00099972$ & $0.0265949$ & $-0.0273167$ & $-0.00252803$ & $-0.00221574$ & $-0.0017539$ & $0.004003$ & $0.00344831$ & $0.00257834$ & $-0.00202788$ & $-0.00285718$ & $-0.00211382$ & $-0.0137292$ & $-0.0069926$ & $-0.0124294$ & $0.00269787$ & $-0.0112267$ & $-0.00776239$ & $-0.0183219$ & $-0.0132431$ & $-0.0370342$ & $0.0145614$ & $0.00345686$ & $-0.00202505$ & $0.0096905$ & $-0.0581386$ & $-0.025868$ & $0.0291917$ & $0.0775596$ & $0.0349148$ & $0.13864$ & $-0.0169367$ & $1$ & $0.205242$ & $0.123548$ & $0.175925$ & $-0.111237$ & $0.319242$ & $-0.0315282$ \\
eHmumuint & $0.110332$ & $0.206764$ & $0.0861534$ & $0.0145504$ & $0.0236119$ & $0.00803275$ & $0.0393888$ & $-0.0364351$ & $-0.028851$ & $0.0122477$ & $0.0373169$ & $0.000307269$ & $-0.0574347$ & $-0.0259844$ & $-0.0244192$ & $-0.0317789$ & $-0.00134583$ & $0.00360262$ & $0.00752988$ & $-0.0355358$ & $-0.0339637$ & $-0.0333404$ & $-0.00859069$ & $0.00108085$ & $-0.0065526$ & $0.0269692$ & $-0.0096423$ & $-0.0168183$ & $-0.0051533$ & $-0.0532687$ & $-0.0196559$ & $0.0312481$ & $-0.0557947$ & $-0.00174674$ & $-0.0396149$ & $-0.028736$ & $0.20817$ & $-0.0125191$ & $0.0199816$ & $0.00318412$ & $0.0568496$ & $0.0296595$ & $0.205242$ & $1$ & $-0.0705569$ & $0.18996$ & $0.00304496$ & $0.0971955$ & $-0.0276517$ \\
eHtautauint & $0.156895$ & $0.0872337$ & $-0.163828$ & $-0.166038$ & $-0.00213987$ & $0.0144952$ & $-0.0124403$ & $-0.000845929$ & $0.00493583$ & $-0.00472437$ & $-0.000702326$ & $0.0280733$ & $0.034797$ & $0.00374642$ & $-0.00863704$ & $-0.00290778$ & $-0.00464289$ & $0.0039597$ & $0.00133861$ & $-4.67364e-05$ & $0.00103465$ & $0.00141173$ & $-0.00109602$ & $-0.00978843$ & $-0.00166633$ & $-0.00121155$ & $0.0139553$ & $0.00461724$ & $0.00807208$ & $0.0725401$ & $-0.0307913$ & $-0.00661492$ & $0.0143856$ & $0.00706767$ & $0.0672542$ & $-0.108906$ & $-0.185489$ & $-0.0182183$ & $0.151212$ & $-0.0166188$ & $0.0890497$ & $0.0190648$ & $0.123548$ & $-0.0705569$ & $1$ & $-0.0989429$ & $-0.221229$ & $0.0807689$ & $-0.140928$ \\
eHccint & $-0.0260675$ & $0.00538139$ & $-0.226263$ & $-0.182737$ & $0.0352537$ & $0.00536271$ & $0.0387254$ & $-0.0302759$ & $-0.0215789$ & $0.0253773$ & $0.0374133$ & $0.00889181$ & $-0.0649441$ & $-0.0346302$ & $-0.0343121$ & $-0.0275876$ & $-0.00996424$ & $0.00042474$ & $-0.0023333$ & $-0.0385263$ & $-0.0367088$ & $-0.0333927$ & $0.00335644$ & $-0.00028542$ & $-0.00442662$ & $0.0268849$ & $-0.00141843$ & $-0.0174063$ & $4.06393e-07$ & $-0.0311842$ & $-0.0102369$ & $0.0320248$ & $-0.0588575$ & $0.00512368$ & $-0.0776211$ & $0.0117282$ & $-0.219797$ & $-0.00238409$ & $-0.0810251$ & $-0.000984631$ & $0.0428673$ & $-0.0166164$ & $0.175925$ & $0.18996$ & $-0.0989429$ & $1$ & $-0.133407$ & $-0.0834549$ & $-0.120077$ \\
eHccpar & $0.0290824$ & $0.0557659$ & $0.097674$ & $0.432992$ & $0.00692546$ & $-0.00394062$ & $-0.0421155$ & $0.00417922$ & $-0.0019871$ & $-0.00132804$ & $-0.00596345$ & $0.0483428$ & $0.0755506$ & $0.00652625$ & $0.00414311$ & $0.00890809$ & $0.00170235$ & $0.00138988$ & $-0.00239058$ & $0.00709646$ & $0.00740524$ & $0.00610178$ & $-0.00654558$ & $0.00347166$ & $-0.00164176$ & $-0.00261035$ & $-0.000611105$ & $0.00365047$ & $0.00356845$ & $0.0362435$ & $0.24081$ & $-0.0215375$ & $0.0731326$ & $0.00185598$ & $0.20341$ & $0.0330771$ & $0.057347$ & $-0.00733063$ & $-0.117418$ & $-0.00319882$ & $-0.219$ & $-0.00897496$ & $-0.111237$ & $0.00304496$ & $-0.221229$ & $-0.133407$ & $1$ & $-0.0499424$ & $0.123847$ \\
eHbbint & $-0.011956$ & $0.0270366$ & $-0.0492786$ & $0.0210575$ & $-0.008757$ & $-0.0102982$ & $0.0366989$ & $0.0214969$ & $0.0390079$ & $-0.015881$ & $-0.0217686$ & $-0.0436099$ & $-0.050794$ & $0.00770911$ & $0.000778818$ & $0.00252786$ & $0.00457624$ & $0.00185766$ & $-0.000847259$ & $0.0210545$ & $0.0231374$ & $0.0226443$ & $-0.00529661$ & $-0.0144807$ & $0.00793487$ & $-0.00666482$ & $0.0281177$ & $0.000909543$ & $-0.00980598$ & $-0.011735$ & $-0.0250195$ & $0.023798$ & $0.0314668$ & $0.0237169$ & $-0.197005$ & $-0.143837$ & $-0.152339$ & $0.024595$ & $-0.0261117$ & $-0.00223632$ & $0.173534$ & $-0.000204146$ & $0.319242$ & $0.0971955$ & $0.0807689$ & $-0.0834549$ & $-0.0499424$ & $1$ & $-0.173125$ \\
eHbbpar & $-0.0600279$ & $-0.340757$ & $0.054085$ & $0.216446$ & $0.0213869$ & $-0.0232304$ & $0.00745587$ & $0.00851708$ & $0.0069969$ & $-0.00220284$ & $-0.00901725$ & $0.0114637$ & $0.00195424$ & $0.0128143$ & $0.00437749$ & $0.00551386$ & $0.00241012$ & $0.00628931$ & $0.00716065$ & $0.00608219$ & $0.0050882$ & $0.00524285$ & $-0.00220501$ & $0.00606571$ & $0.00623169$ & $-0.00689148$ & $-0.0109793$ & $-0.00304909$ & $0.000781801$ & $-0.0166396$ & $0.015333$ & $0.00904944$ & $0.185558$ & $-0.0142289$ & $0.0725778$ & $-0.106701$ & $0.0191787$ & $-0.00273436$ & $0.066272$ & $0.0226326$ & $0.0120966$ & $-0.00289882$ & $-0.0315282$ & $-0.0276517$ & $-0.140928$ & $-0.120077$ & $0.123847$ & $-0.173125$ & $1$ \\
