 & AlsMz & dAle5Mz & mtop & mHl & Mz & CW & CHG & CHWB & CHWHB_gaga & CHWHB_gagaorth & CHD & CHbox & CH & CHL1_11 & CHL1_22 & CHL1_33 & CHL3_11 & CHL3_22 & CHL3_33 & CHe_11 & CHe_22 & CHe_33 & CHQ1_11 & CHQ1_33 & CHQ3_11 & CHu_11 & CHd_11 & CHd_33 & CeH_22r & CeH_33r & CuH_22r & CuH_33r & CdH_33r & CLL_1221 & eHggint & eHggpar & eHWWint & eHWWpar & eHZZint & eHZZpar & eHZgaint & eHZgapar & eHgagaint & eHmumuint & eHtautauint & eHccint & eHccpar & eHbbint & eHbbpar \\
AlsMz & $1$ & $0.0754706$ & $0.0899714$ & $-0.277275$ & $0.0119079$ & $0.00912497$ & $-0.0399912$ & $-0.0365112$ & $-0.0418554$ & $0.125743$ & $-0.0347633$ & $0.0743474$ & $-0.00453477$ & $0.116992$ & $0.0387193$ & $0.0643952$ & $0.138275$ & $0.108565$ & $0.0871905$ & $0.0387942$ & $0.0233916$ & $0.0226175$ & $0.0533043$ & $0.100095$ & $0.0601943$ & $-0.0924311$ & $-0.0817741$ & $0.104678$ & $-0.0347938$ & $0.0506306$ & $0.127935$ & $-0.0264447$ & $0.00900923$ & $-0.0640451$ & $0.146177$ & $0.0639292$ & $-0.200248$ & $-0.0659288$ & $-0.13027$ & $-0.0484572$ & $0.23$ & $-0.107564$ & $-0.0111942$ & $-0.501682$ & $-0.17821$ & $0.0639381$ & $0.49471$ & $-0.0854728$ & $-0.34978$ \\
dAle5Mz & $0.0754706$ & $1$ & $0.256642$ & $-0.474862$ & $-0.0266436$ & $-0.0747972$ & $-0.119959$ & $-0.119546$ & $-0.133898$ & $0.0860388$ & $0.102864$ & $0.0541471$ & $0.0155069$ & $-0.0322803$ & $-0.140679$ & $-0.123444$ & $0.0440293$ & $0.103763$ & $0.0863212$ & $-0.105839$ & $-0.0871173$ & $-0.08892$ & $0.0513696$ & $0.0399983$ & $0.119216$ & $0.0598622$ & $0.110947$ & $-0.0038069$ & $0.0176744$ & $-0.0646786$ & $-0.0403967$ & $-0.110594$ & $-0.0378252$ & $0.0427148$ & $0.455798$ & $0.19889$ & $0.423296$ & $-0.0185245$ & $0.255275$ & $-0.133824$ & $0.503848$ & $-0.0742065$ & $-0.0736968$ & $-0.188937$ & $-0.271187$ & $-0.414947$ & $0.138223$ & $-0.51657$ & $0.241046$ \\
mtop & $0.0899714$ & $0.256642$ & $1$ & $-0.261721$ & $-0.00277051$ & $-0.0367618$ & $-0.0347763$ & $0.127913$ & $0.108223$ & $-0.0127503$ & $-0.144096$ & $-0.118835$ & $-0.0225253$ & $0.115181$ & $-0.192579$ & $-0.170123$ & $0.084406$ & $0.16528$ & $0.152513$ & $0.117604$ & $0.17976$ & $0.175774$ & $0.139259$ & $-0.0506272$ & $0.242336$ & $-0.0779876$ & $0.513627$ & $0.104333$ & $0.0371212$ & $-0.113241$ & $-0.114072$ & $-0.0567598$ & $-0.150355$ & $0.297775$ & $0.0639914$ & $0.177351$ & $0.262859$ & $0.036454$ & $0.0142012$ & $-0.0686332$ & $0.444829$ & $-0.0829516$ & $-0.358623$ & $0.023339$ & $0.027668$ & $-0.192965$ & $-0.0737605$ & $0.0233455$ & $-0.156339$ \\
mHl & $-0.277275$ & $-0.474862$ & $-0.261721$ & $1$ & $0.019964$ & $-0.0416473$ & $-0.0725491$ & $0.0707674$ & $0.0704214$ & $-0.0613457$ & $-0.0520865$ & $-0.0367237$ & $-0.0062828$ & $-0.0202335$ & $0.0193952$ & $-0.0168147$ & $-0.00827217$ & $-0.0409382$ & $-0.0145814$ & $0.0465876$ & $0.0551833$ & $0.0575593$ & $-0.00381495$ & $-0.0508649$ & $-0.0177211$ & $-0.0257504$ & $0.0559779$ & $-0.0533797$ & $-0.0164434$ & $0.0388243$ & $-0.0295714$ & $-0.0857175$ & $0.0171355$ & $0.0496353$ & $-0.392101$ & $-0.0478341$ & $0.0821985$ & $0.109722$ & $-0.394295$ & $-0.0268797$ & $-0.371151$ & $0.108729$ & $0.0243336$ & $0.376989$ & $0.0354372$ & $0.380995$ & $-0.270704$ & $0.399666$ & $-0.211212$ \\
Mz & $0.0119079$ & $-0.0266436$ & $-0.00277051$ & $0.019964$ & $1$ & $-0.00243308$ & $-0.00684168$ & $0.0163292$ & $0.0144066$ & $0.0006919$ & $-0.00888754$ & $0.0132207$ & $0.0048951$ & $0.0104433$ & $0.0220927$ & $0.00634536$ & $-0.00215472$ & $-0.0139671$ & $0.000664296$ & $0.0162649$ & $0.0165358$ & $0.0181465$ & $-0.00534401$ & $-0.00683023$ & $-0.000263248$ & $0.0021372$ & $0.0134725$ & $0.0153082$ & $-0.00127946$ & $-0.00927864$ & $-0.0224925$ & $-0.0112053$ & $-0.00279192$ & $-0.00868446$ & $-0.0367955$ & $0.0348402$ & $-0.00791171$ & $0.0518683$ & $-0.0117199$ & $0.00354832$ & $-0.024513$ & $0.0143339$ & $0.00758295$ & $-0.00229239$ & $-0.0154595$ & $0.0280619$ & $0.000360016$ & $0.0111059$ & $-0.00794894$ \\
CW & $0.00912497$ & $-0.0747972$ & $-0.0367618$ & $-0.0416473$ & $-0.00243308$ & $1$ & $0.0632048$ & $-0.104698$ & $-0.0985141$ & $-0.00618259$ & $0.156784$ & $0.0512279$ & $0.026544$ & $0.0396543$ & $-0.0815771$ & $-0.0354983$ & $-0.285903$ & $-0.0476437$ & $-0.0826021$ & $-0.151315$ & $-0.164267$ & $-0.161239$ & $0.00536705$ & $0.000191279$ & $-0.116622$ & $0.065645$ & $-0.12984$ & $-0.0400042$ & $0.0173327$ & $0.0303176$ & $0.0153613$ & $0.0713182$ & $0.0528475$ & $-0.126491$ & $-0.0724511$ & $-0.0827391$ & $-0.0787014$ & $0.011916$ & $0.0681776$ & $0.04194$ & $-0.0598715$ & $-0.0417873$ & $-0.0100596$ & $-0.0349434$ & $0.0107996$ & $-0.0195135$ & $-0.0785395$ & $0.0725936$ & $0.0457411$ \\
CHG & $-0.0399912$ & $-0.119959$ & $-0.0347763$ & $-0.0725491$ & $-0.00684168$ & $0.0632048$ & $1$ & $-0.147284$ & $-0.0767747$ & $0.0769759$ & $0.118976$ & $0.0429714$ & $-0.274995$ & $0.0104145$ & $0.0511774$ & $-0.0172706$ & $0.0202617$ & $0.0100483$ & $0.0612808$ & $-0.109077$ & $-0.132399$ & $-0.129362$ & $-0.110513$ & $0.124407$ & $0.00188415$ & $0.129941$ & $-0.194836$ & $-0.0541094$ & $0.0517366$ & $-0.111948$ & $-0.032408$ & $0.95742$ & $-0.152077$ & $-0.194992$ & $0.0498111$ & $-0.0941945$ & $-0.188497$ & $-0.073198$ & $0.198119$ & $0.150621$ & $-0.141893$ & $0.0742221$ & $0.0208158$ & $-0.0220074$ & $-0.192204$ & $0.00299808$ & $0.0176529$ & $0.152037$ & $0.0297737$ \\
CHWB & $-0.0365112$ & $-0.119546$ & $0.127913$ & $0.0707674$ & $0.0163292$ & $-0.104698$ & $-0.147284$ & $1$ & $0.983039$ & $-0.559973$ & $-0.897729$ & $-0.354556$ & $0.32304$ & $0.225739$ & $0.445135$ & $0.429389$ & $-0.127524$ & $-0.399042$ & $-0.380935$ & $0.882613$ & $0.905379$ & $0.890117$ & $-0.0166435$ & $-0.624877$ & $-0.366012$ & $-0.527998$ & $0.310945$ & $0.3526$ & $0.0384821$ & $0.0833856$ & $0.0121482$ & $-0.163735$ & $0.0651149$ & $0.506309$ & $-0.135953$ & $-0.0571163$ & $-0.0225934$ & $0.063192$ & $-0.12212$ & $0.00744814$ & $-0.0940959$ & $0.0470574$ & $-0.155557$ & $0.0107571$ & $0.200933$ & $0.0106688$ & $-0.096335$ & $0.0617227$ & $-0.22146$ \\
CHWHB_gaga & $-0.0418554$ & $-0.133898$ & $0.108223$ & $0.0704214$ & $0.0144066$ & $-0.0985141$ & $-0.0767747$ & $0.983039$ & $1$ & $-0.555501$ & $-0.877588$ & $-0.331379$ & $0.320908$ & $0.212249$ & $0.450256$ & $0.433783$ & $-0.139845$ & $-0.409874$ & $-0.390388$ & $0.864555$ & $0.88342$ & $0.869089$ & $-0.0291913$ & $-0.618934$ & $-0.380533$ & $-0.510378$ & $0.281047$ & $0.344255$ & $0.047443$ & $0.106233$ & $0.0277202$ & $-0.0996383$ & $0.0927155$ & $0.48425$ & $-0.145381$ & $-0.0629761$ & $-0.0514806$ & $0.0515087$ & $-0.106736$ & $0.0192866$ & $-0.107766$ & $0.0473505$ & $-0.139694$ & $0.0170696$ & $0.1838$ & $0.0211794$ & $-0.0908148$ & $0.0781667$ & $-0.215228$ \\
CHWHB_gagaorth & $0.125743$ & $0.0860388$ & $-0.0127503$ & $-0.0613457$ & $0.0006919$ & $-0.00618259$ & $0.0769759$ & $-0.559973$ & $-0.555501$ & $1$ & $0.357498$ & $0.662829$ & $-0.227639$ & $0.163787$ & $-0.226629$ & $-0.244439$ & $0.4028$ & $0.49203$ & $0.50083$ & $-0.356093$ & $-0.360887$ & $-0.358803$ & $0.00851926$ & $0.527405$ & $0.497584$ & $0.217805$ & $-0.0889867$ & $-0.152146$ & $-0.0495529$ & $-0.113106$ & $-0.0173675$ & $0.100341$ & $-0.140681$ & $-0.290259$ & $0.129127$ & $0.0344941$ & $0.0386444$ & $-0.0345401$ & $0.0650936$ & $0.0382053$ & $0.0421959$ & $-0.0414816$ & $0.0578179$ & $-0.0990872$ & $-0.116251$ & $-0.0351995$ & $0.135204$ & $-0.057187$ & $0.0249812$ \\
CHD & $-0.0347633$ & $0.102864$ & $-0.144096$ & $-0.0520865$ & $-0.00888754$ & $0.156784$ & $0.118976$ & $-0.897729$ & $-0.877588$ & $0.357498$ & $1$ & $0.366108$ & $-0.160634$ & $-0.587164$ & $-0.508065$ & $-0.478039$ & $-0.288772$ & $0.0483892$ & $0.0256272$ & $-0.992778$ & $-0.993492$ & $-0.974122$ & $0.037168$ & $0.28774$ & $-0.00983695$ & $0.564664$ & $-0.292808$ & $-0.375632$ & $-0.01422$ & $-0.0375063$ & $-0.0086615$ & $0.140612$ & $-0.000645296$ & $-0.358792$ & $0.0880988$ & $0.0499008$ & $0.000862503$ & $-0.0579836$ & $0.127533$ & $-0.0178537$ & $0.0697221$ & $-0.0527453$ & $0.150685$ & $0.0398429$ & $-0.170505$ & $0.00269992$ & $0.0308286$ & $-0.0315448$ & $0.21762$ \\
CHbox & $0.0743474$ & $0.0541471$ & $-0.118835$ & $-0.0367237$ & $0.0132207$ & $0.0512279$ & $0.0429714$ & $-0.354556$ & $-0.331379$ & $0.662829$ & $0.366108$ & $1$ & $-0.11447$ & $-0.197294$ & $-0.122037$ & $-0.123538$ & $-0.0626639$ & $0.024452$ & $0.0290215$ & $-0.347722$ & $-0.37254$ & $-0.364423$ & $-0.00229996$ & $0.14799$ & $0.0312887$ & $0.201214$ & $-0.162915$ & $-0.146457$ & $0.0117647$ & $0.167535$ & $0.0720535$ & $0.107171$ & $0.2178$ & $-0.214273$ & $0.0734612$ & $1.02735e-06$ & $-0.0358248$ & $-0.0340874$ & $0.0813249$ & $0.0473192$ & $-0.0232315$ & $-0.0440859$ & $0.0723831$ & $-0.0615129$ & $-0.107749$ & $0.0144174$ & $0.101711$ & $-0.0333614$ & $0.0184632$ \\
CH & $-0.00453477$ & $0.0155069$ & $-0.0225253$ & $-0.0062828$ & $0.0048951$ & $0.026544$ & $-0.274995$ & $0.32304$ & $0.320908$ & $-0.227639$ & $-0.160634$ & $-0.11447$ & $1$ & $-0.194837$ & $0.0945388$ & $0.134975$ & $-0.32696$ & $-0.348915$ & $-0.373256$ & $0.162125$ & $0.166368$ & $0.168525$ & $0.0222965$ & $-0.380306$ & $-0.365438$ & $-0.125743$ & $0.0499152$ & $0.0736687$ & $0.0565592$ & $0.290037$ & $0.104704$ & $-0.236212$ & $0.383434$ & $0.202461$ & $-0.0891846$ & $-0.00361073$ & $-0.0735802$ & $-0.0105316$ & $0.0165059$ & $-0.0520097$ & $0.0453371$ & $-0.041723$ & $-0.0290287$ & $0.0218685$ & $0.0405091$ & $0.00662641$ & $0.00901385$ & $0.0124871$ & $-0.057211$ \\
CHL1_11 & $0.116992$ & $-0.0322803$ & $0.115181$ & $-0.0202335$ & $0.0104433$ & $0.0396543$ & $0.0104145$ & $0.225739$ & $0.212249$ & $0.163787$ & $-0.587164$ & $-0.197294$ & $-0.194837$ & $1$ & $0.260463$ & $0.230628$ & $0.645074$ & $0.570829$ & $0.582246$ & $0.589529$ & $0.565523$ & $0.547775$ & $-0.0406515$ & $0.407403$ & $0.595904$ & $-0.304078$ & $0.105861$ & $0.201919$ & $-0.0298694$ & $-0.0566458$ & $-0.00236838$ & $-0.00858511$ & $-0.102005$ & $-0.10929$ & $0.0271783$ & $-0.0237076$ & $0.0307553$ & $0.0116594$ & $-0.0465762$ & $0.0313885$ & $0.00483447$ & $0.0316322$ & $-0.071944$ & $-0.112316$ & $0.0314126$ & $-0.0460897$ & $0.0636206$ & $-0.0243355$ & $-0.0910823$ \\
CHL1_22 & $0.0387193$ & $-0.140679$ & $-0.192579$ & $0.0193952$ & $0.0220927$ & $-0.0815771$ & $0.0511774$ & $0.445135$ & $0.450256$ & $-0.226629$ & $-0.508065$ & $-0.122037$ & $0.0945388$ & $0.260463$ & $1$ & $0.443419$ & $0.115412$ & $-0.502593$ & $-0.0825051$ & $0.555276$ & $0.442613$ & $0.432367$ & $-0.15991$ & $-0.0203453$ & $-0.172224$ & $-0.249451$ & $-0.310487$ & $0.183892$ & $0.0093921$ & $0.0432755$ & $0.0212843$ & $0.0468281$ & $0.0644529$ & $-0.514374$ & $-0.125856$ & $-0.0299798$ & $-0.135371$ & $-0.0599368$ & $0.0385587$ & $0.0481388$ & $-0.0979647$ & $0.0532195$ & $0.0839346$ & $0.00243676$ & $-0.0336084$ & $0.0580063$ & $-0.0322978$ & $0.113968$ & $-0.0250949$ \\
CHL1_33 & $0.0643952$ & $-0.123444$ & $-0.170123$ & $-0.0168147$ & $0.00634536$ & $-0.0354983$ & $-0.0172706$ & $0.429389$ & $0.433783$ & $-0.244439$ & $-0.478039$ & $-0.123538$ & $0.134975$ & $0.230628$ & $0.443419$ & $1$ & $0.0760998$ & $-0.109457$ & $-0.496973$ & $0.527304$ & $0.414734$ & $0.43456$ & $-0.145479$ & $-0.029809$ & $-0.194008$ & $-0.240288$ & $-0.315373$ & $0.171396$ & $0.0137743$ & $0.072447$ & $0.0342747$ & $-0.014978$ & $0.093796$ & $0.0155296$ & $-0.159597$ & $-0.00236061$ & $-0.131888$ & $-0.0632991$ & $0.00664291$ & $-0.0508012$ & $-0.00457906$ & $0.00666367$ & $0.0943929$ & $0.0461977$ & $0.0128314$ & $0.0982359$ & $-0.00586099$ & $0.079628$ & $0.0317328$ \\
CHL3_11 & $0.138275$ & $0.0440293$ & $0.084406$ & $-0.00827217$ & $-0.00215472$ & $-0.285903$ & $0.0202617$ & $-0.127524$ & $-0.139845$ & $0.4028$ & $-0.288772$ & $-0.0626639$ & $-0.32696$ & $0.645074$ & $0.115412$ & $0.0760998$ & $1$ & $0.726272$ & $0.743555$ & $0.291409$ & $0.275791$ & $0.265764$ & $-0.0162052$ & $0.62536$ & $0.799913$ & $-0.128074$ & $0.0904099$ & $0.0740035$ & $-0.0529116$ & $-0.0998051$ & $-0.0111226$ & $0.0056625$ & $-0.151238$ & $-0.128819$ & $0.113706$ & $0.0206962$ & $0.0774202$ & $0.0248612$ & $-0.0571661$ & $0.0193749$ & $0.0431869$ & $0.014573$ & $-0.0302056$ & $-0.0942725$ & $-0.0285474$ & $-0.022843$ & $0.139705$ & $-0.0767515$ & $-0.0360629$ \\
CHL3_22 & $0.108565$ & $0.103763$ & $0.16528$ & $-0.0409382$ & $-0.0139671$ & $-0.0476437$ & $0.0100483$ & $-0.399042$ & $-0.409874$ & $0.49203$ & $0.0483892$ & $0.024452$ & $-0.348915$ & $0.570829$ & $-0.502593$ & $-0.109457$ & $0.726272$ & $1$ & $0.689563$ & $-0.0605695$ & $-0.0332899$ & $-0.0338219$ & $0.0591724$ & $0.624498$ & $0.814375$ & $0.0416472$ & $0.18153$ & $-0.0424038$ & $-0.048864$ & $-0.108591$ & $-0.0203181$ & $0.00124129$ & $-0.159477$ & $0.110455$ & $0.153411$ & $0.0291441$ & $0.123231$ & $0.032295$ & $-0.0473888$ & $-0.0145504$ & $0.103662$ & $-0.021694$ & $-0.0554123$ & $-0.0930855$ & $-0.0177616$ & $-0.056473$ & $0.136198$ & $-0.121353$ & $0.00912671$ \\
CHL3_33 & $0.0871905$ & $0.0863212$ & $0.152513$ & $-0.0145814$ & $0.000664296$ & $-0.0826021$ & $0.0612808$ & $-0.380935$ & $-0.390388$ & $0.50083$ & $0.0256272$ & $0.0290215$ & $-0.373256$ & $0.582246$ & $-0.0825051$ & $-0.496973$ & $0.743555$ & $0.689563$ & $1$ & $-0.039159$ & $-0.0112687$ & $-0.0134646$ & $0.0504462$ & $0.622188$ & $0.821224$ & $0.0344415$ & $0.189667$ & $-0.032914$ & $-0.0532285$ & $-0.12808$ & $-0.027399$ & $0.0473348$ & $-0.179519$ & $-0.286931$ & $0.174263$ & $0.0106718$ & $0.121368$ & $0.0363172$ & $-0.0187754$ & $0.0556949$ & $0.0352292$ & $0.0129713$ & $-0.064933$ & $-0.122922$ & $-0.0512894$ & $-0.0838644$ & $0.113023$ & $-0.0947384$ & $-0.0360305$ \\
CHe_11 & $0.0387942$ & $-0.105839$ & $0.117604$ & $0.0465876$ & $0.0162649$ & $-0.151315$ & $-0.109077$ & $0.882613$ & $0.864555$ & $-0.356093$ & $-0.992778$ & $-0.347722$ & $0.162125$ & $0.589529$ & $0.555276$ & $0.527304$ & $0.291409$ & $-0.0605695$ & $-0.039159$ & $1$ & $0.980254$ & $0.962021$ & $-0.053594$ & $-0.255707$ & $0.00660535$ & $-0.555429$ & $0.237482$ & $0.37225$ & $0.0155867$ & $0.0392157$ & $0.00807383$ & $-0.129665$ & $0.00791135$ & $0.298605$ & $-0.096092$ & $-0.0462514$ & $-0.0127282$ & $0.0457977$ & $-0.115526$ & $0.0169139$ & $-0.0674745$ & $0.0522771$ & $-0.13097$ & $-0.0357275$ & $0.155979$ & $0.00499822$ & $-0.0283944$ & $0.0381876$ & $-0.20056$ \\
CHe_22 & $0.0233916$ & $-0.0871173$ & $0.17976$ & $0.0551833$ & $0.0165358$ & $-0.164267$ & $-0.132399$ & $0.905379$ & $0.88342$ & $-0.360887$ & $-0.993492$ & $-0.37254$ & $0.166368$ & $0.565523$ & $0.442613$ & $0.414734$ & $0.275791$ & $-0.0332899$ & $-0.0112687$ & $0.980254$ & $1$ & $0.976846$ & $-0.0180264$ & $-0.323478$ & $0.0136485$ & $-0.566587$ & $0.357172$ & $0.376065$ & $0.0149811$ & $0.0337046$ & $0.00411423$ & $-0.155269$ & $-0.00674313$ & $0.428096$ & $-0.0758937$ & $-0.0486688$ & $0.0194536$ & $0.0710881$ & $-0.137467$ & $0.0168617$ & $-0.0656044$ & $0.052157$ & $-0.174333$ & $-0.0398628$ & $0.183498$ & $-0.0136892$ & $-0.035131$ & $0.0205274$ & $-0.231078$ \\
CHe_33 & $0.0226175$ & $-0.08892$ & $0.175774$ & $0.0575593$ & $0.0181465$ & $-0.161239$ & $-0.129362$ & $0.890117$ & $0.869089$ & $-0.358803$ & $-0.974122$ & $-0.364423$ & $0.168525$ & $0.547775$ & $0.432367$ & $0.43456$ & $0.265764$ & $-0.0338219$ & $-0.0134646$ & $0.962021$ & $0.976846$ & $1$ & $-0.0163956$ & $-0.32068$ & $0.00979598$ & $-0.556736$ & $0.349961$ & $0.367713$ & $0.0137775$ & $0.0375231$ & $0.0061147$ & $-0.15193$ & $-0.000892773$ & $0.426393$ & $-0.0794244$ & $-0.0497654$ & $0.0190586$ & $0.0672876$ & $-0.129742$ & $0.0135953$ & $-0.0654129$ & $0.0476487$ & $-0.172141$ & $-0.0381118$ & $0.179883$ & $-0.012562$ & $-0.0378659$ & $0.022588$ & $-0.227201$ \\
CHQ1_11 & $0.0533043$ & $0.0513696$ & $0.139259$ & $-0.00381495$ & $-0.00534401$ & $0.00536705$ & $-0.110513$ & $-0.0166435$ & $-0.0291913$ & $0.00851926$ & $0.037168$ & $-0.00229996$ & $0.0222965$ & $-0.0406515$ & $-0.15991$ & $-0.145479$ & $-0.0162052$ & $0.0591724$ & $0.0504462$ & $-0.053594$ & $-0.0180264$ & $-0.0163956$ & $1$ & $-0.0672211$ & $0.0970838$ & $-0.664358$ & $0.272214$ & $-0.0265606$ & $-0.0113397$ & $-0.00635192$ & $-0.0198188$ & $-0.10536$ & $-0.0121413$ & $0.136426$ & $0.0962281$ & $-0.00746184$ & $0.115421$ & $0.0418342$ & $-0.0633771$ & $-0.00300444$ & $-0.0421462$ & $-0.0259775$ & $-0.104918$ & $-0.0898838$ & $0.0502881$ & $-0.00561701$ & $0.0270283$ & $-0.0507544$ & $-0.132817$ \\
CHQ1_33 & $0.100095$ & $0.0399983$ & $-0.0506272$ & $-0.0508649$ & $-0.00683023$ & $0.000191279$ & $0.124407$ & $-0.624877$ & $-0.618934$ & $0.527405$ & $0.28774$ & $0.14799$ & $-0.380306$ & $0.407403$ & $-0.0203453$ & $-0.029809$ & $0.62536$ & $0.624498$ & $0.622188$ & $-0.255707$ & $-0.323478$ & $-0.32068$ & $-0.0672211$ & $1$ & $0.660664$ & $0.223075$ & $-0.209843$ & $-0.0382122$ & $-0.0584125$ & $-0.105655$ & $-0.0125564$ & $0.122413$ & $-0.119702$ & $-0.552425$ & $0.106934$ & $0.0492321$ & $0.0229115$ & $-0.0442282$ & $0.0482989$ & $0.00934013$ & $0.0680217$ & $-0.00360423$ & $0.0996963$ & $-0.058196$ & $-0.12837$ & $-0.00988322$ & $0.128261$ & $-0.0566798$ & $0.102146$ \\
CHQ3_11 & $0.0601943$ & $0.119216$ & $0.242336$ & $-0.0177211$ & $-0.000263248$ & $-0.116622$ & $0.00188415$ & $-0.366012$ & $-0.380533$ & $0.497584$ & $-0.00983695$ & $0.0312887$ & $-0.365438$ & $0.595904$ & $-0.172224$ & $-0.194008$ & $0.799913$ & $0.814375$ & $0.821224$ & $0.00660535$ & $0.0136485$ & $0.00979598$ & $0.0970838$ & $0.660664$ & $1$ & $0.0256755$ & $0.37804$ & $-0.0204519$ & $-0.048184$ & $-0.137412$ & $-0.0507938$ & $-0.012235$ & $-0.197242$ & $-0.158656$ & $0.1927$ & $0.031821$ & $0.188813$ & $0.0736677$ & $-0.0722986$ & $0.0432169$ & $0.0803626$ & $0.0211551$ & $-0.112829$ & $-0.11524$ & $0.0075044$ & $-0.107139$ & $0.118378$ & $-0.142876$ & $-0.0702941$ \\
CHu_11 & $-0.0924311$ & $0.0598622$ & $-0.0779876$ & $-0.0257504$ & $0.0021372$ & $0.065645$ & $0.129941$ & $-0.527998$ & $-0.510378$ & $0.217805$ & $0.564664$ & $0.201214$ & $-0.125743$ & $-0.304078$ & $-0.249451$ & $-0.240288$ & $-0.128074$ & $0.0416472$ & $0.0344415$ & $-0.555429$ & $-0.566587$ & $-0.556736$ & $-0.664358$ & $0.223075$ & $0.0256755$ & $1$ & $-0.164178$ & $-0.200738$ & $-0.0131423$ & $-0.0448292$ & $-0.018636$ & $0.133011$ & $-0.033081$ & $-0.258101$ & $0.0181887$ & $0.054985$ & $-0.0320445$ & $-0.01436$ & $0.0945401$ & $0.002534$ & $0.0965655$ & $0.0139976$ & $0.111145$ & $0.0784762$ & $-0.0897826$ & $-0.0425287$ & $0.00673799$ & $-0.0389171$ & $0.184834$ \\
CHd_11 & $-0.0817741$ & $0.110947$ & $0.513627$ & $0.0559779$ & $0.0134725$ & $-0.12984$ & $-0.194836$ & $0.310945$ & $0.281047$ & $-0.0889867$ & $-0.292808$ & $-0.162915$ & $0.0499152$ & $0.105861$ & $-0.310487$ & $-0.315373$ & $0.0904099$ & $0.18153$ & $0.189667$ & $0.237482$ & $0.357172$ & $0.349961$ & $0.272214$ & $-0.209843$ & $0.37804$ & $-0.164178$ & $1$ & $0.11094$ & $0.000882619$ & $-0.0563419$ & $-0.0662114$ & $-0.216943$ & $-0.127984$ & $0.588721$ & $0.1394$ & $0.00611789$ & $0.262524$ & $0.202239$ & $-0.212507$ & $0.0399922$ & $0.0286408$ & $0.046398$ & $-0.339342$ & $-0.0775$ & $0.246502$ & $-0.15256$ & $-0.0119775$ & $-0.154733$ & $-0.313212$ \\
CHd_33 & $0.104678$ & $-0.0038069$ & $0.104333$ & $-0.0533797$ & $0.0153082$ & $-0.0400042$ & $-0.0541094$ & $0.3526$ & $0.344255$ & $-0.152146$ & $-0.375632$ & $-0.146457$ & $0.0736687$ & $0.201919$ & $0.183892$ & $0.171396$ & $0.0740035$ & $-0.0424038$ & $-0.032914$ & $0.37225$ & $0.376065$ & $0.367713$ & $-0.0265606$ & $-0.0382122$ & $-0.0204519$ & $-0.200738$ & $0.11094$ & $1$ & $0.00439577$ & $0.00364629$ & $0.0110857$ & $-0.0654044$ & $-0.0110068$ & $0.152388$ & $-0.0187861$ & $0.0192379$ & $0.00266941$ & $-0.00344843$ & $-0.0204132$ & $-0.0178146$ & $0.00481554$ & $0.0180826$ & $-0.0736301$ & $-0.112498$ & $0.0516304$ & $-0.0428059$ & $0.0257413$ & $-0.02175$ & $-0.159169$ \\
CeH_22r & $-0.0347938$ & $0.0176744$ & $0.0371212$ & $-0.0164434$ & $-0.00127946$ & $0.0173327$ & $0.0517366$ & $0.0384821$ & $0.047443$ & $-0.0495529$ & $-0.01422$ & $0.0117647$ & $0.0565592$ & $-0.0298694$ & $0.0093921$ & $0.0137743$ & $-0.0529116$ & $-0.048864$ & $-0.0532285$ & $0.0155867$ & $0.0149811$ & $0.0137775$ & $-0.0113397$ & $-0.0584125$ & $-0.048184$ & $-0.0131423$ & $0.000882619$ & $0.00439577$ & $1$ & $0.0405646$ & $0.0304605$ & $0.038201$ & $0.0623898$ & $0.0241459$ & $-0.0468804$ & $-0.0490649$ & $0.00448565$ & $-0.0014435$ & $-0.0119588$ & $-0.0234395$ & $0.0192938$ & $-0.040395$ & $-0.0758252$ & $0.0604356$ & $0.0694338$ & $0.0146555$ & $-0.0489487$ & $0.0311706$ & $0.050584$ \\
CeH_33r & $0.0506306$ & $-0.0646786$ & $-0.113241$ & $0.0388243$ & $-0.00927864$ & $0.0303176$ & $-0.111948$ & $0.0833856$ & $0.106233$ & $-0.113106$ & $-0.0375063$ & $0.167535$ & $0.290037$ & $-0.0566458$ & $0.0432755$ & $0.072447$ & $-0.0998051$ & $-0.108591$ & $-0.12808$ & $0.0392157$ & $0.0337046$ & $0.0375231$ & $-0.00635192$ & $-0.105655$ & $-0.137412$ & $-0.0448292$ & $-0.0563419$ & $0.00364629$ & $0.0405646$ & $1$ & $0.355201$ & $0.0102668$ & $0.738062$ & $0.0332801$ & $-0.0583098$ & $-0.0989873$ & $-0.152715$ & $0.00250716$ & $0.00452388$ & $-0.000877151$ & $-0.0675894$ & $-0.0736173$ & $-0.00725155$ & $-0.0103602$ & $-0.0290221$ & $0.089371$ & $0.074508$ & $0.04615$ & $-0.0390219$ \\
CuH_22r & $0.127935$ & $-0.0403967$ & $-0.114072$ & $-0.0295714$ & $-0.0224925$ & $0.0153613$ & $-0.032408$ & $0.0121482$ & $0.0277202$ & $-0.0173675$ & $-0.0086615$ & $0.0720535$ & $0.104704$ & $-0.00236838$ & $0.0212843$ & $0.0342747$ & $-0.0111226$ & $-0.0203181$ & $-0.027399$ & $0.00807383$ & $0.00411423$ & $0.0061147$ & $-0.0198188$ & $-0.0125564$ & $-0.0507938$ & $-0.018636$ & $-0.0662114$ & $0.0110857$ & $0.0304605$ & $0.355201$ & $1$ & $0.0496514$ & $0.420933$ & $-0.00856421$ & $-0.010766$ & $-0.0253229$ & $-0.147332$ & $-0.00663782$ & $-0.0167238$ & $0.00366011$ & $-0.0148094$ & $-0.0731461$ & $0.0500201$ & $-0.0788545$ & $-0.0204672$ & $0.109589$ & $0.195342$ & $-0.0215085$ & $-0.00751905$ \\
CuH_33r & $-0.0264447$ & $-0.110594$ & $-0.0567598$ & $-0.0857175$ & $-0.0112053$ & $0.0713182$ & $0.95742$ & $-0.163735$ & $-0.0996383$ & $0.100341$ & $0.140612$ & $0.107171$ & $-0.236212$ & $-0.00858511$ & $0.0468281$ & $-0.014978$ & $0.0056625$ & $0.00124129$ & $0.0473348$ & $-0.129665$ & $-0.155269$ & $-0.15193$ & $-0.10536$ & $0.122413$ & $-0.012235$ & $0.133011$ & $-0.216943$ & $-0.0654044$ & $0.038201$ & $0.0102668$ & $0.0496514$ & $1$ & $0.0135915$ & $-0.206257$ & $0.0780313$ & $-0.10122$ & $-0.213681$ & $-0.0845747$ & $0.214307$ & $0.156605$ & $-0.147339$ & $0.0692913$ & $0.0392215$ & $-0.0432957$ & $-0.215754$ & $0.0107456$ & $0.0542082$ & $0.136684$ & $0.0315917$ \\
CdH_33r & $0.00900923$ & $-0.0378252$ & $-0.150355$ & $0.0171355$ & $-0.00279192$ & $0.0528475$ & $-0.152077$ & $0.0651149$ & $0.0927155$ & $-0.140681$ & $-0.000645296$ & $0.2178$ & $0.383434$ & $-0.102005$ & $0.0644529$ & $0.093796$ & $-0.151238$ & $-0.159477$ & $-0.179519$ & $0.00791135$ & $-0.00674313$ & $-0.000892773$ & $-0.0121413$ & $-0.119702$ & $-0.197242$ & $-0.033081$ & $-0.127984$ & $-0.0110068$ & $0.0623898$ & $0.738062$ & $0.420933$ & $0.0135915$ & $1$ & $-0.00626557$ & $-0.0815721$ & $-0.0842012$ & $-0.133607$ & $-0.0309377$ & $0.0489173$ & $-0.0116336$ & $-0.0276003$ & $-0.0748514$ & $0.0380969$ & $0.0025451$ & $-0.0423239$ & $0.0942352$ & $0.0785556$ & $0.056186$ & $0.0880678$ \\
CLL_1221 & $-0.0640451$ & $0.0427148$ & $0.297775$ & $0.0496353$ & $-0.00868446$ & $-0.126491$ & $-0.194992$ & $0.506309$ & $0.48425$ & $-0.290259$ & $-0.358792$ & $-0.214273$ & $0.202461$ & $-0.10929$ & $-0.514374$ & $0.0155296$ & $-0.128819$ & $0.110455$ & $-0.286931$ & $0.298605$ & $0.428096$ & $0.426393$ & $0.136426$ & $-0.552425$ & $-0.158656$ & $-0.258101$ & $0.588721$ & $0.152388$ & $0.0241459$ & $0.0332801$ & $-0.00856421$ & $-0.206257$ & $-0.00626557$ & $1$ & $0.00524494$ & $-0.0141499$ & $0.117985$ & $0.121384$ & $-0.158707$ & $-0.0459633$ & $0.0150251$ & $-0.00954878$ & $-0.22112$ & $0.0133411$ & $0.212813$ & $-0.039236$ & $-0.0459246$ & $-0.0634673$ & $-0.1788$ \\
eHggint & $0.146177$ & $0.455798$ & $0.0639914$ & $-0.392101$ & $-0.0367955$ & $-0.0724511$ & $0.0498111$ & $-0.135953$ & $-0.145381$ & $0.129127$ & $0.0880988$ & $0.0734612$ & $-0.0891846$ & $0.0271783$ & $-0.125856$ & $-0.159597$ & $0.113706$ & $0.153411$ & $0.174263$ & $-0.096092$ & $-0.0758937$ & $-0.0794244$ & $0.0962281$ & $0.106934$ & $0.1927$ & $0.0181887$ & $0.1394$ & $-0.0187861$ & $-0.0468804$ & $-0.0583098$ & $-0.010766$ & $0.0780313$ & $-0.0815721$ & $0.00524494$ & $1$ & $-0.0877666$ & $0.182536$ & $-0.0768877$ & $0.156397$ & $0.184985$ & $0.104807$ & $0.180054$ & $-0.180555$ & $-0.355319$ & $-0.0440378$ & $-0.496678$ & $0.194759$ & $-0.565628$ & $-0.0194745$ \\
eHggpar & $0.0639292$ & $0.19889$ & $0.177351$ & $-0.0478341$ & $0.0348402$ & $-0.0827391$ & $-0.0941945$ & $-0.0571163$ & $-0.0629761$ & $0.0344941$ & $0.0499008$ & $1.02735e-06$ & $-0.00361073$ & $-0.0237076$ & $-0.0299798$ & $-0.00236061$ & $0.0206962$ & $0.0291441$ & $0.0106718$ & $-0.0462514$ & $-0.0486688$ & $-0.0497654$ & $-0.00746184$ & $0.0492321$ & $0.031821$ & $0.054985$ & $0.00611789$ & $0.0192379$ & $-0.0490649$ & $-0.0989873$ & $-0.0253229$ & $-0.10122$ & $-0.0842012$ & $-0.0141499$ & $-0.0877666$ & $1$ & $0.125589$ & $-0.13683$ & $0.0373285$ & $-0.171052$ & $0.270478$ & $-0.0217776$ & $0.441078$ & $0.141675$ & $-0.307974$ & $0.440702$ & $0.314271$ & $-0.167772$ & $-0.00617173$ \\
eHWWint & $-0.200248$ & $0.423296$ & $0.262859$ & $0.0821985$ & $-0.00791171$ & $-0.0787014$ & $-0.188497$ & $-0.0225934$ & $-0.0514806$ & $0.0386444$ & $0.000862503$ & $-0.0358248$ & $-0.0735802$ & $0.0307553$ & $-0.135371$ & $-0.131888$ & $0.0774202$ & $0.123231$ & $0.121368$ & $-0.0127282$ & $0.0194536$ & $0.0190586$ & $0.115421$ & $0.0229115$ & $0.188813$ & $-0.0320445$ & $0.262524$ & $0.00266941$ & $0.00448565$ & $-0.152715$ & $-0.147332$ & $-0.213681$ & $-0.133607$ & $0.117985$ & $0.182536$ & $0.125589$ & $1$ & $-0.0144959$ & $-0.0684653$ & $-0.220938$ & $0.216152$ & $0.071908$ & $-0.270969$ & $-0.0174722$ & $0.0119489$ & $-0.223133$ & $-0.328474$ & $-0.172229$ & $0.256068$ \\
eHWWpar & $-0.0659288$ & $-0.0185245$ & $0.036454$ & $0.109722$ & $0.0518683$ & $0.011916$ & $-0.073198$ & $0.063192$ & $0.0515087$ & $-0.0345401$ & $-0.0579836$ & $-0.0340874$ & $-0.0105316$ & $0.0116594$ & $-0.0599368$ & $-0.0632991$ & $0.0248612$ & $0.032295$ & $0.0363172$ & $0.0457977$ & $0.0710881$ & $0.0672876$ & $0.0418342$ & $-0.0442282$ & $0.0736677$ & $-0.01436$ & $0.202239$ & $-0.00344843$ & $-0.0014435$ & $0.00250716$ & $-0.00663782$ & $-0.0845747$ & $-0.0309377$ & $0.121384$ & $-0.0768877$ & $-0.13683$ & $-0.0144959$ & $1$ & $-0.11048$ & $-0.0216677$ & $-0.165207$ & $-0.0187907$ & $-0.23159$ & $0.141749$ & $0.173036$ & $-0.106512$ & $-0.245639$ & $0.0379946$ & $-0.0912343$ \\
eHZZint & $-0.13027$ & $0.255275$ & $0.0142012$ & $-0.394295$ & $-0.0117199$ & $0.0681776$ & $0.198119$ & $-0.12212$ & $-0.106736$ & $0.0650936$ & $0.127533$ & $0.0813249$ & $0.0165059$ & $-0.0465762$ & $0.0385587$ & $0.00664291$ & $-0.0571661$ & $-0.0473888$ & $-0.0187754$ & $-0.115526$ & $-0.137467$ & $-0.129742$ & $-0.0633771$ & $0.0482989$ & $-0.0722986$ & $0.0945401$ & $-0.212507$ & $-0.0204132$ & $-0.0119588$ & $0.00452388$ & $-0.0167238$ & $0.214307$ & $0.0489173$ & $-0.158707$ & $0.156397$ & $0.0373285$ & $-0.0684653$ & $-0.11048$ & $1$ & $0.132$ & $0.206226$ & $-0.0355491$ & $-0.067892$ & $-0.153644$ & $-0.416924$ & $-0.345402$ & $0.114042$ & $-0.115137$ & $0.298303$ \\
eHZZpar & $-0.0484572$ & $-0.133824$ & $-0.0686332$ & $-0.0268797$ & $0.00354832$ & $0.04194$ & $0.150621$ & $0.00744814$ & $0.0192866$ & $0.0382053$ & $-0.0178537$ & $0.0473192$ & $-0.0520097$ & $0.0313885$ & $0.0481388$ & $-0.0508012$ & $0.0193749$ & $-0.0145504$ & $0.0556949$ & $0.0169139$ & $0.0168617$ & $0.0135953$ & $-0.00300444$ & $0.00934013$ & $0.0432169$ & $0.002534$ & $0.0399922$ & $-0.0178146$ & $-0.0234395$ & $-0.000877151$ & $0.00366011$ & $0.156605$ & $-0.0116336$ & $-0.0459633$ & $0.184985$ & $-0.171052$ & $-0.220938$ & $-0.0216677$ & $0.132$ & $1$ & $-0.27683$ & $0.0495547$ & $-0.0397769$ & $-0.0833231$ & $-0.00285056$ & $-0.178072$ & $0.077808$ & $0.0285757$ & $-0.111592$ \\
eHZgaint & $0.23$ & $0.503848$ & $0.444829$ & $-0.371151$ & $-0.024513$ & $-0.0598715$ & $-0.141893$ & $-0.0940959$ & $-0.107766$ & $0.0421959$ & $0.0697221$ & $-0.0232315$ & $0.0453371$ & $0.00483447$ & $-0.0979647$ & $-0.00457906$ & $0.0431869$ & $0.103662$ & $0.0352292$ & $-0.0674745$ & $-0.0656044$ & $-0.0654129$ & $-0.0421462$ & $0.0680217$ & $0.0803626$ & $0.0965655$ & $0.0286408$ & $0.00481554$ & $0.0192938$ & $-0.0675894$ & $-0.0148094$ & $-0.147339$ & $-0.0276003$ & $0.0150251$ & $0.104807$ & $0.270478$ & $0.216152$ & $-0.165207$ & $0.206226$ & $-0.27683$ & $1$ & $-0.0265396$ & $0.022163$ & $-0.109547$ & $-0.240648$ & $-0.230343$ & $0.276989$ & $-0.383386$ & $0.260845$ \\
eHZgapar & $-0.107564$ & $-0.0742065$ & $-0.0829516$ & $0.108729$ & $0.0143339$ & $-0.0417873$ & $0.0742221$ & $0.0470574$ & $0.0473505$ & $-0.0414816$ & $-0.0527453$ & $-0.0440859$ & $-0.041723$ & $0.0316322$ & $0.0532195$ & $0.00666367$ & $0.014573$ & $-0.021694$ & $0.0129713$ & $0.0522771$ & $0.052157$ & $0.0476487$ & $-0.0259775$ & $-0.00360423$ & $0.0211551$ & $0.0139976$ & $0.046398$ & $0.0180826$ & $-0.040395$ & $-0.0736173$ & $-0.0731461$ & $0.0692913$ & $-0.0748514$ & $-0.00954878$ & $0.180054$ & $-0.0217776$ & $0.071908$ & $-0.0187907$ & $-0.0355491$ & $0.0495547$ & $-0.0265396$ & $1$ & $0.151659$ & $-0.0202965$ & $0.00769282$ & $-0.169364$ & $0.0190187$ & $-0.147327$ & $-0.0377365$ \\
eHgagaint & $-0.0111942$ & $-0.0736968$ & $-0.358623$ & $0.0243336$ & $0.00758295$ & $-0.0100596$ & $0.0208158$ & $-0.155557$ & $-0.139694$ & $0.0578179$ & $0.150685$ & $0.0723831$ & $-0.0290287$ & $-0.071944$ & $0.0839346$ & $0.0943929$ & $-0.0302056$ & $-0.0554123$ & $-0.064933$ & $-0.13097$ & $-0.174333$ & $-0.172141$ & $-0.104918$ & $0.0996963$ & $-0.112829$ & $0.111145$ & $-0.339342$ & $-0.0736301$ & $-0.0758252$ & $-0.00725155$ & $0.0500201$ & $0.0392215$ & $0.0380969$ & $-0.22112$ & $-0.180555$ & $0.441078$ & $-0.270969$ & $-0.23159$ & $-0.067892$ & $-0.0397769$ & $0.022163$ & $0.151659$ & $1$ & $0.0266594$ & $-0.148709$ & $0.375784$ & $0.341517$ & $-0.200326$ & $0.154609$ \\
eHmumuint & $-0.501682$ & $-0.188937$ & $0.023339$ & $0.376989$ & $-0.00229239$ & $-0.0349434$ & $-0.0220074$ & $0.0107571$ & $0.0170696$ & $-0.0990872$ & $0.0398429$ & $-0.0615129$ & $0.0218685$ & $-0.112316$ & $0.00243676$ & $0.0461977$ & $-0.0942725$ & $-0.0930855$ & $-0.122922$ & $-0.0357275$ & $-0.0398628$ & $-0.0381118$ & $-0.0898838$ & $-0.058196$ & $-0.11524$ & $0.0784762$ & $-0.0775$ & $-0.112498$ & $0.0604356$ & $-0.0103602$ & $-0.0788545$ & $-0.0432957$ & $0.0025451$ & $0.0133411$ & $-0.355319$ & $0.141675$ & $-0.0174722$ & $0.141749$ & $-0.153644$ & $-0.0833231$ & $-0.109547$ & $-0.0202965$ & $0.0266594$ & $1$ & $0.212807$ & $0.316999$ & $-0.40726$ & $0.381136$ & $0.0563807$ \\
eHtautauint & $-0.17821$ & $-0.271187$ & $0.027668$ & $0.0354372$ & $-0.0154595$ & $0.0107996$ & $-0.192204$ & $0.200933$ & $0.1838$ & $-0.116251$ & $-0.170505$ & $-0.107749$ & $0.0405091$ & $0.0314126$ & $-0.0336084$ & $0.0128314$ & $-0.0285474$ & $-0.0177616$ & $-0.0512894$ & $0.155979$ & $0.183498$ & $0.179883$ & $0.0502881$ & $-0.12837$ & $0.0075044$ & $-0.0897826$ & $0.246502$ & $0.0516304$ & $0.0694338$ & $-0.0290221$ & $-0.0204672$ & $-0.215754$ & $-0.0423239$ & $0.212813$ & $-0.0440378$ & $-0.307974$ & $0.0119489$ & $0.173036$ & $-0.416924$ & $-0.00285056$ & $-0.240648$ & $0.00769282$ & $-0.148709$ & $0.212807$ & $1$ & $-0.057955$ & $-0.286501$ & $0.0393103$ & $0.0138508$ \\
eHccint & $0.0639381$ & $-0.414947$ & $-0.192965$ & $0.380995$ & $0.0280619$ & $-0.0195135$ & $0.00299808$ & $0.0106688$ & $0.0211794$ & $-0.0351995$ & $0.00269992$ & $0.0144174$ & $0.00662641$ & $-0.0460897$ & $0.0580063$ & $0.0982359$ & $-0.022843$ & $-0.056473$ & $-0.0838644$ & $0.00499822$ & $-0.0136892$ & $-0.012562$ & $-0.00561701$ & $-0.00988322$ & $-0.107139$ & $-0.0425287$ & $-0.15256$ & $-0.0428059$ & $0.0146555$ & $0.089371$ & $0.109589$ & $0.0107456$ & $0.0942352$ & $-0.039236$ & $-0.496678$ & $0.440702$ & $-0.223133$ & $-0.106512$ & $-0.345402$ & $-0.178072$ & $-0.230343$ & $-0.169364$ & $0.375784$ & $0.316999$ & $-0.057955$ & $1$ & $0.276194$ & $0.340055$ & $-0.096045$ \\
eHccpar & $0.49471$ & $0.138223$ & $-0.0737605$ & $-0.270704$ & $0.000360016$ & $-0.0785395$ & $0.0176529$ & $-0.096335$ & $-0.0908148$ & $0.135204$ & $0.0308286$ & $0.101711$ & $0.00901385$ & $0.0636206$ & $-0.0322978$ & $-0.00586099$ & $0.139705$ & $0.136198$ & $0.113023$ & $-0.0283944$ & $-0.035131$ & $-0.0378659$ & $0.0270283$ & $0.128261$ & $0.118378$ & $0.00673799$ & $-0.0119775$ & $0.0257413$ & $-0.0489487$ & $0.074508$ & $0.195342$ & $0.0542082$ & $0.0785556$ & $-0.0459246$ & $0.194759$ & $0.314271$ & $-0.328474$ & $-0.245639$ & $0.114042$ & $0.077808$ & $0.276989$ & $0.0190187$ & $0.341517$ & $-0.40726$ & $-0.286501$ & $0.276194$ & $1$ & $-0.395738$ & $-0.0304183$ \\
eHbbint & $-0.0854728$ & $-0.51657$ & $0.0233455$ & $0.399666$ & $0.0111059$ & $0.0725936$ & $0.152037$ & $0.0617227$ & $0.0781667$ & $-0.057187$ & $-0.0315448$ & $-0.0333614$ & $0.0124871$ & $-0.0243355$ & $0.113968$ & $0.079628$ & $-0.0767515$ & $-0.121353$ & $-0.0947384$ & $0.0381876$ & $0.0205274$ & $0.022588$ & $-0.0507544$ & $-0.0566798$ & $-0.142876$ & $-0.0389171$ & $-0.154733$ & $-0.02175$ & $0.0311706$ & $0.04615$ & $-0.0215085$ & $0.136684$ & $0.056186$ & $-0.0634673$ & $-0.565628$ & $-0.167772$ & $-0.172229$ & $0.0379946$ & $-0.115137$ & $0.0285757$ & $-0.383386$ & $-0.147327$ & $-0.200326$ & $0.381136$ & $0.0393103$ & $0.340055$ & $-0.395738$ & $1$ & $-0.162647$ \\
eHbbpar & $-0.34978$ & $0.241046$ & $-0.156339$ & $-0.211212$ & $-0.00794894$ & $0.0457411$ & $0.0297737$ & $-0.22146$ & $-0.215228$ & $0.0249812$ & $0.21762$ & $0.0184632$ & $-0.057211$ & $-0.0910823$ & $-0.0250949$ & $0.0317328$ & $-0.0360629$ & $0.00912671$ & $-0.0360305$ & $-0.20056$ & $-0.231078$ & $-0.227201$ & $-0.132817$ & $0.102146$ & $-0.0702941$ & $0.184834$ & $-0.313212$ & $-0.159169$ & $0.050584$ & $-0.0390219$ & $-0.00751905$ & $0.0315917$ & $0.0880678$ & $-0.1788$ & $-0.0194745$ & $-0.00617173$ & $0.256068$ & $-0.0912343$ & $0.298303$ & $-0.111592$ & $0.260845$ & $-0.0377365$ & $0.154609$ & $0.0563807$ & $0.0138508$ & $-0.096045$ & $-0.0304183$ & $-0.162647$ & $1$ \\
