 & AlsMz & dAle5Mz & mtop & mHl & Mz & CW & CHG & CHWB & CHWHB_gaga & CHWHB_gagaorth & CHD & CHbox & CH & CHL1_11 & CHL1_22 & CHL1_33 & CHL3_11 & CHL3_22 & CHL3_33 & CHe_11 & CHe_22 & CHe_33 & CHQ1_11 & CHQ1_33 & CHQ3_11 & CHu_11 & CHd_11 & CHd_33 & CeH_22r & CeH_33r & CuH_22r & CuH_33r & CdH_33r & CLL_1221 & eHggint & eHggpar & eHWWint & eHWWpar & eHZZint & eHZZpar & eHZgaint & eHZgapar & eHgagaint & eHmumuint & eHtautauint & eHccint & eHccpar & eHbbint & eHbbpar \\
AlsMz & $1$ & $-0.458709$ & $0.0504472$ & $0.0823405$ & $-0.00639264$ & $-0.074689$ & $-0.0759874$ & $0.0245605$ & $0.0303746$ & $-0.0319014$ & $-0.0158585$ & $0.0822197$ & $0.0669556$ & $-0.00352146$ & $-0.0537803$ & $-0.0563195$ & $-0.00412329$ & $0.0195106$ & $0.020417$ & $0.00150372$ & $0.0141134$ & $0.0145758$ & $0.0502799$ & $-0.0420079$ & $-0.0139476$ & $-0.050589$ & $0.0952688$ & $0.0104431$ & $0.0470098$ & $0.102954$ & $0.0146863$ & $-0.0779903$ & $0.110062$ & $0.0555493$ & $-0.11681$ & $0.0758783$ & $-0.320374$ & $-0.0150248$ & $-0.270709$ & $-0.11801$ & $0.366167$ & $0.0802478$ & $0.075764$ & $-0.0325316$ & $0.135784$ & $-0.0770129$ & $-0.261149$ & $0.246334$ & $0.0584099$ \\
dAle5Mz & $-0.458709$ & $1$ & $-0.0401395$ & $0.0823735$ & $-0.0129441$ & $0.0256813$ & $-0.0419284$ & $-0.098639$ & $-0.109526$ & $0.0649529$ & $0.0529054$ & $-0.0515851$ & $-0.0646543$ & $0.0219525$ & $0.093729$ & $0.0613385$ & $0.0500125$ & $0.00450708$ & $0.02512$ & $-0.0280814$ & $-0.0524587$ & $-0.0593611$ & $-0.111447$ & $0.080558$ & $-0.00818861$ & $0.0732291$ & $-0.264959$ & $-0.0386186$ & $-0.0282072$ & $-0.0924519$ & $-0.0199928$ & $-0.0640361$ & $-0.134337$ & $-0.14362$ & $0.0918916$ & $0.0234369$ & $0.24549$ & $-0.0238338$ & $0.231786$ & $0.177414$ & $-0.338485$ & $-0.065991$ & $-0.109768$ & $0.154816$ & $-0.224041$ & $-0.183303$ & $0.404407$ & $-0.317689$ & $-0.18973$ \\
mtop & $0.0504472$ & $-0.0401395$ & $1$ & $0.0883934$ & $-0.0457691$ & $0.00333618$ & $-0.0462685$ & $0.000741818$ & $-0.00927973$ & $-0.00960203$ & $-0.0332414$ & $-0.0532531$ & $-0.0359098$ & $0.0668306$ & $-0.158265$ & $-0.118219$ & $0.0946695$ & $0.165669$ & $0.138878$ & $0.0189219$ & $0.0522015$ & $0.0575348$ & $0.0966952$ & $0.0353821$ & $0.194955$ & $-0.0303318$ & $0.304661$ & $0.0762651$ & $-0.0665226$ & $-0.0312144$ & $-0.000664546$ & $-0.0739882$ & $-0.0830053$ & $0.160187$ & $-0.274362$ & $0.046857$ & $-0.0154719$ & $-0.148598$ & $-0.0270068$ & $0.114765$ & $-0.00583542$ & $-0.0530052$ & $-0.177025$ & $-0.088768$ & $-0.0444956$ & $-0.371278$ & $-0.0700271$ & $0.180564$ & $-0.359994$ \\
mHl & $0.0823405$ & $0.0823735$ & $0.0883934$ & $1$ & $-0.0357448$ & $0.0525812$ & $-0.138955$ & $-0.069073$ & $-0.0655348$ & $-0.0353453$ & $0.0827462$ & $0.111066$ & $0.170221$ & $-0.0738807$ & $-0.038503$ & $0.0106274$ & $-0.0290419$ & $-0.0163717$ & $-0.0477962$ & $-0.0779605$ & $-0.0852184$ & $-0.0809942$ & $-0.143171$ & $-0.0052535$ & $-0.0641927$ & $0.139536$ & $-0.116669$ & $-0.0834366$ & $0.0196739$ & $0.17539$ & $0.11434$ & $-0.115573$ & $0.267962$ & $-0.0175176$ & $0.0420171$ & $-0.000504645$ & $-0.335216$ & $-0.00882173$ & $-0.354697$ & $-0.121924$ & $0.0459251$ & $0.0287228$ & $-0.205982$ & $-0.0840681$ & $0.144694$ & $0.171671$ & $0.00418779$ & $0.210937$ & $0.415744$ \\
Mz & $-0.00639264$ & $-0.0129441$ & $-0.0457691$ & $-0.0357448$ & $1$ & $0.0149291$ & $0.0190469$ & $-0.0112367$ & $-0.00823176$ & $-0.00282579$ & $0.0153327$ & $-0.044242$ & $-0.0292468$ & $0.0134636$ & $0.00248917$ & $-0.0316767$ & $-0.0058284$ & $-0.000589678$ & $0.0217351$ & $-0.00987356$ & $-0.00707161$ & $-0.00896102$ & $-0.0298728$ & $0.00587758$ & $0.00898497$ & $0.0235327$ & $0.00214734$ & $-0.00196362$ & $0.00162661$ & $-0.0273506$ & $-0.00682269$ & $0.0120363$ & $-0.0143202$ & $-0.0251291$ & $-0.0385075$ & $0.0796052$ & $-0.00994$ & $-0.00713557$ & $-0.0442451$ & $-0.00429008$ & $0.00696674$ & $-0.00157179$ & $0.0174981$ & $0.0056198$ & $-0.0323951$ & $-0.00879078$ & $-0.0599539$ & $0.0370267$ & $0.00800079$ \\
CW & $-0.074689$ & $0.0256813$ & $0.00333618$ & $0.0525812$ & $0.0149291$ & $1$ & $-0.00362303$ & $-0.0914886$ & $-0.0896071$ & $0.0305886$ & $0.198831$ & $0.0392954$ & $0.00971305$ & $-0.0614589$ & $-0.126836$ & $-0.121093$ & $-0.363772$ & $-0.152653$ & $-0.155491$ & $-0.197135$ & $-0.200206$ & $-0.201271$ & $0.00456028$ & $-0.113629$ & $-0.183931$ & $0.124164$ & $-0.0551317$ & $-0.0909594$ & $-0.00984792$ & $0.0270021$ & $0.0214084$ & $0.0068712$ & $0.0266495$ & $-0.097302$ & $-0.0621518$ & $-0.0208931$ & $0.000414461$ & $-0.0046532$ & $-0.0559626$ & $0.0361726$ & $-0.0442433$ & $-0.0282986$ & $-0.0324223$ & $0.0118119$ & $-0.0486765$ & $0.026793$ & $0.0536613$ & $-0.00266972$ & $0.0294607$ \\
CHG & $-0.0759874$ & $-0.0419284$ & $-0.0462685$ & $-0.138955$ & $0.0190469$ & $-0.00362303$ & $1$ & $-0.0407749$ & $-0.0191602$ & $0.200912$ & $0.0965698$ & $-0.631522$ & $-0.757841$ & $-0.130755$ & $-0.0775243$ & $-0.0361844$ & $-0.107715$ & $-0.0714127$ & $-0.0994497$ & $-0.0940437$ & $-0.094019$ & $-0.0908584$ & $-0.000997234$ & $-0.0401082$ & $-0.0748609$ & $0.0865382$ & $0.0363987$ & $-0.0347827$ & $-0.178524$ & $-0.606756$ & $-0.391519$ & $0.955742$ & $-0.625772$ & $0.0326109$ & $-0.0403689$ & $-0.0680474$ & $0.130818$ & $0.0464401$ & $0.150896$ & $0.0124291$ & $-0.127813$ & $-0.0273447$ & $0.0549369$ & $0.0393968$ & $-0.245485$ & $0.1702$ & $0.00321737$ & $0.0680111$ & $-0.0610423$ \\
CHWB & $0.0245605$ & $-0.098639$ & $0.000741818$ & $-0.069073$ & $-0.0112367$ & $-0.0914886$ & $-0.0407749$ & $1$ & $0.988636$ & $-0.500815$ & $-0.868034$ & $-0.085859$ & $-0.00627004$ & $0.288443$ & $0.476429$ & $0.499311$ & $-0.14793$ & $-0.356432$ & $-0.364483$ & $0.851817$ & $0.881361$ & $0.872025$ & $0.0406053$ & $-0.576453$ & $-0.336541$ & $-0.608978$ & $0.383469$ & $0.38336$ & $0.0346613$ & $-0.00586762$ & $-0.0105123$ & $-0.0646204$ & $0.00990386$ & $0.495012$ & $-0.164927$ & $0.150052$ & $0.0325127$ & $0.01827$ & $-0.0405236$ & $0.0127598$ & $-0.00334218$ & $0.0302528$ & $-0.0237955$ & $0.0510009$ & $-0.0302226$ & $-0.0559748$ & $0.00858259$ & $0.105157$ & $0.0445293$ \\
CHWHB_gaga & $0.0303746$ & $-0.109526$ & $-0.00927973$ & $-0.0655348$ & $-0.00823176$ & $-0.0896071$ & $-0.0191602$ & $0.988636$ & $1$ & $-0.493284$ & $-0.854656$ & $-0.0691036$ & $0.00472859$ & $0.278262$ & $0.471971$ & $0.49885$ & $-0.153353$ & $-0.359563$ & $-0.370363$ & $0.839144$ & $0.867188$ & $0.858157$ & $0.0348166$ & $-0.572344$ & $-0.342238$ & $-0.59651$ & $0.372407$ & $0.377482$ & $0.042605$ & $0.0147511$ & $0.00756081$ & $-0.0441427$ & $0.0341492$ & $0.48797$ & $-0.170244$ & $0.138021$ & $0.0215976$ & $0.0164056$ & $-0.0409537$ & $0.00547587$ & $-0.000863875$ & $0.0252494$ & $0.00968264$ & $0.0513523$ & $-0.0263652$ & $-0.0432912$ & $-0.0020831$ & $0.106568$ & $0.0490447$ \\
CHWHB_gagaorth & $-0.0319014$ & $0.0649529$ & $-0.00960203$ & $-0.0353453$ & $-0.00282579$ & $0.0305886$ & $0.200912$ & $-0.500815$ & $-0.493284$ & $1$ & $0.430784$ & $0.0224889$ & $-0.222452$ & $-0.138708$ & $-0.230959$ & $-0.243244$ & $0.0812519$ & $0.182224$ & $0.185971$ & $-0.421486$ & $-0.437732$ & $-0.434062$ & $0.00329995$ & $0.311644$ & $0.183256$ & $0.295466$ & $-0.171106$ & $-0.174262$ & $-0.0633389$ & $-0.200722$ & $-0.165738$ & $0.21279$ & $-0.225524$ & $-0.253335$ & $0.0836649$ & $-0.0583524$ & $0.0500811$ & $0.0105045$ & $0.0716642$ & $-0.0148033$ & $-0.0915005$ & $-0.00273229$ & $0.012992$ & $0.0173525$ & $-0.0594024$ & $0.0507293$ & $0.0683011$ & $-0.0435796$ & $-0.0152349$ \\
CHD & $-0.0158585$ & $0.0529054$ & $-0.0332414$ & $0.0827462$ & $0.0153327$ & $0.198831$ & $0.0965698$ & $-0.868034$ & $-0.854656$ & $0.430784$ & $1$ & $0.0704288$ & $-0.061974$ & $-0.688186$ & $-0.59839$ & $-0.599615$ & $-0.334675$ & $-0.0800858$ & $-0.0776509$ & $-0.995018$ & $-0.995449$ & $-0.983235$ & $0.0106477$ & $0.143197$ & $-0.124772$ & $0.681942$ & $-0.24667$ & $-0.456359$ & $-0.0329326$ & $-0.0563381$ & $-0.0476791$ & $0.120939$ & $-0.0722269$ & $-0.270069$ & $0.150788$ & $-0.173612$ & $-0.0330757$ & $0.00206504$ & $0.0827804$ & $-0.0655251$ & $0.0110288$ & $-0.0376109$ & $0.0552745$ & $0.00802892$ & $0.0125548$ & $0.125673$ & $0.010338$ & $-0.0540924$ & $-0.00223494$ \\
CHbox & $0.0822197$ & $-0.0515851$ & $-0.0532531$ & $0.111066$ & $-0.044242$ & $0.0392954$ & $-0.631522$ & $-0.085859$ & $-0.0691036$ & $0.0224889$ & $0.0704288$ & $1$ & $0.847416$ & $-0.00991283$ & $0.0472171$ & $0.0202205$ & $0.00443607$ & $-0.0129749$ & $0.00743973$ & $-0.0637443$ & $-0.0814692$ & $-0.0810024$ & $-0.0717559$ & $0.0491171$ & $-0.0307977$ & $0.0625697$ & $-0.191882$ & $-0.0670642$ & $0.200357$ & $0.677477$ & $0.396185$ & $-0.53415$ & $0.678159$ & $-0.135259$ & $0.175913$ & $-0.0387678$ & $-0.268512$ & $-0.0770584$ & $-0.118982$ & $-0.0605586$ & $0.0921021$ & $0.0367047$ & $-0.0175197$ & $-0.0937867$ & $0.251154$ & $0.00953743$ & $-0.111623$ & $-0.0391915$ & $0.0155927$ \\
CH & $0.0669556$ & $-0.0646543$ & $-0.0359098$ & $0.170221$ & $-0.0292468$ & $0.00971305$ & $-0.757841$ & $-0.00627004$ & $0.00472859$ & $-0.222452$ & $-0.061974$ & $0.847416$ & $1$ & $0.131068$ & $0.0980708$ & $0.0618442$ & $0.121337$ & $0.0792321$ & $0.104636$ & $0.0631541$ & $0.0516637$ & $0.0526483$ & $-0.046978$ & $0.0894917$ & $0.0686431$ & $-0.036321$ & $-0.134087$ & $-0.00166428$ & $0.215432$ & $0.759295$ & $0.485218$ & $-0.67071$ & $0.781684$ & $-0.100929$ & $0.109374$ & $0.00783267$ & $-0.229833$ & $-0.0901377$ & $-0.197144$ & $-0.0775677$ & $0.115617$ & $0.0586226$ & $-0.0605495$ & $-0.0623669$ & $0.301567$ & $-0.069429$ & $-0.0771689$ & $-0.0625018$ & $0.111238$ \\
CHL1_11 & $-0.00352146$ & $0.0219525$ & $0.0668306$ & $-0.0738807$ & $0.0134636$ & $-0.0614589$ & $-0.130755$ & $0.288443$ & $0.278262$ & $-0.138708$ & $-0.688186$ & $-0.00991283$ & $0.131068$ & $1$ & $0.424449$ & $0.408426$ & $0.67877$ & $0.622364$ & $0.619273$ & $0.697257$ & $0.663772$ & $0.651465$ & $-0.0685022$ & $0.469764$ & $0.644197$ & $-0.451117$ & $-0.05098$ & $0.331797$ & $0.00598121$ & $0.121299$ & $0.103434$ & $-0.142219$ & $0.127912$ & $-0.187784$ & $-0.0890555$ & $0.136$ & $0.0197368$ & $-0.0364589$ & $-0.119271$ & $0.111033$ & $-0.00646039$ & $0.0133067$ & $-0.0617828$ & $-0.0828993$ & $0.00867821$ & $-0.170137$ & $-0.0369891$ & $-0.0246854$ & $-0.058271$ \\
CHL1_22 & $-0.0537803$ & $0.093729$ & $-0.158265$ & $-0.038503$ & $0.00248917$ & $-0.126836$ & $-0.0775243$ & $0.476429$ & $0.471971$ & $-0.230959$ & $-0.59839$ & $0.0472171$ & $0.0980708$ & $0.424449$ & $1$ & $0.516893$ & $0.237522$ & $-0.275824$ & $0.0571246$ & $0.638327$ & $0.547945$ & $0.5387$ & $-0.119616$ & $0.0735551$ & $0.0129951$ & $-0.381716$ & $-0.275628$ & $0.23854$ & $0.0291395$ & $0.0950808$ & $0.0835386$ & $-0.0759938$ & $0.108078$ & $-0.488677$ & $-0.0376531$ & $0.00418863$ & $-0.0404257$ & $0.00582249$ & $-0.00869084$ & $0.0383168$ & $-0.092731$ & $-0.0108348$ & $0.000896597$ & $0.00229573$ & $0.0875892$ & $-0.0489868$ & $0.0381568$ & $-0.0769116$ & $0.0522305$ \\
CHL1_33 & $-0.0563195$ & $0.0613385$ & $-0.118219$ & $0.0106274$ & $-0.0316767$ & $-0.121093$ & $-0.0361844$ & $0.499311$ & $0.49885$ & $-0.243244$ & $-0.599615$ & $0.0202205$ & $0.0618442$ & $0.408426$ & $0.516893$ & $1$ & $0.197446$ & $0.0249567$ & $-0.286162$ & $0.637052$ & $0.552476$ & $0.565968$ & $-0.119226$ & $0.0452499$ & $-0.00675368$ & $-0.368369$ & $-0.219593$ & $0.240076$ & $0.0091048$ & $0.0702522$ & $0.0792047$ & $-0.034461$ & $0.0899881$ & $0.0212908$ & $-0.0430512$ & $0.0416139$ & $-0.00267076$ & $0.0101715$ & $-0.0422393$ & $0.0343728$ & $-0.0484474$ & $0.0315119$ & $-0.0410901$ & $-0.00603213$ & $0.0839616$ & $-0.00116911$ & $0.0102016$ & $-0.0316116$ & $0.0617577$ \\
CHL3_11 & $-0.00412329$ & $0.0500125$ & $0.0946695$ & $-0.0290419$ & $-0.0058284$ & $-0.363772$ & $-0.107715$ & $-0.14793$ & $-0.153353$ & $0.0812519$ & $-0.334675$ & $0.00443607$ & $0.121337$ & $0.67877$ & $0.237522$ & $0.197446$ & $1$ & $0.805382$ & $0.816785$ & $0.344782$ & $0.313009$ & $0.308289$ & $-0.0691399$ & $0.742906$ & $0.864804$ & $-0.203513$ & $-0.135648$ & $0.179042$ & $0.0060446$ & $0.104308$ & $0.0994387$ & $-0.114244$ & $0.106537$ & $-0.253361$ & $0.0198178$ & $0.067092$ & $0.0103988$ & $-0.0310213$ & $-0.0731309$ & $0.0904196$ & $-0.00558492$ & $0.031295$ & $-0.0614574$ & $-0.111476$ & $0.0215454$ & $-0.133418$ & $-0.0434942$ & $-0.0718006$ & $-0.0836118$ \\
CHL3_22 & $0.0195106$ & $0.00450708$ & $0.165669$ & $-0.0163717$ & $-0.000589678$ & $-0.152653$ & $-0.0714127$ & $-0.356432$ & $-0.359563$ & $0.182224$ & $-0.0800858$ & $-0.0129749$ & $0.0792321$ & $0.622364$ & $-0.275824$ & $0.0249567$ & $0.805382$ & $1$ & $0.773797$ & $0.0781682$ & $0.0764696$ & $0.0762118$ & $-0.0258262$ & $0.726883$ & $0.864222$ & $-0.0386366$ & $-0.04174$ & $0.0812266$ & $-0.0172948$ & $0.0700109$ & $0.0685444$ & $-0.0772863$ & $0.0663727$ & $-0.0472615$ & $0.0152725$ & $0.0743607$ & $0.0291254$ & $-0.0417227$ & $-0.0954482$ & $0.0859662$ & $0.0415284$ & $0.0284234$ & $-0.0700488$ & $-0.116222$ & $-0.0193907$ & $-0.118228$ & $-0.0677172$ & $-0.031701$ & $-0.105707$ \\
CHL3_33 & $0.020417$ & $0.02512$ & $0.138878$ & $-0.0477962$ & $0.0217351$ & $-0.155491$ & $-0.0994497$ & $-0.364483$ & $-0.370363$ & $0.185971$ & $-0.0776509$ & $0.00743973$ & $0.104636$ & $0.619273$ & $0.0571246$ & $-0.286162$ & $0.816785$ & $0.773797$ & $1$ & $0.0774931$ & $0.072641$ & $0.070201$ & $-0.0287827$ & $0.731004$ & $0.864397$ & $-0.0444527$ & $-0.0713323$ & $0.0814255$ & $-0.00400974$ & $0.0840974$ & $0.069447$ & $-0.105287$ & $0.0782082$ & $-0.393535$ & $0.0193985$ & $0.0528197$ & $0.00676378$ & $-0.043853$ & $-0.0734185$ & $0.088267$ & $0.0126538$ & $0.00201971$ & $-0.0457994$ & $-0.110396$ & $-0.0181967$ & $-0.149645$ & $-0.0439968$ & $-0.0592345$ & $-0.108659$ \\
CHe_11 & $0.00150372$ & $-0.0280814$ & $0.0189219$ & $-0.0779605$ & $-0.00987356$ & $-0.197135$ & $-0.0940437$ & $0.851817$ & $0.839144$ & $-0.421486$ & $-0.995018$ & $-0.0637443$ & $0.0631541$ & $0.697257$ & $0.638327$ & $0.637052$ & $0.344782$ & $0.0781682$ & $0.0774931$ & $1$ & $0.985999$ & $0.974101$ & $-0.0269877$ & $-0.110755$ & $0.132582$ & $-0.673526$ & $0.195764$ & $0.451772$ & $0.0313485$ & $0.058762$ & $0.05332$ & $-0.117357$ & $0.0749625$ & $0.214552$ & $-0.143871$ & $0.163823$ & $0.0301893$ & $-0.00231682$ & $-0.0798916$ & $0.0686409$ & $-0.0251239$ & $0.0359771$ & $-0.0596686$ & $-0.00698278$ & $-0.00659782$ & $-0.123975$ & $-0.00300641$ & $0.0401818$ & $0.00503444$ \\
CHe_22 & $0.0141134$ & $-0.0524587$ & $0.0522015$ & $-0.0852184$ & $-0.00707161$ & $-0.200206$ & $-0.094019$ & $0.881361$ & $0.867188$ & $-0.437732$ & $-0.995449$ & $-0.0814692$ & $0.0516637$ & $0.663772$ & $0.547945$ & $0.552476$ & $0.313009$ & $0.0764696$ & $0.072641$ & $0.985999$ & $1$ & $0.985545$ & $0.00398399$ & $-0.184158$ & $0.109441$ & $-0.683037$ & $0.300458$ & $0.457482$ & $0.0322803$ & $0.0449802$ & $0.0375131$ & $-0.120937$ & $0.0594841$ & $0.332662$ & $-0.156535$ & $0.184663$ & $0.043439$ & $-0.00238846$ & $-0.0782963$ & $0.0656301$ & $-0.00839408$ & $0.0377928$ & $-0.0573948$ & $-0.00221443$ & $-0.028542$ & $-0.132073$ & $-0.00642652$ & $0.0633809$ & $-0.0061642$ \\
CHe_33 & $0.0145758$ & $-0.0593611$ & $0.0575348$ & $-0.0809942$ & $-0.00896102$ & $-0.201271$ & $-0.0908584$ & $0.872025$ & $0.858157$ & $-0.434062$ & $-0.983235$ & $-0.0810024$ & $0.0526483$ & $0.651465$ & $0.5387$ & $0.565968$ & $0.308289$ & $0.0762118$ & $0.070201$ & $0.974101$ & $0.985545$ & $1$ & $-0.000719332$ & $-0.182122$ & $0.107909$ & $-0.67162$ & $0.2997$ & $0.459314$ & $0.0307241$ & $0.0457551$ & $0.036858$ & $-0.116758$ & $0.0628432$ & $0.335657$ & $-0.155443$ & $0.183055$ & $0.0430536$ & $-0.00151722$ & $-0.0835477$ & $0.0694788$ & $-0.00718923$ & $0.0445926$ & $-0.0624442$ & $-0.00417635$ & $-0.030603$ & $-0.130406$ & $-0.00534228$ & $0.0637952$ & $-0.00116449$ \\
CHQ1_11 & $0.0502799$ & $-0.111447$ & $0.0966952$ & $-0.143171$ & $-0.0298728$ & $0.00456028$ & $-0.000997234$ & $0.0406053$ & $0.0348166$ & $0.00329995$ & $0.0106477$ & $-0.0717559$ & $-0.046978$ & $-0.0685022$ & $-0.119616$ & $-0.119226$ & $-0.0691399$ & $-0.0258262$ & $-0.0287827$ & $-0.0269877$ & $0.00398399$ & $-0.000719332$ & $1$ & $-0.108733$ & $0.026499$ & $-0.603633$ & $0.319458$ & $0.0128988$ & $-0.0121239$ & $-0.0341939$ & $-0.0359633$ & $-0.0107417$ & $-0.0504936$ & $0.152241$ & $-0.0719369$ & $0.0745459$ & $0.117894$ & $-0.0360467$ & $-0.0193522$ & $0.0254465$ & $-0.00844472$ & $0.00283634$ & $-0.0165467$ & $-0.0139939$ & $-0.076459$ & $-0.0298452$ & $-0.0152196$ & $0.0389372$ & $-0.00417186$ \\
CHQ1_33 & $-0.0420079$ & $0.080558$ & $0.0353821$ & $-0.0052535$ & $0.00587758$ & $-0.113629$ & $-0.0401082$ & $-0.576453$ & $-0.572344$ & $0.311644$ & $0.143197$ & $0.0491171$ & $0.0894917$ & $0.469764$ & $0.0735551$ & $0.0452499$ & $0.742906$ & $0.726883$ & $0.731004$ & $-0.110755$ & $-0.184158$ & $-0.182122$ & $-0.108733$ & $1$ & $0.769783$ & $0.135665$ & $-0.371349$ & $0.0378379$ & $-0.0143455$ & $0.0861287$ & $0.101755$ & $-0.028516$ & $0.0840949$ & $-0.596089$ & $0.0794315$ & $-0.0238127$ & $-0.028528$ & $-0.0536141$ & $-0.0523741$ & $0.0703165$ & $-0.0291432$ & $0.00263021$ & $-0.0212975$ & $-0.0959511$ & $0.0492714$ & $-0.0621473$ & $-0.04451$ & $-0.0997539$ & $-0.0742644$ \\
CHQ3_11 & $-0.0139476$ & $-0.00818861$ & $0.194955$ & $-0.0641927$ & $0.00898497$ & $-0.183931$ & $-0.0748609$ & $-0.336541$ & $-0.342238$ & $0.183256$ & $-0.124772$ & $-0.0307977$ & $0.0686431$ & $0.644197$ & $0.0129951$ & $-0.00675368$ & $0.864804$ & $0.864222$ & $0.864397$ & $0.132582$ & $0.109441$ & $0.107909$ & $0.026499$ & $0.769783$ & $1$ & $-0.0773418$ & $0.0831685$ & $0.102917$ & $-0.021563$ & $0.0596197$ & $0.0676678$ & $-0.0862734$ & $0.0520862$ & $-0.297259$ & $-0.00649297$ & $0.0824232$ & $0.0508031$ & $-0.0532689$ & $-0.0843797$ & $0.0933256$ & $0.00513194$ & $0.0265697$ & $-0.0628592$ & $-0.104694$ & $-0.049803$ & $-0.15307$ & $-0.0502671$ & $-0.0226534$ & $-0.136158$ \\
CHu_11 & $-0.050589$ & $0.0732291$ & $-0.0303318$ & $0.139536$ & $0.0235327$ & $0.124164$ & $0.0865382$ & $-0.608978$ & $-0.59651$ & $0.295466$ & $0.681942$ & $0.0625697$ & $-0.036321$ & $-0.451117$ & $-0.381716$ & $-0.368369$ & $-0.203513$ & $-0.0386366$ & $-0.0444527$ & $-0.673526$ & $-0.683037$ & $-0.67162$ & $-0.603633$ & $0.135665$ & $-0.0773418$ & $1$ & $-0.203443$ & $-0.320396$ & $-0.0426617$ & $-0.0357831$ & $-0.0249678$ & $0.105784$ & $-0.0464827$ & $-0.223961$ & $0.136791$ & $-0.148089$ & $-0.0830314$ & $-0.000476898$ & $0.0606062$ & $-0.0675036$ & $0.0134893$ & $-0.0203126$ & $0.0515221$ & $0.0315247$ & $0.0124583$ & $0.0856174$ & $0.0200184$ & $-0.0187802$ & $-0.0293131$ \\
CHd_11 & $0.0952688$ & $-0.264959$ & $0.304661$ & $-0.116669$ & $0.00214734$ & $-0.0551317$ & $0.0363987$ & $0.383469$ & $0.372407$ & $-0.171106$ & $-0.24667$ & $-0.191882$ & $-0.134087$ & $-0.05098$ & $-0.275628$ & $-0.219593$ & $-0.135648$ & $-0.04174$ & $-0.0713323$ & $0.195764$ & $0.300458$ & $0.2997$ & $0.319458$ & $-0.371349$ & $0.0831685$ & $-0.203443$ & $1$ & $0.143508$ & $-0.0154915$ & $-0.126839$ & $-0.09964$ & $-0.00174122$ & $-0.138222$ & $0.637581$ & $-0.167541$ & $0.197406$ & $0.106687$ & $-0.0409352$ & $-0.0525239$ & $-0.00485385$ & $0.0639435$ & $0.0528351$ & $-0.0197362$ & $0.0532253$ & $-0.206901$ & $-0.102666$ & $-0.0375642$ & $0.237123$ & $-0.107212$ \\
CHd_33 & $0.0104431$ & $-0.0386186$ & $0.0762651$ & $-0.0834366$ & $-0.00196362$ & $-0.0909594$ & $-0.0347827$ & $0.38336$ & $0.377482$ & $-0.174262$ & $-0.456359$ & $-0.0670642$ & $-0.00166428$ & $0.331797$ & $0.23854$ & $0.240076$ & $0.179042$ & $0.0812266$ & $0.0814255$ & $0.451772$ & $0.457482$ & $0.459314$ & $0.0128988$ & $0.0378379$ & $0.102917$ & $-0.320396$ & $0.143508$ & $1$ & $0.0195046$ & $-0.0187465$ & $0.0188415$ & $-0.0576911$ & $-0.0113989$ & $0.143265$ & $-0.0683925$ & $0.0426184$ & $0.0626303$ & $-0.00666085$ & $-0.0302026$ & $0.0609122$ & $-0.0128384$ & $0.00780066$ & $-0.00797114$ & $-0.0364132$ & $-0.0337673$ & $-0.0563038$ & $0.00999264$ & $0.0172142$ & $-0.0511135$ \\
CeH_22r & $0.0470098$ & $-0.0282072$ & $-0.0665226$ & $0.0196739$ & $0.00162661$ & $-0.00984792$ & $-0.178524$ & $0.0346613$ & $0.042605$ & $-0.0633389$ & $-0.0329326$ & $0.200357$ & $0.215432$ & $0.00598121$ & $0.0291395$ & $0.0091048$ & $0.0060446$ & $-0.0172948$ & $-0.00400974$ & $0.0313485$ & $0.0322803$ & $0.0307241$ & $-0.0121239$ & $-0.0143455$ & $-0.021563$ & $-0.0426617$ & $-0.0154915$ & $0.0195046$ & $1$ & $0.191068$ & $0.14203$ & $-0.169076$ & $0.206119$ & $0.00793222$ & $-0.0104366$ & $0.0414501$ & $-0.0456436$ & $-0.0292013$ & $-0.00967338$ & $0.000320796$ & $0.0979441$ & $0.0114205$ & $0.0185016$ & $0.0045174$ & $0.109507$ & $-0.0126009$ & $-0.042858$ & $-0.0187799$ & $0.0410188$ \\
CeH_33r & $0.102954$ & $-0.0924519$ & $-0.0312144$ & $0.17539$ & $-0.0273506$ & $0.0270021$ & $-0.606756$ & $-0.00586762$ & $0.0147511$ & $-0.200722$ & $-0.0563381$ & $0.677477$ & $0.759295$ & $0.121299$ & $0.0950808$ & $0.0702522$ & $0.104308$ & $0.0700109$ & $0.0840974$ & $0.058762$ & $0.0449802$ & $0.0457551$ & $-0.0341939$ & $0.0861287$ & $0.0596197$ & $-0.0357831$ & $-0.126839$ & $-0.0187465$ & $0.191068$ & $1$ & $0.547427$ & $-0.473979$ & $0.869362$ & $-0.102565$ & $0.0344938$ & $0.00313182$ & $-0.230917$ & $-0.0871533$ & $-0.192037$ & $-0.0731407$ & $0.0999358$ & $0.0352084$ & $-0.0259525$ & $-0.068619$ & $0.265333$ & $-0.0532014$ & $-0.0836665$ & $-0.00976409$ & $0.144613$ \\
CuH_22r & $0.0146863$ & $-0.0199928$ & $-0.000664546$ & $0.11434$ & $-0.00682269$ & $0.0214084$ & $-0.391519$ & $-0.0105123$ & $0.00756081$ & $-0.165738$ & $-0.0476791$ & $0.396185$ & $0.485218$ & $0.103434$ & $0.0835386$ & $0.0792047$ & $0.0994387$ & $0.0685444$ & $0.069447$ & $0.05332$ & $0.0375131$ & $0.036858$ & $-0.0359633$ & $0.101755$ & $0.0676678$ & $-0.0249678$ & $-0.09964$ & $0.0188415$ & $0.14203$ & $0.547427$ & $1$ & $-0.290164$ & $0.587752$ & $-0.0894215$ & $0.000206531$ & $-0.00657891$ & $-0.103042$ & $-0.058355$ & $-0.102632$ & $-0.0151499$ & $0.0323907$ & $0.0151866$ & $-0.0149841$ & $-0.0242424$ & $0.193576$ & $-0.0636382$ & $0.0235738$ & $-0.0779551$ & $0.0952146$ \\
CuH_33r & $-0.0779903$ & $-0.0640361$ & $-0.0739882$ & $-0.115573$ & $0.0120363$ & $0.0068712$ & $0.955742$ & $-0.0646204$ & $-0.0441427$ & $0.21279$ & $0.120939$ & $-0.53415$ & $-0.67071$ & $-0.142219$ & $-0.0759938$ & $-0.034461$ & $-0.114244$ & $-0.0772863$ & $-0.105287$ & $-0.117357$ & $-0.120937$ & $-0.116758$ & $-0.0107417$ & $-0.028516$ & $-0.0862734$ & $0.105784$ & $-0.00174122$ & $-0.0576911$ & $-0.169076$ & $-0.473979$ & $-0.290164$ & $1$ & $-0.469604$ & $0.00642259$ & $0.000275256$ & $-0.0948495$ & $0.0913735$ & $0.0284581$ & $0.142548$ & $-0.00320331$ & $-0.119409$ & $-0.0276671$ & $0.0617626$ & $0.0162573$ & $-0.211412$ & $0.191295$ & $-0.00830057$ & $0.0486701$ & $-0.0381137$ \\
CdH_33r & $0.110062$ & $-0.134337$ & $-0.0830053$ & $0.267962$ & $-0.0143202$ & $0.0266495$ & $-0.625772$ & $0.00990386$ & $0.0341492$ & $-0.225524$ & $-0.0722269$ & $0.678159$ & $0.781684$ & $0.127912$ & $0.108078$ & $0.0899881$ & $0.106537$ & $0.0663727$ & $0.0782082$ & $0.0749625$ & $0.0594841$ & $0.0628432$ & $-0.0504936$ & $0.0840949$ & $0.0520862$ & $-0.0464827$ & $-0.138222$ & $-0.0113989$ & $0.206119$ & $0.869362$ & $0.587752$ & $-0.469604$ & $1$ & $-0.100593$ & $-0.000158784$ & $0.0495613$ & $-0.272368$ & $-0.0894057$ & $-0.275787$ & $-0.0961463$ & $0.0950733$ & $0.0565376$ & $-0.0445716$ & $-0.0701426$ & $0.316438$ & $-0.0329151$ & $-0.0932388$ & $0.0331725$ & $0.317166$ \\
CLL_1221 & $0.0555493$ & $-0.14362$ & $0.160187$ & $-0.0175176$ & $-0.0251291$ & $-0.097302$ & $0.0326109$ & $0.495012$ & $0.48797$ & $-0.253335$ & $-0.270069$ & $-0.135259$ & $-0.100929$ & $-0.187784$ & $-0.488677$ & $0.0212908$ & $-0.253361$ & $-0.0472615$ & $-0.393535$ & $0.214552$ & $0.332662$ & $0.335657$ & $0.152241$ & $-0.596089$ & $-0.297259$ & $-0.223961$ & $0.637581$ & $0.143265$ & $0.00793222$ & $-0.102565$ & $-0.0894215$ & $0.00642259$ & $-0.100593$ & $1$ & $-0.103211$ & $0.138843$ & $0.0826435$ & $0.0153241$ & $-0.0119801$ & $-0.0205957$ & $0.0691667$ & $0.0476471$ & $-0.0303206$ & $0.0462163$ & $-0.119675$ & $-0.00787175$ & $-0.0139795$ & $0.157422$ & $-0.0177552$ \\
eHggint & $-0.11681$ & $0.0918916$ & $-0.274362$ & $0.0420171$ & $-0.0385075$ & $-0.0621518$ & $-0.0403689$ & $-0.164927$ & $-0.170244$ & $0.0836649$ & $0.150788$ & $0.175913$ & $0.109374$ & $-0.0890555$ & $-0.0376531$ & $-0.0430512$ & $0.0198178$ & $0.0152725$ & $0.0193985$ & $-0.143871$ & $-0.156535$ & $-0.155443$ & $-0.0719369$ & $0.0794315$ & $-0.00649297$ & $0.136791$ & $-0.167541$ & $-0.0683925$ & $-0.0104366$ & $0.0344938$ & $0.000206531$ & $0.000275256$ & $-0.000158784$ & $-0.103211$ & $1$ & $-0.478112$ & $0.0344736$ & $0.112771$ & $0.328671$ & $0.00683043$ & $0.0239342$ & $-0.0668981$ & $-0.113614$ & $-1.95704e-05$ & $0.150143$ & $0.270572$ & $0.258597$ & $-0.472909$ & $-0.00898557$ \\
eHggpar & $0.0758783$ & $0.0234369$ & $0.046857$ & $-0.000504645$ & $0.0796052$ & $-0.0208931$ & $-0.0680474$ & $0.150052$ & $0.138021$ & $-0.0583524$ & $-0.173612$ & $-0.0387678$ & $0.00783267$ & $0.136$ & $0.00418863$ & $0.0416139$ & $0.067092$ & $0.0743607$ & $0.0528197$ & $0.163823$ & $0.184663$ & $0.183055$ & $0.0745459$ & $-0.0238127$ & $0.0824232$ & $-0.148089$ & $0.197406$ & $0.0426184$ & $0.0414501$ & $0.00313182$ & $-0.00657891$ & $-0.0948495$ & $0.0495613$ & $0.138843$ & $-0.478112$ & $1$ & $0.218657$ & $-0.119099$ & $-0.336617$ & $0.0312584$ & $0.100244$ & $0.154806$ & $-0.183728$ & $0.10961$ & $-0.0971275$ & $-0.369697$ & $-0.163547$ & $0.45436$ & $0.14973$ \\
eHWWint & $-0.320374$ & $0.24549$ & $-0.0154719$ & $-0.335216$ & $-0.00994$ & $0.000414461$ & $0.130818$ & $0.0325127$ & $0.0215976$ & $0.0500811$ & $-0.0330757$ & $-0.268512$ & $-0.229833$ & $0.0197368$ & $-0.0404257$ & $-0.00267076$ & $0.0103988$ & $0.0291254$ & $0.00676378$ & $0.0301893$ & $0.043439$ & $0.0430536$ & $0.117894$ & $-0.028528$ & $0.0508031$ & $-0.0830314$ & $0.106687$ & $0.0626303$ & $-0.0456436$ & $-0.230917$ & $-0.103042$ & $0.0913735$ & $-0.272368$ & $0.0826435$ & $0.0344736$ & $0.218657$ & $1$ & $-0.0285966$ & $0.372761$ & $0.218157$ & $0.162529$ & $-0.037449$ & $0.0226007$ & $0.0861299$ & $-0.104037$ & $-0.181335$ & $0.434401$ & $-0.317007$ & $-0.0856797$ \\
eHWWpar & $-0.0150248$ & $-0.0238338$ & $-0.148598$ & $-0.00882173$ & $-0.00713557$ & $-0.0046532$ & $0.0464401$ & $0.01827$ & $0.0164056$ & $0.0105045$ & $0.00206504$ & $-0.0770584$ & $-0.0901377$ & $-0.0364589$ & $0.00582249$ & $0.0101715$ & $-0.0310213$ & $-0.0417227$ & $-0.043853$ & $-0.00231682$ & $-0.00238846$ & $-0.00151722$ & $-0.0360467$ & $-0.0536141$ & $-0.0532689$ & $-0.000476898$ & $-0.0409352$ & $-0.00666085$ & $-0.0292013$ & $-0.0871533$ & $-0.058355$ & $0.0284581$ & $-0.0894057$ & $0.0153241$ & $0.112771$ & $-0.119099$ & $-0.0285966$ & $1$ & $0.0555722$ & $-0.080371$ & $-0.035003$ & $-0.00773443$ & $0.0775164$ & $-0.0189513$ & $0.0507571$ & $0.143296$ & $0.0490223$ & $0.0170816$ & $0.0471037$ \\
eHZZint & $-0.270709$ & $0.231786$ & $-0.0270068$ & $-0.354697$ & $-0.0442451$ & $-0.0559626$ & $0.150896$ & $-0.0405236$ & $-0.0409537$ & $0.0716642$ & $0.0827804$ & $-0.118982$ & $-0.197144$ & $-0.119271$ & $-0.00869084$ & $-0.0422393$ & $-0.0731309$ & $-0.0954482$ & $-0.0734185$ & $-0.0798916$ & $-0.0782963$ & $-0.0835477$ & $-0.0193522$ & $-0.0523741$ & $-0.0843797$ & $0.0606062$ & $-0.0525239$ & $-0.0302026$ & $-0.00967338$ & $-0.192037$ & $-0.102632$ & $0.142548$ & $-0.275787$ & $-0.0119801$ & $0.328671$ & $-0.336617$ & $0.372761$ & $0.0555722$ & $1$ & $0.0351675$ & $0.209191$ & $-0.159115$ & $0.252406$ & $0.249889$ & $0.00806657$ & $0.038179$ & $0.245401$ & $-0.376502$ & $-0.328373$ \\
eHZZpar & $-0.11801$ & $0.177414$ & $0.114765$ & $-0.121924$ & $-0.00429008$ & $0.0361726$ & $0.0124291$ & $0.0127598$ & $0.00547587$ & $-0.0148033$ & $-0.0655251$ & $-0.0605586$ & $-0.0775677$ & $0.111033$ & $0.0383168$ & $0.0343728$ & $0.0904196$ & $0.0859662$ & $0.088267$ & $0.0686409$ & $0.0656301$ & $0.0694788$ & $0.0254465$ & $0.0703165$ & $0.0933256$ & $-0.0675036$ & $-0.00485385$ & $0.0609122$ & $0.000320796$ & $-0.0731407$ & $-0.0151499$ & $-0.00320331$ & $-0.0961463$ & $-0.0205957$ & $0.00683043$ & $0.0312584$ & $0.218157$ & $-0.080371$ & $0.0351675$ & $1$ & $-0.0442388$ & $-0.07129$ & $0.00499555$ & $-0.120227$ & $-0.142509$ & $-0.127598$ & $0.132627$ & $-0.142925$ & $-0.206684$ \\
eHZgaint & $0.366167$ & $-0.338485$ & $-0.00583542$ & $0.0459251$ & $0.00696674$ & $-0.0442433$ & $-0.127813$ & $-0.00334218$ & $-0.000863875$ & $-0.0915005$ & $0.0110288$ & $0.0921021$ & $0.115617$ & $-0.00646039$ & $-0.092731$ & $-0.0484474$ & $-0.00558492$ & $0.0415284$ & $0.0126538$ & $-0.0251239$ & $-0.00839408$ & $-0.00718923$ & $-0.00844472$ & $-0.0291432$ & $0.00513194$ & $0.0134893$ & $0.0639435$ & $-0.0128384$ & $0.0979441$ & $0.0999358$ & $0.0323907$ & $-0.119409$ & $0.0950733$ & $0.0691667$ & $0.0239342$ & $0.100244$ & $0.162529$ & $-0.035003$ & $0.209191$ & $-0.0442388$ & $1$ & $-0.0144325$ & $0.17696$ & $0.0699991$ & $0.29223$ & $-0.0518468$ & $-0.151401$ & $0.00086502$ & $-0.0431588$ \\
eHZgapar & $0.0802478$ & $-0.065991$ & $-0.0530052$ & $0.0287228$ & $-0.00157179$ & $-0.0282986$ & $-0.0273447$ & $0.0302528$ & $0.0252494$ & $-0.00273229$ & $-0.0376109$ & $0.0367047$ & $0.0586226$ & $0.0133067$ & $-0.0108348$ & $0.0315119$ & $0.031295$ & $0.0284234$ & $0.00201971$ & $0.0359771$ & $0.0377928$ & $0.0445926$ & $0.00283634$ & $0.00263021$ & $0.0265697$ & $-0.0203126$ & $0.0528351$ & $0.00780066$ & $0.0114205$ & $0.0352084$ & $0.0151866$ & $-0.0276671$ & $0.0565376$ & $0.0476471$ & $-0.0668981$ & $0.154806$ & $-0.037449$ & $-0.00773443$ & $-0.159115$ & $-0.07129$ & $-0.0144325$ & $1$ & $-0.0695952$ & $0.0276387$ & $-0.0621263$ & $-0.0335014$ & $-0.0885685$ & $0.136698$ & $0.0662489$ \\
eHgagaint & $0.075764$ & $-0.109768$ & $-0.177025$ & $-0.205982$ & $0.0174981$ & $-0.0324223$ & $0.0549369$ & $-0.0237955$ & $0.00968264$ & $0.012992$ & $0.0552745$ & $-0.0175197$ & $-0.0605495$ & $-0.0617828$ & $0.000896597$ & $-0.0410901$ & $-0.0614574$ & $-0.0700488$ & $-0.0457994$ & $-0.0596686$ & $-0.0573948$ & $-0.0624442$ & $-0.0165467$ & $-0.0212975$ & $-0.0628592$ & $0.0515221$ & $-0.0197362$ & $-0.00797114$ & $0.0185016$ & $-0.0259525$ & $-0.0149841$ & $0.0617626$ & $-0.0445716$ & $-0.0303206$ & $-0.113614$ & $-0.183728$ & $0.0226007$ & $0.0775164$ & $0.252406$ & $0.00499555$ & $0.17696$ & $-0.0695952$ & $1$ & $0.0170332$ & $-0.0659328$ & $0.147274$ & $-0.14842$ & $-0.0355202$ & $-0.133343$ \\
eHmumuint & $-0.0325316$ & $0.154816$ & $-0.088768$ & $-0.0840681$ & $0.0056198$ & $0.0118119$ & $0.0393968$ & $0.0510009$ & $0.0513523$ & $0.0173525$ & $0.00802892$ & $-0.0937867$ & $-0.0623669$ & $-0.0828993$ & $0.00229573$ & $-0.00603213$ & $-0.111476$ & $-0.116222$ & $-0.110396$ & $-0.00698278$ & $-0.00221443$ & $-0.00417635$ & $-0.0139939$ & $-0.0959511$ & $-0.104694$ & $0.0315247$ & $0.0532253$ & $-0.0364132$ & $0.0045174$ & $-0.068619$ & $-0.0242424$ & $0.0162573$ & $-0.0701426$ & $0.0462163$ & $-1.95704e-05$ & $0.10961$ & $0.0861299$ & $-0.0189513$ & $0.249889$ & $-0.120227$ & $0.0699991$ & $0.0276387$ & $0.0170332$ & $1$ & $0.0733469$ & $-0.333607$ & $0.183801$ & $-0.00889323$ & $0.0582421$ \\
eHtautauint & $0.135784$ & $-0.224041$ & $-0.0444956$ & $0.144694$ & $-0.0323951$ & $-0.0486765$ & $-0.245485$ & $-0.0302226$ & $-0.0263652$ & $-0.0594024$ & $0.0125548$ & $0.251154$ & $0.301567$ & $0.00867821$ & $0.0875892$ & $0.0839616$ & $0.0215454$ & $-0.0193907$ & $-0.0181967$ & $-0.00659782$ & $-0.028542$ & $-0.030603$ & $-0.076459$ & $0.0492714$ & $-0.049803$ & $0.0124583$ & $-0.206901$ & $-0.0337673$ & $0.109507$ & $0.265333$ & $0.193576$ & $-0.211412$ & $0.316438$ & $-0.119675$ & $0.150143$ & $-0.0971275$ & $-0.104037$ & $0.0507571$ & $0.00806657$ & $-0.142509$ & $0.29223$ & $-0.0621263$ & $-0.0659328$ & $0.0733469$ & $1$ & $-0.161669$ & $0.243628$ & $-0.191414$ & $0.406378$ \\
eHccint & $-0.0770129$ & $-0.183303$ & $-0.371278$ & $0.171671$ & $-0.00879078$ & $0.026793$ & $0.1702$ & $-0.0559748$ & $-0.0432912$ & $0.0507293$ & $0.125673$ & $0.00953743$ & $-0.069429$ & $-0.170137$ & $-0.0489868$ & $-0.00116911$ & $-0.133418$ & $-0.118228$ & $-0.149645$ & $-0.123975$ & $-0.132073$ & $-0.130406$ & $-0.0298452$ & $-0.0621473$ & $-0.15307$ & $0.0856174$ & $-0.102666$ & $-0.0563038$ & $-0.0126009$ & $-0.0532014$ & $-0.0636382$ & $0.191295$ & $-0.0329151$ & $-0.00787175$ & $0.270572$ & $-0.369697$ & $-0.181335$ & $0.143296$ & $0.038179$ & $-0.127598$ & $-0.0518468$ & $-0.0335014$ & $0.147274$ & $-0.333607$ & $-0.161669$ & $1$ & $-0.283514$ & $0.0754418$ & $0.180995$ \\
eHccpar & $-0.261149$ & $0.404407$ & $-0.0700271$ & $0.00418779$ & $-0.0599539$ & $0.0536613$ & $0.00321737$ & $0.00858259$ & $-0.0020831$ & $0.0683011$ & $0.010338$ & $-0.111623$ & $-0.0771689$ & $-0.0369891$ & $0.0381568$ & $0.0102016$ & $-0.0434942$ & $-0.0677172$ & $-0.0439968$ & $-0.00300641$ & $-0.00642652$ & $-0.00534228$ & $-0.0152196$ & $-0.04451$ & $-0.0502671$ & $0.0200184$ & $-0.0375642$ & $0.00999264$ & $-0.042858$ & $-0.0836665$ & $0.0235738$ & $-0.00830057$ & $-0.0932388$ & $-0.0139795$ & $0.258597$ & $-0.163547$ & $0.434401$ & $0.0490223$ & $0.245401$ & $0.132627$ & $-0.151401$ & $-0.0885685$ & $-0.14842$ & $0.183801$ & $0.243628$ & $-0.283514$ & $1$ & $-0.503868$ & $0.161122$ \\
eHbbint & $0.246334$ & $-0.317689$ & $0.180564$ & $0.210937$ & $0.0370267$ & $-0.00266972$ & $0.0680111$ & $0.105157$ & $0.106568$ & $-0.0435796$ & $-0.0540924$ & $-0.0391915$ & $-0.0625018$ & $-0.0246854$ & $-0.0769116$ & $-0.0316116$ & $-0.0718006$ & $-0.031701$ & $-0.0592345$ & $0.0401818$ & $0.0633809$ & $0.0637952$ & $0.0389372$ & $-0.0997539$ & $-0.0226534$ & $-0.0187802$ & $0.237123$ & $0.0172142$ & $-0.0187799$ & $-0.00976409$ & $-0.0779551$ & $0.0486701$ & $0.0331725$ & $0.157422$ & $-0.472909$ & $0.45436$ & $-0.317007$ & $0.0170816$ & $-0.376502$ & $-0.142925$ & $0.00086502$ & $0.136698$ & $-0.0355202$ & $-0.00889323$ & $-0.191414$ & $0.0754418$ & $-0.503868$ & $1$ & $0.0736082$ \\
eHbbpar & $0.0584099$ & $-0.18973$ & $-0.359994$ & $0.415744$ & $0.00800079$ & $0.0294607$ & $-0.0610423$ & $0.0445293$ & $0.0490447$ & $-0.0152349$ & $-0.00223494$ & $0.0155927$ & $0.111238$ & $-0.058271$ & $0.0522305$ & $0.0617577$ & $-0.0836118$ & $-0.105707$ & $-0.108659$ & $0.00503444$ & $-0.0061642$ & $-0.00116449$ & $-0.00417186$ & $-0.0742644$ & $-0.136158$ & $-0.0293131$ & $-0.107212$ & $-0.0511135$ & $0.0410188$ & $0.144613$ & $0.0952146$ & $-0.0381137$ & $0.317166$ & $-0.0177552$ & $-0.00898557$ & $0.14973$ & $-0.0856797$ & $0.0471037$ & $-0.328373$ & $-0.206684$ & $-0.0431588$ & $0.0662489$ & $-0.133343$ & $0.0582421$ & $0.406378$ & $0.180995$ & $0.161122$ & $0.0736082$ & $1$ \\
