 & AlsMz & dAle5Mz & mtop & mHl & Mz & CW & CHG & CHWB & CHWHB_gaga & CHWHB_gagaorth & CHD & CHbox & CH & CHL1_11 & CHL1_22 & CHL1_33 & CHL3_11 & CHL3_22 & CHL3_33 & CHe_11 & CHe_22 & CHe_33 & CHQ1_11 & CHQ1_33 & CHQ3_11 & CHu_11 & CHd_11 & CHd_33 & CeH_22r & CeH_33r & CuH_22r & CuH_33r & CdH_33r & CLL_1221 & eHggint & eHggpar & eHWWint & eHWWpar & eHZZint & eHZZpar & eHZgaint & eHZgapar & eHgagaint & eHmumuint & eHtautauint & eHccint & eHccpar & eHbbint & eHbbpar \\
AlsMz & $1$ & $0$ & $0$ & $0$ & $0$ & $0$ & $0$ & $0$ & $0$ & $0$ & $0$ & $0$ & $0$ & $0$ & $0$ & $0$ & $0$ & $0$ & $0$ & $0$ & $0$ & $0$ & $0$ & $0$ & $0$ & $0$ & $0$ & $0$ & $0$ & $0$ & $0$ & $0$ & $0$ & $0$ & $0$ & $0$ & $0$ & $0$ & $0$ & $0$ & $0$ & $0$ & $0$ & $0$ & $0$ & $0$ & $0$ & $0$ & $0$ \\
dAle5Mz & $0$ & $1$ & $0$ & $0$ & $0$ & $0$ & $0$ & $0$ & $0$ & $0$ & $0$ & $0$ & $0$ & $0$ & $0$ & $0$ & $0$ & $0$ & $0$ & $0$ & $0$ & $0$ & $0$ & $0$ & $0$ & $0$ & $0$ & $0$ & $0$ & $0$ & $0$ & $0$ & $0$ & $0$ & $0$ & $0$ & $0$ & $0$ & $0$ & $0$ & $0$ & $0$ & $0$ & $0$ & $0$ & $0$ & $0$ & $0$ & $0$ \\
mtop & $0$ & $0$ & $1$ & $0$ & $0$ & $0$ & $0$ & $0$ & $0$ & $0$ & $0$ & $0$ & $0$ & $0$ & $0$ & $0$ & $0$ & $0$ & $0$ & $0$ & $0$ & $0$ & $0$ & $0$ & $0$ & $0$ & $0$ & $0$ & $0$ & $0$ & $0$ & $0$ & $0$ & $0$ & $0$ & $0$ & $0$ & $0$ & $0$ & $0$ & $0$ & $0$ & $0$ & $0$ & $0$ & $0$ & $0$ & $0$ & $0$ \\
mHl & $0$ & $0$ & $0$ & $1$ & $0.518003$ & $6.38118e-07$ & $-7.62336e-07$ & $-4.09203e-07$ & $-4.90321e-07$ & $-6.44924e-07$ & $6.69907e-07$ & $7.15152e-07$ & $0$ & $6.69476e-07$ & $6.92835e-07$ & $-6.94901e-07$ & $6.23733e-07$ & $-6.7174e-07$ & $4.88625e-07$ & $-8.15561e-07$ & $-7.43747e-07$ & $8.23092e-07$ & $7.90625e-07$ & $6.43278e-07$ & $-6.19734e-07$ & $-6.22577e-07$ & $7.69715e-07$ & $6.50032e-07$ & $7.55075e-07$ & $6.82797e-07$ & $6.74192e-07$ & $-5.71031e-07$ & $6.22641e-07$ & $8.98185e-07$ & $-6.58791e-07$ & $6.42612e-07$ & $7.72698e-07$ & $-6.58911e-07$ & $3.70399e-07$ & $8.24346e-07$ & $8.91209e-07$ & $-9.33832e-07$ & $8.76508e-07$ & $-6.79702e-07$ & $-7.46163e-07$ & $-5.60094e-07$ & $5.0107e-07$ & $-6.70539e-07$ & $7.3541e-07$ \\
Mz & $0$ & $0$ & $0$ & $0.518003$ & $1$ & $1.21764e-06$ & $-1.45528e-06$ & $-7.84862e-07$ & $-9.2278e-07$ & $-1.22792e-06$ & $1.24419e-06$ & $1.35435e-06$ & $0$ & $1.28339e-06$ & $1.30714e-06$ & $-1.30088e-06$ & $1.18167e-06$ & $-1.2914e-06$ & $9.36055e-07$ & $-1.5431e-06$ & $-1.4035e-06$ & $1.56055e-06$ & $1.48907e-06$ & $1.23233e-06$ & $-1.18591e-06$ & $-1.18624e-06$ & $1.47068e-06$ & $1.23169e-06$ & $1.43741e-06$ & $1.31733e-06$ & $1.28806e-06$ & $-1.0886e-06$ & $1.19168e-06$ & $1.68342e-06$ & $-1.24692e-06$ & $1.24268e-06$ & $1.51325e-06$ & $-1.27442e-06$ & $7.06639e-07$ & $1.58284e-06$ & $1.65659e-06$ & $-1.75982e-06$ & $1.68974e-06$ & $-1.29164e-06$ & $-1.44348e-06$ & $-1.08789e-06$ & $9.42936e-07$ & $-1.30815e-06$ & $1.41014e-06$ \\
CW & $0$ & $0$ & $0$ & $6.38118e-07$ & $1.21764e-06$ & $1$ & $-0.991672$ & $-0.967372$ & $-0.979313$ & $-0.999724$ & $0.999928$ & $0.997814$ & $0$ & $0.99895$ & $0.998197$ & $-0.99907$ & $0.999714$ & $-0.998726$ & $0.985301$ & $-0.960857$ & $-0.993394$ & $0.923593$ & $0.966835$ & $0.999931$ & $-0.999377$ & $-0.998616$ & $0.982987$ & $0.999753$ & $0.987598$ & $0.999455$ & $0.997855$ & $-0.998024$ & $0.999518$ & $0.945679$ & $-0.999593$ & $0.99982$ & $0.974419$ & $-0.99906$ & $0.9464$ & $0.967848$ & $0.885634$ & $-0.111639$ & $0.896755$ & $-0.996839$ & $-0.988667$ & $-0.860951$ & $0.992111$ & $-0.998395$ & $0.985188$ \\
CHG & $0$ & $0$ & $0$ & $-7.62336e-07$ & $-1.45528e-06$ & $-0.991672$ & $1$ & $0.926869$ & $0.945774$ & $0.992631$ & $-0.992386$ & $-0.995618$ & $0$ & $-0.99628$ & $-0.997505$ & $0.995499$ & $-0.989169$ & $0.996719$ & $-0.955268$ & $0.987737$ & $0.999446$ & $-0.964833$ & $-0.990797$ & $-0.992379$ & $0.987128$ & $0.984056$ & $-0.998267$ & $-0.992748$ & $-0.999035$ & $-0.9949$ & $-0.997444$ & $0.984263$ & $-0.987326$ & $-0.978976$ & $0.993995$ & $-0.990706$ & $-0.994927$ & $0.995393$ & $-0.897515$ & $-0.990787$ & $-0.935329$ & $0.237074$ & $-0.9432$ & $0.998418$ & $0.999655$ & $0.906848$ & $-0.967995$ & $0.996875$ & $-0.998757$ \\
CHWB & $0$ & $0$ & $0$ & $-4.09203e-07$ & $-7.84862e-07$ & $-0.967372$ & $0.926869$ & $1$ & $0.996922$ & $0.964826$ & $-0.96569$ & $-0.953054$ & $0$ & $-0.955204$ & $-0.950575$ & $0.957004$ & $-0.971451$ & $0.953596$ & $-0.996096$ & $0.860233$ & $0.932341$ & $-0.796766$ & $-0.872235$ & $-0.965868$ & $0.974683$ & $0.978089$ & $-0.904806$ & $-0.964517$ & $-0.916477$ & $-0.95933$ & $-0.949732$ & $0.97605$ & $-0.974587$ & $-0.833313$ & $0.9615$ & $-0.969031$ & $-0.886303$ & $0.957145$ & $-0.996072$ & $-0.875108$ & $-0.742085$ & $-0.143207$ & $-0.760875$ & $0.945226$ & $0.918411$ & $0.73167$ & $-0.991061$ & $0.95255$ & $-0.910069$ \\
CHWHB_gaga & $0$ & $0$ & $0$ & $-4.90321e-07$ & $-9.2278e-07$ & $-0.979313$ & $0.945774$ & $0.996922$ & $1$ & $0.976984$ & $-0.977881$ & $-0.968835$ & $0$ & $-0.969438$ & $-0.965811$ & $0.970541$ & $-0.982231$ & $0.96831$ & $-0.997827$ & $0.886358$ & $0.951471$ & $-0.829659$ & $-0.896483$ & $-0.978205$ & $0.984187$ & $0.987734$ & $-0.92618$ & $-0.977564$ & $-0.936293$ & $-0.972638$ & $-0.964728$ & $0.984908$ & $-0.984856$ & $-0.862364$ & $0.974303$ & $-0.980075$ & $-0.90988$ & $0.970721$ & $-0.991038$ & $-0.898185$ & $-0.780468$ & $-0.0819359$ & $-0.791992$ & $0.961514$ & $0.938827$ & $0.770185$ & $-0.996449$ & $0.967186$ & $-0.93096$ \\
CHWHB_gagaorth & $0$ & $0$ & $0$ & $-6.44924e-07$ & $-1.22792e-06$ & $-0.999724$ & $0.992631$ & $0.964826$ & $0.976984$ & $1$ & $-0.999835$ & $-0.998271$ & $0$ & $-0.999298$ & $-0.998588$ & $0.999142$ & $-0.999593$ & $0.998994$ & $-0.983536$ & $0.963218$ & $0.99383$ & $-0.926231$ & $-0.969409$ & $-0.999889$ & $0.999029$ & $0.997803$ & $-0.984711$ & $-0.999855$ & $-0.989059$ & $-0.999608$ & $-0.998519$ & $0.997883$ & $-0.998979$ & $-0.948768$ & $0.999738$ & $-0.999772$ & $-0.976319$ & $0.999254$ & $-0.943131$ & $-0.969831$ & $-0.888614$ & $0.119446$ & $-0.900368$ & $0.997219$ & $0.989804$ & $0.867429$ & $-0.990783$ & $0.999025$ & $-0.986841$ \\
CHD & $0$ & $0$ & $0$ & $6.69907e-07$ & $1.24419e-06$ & $0.999928$ & $-0.992386$ & $-0.96569$ & $-0.977881$ & $-0.999835$ & $1$ & $0.998009$ & $0$ & $0.99927$ & $0.998564$ & $-0.999397$ & $0.999653$ & $-0.999066$ & $0.984175$ & $-0.962865$ & $-0.993985$ & $0.925854$ & $0.968677$ & $0.999908$ & $-0.999231$ & $-0.998273$ & $0.984233$ & $0.999775$ & $0.988782$ & $0.999712$ & $0.998349$ & $-0.99801$ & $0.999264$ & $0.948053$ & $-0.999828$ & $0.999783$ & $0.975889$ & $-0.999432$ & $0.944152$ & $0.969757$ & $0.888558$ & $-0.117677$ & $0.900081$ & $-0.997045$ & $-0.989605$ & $-0.862331$ & $0.991149$ & $-0.998807$ & $0.986373$ \\
CHbox & $0$ & $0$ & $0$ & $7.15152e-07$ & $1.35435e-06$ & $0.997814$ & $-0.995618$ & $-0.953054$ & $-0.968835$ & $-0.998271$ & $0.998009$ & $1$ & $0$ & $0.9988$ & $0.999069$ & $-0.998062$ & $0.997071$ & $-0.998829$ & $0.975408$ & $-0.970507$ & $-0.996944$ & $0.938571$ & $0.974948$ & $0.99833$ & $-0.995348$ & $-0.994783$ & $0.989091$ & $0.998663$ & $0.992005$ & $0.998612$ & $0.998336$ & $-0.992706$ & $0.996072$ & $0.957932$ & $-0.998106$ & $0.997049$ & $0.981754$ & $-0.998143$ & $0.931321$ & $0.974918$ & $0.902722$ & $-0.159783$ & $0.90951$ & $-0.998443$ & $-0.993764$ & $-0.888384$ & $0.984738$ & $-0.999109$ & $0.990743$ \\
CH & $0$ & $0$ & $0$ & $0$ & $0$ & $0$ & $0$ & $0$ & $0$ & $0$ & $0$ & $0$ & $1$ & $0$ & $0$ & $0$ & $0$ & $0$ & $0$ & $0$ & $0$ & $0$ & $0$ & $0$ & $0$ & $0$ & $0$ & $0$ & $0$ & $0$ & $0$ & $0$ & $0$ & $0$ & $0$ & $0$ & $0$ & $0$ & $0$ & $0$ & $0$ & $0$ & $0$ & $0$ & $0$ & $0$ & $0$ & $0$ & $0$ \\
CHL1_11 & $0$ & $0$ & $0$ & $6.69476e-07$ & $1.28339e-06$ & $0.99895$ & $-0.99628$ & $-0.955204$ & $-0.969438$ & $-0.999298$ & $0.99927$ & $0.9988$ & $0$ & $1$ & $0.99983$ & $-0.999813$ & $0.998061$ & $-0.999961$ & $0.976782$ & $-0.972265$ & $-0.997156$ & $0.939279$ & $0.977355$ & $0.999182$ & $-0.99713$ & $-0.995389$ & $0.990235$ & $0.999242$ & $0.99369$ & $0.999858$ & $0.999791$ & $-0.995636$ & $0.997124$ & $0.959364$ & $-0.999712$ & $0.998632$ & $0.98343$ & $-0.999847$ & $0.931071$ & $0.977935$ & $0.904675$ & $-0.154568$ & $0.91526$ & $-0.998968$ & $-0.99428$ & $-0.877363$ & $0.985532$ & $-0.99987$ & $0.991917$ \\
CHL1_22 & $0$ & $0$ & $0$ & $6.92835e-07$ & $1.30714e-06$ & $0.998197$ & $-0.997505$ & $-0.950575$ & $-0.965811$ & $-0.998588$ & $0.998564$ & $0.999069$ & $0$ & $0.99983$ & $1$ & $-0.999535$ & $0.997019$ & $-0.999913$ & $0.973535$ & $-0.975428$ & $-0.998274$ & $0.944371$ & $0.979919$ & $0.998511$ & $-0.995791$ & $-0.994068$ & $0.992112$ & $0.998623$ & $0.995035$ & $0.999507$ & $0.999789$ & $-0.993785$ & $0.995949$ & $0.963198$ & $-0.999144$ & $0.997637$ & $0.985831$ & $-0.999526$ & $0.925893$ & $0.98054$ & $0.910391$ & $-0.170072$ & $0.920026$ & $-0.999431$ & $-0.995839$ & $-0.883629$ & $0.98297$ & $-0.999872$ & $0.993563$ \\
CHL1_33 & $0$ & $0$ & $0$ & $-6.94901e-07$ & $-1.30088e-06$ & $-0.99907$ & $0.995499$ & $0.957004$ & $0.970541$ & $0.999142$ & $-0.999397$ & $-0.998062$ & $0$ & $-0.999813$ & $-0.999535$ & $1$ & $-0.998194$ & $0.999812$ & $-0.978036$ & $0.971073$ & $0.996607$ & $-0.937278$ & $-0.976006$ & $-0.999099$ & $0.997548$ & $0.995886$ & $-0.989191$ & $-0.998981$ & $-0.992998$ & $-0.999883$ & $-0.999467$ & $0.996121$ & $-0.997443$ & $-0.957629$ & $0.999779$ & $-0.99873$ & $-0.982262$ & $0.999975$ & $-0.932848$ & $-0.977431$ & $-0.902427$ & $0.148166$ & $-0.914205$ & $0.998326$ & $0.993437$ & $0.86954$ & $-0.986147$ & $0.999502$ & $-0.990894$ \\
CHL3_11 & $0$ & $0$ & $0$ & $6.23733e-07$ & $1.18167e-06$ & $0.999714$ & $-0.989169$ & $-0.971451$ & $-0.982231$ & $-0.999593$ & $0.999653$ & $0.997071$ & $0$ & $0.998061$ & $0.997019$ & $-0.998194$ & $1$ & $-0.99768$ & $0.988101$ & $-0.956034$ & $-0.991038$ & $0.916251$ & $0.962496$ & $0.999658$ & $-0.99976$ & $-0.999243$ & $0.979751$ & $0.999467$ & $0.984902$ & $0.99883$ & $0.996741$ & $-0.998717$ & $0.999788$ & $0.94015$ & $-0.999106$ & $0.999778$ & $0.97027$ & $-0.99829$ & $0.951751$ & $0.963488$ & $0.876905$ & $-0.0940188$ & $0.889077$ & $-0.995087$ & $-0.985867$ & $-0.855095$ & $0.993986$ & $-0.997534$ & $0.982207$ \\
CHL3_22 & $0$ & $0$ & $0$ & $-6.7174e-07$ & $-1.2914e-06$ & $-0.998726$ & $0.996719$ & $0.953596$ & $0.96831$ & $0.998994$ & $-0.999066$ & $-0.998829$ & $0$ & $-0.999961$ & $-0.999913$ & $0.999812$ & $-0.99768$ & $1$ & $-0.975638$ & $0.973515$ & $0.997681$ & $-0.941279$ & $-0.978267$ & $-0.998939$ & $0.996674$ & $0.995001$ & $-0.990896$ & $-0.999008$ & $-0.994218$ & $-0.999776$ & $-0.999791$ & $0.995021$ & $-0.996749$ & $-0.96081$ & $0.999554$ & $-0.998265$ & $-0.984338$ & $0.999815$ & $-0.929257$ & $-0.979026$ & $-0.907178$ & $0.16038$ & $-0.917259$ & $0.999107$ & $0.994883$ & $0.87835$ & $-0.984614$ & $0.999835$ & $-0.992498$ \\
CHL3_33 & $0$ & $0$ & $0$ & $4.88625e-07$ & $9.36055e-07$ & $0.985301$ & $-0.955268$ & $-0.996096$ & $-0.997827$ & $-0.983536$ & $0.984175$ & $0.975408$ & $0$ & $0.976782$ & $0.973535$ & $-0.978036$ & $0.988101$ & $-0.975638$ & $1$ & $-0.900341$ & $-0.95969$ & $0.844862$ & $0.910033$ & $0.984271$ & $-0.98995$ & $-0.992283$ & $0.937544$ & $0.983267$ & $0.946936$ & $0.979825$ & $0.97269$ & $-0.990168$ & $0.989992$ & $0.876942$ & $-0.981224$ & $0.986202$ & $0.922009$ & $-0.97813$ & $0.986907$ & $0.912512$ & $0.79519$ & $0.0579287$ & $0.811361$ & $-0.969222$ & $-0.948707$ & $-0.779759$ & $0.998541$ & $-0.974909$ & $0.941864$ \\
CHe_11 & $0$ & $0$ & $0$ & $-8.15561e-07$ & $-1.5431e-06$ & $-0.960857$ & $0.987737$ & $0.860233$ & $0.886358$ & $0.963218$ & $-0.962865$ & $-0.970507$ & $0$ & $-0.972265$ & $-0.975428$ & $0.971073$ & $-0.956034$ & $0.973515$ & $-0.900341$ & $1$ & $0.985082$ & $-0.99228$ & $-0.999118$ & $-0.962153$ & $0.952295$ & $0.946248$ & $-0.995015$ & $-0.963103$ & $-0.992277$ & $-0.968941$ & $-0.976295$ & $0.949244$ & $-0.951987$ & $-0.998509$ & $0.967126$ & $-0.959042$ & $-0.998146$ & $0.970968$ & $-0.820556$ & $-0.998853$ & $-0.976985$ & $0.377277$ & $-0.982423$ & $0.977624$ & $0.991088$ & $0.92559$ & $-0.918685$ & $0.973809$ & $-0.993822$ \\
CHe_22 & $0$ & $0$ & $0$ & $-7.43747e-07$ & $-1.4035e-06$ & $-0.993394$ & $0.999446$ & $0.932341$ & $0.951471$ & $0.99383$ & $-0.993985$ & $-0.996944$ & $0$ & $-0.997156$ & $-0.998274$ & $0.996607$ & $-0.991038$ & $0.997681$ & $-0.95969$ & $0.985082$ & $1$ & $-0.960723$ & $-0.987691$ & $-0.993883$ & $0.988999$ & $0.986967$ & $-0.996641$ & $-0.994267$ & $-0.998038$ & $-0.996107$ & $-0.997865$ & $0.986162$ & $-0.989542$ & $-0.975329$ & $0.995238$ & $-0.992079$ & $-0.992669$ & $0.996485$ & $-0.904976$ & $-0.988191$ & $-0.931392$ & $0.224239$ & $-0.9372$ & $0.998668$ & $0.999077$ & $0.899475$ & $-0.971694$ & $0.997482$ & $-0.997442$ \\
CHe_33 & $0$ & $0$ & $0$ & $8.23092e-07$ & $1.56055e-06$ & $0.923593$ & $-0.964833$ & $-0.796766$ & $-0.829659$ & $-0.926231$ & $0.925854$ & $0.938571$ & $0$ & $0.939279$ & $0.944371$ & $-0.937278$ & $0.916251$ & $-0.941279$ & $0.844862$ & $-0.99228$ & $-0.960723$ & $1$ & $0.988423$ & $0.925405$ & $-0.911107$ & $-0.90381$ & $0.977364$ & $0.926808$ & $0.970865$ & $0.934267$ & $0.944902$ & $-0.905977$ & $0.911478$ & $0.996489$ & $-0.931427$ & $0.92062$ & $0.985443$ & $-0.936871$ & $0.751539$ & $0.987195$ & $0.992754$ & $-0.481953$ & $0.991708$ & $-0.949508$ & $-0.970308$ & $-0.94115$ & $0.868699$ & $-0.941552$ & $0.974559$ \\
CHQ1_11 & $0$ & $0$ & $0$ & $7.90625e-07$ & $1.48907e-06$ & $0.966835$ & $-0.990797$ & $-0.872235$ & $-0.896483$ & $-0.969409$ & $0.968677$ & $0.974948$ & $0$ & $0.977355$ & $0.979919$ & $-0.976006$ & $0.962496$ & $-0.978267$ & $0.910033$ & $-0.999118$ & $-0.987691$ & $0.988423$ & $1$ & $0.968179$ & $-0.959257$ & $-0.952726$ & $0.996957$ & $0.969086$ & $0.994779$ & $0.97414$ & $0.981209$ & $-0.957005$ & $0.958599$ & $0.996766$ & $-0.972729$ & $0.965695$ & $0.999189$ & $-0.975989$ & $0.833005$ & $0.998792$ & $0.970935$ & $-0.352012$ & $0.978447$ & $-0.982195$ & $-0.993282$ & $-0.925716$ & $0.927705$ & $-0.978744$ & $0.996093$ \\
CHQ1_33 & $0$ & $0$ & $0$ & $6.43278e-07$ & $1.23233e-06$ & $0.999931$ & $-0.992379$ & $-0.965868$ & $-0.978205$ & $-0.999889$ & $0.999908$ & $0.99833$ & $0$ & $0.999182$ & $0.998511$ & $-0.999099$ & $0.999658$ & $-0.998939$ & $0.984271$ & $-0.962153$ & $-0.993883$ & $0.925405$ & $0.968179$ & $1$ & $-0.999143$ & $-0.998259$ & $0.984008$ & $0.999924$ & $0.988382$ & $0.999556$ & $0.998217$ & $-0.997739$ & $0.999296$ & $0.947409$ & $-0.99965$ & $0.999796$ & $0.975553$ & $-0.999136$ & $0.944714$ & $0.968792$ & $0.887554$ & $-0.116954$ & $0.898377$ & $-0.997291$ & $-0.989461$ & $-0.866$ & $0.991476$ & $-0.998787$ & $0.986152$ \\
CHQ3_11 & $0$ & $0$ & $0$ & $-6.19734e-07$ & $-1.18591e-06$ & $-0.999377$ & $0.987128$ & $0.974683$ & $0.984187$ & $0.999029$ & $-0.999231$ & $-0.995348$ & $0$ & $-0.99713$ & $-0.995791$ & $0.997548$ & $-0.99976$ & $0.996674$ & $-0.98995$ & $0.952295$ & $0.988999$ & $-0.911107$ & $-0.959257$ & $-0.999143$ & $1$ & $0.999337$ & $-0.977082$ & $-0.998761$ & $-0.982679$ & $-0.998099$ & $-0.995626$ & $0.999252$ & $-0.999828$ & $-0.935689$ & $0.998554$ & $-0.999656$ & $-0.967282$ & $0.997597$ & $-0.955038$ & $-0.960668$ & $-0.870819$ & $0.0796853$ & $-0.884741$ & $0.993713$ & $0.983433$ & $0.846282$ & $-0.995108$ & $0.99636$ & $-0.979634$ \\
CHu_11 & $0$ & $0$ & $0$ & $-6.22577e-07$ & $-1.18624e-06$ & $-0.998616$ & $0.984056$ & $0.978089$ & $0.987734$ & $0.997803$ & $-0.998273$ & $-0.994783$ & $0$ & $-0.995389$ & $-0.994068$ & $0.995886$ & $-0.999243$ & $0.995001$ & $-0.992283$ & $0.946248$ & $0.986967$ & $-0.90381$ & $-0.952726$ & $-0.998259$ & $0.999337$ & $1$ & $-0.972639$ & $-0.997889$ & $-0.978639$ & $-0.996715$ & $-0.993303$ & $0.998062$ & $-0.999689$ & $-0.928666$ & $0.997074$ & $-0.998503$ & $-0.961905$ & $0.995909$ & $-0.961212$ & $-0.954587$ & $-0.862289$ & $0.0651469$ & $-0.873925$ & $0.991613$ & $0.980213$ & $0.840366$ & $-0.996723$ & $0.994541$ & $-0.975422$ \\
CHd_11 & $0$ & $0$ & $0$ & $7.69715e-07$ & $1.47068e-06$ & $0.982987$ & $-0.998267$ & $-0.904806$ & $-0.92618$ & $-0.984711$ & $0.984233$ & $0.989091$ & $0$ & $0.990235$ & $0.992112$ & $-0.989191$ & $0.979751$ & $-0.990896$ & $0.937544$ & $-0.995015$ & $-0.996641$ & $0.977364$ & $0.996957$ & $0.984008$ & $-0.977082$ & $-0.972639$ & $1$ & $0.984627$ & $0.999445$ & $0.988081$ & $0.992555$ & $-0.974301$ & $0.976959$ & $0.989088$ & $-0.986885$ & $0.981902$ & $0.998982$ & $-0.98914$ & $0.87132$ & $0.996561$ & $0.952728$ & $-0.288678$ & $0.960462$ & $-0.993502$ & $-0.999222$ & $-0.918002$ & $0.952432$ & $-0.991279$ & $0.999865$ \\
CHd_33 & $0$ & $0$ & $0$ & $6.50032e-07$ & $1.23169e-06$ & $0.999753$ & $-0.992748$ & $-0.964517$ & $-0.977564$ & $-0.999855$ & $0.999775$ & $0.998663$ & $0$ & $0.999242$ & $0.998623$ & $-0.998981$ & $0.999467$ & $-0.999008$ & $0.983267$ & $-0.963103$ & $-0.994267$ & $0.926808$ & $0.969086$ & $0.999924$ & $-0.998761$ & $-0.997889$ & $0.984627$ & $1$ & $0.988882$ & $0.999496$ & $0.998377$ & $-0.997464$ & $0.998983$ & $0.948744$ & $-0.999582$ & $0.999592$ & $0.976312$ & $-0.999075$ & $0.943391$ & $0.969267$ & $0.889712$ & $-0.121734$ & $0.899489$ & $-0.997469$ & $-0.989983$ & $-0.869726$ & $0.990888$ & $-0.998922$ & $0.986787$ \\
CeH_22r & $0$ & $0$ & $0$ & $7.55075e-07$ & $1.43741e-06$ & $0.987598$ & $-0.999035$ & $-0.916477$ & $-0.936293$ & $-0.989059$ & $0.988782$ & $0.992005$ & $0$ & $0.99369$ & $0.995035$ & $-0.992998$ & $0.984902$ & $-0.994218$ & $0.946936$ & $-0.992277$ & $-0.998038$ & $0.970865$ & $0.994779$ & $0.988382$ & $-0.982679$ & $-0.978639$ & $0.999445$ & $0.988882$ & $1$ & $0.992$ & $0.99558$ & $-0.980628$ & $0.982399$ & $0.984852$ & $-0.991111$ & $0.986719$ & $0.99734$ & $-0.993005$ & $0.88446$ & $0.994846$ & $0.945194$ & $-0.261153$ & $0.954097$ & $-0.995577$ & $-0.999545$ & $-0.906639$ & $0.960335$ & $-0.994393$ & $0.999762$ \\
CeH_33r & $0$ & $0$ & $0$ & $6.82797e-07$ & $1.31733e-06$ & $0.999455$ & $-0.9949$ & $-0.95933$ & $-0.972638$ & $-0.999608$ & $0.999712$ & $0.998612$ & $0$ & $0.999858$ & $0.999507$ & $-0.999883$ & $0.99883$ & $-0.999776$ & $0.979825$ & $-0.968941$ & $-0.996107$ & $0.934267$ & $0.97414$ & $0.999556$ & $-0.998099$ & $-0.996715$ & $0.988081$ & $0.999496$ & $0.992$ & $1$ & $0.99936$ & $-0.996635$ & $0.99809$ & $0.955221$ & $-0.999922$ & $0.999167$ & $0.98065$ & $-0.999908$ & $0.936186$ & $0.975206$ & $0.898523$ & $-0.140528$ & $0.909829$ & $-0.998241$ & $-0.992651$ & $-0.870308$ & $0.987721$ & $-0.999611$ & $0.989919$ \\
CuH_22r & $0$ & $0$ & $0$ & $6.74192e-07$ & $1.28806e-06$ & $0.997855$ & $-0.997444$ & $-0.949732$ & $-0.964728$ & $-0.998519$ & $0.998349$ & $0.998336$ & $0$ & $0.999791$ & $0.999789$ & $-0.999467$ & $0.996741$ & $-0.999791$ & $0.97269$ & $-0.976295$ & $-0.997865$ & $0.944902$ & $0.981209$ & $0.998217$ & $-0.995626$ & $-0.993303$ & $0.992555$ & $0.998377$ & $0.99558$ & $0.99936$ & $1$ & $-0.994284$ & $0.995463$ & $0.964346$ & $-0.999161$ & $0.997573$ & $0.986515$ & $-0.999535$ & $0.924071$ & $0.981463$ & $0.911894$ & $-0.171212$ & $0.922565$ & $-0.999142$ & $-0.995823$ & $-0.883054$ & $0.982214$ & $-0.999803$ & $0.994056$ \\
CuH_33r & $0$ & $0$ & $0$ & $-5.71031e-07$ & $-1.0886e-06$ & $-0.998024$ & $0.984263$ & $0.97605$ & $0.984908$ & $0.997883$ & $-0.99801$ & $-0.992706$ & $0$ & $-0.995636$ & $-0.993785$ & $0.996121$ & $-0.998717$ & $0.995021$ & $-0.990168$ & $0.949244$ & $0.986162$ & $-0.905977$ & $-0.957005$ & $-0.997739$ & $0.999252$ & $0.998062$ & $-0.974301$ & $-0.997464$ & $-0.980628$ & $-0.996635$ & $-0.994284$ & $1$ & $-0.998632$ & $-0.932383$ & $0.997512$ & $-0.99871$ & $-0.964413$ & $0.996327$ & $-0.956022$ & $-0.957832$ & $-0.867598$ & $0.0685179$ & $-0.882286$ & $0.99121$ & $0.980512$ & $0.837505$ & $-0.994862$ & $0.994583$ & $-0.977238$ \\
CdH_33r & $0$ & $0$ & $0$ & $6.22641e-07$ & $1.19168e-06$ & $0.999518$ & $-0.987326$ & $-0.974587$ & $-0.984856$ & $-0.998979$ & $0.999264$ & $0.996072$ & $0$ & $0.997124$ & $0.995949$ & $-0.997443$ & $0.999788$ & $-0.996749$ & $0.989992$ & $-0.951987$ & $-0.989542$ & $0.911478$ & $0.958599$ & $0.999296$ & $-0.999828$ & $-0.999689$ & $0.976959$ & $0.998983$ & $0.982399$ & $0.99809$ & $0.995463$ & $-0.998632$ & $1$ & $0.935379$ & $-0.998421$ & $0.999528$ & $0.967087$ & $-0.997454$ & $0.955807$ & $0.959959$ & $0.871033$ & $-0.0815807$ & $0.883091$ & $-0.994058$ & $-0.983673$ & $-0.849084$ & $0.995408$ & $-0.996381$ & $0.979497$ \\
CLL_1221 & $0$ & $0$ & $0$ & $8.98185e-07$ & $1.68342e-06$ & $0.945679$ & $-0.978976$ & $-0.833313$ & $-0.862364$ & $-0.948768$ & $0.948053$ & $0.957932$ & $0$ & $0.959364$ & $0.963198$ & $-0.957629$ & $0.94015$ & $-0.96081$ & $0.876942$ & $-0.998509$ & $-0.975329$ & $0.996489$ & $0.996766$ & $0.947409$ & $-0.935689$ & $-0.928666$ & $0.989088$ & $0.948744$ & $0.984852$ & $0.955221$ & $0.964346$ & $-0.932383$ & $0.935379$ & $1$ & $-0.953082$ & $0.943738$ & $0.994255$ & $-0.957594$ & $0.790827$ & $0.995557$ & $0.98509$ & $-0.422981$ & $0.988821$ & $-0.966258$ & $-0.98338$ & $-0.93592$ & $0.897783$ & $-0.961449$ & $0.987264$ \\
eHggint & $0$ & $0$ & $0$ & $-6.58791e-07$ & $-1.24692e-06$ & $-0.999593$ & $0.993995$ & $0.9615$ & $0.974303$ & $0.999738$ & $-0.999828$ & $-0.998106$ & $0$ & $-0.999712$ & $-0.999144$ & $0.999779$ & $-0.999106$ & $0.999554$ & $-0.981224$ & $0.967126$ & $0.995238$ & $-0.931427$ & $-0.972729$ & $-0.99965$ & $0.998554$ & $0.997074$ & $-0.986885$ & $-0.999582$ & $-0.991111$ & $-0.999922$ & $-0.999161$ & $0.997512$ & $-0.998421$ & $-0.953082$ & $1$ & $-0.999463$ & $-0.979241$ & $0.999836$ & $-0.938515$ & $-0.973642$ & $-0.895689$ & $0.132381$ & $-0.907415$ & $0.99775$ & $0.991572$ & $0.86663$ & $-0.988801$ & $0.999337$ & $-0.988875$ \\
eHggpar & $0$ & $0$ & $0$ & $6.42612e-07$ & $1.24268e-06$ & $0.99982$ & $-0.990706$ & $-0.969031$ & $-0.980075$ & $-0.999772$ & $0.999783$ & $0.997049$ & $0$ & $0.998632$ & $0.997637$ & $-0.99873$ & $0.999778$ & $-0.998265$ & $0.986202$ & $-0.959042$ & $-0.992079$ & $0.92062$ & $0.965695$ & $0.999796$ & $-0.999656$ & $-0.998503$ & $0.981902$ & $0.999592$ & $0.986719$ & $0.999167$ & $0.997573$ & $-0.99871$ & $0.999528$ & $0.943738$ & $-0.999463$ & $1$ & $0.973078$ & $-0.998783$ & $0.947852$ & $0.96647$ & $0.881947$ & $-0.103379$ & $0.894726$ & $-0.996171$ & $-0.987444$ & $-0.858944$ & $0.992719$ & $-0.998086$ & $0.984172$ \\
eHWWint & $0$ & $0$ & $0$ & $7.72698e-07$ & $1.51325e-06$ & $0.974419$ & $-0.994927$ & $-0.886303$ & $-0.90988$ & $-0.976319$ & $0.975889$ & $0.981754$ & $0$ & $0.98343$ & $0.985831$ & $-0.982262$ & $0.97027$ & $-0.984338$ & $0.922009$ & $-0.998146$ & $-0.992669$ & $0.985443$ & $0.999189$ & $0.975553$ & $-0.967282$ & $-0.961905$ & $0.998982$ & $0.976312$ & $0.99734$ & $0.98065$ & $0.986515$ & $-0.964413$ & $0.967087$ & $0.994255$ & $-0.979241$ & $0.973078$ & $1$ & $-0.982139$ & $0.849699$ & $0.998538$ & $0.964857$ & $-0.327843$ & $0.971393$ & $-0.988025$ & $-0.996754$ & $-0.923808$ & $0.938767$ & $-0.984591$ & $0.99834$ \\
eHWWpar & $0$ & $0$ & $0$ & $-6.58911e-07$ & $-1.27442e-06$ & $-0.99906$ & $0.995393$ & $0.957145$ & $0.970721$ & $0.999254$ & $-0.999432$ & $-0.998143$ & $0$ & $-0.999847$ & $-0.999526$ & $0.999975$ & $-0.99829$ & $0.999815$ & $-0.97813$ & $0.970968$ & $0.996485$ & $-0.936871$ & $-0.975989$ & $-0.999136$ & $0.997597$ & $0.995909$ & $-0.98914$ & $-0.999075$ & $-0.993005$ & $-0.999908$ & $-0.999535$ & $0.996327$ & $-0.997454$ & $-0.957594$ & $0.999836$ & $-0.998783$ & $-0.982139$ & $1$ & $-0.933075$ & $-0.97725$ & $-0.902157$ & $0.147429$ & $-0.913927$ & $0.998209$ & $0.993358$ & $0.870003$ & $-0.986244$ & $0.999578$ & $-0.99089$ \\
eHZZint & $0$ & $0$ & $0$ & $3.70399e-07$ & $7.06639e-07$ & $0.9464$ & $-0.897515$ & $-0.996072$ & $-0.991038$ & $-0.943131$ & $0.944152$ & $0.931321$ & $0$ & $0.931071$ & $0.925893$ & $-0.932848$ & $0.951751$ & $-0.929257$ & $0.986907$ & $-0.820556$ & $-0.904976$ & $0.751539$ & $0.833005$ & $0.944714$ & $-0.955038$ & $-0.961212$ & $0.87132$ & $0.943391$ & $0.88446$ & $0.936186$ & $0.924071$ & $-0.956022$ & $0.955807$ & $0.790827$ & $-0.938515$ & $0.947852$ & $0.849699$ & $-0.933075$ & $1$ & $0.835943$ & $0.692475$ & $0.207208$ & $0.707816$ & $-0.919525$ & $-0.887961$ & $-0.696358$ & $0.979163$ & $-0.928196$ & $0.877452$ \\
eHZZpar & $0$ & $0$ & $0$ & $8.24346e-07$ & $1.58284e-06$ & $0.967848$ & $-0.990787$ & $-0.875108$ & $-0.898185$ & $-0.969831$ & $0.969757$ & $0.974918$ & $0$ & $0.977935$ & $0.98054$ & $-0.977431$ & $0.963488$ & $-0.979026$ & $0.912512$ & $-0.998853$ & $-0.988191$ & $0.987195$ & $0.998792$ & $0.968792$ & $-0.960668$ & $-0.954587$ & $0.996561$ & $0.969267$ & $0.994846$ & $0.975206$ & $0.981463$ & $-0.957832$ & $0.959959$ & $0.995557$ & $-0.973642$ & $0.96647$ & $0.998538$ & $-0.97725$ & $0.835943$ & $1$ & $0.96828$ & $-0.345221$ & $0.97854$ & $-0.982009$ & $-0.993312$ & $-0.912696$ & $0.928928$ & $-0.979162$ & $0.995519$ \\
eHZgaint & $0$ & $0$ & $0$ & $8.91209e-07$ & $1.65659e-06$ & $0.885634$ & $-0.935329$ & $-0.742085$ & $-0.780468$ & $-0.888614$ & $0.888558$ & $0.902722$ & $0$ & $0.904675$ & $0.910391$ & $-0.902427$ & $0.876905$ & $-0.907178$ & $0.79519$ & $-0.976985$ & $-0.931392$ & $0.992754$ & $0.970935$ & $0.887554$ & $-0.870819$ & $-0.862289$ & $0.952728$ & $0.889712$ & $0.945194$ & $0.898523$ & $0.911894$ & $-0.867598$ & $0.871033$ & $0.98509$ & $-0.895689$ & $0.881947$ & $0.964857$ & $-0.902157$ & $0.692475$ & $0.96828$ & $1$ & $-0.550544$ & $0.992$ & $-0.915937$ & $-0.943248$ & $-0.924191$ & $0.822124$ & $-0.906723$ & $0.949732$ \\
eHZgapar & $0$ & $0$ & $0$ & $-9.33832e-07$ & $-1.75982e-06$ & $-0.111639$ & $0.237074$ & $-0.143207$ & $-0.0819359$ & $0.119446$ & $-0.117677$ & $-0.159783$ & $0$ & $-0.154568$ & $-0.170072$ & $0.148166$ & $-0.0940188$ & $0.16038$ & $0.0579287$ & $0.377277$ & $0.224239$ & $-0.481953$ & $-0.352012$ & $-0.116954$ & $0.0796853$ & $0.0651469$ & $-0.288678$ & $-0.121734$ & $-0.261153$ & $-0.140528$ & $-0.171212$ & $0.0685179$ & $-0.0815807$ & $-0.422981$ & $0.132381$ & $-0.103379$ & $-0.327843$ & $0.147429$ & $0.207208$ & $-0.345221$ & $-0.550544$ & $1$ & $-0.513688$ & $0.185744$ & $0.258914$ & $0.488677$ & $0.0113349$ & $0.162377$ & $-0.276867$ \\
eHgagaint & $0$ & $0$ & $0$ & $8.76508e-07$ & $1.68974e-06$ & $0.896755$ & $-0.9432$ & $-0.760875$ & $-0.791992$ & $-0.900368$ & $0.900081$ & $0.90951$ & $0$ & $0.91526$ & $0.920026$ & $-0.914205$ & $0.889077$ & $-0.917259$ & $0.811361$ & $-0.982423$ & $-0.9372$ & $0.991708$ & $0.978447$ & $0.898377$ & $-0.884741$ & $-0.873925$ & $0.960462$ & $0.899489$ & $0.954097$ & $0.909829$ & $0.922565$ & $-0.882286$ & $0.883091$ & $0.988821$ & $-0.907415$ & $0.894726$ & $0.971393$ & $-0.913927$ & $0.707816$ & $0.97854$ & $0.992$ & $-0.513688$ & $1$ & $-0.924095$ & $-0.949925$ & $-0.90801$ & $0.835085$ & $-0.917353$ & $0.957196$ \\
eHmumuint & $0$ & $0$ & $0$ & $-6.79702e-07$ & $-1.29164e-06$ & $-0.996839$ & $0.998418$ & $0.945226$ & $0.961514$ & $0.997219$ & $-0.997045$ & $-0.998443$ & $0$ & $-0.998968$ & $-0.999431$ & $0.998326$ & $-0.995087$ & $0.999107$ & $-0.969222$ & $0.977624$ & $0.998668$ & $-0.949508$ & $-0.982195$ & $-0.997291$ & $0.993713$ & $0.991613$ & $-0.993502$ & $-0.997469$ & $-0.995577$ & $-0.998241$ & $-0.999142$ & $0.99121$ & $-0.994058$ & $-0.966258$ & $0.99775$ & $-0.996171$ & $-0.988025$ & $0.998209$ & $-0.919525$ & $-0.982009$ & $-0.915937$ & $0.185744$ & $-0.924095$ & $1$ & $0.996751$ & $0.893838$ & $-0.979929$ & $0.999081$ & $-0.994679$ \\
eHtautauint & $0$ & $0$ & $0$ & $-7.46163e-07$ & $-1.44348e-06$ & $-0.988667$ & $0.999655$ & $0.918411$ & $0.938827$ & $0.989804$ & $-0.989605$ & $-0.993764$ & $0$ & $-0.99428$ & $-0.995839$ & $0.993437$ & $-0.985867$ & $0.994883$ & $-0.948707$ & $0.991088$ & $0.999077$ & $-0.970308$ & $-0.993282$ & $-0.989461$ & $0.983433$ & $0.980213$ & $-0.999222$ & $-0.989983$ & $-0.999545$ & $-0.992651$ & $-0.995823$ & $0.980512$ & $-0.983673$ & $-0.98338$ & $0.991572$ & $-0.987444$ & $-0.996754$ & $0.993358$ & $-0.887961$ & $-0.993312$ & $-0.943248$ & $0.258914$ & $-0.949925$ & $0.996751$ & $1$ & $0.910862$ & $-0.962268$ & $0.995036$ & $-0.999515$ \\
eHccint & $0$ & $0$ & $0$ & $-5.60094e-07$ & $-1.08789e-06$ & $-0.860951$ & $0.906848$ & $0.73167$ & $0.770185$ & $0.867429$ & $-0.862331$ & $-0.888384$ & $0$ & $-0.877363$ & $-0.883629$ & $0.86954$ & $-0.855095$ & $0.87835$ & $-0.779759$ & $0.92559$ & $0.899475$ & $-0.94115$ & $-0.925716$ & $-0.866$ & $0.846282$ & $0.840366$ & $-0.918002$ & $-0.869726$ & $-0.906639$ & $-0.870308$ & $-0.883054$ & $0.837505$ & $-0.849084$ & $-0.93592$ & $0.86663$ & $-0.858944$ & $-0.923808$ & $0.870003$ & $-0.696358$ & $-0.912696$ & $-0.924191$ & $0.488677$ & $-0.90801$ & $0.893838$ & $0.910862$ & $1$ & $-0.810168$ & $0.883008$ & $-0.91478$ \\
eHccpar & $0$ & $0$ & $0$ & $5.0107e-07$ & $9.42936e-07$ & $0.992111$ & $-0.967995$ & $-0.991061$ & $-0.996449$ & $-0.990783$ & $0.991149$ & $0.984738$ & $0$ & $0.985532$ & $0.98297$ & $-0.986147$ & $0.993986$ & $-0.984614$ & $0.998541$ & $-0.918685$ & $-0.971694$ & $0.868699$ & $0.927705$ & $0.991476$ & $-0.995108$ & $-0.996723$ & $0.952432$ & $0.990888$ & $0.960335$ & $0.987721$ & $0.982214$ & $-0.994862$ & $0.995408$ & $0.897783$ & $-0.988801$ & $0.992719$ & $0.938767$ & $-0.986244$ & $0.979163$ & $0.928928$ & $0.822124$ & $0.0113349$ & $0.835085$ & $-0.979929$ & $-0.962268$ & $-0.810168$ & $1$ & $-0.984048$ & $0.956218$ \\
eHbbint & $0$ & $0$ & $0$ & $-6.70539e-07$ & $-1.30815e-06$ & $-0.998395$ & $0.996875$ & $0.95255$ & $0.967186$ & $0.999025$ & $-0.998807$ & $-0.999109$ & $0$ & $-0.99987$ & $-0.999872$ & $0.999502$ & $-0.997534$ & $0.999835$ & $-0.974909$ & $0.973809$ & $0.997482$ & $-0.941552$ & $-0.978744$ & $-0.998787$ & $0.99636$ & $0.994541$ & $-0.991279$ & $-0.998922$ & $-0.994393$ & $-0.999611$ & $-0.999803$ & $0.994583$ & $-0.996381$ & $-0.961449$ & $0.999337$ & $-0.998086$ & $-0.984591$ & $0.999578$ & $-0.928196$ & $-0.979162$ & $-0.906723$ & $0.162377$ & $-0.917353$ & $0.999081$ & $0.995036$ & $0.883008$ & $-0.984048$ & $1$ & $-0.992815$ \\
eHbbpar & $0$ & $0$ & $0$ & $7.3541e-07$ & $1.41014e-06$ & $0.985188$ & $-0.998757$ & $-0.910069$ & $-0.93096$ & $-0.986841$ & $0.986373$ & $0.990743$ & $0$ & $0.991917$ & $0.993563$ & $-0.990894$ & $0.982207$ & $-0.992498$ & $0.941864$ & $-0.993822$ & $-0.997442$ & $0.974559$ & $0.996093$ & $0.986152$ & $-0.979634$ & $-0.975422$ & $0.999865$ & $0.986787$ & $0.999762$ & $0.989919$ & $0.994056$ & $-0.977238$ & $0.979497$ & $0.987264$ & $-0.988875$ & $0.984172$ & $0.99834$ & $-0.99089$ & $0.877452$ & $0.995519$ & $0.949732$ & $-0.276867$ & $0.957196$ & $-0.994679$ & $-0.999515$ & $-0.91478$ & $0.956218$ & $-0.992815$ & $1$ \\
