 & AlsMz & dAle5Mz & mtop & mHl & Mz & CW & CHG & CHWB & CHWHB_gaga & CHWHB_gagaorth & CHD & CHbox & CH & CHL1_11 & CHL1_22 & CHL1_33 & CHL3_11 & CHL3_22 & CHL3_33 & CHe_11 & CHe_22 & CHe_33 & CHQ1_11 & CHQ1_33 & CHQ3_11 & CHu_11 & CHd_11 & CHd_33 & CeH_22r & CeH_33r & CuH_22r & CuH_33r & CdH_33r & CLL_1221 & eHggint & eHggpar & eHWWint & eHWWpar & eHZZint & eHZZpar & eHZgaint & eHZgapar & eHgagaint & eHmumuint & eHtautauint & eHccint & eHccpar & eHbbint & eHbbpar \\
AlsMz & $1$ & $-0.00775982$ & $-0.00368806$ & $-0.00831959$ & $0.0430732$ & $0.0364436$ & $0.0547348$ & $-0.0275156$ & $-0.0293568$ & $0.0154541$ & $-0.000112737$ & $0.0159529$ & $-0.0182334$ & $0.0212121$ & $0.00838489$ & $-0.0166027$ & $0.0356711$ & $0.0326118$ & $0.0446955$ & $-0.00493503$ & $-0.00691204$ & $-0.0147504$ & $-0.00606675$ & $-0.0229838$ & $-0.0487457$ & $-0.00966958$ & $-0.036857$ & $0.0780534$ & $0.00239759$ & $0.000594403$ & $0.0232279$ & $0.0234207$ & $-0.0440115$ & $-0.0358411$ & $-0.0569448$ & $-0.0227474$ & $-0.0100547$ & $0.0533439$ & $0.0267789$ & $-0.0589166$ & $0.0571026$ & $-0.0104016$ & $0.0108001$ & $0.026508$ & $0.0456632$ & $-0.00750934$ & $0.0347936$ & $-0.0161791$ & $0.0116434$ \\
dAle5Mz & $-0.00775982$ & $1$ & $-0.0194459$ & $0.0095927$ & $0.00712707$ & $0.0166298$ & $0.000264004$ & $-0.104008$ & $-0.0998783$ & $0.0956039$ & $0.0761434$ & $0.0399322$ & $-0.0141594$ & $-0.00731707$ & $-0.0492406$ & $-0.0100261$ & $0.0304426$ & $0.0475251$ & $0.0290264$ & $-0.0554309$ & $-0.0537012$ & $-0.055992$ & $0.046053$ & $0.0572768$ & $0.0427454$ & $0.0201148$ & $-0.00507273$ & $-0.0922903$ & $0.00262387$ & $0.0138643$ & $-0.0018658$ & $0.00253062$ & $-0.00344607$ & $0.010845$ & $0.110756$ & $-0.0733945$ & $-0.0192272$ & $0.0287478$ & $0.0175444$ & $0.0142262$ & $-0.000541143$ & $-0.00581531$ & $-0.0233286$ & $-0.0858395$ & $0.00416503$ & $0.063151$ & $0.0210602$ & $0.010541$ & $-0.0109482$ \\
mtop & $-0.00368806$ & $-0.0194459$ & $1$ & $0.0156456$ & $0.018277$ & $0.0428024$ & $-0.0425406$ & $0.0112219$ & $0.00596263$ & $0.0238927$ & $-0.0295838$ & $-0.0140782$ & $0.0154055$ & $0.0627674$ & $0.0248861$ & $0.0170002$ & $0.0397721$ & $0.0400024$ & $0.0548649$ & $0.0386047$ & $0.0340459$ & $0.0386981$ & $-0.0458671$ & $0.0336953$ & $0.0599882$ & $0.0106193$ & $0.0193441$ & $0.0591012$ & $-0.0200109$ & $-0.00206637$ & $-0.0190134$ & $-0.0317491$ & $0.0112808$ & $-0.0153463$ & $-0.0209105$ & $0.0369773$ & $0.0367535$ & $0.0519051$ & $0.0606621$ & $-0.0212012$ & $-0.0284012$ & $-0.0133212$ & $0.0130952$ & $0.00899249$ & $0.0886182$ & $0.00919696$ & $0.0236396$ & $0.063346$ & $0.0169529$ \\
mHl & $-0.00831959$ & $0.0095927$ & $0.0156456$ & $1$ & $-0.0179376$ & $0.0336522$ & $-0.02382$ & $-0.0255511$ & $-0.0271032$ & $0.00248155$ & $0.0349935$ & $-0.0301006$ & $0.0332378$ & $-0.0209678$ & $-0.013771$ & $0.023763$ & $-0.0227676$ & $-0.00808643$ & $-0.0181046$ & $-0.03022$ & $-0.0339572$ & $-0.0156752$ & $-0.0372286$ & $0.00954238$ & $-0.0251599$ & $0.0289549$ & $-0.0451467$ & $0.0567418$ & $0.0409952$ & $0.0365228$ & $-0.0335756$ & $-0.0171974$ & $0.0451683$ & $-0.0113208$ & $-0.032845$ & $0.0106592$ & $-0.0499041$ & $0.0158487$ & $-0.040439$ & $0.00279065$ & $-0.0254625$ & $0.0400944$ & $-0.00946658$ & $-0.0295628$ & $-0.01635$ & $-0.00127577$ & $-0.0616777$ & $0.0571972$ & $0.0308125$ \\
Mz & $0.0430732$ & $0.00712707$ & $0.018277$ & $-0.0179376$ & $1$ & $0.0230387$ & $0.0234956$ & $0.0284518$ & $0.0247439$ & $-0.0237192$ & $-0.0253528$ & $0.0344238$ & $-0.0385566$ & $0.0460429$ & $0.0419304$ & $0.0844294$ & $-0.0276986$ & $-0.0102389$ & $-0.050736$ & $0.0374575$ & $0.0245251$ & $0.00788772$ & $-0.000741257$ & $-0.0341975$ & $-0.0431695$ & $-0.0266707$ & $-0.0784307$ & $0.0396648$ & $-0.00137181$ & $0.00732924$ & $-0.00596572$ & $0.0114138$ & $0.0167388$ & $-0.0308342$ & $-0.0174974$ & $-3.98766e-05$ & $-0.0632506$ & $0.0340114$ & $0.0121548$ & $0.0273172$ & $0.000670574$ & $0.0160549$ & $0.0182268$ & $0.00768648$ & $0.0236106$ & $0.0145392$ & $0.0151578$ & $0.0280058$ & $0.000530818$ \\
CW & $0.0364436$ & $0.0166298$ & $0.0428024$ & $0.0336522$ & $0.0230387$ & $1$ & $0.00448146$ & $-0.0574863$ & $-0.0496052$ & $0.0344949$ & $0.154726$ & $0.00311138$ & $0.03957$ & $-0.0184571$ & $-0.0270965$ & $-0.0208161$ & $-0.355584$ & $-0.176037$ & $-0.180569$ & $-0.149163$ & $-0.163136$ & $-0.163198$ & $-0.0213185$ & $-0.102418$ & $-0.22156$ & $0.109221$ & $-0.14092$ & $-0.0106075$ & $0.015005$ & $0.0126159$ & $0.0331986$ & $0.00982554$ & $-0.014799$ & $-0.160315$ & $-0.00316445$ & $-0.0243629$ & $0.0699105$ & $0.0858433$ & $-0.0406528$ & $-0.0200715$ & $0.0220297$ & $0.0183753$ & $0.0538898$ & $0.0299845$ & $-0.0663429$ & $-0.0735462$ & $-0.00475689$ & $0.047163$ & $-0.0123512$ \\
CHG & $0.0547348$ & $0.000264004$ & $-0.0425406$ & $-0.02382$ & $0.0234956$ & $0.00448146$ & $1$ & $-0.00896256$ & $0.0249141$ & $0.0713728$ & $0.0405746$ & $0.468305$ & $-0.497809$ & $-0.0568868$ & $-0.0381132$ & $-0.0399584$ & $-0.0616842$ & $-0.0438604$ & $-0.0374413$ & $-0.0448596$ & $-0.0377975$ & $-0.0294399$ & $0.00854351$ & $-0.0567013$ & $-0.0422768$ & $0.0417928$ & $0.0286249$ & $0.0314781$ & $0.0739701$ & $-0.227561$ & $-0.176085$ & $0.922033$ & $-0.270504$ & $0.0207878$ & $-0.0330794$ & $-0.0390841$ & $0.00655336$ & $-0.0517579$ & $-0.118548$ & $-0.055452$ & $-0.0045902$ & $0.0419715$ & $0.00316691$ & $0.00480103$ & $0.0198172$ & $-0.0229854$ & $-0.0436857$ & $-0.00243486$ & $-0.0284818$ \\
CHWB & $-0.0275156$ & $-0.104008$ & $0.0112219$ & $-0.0255511$ & $0.0284518$ & $-0.0574863$ & $-0.00896256$ & $1$ & $0.987792$ & $-0.579597$ & $-0.867095$ & $-0.132933$ & $0.0184453$ & $0.264548$ & $0.444629$ & $0.394365$ & $-0.211229$ & $-0.39442$ & $-0.373$ & $0.844701$ & $0.882682$ & $0.872723$ & $0.046019$ & $-0.634044$ & $-0.373334$ & $-0.608489$ & $0.378901$ & $0.436941$ & $0.0185608$ & $0.0545891$ & $0.0878889$ & $-0.0421368$ & $0.074176$ & $0.512715$ & $-0.0774187$ & $-0.0677975$ & $0.0169929$ & $-0.012951$ & $-0.0238992$ & $0.0030021$ & $0.047942$ & $0.0264357$ & $-0.0425891$ & $-0.0301387$ & $0.00965216$ & $0.027136$ & $0.054659$ & $0.0160034$ & $0.0180071$ \\
CHWHB_gaga & $-0.0293568$ & $-0.0998783$ & $0.00596263$ & $-0.0271032$ & $0.0247439$ & $-0.0496052$ & $0.0249141$ & $0.987792$ & $1$ & $-0.573054$ & $-0.854711$ & $-0.135767$ & $0.0299563$ & $0.260275$ & $0.439446$ & $0.387424$ & $-0.21502$ & $-0.393599$ & $-0.370571$ & $0.833307$ & $0.870483$ & $0.860036$ & $0.041377$ & $-0.628708$ & $-0.373475$ & $-0.597517$ & $0.371184$ & $0.429804$ & $0.0250128$ & $0.085224$ & $0.103485$ & $-0.0145234$ & $0.103337$ & $0.503366$ & $-0.0852184$ & $-0.0721658$ & $0.00319552$ & $-0.015769$ & $-0.0272492$ & $0.00321283$ & $0.043676$ & $0.0331057$ & $0.0214417$ & $-0.0280184$ & $0.0117533$ & $0.03648$ & $0.0517775$ & $0.0162665$ & $0.0211803$ \\
CHWHB_gagaorth & $0.0154541$ & $0.0956039$ & $0.0238927$ & $0.00248155$ & $-0.0237192$ & $0.0344949$ & $0.0713728$ & $-0.579597$ & $-0.573054$ & $1$ & $0.471846$ & $0.360223$ & $-0.131713$ & $-0.084617$ & $-0.226673$ & $-0.228027$ & $0.16405$ & $0.270729$ & $0.267842$ & $-0.455629$ & $-0.484183$ & $-0.487509$ & $-0.0414212$ & $0.410334$ & $0.273949$ & $0.346702$ & $-0.213448$ & $-0.283948$ & $-0.0140781$ & $-0.163656$ & $-0.11472$ & $0.119531$ & $-0.150126$ & $-0.33154$ & $0.108653$ & $0.0500304$ & $-0.0150264$ & $0.0226718$ & $-0.00850176$ & $0.0125087$ & $-0.0407885$ & $-0.0341962$ & $0.0319935$ & $-0.046009$ & $-0.0293965$ & $-0.0395233$ & $-0.0502748$ & $0.0210965$ & $0.0159739$ \\
CHD & $-0.000112737$ & $0.0761434$ & $-0.0295838$ & $0.0349935$ & $-0.0253528$ & $0.154726$ & $0.0405746$ & $-0.867095$ & $-0.854711$ & $0.471846$ & $1$ & $0.208236$ & $-0.0608232$ & $-0.669392$ & $-0.569318$ & $-0.534479$ & $-0.272403$ & $-0.0429785$ & $-0.0630961$ & $-0.994465$ & $-0.994413$ & $-0.982633$ & $0.0190079$ & $0.208931$ & $-0.0684685$ & $0.695115$ & $-0.222319$ & $-0.439368$ & $-0.00646861$ & $-0.0623679$ & $-0.0760374$ & $0.081782$ & $-0.0935406$ & $-0.293645$ & $0.11136$ & $0.0445241$ & $-0.00217732$ & $0.00343787$ & $0.00833366$ & $-0.0295892$ & $-0.0553779$ & $-0.00544078$ & $0.0364939$ & $0.01577$ & $-0.0232722$ & $0.0040931$ & $-0.0388457$ & $-0.0252601$ & $-0.0209833$ \\
CHbox & $0.0159529$ & $0.0399322$ & $-0.0140782$ & $-0.0301006$ & $0.0344238$ & $0.00311138$ & $0.468305$ & $-0.132933$ & $-0.135767$ & $0.360223$ & $0.208236$ & $1$ & $-0.935307$ & $-0.21079$ & $-0.0694255$ & $-0.110929$ & $-0.146145$ & $-0.126492$ & $-0.10583$ & $-0.20315$ & $-0.209319$ & $-0.205005$ & $0.0197254$ & $-0.0327891$ & $-0.104935$ & $0.148672$ & $-0.0203489$ & $-0.0990475$ & $-0.0514228$ & $-0.331181$ & $-0.202941$ & $0.437304$ & $-0.324623$ & $-0.0592679$ & $0.0440153$ & $-0.0460243$ & $0.0121076$ & $-0.0333655$ & $-0.0727627$ & $-0.0419445$ & $-0.005455$ & $0.0200891$ & $-0.0185449$ & $-0.050833$ & $-0.00234352$ & $0.00223373$ & $-0.0762524$ & $-0.0439592$ & $-0.0257342$ \\
CH & $-0.0182334$ & $-0.0141594$ & $0.0154055$ & $0.0332378$ & $-0.0385566$ & $0.03957$ & $-0.497809$ & $0.0184453$ & $0.0299563$ & $-0.131713$ & $-0.0608232$ & $-0.935307$ & $1$ & $0.0997041$ & $0.0162107$ & $0.0584784$ & $0.0657352$ & $0.0784452$ & $0.0541867$ & $0.0622606$ & $0.0598324$ & $0.0560248$ & $-0.0280235$ & $0.0440273$ & $0.0562292$ & $-0.038333$ & $-0.0351696$ & $0.0234739$ & $0.0608976$ & $0.409061$ & $0.2229$ & $-0.421621$ & $0.408905$ & $-0.00780701$ & $0.0184425$ & $0.0666284$ & $-0.0138844$ & $0.0370507$ & $0.0662159$ & $0.0425039$ & $-0.00946113$ & $-0.026707$ & $0.0215447$ & $0.0359195$ & $-0.00903236$ & $-0.00262475$ & $0.0641548$ & $0.0542899$ & $0.0365588$ \\
CHL1_11 & $0.0212121$ & $-0.00731707$ & $0.0627674$ & $-0.0209678$ & $0.0460429$ & $-0.0184571$ & $-0.0568868$ & $0.264548$ & $0.260275$ & $-0.084617$ & $-0.669392$ & $-0.21079$ & $0.0997041$ & $1$ & $0.419897$ & $0.417663$ & $0.639107$ & $0.601125$ & $0.612124$ & $0.688221$ & $0.638266$ & $0.628072$ & $-0.0776291$ & $0.438234$ & $0.593117$ & $-0.468094$ & $-0.107925$ & $0.217814$ & $-0.00600104$ & $0.0374943$ & $0.0222785$ & $-0.0899237$ & $0.0760969$ & $-0.201631$ & $-0.09541$ & $-0.00468222$ & $-0.00626314$ & $0.046484$ & $-0.0146026$ & $0.04809$ & $0.0428022$ & $-0.0254084$ & $0.0120468$ & $0.0154376$ & $0.00494397$ & $-0.0628031$ & $0.00630428$ & $0.0573318$ & $0.0240211$ \\
CHL1_22 & $0.00838489$ & $-0.0492406$ & $0.0248861$ & $-0.013771$ & $0.0419304$ & $-0.0270965$ & $-0.0381132$ & $0.444629$ & $0.439446$ & $-0.226673$ & $-0.569318$ & $-0.0694255$ & $0.0162107$ & $0.419897$ & $1$ & $0.520498$ & $0.182635$ & $-0.28888$ & $0.0287107$ & $0.614165$ & $0.508367$ & $0.503895$ & $-0.184657$ & $0.0489319$ & $-0.0629284$ & $-0.367085$ & $-0.340797$ & $0.224807$ & $-0.0106782$ & $0.0394281$ & $0.0168114$ & $-0.0475265$ & $0.0211793$ & $-0.500357$ & $-0.0362189$ & $-0.0102777$ & $0.0384048$ & $0.0468011$ & $0.0286092$ & $0.0238099$ & $0.0295925$ & $-0.0232932$ & $-0.0542144$ & $-0.0684643$ & $0.0110104$ & $-0.0589524$ & $-0.054465$ & $0.0384237$ & $-0.02796$ \\
CHL1_33 & $-0.0166027$ & $-0.0100261$ & $0.0170002$ & $0.023763$ & $0.0844294$ & $-0.0208161$ & $-0.0399584$ & $0.394365$ & $0.387424$ & $-0.228027$ & $-0.534479$ & $-0.110929$ & $0.0584784$ & $0.417663$ & $0.520498$ & $1$ & $0.220684$ & $0.063542$ & $-0.251566$ & $0.581655$ & $0.477192$ & $0.494278$ & $-0.170596$ & $0.0863582$ & $-0.0414294$ & $-0.351674$ & $-0.384344$ & $0.190052$ & $-0.0351162$ & $0.0643881$ & $0.0225054$ & $-0.0430075$ & $0.127622$ & $-0.0722643$ & $-0.0559718$ & $0.0206812$ & $0.0150816$ & $0.000849912$ & $-0.000325863$ & $0.0643241$ & $0.0117355$ & $-0.0290527$ & $-0.0599948$ & $-0.0177192$ & $0.0527191$ & $0.0501654$ & $-0.0593945$ & $0.0604349$ & $0.0617548$ \\
CHL3_11 & $0.0356711$ & $0.0304426$ & $0.0397721$ & $-0.0227676$ & $-0.0276986$ & $-0.355584$ & $-0.0616842$ & $-0.211229$ & $-0.21502$ & $0.16405$ & $-0.272403$ & $-0.146145$ & $0.0657352$ & $0.639107$ & $0.182635$ & $0.220684$ & $1$ & $0.821767$ & $0.814295$ & $0.291333$ & $0.246912$ & $0.243633$ & $-0.108082$ & $0.750883$ & $0.846371$ & $-0.172549$ & $-0.176466$ & $0.0305081$ & $-0.0255768$ & $0.00694701$ & $-0.0262685$ & $-0.0807452$ & $0.0302085$ & $-0.245626$ & $-0.0787437$ & $0.0435529$ & $-0.0345274$ & $-0.0208485$ & $0.0449037$ & $0.0503799$ & $0.0107337$ & $-0.0278668$ & $0.000426798$ & $0.0232597$ & $0.0446391$ & $-0.0411803$ & $-0.0248047$ & $-0.0193997$ & $0.00234789$ \\
CHL3_22 & $0.0326118$ & $0.0475251$ & $0.0400024$ & $-0.00808643$ & $-0.0102389$ & $-0.176037$ & $-0.0438604$ & $-0.39442$ & $-0.393599$ & $0.270729$ & $-0.0429785$ & $-0.126492$ & $0.0784452$ & $0.601125$ & $-0.28888$ & $0.063542$ & $0.821767$ & $1$ & $0.780501$ & $0.0504674$ & $0.0372891$ & $0.0369842$ & $-0.0212896$ & $0.739107$ & $0.861611$ & $-0.0335404$ & $-0.0806785$ & $-0.0706662$ & $-0.0171689$ & $-0.00151973$ & $-0.0247202$ & $-0.0583807$ & $0.0424116$ & $-0.0676538$ & $-0.0576235$ & $0.0457665$ & $-0.0435945$ & $-0.0160221$ & $0.0062778$ & $0.0465965$ & $0.0023647$ & $-0.0265505$ & $0.0387828$ & $0.0668923$ & $0.0221895$ & $-0.0203563$ & $0.00320066$ & $-0.000165547$ & $0.0310507$ \\
CHL3_33 & $0.0446955$ & $0.0290264$ & $0.0548649$ & $-0.0181046$ & $-0.050736$ & $-0.180569$ & $-0.0374413$ & $-0.373$ & $-0.370571$ & $0.267842$ & $-0.0630961$ & $-0.10583$ & $0.0541867$ & $0.612124$ & $0.0287107$ & $-0.251566$ & $0.814295$ & $0.780501$ & $1$ & $0.0695595$ & $0.0562028$ & $0.054154$ & $-0.0241004$ & $0.732429$ & $0.868914$ & $-0.04813$ & $-0.0496804$ & $-0.0508028$ & $-0.0101366$ & $-0.0148641$ & $-0.0366023$ & $-0.0543859$ & $-0.0264106$ & $-0.363242$ & $-0.0429826$ & $0.0344599$ & $-0.0356277$ & $0.0202846$ & $0.0254115$ & $0.0132294$ & $0.0172402$ & $-0.0213331$ & $0.0495423$ & $0.0375353$ & $-0.00675481$ & $-0.0938638$ & $0.00579942$ & $-0.0201806$ & $-0.0300328$ \\
CHe_11 & $-0.00493503$ & $-0.0554309$ & $0.0386047$ & $-0.03022$ & $0.0374575$ & $-0.149163$ & $-0.0448596$ & $0.844701$ & $0.833307$ & $-0.455629$ & $-0.994465$ & $-0.20315$ & $0.0622606$ & $0.688221$ & $0.614165$ & $0.581655$ & $0.291333$ & $0.0504674$ & $0.0695595$ & $1$ & $0.983358$ & $0.972353$ & $-0.0374633$ & $-0.167074$ & $0.0792283$ & $-0.689768$ & $0.16043$ & $0.430192$ & $0.00560692$ & $0.0669677$ & $0.072916$ & $-0.0843816$ & $0.0984397$ & $0.230477$ & $-0.106389$ & $-0.0395033$ & $0.00476019$ & $0.000350454$ & $-0.00642427$ & $0.0333736$ & $0.0546828$ & $0.000384487$ & $-0.0395407$ & $-0.020371$ & $0.0262192$ & $-0.0071843$ & $0.0322117$ & $0.0318155$ & $0.0222602$ \\
CHe_22 & $-0.00691204$ & $-0.0537012$ & $0.0340459$ & $-0.0339572$ & $0.0245251$ & $-0.163136$ & $-0.0377975$ & $0.882682$ & $0.870483$ & $-0.484183$ & $-0.994413$ & $-0.209319$ & $0.0598324$ & $0.638266$ & $0.508367$ & $0.477192$ & $0.246912$ & $0.0372891$ & $0.0562028$ & $0.983358$ & $1$ & $0.985445$ & $0.00437383$ & $-0.253561$ & $0.0574078$ & $-0.695107$ & $0.290816$ & $0.444343$ & $0.010885$ & $0.0621095$ & $0.0761885$ & $-0.0810464$ & $0.0933168$ & $0.366914$ & $-0.112379$ & $-0.050207$ & $-0.000132442$ & $-0.00773445$ & $-0.00988699$ & $0.023067$ & $0.0555383$ & $0.0124173$ & $-0.0329308$ & $-0.0161515$ & $0.0223005$ & $-0.00353993$ & $0.0489676$ & $0.0206987$ & $0.0225029$ \\
CHe_33 & $-0.0147504$ & $-0.055992$ & $0.0386981$ & $-0.0156752$ & $0.00788772$ & $-0.163198$ & $-0.0294399$ & $0.872723$ & $0.860036$ & $-0.487509$ & $-0.982633$ & $-0.205005$ & $0.0560248$ & $0.628072$ & $0.503895$ & $0.494278$ & $0.243633$ & $0.0369842$ & $0.054154$ & $0.972353$ & $0.985445$ & $1$ & $0.00550055$ & $-0.247906$ & $0.0524009$ & $-0.687023$ & $0.280976$ & $0.430474$ & $0.00163944$ & $0.0642591$ & $0.0728414$ & $-0.068711$ & $0.0940178$ & $0.364708$ & $-0.103903$ & $-0.0382245$ & $-0.00131329$ & $-0.00316257$ & $-0.017614$ & $0.0225664$ & $0.0563374$ & $0.00556255$ & $-0.0233871$ & $-0.00918548$ & $0.02182$ & $0.00608488$ & $0.0428061$ & $0.0186521$ & $0.0151516$ \\
CHQ1_11 & $-0.00606675$ & $0.046053$ & $-0.0458671$ & $-0.0372286$ & $-0.000741257$ & $-0.0213185$ & $0.00854351$ & $0.046019$ & $0.041377$ & $-0.0414212$ & $0.0190079$ & $0.0197254$ & $-0.0280235$ & $-0.0776291$ & $-0.184657$ & $-0.170596$ & $-0.108082$ & $-0.0212896$ & $-0.0241004$ & $-0.0374633$ & $0.00437383$ & $0.00550055$ & $1$ & $-0.148326$ & $0.0282911$ & $-0.570342$ & $0.338464$ & $-0.00526289$ & $0.0263462$ & $-0.0548868$ & $-0.000470226$ & $0.00265657$ & $0.00981286$ & $0.201506$ & $0.0430406$ & $-0.0831171$ & $-0.0250275$ & $0.00175476$ & $-0.0406095$ & $-0.0213953$ & $0.0576949$ & $0.00151806$ & $0.0539395$ & $0.00227678$ & $-0.0578415$ & $0.0453131$ & $0.0661722$ & $-0.0111444$ & $0.0461351$ \\
CHQ1_33 & $-0.0229838$ & $0.0572768$ & $0.0336953$ & $0.00954238$ & $-0.0341975$ & $-0.102418$ & $-0.0567013$ & $-0.634044$ & $-0.628708$ & $0.410334$ & $0.208931$ & $-0.0327891$ & $0.0440273$ & $0.438234$ & $0.0489319$ & $0.0863582$ & $0.750883$ & $0.739107$ & $0.732429$ & $-0.167074$ & $-0.253561$ & $-0.247906$ & $-0.148326$ & $1$ & $0.752511$ & $0.163553$ & $-0.416493$ & $-0.114045$ & $-0.0393749$ & $-0.0287146$ & $-0.0648894$ & $-0.0454664$ & $-0.00910406$ & $-0.60463$ & $-0.0125445$ & $0.0905975$ & $-0.00262581$ & $0.00853758$ & $0.0398525$ & $0.0257849$ & $-0.0389646$ & $-0.0494449$ & $0.0163818$ & $0.0121922$ & $0.0118142$ & $-0.0575984$ & $-0.0692267$ & $-0.0024703$ & $-0.0120433$ \\
CHQ3_11 & $-0.0487457$ & $0.0427454$ & $0.0599882$ & $-0.0251599$ & $-0.0431695$ & $-0.22156$ & $-0.0422768$ & $-0.373334$ & $-0.373475$ & $0.273949$ & $-0.0684685$ & $-0.104935$ & $0.0562292$ & $0.593117$ & $-0.0629284$ & $-0.0414294$ & $0.846371$ & $0.861611$ & $0.868914$ & $0.0792283$ & $0.0574078$ & $0.0524009$ & $0.0282911$ & $0.752511$ & $1$ & $-0.0391774$ & $0.102575$ & $-0.0495459$ & $-0.024775$ & $-0.0140468$ & $-0.0645777$ & $-0.060922$ & $-0.000568543$ & $-0.248378$ & $-0.0563727$ & $0.0367938$ & $-0.0134941$ & $0.0303508$ & $0.0189133$ & $0.0377423$ & $0.0171552$ & $-0.0199509$ & $0.012848$ & $0.031501$ & $-0.00276633$ & $-0.0495103$ & $-0.0416962$ & $-0.0131078$ & $-0.0147828$ \\
CHu_11 & $-0.00966958$ & $0.0201148$ & $0.0106193$ & $0.0289549$ & $-0.0266707$ & $0.109221$ & $0.0417928$ & $-0.608489$ & $-0.597517$ & $0.346702$ & $0.695115$ & $0.148672$ & $-0.038333$ & $-0.468094$ & $-0.367085$ & $-0.351674$ & $-0.172549$ & $-0.0335404$ & $-0.04813$ & $-0.689768$ & $-0.695107$ & $-0.687023$ & $-0.570342$ & $0.163553$ & $-0.0391774$ & $1$ & $-0.15109$ & $-0.308607$ & $-0.0211714$ & $-0.00875046$ & $-0.0596952$ & $0.0685819$ & $-0.0754003$ & $-0.22834$ & $0.0382691$ & $0.0742837$ & $0.039305$ & $-0.0132261$ & $0.0368803$ & $-0.00302432$ & $-0.0572322$ & $-0.00372866$ & $-0.0130503$ & $-0.00914576$ & $0.0158436$ & $-0.0175945$ & $-0.081084$ & $-0.00992882$ & $-0.0366265$ \\
CHd_11 & $-0.036857$ & $-0.00507273$ & $0.0193441$ & $-0.0451467$ & $-0.0784307$ & $-0.14092$ & $0.0286249$ & $0.378901$ & $0.371184$ & $-0.213448$ & $-0.222319$ & $-0.0203489$ & $-0.0351696$ & $-0.107925$ & $-0.340797$ & $-0.384344$ & $-0.176466$ & $-0.0806785$ & $-0.0496804$ & $0.16043$ & $0.290816$ & $0.280976$ & $0.338464$ & $-0.416493$ & $0.102575$ & $-0.15109$ & $1$ & $0.166662$ & $0.00724084$ & $-0.0213309$ & $-0.000321934$ & $-0.00310974$ & $-0.0288009$ & $0.679009$ & $-0.0404778$ & $-0.0571733$ & $0.026442$ & $-0.00450935$ & $-0.0157494$ & $-0.0357152$ & $0.038782$ & $0.0442685$ & $-0.0143294$ & $-0.00579802$ & $-0.0358937$ & $0.0423378$ & $0.0409133$ & $-0.0621285$ & $-0.0187966$ \\
CHd_33 & $0.0780534$ & $-0.0922903$ & $0.0591012$ & $0.0567418$ & $0.0396648$ & $-0.0106075$ & $0.0314781$ & $0.436941$ & $0.429804$ & $-0.283948$ & $-0.439368$ & $-0.0990475$ & $0.0234739$ & $0.217814$ & $0.224807$ & $0.190052$ & $0.0305081$ & $-0.0706662$ & $-0.0508028$ & $0.430192$ & $0.444343$ & $0.430474$ & $-0.00526289$ & $-0.114045$ & $-0.0495459$ & $-0.308607$ & $0.166662$ & $1$ & $0.0212209$ & $-0.012313$ & $0.00817509$ & $0.0123501$ & $0.00298357$ & $0.200754$ & $-0.0505083$ & $0.00291228$ & $-0.0183826$ & $-0.0391995$ & $-0.0477728$ & $-0.00387853$ & $-0.00139664$ & $0.0221497$ & $-0.0320423$ & $-0.0230705$ & $-0.0261315$ & $-0.039852$ & $-0.0259547$ & $0.0158249$ & $-0.0669597$ \\
CeH_22r & $0.00239759$ & $0.00262387$ & $-0.0200109$ & $0.0409952$ & $-0.00137181$ & $0.015005$ & $0.0739701$ & $0.0185608$ & $0.0250128$ & $-0.0140781$ & $-0.00646861$ & $-0.0514228$ & $0.0608976$ & $-0.00600104$ & $-0.0106782$ & $-0.0351162$ & $-0.0255768$ & $-0.0171689$ & $-0.0101366$ & $0.00560692$ & $0.010885$ & $0.00163944$ & $0.0263462$ & $-0.0393749$ & $-0.024775$ & $-0.0211714$ & $0.00724084$ & $0.0212209$ & $1$ & $0.076893$ & $0.0217066$ & $0.0534649$ & $0.0483679$ & $0.0196499$ & $-0.0616569$ & $0.00312986$ & $-0.0167092$ & $-0.0096163$ & $0.0116828$ & $0.0713693$ & $0.0304221$ & $0.0747753$ & $-0.0579256$ & $0.0271345$ & $0.000289048$ & $-0.000271709$ & $0.037711$ & $0.0523998$ & $0.0126996$ \\
CeH_33r & $0.000594403$ & $0.0138643$ & $-0.00206637$ & $0.0365228$ & $0.00732924$ & $0.0126159$ & $-0.227561$ & $0.0545891$ & $0.085224$ & $-0.163656$ & $-0.0623679$ & $-0.331181$ & $0.409061$ & $0.0374943$ & $0.0394281$ & $0.0643881$ & $0.00694701$ & $-0.00151973$ & $-0.0148641$ & $0.0669677$ & $0.0621095$ & $0.0642591$ & $-0.0548868$ & $-0.0287146$ & $-0.0140468$ & $-0.00875046$ & $-0.0213309$ & $-0.012313$ & $0.076893$ & $1$ & $0.370074$ & $-0.0753606$ & $0.682549$ & $0.0105086$ & $-0.122633$ & $-0.0359277$ & $-0.150681$ & $0.0060603$ & $0.0289379$ & $0.0278271$ & $-0.00775837$ & $0.00227953$ & $0.00998248$ & $0.0131269$ & $0.0774718$ & $-0.00605406$ & $0.082563$ & $0.0148248$ & $0.0194514$ \\
CuH_22r & $0.0232279$ & $-0.0018658$ & $-0.0190134$ & $-0.0335756$ & $-0.00596572$ & $0.0331986$ & $-0.176085$ & $0.0878889$ & $0.103485$ & $-0.11472$ & $-0.0760374$ & $-0.202941$ & $0.2229$ & $0.0222785$ & $0.0168114$ & $0.0225054$ & $-0.0262685$ & $-0.0247202$ & $-0.0366023$ & $0.072916$ & $0.0761885$ & $0.0728414$ & $-0.000470226$ & $-0.0648894$ & $-0.0645777$ & $-0.0596952$ & $-0.000321934$ & $0.00817509$ & $0.0217066$ & $0.370074$ & $1$ & $-0.0904003$ & $0.376099$ & $0.0604691$ & $-0.0355741$ & $0.0187484$ & $-0.073283$ & $-0.0573079$ & $0.05078$ & $0.00276452$ & $0.00457899$ & $-0.0209275$ & $-0.00267825$ & $0.0249026$ & $0.0423737$ & $0.0320319$ & $0.423084$ & $-0.0124992$ & $0.0554947$ \\
CuH_33r & $0.0234207$ & $0.00253062$ & $-0.0317491$ & $-0.0171974$ & $0.0114138$ & $0.00982554$ & $0.922033$ & $-0.0421368$ & $-0.0145234$ & $0.119531$ & $0.081782$ & $0.437304$ & $-0.421621$ & $-0.0899237$ & $-0.0475265$ & $-0.0430075$ & $-0.0807452$ & $-0.0583807$ & $-0.0543859$ & $-0.0843816$ & $-0.0810464$ & $-0.068711$ & $0.00265657$ & $-0.0454664$ & $-0.060922$ & $0.0685819$ & $-0.00310974$ & $0.0123501$ & $0.0534649$ & $-0.0753606$ & $-0.0904003$ & $1$ & $-0.061739$ & $-0.00193333$ & $0.0244479$ & $-0.0165978$ & $-0.0218291$ & $-0.0705382$ & $-0.115241$ & $-0.052493$ & $-0.0251361$ & $0.0361875$ & $-0.00260105$ & $-0.000436081$ & $0.0141854$ & $-0.0302086$ & $-0.039296$ & $0.0201511$ & $0.00665323$ \\
CdH_33r & $-0.0440115$ & $-0.00344607$ & $0.0112808$ & $0.0451683$ & $0.0167388$ & $-0.014799$ & $-0.270504$ & $0.074176$ & $0.103337$ & $-0.150126$ & $-0.0935406$ & $-0.324623$ & $0.408905$ & $0.0760969$ & $0.0211793$ & $0.127622$ & $0.0302085$ & $0.0424116$ & $-0.0264106$ & $0.0984397$ & $0.0933168$ & $0.0940178$ & $0.00981286$ & $-0.00910406$ & $-0.000568543$ & $-0.0754003$ & $-0.0288009$ & $0.00298357$ & $0.0483679$ & $0.682549$ & $0.376099$ & $-0.061739$ & $1$ & $0.0477774$ & $-0.0720198$ & $-0.0192336$ & $-0.184315$ & $0.000394208$ & $-0.0280004$ & $0.0260427$ & $-0.00362858$ & $0.017361$ & $-0.0365203$ & $-0.0100529$ & $-0.00736687$ & $-0.0192543$ & $0.0179062$ & $0.163984$ & $0.45831$ \\
CLL_1221 & $-0.0358411$ & $0.010845$ & $-0.0153463$ & $-0.0113208$ & $-0.0308342$ & $-0.160315$ & $0.0207878$ & $0.512715$ & $0.503366$ & $-0.33154$ & $-0.293645$ & $-0.0592679$ & $-0.00780701$ & $-0.201631$ & $-0.500357$ & $-0.0722643$ & $-0.245626$ & $-0.0676538$ & $-0.363242$ & $0.230477$ & $0.366914$ & $0.364708$ & $0.201506$ & $-0.60463$ & $-0.248378$ & $-0.22834$ & $0.679009$ & $0.200754$ & $0.0196499$ & $0.0105086$ & $0.0604691$ & $-0.00193333$ & $0.0477774$ & $1$ & $-0.0399874$ & $-0.0550857$ & $-0.0217983$ & $-0.0871504$ & $-0.0323454$ & $-0.00697768$ & $0.0131531$ & $0.0467331$ & $-0.00474818$ & $0.0268644$ & $0.0145471$ & $0.100156$ & $0.0930014$ & $-0.0463025$ & $0.0403932$ \\
eHggint & $-0.0569448$ & $0.110756$ & $-0.0209105$ & $-0.032845$ & $-0.0174974$ & $-0.00316445$ & $-0.0330794$ & $-0.0774187$ & $-0.0852184$ & $0.108653$ & $0.11136$ & $0.0440153$ & $0.0184425$ & $-0.09541$ & $-0.0362189$ & $-0.0559718$ & $-0.0787437$ & $-0.0576235$ & $-0.0429826$ & $-0.106389$ & $-0.112379$ & $-0.103903$ & $0.0430406$ & $-0.0125445$ & $-0.0563727$ & $0.0382691$ & $-0.0404778$ & $-0.0505083$ & $-0.0616569$ & $-0.122633$ & $-0.0355741$ & $0.0244479$ & $-0.0720198$ & $-0.0399874$ & $1$ & $-0.0736889$ & $0.0285444$ & $-0.0217339$ & $-0.00515132$ & $-0.0246143$ & $-0.0789492$ & $-0.0145428$ & $0.024873$ & $-0.0229574$ & $-0.0757211$ & $0.0549167$ & $0.0243284$ & $0.00118156$ & $0.00476213$ \\
eHggpar & $-0.0227474$ & $-0.0733945$ & $0.0369773$ & $0.0106592$ & $-3.98766e-05$ & $-0.0243629$ & $-0.0390841$ & $-0.0677975$ & $-0.0721658$ & $0.0500304$ & $0.0445241$ & $-0.0460243$ & $0.0666284$ & $-0.00468222$ & $-0.0102777$ & $0.0206812$ & $0.0435529$ & $0.0457665$ & $0.0344599$ & $-0.0395033$ & $-0.050207$ & $-0.0382245$ & $-0.0831171$ & $0.0905975$ & $0.0367938$ & $0.0742837$ & $-0.0571733$ & $0.00291228$ & $0.00312986$ & $-0.0359277$ & $0.0187484$ & $-0.0165978$ & $-0.0192336$ & $-0.0550857$ & $-0.0736889$ & $1$ & $0.00260145$ & $-0.0203563$ & $0.0181152$ & $0.0730836$ & $-0.0306825$ & $0.0094227$ & $-0.0219228$ & $-0.000905364$ & $0.0355712$ & $0.0293898$ & $-0.0384259$ & $-0.00506026$ & $0.0165566$ \\
eHWWint & $-0.0100547$ & $-0.0192272$ & $0.0367535$ & $-0.0499041$ & $-0.0632506$ & $0.0699105$ & $0.00655336$ & $0.0169929$ & $0.00319552$ & $-0.0150264$ & $-0.00217732$ & $0.0121076$ & $-0.0138844$ & $-0.00626314$ & $0.0384048$ & $0.0150816$ & $-0.0345274$ & $-0.0435945$ & $-0.0356277$ & $0.00476019$ & $-0.000132442$ & $-0.00131329$ & $-0.0250275$ & $-0.00262581$ & $-0.0134941$ & $0.039305$ & $0.026442$ & $-0.0183826$ & $-0.0167092$ & $-0.150681$ & $-0.073283$ & $-0.0218291$ & $-0.184315$ & $-0.0217983$ & $0.0285444$ & $0.00260145$ & $1$ & $0.0152292$ & $0.0108165$ & $-0.0513299$ & $-0.0759844$ & $0.0113008$ & $0.0307491$ & $-0.0254102$ & $-0.0654021$ & $0.0532646$ & $-2.49677e-05$ & $-0.00546774$ & $-0.0291766$ \\
eHWWpar & $0.0533439$ & $0.0287478$ & $0.0519051$ & $0.0158487$ & $0.0340114$ & $0.0858433$ & $-0.0517579$ & $-0.012951$ & $-0.015769$ & $0.0226718$ & $0.00343787$ & $-0.0333655$ & $0.0370507$ & $0.046484$ & $0.0468011$ & $0.000849912$ & $-0.0208485$ & $-0.0160221$ & $0.0202846$ & $0.000350454$ & $-0.00773445$ & $-0.00316257$ & $0.00175476$ & $0.00853758$ & $0.0303508$ & $-0.0132261$ & $-0.00450935$ & $-0.0391995$ & $-0.0096163$ & $0.0060603$ & $-0.0573079$ & $-0.0705382$ & $0.000394208$ & $-0.0871504$ & $-0.0217339$ & $-0.0203563$ & $0.0152292$ & $1$ & $-0.0576375$ & $-0.0609064$ & $0.0496578$ & $-0.0373209$ & $0.0498069$ & $-0.0831362$ & $0.0117342$ & $0.0284413$ & $-0.00896265$ & $0.102711$ & $0.0364389$ \\
eHZZint & $0.0267789$ & $0.0175444$ & $0.0606621$ & $-0.040439$ & $0.0121548$ & $-0.0406528$ & $-0.118548$ & $-0.0238992$ & $-0.0272492$ & $-0.00850176$ & $0.00833366$ & $-0.0727627$ & $0.0662159$ & $-0.0146026$ & $0.0286092$ & $-0.000325863$ & $0.0449037$ & $0.0062778$ & $0.0254115$ & $-0.00642427$ & $-0.00988699$ & $-0.017614$ & $-0.0406095$ & $0.0398525$ & $0.0189133$ & $0.0368803$ & $-0.0157494$ & $-0.0477728$ & $0.0116828$ & $0.0289379$ & $0.05078$ & $-0.115241$ & $-0.0280004$ & $-0.0323454$ & $-0.00515132$ & $0.0181152$ & $0.0108165$ & $-0.0576375$ & $1$ & $-0.0107452$ & $0.0368965$ & $0.0443767$ & $-0.0504655$ & $-0.0262693$ & $0.0418354$ & $0.0410113$ & $0.10627$ & $-0.0334641$ & $-0.0129376$ \\
eHZZpar & $-0.0589166$ & $0.0142262$ & $-0.0212012$ & $0.00279065$ & $0.0273172$ & $-0.0200715$ & $-0.055452$ & $0.0030021$ & $0.00321283$ & $0.0125087$ & $-0.0295892$ & $-0.0419445$ & $0.0425039$ & $0.04809$ & $0.0238099$ & $0.0643241$ & $0.0503799$ & $0.0465965$ & $0.0132294$ & $0.0333736$ & $0.023067$ & $0.0225664$ & $-0.0213953$ & $0.0257849$ & $0.0377423$ & $-0.00302432$ & $-0.0357152$ & $-0.00387853$ & $0.0713693$ & $0.0278271$ & $0.00276452$ & $-0.052493$ & $0.0260427$ & $-0.00697768$ & $-0.0246143$ & $0.0730836$ & $-0.0513299$ & $-0.0609064$ & $-0.0107452$ & $1$ & $-0.0280942$ & $-0.031897$ & $0.0158693$ & $0.0448459$ & $-0.00307052$ & $-0.0389795$ & $-0.108685$ & $-0.0158799$ & $-0.0586779$ \\
eHZgaint & $0.0571026$ & $-0.000541143$ & $-0.0284012$ & $-0.0254625$ & $0.000670574$ & $0.0220297$ & $-0.0045902$ & $0.047942$ & $0.043676$ & $-0.0407885$ & $-0.0553779$ & $-0.005455$ & $-0.00946113$ & $0.0428022$ & $0.0295925$ & $0.0117355$ & $0.0107337$ & $0.0023647$ & $0.0172402$ & $0.0546828$ & $0.0555383$ & $0.0563374$ & $0.0576949$ & $-0.0389646$ & $0.0171552$ & $-0.0572322$ & $0.038782$ & $-0.00139664$ & $0.0304221$ & $-0.00775837$ & $0.00457899$ & $-0.0251361$ & $-0.00362858$ & $0.0131531$ & $-0.0789492$ & $-0.0306825$ & $-0.0759844$ & $0.0496578$ & $0.0368965$ & $-0.0280942$ & $1$ & $-0.0234177$ & $-0.0271218$ & $-0.0347052$ & $-0.0400362$ & $-0.0185466$ & $0.0768355$ & $-0.00237639$ & $0.00801091$ \\
eHZgapar & $-0.0104016$ & $-0.00581531$ & $-0.0133212$ & $0.0400944$ & $0.0160549$ & $0.0183753$ & $0.0419715$ & $0.0264357$ & $0.0331057$ & $-0.0341962$ & $-0.00544078$ & $0.0200891$ & $-0.026707$ & $-0.0254084$ & $-0.0232932$ & $-0.0290527$ & $-0.0278668$ & $-0.0265505$ & $-0.0213331$ & $0.000384487$ & $0.0124173$ & $0.00556255$ & $0.00151806$ & $-0.0494449$ & $-0.0199509$ & $-0.00372866$ & $0.0442685$ & $0.0221497$ & $0.0747753$ & $0.00227953$ & $-0.0209275$ & $0.0361875$ & $0.017361$ & $0.0467331$ & $-0.0145428$ & $0.0094227$ & $0.0113008$ & $-0.0373209$ & $0.0443767$ & $-0.031897$ & $-0.0234177$ & $1$ & $0.00113451$ & $-0.0427628$ & $0.0166973$ & $0.015955$ & $0.00914182$ & $0.01708$ & $0.013138$ \\
eHgagaint & $0.0108001$ & $-0.0233286$ & $0.0130952$ & $-0.00946658$ & $0.0182268$ & $0.0538898$ & $0.00316691$ & $-0.0425891$ & $0.0214417$ & $0.0319935$ & $0.0364939$ & $-0.0185449$ & $0.0215447$ & $0.0120468$ & $-0.0542144$ & $-0.0599948$ & $0.000426798$ & $0.0387828$ & $0.0495423$ & $-0.0395407$ & $-0.0329308$ & $-0.0233871$ & $0.0539395$ & $0.0163818$ & $0.012848$ & $-0.0130503$ & $-0.0143294$ & $-0.0320423$ & $-0.0579256$ & $0.00998248$ & $-0.00267825$ & $-0.00260105$ & $-0.0365203$ & $-0.00474818$ & $0.024873$ & $-0.0219228$ & $0.0307491$ & $0.0498069$ & $-0.0504655$ & $0.0158693$ & $-0.0271218$ & $0.00113451$ & $1$ & $0.0984341$ & $0.0202065$ & $0.00526844$ & $-0.0162253$ & $0.0192962$ & $-0.0793885$ \\
eHmumuint & $0.026508$ & $-0.0858395$ & $0.00899249$ & $-0.0295628$ & $0.00768648$ & $0.0299845$ & $0.00480103$ & $-0.0301387$ & $-0.0280184$ & $-0.046009$ & $0.01577$ & $-0.050833$ & $0.0359195$ & $0.0154376$ & $-0.0684643$ & $-0.0177192$ & $0.0232597$ & $0.0668923$ & $0.0375353$ & $-0.020371$ & $-0.0161515$ & $-0.00918548$ & $0.00227678$ & $0.0121922$ & $0.031501$ & $-0.00914576$ & $-0.00579802$ & $-0.0230705$ & $0.0271345$ & $0.0131269$ & $0.0249026$ & $-0.000436081$ & $-0.0100529$ & $0.0268644$ & $-0.0229574$ & $-0.000905364$ & $-0.0254102$ & $-0.0831362$ & $-0.0262693$ & $0.0448459$ & $-0.0347052$ & $-0.0427628$ & $0.0984341$ & $1$ & $-0.000589856$ & $-0.0660661$ & $0.0390209$ & $-0.0725479$ & $-0.0802365$ \\
eHtautauint & $0.0456632$ & $0.00416503$ & $0.0886182$ & $-0.01635$ & $0.0236106$ & $-0.0663429$ & $0.0198172$ & $0.00965216$ & $0.0117533$ & $-0.0293965$ & $-0.0232722$ & $-0.00234352$ & $-0.00903236$ & $0.00494397$ & $0.0110104$ & $0.0527191$ & $0.0446391$ & $0.0221895$ & $-0.00675481$ & $0.0262192$ & $0.0223005$ & $0.02182$ & $-0.0578415$ & $0.0118142$ & $-0.00276633$ & $0.0158436$ & $-0.0358937$ & $-0.0261315$ & $0.000289048$ & $0.0774718$ & $0.0423737$ & $0.0141854$ & $-0.00736687$ & $0.0145471$ & $-0.0757211$ & $0.0355712$ & $-0.0654021$ & $0.0117342$ & $0.0418354$ & $-0.00307052$ & $-0.0400362$ & $0.0166973$ & $0.0202065$ & $-0.000589856$ & $1$ & $0.131333$ & $0.0153381$ & $-0.0878009$ & $-0.026786$ \\
eHccint & $-0.00750934$ & $0.063151$ & $0.00919696$ & $-0.00127577$ & $0.0145392$ & $-0.0735462$ & $-0.0229854$ & $0.027136$ & $0.03648$ & $-0.0395233$ & $0.0040931$ & $0.00223373$ & $-0.00262475$ & $-0.0628031$ & $-0.0589524$ & $0.0501654$ & $-0.0411803$ & $-0.0203563$ & $-0.0938638$ & $-0.0071843$ & $-0.00353993$ & $0.00608488$ & $0.0453131$ & $-0.0575984$ & $-0.0495103$ & $-0.0175945$ & $0.0423378$ & $-0.039852$ & $-0.000271709$ & $-0.00605406$ & $0.0320319$ & $-0.0302086$ & $-0.0192543$ & $0.100156$ & $0.0549167$ & $0.0293898$ & $0.0532646$ & $0.0284413$ & $0.0410113$ & $-0.0389795$ & $-0.0185466$ & $0.015955$ & $0.00526844$ & $-0.0660661$ & $0.131333$ & $1$ & $-0.0146838$ & $-0.0445594$ & $-0.0181324$ \\
eHccpar & $0.0347936$ & $0.0210602$ & $0.0236396$ & $-0.0616777$ & $0.0151578$ & $-0.00475689$ & $-0.0436857$ & $0.054659$ & $0.0517775$ & $-0.0502748$ & $-0.0388457$ & $-0.0762524$ & $0.0641548$ & $0.00630428$ & $-0.054465$ & $-0.0593945$ & $-0.0248047$ & $0.00320066$ & $0.00579942$ & $0.0322117$ & $0.0489676$ & $0.0428061$ & $0.0661722$ & $-0.0692267$ & $-0.0416962$ & $-0.081084$ & $0.0409133$ & $-0.0259547$ & $0.037711$ & $0.082563$ & $0.423084$ & $-0.039296$ & $0.0179062$ & $0.0930014$ & $0.0243284$ & $-0.0384259$ & $-2.49677e-05$ & $-0.00896265$ & $0.10627$ & $-0.108685$ & $0.0768355$ & $0.00914182$ & $-0.0162253$ & $0.0390209$ & $0.0153381$ & $-0.0146838$ & $1$ & $0.00737885$ & $0.0120236$ \\
eHbbint & $-0.0161791$ & $0.010541$ & $0.063346$ & $0.0571972$ & $0.0280058$ & $0.047163$ & $-0.00243486$ & $0.0160034$ & $0.0162665$ & $0.0210965$ & $-0.0252601$ & $-0.0439592$ & $0.0542899$ & $0.0573318$ & $0.0384237$ & $0.0604349$ & $-0.0193997$ & $-0.000165547$ & $-0.0201806$ & $0.0318155$ & $0.0206987$ & $0.0186521$ & $-0.0111444$ & $-0.0024703$ & $-0.0131078$ & $-0.00992882$ & $-0.0621285$ & $0.0158249$ & $0.0523998$ & $0.0148248$ & $-0.0124992$ & $0.0201511$ & $0.163984$ & $-0.0463025$ & $0.00118156$ & $-0.00506026$ & $-0.00546774$ & $0.102711$ & $-0.0334641$ & $-0.0158799$ & $-0.00237639$ & $0.01708$ & $0.0192962$ & $-0.0725479$ & $-0.0878009$ & $-0.0445594$ & $0.00737885$ & $1$ & $0.0260626$ \\
eHbbpar & $0.0116434$ & $-0.0109482$ & $0.0169529$ & $0.0308125$ & $0.000530818$ & $-0.0123512$ & $-0.0284818$ & $0.0180071$ & $0.0211803$ & $0.0159739$ & $-0.0209833$ & $-0.0257342$ & $0.0365588$ & $0.0240211$ & $-0.02796$ & $0.0617548$ & $0.00234789$ & $0.0310507$ & $-0.0300328$ & $0.0222602$ & $0.0225029$ & $0.0151516$ & $0.0461351$ & $-0.0120433$ & $-0.0147828$ & $-0.0366265$ & $-0.0187966$ & $-0.0669597$ & $0.0126996$ & $0.0194514$ & $0.0554947$ & $0.00665323$ & $0.45831$ & $0.0403932$ & $0.00476213$ & $0.0165566$ & $-0.0291766$ & $0.0364389$ & $-0.0129376$ & $-0.0586779$ & $0.00801091$ & $0.013138$ & $-0.0793885$ & $-0.0802365$ & $-0.026786$ & $-0.0181324$ & $0.0120236$ & $0.0260626$ & $1$ \\
