 & AlsMz & dAle5Mz & mtop & mHl & Mz & CW & CHG & CHWB & CHWHB_gaga & CHWHB_gagaorth & CHD & CHbox & CH & CHL1_11 & CHL1_22 & CHL1_33 & CHL3_11 & CHL3_22 & CHL3_33 & CHe_11 & CHe_22 & CHe_33 & CHQ1_11 & CHQ1_33 & CHQ3_11 & CHu_11 & CHd_11 & CHd_33 & CeH_22r & CeH_33r & CuH_22r & CuH_33r & CdH_33r & CLL_1221 & eHggint & eHggpar & eHWWint & eHWWpar & eHZZint & eHZZpar & eHZgaint & eHZgapar & eHgagaint & eHmumuint & eHtautauint & eHccint & eHccpar & eHbbint & eHbbpar \\
AlsMz & $1$ & $0.038632$ & $-0.00400806$ & $-0.178008$ & $0.00603283$ & $0.0390645$ & $0.00253452$ & $0.00252793$ & $-0.00702085$ & $-0.0154011$ & $-0.0154361$ & $-0.0356153$ & $-0.0175158$ & $0.0133324$ & $-0.00431971$ & $0.00307049$ & $0.00636257$ & $0.0078714$ & $0.00894947$ & $0.00537491$ & $0.00778404$ & $0.00618931$ & $-0.0198144$ & $-0.0638776$ & $-0.127119$ & $-0.0315916$ & $-0.0302909$ & $0.0273387$ & $0.0174185$ & $-0.00373016$ & $0.0317428$ & $-0.00216388$ & $-0.036132$ & $0.00572264$ & $-0.0134615$ & $0.0834677$ & $0.0144789$ & $-0.0235475$ & $0.0670038$ & $-0.00486607$ & $0.0338087$ & $0.0177947$ & $-0.0576779$ & $-0.0227792$ & $0.0350326$ & $0.0889685$ & $0.0477531$ & $0.0376409$ & $-0.0301959$ \\
dAle5Mz & $0.038632$ & $1$ & $0.0597587$ & $0.0516872$ & $-0.00202472$ & $0.0107626$ & $0.0237405$ & $-0.105018$ & $-0.0939055$ & $0.0475449$ & $0.0723267$ & $-0.000221231$ & $-0.0337163$ & $-0.000924244$ & $-0.0245642$ & $-0.0266598$ & $0.0500492$ & $0.0484296$ & $0.0530681$ & $-0.0468231$ & $-0.0464998$ & $-0.0398812$ & $-0.0152298$ & $0.0513913$ & $0.0383839$ & $0.0385648$ & $-0.019061$ & $-0.0202863$ & $-0.0172269$ & $0.0370374$ & $0.00825454$ & $0.0240244$ & $-0.0145536$ & $0.00566136$ & $0.0362409$ & $-0.137961$ & $0.0223056$ & $-0.0326368$ & $-0.0582069$ & $-0.0345725$ & $0.00103653$ & $-0.00200974$ & $0.0845865$ & $0.0145767$ & $-0.0153169$ & $0.000999344$ & $-0.011974$ & $-0.0207043$ & $-0.0624913$ \\
mtop & $-0.00400806$ & $0.0597587$ & $1$ & $-0.0107486$ & $-0.00851092$ & $-0.00545309$ & $-0.0227155$ & $0.015713$ & $0.0153893$ & $-0.0312099$ & $0.00150998$ & $-0.00230466$ & $0.0085196$ & $-0.0226151$ & $0.0152537$ & $0.00162884$ & $-0.0161901$ & $-0.0283676$ & $-0.0204921$ & $0.0118287$ & $0.0105182$ & $0.00924607$ & $0.0198827$ & $-0.0125703$ & $-0.0114836$ & $-0.0178995$ & $0.0138625$ & $0.0177664$ & $0.00532427$ & $-0.00376564$ & $-0.00226746$ & $-0.0319975$ & $-0.0444824$ & $0.00657487$ & $-0.00905322$ & $0.0230444$ & $0.018554$ & $-0.0275418$ & $0.0426959$ & $-0.021002$ & $0.0709144$ & $0.0188076$ & $-0.027556$ & $0.00305684$ & $-0.0302491$ & $0.00632074$ & $0.00599698$ & $-0.0563714$ & $-0.0420311$ \\
mHl & $-0.178008$ & $0.0516872$ & $-0.0107486$ & $1$ & $0.0062833$ & $-0.0235699$ & $-0.0118923$ & $-0.0123652$ & $-0.00562385$ & $0.00578301$ & $0.0139158$ & $0.0227837$ & $0.011101$ & $-0.0055671$ & $0.00506116$ & $0.0124499$ & $-0.00585865$ & $-0.00453331$ & $-0.00737236$ & $-0.00831544$ & $-0.0127405$ & $-0.0119825$ & $0.0161435$ & $0.0171218$ & $0.013394$ & $0.00403078$ & $-0.0134844$ & $-0.00782094$ & $-0.00255072$ & $0.0068754$ & $0.0316867$ & $-0.0134128$ & $-0.00179009$ & $-0.0124305$ & $-0.00341521$ & $-0.0223873$ & $-0.00173761$ & $0.00301021$ & $-0.0173626$ & $-0.0129173$ & $0.0822612$ & $-0.0081312$ & $0.0181769$ & $0.0227559$ & $0.0855752$ & $-0.096566$ & $0.0759138$ & $-0.103822$ & $0.0124146$ \\
Mz & $0.00603283$ & $-0.00202472$ & $-0.00851092$ & $0.0062833$ & $1$ & $0.00859775$ & $0.00497365$ & $-0.00953882$ & $-0.011036$ & $0.00847457$ & $0.0156167$ & $0.00285581$ & $0.00272356$ & $0.00470948$ & $0.018143$ & $-0.000366782$ & $0.000802843$ & $-0.00791631$ & $0.00601281$ & $-0.00538589$ & $-0.00940404$ & $-0.00602232$ & $-0.00690607$ & $0.0021469$ & $0.00495977$ & $0.00626484$ & $-0.00883442$ & $-0.00268031$ & $0.00736274$ & $0.0050074$ & $0.00278869$ & $0.00885701$ & $0.00866092$ & $-0.0250093$ & $0.00198944$ & $-0.0259225$ & $0.00911656$ & $-0.022628$ & $-0.00956715$ & $0.00027186$ & $0.0134746$ & $0.0166039$ & $-0.0261158$ & $-0.0176519$ & $0.00516255$ & $0.0206447$ & $-0.0137672$ & $0.0047351$ & $0.0217112$ \\
CW & $0.0390645$ & $0.0107626$ & $-0.00545309$ & $-0.0235699$ & $0.00859775$ & $1$ & $-0.0293031$ & $-0.100655$ & $-0.100603$ & $0.0227091$ & $0.161518$ & $0.0582276$ & $0.0243311$ & $0.0168554$ & $-0.0698544$ & $-0.0721964$ & $-0.250929$ & $-0.0570863$ & $-0.0541484$ & $-0.161039$ & $-0.164693$ & $-0.162525$ & $-0.0101017$ & $-0.00890996$ & $-0.0966087$ & $0.092763$ & $-0.0655655$ & $-0.0455061$ & $0.0126165$ & $0.0159604$ & $0.0136884$ & $-0.0178195$ & $0.0235291$ & $-0.104535$ & $0.0179305$ & $0.0109624$ & $-0.00291763$ & $0.017108$ & $-0.0022857$ & $-0.00131182$ & $0.00702544$ & $-0.0111417$ & $0.00834899$ & $0.00829411$ & $0.00623196$ & $0.00362601$ & $-0.024238$ & $0.0241084$ & $0.00799248$ \\
CHG & $0.00253452$ & $0.0237405$ & $-0.0227155$ & $-0.0118923$ & $0.00497365$ & $-0.0293031$ & $1$ & $-0.110602$ & $-0.0558546$ & $0.0847569$ & $0.0547062$ & $-0.218667$ & $-0.287196$ & $0.0644719$ & $0.0077773$ & $-0.00955465$ & $0.117831$ & $0.0993287$ & $0.114045$ & $-0.0489701$ & $-0.0601929$ & $-0.0604865$ & $-0.017214$ & $0.126554$ & $0.113858$ & $0.035926$ & $-0.0544098$ & $-0.0381724$ & $0.0264454$ & $-0.114107$ & $-0.0524193$ & $0.93473$ & $-0.139139$ & $-0.0902634$ & $-0.0644563$ & $-0.0630444$ & $0.0330664$ & $-0.000807405$ & $-0.0185617$ & $0.00305266$ & $0.0094157$ & $0.0096113$ & $0.017439$ & $-0.0218024$ & $0.0159034$ & $-0.0182229$ & $0.0392444$ & $0.0163425$ & $-0.0220812$ \\
CHWB & $0.00252793$ & $-0.105018$ & $0.015713$ & $-0.0123652$ & $-0.00953882$ & $-0.100655$ & $-0.110602$ & $1$ & $0.981815$ & $-0.578019$ & $-0.877112$ & $0.108145$ & $0.374475$ & $0.0785675$ & $0.305339$ & $0.293609$ & $-0.275146$ & $-0.460857$ & $-0.452545$ & $0.848098$ & $0.894346$ & $0.878229$ & $0.0458886$ & $-0.685511$ & $-0.425893$ & $-0.496215$ & $0.421507$ & $0.278749$ & $0.0320389$ & $0.0954352$ & $0.0416095$ & $-0.103434$ & $0.0977371$ & $0.552092$ & $0.0144647$ & $0.046861$ & $0.00653916$ & $-0.00106723$ & $0.011589$ & $-0.0114785$ & $0.0211639$ & $-0.00255204$ & $0.00260993$ & $0.00234876$ & $0.0112614$ & $-0.0177769$ & $0.000144147$ & $-0.0035626$ & $0.0092799$ \\
CHWHB_gaga & $-0.00702085$ & $-0.0939055$ & $0.0153893$ & $-0.00562385$ & $-0.011036$ & $-0.100603$ & $-0.0558546$ & $0.981815$ & $1$ & $-0.569774$ & $-0.85616$ & $0.117934$ & $0.368115$ & $0.0651949$ & $0.303125$ & $0.290734$ & $-0.279013$ & $-0.463872$ & $-0.455326$ & $0.828463$ & $0.873288$ & $0.856901$ & $0.0445733$ & $-0.679167$ & $-0.425401$ & $-0.482383$ & $0.412901$ & $0.267784$ & $0.0390484$ & $0.119$ & $0.0578217$ & $-0.0575232$ & $0.124369$ & $0.540584$ & $-0.0118861$ & $0.0335871$ & $-0.0105528$ & $-0.00225544$ & $0.0045168$ & $-0.014336$ & $0.021582$ & $0.000833235$ & $0.0777876$ & $-0.00192916$ & $0.00788912$ & $-0.0213605$ & $0.00937211$ & $-0.0132701$ & $0.0152524$ \\
CHWHB_gagaorth & $-0.0154011$ & $0.0475449$ & $-0.0312099$ & $0.00578301$ & $0.00847457$ & $0.0227091$ & $0.0847569$ & $-0.578019$ & $-0.569774$ & $1$ & $0.353401$ & $0.204384$ & $-0.26194$ & $0.253078$ & $-0.114067$ & $-0.126818$ & $0.462359$ & $0.502163$ & $0.512791$ & $-0.339314$ & $-0.370451$ & $-0.371262$ & $-0.0479531$ & $0.575679$ & $0.501814$ & $0.200773$ & $-0.247398$ & $-0.111423$ & $-0.033985$ & $-0.121881$ & $-0.0788387$ & $0.0993792$ & $-0.123965$ & $-0.366418$ & $0.0251048$ & $-0.00972826$ & $-0.0215163$ & $-0.00187957$ & $0.0143493$ & $0.0184423$ & $-0.0527386$ & $-0.0125661$ & $-0.00427427$ & $-0.00844006$ & $-0.00836796$ & $0.0206228$ & $-0.0187522$ & $0.0116836$ & $0.00106966$ \\
CHD & $-0.0154361$ & $0.0723267$ & $0.00150998$ & $0.0139158$ & $0.0156167$ & $0.161518$ & $0.0547062$ & $-0.877112$ & $-0.85616$ & $0.353401$ & $1$ & $0.0524871$ & $-0.183156$ & $-0.50169$ & $-0.430911$ & $-0.417817$ & $-0.186176$ & $0.0936452$ & $0.0833884$ & $-0.990002$ & $-0.991067$ & $-0.969206$ & $0.0264228$ & $0.321593$ & $0.0478963$ & $0.549455$ & $-0.276784$ & $-0.314604$ & $-0.0155074$ & $-0.0441096$ & $-0.0113307$ & $0.0586787$ & $-0.0448342$ & $-0.352196$ & $0.00172677$ & $-0.0367446$ & $-0.00756026$ & $0.00504595$ & $-0.013045$ & $0.000829755$ & $-0.0063958$ & $0.00584885$ & $0.00828573$ & $-0.00109378$ & $-0.0224338$ & $0.0169079$ & $0.00197247$ & $0.00029696$ & $-0.00876828$ \\
CHbox & $-0.0356153$ & $-0.000221231$ & $-0.00230466$ & $0.0227837$ & $0.00285581$ & $0.0582276$ & $-0.218667$ & $0.108145$ & $0.117934$ & $0.204384$ & $0.0524871$ & $1$ & $0.770642$ & $-0.296972$ & $0.0268789$ & $0.0170069$ & $-0.325732$ & $-0.313771$ & $-0.30647$ & $-0.0430465$ & $-0.0474778$ & $-0.0432979$ & $0.0372858$ & $-0.229327$ & $-0.287514$ & $0.0138245$ & $0.0357907$ & $-0.0143085$ & $0.0441486$ & $0.330114$ & $0.0929619$ & $-0.121062$ & $0.371162$ & $0.0577009$ & $0.105185$ & $0.0648176$ & $-0.042709$ & $0.00229764$ & $-0.0101034$ & $-0.0126848$ & $-0.0312105$ & $0.0015465$ & $0.00452674$ & $-0.011335$ & $0.00331137$ & $-0.0168204$ & $-0.0322435$ & $-0.0161109$ & $0.0112593$ \\
CH & $-0.0175158$ & $-0.0337163$ & $0.0085196$ & $0.011101$ & $0.00272356$ & $0.0243311$ & $-0.287196$ & $0.374475$ & $0.368115$ & $-0.26194$ & $-0.183156$ & $0.770642$ & $1$ & $-0.26204$ & $0.0679121$ & $0.0697244$ & $-0.386864$ & $-0.406055$ & $-0.405327$ & $0.176022$ & $0.196994$ & $0.199649$ & $0.0595706$ & $-0.420012$ & $-0.386534$ & $-0.120353$ & $0.174157$ & $0.0654833$ & $0.0504772$ & $0.277714$ & $0.103512$ & $-0.227235$ & $0.311853$ & $0.240806$ & $0.0598743$ & $0.0570223$ & $-0.0222906$ & $0.000123205$ & $-0.0119574$ & $-0.0273189$ & $-0.0119198$ & $0.00357613$ & $-0.0132399$ & $-0.0165343$ & $0.00490181$ & $-0.0231489$ & $-0.0184477$ & $-0.0286378$ & $0.0163975$ \\
CHL1_11 & $0.0133324$ & $-0.000924244$ & $-0.0226151$ & $-0.0055671$ & $0.00470948$ & $0.0168554$ & $0.0644719$ & $0.0785675$ & $0.0651949$ & $0.253078$ & $-0.50169$ & $-0.296972$ & $-0.26204$ & $1$ & $0.277964$ & $0.266266$ & $0.667918$ & $0.591528$ & $0.601691$ & $0.51932$ & $0.461345$ & $0.442241$ & $-0.117435$ & $0.476313$ & $0.590626$ & $-0.255289$ & $-0.129327$ & $0.153197$ & $-0.0192659$ & $-0.0740834$ & $-0.0420251$ & $0.0453753$ & $-0.0787381$ & $-0.233023$ & $-0.0224581$ & $-0.00990475$ & $-0.00476871$ & $-0.00518572$ & $0.00936216$ & $0.0142582$ & $-0.0170367$ & $-0.00287662$ & $-0.0231415$ & $-0.0119689$ & $0.0260983$ & $0.00820681$ & $0.00722516$ & $0.00584647$ & $-0.00115274$ \\
CHL1_22 & $-0.00431971$ & $-0.0245642$ & $0.0152537$ & $0.00506116$ & $0.018143$ & $-0.0698544$ & $0.0077773$ & $0.305339$ & $0.303125$ & $-0.114067$ & $-0.430911$ & $0.0268789$ & $0.0679121$ & $0.277964$ & $1$ & $0.439317$ & $0.153958$ & $-0.45257$ & $-0.0295052$ & $0.497121$ & $0.348069$ & $0.336876$ & $-0.197463$ & $0.0900798$ & $-0.136273$ & $-0.182863$ & $-0.390604$ & $0.0961654$ & $0.00182024$ & $0.00818737$ & $-0.00507573$ & $0.00590479$ & $0.0295455$ & $-0.596151$ & $-0.0117735$ & $0.0166597$ & $-0.00396016$ & $0.0183527$ & $-0.00631371$ & $0.0202088$ & $-0.0142049$ & $-0.0178546$ & $0.0138906$ & $0.0259201$ & $0.021115$ & $-0.00475056$ & $-0.00555084$ & $0.0225794$ & $0.0180091$ \\
CHL1_33 & $0.00307049$ & $-0.0266598$ & $0.00162884$ & $0.0124499$ & $-0.000366782$ & $-0.0721964$ & $-0.00955465$ & $0.293609$ & $0.290734$ & $-0.126818$ & $-0.417817$ & $0.0170069$ & $0.0697244$ & $0.266266$ & $0.439317$ & $1$ & $0.154744$ & $-0.0279374$ & $-0.431679$ & $0.482145$ & $0.337391$ & $0.356384$ & $-0.196896$ & $0.0926002$ & $-0.13207$ & $-0.186061$ & $-0.387399$ & $0.0961067$ & $0.0136455$ & $0.0201395$ & $-0.00351421$ & $-0.0121457$ & $0.0216262$ & $-0.0989238$ & $-0.0387568$ & $0.00621905$ & $0.0163874$ & $-0.0115567$ & $-0.0119944$ & $0.0238837$ & $-0.00387681$ & $-0.00334001$ & $0.00183278$ & $0.00207657$ & $0.0199995$ & $-0.0155632$ & $-0.0174509$ & $0.0102897$ & $-0.00589746$ \\
CHL3_11 & $0.00636257$ & $0.0500492$ & $-0.0161901$ & $-0.00585865$ & $0.000802843$ & $-0.250929$ & $0.117831$ & $-0.275146$ & $-0.279013$ & $0.462359$ & $-0.186176$ & $-0.325732$ & $-0.386864$ & $0.667918$ & $0.153958$ & $0.154744$ & $1$ & $0.74331$ & $0.744441$ & $0.20906$ & $0.153518$ & $0.143824$ & $-0.100538$ & $0.690476$ & $0.779065$ & $-0.0893972$ & $-0.196058$ & $0.0607967$ & $-0.0340776$ & $-0.104376$ & $-0.0634074$ & $0.0939795$ & $-0.106692$ & $-0.274569$ & $-0.0317694$ & $-0.0165864$ & $0.00496932$ & $-0.0115204$ & $0.00318819$ & $0.0191796$ & $-0.0252497$ & $-0.0102572$ & $-0.0274186$ & $0.00417265$ & $0.013955$ & $-0.00611777$ & $-0.00790385$ & $0.00633195$ & $-0.00155974$ \\
CHL3_22 & $0.0078714$ & $0.0484296$ & $-0.0283676$ & $-0.00453331$ & $-0.00791631$ & $-0.0570863$ & $0.0993287$ & $-0.460857$ & $-0.463872$ & $0.502163$ & $0.0936452$ & $-0.313771$ & $-0.406055$ & $0.591528$ & $-0.45257$ & $-0.0279374$ & $0.74331$ & $1$ & $0.678073$ & $-0.0969431$ & $-0.0888294$ & $-0.0890482$ & $-0.00757661$ & $0.635614$ & $0.791554$ & $0.0417598$ & $-0.0356799$ & $-0.00732385$ & $-0.0298805$ & $-0.10466$ & $-0.0549315$ & $0.0790638$ & $-0.120524$ & $0.0209527$ & $-0.0244284$ & $-0.0295204$ & $0.00555497$ & $-0.0198205$ & $0.0069804$ & $0.00754728$ & $-0.0168745$ & $0.00650696$ & $-0.0332261$ & $-0.0187847$ & $0.00799009$ & $0.00399935$ & $-0.00149458$ & $-0.00876993$ & $-0.0127401$ \\
CHL3_33 & $0.00894947$ & $0.0530681$ & $-0.0204921$ & $-0.00737236$ & $0.00601281$ & $-0.0541484$ & $0.114045$ & $-0.452545$ & $-0.455326$ & $0.512791$ & $0.0833884$ & $-0.30647$ & $-0.405327$ & $0.601691$ & $-0.0295052$ & $-0.431679$ & $0.744441$ & $0.678073$ & $1$ & $-0.0856296$ & $-0.0791209$ & $-0.0809824$ & $-0.00533931$ & $0.634394$ & $0.794717$ & $0.0429969$ & $-0.0306146$ & $-0.00739798$ & $-0.0357937$ & $-0.115885$ & $-0.0546858$ & $0.0947475$ & $-0.114721$ & $-0.35769$ & $-0.00147358$ & $-0.0272849$ & $-0.00735136$ & $0.00170637$ & $0.014505$ & $0.00429173$ & $-0.0196672$ & $-0.00445754$ & $-0.0253764$ & $-0.00341742$ & $0.00316081$ & $0.0123252$ & $0.00722494$ & $0.00440793$ & $0.0069684$ \\
CHe_11 & $0.00537491$ & $-0.0468231$ & $0.0118287$ & $-0.00831544$ & $-0.00538589$ & $-0.161039$ & $-0.0489701$ & $0.848098$ & $0.828463$ & $-0.339314$ & $-0.990002$ & $-0.0430465$ & $0.176022$ & $0.51932$ & $0.497121$ & $0.482145$ & $0.20906$ & $-0.0969431$ & $-0.0856296$ & $1$ & $0.972363$ & $0.951589$ & $-0.053941$ & $-0.267741$ & $-0.0402237$ & $-0.537311$ & $0.202186$ & $0.308482$ & $0.0155593$ & $0.0417648$ & $0.00699139$ & $-0.0533977$ & $0.0437789$ & $0.272427$ & $-0.00328872$ & $0.0318615$ & $0.0101983$ & $-0.00477105$ & $0.0109846$ & $0.00215809$ & $0.00375323$ & $-0.00578665$ & $-0.00442644$ & $0.00388819$ & $0.0254209$ & $-0.0181563$ & $-0.00717852$ & $-0.00210503$ & $0.0115868$ \\
CHe_22 & $0.00778404$ & $-0.0464998$ & $0.0105182$ & $-0.0127405$ & $-0.00940404$ & $-0.164693$ & $-0.0601929$ & $0.894346$ & $0.873288$ & $-0.370451$ & $-0.991067$ & $-0.0474778$ & $0.196994$ & $0.461345$ & $0.348069$ & $0.337391$ & $0.153518$ & $-0.0888294$ & $-0.0791209$ & $0.972363$ & $1$ & $0.974872$ & $0.00567824$ & $-0.375597$ & $-0.0528015$ & $-0.5548$ & $0.358727$ & $0.317105$ & $0.0166131$ & $0.049128$ & $0.013671$ & $-0.0634794$ & $0.0473917$ & $0.439035$ & $0.00410172$ & $0.0333872$ & $0.00730146$ & $-0.00650385$ & $0.0140151$ & $-0.00556954$ & $0.00926318$ & $-0.00464925$ & $-0.00589432$ & $0.000710893$ & $0.0188949$ & $-0.0168734$ & $-0.00272336$ & $-0.00448733$ & $0.00825173$ \\
CHe_33 & $0.00618931$ & $-0.0398812$ & $0.00924607$ & $-0.0119825$ & $-0.00602232$ & $-0.162525$ & $-0.0604865$ & $0.878229$ & $0.856901$ & $-0.371262$ & $-0.969206$ & $-0.0432979$ & $0.199649$ & $0.442241$ & $0.336876$ & $0.356384$ & $0.143824$ & $-0.0890482$ & $-0.0809824$ & $0.951589$ & $0.974872$ & $1$ & $0.0106253$ & $-0.37209$ & $-0.0538114$ & $-0.545197$ & $0.357108$ & $0.309831$ & $0.0208102$ & $0.049504$ & $0.0157851$ & $-0.0639408$ & $0.0475288$ & $0.438784$ & $0.00395832$ & $0.0272152$ & $0.0135552$ & $-0.00704454$ & $0.0142043$ & $-0.00722737$ & $0.00953591$ & $-0.00370534$ & $-0.00860892$ & $0.000263582$ & $0.0189268$ & $-0.0205685$ & $-0.00466399$ & $-0.00027469$ & $0.0047512$ \\
CHQ1_11 & $-0.0198144$ & $-0.0152298$ & $0.0198827$ & $0.0161435$ & $-0.00690607$ & $-0.0101017$ & $-0.017214$ & $0.0458886$ & $0.0445733$ & $-0.0479531$ & $0.0264228$ & $0.0372858$ & $0.0595706$ & $-0.117435$ & $-0.197463$ & $-0.196896$ & $-0.100538$ & $-0.00757661$ & $-0.00533931$ & $-0.053941$ & $0.00567824$ & $0.0106253$ & $1$ & $-0.141804$ & $0.0669264$ & $-0.660219$ & $0.35502$ & $0.0242372$ & $-0.0107857$ & $0.0157439$ & $0.0106753$ & $-0.017536$ & $0.00103661$ & $0.206581$ & $-0.00428373$ & $0.00184687$ & $-0.00141121$ & $-0.0214819$ & $-0.000589561$ & $-0.0280207$ & $0.00286903$ & $0.0132844$ & $-0.0120729$ & $0.0102743$ & $-0.00909347$ & $-0.00716637$ & $-0.00218299$ & $-0.0366477$ & $-0.0209186$ \\
CHQ1_33 & $-0.0638776$ & $0.0513913$ & $-0.0125703$ & $0.0171218$ & $0.0021469$ & $-0.00890996$ & $0.126554$ & $-0.685511$ & $-0.679167$ & $0.575679$ & $0.321593$ & $-0.229327$ & $-0.420012$ & $0.476313$ & $0.0900798$ & $0.0926002$ & $0.690476$ & $0.635614$ & $0.634394$ & $-0.267741$ & $-0.375597$ & $-0.37209$ & $-0.141804$ & $1$ & $0.659159$ & $0.212677$ & $-0.426865$ & $-0.0204587$ & $-0.0377867$ & $-0.114165$ & $-0.0657134$ & $0.109567$ & $-0.10204$ & $-0.628383$ & $-0.0330688$ & $-0.0329886$ & $-0.00672934$ & $-0.00742575$ & $-0.0164389$ & $0.0224213$ & $-0.0320945$ & $-0.00304061$ & $-0.00938373$ & $0.000588424$ & $0.0061894$ & $0.00164444$ & $-0.0143921$ & $0.00876439$ & $0.00426683$ \\
CHQ3_11 & $-0.127119$ & $0.0383839$ & $-0.0114836$ & $0.013394$ & $0.00495977$ & $-0.0966087$ & $0.113858$ & $-0.425893$ & $-0.425401$ & $0.501814$ & $0.0478963$ & $-0.287514$ & $-0.386534$ & $0.590626$ & $-0.136273$ & $-0.13207$ & $0.779065$ & $0.791554$ & $0.794717$ & $-0.0402237$ & $-0.0528015$ & $-0.0538114$ & $0.0669264$ & $0.659159$ & $1$ & $0.0281955$ & $0.177627$ & $0.00501275$ & $-0.0416024$ & $-0.100585$ & $-0.055822$ & $0.0934529$ & $-0.102215$ & $-0.215192$ & $-0.0192191$ & $-0.0324404$ & $-0.00803698$ & $-0.009297$ & $-0.00754798$ & $0.00885133$ & $-0.0408242$ & $0.00791074$ & $-0.0271036$ & $-0.00479681$ & $-1.60105e-05$ & $-0.00362981$ & $-0.00548455$ & $-0.0194156$ & $0.00741359$ \\
CHu_11 & $-0.0315916$ & $0.0385648$ & $-0.0178995$ & $0.00403078$ & $0.00626484$ & $0.092763$ & $0.035926$ & $-0.496215$ & $-0.482383$ & $0.200773$ & $0.549455$ & $0.0138245$ & $-0.120353$ & $-0.255289$ & $-0.182863$ & $-0.186061$ & $-0.0893972$ & $0.0417598$ & $0.0429969$ & $-0.537311$ & $-0.5548$ & $-0.545197$ & $-0.660219$ & $0.212677$ & $0.0281955$ & $1$ & $-0.177408$ & $-0.182718$ & $-0.00181082$ & $-0.0388747$ & $-0.00921602$ & $0.0359649$ & $-0.0267273$ & $-0.25438$ & $0.0099646$ & $-0.00948217$ & $0.000690676$ & $0.0137689$ & $-0.00804425$ & $0.0113257$ & $-0.00331664$ & $0.00992621$ & $0.0190237$ & $-0.0147343$ & $-0.00524892$ & $0.00790584$ & $0.00784209$ & $0.0240779$ & $0.00815075$ \\
CHd_11 & $-0.0302909$ & $-0.019061$ & $0.0138625$ & $-0.0134844$ & $-0.00883442$ & $-0.0655655$ & $-0.0544098$ & $0.421507$ & $0.412901$ & $-0.247398$ & $-0.276784$ & $0.0357907$ & $0.174157$ & $-0.129327$ & $-0.390604$ & $-0.387399$ & $-0.196058$ & $-0.0356799$ & $-0.0306146$ & $0.202186$ & $0.358727$ & $0.357108$ & $0.35502$ & $-0.426865$ & $0.177627$ & $-0.177408$ & $1$ & $0.119926$ & $0.00409623$ & $0.0466466$ & $0.0291037$ & $-0.0528554$ & $0.0412026$ & $0.681067$ & $0.0288717$ & $0.0216938$ & $-0.004899$ & $-0.0145356$ & $0.00118357$ & $-0.0305555$ & $0.00338033$ & $0.0227691$ & $-0.00989005$ & $-0.00838369$ & $-0.0150425$ & $-0.00790779$ & $0.00572399$ & $-0.0314498$ & $0.00461881$ \\
CHd_33 & $0.0273387$ & $-0.0202863$ & $0.0177664$ & $-0.00782094$ & $-0.00268031$ & $-0.0455061$ & $-0.0381724$ & $0.278749$ & $0.267784$ & $-0.111423$ & $-0.314604$ & $-0.0143085$ & $0.0654833$ & $0.153197$ & $0.0961654$ & $0.0961067$ & $0.0607967$ & $-0.00732385$ & $-0.00739798$ & $0.308482$ & $0.317105$ & $0.309831$ & $0.0242372$ & $-0.0204587$ & $0.00501275$ & $-0.182718$ & $0.119926$ & $1$ & $-0.00893654$ & $0.0342328$ & $0.0125396$ & $-0.0359514$ & $0.0388182$ & $0.149339$ & $-0.0258537$ & $0.0116894$ & $0.0209117$ & $-0.0246328$ & $-0.00309365$ & $-0.0277147$ & $0.0127127$ & $0.00646333$ & $-0.04053$ & $-0.00555122$ & $0.00387935$ & $0.00064751$ & $-0.00537582$ & $-0.00876127$ & $0.0227542$ \\
CeH_22r & $0.0174185$ & $-0.0172269$ & $0.00532427$ & $-0.00255072$ & $0.00736274$ & $0.0126165$ & $0.0264454$ & $0.0320389$ & $0.0390484$ & $-0.033985$ & $-0.0155074$ & $0.0441486$ & $0.0504772$ & $-0.0192659$ & $0.00182024$ & $0.0136455$ & $-0.0340776$ & $-0.0298805$ & $-0.0357937$ & $0.0155593$ & $0.0166131$ & $0.0208102$ & $-0.0107857$ & $-0.0377867$ & $-0.0416024$ & $-0.00181082$ & $0.00409623$ & $-0.00893654$ & $1$ & $0.0650667$ & $0.0127994$ & $0.0166248$ & $0.0560397$ & $0.0235592$ & $-0.0458324$ & $-0.00306112$ & $-0.0137678$ & $-0.00787546$ & $-0.00983079$ & $0.0099159$ & $-0.00860649$ & $0.00860899$ & $-0.000692791$ & $0.0141304$ & $0.00521323$ & $-0.0102549$ & $-0.0162917$ & $-0.0249997$ & $0.015612$ \\
CeH_33r & $-0.00373016$ & $0.0370374$ & $-0.00376564$ & $0.0068754$ & $0.0050074$ & $0.0159604$ & $-0.114107$ & $0.0954352$ & $0.119$ & $-0.121881$ & $-0.0441096$ & $0.330114$ & $0.277714$ & $-0.0740834$ & $0.00818737$ & $0.0201395$ & $-0.104376$ & $-0.10466$ & $-0.115885$ & $0.0417648$ & $0.049128$ & $0.049504$ & $0.0157439$ & $-0.114165$ & $-0.100585$ & $-0.0388747$ & $0.0466466$ & $0.0342328$ & $0.0650667$ & $1$ & $0.310241$ & $0.0391849$ & $0.637446$ & $0.0719091$ & $-0.0451616$ & $-0.0233509$ & $-0.210008$ & $-0.0110721$ & $-0.0417583$ & $-0.0106596$ & $0.00846188$ & $0.0224981$ & $0.0192155$ & $0.0151736$ & $0.104176$ & $0.00185771$ & $0.000725867$ & $-0.0134504$ & $-0.00793957$ \\
CuH_22r & $0.0317428$ & $0.00825454$ & $-0.00226746$ & $0.0316867$ & $0.00278869$ & $0.0136884$ & $-0.0524193$ & $0.0416095$ & $0.0578217$ & $-0.0788387$ & $-0.0113307$ & $0.0929619$ & $0.103512$ & $-0.0420251$ & $-0.00507573$ & $-0.00351421$ & $-0.0634074$ & $-0.0549315$ & $-0.0546858$ & $0.00699139$ & $0.013671$ & $0.0157851$ & $0.0106753$ & $-0.0657134$ & $-0.055822$ & $-0.00921602$ & $0.0291037$ & $0.0125396$ & $0.0127994$ & $0.310241$ & $1$ & $0.0292422$ & $0.351886$ & $0.0360789$ & $-0.0372175$ & $-0.0540304$ & $-0.139611$ & $0.00901102$ & $-0.0464299$ & $-0.0137701$ & $-0.0153196$ & $0.00597579$ & $0.0264268$ & $-0.00747871$ & $0.0123227$ & $0.0792087$ & $0.362613$ & $0.0077328$ & $0.0143524$ \\
CuH_33r & $-0.00216388$ & $0.0240244$ & $-0.0319975$ & $-0.0134128$ & $0.00885701$ & $-0.0178195$ & $0.93473$ & $-0.103434$ & $-0.0575232$ & $0.0993792$ & $0.0586787$ & $-0.121062$ & $-0.227235$ & $0.0453753$ & $0.00590479$ & $-0.0121457$ & $0.0939795$ & $0.0790638$ & $0.0947475$ & $-0.0533977$ & $-0.0634794$ & $-0.0639408$ & $-0.017536$ & $0.109567$ & $0.0934529$ & $0.0359649$ & $-0.0528554$ & $-0.0359514$ & $0.0166248$ & $0.0391849$ & $0.0292422$ & $1$ & $0.0332754$ & $-0.084807$ & $0.0309743$ & $-0.0184462$ & $-0.0115193$ & $-0.00576528$ & $-0.0160307$ & $0.0119529$ & $0.0119949$ & $0.00675146$ & $0.0238629$ & $-0.0149027$ & $0.0282022$ & $-0.0246541$ & $0.0246128$ & $0.0345597$ & $-0.027659$ \\
CdH_33r & $-0.036132$ & $-0.0145536$ & $-0.0444824$ & $-0.00179009$ & $0.00866092$ & $0.0235291$ & $-0.139139$ & $0.0977371$ & $0.124369$ & $-0.123965$ & $-0.0448342$ & $0.371162$ & $0.311853$ & $-0.0787381$ & $0.0295455$ & $0.0216262$ & $-0.106692$ & $-0.120524$ & $-0.114721$ & $0.0437789$ & $0.0473917$ & $0.0475288$ & $0.00103661$ & $-0.10204$ & $-0.102215$ & $-0.0267273$ & $0.0412026$ & $0.0388182$ & $0.0560397$ & $0.637446$ & $0.351886$ & $0.0332754$ & $1$ & $0.0520601$ & $-0.0437794$ & $0.0162045$ & $-0.2234$ & $-0.00888168$ & $-0.0379957$ & $-0.0252657$ & $-0.0333621$ & $0.00833107$ & $0.0573449$ & $0.0205748$ & $-0.0464097$ & $-0.0198292$ & $-0.00402066$ & $0.125926$ & $0.488723$ \\
CLL_1221 & $0.00572264$ & $0.00566136$ & $0.00657487$ & $-0.0124305$ & $-0.0250093$ & $-0.104535$ & $-0.0902634$ & $0.552092$ & $0.540584$ & $-0.366418$ & $-0.352196$ & $0.0577009$ & $0.240806$ & $-0.233023$ & $-0.596151$ & $-0.0989238$ & $-0.274569$ & $0.0209527$ & $-0.35769$ & $0.272427$ & $0.439035$ & $0.438784$ & $0.206581$ & $-0.628383$ & $-0.215192$ & $-0.25438$ & $0.681067$ & $0.149339$ & $0.0235592$ & $0.0719091$ & $0.0360789$ & $-0.084807$ & $0.0520601$ & $1$ & $0.021678$ & $0.0161902$ & $0.0135726$ & $-0.0217435$ & $0.00859453$ & $-0.0288172$ & $0.0300337$ & $0.00955983$ & $-0.007282$ & $-0.0125364$ & $-0.00985246$ & $-0.0161297$ & $0.00126229$ & $-0.0207698$ & $-0.0152054$ \\
eHggint & $-0.0134615$ & $0.0362409$ & $-0.00905322$ & $-0.00341521$ & $0.00198944$ & $0.0179305$ & $-0.0644563$ & $0.0144647$ & $-0.0118861$ & $0.0251048$ & $0.00172677$ & $0.105185$ & $0.0598743$ & $-0.0224581$ & $-0.0117735$ & $-0.0387568$ & $-0.0317694$ & $-0.0244284$ & $-0.00147358$ & $-0.00328872$ & $0.00410172$ & $0.00395832$ & $-0.00428373$ & $-0.0330688$ & $-0.0192191$ & $0.0099646$ & $0.0288717$ & $-0.0258537$ & $-0.0458324$ & $-0.0451616$ & $-0.0372175$ & $0.0309743$ & $-0.0437794$ & $0.021678$ & $1$ & $-0.0683533$ & $0.0320214$ & $0.012194$ & $0.0101811$ & $0.0227581$ & $0.00600198$ & $-0.0439034$ & $-0.0321393$ & $0.00245449$ & $0.0635197$ & $0.00991544$ & $-0.0855928$ & $0.110331$ & $-0.0270507$ \\
eHggpar & $0.0834677$ & $-0.137961$ & $0.0230444$ & $-0.0223873$ & $-0.0259225$ & $0.0109624$ & $-0.0630444$ & $0.046861$ & $0.0335871$ & $-0.00972826$ & $-0.0367446$ & $0.0648176$ & $0.0570223$ & $-0.00990475$ & $0.0166597$ & $0.00621905$ & $-0.0165864$ & $-0.0295204$ & $-0.0272849$ & $0.0318615$ & $0.0333872$ & $0.0272152$ & $0.00184687$ & $-0.0329886$ & $-0.0324404$ & $-0.00948217$ & $0.0216938$ & $0.0116894$ & $-0.00306112$ & $-0.0233509$ & $-0.0540304$ & $-0.0184462$ & $0.0162045$ & $0.0161902$ & $-0.0683533$ & $1$ & $-0.0746353$ & $0.00682396$ & $-0.050919$ & $0.0128715$ & $-0.0314802$ & $0.00480547$ & $-0.00148388$ & $0.0993147$ & $0.0520197$ & $-0.101063$ & $-0.123135$ & $0.0726319$ & $0.0162344$ \\
eHWWint & $0.0144789$ & $0.0223056$ & $0.018554$ & $-0.00173761$ & $0.00911656$ & $-0.00291763$ & $0.0330664$ & $0.00653916$ & $-0.0105528$ & $-0.0215163$ & $-0.00756026$ & $-0.042709$ & $-0.0222906$ & $-0.00476871$ & $-0.00396016$ & $0.0163874$ & $0.00496932$ & $0.00555497$ & $-0.00735136$ & $0.0101983$ & $0.00730146$ & $0.0135552$ & $-0.00141121$ & $-0.00672934$ & $-0.00803698$ & $0.000690676$ & $-0.004899$ & $0.0209117$ & $-0.0137678$ & $-0.210008$ & $-0.139611$ & $-0.0115193$ & $-0.2234$ & $0.0135726$ & $0.0320214$ & $-0.0746353$ & $1$ & $-0.0361549$ & $0.00759257$ & $-0.00425926$ & $0.0396153$ & $-0.0215271$ & $-0.0606931$ & $-0.112428$ & $-0.075575$ & $-0.0227948$ & $-0.0709754$ & $0.018818$ & $-0.0117066$ \\
eHWWpar & $-0.0235475$ & $-0.0326368$ & $-0.0275418$ & $0.00301021$ & $-0.022628$ & $0.017108$ & $-0.000807405$ & $-0.00106723$ & $-0.00225544$ & $-0.00187957$ & $0.00504595$ & $0.00229764$ & $0.000123205$ & $-0.00518572$ & $0.0183527$ & $-0.0115567$ & $-0.0115204$ & $-0.0198205$ & $0.00170637$ & $-0.00477105$ & $-0.00650385$ & $-0.00704454$ & $-0.0214819$ & $-0.00742575$ & $-0.009297$ & $0.0137689$ & $-0.0145356$ & $-0.0246328$ & $-0.00787546$ & $-0.0110721$ & $0.00901102$ & $-0.00576528$ & $-0.00888168$ & $-0.0217435$ & $0.012194$ & $0.00682396$ & $-0.0361549$ & $1$ & $-0.00379062$ & $0.0127037$ & $0.00314857$ & $0.00490786$ & $0.0143382$ & $0.0329899$ & $0.005958$ & $0.0119485$ & $0.00472174$ & $0.0166238$ & $0.0144473$ \\
eHZZint & $0.0670038$ & $-0.0582069$ & $0.0426959$ & $-0.0173626$ & $-0.00956715$ & $-0.0022857$ & $-0.0185617$ & $0.011589$ & $0.0045168$ & $0.0143493$ & $-0.013045$ & $-0.0101034$ & $-0.0119574$ & $0.00936216$ & $-0.00631371$ & $-0.0119944$ & $0.00318819$ & $0.0069804$ & $0.014505$ & $0.0109846$ & $0.0140151$ & $0.0142043$ & $-0.000589561$ & $-0.0164389$ & $-0.00754798$ & $-0.00804425$ & $0.00118357$ & $-0.00309365$ & $-0.00983079$ & $-0.0417583$ & $-0.0464299$ & $-0.0160307$ & $-0.0379957$ & $0.00859453$ & $0.0101811$ & $-0.050919$ & $0.00759257$ & $-0.00379062$ & $1$ & $-0.000926966$ & $-0.0256589$ & $-0.00154699$ & $-0.00702503$ & $-0.0338159$ & $-0.0988273$ & $0.018784$ & $-0.0663423$ & $0.0445112$ & $-0.00733168$ \\
eHZZpar & $-0.00486607$ & $-0.0345725$ & $-0.021002$ & $-0.0129173$ & $0.00027186$ & $-0.00131182$ & $0.00305266$ & $-0.0114785$ & $-0.014336$ & $0.0184423$ & $0.000829755$ & $-0.0126848$ & $-0.0273189$ & $0.0142582$ & $0.0202088$ & $0.0238837$ & $0.0191796$ & $0.00754728$ & $0.00429173$ & $0.00215809$ & $-0.00556954$ & $-0.00722737$ & $-0.0280207$ & $0.0224213$ & $0.00885133$ & $0.0113257$ & $-0.0305555$ & $-0.0277147$ & $0.0099159$ & $-0.0106596$ & $-0.0137701$ & $0.0119529$ & $-0.0252657$ & $-0.0288172$ & $0.0227581$ & $0.0128715$ & $-0.00425926$ & $0.0127037$ & $-0.000926966$ & $1$ & $-0.00308213$ & $0.0192087$ & $-0.0120214$ & $0.00173999$ & $-0.00761732$ & $-0.0143907$ & $-0.0302243$ & $-0.0262781$ & $-0.0315945$ \\
eHZgaint & $0.0338087$ & $0.00103653$ & $0.0709144$ & $0.0822612$ & $0.0134746$ & $0.00702544$ & $0.0094157$ & $0.0211639$ & $0.021582$ & $-0.0527386$ & $-0.0063958$ & $-0.0312105$ & $-0.0119198$ & $-0.0170367$ & $-0.0142049$ & $-0.00387681$ & $-0.0252497$ & $-0.0168745$ & $-0.0196672$ & $0.00375323$ & $0.00926318$ & $0.00953591$ & $0.00286903$ & $-0.0320945$ & $-0.0408242$ & $-0.00331664$ & $0.00338033$ & $0.0127127$ & $-0.00860649$ & $0.00846188$ & $-0.0153196$ & $0.0119949$ & $-0.0333621$ & $0.0300337$ & $0.00600198$ & $-0.0314802$ & $0.0396153$ & $0.00314857$ & $-0.0256589$ & $-0.00308213$ & $1$ & $-0.0155576$ & $-0.0157298$ & $0.0478565$ & $0.0407947$ & $-0.0356957$ & $-0.0357311$ & $0.0340853$ & $-0.0710279$ \\
eHZgapar & $0.0177947$ & $-0.00200974$ & $0.0188076$ & $-0.0081312$ & $0.0166039$ & $-0.0111417$ & $0.0096113$ & $-0.00255204$ & $0.000833235$ & $-0.0125661$ & $0.00584885$ & $0.0015465$ & $0.00357613$ & $-0.00287662$ & $-0.0178546$ & $-0.00334001$ & $-0.0102572$ & $0.00650696$ & $-0.00445754$ & $-0.00578665$ & $-0.00464925$ & $-0.00370534$ & $0.0132844$ & $-0.00304061$ & $0.00791074$ & $0.00992621$ & $0.0227691$ & $0.00646333$ & $0.00860899$ & $0.0224981$ & $0.00597579$ & $0.00675146$ & $0.00833107$ & $0.00955983$ & $-0.0439034$ & $0.00480547$ & $-0.0215271$ & $0.00490786$ & $-0.00154699$ & $0.0192087$ & $-0.0155576$ & $1$ & $0.00217935$ & $-0.0347965$ & $-0.023025$ & $0.0186045$ & $-0.00115128$ & $0.000964052$ & $-0.0123481$ \\
eHgagaint & $-0.0576779$ & $0.0845865$ & $-0.027556$ & $0.0181769$ & $-0.0261158$ & $0.00834899$ & $0.017439$ & $0.00260993$ & $0.0777876$ & $-0.00427427$ & $0.00828573$ & $0.00452674$ & $-0.0132399$ & $-0.0231415$ & $0.0138906$ & $0.00183278$ & $-0.0274186$ & $-0.0332261$ & $-0.0253764$ & $-0.00442644$ & $-0.00589432$ & $-0.00860892$ & $-0.0120729$ & $-0.00938373$ & $-0.0271036$ & $0.0190237$ & $-0.00989005$ & $-0.04053$ & $-0.000692791$ & $0.0192155$ & $0.0264268$ & $0.0238629$ & $0.0573449$ & $-0.007282$ & $-0.0321393$ & $-0.00148388$ & $-0.0606931$ & $0.0143382$ & $-0.00702503$ & $-0.0120214$ & $-0.0157298$ & $0.00217935$ & $1$ & $0.000559723$ & $-0.0488421$ & $-0.0474863$ & $0.0696508$ & $-0.0399195$ & $0.0849059$ \\
eHmumuint & $-0.0227792$ & $0.0145767$ & $0.00305684$ & $0.0227559$ & $-0.0176519$ & $0.00829411$ & $-0.0218024$ & $0.00234876$ & $-0.00192916$ & $-0.00844006$ & $-0.00109378$ & $-0.011335$ & $-0.0165343$ & $-0.0119689$ & $0.0259201$ & $0.00207657$ & $0.00417265$ & $-0.0187847$ & $-0.00341742$ & $0.00388819$ & $0.000710893$ & $0.000263582$ & $0.0102743$ & $0.000588424$ & $-0.00479681$ & $-0.0147343$ & $-0.00838369$ & $-0.00555122$ & $0.0141304$ & $0.0151736$ & $-0.00747871$ & $-0.0149027$ & $0.0205748$ & $-0.0125364$ & $0.00245449$ & $0.0993147$ & $-0.112428$ & $0.0329899$ & $-0.0338159$ & $0.00173999$ & $0.0478565$ & $-0.0347965$ & $0.000559723$ & $1$ & $0.0442112$ & $0.0180839$ & $-0.0415109$ & $0.0691228$ & $-0.00121136$ \\
eHtautauint & $0.0350326$ & $-0.0153169$ & $-0.0302491$ & $0.0855752$ & $0.00516255$ & $0.00623196$ & $0.0159034$ & $0.0112614$ & $0.00788912$ & $-0.00836796$ & $-0.0224338$ & $0.00331137$ & $0.00490181$ & $0.0260983$ & $0.021115$ & $0.0199995$ & $0.013955$ & $0.00799009$ & $0.00316081$ & $0.0254209$ & $0.0188949$ & $0.0189268$ & $-0.00909347$ & $0.0061894$ & $-1.60105e-05$ & $-0.00524892$ & $-0.0150425$ & $0.00387935$ & $0.00521323$ & $0.104176$ & $0.0123227$ & $0.0282022$ & $-0.0464097$ & $-0.00985246$ & $0.0635197$ & $0.0520197$ & $-0.075575$ & $0.005958$ & $-0.0988273$ & $-0.00761732$ & $0.0407947$ & $-0.023025$ & $-0.0488421$ & $0.0442112$ & $1$ & $-0.0498984$ & $-0.0163191$ & $-0.0663912$ & $-0.123699$ \\
eHccint & $0.0889685$ & $0.000999344$ & $0.00632074$ & $-0.096566$ & $0.0206447$ & $0.00362601$ & $-0.0182229$ & $-0.0177769$ & $-0.0213605$ & $0.0206228$ & $0.0169079$ & $-0.0168204$ & $-0.0231489$ & $0.00820681$ & $-0.00475056$ & $-0.0155632$ & $-0.00611777$ & $0.00399935$ & $0.0123252$ & $-0.0181563$ & $-0.0168734$ & $-0.0205685$ & $-0.00716637$ & $0.00164444$ & $-0.00362981$ & $0.00790584$ & $-0.00790779$ & $0.00064751$ & $-0.0102549$ & $0.00185771$ & $0.0792087$ & $-0.0246541$ & $-0.0198292$ & $-0.0161297$ & $0.00991544$ & $-0.101063$ & $-0.0227948$ & $0.0119485$ & $0.018784$ & $-0.0143907$ & $-0.0356957$ & $0.0186045$ & $-0.0474863$ & $0.0180839$ & $-0.0498984$ & $1$ & $0.000107714$ & $-0.0113683$ & $-0.0145872$ \\
eHccpar & $0.0477531$ & $-0.011974$ & $0.00599698$ & $0.0759138$ & $-0.0137672$ & $-0.024238$ & $0.0392444$ & $0.000144147$ & $0.00937211$ & $-0.0187522$ & $0.00197247$ & $-0.0322435$ & $-0.0184477$ & $0.00722516$ & $-0.00555084$ & $-0.0174509$ & $-0.00790385$ & $-0.00149458$ & $0.00722494$ & $-0.00717852$ & $-0.00272336$ & $-0.00466399$ & $-0.00218299$ & $-0.0143921$ & $-0.00548455$ & $0.00784209$ & $0.00572399$ & $-0.00537582$ & $-0.0162917$ & $0.000725867$ & $0.362613$ & $0.0246128$ & $-0.00402066$ & $0.00126229$ & $-0.0855928$ & $-0.123135$ & $-0.0709754$ & $0.00472174$ & $-0.0663423$ & $-0.0302243$ & $-0.0357311$ & $-0.00115128$ & $0.0696508$ & $-0.0415109$ & $-0.0163191$ & $0.000107714$ & $1$ & $0.0626783$ & $-0.0391103$ \\
eHbbint & $0.0376409$ & $-0.0207043$ & $-0.0563714$ & $-0.103822$ & $0.0047351$ & $0.0241084$ & $0.0163425$ & $-0.0035626$ & $-0.0132701$ & $0.0116836$ & $0.00029696$ & $-0.0161109$ & $-0.0286378$ & $0.00584647$ & $0.0225794$ & $0.0102897$ & $0.00633195$ & $-0.00876993$ & $0.00440793$ & $-0.00210503$ & $-0.00448733$ & $-0.00027469$ & $-0.0366477$ & $0.00876439$ & $-0.0194156$ & $0.0240779$ & $-0.0314498$ & $-0.00876127$ & $-0.0249997$ & $-0.0134504$ & $0.0077328$ & $0.0345597$ & $0.125926$ & $-0.0207698$ & $0.110331$ & $0.0726319$ & $0.018818$ & $0.0166238$ & $0.0445112$ & $-0.0262781$ & $0.0340853$ & $0.000964052$ & $-0.0399195$ & $0.0691228$ & $-0.0663912$ & $-0.0113683$ & $0.0626783$ & $1$ & $-0.0521575$ \\
eHbbpar & $-0.0301959$ & $-0.0624913$ & $-0.0420311$ & $0.0124146$ & $0.0217112$ & $0.00799248$ & $-0.0220812$ & $0.0092799$ & $0.0152524$ & $0.00106966$ & $-0.00876828$ & $0.0112593$ & $0.0163975$ & $-0.00115274$ & $0.0180091$ & $-0.00589746$ & $-0.00155974$ & $-0.0127401$ & $0.0069684$ & $0.0115868$ & $0.00825173$ & $0.0047512$ & $-0.0209186$ & $0.00426683$ & $0.00741359$ & $0.00815075$ & $0.00461881$ & $0.0227542$ & $0.015612$ & $-0.00793957$ & $0.0143524$ & $-0.027659$ & $0.488723$ & $-0.0152054$ & $-0.0270507$ & $0.0162344$ & $-0.0117066$ & $0.0144473$ & $-0.00733168$ & $-0.0315945$ & $-0.0710279$ & $-0.0123481$ & $0.0849059$ & $-0.00121136$ & $-0.123699$ & $-0.0145872$ & $-0.0391103$ & $-0.0521575$ & $1$ \\
