 & AlsMz & dAle5Mz & mtop & mHl & Mz & CW & CHG & CHWB & CHWHB_gaga & CHWHB_gagaorth & CHD & CH & CHL1_11 & CHL1_22 & CHL1_33 & CHL3_11 & CHL3_22 & CHL3_33 & CHe_11 & CHe_22 & CHe_33 & CHQ1_11 & CHQ1_33 & CHQ3_11 & CHu_11 & CHd_11 & CHd_33 & CeH_22r & CeH_33r & CuH_22r & CuH_33r & CdH_33r & CLL_1221 & eHggint & eHggpar & eHWWint & eHWWpar & eHZZint & eHZZpar & eHZgaint & eHZgapar & eHgagaint & eHmumuint & eHtautauint & eHccint & eHccpar & eHbbint & eHbbpar \\
AlsMz & $1$ & $-0.121265$ & $0.0227274$ & $-0.383653$ & $0.00800034$ & $0.018321$ & $0.138737$ & $-0.00715896$ & $-0.000880574$ & $-0.00456746$ & $0.00440868$ & $-0.0096194$ & $-0.00814721$ & $0.00816429$ & $0.0318901$ & $-0.00530455$ & $-0.00398218$ & $-0.0225926$ & $-0.00615997$ & $-0.0119423$ & $-0.0128704$ & $0.0287434$ & $-0.0281189$ & $-0.0646923$ & $-0.0384209$ & $-0.0364094$ & $-0.0229313$ & $0.00238548$ & $-0.0382096$ & $0.0181578$ & $0.117477$ & $-0.176688$ & $-0.0153952$ & $-0.251055$ & $-0.137876$ & $0.480026$ & $-0.032967$ & $0.00137987$ & $0.00738217$ & $0.511455$ & $-0.0279084$ & $-0.0937825$ & $0.0805877$ & $-0.271639$ & $-0.162547$ & $0.0842652$ & $-0.485105$ & $-0.445463$ \\
dAle5Mz & $-0.121265$ & $1$ & $-0.0708592$ & $-0.184699$ & $0.0120781$ & $0.0050607$ & $-0.00789581$ & $-0.055381$ & $-0.0527269$ & $0.0281951$ & $0.0417534$ & $-0.0515565$ & $-0.00533332$ & $0.0520986$ & $0.00502818$ & $0.0189251$ & $-0.0182142$ & $0.0159508$ & $-0.0230332$ & $-0.0374474$ & $-0.0401834$ & $-0.0626686$ & $0.0438074$ & $-0.00795201$ & $0.0585833$ & $-0.0766186$ & $-0.00559328$ & $-0.0304582$ & $-0.0014556$ & $-0.00551383$ & $0.00701784$ & $0.0947074$ & $-0.0650912$ & $-0.240633$ & $0.358063$ & $-0.306807$ & $-0.018863$ & $0.0368866$ & $-0.0803708$ & $0.110057$ & $0.02428$ & $-0.013971$ & $-0.00220797$ & $-0.212583$ & $0.213554$ & $-0.122485$ & $0.214498$ & $0.312031$ \\
mtop & $0.0227274$ & $-0.0708592$ & $1$ & $0.183674$ & $-0.0148514$ & $0.0169549$ & $-0.0289746$ & $0.0175176$ & $0.00754856$ & $-0.0227939$ & $-0.0251236$ & $0.0114083$ & $0.0177488$ & $0.00628087$ & $0.0538911$ & $0.0102881$ & $0.016428$ & $-0.0265748$ & $0.0332487$ & $0.0213014$ & $0.0144407$ & $-0.0184883$ & $0.0179718$ & $-0.0147216$ & $-0.0332111$ & $-0.0346247$ & $0.0183866$ & $0.0193112$ & $0.0253363$ & $0.0831681$ & $-0.020969$ & $-0.0170577$ & $0.005623$ & $0.116915$ & $0.367143$ & $-0.0891155$ & $0.0957516$ & $0.179041$ & $0.0503606$ & $-0.301126$ & $0.0197555$ & $-0.120012$ & $0.223641$ & $0.0395622$ & $-0.0619482$ & $0.263633$ & $-0.361386$ & $-0.0896641$ \\
mHl & $-0.383653$ & $-0.184699$ & $0.183674$ & $1$ & $0.000308392$ & $0.0224307$ & $0.0160624$ & $-0.0104156$ & $-0.00987292$ & $0.0232246$ & $-0.00551838$ & $-0.0203132$ & $0.0286562$ & $0.0141369$ & $0.0355927$ & $0.0322848$ & $0.0273689$ & $0.00980313$ & $0.0113097$ & $0.00111687$ & $0.00189561$ & $0.0206051$ & $0.053206$ & $0.0398845$ & $-0.0240433$ & $-0.0249105$ & $-0.00303513$ & $0.0425332$ & $-0.0383972$ & $-0.00477317$ & $0.0117191$ & $-0.0172189$ & $-0.0248034$ & $0.323753$ & $-0.149603$ & $0.137242$ & $0.00796334$ & $0.258776$ & $0.101884$ & $-0.516092$ & $-0.0294772$ & $0.0573467$ & $0.181233$ & $0.0655032$ & $0.0231431$ & $0.230395$ & $0.290143$ & $-0.00527298$ \\
Mz & $0.00800034$ & $0.0120781$ & $-0.0148514$ & $0.000308392$ & $1$ & $0.015629$ & $-0.0014474$ & $0.0375864$ & $0.035623$ & $0.00106649$ & $-0.0268285$ & $0.0397397$ & $0.0189057$ & $-0.00389677$ & $-0.0171599$ & $-0.0107566$ & $-0.00639468$ & $-0.00120475$ & $0.0314766$ & $0.0398448$ & $0.032497$ & $0.0267162$ & $-0.0283607$ & $0.0108436$ & $-0.0169215$ & $0.060896$ & $-0.034888$ & $-0.00481548$ & $-0.0262863$ & $0.00794389$ & $-0.00610245$ & $-0.0282318$ & $0.0277469$ & $0.0203145$ & $0.0315976$ & $-0.0182999$ & $0.0199294$ & $0.0163391$ & $0.0102958$ & $-0.0216026$ & $0.0231825$ & $-0.00856536$ & $0.0363332$ & $-0.0481122$ & $0.0201704$ & $0.0215131$ & $-0.0274901$ & $-0.0260589$ \\
CW & $0.018321$ & $0.0050607$ & $0.0169549$ & $0.0224307$ & $0.015629$ & $1$ & $-0.00935883$ & $-0.105668$ & $-0.10404$ & $-0.0138624$ & $0.157363$ & $0.0118158$ & $0.0668822$ & $-0.0948401$ & $-0.0727093$ & $-0.2518$ & $-0.0124829$ & $-0.0294402$ & $-0.157503$ & $-0.159912$ & $-0.151781$ & $0.00097037$ & $0.00452376$ & $-0.0640873$ & $0.0818768$ & $-0.0561286$ & $-0.0514665$ & $-0.0203052$ & $-0.0305429$ & $-0.0224305$ & $-0.0100031$ & $-0.0321389$ & $-0.0920904$ & $0.00552046$ & $0.0156684$ & $0.0190487$ & $-0.00761459$ & $-0.0389144$ & $-0.0433041$ & $-0.0377798$ & $0.0490734$ & $-0.0560625$ & $-0.00323831$ & $-0.0453017$ & $-0.00992945$ & $0.0203689$ & $-0.00605487$ & $-0.0747503$ \\
CHG & $0.138737$ & $-0.00789581$ & $-0.0289746$ & $0.0160624$ & $-0.0014474$ & $-0.00935883$ & $1$ & $-0.20084$ & $-0.141479$ & $0.224386$ & $0.139079$ & $-0.31193$ & $0.0663936$ & $0.0128882$ & $-0.00487832$ & $0.123096$ & $0.117953$ & $0.131171$ & $-0.129041$ & $-0.155205$ & $-0.144677$ & $-0.0352039$ & $0.19862$ & $0.0951276$ & $0.0736439$ & $-0.159074$ & $-0.0429747$ & $0.00833146$ & $-0.0886171$ & $-0.0721726$ & $0.943969$ & $-0.156063$ & $-0.171858$ & $0.0163105$ & $-0.0429427$ & $0.100161$ & $0.0228095$ & $0.0764504$ & $0.0597873$ & $-0.0277925$ & $-0.117799$ & $0.0166246$ & $0.00149745$ & $0.00758248$ & $-0.0291576$ & $0.0628323$ & $-0.0372244$ & $-0.0730884$ \\
CHWB & $-0.00715896$ & $-0.055381$ & $0.0175176$ & $-0.0104156$ & $0.0375864$ & $-0.105668$ & $-0.20084$ & $1$ & $0.985428$ & $-0.645992$ & $-0.883029$ & $0.502844$ & $0.0350522$ & $0.286501$ & $0.276369$ & $-0.285734$ & $-0.479589$ & $-0.482073$ & $0.850425$ & $0.902492$ & $0.88565$ & $0.0472966$ & $-0.700896$ & $-0.436069$ & $-0.496527$ & $0.443941$ & $0.318688$ & $0.0276971$ & $0.154314$ & $0.0785571$ & $-0.194289$ & $0.182322$ & $0.569651$ & $-0.00777529$ & $-0.0387094$ & $0.0284849$ & $0.0303384$ & $0.0446573$ & $0.0150796$ & $0.0169553$ & $-0.0450537$ & $0.0372724$ & $0.000934901$ & $0.0401649$ & $0.0151336$ & $-0.0438565$ & $0.0170028$ & $0.0288362$ \\
CHWHB_gaga & $-0.000880574$ & $-0.0527269$ & $0.00754856$ & $-0.00987292$ & $0.035623$ & $-0.10404$ & $-0.141479$ & $0.985428$ & $1$ & $-0.642416$ & $-0.869967$ & $0.484228$ & $0.0354716$ & $0.288584$ & $0.27431$ & $-0.284412$ & $-0.477297$ & $-0.477011$ & $0.838429$ & $0.888374$ & $0.871527$ & $0.0489444$ & $-0.689714$ & $-0.434316$ & $-0.491794$ & $0.431668$ & $0.31665$ & $0.0333759$ & $0.166096$ & $0.0888668$ & $-0.145023$ & $0.196739$ & $0.555286$ & $-0.0149688$ & $-0.0445181$ & $0.0346616$ & $0.0291389$ & $0.0466626$ & $0.0122471$ & $0.0249628$ & $-0.0568126$ & $0.0649245$ & $-0.00680913$ & $0.0551362$ & $0.00321262$ & $-0.0473939$ & $0.0143539$ & $0.0352601$ \\
CHWHB_gagaorth & $-0.00456746$ & $0.0281951$ & $-0.0227939$ & $0.0232246$ & $0.00106649$ & $-0.0138624$ & $0.224386$ & $-0.645992$ & $-0.642416$ & $1$ & $0.36853$ & $-0.670175$ & $0.37519$ & $-0.149789$ & $-0.129938$ & $0.607308$ & $0.65148$ & $0.647943$ & $-0.356666$ & $-0.387697$ & $-0.380634$ & $-0.0532149$ & $0.676381$ & $0.637312$ & $0.229621$ & $-0.254219$ & $-0.140476$ & $-0.0228975$ & $-0.30746$ & $-0.142716$ & $0.197491$ & $-0.383035$ & $-0.382692$ & $0.0235052$ & $0.0296577$ & $-0.0226572$ & $-0.0252592$ & $-0.0419895$ & $-0.0169762$ & $-0.0591936$ & $0.0212234$ & $-0.0247738$ & $-0.00500335$ & $-0.0192918$ & $-0.0531464$ & $0.0363375$ & $-0.0284217$ & $-0.00348035$ \\
CHD & $0.00440868$ & $0.0417534$ & $-0.0251236$ & $-0.00551838$ & $-0.0268285$ & $0.157363$ & $0.139079$ & $-0.883029$ & $-0.869967$ & $0.36853$ & $1$ & $-0.36184$ & $-0.449227$ & $-0.419719$ & $-0.412519$ & $-0.159236$ & $0.136477$ & $0.135537$ & $-0.990019$ & $-0.990786$ & $-0.969478$ & $0.0214142$ & $0.350639$ & $0.0703958$ & $0.544709$ & $-0.300586$ & $-0.354837$ & $-0.025514$ & $-0.135977$ & $-0.0518899$ & $0.135853$ & $-0.17076$ & $-0.365106$ & $0.0175963$ & $0.0344064$ & $-0.0298004$ & $-0.0397357$ & $-0.0501536$ & $-0.0136988$ & $0.00700768$ & $0.0465744$ & $-0.0248282$ & $-0.00133413$ & $-0.0357808$ & $0.0138759$ & $0.0323371$ & $0.00107291$ & $-0.0356233$ \\
CH & $-0.0096194$ & $-0.0515565$ & $0.0114083$ & $-0.0203132$ & $0.0397397$ & $0.0118158$ & $-0.31193$ & $0.502844$ & $0.484228$ & $-0.670175$ & $-0.36184$ & $1$ & $-0.127028$ & $0.0868141$ & $0.0707234$ & $-0.314017$ & $-0.351367$ & $-0.350074$ & $0.341502$ & $0.380408$ & $0.367538$ & $0.0504588$ & $-0.447871$ & $-0.339068$ & $-0.223635$ & $0.249654$ & $0.144282$ & $0.0267681$ & $0.160349$ & $0.0809258$ & $-0.31289$ & $0.194184$ & $0.323752$ & $-0.0571418$ & $-0.0486955$ & $0.0246208$ & $0.0196486$ & $-0.0113979$ & $0.00812902$ & $0.042167$ & $0.00960199$ & $-0.0341466$ & $0.0144195$ & $0.00530104$ & $0.0148355$ & $-0.0315405$ & $0.0123304$ & $-0.0471577$ \\
CHL1_11 & $-0.00814721$ & $-0.00533332$ & $0.0177488$ & $0.0286562$ & $0.0189057$ & $0.0668822$ & $0.0663936$ & $0.0350522$ & $0.0354716$ & $0.37519$ & $-0.449227$ & $-0.127028$ & $1$ & $0.254975$ & $0.265368$ & $0.640882$ & $0.588297$ & $0.587582$ & $0.47544$ & $0.404962$ & $0.392242$ & $-0.114274$ & $0.483209$ & $0.601729$ & $-0.214638$ & $-0.134939$ & $0.148297$ & $0.00721587$ & $0.0104188$ & $-0.0418796$ & $0.057586$ & $0.0270987$ & $-0.259043$ & $-0.0228473$ & $-0.00250049$ & $0.0140798$ & $0.0324999$ & $0.0179056$ & $-0.0149223$ & $-0.0536883$ & $-0.015384$ & $-0.0204361$ & $-0.00424224$ & $0.00399021$ & $-0.0611067$ & $0.0151546$ & $-0.0340263$ & $0.0129951$ \\
CHL1_22 & $0.00816429$ & $0.0520986$ & $0.00628087$ & $0.0141369$ & $-0.00389677$ & $-0.0948401$ & $0.0128882$ & $0.286501$ & $0.288584$ & $-0.149789$ & $-0.419719$ & $0.0868141$ & $0.254975$ & $1$ & $0.431838$ & $0.171206$ & $-0.471967$ & $-0.024738$ & $0.489216$ & $0.333395$ & $0.328497$ & $-0.19275$ & $0.100322$ & $-0.125491$ & $-0.195814$ & $-0.380705$ & $0.12071$ & $-0.0156564$ & $0.0333731$ & $0.0124583$ & $0.011979$ & $0.0416295$ & $-0.597305$ & $0.0057342$ & $-0.0383215$ & $-0.0152531$ & $0.0380537$ & $0.00316698$ & $0.0119471$ & $-0.012219$ & $-0.0542702$ & $-0.0246007$ & $0.0101024$ & $-0.00374008$ & $-0.00106958$ & $0.00154943$ & $0.046385$ & $0.0216848$ \\
CHL1_33 & $0.0318901$ & $0.00502818$ & $0.0538911$ & $0.0355927$ & $-0.0171599$ & $-0.0727093$ & $-0.00487832$ & $0.276369$ & $0.27431$ & $-0.129938$ & $-0.412519$ & $0.0707234$ & $0.265368$ & $0.431838$ & $1$ & $0.173356$ & $-0.0197865$ & $-0.437912$ & $0.479052$ & $0.328501$ & $0.34588$ & $-0.213263$ & $0.109068$ & $-0.12137$ & $-0.169031$ & $-0.381984$ & $0.120973$ & $0.00740964$ & $0.0135088$ & $0.0233207$ & $-0.000922678$ & $0.022118$ & $-0.105006$ & $0.017217$ & $-0.0259179$ & $0.0513914$ & $0.0446456$ & $0.0298572$ & $-0.00975096$ & $-0.0282288$ & $-0.0337944$ & $-0.00880674$ & $0.0147366$ & $-0.0304171$ & $-0.0210965$ & $0.034556$ & $-0.0129505$ & $0.0201095$ \\
CHL3_11 & $-0.00530455$ & $0.0189251$ & $0.0102881$ & $0.0322848$ & $-0.0107566$ & $-0.2518$ & $0.123096$ & $-0.285734$ & $-0.284412$ & $0.607308$ & $-0.159236$ & $-0.314017$ & $0.640882$ & $0.171206$ & $0.173356$ & $1$ & $0.709774$ & $0.719694$ & $0.18894$ & $0.122276$ & $0.112199$ & $-0.0941248$ & $0.686684$ & $0.768816$ & $-0.0664876$ & $-0.204416$ & $0.053218$ & $-0.00697883$ & $-0.044875$ & $-0.0490488$ & $0.118275$ & $-0.0283126$ & $-0.29836$ & $-0.0154778$ & $0.0154872$ & $-0.0122419$ & $0.00685475$ & $0.0100274$ & $0.0128872$ & $-0.0465499$ & $0.00608545$ & $-0.0125913$ & $0.00460386$ & $0.00062899$ & $-0.0562898$ & $0.0132537$ & $-0.0380335$ & $0.0138314$ \\
CHL3_22 & $-0.00398218$ & $-0.0182142$ & $0.016428$ & $0.0273689$ & $-0.00639468$ & $-0.0124829$ & $0.117953$ & $-0.479589$ & $-0.477297$ & $0.65148$ & $0.136477$ & $-0.351367$ & $0.588297$ & $-0.471967$ & $-0.0197865$ & $0.709774$ & $1$ & $0.653046$ & $-0.13541$ & $-0.132286$ & $-0.133503$ & $-0.00439138$ & $0.625723$ & $0.778499$ & $0.0839063$ & $-0.0479668$ & $-0.0389011$ & $0.00416181$ & $-0.0690793$ & $-0.0630524$ & $0.111892$ & $-0.0648404$ & $0.00796161$ & $-0.016231$ & $0.0370255$ & $0.0141621$ & $-0.00674707$ & $0.00620986$ & $-0.0111098$ & $-0.0451688$ & $0.0347148$ & $-0.00933798$ & $-0.00494169$ & $-0.00877279$ & $-0.0570797$ & $0.0300166$ & $-0.0706839$ & $-0.00484882$ \\
CHL3_33 & $-0.0225926$ & $0.0159508$ & $-0.0265748$ & $0.00980313$ & $-0.00120475$ & $-0.0294402$ & $0.131171$ & $-0.482073$ & $-0.477011$ & $0.647943$ & $0.135537$ & $-0.350074$ & $0.587582$ & $-0.024738$ & $-0.437912$ & $0.719694$ & $0.653046$ & $1$ & $-0.131024$ & $-0.13288$ & $-0.131346$ & $0.0105645$ & $0.632032$ & $0.788562$ & $0.0654695$ & $-0.0518995$ & $-0.0432111$ & $-0.0144732$ & $-0.0570496$ & $-0.0745725$ & $0.121381$ & $-0.0548648$ & $-0.390583$ & $-0.0268076$ & $0.0242992$ & $-0.0375472$ & $-0.0189278$ & $-0.0135433$ & $-0.000285622$ & $-0.0278686$ & $0.0166481$ & $-0.0219424$ & $-0.0106169$ & $0.0131742$ & $-0.0363903$ & $0.00213881$ & $-0.0187759$ & $-0.00873061$ \\
CHe_11 & $-0.00615997$ & $-0.0230332$ & $0.0332487$ & $0.0113097$ & $0.0314766$ & $-0.157503$ & $-0.129041$ & $0.850425$ & $0.838429$ & $-0.356666$ & $-0.990019$ & $0.341502$ & $0.47544$ & $0.489216$ & $0.479052$ & $0.18894$ & $-0.13541$ & $-0.131024$ & $1$ & $0.970591$ & $0.950171$ & $-0.0516771$ & $-0.291117$ & $-0.0589667$ & $-0.533829$ & $0.219777$ & $0.348657$ & $0.0225812$ & $0.128437$ & $0.0490184$ & $-0.125885$ & $0.163032$ & $0.278896$ & $-0.017218$ & $-0.0307209$ & $0.0273227$ & $0.0449316$ & $0.05097$ & $0.0126368$ & $-0.0109781$ & $-0.050065$ & $0.0174391$ & $0.00360313$ & $0.0283659$ & $-0.0107123$ & $-0.0235007$ & $0.00319899$ & $0.0414194$ \\
CHe_22 & $-0.0119423$ & $-0.0374474$ & $0.0213014$ & $0.00111687$ & $0.0398448$ & $-0.159912$ & $-0.155205$ & $0.902492$ & $0.888374$ & $-0.387697$ & $-0.990786$ & $0.380408$ & $0.404962$ & $0.333395$ & $0.328501$ & $0.122276$ & $-0.132286$ & $-0.13288$ & $0.970591$ & $1$ & $0.974063$ & $0.0110109$ & $-0.408697$ & $-0.0791914$ & $-0.547347$ & $0.383749$ & $0.3556$ & $0.0266427$ & $0.141136$ & $0.055907$ & $-0.151797$ & $0.178653$ & $0.454117$ & $-0.0236035$ & $-0.0280373$ & $0.0239504$ & $0.0361104$ & $0.0520153$ & $0.0145757$ & $-0.00183194$ & $-0.0401081$ & $0.0312043$ & $0.00057637$ & $0.0395891$ & $-0.0104145$ & $-0.040434$ & $0.00044407$ & $0.0385333$ \\
CHe_33 & $-0.0128704$ & $-0.0401834$ & $0.0144407$ & $0.00189561$ & $0.032497$ & $-0.151781$ & $-0.144677$ & $0.88565$ & $0.871527$ & $-0.380634$ & $-0.969478$ & $0.367538$ & $0.392242$ & $0.328497$ & $0.34588$ & $0.112199$ & $-0.133503$ & $-0.131346$ & $0.950171$ & $0.974063$ & $1$ & $0.00707322$ & $-0.402274$ & $-0.0841643$ & $-0.533929$ & $0.371888$ & $0.348914$ & $0.0265666$ & $0.13666$ & $0.0485714$ & $-0.140398$ & $0.172498$ & $0.44612$ & $-0.0166197$ & $-0.0266653$ & $0.0217998$ & $0.0324746$ & $0.0609224$ & $0.0127779$ & $-0.00535107$ & $-0.0513776$ & $0.0325761$ & $-0.0082642$ & $0.0332387$ & $0.00364175$ & $-0.0337081$ & $0.0145681$ & $0.0323437$ \\
CHQ1_11 & $0.0287434$ & $-0.0626686$ & $-0.0184883$ & $0.0206051$ & $0.0267162$ & $0.00097037$ & $-0.0352039$ & $0.0472966$ & $0.0489444$ & $-0.0532149$ & $0.0214142$ & $0.0504588$ & $-0.114274$ & $-0.19275$ & $-0.213263$ & $-0.0941248$ & $-0.00439138$ & $0.0105645$ & $-0.0516771$ & $0.0110109$ & $0.00707322$ & $1$ & $-0.150661$ & $0.0561888$ & $-0.644532$ & $0.335217$ & $0.00893659$ & $0.0132847$ & $-0.0130795$ & $0.000632583$ & $-0.0465555$ & $-0.00406817$ & $0.201328$ & $0.00979721$ & $-0.0575306$ & $-0.00158511$ & $-0.0729991$ & $-0.050284$ & $-0.00590965$ & $0.0299709$ & $0.00443602$ & $-0.0193556$ & $0.0525079$ & $0.0558284$ & $-0.00509049$ & $-0.0737671$ & $0.0338262$ & $-0.0323109$ \\
CHQ1_33 & $-0.0281189$ & $0.0438074$ & $0.0179718$ & $0.053206$ & $-0.0283607$ & $0.00452376$ & $0.19862$ & $-0.700896$ & $-0.689714$ & $0.676381$ & $0.350639$ & $-0.447871$ & $0.483209$ & $0.100322$ & $0.109068$ & $0.686684$ & $0.625723$ & $0.632032$ & $-0.291117$ & $-0.408697$ & $-0.402274$ & $-0.150661$ & $1$ & $0.649503$ & $0.235101$ & $-0.446373$ & $-0.0472148$ & $-0.019696$ & $-0.105765$ & $-0.0770032$ & $0.189712$ & $-0.117627$ & $-0.648243$ & $0.0149751$ & $0.0333696$ & $-0.0291573$ & $0.00916131$ & $-0.00718642$ & $-0.0116197$ & $-0.0744333$ & $0.0120542$ & $-0.0401369$ & $-0.00533068$ & $-0.0176619$ & $-0.0262138$ & $0.0541696$ & $-0.0076846$ & $-0.000588687$ \\
CHQ3_11 & $-0.0646923$ & $-0.00795201$ & $-0.0147216$ & $0.0398845$ & $0.0108436$ & $-0.0640873$ & $0.0951276$ & $-0.436069$ & $-0.434316$ & $0.637312$ & $0.0703958$ & $-0.339068$ & $0.601729$ & $-0.125491$ & $-0.12137$ & $0.768816$ & $0.778499$ & $0.788562$ & $-0.0589667$ & $-0.0791914$ & $-0.0841643$ & $0.0561888$ & $0.649503$ & $1$ & $0.0708829$ & $0.170365$ & $-0.0120148$ & $-0.01164$ & $-0.0567547$ & $-0.0671286$ & $0.0863064$ & $-0.0480523$ & $-0.241124$ & $0.00723453$ & $0.00678143$ & $-0.0362741$ & $-0.0102699$ & $-0.0278125$ & $-0.00561218$ & $-0.0646015$ & $0.0247844$ & $-0.0164688$ & $0.00279118$ & $0.0451244$ & $-0.046453$ & $-0.0196474$ & $0.000160317$ & $0.00738685$ \\
CHu_11 & $-0.0384209$ & $0.0585833$ & $-0.0332111$ & $-0.0240433$ & $-0.0169215$ & $0.0818768$ & $0.0736439$ & $-0.496527$ & $-0.491794$ & $0.229621$ & $0.544709$ & $-0.223635$ & $-0.214638$ & $-0.195814$ & $-0.169031$ & $-0.0664876$ & $0.0839063$ & $0.0654695$ & $-0.533829$ & $-0.547347$ & $-0.533929$ & $-0.644532$ & $0.235101$ & $0.0708829$ & $1$ & $-0.146774$ & $-0.202599$ & $-0.0186011$ & $-0.0521682$ & $-0.0504055$ & $0.0746415$ & $-0.0869159$ & $-0.238801$ & $0.0146907$ & $0.0566657$ & $-0.0224186$ & $0.012891$ & $0.00617426$ & $0.00672972$ & $-0.0162213$ & $0.0264354$ & $0.0211284$ & $-0.0359068$ & $-0.0432264$ & $0.0361512$ & $0.0473294$ & $-0.00742235$ & $-0.000962473$ \\
CHd_11 & $-0.0364094$ & $-0.0766186$ & $-0.0346247$ & $-0.0249105$ & $0.060896$ & $-0.0561286$ & $-0.159074$ & $0.443941$ & $0.431668$ & $-0.254219$ & $-0.300586$ & $0.249654$ & $-0.134939$ & $-0.380705$ & $-0.381984$ & $-0.204416$ & $-0.0479668$ & $-0.0518995$ & $0.219777$ & $0.383749$ & $0.371888$ & $0.335217$ & $-0.446373$ & $0.170365$ & $-0.146774$ & $1$ & $0.128456$ & $0.0164622$ & $0.0868407$ & $0.0238136$ & $-0.1608$ & $0.0949177$ & $0.682702$ & $0.00335183$ & $-0.0213795$ & $-0.00634149$ & $-0.0260827$ & $-0.00794685$ & $0.00768626$ & $0.0213054$ & $0.00400059$ & $0.0367375$ & $0.00379106$ & $0.0818775$ & $0.0247471$ & $-0.0904153$ & $0.0260975$ & $-0.00876415$ \\
CHd_33 & $-0.0229313$ & $-0.00559328$ & $0.0183866$ & $-0.00303513$ & $-0.034888$ & $-0.0514665$ & $-0.0429747$ & $0.318688$ & $0.31665$ & $-0.140476$ & $-0.354837$ & $0.144282$ & $0.148297$ & $0.12071$ & $0.120973$ & $0.053218$ & $-0.0389011$ & $-0.0432111$ & $0.348657$ & $0.3556$ & $0.348914$ & $0.00893659$ & $-0.0472148$ & $-0.0120148$ & $-0.202599$ & $0.128456$ & $1$ & $0.00482746$ & $0.0575774$ & $0.0308434$ & $-0.0446492$ & $0.0679953$ & $0.160275$ & $-0.0511708$ & $-0.00827585$ & $-0.0143072$ & $0.0183679$ & $0.0417025$ & $0.027307$ & $-0.0161692$ & $-0.00757144$ & $0.0142658$ & $0.00693787$ & $0.0465033$ & $-0.0366189$ & $0.00932464$ & $0.00912495$ & $0.00291319$ \\
CeH_22r & $0.00238548$ & $-0.0304582$ & $0.0193112$ & $0.0425332$ & $-0.00481548$ & $-0.0203052$ & $0.00833146$ & $0.0276971$ & $0.0333759$ & $-0.0228975$ & $-0.025514$ & $0.0267681$ & $0.00721587$ & $-0.0156564$ & $0.00740964$ & $-0.00697883$ & $0.00416181$ & $-0.0144732$ & $0.0225812$ & $0.0266427$ & $0.0265666$ & $0.0132847$ & $-0.019696$ & $-0.01164$ & $-0.0186011$ & $0.0164622$ & $0.00482746$ & $1$ & $0.0103662$ & $0.0324789$ & $-0.0103222$ & $0.0258304$ & $0.0324257$ & $0.00774588$ & $0.00660318$ & $0.0187273$ & $0.00476421$ & $0.00954923$ & $0.0305225$ & $-0.0269867$ & $-0.0211875$ & $0.0126401$ & $0.0256521$ & $0.00357671$ & $-0.0180617$ & $0.00440691$ & $-0.00749938$ & $-0.0133461$ \\
CeH_33r & $-0.0382096$ & $-0.0014556$ & $0.0253363$ & $-0.0383972$ & $-0.0262863$ & $-0.0305429$ & $-0.0886171$ & $0.154314$ & $0.166096$ & $-0.30746$ & $-0.135977$ & $0.160349$ & $0.0104188$ & $0.0333731$ & $0.0135088$ & $-0.044875$ & $-0.0690793$ & $-0.0570496$ & $0.128437$ & $0.141136$ & $0.13666$ & $-0.0130795$ & $-0.105765$ & $-0.0567547$ & $-0.0521682$ & $0.0868407$ & $0.0575774$ & $0.0103662$ & $1$ & $0.303148$ & $0.0408214$ & $0.689849$ & $0.0942718$ & $-0.00121676$ & $0.0314887$ & $-0.074539$ & $0.00303096$ & $0.00928633$ & $0.00227398$ & $0.0125219$ & $-0.00379508$ & $-0.00848615$ & $-0.0036924$ & $0.0311799$ & $0.0571235$ & $-0.0410991$ & $0.0252764$ & $0.0074517$ \\
CuH_22r & $0.0181578$ & $-0.00551383$ & $0.0831681$ & $-0.00477317$ & $0.00794389$ & $-0.0224305$ & $-0.0721726$ & $0.0785571$ & $0.0888668$ & $-0.142716$ & $-0.0518899$ & $0.0809258$ & $-0.0418796$ & $0.0124583$ & $0.0233207$ & $-0.0490488$ & $-0.0630524$ & $-0.0745725$ & $0.0490184$ & $0.055907$ & $0.0485714$ & $0.000632583$ & $-0.0770032$ & $-0.0671286$ & $-0.0504055$ & $0.0238136$ & $0.0308434$ & $0.0324789$ & $0.303148$ & $1$ & $0.0136595$ & $0.381979$ & $0.055969$ & $0.0201389$ & $0.00603116$ & $-0.0205543$ & $0.0183977$ & $0.0771521$ & $0.000891279$ & $-0.0182134$ & $0.00432854$ & $-0.0310006$ & $0.016004$ & $-0.05824$ & $0.0298147$ & $0.126821$ & $-0.0532613$ & $0.00384844$ \\
CuH_33r & $0.117477$ & $0.00701784$ & $-0.020969$ & $0.0117191$ & $-0.00610245$ & $-0.0100031$ & $0.943969$ & $-0.194289$ & $-0.145023$ & $0.197491$ & $0.135853$ & $-0.31289$ & $0.057586$ & $0.011979$ & $-0.000922678$ & $0.118275$ & $0.111892$ & $0.121381$ & $-0.125885$ & $-0.151797$ & $-0.140398$ & $-0.0465555$ & $0.189712$ & $0.0863064$ & $0.0746415$ & $-0.1608$ & $-0.0446492$ & $-0.0103222$ & $0.0408214$ & $0.0136595$ & $1$ & $0.023703$ & $-0.164143$ & $0.0471165$ & $-0.0165882$ & $0.0668041$ & $0.0129909$ & $0.0846931$ & $0.0602976$ & $-0.0392035$ & $-0.121208$ & $0.00788399$ & $0.00667016$ & $0.00521415$ & $0.00746774$ & $0.0552606$ & $-0.0206423$ & $-0.0533731$ \\
CdH_33r & $-0.176688$ & $0.0947074$ & $-0.0170577$ & $-0.0172189$ & $-0.0282318$ & $-0.0321389$ & $-0.156063$ & $0.182322$ & $0.196739$ & $-0.383035$ & $-0.17076$ & $0.194184$ & $0.0270987$ & $0.0416295$ & $0.022118$ & $-0.0283126$ & $-0.0648404$ & $-0.0548648$ & $0.163032$ & $0.178653$ & $0.172498$ & $-0.00406817$ & $-0.117627$ & $-0.0480523$ & $-0.0869159$ & $0.0949177$ & $0.0679953$ & $0.0258304$ & $0.689849$ & $0.381979$ & $0.023703$ & $1$ & $0.115087$ & $0.0636457$ & $0.0339215$ & $-0.154394$ & $-0.00379374$ & $0.0250802$ & $-0.00355185$ & $-0.0173063$ & $-0.0170654$ & $0.0826514$ & $-0.01471$ & $0.106493$ & $0.0780598$ & $-0.103382$ & $0.133017$ & $0.226592$ \\
CLL_1221 & $-0.0153952$ & $-0.0650912$ & $0.005623$ & $-0.0248034$ & $0.0277469$ & $-0.0920904$ & $-0.171858$ & $0.569651$ & $0.555286$ & $-0.382692$ & $-0.365106$ & $0.323752$ & $-0.259043$ & $-0.597305$ & $-0.105006$ & $-0.29836$ & $0.00796161$ & $-0.390583$ & $0.278896$ & $0.454117$ & $0.44612$ & $0.201328$ & $-0.648243$ & $-0.241124$ & $-0.238801$ & $0.682702$ & $0.160275$ & $0.0324257$ & $0.0942718$ & $0.055969$ & $-0.164143$ & $0.115087$ & $1$ & $-0.0162283$ & $0.0113039$ & $0.0249252$ & $-0.00949793$ & $0.0354304$ & $0.00931345$ & $0.0271848$ & $0.00763935$ & $0.0552306$ & $-0.00515564$ & $0.031312$ & $0.0165684$ & $-0.043321$ & $-0.0218739$ & $0.0153388$ \\
eHggint & $-0.251055$ & $-0.240633$ & $0.116915$ & $0.323753$ & $0.0203145$ & $0.00552046$ & $0.0163105$ & $-0.00777529$ & $-0.0149688$ & $0.0235052$ & $0.0175963$ & $-0.0571418$ & $-0.0228473$ & $0.0057342$ & $0.017217$ & $-0.0154778$ & $-0.016231$ & $-0.0268076$ & $-0.017218$ & $-0.0236035$ & $-0.0166197$ & $0.00979721$ & $0.0149751$ & $0.00723453$ & $0.0146907$ & $0.00335183$ & $-0.0511708$ & $0.00774588$ & $-0.00121676$ & $0.0201389$ & $0.0471165$ & $0.0636457$ & $-0.0162283$ & $1$ & $-0.217576$ & $-0.164519$ & $0.0693492$ & $-0.0861336$ & $-0.0478621$ & $-0.440076$ & $0.0860483$ & $0.0895176$ & $-0.0919152$ & $0.129291$ & $0.26885$ & $0.0582072$ & $0.339933$ & $0.256387$ \\
eHggpar & $-0.137876$ & $0.358063$ & $0.367143$ & $-0.149603$ & $0.0315976$ & $0.0156684$ & $-0.0429427$ & $-0.0387094$ & $-0.0445181$ & $0.0296577$ & $0.0344064$ & $-0.0486955$ & $-0.00250049$ & $-0.0383215$ & $-0.0259179$ & $0.0154872$ & $0.0370255$ & $0.0242992$ & $-0.0307209$ & $-0.0280373$ & $-0.0266653$ & $-0.0575306$ & $0.0333696$ & $0.00678143$ & $0.0566657$ & $-0.0213795$ & $-0.00827585$ & $0.00660318$ & $0.0314887$ & $0.00603116$ & $-0.0165882$ & $0.0339215$ & $0.0113039$ & $-0.217576$ & $1$ & $-0.457172$ & $-0.112599$ & $0.177365$ & $0.0451645$ & $-0.077458$ & $-0.00121876$ & $0.0555102$ & $-0.0616265$ & $-0.022714$ & $0.197181$ & $-0.0927283$ & $-0.27897$ & $0.0291348$ \\
eHWWint & $0.480026$ & $-0.306807$ & $-0.0891155$ & $0.137242$ & $-0.0182999$ & $0.0190487$ & $0.100161$ & $0.0284849$ & $0.0346616$ & $-0.0226572$ & $-0.0298004$ & $0.0246208$ & $0.0140798$ & $-0.0152531$ & $0.0513914$ & $-0.0122419$ & $0.0141621$ & $-0.0375472$ & $0.0273227$ & $0.0239504$ & $0.0217998$ & $-0.00158511$ & $-0.0291573$ & $-0.0362741$ & $-0.0224186$ & $-0.00634149$ & $-0.0143072$ & $0.0187273$ & $-0.074539$ & $-0.0205543$ & $0.0668041$ & $-0.154394$ & $0.0249252$ & $-0.164519$ & $-0.457172$ & $1$ & $-0.081497$ & $0.0397772$ & $-0.0538653$ & $0.301863$ & $-0.0146452$ & $0.133741$ & $0.0133093$ & $-0.199159$ & $-0.258207$ & $0.334449$ & $-0.289308$ & $-0.194311$ \\
eHWWpar & $-0.032967$ & $-0.018863$ & $0.0957516$ & $0.00796334$ & $0.0199294$ & $-0.00761459$ & $0.0228095$ & $0.0303384$ & $0.0291389$ & $-0.0252592$ & $-0.0397357$ & $0.0196486$ & $0.0324999$ & $0.0380537$ & $0.0446456$ & $0.00685475$ & $-0.00674707$ & $-0.0189278$ & $0.0449316$ & $0.0361104$ & $0.0324746$ & $-0.0729991$ & $0.00916131$ & $-0.0102699$ & $0.012891$ & $-0.0260827$ & $0.0183679$ & $0.00476421$ & $0.00303096$ & $0.0183977$ & $0.0129909$ & $-0.00379374$ & $-0.00949793$ & $0.0693492$ & $-0.112599$ & $-0.081497$ & $1$ & $0.000296946$ & $0.0536068$ & $-0.0627312$ & $0.00450988$ & $-0.0266574$ & $-0.107801$ & $0.0564994$ & $-0.0554996$ & $0.155011$ & $-0.000132246$ & $0.0381435$ \\
eHZZint & $0.00137987$ & $0.0368866$ & $0.179041$ & $0.258776$ & $0.0163391$ & $-0.0389144$ & $0.0764504$ & $0.0446573$ & $0.0466626$ & $-0.0419895$ & $-0.0501536$ & $-0.0113979$ & $0.0179056$ & $0.00316698$ & $0.0298572$ & $0.0100274$ & $0.00620986$ & $-0.0135433$ & $0.05097$ & $0.0520153$ & $0.0609224$ & $-0.050284$ & $-0.00718642$ & $-0.0278125$ & $0.00617426$ & $-0.00794685$ & $0.0417025$ & $0.00954923$ & $0.00928633$ & $0.0771521$ & $0.0846931$ & $0.0250802$ & $0.0354304$ & $-0.0861336$ & $0.177365$ & $0.0397772$ & $0.000296946$ & $1$ & $0.0139856$ & $-0.0613545$ & $-0.0474788$ & $0.193247$ & $0.0876929$ & $-0.358584$ & $0.185511$ & $0.405793$ & $-0.10643$ & $0.030296$ \\
eHZZpar & $0.00738217$ & $-0.0803708$ & $0.0503606$ & $0.101884$ & $0.0102958$ & $-0.0433041$ & $0.0597873$ & $0.0150796$ & $0.0122471$ & $-0.0169762$ & $-0.0136988$ & $0.00812902$ & $-0.0149223$ & $0.0119471$ & $-0.00975096$ & $0.0128872$ & $-0.0111098$ & $-0.000285622$ & $0.0126368$ & $0.0145757$ & $0.0127779$ & $-0.00590965$ & $-0.0116197$ & $-0.00561218$ & $0.00672972$ & $0.00768626$ & $0.027307$ & $0.0305225$ & $0.00227398$ & $0.000891279$ & $0.0602976$ & $-0.00355185$ & $0.00931345$ & $-0.0478621$ & $0.0451645$ & $-0.0538653$ & $0.0536068$ & $0.0139856$ & $1$ & $-0.00190296$ & $0.00966277$ & $-0.167683$ & $0.195217$ & $-0.0699402$ & $0.0233461$ & $0.103435$ & $-0.0470143$ & $-0.00848758$ \\
eHZgaint & $0.511455$ & $0.110057$ & $-0.301126$ & $-0.516092$ & $-0.0216026$ & $-0.0377798$ & $-0.0277925$ & $0.0169553$ & $0.0249628$ & $-0.0591936$ & $0.00700768$ & $0.042167$ & $-0.0536883$ & $-0.012219$ & $-0.0282288$ & $-0.0465499$ & $-0.0451688$ & $-0.0278686$ & $-0.0109781$ & $-0.00183194$ & $-0.00535107$ & $0.0299709$ & $-0.0744333$ & $-0.0646015$ & $-0.0162213$ & $0.0213054$ & $-0.0161692$ & $-0.0269867$ & $0.0125219$ & $-0.0182134$ & $-0.0392035$ & $-0.0173063$ & $0.0271848$ & $-0.440076$ & $-0.077458$ & $0.301863$ & $-0.0627312$ & $-0.0613545$ & $-0.00190296$ & $1$ & $-0.0590952$ & $0.0419553$ & $0.129723$ & $-0.181277$ & $0.0904635$ & $-0.103326$ & $-0.279266$ & $-0.115777$ \\
eHZgapar & $-0.0279084$ & $0.02428$ & $0.0197555$ & $-0.0294772$ & $0.0231825$ & $0.0490734$ & $-0.117799$ & $-0.0450537$ & $-0.0568126$ & $0.0212234$ & $0.0465744$ & $0.00960199$ & $-0.015384$ & $-0.0542702$ & $-0.0337944$ & $0.00608545$ & $0.0347148$ & $0.0166481$ & $-0.050065$ & $-0.0401081$ & $-0.0513776$ & $0.00443602$ & $0.0120542$ & $0.0247844$ & $0.0264354$ & $0.00400059$ & $-0.00757144$ & $-0.0211875$ & $-0.00379508$ & $0.00432854$ & $-0.121208$ & $-0.0170654$ & $0.00763935$ & $0.0860483$ & $-0.00121876$ & $-0.0146452$ & $0.00450988$ & $-0.0474788$ & $0.00966277$ & $-0.0590952$ & $1$ & $-0.0410125$ & $-0.0347838$ & $0.0288385$ & $-0.0318705$ & $0.0223847$ & $-0.0681962$ & $0.000542536$ \\
eHgagaint & $-0.0937825$ & $-0.013971$ & $-0.120012$ & $0.0573467$ & $-0.00856536$ & $-0.0560625$ & $0.0166246$ & $0.0372724$ & $0.0649245$ & $-0.0247738$ & $-0.0248282$ & $-0.0341466$ & $-0.0204361$ & $-0.0246007$ & $-0.00880674$ & $-0.0125913$ & $-0.00933798$ & $-0.0219424$ & $0.0174391$ & $0.0312043$ & $0.0325761$ & $-0.0193556$ & $-0.0401369$ & $-0.0164688$ & $0.0211284$ & $0.0367375$ & $0.0142658$ & $0.0126401$ & $-0.00848615$ & $-0.0310006$ & $0.00788399$ & $0.0826514$ & $0.0552306$ & $0.0895176$ & $0.0555102$ & $0.133741$ & $-0.0266574$ & $0.193247$ & $-0.167683$ & $0.0419553$ & $-0.0410125$ & $1$ & $-0.36788$ & $0.371796$ & $-0.15615$ & $-0.0423748$ & $-0.0173786$ & $0.348126$ \\
eHmumuint & $0.0805877$ & $-0.00220797$ & $0.223641$ & $0.181233$ & $0.0363332$ & $-0.00323831$ & $0.00149745$ & $0.000934901$ & $-0.00680913$ & $-0.00500335$ & $-0.00133413$ & $0.0144195$ & $-0.00424224$ & $0.0101024$ & $0.0147366$ & $0.00460386$ & $-0.00494169$ & $-0.0106169$ & $0.00360313$ & $0.00057637$ & $-0.0082642$ & $0.0525079$ & $-0.00533068$ & $0.00279118$ & $-0.0359068$ & $0.00379106$ & $0.00693787$ & $0.0256521$ & $-0.0036924$ & $0.016004$ & $0.00667016$ & $-0.01471$ & $-0.00515564$ & $-0.0919152$ & $-0.0616265$ & $0.0133093$ & $-0.107801$ & $0.0876929$ & $0.195217$ & $0.129723$ & $-0.0347838$ & $-0.36788$ & $1$ & $-0.0168982$ & $-0.096675$ & $0.0269501$ & $0.00232763$ & $-0.104916$ \\
eHtautauint & $-0.271639$ & $-0.212583$ & $0.0395622$ & $0.0655032$ & $-0.0481122$ & $-0.0453017$ & $0.00758248$ & $0.0401649$ & $0.0551362$ & $-0.0192918$ & $-0.0357808$ & $0.00530104$ & $0.00399021$ & $-0.00374008$ & $-0.0304171$ & $0.00062899$ & $-0.00877279$ & $0.0131742$ & $0.0283659$ & $0.0395891$ & $0.0332387$ & $0.0558284$ & $-0.0176619$ & $0.0451244$ & $-0.0432264$ & $0.0818775$ & $0.0465033$ & $0.00357671$ & $0.0311799$ & $-0.05824$ & $0.00521415$ & $0.106493$ & $0.031312$ & $0.129291$ & $-0.022714$ & $-0.199159$ & $0.0564994$ & $-0.358584$ & $-0.0699402$ & $-0.181277$ & $0.0288385$ & $0.371796$ & $-0.0168982$ & $1$ & $-0.333739$ & $-0.432802$ & $0.125549$ & $0.209262$ \\
eHccint & $-0.162547$ & $0.213554$ & $-0.0619482$ & $0.0231431$ & $0.0201704$ & $-0.00992945$ & $-0.0291576$ & $0.0151336$ & $0.00321262$ & $-0.0531464$ & $0.0138759$ & $0.0148355$ & $-0.0611067$ & $-0.00106958$ & $-0.0210965$ & $-0.0562898$ & $-0.0570797$ & $-0.0363903$ & $-0.0107123$ & $-0.0104145$ & $0.00364175$ & $-0.00509049$ & $-0.0262138$ & $-0.046453$ & $0.0361512$ & $0.0247471$ & $-0.0366189$ & $-0.0180617$ & $0.0571235$ & $0.0298147$ & $0.00746774$ & $0.0780598$ & $0.0165684$ & $0.26885$ & $0.197181$ & $-0.258207$ & $-0.0554996$ & $0.185511$ & $0.0233461$ & $0.0904635$ & $-0.0318705$ & $-0.15615$ & $-0.096675$ & $-0.333739$ & $1$ & $0.0117199$ & $0.237441$ & $-0.0208045$ \\
eHccpar & $0.0842652$ & $-0.122485$ & $0.263633$ & $0.230395$ & $0.0215131$ & $0.0203689$ & $0.0628323$ & $-0.0438565$ & $-0.0473939$ & $0.0363375$ & $0.0323371$ & $-0.0315405$ & $0.0151546$ & $0.00154943$ & $0.034556$ & $0.0132537$ & $0.0300166$ & $0.00213881$ & $-0.0235007$ & $-0.040434$ & $-0.0337081$ & $-0.0737671$ & $0.0541696$ & $-0.0196474$ & $0.0473294$ & $-0.0904153$ & $0.00932464$ & $0.00440691$ & $-0.0410991$ & $0.126821$ & $0.0552606$ & $-0.103382$ & $-0.043321$ & $0.0582072$ & $-0.0927283$ & $0.334449$ & $0.155011$ & $0.405793$ & $0.103435$ & $-0.103326$ & $0.0223847$ & $-0.0423748$ & $0.0269501$ & $-0.432802$ & $0.0117199$ & $1$ & $-0.342478$ & $-0.0481867$ \\
eHbbint & $-0.485105$ & $0.214498$ & $-0.361386$ & $0.290143$ & $-0.0274901$ & $-0.00605487$ & $-0.0372244$ & $0.0170028$ & $0.0143539$ & $-0.0284217$ & $0.00107291$ & $0.0123304$ & $-0.0340263$ & $0.046385$ & $-0.0129505$ & $-0.0380335$ & $-0.0706839$ & $-0.0187759$ & $0.00319899$ & $0.00044407$ & $0.0145681$ & $0.0338262$ & $-0.0076846$ & $0.000160317$ & $-0.00742235$ & $0.0260975$ & $0.00912495$ & $-0.00749938$ & $0.0252764$ & $-0.0532613$ & $-0.0206423$ & $0.133017$ & $-0.0218739$ & $0.339933$ & $-0.27897$ & $-0.289308$ & $-0.000132246$ & $-0.10643$ & $-0.0470143$ & $-0.279266$ & $-0.0681962$ & $-0.0173786$ & $0.00232763$ & $0.125549$ & $0.237441$ & $-0.342478$ & $1$ & $0.16847$ \\
eHbbpar & $-0.445463$ & $0.312031$ & $-0.0896641$ & $-0.00527298$ & $-0.0260589$ & $-0.0747503$ & $-0.0730884$ & $0.0288362$ & $0.0352601$ & $-0.00348035$ & $-0.0356233$ & $-0.0471577$ & $0.0129951$ & $0.0216848$ & $0.0201095$ & $0.0138314$ & $-0.00484882$ & $-0.00873061$ & $0.0414194$ & $0.0385333$ & $0.0323437$ & $-0.0323109$ & $-0.000588687$ & $0.00738685$ & $-0.000962473$ & $-0.00876415$ & $0.00291319$ & $-0.0133461$ & $0.0074517$ & $0.00384844$ & $-0.0533731$ & $0.226592$ & $0.0153388$ & $0.256387$ & $0.0291348$ & $-0.194311$ & $0.0381435$ & $0.030296$ & $-0.00848758$ & $-0.115777$ & $0.000542536$ & $0.348126$ & $-0.104916$ & $0.209262$ & $-0.0208045$ & $-0.0481867$ & $0.16847$ & $1$ \\
