 & AlsMz & dAle5Mz & mtop & mHl & Mz & CW & CHG & CHWB & CHWHB_gaga & CHWHB_gagaorth & CHD & CHbox & CH & CHL1_11 & CHL1_22 & CHL1_33 & CHL3_11 & CHL3_22 & CHL3_33 & CHe_11 & CHe_22 & CHe_33 & CHQ1_11 & CHQ1_33 & CHQ3_11 & CHu_11 & CHd_11 & CHd_33 & CeH_22r & CeH_33r & CuH_22r & CuH_33r & CdH_33r & CLL_1221 & eHggint & eHggpar & eHWWint & eHWWpar & eHZZint & eHZZpar & eHZgaint & eHZgapar & eHgagaint & eHmumuint & eHtautauint & eHccint & eHccpar & eHbbint & eHbbpar \\
AlsMz & $1$ & $0.172682$ & $0.0225972$ & $-0.461613$ & $0.0282431$ & $0.00905007$ & $0.226341$ & $0.0102879$ & $0.00930035$ & $0.00928039$ & $0.00359264$ & $-0.174909$ & $-0.188053$ & $-0.035916$ & $0.00776648$ & $0.00651828$ & $-0.0248655$ & $-0.0369421$ & $-0.0382435$ & $-0.00531059$ & $-0.00442804$ & $-0.00399098$ & $-0.0274919$ & $-0.0623297$ & $-0.104305$ & $-0.00600209$ & $-0.0613159$ & $-0.0315641$ & $-0.038534$ & $-0.126442$ & $-0.125588$ & $0.225988$ & $-0.190346$ & $0.0115863$ & $0.0759245$ & $0.140223$ & $0.111715$ & $-0.159459$ & $-0.179485$ & $0.00516474$ & $0.199988$ & $0.14684$ & $-0.135096$ & $0.293336$ & $0.478827$ & $0.485547$ & $-0.297208$ & $0.155776$ & $-0.40059$ \\
dAle5Mz & $0.172682$ & $1$ & $-0.26449$ & $-0.197075$ & $0.0458866$ & $0.0560901$ & $-0.0846327$ & $-0.00444058$ & $-0.00600067$ & $-0.00618024$ & $-0.00286223$ & $0.116571$ & $0.0973428$ & $0.00266568$ & $-0.0356658$ & $-0.0315899$ & $0.0148553$ & $0.0241417$ & $0.0208257$ & $0.00266056$ & $0.0121514$ & $0.0142468$ & $-0.0101942$ & $-0.0118799$ & $0.00577692$ & $0.00858697$ & $0.030833$ & $0.0116995$ & $0.00590904$ & $0.0642518$ & $0.010549$ & $-0.0827894$ & $0.00900817$ & $0.051456$ & $-0.0361309$ & $0.248163$ & $-0.00852996$ & $0.0858175$ & $-0.407169$ & $-0.116228$ & $0.106145$ & $0.0106441$ & $-0.0198081$ & $0.191419$ & $0.171308$ & $0.142956$ & $-0.0512871$ & $-0.287596$ & $-0.312083$ \\
mtop & $0.0225972$ & $-0.26449$ & $1$ & $-0.174446$ & $0.00495048$ & $0.0110347$ & $0.00967574$ & $0.0352193$ & $0.0320069$ & $-0.0186448$ & $-0.0437842$ & $0.0850503$ & $0.0287819$ & $0.0268459$ & $0.0463059$ & $0.0531168$ & $0.0297074$ & $-0.000471822$ & $-0.00230893$ & $0.0444532$ & $0.0409828$ & $0.0423236$ & $-0.012329$ & $0.00340677$ & $-0.00447802$ & $-0.0334851$ & $-0.0257046$ & $0.0141328$ & $0.0199644$ & $-0.00516118$ & $0.0549703$ & $0.0101599$ & $0.024312$ & $-0.00470899$ & $-0.151718$ & $-0.322836$ & $0.37407$ & $-0.113614$ & $0.1049$ & $-0.124746$ & $-0.00103744$ & $-0.0445768$ & $-0.074169$ & $0.229386$ & $0.0268721$ & $0.0668161$ & $0.447029$ & $0.0339752$ & $0.135127$ \\
mHl & $-0.461613$ & $-0.197075$ & $-0.174446$ & $1$ & $-0.0407695$ & $-0.0371221$ & $-0.0449165$ & $-0.0265528$ & $-0.0304658$ & $0.0203535$ & $0.00856518$ & $-0.0469535$ & $0.0214934$ & $0.0293941$ & $-0.0462257$ & $-0.0140187$ & $0.0306666$ & $0.0629424$ & $0.0435931$ & $-0.00929725$ & $-0.0079678$ & $-0.00660099$ & $0.0452914$ & $0.0511946$ & $0.0782742$ & $-0.0169014$ & $0.032936$ & $0.0164487$ & $0.0101358$ & $0.0192155$ & $0.0346106$ & $-0.0478839$ & $0.0785006$ & $0.0075082$ & $-0.0418951$ & $-0.215447$ & $0.0690706$ & $0.182287$ & $0.0686386$ & $0.0342213$ & $-0.176139$ & $0.0311134$ & $-0.083487$ & $-0.148805$ & $-0.108232$ & $-0.260852$ & $0.0439418$ & $0.0802879$ & $0.432389$ \\
Mz & $0.0282431$ & $0.0458866$ & $0.00495048$ & $-0.0407695$ & $1$ & $0.00290793$ & $-0.039661$ & $0.0109757$ & $0.00809903$ & $-0.0564338$ & $-0.0108929$ & $0.00647663$ & $0.0384669$ & $0.0199071$ & $0.00518418$ & $0.0197209$ & $0.0152357$ & $0.0102513$ & $0.00351471$ & $0.0157371$ & $0.0192767$ & $0.0177055$ & $4.07392e-05$ & $0.00255788$ & $0.00231158$ & $-0.0200132$ & $-0.00466033$ & $0.0142462$ & $0.0298395$ & $0.0165505$ & $0.0268425$ & $-0.0414656$ & $0.0230354$ & $0.00845005$ & $-0.00666572$ & $0.0426889$ & $-0.01073$ & $-0.0137543$ & $-0.0233675$ & $0.00948371$ & $-0.000918591$ & $0.0190993$ & $0.0168988$ & $0.0286557$ & $-0.0277979$ & $0.00279287$ & $-0.0313109$ & $-0.0137908$ & $0.00753038$ \\
CW & $0.00905007$ & $0.0560901$ & $0.0110347$ & $-0.0371221$ & $0.00290793$ & $1$ & $0.0121887$ & $-0.0633253$ & $-0.0661334$ & $0.00413661$ & $0.173882$ & $0.0223169$ & $-0.00844615$ & $-0.0486485$ & $-0.0792995$ & $-0.0631758$ & $-0.368553$ & $-0.170798$ & $-0.179514$ & $-0.168636$ & $-0.177896$ & $-0.173181$ & $-0.0234929$ & $-0.104947$ & $-0.225901$ & $0.117013$ & $-0.105061$ & $-0.0992559$ & $0.0100642$ & $-0.0133863$ & $-0.0449906$ & $0.0171339$ & $-0.0370943$ & $-0.112629$ & $-0.0108553$ & $0.00162021$ & $0.00936751$ & $-0.00994377$ & $-0.0438237$ & $0.00855758$ & $-0.00251944$ & $-0.0377348$ & $0.00165682$ & $0.0315069$ & $0.0229041$ & $0.0280759$ & $0.00440013$ & $-0.0491752$ & $-0.0437626$ \\
CHG & $0.226341$ & $-0.0846327$ & $0.00967574$ & $-0.0449165$ & $-0.039661$ & $0.0121887$ & $1$ & $-0.0762892$ & $-0.0596168$ & $0.190202$ & $0.135098$ & $-0.673373$ & $-0.758264$ & $-0.162914$ & $-0.0365745$ & $-0.0348606$ & $-0.116409$ & $-0.105805$ & $-0.104015$ & $-0.131405$ & $-0.138939$ & $-0.132354$ & $-0.00918394$ & $-0.0605307$ & $-0.119934$ & $0.0886572$ & $-0.0713768$ & $-0.0716186$ & $-0.142815$ & $-0.54246$ & $-0.34305$ & $0.959848$ & $-0.604262$ & $-0.0411846$ & $0.11309$ & $-0.18844$ & $-0.147578$ & $0.067838$ & $-0.00808807$ & $0.0812439$ & $-0.0898129$ & $-0.0357009$ & $-0.294041$ & $-0.259067$ & $0.160604$ & $-0.138287$ & $0.053999$ & $0.00135127$ & $-0.221425$ \\
CHWB & $0.0102879$ & $-0.00444058$ & $0.0352193$ & $-0.0265528$ & $0.0109757$ & $-0.0633253$ & $-0.0762892$ & $1$ & $0.990307$ & $-0.569313$ & $-0.872997$ & $-0.0460481$ & $0.0563876$ & $0.256088$ & $0.432939$ & $0.45978$ & $-0.217593$ & $-0.39327$ & $-0.415239$ & $0.855901$ & $0.886055$ & $0.877272$ & $0.0440193$ & $-0.630132$ & $-0.364338$ & $-0.605081$ & $0.409664$ & $0.408442$ & $0.0226103$ & $0.035746$ & $0.0415232$ & $-0.0943285$ & $0.0541279$ & $0.539222$ & $-0.00872639$ & $0.013919$ & $0.0425271$ & $0.0135962$ & $-0.0156574$ & $-0.0348249$ & $0.0512759$ & $-0.00920349$ & $-0.0108539$ & $0.0794519$ & $-0.0216286$ & $0.0221816$ & $0.0108682$ & $0.0326734$ & $-0.0055707$ \\
CHWHB_gaga & $0.00930035$ & $-0.00600067$ & $0.0320069$ & $-0.0304658$ & $0.00809903$ & $-0.0661334$ & $-0.0596168$ & $0.990307$ & $1$ & $-0.565304$ & $-0.864512$ & $-0.0299352$ & $0.0673896$ & $0.252468$ & $0.432543$ & $0.456507$ & $-0.215735$ & $-0.39194$ & $-0.411981$ & $0.847821$ & $0.877041$ & $0.868761$ & $0.0437191$ & $-0.623684$ & $-0.361629$ & $-0.60069$ & $0.403424$ & $0.407175$ & $0.0316643$ & $0.0559948$ & $0.0562575$ & $-0.0801731$ & $0.0746056$ & $0.530732$ & $-0.0182798$ & $0.00840777$ & $0.0294518$ & $0.00791619$ & $-0.00874641$ & $-0.0412249$ & $0.0557187$ & $-0.0101237$ & $0.0154241$ & $0.0700842$ & $-0.0322496$ & $0.016512$ & $0.00266661$ & $0.0272794$ & $-0.00667957$ \\
CHWHB_gagaorth & $0.00928039$ & $-0.00618024$ & $-0.0186448$ & $0.0203535$ & $-0.0564338$ & $0.00413661$ & $0.190202$ & $-0.569313$ & $-0.565304$ & $1$ & $0.478818$ & $-0.0231016$ & $-0.23661$ & $-0.124089$ & $-0.2728$ & $-0.27031$ & $0.172104$ & $0.27557$ & $0.275308$ & $-0.471032$ & $-0.483291$ & $-0.481993$ & $-0.0296488$ & $0.371197$ & $0.253574$ & $0.335964$ & $-0.207427$ & $-0.216663$ & $-0.0640352$ & $-0.197097$ & $-0.136564$ & $0.208093$ & $-0.237006$ & $-0.273567$ & $0.0326657$ & $-0.038914$ & $-0.0381104$ & $0.0580005$ & $-0.000362781$ & $0.0238248$ & $-0.0544221$ & $-0.00655232$ & $-0.0946237$ & $-0.105672$ & $0.0380771$ & $-0.0404786$ & $0.0545054$ & $-0.0131406$ & $-0.0391157$ \\
CHD & $0.00359264$ & $-0.00286223$ & $-0.0437842$ & $0.00856518$ & $-0.0108929$ & $0.173882$ & $0.135098$ & $-0.872997$ & $-0.864512$ & $0.478818$ & $1$ & $0.00676216$ & $-0.131164$ & $-0.655504$ & $-0.547235$ & $-0.566983$ & $-0.258171$ & $-0.0308919$ & $-0.0101509$ & $-0.994796$ & $-0.995018$ & $-0.983391$ & $0.00780177$ & $0.215646$ & $-0.0707762$ & $0.684737$ & $-0.283525$ & $-0.462777$ & $-0.0284001$ & $-0.108409$ & $-0.0953724$ & $0.153109$ & $-0.14129$ & $-0.337637$ & $0.0192316$ & $-0.00787986$ & $-0.074747$ & $-0.0174972$ & $0.0243255$ & $0.0289763$ & $-0.0602674$ & $-0.0109901$ & $0.00548085$ & $-0.0961654$ & $0.0282028$ & $-0.0520077$ & $-0.00108262$ & $-0.0247516$ & $-0.0290284$ \\
CHbox & $-0.174909$ & $0.116571$ & $0.0850503$ & $-0.0469535$ & $0.00647663$ & $0.0223169$ & $-0.673373$ & $-0.0460481$ & $-0.0299352$ & $-0.0231016$ & $0.00676216$ & $1$ & $0.924782$ & $0.0668625$ & $-0.00511219$ & $-0.00233641$ & $0.0653613$ & $0.0767206$ & $0.071364$ & $-0.00530745$ & $-0.0076774$ & $-0.0148207$ & $0.00298283$ & $0.090224$ & $0.0835089$ & $0.0103482$ & $-0.011884$ & $0.00774401$ & $0.17029$ & $0.653098$ & $0.37931$ & $-0.588133$ & $0.708361$ & $-0.0414871$ & $-0.0859469$ & $0.0982025$ & $0.17459$ & $-0.183887$ & $0.0222855$ & $-0.151953$ & $0.0218016$ & $0.0213325$ & $0.385453$ & $0.206865$ & $-0.102466$ & $0.15799$ & $-0.0815802$ & $-0.0601545$ & $0.159861$ \\
CH & $-0.188053$ & $0.0973428$ & $0.0287819$ & $0.0214934$ & $0.0384669$ & $-0.00844615$ & $-0.758264$ & $0.0563876$ & $0.0673896$ & $-0.23661$ & $-0.131164$ & $0.924782$ & $1$ & $0.187954$ & $0.0544185$ & $0.0626982$ & $0.137319$ & $0.124661$ & $0.115373$ & $0.12935$ & $0.130385$ & $0.123244$ & $0.00785508$ & $0.0973324$ & $0.133984$ & $-0.0872562$ & $0.0344848$ & $0.0754948$ & $0.17923$ & $0.668226$ & $0.396684$ & $-0.692898$ & $0.73377$ & $0.00389126$ & $-0.109311$ & $0.0960634$ & $0.172514$ & $-0.154742$ & $0.0238245$ & $-0.141855$ & $0.0564142$ & $0.0396995$ & $0.399304$ & $0.236782$ & $-0.140991$ & $0.145297$ & $-0.142539$ & $-0.0298435$ & $0.200993$ \\
CHL1_11 & $-0.035916$ & $0.00266568$ & $0.0268459$ & $0.0293941$ & $0.0199071$ & $-0.0486485$ & $-0.162914$ & $0.256088$ & $0.252468$ & $-0.124089$ & $-0.655504$ & $0.0668625$ & $0.187954$ & $1$ & $0.3894$ & $0.388238$ & $0.653539$ & $0.604786$ & $0.595606$ & $0.666996$ & $0.629072$ & $0.618104$ & $-0.0813981$ & $0.451332$ & $0.605177$ & $-0.440833$ & $-0.0531318$ & $0.293455$ & $0.0360837$ & $0.169632$ & $0.117016$ & $-0.167423$ & $0.206913$ & $-0.16143$ & $-0.024572$ & $-0.000782205$ & $0.0761249$ & $0.0149282$ & $-0.0133976$ & $0.00136632$ & $0.0339683$ & $0.0229086$ & $0.0102628$ & $0.0771026$ & $-0.0334491$ & $0.067455$ & $-0.0208014$ & $0.00361637$ & $0.0706599$ \\
CHL1_22 & $0.00776648$ & $-0.0356658$ & $0.0463059$ & $-0.0462257$ & $0.00518418$ & $-0.0792995$ & $-0.0365745$ & $0.432939$ & $0.432543$ & $-0.2728$ & $-0.547235$ & $-0.00511219$ & $0.0544185$ & $0.3894$ & $1$ & $0.530345$ & $0.169306$ & $-0.319242$ & $-0.00544899$ & $0.593698$ & $0.489042$ & $0.482535$ & $-0.174768$ & $0.0489992$ & $-0.0788472$ & $-0.343622$ & $-0.326862$ & $0.232456$ & $0.00407345$ & $0.0457378$ & $0.0533639$ & $-0.0437798$ & $0.0615322$ & $-0.489692$ & $-0.0157684$ & $-0.015852$ & $0.0426471$ & $-0.0128721$ & $-0.025755$ & $0.0108027$ & $0.018537$ & $-0.000674676$ & $0.00185431$ & $0.0165639$ & $0.00284004$ & $0.0409324$ & $-2.79624e-05$ & $-0.0157403$ & $0.0462588$ \\
CHL1_33 & $0.00651828$ & $-0.0315899$ & $0.0531168$ & $-0.0140187$ & $0.0197209$ & $-0.0631758$ & $-0.0348606$ & $0.45978$ & $0.456507$ & $-0.27031$ & $-0.566983$ & $-0.00233641$ & $0.0626982$ & $0.388238$ & $0.530345$ & $1$ & $0.160821$ & $-0.0111998$ & $-0.31814$ & $0.6105$ & $0.511402$ & $0.524504$ & $-0.155844$ & $0.0274766$ & $-0.0800563$ & $-0.368516$ & $-0.28587$ & $0.254977$ & $0.0325283$ & $0.0448565$ & $0.0634761$ & $-0.0382921$ & $0.0726187$ & $-0.0170591$ & $-0.00299924$ & $-0.00613978$ & $0.0269529$ & $0.0177969$ & $-0.0105305$ & $-0.0309873$ & $0.0175957$ & $-0.00712876$ & $-0.0283862$ & $0.0281978$ & $-0.012848$ & $0.0126156$ & $0.00790283$ & $0.00545111$ & $0.0261795$ \\
CHL3_11 & $-0.0248655$ & $0.0148553$ & $0.0297074$ & $0.0306666$ & $0.0152357$ & $-0.368553$ & $-0.116409$ & $-0.217593$ & $-0.215735$ & $0.172104$ & $-0.258171$ & $0.0653613$ & $0.137319$ & $0.653539$ & $0.169306$ & $0.160821$ & $1$ & $0.819333$ & $0.819766$ & $0.269642$ & $0.236795$ & $0.230615$ & $-0.0573202$ & $0.751796$ & $0.858127$ & $-0.171797$ & $-0.13053$ & $0.120575$ & $0.00637447$ & $0.132378$ & $0.109689$ & $-0.121528$ & $0.160213$ & $-0.241139$ & $-0.0212082$ & $-0.0180702$ & $0.0697374$ & $0.00540294$ & $-0.0142212$ & $0.00591618$ & $0.0246871$ & $0.0427672$ & $0.00788102$ & $0.0320252$ & $-0.0144725$ & $0.0546505$ & $-0.0108645$ & $-0.0131504$ & $0.0645527$ \\
CHL3_22 & $-0.0369421$ & $0.0241417$ & $-0.000471822$ & $0.0629424$ & $0.0102513$ & $-0.170798$ & $-0.105805$ & $-0.39327$ & $-0.39194$ & $0.27557$ & $-0.0308919$ & $0.0767206$ & $0.124661$ & $0.604786$ & $-0.319242$ & $-0.0111998$ & $0.819333$ & $1$ & $0.784489$ & $0.0282632$ & $0.0298723$ & $0.0282927$ & $0.000289738$ & $0.729838$ & $0.868299$ & $-0.026863$ & $-0.0264598$ & $0.0187452$ & $0.0141881$ & $0.122183$ & $0.0818702$ & $-0.102953$ & $0.145195$ & $-0.0432224$ & $-0.0114522$ & $-0.00188258$ & $0.0432366$ & $0.0163861$ & $0.00304123$ & $0.0025291$ & $0.00906956$ & $0.0369776$ & $0.00696139$ & $0.0298388$ & $-0.0226061$ & $0.0329267$ & $-0.0148121$ & $0.000296268$ & $0.045581$ \\
CHL3_33 & $-0.0382435$ & $0.0208257$ & $-0.00230893$ & $0.0435931$ & $0.00351471$ & $-0.179514$ & $-0.104015$ & $-0.415239$ & $-0.411981$ & $0.275308$ & $-0.0101509$ & $0.071364$ & $0.115373$ & $0.595606$ & $-0.00544899$ & $-0.31814$ & $0.819766$ & $0.784489$ & $1$ & $0.00925186$ & $0.00831204$ & $0.0053891$ & $-0.0104767$ & $0.741474$ & $0.866623$ & $-0.0054707$ & $-0.0503549$ & $0.000906365$ & $0.000390714$ & $0.117539$ & $0.0699913$ & $-0.105225$ & $0.132474$ & $-0.3646$ & $-0.0208363$ & $-0.0135264$ & $0.0580729$ & $-0.00271743$ & $-0.00780291$ & $0.0273295$ & $0.00946056$ & $0.0399476$ & $0.022616$ & $0.0208009$ & $-0.0104446$ & $0.0538676$ & $-0.0189681$ & $-0.0136823$ & $0.0624304$ \\
CHe_11 & $-0.00531059$ & $0.00266056$ & $0.0444532$ & $-0.00929725$ & $0.0157371$ & $-0.168636$ & $-0.131405$ & $0.855901$ & $0.847821$ & $-0.471032$ & $-0.994796$ & $-0.00530745$ & $0.12935$ & $0.666996$ & $0.593698$ & $0.6105$ & $0.269642$ & $0.0282632$ & $0.00925186$ & $1$ & $0.984186$ & $0.973166$ & $-0.0287151$ & $-0.181172$ & $0.072964$ & $-0.677826$ & $0.225269$ & $0.457662$ & $0.0282555$ & $0.105497$ & $0.0951352$ & $-0.148614$ & $0.138613$ & $0.277296$ & $-0.0187636$ & $0.00891433$ & $0.0737599$ & $0.0165147$ & $-0.0265837$ & $-0.0270324$ & $0.0566137$ & $0.0096408$ & $-0.00682522$ & $0.0921927$ & $-0.0274789$ & $0.0501923$ & $0.00400624$ & $0.0217829$ & $0.0307419$ \\
CHe_22 & $-0.00442804$ & $0.0121514$ & $0.0409828$ & $-0.0079678$ & $0.0192767$ & $-0.177896$ & $-0.138939$ & $0.886055$ & $0.877041$ & $-0.483291$ & $-0.995018$ & $-0.0076774$ & $0.130385$ & $0.629072$ & $0.489042$ & $0.511402$ & $0.236795$ & $0.0298723$ & $0.00831204$ & $0.984186$ & $1$ & $0.985776$ & $0.014376$ & $-0.255864$ & $0.0630694$ & $-0.685997$ & $0.345701$ & $0.462996$ & $0.0293494$ & $0.106458$ & $0.0928489$ & $-0.158099$ & $0.138268$ & $0.403731$ & $-0.0200329$ & $0.0107495$ & $0.074786$ & $0.0182156$ & $-0.024957$ & $-0.0300705$ & $0.0623956$ & $0.0108438$ & $-0.00511742$ & $0.0995364$ & $-0.0288235$ & $0.051997$ & $0.00209126$ & $0.0245335$ & $0.025274$ \\
CHe_33 & $-0.00399098$ & $0.0142468$ & $0.0423236$ & $-0.00660099$ & $0.0177055$ & $-0.173181$ & $-0.132354$ & $0.877272$ & $0.868761$ & $-0.481993$ & $-0.983391$ & $-0.0148207$ & $0.123244$ & $0.618104$ & $0.482535$ & $0.524504$ & $0.230615$ & $0.0282927$ & $0.0053891$ & $0.973166$ & $0.985776$ & $1$ & $0.00961265$ & $-0.255019$ & $0.0595544$ & $-0.674294$ & $0.341262$ & $0.458473$ & $0.0322925$ & $0.0987461$ & $0.0881556$ & $-0.152355$ & $0.131681$ & $0.402915$ & $-0.0194859$ & $0.00964803$ & $0.0730799$ & $0.0194477$ & $-0.0258709$ & $-0.0344381$ & $0.0595971$ & $0.00600103$ & $-0.00657535$ & $0.0987814$ & $-0.0238132$ & $0.0490004$ & $0.0065136$ & $0.0266198$ & $0.0255638$ \\
CHQ1_11 & $-0.0274919$ & $-0.0101942$ & $-0.012329$ & $0.0452914$ & $4.07392e-05$ & $-0.0234929$ & $-0.00918394$ & $0.0440193$ & $0.0437191$ & $-0.0296488$ & $0.00780177$ & $0.00298283$ & $0.00785508$ & $-0.0813981$ & $-0.174768$ & $-0.155844$ & $-0.0573202$ & $0.000289738$ & $-0.0104767$ & $-0.0287151$ & $0.014376$ & $0.00961265$ & $1$ & $-0.116486$ & $0.0569645$ & $-0.583989$ & $0.347248$ & $-0.00757499$ & $-0.0121807$ & $0.0209103$ & $0.00770509$ & $-0.0130293$ & $0.00555094$ & $0.20882$ & $0.00743971$ & $-0.00124462$ & $0.0160796$ & $0.0113399$ & $0.00489006$ & $5.16302e-05$ & $-0.0187873$ & $0.029659$ & $0.0195602$ & $-0.00481261$ & $-0.00918614$ & $-0.0114624$ & $-0.0157161$ & $0.0264724$ & $0.00732292$ \\
CHQ1_33 & $-0.0623297$ & $-0.0118799$ & $0.00340677$ & $0.0511946$ & $0.00255788$ & $-0.104947$ & $-0.0605307$ & $-0.630132$ & $-0.623684$ & $0.371197$ & $0.215646$ & $0.090224$ & $0.0973324$ & $0.451332$ & $0.0489992$ & $0.0274766$ & $0.751796$ & $0.729838$ & $0.741474$ & $-0.181172$ & $-0.255864$ & $-0.255019$ & $-0.116486$ & $1$ & $0.744207$ & $0.161403$ & $-0.398386$ & $-0.0324362$ & $0.00966155$ & $0.0906805$ & $0.0615674$ & $-0.0517337$ & $0.110503$ & $-0.606018$ & $-0.00960005$ & $-0.0204572$ & $0.0278271$ & $0.00451998$ & $-0.00447415$ & $0.0316321$ & $-0.0274277$ & $0.0288849$ & $0.0184917$ & $-0.0286314$ & $-0.0181758$ & $0.0143654$ & $-0.0163561$ & $-0.0402339$ & $0.0694928$ \\
CHQ3_11 & $-0.104305$ & $0.00577692$ & $-0.00447802$ & $0.0782742$ & $0.00231158$ & $-0.225901$ & $-0.119934$ & $-0.364338$ & $-0.361629$ & $0.253574$ & $-0.0707762$ & $0.0835089$ & $0.133984$ & $0.605177$ & $-0.0788472$ & $-0.0800563$ & $0.858127$ & $0.868299$ & $0.866623$ & $0.072964$ & $0.0630694$ & $0.0595544$ & $0.0569645$ & $0.744207$ & $1$ & $-0.0456903$ & $0.139508$ & $0.0366947$ & $0.00222899$ & $0.127306$ & $0.0920323$ & $-0.120628$ & $0.1505$ & $-0.220851$ & $-0.0217276$ & $-0.0187266$ & $0.0555837$ & $0.0410926$ & $0.00220535$ & $0.0193754$ & $7.86006e-05$ & $0.0411062$ & $0.0310919$ & $0.00321926$ & $-0.055285$ & $0.00815734$ & $-0.00583392$ & $-0.0208419$ & $0.0677411$ \\
CHu_11 & $-0.00600209$ & $0.00858697$ & $-0.0334851$ & $-0.0169014$ & $-0.0200132$ & $0.117013$ & $0.0886572$ & $-0.605081$ & $-0.60069$ & $0.335964$ & $0.684737$ & $0.0103482$ & $-0.0872562$ & $-0.440833$ & $-0.343622$ & $-0.368516$ & $-0.171797$ & $-0.026863$ & $-0.0054707$ & $-0.677826$ & $-0.685997$ & $-0.674294$ & $-0.583989$ & $0.161403$ & $-0.0456903$ & $1$ & $-0.201027$ & $-0.314407$ & $-0.00545487$ & $-0.0860697$ & $-0.0723699$ & $0.101785$ & $-0.101086$ & $-0.269315$ & $0.0105473$ & $0.00590772$ & $-0.050344$ & $0.00745408$ & $0.0151977$ & $0.0128329$ & $-0.0222736$ & $-0.0216685$ & $-0.0132461$ & $-0.0635419$ & $0.0120979$ & $-0.0389235$ & $0.0245375$ & $-0.0219374$ & $-0.0313077$ \\
CHd_11 & $-0.0613159$ & $0.030833$ & $-0.0257046$ & $0.032936$ & $-0.00466033$ & $-0.105061$ & $-0.0713768$ & $0.409664$ & $0.403424$ & $-0.207427$ & $-0.283525$ & $-0.011884$ & $0.0344848$ & $-0.0531318$ & $-0.326862$ & $-0.28587$ & $-0.13053$ & $-0.0264598$ & $-0.0503549$ & $0.225269$ & $0.345701$ & $0.341262$ & $0.347248$ & $-0.398386$ & $0.139508$ & $-0.201027$ & $1$ & $0.141702$ & $0.000854958$ & $0.0184205$ & $0.00940091$ & $-0.0856033$ & $0.0191702$ & $0.698821$ & $-0.00741632$ & $0.0186883$ & $0.0347304$ & $0.0622549$ & $-0.00466474$ & $-0.0149263$ & $0.0287701$ & $0.0191225$ & $0.01945$ & $0.0362257$ & $-0.0528488$ & $-0.0253639$ & $0.00527388$ & $0.0196776$ & $-0.0318028$ \\
CHd_33 & $-0.0315641$ & $0.0116995$ & $0.0141328$ & $0.0164487$ & $0.0142462$ & $-0.0992559$ & $-0.0716186$ & $0.408442$ & $0.407175$ & $-0.216663$ & $-0.462777$ & $0.00774401$ & $0.0754948$ & $0.293455$ & $0.232456$ & $0.254977$ & $0.120575$ & $0.0187452$ & $0.000906365$ & $0.457662$ & $0.462996$ & $0.458473$ & $-0.00757499$ & $-0.0324362$ & $0.0366947$ & $-0.314407$ & $0.141702$ & $1$ & $0.0333925$ & $0.058408$ & $0.0524082$ & $-0.0810693$ & $0.0815064$ & $0.185078$ & $0.0177953$ & $-0.0200654$ & $0.0533008$ & $0.016986$ & $-0.0460359$ & $0.00251194$ & $-0.0171256$ & $0.00625936$ & $0.00817477$ & $0.0442647$ & $-0.00947113$ & $0.0150467$ & $-0.00352243$ & $-0.0237215$ & $0.00599338$ \\
CeH_22r & $-0.038534$ & $0.00590904$ & $0.0199644$ & $0.0101358$ & $0.0298395$ & $0.0100642$ & $-0.142815$ & $0.0226103$ & $0.0316643$ & $-0.0640352$ & $-0.0284001$ & $0.17029$ & $0.17923$ & $0.0360837$ & $0.00407345$ & $0.0325283$ & $0.00637447$ & $0.0141881$ & $0.000390714$ & $0.0282555$ & $0.0293494$ & $0.0322925$ & $-0.0121807$ & $0.00966155$ & $0.00222899$ & $-0.00545487$ & $0.000854958$ & $0.0333925$ & $1$ & $0.151833$ & $0.0949345$ & $-0.144969$ & $0.160837$ & $0.0129376$ & $-0.0141786$ & $0.0196958$ & $-0.02284$ & $-0.048702$ & $0.0379244$ & $-0.00175189$ & $-0.0197922$ & $-0.00735706$ & $0.0840336$ & $0.0533761$ & $-0.0500172$ & $-0.0172416$ & $-0.00604987$ & $0.018724$ & $0.0403667$ \\
CeH_33r & $-0.126442$ & $0.0642518$ & $-0.00516118$ & $0.0192155$ & $0.0165505$ & $-0.0133863$ & $-0.54246$ & $0.035746$ & $0.0559948$ & $-0.197097$ & $-0.108409$ & $0.653098$ & $0.668226$ & $0.169632$ & $0.0457378$ & $0.0448565$ & $0.132378$ & $0.122183$ & $0.117539$ & $0.105497$ & $0.106458$ & $0.0987461$ & $0.0209103$ & $0.0906805$ & $0.127306$ & $-0.0860697$ & $0.0184205$ & $0.058408$ & $0.151833$ & $1$ & $0.478241$ & $-0.41593$ & $0.846351$ & $-0.0069132$ & $-0.071928$ & $0.0546401$ & $0.0581082$ & $-0.119461$ & $0.0146925$ & $-0.0699244$ & $0.0385496$ & $0.0174893$ & $0.26497$ & $0.169563$ & $-0.0889117$ & $0.0819232$ & $-0.117047$ & $-0.0466502$ & $0.156342$ \\
CuH_22r & $-0.125588$ & $0.010549$ & $0.0549703$ & $0.0346106$ & $0.0268425$ & $-0.0449906$ & $-0.34305$ & $0.0415232$ & $0.0562575$ & $-0.136564$ & $-0.0953724$ & $0.37931$ & $0.396684$ & $0.117016$ & $0.0533639$ & $0.0634761$ & $0.109689$ & $0.0818702$ & $0.0699913$ & $0.0951352$ & $0.0928489$ & $0.0881556$ & $0.00770509$ & $0.0615674$ & $0.0920323$ & $-0.0723699$ & $0.00940091$ & $0.0524082$ & $0.0949345$ & $0.478241$ & $1$ & $-0.256517$ & $0.546609$ & $0.000947926$ & $-0.0749853$ & $0.0415704$ & $0.0641314$ & $-0.0580971$ & $0.0362983$ & $-0.0772524$ & $0.035412$ & $0.0497682$ & $0.128397$ & $0.0973042$ & $-0.104492$ & $0.0103492$ & $0.0711842$ & $0.00516339$ & $0.106044$ \\
CuH_33r & $0.225988$ & $-0.0827894$ & $0.0101599$ & $-0.0478839$ & $-0.0414656$ & $0.0171339$ & $0.959848$ & $-0.0943285$ & $-0.0801731$ & $0.208093$ & $0.153109$ & $-0.588133$ & $-0.692898$ & $-0.167423$ & $-0.0437798$ & $-0.0382921$ & $-0.121528$ & $-0.102953$ & $-0.105225$ & $-0.148614$ & $-0.158099$ & $-0.152355$ & $-0.0130293$ & $-0.0517337$ & $-0.120628$ & $0.101785$ & $-0.0856033$ & $-0.0810693$ & $-0.144969$ & $-0.41593$ & $-0.256517$ & $1$ & $-0.45521$ & $-0.0543468$ & $0.138188$ & $-0.192492$ & $-0.146382$ & $0.0429144$ & $-0.0104428$ & $0.0755751$ & $-0.11607$ & $-0.0275837$ & $-0.277316$ & $-0.255786$ & $0.173938$ & $-0.137474$ & $0.0352052$ & $-0.00962761$ & $-0.215091$ \\
CdH_33r & $-0.190346$ & $0.00900817$ & $0.024312$ & $0.0785006$ & $0.0230354$ & $-0.0370943$ & $-0.604262$ & $0.0541279$ & $0.0746056$ & $-0.237006$ & $-0.14129$ & $0.708361$ & $0.73377$ & $0.206913$ & $0.0615322$ & $0.0726187$ & $0.160213$ & $0.145195$ & $0.132474$ & $0.138613$ & $0.138268$ & $0.131681$ & $0.00555094$ & $0.110503$ & $0.1505$ & $-0.101086$ & $0.0191702$ & $0.0815064$ & $0.160837$ & $0.846351$ & $0.546609$ & $-0.45521$ & $1$ & $-0.00440325$ & $-0.0905237$ & $0.043471$ & $0.0453555$ & $-0.116943$ & $0.0512518$ & $-0.081914$ & $0.0230782$ & $0.0514363$ & $0.266119$ & $0.147845$ & $-0.104533$ & $0.054683$ & $-0.100793$ & $0.00134784$ & $0.275597$ \\
CLL_1221 & $0.0115863$ & $0.051456$ & $-0.00470899$ & $0.0075082$ & $0.00845005$ & $-0.112629$ & $-0.0411846$ & $0.539222$ & $0.530732$ & $-0.273567$ & $-0.337637$ & $-0.0414871$ & $0.00389126$ & $-0.16143$ & $-0.489692$ & $-0.0170591$ & $-0.241139$ & $-0.0432224$ & $-0.3646$ & $0.277296$ & $0.403731$ & $0.402915$ & $0.20882$ & $-0.606018$ & $-0.220851$ & $-0.269315$ & $0.698821$ & $0.185078$ & $0.0129376$ & $-0.0069132$ & $0.000947926$ & $-0.0543468$ & $-0.00440325$ & $1$ & $0.00489763$ & $0.0289739$ & $0.00797633$ & $0.0247878$ & $-0.000688207$ & $-0.0473579$ & $0.0383127$ & $-0.00319354$ & $-0.0159047$ & $0.0614949$ & $-0.0183404$ & $-0.0131416$ & $0.0135721$ & $0.038334$ & $-0.0543854$ \\
eHggint & $0.0759245$ & $-0.0361309$ & $-0.151718$ & $-0.0418951$ & $-0.00666572$ & $-0.0108553$ & $0.11309$ & $-0.00872639$ & $-0.0182798$ & $0.0326657$ & $0.0192316$ & $-0.0859469$ & $-0.109311$ & $-0.024572$ & $-0.0157684$ & $-0.00299924$ & $-0.0212082$ & $-0.0114522$ & $-0.0208363$ & $-0.0187636$ & $-0.0200329$ & $-0.0194859$ & $0.00743971$ & $-0.00960005$ & $-0.0217276$ & $0.0105473$ & $-0.00741632$ & $0.0177953$ & $-0.0141786$ & $-0.071928$ & $-0.0749853$ & $0.138188$ & $-0.0905237$ & $0.00489763$ & $1$ & $0.200226$ & $0.00381828$ & $-0.0894408$ & $0.0424351$ & $0.0913298$ & $-0.593912$ & $0.0414049$ & $-0.173599$ & $-0.235822$ & $0.271925$ & $-0.0115893$ & $-0.244553$ & $0.139348$ & $-0.106301$ \\
eHggpar & $0.140223$ & $0.248163$ & $-0.322836$ & $-0.215447$ & $0.0426889$ & $0.00162021$ & $-0.18844$ & $0.013919$ & $0.00840777$ & $-0.038914$ & $-0.00787986$ & $0.0982025$ & $0.0960634$ & $-0.000782205$ & $-0.015852$ & $-0.00613978$ & $-0.0180702$ & $-0.00188258$ & $-0.0135264$ & $0.00891433$ & $0.0107495$ & $0.00964803$ & $-0.00124462$ & $-0.0204572$ & $-0.0187266$ & $0.00590772$ & $0.0186883$ & $-0.0200654$ & $0.0196958$ & $0.0546401$ & $0.0415704$ & $-0.192492$ & $0.043471$ & $0.0289739$ & $0.200226$ & $1$ & $-0.215779$ & $-0.0209482$ & $-0.0383977$ & $0.0136092$ & $-0.110526$ & $0.0372322$ & $0.0829453$ & $-0.0469183$ & $-0.0732909$ & $-0.0300641$ & $-0.047614$ & $0.264395$ & $-0.180881$ \\
eHWWint & $0.111715$ & $-0.00852996$ & $0.37407$ & $0.0690706$ & $-0.01073$ & $0.00936751$ & $-0.147578$ & $0.0425271$ & $0.0294518$ & $-0.0381104$ & $-0.074747$ & $0.17459$ & $0.172514$ & $0.0761249$ & $0.0426471$ & $0.0269529$ & $0.0697374$ & $0.0432366$ & $0.0580729$ & $0.0737599$ & $0.074786$ & $0.0730799$ & $0.0160796$ & $0.0278271$ & $0.0555837$ & $-0.050344$ & $0.0347304$ & $0.0533008$ & $-0.02284$ & $0.0581082$ & $0.0641314$ & $-0.146382$ & $0.0453555$ & $0.00797633$ & $0.00381828$ & $-0.215779$ & $1$ & $0.0680388$ & $-0.26961$ & $-0.0255018$ & $0.0499968$ & $0.0348347$ & $-0.194791$ & $0.224217$ & $0.230436$ & $0.463347$ & $0.0919803$ & $-0.115679$ & $-0.0239114$ \\
eHWWpar & $-0.159459$ & $0.0858175$ & $-0.113614$ & $0.182287$ & $-0.0137543$ & $-0.00994377$ & $0.067838$ & $0.0135962$ & $0.00791619$ & $0.0580005$ & $-0.0174972$ & $-0.183887$ & $-0.154742$ & $0.0149282$ & $-0.0128721$ & $0.0177969$ & $0.00540294$ & $0.0163861$ & $-0.00271743$ & $0.0165147$ & $0.0182156$ & $0.0194477$ & $0.0113399$ & $0.00451998$ & $0.0410926$ & $0.00745408$ & $0.0622549$ & $0.016986$ & $-0.048702$ & $-0.119461$ & $-0.0580971$ & $0.0429144$ & $-0.116943$ & $0.0247878$ & $-0.0894408$ & $-0.0209482$ & $0.0680388$ & $1$ & $-0.069201$ & $-0.0288085$ & $0.160161$ & $-0.0305905$ & $-0.0782987$ & $-0.135829$ & $-0.110859$ & $-0.126808$ & $0.0435257$ & $0.0233177$ & $-0.038296$ \\
eHZZint & $-0.179485$ & $-0.407169$ & $0.1049$ & $0.0686386$ & $-0.0233675$ & $-0.0438237$ & $-0.00808807$ & $-0.0156574$ & $-0.00874641$ & $-0.000362781$ & $0.0243255$ & $0.0222855$ & $0.0238245$ & $-0.0133976$ & $-0.025755$ & $-0.0105305$ & $-0.0142212$ & $0.00304123$ & $-0.00780291$ & $-0.0265837$ & $-0.024957$ & $-0.0258709$ & $0.00489006$ & $-0.00447415$ & $0.00220535$ & $0.0151977$ & $-0.00466474$ & $-0.0460359$ & $0.0379244$ & $0.0146925$ & $0.0362983$ & $-0.0104428$ & $0.0512518$ & $-0.000688207$ & $0.0424351$ & $-0.0383977$ & $-0.26961$ & $-0.069201$ & $1$ & $-0.0500105$ & $-0.0851432$ & $-0.0508574$ & $0.163981$ & $-0.262725$ & $-0.569479$ & $-0.454661$ & $0.111487$ & $0.496269$ & $0.00630359$ \\
eHZZpar & $0.00516474$ & $-0.116228$ & $-0.124746$ & $0.0342213$ & $0.00948371$ & $0.00855758$ & $0.0812439$ & $-0.0348249$ & $-0.0412249$ & $0.0238248$ & $0.0289763$ & $-0.151953$ & $-0.141855$ & $0.00136632$ & $0.0108027$ & $-0.0309873$ & $0.00591618$ & $0.0025291$ & $0.0273295$ & $-0.0270324$ & $-0.0300705$ & $-0.0344381$ & $5.16302e-05$ & $0.0316321$ & $0.0193754$ & $0.0128329$ & $-0.0149263$ & $0.00251194$ & $-0.00175189$ & $-0.0699244$ & $-0.0772524$ & $0.0755751$ & $-0.081914$ & $-0.0473579$ & $0.0913298$ & $0.0136092$ & $-0.0255018$ & $-0.0288085$ & $-0.0500105$ & $1$ & $-0.0528816$ & $0.00779858$ & $-0.174698$ & $-0.0345847$ & $-0.0128061$ & $0.00638565$ & $-0.0684218$ & $-0.122899$ & $0.0519273$ \\
eHZgaint & $0.199988$ & $0.106145$ & $-0.00103744$ & $-0.176139$ & $-0.000918591$ & $-0.00251944$ & $-0.0898129$ & $0.0512759$ & $0.0557187$ & $-0.0544221$ & $-0.0602674$ & $0.0218016$ & $0.0564142$ & $0.0339683$ & $0.018537$ & $0.0175957$ & $0.0246871$ & $0.00906956$ & $0.00946056$ & $0.0566137$ & $0.0623956$ & $0.0595971$ & $-0.0187873$ & $-0.0274277$ & $7.86006e-05$ & $-0.0222736$ & $0.0287701$ & $-0.0171256$ & $-0.0197922$ & $0.0385496$ & $0.035412$ & $-0.11607$ & $0.0230782$ & $0.0383127$ & $-0.593912$ & $-0.110526$ & $0.0499968$ & $0.160161$ & $-0.0851432$ & $-0.0528816$ & $1$ & $0.0533841$ & $0.0403513$ & $0.250165$ & $-0.15712$ & $0.376333$ & $-0.0301736$ & $-0.129339$ & $-0.051$ \\
eHZgapar & $0.14684$ & $0.0106441$ & $-0.0445768$ & $0.0311134$ & $0.0190993$ & $-0.0377348$ & $-0.0357009$ & $-0.00920349$ & $-0.0101237$ & $-0.00655232$ & $-0.0109901$ & $0.0213325$ & $0.0396995$ & $0.0229086$ & $-0.000674676$ & $-0.00712876$ & $0.0427672$ & $0.0369776$ & $0.0399476$ & $0.0096408$ & $0.0108438$ & $0.00600103$ & $0.029659$ & $0.0288849$ & $0.0411062$ & $-0.0216685$ & $0.0191225$ & $0.00625936$ & $-0.00735706$ & $0.0174893$ & $0.0497682$ & $-0.0275837$ & $0.0514363$ & $-0.00319354$ & $0.0414049$ & $0.0372322$ & $0.0348347$ & $-0.0305905$ & $-0.0508574$ & $0.00779858$ & $0.0533841$ & $1$ & $0.0115721$ & $0.0567456$ & $0.0935672$ & $0.111962$ & $-0.113373$ & $0.0184783$ & $0.00259274$ \\
eHgagaint & $-0.135096$ & $-0.0198081$ & $-0.074169$ & $-0.083487$ & $0.0168988$ & $0.00165682$ & $-0.294041$ & $-0.0108539$ & $0.0154241$ & $-0.0946237$ & $0.00548085$ & $0.385453$ & $0.399304$ & $0.0102628$ & $0.00185431$ & $-0.0283862$ & $0.00788102$ & $0.00696139$ & $0.022616$ & $-0.00682522$ & $-0.00511742$ & $-0.00657535$ & $0.0195602$ & $0.0184917$ & $0.0310919$ & $-0.0132461$ & $0.01945$ & $0.00817477$ & $0.0840336$ & $0.26497$ & $0.128397$ & $-0.277316$ & $0.266119$ & $-0.0159047$ & $-0.173599$ & $0.0829453$ & $-0.194791$ & $-0.0782987$ & $0.163981$ & $-0.174698$ & $0.0403513$ & $0.0115721$ & $1$ & $-0.138297$ & $-0.378844$ & $-0.0945829$ & $-0.232958$ & $-0.0963146$ & $-0.0718617$ \\
eHmumuint & $0.293336$ & $0.191419$ & $0.229386$ & $-0.148805$ & $0.0286557$ & $0.0315069$ & $-0.259067$ & $0.0794519$ & $0.0700842$ & $-0.105672$ & $-0.0961654$ & $0.206865$ & $0.236782$ & $0.0771026$ & $0.0165639$ & $0.0281978$ & $0.0320252$ & $0.0298388$ & $0.0208009$ & $0.0921927$ & $0.0995364$ & $0.0987814$ & $-0.00481261$ & $-0.0286314$ & $0.00321926$ & $-0.0635419$ & $0.0362257$ & $0.0442647$ & $0.0533761$ & $0.169563$ & $0.0973042$ & $-0.255786$ & $0.147845$ & $0.0614949$ & $-0.235822$ & $-0.0469183$ & $0.224217$ & $-0.135829$ & $-0.262725$ & $-0.0345847$ & $0.250165$ & $0.0567456$ & $-0.138297$ & $1$ & $0.271886$ & $0.280594$ & $0.0175054$ & $-0.0125707$ & $-0.194434$ \\
eHtautauint & $0.478827$ & $0.171308$ & $0.0268721$ & $-0.108232$ & $-0.0277979$ & $0.0229041$ & $0.160604$ & $-0.0216286$ & $-0.0322496$ & $0.0380771$ & $0.0282028$ & $-0.102466$ & $-0.140991$ & $-0.0334491$ & $0.00284004$ & $-0.012848$ & $-0.0144725$ & $-0.0226061$ & $-0.0104446$ & $-0.0274789$ & $-0.0288235$ & $-0.0238132$ & $-0.00918614$ & $-0.0181758$ & $-0.055285$ & $0.0120979$ & $-0.0528488$ & $-0.00947113$ & $-0.0500172$ & $-0.0889117$ & $-0.104492$ & $0.173938$ & $-0.104533$ & $-0.0183404$ & $0.271925$ & $-0.0732909$ & $0.230436$ & $-0.110859$ & $-0.569479$ & $-0.0128061$ & $-0.15712$ & $0.0935672$ & $-0.378844$ & $0.271886$ & $1$ & $0.441669$ & $-0.182092$ & $-0.0490242$ & $0.0758301$ \\
eHccint & $0.485547$ & $0.142956$ & $0.0668161$ & $-0.260852$ & $0.00279287$ & $0.0280759$ & $-0.138287$ & $0.0221816$ & $0.016512$ & $-0.0404786$ & $-0.0520077$ & $0.15799$ & $0.145297$ & $0.067455$ & $0.0409324$ & $0.0126156$ & $0.0546505$ & $0.0329267$ & $0.0538676$ & $0.0501923$ & $0.051997$ & $0.0490004$ & $-0.0114624$ & $0.0143654$ & $0.00815734$ & $-0.0389235$ & $-0.0253639$ & $0.0150467$ & $-0.0172416$ & $0.0819232$ & $0.0103492$ & $-0.137474$ & $0.054683$ & $-0.0131416$ & $-0.0115893$ & $-0.0300641$ & $0.463347$ & $-0.126808$ & $-0.454661$ & $0.00638565$ & $0.376333$ & $0.111962$ & $-0.0945829$ & $0.280594$ & $0.441669$ & $1$ & $-0.339615$ & $-0.312755$ & $0.0544913$ \\
eHccpar & $-0.297208$ & $-0.0512871$ & $0.447029$ & $0.0439418$ & $-0.0313109$ & $0.00440013$ & $0.053999$ & $0.0108682$ & $0.00266661$ & $0.0545054$ & $-0.00108262$ & $-0.0815802$ & $-0.142539$ & $-0.0208014$ & $-2.79624e-05$ & $0.00790283$ & $-0.0108645$ & $-0.0148121$ & $-0.0189681$ & $0.00400624$ & $0.00209126$ & $0.0065136$ & $-0.0157161$ & $-0.0163561$ & $-0.00583392$ & $0.0245375$ & $0.00527388$ & $-0.00352243$ & $-0.00604987$ & $-0.117047$ & $0.0711842$ & $0.0352052$ & $-0.100793$ & $0.0135721$ & $-0.244553$ & $-0.047614$ & $0.0919803$ & $0.0435257$ & $0.111487$ & $-0.0684218$ & $-0.0301736$ & $-0.113373$ & $-0.232958$ & $0.0175054$ & $-0.182092$ & $-0.339615$ & $1$ & $0.0745842$ & $0.0105902$ \\
eHbbint & $0.155776$ & $-0.287596$ & $0.0339752$ & $0.0802879$ & $-0.0137908$ & $-0.0491752$ & $0.00135127$ & $0.0326734$ & $0.0272794$ & $-0.0131406$ & $-0.0247516$ & $-0.0601545$ & $-0.0298435$ & $0.00361637$ & $-0.0157403$ & $0.00545111$ & $-0.0131504$ & $0.000296268$ & $-0.0136823$ & $0.0217829$ & $0.0245335$ & $0.0266198$ & $0.0264724$ & $-0.0402339$ & $-0.0208419$ & $-0.0219374$ & $0.0196776$ & $-0.0237215$ & $0.018724$ & $-0.0466502$ & $0.00516339$ & $-0.00962761$ & $0.00134784$ & $0.038334$ & $0.139348$ & $0.264395$ & $-0.115679$ & $0.0233177$ & $0.496269$ & $-0.122899$ & $-0.129339$ & $0.0184783$ & $-0.0963146$ & $-0.0125707$ & $-0.0490242$ & $-0.312755$ & $0.0745842$ & $1$ & $-0.0413992$ \\
eHbbpar & $-0.40059$ & $-0.312083$ & $0.135127$ & $0.432389$ & $0.00753038$ & $-0.0437626$ & $-0.221425$ & $-0.0055707$ & $-0.00667957$ & $-0.0391157$ & $-0.0290284$ & $0.159861$ & $0.200993$ & $0.0706599$ & $0.0462588$ & $0.0261795$ & $0.0645527$ & $0.045581$ & $0.0624304$ & $0.0307419$ & $0.025274$ & $0.0255638$ & $0.00732292$ & $0.0694928$ & $0.0677411$ & $-0.0313077$ & $-0.0318028$ & $0.00599338$ & $0.0403667$ & $0.156342$ & $0.106044$ & $-0.215091$ & $0.275597$ & $-0.0543854$ & $-0.106301$ & $-0.180881$ & $-0.0239114$ & $-0.038296$ & $0.00630359$ & $0.0519273$ & $-0.051$ & $0.00259274$ & $-0.0718617$ & $-0.194434$ & $0.0758301$ & $0.0544913$ & $0.0105902$ & $-0.0413992$ & $1$ \\
