 & AlsMz & dAle5Mz & mtop & mHl & Mz & CW & CHG & CHWB & CHWHB_gaga & CHWHB_gagaorth & CHD & CHbox & CH & CHL1_11 & CHL1_22 & CHL1_33 & CHL3_11 & CHL3_22 & CHL3_33 & CHe_11 & CHe_22 & CHe_33 & CHQ1_11 & CHQ1_33 & CHQ3_11 & CHu_11 & CHd_11 & CHd_33 & CeH_22r & CeH_33r & CuH_22r & CuH_33r & CdH_33r & CLL_1221 & eHggint & eHggpar & eHWWint & eHWWpar & eHZZint & eHZZpar & eHZgaint & eHZgapar & eHgagaint & eHmumuint & eHtautauint & eHccint & eHccpar & eHbbint & eHbbpar \\
AlsMz & $1$ & $-0.0410545$ & $0.078776$ & $-0.0165579$ & $-0.0145527$ & $0.00121432$ & $-0.00685409$ & $-0.00155231$ & $-0.0053519$ & $0.00412917$ & $-0.0121564$ & $-0.00416582$ & $0.00161011$ & $0.0115795$ & $-0.00985445$ & $-0.0121118$ & $0.0178816$ & $0.0200284$ & $0.0224802$ & $0.00316383$ & $0.00498354$ & $0.00738059$ & $-0.00613316$ & $-0.0480852$ & $-0.0782931$ & $-0.0345841$ & $-0.0102604$ & $0.00553013$ & $0.0054537$ & $-0.0185388$ & $-0.00439997$ & $-0.00293984$ & $-0.0214848$ & $0.00509217$ & $0.0159141$ & $0.135372$ & $0.0632067$ & $2.33112e-05$ & $0.0176616$ & $-0.00140444$ & $-0.0611975$ & $0.0100329$ & $-0.00206952$ & $-0.114834$ & $0.0113733$ & $0.0902777$ & $0.00919625$ & $-0.0281706$ & $0.00570424$ \\
dAle5Mz & $-0.0410545$ & $1$ & $-0.0902482$ & $-0.00989781$ & $0.00939815$ & $0.00645138$ & $0.00708133$ & $-0.0575296$ & $-0.0456599$ & $0.0176969$ & $0.0485089$ & $0.0188931$ & $-0.0050137$ & $-0.0312518$ & $-0.0418136$ & $-0.0247032$ & $0.00554376$ & $0.0151971$ & $0.00284175$ & $-0.0279789$ & $-0.0191512$ & $-0.0194232$ & $0.0302964$ & $-0.00129603$ & $0.020312$ & $0.00720636$ & $0.0351831$ & $-0.0189216$ & $0.00075396$ & $-0.00941204$ & $-0.00946972$ & $0.00197707$ & $-0.0482926$ & $0.055183$ & $-0.0107368$ & $-0.086902$ & $0.0176271$ & $-0.00788603$ & $-0.0131736$ & $0.0210171$ & $0.0124491$ & $0.0162991$ & $0.129163$ & $-0.103589$ & $-0.1094$ & $-0.0454569$ & $-0.0207147$ & $-0.0104119$ & $-0.100137$ \\
mtop & $0.078776$ & $-0.0902482$ & $1$ & $-0.0842311$ & $-0.00350978$ & $-0.0179814$ & $-0.00694469$ & $0.0352372$ & $0.0318081$ & $-0.0190274$ & $-0.0208314$ & $-0.0207003$ & $0.0110912$ & $0.00263418$ & $-0.0154878$ & $-0.0154682$ & $-0.00634745$ & $-0.000799276$ & $9.25872e-05$ & $0.0223027$ & $0.0300145$ & $0.0315538$ & $0.0176759$ & $-0.0224088$ & $-0.00226985$ & $-0.0256686$ & $0.0457018$ & $0.0118348$ & $-0.00988295$ & $-0.0211886$ & $0.0213556$ & $-0.00805368$ & $0.0157141$ & $0.0376079$ & $-0.0447095$ & $0.159658$ & $0.0925327$ & $0.000612867$ & $0.0333997$ & $0.00891073$ & $-0.0769651$ & $0.0164303$ & $-0.0087874$ & $0.0959023$ & $0.0329542$ & $0.0882723$ & $0.0509228$ & $-0.121022$ & $0.142855$ \\
mHl & $-0.0165579$ & $-0.00989781$ & $-0.0842311$ & $1$ & $-0.0105405$ & $0.0138856$ & $-0.0012188$ & $-0.0291752$ & $-0.0331254$ & $0.0254895$ & $0.0270688$ & $0.0330901$ & $-0.00760251$ & $-0.00734645$ & $0.00971522$ & $0.0179728$ & $-0.000542097$ & $-0.000803425$ & $-0.00708182$ & $-0.0236677$ & $-0.0314089$ & $-0.0314676$ & $-0.0113766$ & $0.0207254$ & $-0.00587246$ & $0.0138881$ & $-0.0415861$ & $-0.0153715$ & $-0.00563049$ & $-0.00582932$ & $0.00601694$ & $0.0103135$ & $-0.0293272$ & $-0.0321774$ & $0.112317$ & $0.00626135$ & $0.00434021$ & $0.000153031$ & $-0.2234$ & $-0.0148984$ & $-0.0137595$ & $0.00267168$ & $-0.047165$ & $0.01042$ & $-0.0628371$ & $-0.0972682$ & $0.0441758$ & $0.074501$ & $-0.0950232$ \\
Mz & $-0.0145527$ & $0.00939815$ & $-0.00350978$ & $-0.0105405$ & $1$ & $0.00576633$ & $0.00107701$ & $-0.0148441$ & $-0.015539$ & $0.0121198$ & $0.0248609$ & $0.00526145$ & $-0.00424734$ & $0.000823178$ & $-0.00167281$ & $-0.00399632$ & $0.00188216$ & $0.00175727$ & $0.00331568$ & $-0.0139546$ & $-0.0124976$ & $-0.0108119$ & $-0.00602215$ & $0.00885294$ & $0.00151008$ & $0.010646$ & $-0.00893211$ & $-0.00353767$ & $0.00107793$ & $-0.00204748$ & $-0.016561$ & $0.000372608$ & $0.00121065$ & $-0.0122003$ & $-0.00433763$ & $0.00275945$ & $0.000962032$ & $0.00444347$ & $-0.00826418$ & $0.00121495$ & $-0.0139945$ & $-0.0057291$ & $-0.0104417$ & $0.0178204$ & $-0.0158669$ & $-0.00301789$ & $-0.0284269$ & $0.000547081$ & $0.0174966$ \\
CW & $0.00121432$ & $0.00645138$ & $-0.0179814$ & $0.0138856$ & $0.00576633$ & $1$ & $0.00518884$ & $-0.132217$ & $-0.12883$ & $0.0204246$ & $0.191736$ & $0.0543429$ & $-0.00110395$ & $0.0164677$ & $-0.0821516$ & $-0.0723501$ & $-0.255245$ & $-0.0454247$ & $-0.0517032$ & $-0.18823$ & $-0.194892$ & $-0.191964$ & $-0.0170734$ & $0.00786695$ & $-0.0875885$ & $0.115103$ & $-0.0863238$ & $-0.0660387$ & $0.0079565$ & $-0.00559706$ & $-0.00698811$ & $0.00736505$ & $-0.00254337$ & $-0.123829$ & $-0.00185052$ & $0.0118598$ & $0.00170515$ & $-0.0058156$ & $-0.0067$ & $0.00554302$ & $0.00993641$ & $-0.00619757$ & $-0.000687619$ & $-0.0166754$ & $-0.0112021$ & $-0.000828354$ & $-0.0107996$ & $0.00223215$ & $3.83581e-05$ \\
CHG & $-0.00685409$ & $0.00708133$ & $-0.00694469$ & $-0.0012188$ & $0.00107701$ & $0.00518884$ & $1$ & $-0.107644$ & $-0.0565803$ & $0.0745061$ & $0.0579914$ & $0.120207$ & $-0.320432$ & $0.0650596$ & $-0.0194808$ & $-0.0248524$ & $0.101763$ & $0.10688$ & $0.109944$ & $-0.0571805$ & $-0.0611737$ & $-0.0608733$ & $-0.00894886$ & $0.114885$ & $0.103889$ & $0.0312402$ & $-0.0483545$ & $-0.0185055$ & $0.00436878$ & $-0.134794$ & $-0.0734574$ & $0.930938$ & $-0.160019$ & $-0.0682849$ & $-0.0280862$ & $-0.0120956$ & $0.00199183$ & $-0.000852521$ & $-0.00651114$ & $-0.00215031$ & $-0.00817387$ & $-0.00627109$ & $0.0205828$ & $-0.0155414$ & $-0.0268133$ & $0.00168712$ & $-0.0143451$ & $0.00430978$ & $-0.0029903$ \\
CHWB & $-0.00155231$ & $-0.0575296$ & $0.0352372$ & $-0.0291752$ & $-0.0148441$ & $-0.132217$ & $-0.107644$ & $1$ & $0.983558$ & $-0.57316$ & $-0.878275$ & $-0.394872$ & $0.353012$ & $0.0843345$ & $0.289818$ & $0.280928$ & $-0.254464$ & $-0.443081$ & $-0.440218$ & $0.848939$ & $0.896074$ & $0.879122$ & $0.0798614$ & $-0.682492$ & $-0.409383$ & $-0.51776$ & $0.431588$ & $0.302041$ & $0.011047$ & $0.107063$ & $0.0616893$ & $-0.102048$ & $0.121405$ & $0.568928$ & $-0.0125626$ & $-0.0122393$ & $-0.00527953$ & $-0.00182636$ & $0.0339493$ & $-0.00668797$ & $0.0130985$ & $-0.00591581$ & $-0.00807558$ & $0.00952208$ & $0.00754295$ & $0.00197773$ & $0.0300618$ & $0.0276602$ & $0.00635795$ \\
CHWHB_gaga & $-0.0053519$ & $-0.0456599$ & $0.0318081$ & $-0.0331254$ & $-0.015539$ & $-0.12883$ & $-0.0565803$ & $0.983558$ & $1$ & $-0.564516$ & $-0.860815$ & $-0.372137$ & $0.34691$ & $0.0761866$ & $0.285288$ & $0.276805$ & $-0.256653$ & $-0.441933$ & $-0.439523$ & $0.832421$ & $0.87854$ & $0.861578$ & $0.0783702$ & $-0.674187$ & $-0.407653$ & $-0.50688$ & $0.424721$ & $0.296584$ & $0.0181964$ & $0.130028$ & $0.0722857$ & $-0.0612768$ & $0.147041$ & $0.559895$ & $-0.0282479$ & $-0.0365171$ & $-0.0203365$ & $-0.00204738$ & $0.0379212$ & $-0.0046638$ & $0.0139295$ & $-0.00801632$ & $0.0652503$ & $0.0131406$ & $0.0120087$ & $0.00435312$ & $0.0290799$ & $0.0316678$ & $0.010658$ \\
CHWHB_gagaorth & $0.00412917$ & $0.0176969$ & $-0.0190274$ & $0.0254895$ & $0.0121198$ & $0.0204246$ & $0.0745061$ & $-0.57316$ & $-0.564516$ & $1$ & $0.353252$ & $0.68178$ & $-0.258429$ & $0.24225$ & $-0.113939$ & $-0.109692$ & $0.447624$ & $0.495904$ & $0.492946$ & $-0.338093$ & $-0.371369$ & $-0.366157$ & $-0.0656169$ & $0.568871$ & $0.48332$ & $0.218246$ & $-0.249335$ & $-0.123094$ & $-0.00979479$ & $-0.136603$ & $-0.074179$ & $0.0911052$ & $-0.150338$ & $-0.360201$ & $0.0422276$ & $0.0292365$ & $0.0164682$ & $-0.00212391$ & $-0.0282023$ & $0.00142078$ & $-0.0550437$ & $0.00524723$ & $-0.0114927$ & $0.00267499$ & $-0.00266083$ & $0.000886773$ & $-0.0199235$ & $-0.02552$ & $-0.00467089$ \\
CHD & $-0.0121564$ & $0.0485089$ & $-0.0208314$ & $0.0270688$ & $0.0248609$ & $0.191736$ & $0.0579914$ & $-0.878275$ & $-0.860815$ & $0.353252$ & $1$ & $0.342784$ & $-0.177265$ & $-0.50296$ & $-0.416133$ & $-0.404371$ & $-0.204202$ & $0.0750071$ & $0.0734034$ & $-0.990302$ & $-0.990888$ & $-0.969649$ & $-0.0230844$ & $0.318646$ & $0.0274703$ & $0.573846$ & $-0.298901$ & $-0.32883$ & $-0.00208393$ & $-0.0566321$ & $-0.0364555$ & $0.0639864$ & $-0.0636345$ & $-0.371861$ & $0.0233609$ & $0.00992343$ & $-0.00141201$ & $-0.000288135$ & $-0.0338786$ & $0.00871669$ & $0.0066134$ & $-9.45686e-05$ & $0.00965362$ & $-0.00299935$ & $-0.00969253$ & $-0.000606487$ & $-0.0214728$ & $-0.0133267$ & $0.000309969$ \\
CHbox & $-0.00416582$ & $0.0188931$ & $-0.0207003$ & $0.0330901$ & $0.00526145$ & $0.0543429$ & $0.120207$ & $-0.394872$ & $-0.372137$ & $0.68178$ & $0.342784$ & $1$ & $-0.413319$ & $-0.0356188$ & $-0.067578$ & $-0.0585207$ & $0.0964866$ & $0.152905$ & $0.146064$ & $-0.320795$ & $-0.356811$ & $-0.350138$ & $-0.0527415$ & $0.286992$ & $0.142708$ & $0.209403$ & $-0.216513$ & $-0.114186$ & $0.00685642$ & $0.0591312$ & $-0.0218724$ & $0.176972$ & $0.058582$ & $-0.265984$ & $0.0748012$ & $0.0395865$ & $0.00382495$ & $-0.00355366$ & $-0.0310591$ & $0.00137446$ & $-0.0304318$ & $0.00439235$ & $-0.0175649$ & $0.0119792$ & $-0.0054101$ & $-0.00615654$ & $-0.0163286$ & $-0.0131291$ & $0.00129854$ \\
CH & $0.00161011$ & $-0.0050137$ & $0.0110912$ & $-0.00760251$ & $-0.00424734$ & $-0.00110395$ & $-0.320432$ & $0.353012$ & $0.34691$ & $-0.258429$ & $-0.177265$ & $-0.413319$ & $1$ & $-0.240073$ & $0.0720341$ & $0.070552$ & $-0.353828$ & $-0.381046$ & $-0.379545$ & $0.172475$ & $0.188524$ & $0.187138$ & $0.0367994$ & $-0.391558$ & $-0.368573$ & $-0.108841$ & $0.146106$ & $0.0656301$ & $0.0489271$ & $0.274835$ & $0.119523$ & $-0.26625$ & $0.32555$ & $0.2208$ & $0.0154453$ & $0.0156331$ & $-0.00629904$ & $-0.00537414$ & $0.00989224$ & $0.00181245$ & $0.0101202$ & $-0.00566858$ & $-0.0110257$ & $0.00510385$ & $0.00303574$ & $0.00286923$ & $0.0128404$ & $0.011576$ & $-0.00275035$ \\
CHL1_11 & $0.0115795$ & $-0.0312518$ & $0.00263418$ & $-0.00734645$ & $0.000823178$ & $0.0164677$ & $0.0650596$ & $0.0843345$ & $0.0761866$ & $0.24225$ & $-0.50296$ & $-0.0356188$ & $-0.240073$ & $1$ & $0.271337$ & $0.263708$ & $0.664381$ & $0.60002$ & $0.598139$ & $0.522189$ & $0.461989$ & $0.446104$ & $-0.0753104$ & $0.472214$ & $0.601542$ & $-0.270439$ & $-0.103414$ & $0.14518$ & $-0.0121174$ & $-0.067652$ & $-0.0307682$ & $0.0433226$ & $-0.0718819$ & $-0.220209$ & $-0.0273108$ & $0.000313967$ & $0.0096047$ & $0.00611734$ & $0.0121297$ & $-0.00645712$ & $-0.0382651$ & $0.00796162$ & $-0.00794068$ & $-0.00377342$ & $0.00565017$ & $-0.00351496$ & $-0.00985818$ & $-0.0190475$ & $-0.000443825$ \\
CHL1_22 & $-0.00985445$ & $-0.0418136$ & $-0.0154878$ & $0.00971522$ & $-0.00167281$ & $-0.0821516$ & $-0.0194808$ & $0.289818$ & $0.285288$ & $-0.113939$ & $-0.416133$ & $-0.067578$ & $0.0720341$ & $0.271337$ & $1$ & $0.4416$ & $0.164602$ & $-0.443093$ & $-0.0298829$ & $0.481937$ & $0.33087$ & $0.320037$ & $-0.169815$ & $0.108498$ & $-0.131076$ & $-0.197538$ & $-0.395841$ & $0.103882$ & $0.00683947$ & $0.0367157$ & $0.00678507$ & $-0.0149017$ & $0.034581$ & $-0.592027$ & $-0.0193233$ & $0.0108177$ & $-0.00634679$ & $0.00102641$ & $0.00472512$ & $-0.00617021$ & $-0.00731628$ & $0.00122475$ & $-0.00182177$ & $0.0032012$ & $0.0198081$ & $-0.00988913$ & $-0.0068959$ & $-0.0250946$ & $0.0166495$ \\
CHL1_33 & $-0.0121118$ & $-0.0247032$ & $-0.0154682$ & $0.0179728$ & $-0.00399632$ & $-0.0723501$ & $-0.0248524$ & $0.280928$ & $0.276805$ & $-0.109692$ & $-0.404371$ & $-0.0585207$ & $0.070552$ & $0.263708$ & $0.4416$ & $1$ & $0.161657$ & $-0.0226878$ & $-0.434083$ & $0.469782$ & $0.322674$ & $0.339394$ & $-0.166016$ & $0.107395$ & $-0.124815$ & $-0.19539$ & $-0.388838$ & $0.10364$ & $0.00211162$ & $0.0388883$ & $0.00854762$ & $-0.0191499$ & $0.0356361$ & $-0.104146$ & $-0.00712272$ & $0.0111588$ & $0.00822425$ & $0.0023302$ & $-0.00289942$ & $-0.00510977$ & $-0.0089286$ & $0.00660138$ & $-0.00457729$ & $-0.0023289$ & $0.0131151$ & $-0.0131269$ & $-0.0189943$ & $-0.0194108$ & $0.00496577$ \\
CHL3_11 & $0.0178816$ & $0.00554376$ & $-0.00634745$ & $-0.000542097$ & $0.00188216$ & $-0.255245$ & $0.101763$ & $-0.254464$ & $-0.256653$ & $0.447624$ & $-0.204202$ & $0.0964866$ & $-0.353828$ & $0.664381$ & $0.164602$ & $0.161657$ & $1$ & $0.740971$ & $0.738466$ & $0.227827$ & $0.170028$ & $0.163224$ & $-0.0796112$ & $0.682815$ & $0.781647$ & $-0.0965913$ & $-0.167614$ & $0.0494451$ & $-0.021357$ & $-0.10487$ & $-0.0493889$ & $0.077199$ & $-0.120402$ & $-0.261051$ & $-0.0184857$ & $0.00340616$ & $0.0143057$ & $0.00301973$ & $0.00156351$ & $-0.00390702$ & $-0.0366587$ & $0.011992$ & $-0.00541823$ & $-0.00696556$ & $0.00662758$ & $0.002249$ & $-0.00960042$ & $-0.0232201$ & $-0.0149272$ \\
CHL3_22 & $0.0200284$ & $0.0151971$ & $-0.000799276$ & $-0.000803425$ & $0.00175727$ & $-0.0454247$ & $0.10688$ & $-0.443081$ & $-0.441933$ & $0.495904$ & $0.0750071$ & $0.152905$ & $-0.381046$ & $0.60002$ & $-0.443093$ & $-0.0226878$ & $0.740971$ & $1$ & $0.678655$ & $-0.0764935$ & $-0.0706563$ & $-0.0687048$ & $-0.0019351$ & $0.626704$ & $0.79785$ & $0.0423871$ & $-0.0142669$ & $-0.0271077$ & $-0.0219825$ & $-0.119804$ & $-0.0524616$ & $0.0825466$ & $-0.130577$ & $0.0210754$ & $-0.00747153$ & $0.000691185$ & $0.0173272$ & $0.00414001$ & $-0.0038427$ & $0.000120362$ & $-0.0328555$ & $0.0109078$ & $-0.00591081$ & $-0.0086302$ & $-0.00587087$ & $0.00454767$ & $-0.0121049$ & $-0.0122949$ & $-0.0184613$ \\
CHL3_33 & $0.0224802$ & $0.00284175$ & $9.25872e-05$ & $-0.00708182$ & $0.00331568$ & $-0.0517032$ & $0.109944$ & $-0.440218$ & $-0.439523$ & $0.492946$ & $0.0734034$ & $0.146064$ & $-0.379545$ & $0.598139$ & $-0.0298829$ & $-0.434083$ & $0.738466$ & $0.678655$ & $1$ & $-0.0757262$ & $-0.0693202$ & $-0.0675882$ & $0.000968188$ & $0.623906$ & $0.796609$ & $0.0439887$ & $-0.00811651$ & $-0.0296434$ & $-0.0179297$ & $-0.122937$ & $-0.0545429$ & $0.0851101$ & $-0.131824$ & $-0.346476$ & $-0.014562$ & $3.65153e-05$ & $0.00728413$ & $0.00159526$ & $0.00210008$ & $0.000622854$ & $-0.0309919$ & $0.00547976$ & $-0.00493146$ & $-0.00300531$ & $-0.00159013$ & $0.00890774$ & $-0.0033564$ & $-0.0145942$ & $-0.00832566$ \\
CHe_11 & $0.00316383$ & $-0.0279789$ & $0.0223027$ & $-0.0236677$ & $-0.0139546$ & $-0.18823$ & $-0.0571805$ & $0.848939$ & $0.832421$ & $-0.338093$ & $-0.990302$ & $-0.320795$ & $0.172475$ & $0.522189$ & $0.481937$ & $0.469782$ & $0.227827$ & $-0.0764935$ & $-0.0757262$ & $1$ & $0.972288$ & $0.951606$ & $-0.00165342$ & $-0.264054$ & $-0.019832$ & $-0.564022$ & $0.224082$ & $0.32187$ & $0.00197053$ & $0.0569025$ & $0.0344602$ & $-0.0621048$ & $0.0626131$ & $0.293077$ & $-0.0252622$ & $-0.00911942$ & $0.00256719$ & $0.000862562$ & $0.03257$ & $-0.00840611$ & $-0.00733886$ & $0.00210004$ & $-0.00753655$ & $0.00255919$ & $0.00889733$ & $-0.00204293$ & $0.0185396$ & $0.00741085$ & $-0.000456754$ \\
CHe_22 & $0.00498354$ & $-0.0191512$ & $0.0300145$ & $-0.0314089$ & $-0.0124976$ & $-0.194892$ & $-0.0611737$ & $0.896074$ & $0.87854$ & $-0.371369$ & $-0.990888$ & $-0.356811$ & $0.188524$ & $0.461989$ & $0.33087$ & $0.322674$ & $0.170028$ & $-0.0706563$ & $-0.0693202$ & $0.972288$ & $1$ & $0.975194$ & $0.0524604$ & $-0.374934$ & $-0.0337366$ & $-0.576049$ & $0.381119$ & $0.33168$ & $0.00171575$ & $0.0579646$ & $0.0386913$ & $-0.0674838$ & $0.065273$ & $0.459594$ & $-0.0227962$ & $-0.015331$ & $0.00136958$ & $-0.000536315$ & $0.0359165$ & $-0.00805605$ & $-0.00437186$ & $-0.000314962$ & $-0.0062356$ & $0.00266587$ & $0.00458365$ & $0.000357395$ & $0.0246911$ & $0.0173901$ & $-0.0030868$ \\
CHe_33 & $0.00738059$ & $-0.0194232$ & $0.0315538$ & $-0.0314676$ & $-0.0108119$ & $-0.191964$ & $-0.0608733$ & $0.879122$ & $0.861578$ & $-0.366157$ & $-0.969649$ & $-0.350138$ & $0.187138$ & $0.446104$ & $0.320037$ & $0.339394$ & $0.163224$ & $-0.0687048$ & $-0.0675882$ & $0.951606$ & $0.975194$ & $1$ & $0.0543352$ & $-0.36996$ & $-0.0332319$ & $-0.56366$ & $0.378264$ & $0.324318$ & $0.00172249$ & $0.0550578$ & $0.0373315$ & $-0.0670842$ & $0.0633104$ & $0.457669$ & $-0.0206589$ & $-0.0143085$ & $0.00401648$ & $-0.00163961$ & $0.035511$ & $-0.00712612$ & $-0.00581833$ & $-0.000496095$ & $-0.0091536$ & $0.00446381$ & $0.00403315$ & $0.00309324$ & $0.0239936$ & $0.0180066$ & $-0.00232424$ \\
CHQ1_11 & $-0.00613316$ & $0.0302964$ & $0.0176759$ & $-0.0113766$ & $-0.00602215$ & $-0.0170734$ & $-0.00894886$ & $0.0798614$ & $0.0783702$ & $-0.0656169$ & $-0.0230844$ & $-0.0527415$ & $0.0367994$ & $-0.0753104$ & $-0.169815$ & $-0.166016$ & $-0.0796112$ & $-0.0019351$ & $0.000968188$ & $-0.00165342$ & $0.0524604$ & $0.0543352$ & $1$ & $-0.145646$ & $0.0729628$ & $-0.675763$ & $0.352382$ & $0.0227949$ & $-0.004529$ & $-0.000718515$ & $0.0144843$ & $-0.00993356$ & $-0.000474739$ & $0.207734$ & $-0.00772104$ & $-0.0209921$ & $0.0122782$ & $-0.012355$ & $0.00721323$ & $0.00120309$ & $0.00900084$ & $0.00653613$ & $0.00597655$ & $-0.0104094$ & $-0.0173375$ & $0.0159694$ & $0.0199954$ & $0.0130863$ & $-0.0239485$ \\
CHQ1_33 & $-0.0480852$ & $-0.00129603$ & $-0.0224088$ & $0.0207254$ & $0.00885294$ & $0.00786695$ & $0.114885$ & $-0.682492$ & $-0.674187$ & $0.568871$ & $0.318646$ & $0.286992$ & $-0.391558$ & $0.472214$ & $0.108498$ & $0.107395$ & $0.682815$ & $0.626704$ & $0.623906$ & $-0.264054$ & $-0.374934$ & $-0.36996$ & $-0.145646$ & $1$ & $0.647947$ & $0.216284$ & $-0.430769$ & $-0.0352986$ & $-0.0150763$ & $-0.108858$ & $-0.0617676$ & $0.100337$ & $-0.123804$ & $-0.637633$ & $-0.0110839$ & $0.00953658$ & $0.00542827$ & $0.00484879$ & $-0.0206356$ & $-0.000513132$ & $-0.025202$ & $0.00913258$ & $-0.000515975$ & $0.00225654$ & $0.00284628$ & $-0.00937568$ & $-0.0291877$ & $-0.0341673$ & $-0.00637462$ \\
CHQ3_11 & $-0.0782931$ & $0.020312$ & $-0.00226985$ & $-0.00587246$ & $0.00151008$ & $-0.0875885$ & $0.103889$ & $-0.409383$ & $-0.407653$ & $0.48332$ & $0.0274703$ & $0.142708$ & $-0.368573$ & $0.601542$ & $-0.131076$ & $-0.124815$ & $0.781647$ & $0.79785$ & $0.796609$ & $-0.019832$ & $-0.0337366$ & $-0.0332319$ & $0.0729628$ & $0.647947$ & $1$ & $0.0254003$ & $0.195258$ & $-0.0190278$ & $-0.019183$ & $-0.120473$ & $-0.0484623$ & $0.0772086$ & $-0.130034$ & $-0.206551$ & $-0.00783411$ & $-0.0209708$ & $0.0119343$ & $-0.00277703$ & $0.00607051$ & $-0.00376515$ & $-0.0213004$ & $0.0101063$ & $-0.00318107$ & $0.00267601$ & $-0.00740351$ & $-0.00993046$ & $0.00406259$ & $-0.00269123$ & $-0.0258501$ \\
CHu_11 & $-0.0345841$ & $0.00720636$ & $-0.0256686$ & $0.0138881$ & $0.010646$ & $0.115103$ & $0.0312402$ & $-0.51776$ & $-0.50688$ & $0.218246$ & $0.573846$ & $0.209403$ & $-0.108841$ & $-0.270439$ & $-0.197538$ & $-0.19539$ & $-0.0965913$ & $0.0423871$ & $0.0439887$ & $-0.564022$ & $-0.576049$ & $-0.56366$ & $-0.675763$ & $0.216284$ & $0.0254003$ & $1$ & $-0.185157$ & $-0.195557$ & $0.0023027$ & $-0.0278133$ & $-0.0270191$ & $0.0343492$ & $-0.0289272$ & $-0.25981$ & $0.0296308$ & $0.00202413$ & $-0.0155267$ & $0.0021448$ & $-0.0222501$ & $0.00226192$ & $0.0126883$ & $-0.00679336$ & $0.00126305$ & $0.0076431$ & $0.00200434$ & $-0.0170252$ & $-0.0182257$ & $-0.00118776$ & $0.00926518$ \\
CHd_11 & $-0.0102604$ & $0.0351831$ & $0.0457018$ & $-0.0415861$ & $-0.00893211$ & $-0.0863238$ & $-0.0483545$ & $0.431588$ & $0.424721$ & $-0.249335$ & $-0.298901$ & $-0.216513$ & $0.146106$ & $-0.103414$ & $-0.395841$ & $-0.388838$ & $-0.167614$ & $-0.0142669$ & $-0.00811651$ & $0.224082$ & $0.381119$ & $0.378264$ & $0.352382$ & $-0.430769$ & $0.195258$ & $-0.185157$ & $1$ & $0.116624$ & $0.0021127$ & $0.0224092$ & $0.0352507$ & $-0.0551388$ & $0.0330573$ & $0.687971$ & $0.00762922$ & $-0.0373613$ & $0.00253093$ & $-0.0124725$ & $0.0332869$ & $-0.00342164$ & $0.0244356$ & $-0.00397001$ & $0.00315965$ & $0.00139243$ & $-0.0203353$ & $0.00181223$ & $0.0486315$ & $0.0534055$ & $-0.0291328$ \\
CHd_33 & $0.00553013$ & $-0.0189216$ & $0.0118348$ & $-0.0153715$ & $-0.00353767$ & $-0.0660387$ & $-0.0185055$ & $0.302041$ & $0.296584$ & $-0.123094$ & $-0.32883$ & $-0.114186$ & $0.0656301$ & $0.14518$ & $0.103882$ & $0.10364$ & $0.0494451$ & $-0.0271077$ & $-0.0296434$ & $0.32187$ & $0.33168$ & $0.324318$ & $0.0227949$ & $-0.0352986$ & $-0.0190278$ & $-0.195557$ & $0.116624$ & $1$ & $-0.000194805$ & $0.0231132$ & $0.0119446$ & $-0.0215443$ & $0.0245635$ & $0.161688$ & $-0.00218394$ & $-0.0124882$ & $0.00304062$ & $0.00570288$ & $0.00725511$ & $-0.00139349$ & $-0.00562664$ & $-0.0036993$ & $-0.00424629$ & $0.00480436$ & $0.0150199$ & $0.00443717$ & $0.00993206$ & $0.00578162$ & $0.00505087$ \\
CeH_22r & $0.0054537$ & $0.00075396$ & $-0.00988295$ & $-0.00563049$ & $0.00107793$ & $0.0079565$ & $0.00436878$ & $0.011047$ & $0.0181964$ & $-0.00979479$ & $-0.00208393$ & $0.00685642$ & $0.0489271$ & $-0.0121174$ & $0.00683947$ & $0.00211162$ & $-0.021357$ & $-0.0219825$ & $-0.0179297$ & $0.00197053$ & $0.00171575$ & $0.00172249$ & $-0.004529$ & $-0.0150763$ & $-0.019183$ & $0.0023027$ & $0.0021127$ & $-0.000194805$ & $1$ & $0.0497492$ & $0.0240054$ & $-0.0108208$ & $0.0552424$ & $0.00101977$ & $-0.0237572$ & $-0.0182688$ & $-0.0117886$ & $-0.00605163$ & $-0.00102342$ & $0.00222916$ & $0.00586471$ & $-0.0102278$ & $0.00827405$ & $0.00450126$ & $-0.00500686$ & $0.0135583$ & $0.00324775$ & $0.00416847$ & $0.00575713$ \\
CeH_33r & $-0.0185388$ & $-0.00941204$ & $-0.0211886$ & $-0.00582932$ & $-0.00204748$ & $-0.00559706$ & $-0.134794$ & $0.107063$ & $0.130028$ & $-0.136603$ & $-0.0566321$ & $0.0591312$ & $0.274835$ & $-0.067652$ & $0.0367157$ & $0.0388883$ & $-0.10487$ & $-0.119804$ & $-0.122937$ & $0.0569025$ & $0.0579646$ & $0.0550578$ & $-0.000718515$ & $-0.108858$ & $-0.120473$ & $-0.0278133$ & $0.0224092$ & $0.0231132$ & $0.0497492$ & $1$ & $0.313791$ & $0.0208403$ & $0.657538$ & $0.0536915$ & $-0.0521573$ & $-0.0411464$ & $-0.207707$ & $-0.0267714$ & $-0.0019842$ & $-0.00516495$ & $0.0107266$ & $-0.00390444$ & $0.0105439$ & $0.0195652$ & $0.0889353$ & $-0.00737697$ & $0.00368312$ & $0.0120434$ & $0.00537444$ \\
CuH_22r & $-0.00439997$ & $-0.00946972$ & $0.0213556$ & $0.00601694$ & $-0.016561$ & $-0.00698811$ & $-0.0734574$ & $0.0616893$ & $0.0722857$ & $-0.074179$ & $-0.0364555$ & $-0.0218724$ & $0.119523$ & $-0.0307682$ & $0.00678507$ & $0.00854762$ & $-0.0493889$ & $-0.0524616$ & $-0.0545429$ & $0.0344602$ & $0.0386913$ & $0.0373315$ & $0.0144843$ & $-0.0617676$ & $-0.0484623$ & $-0.0270191$ & $0.0352507$ & $0.0119446$ & $0.0240054$ & $0.313791$ & $1$ & $0.0173687$ & $0.340355$ & $0.0435985$ & $-0.00997164$ & $-0.031847$ & $-0.0849907$ & $-0.00985528$ & $0.0365952$ & $0.00759061$ & $0.00346243$ & $0.00775553$ & $0.000269711$ & $0.0237276$ & $0.0414491$ & $0.0809049$ & $0.35103$ & $-0.00104278$ & $-0.00539788$ \\
CuH_33r & $-0.00293984$ & $0.00197707$ & $-0.00805368$ & $0.0103135$ & $0.000372608$ & $0.00736505$ & $0.930938$ & $-0.102048$ & $-0.0612768$ & $0.0911052$ & $0.0639864$ & $0.176972$ & $-0.26625$ & $0.0433226$ & $-0.0149017$ & $-0.0191499$ & $0.077199$ & $0.0825466$ & $0.0851101$ & $-0.0621048$ & $-0.0674838$ & $-0.0670842$ & $-0.00993356$ & $0.100337$ & $0.0772086$ & $0.0343492$ & $-0.0551388$ & $-0.0215443$ & $-0.0108208$ & $0.0208403$ & $0.0173687$ & $1$ & $0.0267582$ & $-0.0688123$ & $0.0384502$ & $0.0245379$ & $-0.0285205$ & $-0.00531547$ & $0.00302171$ & $-0.00171316$ & $-0.00345825$ & $-0.0061326$ & $0.00964821$ & $-0.0024902$ & $-0.0167037$ & $0.000443356$ & $-0.0117821$ & $0.0124154$ & $0.00604923$ \\
CdH_33r & $-0.0214848$ & $-0.0482926$ & $0.0157141$ & $-0.0293272$ & $0.00121065$ & $-0.00254337$ & $-0.160019$ & $0.121405$ & $0.147041$ & $-0.150338$ & $-0.0636345$ & $0.058582$ & $0.32555$ & $-0.0718819$ & $0.034581$ & $0.0356361$ & $-0.120402$ & $-0.130577$ & $-0.131824$ & $0.0626131$ & $0.065273$ & $0.0633104$ & $-0.000474739$ & $-0.123804$ & $-0.130034$ & $-0.0289272$ & $0.0330573$ & $0.0245635$ & $0.0552424$ & $0.657538$ & $0.340355$ & $0.0267582$ & $1$ & $0.0622545$ & $-0.0309323$ & $-0.0613947$ & $-0.243761$ & $-0.026525$ & $0.0165993$ & $-0.00298073$ & $0.0257837$ & $-0.00706362$ & $0.0324134$ & $0.0386892$ & $0.0154599$ & $-0.015446$ & $-0.0139967$ & $0.173297$ & $0.436139$ \\
CLL_1221 & $0.00509217$ & $0.055183$ & $0.0376079$ & $-0.0321774$ & $-0.0122003$ & $-0.123829$ & $-0.0682849$ & $0.568928$ & $0.559895$ & $-0.360201$ & $-0.371861$ & $-0.265984$ & $0.2208$ & $-0.220209$ & $-0.592027$ & $-0.104146$ & $-0.261051$ & $0.0210754$ & $-0.346476$ & $0.293077$ & $0.459594$ & $0.457669$ & $0.207734$ & $-0.637633$ & $-0.206551$ & $-0.25981$ & $0.687971$ & $0.161688$ & $0.00101977$ & $0.0536915$ & $0.0435985$ & $-0.0688123$ & $0.0622545$ & $1$ & $0.00580959$ & $-0.0248567$ & $0.00314767$ & $-0.00346166$ & $0.0224831$ & $0.0010044$ & $0.0178153$ & $-0.00374236$ & $0.003007$ & $-0.00195133$ & $-0.0158035$ & $0.00822011$ & $0.0308471$ & $0.043441$ & $-0.0186041$ \\
eHggint & $0.0159141$ & $-0.0107368$ & $-0.0447095$ & $0.112317$ & $-0.00433763$ & $-0.00185052$ & $-0.0280862$ & $-0.0125626$ & $-0.0282479$ & $0.0422276$ & $0.0233609$ & $0.0748012$ & $0.0154453$ & $-0.0273108$ & $-0.0193233$ & $-0.00712272$ & $-0.0184857$ & $-0.00747153$ & $-0.014562$ & $-0.0252622$ & $-0.0227962$ & $-0.0206589$ & $-0.00772104$ & $-0.0110839$ & $-0.00783411$ & $0.0296308$ & $0.00762922$ & $-0.00218394$ & $-0.0237572$ & $-0.0521573$ & $-0.00997164$ & $0.0384502$ & $-0.0309323$ & $0.00580959$ & $1$ & $-0.102912$ & $0.0344164$ & $-0.00543382$ & $-0.0360882$ & $0.0146878$ & $0.0996108$ & $0.0079922$ & $0.0139114$ & $0.0913061$ & $0.0903668$ & $-0.0151348$ & $0.0313873$ & $0.00811104$ & $0.0499834$ \\
eHggpar & $0.135372$ & $-0.086902$ & $0.159658$ & $0.00626135$ & $0.00275945$ & $0.0118598$ & $-0.0120956$ & $-0.0122393$ & $-0.0365171$ & $0.0292365$ & $0.00992343$ & $0.0395865$ & $0.0156331$ & $0.000313967$ & $0.0108177$ & $0.0111588$ & $0.00340616$ & $0.000691185$ & $3.65153e-05$ & $-0.00911942$ & $-0.015331$ & $-0.0143085$ & $-0.0209921$ & $0.00953658$ & $-0.0209708$ & $0.00202413$ & $-0.0373613$ & $-0.0124882$ & $-0.0182688$ & $-0.0411464$ & $-0.031847$ & $0.0245379$ & $-0.0613947$ & $-0.0248567$ & $-0.102912$ & $1$ & $0.117352$ & $0.00330348$ & $-0.0135449$ & $-0.0331881$ & $-0.0558719$ & $0.00257975$ & $-0.189873$ & $0.0595263$ & $0.00568883$ & $0.0358548$ & $-0.0441778$ & $0.0467453$ & $-0.0560181$ \\
eHWWint & $0.0632067$ & $0.0176271$ & $0.0925327$ & $0.00434021$ & $0.000962032$ & $0.00170515$ & $0.00199183$ & $-0.00527953$ & $-0.0203365$ & $0.0164682$ & $-0.00141201$ & $0.00382495$ & $-0.00629904$ & $0.0096047$ & $-0.00634679$ & $0.00822425$ & $0.0143057$ & $0.0173272$ & $0.00728413$ & $0.00256719$ & $0.00136958$ & $0.00401648$ & $0.0122782$ & $0.00542827$ & $0.0119343$ & $-0.0155267$ & $0.00253093$ & $0.00304062$ & $-0.0117886$ & $-0.207707$ & $-0.0849907$ & $-0.0285205$ & $-0.243761$ & $0.00314767$ & $0.0344164$ & $0.117352$ & $1$ & $-0.0100101$ & $-0.0322017$ & $0.000527971$ & $-0.0657702$ & $0.0228838$ & $-0.0330322$ & $-0.126256$ & $-0.160304$ & $0.0434884$ & $0.02476$ & $-0.0780153$ & $-0.0577179$ \\
eHWWpar & $2.33112e-05$ & $-0.00788603$ & $0.000612867$ & $0.000153031$ & $0.00444347$ & $-0.0058156$ & $-0.000852521$ & $-0.00182636$ & $-0.00204738$ & $-0.00212391$ & $-0.000288135$ & $-0.00355366$ & $-0.00537414$ & $0.00611734$ & $0.00102641$ & $0.0023302$ & $0.00301973$ & $0.00414001$ & $0.00159526$ & $0.000862562$ & $-0.000536315$ & $-0.00163961$ & $-0.012355$ & $0.00484879$ & $-0.00277703$ & $0.0021448$ & $-0.0124725$ & $0.00570288$ & $-0.00605163$ & $-0.0267714$ & $-0.00985528$ & $-0.00531547$ & $-0.026525$ & $-0.00346166$ & $-0.00543382$ & $0.00330348$ & $-0.0100101$ & $1$ & $0.0133679$ & $0.000856147$ & $0.0110002$ & $-0.00929331$ & $0.0261027$ & $0.00363052$ & $0.000453294$ & $0.00689184$ & $0.0121131$ & $0.00523854$ & $-0.00515908$ \\
eHZZint & $0.0176616$ & $-0.0131736$ & $0.0333997$ & $-0.2234$ & $-0.00826418$ & $-0.0067$ & $-0.00651114$ & $0.0339493$ & $0.0379212$ & $-0.0282023$ & $-0.0338786$ & $-0.0310591$ & $0.00989224$ & $0.0121297$ & $0.00472512$ & $-0.00289942$ & $0.00156351$ & $-0.0038427$ & $0.00210008$ & $0.03257$ & $0.0359165$ & $0.035511$ & $0.00721323$ & $-0.0206356$ & $0.00607051$ & $-0.0222501$ & $0.0332869$ & $0.00725511$ & $-0.00102342$ & $-0.0019842$ & $0.0365952$ & $0.00302171$ & $0.0165993$ & $0.0224831$ & $-0.0360882$ & $-0.0135449$ & $-0.0322017$ & $0.0133679$ & $1$ & $0.0203207$ & $-0.0104798$ & $-0.0170365$ & $0.0934191$ & $-0.00806233$ & $0.00882505$ & $0.0688229$ & $0.0773167$ & $-0.00108002$ & $0.0488275$ \\
eHZZpar & $-0.00140444$ & $0.0210171$ & $0.00891073$ & $-0.0148984$ & $0.00121495$ & $0.00554302$ & $-0.00215031$ & $-0.00668797$ & $-0.0046638$ & $0.00142078$ & $0.00871669$ & $0.00137446$ & $0.00181245$ & $-0.00645712$ & $-0.00617021$ & $-0.00510977$ & $-0.00390702$ & $0.000120362$ & $0.000622854$ & $-0.00840611$ & $-0.00805605$ & $-0.00712612$ & $0.00120309$ & $-0.000513132$ & $-0.00376515$ & $0.00226192$ & $-0.00342164$ & $-0.00139349$ & $0.00222916$ & $-0.00516495$ & $0.00759061$ & $-0.00171316$ & $-0.00298073$ & $0.0010044$ & $0.0146878$ & $-0.0331881$ & $0.000527971$ & $0.000856147$ & $0.0203207$ & $1$ & $-0.000940672$ & $0.00717083$ & $0.017229$ & $-0.00400443$ & $0.00414768$ & $0.00159366$ & $0.0151574$ & $-0.0104358$ & $-0.00278531$ \\
eHZgaint & $-0.0611975$ & $0.0124491$ & $-0.0769651$ & $-0.0137595$ & $-0.0139945$ & $0.00993641$ & $-0.00817387$ & $0.0130985$ & $0.0139295$ & $-0.0550437$ & $0.0066134$ & $-0.0304318$ & $0.0101202$ & $-0.0382651$ & $-0.00731628$ & $-0.0089286$ & $-0.0366587$ & $-0.0328555$ & $-0.0309919$ & $-0.00733886$ & $-0.00437186$ & $-0.00581833$ & $0.00900084$ & $-0.025202$ & $-0.0213004$ & $0.0126883$ & $0.0244356$ & $-0.00562664$ & $0.00586471$ & $0.0107266$ & $0.00346243$ & $-0.00345825$ & $0.0257837$ & $0.0178153$ & $0.0996108$ & $-0.0558719$ & $-0.0657702$ & $0.0110002$ & $-0.0104798$ & $-0.000940672$ & $1$ & $0.0108373$ & $0.0298685$ & $-0.000427468$ & $0.107266$ & $0.00816234$ & $0.0117446$ & $0.143932$ & $-0.0107118$ \\
eHZgapar & $0.0100329$ & $0.0162991$ & $0.0164303$ & $0.00267168$ & $-0.0057291$ & $-0.00619757$ & $-0.00627109$ & $-0.00591581$ & $-0.00801632$ & $0.00524723$ & $-9.45686e-05$ & $0.00439235$ & $-0.00566858$ & $0.00796162$ & $0.00122475$ & $0.00660138$ & $0.011992$ & $0.0109078$ & $0.00547976$ & $0.00210004$ & $-0.000314962$ & $-0.000496095$ & $0.00653613$ & $0.00913258$ & $0.0101063$ & $-0.00679336$ & $-0.00397001$ & $-0.0036993$ & $-0.0102278$ & $-0.00390444$ & $0.00775553$ & $-0.0061326$ & $-0.00706362$ & $-0.00374236$ & $0.0079922$ & $0.00257975$ & $0.0228838$ & $-0.00929331$ & $-0.0170365$ & $0.00717083$ & $0.0108373$ & $1$ & $-0.0101539$ & $0.00394145$ & $-0.00985256$ & $0.00395296$ & $0.00503145$ & $0.0109431$ & $-0.0131683$ \\
eHgagaint & $-0.00206952$ & $0.129163$ & $-0.0087874$ & $-0.047165$ & $-0.0104417$ & $-0.000687619$ & $0.0205828$ & $-0.00807558$ & $0.0652503$ & $-0.0114927$ & $0.00965362$ & $-0.0175649$ & $-0.0110257$ & $-0.00794068$ & $-0.00182177$ & $-0.00457729$ & $-0.00541823$ & $-0.00591081$ & $-0.00493146$ & $-0.00753655$ & $-0.0062356$ & $-0.0091536$ & $0.00597655$ & $-0.000515975$ & $-0.00318107$ & $0.00126305$ & $0.00315965$ & $-0.00424629$ & $0.00827405$ & $0.0105439$ & $0.000269711$ & $0.00964821$ & $0.0324134$ & $0.003007$ & $0.0139114$ & $-0.189873$ & $-0.0330322$ & $0.0261027$ & $0.0934191$ & $0.017229$ & $0.0298685$ & $-0.0101539$ & $1$ & $0.0768579$ & $0.0840015$ & $0.0456216$ & $0.000418333$ & $0.0480615$ & $0.0552974$ \\
eHmumuint & $-0.114834$ & $-0.103589$ & $0.0959023$ & $0.01042$ & $0.0178204$ & $-0.0166754$ & $-0.0155414$ & $0.00952208$ & $0.0131406$ & $0.00267499$ & $-0.00299935$ & $0.0119792$ & $0.00510385$ & $-0.00377342$ & $0.0032012$ & $-0.0023289$ & $-0.00696556$ & $-0.0086302$ & $-0.00300531$ & $0.00255919$ & $0.00266587$ & $0.00446381$ & $-0.0104094$ & $0.00225654$ & $0.00267601$ & $0.0076431$ & $0.00139243$ & $0.00480436$ & $0.00450126$ & $0.0195652$ & $0.0237276$ & $-0.0024902$ & $0.0386892$ & $-0.00195133$ & $0.0913061$ & $0.0595263$ & $-0.126256$ & $0.00363052$ & $-0.00806233$ & $-0.00400443$ & $-0.000427468$ & $0.00394145$ & $0.0768579$ & $1$ & $0.0780102$ & $-0.0360175$ & $0.0422409$ & $0.0443138$ & $0.0246684$ \\
eHtautauint & $0.0113733$ & $-0.1094$ & $0.0329542$ & $-0.0628371$ & $-0.0158669$ & $-0.0112021$ & $-0.0268133$ & $0.00754295$ & $0.0120087$ & $-0.00266083$ & $-0.00969253$ & $-0.0054101$ & $0.00303574$ & $0.00565017$ & $0.0198081$ & $0.0131151$ & $0.00662758$ & $-0.00587087$ & $-0.00159013$ & $0.00889733$ & $0.00458365$ & $0.00403315$ & $-0.0173375$ & $0.00284628$ & $-0.00740351$ & $0.00200434$ & $-0.0203353$ & $0.0150199$ & $-0.00500686$ & $0.0889353$ & $0.0414491$ & $-0.0167037$ & $0.0154599$ & $-0.0158035$ & $0.0903668$ & $0.00568883$ & $-0.160304$ & $0.000453294$ & $0.00882505$ & $0.00414768$ & $0.107266$ & $-0.00985256$ & $0.0840015$ & $0.0780102$ & $1$ & $-0.00128401$ & $0.125567$ & $-0.11784$ & $0.0498638$ \\
eHccint & $0.0902777$ & $-0.0454569$ & $0.0882723$ & $-0.0972682$ & $-0.00301789$ & $-0.000828354$ & $0.00168712$ & $0.00197773$ & $0.00435312$ & $0.000886773$ & $-0.000606487$ & $-0.00615654$ & $0.00286923$ & $-0.00351496$ & $-0.00988913$ & $-0.0131269$ & $0.002249$ & $0.00454767$ & $0.00890774$ & $-0.00204293$ & $0.000357395$ & $0.00309324$ & $0.0159694$ & $-0.00937568$ & $-0.00993046$ & $-0.0170252$ & $0.00181223$ & $0.00443717$ & $0.0135583$ & $-0.00737697$ & $0.0809049$ & $0.000443356$ & $-0.015446$ & $0.00822011$ & $-0.0151348$ & $0.0358548$ & $0.0434884$ & $0.00689184$ & $0.0688229$ & $0.00159366$ & $0.00816234$ & $0.00395296$ & $0.0456216$ & $-0.0360175$ & $-0.00128401$ & $1$ & $0.0173435$ & $0.0203314$ & $-0.01866$ \\
eHccpar & $0.00919625$ & $-0.0207147$ & $0.0509228$ & $0.0441758$ & $-0.0284269$ & $-0.0107996$ & $-0.0143451$ & $0.0300618$ & $0.0290799$ & $-0.0199235$ & $-0.0214728$ & $-0.0163286$ & $0.0128404$ & $-0.00985818$ & $-0.0068959$ & $-0.0189943$ & $-0.00960042$ & $-0.0121049$ & $-0.0033564$ & $0.0185396$ & $0.0246911$ & $0.0239936$ & $0.0199954$ & $-0.0291877$ & $0.00406259$ & $-0.0182257$ & $0.0486315$ & $0.00993206$ & $0.00324775$ & $0.00368312$ & $0.35103$ & $-0.0117821$ & $-0.0139967$ & $0.0308471$ & $0.0313873$ & $-0.0441778$ & $0.02476$ & $0.0121131$ & $0.0773167$ & $0.0151574$ & $0.0117446$ & $0.00503145$ & $0.000418333$ & $0.0422409$ & $0.125567$ & $0.0173435$ & $1$ & $-0.065682$ & $-0.00359615$ \\
eHbbint & $-0.0281706$ & $-0.0104119$ & $-0.121022$ & $0.074501$ & $0.000547081$ & $0.00223215$ & $0.00430978$ & $0.0276602$ & $0.0316678$ & $-0.02552$ & $-0.0133267$ & $-0.0131291$ & $0.011576$ & $-0.0190475$ & $-0.0250946$ & $-0.0194108$ & $-0.0232201$ & $-0.0122949$ & $-0.0145942$ & $0.00741085$ & $0.0173901$ & $0.0180066$ & $0.0130863$ & $-0.0341673$ & $-0.00269123$ & $-0.00118776$ & $0.0534055$ & $0.00578162$ & $0.00416847$ & $0.0120434$ & $-0.00104278$ & $0.0124154$ & $0.173297$ & $0.043441$ & $0.00811104$ & $0.0467453$ & $-0.0780153$ & $0.00523854$ & $-0.00108002$ & $-0.0104358$ & $0.143932$ & $0.0109431$ & $0.0480615$ & $0.0443138$ & $-0.11784$ & $0.0203314$ & $-0.065682$ & $1$ & $-0.0533247$ \\
eHbbpar & $0.00570424$ & $-0.100137$ & $0.142855$ & $-0.0950232$ & $0.0174966$ & $3.83581e-05$ & $-0.0029903$ & $0.00635795$ & $0.010658$ & $-0.00467089$ & $0.000309969$ & $0.00129854$ & $-0.00275035$ & $-0.000443825$ & $0.0166495$ & $0.00496577$ & $-0.0149272$ & $-0.0184613$ & $-0.00832566$ & $-0.000456754$ & $-0.0030868$ & $-0.00232424$ & $-0.0239485$ & $-0.00637462$ & $-0.0258501$ & $0.00926518$ & $-0.0291328$ & $0.00505087$ & $0.00575713$ & $0.00537444$ & $-0.00539788$ & $0.00604923$ & $0.436139$ & $-0.0186041$ & $0.0499834$ & $-0.0560181$ & $-0.0577179$ & $-0.00515908$ & $0.0488275$ & $-0.00278531$ & $-0.0107118$ & $-0.0131683$ & $0.0552974$ & $0.0246684$ & $0.0498638$ & $-0.01866$ & $-0.00359615$ & $-0.0533247$ & $1$ \\
