 & AlsMz & dAle5Mz & mtop & mHl & Mz & CW & CHG & CHWB & CHWHB_gaga & CHWHB_gagaorth & CHD & CHbox & CH & CHL1_11 & CHL1_22 & CHL1_33 & CHL3_11 & CHL3_22 & CHL3_33 & CHe_11 & CHe_22 & CHe_33 & CHQ1_11 & CHQ1_33 & CHQ3_11 & CHu_11 & CHd_11 & CHd_33 & CeH_22r & CeH_33r & CuH_22r & CuH_33r & CdH_33r & CLL_1221 & eHggint & eHggpar & eHWWint & eHWWpar & eHZZint & eHZZpar & eHZgaint & eHZgapar & eHgagaint & eHmumuint & eHtautauint & eHccint & eHccpar & eHbbint & eHbbpar \\
AlsMz & $1$ & $0.426016$ & $-0.043042$ & $0.726231$ & $0.326042$ & $0.0530344$ & $0.149585$ & $-0.0952354$ & $-0.0605796$ & $0.189502$ & $0.00688647$ & $0.0782401$ & $-0.149133$ & $0.136298$ & $-0.191746$ & $-0.0857107$ & $0.193011$ & $0.253505$ & $0.228368$ & $-0.0189675$ & $0.0895255$ & $0.0599118$ & $-0.0717704$ & $0.00115047$ & $0.19884$ & $0.194281$ & $0.155019$ & $-0.0626449$ & $-0.077965$ & $0.0174889$ & $0.289954$ & $0.16386$ & $0.192774$ & $0.120527$ & $-0.105386$ & $-0.72636$ & $-0.527365$ & $-0.467847$ & $-0.658412$ & $0.366252$ & $-0.182701$ & $-0.255327$ & $0.293208$ & $-0.0185311$ & $0.355896$ & $0.489424$ & $0.478392$ & $0.585378$ & $0.299959$ \\
dAle5Mz & $0.426016$ & $1$ & $0.244992$ & $0.227809$ & $0.138275$ & $0.0334338$ & $0.051101$ & $0.0342356$ & $0.06228$ & $0.0330501$ & $-0.0222568$ & $0.0229874$ & $0.0362433$ & $-0.104843$ & $-0.42389$ & $-0.494909$ & $-0.0211103$ & $0.189463$ & $0.297632$ & $0.100051$ & $0.305141$ & $0.299232$ & $0.0645576$ & $-0.186938$ & $0.301311$ & $0.315094$ & $0.631445$ & $-0.0553521$ & $0.0166368$ & $0.142285$ & $0.185188$ & $0.0981802$ & $0.276663$ & $0.397328$ & $-0.225305$ & $0.0334175$ & $-0.161334$ & $-0.371761$ & $-0.00048958$ & $0.220356$ & $-0.0350634$ & $-0.0821004$ & $0.255069$ & $-0.166243$ & $0.0950161$ & $0.0222669$ & $0.362217$ & $-0.0578438$ & $0.665751$ \\
mtop & $-0.043042$ & $0.244992$ & $1$ & $-0.182863$ & $-0.0242528$ & $0.0826429$ & $-0.170298$ & $0.071516$ & $0.0641297$ & $-0.185442$ & $0.0562516$ & $-0.199296$ & $0.232968$ & $-0.233387$ & $-0.0820624$ & $-0.1786$ & $-0.233347$ & $-0.106119$ & $-0.0512388$ & $0.0371094$ & $0.0366585$ & $0.0353105$ & $0.130787$ & $-0.106306$ & $-0.00688747$ & $-0.0252851$ & $0.230468$ & $0.00739319$ & $-0.046303$ & $0.232546$ & $0.171344$ & $-0.130505$ & $0.157423$ & $0.129663$ & $-0.144531$ & $0.0686793$ & $-0.00271453$ & $0.133218$ & $0.169487$ & $0.0971716$ & $-0.00178184$ & $-0.0926856$ & $-0.130003$ & $0.377031$ & $-0.123974$ & $0.337464$ & $0.202021$ & $-0.277948$ & $-0.118614$ \\
mHl & $0.726231$ & $0.227809$ & $-0.182863$ & $1$ & $0.343431$ & $0.0260613$ & $-0.0497435$ & $0.0925643$ & $0.106236$ & $0.0593013$ & $-0.13001$ & $-0.168614$ & $0.0796277$ & $0.0179361$ & $-0.161653$ & $-0.0581478$ & $0.0153778$ & $0.0773964$ & $0.0522341$ & $0.146288$ & $0.152218$ & $0.138336$ & $-0.0608142$ & $-0.185316$ & $0.0148085$ & $0.0695535$ & $0.138625$ & $-0.103104$ & $-0.0420604$ & $0.145843$ & $0.21793$ & $-0.012842$ & $0.254954$ & $0.158791$ & $0.237342$ & $-0.586712$ & $-0.415521$ & $-0.436891$ & $-0.681068$ & $0.0941906$ & $-0.165926$ & $0.0828041$ & $0.0519837$ & $0.314683$ & $0.414378$ & $0.468329$ & $0.320385$ & $0.354107$ & $0.169688$ \\
Mz & $0.326042$ & $0.138275$ & $-0.0242528$ & $0.343431$ & $1$ & $-0.0143488$ & $-0.00192542$ & $-0.0140878$ & $-0.00707502$ & $0.0388663$ & $0.0436865$ & $-0.0611308$ & $-0.0315459$ & $0.0247704$ & $-0.0275473$ & $-0.0203184$ & $0.0306065$ & $0.0451182$ & $0.0542317$ & $0.000572941$ & $0.021843$ & $0.00853182$ & $0.0292216$ & $-0.0321005$ & $0.00651467$ & $-0.00682613$ & $0.0166431$ & $-0.0668055$ & $-0.0544002$ & $-0.0155575$ & $0.112249$ & $0.0121219$ & $0.0465227$ & $0.0373321$ & $0.243705$ & $-0.339889$ & $-0.0138294$ & $-0.0670797$ & $-0.286304$ & $-0.14453$ & $0.0900085$ & $0.182113$ & $0.172158$ & $0.197329$ & $0.311126$ & $0.20534$ & $0.130602$ & $0.0526292$ & $0.119861$ \\
CW & $0.0530344$ & $0.0334338$ & $0.0826429$ & $0.0260613$ & $-0.0143488$ & $1$ & $0.105233$ & $-0.00847383$ & $-0.00320189$ & $-0.0255654$ & $0.023606$ & $0.0661968$ & $-0.0850864$ & $0.125735$ & $0.027852$ & $0.0546967$ & $-0.135922$ & $-0.0537919$ & $-0.0665879$ & $-0.0205004$ & $0.00928078$ & $-0.0285026$ & $-0.0316838$ & $0.0271054$ & $-0.0661479$ & $0.0217261$ & $-0.058255$ & $-0.0821679$ & $0.000729246$ & $-0.0141132$ & $-0.0168923$ & $0.112992$ & $-0.0490037$ & $-0.0837783$ & $0.0138635$ & $-0.0111685$ & $-0.0895299$ & $-0.0465657$ & $-0.082319$ & $0.0562326$ & $0.0443356$ & $-0.0264193$ & $0.0678334$ & $0.072021$ & $-0.0728916$ & $0.062112$ & $0.0621077$ & $0.0519491$ & $-0.0920504$ \\
CHG & $0.149585$ & $0.051101$ & $-0.170298$ & $-0.0497435$ & $-0.00192542$ & $0.105233$ & $1$ & $-0.408974$ & $-0.35735$ & $0.409711$ & $0.202906$ & $0.869737$ & $-0.886115$ & $0.487849$ & $0.354507$ & $0.421909$ & $0.451783$ & $0.17657$ & $0.0989055$ & $-0.270587$ & $-0.29949$ & $-0.28101$ & $-0.323294$ & $0.399032$ & $0.102629$ & $0.13668$ & $-0.505479$ & $-0.101233$ & $-0.0941239$ & $-0.668966$ & $0.0435328$ & $0.968036$ & $-0.65309$ & $-0.453241$ & $0.127801$ & $-0.0905006$ & $-0.166952$ & $-0.0264624$ & $-0.253383$ & $0.372718$ & $0.615098$ & $0.133882$ & $0.62096$ & $-0.271463$ & $0.0243289$ & $0.288836$ & $0.657963$ & $0.16505$ & $-0.253866$ \\
CHWB & $-0.0952354$ & $0.0342356$ & $0.071516$ & $0.0925643$ & $-0.0140878$ & $-0.00847383$ & $-0.408974$ & $1$ & $0.991748$ & $-0.567715$ & $-0.86067$ & $-0.517977$ & $0.48103$ & $-0.418306$ & $-0.129119$ & $-0.233064$ & $-0.68181$ & $-0.563224$ & $-0.472396$ & $0.86054$ & $0.643998$ & $0.625218$ & $0.119056$ & $-0.690036$ & $-0.55929$ & $-0.219272$ & $0.421918$ & $0.0679933$ & $-0.00937791$ & $0.39631$ & $-0.0918005$ & $-0.366521$ & $0.371744$ & $0.657163$ & $0.0976234$ & $0.164007$ & $0.138688$ & $-0.0853018$ & $0.129928$ & $-0.325844$ & $-0.215958$ & $0.0785997$ & $-0.243483$ & $0.271557$ & $0.0287198$ & $-0.266437$ & $-0.330405$ & $-0.213363$ & $0.227818$ \\
CHWHB_gaga & $-0.0605796$ & $0.06228$ & $0.0641297$ & $0.106236$ & $-0.00707502$ & $-0.00320189$ & $-0.35735$ & $0.991748$ & $1$ & $-0.550983$ & $-0.863605$ & $-0.474775$ & $0.437853$ & $-0.399317$ & $-0.126278$ & $-0.221184$ & $-0.664311$ & $-0.551933$ & $-0.465267$ & $0.861621$ & $0.646382$ & $0.62507$ & $0.103412$ & $-0.683107$ & $-0.55084$ & $-0.205906$ & $0.416443$ & $0.0567741$ & $-0.0105343$ & $0.384961$ & $-0.068798$ & $-0.317309$ & $0.369239$ & $0.653031$ & $0.0890816$ & $0.147692$ & $0.1052$ & $-0.115098$ & $0.0996221$ & $-0.301223$ & $-0.1974$ & $0.0710719$ & $-0.186754$ & $0.254233$ & $0.0284004$ & $-0.255408$ & $-0.287043$ & $-0.187203$ & $0.240121$ \\
CHWHB_gagaorth & $0.189502$ & $0.0330501$ & $-0.185442$ & $0.0593013$ & $0.0388663$ & $-0.0255654$ & $0.409711$ & $-0.567715$ & $-0.550983$ & $1$ & $0.176187$ & $0.533355$ & $-0.47523$ & $0.769963$ & $0.176115$ & $0.263683$ & $0.827241$ & $0.630564$ & $0.532204$ & $-0.295655$ & $-0.198176$ & $-0.174198$ & $-0.159254$ & $0.611891$ & $0.60981$ & $0.124518$ & $-0.328645$ & $-0.00243152$ & $-0.0454605$ & $-0.370426$ & $0.0832551$ & $0.389761$ & $-0.31865$ & $-0.391946$ & $-0.078539$ & $-0.178796$ & $-0.215717$ & $-0.0247529$ & $-0.194091$ & $0.303767$ & $0.167064$ & $-0.0622393$ & $0.272559$ & $-0.286184$ & $0.00018364$ & $0.222514$ & $0.318775$ & $0.273134$ & $-0.103376$ \\
CHD & $0.00688647$ & $-0.0222568$ & $0.0562516$ & $-0.13001$ & $0.0436865$ & $0.023606$ & $0.202906$ & $-0.86067$ & $-0.863605$ & $0.176187$ & $1$ & $0.26271$ & $-0.233782$ & $-0.0116039$ & $-0.0164754$ & $0.0574296$ & $0.287657$ & $0.30507$ & $0.259968$ & $-0.878444$ & $-0.642008$ & $-0.640778$ & $-0.0296631$ & $0.423978$ & $0.309074$ & $0.199012$ & $-0.257384$ & $-0.0901128$ & $0.0587726$ & $-0.216951$ & $0.0559442$ & $0.176775$ & $-0.222536$ & $-0.485674$ & $-0.0723617$ & $-0.0782087$ & $-0.0321363$ & $0.0999161$ & $-0.0318167$ & $0.187262$ & $0.131231$ & $-0.0479448$ & $0.10425$ & $-0.127718$ & $-0.0351641$ & $0.166175$ & $0.190093$ & $0.0619969$ & $-0.176968$ \\
CHbox & $0.0782401$ & $0.0229874$ & $-0.199296$ & $-0.168614$ & $-0.0611308$ & $0.0661968$ & $0.869737$ & $-0.517977$ & $-0.474775$ & $0.533355$ & $0.26271$ & $1$ & $-0.950887$ & $0.563984$ & $0.397538$ & $0.474489$ & $0.559627$ & $0.242705$ & $0.160671$ & $-0.329621$ & $-0.368389$ & $-0.335852$ & $-0.356918$ & $0.51506$ & $0.182186$ & $0.180607$ & $-0.571529$ & $-0.0861368$ & $-0.0973989$ & $-0.680069$ & $0.0640469$ & $0.834998$ & $-0.671149$ & $-0.556498$ & $-7.65389e-05$ & $0.0124635$ & $-0.231247$ & $-0.0177248$ & $-0.187167$ & $0.492311$ & $0.595998$ & $0.0379354$ & $0.637681$ & $-0.436183$ & $-0.0967018$ & $0.228458$ & $0.661243$ & $0.208731$ & $-0.279625$ \\
CH & $-0.149133$ & $0.0362433$ & $0.232968$ & $0.0796277$ & $-0.0315459$ & $-0.0850864$ & $-0.886115$ & $0.48103$ & $0.437853$ & $-0.47523$ & $-0.233782$ & $-0.950887$ & $1$ & $-0.571347$ & $-0.418181$ & $-0.514799$ & $-0.548128$ & $-0.225265$ & $-0.123493$ & $0.329777$ & $0.364359$ & $0.342658$ & $0.364645$ & $-0.491863$ & $-0.135743$ & $-0.153877$ & $0.607415$ & $0.106165$ & $0.11257$ & $0.745571$ & $-0.0414833$ & $-0.836015$ & $0.734093$ & $0.535891$ & $-0.158625$ & $0.152253$ & $0.165791$ & $-0.0240143$ & $0.294068$ & $-0.36619$ & $-0.653646$ & $-0.14874$ & $-0.716803$ & $0.323192$ & $-0.0352997$ & $-0.292871$ & $-0.646294$ & $-0.186454$ & $0.297838$ \\
CHL1_11 & $0.136298$ & $-0.104843$ & $-0.233387$ & $0.0179361$ & $0.0247704$ & $0.125735$ & $0.487849$ & $-0.418306$ & $-0.399317$ & $0.769963$ & $-0.0116039$ & $0.563984$ & $-0.571347$ & $1$ & $0.310544$ & $0.410391$ & $0.740688$ & $0.523693$ & $0.409768$ & $-0.22058$ & $-0.159813$ & $-0.154206$ & $-0.191324$ & $0.602779$ & $0.471629$ & $0.0356415$ & $-0.457886$ & $0.00676202$ & $-0.099695$ & $-0.434414$ & $0.0400231$ & $0.439271$ & $-0.40413$ & $-0.42575$ & $0.00574037$ & $-0.188597$ & $-0.183271$ & $0.0429581$ & $-0.211116$ & $0.27254$ & $0.255774$ & $-0.0144744$ & $0.320945$ & $-0.259288$ & $-0.0021652$ & $0.237069$ & $0.31267$ & $0.290851$ & $-0.216066$ \\
CHL1_22 & $-0.191746$ & $-0.42389$ & $-0.0820624$ & $-0.161653$ & $-0.0275473$ & $0.027852$ & $0.354507$ & $-0.129119$ & $-0.126278$ & $0.176115$ & $-0.0164754$ & $0.397538$ & $-0.418181$ & $0.310544$ & $1$ & $0.568597$ & $0.217689$ & $-0.371346$ & $-0.211692$ & $-0.0510136$ & $-0.33116$ & $-0.262906$ & $-0.202634$ & $0.356436$ & $-0.214401$ & $-0.0692492$ & $-0.651248$ & $-0.0681206$ & $-0.152$ & $-0.356496$ & $0.00181111$ & $0.334966$ & $-0.436126$ & $-0.668609$ & $0.182537$ & $0.0655604$ & $-0.0457794$ & $0.134173$ & $-0.110359$ & $0.128933$ & $0.320837$ & $0.0973611$ & $0.134369$ & $0.0263663$ & $-0.159395$ & $0.146946$ & $0.163744$ & $0.0649744$ & $-0.539077$ \\
CHL1_33 & $-0.0857107$ & $-0.494909$ & $-0.1786$ & $-0.0581478$ & $-0.0203184$ & $0.0546967$ & $0.421909$ & $-0.233064$ & $-0.221184$ & $0.263683$ & $0.0574296$ & $0.474489$ & $-0.514799$ & $0.410391$ & $0.568597$ & $1$ & $0.313538$ & $-0.0499138$ & $-0.389693$ & $-0.144002$ & $-0.376659$ & $-0.403506$ & $-0.261466$ & $0.458063$ & $-0.180556$ & $-0.0948764$ & $-0.767809$ & $-0.0981717$ & $-0.0710087$ & $-0.457369$ & $0.011238$ & $0.376167$ & $-0.498214$ & $-0.547899$ & $0.215438$ & $-0.0636107$ & $-0.149687$ & $0.10311$ & $-0.269914$ & $0.189195$ & $0.39572$ & $0.103052$ & $0.251816$ & $0.0363261$ & $-0.113726$ & $0.238063$ & $0.260269$ & $0.218875$ & $-0.608691$ \\
CHL3_11 & $0.193011$ & $-0.0211103$ & $-0.233347$ & $0.0153778$ & $0.0306065$ & $-0.135922$ & $0.451783$ & $-0.68181$ & $-0.664311$ & $0.827241$ & $0.287657$ & $0.559627$ & $-0.548128$ & $0.740688$ & $0.217689$ & $0.313538$ & $1$ & $0.678876$ & $0.576586$ & $-0.484478$ & $-0.328503$ & $-0.296179$ & $-0.152484$ & $0.722103$ & $0.669935$ & $0.163096$ & $-0.389701$ & $0.0199215$ & $-0.0752825$ & $-0.423631$ & $0.117357$ & $0.396996$ & $-0.3659$ & $-0.422918$ & $-0.107946$ & $-0.228926$ & $-0.207211$ & $0.0128558$ & $-0.187953$ & $0.331691$ & $0.188363$ & $-0.0929588$ & $0.312967$ & $-0.359708$ & $0.0344545$ & $0.251566$ & $0.334635$ & $0.317823$ & $-0.126113$ \\
CHL3_22 & $0.253505$ & $0.189463$ & $-0.106119$ & $0.0773964$ & $0.0451182$ & $-0.0537919$ & $0.17657$ & $-0.563224$ & $-0.551933$ & $0.630564$ & $0.30507$ & $0.242705$ & $-0.225265$ & $0.523693$ & $-0.371346$ & $-0.0499138$ & $0.678876$ & $1$ & $0.670259$ & $-0.402121$ & $-0.165853$ & $-0.157385$ & $0.0260603$ & $0.462977$ & $0.776487$ & $0.138682$ & $0.0134665$ & $0.0455626$ & $0.0183864$ & $-0.176731$ & $0.0802408$ & $0.140438$ & $-0.0933206$ & $0.0873372$ & $-0.181599$ & $-0.273326$ & $-0.0999617$ & $0.0238095$ & $-0.0718753$ & $0.160866$ & $-0.0231091$ & $-0.109559$ & $0.16552$ & $-0.2927$ & $0.14827$ & $0.165226$ & $0.1526$ & $0.201236$ & $0.172147$ \\
CHL3_33 & $0.228368$ & $0.297632$ & $-0.0512388$ & $0.0522341$ & $0.0542317$ & $-0.0665879$ & $0.0989055$ & $-0.472396$ & $-0.465267$ & $0.532204$ & $0.259968$ & $0.160671$ & $-0.123493$ & $0.409768$ & $-0.211692$ & $-0.389693$ & $0.576586$ & $0.670259$ & $1$ & $-0.33817$ & $-0.0718579$ & $-0.076275$ & $0.07182$ & $0.340726$ & $0.773056$ & $0.163152$ & $0.172271$ & $0.0745488$ & $-0.0234479$ & $-0.0625796$ & $0.0758776$ & $0.0819224$ & $0.0127766$ & $-0.0292114$ & $-0.251923$ & $-0.184207$ & $-0.0911847$ & $-0.0505988$ & $0.00486004$ & $0.153086$ & $-0.119275$ & $-0.156711$ & $0.0961465$ & $-0.31489$ & $0.117213$ & $0.0841468$ & $0.109923$ & $0.128635$ & $0.269954$ \\
CHe_11 & $-0.0189675$ & $0.100051$ & $0.0371094$ & $0.146288$ & $0.000572941$ & $-0.0205004$ & $-0.270587$ & $0.86054$ & $0.861621$ & $-0.295655$ & $-0.878444$ & $-0.329621$ & $0.329777$ & $-0.22058$ & $-0.0510136$ & $-0.144002$ & $-0.484478$ & $-0.402121$ & $-0.33817$ & $1$ & $0.654098$ & $0.663199$ & $0.0522567$ & $-0.540655$ & $-0.39915$ & $-0.195794$ & $0.346231$ & $0.0606053$ & $-0.0122796$ & $0.274253$ & $-0.0549622$ & $-0.217098$ & $0.28782$ & $0.47796$ & $0.0978178$ & $0.118992$ & $0.0645732$ & $-0.119088$ & $0.0552101$ & $-0.227585$ & $-0.141236$ & $0.0850748$ & $-0.147161$ & $0.215731$ & $0.0369194$ & $-0.178261$ & $-0.197829$ & $-0.149844$ & $0.213477$ \\
CHe_22 & $0.0895255$ & $0.305141$ & $0.0366585$ & $0.152218$ & $0.021843$ & $0.00928078$ & $-0.29949$ & $0.643998$ & $0.646382$ & $-0.198176$ & $-0.642008$ & $-0.368389$ & $0.364359$ & $-0.159813$ & $-0.33116$ & $-0.376659$ & $-0.328503$ & $-0.165853$ & $-0.0718579$ & $0.654098$ & $1$ & $0.615491$ & $0.0649692$ & $-0.500069$ & $-0.132275$ & $-0.0385042$ & $0.549531$ & $0.0726228$ & $-0.00872214$ & $0.316607$ & $-0.0169765$ & $-0.259356$ & $0.364438$ & $0.552524$ & $0.0149071$ & $0.0402966$ & $0.121448$ & $-0.102665$ & $0.103876$ & $-0.227966$ & $-0.186067$ & $0.041165$ & $-0.108476$ & $0.0943454$ & $0.1239$ & $-0.186367$ & $-0.201376$ & $-0.142583$ & $0.415382$ \\
CHe_33 & $0.0599118$ & $0.299232$ & $0.0353105$ & $0.138336$ & $0.00853182$ & $-0.0285026$ & $-0.28101$ & $0.625218$ & $0.62507$ & $-0.174198$ & $-0.640778$ & $-0.335852$ & $0.342658$ & $-0.154206$ & $-0.262906$ & $-0.403506$ & $-0.296179$ & $-0.157385$ & $-0.076275$ & $0.663199$ & $0.615491$ & $1$ & $0.10463$ & $-0.483989$ & $-0.118749$ & $-0.0361872$ & $0.540161$ & $0.0880601$ & $0.00952742$ & $0.317611$ & $-0.0367335$ & $-0.230399$ & $0.365941$ & $0.524448$ & $-0.00150738$ & $0.0865969$ & $0.0891618$ & $-0.132332$ & $0.105309$ & $-0.23426$ & $-0.188474$ & $0.0405061$ & $-0.108339$ & $0.0840866$ & $0.0746168$ & $-0.239839$ & $-0.198205$ & $-0.142104$ & $0.409487$ \\
CHQ1_11 & $-0.0717704$ & $0.0645576$ & $0.130787$ & $-0.0608142$ & $0.0292216$ & $-0.0316838$ & $-0.323294$ & $0.119056$ & $0.103412$ & $-0.159254$ & $-0.0296631$ & $-0.356918$ & $0.364645$ & $-0.191324$ & $-0.202634$ & $-0.261466$ & $-0.152484$ & $0.0260603$ & $0.07182$ & $0.0522567$ & $0.0649692$ & $0.10463$ & $1$ & $-0.131196$ & $0.0847219$ & $-0.494625$ & $0.346443$ & $0.0641964$ & $0.0151127$ & $0.284494$ & $-0.0658498$ & $-0.31675$ & $0.292497$ & $0.243836$ & $-0.181922$ & $0.0347358$ & $0.0935098$ & $0.0258964$ & $0.240658$ & $-0.22591$ & $-0.332108$ & $-0.10742$ & $-0.267424$ & $0.019429$ & $0.00461946$ & $-0.168155$ & $-0.335057$ & $-0.109425$ & $0.240252$ \\
CHQ1_33 & $0.00115047$ & $-0.186938$ & $-0.106306$ & $-0.185316$ & $-0.0321005$ & $0.0271054$ & $0.399032$ & $-0.690036$ & $-0.683107$ & $0.611891$ & $0.423978$ & $0.51506$ & $-0.491863$ & $0.602779$ & $0.356436$ & $0.458063$ & $0.722103$ & $0.462977$ & $0.340726$ & $-0.540655$ & $-0.500069$ & $-0.483989$ & $-0.131196$ & $1$ & $0.439463$ & $0.11037$ & $-0.519111$ & $0.106249$ & $-0.0270333$ & $-0.43098$ & $0.0442478$ & $0.334278$ & $-0.429525$ & $-0.570939$ & $-0.153997$ & $-0.0925852$ & $-0.174446$ & $0.113832$ & $-0.0945631$ & $0.318514$ & $0.170558$ & $-0.144842$ & $0.213643$ & $-0.303343$ & $-0.126277$ & $0.197422$ & $0.227794$ & $0.266525$ & $-0.312296$ \\
CHQ3_11 & $0.19884$ & $0.301311$ & $-0.00688747$ & $0.0148085$ & $0.00651467$ & $-0.0661479$ & $0.102629$ & $-0.55929$ & $-0.55084$ & $0.60981$ & $0.309074$ & $0.182186$ & $-0.135743$ & $0.471629$ & $-0.214401$ & $-0.180556$ & $0.669935$ & $0.776487$ & $0.773056$ & $-0.39915$ & $-0.132275$ & $-0.118749$ & $0.0847219$ & $0.439463$ & $1$ & $0.188258$ & $0.198267$ & $0.0769649$ & $0.0202613$ & $-0.0854906$ & $0.120854$ & $0.0743962$ & $-0.00416014$ & $-0.0565421$ & $-0.293915$ & $-0.164325$ & $-0.09613$ & $-0.0183081$ & $0.0529472$ & $0.166365$ & $-0.102562$ & $-0.175503$ & $0.10618$ & $-0.344535$ & $0.0895456$ & $0.111789$ & $0.126062$ & $0.125282$ & $0.275555$ \\
CHu_11 & $0.194281$ & $0.315094$ & $-0.0252851$ & $0.0695535$ & $-0.00682613$ & $0.0217261$ & $0.13668$ & $-0.219272$ & $-0.205906$ & $0.124518$ & $0.199012$ & $0.180607$ & $-0.153877$ & $0.0356415$ & $-0.0692492$ & $-0.0948764$ & $0.163096$ & $0.138682$ & $0.163152$ & $-0.195794$ & $-0.0385042$ & $-0.0361872$ & $-0.494625$ & $0.11037$ & $0.188258$ & $1$ & $0.184119$ & $-0.00778345$ & $-0.0260731$ & $-0.0928481$ & $0.139176$ & $0.140706$ & $-0.031088$ & $-0.0414068$ & $-0.128896$ & $-0.0229725$ & $-0.12928$ & $-0.101685$ & $-0.0643496$ & $0.247361$ & $0.0862074$ & $-0.0649081$ & $0.246666$ & $-0.252692$ & $0.0842462$ & $0.0845143$ & $0.285513$ & $0.0465833$ & $0.238184$ \\
CHd_11 & $0.155019$ & $0.631445$ & $0.230468$ & $0.138625$ & $0.0166431$ & $-0.058255$ & $-0.505479$ & $0.421918$ & $0.416443$ & $-0.328645$ & $-0.257384$ & $-0.571529$ & $0.607415$ & $-0.457886$ & $-0.651248$ & $-0.767809$ & $-0.389701$ & $0.0134665$ & $0.172271$ & $0.346231$ & $0.549531$ & $0.540161$ & $0.346443$ & $-0.519111$ & $0.198267$ & $0.184119$ & $1$ & $0.107291$ & $0.0763736$ & $0.531389$ & $0.0546383$ & $-0.457384$ & $0.610255$ & $0.722587$ & $-0.247335$ & $0.0783732$ & $0.119066$ & $-0.169937$ & $0.292861$ & $-0.220673$ & $-0.423809$ & $-0.0966443$ & $-0.210415$ & $-0.0287325$ & $0.168794$ & $-0.246569$ & $-0.248385$ & $-0.255242$ & $0.776166$ \\
CHd_33 & $-0.0626449$ & $-0.0553521$ & $0.00739319$ & $-0.103104$ & $-0.0668055$ & $-0.0821679$ & $-0.101233$ & $0.0679933$ & $0.0567741$ & $-0.00243152$ & $-0.0901128$ & $-0.0861368$ & $0.106165$ & $0.00676202$ & $-0.0681206$ & $-0.0981717$ & $0.0199215$ & $0.0455626$ & $0.0745488$ & $0.0606053$ & $0.0726228$ & $0.0880601$ & $0.0641964$ & $0.106249$ & $0.0769649$ & $-0.00778345$ & $0.107291$ & $1$ & $-0.0130707$ & $0.0463937$ & $-0.0154677$ & $-0.121247$ & $0.0357414$ & $0.0873496$ & $-0.162664$ & $0.00775509$ & $0.083727$ & $0.0918594$ & $0.192962$ & $-0.018257$ & $-0.175261$ & $-0.128516$ & $-0.163074$ & $-0.169421$ & $0.051142$ & $-0.0292247$ & $-0.14171$ & $-0.0189818$ & $0.122405$ \\
CeH_22r & $-0.077965$ & $0.0166368$ & $-0.046303$ & $-0.0420604$ & $-0.0544002$ & $0.000729246$ & $-0.0941239$ & $-0.00937791$ & $-0.0105343$ & $-0.0454605$ & $0.0587726$ & $-0.0973989$ & $0.11257$ & $-0.099695$ & $-0.152$ & $-0.0710087$ & $-0.0752825$ & $0.0183864$ & $-0.0234479$ & $-0.0122796$ & $-0.00872214$ & $0.00952742$ & $0.0151127$ & $-0.0270333$ & $0.0202613$ & $-0.0260731$ & $0.0763736$ & $-0.0130707$ & $1$ & $0.0668201$ & $-0.0300224$ & $-0.0999731$ & $0.0847441$ & $0.0519371$ & $-0.00835165$ & $0.0428485$ & $0.083097$ & $0.0329588$ & $0.0570254$ & $-0.0805423$ & $-0.0619693$ & $0.0282372$ & $-0.0781544$ & $0.020326$ & $-0.0469993$ & $-0.139473$ & $-0.139606$ & $-0.0461614$ & $0.0363828$ \\
CeH_33r & $0.0174889$ & $0.142285$ & $0.232546$ & $0.145843$ & $-0.0155575$ & $-0.0141132$ & $-0.668966$ & $0.39631$ & $0.384961$ & $-0.370426$ & $-0.216951$ & $-0.680069$ & $0.745571$ & $-0.434414$ & $-0.356496$ & $-0.457369$ & $-0.423631$ & $-0.176731$ & $-0.0625796$ & $0.274253$ & $0.316607$ & $0.317611$ & $0.284494$ & $-0.43098$ & $-0.0854906$ & $-0.0928481$ & $0.531389$ & $0.0463937$ & $0.0668201$ & $1$ & $0.22603$ & $-0.563568$ & $0.857819$ & $0.452004$ & $-0.250736$ & $0.0761122$ & $-0.0578241$ & $-0.189046$ & $0.124154$ & $-0.138825$ & $-0.583441$ & $-0.25891$ & $-0.50969$ & $0.214787$ & $-0.0757439$ & $-0.176689$ & $-0.372288$ & $-0.00887911$ & $0.2698$ \\
CuH_22r & $0.289954$ & $0.185188$ & $0.171344$ & $0.21793$ & $0.112249$ & $-0.0168923$ & $0.0435328$ & $-0.0918005$ & $-0.068798$ & $0.0832551$ & $0.0559442$ & $0.0640469$ & $-0.0414833$ & $0.0400231$ & $0.00181111$ & $0.011238$ & $0.117357$ & $0.0802408$ & $0.0758776$ & $-0.0549622$ & $-0.0169765$ & $-0.0367335$ & $-0.0658498$ & $0.0442478$ & $0.120854$ & $0.139176$ & $0.0546383$ & $-0.0154677$ & $-0.0300224$ & $0.22603$ & $1$ & $0.10663$ & $0.235782$ & $-0.0141172$ & $-0.121914$ & $-0.162934$ & $-0.295938$ & $-0.205409$ & $-0.247968$ & $0.242224$ & $-0.0267628$ & $-0.140805$ & $0.116651$ & $0.0288227$ & $0.0465431$ & $0.257891$ & $0.327894$ & $0.198273$ & $0.0118478$ \\
CuH_33r & $0.16386$ & $0.0981802$ & $-0.130505$ & $-0.012842$ & $0.0121219$ & $0.112992$ & $0.968036$ & $-0.366521$ & $-0.317309$ & $0.389761$ & $0.176775$ & $0.834998$ & $-0.836015$ & $0.439271$ & $0.334966$ & $0.376167$ & $0.396996$ & $0.140438$ & $0.0819224$ & $-0.217098$ & $-0.259356$ & $-0.230399$ & $-0.31675$ & $0.334278$ & $0.0743962$ & $0.140706$ & $-0.457384$ & $-0.121247$ & $-0.0999731$ & $-0.563568$ & $0.10663$ & $1$ & $-0.533165$ & $-0.422967$ & $0.138141$ & $-0.0664501$ & $-0.180104$ & $-0.0632345$ & $-0.26592$ & $0.375111$ & $0.60206$ & $0.139708$ & $0.591354$ & $-0.224806$ & $0.0174505$ & $0.291663$ & $0.671677$ & $0.15309$ & $-0.232194$ \\
CdH_33r & $0.192774$ & $0.276663$ & $0.157423$ & $0.254954$ & $0.0465227$ & $-0.0490037$ & $-0.65309$ & $0.371744$ & $0.369239$ & $-0.31865$ & $-0.222536$ & $-0.671149$ & $0.734093$ & $-0.40413$ & $-0.436126$ & $-0.498214$ & $-0.3659$ & $-0.0933206$ & $0.0127766$ & $0.28782$ & $0.364438$ & $0.365941$ & $0.292497$ & $-0.429525$ & $-0.00416014$ & $-0.031088$ & $0.610255$ & $0.0357414$ & $0.0847441$ & $0.857819$ & $0.235782$ & $-0.533165$ & $1$ & $0.496147$ & $-0.319138$ & $-0.001285$ & $-0.172721$ & $-0.312064$ & $0.0336833$ & $-0.095146$ & $-0.670792$ & $-0.343465$ & $-0.434687$ & $0.132829$ & $-0.0642174$ & $-0.193626$ & $-0.347797$ & $0.124755$ & $0.453684$ \\
CLL_1221 & $0.120527$ & $0.397328$ & $0.129663$ & $0.158791$ & $0.0373321$ & $-0.0837783$ & $-0.453241$ & $0.657163$ & $0.653031$ & $-0.391946$ & $-0.485674$ & $-0.556498$ & $0.535891$ & $-0.42575$ & $-0.668609$ & $-0.547899$ & $-0.422918$ & $0.0873372$ & $-0.0292114$ & $0.47796$ & $0.552524$ & $0.524448$ & $0.243836$ & $-0.570939$ & $-0.0565421$ & $-0.0414068$ & $0.722587$ & $0.0873496$ & $0.0519371$ & $0.452004$ & $-0.0141172$ & $-0.422967$ & $0.496147$ & $1$ & $-0.10727$ & $0.0226377$ & $0.114505$ & $-0.131744$ & $0.172658$ & $-0.263719$ & $-0.34618$ & $-0.0290778$ & $-0.192465$ & $0.0922491$ & $0.163573$ & $-0.231389$ & $-0.274345$ & $-0.18176$ & $0.567427$ \\
eHggint & $-0.105386$ & $-0.225305$ & $-0.144531$ & $0.237342$ & $0.243705$ & $0.0138635$ & $0.127801$ & $0.0976234$ & $0.0890816$ & $-0.078539$ & $-0.0723617$ & $-7.65389e-05$ & $-0.158625$ & $0.00574037$ & $0.182537$ & $0.215438$ & $-0.107946$ & $-0.181599$ & $-0.251923$ & $0.0978178$ & $0.0149071$ & $-0.00150738$ & $-0.181922$ & $-0.153997$ & $-0.293915$ & $-0.128896$ & $-0.247335$ & $-0.162664$ & $-0.00835165$ & $-0.250736$ & $-0.121914$ & $0.138141$ & $-0.319138$ & $-0.10727$ & $1$ & $-0.12949$ & $0.502346$ & $0.286343$ & $-0.242377$ & $-0.536227$ & $0.627913$ & $0.848119$ & $0.221181$ & $0.599307$ & $0.393207$ & $0.0920452$ & $0.0424412$ & $-0.431874$ & $-0.188796$ \\
eHggpar & $-0.72636$ & $0.0334175$ & $0.0686793$ & $-0.586712$ & $-0.339889$ & $-0.0111685$ & $-0.0905006$ & $0.164007$ & $0.147692$ & $-0.178796$ & $-0.0782087$ & $0.0124635$ & $0.152253$ & $-0.188597$ & $0.0655604$ & $-0.0636107$ & $-0.228926$ & $-0.273326$ & $-0.184207$ & $0.118992$ & $0.0402966$ & $0.0865969$ & $0.0347358$ & $-0.0925852$ & $-0.164325$ & $-0.0229725$ & $0.0783732$ & $0.00775509$ & $0.0428485$ & $0.0761122$ & $-0.162934$ & $-0.0664501$ & $-0.001285$ & $0.0226377$ & $-0.12949$ & $1$ & $0.15466$ & $0.00223985$ & $0.576384$ & $0.015826$ & $0.070242$ & $0.0358677$ & $-0.192077$ & $-0.194731$ & $-0.579232$ & $-0.61124$ & $-0.244407$ & $-0.411251$ & $0.0247578$ \\
eHWWint & $-0.527365$ & $-0.161334$ & $-0.00271453$ & $-0.415521$ & $-0.0138294$ & $-0.0895299$ & $-0.166952$ & $0.138688$ & $0.1052$ & $-0.215717$ & $-0.0321363$ & $-0.231247$ & $0.165791$ & $-0.183271$ & $-0.0457794$ & $-0.149687$ & $-0.207211$ & $-0.0999617$ & $-0.0911847$ & $0.0645732$ & $0.121448$ & $0.0891618$ & $0.0935098$ & $-0.174446$ & $-0.09613$ & $-0.12928$ & $0.119066$ & $0.083727$ & $0.083097$ & $-0.0578241$ & $-0.295938$ & $-0.180104$ & $-0.172721$ & $0.114505$ & $0.502346$ & $0.15466$ & $1$ & $0.652233$ & $0.578683$ & $-0.730712$ & $0.360481$ & $0.625892$ & $-0.161653$ & $0.13519$ & $0.390631$ & $-0.217616$ & $-0.444313$ & $-0.768494$ & $0.0468184$ \\
eHWWpar & $-0.467847$ & $-0.371761$ & $0.133218$ & $-0.436891$ & $-0.0670797$ & $-0.0465657$ & $-0.0264624$ & $-0.0853018$ & $-0.115098$ & $-0.0247529$ & $0.0999161$ & $-0.0177248$ & $-0.0240143$ & $0.0429581$ & $0.134173$ & $0.10311$ & $0.0128558$ & $0.0238095$ & $-0.0505988$ & $-0.119088$ & $-0.102665$ & $-0.132332$ & $0.0258964$ & $0.113832$ & $-0.0183081$ & $-0.101685$ & $-0.169937$ & $0.0918594$ & $0.0329588$ & $-0.189046$ & $-0.205409$ & $-0.0632345$ & $-0.312064$ & $-0.131744$ & $0.286343$ & $0.00223985$ & $0.652233$ & $1$ & $0.395404$ & $-0.345242$ & $0.32465$ & $0.325594$ & $-0.140229$ & $0.048296$ & $0.263564$ & $0.0588632$ & $-0.275318$ & $-0.478134$ & $-0.238581$ \\
eHZZint & $-0.658412$ & $-0.00048958$ & $0.169487$ & $-0.681068$ & $-0.286304$ & $-0.082319$ & $-0.253383$ & $0.129928$ & $0.0996221$ & $-0.194091$ & $-0.0318167$ & $-0.187167$ & $0.294068$ & $-0.211116$ & $-0.110359$ & $-0.269914$ & $-0.187953$ & $-0.0718753$ & $0.00486004$ & $0.0552101$ & $0.103876$ & $0.105309$ & $0.240658$ & $-0.0945631$ & $0.0529472$ & $-0.0643496$ & $0.292861$ & $0.192962$ & $0.0570254$ & $0.124154$ & $-0.247968$ & $-0.26592$ & $0.0336833$ & $0.172658$ & $-0.242377$ & $0.576384$ & $0.578683$ & $0.395404$ & $1$ & $-0.296712$ & $-0.0787059$ & $0.0764145$ & $-0.341209$ & $-0.333484$ & $-0.0429458$ & $-0.379555$ & $-0.461346$ & $-0.605202$ & $0.177619$ \\
eHZZpar & $0.366252$ & $0.220356$ & $0.0971716$ & $0.0941906$ & $-0.14453$ & $0.0562326$ & $0.372718$ & $-0.325844$ & $-0.301223$ & $0.303767$ & $0.187262$ & $0.492311$ & $-0.36619$ & $0.27254$ & $0.128933$ & $0.189195$ & $0.331691$ & $0.160866$ & $0.153086$ & $-0.227585$ & $-0.227966$ & $-0.23426$ & $-0.22591$ & $0.318514$ & $0.166365$ & $0.247361$ & $-0.220673$ & $-0.018257$ & $-0.0805423$ & $-0.138825$ & $0.242224$ & $0.375111$ & $-0.095146$ & $-0.263719$ & $-0.536227$ & $0.015826$ & $-0.730712$ & $-0.345242$ & $-0.296712$ & $1$ & $-0.0822747$ & $-0.59417$ & $0.0968908$ & $-0.371996$ & $-0.360152$ & $0.330863$ & $0.612448$ & $0.582762$ & $-0.189665$ \\
eHZgaint & $-0.182701$ & $-0.0350634$ & $-0.00178184$ & $-0.165926$ & $0.0900085$ & $0.0443356$ & $0.615098$ & $-0.215958$ & $-0.1974$ & $0.167064$ & $0.131231$ & $0.595998$ & $-0.653646$ & $0.255774$ & $0.320837$ & $0.39572$ & $0.188363$ & $-0.0231091$ & $-0.119275$ & $-0.141236$ & $-0.186067$ & $-0.188474$ & $-0.332108$ & $0.170558$ & $-0.102562$ & $0.0862074$ & $-0.423809$ & $-0.175261$ & $-0.0619693$ & $-0.583441$ & $-0.0267628$ & $0.60206$ & $-0.670792$ & $-0.34618$ & $0.627913$ & $0.070242$ & $0.360481$ & $0.32465$ & $-0.0787059$ & $-0.0822747$ & $1$ & $0.697354$ & $0.576466$ & $0.132959$ & $0.226366$ & $0.208681$ & $0.483236$ & $-0.379761$ & $-0.32831$ \\
eHZgapar & $-0.255327$ & $-0.0821004$ & $-0.0926856$ & $0.0828041$ & $0.182113$ & $-0.0264193$ & $0.133882$ & $0.0785997$ & $0.0710719$ & $-0.0622393$ & $-0.0479448$ & $0.0379354$ & $-0.14874$ & $-0.0144744$ & $0.0973611$ & $0.103052$ & $-0.0929588$ & $-0.109559$ & $-0.156711$ & $0.0850748$ & $0.041165$ & $0.0405061$ & $-0.10742$ & $-0.144842$ & $-0.175503$ & $-0.0649081$ & $-0.0966443$ & $-0.128516$ & $0.0282372$ & $-0.25891$ & $-0.140805$ & $0.139708$ & $-0.343465$ & $-0.0290778$ & $0.848119$ & $0.0358677$ & $0.625892$ & $0.325594$ & $0.0764145$ & $-0.59417$ & $0.697354$ & $1$ & $0.270935$ & $0.409801$ & $0.465904$ & $0.0403347$ & $0.0445443$ & $-0.639783$ & $-0.0686881$ \\
eHgagaint & $0.293208$ & $0.255069$ & $-0.130003$ & $0.0519837$ & $0.172158$ & $0.0678334$ & $0.62096$ & $-0.243483$ & $-0.186754$ & $0.272559$ & $0.10425$ & $0.637681$ & $-0.716803$ & $0.320945$ & $0.134369$ & $0.251816$ & $0.312967$ & $0.16552$ & $0.0961465$ & $-0.147161$ & $-0.108476$ & $-0.108339$ & $-0.267424$ & $0.213643$ & $0.10618$ & $0.246666$ & $-0.210415$ & $-0.163074$ & $-0.0781544$ & $-0.50969$ & $0.116651$ & $0.591354$ & $-0.434687$ & $-0.192465$ & $0.221181$ & $-0.192077$ & $-0.161653$ & $-0.140229$ & $-0.341209$ & $0.0968908$ & $0.576466$ & $0.270935$ & $1$ & $-0.142943$ & $0.128931$ & $0.11255$ & $0.554879$ & $0.0770562$ & $0.0980369$ \\
eHmumuint & $-0.0185311$ & $-0.166243$ & $0.377031$ & $0.314683$ & $0.197329$ & $0.072021$ & $-0.271463$ & $0.271557$ & $0.254233$ & $-0.286184$ & $-0.127718$ & $-0.436183$ & $0.323192$ & $-0.259288$ & $0.0263663$ & $0.0363261$ & $-0.359708$ & $-0.2927$ & $-0.31489$ & $0.215731$ & $0.0943454$ & $0.0840866$ & $0.019429$ & $-0.303343$ & $-0.344535$ & $-0.252692$ & $-0.0287325$ & $-0.169421$ & $0.020326$ & $0.214787$ & $0.0288227$ & $-0.224806$ & $0.132829$ & $0.0922491$ & $0.599307$ & $-0.194731$ & $0.13519$ & $0.048296$ & $-0.333484$ & $-0.371996$ & $0.132959$ & $0.409801$ & $-0.142943$ & $1$ & $0.0581987$ & $0.198099$ & $-0.024873$ & $-0.196772$ & $-0.31746$ \\
eHtautauint & $0.355896$ & $0.0950161$ & $-0.123974$ & $0.414378$ & $0.311126$ & $-0.0728916$ & $0.0243289$ & $0.0287198$ & $0.0284004$ & $0.00018364$ & $-0.0351641$ & $-0.0967018$ & $-0.0352997$ & $-0.0021652$ & $-0.159395$ & $-0.113726$ & $0.0344545$ & $0.14827$ & $0.117213$ & $0.0369194$ & $0.1239$ & $0.0746168$ & $0.00461946$ & $-0.126277$ & $0.0895456$ & $0.0842462$ & $0.168794$ & $0.051142$ & $-0.0469993$ & $-0.0757439$ & $0.0465431$ & $0.0174505$ & $-0.0642174$ & $0.163573$ & $0.393207$ & $-0.579232$ & $0.390631$ & $0.263564$ & $-0.0429458$ & $-0.360152$ & $0.226366$ & $0.465904$ & $0.128931$ & $0.0581987$ & $1$ & $0.474873$ & $0.135426$ & $-0.221173$ & $0.202534$ \\
eHccint & $0.489424$ & $0.0222669$ & $0.337464$ & $0.468329$ & $0.20534$ & $0.062112$ & $0.288836$ & $-0.266437$ & $-0.255408$ & $0.222514$ & $0.166175$ & $0.228458$ & $-0.292871$ & $0.237069$ & $0.146946$ & $0.238063$ & $0.251566$ & $0.165226$ & $0.0841468$ & $-0.178261$ & $-0.186367$ & $-0.239839$ & $-0.168155$ & $0.197422$ & $0.111789$ & $0.0845143$ & $-0.246569$ & $-0.0292247$ & $-0.139473$ & $-0.176689$ & $0.257891$ & $0.291663$ & $-0.193626$ & $-0.231389$ & $0.0920452$ & $-0.61124$ & $-0.217616$ & $0.0588632$ & $-0.379555$ & $0.330863$ & $0.208681$ & $0.0403347$ & $0.11255$ & $0.198099$ & $0.474873$ & $1$ & $0.642614$ & $0.20582$ & $-0.33843$ \\
eHccpar & $0.478392$ & $0.362217$ & $0.202021$ & $0.320385$ & $0.130602$ & $0.0621077$ & $0.657963$ & $-0.330405$ & $-0.287043$ & $0.318775$ & $0.190093$ & $0.661243$ & $-0.646294$ & $0.31267$ & $0.163744$ & $0.260269$ & $0.334635$ & $0.1526$ & $0.109923$ & $-0.197829$ & $-0.201376$ & $-0.198205$ & $-0.335057$ & $0.227794$ & $0.126062$ & $0.285513$ & $-0.248385$ & $-0.14171$ & $-0.139606$ & $-0.372288$ & $0.327894$ & $0.671677$ & $-0.347797$ & $-0.274345$ & $0.0424412$ & $-0.244407$ & $-0.444313$ & $-0.275318$ & $-0.461346$ & $0.612448$ & $0.483236$ & $0.0445443$ & $0.554879$ & $-0.024873$ & $0.135426$ & $0.642614$ & $1$ & $0.231441$ & $-0.181913$ \\
eHbbint & $0.585378$ & $-0.0578438$ & $-0.277948$ & $0.354107$ & $0.0526292$ & $0.0519491$ & $0.16505$ & $-0.213363$ & $-0.187203$ & $0.273134$ & $0.0619969$ & $0.208731$ & $-0.186454$ & $0.290851$ & $0.0649744$ & $0.218875$ & $0.317823$ & $0.201236$ & $0.128635$ & $-0.149844$ & $-0.142583$ & $-0.142104$ & $-0.109425$ & $0.266525$ & $0.125282$ & $0.0465833$ & $-0.255242$ & $-0.0189818$ & $-0.0461614$ & $-0.00887911$ & $0.198273$ & $0.15309$ & $0.124755$ & $-0.18176$ & $-0.431874$ & $-0.411251$ & $-0.768494$ & $-0.478134$ & $-0.605202$ & $0.582762$ & $-0.379761$ & $-0.639783$ & $0.0770562$ & $-0.196772$ & $-0.221173$ & $0.20582$ & $0.231441$ & $1$ & $-0.0837898$ \\
eHbbpar & $0.299959$ & $0.665751$ & $-0.118614$ & $0.169688$ & $0.119861$ & $-0.0920504$ & $-0.253866$ & $0.227818$ & $0.240121$ & $-0.103376$ & $-0.176968$ & $-0.279625$ & $0.297838$ & $-0.216066$ & $-0.539077$ & $-0.608691$ & $-0.126113$ & $0.172147$ & $0.269954$ & $0.213477$ & $0.415382$ & $0.409487$ & $0.240252$ & $-0.312296$ & $0.275555$ & $0.238184$ & $0.776166$ & $0.122405$ & $0.0363828$ & $0.2698$ & $0.0118478$ & $-0.232194$ & $0.453684$ & $0.567427$ & $-0.188796$ & $0.0247578$ & $0.0468184$ & $-0.238581$ & $0.177619$ & $-0.189665$ & $-0.32831$ & $-0.0686881$ & $0.0980369$ & $-0.31746$ & $0.202534$ & $-0.33843$ & $-0.181913$ & $-0.0837898$ & $1$ \\
