 & AlsMz & dAle5Mz & mtop & mHl & Mz & CW & CHG & CHWB & CHWHB_gaga & CHWHB_gagaorth & CHD & CHbox & CH & CHL1_11 & CHL1_22 & CHL1_33 & CHL3_11 & CHL3_22 & CHL3_33 & CHe_11 & CHe_22 & CHe_33 & CHQ1_11 & CHQ1_33 & CHQ3_11 & CHu_11 & CHd_11 & CHd_33 & CeH_22r & CeH_33r & CuH_22r & CuH_33r & CdH_33r & CLL_1221 & eHggint & eHggpar & eHWWint & eHWWpar & eHZZint & eHZZpar & eHZgaint & eHZgapar & eHgagaint & eHmumuint & eHtautauint & eHccint & eHccpar & eHbbint & eHbbpar \\
AlsMz & $1$ & $0.417456$ & $0.310269$ & $0.075793$ & $0.388869$ & $0.0155135$ & $-0.0774186$ & $-0.0199504$ & $-0.0197218$ & $0.00405063$ & $0.0474986$ & $0.0329598$ & $0.0927089$ & $-0.0217108$ & $-0.0364756$ & $0.0117806$ & $-0.0156572$ & $0.00709228$ & $-0.0150116$ & $-0.0318456$ & $-0.0143502$ & $-0.0210828$ & $-0.0645734$ & $-0.0227926$ & $-0.034132$ & $0.0157891$ & $-0.0265182$ & $-0.00152184$ & $-0.00190129$ & $0.0559038$ & $0.00433946$ & $-0.0607024$ & $0.0461128$ & $0.0288675$ & $0.227058$ & $0.42225$ & $-0.48419$ & $-0.147599$ & $0.345295$ & $-0.0201328$ & $-0.344597$ & $-0.350074$ & $-0.0368441$ & $-0.0860883$ & $0.301412$ & $-0.335868$ & $0.122993$ & $0.191578$ & $-0.221862$ \\
dAle5Mz & $0.417456$ & $1$ & $-0.0637609$ & $-0.218902$ & $0.252671$ & $0.0517104$ & $-0.210166$ & $-0.0771708$ & $-0.0753163$ & $0.00351946$ & $0.0998506$ & $0.247531$ & $0.283348$ & $-0.0410628$ & $-0.0153534$ & $-0.00958953$ & $-0.00541493$ & $-0.0143977$ & $-0.0134237$ & $-0.0781201$ & $-0.0207074$ & $-0.0533018$ & $-0.0248225$ & $0.0060527$ & $-0.0198411$ & $-0.0247164$ & $-0.0376352$ & $-0.0165012$ & $0.0212119$ & $0.154962$ & $0.0710082$ & $-0.181245$ & $0.164251$ & $-0.008591$ & $-0.116297$ & $0.307079$ & $-0.738564$ & $-0.34157$ & $0.556262$ & $0.0113977$ & $0.209682$ & $-0.390337$ & $-0.124404$ & $-0.118235$ & $0.165779$ & $-0.610177$ & $0.135708$ & $0.278834$ & $-0.237761$ \\
mtop & $0.310269$ & $-0.0637609$ & $1$ & $-0.127372$ & $0.132155$ & $-0.0568305$ & $0.146867$ & $-0.0203405$ & $-0.0147764$ & $-0.0126015$ & $0.0422848$ & $-0.112801$ & $-0.145538$ & $-0.0425624$ & $-0.00775079$ & $0.0120126$ & $-0.00766678$ & $0.0155438$ & $-0.00433376$ & $-0.0131635$ & $-0.0281426$ & $-0.0284815$ & $-0.0451109$ & $0.0117306$ & $-0.00183588$ & $0.0403592$ & $0.00081119$ & $0.0137612$ & $-0.014907$ & $-0.0341966$ & $-0.0198259$ & $0.160117$ & $-0.0485473$ & $0.00618102$ & $0.474645$ & $0.0363777$ & $0.0937509$ & $0.243892$ & $0.0978072$ & $0.399172$ & $0.0407519$ & $0.161581$ & $0.474896$ & $0.0532466$ & $0.0653109$ & $-0.129591$ & $0.299366$ & $0.0154734$ & $-0.0481383$ \\
mHl & $0.075793$ & $-0.218902$ & $-0.127372$ & $1$ & $-0.132198$ & $0.00170985$ & $-0.0554015$ & $0.0381694$ & $0.0354438$ & $0.00660735$ & $-0.0414581$ & $-0.002974$ & $-0.00877875$ & $-0.00484639$ & $-0.0278721$ & $-0.00266768$ & $-0.025821$ & $-0.0106224$ & $-0.0163326$ & $0.0377212$ & $0.0132366$ & $0.0435435$ & $-0.00702615$ & $-0.0490795$ & $-0.0205132$ & $0.0205369$ & $0.00944429$ & $-0.0359919$ & $-0.00753084$ & $-0.00329759$ & $-0.0202905$ & $-0.0628256$ & $-0.0336711$ & $0.0143474$ & $0.3702$ & $-0.453628$ & $-0.140578$ & $-0.450622$ & $-0.344798$ & $-0.0401691$ & $-0.107082$ & $0.0370486$ & $-0.166092$ & $-0.70543$ & $0.31561$ & $0.361562$ & $-0.26829$ & $-0.278032$ & $-0.364827$ \\
Mz & $0.388869$ & $0.252671$ & $0.132155$ & $-0.132198$ & $1$ & $0.0367762$ & $0.0440583$ & $0.00107267$ & $0.0042452$ & $-0.0154609$ & $0.0471473$ & $0.0159755$ & $0.0287375$ & $-0.0185102$ & $0.0241973$ & $0.057259$ & $-0.0254471$ & $-0.0270273$ & $-0.0484404$ & $0.00366482$ & $-0.0150144$ & $-0.019826$ & $-0.0107765$ & $-0.0157868$ & $-0.0570442$ & $-0.00282075$ & $-0.055679$ & $-0.0125703$ & $-0.0141524$ & $0.0111869$ & $-0.0205741$ & $0.0584397$ & $0.030292$ & $-0.00651751$ & $0.0141251$ & $0.248011$ & $-0.262692$ & $0.154432$ & $0.302253$ & $0.013247$ & $-0.0619359$ & $-0.135731$ & $0.0291743$ & $0.134235$ & $0.029644$ & $-0.214885$ & $0.0789008$ & $0.200622$ & $-0.0236722$ \\
CW & $0.0155135$ & $0.0517104$ & $-0.0568305$ & $0.00170985$ & $0.0367762$ & $1$ & $0.00776711$ & $-0.0905906$ & $-0.0895415$ & $0.00872647$ & $0.0962995$ & $0.00891239$ & $0.0118996$ & $0.203688$ & $0.023455$ & $0.0314761$ & $-0.138581$ & $0.0122503$ & $-0.00453105$ & $-0.0938499$ & $-0.0761203$ & $-0.0742432$ & $0.0181552$ & $0.0425737$ & $-0.0140183$ & $-0.00732169$ & $-0.0938244$ & $-0.011001$ & $-0.00348393$ & $0.00186542$ & $-0.00994359$ & $0.00534341$ & $0.00894018$ & $-0.141619$ & $-0.0356557$ & $0.00595488$ & $-0.0578711$ & $-0.0179871$ & $0.0457758$ & $0.018136$ & $-0.031634$ & $-0.0135508$ & $-0.0332508$ & $-0.0146462$ & $0.0227464$ & $-0.0129541$ & $-0.0268025$ & $0.0488195$ & $-0.0046443$ \\
CHG & $-0.0774186$ & $-0.210166$ & $0.146867$ & $-0.0554015$ & $0.0440583$ & $0.00776711$ & $1$ & $-0.0721894$ & $-0.0426357$ & $0.100874$ & $0.0193729$ & $-0.445909$ & $-0.517439$ & $0.110488$ & $-0.0171337$ & $0.0333969$ & $0.103385$ & $0.10679$ & $0.0772648$ & $-0.0307577$ & $-0.0369231$ & $-0.0203286$ & $0.0281375$ & $0.0776632$ & $0.094113$ & $0.0055062$ & $-0.0360544$ & $-0.0113099$ & $-0.021143$ & $-0.281625$ & $-0.144009$ & $0.911218$ & $-0.313554$ & $-0.0516001$ & $0.231346$ & $-0.152372$ & $0.15421$ & $0.20338$ & $-0.205124$ & $-0.110141$ & $0.0897556$ & $0.360641$ & $0.161186$ & $0.142102$ & $0.0908532$ & $0.0382725$ & $0.0953672$ & $0.233674$ & $0.205828$ \\
CHWB & $-0.0199504$ & $-0.0771708$ & $-0.0203405$ & $0.0381694$ & $0.00107267$ & $-0.0905906$ & $-0.0721894$ & $1$ & $0.992984$ & $-0.477928$ & $-0.888386$ & $-0.0413889$ & $0.0757455$ & $-0.218443$ & $0.0219578$ & $-0.0114159$ & $-0.576594$ & $-0.492561$ & $-0.481616$ & $0.85463$ & $0.619022$ & $0.608259$ & $-0.00382744$ & $-0.623703$ & $-0.557242$ & $-0.146273$ & $0.340305$ & $0.118125$ & $0.00546527$ & $-0.00479926$ & $-0.000227598$ & $-0.0804867$ & $-0.00531681$ & $0.648891$ & $-0.0217678$ & $0.056251$ & $0.0426097$ & $0.041604$ & $-0.0429095$ & $-0.00143606$ & $-0.0765877$ & $-0.010603$ & $-0.0486319$ & $0.0150461$ & $-0.0216963$ & $0.0525867$ & $-0.0215741$ & $-0.114676$ & $0.0349861$ \\
CHWHB_gaga & $-0.0197218$ & $-0.0753163$ & $-0.0147764$ & $0.0354438$ & $0.0042452$ & $-0.0895415$ & $-0.0426357$ & $0.992984$ & $1$ & $-0.477901$ & $-0.881683$ & $-0.0341646$ & $0.0729683$ & $-0.22105$ & $0.0195215$ & $-0.0121385$ & $-0.577075$ & $-0.488827$ & $-0.478102$ & $0.851981$ & $0.61466$ & $0.603046$ & $-0.00276112$ & $-0.620562$ & $-0.553828$ & $-0.14573$ & $0.339538$ & $0.119229$ & $0.00985233$ & $0.0103566$ & $0.00869315$ & $-0.0566131$ & $0.0135953$ & $0.643865$ & $-0.0179373$ & $0.0554511$ & $0.0418268$ & $0.0416414$ & $-0.0457479$ & $-0.00137586$ & $-0.074338$ & $-0.00558151$ & $-0.0386633$ & $0.0199297$ & $-0.0199771$ & $0.0506305$ & $-0.0144486$ & $-0.105967$ & $0.0370847$ \\
CHWHB_gagaorth & $0.00405063$ & $0.00351946$ & $-0.0126015$ & $0.00660735$ & $-0.0154609$ & $0.00872647$ & $0.100874$ & $-0.477928$ & $-0.477901$ & $1$ & $0.140147$ & $0.0511325$ & $-0.162134$ & $0.682315$ & $0.0627157$ & $0.0831136$ & $0.773127$ & $0.550388$ & $0.543322$ & $-0.224806$ & $-0.12626$ & $-0.130662$ & $-0.0092538$ & $0.522892$ & $0.619071$ & $0.0128111$ & $-0.219813$ & $-0.023132$ & $-0.0174915$ & $-0.0998511$ & $-0.0700174$ & $0.113472$ & $-0.113568$ & $-0.335538$ & $0.0147301$ & $-0.0793086$ & $0.0199344$ & $-0.0366011$ & $-0.0144085$ & $-0.0492504$ & $0.0526062$ & $0.0282215$ & $0.00674082$ & $-0.0246662$ & $0.0464357$ & $0.0118093$ & $-0.0320821$ & $0.0646796$ & $0.0242641$ \\
CHD & $0.0474986$ & $0.0998506$ & $0.0422848$ & $-0.0414581$ & $0.0471473$ & $0.0962995$ & $0.0193729$ & $-0.888386$ & $-0.881683$ & $0.140147$ & $1$ & $0.0834638$ & $0.009488$ & $-0.143244$ & $-0.0770095$ & $-0.040977$ & $0.229546$ & $0.257333$ & $0.244751$ & $-0.885611$ & $-0.657202$ & $-0.64396$ & $0.0107381$ & $0.41931$ & $0.295042$ & $0.174312$ & $-0.254825$ & $-0.130887$ & $0.00193625$ & $0.0458051$ & $0.0223378$ & $0.0319164$ & $0.0459774$ & $-0.516781$ & $0.0335785$ & $-0.0127047$ & $-0.0739524$ & $-0.0357098$ & $0.0724874$ & $0.0314413$ & $0.0455907$ & $-0.0153365$ & $0.0514115$ & $-0.00847328$ & $0.00610122$ & $-0.0752419$ & $0.0390579$ & $0.0995925$ & $-0.05425$ \\
CHbox & $0.0329598$ & $0.247531$ & $-0.112801$ & $-0.002974$ & $0.0159755$ & $0.00891239$ & $-0.445909$ & $-0.0413889$ & $-0.0341646$ & $0.0511325$ & $0.0834638$ & $1$ & $0.839344$ & $-0.17975$ & $0.00620717$ & $0.00249283$ & $-0.118291$ & $-0.0727874$ & $-0.0633848$ & $0.0446407$ & $-0.0252149$ & $-0.0385302$ & $0.000535324$ & $-0.0379563$ & $-0.0649873$ & $-0.0105984$ & $0.00516927$ & $-0.0176918$ & $0.0687472$ & $0.446594$ & $0.177979$ & $-0.313991$ & $0.465022$ & $-0.0688339$ & $-0.1611$ & $0.220876$ & $-0.170864$ & $-0.265198$ & $0.207465$ & $0.123175$ & $-0.0684314$ & $-0.302505$ & $-0.12985$ & $-0.0290144$ & $-0.109419$ & $-0.152386$ & $-0.0746764$ & $-0.192115$ & $-0.296459$ \\
CH & $0.0927089$ & $0.283348$ & $-0.145538$ & $-0.00877875$ & $0.0287375$ & $0.0118996$ & $-0.517439$ & $0.0757455$ & $0.0729683$ & $-0.162134$ & $0.009488$ & $0.839344$ & $1$ & $-0.173472$ & $-0.0347468$ & $-0.0426193$ & $-0.162532$ & $-0.111713$ & $-0.105168$ & $0.00476199$ & $0.0157247$ & $0.0058635$ & $0.00455662$ & $-0.117322$ & $-0.124574$ & $-0.00984534$ & $0.0635391$ & $-0.00576711$ & $0.0696866$ & $0.385912$ & $0.187089$ & $-0.441641$ & $0.411021$ & $0.0900775$ & $-0.198381$ & $0.294893$ & $-0.186607$ & $-0.298424$ & $0.230333$ & $0.114571$ & $-0.109712$ & $-0.364275$ & $-0.149513$ & $-0.0451659$ & $-0.129511$ & $-0.175864$ & $-0.0394492$ & $-0.26279$ & $-0.348234$ \\
CHL1_11 & $-0.0217108$ & $-0.0410628$ & $-0.0425624$ & $-0.00484639$ & $-0.0185102$ & $0.203688$ & $0.110488$ & $-0.218443$ & $-0.22105$ & $0.682315$ & $-0.143244$ & $-0.17975$ & $-0.173472$ & $1$ & $0.109512$ & $0.111782$ & $0.599447$ & $0.481738$ & $0.469706$ & $-0.0618457$ & $0.0342521$ & $0.0374484$ & $-0.00748845$ & $0.42451$ & $0.50782$ & $-0.0447774$ & $-0.21319$ & $0.0221959$ & $-0.0132068$ & $-0.0906407$ & $-0.0467251$ & $0.084464$ & $-0.0856411$ & $-0.223425$ & $-0.0115313$ & $-0.0839162$ & $0.052052$ & $0.0115533$ & $-0.0294956$ & $-0.0583083$ & $0.0531439$ & $0.066684$ & $0.00531053$ & $-0.0201121$ & $0.0440684$ & $0.033382$ & $-0.0234906$ & $0.028204$ & $0.0447004$ \\
CHL1_22 & $-0.0364756$ & $-0.0153534$ & $-0.00775079$ & $-0.0278721$ & $0.0241973$ & $0.023455$ & $-0.0171337$ & $0.0219578$ & $0.0195215$ & $0.0627157$ & $-0.0770095$ & $0.00620717$ & $-0.0347468$ & $0.109512$ & $1$ & $0.342968$ & $0.0318858$ & $-0.519308$ & $-0.173009$ & $0.087648$ & $-0.14234$ & $-0.0850567$ & $-0.0918927$ & $0.213887$ & $-0.215515$ & $0.00799935$ & $-0.486308$ & $0.00457451$ & $0.00463694$ & $-0.0229357$ & $-0.0185054$ & $-0.0221231$ & $-0.0294163$ & $-0.535063$ & $-0.0399469$ & $0.0153526$ & $0.037408$ & $0.0100037$ & $0.0241384$ & $0.0268236$ & $-0.0106367$ & $0.0236871$ & $-0.0142769$ & $-0.00207419$ & $0.00440164$ & $0.00969591$ & $-0.0915242$ & $-0.00315712$ & $-0.0136955$ \\
CHL1_33 & $0.0117806$ & $-0.00958953$ & $0.0120126$ & $-0.00266768$ & $0.057259$ & $0.0314761$ & $0.0333969$ & $-0.0114159$ & $-0.0121385$ & $0.0831136$ & $-0.040977$ & $0.00249283$ & $-0.0426193$ & $0.111782$ & $0.342968$ & $1$ & $0.0371898$ & $-0.157582$ & $-0.48914$ & $0.0643536$ & $-0.097551$ & $-0.192483$ & $-0.0932097$ & $0.214666$ & $-0.204492$ & $0.0206293$ & $-0.487181$ & $-0.0240727$ & $-0.00137426$ & $-0.0126802$ & $-0.0214653$ & $0.0412578$ & $-0.0119113$ & $-0.243327$ & $-0.00653348$ & $-0.0190643$ & $0.0244808$ & $0.0162217$ & $0.042311$ & $0.00614685$ & $0.00606306$ & $0.0258885$ & $-0.0151281$ & $-0.0146611$ & $0.0408111$ & $0.0218605$ & $-0.0475459$ & $0.0201552$ & $-0.0150791$ \\
CHL3_11 & $-0.0156572$ & $-0.00541493$ & $-0.00766678$ & $-0.025821$ & $-0.0254471$ & $-0.138581$ & $0.103385$ & $-0.576594$ & $-0.577075$ & $0.773127$ & $0.229546$ & $-0.118291$ & $-0.162532$ & $0.599447$ & $0.0318858$ & $0.0371898$ & $1$ & $0.634002$ & $0.644225$ & $-0.395021$ & $-0.193439$ & $-0.19626$ & $-0.000415174$ & $0.594154$ & $0.722339$ & $0.0279897$ & $-0.216891$ & $-0.0317511$ & $-0.0236605$ & $-0.0704477$ & $-0.0355144$ & $0.0874079$ & $-0.0697192$ & $-0.290317$ & $0.0115805$ & $-0.0867004$ & $0.0319443$ & $-0.00798019$ & $-0.0199372$ & $-0.0390691$ & $0.0830519$ & $0.0415787$ & $0.0316508$ & $-0.0118985$ & $0.0185711$ & $0.0109684$ & $0.0107701$ & $0.0551122$ & $0.0249365$ \\
CHL3_22 & $0.00709228$ & $-0.0143977$ & $0.0155438$ & $-0.0106224$ & $-0.0270273$ & $0.0122503$ & $0.10679$ & $-0.492561$ & $-0.488827$ & $0.550388$ & $0.257333$ & $-0.0727874$ & $-0.111713$ & $0.481738$ & $-0.519308$ & $-0.157582$ & $0.634002$ & $1$ & $0.631413$ & $-0.348342$ & $-0.146396$ & $-0.151675$ & $0.0712792$ & $0.375251$ & $0.753598$ & $0.0223533$ & $0.115239$ & $-0.0195788$ & $-0.0167509$ & $-0.0399668$ & $-0.0103908$ & $0.104366$ & $-0.02762$ & $0.182075$ & $0.0376466$ & $-0.0687962$ & $0.0154993$ & $0.00293044$ & $-0.031144$ & $-0.023098$ & $0.0639688$ & $0.0443522$ & $0.0471409$ & $0.0030726$ & $0.0163996$ & $0.0103231$ & $0.0686878$ & $0.0647495$ & $0.0242911$ \\
CHL3_33 & $-0.0150116$ & $-0.0134237$ & $-0.00433376$ & $-0.0163326$ & $-0.0484404$ & $-0.00453105$ & $0.0772648$ & $-0.481616$ & $-0.478102$ & $0.543322$ & $0.244751$ & $-0.0633848$ & $-0.105168$ & $0.469706$ & $-0.173009$ & $-0.48914$ & $0.644225$ & $0.631413$ & $1$ & $-0.342667$ & $-0.142479$ & $-0.134943$ & $0.0777001$ & $0.378366$ & $0.760131$ & $0.00797829$ & $0.122678$ & $-0.0276569$ & $-0.00744878$ & $-0.0401703$ & $-0.00509491$ & $0.0646791$ & $-0.0393649$ & $-0.135009$ & $0.0271507$ & $-0.0548965$ & $0.0277926$ & $-0.00458601$ & $-0.0579642$ & $-0.0330689$ & $0.0559216$ & $0.0324644$ & $0.0636918$ & $0.00786348$ & $-0.0137062$ & $-0.00492815$ & $0.0394906$ & $0.0335914$ & $0.0193869$ \\
CHe_11 & $-0.0318456$ & $-0.0781201$ & $-0.0131635$ & $0.0377212$ & $0.00366482$ & $-0.0938499$ & $-0.0307577$ & $0.85463$ & $0.851981$ & $-0.224806$ & $-0.885611$ & $0.0446407$ & $0.00476199$ & $-0.0618457$ & $0.087648$ & $0.0643536$ & $-0.395021$ & $-0.348342$ & $-0.342667$ & $1$ & $0.628261$ & $0.617598$ & $-0.0173508$ & $-0.466$ & $-0.390588$ & $-0.169375$ & $0.255207$ & $0.126489$ & $0.000599605$ & $-0.0332334$ & $-0.0189429$ & $-0.0229899$ & $-0.0389361$ & $0.430432$ & $-0.0300589$ & $0.0388554$ & $0.0529912$ & $0.0369321$ & $-0.059199$ & $-0.0216529$ & $-0.0596206$ & $-0.00319351$ & $-0.0413688$ & $0.0242879$ & $-0.0138936$ & $0.0528479$ & $-0.041159$ & $-0.0773962$ & $0.0393244$ \\
CHe_22 & $-0.0143502$ & $-0.0207074$ & $-0.0281426$ & $0.0132366$ & $-0.0150144$ & $-0.0761203$ & $-0.0369231$ & $0.619022$ & $0.61466$ & $-0.12626$ & $-0.657202$ & $-0.0252149$ & $0.0157247$ & $0.0342521$ & $-0.14234$ & $-0.097551$ & $-0.193439$ & $-0.146396$ & $-0.142479$ & $0.628261$ & $1$ & $0.524488$ & $0.0065583$ & $-0.412288$ & $-0.196784$ & $-0.137959$ & $0.359126$ & $0.104018$ & $0.00123717$ & $-0.00686985$ & $-0.00829044$ & $-0.0356418$ & $-0.00746959$ & $0.423062$ & $-0.0214086$ & $0.0270434$ & $0.00212777$ & $0.0309696$ & $-0.0367819$ & $-0.0260798$ & $-0.0323275$ & $-0.0647038$ & $-0.0353809$ & $0.00718009$ & $-0.027845$ & $0.0137871$ & $0.000395602$ & $-0.080746$ & $0.0399748$ \\
CHe_33 & $-0.0210828$ & $-0.0533018$ & $-0.0284815$ & $0.0435435$ & $-0.019826$ & $-0.0742432$ & $-0.0203286$ & $0.608259$ & $0.603046$ & $-0.130662$ & $-0.64396$ & $-0.0385302$ & $0.0058635$ & $0.0374484$ & $-0.0850567$ & $-0.192483$ & $-0.19626$ & $-0.151675$ & $-0.134943$ & $0.617598$ & $0.524488$ & $1$ & $0.0193553$ & $-0.411027$ & $-0.192265$ & $-0.133959$ & $0.34582$ & $0.107482$ & $-0.00467665$ & $-0.0403548$ & $-0.0282812$ & $-0.0290452$ & $-0.0449293$ & $0.406277$ & $-0.0130788$ & $0.0205465$ & $0.0176184$ & $0.0135532$ & $-0.0555829$ & $-0.0126001$ & $-0.0433308$ & $-0.011157$ & $-0.0462437$ & $-0.00460937$ & $-0.0113364$ & $0.0374626$ & $-0.0141408$ & $-0.0693315$ & $0.0453865$ \\
CHQ1_11 & $-0.0645734$ & $-0.0248225$ & $-0.0451109$ & $-0.00702615$ & $-0.0107765$ & $0.0181552$ & $0.0281375$ & $-0.00382744$ & $-0.00276112$ & $-0.0092538$ & $0.0107381$ & $0.000535324$ & $0.00455662$ & $-0.00748845$ & $-0.0918927$ & $-0.0932097$ & $-0.000415174$ & $0.0712792$ & $0.0777001$ & $-0.0173508$ & $0.0065583$ & $0.0193553$ & $1$ & $-0.0429937$ & $0.109445$ & $-0.592309$ & $0.22884$ & $0.0136802$ & $0.00453025$ & $-0.0171691$ & $0.0104277$ & $0.024378$ & $-0.00469795$ & $0.0706201$ & $-0.0157734$ & $-0.0257327$ & $0.0187026$ & $0.0206363$ & $0.00713746$ & $-0.00142416$ & $0.0210269$ & $0.0513383$ & $0.00592099$ & $0.0546948$ & $0.00058431$ & $0.029116$ & $0.0158534$ & $0.0405804$ & $0.0644501$ \\
CHQ1_33 & $-0.0227926$ & $0.0060527$ & $0.0117306$ & $-0.0490795$ & $-0.0157868$ & $0.0425737$ & $0.0776632$ & $-0.623703$ & $-0.620562$ & $0.522892$ & $0.41931$ & $-0.0379563$ & $-0.117322$ & $0.42451$ & $0.213887$ & $0.214666$ & $0.594154$ & $0.375251$ & $0.378366$ & $-0.466$ & $-0.412288$ & $-0.411027$ & $-0.0429937$ & $1$ & $0.461105$ & $0.0803426$ & $-0.354634$ & $0.0434935$ & $-0.00212517$ & $-0.0361902$ & $-0.0160431$ & $0.069984$ & $-0.0362816$ & $-0.493431$ & $0.00174137$ & $-0.0623846$ & $0.042126$ & $-0.0117386$ & $0.00224676$ & $-0.0103231$ & $0.0628994$ & $0.0497253$ & $0.0381441$ & $0.00560327$ & $0.0163249$ & $0.0124616$ & $0.00143441$ & $0.0772656$ & $0.0212678$ \\
CHQ3_11 & $-0.034132$ & $-0.0198411$ & $-0.00183588$ & $-0.0205132$ & $-0.0570442$ & $-0.0140183$ & $0.094113$ & $-0.557242$ & $-0.553828$ & $0.619071$ & $0.295042$ & $-0.0649873$ & $-0.124574$ & $0.50782$ & $-0.215515$ & $-0.204492$ & $0.722339$ & $0.753598$ & $0.760131$ & $-0.390588$ & $-0.196784$ & $-0.192265$ & $0.109445$ & $0.461105$ & $1$ & $0.0249199$ & $0.215173$ & $-0.0369329$ & $-0.00927727$ & $-0.0583345$ & $-0.017176$ & $0.0829552$ & $-0.0469413$ & $-0.125503$ & $0.0240962$ & $-0.068456$ & $0.0367018$ & $-0.00112207$ & $-0.0507566$ & $-0.0382099$ & $0.0729833$ & $0.0473486$ & $0.050933$ & $0.0180515$ & $-0.0131539$ & $0.0208257$ & $0.054652$ & $0.0498979$ & $0.0414311$ \\
CHu_11 & $0.0157891$ & $-0.0247164$ & $0.0403592$ & $0.0205369$ & $-0.00282075$ & $-0.00732169$ & $0.0055062$ & $-0.146273$ & $-0.14573$ & $0.0128111$ & $0.174312$ & $-0.0105984$ & $-0.00984534$ & $-0.0447774$ & $0.00799935$ & $0.0206293$ & $0.0279897$ & $0.0223533$ & $0.00797829$ & $-0.169375$ & $-0.137959$ & $-0.133959$ & $-0.592309$ & $0.0803426$ & $0.0249199$ & $1$ & $0.104883$ & $-0.0475053$ & $0.00282505$ & $-0.00294804$ & $-0.0126077$ & $0.00928784$ & $-0.00344331$ & $-0.0856625$ & $0.0567914$ & $-0.0140172$ & $0.0316765$ & $-0.0119256$ & $-0.0489561$ & $-0.0136461$ & $-0.00109455$ & $-0.0252984$ & $0.0169821$ & $-0.0119135$ & $-0.0255273$ & $0.0401269$ & $0.0273335$ & $-0.0322623$ & $-0.00747758$ \\
CHd_11 & $-0.0265182$ & $-0.0376352$ & $0.00081119$ & $0.00944429$ & $-0.055679$ & $-0.0938244$ & $-0.0360544$ & $0.340305$ & $0.339538$ & $-0.219813$ & $-0.254825$ & $0.00516927$ & $0.0635391$ & $-0.21319$ & $-0.486308$ & $-0.487181$ & $-0.216891$ & $0.115239$ & $0.122678$ & $0.255207$ & $0.359126$ & $0.34582$ & $0.22884$ & $-0.354634$ & $0.215173$ & $0.104883$ & $1$ & $0.0220124$ & $0.010199$ & $-0.00454083$ & $0.0161121$ & $-0.0382496$ & $0.0112692$ & $0.554779$ & $0.0281663$ & $0.0339488$ & $0.0116116$ & $0.026$ & $-0.0698085$ & $-0.0332768$ & $-0.0208335$ & $-0.0246546$ & $0.0158202$ & $0.0601502$ & $-0.054254$ & $0.0463499$ & $0.101937$ & $-0.0602188$ & $0.08241$ \\
CHd_33 & $-0.00152184$ & $-0.0165012$ & $0.0137612$ & $-0.0359919$ & $-0.0125703$ & $-0.011001$ & $-0.0113099$ & $0.118125$ & $0.119229$ & $-0.023132$ & $-0.130887$ & $-0.0176918$ & $-0.00576711$ & $0.0221959$ & $0.00457451$ & $-0.0240727$ & $-0.0317511$ & $-0.0195788$ & $-0.0276569$ & $0.126489$ & $0.104018$ & $0.107482$ & $0.0136802$ & $0.0434935$ & $-0.0369329$ & $-0.0475053$ & $0.0220124$ & $1$ & $0.00949573$ & $-0.00770282$ & $0.0170969$ & $-0.0185716$ & $-0.00356685$ & $0.0795164$ & $-0.0227332$ & $0.00773409$ & $0.035222$ & $0.0258987$ & $-0.0132239$ & $0.00451215$ & $-0.000636404$ & $0.004279$ & $0.00208082$ & $0.0194753$ & $-0.00876566$ & $0.00769861$ & $0.0114351$ & $0.00630478$ & $0.0203582$ \\
CeH_22r & $-0.00190129$ & $0.0212119$ & $-0.014907$ & $-0.00753084$ & $-0.0141524$ & $-0.00348393$ & $-0.021143$ & $0.00546527$ & $0.00985233$ & $-0.0174915$ & $0.00193625$ & $0.0687472$ & $0.0696866$ & $-0.0132068$ & $0.00463694$ & $-0.00137426$ & $-0.0236605$ & $-0.0167509$ & $-0.00744878$ & $0.000599605$ & $0.00123717$ & $-0.00467665$ & $0.00453025$ & $-0.00212517$ & $-0.00927727$ & $0.00282505$ & $0.010199$ & $0.00949573$ & $1$ & $0.0545754$ & $0.0375715$ & $-0.0361396$ & $0.060666$ & $-0.00130239$ & $-0.0254133$ & $0.0188168$ & $-0.00938047$ & $-0.0366292$ & $0.0121791$ & $0.00664455$ & $-0.0201316$ & $-0.0370264$ & $-0.0141684$ & $0.00735539$ & $-0.0145086$ & $0.00323112$ & $-0.00337076$ & $-0.0072441$ & $-0.010869$ \\
CeH_33r & $0.0559038$ & $0.154962$ & $-0.0341966$ & $-0.00329759$ & $0.0111869$ & $0.00186542$ & $-0.281625$ & $-0.00479926$ & $0.0103566$ & $-0.0998511$ & $0.0458051$ & $0.446594$ & $0.385912$ & $-0.0906407$ & $-0.0229357$ & $-0.0126802$ & $-0.0704477$ & $-0.0399668$ & $-0.0401703$ & $-0.0332334$ & $-0.00686985$ & $-0.0403548$ & $-0.0171691$ & $-0.0361902$ & $-0.0583345$ & $-0.00294804$ & $-0.00454083$ & $-0.00770282$ & $0.0545754$ & $1$ & $0.35308$ & $-0.0835036$ & $0.739751$ & $0.016297$ & $-0.0631895$ & $0.106582$ & $-0.126588$ & $-0.149515$ & $0.12015$ & $0.0762965$ & $-0.0258986$ & $-0.137926$ & $-0.077779$ & $-0.0398532$ & $0.00844217$ & $-0.091421$ & $0.0276146$ & $-0.039306$ & $-0.134817$ \\
CuH_22r & $0.00433946$ & $0.0710082$ & $-0.0198259$ & $-0.0202905$ & $-0.0205741$ & $-0.00994359$ & $-0.144009$ & $-0.000227598$ & $0.00869315$ & $-0.0700174$ & $0.0223378$ & $0.177979$ & $0.187089$ & $-0.0467251$ & $-0.0185054$ & $-0.0214653$ & $-0.0355144$ & $-0.0103908$ & $-0.00509491$ & $-0.0189429$ & $-0.00829044$ & $-0.0282812$ & $0.0104277$ & $-0.0160431$ & $-0.017176$ & $-0.0126077$ & $0.0161121$ & $0.0170969$ & $0.0375715$ & $0.35308$ & $1$ & $-0.0145301$ & $0.431262$ & $0.0227367$ & $-0.0329803$ & $0.0273136$ & $-0.0535358$ & $-0.0710149$ & $0.0459445$ & $0.0390296$ & $0.00816715$ & $-0.0420585$ & $-0.0138132$ & $-0.0111801$ & $0.00507377$ & $-0.0206217$ & $0.0632778$ & $-0.0103596$ & $-0.0318701$ \\
CuH_33r & $-0.0607024$ & $-0.181245$ & $0.160117$ & $-0.0628256$ & $0.0584397$ & $0.00534341$ & $0.911218$ & $-0.0804867$ & $-0.0566131$ & $0.113472$ & $0.0319164$ & $-0.313991$ & $-0.441641$ & $0.084464$ & $-0.0221231$ & $0.0412578$ & $0.0874079$ & $0.104366$ & $0.0646791$ & $-0.0229899$ & $-0.0356418$ & $-0.0290452$ & $0.024378$ & $0.069984$ & $0.0829552$ & $0.00928784$ & $-0.0382496$ & $-0.0185716$ & $-0.0361396$ & $-0.0835036$ & $-0.0145301$ & $1$ & $-0.0524485$ & $-0.0597305$ & $0.251823$ & $-0.127891$ & $0.125554$ & $0.172768$ & $-0.180755$ & $-0.105517$ & $0.089562$ & $0.358483$ & $0.15393$ & $0.148357$ & $0.107627$ & $0.0104203$ & $0.116181$ & $0.251731$ & $0.188964$ \\
CdH_33r & $0.0461128$ & $0.164251$ & $-0.0485473$ & $-0.0336711$ & $0.030292$ & $0.00894018$ & $-0.313554$ & $-0.00531681$ & $0.0135953$ & $-0.113568$ & $0.0459774$ & $0.465022$ & $0.411021$ & $-0.0856411$ & $-0.0294163$ & $-0.0119113$ & $-0.0697192$ & $-0.02762$ & $-0.0393649$ & $-0.0389361$ & $-0.00746959$ & $-0.0449293$ & $-0.00469795$ & $-0.0362816$ & $-0.0469413$ & $-0.00344331$ & $0.0112692$ & $-0.00356685$ & $0.060666$ & $0.739751$ & $0.431262$ & $-0.0524485$ & $1$ & $0.0274386$ & $-0.079605$ & $0.116483$ & $-0.135151$ & $-0.16595$ & $0.14471$ & $0.0666125$ & $-0.0423909$ & $-0.122311$ & $-0.0824454$ & $-0.00835642$ & $0.0236078$ & $-0.066243$ & $0.0422712$ & $-0.000109269$ & $-0.0591973$ \\
CLL_1221 & $0.0288675$ & $-0.008591$ & $0.00618102$ & $0.0143474$ & $-0.00651751$ & $-0.141619$ & $-0.0516001$ & $0.648891$ & $0.643865$ & $-0.335538$ & $-0.516781$ & $-0.0688339$ & $0.0900775$ & $-0.223425$ & $-0.535063$ & $-0.243327$ & $-0.290317$ & $0.182075$ & $-0.135009$ & $0.430432$ & $0.423062$ & $0.406277$ & $0.0706201$ & $-0.493431$ & $-0.125503$ & $-0.0856625$ & $0.554779$ & $0.0795164$ & $-0.00130239$ & $0.016297$ & $0.0227367$ & $-0.0597305$ & $0.0274386$ & $1$ & $0.0199547$ & $0.0487553$ & $-0.0157326$ & $0.0184399$ & $-0.0146748$ & $0.0113142$ & $-0.0303493$ & $-0.0213205$ & $-0.0133604$ & $0.00978202$ & $-0.0158279$ & $0.00721086$ & $0.0735003$ & $-0.0662163$ & $0.0208559$ \\
eHggint & $0.227058$ & $-0.116297$ & $0.474645$ & $0.3702$ & $0.0141251$ & $-0.0356557$ & $0.231346$ & $-0.0217678$ & $-0.0179373$ & $0.0147301$ & $0.0335785$ & $-0.1611$ & $-0.198381$ & $-0.0115313$ & $-0.0399469$ & $-0.00653348$ & $0.0115805$ & $0.0376466$ & $0.0271507$ & $-0.0300589$ & $-0.0214086$ & $-0.0130788$ & $-0.0157734$ & $0.00174137$ & $0.0240962$ & $0.0567914$ & $0.0281663$ & $-0.0227332$ & $-0.0254133$ & $-0.0631895$ & $-0.0329803$ & $0.251823$ & $-0.079605$ & $0.0199547$ & $1$ & $-0.184603$ & $-0.0380815$ & $-0.081429$ & $-0.169479$ & $-0.0136652$ & $0.064708$ & $0.126538$ & $0.282651$ & $-0.387981$ & $0.113701$ & $0.0244527$ & $0.0259746$ & $-0.246387$ & $-0.224245$ \\
eHggpar & $0.42225$ & $0.307079$ & $0.0363777$ & $-0.453628$ & $0.248011$ & $0.00595488$ & $-0.152372$ & $0.056251$ & $0.0554511$ & $-0.0793086$ & $-0.0127047$ & $0.220876$ & $0.294893$ & $-0.0839162$ & $0.0153526$ & $-0.0190643$ & $-0.0867004$ & $-0.0687962$ & $-0.0548965$ & $0.0388554$ & $0.0270434$ & $0.0205465$ & $-0.0257327$ & $-0.0623846$ & $-0.068456$ & $-0.0140172$ & $0.0339488$ & $0.00773409$ & $0.0188168$ & $0.106582$ & $0.0273136$ & $-0.127891$ & $0.116483$ & $0.0487553$ & $-0.184603$ & $1$ & $-0.0633414$ & $0.0864722$ & $0.223856$ & $-0.294983$ & $-0.411521$ & $-0.241345$ & $-0.0926453$ & $0.47343$ & $-0.244426$ & $-0.45986$ & $-0.215019$ & $0.0418416$ & $0.0294361$ \\
eHWWint & $-0.48419$ & $-0.738564$ & $0.0937509$ & $-0.140578$ & $-0.262692$ & $-0.0578711$ & $0.15421$ & $0.0426097$ & $0.0418268$ & $0.0199344$ & $-0.0739524$ & $-0.170864$ & $-0.186607$ & $0.052052$ & $0.037408$ & $0.0244808$ & $0.0319443$ & $0.0154993$ & $0.0277926$ & $0.0529912$ & $0.00212777$ & $0.0176184$ & $0.0187026$ & $0.042126$ & $0.0367018$ & $0.0316765$ & $0.0116116$ & $0.035222$ & $-0.00938047$ & $-0.126588$ & $-0.0535358$ & $0.125554$ & $-0.135151$ & $-0.0157326$ & $-0.0380815$ & $-0.0633414$ & $1$ & $0.28009$ & $-0.451196$ & $-0.141259$ & $-0.0360475$ & $0.28919$ & $0.158259$ & $0.414703$ & $-0.452237$ & $0.465971$ & $-0.240859$ & $-0.289501$ & $0.268406$ \\
eHWWpar & $-0.147599$ & $-0.34157$ & $0.243892$ & $-0.450622$ & $0.154432$ & $-0.0179871$ & $0.20338$ & $0.041604$ & $0.0416414$ & $-0.0366011$ & $-0.0357098$ & $-0.265198$ & $-0.298424$ & $0.0115533$ & $0.0100037$ & $0.0162217$ & $-0.00798019$ & $0.00293044$ & $-0.00458601$ & $0.0369321$ & $0.0309696$ & $0.0135532$ & $0.0206363$ & $-0.0117386$ & $-0.00112207$ & $-0.0119256$ & $0.026$ & $0.0258987$ & $-0.0366292$ & $-0.149515$ & $-0.0710149$ & $0.172768$ & $-0.16595$ & $0.0184399$ & $-0.081429$ & $0.0864722$ & $0.28009$ & $1$ & $-0.104119$ & $0.079851$ & $-0.013449$ & $0.223981$ & $0.458675$ & $0.449465$ & $-0.197516$ & $-0.169854$ & $0.245572$ & $-0.0431885$ & $0.174376$ \\
eHZZint & $0.345295$ & $0.556262$ & $0.0978072$ & $-0.344798$ & $0.302253$ & $0.0457758$ & $-0.205124$ & $-0.0429095$ & $-0.0457479$ & $-0.0144085$ & $0.0724874$ & $0.207465$ & $0.230333$ & $-0.0294956$ & $0.0241384$ & $0.042311$ & $-0.0199372$ & $-0.031144$ & $-0.0579642$ & $-0.059199$ & $-0.0367819$ & $-0.0555829$ & $0.00713746$ & $0.00224676$ & $-0.0507566$ & $-0.0489561$ & $-0.0698085$ & $-0.0132239$ & $0.0121791$ & $0.12015$ & $0.0459445$ & $-0.180755$ & $0.14471$ & $-0.0146748$ & $-0.169479$ & $0.223856$ & $-0.451196$ & $-0.104119$ & $1$ & $0.211132$ & $0.175487$ & $-0.133202$ & $-0.275977$ & $0.0717505$ & $0.266437$ & $-0.281881$ & $0.145534$ & $0.441564$ & $-0.0486272$ \\
eHZZpar & $-0.0201328$ & $0.0113977$ & $0.399172$ & $-0.0401691$ & $0.013247$ & $0.018136$ & $-0.110141$ & $-0.00143606$ & $-0.00137586$ & $-0.0492504$ & $0.0314413$ & $0.123175$ & $0.114571$ & $-0.0583083$ & $0.0268236$ & $0.00614685$ & $-0.0390691$ & $-0.023098$ & $-0.0330689$ & $-0.0216529$ & $-0.0260798$ & $-0.0126001$ & $-0.00142416$ & $-0.0103231$ & $-0.0382099$ & $-0.0136461$ & $-0.0332768$ & $0.00451215$ & $0.00664455$ & $0.0762965$ & $0.0390296$ & $-0.105517$ & $0.0666125$ & $0.0113142$ & $-0.0136652$ & $-0.294983$ & $-0.141259$ & $0.079851$ & $0.211132$ & $1$ & $0.128235$ & $0.122241$ & $0.0807319$ & $-0.239711$ & $0.152041$ & $-0.036009$ & $0.371665$ & $0.11583$ & $-0.121443$ \\
eHZgaint & $-0.344597$ & $0.209682$ & $0.0407519$ & $-0.107082$ & $-0.0619359$ & $-0.031634$ & $0.0897556$ & $-0.0765877$ & $-0.074338$ & $0.0526062$ & $0.0455907$ & $-0.0684314$ & $-0.109712$ & $0.0531439$ & $-0.0106367$ & $0.00606306$ & $0.0830519$ & $0.0639688$ & $0.0559216$ & $-0.0596206$ & $-0.0323275$ & $-0.0433308$ & $0.0210269$ & $0.0628994$ & $0.0729833$ & $-0.00109455$ & $-0.0208335$ & $-0.000636404$ & $-0.0201316$ & $-0.0258986$ & $0.00816715$ & $0.089562$ & $-0.0423909$ & $-0.0303493$ & $0.064708$ & $-0.411521$ & $-0.0360475$ & $-0.013449$ & $0.175487$ & $0.128235$ & $1$ & $0.227782$ & $0.131821$ & $-0.165041$ & $0.0235509$ & $-0.213093$ & $0.228743$ & $0.159853$ & $-0.253196$ \\
eHZgapar & $-0.350074$ & $-0.390337$ & $0.161581$ & $0.0370486$ & $-0.135731$ & $-0.0135508$ & $0.360641$ & $-0.010603$ & $-0.00558151$ & $0.0282215$ & $-0.0153365$ & $-0.302505$ & $-0.364275$ & $0.066684$ & $0.0236871$ & $0.0258885$ & $0.0415787$ & $0.0443522$ & $0.0324644$ & $-0.00319351$ & $-0.0647038$ & $-0.011157$ & $0.0513383$ & $0.0497253$ & $0.0473486$ & $-0.0252984$ & $-0.0246546$ & $0.004279$ & $-0.0370264$ & $-0.137926$ & $-0.0420585$ & $0.358483$ & $-0.122311$ & $-0.0213205$ & $0.126538$ & $-0.241345$ & $0.28919$ & $0.223981$ & $-0.133202$ & $0.122241$ & $0.227782$ & $1$ & $0.138779$ & $-0.0172509$ & $0.152988$ & $0.216272$ & $0.168942$ & $0.158764$ & $0.261314$ \\
eHgagaint & $-0.0368441$ & $-0.124404$ & $0.474896$ & $-0.166092$ & $0.0291743$ & $-0.0332508$ & $0.161186$ & $-0.0486319$ & $-0.0386633$ & $0.00674082$ & $0.0514115$ & $-0.12985$ & $-0.149513$ & $0.00531053$ & $-0.0142769$ & $-0.0151281$ & $0.0316508$ & $0.0471409$ & $0.0636918$ & $-0.0413688$ & $-0.0353809$ & $-0.0462437$ & $0.00592099$ & $0.0381441$ & $0.050933$ & $0.0169821$ & $0.0158202$ & $0.00208082$ & $-0.0141684$ & $-0.077779$ & $-0.0138132$ & $0.15393$ & $-0.0824454$ & $-0.0133604$ & $0.282651$ & $-0.0926453$ & $0.158259$ & $0.458675$ & $-0.275977$ & $0.0807319$ & $0.131821$ & $0.138779$ & $1$ & $0.157253$ & $-0.230286$ & $-0.183048$ & $0.45828$ & $-0.213592$ & $0.0185155$ \\
eHmumuint & $-0.0860883$ & $-0.118235$ & $0.0532466$ & $-0.70543$ & $0.134235$ & $-0.0146462$ & $0.142102$ & $0.0150461$ & $0.0199297$ & $-0.0246662$ & $-0.00847328$ & $-0.0290144$ & $-0.0451659$ & $-0.0201121$ & $-0.00207419$ & $-0.0146611$ & $-0.0118985$ & $0.0030726$ & $0.00786348$ & $0.0242879$ & $0.00718009$ & $-0.00460937$ & $0.0546948$ & $0.00560327$ & $0.0180515$ & $-0.0119135$ & $0.0601502$ & $0.0194753$ & $0.00735539$ & $-0.0398532$ & $-0.0111801$ & $0.148357$ & $-0.00835642$ & $0.00978202$ & $-0.387981$ & $0.47343$ & $0.414703$ & $0.449465$ & $0.0717505$ & $-0.239711$ & $-0.165041$ & $-0.0172509$ & $0.157253$ & $1$ & $-0.431036$ & $-0.037368$ & $0.000838164$ & $0.245516$ & $0.392026$ \\
eHtautauint & $0.301412$ & $0.165779$ & $0.0653109$ & $0.31561$ & $0.029644$ & $0.0227464$ & $0.0908532$ & $-0.0216963$ & $-0.0199771$ & $0.0464357$ & $0.00610122$ & $-0.109419$ & $-0.129511$ & $0.0440684$ & $0.00440164$ & $0.0408111$ & $0.0185711$ & $0.0163996$ & $-0.0137062$ & $-0.0138936$ & $-0.027845$ & $-0.0113364$ & $0.00058431$ & $0.0163249$ & $-0.0131539$ & $-0.0255273$ & $-0.054254$ & $-0.00876566$ & $-0.0145086$ & $0.00844217$ & $0.00507377$ & $0.107627$ & $0.0236078$ & $-0.0158279$ & $0.113701$ & $-0.244426$ & $-0.452237$ & $-0.197516$ & $0.266437$ & $0.152041$ & $0.0235509$ & $0.152988$ & $-0.230286$ & $-0.431036$ & $1$ & $0.0530705$ & $0.181009$ & $0.384084$ & $-0.000929007$ \\
eHccint & $-0.335868$ & $-0.610177$ & $-0.129591$ & $0.361562$ & $-0.214885$ & $-0.0129541$ & $0.0382725$ & $0.0525867$ & $0.0506305$ & $0.0118093$ & $-0.0752419$ & $-0.152386$ & $-0.175864$ & $0.033382$ & $0.00969591$ & $0.0218605$ & $0.0109684$ & $0.0103231$ & $-0.00492815$ & $0.0528479$ & $0.0137871$ & $0.0374626$ & $0.029116$ & $0.0124616$ & $0.0208257$ & $0.0401269$ & $0.0463499$ & $0.00769861$ & $0.00323112$ & $-0.091421$ & $-0.0206217$ & $0.0104203$ & $-0.066243$ & $0.00721086$ & $0.0244527$ & $-0.45986$ & $0.465971$ & $-0.169854$ & $-0.281881$ & $-0.036009$ & $-0.213093$ & $0.216272$ & $-0.183048$ & $-0.037368$ & $0.0530705$ & $1$ & $-0.140957$ & $-0.0265613$ & $0.36587$ \\
eHccpar & $0.122993$ & $0.135708$ & $0.299366$ & $-0.26829$ & $0.0789008$ & $-0.0268025$ & $0.0953672$ & $-0.0215741$ & $-0.0144486$ & $-0.0320821$ & $0.0390579$ & $-0.0746764$ & $-0.0394492$ & $-0.0234906$ & $-0.0915242$ & $-0.0475459$ & $0.0107701$ & $0.0686878$ & $0.0394906$ & $-0.041159$ & $0.000395602$ & $-0.0141408$ & $0.0158534$ & $0.00143441$ & $0.054652$ & $0.0273335$ & $0.101937$ & $0.0114351$ & $-0.00337076$ & $0.0276146$ & $0.0632778$ & $0.116181$ & $0.0422712$ & $0.0735003$ & $0.0259746$ & $-0.215019$ & $-0.240859$ & $0.245572$ & $0.145534$ & $0.371665$ & $0.228743$ & $0.168942$ & $0.45828$ & $0.000838164$ & $0.181009$ & $-0.140957$ & $1$ & $0.258569$ & $0.0479381$ \\
eHbbint & $0.191578$ & $0.278834$ & $0.0154734$ & $-0.278032$ & $0.200622$ & $0.0488195$ & $0.233674$ & $-0.114676$ & $-0.105967$ & $0.0646796$ & $0.0995925$ & $-0.192115$ & $-0.26279$ & $0.028204$ & $-0.00315712$ & $0.0201552$ & $0.0551122$ & $0.0647495$ & $0.0335914$ & $-0.0773962$ & $-0.080746$ & $-0.0693315$ & $0.0405804$ & $0.0772656$ & $0.0498979$ & $-0.0322623$ & $-0.0602188$ & $0.00630478$ & $-0.0072441$ & $-0.039306$ & $-0.0103596$ & $0.251731$ & $-0.000109269$ & $-0.0662163$ & $-0.246387$ & $0.0418416$ & $-0.289501$ & $-0.0431885$ & $0.441564$ & $0.11583$ & $0.159853$ & $0.158764$ & $-0.213592$ & $0.245516$ & $0.384084$ & $-0.0265613$ & $0.258569$ & $1$ & $0.247167$ \\
eHbbpar & $-0.221862$ & $-0.237761$ & $-0.0481383$ & $-0.364827$ & $-0.0236722$ & $-0.0046443$ & $0.205828$ & $0.0349861$ & $0.0370847$ & $0.0242641$ & $-0.05425$ & $-0.296459$ & $-0.348234$ & $0.0447004$ & $-0.0136955$ & $-0.0150791$ & $0.0249365$ & $0.0242911$ & $0.0193869$ & $0.0393244$ & $0.0399748$ & $0.0453865$ & $0.0644501$ & $0.0212678$ & $0.0414311$ & $-0.00747758$ & $0.08241$ & $0.0203582$ & $-0.010869$ & $-0.134817$ & $-0.0318701$ & $0.188964$ & $-0.0591973$ & $0.0208559$ & $-0.224245$ & $0.0294361$ & $0.268406$ & $0.174376$ & $-0.0486272$ & $-0.121443$ & $-0.253196$ & $0.261314$ & $0.0185155$ & $0.392026$ & $-0.000929007$ & $0.36587$ & $0.0479381$ & $0.247167$ & $1$ \\
