 & AlsMz & dAle5Mz & mtop & mHl & Mz & CW & CHG & CHWB & CHWHB_gaga & CHWHB_gagaorth & CHD & CHbox & CH & CHL1_11 & CHL1_22 & CHL1_33 & CHL3_11 & CHL3_22 & CHL3_33 & CHe_11 & CHe_22 & CHe_33 & CHQ1_11 & CHQ1_33 & CHQ3_11 & CHu_11 & CHd_11 & CHd_33 & CeH_22r & CeH_33r & CuH_22r & CuH_33r & CdH_33r & CLL_1221 & eHggint & eHggpar & eHWWint & eHWWpar & eHZZint & eHZZpar & eHZgaint & eHZgapar & eHgagaint & eHmumuint & eHtautauint & eHccint & eHccpar & eHbbint & eHbbpar \\
AlsMz & $1$ & $-0.128642$ & $0.00422559$ & $0.0484896$ & $0.011198$ & $-0.0516222$ & $0.143592$ & $-0.12222$ & $-0.117894$ & $0.10182$ & $0.0787851$ & $0.138625$ & $-0.164812$ & $0.093075$ & $0.179666$ & $0.166575$ & $0.0994007$ & $-0.040208$ & $-0.00854075$ & $-0.0971239$ & $-0.133753$ & $-0.135487$ & $-0.123192$ & $0.129549$ & $-0.06198$ & $0.00083095$ & $-0.349177$ & $0.00176908$ & $-0.00160346$ & $-0.087456$ & $-0.0596439$ & $0.128659$ & $-0.0398359$ & $-0.20562$ & $-0.207553$ & $-0.0486254$ & $0.034121$ & $0.207299$ & $-0.025071$ & $0.329112$ & $-0.118916$ & $-0.128646$ & $0.114523$ & $0.0390305$ & $-0.351083$ & $0.195453$ & $-0.214293$ & $0.141976$ & $0.220334$ \\
dAle5Mz & $-0.128642$ & $1$ & $-0.146636$ & $-0.18264$ & $-0.032744$ & $0.0307505$ & $0.0372101$ & $-0.0525954$ & $-0.0506621$ & $0.0470881$ & $0.0372107$ & $0.0133776$ & $0.00877051$ & $0.00876238$ & $-0.183881$ & $-0.17972$ & $0.0465726$ & $0.157955$ & $0.153577$ & $-0.0221469$ & $0.0413145$ & $0.0711423$ & $0.121098$ & $0.0297133$ & $0.178704$ & $0.00168496$ & $0.322269$ & $0.0204854$ & $-0.0135162$ & $0.0671555$ & $0.00109056$ & $0.0517689$ & $0.0815768$ & $0.163783$ & $0.134874$ & $-0.156634$ & $-0.0487773$ & $-0.342972$ & $0.146333$ & $0.0637591$ & $0.440422$ & $0.0658516$ & $-0.0300658$ & $0.148938$ & $0.381689$ & $-0.464723$ & $-0.133885$ & $0.427752$ & $0.106707$ \\
mtop & $0.00422559$ & $-0.146636$ & $1$ & $0.0645982$ & $0.0764405$ & $-0.0233523$ & $0.0930613$ & $-0.0959067$ & $-0.10469$ & $0.0759199$ & $0.0582697$ & $0.0941725$ & $-0.200388$ & $0.090067$ & $-0.020767$ & $-0.000801649$ & $0.125236$ & $0.116317$ & $0.110541$ & $-0.0704163$ & $-0.0486595$ & $-0.0949123$ & $-0.0114823$ & $0.0998566$ & $0.0909447$ & $0.0420812$ & $-0.0626452$ & $-0.0209974$ & $0.0403934$ & $-0.0980271$ & $0.0442103$ & $0.0663232$ & $-0.0508545$ & $-0.0319176$ & $-0.309969$ & $0.310545$ & $-0.439534$ & $-0.162124$ & $0.0849687$ & $-0.0299888$ & $-0.301136$ & $0.11585$ & $-0.390088$ & $-0.251749$ & $-0.103279$ & $0.297037$ & $0.50164$ & $-0.0234333$ & $0.198951$ \\
mHl & $0.0484896$ & $-0.18264$ & $0.0645982$ & $1$ & $0.0347481$ & $-0.0497388$ & $-0.181695$ & $-0.039945$ & $-0.0447667$ & $-0.0137454$ & $0.0487812$ & $-0.132234$ & $0.16723$ & $-0.0317452$ & $0.27979$ & $0.279677$ & $-0.0198036$ & $-0.209907$ & $-0.200539$ & $-0.0313103$ & $-0.107878$ & $-0.1399$ & $-0.100486$ & $0.0620252$ & $-0.206137$ & $-0.0323868$ & $-0.437037$ & $-0.105143$ & $0.0788583$ & $0.0509043$ & $0.0266143$ & $-0.179836$ & $0.0506379$ & $-0.24488$ & $-0.0109582$ & $-0.123894$ & $-0.27054$ & $0.052954$ & $-0.254217$ & $-0.063501$ & $-0.0214008$ & $0.146534$ & $-0.0836123$ & $-0.498575$ & $-0.137852$ & $0.150251$ & $-0.0940138$ & $-0.0642167$ & $-0.12768$ \\
Mz & $0.011198$ & $-0.032744$ & $0.0764405$ & $0.0347481$ & $1$ & $-0.0182157$ & $0.0530282$ & $-0.0183431$ & $-0.018974$ & $0.0378814$ & $0.0453074$ & $0.0535935$ & $-0.0604199$ & $0.0426804$ & $0.0208896$ & $0.0221633$ & $0.0317929$ & $0.0155991$ & $0.00437246$ & $0.0125603$ & $0.00382747$ & $0.0242476$ & $-0.0105994$ & $0.0378355$ & $0.0128439$ & $-0.00793$ & $-0.038137$ & $0.0372669$ & $0.0193051$ & $-0.0602102$ & $-0.0272542$ & $0.0385569$ & $-0.0537507$ & $-0.0356107$ & $-0.019412$ & $0.00237871$ & $-0.00895415$ & $-0.12506$ & $0.0431615$ & $0.0228742$ & $-0.033734$ & $0.0528228$ & $-0.0522637$ & $-0.0668397$ & $-0.0609856$ & $0.0138276$ & $0.0512811$ & $-0.0156925$ & $0.0711574$ \\
CW & $-0.0516222$ & $0.0307505$ & $-0.0233523$ & $-0.0497388$ & $-0.0182157$ & $1$ & $0.00773615$ & $-0.0459552$ & $-0.0470036$ & $0.00188565$ & $0.0530004$ & $0.0132946$ & $-0.0105618$ & $0.206016$ & $-0.0163374$ & $-0.0347241$ & $-0.158539$ & $-0.00266926$ & $0.0111496$ & $-0.0541138$ & $-0.0287071$ & $-0.0276862$ & $-0.0162774$ & $0.011122$ & $-0.000238246$ & $0.0484769$ & $0.00222726$ & $0.011664$ & $-0.0246243$ & $-0.00341817$ & $-0.00224113$ & $0.011275$ & $0.00565275$ & $-0.106804$ & $0.0280934$ & $0.0124273$ & $-0.0169015$ & $0.0154228$ & $-0.0199036$ & $-0.0141397$ & $0.0510735$ & $-0.042775$ & $-0.042161$ & $0.0444924$ & $0.0454816$ & $-0.00378721$ & $-0.0166466$ & $-0.0112369$ & $0.00758974$ \\
CHG & $0.143592$ & $0.0372101$ & $0.0930613$ & $-0.181695$ & $0.0530282$ & $0.00773615$ & $1$ & $-0.0567029$ & $-0.0291386$ & $0.11226$ & $-0.00502377$ & $0.483655$ & $-0.570796$ & $0.133256$ & $-0.0350531$ & $-0.041547$ & $0.118893$ & $0.125671$ & $0.126695$ & $-0.0120823$ & $0.0344526$ & $0.0331686$ & $-0.00215759$ & $0.0702562$ & $0.122177$ & $0.0262855$ & $0.0432963$ & $0.00973768$ & $-0.0426475$ & $-0.290517$ & $-0.129754$ & $0.92813$ & $-0.332633$ & $-0.00135237$ & $-0.0310678$ & $0.138042$ & $-0.0568409$ & $-0.012238$ & $0.122152$ & $0.0328601$ & $-0.0518469$ & $-0.0537811$ & $-0.144117$ & $-0.0298101$ & $0.0416165$ & $-0.000612059$ & $-0.0388437$ & $0.120049$ & $-0.0577213$ \\
CHWB & $-0.12222$ & $-0.0525954$ & $-0.0959067$ & $-0.039945$ & $-0.0183431$ & $-0.0459552$ & $-0.0567029$ & $1$ & $0.991994$ & $-0.483278$ & $-0.87255$ & $-0.181564$ & $0.106263$ & $-0.232092$ & $0.0388493$ & $0.100962$ & $-0.572226$ & $-0.489958$ & $-0.511898$ & $0.836488$ & $0.569345$ & $0.557855$ & $0.00655833$ & $-0.593903$ & $-0.588771$ & $-0.218405$ & $0.216556$ & $0.112108$ & $0.010963$ & $0.0453375$ & $-0.0161743$ & $-0.0530289$ & $0.0277778$ & $0.587694$ & $-0.000897032$ & $0.00645271$ & $0.0333307$ & $-0.0249633$ & $0.0725061$ & $0.0214289$ & $0.00293986$ & $0.103122$ & $0.0419476$ & $0.00137422$ & $0.0942821$ & $-0.0236801$ & $-0.0831358$ & $0.0697092$ & $-0.0190277$ \\
CHWHB_gaga & $-0.117894$ & $-0.0506621$ & $-0.10469$ & $-0.0447667$ & $-0.018974$ & $-0.0470036$ & $-0.0291386$ & $0.991994$ & $1$ & $-0.484429$ & $-0.86332$ & $-0.168967$ & $0.106284$ & $-0.238648$ & $0.0367771$ & $0.0994306$ & $-0.574557$ & $-0.488753$ & $-0.511309$ & $0.832792$ & $0.56426$ & $0.554428$ & $0.00643982$ & $-0.593792$ & $-0.587604$ & $-0.214939$ & $0.217091$ & $0.108774$ & $0.0137649$ & $0.0661729$ & $-0.00548322$ & $-0.0287565$ & $0.0499696$ & $0.581978$ & $0.00252757$ & $0.00385147$ & $0.0407929$ & $-0.0210527$ & $0.0736535$ & $0.0217693$ & $6.57907e-05$ & $0.105806$ & $0.0647387$ & $0.00911565$ & $0.0975344$ & $-0.0257126$ & $-0.0888346$ & $0.067705$ & $-0.017432$ \\
CHWHB_gagaorth & $0.10182$ & $0.0470881$ & $0.0759199$ & $-0.0137454$ & $0.0378814$ & $0.00188565$ & $0.11226$ & $-0.483278$ & $-0.484429$ & $1$ & $0.113856$ & $0.351264$ & $-0.216274$ & $0.702089$ & $0.0597496$ & $0.0107812$ & $0.779949$ & $0.544004$ & $0.569372$ & $-0.201555$ & $-0.104371$ & $-0.0969442$ & $-0.0226847$ & $0.533233$ & $0.642901$ & $0.0579021$ & $-0.143212$ & $-0.0166021$ & $-0.0285181$ & $-0.131211$ & $-0.0536472$ & $0.115169$ & $-0.140265$ & $-0.318003$ & $0.0474782$ & $0.0306462$ & $-0.0827769$ & $0.00115512$ & $0.0423569$ & $-0.0204764$ & $-0.0386986$ & $-0.0665315$ & $-0.0719965$ & $-0.0333512$ & $-0.0433096$ & $-0.0413948$ & $0.028745$ & $-0.0573068$ & $-0.0481033$ \\
CHD & $0.0787851$ & $0.0372107$ & $0.0582697$ & $0.0487812$ & $0.0453074$ & $0.0530004$ & $-0.00502377$ & $-0.87255$ & $-0.86332$ & $0.113856$ & $1$ & $0.0512587$ & $0.0122788$ & $-0.156396$ & $-0.103312$ & $-0.140287$ & $0.196726$ & $0.244538$ & $0.255187$ & $-0.875375$ & $-0.613301$ & $-0.598815$ & $0.00135385$ & $0.36399$ & $0.299043$ & $0.22189$ & $-0.154758$ & $-0.12548$ & $0.00666534$ & $0.0164673$ & $0.0376727$ & $-0.00193443$ & $0.0339713$ & $-0.445378$ & $-0.0273411$ & $-0.0234023$ & $0.0179716$ & $0.0225656$ & $-0.0976837$ & $-0.00794751$ & $0.023481$ & $-0.0790638$ & $-0.00595721$ & $0.01701$ & $-0.0802531$ & $0.0391321$ & $0.0726248$ & $-0.0425052$ & $0.0479181$ \\
CHbox & $0.138625$ & $0.0133776$ & $0.0941725$ & $-0.132234$ & $0.0535935$ & $0.0132946$ & $0.483655$ & $-0.181564$ & $-0.168967$ & $0.351264$ & $0.0512587$ & $1$ & $-0.845413$ & $0.18717$ & $0.0205108$ & $-0.0229847$ & $0.220338$ & $0.198218$ & $0.217812$ & $0.0196357$ & $-0.00195007$ & $-0.0212057$ & $0.0137962$ & $0.159039$ & $0.213021$ & $0.00443095$ & $-0.0337695$ & $0.00112095$ & $-0.0397974$ & $-0.253962$ & $-0.110963$ & $0.473035$ & $-0.292488$ & $-0.145391$ & $0.083842$ & $0.0840365$ & $-0.0327968$ & $0.038444$ & $0.132462$ & $-0.0201386$ & $-0.0891133$ & $0.0243979$ & $-0.0569837$ & $-0.0546666$ & $0.030079$ & $-0.0550081$ & $-0.0202969$ & $0.00462783$ & $-0.067859$ \\
CH & $-0.164812$ & $0.00877051$ & $-0.200388$ & $0.16723$ & $-0.0604199$ & $-0.0105618$ & $-0.570796$ & $0.106263$ & $0.106284$ & $-0.216274$ & $0.0122788$ & $-0.845413$ & $1$ & $-0.249839$ & $0.00950883$ & $0.0470582$ & $-0.24576$ & $-0.211605$ & $-0.230846$ & $0.0327687$ & $-0.0306402$ & $-0.01425$ & $-0.0132458$ & $-0.137709$ & $-0.219762$ & $-0.00638166$ & $-0.0104064$ & $-0.0102426$ & $0.0725334$ & $0.452406$ & $0.172142$ & $-0.485813$ & $0.485439$ & $0.0256007$ & $-0.0462786$ & $-0.118452$ & $0.0861645$ & $-0.0359344$ & $-0.206203$ & $0.0245479$ & $0.13502$ & $-0.0493275$ & $0.115427$ & $0.072757$ & $-0.0496079$ & $0.046788$ & $-0.00217632$ & $-0.0516436$ & $0.0638184$ \\
CHL1_11 & $0.093075$ & $0.00876238$ & $0.090067$ & $-0.0317452$ & $0.0426804$ & $0.206016$ & $0.133256$ & $-0.232092$ & $-0.238648$ & $0.702089$ & $-0.156396$ & $0.18717$ & $-0.249839$ & $1$ & $0.102163$ & $0.0499048$ & $0.610121$ & $0.473591$ & $0.497785$ & $-0.0520859$ & $0.0509844$ & $0.0502325$ & $-0.0158448$ & $0.45112$ & $0.5392$ & $0.00714825$ & $-0.149984$ & $0.0174564$ & $-0.0531923$ & $-0.138489$ & $-0.0462881$ & $0.10794$ & $-0.128087$ & $-0.225658$ & $0.0295144$ & $0.0234042$ & $-0.108524$ & $0.0181787$ & $0.0335238$ & $-0.0319307$ & $-0.0235971$ & $-0.0594861$ & $-0.0861118$ & $-0.0230276$ & $-0.0297002$ & $-0.00285553$ & $0.0288701$ & $-0.051602$ & $-0.0386129$ \\
CHL1_22 & $0.179666$ & $-0.183881$ & $-0.020767$ & $0.27979$ & $0.0208896$ & $-0.0163374$ & $-0.0350531$ & $0.0388493$ & $0.0367771$ & $0.0597496$ & $-0.103312$ & $0.0205108$ & $0.00950883$ & $0.102163$ & $1$ & $0.339933$ & $0.0299988$ & $-0.540397$ & $-0.166205$ & $0.113864$ & $-0.119015$ & $-0.0941186$ & $-0.0784494$ & $0.183068$ & $-0.213794$ & $-0.0129157$ & $-0.521301$ & $-0.0286295$ & $0.0338414$ & $-0.0276039$ & $0.0068857$ & $-0.0357689$ & $-0.0238276$ & $-0.572842$ & $-0.0230165$ & $-0.119227$ & $0.0227082$ & $0.0871906$ & $-0.144266$ & $0.0343985$ & $-0.0919686$ & $0.0201974$ & $0.00180285$ & $-0.14714$ & $-0.291585$ & $0.155336$ & $-0.0323035$ & $-0.173855$ & $-0.0167882$ \\
CHL1_33 & $0.166575$ & $-0.17972$ & $-0.000801649$ & $0.279677$ & $0.0221633$ & $-0.0347241$ & $-0.041547$ & $0.100962$ & $0.0994306$ & $0.0107812$ & $-0.140287$ & $-0.0229847$ & $0.0470582$ & $0.0499048$ & $0.339933$ & $1$ & $-0.019896$ & $-0.22285$ & $-0.544661$ & $0.147363$ & $-0.0422834$ & $-0.134186$ & $-0.067181$ & $0.117899$ & $-0.258728$ & $0.0135284$ & $-0.473168$ & $0.0138427$ & $0.0278248$ & $-0.00320231$ & $-0.00142759$ & $-0.0419979$ & $0.000692206$ & $-0.187357$ & $-0.0610739$ & $-0.0596123$ & $-0.000597067$ & $0.135758$ & $-0.18267$ & $0.0606584$ & $-0.0985398$ & $-0.0176998$ & $0.0374607$ & $-0.0905363$ & $-0.196208$ & $0.239813$ & $-0.0427239$ & $-0.121953$ & $-0.0177229$ \\
CHL3_11 & $0.0994007$ & $0.0465726$ & $0.125236$ & $-0.0198036$ & $0.0317929$ & $-0.158539$ & $0.118893$ & $-0.572226$ & $-0.574557$ & $0.779949$ & $0.196726$ & $0.220338$ & $-0.24576$ & $0.610121$ & $0.0299988$ & $-0.019896$ & $1$ & $0.627499$ & $0.643872$ & $-0.361769$ & $-0.161868$ & $-0.149179$ & $0.00544184$ & $0.592264$ & $0.745122$ & $0.0723364$ & $-0.120023$ & $-0.0238953$ & $-0.0217061$ & $-0.126859$ & $-0.0327732$ & $0.0914398$ & $-0.124208$ & $-0.250264$ & $0.029277$ & $0.049382$ & $-0.0975755$ & $0.00095904$ & $0.0475266$ & $-0.0473128$ & $-0.0489684$ & $-0.0556015$ & $-0.0703553$ & $-0.0363872$ & $-0.0343563$ & $-0.0324457$ & $0.0676573$ & $-0.0509573$ & $-0.046306$ \\
CHL3_22 & $-0.040208$ & $0.157955$ & $0.116317$ & $-0.209907$ & $0.0155991$ & $-0.00266926$ & $0.125671$ & $-0.489958$ & $-0.488753$ & $0.544004$ & $0.244538$ & $0.198218$ & $-0.211605$ & $0.473591$ & $-0.540397$ & $-0.22285$ & $0.627499$ & $1$ & $0.624155$ & $-0.337387$ & $-0.127638$ & $-0.111356$ & $0.061109$ & $0.397615$ & $0.761804$ & $0.0721534$ & $0.22417$ & $0.00257273$ & $-0.041578$ & $-0.0798938$ & $-0.0313533$ & $0.1126$ & $-0.0784444$ & $0.257917$ & $0.0534026$ & $0.127832$ & $-0.0943979$ & $-0.0430819$ & $0.113576$ & $-0.0565385$ & $0.0328064$ & $-0.078002$ & $-0.0440041$ & $0.092248$ & $0.174474$ & $-0.113835$ & $0.0671575$ & $0.0597259$ & $-0.0259126$ \\
CHL3_33 & $-0.00854075$ & $0.153577$ & $0.110541$ & $-0.200539$ & $0.00437246$ & $0.0111496$ & $0.126695$ & $-0.511898$ & $-0.511309$ & $0.569372$ & $0.255187$ & $0.217812$ & $-0.230846$ & $0.497785$ & $-0.166205$ & $-0.544661$ & $0.643872$ & $0.624155$ & $1$ & $-0.342109$ & $-0.128924$ & $-0.128869$ & $0.0258877$ & $0.41087$ & $0.768636$ & $0.0817813$ & $0.188665$ & $-0.0320014$ & $-0.0431316$ & $-0.109445$ & $-0.0270565$ & $0.109624$ & $-0.103383$ & $-0.128841$ & $0.0658686$ & $0.0544589$ & $-0.0723217$ & $-0.0960263$ & $0.145428$ & $-0.0707939$ & $0.0383441$ & $-0.0439899$ & $-0.0769367$ & $0.0535264$ & $0.0848099$ & $-0.178355$ & $0.0818019$ & $0.0322828$ & $-0.00906261$ \\
CHe_11 & $-0.0971239$ & $-0.0221469$ & $-0.0704163$ & $-0.0313103$ & $0.0125603$ & $-0.0541138$ & $-0.0120823$ & $0.836488$ & $0.832792$ & $-0.201555$ & $-0.875375$ & $0.0196357$ & $0.0327687$ & $-0.0520859$ & $0.113864$ & $0.147363$ & $-0.361769$ & $-0.337387$ & $-0.342109$ & $1$ & $0.590512$ & $0.577576$ & $-0.00595415$ & $-0.421619$ & $-0.396182$ & $-0.213436$ & $0.155401$ & $0.125922$ & $0.0141756$ & $0.00266816$ & $-0.0310714$ & $0.00418915$ & $-0.0168176$ & $0.355783$ & $0.0317528$ & $0.013589$ & $0.0109918$ & $-0.0471929$ & $0.0837715$ & $0.0282599$ & $-0.0235255$ & $0.0935806$ & $0.0186312$ & $-0.0203758$ & $0.071372$ & $-0.0396126$ & $-0.0691529$ & $0.0445522$ & $-0.0293047$ \\
CHe_22 & $-0.133753$ & $0.0413145$ & $-0.0486595$ & $-0.107878$ & $0.00382747$ & $-0.0287071$ & $0.0344526$ & $0.569345$ & $0.56426$ & $-0.104371$ & $-0.613301$ & $-0.00195007$ & $-0.0306402$ & $0.0509844$ & $-0.119015$ & $-0.0422834$ & $-0.161868$ & $-0.127638$ & $-0.128924$ & $0.590512$ & $1$ & $0.468464$ & $0.00928316$ & $-0.355472$ & $-0.191969$ & $-0.155484$ & $0.277525$ & $0.105199$ & $-0.0175081$ & $-0.0316525$ & $-0.0378449$ & $0.0237077$ & $-0.0494507$ & $0.346264$ & $0.0560492$ & $0.0281193$ & $-0.0242777$ & $-0.0744281$ & $0.126007$ & $-0.0125792$ & $0.0266807$ & $0.0589726$ & $-0.0319021$ & $0.00722648$ & $0.145466$ & $-0.106417$ & $-0.0263801$ & $0.0783442$ & $-0.0303467$ \\
CHe_33 & $-0.135487$ & $0.0711423$ & $-0.0949123$ & $-0.1399$ & $0.0242476$ & $-0.0276862$ & $0.0331686$ & $0.557855$ & $0.554428$ & $-0.0969442$ & $-0.598815$ & $-0.0212057$ & $-0.01425$ & $0.0502325$ & $-0.0941186$ & $-0.134186$ & $-0.149179$ & $-0.111356$ & $-0.128869$ & $0.577576$ & $0.468464$ & $1$ & $0.0222505$ & $-0.350809$ & $-0.176775$ & $-0.175975$ & $0.301978$ & $0.101621$ & $-0.00649828$ & $-0.0212513$ & $-0.0535679$ & $0.0319997$ & $-0.0352335$ & $0.35821$ & $0.058909$ & $0.0236081$ & $0.0219855$ & $-0.0551038$ & $0.151027$ & $-0.0294154$ & $0.02725$ & $0.0901939$ & $0.0217829$ & $0.0469094$ & $0.172243$ & $-0.122135$ & $-0.0724203$ & $0.0995334$ & $-0.0572542$ \\
CHQ1_11 & $-0.123192$ & $0.121098$ & $-0.0114823$ & $-0.100486$ & $-0.0105994$ & $-0.0162774$ & $-0.00215759$ & $0.00655833$ & $0.00643982$ & $-0.0226847$ & $0.00135385$ & $0.0137962$ & $-0.0132458$ & $-0.0158448$ & $-0.0784494$ & $-0.067181$ & $0.00544184$ & $0.061109$ & $0.0258877$ & $-0.00595415$ & $0.00928316$ & $0.0222505$ & $1$ & $-0.0378879$ & $0.0738953$ & $-0.560686$ & $0.218242$ & $0.0226921$ & $-0.00379064$ & $0.00838159$ & $0.0157954$ & $-0.00068604$ & $0.00192175$ & $0.0871337$ & $0.114826$ & $0.111683$ & $0.0272998$ & $-0.111767$ & $0.00310527$ & $0.0105344$ & $0.0158111$ & $-0.0225828$ & $0.00543934$ & $-0.00193265$ & $0.148495$ & $-0.0601572$ & $-0.0143979$ & $0.0221973$ & $-0.0426381$ \\
CHQ1_33 & $0.129549$ & $0.0297133$ & $0.0998566$ & $0.0620252$ & $0.0378355$ & $0.011122$ & $0.0702562$ & $-0.593903$ & $-0.593792$ & $0.533233$ & $0.36399$ & $0.159039$ & $-0.137709$ & $0.45112$ & $0.183068$ & $0.117899$ & $0.592264$ & $0.397615$ & $0.41087$ & $-0.421619$ & $-0.355472$ & $-0.350809$ & $-0.0378879$ & $1$ & $0.505389$ & $0.147346$ & $-0.217343$ & $0.0633833$ & $-0.0223662$ & $-0.0730797$ & $-0.00968891$ & $0.066517$ & $-0.048063$ & $-0.411645$ & $-0.0211411$ & $0.00322264$ & $-0.0723497$ & $0.0152864$ & $-0.0180525$ & $-0.0176966$ & $-0.0607689$ & $-0.0715276$ & $-0.0660413$ & $-0.0440047$ & $-0.0792563$ & $0.0187438$ & $0.0658725$ & $-0.0328612$ & $0.00433353$ \\
CHQ3_11 & $-0.06198$ & $0.178704$ & $0.0909447$ & $-0.206137$ & $0.0128439$ & $-0.000238246$ & $0.122177$ & $-0.588771$ & $-0.587604$ & $0.642901$ & $0.299043$ & $0.213021$ & $-0.219762$ & $0.5392$ & $-0.213794$ & $-0.258728$ & $0.745122$ & $0.761804$ & $0.768636$ & $-0.396182$ & $-0.191969$ & $-0.176775$ & $0.0738953$ & $0.505389$ & $1$ & $0.0747843$ & $0.278395$ & $-0.0235962$ & $-0.0455005$ & $-0.100634$ & $-0.029655$ & $0.106356$ & $-0.093075$ & $-0.0948734$ & $0.0671855$ & $0.1061$ & $-0.0678488$ & $-0.093438$ & $0.165735$ & $-0.0972539$ & $0.0326172$ & $-0.0557968$ & $-0.0713058$ & $0.074045$ & $0.160893$ & $-0.196311$ & $0.0703295$ & $0.0621715$ & $-0.0330972$ \\
CHu_11 & $0.00083095$ & $0.00168496$ & $0.0420812$ & $-0.0323868$ & $-0.00793$ & $0.0484769$ & $0.0262855$ & $-0.218405$ & $-0.214939$ & $0.0579021$ & $0.22189$ & $0.00443095$ & $-0.00638166$ & $0.00714825$ & $-0.0129157$ & $0.0135284$ & $0.0723364$ & $0.0721534$ & $0.0817813$ & $-0.213436$ & $-0.155484$ & $-0.175975$ & $-0.560686$ & $0.147346$ & $0.0747843$ & $1$ & $0.0957988$ & $-0.0400709$ & $-0.00285063$ & $0.0109007$ & $0.00174465$ & $0.0242605$ & $0.0102452$ & $-0.127609$ & $-0.0704396$ & $-0.019138$ & $-0.0337278$ & $0.0568155$ & $0.083661$ & $-0.0688905$ & $0.0284159$ & $0.00564462$ & $0.043373$ & $0.097338$ & $0.0698191$ & $-0.0275166$ & $-0.00450103$ & $0.0455459$ & $0.0386654$ \\
CHd_11 & $-0.349177$ & $0.322269$ & $-0.0626452$ & $-0.437037$ & $-0.038137$ & $0.00222726$ & $0.0432963$ & $0.216556$ & $0.217091$ & $-0.143212$ & $-0.154758$ & $-0.0337695$ & $-0.0104064$ & $-0.149984$ & $-0.521301$ & $-0.473168$ & $-0.120023$ & $0.22417$ & $0.188665$ & $0.155401$ & $0.277525$ & $0.301978$ & $0.218242$ & $-0.217343$ & $0.278395$ & $0.0957988$ & $1$ & $0.0462901$ & $-0.0418725$ & $0.0264862$ & $-0.012313$ & $0.0489022$ & $0.0193639$ & $0.520463$ & $0.09327$ & $0.149604$ & $0.0341286$ & $-0.240542$ & $0.368069$ & $-0.108175$ & $0.137231$ & $0.0827884$ & $0.00814633$ & $0.205672$ & $0.488084$ & $-0.399824$ & $-0.0121111$ & $0.310623$ & $-0.00209844$ \\
CHd_33 & $0.00176908$ & $0.0204854$ & $-0.0209974$ & $-0.105143$ & $0.0372669$ & $0.011664$ & $0.00973768$ & $0.112108$ & $0.108774$ & $-0.0166021$ & $-0.12548$ & $0.00112095$ & $-0.0102426$ & $0.0174564$ & $-0.0286295$ & $0.0138427$ & $-0.0238953$ & $0.00257273$ & $-0.0320014$ & $0.125922$ & $0.105199$ & $0.101621$ & $0.0226921$ & $0.0633833$ & $-0.0235962$ & $-0.0400709$ & $0.0462901$ & $1$ & $0.0130093$ & $-0.00272198$ & $-0.0480014$ & $0.0116004$ & $-0.0165241$ & $0.0868195$ & $-0.0154091$ & $0.039369$ & $0.0248529$ & $-7.19292e-05$ & $0.083549$ & $0.0453396$ & $-0.0512592$ & $-0.0696439$ & $-0.0100467$ & $0.0380601$ & $0.0772327$ & $-0.0367958$ & $-0.0197675$ & $0.0604817$ & $0.00732119$ \\
CeH_22r & $-0.00160346$ & $-0.0135162$ & $0.0403934$ & $0.0788583$ & $0.0193051$ & $-0.0246243$ & $-0.0426475$ & $0.010963$ & $0.0137649$ & $-0.0285181$ & $0.00666534$ & $-0.0397974$ & $0.0725334$ & $-0.0531923$ & $0.0338414$ & $0.0278248$ & $-0.0217061$ & $-0.041578$ & $-0.0431316$ & $0.0141756$ & $-0.0175081$ & $-0.00649828$ & $-0.00379064$ & $-0.0223662$ & $-0.0455005$ & $-0.00285063$ & $-0.0418725$ & $0.0130093$ & $1$ & $0.0631983$ & $0.0348332$ & $-0.0491171$ & $0.0724591$ & $-0.0110016$ & $-0.0315328$ & $-0.0123672$ & $-0.0397191$ & $-0.0251932$ & $-0.0377771$ & $-0.0169587$ & $0.00936248$ & $-0.00247922$ & $-0.0642059$ & $-0.0259508$ & $-0.0420278$ & $0.0412772$ & $0.0475053$ & $0.0131178$ & $-0.00643917$ \\
CeH_33r & $-0.087456$ & $0.0671555$ & $-0.0980271$ & $0.0509043$ & $-0.0602102$ & $-0.00341817$ & $-0.290517$ & $0.0453375$ & $0.0661729$ & $-0.131211$ & $0.0164673$ & $-0.253962$ & $0.452406$ & $-0.138489$ & $-0.0276039$ & $-0.00320231$ & $-0.126859$ & $-0.0798938$ & $-0.109445$ & $0.00266816$ & $-0.0316525$ & $-0.0212513$ & $0.00838159$ & $-0.0730797$ & $-0.100634$ & $0.0109007$ & $0.0264862$ & $-0.00272198$ & $0.0631983$ & $1$ & $0.348002$ & $-0.101058$ & $0.753478$ & $0.0427759$ & $-0.00698125$ & $-0.0169732$ & $0.0148804$ & $-0.0697137$ & $-0.0970828$ & $0.00730973$ & $0.0711313$ & $-0.0558163$ & $0.0528669$ & $0.0329258$ & $0.0306644$ & $0.020237$ & $-0.0220255$ & $-0.0371192$ & $0.0190501$ \\
CuH_22r & $-0.0596439$ & $0.00109056$ & $0.0442103$ & $0.0266143$ & $-0.0272542$ & $-0.00224113$ & $-0.129754$ & $-0.0161743$ & $-0.00548322$ & $-0.0536472$ & $0.0376727$ & $-0.110963$ & $0.172142$ & $-0.0462881$ & $0.0068857$ & $-0.00142759$ & $-0.0327732$ & $-0.0313533$ & $-0.0270565$ & $-0.0310714$ & $-0.0378449$ & $-0.0535679$ & $0.0157954$ & $-0.00968891$ & $-0.029655$ & $0.00174465$ & $-0.012313$ & $-0.0480014$ & $0.0348332$ & $0.348002$ & $1$ & $-0.0168859$ & $0.404766$ & $-0.0194343$ & $0.0034979$ & $-0.0147173$ & $-0.0292307$ & $-0.101012$ & $-0.0745513$ & $0.00579845$ & $0.0274257$ & $-0.0178841$ & $-0.0397739$ & $-0.00111214$ & $-0.0420964$ & $0.0538852$ & $0.161776$ & $-0.0645194$ & $0.0227292$ \\
CuH_33r & $0.128659$ & $0.0517689$ & $0.0663232$ & $-0.179836$ & $0.0385569$ & $0.011275$ & $0.92813$ & $-0.0530289$ & $-0.0287565$ & $0.115169$ & $-0.00193443$ & $0.473035$ & $-0.485813$ & $0.10794$ & $-0.0357689$ & $-0.0419979$ & $0.0914398$ & $0.1126$ & $0.109624$ & $0.00418915$ & $0.0237077$ & $0.0319997$ & $-0.00068604$ & $0.066517$ & $0.106356$ & $0.0242605$ & $0.0489022$ & $0.0116004$ & $-0.0491171$ & $-0.101058$ & $-0.0168859$ & $1$ & $-0.0989233$ & $-0.00605724$ & $-0.0181108$ & $0.150001$ & $-0.0550561$ & $-0.0326889$ & $0.110443$ & $0.0517807$ & $-0.0438498$ & $-0.0826953$ & $-0.136818$ & $-0.0282272$ & $0.0542877$ & $0.001315$ & $-0.0514561$ & $0.108019$ & $-0.0602355$ \\
CdH_33r & $-0.0398359$ & $0.0815768$ & $-0.0508545$ & $0.0506379$ & $-0.0537507$ & $0.00565275$ & $-0.332633$ & $0.0277778$ & $0.0499696$ & $-0.140265$ & $0.0339713$ & $-0.292488$ & $0.485439$ & $-0.128087$ & $-0.0238276$ & $0.000692206$ & $-0.124208$ & $-0.0784444$ & $-0.103383$ & $-0.0168176$ & $-0.0494507$ & $-0.0352335$ & $0.00192175$ & $-0.048063$ & $-0.093075$ & $0.0102452$ & $0.0193639$ & $-0.0165241$ & $0.0724591$ & $0.753478$ & $0.404766$ & $-0.0989233$ & $1$ & $0.0264528$ & $-0.091747$ & $-0.0780917$ & $-0.00231701$ & $-0.0982221$ & $-0.0899387$ & $0.0813317$ & $0.08013$ & $-0.0361837$ & $0.0244763$ & $0.0279795$ & $-0.0672167$ & $0.0474506$ & $0.0456809$ & $0.0272504$ & $0.222216$ \\
CLL_1221 & $-0.20562$ & $0.163783$ & $-0.0319176$ & $-0.24488$ & $-0.0356107$ & $-0.106804$ & $-0.00135237$ & $0.587694$ & $0.581978$ & $-0.318003$ & $-0.445378$ & $-0.145391$ & $0.0256007$ & $-0.225658$ & $-0.572842$ & $-0.187357$ & $-0.250264$ & $0.257917$ & $-0.128841$ & $0.355783$ & $0.346264$ & $0.35821$ & $0.0871337$ & $-0.411645$ & $-0.0948734$ & $-0.127609$ & $0.520463$ & $0.0868195$ & $-0.0110016$ & $0.0427759$ & $-0.0194343$ & $-0.00605724$ & $0.0264528$ & $1$ & $0.0281185$ & $0.101379$ & $-0.00772202$ & $-0.0847704$ & $0.166401$ & $-0.0207922$ & $0.0931902$ & $0.0534749$ & $0.0392118$ & $0.120331$ & $0.303464$ & $-0.155773$ & $-0.0364682$ & $0.187893$ & $-0.0117575$ \\
eHggint & $-0.207553$ & $0.134874$ & $-0.309969$ & $-0.0109582$ & $-0.019412$ & $0.0280934$ & $-0.0310678$ & $-0.000897032$ & $0.00252757$ & $0.0474782$ & $-0.0273411$ & $0.083842$ & $-0.0462786$ & $0.0295144$ & $-0.0230165$ & $-0.0610739$ & $0.029277$ & $0.0534026$ & $0.0658686$ & $0.0317528$ & $0.0560492$ & $0.058909$ & $0.114826$ & $-0.0211411$ & $0.0671855$ & $-0.0704396$ & $0.09327$ & $-0.0154091$ & $-0.0315328$ & $-0.00698125$ & $0.0034979$ & $-0.0181108$ & $-0.091747$ & $0.0281185$ & $1$ & $-0.0969655$ & $-0.00784888$ & $-0.0676105$ & $0.18317$ & $-0.0873668$ & $0.156478$ & $-0.0133217$ & $0.318693$ & $0.0442759$ & $0.214377$ & $-0.469937$ & $-0.166516$ & $-0.32007$ & $-0.266413$ \\
eHggpar & $-0.0486254$ & $-0.156634$ & $0.310545$ & $-0.123894$ & $0.00237871$ & $0.0124273$ & $0.138042$ & $0.00645271$ & $0.00385147$ & $0.0306462$ & $-0.0234023$ & $0.0840365$ & $-0.118452$ & $0.0234042$ & $-0.119227$ & $-0.0596123$ & $0.049382$ & $0.127832$ & $0.0544589$ & $0.013589$ & $0.0281193$ & $0.0236081$ & $0.111683$ & $0.00322264$ & $0.1061$ & $-0.019138$ & $0.149604$ & $0.039369$ & $-0.0123672$ & $-0.0169732$ & $-0.0147173$ & $0.150001$ & $-0.0780917$ & $0.101379$ & $-0.0969655$ & $1$ & $-0.230483$ & $-0.121393$ & $0.159326$ & $-0.0441142$ & $-0.281085$ & $-0.105833$ & $-0.181282$ & $-0.103876$ & $0.259818$ & $0.214886$ & $-0.0560334$ & $-0.123675$ & $-0.271708$ \\
eHWWint & $0.034121$ & $-0.0487773$ & $-0.439534$ & $-0.27054$ & $-0.00895415$ & $-0.0169015$ & $-0.0568409$ & $0.0333307$ & $0.0407929$ & $-0.0827769$ & $0.0179716$ & $-0.0327968$ & $0.0861645$ & $-0.108524$ & $0.0227082$ & $-0.000597067$ & $-0.0975755$ & $-0.0943979$ & $-0.0723217$ & $0.0109918$ & $-0.0242777$ & $0.0219855$ & $0.0272998$ & $-0.0723497$ & $-0.0678488$ & $-0.0337278$ & $0.0341286$ & $0.0248529$ & $-0.0397191$ & $0.0148804$ & $-0.0292307$ & $-0.0550561$ & $-0.00231701$ & $-0.00772202$ & $-0.00784888$ & $-0.230483$ & $1$ & $0.116902$ & $-0.0793429$ & $0.0022431$ & $-0.0198029$ & $-0.133654$ & $0.298572$ & $0.348984$ & $-0.0783362$ & $-0.118562$ & $-0.192258$ & $0.0354982$ & $-0.0447623$ \\
eHWWpar & $0.207299$ & $-0.342972$ & $-0.162124$ & $0.052954$ & $-0.12506$ & $0.0154228$ & $-0.012238$ & $-0.0249633$ & $-0.0210527$ & $0.00115512$ & $0.0225656$ & $0.038444$ & $-0.0359344$ & $0.0181787$ & $0.0871906$ & $0.135758$ & $0.00095904$ & $-0.0430819$ & $-0.0960263$ & $-0.0471929$ & $-0.0744281$ & $-0.0551038$ & $-0.111767$ & $0.0152864$ & $-0.093438$ & $0.0568155$ & $-0.240542$ & $-7.19292e-05$ & $-0.0251932$ & $-0.0697137$ & $-0.101012$ & $-0.0326889$ & $-0.0982221$ & $-0.0847704$ & $-0.0676105$ & $-0.121393$ & $0.116902$ & $1$ & $-0.1305$ & $-0.0885273$ & $-0.0382517$ & $-0.0309183$ & $0.293131$ & $0.024778$ & $0.0869239$ & $0.124362$ & $-0.358072$ & $0.00534$ & $-0.132569$ \\
eHZZint & $-0.025071$ & $0.146333$ & $0.0849687$ & $-0.254217$ & $0.0431615$ & $-0.0199036$ & $0.122152$ & $0.0725061$ & $0.0736535$ & $0.0423569$ & $-0.0976837$ & $0.132462$ & $-0.206203$ & $0.0335238$ & $-0.144266$ & $-0.18267$ & $0.0475266$ & $0.113576$ & $0.145428$ & $0.0837715$ & $0.126007$ & $0.151027$ & $0.00310527$ & $-0.0180525$ & $0.165735$ & $0.083661$ & $0.368069$ & $0.083549$ & $-0.0377771$ & $-0.0970828$ & $-0.0745513$ & $0.110443$ & $-0.0899387$ & $0.166401$ & $0.18317$ & $0.159326$ & $-0.0793429$ & $-0.1305$ & $1$ & $0.00791127$ & $-0.194001$ & $0.186725$ & $0.0896439$ & $0.0236678$ & $0.314337$ & $-0.324582$ & $-0.147016$ & $0.143438$ & $0.106759$ \\
eHZZpar & $0.329112$ & $0.0637591$ & $-0.0299888$ & $-0.063501$ & $0.0228742$ & $-0.0141397$ & $0.0328601$ & $0.0214289$ & $0.0217693$ & $-0.0204764$ & $-0.00794751$ & $-0.0201386$ & $0.0245479$ & $-0.0319307$ & $0.0343985$ & $0.0606584$ & $-0.0473128$ & $-0.0565385$ & $-0.0707939$ & $0.0282599$ & $-0.0125792$ & $-0.0294154$ & $0.0105344$ & $-0.0176966$ & $-0.0972539$ & $-0.0688905$ & $-0.108175$ & $0.0453396$ & $-0.0169587$ & $0.00730973$ & $0.00579845$ & $0.0517807$ & $0.0813317$ & $-0.0207922$ & $-0.0873668$ & $-0.0441142$ & $0.0022431$ & $-0.0885273$ & $0.00791127$ & $1$ & $-0.236073$ & $-0.0491211$ & $-0.0626953$ & $-0.151044$ & $-0.325908$ & $0.104195$ & $-0.13798$ & $0.125218$ & $0.258279$ \\
eHZgaint & $-0.118916$ & $0.440422$ & $-0.301136$ & $-0.0214008$ & $-0.033734$ & $0.0510735$ & $-0.0518469$ & $0.00293986$ & $6.57907e-05$ & $-0.0386986$ & $0.023481$ & $-0.0891133$ & $0.13502$ & $-0.0235971$ & $-0.0919686$ & $-0.0985398$ & $-0.0489684$ & $0.0328064$ & $0.0383441$ & $-0.0235255$ & $0.0266807$ & $0.02725$ & $0.0158111$ & $-0.0607689$ & $0.0326172$ & $0.0284159$ & $0.137231$ & $-0.0512592$ & $0.00936248$ & $0.0711313$ & $0.0274257$ & $-0.0438498$ & $0.08013$ & $0.0931902$ & $0.156478$ & $-0.281085$ & $-0.0198029$ & $-0.0382517$ & $-0.194001$ & $-0.236073$ & $1$ & $-0.19093$ & $-0.121817$ & $0.24006$ & $0.269368$ & $-0.192026$ & $-0.0374074$ & $0.296579$ & $-0.0278543$ \\
eHZgapar & $-0.128646$ & $0.0658516$ & $0.11585$ & $0.146534$ & $0.0528228$ & $-0.042775$ & $-0.0537811$ & $0.103122$ & $0.105806$ & $-0.0665315$ & $-0.0790638$ & $0.0243979$ & $-0.0493275$ & $-0.0594861$ & $0.0201974$ & $-0.0176998$ & $-0.0556015$ & $-0.078002$ & $-0.0439899$ & $0.0935806$ & $0.0589726$ & $0.0901939$ & $-0.0225828$ & $-0.0715276$ & $-0.0557968$ & $0.00564462$ & $0.0827884$ & $-0.0696439$ & $-0.00247922$ & $-0.0558163$ & $-0.0178841$ & $-0.0826953$ & $-0.0361837$ & $0.0534749$ & $-0.0133217$ & $-0.105833$ & $-0.133654$ & $-0.0309183$ & $0.186725$ & $-0.0491211$ & $-0.19093$ & $1$ & $0.158211$ & $-0.217706$ & $0.0277399$ & $-0.104777$ & $0.246149$ & $0.00173145$ & $0.169379$ \\
eHgagaint & $0.114523$ & $-0.0300658$ & $-0.390088$ & $-0.0836123$ & $-0.0522637$ & $-0.042161$ & $-0.144117$ & $0.0419476$ & $0.0647387$ & $-0.0719965$ & $-0.00595721$ & $-0.0569837$ & $0.115427$ & $-0.0861118$ & $0.00180285$ & $0.0374607$ & $-0.0703553$ & $-0.0440041$ & $-0.0769367$ & $0.0186312$ & $-0.0319021$ & $0.0217829$ & $0.00543934$ & $-0.0660413$ & $-0.0713058$ & $0.043373$ & $0.00814633$ & $-0.0100467$ & $-0.0642059$ & $0.0528669$ & $-0.0397739$ & $-0.136818$ & $0.0244763$ & $0.0392118$ & $0.318693$ & $-0.181282$ & $0.298572$ & $0.293131$ & $0.0896439$ & $-0.0626953$ & $-0.121817$ & $0.158211$ & $1$ & $0.348103$ & $0.168896$ & $-0.136395$ & $-0.268742$ & $-0.173088$ & $0.032563$ \\
eHmumuint & $0.0390305$ & $0.148938$ & $-0.251749$ & $-0.498575$ & $-0.0668397$ & $0.0444924$ & $-0.0298101$ & $0.00137422$ & $0.00911565$ & $-0.0333512$ & $0.01701$ & $-0.0546666$ & $0.072757$ & $-0.0230276$ & $-0.14714$ & $-0.0905363$ & $-0.0363872$ & $0.092248$ & $0.0535264$ & $-0.0203758$ & $0.00722648$ & $0.0469094$ & $-0.00193265$ & $-0.0440047$ & $0.074045$ & $0.097338$ & $0.205672$ & $0.0380601$ & $-0.0259508$ & $0.0329258$ & $-0.00111214$ & $-0.0282272$ & $0.0279795$ & $0.120331$ & $0.0442759$ & $-0.103876$ & $0.348984$ & $0.024778$ & $0.0236678$ & $-0.151044$ & $0.24006$ & $-0.217706$ & $0.348103$ & $1$ & $0.176973$ & $0.0193419$ & $0.0171122$ & $0.0617945$ & $0.0762602$ \\
eHtautauint & $-0.351083$ & $0.381689$ & $-0.103279$ & $-0.137852$ & $-0.0609856$ & $0.0454816$ & $0.0416165$ & $0.0942821$ & $0.0975344$ & $-0.0433096$ & $-0.0802531$ & $0.030079$ & $-0.0496079$ & $-0.0297002$ & $-0.291585$ & $-0.196208$ & $-0.0343563$ & $0.174474$ & $0.0848099$ & $0.071372$ & $0.145466$ & $0.172243$ & $0.148495$ & $-0.0792563$ & $0.160893$ & $0.0698191$ & $0.488084$ & $0.0772327$ & $-0.0420278$ & $0.0306644$ & $-0.0420964$ & $0.0542877$ & $-0.0672167$ & $0.303464$ & $0.214377$ & $0.259818$ & $-0.0783362$ & $0.0869239$ & $0.314337$ & $-0.325908$ & $0.269368$ & $0.0277399$ & $0.168896$ & $0.176973$ & $1$ & $-0.284304$ & $-0.244249$ & $0.251769$ & $-0.375996$ \\
eHccint & $0.195453$ & $-0.464723$ & $0.297037$ & $0.150251$ & $0.0138276$ & $-0.00378721$ & $-0.000612059$ & $-0.0236801$ & $-0.0257126$ & $-0.0413948$ & $0.0391321$ & $-0.0550081$ & $0.046788$ & $-0.00285553$ & $0.155336$ & $0.239813$ & $-0.0324457$ & $-0.113835$ & $-0.178355$ & $-0.0396126$ & $-0.106417$ & $-0.122135$ & $-0.0601572$ & $0.0187438$ & $-0.196311$ & $-0.0275166$ & $-0.399824$ & $-0.0367958$ & $0.0412772$ & $0.020237$ & $0.0538852$ & $0.001315$ & $0.0474506$ & $-0.155773$ & $-0.469937$ & $0.214886$ & $-0.118562$ & $0.124362$ & $-0.324582$ & $0.104195$ & $-0.192026$ & $-0.104777$ & $-0.136395$ & $0.0193419$ & $-0.284304$ & $1$ & $0.245961$ & $-0.138284$ & $0.0673527$ \\
eHccpar & $-0.214293$ & $-0.133885$ & $0.50164$ & $-0.0940138$ & $0.0512811$ & $-0.0166466$ & $-0.0388437$ & $-0.0831358$ & $-0.0888346$ & $0.028745$ & $0.0726248$ & $-0.0202969$ & $-0.00217632$ & $0.0288701$ & $-0.0323035$ & $-0.0427239$ & $0.0676573$ & $0.0671575$ & $0.0818019$ & $-0.0691529$ & $-0.0263801$ & $-0.0724203$ & $-0.0143979$ & $0.0658725$ & $0.0703295$ & $-0.00450103$ & $-0.0121111$ & $-0.0197675$ & $0.0475053$ & $-0.0220255$ & $0.161776$ & $-0.0514561$ & $0.0456809$ & $-0.0364682$ & $-0.166516$ & $-0.0560334$ & $-0.192258$ & $-0.358072$ & $-0.147016$ & $-0.13798$ & $-0.0374074$ & $0.246149$ & $-0.268742$ & $0.0171122$ & $-0.244249$ & $0.245961$ & $1$ & $-0.203977$ & $0.284567$ \\
eHbbint & $0.141976$ & $0.427752$ & $-0.0234333$ & $-0.0642167$ & $-0.0156925$ & $-0.0112369$ & $0.120049$ & $0.0697092$ & $0.067705$ & $-0.0573068$ & $-0.0425052$ & $0.00462783$ & $-0.0516436$ & $-0.051602$ & $-0.173855$ & $-0.121953$ & $-0.0509573$ & $0.0597259$ & $0.0322828$ & $0.0445522$ & $0.0783442$ & $0.0995334$ & $0.0221973$ & $-0.0328612$ & $0.0621715$ & $0.0455459$ & $0.310623$ & $0.0604817$ & $0.0131178$ & $-0.0371192$ & $-0.0645194$ & $0.108019$ & $0.0272504$ & $0.187893$ & $-0.32007$ & $-0.123675$ & $0.0354982$ & $0.00534$ & $0.143438$ & $0.125218$ & $0.296579$ & $0.00173145$ & $-0.173088$ & $0.0617945$ & $0.251769$ & $-0.138284$ & $-0.203977$ & $1$ & $0.109652$ \\
eHbbpar & $0.220334$ & $0.106707$ & $0.198951$ & $-0.12768$ & $0.0711574$ & $0.00758974$ & $-0.0577213$ & $-0.0190277$ & $-0.017432$ & $-0.0481033$ & $0.0479181$ & $-0.067859$ & $0.0638184$ & $-0.0386129$ & $-0.0167882$ & $-0.0177229$ & $-0.046306$ & $-0.0259126$ & $-0.00906261$ & $-0.0293047$ & $-0.0303467$ & $-0.0572542$ & $-0.0426381$ & $0.00433353$ & $-0.0330972$ & $0.0386654$ & $-0.00209844$ & $0.00732119$ & $-0.00643917$ & $0.0190501$ & $0.0227292$ & $-0.0602355$ & $0.222216$ & $-0.0117575$ & $-0.266413$ & $-0.271708$ & $-0.0447623$ & $-0.132569$ & $0.106759$ & $0.258279$ & $-0.0278543$ & $0.169379$ & $0.032563$ & $0.0762602$ & $-0.375996$ & $0.0673527$ & $0.284567$ & $0.109652$ & $1$ \\
