 & AlsMz & dAle5Mz & mtop & mHl & Mz & CW & CHG & CHWB & CHWHB_gaga & CHWHB_gagaorth & CHD & CHbox & CH & CHL1_11 & CHL1_22 & CHL1_33 & CHL3_11 & CHL3_22 & CHL3_33 & CHe_11 & CHe_22 & CHe_33 & CHQ1_11 & CHQ1_33 & CHQ3_11 & CHu_11 & CHd_11 & CHd_33 & CeH_22r & CeH_33r & CuH_22r & CuH_33r & CdH_33r & CLL_1221 & eHggint & eHggpar & eHWWint & eHWWpar & eHZZint & eHZZpar & eHZgaint & eHZgapar & eHgagaint & eHmumuint & eHtautauint & eHccint & eHccpar & eHbbint & eHbbpar \\
AlsMz & $1$ & $0.271697$ & $0.10184$ & $0.0974592$ & $-0.00226129$ & $0.0278777$ & $-0.0514337$ & $-0.0380016$ & $-0.0479704$ & $0.0297655$ & $0.0379888$ & $0.044626$ & $-0.0271914$ & $-0.0243519$ & $0.0073653$ & $0.0393963$ & $-0.0172675$ & $-0.0104574$ & $-0.0406697$ & $-0.0315613$ & $-0.0432199$ & $-0.0495467$ & $0.00489723$ & $0.0047517$ & $-0.0699271$ & $0.00175384$ & $-0.0694684$ & $-0.0039598$ & $-0.010844$ & $-0.0599686$ & $-0.0273657$ & $-0.0396384$ & $0.0824205$ & $-0.0315954$ & $0.107564$ & $0.213554$ & $0.274886$ & $-0.0440215$ & $0.214856$ & $-0.0554714$ & $0.177736$ & $-0.0210614$ & $-0.0133746$ & $-0.452663$ & $-0.248552$ & $0.214244$ & $-0.090797$ & $0.522195$ & $0.225367$ \\
dAle5Mz & $0.271697$ & $1$ & $0.039996$ & $0.0559558$ & $-0.00087931$ & $-0.00131416$ & $0.0341451$ & $-0.0652537$ & $-0.0478734$ & $0.0346105$ & $0.0444521$ & $0.0279513$ & $0.00412905$ & $-0.00369007$ & $-0.00792151$ & $-0.00165526$ & $0.0260021$ & $0.0301146$ & $0.012483$ & $-0.0279588$ & $-0.0356749$ & $-0.0412013$ & $-0.01543$ & $0.0474089$ & $0.0236773$ & $0.0477948$ & $-0.0147885$ & $-0.00956084$ & $-0.0125693$ & $-0.0459102$ & $0.0387907$ & $0.0403151$ & $0.0698759$ & $-0.0203872$ & $-0.178263$ & $0.215583$ & $-0.0896032$ & $-0.006836$ & $0.205967$ & $0.0221053$ & $-0.0542598$ & $-0.0141386$ & $0.460704$ & $-0.06539$ & $-0.400495$ & $0.273154$ & $0.199656$ & $0.0528808$ & $0.177481$ \\
mtop & $0.10184$ & $0.039996$ & $1$ & $0.559546$ & $0.0285837$ & $-0.00267638$ & $0.0340887$ & $0.0015516$ & $0.0181034$ & $0.0118464$ & $-0.0220083$ & $-0.0197111$ & $-0.0409649$ & $0.0325424$ & $0.0518229$ & $0.0861034$ & $0.0430235$ & $0.0137291$ & $-0.0115182$ & $0.0364828$ & $0.0183052$ & $0.0258048$ & $-0.0165914$ & $0.0388051$ & $-0.00231153$ & $-0.0249047$ & $-0.0647651$ & $-0.0243317$ & $0.00592327$ & $0.000249765$ & $0.0128586$ & $0.0306102$ & $0.0172953$ & $-0.0351445$ & $-0.270795$ & $0.137578$ & $-0.0474354$ & $0.010948$ & $0.281781$ & $0.0411331$ & $0.2723$ & $0.030084$ & $0.279541$ & $-0.523499$ & $0.0477547$ & $-0.218203$ & $0.0550198$ & $0.336852$ & $0.0213292$ \\
mHl & $0.0974592$ & $0.0559558$ & $0.559546$ & $1$ & $0.0161341$ & $-0.0353988$ & $0.0216065$ & $0.0621657$ & $0.0659526$ & $-0.0362343$ & $-0.0510728$ & $0.0144711$ & $0.0623922$ & $-0.0147613$ & $0.0612673$ & $0.0570703$ & $-0.014909$ & $-0.0594246$ & $-0.061613$ & $0.0586172$ & $0.0512446$ & $0.0492629$ & $0.0201921$ & $-0.0448085$ & $-0.0642873$ & $-0.0450737$ & $-0.0244859$ & $0.0426381$ & $-0.00434181$ & $0.00142323$ & $0.0553467$ & $0.0124942$ & $0.0382697$ & $0.0078045$ & $-0.340982$ & $0.306317$ & $-0.0822393$ & $-0.0266994$ & $0.382111$ & $0.0870285$ & $0.133767$ & $0.0514968$ & $0.0702911$ & $-0.495392$ & $0.0294326$ & $0.0401212$ & $0.240244$ & $0.318459$ & $-0.00799428$ \\
Mz & $-0.00226129$ & $-0.00087931$ & $0.0285837$ & $0.0161341$ & $1$ & $-0.00358561$ & $0.0176952$ & $-0.00592314$ & $-0.00132989$ & $0.00257874$ & $0.00499164$ & $0.00981251$ & $-0.0123312$ & $0.00398898$ & $0.000362162$ & $-0.00246238$ & $0.0240904$ & $0.0146514$ & $0.0188865$ & $0.00348061$ & $0.00372225$ & $0.0105354$ & $0.0038882$ & $0.019074$ & $0.0267408$ & $0.00827803$ & $0.0214861$ & $-0.0209148$ & $0.010664$ & $0.00135154$ & $-0.0306877$ & $0.0145628$ & $0.00928714$ & $-0.00268488$ & $-0.0302887$ & $0.00093018$ & $-0.0391706$ & $-0.0127349$ & $0.0240813$ & $-0.00859899$ & $-0.00873528$ & $-0.019369$ & $0.00112409$ & $-0.0221483$ & $-0.00994669$ & $-0.0052258$ & $-0.0502545$ & $0.00866925$ & $0.0486079$ \\
CW & $0.0278777$ & $-0.00131416$ & $-0.00267638$ & $-0.0353988$ & $-0.00358561$ & $1$ & $-0.0132999$ & $-0.106403$ & $-0.108013$ & $0.0244871$ & $0.176653$ & $0.0661832$ & $-0.0190383$ & $-0.00559582$ & $-0.0950628$ & $-0.101171$ & $-0.270175$ & $-0.0658556$ & $-0.0636085$ & $-0.178662$ & $-0.17464$ & $-0.178992$ & $0.00339211$ & $-0.0125014$ & $-0.0935403$ & $0.0877445$ & $-0.0353762$ & $-0.0891798$ & $0.0070926$ & $-0.041086$ & $-0.00765303$ & $-0.0160923$ & $-0.0325452$ & $-0.0899911$ & $0.00679645$ & $-0.0119349$ & $0.0473223$ & $0.00300278$ & $0.0168041$ & $-0.0293163$ & $0.0315407$ & $-0.0222101$ & $-0.0246338$ & $-0.00596797$ & $0.0244424$ & $-0.0165928$ & $-0.0104247$ & $0.00283028$ & $-0.00958382$ \\
CHG & $-0.0514337$ & $0.0341451$ & $0.0340887$ & $0.0216065$ & $0.0176952$ & $-0.0132999$ & $1$ & $-0.0196964$ & $0.0282805$ & $0.0152797$ & $-0.0164811$ & $-0.165225$ & $-0.280173$ & $0.0668086$ & $0.0193801$ & $-0.0122959$ & $0.0743127$ & $0.054584$ & $0.077245$ & $0.0143744$ & $0.0154104$ & $0.0184565$ & $0.0307514$ & $0.0616654$ & $0.0800099$ & $-0.0382603$ & $0.0106143$ & $0.00113555$ & $0.0159998$ & $-0.0945779$ & $-0.0488977$ & $0.937065$ & $-0.173329$ & $-0.0288127$ & $-0.00092205$ & $0.0644627$ & $-0.0180452$ & $-0.0264351$ & $0.0698811$ & $-0.0417768$ & $-0.0540916$ & $0.0716002$ & $0.0586894$ & $0.00578894$ & $0.0425358$ & $-0.0513184$ & $-0.0140893$ & $-0.0172984$ & $-0.112502$ \\
CHWB & $-0.0380016$ & $-0.0652537$ & $0.0015516$ & $0.0621657$ & $-0.00592314$ & $-0.106403$ & $-0.0196964$ & $1$ & $0.984558$ & $-0.574$ & $-0.886266$ & $-0.110253$ & $0.327849$ & $0.135333$ & $0.288326$ & $0.272752$ & $-0.227195$ & $-0.417215$ & $-0.407364$ & $0.857705$ & $0.902302$ & $0.880076$ & $0.0894922$ & $-0.678689$ & $-0.373107$ & $-0.514535$ & $0.454166$ & $0.314061$ & $0.0184035$ & $0.119533$ & $0.0670635$ & $-0.00638217$ & $0.120596$ & $0.573213$ & $-0.0134664$ & $-0.0153031$ & $-0.0289341$ & $0.0158989$ & $-0.00236682$ & $-6.20098e-05$ & $0.0203254$ & $-0.0470531$ & $-0.0370182$ & $0.0101889$ & $0.0351984$ & $-0.0154697$ & $0.0408421$ & $-0.0116515$ & $-0.0611651$ \\
CHWHB_gaga & $-0.0479704$ & $-0.0478734$ & $0.0181034$ & $0.0659526$ & $-0.00132989$ & $-0.108013$ & $0.0282805$ & $0.984558$ & $1$ & $-0.566194$ & $-0.87118$ & $-0.0924336$ & $0.325575$ & $0.129715$ & $0.292136$ & $0.273435$ & $-0.228051$ & $-0.41889$ & $-0.40674$ & $0.844549$ & $0.886771$ & $0.865671$ & $0.0865892$ & $-0.668298$ & $-0.373674$ & $-0.507961$ & $0.439321$ & $0.312244$ & $0.0269579$ & $0.146714$ & $0.0751891$ & $0.0339213$ & $0.142644$ & $0.55751$ & $-0.0358618$ & $-0.0115915$ & $-0.0605437$ & $0.0136744$ & $-0.0126418$ & $-0.00371757$ & $0.0341617$ & $-0.0475616$ & $0.0106072$ & $0.00616225$ & $0.0234078$ & $-0.0141202$ & $0.0543868$ & $-0.0180026$ & $-0.0745665$ \\
CHWHB_gagaorth & $0.0297655$ & $0.0346105$ & $0.0118464$ & $-0.0362343$ & $0.00257874$ & $0.0244871$ & $0.0152797$ & $-0.574$ & $-0.566194$ & $1$ & $0.374852$ & $0.466834$ & $-0.213052$ & $0.198643$ & $-0.13225$ & $-0.111431$ & $0.401449$ & $0.472621$ & $0.459705$ & $-0.360455$ & $-0.390204$ & $-0.381192$ & $-0.0296179$ & $0.552693$ & $0.446272$ & $0.184579$ & $-0.256498$ & $-0.150154$ & $-0.00898532$ & $-0.125822$ & $-0.066748$ & $0.0203733$ & $-0.144063$ & $-0.349885$ & $0.0231019$ & $0.0195443$ & $0.0520664$ & $-0.0159825$ & $0.0344312$ & $-0.0215293$ & $-0.0387966$ & $0.0159628$ & $0.00466267$ & $0.0239438$ & $0.0136607$ & $-0.0140827$ & $-0.0609301$ & $0.0450469$ & $0.0388153$ \\
CHD & $0.0379888$ & $0.0444521$ & $-0.0220083$ & $-0.0510728$ & $0.00499164$ & $0.176653$ & $-0.0164811$ & $-0.886266$ & $-0.87118$ & $0.374852$ & $1$ & $0.215568$ & $-0.173494$ & $-0.530901$ & $-0.406522$ & $-0.385689$ & $-0.215679$ & $0.0630472$ & $0.052185$ & $-0.990508$ & $-0.991642$ & $-0.969979$ & $-0.0562902$ & $0.327166$ & $0.00300011$ & $0.583616$ & $-0.335867$ & $-0.349612$ & $-0.00978226$ & $-0.0869894$ & $-0.05129$ & $-0.0183748$ & $-0.0827651$ & $-0.392678$ & $-0.000350817$ & $0.0255805$ & $0.0329181$ & $-0.0251541$ & $-0.00245987$ & $0.00462205$ & $-0.0117968$ & $0.0438961$ & $0.0105074$ & $-0.00476024$ & $-0.0481478$ & $0.0208679$ & $-0.039325$ & $0.0183335$ & $0.0385062$ \\
CHbox & $0.044626$ & $0.0279513$ & $-0.0197111$ & $0.0144711$ & $0.00981251$ & $0.0661832$ & $-0.165225$ & $-0.110253$ & $-0.0924336$ & $0.466834$ & $0.215568$ & $1$ & $0.468986$ & $-0.251828$ & $-0.0338916$ & $-0.0192658$ & $-0.240803$ & $-0.175886$ & $-0.180867$ & $-0.19966$ & $-0.217518$ & $-0.212824$ & $-0.00965573$ & $-0.0630566$ & $-0.183166$ & $0.113006$ & $-0.0922276$ & $-0.0797415$ & $0.0430242$ & $0.289783$ & $0.0872422$ & $-0.0839549$ & $0.351952$ & $-0.0799397$ & $-0.0137006$ & $0.0551101$ & $0.0336179$ & $-0.0430531$ & $0.0321456$ & $-0.02353$ & $0.0241899$ & $-0.00925405$ & $-0.0228729$ & $-0.0146434$ & $-0.00678516$ & $0.0131264$ & $-0.0555649$ & $0.0521199$ & $-0.0191412$ \\
CH & $-0.0271914$ & $0.00412905$ & $-0.0409649$ & $0.0623922$ & $-0.0123312$ & $-0.0190383$ & $-0.280173$ & $0.327849$ & $0.325575$ & $-0.213052$ & $-0.173494$ & $0.468986$ & $1$ & $-0.193472$ & $0.0760978$ & $0.0499586$ & $-0.32048$ & $-0.347309$ & $-0.330228$ & $0.169331$ & $0.182664$ & $0.18099$ & $0.026921$ & $-0.354613$ & $-0.324443$ & $-0.0931562$ & $0.14513$ & $0.0799048$ & $0.0274086$ & $0.262144$ & $0.107774$ & $-0.231251$ & $0.340898$ & $0.193692$ & $-0.00684776$ & $0.0432834$ & $-0.0439744$ & $0.0222221$ & $-0.0126132$ & $0.0267493$ & $0.0271137$ & $-0.0209298$ & $0.0116336$ & $0.0145284$ & $-0.00526646$ & $0.025364$ & $0.0154044$ & $-0.0288213$ & $-0.00191048$ \\
CHL1_11 & $-0.0243519$ & $-0.00369007$ & $0.0325424$ & $-0.0147613$ & $0.00398898$ & $-0.00559582$ & $0.0668086$ & $0.135333$ & $0.129715$ & $0.198643$ & $-0.530901$ & $-0.251828$ & $-0.193472$ & $1$ & $0.277486$ & $0.256662$ & $0.648065$ & $0.574586$ & $0.582249$ & $0.548434$ & $0.492635$ & $0.483215$ & $-0.0199584$ & $0.435889$ & $0.586219$ & $-0.322441$ & $-0.0579149$ & $0.173968$ & $-0.0142113$ & $-0.0194443$ & $5.09862e-05$ & $0.0487338$ & $-0.0349846$ & $-0.175786$ & $0.0298211$ & $-0.0291539$ & $-0.00819161$ & $0.00942719$ & $0.012573$ & $-0.0124439$ & $0.0041056$ & $-0.00236857$ & $0.0213596$ & $-0.0110716$ & $0.0506485$ & $-0.0366419$ & $0.00452451$ & $-0.0216859$ & $0.00965203$ \\
CHL1_22 & $0.0073653$ & $-0.00792151$ & $0.0518229$ & $0.0612673$ & $0.000362162$ & $-0.0950628$ & $0.0193801$ & $0.288326$ & $0.292136$ & $-0.13225$ & $-0.406522$ & $-0.0338916$ & $0.0760978$ & $0.277486$ & $1$ & $0.434163$ & $0.156332$ & $-0.455937$ & $-0.028121$ & $0.472858$ & $0.323805$ & $0.310578$ & $-0.194057$ & $0.113062$ & $-0.134898$ & $-0.161203$ & $-0.378564$ & $0.15675$ & $-0.0191316$ & $0.0459442$ & $0.0443931$ & $0.0194333$ & $0.0443735$ & $-0.59112$ & $-0.0331292$ & $0.0135795$ & $-0.0612981$ & $0.0419176$ & $-0.023915$ & $-0.0374189$ & $0.0233714$ & $0.0243232$ & $0.0551649$ & $-0.0225004$ & $-0.00023998$ & $0.0779007$ & $0.0600138$ & $-0.0210583$ & $0.0386316$ \\
CHL1_33 & $0.0393963$ & $-0.00165526$ & $0.0861034$ & $0.0570703$ & $-0.00246238$ & $-0.101171$ & $-0.0122959$ & $0.272752$ & $0.273435$ & $-0.111431$ & $-0.385689$ & $-0.0192658$ & $0.0499586$ & $0.256662$ & $0.434163$ & $1$ & $0.148161$ & $-0.0282987$ & $-0.443283$ & $0.45129$ & $0.304936$ & $0.322739$ & $-0.144416$ & $0.104052$ & $-0.116775$ & $-0.188419$ & $-0.356937$ & $0.121748$ & $-0.000711053$ & $0.0110744$ & $0.00479681$ & $-0.0113597$ & $0.0153968$ & $-0.103058$ & $-0.0220009$ & $0.01621$ & $-0.0107455$ & $-0.0335065$ & $0.0215414$ & $-0.0132982$ & $0.0673319$ & $0.00726521$ & $0.0469725$ & $-0.0657297$ & $-0.0162607$ & $0.00399358$ & $0.0187811$ & $0.0441394$ & $0.0267788$ \\
CHL3_11 & $-0.0172675$ & $0.0260021$ & $0.0430235$ & $-0.014909$ & $0.0240904$ & $-0.270175$ & $0.0743127$ & $-0.227195$ & $-0.228051$ & $0.401449$ & $-0.215679$ & $-0.240803$ & $-0.32048$ & $0.648065$ & $0.156332$ & $0.148161$ & $1$ & $0.737474$ & $0.73887$ & $0.238901$ & $0.18623$ & $0.188411$ & $-0.0330893$ & $0.664945$ & $0.780362$ & $-0.142926$ & $-0.14032$ & $0.0748835$ & $-0.0116263$ & $-0.0731799$ & $-0.0457849$ & $0.0492842$ & $-0.0851374$ & $-0.224141$ & $0.0251134$ & $-0.0305048$ & $-0.00787041$ & $0.0394831$ & $0.00513$ & $-0.00398103$ & $-0.0374871$ & $-0.00965776$ & $0.0454563$ & $0.00573714$ & $0.0323472$ & $-0.0120854$ & $-0.00791716$ & $-0.0152967$ & $0.0369253$ \\
CHL3_22 & $-0.0104574$ & $0.0301146$ & $0.0137291$ & $-0.0594246$ & $0.0146514$ & $-0.0658556$ & $0.054584$ & $-0.417215$ & $-0.41889$ & $0.472621$ & $0.0630472$ & $-0.175886$ & $-0.347309$ & $0.574586$ & $-0.455937$ & $-0.0282987$ & $0.737474$ & $1$ & $0.667624$ & $-0.0659565$ & $-0.0556263$ & $-0.04271$ & $0.0615912$ & $0.60536$ & $0.794092$ & $-0.020886$ & $0.00908975$ & $-0.041311$ & $-0.00248744$ & $-0.0942687$ & $-0.0634802$ & $0.0328223$ & $-0.105771$ & $0.0602091$ & $0.0484618$ & $-0.0317848$ & $0.0330157$ & $-0.0126936$ & $0.0281882$ & $0.0154117$ & $-0.0270348$ & $-0.00970733$ & $0.0115582$ & $0.000475157$ & $0.0324023$ & $-0.0708034$ & $-0.0485634$ & $0.00126187$ & $0.0141389$ \\
CHL3_33 & $-0.0406697$ & $0.012483$ & $-0.0115182$ & $-0.061613$ & $0.0188865$ & $-0.0636085$ & $0.077245$ & $-0.407364$ & $-0.40674$ & $0.459705$ & $0.052185$ & $-0.180867$ & $-0.330228$ & $0.582249$ & $-0.028121$ & $-0.443283$ & $0.73887$ & $0.667624$ & $1$ & $-0.0546779$ & $-0.0444332$ & $-0.0323551$ & $0.0301855$ & $0.607115$ & $0.783499$ & $0.0021008$ & $0.00177476$ & $-0.0168171$ & $-0.0175458$ & $-0.0712603$ & $-0.0369818$ & $0.053477$ & $-0.0889173$ & $-0.314203$ & $0.0407295$ & $-0.0365225$ & $-0.000895414$ & $0.0371612$ & $-0.0135957$ & $-0.00412731$ & $-0.0550719$ & $0.00452093$ & $0.00969805$ & $0.0384693$ & $0.0479437$ & $-0.0173074$ & $-0.0201585$ & $-0.0476468$ & $0.0235651$ \\
CHe_11 & $-0.0315613$ & $-0.0279588$ & $0.0364828$ & $0.0586172$ & $0.00348061$ & $-0.178662$ & $0.0143744$ & $0.857705$ & $0.844549$ & $-0.360455$ & $-0.990508$ & $-0.19966$ & $0.169331$ & $0.548434$ & $0.472858$ & $0.45129$ & $0.238901$ & $-0.0659565$ & $-0.0546779$ & $1$ & $0.973$ & $0.952861$ & $0.0292684$ & $-0.271377$ & $0.00317159$ & $-0.57106$ & $0.263058$ & $0.345241$ & $0.0100045$ & $0.0861891$ & $0.053188$ & $0.0166342$ & $0.0837234$ & $0.313303$ & $-0.00879354$ & $-0.0217305$ & $-0.0410907$ & $0.0222192$ & $0.00675053$ & $-0.00606414$ & $0.0194246$ & $-0.0369524$ & $0.00605182$ & $-0.00645188$ & $0.0405819$ & $-0.0148942$ & $0.0454373$ & $-0.0156822$ & $-0.0276508$ \\
CHe_22 & $-0.0432199$ & $-0.0356749$ & $0.0183052$ & $0.0512446$ & $0.00372225$ & $-0.17464$ & $0.0154104$ & $0.902302$ & $0.886771$ & $-0.390204$ & $-0.991642$ & $-0.217518$ & $0.182664$ & $0.492635$ & $0.323805$ & $0.304936$ & $0.18623$ & $-0.0556263$ & $-0.0444332$ & $0.973$ & $1$ & $0.975068$ & $0.084193$ & $-0.381143$ & $-0.00775348$ & $-0.586454$ & $0.41137$ & $0.348941$ & $0.011701$ & $0.0888885$ & $0.0520929$ & $0.0174627$ & $0.0851889$ & $0.475424$ & $-0.00508269$ & $-0.0267777$ & $-0.0334017$ & $0.0261862$ & $0.00512299$ & $0.00103181$ & $0.00798292$ & $-0.0498965$ & $-0.0121265$ & $0.00912517$ & $0.0461542$ & $-0.02451$ & $0.0407563$ & $-0.019808$ & $-0.0453484$ \\
CHe_33 & $-0.0495467$ & $-0.0412013$ & $0.0258048$ & $0.0492629$ & $0.0105354$ & $-0.178992$ & $0.0184565$ & $0.880076$ & $0.865671$ & $-0.381192$ & $-0.969979$ & $-0.212824$ & $0.18099$ & $0.483215$ & $0.310578$ & $0.322739$ & $0.188411$ & $-0.04271$ & $-0.0323551$ & $0.952861$ & $0.975068$ & $1$ & $0.0858747$ & $-0.369023$ & $0.00239805$ & $-0.576774$ & $0.405531$ & $0.333795$ & $0.0122105$ & $0.0889509$ & $0.0466685$ & $0.0207933$ & $0.0832049$ & $0.470958$ & $-0.00220578$ & $-0.0278631$ & $-0.0357108$ & $0.0259632$ & $-0.00101781$ & $-0.00169871$ & $0.0148785$ & $-0.0494818$ & $-0.0053592$ & $0.00750231$ & $0.0564737$ & $-0.0294743$ & $0.0332556$ & $-0.0262703$ & $-0.0438369$ \\
CHQ1_11 & $0.00489723$ & $-0.01543$ & $-0.0165914$ & $0.0201921$ & $0.0038882$ & $0.00339211$ & $0.0307514$ & $0.0894922$ & $0.0865892$ & $-0.0296179$ & $-0.0562902$ & $-0.00965573$ & $0.026921$ & $-0.0199584$ & $-0.194057$ & $-0.144416$ & $-0.0330893$ & $0.0615912$ & $0.0301855$ & $0.0292684$ & $0.084193$ & $0.0858747$ & $1$ & $-0.131571$ & $0.117945$ & $-0.689336$ & $0.360815$ & $0.0234016$ & $0.00905366$ & $1.82118e-05$ & $0.00516666$ & $0.0286879$ & $-0.00540872$ & $0.234311$ & $0.0581701$ & $-0.0231157$ & $0.00127089$ & $-0.01229$ & $0.0551548$ & $0.0453867$ & $-0.0383127$ & $-0.00104674$ & $-0.0460664$ & $0.0141361$ & $0.0401916$ & $-0.0316565$ & $0.016475$ & $-0.00752152$ & $-0.0226852$ \\
CHQ1_33 & $0.0047517$ & $0.0474089$ & $0.0388051$ & $-0.0448085$ & $0.019074$ & $-0.0125014$ & $0.0616654$ & $-0.678689$ & $-0.668298$ & $0.552693$ & $0.327166$ & $-0.0630566$ & $-0.354613$ & $0.435889$ & $0.113062$ & $0.104052$ & $0.664945$ & $0.60536$ & $0.607115$ & $-0.271377$ & $-0.381143$ & $-0.369023$ & $-0.131571$ & $1$ & $0.625833$ & $0.200638$ & $-0.428959$ & $-0.0200795$ & $-0.0300366$ & $-0.107388$ & $-0.0653021$ & $0.0385027$ & $-0.116537$ & $-0.635201$ & $0.0269904$ & $-0.00625674$ & $-5.24121e-05$ & $0.0168985$ & $-0.00373998$ & $-0.0104617$ & $-0.0352211$ & $0.0349122$ & $0.0658144$ & $-0.00106443$ & $0.00455457$ & $0.00115039$ & $-0.0355883$ & $0.000105413$ & $0.0701384$ \\
CHQ3_11 & $-0.0699271$ & $0.0236773$ & $-0.00231153$ & $-0.0642873$ & $0.0267408$ & $-0.0935403$ & $0.0800099$ & $-0.373107$ & $-0.373674$ & $0.446272$ & $0.00300011$ & $-0.183166$ & $-0.324443$ & $0.586219$ & $-0.134898$ & $-0.116775$ & $0.780362$ & $0.794092$ & $0.783499$ & $0.00317159$ & $-0.00775348$ & $0.00239805$ & $0.117945$ & $0.625833$ & $1$ & $-0.0205667$ & $0.22778$ & $-0.0144332$ & $-0.00387918$ & $-0.0813406$ & $-0.0369669$ & $0.0552068$ & $-0.104278$ & $-0.166906$ & $0.02174$ & $-0.0276752$ & $0.00979455$ & $0.0265434$ & $0.00822158$ & $0.0133519$ & $-0.0624383$ & $0.00302974$ & $0.0183989$ & $0.050523$ & $0.0401218$ & $-0.0526226$ & $-0.0361905$ & $-0.0432166$ & $0.0104278$ \\
CHu_11 & $0.00175384$ & $0.0477948$ & $-0.0249047$ & $-0.0450737$ & $0.00827803$ & $0.0877445$ & $-0.0382603$ & $-0.514535$ & $-0.507961$ & $0.184579$ & $0.583616$ & $0.113006$ & $-0.0931562$ & $-0.322441$ & $-0.161203$ & $-0.188419$ & $-0.142926$ & $-0.020886$ & $0.0021008$ & $-0.57106$ & $-0.586454$ & $-0.576774$ & $-0.689336$ & $0.200638$ & $-0.0205667$ & $1$ & $-0.20453$ & $-0.215377$ & $-0.00573622$ & $-0.0509061$ & $-0.0326989$ & $-0.0406038$ & $-0.0513954$ & $-0.291631$ & $-0.0518617$ & $0.0397641$ & $0.0194752$ & $0.00819155$ & $-0.036858$ & $-0.0256371$ & $0.005292$ & $0.024793$ & $0.0170883$ & $0.00877039$ & $-0.0582854$ & $0.0521784$ & $-0.021252$ & $-0.00741607$ & $0.0267035$ \\
CHd_11 & $-0.0694684$ & $-0.0147885$ & $-0.0647651$ & $-0.0244859$ & $0.0214861$ & $-0.0353762$ & $0.0106143$ & $0.454166$ & $0.439321$ & $-0.256498$ & $-0.335867$ & $-0.0922276$ & $0.14513$ & $-0.0579149$ & $-0.378564$ & $-0.356937$ & $-0.14032$ & $0.00908975$ & $0.00177476$ & $0.263058$ & $0.41137$ & $0.405531$ & $0.360815$ & $-0.428959$ & $0.22778$ & $-0.20453$ & $1$ & $0.100719$ & $0.0243247$ & $0.0390368$ & $0.023776$ & $0.01199$ & $0.0318654$ & $0.69021$ & $0.00571463$ & $-0.0113337$ & $0.0174012$ & $0.0282957$ & $0.0112604$ & $0.0326456$ & $-0.0620949$ & $-0.0448423$ & $-0.0637707$ & $0.0827243$ & $0.0320043$ & $-0.0494268$ & $-0.0199546$ & $-0.0323625$ & $-0.0679836$ \\
CHd_33 & $-0.0039598$ & $-0.00956084$ & $-0.0243317$ & $0.0426381$ & $-0.0209148$ & $-0.0891798$ & $0.00113555$ & $0.314061$ & $0.312244$ & $-0.150154$ & $-0.349612$ & $-0.0797415$ & $0.0799048$ & $0.173968$ & $0.15675$ & $0.121748$ & $0.0748835$ & $-0.041311$ & $-0.0168171$ & $0.345241$ & $0.348941$ & $0.333795$ & $0.0234016$ & $-0.0200795$ & $-0.0144332$ & $-0.215377$ & $0.100719$ & $1$ & $-0.00327945$ & $0.0476356$ & $0.00238625$ & $-0.00246034$ & $0.0350741$ & $0.132424$ & $-0.000955312$ & $-0.00195465$ & $-0.0266132$ & $0.029188$ & $-0.0230443$ & $-0.0299669$ & $-0.0297049$ & $-0.000196094$ & $0.00236486$ & $0.00875204$ & $-0.009715$ & $-0.00898529$ & $0.0428027$ & $0.00361944$ & $-0.0189337$ \\
CeH_22r & $-0.010844$ & $-0.0125693$ & $0.00592327$ & $-0.00434181$ & $0.010664$ & $0.0070926$ & $0.0159998$ & $0.0184035$ & $0.0269579$ & $-0.00898532$ & $-0.00978226$ & $0.0430242$ & $0.0274086$ & $-0.0142113$ & $-0.0191316$ & $-0.000711053$ & $-0.0116263$ & $-0.00248744$ & $-0.0175458$ & $0.0100045$ & $0.011701$ & $0.0122105$ & $0.00905366$ & $-0.0300366$ & $-0.00387918$ & $-0.00573622$ & $0.0243247$ & $-0.00327945$ & $1$ & $0.0462707$ & $0.00673858$ & $0.00593842$ & $0.040791$ & $0.0318981$ & $-0.00112052$ & $-0.020829$ & $-0.0152785$ & $-0.0141018$ & $-0.0164812$ & $0.0151827$ & $0.0318411$ & $0.00713863$ & $0.00384172$ & $-0.0149681$ & $0.00852085$ & $-0.0185447$ & $0.00591936$ & $-0.0128116$ & $-0.0205$ \\
CeH_33r & $-0.0599686$ & $-0.0459102$ & $0.000249765$ & $0.00142323$ & $0.00135154$ & $-0.041086$ & $-0.0945779$ & $0.119533$ & $0.146714$ & $-0.125822$ & $-0.0869894$ & $0.289783$ & $0.262144$ & $-0.0194443$ & $0.0459442$ & $0.0110744$ & $-0.0731799$ & $-0.0942687$ & $-0.0712603$ & $0.0861891$ & $0.0888885$ & $0.0889509$ & $1.82118e-05$ & $-0.107388$ & $-0.0813406$ & $-0.0509061$ & $0.0390368$ & $0.0476356$ & $0.0462707$ & $1$ & $0.321458$ & $0.0558789$ & $0.698916$ & $0.0517972$ & $-0.0609667$ & $-0.0253753$ & $-0.121853$ & $-0.0485332$ & $-0.0772547$ & $-0.0285777$ & $0.0547005$ & $-0.0505529$ & $0.0420847$ & $-0.0243903$ & $0.0229362$ & $-0.0140965$ & $0.0288617$ & $-0.0634111$ & $-0.0498127$ \\
CuH_22r & $-0.0273657$ & $0.0387907$ & $0.0128586$ & $0.0553467$ & $-0.0306877$ & $-0.00765303$ & $-0.0488977$ & $0.0670635$ & $0.0751891$ & $-0.066748$ & $-0.05129$ & $0.0872422$ & $0.107774$ & $5.09862e-05$ & $0.0443931$ & $0.00479681$ & $-0.0457849$ & $-0.0634802$ & $-0.0369818$ & $0.053188$ & $0.0520929$ & $0.0466685$ & $0.00516666$ & $-0.0653021$ & $-0.0369669$ & $-0.0326989$ & $0.023776$ & $0.00238625$ & $0.00673858$ & $0.321458$ & $1$ & $0.0441138$ & $0.37968$ & $0.00964206$ & $-0.0367486$ & $-0.00861041$ & $-0.0451136$ & $-0.0509883$ & $-0.0588719$ & $-0.0106109$ & $0.0319957$ & $-0.00660465$ & $0.0307107$ & $-0.000835669$ & $-0.0378344$ & $0.0424421$ & $0.168337$ & $-0.0304793$ & $-0.0122423$ \\
CuH_33r & $-0.0396384$ & $0.0403151$ & $0.0306102$ & $0.0124942$ & $0.0145628$ & $-0.0160923$ & $0.937065$ & $-0.00638217$ & $0.0339213$ & $0.0203733$ & $-0.0183748$ & $-0.0839549$ & $-0.231251$ & $0.0487338$ & $0.0194333$ & $-0.0113597$ & $0.0492842$ & $0.0328223$ & $0.053477$ & $0.0166342$ & $0.0174627$ & $0.0207933$ & $0.0286879$ & $0.0385027$ & $0.0552068$ & $-0.0406038$ & $0.01199$ & $-0.00246034$ & $0.00593842$ & $0.0558789$ & $0.0441138$ & $1$ & $0.0248723$ & $-0.0191615$ & $0.0255172$ & $0.0796138$ & $-0.0102557$ & $-0.0452213$ & $0.0687149$ & $-0.0525229$ & $-0.0647174$ & $0.0645413$ & $0.058282$ & $0.00438832$ & $0.0543467$ & $-0.0586013$ & $-0.0284931$ & $-0.0138786$ & $-0.112474$ \\
CdH_33r & $0.0824205$ & $0.0698759$ & $0.0172953$ & $0.0382697$ & $0.00928714$ & $-0.0325452$ & $-0.173329$ & $0.120596$ & $0.142644$ & $-0.144063$ & $-0.0827651$ & $0.351952$ & $0.340898$ & $-0.0349846$ & $0.0443735$ & $0.0153968$ & $-0.0851374$ & $-0.105771$ & $-0.0889173$ & $0.0837234$ & $0.0851889$ & $0.0832049$ & $-0.00540872$ & $-0.116537$ & $-0.104278$ & $-0.0513954$ & $0.0318654$ & $0.0350741$ & $0.040791$ & $0.698916$ & $0.37968$ & $0.0248723$ & $1$ & $0.0571218$ & $-0.0871005$ & $-0.00313923$ & $-0.0875625$ & $-0.0495797$ & $-0.0112929$ & $-0.0121418$ & $-0.0124817$ & $-0.0406754$ & $0.0268385$ & $-0.053222$ & $-0.0595282$ & $0.0467714$ & $0.0267936$ & $0.0645534$ & $0.244841$ \\
CLL_1221 & $-0.0315954$ & $-0.0203872$ & $-0.0351445$ & $0.0078045$ & $-0.00268488$ & $-0.0899911$ & $-0.0288127$ & $0.573213$ & $0.55751$ & $-0.349885$ & $-0.392678$ & $-0.0799397$ & $0.193692$ & $-0.175786$ & $-0.59112$ & $-0.103058$ & $-0.224141$ & $0.0602091$ & $-0.314203$ & $0.313303$ & $0.475424$ & $0.470958$ & $0.234311$ & $-0.635201$ & $-0.166906$ & $-0.291631$ & $0.69021$ & $0.132424$ & $0.0318981$ & $0.0517972$ & $0.00964206$ & $-0.0191615$ & $0.0571218$ & $1$ & $0.0109566$ & $-0.0198532$ & $0.0227939$ & $-0.0101632$ & $0.0240089$ & $0.0315577$ & $-0.0131871$ & $-0.0661835$ & $-0.0590975$ & $0.0298958$ & $0.0193754$ & $-0.0648992$ & $-0.0119378$ & $0.00843341$ & $-0.0763769$ \\
eHggint & $0.107564$ & $-0.178263$ & $-0.270795$ & $-0.340982$ & $-0.0302887$ & $0.00679645$ & $-0.00092205$ & $-0.0134664$ & $-0.0358618$ & $0.0231019$ & $-0.000350817$ & $-0.0137006$ & $-0.00684776$ & $0.0298211$ & $-0.0331292$ & $-0.0220009$ & $0.0251134$ & $0.0484618$ & $0.0407295$ & $-0.00879354$ & $-0.00508269$ & $-0.00220578$ & $0.0581701$ & $0.0269904$ & $0.02174$ & $-0.0518617$ & $0.00571463$ & $-0.000955312$ & $-0.00112052$ & $-0.0609667$ & $-0.0367486$ & $0.0255172$ & $-0.0871005$ & $0.0109566$ & $1$ & $-0.134367$ & $0.426823$ & $-0.0576034$ & $-0.141792$ & $-0.0147853$ & $-0.190741$ & $0.0250061$ & $-0.249893$ & $0.216177$ & $0.33848$ & $-0.151503$ & $-0.228115$ & $-0.0544316$ & $-0.0246258$ \\
eHggpar & $0.213554$ & $0.215583$ & $0.137578$ & $0.306317$ & $0.00093018$ & $-0.0119349$ & $0.0644627$ & $-0.0153031$ & $-0.0115915$ & $0.0195443$ & $0.0255805$ & $0.0551101$ & $0.0432834$ & $-0.0291539$ & $0.0135795$ & $0.01621$ & $-0.0305048$ & $-0.0317848$ & $-0.0365225$ & $-0.0217305$ & $-0.0267777$ & $-0.0278631$ & $-0.0231157$ & $-0.00625674$ & $-0.0276752$ & $0.0397641$ & $-0.0113337$ & $-0.00195465$ & $-0.020829$ & $-0.0253753$ & $-0.00861041$ & $0.0796138$ & $-0.00313923$ & $-0.0198532$ & $-0.134367$ & $1$ & $0.0691007$ & $-0.0769902$ & $0.325477$ & $-0.0386864$ & $-0.0591971$ & $-0.024535$ & $0.116328$ & $-0.126629$ & $-0.103486$ & $0.238909$ & $-0.272826$ & $0.148503$ & $-0.0550262$ \\
eHWWint & $0.274886$ & $-0.0896032$ & $-0.0474354$ & $-0.0822393$ & $-0.0391706$ & $0.0473223$ & $-0.0180452$ & $-0.0289341$ & $-0.0605437$ & $0.0520664$ & $0.0329181$ & $0.0336179$ & $-0.0439744$ & $-0.00819161$ & $-0.0612981$ & $-0.0107455$ & $-0.00787041$ & $0.0330157$ & $-0.000895414$ & $-0.0410907$ & $-0.0334017$ & $-0.0357108$ & $0.00127089$ & $-5.24121e-05$ & $0.00979455$ & $0.0194752$ & $0.0174012$ & $-0.0266132$ & $-0.0152785$ & $-0.121853$ & $-0.0451136$ & $-0.0102557$ & $-0.0875625$ & $0.0227939$ & $0.426823$ & $0.0691007$ & $1$ & $-0.00352768$ & $0.294869$ & $-0.032022$ & $-0.192661$ & $0.0186595$ & $-0.481925$ & $0.0269986$ & $0.0598362$ & $-0.0578937$ & $-0.266255$ & $0.491599$ & $-0.101266$ \\
eHWWpar & $-0.0440215$ & $-0.006836$ & $0.010948$ & $-0.0266994$ & $-0.0127349$ & $0.00300278$ & $-0.0264351$ & $0.0158989$ & $0.0136744$ & $-0.0159825$ & $-0.0251541$ & $-0.0430531$ & $0.0222221$ & $0.00942719$ & $0.0419176$ & $-0.0335065$ & $0.0394831$ & $-0.0126936$ & $0.0371612$ & $0.0222192$ & $0.0261862$ & $0.0259632$ & $-0.01229$ & $0.0168985$ & $0.0265434$ & $0.00819155$ & $0.0282957$ & $0.029188$ & $-0.0141018$ & $-0.0485332$ & $-0.0509883$ & $-0.0452213$ & $-0.0495797$ & $-0.0101632$ & $-0.0576034$ & $-0.0769902$ & $-0.00352768$ & $1$ & $-0.107088$ & $-0.0513564$ & $-0.0944912$ & $0.00507519$ & $0.0660018$ & $0.0746277$ & $0.00168712$ & $0.0964897$ & $-0.0223596$ & $0.022883$ & $0.0186483$ \\
eHZZint & $0.214856$ & $0.205967$ & $0.281781$ & $0.382111$ & $0.0240813$ & $0.0168041$ & $0.0698811$ & $-0.00236682$ & $-0.0126418$ & $0.0344312$ & $-0.00245987$ & $0.0321456$ & $-0.0126132$ & $0.012573$ & $-0.023915$ & $0.0215414$ & $0.00513$ & $0.0281882$ & $-0.0135957$ & $0.00675053$ & $0.00512299$ & $-0.00101781$ & $0.0551548$ & $-0.00373998$ & $0.00822158$ & $-0.036858$ & $0.0112604$ & $-0.0230443$ & $-0.0164812$ & $-0.0772547$ & $-0.0588719$ & $0.0687149$ & $-0.0112929$ & $0.0240089$ & $-0.141792$ & $0.325477$ & $0.294869$ & $-0.107088$ & $1$ & $-0.0269047$ & $-0.13878$ & $0.0353568$ & $-0.199483$ & $-0.297853$ & $0.111869$ & $-0.0287333$ & $-0.308747$ & $0.188747$ & $0.0530158$ \\
eHZZpar & $-0.0554714$ & $0.0221053$ & $0.0411331$ & $0.0870285$ & $-0.00859899$ & $-0.0293163$ & $-0.0417768$ & $-6.20098e-05$ & $-0.00371757$ & $-0.0215293$ & $0.00462205$ & $-0.02353$ & $0.0267493$ & $-0.0124439$ & $-0.0374189$ & $-0.0132982$ & $-0.00398103$ & $0.0154117$ & $-0.00412731$ & $-0.00606414$ & $0.00103181$ & $-0.00169871$ & $0.0453867$ & $-0.0104617$ & $0.0133519$ & $-0.0256371$ & $0.0326456$ & $-0.0299669$ & $0.0151827$ & $-0.0285777$ & $-0.0106109$ & $-0.0525229$ & $-0.0121418$ & $0.0315577$ & $-0.0147853$ & $-0.0386864$ & $-0.032022$ & $-0.0513564$ & $-0.0269047$ & $1$ & $0.125598$ & $-0.0150883$ & $-0.000895207$ & $-0.0687797$ & $-0.0314386$ & $-0.0711503$ & $0.0169044$ & $0.069077$ & $0.00209353$ \\
eHZgaint & $0.177736$ & $-0.0542598$ & $0.2723$ & $0.133767$ & $-0.00873528$ & $0.0315407$ & $-0.0540916$ & $0.0203254$ & $0.0341617$ & $-0.0387966$ & $-0.0117968$ & $0.0241899$ & $0.0271137$ & $0.0041056$ & $0.0233714$ & $0.0673319$ & $-0.0374871$ & $-0.0270348$ & $-0.0550719$ & $0.0194246$ & $0.00798292$ & $0.0148785$ & $-0.0383127$ & $-0.0352211$ & $-0.0624383$ & $0.005292$ & $-0.0620949$ & $-0.0297049$ & $0.0318411$ & $0.0547005$ & $0.0319957$ & $-0.0647174$ & $-0.0124817$ & $-0.0131871$ & $-0.190741$ & $-0.0591971$ & $-0.192661$ & $-0.0944912$ & $-0.13878$ & $0.125598$ & $1$ & $-0.0235152$ & $0.234388$ & $-0.460748$ & $-0.193804$ & $-0.100103$ & $0.237453$ & $-0.0181219$ & $-0.177804$ \\
eHZgapar & $-0.0210614$ & $-0.0141386$ & $0.030084$ & $0.0514968$ & $-0.019369$ & $-0.0222101$ & $0.0716002$ & $-0.0470531$ & $-0.0475616$ & $0.0159628$ & $0.0438961$ & $-0.00925405$ & $-0.0209298$ & $-0.00236857$ & $0.0243232$ & $0.00726521$ & $-0.00965776$ & $-0.00970733$ & $0.00452093$ & $-0.0369524$ & $-0.0498965$ & $-0.0494818$ & $-0.00104674$ & $0.0349122$ & $0.00302974$ & $0.024793$ & $-0.0448423$ & $-0.000196094$ & $0.00713863$ & $-0.0505529$ & $-0.00660465$ & $0.0645413$ & $-0.0406754$ & $-0.0661835$ & $0.0250061$ & $-0.024535$ & $0.0186595$ & $0.00507519$ & $0.0353568$ & $-0.0150883$ & $-0.0235152$ & $1$ & $-0.0351738$ & $-0.0504232$ & $0.00462934$ & $-0.00480759$ & $-0.039596$ & $0.0804076$ & $0.0257722$ \\
eHgagaint & $-0.0133746$ & $0.460704$ & $0.279541$ & $0.0702911$ & $0.00112409$ & $-0.0246338$ & $0.0586894$ & $-0.0370182$ & $0.0106072$ & $0.00466267$ & $0.0105074$ & $-0.0228729$ & $0.0116336$ & $0.0213596$ & $0.0551649$ & $0.0469725$ & $0.0454563$ & $0.0115582$ & $0.00969805$ & $0.00605182$ & $-0.0121265$ & $-0.0053592$ & $-0.0460664$ & $0.0658144$ & $0.0183989$ & $0.0170883$ & $-0.0637707$ & $0.00236486$ & $0.00384172$ & $0.0420847$ & $0.0307107$ & $0.058282$ & $0.0268385$ & $-0.0590975$ & $-0.249893$ & $0.116328$ & $-0.481925$ & $0.0660018$ & $-0.199483$ & $-0.000895207$ & $0.234388$ & $-0.0351738$ & $1$ & $-0.125805$ & $-0.249438$ & $0.108237$ & $0.207513$ & $-0.0408254$ & $-0.0591193$ \\
eHmumuint & $-0.452663$ & $-0.06539$ & $-0.523499$ & $-0.495392$ & $-0.0221483$ & $-0.00596797$ & $0.00578894$ & $0.0101889$ & $0.00616225$ & $0.0239438$ & $-0.00476024$ & $-0.0146434$ & $0.0145284$ & $-0.0110716$ & $-0.0225004$ & $-0.0657297$ & $0.00573714$ & $0.000475157$ & $0.0384693$ & $-0.00645188$ & $0.00912517$ & $0.00750231$ & $0.0141361$ & $-0.00106443$ & $0.050523$ & $0.00877039$ & $0.0827243$ & $0.00875204$ & $-0.0149681$ & $-0.0243903$ & $-0.000835669$ & $0.00438832$ & $-0.053222$ & $0.0298958$ & $0.216177$ & $-0.126629$ & $0.0269986$ & $0.0746277$ & $-0.297853$ & $-0.0687797$ & $-0.460748$ & $-0.0504232$ & $-0.125805$ & $1$ & $0.0629152$ & $0.0821463$ & $-0.00385042$ & $-0.397049$ & $0.070611$ \\
eHtautauint & $-0.248552$ & $-0.400495$ & $0.0477547$ & $0.0294326$ & $-0.00994669$ & $0.0244424$ & $0.0425358$ & $0.0351984$ & $0.0234078$ & $0.0136607$ & $-0.0481478$ & $-0.00678516$ & $-0.00526646$ & $0.0506485$ & $-0.00023998$ & $-0.0162607$ & $0.0323472$ & $0.0324023$ & $0.0479437$ & $0.0405819$ & $0.0461542$ & $0.0564737$ & $0.0401916$ & $0.00455457$ & $0.0401218$ & $-0.0582854$ & $0.0320043$ & $-0.009715$ & $0.00852085$ & $0.0229362$ & $-0.0378344$ & $0.0543467$ & $-0.0595282$ & $0.0193754$ & $0.33848$ & $-0.103486$ & $0.0598362$ & $0.00168712$ & $0.111869$ & $-0.0314386$ & $-0.193804$ & $0.00462934$ & $-0.249438$ & $0.0629152$ & $1$ & $-0.0563493$ & $-0.315679$ & $-0.332423$ & $-0.0568439$ \\
eHccint & $0.214244$ & $0.273154$ & $-0.218203$ & $0.0401212$ & $-0.0052258$ & $-0.0165928$ & $-0.0513184$ & $-0.0154697$ & $-0.0141202$ & $-0.0140827$ & $0.0208679$ & $0.0131264$ & $0.025364$ & $-0.0366419$ & $0.0779007$ & $0.00399358$ & $-0.0120854$ & $-0.0708034$ & $-0.0173074$ & $-0.0148942$ & $-0.02451$ & $-0.0294743$ & $-0.0316565$ & $0.00115039$ & $-0.0526226$ & $0.0521784$ & $-0.0494268$ & $-0.00898529$ & $-0.0185447$ & $-0.0140965$ & $0.0424421$ & $-0.0586013$ & $0.0467714$ & $-0.0648992$ & $-0.151503$ & $0.238909$ & $-0.0578937$ & $0.0964897$ & $-0.0287333$ & $-0.0711503$ & $-0.100103$ & $-0.00480759$ & $0.108237$ & $0.0821463$ & $-0.0563493$ & $1$ & $0.111559$ & $-0.145364$ & $0.187513$ \\
eHccpar & $-0.090797$ & $0.199656$ & $0.0550198$ & $0.240244$ & $-0.0502545$ & $-0.0104247$ & $-0.0140893$ & $0.0408421$ & $0.0543868$ & $-0.0609301$ & $-0.039325$ & $-0.0555649$ & $0.0154044$ & $0.00452451$ & $0.0600138$ & $0.0187811$ & $-0.00791716$ & $-0.0485634$ & $-0.0201585$ & $0.0454373$ & $0.0407563$ & $0.0332556$ & $0.016475$ & $-0.0355883$ & $-0.0361905$ & $-0.021252$ & $-0.0199546$ & $0.0428027$ & $0.00591936$ & $0.0288617$ & $0.168337$ & $-0.0284931$ & $0.0267936$ & $-0.0119378$ & $-0.228115$ & $-0.272826$ & $-0.266255$ & $-0.0223596$ & $-0.308747$ & $0.0169044$ & $0.237453$ & $-0.039596$ & $0.207513$ & $-0.00385042$ & $-0.315679$ & $0.111559$ & $1$ & $-0.134786$ & $0.0674115$ \\
eHbbint & $0.522195$ & $0.0528808$ & $0.336852$ & $0.318459$ & $0.00866925$ & $0.00283028$ & $-0.0172984$ & $-0.0116515$ & $-0.0180026$ & $0.0450469$ & $0.0183335$ & $0.0521199$ & $-0.0288213$ & $-0.0216859$ & $-0.0210583$ & $0.0441394$ & $-0.0152967$ & $0.00126187$ & $-0.0476468$ & $-0.0156822$ & $-0.019808$ & $-0.0262703$ & $-0.00752152$ & $0.000105413$ & $-0.0432166$ & $-0.00741607$ & $-0.0323625$ & $0.00361944$ & $-0.0128116$ & $-0.0634111$ & $-0.0304793$ & $-0.0138786$ & $0.0645534$ & $0.00843341$ & $-0.0544316$ & $0.148503$ & $0.491599$ & $0.022883$ & $0.188747$ & $0.069077$ & $-0.0181219$ & $0.0804076$ & $-0.0408254$ & $-0.397049$ & $-0.332423$ & $-0.145364$ & $-0.134786$ & $1$ & $0.0239745$ \\
eHbbpar & $0.225367$ & $0.177481$ & $0.0213292$ & $-0.00799428$ & $0.0486079$ & $-0.00958382$ & $-0.112502$ & $-0.0611651$ & $-0.0745665$ & $0.0388153$ & $0.0385062$ & $-0.0191412$ & $-0.00191048$ & $0.00965203$ & $0.0386316$ & $0.0267788$ & $0.0369253$ & $0.0141389$ & $0.0235651$ & $-0.0276508$ & $-0.0453484$ & $-0.0438369$ & $-0.0226852$ & $0.0701384$ & $0.0104278$ & $0.0267035$ & $-0.0679836$ & $-0.0189337$ & $-0.0205$ & $-0.0498127$ & $-0.0122423$ & $-0.112474$ & $0.244841$ & $-0.0763769$ & $-0.0246258$ & $-0.0550262$ & $-0.101266$ & $0.0186483$ & $0.0530158$ & $0.00209353$ & $-0.177804$ & $0.0257722$ & $-0.0591193$ & $0.070611$ & $-0.0568439$ & $0.187513$ & $0.0674115$ & $0.0239745$ & $1$ \\
