 & AlsMz & dAle5Mz & mtop & mHl & Mz & CW & CHG & CHWB & CHWHB_gaga & CHWHB_gagaorth & CHD & CHbox & CH & CHL1_11 & CHL1_22 & CHL1_33 & CHL3_11 & CHL3_22 & CHL3_33 & CHe_11 & CHe_22 & CHe_33 & CHQ1_11 & CHQ1_33 & CHQ3_11 & CHu_11 & CHd_11 & CHd_33 & CeH_22r & CeH_33r & CuH_22r & CuH_33r & CdH_33r & CLL_1221 & eHggint & eHggpar & eHWWint & eHWWpar & eHZZint & eHZZpar & eHZgaint & eHZgapar & eHgagaint & eHmumuint & eHtautauint & eHccint & eHccpar & eHbbint & eHbbpar \\
AlsMz & $1$ & $-0.0376611$ & $0.119985$ & $-0.0636605$ & $0.0524742$ & $-0.0243378$ & $0.00742933$ & $0.0267978$ & $0.0215435$ & $-0.017163$ & $-0.0632247$ & $0.0436168$ & $-0.0429114$ & $0.06733$ & $0.00962705$ & $0.039844$ & $0.0640421$ & $0.0598572$ & $0.0434198$ & $0.0523156$ & $0.0559879$ & $0.0549672$ & $0.0189397$ & $-0.0323061$ & $-0.0508215$ & $-0.0811229$ & $-0.0206577$ & $0.0328657$ & $-0.0511066$ & $0.00278912$ & $-0.0301391$ & $-0.00069129$ & $-0.0269348$ & $0.0192801$ & $0.0462338$ & $-0.101114$ & $-0.0291803$ & $0.0236985$ & $-0.0962629$ & $0.0133345$ & $0.168767$ & $-0.0569719$ & $-0.0794613$ & $-0.000934719$ & $0.0730196$ & $-0.107447$ & $-0.0307663$ & $-0.147319$ & $-0.064751$ \\
dAle5Mz & $-0.0376611$ & $1$ & $0.0503237$ & $-0.0636074$ & $0.0330413$ & $0.00298665$ & $-0.0422772$ & $-0.00108283$ & $-0.00492027$ & $0.0114119$ & $-0.00386122$ & $0.00177721$ & $0.000616703$ & $-0.00786732$ & $-0.0103213$ & $0.0231911$ & $-0.0090745$ & $-0.00475707$ & $-0.0285699$ & $0.0228384$ & $0.0245051$ & $0.0147763$ & $0.02495$ & $-0.0446175$ & $-0.0139948$ & $-0.0335443$ & $0.00910855$ & $0.038797$ & $0.029389$ & $-0.0314158$ & $-0.0703899$ & $-0.0378676$ & $-0.00313917$ & $0.0712271$ & $0.00040922$ & $0.0303855$ & $-0.0222229$ & $0.0692091$ & $-0.0150292$ & $-0.0301171$ & $0.0176899$ & $0.0143808$ & $0.0297121$ & $-0.0146144$ & $0.0329827$ & $0.0030564$ & $-0.1128$ & $-0.0608309$ & $-0.00526891$ \\
mtop & $0.119985$ & $0.0503237$ & $1$ & $-0.0599334$ & $0.012779$ & $-0.0247947$ & $0.0613365$ & $-0.0594843$ & $-0.0644562$ & $0.0658154$ & $0.0550531$ & $0.0579134$ & $-0.0602249$ & $-0.0315345$ & $-0.000905548$ & $-0.00439234$ & $0.0242543$ & $0.00610837$ & $0.0162727$ & $-0.0467132$ & $-0.0503159$ & $-0.0499428$ & $-0.0374615$ & $0.0244478$ & $-0.0142351$ & $0.0442575$ & $-0.0759461$ & $-0.0213847$ & $-0.0354933$ & $-0.0793531$ & $0.0198918$ & $0.0499522$ & $-0.0536502$ & $-0.0399265$ & $-0.172931$ & $-0.150256$ & $0.00865773$ & $0.064349$ & $0.0303074$ & $0.00476801$ & $0.11983$ & $-0.00208501$ & $-0.142616$ & $0.00171472$ & $-0.0887639$ & $0.0786607$ & $0.0069437$ & $-0.114831$ & $-0.0058673$ \\
mHl & $-0.0636605$ & $-0.0636074$ & $-0.0599334$ & $1$ & $0.0198561$ & $-0.0146141$ & $0.0236033$ & $-0.0190241$ & $-0.0170511$ & $0.0289879$ & $0.0144434$ & $-0.029018$ & $0.0265637$ & $-0.0266711$ & $0.0323514$ & $0.037493$ & $0.0240084$ & $-0.0108056$ & $-0.0130834$ & $-0.00968793$ & $-0.0186462$ & $-0.0187309$ & $-0.123654$ & $0.0344063$ & $-0.0121861$ & $0.0857295$ & $-0.0703198$ & $-0.039088$ & $0.0514096$ & $0.0321162$ & $0.0542262$ & $0.0302795$ & $-0.00102025$ & $-0.0359531$ & $-0.0237929$ & $0.0933322$ & $0.020769$ & $-0.0188942$ & $-0.0370965$ & $0.00721953$ & $-0.00418318$ & $0.00924051$ & $-0.110432$ & $-0.0819048$ & $0.0972444$ & $0.116727$ & $-0.0616505$ & $0.059982$ & $-0.0751133$ \\
Mz & $0.0524742$ & $0.0330413$ & $0.012779$ & $0.0198561$ & $1$ & $-0.0341833$ & $-0.0355236$ & $0.0160583$ & $0.0149964$ & $-0.0251584$ & $-0.0471885$ & $-0.0603803$ & $0.0460451$ & $0.0680098$ & $0.0449698$ & $0.0367043$ & $0.0756775$ & $0.0447312$ & $0.0587444$ & $0.0546588$ & $0.0533327$ & $0.0503554$ & $-0.0463423$ & $0.0437345$ & $0.0309634$ & $-0.035399$ & $-0.0451579$ & $0.0255154$ & $-0.0178789$ & $0.0479387$ & $0.0516931$ & $-0.034305$ & $0.0418197$ & $-0.0218574$ & $-0.00483527$ & $-0.0188439$ & $-0.000283337$ & $-0.0291505$ & $0.0185723$ & $0.0242501$ & $-0.0967899$ & $0.0144605$ & $0.0156464$ & $0.00716301$ & $0.0463931$ & $0.0746694$ & $0.0431495$ & $0.0230315$ & $-0.0169444$ \\
CW & $-0.0243378$ & $0.00298665$ & $-0.0247947$ & $-0.0146141$ & $-0.0341833$ & $1$ & $0.00591081$ & $-0.0169837$ & $-0.0103788$ & $-0.0388362$ & $0.144447$ & $-0.00858789$ & $0.0103466$ & $-0.0557571$ & $-0.0463812$ & $-0.0935305$ & $-0.387924$ & $-0.216599$ & $-0.191951$ & $-0.141174$ & $-0.147799$ & $-0.147362$ & $-0.00462147$ & $-0.179892$ & $-0.25074$ & $0.0992426$ & $-0.0849277$ & $-0.0600633$ & $0.0146755$ & $0.0476445$ & $0.0309229$ & $0.034021$ & $0.0297537$ & $-0.101769$ & $0.0476144$ & $-0.00457479$ & $0.0122937$ & $-0.0106354$ & $-0.0871578$ & $0.0635725$ & $0.0053691$ & $-0.0223798$ & $-0.027182$ & $-0.0144964$ & $-0.014336$ & $0.0015503$ & $-0.0085284$ & $0.0238513$ & $-0.0193985$ \\
CHG & $0.00742933$ & $-0.0422772$ & $0.0613365$ & $0.0236033$ & $-0.0355236$ & $0.00591081$ & $1$ & $-0.0770899$ & $-0.0540495$ & $0.261041$ & $0.184745$ & $0.789789$ & $-0.799605$ & $-0.252856$ & $-0.0834599$ & $-0.0649823$ & $-0.19321$ & $-0.170837$ & $-0.187298$ & $-0.18109$ & $-0.184105$ & $-0.178403$ & $-0.00262296$ & $-0.104102$ & $-0.1751$ & $0.119555$ & $-0.0241181$ & $-0.031507$ & $-0.155554$ & $-0.611715$ & $-0.374082$ & $0.953724$ & $-0.617381$ & $0.0120512$ & $-0.103451$ & $-0.0642686$ & $0.0317132$ & $0.0412188$ & $-0.00796928$ & $-0.00582621$ & $0.0062158$ & $-0.00861964$ & $-0.0138905$ & $-0.00750836$ & $0.0172682$ & $0.0263746$ & $-0.100004$ & $0.0119685$ & $0.0105462$ \\
CHWB & $0.0267978$ & $-0.00108283$ & $-0.0594843$ & $-0.0190241$ & $0.0160583$ & $-0.0169837$ & $-0.0770899$ & $1$ & $0.98847$ & $-0.518781$ & $-0.865207$ & $-0.10129$ & $0.0722312$ & $0.29362$ & $0.476939$ & $0.481238$ & $-0.192507$ & $-0.363136$ & $-0.369035$ & $0.851915$ & $0.877158$ & $0.869001$ & $0.0270053$ & $-0.594796$ & $-0.351686$ & $-0.61815$ & $0.353456$ & $0.413913$ & $0.0355065$ & $0.0592042$ & $0.0211472$ & $-0.0782425$ & $0.0651077$ & $0.474514$ & $0.0353377$ & $0.0410289$ & $0.0240788$ & $0.0257097$ & $0.0589639$ & $-0.0140861$ & $-0.0162892$ & $0.0451819$ & $-0.000340508$ & $-0.00572138$ & $-0.00445369$ & $-0.029532$ & $-0.0362852$ & $-0.0152108$ & $-0.00738824$ \\
CHWHB_gaga & $0.0215435$ & $-0.00492027$ & $-0.0644562$ & $-0.0170511$ & $0.0149964$ & $-0.0103788$ & $-0.0540495$ & $0.98847$ & $1$ & $-0.518304$ & $-0.849544$ & $-0.105637$ & $0.0800849$ & $0.279831$ & $0.474566$ & $0.475446$ & $-0.202101$ & $-0.371953$ & $-0.375372$ & $0.836941$ & $0.860983$ & $0.852916$ & $0.0320495$ & $-0.594714$ & $-0.357761$ & $-0.61149$ & $0.346769$ & $0.41248$ & $0.0482601$ & $0.0831483$ & $0.0298864$ & $-0.0558688$ & $0.093337$ & $0.464811$ & $0.0272425$ & $0.0325665$ & $0.0129636$ & $0.0251332$ & $0.0540761$ & $-0.0190299$ & $-0.0230037$ & $0.0465192$ & $0.0523664$ & $-0.0128505$ & $0.00415625$ & $-0.0226617$ & $-0.0411456$ & $-0.0116317$ & $0.00365814$ \\
CHWHB_gagaorth & $-0.017163$ & $0.0114119$ & $0.0658154$ & $0.0289879$ & $-0.0251584$ & $-0.0388362$ & $0.261041$ & $-0.518781$ & $-0.518304$ & $1$ & $0.440505$ & $0.363052$ & $-0.300127$ & $-0.159155$ & $-0.255878$ & $-0.255749$ & $0.137356$ & $0.211091$ & $0.209284$ & $-0.434202$ & $-0.445133$ & $-0.439888$ & $-0.00206787$ & $0.321568$ & $0.210315$ & $0.306897$ & $-0.157452$ & $-0.188704$ & $-0.0703119$ & $-0.283842$ & $-0.184794$ & $0.259956$ & $-0.307349$ & $-0.217637$ & $-0.00663017$ & $-0.00603136$ & $0.051582$ & $-0.00406653$ & $0.0411536$ & $-0.018904$ & $-0.0554151$ & $-0.0579965$ & $-0.000210162$ & $-0.0204598$ & $0.0187239$ & $0.0548374$ & $-0.00948069$ & $0.0531781$ & $-0.0119617$ \\
CHD & $-0.0632247$ & $-0.00386122$ & $0.0550531$ & $0.0144434$ & $-0.0471885$ & $0.144447$ & $0.184745$ & $-0.865207$ & $-0.849544$ & $0.440505$ & $1$ & $0.224138$ & $-0.181259$ & $-0.693243$ & $-0.572983$ & $-0.577563$ & $-0.296084$ & $-0.0819828$ & $-0.0764256$ & $-0.995103$ & $-0.995242$ & $-0.983975$ & $0.0569768$ & $0.162471$ & $-0.0996269$ & $0.678539$ & $-0.222117$ & $-0.451443$ & $-0.0532778$ & $-0.132966$ & $-0.0789617$ & $0.192457$ & $-0.154219$ & $-0.275496$ & $-0.0463166$ & $-0.0336857$ & $-0.0199001$ & $-0.013778$ & $-0.0644868$ & $-0.00599858$ & $0.0310775$ & $-0.0305028$ & $-0.00447884$ & $0.0130674$ & $0.00275842$ & $0.0294363$ & $-0.00763828$ & $-0.0180467$ & $0.00232127$ \\
CHbox & $0.0436168$ & $0.00177721$ & $0.0579134$ & $-0.029018$ & $-0.0603803$ & $-0.00858789$ & $0.789789$ & $-0.10129$ & $-0.105637$ & $0.363052$ & $0.224138$ & $1$ & $-0.981533$ & $-0.304881$ & $-0.106377$ & $-0.0979425$ & $-0.215585$ & $-0.193139$ & $-0.202908$ & $-0.220738$ & $-0.221538$ & $-0.213825$ & $0.0185484$ & $-0.11327$ & $-0.189694$ & $0.151757$ & $0.00436606$ & $-0.0369296$ & $-0.197649$ & $-0.69988$ & $-0.429995$ & $0.720669$ & $-0.709617$ & $0.0209445$ & $-0.102111$ & $-0.0550561$ & $0.0902765$ & $0.0516113$ & $0.0471824$ & $-0.00195644$ & $-0.00377969$ & $0.00334565$ & $-0.0299716$ & $-0.0025185$ & $0.0106692$ & $0.00186321$ & $-0.0781937$ & $-0.022935$ & $0.0123149$ \\
CH & $-0.0429114$ & $0.000616703$ & $-0.0602249$ & $0.0265637$ & $0.0460451$ & $0.0103466$ & $-0.799605$ & $0.0722312$ & $0.0800849$ & $-0.300127$ & $-0.181259$ & $-0.981533$ & $1$ & $0.261272$ & $0.0902988$ & $0.0782806$ & $0.188957$ & $0.170522$ & $0.182155$ & $0.178719$ & $0.178166$ & $0.171542$ & $-0.016177$ & $0.109176$ & $0.171557$ & $-0.123378$ & $-0.00947115$ & $0.026377$ & $0.209539$ & $0.729661$ & $0.435547$ & $-0.719591$ & $0.736842$ & $-0.0314963$ & $0.109811$ & $0.0715822$ & $-0.083965$ & $-0.053863$ & $-0.053591$ & $-0.00782663$ & $0.0041975$ & $-0.00295159$ & $0.0364998$ & $0.00154186$ & $-0.0114952$ & $0.00215879$ & $0.067423$ & $0.0178326$ & $-0.0039392$ \\
CHL1_11 & $0.06733$ & $-0.00786732$ & $-0.0315345$ & $-0.0266711$ & $0.0680098$ & $-0.0557571$ & $-0.252856$ & $0.29362$ & $0.279831$ & $-0.159155$ & $-0.693243$ & $-0.304881$ & $0.261272$ & $1$ & $0.40772$ & $0.373918$ & $0.644296$ & $0.598623$ & $0.618628$ & $0.698779$ & $0.669363$ & $0.656375$ & $-0.146381$ & $0.444711$ & $0.592309$ & $-0.426858$ & $-0.0730307$ & $0.283911$ & $0.0440023$ & $0.190578$ & $0.130313$ & $-0.260066$ & $0.220211$ & $-0.179799$ & $0.0649116$ & $0.00543796$ & $-0.0129444$ & $-0.000596897$ & $0.0238667$ & $0.0456025$ & $-0.0345862$ & $-0.0105376$ & $0.0136464$ & $-0.0350607$ & $-0.0119648$ & $-0.0179505$ & $0.0591178$ & $0.0684475$ & $-0.000498149$ \\
CHL1_22 & $0.00962705$ & $-0.0103213$ & $-0.000905548$ & $0.0323514$ & $0.0449698$ & $-0.0463812$ & $-0.0834599$ & $0.476939$ & $0.474566$ & $-0.255878$ & $-0.572983$ & $-0.106377$ & $0.0902988$ & $0.40772$ & $1$ & $0.498878$ & $0.149423$ & $-0.318416$ & $0.0129001$ & $0.611873$ & $0.52107$ & $0.508208$ & $-0.213375$ & $0.0468407$ & $-0.0737708$ & $-0.33354$ & $-0.30021$ & $0.245936$ & $0.0670426$ & $0.0671387$ & $0.0273698$ & $-0.095185$ & $0.102146$ & $-0.504638$ & $-0.0351164$ & $0.00201105$ & $-0.00400811$ & $-0.00579801$ & $0.0279269$ & $0.00466227$ & $-0.0166977$ & $-0.0279528$ & $-0.0117998$ & $0.0276479$ & $-0.0239214$ & $-0.0448959$ & $0.0156083$ & $0.00435088$ & $0.0662111$ \\
CHL1_33 & $0.039844$ & $0.0231911$ & $-0.00439234$ & $0.037493$ & $0.0367043$ & $-0.0935305$ & $-0.0649823$ & $0.481238$ & $0.475446$ & $-0.255749$ & $-0.577563$ & $-0.0979425$ & $0.0782806$ & $0.373918$ & $0.498878$ & $1$ & $0.177504$ & $0.0185757$ & $-0.305343$ & $0.616348$ & $0.528849$ & $0.541803$ & $-0.173723$ & $0.0307853$ & $-0.06941$ & $-0.34852$ & $-0.273422$ & $0.22849$ & $0.0428628$ & $0.0396953$ & $0.0294752$ & $-0.0733528$ & $0.0519455$ & $0.0265397$ & $-0.0243839$ & $0.0597019$ & $0.0171724$ & $0.00332557$ & $0.0172269$ & $0.024499$ & $-0.0363043$ & $-0.0112315$ & $-0.00300927$ & $0.00265371$ & $-0.0122883$ & $-1.65713e-05$ & $0.00371388$ & $-0.020192$ & $-0.0106274$ \\
CHL3_11 & $0.0640421$ & $-0.0090745$ & $0.0242543$ & $0.0240084$ & $0.0756775$ & $-0.387924$ & $-0.19321$ & $-0.192507$ & $-0.202101$ & $0.137356$ & $-0.296084$ & $-0.215585$ & $0.188957$ & $0.644296$ & $0.149423$ & $0.177504$ & $1$ & $0.8287$ & $0.81331$ & $0.301894$ & $0.277058$ & $0.272993$ & $-0.11943$ & $0.748848$ & $0.854676$ & $-0.155832$ & $-0.12761$ & $0.0957084$ & $0.0413166$ & $0.123665$ & $0.100804$ & $-0.209096$ & $0.151082$ & $-0.203036$ & $0.00474676$ & $-0.00856889$ & $0.00815505$ & $-0.0265783$ & $0.0357367$ & $0.0301444$ & $-0.0314823$ & $-0.00809106$ & $-0.00270665$ & $0.00363894$ & $0.0140908$ & $0.00747743$ & $0.0843437$ & $0.0588383$ & $0.0090633$ \\
CHL3_22 & $0.0598572$ & $-0.00475707$ & $0.00610837$ & $-0.0108056$ & $0.0447312$ & $-0.216599$ & $-0.170837$ & $-0.363136$ & $-0.371953$ & $0.211091$ & $-0.0819828$ & $-0.193139$ & $0.170522$ & $0.598623$ & $-0.318416$ & $0.0185757$ & $0.8287$ & $1$ & $0.775544$ & $0.0762388$ & $0.0806931$ & $0.08245$ & $-0.0403798$ & $0.716091$ & $0.857539$ & $-0.0312688$ & $-0.0338261$ & $0.0040534$ & $0.00140088$ & $0.112889$ & $0.102237$ & $-0.176628$ & $0.122851$ & $-0.000693947$ & $0.045547$ & $-0.00678999$ & $0.000498593$ & $-0.0173429$ & $0.00518419$ & $0.036284$ & $-0.0244149$ & $-0.00637565$ & $0.0145817$ & $-0.0322662$ & $0.0147145$ & $0.0220615$ & $0.0710932$ & $0.0608867$ & $-0.0321765$ \\
CHL3_33 & $0.0434198$ & $-0.0285699$ & $0.0162727$ & $-0.0130834$ & $0.0587444$ & $-0.191951$ & $-0.187298$ & $-0.369035$ & $-0.375372$ & $0.209284$ & $-0.0764256$ & $-0.202908$ & $0.182155$ & $0.618628$ & $0.0129001$ & $-0.305343$ & $0.81331$ & $0.775544$ & $1$ & $0.0705718$ & $0.0743698$ & $0.0693575$ & $-0.0640626$ & $0.729306$ & $0.863769$ & $-0.0184309$ & $-0.0379979$ & $0.00888559$ & $0.0207899$ & $0.133747$ & $0.103144$ & $-0.196199$ & $0.157945$ & $-0.35626$ & $0.0376749$ & $-0.0433689$ & $-0.0146492$ & $-0.0164955$ & $0.0159694$ & $0.0240636$ & $-0.0205602$ & $-0.0194865$ & $0.00359432$ & $-0.016761$ & $0.00864783$ & $-0.002251$ & $0.0848915$ & $0.0723173$ & $0.0173029$ \\
CHe_11 & $0.0523156$ & $0.0228384$ & $-0.0467132$ & $-0.00968793$ & $0.0546588$ & $-0.141174$ & $-0.18109$ & $0.851915$ & $0.836941$ & $-0.434202$ & $-0.995103$ & $-0.220738$ & $0.178719$ & $0.698779$ & $0.611873$ & $0.616348$ & $0.301894$ & $0.0762388$ & $0.0705718$ & $1$ & $0.986294$ & $0.975134$ & $-0.0759185$ & $-0.134794$ & $0.100182$ & $-0.669346$ & $0.173603$ & $0.447766$ & $0.055508$ & $0.129191$ & $0.0785082$ & $-0.188979$ & $0.152749$ & $0.225275$ & $0.0394731$ & $0.0314635$ & $0.0221327$ & $0.0140468$ & $0.0645465$ & $0.00156653$ & $-0.03411$ & $0.0244826$ & $0.00655565$ & $-0.0127375$ & $-0.003792$ & $-0.0291006$ & $0.00730931$ & $0.0138027$ & $0.00206171$ \\
CHe_22 & $0.0559879$ & $0.0245051$ & $-0.0503159$ & $-0.0186462$ & $0.0533327$ & $-0.147799$ & $-0.184105$ & $0.877158$ & $0.860983$ & $-0.445133$ & $-0.995242$ & $-0.221538$ & $0.178166$ & $0.669363$ & $0.52107$ & $0.528849$ & $0.277058$ & $0.0806931$ & $0.0743698$ & $0.986294$ & $1$ & $0.986771$ & $-0.0333936$ & $-0.202134$ & $0.0926661$ & $-0.683561$ & $0.280606$ & $0.451096$ & $0.0510527$ & $0.129958$ & $0.0777764$ & $-0.191318$ & $0.150436$ & $0.338654$ & $0.050665$ & $0.0340705$ & $0.0210875$ & $0.0163841$ & $0.067451$ & $0.00242482$ & $-0.0311672$ & $0.0370724$ & $0.00319791$ & $-0.0136195$ & $-0.00183282$ & $-0.0263813$ & $0.00552694$ & $0.0162876$ & $-0.00590736$ \\
CHe_33 & $0.0549672$ & $0.0147763$ & $-0.0499428$ & $-0.0187309$ & $0.0503554$ & $-0.147362$ & $-0.178403$ & $0.869001$ & $0.852916$ & $-0.439888$ & $-0.983975$ & $-0.213825$ & $0.171542$ & $0.656375$ & $0.508208$ & $0.541803$ & $0.272993$ & $0.08245$ & $0.0693575$ & $0.975134$ & $0.986771$ & $1$ & $-0.0293454$ & $-0.20037$ & $0.0921876$ & $-0.678499$ & $0.283002$ & $0.454055$ & $0.0528786$ & $0.124819$ & $0.0713388$ & $-0.186711$ & $0.1448$ & $0.346049$ & $0.045937$ & $0.0416647$ & $0.0230106$ & $0.0154868$ & $0.0674622$ & $0.00265197$ & $-0.0400095$ & $0.0341698$ & $-0.00383302$ & $-0.0156614$ & $-0.00175012$ & $-0.0290999$ & $0.000914034$ & $0.0192622$ & $-0.0110287$ \\
CHQ1_11 & $0.0189397$ & $0.02495$ & $-0.0374615$ & $-0.123654$ & $-0.0463423$ & $-0.00462147$ & $-0.00262296$ & $0.0270053$ & $0.0320495$ & $-0.00206787$ & $0.0569768$ & $0.0185484$ & $-0.016177$ & $-0.146381$ & $-0.213375$ & $-0.173723$ & $-0.11943$ & $-0.0403798$ & $-0.0640626$ & $-0.0759185$ & $-0.0333936$ & $-0.0293454$ & $1$ & $-0.154933$ & $0.0126799$ & $-0.553135$ & $0.392498$ & $-0.017969$ & $0.0220117$ & $-0.0403258$ & $-0.0396656$ & $-0.0166117$ & $-0.0614223$ & $0.235582$ & $0.0702267$ & $-0.0394427$ & $0.038235$ & $-0.0129613$ & $0.00482668$ & $-0.0376292$ & $0.0714586$ & $0.0306408$ & $0.0486293$ & $-0.0603918$ & $-0.0117637$ & $-0.0357364$ & $-0.0489866$ & $-0.0851664$ & $-0.0584774$ \\
CHQ1_33 & $-0.0323061$ & $-0.0446175$ & $0.0244478$ & $0.0344063$ & $0.0437345$ & $-0.179892$ & $-0.104102$ & $-0.594796$ & $-0.594714$ & $0.321568$ & $0.162471$ & $-0.11327$ & $0.109176$ & $0.444711$ & $0.0468407$ & $0.0307853$ & $0.748848$ & $0.716091$ & $0.729306$ & $-0.134794$ & $-0.202134$ & $-0.20037$ & $-0.154933$ & $1$ & $0.747699$ & $0.171858$ & $-0.372023$ & $-0.0422155$ & $0.0087359$ & $0.0765853$ & $0.072681$ & $-0.113332$ & $0.0925244$ & $-0.576649$ & $-0.00424431$ & $-0.0102925$ & $-0.0179385$ & $-0.00342545$ & $-0.0258227$ & $0.0463611$ & $-0.0211386$ & $-0.0359053$ & $0.0213328$ & $-0.011425$ & $-0.00857356$ & $0.0300958$ & $0.0967355$ & $0.0507837$ & $0.023608$ \\
CHQ3_11 & $-0.0508215$ & $-0.0139948$ & $-0.0142351$ & $-0.0121861$ & $0.0309634$ & $-0.25074$ & $-0.1751$ & $-0.351686$ & $-0.357761$ & $0.210315$ & $-0.0996269$ & $-0.189694$ & $0.171557$ & $0.592309$ & $-0.0737708$ & $-0.06941$ & $0.854676$ & $0.857539$ & $0.863769$ & $0.100182$ & $0.0926661$ & $0.0921876$ & $0.0126799$ & $0.747699$ & $1$ & $-0.027677$ & $0.148489$ & $0.00751102$ & $0.030257$ & $0.108157$ & $0.0918212$ & $-0.184452$ & $0.129115$ & $-0.215188$ & $0.0367629$ & $-0.0228539$ & $0.0200938$ & $-0.0280944$ & $0.0161989$ & $0.0298236$ & $-0.0411654$ & $-0.00105613$ & $0.0129803$ & $-0.0239947$ & $-0.00566476$ & $0.00622242$ & $0.0855914$ & $0.0599965$ & $0.00719932$ \\
CHu_11 & $-0.0811229$ & $-0.0335443$ & $0.0442575$ & $0.0857295$ & $-0.035399$ & $0.0992426$ & $0.119555$ & $-0.61815$ & $-0.61149$ & $0.306897$ & $0.678539$ & $0.151757$ & $-0.123378$ & $-0.426858$ & $-0.33354$ & $-0.34852$ & $-0.155832$ & $-0.0312688$ & $-0.0184309$ & $-0.669346$ & $-0.683561$ & $-0.678499$ & $-0.553135$ & $0.171858$ & $-0.027677$ & $1$ & $-0.20154$ & $-0.304972$ & $-0.0362667$ & $-0.0773984$ & $-0.0261367$ & $0.13681$ & $-0.0820788$ & $-0.273415$ & $-0.0638019$ & $-0.0151221$ & $-0.0240447$ & $0.00236352$ & $-0.0297727$ & $0.0332795$ & $-0.0248648$ & $-0.00993628$ & $-0.0313293$ & $0.0456707$ & $-0.00545314$ & $0.0436573$ & $0.0324328$ & $0.029952$ & $0.018808$ \\
CHd_11 & $-0.0206577$ & $0.00910855$ & $-0.0759461$ & $-0.0703198$ & $-0.0451579$ & $-0.0849277$ & $-0.0241181$ & $0.353456$ & $0.346769$ & $-0.157452$ & $-0.222117$ & $0.00436606$ & $-0.00947115$ & $-0.0730307$ & $-0.30021$ & $-0.273422$ & $-0.12761$ & $-0.0338261$ & $-0.0379979$ & $0.173603$ & $0.280606$ & $0.283002$ & $0.392498$ & $-0.372023$ & $0.148489$ & $-0.20154$ & $1$ & $0.116851$ & $0.000737356$ & $-0.0063169$ & $-0.0113242$ & $-0.0192652$ & $-0.0253881$ & $0.636862$ & $0.0790482$ & $-0.00721019$ & $0.0525463$ & $0.0255838$ & $0.0313466$ & $-0.0135863$ & $0.00489923$ & $0.0814015$ & $0.00803723$ & $-0.0330438$ & $-0.004954$ & $-0.0186748$ & $-0.0154523$ & $-0.0411129$ & $-0.0340214$ \\
CHd_33 & $0.0328657$ & $0.038797$ & $-0.0213847$ & $-0.039088$ & $0.0255154$ & $-0.0600633$ & $-0.031507$ & $0.413913$ & $0.41248$ & $-0.188704$ & $-0.451443$ & $-0.0369296$ & $0.026377$ & $0.283911$ & $0.245936$ & $0.22849$ & $0.0957084$ & $0.0040534$ & $0.00888559$ & $0.447766$ & $0.451096$ & $0.454055$ & $-0.017969$ & $-0.0422155$ & $0.00751102$ & $-0.304972$ & $0.116851$ & $1$ & $0.0495899$ & $0.0405664$ & $-0.0163999$ & $-0.0483167$ & $0.0335853$ & $0.163521$ & $0.0114286$ & $-0.0342539$ & $0.0529334$ & $0.0421401$ & $0.0376664$ & $-0.0389605$ & $0.00162715$ & $0.0446509$ & $0.0432292$ & $-0.00565908$ & $0.0637881$ & $0.0495235$ & $-0.0103481$ & $-0.0169324$ & $0.0272925$ \\
CeH_22r & $-0.0511066$ & $0.029389$ & $-0.0354933$ & $0.0514096$ & $-0.0178789$ & $0.0146755$ & $-0.155554$ & $0.0355065$ & $0.0482601$ & $-0.0703119$ & $-0.0532778$ & $-0.197649$ & $0.209539$ & $0.0440023$ & $0.0670426$ & $0.0428628$ & $0.0413166$ & $0.00140088$ & $0.0207899$ & $0.055508$ & $0.0510527$ & $0.0528786$ & $0.0220117$ & $0.0087359$ & $0.030257$ & $-0.0362667$ & $0.000737356$ & $0.0495899$ & $1$ & $0.192712$ & $0.07141$ & $-0.146298$ & $0.205667$ & $-0.0208845$ & $-0.0500018$ & $-0.00952609$ & $0.000941737$ & $-0.0246646$ & $0.0672901$ & $0.000362422$ & $0.0432609$ & $-0.0340985$ & $0.0152197$ & $-0.000454838$ & $0.00576415$ & $-0.0353112$ & $0.0232177$ & $0.0171004$ & $0.0330893$ \\
CeH_33r & $0.00278912$ & $-0.0314158$ & $-0.0793531$ & $0.0321162$ & $0.0479387$ & $0.0476445$ & $-0.611715$ & $0.0592042$ & $0.0831483$ & $-0.283842$ & $-0.132966$ & $-0.69988$ & $0.729661$ & $0.190578$ & $0.0671387$ & $0.0396953$ & $0.123665$ & $0.112889$ & $0.133747$ & $0.129191$ & $0.129958$ & $0.124819$ & $-0.0403258$ & $0.0765853$ & $0.108157$ & $-0.0773984$ & $-0.0063169$ & $0.0405664$ & $0.192712$ & $1$ & $0.506258$ & $-0.473078$ & $0.846286$ & $-0.0238743$ & $0.0154891$ & $0.0159966$ & $-0.185006$ & $-0.043403$ & $-0.053819$ & $-0.0299395$ & $0.038777$ & $0.00810811$ & $0.0296108$ & $-0.00213084$ & $0.0128202$ & $0.00216889$ & $0.0399177$ & $-0.0293413$ & $0.0499608$ \\
CuH_22r & $-0.0301391$ & $-0.0703899$ & $0.0198918$ & $0.0542262$ & $0.0516931$ & $0.0309229$ & $-0.374082$ & $0.0211472$ & $0.0298864$ & $-0.184794$ & $-0.0789617$ & $-0.429995$ & $0.435547$ & $0.130313$ & $0.0273698$ & $0.0294752$ & $0.100804$ & $0.102237$ & $0.103144$ & $0.0785082$ & $0.0777764$ & $0.0713388$ & $-0.0396656$ & $0.072681$ & $0.0918212$ & $-0.0261367$ & $-0.0113242$ & $-0.0163999$ & $0.07141$ & $0.506258$ & $1$ & $-0.280989$ & $0.547334$ & $-0.0179579$ & $0.048271$ & $0.0258539$ & $-0.147238$ & $0.0271234$ & $-0.0158346$ & $-0.0225347$ & $0.0107028$ & $0.0293108$ & $-0.0185907$ & $0.0771361$ & $-0.0284475$ & $0.0674623$ & $0.329944$ & $0.00832117$ & $0.0698971$ \\
CuH_33r & $-0.00069129$ & $-0.0378676$ & $0.0499522$ & $0.0302795$ & $-0.034305$ & $0.034021$ & $0.953724$ & $-0.0782425$ & $-0.0558688$ & $0.259956$ & $0.192457$ & $0.720669$ & $-0.719591$ & $-0.260066$ & $-0.095185$ & $-0.0733528$ & $-0.209096$ & $-0.176628$ & $-0.196199$ & $-0.188979$ & $-0.191318$ & $-0.186711$ & $-0.0166117$ & $-0.113332$ & $-0.184452$ & $0.13681$ & $-0.0192652$ & $-0.0483167$ & $-0.146298$ & $-0.473078$ & $-0.280989$ & $1$ & $-0.468108$ & $0.0186223$ & $-0.0633711$ & $-0.0340553$ & $0.0038924$ & $0.0427814$ & $-0.0193403$ & $-0.0113528$ & $0.00158195$ & $-0.0205779$ & $0.00391219$ & $-0.0243452$ & $0.005736$ & $0.0314384$ & $-0.108239$ & $0.0144747$ & $0.00706694$ \\
CdH_33r & $-0.0269348$ & $-0.00313917$ & $-0.0536502$ & $-0.00102025$ & $0.0418197$ & $0.0297537$ & $-0.617381$ & $0.0651077$ & $0.093337$ & $-0.307349$ & $-0.154219$ & $-0.709617$ & $0.736842$ & $0.220211$ & $0.102146$ & $0.0519455$ & $0.151082$ & $0.122851$ & $0.157945$ & $0.152749$ & $0.150436$ & $0.1448$ & $-0.0614223$ & $0.0925244$ & $0.129115$ & $-0.0820788$ & $-0.0253881$ & $0.0335853$ & $0.205667$ & $0.846286$ & $0.547334$ & $-0.468108$ & $1$ & $-0.0495546$ & $-0.00115554$ & $0.0495753$ & $-0.205338$ & $-0.0459381$ & $-0.00597409$ & $-0.0228067$ & $-0.00567709$ & $0.0249419$ & $0.0185542$ & $0.0593629$ & $0.0103021$ & $0.0135748$ & $0.0912699$ & $0.0795828$ & $0.313091$ \\
CLL_1221 & $0.0192801$ & $0.0712271$ & $-0.0399265$ & $-0.0359531$ & $-0.0218574$ & $-0.101769$ & $0.0120512$ & $0.474514$ & $0.464811$ & $-0.217637$ & $-0.275496$ & $0.0209445$ & $-0.0314963$ & $-0.179799$ & $-0.504638$ & $0.0265397$ & $-0.203036$ & $-0.000693947$ & $-0.35626$ & $0.225275$ & $0.338654$ & $0.346049$ & $0.235582$ & $-0.576649$ & $-0.215188$ & $-0.273415$ & $0.636862$ & $0.163521$ & $-0.0208845$ & $-0.0238743$ & $-0.0179579$ & $0.0186223$ & $-0.0495546$ & $1$ & $0.0469122$ & $0.0437133$ & $0.0364082$ & $0.0265592$ & $0.0421563$ & $-0.022775$ & $0.00212047$ & $0.0770668$ & $0.00303957$ & $-0.0167282$ & $0.0297391$ & $0.0163325$ & $-0.0537303$ & $-0.0267758$ & $-0.0682579$ \\
eHggint & $0.0462338$ & $0.00040922$ & $-0.172931$ & $-0.0237929$ & $-0.00483527$ & $0.0476144$ & $-0.103451$ & $0.0353377$ & $0.0272425$ & $-0.00663017$ & $-0.0463166$ & $-0.102111$ & $0.109811$ & $0.0649116$ & $-0.0351164$ & $-0.0243839$ & $0.00474676$ & $0.045547$ & $0.0376749$ & $0.0394731$ & $0.050665$ & $0.045937$ & $0.0702267$ & $-0.00424431$ & $0.0367629$ & $-0.0638019$ & $0.0790482$ & $0.0114286$ & $-0.0500018$ & $0.0154891$ & $0.048271$ & $-0.0633711$ & $-0.00115554$ & $0.0469122$ & $1$ & $0.0608872$ & $-0.0508581$ & $-0.0253418$ & $-0.0705973$ & $0.0787683$ & $-0.0578307$ & $-0.000965559$ & $0.114717$ & $-0.0993379$ & $-0.0874222$ & $-0.0351775$ & $0.040932$ & $0.0930696$ & $-0.161678$ \\
eHggpar & $-0.101114$ & $0.0303855$ & $-0.150256$ & $0.0933322$ & $-0.0188439$ & $-0.00457479$ & $-0.0642686$ & $0.0410289$ & $0.0325665$ & $-0.00603136$ & $-0.0336857$ & $-0.0550561$ & $0.0715822$ & $0.00543796$ & $0.00201105$ & $0.0597019$ & $-0.00856889$ & $-0.00678999$ & $-0.0433689$ & $0.0314635$ & $0.0340705$ & $0.0416647$ & $-0.0394427$ & $-0.0102925$ & $-0.0228539$ & $-0.0151221$ & $-0.00721019$ & $-0.0342539$ & $-0.00952609$ & $0.0159966$ & $0.0258539$ & $-0.0340553$ & $0.0495753$ & $0.0437133$ & $0.0608872$ & $1$ & $0.0192753$ & $-0.0219417$ & $-0.0746687$ & $-0.00411571$ & $-0.033294$ & $0.0367553$ & $0.0216057$ & $0.0252402$ & $-0.0543204$ & $-0.00302721$ & $0.00223019$ & $0.104485$ & $0.0623591$ \\
eHWWint & $-0.0291803$ & $-0.0222229$ & $0.00865773$ & $0.020769$ & $-0.000283337$ & $0.0122937$ & $0.0317132$ & $0.0240788$ & $0.0129636$ & $0.051582$ & $-0.0199001$ & $0.0902765$ & $-0.083965$ & $-0.0129444$ & $-0.00400811$ & $0.0171724$ & $0.00815505$ & $0.000498593$ & $-0.0146492$ & $0.0221327$ & $0.0210875$ & $0.0230106$ & $0.038235$ & $-0.0179385$ & $0.0200938$ & $-0.0240447$ & $0.0525463$ & $0.0529334$ & $0.000941737$ & $-0.185006$ & $-0.147238$ & $0.0038924$ & $-0.205338$ & $0.0364082$ & $-0.0508581$ & $0.0192753$ & $1$ & $0.035622$ & $0.10225$ & $0.00213899$ & $-0.122562$ & $-0.0664571$ & $0.0215434$ & $-0.0632872$ & $0.107605$ & $0.0754261$ & $0.0394405$ & $-0.0372057$ & $-0.0193622$ \\
eHWWpar & $0.0236985$ & $0.0692091$ & $0.064349$ & $-0.0188942$ & $-0.0291505$ & $-0.0106354$ & $0.0412188$ & $0.0257097$ & $0.0251332$ & $-0.00406653$ & $-0.013778$ & $0.0516113$ & $-0.053863$ & $-0.000596897$ & $-0.00579801$ & $0.00332557$ & $-0.0265783$ & $-0.0173429$ & $-0.0164955$ & $0.0140468$ & $0.0163841$ & $0.0154868$ & $-0.0129613$ & $-0.00342545$ & $-0.0280944$ & $0.00236352$ & $0.0255838$ & $0.0421401$ & $-0.0246646$ & $-0.043403$ & $0.0271234$ & $0.0427814$ & $-0.0459381$ & $0.0265592$ & $-0.0253418$ & $-0.0219417$ & $0.035622$ & $1$ & $0.0171733$ & $0.0419989$ & $0.0358492$ & $0.0447831$ & $-0.00589922$ & $0.00463287$ & $-0.0662123$ & $-0.00615873$ & $0.0425533$ & $0.0166769$ & $-0.0357803$ \\
eHZZint & $-0.0962629$ & $-0.0150292$ & $0.0303074$ & $-0.0370965$ & $0.0185723$ & $-0.0871578$ & $-0.00796928$ & $0.0589639$ & $0.0540761$ & $0.0411536$ & $-0.0644868$ & $0.0471824$ & $-0.053591$ & $0.0238667$ & $0.0279269$ & $0.0172269$ & $0.0357367$ & $0.00518419$ & $0.0159694$ & $0.0645465$ & $0.067451$ & $0.0674622$ & $0.00482668$ & $-0.0258227$ & $0.0161989$ & $-0.0297727$ & $0.0313466$ & $0.0376664$ & $0.0672901$ & $-0.053819$ & $-0.0158346$ & $-0.0193403$ & $-0.00597409$ & $0.0421563$ & $-0.0705973$ & $-0.0746687$ & $0.10225$ & $0.0171733$ & $1$ & $-0.0855646$ & $-0.0854466$ & $-0.0495571$ & $-0.00444694$ & $0.0147744$ & $0.0376259$ & $-0.0227914$ & $0.000272314$ & $0.0628809$ & $0.17181$ \\
eHZZpar & $0.0133345$ & $-0.0301171$ & $0.00476801$ & $0.00721953$ & $0.0242501$ & $0.0635725$ & $-0.00582621$ & $-0.0140861$ & $-0.0190299$ & $-0.018904$ & $-0.00599858$ & $-0.00195644$ & $-0.00782663$ & $0.0456025$ & $0.00466227$ & $0.024499$ & $0.0301444$ & $0.036284$ & $0.0240636$ & $0.00156653$ & $0.00242482$ & $0.00265197$ & $-0.0376292$ & $0.0463611$ & $0.0298236$ & $0.0332795$ & $-0.0135863$ & $-0.0389605$ & $0.000362422$ & $-0.0299395$ & $-0.0225347$ & $-0.0113528$ & $-0.0228067$ & $-0.022775$ & $0.0787683$ & $-0.00411571$ & $0.00213899$ & $0.0419989$ & $-0.0855646$ & $1$ & $-0.0271262$ & $0.0175967$ & $-0.0534709$ & $0.0554803$ & $-0.0206461$ & $0.00509033$ & $-0.0173816$ & $0.0528118$ & $-0.0844006$ \\
eHZgaint & $0.168767$ & $0.0176899$ & $0.11983$ & $-0.00418318$ & $-0.0967899$ & $0.0053691$ & $0.0062158$ & $-0.0162892$ & $-0.0230037$ & $-0.0554151$ & $0.0310775$ & $-0.00377969$ & $0.0041975$ & $-0.0345862$ & $-0.0166977$ & $-0.0363043$ & $-0.0314823$ & $-0.0244149$ & $-0.0205602$ & $-0.03411$ & $-0.0311672$ & $-0.0400095$ & $0.0714586$ & $-0.0211386$ & $-0.0411654$ & $-0.0248648$ & $0.00489923$ & $0.00162715$ & $0.0432609$ & $0.038777$ & $0.0107028$ & $0.00158195$ & $-0.00567709$ & $0.00212047$ & $-0.0578307$ & $-0.033294$ & $-0.122562$ & $0.0358492$ & $-0.0854466$ & $-0.0271262$ & $1$ & $0.0617686$ & $-0.0707665$ & $0.0382929$ & $-0.141205$ & $-0.133583$ & $-0.0790313$ & $-0.0975947$ & $-0.0582396$ \\
eHZgapar & $-0.0569719$ & $0.0143808$ & $-0.00208501$ & $0.00924051$ & $0.0144605$ & $-0.0223798$ & $-0.00861964$ & $0.0451819$ & $0.0465192$ & $-0.0579965$ & $-0.0305028$ & $0.00334565$ & $-0.00295159$ & $-0.0105376$ & $-0.0279528$ & $-0.0112315$ & $-0.00809106$ & $-0.00637565$ & $-0.0194865$ & $0.0244826$ & $0.0370724$ & $0.0341698$ & $0.0306408$ & $-0.0359053$ & $-0.00105613$ & $-0.00993628$ & $0.0814015$ & $0.0446509$ & $-0.0340985$ & $0.00810811$ & $0.0293108$ & $-0.0205779$ & $0.0249419$ & $0.0770668$ & $-0.000965559$ & $0.0367553$ & $-0.0664571$ & $0.0447831$ & $-0.0495571$ & $0.0175967$ & $0.0617686$ & $1$ & $-0.0177172$ & $0.0734715$ & $-0.107671$ & $-0.014692$ & $-0.00261421$ & $-0.0052637$ & $0.0247527$ \\
eHgagaint & $-0.0794613$ & $0.0297121$ & $-0.142616$ & $-0.110432$ & $0.0156464$ & $-0.027182$ & $-0.0138905$ & $-0.000340508$ & $0.0523664$ & $-0.000210162$ & $-0.00447884$ & $-0.0299716$ & $0.0364998$ & $0.0136464$ & $-0.0117998$ & $-0.00300927$ & $-0.00270665$ & $0.0145817$ & $0.00359432$ & $0.00655565$ & $0.00319791$ & $-0.00383302$ & $0.0486293$ & $0.0213328$ & $0.0129803$ & $-0.0313293$ & $0.00803723$ & $0.0432292$ & $0.0152197$ & $0.0296108$ & $-0.0185907$ & $0.00391219$ & $0.0185542$ & $0.00303957$ & $0.114717$ & $0.0216057$ & $0.0215434$ & $-0.00589922$ & $-0.00444694$ & $-0.0534709$ & $-0.0707665$ & $-0.0177172$ & $1$ & $-0.100884$ & $0.00410979$ & $0.0940142$ & $0.00127682$ & $0.081186$ & $-0.0382489$ \\
eHmumuint & $-0.000934719$ & $-0.0146144$ & $0.00171472$ & $-0.0819048$ & $0.00716301$ & $-0.0144964$ & $-0.00750836$ & $-0.00572138$ & $-0.0128505$ & $-0.0204598$ & $0.0130674$ & $-0.0025185$ & $0.00154186$ & $-0.0350607$ & $0.0276479$ & $0.00265371$ & $0.00363894$ & $-0.0322662$ & $-0.016761$ & $-0.0127375$ & $-0.0136195$ & $-0.0156614$ & $-0.0603918$ & $-0.011425$ & $-0.0239947$ & $0.0456707$ & $-0.0330438$ & $-0.00565908$ & $-0.000454838$ & $-0.00213084$ & $0.0771361$ & $-0.0243452$ & $0.0593629$ & $-0.0167282$ & $-0.0993379$ & $0.0252402$ & $-0.0632872$ & $0.00463287$ & $0.0147744$ & $0.0554803$ & $0.0382929$ & $0.0734715$ & $-0.100884$ & $1$ & $-0.0268596$ & $-0.0436705$ & $0.0920395$ & $0.0763392$ & $0.150539$ \\
eHtautauint & $0.0730196$ & $0.0329827$ & $-0.0887639$ & $0.0972444$ & $0.0463931$ & $-0.014336$ & $0.0172682$ & $-0.00445369$ & $0.00415625$ & $0.0187239$ & $0.00275842$ & $0.0106692$ & $-0.0114952$ & $-0.0119648$ & $-0.0239214$ & $-0.0122883$ & $0.0140908$ & $0.0147145$ & $0.00864783$ & $-0.003792$ & $-0.00183282$ & $-0.00175012$ & $-0.0117637$ & $-0.00857356$ & $-0.00566476$ & $-0.00545314$ & $-0.004954$ & $0.0637881$ & $0.00576415$ & $0.0128202$ & $-0.0284475$ & $0.005736$ & $0.0103021$ & $0.0297391$ & $-0.0874222$ & $-0.0543204$ & $0.107605$ & $-0.0662123$ & $0.0376259$ & $-0.0206461$ & $-0.141205$ & $-0.107671$ & $0.00410979$ & $-0.0268596$ & $1$ & $0.0410219$ & $-0.00795226$ & $0.0045261$ & $0.088378$ \\
eHccint & $-0.107447$ & $0.0030564$ & $0.0786607$ & $0.116727$ & $0.0746694$ & $0.0015503$ & $0.0263746$ & $-0.029532$ & $-0.0226617$ & $0.0548374$ & $0.0294363$ & $0.00186321$ & $0.00215879$ & $-0.0179505$ & $-0.0448959$ & $-1.65713e-05$ & $0.00747743$ & $0.0220615$ & $-0.002251$ & $-0.0291006$ & $-0.0263813$ & $-0.0290999$ & $-0.0357364$ & $0.0300958$ & $0.00622242$ & $0.0436573$ & $-0.0186748$ & $0.0495235$ & $-0.0353112$ & $0.00216889$ & $0.0674623$ & $0.0314384$ & $0.0135748$ & $0.0163325$ & $-0.0351775$ & $-0.00302721$ & $0.0754261$ & $-0.00615873$ & $-0.0227914$ & $0.00509033$ & $-0.133583$ & $-0.014692$ & $0.0940142$ & $-0.0436705$ & $0.0410219$ & $1$ & $0.0542097$ & $-0.0522271$ & $0.0588153$ \\
eHccpar & $-0.0307663$ & $-0.1128$ & $0.0069437$ & $-0.0616505$ & $0.0431495$ & $-0.0085284$ & $-0.100004$ & $-0.0362852$ & $-0.0411456$ & $-0.00948069$ & $-0.00763828$ & $-0.0781937$ & $0.067423$ & $0.0591178$ & $0.0156083$ & $0.00371388$ & $0.0843437$ & $0.0710932$ & $0.0848915$ & $0.00730931$ & $0.00552694$ & $0.000914034$ & $-0.0489866$ & $0.0967355$ & $0.0855914$ & $0.0324328$ & $-0.0154523$ & $-0.0103481$ & $0.0232177$ & $0.0399177$ & $0.329944$ & $-0.108239$ & $0.0912699$ & $-0.0537303$ & $0.040932$ & $0.00223019$ & $0.0394405$ & $0.0425533$ & $0.000272314$ & $-0.0173816$ & $-0.0790313$ & $-0.00261421$ & $0.00127682$ & $0.0920395$ & $-0.00795226$ & $0.0542097$ & $1$ & $-0.031091$ & $0.167246$ \\
eHbbint & $-0.147319$ & $-0.0608309$ & $-0.114831$ & $0.059982$ & $0.0230315$ & $0.0238513$ & $0.0119685$ & $-0.0152108$ & $-0.0116317$ & $0.0531781$ & $-0.0180467$ & $-0.022935$ & $0.0178326$ & $0.0684475$ & $0.00435088$ & $-0.020192$ & $0.0588383$ & $0.0608867$ & $0.0723173$ & $0.0138027$ & $0.0162876$ & $0.0192622$ & $-0.0851664$ & $0.0507837$ & $0.0599965$ & $0.029952$ & $-0.0411129$ & $-0.0169324$ & $0.0171004$ & $-0.0293413$ & $0.00832117$ & $0.0144747$ & $0.0795828$ & $-0.0267758$ & $0.0930696$ & $0.104485$ & $-0.0372057$ & $0.0166769$ & $0.0628809$ & $0.0528118$ & $-0.0975947$ & $-0.0052637$ & $0.081186$ & $0.0763392$ & $0.0045261$ & $-0.0522271$ & $-0.031091$ & $1$ & $0.0464219$ \\
eHbbpar & $-0.064751$ & $-0.00526891$ & $-0.0058673$ & $-0.0751133$ & $-0.0169444$ & $-0.0193985$ & $0.0105462$ & $-0.00738824$ & $0.00365814$ & $-0.0119617$ & $0.00232127$ & $0.0123149$ & $-0.0039392$ & $-0.000498149$ & $0.0662111$ & $-0.0106274$ & $0.0090633$ & $-0.0321765$ & $0.0173029$ & $0.00206171$ & $-0.00590736$ & $-0.0110287$ & $-0.0584774$ & $0.023608$ & $0.00719932$ & $0.018808$ & $-0.0340214$ & $0.0272925$ & $0.0330893$ & $0.0499608$ & $0.0698971$ & $0.00706694$ & $0.313091$ & $-0.0682579$ & $-0.161678$ & $0.0623591$ & $-0.0193622$ & $-0.0357803$ & $0.17181$ & $-0.0844006$ & $-0.0582396$ & $0.0247527$ & $-0.0382489$ & $0.150539$ & $0.088378$ & $0.0588153$ & $0.167246$ & $0.0464219$ & $1$ \\
