 & AlsMz & dAle5Mz & mtop & mHl & Mz & CW & CHG & CHWB & CHWHB_gaga & CHWHB_gagaorth & CHD & CHbox & CH & CHL1_11 & CHL1_22 & CHL1_33 & CHL3_11 & CHL3_22 & CHL3_33 & CHe_11 & CHe_22 & CHe_33 & CHQ1_11 & CHQ1_33 & CHQ3_11 & CHu_11 & CHd_11 & CHd_33 & CeH_22r & CeH_33r & CuH_22r & CuH_33r & CdH_33r & CLL_1221 & eHggint & eHggpar & eHWWint & eHWWpar & eHZZint & eHZZpar & eHZgaint & eHZgapar & eHgagaint & eHmumuint & eHtautauint & eHccint & eHccpar & eHbbint & eHbbpar \\
AlsMz & $1$ & $0.50902$ & $0.344341$ & $-0.201272$ & $-0.343391$ & $0.0987068$ & $0.505852$ & $-0.131908$ & $-0.128079$ & $0.196306$ & $-0.0163529$ & $-0.530264$ & $-0.536577$ & $0.203628$ & $-0.128582$ & $-0.195122$ & $0.212435$ & $0.198637$ & $0.247726$ & $-0.0459053$ & $0.0656686$ & $0.111681$ & $0.233876$ & $0.0944069$ & $0.208464$ & $-0.16495$ & $0.207019$ & $0.426918$ & $-0.0253454$ & $-0.368306$ & $-0.0838737$ & $0.516686$ & $-0.27703$ & $0.0576603$ & $0.135745$ & $0.422226$ & $0.434789$ & $-0.265548$ & $0.172959$ & $0.122714$ & $-0.423481$ & $0.121056$ & $-0.0959414$ & $0.043701$ & $-0.405885$ & $0.273644$ & $0.370649$ & $-0.303489$ & $0.212283$ \\
dAle5Mz & $0.50902$ & $1$ & $0.361644$ & $-0.315643$ & $-0.475401$ & $0.108126$ & $0.537471$ & $-0.0140278$ & $8.6503e-05$ & $0.120502$ & $-0.113156$ & $-0.527774$ & $-0.50887$ & $0.124567$ & $-0.150446$ & $-0.221598$ & $0.106804$ & $0.114092$ & $0.145751$ & $0.0636812$ & $0.16668$ & $0.22207$ & $0.269589$ & $-0.0469536$ & $0.160624$ & $-0.225105$ & $0.327992$ & $0.482691$ & $-0.0206057$ & $-0.363459$ & $-0.0811301$ & $0.54724$ & $-0.142906$ & $0.235586$ & $-0.0858298$ & $0.455206$ & $0.560874$ & $-0.230067$ & $0.130165$ & $0.128077$ & $-0.0544759$ & $0.330089$ & $0.0439865$ & $-0.328473$ & $-0.390288$ & $0.354408$ & $0.347233$ & $-0.290929$ & $0.492114$ \\
mtop & $0.344341$ & $0.361644$ & $1$ & $0.128017$ & $-0.438777$ & $0.21588$ & $0.27916$ & $-0.0215065$ & $-0.00431669$ & $0.208242$ & $-0.135291$ & $-0.191324$ & $-0.166941$ & $0.319473$ & $0.132788$ & $0.0308561$ & $0.13389$ & $0.0146247$ & $0.0881897$ & $0.045203$ & $0.0740736$ & $0.0738329$ & $0.0638675$ & $0.128603$ & $0.0392959$ & $-0.270649$ & $-0.238865$ & $0.425558$ & $0.04676$ & $-0.107735$ & $0.163993$ & $0.305705$ & $0.0426254$ & $-0.0834432$ & $-0.179246$ & $0.281995$ & $0.238299$ & $-0.160241$ & $0.625976$ & $0.451245$ & $-0.0359284$ & $0.457332$ & $0.251611$ & $0.329157$ & $0.0784141$ & $-0.0615953$ & $0.582975$ & $-0.0797819$ & $0.330166$ \\
mHl & $-0.201272$ & $-0.315643$ & $0.128017$ & $1$ & $0.469986$ & $0.0164414$ & $-0.501193$ & $-0.156956$ & $-0.159787$ & $-0.0172228$ & $0.244986$ & $0.532948$ & $0.51043$ & $-0.0636723$ & $0.215987$ & $0.16624$ & $-0.0369025$ & $-0.154055$ & $-0.0843942$ & $-0.185542$ & $-0.190779$ & $-0.246824$ & $-0.294712$ & $0.130233$ & $-0.181043$ & $0.152812$ & $-0.449155$ & $-0.396484$ & $0.0126844$ & $0.36467$ & $0.127874$ & $-0.493092$ & $0.173608$ & $-0.312409$ & $0.128045$ & $-0.190995$ & $-0.191375$ & $-0.0279294$ & $-0.0282101$ & $0.24963$ & $-0.14034$ & $-0.353603$ & $0.239753$ & $0.361716$ & $0.423064$ & $-0.647327$ & $-0.00313527$ & $0.536029$ & $-0.5417$ \\
Mz & $-0.343391$ & $-0.475401$ & $-0.438777$ & $0.469986$ & $1$ & $-0.171049$ & $-0.591822$ & $-0.0667546$ & $-0.0819505$ & $-0.198341$ & $0.297636$ & $0.569623$ & $0.517619$ & $-0.332237$ & $0.0402346$ & $0.14196$ & $-0.181553$ & $-0.153178$ & $-0.166325$ & $-0.123974$ & $-0.155159$ & $-0.256862$ & $-0.246778$ & $-0.0136304$ & $-0.217579$ & $0.288574$ & $-0.163693$ & $-0.607314$ & $-0.033572$ & $0.334013$ & $-0.0275805$ & $-0.601066$ & $0.108655$ & $-0.141624$ & $0.418056$ & $-0.358274$ & $-0.235249$ & $0.131164$ & $-0.488229$ & $-0.203206$ & $-0.225007$ & $-0.629159$ & $0.0147246$ & $0.0995531$ & $0.214937$ & $-0.568662$ & $-0.423553$ & $0.396964$ & $-0.611956$ \\
CW & $0.0987068$ & $0.108126$ & $0.21588$ & $0.0164414$ & $-0.171049$ & $1$ & $0.0632777$ & $-0.0407784$ & $-0.0412515$ & $0.133647$ & $-0.0255915$ & $-0.0721416$ & $-0.0563149$ & $0.310154$ & $0.118309$ & $-0.00183688$ & $-0.0456233$ & $0.000775275$ & $0.0648137$ & $-0.0112364$ & $-0.0360507$ & $-0.0113319$ & $0.0458792$ & $0.116196$ & $0.0613844$ & $-0.106661$ & $-0.0891879$ & $0.116556$ & $-0.0326003$ & $-0.091208$ & $0.0142135$ & $0.0728675$ & $-0.0201052$ & $-0.136865$ & $-0.0989594$ & $0.108556$ & $0.0904723$ & $-0.0123735$ & $0.225884$ & $0.103702$ & $0.0430349$ & $0.171798$ & $0.0390768$ & $0.0824713$ & $-0.00133136$ & $0.0204954$ & $0.191123$ & $0.0479982$ & $0.113935$ \\
CHG & $0.505852$ & $0.537471$ & $0.27916$ & $-0.501193$ & $-0.591822$ & $0.0632777$ & $1$ & $0.0706298$ & $0.0961751$ & $0.18672$ & $-0.267721$ & $-0.849973$ & $-0.834152$ & $0.280982$ & $-0.181685$ & $-0.234484$ & $0.222911$ & $0.23626$ & $0.231527$ & $0.140074$ & $0.227864$ & $0.286306$ & $0.303178$ & $0.0237168$ & $0.295955$ & $-0.269534$ & $0.367015$ & $0.602892$ & $-0.0329561$ & $-0.566856$ & $-0.185015$ & $0.973017$ & $-0.448693$ & $0.25502$ & $-0.208669$ & $0.32144$ & $0.33663$ & $-0.226509$ & $0.265632$ & $0.100852$ & $-0.0388739$ & $0.359067$ & $-0.165333$ & $-0.193256$ & $-0.372362$ & $0.608378$ & $0.300992$ & $-0.48341$ & $0.400712$ \\
CHWB & $-0.131908$ & $-0.0140278$ & $-0.0215065$ & $-0.156956$ & $-0.0667546$ & $-0.0407784$ & $0.0706298$ & $1$ & $0.991885$ & $-0.484738$ & $-0.856678$ & $-0.0875221$ & $-0.0317498$ & $-0.177561$ & $0.000173683$ & $0.0487071$ & $-0.56987$ & $-0.452996$ & $-0.476587$ & $0.850418$ & $0.613541$ & $0.533905$ & $0.0809525$ & $-0.612242$ & $-0.53503$ & $-0.218907$ & $0.294725$ & $0.187984$ & $0.0398843$ & $-0.0363404$ & $0.0124858$ & $0.0596727$ & $-0.0507723$ & $0.633244$ & $-0.163571$ & $0.0267295$ & $0.0396334$ & $0.0668702$ & $0.0747242$ & $0.0820485$ & $0.135825$ & $0.126599$ & $-0.0654666$ & $-0.0763774$ & $-0.0270439$ & $0.180756$ & $0.0241442$ & $-0.120813$ & $0.0412859$ \\
CHWHB_gaga & $-0.128079$ & $8.6503e-05$ & $-0.00431669$ & $-0.159787$ & $-0.0819505$ & $-0.0412515$ & $0.0961751$ & $0.991885$ & $1$ & $-0.475893$ & $-0.855014$ & $-0.0933094$ & $-0.0402913$ & $-0.170865$ & $0.00017706$ & $0.0526175$ & $-0.563183$ & $-0.447599$ & $-0.471028$ & $0.849245$ & $0.609079$ & $0.533412$ & $0.0896832$ & $-0.605077$ & $-0.525575$ & $-0.233014$ & $0.290057$ & $0.198942$ & $0.048899$ & $-0.0184713$ & $0.0247286$ & $0.0841184$ & $-0.0227299$ & $0.627286$ & $-0.176701$ & $0.0199793$ & $0.0380925$ & $0.0531171$ & $0.0894939$ & $0.0804334$ & $0.134051$ & $0.14711$ & $-0.0231881$ & $-0.0743263$ & $-0.00541609$ & $0.17726$ & $0.0361389$ & $-0.110853$ & $0.0630561$ \\
CHWHB_gagaorth & $0.196306$ & $0.120502$ & $0.208242$ & $-0.0172228$ & $-0.198341$ & $0.133647$ & $0.18672$ & $-0.484738$ & $-0.475893$ & $1$ & $0.0794331$ & $-0.137983$ & $-0.191307$ & $0.724099$ & $0.103223$ & $-0.0210668$ & $0.794053$ & $0.576055$ & $0.6114$ & $-0.22231$ & $-0.125871$ & $-0.0484995$ & $-0.0442356$ & $0.537882$ & $0.672564$ & $-0.00795929$ & $-0.189391$ & $0.109684$ & $-0.0160971$ & $-0.129266$ & $-0.0227877$ & $0.208225$ & $-0.0487298$ & $-0.307158$ & $-0.0944869$ & $0.0315093$ & $-0.0278743$ & $-0.0991182$ & $0.188271$ & $0.0314724$ & $0.00696338$ & $0.179853$ & $0.0754785$ & $0.087372$ & $0.0362679$ & $0.0611209$ & $0.148714$ & $0.0101298$ & $0.152088$ \\
CHD & $-0.0163529$ & $-0.113156$ & $-0.135291$ & $0.244986$ & $0.297636$ & $-0.0255915$ & $-0.267721$ & $-0.856678$ & $-0.855014$ & $0.0794331$ & $1$ & $0.279651$ & $0.227126$ & $-0.256853$ & $-0.0515308$ & $-0.0487415$ & $0.152853$ & $0.146144$ & $0.163282$ & $-0.870152$ & $-0.653152$ & $-0.616767$ & $-0.113489$ & $0.380797$ & $0.180549$ & $0.312806$ & $-0.238503$ & $-0.34169$ & $-0.0394244$ & $0.155507$ & $0.0052757$ & $-0.261784$ & $0.0965729$ & $-0.529329$ & $0.287282$ & $-0.113577$ & $-0.0674674$ & $-0.00515178$ & $-0.241334$ & $-0.131217$ & $-0.178497$ & $-0.313464$ & $0.0456674$ & $0.048737$ & $0.0483693$ & $-0.30994$ & $-0.164661$ & $0.186853$ & $-0.208335$ \\
CHbox & $-0.530264$ & $-0.527774$ & $-0.191324$ & $0.532948$ & $0.569623$ & $-0.0721416$ & $-0.849973$ & $-0.0875221$ & $-0.0933094$ & $-0.137983$ & $0.279651$ & $1$ & $0.976903$ & $-0.292807$ & $0.202213$ & $0.275124$ & $-0.231427$ & $-0.25711$ & $-0.263774$ & $-0.118262$ & $-0.25255$ & $-0.283714$ & $-0.317453$ & $-0.00131959$ & $-0.324271$ & $0.247996$ & $-0.437177$ & $-0.601446$ & $0.0643404$ & $0.632816$ & $0.231093$ & $-0.818538$ & $0.523515$ & $-0.299928$ & $0.144275$ & $-0.317174$ & $-0.303336$ & $0.192468$ & $-0.218338$ & $-0.0548855$ & $0.0713612$ & $-0.339668$ & $0.245599$ & $0.190571$ & $0.441767$ & $-0.652457$ & $-0.242643$ & $0.545248$ & $-0.376554$ \\
CH & $-0.536577$ & $-0.50887$ & $-0.166941$ & $0.51043$ & $0.517619$ & $-0.0563149$ & $-0.834152$ & $-0.0317498$ & $-0.0402913$ & $-0.191307$ & $0.227126$ & $0.976903$ & $1$ & $-0.271623$ & $0.190571$ & $0.258028$ & $-0.244774$ & $-0.264304$ & $-0.272166$ & $-0.107868$ & $-0.216728$ & $-0.245058$ & $-0.295869$ & $-0.0269652$ & $-0.335338$ & $0.220143$ & $-0.410054$ & $-0.556176$ & $0.0667521$ & $0.6054$ & $0.248087$ & $-0.811907$ & $0.513005$ & $-0.237581$ & $0.0899014$ & $-0.296086$ & $-0.275049$ & $0.190469$ & $-0.191745$ & $-0.0330366$ & $0.104666$ & $-0.29585$ & $0.233883$ & $0.166626$ & $0.433122$ & $-0.608228$ & $-0.206425$ & $0.530183$ & $-0.34104$ \\
CHL1_11 & $0.203628$ & $0.124567$ & $0.319473$ & $-0.0636723$ & $-0.332237$ & $0.310154$ & $0.280982$ & $-0.177561$ & $-0.170865$ & $0.724099$ & $-0.256853$ & $-0.292807$ & $-0.271623$ & $1$ & $0.15367$ & $0.0356172$ & $0.636511$ & $0.508806$ & $0.532473$ & $-0.00486981$ & $0.0793956$ & $0.126419$ & $0.0230387$ & $0.441263$ & $0.574894$ & $-0.15537$ & $-0.183236$ & $0.242307$ & $0.0230363$ & $-0.174038$ & $-0.00336438$ & $0.282143$ & $-0.0617894$ & $-0.156457$ & $-0.229958$ & $0.105464$ & $-0.018802$ & $-0.067174$ & $0.349005$ & $0.107347$ & $0.0888353$ & $0.330111$ & $0.0631992$ & $0.154099$ & $0.0437972$ & $0.148821$ & $0.264553$ & $-0.0448021$ & $0.254643$ \\
CHL1_22 & $-0.128582$ & $-0.150446$ & $0.132788$ & $0.215987$ & $0.0402346$ & $0.118309$ & $-0.181685$ & $0.000173683$ & $0.00017706$ & $0.103223$ & $-0.0515308$ & $0.202213$ & $0.190571$ & $0.15367$ & $1$ & $0.308642$ & $0.0159947$ & $-0.480737$ & $-0.11977$ & $0.0638693$ & $-0.195925$ & $-0.137438$ & $-0.154488$ & $0.23109$ & $-0.167747$ & $0.0606912$ & $-0.509756$ & $-0.116917$ & $0.0315992$ & $0.10839$ & $0.0953999$ & $-0.168195$ & $0.142276$ & $-0.559948$ & $-0.0521734$ & $-0.0390144$ & $-0.174612$ & $0.0547806$ & $0.149473$ & $0.112245$ & $0.123521$ & $0.0579218$ & $0.149515$ & $0.188201$ & $0.236417$ & $-0.173916$ & $0.0490984$ & $0.209526$ & $0.0180027$ \\
CHL1_33 & $-0.195122$ & $-0.221598$ & $0.0308561$ & $0.16624$ & $0.14196$ & $-0.00183688$ & $-0.234484$ & $0.0487071$ & $0.0526175$ & $-0.0210668$ & $-0.0487415$ & $0.275124$ & $0.258028$ & $0.0356172$ & $0.308642$ & $1$ & $-0.060148$ & $-0.189171$ & $-0.501673$ & $0.104776$ & $-0.111293$ & $-0.191237$ & $-0.12073$ & $0.14113$ & $-0.228747$ & $0.0708189$ & $-0.457971$ & $-0.211796$ & $0.0542426$ & $0.16204$ & $0.0799016$ & $-0.224373$ & $0.177293$ & $-0.225056$ & $0.00472938$ & $-0.13359$ & $-0.179133$ & $0.049241$ & $0.0702063$ & $0.0462957$ & $0.0906016$ & $-0.0203742$ & $0.181126$ & $0.180366$ & $0.243758$ & $-0.237056$ & $-0.047644$ & $0.219471$ & $-0.031165$ \\
CHL3_11 & $0.212435$ & $0.106804$ & $0.13389$ & $-0.0369025$ & $-0.181553$ & $-0.0456233$ & $0.222911$ & $-0.56987$ & $-0.563183$ & $0.794053$ & $0.152853$ & $-0.231427$ & $-0.244774$ & $0.636511$ & $0.0159947$ & $-0.060148$ & $1$ & $0.69012$ & $0.705605$ & $-0.363836$ & $-0.141944$ & $-0.0851532$ & $-0.0332721$ & $0.560637$ & $0.786708$ & $0.0120779$ & $-0.145815$ & $0.0717439$ & $-0.02946$ & $-0.156196$ & $-0.0439549$ & $0.221557$ & $-0.0788764$ & $-0.226469$ & $-0.0851803$ & $0.0459791$ & $-0.0164853$ & $-0.119847$ & $0.114492$ & $-0.0192647$ & $-0.0139665$ & $0.127243$ & $0.00254942$ & $0.0452488$ & $-0.0175764$ & $0.0950859$ & $0.113756$ & $-0.0259382$ & $0.116264$ \\
CHL3_22 & $0.198637$ & $0.114092$ & $0.0146247$ & $-0.154055$ & $-0.153178$ & $0.000775275$ & $0.23626$ & $-0.452996$ & $-0.447599$ & $0.576055$ & $0.146144$ & $-0.25711$ & $-0.264304$ & $0.508806$ & $-0.480737$ & $-0.189171$ & $0.69012$ & $1$ & $0.64374$ & $-0.294785$ & $-0.0620707$ & $-0.0442374$ & $0.0669634$ & $0.376969$ & $0.772994$ & $-0.0307951$ & $0.149202$ & $0.100329$ & $-0.0482459$ & $-0.159492$ & $-0.101153$ & $0.227452$ & $-0.11957$ & $0.22642$ & $-0.0482487$ & $-0.00799079$ & $0.0358203$ & $-0.0788066$ & $0.0206742$ & $-0.0990444$ & $-0.0502083$ & $0.0934562$ & $-0.05563$ & $-0.0552893$ & $-0.0975789$ & $0.150193$ & $0.0297413$ & $-0.114146$ & $0.0974549$ \\
CHL3_33 & $0.247726$ & $0.145751$ & $0.0881897$ & $-0.0843942$ & $-0.166325$ & $0.0648137$ & $0.231527$ & $-0.476587$ & $-0.471028$ & $0.6114$ & $0.163282$ & $-0.263774$ & $-0.272166$ & $0.532473$ & $-0.11977$ & $-0.501673$ & $0.705605$ & $0.64374$ & $1$ & $-0.321379$ & $-0.0916808$ & $-0.0917284$ & $0.0345958$ & $0.398063$ & $0.772281$ & $-0.0239786$ & $0.0969438$ & $0.118932$ & $-0.0408644$ & $-0.174374$ & $-0.0831744$ & $0.222754$ & $-0.119883$ & $-0.109142$ & $-0.0147708$ & $0.0519419$ & $0.0377791$ & $-0.062528$ & $0.045834$ & $-0.111084$ & $-0.0906537$ & $0.118553$ & $-0.0243181$ & $0.00249585$ & $-0.0919491$ & $0.111173$ & $0.0956192$ & $-0.0796392$ & $0.119166$ \\
CHe_11 & $-0.0459053$ & $0.0636812$ & $0.045203$ & $-0.185542$ & $-0.123974$ & $-0.0112364$ & $0.140074$ & $0.850418$ & $0.849245$ & $-0.22231$ & $-0.870152$ & $-0.118262$ & $-0.107868$ & $-0.00486981$ & $0.0638693$ & $0.104776$ & $-0.363836$ & $-0.294785$ & $-0.321379$ & $1$ & $0.607675$ & $0.575698$ & $0.0945909$ & $-0.466094$ & $-0.347377$ & $-0.270134$ & $0.23086$ & $0.232982$ & $0.00472364$ & $-0.0839408$ & $-0.0184768$ & $0.143044$ & $-0.0668983$ & $0.443795$ & $-0.165545$ & $0.0667255$ & $0.0611729$ & $0.0226555$ & $0.131822$ & $0.0935783$ & $0.12516$ & $0.187618$ & $-0.0203873$ & $-0.0591167$ & $-0.0261599$ & $0.197004$ & $0.0745345$ & $-0.131744$ & $0.114997$ \\
CHe_22 & $0.0656686$ & $0.16668$ & $0.0740736$ & $-0.190779$ & $-0.155159$ & $-0.0360507$ & $0.227864$ & $0.613541$ & $0.609079$ & $-0.125871$ & $-0.653152$ & $-0.25255$ & $-0.216728$ & $0.0793956$ & $-0.195925$ & $-0.111293$ & $-0.141944$ & $-0.0620707$ & $-0.0916808$ & $0.607675$ & $1$ & $0.516644$ & $0.136772$ & $-0.446327$ & $-0.14132$ & $-0.284164$ & $0.349185$ & $0.271222$ & $0.0168021$ & $-0.161835$ & $-0.0682563$ & $0.216311$ & $-0.142315$ & $0.498703$ & $-0.173853$ & $0.144095$ & $0.136222$ & $-0.0213736$ & $0.12296$ & $0.0759137$ & $0.0703231$ & $0.181829$ & $-0.115549$ & $-0.0757584$ & $-0.159615$ & $0.262859$ & $0.0766684$ & $-0.21112$ & $0.103295$ \\
CHe_33 & $0.111681$ & $0.22207$ & $0.0738329$ & $-0.246824$ & $-0.256862$ & $-0.0113319$ & $0.286306$ & $0.533905$ & $0.533412$ & $-0.0484995$ & $-0.616767$ & $-0.283714$ & $-0.245058$ & $0.126419$ & $-0.137438$ & $-0.191237$ & $-0.0851532$ & $-0.0442374$ & $-0.0917284$ & $0.575698$ & $0.516644$ & $1$ & $0.150416$ & $-0.342313$ & $-0.0932372$ & $-0.266138$ & $0.355644$ & $0.304853$ & $0.0252091$ & $-0.206766$ & $-0.0499844$ & $0.27734$ & $-0.159172$ & $0.413201$ & $-0.182777$ & $0.177331$ & $0.178227$ & $-0.0282608$ & $0.113163$ & $0.0832787$ & $0.106607$ & $0.214264$ & $-0.0812299$ & $-0.131658$ & $-0.176584$ & $0.314715$ & $0.137967$ & $-0.21909$ & $0.188874$ \\
CHQ1_11 & $0.233876$ & $0.269589$ & $0.0638675$ & $-0.294712$ & $-0.246778$ & $0.0458792$ & $0.303178$ & $0.0809525$ & $0.0896832$ & $-0.0442356$ & $-0.113489$ & $-0.317453$ & $-0.295869$ & $0.0230387$ & $-0.154488$ & $-0.12073$ & $-0.0332721$ & $0.0669634$ & $0.0345958$ & $0.0945909$ & $0.136772$ & $0.150416$ & $1$ & $-0.0735415$ & $0.0981092$ & $-0.59436$ & $0.373208$ & $0.315341$ & $0.0215915$ & $-0.173191$ & $-0.0394464$ & $0.295875$ & $-0.0924961$ & $0.178919$ & $-0.0335658$ & $0.148182$ & $0.17264$ & $-0.0491112$ & $0.0524721$ & $-0.0189439$ & $-0.0843091$ & $0.161326$ & $-0.00468855$ & $-0.128013$ & $-0.188152$ & $0.306803$ & $0.116871$ & $-0.262612$ & $0.265268$ \\
CHQ1_33 & $0.0944069$ & $-0.0469536$ & $0.128603$ & $0.130233$ & $-0.0136304$ & $0.116196$ & $0.0237168$ & $-0.612242$ & $-0.605077$ & $0.537882$ & $0.380797$ & $-0.00131959$ & $-0.0269652$ & $0.441263$ & $0.23109$ & $0.14113$ & $0.560637$ & $0.376969$ & $0.398063$ & $-0.466094$ & $-0.446327$ & $-0.342313$ & $-0.0735415$ & $1$ & $0.474762$ & $0.130557$ & $-0.30572$ & $-0.00693457$ & $-0.0350645$ & $-0.039344$ & $-0.0234834$ & $0.0265652$ & $0.00825615$ & $-0.473292$ & $0.0807357$ & $-0.0592802$ & $-0.0649148$ & $-0.0453011$ & $0.087318$ & $0.00127065$ & $-0.0590209$ & $-0.00942371$ & $0.114714$ & $0.143594$ & $0.115966$ & $-0.126032$ & $0.0493212$ & $0.116551$ & $0.0178826$ \\
CHQ3_11 & $0.208464$ & $0.160624$ & $0.0392959$ & $-0.181043$ & $-0.217579$ & $0.0613844$ & $0.295955$ & $-0.53503$ & $-0.525575$ & $0.672564$ & $0.180549$ & $-0.324271$ & $-0.335338$ & $0.574894$ & $-0.167747$ & $-0.228747$ & $0.786708$ & $0.772994$ & $0.772281$ & $-0.347377$ & $-0.14132$ & $-0.0932372$ & $0.0981092$ & $0.474762$ & $1$ & $-0.000244129$ & $0.204296$ & $0.139444$ & $-0.024634$ & $-0.208944$ & $-0.113893$ & $0.287122$ & $-0.128579$ & $-0.0792196$ & $-0.0279658$ & $0.0150383$ & $0.0270977$ & $-0.0798975$ & $0.0564303$ & $-0.109201$ & $-0.026163$ & $0.140362$ & $-0.0379401$ & $-0.0533588$ & $-0.112986$ & $0.182761$ & $0.0672676$ & $-0.154714$ & $0.170292$ \\
CHu_11 & $-0.16495$ & $-0.225105$ & $-0.270649$ & $0.152812$ & $0.288574$ & $-0.106661$ & $-0.269534$ & $-0.218907$ & $-0.233014$ & $-0.00795929$ & $0.312806$ & $0.247996$ & $0.220143$ & $-0.15537$ & $0.0606912$ & $0.0708189$ & $0.0120779$ & $-0.0307951$ & $-0.0239786$ & $-0.270134$ & $-0.284164$ & $-0.266138$ & $-0.59436$ & $0.130557$ & $-0.000244129$ & $1$ & $0.00507781$ & $-0.308807$ & $-0.0471274$ & $0.116908$ & $-0.0340207$ & $-0.269546$ & $0.0185445$ & $-0.181492$ & $0.212615$ & $-0.213629$ & $-0.118758$ & $0.0669091$ & $-0.294484$ & $-0.145126$ & $-0.0303688$ & $-0.27492$ & $-0.0933789$ & $0.000912699$ & $0.05085$ & $-0.207789$ & $-0.228526$ & $0.11595$ & $-0.266306$ \\
CHd_11 & $0.207019$ & $0.327992$ & $-0.238865$ & $-0.449155$ & $-0.163693$ & $-0.0891879$ & $0.367015$ & $0.294725$ & $0.290057$ & $-0.189391$ & $-0.238503$ & $-0.437177$ & $-0.410054$ & $-0.183236$ & $-0.509756$ & $-0.457971$ & $-0.145815$ & $0.149202$ & $0.0969438$ & $0.23086$ & $0.349185$ & $0.355644$ & $0.373208$ & $-0.30572$ & $0.204296$ & $0.00507781$ & $1$ & $0.290107$ & $-0.0276874$ & $-0.278716$ & $-0.206298$ & $0.352146$ & $-0.261081$ & $0.583828$ & $0.0841936$ & $0.0679338$ & $0.268775$ & $-0.0192809$ & $-0.217314$ & $-0.196793$ & $-0.0943161$ & $0.0289257$ & $-0.23663$ & $-0.362132$ & $-0.404771$ & $0.429398$ & $-0.0621456$ & $-0.427194$ & $0.128742$ \\
CHd_33 & $0.426918$ & $0.482691$ & $0.425558$ & $-0.396484$ & $-0.607314$ & $0.116556$ & $0.602892$ & $0.187984$ & $0.198942$ & $0.109684$ & $-0.34169$ & $-0.601446$ & $-0.556176$ & $0.242307$ & $-0.116917$ & $-0.211796$ & $0.0717439$ & $0.100329$ & $0.118932$ & $0.232982$ & $0.271222$ & $0.304853$ & $0.315341$ & $-0.00693457$ & $0.139444$ & $-0.308807$ & $0.290107$ & $1$ & $0.0260127$ & $-0.348102$ & $-0.031828$ & $0.609423$ & $-0.181065$ & $0.25195$ & $-0.209603$ & $0.342795$ & $0.277647$ & $-0.169407$ & $0.391497$ & $0.202118$ & $0.018475$ & $0.490832$ & $-0.0466418$ & $-0.065083$ & $-0.252251$ & $0.510663$ & $0.396486$ & $-0.430919$ & $0.494408$ \\
CeH_22r & $-0.0253454$ & $-0.0206057$ & $0.04676$ & $0.0126844$ & $-0.033572$ & $-0.0326003$ & $-0.0329561$ & $0.0398843$ & $0.048899$ & $-0.0160971$ & $-0.0394244$ & $0.0643404$ & $0.0667521$ & $0.0230363$ & $0.0315992$ & $0.0542426$ & $-0.02946$ & $-0.0482459$ & $-0.0408644$ & $0.00472364$ & $0.0168021$ & $0.0252091$ & $0.0215915$ & $-0.0350645$ & $-0.024634$ & $-0.0471274$ & $-0.0276874$ & $0.0260127$ & $1$ & $0.104752$ & $0.00595104$ & $-0.032156$ & $0.118636$ & $-0.00896512$ & $-0.0098447$ & $-0.0386867$ & $-0.0738111$ & $-0.0209034$ & $0.0586585$ & $-0.0150613$ & $0.0203228$ & $0.0666385$ & $0.108659$ & $0.0688216$ & $0.0573501$ & $-0.0470435$ & $0.0116382$ & $0.0136888$ & $0.060124$ \\
CeH_33r & $-0.368306$ & $-0.363459$ & $-0.107735$ & $0.36467$ & $0.334013$ & $-0.091208$ & $-0.566856$ & $-0.0363404$ & $-0.0184713$ & $-0.129266$ & $0.155507$ & $0.632816$ & $0.6054$ & $-0.174038$ & $0.10839$ & $0.16204$ & $-0.156196$ & $-0.159492$ & $-0.174374$ & $-0.0839408$ & $-0.161835$ & $-0.206766$ & $-0.173191$ & $-0.039344$ & $-0.208944$ & $0.116908$ & $-0.278716$ & $-0.348102$ & $0.104752$ & $1$ & $0.357767$ & $-0.472176$ & $0.744344$ & $-0.172642$ & $0.0383416$ & $-0.269591$ & $-0.329634$ & $0.0385008$ & $-0.0982926$ & $-0.0109625$ & $0.0324869$ & $-0.143674$ & $0.231713$ & $0.178659$ & $0.383808$ & $-0.413331$ & $-0.160473$ & $0.352425$ & $-0.206032$ \\
CuH_22r & $-0.0838737$ & $-0.0811301$ & $0.163993$ & $0.127874$ & $-0.0275805$ & $0.0142135$ & $-0.185015$ & $0.0124858$ & $0.0247286$ & $-0.0227877$ & $0.0052757$ & $0.231093$ & $0.248087$ & $-0.00336438$ & $0.0953999$ & $0.0799016$ & $-0.0439549$ & $-0.101153$ & $-0.0831744$ & $-0.0184768$ & $-0.0682563$ & $-0.0499844$ & $-0.0394464$ & $-0.0234834$ & $-0.113893$ & $-0.0340207$ & $-0.206298$ & $-0.031828$ & $0.00595104$ & $0.357767$ & $1$ & $-0.114245$ & $0.419808$ & $-0.0822558$ & $-0.0995951$ & $0.0309424$ & $-0.0389185$ & $-0.0287324$ & $0.164171$ & $0.161183$ & $0.0778739$ & $0.0934686$ & $0.0921616$ & $0.12426$ & $0.182798$ & $-0.109207$ & $0.237902$ & $0.173596$ & $0.0206234$ \\
CuH_33r & $0.516686$ & $0.54724$ & $0.305705$ & $-0.493092$ & $-0.601066$ & $0.0728675$ & $0.973017$ & $0.0596727$ & $0.0841184$ & $0.208225$ & $-0.261784$ & $-0.818538$ & $-0.811907$ & $0.282143$ & $-0.168195$ & $-0.224373$ & $0.221557$ & $0.227452$ & $0.222754$ & $0.143044$ & $0.216311$ & $0.27734$ & $0.295875$ & $0.0265652$ & $0.287122$ & $-0.269546$ & $0.352146$ & $0.609423$ & $-0.032156$ & $-0.472176$ & $-0.114245$ & $1$ & $-0.318949$ & $0.231908$ & $-0.207288$ & $0.331193$ & $0.32975$ & $-0.246444$ & $0.280132$ & $0.118691$ & $-0.0475933$ & $0.388437$ & $-0.142099$ & $-0.170849$ & $-0.355879$ & $0.600539$ & $0.325069$ & $-0.481698$ & $0.428282$ \\
CdH_33r & $-0.27703$ & $-0.142906$ & $0.0426254$ & $0.173608$ & $0.108655$ & $-0.0201052$ & $-0.448693$ & $-0.0507723$ & $-0.0227299$ & $-0.0487298$ & $0.0965729$ & $0.523515$ & $0.513005$ & $-0.0617894$ & $0.142276$ & $0.177293$ & $-0.0788764$ & $-0.11957$ & $-0.119883$ & $-0.0668983$ & $-0.142315$ & $-0.159172$ & $-0.0924961$ & $0.00825615$ & $-0.128579$ & $0.0185445$ & $-0.261081$ & $-0.181065$ & $0.118636$ & $0.744344$ & $0.419808$ & $-0.318949$ & $1$ & $-0.160316$ & $-0.0603264$ & $-0.168393$ & $-0.250858$ & $0.0525685$ & $0.00395913$ & $-0.0461883$ & $0.150369$ & $0.150666$ & $0.351678$ & $0.138853$ & $0.3324$ & $-0.282833$ & $-0.0450035$ & $0.273877$ & $0.21526$ \\
CLL_1221 & $0.0576603$ & $0.235586$ & $-0.0834432$ & $-0.312409$ & $-0.141624$ & $-0.136865$ & $0.25502$ & $0.633244$ & $0.627286$ & $-0.307158$ & $-0.529329$ & $-0.299928$ & $-0.237581$ & $-0.156457$ & $-0.559948$ & $-0.225056$ & $-0.226469$ & $0.22642$ & $-0.109142$ & $0.443795$ & $0.498703$ & $0.413201$ & $0.178919$ & $-0.473292$ & $-0.0792196$ & $-0.181492$ & $0.583828$ & $0.25195$ & $-0.00896512$ & $-0.172642$ & $-0.0822558$ & $0.231908$ & $-0.160316$ & $1$ & $-0.110051$ & $0.0610571$ & $0.19641$ & $-0.0202112$ & $-0.0546854$ & $-0.0382479$ & $0.0283683$ & $0.106493$ & $-0.148907$ & $-0.264119$ & $-0.224588$ & $0.311193$ & $-0.00222284$ & $-0.25749$ & $0.0964223$ \\
eHggint & $0.135745$ & $-0.0858298$ & $-0.179246$ & $0.128045$ & $0.418056$ & $-0.0989594$ & $-0.208669$ & $-0.163571$ & $-0.176701$ & $-0.0944869$ & $0.287282$ & $0.144275$ & $0.0899014$ & $-0.229958$ & $-0.0521734$ & $0.00472938$ & $-0.0851803$ & $-0.0482487$ & $-0.0147708$ & $-0.165545$ & $-0.173853$ & $-0.182777$ & $-0.0335658$ & $0.0807357$ & $-0.0279658$ & $0.212615$ & $0.0841936$ & $-0.209603$ & $-0.0098447$ & $0.0383416$ & $-0.0995951$ & $-0.207288$ & $-0.0603264$ & $-0.110051$ & $1$ & $-0.237368$ & $0.0970901$ & $-0.0735386$ & $-0.356137$ & $-0.26474$ & $-0.502363$ & $-0.359246$ & $0.0363553$ & $0.159443$ & $-0.00200278$ & $-0.407155$ & $-0.10424$ & $0.0412411$ & $-0.24709$ \\
eHggpar & $0.422226$ & $0.455206$ & $0.281995$ & $-0.190995$ & $-0.358274$ & $0.108556$ & $0.32144$ & $0.0267295$ & $0.0199793$ & $0.0315093$ & $-0.113577$ & $-0.317174$ & $-0.296086$ & $0.105464$ & $-0.0390144$ & $-0.13359$ & $0.0459791$ & $-0.00799079$ & $0.0519419$ & $0.0667255$ & $0.144095$ & $0.177331$ & $0.148182$ & $-0.0592802$ & $0.0150383$ & $-0.213629$ & $0.0679338$ & $0.342795$ & $-0.0386867$ & $-0.269591$ & $0.0309424$ & $0.331193$ & $-0.168393$ & $0.0610571$ & $-0.237368$ & $1$ & $0.281268$ & $-0.102564$ & $0.230922$ & $0.305109$ & $0.0401525$ & $0.14611$ & $-0.256597$ & $-0.00958258$ & $-0.521282$ & $0.34248$ & $0.34991$ & $-0.439449$ & $0.23578$ \\
eHWWint & $0.434789$ & $0.560874$ & $0.238299$ & $-0.191375$ & $-0.235249$ & $0.0904723$ & $0.33663$ & $0.0396334$ & $0.0380925$ & $-0.0278743$ & $-0.0674674$ & $-0.303336$ & $-0.275049$ & $-0.018802$ & $-0.174612$ & $-0.179133$ & $-0.0164853$ & $0.0358203$ & $0.0377791$ & $0.0611729$ & $0.136222$ & $0.178227$ & $0.17264$ & $-0.0649148$ & $0.0270977$ & $-0.118758$ & $0.268775$ & $0.277647$ & $-0.0738111$ & $-0.329634$ & $-0.0389185$ & $0.32975$ & $-0.250858$ & $0.19641$ & $0.0970901$ & $0.281268$ & $1$ & $-0.239351$ & $-0.126259$ & $0.116853$ & $-0.231629$ & $0.0190302$ & $-0.0900021$ & $-0.338611$ & $-0.281395$ & $0.130381$ & $0.394195$ & $-0.0770631$ & $0.106076$ \\
eHWWpar & $-0.265548$ & $-0.230067$ & $-0.160241$ & $-0.0279294$ & $0.131164$ & $-0.0123735$ & $-0.226509$ & $0.0668702$ & $0.0531171$ & $-0.0991182$ & $-0.00515178$ & $0.192468$ & $0.190469$ & $-0.067174$ & $0.0547806$ & $0.049241$ & $-0.119847$ & $-0.0788066$ & $-0.062528$ & $0.0226555$ & $-0.0213736$ & $-0.0282608$ & $-0.0491112$ & $-0.0453011$ & $-0.0798975$ & $0.0669091$ & $-0.0192809$ & $-0.169407$ & $-0.0209034$ & $0.0385008$ & $-0.0287324$ & $-0.246444$ & $0.0525685$ & $-0.0202112$ & $-0.0735386$ & $-0.102564$ & $-0.239351$ & $1$ & $-0.0181539$ & $-0.142527$ & $0.251155$ & $-0.0358789$ & $-0.0928115$ & $-0.0118182$ & $0.0409881$ & $-0.0422888$ & $-0.244617$ & $0.0223451$ & $0.0392646$ \\
eHZZint & $0.172959$ & $0.130165$ & $0.625976$ & $-0.0282101$ & $-0.488229$ & $0.225884$ & $0.265632$ & $0.0747242$ & $0.0894939$ & $0.188271$ & $-0.241334$ & $-0.218338$ & $-0.191745$ & $0.349005$ & $0.149473$ & $0.0702063$ & $0.114492$ & $0.0206742$ & $0.045834$ & $0.131822$ & $0.12296$ & $0.113163$ & $0.0524721$ & $0.087318$ & $0.0564303$ & $-0.294484$ & $-0.217314$ & $0.391497$ & $0.0586585$ & $-0.0982926$ & $0.164171$ & $0.280132$ & $0.00395913$ & $-0.0546854$ & $-0.356137$ & $0.230922$ & $-0.126259$ & $-0.0181539$ & $1$ & $0.427177$ & $0.24894$ & $0.504807$ & $0.184769$ & $0.358485$ & $0.187622$ & $0.1331$ & $0.412257$ & $-0.0690575$ & $0.291559$ \\
eHZZpar & $0.122714$ & $0.128077$ & $0.451245$ & $0.24963$ & $-0.203206$ & $0.103702$ & $0.100852$ & $0.0820485$ & $0.0804334$ & $0.0314724$ & $-0.131217$ & $-0.0548855$ & $-0.0330366$ & $0.107347$ & $0.112245$ & $0.0462957$ & $-0.0192647$ & $-0.0990444$ & $-0.111084$ & $0.0935783$ & $0.0759137$ & $0.0832787$ & $-0.0189439$ & $0.00127065$ & $-0.109201$ & $-0.145126$ & $-0.196793$ & $0.202118$ & $-0.0150613$ & $-0.0109625$ & $0.161183$ & $0.118691$ & $-0.0461883$ & $-0.0382479$ & $-0.26474$ & $0.305109$ & $0.116853$ & $-0.142527$ & $0.427177$ & $1$ & $0.0505701$ & $0.135333$ & $-0.0624684$ & $0.201074$ & $0.0833137$ & $0.00351156$ & $0.435148$ & $0.00483463$ & $-0.0775449$ \\
eHZgaint & $-0.423481$ & $-0.0544759$ & $-0.0359284$ & $-0.14034$ & $-0.225007$ & $0.0430349$ & $-0.0388739$ & $0.135825$ & $0.134051$ & $0.00696338$ & $-0.178497$ & $0.0713612$ & $0.104666$ & $0.0888353$ & $0.123521$ & $0.0906016$ & $-0.0139665$ & $-0.0502083$ & $-0.0906537$ & $0.12516$ & $0.0703231$ & $0.106607$ & $-0.0843091$ & $-0.0590209$ & $-0.026163$ & $-0.0303688$ & $-0.0943161$ & $0.018475$ & $0.0203228$ & $0.0324869$ & $0.0778739$ & $-0.0475933$ & $0.150369$ & $0.0283683$ & $-0.502363$ & $0.0401525$ & $-0.231629$ & $0.251155$ & $0.24894$ & $0.0505701$ & $1$ & $0.30669$ & $-0.120927$ & $-0.255316$ & $-0.0204895$ & $0.220049$ & $-0.0978117$ & $-0.111745$ & $0.303198$ \\
eHZgapar & $0.121056$ & $0.330089$ & $0.457332$ & $-0.353603$ & $-0.629159$ & $0.171798$ & $0.359067$ & $0.126599$ & $0.14711$ & $0.179853$ & $-0.313464$ & $-0.339668$ & $-0.29585$ & $0.330111$ & $0.0579218$ & $-0.0203742$ & $0.127243$ & $0.0934562$ & $0.118553$ & $0.187618$ & $0.181829$ & $0.214264$ & $0.161326$ & $-0.00942371$ & $0.140362$ & $-0.27492$ & $0.0289257$ & $0.490832$ & $0.0666385$ & $-0.143674$ & $0.0934686$ & $0.388437$ & $0.150666$ & $0.106493$ & $-0.359246$ & $0.14611$ & $0.0190302$ & $-0.0358789$ & $0.504807$ & $0.135333$ & $0.30669$ & $1$ & $0.244432$ & $0.0457164$ & $0.0919263$ & $0.32613$ & $0.36876$ & $-0.209437$ & $0.729272$ \\
eHgagaint & $-0.0959414$ & $0.0439865$ & $0.251611$ & $0.239753$ & $0.0147246$ & $0.0390768$ & $-0.165333$ & $-0.0654666$ & $-0.0231881$ & $0.0754785$ & $0.0456674$ & $0.245599$ & $0.233883$ & $0.0631992$ & $0.149515$ & $0.181126$ & $0.00254942$ & $-0.05563$ & $-0.0243181$ & $-0.0203873$ & $-0.115549$ & $-0.0812299$ & $-0.00468855$ & $0.114714$ & $-0.0379401$ & $-0.0933789$ & $-0.23663$ & $-0.0466418$ & $0.108659$ & $0.231713$ & $0.0921616$ & $-0.142099$ & $0.351678$ & $-0.148907$ & $0.0363553$ & $-0.256597$ & $-0.0900021$ & $-0.0928115$ & $0.184769$ & $-0.0624684$ & $-0.120927$ & $0.244432$ & $1$ & $0.234265$ & $0.631584$ & $-0.451061$ & $0.182578$ & $0.46617$ & $0.212796$ \\
eHmumuint & $0.043701$ & $-0.328473$ & $0.329157$ & $0.361716$ & $0.0995531$ & $0.0824713$ & $-0.193256$ & $-0.0763774$ & $-0.0743263$ & $0.087372$ & $0.048737$ & $0.190571$ & $0.166626$ & $0.154099$ & $0.188201$ & $0.180366$ & $0.0452488$ & $-0.0552893$ & $0.00249585$ & $-0.0591167$ & $-0.0757584$ & $-0.131658$ & $-0.128013$ & $0.143594$ & $-0.0533588$ & $0.000912699$ & $-0.362132$ & $-0.065083$ & $0.0688216$ & $0.178659$ & $0.12426$ & $-0.170849$ & $0.138853$ & $-0.264119$ & $0.159443$ & $-0.00958258$ & $-0.338611$ & $-0.0118182$ & $0.358485$ & $0.201074$ & $-0.255316$ & $0.0457164$ & $0.234265$ & $1$ & $0.333153$ & $-0.364032$ & $0.15864$ & $0.177401$ & $-0.114971$ \\
eHtautauint & $-0.405885$ & $-0.390288$ & $0.0784141$ & $0.423064$ & $0.214937$ & $-0.00133136$ & $-0.372362$ & $-0.0270439$ & $-0.00541609$ & $0.0362679$ & $0.0483693$ & $0.441767$ & $0.433122$ & $0.0437972$ & $0.236417$ & $0.243758$ & $-0.0175764$ & $-0.0975789$ & $-0.0919491$ & $-0.0261599$ & $-0.159615$ & $-0.176584$ & $-0.188152$ & $0.115966$ & $-0.112986$ & $0.05085$ & $-0.404771$ & $-0.252251$ & $0.0573501$ & $0.383808$ & $0.182798$ & $-0.355879$ & $0.3324$ & $-0.224588$ & $-0.00200278$ & $-0.521282$ & $-0.281395$ & $0.0409881$ & $0.187622$ & $0.0833137$ & $-0.0204895$ & $0.0919263$ & $0.631584$ & $0.333153$ & $1$ & $-0.527424$ & $0.0839566$ & $0.651306$ & $-0.148208$ \\
eHccint & $0.273644$ & $0.354408$ & $-0.0615953$ & $-0.647327$ & $-0.568662$ & $0.0204954$ & $0.608378$ & $0.180756$ & $0.17726$ & $0.0611209$ & $-0.30994$ & $-0.652457$ & $-0.608228$ & $0.148821$ & $-0.173916$ & $-0.237056$ & $0.0950859$ & $0.150193$ & $0.111173$ & $0.197004$ & $0.262859$ & $0.314715$ & $0.306803$ & $-0.126032$ & $0.182761$ & $-0.207789$ & $0.429398$ & $0.510663$ & $-0.0470435$ & $-0.413331$ & $-0.109207$ & $0.600539$ & $-0.282833$ & $0.311193$ & $-0.407155$ & $0.34248$ & $0.130381$ & $-0.0422888$ & $0.1331$ & $0.00351156$ & $0.220049$ & $0.32613$ & $-0.451061$ & $-0.364032$ & $-0.527424$ & $1$ & $0.020587$ & $-0.634588$ & $0.440819$ \\
eHccpar & $0.370649$ & $0.347233$ & $0.582975$ & $-0.00313527$ & $-0.423553$ & $0.191123$ & $0.300992$ & $0.0241442$ & $0.0361389$ & $0.148714$ & $-0.164661$ & $-0.242643$ & $-0.206425$ & $0.264553$ & $0.0490984$ & $-0.047644$ & $0.113756$ & $0.0297413$ & $0.0956192$ & $0.0745345$ & $0.0766684$ & $0.137967$ & $0.116871$ & $0.0493212$ & $0.0672676$ & $-0.228526$ & $-0.0621456$ & $0.396486$ & $0.0116382$ & $-0.160473$ & $0.237902$ & $0.325069$ & $-0.0450035$ & $-0.00222284$ & $-0.10424$ & $0.34991$ & $0.394195$ & $-0.244617$ & $0.412257$ & $0.435148$ & $-0.0978117$ & $0.36876$ & $0.182578$ & $0.15864$ & $0.0839566$ & $0.020587$ & $1$ & $0.0463954$ & $0.240678$ \\
eHbbint & $-0.303489$ & $-0.290929$ & $-0.0797819$ & $0.536029$ & $0.396964$ & $0.0479982$ & $-0.48341$ & $-0.120813$ & $-0.110853$ & $0.0101298$ & $0.186853$ & $0.545248$ & $0.530183$ & $-0.0448021$ & $0.209526$ & $0.219471$ & $-0.0259382$ & $-0.114146$ & $-0.0796392$ & $-0.131744$ & $-0.21112$ & $-0.21909$ & $-0.262612$ & $0.116551$ & $-0.154714$ & $0.11595$ & $-0.427194$ & $-0.430919$ & $0.0136888$ & $0.352425$ & $0.173596$ & $-0.481698$ & $0.273877$ & $-0.25749$ & $0.0412411$ & $-0.439449$ & $-0.0770631$ & $0.0223451$ & $-0.0690575$ & $0.00483463$ & $-0.111745$ & $-0.209437$ & $0.46617$ & $0.177401$ & $0.651306$ & $-0.634588$ & $0.0463954$ & $1$ & $-0.373167$ \\
eHbbpar & $0.212283$ & $0.492114$ & $0.330166$ & $-0.5417$ & $-0.611956$ & $0.113935$ & $0.400712$ & $0.0412859$ & $0.0630561$ & $0.152088$ & $-0.208335$ & $-0.376554$ & $-0.34104$ & $0.254643$ & $0.0180027$ & $-0.031165$ & $0.116264$ & $0.0974549$ & $0.119166$ & $0.114997$ & $0.103295$ & $0.188874$ & $0.265268$ & $0.0178826$ & $0.170292$ & $-0.266306$ & $0.128742$ & $0.494408$ & $0.060124$ & $-0.206032$ & $0.0206234$ & $0.428282$ & $0.21526$ & $0.0964223$ & $-0.24709$ & $0.23578$ & $0.106076$ & $0.0392646$ & $0.291559$ & $-0.0775449$ & $0.303198$ & $0.729272$ & $0.212796$ & $-0.114971$ & $-0.148208$ & $0.440819$ & $0.240678$ & $-0.373167$ & $1$ \\
