 & AlsMz & dAle5Mz & mtop & mHl & Mz & CW & CHG & CHWB & CHWHB_gaga & CHWHB_gagaorth & CHD & CHbox & CH & CHL1_11 & CHL1_22 & CHL1_33 & CHL3_11 & CHL3_22 & CHL3_33 & CHe_11 & CHe_22 & CHe_33 & CHQ1_11 & CHQ1_33 & CHQ3_11 & CHu_11 & CHd_11 & CHd_33 & CeH_22r & CeH_33r & CuH_22r & CuH_33r & CdH_33r & CLL_1221 & eHggint & eHggpar & eHWWint & eHWWpar & eHZZint & eHZZpar & eHZgaint & eHZgapar & eHgagaint & eHmumuint & eHtautauint & eHccint & eHccpar & eHbbint & eHbbpar \\
AlsMz & $1$ & $0.194656$ & $0.00365733$ & $-0.302734$ & $-0.0324887$ & $-0.0201055$ & $-0.299635$ & $0.0544446$ & $0.0461555$ & $-0.0573733$ & $0.0117009$ & $0.162698$ & $0.187451$ & $-0.115325$ & $-0.0924111$ & $-0.0461101$ & $-0.112305$ & $-0.0657081$ & $-0.100032$ & $-0.0235753$ & $0.0012715$ & $-0.00631478$ & $0.0488179$ & $-0.121178$ & $-0.0731998$ & $-0.00411472$ & $0.125256$ & $0.0333902$ & $-0.0166473$ & $-0.0171442$ & $-0.00750503$ & $-0.339169$ & $0.0189122$ & $0.126144$ & $-0.546852$ & $-0.205517$ & $0.589645$ & $0.473919$ & $-0.337595$ & $0.302356$ & $0.465259$ & $0.252069$ & $0.231343$ & $-0.457371$ & $-0.153363$ & $-0.294205$ & $-0.225758$ & $0.343642$ & $0.204839$ \\
dAle5Mz & $0.194656$ & $1$ & $0.0589747$ & $0.0443594$ & $-0.0546286$ & $0.0139237$ & $-0.281544$ & $0.139835$ & $0.134364$ & $-0.0853606$ & $-0.0327485$ & $0.427829$ & $0.439858$ & $-0.17239$ & $-0.0436367$ & $-0.074989$ & $-0.188428$ & $-0.18227$ & $-0.149964$ & $0.0238485$ & $0.0518068$ & $0.0451314$ & $0.0420798$ & $-0.206081$ & $-0.148787$ & $-0.0131347$ & $0.169283$ & $0.0257148$ & $0.0221884$ & $0.118474$ & $0.0426215$ & $-0.286639$ & $0.201801$ & $0.155564$ & $-0.326968$ & $-0.119854$ & $-0.0956406$ & $-0.20031$ & $-0.29945$ & $-0.0230486$ & $-0.0988627$ & $-0.180395$ & $0.258759$ & $-0.284671$ & $-0.11175$ & $0.14055$ & $-0.21858$ & $-0.291681$ & $0.58595$ \\
mtop & $0.00365733$ & $0.0589747$ & $1$ & $-0.127293$ & $0.0565542$ & $0.0108814$ & $-0.0813605$ & $0.0542693$ & $0.0520297$ & $-0.0415054$ & $-0.0222961$ & $0.129069$ & $0.116468$ & $-0.0496608$ & $0.0930062$ & $0.126032$ & $-0.0736274$ & $-0.114424$ & $-0.136585$ & $0.0381533$ & $0.0124997$ & $0.0153619$ & $-0.0252104$ & $-0.0492051$ & $-0.13527$ & $-0.0101665$ & $-0.0970803$ & $-0.00337836$ & $0.00209858$ & $0.0563968$ & $0.0321662$ & $-0.0746339$ & $0.093754$ & $-0.0318839$ & $0.0605349$ & $-0.210681$ & $0.186495$ & $-0.233984$ & $0.431464$ & $-0.169905$ & $-0.0795584$ & $-0.183938$ & $-0.448365$ & $-0.303315$ & $0.0654676$ & $0.211177$ & $0.153874$ & $0.135424$ & $0.0566235$ \\
mHl & $-0.302734$ & $0.0443594$ & $-0.127293$ & $1$ & $-0.0850662$ & $-0.0643402$ & $0.0193031$ & $0.0173547$ & $0.0100371$ & $-0.0424106$ & $-0.0816473$ & $-0.349113$ & $-0.319797$ & $0.113779$ & $0.00306517$ & $-0.027654$ & $0.153739$ & $0.116141$ & $0.133613$ & $0.0719339$ & $0.0862036$ & $0.0820388$ & $-0.00692193$ & $0.0769593$ & $0.167465$ & $-0.00879676$ & $0.0992003$ & $0.0498363$ & $-0.0115668$ & $-0.0971521$ & $-0.0482345$ & $-0.00544355$ & $-0.154396$ & $0.0263226$ & $0.216355$ & $0.254254$ & $-0.147395$ & $-0.0984644$ & $-0.0575007$ & $0.157102$ & $-0.071949$ & $-0.0719894$ & $0.0371401$ & $0.0599548$ & $0.0374153$ & $-0.19461$ & $0.351593$ & $0.00652192$ & $-0.0183427$ \\
Mz & $-0.0324887$ & $-0.0546286$ & $0.0565542$ & $-0.0850662$ & $1$ & $-0.0092993$ & $0.0314711$ & $0.0401171$ & $0.037086$ & $-0.0374024$ & $-0.0112596$ & $0.0483295$ & $0.0566107$ & $-0.0271461$ & $0.0093925$ & $0.0417013$ & $-0.04293$ & $-0.0436099$ & $-0.070613$ & $0.0205117$ & $0.0186612$ & $0.0177259$ & $-0.016664$ & $-0.0426095$ & $-0.0764494$ & $0.00249906$ & $-0.0249552$ & $-0.0147229$ & $0.0215554$ & $0.0169155$ & $0.00549713$ & $0.0450488$ & $0.0246036$ & $0.0237014$ & $0.023349$ & $0.00922111$ & $-0.0101247$ & $0.0151181$ & $0.0496553$ & $-0.0408373$ & $0.0341513$ & $-0.0604508$ & $-0.0224733$ & $0.0387533$ & $-0.0398803$ & $0.058165$ & $0.0121538$ & $-0.0337016$ & $-0.0235306$ \\
CW & $-0.0201055$ & $0.0139237$ & $0.0108814$ & $-0.0643402$ & $-0.0092993$ & $1$ & $0.00859379$ & $-0.134223$ & $-0.128273$ & $0.0597517$ & $0.19016$ & $0.0870205$ & $0.0536827$ & $0.0251366$ & $-0.0943778$ & $-0.0885508$ & $-0.251729$ & $-0.0331899$ & $-0.0380764$ & $-0.186225$ & $-0.192154$ & $-0.193849$ & $-0.0233306$ & $0.00590331$ & $-0.0789476$ & $0.112572$ & $-0.0793651$ & $-0.0468274$ & $-0.0102954$ & $0.0253196$ & $0.0091113$ & $0.0158153$ & $0.0201377$ & $-0.114259$ & $0.00873215$ & $-0.00444759$ & $0.01405$ & $-0.0111581$ & $0.01938$ & $-0.0513638$ & $-0.0362466$ & $-0.00202033$ & $-0.0166698$ & $0.0105967$ & $-0.0151461$ & $0.0321648$ & $-0.010986$ & $0.00832281$ & $-0.00487789$ \\
CHG & $-0.299635$ & $-0.281544$ & $-0.0813605$ & $0.0193031$ & $0.0314711$ & $0.00859379$ & $1$ & $-0.160167$ & $-0.113643$ & $0.103926$ & $0.0721707$ & $-0.456569$ & $-0.456821$ & $0.122317$ & $-0.0396359$ & $-0.0253846$ & $0.172529$ & $0.196867$ & $0.181369$ & $-0.0713246$ & $-0.0772211$ & $-0.0648012$ & $-0.0268404$ & $0.187552$ & $0.154457$ & $0.0313534$ & $-0.104065$ & $-0.0466052$ & $-0.0220803$ & $-0.212175$ & $-0.142089$ & $0.936514$ & $-0.339459$ & $-0.0936543$ & $-0.0868899$ & $-0.166806$ & $-0.0299938$ & $-0.110494$ & $0.625582$ & $-0.430324$ & $-0.0755854$ & $-0.0828346$ & $0.095524$ & $0.59293$ & $-0.545254$ & $0.320477$ & $-0.308294$ & $0.280273$ & $-0.502395$ \\
CHWB & $0.0544446$ & $0.139835$ & $0.0542693$ & $0.0173547$ & $0.0401171$ & $-0.134223$ & $-0.160167$ & $1$ & $0.984808$ & $-0.604939$ & $-0.871908$ & $0.171803$ & $0.295006$ & $0.0807627$ & $0.286292$ & $0.266264$ & $-0.239612$ & $-0.444792$ & $-0.427044$ & $0.841719$ & $0.894183$ & $0.873538$ & $0.0713117$ & $-0.664235$ & $-0.407575$ & $-0.496669$ & $0.430953$ & $0.310992$ & $0.0264315$ & $0.108015$ & $0.042865$ & $-0.160817$ & $0.144053$ & $0.56083$ & $-0.020568$ & $0.0459908$ & $-0.067489$ & $-0.0128803$ & $-0.0508526$ & $0.0284197$ & $-0.00630072$ & $-0.00485351$ & $0.0847273$ & $-0.166128$ & $0.0626338$ & $-0.0244935$ & $-0.0247093$ & $-0.116366$ & $0.122044$ \\
CHWHB_gaga & $0.0461555$ & $0.134364$ & $0.0520297$ & $0.0100371$ & $0.037086$ & $-0.128273$ & $-0.113643$ & $0.984808$ & $1$ & $-0.594513$ & $-0.854798$ & $0.174063$ & $0.289902$ & $0.0725528$ & $0.276467$ & $0.259563$ & $-0.244006$ & $-0.441594$ & $-0.426523$ & $0.824748$ & $0.87684$ & $0.856964$ & $0.069278$ & $-0.659129$ & $-0.406839$ & $-0.486822$ & $0.426358$ & $0.302662$ & $0.0319113$ & $0.12646$ & $0.0522317$ & $-0.12079$ & $0.162335$ & $0.556449$ & $-0.0322036$ & $0.0377111$ & $-0.0678519$ & $-0.0183236$ & $-0.0234392$ & $0.00900169$ & $-0.00948101$ & $-0.00960815$ & $0.0928296$ & $-0.142909$ & $0.0330054$ & $-0.00735183$ & $-0.0443691$ & $-0.104361$ & $0.104435$ \\
CHWHB_gagaorth & $-0.0573733$ & $-0.0853606$ & $-0.0415054$ & $-0.0424106$ & $-0.0374024$ & $0.0597517$ & $0.103926$ & $-0.604939$ & $-0.594513$ & $1$ & $0.395096$ & $-0.0151902$ & $-0.248145$ & $0.209515$ & $-0.107393$ & $-0.108043$ & $0.400054$ & $0.475445$ & $0.46492$ & $-0.37664$ & $-0.416236$ & $-0.406486$ & $-0.0543124$ & $0.551489$ & $0.461601$ & $0.22744$ & $-0.281374$ & $-0.161536$ & $-0.0115135$ & $-0.153626$ & $-0.0794045$ & $0.11264$ & $-0.198421$ & $-0.390145$ & $0.0122171$ & $-0.080408$ & $-0.00341763$ & $-0.0120733$ & $0.039526$ & $-0.0166453$ & $-0.0959534$ & $-0.0105319$ & $-0.117162$ & $0.15013$ & $-0.0101423$ & $0.112932$ & $0.00728588$ & $0.02727$ & $-0.044573$ \\
CHD & $0.0117009$ & $-0.0327485$ & $-0.0222961$ & $-0.0816473$ & $-0.0112596$ & $0.19016$ & $0.0721707$ & $-0.871908$ & $-0.854798$ & $0.395096$ & $1$ & $0.0485545$ & $-0.0740778$ & $-0.510729$ & $-0.448819$ & $-0.403796$ & $-0.229988$ & $0.0701991$ & $0.0481739$ & $-0.99062$ & $-0.991005$ & $-0.969365$ & $-0.00587725$ & $0.280133$ & $0.0128111$ & $0.559135$ & $-0.264815$ & $-0.333811$ & $-0.0141798$ & $-0.0430449$ & $0.0023465$ & $0.0784909$ & $-0.0586821$ & $-0.324471$ & $-0.0461528$ & $-0.0734607$ & $0.114925$ & $0.0302365$ & $0.0143567$ & $-0.04561$ & $0.0236148$ & $-0.0439943$ & $-0.0771388$ & $0.0679321$ & $-0.0921484$ & $0.00724787$ & $0.0221899$ & $0.134442$ & $-0.0621455$ \\
CHbox & $0.162698$ & $0.427829$ & $0.129069$ & $-0.349113$ & $0.0483295$ & $0.0870205$ & $-0.456569$ & $0.171803$ & $0.174063$ & $-0.0151902$ & $0.0485545$ & $1$ & $0.942988$ & $-0.366256$ & $-0.0421693$ & $-0.00820378$ & $-0.435198$ & $-0.389365$ & $-0.401927$ & $-0.0467978$ & $-0.0339205$ & $-0.0390078$ & $0.0371895$ & $-0.354852$ & $-0.380053$ & $0.0303953$ & $0.110744$ & $0.00468112$ & $0.0641452$ & $0.304172$ & $0.167263$ & $-0.421347$ & $0.448178$ & $0.16295$ & $-0.134936$ & $-0.0732757$ & $-0.00744176$ & $-0.0120791$ & $-0.270006$ & $0.0765504$ & $-0.125956$ & $-0.103587$ & $-0.0566812$ & $-0.320426$ & $0.107981$ & $0.078576$ & $0.00865932$ & $-0.21554$ & $0.392045$ \\
CH & $0.187451$ & $0.439858$ & $0.116468$ & $-0.319797$ & $0.0566107$ & $0.0536827$ & $-0.456821$ & $0.295006$ & $0.289902$ & $-0.248145$ & $-0.0740778$ & $0.942988$ & $1$ & $-0.325262$ & $-0.0160679$ & $0.0123613$ & $-0.430305$ & $-0.410216$ & $-0.419169$ & $0.0676927$ & $0.0928626$ & $0.0835532$ & $0.0462747$ & $-0.42018$ & $-0.400408$ & $-0.0407141$ & $0.17448$ & $0.0551559$ & $0.0602855$ & $0.266653$ & $0.167016$ & $-0.440981$ & $0.403372$ & $0.241442$ & $-0.143282$ & $-0.0443453$ & $-0.00754843$ & $0.000725952$ & $-0.289166$ & $0.096348$ & $-0.0823326$ & $-0.0795149$ & $-0.00294401$ & $-0.349491$ & $0.105577$ & $0.0399558$ & $-8.07217e-05$ & $-0.21913$ & $0.398831$ \\
CHL1_11 & $-0.115325$ & $-0.17239$ & $-0.0496608$ & $0.113779$ & $-0.0271461$ & $0.0251366$ & $0.122317$ & $0.0807627$ & $0.0725528$ & $0.209515$ & $-0.510729$ & $-0.366256$ & $-0.325262$ & $1$ & $0.334711$ & $0.282798$ & $0.665702$ & $0.595162$ & $0.603929$ & $0.531387$ & $0.463921$ & $0.451096$ & $-0.0964903$ & $0.494487$ & $0.600696$ & $-0.276837$ & $-0.168323$ & $0.140061$ & $-0.0194492$ & $-0.0883657$ & $-0.074752$ & $0.111155$ & $-0.120598$ & $-0.285925$ & $0.131349$ & $0.0699155$ & $-0.115315$ & $-0.0496272$ & $0.0631451$ & $0.0286792$ & $-0.0380807$ & $0.0973746$ & $0.0152402$ & $0.151881$ & $0.0712651$ & $0.0313003$ & $-0.0146917$ & $-0.0748936$ & $-0.090438$ \\
CHL1_22 & $-0.0924111$ & $-0.0436367$ & $0.0930062$ & $0.00306517$ & $0.0093925$ & $-0.0943778$ & $-0.0396359$ & $0.286292$ & $0.276467$ & $-0.107393$ & $-0.448819$ & $-0.0421693$ & $-0.0160679$ & $0.334711$ & $1$ & $0.434838$ & $0.243088$ & $-0.390242$ & $0.0453817$ & $0.513132$ & $0.364643$ & $0.35924$ & $-0.198911$ & $0.1576$ & $-0.0528855$ & $-0.195686$ & $-0.385553$ & $0.105207$ & $0.00462347$ & $0.00564569$ & $-0.00434367$ & $-0.0338515$ & $0.0141709$ & $-0.604396$ & $0.0947842$ & $0.0508838$ & $-0.0916377$ & $-0.0516174$ & $-0.00724625$ & $0.040163$ & $-0.0662508$ & $0.0375823$ & $-0.0131279$ & $-0.00401374$ & $0.144851$ & $0.0549234$ & $-0.00826319$ & $-0.130985$ & $0.016191$ \\
CHL1_33 & $-0.0461101$ & $-0.074989$ & $0.126032$ & $-0.027654$ & $0.0417013$ & $-0.0885508$ & $-0.0253846$ & $0.266264$ & $0.259563$ & $-0.108043$ & $-0.403796$ & $-0.00820378$ & $0.0123613$ & $0.282798$ & $0.434838$ & $1$ & $0.193213$ & $0.0123396$ & $-0.408119$ & $0.468611$ & $0.321897$ & $0.344438$ & $-0.179341$ & $0.144497$ & $-0.104802$ & $-0.179299$ & $-0.406992$ & $0.0925903$ & $0.00730193$ & $0.0124762$ & $-0.0173748$ & $-0.0211821$ & $0.0112123$ & $-0.117383$ & $0.0750849$ & $0.0614721$ & $-0.0433664$ & $-0.0172219$ & $0.0274324$ & $0.014373$ & $-0.0429378$ & $0.00766274$ & $-0.0302308$ & $-0.0387824$ & $0.101896$ & $0.017815$ & $0.0119549$ & $-0.0571847$ & $-0.02315$ \\
CHL3_11 & $-0.112305$ & $-0.188428$ & $-0.0736274$ & $0.153739$ & $-0.04293$ & $-0.251729$ & $0.172529$ & $-0.239612$ & $-0.244006$ & $0.400054$ & $-0.229988$ & $-0.435198$ & $-0.430305$ & $0.665702$ & $0.243088$ & $0.193213$ & $1$ & $0.721545$ & $0.734433$ & $0.255513$ & $0.18939$ & $0.188667$ & $-0.0872388$ & $0.691851$ & $0.777034$ & $-0.121227$ & $-0.218314$ & $0.0479772$ & $-0.0183564$ & $-0.128205$ & $-0.0829767$ & $0.159779$ & $-0.165845$ & $-0.317463$ & $0.110784$ & $0.0446485$ & $-0.0795609$ & $-0.0155092$ & $0.0671578$ & $0.035564$ & $-0.0204168$ & $0.08538$ & $-0.0106355$ & $0.178833$ & $0.0396721$ & $0.0196505$ & $0.0130678$ & $-0.0154965$ & $-0.109191$ \\
CHL3_22 & $-0.0657081$ & $-0.18227$ & $-0.114424$ & $0.116141$ & $-0.0436099$ & $-0.0331899$ & $0.196867$ & $-0.444792$ & $-0.441594$ & $0.475445$ & $0.0701991$ & $-0.389365$ & $-0.410216$ & $0.595162$ & $-0.390242$ & $0.0123396$ & $0.721545$ & $1$ & $0.657414$ & $-0.0692307$ & $-0.072989$ & $-0.0687837$ & $0.0052366$ & $0.631864$ & $0.779199$ & $0.0191305$ & $-0.0734946$ & $-0.0322727$ & $-0.0268549$ & $-0.126976$ & $-0.0839217$ & $0.182805$ & $-0.172844$ & $-0.0228379$ & $0.0677698$ & $0.0185429$ & $-0.0261516$ & $0.000901307$ & $0.0814474$ & $0.0011803$ & $0.0113219$ & $0.0649007$ & $-0.0130072$ & $0.190938$ & $-0.0410997$ & $-0.00184767$ & $0.0134806$ & $0.0575567$ & $-0.130875$ \\
CHL3_33 & $-0.100032$ & $-0.149964$ & $-0.136585$ & $0.133613$ & $-0.070613$ & $-0.0380764$ & $0.181369$ & $-0.427044$ & $-0.426523$ & $0.46492$ & $0.0481739$ & $-0.401927$ & $-0.419169$ & $0.603929$ & $0.0453817$ & $-0.408119$ & $0.734433$ & $0.657414$ & $1$ & $-0.0481817$ & $-0.0505393$ & $-0.046024$ & $-0.0101443$ & $0.622947$ & $0.798051$ & $0.0162241$ & $-0.0500029$ & $-0.0244802$ & $-0.0297731$ & $-0.128905$ & $-0.0730228$ & $0.169092$ & $-0.165581$ & $-0.398376$ & $0.0781666$ & $0.00806923$ & $-0.0605576$ & $-0.0274669$ & $0.0552615$ & $0.0191131$ & $-0.0123184$ & $0.0806356$ & $0.000408609$ & $0.212925$ & $-0.0127458$ & $0.0280218$ & $-0.00438541$ & $-0.000291571$ & $-0.0968208$ \\
CHe_11 & $-0.0235753$ & $0.0238485$ & $0.0381533$ & $0.0719339$ & $0.0205117$ & $-0.186225$ & $-0.0713246$ & $0.841719$ & $0.824748$ & $-0.37664$ & $-0.99062$ & $-0.0467978$ & $0.0676927$ & $0.531387$ & $0.513132$ & $0.468611$ & $0.255513$ & $-0.0692307$ & $-0.0481817$ & $1$ & $0.972124$ & $0.952048$ & $-0.0219089$ & $-0.223911$ & $-0.00381384$ & $-0.54711$ & $0.189131$ & $0.324974$ & $0.0129505$ & $0.0407011$ & $-0.00441066$ & $-0.0764389$ & $0.0558772$ & $0.244729$ & $0.0568271$ & $0.0731877$ & $-0.118394$ & $-0.0371373$ & $-0.0100449$ & $0.0459602$ & $-0.0347336$ & $0.0420736$ & $0.0636477$ & $-0.0638785$ & $0.104646$ & $0.00465497$ & $-0.0186234$ & $-0.142468$ & $0.0615714$ \\
CHe_22 & $0.0012715$ & $0.0518068$ & $0.0124997$ & $0.0862036$ & $0.0186612$ & $-0.192154$ & $-0.0772211$ & $0.894183$ & $0.87684$ & $-0.416236$ & $-0.991005$ & $-0.0339205$ & $0.0928626$ & $0.463921$ & $0.364643$ & $0.321897$ & $0.18939$ & $-0.072989$ & $-0.0505393$ & $0.972124$ & $1$ & $0.973541$ & $0.0364357$ & $-0.342702$ & $-0.0278307$ & $-0.561909$ & $0.347683$ & $0.339674$ & $0.0158918$ & $0.0472636$ & $0.00185279$ & $-0.0845118$ & $0.0646697$ & $0.414007$ & $0.0330948$ & $0.0657745$ & $-0.107917$ & $-0.0262423$ & $-0.0178251$ & $0.0437102$ & $-0.018801$ & $0.0379692$ & $0.0834515$ & $-0.0765865$ & $0.077607$ & $-0.0114377$ & $-0.0231914$ & $-0.127324$ & $0.0710591$ \\
CHe_33 & $-0.00631478$ & $0.0451314$ & $0.0153619$ & $0.0820388$ & $0.0177259$ & $-0.193849$ & $-0.0648012$ & $0.873538$ & $0.856964$ & $-0.406486$ & $-0.969365$ & $-0.0390078$ & $0.0835532$ & $0.451096$ & $0.35924$ & $0.344438$ & $0.188667$ & $-0.0687837$ & $-0.046024$ & $0.952048$ & $0.973541$ & $1$ & $0.0299516$ & $-0.331654$ & $-0.0280431$ & $-0.547604$ & $0.332757$ & $0.329817$ & $0.0125487$ & $0.0453997$ & $-0.000137882$ & $-0.0701298$ & $0.0636943$ & $0.405574$ & $0.0305464$ & $0.0651952$ & $-0.107202$ & $-0.0327411$ & $-0.00499253$ & $0.0357809$ & $-0.0244383$ & $0.0338703$ & $0.0810568$ & $-0.0628961$ & $0.0683963$ & $-0.00717158$ & $-0.0284341$ & $-0.124916$ & $0.0612151$ \\
CHQ1_11 & $0.0488179$ & $0.0420798$ & $-0.0252104$ & $-0.00692193$ & $-0.016664$ & $-0.0233306$ & $-0.0268404$ & $0.0713117$ & $0.069278$ & $-0.0543124$ & $-0.00587725$ & $0.0371895$ & $0.0462747$ & $-0.0964903$ & $-0.198911$ & $-0.179341$ & $-0.0872388$ & $0.0052366$ & $-0.0101443$ & $-0.0219089$ & $0.0364357$ & $0.0299516$ & $1$ & $-0.154903$ & $0.0575271$ & $-0.670941$ & $0.346666$ & $0.0328662$ & $0.000751368$ & $0.0281038$ & $0.00581994$ & $-0.0262214$ & $0.0261395$ & $0.227348$ & $-0.0379075$ & $-0.0521288$ & $0.034055$ & $0.0247627$ & $-0.00938457$ & $0.00385409$ & $0.000581351$ & $-0.0123286$ & $0.010743$ & $-0.048387$ & $-0.0497205$ & $-0.0243483$ & $-0.00920741$ & $0.0301972$ & $0.00697153$ \\
CHQ1_33 & $-0.121178$ & $-0.206081$ & $-0.0492051$ & $0.0769593$ & $-0.0426095$ & $0.00590331$ & $0.187552$ & $-0.664235$ & $-0.659129$ & $0.551489$ & $0.280133$ & $-0.354852$ & $-0.42018$ & $0.494487$ & $0.1576$ & $0.144497$ & $0.691851$ & $0.631864$ & $0.622947$ & $-0.223911$ & $-0.342702$ & $-0.331654$ & $-0.154903$ & $1$ & $0.650787$ & $0.18394$ & $-0.458246$ & $-0.0376671$ & $-0.0366085$ & $-0.134914$ & $-0.0793782$ & $0.183489$ & $-0.175105$ & $-0.659237$ & $0.107706$ & $0.021543$ & $-0.0276248$ & $-0.0180977$ & $0.083111$ & $0.00135071$ & $-0.0153286$ & $0.0638779$ & $-0.0628444$ & $0.205348$ & $0.013493$ & $0.0336848$ & $0.0269743$ & $0.0378449$ & $-0.140664$ \\
CHQ3_11 & $-0.0731998$ & $-0.148787$ & $-0.13527$ & $0.167465$ & $-0.0764494$ & $-0.0789476$ & $0.154457$ & $-0.407575$ & $-0.406839$ & $0.461601$ & $0.0128111$ & $-0.380053$ & $-0.400408$ & $0.600696$ & $-0.0528855$ & $-0.104802$ & $0.777034$ & $0.779199$ & $0.798051$ & $-0.00381384$ & $-0.0278307$ & $-0.0280431$ & $0.0575271$ & $0.650787$ & $1$ & $0.0105095$ & $0.149879$ & $-0.00423851$ & $-0.0304427$ & $-0.123691$ & $-0.0838478$ & $0.138597$ & $-0.159357$ & $-0.27102$ & $0.0964417$ & $0.00557052$ & $-0.0513153$ & $-0.00325262$ & $0.0636559$ & $0.0101014$ & $0.00245984$ & $0.0821135$ & $-0.0265084$ & $0.173488$ & $-0.0083402$ & $-0.00357674$ & $0.0515122$ & $0.0363171$ & $-0.0829065$ \\
CHu_11 & $-0.00411472$ & $-0.0131347$ & $-0.0101665$ & $-0.00879676$ & $0.00249906$ & $0.112572$ & $0.0313534$ & $-0.496669$ & $-0.486822$ & $0.22744$ & $0.559135$ & $0.0303953$ & $-0.0407141$ & $-0.276837$ & $-0.195686$ & $-0.179299$ & $-0.121227$ & $0.0191305$ & $0.0162241$ & $-0.54711$ & $-0.561909$ & $-0.547604$ & $-0.670941$ & $0.18394$ & $0.0105095$ & $1$ & $-0.152617$ & $-0.197298$ & $-0.00671589$ & $-0.03331$ & $-0.00236133$ & $0.0338393$ & $-0.0377401$ & $-0.236205$ & $-0.0113636$ & $-0.00799106$ & $0.0470583$ & $0.0124493$ & $0.00928202$ & $-0.0395437$ & $0.0332392$ & $-0.0183667$ & $-0.0506697$ & $0.039051$ & $-0.0311125$ & $-0.00162519$ & $0.052992$ & $0.0781685$ & $-0.00548931$ \\
CHd_11 & $0.125256$ & $0.169283$ & $-0.0970803$ & $0.0992003$ & $-0.0249552$ & $-0.0793651$ & $-0.104065$ & $0.430953$ & $0.426358$ & $-0.281374$ & $-0.264815$ & $0.110744$ & $0.17448$ & $-0.168323$ & $-0.385553$ & $-0.406992$ & $-0.218314$ & $-0.0734946$ & $-0.0500029$ & $0.189131$ & $0.347683$ & $0.332757$ & $0.346666$ & $-0.458246$ & $0.149879$ & $-0.152617$ & $1$ & $0.142708$ & $0.0029352$ & $0.0569872$ & $0.0200691$ & $-0.114704$ & $0.081232$ & $0.67649$ & $-0.0700855$ & $-0.0309862$ & $0.0108004$ & $0.0402562$ & $-0.0417131$ & $-0.0047666$ & $0.064969$ & $-0.00153323$ & $0.0624$ & $-0.115033$ & $-0.0668712$ & $-0.0798747$ & $0.0383949$ & $0.0313944$ & $0.119748$ \\
CHd_33 & $0.0333902$ & $0.0257148$ & $-0.00337836$ & $0.0498363$ & $-0.0147229$ & $-0.0468274$ & $-0.0466052$ & $0.310992$ & $0.302662$ & $-0.161536$ & $-0.333811$ & $0.00468112$ & $0.0551559$ & $0.140061$ & $0.105207$ & $0.0925903$ & $0.0479772$ & $-0.0322727$ & $-0.0244802$ & $0.324974$ & $0.339674$ & $0.329817$ & $0.0328662$ & $-0.0376671$ & $-0.00423851$ & $-0.197298$ & $0.142708$ & $1$ & $-0.0152123$ & $0.0185111$ & $0.00393606$ & $-0.0449776$ & $0.0335692$ & $0.162017$ & $-0.0190516$ & $0.0387622$ & $-0.00536862$ & $0.0389462$ & $-0.0192417$ & $0.0300761$ & $0.0203533$ & $0.0206282$ & $0.0376009$ & $-0.0657652$ & $-0.00132814$ & $-0.0490332$ & $0.00757227$ & $0.00199652$ & $0.0353978$ \\
CeH_22r & $-0.0166473$ & $0.0221884$ & $0.00209858$ & $-0.0115668$ & $0.0215554$ & $-0.0102954$ & $-0.0220803$ & $0.0264315$ & $0.0319113$ & $-0.0115135$ & $-0.0141798$ & $0.0641452$ & $0.0602855$ & $-0.0194492$ & $0.00462347$ & $0.00730193$ & $-0.0183564$ & $-0.0268549$ & $-0.0297731$ & $0.0129505$ & $0.0158918$ & $0.0125487$ & $0.000751368$ & $-0.0366085$ & $-0.0304427$ & $-0.00671589$ & $0.0029352$ & $-0.0152123$ & $1$ & $0.0522413$ & $0.0144684$ & $-0.0336139$ & $0.060185$ & $0.0194377$ & $-0.00267045$ & $0.00360671$ & $-0.0289183$ & $-0.00573184$ & $-0.0256625$ & $0.0172051$ & $-0.0140082$ & $0.00267587$ & $0.0138414$ & $-0.0235357$ & $0.0134205$ & $0.0199849$ & $-0.00193542$ & $-0.0354779$ & $0.0308928$ \\
CeH_33r & $-0.0171442$ & $0.118474$ & $0.0563968$ & $-0.0971521$ & $0.0169155$ & $0.0253196$ & $-0.212175$ & $0.108015$ & $0.12646$ & $-0.153626$ & $-0.0430449$ & $0.304172$ & $0.266653$ & $-0.0883657$ & $0.00564569$ & $0.0124762$ & $-0.128205$ & $-0.126976$ & $-0.128905$ & $0.0407011$ & $0.0472636$ & $0.0453997$ & $0.0281038$ & $-0.134914$ & $-0.123691$ & $-0.03331$ & $0.0569872$ & $0.0185111$ & $0.0522413$ & $1$ & $0.322418$ & $-0.063627$ & $0.717997$ & $0.079444$ & $-0.00411903$ & $-0.00302525$ & $-0.051234$ & $-0.0468647$ & $-0.0123332$ & $-0.0253755$ & $-0.0538002$ & $-0.0363526$ & $-0.0131342$ & $-0.0464038$ & $0.00161846$ & $0.0482844$ & $-0.0164677$ & $-0.0878264$ & $0.0868321$ \\
CuH_22r & $-0.00750503$ & $0.0426215$ & $0.0321662$ & $-0.0482345$ & $0.00549713$ & $0.0091113$ & $-0.142089$ & $0.042865$ & $0.0522317$ & $-0.0794045$ & $0.0023465$ & $0.167263$ & $0.167016$ & $-0.074752$ & $-0.00434367$ & $-0.0173748$ & $-0.0829767$ & $-0.0839217$ & $-0.0730228$ & $-0.00441066$ & $0.00185279$ & $-0.000137882$ & $0.00581994$ & $-0.0793782$ & $-0.0838478$ & $-0.00236133$ & $0.0200691$ & $0.00393606$ & $0.0144684$ & $0.322418$ & $1$ & $-0.0528428$ & $0.41803$ & $0.0378945$ & $0.0110402$ & $-0.0163298$ & $-0.0223437$ & $-0.0152016$ & $-0.0190114$ & $-0.00366298$ & $-0.0433059$ & $-0.00493975$ & $-0.0453822$ & $-0.040992$ & $0.038222$ & $0.0333358$ & $0.0345505$ & $-0.0378354$ & $0.0640962$ \\
CuH_33r & $-0.339169$ & $-0.286639$ & $-0.0746339$ & $-0.00544355$ & $0.0450488$ & $0.0158153$ & $0.936514$ & $-0.160817$ & $-0.12079$ & $0.11264$ & $0.0784909$ & $-0.421347$ & $-0.440981$ & $0.111155$ & $-0.0338515$ & $-0.0211821$ & $0.159779$ & $0.182805$ & $0.169092$ & $-0.0764389$ & $-0.0845118$ & $-0.0701298$ & $-0.0262214$ & $0.183489$ & $0.138597$ & $0.0338393$ & $-0.114704$ & $-0.0449776$ & $-0.0336139$ & $-0.063627$ & $-0.0528428$ & $1$ & $-0.148139$ & $-0.099523$ & $-0.0818245$ & $-0.177408$ & $-0.0555493$ & $-0.130109$ & $0.672303$ & $-0.471846$ & $-0.0996464$ & $-0.0958238$ & $0.0928819$ & $0.635267$ & $-0.582902$ & $0.364188$ & $-0.3265$ & $0.277534$ & $-0.526771$ \\
CdH_33r & $0.0189122$ & $0.201801$ & $0.093754$ & $-0.154396$ & $0.0246036$ & $0.0201377$ & $-0.339459$ & $0.144053$ & $0.162335$ & $-0.198421$ & $-0.0586821$ & $0.448178$ & $0.403372$ & $-0.120598$ & $0.0141709$ & $0.0112123$ & $-0.165845$ & $-0.172844$ & $-0.165581$ & $0.0558772$ & $0.0646697$ & $0.0636943$ & $0.0261395$ & $-0.175105$ & $-0.159357$ & $-0.0377401$ & $0.081232$ & $0.0335692$ & $0.060185$ & $0.717997$ & $0.41803$ & $-0.148139$ & $1$ & $0.101805$ & $-0.0352539$ & $-0.0444306$ & $-0.0650311$ & $-0.0506732$ & $-0.0597349$ & $-0.0102825$ & $-0.0901073$ & $-0.0547482$ & $-0.0481691$ & $-0.125704$ & $0.046911$ & $0.0899884$ & $0.0270568$ & $-0.110987$ & $0.21339$ \\
CLL_1221 & $0.126144$ & $0.155564$ & $-0.0318839$ & $0.0263226$ & $0.0237014$ & $-0.114259$ & $-0.0936543$ & $0.56083$ & $0.556449$ & $-0.390145$ & $-0.324471$ & $0.16295$ & $0.241442$ & $-0.285925$ & $-0.604396$ & $-0.117383$ & $-0.317463$ & $-0.0228379$ & $-0.398376$ & $0.244729$ & $0.414007$ & $0.405574$ & $0.227348$ & $-0.659237$ & $-0.27102$ & $-0.236205$ & $0.67649$ & $0.162017$ & $0.0194377$ & $0.079444$ & $0.0378945$ & $-0.099523$ & $0.101805$ & $1$ & $-0.101148$ & $-0.00666196$ & $0.0259007$ & $0.039716$ & $-0.0362336$ & $-0.00814349$ & $0.0551733$ & $-0.0379064$ & $0.0790734$ & $-0.135795$ & $-0.0728809$ & $-0.0705013$ & $-0.00926679$ & $0.0227596$ & $0.086911$ \\
eHggint & $-0.546852$ & $-0.326968$ & $0.0605349$ & $0.216355$ & $0.023349$ & $0.00873215$ & $-0.0868899$ & $-0.020568$ & $-0.0322036$ & $0.0122171$ & $-0.0461528$ & $-0.134936$ & $-0.143282$ & $0.131349$ & $0.0947842$ & $0.0750849$ & $0.110784$ & $0.0677698$ & $0.0781666$ & $0.0568271$ & $0.0330948$ & $0.0305464$ & $-0.0379075$ & $0.107706$ & $0.0964417$ & $-0.0113636$ & $-0.0700855$ & $-0.0190516$ & $-0.00267045$ & $-0.00411903$ & $0.0110402$ & $-0.0818245$ & $-0.0352539$ & $-0.101148$ & $1$ & $0.15792$ & $-0.463418$ & $-0.224177$ & $0.066468$ & $-0.0300618$ & $-0.261742$ & $0.0464396$ & $-0.350859$ & $0.191844$ & $0.419819$ & $0.122261$ & $0.355499$ & $-0.385136$ & $-0.0917012$ \\
eHggpar & $-0.205517$ & $-0.119854$ & $-0.210681$ & $0.254254$ & $0.00922111$ & $-0.00444759$ & $-0.166806$ & $0.0459908$ & $0.0377111$ & $-0.080408$ & $-0.0734607$ & $-0.0732757$ & $-0.0443453$ & $0.0699155$ & $0.0508838$ & $0.0614721$ & $0.0446485$ & $0.0185429$ & $0.00806923$ & $0.0731877$ & $0.0657745$ & $0.0651952$ & $-0.0521288$ & $0.021543$ & $0.00557052$ & $-0.00799106$ & $-0.0309862$ & $0.0387622$ & $0.00360671$ & $-0.00302525$ & $-0.0163298$ & $-0.177408$ & $-0.0444306$ & $-0.00666196$ & $0.15792$ & $1$ & $-0.318953$ & $-0.0534084$ & $-0.259597$ & $0.20104$ & $0.383397$ & $0.353695$ & $0.359958$ & $0.0571532$ & $0.293851$ & $-0.604743$ & $0.0185223$ & $-0.382387$ & $-0.213198$ \\
eHWWint & $0.589645$ & $-0.0956406$ & $0.186495$ & $-0.147395$ & $-0.0101247$ & $0.01405$ & $-0.0299938$ & $-0.067489$ & $-0.0678519$ & $-0.00341763$ & $0.114925$ & $-0.00744176$ & $-0.00754843$ & $-0.115315$ & $-0.0916377$ & $-0.0433664$ & $-0.0795609$ & $-0.0261516$ & $-0.0605576$ & $-0.118394$ & $-0.107917$ & $-0.107202$ & $0.034055$ & $-0.0276248$ & $-0.0513153$ & $0.0470583$ & $0.0108004$ & $-0.00536862$ & $-0.0289183$ & $-0.051234$ & $-0.0223437$ & $-0.0555493$ & $-0.0650311$ & $0.0259007$ & $-0.463418$ & $-0.318953$ & $1$ & $0.380725$ & $0.0567458$ & $0.096062$ & $0.221924$ & $-0.105067$ & $-0.162369$ & $-0.292382$ & $-0.296364$ & $-0.281871$ & $-0.0173585$ & $0.73448$ & $-0.196751$ \\
eHWWpar & $0.473919$ & $-0.20031$ & $-0.233984$ & $-0.0984644$ & $0.0151181$ & $-0.0111581$ & $-0.110494$ & $-0.0128803$ & $-0.0183236$ & $-0.0120733$ & $0.0302365$ & $-0.0120791$ & $0.000725952$ & $-0.0496272$ & $-0.0516174$ & $-0.0172219$ & $-0.0155092$ & $0.000901307$ & $-0.0274669$ & $-0.0371373$ & $-0.0262423$ & $-0.0327411$ & $0.0247627$ & $-0.0180977$ & $-0.00325262$ & $0.0124493$ & $0.0402562$ & $0.0389462$ & $-0.00573184$ & $-0.0468647$ & $-0.0152016$ & $-0.130109$ & $-0.0506732$ & $0.039716$ & $-0.224177$ & $-0.0534084$ & $0.380725$ & $1$ & $-0.280156$ & $0.244596$ & $0.367924$ & $0.19495$ & $0.0487284$ & $-0.316339$ & $-0.0271373$ & $-0.345241$ & $0.114022$ & $0.445484$ & $-0.0127127$ \\
eHZZint & $-0.337595$ & $-0.29945$ & $0.431464$ & $-0.0575007$ & $0.0496553$ & $0.01938$ & $0.625582$ & $-0.0508526$ & $-0.0234392$ & $0.039526$ & $0.0143567$ & $-0.270006$ & $-0.289166$ & $0.0631451$ & $-0.00724625$ & $0.0274324$ & $0.0671578$ & $0.0814474$ & $0.0552615$ & $-0.0100449$ & $-0.0178251$ & $-0.00499253$ & $-0.00938457$ & $0.083111$ & $0.0636559$ & $0.00928202$ & $-0.0417131$ & $-0.0192417$ & $-0.0256625$ & $-0.0123332$ & $-0.0190114$ & $0.672303$ & $-0.0597349$ & $-0.0362336$ & $0.066468$ & $-0.259597$ & $0.0567458$ & $-0.280156$ & $1$ & $-0.575076$ & $-0.254705$ & $-0.162717$ & $-0.289373$ & $0.407456$ & $-0.316703$ & $0.437368$ & $-0.0541867$ & $0.300504$ & $-0.401835$ \\
eHZZpar & $0.302356$ & $-0.0230486$ & $-0.169905$ & $0.157102$ & $-0.0408373$ & $-0.0513638$ & $-0.430324$ & $0.0284197$ & $0.00900169$ & $-0.0166453$ & $-0.04561$ & $0.0765504$ & $0.096348$ & $0.0286792$ & $0.040163$ & $0.014373$ & $0.035564$ & $0.0011803$ & $0.0191131$ & $0.0459602$ & $0.0437102$ & $0.0357809$ & $0.00385409$ & $0.00135071$ & $0.0101014$ & $-0.0395437$ & $-0.0047666$ & $0.0300761$ & $0.0172051$ & $-0.0253755$ & $-0.00366298$ & $-0.471846$ & $-0.0102825$ & $-0.00814349$ & $-0.0300618$ & $0.20104$ & $0.096062$ & $0.244596$ & $-0.575076$ & $1$ & $0.248998$ & $0.412994$ & $0.221846$ & $-0.385211$ & $0.363423$ & $-0.409917$ & $0.0600208$ & $-0.149782$ & $0.18455$ \\
eHZgaint & $0.465259$ & $-0.0988627$ & $-0.0795584$ & $-0.071949$ & $0.0341513$ & $-0.0362466$ & $-0.0755854$ & $-0.00630072$ & $-0.00948101$ & $-0.0959534$ & $0.0236148$ & $-0.125956$ & $-0.0823326$ & $-0.0380807$ & $-0.0662508$ & $-0.0429378$ & $-0.0204168$ & $0.0113219$ & $-0.0123184$ & $-0.0347336$ & $-0.018801$ & $-0.0244383$ & $0.000581351$ & $-0.0153286$ & $0.00245984$ & $0.0332392$ & $0.064969$ & $0.0203533$ & $-0.0140082$ & $-0.0538002$ & $-0.0433059$ & $-0.0996464$ & $-0.0901073$ & $0.0551733$ & $-0.261742$ & $0.383397$ & $0.221924$ & $0.367924$ & $-0.254705$ & $0.248998$ & $1$ & $0.384226$ & $0.428234$ & $-0.274506$ & $-0.0614275$ & $-0.591516$ & $-0.0831117$ & $0.210993$ & $-0.217891$ \\
eHZgapar & $0.252069$ & $-0.180395$ & $-0.183938$ & $-0.0719894$ & $-0.0604508$ & $-0.00202033$ & $-0.0828346$ & $-0.00485351$ & $-0.00960815$ & $-0.0105319$ & $-0.0439943$ & $-0.103587$ & $-0.0795149$ & $0.0973746$ & $0.0375823$ & $0.00766274$ & $0.08538$ & $0.0649007$ & $0.0806356$ & $0.0420736$ & $0.0379692$ & $0.0338703$ & $-0.0123286$ & $0.0638779$ & $0.0821135$ & $-0.0183667$ & $-0.00153323$ & $0.0206282$ & $0.00267587$ & $-0.0363526$ & $-0.00493975$ & $-0.0958238$ & $-0.0547482$ & $-0.0379064$ & $0.0464396$ & $0.353695$ & $-0.105067$ & $0.19495$ & $-0.162717$ & $0.412994$ & $0.384226$ & $1$ & $0.220342$ & $-0.035441$ & $0.311643$ & $-0.286089$ & $-0.127519$ & $-0.135685$ & $-0.0579396$ \\
eHgagaint & $0.231343$ & $0.258759$ & $-0.448365$ & $0.0371401$ & $-0.0224733$ & $-0.0166698$ & $0.095524$ & $0.0847273$ & $0.0928296$ & $-0.117162$ & $-0.0771388$ & $-0.0566812$ & $-0.00294401$ & $0.0152402$ & $-0.0131279$ & $-0.0302308$ & $-0.0106355$ & $-0.0130072$ & $0.000408609$ & $0.0636477$ & $0.0834515$ & $0.0810568$ & $0.010743$ & $-0.0628444$ & $-0.0265084$ & $-0.0506697$ & $0.0624$ & $0.0376009$ & $0.0138414$ & $-0.0131342$ & $-0.0453822$ & $0.0928819$ & $-0.0481691$ & $0.0790734$ & $-0.350859$ & $0.359958$ & $-0.162369$ & $0.0487284$ & $-0.289373$ & $0.221846$ & $0.428234$ & $0.220342$ & $1$ & $0.0367529$ & $-0.324898$ & $-0.260413$ & $-0.560066$ & $-0.201331$ & $-0.0938687$ \\
eHmumuint & $-0.457371$ & $-0.284671$ & $-0.303315$ & $0.0599548$ & $0.0387533$ & $0.0105967$ & $0.59293$ & $-0.166128$ & $-0.142909$ & $0.15013$ & $0.0679321$ & $-0.320426$ & $-0.349491$ & $0.151881$ & $-0.00401374$ & $-0.0387824$ & $0.178833$ & $0.190938$ & $0.212925$ & $-0.0638785$ & $-0.0765865$ & $-0.0628961$ & $-0.048387$ & $0.205348$ & $0.173488$ & $0.039051$ & $-0.115033$ & $-0.0657652$ & $-0.0235357$ & $-0.0464038$ & $-0.040992$ & $0.635267$ & $-0.125704$ & $-0.135795$ & $0.191844$ & $0.0571532$ & $-0.292382$ & $-0.316339$ & $0.407456$ & $-0.385211$ & $-0.274506$ & $-0.035441$ & $0.0367529$ & $1$ & $-0.274632$ & $0.34949$ & $-0.312692$ & $-0.184617$ & $-0.401036$ \\
eHtautauint & $-0.153363$ & $-0.11175$ & $0.0654676$ & $0.0374153$ & $-0.0398803$ & $-0.0151461$ & $-0.545254$ & $0.0626338$ & $0.0330054$ & $-0.0101423$ & $-0.0921484$ & $0.107981$ & $0.105577$ & $0.0712651$ & $0.144851$ & $0.101896$ & $0.0396721$ & $-0.0410997$ & $-0.0127458$ & $0.104646$ & $0.077607$ & $0.0683963$ & $-0.0497205$ & $0.013493$ & $-0.0083402$ & $-0.0311125$ & $-0.0668712$ & $-0.00132814$ & $0.0134205$ & $0.00161846$ & $0.038222$ & $-0.582902$ & $0.046911$ & $-0.0728809$ & $0.419819$ & $0.293851$ & $-0.296364$ & $-0.0271373$ & $-0.316703$ & $0.363423$ & $-0.0614275$ & $0.311643$ & $-0.324898$ & $-0.274632$ & $1$ & $-0.159443$ & $0.435359$ & $-0.439997$ & $0.347329$ \\
eHccint & $-0.294205$ & $0.14055$ & $0.211177$ & $-0.19461$ & $0.058165$ & $0.0321648$ & $0.320477$ & $-0.0244935$ & $-0.00735183$ & $0.112932$ & $0.00724787$ & $0.078576$ & $0.0399558$ & $0.0313003$ & $0.0549234$ & $0.017815$ & $0.0196505$ & $-0.00184767$ & $0.0280218$ & $0.00465497$ & $-0.0114377$ & $-0.00717158$ & $-0.0243483$ & $0.0336848$ & $-0.00357674$ & $-0.00162519$ & $-0.0798747$ & $-0.0490332$ & $0.0199849$ & $0.0482844$ & $0.0333358$ & $0.364188$ & $0.0899884$ & $-0.0705013$ & $0.122261$ & $-0.604743$ & $-0.281871$ & $-0.345241$ & $0.437368$ & $-0.409917$ & $-0.591516$ & $-0.286089$ & $-0.260413$ & $0.34949$ & $-0.159443$ & $1$ & $-0.120601$ & $-0.15962$ & $0.271976$ \\
eHccpar & $-0.225758$ & $-0.21858$ & $0.153874$ & $0.351593$ & $0.0121538$ & $-0.010986$ & $-0.308294$ & $-0.0247093$ & $-0.0443691$ & $0.00728588$ & $0.0221899$ & $0.00865932$ & $-8.07217e-05$ & $-0.0146917$ & $-0.00826319$ & $0.0119549$ & $0.0130678$ & $0.0134806$ & $-0.00438541$ & $-0.0186234$ & $-0.0231914$ & $-0.0284341$ & $-0.00920741$ & $0.0269743$ & $0.0515122$ & $0.052992$ & $0.0383949$ & $0.00757227$ & $-0.00193542$ & $-0.0164677$ & $0.0345505$ & $-0.3265$ & $0.0270568$ & $-0.00926679$ & $0.355499$ & $0.0185223$ & $-0.0173585$ & $0.114022$ & $-0.0541867$ & $0.0600208$ & $-0.0831117$ & $-0.127519$ & $-0.560066$ & $-0.312692$ & $0.435359$ & $-0.120601$ & $1$ & $0.163063$ & $0.268202$ \\
eHbbint & $0.343642$ & $-0.291681$ & $0.135424$ & $0.00652192$ & $-0.0337016$ & $0.00832281$ & $0.280273$ & $-0.116366$ & $-0.104361$ & $0.02727$ & $0.134442$ & $-0.21554$ & $-0.21913$ & $-0.0748936$ & $-0.130985$ & $-0.0571847$ & $-0.0154965$ & $0.0575567$ & $-0.000291571$ & $-0.142468$ & $-0.127324$ & $-0.124916$ & $0.0301972$ & $0.0378449$ & $0.0363171$ & $0.0781685$ & $0.0313944$ & $0.00199652$ & $-0.0354779$ & $-0.0878264$ & $-0.0378354$ & $0.277534$ & $-0.110987$ & $0.0227596$ & $-0.385136$ & $-0.382387$ & $0.73448$ & $0.445484$ & $0.300504$ & $-0.149782$ & $0.210993$ & $-0.135685$ & $-0.201331$ & $-0.184617$ & $-0.439997$ & $-0.15962$ & $0.163063$ & $1$ & $-0.331949$ \\
eHbbpar & $0.204839$ & $0.58595$ & $0.0566235$ & $-0.0183427$ & $-0.0235306$ & $-0.00487789$ & $-0.502395$ & $0.122044$ & $0.104435$ & $-0.044573$ & $-0.0621455$ & $0.392045$ & $0.398831$ & $-0.090438$ & $0.016191$ & $-0.02315$ & $-0.109191$ & $-0.130875$ & $-0.0968208$ & $0.0615714$ & $0.0710591$ & $0.0612151$ & $0.00697153$ & $-0.140664$ & $-0.0829065$ & $-0.00548931$ & $0.119748$ & $0.0353978$ & $0.0308928$ & $0.0868321$ & $0.0640962$ & $-0.526771$ & $0.21339$ & $0.086911$ & $-0.0917012$ & $-0.213198$ & $-0.196751$ & $-0.0127127$ & $-0.401835$ & $0.18455$ & $-0.217891$ & $-0.0579396$ & $-0.0938687$ & $-0.401036$ & $0.347329$ & $0.271976$ & $0.268202$ & $-0.331949$ & $1$ \\
