 & AlsMz & dAle5Mz & mtop & mHl & Mz & CW & CHG & CHWB & CHWHB_gaga & CHWHB_gagaorth & CHD & CHbox & CH & CHL1_11 & CHL1_22 & CHL1_33 & CHL3_11 & CHL3_22 & CHL3_33 & CHe_11 & CHe_22 & CHe_33 & CHQ1_11 & CHQ1_33 & CHQ3_11 & CHu_11 & CHd_11 & CHd_33 & CeH_22r & CeH_33r & CuH_22r & CuH_33r & CdH_33r & CLL_1221 & eHggint & eHggpar & eHWWint & eHWWpar & eHZZint & eHZZpar & eHZgaint & eHZgapar & eHgagaint & eHmumuint & eHtautauint & eHccint & eHccpar & eHbbint & eHbbpar \\
AlsMz & $1$ & $-0.388933$ & $0.689463$ & $0.376857$ & $-0.0230778$ & $0.039783$ & $-0.174693$ & $0.0270776$ & $0.0391505$ & $-0.0333207$ & $-0.0301813$ & $0.175436$ & $0.222347$ & $0.0414762$ & $-0.0476228$ & $-0.0316189$ & $0.0012009$ & $0.0410771$ & $0.0290692$ & $0.0235734$ & $0.0312954$ & $0.0324051$ & $-0.0240074$ & $-0.0258535$ & $0.0220566$ & $0.00816147$ & $0.0806983$ & $-0.0276245$ & $0.025898$ & $0.123516$ & $0.0958315$ & $-0.159277$ & $0.10512$ & $0.0479292$ & $0.145043$ & $-0.140896$ & $0.277112$ & $-0.101766$ & $0.385804$ & $0.0880996$ & $-0.235394$ & $0.0889316$ & $0.65023$ & $-0.263732$ & $-0.17026$ & $-0.0134239$ & $0.182936$ & $-0.109244$ & $-0.399949$ \\
dAle5Mz & $-0.388933$ & $1$ & $-0.461955$ & $-0.447968$ & $-0.0453475$ & $-0.000619537$ & $0.0946829$ & $-0.0818149$ & $-0.0937126$ & $0.0709706$ & $0.117427$ & $-0.128462$ & $-0.214161$ & $-0.119792$ & $-0.0205028$ & $-0.0375277$ & $-0.0796305$ & $-0.0823985$ & $-0.0650512$ & $-0.108975$ & $-0.112317$ & $-0.107889$ & $0.0460481$ & $-0.0233268$ & $-0.0603453$ & $0.0640606$ & $-0.0340474$ & $-0.0772502$ & $-0.0294361$ & $-0.140255$ & $-0.0622597$ & $0.0750045$ & $-0.173118$ & $-0.0365694$ & $0.0401412$ & $0.0995692$ & $-0.0693229$ & $-0.175379$ & $-0.314812$ & $-0.0693303$ & $0.144599$ & $-0.191273$ & $-0.270962$ & $-0.09762$ & $0.037746$ & $-0.258678$ & $0.184108$ & $-0.380109$ & $0.0465043$ \\
mtop & $0.689463$ & $-0.461955$ & $1$ & $0.625885$ & $0.0161465$ & $0.00636438$ & $-0.085563$ & $0.0683798$ & $0.0766971$ & $-0.0735295$ & $-0.0767632$ & $0.0859927$ & $0.166862$ & $0.0696164$ & $-0.0247266$ & $-0.00259025$ & $0.0232105$ & $0.0482764$ & $0.0309181$ & $0.0699602$ & $0.0800364$ & $0.0788018$ & $-0.0379956$ & $-0.0308627$ & $0.0135611$ & $-0.0348519$ & $0.0571581$ & $0.0173471$ & $0.0117338$ & $0.114052$ & $0.094116$ & $-0.0612365$ & $0.111567$ & $0.0723393$ & $0.258048$ & $-0.267745$ & $0.240975$ & $0.0517919$ & $0.396865$ & $0.132635$ & $0.143033$ & $0.105354$ & $0.358097$ & $-0.213973$ & $-0.539323$ & $0.052041$ & $0.338213$ & $0.0550556$ & $-0.213333$ \\
mHl & $0.376857$ & $-0.447968$ & $0.625885$ & $1$ & $0.0169991$ & $-0.00769345$ & $0.0740961$ & $0.0275361$ & $0.0375115$ & $0.00737931$ & $-0.0466492$ & $0.0221932$ & $-0.0214793$ & $0.0577439$ & $-0.042158$ & $-0.0104308$ & $0.0461098$ & $0.0742691$ & $0.0477337$ & $0.0417694$ & $0.0494299$ & $0.04469$ & $-0.0292595$ & $0.0101485$ & $0.0588745$ & $-0.0155103$ & $0.0632453$ & $0.00714998$ & $-0.0586993$ & $-0.0397751$ & $-0.0424793$ & $0.079044$ & $-0.050314$ & $0.0544731$ & $0.199755$ & $-0.308843$ & $0.113463$ & $0.0452066$ & $0.568758$ & $0.123507$ & $0.035525$ & $0.0760915$ & $0.40168$ & $0.0267603$ & $-0.447583$ & $0.0468904$ & $0.160929$ & $0.259196$ & $-0.227841$ \\
Mz & $-0.0230778$ & $-0.0453475$ & $0.0161465$ & $0.0169991$ & $1$ & $-0.00384001$ & $-0.0115333$ & $-0.0211226$ & $-0.0228856$ & $-0.00325128$ & $0.028096$ & $0.0556805$ & $0.063847$ & $-0.0029973$ & $-0.0491163$ & $-0.0222623$ & $0.00129923$ & $0.027559$ & $0.00669448$ & $-0.0263582$ & $-0.0194232$ & $-0.0168826$ & $0.0205016$ & $0.00739985$ & $0.0291059$ & $-0.00132962$ & $0.0365257$ & $0.003592$ & $0.0383756$ & $0.030625$ & $0.0279246$ & $-0.00238599$ & $0.0391078$ & $0.0249129$ & $0.0401667$ & $-0.0126132$ & $0.00175813$ & $0.055852$ & $-0.0239735$ & $0.0273573$ & $0.00247043$ & $-0.0019414$ & $-0.027002$ & $0.0452536$ & $0.0254684$ & $0.0569973$ & $-0.000134183$ & $0.0172943$ & $0.0434218$ \\
CW & $0.039783$ & $-0.000619537$ & $0.00636438$ & $-0.00769345$ & $-0.00384001$ & $1$ & $0.0400018$ & $-0.0378298$ & $-0.0322929$ & $0.0164956$ & $0.152649$ & $0.00888995$ & $-0.0247045$ & $-0.0385043$ & $-0.0823197$ & $-0.100298$ & $-0.382178$ & $-0.184093$ & $-0.169318$ & $-0.151649$ & $-0.154806$ & $-0.151936$ & $-0.00651675$ & $-0.1339$ & $-0.226652$ & $0.11567$ & $-0.0604479$ & $-0.0589111$ & $-0.0240812$ & $-0.0109544$ & $-0.00609422$ & $0.0535008$ & $-0.0180921$ & $-0.0981049$ & $0.078405$ & $-0.0384944$ & $-0.00547756$ & $-0.0244292$ & $0.000481655$ & $0.00104882$ & $-0.0613985$ & $0.021882$ & $0.0414868$ & $-0.041937$ & $-0.0266506$ & $-0.0017105$ & $-0.0255355$ & $-0.0351952$ & $-0.0435722$ \\
CHG & $-0.174693$ & $0.0946829$ & $-0.085563$ & $0.0740961$ & $-0.0115333$ & $0.0400018$ & $1$ & $-0.0484693$ & $-0.0285057$ & $0.196663$ & $0.0907584$ & $-0.623776$ & $-0.777178$ & $-0.1032$ & $-0.0161651$ & $-0.0272011$ & $-0.0920491$ & $-0.0847156$ & $-0.0761357$ & $-0.0866808$ & $-0.0918979$ & $-0.0853601$ & $-0.0119609$ & $-0.0352356$ & $-0.0850595$ & $0.072605$ & $-0.0526315$ & $-0.0171905$ & $-0.139067$ & $-0.59506$ & $-0.401388$ & $0.956925$ & $-0.642558$ & $-0.036752$ & $0.0949359$ & $-0.0542702$ & $-0.153708$ & $-0.116978$ & $0.0613201$ & $-0.0858387$ & $-0.0997936$ & $-0.126117$ & $0.0220754$ & $-0.0423097$ & $-0.115602$ & $-0.14708$ & $-0.0994148$ & $-0.0483215$ & $0.0794229$ \\
CHWB & $0.0270776$ & $-0.0818149$ & $0.0683798$ & $0.0275361$ & $-0.0211226$ & $-0.0378298$ & $-0.0484693$ & $1$ & $0.990939$ & $-0.541889$ & $-0.875632$ & $-0.122154$ & $0.0450145$ & $0.287075$ & $0.461955$ & $0.450621$ & $-0.209475$ & $-0.38957$ & $-0.385037$ & $0.859626$ & $0.889034$ & $0.880217$ & $0.00972214$ & $-0.628055$ & $-0.352485$ & $-0.614924$ & $0.391014$ & $0.362845$ & $0.00695761$ & $0.0219695$ & $0.0252899$ & $-0.0667507$ & $0.018518$ & $0.528225$ & $-0.0602815$ & $-0.0268701$ & $0.0121846$ & $0.0336283$ & $-0.00299998$ & $0.00487562$ & $0.011647$ & $0.0170448$ & $0.0237498$ & $0.0162388$ & $-0.000878082$ & $0.00563076$ & $-0.0123444$ & $0.0137287$ & $-0.0229509$ \\
CHWHB_gaga & $0.0391505$ & $-0.0937126$ & $0.0766971$ & $0.0375115$ & $-0.0228856$ & $-0.0322929$ & $-0.0285057$ & $0.990939$ & $1$ & $-0.539461$ & $-0.865123$ & $-0.109565$ & $0.0511325$ & $0.281255$ & $0.455763$ & $0.443269$ & $-0.214151$ & $-0.390187$ & $-0.384927$ & $0.849207$ & $0.87851$ & $0.869891$ & $0.0128083$ & $-0.625763$ & $-0.352483$ & $-0.608993$ & $0.390696$ & $0.353016$ & $0.00932814$ & $0.0390631$ & $0.0337272$ & $-0.0486628$ & $0.0376553$ & $0.523227$ & $-0.0596129$ & $-0.0407151$ & $0.0120761$ & $0.0339688$ & $0.00989805$ & $0.00930622$ & $-0.00482264$ & $0.0172992$ & $0.048538$ & $0.0203726$ & $-0.00251032$ & $0.00974152$ & $-0.0109457$ & $0.0122519$ & $-0.0312245$ \\
CHWHB_gagaorth & $-0.0333207$ & $0.0709706$ & $-0.0735295$ & $0.00737931$ & $-0.00325128$ & $0.0164956$ & $0.196663$ & $-0.541889$ & $-0.539461$ & $1$ & $0.467179$ & $0.0754041$ & $-0.268765$ & $-0.140004$ & $-0.249292$ & $-0.207784$ & $0.121721$ & $0.226041$ & $0.196497$ & $-0.458042$ & $-0.4769$ & $-0.471419$ & $-0.0233194$ & $0.352353$ & $0.194679$ & $0.347711$ & $-0.228235$ & $-0.180243$ & $-0.0445127$ & $-0.21628$ & $-0.161279$ & $0.208976$ & $-0.254657$ & $-0.287576$ & $0.0523244$ & $0.0386538$ & $-0.0444976$ & $-0.0453186$ & $0.00933436$ & $-0.0528805$ & $-0.00267079$ & $-0.0490322$ & $-0.0170962$ & $-0.0207817$ & $-0.0107087$ & $-0.0805856$ & $-0.0448983$ & $0.00985435$ & $0.0358481$ \\
CHD & $-0.0301813$ & $0.117427$ & $-0.0767632$ & $-0.0466492$ & $0.028096$ & $0.152649$ & $0.0907584$ & $-0.875632$ & $-0.865123$ & $0.467179$ & $1$ & $0.128603$ & $-0.0915688$ & $-0.673438$ & $-0.579468$ & $-0.558366$ & $-0.260015$ & $-0.0329363$ & $-0.0379397$ & $-0.995058$ & $-0.995185$ & $-0.983843$ & $0.0608438$ & $0.218058$ & $-0.0759146$ & $0.678011$ & $-0.260478$ & $-0.415241$ & $-0.0108837$ & $-0.058523$ & $-0.0503279$ & $0.116686$ & $-0.0715173$ & $-0.317403$ & $0.0987424$ & $0.0296732$ & $-0.00750979$ & $-0.0378623$ & $-0.0133592$ & $-0.0369415$ & $-0.0606567$ & $-0.0318609$ & $-0.00332012$ & $-0.0460712$ & $0.000866456$ & $-0.015087$ & $0.0369437$ & $-0.052953$ & $0.030933$ \\
CHbox & $0.175436$ & $-0.128462$ & $0.0859927$ & $0.0221932$ & $0.0556805$ & $0.00888995$ & $-0.623776$ & $-0.122154$ & $-0.109565$ & $0.0754041$ & $0.128603$ & $1$ & $0.794903$ & $-0.0727311$ & $-0.0823186$ & $-0.0684244$ & $-0.0139015$ & $0.0219298$ & $0.0113363$ & $-0.127611$ & $-0.128269$ & $-0.128715$ & $0.00956457$ & $0.0576793$ & $0.0223111$ & $0.0943587$ & $-0.0104602$ & $-0.0441996$ & $0.145316$ & $0.616915$ & $0.404936$ & $-0.52937$ & $0.661157$ & $-0.0453029$ & $0.0876655$ & $-0.0261721$ & $0.202801$ & $0.0908038$ & $0.0333885$ & $0.050932$ & $-0.0120503$ & $0.0482914$ & $0.0924107$ & $0.0249537$ & $0.117832$ & $0.142465$ & $0.20895$ & $0.0805165$ & $-0.181993$ \\
CH & $0.222347$ & $-0.214161$ & $0.166862$ & $-0.0214793$ & $0.063847$ & $-0.0247045$ & $-0.777178$ & $0.0450145$ & $0.0511325$ & $-0.268765$ & $-0.0915688$ & $0.794903$ & $1$ & $0.116296$ & $0.00246087$ & $0.00451862$ & $0.102653$ & $0.102839$ & $0.100625$ & $0.0849938$ & $0.0947322$ & $0.0906861$ & $0.0133636$ & $0.0493017$ & $0.110247$ & $-0.0661764$ & $0.0823214$ & $0.0352922$ & $0.183633$ & $0.722931$ & $0.477002$ & $-0.698511$ & $0.781392$ & $0.0420253$ & $0.0125814$ & $-0.0967445$ & $0.221993$ & $0.155138$ & $0.0151399$ & $0.105355$ & $0.0288919$ & $0.136256$ & $0.0689228$ & $0.0178688$ & $0.0757972$ & $0.282481$ & $0.177424$ & $0.0683801$ & $-0.114743$ \\
CHL1_11 & $0.0414762$ & $-0.119792$ & $0.0696164$ & $0.0577439$ & $-0.0029973$ & $-0.0385043$ & $-0.1032$ & $0.287075$ & $0.281255$ & $-0.140004$ & $-0.673438$ & $-0.0727311$ & $0.116296$ & $1$ & $0.407914$ & $0.389769$ & $0.632648$ & $0.59865$ & $0.596669$ & $0.682387$ & $0.647522$ & $0.636096$ & $-0.122678$ & $0.423974$ & $0.592859$ & $-0.432182$ & $-0.0459281$ & $0.282983$ & $0.00955517$ & $0.0830527$ & $0.0571964$ & $-0.127874$ & $0.108469$ & $-0.164624$ & $-0.0936169$ & $-0.0324647$ & $-0.00518359$ & $0.0297689$ & $0.0294584$ & $0.0673451$ & $0.0912707$ & $0.0321776$ & $-0.00982642$ & $0.0682968$ & $-0.00307989$ & $0.0254938$ & $-0.0575555$ & $0.0830013$ & $-0.0448569$ \\
CHL1_22 & $-0.0476228$ & $-0.0205028$ & $-0.0247266$ & $-0.042158$ & $-0.0491163$ & $-0.0823197$ & $-0.0161651$ & $0.461955$ & $0.455763$ & $-0.249292$ & $-0.579468$ & $-0.0823186$ & $0.00246087$ & $0.407914$ & $1$ & $0.549902$ & $0.190326$ & $-0.296671$ & $0.000135647$ & $0.622889$ & $0.522899$ & $0.517405$ & $-0.227288$ & $0.0433435$ & $-0.0724575$ & $-0.345655$ & $-0.322113$ & $0.24571$ & $0.0014595$ & $-0.00848873$ & $0.0169263$ & $-0.0332553$ & $0.00817595$ & $-0.469281$ & $-0.117858$ & $0.0514679$ & $-0.0638516$ & $-0.00921187$ & $-0.0410559$ & $-0.000604237$ & $0.0249911$ & $-0.0378913$ & $-0.0730417$ & $0.0526463$ & $0.00860577$ & $-0.0635638$ & $-0.0383226$ & $-0.0117732$ & $0.0187782$ \\
CHL1_33 & $-0.0316189$ & $-0.0375277$ & $-0.00259025$ & $-0.0104308$ & $-0.0222623$ & $-0.100298$ & $-0.0272011$ & $0.450621$ & $0.443269$ & $-0.207784$ & $-0.558366$ & $-0.0684244$ & $0.00451862$ & $0.389769$ & $0.549902$ & $1$ & $0.170045$ & $-0.00775862$ & $-0.303327$ & $0.601345$ & $0.503194$ & $0.519478$ & $-0.182754$ & $0.0346795$ & $-0.0743693$ & $-0.347897$ & $-0.301071$ & $0.191797$ & $-0.0089798$ & $-0.00144202$ & $0.00152609$ & $-0.0385954$ & $0.012653$ & $-0.0399346$ & $-0.0951733$ & $0.0312492$ & $-0.0413884$ & $-0.0186396$ & $-0.0246694$ & $0.0145375$ & $0.0359022$ & $-0.0025426$ & $-0.0469169$ & $0.0677289$ & $0.0229844$ & $-0.0325118$ & $-0.00744873$ & $0.0187918$ & $0.0173709$ \\
CHL3_11 & $0.0012009$ & $-0.0796305$ & $0.0232105$ & $0.0461098$ & $0.00129923$ & $-0.382178$ & $-0.0920491$ & $-0.209475$ & $-0.214151$ & $0.121721$ & $-0.260015$ & $-0.0139015$ & $0.102653$ & $0.632648$ & $0.190326$ & $0.170045$ & $1$ & $0.815567$ & $0.819415$ & $0.271189$ & $0.237482$ & $0.233505$ & $-0.106337$ & $0.74654$ & $0.84625$ & $-0.141575$ & $-0.15114$ & $0.111231$ & $0.0150941$ & $0.0813164$ & $0.0600576$ & $-0.104715$ & $0.114056$ & $-0.260156$ & $-0.0748629$ & $-0.0076269$ & $0.00387803$ & $0.0139296$ & $0.0388716$ & $0.0631851$ & $0.100345$ & $0.036678$ & $-0.0398252$ & $0.0493802$ & $-0.00681397$ & $0.0272035$ & $-0.0368002$ & $0.0768797$ & $-0.00424513$ \\
CHL3_22 & $0.0410771$ & $-0.0823985$ & $0.0482764$ & $0.0742691$ & $0.027559$ & $-0.184093$ & $-0.0847156$ & $-0.38957$ & $-0.390187$ & $0.226041$ & $-0.0329363$ & $0.0219298$ & $0.102839$ & $0.59865$ & $-0.296671$ & $-0.00775862$ & $0.815567$ & $1$ & $0.794294$ & $0.0305371$ & $0.0302114$ & $0.0287812$ & $-0.0112407$ & $0.732387$ & $0.869141$ & $-0.0109974$ & $-0.0342866$ & $0.0121486$ & $0.00710721$ & $0.0856304$ & $0.0449778$ & $-0.0917946$ & $0.109108$ & $-0.0710762$ & $-0.0169731$ & $-0.0405366$ & $0.0304107$ & $0.0211222$ & $0.0588106$ & $0.0682711$ & $0.0883736$ & $0.0548019$ & $0.00472869$ & $0.0373958$ & $-0.00524551$ & $0.0613205$ & $-0.02783$ & $0.0946884$ & $-0.0303427$ \\
CHL3_33 & $0.0290692$ & $-0.0650512$ & $0.0309181$ & $0.0477337$ & $0.00669448$ & $-0.169318$ & $-0.0761357$ & $-0.385037$ & $-0.384927$ & $0.196497$ & $-0.0379397$ & $0.0113363$ & $0.100625$ & $0.596669$ & $0.000135647$ & $-0.303327$ & $0.819415$ & $0.794294$ & $1$ & $0.0352548$ & $0.0356563$ & $0.032191$ & $-0.0363677$ & $0.729338$ & $0.865211$ & $-0.00474118$ & $-0.0406824$ & $0.0428623$ & $0.0150286$ & $0.0791175$ & $0.0514688$ & $-0.087253$ & $0.103701$ & $-0.358625$ & $-0.0296539$ & $-0.0306472$ & $0.0175909$ & $0.0255163$ & $0.0481365$ & $0.0580949$ & $0.0785207$ & $0.0377737$ & $-0.00926526$ & $0.0271983$ & $-0.0161944$ & $0.0409066$ & $-0.0469441$ & $0.0711434$ & $-0.0303619$ \\
CHe_11 & $0.0235734$ & $-0.108975$ & $0.0699602$ & $0.0417694$ & $-0.0263582$ & $-0.151649$ & $-0.0866808$ & $0.859626$ & $0.849207$ & $-0.458042$ & $-0.995058$ & $-0.127611$ & $0.0849938$ & $0.682387$ & $0.622889$ & $0.601345$ & $0.271189$ & $0.0305371$ & $0.0352548$ & $1$ & $0.984958$ & $0.974238$ & $-0.0792904$ & $-0.184739$ & $0.0786216$ & $-0.670869$ & $0.207584$ & $0.412718$ & $0.00833161$ & $0.0537918$ & $0.046952$ & $-0.112752$ & $0.0678407$ & $0.259931$ & $-0.1012$ & $-0.0234252$ & $0.00222494$ & $0.0343496$ & $0.0089636$ & $0.0359333$ & $0.0622032$ & $0.0272111$ & $-0.0048443$ & $0.0497859$ & $0.00119872$ & $0.00951977$ & $-0.0361211$ & $0.0507875$ & $-0.0278486$ \\
CHe_22 & $0.0312954$ & $-0.112317$ & $0.0800364$ & $0.0494299$ & $-0.0194232$ & $-0.154806$ & $-0.0918979$ & $0.889034$ & $0.87851$ & $-0.4769$ & $-0.995185$ & $-0.128269$ & $0.0947322$ & $0.647522$ & $0.522899$ & $0.503194$ & $0.237482$ & $0.0302114$ & $0.0356563$ & $0.984958$ & $1$ & $0.986381$ & $-0.03689$ & $-0.25944$ & $0.0680372$ & $-0.680565$ & $0.322689$ & $0.415094$ & $0.01274$ & $0.0618316$ & $0.0522332$ & $-0.1175$ & $0.0723213$ & $0.384111$ & $-0.0893732$ & $-0.0350504$ & $0.0134146$ & $0.0407473$ & $0.0152757$ & $0.0378978$ & $0.0599563$ & $0.0353365$ & $0.00831268$ & $0.039896$ & $-0.00385011$ & $0.0192897$ & $-0.032286$ & $0.0511482$ & $-0.033887$ \\
CHe_33 & $0.0324051$ & $-0.107889$ & $0.0788018$ & $0.04469$ & $-0.0168826$ & $-0.151936$ & $-0.0853601$ & $0.880217$ & $0.869891$ & $-0.471419$ & $-0.983843$ & $-0.128715$ & $0.0906861$ & $0.636096$ & $0.517405$ & $0.519478$ & $0.233505$ & $0.0287812$ & $0.032191$ & $0.974238$ & $0.986381$ & $1$ & $-0.0363239$ & $-0.258333$ & $0.0653147$ & $-0.67423$ & $0.317923$ & $0.406667$ & $0.0133701$ & $0.0587852$ & $0.0507656$ & $-0.109144$ & $0.0692127$ & $0.38401$ & $-0.0882681$ & $-0.0436231$ & $0.0143304$ & $0.0345429$ & $0.00940664$ & $0.0353186$ & $0.0579083$ & $0.0338506$ & $0.0110649$ & $0.0428267$ & $-0.00373568$ & $0.0190696$ & $-0.0316457$ & $0.0465025$ & $-0.0348934$ \\
CHQ1_11 & $-0.0240074$ & $0.0460481$ & $-0.0379956$ & $-0.0292595$ & $0.0205016$ & $-0.00651675$ & $-0.0119609$ & $0.00972214$ & $0.0128083$ & $-0.0233194$ & $0.0608438$ & $0.00956457$ & $0.0133636$ & $-0.122678$ & $-0.227288$ & $-0.182754$ & $-0.106337$ & $-0.0112407$ & $-0.0363677$ & $-0.0792904$ & $-0.03689$ & $-0.0363239$ & $1$ & $-0.134201$ & $0.045245$ & $-0.549081$ & $0.361231$ & $-0.0334572$ & $0.00634227$ & $0.00152639$ & $-0.0112343$ & $-0.0179046$ & $-0.000458323$ & $0.221771$ & $0.0129247$ & $0.000173837$ & $0.00195038$ & $-0.0144987$ & $0.000685418$ & $0.0425484$ & $-0.0318948$ & $-0.0302799$ & $0.0119731$ & $-0.0435881$ & $0.0251993$ & $0.024951$ & $0.00495615$ & $-0.0203592$ & $0.00343588$ \\
CHQ1_33 & $-0.0258535$ & $-0.0233268$ & $-0.0308627$ & $0.0101485$ & $0.00739985$ & $-0.1339$ & $-0.0352356$ & $-0.628055$ & $-0.625763$ & $0.352353$ & $0.218058$ & $0.0576793$ & $0.0493017$ & $0.423974$ & $0.0433435$ & $0.0346795$ & $0.74654$ & $0.732387$ & $0.729338$ & $-0.184739$ & $-0.25944$ & $-0.258333$ & $-0.134201$ & $1$ & $0.731358$ & $0.190609$ & $-0.403059$ & $-0.0118019$ & $0.0063557$ & $0.0482433$ & $0.026806$ & $-0.0360983$ & $0.0714319$ & $-0.619495$ & $-0.0294069$ & $0.0179523$ & $-0.0164644$ & $-0.00483628$ & $0.024744$ & $0.0384277$ & $0.0617913$ & $-0.00100648$ & $-0.0447516$ & $0.0437166$ & $-0.00412035$ & $1.28841e-05$ & $-0.036672$ & $0.0503411$ & $0.00808424$ \\
CHQ3_11 & $0.0220566$ & $-0.0603453$ & $0.0135611$ & $0.0588745$ & $0.0291059$ & $-0.226652$ & $-0.0850595$ & $-0.352485$ & $-0.352483$ & $0.194679$ & $-0.0759146$ & $0.0223111$ & $0.110247$ & $0.592859$ & $-0.0724575$ & $-0.0743693$ & $0.84625$ & $0.869141$ & $0.865211$ & $0.0786216$ & $0.0680372$ & $0.0653147$ & $0.045245$ & $0.731358$ & $1$ & $-0.0345115$ & $0.150222$ & $0.0306044$ & $0.0147706$ & $0.083408$ & $0.0450834$ & $-0.0938553$ & $0.113281$ & $-0.230597$ & $-0.0214936$ & $-0.0453008$ & $0.0375946$ & $0.024595$ & $0.0521573$ & $0.0689069$ & $0.0713612$ & $0.0412357$ & $0.0123337$ & $0.0347758$ & $0.00710071$ & $0.0662162$ & $-0.0334353$ & $0.0925668$ & $-0.0292396$ \\
CHu_11 & $0.00816147$ & $0.0640606$ & $-0.0348519$ & $-0.0155103$ & $-0.00132962$ & $0.11567$ & $0.072605$ & $-0.614924$ & $-0.608993$ & $0.347711$ & $0.678011$ & $0.0943587$ & $-0.0661764$ & $-0.432182$ & $-0.345655$ & $-0.347897$ & $-0.141575$ & $-0.0109974$ & $-0.00474118$ & $-0.670869$ & $-0.680565$ & $-0.67423$ & $-0.549081$ & $0.190609$ & $-0.0345115$ & $1$ & $-0.208676$ & $-0.282296$ & $-0.00561865$ & $-0.0366052$ & $-0.0271331$ & $0.0976108$ & $-0.0446846$ & $-0.278995$ & $0.078273$ & $0.0128916$ & $0.00951562$ & $-0.0125694$ & $-0.00600935$ & $-0.0509348$ & $-0.0301147$ & $0.00224053$ & $0.0113936$ & $-0.0133394$ & $-0.000782429$ & $-0.00975209$ & $0.025124$ & $-0.00964885$ & $0.00622389$ \\
CHd_11 & $0.0806983$ & $-0.0340474$ & $0.0571581$ & $0.0632453$ & $0.0365257$ & $-0.0604479$ & $-0.0526315$ & $0.391014$ & $0.390696$ & $-0.228235$ & $-0.260478$ & $-0.0104602$ & $0.0823214$ & $-0.0459281$ & $-0.322113$ & $-0.301071$ & $-0.15114$ & $-0.0342866$ & $-0.0406824$ & $0.207584$ & $0.322689$ & $0.317923$ & $0.361231$ & $-0.403059$ & $0.150222$ & $-0.208676$ & $1$ & $0.0921222$ & $0.0208358$ & $0.0531529$ & $0.0220338$ & $-0.0547579$ & $0.0455656$ & $0.687581$ & $0.0632272$ & $-0.0953801$ & $0.106184$ & $0.0459246$ & $0.0485517$ & $0.0217363$ & $-0.025287$ & $0.0380522$ & $0.127381$ & $-0.0473146$ & $0.0057175$ & $0.0887269$ & $0.0178631$ & $0.0366321$ & $-0.0582619$ \\
CHd_33 & $-0.0276245$ & $-0.0772502$ & $0.0173471$ & $0.00714998$ & $0.003592$ & $-0.0589111$ & $-0.0171905$ & $0.362845$ & $0.353016$ & $-0.180243$ & $-0.415241$ & $-0.0441996$ & $0.0352922$ & $0.282983$ & $0.24571$ & $0.191797$ & $0.111231$ & $0.0121486$ & $0.0428623$ & $0.412718$ & $0.415094$ & $0.406667$ & $-0.0334572$ & $-0.0118019$ & $0.0306044$ & $-0.282296$ & $0.0921222$ & $1$ & $0.0289295$ & $0.0164462$ & $0.0278439$ & $-0.0280692$ & $0.0242295$ & $0.12523$ & $-0.0393471$ & $0.0207895$ & $-0.0336223$ & $0.0460421$ & $0.0598505$ & $0.00187819$ & $-0.0149185$ & $0.0137473$ & $-0.00153023$ & $0.0328515$ & $-0.0444664$ & $-0.0358643$ & $-0.040569$ & $0.0108349$ & $-0.0196773$ \\
CeH_22r & $0.025898$ & $-0.0294361$ & $0.0117338$ & $-0.0586993$ & $0.0383756$ & $-0.0240812$ & $-0.139067$ & $0.00695761$ & $0.00932814$ & $-0.0445127$ & $-0.0108837$ & $0.145316$ & $0.183633$ & $0.00955517$ & $0.0014595$ & $-0.0089798$ & $0.0150941$ & $0.00710721$ & $0.0150286$ & $0.00833161$ & $0.01274$ & $0.0133701$ & $0.00634227$ & $0.0063557$ & $0.0147706$ & $-0.00561865$ & $0.0208358$ & $0.0289295$ & $1$ & $0.158063$ & $0.110014$ & $-0.129637$ & $0.166484$ & $0.00783519$ & $-0.00992132$ & $-0.0301579$ & $0.0537002$ & $0.0582894$ & $-0.0373663$ & $0.0216558$ & $0.0532509$ & $-0.00142453$ & $-0.0458929$ & $0.0103641$ & $0.0466798$ & $0.0756156$ & $0.0197061$ & $0.0231409$ & $0.0197745$ \\
CeH_33r & $0.123516$ & $-0.140255$ & $0.114052$ & $-0.0397751$ & $0.030625$ & $-0.0109544$ & $-0.59506$ & $0.0219695$ & $0.0390631$ & $-0.21628$ & $-0.058523$ & $0.616915$ & $0.722931$ & $0.0830527$ & $-0.00848873$ & $-0.00144202$ & $0.0813164$ & $0.0856304$ & $0.0791175$ & $0.0537918$ & $0.0618316$ & $0.0587852$ & $0.00152639$ & $0.0482433$ & $0.083408$ & $-0.0366052$ & $0.0531529$ & $0.0164462$ & $0.158063$ & $1$ & $0.531242$ & $-0.461306$ & $0.866492$ & $0.0322298$ & $-0.011145$ & $-0.101341$ & $0.134457$ & $0.11683$ & $-0.0190217$ & $0.0831734$ & $0.0225431$ & $0.0824753$ & $0.0279046$ & $0.0305018$ & $0.0603231$ & $0.22555$ & $0.128594$ & $0.0383586$ & $-0.0649115$ \\
CuH_22r & $0.0958315$ & $-0.0622597$ & $0.094116$ & $-0.0424793$ & $0.0279246$ & $-0.00609422$ & $-0.401388$ & $0.0252899$ & $0.0337272$ & $-0.161279$ & $-0.0503279$ & $0.404936$ & $0.477002$ & $0.0571964$ & $0.0169263$ & $0.00152609$ & $0.0600576$ & $0.0449778$ & $0.0514688$ & $0.046952$ & $0.0522332$ & $0.0507656$ & $-0.0112343$ & $0.026806$ & $0.0450834$ & $-0.0271331$ & $0.0220338$ & $0.0278439$ & $0.110014$ & $0.531242$ & $1$ & $-0.300081$ & $0.589068$ & $0.0153087$ & $0.0441519$ & $-0.0252462$ & $0.0843382$ & $0.0125237$ & $-0.0223407$ & $0.0252842$ & $0.0413372$ & $0.0477511$ & $-0.0102944$ & $-0.0367179$ & $0.0245414$ & $0.0879645$ & $0.198968$ & $-0.00134799$ & $-0.041711$ \\
CuH_33r & $-0.159277$ & $0.0750045$ & $-0.0612365$ & $0.079044$ & $-0.00238599$ & $0.0535008$ & $0.956925$ & $-0.0667507$ & $-0.0486628$ & $0.208976$ & $0.116686$ & $-0.52937$ & $-0.698511$ & $-0.127874$ & $-0.0332553$ & $-0.0385954$ & $-0.104715$ & $-0.0917946$ & $-0.087253$ & $-0.112752$ & $-0.1175$ & $-0.109144$ & $-0.0179046$ & $-0.0360983$ & $-0.0938553$ & $0.0976108$ & $-0.0547579$ & $-0.0280692$ & $-0.129637$ & $-0.461306$ & $-0.300081$ & $1$ & $-0.489211$ & $-0.0375068$ & $0.141513$ & $-0.0801701$ & $-0.127277$ & $-0.109466$ & $0.0752928$ & $-0.0749669$ & $-0.118564$ & $-0.115862$ & $0.0420225$ & $-0.0523931$ & $-0.127967$ & $-0.116939$ & $-0.0643621$ & $-0.0518119$ & $0.0600103$ \\
CdH_33r & $0.10512$ & $-0.173118$ & $0.111567$ & $-0.050314$ & $0.0391078$ & $-0.0180921$ & $-0.642558$ & $0.018518$ & $0.0376553$ & $-0.254657$ & $-0.0715173$ & $0.661157$ & $0.781392$ & $0.108469$ & $0.00817595$ & $0.012653$ & $0.114056$ & $0.109108$ & $0.103701$ & $0.0678407$ & $0.0723213$ & $0.0692127$ & $-0.000458323$ & $0.0714319$ & $0.113281$ & $-0.0446846$ & $0.0455656$ & $0.0242295$ & $0.166484$ & $0.866492$ & $0.589068$ & $-0.489211$ & $1$ & $0.0154756$ & $-0.0206938$ & $-0.101196$ & $0.139127$ & $0.148492$ & $-0.0331007$ & $0.0687336$ & $0.0730439$ & $0.0931124$ & $-0.0143476$ & $0.0505804$ & $0.0859127$ & $0.261725$ & $0.151382$ & $0.0727486$ & $0.00684446$ \\
CLL_1221 & $0.0479292$ & $-0.0365694$ & $0.0723393$ & $0.0544731$ & $0.0249129$ & $-0.0981049$ & $-0.036752$ & $0.528225$ & $0.523227$ & $-0.287576$ & $-0.317403$ & $-0.0453029$ & $0.0420253$ & $-0.164624$ & $-0.469281$ & $-0.0399346$ & $-0.260156$ & $-0.0710762$ & $-0.358625$ & $0.259931$ & $0.384111$ & $0.38401$ & $0.221771$ & $-0.619495$ & $-0.230597$ & $-0.278995$ & $0.687581$ & $0.12523$ & $0.00783519$ & $0.0322298$ & $0.0153087$ & $-0.0375068$ & $0.0154756$ & $1$ & $0.0428319$ & $-0.065507$ & $0.0722702$ & $0.0358651$ & $0.0271069$ & $0.00365144$ & $0.000641061$ & $0.0472089$ & $0.0724898$ & $-0.0338775$ & $-0.00829407$ & $0.0593438$ & $0.0344432$ & $0.0163511$ & $-0.0263548$ \\
eHggint & $0.145043$ & $0.0401412$ & $0.258048$ & $0.199755$ & $0.0401667$ & $0.078405$ & $0.0949359$ & $-0.0602815$ & $-0.0596129$ & $0.0523244$ & $0.0987424$ & $0.0876655$ & $0.0125814$ & $-0.0936169$ & $-0.117858$ & $-0.0951733$ & $-0.0748629$ & $-0.0169731$ & $-0.0296539$ & $-0.1012$ & $-0.0893732$ & $-0.0882681$ & $0.0129247$ & $-0.0294069$ & $-0.0214936$ & $0.078273$ & $0.0632272$ & $-0.0393471$ & $-0.00992132$ & $-0.011145$ & $0.0441519$ & $0.141513$ & $-0.0206938$ & $0.0428319$ & $1$ & $-0.00012308$ & $0.3463$ & $-0.0825327$ & $0.101061$ & $0.137559$ & $-0.0245572$ & $0.208896$ & $0.0427263$ & $-0.520653$ & $-0.271047$ & $0.0784476$ & $0.271679$ & $0.070867$ & $-0.272861$ \\
eHggpar & $-0.140896$ & $0.0995692$ & $-0.267745$ & $-0.308843$ & $-0.0126132$ & $-0.0384944$ & $-0.0542702$ & $-0.0268701$ & $-0.0407151$ & $0.0386538$ & $0.0296732$ & $-0.0261721$ & $-0.0967445$ & $-0.0324647$ & $0.0514679$ & $0.0312492$ & $-0.0076269$ & $-0.0405366$ & $-0.0306472$ & $-0.0234252$ & $-0.0350504$ & $-0.0436231$ & $0.000173837$ & $0.0179523$ & $-0.0453008$ & $0.0128916$ & $-0.0953801$ & $0.0207895$ & $-0.0301579$ & $-0.101341$ & $-0.0252462$ & $-0.0801701$ & $-0.101196$ & $-0.065507$ & $-0.00012308$ & $1$ & $0.0643454$ & $-0.161336$ & $-0.273155$ & $-0.00766288$ & $-0.233338$ & $-0.00138395$ & $-0.244883$ & $-0.219457$ & $0.263255$ & $-0.320574$ & $0.264928$ & $-0.159243$ & $0.106652$ \\
eHWWint & $0.277112$ & $-0.0693229$ & $0.240975$ & $0.113463$ & $0.00175813$ & $-0.00547756$ & $-0.153708$ & $0.0121846$ & $0.0120761$ & $-0.0444976$ & $-0.00750979$ & $0.202801$ & $0.221993$ & $-0.00518359$ & $-0.0638516$ & $-0.0413884$ & $0.00387803$ & $0.0304107$ & $0.0175909$ & $0.00222494$ & $0.0134146$ & $0.0143304$ & $0.00195038$ & $-0.0164644$ & $0.0375946$ & $0.00951562$ & $0.106184$ & $-0.0336223$ & $0.0537002$ & $0.134457$ & $0.0843382$ & $-0.127277$ & $0.139127$ & $0.0722702$ & $0.3463$ & $0.0643454$ & $1$ & $0.168915$ & $-0.0327001$ & $0.167202$ & $0.121016$ & $0.0591591$ & $0.14259$ & $-0.0545177$ & $0.0520396$ & $0.450803$ & $0.225255$ & $0.227562$ & $-0.246768$ \\
eHWWpar & $-0.101766$ & $-0.175379$ & $0.0517919$ & $0.0452066$ & $0.055852$ & $-0.0244292$ & $-0.116978$ & $0.0336283$ & $0.0339688$ & $-0.0453186$ & $-0.0378623$ & $0.0908038$ & $0.155138$ & $0.0297689$ & $-0.00921187$ & $-0.0186396$ & $0.0139296$ & $0.0211222$ & $0.0255163$ & $0.0343496$ & $0.0407473$ & $0.0345429$ & $-0.0144987$ & $-0.00483628$ & $0.024595$ & $-0.0125694$ & $0.0459246$ & $0.0460421$ & $0.0582894$ & $0.11683$ & $0.0125237$ & $-0.109466$ & $0.148492$ & $0.0358651$ & $-0.0825327$ & $-0.161336$ & $0.168915$ & $1$ & $0.0919955$ & $-0.0301652$ & $0.249578$ & $0.0193129$ & $-0.112397$ & $0.326294$ & $0.0404811$ & $0.258133$ & $-0.0751236$ & $0.403402$ & $0.0968041$ \\
eHZZint & $0.385804$ & $-0.314812$ & $0.396865$ & $0.568758$ & $-0.0239735$ & $0.000481655$ & $0.0613201$ & $-0.00299998$ & $0.00989805$ & $0.00933436$ & $-0.0133592$ & $0.0333885$ & $0.0151399$ & $0.0294584$ & $-0.0410559$ & $-0.0246694$ & $0.0388716$ & $0.0588106$ & $0.0481365$ & $0.0089636$ & $0.0152757$ & $0.00940664$ & $0.000685418$ & $0.024744$ & $0.0521573$ & $-0.00600935$ & $0.0485517$ & $0.0598505$ & $-0.0373663$ & $-0.0190217$ & $-0.0223407$ & $0.0752928$ & $-0.0331007$ & $0.0271069$ & $0.101061$ & $-0.273155$ & $-0.0327001$ & $0.0919955$ & $1$ & $0.0976727$ & $-0.210954$ & $0.198907$ & $0.554172$ & $0.0761484$ & $-0.455442$ & $-0.157535$ & $-0.0522349$ & $0.0994082$ & $-0.290941$ \\
eHZZpar & $0.0880996$ & $-0.0693303$ & $0.132635$ & $0.123507$ & $0.0273573$ & $0.00104882$ & $-0.0858387$ & $0.00487562$ & $0.00930622$ & $-0.0528805$ & $-0.0369415$ & $0.050932$ & $0.105355$ & $0.0673451$ & $-0.000604237$ & $0.0145375$ & $0.0631851$ & $0.0682711$ & $0.0580949$ & $0.0359333$ & $0.0378978$ & $0.0353186$ & $0.0425484$ & $0.0384277$ & $0.0689069$ & $-0.0509348$ & $0.0217363$ & $0.00187819$ & $0.0216558$ & $0.0831734$ & $0.0252842$ & $-0.0749669$ & $0.0687336$ & $0.00365144$ & $0.137559$ & $-0.00766288$ & $0.167202$ & $-0.0301652$ & $0.0976727$ & $1$ & $-0.0865272$ & $-0.0405273$ & $0.108435$ & $-0.0659689$ & $-0.117166$ & $-0.0202632$ & $0.067542$ & $-0.0460468$ & $-0.17774$ \\
eHZgaint & $-0.235394$ & $0.144599$ & $0.143033$ & $0.035525$ & $0.00247043$ & $-0.0613985$ & $-0.0997936$ & $0.011647$ & $-0.00482264$ & $-0.00267079$ & $-0.0606567$ & $-0.0120503$ & $0.0288919$ & $0.0912707$ & $0.0249911$ & $0.0359022$ & $0.100345$ & $0.0883736$ & $0.0785207$ & $0.0622032$ & $0.0599563$ & $0.0579083$ & $-0.0318948$ & $0.0617913$ & $0.0713612$ & $-0.0301147$ & $-0.025287$ & $-0.0149185$ & $0.0532509$ & $0.0225431$ & $0.0413372$ & $-0.118564$ & $0.0730439$ & $0.000641061$ & $-0.0245572$ & $-0.233338$ & $0.121016$ & $0.249578$ & $-0.210954$ & $-0.0865272$ & $1$ & $-0.0183627$ & $-0.569531$ & $0.111745$ & $-0.104046$ & $0.0995805$ & $0.112989$ & $0.305391$ & $0.427284$ \\
eHZgapar & $0.0889316$ & $-0.191273$ & $0.105354$ & $0.0760915$ & $-0.0019414$ & $0.021882$ & $-0.126117$ & $0.0170448$ & $0.0172992$ & $-0.0490322$ & $-0.0318609$ & $0.0482914$ & $0.136256$ & $0.0321776$ & $-0.0378913$ & $-0.0025426$ & $0.036678$ & $0.0548019$ & $0.0377737$ & $0.0272111$ & $0.0353365$ & $0.0338506$ & $-0.0302799$ & $-0.00100648$ & $0.0412357$ & $0.00224053$ & $0.0380522$ & $0.0137473$ & $-0.00142453$ & $0.0824753$ & $0.0477511$ & $-0.115862$ & $0.0931124$ & $0.0472089$ & $0.208896$ & $-0.00138395$ & $0.0591591$ & $0.0193129$ & $0.198907$ & $-0.0405273$ & $-0.0183627$ & $1$ & $0.13327$ & $-0.078919$ & $-0.105645$ & $0.0303133$ & $-0.0510763$ & $0.067282$ & $-0.00611833$ \\
eHgagaint & $0.65023$ & $-0.270962$ & $0.358097$ & $0.40168$ & $-0.027002$ & $0.0414868$ & $0.0220754$ & $0.0237498$ & $0.048538$ & $-0.0170962$ & $-0.00332012$ & $0.0924107$ & $0.0689228$ & $-0.00982642$ & $-0.0730417$ & $-0.0469169$ & $-0.0398252$ & $0.00472869$ & $-0.00926526$ & $-0.0048443$ & $0.00831268$ & $0.0110649$ & $0.0119731$ & $-0.0447516$ & $0.0123337$ & $0.0113936$ & $0.127381$ & $-0.00153023$ & $-0.0458929$ & $0.0279046$ & $-0.0102944$ & $0.0420225$ & $-0.0143476$ & $0.0724898$ & $0.0427263$ & $-0.244883$ & $0.14259$ & $-0.112397$ & $0.554172$ & $0.108435$ & $-0.569531$ & $0.13327$ & $1$ & $0.0224294$ & $-0.182545$ & $-0.0902658$ & $-0.00671488$ & $-0.173926$ & $-0.446739$ \\
eHmumuint & $-0.263732$ & $-0.09762$ & $-0.213973$ & $0.0267603$ & $0.0452536$ & $-0.041937$ & $-0.0423097$ & $0.0162388$ & $0.0203726$ & $-0.0207817$ & $-0.0460712$ & $0.0249537$ & $0.0178688$ & $0.0682968$ & $0.0526463$ & $0.0677289$ & $0.0493802$ & $0.0373958$ & $0.0271983$ & $0.0497859$ & $0.039896$ & $0.0428267$ & $-0.0435881$ & $0.0437166$ & $0.0347758$ & $-0.0133394$ & $-0.0473146$ & $0.0328515$ & $0.0103641$ & $0.0305018$ & $-0.0367179$ & $-0.0523931$ & $0.0505804$ & $-0.0338775$ & $-0.520653$ & $-0.219457$ & $-0.0545177$ & $0.326294$ & $0.0761484$ & $-0.0659689$ & $0.111745$ & $-0.078919$ & $0.0224294$ & $1$ & $0.200365$ & $0.149915$ & $-0.412914$ & $0.414275$ & $-0.0353218$ \\
eHtautauint & $-0.17026$ & $0.037746$ & $-0.539323$ & $-0.447583$ & $0.0254684$ & $-0.0266506$ & $-0.115602$ & $-0.000878082$ & $-0.00251032$ & $-0.0107087$ & $0.000866456$ & $0.117832$ & $0.0757972$ & $-0.00307989$ & $0.00860577$ & $0.0229844$ & $-0.00681397$ & $-0.00524551$ & $-0.0161944$ & $0.00119872$ & $-0.00385011$ & $-0.00373568$ & $0.0251993$ & $-0.00412035$ & $0.00710071$ & $-0.000782429$ & $0.0057175$ & $-0.0444664$ & $0.0466798$ & $0.0603231$ & $0.0245414$ & $-0.127967$ & $0.0859127$ & $-0.00829407$ & $-0.271047$ & $0.263255$ & $0.0520396$ & $0.0404811$ & $-0.455442$ & $-0.117166$ & $-0.104046$ & $-0.105645$ & $-0.182545$ & $0.200365$ & $1$ & $0.322674$ & $-0.144005$ & $0.190453$ & $0.0715438$ \\
eHccint & $-0.0134239$ & $-0.258678$ & $0.052041$ & $0.0468904$ & $0.0569973$ & $-0.0017105$ & $-0.14708$ & $0.00563076$ & $0.00974152$ & $-0.0805856$ & $-0.015087$ & $0.142465$ & $0.282481$ & $0.0254938$ & $-0.0635638$ & $-0.0325118$ & $0.0272035$ & $0.0613205$ & $0.0409066$ & $0.00951977$ & $0.0192897$ & $0.0190696$ & $0.024951$ & $1.28841e-05$ & $0.0662162$ & $-0.00975209$ & $0.0887269$ & $-0.0358643$ & $0.0756156$ & $0.22555$ & $0.0879645$ & $-0.116939$ & $0.261725$ & $0.0593438$ & $0.0784476$ & $-0.320574$ & $0.450803$ & $0.258133$ & $-0.157535$ & $-0.0202632$ & $0.0995805$ & $0.0303133$ & $-0.0902658$ & $0.149915$ & $0.322674$ & $1$ & $-0.146354$ & $0.52456$ & $-0.00796215$ \\
eHccpar & $0.182936$ & $0.184108$ & $0.338213$ & $0.160929$ & $-0.000134183$ & $-0.0255355$ & $-0.0994148$ & $-0.0123444$ & $-0.0109457$ & $-0.0448983$ & $0.0369437$ & $0.20895$ & $0.177424$ & $-0.0575555$ & $-0.0383226$ & $-0.00744873$ & $-0.0368002$ & $-0.02783$ & $-0.0469441$ & $-0.0361211$ & $-0.032286$ & $-0.0316457$ & $0.00495615$ & $-0.036672$ & $-0.0334353$ & $0.025124$ & $0.0178631$ & $-0.040569$ & $0.0197061$ & $0.128594$ & $0.198968$ & $-0.0643621$ & $0.151382$ & $0.0344432$ & $0.271679$ & $0.264928$ & $0.225255$ & $-0.0751236$ & $-0.0522349$ & $0.067542$ & $0.112989$ & $-0.0510763$ & $-0.00671488$ & $-0.412914$ & $-0.144005$ & $-0.146354$ & $1$ & $-0.243763$ & $0.157109$ \\
eHbbint & $-0.109244$ & $-0.380109$ & $0.0550556$ & $0.259196$ & $0.0172943$ & $-0.0351952$ & $-0.0483215$ & $0.0137287$ & $0.0122519$ & $0.00985435$ & $-0.052953$ & $0.0805165$ & $0.0683801$ & $0.0830013$ & $-0.0117732$ & $0.0187918$ & $0.0768797$ & $0.0946884$ & $0.0711434$ & $0.0507875$ & $0.0511482$ & $0.0465025$ & $-0.0203592$ & $0.0503411$ & $0.0925668$ & $-0.00964885$ & $0.0366321$ & $0.0108349$ & $0.0231409$ & $0.0383586$ & $-0.00134799$ & $-0.0518119$ & $0.0727486$ & $0.0163511$ & $0.070867$ & $-0.159243$ & $0.227562$ & $0.403402$ & $0.0994082$ & $-0.0460468$ & $0.305391$ & $0.067282$ & $-0.173926$ & $0.414275$ & $0.190453$ & $0.52456$ & $-0.243763$ & $1$ & $-0.112192$ \\
eHbbpar & $-0.399949$ & $0.0465043$ & $-0.213333$ & $-0.227841$ & $0.0434218$ & $-0.0435722$ & $0.0794229$ & $-0.0229509$ & $-0.0312245$ & $0.0358481$ & $0.030933$ & $-0.181993$ & $-0.114743$ & $-0.0448569$ & $0.0187782$ & $0.0173709$ & $-0.00424513$ & $-0.0303427$ & $-0.0303619$ & $-0.0278486$ & $-0.033887$ & $-0.0348934$ & $0.00343588$ & $0.00808424$ & $-0.0292396$ & $0.00622389$ & $-0.0582619$ & $-0.0196773$ & $0.0197745$ & $-0.0649115$ & $-0.041711$ & $0.0600103$ & $0.00684446$ & $-0.0263548$ & $-0.272861$ & $0.106652$ & $-0.246768$ & $0.0968041$ & $-0.290941$ & $-0.17774$ & $0.427284$ & $-0.00611833$ & $-0.446739$ & $-0.0353218$ & $0.0715438$ & $-0.00796215$ & $0.157109$ & $-0.112192$ & $1$ \\
