 & AlsMz & dAle5Mz & mtop & mHl & Mz & CW & CHG & CHWB & CHWHB_gaga & CHWHB_gagaorth & CHD & CHbox & CH & CHL1_11 & CHL1_22 & CHL1_33 & CHL3_11 & CHL3_22 & CHL3_33 & CHe_11 & CHe_22 & CHe_33 & CHQ1_11 & CHQ1_33 & CHQ3_11 & CHu_11 & CHd_11 & CHd_33 & CeH_22r & CeH_33r & CuH_22r & CuH_33r & CdH_33r & CLL_1221 & eHggint & eHggpar & eHWWint & eHWWpar & eHZZint & eHZZpar & eHZgaint & eHZgapar & eHgagaint & eHmumuint & eHtautauint & eHccint & eHccpar & eHbbint & eHbbpar \\
AlsMz & $1$ & $-0.0313043$ & $-0.00795867$ & $0.0458596$ & $0.0155497$ & $-0.0029524$ & $0.0576442$ & $0.0197638$ & $0.028072$ & $-0.00113305$ & $-0.0467837$ & $0.03081$ & $-0.0423592$ & $0.0291764$ & $0.0459579$ & $-0.00755152$ & $0.0424724$ & $-0.00245834$ & $0.0423135$ & $0.0350026$ & $0.0364272$ & $0.0422495$ & $-0.0129899$ & $-0.0388167$ & $-0.119574$ & $-0.0448692$ & $-0.0329361$ & $-0.00386371$ & $-0.0019321$ & $0.00514085$ & $-0.0445159$ & $0.0405998$ & $-0.0367119$ & $-0.022901$ & $-0.0181774$ & $-0.0492951$ & $-0.0111417$ & $-0.017592$ & $0.00204889$ & $-0.105448$ & $0.0230458$ & $-0.0805745$ & $-0.0156009$ & $0.0146359$ & $0.0524874$ & $-0.0594429$ & $-0.0210739$ & $-0.0135723$ & $0.00364811$ \\
dAle5Mz & $-0.0313043$ & $1$ & $0.103053$ & $-0.0386666$ & $0.0408844$ & $-0.0497374$ & $-0.0295323$ & $-0.0768821$ & $-0.0764225$ & $0.057502$ & $0.0279399$ & $0.0435173$ & $-0.0344536$ & $0.0296039$ & $-0.0220864$ & $-0.0177946$ & $0.0939945$ & $0.0809583$ & $0.065929$ & $-0.00272285$ & $5.45846e-05$ & $-0.00427712$ & $0.00953698$ & $0.0560306$ & $0.0852521$ & $-0.00845364$ & $0.0155601$ & $-0.00936739$ & $0.0521465$ & $0.0175069$ & $0.0160476$ & $-0.00671618$ & $-0.00560821$ & $0.0419432$ & $-0.0162491$ & $0.0350672$ & $-0.0201509$ & $-0.00400296$ & $0.00647212$ & $-0.0182663$ & $-0.0246039$ & $-0.00205399$ & $-0.0277822$ & $0.0321359$ & $-0.00239475$ & $0.0357789$ & $0.0655001$ & $-0.0270511$ & $-0.0203423$ \\
mtop & $-0.00795867$ & $0.103053$ & $1$ & $0.0128411$ & $-0.103865$ & $0.0276174$ & $-0.0298592$ & $-0.036973$ & $-0.0429262$ & $0.0167595$ & $0.0341795$ & $0.00738148$ & $-0.022474$ & $0.00297191$ & $-0.0513511$ & $-0.0145157$ & $0.0286645$ & $0.0558112$ & $0.017731$ & $-0.0274262$ & $-0.025485$ & $-0.02884$ & $0.0260505$ & $0.00171567$ & $0.0307723$ & $-0.036885$ & $-0.0123839$ & $-0.0552709$ & $0.018516$ & $-0.0609263$ & $-0.064552$ & $-0.0324965$ & $-0.0474547$ & $0.0302748$ & $-0.000169163$ & $-0.0199715$ & $-0.0629543$ & $0.0216185$ & $0.0503339$ & $-0.00392667$ & $-0.0238061$ & $-0.0130322$ & $0.0171697$ & $0.00183353$ & $-0.0216562$ & $0.0540952$ & $0.00413705$ & $-0.0543677$ & $0.0117805$ \\
mHl & $0.0458596$ & $-0.0386666$ & $0.0128411$ & $1$ & $-0.0703948$ & $0.0501135$ & $-0.0313934$ & $0.0250528$ & $0.0262472$ & $0.00174309$ & $-0.056842$ & $-0.0562537$ & $0.04543$ & $0.0708614$ & $0.0379234$ & $0.051753$ & $0.0488051$ & $0.0323019$ & $0.0219162$ & $0.0588912$ & $0.0534099$ & $0.0617472$ & $-0.0106319$ & $0.0158068$ & $0.0307713$ & $-0.00998721$ & $-0.0129278$ & $0.0218458$ & $-0.0473948$ & $0.0106741$ & $0.0502301$ & $-0.037285$ & $0.000791939$ & $-0.0167002$ & $-0.0426647$ & $-0.0185582$ & $0.006756$ & $0.0401816$ & $-0.113615$ & $0.0190331$ & $0.00167863$ & $-0.0724918$ & $0.0279307$ & $0.0120126$ & $0.0548723$ & $-0.0675332$ & $0.015588$ & $-0.0574294$ & $-0.0179003$ \\
Mz & $0.0155497$ & $0.0408844$ & $-0.103865$ & $-0.0703948$ & $1$ & $0.0449398$ & $-0.0182258$ & $-0.0008344$ & $-0.00417063$ & $0.0134111$ & $0.0145604$ & $0.0522385$ & $-0.0455235$ & $0.0096587$ & $0.0153542$ & $0.0351487$ & $-0.0239989$ & $-0.0177674$ & $-0.0238792$ & $-0.00691633$ & $-0.00511263$ & $0.00105584$ & $-1.97811e-05$ & $-0.0134006$ & $-0.0180675$ & $0.0233904$ & $-0.0113494$ & $0.00752106$ & $0.0123273$ & $-0.0435964$ & $0.0117088$ & $-0.00710741$ & $-0.0387258$ & $-0.016587$ & $0.0669337$ & $-0.0369477$ & $0.0841922$ & $0.00385356$ & $0.0775217$ & $0.00034583$ & $-0.0284106$ & $-0.0189886$ & $-0.0248996$ & $0.0180393$ & $0.0758202$ & $-0.0270344$ & $0.0355589$ & $-0.00895941$ & $-0.0149332$ \\
CW & $-0.0029524$ & $-0.0497374$ & $0.0276174$ & $0.0501135$ & $0.0449398$ & $1$ & $-0.00593311$ & $-0.123854$ & $-0.121367$ & $0.0213978$ & $0.176709$ & $0.0578965$ & $-0.0421948$ & $0.060915$ & $-0.0908858$ & $-0.0574723$ & $-0.247318$ & $-0.0193729$ & $-0.040798$ & $-0.175817$ & $-0.183441$ & $-0.178249$ & $-0.0298834$ & $0.0183697$ & $-0.0652455$ & $0.132134$ & $-0.0713669$ & $-0.0756386$ & $0.000154968$ & $0.00270956$ & $0.0470275$ & $0.00105631$ & $0.0163611$ & $-0.125085$ & $-0.000661876$ & $-0.0387122$ & $-0.0806489$ & $-0.00812388$ & $-0.0236686$ & $0.0446896$ & $-0.0169924$ & $-0.00326327$ & $0.00653578$ & $0.00433067$ & $-0.0269209$ & $-0.00377156$ & $0.0292608$ & $-0.0276935$ & $0.0110669$ \\
CHG & $0.0576442$ & $-0.0295323$ & $-0.0298592$ & $-0.0313934$ & $-0.0182258$ & $-0.00593311$ & $1$ & $-0.0897655$ & $-0.0354021$ & $0.0747012$ & $0.0318814$ & $0.274291$ & $-0.305842$ & $0.0878843$ & $-0.0296481$ & $-0.025023$ & $0.103243$ & $0.12481$ & $0.120648$ & $-0.0319076$ & $-0.0386321$ & $-0.0399183$ & $-0.0363345$ & $0.0876861$ & $0.0973053$ & $0.043888$ & $-0.0559614$ & $-0.0602166$ & $0.0323199$ & $-0.10403$ & $-0.0603031$ & $0.925278$ & $-0.149749$ & $-0.0602795$ & $-0.0222812$ & $-0.0181452$ & $-0.02697$ & $0.0326083$ & $-0.0154061$ & $-0.00151477$ & $-0.0755252$ & $0.00765068$ & $-0.0159695$ & $-0.0282875$ & $0.0520807$ & $-0.00353683$ & $-0.0331554$ & $-0.0158615$ & $-0.0497214$ \\
CHWB & $0.0197638$ & $-0.0768821$ & $-0.036973$ & $0.0250528$ & $-0.0008344$ & $-0.123854$ & $-0.0897655$ & $1$ & $0.984024$ & $-0.56773$ & $-0.871818$ & $-0.41562$ & $0.342577$ & $0.0319185$ & $0.305268$ & $0.306169$ & $-0.267324$ & $-0.476682$ & $-0.487013$ & $0.843702$ & $0.891824$ & $0.875306$ & $0.0902209$ & $-0.689226$ & $-0.436411$ & $-0.508511$ & $0.440804$ & $0.350596$ & $0.0305773$ & $0.128205$ & $0.0478836$ & $-0.0810782$ & $0.125912$ & $0.590109$ & $-0.033528$ & $0.0398272$ & $0.0058844$ & $-0.00727363$ & $-0.00175281$ & $-0.0733752$ & $-0.0497159$ & $-0.0287962$ & $-0.0343542$ & $0.0400081$ & $0.00920853$ & $-0.053495$ & $-0.00587545$ & $0.0746103$ & $0.0475955$ \\
CHWHB_gaga & $0.028072$ & $-0.0764225$ & $-0.0429262$ & $0.0262472$ & $-0.00417063$ & $-0.121367$ & $-0.0354021$ & $0.984024$ & $1$ & $-0.557054$ & $-0.853208$ & $-0.407392$ & $0.341605$ & $0.020154$ & $0.2944$ & $0.292467$ & $-0.270577$ & $-0.475138$ & $-0.483048$ & $0.824184$ & $0.8733$ & $0.858066$ & $0.082978$ & $-0.686756$ & $-0.430981$ & $-0.490853$ & $0.444165$ & $0.347554$ & $0.0464169$ & $0.143225$ & $0.0550469$ & $-0.035576$ & $0.138064$ & $0.585687$ & $-0.0474593$ & $0.0233958$ & $0.000306771$ & $-0.0097571$ & $-0.00681107$ & $-0.0740119$ & $-0.0560428$ & $-0.0261793$ & $0.0391994$ & $0.0356695$ & $0.0206486$ & $-0.0598441$ & $-0.00874263$ & $0.0681902$ & $0.0403573$ \\
CHWHB_gagaorth & $-0.00113305$ & $0.057502$ & $0.0167595$ & $0.00174309$ & $0.0134111$ & $0.0213978$ & $0.0747012$ & $-0.56773$ & $-0.557054$ & $1$ & $0.323457$ & $0.502824$ & $-0.268784$ & $0.296254$ & $-0.116492$ & $-0.106596$ & $0.488562$ & $0.549008$ & $0.538615$ & $-0.310457$ & $-0.344044$ & $-0.33386$ & $-0.0810329$ & $0.572823$ & $0.51748$ & $0.204605$ & $-0.272301$ & $-0.145076$ & $-0.0132517$ & $-0.158488$ & $-0.0699745$ & $0.0805843$ & $-0.190397$ & $-0.366026$ & $0.0783387$ & $0.0322747$ & $0.0103763$ & $0.00358609$ & $-0.0016238$ & $0.0560354$ & $0.00691975$ & $-0.0192139$ & $0.0310505$ & $-0.0179432$ & $0.0248843$ & $0.0114431$ & $0.00313324$ & $-0.0697115$ & $-0.0605231$ \\
CHD & $-0.0467837$ & $0.0279399$ & $0.0341795$ & $-0.056842$ & $0.0145604$ & $0.176709$ & $0.0318814$ & $-0.871818$ & $-0.853208$ & $0.323457$ & $1$ & $0.257939$ & $-0.163345$ & $-0.466684$ & $-0.451092$ & $-0.439009$ & $-0.204043$ & $0.0927315$ & $0.109379$ & $-0.991051$ & $-0.991407$ & $-0.970323$ & $-0.0151563$ & $0.321407$ & $0.0490864$ & $0.562232$ & $-0.274477$ & $-0.361911$ & $-0.00373623$ & $-0.0766127$ & $-0.0164703$ & $0.0386678$ & $-0.0685182$ & $-0.37395$ & $0.0412612$ & $-0.0346382$ & $-4.18793e-06$ & $-0.00686511$ & $0.0166891$ & $0.0786489$ & $0.0453037$ & $0.0298944$ & $0.0288365$ & $-0.0282357$ & $0.00169524$ & $0.0663661$ & $0.0145173$ & $-0.0603435$ & $-0.0492753$ \\
CHbox & $0.03081$ & $0.0435173$ & $0.00738148$ & $-0.0562537$ & $0.0522385$ & $0.0578965$ & $0.274291$ & $-0.41562$ & $-0.407392$ & $0.502824$ & $0.257939$ & $1$ & $-0.909535$ & $0.19344$ & $-0.0833342$ & $-0.08122$ & $0.299254$ & $0.366504$ & $0.358024$ & $-0.242947$ & $-0.275528$ & $-0.264312$ & $-0.0751634$ & $0.392791$ & $0.320482$ & $0.185451$ & $-0.226813$ & $-0.10995$ & $-0.0164826$ & $-0.201859$ & $-0.127942$ & $0.270745$ & $-0.217601$ & $-0.278201$ & $0.0558388$ & $0.029285$ & $-0.00744487$ & $0.0418555$ & $0.0548322$ & $0.0351081$ & $0.061702$ & $0.0137329$ & $-0.0121557$ & $-0.0418209$ & $0.00637713$ & $0.0325765$ & $0.00195024$ & $-0.0323808$ & $-0.0220554$ \\
CH & $-0.0423592$ & $-0.0344536$ & $-0.022474$ & $0.04543$ & $-0.0455235$ & $-0.0421948$ & $-0.305842$ & $0.342577$ & $0.341605$ & $-0.268784$ & $-0.163345$ & $-0.909535$ & $1$ & $-0.262953$ & $0.0593339$ & $0.067336$ & $-0.343576$ & $-0.387642$ & $-0.381592$ & $0.15517$ & $0.179787$ & $0.17462$ & $0.0515254$ & $-0.378688$ & $-0.349243$ & $-0.119743$ & $0.178005$ & $0.0705202$ & $0.0471418$ & $0.295999$ & $0.154731$ & $-0.261708$ & $0.310406$ & $0.233911$ & $0.00224203$ & $-0.0100314$ & $0.0180668$ & $-0.0611189$ & $-0.0734434$ & $-0.0111189$ & $-0.0660941$ & $-0.0182627$ & $0.0114781$ & $0.0413237$ & $0.00991726$ & $-0.0241214$ & $-0.00867665$ & $0.0109144$ & $-0.00901408$ \\
CHL1_11 & $0.0291764$ & $0.0296039$ & $0.00297191$ & $0.0708614$ & $0.0096587$ & $0.060915$ & $0.0878843$ & $0.0319185$ & $0.020154$ & $0.296254$ & $-0.466684$ & $0.19344$ & $-0.262953$ & $1$ & $0.291053$ & $0.270683$ & $0.666293$ & $0.625404$ & $0.609036$ & $0.487921$ & $0.42271$ & $0.410009$ & $-0.122975$ & $0.496317$ & $0.605883$ & $-0.223427$ & $-0.18128$ & $0.117752$ & $-0.0383177$ & $-0.0586027$ & $-0.0291544$ & $0.0614857$ & $-0.0737936$ & $-0.275556$ & $-0.0243722$ & $-0.02483$ & $-0.0083926$ & $0.0303832$ & $-0.00669483$ & $-0.0253981$ & $0.0114002$ & $-0.0113104$ & $-0.0164042$ & $-0.0171581$ & $-0.0079133$ & $-0.0317735$ & $-0.0194358$ & $0.00781351$ & $0.00236824$ \\
CHL1_22 & $0.0459579$ & $-0.0220864$ & $-0.0513511$ & $0.0379234$ & $0.0153542$ & $-0.0908858$ & $-0.0296481$ & $0.305268$ & $0.2944$ & $-0.116492$ & $-0.451092$ & $-0.0833342$ & $0.0593339$ & $0.291053$ & $1$ & $0.460598$ & $0.205829$ & $-0.394936$ & $-0.0183751$ & $0.509392$ & $0.371266$ & $0.357754$ & $-0.160078$ & $0.0946394$ & $-0.11493$ & $-0.23675$ & $-0.388302$ & $0.0712964$ & $-0.000262496$ & $0.0184667$ & $-0.00755964$ & $-0.042687$ & $0.0309806$ & $-0.552657$ & $-0.0347144$ & $-0.0190038$ & $0.0016728$ & $0.0125028$ & $-0.0366069$ & $-0.0424043$ & $0.0269173$ & $0.0187737$ & $-0.0130268$ & $0.0317077$ & $0.012723$ & $-0.0751399$ & $0.00970643$ & $0.0383136$ & $0.00126811$ \\
CHL1_33 & $-0.00755152$ & $-0.0177946$ & $-0.0145157$ & $0.051753$ & $0.0351487$ & $-0.0574723$ & $-0.025023$ & $0.306169$ & $0.292467$ & $-0.106596$ & $-0.439009$ & $-0.08122$ & $0.067336$ & $0.270683$ & $0.460598$ & $1$ & $0.183508$ & $-0.0162575$ & $-0.418142$ & $0.498495$ & $0.361985$ & $0.373246$ & $-0.200254$ & $0.0964678$ & $-0.113284$ & $-0.174819$ & $-0.363413$ & $0.094082$ & $0.00970289$ & $0.016586$ & $0.010352$ & $-0.0195009$ & $0.038941$ & $-0.0791473$ & $-0.0283266$ & $0.0507868$ & $-0.0474686$ & $-0.0276363$ & $-0.0424322$ & $-0.0347575$ & $-0.0147733$ & $-0.0210308$ & $-0.00846723$ & $0.00514742$ & $-0.0782778$ & $-0.0101562$ & $-0.0804277$ & $0.0236067$ & $-0.00772906$ \\
CHL3_11 & $0.0424724$ & $0.0939945$ & $0.0286645$ & $0.0488051$ & $-0.0239989$ & $-0.247318$ & $0.103243$ & $-0.267324$ & $-0.270577$ & $0.488562$ & $-0.204043$ & $0.299254$ & $-0.343576$ & $0.666293$ & $0.205829$ & $0.183508$ & $1$ & $0.744695$ & $0.73144$ & $0.228597$ & $0.164688$ & $0.156049$ & $-0.0971198$ & $0.675359$ & $0.766353$ & $-0.103791$ & $-0.242247$ & $0.0245286$ & $-0.0481254$ & $-0.119252$ & $-0.0841713$ & $0.0718265$ & $-0.11788$ & $-0.298135$ & $-0.0127811$ & $0.00459981$ & $-0.0145453$ & $0.033242$ & $-0.0161576$ & $-0.0113543$ & $-0.00782675$ & $-0.00372517$ & $0.0276507$ & $-0.0139936$ & $-0.0199433$ & $-0.022206$ & $-0.0169356$ & $-0.0313667$ & $0.0284313$ \\
CHL3_22 & $-0.00245834$ & $0.0809583$ & $0.0558112$ & $0.0323019$ & $-0.0177674$ & $-0.0193729$ & $0.12481$ & $-0.476682$ & $-0.475138$ & $0.549008$ & $0.0927315$ & $0.366504$ & $-0.387642$ & $0.625404$ & $-0.394936$ & $-0.0162575$ & $0.744695$ & $1$ & $0.701429$ & $-0.0886046$ & $-0.0971327$ & $-0.093979$ & $-0.0515845$ & $0.65666$ & $0.80488$ & $0.0801785$ & $-0.0967729$ & $-0.0419037$ & $-0.0509941$ & $-0.11801$ & $-0.0558018$ & $0.10541$ & $-0.126577$ & $-0.0610676$ & $0.00611024$ & $0.00149677$ & $-0.0158887$ & $0.0179739$ & $0.00415335$ & $0.0205831$ & $-0.00721657$ & $-0.0123713$ & $0.0219044$ & $-0.0411623$ & $-0.0352527$ & $0.0340704$ & $-0.0320733$ & $-0.0473395$ & $0.00453857$ \\
CHL3_33 & $0.0423135$ & $0.065929$ & $0.017731$ & $0.0219162$ & $-0.0238792$ & $-0.040798$ & $0.120648$ & $-0.487013$ & $-0.483048$ & $0.538615$ & $0.109379$ & $0.358024$ & $-0.381592$ & $0.609036$ & $-0.0183751$ & $-0.418142$ & $0.73144$ & $0.701429$ & $1$ & $-0.107533$ & $-0.112495$ & $-0.106938$ & $-0.0185286$ & $0.641582$ & $0.792331$ & $0.051793$ & $-0.0971223$ & $-0.0675775$ & $-0.0599403$ & $-0.117648$ & $-0.0708129$ & $0.0915152$ & $-0.131402$ & $-0.407585$ & $0.0149676$ & $-0.0552755$ & $0.0255566$ & $0.0501184$ & $0.00706093$ & $0.0220578$ & $0.0241719$ & $0.0225681$ & $0.0136424$ & $-0.0273116$ & $0.0365216$ & $-0.0111165$ & $0.0302076$ & $-0.0381729$ & $0.00501946$ \\
CHe_11 & $0.0350026$ & $-0.00272285$ & $-0.0274262$ & $0.0588912$ & $-0.00691633$ & $-0.175817$ & $-0.0319076$ & $0.843702$ & $0.824184$ & $-0.310457$ & $-0.991051$ & $-0.242947$ & $0.15517$ & $0.487921$ & $0.509392$ & $0.498495$ & $0.228597$ & $-0.0886046$ & $-0.107533$ & $1$ & $0.975266$ & $0.953949$ & $-0.0128057$ & $-0.270752$ & $-0.0375271$ & $-0.550864$ & $0.206498$ & $0.343882$ & $-0.000193191$ & $0.0743551$ & $0.0170303$ & $-0.0378036$ & $0.0704021$ & $0.302962$ & $-0.0415132$ & $0.0329318$ & $0.000807161$ & $0.00413934$ & $-0.0230923$ & $-0.0793626$ & $-0.0434053$ & $-0.0217141$ & $-0.0324543$ & $0.0299108$ & $-0.00807571$ & $-0.0652578$ & $-0.0168514$ & $0.0603783$ & $0.0467384$ \\
CHe_22 & $0.0364272$ & $5.45846e-05$ & $-0.025485$ & $0.0534099$ & $-0.00511263$ & $-0.183441$ & $-0.0386321$ & $0.891824$ & $0.8733$ & $-0.344044$ & $-0.991407$ & $-0.275528$ & $0.179787$ & $0.42271$ & $0.371266$ & $0.361985$ & $0.164688$ & $-0.0971327$ & $-0.112495$ & $0.975266$ & $1$ & $0.975406$ & $0.0466194$ & $-0.377465$ & $-0.0597539$ & $-0.567419$ & $0.355215$ & $0.371129$ & $0.00647304$ & $0.0817193$ & $0.0178389$ & $-0.043408$ & $0.0745445$ & $0.458008$ & $-0.036256$ & $0.0342832$ & $0.0046059$ & $0.00733577$ & $-0.0111203$ & $-0.0770928$ & $-0.0520668$ & $-0.0296472$ & $-0.0309968$ & $0.0290472$ & $0.00333834$ & $-0.0635209$ & $-0.0073112$ & $0.058808$ & $0.0562269$ \\
CHe_33 & $0.0422495$ & $-0.00427712$ & $-0.02884$ & $0.0617472$ & $0.00105584$ & $-0.178249$ & $-0.0399183$ & $0.875306$ & $0.858066$ & $-0.33386$ & $-0.970323$ & $-0.264312$ & $0.17462$ & $0.410009$ & $0.357754$ & $0.373246$ & $0.156049$ & $-0.093979$ & $-0.106938$ & $0.953949$ & $0.975406$ & $1$ & $0.0432286$ & $-0.378946$ & $-0.0590435$ & $-0.551459$ & $0.352902$ & $0.355307$ & $0.00745176$ & $0.0763097$ & $0.0206379$ & $-0.0398456$ & $0.0757978$ & $0.456715$ & $-0.0226471$ & $0.0378717$ & $0.0017752$ & $0.0218738$ & $-0.00561531$ & $-0.0755771$ & $-0.0450325$ & $-0.0370712$ & $-0.0250839$ & $0.0334838$ & $0.00267716$ & $-0.0564593$ & $-0.0139167$ & $0.0519492$ & $0.0534562$ \\
CHQ1_11 & $-0.0129899$ & $0.00953698$ & $0.0260505$ & $-0.0106319$ & $-1.97811e-05$ & $-0.0298834$ & $-0.0363345$ & $0.0902209$ & $0.082978$ & $-0.0810329$ & $-0.0151563$ & $-0.0751634$ & $0.0515254$ & $-0.122975$ & $-0.160078$ & $-0.200254$ & $-0.0971198$ & $-0.0515845$ & $-0.0185286$ & $-0.0128057$ & $0.0466194$ & $0.0432286$ & $1$ & $-0.17938$ & $0.0409226$ & $-0.676554$ & $0.357158$ & $0.0459649$ & $0.0279169$ & $-0.0213689$ & $0.0117586$ & $-0.0546787$ & $-0.0320959$ & $0.214028$ & $-0.0146038$ & $0.0254737$ & $0.0780441$ & $0.00184497$ & $0.0460312$ & $0.013151$ & $-0.0300367$ & $-0.0319529$ & $-0.0140011$ & $0.0246279$ & $-0.0200037$ & $-0.0574361$ & $0.0642972$ & $-0.00639875$ & $0.0406845$ \\
CHQ1_33 & $-0.0388167$ & $0.0560306$ & $0.00171567$ & $0.0158068$ & $-0.0134006$ & $0.0183697$ & $0.0876861$ & $-0.689226$ & $-0.686756$ & $0.572823$ & $0.321407$ & $0.392791$ & $-0.378688$ & $0.496317$ & $0.0946394$ & $0.0964678$ & $0.675359$ & $0.65666$ & $0.641582$ & $-0.270752$ & $-0.377465$ & $-0.378946$ & $-0.17938$ & $1$ & $0.648653$ & $0.219667$ & $-0.463446$ & $-0.0768393$ & $-0.0496338$ & $-0.136522$ & $-0.0812638$ & $0.064945$ & $-0.135627$ & $-0.649967$ & $0.00108296$ & $-0.0242537$ & $0.015718$ & $0.0118988$ & $-0.0148127$ & $0.0674874$ & $0.0433819$ & $0.00882206$ & $0.0275048$ & $-0.0405979$ & $-0.0240577$ & $-0.000740057$ & $-0.0348562$ & $-0.0606027$ & $-0.014764$ \\
CHQ3_11 & $-0.119574$ & $0.0852521$ & $0.0307723$ & $0.0307713$ & $-0.0180675$ & $-0.0652455$ & $0.0973053$ & $-0.436411$ & $-0.430981$ & $0.51748$ & $0.0490864$ & $0.320482$ & $-0.349243$ & $0.605883$ & $-0.11493$ & $-0.113284$ & $0.766353$ & $0.80488$ & $0.792331$ & $-0.0375271$ & $-0.0597539$ & $-0.0590435$ & $0.0409226$ & $0.648653$ & $1$ & $0.0563221$ & $0.128862$ & $-0.0528988$ & $-0.0670329$ & $-0.115915$ & $-0.0569421$ & $0.0655223$ & $-0.138087$ & $-0.25313$ & $-0.00954123$ & $-0.0119351$ & $0.00144501$ & $0.0268714$ & $0.0214551$ & $0.0274644$ & $-0.0133268$ & $0.0211972$ & $0.036254$ & $-0.0035243$ & $-0.00230748$ & $-0.00494485$ & $0.0308354$ & $-0.0631347$ & $0.0104223$ \\
CHu_11 & $-0.0448692$ & $-0.00845364$ & $-0.036885$ & $-0.00998721$ & $0.0233904$ & $0.132134$ & $0.043888$ & $-0.508511$ & $-0.490853$ & $0.204605$ & $0.562232$ & $0.185451$ & $-0.119743$ & $-0.223427$ & $-0.23675$ & $-0.174819$ & $-0.103791$ & $0.0801785$ & $0.051793$ & $-0.550864$ & $-0.567419$ & $-0.551459$ & $-0.676554$ & $0.219667$ & $0.0563221$ & $1$ & $-0.156732$ & $-0.233175$ & $-0.0329706$ & $-0.0351377$ & $-0.011249$ & $0.0629313$ & $-0.0340372$ & $-0.249171$ & $0.056623$ & $-0.0405927$ & $-0.0413855$ & $-0.0110016$ & $-0.0305556$ & $0.0353682$ & $0.0438885$ & $0.039979$ & $0.0471981$ & $-0.0224822$ & $0.0342884$ & $0.0908461$ & $-0.0148428$ & $-0.027559$ & $-0.059857$ \\
CHd_11 & $-0.0329361$ & $0.0155601$ & $-0.0123839$ & $-0.0129278$ & $-0.0113494$ & $-0.0713669$ & $-0.0559614$ & $0.440804$ & $0.444165$ & $-0.272301$ & $-0.274477$ & $-0.226813$ & $0.178005$ & $-0.18128$ & $-0.388302$ & $-0.363413$ & $-0.242247$ & $-0.0967729$ & $-0.0971223$ & $0.206498$ & $0.355215$ & $0.352902$ & $0.357158$ & $-0.463446$ & $0.128862$ & $-0.156732$ & $1$ & $0.166228$ & $-0.0045317$ & $0.0523944$ & $0.0199638$ & $-0.0573932$ & $0.0182671$ & $0.692525$ & $-0.0116052$ & $0.0203037$ & $0.0339147$ & $-0.0106511$ & $0.0564$ & $-0.00698071$ & $-0.0631885$ & $-0.0140438$ & $0.00565611$ & $0.0461145$ & $0.0441949$ & $-0.0245303$ & $0.0631894$ & $-0.00654187$ & $0.0481608$ \\
CHd_33 & $-0.00386371$ & $-0.00936739$ & $-0.0552709$ & $0.0218458$ & $0.00752106$ & $-0.0756386$ & $-0.0602166$ & $0.350596$ & $0.347554$ & $-0.145076$ & $-0.361911$ & $-0.10995$ & $0.0705202$ & $0.117752$ & $0.0712964$ & $0.094082$ & $0.0245286$ & $-0.0419037$ & $-0.0675775$ & $0.343882$ & $0.371129$ & $0.355307$ & $0.0459649$ & $-0.0768393$ & $-0.0528988$ & $-0.233175$ & $0.166228$ & $1$ & $-0.00294674$ & $0.051486$ & $-0.0209246$ & $-0.0547153$ & $0.0280612$ & $0.242947$ & $-0.0310078$ & $0.0652282$ & $0.0956058$ & $0.0510345$ & $-0.0250026$ & $-0.00858198$ & $-0.0102708$ & $-0.0257376$ & $0.0820894$ & $-0.0308297$ & $0.0419972$ & $-0.0443284$ & $-0.0579447$ & $0.0214957$ & $0.0510029$ \\
CeH_22r & $-0.0019321$ & $0.0521465$ & $0.018516$ & $-0.0473948$ & $0.0123273$ & $0.000154968$ & $0.0323199$ & $0.0305773$ & $0.0464169$ & $-0.0132517$ & $-0.00373623$ & $-0.0164826$ & $0.0471418$ & $-0.0383177$ & $-0.000262496$ & $0.00970289$ & $-0.0481254$ & $-0.0509941$ & $-0.0599403$ & $-0.000193191$ & $0.00647304$ & $0.00745176$ & $0.0279169$ & $-0.0496338$ & $-0.0670329$ & $-0.0329706$ & $-0.0045317$ & $-0.00294674$ & $1$ & $0.0474025$ & $0.0580642$ & $0.00573328$ & $0.0354889$ & $0.0321028$ & $-0.0225096$ & $0.000339493$ & $-0.00860876$ & $-0.0356444$ & $-0.0045653$ & $-0.0043971$ & $-0.054206$ & $0.0109344$ & $0.0150387$ & $0.0151666$ & $0.0540599$ & $-0.0430295$ & $0.0458324$ & $-0.00989263$ & $-0.0652633$ \\
CeH_33r & $0.00514085$ & $0.0175069$ & $-0.0609263$ & $0.0106741$ & $-0.0435964$ & $0.00270956$ & $-0.10403$ & $0.128205$ & $0.143225$ & $-0.158488$ & $-0.0766127$ & $-0.201859$ & $0.295999$ & $-0.0586027$ & $0.0184667$ & $0.016586$ & $-0.119252$ & $-0.11801$ & $-0.117648$ & $0.0743551$ & $0.0817193$ & $0.0763097$ & $-0.0213689$ & $-0.136522$ & $-0.115915$ & $-0.0351377$ & $0.0523944$ & $0.051486$ & $0.0474025$ & $1$ & $0.313224$ & $0.0587033$ & $0.605415$ & $0.0809867$ & $-0.0248924$ & $-0.0451614$ & $-0.191629$ & $-0.0517756$ & $-0.0742242$ & $-0.00822858$ & $-0.0265897$ & $0.0203625$ & $0.00292647$ & $-0.0251412$ & $0.10029$ & $-0.0455536$ & $-0.0149358$ & $-0.0248722$ & $-0.043463$ \\
CuH_22r & $-0.0445159$ & $0.0160476$ & $-0.064552$ & $0.0502301$ & $0.0117088$ & $0.0470275$ & $-0.0603031$ & $0.0478836$ & $0.0550469$ & $-0.0699745$ & $-0.0164703$ & $-0.127942$ & $0.154731$ & $-0.0291544$ & $-0.00755964$ & $0.010352$ & $-0.0841713$ & $-0.0558018$ & $-0.0708129$ & $0.0170303$ & $0.0178389$ & $0.0206379$ & $0.0117586$ & $-0.0812638$ & $-0.0569421$ & $-0.011249$ & $0.0199638$ & $-0.0209246$ & $0.0580642$ & $0.313224$ & $1$ & $0.0305899$ & $0.339785$ & $0.0336725$ & $-0.0431988$ & $-0.0391913$ & $-0.169041$ & $-0.0177159$ & $-0.0374638$ & $-0.0107763$ & $-0.0395759$ & $0.0176006$ & $-0.0331264$ & $-0.0261113$ & $0.0586077$ & $0.0689316$ & $0.363058$ & $0.0273061$ & $-0.0233727$ \\
CuH_33r & $0.0405998$ & $-0.00671618$ & $-0.0324965$ & $-0.037285$ & $-0.00710741$ & $0.00105631$ & $0.925278$ & $-0.0810782$ & $-0.035576$ & $0.0805843$ & $0.0386678$ & $0.270745$ & $-0.261708$ & $0.0614857$ & $-0.042687$ & $-0.0195009$ & $0.0718265$ & $0.10541$ & $0.0915152$ & $-0.0378036$ & $-0.043408$ & $-0.0398456$ & $-0.0546787$ & $0.064945$ & $0.0655223$ & $0.0629313$ & $-0.0573932$ & $-0.0547153$ & $0.00573328$ & $0.0587033$ & $0.0305899$ & $1$ & $0.0405524$ & $-0.0410227$ & $0.0470067$ & $0.0243755$ & $-0.0740285$ & $0.0241984$ & $-0.0342553$ & $0.0085061$ & $-0.0791756$ & $0.00344771$ & $0.00262321$ & $-0.0639616$ & $0.0399028$ & $0.0145386$ & $-0.0354832$ & $-0.0096845$ & $-0.0426101$ \\
CdH_33r & $-0.0367119$ & $-0.00560821$ & $-0.0474547$ & $0.000791939$ & $-0.0387258$ & $0.0163611$ & $-0.149749$ & $0.125912$ & $0.138064$ & $-0.190397$ & $-0.0685182$ & $-0.217601$ & $0.310406$ & $-0.0737936$ & $0.0309806$ & $0.038941$ & $-0.11788$ & $-0.126577$ & $-0.131402$ & $0.0704021$ & $0.0745445$ & $0.0757978$ & $-0.0320959$ & $-0.135627$ & $-0.138087$ & $-0.0340372$ & $0.0182671$ & $0.0280612$ & $0.0354889$ & $0.605415$ & $0.339785$ & $0.0405524$ & $1$ & $0.0789909$ & $-0.0637023$ & $-0.0766833$ & $-0.212084$ & $-0.0725845$ & $-0.0958112$ & $-0.0155574$ & $-0.00604828$ & $-0.0089502$ & $-0.0131392$ & $-0.0242016$ & $0.031186$ & $3.02165e-05$ & $-0.0555828$ & $0.192196$ & $0.479961$ \\
CLL_1221 & $-0.022901$ & $0.0419432$ & $0.0302748$ & $-0.0167002$ & $-0.016587$ & $-0.125085$ & $-0.0602795$ & $0.590109$ & $0.585687$ & $-0.366026$ & $-0.37395$ & $-0.278201$ & $0.233911$ & $-0.275556$ & $-0.552657$ & $-0.0791473$ & $-0.298135$ & $-0.0610676$ & $-0.407585$ & $0.302962$ & $0.458008$ & $0.456715$ & $0.214028$ & $-0.649967$ & $-0.25313$ & $-0.249171$ & $0.692525$ & $0.242947$ & $0.0321028$ & $0.0809867$ & $0.0336725$ & $-0.0410227$ & $0.0789909$ & $1$ & $-0.00715718$ & $0.0655111$ & $-0.00575557$ & $-0.0148445$ & $0.0334993$ & $-0.0332685$ & $-0.0753412$ & $-0.0436835$ & $-0.00828578$ & $0.0180116$ & $-0.00949713$ & $0.0210356$ & $-0.0152068$ & $0.0311383$ & $0.0532308$ \\
eHggint & $-0.0181774$ & $-0.0162491$ & $-0.000169163$ & $-0.0426647$ & $0.0669337$ & $-0.000661876$ & $-0.0222812$ & $-0.033528$ & $-0.0474593$ & $0.0783387$ & $0.0412612$ & $0.0558388$ & $0.00224203$ & $-0.0243722$ & $-0.0347144$ & $-0.0283266$ & $-0.0127811$ & $0.00611024$ & $0.0149676$ & $-0.0415132$ & $-0.036256$ & $-0.0226471$ & $-0.0146038$ & $0.00108296$ & $-0.00954123$ & $0.056623$ & $-0.0116052$ & $-0.0310078$ & $-0.0225096$ & $-0.0248924$ & $-0.0431988$ & $0.0470067$ & $-0.0637023$ & $-0.00715718$ & $1$ & $-0.0757459$ & $0.0517004$ & $-0.0353024$ & $0.0117838$ & $0.0294931$ & $0.00905534$ & $-0.0212957$ & $-0.0160818$ & $0.0480591$ & $-0.00257412$ & $0.0415099$ & $0.0336377$ & $-0.0595845$ & $0.0546734$ \\
eHggpar & $-0.0492951$ & $0.0350672$ & $-0.0199715$ & $-0.0185582$ & $-0.0369477$ & $-0.0387122$ & $-0.0181452$ & $0.0398272$ & $0.0233958$ & $0.0322747$ & $-0.0346382$ & $0.029285$ & $-0.0100314$ & $-0.02483$ & $-0.0190038$ & $0.0507868$ & $0.00459981$ & $0.00149677$ & $-0.0552755$ & $0.0329318$ & $0.0342832$ & $0.0378717$ & $0.0254737$ & $-0.0242537$ & $-0.0119351$ & $-0.0405927$ & $0.0203037$ & $0.0652282$ & $0.000339493$ & $-0.0451614$ & $-0.0391913$ & $0.0243755$ & $-0.0766833$ & $0.0655111$ & $-0.0757459$ & $1$ & $0.00265817$ & $0.0153666$ & $-0.01647$ & $-0.00745589$ & $-0.0703818$ & $0.00169147$ & $0.0350926$ & $-0.0580958$ & $0.00304288$ & $-0.0443399$ & $-0.00728733$ & $0.0417412$ & $0.00305379$ \\
eHWWint & $-0.0111417$ & $-0.0201509$ & $-0.0629543$ & $0.006756$ & $0.0841922$ & $-0.0806489$ & $-0.02697$ & $0.0058844$ & $0.000306771$ & $0.0103763$ & $-4.18793e-06$ & $-0.00744487$ & $0.0180668$ & $-0.0083926$ & $0.0016728$ & $-0.0474686$ & $-0.0145453$ & $-0.0158887$ & $0.0255566$ & $0.000807161$ & $0.0046059$ & $0.0017752$ & $0.0780441$ & $0.015718$ & $0.00144501$ & $-0.0413855$ & $0.0339147$ & $0.0956058$ & $-0.00860876$ & $-0.191629$ & $-0.169041$ & $-0.0740285$ & $-0.212084$ & $-0.00575557$ & $0.0517004$ & $0.00265817$ & $1$ & $-0.0055655$ & $-0.0201321$ & $0.0453419$ & $0.0314059$ & $0.044835$ & $0.0150353$ & $0.0444007$ & $-0.00502619$ & $0.00658387$ & $-0.0428386$ & $-0.0297672$ & $-0.0261049$ \\
eHWWpar & $-0.017592$ & $-0.00400296$ & $0.0216185$ & $0.0401816$ & $0.00385356$ & $-0.00812388$ & $0.0326083$ & $-0.00727363$ & $-0.0097571$ & $0.00358609$ & $-0.00686511$ & $0.0418555$ & $-0.0611189$ & $0.0303832$ & $0.0125028$ & $-0.0276363$ & $0.033242$ & $0.0179739$ & $0.0501184$ & $0.00413934$ & $0.00733577$ & $0.0218738$ & $0.00184497$ & $0.0118988$ & $0.0268714$ & $-0.0110016$ & $-0.0106511$ & $0.0510345$ & $-0.0356444$ & $-0.0517756$ & $-0.0177159$ & $0.0241984$ & $-0.0725845$ & $-0.0148445$ & $-0.0353024$ & $0.0153666$ & $-0.0055655$ & $1$ & $0.00571331$ & $-0.0193825$ & $-0.00533017$ & $0.0138018$ & $-0.0207913$ & $0.0580416$ & $0.0184444$ & $0.00846488$ & $-0.0070668$ & $-0.021087$ & $0.0053871$ \\
eHZZint & $0.00204889$ & $0.00647212$ & $0.0503339$ & $-0.113615$ & $0.0775217$ & $-0.0236686$ & $-0.0154061$ & $-0.00175281$ & $-0.00681107$ & $-0.0016238$ & $0.0166891$ & $0.0548322$ & $-0.0734434$ & $-0.00669483$ & $-0.0366069$ & $-0.0424322$ & $-0.0161576$ & $0.00415335$ & $0.00706093$ & $-0.0230923$ & $-0.0111203$ & $-0.00561531$ & $0.0460312$ & $-0.0148127$ & $0.0214551$ & $-0.0305556$ & $0.0564$ & $-0.0250026$ & $-0.0045653$ & $-0.0742242$ & $-0.0374638$ & $-0.0342553$ & $-0.0958112$ & $0.0334993$ & $0.0117838$ & $-0.01647$ & $-0.0201321$ & $0.00571331$ & $1$ & $-0.0903434$ & $0.00976088$ & $-0.021394$ & $-0.0641302$ & $0.0424411$ & $-0.00541983$ & $-0.0193023$ & $-0.0240384$ & $-0.0119581$ & $0.00139024$ \\
eHZZpar & $-0.105448$ & $-0.0182663$ & $-0.00392667$ & $0.0190331$ & $0.00034583$ & $0.0446896$ & $-0.00151477$ & $-0.0733752$ & $-0.0740119$ & $0.0560354$ & $0.0786489$ & $0.0351081$ & $-0.0111189$ & $-0.0253981$ & $-0.0424043$ & $-0.0347575$ & $-0.0113543$ & $0.0205831$ & $0.0220578$ & $-0.0793626$ & $-0.0770928$ & $-0.0755771$ & $0.013151$ & $0.0674874$ & $0.0274644$ & $0.0353682$ & $-0.00698071$ & $-0.00858198$ & $-0.0043971$ & $-0.00822858$ & $-0.0107763$ & $0.0085061$ & $-0.0155574$ & $-0.0332685$ & $0.0294931$ & $-0.00745589$ & $0.0453419$ & $-0.0193825$ & $-0.0903434$ & $1$ & $-0.0998815$ & $0.0442117$ & $-0.00134816$ & $0.0371587$ & $-0.0149341$ & $-0.0145102$ & $0.0167089$ & $0.00038882$ & $-0.063305$ \\
eHZgaint & $0.0230458$ & $-0.0246039$ & $-0.0238061$ & $0.00167863$ & $-0.0284106$ & $-0.0169924$ & $-0.0755252$ & $-0.0497159$ & $-0.0560428$ & $0.00691975$ & $0.0453037$ & $0.061702$ & $-0.0660941$ & $0.0114002$ & $0.0269173$ & $-0.0147733$ & $-0.00782675$ & $-0.00721657$ & $0.0241719$ & $-0.0434053$ & $-0.0520668$ & $-0.0450325$ & $-0.0300367$ & $0.0433819$ & $-0.0133268$ & $0.0438885$ & $-0.0631885$ & $-0.0102708$ & $-0.054206$ & $-0.0265897$ & $-0.0395759$ & $-0.0791756$ & $-0.00604828$ & $-0.0753412$ & $0.00905534$ & $-0.0703818$ & $0.0314059$ & $-0.00533017$ & $0.00976088$ & $-0.0998815$ & $1$ & $-0.0218991$ & $0.0457823$ & $0.0132595$ & $0.00332546$ & $0.00719868$ & $-0.0343896$ & $0.0485602$ & $0.0233362$ \\
eHZgapar & $-0.0805745$ & $-0.00205399$ & $-0.0130322$ & $-0.0724918$ & $-0.0189886$ & $-0.00326327$ & $0.00765068$ & $-0.0287962$ & $-0.0261793$ & $-0.0192139$ & $0.0298944$ & $0.0137329$ & $-0.0182627$ & $-0.0113104$ & $0.0187737$ & $-0.0210308$ & $-0.00372517$ & $-0.0123713$ & $0.0225681$ & $-0.0217141$ & $-0.0296472$ & $-0.0370712$ & $-0.0319529$ & $0.00882206$ & $0.0211972$ & $0.039979$ & $-0.0140438$ & $-0.0257376$ & $0.0109344$ & $0.0203625$ & $0.0176006$ & $0.00344771$ & $-0.0089502$ & $-0.0436835$ & $-0.0212957$ & $0.00169147$ & $0.044835$ & $0.0138018$ & $-0.021394$ & $0.0442117$ & $-0.0218991$ & $1$ & $0.00452367$ & $0.0119486$ & $0.0188922$ & $-0.0398819$ & $0.0181338$ & $-0.00813214$ & $-0.0156307$ \\
eHgagaint & $-0.0156009$ & $-0.0277822$ & $0.0171697$ & $0.0279307$ & $-0.0248996$ & $0.00653578$ & $-0.0159695$ & $-0.0343542$ & $0.0391994$ & $0.0310505$ & $0.0288365$ & $-0.0121557$ & $0.0114781$ & $-0.0164042$ & $-0.0130268$ & $-0.00846723$ & $0.0276507$ & $0.0219044$ & $0.0136424$ & $-0.0324543$ & $-0.0309968$ & $-0.0250839$ & $-0.0140011$ & $0.0275048$ & $0.036254$ & $0.0471981$ & $0.00565611$ & $0.0820894$ & $0.0150387$ & $0.00292647$ & $-0.0331264$ & $0.00262321$ & $-0.0131392$ & $-0.00828578$ & $-0.0160818$ & $0.0350926$ & $0.0150353$ & $-0.0207913$ & $-0.0641302$ & $-0.00134816$ & $0.0457823$ & $0.00452367$ & $1$ & $-0.114421$ & $-0.00193127$ & $-0.00525865$ & $-0.0223449$ & $-0.112244$ & $-0.0142107$ \\
eHmumuint & $0.0146359$ & $0.0321359$ & $0.00183353$ & $0.0120126$ & $0.0180393$ & $0.00433067$ & $-0.0282875$ & $0.0400081$ & $0.0356695$ & $-0.0179432$ & $-0.0282357$ & $-0.0418209$ & $0.0413237$ & $-0.0171581$ & $0.0317077$ & $0.00514742$ & $-0.0139936$ & $-0.0411623$ & $-0.0273116$ & $0.0299108$ & $0.0290472$ & $0.0334838$ & $0.0246279$ & $-0.0405979$ & $-0.0035243$ & $-0.0224822$ & $0.0461145$ & $-0.0308297$ & $0.0151666$ & $-0.0251412$ & $-0.0261113$ & $-0.0639616$ & $-0.0242016$ & $0.0180116$ & $0.0480591$ & $-0.0580958$ & $0.0444007$ & $0.0580416$ & $0.0424411$ & $0.0371587$ & $0.0132595$ & $0.0119486$ & $-0.114421$ & $1$ & $-0.0170572$ & $-0.0845329$ & $0.0324986$ & $0.00162523$ & $0.0183963$ \\
eHtautauint & $0.0524874$ & $-0.00239475$ & $-0.0216562$ & $0.0548723$ & $0.0758202$ & $-0.0269209$ & $0.0520807$ & $0.00920853$ & $0.0206486$ & $0.0248843$ & $0.00169524$ & $0.00637713$ & $0.00991726$ & $-0.0079133$ & $0.012723$ & $-0.0782778$ & $-0.0199433$ & $-0.0352527$ & $0.0365216$ & $-0.00807571$ & $0.00333834$ & $0.00267716$ & $-0.0200037$ & $-0.0240577$ & $-0.00230748$ & $0.0342884$ & $0.0441949$ & $0.0419972$ & $0.0540599$ & $0.10029$ & $0.0586077$ & $0.0399028$ & $0.031186$ & $-0.00949713$ & $-0.00257412$ & $0.00304288$ & $-0.00502619$ & $0.0184444$ & $-0.00541983$ & $-0.0149341$ & $0.00332546$ & $0.0188922$ & $-0.00193127$ & $-0.0170572$ & $1$ & $-0.0110008$ & $0.0844837$ & $0.0811222$ & $0.002453$ \\
eHccint & $-0.0594429$ & $0.0357789$ & $0.0540952$ & $-0.0675332$ & $-0.0270344$ & $-0.00377156$ & $-0.00353683$ & $-0.053495$ & $-0.0598441$ & $0.0114431$ & $0.0663661$ & $0.0325765$ & $-0.0241214$ & $-0.0317735$ & $-0.0751399$ & $-0.0101562$ & $-0.022206$ & $0.0340704$ & $-0.0111165$ & $-0.0652578$ & $-0.0635209$ & $-0.0564593$ & $-0.0574361$ & $-0.000740057$ & $-0.00494485$ & $0.0908461$ & $-0.0245303$ & $-0.0443284$ & $-0.0430295$ & $-0.0455536$ & $0.0689316$ & $0.0145386$ & $3.02165e-05$ & $0.0210356$ & $0.0415099$ & $-0.0443399$ & $0.00658387$ & $0.00846488$ & $-0.0193023$ & $-0.0145102$ & $0.00719868$ & $-0.0398819$ & $-0.00525865$ & $-0.0845329$ & $-0.0110008$ & $1$ & $-0.010075$ & $0.00306549$ & $-0.0340792$ \\
eHccpar & $-0.0210739$ & $0.0655001$ & $0.00413705$ & $0.015588$ & $0.0355589$ & $0.0292608$ & $-0.0331554$ & $-0.00587545$ & $-0.00874263$ & $0.00313324$ & $0.0145173$ & $0.00195024$ & $-0.00867665$ & $-0.0194358$ & $0.00970643$ & $-0.0804277$ & $-0.0169356$ & $-0.0320733$ & $0.0302076$ & $-0.0168514$ & $-0.0073112$ & $-0.0139167$ & $0.0642972$ & $-0.0348562$ & $0.0308354$ & $-0.0148428$ & $0.0631894$ & $-0.0579447$ & $0.0458324$ & $-0.0149358$ & $0.363058$ & $-0.0354832$ & $-0.0555828$ & $-0.0152068$ & $0.0336377$ & $-0.00728733$ & $-0.0428386$ & $-0.0070668$ & $-0.0240384$ & $0.0167089$ & $-0.0343896$ & $0.0181338$ & $-0.0223449$ & $0.0324986$ & $0.0844837$ & $-0.010075$ & $1$ & $-0.00463624$ & $-0.00936362$ \\
eHbbint & $-0.0135723$ & $-0.0270511$ & $-0.0543677$ & $-0.0574294$ & $-0.00895941$ & $-0.0276935$ & $-0.0158615$ & $0.0746103$ & $0.0681902$ & $-0.0697115$ & $-0.0603435$ & $-0.0323808$ & $0.0109144$ & $0.00781351$ & $0.0383136$ & $0.0236067$ & $-0.0313667$ & $-0.0473395$ & $-0.0381729$ & $0.0603783$ & $0.058808$ & $0.0519492$ & $-0.00639875$ & $-0.0606027$ & $-0.0631347$ & $-0.027559$ & $-0.00654187$ & $0.0214957$ & $-0.00989263$ & $-0.0248722$ & $0.0273061$ & $-0.0096845$ & $0.192196$ & $0.0311383$ & $-0.0595845$ & $0.0417412$ & $-0.0297672$ & $-0.021087$ & $-0.0119581$ & $0.00038882$ & $0.0485602$ & $-0.00813214$ & $-0.112244$ & $0.00162523$ & $0.0811222$ & $0.00306549$ & $-0.00463624$ & $1$ & $0.0586317$ \\
eHbbpar & $0.00364811$ & $-0.0203423$ & $0.0117805$ & $-0.0179003$ & $-0.0149332$ & $0.0110669$ & $-0.0497214$ & $0.0475955$ & $0.0403573$ & $-0.0605231$ & $-0.0492753$ & $-0.0220554$ & $-0.00901408$ & $0.00236824$ & $0.00126811$ & $-0.00772906$ & $0.0284313$ & $0.00453857$ & $0.00501946$ & $0.0467384$ & $0.0562269$ & $0.0534562$ & $0.0406845$ & $-0.014764$ & $0.0104223$ & $-0.059857$ & $0.0481608$ & $0.0510029$ & $-0.0652633$ & $-0.043463$ & $-0.0233727$ & $-0.0426101$ & $0.479961$ & $0.0532308$ & $0.0546734$ & $0.00305379$ & $-0.0261049$ & $0.0053871$ & $0.00139024$ & $-0.063305$ & $0.0233362$ & $-0.0156307$ & $-0.0142107$ & $0.0183963$ & $0.002453$ & $-0.0340792$ & $-0.00936362$ & $0.0586317$ & $1$ \\
