 & AlsMz & dAle5Mz & mtop & mHl & Mz & CW & CHG & CHWB & CHWHB_gaga & CHWHB_gagaorth & CHD & CHbox & CH & CHL1_11 & CHL1_22 & CHL1_33 & CHL3_11 & CHL3_22 & CHL3_33 & CHe_11 & CHe_22 & CHe_33 & CHQ1_11 & CHQ1_33 & CHQ3_11 & CHu_11 & CHd_11 & CHd_33 & CeH_22r & CeH_33r & CuH_22r & CuH_33r & CdH_33r & CLL_1221 & eHggint & eHggpar & eHWWint & eHWWpar & eHZZint & eHZZpar & eHZgaint & eHZgapar & eHgagaint & eHmumuint & eHtautauint & eHccint & eHccpar & eHbbint & eHbbpar \\
AlsMz & $1$ & $-0.0811467$ & $-0.0402666$ & $-0.0750116$ & $-0.000725087$ & $-0.00980451$ & $0.0195948$ & $-0.00589692$ & $-0.00646474$ & $0.00840653$ & $-0.00177777$ & $0.0043742$ & $-0.012048$ & $0.00474833$ & $-0.0262197$ & $-0.0171755$ & $0.00257438$ & $0.0189643$ & $0.0129205$ & $-0.01197$ & $-0.00571766$ & $-0.00740061$ & $-0.0188239$ & $-0.0520929$ & $-0.0943408$ & $-0.0162341$ & $-0.00959693$ & $0.00935528$ & $-0.00383479$ & $-0.0477223$ & $-0.0376153$ & $0.00508582$ & $0.0111421$ & $0.0114939$ & $-0.0196205$ & $0.072455$ & $0.205276$ & $0.00433346$ & $0.075425$ & $0.000435658$ & $-0.0450954$ & $0.00291231$ & $0.0105905$ & $0.064296$ & $0.0412338$ & $0.0723975$ & $-0.0496528$ & $-0.0368611$ & $0.140745$ \\
dAle5Mz & $-0.0811467$ & $1$ & $0.0603695$ & $-0.0505847$ & $-0.00784373$ & $0.00886737$ & $0.00569354$ & $-0.0669994$ & $-0.0637478$ & $0.0324343$ & $0.0468381$ & $0.0342135$ & $-0.00924293$ & $-0.0105608$ & $-0.000766484$ & $0.00323654$ & $0.0269703$ & $0.0156484$ & $0.0142529$ & $-0.0216942$ & $-0.024609$ & $-0.0210978$ & $-0.0176161$ & $0.0339115$ & $0.0230791$ & $0.0289904$ & $-0.0169955$ & $-0.0259199$ & $0.00113207$ & $0.0318861$ & $0.0406225$ & $0.00913681$ & $-0.00753618$ & $0.00696906$ & $-0.00978346$ & $-0.042901$ & $-0.106369$ & $-0.00434576$ & $-0.0288319$ & $0.00798318$ & $-0.0782596$ & $-0.0112978$ & $-0.00362147$ & $0.134464$ & $0.121677$ & $-0.0157101$ & $0.0527342$ & $0.0477503$ & $-0.0862899$ \\
mtop & $-0.0402666$ & $0.0603695$ & $1$ & $-0.0658204$ & $0.00785494$ & $-0.00333512$ & $0.00786134$ & $0.00328296$ & $0.0021854$ & $-0.00357434$ & $0.00517001$ & $-0.0035867$ & $0.00587575$ & $-0.00167332$ & $-0.00912643$ & $0.00772639$ & $-0.00231731$ & $0.00424418$ & $-0.00624523$ & $0.00536579$ & $0.0043328$ & $0.00630774$ & $-0.00116342$ & $0.00384797$ & $0.00215891$ & $-0.00224818$ & $0.00446357$ & $-0.00413952$ & $0.00305317$ & $0.0156083$ & $-0.00196419$ & $0.0166211$ & $0.0623318$ & $0.0142867$ & $0.0924752$ & $-0.0363674$ & $-0.0804482$ & $0.00272823$ & $-0.0470352$ & $-0.00275853$ & $-0.0127187$ & $0.00483051$ & $-0.0363205$ & $0.114001$ & $-0.00496042$ & $-0.00121292$ & $-0.0259341$ & $0.00686443$ & $0.11798$ \\
mHl & $-0.0750116$ & $-0.0505847$ & $-0.0658204$ & $1$ & $-0.0119621$ & $-0.00694075$ & $-0.012149$ & $0.0152107$ & $0.0141155$ & $-0.0127362$ & $-0.0161392$ & $-0.0148545$ & $0.00363497$ & $0.01117$ & $0.0245964$ & $0.0123128$ & $-0.000582306$ & $-0.0134978$ & $-0.00445813$ & $0.0154784$ & $0.012841$ & $0.0129178$ & $-0.0204162$ & $-0.00463501$ & $-0.00803309$ & $0.00496662$ & $-0.0185654$ & $-0.00747436$ & $-0.00815169$ & $0.0111992$ & $-0.00693533$ & $-0.0111212$ & $-0.0148183$ & $-0.0117441$ & $0.00716855$ & $-0.0718284$ & $-0.0594122$ & $0.00839361$ & $0.0285465$ & $-0.0210004$ & $0.0278806$ & $-0.00110831$ & $-0.00713675$ & $0.0891611$ & $-0.0799522$ & $-0.0609215$ & $-0.0503001$ & $-0.0399551$ & $-0.0491662$ \\
Mz & $-0.000725087$ & $-0.00784373$ & $0.00785494$ & $-0.0119621$ & $1$ & $-0.0118961$ & $-0.000506483$ & $-0.00350813$ & $-0.0025967$ & $0.00358714$ & $0.0092482$ & $-0.00615711$ & $-0.00236408$ & $0.010648$ & $0.00178365$ & $-0.000374083$ & $0.00937669$ & $0.00628614$ & $0.00752861$ & $-0.00072841$ & $0.000796951$ & $0.00301929$ & $-0.00115369$ & $0.00808189$ & $0.00976249$ & $0.00166962$ & $0.00473773$ & $-0.000972421$ & $-0.00920486$ & $-0.00903087$ & $0.00459881$ & $-0.00358168$ & $-0.00897279$ & $-0.00464763$ & $0.00797421$ & $0.0103716$ & $0.0161579$ & $-0.00756403$ & $0.00447204$ & $-0.0018675$ & $0.000716874$ & $0.0182587$ & $-0.00483482$ & $-0.00888744$ & $0.00102705$ & $0.00953035$ & $-0.00534204$ & $9.29968e-05$ & $-0.0039151$ \\
CW & $-0.00980451$ & $0.00886737$ & $-0.00333512$ & $-0.00694075$ & $-0.0118961$ & $1$ & $-0.00290031$ & $-0.132393$ & $-0.128494$ & $0.0185545$ & $0.191308$ & $0.0447655$ & $-0.00110175$ & $0.0179046$ & $-0.0817555$ & $-0.0831399$ & $-0.254558$ & $-0.0455216$ & $-0.0413508$ & $-0.189143$ & $-0.194046$ & $-0.18682$ & $-0.0138217$ & $0.00419411$ & $-0.0860387$ & $0.116961$ & $-0.0845194$ & $-0.0751954$ & $0.0008335$ & $0.00196449$ & $0.00566523$ & $-0.00174753$ & $-0.00566343$ & $-0.123497$ & $-0.0152679$ & $-0.000536762$ & $0.000423238$ & $0.00576546$ & $-0.00609065$ & $0.00684031$ & $0.00339607$ & $0.00223071$ & $0.0048096$ & $-0.00383261$ & $-0.00355999$ & $0.00337021$ & $0.0120878$ & $0.00500752$ & $-0.0157864$ \\
CHG & $0.0195948$ & $0.00569354$ & $0.00786134$ & $-0.012149$ & $-0.000506483$ & $-0.00290031$ & $1$ & $-0.1142$ & $-0.0642358$ & $0.0887116$ & $0.0591281$ & $0.170018$ & $-0.317917$ & $0.070106$ & $-0.0207452$ & $-0.0177887$ & $0.110998$ & $0.117258$ & $0.11445$ & $-0.0570335$ & $-0.0633536$ & $-0.0633279$ & $-0.0139243$ & $0.125123$ & $0.112903$ & $0.0322275$ & $-0.049455$ & $-0.0235863$ & $0.0114577$ & $-0.142276$ & $-0.0738109$ & $0.930605$ & $-0.161588$ & $-0.0724513$ & $-0.0517915$ & $-0.0141018$ & $0.0268777$ & $-0.000100583$ & $-0.00427735$ & $-0.00374688$ & $-0.00198147$ & $-0.00753715$ & $-0.00842904$ & $0.0223207$ & $-0.00163816$ & $0.0126088$ & $0.0103569$ & $-0.00918884$ & $0.0181727$ \\
CHWB & $-0.00589692$ & $-0.0669994$ & $0.00328296$ & $0.0152107$ & $-0.00350813$ & $-0.132393$ & $-0.1142$ & $1$ & $0.983824$ & $-0.576094$ & $-0.877642$ & $-0.420306$ & $0.342166$ & $0.0847542$ & $0.293982$ & $0.285677$ & $-0.24537$ & $-0.440072$ & $-0.435599$ & $0.847939$ & $0.895264$ & $0.878852$ & $0.0689478$ & $-0.680162$ & $-0.406859$ & $-0.512263$ & $0.425097$ & $0.300796$ & $0.0174835$ & $0.107635$ & $0.0591486$ & $-0.105541$ & $0.117988$ & $0.567269$ & $-0.0145076$ & $0.00459223$ & $0.00299274$ & $0.000831914$ & $-0.00619374$ & $-0.00328972$ & $0.0168871$ & $-0.00205001$ & $0.00621707$ & $-0.0105155$ & $-0.006645$ & $0.00290658$ & $0.010757$ & $0.00994378$ & $0.000136677$ \\
CHWHB_gaga & $-0.00646474$ & $-0.0637478$ & $0.0021854$ & $0.0141155$ & $-0.0025967$ & $-0.128494$ & $-0.0642358$ & $0.983824$ & $1$ & $-0.565846$ & $-0.86003$ & $-0.39649$ & $0.336342$ & $0.0768551$ & $0.287746$ & $0.28074$ & $-0.248751$ & $-0.438225$ & $-0.434411$ & $0.83106$ & $0.877478$ & $0.862029$ & $0.0665195$ & $-0.672984$ & $-0.405815$ & $-0.501315$ & $0.418207$ & $0.295188$ & $0.0239459$ & $0.129411$ & $0.0688729$ & $-0.0642994$ & $0.146683$ & $0.559066$ & $-0.0297519$ & $-0.00948445$ & $-0.00710242$ & $0.000592387$ & $-0.00562683$ & $-0.00389271$ & $0.0207086$ & $-0.000843919$ & $0.0768734$ & $-0.002182$ & $-0.015369$ & $0.000536802$ & $0.00609918$ & $0.00653443$ & $0.014245$ \\
CHWHB_gagaorth & $0.00840653$ & $0.0324343$ & $-0.00357434$ & $-0.0127362$ & $0.00358714$ & $0.0185545$ & $0.0887116$ & $-0.576094$ & $-0.565846$ & $1$ & $0.359782$ & $0.66209$ & $-0.251022$ & $0.237125$ & $-0.117192$ & $-0.123183$ & $0.433367$ & $0.487269$ & $0.491927$ & $-0.344688$ & $-0.376968$ & $-0.372497$ & $-0.054754$ & $0.561388$ & $0.474879$ & $0.21828$ & $-0.246169$ & $-0.118728$ & $-0.00706966$ & $-0.138941$ & $-0.0715662$ & $0.102704$ & $-0.145939$ & $-0.362387$ & $0.0460697$ & $0.0137955$ & $0.00795505$ & $-0.000494362$ & $-0.00636388$ & $0.000759184$ & $-0.0659117$ & $-0.0024044$ & $-0.0161212$ & $0.00985437$ & $0.00708299$ & $-0.00272167$ & $0.0003712$ & $0.00226257$ & $0.00156787$ \\
CHD & $-0.00177777$ & $0.0468381$ & $0.00517001$ & $-0.0161392$ & $0.0092482$ & $0.191308$ & $0.0591281$ & $-0.877642$ & $-0.86003$ & $0.359782$ & $1$ & $0.34689$ & $-0.166296$ & $-0.505188$ & $-0.420023$ & $-0.4066$ & $-0.214454$ & $0.0707039$ & $0.0647925$ & $-0.99019$ & $-0.991093$ & $-0.970191$ & $-0.0102041$ & $0.315014$ & $0.024001$ & $0.56673$ & $-0.292067$ & $-0.336655$ & $-0.00209632$ & $-0.0570566$ & $-0.0354482$ & $0.0637381$ & $-0.063325$ & $-0.368135$ & $0.0230698$ & $-0.0039395$ & $-0.00438274$ & $-0.00410785$ & $0.0163697$ & $0.00547372$ & $0.00436405$ & $0.00155258$ & $0.00496692$ & $0.00158739$ & $-0.00308248$ & $0.00482425$ & $-0.0107829$ & $-0.00704024$ & $-0.000394318$ \\
CHbox & $0.0043742$ & $0.0342135$ & $-0.0035867$ & $-0.0148545$ & $-0.00615711$ & $0.0447655$ & $0.170018$ & $-0.420306$ & $-0.39649$ & $0.66209$ & $0.34689$ & $1$ & $-0.549613$ & $-0.000281263$ & $-0.0730325$ & $-0.0733127$ & $0.138203$ & $0.193054$ & $0.195157$ & $-0.325943$ & $-0.360766$ & $-0.353322$ & $-0.0403706$ & $0.320909$ & $0.187375$ & $0.202846$ & $-0.215827$ & $-0.116031$ & $0.00692831$ & $0.0125609$ & $-0.0258253$ & $0.211089$ & $0.00677939$ & $-0.280334$ & $0.0534661$ & $0.0356007$ & $0.00652562$ & $0.000296767$ & $-0.0155001$ & $0.00190097$ & $-0.0442466$ & $-0.00113646$ & $-0.0212866$ & $0.0112607$ & $0.00266828$ & $0.00405838$ & $0.00087439$ & $0.00655549$ & $0.00444362$ \\
CH & $-0.012048$ & $-0.00924293$ & $0.00587575$ & $0.00363497$ & $-0.00236408$ & $-0.00110175$ & $-0.317917$ & $0.342166$ & $0.336342$ & $-0.251022$ & $-0.166296$ & $-0.549613$ & $1$ & $-0.23955$ & $0.0702273$ & $0.064526$ & $-0.353145$ & $-0.377129$ & $-0.371771$ & $0.161903$ & $0.177418$ & $0.176185$ & $0.0315869$ & $-0.385425$ & $-0.364716$ & $-0.0993193$ & $0.137824$ & $0.0593843$ & $0.0471891$ & $0.268128$ & $0.104168$ & $-0.261991$ & $0.320245$ & $0.212864$ & $0.0443206$ & $0.00567147$ & $-0.00798583$ & $-0.00324454$ & $0.0110436$ & $-0.000259283$ & $0.00919491$ & $-0.00700461$ & $0.00703033$ & $-0.0105934$ & $0.000497943$ & $0.00328131$ & $0.00210175$ & $0.00684506$ & $-0.00393248$ \\
CHL1_11 & $0.00474833$ & $-0.0105608$ & $-0.00167332$ & $0.01117$ & $0.010648$ & $0.0179046$ & $0.070106$ & $0.0847542$ & $0.0768551$ & $0.237125$ & $-0.505188$ & $-0.000281263$ & $-0.23955$ & $1$ & $0.272395$ & $0.257855$ & $0.669296$ & $0.601876$ & $0.608145$ & $0.524154$ & $0.465049$ & $0.450861$ & $-0.0857498$ & $0.472293$ & $0.601843$ & $-0.264281$ & $-0.105196$ & $0.158663$ & $-0.0231566$ & $-0.0634669$ & $-0.0236867$ & $0.04671$ & $-0.0669746$ & $-0.222262$ & $-0.0268115$ & $-0.00209368$ & $0.00583057$ & $0.00352253$ & $-0.0216954$ & $-0.00520477$ & $-0.0320086$ & $0.00272053$ & $-0.0195872$ & $0.0072524$ & $0.0155084$ & $-0.0166423$ & $0.0110463$ & $0.000164962$ & $0.00284636$ \\
CHL1_22 & $-0.0262197$ & $-0.000766484$ & $-0.00912643$ & $0.0245964$ & $0.00178365$ & $-0.0817555$ & $-0.0207452$ & $0.293982$ & $0.287746$ & $-0.117192$ & $-0.420023$ & $-0.0730325$ & $0.0702273$ & $0.272395$ & $1$ & $0.447448$ & $0.167604$ & $-0.443854$ & $-0.0285963$ & $0.486255$ & $0.336377$ & $0.327856$ & $-0.181312$ & $0.105971$ & $-0.130523$ & $-0.195133$ & $-0.400208$ & $0.11253$ & $-0.00416549$ & $0.0237884$ & $0.0149269$ & $-0.0157682$ & $0.032445$ & $-0.590789$ & $0.0127136$ & $-0.00596281$ & $-0.00685903$ & $0.00575612$ & $-0.0157897$ & $-0.00126811$ & $-0.00560658$ & $-0.000310539$ & $-0.00160581$ & $-0.00101049$ & $-0.00437405$ & $0.00488272$ & $0.000338832$ & $-0.00765465$ & $0.00522376$ \\
CHL1_33 & $-0.0171755$ & $0.00323654$ & $0.00772639$ & $0.0123128$ & $-0.000374083$ & $-0.0831399$ & $-0.0177887$ & $0.285677$ & $0.28074$ & $-0.123183$ & $-0.4066$ & $-0.0733127$ & $0.064526$ & $0.257855$ & $0.447448$ & $1$ & $0.159513$ & $-0.0313422$ & $-0.431213$ & $0.472462$ & $0.325769$ & $0.344227$ & $-0.168698$ & $0.103017$ & $-0.128189$ & $-0.190645$ & $-0.387676$ & $0.109764$ & $-0.0073977$ & $0.025592$ & $0.0210322$ & $-0.0164906$ & $0.0212049$ & $-0.105509$ & $0.0103618$ & $0.0094178$ & $0.0012224$ & $0.00690347$ & $-0.0143077$ & $-0.00433896$ & $-0.0134005$ & $-0.00334618$ & $-0.00671002$ & $-0.00416616$ & $0.00435698$ & $-0.00602633$ & $0.00328187$ & $-0.00167087$ & $-0.00812518$ \\
CHL3_11 & $0.00257438$ & $0.0269703$ & $-0.00231731$ & $-0.000582306$ & $0.00937669$ & $-0.254558$ & $0.110998$ & $-0.24537$ & $-0.248751$ & $0.433367$ & $-0.214454$ & $0.138203$ & $-0.353145$ & $0.669296$ & $0.167604$ & $0.159513$ & $1$ & $0.738505$ & $0.739995$ & $0.238746$ & $0.181225$ & $0.171789$ & $-0.0778637$ & $0.67868$ & $0.781139$ & $-0.102772$ & $-0.161346$ & $0.0720561$ & $-0.032051$ & $-0.105853$ & $-0.0524747$ & $0.0838284$ & $-0.113408$ & $-0.258909$ & $-0.0125477$ & $-0.000419939$ & $-3.68716e-05$ & $0.00702938$ & $-0.0182323$ & $-0.00482522$ & $-0.0378897$ & $0.00164024$ & $-0.0233004$ & $0.0170444$ & $0.0140485$ & $-0.016432$ & $-0.00704779$ & $-0.00733431$ & $0.00168416$ \\
CHL3_22 & $0.0189643$ & $0.0156484$ & $0.00424418$ & $-0.0134978$ & $0.00628614$ & $-0.0455216$ & $0.117258$ & $-0.440072$ & $-0.438225$ & $0.487269$ & $0.0707039$ & $0.193054$ & $-0.377129$ & $0.601876$ & $-0.443854$ & $-0.0313422$ & $0.738505$ & $1$ & $0.682417$ & $-0.0722665$ & $-0.0661675$ & $-0.0660525$ & $0.00491885$ & $0.624897$ & $0.797$ & $0.03968$ & $-0.00585241$ & $-0.0148232$ & $-0.0263009$ & $-0.11099$ & $-0.0552433$ & $0.0896387$ & $-0.124277$ & $0.0229551$ & $-0.0216764$ & $0.00395666$ & $0.00647761$ & $0.00212408$ & $-0.00896864$ & $-0.00372579$ & $-0.0334562$ & $0.00194662$ & $-0.0204555$ & $0.0129822$ & $0.0173376$ & $-0.0199309$ & $-0.00089274$ & $-0.000390822$ & $-0.00206415$ \\
CHL3_33 & $0.0129205$ & $0.0142529$ & $-0.00624523$ & $-0.00445813$ & $0.00752861$ & $-0.0413508$ & $0.11445$ & $-0.435599$ & $-0.434411$ & $0.491927$ & $0.0647925$ & $0.195157$ & $-0.371771$ & $0.608145$ & $-0.0285963$ & $-0.431213$ & $0.739995$ & $0.682417$ & $1$ & $-0.0662673$ & $-0.0606514$ & $-0.0602535$ & $-0.000525751$ & $0.624287$ & $0.797205$ & $0.0372041$ & $-0.00871293$ & $-0.0133225$ & $-0.0248617$ & $-0.111332$ & $-0.0600574$ & $0.09013$ & $-0.114655$ & $-0.346744$ & $-0.0175357$ & $-0.0089713$ & $0.000346908$ & $-0.00107438$ & $-0.00939725$ & $-0.00177396$ & $-0.0291487$ & $0.00196077$ & $-0.0165738$ & $0.0167739$ & $0.0115093$ & $-0.0108739$ & $-0.00248418$ & $-0.00623462$ & $0.00812552$ \\
CHe_11 & $-0.01197$ & $-0.0216942$ & $0.00536579$ & $0.0154784$ & $-0.00072841$ & $-0.189143$ & $-0.0570335$ & $0.847939$ & $0.83106$ & $-0.344688$ & $-0.99019$ & $-0.325943$ & $0.161903$ & $0.524154$ & $0.486255$ & $0.472462$ & $0.238746$ & $-0.0722665$ & $-0.0662673$ & $1$ & $0.972441$ & $0.952652$ & $-0.0153613$ & $-0.259473$ & $-0.0155724$ & $-0.555741$ & $0.216725$ & $0.329541$ & $0.00186035$ & $0.0578889$ & $0.0361071$ & $-0.0605221$ & $0.0628444$ & $0.28851$ & $-0.0193368$ & $0.00264684$ & $-0.000978173$ & $0.00509645$ & $-0.0195019$ & $-0.00543238$ & $-0.00828892$ & $-0.0024729$ & $-0.00611527$ & $0.00216098$ & $0.00567266$ & $-0.00540662$ & $0.0119364$ & $0.00748173$ & $-0.00165834$ \\
CHe_22 & $-0.00571766$ & $-0.024609$ & $0.0043328$ & $0.012841$ & $0.000796951$ & $-0.194046$ & $-0.0633536$ & $0.895264$ & $0.877478$ & $-0.376968$ & $-0.991093$ & $-0.360766$ & $0.177418$ & $0.465049$ & $0.336377$ & $0.325769$ & $0.181225$ & $-0.0661675$ & $-0.0606514$ & $0.972441$ & $1$ & $0.975367$ & $0.0387114$ & $-0.37001$ & $-0.0297371$ & $-0.569088$ & $0.373157$ & $0.338448$ & $0.00394049$ & $0.0611528$ & $0.0377058$ & $-0.0675047$ & $0.0670838$ & $0.454338$ & $-0.0239832$ & $0.00261347$ & $-0.000443964$ & $0.00340956$ & $-0.0162049$ & $-0.0054642$ & $-0.00350478$ & $-0.00203508$ & $-0.00515019$ & $0.00255807$ & $0.00509938$ & $-0.00493$ & $0.0125349$ & $0.0102556$ & $-0.00125866$ \\
CHe_33 & $-0.00740061$ & $-0.0210978$ & $0.00630774$ & $0.0129178$ & $0.00301929$ & $-0.18682$ & $-0.0633279$ & $0.878852$ & $0.862029$ & $-0.372497$ & $-0.970191$ & $-0.353322$ & $0.176185$ & $0.450861$ & $0.327856$ & $0.344227$ & $0.171789$ & $-0.0660525$ & $-0.0602535$ & $0.952652$ & $0.975367$ & $1$ & $0.0394308$ & $-0.365764$ & $-0.0308521$ & $-0.556837$ & $0.367756$ & $0.330337$ & $0.00429175$ & $0.0606699$ & $0.0352149$ & $-0.0675509$ & $0.0661314$ & $0.450186$ & $-0.022931$ & $0.00218016$ & $0.000835957$ & $0.00119764$ & $-0.0143626$ & $-0.0057711$ & $-0.00494611$ & $-0.00423618$ & $-0.0041946$ & $0.00209964$ & $0.00509791$ & $-0.0048956$ & $0.0148871$ & $0.00802865$ & $-0.000201162$ \\
CHQ1_11 & $-0.0188239$ & $-0.0176161$ & $-0.00116342$ & $-0.0204162$ & $-0.00115369$ & $-0.0138217$ & $-0.0139243$ & $0.0689478$ & $0.0665195$ & $-0.054754$ & $-0.0102041$ & $-0.0403706$ & $0.0315869$ & $-0.0857498$ & $-0.181312$ & $-0.168698$ & $-0.0778637$ & $0.00491885$ & $-0.000525751$ & $-0.0153613$ & $0.0387114$ & $0.0394308$ & $1$ & $-0.139043$ & $0.0805663$ & $-0.675522$ & $0.353959$ & $0.023735$ & $0.00467257$ & $0.00570518$ & $0.0129412$ & $-0.0146512$ & $0.0152143$ & $0.209032$ & $-0.0078558$ & $0.000452209$ & $0.00137072$ & $0.00133167$ & $-0.0135561$ & $-0.00161656$ & $0.0166479$ & $-0.00915871$ & $-0.00598933$ & $0.00107408$ & $-0.00206817$ & $0.00484291$ & $0.00403866$ & $0.0151259$ & $0.00223973$ \\
CHQ1_33 & $-0.0520929$ & $0.0339115$ & $0.00384797$ & $-0.00463501$ & $0.00808189$ & $0.00419411$ & $0.125123$ & $-0.680162$ & $-0.672984$ & $0.561388$ & $0.315014$ & $0.320909$ & $-0.385425$ & $0.472293$ & $0.105971$ & $0.103017$ & $0.67868$ & $0.624897$ & $0.624287$ & $-0.259473$ & $-0.37001$ & $-0.365764$ & $-0.139043$ & $1$ & $0.645558$ & $0.211397$ & $-0.425473$ & $-0.0208404$ & $-0.0274829$ & $-0.110264$ & $-0.0518305$ & $0.108777$ & $-0.121003$ & $-0.635594$ & $0.00658712$ & $-0.00457672$ & $-0.0114298$ & $0.00381226$ & $-0.0122097$ & $0.00100524$ & $-0.0301982$ & $0.00190167$ & $-0.0195208$ & $0.00635792$ & $0.00729014$ & $-0.0135213$ & $-0.00183706$ & $-0.0113887$ & $-0.000349592$ \\
CHQ3_11 & $-0.0943408$ & $0.0230791$ & $0.00215891$ & $-0.00803309$ & $0.00976249$ & $-0.0860387$ & $0.112903$ & $-0.406859$ & $-0.405815$ & $0.474879$ & $0.024001$ & $0.187375$ & $-0.364716$ & $0.601843$ & $-0.130523$ & $-0.128189$ & $0.781139$ & $0.797$ & $0.797205$ & $-0.0155724$ & $-0.0297371$ & $-0.0308521$ & $0.0805663$ & $0.645558$ & $1$ & $0.0179586$ & $0.199997$ & $-0.000282226$ & $-0.0277253$ & $-0.106718$ & $-0.0515419$ & $0.0884277$ & $-0.115629$ & $-0.206481$ & $-0.0164887$ & $-0.00637529$ & $-0.0144897$ & $-0.00103724$ & $-0.0206807$ & $0.00195823$ & $-0.0217888$ & $0.0051981$ & $-0.0216239$ & $0.0113123$ & $0.00956034$ & $-0.0213633$ & $-0.000813514$ & $0.00179173$ & $-0.0127358$ \\
CHu_11 & $-0.0162341$ & $0.0289904$ & $-0.00224818$ & $0.00496662$ & $0.00166962$ & $0.116961$ & $0.0322275$ & $-0.512263$ & $-0.501315$ & $0.21828$ & $0.56673$ & $0.202846$ & $-0.0993193$ & $-0.264281$ & $-0.195133$ & $-0.190645$ & $-0.102772$ & $0.03968$ & $0.0372041$ & $-0.555741$ & $-0.569088$ & $-0.556837$ & $-0.675522$ & $0.211397$ & $0.0179586$ & $1$ & $-0.186158$ & $-0.200226$ & $-0.0017036$ & $-0.0346178$ & $-0.024569$ & $0.0348469$ & $-0.0435351$ & $-0.257853$ & $0.0177253$ & $-0.00220367$ & $-0.0145297$ & $-0.00487241$ & $0.0240934$ & $0.0124965$ & $-0.00488737$ & $0.0106607$ & $0.0112788$ & $-0.00476596$ & $0.00171725$ & $-0.00209828$ & $0.00194229$ & $-0.0134243$ & $-0.00648974$ \\
CHd_11 & $-0.00959693$ & $-0.0169955$ & $0.00446357$ & $-0.0185654$ & $0.00473773$ & $-0.0845194$ & $-0.049455$ & $0.425097$ & $0.418207$ & $-0.246169$ & $-0.292067$ & $-0.215827$ & $0.137824$ & $-0.105196$ & $-0.400208$ & $-0.387676$ & $-0.161346$ & $-0.00585241$ & $-0.00871293$ & $0.216725$ & $0.373157$ & $0.367756$ & $0.353959$ & $-0.425473$ & $0.199997$ & $-0.186158$ & $1$ & $0.119707$ & $0.0104272$ & $0.0389594$ & $0.0229741$ & $-0.04956$ & $0.048352$ & $0.688233$ & $-0.0216517$ & $0.00426111$ & $0.000506937$ & $-0.00896861$ & $0.00412123$ & $0.00857261$ & $0.0197931$ & $0.00400966$ & $0.00272338$ & $0.00266684$ & $0.00108891$ & $-0.000553676$ & $0.00723693$ & $0.0132032$ & $-0.00402737$ \\
CHd_33 & $0.00935528$ & $-0.0259199$ & $-0.00413952$ & $-0.00747436$ & $-0.000972421$ & $-0.0751954$ & $-0.0235863$ & $0.300796$ & $0.295188$ & $-0.118728$ & $-0.336655$ & $-0.116031$ & $0.0593843$ & $0.158663$ & $0.11253$ & $0.109764$ & $0.0720561$ & $-0.0148232$ & $-0.0133225$ & $0.329541$ & $0.338448$ & $0.330337$ & $0.023735$ & $-0.0208404$ & $-0.000282226$ & $-0.200226$ & $0.119707$ & $1$ & $0.00914055$ & $0.0251924$ & $0.0193462$ & $-0.0240144$ & $0.0295647$ & $0.15477$ & $-0.00500559$ & $0.000859196$ & $0.00272219$ & $0.00681084$ & $-0.017642$ & $-0.00780588$ & $0.0101507$ & $-0.00540072$ & $-0.00108582$ & $-0.00287228$ & $-0.00556963$ & $0.0150604$ & $-0.00115907$ & $0.00768547$ & $0.00748417$ \\
CeH_22r & $-0.00383479$ & $0.00113207$ & $0.00305317$ & $-0.00815169$ & $-0.00920486$ & $0.0008335$ & $0.0114577$ & $0.0174835$ & $0.0239459$ & $-0.00706966$ & $-0.00209632$ & $0.00692831$ & $0.0471891$ & $-0.0231566$ & $-0.00416549$ & $-0.0073977$ & $-0.032051$ & $-0.0263009$ & $-0.0248617$ & $0.00186035$ & $0.00394049$ & $0.00429175$ & $0.00467257$ & $-0.0274829$ & $-0.0277253$ & $-0.0017036$ & $0.0104272$ & $0.00914055$ & $1$ & $0.0426807$ & $0.0070571$ & $-0.00548768$ & $0.0496136$ & $0.0156898$ & $-0.0232568$ & $-0.0174398$ & $-0.0192947$ & $-0.00617816$ & $0.00414354$ & $0.00534948$ & $-0.00954723$ & $0.0056665$ & $0.00293184$ & $0.0143446$ & $0.000462588$ & $0.00771134$ & $-0.00983543$ & $0.00367641$ & $0.00765304$ \\
CeH_33r & $-0.0477223$ & $0.0318861$ & $0.0156083$ & $0.0111992$ & $-0.00903087$ & $0.00196449$ & $-0.142276$ & $0.107635$ & $0.129411$ & $-0.138941$ & $-0.0570566$ & $0.0125609$ & $0.268128$ & $-0.0634669$ & $0.0237884$ & $0.025592$ & $-0.105853$ & $-0.11099$ & $-0.111332$ & $0.0578889$ & $0.0611528$ & $0.0606699$ & $0.00570518$ & $-0.110264$ & $-0.106718$ & $-0.0346178$ & $0.0389594$ & $0.0251924$ & $0.0426807$ & $1$ & $0.295425$ & $0.0109246$ & $0.646818$ & $0.0653923$ & $-0.0649572$ & $-0.0425473$ & $-0.189447$ & $-0.0201955$ & $-0.0278399$ & $-0.00015486$ & $0.00116974$ & $0.00292679$ & $-0.0205178$ & $0.00807229$ & $0.0601016$ & $-0.00790965$ & $-0.0367583$ & $0.0152568$ & $-0.017835$ \\
CuH_22r & $-0.0376153$ & $0.0406225$ & $-0.00196419$ & $-0.00693533$ & $0.00459881$ & $0.00566523$ & $-0.0738109$ & $0.0591486$ & $0.0688729$ & $-0.0715662$ & $-0.0354482$ & $-0.0258253$ & $0.104168$ & $-0.0236867$ & $0.0149269$ & $0.0210322$ & $-0.0524747$ & $-0.0552433$ & $-0.0600574$ & $0.0361071$ & $0.0377058$ & $0.0352149$ & $0.0129412$ & $-0.0518305$ & $-0.0515419$ & $-0.024569$ & $0.0229741$ & $0.0193462$ & $0.0070571$ & $0.295425$ & $1$ & $0.0157789$ & $0.337424$ & $0.0344181$ & $-0.0118071$ & $0.00534375$ & $-0.0526628$ & $-0.0139219$ & $0.0467178$ & $0.000539432$ & $-0.0663756$ & $0.00160607$ & $-0.0131264$ & $0.0493817$ & $-0.00420448$ & $0.0672364$ & $0.358505$ & $0.0253301$ & $0.0134498$ \\
CuH_33r & $0.00508582$ & $0.00913681$ & $0.0166211$ & $-0.0111212$ & $-0.00358168$ & $-0.00174753$ & $0.930605$ & $-0.105541$ & $-0.0642994$ & $0.102704$ & $0.0637381$ & $0.211089$ & $-0.261991$ & $0.04671$ & $-0.0157682$ & $-0.0164906$ & $0.0838284$ & $0.0896387$ & $0.09013$ & $-0.0605221$ & $-0.0675047$ & $-0.0675509$ & $-0.0146512$ & $0.108777$ & $0.0884277$ & $0.0348469$ & $-0.04956$ & $-0.0240144$ & $-0.00548768$ & $0.0109246$ & $0.0157789$ & $1$ & $0.0224775$ & $-0.0702451$ & $0.0216914$ & $0.0239044$ & $-0.00358016$ & $-0.00493733$ & $0.00825545$ & $-0.00284266$ & $0.00168911$ & $-0.00672097$ & $-0.00411959$ & $0.0157882$ & $-0.00172895$ & $0.00920743$ & $0.0124308$ & $-0.00547421$ & $0.0214399$ \\
CdH_33r & $0.0111421$ & $-0.00753618$ & $0.0623318$ & $-0.0148183$ & $-0.00897279$ & $-0.00566343$ & $-0.161588$ & $0.117988$ & $0.146683$ & $-0.145939$ & $-0.063325$ & $0.00677939$ & $0.320245$ & $-0.0669746$ & $0.032445$ & $0.0212049$ & $-0.113408$ & $-0.124277$ & $-0.114655$ & $0.0628444$ & $0.0670838$ & $0.0661314$ & $0.0152143$ & $-0.121003$ & $-0.115629$ & $-0.0435351$ & $0.048352$ & $0.0295647$ & $0.0496136$ & $0.646818$ & $0.337424$ & $0.0224775$ & $1$ & $0.0637672$ & $-0.052753$ & $-0.0203116$ & $-0.166996$ & $-0.0199312$ & $0.00335308$ & $-0.00346489$ & $0.101366$ & $-0.00456871$ & $0.0655986$ & $0.00634467$ & $0.0113594$ & $0.0269261$ & $-0.0146978$ & $0.153185$ & $0.444037$ \\
CLL_1221 & $0.0114939$ & $0.00696906$ & $0.0142867$ & $-0.0117441$ & $-0.00464763$ & $-0.123497$ & $-0.0724513$ & $0.567269$ & $0.559066$ & $-0.362387$ & $-0.368135$ & $-0.280334$ & $0.212864$ & $-0.222262$ & $-0.590789$ & $-0.105509$ & $-0.258909$ & $0.0229551$ & $-0.346744$ & $0.28851$ & $0.454338$ & $0.450186$ & $0.209032$ & $-0.635594$ & $-0.206481$ & $-0.257853$ & $0.688233$ & $0.15477$ & $0.0156898$ & $0.0653923$ & $0.0344181$ & $-0.0702451$ & $0.0637672$ & $1$ & $-0.0206196$ & $0.00811155$ & $0.00146395$ & $-0.00362712$ & $0.00649091$ & $-0.00168596$ & $0.0139774$ & $-0.00174973$ & $0.00518087$ & $-0.000130398$ & $0.00402842$ & $-0.0043737$ & $0.00762987$ & $0.0162711$ & $-0.0100571$ \\
eHggint & $-0.0196205$ & $-0.00978346$ & $0.0924752$ & $0.00716855$ & $0.00797421$ & $-0.0152679$ & $-0.0517915$ & $-0.0145076$ & $-0.0297519$ & $0.0460697$ & $0.0230698$ & $0.0534661$ & $0.0443206$ & $-0.0268115$ & $0.0127136$ & $0.0103618$ & $-0.0125477$ & $-0.0216764$ & $-0.0175357$ & $-0.0193368$ & $-0.0239832$ & $-0.022931$ & $-0.0078558$ & $0.00658712$ & $-0.0164887$ & $0.0177253$ & $-0.0216517$ & $-0.00500559$ & $-0.0232568$ & $-0.0649572$ & $-0.0118071$ & $0.0216914$ & $-0.052753$ & $-0.0206196$ & $1$ & $-0.0295439$ & $0.0543171$ & $-0.00712286$ & $0.0273038$ & $-0.000129828$ & $-0.0699489$ & $0.0180642$ & $0.0556456$ & $-0.0796533$ & $-0.00174522$ & $-0.0105605$ & $0.0454179$ & $0.0185051$ & $0.00856912$ \\
eHggpar & $0.072455$ & $-0.042901$ & $-0.0363674$ & $-0.0718284$ & $0.0103716$ & $-0.000536762$ & $-0.0141018$ & $0.00459223$ & $-0.00948445$ & $0.0137955$ & $-0.0039395$ & $0.0356007$ & $0.00567147$ & $-0.00209368$ & $-0.00596281$ & $0.0094178$ & $-0.000419939$ & $0.00395666$ & $-0.0089713$ & $0.00264684$ & $0.00261347$ & $0.00218016$ & $0.000452209$ & $-0.00457672$ & $-0.00637529$ & $-0.00220367$ & $0.00426111$ & $0.000859196$ & $-0.0174398$ & $-0.0425473$ & $0.00534375$ & $0.0239044$ & $-0.0203116$ & $0.00811155$ & $-0.0295439$ & $1$ & $0.0754736$ & $0.00960904$ & $0.042627$ & $-0.00878182$ & $0.0875036$ & $-0.000268517$ & $-0.0563748$ & $0.0433672$ & $0.00244771$ & $0.00232583$ & $0.0597382$ & $-0.0360381$ & $0.053267$ \\
eHWWint & $0.205276$ & $-0.106369$ & $-0.0804482$ & $-0.0594122$ & $0.0161579$ & $0.000423238$ & $0.0268777$ & $0.00299274$ & $-0.00710242$ & $0.00795505$ & $-0.00438274$ & $0.00652562$ & $-0.00798583$ & $0.00583057$ & $-0.00685903$ & $0.0012224$ & $-3.68716e-05$ & $0.00647761$ & $0.000346908$ & $-0.000978173$ & $-0.000443964$ & $0.000835957$ & $0.00137072$ & $-0.0114298$ & $-0.0144897$ & $-0.0145297$ & $0.000506937$ & $0.00272219$ & $-0.0192947$ & $-0.189447$ & $-0.0526628$ & $-0.00358016$ & $-0.166996$ & $0.00146395$ & $0.0543171$ & $0.0754736$ & $1$ & $0.00312833$ & $0.0768595$ & $-0.0111847$ & $-0.0277269$ & $0.00139046$ & $0.032226$ & $-0.0620845$ & $0.0541431$ & $-0.00108493$ & $0.115838$ & $0.022179$ & $0.0724025$ \\
eHWWpar & $0.00433346$ & $-0.00434576$ & $0.00272823$ & $0.00839361$ & $-0.00756403$ & $0.00576546$ & $-0.000100583$ & $0.000831914$ & $0.000592387$ & $-0.000494362$ & $-0.00410785$ & $0.000296767$ & $-0.00324454$ & $0.00352253$ & $0.00575612$ & $0.00690347$ & $0.00702938$ & $0.00212408$ & $-0.00107438$ & $0.00509645$ & $0.00340956$ & $0.00119764$ & $0.00133167$ & $0.00381226$ & $-0.00103724$ & $-0.00487241$ & $-0.00896861$ & $0.00681084$ & $-0.00617816$ & $-0.0201955$ & $-0.0139219$ & $-0.00493733$ & $-0.0199312$ & $-0.00362712$ & $-0.00712286$ & $0.00960904$ & $0.00312833$ & $1$ & $0.000718497$ & $-0.00672063$ & $-0.0104301$ & $0.00716462$ & $0.00362882$ & $-0.0218949$ & $0.0017546$ & $0.0061798$ & $-0.0151666$ & $0.0140911$ & $0.00462346$ \\
eHZZint & $0.075425$ & $-0.0288319$ & $-0.0470352$ & $0.0285465$ & $0.00447204$ & $-0.00609065$ & $-0.00427735$ & $-0.00619374$ & $-0.00562683$ & $-0.00636388$ & $0.0163697$ & $-0.0155001$ & $0.0110436$ & $-0.0216954$ & $-0.0157897$ & $-0.0143077$ & $-0.0182323$ & $-0.00896864$ & $-0.00939725$ & $-0.0195019$ & $-0.0162049$ & $-0.0143626$ & $-0.0135561$ & $-0.0122097$ & $-0.0206807$ & $0.0240934$ & $0.00412123$ & $-0.017642$ & $0.00414354$ & $-0.0278399$ & $0.0467178$ & $0.00825545$ & $0.00335308$ & $0.00649091$ & $0.0273038$ & $0.042627$ & $0.0768595$ & $0.000718497$ & $1$ & $0.0212767$ & $0.0315542$ & $0.0154651$ & $0.0642834$ & $0.0510127$ & $0.0242416$ & $0.0305651$ & $0.143296$ & $-0.0960026$ & $0.101$ \\
eHZZpar & $0.000435658$ & $0.00798318$ & $-0.00275853$ & $-0.0210004$ & $-0.0018675$ & $0.00684031$ & $-0.00374688$ & $-0.00328972$ & $-0.00389271$ & $0.000759184$ & $0.00547372$ & $0.00190097$ & $-0.000259283$ & $-0.00520477$ & $-0.00126811$ & $-0.00433896$ & $-0.00482522$ & $-0.00372579$ & $-0.00177396$ & $-0.00543238$ & $-0.0054642$ & $-0.0057711$ & $-0.00161656$ & $0.00100524$ & $0.00195823$ & $0.0124965$ & $0.00857261$ & $-0.00780588$ & $0.00534948$ & $-0.00015486$ & $0.000539432$ & $-0.00284266$ & $-0.00346489$ & $-0.00168596$ & $-0.000129828$ & $-0.00878182$ & $-0.0111847$ & $-0.00672063$ & $0.0212767$ & $1$ & $-0.0215818$ & $0.000223398$ & $-0.010937$ & $-0.00173544$ & $0.00437612$ & $0.00669435$ & $0.0195202$ & $0.00861756$ & $-0.00790035$ \\
eHZgaint & $-0.0450954$ & $-0.0782596$ & $-0.0127187$ & $0.0278806$ & $0.000716874$ & $0.00339607$ & $-0.00198147$ & $0.0168871$ & $0.0207086$ & $-0.0659117$ & $0.00436405$ & $-0.0442466$ & $0.00919491$ & $-0.0320086$ & $-0.00560658$ & $-0.0134005$ & $-0.0378897$ & $-0.0334562$ & $-0.0291487$ & $-0.00828892$ & $-0.00350478$ & $-0.00494611$ & $0.0166479$ & $-0.0301982$ & $-0.0217888$ & $-0.00488737$ & $0.0197931$ & $0.0101507$ & $-0.00954723$ & $0.00116974$ & $-0.0663756$ & $0.00168911$ & $0.101366$ & $0.0139774$ & $-0.0699489$ & $0.0875036$ & $-0.0277269$ & $-0.0104301$ & $0.0315542$ & $-0.0215818$ & $1$ & $0.0087368$ & $0.0680979$ & $-0.0370909$ & $-0.00347344$ & $-0.00189626$ & $-0.199076$ & $-0.0437744$ & $0.198363$ \\
eHZgapar & $0.00291231$ & $-0.0112978$ & $0.00483051$ & $-0.00110831$ & $0.0182587$ & $0.00223071$ & $-0.00753715$ & $-0.00205001$ & $-0.000843919$ & $-0.0024044$ & $0.00155258$ & $-0.00113646$ & $-0.00700461$ & $0.00272053$ & $-0.000310539$ & $-0.00334618$ & $0.00164024$ & $0.00194662$ & $0.00196077$ & $-0.0024729$ & $-0.00203508$ & $-0.00423618$ & $-0.00915871$ & $0.00190167$ & $0.0051981$ & $0.0106607$ & $0.00400966$ & $-0.00540072$ & $0.0056665$ & $0.00292679$ & $0.00160607$ & $-0.00672097$ & $-0.00456871$ & $-0.00174973$ & $0.0180642$ & $-0.000268517$ & $0.00139046$ & $0.00716462$ & $0.0154651$ & $0.000223398$ & $0.0087368$ & $1$ & $0.0155063$ & $0.0114133$ & $0.0142445$ & $0.0100102$ & $-0.00665072$ & $-0.00608398$ & $0.00171807$ \\
eHgagaint & $0.0105905$ & $-0.00362147$ & $-0.0363205$ & $-0.00713675$ & $-0.00483482$ & $0.0048096$ & $-0.00842904$ & $0.00621707$ & $0.0768734$ & $-0.0161212$ & $0.00496692$ & $-0.0212866$ & $0.00703033$ & $-0.0195872$ & $-0.00160581$ & $-0.00671002$ & $-0.0233004$ & $-0.0204555$ & $-0.0165738$ & $-0.00611527$ & $-0.00515019$ & $-0.0041946$ & $-0.00598933$ & $-0.0195208$ & $-0.0216239$ & $0.0112788$ & $0.00272338$ & $-0.00108582$ & $0.00293184$ & $-0.0205178$ & $-0.0131264$ & $-0.00411959$ & $0.0655986$ & $0.00518087$ & $0.0556456$ & $-0.0563748$ & $0.032226$ & $0.00362882$ & $0.0642834$ & $-0.010937$ & $0.0680979$ & $0.0155063$ & $1$ & $0.0493618$ & $-0.103286$ & $-0.0335824$ & $-0.0459369$ & $-0.0368887$ & $0.178504$ \\
eHmumuint & $0.064296$ & $0.134464$ & $0.114001$ & $0.0891611$ & $-0.00888744$ & $-0.00383261$ & $0.0223207$ & $-0.0105155$ & $-0.002182$ & $0.00985437$ & $0.00158739$ & $0.0112607$ & $-0.0105934$ & $0.0072524$ & $-0.00101049$ & $-0.00416616$ & $0.0170444$ & $0.0129822$ & $0.0167739$ & $0.00216098$ & $0.00255807$ & $0.00209964$ & $0.00107408$ & $0.00635792$ & $0.0113123$ & $-0.00476596$ & $0.00266684$ & $-0.00287228$ & $0.0143446$ & $0.00807229$ & $0.0493817$ & $0.0157882$ & $0.00634467$ & $-0.000130398$ & $-0.0796533$ & $0.0433672$ & $-0.0620845$ & $-0.0218949$ & $0.0510127$ & $-0.00173544$ & $-0.0370909$ & $0.0114133$ & $0.0493618$ & $1$ & $-0.0598648$ & $0.106756$ & $0.0803215$ & $-0.0716501$ & $0.0165435$ \\
eHtautauint & $0.0412338$ & $0.121677$ & $-0.00496042$ & $-0.0799522$ & $0.00102705$ & $-0.00355999$ & $-0.00163816$ & $-0.006645$ & $-0.015369$ & $0.00708299$ & $-0.00308248$ & $0.00266828$ & $0.000497943$ & $0.0155084$ & $-0.00437405$ & $0.00435698$ & $0.0140485$ & $0.0173376$ & $0.0115093$ & $0.00567266$ & $0.00509938$ & $0.00509791$ & $-0.00206817$ & $0.00729014$ & $0.00956034$ & $0.00171725$ & $0.00108891$ & $-0.00556963$ & $0.000462588$ & $0.0601016$ & $-0.00420448$ & $-0.00172895$ & $0.0113594$ & $0.00402842$ & $-0.00174522$ & $0.00244771$ & $0.0541431$ & $0.0017546$ & $0.0242416$ & $0.00437612$ & $-0.00347344$ & $0.0142445$ & $-0.103286$ & $-0.0598648$ & $1$ & $-0.0847719$ & $0.00486616$ & $0.0548994$ & $0.0214709$ \\
eHccint & $0.0723975$ & $-0.0157101$ & $-0.00121292$ & $-0.0609215$ & $0.00953035$ & $0.00337021$ & $0.0126088$ & $0.00290658$ & $0.000536802$ & $-0.00272167$ & $0.00482425$ & $0.00405838$ & $0.00328131$ & $-0.0166423$ & $0.00488272$ & $-0.00602633$ & $-0.016432$ & $-0.0199309$ & $-0.0108739$ & $-0.00540662$ & $-0.00493$ & $-0.0048956$ & $0.00484291$ & $-0.0135213$ & $-0.0213633$ & $-0.00209828$ & $-0.000553676$ & $0.0150604$ & $0.00771134$ & $-0.00790965$ & $0.0672364$ & $0.00920743$ & $0.0269261$ & $-0.0043737$ & $-0.0105605$ & $0.00232583$ & $-0.00108493$ & $0.0061798$ & $0.0305651$ & $0.00669435$ & $-0.00189626$ & $0.0100102$ & $-0.0335824$ & $0.106756$ & $-0.0847719$ & $1$ & $0.0124681$ & $0.00841782$ & $0.0683016$ \\
eHccpar & $-0.0496528$ & $0.0527342$ & $-0.0259341$ & $-0.0503001$ & $-0.00534204$ & $0.0120878$ & $0.0103569$ & $0.010757$ & $0.00609918$ & $0.0003712$ & $-0.0107829$ & $0.00087439$ & $0.00210175$ & $0.0110463$ & $0.000338832$ & $0.00328187$ & $-0.00704779$ & $-0.00089274$ & $-0.00248418$ & $0.0119364$ & $0.0125349$ & $0.0148871$ & $0.00403866$ & $-0.00183706$ & $-0.000813514$ & $0.00194229$ & $0.00723693$ & $-0.00115907$ & $-0.00983543$ & $-0.0367583$ & $0.358505$ & $0.0124308$ & $-0.0146978$ & $0.00762987$ & $0.0454179$ & $0.0597382$ & $0.115838$ & $-0.0151666$ & $0.143296$ & $0.0195202$ & $-0.199076$ & $-0.00665072$ & $-0.0459369$ & $0.0803215$ & $0.00486616$ & $0.0124681$ & $1$ & $0.0660148$ & $0.0217949$ \\
eHbbint & $-0.0368611$ & $0.0477503$ & $0.00686443$ & $-0.0399551$ & $9.29968e-05$ & $0.00500752$ & $-0.00918884$ & $0.00994378$ & $0.00653443$ & $0.00226257$ & $-0.00704024$ & $0.00655549$ & $0.00684506$ & $0.000164962$ & $-0.00765465$ & $-0.00167087$ & $-0.00733431$ & $-0.000390822$ & $-0.00623462$ & $0.00748173$ & $0.0102556$ & $0.00802865$ & $0.0151259$ & $-0.0113887$ & $0.00179173$ & $-0.0134243$ & $0.0132032$ & $0.00768547$ & $0.00367641$ & $0.0152568$ & $0.0253301$ & $-0.00547421$ & $0.153185$ & $0.0162711$ & $0.0185051$ & $-0.0360381$ & $0.022179$ & $0.0140911$ & $-0.0960026$ & $0.00861756$ & $-0.0437744$ & $-0.00608398$ & $-0.0368887$ & $-0.0716501$ & $0.0548994$ & $0.00841782$ & $0.0660148$ & $1$ & $-0.0280137$ \\
eHbbpar & $0.140745$ & $-0.0862899$ & $0.11798$ & $-0.0491662$ & $-0.0039151$ & $-0.0157864$ & $0.0181727$ & $0.000136677$ & $0.014245$ & $0.00156787$ & $-0.000394318$ & $0.00444362$ & $-0.00393248$ & $0.00284636$ & $0.00522376$ & $-0.00812518$ & $0.00168416$ & $-0.00206415$ & $0.00812552$ & $-0.00165834$ & $-0.00125866$ & $-0.000201162$ & $0.00223973$ & $-0.000349592$ & $-0.0127358$ & $-0.00648974$ & $-0.00402737$ & $0.00748417$ & $0.00765304$ & $-0.017835$ & $0.0134498$ & $0.0214399$ & $0.444037$ & $-0.0100571$ & $0.00856912$ & $0.053267$ & $0.0724025$ & $0.00462346$ & $0.101$ & $-0.00790035$ & $0.198363$ & $0.00171807$ & $0.178504$ & $0.0165435$ & $0.0214709$ & $0.0683016$ & $0.0217949$ & $-0.0280137$ & $1$ \\
