 & AlsMz & dAle5Mz & mtop & mHl & Mz & CW & CHG & CHWB & CHWHB_gaga & CHWHB_gagaorth & CHD & CHbox & CH & CHL1_11 & CHL1_22 & CHL1_33 & CHL3_11 & CHL3_22 & CHL3_33 & CHe_11 & CHe_22 & CHe_33 & CHQ1_11 & CHQ1_33 & CHQ3_11 & CHu_11 & CHd_11 & CHd_33 & CeH_22r & CeH_33r & CuH_22r & CuH_33r & CdH_33r & CLL_1221 & eHggint & eHggpar & eHWWint & eHWWpar & eHZZint & eHZZpar & eHZgaint & eHZgapar & eHgagaint & eHmumuint & eHtautauint & eHccint & eHccpar & eHbbint & eHbbpar \\
AlsMz & $1$ & $-0.0340657$ & $0.104161$ & $-0.028495$ & $0.0207494$ & $0.0470328$ & $-0.0495913$ & $-0.0731143$ & $-0.0657153$ & $0.0261959$ & $0.105582$ & $0.0669962$ & $0.030441$ & $-0.0782355$ & $0.00926468$ & $-0.0435602$ & $-0.0907019$ & $-0.0742573$ & $-0.032182$ & $-0.106198$ & $-0.115407$ & $-0.105527$ & $-0.0249054$ & $-0.0525963$ & $-0.133356$ & $0.0565823$ & $-0.0866436$ & $0.012266$ & $-0.0239045$ & $-0.0240551$ & $-0.123437$ & $-0.0379242$ & $-0.0350727$ & $-0.0832673$ & $0.201827$ & $0.160425$ & $-0.162276$ & $0.0521887$ & $0.106605$ & $0.0136465$ & $0.267955$ & $-0.130671$ & $0.199556$ & $0.0793842$ & $-0.191328$ & $0.0598157$ & $-0.339611$ & $-0.173767$ & $-0.0315387$ \\
dAle5Mz & $-0.0340657$ & $1$ & $-0.158078$ & $-0.274198$ & $0.0257101$ & $-0.00486636$ & $0.0356108$ & $-0.00122623$ & $-0.0028944$ & $-0.0290128$ & $0.00173014$ & $-0.00588318$ & $0.0234626$ & $-0.0223965$ & $0.0160163$ & $0.0396544$ & $-0.0158167$ & $-0.029775$ & $-0.0492496$ & $0.0150489$ & $0.0138391$ & $0.0104618$ & $0.0338288$ & $-0.00246113$ & $-0.0201449$ & $-0.0464419$ & $0.015864$ & $-0.00789242$ & $0.0241949$ & $0.00251493$ & $-0.0176891$ & $0.0467834$ & $0.0180905$ & $0.0350259$ & $0.00992415$ & $0.0722831$ & $-0.0767765$ & $-0.0203925$ & $0.261517$ & $-0.0154859$ & $-0.034654$ & $0.0293695$ & $0.012887$ & $0.17632$ & $0.0179779$ & $0.106882$ & $-0.0316935$ & $0.0626416$ & $0.0262354$ \\
mtop & $0.104161$ & $-0.158078$ & $1$ & $-0.370057$ & $-0.000999979$ & $-0.0137161$ & $0.0126159$ & $-0.0284415$ & $-0.0309219$ & $0.00272003$ & $0.0100849$ & $-0.0337548$ & $-0.00556386$ & $0.0441426$ & $-0.00370503$ & $-0.0393294$ & $0.0356599$ & $0.0444127$ & $0.0663369$ & $-0.00850079$ & $-0.0109974$ & $-0.0144377$ & $0.00382886$ & $0.0431618$ & $0.0323482$ & $-0.013212$ & $-0.0186074$ & $0.00657041$ & $-0.0354599$ & $0.0106397$ & $-0.0600825$ & $-0.00500844$ & $-0.00475583$ & $-0.0315534$ & $-0.197302$ & $-0.0519604$ & $0.0590589$ & $-0.0140374$ & $0.290168$ & $0.0364465$ & $0.101031$ & $-0.00681116$ & $-0.0997942$ & $-0.109544$ & $0.0339301$ & $-0.13208$ & $-0.0493141$ & $0.0896617$ & $-0.048509$ \\
mHl & $-0.028495$ & $-0.274198$ & $-0.370057$ & $1$ & $-0.00522992$ & $0.0440893$ & $0.033804$ & $0.0428437$ & $0.0462839$ & $-0.0307411$ & $-0.0289603$ & $-0.0194026$ & $-0.0174221$ & $0.0297831$ & $-0.0523219$ & $-0.0665289$ & $-0.0381563$ & $0.00887079$ & $0.0243589$ & $0.0117638$ & $0.0330468$ & $0.03607$ & $0.0383339$ & $-0.0512328$ & $0.0453288$ & $0.00584136$ & $0.134501$ & $-0.0235119$ & $0.0473281$ & $0.00185888$ & $0.032138$ & $0.0320574$ & $0.00692307$ & $0.0498697$ & $0.00885301$ & $0.0336447$ & $0.200871$ & $-0.0280072$ & $-0.138979$ & $-0.0326044$ & $-0.160017$ & $0.00737566$ & $-0.047864$ & $0.0144676$ & $-0.142972$ & $-0.0844222$ & $-0.00608768$ & $-0.0644202$ & $0.0332955$ \\
Mz & $0.0207494$ & $0.0257101$ & $-0.000999979$ & $-0.00522992$ & $1$ & $-0.00509265$ & $0.00570334$ & $0.0107327$ & $0.00612229$ & $-0.0414023$ & $0.00874365$ & $-0.016507$ & $-0.00641218$ & $-0.0189619$ & $-0.0023835$ & $-0.00743247$ & $-0.0180053$ & $-0.0199692$ & $-0.0191763$ & $-0.00086387$ & $0.00253829$ & $0.00105396$ & $0.0242647$ & $-0.0210627$ & $-0.0159757$ & $-0.00958775$ & $0.0218899$ & $-0.0216598$ & $-3.09817e-05$ & $0.0372826$ & $0.00780119$ & $0.0103937$ & $0.0284259$ & $0.012332$ & $-0.0253498$ & $-0.00656551$ & $-0.00583866$ & $0.0106984$ & $-0.0182651$ & $-0.0162444$ & $-0.0272784$ & $-0.0184168$ & $-0.048261$ & $0.0190129$ & $0.0199693$ & $0.0201731$ & $0.0051543$ & $0.0194496$ & $0.0161432$ \\
CW & $0.0470328$ & $-0.00486636$ & $-0.0137161$ & $0.0440893$ & $-0.00509265$ & $1$ & $0.0262219$ & $-0.116931$ & $-0.115135$ & $-0.0274833$ & $0.196175$ & $0.043234$ & $0.0229626$ & $-0.0135279$ & $-0.097188$ & $-0.0647604$ & $-0.289616$ & $-0.0715771$ & $-0.0950141$ & $-0.195241$ & $-0.200008$ & $-0.186822$ & $-0.0126451$ & $-0.036583$ & $-0.125297$ & $0.114713$ & $-0.0851347$ & $-0.0769585$ & $-0.0283093$ & $-0.00697508$ & $0.00242403$ & $0.0212821$ & $-0.0214104$ & $-0.0995926$ & $0.0426639$ & $-0.00887687$ & $-0.0125051$ & $0.00503267$ & $0.00439322$ & $-0.0188718$ & $-0.00477603$ & $-0.0235096$ & $-0.00318688$ & $0.00822454$ & $-0.0458471$ & $-0.0066884$ & $-0.0322404$ & $-0.010386$ & $-0.00416359$ \\
CHG & $-0.0495913$ & $0.0356108$ & $0.0126159$ & $0.033804$ & $0.00570334$ & $0.0262219$ & $1$ & $-0.130086$ & $-0.0775891$ & $0.0673397$ & $0.0798543$ & $-0.107532$ & $-0.308145$ & $0.0659664$ & $-0.0262217$ & $-0.0192212$ & $0.0812607$ & $0.107874$ & $0.104397$ & $-0.0753769$ & $-0.0830728$ & $-0.0826352$ & $-0.00258817$ & $0.116268$ & $0.0912204$ & $0.0352129$ & $-0.085495$ & $-0.0363776$ & $-0.00685751$ & $-0.107727$ & $-0.0582059$ & $0.937118$ & $-0.151605$ & $-0.0883694$ & $0.0279232$ & $-0.0617599$ & $-0.00431862$ & $-0.0070815$ & $0.00316782$ & $-0.0553628$ & $0.0078204$ & $0.0300281$ & $-0.0245084$ & $0.0250325$ & $-0.0416413$ & $-0.0122054$ & $0.0437826$ & $-0.0517992$ & $0.00617159$ \\
CHWB & $-0.0731143$ & $-0.00122623$ & $-0.0284415$ & $0.0428437$ & $0.0107327$ & $-0.116931$ & $-0.130086$ & $1$ & $0.984198$ & $-0.539$ & $-0.86868$ & $-0.106518$ & $0.337982$ & $0.0855861$ & $0.311542$ & $0.31144$ & $-0.235719$ & $-0.434425$ & $-0.437111$ & $0.840835$ & $0.887061$ & $0.870287$ & $0.0390184$ & $-0.658138$ & $-0.404054$ & $-0.474869$ & $0.419779$ & $0.29311$ & $0.00640354$ & $0.0921279$ & $0.06399$ & $-0.118599$ & $0.124463$ & $0.556527$ & $-0.0190058$ & $0.0358979$ & $0.0466956$ & $0.015532$ & $-0.0136384$ & $-0.0217995$ & $-0.0281049$ & $0.0323482$ & $-0.0516761$ & $-0.00932899$ & $-0.03664$ & $0.0417756$ & $0.0195193$ & $0.0396752$ & $-0.0290353$ \\
CHWHB_gaga & $-0.0657153$ & $-0.0028944$ & $-0.0309219$ & $0.0462839$ & $0.00612229$ & $-0.115135$ & $-0.0775891$ & $0.984198$ & $1$ & $-0.523177$ & $-0.851284$ & $-0.0793549$ & $0.33125$ & $0.0757779$ & $0.307806$ & $0.312884$ & $-0.239381$ & $-0.435086$ & $-0.4408$ & $0.824355$ & $0.868847$ & $0.852879$ & $0.032977$ & $-0.652635$ & $-0.406385$ & $-0.462073$ & $0.407665$ & $0.292132$ & $0.018482$ & $0.110963$ & $0.0778976$ & $-0.0743952$ & $0.143381$ & $0.546637$ & $-0.0139441$ & $0.0336691$ & $0.0327069$ & $0.0098532$ & $-0.0224027$ & $-0.02125$ & $-0.0286674$ & $0.0329099$ & $-0.0181525$ & $-0.00508473$ & $-0.0411708$ & $0.0433216$ & $0.0230534$ & $0.0287748$ & $-0.0326443$ \\
CHWHB_gagaorth & $0.0261959$ & $-0.0290128$ & $0.00272003$ & $-0.0307411$ & $-0.0414023$ & $-0.0274833$ & $0.0673397$ & $-0.539$ & $-0.523177$ & $1$ & $0.308547$ & $0.506747$ & $-0.222731$ & $0.240719$ & $-0.107982$ & $-0.113749$ & $0.442785$ & $0.481611$ & $0.485388$ & $-0.29601$ & $-0.327055$ & $-0.32431$ & $-0.0184005$ & $0.54404$ & $0.47693$ & $0.153422$ & $-0.229202$ & $-0.0727494$ & $0.0123408$ & $-0.122561$ & $-0.0488218$ & $0.0779817$ & $-0.127108$ & $-0.337705$ & $0.0332112$ & $-0.0331355$ & $-0.0301142$ & $0.0224069$ & $-0.0363563$ & $0.0242308$ & $0.00279461$ & $-0.0213573$ & $0.0597252$ & $0.000158168$ & $0.0273741$ & $-0.0489757$ & $0.00183917$ & $-0.00611524$ & $-0.000760449$ \\
CHD & $0.105582$ & $0.00173014$ & $0.0100849$ & $-0.0289603$ & $0.00874365$ & $0.196175$ & $0.0798543$ & $-0.86868$ & $-0.851284$ & $0.308547$ & $1$ & $0.202706$ & $-0.154752$ & $-0.520503$ & $-0.438135$ & $-0.435216$ & $-0.242454$ & $0.0418388$ & $0.0472355$ & $-0.990655$ & $-0.991298$ & $-0.969984$ & $0.00744567$ & $0.267264$ & $-0.0128807$ & $0.542347$ & $-0.288858$ & $-0.334014$ & $0.00682902$ & $-0.0413549$ & $-0.0516906$ & $0.0815383$ & $-0.0688796$ & $-0.349607$ & $0.0262549$ & $-0.0281097$ & $-0.080453$ & $-0.0331342$ & $0.0235227$ & $0.0121062$ & $0.0576018$ & $-0.0160487$ & $0.00937402$ & $0.00336181$ & $-0.0115235$ & $-0.00660485$ & $-0.039206$ & $-0.0516351$ & $0.0277613$ \\
CHbox & $0.0669962$ & $-0.00588318$ & $-0.0337548$ & $-0.0194026$ & $-0.016507$ & $0.043234$ & $-0.107532$ & $-0.106518$ & $-0.0793549$ & $0.506747$ & $0.202706$ & $1$ & $0.36343$ & $-0.243131$ & $-0.0315189$ & $-0.0247399$ & $-0.190873$ & $-0.154632$ & $-0.157926$ & $-0.187944$ & $-0.206347$ & $-0.200395$ & $0.0121457$ & $-0.0543735$ & $-0.157781$ & $0.0982103$ & $-0.0824044$ & $-0.0340857$ & $0.078654$ & $0.281679$ & $0.0814776$ & $-0.0112027$ & $0.353685$ & $-0.0659839$ & $0.0934199$ & $-0.00074033$ & $-0.0783079$ & $0.00407223$ & $-0.0412603$ & $1.90507e-05$ & $0.0249153$ & $-0.0014522$ & $0.0154594$ & $0.000437156$ & $-0.0506325$ & $0.0220287$ & $-0.0396975$ & $0.00218161$ & $-0.0123404$ \\
CH & $0.030441$ & $0.0234626$ & $-0.00556386$ & $-0.0174221$ & $-0.00641218$ & $0.0229626$ & $-0.308145$ & $0.337982$ & $0.33125$ & $-0.222731$ & $-0.154752$ & $0.36343$ & $1$ & $-0.239694$ & $0.0595484$ & $0.059415$ & $-0.348379$ & $-0.368573$ & $-0.368213$ & $0.150552$ & $0.166192$ & $0.167652$ & $0.0245261$ & $-0.379095$ & $-0.360738$ & $-0.0869637$ & $0.151564$ & $0.0577564$ & $0.0382583$ & $0.287671$ & $0.0968563$ & $-0.250195$ & $0.347863$ & $0.21977$ & $0.0345409$ & $0.0154031$ & $-0.00907954$ & $-8.46437e-05$ & $0.011437$ & $0.0210494$ & $0.0102191$ & $0.00290707$ & $-0.0485514$ & $-0.00474966$ & $-0.0505116$ & $0.0205432$ & $-0.0266475$ & $0.0618061$ & $-0.0226763$ \\
CHL1_11 & $-0.0782355$ & $-0.0223965$ & $0.0441426$ & $0.0297831$ & $-0.0189619$ & $-0.0135279$ & $0.0659664$ & $0.0855861$ & $0.0757779$ & $0.240719$ & $-0.520503$ & $-0.243131$ & $-0.239694$ & $1$ & $0.277752$ & $0.273044$ & $0.679145$ & $0.618031$ & $0.611028$ & $0.5365$ & $0.480458$ & $0.466944$ & $-0.0615795$ & $0.493123$ & $0.63747$ & $-0.281669$ & $-0.0925856$ & $0.163509$ & $-0.0316959$ & $-0.0616102$ & $0.00300346$ & $0.043128$ & $-0.0712484$ & $-0.225329$ & $-0.029812$ & $-0.0117035$ & $0.103373$ & $0.0484174$ & $-0.0141336$ & $0.00133946$ & $-0.0785905$ & $-0.0282306$ & $0.0333032$ & $0.00921701$ & $0.0598795$ & $-0.0665098$ & $0.0297403$ & $0.0432353$ & $-0.0359847$ \\
CHL1_22 & $0.00926468$ & $0.0160163$ & $-0.00370503$ & $-0.0523219$ & $-0.0023835$ & $-0.097188$ & $-0.0262217$ & $0.311542$ & $0.307806$ & $-0.107982$ & $-0.438135$ & $-0.0315189$ & $0.0595484$ & $0.277752$ & $1$ & $0.422087$ & $0.173709$ & $-0.42456$ & $-0.00503216$ & $0.49773$ & $0.357533$ & $0.354481$ & $-0.163301$ & $0.104589$ & $-0.0953868$ & $-0.184841$ & $-0.364204$ & $0.125439$ & $-0.00907621$ & $0.0304972$ & $0.0105467$ & $-0.0184483$ & $0.037214$ & $-0.585806$ & $0.00879872$ & $0.0044407$ & $-0.0327838$ & $0.0354135$ & $-0.0499248$ & $0.030413$ & $-0.011959$ & $0.00508989$ & $0.0743813$ & $0.0523153$ & $0.0706681$ & $-0.0343973$ & $-0.0154455$ & $0.0280751$ & $-0.000843811$ \\
CHL1_33 & $-0.0435602$ & $0.0396544$ & $-0.0393294$ & $-0.0665289$ & $-0.00743247$ & $-0.0647604$ & $-0.0192212$ & $0.31144$ & $0.312884$ & $-0.113749$ & $-0.435216$ & $-0.0247399$ & $0.059415$ & $0.273044$ & $0.422087$ & $1$ & $0.169153$ & $0.000361063$ & $-0.418727$ & $0.495926$ & $0.357319$ & $0.380957$ & $-0.161542$ & $0.111682$ & $-0.0693146$ & $-0.194332$ & $-0.329723$ & $0.138622$ & $-0.00462696$ & $0.033514$ & $0.0206195$ & $-0.0128244$ & $0.050647$ & $-0.0622356$ & $0.049962$ & $-0.00984561$ & $0.0115107$ & $0.0392605$ & $-0.0216865$ & $-0.00663052$ & $-0.0227992$ & $0.000242196$ & $0.07533$ & $0.0611365$ & $0.0735133$ & $0.00586225$ & $0.011487$ & $0.0282946$ & $0.0123531$ \\
CHL3_11 & $-0.0907019$ & $-0.0158167$ & $0.0356599$ & $-0.0381563$ & $-0.0180053$ & $-0.289616$ & $0.0812607$ & $-0.235719$ & $-0.239381$ & $0.442785$ & $-0.242454$ & $-0.190873$ & $-0.348379$ & $0.679145$ & $0.173709$ & $0.169153$ & $1$ & $0.748914$ & $0.745074$ & $0.263433$ & $0.209702$ & $0.198166$ & $-0.0596922$ & $0.69767$ & $0.806374$ & $-0.136415$ & $-0.150871$ & $0.0812315$ & $-0.0172106$ & $-0.100831$ & $-0.0243529$ & $0.0542996$ & $-0.105685$ & $-0.255022$ & $-0.0227204$ & $-0.0121182$ & $0.0567631$ & $0.0218735$ & $-0.0285873$ & $0.0233601$ & $-0.0465888$ & $-0.025198$ & $0.080943$ & $-0.00210875$ & $0.0991331$ & $-0.0523534$ & $0.0583693$ & $0.0143485$ & $0.0161935$ \\
CHL3_22 & $-0.0742573$ & $-0.029775$ & $0.0444127$ & $0.00887079$ & $-0.0199692$ & $-0.0715771$ & $0.107874$ & $-0.434425$ & $-0.435086$ & $0.481611$ & $0.0418388$ & $-0.154632$ & $-0.368573$ & $0.618031$ & $-0.42456$ & $0.000361063$ & $0.748914$ & $1$ & $0.678564$ & $-0.0417863$ & $-0.0401642$ & $-0.044$ & $0.0158039$ & $0.644598$ & $0.812723$ & $-0.00466479$ & $-0.0160988$ & $-0.00587912$ & $-0.0189906$ & $-0.109442$ & $-0.0270308$ & $0.0787231$ & $-0.123106$ & $0.0177826$ & $-0.0204662$ & $-0.0221362$ & $0.0872106$ & $0.0113682$ & $0.0134162$ & $-0.00261174$ & $-0.046074$ & $-0.0339856$ & $0.0265279$ & $-0.0254097$ & $0.047388$ & $-0.0429005$ & $0.0481073$ & $0.00451755$ & $0.00236535$ \\
CHL3_33 & $-0.032182$ & $-0.0492496$ & $0.0663369$ & $0.0243589$ & $-0.0191763$ & $-0.0950141$ & $0.104397$ & $-0.437111$ & $-0.4408$ & $0.485388$ & $0.0472355$ & $-0.157926$ & $-0.368213$ & $0.611028$ & $-0.00503216$ & $-0.418727$ & $0.745074$ & $0.678564$ & $1$ & $-0.0493184$ & $-0.0451442$ & $-0.0466976$ & $0.015471$ & $0.631307$ & $0.791559$ & $0.00671616$ & $-0.0334559$ & $-0.0174569$ & $-0.0229076$ & $-0.112828$ & $-0.0339338$ & $0.0762259$ & $-0.130865$ & $-0.368502$ & $-0.0478487$ & $-0.0103066$ & $0.0563382$ & $0.00721659$ & $-0.00618549$ & $0.0232562$ & $-0.0356336$ & $-0.029407$ & $0.0238381$ & $-0.0385394$ & $0.0379937$ & $-0.0701266$ & $0.0251476$ & $0.0025267$ & $-0.0032843$ \\
CHe_11 & $-0.106198$ & $0.0150489$ & $-0.00850079$ & $0.0117638$ & $-0.00086387$ & $-0.195241$ & $-0.0753769$ & $0.840835$ & $0.824355$ & $-0.29601$ & $-0.990655$ & $-0.187944$ & $0.150552$ & $0.5365$ & $0.49773$ & $0.495926$ & $0.263433$ & $-0.0417863$ & $-0.0493184$ & $1$ & $0.973522$ & $0.95366$ & $-0.028858$ & $-0.215985$ & $0.022505$ & $-0.531899$ & $0.218938$ & $0.329914$ & $-0.00779653$ & $0.0400315$ & $0.0491987$ & $-0.0763046$ & $0.0700198$ & $0.275562$ & $-0.0227595$ & $0.0259138$ & $0.0757381$ & $0.0328308$ & $-0.0191222$ & $-0.00954166$ & $-0.0583598$ & $0.0177439$ & $-0.000647942$ & $0.00142016$ & $0.022515$ & $0.00500609$ & $0.0374824$ & $0.0561107$ & $-0.0216741$ \\
CHe_22 & $-0.115407$ & $0.0138391$ & $-0.0109974$ & $0.0330468$ & $0.00253829$ & $-0.200008$ & $-0.0830728$ & $0.887061$ & $0.868847$ & $-0.327055$ & $-0.991298$ & $-0.206347$ & $0.166192$ & $0.480458$ & $0.357533$ & $0.357319$ & $0.209702$ & $-0.0401642$ & $-0.0451442$ & $0.973522$ & $1$ & $0.973718$ & $0.0183714$ & $-0.323082$ & $0.000605489$ & $-0.546254$ & $0.365597$ & $0.334775$ & $-0.00433853$ & $0.0424927$ & $0.0528914$ & $-0.0851747$ & $0.0710947$ & $0.434504$ & $-0.0342983$ & $0.0310488$ & $0.0835799$ & $0.0262276$ & $-0.0140887$ & $-0.0165012$ & $-0.0576135$ & $0.0201236$ & $-0.0243009$ & $-0.00989657$ & $0.00267456$ & $0.0140774$ & $0.0421125$ & $0.0531315$ & $-0.0282935$ \\
CHe_33 & $-0.105527$ & $0.0104618$ & $-0.0144377$ & $0.03607$ & $0.00105396$ & $-0.186822$ & $-0.0826352$ & $0.870287$ & $0.852879$ & $-0.32431$ & $-0.969984$ & $-0.200395$ & $0.167652$ & $0.466944$ & $0.354481$ & $0.380957$ & $0.198166$ & $-0.044$ & $-0.0466976$ & $0.95366$ & $0.973718$ & $1$ & $0.0135234$ & $-0.320041$ & $-0.00461383$ & $-0.531307$ & $0.353079$ & $0.322306$ & $-0.00349161$ & $0.0450177$ & $0.0530459$ & $-0.0835777$ & $0.0720982$ & $0.424394$ & $-0.0266401$ & $0.0300477$ & $0.0830088$ & $0.0276234$ & $-0.00998106$ & $-0.0121021$ & $-0.0538981$ & $0.0129852$ & $-0.0239455$ & $-0.0126237$ & $-0.00561797$ & $0.0115771$ & $0.035869$ & $0.048712$ & $-0.026237$ \\
CHQ1_11 & $-0.0249054$ & $0.0338288$ & $0.00382886$ & $0.0383339$ & $0.0242647$ & $-0.0126451$ & $-0.00258817$ & $0.0390184$ & $0.032977$ & $-0.0184005$ & $0.00744567$ & $0.0121457$ & $0.0245261$ & $-0.0615795$ & $-0.163301$ & $-0.161542$ & $-0.0596922$ & $0.0158039$ & $0.015471$ & $-0.028858$ & $0.0183714$ & $0.0135234$ & $1$ & $-0.096941$ & $0.0766155$ & $-0.675765$ & $0.326848$ & $-0.00732438$ & $0.00866123$ & $0.0045646$ & $-0.00243578$ & $0.00112156$ & $0.0238889$ & $0.170961$ & $0.0432659$ & $0.0334166$ & $0.030403$ & $-0.0283256$ & $0.0869053$ & $0.0090223$ & $0.0455493$ & $0.0162154$ & $-0.0670933$ & $-0.0784634$ & $-0.0210701$ & $0.0299942$ & $0.0316735$ & $0.0203939$ & $0.0509964$ \\
CHQ1_33 & $-0.0525963$ & $-0.00246113$ & $0.0431618$ & $-0.0512328$ & $-0.0210627$ & $-0.036583$ & $0.116268$ & $-0.658138$ & $-0.652635$ & $0.54404$ & $0.267264$ & $-0.0543735$ & $-0.379095$ & $0.493123$ & $0.104589$ & $0.111682$ & $0.69767$ & $0.644598$ & $0.631307$ & $-0.215985$ & $-0.323082$ & $-0.320041$ & $-0.096941$ & $1$ & $0.678639$ & $0.143315$ & $-0.402408$ & $-0.0131686$ & $-0.0184013$ & $-0.106102$ & $-0.0497999$ & $0.0943567$ & $-0.126421$ & $-0.61552$ & $-0.00485764$ & $-0.0468274$ & $0.00676292$ & $0.00611565$ & $-0.0105856$ & $0.0333713$ & $-0.0318839$ & $-0.0451705$ & $0.0753299$ & $0.0122217$ & $0.10042$ & $-0.0505301$ & $0.0286942$ & $0.00800745$ & $0.0314219$ \\
CHQ3_11 & $-0.133356$ & $-0.0201449$ & $0.0323482$ & $0.0453288$ & $-0.0159757$ & $-0.125297$ & $0.0912204$ & $-0.404054$ & $-0.406385$ & $0.47693$ & $-0.0128807$ & $-0.157781$ & $-0.360738$ & $0.63747$ & $-0.0953868$ & $-0.0693146$ & $0.806374$ & $0.812723$ & $0.791559$ & $0.022505$ & $0.000605489$ & $-0.00461383$ & $0.0766155$ & $0.678639$ & $1$ & $-0.0140691$ & $0.172772$ & $-0.00385042$ & $-0.0213802$ & $-0.101564$ & $-0.0239519$ & $0.0599529$ & $-0.113664$ & $-0.230725$ & $-0.0501728$ & $0.00905847$ & $0.0826728$ & $-0.00577521$ & $-0.0149517$ & $0.0181575$ & $-0.0565603$ & $-0.033615$ & $-0.00348761$ & $-0.0418686$ & $0.0641175$ & $-0.0700742$ & $0.0636687$ & $0.0328666$ & $0.012299$ \\
CHu_11 & $0.0565823$ & $-0.0464419$ & $-0.013212$ & $0.00584136$ & $-0.00958775$ & $0.114713$ & $0.0352129$ & $-0.474869$ & $-0.462073$ & $0.153422$ & $0.542347$ & $0.0982103$ & $-0.0869637$ & $-0.281669$ & $-0.184841$ & $-0.194332$ & $-0.136415$ & $-0.00466479$ & $0.00671616$ & $-0.531899$ & $-0.546254$ & $-0.531307$ & $-0.675765$ & $0.143315$ & $-0.0140691$ & $1$ & $-0.164572$ & $-0.187745$ & $-0.00562012$ & $-0.0236712$ & $-0.0213008$ & $0.0315654$ & $-0.0501997$ & $-0.242212$ & $-0.0347909$ & $-0.0240835$ & $-0.0262458$ & $-0.0175549$ & $-0.0536992$ & $-0.00944562$ & $-0.014972$ & $-0.010297$ & $0.0165368$ & $0.0423041$ & $-0.0308476$ & $-0.0442577$ & $-0.0259838$ & $-0.0528366$ & $-0.00693443$ \\
CHd_11 & $-0.0866436$ & $0.015864$ & $-0.0186074$ & $0.134501$ & $0.0218899$ & $-0.0851347$ & $-0.085495$ & $0.419779$ & $0.407665$ & $-0.229202$ & $-0.288858$ & $-0.0824044$ & $0.151564$ & $-0.0925856$ & $-0.364204$ & $-0.329723$ & $-0.150871$ & $-0.0160988$ & $-0.0334559$ & $0.218938$ & $0.365597$ & $0.353079$ & $0.326848$ & $-0.402408$ & $0.172772$ & $-0.164572$ & $1$ & $0.0778186$ & $0.00381432$ & $0.0246931$ & $0.0236081$ & $-0.091745$ & $0.0449798$ & $0.661719$ & $-0.0584989$ & $0.0786385$ & $0.0725954$ & $-0.048134$ & $0.0228105$ & $-0.0145248$ & $-0.0146411$ & $0.00278767$ & $-0.144769$ & $-0.0795255$ & $-0.0893944$ & $0.027882$ & $0.0407338$ & $0.0256847$ & $0.00239631$ \\
CHd_33 & $0.012266$ & $-0.00789242$ & $0.00657041$ & $-0.0235119$ & $-0.0216598$ & $-0.0769585$ & $-0.0363776$ & $0.29311$ & $0.292132$ & $-0.0727494$ & $-0.334014$ & $-0.0340857$ & $0.0577564$ & $0.163509$ & $0.125439$ & $0.138622$ & $0.0812315$ & $-0.00587912$ & $-0.0174569$ & $0.329914$ & $0.334775$ & $0.322306$ & $-0.00732438$ & $-0.0131686$ & $-0.00385042$ & $-0.187745$ & $0.0778186$ & $1$ & $0.035365$ & $0.0372121$ & $0.0401099$ & $-0.0402918$ & $0.0313856$ & $0.13847$ & $0.0135546$ & $-0.0192132$ & $-0.0494232$ & $-0.0118273$ & $0.0211063$ & $-0.00241142$ & $0.00740132$ & $-0.0105957$ & $0.00602988$ & $-0.0168171$ & $-0.0126657$ & $0.0702902$ & $-0.0188004$ & $0.00699964$ & $-0.0110626$ \\
CeH_22r & $-0.0239045$ & $0.0241949$ & $-0.0354599$ & $0.0473281$ & $-3.09817e-05$ & $-0.0283093$ & $-0.00685751$ & $0.00640354$ & $0.018482$ & $0.0123408$ & $0.00682902$ & $0.078654$ & $0.0382583$ & $-0.0316959$ & $-0.00907621$ & $-0.00462696$ & $-0.0172106$ & $-0.0189906$ & $-0.0229076$ & $-0.00779653$ & $-0.00433853$ & $-0.00349161$ & $0.00866123$ & $-0.0184013$ & $-0.0213802$ & $-0.00562012$ & $0.00381432$ & $0.035365$ & $1$ & $0.0484005$ & $0.0494982$ & $-0.019829$ & $0.0498407$ & $0.0180342$ & $-0.00443688$ & $-0.0256687$ & $-0.0175721$ & $0.0144148$ & $-0.0100972$ & $-0.0125027$ & $-0.00298608$ & $0.0142244$ & $0.0141585$ & $0.033884$ & $-0.0386194$ & $0.0327205$ & $0.00456905$ & $-0.0162074$ & $0.00173435$ \\
CeH_33r & $-0.0240551$ & $0.00251493$ & $0.0106397$ & $0.00185888$ & $0.0372826$ & $-0.00697508$ & $-0.107727$ & $0.0921279$ & $0.110963$ & $-0.122561$ & $-0.0413549$ & $0.281679$ & $0.287671$ & $-0.0616102$ & $0.0304972$ & $0.033514$ & $-0.100831$ & $-0.109442$ & $-0.112828$ & $0.0400315$ & $0.0424927$ & $0.0450177$ & $0.0045646$ & $-0.106102$ & $-0.101564$ & $-0.0236712$ & $0.0246931$ & $0.0372121$ & $0.0484005$ & $1$ & $0.316053$ & $0.0477805$ & $0.699732$ & $0.0462652$ & $-0.0360534$ & $-0.0331856$ & $-0.105025$ & $-0.0278673$ & $-0.0218525$ & $-0.0267067$ & $-0.00246441$ & $-0.00898095$ & $-0.0276916$ & $-0.0243814$ & $0.0304618$ & $-0.0181574$ & $0.0224394$ & $0.019176$ & $0.0254867$ \\
CuH_22r & $-0.123437$ & $-0.0176891$ & $-0.0600825$ & $0.032138$ & $0.00780119$ & $0.00242403$ & $-0.0582059$ & $0.06399$ & $0.0778976$ & $-0.0488218$ & $-0.0516906$ & $0.0814776$ & $0.0968563$ & $0.00300346$ & $0.0105467$ & $0.0206195$ & $-0.0243529$ & $-0.0270308$ & $-0.0339338$ & $0.0491987$ & $0.0528914$ & $0.0530459$ & $-0.00243578$ & $-0.0497999$ & $-0.0239519$ & $-0.0213008$ & $0.0236081$ & $0.0401099$ & $0.0494982$ & $0.316053$ & $1$ & $0.0359498$ & $0.415416$ & $0.0413058$ & $0.0287642$ & $-0.0373581$ & $-0.037568$ & $-0.00915089$ & $-0.044733$ & $-0.0194891$ & $-0.0737944$ & $0.0392514$ & $-0.00136209$ & $-0.0117199$ & $0.0341183$ & $0.0897314$ & $0.27644$ & $-0.0397353$ & $0.117727$ \\
CuH_33r & $-0.0379242$ & $0.0467834$ & $-0.00500844$ & $0.0320574$ & $0.0103937$ & $0.0212821$ & $0.937118$ & $-0.118599$ & $-0.0743952$ & $0.0779817$ & $0.0815383$ & $-0.0112027$ & $-0.250195$ & $0.043128$ & $-0.0184483$ & $-0.0128244$ & $0.0542996$ & $0.0787231$ & $0.0762259$ & $-0.0763046$ & $-0.0851747$ & $-0.0835777$ & $0.00112156$ & $0.0943567$ & $0.0599529$ & $0.0315654$ & $-0.091745$ & $-0.0402918$ & $-0.019829$ & $0.0477805$ & $0.0359498$ & $1$ & $0.0480725$ & $-0.085954$ & $0.0905877$ & $-0.0406091$ & $-0.0533713$ & $-0.0018831$ & $-0.00741878$ & $-0.0622544$ & $0.0183718$ & $0.0251155$ & $-0.0243681$ & $0.00410232$ & $-0.0388463$ & $-0.00254625$ & $0.0454425$ & $-0.0705355$ & $0.0291206$ \\
CdH_33r & $-0.0350727$ & $0.0180905$ & $-0.00475583$ & $0.00692307$ & $0.0284259$ & $-0.0214104$ & $-0.151605$ & $0.124463$ & $0.143381$ & $-0.127108$ & $-0.0688796$ & $0.353685$ & $0.347863$ & $-0.0712484$ & $0.037214$ & $0.050647$ & $-0.105685$ & $-0.123106$ & $-0.130865$ & $0.0700198$ & $0.0710947$ & $0.0720982$ & $0.0238889$ & $-0.126421$ & $-0.113664$ & $-0.0501997$ & $0.0449798$ & $0.0313856$ & $0.0498407$ & $0.699732$ & $0.415416$ & $0.0480725$ & $1$ & $0.0702748$ & $-0.0120258$ & $-0.0209439$ & $-0.126721$ & $-0.022283$ & $0.0264276$ & $-0.0364809$ & $-0.0236658$ & $0.031818$ & $-0.0340986$ & $-0.0842072$ & $0.123638$ & $0.0166304$ & $0.0834765$ & $0.0814706$ & $0.32943$ \\
CLL_1221 & $-0.0832673$ & $0.0350259$ & $-0.0315534$ & $0.0498697$ & $0.012332$ & $-0.0995926$ & $-0.0883694$ & $0.556527$ & $0.546637$ & $-0.337705$ & $-0.349607$ & $-0.0659839$ & $0.21977$ & $-0.225329$ & $-0.585806$ & $-0.0622356$ & $-0.255022$ & $0.0177826$ & $-0.368502$ & $0.275562$ & $0.434504$ & $0.424394$ & $0.170961$ & $-0.61552$ & $-0.230725$ & $-0.242212$ & $0.661719$ & $0.13847$ & $0.0180342$ & $0.0462652$ & $0.0413058$ & $-0.085954$ & $0.0702748$ & $1$ & $-0.0222656$ & $0.0301002$ & $0.0555806$ & $-0.0205151$ & $0.0379637$ & $-0.0392166$ & $-0.00867753$ & $0.0240217$ & $-0.0932438$ & $-0.0422445$ & $-0.0751617$ & $0.0757211$ & $0.0383772$ & $0.0059443$ & $-0.0120633$ \\
eHggint & $0.201827$ & $0.00992415$ & $-0.197302$ & $0.00885301$ & $-0.0253498$ & $0.0426639$ & $0.0279232$ & $-0.0190058$ & $-0.0139441$ & $0.0332112$ & $0.0262549$ & $0.0934199$ & $0.0345409$ & $-0.029812$ & $0.00879872$ & $0.049962$ & $-0.0227204$ & $-0.0204662$ & $-0.0478487$ & $-0.0227595$ & $-0.0342983$ & $-0.0266401$ & $0.0432659$ & $-0.00485764$ & $-0.0501728$ & $-0.0347909$ & $-0.0584989$ & $0.0135546$ & $-0.00443688$ & $-0.0360534$ & $0.0287642$ & $0.0905877$ & $-0.0120258$ & $-0.0222656$ & $1$ & $0.0495517$ & $-0.137743$ & $-0.00749453$ & $-0.0140139$ & $0.0565775$ & $-0.0281763$ & $-0.0269906$ & $0.144579$ & $-0.107604$ & $-0.138123$ & $0.193866$ & $0.0741695$ & $-0.307841$ & $0.0926699$ \\
eHggpar & $0.160425$ & $0.0722831$ & $-0.0519604$ & $0.0336447$ & $-0.00656551$ & $-0.00887687$ & $-0.0617599$ & $0.0358979$ & $0.0336691$ & $-0.0331355$ & $-0.0281097$ & $-0.00074033$ & $0.0154031$ & $-0.0117035$ & $0.0044407$ & $-0.00984561$ & $-0.0121182$ & $-0.0221362$ & $-0.0103066$ & $0.0259138$ & $0.0310488$ & $0.0300477$ & $0.0334166$ & $-0.0468274$ & $0.00905847$ & $-0.0240835$ & $0.0786385$ & $-0.0192132$ & $-0.0256687$ & $-0.0331856$ & $-0.0373581$ & $-0.0406091$ & $-0.0209439$ & $0.0301002$ & $0.0495517$ & $1$ & $0.131283$ & $-0.0471646$ & $-0.20251$ & $-0.0219388$ & $-0.01231$ & $0.00674344$ & $0.183785$ & $0.0453165$ & $0.114811$ & $-0.000215057$ & $-0.0715389$ & $-0.0337219$ & $0.0901468$ \\
eHWWint & $-0.162276$ & $-0.0767765$ & $0.0590589$ & $0.200871$ & $-0.00583866$ & $-0.0125051$ & $-0.00431862$ & $0.0466956$ & $0.0327069$ & $-0.0301142$ & $-0.080453$ & $-0.0783079$ & $-0.00907954$ & $0.103373$ & $-0.0327838$ & $0.0115107$ & $0.0567631$ & $0.0872106$ & $0.0563382$ & $0.0757381$ & $0.0835799$ & $0.0830088$ & $0.030403$ & $0.00676292$ & $0.0826728$ & $-0.0262458$ & $0.0725954$ & $-0.0494232$ & $-0.0175721$ & $-0.105025$ & $-0.037568$ & $-0.0533713$ & $-0.126721$ & $0.0555806$ & $-0.137743$ & $0.131283$ & $1$ & $0.0533826$ & $0.186951$ & $-0.066063$ & $-0.214209$ & $-0.0208047$ & $-0.189768$ & $0.203705$ & $0.0873843$ & $0.0176393$ & $0.025122$ & $0.263059$ & $0.00760928$ \\
eHWWpar & $0.0521887$ & $-0.0203925$ & $-0.0140374$ & $-0.0280072$ & $0.0106984$ & $0.00503267$ & $-0.0070815$ & $0.015532$ & $0.0098532$ & $0.0224069$ & $-0.0331342$ & $0.00407223$ & $-8.46437e-05$ & $0.0484174$ & $0.0354135$ & $0.0392605$ & $0.0218735$ & $0.0113682$ & $0.00721659$ & $0.0328308$ & $0.0262276$ & $0.0276234$ & $-0.0283256$ & $0.00611565$ & $-0.00577521$ & $-0.0175549$ & $-0.048134$ & $-0.0118273$ & $0.0144148$ & $-0.0278673$ & $-0.00915089$ & $-0.0018831$ & $-0.022283$ & $-0.0205151$ & $-0.00749453$ & $-0.0471646$ & $0.0533826$ & $1$ & $-0.00250995$ & $-0.0136555$ & $-0.0120406$ & $0.00409026$ & $0.0265195$ & $0.0430269$ & $0.0135929$ & $-7.1544e-05$ & $-0.0321997$ & $-0.0433246$ & $-0.0277997$ \\
eHZZint & $0.106605$ & $0.261517$ & $0.290168$ & $-0.138979$ & $-0.0182651$ & $0.00439322$ & $0.00316782$ & $-0.0136384$ & $-0.0224027$ & $-0.0363563$ & $0.0235227$ & $-0.0412603$ & $0.011437$ & $-0.0141336$ & $-0.0499248$ & $-0.0216865$ & $-0.0285873$ & $0.0134162$ & $-0.00618549$ & $-0.0191222$ & $-0.0140887$ & $-0.00998106$ & $0.0869053$ & $-0.0105856$ & $-0.0149517$ & $-0.0536992$ & $0.0228105$ & $0.0211063$ & $-0.0100972$ & $-0.0218525$ & $-0.044733$ & $-0.00741878$ & $0.0264276$ & $0.0379637$ & $-0.0140139$ & $-0.20251$ & $0.186951$ & $-0.00250995$ & $1$ & $-2.22262e-06$ & $0.25534$ & $-0.0437948$ & $-0.222685$ & $-0.250061$ & $-0.0840149$ & $0.049685$ & $-0.0452015$ & $0.0591873$ & $0.169954$ \\
eHZZpar & $0.0136465$ & $-0.0154859$ & $0.0364465$ & $-0.0326044$ & $-0.0162444$ & $-0.0188718$ & $-0.0553628$ & $-0.0217995$ & $-0.02125$ & $0.0242308$ & $0.0121062$ & $1.90507e-05$ & $0.0210494$ & $0.00133946$ & $0.030413$ & $-0.00663052$ & $0.0233601$ & $-0.00261174$ & $0.0232562$ & $-0.00954166$ & $-0.0165012$ & $-0.0121021$ & $0.0090223$ & $0.0333713$ & $0.0181575$ & $-0.00944562$ & $-0.0145248$ & $-0.00241142$ & $-0.0125027$ & $-0.0267067$ & $-0.0194891$ & $-0.0622544$ & $-0.0364809$ & $-0.0392166$ & $0.0565775$ & $-0.0219388$ & $-0.066063$ & $-0.0136555$ & $-2.22262e-06$ & $1$ & $0.0993499$ & $-0.0369483$ & $-0.0222414$ & $-0.0682237$ & $-0.0320747$ & $0.016917$ & $-0.0410371$ & $-0.034388$ & $-0.0787092$ \\
eHZgaint & $0.267955$ & $-0.034654$ & $0.101031$ & $-0.160017$ & $-0.0272784$ & $-0.00477603$ & $0.0078204$ & $-0.0281049$ & $-0.0286674$ & $0.00279461$ & $0.0576018$ & $0.0249153$ & $0.0102191$ & $-0.0785905$ & $-0.011959$ & $-0.0227992$ & $-0.0465888$ & $-0.046074$ & $-0.0356336$ & $-0.0583598$ & $-0.0576135$ & $-0.0538981$ & $0.0455493$ & $-0.0318839$ & $-0.0565603$ & $-0.014972$ & $-0.0146411$ & $0.00740132$ & $-0.00298608$ & $-0.00246441$ & $-0.0737944$ & $0.0183718$ & $-0.0236658$ & $-0.00867753$ & $-0.0281763$ & $-0.01231$ & $-0.214209$ & $-0.0120406$ & $0.25534$ & $0.0993499$ & $1$ & $-0.0170208$ & $-0.0740437$ & $-0.277534$ & $-0.196914$ & $0.125723$ & $-0.260466$ & $-0.219485$ & $-0.0742563$ \\
eHZgapar & $-0.130671$ & $0.0293695$ & $-0.00681116$ & $0.00737566$ & $-0.0184168$ & $-0.0235096$ & $0.0300281$ & $0.0323482$ & $0.0329099$ & $-0.0213573$ & $-0.0160487$ & $-0.0014522$ & $0.00290707$ & $-0.0282306$ & $0.00508989$ & $0.000242196$ & $-0.025198$ & $-0.0339856$ & $-0.029407$ & $0.0177439$ & $0.0201236$ & $0.0129852$ & $0.0162154$ & $-0.0451705$ & $-0.033615$ & $-0.010297$ & $0.00278767$ & $-0.0105957$ & $0.0142244$ & $-0.00898095$ & $0.0392514$ & $0.0251155$ & $0.031818$ & $0.0240217$ & $-0.0269906$ & $0.00674344$ & $-0.0208047$ & $0.00409026$ & $-0.0437948$ & $-0.0369483$ & $-0.0170208$ & $1$ & $0.0339353$ & $-0.062425$ & $0.0631215$ & $0.0383347$ & $0.0772275$ & $-0.0275279$ & $0.104303$ \\
eHgagaint & $0.199556$ & $0.012887$ & $-0.0997942$ & $-0.047864$ & $-0.048261$ & $-0.00318688$ & $-0.0245084$ & $-0.0516761$ & $-0.0181525$ & $0.0597252$ & $0.00937402$ & $0.0154594$ & $-0.0485514$ & $0.0333032$ & $0.0743813$ & $0.07533$ & $0.080943$ & $0.0265279$ & $0.0238381$ & $-0.000647942$ & $-0.0243009$ & $-0.0239455$ & $-0.0670933$ & $0.0753299$ & $-0.00348761$ & $0.0165368$ & $-0.144769$ & $0.00602988$ & $0.0141585$ & $-0.0276916$ & $-0.00136209$ & $-0.0243681$ & $-0.0340986$ & $-0.0932438$ & $0.144579$ & $0.183785$ & $-0.189768$ & $0.0265195$ & $-0.222685$ & $-0.0222414$ & $-0.0740437$ & $0.0339353$ & $1$ & $0.0776001$ & $0.0593188$ & $0.0609044$ & $0.0519164$ & $-0.242825$ & $0.0506114$ \\
eHmumuint & $0.0793842$ & $0.17632$ & $-0.109544$ & $0.0144676$ & $0.0190129$ & $0.00822454$ & $0.0250325$ & $-0.00932899$ & $-0.00508473$ & $0.000158168$ & $0.00336181$ & $0.000437156$ & $-0.00474966$ & $0.00921701$ & $0.0523153$ & $0.0611365$ & $-0.00210875$ & $-0.0254097$ & $-0.0385394$ & $0.00142016$ & $-0.00989657$ & $-0.0126237$ & $-0.0784634$ & $0.0122217$ & $-0.0418686$ & $0.0423041$ & $-0.0795255$ & $-0.0168171$ & $0.033884$ & $-0.0243814$ & $-0.0117199$ & $0.00410232$ & $-0.0842072$ & $-0.0422445$ & $-0.107604$ & $0.0453165$ & $0.203705$ & $0.0430269$ & $-0.250061$ & $-0.0682237$ & $-0.277534$ & $-0.062425$ & $0.0776001$ & $1$ & $0.252277$ & $0.0797911$ & $-0.100153$ & $0.0904049$ & $-0.179554$ \\
eHtautauint & $-0.191328$ & $0.0179779$ & $0.0339301$ & $-0.142972$ & $0.0199693$ & $-0.0458471$ & $-0.0416413$ & $-0.03664$ & $-0.0411708$ & $0.0273741$ & $-0.0115235$ & $-0.0506325$ & $-0.0505116$ & $0.0598795$ & $0.0706681$ & $0.0735133$ & $0.0991331$ & $0.047388$ & $0.0379937$ & $0.022515$ & $0.00267456$ & $-0.00561797$ & $-0.0210701$ & $0.10042$ & $0.0641175$ & $-0.0308476$ & $-0.0893944$ & $-0.0126657$ & $-0.0386194$ & $0.0304618$ & $0.0341183$ & $-0.0388463$ & $0.123638$ & $-0.0751617$ & $-0.138123$ & $0.114811$ & $0.0873843$ & $0.0135929$ & $-0.0840149$ & $-0.0320747$ & $-0.196914$ & $0.0631215$ & $0.0593188$ & $0.252277$ & $1$ & $0.0131986$ & $0.104239$ & $0.200461$ & $0.363089$ \\
eHccint & $0.0598157$ & $0.106882$ & $-0.13208$ & $-0.0844222$ & $0.0201731$ & $-0.0066884$ & $-0.0122054$ & $0.0417756$ & $0.0433216$ & $-0.0489757$ & $-0.00660485$ & $0.0220287$ & $0.0205432$ & $-0.0665098$ & $-0.0343973$ & $0.00586225$ & $-0.0523534$ & $-0.0429005$ & $-0.0701266$ & $0.00500609$ & $0.0140774$ & $0.0115771$ & $0.0299942$ & $-0.0505301$ & $-0.0700742$ & $-0.0442577$ & $0.027882$ & $0.0702902$ & $0.0327205$ & $-0.0181574$ & $0.0897314$ & $-0.00254625$ & $0.0166304$ & $0.0757211$ & $0.193866$ & $-0.000215057$ & $0.0176393$ & $-7.1544e-05$ & $0.049685$ & $0.016917$ & $0.125723$ & $0.0383347$ & $0.0609044$ & $0.0797911$ & $0.0131986$ & $1$ & $0.0518099$ & $-0.0833741$ & $0.115719$ \\
eHccpar & $-0.339611$ & $-0.0316935$ & $-0.0493141$ & $-0.00608768$ & $0.0051543$ & $-0.0322404$ & $0.0437826$ & $0.0195193$ & $0.0230534$ & $0.00183917$ & $-0.039206$ & $-0.0396975$ & $-0.0266475$ & $0.0297403$ & $-0.0154455$ & $0.011487$ & $0.0583693$ & $0.0481073$ & $0.0251476$ & $0.0374824$ & $0.0421125$ & $0.035869$ & $0.0316735$ & $0.0286942$ & $0.0636687$ & $-0.0259838$ & $0.0407338$ & $-0.0188004$ & $0.00456905$ & $0.0224394$ & $0.27644$ & $0.0454425$ & $0.0834765$ & $0.0383772$ & $0.0741695$ & $-0.0715389$ & $0.025122$ & $-0.0321997$ & $-0.0452015$ & $-0.0410371$ & $-0.260466$ & $0.0772275$ & $0.0519164$ & $-0.100153$ & $0.104239$ & $0.0518099$ & $1$ & $-0.160933$ & $0.326973$ \\
eHbbint & $-0.173767$ & $0.0626416$ & $0.0896617$ & $-0.0644202$ & $0.0194496$ & $-0.010386$ & $-0.0517992$ & $0.0396752$ & $0.0287748$ & $-0.00611524$ & $-0.0516351$ & $0.00218161$ & $0.0618061$ & $0.0432353$ & $0.0280751$ & $0.0282946$ & $0.0143485$ & $0.00451755$ & $0.0025267$ & $0.0561107$ & $0.0531315$ & $0.048712$ & $0.0203939$ & $0.00800745$ & $0.0328666$ & $-0.0528366$ & $0.0256847$ & $0.00699964$ & $-0.0162074$ & $0.019176$ & $-0.0397353$ & $-0.0705355$ & $0.0814706$ & $0.0059443$ & $-0.307841$ & $-0.0337219$ & $0.263059$ & $-0.0433246$ & $0.0591873$ & $-0.034388$ & $-0.219485$ & $-0.0275279$ & $-0.242825$ & $0.0904049$ & $0.200461$ & $-0.0833741$ & $-0.160933$ & $1$ & $-0.126189$ \\
eHbbpar & $-0.0315387$ & $0.0262354$ & $-0.048509$ & $0.0332955$ & $0.0161432$ & $-0.00416359$ & $0.00617159$ & $-0.0290353$ & $-0.0326443$ & $-0.000760449$ & $0.0277613$ & $-0.0123404$ & $-0.0226763$ & $-0.0359847$ & $-0.000843811$ & $0.0123531$ & $0.0161935$ & $0.00236535$ & $-0.0032843$ & $-0.0216741$ & $-0.0282935$ & $-0.026237$ & $0.0509964$ & $0.0314219$ & $0.012299$ & $-0.00693443$ & $0.00239631$ & $-0.0110626$ & $0.00173435$ & $0.0254867$ & $0.117727$ & $0.0291206$ & $0.32943$ & $-0.0120633$ & $0.0926699$ & $0.0901468$ & $0.00760928$ & $-0.0277997$ & $0.169954$ & $-0.0787092$ & $-0.0742563$ & $0.104303$ & $0.0506114$ & $-0.179554$ & $0.363089$ & $0.115719$ & $0.326973$ & $-0.126189$ & $1$ \\
