 & AlsMz & dAle5Mz & mtop & mHl & Mz & CW & CHG & CHWB & CHWHB_gaga & CHWHB_gagaorth & CHD & CHbox & CH & CHL1_11 & CHL1_22 & CHL1_33 & CHL3_11 & CHL3_22 & CHL3_33 & CHe_11 & CHe_22 & CHe_33 & CHQ1_11 & CHQ1_33 & CHQ3_11 & CHu_11 & CHd_11 & CHd_33 & CeH_22r & CeH_33r & CuH_22r & CuH_33r & CdH_33r & CLL_1221 & eHggint & eHggpar & eHWWint & eHWWpar & eHZZint & eHZZpar & eHZgaint & eHZgapar & eHgagaint & eHmumuint & eHtautauint & eHccint & eHccpar & eHbbint & eHbbpar \\
AlsMz & $1$ & $-0.184225$ & $0.230311$ & $0.275801$ & $-0.0165729$ & $0.018877$ & $0.0216417$ & $0.12633$ & $0.128771$ & $-0.0563007$ & $-0.0645519$ & $-0.0377858$ & $-0.0517666$ & $-0.0601369$ & $0.0287497$ & $-0.0270139$ & $-0.0989496$ & $-0.132086$ & $-0.0847791$ & $0.0544574$ & $0.0718413$ & $0.0719459$ & $-0.0206934$ & $-0.160809$ & $-0.113716$ & $-0.0160017$ & $0.116317$ & $0.0428266$ & $-0.00708483$ & $-0.0278484$ & $-0.105729$ & $0.00838163$ & $-0.0344601$ & $0.0869534$ & $0.0741991$ & $-0.0897114$ & $-0.36194$ & $0.0532915$ & $0.254156$ & $0.0232711$ & $-0.15066$ & $0.0285933$ & $-0.0707716$ & $-0.279995$ & $0.276087$ & $0.0367034$ & $-0.321596$ & $-0.0210992$ & $0.0126394$ \\
dAle5Mz & $-0.184225$ & $1$ & $0.00312611$ & $-0.289669$ & $0.0429261$ & $0.056853$ & $0.0343951$ & $-0.126217$ & $-0.123317$ & $0.0558457$ & $0.0403159$ & $-0.00108956$ & $0.0153132$ & $0.0989932$ & $0.0579632$ & $0.0251571$ & $0.127637$ & $0.110329$ & $0.136925$ & $-0.0218858$ & $-0.0457119$ & $-0.0414747$ & $-0.1056$ & $0.171301$ & $0.0859307$ & $0.0683505$ & $-0.191121$ & $-0.0382306$ & $0.0367619$ & $0.0306198$ & $0.0194689$ & $0.03967$ & $-0.000348119$ & $-0.161136$ & $0.0151912$ & $-0.457455$ & $0.132175$ & $0.0765614$ & $0.232336$ & $-0.00367417$ & $0.0920016$ & $0.031814$ & $0.0191417$ & $0.0480423$ & $0.197509$ & $0.132489$ & $0.262517$ & $-0.244437$ & $-0.0426798$ \\
mtop & $0.230311$ & $0.00312611$ & $1$ & $0.246908$ & $-0.0140308$ & $0.0534773$ & $-0.1297$ & $0.112505$ & $0.107999$ & $-0.135487$ & $-0.0709021$ & $0.0890357$ & $0.131004$ & $0.00908472$ & $0.0240618$ & $-0.0428249$ & $-0.0845902$ & $-0.0853493$ & $-0.0356877$ & $0.0641347$ & $0.0813991$ & $0.0792974$ & $-0.0120765$ & $-0.114687$ & $-0.0541973$ & $-0.022516$ & $0.113639$ & $0.0733283$ & $0.0660879$ & $0.0944647$ & $0.0157573$ & $-0.135406$ & $0.106245$ & $0.0624821$ & $0.147977$ & $-0.279107$ & $0.0869049$ & $0.134245$ & $0.140245$ & $-0.0160866$ & $0.0256298$ & $-0.0320171$ & $-0.209024$ & $-0.0667037$ & $0.0348266$ & $-0.178918$ & $-0.287902$ & $-0.0041816$ & $0.0863913$ \\
mHl & $0.275801$ & $-0.289669$ & $0.246908$ & $1$ & $-0.0521054$ & $-0.0176981$ & $0.0131761$ & $0.0894834$ & $0.0966519$ & $-0.0818092$ & $-0.102604$ & $-0.0468945$ & $0.0371044$ & $0.084968$ & $0.0411974$ & $0.0662443$ & $0.021613$ & $0.0164468$ & $0.00336825$ & $0.0955816$ & $0.101134$ & $0.0947072$ & $-0.0335735$ & $-0.0210296$ & $0.0139746$ & $-0.0423153$ & $0.0372081$ & $0.0626931$ & $0.0661985$ & $0.0627867$ & $0.0882724$ & $0.0270622$ & $0.107297$ & $0.0333136$ & $-0.173817$ & $0.0715335$ & $0.073321$ & $-0.101361$ & $-0.0392366$ & $0.0376654$ & $-0.187393$ & $-0.0562325$ & $0.113763$ & $-0.28502$ & $-0.176746$ & $-0.0583537$ & $-0.0394692$ & $0.0719656$ & $0.238933$ \\
Mz & $-0.0165729$ & $0.0429261$ & $-0.0140308$ & $-0.0521054$ & $1$ & $-0.0228958$ & $-0.00951136$ & $0.0514795$ & $0.0451992$ & $-0.0166847$ & $-0.0564012$ & $-0.0224104$ & $-0.0229248$ & $0.0490586$ & $0.0215009$ & $0.0632957$ & $0.0186456$ & $0.0179755$ & $-0.00878783$ & $0.063418$ & $0.0628855$ & $0.063358$ & $-0.00199181$ & $-0.0126368$ & $0.0284521$ & $-0.0342532$ & $0.0404293$ & $-0.00383339$ & $-0.0155656$ & $-0.0473756$ & $0.0276317$ & $-0.0182641$ & $-0.045938$ & $0.0262643$ & $0.0275501$ & $-0.0260095$ & $0.0138488$ & $0.0151756$ & $0.00935264$ & $0.0267587$ & $0.0530933$ & $0.0612153$ & $-0.0221097$ & $0.0100628$ & $0.0446842$ & $0.0104445$ & $0.0246254$ & $-0.0403144$ & $0.0190891$ \\
CW & $0.018877$ & $0.056853$ & $0.0534773$ & $-0.0176981$ & $-0.0228958$ & $1$ & $-0.0236995$ & $0.00364625$ & $-0.00173749$ & $-0.0165395$ & $0.0908933$ & $0.0255023$ & $-0.00901393$ & $0.0142946$ & $-0.0452039$ & $-0.0444158$ & $-0.337614$ & $-0.154675$ & $-0.149407$ & $-0.0890929$ & $-0.0935825$ & $-0.0914936$ & $-0.00958454$ & $-0.131494$ & $-0.199888$ & $0.0576688$ & $-0.0653753$ & $-0.00372026$ & $0.0173603$ & $-0.0421167$ & $-0.0671852$ & $-0.0377232$ & $-0.0577573$ & $-0.0789624$ & $0.0220242$ & $-0.0506514$ & $-0.0133353$ & $0.0296436$ & $-0.0260515$ & $0.0495739$ & $0.0119016$ & $-0.0153461$ & $-0.0354469$ & $0.041392$ & $0.00231056$ & $-0.00674422$ & $-0.0103701$ & $-0.0505603$ & $-0.0292438$ \\
CHG & $0.0216417$ & $0.0343951$ & $-0.1297$ & $0.0131761$ & $-0.00951136$ & $-0.0236995$ & $1$ & $-0.136957$ & $-0.112654$ & $0.226334$ & $0.190019$ & $-0.410021$ & $-0.771151$ & $-0.183874$ & $-0.0567494$ & $-0.0716314$ & $-0.100649$ & $-0.0914768$ & $-0.0870697$ & $-0.183646$ & $-0.193954$ & $-0.191312$ & $-0.0811135$ & $-0.016812$ & $-0.121798$ & $0.179894$ & $-0.127064$ & $-0.0677783$ & $-0.102716$ & $-0.568276$ & $-0.350742$ & $0.959201$ & $-0.584579$ & $-0.0662478$ & $-0.103296$ & $0.0068068$ & $-0.0485026$ & $-0.0597452$ & $-0.00514799$ & $0.069132$ & $0.183092$ & $0.0829255$ & $0.0553413$ & $-0.0675592$ & $-0.0846335$ & $0.199981$ & $-0.0112872$ & $-0.042486$ & $0.173731$ \\
CHWB & $0.12633$ & $-0.126217$ & $0.112505$ & $0.0894834$ & $0.0514795$ & $0.00364625$ & $-0.136957$ & $1$ & $0.989515$ & $-0.556006$ & $-0.869525$ & $-0.0998582$ & $0.115511$ & $0.278742$ & $0.449021$ & $0.460492$ & $-0.225748$ & $-0.40297$ & $-0.393872$ & $0.850841$ & $0.884647$ & $0.874116$ & $0.0178704$ & $-0.61118$ & $-0.373893$ & $-0.593669$ & $0.376575$ & $0.399636$ & $0.00653631$ & $0.0840915$ & $0.0487814$ & $-0.147464$ & $0.0838644$ & $0.479834$ & $0.014378$ & $0.0259091$ & $-0.0819418$ & $-0.00861032$ & $0.0899992$ & $-0.0465681$ & $-0.0851128$ & $0.00517204$ & $-0.0754009$ & $-0.0992218$ & $0.0605622$ & $0.0188567$ & $-0.118427$ & $0.0258775$ & $-0.00611645$ \\
CHWHB_gaga & $0.128771$ & $-0.123317$ & $0.107999$ & $0.0966519$ & $0.0451992$ & $-0.00173749$ & $-0.112654$ & $0.989515$ & $1$ & $-0.547454$ & $-0.861104$ & $-0.0790442$ & $0.1228$ & $0.275898$ & $0.449845$ & $0.460509$ & $-0.222335$ & $-0.40076$ & $-0.391789$ & $0.843223$ & $0.875429$ & $0.864772$ & $0.00803292$ & $-0.60266$ & $-0.373159$ & $-0.581526$ & $0.364571$ & $0.397286$ & $0.022317$ & $0.105689$ & $0.0668099$ & $-0.124025$ & $0.108983$ & $0.470043$ & $0.00542863$ & $0.0221256$ & $-0.0778534$ & $-0.0160428$ & $0.0982366$ & $-0.0467034$ & $-0.0804734$ & $-6.41243e-05$ & $-0.0482715$ & $-0.10009$ & $0.0509832$ & $0.0207436$ & $-0.111105$ & $0.0250054$ & $0.00780445$ \\
CHWHB_gagaorth & $-0.0563007$ & $0.0558457$ & $-0.135487$ & $-0.0818092$ & $-0.0166847$ & $-0.0165395$ & $0.226334$ & $-0.556006$ & $-0.547454$ & $1$ & $0.488544$ & $0.227363$ & $-0.258001$ & $-0.177383$ & $-0.235711$ & $-0.264912$ & $0.124936$ & $0.203409$ & $0.21831$ & $-0.478218$ & $-0.497609$ & $-0.485721$ & $0.00671075$ & $0.332636$ & $0.202671$ & $0.329$ & $-0.19879$ & $-0.2416$ & $-0.0560725$ & $-0.193578$ & $-0.130413$ & $0.247717$ & $-0.223199$ & $-0.273484$ & $-0.00391382$ & $0.0117527$ & $0.0636305$ & $-0.00876074$ & $-0.0603498$ & $0.0318683$ & $0.066451$ & $0.0194854$ & $0.0666836$ & $0.0708357$ & $-0.0589184$ & $0.0514015$ & $0.0322548$ & $-0.00588073$ & $-0.0444182$ \\
CHD & $-0.0645519$ & $0.0403159$ & $-0.0709021$ & $-0.102604$ & $-0.0564012$ & $0.0908933$ & $0.190019$ & $-0.869525$ & $-0.861104$ & $0.488544$ & $1$ & $0.142298$ & $-0.207606$ & $-0.676956$ & $-0.582799$ & $-0.574452$ & $-0.254597$ & $-0.0190571$ & $-0.0409412$ & $-0.994686$ & $-0.994965$ & $-0.982784$ & $0.0635444$ & $0.186963$ & $-0.0660116$ & $0.672305$ & $-0.215043$ & $-0.436638$ & $-0.0305752$ & $-0.14948$ & $-0.120011$ & $0.195117$ & $-0.187999$ & $-0.245225$ & $-0.00378505$ & $0.00431454$ & $0.0712281$ & $-0.00385858$ & $-0.0906673$ & $0.0805575$ & $0.0708682$ & $0.0330598$ & $0.0300894$ & $0.111367$ & $-0.0716023$ & $0.0129347$ & $0.025261$ & $0.0343891$ & $-0.0641109$ \\
CHbox & $-0.0377858$ & $-0.00108956$ & $0.0890357$ & $-0.0468945$ & $-0.0224104$ & $0.0255023$ & $-0.410021$ & $-0.0998582$ & $-0.0790442$ & $0.227363$ & $0.142298$ & $1$ & $0.528064$ & $-0.12424$ & $-0.0641937$ & $-0.0638343$ & $-0.0905345$ & $-0.0574738$ & $-0.0601148$ & $-0.137763$ & $-0.142255$ & $-0.135506$ & $0.0511403$ & $-0.00552234$ & $-0.0270251$ & $0.0911962$ & $0.0213899$ & $-0.0713167$ & $0.104355$ & $0.46909$ & $0.262841$ & $-0.328081$ & $0.489957$ & $-0.0372936$ & $0.0309798$ & $-0.0172259$ & $0.0522242$ & $0.081889$ & $0.0264708$ & $0.0186606$ & $-0.0464484$ & $-0.0538856$ & $0.0903642$ & $0.0996917$ & $0.0346999$ & $-0.0840015$ & $0.0117438$ & $0.0759807$ & $-0.0981597$ \\
CH & $-0.0517666$ & $0.0153132$ & $0.131004$ & $0.0371044$ & $-0.0229248$ & $-0.00901393$ & $-0.771151$ & $0.115511$ & $0.1228$ & $-0.258001$ & $-0.207606$ & $0.528064$ & $1$ & $0.239967$ & $0.122565$ & $0.0976505$ & $0.168487$ & $0.123915$ & $0.146055$ & $0.20658$ & $0.205591$ & $0.199924$ & $0.0454434$ & $0.0778751$ & $0.155552$ & $-0.180631$ & $0.0409254$ & $0.0671432$ & $0.215146$ & $0.718711$ & $0.441915$ & $-0.687274$ & $0.761344$ & $-0.0143989$ & $0.0866069$ & $-0.0238095$ & $0.0832847$ & $0.0436037$ & $0.037412$ & $-0.0739951$ & $-0.235108$ & $-0.114284$ & $0.0297465$ & $0.0704303$ & $0.052422$ & $-0.253722$ & $0.0415941$ & $-0.037022$ & $-0.0643536$ \\
CHL1_11 & $-0.0601369$ & $0.0989932$ & $0.00908472$ & $0.084968$ & $0.0490586$ & $0.0142946$ & $-0.183874$ & $0.278742$ & $0.275898$ & $-0.177383$ & $-0.676956$ & $-0.12424$ & $0.239967$ & $1$ & $0.425772$ & $0.404874$ & $0.631591$ & $0.58103$ & $0.602047$ & $0.688536$ & $0.64934$ & $0.64056$ & $-0.131141$ & $0.443801$ & $0.595567$ & $-0.448207$ & $-0.100029$ & $0.275465$ & $0.0516385$ & $0.163771$ & $0.14672$ & $-0.183666$ & $0.228451$ & $-0.219992$ & $-0.0145823$ & $-0.0519602$ & $-0.00318659$ & $0.0219684$ & $0.039755$ & $-0.0803858$ & $-0.0268343$ & $-0.0827861$ & $0.0500959$ & $-0.0535741$ & $0.0306697$ & $-0.0628846$ & $0.100376$ & $-0.109729$ & $0.113045$ \\
CHL1_22 & $0.0287497$ & $0.0579632$ & $0.0240618$ & $0.0411974$ & $0.0215009$ & $-0.0452039$ & $-0.0567494$ & $0.449021$ & $0.449845$ & $-0.235711$ & $-0.582799$ & $-0.0641937$ & $0.122565$ & $0.425772$ & $1$ & $0.529984$ & $0.213551$ & $-0.307517$ & $0.0487028$ & $0.626789$ & $0.52593$ & $0.520501$ & $-0.209763$ & $0.0797864$ & $-0.0546263$ & $-0.346677$ & $-0.356274$ & $0.270523$ & $0.0459111$ & $0.0927735$ & $0.110673$ & $-0.0433634$ & $0.140537$ & $-0.532099$ & $-0.0715907$ & $-0.0342352$ & $-0.117772$ & $0.0191548$ & $0.0397905$ & $0.00639601$ & $-0.0416511$ & $-0.0687733$ & $0.0198382$ & $-0.0530222$ & $0.0986308$ & $-0.00905465$ & $0.0740958$ & $-0.0504745$ & $0.186124$ \\
CHL1_33 & $-0.0270139$ & $0.0251571$ & $-0.0428249$ & $0.0662443$ & $0.0632957$ & $-0.0444158$ & $-0.0716314$ & $0.460492$ & $0.460509$ & $-0.264912$ & $-0.574452$ & $-0.0638343$ & $0.0976505$ & $0.404874$ & $0.529984$ & $1$ & $0.172818$ & $-0.00369029$ & $-0.288927$ & $0.616498$ & $0.520618$ & $0.536266$ & $-0.185281$ & $0.0483096$ & $-0.0564304$ & $-0.342264$ & $-0.2942$ & $0.276974$ & $0.0276118$ & $0.100055$ & $0.11121$ & $-0.0608672$ & $0.138505$ & $-0.0530985$ & $-0.0657765$ & $0.0108293$ & $-0.115894$ & $0.0509275$ & $-0.0361521$ & $0.0150144$ & $-0.0457644$ & $-0.0356598$ & $-0.0040569$ & $-0.0424298$ & $0.0623656$ & $-0.018484$ & $0.0718941$ & $-0.0075921$ & $0.0917704$ \\
CHL3_11 & $-0.0989496$ & $0.127637$ & $-0.0845902$ & $0.021613$ & $0.0186456$ & $-0.337614$ & $-0.100649$ & $-0.225748$ & $-0.222335$ & $0.124936$ & $-0.254597$ & $-0.0905345$ & $0.168487$ & $0.631591$ & $0.213551$ & $0.172818$ & $1$ & $0.795951$ & $0.819371$ & $0.269357$ & $0.228959$ & $0.224364$ & $-0.125384$ & $0.763887$ & $0.846842$ & $-0.160066$ & $-0.20596$ & $0.0645143$ & $0.0426506$ & $0.120651$ & $0.136649$ & $-0.0905716$ & $0.195001$ & $-0.304477$ & $-0.00384193$ & $-0.0414214$ & $0.0156771$ & $0.0161827$ & $0.0170571$ & $-0.0761831$ & $0.0365142$ & $-0.0507347$ & $0.0713931$ & $-0.0427551$ & $0.0270573$ & $-0.0448531$ & $0.163012$ & $-0.0941601$ & $0.120571$ \\
CHL3_22 & $-0.132086$ & $0.110329$ & $-0.0853493$ & $0.0164468$ & $0.0179755$ & $-0.154675$ & $-0.0914768$ & $-0.40297$ & $-0.40076$ & $0.203409$ & $-0.0190571$ & $-0.0574738$ & $0.123915$ & $0.58103$ & $-0.307517$ & $-0.00369029$ & $0.795951$ & $1$ & $0.769166$ & $0.018617$ & $0.015899$ & $0.0162394$ & $-0.031208$ & $0.721215$ & $0.866028$ & $-0.0246717$ & $-0.056278$ & $-0.0372201$ & $0.0213945$ & $0.0857828$ & $0.0832845$ & $-0.0903232$ & $0.134504$ & $-0.0566275$ & $0.0232809$ & $-0.0287675$ & $0.0823851$ & $0.0145767$ & $-0.0191759$ & $-0.0755828$ & $0.0443943$ & $-0.0322583$ & $0.0684834$ & $-0.00329612$ & $-0.0363239$ & $-0.0588053$ & $0.125672$ & $-0.083292$ & $0.0231684$ \\
CHL3_33 & $-0.0847791$ & $0.136925$ & $-0.0356877$ & $0.00336825$ & $-0.00878783$ & $-0.149407$ & $-0.0870697$ & $-0.393872$ & $-0.391789$ & $0.21831$ & $-0.0409412$ & $-0.0601148$ & $0.146055$ & $0.602047$ & $0.0487028$ & $-0.288927$ & $0.819371$ & $0.769166$ & $1$ & $0.0436414$ & $0.0343241$ & $0.0333529$ & $-0.0551467$ & $0.737462$ & $0.857063$ & $-0.0358583$ & $-0.108735$ & $-0.0335274$ & $0.0348639$ & $0.0845778$ & $0.0832138$ & $-0.0819042$ & $0.140968$ & $-0.405032$ & $0.0207141$ & $-0.0599881$ & $0.0761512$ & $-0.00280434$ & $0.0352357$ & $-0.0817436$ & $0.0397917$ & $-0.0576363$ & $0.0816699$ & $-0.0144685$ & $-0.00471727$ & $-0.0515364$ & $0.124963$ & $-0.112865$ & $0.0871994$ \\
CHe_11 & $0.0544574$ & $-0.0218858$ & $0.0641347$ & $0.0955816$ & $0.063418$ & $-0.0890929$ & $-0.183646$ & $0.850841$ & $0.843223$ & $-0.478218$ & $-0.994686$ & $-0.137763$ & $0.20658$ & $0.688536$ & $0.626789$ & $0.616498$ & $0.269357$ & $0.018617$ & $0.0436414$ & $1$ & $0.984244$ & $0.973089$ & $-0.0841443$ & $-0.150637$ & $0.0721138$ & $-0.664018$ & $0.15711$ & $0.436219$ & $0.0320285$ & $0.150648$ & $0.124452$ & $-0.186795$ & $0.191894$ & $0.184197$ & $-0.00291253$ & $-0.00888462$ & $-0.0759535$ & $0.0078759$ & $0.084697$ & $-0.0750717$ & $-0.0690501$ & $-0.0362088$ & $-0.0256607$ & $-0.10703$ & $0.0767269$ & $-0.0150911$ & $-0.0104828$ & $-0.0402992$ & $0.076987$ \\
CHe_22 & $0.0718413$ & $-0.0457119$ & $0.0813991$ & $0.101134$ & $0.0628855$ & $-0.0935825$ & $-0.193954$ & $0.884647$ & $0.875429$ & $-0.497609$ & $-0.994965$ & $-0.142255$ & $0.205591$ & $0.64934$ & $0.52593$ & $0.520618$ & $0.228959$ & $0.015899$ & $0.0343241$ & $0.984244$ & $1$ & $0.985226$ & $-0.0410095$ & $-0.230575$ & $0.0546608$ & $-0.67388$ & $0.279913$ & $0.432399$ & $0.028186$ & $0.146137$ & $0.11258$ & $-0.200783$ & $0.180583$ & $0.314577$ & $0.0134685$ & $-0.00478058$ & $-0.0618759$ & $0.000862243$ & $0.0991709$ & $-0.0862902$ & $-0.0703667$ & $-0.0264856$ & $-0.0373625$ & $-0.113813$ & $0.0680824$ & $-0.00957216$ & $-0.0389426$ & $-0.0311404$ & $0.0482058$ \\
CHe_33 & $0.0719459$ & $-0.0414747$ & $0.0792974$ & $0.0947072$ & $0.063358$ & $-0.0914936$ & $-0.191312$ & $0.874116$ & $0.864772$ & $-0.485721$ & $-0.982784$ & $-0.135506$ & $0.199924$ & $0.64056$ & $0.520501$ & $0.536266$ & $0.224364$ & $0.0162394$ & $0.0333529$ & $0.973089$ & $0.985226$ & $1$ & $-0.0389974$ & $-0.226866$ & $0.0537221$ & $-0.665201$ & $0.275012$ & $0.430079$ & $0.0240775$ & $0.142692$ & $0.107059$ & $-0.19607$ & $0.178191$ & $0.311643$ & $0.0179358$ & $-0.00566239$ & $-0.0632198$ & $0.00475425$ & $0.100746$ & $-0.0831971$ & $-0.0656555$ & $-0.0219078$ & $-0.0373814$ & $-0.112259$ & $0.0722514$ & $-0.00619135$ & $-0.0419983$ & $-0.021166$ & $0.0439117$ \\
CHQ1_11 & $-0.0206934$ & $-0.1056$ & $-0.0120765$ & $-0.0335735$ & $-0.00199181$ & $-0.00958454$ & $-0.0811135$ & $0.0178704$ & $0.00803292$ & $0.00671075$ & $0.0635444$ & $0.0511403$ & $0.0454434$ & $-0.131141$ & $-0.209763$ & $-0.185281$ & $-0.125384$ & $-0.031208$ & $-0.0551467$ & $-0.0841443$ & $-0.0410095$ & $-0.0389974$ & $1$ & $-0.163744$ & $0.0157535$ & $-0.558365$ & $0.34791$ & $-0.0646083$ & $0.0388652$ & $0.018436$ & $-0.0529029$ & $-0.0839508$ & $-0.0137314$ & $0.215303$ & $0.0808644$ & $0.098104$ & $0.0506222$ & $-0.0427291$ & $0.0343923$ & $-0.0137142$ & $-0.00250181$ & $0.0315913$ & $-0.0682207$ & $-0.00142932$ & $-0.059284$ & $-0.0653415$ & $-0.0986899$ & $-0.00320002$ & $-0.0905152$ \\
CHQ1_33 & $-0.160809$ & $0.171301$ & $-0.114687$ & $-0.0210296$ & $-0.0126368$ & $-0.131494$ & $-0.016812$ & $-0.61118$ & $-0.60266$ & $0.332636$ & $0.186963$ & $-0.00552234$ & $0.0778751$ & $0.443801$ & $0.0797864$ & $0.0483096$ & $0.763887$ & $0.721215$ & $0.737462$ & $-0.150637$ & $-0.230575$ & $-0.226866$ & $-0.163744$ & $1$ & $0.74875$ & $0.162523$ & $-0.418463$ & $-0.0355295$ & $0.0436186$ & $0.0615124$ & $0.0772593$ & $-0.00534137$ & $0.115277$ & $-0.614075$ & $-0.0286505$ & $-0.0523988$ & $0.0309088$ & $0.0269958$ & $-0.0380292$ & $-0.0192961$ & $0.0689651$ & $-0.0517749$ & $0.100972$ & $0.0325457$ & $0.00075253$ & $-0.0534715$ & $0.188329$ & $-0.083765$ & $0.101233$ \\
CHQ3_11 & $-0.113716$ & $0.0859307$ & $-0.0541973$ & $0.0139746$ & $0.0284521$ & $-0.199888$ & $-0.121798$ & $-0.373893$ & $-0.373159$ & $0.202671$ & $-0.0660116$ & $-0.0270251$ & $0.155552$ & $0.595567$ & $-0.0546263$ & $-0.0564304$ & $0.846842$ & $0.866028$ & $0.857063$ & $0.0721138$ & $0.0546608$ & $0.0537221$ & $0.0157535$ & $0.74875$ & $1$ & $-0.0513139$ & $0.0889095$ & $-0.028931$ & $0.0491909$ & $0.101816$ & $0.077837$ & $-0.117823$ & $0.149643$ & $-0.260249$ & $0.0722638$ & $-0.0272146$ & $0.0976389$ & $0.00302055$ & $0.0249075$ & $-0.101488$ & $0.0523743$ & $-0.0203012$ & $0.0689044$ & $-0.00433791$ & $-0.0183196$ & $-0.063389$ & $0.114458$ & $-0.0835656$ & $0.0178918$ \\
CHu_11 & $-0.0160017$ & $0.0683505$ & $-0.022516$ & $-0.0423153$ & $-0.0342532$ & $0.0576688$ & $0.179894$ & $-0.593669$ & $-0.581526$ & $0.329$ & $0.672305$ & $0.0911962$ & $-0.180631$ & $-0.448207$ & $-0.346677$ & $-0.342264$ & $-0.160066$ & $-0.0246717$ & $-0.0358583$ & $-0.664018$ & $-0.67388$ & $-0.665201$ & $-0.558365$ & $0.162523$ & $-0.0513139$ & $1$ & $-0.168516$ & $-0.279541$ & $-0.0331192$ & $-0.119312$ & $-0.0552276$ & $0.180629$ & $-0.132312$ & $-0.215077$ & $-0.0122231$ & $-0.0599125$ & $0.0588142$ & $0.0243526$ & $-0.0566963$ & $0.0636125$ & $0.0528364$ & $0.0292156$ & $0.069025$ & $0.0882776$ & $-0.0229394$ & $0.0627952$ & $0.0533561$ & $0.034497$ & $-0.0363672$ \\
CHd_11 & $0.116317$ & $-0.191121$ & $0.113639$ & $0.0372081$ & $0.0404293$ & $-0.0653753$ & $-0.127064$ & $0.376575$ & $0.364571$ & $-0.19879$ & $-0.215043$ & $0.0213899$ & $0.0409254$ & $-0.100029$ & $-0.356274$ & $-0.2942$ & $-0.20596$ & $-0.056278$ & $-0.108735$ & $0.15711$ & $0.279913$ & $0.275012$ & $0.34791$ & $-0.418463$ & $0.0889095$ & $-0.168516$ & $1$ & $0.0499781$ & $0.0107333$ & $0.0158348$ & $-0.0746793$ & $-0.148767$ & $-0.0297472$ & $0.695415$ & $0.183488$ & $0.0466025$ & $0.0901044$ & $-0.0475233$ & $0.128457$ & $-0.104235$ & $-0.00579624$ & $0.10264$ & $-0.0716412$ & $-0.0408376$ & $-0.02092$ & $0.0124596$ & $-0.196273$ & $0.0586404$ & $-0.22119$ \\
CHd_33 & $0.0428266$ & $-0.0382306$ & $0.0733283$ & $0.0626931$ & $-0.00383339$ & $-0.00372026$ & $-0.0677783$ & $0.399636$ & $0.397286$ & $-0.2416$ & $-0.436638$ & $-0.0713167$ & $0.0671432$ & $0.275465$ & $0.270523$ & $0.276974$ & $0.0645143$ & $-0.0372201$ & $-0.0335274$ & $0.436219$ & $0.432399$ & $0.430079$ & $-0.0646083$ & $-0.0355295$ & $-0.028931$ & $-0.279541$ & $0.0499781$ & $1$ & $0.0209478$ & $0.0546101$ & $0.0518062$ & $-0.0759854$ & $0.0572602$ & $0.104862$ & $-0.035763$ & $0.0137233$ & $-0.0551863$ & $0.0607341$ & $0.0521812$ & $-0.0195133$ & $-0.0335607$ & $-0.0397478$ & $-0.0512201$ & $-0.096842$ & $0.0530732$ & $0.0341564$ & $-0.0245702$ & $-0.0115072$ & $0.0178415$ \\
CeH_22r & $-0.00708483$ & $0.0367619$ & $0.0660879$ & $0.0661985$ & $-0.0155656$ & $0.0173603$ & $-0.102716$ & $0.00653631$ & $0.022317$ & $-0.0560725$ & $-0.0305752$ & $0.104355$ & $0.215146$ & $0.0516385$ & $0.0459111$ & $0.0276118$ & $0.0426506$ & $0.0213945$ & $0.0348639$ & $0.0320285$ & $0.028186$ & $0.0240775$ & $0.0388652$ & $0.0436186$ & $0.0491909$ & $-0.0331192$ & $0.0107333$ & $0.0209478$ & $1$ & $0.203675$ & $0.149883$ & $-0.0957926$ & $0.200182$ & $-0.0361336$ & $0.0221673$ & $-0.00706253$ & $-0.0141095$ & $-0.0541277$ & $0.0710334$ & $-0.0148172$ & $-0.00457768$ & $-0.0375215$ & $0.0443685$ & $-0.0217808$ & $0.0234312$ & $-0.0293939$ & $0.0657843$ & $0.00736306$ & $0.0257487$ \\
CeH_33r & $-0.0278484$ & $0.0306198$ & $0.0944647$ & $0.0627867$ & $-0.0473756$ & $-0.0421167$ & $-0.568276$ & $0.0840915$ & $0.105689$ & $-0.193578$ & $-0.14948$ & $0.46909$ & $0.718711$ & $0.163771$ & $0.0927735$ & $0.100055$ & $0.120651$ & $0.0857828$ & $0.0845778$ & $0.150648$ & $0.146137$ & $0.142692$ & $0.018436$ & $0.0615124$ & $0.101816$ & $-0.119312$ & $0.0158348$ & $0.0546101$ & $0.203675$ & $1$ & $0.513493$ & $-0.433178$ & $0.843463$ & $-0.0092172$ & $0.010478$ & $-0.00934979$ & $0.0726159$ & $0.0622516$ & $-0.002775$ & $-0.0529642$ & $-0.229007$ & $-0.0644613$ & $-0.00640673$ & $0.0445026$ & $0.0224261$ & $-0.154901$ & $0.0181987$ & $-0.0397093$ & $-0.0947732$ \\
CuH_22r & $-0.105729$ & $0.0194689$ & $0.0157573$ & $0.0882724$ & $0.0276317$ & $-0.0671852$ & $-0.350742$ & $0.0487814$ & $0.0668099$ & $-0.130413$ & $-0.120011$ & $0.262841$ & $0.441915$ & $0.14672$ & $0.110673$ & $0.11121$ & $0.136649$ & $0.0832845$ & $0.0832138$ & $0.124452$ & $0.11258$ & $0.107059$ & $-0.0529029$ & $0.0772593$ & $0.077837$ & $-0.0552276$ & $-0.0746793$ & $0.0518062$ & $0.149883$ & $0.513493$ & $1$ & $-0.255636$ & $0.560717$ & $-0.0502655$ & $-0.0969878$ & $0.0742963$ & $0.0620229$ & $0.0476201$ & $-0.0164343$ & $-0.0142531$ & $-0.163293$ & $-0.0363552$ & $0.0435205$ & $-0.0324054$ & $-0.0457965$ & $-0.0193419$ & $0.165962$ & $0.0055759$ & $-0.0348445$ \\
CuH_33r & $0.00838163$ & $0.03967$ & $-0.135406$ & $0.0270622$ & $-0.0182641$ & $-0.0377232$ & $0.959201$ & $-0.147464$ & $-0.124025$ & $0.247717$ & $0.195117$ & $-0.328081$ & $-0.687274$ & $-0.183666$ & $-0.0433634$ & $-0.0608672$ & $-0.0905716$ & $-0.0903232$ & $-0.0819042$ & $-0.186795$ & $-0.200783$ & $-0.19607$ & $-0.0839508$ & $-0.00534137$ & $-0.117823$ & $0.180629$ & $-0.148767$ & $-0.0759854$ & $-0.0957926$ & $-0.433178$ & $-0.255636$ & $1$ & $-0.425719$ & $-0.0865688$ & $-0.113712$ & $0.0322716$ & $-0.0246596$ & $-0.0598264$ & $-0.00366871$ & $0.0708713$ & $0.138291$ & $0.0755308$ & $0.0630011$ & $-0.0636762$ & $-0.107144$ & $0.189644$ & $0.000340162$ & $-0.0588743$ & $0.164637$ \\
CdH_33r & $-0.0344601$ & $-0.000348119$ & $0.106245$ & $0.107297$ & $-0.045938$ & $-0.0577573$ & $-0.584579$ & $0.0838644$ & $0.108983$ & $-0.223199$ & $-0.187999$ & $0.489957$ & $0.761344$ & $0.228451$ & $0.140537$ & $0.138505$ & $0.195001$ & $0.134504$ & $0.140968$ & $0.191894$ & $0.180583$ & $0.178191$ & $-0.0137314$ & $0.115277$ & $0.149643$ & $-0.132312$ & $-0.0297472$ & $0.0572602$ & $0.200182$ & $0.843463$ & $0.560717$ & $-0.425719$ & $1$ & $-0.0503934$ & $-0.0717852$ & $0.00433434$ & $0.050683$ & $0.0257824$ & $0.0461169$ & $-0.0668198$ & $-0.159936$ & $-0.104576$ & $0.0690893$ & $-0.0370792$ & $0.0103619$ & $-0.150429$ & $0.0257035$ & $-0.0176381$ & $0.0767918$ \\
CLL_1221 & $0.0869534$ & $-0.161136$ & $0.0624821$ & $0.0333136$ & $0.0262643$ & $-0.0789624$ & $-0.0662478$ & $0.479834$ & $0.470043$ & $-0.273484$ & $-0.245225$ & $-0.0372936$ & $-0.0143989$ & $-0.219992$ & $-0.532099$ & $-0.0530985$ & $-0.304477$ & $-0.0566275$ & $-0.405032$ & $0.184197$ & $0.314577$ & $0.311643$ & $0.215303$ & $-0.614075$ & $-0.260249$ & $-0.215077$ & $0.695415$ & $0.104862$ & $-0.0361336$ & $-0.0092172$ & $-0.0502655$ & $-0.0865688$ & $-0.0503934$ & $1$ & $0.083971$ & $0.0563975$ & $0.028316$ & $-0.0253361$ & $0.0534212$ & $-0.0531967$ & $-0.0259257$ & $0.0825776$ & $-0.0910776$ & $-0.0535638$ & $-0.0266302$ & $0.0382999$ & $-0.166963$ & $0.0772199$ & $-0.179433$ \\
eHggint & $0.0741991$ & $0.0151912$ & $0.147977$ & $-0.173817$ & $0.0275501$ & $0.0220242$ & $-0.103296$ & $0.014378$ & $0.00542863$ & $-0.00391382$ & $-0.00378505$ & $0.0309798$ & $0.0866069$ & $-0.0145823$ & $-0.0715907$ & $-0.0657765$ & $-0.00384193$ & $0.0232809$ & $0.0207141$ & $-0.00291253$ & $0.0134685$ & $0.0179358$ & $0.0808644$ & $-0.0286505$ & $0.0722638$ & $-0.0122231$ & $0.183488$ & $-0.035763$ & $0.0221673$ & $0.010478$ & $-0.0969878$ & $-0.113712$ & $-0.0717852$ & $0.083971$ & $1$ & $-0.221021$ & $0.0884857$ & $0.0531489$ & $-0.0716013$ & $0.038471$ & $0.0483336$ & $0.110729$ & $-0.108707$ & $0.471265$ & $0.0289659$ & $-0.501148$ & $-0.173155$ & $-0.101366$ & $-0.318073$ \\
eHggpar & $-0.0897114$ & $-0.457455$ & $-0.279107$ & $0.0715335$ & $-0.0260095$ & $-0.0506514$ & $0.0068068$ & $0.0259091$ & $0.0221256$ & $0.0117527$ & $0.00431454$ & $-0.0172259$ & $-0.0238095$ & $-0.0519602$ & $-0.0342352$ & $0.0108293$ & $-0.0414214$ & $-0.0287675$ & $-0.0599881$ & $-0.00888462$ & $-0.00478058$ & $-0.00566239$ & $0.098104$ & $-0.0523988$ & $-0.0272146$ & $-0.0599125$ & $0.0466025$ & $0.0137233$ & $-0.00706253$ & $-0.00934979$ & $0.0742963$ & $0.0322716$ & $0.00433434$ & $0.0563975$ & $-0.221021$ & $1$ & $-0.0413758$ & $-0.0406509$ & $-0.233874$ & $0.0778068$ & $-0.101862$ & $-0.0067663$ & $-0.0416308$ & $-0.373958$ & $-0.395473$ & $0.0378$ & $0.149451$ & $0.0694373$ & $-0.0829141$ \\
eHWWint & $-0.36194$ & $0.132175$ & $0.0869049$ & $0.073321$ & $0.0138488$ & $-0.0133353$ & $-0.0485026$ & $-0.0819418$ & $-0.0778534$ & $0.0636305$ & $0.0712281$ & $0.0522242$ & $0.0832847$ & $-0.00318659$ & $-0.117772$ & $-0.115894$ & $0.0156771$ & $0.0823851$ & $0.0761512$ & $-0.0759535$ & $-0.0618759$ & $-0.0632198$ & $0.0506222$ & $0.0309088$ & $0.0976389$ & $0.0588142$ & $0.0901044$ & $-0.0551863$ & $-0.0141095$ & $0.0726159$ & $0.0620229$ & $-0.0246596$ & $0.050683$ & $0.028316$ & $0.0884857$ & $-0.0413758$ & $1$ & $-0.0366584$ & $-0.254196$ & $0.0328336$ & $-0.155005$ & $0.0551553$ & $0.206978$ & $0.378576$ & $-0.384118$ & $-0.298877$ & $0.0528744$ & $-0.403971$ & $0.00762048$ \\
eHWWpar & $0.0532915$ & $0.0765614$ & $0.134245$ & $-0.101361$ & $0.0151756$ & $0.0296436$ & $-0.0597452$ & $-0.00861032$ & $-0.0160428$ & $-0.00876074$ & $-0.00385858$ & $0.081889$ & $0.0436037$ & $0.0219684$ & $0.0191548$ & $0.0509275$ & $0.0161827$ & $0.0145767$ & $-0.00280434$ & $0.0078759$ & $0.000862243$ & $0.00475425$ & $-0.0427291$ & $0.0269958$ & $0.00302055$ & $0.0243526$ & $-0.0475233$ & $0.0607341$ & $-0.0541277$ & $0.0622516$ & $0.0476201$ & $-0.0598264$ & $0.0257824$ & $-0.0253361$ & $0.0531489$ & $-0.0406509$ & $-0.0366584$ & $1$ & $-0.0557335$ & $0.0192681$ & $0.066259$ & $0.0437449$ & $-0.216113$ & $-0.0139565$ & $0.0868198$ & $-0.1096$ & $-0.179281$ & $-0.140377$ & $-0.0513301$ \\
eHZZint & $0.254156$ & $0.232336$ & $0.140245$ & $-0.0392366$ & $0.00935264$ & $-0.0260515$ & $-0.00514799$ & $0.0899992$ & $0.0982366$ & $-0.0603498$ & $-0.0906673$ & $0.0264708$ & $0.037412$ & $0.039755$ & $0.0397905$ & $-0.0361521$ & $0.0170571$ & $-0.0191759$ & $0.0352357$ & $0.084697$ & $0.0991709$ & $0.100746$ & $0.0343923$ & $-0.0380292$ & $0.0249075$ & $-0.0566963$ & $0.128457$ & $0.0521812$ & $0.0710334$ & $-0.002775$ & $-0.0164343$ & $-0.00366871$ & $0.0461169$ & $0.0534212$ & $-0.0716013$ & $-0.233874$ & $-0.254196$ & $-0.0557335$ & $1$ & $-0.116995$ & $0.199553$ & $-0.174964$ & $0.225763$ & $-0.0490921$ & $-0.0104558$ & $0.262505$ & $0.265786$ & $0.0723629$ & $0.124604$ \\
eHZZpar & $0.0232711$ & $-0.00367417$ & $-0.0160866$ & $0.0376654$ & $0.0267587$ & $0.0495739$ & $0.069132$ & $-0.0465681$ & $-0.0467034$ & $0.0318683$ & $0.0805575$ & $0.0186606$ & $-0.0739951$ & $-0.0803858$ & $0.00639601$ & $0.0150144$ & $-0.0761831$ & $-0.0755828$ & $-0.0817436$ & $-0.0750717$ & $-0.0862902$ & $-0.0831971$ & $-0.0137142$ & $-0.0192961$ & $-0.101488$ & $0.0636125$ & $-0.104235$ & $-0.0195133$ & $-0.0148172$ & $-0.0529642$ & $-0.0142531$ & $0.0708713$ & $-0.0668198$ & $-0.0531967$ & $0.038471$ & $0.0778068$ & $0.0328336$ & $0.0192681$ & $-0.116995$ & $1$ & $-0.0328267$ & $0.117934$ & $-0.0207402$ & $0.0973274$ & $0.0402542$ & $0.129831$ & $0.0224122$ & $0.0420736$ & $-0.113725$ \\
eHZgaint & $-0.15066$ & $0.0920016$ & $0.0256298$ & $-0.187393$ & $0.0530933$ & $0.0119016$ & $0.183092$ & $-0.0851128$ & $-0.0804734$ & $0.066451$ & $0.0708682$ & $-0.0464484$ & $-0.235108$ & $-0.0268343$ & $-0.0416511$ & $-0.0457644$ & $0.0365142$ & $0.0443943$ & $0.0397917$ & $-0.0690501$ & $-0.0703667$ & $-0.0656555$ & $-0.00250181$ & $0.0689651$ & $0.0523743$ & $0.0528364$ & $-0.00579624$ & $-0.0335607$ & $-0.00457768$ & $-0.229007$ & $-0.163293$ & $0.138291$ & $-0.159936$ & $-0.0259257$ & $0.0483336$ & $-0.101862$ & $-0.155005$ & $0.066259$ & $0.199553$ & $-0.0328267$ & $1$ & $-0.0339955$ & $0.318407$ & $-0.209174$ & $-0.152559$ & $-0.0573053$ & $-0.0558515$ & $0.063979$ & $0.418579$ \\
eHZgapar & $0.0285933$ & $0.031814$ & $-0.0320171$ & $-0.0562325$ & $0.0612153$ & $-0.0153461$ & $0.0829255$ & $0.00517204$ & $-6.41243e-05$ & $0.0194854$ & $0.0330598$ & $-0.0538856$ & $-0.114284$ & $-0.0827861$ & $-0.0687733$ & $-0.0356598$ & $-0.0507347$ & $-0.0322583$ & $-0.0576363$ & $-0.0362088$ & $-0.0264856$ & $-0.0219078$ & $0.0315913$ & $-0.0517749$ & $-0.0203012$ & $0.0292156$ & $0.10264$ & $-0.0397478$ & $-0.0375215$ & $-0.0644613$ & $-0.0363552$ & $0.0755308$ & $-0.104576$ & $0.0825776$ & $0.110729$ & $-0.0067663$ & $0.0551553$ & $0.0437449$ & $-0.174964$ & $0.117934$ & $-0.0339955$ & $1$ & $-0.0308281$ & $0.0476208$ & $0.0506202$ & $-0.0772744$ & $-0.0672359$ & $-0.18986$ & $-0.0450669$ \\
eHgagaint & $-0.0707716$ & $0.0191417$ & $-0.209024$ & $0.113763$ & $-0.0221097$ & $-0.0354469$ & $0.0553413$ & $-0.0754009$ & $-0.0482715$ & $0.0666836$ & $0.0300894$ & $0.0903642$ & $0.0297465$ & $0.0500959$ & $0.0198382$ & $-0.0040569$ & $0.0713931$ & $0.0684834$ & $0.0816699$ & $-0.0256607$ & $-0.0373625$ & $-0.0373814$ & $-0.0682207$ & $0.100972$ & $0.0689044$ & $0.069025$ & $-0.0716412$ & $-0.0512201$ & $0.0443685$ & $-0.00640673$ & $0.0435205$ & $0.0630011$ & $0.0690893$ & $-0.0910776$ & $-0.108707$ & $-0.0416308$ & $0.206978$ & $-0.216113$ & $0.225763$ & $-0.0207402$ & $0.318407$ & $-0.0308281$ & $1$ & $0.102799$ & $-0.244857$ & $0.00212338$ & $0.244948$ & $-0.0283728$ & $0.371823$ \\
eHmumuint & $-0.279995$ & $0.0480423$ & $-0.0667037$ & $-0.28502$ & $0.0100628$ & $0.041392$ & $-0.0675592$ & $-0.0992218$ & $-0.10009$ & $0.0708357$ & $0.111367$ & $0.0996917$ & $0.0704303$ & $-0.0535741$ & $-0.0530222$ & $-0.0424298$ & $-0.0427551$ & $-0.00329612$ & $-0.0144685$ & $-0.10703$ & $-0.113813$ & $-0.112259$ & $-0.00142932$ & $0.0325457$ & $-0.00433791$ & $0.0882776$ & $-0.0408376$ & $-0.096842$ & $-0.0217808$ & $0.0445026$ & $-0.0324054$ & $-0.0636762$ & $-0.0370792$ & $-0.0535638$ & $0.471265$ & $-0.373958$ & $0.378576$ & $-0.0139565$ & $-0.0490921$ & $0.0973274$ & $-0.209174$ & $0.0476208$ & $0.102799$ & $1$ & $-0.0986669$ & $-0.215206$ & $0.0498062$ & $-0.0465984$ & $-0.36301$ \\
eHtautauint & $0.276087$ & $0.197509$ & $0.0348266$ & $-0.176746$ & $0.0446842$ & $0.00231056$ & $-0.0846335$ & $0.0605622$ & $0.0509832$ & $-0.0589184$ & $-0.0716023$ & $0.0346999$ & $0.052422$ & $0.0306697$ & $0.0986308$ & $0.0623656$ & $0.0270573$ & $-0.0363239$ & $-0.00471727$ & $0.0767269$ & $0.0680824$ & $0.0722514$ & $-0.059284$ & $0.00075253$ & $-0.0183196$ & $-0.0229394$ & $-0.02092$ & $0.0530732$ & $0.0234312$ & $0.0224261$ & $-0.0457965$ & $-0.107144$ & $0.0103619$ & $-0.0266302$ & $0.0289659$ & $-0.395473$ & $-0.384118$ & $0.0868198$ & $-0.0104558$ & $0.0402542$ & $-0.152559$ & $0.0506202$ & $-0.244857$ & $-0.0986669$ & $1$ & $0.252844$ & $-0.23288$ & $0.189$ & $-0.0344401$ \\
eHccint & $0.0367034$ & $0.132489$ & $-0.178918$ & $-0.0583537$ & $0.0104445$ & $-0.00674422$ & $0.199981$ & $0.0188567$ & $0.0207436$ & $0.0514015$ & $0.0129347$ & $-0.0840015$ & $-0.253722$ & $-0.0628846$ & $-0.00905465$ & $-0.018484$ & $-0.0448531$ & $-0.0588053$ & $-0.0515364$ & $-0.0150911$ & $-0.00957216$ & $-0.00619135$ & $-0.0653415$ & $-0.0534715$ & $-0.063389$ & $0.0627952$ & $0.0124596$ & $0.0341564$ & $-0.0293939$ & $-0.154901$ & $-0.0193419$ & $0.189644$ & $-0.150429$ & $0.0382999$ & $-0.501148$ & $0.0378$ & $-0.298877$ & $-0.1096$ & $0.262505$ & $0.129831$ & $-0.0573053$ & $-0.0772744$ & $0.00212338$ & $-0.215206$ & $0.252844$ & $1$ & $0.391703$ & $0.474544$ & $-0.0916178$ \\
eHccpar & $-0.321596$ & $0.262517$ & $-0.287902$ & $-0.0394692$ & $0.0246254$ & $-0.0103701$ & $-0.0112872$ & $-0.118427$ & $-0.111105$ & $0.0322548$ & $0.025261$ & $0.0117438$ & $0.0415941$ & $0.100376$ & $0.0740958$ & $0.0718941$ & $0.163012$ & $0.125672$ & $0.124963$ & $-0.0104828$ & $-0.0389426$ & $-0.0419983$ & $-0.0986899$ & $0.188329$ & $0.114458$ & $0.0533561$ & $-0.196273$ & $-0.0245702$ & $0.0657843$ & $0.0181987$ & $0.165962$ & $0.000340162$ & $0.0257035$ & $-0.166963$ & $-0.173155$ & $0.149451$ & $0.0528744$ & $-0.179281$ & $0.265786$ & $0.0224122$ & $-0.0558515$ & $-0.0672359$ & $0.244948$ & $0.0498062$ & $-0.23288$ & $0.391703$ & $1$ & $0.0441837$ & $-0.0127389$ \\
eHbbint & $-0.0210992$ & $-0.244437$ & $-0.0041816$ & $0.0719656$ & $-0.0403144$ & $-0.0505603$ & $-0.042486$ & $0.0258775$ & $0.0250054$ & $-0.00588073$ & $0.0343891$ & $0.0759807$ & $-0.037022$ & $-0.109729$ & $-0.0504745$ & $-0.0075921$ & $-0.0941601$ & $-0.083292$ & $-0.112865$ & $-0.0402992$ & $-0.0311404$ & $-0.021166$ & $-0.00320002$ & $-0.083765$ & $-0.0835656$ & $0.034497$ & $0.0586404$ & $-0.0115072$ & $0.00736306$ & $-0.0397093$ & $0.0055759$ & $-0.0588743$ & $-0.0176381$ & $0.0772199$ & $-0.101366$ & $0.0694373$ & $-0.403971$ & $-0.140377$ & $0.0723629$ & $0.0420736$ & $0.063979$ & $-0.18986$ & $-0.0283728$ & $-0.0465984$ & $0.189$ & $0.474544$ & $0.0441837$ & $1$ & $-0.178813$ \\
eHbbpar & $0.0126394$ & $-0.0426798$ & $0.0863913$ & $0.238933$ & $0.0190891$ & $-0.0292438$ & $0.173731$ & $-0.00611645$ & $0.00780445$ & $-0.0444182$ & $-0.0641109$ & $-0.0981597$ & $-0.0643536$ & $0.113045$ & $0.186124$ & $0.0917704$ & $0.120571$ & $0.0231684$ & $0.0871994$ & $0.076987$ & $0.0482058$ & $0.0439117$ & $-0.0905152$ & $0.101233$ & $0.0178918$ & $-0.0363672$ & $-0.22119$ & $0.0178415$ & $0.0257487$ & $-0.0947732$ & $-0.0348445$ & $0.164637$ & $0.0767918$ & $-0.179433$ & $-0.318073$ & $-0.0829141$ & $0.00762048$ & $-0.0513301$ & $0.124604$ & $-0.113725$ & $0.418579$ & $-0.0450669$ & $0.371823$ & $-0.36301$ & $-0.0344401$ & $-0.0916178$ & $-0.0127389$ & $-0.178813$ & $1$ \\
