 & AlsMz & dAle5Mz & mtop & mHl & Mz & CW & CHG & CHWB & CHWHB_gaga & CHWHB_gagaorth & CHD & CHbox & CH & CHL1_11 & CHL1_22 & CHL1_33 & CHL3_11 & CHL3_22 & CHL3_33 & CHe_11 & CHe_22 & CHe_33 & CHQ1_11 & CHQ1_33 & CHQ3_11 & CHu_11 & CHd_11 & CHd_33 & CeH_22r & CeH_33r & CuH_22r & CuH_33r & CdH_33r & CLL_1221 & eHggint & eHggpar & eHWWint & eHWWpar & eHZZint & eHZZpar & eHZgaint & eHZgapar & eHgagaint & eHmumuint & eHtautauint & eHccint & eHccpar & eHbbint & eHbbpar \\
AlsMz & $1$ & $0.15102$ & $-0.0632785$ & $0.118443$ & $0.0147312$ & $0.0381581$ & $0.00340572$ & $-0.0466069$ & $-0.0475974$ & $0.0190897$ & $0.0480331$ & $0.0271577$ & $0.0137559$ & $-0.0195671$ & $-0.0476815$ & $-0.0428922$ & $-0.0319239$ & $0.0128434$ & $0.00204376$ & $-0.0561558$ & $-0.0529878$ & $-0.0537909$ & $0.00802047$ & $-0.0576376$ & $-0.104621$ & $-0.0102193$ & $-0.0204661$ & $0.0035978$ & $0.0074764$ & $-0.016602$ & $-0.0123619$ & $-0.00188027$ & $0.00417223$ & $0.00191667$ & $0.00299915$ & $-0.0481436$ & $0.0657491$ & $-0.0287487$ & $0.00904059$ & $-0.00804172$ & $-0.0233257$ & $-0.0292635$ & $-0.0695344$ & $-0.0825298$ & $-0.0479761$ & $0.0319891$ & $-0.0269852$ & $-0.0052003$ & $0.00645147$ \\
dAle5Mz & $0.15102$ & $1$ & $0.173785$ & $0.0946608$ & $-0.0028878$ & $0.0223588$ & $-0.0177497$ & $-0.0451112$ & $-0.0352142$ & $0.0299536$ & $0.021144$ & $0.0104059$ & $-0.0143989$ & $0.00457437$ & $-0.0013889$ & $-0.0133897$ & $0.0327138$ & $0.0206539$ & $0.0292748$ & $-0.00138477$ & $-0.000882154$ & $-0.000841727$ & $-0.00603996$ & $0.0112566$ & $0.00155415$ & $-0.00844239$ & $-0.0106553$ & $0.0155157$ & $-0.00569489$ & $-0.00236464$ & $-0.0206369$ & $-0.0200378$ & $0.0215637$ & $0.0198092$ & $-0.00271398$ & $-0.0603368$ & $-0.0771422$ & $0.00672945$ & $-0.0128586$ & $-0.0471009$ & $0.00615529$ & $-0.0100526$ & $0.0337805$ & $-0.0336207$ & $0.0379726$ & $0.00184289$ & $-0.039424$ & $-0.0521382$ & $0.0303502$ \\
mtop & $-0.0632785$ & $0.173785$ & $1$ & $-0.0336539$ & $-0.00915236$ & $0.00360979$ & $-0.0334051$ & $0.0205996$ & $0.0100782$ & $-0.0135098$ & $-0.0098147$ & $0.0237057$ & $0.0464543$ & $0.0102066$ & $0.000337059$ & $-0.0160827$ & $-0.0196486$ & $-0.00863415$ & $-0.00294444$ & $0.0228511$ & $0.0247445$ & $0.0156459$ & $-0.0112139$ & $-0.0253339$ & $-0.01599$ & $-0.0136722$ & $-0.00358897$ & $-0.00123352$ & $0.00421892$ & $-0.000151247$ & $0.00230226$ & $-0.0363234$ & $0.0213197$ & $0.0209725$ & $-0.0333789$ & $0.0275145$ & $0.0362346$ & $-0.0280936$ & $-0.0135237$ & $0.0260434$ & $0.0508691$ & $-0.00379407$ & $-0.0502149$ & $-0.0178797$ & $-0.0660711$ & $-0.197842$ & $-0.0291216$ & $0.0728775$ & $-0.0133271$ \\
mHl & $0.118443$ & $0.0946608$ & $-0.0336539$ & $1$ & $0.0164714$ & $-0.00430215$ & $0.0110864$ & $-0.00739486$ & $-0.00630227$ & $0.00945957$ & $-0.00699327$ & $-0.0156588$ & $0.00389779$ & $0.0234544$ & $-0.00317393$ & $-0.0114$ & $0.0292514$ & $0.0235903$ & $0.0297988$ & $0.00520922$ & $0.00906204$ & $0.0030903$ & $-0.00640946$ & $0.00838522$ & $0.0135978$ & $0.0133707$ & $0.00798166$ & $0.0276503$ & $-0.0363284$ & $-0.00910416$ & $-0.0183388$ & $0.002248$ & $-0.00618239$ & $0.00320983$ & $-0.0331161$ & $0.0219036$ & $0.0223267$ & $0.00953029$ & $0.0143237$ & $-0.039053$ & $-0.0726275$ & $-0.00955771$ & $0.0287095$ & $-0.048468$ & $0.0522538$ & $-0.0355103$ & $-0.0566462$ & $0.0925348$ & $-0.0189176$ \\
Mz & $0.0147312$ & $-0.0028878$ & $-0.00915236$ & $0.0164714$ & $1$ & $-0.0150285$ & $-0.00416593$ & $-0.0130233$ & $-0.0114405$ & $0.0088748$ & $0.0200299$ & $-0.023155$ & $-0.0153992$ & $0.0117538$ & $-0.00217838$ & $0.00404513$ & $-0.00156346$ & $0.00576528$ & $-0.0035724$ & $-0.012198$ & $-0.0115997$ & $-0.0198439$ & $-0.0107513$ & $0.0116706$ & $0.00297547$ & $0.0274395$ & $-0.00424585$ & $0.00682696$ & $-0.0126553$ & $0.00298849$ & $0.012255$ & $0.000251024$ & $0.0144622$ & $-0.0117252$ & $-0.0102078$ & $0.0356162$ & $-0.015254$ & $0.0438504$ & $-0.0095376$ & $-0.00878568$ & $-0.000526511$ & $0.00307874$ & $-0.012046$ & $0.0470304$ & $-0.00509995$ & $0.0116003$ & $-0.0180387$ & $0.0141445$ & $0.0373671$ \\
CW & $0.0381581$ & $0.0223588$ & $0.00360979$ & $-0.00430215$ & $-0.0150285$ & $1$ & $-0.00403476$ & $-0.142106$ & $-0.139696$ & $0.0370162$ & $0.18919$ & $0.0476548$ & $0.00217895$ & $0.0276038$ & $-0.0930742$ & $-0.0858872$ & $-0.217566$ & $-0.0154925$ & $-0.0200831$ & $-0.187714$ & $-0.191955$ & $-0.1845$ & $0.0283622$ & $0.0190698$ & $-0.0528463$ & $0.0763106$ & $-0.0680313$ & $-0.057292$ & $0.000575362$ & $-0.0253923$ & $-0.0174056$ & $-0.0125619$ & $-0.0344674$ & $-0.114889$ & $0.00304987$ & $-0.00665742$ & $0.0574849$ & $-0.0508263$ & $0.0196008$ & $0.00854754$ & $-0.00681503$ & $-0.00724735$ & $0.0129622$ & $-0.00980118$ & $0.0493301$ & $-0.0237734$ & $0.0168547$ & $0.00521888$ & $-0.0257785$ \\
CHG & $0.00340572$ & $-0.0177497$ & $-0.0334051$ & $0.0110864$ & $-0.00416593$ & $-0.00403476$ & $1$ & $-0.0739916$ & $-0.0236497$ & $0.082579$ & $0.0251444$ & $-0.169781$ & $-0.318901$ & $0.0713936$ & $0.00668678$ & $0.0165874$ & $0.094798$ & $0.0886221$ & $0.0796781$ & $-0.023818$ & $-0.0337039$ & $-0.03239$ & $-0.0219171$ & $0.0996436$ & $0.0894993$ & $0.0240316$ & $-0.044672$ & $-0.020566$ & $0.0228678$ & $-0.157492$ & $-0.0958569$ & $0.931735$ & $-0.205381$ & $-0.0630871$ & $-0.0393788$ & $0.0454286$ & $0.0328869$ & $-0.0223214$ & $-0.0630908$ & $0.00640437$ & $-0.0171528$ & $0.0138752$ & $-0.0164117$ & $0.0215483$ & $0.0240269$ & $0.0083532$ & $-0.0273949$ & $-0.0230661$ & $0.00184713$ \\
CHWB & $-0.0466069$ & $-0.0451112$ & $0.0205996$ & $-0.00739486$ & $-0.0130233$ & $-0.142106$ & $-0.0739916$ & $1$ & $0.983691$ & $-0.578786$ & $-0.873854$ & $-0.0581852$ & $0.348761$ & $0.0714382$ & $0.303577$ & $0.270005$ & $-0.259424$ & $-0.461349$ & $-0.435231$ & $0.843872$ & $0.892754$ & $0.875849$ & $0.0542002$ & $-0.668938$ & $-0.413517$ & $-0.486533$ & $0.426291$ & $0.290649$ & $0.033136$ & $0.0843918$ & $0.040535$ & $-0.0778533$ & $0.0836531$ & $0.560977$ & $-0.0721917$ & $0.0449619$ & $0.0281916$ & $0.0319639$ & $0.00767143$ & $-0.0232113$ & $0.0132284$ & $0.0144846$ & $0.013968$ & $-0.0407234$ & $-0.00972013$ & $-0.00507677$ & $0.00418087$ & $-0.00892585$ & $-0.0443346$ \\
CHWHB_gaga & $-0.0475974$ & $-0.0352142$ & $0.0100782$ & $-0.00630227$ & $-0.0114405$ & $-0.139696$ & $-0.0236497$ & $0.983691$ & $1$ & $-0.566926$ & $-0.856663$ & $-0.043007$ & $0.34178$ & $0.063951$ & $0.301443$ & $0.27212$ & $-0.262683$ & $-0.461072$ & $-0.438036$ & $0.82811$ & $0.874565$ & $0.858138$ & $0.0544063$ & $-0.662956$ & $-0.410481$ & $-0.477516$ & $0.418708$ & $0.281107$ & $0.0356104$ & $0.101947$ & $0.0461761$ & $-0.0359119$ & $0.0995112$ & $0.549694$ & $-0.0897691$ & $0.0483957$ & $0.0168901$ & $0.0334596$ & $-0.00396102$ & $-0.0245567$ & $0.0156744$ & $0.0214188$ & $0.0667545$ & $-0.0506273$ & $-0.009177$ & $-0.0083488$ & $0.00317717$ & $-0.0102624$ & $-0.0443528$ \\
CHWHB_gagaorth & $0.0190897$ & $0.0299536$ & $-0.0135098$ & $0.00945957$ & $0.0088748$ & $0.0370162$ & $0.082579$ & $-0.578786$ & $-0.566926$ & $1$ & $0.361467$ & $0.398543$ & $-0.257031$ & $0.238484$ & $-0.109647$ & $-0.111804$ & $0.437916$ & $0.488023$ & $0.484993$ & $-0.347577$ & $-0.380454$ & $-0.372343$ & $-0.032954$ & $0.554759$ & $0.473975$ & $0.201348$ & $-0.251531$ & $-0.106549$ & $-0.00987421$ & $-0.112369$ & $-0.0574966$ & $0.0960547$ & $-0.117257$ & $-0.368601$ & $0.0630812$ & $-0.0228125$ & $-0.027128$ & $-0.000557455$ & $-0.000566946$ & $0.0279021$ & $-0.07501$ & $-0.0247716$ & $-0.00429733$ & $0.0323137$ & $0.00291206$ & $-0.0197438$ & $-0.0120908$ & $0.000237892$ & $0.0482762$ \\
CHD & $0.0480331$ & $0.021144$ & $-0.0098147$ & $-0.00699327$ & $0.0200299$ & $0.18919$ & $0.0251444$ & $-0.873854$ & $-0.856663$ & $0.361467$ & $1$ & $0.19128$ & $-0.150757$ & $-0.501112$ & $-0.43884$ & $-0.397302$ & $-0.20846$ & $0.0862104$ & $0.0598071$ & $-0.98991$ & $-0.990802$ & $-0.969324$ & $0.00246703$ & $0.294427$ & $0.0263158$ & $0.54802$ & $-0.28375$ & $-0.334372$ & $-0.0132835$ & $-0.0296404$ & $-0.00895415$ & $0.0429272$ & $-0.024209$ & $-0.349691$ & $0.0754727$ & $-0.039214$ & $-0.0178434$ & $-0.0330136$ & $0.00185013$ & $0.0333318$ & $0.00171166$ & $-0.0111474$ & $-0.0104891$ & $0.0289941$ & $0.0189837$ & $0.0124686$ & $0.000124748$ & $0.00590015$ & $0.0397828$ \\
CHbox & $0.0271577$ & $0.0104059$ & $0.0237057$ & $-0.0156588$ & $-0.023155$ & $0.0476548$ & $-0.169781$ & $-0.0581852$ & $-0.043007$ & $0.398543$ & $0.19128$ & $1$ & $0.537447$ & $-0.293097$ & $-0.0208098$ & $0.00848208$ & $-0.270169$ & $-0.223552$ & $-0.244417$ & $-0.175329$ & $-0.192532$ & $-0.183368$ & $-0.00950349$ & $-0.119558$ & $-0.23481$ & $0.106819$ & $-0.076828$ & $-0.0704357$ & $0.0480097$ & $0.309433$ & $0.116705$ & $-0.0723209$ & $0.355948$ & $-0.0341683$ & $0.0812751$ & $0.0211831$ & $7.33079e-05$ & $-0.00330004$ & $0.0263876$ & $0.0129505$ & $-0.0149356$ & $0.0098638$ & $0.0144086$ & $0.00727092$ & $-0.0179651$ & $0.002444$ & $0.0191667$ & $0.0107908$ & $0.00961252$ \\
CH & $0.0137559$ & $-0.0143989$ & $0.0464543$ & $0.00389779$ & $-0.0153992$ & $0.00217895$ & $-0.318901$ & $0.348761$ & $0.34178$ & $-0.257031$ & $-0.150757$ & $0.537447$ & $1$ & $-0.276904$ & $0.0606627$ & $0.0586367$ & $-0.399872$ & $-0.411563$ & $-0.407248$ & $0.147531$ & $0.164464$ & $0.16298$ & $0.00816995$ & $-0.413232$ & $-0.40736$ & $-0.0757197$ & $0.133216$ & $0.0384496$ & $0.0426712$ & $0.27506$ & $0.120998$ & $-0.266386$ & $0.32324$ & $0.223193$ & $0.00600221$ & $0.0301164$ & $-0.00432165$ & $0.00149699$ & $0.0284714$ & $-0.0170108$ & $0.0326249$ & $0.0221935$ & $0.0128283$ & $-0.0290979$ & $-0.0176795$ & $-0.00418784$ & $0.0183061$ & $0.0155137$ & $-0.0255938$ \\
CHL1_11 & $-0.0195671$ & $0.00457437$ & $0.0102066$ & $0.0234544$ & $0.0117538$ & $0.0276038$ & $0.0713936$ & $0.0714382$ & $0.063951$ & $0.238484$ & $-0.501112$ & $-0.293097$ & $-0.276904$ & $1$ & $0.292614$ & $0.261791$ & $0.678641$ & $0.599932$ & $0.612027$ & $0.52011$ & $0.45844$ & $0.444129$ & $-0.0731599$ & $0.494338$ & $0.607397$ & $-0.272001$ & $-0.119241$ & $0.178156$ & $-0.0205449$ & $-0.0852381$ & $-0.0545941$ & $0.0422098$ & $-0.0945658$ & $-0.24888$ & $-0.0342774$ & $-0.000898365$ & $0.00340414$ & $-0.00595185$ & $-0.00423469$ & $-0.0243534$ & $-0.0256784$ & $0.00558074$ & $-0.00439579$ & $0.0106342$ & $-0.00450609$ & $-0.0149552$ & $-0.00190021$ & $0.00691555$ & $0.000760904$ \\
CHL1_22 & $-0.0476815$ & $-0.0013889$ & $0.000337059$ & $-0.00317393$ & $-0.00217838$ & $-0.0930742$ & $0.00668678$ & $0.303577$ & $0.301443$ & $-0.109647$ & $-0.43884$ & $-0.0208098$ & $0.0606627$ & $0.292614$ & $1$ & $0.458158$ & $0.173139$ & $-0.429497$ & $-0.0317469$ & $0.505636$ & $0.354418$ & $0.33652$ & $-0.184193$ & $0.11662$ & $-0.123279$ & $-0.19745$ & $-0.394812$ & $0.0921819$ & $0.000889119$ & $0.00449191$ & $0.011947$ & $-0.00284228$ & $-0.0107343$ & $-0.590228$ & $-0.058057$ & $0.0535211$ & $0.00589979$ & $0.0176583$ & $0.00200296$ & $-0.0209864$ & $-0.0315163$ & $-0.00709869$ & $0.0312898$ & $-0.00865596$ & $-0.00995518$ & $0.033297$ & $0.0118519$ & $-0.00492737$ & $-0.0325832$ \\
CHL1_33 & $-0.0428922$ & $-0.0133897$ & $-0.0160827$ & $-0.0114$ & $0.00404513$ & $-0.0858872$ & $0.0165874$ & $0.270005$ & $0.27212$ & $-0.111804$ & $-0.397302$ & $0.00848208$ & $0.0586367$ & $0.261791$ & $0.458158$ & $1$ & $0.158799$ & $-0.0293511$ & $-0.427006$ & $0.46486$ & $0.312692$ & $0.329251$ & $-0.184763$ & $0.126613$ & $-0.121288$ & $-0.178309$ & $-0.401472$ & $0.0974121$ & $0.0151002$ & $0.00749741$ & $0.000441492$ & $0.0111393$ & $0.0353212$ & $-0.132589$ & $-0.0135464$ & $0.0165$ & $0.0074523$ & $0.00824704$ & $-0.0205851$ & $-0.0496096$ & $-0.0258659$ & $0.0392694$ & $0.0157177$ & $0.00948143$ & $-0.0223498$ & $-0.0194285$ & $-0.026686$ & $0.0209049$ & $0.00527467$ \\
CHL3_11 & $-0.0319239$ & $0.0327138$ & $-0.0196486$ & $0.0292514$ & $-0.00156346$ & $-0.217566$ & $0.094798$ & $-0.259424$ & $-0.262683$ & $0.437916$ & $-0.20846$ & $-0.270169$ & $-0.399872$ & $0.678641$ & $0.173139$ & $0.158799$ & $1$ & $0.745651$ & $0.748111$ & $0.231739$ & $0.174127$ & $0.165403$ & $-0.0790021$ & $0.689935$ & $0.781884$ & $-0.101972$ & $-0.180929$ & $0.0731083$ & $-0.0450331$ & $-0.10858$ & $-0.0555157$ & $0.0676253$ & $-0.114944$ & $-0.279829$ & $0.00273031$ & $-0.00246105$ & $-0.0320223$ & $0.0150687$ & $-0.0230902$ & $-0.0119303$ & $-0.0309053$ & $-0.00888114$ & $-0.005864$ & $0.0220137$ & $-0.0310898$ & $-0.0230719$ & $-0.0111313$ & $0.00925792$ & $0.0126996$ \\
CHL3_22 & $0.0128434$ & $0.0206539$ & $-0.00863415$ & $0.0235903$ & $0.00576528$ & $-0.0154925$ & $0.0886221$ & $-0.461349$ & $-0.461072$ & $0.488023$ & $0.0862104$ & $-0.223552$ & $-0.411563$ & $0.599932$ & $-0.429497$ & $-0.0293511$ & $0.745651$ & $1$ & $0.691244$ & $-0.0875781$ & $-0.0839817$ & $-0.0781441$ & $0.0133374$ & $0.636711$ & $0.799237$ & $0.0318079$ & $-0.0303737$ & $0.00966433$ & $-0.0350673$ & $-0.104432$ & $-0.0664244$ & $0.0701421$ & $-0.100796$ & $-0.00416192$ & $0.0359052$ & $-0.0431944$ & $-0.0215084$ & $-0.0113485$ & $-0.0201104$ & $-0.00422244$ & $-0.013035$ & $0.00457972$ & $-0.0244464$ & $0.0301572$ & $-0.0115669$ & $-0.0426035$ & $-0.0173385$ & $0.0154597$ & $0.0341063$ \\
CHL3_33 & $0.00204376$ & $0.0292748$ & $-0.00294444$ & $0.0297988$ & $-0.0035724$ & $-0.0200831$ & $0.0796781$ & $-0.435231$ & $-0.438036$ & $0.484993$ & $0.0598071$ & $-0.244417$ & $-0.407248$ & $0.612027$ & $-0.0317469$ & $-0.427006$ & $0.748111$ & $0.691244$ & $1$ & $-0.0637685$ & $-0.0545284$ & $-0.0547377$ & $0.0196145$ & $0.622407$ & $0.799108$ & $0.0213334$ & $-0.00789209$ & $0.00623305$ & $-0.0467579$ & $-0.106096$ & $-0.0591934$ & $0.0589974$ & $-0.129148$ & $-0.342388$ & $0.00235957$ & $-0.015601$ & $-0.0245905$ & $-0.00212097$ & $-0.00325145$ & $0.0130344$ & $-0.0140136$ & $-0.0300803$ & $-0.017786$ & $0.0194867$ & $-0.0028233$ & $-0.0018903$ & $0.0134191$ & $-0.00691792$ & $0.0144409$ \\
CHe_11 & $-0.0561558$ & $-0.00138477$ & $0.0228511$ & $0.00520922$ & $-0.012198$ & $-0.187714$ & $-0.023818$ & $0.843872$ & $0.82811$ & $-0.347577$ & $-0.98991$ & $-0.175329$ & $0.147531$ & $0.52011$ & $0.505636$ & $0.46486$ & $0.231739$ & $-0.0875781$ & $-0.0637685$ & $1$ & $0.971444$ & $0.949516$ & $-0.0268884$ & $-0.239404$ & $-0.0196513$ & $-0.539272$ & $0.206016$ & $0.329582$ & $0.0149156$ & $0.0297214$ & $0.00879038$ & $-0.0408836$ & $0.0236154$ & $0.268319$ & $-0.0748064$ & $0.0422306$ & $0.0154039$ & $0.0330287$ & $-0.00142678$ & $-0.036484$ & $-0.00124454$ & $0.0116819$ & $0.0139308$ & $-0.0271122$ & $-0.0170131$ & $-0.0144722$ & $-0.00312883$ & $-0.00570487$ & $-0.0404702$ \\
CHe_22 & $-0.0529878$ & $-0.000882154$ & $0.0247445$ & $0.00906204$ & $-0.0115997$ & $-0.191955$ & $-0.0337039$ & $0.892754$ & $0.874565$ & $-0.380454$ & $-0.990802$ & $-0.192532$ & $0.164464$ & $0.45844$ & $0.354418$ & $0.312692$ & $0.174127$ & $-0.0839817$ & $-0.0545284$ & $0.971444$ & $1$ & $0.975271$ & $0.027062$ & $-0.352542$ & $-0.0339954$ & $-0.550061$ & $0.365987$ & $0.339865$ & $0.0142144$ & $0.0346686$ & $0.0125784$ & $-0.0499536$ & $0.030691$ & $0.438407$ & $-0.0735492$ & $0.0385133$ & $0.0137934$ & $0.0344025$ & $-0.00178648$ & $-0.0310066$ & $0.00569389$ & $0.00966205$ & $0.00994221$ & $-0.0340098$ & $-0.0172489$ & $-0.0168131$ & $0.000760592$ & $-0.00784648$ & $-0.0371497$ \\
CHe_33 & $-0.0537909$ & $-0.000841727$ & $0.0156459$ & $0.0030903$ & $-0.0198439$ & $-0.1845$ & $-0.03239$ & $0.875849$ & $0.858138$ & $-0.372343$ & $-0.969324$ & $-0.183368$ & $0.16298$ & $0.444129$ & $0.33652$ & $0.329251$ & $0.165403$ & $-0.0781441$ & $-0.0547377$ & $0.949516$ & $0.975271$ & $1$ & $0.0325831$ & $-0.34732$ & $-0.0328171$ & $-0.537428$ & $0.367048$ & $0.330743$ & $0.0101682$ & $0.0368987$ & $0.00711936$ & $-0.0478436$ & $0.0330325$ & $0.441551$ & $-0.0691759$ & $0.0341154$ & $0.0203163$ & $0.0329578$ & $-0.00139621$ & $-0.0350296$ & $0.00252621$ & $0.0163712$ & $0.0108045$ & $-0.032086$ & $-0.0267963$ & $-0.0182345$ & $0.00721698$ & $-0.0108713$ & $-0.031721$ \\
CHQ1_11 & $0.00802047$ & $-0.00603996$ & $-0.0112139$ & $-0.00640946$ & $-0.0107513$ & $0.0283622$ & $-0.0219171$ & $0.0542002$ & $0.0544063$ & $-0.032954$ & $0.00246703$ & $-0.00950349$ & $0.00816995$ & $-0.0731599$ & $-0.184193$ & $-0.184763$ & $-0.0790021$ & $0.0133374$ & $0.0196145$ & $-0.0268884$ & $0.027062$ & $0.0325831$ & $1$ & $-0.122267$ & $0.0937642$ & $-0.678441$ & $0.356075$ & $0.0363067$ & $0.00241553$ & $0.0108339$ & $0.0218266$ & $-0.0259175$ & $0.0201113$ & $0.198252$ & $0.0138399$ & $0.00645573$ & $0.00292532$ & $-0.00779271$ & $0.000270118$ & $0.0441902$ & $-0.0299509$ & $0.0366328$ & $0.0119185$ & $0.0159051$ & $0.00592955$ & $-0.00725588$ & $0.00518871$ & $-0.0124435$ & $0.0133632$ \\
CHQ1_33 & $-0.0576376$ & $0.0112566$ & $-0.0253339$ & $0.00838522$ & $0.0116706$ & $0.0190698$ & $0.0996436$ & $-0.668938$ & $-0.662956$ & $0.554759$ & $0.294427$ & $-0.119558$ & $-0.413232$ & $0.494338$ & $0.11662$ & $0.126613$ & $0.689935$ & $0.636711$ & $0.622407$ & $-0.239404$ & $-0.352542$ & $-0.34732$ & $-0.122267$ & $1$ & $0.651214$ & $0.17311$ & $-0.429035$ & $-0.00480893$ & $-0.0502306$ & $-0.108779$ & $-0.0504004$ & $0.0887743$ & $-0.116979$ & $-0.640503$ & $0.0397837$ & $-0.0136768$ & $-0.038156$ & $-0.0137276$ & $-0.0111256$ & $-0.00513502$ & $-0.0277913$ & $-0.00904912$ & $-0.0132069$ & $0.056732$ & $0.00174301$ & $0.0063268$ & $-0.00420913$ & $0.0125535$ & $0.0226835$ \\
CHQ3_11 & $-0.104621$ & $0.00155415$ & $-0.01599$ & $0.0135978$ & $0.00297547$ & $-0.0528463$ & $0.0894993$ & $-0.413517$ & $-0.410481$ & $0.473975$ & $0.0263158$ & $-0.23481$ & $-0.40736$ & $0.607397$ & $-0.123279$ & $-0.121288$ & $0.781884$ & $0.799237$ & $0.799108$ & $-0.0196513$ & $-0.0339954$ & $-0.0328171$ & $0.0937642$ & $0.651214$ & $1$ & $0.00715127$ & $0.188055$ & $-0.000980348$ & $-0.0541767$ & $-0.10669$ & $-0.0656993$ & $0.0667384$ & $-0.11629$ & $-0.220893$ & $0.00712093$ & $-0.0073817$ & $-0.0447554$ & $0.000226189$ & $-0.020418$ & $0.000664848$ & $-0.00302789$ & $0.00226895$ & $0.0122878$ & $0.0261008$ & $-0.0270634$ & $-0.0515269$ & $0.00934822$ & $-0.0048571$ & $0.0270415$ \\
CHu_11 & $-0.0102193$ & $-0.00844239$ & $-0.0136722$ & $0.0133707$ & $0.0274395$ & $0.0763106$ & $0.0240316$ & $-0.486533$ & $-0.477516$ & $0.201348$ & $0.54802$ & $0.106819$ & $-0.0757197$ & $-0.272001$ & $-0.19745$ & $-0.178309$ & $-0.101972$ & $0.0318079$ & $0.0213334$ & $-0.539272$ & $-0.550061$ & $-0.537428$ & $-0.678441$ & $0.17311$ & $0.00715127$ & $1$ & $-0.175019$ & $-0.20522$ & $-0.0168893$ & $-0.0189161$ & $-0.0213641$ & $0.0346474$ & $-0.0250424$ & $-0.233677$ & $0.0198867$ & $-0.0299839$ & $-0.0191286$ & $-0.0225318$ & $-0.00713253$ & $-0.0207747$ & $0.0383097$ & $-0.0300736$ & $0.00824302$ & $-0.014621$ & $-0.0115144$ & $0.000782513$ & $0.00467789$ & $-0.00255888$ & $0.0156571$ \\
CHd_11 & $-0.0204661$ & $-0.0106553$ & $-0.00358897$ & $0.00798166$ & $-0.00424585$ & $-0.0680313$ & $-0.044672$ & $0.426291$ & $0.418708$ & $-0.251531$ & $-0.28375$ & $-0.076828$ & $0.133216$ & $-0.119241$ & $-0.394812$ & $-0.401472$ & $-0.180929$ & $-0.0303737$ & $-0.00789209$ & $0.206016$ & $0.365987$ & $0.367048$ & $0.356075$ & $-0.429035$ & $0.188055$ & $-0.175019$ & $1$ & $0.106316$ & $-0.0110003$ & $0.0364389$ & $0.00783426$ & $-0.0475202$ & $0.0331466$ & $0.686991$ & $-0.0299525$ & $0.0161858$ & $-0.0186587$ & $0.0124939$ & $-0.00059854$ & $0.006339$ & $0.0411422$ & $0.00961969$ & $0.0197419$ & $-0.0319253$ & $-0.0251325$ & $-0.0395922$ & $0.022443$ & $-0.0314321$ & $-0.00554749$ \\
CHd_33 & $0.0035978$ & $0.0155157$ & $-0.00123352$ & $0.0276503$ & $0.00682696$ & $-0.057292$ & $-0.020566$ & $0.290649$ & $0.281107$ & $-0.106549$ & $-0.334372$ & $-0.0704357$ & $0.0384496$ & $0.178156$ & $0.0921819$ & $0.0974121$ & $0.0731083$ & $0.00966433$ & $0.00623305$ & $0.329582$ & $0.339865$ & $0.330743$ & $0.0363067$ & $-0.00480893$ & $-0.000980348$ & $-0.20522$ & $0.106316$ & $1$ & $-0.0127344$ & $0.0144185$ & $0.0253867$ & $-0.0155373$ & $0.0326128$ & $0.157575$ & $-0.0200557$ & $-0.0101401$ & $0.0295533$ & $0.0245498$ & $0.0129963$ & $-0.0183587$ & $0.00472961$ & $-0.00936849$ & $-0.0222525$ & $0.00209649$ & $0.0315439$ & $-0.0275077$ & $-0.0161371$ & $0.00561864$ & $0.00630241$ \\
CeH_22r & $0.0074764$ & $-0.00569489$ & $0.00421892$ & $-0.0363284$ & $-0.0126553$ & $0.000575362$ & $0.0228678$ & $0.033136$ & $0.0356104$ & $-0.00987421$ & $-0.0132835$ & $0.0480097$ & $0.0426712$ & $-0.0205449$ & $0.000889119$ & $0.0151002$ & $-0.0450331$ & $-0.0350673$ & $-0.0467579$ & $0.0149156$ & $0.0142144$ & $0.0101682$ & $0.00241553$ & $-0.0502306$ & $-0.0541767$ & $-0.0168893$ & $-0.0110003$ & $-0.0127344$ & $1$ & $0.0354145$ & $0.0136357$ & $0.00123815$ & $0.0263332$ & $0.0231515$ & $-0.0268812$ & $0.000392206$ & $-0.0112611$ & $-0.0179371$ & $-0.0156637$ & $0.0269859$ & $0.014759$ & $-0.0250204$ & $-0.033738$ & $0.0132835$ & $-0.0201986$ & $-0.00144785$ & $-0.026488$ & $-0.0115004$ & $-0.0116606$ \\
CeH_33r & $-0.016602$ & $-0.00236464$ & $-0.000151247$ & $-0.00910416$ & $0.00298849$ & $-0.0253923$ & $-0.157492$ & $0.0843918$ & $0.101947$ & $-0.112369$ & $-0.0296404$ & $0.309433$ & $0.27506$ & $-0.0852381$ & $0.00449191$ & $0.00749741$ & $-0.10858$ & $-0.104432$ & $-0.106096$ & $0.0297214$ & $0.0346686$ & $0.0368987$ & $0.0108339$ & $-0.108779$ & $-0.10669$ & $-0.0189161$ & $0.0364389$ & $0.0144185$ & $0.0354145$ & $1$ & $0.360048$ & $-0.00242253$ & $0.645301$ & $0.0639171$ & $-0.0763382$ & $0.0146554$ & $-0.183083$ & $-0.0134923$ & $-0.0422441$ & $-0.0159422$ & $0.0299686$ & $0.0496757$ & $-0.000848069$ & $0.00620276$ & $0.0241414$ & $0.0240409$ & $0.0639859$ & $0.0206198$ & $0.00796037$ \\
CuH_22r & $-0.0123619$ & $-0.0206369$ & $0.00230226$ & $-0.0183388$ & $0.012255$ & $-0.0174056$ & $-0.0958569$ & $0.040535$ & $0.0461761$ & $-0.0574966$ & $-0.00895415$ & $0.116705$ & $0.120998$ & $-0.0545941$ & $0.011947$ & $0.000441492$ & $-0.0555157$ & $-0.0664244$ & $-0.0591934$ & $0.00879038$ & $0.0125784$ & $0.00711936$ & $0.0218266$ & $-0.0504004$ & $-0.0656993$ & $-0.0213641$ & $0.00783426$ & $0.0253867$ & $0.0136357$ & $0.360048$ & $1$ & $0.00694206$ & $0.403496$ & $0.0233145$ & $-0.0084229$ & $0.0526736$ & $-0.127675$ & $-0.00156998$ & $-0.0118297$ & $-0.0325464$ & $0.0460419$ & $0.0359576$ & $-0.0121556$ & $-0.00530049$ & $0.0335679$ & $0.038723$ & $0.360436$ & $0.0760624$ & $0.0425383$ \\
CuH_33r & $-0.00188027$ & $-0.0200378$ & $-0.0363234$ & $0.002248$ & $0.000251024$ & $-0.0125619$ & $0.931735$ & $-0.0778533$ & $-0.0359119$ & $0.0960547$ & $0.0429272$ & $-0.0723209$ & $-0.266386$ & $0.0422098$ & $-0.00284228$ & $0.0111393$ & $0.0676253$ & $0.0701421$ & $0.0589974$ & $-0.0408836$ & $-0.0499536$ & $-0.0478436$ & $-0.0259175$ & $0.0887743$ & $0.0667384$ & $0.0346474$ & $-0.0475202$ & $-0.0155373$ & $0.00123815$ & $-0.00242253$ & $0.00694206$ & $1$ & $-0.025367$ & $-0.058765$ & $0.0395711$ & $0.0763863$ & $-0.00230332$ & $-0.0194961$ & $-0.0429599$ & $-0.0074417$ & $-0.0203152$ & $0.0136504$ & $-0.0016295$ & $0.0306121$ & $0.0220348$ & $0.0204898$ & $-0.00248976$ & $-0.0192463$ & $0.0102629$ \\
CdH_33r & $0.00417223$ & $0.0215637$ & $0.0213197$ & $-0.00618239$ & $0.0144622$ & $-0.0344674$ & $-0.205381$ & $0.0836531$ & $0.0995112$ & $-0.117257$ & $-0.024209$ & $0.355948$ & $0.32324$ & $-0.0945658$ & $-0.0107343$ & $0.0353212$ & $-0.114944$ & $-0.100796$ & $-0.129148$ & $0.0236154$ & $0.030691$ & $0.0330325$ & $0.0201113$ & $-0.116979$ & $-0.11629$ & $-0.0250424$ & $0.0331466$ & $0.0326128$ & $0.0263332$ & $0.645301$ & $0.403496$ & $-0.025367$ & $1$ & $0.0807378$ & $-0.067769$ & $0.027493$ & $-0.209886$ & $-0.0229763$ & $-0.105569$ & $-0.00516513$ & $-0.0185391$ & $0.0116599$ & $0.00341406$ & $0.110055$ & $-0.00541263$ & $0.0332396$ & $0.122225$ & $0.136907$ & $0.466921$ \\
CLL_1221 & $0.00191667$ & $0.0198092$ & $0.0209725$ & $0.00320983$ & $-0.0117252$ & $-0.114889$ & $-0.0630871$ & $0.560977$ & $0.549694$ & $-0.368601$ & $-0.349691$ & $-0.0341683$ & $0.223193$ & $-0.24888$ & $-0.590228$ & $-0.132589$ & $-0.279829$ & $-0.00416192$ & $-0.342388$ & $0.268319$ & $0.438407$ & $0.441551$ & $0.198252$ & $-0.640503$ & $-0.220893$ & $-0.233677$ & $0.686991$ & $0.157575$ & $0.0231515$ & $0.0639171$ & $0.0233145$ & $-0.058765$ & $0.0807378$ & $1$ & $-0.00690648$ & $-0.00707307$ & $0.00760713$ & $0.0184437$ & $-0.00144579$ & $-0.00296895$ & $0.0276461$ & $0.0188618$ & $-0.00887998$ & $-0.0286074$ & $-0.00751212$ & $-0.0367409$ & $-0.0124307$ & $-0.00271043$ & $-0.0039511$ \\
eHggint & $0.00299915$ & $-0.00271398$ & $-0.0333789$ & $-0.0331161$ & $-0.0102078$ & $0.00304987$ & $-0.0393788$ & $-0.0721917$ & $-0.0897691$ & $0.0630812$ & $0.0754727$ & $0.0812751$ & $0.00600221$ & $-0.0342774$ & $-0.058057$ & $-0.0135464$ & $0.00273031$ & $0.0359052$ & $0.00235957$ & $-0.0748064$ & $-0.0735492$ & $-0.0691759$ & $0.0138399$ & $0.0397837$ & $0.00712093$ & $0.0198867$ & $-0.0299525$ & $-0.0200557$ & $-0.0268812$ & $-0.0763382$ & $-0.0084229$ & $0.0395711$ & $-0.067769$ & $-0.00690648$ & $1$ & $-0.194568$ & $0.166575$ & $-0.0202141$ & $0.092117$ & $0.00916089$ & $-0.00422387$ & $-0.00204909$ & $0.0676397$ & $-0.0803922$ & $-0.0254311$ & $0.00311793$ & $-0.00802074$ & $0.00218551$ & $0.0145853$ \\
eHggpar & $-0.0481436$ & $-0.0603368$ & $0.0275145$ & $0.0219036$ & $0.0356162$ & $-0.00665742$ & $0.0454286$ & $0.0449619$ & $0.0483957$ & $-0.0228125$ & $-0.039214$ & $0.0211831$ & $0.0301164$ & $-0.000898365$ & $0.0535211$ & $0.0165$ & $-0.00246105$ & $-0.0431944$ & $-0.015601$ & $0.0422306$ & $0.0385133$ & $0.0341154$ & $0.00645573$ & $-0.0136768$ & $-0.0073817$ & $-0.0299839$ & $0.0161858$ & $-0.0101401$ & $0.000392206$ & $0.0146554$ & $0.0526736$ & $0.0763863$ & $0.027493$ & $-0.00707307$ & $-0.194568$ & $1$ & $-0.086529$ & $0.0133872$ & $0.0246719$ & $-0.0485172$ & $0.00884492$ & $0.0191325$ & $0.128777$ & $0.0263302$ & $0.0330559$ & $0.0155107$ & $0.0455998$ & $0.000488196$ & $0.0321172$ \\
eHWWint & $0.0657491$ & $-0.0771422$ & $0.0362346$ & $0.0223267$ & $-0.015254$ & $0.0574849$ & $0.0328869$ & $0.0281916$ & $0.0168901$ & $-0.027128$ & $-0.0178434$ & $7.33079e-05$ & $-0.00432165$ & $0.00340414$ & $0.00589979$ & $0.0074523$ & $-0.0320223$ & $-0.0215084$ & $-0.0245905$ & $0.0154039$ & $0.0137934$ & $0.0203163$ & $0.00292532$ & $-0.038156$ & $-0.0447554$ & $-0.0191286$ & $-0.0186587$ & $0.0295533$ & $-0.0112611$ & $-0.183083$ & $-0.127675$ & $-0.00230332$ & $-0.209886$ & $0.00760713$ & $0.166575$ & $-0.086529$ & $1$ & $-0.0241608$ & $0.129822$ & $-0.0109235$ & $0.0436806$ & $0.0137952$ & $0.0367494$ & $-0.0746655$ & $0.0385673$ & $-0.13213$ & $-0.0712485$ & $0.0269418$ & $-0.0967125$ \\
eHWWpar & $-0.0287487$ & $0.00672945$ & $-0.0280936$ & $0.00953029$ & $0.0438504$ & $-0.0508263$ & $-0.0223214$ & $0.0319639$ & $0.0334596$ & $-0.000557455$ & $-0.0330136$ & $-0.00330004$ & $0.00149699$ & $-0.00595185$ & $0.0176583$ & $0.00824704$ & $0.0150687$ & $-0.0113485$ & $-0.00212097$ & $0.0330287$ & $0.0344025$ & $0.0329578$ & $-0.00779271$ & $-0.0137276$ & $0.000226189$ & $-0.0225318$ & $0.0124939$ & $0.0245498$ & $-0.0179371$ & $-0.0134923$ & $-0.00156998$ & $-0.0194961$ & $-0.0229763$ & $0.0184437$ & $-0.0202141$ & $0.0133872$ & $-0.0241608$ & $1$ & $-0.0184857$ & $-0.014929$ & $-0.0385352$ & $-0.00757757$ & $0.0437948$ & $0.0156621$ & $0.0251111$ & $-0.00137038$ & $-0.00838159$ & $0.0319034$ & $-0.0296375$ \\
eHZZint & $0.00904059$ & $-0.0128586$ & $-0.0135237$ & $0.0143237$ & $-0.0095376$ & $0.0196008$ & $-0.0630908$ & $0.00767143$ & $-0.00396102$ & $-0.000566946$ & $0.00185013$ & $0.0263876$ & $0.0284714$ & $-0.00423469$ & $0.00200296$ & $-0.0205851$ & $-0.0230902$ & $-0.0201104$ & $-0.00325145$ & $-0.00142678$ & $-0.00178648$ & $-0.00139621$ & $0.000270118$ & $-0.0111256$ & $-0.020418$ & $-0.00713253$ & $-0.00059854$ & $0.0129963$ & $-0.0156637$ & $-0.0422441$ & $-0.0118297$ & $-0.0429599$ & $-0.105569$ & $-0.00144579$ & $0.092117$ & $0.0246719$ & $0.129822$ & $-0.0184857$ & $1$ & $0.00160283$ & $0.0349282$ & $-0.0434894$ & $0.0103501$ & $-0.0566078$ & $0.0980909$ & $0.0581004$ & $-0.0479928$ & $-0.0926069$ & $-0.113454$ \\
eHZZpar & $-0.00804172$ & $-0.0471009$ & $0.0260434$ & $-0.039053$ & $-0.00878568$ & $0.00854754$ & $0.00640437$ & $-0.0232113$ & $-0.0245567$ & $0.0279021$ & $0.0333318$ & $0.0129505$ & $-0.0170108$ & $-0.0243534$ & $-0.0209864$ & $-0.0496096$ & $-0.0119303$ & $-0.00422244$ & $0.0130344$ & $-0.036484$ & $-0.0310066$ & $-0.0350296$ & $0.0441902$ & $-0.00513502$ & $0.000664848$ & $-0.0207747$ & $0.006339$ & $-0.0183587$ & $0.0269859$ & $-0.0159422$ & $-0.0325464$ & $-0.0074417$ & $-0.00516513$ & $-0.00296895$ & $0.00916089$ & $-0.0485172$ & $-0.0109235$ & $-0.014929$ & $0.00160283$ & $1$ & $-0.00212985$ & $0.01758$ & $-0.0676166$ & $0.0791893$ & $-0.0148376$ & $0.0113236$ & $0.000855251$ & $0.0312518$ & $0.0173851$ \\
eHZgaint & $-0.0233257$ & $0.00615529$ & $0.0508691$ & $-0.0726275$ & $-0.000526511$ & $-0.00681503$ & $-0.0171528$ & $0.0132284$ & $0.0156744$ & $-0.07501$ & $0.00171166$ & $-0.0149356$ & $0.0326249$ & $-0.0256784$ & $-0.0315163$ & $-0.0258659$ & $-0.0309053$ & $-0.013035$ & $-0.0140136$ & $-0.00124454$ & $0.00569389$ & $0.00252621$ & $-0.0299509$ & $-0.0277913$ & $-0.00302789$ & $0.0383097$ & $0.0411422$ & $0.00472961$ & $0.014759$ & $0.0299686$ & $0.0460419$ & $-0.0203152$ & $-0.0185391$ & $0.0276461$ & $-0.00422387$ & $0.00884492$ & $0.0436806$ & $-0.0385352$ & $0.0349282$ & $-0.00212985$ & $1$ & $0.0213451$ & $0.0246652$ & $-0.156096$ & $-0.119671$ & $0.0263489$ & $0.0763761$ & $-0.0247788$ & $-0.0777678$ \\
eHZgapar & $-0.0292635$ & $-0.0100526$ & $-0.00379407$ & $-0.00955771$ & $0.00307874$ & $-0.00724735$ & $0.0138752$ & $0.0144846$ & $0.0214188$ & $-0.0247716$ & $-0.0111474$ & $0.0098638$ & $0.0221935$ & $0.00558074$ & $-0.00709869$ & $0.0392694$ & $-0.00888114$ & $0.00457972$ & $-0.0300803$ & $0.0116819$ & $0.00966205$ & $0.0163712$ & $0.0366328$ & $-0.00904912$ & $0.00226895$ & $-0.0300736$ & $0.00961969$ & $-0.00936849$ & $-0.0250204$ & $0.0496757$ & $0.0359576$ & $0.0136504$ & $0.0116599$ & $0.0188618$ & $-0.00204909$ & $0.0191325$ & $0.0137952$ & $-0.00757757$ & $-0.0434894$ & $0.01758$ & $0.0213451$ & $1$ & $0.0206825$ & $0.0178104$ & $-0.0156765$ & $-0.0300081$ & $0.0242146$ & $0.0461969$ & $-0.0644321$ \\
eHgagaint & $-0.0695344$ & $0.0337805$ & $-0.0502149$ & $0.0287095$ & $-0.012046$ & $0.0129622$ & $-0.0164117$ & $0.013968$ & $0.0667545$ & $-0.00429733$ & $-0.0104891$ & $0.0144086$ & $0.0128283$ & $-0.00439579$ & $0.0312898$ & $0.0157177$ & $-0.005864$ & $-0.0244464$ & $-0.017786$ & $0.0139308$ & $0.00994221$ & $0.0108045$ & $0.0119185$ & $-0.0132069$ & $0.0122878$ & $0.00824302$ & $0.0197419$ & $-0.0222525$ & $-0.033738$ & $-0.000848069$ & $-0.0121556$ & $-0.0016295$ & $0.00341406$ & $-0.00887998$ & $0.0676397$ & $0.128777$ & $0.0367494$ & $0.0437948$ & $0.0103501$ & $-0.0676166$ & $0.0246652$ & $0.0206825$ & $1$ & $-0.17064$ & $0.0335806$ & $-0.0472223$ & $0.0122847$ & $-0.00945835$ & $0.0296921$ \\
eHmumuint & $-0.0825298$ & $-0.0336207$ & $-0.0178797$ & $-0.048468$ & $0.0470304$ & $-0.00980118$ & $0.0215483$ & $-0.0407234$ & $-0.0506273$ & $0.0323137$ & $0.0289941$ & $0.00727092$ & $-0.0290979$ & $0.0106342$ & $-0.00865596$ & $0.00948143$ & $0.0220137$ & $0.0301572$ & $0.0194867$ & $-0.0271122$ & $-0.0340098$ & $-0.032086$ & $0.0159051$ & $0.056732$ & $0.0261008$ & $-0.014621$ & $-0.0319253$ & $0.00209649$ & $0.0132835$ & $0.00620276$ & $-0.00530049$ & $0.0306121$ & $0.110055$ & $-0.0286074$ & $-0.0803922$ & $0.0263302$ & $-0.0746655$ & $0.0156621$ & $-0.0566078$ & $0.0791893$ & $-0.156096$ & $0.0178104$ & $-0.17064$ & $1$ & $-0.0458158$ & $0.0216639$ & $-0.0606581$ & $0.13809$ & $0.131283$ \\
eHtautauint & $-0.0479761$ & $0.0379726$ & $-0.0660711$ & $0.0522538$ & $-0.00509995$ & $0.0493301$ & $0.0240269$ & $-0.00972013$ & $-0.009177$ & $0.00291206$ & $0.0189837$ & $-0.0179651$ & $-0.0176795$ & $-0.00450609$ & $-0.00995518$ & $-0.0223498$ & $-0.0310898$ & $-0.0115669$ & $-0.0028233$ & $-0.0170131$ & $-0.0172489$ & $-0.0267963$ & $0.00592955$ & $0.00174301$ & $-0.0270634$ & $-0.0115144$ & $-0.0251325$ & $0.0315439$ & $-0.0201986$ & $0.0241414$ & $0.0335679$ & $0.0220348$ & $-0.00541263$ & $-0.00751212$ & $-0.0254311$ & $0.0330559$ & $0.0385673$ & $0.0251111$ & $0.0980909$ & $-0.0148376$ & $-0.119671$ & $-0.0156765$ & $0.0335806$ & $-0.0458158$ & $1$ & $-0.0616814$ & $0.0990852$ & $0.0152945$ & $0.044833$ \\
eHccint & $0.0319891$ & $0.00184289$ & $-0.197842$ & $-0.0355103$ & $0.0116003$ & $-0.0237734$ & $0.0083532$ & $-0.00507677$ & $-0.0083488$ & $-0.0197438$ & $0.0124686$ & $0.002444$ & $-0.00418784$ & $-0.0149552$ & $0.033297$ & $-0.0194285$ & $-0.0230719$ & $-0.0426035$ & $-0.0018903$ & $-0.0144722$ & $-0.0168131$ & $-0.0182345$ & $-0.00725588$ & $0.0063268$ & $-0.0515269$ & $0.000782513$ & $-0.0395922$ & $-0.0275077$ & $-0.00144785$ & $0.0240409$ & $0.038723$ & $0.0204898$ & $0.0332396$ & $-0.0367409$ & $0.00311793$ & $0.0155107$ & $-0.13213$ & $-0.00137038$ & $0.0581004$ & $0.0113236$ & $0.0263489$ & $-0.0300081$ & $-0.0472223$ & $0.0216639$ & $-0.0616814$ & $1$ & $-0.0992747$ & $-0.0213624$ & $0.0262325$ \\
eHccpar & $-0.0269852$ & $-0.039424$ & $-0.0291216$ & $-0.0566462$ & $-0.0180387$ & $0.0168547$ & $-0.0273949$ & $0.00418087$ & $0.00317717$ & $-0.0120908$ & $0.000124748$ & $0.0191667$ & $0.0183061$ & $-0.00190021$ & $0.0118519$ & $-0.026686$ & $-0.0111313$ & $-0.0173385$ & $0.0134191$ & $-0.00312883$ & $0.000760592$ & $0.00721698$ & $0.00518871$ & $-0.00420913$ & $0.00934822$ & $0.00467789$ & $0.022443$ & $-0.0161371$ & $-0.026488$ & $0.0639859$ & $0.360436$ & $-0.00248976$ & $0.122225$ & $-0.0124307$ & $-0.00802074$ & $0.0455998$ & $-0.0712485$ & $-0.00838159$ & $-0.0479928$ & $0.000855251$ & $0.0763761$ & $0.0242146$ & $0.0122847$ & $-0.0606581$ & $0.0990852$ & $-0.0992747$ & $1$ & $0.10673$ & $0.0872595$ \\
eHbbint & $-0.0052003$ & $-0.0521382$ & $0.0728775$ & $0.0925348$ & $0.0141445$ & $0.00521888$ & $-0.0230661$ & $-0.00892585$ & $-0.0102624$ & $0.000237892$ & $0.00590015$ & $0.0107908$ & $0.0155137$ & $0.00691555$ & $-0.00492737$ & $0.0209049$ & $0.00925792$ & $0.0154597$ & $-0.00691792$ & $-0.00570487$ & $-0.00784648$ & $-0.0108713$ & $-0.0124435$ & $0.0125535$ & $-0.0048571$ & $-0.00255888$ & $-0.0314321$ & $0.00561864$ & $-0.0115004$ & $0.0206198$ & $0.0760624$ & $-0.0192463$ & $0.136907$ & $-0.00271043$ & $0.00218551$ & $0.000488196$ & $0.0269418$ & $0.0319034$ & $-0.0926069$ & $0.0312518$ & $-0.0247788$ & $0.0461969$ & $-0.00945835$ & $0.13809$ & $0.0152945$ & $-0.0213624$ & $0.10673$ & $1$ & $-0.0707712$ \\
eHbbpar & $0.00645147$ & $0.0303502$ & $-0.0133271$ & $-0.0189176$ & $0.0373671$ & $-0.0257785$ & $0.00184713$ & $-0.0443346$ & $-0.0443528$ & $0.0482762$ & $0.0397828$ & $0.00961252$ & $-0.0255938$ & $0.000760904$ & $-0.0325832$ & $0.00527467$ & $0.0126996$ & $0.0341063$ & $0.0144409$ & $-0.0404702$ & $-0.0371497$ & $-0.031721$ & $0.0133632$ & $0.0226835$ & $0.0270415$ & $0.0156571$ & $-0.00554749$ & $0.00630241$ & $-0.0116606$ & $0.00796037$ & $0.0425383$ & $0.0102629$ & $0.466921$ & $-0.0039511$ & $0.0145853$ & $0.0321172$ & $-0.0967125$ & $-0.0296375$ & $-0.113454$ & $0.0173851$ & $-0.0777678$ & $-0.0644321$ & $0.0296921$ & $0.131283$ & $0.044833$ & $0.0262325$ & $0.0872595$ & $-0.0707712$ & $1$ \\
