 & AlsMz & dAle5Mz & mtop & mHl & Mz & CW & CHG & CHWB & CHWHB_gaga & CHWHB_gagaorth & CHD & CHbox & CH & CHL1_11 & CHL1_22 & CHL1_33 & CHL3_11 & CHL3_22 & CHL3_33 & CHe_11 & CHe_22 & CHe_33 & CHQ1_11 & CHQ1_33 & CHQ3_11 & CHu_11 & CHd_11 & CHd_33 & CeH_22r & CeH_33r & CuH_22r & CuH_33r & CdH_33r & CLL_1221 & eHggint & eHggpar & eHWWint & eHWWpar & eHZZint & eHZZpar & eHZgaint & eHZgapar & eHgagaint & eHmumuint & eHtautauint & eHccint & eHccpar & eHbbint & eHbbpar \\
AlsMz & $1$ & $-0.261888$ & $0.450156$ & $-0.032124$ & $-0.0281514$ & $0.0167302$ & $0.176011$ & $-0.0362668$ & $-0.0293579$ & $0.0533025$ & $0.0704433$ & $-0.137216$ & $-0.215129$ & $-0.0770773$ & $-0.0333876$ & $-0.0404531$ & $-0.0719417$ & $-0.0523789$ & $-0.0430649$ & $-0.0710033$ & $-0.0729281$ & $-0.0655513$ & $0.0336871$ & $-0.0292363$ & $-0.0717287$ & $0.0264911$ & $0.00780816$ & $-0.0567676$ & $-0.0621356$ & $-0.175321$ & $-0.0781381$ & $0.154643$ & $-0.183265$ & $-0.0166618$ & $-0.214546$ & $-0.0170487$ & $0.0180491$ & $0.0427307$ & $-0.209783$ & $0.204352$ & $0.321247$ & $0.155807$ & $0.163957$ & $-0.32466$ & $0.269225$ & $0.20148$ & $0.28619$ & $0.13878$ & $0.0449588$ \\
dAle5Mz & $-0.261888$ & $1$ & $-0.289809$ & $0.146885$ & $0.0249425$ & $-0.0255373$ & $-0.0213892$ & $-0.0445196$ & $-0.0447433$ & $0.0784757$ & $0.0106424$ & $0.0783373$ & $0.0946487$ & $0.0425326$ & $0.0161111$ & $0.0331314$ & $0.0453517$ & $0.046314$ & $0.0290285$ & $-0.000736486$ & $-0.00824317$ & $-0.0147596$ & $-0.00565285$ & $0.0684368$ & $0.045849$ & $0.00821325$ & $-0.0463209$ & $0.0113222$ & $0.0598965$ & $0.100948$ & $0.00660931$ & $-0.0193904$ & $0.05398$ & $-0.0381249$ & $-0.110391$ & $-0.520083$ & $-0.14826$ & $0.0690176$ & $0.360934$ & $-0.0725327$ & $-0.341418$ & $-0.112154$ & $-0.240785$ & $0.204827$ & $0.0580508$ & $-0.122243$ & $-0.214604$ & $-0.316194$ & $-0.150832$ \\
mtop & $0.450156$ & $-0.289809$ & $1$ & $-0.262337$ & $-0.0324284$ & $0.0116267$ & $0.00877206$ & $0.0365063$ & $0.0378595$ & $-0.045925$ & $0.000679612$ & $-0.0711104$ & $-0.0382146$ & $-0.0495874$ & $-0.0271966$ & $-0.0199866$ & $-0.060425$ & $-0.0505203$ & $-0.0538964$ & $-0.00377169$ & $0.00303677$ & $0.00961684$ & $0.0283022$ & $-0.0692018$ & $-0.0647279$ & $-0.00790696$ & $0.0502405$ & $-0.0301278$ & $-0.0436432$ & $-0.0419124$ & $-0.0398355$ & $-0.00558609$ & $-0.0771336$ & $0.0534834$ & $-0.122061$ & $0.124332$ & $0.349939$ & $-0.0506062$ & $-0.0882132$ & $-0.122423$ & $0.138677$ & $0.0392006$ & $-0.0434477$ & $-0.138755$ & $0.43205$ & $-0.093841$ & $0.123478$ & $-0.191199$ & $-0.150779$ \\
mHl & $-0.032124$ & $0.146885$ & $-0.262337$ & $1$ & $-0.0386283$ & $-0.0125728$ & $-0.232963$ & $0.0229124$ & $0.0349957$ & $-0.0400995$ & $-0.0294266$ & $0.259351$ & $0.237701$ & $0.0127731$ & $0.0190126$ & $-0.00289058$ & $0.0207228$ & $-0.00244954$ & $0.0156042$ & $0.0269432$ & $0.0329433$ & $0.0324603$ & $0.0153783$ & $-0.0152565$ & $-0.000273599$ & $-0.0445444$ & $-0.00363466$ & $0.0140748$ & $0.0816199$ & $0.179875$ & $0.127081$ & $-0.234487$ & $0.168808$ & $0.0120875$ & $0.0394882$ & $-0.165381$ & $-0.504745$ & $0.0516285$ & $0.292347$ & $0.136578$ & $0.238501$ & $-0.105171$ & $0.288077$ & $-0.48989$ & $-0.14956$ & $0.0172676$ & $-0.033794$ & $-0.025912$ & $-0.149605$ \\
Mz & $-0.0281514$ & $0.0249425$ & $-0.0324284$ & $-0.0386283$ & $1$ & $0.00586635$ & $0.0253519$ & $0.0826522$ & $0.0836802$ & $-0.0381162$ & $-0.0737107$ & $0.00689097$ & $0.00939683$ & $0.0403847$ & $0.0370486$ & $0.0625241$ & $-0.00966689$ & $-0.0157375$ & $-0.0325671$ & $0.0823784$ & $0.0813716$ & $0.0841436$ & $-0.017919$ & $-0.0442011$ & $-0.019069$ & $-0.0477864$ & $0.0220753$ & $0.0683596$ & $-0.0243007$ & $-0.0150376$ & $-0.00295674$ & $0.0300946$ & $0.00878215$ & $0.0425864$ & $0.0400797$ & $0.0403555$ & $0.0280165$ & $-0.0210621$ & $-0.101699$ & $0.0329486$ & $-0.0367065$ & $-0.0170598$ & $-0.00597715$ & $0.0675861$ & $-0.048916$ & $0.00480804$ & $0.00330536$ & $0.00516634$ & $0.0540418$ \\
CW & $0.0167302$ & $-0.0255373$ & $0.0116267$ & $-0.0125728$ & $0.00586635$ & $1$ & $0.0159926$ & $-0.00564025$ & $-0.00510388$ & $0.00146435$ & $0.116183$ & $0.0509227$ & $-0.00737216$ & $-0.0129924$ & $-0.0705901$ & $-0.0636184$ & $-0.371084$ & $-0.174156$ & $-0.178943$ & $-0.116314$ & $-0.119927$ & $-0.114243$ & $0.0095815$ & $-0.135431$ & $-0.218209$ & $0.0748652$ & $-0.0477969$ & $-0.040353$ & $-0.0361446$ & $0.0193285$ & $0.0369228$ & $0.0305121$ & $0.00444394$ & $-0.0760526$ & $-0.0145399$ & $0.00531857$ & $-0.0178721$ & $0.000811509$ & $-0.0386$ & $0.0144632$ & $-0.041751$ & $0.0228777$ & $-0.0246582$ & $0.0090919$ & $0.0286011$ & $0.0316343$ & $0.0153665$ & $0.0223656$ & $-0.0710944$ \\
CHG & $0.176011$ & $-0.0213892$ & $0.00877206$ & $-0.232963$ & $0.0253519$ & $0.0159926$ & $1$ & $-0.020141$ & $0.0023643$ & $0.212572$ & $0.0910499$ & $-0.60136$ & $-0.826049$ & $-0.149644$ & $-0.0646592$ & $-0.045107$ & $-0.13228$ & $-0.108302$ & $-0.119562$ & $-0.0902353$ & $-0.0884742$ & $-0.0826852$ & $0.0566382$ & $-0.0997844$ & $-0.108756$ & $0.0422477$ & $0.0279019$ & $-0.0532532$ & $-0.157524$ & $-0.655241$ & $-0.410172$ & $0.961533$ & $-0.69353$ & $0.035237$ & $-0.295604$ & $0.0356419$ & $0.301051$ & $-0.0256556$ & $-0.116682$ & $0.0168148$ & $0.0288048$ & $0.0537991$ & $0.136662$ & $0.0893984$ & $0.174631$ & $0.174721$ & $0.275332$ & $0.0573694$ & $0.0423311$ \\
CHWB & $-0.0362668$ & $-0.0445196$ & $0.0365063$ & $0.0229124$ & $0.0826522$ & $-0.00564025$ & $-0.020141$ & $1$ & $0.990333$ & $-0.578903$ & $-0.87326$ & $-0.155313$ & $0.0257552$ & $0.270097$ & $0.461449$ & $0.453613$ & $-0.227345$ & $-0.41093$ & $-0.41314$ & $0.856534$ & $0.887592$ & $0.878539$ & $0.0215077$ & $-0.634164$ & $-0.366228$ & $-0.602188$ & $0.406647$ & $0.40759$ & $-0.00745823$ & $0.0194816$ & $-0.00109521$ & $-0.0226497$ & $0.0128802$ & $0.530317$ & $0.065873$ & $0.014567$ & $0.000751768$ & $-0.0576591$ & $-0.00764339$ & $0.0176693$ & $0.103921$ & $-0.00571037$ & $0.0334375$ & $0.0281098$ & $-0.00168522$ & $-0.00966178$ & $0.0274183$ & $-0.0560297$ & $-0.011006$ \\
CHWHB_gaga & $-0.0293579$ & $-0.0447433$ & $0.0378595$ & $0.0349957$ & $0.0836802$ & $-0.00510388$ & $0.0023643$ & $0.990333$ & $1$ & $-0.572059$ & $-0.858994$ & $-0.14264$ & $0.0320396$ & $0.257515$ & $0.451772$ & $0.445212$ & $-0.236875$ & $-0.415789$ & $-0.4189$ & $0.842146$ & $0.873481$ & $0.864764$ & $0.0260698$ & $-0.637583$ & $-0.374654$ & $-0.59654$ & $0.400696$ & $0.401407$ & $0.000736389$ & $0.0377076$ & $0.0141489$ & $-0.0013071$ & $0.0327395$ & $0.5288$ & $0.051568$ & $0.00334702$ & $-0.00391022$ & $-0.05604$ & $-0.0184115$ & $0.0247677$ & $0.103046$ & $-0.00508938$ & $0.0670436$ & $0.0260846$ & $-0.00809727$ & $0.00589644$ & $0.0436571$ & $-0.0644487$ & $-0.00733655$ \\
CHWHB_gagaorth & $0.0533025$ & $0.0784757$ & $-0.045925$ & $-0.0400995$ & $-0.0381162$ & $0.00146435$ & $0.212572$ & $-0.578903$ & $-0.572059$ & $1$ & $0.510287$ & $0.1689$ & $-0.237123$ & $-0.169496$ & $-0.276313$ & $-0.258331$ & $0.123187$ & $0.23402$ & $0.226183$ & $-0.498501$ & $-0.517511$ & $-0.513446$ & $-0.0129342$ & $0.357881$ & $0.207984$ & $0.352839$ & $-0.228592$ & $-0.237986$ & $-0.0282922$ & $-0.207216$ & $-0.116286$ & $0.224407$ & $-0.231346$ & $-0.297017$ & $-0.110231$ & $0.0105603$ & $0.0569503$ & $0.0255689$ & $0.0245879$ & $0.0193597$ & $-0.0866578$ & $-0.000481912$ & $-0.0217932$ & $-0.00488058$ & $0.0532633$ & $0.0529502$ & $0.0243739$ & $0.0565524$ & $-0.0205725$ \\
CHD & $0.0704433$ & $0.0106424$ & $0.000679612$ & $-0.0294266$ & $-0.0737107$ & $0.116183$ & $0.0910499$ & $-0.87326$ & $-0.858994$ & $0.510287$ & $1$ & $0.161285$ & $-0.103763$ & $-0.664665$ & $-0.584511$ & $-0.570469$ & $-0.246448$ & $-0.01503$ & $-0.00810194$ & $-0.994903$ & $-0.99507$ & $-0.98283$ & $0.0546793$ & $0.220577$ & $-0.0703674$ & $0.66965$ & $-0.275426$ & $-0.434643$ & $-0.0188475$ & $-0.0706664$ & $-0.0263571$ & $0.100495$ & $-0.08313$ & $-0.315492$ & $-0.122088$ & $0.0160982$ & $0.0453589$ & $0.042591$ & $-0.00757884$ & $-0.00195469$ & $-0.086613$ & $0.0300961$ & $0.0072801$ & $-0.0240582$ & $0.0393373$ & $0.0369598$ & $0.0397252$ & $0.0438299$ & $0.00256961$ \\
CHbox & $-0.137216$ & $0.0783373$ & $-0.0711104$ & $0.259351$ & $0.00689097$ & $0.0509227$ & $-0.60136$ & $-0.155313$ & $-0.14264$ & $0.1689$ & $0.161285$ & $1$ & $0.710786$ & $-0.0772993$ & $-0.0665306$ & $-0.0716401$ & $-0.0265216$ & $0.0102686$ & $0.0176352$ & $-0.155268$ & $-0.16312$ & $-0.164068$ & $-0.0253374$ & $0.0690288$ & $-0.0168161$ & $0.117886$ & $-0.117808$ & $-0.0412671$ & $0.163683$ & $0.604314$ & $0.381258$ & $-0.52335$ & $0.61028$ & $-0.095008$ & $0.222941$ & $-0.0648949$ & $-0.207975$ & $0.0150756$ & $0.154328$ & $0.0747881$ & $-0.146722$ & $-0.0268012$ & $-0.058254$ & $-0.0322795$ & $-0.0665791$ & $-0.0466003$ & $-0.123601$ & $-0.00553229$ & $-0.144171$ \\
CH & $-0.215129$ & $0.0946487$ & $-0.0382146$ & $0.237701$ & $0.00939683$ & $-0.00737216$ & $-0.826049$ & $0.0257552$ & $0.0320396$ & $-0.237123$ & $-0.103763$ & $0.710786$ & $1$ & $0.171769$ & $0.0604596$ & $0.0587067$ & $0.140983$ & $0.126867$ & $0.126107$ & $0.103211$ & $0.101466$ & $0.100052$ & $-0.0476499$ & $0.10169$ & $0.109549$ & $-0.0583052$ & $-0.0439169$ & $0.0663614$ & $0.201335$ & $0.766276$ & $0.459709$ & $-0.757502$ & $0.805974$ & $-0.0268583$ & $0.360554$ & $-0.07061$ & $-0.286323$ & $0.0324446$ & $0.0685437$ & $0.0157873$ & $-0.0471493$ & $-0.0756647$ & $-0.0773588$ & $0.00687006$ & $-0.224151$ & $-0.132573$ & $-0.229839$ & $-0.12442$ & $-0.00271314$ \\
CHL1_11 & $-0.0770773$ & $0.0425326$ & $-0.0495874$ & $0.0127731$ & $0.0403847$ & $-0.0129924$ & $-0.149644$ & $0.270097$ & $0.257515$ & $-0.169496$ & $-0.664665$ & $-0.0772993$ & $0.171769$ & $1$ & $0.427107$ & $0.402247$ & $0.631941$ & $0.587526$ & $0.581983$ & $0.675292$ & $0.635726$ & $0.624824$ & $-0.127654$ & $0.435268$ & $0.601687$ & $-0.427339$ & $-0.050777$ & $0.25699$ & $0.0364598$ & $0.123824$ & $0.0583606$ & $-0.161527$ & $0.154904$ & $-0.19065$ & $0.139353$ & $-0.0631669$ & $-0.0942053$ & $-0.00380574$ & $0.00895838$ & $-0.0235087$ & $0.000680037$ & $-0.049147$ & $-0.0674507$ & $0.00816608$ & $-0.0710271$ & $-0.0459724$ & $-0.120481$ & $0.00240624$ & $-0.00718109$ \\
CHL1_22 & $-0.0333876$ & $0.0161111$ & $-0.0271966$ & $0.0190126$ & $0.0370486$ & $-0.0705901$ & $-0.0646592$ & $0.461449$ & $0.451772$ & $-0.276313$ & $-0.584511$ & $-0.0665306$ & $0.0604596$ & $0.427107$ & $1$ & $0.550563$ & $0.180943$ & $-0.293657$ & $-0.0018444$ & $0.627055$ & $0.528774$ & $0.522463$ & $-0.206551$ & $0.051505$ & $-0.0569535$ & $-0.353082$ & $-0.302865$ & $0.245266$ & $0.0241369$ & $0.0423772$ & $0.0443644$ & $-0.0648886$ & $0.0517262$ & $-0.46795$ & $0.0893408$ & $-0.0111126$ & $-0.0408248$ & $-0.0193823$ & $0.0185208$ & $0.0360534$ & $0.0366469$ & $-0.0180575$ & $-0.0330474$ & $-0.00141314$ & $-0.0232823$ & $0.00422703$ & $-0.0501398$ & $0.01$ & $-0.025868$ \\
CHL1_33 & $-0.0404531$ & $0.0331314$ & $-0.0199866$ & $-0.00289058$ & $0.0625241$ & $-0.0636184$ & $-0.045107$ & $0.453613$ & $0.445212$ & $-0.258331$ & $-0.570469$ & $-0.0716401$ & $0.0587067$ & $0.402247$ & $0.550563$ & $1$ & $0.177978$ & $0.00137979$ & $-0.310623$ & $0.613645$ & $0.515567$ & $0.528045$ & $-0.167603$ & $0.0407601$ & $-0.0577664$ & $-0.365568$ & $-0.295103$ & $0.243505$ & $0.0355096$ & $0.0626904$ & $0.0230774$ & $-0.0427086$ & $0.0578303$ & $-0.031689$ & $0.0970953$ & $-0.0476507$ & $-0.0408558$ & $-0.0244569$ & $0.0176978$ & $0.0177948$ & $0.0195709$ & $-0.0125969$ & $-0.0447528$ & $0.0451217$ & $-0.0344964$ & $-0.0035323$ & $-0.0284051$ & $-0.00978391$ & $-0.00890964$ \\
CHL3_11 & $-0.0719417$ & $0.0453517$ & $-0.060425$ & $0.0207228$ & $-0.00966689$ & $-0.371084$ & $-0.13228$ & $-0.227345$ & $-0.236875$ & $0.123187$ & $-0.246448$ & $-0.0265216$ & $0.140983$ & $0.631941$ & $0.180943$ & $0.177978$ & $1$ & $0.822692$ & $0.811137$ & $0.25818$ & $0.223143$ & $0.21667$ & $-0.117832$ & $0.752793$ & $0.858809$ & $-0.133399$ & $-0.146934$ & $0.053017$ & $0.0491102$ & $0.0822784$ & $0.0439424$ & $-0.148477$ & $0.120179$ & $-0.263367$ & $0.102314$ & $-0.0365819$ & $-0.0707113$ & $0.0268278$ & $0.0345078$ & $-0.0349868$ & $-0.0072562$ & $-0.0464666$ & $-0.0602772$ & $-0.00915026$ & $-0.0684465$ & $-0.06242$ & $-0.105561$ & $0.0172083$ & $0.0309378$ \\
CHL3_22 & $-0.0523789$ & $0.046314$ & $-0.0505203$ & $-0.00244954$ & $-0.0157375$ & $-0.174156$ & $-0.108302$ & $-0.41093$ & $-0.415789$ & $0.23402$ & $-0.01503$ & $0.0102686$ & $0.126867$ & $0.587526$ & $-0.293657$ & $0.00137979$ & $0.822692$ & $1$ & $0.785852$ & $0.0147017$ & $0.00970142$ & $0.007166$ & $-0.0340341$ & $0.73697$ & $0.872441$ & $-0.00145514$ & $-0.053709$ & $-0.0415481$ & $0.0371244$ & $0.082162$ & $0.0287995$ & $-0.122269$ & $0.114819$ & $-0.0879012$ & $0.0703502$ & $-0.0517038$ & $-0.0669868$ & $0.0324104$ & $0.013094$ & $-0.0522712$ & $-0.0461813$ & $-0.0375878$ & $-0.0618818$ & $-0.00354964$ & $-0.0648388$ & $-0.0565277$ & $-0.101804$ & $0.0138787$ & $0.0324307$ \\
CHL3_33 & $-0.0430649$ & $0.0290285$ & $-0.0538964$ & $0.0156042$ & $-0.0325671$ & $-0.178943$ & $-0.119562$ & $-0.41314$ & $-0.4189$ & $0.226183$ & $-0.00810194$ & $0.0176352$ & $0.126107$ & $0.581983$ & $-0.0018444$ & $-0.310623$ & $0.811137$ & $0.785852$ & $1$ & $0.00615857$ & $0.00435116$ & $0.0026339$ & $-0.0551269$ & $0.734871$ & $0.863878$ & $0.0190324$ & $-0.0479647$ & $-0.0450219$ & $0.0285761$ & $0.0690354$ & $0.0445414$ & $-0.133842$ & $0.109289$ & $-0.380983$ & $0.0691328$ & $-0.021461$ & $-0.0642393$ & $0.043063$ & $0.0118372$ & $-0.0334362$ & $-0.0250284$ & $-0.0379616$ & $-0.0482518$ & $-0.0301455$ & $-0.0518443$ & $-0.0522001$ & $-0.104727$ & $0.0307713$ & $0.0166624$ \\
CHe_11 & $-0.0710033$ & $-0.000736486$ & $-0.00377169$ & $0.0269432$ & $0.0823784$ & $-0.116314$ & $-0.0902353$ & $0.856534$ & $0.842146$ & $-0.498501$ & $-0.994903$ & $-0.155268$ & $0.103211$ & $0.675292$ & $0.627055$ & $0.613645$ & $0.25818$ & $0.0147017$ & $0.00615857$ & $1$ & $0.984776$ & $0.972745$ & $-0.0726963$ & $-0.18658$ & $0.0741002$ & $-0.66394$ & $0.220227$ & $0.430714$ & $0.0220336$ & $0.0713372$ & $0.0273249$ & $-0.0990116$ & $0.0835862$ & $0.258276$ & $0.123655$ & $-0.0199291$ & $-0.0471811$ & $-0.0427954$ & $0.0107644$ & $0.00421748$ & $0.0794101$ & $-0.0296136$ & $-0.0163526$ & $0.025025$ & $-0.0398579$ & $-0.0367353$ & $-0.0474349$ & $-0.0450417$ & $-0.00373226$ \\
CHe_22 & $-0.0729281$ & $-0.00824317$ & $0.00303677$ & $0.0329433$ & $0.0813716$ & $-0.119927$ & $-0.0884742$ & $0.887592$ & $0.873481$ & $-0.517511$ & $-0.99507$ & $-0.16312$ & $0.101466$ & $0.635726$ & $0.528774$ & $0.515567$ & $0.223143$ & $0.00970142$ & $0.00435116$ & $0.984776$ & $1$ & $0.985315$ & $-0.0326469$ & $-0.263185$ & $0.0599795$ & $-0.670553$ & $0.338536$ & $0.43531$ & $0.0157463$ & $0.0679801$ & $0.023028$ & $-0.0983749$ & $0.0793085$ & $0.382334$ & $0.116096$ & $-0.014735$ & $-0.0412038$ & $-0.0443289$ & $0.00900319$ & $-0.000776633$ & $0.0888821$ & $-0.0306398$ & $-0.00286858$ & $0.0255029$ & $-0.0363061$ & $-0.0414554$ & $-0.0356431$ & $-0.0522544$ & $-0.000987579$ \\
CHe_33 & $-0.0655513$ & $-0.0147596$ & $0.00961684$ & $0.0324603$ & $0.0841436$ & $-0.114243$ & $-0.0826852$ & $0.878539$ & $0.864764$ & $-0.513446$ & $-0.98283$ & $-0.164068$ & $0.100052$ & $0.624824$ & $0.522463$ & $0.528045$ & $0.21667$ & $0.007166$ & $0.0026339$ & $0.972745$ & $0.985315$ & $1$ & $-0.0327401$ & $-0.261775$ & $0.0542893$ & $-0.662479$ & $0.332043$ & $0.431175$ & $0.0158335$ & $0.0663646$ & $0.020911$ & $-0.0912638$ & $0.0769182$ & $0.380655$ & $0.118839$ & $-0.014919$ & $-0.042794$ & $-0.0344232$ & $0.00290595$ & $0.0028628$ & $0.0958133$ & $-0.0265853$ & $0.00240585$ & $0.027885$ & $-0.033228$ & $-0.0346742$ & $-0.019902$ & $-0.048761$ & $-0.009956$ \\
CHQ1_11 & $0.0336871$ & $-0.00565285$ & $0.0283022$ & $0.0153783$ & $-0.017919$ & $0.0095815$ & $0.0566382$ & $0.0215077$ & $0.0260698$ & $-0.0129342$ & $0.0546793$ & $-0.0253374$ & $-0.0476499$ & $-0.127654$ & $-0.206551$ & $-0.167603$ & $-0.117832$ & $-0.0340341$ & $-0.0551269$ & $-0.0726963$ & $-0.0326469$ & $-0.0327401$ & $1$ & $-0.15224$ & $0.00949285$ & $-0.563278$ & $0.331417$ & $0.015066$ & $-0.00932896$ & $-0.0417065$ & $-0.0240356$ & $0.0577635$ & $-0.0515757$ & $0.20829$ & $-0.0485375$ & $0.0529043$ & $0.0432656$ & $-0.00311462$ & $-0.0211091$ & $-0.0159447$ & $0.0292034$ & $-0.0129776$ & $0.0351842$ & $-0.0416263$ & $-0.00226952$ & $-0.0243892$ & $0.0437138$ & $-0.0671873$ & $0.0453299$ \\
CHQ1_33 & $-0.0292363$ & $0.0684368$ & $-0.0692018$ & $-0.0152565$ & $-0.0442011$ & $-0.135431$ & $-0.0997844$ & $-0.634164$ & $-0.637583$ & $0.357881$ & $0.220577$ & $0.0690288$ & $0.10169$ & $0.435268$ & $0.051505$ & $0.0407601$ & $0.752793$ & $0.73697$ & $0.734871$ & $-0.18658$ & $-0.263185$ & $-0.261775$ & $-0.15224$ & $1$ & $0.738692$ & $0.186288$ & $-0.41915$ & $-0.0753797$ & $0.0367413$ & $0.0695112$ & $0.043855$ & $-0.104801$ & $0.100632$ & $-0.629035$ & $0.058007$ & $-0.0480079$ & $-0.0489976$ & $0.0418501$ & $0.0101277$ & $-0.0386955$ & $-0.0645421$ & $-0.0245708$ & $-0.0812248$ & $-0.00458207$ & $-0.0468631$ & $-0.0424631$ & $-0.108419$ & $0.0482618$ & $0.0306945$ \\
CHQ3_11 & $-0.0717287$ & $0.045849$ & $-0.0647279$ & $-0.000273599$ & $-0.019069$ & $-0.218209$ & $-0.108756$ & $-0.366228$ & $-0.374654$ & $0.207984$ & $-0.0703674$ & $-0.0168161$ & $0.109549$ & $0.601687$ & $-0.0569535$ & $-0.0577664$ & $0.858809$ & $0.872441$ & $0.863878$ & $0.0741002$ & $0.0599795$ & $0.0542893$ & $0.00949285$ & $0.738692$ & $1$ & $-0.0212515$ & $0.123295$ & $-0.0355943$ & $0.0353991$ & $0.0524889$ & $0.0214145$ & $-0.130408$ & $0.0860021$ & $-0.252037$ & $0.0735812$ & $-0.0445901$ & $-0.048624$ & $0.0206656$ & $0.0166306$ & $-0.045128$ & $-0.0318843$ & $-0.0427787$ & $-0.0529899$ & $-0.00554093$ & $-0.0637449$ & $-0.0599588$ & $-0.0924745$ & $0.0212717$ & $0.0300583$ \\
CHu_11 & $0.0264911$ & $0.00821325$ & $-0.00790696$ & $-0.0445444$ & $-0.0477864$ & $0.0748652$ & $0.0422477$ & $-0.602188$ & $-0.59654$ & $0.352839$ & $0.66965$ & $0.117886$ & $-0.0583052$ & $-0.427339$ & $-0.353082$ & $-0.365568$ & $-0.133399$ & $-0.00145514$ & $0.0190324$ & $-0.66394$ & $-0.670553$ & $-0.662479$ & $-0.563278$ & $0.186288$ & $-0.0212515$ & $1$ & $-0.188616$ & $-0.317669$ & $-0.0180976$ & $-0.0401091$ & $-0.0154609$ & $0.0428154$ & $-0.047767$ & $-0.261005$ & $-0.0744919$ & $-0.0397511$ & $0.0410686$ & $0.00421276$ & $0.0304657$ & $0.0160508$ & $-0.0789989$ & $0.0260512$ & $-0.0185646$ & $0.0306156$ & $0.0534043$ & $0.01118$ & $0.0102895$ & $0.053983$ & $-0.0124071$ \\
CHd_11 & $0.00780816$ & $-0.0463209$ & $0.0502405$ & $-0.00363466$ & $0.0220753$ & $-0.0477969$ & $0.0279019$ & $0.406647$ & $0.400696$ & $-0.228592$ & $-0.275426$ & $-0.117808$ & $-0.0439169$ & $-0.050777$ & $-0.302865$ & $-0.295103$ & $-0.146934$ & $-0.053709$ & $-0.0479647$ & $0.220227$ & $0.338536$ & $0.332043$ & $0.331417$ & $-0.41915$ & $0.123295$ & $-0.188616$ & $1$ & $0.101755$ & $-0.0353387$ & $-0.0617795$ & $-0.0546301$ & $0.00948345$ & $-0.0680588$ & $0.685125$ & $-0.0251033$ & $0.0171152$ & $0.0718295$ & $-0.046907$ & $-0.0201946$ & $-0.0177784$ & $0.085018$ & $0.00233291$ & $0.0631536$ & $0.0157208$ & $0.0322034$ & $-0.0409066$ & $0.0756957$ & $-0.0511002$ & $0.0330686$ \\
CHd_33 & $-0.0567676$ & $0.0113222$ & $-0.0301278$ & $0.0140748$ & $0.0683596$ & $-0.040353$ & $-0.0532532$ & $0.40759$ & $0.401407$ & $-0.237986$ & $-0.434643$ & $-0.0412671$ & $0.0663614$ & $0.25699$ & $0.245266$ & $0.243505$ & $0.053017$ & $-0.0415481$ & $-0.0450219$ & $0.430714$ & $0.43531$ & $0.431175$ & $0.015066$ & $-0.0753797$ & $-0.0355943$ & $-0.317669$ & $0.101755$ & $1$ & $0.027117$ & $0.0466745$ & $0.0309104$ & $-0.0534275$ & $0.0552812$ & $0.16818$ & $0.0315472$ & $-0.030141$ & $-0.0292373$ & $-0.0107407$ & $-0.0503416$ & $0.00752363$ & $0.00248081$ & $0.0187261$ & $0.00931987$ & $0.0320844$ & $-0.0306281$ & $-0.00699358$ & $-0.00152308$ & $-0.0383172$ & $0.00614979$ \\
CeH_22r & $-0.0621356$ & $0.0598965$ & $-0.0436432$ & $0.0816199$ & $-0.0243007$ & $-0.0361446$ & $-0.157524$ & $-0.00745823$ & $0.000736389$ & $-0.0282922$ & $-0.0188475$ & $0.163683$ & $0.201335$ & $0.0364598$ & $0.0241369$ & $0.0355096$ & $0.0491102$ & $0.0371244$ & $0.0285761$ & $0.0220336$ & $0.0157463$ & $0.0158335$ & $-0.00932896$ & $0.0367413$ & $0.0353991$ & $-0.0180976$ & $-0.0353387$ & $0.027117$ & $1$ & $0.179495$ & $0.123635$ & $-0.155286$ & $0.184084$ & $-0.0244893$ & $0.0238814$ & $-0.0694014$ & $-0.0811433$ & $0.021444$ & $0.0319755$ & $0.0221772$ & $-0.0187214$ & $-0.0078468$ & $0.016645$ & $-0.000715969$ & $-0.0392111$ & $-0.0450502$ & $-0.0314554$ & $-0.0612147$ & $0.000508735$ \\
CeH_33r & $-0.175321$ & $0.100948$ & $-0.0419124$ & $0.179875$ & $-0.0150376$ & $0.0193285$ & $-0.655241$ & $0.0194816$ & $0.0377076$ & $-0.207216$ & $-0.0706664$ & $0.604314$ & $0.766276$ & $0.123824$ & $0.0423772$ & $0.0626904$ & $0.0822784$ & $0.082162$ & $0.0690354$ & $0.0713372$ & $0.0679801$ & $0.0663646$ & $-0.0417065$ & $0.0695112$ & $0.0524889$ & $-0.0401091$ & $-0.0617795$ & $0.0466745$ & $0.179495$ & $1$ & $0.531212$ & $-0.533683$ & $0.876371$ & $-0.0237059$ & $0.252703$ & $-0.0883544$ & $-0.238024$ & $0.0141807$ & $0.0659836$ & $0.00215594$ & $-0.0459061$ & $-0.0343274$ & $-0.0411409$ & $0.034238$ & $-0.176102$ & $-0.111673$ & $-0.162114$ & $-0.12455$ & $-0.00423529$ \\
CuH_22r & $-0.0781381$ & $0.00660931$ & $-0.0398355$ & $0.127081$ & $-0.00295674$ & $0.0369228$ & $-0.410172$ & $-0.00109521$ & $0.0141489$ & $-0.116286$ & $-0.0263571$ & $0.381258$ & $0.459709$ & $0.0583606$ & $0.0443644$ & $0.0230774$ & $0.0439424$ & $0.0287995$ & $0.0445414$ & $0.0273249$ & $0.023028$ & $0.020911$ & $-0.0240356$ & $0.043855$ & $0.0214145$ & $-0.0154609$ & $-0.0546301$ & $0.0309104$ & $0.123635$ & $0.531212$ & $1$ & $-0.319429$ & $0.576066$ & $-0.0444287$ & $0.153956$ & $-0.0452008$ & $-0.183704$ & $0.0314507$ & $-0.0260687$ & $0.0475954$ & $0.0594822$ & $-0.0420879$ & $0.0337011$ & $0.045287$ & $-0.0948376$ & $0.00616158$ & $0.0287393$ & $0.0194073$ & $-0.0324288$ \\
CuH_33r & $0.154643$ & $-0.0193904$ & $-0.00558609$ & $-0.234487$ & $0.0300946$ & $0.0305121$ & $0.961533$ & $-0.0226497$ & $-0.0013071$ & $0.224407$ & $0.100495$ & $-0.52335$ & $-0.757502$ & $-0.161527$ & $-0.0648886$ & $-0.0427086$ & $-0.148477$ & $-0.122269$ & $-0.133842$ & $-0.0990116$ & $-0.0983749$ & $-0.0912638$ & $0.0577635$ & $-0.104801$ & $-0.130408$ & $0.0428154$ & $0.00948345$ & $-0.0534275$ & $-0.155286$ & $-0.533683$ & $-0.319429$ & $1$ & $-0.552408$ & $0.0306259$ & $-0.250177$ & $0.0504471$ & $0.293212$ & $-0.0248838$ & $-0.140476$ & $0.0244764$ & $0.0285778$ & $0.051494$ & $0.145718$ & $0.122583$ & $0.143073$ & $0.181039$ & $0.282752$ & $0.0509198$ & $0.0614817$ \\
CdH_33r & $-0.183265$ & $0.05398$ & $-0.0771336$ & $0.168808$ & $0.00878215$ & $0.00444394$ & $-0.69353$ & $0.0128802$ & $0.0327395$ & $-0.231346$ & $-0.08313$ & $0.61028$ & $0.805974$ & $0.154904$ & $0.0517262$ & $0.0578303$ & $0.120179$ & $0.114819$ & $0.109289$ & $0.0835862$ & $0.0793085$ & $0.0769182$ & $-0.0515757$ & $0.100632$ & $0.0860021$ & $-0.047767$ & $-0.0680588$ & $0.0552812$ & $0.184084$ & $0.876371$ & $0.576066$ & $-0.552408$ & $1$ & $-0.0374978$ & $0.250834$ & $-0.0679062$ & $-0.258276$ & $0.0323605$ & $-0.00855298$ & $-0.00321239$ & $-0.0465406$ & $-0.0579614$ & $-0.0105496$ & $0.0356857$ & $-0.283023$ & $-0.0979587$ & $-0.178046$ & $-0.0926696$ & $0.149849$ \\
CLL_1221 & $-0.0166618$ & $-0.0381249$ & $0.0534834$ & $0.0120875$ & $0.0425864$ & $-0.0760526$ & $0.035237$ & $0.530317$ & $0.5288$ & $-0.297017$ & $-0.315492$ & $-0.095008$ & $-0.0268583$ & $-0.19065$ & $-0.46795$ & $-0.031689$ & $-0.263367$ & $-0.0879012$ & $-0.380983$ & $0.258276$ & $0.382334$ & $0.380655$ & $0.20829$ & $-0.629035$ & $-0.252037$ & $-0.261005$ & $0.685125$ & $0.16818$ & $-0.0244893$ & $-0.0237059$ & $-0.0444287$ & $0.0306259$ & $-0.0374978$ & $1$ & $-0.0200324$ & $0.0189261$ & $0.0405267$ & $-0.0355786$ & $-0.00807682$ & $-0.0213506$ & $0.0708174$ & $0.00840324$ & $0.0600516$ & $0.0321891$ & $0.0185921$ & $-0.0228628$ & $0.076357$ & $-0.072677$ & $0.0203004$ \\
eHggint & $-0.214546$ & $-0.110391$ & $-0.122061$ & $0.0394882$ & $0.0400797$ & $-0.0145399$ & $-0.295604$ & $0.065873$ & $0.051568$ & $-0.110231$ & $-0.122088$ & $0.222941$ & $0.360554$ & $0.139353$ & $0.0893408$ & $0.0970953$ & $0.102314$ & $0.0703502$ & $0.0691328$ & $0.123655$ & $0.116096$ & $0.118839$ & $-0.0485375$ & $0.058007$ & $0.0735812$ & $-0.0744919$ & $-0.0251033$ & $0.0315472$ & $0.0238814$ & $0.252703$ & $0.153956$ & $-0.250177$ & $0.250834$ & $-0.0200324$ & $1$ & $0.436659$ & $-0.0626965$ & $-0.0234249$ & $0.0756103$ & $-0.043528$ & $0.306297$ & $-0.000411257$ & $-0.164516$ & $0.214903$ & $-0.0792987$ & $0.040148$ & $-0.200828$ & $0.181714$ & $-0.213482$ \\
eHggpar & $-0.0170487$ & $-0.520083$ & $0.124332$ & $-0.165381$ & $0.0403555$ & $0.00531857$ & $0.0356419$ & $0.014567$ & $0.00334702$ & $0.0105603$ & $0.0160982$ & $-0.0648949$ & $-0.07061$ & $-0.0631669$ & $-0.0111126$ & $-0.0476507$ & $-0.0365819$ & $-0.0517038$ & $-0.021461$ & $-0.0199291$ & $-0.014735$ & $-0.014919$ & $0.0529043$ & $-0.0480079$ & $-0.0445901$ & $-0.0397511$ & $0.0171152$ & $-0.030141$ & $-0.0694014$ & $-0.0883544$ & $-0.0452008$ & $0.0504471$ & $-0.0679062$ & $0.0189261$ & $0.436659$ & $1$ & $0.286582$ & $-0.0990971$ & $-0.266699$ & $-0.0579145$ & $0.262567$ & $0.0501873$ & $-0.0772691$ & $0.0720962$ & $-0.13099$ & $-0.0202442$ & $0.0514432$ & $0.29053$ & $0.0541042$ \\
eHWWint & $0.0180491$ & $-0.14826$ & $0.349939$ & $-0.504745$ & $0.0280165$ & $-0.0178721$ & $0.301051$ & $0.000751768$ & $-0.00391022$ & $0.0569503$ & $0.0453589$ & $-0.207975$ & $-0.286323$ & $-0.0942053$ & $-0.0408248$ & $-0.0408558$ & $-0.0707113$ & $-0.0669868$ & $-0.0642393$ & $-0.0471811$ & $-0.0412038$ & $-0.042794$ & $0.0432656$ & $-0.0489976$ & $-0.048624$ & $0.0410686$ & $0.0718295$ & $-0.0292373$ & $-0.0811433$ & $-0.238024$ & $-0.183704$ & $0.293212$ & $-0.258276$ & $0.0405267$ & $-0.0626965$ & $0.286582$ & $1$ & $-0.270997$ & $-0.100914$ & $-0.112606$ & $-0.0425163$ & $0.0180258$ & $-0.0587897$ & $0.138941$ & $0.496432$ & $-0.297712$ & $-0.00188901$ & $-0.119648$ & $0.0891761$ \\
eHWWpar & $0.0427307$ & $0.0690176$ & $-0.0506062$ & $0.0516285$ & $-0.0210621$ & $0.000811509$ & $-0.0256556$ & $-0.0576591$ & $-0.05604$ & $0.0255689$ & $0.042591$ & $0.0150756$ & $0.0324446$ & $-0.00380574$ & $-0.0193823$ & $-0.0244569$ & $0.0268278$ & $0.0324104$ & $0.043063$ & $-0.0427954$ & $-0.0443289$ & $-0.0344232$ & $-0.00311462$ & $0.0418501$ & $0.0206656$ & $0.00421276$ & $-0.046907$ & $-0.0107407$ & $0.021444$ & $0.0141807$ & $0.0314507$ & $-0.0248838$ & $0.0323605$ & $-0.0355786$ & $-0.0234249$ & $-0.0990971$ & $-0.270997$ & $1$ & $-0.151537$ & $0.0530235$ & $-0.0031096$ & $0.0119024$ & $0.0835411$ & $0.02115$ & $-0.146482$ & $0.0711815$ & $0.0779385$ & $0.132988$ & $0.00454784$ \\
eHZZint & $-0.209783$ & $0.360934$ & $-0.0882132$ & $0.292347$ & $-0.101699$ & $-0.0386$ & $-0.116682$ & $-0.00764339$ & $-0.0184115$ & $0.0245879$ & $-0.00757884$ & $0.154328$ & $0.0685437$ & $0.00895838$ & $0.0185208$ & $0.0176978$ & $0.0345078$ & $0.013094$ & $0.0118372$ & $0.0107644$ & $0.00900319$ & $0.00290595$ & $-0.0211091$ & $0.0101277$ & $0.0166306$ & $0.0304657$ & $-0.0201946$ & $-0.0503416$ & $0.0319755$ & $0.0659836$ & $-0.0260687$ & $-0.140476$ & $-0.00855298$ & $-0.00807682$ & $0.0756103$ & $-0.266699$ & $-0.100914$ & $-0.151537$ & $1$ & $-0.15447$ & $-0.0113378$ & $-0.0418741$ & $-0.239213$ & $-0.0579433$ & $0.158157$ & $-0.316639$ & $-0.339754$ & $-0.287569$ & $-0.271566$ \\
eHZZpar & $0.204352$ & $-0.0725327$ & $-0.122423$ & $0.136578$ & $0.0329486$ & $0.0144632$ & $0.0168148$ & $0.0176693$ & $0.0247677$ & $0.0193597$ & $-0.00195469$ & $0.0747881$ & $0.0157873$ & $-0.0235087$ & $0.0360534$ & $0.0177948$ & $-0.0349868$ & $-0.0522712$ & $-0.0334362$ & $0.00421748$ & $-0.000776633$ & $0.0028628$ & $-0.0159447$ & $-0.0386955$ & $-0.045128$ & $0.0160508$ & $-0.0177784$ & $0.00752363$ & $0.0221772$ & $0.00215594$ & $0.0475954$ & $0.0244764$ & $-0.00321239$ & $-0.0213506$ & $-0.043528$ & $-0.0579145$ & $-0.112606$ & $0.0530235$ & $-0.15447$ & $1$ & $0.0517326$ & $-0.000228356$ & $0.172373$ & $-0.0216134$ & $0.0530459$ & $0.109721$ & $0.204175$ & $0.145352$ & $-0.0253347$ \\
eHZgaint & $0.321247$ & $-0.341418$ & $0.138677$ & $0.238501$ & $-0.0367065$ & $-0.041751$ & $0.0288048$ & $0.103921$ & $0.103046$ & $-0.0866578$ & $-0.086613$ & $-0.146722$ & $-0.0471493$ & $0.000680037$ & $0.0366469$ & $0.0195709$ & $-0.0072562$ & $-0.0461813$ & $-0.0250284$ & $0.0794101$ & $0.0888821$ & $0.0958133$ & $0.0292034$ & $-0.0645421$ & $-0.0318843$ & $-0.0789989$ & $0.085018$ & $0.00248081$ & $-0.0187214$ & $-0.0459061$ & $0.0594822$ & $0.0285778$ & $-0.0465406$ & $0.0708174$ & $0.306297$ & $0.262567$ & $-0.0425163$ & $-0.0031096$ & $-0.0113378$ & $0.0517326$ & $1$ & $0.0591947$ & $0.191828$ & $-0.125489$ & $0.136903$ & $-0.00519156$ & $0.339225$ & $0.224888$ & $-0.0225892$ \\
eHZgapar & $0.155807$ & $-0.112154$ & $0.0392006$ & $-0.105171$ & $-0.0170598$ & $0.0228777$ & $0.0537991$ & $-0.00571037$ & $-0.00508938$ & $-0.000481912$ & $0.0300961$ & $-0.0268012$ & $-0.0756647$ & $-0.049147$ & $-0.0180575$ & $-0.0125969$ & $-0.0464666$ & $-0.0375878$ & $-0.0379616$ & $-0.0296136$ & $-0.0306398$ & $-0.0265853$ & $-0.0129776$ & $-0.0245708$ & $-0.0427787$ & $0.0260512$ & $0.00233291$ & $0.0187261$ & $-0.0078468$ & $-0.0343274$ & $-0.0420879$ & $0.051494$ & $-0.0579614$ & $0.00840324$ & $-0.000411257$ & $0.0501873$ & $0.0180258$ & $0.0119024$ & $-0.0418741$ & $-0.000228356$ & $0.0591947$ & $1$ & $0.121466$ & $0.0157326$ & $-0.0176275$ & $0.105851$ & $0.0945709$ & $0.0220957$ & $-0.0308007$ \\
eHgagaint & $0.163957$ & $-0.240785$ & $-0.0434477$ & $0.288077$ & $-0.00597715$ & $-0.0246582$ & $0.136662$ & $0.0334375$ & $0.0670436$ & $-0.0217932$ & $0.0072801$ & $-0.058254$ & $-0.0773588$ & $-0.0674507$ & $-0.0330474$ & $-0.0447528$ & $-0.0602772$ & $-0.0618818$ & $-0.0482518$ & $-0.0163526$ & $-0.00286858$ & $0.00240585$ & $0.0351842$ & $-0.0812248$ & $-0.0529899$ & $-0.0185646$ & $0.0631536$ & $0.00931987$ & $0.016645$ & $-0.0411409$ & $0.0337011$ & $0.145718$ & $-0.0105496$ & $0.0600516$ & $-0.164516$ & $-0.0772691$ & $-0.0587897$ & $0.0835411$ & $-0.239213$ & $0.172373$ & $0.191828$ & $0.121466$ & $1$ & $-0.0600301$ & $-0.0540146$ & $0.32219$ & $0.303265$ & $-0.033884$ & $0.156355$ \\
eHmumuint & $-0.32466$ & $0.204827$ & $-0.138755$ & $-0.48989$ & $0.0675861$ & $0.0090919$ & $0.0893984$ & $0.0281098$ & $0.0260846$ & $-0.00488058$ & $-0.0240582$ & $-0.0322795$ & $0.00687006$ & $0.00816608$ & $-0.00141314$ & $0.0451217$ & $-0.00915026$ & $-0.00354964$ & $-0.0301455$ & $0.025025$ & $0.0255029$ & $0.027885$ & $-0.0416263$ & $-0.00458207$ & $-0.00554093$ & $0.0306156$ & $0.0157208$ & $0.0320844$ & $-0.000715969$ & $0.034238$ & $0.045287$ & $0.122583$ & $0.0356857$ & $0.0321891$ & $0.214903$ & $0.0720962$ & $0.138941$ & $0.02115$ & $-0.0579433$ & $-0.0216134$ & $-0.125489$ & $0.0157326$ & $-0.0600301$ & $1$ & $-0.0419835$ & $-0.0885428$ & $0.184742$ & $-0.0405562$ & $0.0491121$ \\
eHtautauint & $0.269225$ & $0.0580508$ & $0.43205$ & $-0.14956$ & $-0.048916$ & $0.0286011$ & $0.174631$ & $-0.00168522$ & $-0.00809727$ & $0.0532633$ & $0.0393373$ & $-0.0665791$ & $-0.224151$ & $-0.0710271$ & $-0.0232823$ & $-0.0344964$ & $-0.0684465$ & $-0.0648388$ & $-0.0518443$ & $-0.0398579$ & $-0.0363061$ & $-0.033228$ & $-0.00226952$ & $-0.0468631$ & $-0.0637449$ & $0.0534043$ & $0.0322034$ & $-0.0306281$ & $-0.0392111$ & $-0.176102$ & $-0.0948376$ & $0.143073$ & $-0.283023$ & $0.0185921$ & $-0.0792987$ & $-0.13099$ & $0.496432$ & $-0.146482$ & $0.158157$ & $0.0530459$ & $0.136903$ & $-0.0176275$ & $-0.0540146$ & $-0.0419835$ & $1$ & $-0.0190301$ & $0.128861$ & $-0.0757402$ & $-0.440223$ \\
eHccint & $0.20148$ & $-0.122243$ & $-0.093841$ & $0.0172676$ & $0.00480804$ & $0.0316343$ & $0.174721$ & $-0.00966178$ & $0.00589644$ & $0.0529502$ & $0.0369598$ & $-0.0466003$ & $-0.132573$ & $-0.0459724$ & $0.00422703$ & $-0.0035323$ & $-0.06242$ & $-0.0565277$ & $-0.0522001$ & $-0.0367353$ & $-0.0414554$ & $-0.0346742$ & $-0.0243892$ & $-0.0424631$ & $-0.0599588$ & $0.01118$ & $-0.0409066$ & $-0.00699358$ & $-0.0450502$ & $-0.111673$ & $0.00616158$ & $0.181039$ & $-0.0979587$ & $-0.0228628$ & $0.040148$ & $-0.0202442$ & $-0.297712$ & $0.0711815$ & $-0.316639$ & $0.109721$ & $-0.00519156$ & $0.105851$ & $0.32219$ & $-0.0885428$ & $-0.0190301$ & $1$ & $0.375836$ & $0.450077$ & $-0.180915$ \\
eHccpar & $0.28619$ & $-0.214604$ & $0.123478$ & $-0.033794$ & $0.00330536$ & $0.0153665$ & $0.275332$ & $0.0274183$ & $0.0436571$ & $0.0243739$ & $0.0397252$ & $-0.123601$ & $-0.229839$ & $-0.120481$ & $-0.0501398$ & $-0.0284051$ & $-0.105561$ & $-0.101804$ & $-0.104727$ & $-0.0474349$ & $-0.0356431$ & $-0.019902$ & $0.0437138$ & $-0.108419$ & $-0.0924745$ & $0.0102895$ & $0.0756957$ & $-0.00152308$ & $-0.0314554$ & $-0.162114$ & $0.0287393$ & $0.282752$ & $-0.178046$ & $0.076357$ & $-0.200828$ & $0.0514432$ & $-0.00188901$ & $0.0779385$ & $-0.339754$ & $0.204175$ & $0.339225$ & $0.0945709$ & $0.303265$ & $0.184742$ & $0.128861$ & $0.375836$ & $1$ & $0.383168$ & $-0.164953$ \\
eHbbint & $0.13878$ & $-0.316194$ & $-0.191199$ & $-0.025912$ & $0.00516634$ & $0.0223656$ & $0.0573694$ & $-0.0560297$ & $-0.0644487$ & $0.0565524$ & $0.0438299$ & $-0.00553229$ & $-0.12442$ & $0.00240624$ & $0.01$ & $-0.00978391$ & $0.0172083$ & $0.0138787$ & $0.0307713$ & $-0.0450417$ & $-0.0522544$ & $-0.048761$ & $-0.0671873$ & $0.0482618$ & $0.0212717$ & $0.053983$ & $-0.0511002$ & $-0.0383172$ & $-0.0612147$ & $-0.12455$ & $0.0194073$ & $0.0509198$ & $-0.0926696$ & $-0.072677$ & $0.181714$ & $0.29053$ & $-0.119648$ & $0.132988$ & $-0.287569$ & $0.145352$ & $0.224888$ & $0.0220957$ & $-0.033884$ & $-0.0405562$ & $-0.0757402$ & $0.450077$ & $0.383168$ & $1$ & $-0.0165019$ \\
eHbbpar & $0.0449588$ & $-0.150832$ & $-0.150779$ & $-0.149605$ & $0.0540418$ & $-0.0710944$ & $0.0423311$ & $-0.011006$ & $-0.00733655$ & $-0.0205725$ & $0.00256961$ & $-0.144171$ & $-0.00271314$ & $-0.00718109$ & $-0.025868$ & $-0.00890964$ & $0.0309378$ & $0.0324307$ & $0.0166624$ & $-0.00373226$ & $-0.000987579$ & $-0.009956$ & $0.0453299$ & $0.0306945$ & $0.0300583$ & $-0.0124071$ & $0.0330686$ & $0.00614979$ & $0.000508735$ & $-0.00423529$ & $-0.0324288$ & $0.0614817$ & $0.149849$ & $0.0203004$ & $-0.213482$ & $0.0541042$ & $0.0891761$ & $0.00454784$ & $-0.271566$ & $-0.0253347$ & $-0.0225892$ & $-0.0308007$ & $0.156355$ & $0.0491121$ & $-0.440223$ & $-0.180915$ & $-0.164953$ & $-0.0165019$ & $1$ \\
