 & AlsMz & dAle5Mz & mtop & mHl & Mz & CW & CHG & CHWB & CHWHB_gaga & CHWHB_gagaorth & CHD & CHbox & CH & CHL1_11 & CHL1_22 & CHL1_33 & CHL3_11 & CHL3_22 & CHL3_33 & CHe_11 & CHe_22 & CHe_33 & CHQ1_11 & CHQ1_33 & CHQ3_11 & CHu_11 & CHd_11 & CHd_33 & CeH_22r & CeH_33r & CuH_22r & CuH_33r & CdH_33r & CLL_1221 & eHggint & eHggpar & eHWWint & eHWWpar & eHZZint & eHZZpar & eHZgaint & eHZgapar & eHgagaint & eHmumuint & eHtautauint & eHccint & eHccpar & eHbbint & eHbbpar \\
AlsMz & $1$ & $-0.0352982$ & $0.0312928$ & $0.0219033$ & $-0.00152728$ & $-0.016844$ & $-0.0306007$ & $0.0309045$ & $0.0300554$ & $0.0297508$ & $-0.0580032$ & $-0.00238953$ & $0.0136169$ & $0.0468904$ & $0.0372163$ & $0.0292756$ & $0.0452542$ & $0.0211311$ & $0.0322836$ & $0.0518874$ & $0.0506903$ & $0.0477442$ & $0.00244592$ & $-0.0174057$ & $-0.0725989$ & $-0.0831835$ & $-0.0188946$ & $0.0916338$ & $0.00530187$ & $-0.0223209$ & $-0.00109472$ & $-0.0489704$ & $-0.00813251$ & $-0.00342378$ & $-0.00172588$ & $0.0708377$ & $-0.00812196$ & $-0.0445026$ & $0.0398768$ & $-0.0167911$ & $0.0215914$ & $0.0899487$ & $-0.0214193$ & $0.0296438$ & $0.141435$ & $-0.0538183$ & $0.0125339$ & $0.0365921$ & $-0.0674017$ \\
dAle5Mz & $-0.0352982$ & $1$ & $0.0198341$ & $0.02594$ & $-0.0681225$ & $0.0440272$ & $-0.0293454$ & $-0.0685847$ & $-0.0771119$ & $0.0049915$ & $0.0301572$ & $0.00961006$ & $-0.0205053$ & $0.028657$ & $0.0437171$ & $-0.00527766$ & $0.0405334$ & $0.0197337$ & $0.0517918$ & $-0.00749945$ & $-0.0146158$ & $-0.0156928$ & $-0.062466$ & $0.0438863$ & $0.0351706$ & $0.0266877$ & $-0.0604532$ & $7.25716e-05$ & $-0.0670111$ & $-0.0388947$ & $-0.0120443$ & $-0.00068988$ & $0.00410124$ & $-0.045791$ & $0.0317867$ & $-0.0741754$ & $-0.00914076$ & $0.00204759$ & $0.0957554$ & $0.0851132$ & $-0.0547912$ & $0.0154883$ & $-0.0893761$ & $0.030383$ & $-0.00716096$ & $0.0419343$ & $-0.000941041$ & $-0.00583145$ & $-0.0237911$ \\
mtop & $0.0312928$ & $0.0198341$ & $1$ & $-0.0395356$ & $0.0274028$ & $-0.0157258$ & $-0.0115387$ & $-0.00518559$ & $-0.00760904$ & $0.0498099$ & $-0.00467258$ & $0.0289738$ & $-0.0233091$ & $0.0156495$ & $0.0562462$ & $0.0464888$ & $0.0204008$ & $-0.00375283$ & $0.00305208$ & $0.017372$ & $0.00781196$ & $0.00710047$ & $-0.00826861$ & $0.0442895$ & $0.00144473$ & $-0.0528585$ & $-0.0580747$ & $-0.0404517$ & $-0.0333098$ & $-0.0303842$ & $0.0478856$ & $-0.0298775$ & $-0.0636127$ & $-0.0569457$ & $-0.0202865$ & $-0.0322401$ & $0.0242992$ & $-0.00464273$ & $0.0417276$ & $0.012099$ & $0.0637374$ & $0.0491243$ & $0.00241415$ & $0.0264775$ & $0.0434871$ & $-0.0472486$ & $-0.0117351$ & $-0.0578006$ & $0.00993738$ \\
mHl & $0.0219033$ & $0.02594$ & $-0.0395356$ & $1$ & $0.0717906$ & $0.00321348$ & $-0.00991988$ & $0.00513546$ & $0.0055348$ & $-0.0101419$ & $-0.0177334$ & $-0.017309$ & $0.00470914$ & $0.0132059$ & $0.0666625$ & $0.0641916$ & $0.0284292$ & $-0.00727261$ & $-0.0036891$ & $0.023627$ & $0.0130621$ & $0.0140279$ & $-0.0482444$ & $0.0102172$ & $-0.000562067$ & $0.0305414$ & $-0.043908$ & $-0.0391944$ & $0.00940894$ & $0.00139656$ & $-0.0425293$ & $-0.05885$ & $-0.0216811$ & $-0.0395097$ & $-0.122394$ & $0.0576064$ & $-0.015483$ & $0.0592125$ & $0.061025$ & $-0.079687$ & $0.135259$ & $-0.0223188$ & $-0.0436118$ & $-0.0262045$ & $0.085491$ & $-0.0567235$ & $-0.00876105$ & $0.011377$ & $0.0227378$ \\
Mz & $-0.00152728$ & $-0.0681225$ & $0.0274028$ & $0.0717906$ & $1$ & $-0.0637269$ & $0.0451453$ & $0.068892$ & $0.0661997$ & $-0.054536$ & $-0.06777$ & $-0.0412074$ & $0.00710704$ & $0.0516042$ & $0.0296722$ & $0.017446$ & $0.0132728$ & $0.000714936$ & $0.0110006$ & $0.0705683$ & $0.0778159$ & $0.0766212$ & $0.0128462$ & $-0.0341574$ & $0.0107856$ & $-0.037859$ & $0.0528179$ & $-0.0206249$ & $-0.0221654$ & $0.012143$ & $0.032223$ & $0.028583$ & $-0.0141727$ & $0.0354709$ & $0.0156134$ & $-0.0301849$ & $-0.0335299$ & $0.0293975$ & $-0.00640698$ & $-0.0373651$ & $0.0423283$ & $-0.0101843$ & $-0.0450013$ & $-0.0619505$ & $-0.0570408$ & $-0.066559$ & $0.0159647$ & $-0.0149325$ & $0.0119331$ \\
CW & $-0.016844$ & $0.0440272$ & $-0.0157258$ & $0.00321348$ & $-0.0637269$ & $1$ & $-0.0394287$ & $-0.0642202$ & $-0.0682656$ & $0.0194432$ & $0.164765$ & $0.0322953$ & $0.024024$ & $-0.0371922$ & $-0.113305$ & $-0.0878021$ & $-0.334559$ & $-0.141324$ & $-0.139326$ & $-0.165715$ & $-0.162522$ & $-0.159436$ & $0.0178921$ & $-0.0936666$ & $-0.166673$ & $0.13172$ & $-0.0209179$ & $-0.0691965$ & $-0.0525571$ & $-0.0105449$ & $-0.0974098$ & $-0.0361222$ & $0.0117258$ & $-0.0855449$ & $0.0251609$ & $0.0497678$ & $0.00750766$ & $0.0220124$ & $0.0257985$ & $0.0441823$ & $-0.0050301$ & $0.0236604$ & $-0.013868$ & $0.0146452$ & $-0.0225913$ & $-0.0469439$ & $-0.019251$ & $0.0242807$ & $0.0415856$ \\
CHG & $-0.0306007$ & $-0.0293454$ & $-0.0115387$ & $-0.00991988$ & $0.0451453$ & $-0.0394287$ & $1$ & $-0.0225792$ & $0.00177865$ & $0.0302659$ & $0.0299951$ & $0.208981$ & $-0.275488$ & $-0.0169568$ & $-0.048098$ & $-0.0333002$ & $-0.0110273$ & $0.011939$ & $0.0134539$ & $-0.0315102$ & $-0.0280579$ & $-0.0169709$ & $0.0443723$ & $0.0139369$ & $0.0150884$ & $-0.0134275$ & $0.0342291$ & $-0.0114202$ & $-0.025274$ & $-0.170243$ & $-0.0371032$ & $0.898016$ & $-0.168061$ & $0.0147859$ & $-0.0465736$ & $-0.0763392$ & $0.0815777$ & $0.047367$ & $0.0043131$ & $-0.0179033$ & $-0.0320953$ & $-0.0233557$ & $-0.0544107$ & $-0.116715$ & $-0.00810128$ & $0.0372074$ & $0.0681802$ & $0.026007$ & $-0.0441849$ \\
CHWB & $0.0309045$ & $-0.0685847$ & $-0.00518559$ & $0.00513546$ & $0.068892$ & $-0.0642202$ & $-0.0225792$ & $1$ & $0.989842$ & $-0.494445$ & $-0.874392$ & $-0.188423$ & $0.0459433$ & $0.249707$ & $0.450669$ & $0.426359$ & $-0.249144$ & $-0.423961$ & $-0.434153$ & $0.8574$ & $0.888679$ & $0.881624$ & $0.0644098$ & $-0.65483$ & $-0.387738$ & $-0.59325$ & $0.453273$ & $0.374672$ & $-0.00766917$ & $0.0502624$ & $0.0127377$ & $-0.0241449$ & $0.0630523$ & $0.577758$ & $0.0493157$ & $-0.0189524$ & $-0.102888$ & $-0.0462765$ & $-0.00611851$ & $-0.0189447$ & $0.0350017$ & $0.0913102$ & $-0.00599524$ & $0.0117347$ & $0.00806689$ & $-0.0594174$ & $-0.012695$ & $0.0279503$ & $0.0358033$ \\
CHWHB_gaga & $0.0300554$ & $-0.0771119$ & $-0.00760904$ & $0.0055348$ & $0.0661997$ & $-0.0682656$ & $0.00177865$ & $0.989842$ & $1$ & $-0.489254$ & $-0.859897$ & $-0.178942$ & $0.048348$ & $0.236944$ & $0.440124$ & $0.419053$ & $-0.256486$ & $-0.427133$ & $-0.437764$ & $0.842729$ & $0.874146$ & $0.86911$ & $0.0777$ & $-0.655987$ & $-0.394132$ & $-0.591679$ & $0.449251$ & $0.369316$ & $0.00868375$ & $0.0693722$ & $0.0209521$ & $-0.0101995$ & $0.0871284$ & $0.576788$ & $0.0305701$ & $-0.0186803$ & $-0.111736$ & $-0.0515088$ & $-0.00975509$ & $-0.0168047$ & $0.0307736$ & $0.0805178$ & $0.0486687$ & $0.0244203$ & $0.00801337$ & $-0.0543786$ & $-0.00497536$ & $0.0231025$ & $0.0365164$ \\
CHWHB_gagaorth & $0.0297508$ & $0.0049915$ & $0.0498099$ & $-0.0101419$ & $-0.054536$ & $0.0194432$ & $0.0302659$ & $-0.494445$ & $-0.489254$ & $1$ & $0.40008$ & $0.493865$ & $-0.112441$ & $-0.0716876$ & $-0.21478$ & $-0.198361$ & $0.187124$ & $0.26776$ & $0.263365$ & $-0.392607$ & $-0.409362$ & $-0.409724$ & $-0.0494337$ & $0.363062$ & $0.236391$ & $0.252797$ & $-0.247215$ & $-0.136942$ & $-0.00614496$ & $-0.0690757$ & $-0.048081$ & $0.0691042$ & $-0.159344$ & $-0.292099$ & $-0.018124$ & $0.0995241$ & $0.0717713$ & $0.0624034$ & $0.0871735$ & $-0.0124381$ & $-0.0548657$ & $0.0287831$ & $-0.000842639$ & $0.0250605$ & $0.0724202$ & $0.0190076$ & $0.0170154$ & $0.0966522$ & $-0.0477665$ \\
CHD & $-0.0580032$ & $0.0301572$ & $-0.00467258$ & $-0.0177334$ & $-0.06777$ & $0.164765$ & $0.0299951$ & $-0.874392$ & $-0.859897$ & $0.40008$ & $1$ & $0.243999$ & $-0.046852$ & $-0.647883$ & $-0.575066$ & $-0.545845$ & $-0.222843$ & $-0.00234726$ & $0.0251533$ & $-0.994837$ & $-0.994622$ & $-0.981013$ & $0.0354212$ & $0.250669$ & $-0.0395672$ & $0.652901$ & $-0.298434$ & $-0.440612$ & $0.0227464$ & $-0.0736007$ & $-0.047809$ & $0.0403282$ & $-0.0945972$ & $-0.365512$ & $-0.0252523$ & $0.0411514$ & $0.0859393$ & $-0.00389455$ & $0.00466583$ & $0.0231494$ & $-0.020517$ & $-0.0735734$ & $0.0166452$ & $0.00743312$ & $-0.0229995$ & $0.0366123$ & $0.0132841$ & $-0.0374757$ & $-0.052636$ \\
CHbox & $-0.00238953$ & $0.00961006$ & $0.0289738$ & $-0.017309$ & $-0.0412074$ & $0.0322953$ & $0.208981$ & $-0.188423$ & $-0.178942$ & $0.493865$ & $0.243999$ & $1$ & $-0.826049$ & $-0.210375$ & $-0.132794$ & $-0.0997648$ & $-0.10894$ & $-0.0548372$ & $-0.0652505$ & $-0.237005$ & $-0.244582$ & $-0.242738$ & $-0.0123044$ & $0.0196239$ & $-0.0752903$ & $0.161284$ & $-0.0917062$ & $-0.0497793$ & $0.00864018$ & $-0.083378$ & $-0.0805064$ & $0.215216$ & $-0.102317$ & $-0.0748455$ & $0.0115342$ & $0.0481538$ & $0.0432961$ & $0.0329304$ & $0.0595473$ & $-0.0395459$ & $-0.0180924$ & $0.0284626$ & $-0.0126844$ & $0.0376853$ & $0.0195959$ & $0.0197242$ & $0.0230561$ & $0.0680791$ & $-0.044482$ \\
CH & $0.0136169$ & $-0.0205053$ & $-0.0233091$ & $0.00470914$ & $0.00710704$ & $0.024024$ & $-0.275488$ & $0.0459433$ & $0.048348$ & $-0.112441$ & $-0.046852$ & $-0.826049$ & $1$ & $0.0323096$ & $0.0533407$ & $0.040226$ & $-0.00167358$ & $-0.0219861$ & $-0.0184323$ & $0.0460956$ & $0.0438617$ & $0.046586$ & $0.0189452$ & $-0.0157007$ & $-0.0148065$ & $-0.049692$ & $0.000233077$ & $-0.016328$ & $0.0167069$ & $0.220603$ & $0.115929$ & $-0.205623$ & $0.213225$ & $-0.00267254$ & $0.0195264$ & $0.0266917$ & $-0.0157525$ & $-0.02957$ & $-0.0323072$ & $0.0450641$ & $-0.0216155$ & $0.00124355$ & $0.0191488$ & $-0.0114525$ & $0.0103071$ & $-0.00171436$ & $-0.0141454$ & $-0.0346736$ & $0.0156978$ \\
CHL1_11 & $0.0468904$ & $0.028657$ & $0.0156495$ & $0.0132059$ & $0.0516042$ & $-0.0371922$ & $-0.0169568$ & $0.249707$ & $0.236944$ & $-0.0716876$ & $-0.647883$ & $-0.210375$ & $0.0323096$ & $1$ & $0.410548$ & $0.386298$ & $0.634842$ & $0.601346$ & $0.57012$ & $0.65974$ & $0.619088$ & $0.602476$ & $-0.163579$ & $0.429109$ & $0.601212$ & $-0.377093$ & $-0.0665591$ & $0.295684$ & $-0.03442$ & $0.0648369$ & $0.0645792$ & $-0.0408687$ & $0.0724389$ & $-0.172481$ & $-0.00684886$ & $-0.0520454$ & $-0.0187424$ & $0.101199$ & $0.00958656$ & $-0.00724975$ & $-0.0171531$ & $-0.00102648$ & $-0.0155393$ & $-0.0579891$ & $0.013293$ & $0.0242116$ & $-0.004183$ & $0.0182662$ & $0.0549951$ \\
CHL1_22 & $0.0372163$ & $0.0437171$ & $0.0562462$ & $0.0666625$ & $0.0296722$ & $-0.113305$ & $-0.048098$ & $0.450669$ & $0.440124$ & $-0.21478$ & $-0.575066$ & $-0.132794$ & $0.0533407$ & $0.410548$ & $1$ & $0.54574$ & $0.173136$ & $-0.28504$ & $-0.0393244$ & $0.616733$ & $0.518009$ & $0.505446$ & $-0.173466$ & $0.0273625$ & $-0.052727$ & $-0.346161$ & $-0.25657$ & $0.228131$ & $-0.0257671$ & $0.0914342$ & $0.055321$ & $-0.0484879$ & $0.103899$ & $-0.425533$ & $-0.00639134$ & $-0.0335979$ & $-0.0661197$ & $-0.0173411$ & $0.0373035$ & $-0.025336$ & $0.0673129$ & $0.064406$ & $-0.0317$ & $0.0131355$ & $-0.0319794$ & $0.00914357$ & $-0.0462042$ & $0.0370694$ & $0.0331409$ \\
CHL1_33 & $0.0292756$ & $-0.00527766$ & $0.0464888$ & $0.0641916$ & $0.017446$ & $-0.0878021$ & $-0.0333002$ & $0.426359$ & $0.419053$ & $-0.198361$ & $-0.545845$ & $-0.0997648$ & $0.040226$ & $0.386298$ & $0.54574$ & $1$ & $0.170561$ & $0.00678688$ & $-0.342403$ & $0.588197$ & $0.48666$ & $0.489611$ & $-0.185613$ & $0.0352364$ & $-0.0856485$ & $-0.334871$ & $-0.325398$ & $0.215533$ & $0.0174416$ & $0.0692128$ & $0.0923565$ & $-0.0296934$ & $0.137894$ & $-0.0216656$ & $0.0272578$ & $-0.0443996$ & $-0.0785995$ & $0.00952012$ & $0.028027$ & $-0.0317105$ & $-0.00421304$ & $0.0501957$ & $-0.0386363$ & $0.00735149$ & $0.0140221$ & $0.0208145$ & $-0.0141068$ & $0.0357687$ & $0.0458399$ \\
CHL3_11 & $0.0452542$ & $0.0405334$ & $0.0204008$ & $0.0284292$ & $0.0132728$ & $-0.334559$ & $-0.0110273$ & $-0.249144$ & $-0.256486$ & $0.187124$ & $-0.222843$ & $-0.10894$ & $-0.00167358$ & $0.634842$ & $0.173136$ & $0.170561$ & $1$ & $0.831913$ & $0.799686$ & $0.234102$ & $0.197722$ & $0.187456$ & $-0.150813$ & $0.753128$ & $0.842882$ & $-0.120264$ & $-0.216977$ & $0.118423$ & $-0.0224553$ & $0.0472086$ & $0.0641219$ & $-0.0241531$ & $0.0685254$ & $-0.277448$ & $-0.0598326$ & $-0.0448014$ & $0.0309652$ & $0.0755969$ & $-0.016602$ & $-0.0164571$ & $-0.0253962$ & $-0.0294043$ & $-0.0188473$ & $-0.029026$ & $0.0470281$ & $0.0229463$ & $0.0017607$ & $0.0183974$ & $0.0346674$ \\
CHL3_22 & $0.0211311$ & $0.0197337$ & $-0.00375283$ & $-0.00727261$ & $0.000714936$ & $-0.141324$ & $0.011939$ & $-0.423961$ & $-0.427133$ & $0.26776$ & $-0.00234726$ & $-0.0548372$ & $-0.0219861$ & $0.601346$ & $-0.28504$ & $0.00678688$ & $0.831913$ & $1$ & $0.791361$ & $0.00402153$ & $-0.00519314$ & $-0.00997478$ & $-0.105116$ & $0.752934$ & $0.858529$ & $0.027245$ & $-0.144653$ & $0.0304033$ & $-0.0126428$ & $0.00374799$ & $0.0440121$ & $-0.00497341$ & $0.0176698$ & $-0.130709$ & $-0.0438535$ & $-0.0314609$ & $0.0590409$ & $0.112555$ & $-0.0193315$ & $-0.000988525$ & $-0.0646725$ & $-0.0667339$ & $-0.00359301$ & $-0.0505716$ & $0.0479211$ & $0.0370329$ & $0.0244139$ & $-0.00333294$ & $0.0243067$ \\
CHL3_33 & $0.0322836$ & $0.0517918$ & $0.00305208$ & $-0.0036891$ & $0.0110006$ & $-0.139326$ & $0.0134539$ & $-0.434153$ & $-0.437764$ & $0.263365$ & $0.0251533$ & $-0.0652505$ & $-0.0184323$ & $0.57012$ & $-0.0393244$ & $-0.342403$ & $0.799686$ & $0.791361$ & $1$ & $-0.0274765$ & $-0.0254183$ & $-0.0268243$ & $-0.0706466$ & $0.729952$ & $0.870124$ & $0.0448014$ & $-0.0617133$ & $0.0176505$ & $-0.0439108$ & $0.00442959$ & $0.00478407$ & $-0.00753941$ & $-0.011268$ & $-0.380334$ & $-0.0574049$ & $-0.0281169$ & $0.0754331$ & $0.0882903$ & $-0.0161102$ & $-0.000855732$ & $-0.0322217$ & $-0.0648855$ & $-0.00029857$ & $-0.0488468$ & $0.0169924$ & $0.0123074$ & $-0.00153602$ & $-0.000988271$ & $0.0135135$ \\
CHe_11 & $0.0518874$ & $-0.00749945$ & $0.017372$ & $0.023627$ & $0.0705683$ & $-0.165715$ & $-0.0315102$ & $0.8574$ & $0.842729$ & $-0.392607$ & $-0.994837$ & $-0.237005$ & $0.0460956$ & $0.65974$ & $0.616733$ & $0.588197$ & $0.234102$ & $0.00402153$ & $-0.0274765$ & $1$ & $0.98452$ & $0.970777$ & $-0.0551157$ & $-0.215678$ & $0.0450443$ & $-0.645465$ & $0.2469$ & $0.436721$ & $-0.0227031$ & $0.073878$ & $0.0507733$ & $-0.0424341$ & $0.0957303$ & $0.310454$ & $0.0215206$ & $-0.0454967$ & $-0.0871707$ & $0.00390888$ & $0.00459313$ & $-0.025176$ & $0.0256678$ & $0.0746549$ & $-0.0207644$ & $-0.00553928$ & $0.0195831$ & $-0.031995$ & $-0.0152091$ & $0.0352031$ & $0.050283$ \\
CHe_22 & $0.0506903$ & $-0.0146158$ & $0.00781196$ & $0.0130621$ & $0.0778159$ & $-0.162522$ & $-0.0280579$ & $0.888679$ & $0.874146$ & $-0.409362$ & $-0.994622$ & $-0.244582$ & $0.0438617$ & $0.619088$ & $0.518009$ & $0.48666$ & $0.197722$ & $-0.00519314$ & $-0.0254183$ & $0.98452$ & $1$ & $0.985476$ & $-0.00978776$ & $-0.292539$ & $0.0286606$ & $-0.655373$ & $0.362625$ & $0.439678$ & $-0.0199549$ & $0.0654039$ & $0.0377203$ & $-0.0392277$ & $0.0858952$ & $0.431841$ & $0.0277605$ & $-0.0433112$ & $-0.087322$ & $-0.00124069$ & $-0.0085236$ & $-0.0211532$ & $0.0188011$ & $0.0731914$ & $-0.013277$ & $-0.00577199$ & $0.0244857$ & $-0.0481724$ & $-0.0118406$ & $0.032702$ & $0.0504934$ \\
CHe_33 & $0.0477442$ & $-0.0156928$ & $0.00710047$ & $0.0140279$ & $0.0766212$ & $-0.159436$ & $-0.0169709$ & $0.881624$ & $0.86911$ & $-0.409724$ & $-0.981013$ & $-0.242738$ & $0.046586$ & $0.602476$ & $0.505446$ & $0.489611$ & $0.187456$ & $-0.00997478$ & $-0.0268243$ & $0.970777$ & $0.985476$ & $1$ & $-0.00364198$ & $-0.296694$ & $0.0235751$ & $-0.649066$ & $0.368275$ & $0.431982$ & $-0.0236421$ & $0.0604019$ & $0.0259329$ & $-0.0250575$ & $0.0933771$ & $0.438443$ & $0.0289855$ & $-0.0475274$ & $-0.0840202$ & $0.00272123$ & $-0.00769507$ & $-0.0325556$ & $0.00907088$ & $0.0657156$ & $-0.0115696$ & $-0.00373839$ & $0.0238298$ & $-0.0418898$ & $-0.0203487$ & $0.0330352$ & $0.0544176$ \\
CHQ1_11 & $0.00244592$ & $-0.062466$ & $-0.00826861$ & $-0.0482444$ & $0.0128462$ & $0.0178921$ & $0.0443723$ & $0.0644098$ & $0.0777$ & $-0.0494337$ & $0.0354212$ & $-0.0123044$ & $0.0189452$ & $-0.163579$ & $-0.173466$ & $-0.185613$ & $-0.150813$ & $-0.105116$ & $-0.0706466$ & $-0.0551157$ & $-0.00978776$ & $-0.00364198$ & $1$ & $-0.201286$ & $-0.0412356$ & $-0.583223$ & $0.33922$ & $-0.041236$ & $-0.0494503$ & $-0.00102424$ & $0.00695603$ & $0.0372802$ & $-0.0238044$ & $0.215193$ & $-0.0357017$ & $-0.00984158$ & $-0.0417017$ & $-0.0161229$ & $-0.0136345$ & $-0.0188325$ & $-0.00587378$ & $0.0268032$ & $0.0717412$ & $0.00345592$ & $0.00330189$ & $-0.0925538$ & $-0.00885863$ & $-0.0181927$ & $-0.0500056$ \\
CHQ1_33 & $-0.0174057$ & $0.0438863$ & $0.0442895$ & $0.0102172$ & $-0.0341574$ & $-0.0936666$ & $0.0139369$ & $-0.65483$ & $-0.655987$ & $0.363062$ & $0.250669$ & $0.0196239$ & $-0.0157007$ & $0.429109$ & $0.0273625$ & $0.0352364$ & $0.753128$ & $0.752934$ & $0.729952$ & $-0.215678$ & $-0.292539$ & $-0.296694$ & $-0.201286$ & $1$ & $0.748843$ & $0.220648$ & $-0.455351$ & $-0.0159913$ & $0.00587914$ & $0.0266742$ & $0.0452578$ & $0.000291026$ & $0.0293576$ & $-0.640828$ & $-0.070234$ & $-0.0324417$ & $0.0749299$ & $0.0708721$ & $0.0187064$ & $-0.00582543$ & $-0.0279042$ & $-0.0728899$ & $-0.0291355$ & $-0.0367137$ & $-0.00507559$ & $0.0575447$ & $0.00525863$ & $-0.0162719$ & $0.0150906$ \\
CHQ3_11 & $-0.0725989$ & $0.0351706$ & $0.00144473$ & $-0.000562067$ & $0.0107856$ & $-0.166673$ & $0.0150884$ & $-0.387738$ & $-0.394132$ & $0.236391$ & $-0.0395672$ & $-0.0752903$ & $-0.0148065$ & $0.601212$ & $-0.052727$ & $-0.0856485$ & $0.842882$ & $0.858529$ & $0.870124$ & $0.0450443$ & $0.0286606$ & $0.0235751$ & $-0.0412356$ & $0.748843$ & $1$ & $0.0120661$ & $0.0603772$ & $0.041321$ & $-0.0477724$ & $0.0121448$ & $0.00902225$ & $0.00114157$ & $0.0228102$ & $-0.296285$ & $-0.0432905$ & $-0.058636$ & $0.0461498$ & $0.100851$ & $-0.015239$ & $-0.0221596$ & $-0.026318$ & $-0.0601607$ & $-0.0264649$ & $-0.0774364$ & $0.00107365$ & $0.0280217$ & $-0.0243696$ & $0.000691545$ & $0.0349631$ \\
CHu_11 & $-0.0831835$ & $0.0266877$ & $-0.0528585$ & $0.0305414$ & $-0.037859$ & $0.13172$ & $-0.0134275$ & $-0.59325$ & $-0.591679$ & $0.252797$ & $0.652901$ & $0.161284$ & $-0.049692$ & $-0.377093$ & $-0.346161$ & $-0.334871$ & $-0.120264$ & $0.027245$ & $0.0448014$ & $-0.645465$ & $-0.655373$ & $-0.649066$ & $-0.583223$ & $0.220648$ & $0.0120661$ & $1$ & $-0.198762$ & $-0.271036$ & $0.0278972$ & $-0.0541431$ & $-0.0752985$ & $-0.00967049$ & $-0.0730515$ & $-0.295258$ & $-0.00910566$ & $0.0313859$ & $0.0725315$ & $0.0166118$ & $0.0259346$ & $0.011298$ & $-0.0206338$ & $-0.0824379$ & $-0.0424353$ & $0.000999772$ & $-0.0320567$ & $0.0455852$ & $-0.00331128$ & $0.0073828$ & $-0.0272084$ \\
CHd_11 & $-0.0188946$ & $-0.0604532$ & $-0.0580747$ & $-0.043908$ & $0.0528179$ & $-0.0209179$ & $0.0342291$ & $0.453273$ & $0.449251$ & $-0.247215$ & $-0.298434$ & $-0.0917062$ & $0.000233077$ & $-0.0665591$ & $-0.25657$ & $-0.325398$ & $-0.216977$ & $-0.144653$ & $-0.0617133$ & $0.2469$ & $0.362625$ & $0.368275$ & $0.33922$ & $-0.455351$ & $0.0603772$ & $-0.198762$ & $1$ & $0.142796$ & $-0.0387538$ & $-0.0248273$ & $-0.0939054$ & $0.0309671$ & $-0.0330293$ & $0.670258$ & $0.0264574$ & $-0.0305569$ & $-0.0383522$ & $-0.0315204$ & $-0.0239857$ & $-0.0309481$ & $0.0137956$ & $0.0222348$ & $-0.0192927$ & $-0.0479263$ & $-0.0152991$ & $-0.0920162$ & $-0.0367084$ & $-0.00235379$ & $0.00881476$ \\
CHd_33 & $0.0916338$ & $7.25716e-05$ & $-0.0404517$ & $-0.0391944$ & $-0.0206249$ & $-0.0691965$ & $-0.0114202$ & $0.374672$ & $0.369316$ & $-0.136942$ & $-0.440612$ & $-0.0497793$ & $-0.016328$ & $0.295684$ & $0.228131$ & $0.215533$ & $0.118423$ & $0.0304033$ & $0.0176505$ & $0.436721$ & $0.439678$ & $0.431982$ & $-0.041236$ & $-0.0159913$ & $0.041321$ & $-0.271036$ & $0.142796$ & $1$ & $-0.0559456$ & $0.0267644$ & $-0.0067797$ & $-0.0164244$ & $0.0192262$ & $0.171333$ & $0.00554339$ & $0.0301118$ & $-0.0270456$ & $-0.0255446$ & $0.0062031$ & $-0.0186234$ & $-0.0306881$ & $0.0450131$ & $-0.0213831$ & $0.0272242$ & $0.0648266$ & $-0.0121735$ & $-0.0153773$ & $0.0468484$ & $-0.0251155$ \\
CeH_22r & $0.00530187$ & $-0.0670111$ & $-0.0333098$ & $0.00940894$ & $-0.0221654$ & $-0.0525571$ & $-0.025274$ & $-0.00766917$ & $0.00868375$ & $-0.00614496$ & $0.0227464$ & $0.00864018$ & $0.0167069$ & $-0.03442$ & $-0.0257671$ & $0.0174416$ & $-0.0224553$ & $-0.0126428$ & $-0.0439108$ & $-0.0227031$ & $-0.0199549$ & $-0.0236421$ & $-0.0494503$ & $0.00587914$ & $-0.0477724$ & $0.0278972$ & $-0.0387538$ & $-0.0559456$ & $1$ & $0.0691627$ & $-0.0170495$ & $-0.0488996$ & $0.0420054$ & $0.0137465$ & $-0.10111$ & $-0.0300006$ & $-0.0971831$ & $-0.0161154$ & $-0.044612$ & $0.0750735$ & $-0.0204608$ & $-0.0308018$ & $0.0827233$ & $0.0470756$ & $0.0142669$ & $-0.0228008$ & $0.035322$ & $-0.0389805$ & $-0.0520235$ \\
CeH_33r & $-0.0223209$ & $-0.0388947$ & $-0.0303842$ & $0.00139656$ & $0.012143$ & $-0.0105449$ & $-0.170243$ & $0.0502624$ & $0.0693722$ & $-0.0690757$ & $-0.0736007$ & $-0.083378$ & $0.220603$ & $0.0648369$ & $0.0914342$ & $0.0692128$ & $0.0472086$ & $0.00374799$ & $0.00442959$ & $0.073878$ & $0.0654039$ & $0.0604019$ & $-0.00102424$ & $0.0266742$ & $0.0121448$ & $-0.0541431$ & $-0.0248273$ & $0.0267644$ & $0.0691627$ & $1$ & $0.278164$ & $0.00223061$ & $0.612881$ & $-0.0213036$ & $-0.0694763$ & $-0.0397699$ & $-0.125203$ & $-0.0275545$ & $-0.0816775$ & $0.0477029$ & $-0.0526314$ & $-0.0160697$ & $0.0151645$ & $-0.0238861$ & $0.064993$ & $0.0219641$ & $0.0473076$ & $-0.00224136$ & $-0.00123896$ \\
CuH_22r & $-0.00109472$ & $-0.0120443$ & $0.0478856$ & $-0.0425293$ & $0.032223$ & $-0.0974098$ & $-0.0371032$ & $0.0127377$ & $0.0209521$ & $-0.048081$ & $-0.047809$ & $-0.0805064$ & $0.115929$ & $0.0645792$ & $0.055321$ & $0.0923565$ & $0.0641219$ & $0.0440121$ & $0.00478407$ & $0.0507733$ & $0.0377203$ & $0.0259329$ & $0.00695603$ & $0.0452578$ & $0.00902225$ & $-0.0752985$ & $-0.0939054$ & $-0.0067797$ & $-0.0170495$ & $0.278164$ & $1$ & $0.0572843$ & $0.34154$ & $-0.0305708$ & $0.0235127$ & $0.0144772$ & $-0.0539364$ & $0.0357325$ & $-0.0985219$ & $-0.0209232$ & $-0.0645334$ & $0.0302777$ & $-0.0562697$ & $-0.0916043$ & $-0.0171356$ & $0.144644$ & $0.324485$ & $-0.0568904$ & $-0.0130351$ \\
CuH_33r & $-0.0489704$ & $-0.00068988$ & $-0.0298775$ & $-0.05885$ & $0.028583$ & $-0.0361222$ & $0.898016$ & $-0.0241449$ & $-0.0101995$ & $0.0691042$ & $0.0403282$ & $0.215216$ & $-0.205623$ & $-0.0408687$ & $-0.0484879$ & $-0.0296934$ & $-0.0241531$ & $-0.00497341$ & $-0.00753941$ & $-0.0424341$ & $-0.0392277$ & $-0.0250575$ & $0.0372802$ & $0.000291026$ & $0.00114157$ & $-0.00967049$ & $0.0309671$ & $-0.0164244$ & $-0.0488996$ & $0.00223061$ & $0.0572843$ & $1$ & $0.0651994$ & $0.0217316$ & $0.0523497$ & $-0.0271483$ & $0.060464$ & $0.0523262$ & $0.0157125$ & $-0.00989347$ & $-0.0946101$ & $-0.0204098$ & $-0.0606003$ & $-0.120138$ & $0.00490484$ & $0.0491531$ & $0.06686$ & $0.0284157$ & $-0.018175$ \\
CdH_33r & $-0.00813251$ & $0.00410124$ & $-0.0636127$ & $-0.0216811$ & $-0.0141727$ & $0.0117258$ & $-0.168061$ & $0.0630523$ & $0.0871284$ & $-0.159344$ & $-0.0945972$ & $-0.102317$ & $0.213225$ & $0.0724389$ & $0.103899$ & $0.137894$ & $0.0685254$ & $0.0176698$ & $-0.011268$ & $0.0957303$ & $0.0858952$ & $0.0933771$ & $-0.0238044$ & $0.0293576$ & $0.0228102$ & $-0.0730515$ & $-0.0330293$ & $0.0192262$ & $0.0420054$ & $0.612881$ & $0.34154$ & $0.0651994$ & $1$ & $-0.00426143$ & $-0.0148465$ & $-0.0368998$ & $-0.162252$ & $-0.0313736$ & $-0.12109$ & $0.000963098$ & $-0.0852225$ & $-0.00549069$ & $0.0346633$ & $-0.029429$ & $0.0174277$ & $0.0329594$ & $0.0163018$ & $0.101007$ & $0.45083$ \\
CLL_1221 & $-0.00342378$ & $-0.045791$ & $-0.0569457$ & $-0.0395097$ & $0.0354709$ & $-0.0855449$ & $0.0147859$ & $0.577758$ & $0.576788$ & $-0.292099$ & $-0.365512$ & $-0.0748455$ & $-0.00267254$ & $-0.172481$ & $-0.425533$ & $-0.0216656$ & $-0.277448$ & $-0.130709$ & $-0.380334$ & $0.310454$ & $0.431841$ & $0.438443$ & $0.215193$ & $-0.640828$ & $-0.296285$ & $-0.295258$ & $0.670258$ & $0.171333$ & $0.0137465$ & $-0.0213036$ & $-0.0305708$ & $0.0217316$ & $-0.00426143$ & $1$ & $0.0425884$ & $-0.00020801$ & $-0.0491853$ & $-0.0411089$ & $-0.0440689$ & $0.00111666$ & $-0.0280727$ & $0.0385123$ & $0.0121506$ & $0.00816735$ & $0.0504014$ & $-0.0699428$ & $0.0275378$ & $-0.0012553$ & $0.0120253$ \\
eHggint & $-0.00172588$ & $0.0317867$ & $-0.0202865$ & $-0.122394$ & $0.0156134$ & $0.0251609$ & $-0.0465736$ & $0.0493157$ & $0.0305701$ & $-0.018124$ & $-0.0252523$ & $0.0115342$ & $0.0195264$ & $-0.00684886$ & $-0.00639134$ & $0.0272578$ & $-0.0598326$ & $-0.0438535$ & $-0.0574049$ & $0.0215206$ & $0.0277605$ & $0.0289855$ & $-0.0357017$ & $-0.070234$ & $-0.0432905$ & $-0.00910566$ & $0.0264574$ & $0.00554339$ & $-0.10111$ & $-0.0694763$ & $0.0235127$ & $0.0523497$ & $-0.0148465$ & $0.0425884$ & $1$ & $-0.105859$ & $0.0854253$ & $-0.04384$ & $-0.00516738$ & $0.0253543$ & $-0.0962103$ & $0.0309033$ & $-0.0476134$ & $-0.0700901$ & $0.00562928$ & $0.0414794$ & $-0.0105777$ & $0.0314089$ & $0.0226568$ \\
eHggpar & $0.0708377$ & $-0.0741754$ & $-0.0322401$ & $0.0576064$ & $-0.0301849$ & $0.0497678$ & $-0.0763392$ & $-0.0189524$ & $-0.0186803$ & $0.0995241$ & $0.0411514$ & $0.0481538$ & $0.0266917$ & $-0.0520454$ & $-0.0335979$ & $-0.0443996$ & $-0.0448014$ & $-0.0314609$ & $-0.0281169$ & $-0.0454967$ & $-0.0433112$ & $-0.0475274$ & $-0.00984158$ & $-0.0324417$ & $-0.058636$ & $0.0313859$ & $-0.0305569$ & $0.0301118$ & $-0.0300006$ & $-0.0397699$ & $0.0144772$ & $-0.0271483$ & $-0.0368998$ & $-0.00020801$ & $-0.105859$ & $1$ & $0.00254504$ & $-0.00143222$ & $0.0138071$ & $-0.00380688$ & $0.00961846$ & $0.034251$ & $0.0422168$ & $0.0486853$ & $0.0350982$ & $0.0468677$ & $-0.0141089$ & $0.0428595$ & $-0.03134$ \\
eHWWint & $-0.00812196$ & $-0.00914076$ & $0.0242992$ & $-0.015483$ & $-0.0335299$ & $0.00750766$ & $0.0815777$ & $-0.102888$ & $-0.111736$ & $0.0717713$ & $0.0859393$ & $0.0432961$ & $-0.0157525$ & $-0.0187424$ & $-0.0661197$ & $-0.0785995$ & $0.0309652$ & $0.0590409$ & $0.0754331$ & $-0.0871707$ & $-0.087322$ & $-0.0840202$ & $-0.0417017$ & $0.0749299$ & $0.0461498$ & $0.0725315$ & $-0.0383522$ & $-0.0270456$ & $-0.0971831$ & $-0.125203$ & $-0.0539364$ & $0.060464$ & $-0.162252$ & $-0.0491853$ & $0.0854253$ & $0.00254504$ & $1$ & $0.0689729$ & $0.0379615$ & $0.0777443$ & $-0.0609233$ & $0.000373482$ & $0.0077212$ & $0.0249364$ & $-0.0217651$ & $0.0210589$ & $-0.0269138$ & $-0.0234336$ & $0.0113287$ \\
eHWWpar & $-0.0445026$ & $0.00204759$ & $-0.00464273$ & $0.0592125$ & $0.0293975$ & $0.0220124$ & $0.047367$ & $-0.0462765$ & $-0.0515088$ & $0.0624034$ & $-0.00389455$ & $0.0329304$ & $-0.02957$ & $0.101199$ & $-0.0173411$ & $0.00952012$ & $0.0755969$ & $0.112555$ & $0.0882903$ & $0.00390888$ & $-0.00124069$ & $0.00272123$ & $-0.0161229$ & $0.0708721$ & $0.100851$ & $0.0166118$ & $-0.0315204$ & $-0.0255446$ & $-0.0161154$ & $-0.0275545$ & $0.0357325$ & $0.0523262$ & $-0.0313736$ & $-0.0411089$ & $-0.04384$ & $-0.00143222$ & $0.0689729$ & $1$ & $0.0816763$ & $-0.0205508$ & $0.0197185$ & $0.00611031$ & $-0.105983$ & $0.0234469$ & $-0.00161324$ & $0.0306249$ & $-0.0319345$ & $0.0121125$ & $0.0249345$ \\
eHZZint & $0.0398768$ & $0.0957554$ & $0.0417276$ & $0.061025$ & $-0.00640698$ & $0.0257985$ & $0.0043131$ & $-0.00611851$ & $-0.00975509$ & $0.0871735$ & $0.00466583$ & $0.0595473$ & $-0.0323072$ & $0.00958656$ & $0.0373035$ & $0.028027$ & $-0.016602$ & $-0.0193315$ & $-0.0161102$ & $0.00459313$ & $-0.0085236$ & $-0.00769507$ & $-0.0136345$ & $0.0187064$ & $-0.015239$ & $0.0259346$ & $-0.0239857$ & $0.0062031$ & $-0.044612$ & $-0.0816775$ & $-0.0985219$ & $0.0157125$ & $-0.12109$ & $-0.0440689$ & $-0.00516738$ & $0.0138071$ & $0.0379615$ & $0.0816763$ & $1$ & $0.0602836$ & $0.0212272$ & $-0.0507627$ & $0.070971$ & $0.115992$ & $0.00542879$ & $-0.016365$ & $-0.0381671$ & $0.0402078$ & $-0.052292$ \\
eHZZpar & $-0.0167911$ & $0.0851132$ & $0.012099$ & $-0.079687$ & $-0.0373651$ & $0.0441823$ & $-0.0179033$ & $-0.0189447$ & $-0.0168047$ & $-0.0124381$ & $0.0231494$ & $-0.0395459$ & $0.0450641$ & $-0.00724975$ & $-0.025336$ & $-0.0317105$ & $-0.0164571$ & $-0.000988525$ & $-0.000855732$ & $-0.025176$ & $-0.0211532$ & $-0.0325556$ & $-0.0188325$ & $-0.00582543$ & $-0.0221596$ & $0.011298$ & $-0.0309481$ & $-0.0186234$ & $0.0750735$ & $0.0477029$ & $-0.0209232$ & $-0.00989347$ & $0.000963098$ & $0.00111666$ & $0.0253543$ & $-0.00380688$ & $0.0777443$ & $-0.0205508$ & $0.0602836$ & $1$ & $-0.0809246$ & $-0.0489539$ & $-0.0188862$ & $0.00663959$ & $0.00662815$ & $-0.0152517$ & $-0.0416014$ & $-0.0136277$ & $-0.0603299$ \\
eHZgaint & $0.0215914$ & $-0.0547912$ & $0.0637374$ & $0.135259$ & $0.0423283$ & $-0.0050301$ & $-0.0320953$ & $0.0350017$ & $0.0307736$ & $-0.0548657$ & $-0.020517$ & $-0.0180924$ & $-0.0216155$ & $-0.0171531$ & $0.0673129$ & $-0.00421304$ & $-0.0253962$ & $-0.0646725$ & $-0.0322217$ & $0.0256678$ & $0.0188011$ & $0.00907088$ & $-0.00587378$ & $-0.0279042$ & $-0.026318$ & $-0.0206338$ & $0.0137956$ & $-0.0306881$ & $-0.0204608$ & $-0.0526314$ & $-0.0645334$ & $-0.0946101$ & $-0.0852225$ & $-0.0280727$ & $-0.0962103$ & $0.00961846$ & $-0.0609233$ & $0.0197185$ & $0.0212272$ & $-0.0809246$ & $1$ & $-0.038844$ & $0.00525461$ & $0.00423188$ & $-0.00190617$ & $0.0132749$ & $-0.0862419$ & $-0.010454$ & $-0.0210834$ \\
eHZgapar & $0.0899487$ & $0.0154883$ & $0.0491243$ & $-0.0223188$ & $-0.0101843$ & $0.0236604$ & $-0.0233557$ & $0.0913102$ & $0.0805178$ & $0.0287831$ & $-0.0735734$ & $0.0284626$ & $0.00124355$ & $-0.00102648$ & $0.064406$ & $0.0501957$ & $-0.0294043$ & $-0.0667339$ & $-0.0648855$ & $0.0746549$ & $0.0731914$ & $0.0657156$ & $0.0268032$ & $-0.0728899$ & $-0.0601607$ & $-0.0824379$ & $0.0222348$ & $0.0450131$ & $-0.0308018$ & $-0.0160697$ & $0.0302777$ & $-0.0204098$ & $-0.00549069$ & $0.0385123$ & $0.0309033$ & $0.034251$ & $0.000373482$ & $0.00611031$ & $-0.0507627$ & $-0.0489539$ & $-0.038844$ & $1$ & $-0.0600395$ & $0.044049$ & $0.0945214$ & $0.00313562$ & $0.0603932$ & $-0.0452736$ & $0.0622715$ \\
eHgagaint & $-0.0214193$ & $-0.0893761$ & $0.00241415$ & $-0.0436118$ & $-0.0450013$ & $-0.013868$ & $-0.0544107$ & $-0.00599524$ & $0.0486687$ & $-0.000842639$ & $0.0166452$ & $-0.0126844$ & $0.0191488$ & $-0.0155393$ & $-0.0317$ & $-0.0386363$ & $-0.0188473$ & $-0.00359301$ & $-0.00029857$ & $-0.0207644$ & $-0.013277$ & $-0.0115696$ & $0.0717412$ & $-0.0291355$ & $-0.0264649$ & $-0.0424353$ & $-0.0192927$ & $-0.0213831$ & $0.0827233$ & $0.0151645$ & $-0.0562697$ & $-0.0606003$ & $0.0346633$ & $0.0121506$ & $-0.0476134$ & $0.0422168$ & $0.0077212$ & $-0.105983$ & $0.070971$ & $-0.0188862$ & $0.00525461$ & $-0.0600395$ & $1$ & $0.0119474$ & $0.0649576$ & $0.0228463$ & $-0.0205264$ & $-0.0137478$ & $0.0612773$ \\
eHmumuint & $0.0296438$ & $0.030383$ & $0.0264775$ & $-0.0262045$ & $-0.0619505$ & $0.0146452$ & $-0.116715$ & $0.0117347$ & $0.0244203$ & $0.0250605$ & $0.00743312$ & $0.0376853$ & $-0.0114525$ & $-0.0579891$ & $0.0131355$ & $0.00735149$ & $-0.029026$ & $-0.0505716$ & $-0.0488468$ & $-0.00553928$ & $-0.00577199$ & $-0.00373839$ & $0.00345592$ & $-0.0367137$ & $-0.0774364$ & $0.000999772$ & $-0.0479263$ & $0.0272242$ & $0.0470756$ & $-0.0238861$ & $-0.0916043$ & $-0.120138$ & $-0.029429$ & $0.00816735$ & $-0.0700901$ & $0.0486853$ & $0.0249364$ & $0.0234469$ & $0.115992$ & $0.00663959$ & $0.00423188$ & $0.044049$ & $0.0119474$ & $1$ & $0.0222897$ & $-0.0690667$ & $0.0491253$ & $0.0508552$ & $-0.0152889$ \\
eHtautauint & $0.141435$ & $-0.00716096$ & $0.0434871$ & $0.085491$ & $-0.0570408$ & $-0.0225913$ & $-0.00810128$ & $0.00806689$ & $0.00801337$ & $0.0724202$ & $-0.0229995$ & $0.0195959$ & $0.0103071$ & $0.013293$ & $-0.0319794$ & $0.0140221$ & $0.0470281$ & $0.0479211$ & $0.0169924$ & $0.0195831$ & $0.0244857$ & $0.0238298$ & $0.00330189$ & $-0.00507559$ & $0.00107365$ & $-0.0320567$ & $-0.0152991$ & $0.0648266$ & $0.0142669$ & $0.064993$ & $-0.0171356$ & $0.00490484$ & $0.0174277$ & $0.0504014$ & $0.00562928$ & $0.0350982$ & $-0.0217651$ & $-0.00161324$ & $0.00542879$ & $0.00662815$ & $-0.00190617$ & $0.0945214$ & $0.0649576$ & $0.0222897$ & $1$ & $-0.038872$ & $0.00352499$ & $0.0687646$ & $0.00470712$ \\
eHccint & $-0.0538183$ & $0.0419343$ & $-0.0472486$ & $-0.0567235$ & $-0.066559$ & $-0.0469439$ & $0.0372074$ & $-0.0594174$ & $-0.0543786$ & $0.0190076$ & $0.0366123$ & $0.0197242$ & $-0.00171436$ & $0.0242116$ & $0.00914357$ & $0.0208145$ & $0.0229463$ & $0.0370329$ & $0.0123074$ & $-0.031995$ & $-0.0481724$ & $-0.0418898$ & $-0.0925538$ & $0.0575447$ & $0.0280217$ & $0.0455852$ & $-0.0920162$ & $-0.0121735$ & $-0.0228008$ & $0.0219641$ & $0.144644$ & $0.0491531$ & $0.0329594$ & $-0.0699428$ & $0.0414794$ & $0.0468677$ & $0.0210589$ & $0.0306249$ & $-0.016365$ & $-0.0152517$ & $0.0132749$ & $0.00313562$ & $0.0228463$ & $-0.0690667$ & $-0.038872$ & $1$ & $-0.00112564$ & $-0.0395654$ & $-0.00705911$ \\
eHccpar & $0.0125339$ & $-0.000941041$ & $-0.0117351$ & $-0.00876105$ & $0.0159647$ & $-0.019251$ & $0.0681802$ & $-0.012695$ & $-0.00497536$ & $0.0170154$ & $0.0132841$ & $0.0230561$ & $-0.0141454$ & $-0.004183$ & $-0.0462042$ & $-0.0141068$ & $0.0017607$ & $0.0244139$ & $-0.00153602$ & $-0.0152091$ & $-0.0118406$ & $-0.0203487$ & $-0.00885863$ & $0.00525863$ & $-0.0243696$ & $-0.00331128$ & $-0.0367084$ & $-0.0153773$ & $0.035322$ & $0.0473076$ & $0.324485$ & $0.06686$ & $0.0163018$ & $0.0275378$ & $-0.0105777$ & $-0.0141089$ & $-0.0269138$ & $-0.0319345$ & $-0.0381671$ & $-0.0416014$ & $-0.0862419$ & $0.0603932$ & $-0.0205264$ & $0.0491253$ & $0.00352499$ & $-0.00112564$ & $1$ & $0.00735166$ & $-0.0314277$ \\
eHbbint & $0.0365921$ & $-0.00583145$ & $-0.0578006$ & $0.011377$ & $-0.0149325$ & $0.0242807$ & $0.026007$ & $0.0279503$ & $0.0231025$ & $0.0966522$ & $-0.0374757$ & $0.0680791$ & $-0.0346736$ & $0.0182662$ & $0.0370694$ & $0.0357687$ & $0.0183974$ & $-0.00333294$ & $-0.000988271$ & $0.0352031$ & $0.032702$ & $0.0330352$ & $-0.0181927$ & $-0.0162719$ & $0.000691545$ & $0.0073828$ & $-0.00235379$ & $0.0468484$ & $-0.0389805$ & $-0.00224136$ & $-0.0568904$ & $0.0284157$ & $0.101007$ & $-0.0012553$ & $0.0314089$ & $0.0428595$ & $-0.0234336$ & $0.0121125$ & $0.0402078$ & $-0.0136277$ & $-0.010454$ & $-0.0452736$ & $-0.0137478$ & $0.0508552$ & $0.0687646$ & $-0.0395654$ & $0.00735166$ & $1$ & $0.0098909$ \\
eHbbpar & $-0.0674017$ & $-0.0237911$ & $0.00993738$ & $0.0227378$ & $0.0119331$ & $0.0415856$ & $-0.0441849$ & $0.0358033$ & $0.0365164$ & $-0.0477665$ & $-0.052636$ & $-0.044482$ & $0.0156978$ & $0.0549951$ & $0.0331409$ & $0.0458399$ & $0.0346674$ & $0.0243067$ & $0.0135135$ & $0.050283$ & $0.0504934$ & $0.0544176$ & $-0.0500056$ & $0.0150906$ & $0.0349631$ & $-0.0272084$ & $0.00881476$ & $-0.0251155$ & $-0.0520235$ & $-0.00123896$ & $-0.0130351$ & $-0.018175$ & $0.45083$ & $0.0120253$ & $0.0226568$ & $-0.03134$ & $0.0113287$ & $0.0249345$ & $-0.052292$ & $-0.0603299$ & $-0.0210834$ & $0.0622715$ & $0.0612773$ & $-0.0152889$ & $0.00470712$ & $-0.00705911$ & $-0.0314277$ & $0.0098909$ & $1$ \\
