 & AlsMz & dAle5Mz & mtop & mHl & Mz & CW & CHG & CHWB & CHWHB_gaga & CHWHB_gagaorth & CHD & CHbox & CH & CHL1_11 & CHL1_22 & CHL1_33 & CHL3_11 & CHL3_22 & CHL3_33 & CHe_11 & CHe_22 & CHe_33 & CHQ1_11 & CHQ1_33 & CHQ3_11 & CHu_11 & CHd_11 & CHd_33 & CeH_22r & CeH_33r & CuH_22r & CuH_33r & CdH_33r & CLL_1221 & eHggint & eHggpar & eHWWint & eHWWpar & eHZZint & eHZZpar & eHZgaint & eHZgapar & eHgagaint & eHmumuint & eHtautauint & eHccint & eHccpar & eHbbint & eHbbpar \\
AlsMz & $1$ & $0.106696$ & $0.0926537$ & $-0.0508718$ & $0.0154595$ & $0.0170119$ & $0.0319844$ & $-0.0263576$ & $-0.0298882$ & $0.015248$ & $0.00672204$ & $0.0230062$ & $-0.0298074$ & $0.010944$ & $0.0115706$ & $-0.0200495$ & $0.0218087$ & $0.00983123$ & $0.0336282$ & $-0.0117372$ & $-0.0127942$ & $-0.0161745$ & $-0.00867046$ & $-0.0517366$ & $-0.0935426$ & $-0.0317558$ & $-0.0381036$ & $-0.0111976$ & $-0.0149699$ & $-0.00186039$ & $0.0303657$ & $0.0252255$ & $-0.0177564$ & $-0.0256994$ & $0.0661542$ & $-0.115385$ & $-0.0476794$ & $0.0142295$ & $-0.0832331$ & $0.000357203$ & $0.127293$ & $0.0335994$ & $-0.0263669$ & $-0.0661955$ & $0.0885245$ & $0.134759$ & $0.0296162$ & $-0.0433797$ & $0.0127018$ \\
dAle5Mz & $0.106696$ & $1$ & $0.11897$ & $0.0598449$ & $0.00117291$ & $0.00413832$ & $0.0255549$ & $-0.0836211$ & $-0.0822962$ & $0.0282276$ & $0.0653278$ & $0.0382931$ & $-0.0194585$ & $-0.0191257$ & $-0.00361708$ & $0.0211351$ & $0.0142608$ & $0.0119631$ & $-0.00533502$ & $-0.0392991$ & $-0.0457945$ & $-0.0453312$ & $-0.00156773$ & $0.0249664$ & $-0.000137265$ & $0.014678$ & $-0.0346209$ & $-0.0171665$ & $-0.0142285$ & $0.0175245$ & $-0.042642$ & $0.0255837$ & $0.0289393$ & $-0.00605243$ & $-0.0472904$ & $0.0242968$ & $-0.0243382$ & $-0.0197651$ & $-0.0393167$ & $0.00621684$ & $0.0794725$ & $-0.0331494$ & $-0.039338$ & $-0.157762$ & $0.0867996$ & $0.0262851$ & $-0.114098$ & $-0.0974791$ & $0.0714272$ \\
mtop & $0.0926537$ & $0.11897$ & $1$ & $-0.00623402$ & $0.0265906$ & $0.017437$ & $0.0104759$ & $0.0101829$ & $0.0241837$ & $-0.0123432$ & $-0.0101559$ & $0.0193692$ & $-0.0392419$ & $0.021792$ & $0.0229158$ & $-0.00660853$ & $0.0055846$ & $-0.00887534$ & $0.0123736$ & $0.0180537$ & $0.0198693$ & $0.0186763$ & $0.000163222$ & $-0.0102348$ & $-0.0046244$ & $-0.0152929$ & $0.000191699$ & $0.0135836$ & $-0.0119795$ & $0.0223113$ & $-0.00711558$ & $-0.00049995$ & $-0.0208864$ & $-0.00782407$ & $-0.0575679$ & $-0.134874$ & $0.000631186$ & $0.0101193$ & $-0.161209$ & $0.0171715$ & $0.0731769$ & $-0.0289534$ & $0.139083$ & $-0.0225013$ & $0.213656$ & $0.0766187$ & $-0.0952641$ & $-0.133124$ & $-0.040121$ \\
mHl & $-0.0508718$ & $0.0598449$ & $-0.00623402$ & $1$ & $0.00918922$ & $0.0227188$ & $0.00525082$ & $0.0123102$ & $0.01426$ & $-0.0133213$ & $-0.00243716$ & $-0.0231858$ & $0.0235483$ & $-0.012098$ & $0.00141671$ & $0.0177134$ & $-0.0213421$ & $-0.0164898$ & $-0.0306104$ & $0.00512324$ & $0.00361038$ & $0.00480441$ & $0.0073581$ & $-0.00952725$ & $-0.00664487$ & $-0.0069613$ & $0.0136406$ & $-0.010978$ & $-0.00643798$ & $0.0271349$ & $-0.0156524$ & $-0.00570369$ & $0.00570134$ & $0.0134994$ & $-0.0413346$ & $-0.0956536$ & $-0.0614595$ & $-0.0108306$ & $-0.0426315$ & $0.0100511$ & $-0.0276888$ & $0.00839825$ & $-0.0354973$ & $-0.113416$ & $-0.0319555$ & $-0.0981921$ & $-0.0306305$ & $-0.0785975$ & $-0.00247586$ \\
Mz & $0.0154595$ & $0.00117291$ & $0.0265906$ & $0.00918922$ & $1$ & $-0.00112261$ & $0.0147562$ & $-0.000994838$ & $-0.00493927$ & $-0.0113203$ & $0.017501$ & $0.00414262$ & $-0.0120346$ & $-0.0163497$ & $-0.0158771$ & $-0.0171933$ & $-0.00689129$ & $-0.00633849$ & $-0.00363972$ & $-0.0127389$ & $-0.00383773$ & $-0.00243375$ & $-0.0153536$ & $-0.012739$ & $-0.0140397$ & $0.0209205$ & $0.00816744$ & $-0.0090968$ & $-0.018699$ & $0.0181295$ & $-0.00510628$ & $0.020026$ & $0.0107522$ & $0.0133727$ & $-0.000670407$ & $-0.0166815$ & $-0.013445$ & $0.00276647$ & $-0.00907846$ & $0.00340728$ & $0.0204219$ & $-0.00253575$ & $0.00521307$ & $-0.00822966$ & $-0.00849345$ & $-0.0112014$ & $-0.0360824$ & $0.00533506$ & $-0.00584782$ \\
CW & $0.0170119$ & $0.00413832$ & $0.017437$ & $0.0227188$ & $-0.00112261$ & $1$ & $0.00482971$ & $-0.112671$ & $-0.108246$ & $0.0117314$ & $0.164123$ & $0.0376491$ & $-0.00213563$ & $0.0330106$ & $-0.0467156$ & $-0.0514174$ & $-0.240482$ & $-0.0548653$ & $-0.0519714$ & $-0.159708$ & $-0.169854$ & $-0.169235$ & $-0.0254506$ & $0.00540535$ & $-0.0941116$ & $0.107138$ & $-0.0974564$ & $-0.049557$ & $0.0190942$ & $0.0019092$ & $0.0121093$ & $0.00228273$ & $0.00247122$ & $-0.133467$ & $-0.0169971$ & $-0.00670376$ & $-0.00549134$ & $0.00390624$ & $-0.00392307$ & $0.00672697$ & $-0.000328132$ & $-0.00313281$ & $0.0186751$ & $0.00445942$ & $0.0208229$ & $-0.00509189$ & $0.00805356$ & $0.00695479$ & $0.0146043$ \\
CHG & $0.0319844$ & $0.0255549$ & $0.0104759$ & $0.00525082$ & $0.0147562$ & $0.00482971$ & $1$ & $-0.102576$ & $-0.0424864$ & $0.0893787$ & $0.0473687$ & $0.172433$ & $-0.285582$ & $0.0645677$ & $-0.0312583$ & $-0.0198781$ & $0.115686$ & $0.12048$ & $0.112448$ & $-0.0476059$ & $-0.0495293$ & $-0.0483827$ & $-0.00050083$ & $0.112007$ & $0.10969$ & $0.0230406$ & $-0.0347807$ & $0.00902473$ & $0.0187772$ & $-0.145663$ & $-0.0684823$ & $0.940014$ & $-0.161165$ & $-0.0490731$ & $-0.00404867$ & $-0.0438963$ & $0.0338408$ & $0.0204312$ & $-0.0177494$ & $-0.0134265$ & $-0.0164681$ & $0.010448$ & $0.0101152$ & $-0.0240212$ & $-0.0456306$ & $0.0024378$ & $0.00380896$ & $0.0338465$ & $-0.0378454$ \\
CHWB & $-0.0263576$ & $-0.0836211$ & $0.0101829$ & $0.0123102$ & $-0.000994838$ & $-0.112671$ & $-0.102576$ & $1$ & $0.981274$ & $-0.57295$ & $-0.874721$ & $-0.447875$ & $0.343529$ & $0.0814495$ & $0.285197$ & $0.275534$ & $-0.246006$ & $-0.431968$ & $-0.426356$ & $0.844994$ & $0.892792$ & $0.874191$ & $0.0830524$ & $-0.673246$ & $-0.395844$ & $-0.505606$ & $0.417385$ & $0.28653$ & $0.0278441$ & $0.0934015$ & $0.0439972$ & $-0.10585$ & $0.0865932$ & $0.557856$ & $-0.0171333$ & $-0.0222928$ & $0.0254244$ & $0.00978966$ & $0.0121028$ & $0.0281352$ & $-0.00572425$ & $-0.00354007$ & $0.00742573$ & $0.00462611$ & $0.0238726$ & $-0.0142792$ & $-0.0135161$ & $0.00444289$ & $-0.0108961$ \\
CHWHB_gaga & $-0.0298882$ & $-0.0822962$ & $0.0241837$ & $0.01426$ & $-0.00493927$ & $-0.108246$ & $-0.0424864$ & $0.981274$ & $1$ & $-0.559033$ & $-0.855297$ & $-0.422754$ & $0.336061$ & $0.0735759$ & $0.280372$ & $0.27475$ & $-0.247995$ & $-0.429268$ & $-0.425824$ & $0.826985$ & $0.8728$ & $0.855362$ & $0.0824562$ & $-0.663994$ & $-0.393252$ & $-0.495358$ & $0.407615$ & $0.281601$ & $0.0336783$ & $0.110067$ & $0.0578115$ & $-0.0531443$ & $0.106717$ & $0.54677$ & $-0.0255012$ & $-0.0316727$ & $0.0146331$ & $0.00331575$ & $0.00447895$ & $0.0305367$ & $-0.00650551$ & $-0.00605675$ & $0.0751788$ & $0.00161053$ & $0.0246708$ & $-0.0108731$ & $-0.0128531$ & $0.00854877$ & $-0.0158349$ \\
CHWHB_gagaorth & $0.015248$ & $0.0282276$ & $-0.0123432$ & $-0.0133213$ & $-0.0113203$ & $0.0117314$ & $0.0893787$ & $-0.57295$ & $-0.559033$ & $1$ & $0.352815$ & $0.657539$ & $-0.241194$ & $0.234923$ & $-0.110177$ & $-0.112628$ & $0.435654$ & $0.481209$ & $0.480698$ & $-0.338829$ & $-0.371722$ & $-0.366149$ & $-0.0457652$ & $0.563698$ & $0.481075$ & $0.201975$ & $-0.224198$ & $-0.120876$ & $-0.0243666$ & $-0.134244$ & $-0.0619043$ & $0.107784$ & $-0.12768$ & $-0.355878$ & $0.0640662$ & $0.069616$ & $0.00538177$ & $-0.0200978$ & $0.00712697$ & $-0.0080978$ & $-0.0305041$ & $-0.0066367$ & $0.00331529$ & $0.00916779$ & $-0.0199655$ & $0.0184527$ & $0.00592075$ & $-0.00866167$ & $0.00876527$ \\
CHD & $0.00672204$ & $0.0653278$ & $-0.0101559$ & $-0.00243716$ & $0.017501$ & $0.164123$ & $0.0473687$ & $-0.874721$ & $-0.855297$ & $0.352815$ & $1$ & $0.352092$ & $-0.16168$ & $-0.506255$ & $-0.409957$ & $-0.3994$ & $-0.217141$ & $0.0579236$ & $0.054788$ & $-0.989664$ & $-0.990799$ & $-0.969278$ & $-0.0261162$ & $0.303526$ & $0.0128128$ & $0.561183$ & $-0.28364$ & $-0.314009$ & $-0.0189823$ & $-0.0412919$ & $-0.0180115$ & $0.0620427$ & $-0.0351341$ & $-0.357782$ & $0.0158782$ & $0.0177981$ & $-0.0241454$ & $0.000594299$ & $-0.0179925$ & $-0.0246204$ & $-0.00348166$ & $0.00208899$ & $0.00123015$ & $0.00590155$ & $-0.0217369$ & $0.0138314$ & $0.00914149$ & $-0.0102618$ & $0.0162444$ \\
CHbox & $0.0230062$ & $0.0382931$ & $0.0193692$ & $-0.0231858$ & $0.00414262$ & $0.0376491$ & $0.172433$ & $-0.447875$ & $-0.422754$ & $0.657539$ & $0.352092$ & $1$ & $-0.623259$ & $0.0304495$ & $-0.0735334$ & $-0.0775544$ & $0.181761$ & $0.230927$ & $0.232486$ & $-0.331362$ & $-0.367199$ & $-0.362958$ & $-0.0476532$ & $0.355026$ & $0.231405$ & $0.206815$ & $-0.210619$ & $-0.108289$ & $-0.0147984$ & $-0.0192385$ & $-0.0218436$ & $0.204582$ & $-0.0232687$ & $-0.293036$ & $0.0669545$ & $0.0341875$ & $-0.00761339$ & $-0.00457161$ & $-0.00985194$ & $0.00411739$ & $-0.00503555$ & $-0.00282785$ & $0.00594888$ & $0.0130473$ & $-0.0210529$ & $0.0185944$ & $0.00525931$ & $-0.00766967$ & $0.00904848$ \\
CH & $-0.0298074$ & $-0.0194585$ & $-0.0392419$ & $0.0235483$ & $-0.0120346$ & $-0.00213563$ & $-0.285582$ & $0.343529$ & $0.336061$ & $-0.241194$ & $-0.16168$ & $-0.623259$ & $1$ & $-0.244825$ & $0.0621376$ & $0.0765993$ & $-0.362068$ & $-0.375847$ & $-0.385763$ & $0.158499$ & $0.171651$ & $0.172598$ & $0.0535227$ & $-0.380616$ & $-0.362862$ & $-0.11352$ & $0.138639$ & $0.048812$ & $0.0340495$ & $0.261199$ & $0.106213$ & $-0.236834$ & $0.309139$ & $0.214823$ & $0.026648$ & $0.0420042$ & $0.000638932$ & $0.00167873$ & $0.00212678$ & $0.0183894$ & $-0.0129829$ & $-0.0117324$ & $-0.00227306$ & $0.00923536$ & $0.0181246$ & $-0.0128308$ & $-0.00251173$ & $-0.0214295$ & $0.0145253$ \\
CHL1_11 & $0.010944$ & $-0.0191257$ & $0.021792$ & $-0.012098$ & $-0.0163497$ & $0.0330106$ & $0.0645677$ & $0.0814495$ & $0.0735759$ & $0.234923$ & $-0.506255$ & $0.0304495$ & $-0.244825$ & $1$ & $0.265817$ & $0.263276$ & $0.660597$ & $0.604149$ & $0.599441$ & $0.523789$ & $0.464608$ & $0.451738$ & $-0.0788451$ & $0.477454$ & $0.598321$ & $-0.257728$ & $-0.106828$ & $0.145768$ & $-0.0106393$ & $-0.0623468$ & $-0.0372755$ & $0.0422776$ & $-0.0617677$ & $-0.225826$ & $-0.0110126$ & $-0.00103329$ & $0.0159237$ & $-0.0105971$ & $0.00874822$ & $-0.00265239$ & $0.0187983$ & $0.00326044$ & $-0.0120024$ & $-0.00320591$ & $0.0223421$ & $-0.00511081$ & $-0.0061578$ & $0.021382$ & $-0.0101872$ \\
CHL1_22 & $0.0115706$ & $-0.00361708$ & $0.0229158$ & $0.00141671$ & $-0.0158771$ & $-0.0467156$ & $-0.0312583$ & $0.285197$ & $0.280372$ & $-0.110177$ & $-0.409957$ & $-0.0735334$ & $0.0621376$ & $0.265817$ & $1$ & $0.436337$ & $0.156613$ & $-0.448252$ & $-0.0270037$ & $0.479264$ & $0.325213$ & $0.317814$ & $-0.179767$ & $0.105498$ & $-0.142978$ & $-0.180737$ & $-0.407532$ & $0.0917245$ & $0.00892107$ & $0.0216286$ & $0.0362722$ & $-0.03455$ & $0.0102471$ & $-0.606478$ & $0.00585289$ & $-0.041058$ & $0.000203461$ & $-0.0289064$ & $0.0110821$ & $0.00159876$ & $0.0375737$ & $0.00836132$ & $0.0105418$ & $-0.0390614$ & $-0.00772847$ & $0.00341528$ & $0.00481813$ & $0.00287628$ & $-0.0197738$ \\
CHL1_33 & $-0.0200495$ & $0.0211351$ & $-0.00660853$ & $0.0177134$ & $-0.0171933$ & $-0.0514174$ & $-0.0198781$ & $0.275534$ & $0.27475$ & $-0.112628$ & $-0.3994$ & $-0.0775544$ & $0.0765993$ & $0.263276$ & $0.436337$ & $1$ & $0.152035$ & $-0.0211888$ & $-0.43791$ & $0.467997$ & $0.316767$ & $0.333146$ & $-0.159484$ & $0.114742$ & $-0.140058$ & $-0.191877$ & $-0.407091$ & $0.0997227$ & $0.0108487$ & $0.0290273$ & $0.0248005$ & $-0.0270735$ & $0.0254736$ & $-0.113616$ & $-0.0017268$ & $-0.0267008$ & $0.0126912$ & $-0.00298429$ & $-0.0184231$ & $0.0180885$ & $0.00435746$ & $-0.0209551$ & $0.00727898$ & $-0.00658954$ & $0.00431273$ & $-0.00393781$ & $-0.0160097$ & $-0.0218176$ & $-0.0062437$ \\
CHL3_11 & $0.0218087$ & $0.0142608$ & $0.0055846$ & $-0.0213421$ & $-0.00689129$ & $-0.240482$ & $0.115686$ & $-0.246006$ & $-0.247995$ & $0.435654$ & $-0.217141$ & $0.181761$ & $-0.362068$ & $0.660597$ & $0.156613$ & $0.152035$ & $1$ & $0.738668$ & $0.738338$ & $0.238103$ & $0.185071$ & $0.179544$ & $-0.0734534$ & $0.675257$ & $0.773542$ & $-0.105379$ & $-0.153284$ & $0.0531072$ & $-0.0189917$ & $-0.112209$ & $-0.0609865$ & $0.0931421$ & $-0.111514$ & $-0.246882$ & $0.00253345$ & $0.0148358$ & $-0.00664804$ & $-0.0203499$ & $0.0198479$ & $-0.00943544$ & $0.0102791$ & $-0.00127027$ & $-0.0131087$ & $-0.0269112$ & $-0.0205463$ & $-0.00626906$ & $0.0138512$ & $0.00943$ & $-0.0171396$ \\
CHL3_22 & $0.00983123$ & $0.0119631$ & $-0.00887534$ & $-0.0164898$ & $-0.00633849$ & $-0.0548653$ & $0.12048$ & $-0.431968$ & $-0.429268$ & $0.481209$ & $0.0579236$ & $0.230927$ & $-0.375847$ & $0.604149$ & $-0.448252$ & $-0.0211888$ & $0.738668$ & $1$ & $0.671099$ & $-0.0631142$ & $-0.053226$ & $-0.0513987$ & $0.00804679$ & $0.62137$ & $0.793777$ & $0.0276948$ & $0.00258081$ & $-0.0148512$ & $-0.0234018$ & $-0.109318$ & $-0.0725506$ & $0.10201$ & $-0.101506$ & $0.0393523$ & $-0.0021312$ & $0.0356708$ & $0.000590859$ & $0.00306953$ & $-2.89932e-05$ & $-0.00892658$ & $-0.0111644$ & $-0.00400265$ & $-0.0187993$ & $0.0118525$ & $0.00165761$ & $-0.00400157$ & $0.00370394$ & $0.00757951$ & $0.000188496$ \\
CHL3_33 & $0.0336282$ & $-0.00533502$ & $0.0123736$ & $-0.0306104$ & $-0.00363972$ & $-0.0519714$ & $0.112448$ & $-0.426356$ & $-0.425824$ & $0.480698$ & $0.054788$ & $0.232486$ & $-0.385763$ & $0.599441$ & $-0.0270037$ & $-0.43791$ & $0.738338$ & $0.671099$ & $1$ & $-0.0606445$ & $-0.0492247$ & $-0.0440591$ & $-0.00303681$ & $0.610681$ & $0.795055$ & $0.0383974$ & $0.014248$ & $-0.0208648$ & $-0.0251577$ & $-0.115495$ & $-0.0602615$ & $0.0964608$ & $-0.112071$ & $-0.333426$ & $-0.000104821$ & $0.0249798$ & $-0.0124948$ & $-0.0177592$ & $0.0269816$ & $-0.0220308$ & $0.00863082$ & $0.0170759$ & $-0.015773$ & $-0.0140195$ & $-0.00987527$ & $-0.00109097$ & $0.0233342$ & $0.0252701$ & $-0.0108852$ \\
CHe_11 & $-0.0117372$ & $-0.0392991$ & $0.0180537$ & $0.00512324$ & $-0.0127389$ & $-0.159708$ & $-0.0476059$ & $0.844994$ & $0.826985$ & $-0.338829$ & $-0.989664$ & $-0.331362$ & $0.158499$ & $0.523789$ & $0.479264$ & $0.467997$ & $0.238103$ & $-0.0631142$ & $-0.0606445$ & $1$ & $0.971141$ & $0.950545$ & $-9.41016e-05$ & $-0.249961$ & $-0.00948124$ & $-0.550057$ & $0.205107$ & $0.306182$ & $0.0177353$ & $0.0411665$ & $0.0199153$ & $-0.0618219$ & $0.0356368$ & $0.275346$ & $-0.0149411$ & $-0.0191574$ & $0.0232775$ & $-0.00216273$ & $0.0143445$ & $0.0237431$ & $0.00646278$ & $-0.00160511$ & $-0.00107357$ & $-0.0117185$ & $0.025172$ & $-0.0131462$ & $-0.0113513$ & $0.00445043$ & $-0.016193$ \\
CHe_22 & $-0.0127942$ & $-0.0457945$ & $0.0198693$ & $0.00361038$ & $-0.00383773$ & $-0.169854$ & $-0.0495293$ & $0.892792$ & $0.8728$ & $-0.371722$ & $-0.990799$ & $-0.367199$ & $0.171651$ & $0.464608$ & $0.325213$ & $0.316767$ & $0.185071$ & $-0.053226$ & $-0.0492247$ & $0.971141$ & $1$ & $0.974464$ & $0.0551394$ & $-0.359498$ & $-0.016055$ & $-0.563813$ & $0.367233$ & $0.317682$ & $0.0186671$ & $0.0438877$ & $0.0140593$ & $-0.063731$ & $0.0382636$ & $0.445701$ & $-0.0205219$ & $-0.0140158$ & $0.0247415$ & $0.00208693$ & $0.0177356$ & $0.0242261$ & $0.00109825$ & $-0.0022965$ & $-0.00093168$ & $-0.00771403$ & $0.025555$ & $-0.0157754$ & $-0.0120151$ & $0.00679594$ & $-0.01457$ \\
CHe_33 & $-0.0161745$ & $-0.0453312$ & $0.0186763$ & $0.00480441$ & $-0.00243375$ & $-0.169235$ & $-0.0483827$ & $0.874191$ & $0.855362$ & $-0.366149$ & $-0.969278$ & $-0.362958$ & $0.172598$ & $0.451738$ & $0.317814$ & $0.333146$ & $0.179544$ & $-0.0513987$ & $-0.0440591$ & $0.950545$ & $0.974464$ & $1$ & $0.0510426$ & $-0.351663$ & $-0.0149133$ & $-0.547503$ & $0.360815$ & $0.308817$ & $0.0177201$ & $0.0422092$ & $0.015672$ & $-0.0632147$ & $0.0351974$ & $0.439256$ & $-0.0242801$ & $-0.0129405$ & $0.0240716$ & $-0.0003036$ & $0.0179627$ & $0.0261294$ & $-0.00701432$ & $-0.0035625$ & $0.0022876$ & $-0.0114446$ & $0.0191347$ & $-0.0145255$ & $-0.0104744$ & $0.00321631$ & $-0.0183487$ \\
CHQ1_11 & $-0.00867046$ & $-0.00156773$ & $0.000163222$ & $0.0073581$ & $-0.0153536$ & $-0.0254506$ & $-0.00050083$ & $0.0830524$ & $0.0824562$ & $-0.0457652$ & $-0.0261162$ & $-0.0476532$ & $0.0535227$ & $-0.0788451$ & $-0.179767$ & $-0.159484$ & $-0.0734534$ & $0.00804679$ & $-0.00303681$ & $-9.41016e-05$ & $0.0551394$ & $0.0510426$ & $1$ & $-0.143161$ & $0.0903703$ & $-0.685251$ & $0.3678$ & $0.0145135$ & $-0.000643007$ & $0.0277081$ & $-0.00575334$ & $-0.000548381$ & $0.00781754$ & $0.219798$ & $0.00681462$ & $-0.00503458$ & $-0.00133817$ & $-0.0140104$ & $0.00457554$ & $0.0051442$ & $-0.00243419$ & $-0.00704469$ & $0.0162067$ & $-0.00928298$ & $0.0183613$ & $0.000601517$ & $-0.0108758$ & $-0.0213593$ & $0.000465342$ \\
CHQ1_33 & $-0.0517366$ & $0.0249664$ & $-0.0102348$ & $-0.00952725$ & $-0.012739$ & $0.00540535$ & $0.112007$ & $-0.673246$ & $-0.663994$ & $0.563698$ & $0.303526$ & $0.355026$ & $-0.380616$ & $0.477454$ & $0.105498$ & $0.114742$ & $0.675257$ & $0.62137$ & $0.610681$ & $-0.249961$ & $-0.359498$ & $-0.351663$ & $-0.143161$ & $1$ & $0.641079$ & $0.20532$ & $-0.407862$ & $-0.0138642$ & $-0.0299218$ & $-0.0985674$ & $-0.0511624$ & $0.103463$ & $-0.0936257$ & $-0.621808$ & $0.00543313$ & $0.0326023$ & $-0.00357007$ & $-0.0229489$ & $0.00107111$ & $-0.0282274$ & $0.00861005$ & $0.00831849$ & $-0.00678792$ & $-0.0157014$ & $-0.0270694$ & $-0.00297385$ & $0.0103654$ & $0.0253202$ & $-0.00622881$ \\
CHQ3_11 & $-0.0935426$ & $-0.000137265$ & $-0.0046244$ & $-0.00664487$ & $-0.0140397$ & $-0.0941116$ & $0.10969$ & $-0.395844$ & $-0.393252$ & $0.481075$ & $0.0128128$ & $0.231405$ & $-0.362862$ & $0.598321$ & $-0.142978$ & $-0.140058$ & $0.773542$ & $0.793777$ & $0.795055$ & $-0.00948124$ & $-0.016055$ & $-0.0149133$ & $0.0903703$ & $0.641079$ & $1$ & $0.00998165$ & $0.225389$ & $0.0016002$ & $-0.0371406$ & $-0.107099$ & $-0.0736725$ & $0.09367$ & $-0.0976302$ & $-0.184215$ & $-0.0109106$ & $0.0474587$ & $0.0103017$ & $-0.0122488$ & $0.0308561$ & $-0.0101753$ & $-0.0231544$ & $0.00666337$ & $-0.0138265$ & $-0.00067884$ & $-0.0138193$ & $-0.0212789$ & $0.00196553$ & $0.0253345$ & $-0.00217129$ \\
CHu_11 & $-0.0317558$ & $0.014678$ & $-0.0152929$ & $-0.0069613$ & $0.0209205$ & $0.107138$ & $0.0230406$ & $-0.505606$ & $-0.495358$ & $0.201975$ & $0.561183$ & $0.206815$ & $-0.11352$ & $-0.257728$ & $-0.180737$ & $-0.191877$ & $-0.105379$ & $0.0276948$ & $0.0383974$ & $-0.550057$ & $-0.563813$ & $-0.547503$ & $-0.685251$ & $0.20532$ & $0.00998165$ & $1$ & $-0.185658$ & $-0.169153$ & $-0.0129818$ & $-0.0435445$ & $-0.00855895$ & $0.0312539$ & $-0.023987$ & $-0.258689$ & $-0.00410574$ & $0.0160205$ & $0.00387106$ & $0.019868$ & $0.00168972$ & $-0.0127473$ & $-0.0120803$ & $0.00390046$ & $-0.0230214$ & $0.0189896$ & $-0.0212258$ & $0.0132847$ & $0.0075268$ & $0.0225137$ & $0.00544901$ \\
CHd_11 & $-0.0381036$ & $-0.0346209$ & $0.000191699$ & $0.0136406$ & $0.00816744$ & $-0.0974564$ & $-0.0347807$ & $0.417385$ & $0.407615$ & $-0.224198$ & $-0.28364$ & $-0.210619$ & $0.138639$ & $-0.106828$ & $-0.407532$ & $-0.407091$ & $-0.153284$ & $0.00258081$ & $0.014248$ & $0.205107$ & $0.367233$ & $0.360815$ & $0.3678$ & $-0.407862$ & $0.225389$ & $-0.185658$ & $1$ & $0.124577$ & $-0.0134867$ & $0.0337582$ & $-0.0136103$ & $-0.0339945$ & $0.0391799$ & $0.681942$ & $-0.0240232$ & $0.0333287$ & $0.0284757$ & $0.0157253$ & $0.0277503$ & $0.0133375$ & $-0.0353955$ & $0.00644164$ & $-0.00772991$ & $0.0106876$ & $0.0179789$ & $-0.0153821$ & $-0.0154951$ & $0.0238465$ & $0.00871134$ \\
CHd_33 & $-0.0111976$ & $-0.0171665$ & $0.0135836$ & $-0.010978$ & $-0.0090968$ & $-0.049557$ & $0.00902473$ & $0.28653$ & $0.281601$ & $-0.120876$ & $-0.314009$ & $-0.108289$ & $0.048812$ & $0.145768$ & $0.0917245$ & $0.0997227$ & $0.0531072$ & $-0.0148512$ & $-0.0208648$ & $0.306182$ & $0.317682$ & $0.308817$ & $0.0145135$ & $-0.0138642$ & $0.0016002$ & $-0.169153$ & $0.124577$ & $1$ & $0.00563847$ & $0.0149476$ & $0.0153791$ & $0.00766581$ & $0.0248412$ & $0.153737$ & $-0.00483582$ & $9.21236e-05$ & $0.000955113$ & $-0.00970998$ & $-0.00241623$ & $-0.00555959$ & $-0.0124366$ & $0.0233967$ & $0.0114895$ & $-0.00807773$ & $-0.00212465$ & $-0.00127717$ & $0.00362663$ & $0.0211936$ & $-0.0105582$ \\
CeH_22r & $-0.0149699$ & $-0.0142285$ & $-0.0119795$ & $-0.00643798$ & $-0.018699$ & $0.0190942$ & $0.0187772$ & $0.0278441$ & $0.0336783$ & $-0.0243666$ & $-0.0189823$ & $-0.0147984$ & $0.0340495$ & $-0.0106393$ & $0.00892107$ & $0.0108487$ & $-0.0189917$ & $-0.0234018$ & $-0.0251577$ & $0.0177353$ & $0.0186671$ & $0.0177201$ & $-0.000643007$ & $-0.0299218$ & $-0.0371406$ & $-0.0129818$ & $-0.0134867$ & $0.00563847$ & $1$ & $0.043256$ & $0.0263166$ & $0.0127665$ & $0.0433551$ & $0.0128993$ & $-0.0346638$ & $0.00410966$ & $-0.00386266$ & $0.0154636$ & $0.00343308$ & $-0.00478213$ & $0.0215771$ & $-0.00315455$ & $-0.0130531$ & $0.0228927$ & $-0.00479743$ & $0.00154647$ & $-0.0184438$ & $-0.0072764$ & $0.00465684$ \\
CeH_33r & $-0.00186039$ & $0.0175245$ & $0.0223113$ & $0.0271349$ & $0.0181295$ & $0.0019092$ & $-0.145663$ & $0.0934015$ & $0.110067$ & $-0.134244$ & $-0.0412919$ & $-0.0192385$ & $0.261199$ & $-0.0623468$ & $0.0216286$ & $0.0290273$ & $-0.112209$ & $-0.109318$ & $-0.115495$ & $0.0411665$ & $0.0438877$ & $0.0422092$ & $0.0277081$ & $-0.0985674$ & $-0.107099$ & $-0.0435445$ & $0.0337582$ & $0.0149476$ & $0.043256$ & $1$ & $0.300635$ & $-0.00281112$ & $0.651797$ & $0.0515033$ & $-0.050932$ & $-0.0355117$ & $-0.192605$ & $-0.0255742$ & $-0.0393175$ & $0.0186851$ & $0.0363425$ & $-0.0140548$ & $-0.0229552$ & $0.024698$ & $0.0873126$ & $-0.00146677$ & $-0.0259591$ & $-0.00613335$ & $0.00227563$ \\
CuH_22r & $0.0303657$ & $-0.042642$ & $-0.00711558$ & $-0.0156524$ & $-0.00510628$ & $0.0121093$ & $-0.0684823$ & $0.0439972$ & $0.0578115$ & $-0.0619043$ & $-0.0180115$ & $-0.0218436$ & $0.106213$ & $-0.0372755$ & $0.0362722$ & $0.0248005$ & $-0.0609865$ & $-0.0725506$ & $-0.0602615$ & $0.0199153$ & $0.0140593$ & $0.015672$ & $-0.00575334$ & $-0.0511624$ & $-0.0736725$ & $-0.00855895$ & $-0.0136103$ & $0.0153791$ & $0.0263166$ & $0.300635$ & $1$ & $0.0142102$ & $0.360622$ & $-0.00231509$ & $-0.0436775$ & $-0.0291774$ & $-0.0906521$ & $-0.0159814$ & $-0.0119358$ & $0.00132634$ & $-0.026459$ & $0.0183762$ & $0.00513047$ & $0.0248807$ & $-0.0204937$ & $0.0897$ & $0.374135$ & $-0.00776167$ & $0.0398714$ \\
CuH_33r & $0.0252255$ & $0.0255837$ & $-0.00049995$ & $-0.00570369$ & $0.020026$ & $0.00228273$ & $0.940014$ & $-0.10585$ & $-0.0531443$ & $0.107784$ & $0.0620427$ & $0.204582$ & $-0.236834$ & $0.0422776$ & $-0.03455$ & $-0.0270735$ & $0.0931421$ & $0.10201$ & $0.0964608$ & $-0.0618219$ & $-0.063731$ & $-0.0632147$ & $-0.000548381$ & $0.103463$ & $0.09367$ & $0.0312539$ & $-0.0339945$ & $0.00766581$ & $0.0127665$ & $-0.00281112$ & $0.0142102$ & $1$ & $0.00828487$ & $-0.0497703$ & $0.0800568$ & $0.000190102$ & $-0.0139837$ & $0.022865$ & $-0.0126782$ & $-0.0106747$ & $-0.0139056$ & $0.0104377$ & $0.0241964$ & $-0.0236852$ & $-0.0515025$ & $-0.000345971$ & $-0.00505491$ & $0.0276628$ & $-0.0329605$ \\
CdH_33r & $-0.0177564$ & $0.0289393$ & $-0.0208864$ & $0.00570134$ & $0.0107522$ & $0.00247122$ & $-0.161165$ & $0.0865932$ & $0.106717$ & $-0.12768$ & $-0.0351341$ & $-0.0232687$ & $0.309139$ & $-0.0617677$ & $0.0102471$ & $0.0254736$ & $-0.111514$ & $-0.101506$ & $-0.112071$ & $0.0356368$ & $0.0382636$ & $0.0351974$ & $0.00781754$ & $-0.0936257$ & $-0.0976302$ & $-0.023987$ & $0.0391799$ & $0.0248412$ & $0.0433551$ & $0.651797$ & $0.360622$ & $0.00828487$ & $1$ & $0.0549289$ & $-0.0304894$ & $-0.05178$ & $-0.175193$ & $-0.00426779$ & $-0.0455902$ & $0.0185483$ & $0.00227451$ & $-0.0137372$ & $-0.0165342$ & $0.0849592$ & $0.0666801$ & $-0.0282199$ & $0.00602242$ & $0.148377$ & $0.460964$ \\
CLL_1221 & $-0.0256994$ & $-0.00605243$ & $-0.00782407$ & $0.0134994$ & $0.0133727$ & $-0.133467$ & $-0.0490731$ & $0.557856$ & $0.54677$ & $-0.355878$ & $-0.357782$ & $-0.293036$ & $0.214823$ & $-0.225826$ & $-0.606478$ & $-0.113616$ & $-0.246882$ & $0.0393523$ & $-0.333426$ & $0.275346$ & $0.445701$ & $0.439256$ & $0.219798$ & $-0.621808$ & $-0.184215$ & $-0.258689$ & $0.681942$ & $0.153737$ & $0.0128993$ & $0.0515033$ & $-0.00231509$ & $-0.0497703$ & $0.0549289$ & $1$ & $-0.0199584$ & $0.0204456$ & $0.016664$ & $0.0298792$ & $0.000350882$ & $0.0213859$ & $-0.0331727$ & $-0.0151067$ & $-0.00353842$ & $0.0207681$ & $0.0204849$ & $-0.0151193$ & $-0.0195401$ & $-0.00776309$ & $0.00769294$ \\
eHggint & $0.0661542$ & $-0.0472904$ & $-0.0575679$ & $-0.0413346$ & $-0.000670407$ & $-0.0169971$ & $-0.00404867$ & $-0.0171333$ & $-0.0255012$ & $0.0640662$ & $0.0158782$ & $0.0669545$ & $0.026648$ & $-0.0110126$ & $0.00585289$ & $-0.0017268$ & $0.00253345$ & $-0.0021312$ & $-0.000104821$ & $-0.0149411$ & $-0.0205219$ & $-0.0242801$ & $0.00681462$ & $0.00543313$ & $-0.0109106$ & $-0.00410574$ & $-0.0240232$ & $-0.00483582$ & $-0.0346638$ & $-0.050932$ & $-0.0436775$ & $0.0800568$ & $-0.0304894$ & $-0.0199584$ & $1$ & $-0.00146545$ & $-0.0381312$ & $0.0208307$ & $-0.0520013$ & $0.0415116$ & $-0.00378701$ & $0.0301049$ & $0.114252$ & $0.0407633$ & $-0.0575581$ & $0.0151018$ & $-0.0424172$ & $-0.120856$ & $0.0690903$ \\
eHggpar & $-0.115385$ & $0.0242968$ & $-0.134874$ & $-0.0956536$ & $-0.0166815$ & $-0.00670376$ & $-0.0438963$ & $-0.0222928$ & $-0.0316727$ & $0.069616$ & $0.0177981$ & $0.0341875$ & $0.0420042$ & $-0.00103329$ & $-0.041058$ & $-0.0267008$ & $0.0148358$ & $0.0356708$ & $0.0249798$ & $-0.0191574$ & $-0.0140158$ & $-0.0129405$ & $-0.00503458$ & $0.0326023$ & $0.0474587$ & $0.0160205$ & $0.0333287$ & $9.21236e-05$ & $0.00410966$ & $-0.0355117$ & $-0.0291774$ & $0.000190102$ & $-0.05178$ & $0.0204456$ & $-0.00146545$ & $1$ & $0.0370684$ & $-0.00135532$ & $0.060447$ & $-0.0246264$ & $-0.0809151$ & $-0.0154958$ & $0.0154978$ & $0.03627$ & $-0.132111$ & $-0.0625307$ & $-0.0108375$ & $-0.00980235$ & $-0.063706$ \\
eHWWint & $-0.0476794$ & $-0.0243382$ & $0.000631186$ & $-0.0614595$ & $-0.013445$ & $-0.00549134$ & $0.0338408$ & $0.0254244$ & $0.0146331$ & $0.00538177$ & $-0.0241454$ & $-0.00761339$ & $0.000638932$ & $0.0159237$ & $0.000203461$ & $0.0126912$ & $-0.00664804$ & $0.000590859$ & $-0.0124948$ & $0.0232775$ & $0.0247415$ & $0.0240716$ & $-0.00133817$ & $-0.00357007$ & $0.0103017$ & $0.00387106$ & $0.0284757$ & $0.000955113$ & $-0.00386266$ & $-0.192605$ & $-0.0906521$ & $-0.0139837$ & $-0.175193$ & $0.016664$ & $-0.0381312$ & $0.0370684$ & $1$ & $0.000673217$ & $0.0228931$ & $-0.000666108$ & $-0.0811044$ & $-0.0140725$ & $-0.0278891$ & $-0.0126037$ & $0.0431142$ & $0.0444056$ & $0.0404313$ & $0.0776217$ & $0.0540483$ \\
eHWWpar & $0.0142295$ & $-0.0197651$ & $0.0101193$ & $-0.0108306$ & $0.00276647$ & $0.00390624$ & $0.0204312$ & $0.00978966$ & $0.00331575$ & $-0.0200978$ & $0.000594299$ & $-0.00457161$ & $0.00167873$ & $-0.0105971$ & $-0.0289064$ & $-0.00298429$ & $-0.0203499$ & $0.00306953$ & $-0.0177592$ & $-0.00216273$ & $0.00208693$ & $-0.0003036$ & $-0.0140104$ & $-0.0229489$ & $-0.0122488$ & $0.019868$ & $0.0157253$ & $-0.00970998$ & $0.0154636$ & $-0.0255742$ & $-0.0159814$ & $0.022865$ & $-0.00426779$ & $0.0298792$ & $0.0208307$ & $-0.00135532$ & $0.000673217$ & $1$ & $0.0249164$ & $0.00112215$ & $0.0132512$ & $0.00780481$ & $-0.0301883$ & $0.0216752$ & $0.00551959$ & $-0.00791565$ & $0.00436711$ & $-0.00119191$ & $0.0200022$ \\
eHZZint & $-0.0832331$ & $-0.0393167$ & $-0.161209$ & $-0.0426315$ & $-0.00907846$ & $-0.00392307$ & $-0.0177494$ & $0.0121028$ & $0.00447895$ & $0.00712697$ & $-0.0179925$ & $-0.00985194$ & $0.00212678$ & $0.00874822$ & $0.0110821$ & $-0.0184231$ & $0.0198479$ & $-2.89932e-05$ & $0.0269816$ & $0.0143445$ & $0.0177356$ & $0.0179627$ & $0.00457554$ & $0.00107111$ & $0.0308561$ & $0.00168972$ & $0.0277503$ & $-0.00241623$ & $0.00343308$ & $-0.0393175$ & $-0.0119358$ & $-0.0126782$ & $-0.0455902$ & $0.000350882$ & $-0.0520013$ & $0.060447$ & $0.0228931$ & $0.0249164$ & $1$ & $-0.0176319$ & $0.0746147$ & $0.0176164$ & $-0.0243703$ & $-0.0939939$ & $-0.0298038$ & $-0.0841097$ & $0.055425$ & $0.0479638$ & $-0.0465787$ \\
eHZZpar & $0.000357203$ & $0.00621684$ & $0.0171715$ & $0.0100511$ & $0.00340728$ & $0.00672697$ & $-0.0134265$ & $0.0281352$ & $0.0305367$ & $-0.0080978$ & $-0.0246204$ & $0.00411739$ & $0.0183894$ & $-0.00265239$ & $0.00159876$ & $0.0180885$ & $-0.00943544$ & $-0.00892658$ & $-0.0220308$ & $0.0237431$ & $0.0242261$ & $0.0261294$ & $0.0051442$ & $-0.0282274$ & $-0.0101753$ & $-0.0127473$ & $0.0133375$ & $-0.00555959$ & $-0.00478213$ & $0.0186851$ & $0.00132634$ & $-0.0106747$ & $0.0185483$ & $0.0213859$ & $0.0415116$ & $-0.0246264$ & $-0.000666108$ & $0.00112215$ & $-0.0176319$ & $1$ & $0.0412538$ & $-0.0123658$ & $0.0172467$ & $0.0102409$ & $0.0296352$ & $0.0226365$ & $-0.021133$ & $-0.01614$ & $0.00929509$ \\
eHZgaint & $0.127293$ & $0.0794725$ & $0.0731769$ & $-0.0276888$ & $0.0204219$ & $-0.000328132$ & $-0.0164681$ & $-0.00572425$ & $-0.00650551$ & $-0.0305041$ & $-0.00348166$ & $-0.00503555$ & $-0.0129829$ & $0.0187983$ & $0.0375737$ & $0.00435746$ & $0.0102791$ & $-0.0111644$ & $0.00863082$ & $0.00646278$ & $0.00109825$ & $-0.00701432$ & $-0.00243419$ & $0.00861005$ & $-0.0231544$ & $-0.0120803$ & $-0.0353955$ & $-0.0124366$ & $0.0215771$ & $0.0363425$ & $-0.026459$ & $-0.0139056$ & $0.00227451$ & $-0.0331727$ & $-0.00378701$ & $-0.0809151$ & $-0.0811044$ & $0.0132512$ & $0.0746147$ & $0.0412538$ & $1$ & $0.0116619$ & $0.0108233$ & $0.0642774$ & $0.156552$ & $0.123127$ & $-0.106568$ & $0.0163593$ & $-0.0597083$ \\
eHZgapar & $0.0335994$ & $-0.0331494$ & $-0.0289534$ & $0.00839825$ & $-0.00253575$ & $-0.00313281$ & $0.010448$ & $-0.00354007$ & $-0.00605675$ & $-0.0066367$ & $0.00208899$ & $-0.00282785$ & $-0.0117324$ & $0.00326044$ & $0.00836132$ & $-0.0209551$ & $-0.00127027$ & $-0.00400265$ & $0.0170759$ & $-0.00160511$ & $-0.0022965$ & $-0.0035625$ & $-0.00704469$ & $0.00831849$ & $0.00666337$ & $0.00390046$ & $0.00644164$ & $0.0233967$ & $-0.00315455$ & $-0.0140548$ & $0.0183762$ & $0.0104377$ & $-0.0137372$ & $-0.0151067$ & $0.0301049$ & $-0.0154958$ & $-0.0140725$ & $0.00780481$ & $0.0176164$ & $-0.0123658$ & $0.0116619$ & $1$ & $-0.0388977$ & $0.0182215$ & $0.0131954$ & $0.0410132$ & $0.0395195$ & $0.008556$ & $0.00744679$ \\
eHgagaint & $-0.0263669$ & $-0.039338$ & $0.139083$ & $-0.0354973$ & $0.00521307$ & $0.0186751$ & $0.0101152$ & $0.00742573$ & $0.0751788$ & $0.00331529$ & $0.00123015$ & $0.00594888$ & $-0.00227306$ & $-0.0120024$ & $0.0105418$ & $0.00727898$ & $-0.0131087$ & $-0.0187993$ & $-0.015773$ & $-0.00107357$ & $-0.00093168$ & $0.0022876$ & $0.0162067$ & $-0.00678792$ & $-0.0138265$ & $-0.0230214$ & $-0.00772991$ & $0.0114895$ & $-0.0130531$ & $-0.0229552$ & $0.00513047$ & $0.0241964$ & $-0.0165342$ & $-0.00353842$ & $0.114252$ & $0.0154978$ & $-0.0278891$ & $-0.0301883$ & $-0.0243703$ & $0.0172467$ & $0.0108233$ & $-0.0388977$ & $1$ & $-0.0373772$ & $0.0290689$ & $0.0277417$ & $0.00785619$ & $0.0147603$ & $-0.0275179$ \\
eHmumuint & $-0.0661955$ & $-0.157762$ & $-0.0225013$ & $-0.113416$ & $-0.00822966$ & $0.00445942$ & $-0.0240212$ & $0.00462611$ & $0.00161053$ & $0.00916779$ & $0.00590155$ & $0.0130473$ & $0.00923536$ & $-0.00320591$ & $-0.0390614$ & $-0.00658954$ & $-0.0269112$ & $0.0118525$ & $-0.0140195$ & $-0.0117185$ & $-0.00771403$ & $-0.0114446$ & $-0.00928298$ & $-0.0157014$ & $-0.00067884$ & $0.0189896$ & $0.0106876$ & $-0.00807773$ & $0.0228927$ & $0.024698$ & $0.0248807$ & $-0.0236852$ & $0.0849592$ & $0.0207681$ & $0.0407633$ & $0.03627$ & $-0.0126037$ & $0.0216752$ & $-0.0939939$ & $0.0102409$ & $0.0642774$ & $0.0182215$ & $-0.0373772$ & $1$ & $0.0615481$ & $0.0265829$ & $0.0283627$ & $0.0258402$ & $0.160499$ \\
eHtautauint & $0.0885245$ & $0.0867996$ & $0.213656$ & $-0.0319555$ & $-0.00849345$ & $0.0208229$ & $-0.0456306$ & $0.0238726$ & $0.0246708$ & $-0.0199655$ & $-0.0217369$ & $-0.0210529$ & $0.0181246$ & $0.0223421$ & $-0.00772847$ & $0.00431273$ & $-0.0205463$ & $0.00165761$ & $-0.00987527$ & $0.025172$ & $0.025555$ & $0.0191347$ & $0.0183613$ & $-0.0270694$ & $-0.0138193$ & $-0.0212258$ & $0.0179789$ & $-0.00212465$ & $-0.00479743$ & $0.0873126$ & $-0.0204937$ & $-0.0515025$ & $0.0666801$ & $0.0204849$ & $-0.0575581$ & $-0.132111$ & $0.0431142$ & $0.00551959$ & $-0.0298038$ & $0.0296352$ & $0.156552$ & $0.0131954$ & $0.0290689$ & $0.0615481$ & $1$ & $0.256844$ & $-0.135744$ & $0.0220626$ & $0.110926$ \\
eHccint & $0.134759$ & $0.0262851$ & $0.0766187$ & $-0.0981921$ & $-0.0112014$ & $-0.00509189$ & $0.0024378$ & $-0.0142792$ & $-0.0108731$ & $0.0184527$ & $0.0138314$ & $0.0185944$ & $-0.0128308$ & $-0.00511081$ & $0.00341528$ & $-0.00393781$ & $-0.00626906$ & $-0.00400157$ & $-0.00109097$ & $-0.0131462$ & $-0.0157754$ & $-0.0145255$ & $0.000601517$ & $-0.00297385$ & $-0.0212789$ & $0.0132847$ & $-0.0153821$ & $-0.00127717$ & $0.00154647$ & $-0.00146677$ & $0.0897$ & $-0.000345971$ & $-0.0282199$ & $-0.0151193$ & $0.0151018$ & $-0.0625307$ & $0.0444056$ & $-0.00791565$ & $-0.0841097$ & $0.0226365$ & $0.123127$ & $0.0410132$ & $0.0277417$ & $0.0265829$ & $0.256844$ & $1$ & $0.0422751$ & $-0.0475933$ & $0.00674363$ \\
eHccpar & $0.0296162$ & $-0.114098$ & $-0.0952641$ & $-0.0306305$ & $-0.0360824$ & $0.00805356$ & $0.00380896$ & $-0.0135161$ & $-0.0128531$ & $0.00592075$ & $0.00914149$ & $0.00525931$ & $-0.00251173$ & $-0.0061578$ & $0.00481813$ & $-0.0160097$ & $0.0138512$ & $0.00370394$ & $0.0233342$ & $-0.0113513$ & $-0.0120151$ & $-0.0104744$ & $-0.0108758$ & $0.0103654$ & $0.00196553$ & $0.0075268$ & $-0.0154951$ & $0.00362663$ & $-0.0184438$ & $-0.0259591$ & $0.374135$ & $-0.00505491$ & $0.00602242$ & $-0.0195401$ & $-0.0424172$ & $-0.0108375$ & $0.0404313$ & $0.00436711$ & $0.055425$ & $-0.021133$ & $-0.106568$ & $0.0395195$ & $0.00785619$ & $0.0283627$ & $-0.135744$ & $0.0422751$ & $1$ & $-0.0238813$ & $0.0652544$ \\
eHbbint & $-0.0433797$ & $-0.0974791$ & $-0.133124$ & $-0.0785975$ & $0.00533506$ & $0.00695479$ & $0.0338465$ & $0.00444289$ & $0.00854877$ & $-0.00866167$ & $-0.0102618$ & $-0.00766967$ & $-0.0214295$ & $0.021382$ & $0.00287628$ & $-0.0218176$ & $0.00943$ & $0.00757951$ & $0.0252701$ & $0.00445043$ & $0.00679594$ & $0.00321631$ & $-0.0213593$ & $0.0253202$ & $0.0253345$ & $0.0225137$ & $0.0238465$ & $0.0211936$ & $-0.0072764$ & $-0.00613335$ & $-0.00776167$ & $0.0276628$ & $0.148377$ & $-0.00776309$ & $-0.120856$ & $-0.00980235$ & $0.0776217$ & $-0.00119191$ & $0.0479638$ & $-0.01614$ & $0.0163593$ & $0.008556$ & $0.0147603$ & $0.0258402$ & $0.0220626$ & $-0.0475933$ & $-0.0238813$ & $1$ & $0.0280422$ \\
eHbbpar & $0.0127018$ & $0.0714272$ & $-0.040121$ & $-0.00247586$ & $-0.00584782$ & $0.0146043$ & $-0.0378454$ & $-0.0108961$ & $-0.0158349$ & $0.00876527$ & $0.0162444$ & $0.00904848$ & $0.0145253$ & $-0.0101872$ & $-0.0197738$ & $-0.0062437$ & $-0.0171396$ & $0.000188496$ & $-0.0108852$ & $-0.016193$ & $-0.01457$ & $-0.0183487$ & $0.000465342$ & $-0.00622881$ & $-0.00217129$ & $0.00544901$ & $0.00871134$ & $-0.0105582$ & $0.00465684$ & $0.00227563$ & $0.0398714$ & $-0.0329605$ & $0.460964$ & $0.00769294$ & $0.0690903$ & $-0.063706$ & $0.0540483$ & $0.0200022$ & $-0.0465787$ & $0.00929509$ & $-0.0597083$ & $0.00744679$ & $-0.0275179$ & $0.160499$ & $0.110926$ & $0.00674363$ & $0.0652544$ & $0.0280422$ & $1$ \\
