 & AlsMz & dAle5Mz & mtop & mHl & Mz & CW & CHG & CHWB & CHWHB_gaga & CHWHB_gagaorth & CHD & CHbox & CH & CHL1_11 & CHL1_22 & CHL1_33 & CHL3_11 & CHL3_22 & CHL3_33 & CHe_11 & CHe_22 & CHe_33 & CHQ1_11 & CHQ1_33 & CHQ3_11 & CHu_11 & CHd_11 & CHd_33 & CeH_22r & CeH_33r & CuH_22r & CuH_33r & CdH_33r & CLL_1221 & eHggint & eHggpar & eHWWint & eHWWpar & eHZZint & eHZZpar & eHZgaint & eHZgapar & eHgagaint & eHmumuint & eHtautauint & eHccint & eHccpar & eHbbint & eHbbpar \\
AlsMz & $1$ & $0.0335478$ & $-0.340543$ & $0.00780408$ & $0.0180511$ & $-0.0528913$ & $0.0225752$ & $0.0151818$ & $0.0104396$ & $0.0137228$ & $-0.0152729$ & $0.0271112$ & $0.00107268$ & $-0.0189596$ & $0.0145754$ & $0.00365128$ & $-0.0162215$ & $-0.0250443$ & $-0.0138681$ & $0.0114666$ & $0.00811053$ & $0.0135503$ & $0.0119254$ & $-0.0620759$ & $-0.101025$ & $-0.0417428$ & $-0.0205663$ & $0.0169657$ & $0.0347525$ & $0.0149124$ & $-0.00119866$ & $0.0392237$ & $0.0203748$ & $-0.00157107$ & $0.225046$ & $-0.189395$ & $-0.272309$ & $-0.0374839$ & $0.0663442$ & $0.0626973$ & $0.119107$ & $0.0246503$ & $-0.116903$ & $0.15893$ & $-0.114177$ & $0.192991$ & $-0.176414$ & $-0.168097$ & $0.111106$ \\
dAle5Mz & $0.0335478$ & $1$ & $-0.388609$ & $-0.356509$ & $-0.0163523$ & $0.0297982$ & $0.00419682$ & $-0.105774$ & $-0.110787$ & $0.042492$ & $0.0885229$ & $0.0543546$ & $-0.0073971$ & $-0.0158954$ & $-0.0274827$ & $-0.00109059$ & $-0.00155352$ & $0.0238033$ & $0.00645047$ & $-0.0703343$ & $-0.0747964$ & $-0.0752111$ & $-0.0379978$ & $0.0451117$ & $0.00235617$ & $0.072053$ & $-0.052922$ & $0.0179321$ & $-0.0266665$ & $0.0278073$ & $0.0470814$ & $0.0230716$ & $0.0583221$ & $-0.0205618$ & $0.109821$ & $-0.172522$ & $-0.132125$ & $-0.0413875$ & $0.0759307$ & $0.00638007$ & $0.0829522$ & $0.00728371$ & $-0.151916$ & $0.319275$ & $-0.217481$ & $0.246846$ & $0.0837388$ & $0.0996892$ & $0.00147811$ \\
mtop & $-0.340543$ & $-0.388609$ & $1$ & $0.339134$ & $0.032644$ & $-0.00930347$ & $-0.0341251$ & $0.00980785$ & $0.00464065$ & $-0.0165249$ & $-0.00151295$ & $0.00657856$ & $0.0265651$ & $0.00543388$ & $0.0529442$ & $0.0184123$ & $0.00487538$ & $-0.0282997$ & $-0.00227135$ & $0.0048447$ & $-0.00352076$ & $-0.0016301$ & $-0.0280013$ & $0.0266438$ & $0.0070331$ & $0.0224041$ & $-0.0399867$ & $-0.0343163$ & $0.00994443$ & $-0.0129056$ & $-0.0144656$ & $-0.0489422$ & $-0.0915805$ & $-0.0536002$ & $-0.122326$ & $0.218493$ & $0.189825$ & $0.0819149$ & $-0.116529$ & $-0.0379673$ & $-0.0910332$ & $-0.0377715$ & $-0.0941285$ & $-0.150956$ & $0.0693333$ & $-0.250392$ & $0.0610271$ & $0.0798326$ & $-0.335051$ \\
mHl & $0.00780408$ & $-0.356509$ & $0.339134$ & $1$ & $0.0680037$ & $-0.0385962$ & $-0.0457708$ & $0.0753082$ & $0.090679$ & $-0.0507738$ & $-0.066537$ & $0.0105462$ & $0.0571965$ & $0.0203526$ & $0.0842714$ & $0.0433778$ & $-0.0161806$ & $-0.0594808$ & $-0.0274483$ & $0.0687834$ & $0.0573365$ & $0.0567784$ & $-0.0380806$ & $-0.0285966$ & $-0.043777$ & $-0.0194762$ & $-0.0279488$ & $0.00620233$ & $-0.00685004$ & $0.0296143$ & $0.0672402$ & $-0.0429923$ & $0.0157364$ & $-0.0338905$ & $-0.0352508$ & $0.158673$ & $0.086934$ & $-0.0104094$ & $-0.0527365$ & $-0.02177$ & $0.0444732$ & $0.0115296$ & $0.296277$ & $-0.0884446$ & $0.120694$ & $0.0284022$ & $0.0968037$ & $-0.0565624$ & $-0.074033$ \\
Mz & $0.0180511$ & $-0.0163523$ & $0.032644$ & $0.0680037$ & $1$ & $0.0223859$ & $0.00414831$ & $-0.006339$ & $-0.00825142$ & $0.0158653$ & $0.0110001$ & $-0.00227158$ & $-0.0151335$ & $0.00921793$ & $-0.0125118$ & $0.0274799$ & $0.00458855$ & $0.0153207$ & $-0.00902181$ & $-0.00292521$ & $-0.00219693$ & $0.00193092$ & $0.0192632$ & $-7.1519e-05$ & $0.0196422$ & $0.000271527$ & $0.0159316$ & $-0.0209751$ & $0.0107025$ & $-0.0110347$ & $-0.0110748$ & $0.0054909$ & $-0.00123224$ & $0.00250163$ & $0.00607184$ & $-0.0121805$ & $0.0111255$ & $-0.0109365$ & $-0.0281399$ & $-0.00674513$ & $-0.0167842$ & $0.0150619$ & $-0.016642$ & $0.00114929$ & $-0.019603$ & $-0.00415815$ & $0.0231137$ & $0.00885543$ & $0.00410103$ \\
CW & $-0.0528913$ & $0.0297982$ & $-0.00930347$ & $-0.0385962$ & $0.0223859$ & $1$ & $-0.00908322$ & $-0.107894$ & $-0.106635$ & $-0.00148625$ & $0.1705$ & $0.034918$ & $0.00358041$ & $0.0181536$ & $-0.0794227$ & $-0.0747165$ & $-0.265899$ & $-0.0576931$ & $-0.0600943$ & $-0.167574$ & $-0.172493$ & $-0.159513$ & $0.0310721$ & $-0.00860547$ & $-0.0807848$ & $0.0729706$ & $-0.0500838$ & $-0.0307856$ & $0.00609068$ & $-0.0129539$ & $0.0050785$ & $-0.00200539$ & $0.0105064$ & $-0.10755$ & $-0.0256032$ & $0.000215922$ & $-0.0165753$ & $-0.00562864$ & $-0.0266857$ & $0.0052706$ & $0.00495153$ & $0.035322$ & $-0.0236975$ & $0.0102538$ & $0.0170001$ & $0.0642588$ & $-0.00646584$ & $0.0364339$ & $0.0152136$ \\
CHG & $0.0225752$ & $0.00419682$ & $-0.0341251$ & $-0.0457708$ & $0.00414831$ & $-0.00908322$ & $1$ & $-0.102904$ & $-0.048146$ & $0.0522814$ & $0.0724227$ & $-0.141682$ & $-0.2954$ & $0.0165421$ & $-0.0207398$ & $-0.0322949$ & $0.0598714$ & $0.0657457$ & $0.0730929$ & $-0.0694812$ & $-0.0764984$ & $-0.0775992$ & $-0.0352567$ & $0.0874288$ & $0.0671085$ & $0.0687907$ & $-0.0418527$ & $-0.0300402$ & $-0.0133618$ & $-0.117198$ & $-0.0506659$ & $0.936467$ & $-0.147129$ & $-0.0638737$ & $-0.054938$ & $-0.0149391$ & $0.0131651$ & $-0.00227595$ & $-0.055326$ & $-0.024071$ & $0.0405556$ & $-0.00202325$ & $0.00607066$ & $0.00273284$ & $0.0721348$ & $-0.0431406$ & $0.0327773$ & $0.0083326$ & $0.0214322$ \\
CHWB & $0.0151818$ & $-0.105774$ & $0.00980785$ & $0.0753082$ & $-0.006339$ & $-0.107894$ & $-0.102904$ & $1$ & $0.984426$ & $-0.562882$ & $-0.872587$ & $-0.128332$ & $0.30806$ & $0.118168$ & $0.336869$ & $0.297888$ & $-0.218738$ & $-0.434795$ & $-0.40483$ & $0.844113$ & $0.889438$ & $0.873507$ & $0.0733666$ & $-0.642871$ & $-0.391999$ & $-0.508417$ & $0.413592$ & $0.279717$ & $0.0147891$ & $0.0939146$ & $0.0486323$ & $-0.109195$ & $0.0976915$ & $0.522025$ & $-0.0578716$ & $-0.0528572$ & $0.0921618$ & $0.0111493$ & $0.0290411$ & $0.0289747$ & $0.0514405$ & $-0.0174007$ & $-0.0215519$ & $0.000369652$ & $0.0819585$ & $-0.107343$ & $-0.00382624$ & $-0.0309324$ & $0.0355862$ \\
CHWHB_gaga & $0.0104396$ & $-0.110787$ & $0.00464065$ & $0.090679$ & $-0.00825142$ & $-0.106635$ & $-0.048146$ & $0.984426$ & $1$ & $-0.553942$ & $-0.85636$ & $-0.108727$ & $0.303695$ & $0.110833$ & $0.334893$ & $0.294021$ & $-0.221345$ & $-0.43488$ & $-0.403928$ & $0.82895$ & $0.872373$ & $0.856053$ & $0.0677972$ & $-0.637111$ & $-0.392909$ & $-0.496192$ & $0.401315$ & $0.270997$ & $0.0197553$ & $0.118285$ & $0.0591959$ & $-0.0632214$ & $0.125423$ & $0.510287$ & $-0.0789418$ & $-0.0563238$ & $0.0802895$ & $0.0106411$ & $0.030335$ & $0.0296269$ & $0.0565914$ & $-0.015297$ & $0.0202247$ & $0.000931972$ & $0.0804114$ & $-0.108882$ & $0.000714013$ & $-0.0317632$ & $0.0420739$ \\
CHWHB_gagaorth & $0.0137228$ & $0.042492$ & $-0.0165249$ & $-0.0507738$ & $0.0158653$ & $-0.00148625$ & $0.0522814$ & $-0.562882$ & $-0.553942$ & $1$ & $0.340904$ & $0.47214$ & $-0.227967$ & $0.217332$ & $-0.137533$ & $-0.123006$ & $0.422761$ & $0.484909$ & $0.472124$ & $-0.327779$ & $-0.356218$ & $-0.354004$ & $-0.0586826$ & $0.5394$ & $0.457657$ & $0.198423$ & $-0.252041$ & $-0.119778$ & $0.0133134$ & $-0.120707$ & $-0.088919$ & $0.0697317$ & $-0.148432$ & $-0.329243$ & $0.0662846$ & $-0.00395631$ & $-0.0669445$ & $0.00419065$ & $-0.0150956$ & $-0.0362002$ & $-0.0607783$ & $0.0286461$ & $-0.0238279$ & $-0.0104861$ & $-0.0585779$ & $0.0831783$ & $-0.00286393$ & $0.0147188$ & $-0.00667654$ \\
CHD & $-0.0152729$ & $0.0885229$ & $-0.00151295$ & $-0.066537$ & $0.0110001$ & $0.1705$ & $0.0724227$ & $-0.872587$ & $-0.85636$ & $0.340904$ & $1$ & $0.221821$ & $-0.143867$ & $-0.54157$ & $-0.459742$ & $-0.41392$ & $-0.25082$ & $0.0538572$ & $0.0199687$ & $-0.99053$ & $-0.991209$ & $-0.969432$ & $-0.0209409$ & $0.258962$ & $-0.0100619$ & $0.572699$ & $-0.274488$ & $-0.316603$ & $-0.0169198$ & $-0.0723308$ & $-0.0200835$ & $0.0865681$ & $-0.0497674$ & $-0.315353$ & $0.049922$ & $0.0861797$ & $-0.072553$ & $-0.00385695$ & $-0.0332036$ & $-0.0309588$ & $-0.0321699$ & $0.00562443$ & $0.0347755$ & $0.0105879$ & $-0.0526007$ & $0.0808693$ & $0.0155952$ & $0.0218587$ & $-0.0067418$ \\
CHbox & $0.0271112$ & $0.0543546$ & $0.00657856$ & $0.0105462$ & $-0.00227158$ & $0.034918$ & $-0.141682$ & $-0.128332$ & $-0.108727$ & $0.47214$ & $0.221821$ & $1$ & $0.441331$ & $-0.245164$ & $-0.00482961$ & $-0.0151237$ & $-0.201236$ & $-0.171128$ & $-0.161128$ & $-0.201602$ & $-0.2278$ & $-0.216877$ & $-0.0518091$ & $-0.0383805$ & $-0.183275$ & $0.145846$ & $-0.135283$ & $-0.0713679$ & $0.0405596$ & $0.273767$ & $0.0776733$ & $-0.0522479$ & $0.353452$ & $-0.106929$ & $0.121923$ & $0.0329828$ & $-0.0140598$ & $0.014437$ & $-0.026776$ & $-0.0314988$ & $-0.0167168$ & $0.0119092$ & $-0.00655901$ & $0.00947059$ & $-0.0339277$ & $0.0939466$ & $0.0540874$ & $0.000282308$ & $0.0483278$ \\
CH & $0.00107268$ & $-0.0073971$ & $0.0265651$ & $0.0571965$ & $-0.0151335$ & $0.00358041$ & $-0.2954$ & $0.30806$ & $0.303695$ & $-0.227967$ & $-0.143867$ & $0.441331$ & $1$ & $-0.208397$ & $0.100564$ & $0.079707$ & $-0.322258$ & $-0.360116$ & $-0.34203$ & $0.144461$ & $0.149896$ & $0.154291$ & $-0.00473313$ & $-0.340287$ & $-0.354679$ & $-0.0719245$ & $0.0842593$ & $0.0415813$ & $0.0389205$ & $0.253245$ & $0.119432$ & $-0.25433$ & $0.333537$ & $0.155092$ & $0.0326988$ & $0.0205005$ & $0.0403484$ & $0.0221223$ & $0.00808309$ & $0.00635476$ & $0.0123183$ & $-0.0166281$ & $0.0234628$ & $0.0013028$ & $0.00696939$ & $-0.00218047$ & $0.0404392$ & $-0.0258271$ & $0.0529985$ \\
CHL1_11 & $-0.0189596$ & $-0.0158954$ & $0.00543388$ & $0.0203526$ & $0.00921793$ & $0.0181536$ & $0.0165421$ & $0.118168$ & $0.110833$ & $0.217332$ & $-0.54157$ & $-0.245164$ & $-0.208397$ & $1$ & $0.288782$ & $0.266049$ & $0.671296$ & $0.594655$ & $0.609566$ & $0.558615$ & $0.50487$ & $0.488314$ & $-0.0702659$ & $0.487558$ & $0.614434$ & $-0.295861$ & $-0.0962964$ & $0.176957$ & $0.00506799$ & $-0.0124287$ & $-0.0413173$ & $-0.000322529$ & $-0.0574851$ & $-0.222128$ & $-0.014508$ & $-0.0756996$ & $0.00974599$ & $0.00310399$ & $0.0240293$ & $0.0153684$ & $-0.0156813$ & $0.0153268$ & $-0.0270496$ & $-0.0272307$ & $-0.0325859$ & $0.00106686$ & $-0.0144607$ & $0.00487177$ & $-0.0357892$ \\
CHL1_22 & $0.0145754$ & $-0.0274827$ & $0.0529442$ & $0.0842714$ & $-0.0125118$ & $-0.0794227$ & $-0.0207398$ & $0.336869$ & $0.334893$ & $-0.137533$ & $-0.459742$ & $-0.00482961$ & $0.100564$ & $0.288782$ & $1$ & $0.446635$ & $0.177454$ & $-0.442996$ & $-0.0194508$ & $0.520814$ & $0.378242$ & $0.369887$ & $-0.161393$ & $0.107291$ & $-0.109651$ & $-0.204046$ & $-0.365382$ & $0.132597$ & $0.0112435$ & $0.0590419$ & $0.0190853$ & $-0.0144734$ & $0.0351948$ & $-0.597501$ & $0.0152314$ & $0.0111755$ & $0.0153418$ & $0.00461301$ & $-0.0166878$ & $0.0355834$ & $0.0163116$ & $0.0206541$ & $0.0346158$ & $-0.0352346$ & $0.0415671$ & $0.0414993$ & $-0.0222902$ & $-0.0305304$ & $-0.0383145$ \\
CHL1_33 & $0.00365128$ & $-0.00109059$ & $0.0184123$ & $0.0433778$ & $0.0274799$ & $-0.0747165$ & $-0.0322949$ & $0.297888$ & $0.294021$ & $-0.123006$ & $-0.41392$ & $-0.0151237$ & $0.079707$ & $0.266049$ & $0.446635$ & $1$ & $0.157776$ & $-0.0304623$ & $-0.425992$ & $0.477289$ & $0.334159$ & $0.356546$ & $-0.164139$ & $0.112765$ & $-0.105461$ & $-0.182897$ & $-0.37659$ & $0.113018$ & $0.00384063$ & $0.0349051$ & $0.0123523$ & $-0.0348278$ & $0.00831832$ & $-0.112766$ & $0.0104283$ & $-0.0508865$ & $0.0273837$ & $0.0182944$ & $0.00488144$ & $-0.0252055$ & $0.0332217$ & $0.0217599$ & $0.00698287$ & $-0.0403064$ & $0.0364023$ & $0.0429457$ & $0.02523$ & $-0.0124978$ & $-0.0213384$ \\
CHL3_11 & $-0.0162215$ & $-0.00155352$ & $0.00487538$ & $-0.0161806$ & $0.00458855$ & $-0.265899$ & $0.0598714$ & $-0.218738$ & $-0.221345$ & $0.422761$ & $-0.25082$ & $-0.201236$ & $-0.322258$ & $0.671296$ & $0.177454$ & $0.157776$ & $1$ & $0.733156$ & $0.744869$ & $0.271909$ & $0.219609$ & $0.205821$ & $-0.0595501$ & $0.678477$ & $0.789915$ & $-0.145504$ & $-0.162467$ & $0.0656035$ & $0.00830125$ & $-0.045186$ & $-0.0563511$ & $0.0411948$ & $-0.0979369$ & $-0.252049$ & $0.00659507$ & $-0.0596658$ & $-0.0293555$ & $-0.0258039$ & $-0.000781289$ & $-0.00264596$ & $-0.0466178$ & $0.0182078$ & $-0.0345084$ & $-0.0223496$ & $-0.0488797$ & $0.0214116$ & $-0.0283193$ & $0.0269634$ & $-0.0640709$ \\
CHL3_22 & $-0.0250443$ & $0.0238033$ & $-0.0282997$ & $-0.0594808$ & $0.0153207$ & $-0.0576931$ & $0.0657457$ & $-0.434795$ & $-0.43488$ & $0.484909$ & $0.0538572$ & $-0.171128$ & $-0.360116$ & $0.594655$ & $-0.442996$ & $-0.0304623$ & $0.733156$ & $1$ & $0.678975$ & $-0.0553164$ & $-0.0475552$ & $-0.0505728$ & $0.00708197$ & $0.624704$ & $0.797857$ & $0.00761177$ & $-0.0184303$ & $-0.0166774$ & $-0.00177493$ & $-0.0794037$ & $-0.0645448$ & $0.0465822$ & $-0.112019$ & $0.0437821$ & $-0.00304699$ & $-0.0645476$ & $-0.0342771$ & $-0.0142042$ & $0.0154366$ & $-0.0234877$ & $-0.045763$ & $0.00738509$ & $-0.0456293$ & $-0.00868997$ & $-0.0753806$ & $0.0105531$ & $-0.0016778$ & $0.0397806$ & $-0.0300993$ \\
CHL3_33 & $-0.0138681$ & $0.00645047$ & $-0.00227135$ & $-0.0274483$ & $-0.00902181$ & $-0.0600943$ & $0.0730929$ & $-0.40483$ & $-0.403928$ & $0.472124$ & $0.0199687$ & $-0.161128$ & $-0.34203$ & $0.609566$ & $-0.0194508$ & $-0.425992$ & $0.744869$ & $0.678975$ & $1$ & $-0.0230233$ & $-0.0138618$ & $-0.0179368$ & $0.00821858$ & $0.620363$ & $0.795887$ & $-0.00761393$ & $-0.00568152$ & $-0.00410526$ & $-0.000175144$ & $-0.0592386$ & $-0.0598159$ & $0.0608975$ & $-0.0898914$ & $-0.330849$ & $0.000237643$ & $-0.0211168$ & $-0.0462236$ & $-0.0211051$ & $0.00257105$ & $0.0196052$ & $-0.05971$ & $0.0126499$ & $-0.0283565$ & $-0.00285864$ & $-0.0684562$ & $0.0114231$ & $-0.032163$ & $0.0227292$ & $-0.0435422$ \\
CHe_11 & $0.0114666$ & $-0.0703343$ & $0.0048447$ & $0.0687834$ & $-0.00292521$ & $-0.167574$ & $-0.0694812$ & $0.844113$ & $0.82895$ & $-0.327779$ & $-0.99053$ & $-0.201602$ & $0.144461$ & $0.558615$ & $0.520814$ & $0.477289$ & $0.271909$ & $-0.0553164$ & $-0.0230233$ & $1$ & $0.9729$ & $0.952329$ & $-0.00570259$ & $-0.206429$ & $0.0175688$ & $-0.558864$ & $0.199946$ & $0.312751$ & $0.0164714$ & $0.0737629$ & $0.0219488$ & $-0.0819635$ & $0.0494879$ & $0.237065$ & $-0.0463355$ & $-0.084556$ & $0.0699224$ & $0.00227908$ & $0.0301851$ & $0.0297552$ & $0.0339808$ & $-0.00286729$ & $-0.0324049$ & $-0.0122797$ & $0.050259$ & $-0.0662313$ & $-0.0106498$ & $-0.0193132$ & $0.000913456$ \\
CHe_22 & $0.00811053$ & $-0.0747964$ & $-0.00352076$ & $0.0573365$ & $-0.00219693$ & $-0.172493$ & $-0.0764984$ & $0.889438$ & $0.872373$ & $-0.356218$ & $-0.991209$ & $-0.2278$ & $0.149896$ & $0.50487$ & $0.378242$ & $0.334159$ & $0.219609$ & $-0.0475552$ & $-0.0138618$ & $0.9729$ & $1$ & $0.973573$ & $0.0474655$ & $-0.314494$ & $0.0028422$ & $-0.576117$ & $0.353465$ & $0.317139$ & $0.0178419$ & $0.0718712$ & $0.0207909$ & $-0.0910418$ & $0.0533568$ & $0.401987$ & $-0.0553744$ & $-0.0896718$ & $0.0743109$ & $0.00106554$ & $0.0372766$ & $0.0308316$ & $0.0320899$ & $-0.00920264$ & $-0.0426783$ & $0.000532968$ & $0.0479291$ & $-0.0903663$ & $-0.0137521$ & $-0.0148917$ & $0.010339$ \\
CHe_33 & $0.0135503$ & $-0.0752111$ & $-0.0016301$ & $0.0567784$ & $0.00193092$ & $-0.159513$ & $-0.0775992$ & $0.873507$ & $0.856053$ & $-0.354004$ & $-0.969432$ & $-0.216877$ & $0.154291$ & $0.488314$ & $0.369887$ & $0.356546$ & $0.205821$ & $-0.0505728$ & $-0.0179368$ & $0.952329$ & $0.973573$ & $1$ & $0.0437411$ & $-0.309123$ & $-0.00384705$ & $-0.561765$ & $0.346386$ & $0.304472$ & $0.0152451$ & $0.072756$ & $0.0257403$ & $-0.0909829$ & $0.0561545$ & $0.397623$ & $-0.0580851$ & $-0.0899243$ & $0.0705654$ & $0.00962052$ & $0.0407256$ & $0.0323448$ & $0.0330828$ & $-0.00457207$ & $-0.050223$ & $0.000120823$ & $0.0555091$ & $-0.0895624$ & $-0.00848309$ & $-0.0230686$ & $0.00446688$ \\
CHQ1_11 & $0.0119254$ & $-0.0379978$ & $-0.0280013$ & $-0.0380806$ & $0.0192632$ & $0.0310721$ & $-0.0352567$ & $0.0733666$ & $0.0677972$ & $-0.0586826$ & $-0.0209409$ & $-0.0518091$ & $-0.00473313$ & $-0.0702659$ & $-0.161393$ & $-0.164139$ & $-0.0595501$ & $0.00708197$ & $0.00821858$ & $-0.00570259$ & $0.0474655$ & $0.0437411$ & $1$ & $-0.12665$ & $0.0668167$ & $-0.685073$ & $0.348143$ & $0.0258171$ & $0.0255963$ & $-0.00495225$ & $-0.0175655$ & $-0.0412594$ & $-0.00230047$ & $0.205547$ & $-0.030824$ & $-0.0311192$ & $-0.000898323$ & $-0.0438817$ & $-0.00960492$ & $0.0172813$ & $-0.0271724$ & $-0.0193625$ & $-0.0632729$ & $0.017376$ & $0.0144338$ & $-0.0221865$ & $-0.0102657$ & $0.017283$ & $0.0294538$ \\
CHQ1_33 & $-0.0620759$ & $0.0451117$ & $0.0266438$ & $-0.0285966$ & $-7.1519e-05$ & $-0.00860547$ & $0.0874288$ & $-0.642871$ & $-0.637111$ & $0.5394$ & $0.258962$ & $-0.0383805$ & $-0.340287$ & $0.487558$ & $0.107291$ & $0.112765$ & $0.678477$ & $0.624704$ & $0.620363$ & $-0.206429$ & $-0.314494$ & $-0.309123$ & $-0.12665$ & $1$ & $0.650582$ & $0.163413$ & $-0.41837$ & $0.00921757$ & $0.00347435$ & $-0.0628195$ & $-0.0467053$ & $0.0798486$ & $-0.102759$ & $-0.616986$ & $0.0205501$ & $-0.014498$ & $-0.0648494$ & $-0.00709045$ & $-0.00704117$ & $-0.0119557$ & $-0.0507651$ & $0.0254504$ & $0.00339967$ & $-0.0553313$ & $-0.0580881$ & $0.0835949$ & $-0.00575232$ & $0.0342962$ & $-0.0721633$ \\
CHQ3_11 & $-0.101025$ & $0.00235617$ & $0.0070331$ & $-0.043777$ & $0.0196422$ & $-0.0807848$ & $0.0671085$ & $-0.391999$ & $-0.392909$ & $0.457657$ & $-0.0100619$ & $-0.183275$ & $-0.354679$ & $0.614434$ & $-0.109651$ & $-0.105461$ & $0.789915$ & $0.797857$ & $0.795887$ & $0.0175688$ & $0.0028422$ & $-0.00384705$ & $0.0668167$ & $0.650582$ & $1$ & $-0.0137729$ & $0.183652$ & $-0.000409654$ & $0.00523413$ & $-0.0666104$ & $-0.0746093$ & $0.0512006$ & $-0.0973745$ & $-0.209801$ & $-0.0401703$ & $-0.0561271$ & $-0.0066266$ & $-0.00624877$ & $0.00344795$ & $0.00354563$ & $-0.0505919$ & $-0.00291864$ & $-0.0582777$ & $-0.00157021$ & $-0.0415392$ & $-0.0352975$ & $-0.00492733$ & $0.0763243$ & $-0.0510596$ \\
CHu_11 & $-0.0417428$ & $0.072053$ & $0.0224041$ & $-0.0194762$ & $0.000271527$ & $0.0729706$ & $0.0687907$ & $-0.508417$ & $-0.496192$ & $0.198423$ & $0.572699$ & $0.145846$ & $-0.0719245$ & $-0.295861$ & $-0.204046$ & $-0.182897$ & $-0.145504$ & $0.00761177$ & $-0.00761393$ & $-0.558864$ & $-0.576117$ & $-0.561765$ & $-0.685073$ & $0.163413$ & $-0.0137729$ & $1$ & $-0.1885$ & $-0.201296$ & $-0.0271695$ & $-0.0405532$ & $0.00303042$ & $0.0803509$ & $-0.0213578$ & $-0.243888$ & $0.0333993$ & $0.0656594$ & $-0.0239323$ & $0.032491$ & $-0.00273632$ & $-0.0207747$ & $0.00486724$ & $0.00120836$ & $0.0482961$ & $0.0148572$ & $-0.0292454$ & $0.0286723$ & $0.023694$ & $0.0214107$ & $-0.0223474$ \\
CHd_11 & $-0.0205663$ & $-0.052922$ & $-0.0399867$ & $-0.0279488$ & $0.0159316$ & $-0.0500838$ & $-0.0418527$ & $0.413592$ & $0.401315$ & $-0.252041$ & $-0.274488$ & $-0.135283$ & $0.0842593$ & $-0.0962964$ & $-0.365382$ & $-0.37659$ & $-0.162467$ & $-0.0184303$ & $-0.00568152$ & $0.199946$ & $0.353465$ & $0.346386$ & $0.348143$ & $-0.41837$ & $0.183652$ & $-0.1885$ & $1$ & $0.0845004$ & $0.0162953$ & $0.0196919$ & $0.00103121$ & $-0.050577$ & $0.0461912$ & $0.665959$ & $-0.091583$ & $-0.0750552$ & $0.0539481$ & $0.00657601$ & $0.0369695$ & $0.0303014$ & $0.0196721$ & $-0.0473688$ & $-0.0965224$ & $0.0639072$ & $0.0400446$ & $-0.161085$ & $-4.28383e-05$ & $0.0539222$ & $0.0402039$ \\
CHd_33 & $0.0169657$ & $0.0179321$ & $-0.0343163$ & $0.00620233$ & $-0.0209751$ & $-0.0307856$ & $-0.0300402$ & $0.279717$ & $0.270997$ & $-0.119778$ & $-0.316603$ & $-0.0713679$ & $0.0415813$ & $0.176957$ & $0.132597$ & $0.113018$ & $0.0656035$ & $-0.0166774$ & $-0.00410526$ & $0.312751$ & $0.317139$ & $0.304472$ & $0.0258171$ & $0.00921757$ & $-0.000409654$ & $-0.201296$ & $0.0845004$ & $1$ & $0.00946454$ & $0.0395682$ & $0.0218602$ & $-0.0246572$ & $0.0402855$ & $0.110621$ & $0.0159587$ & $-0.0353624$ & $0.00108474$ & $-0.0357628$ & $0.0471623$ & $0.0271307$ & $0.0243401$ & $-0.00395099$ & $-0.00831877$ & $-0.0178949$ & $-0.0153969$ & $-0.0245105$ & $-0.0211292$ & $-0.00526844$ & $0.0207328$ \\
CeH_22r & $0.0347525$ & $-0.0266665$ & $0.00994443$ & $-0.00685004$ & $0.0107025$ & $0.00609068$ & $-0.0133618$ & $0.0147891$ & $0.0197553$ & $0.0133134$ & $-0.0169198$ & $0.0405596$ & $0.0389205$ & $0.00506799$ & $0.0112435$ & $0.00384063$ & $0.00830125$ & $-0.00177493$ & $-0.000175144$ & $0.0164714$ & $0.0178419$ & $0.0152451$ & $0.0255963$ & $0.00347435$ & $0.00523413$ & $-0.0271695$ & $0.0162953$ & $0.00946454$ & $1$ & $0.0474744$ & $-0.0131447$ & $-0.0253795$ & $0.0402056$ & $0.00444514$ & $-0.00872736$ & $-0.0380449$ & $-0.05711$ & $0.00227661$ & $0.0289322$ & $-0.0119212$ & $-0.00299823$ & $0.0187954$ & $-0.0267776$ & $0.010504$ & $0.0208654$ & $-0.0211242$ & $-0.0569451$ & $-0.00633296$ & $0.0161701$ \\
CeH_33r & $0.0149124$ & $0.0278073$ & $-0.0129056$ & $0.0296143$ & $-0.0110347$ & $-0.0129539$ & $-0.117198$ & $0.0939146$ & $0.118285$ & $-0.120707$ & $-0.0723308$ & $0.273767$ & $0.253245$ & $-0.0124287$ & $0.0590419$ & $0.0349051$ & $-0.045186$ & $-0.0794037$ & $-0.0592386$ & $0.0737629$ & $0.0718712$ & $0.072756$ & $-0.00495225$ & $-0.0628195$ & $-0.0666104$ & $-0.0405532$ & $0.0196919$ & $0.0395682$ & $0.0474744$ & $1$ & $0.311186$ & $0.0213396$ & $0.686958$ & $0.0241522$ & $-0.0256301$ & $-0.0445684$ & $-0.103007$ & $-0.0278086$ & $-0.00569292$ & $0.0304115$ & $0.00640394$ & $0.000888494$ & $0.016662$ & $0.0269468$ & $-0.0349217$ & $0.0651002$ & $0.0131639$ & $-0.00638907$ & $0.00767811$ \\
CuH_22r & $-0.00119866$ & $0.0470814$ & $-0.0144656$ & $0.0672402$ & $-0.0110748$ & $0.0050785$ & $-0.0506659$ & $0.0486323$ & $0.0591959$ & $-0.088919$ & $-0.0200835$ & $0.0776733$ & $0.119432$ & $-0.0413173$ & $0.0190853$ & $0.0123523$ & $-0.0563511$ & $-0.0645448$ & $-0.0598159$ & $0.0219488$ & $0.0207909$ & $0.0257403$ & $-0.0175655$ & $-0.0467053$ & $-0.0746093$ & $0.00303042$ & $0.00103121$ & $0.0218602$ & $-0.0131447$ & $0.311186$ & $1$ & $0.0368489$ & $0.390029$ & $0.0249961$ & $-0.0279141$ & $-0.0258543$ & $0.00370063$ & $-0.00937093$ & $-0.00447071$ & $0.00202058$ & $-0.0227326$ & $-0.035976$ & $0.000635533$ & $0.00641259$ & $-0.0404059$ & $0.0807144$ & $0.257387$ & $-0.0291687$ & $0.0503672$ \\
CuH_33r & $0.0392237$ & $0.0230716$ & $-0.0489422$ & $-0.0429923$ & $0.0054909$ & $-0.00200539$ & $0.936467$ & $-0.109195$ & $-0.0632214$ & $0.0697317$ & $0.0865681$ & $-0.0522479$ & $-0.25433$ & $-0.000322529$ & $-0.0144734$ & $-0.0348278$ & $0.0411948$ & $0.0465822$ & $0.0608975$ & $-0.0819635$ & $-0.0910418$ & $-0.0909829$ & $-0.0412594$ & $0.0798486$ & $0.0512006$ & $0.0803509$ & $-0.050577$ & $-0.0246572$ & $-0.0253795$ & $0.0213396$ & $0.0368489$ & $1$ & $0.0464607$ & $-0.0749017$ & $0.0231531$ & $0.00563961$ & $0.00847231$ & $-0.013821$ & $-0.0454395$ & $-0.0285094$ & $0.0472888$ & $0.00943633$ & $0.0206052$ & $-0.00150871$ & $0.0484277$ & $-0.0209692$ & $0.0447666$ & $0.00838608$ & $0.0444497$ \\
CdH_33r & $0.0203748$ & $0.0583221$ & $-0.0915805$ & $0.0157364$ & $-0.00123224$ & $0.0105064$ & $-0.147129$ & $0.0976915$ & $0.125423$ & $-0.148432$ & $-0.0497674$ & $0.353452$ & $0.333537$ & $-0.0574851$ & $0.0351948$ & $0.00831832$ & $-0.0979369$ & $-0.112019$ & $-0.0898914$ & $0.0494879$ & $0.0533568$ & $0.0561545$ & $-0.00230047$ & $-0.102759$ & $-0.0973745$ & $-0.0213578$ & $0.0461912$ & $0.0402855$ & $0.0402056$ & $0.686958$ & $0.390029$ & $0.0464607$ & $1$ & $0.0475061$ & $0.00461826$ & $-0.0606926$ & $-0.0944455$ & $-0.0021919$ & $-0.0145345$ & $0.0206972$ & $-0.0119655$ & $0.0174509$ & $0.0349862$ & $0.0267154$ & $-0.0941558$ & $0.0472476$ & $0.0825753$ & $0.0639676$ & $0.295592$ \\
CLL_1221 & $-0.00157107$ & $-0.0205618$ & $-0.0536002$ & $-0.0338905$ & $0.00250163$ & $-0.10755$ & $-0.0638737$ & $0.522025$ & $0.510287$ & $-0.329243$ & $-0.315353$ & $-0.106929$ & $0.155092$ & $-0.222128$ & $-0.597501$ & $-0.112766$ & $-0.252049$ & $0.0437821$ & $-0.330849$ & $0.237065$ & $0.401987$ & $0.397623$ & $0.205547$ & $-0.616986$ & $-0.209801$ & $-0.243888$ & $0.665959$ & $0.110621$ & $0.00444514$ & $0.0241522$ & $0.0249961$ & $-0.0749017$ & $0.0475061$ & $1$ & $-0.0550934$ & $-0.0634504$ & $0.0563699$ & $-0.00407179$ & $0.0375638$ & $-0.0112422$ & $0.0296905$ & $-0.031805$ & $-0.0609348$ & $0.0456824$ & $0.0215042$ & $-0.118331$ & $0.017843$ & $0.0122282$ & $0.0569029$ \\
eHggint & $0.225046$ & $0.109821$ & $-0.122326$ & $-0.0352508$ & $0.00607184$ & $-0.0256032$ & $-0.054938$ & $-0.0578716$ & $-0.0789418$ & $0.0662846$ & $0.049922$ & $0.121923$ & $0.0326988$ & $-0.014508$ & $0.0152314$ & $0.0104283$ & $0.00659507$ & $-0.00304699$ & $0.000237643$ & $-0.0463355$ & $-0.0553744$ & $-0.0580851$ & $-0.030824$ & $0.0205501$ & $-0.0401703$ & $0.0333993$ & $-0.091583$ & $0.0159587$ & $-0.00872736$ & $-0.0256301$ & $-0.0279141$ & $0.0231531$ & $0.00461826$ & $-0.0550934$ & $1$ & $0.0660451$ & $0.173525$ & $-0.01623$ & $0.101884$ & $-0.0483261$ & $0.0141687$ & $-0.000647613$ & $0.0323755$ & $0.0172276$ & $-0.0935116$ & $0.101499$ & $-0.00440226$ & $-0.110815$ & $0.183279$ \\
eHggpar & $-0.189395$ & $-0.172522$ & $0.218493$ & $0.158673$ & $-0.0121805$ & $0.000215922$ & $-0.0149391$ & $-0.0528572$ & $-0.0563238$ & $-0.00395631$ & $0.0861797$ & $0.0329828$ & $0.0205005$ & $-0.0756996$ & $0.0111755$ & $-0.0508865$ & $-0.0596658$ & $-0.0645476$ & $-0.0211168$ & $-0.084556$ & $-0.0896718$ & $-0.0899243$ & $-0.0311192$ & $-0.014498$ & $-0.0561271$ & $0.0656594$ & $-0.0750552$ & $-0.0353624$ & $-0.0380449$ & $-0.0445684$ & $-0.0258543$ & $0.00563961$ & $-0.0606926$ & $-0.0634504$ & $0.0660451$ & $1$ & $0.172224$ & $0.00423226$ & $-0.0918751$ & $0.00141474$ & $-0.126458$ & $-0.0171126$ & $0.135346$ & $-0.277475$ & $-0.074432$ & $-0.00296829$ & $0.097693$ & $-0.122227$ & $-0.00559974$ \\
eHWWint & $-0.272309$ & $-0.132125$ & $0.189825$ & $0.086934$ & $0.0111255$ & $-0.0165753$ & $0.0131651$ & $0.0921618$ & $0.0802895$ & $-0.0669445$ & $-0.072553$ & $-0.0140598$ & $0.0403484$ & $0.00974599$ & $0.0153418$ & $0.0273837$ & $-0.0293555$ & $-0.0342771$ & $-0.0462236$ & $0.0699224$ & $0.0743109$ & $0.0705654$ & $-0.000898323$ & $-0.0648494$ & $-0.0066266$ & $-0.0239323$ & $0.0539481$ & $0.00108474$ & $-0.05711$ & $-0.103007$ & $0.00370063$ & $0.00847231$ & $-0.0944455$ & $0.0563699$ & $0.173525$ & $0.172224$ & $1$ & $0.0436254$ & $-0.287102$ & $-0.0488209$ & $0.039969$ & $-0.045704$ & $-0.0458287$ & $0.0476193$ & $0.353746$ & $-0.245881$ & $0.27296$ & $0.036245$ & $0.0442494$ \\
eHWWpar & $-0.0374839$ & $-0.0413875$ & $0.0819149$ & $-0.0104094$ & $-0.0109365$ & $-0.00562864$ & $-0.00227595$ & $0.0111493$ & $0.0106411$ & $0.00419065$ & $-0.00385695$ & $0.014437$ & $0.0221223$ & $0.00310399$ & $0.00461301$ & $0.0182944$ & $-0.0258039$ & $-0.0142042$ & $-0.0211051$ & $0.00227908$ & $0.00106554$ & $0.00962052$ & $-0.0438817$ & $-0.00709045$ & $-0.00624877$ & $0.032491$ & $0.00657601$ & $-0.0357628$ & $0.00227661$ & $-0.0278086$ & $-0.00937093$ & $-0.013821$ & $-0.0021919$ & $-0.00407179$ & $-0.01623$ & $0.00423226$ & $0.0436254$ & $1$ & $-0.0311252$ & $-0.0556159$ & $-0.0262706$ & $-0.00746112$ & $0.0258897$ & $-0.000966512$ & $0.0111149$ & $-0.0080428$ & $-0.00053002$ & $0.068453$ & $0.0354823$ \\
eHZZint & $0.0663442$ & $0.0759307$ & $-0.116529$ & $-0.0527365$ & $-0.0281399$ & $-0.0266857$ & $-0.055326$ & $0.0290411$ & $0.030335$ & $-0.0150956$ & $-0.0332036$ & $-0.026776$ & $0.00808309$ & $0.0240293$ & $-0.0166878$ & $0.00488144$ & $-0.000781289$ & $0.0154366$ & $0.00257105$ & $0.0301851$ & $0.0372766$ & $0.0407256$ & $-0.00960492$ & $-0.00704117$ & $0.00344795$ & $-0.00273632$ & $0.0369695$ & $0.0471623$ & $0.0289322$ & $-0.00569292$ & $-0.00447071$ & $-0.0454395$ & $-0.0145345$ & $0.0375638$ & $0.101884$ & $-0.0918751$ & $-0.287102$ & $-0.0311252$ & $1$ & $-0.0367136$ & $-0.106533$ & $-0.0507367$ & $0.224506$ & $-0.287529$ & $-0.126902$ & $-0.188137$ & $-0.0564917$ & $-0.392412$ & $0.0863704$ \\
eHZZpar & $0.0626973$ & $0.00638007$ & $-0.0379673$ & $-0.02177$ & $-0.00674513$ & $0.0052706$ & $-0.024071$ & $0.0289747$ & $0.0296269$ & $-0.0362002$ & $-0.0309588$ & $-0.0314988$ & $0.00635476$ & $0.0153684$ & $0.0355834$ & $-0.0252055$ & $-0.00264596$ & $-0.0234877$ & $0.0196052$ & $0.0297552$ & $0.0308316$ & $0.0323448$ & $0.0172813$ & $-0.0119557$ & $0.00354563$ & $-0.0207747$ & $0.0303014$ & $0.0271307$ & $-0.0119212$ & $0.0304115$ & $0.00202058$ & $-0.0285094$ & $0.0206972$ & $-0.0112422$ & $-0.0483261$ & $0.00141474$ & $-0.0488209$ & $-0.0556159$ & $-0.0367136$ & $1$ & $0.0827959$ & $0.00214946$ & $-0.00467525$ & $0.000214482$ & $0.00228873$ & $-0.0116808$ & $-0.0945662$ & $0.00634005$ & $0.00955383$ \\
eHZgaint & $0.119107$ & $0.0829522$ & $-0.0910332$ & $0.0444732$ & $-0.0167842$ & $0.00495153$ & $0.0405556$ & $0.0514405$ & $0.0565914$ & $-0.0607783$ & $-0.0321699$ & $-0.0167168$ & $0.0123183$ & $-0.0156813$ & $0.0163116$ & $0.0332217$ & $-0.0466178$ & $-0.045763$ & $-0.05971$ & $0.0339808$ & $0.0320899$ & $0.0330828$ & $-0.0271724$ & $-0.0507651$ & $-0.0505919$ & $0.00486724$ & $0.0196721$ & $0.0243401$ & $-0.00299823$ & $0.00640394$ & $-0.0227326$ & $0.0472888$ & $-0.0119655$ & $0.0296905$ & $0.0141687$ & $-0.126458$ & $0.039969$ & $-0.0262706$ & $-0.106533$ & $0.0827959$ & $1$ & $-0.0419206$ & $0.0706675$ & $0.227571$ & $0.167228$ & $-0.181566$ & $-0.192553$ & $0.267757$ & $-0.176988$ \\
eHZgapar & $0.0246503$ & $0.00728371$ & $-0.0377715$ & $0.0115296$ & $0.0150619$ & $0.035322$ & $-0.00202325$ & $-0.0174007$ & $-0.015297$ & $0.0286461$ & $0.00562443$ & $0.0119092$ & $-0.0166281$ & $0.0153268$ & $0.0206541$ & $0.0217599$ & $0.0182078$ & $0.00738509$ & $0.0126499$ & $-0.00286729$ & $-0.00920264$ & $-0.00457207$ & $-0.0193625$ & $0.0254504$ & $-0.00291864$ & $0.00120836$ & $-0.0473688$ & $-0.00395099$ & $0.0187954$ & $0.000888494$ & $-0.035976$ & $0.00943633$ & $0.0174509$ & $-0.031805$ & $-0.000647613$ & $-0.0171126$ & $-0.045704$ & $-0.00746112$ & $-0.0507367$ & $0.00214946$ & $-0.0419206$ & $1$ & $0.0164593$ & $0.0378483$ & $-0.00473931$ & $-0.00535394$ & $-0.066889$ & $-0.00709466$ & $0.0042012$ \\
eHgagaint & $-0.116903$ & $-0.151916$ & $-0.0941285$ & $0.296277$ & $-0.016642$ & $-0.0236975$ & $0.00607066$ & $-0.0215519$ & $0.0202247$ & $-0.0238279$ & $0.0347755$ & $-0.00655901$ & $0.0234628$ & $-0.0270496$ & $0.0346158$ & $0.00698287$ & $-0.0345084$ & $-0.0456293$ & $-0.0283565$ & $-0.0324049$ & $-0.0426783$ & $-0.050223$ & $-0.0632729$ & $0.00339967$ & $-0.0582777$ & $0.0482961$ & $-0.0965224$ & $-0.00831877$ & $-0.0267776$ & $0.016662$ & $0.000635533$ & $0.0206052$ & $0.0349862$ & $-0.0609348$ & $0.0323755$ & $0.135346$ & $-0.0458287$ & $0.0258897$ & $0.224506$ & $-0.00467525$ & $0.0706675$ & $0.0164593$ & $1$ & $-0.0289972$ & $0.00192206$ & $-0.0465456$ & $0.0125982$ & $-0.184471$ & $0.129427$ \\
eHmumuint & $0.15893$ & $0.319275$ & $-0.150956$ & $-0.0884446$ & $0.00114929$ & $0.0102538$ & $0.00273284$ & $0.000369652$ & $0.000931972$ & $-0.0104861$ & $0.0105879$ & $0.00947059$ & $0.0013028$ & $-0.0272307$ & $-0.0352346$ & $-0.0403064$ & $-0.0223496$ & $-0.00868997$ & $-0.00285864$ & $-0.0122797$ & $0.000532968$ & $0.000120823$ & $0.017376$ & $-0.0553313$ & $-0.00157021$ & $0.0148572$ & $0.0639072$ & $-0.0178949$ & $0.010504$ & $0.0269468$ & $0.00641259$ & $-0.00150871$ & $0.0267154$ & $0.0456824$ & $0.0172276$ & $-0.277475$ & $0.0476193$ & $-0.000966512$ & $-0.287529$ & $0.000214482$ & $0.227571$ & $0.0378483$ & $-0.0289972$ & $1$ & $0.0740107$ & $0.0904601$ & $-0.038079$ & $0.281891$ & $-0.0557019$ \\
eHtautauint & $-0.114177$ & $-0.217481$ & $0.0693333$ & $0.120694$ & $-0.019603$ & $0.0170001$ & $0.0721348$ & $0.0819585$ & $0.0804114$ & $-0.0585779$ & $-0.0526007$ & $-0.0339277$ & $0.00696939$ & $-0.0325859$ & $0.0415671$ & $0.0364023$ & $-0.0488797$ & $-0.0753806$ & $-0.0684562$ & $0.050259$ & $0.0479291$ & $0.0555091$ & $0.0144338$ & $-0.0580881$ & $-0.0415392$ & $-0.0292454$ & $0.0400446$ & $-0.0153969$ & $0.0208654$ & $-0.0349217$ & $-0.0404059$ & $0.0484277$ & $-0.0941558$ & $0.0215042$ & $-0.0935116$ & $-0.074432$ & $0.353746$ & $0.0111149$ & $-0.126902$ & $0.00228873$ & $0.167228$ & $-0.00473931$ & $0.00192206$ & $0.0740107$ & $1$ & $-0.0723049$ & $-0.120625$ & $-0.165087$ & $-0.0152207$ \\
eHccint & $0.192991$ & $0.246846$ & $-0.250392$ & $0.0284022$ & $-0.00415815$ & $0.0642588$ & $-0.0431406$ & $-0.107343$ & $-0.108882$ & $0.0831783$ & $0.0808693$ & $0.0939466$ & $-0.00218047$ & $0.00106686$ & $0.0414993$ & $0.0429457$ & $0.0214116$ & $0.0105531$ & $0.0114231$ & $-0.0662313$ & $-0.0903663$ & $-0.0895624$ & $-0.0221865$ & $0.0835949$ & $-0.0352975$ & $0.0286723$ & $-0.161085$ & $-0.0245105$ & $-0.0211242$ & $0.0651002$ & $0.0807144$ & $-0.0209692$ & $0.0472476$ & $-0.118331$ & $0.101499$ & $-0.00296829$ & $-0.245881$ & $-0.0080428$ & $-0.188137$ & $-0.0116808$ & $-0.181566$ & $-0.00535394$ & $-0.0465456$ & $0.0904601$ & $-0.0723049$ & $1$ & $0.0547195$ & $0.153856$ & $-0.0480288$ \\
eHccpar & $-0.176414$ & $0.0837388$ & $0.0610271$ & $0.0968037$ & $0.0231137$ & $-0.00646584$ & $0.0327773$ & $-0.00382624$ & $0.000714013$ & $-0.00286393$ & $0.0155952$ & $0.0540874$ & $0.0404392$ & $-0.0144607$ & $-0.0222902$ & $0.02523$ & $-0.0283193$ & $-0.0016778$ & $-0.032163$ & $-0.0106498$ & $-0.0137521$ & $-0.00848309$ & $-0.0102657$ & $-0.00575232$ & $-0.00492733$ & $0.023694$ & $-4.28383e-05$ & $-0.0211292$ & $-0.0569451$ & $0.0131639$ & $0.257387$ & $0.0447666$ & $0.0825753$ & $0.017843$ & $-0.00440226$ & $0.097693$ & $0.27296$ & $-0.00053002$ & $-0.0564917$ & $-0.0945662$ & $-0.192553$ & $-0.066889$ & $0.0125982$ & $-0.038079$ & $-0.120625$ & $0.0547195$ & $1$ & $-0.0177465$ & $0.148122$ \\
eHbbint & $-0.168097$ & $0.0996892$ & $0.0798326$ & $-0.0565624$ & $0.00885543$ & $0.0364339$ & $0.0083326$ & $-0.0309324$ & $-0.0317632$ & $0.0147188$ & $0.0218587$ & $0.000282308$ & $-0.0258271$ & $0.00487177$ & $-0.0305304$ & $-0.0124978$ & $0.0269634$ & $0.0397806$ & $0.0227292$ & $-0.0193132$ & $-0.0148917$ & $-0.0230686$ & $0.017283$ & $0.0342962$ & $0.0763243$ & $0.0214107$ & $0.0539222$ & $-0.00526844$ & $-0.00633296$ & $-0.00638907$ & $-0.0291687$ & $0.00838608$ & $0.0639676$ & $0.0122282$ & $-0.110815$ & $-0.122227$ & $0.036245$ & $0.068453$ & $-0.392412$ & $0.00634005$ & $0.267757$ & $-0.00709466$ & $-0.184471$ & $0.281891$ & $-0.165087$ & $0.153856$ & $-0.0177465$ & $1$ & $-0.198546$ \\
eHbbpar & $0.111106$ & $0.00147811$ & $-0.335051$ & $-0.074033$ & $0.00410103$ & $0.0152136$ & $0.0214322$ & $0.0355862$ & $0.0420739$ & $-0.00667654$ & $-0.0067418$ & $0.0483278$ & $0.0529985$ & $-0.0357892$ & $-0.0383145$ & $-0.0213384$ & $-0.0640709$ & $-0.0300993$ & $-0.0435422$ & $0.000913456$ & $0.010339$ & $0.00446688$ & $0.0294538$ & $-0.0721633$ & $-0.0510596$ & $-0.0223474$ & $0.0402039$ & $0.0207328$ & $0.0161701$ & $0.00767811$ & $0.0503672$ & $0.0444497$ & $0.295592$ & $0.0569029$ & $0.183279$ & $-0.00559974$ & $0.0442494$ & $0.0354823$ & $0.0863704$ & $0.00955383$ & $-0.176988$ & $0.0042012$ & $0.129427$ & $-0.0557019$ & $-0.0152207$ & $-0.0480288$ & $0.148122$ & $-0.198546$ & $1$ \\
