 & AlsMz & dAle5Mz & mtop & mHl & Mz & CW & CHG & CHWB & CHWHB_gaga & CHWHB_gagaorth & CHD & CHbox & CH & CHL1_11 & CHL1_22 & CHL1_33 & CHL3_11 & CHL3_22 & CHL3_33 & CHe_11 & CHe_22 & CHe_33 & CHQ1_11 & CHQ1_33 & CHQ3_11 & CHu_11 & CHd_11 & CHd_33 & CeH_22r & CeH_33r & CuH_22r & CuH_33r & CdH_33r & CLL_1221 & eHggint & eHggpar & eHWWint & eHWWpar & eHZZint & eHZZpar & eHZgaint & eHZgapar & eHgagaint & eHmumuint & eHtautauint & eHccint & eHccpar & eHbbint & eHbbpar \\
AlsMz & $1$ & $-0.143792$ & $0.223807$ & $-0.190815$ & $-0.00877507$ & $-0.0124572$ & $-0.0127939$ & $-0.033803$ & $-0.0318376$ & $0.0432664$ & $0.0229299$ & $0.0315621$ & $0.0135154$ & $-0.0111886$ & $-0.00271125$ & $-0.0224825$ & $0.0271505$ & $0.0160966$ & $0.0367483$ & $-0.0282501$ & $-0.0297833$ & $-0.0323494$ & $-0.00290632$ & $-0.00455633$ & $-0.0553752$ & $-0.0154745$ & $-0.0248455$ & $-0.0293205$ & $-0.00879454$ & $0.00167095$ & $-0.0307429$ & $0.00263358$ & $-0.0718304$ & $-0.0269278$ & $0.159619$ & $0.0286692$ & $0.0353397$ & $-0.0627336$ & $0.0608928$ & $-0.014332$ & $0.230472$ & $-0.00652455$ & $-0.0238262$ & $0.13776$ & $-0.111815$ & $0.202851$ & $-0.144576$ & $0.000682477$ & $-0.17205$ \\
dAle5Mz & $-0.143792$ & $1$ & $0.0479921$ & $0.103829$ & $-0.0184676$ & $0.0399411$ & $-0.136774$ & $-0.0661973$ & $-0.0850102$ & $0.024786$ & $0.0483288$ & $0.00800441$ & $-0.00764962$ & $0.000436752$ & $0.00501813$ & $-0.0133433$ & $0.0171977$ & $0.0128103$ & $0.0218842$ & $-0.0290088$ & $-0.0327681$ & $-0.0360743$ & $-0.0524666$ & $0.0429863$ & $0.0162703$ & $0.0548655$ & $-0.0379785$ & $0.000984305$ & $-0.0096167$ & $-0.000276864$ & $0.00174067$ & $-0.116765$ & $0.0617822$ & $-0.0165489$ & $-0.0664311$ & $0.38507$ & $-0.00192195$ & $0.0230506$ & $0.0689252$ & $-0.0193437$ & $-0.0100941$ & $0.087744$ & $-0.0784444$ & $0.00676965$ & $-0.250719$ & $0.10304$ & $-0.0406696$ & $0.0461813$ & $0.165352$ \\
mtop & $0.223807$ & $0.0479921$ & $1$ & $0.0759411$ & $0.0190839$ & $0.0555521$ & $0.0215422$ & $-0.0197145$ & $-0.00881355$ & $0.00388766$ & $0.036079$ & $0.0124938$ & $0.00976867$ & $-0.0227337$ & $0.005163$ & $-0.0905099$ & $-0.0291899$ & $-0.0304423$ & $0.0486611$ & $-0.0301493$ & $-0.0256267$ & $-0.0276847$ & $0.0377519$ & $-0.00188176$ & $-0.00707363$ & $-0.0204365$ & $0.0331456$ & $0.00951331$ & $0.0411675$ & $0.0133986$ & $0.0367841$ & $0.0305352$ & $-0.0308072$ & $-0.0270087$ & $0.0875347$ & $0.0212676$ & $0.00194579$ & $-0.0383946$ & $-0.367251$ & $-0.00975254$ & $-0.115713$ & $-0.0398284$ & $0.171999$ & $0.159419$ & $-0.107093$ & $0.0301507$ & $0.0860935$ & $-0.120222$ & $-0.0299427$ \\
mHl & $-0.190815$ & $0.103829$ & $0.0759411$ & $1$ & $0.0706793$ & $0.00210163$ & $-0.0541206$ & $0.0173205$ & $0.0157178$ & $-0.00799369$ & $-0.0318599$ & $-0.0447252$ & $-0.0368062$ & $0.0492909$ & $-4.81824e-05$ & $-0.0111009$ & $0.0131282$ & $0.0214359$ & $0.0294571$ & $0.0334684$ & $0.034276$ & $0.0406614$ & $0.00729079$ & $0.0156046$ & $0.0273494$ & $-0.0191751$ & $0.00825816$ & $0.0591629$ & $0.0689455$ & $0.0202587$ & $-0.00632182$ & $-0.0745739$ & $-0.0140114$ & $0.00658276$ & $-0.197573$ & $-0.0388621$ & $0.0418628$ & $0.0186071$ & $0.171574$ & $-0.0490968$ & $-0.00480905$ & $0.0143545$ & $0.10394$ & $-0.0990125$ & $0.0340015$ & $-0.0427749$ & $-0.0520314$ & $0.0222712$ & $-0.053744$ \\
Mz & $-0.00877507$ & $-0.0184676$ & $0.0190839$ & $0.0706793$ & $1$ & $0.0143426$ & $-0.0198672$ & $-0.012746$ & $-0.0125557$ & $0.0171698$ & $0.00330004$ & $0.00643314$ & $-0.00501575$ & $0.0298388$ & $0.0261387$ & $0.0318148$ & $0.0287679$ & $0.0154305$ & $0.0126735$ & $0.00816066$ & $0.00123879$ & $0.0025177$ & $-0.00569792$ & $0.0347611$ & $0.00808976$ & $-0.016646$ & $-0.0429519$ & $-0.00108128$ & $0.00274452$ & $0.0208756$ & $0.0141052$ & $-0.022397$ & $0.0281354$ & $-0.0364378$ & $-0.0326273$ & $-0.0567373$ & $-0.0605841$ & $-0.0124636$ & $0.0243819$ & $-0.0233841$ & $0.0223701$ & $0.00871423$ & $-0.0135913$ & $-0.0280276$ & $0.0306347$ & $0.045942$ & $0.0372172$ & $0.0355371$ & $-0.00742644$ \\
CW & $-0.0124572$ & $0.0399411$ & $0.0555521$ & $0.00210163$ & $0.0143426$ & $1$ & $0.0122408$ & $-0.107667$ & $-0.100494$ & $-0.00278203$ & $0.179206$ & $0.0502764$ & $0.0289184$ & $-0.00554307$ & $-0.0702512$ & $-0.101888$ & $-0.26989$ & $-0.0758262$ & $-0.053258$ & $-0.175636$ & $-0.179641$ & $-0.177001$ & $-0.00995416$ & $-0.0157301$ & $-0.0963531$ & $0.111548$ & $-0.0538296$ & $-0.0640621$ & $0.0110646$ & $0.0130401$ & $0.00813832$ & $0.0163297$ & $0.0142914$ & $-0.112972$ & $-0.0341149$ & $0.0139307$ & $0.000674841$ & $-0.00731746$ & $0.00316081$ & $-0.0062813$ & $-0.0446715$ & $-0.00883632$ & $-0.00824387$ & $0.0597977$ & $0.0357581$ & $-0.0676367$ & $0.0112885$ & $0.0194256$ & $0.0283816$ \\
CHG & $-0.0127939$ & $-0.136774$ & $0.0215422$ & $-0.0541206$ & $-0.0198672$ & $0.0122408$ & $1$ & $-0.0703979$ & $-0.0198688$ & $0.0741458$ & $0.0474546$ & $-0.190997$ & $-0.233997$ & $0.0354138$ & $-0.0358946$ & $-0.0119031$ & $0.0466101$ & $0.0727449$ & $0.0616067$ & $-0.0486404$ & $-0.0480949$ & $-0.0437747$ & $-0.0139164$ & $0.0772706$ & $0.0777109$ & $0.0417333$ & $-0.00673924$ & $-0.0262277$ & $0.0169872$ & $-0.115202$ & $-0.116776$ & $0.937823$ & $-0.180192$ & $-0.0385217$ & $-0.0359338$ & $-0.0185967$ & $0.049139$ & $0.0165916$ & $-0.024493$ & $0.0184342$ & $0.0167928$ & $0.0175327$ & $0.0683395$ & $0.0229003$ & $-0.042195$ & $-0.0915121$ & $-0.059548$ & $-0.0928623$ & $-0.0316169$ \\
CHWB & $-0.033803$ & $-0.0661973$ & $-0.0197145$ & $0.0173205$ & $-0.012746$ & $-0.107667$ & $-0.0703979$ & $1$ & $0.984727$ & $-0.594864$ & $-0.878865$ & $0.166475$ & $0.384515$ & $0.0846398$ & $0.310249$ & $0.25207$ & $-0.280809$ & $-0.470972$ & $-0.433969$ & $0.848986$ & $0.897296$ & $0.882532$ & $0.0775333$ & $-0.697927$ & $-0.4384$ & $-0.523129$ & $0.428102$ & $0.292006$ & $0.0673695$ & $0.090981$ & $0.0504597$ & $-0.0703314$ & $0.118312$ & $0.570946$ & $0.00398136$ & $0.0146618$ & $-0.0209052$ & $0.0196847$ & $-0.0237801$ & $-0.0468932$ & $-0.0657857$ & $-0.00601919$ & $0.0128833$ & $-0.0354577$ & $0.0240691$ & $0.0176088$ & $0.0320281$ & $0.0257531$ & $-0.00339231$ \\
CHWHB_gaga & $-0.0318376$ & $-0.0850102$ & $-0.00881355$ & $0.0157178$ & $-0.0125557$ & $-0.100494$ & $-0.0198688$ & $0.984727$ & $1$ & $-0.582837$ & $-0.860325$ & $0.17914$ & $0.384246$ & $0.0740497$ & $0.303856$ & $0.250769$ & $-0.287931$ & $-0.4716$ & $-0.437735$ & $0.831287$ & $0.878347$ & $0.863883$ & $0.0799196$ & $-0.691909$ & $-0.436285$ & $-0.514002$ & $0.424775$ & $0.287353$ & $0.0790866$ & $0.107862$ & $0.0579252$ & $-0.0287926$ & $0.131905$ & $0.561584$ & $-0.0152609$ & $0.000275172$ & $-0.0189001$ & $0.0298957$ & $-0.0250483$ & $-0.0504661$ & $-0.0637987$ & $-0.0112101$ & $0.064853$ & $-0.0426779$ & $0.0235143$ & $0.00708702$ & $0.0255831$ & $0.017769$ & $-0.0127942$ \\
CHWHB_gagaorth & $0.0432664$ & $0.024786$ & $0.00388766$ & $-0.00799369$ & $0.0171698$ & $-0.00278203$ & $0.0741458$ & $-0.594864$ & $-0.582837$ & $1$ & $0.370675$ & $0.10369$ & $-0.282126$ & $0.247474$ & $-0.114879$ & $-0.114487$ & $0.471509$ & $0.513628$ & $0.512794$ & $-0.353856$ & $-0.390554$ & $-0.387369$ & $-0.0958584$ & $0.587392$ & $0.503049$ & $0.245535$ & $-0.270796$ & $-0.13828$ & $-0.0488009$ & $-0.123495$ & $-0.0750882$ & $0.0876385$ & $-0.1413$ & $-0.389791$ & $0.017888$ & $-0.013886$ & $0.0434644$ & $-0.0121$ & $0.0287749$ & $0.0218617$ & $0.0270879$ & $-0.0135942$ & $-0.00628343$ & $0.0328748$ & $-0.0467534$ & $0.000151006$ & $-0.0335685$ & $-0.0515928$ & $0.000934997$ \\
CHD & $0.0229299$ & $0.0483288$ & $0.036079$ & $-0.0318599$ & $0.00330004$ & $0.179206$ & $0.0474546$ & $-0.878865$ & $-0.860325$ & $0.370675$ & $1$ & $0.00423267$ & $-0.196825$ & $-0.506141$ & $-0.437791$ & $-0.379718$ & $-0.17903$ & $0.102895$ & $0.0658669$ & $-0.990572$ & $-0.991471$ & $-0.972826$ & $0.000970015$ & $0.336035$ & $0.0587584$ & $0.573324$ & $-0.283647$ & $-0.325571$ & $-0.0518495$ & $-0.0401499$ & $-0.0270448$ & $0.0598419$ & $-0.0678672$ & $-0.367032$ & $0.010932$ & $0.00871214$ & $0.013227$ & $-0.0175551$ & $0.0135345$ & $0.0380351$ & $0.0361796$ & $0.0103175$ & $-0.0115162$ & $0.0386568$ & $-0.0100239$ & $-0.0303622$ & $-0.0272613$ & $-0.00553093$ & $-0.00449002$ \\
CHbox & $0.0315621$ & $0.00800441$ & $0.0124938$ & $-0.0447252$ & $0.00643314$ & $0.0502764$ & $-0.190997$ & $0.166475$ & $0.17914$ & $0.10369$ & $0.00423267$ & $1$ & $0.845282$ & $-0.290843$ & $0.0474941$ & $0.0199732$ & $-0.356049$ & $-0.353296$ & $-0.337458$ & $0.000334932$ & $0.000184327$ & $-0.00321475$ & $-0.013353$ & $-0.288307$ & $-0.334041$ & $0.0194736$ & $0.0519735$ & $-0.0242387$ & $0.054297$ & $0.354028$ & $0.114911$ & $-0.107116$ & $0.427489$ & $0.0902171$ & $0.0915178$ & $0.0300768$ & $-0.00585365$ & $-0.0238071$ & $-0.00829249$ & $0.0101926$ & $-0.041337$ & $-0.0474002$ & $-0.00571377$ & $-0.0106317$ & $-0.0255904$ & $-7.88785e-05$ & $-0.0127177$ & $0.00500744$ & $0.0544587$ \\
CH & $0.0135154$ & $-0.00764962$ & $0.00976867$ & $-0.0368062$ & $-0.00501575$ & $0.0289184$ & $-0.233997$ & $0.384515$ & $0.384246$ & $-0.282126$ & $-0.196825$ & $0.845282$ & $1$ & $-0.246056$ & $0.0870074$ & $0.0517617$ & $-0.393506$ & $-0.421362$ & $-0.399509$ & $0.188012$ & $0.208559$ & $0.201138$ & $0.022155$ & $-0.434317$ & $-0.398056$ & $-0.108212$ & $0.172834$ & $0.0501172$ & $0.056997$ & $0.290439$ & $0.11463$ & $-0.184205$ & $0.361683$ & $0.238716$ & $0.0583178$ & $0.0178825$ & $-0.0049067$ & $-0.0124968$ & $-0.0208424$ & $-0.00343139$ & $-0.0473614$ & $-0.0471288$ & $0.016467$ & $-0.0332984$ & $0.0034089$ & $-0.00193702$ & $0.00358079$ & $0.0194878$ & $0.0491823$ \\
CHL1_11 & $-0.0111886$ & $0.000436752$ & $-0.0227337$ & $0.0492909$ & $0.0298388$ & $-0.00554307$ & $0.0354138$ & $0.0846398$ & $0.0740497$ & $0.247474$ & $-0.506141$ & $-0.290843$ & $-0.246056$ & $1$ & $0.286918$ & $0.257038$ & $0.676205$ & $0.593655$ & $0.611669$ & $0.528014$ & $0.465976$ & $0.451043$ & $-0.123268$ & $0.466314$ & $0.597469$ & $-0.260113$ & $-0.125425$ & $0.166119$ & $-0.00402798$ & $-0.0732824$ & $-0.0249118$ & $0.00628717$ & $-0.0624325$ & $-0.23275$ & $-0.0365704$ & $-0.0420482$ & $0.00953572$ & $0.0025414$ & $0.0136147$ & $0.00774497$ & $0.0217338$ & $-0.01774$ & $0.00605041$ & $-0.0193619$ & $-0.0104863$ & $0.00518207$ & $0.00200204$ & $-0.0297432$ & $0.0192551$ \\
CHL1_22 & $-0.00271125$ & $0.00501813$ & $0.005163$ & $-4.81824e-05$ & $0.0261387$ & $-0.0702512$ & $-0.0358946$ & $0.310249$ & $0.303856$ & $-0.114879$ & $-0.437791$ & $0.0474941$ & $0.0870074$ & $0.286918$ & $1$ & $0.445891$ & $0.164079$ & $-0.438228$ & $-0.0291071$ & $0.503579$ & $0.355659$ & $0.351204$ & $-0.195229$ & $0.0905792$ & $-0.14336$ & $-0.215185$ & $-0.395226$ & $0.125268$ & $0.0374641$ & $0.042063$ & $0.0227708$ & $-0.0360183$ & $0.0520992$ & $-0.575896$ & $-0.00432558$ & $0.0227376$ & $-0.063975$ & $-0.0427517$ & $0.00422447$ & $-0.0275926$ & $-0.0244149$ & $0.0134235$ & $0.00374142$ & $0.0313766$ & $-0.0244638$ & $0.0440255$ & $0.0505288$ & $-0.0143736$ & $0.0536196$ \\
CHL1_33 & $-0.0224825$ & $-0.0133433$ & $-0.0905099$ & $-0.0111009$ & $0.0318148$ & $-0.101888$ & $-0.0119031$ & $0.25207$ & $0.250769$ & $-0.114487$ & $-0.379718$ & $0.0199732$ & $0.0517617$ & $0.257038$ & $0.445891$ & $1$ & $0.172762$ & $-0.020238$ & $-0.419666$ & $0.445559$ & $0.298591$ & $0.323306$ & $-0.202402$ & $0.119172$ & $-0.129955$ & $-0.181548$ & $-0.426846$ & $0.1016$ & $0.0125139$ & $0.0538103$ & $-0.000609282$ & $-0.000843749$ & $0.0594051$ & $-0.126977$ & $0.0377679$ & $-0.0115133$ & $-0.0295371$ & $0.0104935$ & $0.0404511$ & $0.0205959$ & $0.014763$ & $0.0118229$ & $0.00824875$ & $-0.0192538$ & $0.0103696$ & $0.0129424$ & $-0.0195929$ & $0.00816266$ & $0.0592586$ \\
CHL3_11 & $0.0271505$ & $0.0171977$ & $-0.0291899$ & $0.0131282$ & $0.0287679$ & $-0.26989$ & $0.0466101$ & $-0.280809$ & $-0.287931$ & $0.471509$ & $-0.17903$ & $-0.356049$ & $-0.393506$ & $0.676205$ & $0.164079$ & $0.172762$ & $1$ & $0.749908$ & $0.747745$ & $0.205553$ & $0.142198$ & $0.135875$ & $-0.117539$ & $0.700866$ & $0.780776$ & $-0.075172$ & $-0.211937$ & $0.0470979$ & $-0.038849$ & $-0.103632$ & $-0.0506313$ & $0.024853$ & $-0.110116$ & $-0.298338$ & $-0.0225288$ & $-0.0518818$ & $0.0179577$ & $-0.0045187$ & $0.00288141$ & $0.0137248$ & $0.0580649$ & $-0.00583345$ & $0.000857951$ & $-0.0024703$ & $-0.0327915$ & $0.0380439$ & $-0.00852666$ & $-0.0542063$ & $-0.00160702$ \\
CHL3_22 & $0.0160966$ & $0.0128103$ & $-0.0304423$ & $0.0214359$ & $0.0154305$ & $-0.0758262$ & $0.0727449$ & $-0.470972$ & $-0.4716$ & $0.513628$ & $0.102895$ & $-0.353296$ & $-0.421362$ & $0.593655$ & $-0.438228$ & $-0.020238$ & $0.749908$ & $1$ & $0.688798$ & $-0.101865$ & $-0.101269$ & $-0.101944$ & $-0.028734$ & $0.645883$ & $0.808269$ & $0.0726195$ & $-0.0458105$ & $-0.0337882$ & $-0.0596258$ & $-0.123264$ & $-0.0609126$ & $0.0505677$ & $-0.130354$ & $-0.0167728$ & $-0.0205636$ & $-0.0663321$ & $0.0562323$ & $0.0225808$ & $0.0129231$ & $0.0423884$ & $0.0700078$ & $-0.0170948$ & $0.000791668$ & $-0.0275608$ & $-0.00501737$ & $-0.0102791$ & $-0.0415535$ & $-0.0314257$ & $-0.0159071$ \\
CHL3_33 & $0.0367483$ & $0.0218842$ & $0.0486611$ & $0.0294571$ & $0.0126735$ & $-0.053258$ & $0.0616067$ & $-0.433969$ & $-0.437735$ & $0.512794$ & $0.0658669$ & $-0.337458$ & $-0.399509$ & $0.611669$ & $-0.0291071$ & $-0.419666$ & $0.747745$ & $0.688798$ & $1$ & $-0.0651983$ & $-0.0629807$ & $-0.066972$ & $-0.0186263$ & $0.629425$ & $0.805653$ & $0.043846$ & $-0.0170424$ & $-0.0219629$ & $-0.0372345$ & $-0.13257$ & $-0.0459426$ & $0.0319781$ & $-0.13987$ & $-0.355244$ & $-0.0438425$ & $-0.038929$ & $0.0337299$ & $-0.0123462$ & $-0.0176736$ & $0.00685837$ & $0.0417107$ & $-0.0207511$ & $0.00217561$ & $0.013492$ & $-0.0358087$ & $0.0142541$ & $0.0067105$ & $-0.0539899$ & $-0.027673$ \\
CHe_11 & $-0.0282501$ & $-0.0290088$ & $-0.0301493$ & $0.0334684$ & $0.00816066$ & $-0.175636$ & $-0.0486404$ & $0.848986$ & $0.831287$ & $-0.353856$ & $-0.990572$ & $0.000334932$ & $0.188012$ & $0.528014$ & $0.503579$ & $0.445559$ & $0.205553$ & $-0.101865$ & $-0.0651983$ & $1$ & $0.97294$ & $0.956034$ & $-0.0311312$ & $-0.279699$ & $-0.0485121$ & $-0.562601$ & $0.207922$ & $0.317396$ & $0.0495918$ & $0.0412284$ & $0.0257937$ & $-0.0599218$ & $0.0688458$ & $0.285735$ & $-0.011107$ & $-0.00256663$ & $-0.0165517$ & $0.0129784$ & $-0.0087819$ & $-0.0343492$ & $-0.0347543$ & $-0.00852742$ & $0.015239$ & $-0.0384247$ & $0.00599756$ & $0.0321653$ & $0.0276661$ & $0.00375255$ & $0.0142669$ \\
CHe_22 & $-0.0297833$ & $-0.0327681$ & $-0.0256267$ & $0.034276$ & $0.00123879$ & $-0.179641$ & $-0.0480949$ & $0.897296$ & $0.878347$ & $-0.390554$ & $-0.991471$ & $0.000184327$ & $0.208559$ & $0.465976$ & $0.355659$ & $0.298591$ & $0.142198$ & $-0.101269$ & $-0.0629807$ & $0.97294$ & $1$ & $0.977065$ & $0.0288476$ & $-0.391375$ & $-0.06711$ & $-0.574137$ & $0.364506$ & $0.324715$ & $0.05188$ & $0.0402286$ & $0.0283849$ & $-0.0605402$ & $0.0682102$ & $0.452106$ & $-0.0142058$ & $-0.000258199$ & $-0.00774372$ & $0.0202172$ & $-0.016679$ & $-0.0382945$ & $-0.0418358$ & $-0.0118149$ & $0.0145051$ & $-0.0421474$ & $0.00604559$ & $0.0296489$ & $0.0267655$ & $0.00430679$ & $-0.00167004$ \\
CHe_33 & $-0.0323494$ & $-0.0360743$ & $-0.0276847$ & $0.0406614$ & $0.0025177$ & $-0.177001$ & $-0.0437747$ & $0.882532$ & $0.863883$ & $-0.387369$ & $-0.972826$ & $-0.00321475$ & $0.201138$ & $0.451043$ & $0.351204$ & $0.323306$ & $0.135875$ & $-0.101944$ & $-0.066972$ & $0.956034$ & $0.977065$ & $1$ & $0.0292325$ & $-0.383892$ & $-0.0679759$ & $-0.566202$ & $0.356813$ & $0.318496$ & $0.0503588$ & $0.0363225$ & $0.028695$ & $-0.0552616$ & $0.0646421$ & $0.446601$ & $-0.0138934$ & $0.00702948$ & $-0.0125093$ & $0.0204196$ & $-0.0237011$ & $-0.0336015$ & $-0.0375768$ & $-0.0117005$ & $0.0126775$ & $-0.038743$ & $0.00622208$ & $0.0295485$ & $0.0325683$ & $0.00226083$ & $-0.00246913$ \\
CHQ1_11 & $-0.00290632$ & $-0.0524666$ & $0.0377519$ & $0.00729079$ & $-0.00569792$ & $-0.00995416$ & $-0.0139164$ & $0.0775333$ & $0.0799196$ & $-0.0958584$ & $0.000970015$ & $-0.013353$ & $0.022155$ & $-0.123268$ & $-0.195229$ & $-0.202402$ & $-0.117539$ & $-0.028734$ & $-0.0186263$ & $-0.0311312$ & $0.0288476$ & $0.0292325$ & $1$ & $-0.163165$ & $0.0575214$ & $-0.651999$ & $0.386343$ & $0.0209841$ & $-0.0248058$ & $0.0151235$ & $-0.00486289$ & $-0.0159262$ & $0.0382927$ & $0.226776$ & $-0.055717$ & $-0.0578487$ & $-0.0346406$ & $-0.0115646$ & $-0.0550091$ & $-0.0223662$ & $-0.018815$ & $-0.0183313$ & $0.00397491$ & $-0.00879973$ & $0.0537105$ & $0.00933279$ & $0.0426866$ & $0.0467308$ & $0.0179928$ \\
CHQ1_33 & $-0.00455633$ & $0.0429863$ & $-0.00188176$ & $0.0156046$ & $0.0347611$ & $-0.0157301$ & $0.0772706$ & $-0.697927$ & $-0.691909$ & $0.587392$ & $0.336035$ & $-0.288307$ & $-0.434317$ & $0.466314$ & $0.0905792$ & $0.119172$ & $0.700866$ & $0.645883$ & $0.629425$ & $-0.279699$ & $-0.391375$ & $-0.383892$ & $-0.163165$ & $1$ & $0.658664$ & $0.2227$ & $-0.451527$ & $-0.0327179$ & $-0.0571891$ & $-0.0990166$ & $-0.0585726$ & $0.0622942$ & $-0.116152$ & $-0.651635$ & $-0.0303389$ & $-0.0429164$ & $0.00466903$ & $-0.0211666$ & $0.0470774$ & $0.0424467$ & $0.0437473$ & $0.00775872$ & $0.0102171$ & $0.0147025$ & $-0.0125817$ & $-0.00912899$ & $-0.0206209$ & $-0.0443008$ & $0.0286522$ \\
CHQ3_11 & $-0.0553752$ & $0.0162703$ & $-0.00707363$ & $0.0273494$ & $0.00808976$ & $-0.0963531$ & $0.0777109$ & $-0.4384$ & $-0.436285$ & $0.503049$ & $0.0587584$ & $-0.334041$ & $-0.398056$ & $0.597469$ & $-0.14336$ & $-0.129955$ & $0.780776$ & $0.808269$ & $0.805653$ & $-0.0485121$ & $-0.06711$ & $-0.0679759$ & $0.0575214$ & $0.658664$ & $1$ & $0.041301$ & $0.160175$ & $-0.016266$ & $-0.0383505$ & $-0.118521$ & $-0.0344901$ & $0.0497122$ & $-0.109144$ & $-0.236563$ & $-0.0389563$ & $-0.0722547$ & $0.0323129$ & $0.0132739$ & $-0.0129601$ & $0.0238924$ & $0.0390666$ & $-0.0381917$ & $-0.00196046$ & $-0.0260952$ & $-0.0140226$ & $0.0128908$ & $0.0125368$ & $-0.0359964$ & $0.00758021$ \\
CHu_11 & $-0.0154745$ & $0.0548655$ & $-0.0204365$ & $-0.0191751$ & $-0.016646$ & $0.111548$ & $0.0417333$ & $-0.523129$ & $-0.514002$ & $0.245535$ & $0.573324$ & $0.0194736$ & $-0.108212$ & $-0.260113$ & $-0.215185$ & $-0.181548$ & $-0.075172$ & $0.0726195$ & $0.043846$ & $-0.562601$ & $-0.574137$ & $-0.566202$ & $-0.651999$ & $0.2227$ & $0.041301$ & $1$ & $-0.18988$ & $-0.215268$ & $-0.0197064$ & $-0.0409379$ & $-0.00587812$ & $0.0465967$ & $-0.0586577$ & $-0.256282$ & $0.0570122$ & $0.0423139$ & $0.039961$ & $0.00571364$ & $0.0349404$ & $0.0228962$ & $0.0418713$ & $0.0196164$ & $-0.010261$ & $0.0266022$ & $-0.0337673$ & $-0.0358358$ & $-0.0466314$ & $-0.0278049$ & $0.00531363$ \\
CHd_11 & $-0.0248455$ & $-0.0379785$ & $0.0331456$ & $0.00825816$ & $-0.0429519$ & $-0.0538296$ & $-0.00673924$ & $0.428102$ & $0.424775$ & $-0.270796$ & $-0.283647$ & $0.0519735$ & $0.172834$ & $-0.125425$ & $-0.395226$ & $-0.426846$ & $-0.211937$ & $-0.0458105$ & $-0.0170424$ & $0.207922$ & $0.364506$ & $0.356813$ & $0.386343$ & $-0.451527$ & $0.160175$ & $-0.18988$ & $1$ & $0.0951463$ & $0.024607$ & $0.0116151$ & $0.0334769$ & $-0.016861$ & $0.0430139$ & $0.6894$ & $-0.00643219$ & $-0.0196848$ & $0.0259859$ & $0.0358299$ & $-0.0471772$ & $-0.0338808$ & $-0.0384949$ & $-0.0385244$ & $0.00281048$ & $-0.0416963$ & $0.0149716$ & $0.0176382$ & $0.0242094$ & $0.0233285$ & $-0.0245631$ \\
CHd_33 & $-0.0293205$ & $0.000984305$ & $0.00951331$ & $0.0591629$ & $-0.00108128$ & $-0.0640621$ & $-0.0262277$ & $0.292006$ & $0.287353$ & $-0.13828$ & $-0.325571$ & $-0.0242387$ & $0.0501172$ & $0.166119$ & $0.125268$ & $0.1016$ & $0.0470979$ & $-0.0337882$ & $-0.0219629$ & $0.317396$ & $0.324715$ & $0.318496$ & $0.0209841$ & $-0.0327179$ & $-0.016266$ & $-0.215268$ & $0.0951463$ & $1$ & $0.0209322$ & $0.0130861$ & $0.012255$ & $-0.0323911$ & $0.0255833$ & $0.137608$ & $-0.0359206$ & $0.0373783$ & $-0.0371222$ & $0.0293009$ & $0.03472$ & $-0.00651568$ & $-0.0493365$ & $0.000219742$ & $0.015638$ & $-0.0237051$ & $0.0557413$ & $-0.0145835$ & $0.0115158$ & $0.000366161$ & $0.00492785$ \\
CeH_22r & $-0.00879454$ & $-0.0096167$ & $0.0411675$ & $0.0689455$ & $0.00274452$ & $0.0110646$ & $0.0169872$ & $0.0673695$ & $0.0790866$ & $-0.0488009$ & $-0.0518495$ & $0.054297$ & $0.056997$ & $-0.00402798$ & $0.0374641$ & $0.0125139$ & $-0.038849$ & $-0.0596258$ & $-0.0372345$ & $0.0495918$ & $0.05188$ & $0.0503588$ & $-0.0248058$ & $-0.0571891$ & $-0.0383505$ & $-0.0197064$ & $0.024607$ & $0.0209322$ & $1$ & $0.0689622$ & $0.0624879$ & $0.006082$ & $0.0698261$ & $0.0194563$ & $-0.0204753$ & $-0.0116592$ & $-0.00457497$ & $0.00841466$ & $-0.0152882$ & $-0.0172601$ & $-0.0171396$ & $-0.00508972$ & $-0.0215077$ & $-0.0375444$ & $-0.0402325$ & $0.00897818$ & $0.0491123$ & $-0.0397836$ & $0.00427858$ \\
CeH_33r & $0.00167095$ & $-0.000276864$ & $0.0133986$ & $0.0202587$ & $0.0208756$ & $0.0130401$ & $-0.115202$ & $0.090981$ & $0.107862$ & $-0.123495$ & $-0.0401499$ & $0.354028$ & $0.290439$ & $-0.0732824$ & $0.042063$ & $0.0538103$ & $-0.103632$ & $-0.123264$ & $-0.13257$ & $0.0412284$ & $0.0402286$ & $0.0363225$ & $0.0151235$ & $-0.0990166$ & $-0.118521$ & $-0.0409379$ & $0.0116151$ & $0.0130861$ & $0.0689622$ & $1$ & $0.324823$ & $0.0354417$ & $0.685142$ & $0.0411314$ & $0.00501351$ & $0.0097418$ & $-0.177767$ & $-0.0708674$ & $-0.0264263$ & $0.0281737$ & $-0.00197141$ & $0.0011266$ & $-0.0106744$ & $-0.0454788$ & $3.39832e-07$ & $-0.00696828$ & $0.00925949$ & $0.0247346$ & $0.0296562$ \\
CuH_22r & $-0.0307429$ & $0.00174067$ & $0.0367841$ & $-0.00632182$ & $0.0141052$ & $0.00813832$ & $-0.116776$ & $0.0504597$ & $0.0579252$ & $-0.0750882$ & $-0.0270448$ & $0.114911$ & $0.11463$ & $-0.0249118$ & $0.0227708$ & $-0.000609282$ & $-0.0506313$ & $-0.0609126$ & $-0.0459426$ & $0.0257937$ & $0.0283849$ & $0.028695$ & $-0.00486289$ & $-0.0585726$ & $-0.0344901$ & $-0.00587812$ & $0.0334769$ & $0.012255$ & $0.0624879$ & $0.324823$ & $1$ & $-0.0302126$ & $0.384075$ & $0.0198615$ & $0.0084959$ & $0.0135163$ & $-0.120353$ & $-0.034964$ & $-0.114674$ & $-0.00471692$ & $-0.0405537$ & $-0.058214$ & $-0.00760301$ & $0.0121188$ & $-0.0185011$ & $0.0628134$ & $0.328438$ & $0.066802$ & $0.0263755$ \\
CuH_33r & $0.00263358$ & $-0.116765$ & $0.0305352$ & $-0.0745739$ & $-0.022397$ & $0.0163297$ & $0.937823$ & $-0.0703314$ & $-0.0287926$ & $0.0876385$ & $0.0598419$ & $-0.107116$ & $-0.184205$ & $0.00628717$ & $-0.0360183$ & $-0.000843749$ & $0.024853$ & $0.0505677$ & $0.0319781$ & $-0.0599218$ & $-0.0605402$ & $-0.0552616$ & $-0.0159262$ & $0.0622942$ & $0.0497122$ & $0.0465967$ & $-0.016861$ & $-0.0323911$ & $0.006082$ & $0.0354417$ & $-0.0302126$ & $1$ & $0.00900461$ & $-0.0346764$ & $0.0487559$ & $0.0223182$ & $-0.003828$ & $-0.00173363$ & $-0.0315448$ & $0.0293879$ & $0.00342603$ & $0.0177965$ & $0.0583328$ & $0.0274573$ & $-0.0605169$ & $-0.0756672$ & $-0.0566793$ & $-0.0819907$ & $-0.00317123$ \\
CdH_33r & $-0.0718304$ & $0.0617822$ & $-0.0308072$ & $-0.0140114$ & $0.0281354$ & $0.0142914$ & $-0.180192$ & $0.118312$ & $0.131905$ & $-0.1413$ & $-0.0678672$ & $0.427489$ & $0.361683$ & $-0.0624325$ & $0.0520992$ & $0.0594051$ & $-0.110116$ & $-0.130354$ & $-0.13987$ & $0.0688458$ & $0.0682102$ & $0.0646421$ & $0.0382927$ & $-0.116152$ & $-0.109144$ & $-0.0586577$ & $0.0430139$ & $0.0255833$ & $0.0698261$ & $0.685142$ & $0.384075$ & $0.00900461$ & $1$ & $0.0581889$ & $0.0749038$ & $0.012254$ & $-0.267121$ & $-0.0622954$ & $-0.0418125$ & $0.0271517$ & $-0.0184314$ & $-0.00967241$ & $-0.049812$ & $-0.000728565$ & $0.0182073$ & $-0.0773645$ & $0.0767779$ & $0.146608$ & $0.419799$ \\
CLL_1221 & $-0.0269278$ & $-0.0165489$ & $-0.0270087$ & $0.00658276$ & $-0.0364378$ & $-0.112972$ & $-0.0385217$ & $0.570946$ & $0.561584$ & $-0.389791$ & $-0.367032$ & $0.0902171$ & $0.238716$ & $-0.23275$ & $-0.575896$ & $-0.126977$ & $-0.298338$ & $-0.0167728$ & $-0.355244$ & $0.285735$ & $0.452106$ & $0.446601$ & $0.226776$ & $-0.651635$ & $-0.236563$ & $-0.256282$ & $0.6894$ & $0.137608$ & $0.0194563$ & $0.0411314$ & $0.0198615$ & $-0.0346764$ & $0.0581889$ & $1$ & $0.0118738$ & $0.0100188$ & $0.0352259$ & $0.0527832$ & $-0.0272383$ & $-0.0174821$ & $-0.0328244$ & $-0.00771997$ & $0.00464875$ & $-0.0545092$ & $0.0245967$ & $-0.00640683$ & $-0.0178185$ & $0.0303409$ & $-0.03878$ \\
eHggint & $0.159619$ & $-0.0664311$ & $0.0875347$ & $-0.197573$ & $-0.0326273$ & $-0.0341149$ & $-0.0359338$ & $0.00398136$ & $-0.0152609$ & $0.017888$ & $0.010932$ & $0.0915178$ & $0.0583178$ & $-0.0365704$ & $-0.00432558$ & $0.0377679$ & $-0.0225288$ & $-0.0205636$ & $-0.0438425$ & $-0.011107$ & $-0.0142058$ & $-0.0138934$ & $-0.055717$ & $-0.0303389$ & $-0.0389563$ & $0.0570122$ & $-0.00643219$ & $-0.0359206$ & $-0.0204753$ & $0.00501351$ & $0.0084959$ & $0.0487559$ & $0.0749038$ & $0.0118738$ & $1$ & $-0.1167$ & $-0.219269$ & $-0.0407449$ & $-0.151751$ & $0.0133683$ & $-0.0896263$ & $-0.0281694$ & $-0.120557$ & $0.0123646$ & $-0.0902067$ & $0.059189$ & $-0.0143946$ & $0.114497$ & $0.106988$ \\
eHggpar & $0.0286692$ & $0.38507$ & $0.0212676$ & $-0.0388621$ & $-0.0567373$ & $0.0139307$ & $-0.0185967$ & $0.0146618$ & $0.000275172$ & $-0.013886$ & $0.00871214$ & $0.0300768$ & $0.0178825$ & $-0.0420482$ & $0.0227376$ & $-0.0115133$ & $-0.0518818$ & $-0.0663321$ & $-0.038929$ & $-0.00256663$ & $-0.000258199$ & $0.00702948$ & $-0.0578487$ & $-0.0429164$ & $-0.0722547$ & $0.0423139$ & $-0.0196848$ & $0.0373783$ & $-0.0116592$ & $0.0097418$ & $0.0135163$ & $0.0223182$ & $0.012254$ & $0.0100188$ & $-0.1167$ & $1$ & $0.0192288$ & $-0.0247929$ & $0.167198$ & $0.0603089$ & $-0.211315$ & $0.079778$ & $-0.0620176$ & $0.100643$ & $0.00419905$ & $0.119802$ & $-0.061334$ & $-0.250908$ & $0.130741$ \\
eHWWint & $0.0353397$ & $-0.00192195$ & $0.00194579$ & $0.0418628$ & $-0.0605841$ & $0.000674841$ & $0.049139$ & $-0.0209052$ & $-0.0189001$ & $0.0434644$ & $0.013227$ & $-0.00585365$ & $-0.0049067$ & $0.00953572$ & $-0.063975$ & $-0.0295371$ & $0.0179577$ & $0.0562323$ & $0.0337299$ & $-0.0165517$ & $-0.00774372$ & $-0.0125093$ & $-0.0346406$ & $0.00466903$ & $0.0323129$ & $0.039961$ & $0.0259859$ & $-0.0371222$ & $-0.00457497$ & $-0.177767$ & $-0.120353$ & $-0.003828$ & $-0.267121$ & $0.0352259$ & $-0.219269$ & $0.0192288$ & $1$ & $0.0624373$ & $0.0804743$ & $-0.0305024$ & $0.00111933$ & $-0.0839853$ & $0.0764118$ & $0.0116524$ & $0.0123491$ & $0.117344$ & $-0.191056$ & $-0.163348$ & $-0.219251$ \\
eHWWpar & $-0.0627336$ & $0.0230506$ & $-0.0383946$ & $0.0186071$ & $-0.0124636$ & $-0.00731746$ & $0.0165916$ & $0.0196847$ & $0.0298957$ & $-0.0121$ & $-0.0175551$ & $-0.0238071$ & $-0.0124968$ & $0.0025414$ & $-0.0427517$ & $0.0104935$ & $-0.0045187$ & $0.0225808$ & $-0.0123462$ & $0.0129784$ & $0.0202172$ & $0.0204196$ & $-0.0115646$ & $-0.0211666$ & $0.0132739$ & $0.00571364$ & $0.0358299$ & $0.0293009$ & $0.00841466$ & $-0.0708674$ & $-0.034964$ & $-0.00173363$ & $-0.0622954$ & $0.0527832$ & $-0.0407449$ & $-0.0247929$ & $0.0624373$ & $1$ & $0.0239554$ & $-0.0277556$ & $0.0409332$ & $-0.0355477$ & $0.056978$ & $-0.00716189$ & $-0.0171588$ & $-0.0120245$ & $-0.0533495$ & $-0.00977536$ & $-0.0526175$ \\
eHZZint & $0.0608928$ & $0.0689252$ & $-0.367251$ & $0.171574$ & $0.0243819$ & $0.00316081$ & $-0.024493$ & $-0.0237801$ & $-0.0250483$ & $0.0287749$ & $0.0135345$ & $-0.00829249$ & $-0.0208424$ & $0.0136147$ & $0.00422447$ & $0.0404511$ & $0.00288141$ & $0.0129231$ & $-0.0176736$ & $-0.0087819$ & $-0.016679$ & $-0.0237011$ & $-0.0550091$ & $0.0470774$ & $-0.0129601$ & $0.0349404$ & $-0.0471772$ & $0.03472$ & $-0.0152882$ & $-0.0264263$ & $-0.114674$ & $-0.0315448$ & $-0.0418125$ & $-0.0272383$ & $-0.151751$ & $0.167198$ & $0.0804743$ & $0.0239554$ & $1$ & $0.0604548$ & $0.00763464$ & $0.0580421$ & $0.0258572$ & $-0.0383193$ & $0.133693$ & $-0.0396441$ & $-0.357435$ & $-0.0870165$ & $-0.0032864$ \\
eHZZpar & $-0.014332$ & $-0.0193437$ & $-0.00975254$ & $-0.0490968$ & $-0.0233841$ & $-0.0062813$ & $0.0184342$ & $-0.0468932$ & $-0.0504661$ & $0.0218617$ & $0.0380351$ & $0.0101926$ & $-0.00343139$ & $0.00774497$ & $-0.0275926$ & $0.0205959$ & $0.0137248$ & $0.0423884$ & $0.00685837$ & $-0.0343492$ & $-0.0382945$ & $-0.0336015$ & $-0.0223662$ & $0.0424467$ & $0.0238924$ & $0.0228962$ & $-0.0338808$ & $-0.00651568$ & $-0.0172601$ & $0.0281737$ & $-0.00471692$ & $0.0293879$ & $0.0271517$ & $-0.0174821$ & $0.0133683$ & $0.0603089$ & $-0.0305024$ & $-0.0277556$ & $0.0604548$ & $1$ & $-0.0194725$ & $-0.0174972$ & $-0.0915999$ & $-0.00217554$ & $0.00900378$ & $0.00577776$ & $0.00891117$ & $0.0300302$ & $-0.00921987$ \\
eHZgaint & $0.230472$ & $-0.0100941$ & $-0.115713$ & $-0.00480905$ & $0.0223701$ & $-0.0446715$ & $0.0167928$ & $-0.0657857$ & $-0.0637987$ & $0.0270879$ & $0.0361796$ & $-0.041337$ & $-0.0473614$ & $0.0217338$ & $-0.0244149$ & $0.014763$ & $0.0580649$ & $0.0700078$ & $0.0417107$ & $-0.0347543$ & $-0.0418358$ & $-0.0375768$ & $-0.018815$ & $0.0437473$ & $0.0390666$ & $0.0418713$ & $-0.0384949$ & $-0.0493365$ & $-0.0171396$ & $-0.00197141$ & $-0.0405537$ & $0.00342603$ & $-0.0184314$ & $-0.0328244$ & $-0.0896263$ & $-0.211315$ & $0.00111933$ & $0.0409332$ & $0.00763464$ & $-0.0194725$ & $1$ & $-0.0538975$ & $-0.0918654$ & $0.0314212$ & $0.0214725$ & $0.042576$ & $-0.0683288$ & $-0.0462337$ & $-0.0564811$ \\
eHZgapar & $-0.00652455$ & $0.087744$ & $-0.0398284$ & $0.0143545$ & $0.00871423$ & $-0.00883632$ & $0.0175327$ & $-0.00601919$ & $-0.0112101$ & $-0.0135942$ & $0.0103175$ & $-0.0474002$ & $-0.0471288$ & $-0.01774$ & $0.0134235$ & $0.0118229$ & $-0.00583345$ & $-0.0170948$ & $-0.0207511$ & $-0.00852742$ & $-0.0118149$ & $-0.0117005$ & $-0.0183313$ & $0.00775872$ & $-0.0381917$ & $0.0196164$ & $-0.0385244$ & $0.000219742$ & $-0.00508972$ & $0.0011266$ & $-0.058214$ & $0.0177965$ & $-0.00967241$ & $-0.00771997$ & $-0.0281694$ & $0.079778$ & $-0.0839853$ & $-0.0355477$ & $0.0580421$ & $-0.0174972$ & $-0.0538975$ & $1$ & $-0.0119811$ & $0.0373994$ & $0.0451654$ & $0.0340678$ & $-0.0841316$ & $0.0299161$ & $0.0190822$ \\
eHgagaint & $-0.0238262$ & $-0.0784444$ & $0.171999$ & $0.10394$ & $-0.0135913$ & $-0.00824387$ & $0.0683395$ & $0.0128833$ & $0.064853$ & $-0.00628343$ & $-0.0115162$ & $-0.00571377$ & $0.016467$ & $0.00605041$ & $0.00374142$ & $0.00824875$ & $0.000857951$ & $0.000791668$ & $0.00217561$ & $0.015239$ & $0.0145051$ & $0.0126775$ & $0.00397491$ & $0.0102171$ & $-0.00196046$ & $-0.010261$ & $0.00281048$ & $0.015638$ & $-0.0215077$ & $-0.0106744$ & $-0.00760301$ & $0.0583328$ & $-0.049812$ & $0.00464875$ & $-0.120557$ & $-0.0620176$ & $0.0764118$ & $0.056978$ & $0.0258572$ & $-0.0915999$ & $-0.0918654$ & $-0.0119811$ & $1$ & $-0.177743$ & $0.0321141$ & $-0.111901$ & $-0.0298265$ & $-0.155269$ & $-0.0486745$ \\
eHmumuint & $0.13776$ & $0.00676965$ & $0.159419$ & $-0.0990125$ & $-0.0280276$ & $0.0597977$ & $0.0229003$ & $-0.0354577$ & $-0.0426779$ & $0.0328748$ & $0.0386568$ & $-0.0106317$ & $-0.0332984$ & $-0.0193619$ & $0.0313766$ & $-0.0192538$ & $-0.0024703$ & $-0.0275608$ & $0.013492$ & $-0.0384247$ & $-0.0421474$ & $-0.038743$ & $-0.00879973$ & $0.0147025$ & $-0.0260952$ & $0.0266022$ & $-0.0416963$ & $-0.0237051$ & $-0.0375444$ & $-0.0454788$ & $0.0121188$ & $0.0274573$ & $-0.000728565$ & $-0.0545092$ & $0.0123646$ & $0.100643$ & $0.0116524$ & $-0.00716189$ & $-0.0383193$ & $-0.00217554$ & $0.0314212$ & $0.0373994$ & $-0.177743$ & $1$ & $-0.0451599$ & $-0.0710152$ & $-0.0570859$ & $0.0547768$ & $0.0306183$ \\
eHtautauint & $-0.111815$ & $-0.250719$ & $-0.107093$ & $0.0340015$ & $0.0306347$ & $0.0357581$ & $-0.042195$ & $0.0240691$ & $0.0235143$ & $-0.0467534$ & $-0.0100239$ & $-0.0255904$ & $0.0034089$ & $-0.0104863$ & $-0.0244638$ & $0.0103696$ & $-0.0327915$ & $-0.00501737$ & $-0.0358087$ & $0.00599756$ & $0.00604559$ & $0.00622208$ & $0.0537105$ & $-0.0125817$ & $-0.0140226$ & $-0.0337673$ & $0.0149716$ & $0.0557413$ & $-0.0402325$ & $3.39832e-07$ & $-0.0185011$ & $-0.0605169$ & $0.0182073$ & $0.0245967$ & $-0.0902067$ & $0.00419905$ & $0.0123491$ & $-0.0171588$ & $0.133693$ & $0.00900378$ & $0.0214725$ & $0.0451654$ & $0.0321141$ & $-0.0451599$ & $1$ & $-0.224591$ & $0.0227844$ & $0.0701745$ & $0.102371$ \\
eHccint & $0.202851$ & $0.10304$ & $0.0301507$ & $-0.0427749$ & $0.045942$ & $-0.0676367$ & $-0.0915121$ & $0.0176088$ & $0.00708702$ & $0.000151006$ & $-0.0303622$ & $-7.88785e-05$ & $-0.00193702$ & $0.00518207$ & $0.0440255$ & $0.0129424$ & $0.0380439$ & $-0.0102791$ & $0.0142541$ & $0.0321653$ & $0.0296489$ & $0.0295485$ & $0.00933279$ & $-0.00912899$ & $0.0128908$ & $-0.0358358$ & $0.0176382$ & $-0.0145835$ & $0.00897818$ & $-0.00696828$ & $0.0628134$ & $-0.0756672$ & $-0.0773645$ & $-0.00640683$ & $0.059189$ & $0.119802$ & $0.117344$ & $-0.0120245$ & $-0.0396441$ & $0.00577776$ & $0.042576$ & $0.0340678$ & $-0.111901$ & $-0.0710152$ & $-0.224591$ & $1$ & $0.0883841$ & $-0.0438574$ & $-0.16111$ \\
eHccpar & $-0.144576$ & $-0.0406696$ & $0.0860935$ & $-0.0520314$ & $0.0372172$ & $0.0112885$ & $-0.059548$ & $0.0320281$ & $0.0255831$ & $-0.0335685$ & $-0.0272613$ & $-0.0127177$ & $0.00358079$ & $0.00200204$ & $0.0505288$ & $-0.0195929$ & $-0.00852666$ & $-0.0415535$ & $0.0067105$ & $0.0276661$ & $0.0267655$ & $0.0325683$ & $0.0426866$ & $-0.0206209$ & $0.0125368$ & $-0.0466314$ & $0.0242094$ & $0.0115158$ & $0.0491123$ & $0.00925949$ & $0.328438$ & $-0.0566793$ & $0.0767779$ & $-0.0178185$ & $-0.0143946$ & $-0.061334$ & $-0.191056$ & $-0.0533495$ & $-0.357435$ & $0.00891117$ & $-0.0683288$ & $-0.0841316$ & $-0.0298265$ & $-0.0570859$ & $0.0227844$ & $0.0883841$ & $1$ & $0.120361$ & $0.10569$ \\
eHbbint & $0.000682477$ & $0.0461813$ & $-0.120222$ & $0.0222712$ & $0.0355371$ & $0.0194256$ & $-0.0928623$ & $0.0257531$ & $0.017769$ & $-0.0515928$ & $-0.00553093$ & $0.00500744$ & $0.0194878$ & $-0.0297432$ & $-0.0143736$ & $0.00816266$ & $-0.0542063$ & $-0.0314257$ & $-0.0539899$ & $0.00375255$ & $0.00430679$ & $0.00226083$ & $0.0467308$ & $-0.0443008$ & $-0.0359964$ & $-0.0278049$ & $0.0233285$ & $0.000366161$ & $-0.0397836$ & $0.0247346$ & $0.066802$ & $-0.0819907$ & $0.146608$ & $0.0303409$ & $0.114497$ & $-0.250908$ & $-0.163348$ & $-0.00977536$ & $-0.0870165$ & $0.0300302$ & $-0.0462337$ & $0.0299161$ & $-0.155269$ & $0.0547768$ & $0.0701745$ & $-0.0438574$ & $0.120361$ & $1$ & $0.0211714$ \\
eHbbpar & $-0.17205$ & $0.165352$ & $-0.0299427$ & $-0.053744$ & $-0.00742644$ & $0.0283816$ & $-0.0316169$ & $-0.00339231$ & $-0.0127942$ & $0.000934997$ & $-0.00449002$ & $0.0544587$ & $0.0491823$ & $0.0192551$ & $0.0536196$ & $0.0592586$ & $-0.00160702$ & $-0.0159071$ & $-0.027673$ & $0.0142669$ & $-0.00167004$ & $-0.00246913$ & $0.0179928$ & $0.0286522$ & $0.00758021$ & $0.00531363$ & $-0.0245631$ & $0.00492785$ & $0.00427858$ & $0.0296562$ & $0.0263755$ & $-0.00317123$ & $0.419799$ & $-0.03878$ & $0.106988$ & $0.130741$ & $-0.219251$ & $-0.0526175$ & $-0.0032864$ & $-0.00921987$ & $-0.0564811$ & $0.0190822$ & $-0.0486745$ & $0.0306183$ & $0.102371$ & $-0.16111$ & $0.10569$ & $0.0211714$ & $1$ \\
