 & AlsMz & dAle5Mz & mtop & mHl & Mz & CW & CHG & CHWB & CHWHB_gaga & CHWHB_gagaorth & CHD & CHbox & CH & CHL1_11 & CHL1_22 & CHL1_33 & CHL3_11 & CHL3_22 & CHL3_33 & CHe_11 & CHe_22 & CHe_33 & CHQ1_11 & CHQ1_33 & CHQ3_11 & CHu_11 & CHd_11 & CHd_33 & CeH_22r & CeH_33r & CuH_22r & CuH_33r & CdH_33r & CLL_1221 & eHggint & eHggpar & eHWWint & eHWWpar & eHZZint & eHZZpar & eHZgaint & eHZgapar & eHgagaint & eHmumuint & eHtautauint & eHccint & eHccpar & eHbbint & eHbbpar \\
AlsMz & $1$ & $0.0438201$ & $0.0132753$ & $0.0626746$ & $0.0661787$ & $-0.00924939$ & $0.0471295$ & $-0.0101174$ & $-0.00933725$ & $-0.0244931$ & $0.00931009$ & $-0.00748578$ & $-0.0169531$ & $-0.0265975$ & $-0.0494037$ & $-0.0346046$ & $0.00508097$ & $0.0194187$ & $0.0148337$ & $-0.0171701$ & $-0.0112223$ & $-0.00226952$ & $-0.0291096$ & $-0.0605453$ & $-0.114621$ & $0.00569283$ & $0.00160781$ & $-0.00308348$ & $0.00681081$ & $-0.018398$ & $-0.0216991$ & $0.0705416$ & $0.000644059$ & $0.0420394$ & $0.117173$ & $0.0709522$ & $-0.11079$ & $0.0439004$ & $0.0868571$ & $-0.00111722$ & $0.0209183$ & $0.038588$ & $0.0368858$ & $-0.0603685$ & $-0.0885364$ & $-0.0833534$ & $0.00686144$ & $0.0510581$ & $-0.0515039$ \\
dAle5Mz & $0.0438201$ & $1$ & $-0.0199033$ & $-0.0863603$ & $-0.0285763$ & $0.0541885$ & $0.0570174$ & $-0.130805$ & $-0.120419$ & $0.0541271$ & $0.104239$ & $0.0317575$ & $-0.0139381$ & $-0.0254357$ & $0.0214428$ & $-0.021843$ & $0.0284461$ & $0.00348352$ & $0.0446144$ & $-0.0752017$ & $-0.0862713$ & $-0.0758201$ & $-0.0449685$ & $0.0846808$ & $0.0271811$ & $0.0576439$ & $-0.0449876$ & $-0.027647$ & $0.00520479$ & $0.0055583$ & $0.0024216$ & $0.0467518$ & $-0.00657676$ & $-0.058912$ & $-0.113555$ & $0.01433$ & $0.0961962$ & $-3.66338e-05$ & $-0.162926$ & $-0.00967482$ & $-0.0219383$ & $-0.0308645$ & $-0.040109$ & $0.0580766$ & $-0.00763985$ & $0.159593$ & $0.0741169$ & $0.061785$ & $-0.0289987$ \\
mtop & $0.0132753$ & $-0.0199033$ & $1$ & $-0.0942577$ & $-0.00420895$ & $-0.024591$ & $-0.0106438$ & $-0.00223037$ & $0.0015845$ & $0.0163277$ & $-0.00545747$ & $-0.0143234$ & $0.00529139$ & $0.0265094$ & $-8.11769e-05$ & $0.0356031$ & $0.0337592$ & $0.0337551$ & $0.0103903$ & $0.0120645$ & $0.00861351$ & $0.00917516$ & $0.0123306$ & $0.0297983$ & $0.00658397$ & $-0.0386805$ & $-0.0305197$ & $0.00191707$ & $-0.0147789$ & $-0.0304705$ & $0.0215103$ & $-0.0110774$ & $-0.0200769$ & $0.00529965$ & $-0.0187947$ & $0.0228265$ & $-0.0868133$ & $0.0384597$ & $0.0318878$ & $-0.0194179$ & $-0.0297287$ & $-0.0186637$ & $0.00768076$ & $-0.148244$ & $0.0520241$ & $-0.0533903$ & $0.0382302$ & $-0.0356555$ & $-0.0124776$ \\
mHl & $0.0626746$ & $-0.0863603$ & $-0.0942577$ & $1$ & $0.00980092$ & $-0.00169951$ & $-0.0292523$ & $0.00747533$ & $-0.0130015$ & $-0.0261112$ & $-0.00875054$ & $-0.0512807$ & $-0.00622546$ & $-0.00376866$ & $-0.0206907$ & $-0.0122781$ & $0.0161957$ & $0.0154837$ & $-0.000827669$ & $0.00131413$ & $0.00929877$ & $-0.00559005$ & $-0.0253751$ & $-0.00748558$ & $0.00473653$ & $0.00811741$ & $0.0141115$ & $0.040828$ & $0.0215889$ & $-0.0283903$ & $-0.0545634$ & $-0.0345366$ & $-0.0452089$ & $0.025043$ & $0.0980074$ & $-0.0973499$ & $-0.0176387$ & $-0.0412795$ & $0.180833$ & $-0.0197082$ & $0.0927498$ & $0.00378499$ & $-0.129532$ & $0.11585$ & $-0.0777299$ & $-0.13908$ & $-0.113876$ & $0.0182214$ & $-0.0818199$ \\
Mz & $0.0661787$ & $-0.0285763$ & $-0.00420895$ & $0.00980092$ & $1$ & $0.000822866$ & $-0.0471113$ & $0.00270551$ & $-0.00275875$ & $0.0351516$ & $0.00654533$ & $0.0173538$ & $-0.0417624$ & $-4.36409e-05$ & $-0.0237591$ & $0.00519157$ & $0.00402723$ & $0.0142251$ & $-0.010217$ & $-0.00149156$ & $0.00402056$ & $0.00585876$ & $0.00152245$ & $-0.00481515$ & $-0.000927374$ & $-0.0113965$ & $0.00941611$ & $0.0514289$ & $-0.00695298$ & $0.0153817$ & $0.00860348$ & $-0.0313986$ & $-0.00191669$ & $0.0206804$ & $-0.0589775$ & $0.0678541$ & $-0.00291519$ & $-0.0220673$ & $-0.00800919$ & $-0.0107081$ & $-0.0229258$ & $0.0123614$ & $0.0192685$ & $0.0106453$ & $0.0199973$ & $0.0222017$ & $-0.0129035$ & $-0.0559085$ & $0.0157712$ \\
CW & $-0.00924939$ & $0.0541885$ & $-0.024591$ & $-0.00169951$ & $0.000822866$ & $1$ & $-0.0400518$ & $-0.12091$ & $-0.109886$ & $0.00715477$ & $0.190611$ & $0.0673871$ & $0.0177124$ & $0.0150871$ & $-0.0715823$ & $-0.108683$ & $-0.27934$ & $-0.0755626$ & $-0.0436703$ & $-0.187518$ & $-0.191893$ & $-0.189575$ & $-0.0287648$ & $-0.0205483$ & $-0.103262$ & $0.119148$ & $-0.074495$ & $-0.0558669$ & $0.0241556$ & $0.00679745$ & $0.00995193$ & $-0.0474622$ & $-0.00641765$ & $-0.126025$ & $-0.00928543$ & $0.0102643$ & $0.00698097$ & $-0.0152828$ & $-0.00344592$ & $0.00932594$ & $-0.00314992$ & $-0.0212704$ & $0.00608637$ & $0.00735689$ & $0.0161782$ & $0.0227316$ & $-0.00178481$ & $0.00643717$ & $0.00631719$ \\
CHG & $0.0471295$ & $0.0570174$ & $-0.0106438$ & $-0.0292523$ & $-0.0471113$ & $-0.0400518$ & $1$ & $-0.0816028$ & $-0.0320442$ & $0.049594$ & $0.0276521$ & $-0.162314$ & $-0.295518$ & $0.0612632$ & $0.00317259$ & $-0.00217543$ & $0.113667$ & $0.0945772$ & $0.0972373$ & $-0.0257009$ & $-0.032749$ & $-0.0354561$ & $-0.0145689$ & $0.0803879$ & $0.102986$ & $0.0164416$ & $-0.0374251$ & $-0.0258303$ & $0.000153858$ & $-0.152829$ & $-0.0873149$ & $0.935637$ & $-0.204877$ & $-0.0535383$ & $0.00150992$ & $0.015378$ & $0.0797948$ & $0.0290334$ & $-0.0369381$ & $-0.0108062$ & $-0.0476813$ & $0.0334124$ & $-0.0202115$ & $0.100013$ & $0.0411613$ & $-0.0111285$ & $0.0570057$ & $0.0473282$ & $-0.0557436$ \\
CHWB & $-0.0101174$ & $-0.130805$ & $-0.00223037$ & $0.00747533$ & $0.00270551$ & $-0.12091$ & $-0.0816028$ & $1$ & $0.981967$ & $-0.553613$ & $-0.870332$ & $-0.0637264$ & $0.349121$ & $0.0756081$ & $0.271283$ & $0.313818$ & $-0.261464$ & $-0.431459$ & $-0.466065$ & $0.838451$ & $0.889177$ & $0.869946$ & $0.0734869$ & $-0.668258$ & $-0.416077$ & $-0.517074$ & $0.408$ & $0.277728$ & $0.0181653$ & $0.114534$ & $0.0819706$ & $-0.073921$ & $0.147447$ & $0.556703$ & $-0.0398073$ & $-0.0563017$ & $-0.0284762$ & $-0.0113875$ & $0.0368668$ & $0.00887836$ & $0.0235247$ & $0.00944532$ & $-0.0122977$ & $-0.0164472$ & $0.00528318$ & $-0.0267761$ & $0.0227232$ & $-0.0490296$ & $0.0532661$ \\
CHWHB_gaga & $-0.00933725$ & $-0.120419$ & $0.0015845$ & $-0.0130015$ & $-0.00275875$ & $-0.109886$ & $-0.0320442$ & $0.981967$ & $1$ & $-0.543958$ & $-0.850283$ & $-0.0406488$ & $0.349451$ & $0.0688637$ & $0.263845$ & $0.301391$ & $-0.268163$ & $-0.430201$ & $-0.46077$ & $0.819143$ & $0.869158$ & $0.849399$ & $0.0736572$ & $-0.666185$ & $-0.413509$ & $-0.507134$ & $0.403574$ & $0.26077$ & $0.034182$ & $0.143616$ & $0.101364$ & $-0.0317831$ & $0.171322$ & $0.547238$ & $-0.0489699$ & $-0.0609591$ & $-0.0445799$ & $-0.013674$ & $0.026526$ & $0.0130188$ & $0.00893098$ & $0.0165132$ & $0.0582714$ & $-0.025216$ & $0.0147017$ & $-0.0145204$ & $0.0314654$ & $-0.0468897$ & $0.0494498$ \\
CHWHB_gagaorth & $-0.0244931$ & $0.0541271$ & $0.0163277$ & $-0.0261112$ & $0.0351516$ & $0.00715477$ & $0.049594$ & $-0.553613$ & $-0.543958$ & $1$ & $0.324893$ & $0.456974$ & $-0.248099$ & $0.251565$ & $-0.0927881$ & $-0.12964$ & $0.454591$ & $0.48602$ & $0.513061$ & $-0.307652$ & $-0.342228$ & $-0.332799$ & $-0.0400242$ & $0.551936$ & $0.497009$ & $0.184056$ & $-0.221496$ & $-0.109144$ & $0.00327136$ & $-0.0978248$ & $-0.0770119$ & $0.0800092$ & $-0.112746$ & $-0.345006$ & $0.0480864$ & $0.0580834$ & $0.00766151$ & $-0.000207901$ & $-0.0259114$ & $-3.11577e-06$ & $-0.0692511$ & $-0.0284385$ & $0.0021417$ & $0.0445827$ & $0.0263882$ & $0.0128975$ & $-0.0447408$ & $-0.0132002$ & $0.0133275$ \\
CHD & $0.00931009$ & $0.104239$ & $-0.00545747$ & $-0.00875054$ & $0.00654533$ & $0.190611$ & $0.0276521$ & $-0.870332$ & $-0.850283$ & $0.324893$ & $1$ & $0.166879$ & $-0.169224$ & $-0.508399$ & $-0.411219$ & $-0.448897$ & $-0.211763$ & $0.0516387$ & $0.0850621$ & $-0.989992$ & $-0.990761$ & $-0.970401$ & $0.00188124$ & $0.285711$ & $0.0234949$ & $0.569166$ & $-0.25493$ & $-0.316137$ & $-0.0188463$ & $-0.0727476$ & $-0.0700419$ & $0.0295632$ & $-0.0952262$ & $-0.347696$ & $0.075199$ & $0.0423651$ & $0.0081873$ & $-0.000845866$ & $-0.0503801$ & $-0.00700102$ & $-0.0200265$ & $-0.0163988$ & $0.0280499$ & $0.00283909$ & $-0.0288684$ & $0.0368465$ & $-0.0136573$ & $0.0623573$ & $-0.0447159$ \\
CHbox & $-0.00748578$ & $0.0317575$ & $-0.0143234$ & $-0.0512807$ & $0.0173538$ & $0.0673871$ & $-0.162314$ & $-0.0637264$ & $-0.0406488$ & $0.456974$ & $0.166879$ & $1$ & $0.453406$ & $-0.22772$ & $-0.00498129$ & $-0.0256182$ & $-0.214078$ & $-0.182944$ & $-0.167859$ & $-0.149844$ & $-0.17028$ & $-0.163821$ & $0.0155787$ & $-0.0804747$ & $-0.168112$ & $0.0743792$ & $-0.0549501$ & $-0.0683457$ & $0.0735789$ & $0.325327$ & $0.0997388$ & $-0.0519621$ & $0.365687$ & $-0.0567372$ & $0.120245$ & $0.0825234$ & $-0.0767533$ & $-0.0139107$ & $-0.0510339$ & $0.0141763$ & $-0.0723592$ & $-0.0413508$ & $0.020974$ & $-0.0101359$ & $-0.00491645$ & $0.0347847$ & $-0.00381191$ & $0.00484682$ & $0.0184723$ \\
CH & $-0.0169531$ & $-0.0139381$ & $0.00529139$ & $-0.00622546$ & $-0.0417624$ & $0.0177124$ & $-0.295518$ & $0.349121$ & $0.349451$ & $-0.248099$ & $-0.169224$ & $0.453406$ & $1$ & $-0.235613$ & $0.0769752$ & $0.083891$ & $-0.359532$ & $-0.384691$ & $-0.389508$ & $0.166099$ & $0.178159$ & $0.174771$ & $0.0216743$ & $-0.386345$ & $-0.382495$ & $-0.098153$ & $0.115792$ & $0.0487466$ & $0.0498966$ & $0.268153$ & $0.148926$ & $-0.237638$ & $0.338755$ & $0.200175$ & $0.0444626$ & $-0.00699486$ & $-0.0327947$ & $-0.0146572$ & $0.0260634$ & $-0.00540356$ & $0.0319549$ & $-0.0345964$ & $0.012303$ & $-0.0416614$ & $-0.0373293$ & $-0.00140151$ & $0.0280637$ & $0.00436337$ & $0.0233275$ \\
CHL1_11 & $-0.0265975$ & $-0.0254357$ & $0.0265094$ & $-0.00376866$ & $-4.36409e-05$ & $0.0150871$ & $0.0612632$ & $0.0756081$ & $0.0688637$ & $0.251565$ & $-0.508399$ & $-0.22772$ & $-0.235613$ & $1$ & $0.302808$ & $0.29589$ & $0.663559$ & $0.594081$ & $0.592703$ & $0.532057$ & $0.465014$ & $0.455118$ & $-0.101269$ & $0.488469$ & $0.598627$ & $-0.270771$ & $-0.152464$ & $0.160847$ & $0.0189861$ & $-0.0361417$ & $0.0105039$ & $0.041702$ & $-0.0492379$ & $-0.252469$ & $-0.0906483$ & $0.0184204$ & $0.0350115$ & $0.00887814$ & $0.0487183$ & $-0.00165506$ & $-0.00839725$ & $0.0155937$ & $-0.0272512$ & $0.0247814$ & $0.062034$ & $-0.0181259$ & $-0.0200049$ & $-0.0555257$ & $0.0079084$ \\
CHL1_22 & $-0.0494037$ & $0.0214428$ & $-8.11769e-05$ & $-0.0206907$ & $-0.0237591$ & $-0.0715823$ & $0.00317259$ & $0.271283$ & $0.263845$ & $-0.0927881$ & $-0.411219$ & $-0.00498129$ & $0.0769752$ & $0.302808$ & $1$ & $0.47312$ & $0.167596$ & $-0.426378$ & $-0.02316$ & $0.481009$ & $0.324284$ & $0.319342$ & $-0.216402$ & $0.133872$ & $-0.130965$ & $-0.186385$ & $-0.458883$ & $0.0986266$ & $-0.000350981$ & $0.0020419$ & $0.0502894$ & $-0.000294556$ & $0.0402122$ & $-0.618708$ & $-0.0396696$ & $-0.009509$ & $0.0200451$ & $0.034932$ & $-0.0237089$ & $0.00224073$ & $0.019767$ & $6.96064e-05$ & $-0.06348$ & $-0.0281927$ & $0.00164757$ & $-0.0288274$ & $0.0819138$ & $-0.037322$ & $0.0486731$ \\
CHL1_33 & $-0.0346046$ & $-0.021843$ & $0.0356031$ & $-0.0122781$ & $0.00519157$ & $-0.108683$ & $-0.00217543$ & $0.313818$ & $0.301391$ & $-0.12964$ & $-0.448897$ & $-0.0256182$ & $0.083891$ & $0.29589$ & $0.47312$ & $1$ & $0.171532$ & $-0.0292015$ & $-0.414864$ & $0.513476$ & $0.365601$ & $0.383128$ & $-0.198299$ & $0.10896$ & $-0.110825$ & $-0.200927$ & $-0.38575$ & $0.128251$ & $0.0193382$ & $0.0417957$ & $0.0628571$ & $0.00153056$ & $0.055705$ & $-0.114834$ & $-0.0485451$ & $-0.0122349$ & $0.00633188$ & $-0.0108732$ & $0.0114747$ & $0.0340809$ & $0.0349453$ & $0.0205275$ & $-0.0574107$ & $-0.00917287$ & $0.00537948$ & $-0.0562849$ & $0.0191747$ & $-0.00746757$ & $0.0259155$ \\
CHL3_11 & $0.00508097$ & $0.0284461$ & $0.0337592$ & $0.0161957$ & $0.00402723$ & $-0.27934$ & $0.113667$ & $-0.261464$ & $-0.268163$ & $0.454591$ & $-0.211763$ & $-0.214078$ & $-0.359532$ & $0.663559$ & $0.167596$ & $0.171532$ & $1$ & $0.751073$ & $0.744097$ & $0.237033$ & $0.178731$ & $0.176437$ & $-0.109813$ & $0.699351$ & $0.782218$ & $-0.0807122$ & $-0.183177$ & $0.0701679$ & $-0.0129799$ & $-0.0939157$ & $-0.0408037$ & $0.0968209$ & $-0.108597$ & $-0.257967$ & $-0.0538164$ & $0.0096466$ & $0.0338659$ & $0.0249356$ & $0.0265948$ & $-0.0028075$ & $-0.00715201$ & $0.019416$ & $-0.0289169$ & $0.0306872$ & $0.0356596$ & $-0.034935$ & $-0.0266996$ & $-0.0217096$ & $-0.015206$ \\
CHL3_22 & $0.0194187$ & $0.00348352$ & $0.0337551$ & $0.0154837$ & $0.0142251$ & $-0.0755626$ & $0.0945772$ & $-0.431459$ & $-0.430201$ & $0.48602$ & $0.0516387$ & $-0.182944$ & $-0.384691$ & $0.594081$ & $-0.426378$ & $-0.0292015$ & $0.751073$ & $1$ & $0.688378$ & $-0.0534436$ & $-0.0464651$ & $-0.043369$ & $0.00428593$ & $0.624608$ & $0.807917$ & $0.036115$ & $0.00728863$ & $0.00531349$ & $0.00223482$ & $-0.0768239$ & $-0.0536848$ & $0.0797747$ & $-0.122091$ & $0.0350769$ & $-0.0375552$ & $0.033171$ & $0.0221657$ & $-0.0071691$ & $0.0452926$ & $-0.00100326$ & $-0.0181228$ & $0.017781$ & $0.0147814$ & $0.0412371$ & $0.0454939$ & $-0.00739842$ & $-0.0761924$ & $0.00114146$ & $-0.0488884$ \\
CHL3_33 & $0.0148337$ & $0.0446144$ & $0.0103903$ & $-0.000827669$ & $-0.010217$ & $-0.0436703$ & $0.0972373$ & $-0.466065$ & $-0.46077$ & $0.513061$ & $0.0850621$ & $-0.167859$ & $-0.389508$ & $0.592703$ & $-0.02316$ & $-0.414864$ & $0.744097$ & $0.688378$ & $1$ & $-0.0826224$ & $-0.0813056$ & $-0.075763$ & $-0.0101278$ & $0.638804$ & $0.789554$ & $0.0490783$ & $-0.0478834$ & $-0.0257183$ & $-0.0227652$ & $-0.107099$ & $-0.0670302$ & $0.076831$ & $-0.138387$ & $-0.354289$ & $-0.0351163$ & $0.0365049$ & $0.0359022$ & $0.0330394$ & $0.011256$ & $-0.0210399$ & $-0.0302104$ & $0.0042172$ & $0.0106342$ & $0.0218581$ & $0.0461966$ & $0.0132108$ & $-0.0233855$ & $-0.0196555$ & $-0.0299622$ \\
CHe_11 & $-0.0171701$ & $-0.0752017$ & $0.0120645$ & $0.00131413$ & $-0.00149156$ & $-0.187518$ & $-0.0257009$ & $0.838451$ & $0.819143$ & $-0.307652$ & $-0.989992$ & $-0.149844$ & $0.166099$ & $0.532057$ & $0.481009$ & $0.513476$ & $0.237033$ & $-0.0534436$ & $-0.0826224$ & $1$ & $0.97138$ & $0.95256$ & $-0.0318236$ & $-0.229269$ & $-0.0144049$ & $-0.556721$ & $0.174981$ & $0.311583$ & $0.0186309$ & $0.0702829$ & $0.0737697$ & $-0.0275601$ & $0.0905442$ & $0.263684$ & $-0.0813152$ & $-0.0334157$ & $-0.00372745$ & $0.00340596$ & $0.0439482$ & $0.00752266$ & $0.0245874$ & $0.0153088$ & $-0.0315472$ & $-0.010414$ & $0.0307565$ & $-0.0356646$ & $0.0200359$ & $-0.0596405$ & $0.0404963$ \\
CHe_22 & $-0.0112223$ & $-0.0862713$ & $0.00861351$ & $0.00929877$ & $0.00402056$ & $-0.191893$ & $-0.032749$ & $0.889177$ & $0.869158$ & $-0.342228$ & $-0.990761$ & $-0.17028$ & $0.178159$ & $0.465014$ & $0.324284$ & $0.365601$ & $0.178731$ & $-0.0464651$ & $-0.0813056$ & $0.97138$ & $1$ & $0.975573$ & $0.0305721$ & $-0.342225$ & $-0.0290127$ & $-0.57269$ & $0.341707$ & $0.318859$ & $0.0170932$ & $0.0740617$ & $0.0665854$ & $-0.0347536$ & $0.0962693$ & $0.43761$ & $-0.0749637$ & $-0.0442484$ & $-0.00716162$ & $1.2551e-05$ & $0.0491471$ & $0.00545662$ & $0.0181668$ & $0.0160025$ & $-0.0225078$ & $0.00182134$ & $0.0271166$ & $-0.0274388$ & $0.00908226$ & $-0.0633786$ & $0.0444129$ \\
CHe_33 & $-0.00226952$ & $-0.0758201$ & $0.00917516$ & $-0.00559005$ & $0.00585876$ & $-0.189575$ & $-0.0354561$ & $0.869946$ & $0.849399$ & $-0.332799$ & $-0.970401$ & $-0.163821$ & $0.174771$ & $0.455118$ & $0.319342$ & $0.383128$ & $0.176437$ & $-0.043369$ & $-0.075763$ & $0.95256$ & $0.975573$ & $1$ & $0.0281638$ & $-0.335379$ & $-0.0280551$ & $-0.559428$ & $0.331172$ & $0.310202$ & $0.00998217$ & $0.0766856$ & $0.0622581$ & $-0.0351993$ & $0.0903995$ & $0.429254$ & $-0.0813227$ & $-0.0402617$ & $-0.0099405$ & $-0.00219124$ & $0.0366001$ & $0.00714989$ & $0.0162807$ & $0.0157771$ & $-0.0322585$ & $-0.00728224$ & $0.0224318$ & $-0.0449497$ & $0.00665827$ & $-0.0554068$ & $0.034157$ \\
CHQ1_11 & $-0.0291096$ & $-0.0449685$ & $0.0123306$ & $-0.0253751$ & $0.00152245$ & $-0.0287648$ & $-0.0145689$ & $0.0734869$ & $0.0736572$ & $-0.0400242$ & $0.00188124$ & $0.0155787$ & $0.0216743$ & $-0.101269$ & $-0.216402$ & $-0.198299$ & $-0.109813$ & $0.00428593$ & $-0.0101278$ & $-0.0318236$ & $0.0305721$ & $0.0281638$ & $1$ & $-0.167336$ & $0.0588361$ & $-0.665792$ & $0.363116$ & $-0.00287991$ & $0.00531136$ & $-0.00108639$ & $0.00438814$ & $-0.00904106$ & $0.0217668$ & $0.233903$ & $0.00177769$ & $-0.0142337$ & $0.004437$ & $-0.0255826$ & $-0.0339185$ & $0.0144371$ & $-0.000669213$ & $0.033939$ & $0.0283803$ & $-0.0182922$ & $-0.0240965$ & $-0.0215035$ & $-0.00878675$ & $0.0383647$ & $0.0296439$ \\
CHQ1_33 & $-0.0605453$ & $0.0846808$ & $0.0297983$ & $-0.00748558$ & $-0.00481515$ & $-0.0205483$ & $0.0803879$ & $-0.668258$ & $-0.666185$ & $0.551936$ & $0.285711$ & $-0.0804747$ & $-0.386345$ & $0.488469$ & $0.133872$ & $0.10896$ & $0.699351$ & $0.624608$ & $0.638804$ & $-0.229269$ & $-0.342225$ & $-0.335379$ & $-0.167336$ & $1$ & $0.644417$ & $0.205531$ & $-0.441963$ & $0.0210731$ & $-0.0215968$ & $-0.106739$ & $-0.0327389$ & $0.0667858$ & $-0.125264$ & $-0.621431$ & $-0.0220294$ & $0.038609$ & $0.0398529$ & $0.0235544$ & $-0.00129254$ & $0.00538829$ & $-0.0113073$ & $-0.0067113$ & $-0.0169435$ & $0.00246182$ & $0.0294337$ & $-0.00477895$ & $-0.0131927$ & $0.00348653$ & $-0.0227177$ \\
CHQ3_11 & $-0.114621$ & $0.0271811$ & $0.00658397$ & $0.00473653$ & $-0.000927374$ & $-0.103262$ & $0.102986$ & $-0.416077$ & $-0.413509$ & $0.497009$ & $0.0234949$ & $-0.168112$ & $-0.382495$ & $0.598627$ & $-0.130965$ & $-0.110825$ & $0.782218$ & $0.807917$ & $0.789554$ & $-0.0144049$ & $-0.0290127$ & $-0.0280551$ & $0.0588361$ & $0.644417$ & $1$ & $0.0342257$ & $0.1792$ & $-0.0183844$ & $-0.0269244$ & $-0.104348$ & $-0.0537085$ & $0.0836983$ & $-0.136663$ & $-0.196071$ & $-0.0480148$ & $0.0334084$ & $0.0707619$ & $0.00659297$ & $0.0333288$ & $-0.0218571$ & $-0.0064609$ & $0.000694275$ & $0.00779404$ & $0.0582471$ & $0.0581664$ & $0.019357$ & $-0.0611262$ & $-0.00467994$ & $-0.0272339$ \\
CHu_11 & $0.00569283$ & $0.0576439$ & $-0.0386805$ & $0.00811741$ & $-0.0113965$ & $0.119148$ & $0.0164416$ & $-0.517074$ & $-0.507134$ & $0.184056$ & $0.569166$ & $0.0743792$ & $-0.098153$ & $-0.270771$ & $-0.186385$ & $-0.200927$ & $-0.0807122$ & $0.036115$ & $0.0490783$ & $-0.556721$ & $-0.57269$ & $-0.559428$ & $-0.665792$ & $0.205531$ & $0.0342257$ & $1$ & $-0.164711$ & $-0.17824$ & $-0.0384804$ & $-0.0358001$ & $-0.05405$ & $0.016221$ & $-0.0744896$ & $-0.250396$ & $0.064065$ & $0.0415822$ & $-0.00869287$ & $0.0103272$ & $0.0109263$ & $-0.00642556$ & $0.00688683$ & $-0.037251$ & $0.0131181$ & $0.0149385$ & $0.00161909$ & $0.0329116$ & $-0.0349634$ & $0.0231715$ & $-0.0567344$ \\
CHd_11 & $0.00160781$ & $-0.0449876$ & $-0.0305197$ & $0.0141115$ & $0.00941611$ & $-0.074495$ & $-0.0374251$ & $0.408$ & $0.403574$ & $-0.221496$ & $-0.25493$ & $-0.0549501$ & $0.115792$ & $-0.152464$ & $-0.458883$ & $-0.38575$ & $-0.183177$ & $0.00728863$ & $-0.0478834$ & $0.174981$ & $0.341707$ & $0.331172$ & $0.363116$ & $-0.441963$ & $0.1792$ & $-0.164711$ & $1$ & $0.0715077$ & $-0.0306256$ & $0.0362241$ & $0.00211049$ & $-0.0321308$ & $0.0351399$ & $0.715833$ & $0.00731784$ & $-0.0150757$ & $0.0052376$ & $-0.019645$ & $0.0449048$ & $-0.0114471$ & $0.011444$ & $-0.00895283$ & $0.0549566$ & $0.0261229$ & $0.015205$ & $0.0364642$ & $-0.054961$ & $0.00554$ & $0.00510807$ \\
CHd_33 & $-0.00308348$ & $-0.027647$ & $0.00191707$ & $0.040828$ & $0.0514289$ & $-0.0558669$ & $-0.0258303$ & $0.277728$ & $0.26077$ & $-0.109144$ & $-0.316137$ & $-0.0683457$ & $0.0487466$ & $0.160847$ & $0.0986266$ & $0.128251$ & $0.0701679$ & $0.00531349$ & $-0.0257183$ & $0.311583$ & $0.318859$ & $0.310202$ & $-0.00287991$ & $0.0210731$ & $-0.0183844$ & $-0.17824$ & $0.0715077$ & $1$ & $-0.0120872$ & $-0.00533524$ & $0.0448298$ & $-0.0303003$ & $0.0145263$ & $0.143473$ & $0.0150925$ & $-0.0639981$ & $0.00334617$ & $0.0193868$ & $0.0391065$ & $-0.0286926$ & $0.0325468$ & $0.00870545$ & $-0.000568535$ & $-0.0134257$ & $-0.0426022$ & $-0.0831662$ & $0.0369589$ & $-0.00680158$ & $-0.00574519$ \\
CeH_22r & $0.00681081$ & $0.00520479$ & $-0.0147789$ & $0.0215889$ & $-0.00695298$ & $0.0241556$ & $0.000153858$ & $0.0181653$ & $0.034182$ & $0.00327136$ & $-0.0188463$ & $0.0735789$ & $0.0498966$ & $0.0189861$ & $-0.000350981$ & $0.0193382$ & $-0.0129799$ & $0.00223482$ & $-0.0227652$ & $0.0186309$ & $0.0170932$ & $0.00998217$ & $0.00531136$ & $-0.0215968$ & $-0.0269244$ & $-0.0384804$ & $-0.0306256$ & $-0.0120872$ & $1$ & $0.077831$ & $0.0583699$ & $-0.0183847$ & $0.0623264$ & $0.00962769$ & $-0.0234453$ & $-0.0209717$ & $-0.0169613$ & $-0.0345065$ & $0.00350134$ & $0.0290972$ & $-0.0187342$ & $0.00490804$ & $0.0272182$ & $-0.0225914$ & $-0.0650097$ & $0.014455$ & $0.0134763$ & $-0.00392382$ & $-0.0191306$ \\
CeH_33r & $-0.018398$ & $0.0055583$ & $-0.0304705$ & $-0.0283903$ & $0.0153817$ & $0.00679745$ & $-0.152829$ & $0.114534$ & $0.143616$ & $-0.0978248$ & $-0.0727476$ & $0.325327$ & $0.268153$ & $-0.0361417$ & $0.0020419$ & $0.0417957$ & $-0.0939157$ & $-0.0768239$ & $-0.107099$ & $0.0702829$ & $0.0740617$ & $0.0766856$ & $-0.00108639$ & $-0.106739$ & $-0.104348$ & $-0.0358001$ & $0.0362241$ & $-0.00533524$ & $0.077831$ & $1$ & $0.356724$ & $-0.00153771$ & $0.632713$ & $0.0836876$ & $-0.0351917$ & $-0.0596344$ & $-0.213251$ & $-0.0349766$ & $-0.0315579$ & $-0.0139912$ & $-0.0762605$ & $-0.0176714$ & $0.0578778$ & $-0.0337371$ & $0.079045$ & $0.0677729$ & $0.0570287$ & $0.00335152$ & $-0.0288299$ \\
CuH_22r & $-0.0216991$ & $0.0024216$ & $0.0215103$ & $-0.0545634$ & $0.00860348$ & $0.00995193$ & $-0.0873149$ & $0.0819706$ & $0.101364$ & $-0.0770119$ & $-0.0700419$ & $0.0997388$ & $0.148926$ & $0.0105039$ & $0.0502894$ & $0.0628571$ & $-0.0408037$ & $-0.0536848$ & $-0.0670302$ & $0.0737697$ & $0.0665854$ & $0.0622581$ & $0.00438814$ & $-0.0327389$ & $-0.0537085$ & $-0.05405$ & $0.00211049$ & $0.0448298$ & $0.0583699$ & $0.356724$ & $1$ & $0.00737989$ & $0.366154$ & $0.0178821$ & $-0.0693964$ & $-0.023279$ & $-0.0688275$ & $0.00915509$ & $0.0134888$ & $0.0143182$ & $-0.0388919$ & $-0.0294062$ & $0.0584074$ & $-0.0360333$ & $0.0476666$ & $0.0895659$ & $0.368022$ & $-0.00521238$ & $-0.011546$ \\
CuH_33r & $0.0705416$ & $0.0467518$ & $-0.0110774$ & $-0.0345366$ & $-0.0313986$ & $-0.0474622$ & $0.935637$ & $-0.073921$ & $-0.0317831$ & $0.0800092$ & $0.0295632$ & $-0.0519621$ & $-0.237638$ & $0.041702$ & $-0.000294556$ & $0.00153056$ & $0.0968209$ & $0.0797747$ & $0.076831$ & $-0.0275601$ & $-0.0347536$ & $-0.0351993$ & $-0.00904106$ & $0.0667858$ & $0.0836983$ & $0.016221$ & $-0.0321308$ & $-0.0303003$ & $-0.0183847$ & $-0.00153771$ & $0.00737989$ & $1$ & $-0.0351366$ & $-0.0443469$ & $0.0914913$ & $0.0545843$ & $0.0229277$ & $0.0209043$ & $-0.0452279$ & $-0.0148523$ & $-0.0588306$ & $0.0271602$ & $-0.0163958$ & $0.099349$ & $0.0394451$ & $-0.00298188$ & $0.0765632$ & $0.0574937$ & $-0.0792982$ \\
CdH_33r & $0.000644059$ & $-0.00657676$ & $-0.0200769$ & $-0.0452089$ & $-0.00191669$ & $-0.00641765$ & $-0.204877$ & $0.147447$ & $0.171322$ & $-0.112746$ & $-0.0952262$ & $0.365687$ & $0.338755$ & $-0.0492379$ & $0.0402122$ & $0.055705$ & $-0.108597$ & $-0.122091$ & $-0.138387$ & $0.0905442$ & $0.0962693$ & $0.0903995$ & $0.0217668$ & $-0.125264$ & $-0.136663$ & $-0.0744896$ & $0.0351399$ & $0.0145263$ & $0.0623264$ & $0.632713$ & $0.366154$ & $-0.0351366$ & $1$ & $0.0812633$ & $-0.027946$ & $-0.0357996$ & $-0.202951$ & $-0.0474495$ & $-0.018626$ & $-0.0259864$ & $-0.0736914$ & $-0.0136344$ & $0.011536$ & $-0.102277$ & $-0.0652208$ & $0.0491697$ & $0.0724793$ & $0.153951$ & $0.469627$ \\
CLL_1221 & $0.0420394$ & $-0.058912$ & $0.00529965$ & $0.025043$ & $0.0206804$ & $-0.126025$ & $-0.0535383$ & $0.556703$ & $0.547238$ & $-0.345006$ & $-0.347696$ & $-0.0567372$ & $0.200175$ & $-0.252469$ & $-0.618708$ & $-0.114834$ & $-0.257967$ & $0.0350769$ & $-0.354289$ & $0.263684$ & $0.43761$ & $0.429254$ & $0.233903$ & $-0.621431$ & $-0.196071$ & $-0.250396$ & $0.715833$ & $0.143473$ & $0.00962769$ & $0.0836876$ & $0.0178821$ & $-0.0443469$ & $0.0812633$ & $1$ & $-0.000744147$ & $-0.0458941$ & $-0.0344428$ & $-0.0386459$ & $0.0379277$ & $0.00954911$ & $0.00311527$ & $0.0129822$ & $0.0355805$ & $0.0172854$ & $-0.00386073$ & $-0.000493699$ & $-0.048011$ & $0.00143623$ & $-0.000476725$ \\
eHggint & $0.117173$ & $-0.113555$ & $-0.0187947$ & $0.0980074$ & $-0.0589775$ & $-0.00928543$ & $0.00150992$ & $-0.0398073$ & $-0.0489699$ & $0.0480864$ & $0.075199$ & $0.120245$ & $0.0444626$ & $-0.0906483$ & $-0.0396696$ & $-0.0485451$ & $-0.0538164$ & $-0.0375552$ & $-0.0351163$ & $-0.0813152$ & $-0.0749637$ & $-0.0813227$ & $0.00177769$ & $-0.0220294$ & $-0.0480148$ & $0.064065$ & $0.00731784$ & $0.0150925$ & $-0.0234453$ & $-0.0351917$ & $-0.0693964$ & $0.0914913$ & $-0.027946$ & $-0.000744147$ & $1$ & $-0.0371625$ & $-0.185184$ & $-0.0216781$ & $-0.0451948$ & $0.0749521$ & $0.0527491$ & $0.0543038$ & $0.00857585$ & $-0.0175502$ & $-0.148017$ & $-0.132942$ & $-0.0819802$ & $0.136561$ & $-0.1198$ \\
eHggpar & $0.0709522$ & $0.01433$ & $0.0228265$ & $-0.0973499$ & $0.0678541$ & $0.0102643$ & $0.015378$ & $-0.0563017$ & $-0.0609591$ & $0.0580834$ & $0.0423651$ & $0.0825234$ & $-0.00699486$ & $0.0184204$ & $-0.009509$ & $-0.0122349$ & $0.0096466$ & $0.033171$ & $0.0365049$ & $-0.0334157$ & $-0.0442484$ & $-0.0402617$ & $-0.0142337$ & $0.038609$ & $0.0334084$ & $0.0415822$ & $-0.0150757$ & $-0.0639981$ & $-0.0209717$ & $-0.0596344$ & $-0.023279$ & $0.0545843$ & $-0.0357996$ & $-0.0458941$ & $-0.0371625$ & $1$ & $-0.031458$ & $0.0423801$ & $-0.0223837$ & $0.0419534$ & $-0.119938$ & $-0.0223818$ & $0.0450841$ & $0.062558$ & $0.0572216$ & $0.0838599$ & $-0.0420541$ & $-0.0693275$ & $-0.0123379$ \\
eHWWint & $-0.11079$ & $0.0961962$ & $-0.0868133$ & $-0.0176387$ & $-0.00291519$ & $0.00698097$ & $0.0797948$ & $-0.0284762$ & $-0.0445799$ & $0.00766151$ & $0.0081873$ & $-0.0767533$ & $-0.0327947$ & $0.0350115$ & $0.0200451$ & $0.00633188$ & $0.0338659$ & $0.0221657$ & $0.0359022$ & $-0.00372745$ & $-0.00716162$ & $-0.0099405$ & $0.004437$ & $0.0398529$ & $0.0707619$ & $-0.00869287$ & $0.0052376$ & $0.00334617$ & $-0.0169613$ & $-0.213251$ & $-0.0688275$ & $0.0229277$ & $-0.202951$ & $-0.0344428$ & $-0.185184$ & $-0.031458$ & $1$ & $0.00175357$ & $-0.0191888$ & $-0.0369053$ & $0.100826$ & $-0.0377434$ & $-0.0390803$ & $0.231456$ & $0.0517639$ & $-0.0138622$ & $0.0406716$ & $0.0256064$ & $0.0545606$ \\
eHWWpar & $0.0439004$ & $-3.66338e-05$ & $0.0384597$ & $-0.0412795$ & $-0.0220673$ & $-0.0152828$ & $0.0290334$ & $-0.0113875$ & $-0.013674$ & $-0.000207901$ & $-0.000845866$ & $-0.0139107$ & $-0.0146572$ & $0.00887814$ & $0.034932$ & $-0.0108732$ & $0.0249356$ & $-0.0071691$ & $0.0330394$ & $0.00340596$ & $1.2551e-05$ & $-0.00219124$ & $-0.0255826$ & $0.0235544$ & $0.00659297$ & $0.0103272$ & $-0.019645$ & $0.0193868$ & $-0.0345065$ & $-0.0349766$ & $0.00915509$ & $0.0209043$ & $-0.0474495$ & $-0.0386459$ & $-0.0216781$ & $0.0423801$ & $0.00175357$ & $1$ & $-0.0405797$ & $-0.0462197$ & $-0.0244075$ & $0.0265772$ & $0.0439277$ & $-0.0417609$ & $-0.017869$ & $-0.0319702$ & $-0.000711696$ & $-0.00824022$ & $-0.0123198$ \\
eHZZint & $0.0868571$ & $-0.162926$ & $0.0318878$ & $0.180833$ & $-0.00800919$ & $-0.00344592$ & $-0.0369381$ & $0.0368668$ & $0.026526$ & $-0.0259114$ & $-0.0503801$ & $-0.0510339$ & $0.0260634$ & $0.0487183$ & $-0.0237089$ & $0.0114747$ & $0.0265948$ & $0.0452926$ & $0.011256$ & $0.0439482$ & $0.0491471$ & $0.0366001$ & $-0.0339185$ & $-0.00129254$ & $0.0333288$ & $0.0109263$ & $0.0449048$ & $0.0391065$ & $0.00350134$ & $-0.0315579$ & $0.0134888$ & $-0.0452279$ & $-0.018626$ & $0.0379277$ & $-0.0451948$ & $-0.0223837$ & $-0.0191888$ & $-0.0405797$ & $1$ & $-0.0332897$ & $-0.0302925$ & $0.0126418$ & $-0.0468323$ & $0.112412$ & $0.0144843$ & $-0.032612$ & $-0.0102293$ & $-0.0942092$ & $0.0197357$ \\
eHZZpar & $-0.00111722$ & $-0.00967482$ & $-0.0194179$ & $-0.0197082$ & $-0.0107081$ & $0.00932594$ & $-0.0108062$ & $0.00887836$ & $0.0130188$ & $-3.11577e-06$ & $-0.00700102$ & $0.0141763$ & $-0.00540356$ & $-0.00165506$ & $0.00224073$ & $0.0340809$ & $-0.0028075$ & $-0.00100326$ & $-0.0210399$ & $0.00752266$ & $0.00545662$ & $0.00714989$ & $0.0144371$ & $0.00538829$ & $-0.0218571$ & $-0.00642556$ & $-0.0114471$ & $-0.0286926$ & $0.0290972$ & $-0.0139912$ & $0.0143182$ & $-0.0148523$ & $-0.0259864$ & $0.00954911$ & $0.0749521$ & $0.0419534$ & $-0.0369053$ & $-0.0462197$ & $-0.0332897$ & $1$ & $-0.0220245$ & $0.0347389$ & $0.069999$ & $-0.0331956$ & $0.0123919$ & $0.0688392$ & $-0.00958092$ & $-0.00338694$ & $-0.0135848$ \\
eHZgaint & $0.0209183$ & $-0.0219383$ & $-0.0297287$ & $0.0927498$ & $-0.0229258$ & $-0.00314992$ & $-0.0476813$ & $0.0235247$ & $0.00893098$ & $-0.0692511$ & $-0.0200265$ & $-0.0723592$ & $0.0319549$ & $-0.00839725$ & $0.019767$ & $0.0349453$ & $-0.00715201$ & $-0.0181228$ & $-0.0302104$ & $0.0245874$ & $0.0181668$ & $0.0162807$ & $-0.000669213$ & $-0.0113073$ & $-0.0064609$ & $0.00688683$ & $0.011444$ & $0.0325468$ & $-0.0187342$ & $-0.0762605$ & $-0.0388919$ & $-0.0588306$ & $-0.0736914$ & $0.00311527$ & $0.0527491$ & $-0.119938$ & $0.100826$ & $-0.0244075$ & $-0.0302925$ & $-0.0220245$ & $1$ & $-0.0780541$ & $-0.0760053$ & $0.121822$ & $-0.199357$ & $-0.164899$ & $-0.103889$ & $0.0287046$ & $-0.0942316$ \\
eHZgapar & $0.038588$ & $-0.0308645$ & $-0.0186637$ & $0.00378499$ & $0.0123614$ & $-0.0212704$ & $0.0334124$ & $0.00944532$ & $0.0165132$ & $-0.0284385$ & $-0.0163988$ & $-0.0413508$ & $-0.0345964$ & $0.0155937$ & $6.96064e-05$ & $0.0205275$ & $0.019416$ & $0.017781$ & $0.0042172$ & $0.0153088$ & $0.0160025$ & $0.0157771$ & $0.033939$ & $-0.0067113$ & $0.000694275$ & $-0.037251$ & $-0.00895283$ & $0.00870545$ & $0.00490804$ & $-0.0176714$ & $-0.0294062$ & $0.0271602$ & $-0.0136344$ & $0.0129822$ & $0.0543038$ & $-0.0223818$ & $-0.0377434$ & $0.0265772$ & $0.0126418$ & $0.0347389$ & $-0.0780541$ & $1$ & $-0.00805634$ & $0.0341951$ & $-0.00195057$ & $0.0146366$ & $-0.0547485$ & $0.012499$ & $0.0092257$ \\
eHgagaint & $0.0368858$ & $-0.040109$ & $0.00768076$ & $-0.129532$ & $0.0192685$ & $0.00608637$ & $-0.0202115$ & $-0.0122977$ & $0.0582714$ & $0.0021417$ & $0.0280499$ & $0.020974$ & $0.012303$ & $-0.0272512$ & $-0.06348$ & $-0.0574107$ & $-0.0289169$ & $0.0147814$ & $0.0106342$ & $-0.0315472$ & $-0.0225078$ & $-0.0322585$ & $0.0283803$ & $-0.0169435$ & $0.00779404$ & $0.0131181$ & $0.0549566$ & $-0.000568535$ & $0.0272182$ & $0.0578778$ & $0.0584074$ & $-0.0163958$ & $0.011536$ & $0.0355805$ & $0.00857585$ & $0.0450841$ & $-0.0390803$ & $0.0439277$ & $-0.0468323$ & $0.069999$ & $-0.0760053$ & $-0.00805634$ & $1$ & $-0.12656$ & $0.0384445$ & $0.144433$ & $0.0219539$ & $0.0858756$ & $-0.0506513$ \\
eHmumuint & $-0.0603685$ & $0.0580766$ & $-0.148244$ & $0.11585$ & $0.0106453$ & $0.00735689$ & $0.100013$ & $-0.0164472$ & $-0.025216$ & $0.0445827$ & $0.00283909$ & $-0.0101359$ & $-0.0416614$ & $0.0247814$ & $-0.0281927$ & $-0.00917287$ & $0.0306872$ & $0.0412371$ & $0.0218581$ & $-0.010414$ & $0.00182134$ & $-0.00728224$ & $-0.0182922$ & $0.00246182$ & $0.0582471$ & $0.0149385$ & $0.0261229$ & $-0.0134257$ & $-0.0225914$ & $-0.0337371$ & $-0.0360333$ & $0.099349$ & $-0.102277$ & $0.0172854$ & $-0.0175502$ & $0.062558$ & $0.231456$ & $-0.0417609$ & $0.112412$ & $-0.0331956$ & $0.121822$ & $0.0341951$ & $-0.12656$ & $1$ & $0.22748$ & $0.131772$ & $-0.0449037$ & $-0.179001$ & $-0.053237$ \\
eHtautauint & $-0.0885364$ & $-0.00763985$ & $0.0520241$ & $-0.0777299$ & $0.0199973$ & $0.0161782$ & $0.0411613$ & $0.00528318$ & $0.0147017$ & $0.0263882$ & $-0.0288684$ & $-0.00491645$ & $-0.0373293$ & $0.062034$ & $0.00164757$ & $0.00537948$ & $0.0356596$ & $0.0454939$ & $0.0461966$ & $0.0307565$ & $0.0271166$ & $0.0224318$ & $-0.0240965$ & $0.0294337$ & $0.0581664$ & $0.00161909$ & $0.015205$ & $-0.0426022$ & $-0.0650097$ & $0.079045$ & $0.0476666$ & $0.0394451$ & $-0.0652208$ & $-0.00386073$ & $-0.148017$ & $0.0572216$ & $0.0517639$ & $-0.017869$ & $0.0144843$ & $0.0123919$ & $-0.199357$ & $-0.00195057$ & $0.0384445$ & $0.22748$ & $1$ & $0.122437$ & $0.0280124$ & $-0.0322234$ & $-0.10981$ \\
eHccint & $-0.0833534$ & $0.159593$ & $-0.0533903$ & $-0.13908$ & $0.0222017$ & $0.0227316$ & $-0.0111285$ & $-0.0267761$ & $-0.0145204$ & $0.0128975$ & $0.0368465$ & $0.0347847$ & $-0.00140151$ & $-0.0181259$ & $-0.0288274$ & $-0.0562849$ & $-0.034935$ & $-0.00739842$ & $0.0132108$ & $-0.0356646$ & $-0.0274388$ & $-0.0449497$ & $-0.0215035$ & $-0.00477895$ & $0.019357$ & $0.0329116$ & $0.0364642$ & $-0.0831662$ & $0.014455$ & $0.0677729$ & $0.0895659$ & $-0.00298188$ & $0.0491697$ & $-0.000493699$ & $-0.132942$ & $0.0838599$ & $-0.0138622$ & $-0.0319702$ & $-0.032612$ & $0.0688392$ & $-0.164899$ & $0.0146366$ & $0.144433$ & $0.131772$ & $0.122437$ & $1$ & $0.0283497$ & $0.0173826$ & $0.0302369$ \\
eHccpar & $0.00686144$ & $0.0741169$ & $0.0382302$ & $-0.113876$ & $-0.0129035$ & $-0.00178481$ & $0.0570057$ & $0.0227232$ & $0.0314654$ & $-0.0447408$ & $-0.0136573$ & $-0.00381191$ & $0.0280637$ & $-0.0200049$ & $0.0819138$ & $0.0191747$ & $-0.0266996$ & $-0.0761924$ & $-0.0233855$ & $0.0200359$ & $0.00908226$ & $0.00665827$ & $-0.00878675$ & $-0.0131927$ & $-0.0611262$ & $-0.0349634$ & $-0.054961$ & $0.0369589$ & $0.0134763$ & $0.0570287$ & $0.368022$ & $0.0765632$ & $0.0724793$ & $-0.048011$ & $-0.0819802$ & $-0.0420541$ & $0.0406716$ & $-0.000711696$ & $-0.0102293$ & $-0.00958092$ & $-0.103889$ & $-0.0547485$ & $0.0219539$ & $-0.0449037$ & $0.0280124$ & $0.0283497$ & $1$ & $-0.001907$ & $0.0466013$ \\
eHbbint & $0.0510581$ & $0.061785$ & $-0.0356555$ & $0.0182214$ & $-0.0559085$ & $0.00643717$ & $0.0473282$ & $-0.0490296$ & $-0.0468897$ & $-0.0132002$ & $0.0623573$ & $0.00484682$ & $0.00436337$ & $-0.0555257$ & $-0.037322$ & $-0.00746757$ & $-0.0217096$ & $0.00114146$ & $-0.0196555$ & $-0.0596405$ & $-0.0633786$ & $-0.0554068$ & $0.0383647$ & $0.00348653$ & $-0.00467994$ & $0.0231715$ & $0.00554$ & $-0.00680158$ & $-0.00392382$ & $0.00335152$ & $-0.00521238$ & $0.0574937$ & $0.153951$ & $0.00143623$ & $0.136561$ & $-0.0693275$ & $0.0256064$ & $-0.00824022$ & $-0.0942092$ & $-0.00338694$ & $0.0287046$ & $0.012499$ & $0.0858756$ & $-0.179001$ & $-0.0322234$ & $0.0173826$ & $-0.001907$ & $1$ & $0.00274207$ \\
eHbbpar & $-0.0515039$ & $-0.0289987$ & $-0.0124776$ & $-0.0818199$ & $0.0157712$ & $0.00631719$ & $-0.0557436$ & $0.0532661$ & $0.0494498$ & $0.0133275$ & $-0.0447159$ & $0.0184723$ & $0.0233275$ & $0.0079084$ & $0.0486731$ & $0.0259155$ & $-0.015206$ & $-0.0488884$ & $-0.0299622$ & $0.0404963$ & $0.0444129$ & $0.034157$ & $0.0296439$ & $-0.0227177$ & $-0.0272339$ & $-0.0567344$ & $0.00510807$ & $-0.00574519$ & $-0.0191306$ & $-0.0288299$ & $-0.011546$ & $-0.0792982$ & $0.469627$ & $-0.000476725$ & $-0.1198$ & $-0.0123379$ & $0.0545606$ & $-0.0123198$ & $0.0197357$ & $-0.0135848$ & $-0.0942316$ & $0.0092257$ & $-0.0506513$ & $-0.053237$ & $-0.10981$ & $0.0302369$ & $0.0466013$ & $0.00274207$ & $1$ \\
