 & AlsMz & dAle5Mz & mtop & mHl & Mz & CW & CHG & CHWB & CHWHB_gaga & CHWHB_gagaorth & CHD & CHbox & CH & CHL1_11 & CHL1_22 & CHL1_33 & CHL3_11 & CHL3_22 & CHL3_33 & CHe_11 & CHe_22 & CHe_33 & CHQ1_11 & CHQ1_33 & CHQ3_11 & CHu_11 & CHd_11 & CHd_33 & CeH_22r & CeH_33r & CuH_22r & CuH_33r & CdH_33r & CLL_1221 & eHggint & eHggpar & eHWWint & eHWWpar & eHZZint & eHZZpar & eHZgaint & eHZgapar & eHgagaint & eHmumuint & eHtautauint & eHccint & eHccpar & eHbbint & eHbbpar \\
AlsMz & $1$ & $0.0281804$ & $0.0314552$ & $0.107426$ & $-0.0223036$ & $-0.0238602$ & $-0.00332537$ & $-0.0141297$ & $-0.0357724$ & $-0.0241955$ & $0.000199185$ & $-0.0317471$ & $-0.01812$ & $-0.00715362$ & $0.0266153$ & $-0.0072026$ & $0.0150854$ & $-0.0100355$ & $0.0139743$ & $-0.00490115$ & $-0.0104324$ & $-0.0121389$ & $-0.026774$ & $-0.0625095$ & $-0.137532$ & $-0.0342124$ & $-0.0834913$ & $-0.0301626$ & $-0.0144017$ & $-0.0194825$ & $-0.0568621$ & $0.00520034$ & $0.0314435$ & $-0.02906$ & $0.00087879$ & $0.126724$ & $-0.0134879$ & $-0.0276997$ & $0.237795$ & $-0.011764$ & $0.0940346$ & $0.000730381$ & $-0.174721$ & $0.110804$ & $-0.115014$ & $-0.0150964$ & $-0.196714$ & $0.0358258$ & $0.0787063$ \\
dAle5Mz & $0.0281804$ & $1$ & $0.0758965$ & $0.0508713$ & $-0.0287307$ & $0.0217597$ & $0.0132101$ & $-0.0787269$ & $-0.0860618$ & $-0.00936713$ & $0.0804316$ & $-0.0110558$ & $-0.0115019$ & $-0.0556179$ & $-0.0180956$ & $-0.0195377$ & $-0.0137251$ & $-0.013828$ & $-0.0130237$ & $-0.0616699$ & $-0.0597831$ & $-0.0564294$ & $0.0119962$ & $-0.00359809$ & $0.0133148$ & $0.0393198$ & $0.0194361$ & $-0.0064096$ & $0.0486365$ & $-0.000435453$ & $0.041624$ & $0.0187201$ & $0.0984547$ & $0.0114599$ & $0.0134316$ & $-0.026117$ & $0.0557991$ & $-0.0118805$ & $0.133305$ & $-0.0251486$ & $0.204489$ & $0.0422746$ & $-0.0856464$ & $-0.0320028$ & $0.137344$ & $0.0734646$ & $0.0788582$ & $0.0609878$ & $0.199486$ \\
mtop & $0.0314552$ & $0.0758965$ & $1$ & $-0.015555$ & $-0.0164189$ & $-0.0342173$ & $0.0162551$ & $0.0337426$ & $0.0290826$ & $0.0115656$ & $-0.0414069$ & $-0.00964507$ & $-0.00104061$ & $0.0304695$ & $-0.0401872$ & $0.00355036$ & $0.0373586$ & $0.047848$ & $0.0174319$ & $0.043996$ & $0.0528563$ & $0.0499307$ & $0.0444805$ & $-0.0126442$ & $0.0172053$ & $-0.0455218$ & $0.0437387$ & $-0.0421839$ & $0.00692081$ & $0.0199901$ & $0.0244333$ & $0.0190783$ & $0.0223653$ & $0.0685316$ & $0.0856646$ & $-0.117835$ & $-0.0730984$ & $-0.00937288$ & $-0.0654954$ & $-0.0298707$ & $-0.0157589$ & $-0.0068655$ & $-0.1808$ & $0.0486092$ & $-0.029925$ & $-0.0494584$ & $0.048836$ & $0.056156$ & $-0.00758569$ \\
mHl & $0.107426$ & $0.0508713$ & $-0.015555$ & $1$ & $0.0370576$ & $0.0216103$ & $0.0127879$ & $-0.00698259$ & $-0.0154526$ & $-0.000271008$ & $0.012792$ & $-0.029412$ & $-0.0276428$ & $-0.00912994$ & $-0.0534481$ & $-0.0068118$ & $-0.00678164$ & $0.024672$ & $-0.0124299$ & $-0.0196898$ & $-0.0077829$ & $-0.0145572$ & $-0.00910677$ & $-0.0250113$ & $-0.00350258$ & $0.0124582$ & $0.0238602$ & $-0.0175341$ & $0.00986111$ & $-0.0447821$ & $-0.0161226$ & $0.00505179$ & $-0.0163606$ & $0.0441103$ & $0.0669008$ & $-0.129354$ & $0.13364$ & $0.0237727$ & $0.175555$ & $-0.00648742$ & $0.0521134$ & $0.00885065$ & $-0.0774268$ & $0.054992$ & $-0.0587564$ & $-0.0227761$ & $-0.0660347$ & $-0.0184536$ & $0.0882256$ \\
Mz & $-0.0223036$ & $-0.0287307$ & $-0.0164189$ & $0.0370576$ & $1$ & $-0.00838148$ & $0.0149752$ & $0.0508142$ & $0.0503843$ & $-0.0142457$ & $-0.0424559$ & $0.00739002$ & $0.0100292$ & $0.0132846$ & $0.0511437$ & $0.0378239$ & $0.00311888$ & $-0.0352078$ & $-0.0271044$ & $0.0498961$ & $0.0476125$ & $0.0459846$ & $-0.0343979$ & $-0.0135561$ & $-0.0235002$ & $-0.0147945$ & $-0.00679501$ & $0.0388312$ & $-0.0202488$ & $0.00473242$ & $-0.00879574$ & $0.0124887$ & $0.00728482$ & $-0.000340202$ & $-0.0143721$ & $-0.0366097$ & $0.00668432$ & $0.0121705$ & $-0.00820764$ & $0.0167077$ & $-0.00032014$ & $0.0260606$ & $-0.0258192$ & $-0.00422949$ & $0.0158485$ & $-0.0407931$ & $0.00121538$ & $-0.00873334$ & $0.00555978$ \\
CW & $-0.0238602$ & $0.0217597$ & $-0.0342173$ & $0.0216103$ & $-0.00838148$ & $1$ & $0.027005$ & $-0.108645$ & $-0.103167$ & $-0.014682$ & $0.16291$ & $0.0170714$ & $0.00809676$ & $0.0432816$ & $-0.0940132$ & $-0.059674$ & $-0.254578$ & $-0.0300824$ & $-0.0581005$ & $-0.163185$ & $-0.164364$ & $-0.165895$ & $-0.0198785$ & $0.00187671$ & $-0.0708878$ & $0.0940884$ & $-0.0610252$ & $-0.0490019$ & $-0.0229787$ & $0.00215932$ & $0.0119676$ & $0.0255999$ & $0.00604227$ & $-0.0953857$ & $-0.0159431$ & $0.0177547$ & $0.0199847$ & $0.00393257$ & $0.0142296$ & $0.0187722$ & $0.0196435$ & $0.00458673$ & $0.0218982$ & $-0.0342492$ & $0.034527$ & $0.0523337$ & $0.00148651$ & $-0.014707$ & $0.0202776$ \\
CHG & $-0.00332537$ & $0.0132101$ & $0.0162551$ & $0.0127879$ & $0.0149752$ & $0.027005$ & $1$ & $-0.112398$ & $-0.0630502$ & $0.0712036$ & $0.074104$ & $-0.243205$ & $-0.306727$ & $0.0513331$ & $-0.00892746$ & $-0.0146962$ & $0.0633462$ & $0.0806795$ & $0.0831277$ & $-0.0693846$ & $-0.0801455$ & $-0.083131$ & $-0.0137352$ & $0.107036$ & $0.0860774$ & $0.0324287$ & $-0.0572524$ & $-0.0169557$ & $0.0147205$ & $-0.156252$ & $-0.0759703$ & $0.938114$ & $-0.206033$ & $-0.0854625$ & $-0.0336935$ & $0.00313097$ & $0.0157526$ & $-0.0119449$ & $0.0096725$ & $-0.0292333$ & $-0.0168645$ & $0.00249219$ & $-0.0219004$ & $-0.018796$ & $-0.0317955$ & $-0.00710847$ & $0.000492827$ & $-0.0732575$ & $-0.0146215$ \\
CHWB & $-0.0141297$ & $-0.0787269$ & $0.0337426$ & $-0.00698259$ & $0.0508142$ & $-0.108645$ & $-0.112398$ & $1$ & $0.982553$ & $-0.580167$ & $-0.878678$ & $0.0647684$ & $0.342047$ & $0.0853642$ & $0.267452$ & $0.272305$ & $-0.241465$ & $-0.423643$ & $-0.427523$ & $0.849576$ & $0.896895$ & $0.881281$ & $0.0880514$ & $-0.678784$ & $-0.389883$ & $-0.51141$ & $0.441449$ & $0.312758$ & $0.023479$ & $0.0990535$ & $0.0532535$ & $-0.112269$ & $0.0789351$ & $0.572345$ & $-0.00703245$ & $0.00516622$ & $-0.00343961$ & $0.0159323$ & $-0.023413$ & $-0.0176822$ & $-0.0290961$ & $-0.00392158$ & $0.00508186$ & $0.00639897$ & $-0.0316249$ & $-0.0152524$ & $-0.0197108$ & $-0.0116256$ & $-0.0736593$ \\
CHWHB_gaga & $-0.0357724$ & $-0.0860618$ & $0.0290826$ & $-0.0154526$ & $0.0503843$ & $-0.103167$ & $-0.0630502$ & $0.982553$ & $1$ & $-0.569452$ & $-0.860938$ & $0.0735817$ & $0.335149$ & $0.0800023$ & $0.266839$ & $0.273435$ & $-0.242563$ & $-0.422634$ & $-0.4272$ & $0.833127$ & $0.878205$ & $0.861971$ & $0.0806689$ & $-0.665351$ & $-0.385578$ & $-0.497352$ & $0.430803$ & $0.301388$ & $0.0271417$ & $0.124412$ & $0.0665565$ & $-0.0731648$ & $0.0956277$ & $0.558321$ & $-0.0359405$ & $-0.00373221$ & $-0.0191737$ & $0.00962375$ & $-0.0365682$ & $-0.0164483$ & $-0.0363934$ & $-0.00569062$ & $0.0726268$ & $0.00268036$ & $-0.025359$ & $-0.00806011$ & $-0.0174192$ & $-0.0189969$ & $-0.0825581$ \\
CHWHB_gagaorth & $-0.0241955$ & $-0.00936713$ & $0.0115656$ & $-0.000271008$ & $-0.0142457$ & $-0.014682$ & $0.0712036$ & $-0.580167$ & $-0.569452$ & $1$ & $0.358969$ & $0.22848$ & $-0.251011$ & $0.249026$ & $-0.0990493$ & $-0.120238$ & $0.445276$ & $0.487974$ & $0.501735$ & $-0.345681$ & $-0.377126$ & $-0.376086$ & $-0.0601331$ & $0.570555$ & $0.482152$ & $0.210273$ & $-0.255205$ & $-0.164951$ & $0.0161514$ & $-0.126866$ & $-0.0770369$ & $0.0833846$ & $-0.138798$ & $-0.372799$ & $0.0944507$ & $0.00835173$ & $0.0219805$ & $-0.00131106$ & $-0.0221653$ & $-0.00537865$ & $-0.0207267$ & $0.00508911$ & $-0.0119583$ & $-0.00552522$ & $-0.00896955$ & $-0.0174722$ & $0.021047$ & $0.0132132$ & $0.0208037$ \\
CHD & $0.000199185$ & $0.0804316$ & $-0.0414069$ & $0.012792$ & $-0.0424559$ & $0.16291$ & $0.074104$ & $-0.878678$ & $-0.860938$ & $0.358969$ & $1$ & $0.0808071$ & $-0.167703$ & $-0.503435$ & $-0.396032$ & $-0.391976$ & $-0.216177$ & $0.0593806$ & $0.0593106$ & $-0.990109$ & $-0.990763$ & $-0.969634$ & $-0.0427859$ & $0.315036$ & $0.00825472$ & $0.578367$ & $-0.312341$ & $-0.347493$ & $-0.0088786$ & $-0.0533655$ & $-0.0143431$ & $0.0840673$ & $-0.028753$ & $-0.374485$ & $-0.00531397$ & $-0.00123455$ & $0.00580752$ & $-0.0254799$ & $0.0214996$ & $0.0226234$ & $0.0336787$ & $-0.00513576$ & $0.000464543$ & $-0.0119601$ & $0.0276128$ & $0.00596197$ & $0.0396423$ & $0.00435329$ & $0.0684768$ \\
CHbox & $-0.0317471$ & $-0.0110558$ & $-0.00964507$ & $-0.029412$ & $0.00739002$ & $0.0170714$ & $-0.243205$ & $0.0647684$ & $0.0735817$ & $0.22848$ & $0.0808071$ & $1$ & $0.758364$ & $-0.276459$ & $0.0403657$ & $0.012846$ & $-0.300269$ & $-0.296397$ & $-0.274289$ & $-0.0695342$ & $-0.0796346$ & $-0.0759713$ & $0.00592414$ & $-0.195961$ & $-0.278093$ & $0.0426813$ & $-0.0216849$ & $-0.0670711$ & $0.0812777$ & $0.328474$ & $0.125597$ & $-0.154256$ & $0.371085$ & $0.00888942$ & $0.108508$ & $0.0422835$ & $0.00908613$ & $-0.00650281$ & $-0.0446067$ & $-0.0146525$ & $-0.0156371$ & $-0.026278$ & $0.0172249$ & $0.00362702$ & $-0.00878386$ & $-0.00214641$ & $0.0427036$ & $0.00775611$ & $-0.0171837$ \\
CH & $-0.01812$ & $-0.0115019$ & $-0.00104061$ & $-0.0276428$ & $0.0100292$ & $0.00809676$ & $-0.306727$ & $0.342047$ & $0.335149$ & $-0.251011$ & $-0.167703$ & $0.758364$ & $1$ & $-0.234173$ & $0.0791975$ & $0.0625598$ & $-0.354768$ & $-0.38242$ & $-0.369799$ & $0.164727$ & $0.178048$ & $0.175497$ & $0.0364273$ & $-0.385087$ & $-0.364022$ & $-0.0998654$ & $0.130771$ & $0.0457552$ & $0.0576102$ & $0.271846$ & $0.124177$ & $-0.255876$ & $0.311881$ & $0.197643$ & $0.0327745$ & $0.0287785$ & $-0.00429253$ & $-0.00406097$ & $-0.0226387$ & $-0.0156015$ & $-0.0106594$ & $-0.0143194$ & $0.0215382$ & $0.00995552$ & $-0.000624852$ & $0.00434191$ & $0.0152977$ & $-0.00386784$ & $-0.0281021$ \\
CHL1_11 & $-0.00715362$ & $-0.0556179$ & $0.0304695$ & $-0.00912994$ & $0.0132846$ & $0.0432816$ & $0.0513331$ & $0.0853642$ & $0.0800023$ & $0.249026$ & $-0.503435$ & $-0.276459$ & $-0.234173$ & $1$ & $0.26634$ & $0.248534$ & $0.66807$ & $0.601914$ & $0.606968$ & $0.520705$ & $0.462312$ & $0.441108$ & $-0.0567718$ & $0.473785$ & $0.611835$ & $-0.281241$ & $-0.0885283$ & $0.161813$ & $-0.0160195$ & $-0.0644966$ & $-0.0512612$ & $0.0252925$ & $-0.0888651$ & $-0.216515$ & $0.0121189$ & $-0.00559941$ & $-0.002055$ & $0.00875735$ & $-0.00905206$ & $-0.00713105$ & $-0.00897416$ & $0.0217372$ & $-0.0115359$ & $-0.00161447$ & $-0.0021027$ & $0.0149731$ & $-0.0316211$ & $0.00413959$ & $-0.034082$ \\
CHL1_22 & $0.0266153$ & $-0.0180956$ & $-0.0401872$ & $-0.0534481$ & $0.0511437$ & $-0.0940132$ & $-0.00892746$ & $0.267452$ & $0.266839$ & $-0.0990493$ & $-0.396032$ & $0.0403657$ & $0.0791975$ & $0.26634$ & $1$ & $0.450806$ & $0.169518$ & $-0.447619$ & $-0.0315494$ & $0.465818$ & $0.306949$ & $0.298224$ & $-0.120219$ & $0.120818$ & $-0.121634$ & $-0.227019$ & $-0.409497$ & $0.102944$ & $-0.000449334$ & $0.0375565$ & $0.00878491$ & $-0.00632775$ & $0.0311967$ & $-0.608374$ & $-0.00194735$ & $0.00582834$ & $-0.040097$ & $0.0558194$ & $-0.0264104$ & $-0.00469634$ & $-0.00796575$ & $0.0219733$ & $-0.00146377$ & $0.0217532$ & $-0.00827865$ & $0.00887305$ & $-0.0312418$ & $0.0153191$ & $-0.0206388$ \\
CHL1_33 & $-0.0072026$ & $-0.0195377$ & $0.00355036$ & $-0.0068118$ & $0.0378239$ & $-0.059674$ & $-0.0146962$ & $0.272305$ & $0.273435$ & $-0.120238$ & $-0.391976$ & $0.012846$ & $0.0625598$ & $0.248534$ & $0.450806$ & $1$ & $0.160944$ & $-0.038592$ & $-0.435498$ & $0.459686$ & $0.310023$ & $0.327131$ & $-0.129989$ & $0.114164$ & $-0.115599$ & $-0.215295$ & $-0.382446$ & $0.105996$ & $-0.0140636$ & $0.0429866$ & $-0.00528763$ & $-0.0128623$ & $0.0364313$ & $-0.120422$ & $0.0258296$ & $-0.000712663$ & $-0.0287539$ & $0.018879$ & $-0.0485662$ & $0.00553979$ & $-0.0282117$ & $-0.0141091$ & $0.0141104$ & $0.0395274$ & $-0.0190276$ & $0.0172805$ & $-0.0326501$ & $-0.0136246$ & $0.00779814$ \\
CHL3_11 & $0.0150854$ & $-0.0137251$ & $0.0373586$ & $-0.00678164$ & $0.00311888$ & $-0.254578$ & $0.0633462$ & $-0.241465$ & $-0.242563$ & $0.445276$ & $-0.216177$ & $-0.300269$ & $-0.354768$ & $0.66807$ & $0.169518$ & $0.160944$ & $1$ & $0.735271$ & $0.738632$ & $0.239267$ & $0.18132$ & $0.174503$ & $-0.0629736$ & $0.677121$ & $0.775333$ & $-0.124033$ & $-0.160617$ & $0.0689591$ & $-0.030002$ & $-0.0920142$ & $-0.081681$ & $0.0445616$ & $-0.0946609$ & $-0.254153$ & $0.0276105$ & $-0.0164679$ & $0.000525498$ & $0.0225388$ & $0.0017832$ & $-0.00919177$ & $-0.0255223$ & $0.0165843$ & $-0.0107127$ & $0.012314$ & $0.0120738$ & $0.0136859$ & $-0.0384106$ & $0.0139034$ & $0.0238365$ \\
CHL3_22 & $-0.0100355$ & $-0.013828$ & $0.047848$ & $0.024672$ & $-0.0352078$ & $-0.0300824$ & $0.0806795$ & $-0.423643$ & $-0.422634$ & $0.487974$ & $0.0593806$ & $-0.296397$ & $-0.38242$ & $0.601914$ & $-0.447619$ & $-0.038592$ & $0.735271$ & $1$ & $0.681667$ & $-0.0650598$ & $-0.0520626$ & $-0.0537637$ & $-0.0108239$ & $0.614747$ & $0.79353$ & $0.0391588$ & $0.0111253$ & $-0.011084$ & $-0.0285023$ & $-0.111088$ & $-0.0795563$ & $0.0594742$ & $-0.117905$ & $0.0419549$ & $0.0266211$ & $-0.0164675$ & $0.0183477$ & $-0.0203654$ & $0.0103252$ & $-0.00342743$ & $-0.0105953$ & $-0.000533494$ & $-0.00807658$ & $-0.00560563$ & $0.0102083$ & $0.0123609$ & $-0.0156533$ & $0.00172966$ & $0.0204322$ \\
CHL3_33 & $0.0139743$ & $-0.0130237$ & $0.0174319$ & $-0.0124299$ & $-0.0271044$ & $-0.0581005$ & $0.0831277$ & $-0.427523$ & $-0.4272$ & $0.501735$ & $0.0593106$ & $-0.274289$ & $-0.369799$ & $0.606968$ & $-0.0315494$ & $-0.435498$ & $0.738632$ & $0.681667$ & $1$ & $-0.0635778$ & $-0.0556253$ & $-0.0570752$ & $0.00218169$ & $0.618099$ & $0.788666$ & $0.0310872$ & $-0.00246515$ & $-0.0125368$ & $-0.0165438$ & $-0.10794$ & $-0.065541$ & $0.0630946$ & $-0.115176$ & $-0.330078$ & $0.00614592$ & $-0.00328158$ & $0.0145201$ & $0.00953159$ & $0.022079$ & $-0.0132156$ & $0.00366328$ & $0.0269582$ & $-0.0142555$ & $-0.0113585$ & $0.0251333$ & $0.0126208$ & $-0.0144682$ & $0.0201286$ & $0.0039581$ \\
CHe_11 & $-0.00490115$ & $-0.0616699$ & $0.043996$ & $-0.0196898$ & $0.0498961$ & $-0.163185$ & $-0.0693846$ & $0.849576$ & $0.833127$ & $-0.345681$ & $-0.990109$ & $-0.0695342$ & $0.164727$ & $0.520705$ & $0.465818$ & $0.459686$ & $0.239267$ & $-0.0650598$ & $-0.0635778$ & $1$ & $0.971348$ & $0.950827$ & $0.0237932$ & $-0.260187$ & $-0.000310246$ & $-0.57317$ & $0.238417$ & $0.341361$ & $0.00718327$ & $0.0547708$ & $0.0138313$ & $-0.0778083$ & $0.0309077$ & $0.293558$ & $0.00871409$ & $-0.00193415$ & $-0.0099502$ & $0.0293195$ & $-0.0255596$ & $-0.0270316$ & $-0.0317715$ & $0.00432743$ & $0.000300515$ & $0.0137421$ & $-0.0265305$ & $-0.00469923$ & $-0.0416687$ & $0.000569762$ & $-0.065301$ \\
CHe_22 & $-0.0104324$ & $-0.0597831$ & $0.0528563$ & $-0.0077829$ & $0.0476125$ & $-0.164364$ & $-0.0801455$ & $0.896895$ & $0.878205$ & $-0.377126$ & $-0.990763$ & $-0.0796346$ & $0.178048$ & $0.462312$ & $0.306949$ & $0.310023$ & $0.18132$ & $-0.0520626$ & $-0.0556253$ & $0.971348$ & $1$ & $0.975218$ & $0.0666259$ & $-0.371741$ & $-0.0149563$ & $-0.575499$ & $0.394823$ & $0.350359$ & $0.0129776$ & $0.0545798$ & $0.018426$ & $-0.0900179$ & $0.0316195$ & $0.464201$ & $0.00322993$ & $-0.00260302$ & $0.00297753$ & $0.0201639$ & $-0.0165715$ & $-0.0252032$ & $-0.0302972$ & $0.00434805$ & $-0.00276699$ & $0.00667746$ & $-0.022608$ & $-0.00773241$ & $-0.0340451$ & $-0.00581299$ & $-0.0673342$ \\
CHe_33 & $-0.0121389$ & $-0.0564294$ & $0.0499307$ & $-0.0145572$ & $0.0459846$ & $-0.165895$ & $-0.083131$ & $0.881281$ & $0.861971$ & $-0.376086$ & $-0.969634$ & $-0.0759713$ & $0.175497$ & $0.441108$ & $0.298224$ & $0.327131$ & $0.174503$ & $-0.0537637$ & $-0.0570752$ & $0.950827$ & $0.975218$ & $1$ & $0.0670517$ & $-0.366477$ & $-0.0160873$ & $-0.563692$ & $0.393397$ & $0.344935$ & $0.0153146$ & $0.0596604$ & $0.0286146$ & $-0.0915491$ & $0.0367533$ & $0.463734$ & $0.00299104$ & $-0.000500572$ & $-0.00353597$ & $0.0279927$ & $-0.0198567$ & $-0.0229907$ & $-0.0275116$ & $-0.000328841$ & $-0.00382525$ & $0.00836604$ & $-0.0196842$ & $0.00752845$ & $-0.0299204$ & $-0.00581982$ & $-0.0681149$ \\
CHQ1_11 & $-0.026774$ & $0.0119962$ & $0.0444805$ & $-0.00910677$ & $-0.0343979$ & $-0.0198785$ & $-0.0137352$ & $0.0880514$ & $0.0806689$ & $-0.0601331$ & $-0.0427859$ & $0.00592414$ & $0.0364273$ & $-0.0567718$ & $-0.120219$ & $-0.129989$ & $-0.0629736$ & $-0.0108239$ & $0.00218169$ & $0.0237932$ & $0.0666259$ & $0.0670517$ & $1$ & $-0.120037$ & $0.0754881$ & $-0.685086$ & $0.325824$ & $0.0441168$ & $0.00610874$ & $0.00910019$ & $-0.00196414$ & $-0.0117428$ & $-0.0144194$ & $0.169894$ & $0.0226385$ & $-0.044981$ & $-0.0106741$ & $0.0130488$ & $-0.0208617$ & $-0.0103298$ & $-0.0192408$ & $-0.0380959$ & $-0.0244912$ & $0.04544$ & $-0.0257784$ & $-0.0167301$ & $-0.00653857$ & $-0.00142419$ & $-0.0567723$ \\
CHQ1_33 & $-0.0625095$ & $-0.00359809$ & $-0.0126442$ & $-0.0250113$ & $-0.0135561$ & $0.00187671$ & $0.107036$ & $-0.678784$ & $-0.665351$ & $0.570555$ & $0.315036$ & $-0.195961$ & $-0.385087$ & $0.473785$ & $0.120818$ & $0.114164$ & $0.677121$ & $0.614747$ & $0.618099$ & $-0.260187$ & $-0.371741$ & $-0.366477$ & $-0.120037$ & $1$ & $0.643429$ & $0.185267$ & $-0.42825$ & $-0.0288785$ & $-0.0341252$ & $-0.105681$ & $-0.071284$ & $0.0914298$ & $-0.107724$ & $-0.634536$ & $0.0117986$ & $-0.0145478$ & $0.000214193$ & $0.00728024$ & $-0.00847444$ & $0.0044752$ & $-0.0116913$ & $0.0132331$ & $0.0189331$ & $0.000882936$ & $0.0273188$ & $0.0148873$ & $-0.0149805$ & $0.024941$ & $0.0335033$ \\
CHQ3_11 & $-0.137532$ & $0.0133148$ & $0.0172053$ & $-0.00350258$ & $-0.0235002$ & $-0.0708878$ & $0.0860774$ & $-0.389883$ & $-0.385578$ & $0.482152$ & $0.00825472$ & $-0.278093$ & $-0.364022$ & $0.611835$ & $-0.121634$ & $-0.115599$ & $0.775333$ & $0.79353$ & $0.788666$ & $-0.000310246$ & $-0.0149563$ & $-0.0160873$ & $0.0754881$ & $0.643429$ & $1$ & $0.00747147$ & $0.206994$ & $0.00200789$ & $-0.0233383$ & $-0.0991391$ & $-0.0564077$ & $0.0663478$ & $-0.117749$ & $-0.196595$ & $0.0109312$ & $-0.0280582$ & $0.0109574$ & $0.00168753$ & $-0.0163494$ & $-0.0234568$ & $-0.037129$ & $0.0155852$ & $0.0164472$ & $-0.0142285$ & $0.0429795$ & $0.0155289$ & $0.0298304$ & $-0.00505439$ & $-0.00202516$ \\
CHu_11 & $-0.0342124$ & $0.0393198$ & $-0.0455218$ & $0.0124582$ & $-0.0147945$ & $0.0940884$ & $0.0324287$ & $-0.51141$ & $-0.497352$ & $0.210273$ & $0.578367$ & $0.0426813$ & $-0.0998654$ & $-0.281241$ & $-0.227019$ & $-0.215295$ & $-0.124033$ & $0.0391588$ & $0.0310872$ & $-0.57317$ & $-0.575499$ & $-0.563692$ & $-0.685086$ & $0.185267$ & $0.00747147$ & $1$ & $-0.167448$ & $-0.219268$ & $0.00520118$ & $-0.0336318$ & $0.00229952$ & $0.0372057$ & $-0.0101993$ & $-0.223203$ & $-0.0121433$ & $0.0258191$ & $0.0230868$ & $-0.0318816$ & $0.0344797$ & $0.00982139$ & $0.0210105$ & $0.00460947$ & $0.0174254$ & $-0.0533474$ & $0.0661509$ & $0.0281516$ & $0.0442944$ & $0.00700115$ & $0.0621556$ \\
CHd_11 & $-0.0834913$ & $0.0194361$ & $0.0437387$ & $0.0238602$ & $-0.00679501$ & $-0.0610252$ & $-0.0572524$ & $0.441449$ & $0.430803$ & $-0.255205$ & $-0.312341$ & $-0.0216849$ & $0.130771$ & $-0.0885283$ & $-0.409497$ & $-0.382446$ & $-0.160617$ & $0.0111253$ & $-0.00246515$ & $0.238417$ & $0.394823$ & $0.393397$ & $0.325824$ & $-0.42825$ & $0.206994$ & $-0.167448$ & $1$ & $0.128107$ & $0.0246388$ & $0.0288951$ & $0.0394515$ & $-0.061379$ & $0.0110987$ & $0.695313$ & $-0.0139529$ & $-0.0061955$ & $0.0313513$ & $-0.0204589$ & $0.010135$ & $-0.0373174$ & $-0.0344925$ & $-0.00835045$ & $0.0109868$ & $-0.0154461$ & $0.0227157$ & $-0.0121506$ & $0.0441499$ & $-0.0163127$ & $-0.0515567$ \\
CHd_33 & $-0.0301626$ & $-0.0064096$ & $-0.0421839$ & $-0.0175341$ & $0.0388312$ & $-0.0490019$ & $-0.0169557$ & $0.312758$ & $0.301388$ & $-0.164951$ & $-0.347493$ & $-0.0670711$ & $0.0457552$ & $0.161813$ & $0.102944$ & $0.105996$ & $0.0689591$ & $-0.011084$ & $-0.0125368$ & $0.341361$ & $0.350359$ & $0.344935$ & $0.0441168$ & $-0.0288785$ & $0.00200789$ & $-0.219268$ & $0.128107$ & $1$ & $-0.0342165$ & $0.00146938$ & $0.0180956$ & $-0.0249486$ & $-0.00511518$ & $0.167725$ & $-0.0385758$ & $0.0148584$ & $0.00723252$ & $0.0167855$ & $0.0188197$ & $-0.0145413$ & $-0.0160706$ & $0.0254027$ & $0.0141849$ & $-0.00556987$ & $0.0310977$ & $0.0331141$ & $-0.00735921$ & $0.00660203$ & $0.00737741$ \\
CeH_22r & $-0.0144017$ & $0.0486365$ & $0.00692081$ & $0.00986111$ & $-0.0202488$ & $-0.0229787$ & $0.0147205$ & $0.023479$ & $0.0271417$ & $0.0161514$ & $-0.0088786$ & $0.0812777$ & $0.0576102$ & $-0.0160195$ & $-0.000449334$ & $-0.0140636$ & $-0.030002$ & $-0.0285023$ & $-0.0165438$ & $0.00718327$ & $0.0129776$ & $0.0153146$ & $0.00610874$ & $-0.0341252$ & $-0.0233383$ & $0.00520118$ & $0.0246388$ & $-0.0342165$ & $1$ & $0.0558208$ & $0.0225651$ & $0.00879874$ & $0.0559311$ & $0.0201076$ & $0.0106846$ & $-0.0182456$ & $-0.0296373$ & $0.0162411$ & $-0.000377027$ & $-0.00922$ & $0.0103958$ & $0.0107767$ & $-0.0222861$ & $-0.0223181$ & $0.00557343$ & $0.0128582$ & $-0.0298718$ & $0.00617119$ & $-0.00955534$ \\
CeH_33r & $-0.0194825$ & $-0.000435453$ & $0.0199901$ & $-0.0447821$ & $0.00473242$ & $0.00215932$ & $-0.156252$ & $0.0990535$ & $0.124412$ & $-0.126866$ & $-0.0533655$ & $0.328474$ & $0.271846$ & $-0.0644966$ & $0.0375565$ & $0.0429866$ & $-0.0920142$ & $-0.111088$ & $-0.10794$ & $0.0547708$ & $0.0545798$ & $0.0596604$ & $0.00910019$ & $-0.105681$ & $-0.0991391$ & $-0.0336318$ & $0.0288951$ & $0.00146938$ & $0.0558208$ & $1$ & $0.308496$ & $-0.0144064$ & $0.66118$ & $0.0475561$ & $-0.11644$ & $-0.00777636$ & $-0.190394$ & $-0.0296824$ & $-0.0438695$ & $-0.0190205$ & $-0.011514$ & $-0.0274971$ & $0.0267896$ & $-0.0294844$ & $0.0648818$ & $0.00198198$ & $0.0383611$ & $0.0399619$ & $0.00463124$ \\
CuH_22r & $-0.0568621$ & $0.041624$ & $0.0244333$ & $-0.0161226$ & $-0.00879574$ & $0.0119676$ & $-0.0759703$ & $0.0532535$ & $0.0665565$ & $-0.0770369$ & $-0.0143431$ & $0.125597$ & $0.124177$ & $-0.0512612$ & $0.00878491$ & $-0.00528763$ & $-0.081681$ & $-0.0795563$ & $-0.065541$ & $0.0138313$ & $0.018426$ & $0.0286146$ & $-0.00196414$ & $-0.071284$ & $-0.0564077$ & $0.00229952$ & $0.0394515$ & $0.0180956$ & $0.0225651$ & $0.308496$ & $1$ & $0.00903522$ & $0.343239$ & $0.0326214$ & $-0.0214314$ & $0.0417307$ & $-0.117451$ & $-0.0216389$ & $-0.00580227$ & $0.00796506$ & $0.0268173$ & $-0.0371395$ & $-0.00073371$ & $-0.0331446$ & $0.0745461$ & $0.101158$ & $0.346606$ & $0.0159707$ & $-0.00864097$ \\
CuH_33r & $0.00520034$ & $0.0187201$ & $0.0190783$ & $0.00505179$ & $0.0124887$ & $0.0255999$ & $0.938114$ & $-0.112269$ & $-0.0731648$ & $0.0833846$ & $0.0840673$ & $-0.154256$ & $-0.255876$ & $0.0252925$ & $-0.00632775$ & $-0.0128623$ & $0.0445616$ & $0.0594742$ & $0.0630946$ & $-0.0778083$ & $-0.0900179$ & $-0.0915491$ & $-0.0117428$ & $0.0914298$ & $0.0663478$ & $0.0372057$ & $-0.061379$ & $-0.0249486$ & $0.00879874$ & $-0.0144064$ & $0.00903522$ & $1$ & $-0.0267657$ & $-0.0867376$ & $0.0358952$ & $0.0355481$ & $0.00101769$ & $-0.0111499$ & $0.0196041$ & $-0.034618$ & $-0.00504532$ & $-0.0149498$ & $-0.038674$ & $-0.032513$ & $-0.0318154$ & $-0.0188453$ & $0.0266725$ & $-0.0548963$ & $0.00708257$ \\
CdH_33r & $0.0314435$ & $0.0984547$ & $0.0223653$ & $-0.0163606$ & $0.00728482$ & $0.00604227$ & $-0.206033$ & $0.0789351$ & $0.0956277$ & $-0.138798$ & $-0.028753$ & $0.371085$ & $0.311881$ & $-0.0888651$ & $0.0311967$ & $0.0364313$ & $-0.0946609$ & $-0.117905$ & $-0.115176$ & $0.0309077$ & $0.0316195$ & $0.0367533$ & $-0.0144194$ & $-0.107724$ & $-0.117749$ & $-0.0101993$ & $0.0110987$ & $-0.00511518$ & $0.0559311$ & $0.66118$ & $0.343239$ & $-0.0267657$ & $1$ & $0.0464192$ & $-0.0671422$ & $-0.00542973$ & $-0.176372$ & $-0.0314971$ & $0.0163471$ & $-0.0258896$ & $0.00271685$ & $-0.0323448$ & $-0.0354523$ & $-0.0233721$ & $0.05565$ & $-0.056316$ & $0.0228466$ & $0.250167$ & $0.462104$ \\
CLL_1221 & $-0.02906$ & $0.0114599$ & $0.0685316$ & $0.0441103$ & $-0.000340202$ & $-0.0953857$ & $-0.0854625$ & $0.572345$ & $0.558321$ & $-0.372799$ & $-0.374485$ & $0.00888942$ & $0.197643$ & $-0.216515$ & $-0.608374$ & $-0.120422$ & $-0.254153$ & $0.0419549$ & $-0.330078$ & $0.293558$ & $0.464201$ & $0.463734$ & $0.169894$ & $-0.634536$ & $-0.196595$ & $-0.223203$ & $0.695313$ & $0.167725$ & $0.0201076$ & $0.0475561$ & $0.0326214$ & $-0.0867376$ & $0.0464192$ & $1$ & $0.00151564$ & $-0.00579121$ & $0.031296$ & $-0.0290362$ & $0.00786918$ & $-0.0104148$ & $-0.0137245$ & $-0.0201603$ & $-0.000687288$ & $-0.0110149$ & $-0.0101584$ & $-0.0129041$ & $0.0110823$ & $-0.0184618$ & $-0.0191595$ \\
eHggint & $0.00087879$ & $0.0134316$ & $0.0856646$ & $0.0669008$ & $-0.0143721$ & $-0.0159431$ & $-0.0336935$ & $-0.00703245$ & $-0.0359405$ & $0.0944507$ & $-0.00531397$ & $0.108508$ & $0.0327745$ & $0.0121189$ & $-0.00194735$ & $0.0258296$ & $0.0276105$ & $0.0266211$ & $0.00614592$ & $0.00871409$ & $0.00322993$ & $0.00299104$ & $0.0226385$ & $0.0117986$ & $0.0109312$ & $-0.0121433$ & $-0.0139529$ & $-0.0385758$ & $0.0106846$ & $-0.11644$ & $-0.0214314$ & $0.0358952$ & $-0.0671422$ & $0.00151564$ & $1$ & $-0.107417$ & $0.158817$ & $0.0587654$ & $-0.0792719$ & $-0.0225536$ & $0.107537$ & $-0.0467217$ & $-0.118995$ & $0.0708395$ & $-0.0388161$ & $0.0125988$ & $0.0201424$ & $0.0390901$ & $0.0271439$ \\
eHggpar & $0.126724$ & $-0.026117$ & $-0.117835$ & $-0.129354$ & $-0.0366097$ & $0.0177547$ & $0.00313097$ & $0.00516622$ & $-0.00373221$ & $0.00835173$ & $-0.00123455$ & $0.0422835$ & $0.0287785$ & $-0.00559941$ & $0.00582834$ & $-0.000712663$ & $-0.0164679$ & $-0.0164675$ & $-0.00328158$ & $-0.00193415$ & $-0.00260302$ & $-0.000500572$ & $-0.044981$ & $-0.0145478$ & $-0.0280582$ & $0.0258191$ & $-0.0061955$ & $0.0148584$ & $-0.0182456$ & $-0.00777636$ & $0.0417307$ & $0.0355481$ & $-0.00542973$ & $-0.00579121$ & $-0.107417$ & $1$ & $-0.0445$ & $-0.0108496$ & $0.022265$ & $0.0282262$ & $-0.0448197$ & $-0.00982487$ & $0.0597638$ & $-0.239792$ & $-0.0278369$ & $0.0481022$ & $0.215235$ & $-0.0284487$ & $0.00922657$ \\
eHWWint & $-0.0134879$ & $0.0557991$ & $-0.0730984$ & $0.13364$ & $0.00668432$ & $0.0199847$ & $0.0157526$ & $-0.00343961$ & $-0.0191737$ & $0.0219805$ & $0.00580752$ & $0.00908613$ & $-0.00429253$ & $-0.002055$ & $-0.040097$ & $-0.0287539$ & $0.000525498$ & $0.0183477$ & $0.0145201$ & $-0.0099502$ & $0.00297753$ & $-0.00353597$ & $-0.0106741$ & $0.000214193$ & $0.0109574$ & $0.0230868$ & $0.0313513$ & $0.00723252$ & $-0.0296373$ & $-0.190394$ & $-0.117451$ & $0.00101769$ & $-0.176372$ & $0.031296$ & $0.158817$ & $-0.0445$ & $1$ & $0.0220986$ & $0.116795$ & $-0.000661287$ & $0.0339133$ & $-0.0351725$ & $0.0566476$ & $0.0404067$ & $0.0376736$ & $0.078348$ & $-0.137175$ & $-0.038131$ & $0.0684215$ \\
eHWWpar & $-0.0276997$ & $-0.0118805$ & $-0.00937288$ & $0.0237727$ & $0.0121705$ & $0.00393257$ & $-0.0119449$ & $0.0159323$ & $0.00962375$ & $-0.00131106$ & $-0.0254799$ & $-0.00650281$ & $-0.00406097$ & $0.00875735$ & $0.0558194$ & $0.018879$ & $0.0225388$ & $-0.0203654$ & $0.00953159$ & $0.0293195$ & $0.0201639$ & $0.0279927$ & $0.0130488$ & $0.00728024$ & $0.00168753$ & $-0.0318816$ & $-0.0204589$ & $0.0167855$ & $0.0162411$ & $-0.0296824$ & $-0.0216389$ & $-0.0111499$ & $-0.0314971$ & $-0.0290362$ & $0.0587654$ & $-0.0108496$ & $0.0220986$ & $1$ & $0.0119671$ & $-0.0203784$ & $0.010133$ & $-0.00444614$ & $-0.0143495$ & $0.00231319$ & $-0.030883$ & $0.0288304$ & $-0.0431805$ & $0.00902629$ & $0.0088066$ \\
eHZZint & $0.237795$ & $0.133305$ & $-0.0654954$ & $0.175555$ & $-0.00820764$ & $0.0142296$ & $0.0096725$ & $-0.023413$ & $-0.0365682$ & $-0.0221653$ & $0.0214996$ & $-0.0446067$ & $-0.0226387$ & $-0.00905206$ & $-0.0264104$ & $-0.0485662$ & $0.0017832$ & $0.0103252$ & $0.022079$ & $-0.0255596$ & $-0.0165715$ & $-0.0198567$ & $-0.0208617$ & $-0.00847444$ & $-0.0163494$ & $0.0344797$ & $0.010135$ & $0.0188197$ & $-0.000377027$ & $-0.0438695$ & $-0.00580227$ & $0.0196041$ & $0.0163471$ & $0.00786918$ & $-0.0792719$ & $0.022265$ & $0.116795$ & $0.0119671$ & $1$ & $-0.00947816$ & $0.0622516$ & $0.0267114$ & $-0.150397$ & $-0.0424329$ & $0.0755648$ & $-0.00922891$ & $-0.0604725$ & $0.0906309$ & $0.0793911$ \\
eHZZpar & $-0.011764$ & $-0.0251486$ & $-0.0298707$ & $-0.00648742$ & $0.0167077$ & $0.0187722$ & $-0.0292333$ & $-0.0176822$ & $-0.0164483$ & $-0.00537865$ & $0.0226234$ & $-0.0146525$ & $-0.0156015$ & $-0.00713105$ & $-0.00469634$ & $0.00553979$ & $-0.00919177$ & $-0.00342743$ & $-0.0132156$ & $-0.0270316$ & $-0.0252032$ & $-0.0229907$ & $-0.0103298$ & $0.0044752$ & $-0.0234568$ & $0.00982139$ & $-0.0373174$ & $-0.0145413$ & $-0.00922$ & $-0.0190205$ & $0.00796506$ & $-0.034618$ & $-0.0258896$ & $-0.0104148$ & $-0.0225536$ & $0.0282262$ & $-0.000661287$ & $-0.0203784$ & $-0.00947816$ & $1$ & $-0.0169165$ & $-0.0100084$ & $0.00347371$ & $0.0187875$ & $-0.00301391$ & $0.0393606$ & $0.0228316$ & $0.00392049$ & $-0.0107175$ \\
eHZgaint & $0.0940346$ & $0.204489$ & $-0.0157589$ & $0.0521134$ & $-0.00032014$ & $0.0196435$ & $-0.0168645$ & $-0.0290961$ & $-0.0363934$ & $-0.0207267$ & $0.0336787$ & $-0.0156371$ & $-0.0106594$ & $-0.00897416$ & $-0.00796575$ & $-0.0282117$ & $-0.0255223$ & $-0.0105953$ & $0.00366328$ & $-0.0317715$ & $-0.0302972$ & $-0.0275116$ & $-0.0192408$ & $-0.0116913$ & $-0.037129$ & $0.0210105$ & $-0.0344925$ & $-0.0160706$ & $0.0103958$ & $-0.011514$ & $0.0268173$ & $-0.00504532$ & $0.00271685$ & $-0.0137245$ & $0.107537$ & $-0.0448197$ & $0.0339133$ & $0.010133$ & $0.0622516$ & $-0.0169165$ & $1$ & $-0.0146397$ & $-0.0253521$ & $-0.164633$ & $-0.0472622$ & $-0.0232071$ & $0.0644092$ & $-0.0610703$ & $0.0343298$ \\
eHZgapar & $0.000730381$ & $0.0422746$ & $-0.0068655$ & $0.00885065$ & $0.0260606$ & $0.00458673$ & $0.00249219$ & $-0.00392158$ & $-0.00569062$ & $0.00508911$ & $-0.00513576$ & $-0.026278$ & $-0.0143194$ & $0.0217372$ & $0.0219733$ & $-0.0141091$ & $0.0165843$ & $-0.000533494$ & $0.0269582$ & $0.00432743$ & $0.00434805$ & $-0.000328841$ & $-0.0380959$ & $0.0132331$ & $0.0155852$ & $0.00460947$ & $-0.00835045$ & $0.0254027$ & $0.0107767$ & $-0.0274971$ & $-0.0371395$ & $-0.0149498$ & $-0.0323448$ & $-0.0201603$ & $-0.0467217$ & $-0.00982487$ & $-0.0351725$ & $-0.00444614$ & $0.0267114$ & $-0.0100084$ & $-0.0146397$ & $1$ & $-0.0445462$ & $-0.00212226$ & $0.0533328$ & $-0.0019219$ & $-0.0263006$ & $-0.00157354$ & $-0.0205665$ \\
eHgagaint & $-0.174721$ & $-0.0856464$ & $-0.1808$ & $-0.0774268$ & $-0.0258192$ & $0.0218982$ & $-0.0219004$ & $0.00508186$ & $0.0726268$ & $-0.0119583$ & $0.000464543$ & $0.0172249$ & $0.0215382$ & $-0.0115359$ & $-0.00146377$ & $0.0141104$ & $-0.0107127$ & $-0.00807658$ & $-0.0142555$ & $0.000300515$ & $-0.00276699$ & $-0.00382525$ & $-0.0244912$ & $0.0189331$ & $0.0164472$ & $0.0174254$ & $0.0109868$ & $0.0141849$ & $-0.0222861$ & $0.0267896$ & $-0.00073371$ & $-0.038674$ & $-0.0354523$ & $-0.000687288$ & $-0.118995$ & $0.0597638$ & $0.0566476$ & $-0.0143495$ & $-0.150397$ & $0.00347371$ & $-0.0253521$ & $-0.0445462$ & $1$ & $-0.118515$ & $0.0119346$ & $0.128256$ & $0.00288746$ & $-0.100336$ & $-0.0614595$ \\
eHmumuint & $0.110804$ & $-0.0320028$ & $0.0486092$ & $0.054992$ & $-0.00422949$ & $-0.0342492$ & $-0.018796$ & $0.00639897$ & $0.00268036$ & $-0.00552522$ & $-0.0119601$ & $0.00362702$ & $0.00995552$ & $-0.00161447$ & $0.0217532$ & $0.0395274$ & $0.012314$ & $-0.00560563$ & $-0.0113585$ & $0.0137421$ & $0.00667746$ & $0.00836604$ & $0.04544$ & $0.000882936$ & $-0.0142285$ & $-0.0533474$ & $-0.0154461$ & $-0.00556987$ & $-0.0223181$ & $-0.0294844$ & $-0.0331446$ & $-0.032513$ & $-0.0233721$ & $-0.0110149$ & $0.0708395$ & $-0.239792$ & $0.0404067$ & $0.00231319$ & $-0.0424329$ & $0.0187875$ & $-0.164633$ & $-0.00212226$ & $-0.118515$ & $1$ & $0.0169621$ & $-0.0677818$ & $-0.0456168$ & $0.0986645$ & $-0.0384203$ \\
eHtautauint & $-0.115014$ & $0.137344$ & $-0.029925$ & $-0.0587564$ & $0.0158485$ & $0.034527$ & $-0.0317955$ & $-0.0316249$ & $-0.025359$ & $-0.00896955$ & $0.0276128$ & $-0.00878386$ & $-0.000624852$ & $-0.0021027$ & $-0.00827865$ & $-0.0190276$ & $0.0120738$ & $0.0102083$ & $0.0251333$ & $-0.0265305$ & $-0.022608$ & $-0.0196842$ & $-0.0257784$ & $0.0273188$ & $0.0429795$ & $0.0661509$ & $0.0227157$ & $0.0310977$ & $0.00557343$ & $0.0648818$ & $0.0745461$ & $-0.0318154$ & $0.05565$ & $-0.0101584$ & $-0.0388161$ & $-0.0278369$ & $0.0376736$ & $-0.030883$ & $0.0755648$ & $-0.00301391$ & $-0.0472622$ & $0.0533328$ & $0.0119346$ & $0.0169621$ & $1$ & $0.256867$ & $0.0896019$ & $0.0482118$ & $0.058995$ \\
eHccint & $-0.0150964$ & $0.0734646$ & $-0.0494584$ & $-0.0227761$ & $-0.0407931$ & $0.0523337$ & $-0.00710847$ & $-0.0152524$ & $-0.00806011$ & $-0.0174722$ & $0.00596197$ & $-0.00214641$ & $0.00434191$ & $0.0149731$ & $0.00887305$ & $0.0172805$ & $0.0136859$ & $0.0123609$ & $0.0126208$ & $-0.00469923$ & $-0.00773241$ & $0.00752845$ & $-0.0167301$ & $0.0148873$ & $0.0155289$ & $0.0281516$ & $-0.0121506$ & $0.0331141$ & $0.0128582$ & $0.00198198$ & $0.101158$ & $-0.0188453$ & $-0.056316$ & $-0.0129041$ & $0.0125988$ & $0.0481022$ & $0.078348$ & $0.0288304$ & $-0.00922891$ & $0.0393606$ & $-0.0232071$ & $-0.0019219$ & $0.128256$ & $-0.0677818$ & $0.256867$ & $1$ & $0.0174929$ & $-0.134879$ & $-0.0834913$ \\
eHccpar & $-0.196714$ & $0.0788582$ & $0.048836$ & $-0.0660347$ & $0.00121538$ & $0.00148651$ & $0.000492827$ & $-0.0197108$ & $-0.0174192$ & $0.021047$ & $0.0396423$ & $0.0427036$ & $0.0152977$ & $-0.0316211$ & $-0.0312418$ & $-0.0326501$ & $-0.0384106$ & $-0.0156533$ & $-0.0144682$ & $-0.0416687$ & $-0.0340451$ & $-0.0299204$ & $-0.00653857$ & $-0.0149805$ & $0.0298304$ & $0.0442944$ & $0.0441499$ & $-0.00735921$ & $-0.0298718$ & $0.0383611$ & $0.346606$ & $0.0266725$ & $0.0228466$ & $0.0110823$ & $0.0201424$ & $0.215235$ & $-0.137175$ & $-0.0431805$ & $-0.0604725$ & $0.0228316$ & $0.0644092$ & $-0.0263006$ & $0.00288746$ & $-0.0456168$ & $0.0896019$ & $0.0174929$ & $1$ & $-0.0516131$ & $-0.0208168$ \\
eHbbint & $0.0358258$ & $0.0609878$ & $0.056156$ & $-0.0184536$ & $-0.00873334$ & $-0.014707$ & $-0.0732575$ & $-0.0116256$ & $-0.0189969$ & $0.0132132$ & $0.00435329$ & $0.00775611$ & $-0.00386784$ & $0.00413959$ & $0.0153191$ & $-0.0136246$ & $0.0139034$ & $0.00172966$ & $0.0201286$ & $0.000569762$ & $-0.00581299$ & $-0.00581982$ & $-0.00142419$ & $0.024941$ & $-0.00505439$ & $0.00700115$ & $-0.0163127$ & $0.00660203$ & $0.00617119$ & $0.0399619$ & $0.0159707$ & $-0.0548963$ & $0.250167$ & $-0.0184618$ & $0.0390901$ & $-0.0284487$ & $-0.038131$ & $0.00902629$ & $0.0906309$ & $0.00392049$ & $-0.0610703$ & $-0.00157354$ & $-0.100336$ & $0.0986645$ & $0.0482118$ & $-0.134879$ & $-0.0516131$ & $1$ & $0.171439$ \\
eHbbpar & $0.0787063$ & $0.199486$ & $-0.00758569$ & $0.0882256$ & $0.00555978$ & $0.0202776$ & $-0.0146215$ & $-0.0736593$ & $-0.0825581$ & $0.0208037$ & $0.0684768$ & $-0.0171837$ & $-0.0281021$ & $-0.034082$ & $-0.0206388$ & $0.00779814$ & $0.0238365$ & $0.0204322$ & $0.0039581$ & $-0.065301$ & $-0.0673342$ & $-0.0681149$ & $-0.0567723$ & $0.0335033$ & $-0.00202516$ & $0.0621556$ & $-0.0515567$ & $0.00737741$ & $-0.00955534$ & $0.00463124$ & $-0.00864097$ & $0.00708257$ & $0.462104$ & $-0.0191595$ & $0.0271439$ & $0.00922657$ & $0.0684215$ & $0.0088066$ & $0.0793911$ & $-0.0107175$ & $0.0343298$ & $-0.0205665$ & $-0.0614595$ & $-0.0384203$ & $0.058995$ & $-0.0834913$ & $-0.0208168$ & $0.171439$ & $1$ \\
