 & AlsMz & dAle5Mz & mtop & mHl & Mz & CW & CHG & CHWB & CHWHB_gaga & CHWHB_gagaorth & CHD & CH & CHL1_11 & CHL1_22 & CHL1_33 & CHL3_11 & CHL3_22 & CHL3_33 & CHe_11 & CHe_22 & CHe_33 & CHQ1_11 & CHQ1_33 & CHQ3_11 & CHu_11 & CHd_11 & CHd_33 & CeH_22r & CeH_33r & CuH_22r & CuH_33r & CdH_33r & CLL_1221 & eHggint & eHggpar & eHWWint & eHWWpar & eHZZint & eHZZpar & eHZgaint & eHZgapar & eHgagaint & eHmumuint & eHtautauint & eHccint & eHccpar & eHbbint & eHbbpar \\
AlsMz & $1$ & $-0.38934$ & $-0.379374$ & $-0.1178$ & $-0.00296869$ & $0.0361566$ & $0.0360495$ & $-0.028581$ & $-0.0213738$ & $-0.000304558$ & $0.0440498$ & $-0.00445122$ & $-0.0527231$ & $-0.00273913$ & $-0.0316937$ & $-0.0455782$ & $-0.0330854$ & $-0.0112976$ & $-0.0494755$ & $-0.0566459$ & $-0.0522874$ & $0.00626406$ & $-0.0300751$ & $-0.0858549$ & $-0.0188518$ & $-0.0374117$ & $0.0218287$ & $0.00319745$ & $0.00100095$ & $0.0729215$ & $0.0525113$ & $-0.00856703$ & $-0.0428229$ & $0.301857$ & $0.296449$ & $0.0558817$ & $0.0346364$ & $0.116382$ & $0.0820862$ & $0.196063$ & $-0.0965308$ & $0.307365$ & $0.0693386$ & $0.26555$ & $-0.037589$ & $0.258061$ & $-0.0357337$ & $0.0996273$ \\
dAle5Mz & $-0.38934$ & $1$ & $0.279966$ & $-0.26257$ & $-0.0509828$ & $0.00131483$ & $0.00321904$ & $-0.0419519$ & $-0.0435772$ & $0.00291439$ & $0.0345252$ & $-0.00838936$ & $-0.00614411$ & $-0.0457146$ & $-0.00693356$ & $0.0134197$ & $0.0353058$ & $0.00296823$ & $-0.0219786$ & $-0.0138598$ & $-0.0191355$ & $0.00439255$ & $0.016212$ & $0.0347135$ & $0.00625417$ & $0.00864037$ & $-0.0478483$ & $0.0121578$ & $0.00159063$ & $-0.0101765$ & $0.00983274$ & $-0.0454571$ & $0.0454487$ & $-0.0780526$ & $0.22714$ & $-0.145234$ & $-0.0201647$ & $-0.122578$ & $-0.0371408$ & $-0.0963274$ & $0.0328816$ & $-0.141575$ & $0.247607$ & $-0.131358$ & $0.318455$ & $-0.056629$ & $0.0333038$ & $-0.23277$ \\
mtop & $-0.379374$ & $0.279966$ & $1$ & $-0.0456838$ & $0.0182322$ & $-0.0466493$ & $-0.0590288$ & $0.0428888$ & $0.0278882$ & $-0.0157541$ & $-0.0513059$ & $0.0369247$ & $0.0382739$ & $0.0220765$ & $0.0467281$ & $0.0249945$ & $0.00554831$ & $-0.0127622$ & $0.0578102$ & $0.0621321$ & $0.0503769$ & $0.0159228$ & $0.00190116$ & $0.0419655$ & $-0.0381883$ & $0.0341663$ & $-0.00676568$ & $0.0103755$ & $-0.0419941$ & $-0.0144177$ & $-0.0574041$ & $-0.104521$ & $0.0313914$ & $0.0198977$ & $-0.0114887$ & $0.0285464$ & $0.0200564$ & $0.355772$ & $0.0597061$ & $-0.158131$ & $0.0261597$ & $-0.169746$ & $0.0272493$ & $0.0486642$ & $-0.0752356$ & $0.0849865$ & $-0.12896$ & $-0.198277$ \\
mHl & $-0.1178$ & $-0.26257$ & $-0.0456838$ & $1$ & $0.00748478$ & $0.0164392$ & $0.00627536$ & $0.0270892$ & $0.0378516$ & $-0.0119242$ & $-0.0446786$ & $-0.0160106$ & $0.0564804$ & $0.0389788$ & $0.00522301$ & $0.0348383$ & $0.0107592$ & $0.0343813$ & $0.0426134$ & $0.0387834$ & $0.0330146$ & $-0.0268077$ & $0.0279151$ & $0.0179564$ & $0.010955$ & $-0.00917727$ & $0.00689044$ & $0.00991522$ & $-0.00148019$ & $-0.0956476$ & $0.00162201$ & $0.0886645$ & $-0.022438$ & $-0.0872948$ & $0.0491594$ & $0.322425$ & $0.0315955$ & $-0.306122$ & $-0.0630303$ & $-0.000799216$ & $-0.0351675$ & $0.118534$ & $-0.0707588$ & $0.115895$ & $-0.450703$ & $-0.143076$ & $0.194828$ & $0.196817$ \\
Mz & $-0.00296869$ & $-0.0509828$ & $0.0182322$ & $0.00748478$ & $1$ & $-0.00913333$ & $0.00922653$ & $-0.0173558$ & $-0.0178501$ & $0.0141221$ & $0.0234432$ & $-0.00863664$ & $-0.0106623$ & $-0.0216891$ & $-0.0162081$ & $0.0181795$ & $0.0176788$ & $0.00899088$ & $-0.0186675$ & $-0.012401$ & $-0.0129589$ & $0.039264$ & $0.000621997$ & $-0.0018951$ & $-0.0190273$ & $-0.0140566$ & $0.0193771$ & $-0.00741587$ & $0.00450795$ & $0.00917008$ & $0.0222628$ & $0.023445$ & $0.00525495$ & $0.0219807$ & $-0.00810865$ & $0.00118528$ & $-0.00682299$ & $0.0258988$ & $-0.0422735$ & $-0.031296$ & $-0.0230981$ & $-0.00807688$ & $0.00179831$ & $0.0379876$ & $-0.0243504$ & $-0.0427975$ & $-0.00234641$ & $0.0225799$ \\
CW & $0.0361566$ & $0.00131483$ & $-0.0466493$ & $0.0164392$ & $-0.00913333$ & $1$ & $0.0440945$ & $-0.14152$ & $-0.138618$ & $0.018405$ & $0.192198$ & $-0.0426694$ & $0.0372536$ & $-0.100639$ & $-0.104766$ & $-0.243378$ & $-0.0173056$ & $-0.012132$ & $-0.193767$ & $-0.192635$ & $-0.188319$ & $0.0100206$ & $0.0215885$ & $-0.0603804$ & $0.0992793$ & $-0.06287$ & $-0.0520575$ & $0.0106644$ & $-0.00199948$ & $0.0102045$ & $0.0493279$ & $-0.0330169$ & $-0.11502$ & $0.0253076$ & $0.0289536$ & $0.00152993$ & $-0.0209805$ & $0.000377826$ & $-0.0145496$ & $0.00183745$ & $-0.0288408$ & $0.00743837$ & $0.0446952$ & $0.0249185$ & $-0.010297$ & $0.0269039$ & $0.0204777$ & $-0.0366765$ \\
CHG & $0.0360495$ & $0.00321904$ & $-0.0590288$ & $0.00627536$ & $0.00922653$ & $0.0440945$ & $1$ & $-0.105711$ & $-0.0506564$ & $0.126112$ & $0.0932315$ & $-0.247069$ & $-0.0104903$ & $-0.0303459$ & $-0.0322513$ & $0.0228013$ & $0.0480449$ & $0.0492148$ & $-0.0881098$ & $-0.0952772$ & $-0.100857$ & $-0.0056395$ & $0.0740827$ & $0.0370919$ & $0.0490766$ & $-0.0552133$ & $-0.0269737$ & $0.00536352$ & $-0.101057$ & $-0.0729799$ & $0.944355$ & $-0.121071$ & $-0.0649718$ & $0.0529825$ & $0.0132249$ & $0.0496916$ & $0.0315384$ & $0.00482272$ & $-0.000340954$ & $-0.0374325$ & $0.0104676$ & $-0.0246072$ & $0.0379047$ & $-0.0247482$ & $0.0331017$ & $-0.021539$ & $0.054495$ & $0.0197234$ \\
CHWB & $-0.028581$ & $-0.0419519$ & $0.0428888$ & $0.0270892$ & $-0.0173558$ & $-0.14152$ & $-0.105711$ & $1$ & $0.984424$ & $-0.593104$ & $-0.889867$ & $0.450734$ & $0.104751$ & $0.289815$ & $0.271969$ & $-0.260789$ & $-0.453829$ & $-0.443349$ & $0.85899$ & $0.90809$ & $0.891266$ & $0.0388819$ & $-0.691897$ & $-0.401272$ & $-0.499614$ & $0.4707$ & $0.317858$ & $0.0234133$ & $0.107513$ & $0.0431116$ & $-0.0995058$ & $0.140717$ & $0.571967$ & $0.0174603$ & $-0.0260659$ & $0.00861253$ & $0.0250889$ & $0.0163965$ & $-0.0260636$ & $-0.037289$ & $0.0457188$ & $-0.0351696$ & $-0.00915625$ & $-0.00365735$ & $-0.0338661$ & $-0.0393671$ & $0.00667084$ & $0.0136109$ \\
CHWHB_gaga & $-0.0213738$ & $-0.0435772$ & $0.0278882$ & $0.0378516$ & $-0.0178501$ & $-0.138618$ & $-0.0506564$ & $0.984424$ & $1$ & $-0.588584$ & $-0.875931$ & $0.430641$ & $0.104381$ & $0.283054$ & $0.265514$ & $-0.2586$ & $-0.445485$ & $-0.435225$ & $0.84555$ & $0.894169$ & $0.876254$ & $0.0383509$ & $-0.681621$ & $-0.392162$ & $-0.490435$ & $0.467619$ & $0.314481$ & $0.029259$ & $0.121684$ & $0.0502604$ & $-0.0556027$ & $0.162829$ & $0.56366$ & $-0.00159835$ & $-0.0270316$ & $0.0154692$ & $0.0239996$ & $0.00254879$ & $-0.0345183$ & $-0.0359498$ & $0.0457806$ & $0.0121555$ & $-0.0100093$ & $-0.0127037$ & $-0.034105$ & $-0.0488822$ & $0.0146919$ & $0.0311335$ \\
CHWHB_gagaorth & $-0.000304558$ & $0.00291439$ & $-0.0157541$ & $-0.0119242$ & $0.0141221$ & $0.018405$ & $0.126112$ & $-0.593104$ & $-0.588584$ & $1$ & $0.313237$ & $-0.594208$ & $0.384368$ & $-0.113947$ & $-0.128737$ & $0.608741$ & $0.637496$ & $0.653686$ & $-0.303645$ & $-0.331509$ & $-0.331799$ & $-0.0612823$ & $0.663372$ & $0.629787$ & $0.191942$ & $-0.265505$ & $-0.110069$ & $-0.0516055$ & $-0.298029$ & $-0.122183$ & $0.089377$ & $-0.364945$ & $-0.377739$ & $-0.0561716$ & $0.0120633$ & $-0.00558749$ & $-0.00838814$ & $-0.0258735$ & $-0.00227215$ & $0.0146831$ & $-0.0396026$ & $0.0197468$ & $-0.010409$ & $-0.0405983$ & $-0.012219$ & $0.000593408$ & $-0.0196446$ & $0.00949024$ \\
CHD & $0.0440498$ & $0.0345252$ & $-0.0513059$ & $-0.0446786$ & $0.0234432$ & $0.192198$ & $0.0932315$ & $-0.889867$ & $-0.875931$ & $0.313237$ & $1$ & $-0.327868$ & $-0.499208$ & $-0.422928$ & $-0.402986$ & $-0.172987$ & $0.118333$ & $0.106443$ & $-0.990403$ & $-0.991126$ & $-0.969634$ & $0.0174813$ & $0.350259$ & $0.0490627$ & $0.552985$ & $-0.317414$ & $-0.350582$ & $-0.0221941$ & $-0.0851194$ & $-0.0274854$ & $0.0969375$ & $-0.118908$ & $-0.375719$ & $0.0126158$ & $0.0145142$ & $-0.0230473$ & $-0.0159551$ & $0.00716713$ & $0.023198$ & $0.0304239$ & $-0.0458701$ & $0.034244$ & $0.0114889$ & $0.0184959$ & $0.0601507$ & $0.0425969$ & $0.00850975$ & $-0.026076$ \\
CH & $-0.00445122$ & $-0.00838936$ & $0.0369247$ & $-0.0160106$ & $-0.00863664$ & $-0.0426694$ & $-0.247069$ & $0.450734$ & $0.430641$ & $-0.594208$ & $-0.327868$ & $1$ & $-0.0952172$ & $0.0773087$ & $0.0845922$ & $-0.267607$ & $-0.307712$ & $-0.316044$ & $0.310599$ & $0.342292$ & $0.341327$ & $0.0232377$ & $-0.403989$ & $-0.306164$ & $-0.186126$ & $0.22472$ & $0.112762$ & $0.0421711$ & $0.12137$ & $0.0870633$ & $-0.244429$ & $0.152936$ & $0.298704$ & $0.0184108$ & $0.00281578$ & $-0.00199351$ & $-0.00178554$ & $0.0230428$ & $0.0136773$ & $0.0088547$ & $0.0411811$ & $-0.0324576$ & $-0.00833276$ & $-0.00675199$ & $-0.00110012$ & $-0.00249103$ & $-0.0498238$ & $-0.0283108$ \\
CHL1_11 & $-0.0527231$ & $-0.00614411$ & $0.0382739$ & $0.0564804$ & $-0.0106623$ & $0.0372536$ & $-0.0104903$ & $0.104751$ & $0.104381$ & $0.384368$ & $-0.499208$ & $-0.0952172$ & $1$ & $0.294108$ & $0.282614$ & $0.639837$ & $0.560175$ & $0.568424$ & $0.521622$ & $0.457119$ & $0.441951$ & $-0.108094$ & $0.444742$ & $0.571374$ & $-0.25208$ & $-0.136634$ & $0.167883$ & $0.015423$ & $-0.00257796$ & $-0.00808553$ & $-0.0243913$ & $0.00838316$ & $-0.223886$ & $-0.055476$ & $-0.00124622$ & $0.0353123$ & $-0.00770565$ & $-0.0411046$ & $-0.025768$ & $-0.00942691$ & $0.00725455$ & $-0.0217361$ & $-0.0120525$ & $-0.0326148$ & $-0.0752156$ & $-0.0344185$ & $-0.0325908$ & $0.0161486$ \\
CHL1_22 & $-0.00273913$ & $-0.0457146$ & $0.0220765$ & $0.0389788$ & $-0.0216891$ & $-0.100639$ & $-0.0303459$ & $0.289815$ & $0.283054$ & $-0.113947$ & $-0.422928$ & $0.0773087$ & $0.294108$ & $1$ & $0.454668$ & $0.182754$ & $-0.45849$ & $-0.0282671$ & $0.487952$ & $0.33733$ & $0.327973$ & $-0.166059$ & $0.110993$ & $-0.127457$ & $-0.203962$ & $-0.385134$ & $0.109246$ & $0.0304954$ & $0.0220353$ & $0.0138011$ & $-0.0369938$ & $0.0309797$ & $-0.592403$ & $-0.0168297$ & $0.00712562$ & $0.0677836$ & $-0.0242805$ & $-0.0282921$ & $-0.0217916$ & $0.0409711$ & $0.0553261$ & $-0.0108357$ & $-0.00182028$ & $0.0339099$ & $-0.0942259$ & $0.0164969$ & $-0.00515056$ & $0.0365596$ \\
CHL1_33 & $-0.0316937$ & $-0.00693356$ & $0.0467281$ & $0.00522301$ & $-0.0162081$ & $-0.104766$ & $-0.0322513$ & $0.271969$ & $0.265514$ & $-0.128737$ & $-0.402986$ & $0.0845922$ & $0.282614$ & $0.454668$ & $1$ & $0.182001$ & $-0.0251618$ & $-0.439536$ & $0.469432$ & $0.320048$ & $0.335338$ & $-0.169919$ & $0.104167$ & $-0.113748$ & $-0.18813$ & $-0.383455$ & $0.090061$ & $-0.00237412$ & $0.0297331$ & $0.0565629$ & $-0.0314078$ & $0.0388829$ & $-0.121661$ & $-0.0273939$ & $0.0116944$ & $0.0593708$ & $-0.004681$ & $-0.0113875$ & $-0.018955$ & $0.0153671$ & $0.0273035$ & $-0.0270591$ & $-0.0220325$ & $-0.00290766$ & $-0.0407083$ & $0.0257805$ & $-0.0284269$ & $0.00264241$ \\
CHL3_11 & $-0.0455782$ & $0.0134197$ & $0.0249945$ & $0.0348383$ & $0.0181795$ & $-0.243378$ & $0.0228013$ & $-0.260789$ & $-0.2586$ & $0.608741$ & $-0.172987$ & $-0.267607$ & $0.639837$ & $0.182754$ & $0.182001$ & $1$ & $0.715433$ & $0.716451$ & $0.202199$ & $0.136151$ & $0.127532$ & $-0.0748769$ & $0.684511$ & $0.761466$ & $-0.0968337$ & $-0.232025$ & $0.0600748$ & $-0.0161013$ & $-0.0539628$ & $-0.0460838$ & $0.00207147$ & $-0.0474626$ & $-0.285694$ & $-0.0626846$ & $0.0181555$ & $0.012933$ & $-0.0121889$ & $-0.0469833$ & $0.024076$ & $0.0048482$ & $-0.00190348$ & $0.00408076$ & $-0.0117887$ & $-0.0436334$ & $-0.0415772$ & $-0.00808282$ & $-0.0288954$ & $0.0235453$ \\
CHL3_22 & $-0.0330854$ & $0.0353058$ & $0.00554831$ & $0.0107592$ & $0.0176788$ & $-0.0173056$ & $0.0480449$ & $-0.453829$ & $-0.445485$ & $0.637496$ & $0.118333$ & $-0.307712$ & $0.560175$ & $-0.45849$ & $-0.0251618$ & $0.715433$ & $1$ & $0.654733$ & $-0.116022$ & $-0.113107$ & $-0.112467$ & $-0.000662855$ & $0.615145$ & $0.777886$ & $0.0601249$ & $-0.0641019$ & $-0.0266624$ & $-0.0253571$ & $-0.0600613$ & $-0.0360135$ & $0.0340441$ & $-0.0660996$ & $0.0217917$ & $-0.0474971$ & $0.013953$ & $-0.0179804$ & $-0.00320219$ & $-0.0228165$ & $0.0185099$ & $-0.0162405$ & $-0.0422468$ & $0.00662119$ & $-0.00871137$ & $-0.0533903$ & $0.0103844$ & $-0.0130388$ & $-0.0296961$ & $-0.00181071$ \\
CHL3_33 & $-0.0112976$ & $0.00296823$ & $-0.0127622$ & $0.0343813$ & $0.00899088$ & $-0.012132$ & $0.0492148$ & $-0.443349$ & $-0.435225$ & $0.653686$ & $0.106443$ & $-0.316044$ & $0.568424$ & $-0.0282671$ & $-0.439536$ & $0.716451$ & $0.654733$ & $1$ & $-0.105764$ & $-0.101754$ & $-0.0981265$ & $0.00570821$ & $0.620956$ & $0.775985$ & $0.0500555$ & $-0.0570961$ & $-0.0150802$ & $-0.000724743$ & $-0.0717576$ & $-0.071664$ & $0.029248$ & $-0.0740283$ & $-0.35552$ & $-0.0431835$ & $0.00522684$ & $-0.0175279$ & $-0.0127385$ & $-0.0388259$ & $0.0148867$ & $0.000289108$ & $-0.0181932$ & $0.0218281$ & $-0.00290725$ & $-0.0269708$ & $-0.0317072$ & $-0.0207727$ & $-0.0093018$ & $0.0254078$ \\
CHe_11 & $-0.0494755$ & $-0.0219786$ & $0.0578102$ & $0.0426134$ & $-0.0186675$ & $-0.193767$ & $-0.0881098$ & $0.85899$ & $0.84555$ & $-0.303645$ & $-0.990403$ & $0.310599$ & $0.521622$ & $0.487952$ & $0.469432$ & $0.202199$ & $-0.116022$ & $-0.105764$ & $1$ & $0.972156$ & $0.951127$ & $-0.0378698$ & $-0.293162$ & $-0.0377662$ & $-0.545402$ & $0.241676$ & $0.340711$ & $0.0237732$ & $0.0814748$ & $0.0293875$ & $-0.0932098$ & $0.111802$ & $0.295503$ & $-0.0166157$ & $-0.00720585$ & $0.0287482$ & $0.00927781$ & $-0.00908635$ & $-0.0238904$ & $-0.0273885$ & $0.0486926$ & $-0.0340564$ & $-0.00691464$ & $-0.0171181$ & $-0.0602687$ & $-0.037575$ & $-0.00892164$ & $0.0296526$ \\
CHe_22 & $-0.0566459$ & $-0.0138598$ & $0.0621321$ & $0.0387834$ & $-0.012401$ & $-0.192635$ & $-0.0952772$ & $0.90809$ & $0.894169$ & $-0.331509$ & $-0.991126$ & $0.342292$ & $0.457119$ & $0.33733$ & $0.320048$ & $0.136151$ & $-0.113107$ & $-0.101754$ & $0.972156$ & $1$ & $0.97497$ & $0.0102631$ & $-0.406188$ & $-0.0549659$ & $-0.555433$ & $0.400126$ & $0.354329$ & $0.0202779$ & $0.0868615$ & $0.0238561$ & $-0.0980398$ & $0.120761$ & $0.462959$ & $-0.0116311$ & $-0.0158259$ & $0.01245$ & $0.0195585$ & $-0.0048421$ & $-0.0218193$ & $-0.0421115$ & $0.0436211$ & $-0.0375342$ & $-0.00667529$ & $-0.0235988$ & $-0.0479704$ & $-0.0509394$ & $-0.00516868$ & $0.0182498$ \\
CHe_33 & $-0.0522874$ & $-0.0191355$ & $0.0503769$ & $0.0330146$ & $-0.0129589$ & $-0.188319$ & $-0.100857$ & $0.891266$ & $0.876254$ & $-0.331799$ & $-0.969634$ & $0.341327$ & $0.441951$ & $0.327973$ & $0.335338$ & $0.127532$ & $-0.112467$ & $-0.0981265$ & $0.951127$ & $0.97497$ & $1$ & $0.0138296$ & $-0.401402$ & $-0.0564855$ & $-0.543444$ & $0.395792$ & $0.345679$ & $0.0194886$ & $0.0886929$ & $0.0301627$ & $-0.10159$ & $0.12635$ & $0.459354$ & $-0.0067326$ & $-0.0150865$ & $0.000985747$ & $0.0170504$ & $-0.006636$ & $-0.0212361$ & $-0.0411339$ & $0.0504592$ & $-0.0392866$ & $-0.0153776$ & $-0.023771$ & $-0.0442529$ & $-0.0474679$ & $-0.00545706$ & $0.0197158$ \\
CHQ1_11 & $0.00626406$ & $0.00439255$ & $0.0159228$ & $-0.0268077$ & $0.039264$ & $0.0100206$ & $-0.0056395$ & $0.0388819$ & $0.0383509$ & $-0.0612823$ & $0.0174813$ & $0.0232377$ & $-0.108094$ & $-0.166059$ & $-0.169919$ & $-0.0748769$ & $-0.000662855$ & $0.00570821$ & $-0.0378698$ & $0.0102631$ & $0.0138296$ & $1$ & $-0.133881$ & $0.0760944$ & $-0.661464$ & $0.312341$ & $0.00122611$ & $0.0026542$ & $0.00974441$ & $-0.0126521$ & $0.00334982$ & $0.0147856$ & $0.174915$ & $0.0151939$ & $0.0157801$ & $-0.0169719$ & $-0.0147089$ & $0.079912$ & $-0.0235669$ & $0.0290758$ & $0.00944066$ & $-0.0213292$ & $0.0271781$ & $-0.0119787$ & $0.00188097$ & $-0.00525182$ & $-0.0142857$ & $-0.00467873$ \\
CHQ1_33 & $-0.0300751$ & $0.016212$ & $0.00190116$ & $0.0279151$ & $0.000621997$ & $0.0215885$ & $0.0740827$ & $-0.691897$ & $-0.681621$ & $0.663372$ & $0.350259$ & $-0.403989$ & $0.444742$ & $0.110993$ & $0.104167$ & $0.684511$ & $0.615145$ & $0.620956$ & $-0.293162$ & $-0.406188$ & $-0.401402$ & $-0.133881$ & $1$ & $0.624243$ & $0.222495$ & $-0.486184$ & $-0.0432183$ & $-0.0118586$ & $-0.0899322$ & $-0.0441374$ & $0.0577466$ & $-0.103061$ & $-0.648864$ & $-0.0590415$ & $0.0216306$ & $0.0205283$ & $-0.0179266$ & $-0.0461185$ & $0.00121334$ & $0.0212116$ & $-0.0186163$ & $0.0127016$ & $-0.00852671$ & $-0.0241517$ & $-0.0237968$ & $0.0180195$ & $-0.0132215$ & $0.0239708$ \\
CHQ3_11 & $-0.0858549$ & $0.0347135$ & $0.0419655$ & $0.0179564$ & $-0.0018951$ & $-0.0603804$ & $0.0370919$ & $-0.401272$ & $-0.392162$ & $0.629787$ & $0.0490627$ & $-0.306164$ & $0.571374$ & $-0.127457$ & $-0.113748$ & $0.761466$ & $0.777886$ & $0.775985$ & $-0.0377662$ & $-0.0549659$ & $-0.0564855$ & $0.0760944$ & $0.624243$ & $1$ & $0.0325634$ & $0.157982$ & $-0.00668888$ & $-0.0065667$ & $-0.0696023$ & $-0.0412826$ & $0.0158819$ & $-0.0729118$ & $-0.20724$ & $-0.0598056$ & $-0.00529274$ & $-0.0225176$ & $-0.00320021$ & $-0.0122235$ & $0.0144479$ & $-0.0113787$ & $-0.0246338$ & $0.00306023$ & $0.00293308$ & $-0.049952$ & $-0.0102539$ & $-0.00968125$ & $-0.0107542$ & $0.0179863$ \\
CHu_11 & $-0.0188518$ & $0.00625417$ & $-0.0381883$ & $0.010955$ & $-0.0190273$ & $0.0992793$ & $0.0490766$ & $-0.499614$ & $-0.490435$ & $0.191942$ & $0.552985$ & $-0.186126$ & $-0.25208$ & $-0.203962$ & $-0.18813$ & $-0.0968337$ & $0.0601249$ & $0.0500555$ & $-0.545402$ & $-0.555433$ & $-0.543444$ & $-0.661464$ & $0.222495$ & $0.0325634$ & $1$ & $-0.174403$ & $-0.187994$ & $-0.0226607$ & $-0.060034$ & $-0.0135732$ & $0.0456906$ & $-0.0754829$ & $-0.24464$ & $-0.00873766$ & $-0.0208107$ & $-0.0220441$ & $-0.0147842$ & $-0.0459523$ & $0.0396161$ & $-0.0241408$ & $-0.0351906$ & $0.0337294$ & $-0.0161386$ & $-0.00230229$ & $0.0386429$ & $-0.00351063$ & $0.015655$ & $-0.00363846$ \\
CHd_11 & $-0.0374117$ & $0.00864037$ & $0.0341663$ & $-0.00917727$ & $-0.0140566$ & $-0.06287$ & $-0.0552133$ & $0.4707$ & $0.467619$ & $-0.265505$ & $-0.317414$ & $0.22472$ & $-0.136634$ & $-0.385134$ & $-0.383455$ & $-0.232025$ & $-0.0641019$ & $-0.0570961$ & $0.241676$ & $0.400126$ & $0.395792$ & $0.312341$ & $-0.486184$ & $0.157982$ & $-0.174403$ & $1$ & $0.141697$ & $0.00759756$ & $0.038569$ & $0.00537337$ & $-0.0530014$ & $0.0592433$ & $0.707797$ & $0.0228588$ & $-0.0217695$ & $-0.0704292$ & $0.0386061$ & $0.0514877$ & $-0.00173965$ & $-0.0521816$ & $-0.0071025$ & $-0.00444506$ & $0.0142475$ & $-0.0295507$ & $0.0424448$ & $-0.0348253$ & $0.0285255$ & $0.00951729$ \\
CHd_33 & $0.0218287$ & $-0.0478483$ & $-0.00676568$ & $0.00689044$ & $0.0193771$ & $-0.0520575$ & $-0.0269737$ & $0.317858$ & $0.314481$ & $-0.110069$ & $-0.350582$ & $0.112762$ & $0.167883$ & $0.109246$ & $0.090061$ & $0.0600748$ & $-0.0266624$ & $-0.0150802$ & $0.340711$ & $0.354329$ & $0.345679$ & $0.00122611$ & $-0.0432183$ & $-0.00668888$ & $-0.187994$ & $0.141697$ & $1$ & $-0.00552711$ & $0.0429436$ & $-0.00959174$ & $-0.0254479$ & $0.0496778$ & $0.169152$ & $0.0141149$ & $0.000154408$ & $-0.00838124$ & $0.0099648$ & $-0.0159267$ & $-0.00305077$ & $-0.0839472$ & $0.00648726$ & $0.00173339$ & $0.00582348$ & $-0.021012$ & $-0.0120335$ & $-0.0239937$ & $0.00469358$ & $0.00410398$ \\
CeH_22r & $0.00319745$ & $0.0121578$ & $0.0103755$ & $0.00991522$ & $-0.00741587$ & $0.0106644$ & $0.00536352$ & $0.0234133$ & $0.029259$ & $-0.0516055$ & $-0.0221941$ & $0.0421711$ & $0.015423$ & $0.0304954$ & $-0.00237412$ & $-0.0161013$ & $-0.0253571$ & $-0.000724743$ & $0.0237732$ & $0.0202779$ & $0.0194886$ & $0.0026542$ & $-0.0118586$ & $-0.0065667$ & $-0.0226607$ & $0.00759756$ & $-0.00552711$ & $1$ & $0.00658262$ & $-0.00104498$ & $-0.0160512$ & $0.0276903$ & $-0.0125673$ & $-0.0109932$ & $0.00499346$ & $0.040818$ & $0.016666$ & $-0.0101519$ & $-0.0129004$ & $-0.00817912$ & $-0.0109085$ & $0.0282467$ & $0.0349579$ & $0.0114775$ & $-0.00341333$ & $-0.0167478$ & $-0.000448155$ & $0.0213274$ \\
CeH_33r & $0.00100095$ & $0.00159063$ & $-0.0419941$ & $-0.00148019$ & $0.00450795$ & $-0.00199948$ & $-0.101057$ & $0.107513$ & $0.121684$ & $-0.298029$ & $-0.0851194$ & $0.12137$ & $-0.00257796$ & $0.0220353$ & $0.0297331$ & $-0.0539628$ & $-0.0600613$ & $-0.0717576$ & $0.0814748$ & $0.0868615$ & $0.0886929$ & $0.00974441$ & $-0.0899322$ & $-0.0696023$ & $-0.060034$ & $0.038569$ & $0.0429436$ & $0.00658262$ & $1$ & $0.308158$ & $0.0239418$ & $0.64759$ & $0.0690814$ & $-0.009439$ & $0.00459045$ & $-0.105414$ & $-0.0394864$ & $-0.0374628$ & $-0.00767927$ & $0.0105056$ & $0.00852132$ & $-0.0155524$ & $-0.0286145$ & $0.00814183$ & $0.0107468$ & $0.0259763$ & $-0.0205983$ & $0.0100074$ \\
CuH_22r & $0.0729215$ & $-0.0101765$ & $-0.0144177$ & $-0.0956476$ & $0.00917008$ & $0.0102045$ & $-0.0729799$ & $0.0431116$ & $0.0502604$ & $-0.122183$ & $-0.0274854$ & $0.0870633$ & $-0.00808553$ & $0.0138011$ & $0.0565629$ & $-0.0460838$ & $-0.0360135$ & $-0.071664$ & $0.0293875$ & $0.0238561$ & $0.0301627$ & $-0.0126521$ & $-0.0441374$ & $-0.0412826$ & $-0.0135732$ & $0.00537337$ & $-0.00959174$ & $-0.00104498$ & $0.308158$ & $1$ & $0.00166607$ & $0.351228$ & $0.0210277$ & $0.0495802$ & $0.0234779$ & $-0.0981093$ & $-0.0164102$ & $0.0648577$ & $0.0136891$ & $0.0882551$ & $-0.0387258$ & $0.0231985$ & $0.0247757$ & $0.0389728$ & $0.0688707$ & $0.167249$ & $-0.0688836$ & $-0.0382621$ \\
CuH_33r & $0.0525113$ & $0.00983274$ & $-0.0574041$ & $0.00162201$ & $0.0222628$ & $0.0493279$ & $0.944355$ & $-0.0995058$ & $-0.0556027$ & $0.089377$ & $0.0969375$ & $-0.244429$ & $-0.0243913$ & $-0.0369938$ & $-0.0314078$ & $0.00207147$ & $0.0340441$ & $0.029248$ & $-0.0932098$ & $-0.0980398$ & $-0.10159$ & $0.00334982$ & $0.0577466$ & $0.0158819$ & $0.0456906$ & $-0.0530014$ & $-0.0254479$ & $-0.0160512$ & $0.0239418$ & $0.00166607$ & $1$ & $0.0364698$ & $-0.0543882$ & $0.109189$ & $0.0489711$ & $0.0210147$ & $0.0171052$ & $0.0115224$ & $0.00314831$ & $-0.0594203$ & $0.00310783$ & $-0.040131$ & $0.0476885$ & $-0.00732207$ & $0.0468603$ & $-0.0183803$ & $0.052387$ & $0.00321017$ \\
CdH_33r & $-0.00856703$ & $-0.0454571$ & $-0.104521$ & $0.0886645$ & $0.023445$ & $-0.0330169$ & $-0.121071$ & $0.140717$ & $0.162829$ & $-0.364945$ & $-0.118908$ & $0.152936$ & $0.00838316$ & $0.0309797$ & $0.0388829$ & $-0.0474626$ & $-0.0660996$ & $-0.0740283$ & $0.111802$ & $0.120761$ & $0.12635$ & $0.0147856$ & $-0.103061$ & $-0.0729118$ & $-0.0754829$ & $0.0592433$ & $0.0496778$ & $0.0276903$ & $0.64759$ & $0.351228$ & $0.0364698$ & $1$ & $0.0895226$ & $-0.139662$ & $0.0693686$ & $-0.0194962$ & $-0.00844369$ & $-0.0924077$ & $-0.0507048$ & $0.0340995$ & $-0.00484518$ & $0.132728$ & $-0.0250777$ & $-0.0943032$ & $-0.0359898$ & $-0.0884447$ & $0.127891$ & $0.342461$ \\
CLL_1221 & $-0.0428229$ & $0.0454487$ & $0.0313914$ & $-0.022438$ & $0.00525495$ & $-0.11502$ & $-0.0649718$ & $0.571967$ & $0.56366$ & $-0.377739$ & $-0.375719$ & $0.298704$ & $-0.223886$ & $-0.592403$ & $-0.121661$ & $-0.285694$ & $0.0217917$ & $-0.35552$ & $0.295503$ & $0.462959$ & $0.459354$ & $0.174915$ & $-0.648864$ & $-0.20724$ & $-0.24464$ & $0.707797$ & $0.169152$ & $-0.0125673$ & $0.0690814$ & $0.0210277$ & $-0.0543882$ & $0.0895226$ & $1$ & $0.0233009$ & $-0.0148583$ & $-0.0608908$ & $0.0408245$ & $0.0294533$ & $0.00249692$ & $-0.0692539$ & $-0.0072336$ & $-0.0263158$ & $0.000186458$ & $-0.0435572$ & $0.0667823$ & $-0.04316$ & $0.0091792$ & $-0.0288556$ \\
eHggint & $0.301857$ & $-0.0780526$ & $0.0198977$ & $-0.0872948$ & $0.0219807$ & $0.0253076$ & $0.0529825$ & $0.0174603$ & $-0.00159835$ & $-0.0561716$ & $0.0126158$ & $0.0184108$ & $-0.055476$ & $-0.0168297$ & $-0.0273939$ & $-0.0626846$ & $-0.0474971$ & $-0.0431835$ & $-0.0166157$ & $-0.0116311$ & $-0.0067326$ & $0.0151939$ & $-0.0590415$ & $-0.0598056$ & $-0.00873766$ & $0.0228588$ & $0.0141149$ & $-0.0109932$ & $-0.009439$ & $0.0495802$ & $0.109189$ & $-0.139662$ & $0.0233009$ & $1$ & $0.137228$ & $-0.196333$ & $-0.0261773$ & $0.172848$ & $0.129392$ & $-0.353757$ & $0.0102496$ & $-0.249532$ & $-0.036497$ & $0.532188$ & $0.20004$ & $0.0780589$ & $0.150972$ & $-0.3553$ \\
eHggpar & $0.296449$ & $0.22714$ & $-0.0114887$ & $0.0491594$ & $-0.00810865$ & $0.0289536$ & $0.0132249$ & $-0.0260659$ & $-0.0270316$ & $0.0120633$ & $0.0145142$ & $0.00281578$ & $-0.00124622$ & $0.00712562$ & $0.0116944$ & $0.0181555$ & $0.013953$ & $0.00522684$ & $-0.00720585$ & $-0.0158259$ & $-0.0150865$ & $0.0157801$ & $0.0216306$ & $-0.00529274$ & $-0.0208107$ & $-0.0217695$ & $0.000154408$ & $0.00499346$ & $0.00459045$ & $0.0234779$ & $0.0489711$ & $0.0693686$ & $-0.0148583$ & $0.137228$ & $1$ & $-0.0119763$ & $0.00276545$ & $0.0191359$ & $-0.0269736$ & $0.0310356$ & $-0.0173204$ & $0.212622$ & $0.18615$ & $-0.196674$ & $0.115991$ & $0.220193$ & $0.047846$ & $0.224308$ \\
eHWWint & $0.0558817$ & $-0.145234$ & $0.0285464$ & $0.322425$ & $0.00118528$ & $0.00152993$ & $0.0496916$ & $0.00861253$ & $0.0154692$ & $-0.00558749$ & $-0.0230473$ & $-0.00199351$ & $0.0353123$ & $0.0677836$ & $0.0593708$ & $0.012933$ & $-0.0179804$ & $-0.0175279$ & $0.0287482$ & $0.01245$ & $0.000985747$ & $-0.0169719$ & $0.0205283$ & $-0.0225176$ & $-0.0220441$ & $-0.0704292$ & $-0.00838124$ & $0.040818$ & $-0.105414$ & $-0.0981093$ & $0.0210147$ & $-0.0194962$ & $-0.0608908$ & $-0.196333$ & $-0.0119763$ & $1$ & $0.0305819$ & $-0.0243344$ & $-0.0261515$ & $0.076157$ & $0.0164111$ & $0.13102$ & $0.189843$ & $0.0110895$ & $-0.278322$ & $-0.221738$ & $0.198414$ & $0.181319$ \\
eHWWpar & $0.0346364$ & $-0.0201647$ & $0.0200564$ & $0.0315955$ & $-0.00682299$ & $-0.0209805$ & $0.0315384$ & $0.0250889$ & $0.0239996$ & $-0.00838814$ & $-0.0159551$ & $-0.00178554$ & $-0.00770565$ & $-0.0242805$ & $-0.004681$ & $-0.0121889$ & $-0.00320219$ & $-0.0127385$ & $0.00927781$ & $0.0195585$ & $0.0170504$ & $-0.0147089$ & $-0.0179266$ & $-0.00320021$ & $-0.0147842$ & $0.0386061$ & $0.0099648$ & $0.016666$ & $-0.0394864$ & $-0.0164102$ & $0.0171052$ & $-0.00844369$ & $0.0408245$ & $-0.0261773$ & $0.00276545$ & $0.0305819$ & $1$ & $-0.00365481$ & $0.00407633$ & $-0.052588$ & $0.00499364$ & $-0.0446667$ & $0.00148906$ & $-0.0982022$ & $-0.0268432$ & $-0.068789$ & $0.0500186$ & $0.0158746$ \\
eHZZint & $0.116382$ & $-0.122578$ & $0.355772$ & $-0.306122$ & $0.0258988$ & $0.000377826$ & $0.00482272$ & $0.0163965$ & $0.00254879$ & $-0.0258735$ & $0.00716713$ & $0.0230428$ & $-0.0411046$ & $-0.0282921$ & $-0.0113875$ & $-0.0469833$ & $-0.0228165$ & $-0.0388259$ & $-0.00908635$ & $-0.0048421$ & $-0.006636$ & $0.079912$ & $-0.0461185$ & $-0.0122235$ & $-0.0459523$ & $0.0514877$ & $-0.0159267$ & $-0.0101519$ & $-0.0374628$ & $0.0648577$ & $0.0115224$ & $-0.0924077$ & $0.0294533$ & $0.172848$ & $0.0191359$ & $-0.0243344$ & $-0.00365481$ & $1$ & $0.0354095$ & $0.25098$ & $-0.00725604$ & $-0.0192595$ & $0.0797654$ & $0.149687$ & $0.0198256$ & $0.232916$ & $-0.331695$ & $-0.117626$ \\
eHZZpar & $0.0820862$ & $-0.0371408$ & $0.0597061$ & $-0.0630303$ & $-0.0422735$ & $-0.0145496$ & $-0.000340954$ & $-0.0260636$ & $-0.0345183$ & $-0.00227215$ & $0.023198$ & $0.0136773$ & $-0.025768$ & $-0.0217916$ & $-0.018955$ & $0.024076$ & $0.0185099$ & $0.0148867$ & $-0.0238904$ & $-0.0218193$ & $-0.0212361$ & $-0.0235669$ & $0.00121334$ & $0.0144479$ & $0.0396161$ & $-0.00173965$ & $-0.00305077$ & $-0.0129004$ & $-0.00767927$ & $0.0136891$ & $0.00314831$ & $-0.0507048$ & $0.00249692$ & $0.129392$ & $-0.0269736$ & $-0.0261515$ & $0.00407633$ & $0.0354095$ & $1$ & $-0.0320518$ & $0.00745335$ & $-0.00989354$ & $-0.0436004$ & $0.0103536$ & $0.0237806$ & $0.0955759$ & $-0.0152588$ & $-0.11217$ \\
eHZgaint & $0.196063$ & $-0.0963274$ & $-0.158131$ & $-0.000799216$ & $-0.031296$ & $0.00183745$ & $-0.0374325$ & $-0.037289$ & $-0.0359498$ & $0.0146831$ & $0.0304239$ & $0.0088547$ & $-0.00942691$ & $0.0409711$ & $0.0153671$ & $0.0048482$ & $-0.0162405$ & $0.000289108$ & $-0.0273885$ & $-0.0421115$ & $-0.0411339$ & $0.0290758$ & $0.0212116$ & $-0.0113787$ & $-0.0241408$ & $-0.0521816$ & $-0.0839472$ & $-0.00817912$ & $0.0105056$ & $0.0882551$ & $-0.0594203$ & $0.0340995$ & $-0.0692539$ & $-0.353757$ & $0.0310356$ & $0.076157$ & $-0.052588$ & $0.25098$ & $-0.0320518$ & $1$ & $0.0547826$ & $0.184132$ & $0.0540882$ & $-0.0487603$ & $-0.184397$ & $0.378406$ & $-0.226612$ & $0.11233$ \\
eHZgapar & $-0.0965308$ & $0.0328816$ & $0.0261597$ & $-0.0351675$ & $-0.0230981$ & $-0.0288408$ & $0.0104676$ & $0.0457188$ & $0.0457806$ & $-0.0396026$ & $-0.0458701$ & $0.0411811$ & $0.00725455$ & $0.0553261$ & $0.0273035$ & $-0.00190348$ & $-0.0422468$ & $-0.0181932$ & $0.0486926$ & $0.0436211$ & $0.0504592$ & $0.00944066$ & $-0.0186163$ & $-0.0246338$ & $-0.0351906$ & $-0.0071025$ & $0.00648726$ & $-0.0109085$ & $0.00852132$ & $-0.0387258$ & $0.00310783$ & $-0.00484518$ & $-0.0072336$ & $0.0102496$ & $-0.0173204$ & $0.0164111$ & $0.00499364$ & $-0.00725604$ & $0.00745335$ & $0.0547826$ & $1$ & $-0.0617761$ & $0.00216979$ & $-0.0164134$ & $0.032069$ & $-0.0803414$ & $-0.0117043$ & $-0.0487355$ \\
eHgagaint & $0.307365$ & $-0.141575$ & $-0.169746$ & $0.118534$ & $-0.00807688$ & $0.00743837$ & $-0.0246072$ & $-0.0351696$ & $0.0121555$ & $0.0197468$ & $0.034244$ & $-0.0324576$ & $-0.0217361$ & $-0.0108357$ & $-0.0270591$ & $0.00408076$ & $0.00662119$ & $0.0218281$ & $-0.0340564$ & $-0.0375342$ & $-0.0392866$ & $-0.0213292$ & $0.0127016$ & $0.00306023$ & $0.0337294$ & $-0.00444506$ & $0.00173339$ & $0.0282467$ & $-0.0155524$ & $0.0231985$ & $-0.040131$ & $0.132728$ & $-0.0263158$ & $-0.249532$ & $0.212622$ & $0.13102$ & $-0.0446667$ & $-0.0192595$ & $-0.00989354$ & $0.184132$ & $-0.0617761$ & $1$ & $0.0470328$ & $-0.0868961$ & $0.0700988$ & $0.00411413$ & $0.128265$ & $0.361906$ \\
eHmumuint & $0.0693386$ & $0.247607$ & $0.0272493$ & $-0.0707588$ & $0.00179831$ & $0.0446952$ & $0.0379047$ & $-0.00915625$ & $-0.0100093$ & $-0.010409$ & $0.0114889$ & $-0.00833276$ & $-0.0120525$ & $-0.00182028$ & $-0.0220325$ & $-0.0117887$ & $-0.00871137$ & $-0.00290725$ & $-0.00691464$ & $-0.00667529$ & $-0.0153776$ & $0.0271781$ & $-0.00852671$ & $0.00293308$ & $-0.0161386$ & $0.0142475$ & $0.00582348$ & $0.0349579$ & $-0.0286145$ & $0.0247757$ & $0.0476885$ & $-0.0250777$ & $0.000186458$ & $-0.036497$ & $0.18615$ & $0.189843$ & $0.00148906$ & $0.0797654$ & $-0.0436004$ & $0.0540882$ & $0.00216979$ & $0.0470328$ & $1$ & $0.0838682$ & $0.0870211$ & $-0.174048$ & $0.0754666$ & $-0.14479$ \\
eHtautauint & $0.26555$ & $-0.131358$ & $0.0486642$ & $0.115895$ & $0.0379876$ & $0.0249185$ & $-0.0247482$ & $-0.00365735$ & $-0.0127037$ & $-0.0405983$ & $0.0184959$ & $-0.00675199$ & $-0.0326148$ & $0.0339099$ & $-0.00290766$ & $-0.0436334$ & $-0.0533903$ & $-0.0269708$ & $-0.0171181$ & $-0.0235988$ & $-0.023771$ & $-0.0119787$ & $-0.0241517$ & $-0.049952$ & $-0.00230229$ & $-0.0295507$ & $-0.021012$ & $0.0114775$ & $0.00814183$ & $0.0389728$ & $-0.00732207$ & $-0.0943032$ & $-0.0435572$ & $0.532188$ & $-0.196674$ & $0.0110895$ & $-0.0982022$ & $0.149687$ & $0.0103536$ & $-0.0487603$ & $-0.0164134$ & $-0.0868961$ & $0.0838682$ & $1$ & $-0.153777$ & $0.134731$ & $0.102058$ & $-0.254217$ \\
eHccint & $-0.037589$ & $0.318455$ & $-0.0752356$ & $-0.450703$ & $-0.0243504$ & $-0.010297$ & $0.0331017$ & $-0.0338661$ & $-0.034105$ & $-0.012219$ & $0.0601507$ & $-0.00110012$ & $-0.0752156$ & $-0.0942259$ & $-0.0407083$ & $-0.0415772$ & $0.0103844$ & $-0.0317072$ & $-0.0602687$ & $-0.0479704$ & $-0.0442529$ & $0.00188097$ & $-0.0237968$ & $-0.0102539$ & $0.0386429$ & $0.0424448$ & $-0.0120335$ & $-0.00341333$ & $0.0107468$ & $0.0688707$ & $0.0468603$ & $-0.0359898$ & $0.0667823$ & $0.20004$ & $0.115991$ & $-0.278322$ & $-0.0268432$ & $0.0198256$ & $0.0237806$ & $-0.184397$ & $0.032069$ & $0.0700988$ & $0.0870211$ & $-0.153777$ & $1$ & $-0.00670141$ & $0.185956$ & $-0.173771$ \\
eHccpar & $0.258061$ & $-0.056629$ & $0.0849865$ & $-0.143076$ & $-0.0427975$ & $0.0269039$ & $-0.021539$ & $-0.0393671$ & $-0.0488822$ & $0.000593408$ & $0.0425969$ & $-0.00249103$ & $-0.0344185$ & $0.0164969$ & $0.0257805$ & $-0.00808282$ & $-0.0130388$ & $-0.0207727$ & $-0.037575$ & $-0.0509394$ & $-0.0474679$ & $-0.00525182$ & $0.0180195$ & $-0.00968125$ & $-0.00351063$ & $-0.0348253$ & $-0.0239937$ & $-0.0167478$ & $0.0259763$ & $0.167249$ & $-0.0183803$ & $-0.0884447$ & $-0.04316$ & $0.0780589$ & $0.220193$ & $-0.221738$ & $-0.068789$ & $0.232916$ & $0.0955759$ & $0.378406$ & $-0.0803414$ & $0.00411413$ & $-0.174048$ & $0.134731$ & $-0.00670141$ & $1$ & $-0.284169$ & $-0.137822$ \\
eHbbint & $-0.0357337$ & $0.0333038$ & $-0.12896$ & $0.194828$ & $-0.00234641$ & $0.0204777$ & $0.054495$ & $0.00667084$ & $0.0146919$ & $-0.0196446$ & $0.00850975$ & $-0.0498238$ & $-0.0325908$ & $-0.00515056$ & $-0.0284269$ & $-0.0288954$ & $-0.0296961$ & $-0.0093018$ & $-0.00892164$ & $-0.00516868$ & $-0.00545706$ & $-0.0142857$ & $-0.0132215$ & $-0.0107542$ & $0.015655$ & $0.0285255$ & $0.00469358$ & $-0.000448155$ & $-0.0205983$ & $-0.0688836$ & $0.052387$ & $0.127891$ & $0.0091792$ & $0.150972$ & $0.047846$ & $0.198414$ & $0.0500186$ & $-0.331695$ & $-0.0152588$ & $-0.226612$ & $-0.0117043$ & $0.128265$ & $0.0754666$ & $0.102058$ & $0.185956$ & $-0.284169$ & $1$ & $0.194712$ \\
eHbbpar & $0.0996273$ & $-0.23277$ & $-0.198277$ & $0.196817$ & $0.0225799$ & $-0.0366765$ & $0.0197234$ & $0.0136109$ & $0.0311335$ & $0.00949024$ & $-0.026076$ & $-0.0283108$ & $0.0161486$ & $0.0365596$ & $0.00264241$ & $0.0235453$ & $-0.00181071$ & $0.0254078$ & $0.0296526$ & $0.0182498$ & $0.0197158$ & $-0.00467873$ & $0.0239708$ & $0.0179863$ & $-0.00363846$ & $0.00951729$ & $0.00410398$ & $0.0213274$ & $0.0100074$ & $-0.0382621$ & $0.00321017$ & $0.342461$ & $-0.0288556$ & $-0.3553$ & $0.224308$ & $0.181319$ & $0.0158746$ & $-0.117626$ & $-0.11217$ & $0.11233$ & $-0.0487355$ & $0.361906$ & $-0.14479$ & $-0.254217$ & $-0.173771$ & $-0.137822$ & $0.194712$ & $1$ \\
