 & AlsMz & dAle5Mz & mtop & mHl & Mz & CW & CHG & CHWB & CHWHB_gaga & CHWHB_gagaorth & CHD & CHbox & CH & CHL1_11 & CHL1_22 & CHL1_33 & CHL3_11 & CHL3_22 & CHL3_33 & CHe_11 & CHe_22 & CHe_33 & CHQ1_11 & CHQ1_33 & CHQ3_11 & CHu_11 & CHd_11 & CHd_33 & CeH_22r & CeH_33r & CuH_22r & CuH_33r & CdH_33r & CLL_1221 & eHggint & eHggpar & eHWWint & eHWWpar & eHZZint & eHZZpar & eHZgaint & eHZgapar & eHgagaint & eHmumuint & eHtautauint & eHccint & eHccpar & eHbbint & eHbbpar \\
AlsMz & $1$ & $0.106568$ & $0.181408$ & $0.327668$ & $-0.00898077$ & $0.0890081$ & $-0.0964592$ & $-0.161215$ & $-0.160522$ & $0.117712$ & $0.201885$ & $0.151276$ & $0.0786517$ & $-0.13297$ & $-0.16009$ & $-0.148492$ & $-0.14907$ & $-0.04232$ & $-0.0469675$ & $-0.202648$ & $-0.200897$ & $-0.195503$ & $-0.0470953$ & $-0.0331727$ & $-0.10896$ & $0.155703$ & $-0.0914948$ & $-0.0224398$ & $-0.0366488$ & $-0.00695699$ & $0.0122602$ & $-0.0919972$ & $0.0554751$ & $-0.0260345$ & $0.502159$ & $-0.266028$ & $0.102955$ & $-0.216626$ & $-0.0432186$ & $-0.122844$ & $0.40087$ & $0.0671541$ & $0.169537$ & $-0.350672$ & $-0.233654$ & $-0.145068$ & $0.0165259$ & $0.0813069$ & $0.211991$ \\
dAle5Mz & $0.106568$ & $1$ & $0.27791$ & $0.561884$ & $0.0622904$ & $-0.0246478$ & $0.128067$ & $-0.100575$ & $-0.097972$ & $0.060391$ & $0.1453$ & $-0.189083$ & $-0.217006$ & $-0.164333$ & $-0.108369$ & $-0.0675091$ & $-0.0937093$ & $-0.065245$ & $-0.0863883$ & $-0.141218$ & $-0.140123$ & $-0.137012$ & $-0.0161836$ & $-0.0447053$ & $-0.0867925$ & $0.0900628$ & $-0.0299204$ & $0.0135217$ & $-0.0385641$ & $-0.121943$ & $-0.0541257$ & $0.109657$ & $-0.125952$ & $0.0392738$ & $-0.00611483$ & $-0.423386$ & $-0.491165$ & $0.0488486$ & $-0.566742$ & $-0.135704$ & $0.46232$ & $-0.136823$ & $0.0796851$ & $0.107911$ & $0.0553792$ & $-0.253343$ & $-0.279287$ & $-0.3428$ & $0.238048$ \\
mtop & $0.181408$ & $0.27791$ & $1$ & $0.522907$ & $-0.00672048$ & $0.0194927$ & $-0.116985$ & $0.158434$ & $0.152502$ & $-0.105563$ & $-0.0871343$ & $0.0322698$ & $0.0209161$ & $-0.0272041$ & $-0.0527588$ & $0.0591889$ & $-0.105206$ & $-0.0682366$ & $-0.142215$ & $0.0792142$ & $0.0984028$ & $0.102004$ & $-0.0929019$ & $-0.226176$ & $-0.115064$ & $-0.00256712$ & $0.152057$ & $-0.14531$ & $-0.028298$ & $-0.00866187$ & $-0.0175569$ & $-0.128205$ & $0.0280851$ & $0.220817$ & $0.243818$ & $-0.143895$ & $0.0123133$ & $-0.276082$ & $-0.41901$ & $-0.0563542$ & $0.424082$ & $0.0112793$ & $0.399318$ & $0.0393259$ & $-0.00939483$ & $-0.0513427$ & $-0.547386$ & $-0.218644$ & $0.33165$ \\
mHl & $0.327668$ & $0.561884$ & $0.522907$ & $1$ & $0.0148971$ & $0.0370141$ & $0.00326517$ & $-0.0247842$ & $-0.025397$ & $0.0527034$ & $0.0597364$ & $-0.0205913$ & $-0.052212$ & $-0.0636547$ & $-0.0191123$ & $0.0144011$ & $-0.0983943$ & $-0.0732573$ & $-0.08735$ & $-0.0535758$ & $-0.0618755$ & $-0.0552608$ & $-0.152727$ & $-0.0788446$ & $-0.111786$ & $0.122936$ & $-0.136619$ & $-0.119938$ & $-0.0300466$ & $-0.0176586$ & $-0.0409683$ & $0.000873052$ & $0.0392294$ & $-0.0153248$ & $0.274375$ & $-0.689747$ & $-0.348203$ & $-0.0716961$ & $-0.761486$ & $-0.0407462$ & $0.808103$ & $-0.0436915$ & $-0.00347222$ & $0.0835513$ & $-0.142004$ & $-0.286707$ & $-0.513043$ & $-0.486176$ & $0.59052$ \\
Mz & $-0.00898077$ & $0.0622904$ & $-0.00672048$ & $0.0148971$ & $1$ & $-0.0232675$ & $-0.0246146$ & $-0.0209783$ & $-0.0249365$ & $0.00958292$ & $0.0164842$ & $0.0248841$ & $0.0449064$ & $-0.0131708$ & $0.0298028$ & $0.0161052$ & $0.030179$ & $-0.0053038$ & $0.00144078$ & $-0.00767702$ & $-0.0120572$ & $-0.0155724$ & $-0.0186874$ & $0.0177471$ & $0.00579824$ & $0.00535499$ & $-0.0717319$ & $0.031914$ & $0.00627384$ & $-0.0231517$ & $0.021385$ & $-0.0155757$ & $-0.00674532$ & $-0.0404782$ & $0.0278253$ & $-0.0195975$ & $-0.0117662$ & $0.0572908$ & $0.00917402$ & $0.0202306$ & $-0.014012$ & $-0.072511$ & $0.0166498$ & $0.0350405$ & $-0.00106227$ & $-0.0824777$ & $0.0243414$ & $-0.0258366$ & $-0.0119163$ \\
CW & $0.0890081$ & $-0.0246478$ & $0.0194927$ & $0.0370141$ & $-0.0232675$ & $1$ & $-0.0523685$ & $-0.120745$ & $-0.117922$ & $0.0867077$ & $0.19396$ & $0.12544$ & $0.0781937$ & $-0.0102422$ & $-0.119611$ & $-0.112613$ & $-0.349113$ & $-0.11681$ & $-0.122185$ & $-0.190227$ & $-0.201629$ & $-0.202734$ & $0.014229$ & $-0.0732617$ & $-0.179922$ & $0.112437$ & $-0.168972$ & $-0.111483$ & $0.0232756$ & $0.0461168$ & $0.047585$ & $-0.0293234$ & $0.0440825$ & $-0.152272$ & $0.164859$ & $0.0342501$ & $-0.122348$ & $-0.0152894$ & $-0.0320478$ & $0.0266726$ & $0.0468058$ & $0.0858276$ & $0.0154726$ & $-0.202679$ & $-0.106727$ & $-0.0576521$ & $-0.0520442$ & $0.05853$ & $0.0423183$ \\
CHG & $-0.0964592$ & $0.128067$ & $-0.116985$ & $0.00326517$ & $-0.0246146$ & $-0.0523685$ & $1$ & $0.0471907$ & $0.0794888$ & $0.00526687$ & $-0.0532793$ & $-0.582197$ & $-0.595493$ & $0.031691$ & $-0.0812069$ & $-0.0508097$ & $0.0458897$ & $0.0818474$ & $0.0584565$ & $0.0447757$ & $0.0659393$ & $0.0635406$ & $0.0508923$ & $-0.00496801$ & $0.0737571$ & $-0.0550251$ & $0.230888$ & $0.141689$ & $-0.0209344$ & $-0.385737$ & $-0.190769$ & $0.932637$ & $-0.425808$ & $0.149266$ & $-0.0726045$ & $-0.217242$ & $-0.11063$ & $-0.0556392$ & $-0.232208$ & $-0.0806841$ & $-0.10065$ & $-0.234812$ & $0.033979$ & $-0.0723018$ & $0.4818$ & $0.326828$ & $0.0732305$ & $-0.307568$ & $0.0354888$ \\
CHWB & $-0.161215$ & $-0.100575$ & $0.158434$ & $-0.0247842$ & $-0.0209783$ & $-0.120745$ & $0.0471907$ & $1$ & $0.987376$ & $-0.499967$ & $-0.886758$ & $-0.1455$ & $-0.0445526$ & $0.404332$ & $0.575904$ & $0.555132$ & $-0.0379592$ & $-0.300985$ & $-0.277036$ & $0.876028$ & $0.895556$ & $0.88625$ & $-0.0507507$ & $-0.483773$ & $-0.289751$ & $-0.596699$ & $0.273685$ & $0.35303$ & $-0.0710483$ & $0.0477941$ & $0.00955244$ & $0.036804$ & $0.0342409$ & $0.386334$ & $-0.212979$ & $0.249258$ & $0.0735429$ & $-0.0488481$ & $0.0146805$ & $0.10652$ & $-0.0514562$ & $0.0822265$ & $-0.0844923$ & $0.029394$ & $-0.0704478$ & $0.28903$ & $0.0684616$ & $-0.00256821$ & $-0.116283$ \\
CHWHB_gaga & $-0.160522$ & $-0.097972$ & $0.152502$ & $-0.025397$ & $-0.0249365$ & $-0.117922$ & $0.0794888$ & $0.987376$ & $1$ & $-0.493689$ & $-0.873105$ & $-0.132722$ & $-0.0375836$ & $0.394497$ & $0.568008$ & $0.544057$ & $-0.0427004$ & $-0.302547$ & $-0.276333$ & $0.862654$ & $0.881939$ & $0.872752$ & $-0.0448034$ & $-0.481867$ & $-0.28942$ & $-0.591033$ & $0.274005$ & $0.35219$ & $-0.0606939$ & $0.0619089$ & $0.0227554$ & $0.0637262$ & $0.0549911$ & $0.381628$ & $-0.205497$ & $0.248435$ & $0.0774796$ & $-0.0509587$ & $0.0143882$ & $0.106934$ & $-0.0566853$ & $0.0801902$ & $-0.0789855$ & $0.0175572$ & $-0.067368$ & $0.286318$ & $0.068295$ & $-0.00407786$ & $-0.115547$ \\
CHWHB_gagaorth & $0.117712$ & $0.060391$ & $-0.105563$ & $0.0527034$ & $0.00958292$ & $0.0867077$ & $0.00526687$ & $-0.499967$ & $-0.493689$ & $1$ & $0.453595$ & $0.143362$ & $-0.080023$ & $-0.222122$ & $-0.330716$ & $-0.324802$ & $0.00776655$ & $0.154301$ & $0.142621$ & $-0.452228$ & $-0.452622$ & $-0.448334$ & $-0.0290707$ & $0.213049$ & $0.114665$ & $0.347515$ & $-0.133637$ & $-0.205859$ & $0.0233329$ & $-0.143287$ & $-0.064019$ & $0.0219933$ & $-0.166684$ & $-0.143734$ & $0.201618$ & $-0.20674$ & $-0.083797$ & $0.0445244$ & $-0.0749087$ & $-0.0344567$ & $0.0209806$ & $-0.0893495$ & $0.0216157$ & $-0.067222$ & $0.0625091$ & $-0.15345$ & $-0.0526882$ & $-0.0712585$ & $0.0865827$ \\
CHD & $0.201885$ & $0.1453$ & $-0.0871343$ & $0.0597364$ & $0.0164842$ & $0.19396$ & $-0.0532793$ & $-0.886758$ & $-0.873105$ & $0.453595$ & $1$ & $0.189497$ & $0.0415144$ & $-0.738309$ & $-0.676047$ & $-0.626976$ & $-0.395458$ & $-0.10344$ & $-0.126919$ & $-0.995742$ & $-0.996101$ & $-0.981383$ & $0.0581749$ & $0.0762064$ & $-0.156138$ & $0.670734$ & $-0.188385$ & $-0.403171$ & $0.0366573$ & $-0.0652253$ & $-0.0309157$ & $-0.0314121$ & $-0.0571677$ & $-0.177872$ & $0.315722$ & $-0.167808$ & $-0.073353$ & $-0.00678079$ & $-0.0315602$ & $-0.0612598$ & $0.0982834$ & $-0.0424466$ & $0.131538$ & $-0.12637$ & $-0.035599$ & $-0.277345$ & $-0.118847$ & $0.0203599$ & $0.146213$ \\
CHbox & $0.151276$ & $-0.189083$ & $0.0322698$ & $-0.0205913$ & $0.0248841$ & $0.12544$ & $-0.582197$ & $-0.1455$ & $-0.132722$ & $0.143362$ & $0.189497$ & $1$ & $0.936594$ & $-0.142474$ & $0.0169857$ & $-0.0107335$ & $-0.164975$ & $-0.155612$ & $-0.13018$ & $-0.176279$ & $-0.205301$ & $-0.198302$ & $-0.0478728$ & $-0.019479$ & $-0.154436$ & $0.149761$ & $-0.299737$ & $-0.169297$ & $0.0946931$ & $0.504221$ & $0.205524$ & $-0.480264$ & $0.562794$ & $-0.200731$ & $0.286914$ & $0.210206$ & $0.251041$ & $-0.0116025$ & $0.281811$ & $0.09952$ & $0.0355154$ & $0.237142$ & $0.0673978$ & $-0.146993$ & $-0.480676$ & $-0.353611$ & $-0.0900807$ & $0.270186$ & $-0.0280758$ \\
CH & $0.0786517$ & $-0.217006$ & $0.0209161$ & $-0.052212$ & $0.0449064$ & $0.0781937$ & $-0.595493$ & $-0.0445526$ & $-0.0375836$ & $-0.080023$ & $0.0415144$ & $0.936594$ & $1$ & $-0.00171376$ & $0.124388$ & $0.0938884$ & $-0.0434576$ & $-0.0865124$ & $-0.0634735$ & $-0.0293811$ & $-0.0599831$ & $-0.0558679$ & $-0.0316269$ & $0.0254871$ & $-0.0690953$ & $0.0298958$ & $-0.292658$ & $-0.114538$ & $0.0869867$ & $0.524124$ & $0.221031$ & $-0.504639$ & $0.570723$ & $-0.203636$ & $0.191203$ & $0.255967$ & $0.284138$ & $0.0346355$ & $0.312151$ & $0.111098$ & $0.00139601$ & $0.243986$ & $0.0316306$ & $-0.0632261$ & $-0.500448$ & $-0.354646$ & $-0.0697673$ & $0.283901$ & $-0.0679915$ \\
CHL1_11 & $-0.13297$ & $-0.164333$ & $-0.0272041$ & $-0.0636547$ & $-0.0131708$ & $-0.0102422$ & $0.031691$ & $0.404332$ & $0.394497$ & $-0.222122$ & $-0.738309$ & $-0.142474$ & $-0.00171376$ & $1$ & $0.485739$ & $0.426325$ & $0.619348$ & $0.572731$ & $0.580602$ & $0.740652$ & $0.720711$ & $0.703673$ & $-0.0576727$ & $0.435077$ & $0.608824$ & $-0.486417$ & $-0.0181221$ & $0.293669$ & $0.0368574$ & $0.078208$ & $0.0573175$ & $0.00929774$ & $0.0852869$ & $-0.209131$ & $-0.290183$ & $0.00789973$ & $0.0100824$ & $0.0426206$ & $0.0325921$ & $-0.0137741$ & $-0.0823733$ & $-2.52245e-05$ & $-0.14711$ & $0.145702$ & $0.125839$ & $0.152577$ & $0.128185$ & $-0.0142438$ & $-0.102815$ \\
CHL1_22 & $-0.16009$ & $-0.108369$ & $-0.0527588$ & $-0.0191123$ & $0.0298028$ & $-0.119611$ & $-0.0812069$ & $0.575904$ & $0.568008$ & $-0.330716$ & $-0.676047$ & $0.0169857$ & $0.124388$ & $0.485739$ & $1$ & $0.49921$ & $0.295304$ & $-0.259718$ & $0.110077$ & $0.703136$ & $0.63681$ & $0.621497$ & $-0.0693599$ & $0.0900266$ & $0.108792$ & $-0.424098$ & $-0.136078$ & $0.260221$ & $-0.000990998$ & $0.118792$ & $0.0373409$ & $-0.0913433$ & $0.113462$ & $-0.480712$ & $-0.288783$ & $0.112745$ & $0.0216378$ & $0.132705$ & $0.0789089$ & $0.0234728$ & $-0.0547428$ & $0.0645287$ & $-0.224314$ & $0.129581$ & $-0.0732065$ & $0.0922007$ & $0.198476$ & $0.0216852$ & $-0.12731$ \\
CHL1_33 & $-0.148492$ & $-0.0675091$ & $0.0591889$ & $0.0144011$ & $0.0161052$ & $-0.112613$ & $-0.0508097$ & $0.555132$ & $0.544057$ & $-0.324802$ & $-0.626976$ & $-0.0107335$ & $0.0938884$ & $0.426325$ & $0.49921$ & $1$ & $0.225588$ & $0.0577218$ & $-0.304909$ & $0.656814$ & $0.587226$ & $0.594938$ & $-0.14162$ & $0.0393519$ & $0.031055$ & $-0.348552$ & $-0.226494$ & $0.223081$ & $-0.0213325$ & $0.0699181$ & $0.0255174$ & $-0.0565178$ & $0.0729383$ & $0.0716048$ & $-0.133612$ & $0.100412$ & $-0.0525233$ & $0.0739982$ & $0.00845815$ & $-0.0471963$ & $-0.0404047$ & $0.093122$ & $0.0254483$ & $0.093389$ & $-0.070972$ & $0.0708165$ & $0.108006$ & $-0.0623393$ & $-0.18289$ \\
CHL3_11 & $-0.14907$ & $-0.0937093$ & $-0.105206$ & $-0.0983943$ & $0.030179$ & $-0.349113$ & $0.0458897$ & $-0.0379592$ & $-0.0427004$ & $0.00776655$ & $-0.395458$ & $-0.164975$ & $-0.0434576$ & $0.619348$ & $0.295304$ & $0.225588$ & $1$ & $0.761421$ & $0.774155$ & $0.399188$ & $0.381748$ & $0.371198$ & $-0.00146897$ & $0.711455$ & $0.864642$ & $-0.280312$ & $-0.0367699$ & $0.177621$ & $0.0347862$ & $0.0187289$ & $0.0268653$ & $0.0157023$ & $0.0207109$ & $-0.213361$ & $-0.269758$ & $-0.116439$ & $0.0599072$ & $0.1073$ & $0.0406234$ & $-0.0691746$ & $-0.142262$ & $-0.0921432$ & $-0.0948456$ & $0.244309$ & $0.240463$ & $0.0536859$ & $0.102155$ & $-0.0527582$ & $-0.093566$ \\
CHL3_22 & $-0.04232$ & $-0.065245$ & $-0.0682366$ & $-0.0732573$ & $-0.0053038$ & $-0.11681$ & $0.0818474$ & $-0.300985$ & $-0.302547$ & $0.154301$ & $-0.10344$ & $-0.155612$ & $-0.0865124$ & $0.572731$ & $-0.259718$ & $0.0577218$ & $0.761421$ & $1$ & $0.717132$ & $0.0999736$ & $0.103363$ & $0.0996732$ & $0.00313369$ & $0.699636$ & $0.831219$ & $-0.08099$ & $-0.0304476$ & $0.0560319$ & $0.0531604$ & $-0.0245119$ & $0.0260963$ & $0.0599768$ & $-0.0120447$ & $-0.00082132$ & $-0.103207$ & $-0.173458$ & $0.00317086$ & $0.0206719$ & $-0.0101533$ & $-0.089161$ & $-0.0876605$ & $-0.101805$ & $0.027785$ & $0.141299$ & $0.262004$ & $0.00561333$ & $0.00260893$ & $-0.059836$ & $-0.0286009$ \\
CHL3_33 & $-0.0469675$ & $-0.0863883$ & $-0.142215$ & $-0.08735$ & $0.00144078$ & $-0.122185$ & $0.0584565$ & $-0.277036$ & $-0.276333$ & $0.142621$ & $-0.126919$ & $-0.13018$ & $-0.0634735$ & $0.580602$ & $0.110077$ & $-0.304909$ & $0.774155$ & $0.717132$ & $1$ & $0.120699$ & $0.128992$ & $0.124548$ & $0.0547119$ & $0.70039$ & $0.850113$ & $-0.124762$ & $0.0516656$ & $0.0779528$ & $0.0633943$ & $0.0162853$ & $0.0343806$ & $0.035649$ & $0.0213509$ & $-0.402496$ & $-0.206189$ & $-0.160282$ & $0.0607924$ & $0.0571344$ & $0.0377091$ & $-0.0376985$ & $-0.0858196$ & $-0.120732$ & $-0.157578$ & $0.160249$ & $0.246582$ & $0.0259697$ & $0.0605732$ & $-0.000844929$ & $0.0214914$ \\
CHe_11 & $-0.202648$ & $-0.141218$ & $0.0792142$ & $-0.0535758$ & $-0.00767702$ & $-0.190227$ & $0.0447757$ & $0.876028$ & $0.862654$ & $-0.452228$ & $-0.995742$ & $-0.176279$ & $-0.0293811$ & $0.740652$ & $0.703136$ & $0.656814$ & $0.399188$ & $0.0999736$ & $0.120699$ & $1$ & $0.988619$ & $0.973535$ & $-0.0649553$ & $-0.0517123$ & $0.164703$ & $-0.662533$ & $0.152417$ & $0.401802$ & $-0.0349896$ & $0.0688018$ & $0.0334621$ & $0.0236357$ & $0.0622691$ & $0.135711$ & $-0.315621$ & $0.161431$ & $0.0633061$ & $0.0202271$ & $0.0318812$ & $0.05505$ & $-0.0942594$ & $0.0435518$ & $-0.133859$ & $0.129688$ & $0.0295729$ & $0.262489$ & $0.125965$ & $-0.0241632$ & $-0.149703$ \\
CHe_22 & $-0.200897$ & $-0.140123$ & $0.0984028$ & $-0.0618755$ & $-0.0120572$ & $-0.201629$ & $0.0659393$ & $0.895556$ & $0.881939$ & $-0.452622$ & $-0.996101$ & $-0.205301$ & $-0.0599831$ & $0.720711$ & $0.63681$ & $0.587226$ & $0.381748$ & $0.103363$ & $0.128992$ & $0.988619$ & $1$ & $0.983818$ & $-0.0491175$ & $-0.10974$ & $0.140079$ & $-0.675916$ & $0.230576$ & $0.404724$ & $-0.0415361$ & $0.05597$ & $0.027486$ & $0.0433229$ & $0.047061$ & $0.231139$ & $-0.312358$ & $0.17108$ & $0.0813029$ & $-0.0068999$ & $0.0262894$ & $0.0688061$ & $-0.0987275$ & $0.0374921$ & $-0.12683$ & $0.122151$ & $0.0437473$ & $0.289098$ & $0.106728$ & $-0.0206664$ & $-0.138129$ \\
CHe_33 & $-0.195503$ & $-0.137012$ & $0.102004$ & $-0.0552608$ & $-0.0155724$ & $-0.202734$ & $0.0635406$ & $0.88625$ & $0.872752$ & $-0.448334$ & $-0.981383$ & $-0.198302$ & $-0.0558679$ & $0.703673$ & $0.621497$ & $0.594938$ & $0.371198$ & $0.0996732$ & $0.124548$ & $0.973535$ & $0.983818$ & $1$ & $-0.0536424$ & $-0.113527$ & $0.132965$ & $-0.661762$ & $0.236716$ & $0.400323$ & $-0.0382382$ & $0.0665643$ & $0.0316749$ & $0.0443286$ & $0.0563664$ & $0.241637$ & $-0.29814$ & $0.170952$ & $0.0811968$ & $-0.0111492$ & $0.027798$ & $0.0626463$ & $-0.0933089$ & $0.0346208$ & $-0.125926$ & $0.116114$ & $0.037457$ & $0.292007$ & $0.0970881$ & $-0.0241$ & $-0.133162$ \\
CHQ1_11 & $-0.0470953$ & $-0.0161836$ & $-0.0929019$ & $-0.152727$ & $-0.0186874$ & $0.014229$ & $0.0508923$ & $-0.0507507$ & $-0.0448034$ & $-0.0290707$ & $0.0581749$ & $-0.0478728$ & $-0.0316269$ & $-0.0576727$ & $-0.0693599$ & $-0.14162$ & $-0.00146897$ & $0.00313369$ & $0.0547119$ & $-0.0649553$ & $-0.0491175$ & $-0.0536424$ & $1$ & $-0.0179578$ & $0.0691851$ & $-0.596655$ & $0.281909$ & $0.00964691$ & $0.0233267$ & $0.00850463$ & $0.0347541$ & $0.0532426$ & $0.00396652$ & $0.0302575$ & $-0.110982$ & $0.13773$ & $0.0308153$ & $-0.0351396$ & $0.0601821$ & $0.0457429$ & $-0.131041$ & $0.0114893$ & $-0.0410829$ & $-0.117167$ & $0.0272991$ & $0.0800734$ & $0.123779$ & $0.213357$ & $-0.101653$ \\
CHQ1_33 & $-0.0331727$ & $-0.0447053$ & $-0.226176$ & $-0.0788446$ & $0.0177471$ & $-0.0732617$ & $-0.00496801$ & $-0.483773$ & $-0.481867$ & $0.213049$ & $0.0762064$ & $-0.019479$ & $0.0254871$ & $0.435077$ & $0.0900266$ & $0.0393519$ & $0.711455$ & $0.699636$ & $0.70039$ & $-0.0517123$ & $-0.10974$ & $-0.113527$ & $-0.0179578$ & $1$ & $0.787665$ & $0.0592092$ & $-0.263295$ & $0.0740083$ & $0.0827903$ & $0.0124258$ & $0.0317904$ & $-0.0206652$ & $0.0253443$ & $-0.564999$ & $-0.154906$ & $-0.18911$ & $-0.0317601$ & $0.160789$ & $0.0522829$ & $-0.120886$ & $-0.0936253$ & $-0.0973314$ & $-0.0859425$ & $0.16954$ & $0.200925$ & $-0.0907303$ & $0.113179$ & $-0.00499532$ & $-0.0424882$ \\
CHQ3_11 & $-0.10896$ & $-0.0867925$ & $-0.115064$ & $-0.111786$ & $0.00579824$ & $-0.179922$ & $0.0737571$ & $-0.289751$ & $-0.28942$ & $0.114665$ & $-0.156138$ & $-0.154436$ & $-0.0690953$ & $0.608824$ & $0.108792$ & $0.031055$ & $0.864642$ & $0.831219$ & $0.850113$ & $0.164703$ & $0.140079$ & $0.132965$ & $0.0691851$ & $0.787665$ & $1$ & $-0.142257$ & $0.0986706$ & $0.0795619$ & $0.0446598$ & $0.010762$ & $0.0357096$ & $0.052239$ & $0.0164669$ & $-0.37115$ & $-0.245446$ & $-0.149931$ & $0.0593873$ & $0.0539259$ & $0.0230395$ & $-0.03075$ & $-0.120176$ & $-0.125678$ & $-0.0934386$ & $0.178507$ & $0.284717$ & $0.0418$ & $0.0524349$ & $-0.0188032$ & $-0.0284763$ \\
CHu_11 & $0.155703$ & $0.0900628$ & $-0.00256712$ & $0.122936$ & $0.00535499$ & $0.112437$ & $-0.0550251$ & $-0.596699$ & $-0.591033$ & $0.347515$ & $0.670734$ & $0.149761$ & $0.0298958$ & $-0.486417$ & $-0.424098$ & $-0.348552$ & $-0.280312$ & $-0.08099$ & $-0.124762$ & $-0.662533$ & $-0.675916$ & $-0.661762$ & $-0.596655$ & $0.0592092$ & $-0.142257$ & $1$ & $-0.220346$ & $-0.299236$ & $0.00788885$ & $-0.051022$ & $-0.0473663$ & $-0.0328102$ & $-0.0382884$ & $-0.160442$ & $0.282383$ & $-0.208869$ & $-0.0492355$ & $0.00359909$ & $-0.0536101$ & $-0.0444527$ & $0.147033$ & $-0.0558129$ & $0.110029$ & $-0.0110991$ & $-0.0246837$ & $-0.21066$ & $-0.197364$ & $-0.133136$ & $0.186689$ \\
CHd_11 & $-0.0914948$ & $-0.0299204$ & $0.152057$ & $-0.136619$ & $-0.0717319$ & $-0.168972$ & $0.230888$ & $0.273685$ & $0.274005$ & $-0.133637$ & $-0.188385$ & $-0.299737$ & $-0.292658$ & $-0.0181221$ & $-0.136078$ & $-0.226494$ & $-0.0367699$ & $-0.0304476$ & $0.0516656$ & $0.152417$ & $0.230576$ & $0.236716$ & $0.281909$ & $-0.263295$ & $0.0986706$ & $-0.220346$ & $1$ & $0.0849582$ & $-0.0973988$ & $-0.0730238$ & $-0.022941$ & $0.229984$ & $-0.0907863$ & $0.448424$ & $-0.189366$ & $0.145237$ & $0.22838$ & $-0.213226$ & $-0.0229974$ & $0.22755$ & $-0.0980785$ & $-0.122152$ & $-0.0371228$ & $-0.0513942$ & $0.19454$ & $0.35915$ & $-0.127449$ & $0.060513$ & $0.0634057$ \\
CHd_33 & $-0.0224398$ & $0.0135217$ & $-0.14531$ & $-0.119938$ & $0.031914$ & $-0.111483$ & $0.141689$ & $0.35303$ & $0.35219$ & $-0.205859$ & $-0.403171$ & $-0.169297$ & $-0.114538$ & $0.293669$ & $0.260221$ & $0.223081$ & $0.177621$ & $0.0560319$ & $0.0779528$ & $0.401802$ & $0.404724$ & $0.400323$ & $0.00964691$ & $0.0740083$ & $0.0795619$ & $-0.299236$ & $0.0849582$ & $1$ & $0.00373039$ & $-0.0265169$ & $0.0118226$ & $0.124619$ & $-0.0263973$ & $0.0855445$ & $-0.195994$ & $0.0261734$ & $-0.00975532$ & $0.0805095$ & $0.0430289$ & $-0.0403408$ & $-0.0948642$ & $0.00299421$ & $-0.0834039$ & $0.0301031$ & $0.123341$ & $0.200759$ & $0.165654$ & $0.0367441$ & $-0.0704631$ \\
CeH_22r & $-0.0366488$ & $-0.0385641$ & $-0.028298$ & $-0.0300466$ & $0.00627384$ & $0.0232756$ & $-0.0209344$ & $-0.0710483$ & $-0.0606939$ & $0.0233329$ & $0.0366573$ & $0.0946931$ & $0.0869867$ & $0.0368574$ & $-0.000990998$ & $-0.0213325$ & $0.0347862$ & $0.0531604$ & $0.0633943$ & $-0.0349896$ & $-0.0415361$ & $-0.0382382$ & $0.0233267$ & $0.0827903$ & $0.0446598$ & $0.00788885$ & $-0.0973988$ & $0.00373039$ & $1$ & $0.0598719$ & $0.0256504$ & $-0.0339441$ & $0.0682728$ & $-0.0871775$ & $-0.0434089$ & $0.0325901$ & $-0.00378838$ & $0.0354029$ & $0.0710295$ & $0.0479194$ & $-0.0813303$ & $0.0132919$ & $-0.0137271$ & $0.0256012$ & $0.0294577$ & $-0.0193756$ & $0.00396429$ & $0.0564698$ & $0.000807311$ \\
CeH_33r & $-0.00695699$ & $-0.121943$ & $-0.00866187$ & $-0.0176586$ & $-0.0231517$ & $0.0461168$ & $-0.385737$ & $0.0477941$ & $0.0619089$ & $-0.143287$ & $-0.0652253$ & $0.504221$ & $0.524124$ & $0.078208$ & $0.118792$ & $0.0699181$ & $0.0187289$ & $-0.0245119$ & $0.0162853$ & $0.0688018$ & $0.05597$ & $0.0665643$ & $0.00850463$ & $0.0124258$ & $0.010762$ & $-0.051022$ & $-0.0730238$ & $-0.0265169$ & $0.0598719$ & $1$ & $0.364391$ & $-0.208151$ & $0.785813$ & $-0.0980793$ & $0.108587$ & $0.199932$ & $0.153158$ & $-0.0232484$ & $0.182014$ & $0.052914$ & $-0.0238797$ & $0.128101$ & $-0.0806099$ & $-0.111508$ & $-0.329357$ & $-0.128273$ & $-0.0654226$ & $0.135135$ & $-0.0137664$ \\
CuH_22r & $0.0122602$ & $-0.0541257$ & $-0.0175569$ & $-0.0409683$ & $0.021385$ & $0.047585$ & $-0.190769$ & $0.00955244$ & $0.0227554$ & $-0.064019$ & $-0.0309157$ & $0.205524$ & $0.221031$ & $0.0573175$ & $0.0373409$ & $0.0255174$ & $0.0268653$ & $0.0260963$ & $0.0343806$ & $0.0334621$ & $0.027486$ & $0.0316749$ & $0.0347541$ & $0.0317904$ & $0.0357096$ & $-0.0473663$ & $-0.022941$ & $0.0118226$ & $0.0256504$ & $0.364391$ & $1$ & $-0.0868867$ & $0.423866$ & $-0.0453201$ & $0.129132$ & $0.113227$ & $0.0323402$ & $-0.0258743$ & $0.089798$ & $0.0838148$ & $-0.0863742$ & $0.0373971$ & $0.0226048$ & $-0.145284$ & $-0.138177$ & $-0.0888296$ & $0.0352518$ & $0.0649906$ & $-0.0689044$ \\
CuH_33r & $-0.0919972$ & $0.109657$ & $-0.128205$ & $0.000873052$ & $-0.0155757$ & $-0.0293234$ & $0.932637$ & $0.036804$ & $0.0637262$ & $0.0219933$ & $-0.0314121$ & $-0.480264$ & $-0.504639$ & $0.00929774$ & $-0.0913433$ & $-0.0565178$ & $0.0157023$ & $0.0599768$ & $0.035649$ & $0.0236357$ & $0.0433229$ & $0.0443286$ & $0.0532426$ & $-0.0206652$ & $0.052239$ & $-0.0328102$ & $0.229984$ & $0.124619$ & $-0.0339441$ & $-0.208151$ & $-0.0868867$ & $1$ & $-0.208274$ & $0.144971$ & $0.00757647$ & $-0.185242$ & $-0.083541$ & $-0.0795447$ & $-0.214986$ & $-0.0795436$ & $-0.119176$ & $-0.243867$ & $0.0486642$ & $-0.130353$ & $0.42982$ & $0.306889$ & $0.0520654$ & $-0.324498$ & $0.0370108$ \\
CdH_33r & $0.0554751$ & $-0.125952$ & $0.0280851$ & $0.0392294$ & $-0.00674532$ & $0.0440825$ & $-0.425808$ & $0.0342409$ & $0.0549911$ & $-0.166684$ & $-0.0571677$ & $0.562794$ & $0.570723$ & $0.0852869$ & $0.113462$ & $0.0729383$ & $0.0207109$ & $-0.0120447$ & $0.0213509$ & $0.0622691$ & $0.047061$ & $0.0563664$ & $0.00396652$ & $0.0253443$ & $0.0164669$ & $-0.0382884$ & $-0.0907863$ & $-0.0263973$ & $0.0682728$ & $0.785813$ & $0.423866$ & $-0.208274$ & $1$ & $-0.11042$ & $0.163759$ & $0.140316$ & $0.162317$ & $-0.0574908$ & $0.1393$ & $0.0566111$ & $0.0383527$ & $0.103464$ & $-0.0655281$ & $-0.100541$ & $-0.35251$ & $-0.172331$ & $-0.113648$ & $0.110474$ & $0.0706937$ \\
CLL_1221 & $-0.0260345$ & $0.0392738$ & $0.220817$ & $-0.0153248$ & $-0.0404782$ & $-0.152272$ & $0.149266$ & $0.386334$ & $0.381628$ & $-0.143734$ & $-0.177872$ & $-0.200731$ & $-0.203636$ & $-0.209131$ & $-0.480712$ & $0.0716048$ & $-0.213361$ & $-0.00082132$ & $-0.402496$ & $0.135711$ & $0.231139$ & $0.241637$ & $0.0302575$ & $-0.564999$ & $-0.37115$ & $-0.160442$ & $0.448424$ & $0.0855445$ & $-0.0871775$ & $-0.0980793$ & $-0.0453201$ & $0.144971$ & $-0.11042$ & $1$ & $0.0733315$ & $0.120785$ & $0.0740226$ & $-0.175825$ & $-0.0721657$ & $0.0689112$ & $-0.022741$ & $-0.00722722$ & $0.176468$ & $-0.0639092$ & $0.0397862$ & $0.198045$ & $-0.148356$ & $-0.0494138$ & $-0.000846104$ \\
eHggint & $0.502159$ & $-0.00611483$ & $0.243818$ & $0.274375$ & $0.0278253$ & $0.164859$ & $-0.0726045$ & $-0.212979$ & $-0.205497$ & $0.201618$ & $0.315722$ & $0.286914$ & $0.191203$ & $-0.290183$ & $-0.288783$ & $-0.133612$ & $-0.269758$ & $-0.103207$ & $-0.206189$ & $-0.315621$ & $-0.312358$ & $-0.29814$ & $-0.110982$ & $-0.154906$ & $-0.245446$ & $0.282383$ & $-0.189366$ & $-0.195994$ & $-0.0434089$ & $0.108587$ & $0.129132$ & $0.00757647$ & $0.163759$ & $0.0733315$ & $1$ & $-0.0504299$ & $0.166592$ & $-0.192939$ & $-0.0654023$ & $-0.12324$ & $0.170536$ & $-0.0150504$ & $0.397954$ & $-0.448291$ & $-0.284052$ & $-0.273066$ & $-0.129678$ & $-0.169776$ & $0.184063$ \\
eHggpar & $-0.266028$ & $-0.423386$ & $-0.143895$ & $-0.689747$ & $-0.0195975$ & $0.0342501$ & $-0.217242$ & $0.249258$ & $0.248435$ & $-0.20674$ & $-0.167808$ & $0.210206$ & $0.255967$ & $0.00789973$ & $0.112745$ & $0.100412$ & $-0.116439$ & $-0.173458$ & $-0.160282$ & $0.161431$ & $0.17108$ & $0.170952$ & $0.13773$ & $-0.18911$ & $-0.149931$ & $-0.208869$ & $0.145237$ & $0.0261734$ & $0.0325901$ & $0.199932$ & $0.113227$ & $-0.185242$ & $0.140316$ & $0.120785$ & $-0.0504299$ & $1$ & $0.438273$ & $0.0112204$ & $0.721942$ & $0.0878108$ & $-0.690072$ & $0.17131$ & $0.0481726$ & $-0.124357$ & $-0.302162$ & $0.233879$ & $0.398074$ & $0.560724$ & $-0.56967$ \\
eHWWint & $0.102955$ & $-0.491165$ & $0.0123133$ & $-0.348203$ & $-0.0117662$ & $-0.122348$ & $-0.11063$ & $0.0735429$ & $0.0774796$ & $-0.083797$ & $-0.073353$ & $0.251041$ & $0.284138$ & $0.0100824$ & $0.0216378$ & $-0.0525233$ & $0.0599072$ & $0.00317086$ & $0.0607924$ & $0.0633061$ & $0.0813029$ & $0.0811968$ & $0.0308153$ & $-0.0317601$ & $0.0593873$ & $-0.0492355$ & $0.22838$ & $-0.00975532$ & $-0.00378838$ & $0.153158$ & $0.0323402$ & $-0.083541$ & $0.162317$ & $0.0740226$ & $0.166592$ & $0.438273$ & $1$ & $-0.0370828$ & $0.490295$ & $0.103356$ & $-0.25854$ & $0.0287332$ & $0.0936178$ & $0.123939$ & $-0.196678$ & $0.0726235$ & $0.0888973$ & $0.196188$ & $-0.0357171$ \\
eHWWpar & $-0.216626$ & $0.0488486$ & $-0.276082$ & $-0.0716961$ & $0.0572908$ & $-0.0152894$ & $-0.0556392$ & $-0.0488481$ & $-0.0509587$ & $0.0445244$ & $-0.00678079$ & $-0.0116025$ & $0.0346355$ & $0.0426206$ & $0.132705$ & $0.0739982$ & $0.1073$ & $0.0206719$ & $0.0571344$ & $0.0202271$ & $-0.0068999$ & $-0.0111492$ & $-0.0351396$ & $0.160789$ & $0.0539259$ & $0.00359909$ & $-0.213226$ & $0.0805095$ & $0.0354029$ & $-0.0232484$ & $-0.0258743$ & $-0.0795447$ & $-0.0574908$ & $-0.175825$ & $-0.192939$ & $0.0112204$ & $-0.0370828$ & $1$ & $0.0633601$ & $-0.0227082$ & $-0.0684018$ & $-0.0387062$ & $-0.202289$ & $0.324945$ & $-0.034131$ & $-0.138739$ & $0.141158$ & $-0.0518845$ & $-0.141845$ \\
eHZZint & $-0.0432186$ & $-0.566742$ & $-0.41901$ & $-0.761486$ & $0.00917402$ & $-0.0320478$ & $-0.232208$ & $0.0146805$ & $0.0143882$ & $-0.0749087$ & $-0.0315602$ & $0.281811$ & $0.312151$ & $0.0325921$ & $0.0789089$ & $0.00845815$ & $0.0406234$ & $-0.0101533$ & $0.0377091$ & $0.0318812$ & $0.0262894$ & $0.027798$ & $0.0601821$ & $0.0522829$ & $0.0230395$ & $-0.0536101$ & $-0.0229974$ & $0.0430289$ & $0.0710295$ & $0.182014$ & $0.089798$ & $-0.214986$ & $0.1393$ & $-0.0721657$ & $-0.0654023$ & $0.721942$ & $0.490295$ & $0.0633601$ & $1$ & $0.0355964$ & $-0.634632$ & $0.0988854$ & $-0.096696$ & $-0.124649$ & $-0.151146$ & $0.229239$ & $0.481159$ & $0.641209$ & $-0.477392$ \\
eHZZpar & $-0.122844$ & $-0.135704$ & $-0.0563542$ & $-0.0407462$ & $0.0202306$ & $0.0266726$ & $-0.0806841$ & $0.10652$ & $0.106934$ & $-0.0344567$ & $-0.0612598$ & $0.09952$ & $0.111098$ & $-0.0137741$ & $0.0234728$ & $-0.0471963$ & $-0.0691746$ & $-0.089161$ & $-0.0376985$ & $0.05505$ & $0.0688061$ & $0.0626463$ & $0.0457429$ & $-0.120886$ & $-0.03075$ & $-0.0444527$ & $0.22755$ & $-0.0403408$ & $0.0479194$ & $0.052914$ & $0.0838148$ & $-0.0795436$ & $0.0566111$ & $0.0689112$ & $-0.12324$ & $0.0878108$ & $0.103356$ & $-0.0227082$ & $0.0355964$ & $1$ & $-0.0485611$ & $0.0654$ & $-0.227871$ & $0.0753972$ & $-0.0175104$ & $-0.137728$ & $-0.00208823$ & $0.123785$ & $0.103793$ \\
eHZgaint & $0.40087$ & $0.46232$ & $0.424082$ & $0.808103$ & $-0.014012$ & $0.0468058$ & $-0.10065$ & $-0.0514562$ & $-0.0566853$ & $0.0209806$ & $0.0982834$ & $0.0355154$ & $0.00139601$ & $-0.0823733$ & $-0.0547428$ & $-0.0404047$ & $-0.142262$ & $-0.0876605$ & $-0.0858196$ & $-0.0942594$ & $-0.0987275$ & $-0.0933089$ & $-0.131041$ & $-0.0936253$ & $-0.120176$ & $0.147033$ & $-0.0980785$ & $-0.0948642$ & $-0.0813303$ & $-0.0238797$ & $-0.0863742$ & $-0.119176$ & $0.0383527$ & $-0.022741$ & $0.170536$ & $-0.690072$ & $-0.25854$ & $-0.0684018$ & $-0.634632$ & $-0.0485611$ & $1$ & $-0.0394895$ & $-0.106698$ & $0.135914$ & $-0.174541$ & $-0.237976$ & $-0.518625$ & $-0.458584$ & $0.656194$ \\
eHZgapar & $0.0671541$ & $-0.136823$ & $0.0112793$ & $-0.0436915$ & $-0.072511$ & $0.0858276$ & $-0.234812$ & $0.0822265$ & $0.0801902$ & $-0.0893495$ & $-0.0424466$ & $0.237142$ & $0.243986$ & $-2.52245e-05$ & $0.0645287$ & $0.093122$ & $-0.0921432$ & $-0.101805$ & $-0.120732$ & $0.0435518$ & $0.0374921$ & $0.0346208$ & $0.0114893$ & $-0.0973314$ & $-0.125678$ & $-0.0558129$ & $-0.122152$ & $0.00299421$ & $0.0132919$ & $0.128101$ & $0.0373971$ & $-0.243867$ & $0.103464$ & $-0.00722722$ & $-0.0150504$ & $0.17131$ & $0.0287332$ & $-0.0387062$ & $0.0988854$ & $0.0654$ & $-0.0394895$ & $1$ & $0.101176$ & $-0.0941934$ & $-0.282604$ & $-0.176638$ & $0.109518$ & $0.411313$ & $-0.18554$ \\
eHgagaint & $0.169537$ & $0.0796851$ & $0.399318$ & $-0.00347222$ & $0.0166498$ & $0.0154726$ & $0.033979$ & $-0.0844923$ & $-0.0789855$ & $0.0216157$ & $0.131538$ & $0.0673978$ & $0.0316306$ & $-0.14711$ & $-0.224314$ & $0.0254483$ & $-0.0948456$ & $0.027785$ & $-0.157578$ & $-0.133859$ & $-0.12683$ & $-0.125926$ & $-0.0410829$ & $-0.0859425$ & $-0.0934386$ & $0.110029$ & $-0.0371228$ & $-0.0834039$ & $-0.0137271$ & $-0.0806099$ & $0.0226048$ & $0.0486642$ & $-0.0655281$ & $0.176468$ & $0.397954$ & $0.0481726$ & $0.0936178$ & $-0.202289$ & $-0.096696$ & $-0.227871$ & $-0.106698$ & $0.101176$ & $1$ & $-0.187625$ & $0.183037$ & $-0.15227$ & $-0.0555177$ & $-0.0904784$ & $-0.274907$ \\
eHmumuint & $-0.350672$ & $0.107911$ & $0.0393259$ & $0.0835513$ & $0.0350405$ & $-0.202679$ & $-0.0723018$ & $0.029394$ & $0.0175572$ & $-0.067222$ & $-0.12637$ & $-0.146993$ & $-0.0632261$ & $0.145702$ & $0.129581$ & $0.093389$ & $0.244309$ & $0.141299$ & $0.160249$ & $0.129688$ & $0.122151$ & $0.116114$ & $-0.117167$ & $0.16954$ & $0.178507$ & $-0.0110991$ & $-0.0513942$ & $0.0301031$ & $0.0256012$ & $-0.111508$ & $-0.145284$ & $-0.130353$ & $-0.100541$ & $-0.0639092$ & $-0.448291$ & $-0.124357$ & $0.123939$ & $0.324945$ & $-0.124649$ & $0.0753972$ & $0.135914$ & $-0.0941934$ & $-0.187625$ & $1$ & $0.0234327$ & $-0.0954182$ & $-0.251658$ & $-0.211061$ & $0.182766$ \\
eHtautauint & $-0.233654$ & $0.0553792$ & $-0.00939483$ & $-0.142004$ & $-0.00106227$ & $-0.106727$ & $0.4818$ & $-0.0704478$ & $-0.067368$ & $0.0625091$ & $-0.035599$ & $-0.480676$ & $-0.500448$ & $0.125839$ & $-0.0732065$ & $-0.070972$ & $0.240463$ & $0.262004$ & $0.246582$ & $0.0295729$ & $0.0437473$ & $0.037457$ & $0.0272991$ & $0.200925$ & $0.284717$ & $-0.0246837$ & $0.19454$ & $0.123341$ & $0.0294577$ & $-0.329357$ & $-0.138177$ & $0.42982$ & $-0.35251$ & $0.0397862$ & $-0.284052$ & $-0.302162$ & $-0.196678$ & $-0.034131$ & $-0.151146$ & $-0.0175104$ & $-0.174541$ & $-0.282604$ & $0.183037$ & $0.0234327$ & $1$ & $0.254421$ & $0.0194604$ & $-0.261802$ & $-0.0244077$ \\
eHccint & $-0.145068$ & $-0.253343$ & $-0.0513427$ & $-0.286707$ & $-0.0824777$ & $-0.0576521$ & $0.326828$ & $0.28903$ & $0.286318$ & $-0.15345$ & $-0.277345$ & $-0.353611$ & $-0.354646$ & $0.152577$ & $0.0922007$ & $0.0708165$ & $0.0536859$ & $0.00561333$ & $0.0259697$ & $0.262489$ & $0.289098$ & $0.292007$ & $0.0800734$ & $-0.0907303$ & $0.0418$ & $-0.21066$ & $0.35915$ & $0.200759$ & $-0.0193756$ & $-0.128273$ & $-0.0888296$ & $0.306889$ & $-0.172331$ & $0.198045$ & $-0.273066$ & $0.233879$ & $0.0726235$ & $-0.138739$ & $0.229239$ & $-0.137728$ & $-0.237976$ & $-0.176638$ & $-0.15227$ & $-0.0954182$ & $0.254421$ & $1$ & $0.107065$ & $0.0992073$ & $-0.117092$ \\
eHccpar & $0.0165259$ & $-0.279287$ & $-0.547386$ & $-0.513043$ & $0.0243414$ & $-0.0520442$ & $0.0732305$ & $0.0684616$ & $0.068295$ & $-0.0526882$ & $-0.118847$ & $-0.0900807$ & $-0.0697673$ & $0.128185$ & $0.198476$ & $0.108006$ & $0.102155$ & $0.00260893$ & $0.0605732$ & $0.125965$ & $0.106728$ & $0.0970881$ & $0.123779$ & $0.113179$ & $0.0524349$ & $-0.197364$ & $-0.127449$ & $0.165654$ & $0.00396429$ & $-0.0654226$ & $0.0352518$ & $0.0520654$ & $-0.113648$ & $-0.148356$ & $-0.129678$ & $0.398074$ & $0.0888973$ & $0.141158$ & $0.481159$ & $-0.00208823$ & $-0.518625$ & $0.109518$ & $-0.0555177$ & $-0.251658$ & $0.0194604$ & $0.107065$ & $1$ & $0.360797$ & $-0.654261$ \\
eHbbint & $0.0813069$ & $-0.3428$ & $-0.218644$ & $-0.486176$ & $-0.0258366$ & $0.05853$ & $-0.307568$ & $-0.00256821$ & $-0.00407786$ & $-0.0712585$ & $0.0203599$ & $0.270186$ & $0.283901$ & $-0.0142438$ & $0.0216852$ & $-0.0623393$ & $-0.0527582$ & $-0.059836$ & $-0.000844929$ & $-0.0241632$ & $-0.0206664$ & $-0.0241$ & $0.213357$ & $-0.00499532$ & $-0.0188032$ & $-0.133136$ & $0.060513$ & $0.0367441$ & $0.0564698$ & $0.135135$ & $0.0649906$ & $-0.324498$ & $0.110474$ & $-0.0494138$ & $-0.169776$ & $0.560724$ & $0.196188$ & $-0.0518845$ & $0.641209$ & $0.123785$ & $-0.458584$ & $0.411313$ & $-0.0904784$ & $-0.211061$ & $-0.261802$ & $0.0992073$ & $0.360797$ & $1$ & $-0.333976$ \\
eHbbpar & $0.211991$ & $0.238048$ & $0.33165$ & $0.59052$ & $-0.0119163$ & $0.0423183$ & $0.0354888$ & $-0.116283$ & $-0.115547$ & $0.0865827$ & $0.146213$ & $-0.0280758$ & $-0.0679915$ & $-0.102815$ & $-0.12731$ & $-0.18289$ & $-0.093566$ & $-0.0286009$ & $0.0214914$ & $-0.149703$ & $-0.138129$ & $-0.133162$ & $-0.101653$ & $-0.0424882$ & $-0.0284763$ & $0.186689$ & $0.0634057$ & $-0.0704631$ & $0.000807311$ & $-0.0137664$ & $-0.0689044$ & $0.0370108$ & $0.0706937$ & $-0.000846104$ & $0.184063$ & $-0.56967$ & $-0.0357171$ & $-0.141845$ & $-0.477392$ & $0.103793$ & $0.656194$ & $-0.18554$ & $-0.274907$ & $0.182766$ & $-0.0244077$ & $-0.117092$ & $-0.654261$ & $-0.333976$ & $1$ \\
