 & AlsMz & dAle5Mz & mtop & mHl & Mz & CW & CHG & CHWB & CHWHB_gaga & CHWHB_gagaorth & CHD & CHbox & CH & CHL1_11 & CHL1_22 & CHL1_33 & CHL3_11 & CHL3_22 & CHL3_33 & CHe_11 & CHe_22 & CHe_33 & CHQ1_11 & CHQ1_33 & CHQ3_11 & CHu_11 & CHd_11 & CHd_33 & CeH_22r & CeH_33r & CuH_22r & CuH_33r & CdH_33r & CLL_1221 & eHggint & eHggpar & eHWWint & eHWWpar & eHZZint & eHZZpar & eHZgaint & eHZgapar & eHgagaint & eHmumuint & eHtautauint & eHccint & eHccpar & eHbbint & eHbbpar \\
AlsMz & $1$ & $-0.5744$ & $0.340527$ & $0.165756$ & $0.0465488$ & $0.0569174$ & $-0.108969$ & $0.0570756$ & $0.0610164$ & $0.0299533$ & $-0.0684074$ & $0.125844$ & $0.131903$ & $0.0704507$ & $0.0915792$ & $0.0867075$ & $-0.0122793$ & $-0.0312831$ & $-0.0425701$ & $0.0675662$ & $0.0498679$ & $0.0415368$ & $-0.109308$ & $-0.0238895$ & $-0.129967$ & $-0.0055786$ & $-0.166031$ & $-0.0139384$ & $0.0141046$ & $0.0761813$ & $0.00999696$ & $-0.0955887$ & $0.0698562$ & $-0.0615734$ & $-0.279454$ & $0.0257475$ & $-0.0678664$ & $-0.0435069$ & $0.143143$ & $-0.0226719$ & $0.130195$ & $-0.145306$ & $0.0736402$ & $-0.199956$ & $0.0565857$ & $0.228415$ & $0.0566522$ & $-0.210812$ & $-0.0384396$ \\
dAle5Mz & $-0.5744$ & $1$ & $-0.420792$ & $-0.0393439$ & $-0.0359073$ & $-0.0370574$ & $-0.0315319$ & $-0.0916148$ & $-0.0812088$ & $0.0138792$ & $0.139246$ & $-0.0109226$ & $-0.0239814$ & $-0.138898$ & $-0.156848$ & $-0.193306$ & $-0.06035$ & $-0.000113237$ & $0.0444691$ & $-0.145285$ & $-0.108207$ & $-0.0962856$ & $0.134738$ & $0.0166969$ & $0.136467$ & $0.0612783$ & $0.297161$ & $-0.0162651$ & $-0.0278072$ & $-0.0300865$ & $-0.0022535$ & $-0.0400053$ & $0.00936551$ & $0.0937823$ & $0.352095$ & $-0.0302505$ & $0.198567$ & $0.018333$ & $-0.0222552$ & $-0.00310257$ & $-0.383919$ & $0.113872$ & $0.336663$ & $0.321168$ & $-0.185007$ & $0.129408$ & $-0.146465$ & $0.166362$ & $0.166827$ \\
mtop & $0.340527$ & $-0.420792$ & $1$ & $0.0374935$ & $-0.0170151$ & $0.0511191$ & $0.0427874$ & $-0.0444056$ & $-0.0449441$ & $0.0274655$ & $0.0178163$ & $0.0372393$ & $0.00834358$ & $0.0331583$ & $0.129212$ & $0.134022$ & $0.0236176$ & $-0.0279617$ & $-0.0481614$ & $0.00190485$ & $-0.0431201$ & $-0.0554174$ & $-0.154186$ & $0.0711059$ & $-0.109002$ & $0.0638185$ & $-0.275675$ & $-0.0566485$ & $0.0308071$ & $0.0880772$ & $0.0295844$ & $0.0697243$ & $0.0416097$ & $-0.159483$ & $0.0242877$ & $-0.231944$ & $-0.0179025$ & $0.0276591$ & $-0.124137$ & $0.0357121$ & $0.35465$ & $0.0132984$ & $-0.252323$ & $-0.558201$ & $0.0429159$ & $-0.022148$ & $-0.0219809$ & $-0.168248$ & $-0.209473$ \\
mHl & $0.165756$ & $-0.0393439$ & $0.0374935$ & $1$ & $0.0758503$ & $0.0265415$ & $-0.0768988$ & $-0.0670008$ & $-0.0635447$ & $0.049297$ & $0.0725149$ & $0.155967$ & $0.120355$ & $-0.0516148$ & $0.120324$ & $0.0449162$ & $-0.0225588$ & $-0.0875054$ & $-0.039658$ & $-0.0568177$ & $-0.0888139$ & $-0.0992828$ & $-0.174758$ & $0.0113525$ & $-0.12338$ & $0.124925$ & $-0.237676$ & $0.0074134$ & $-0.0269001$ & $0.0875555$ & $0.0203671$ & $-0.0477483$ & $0.0408953$ & $-0.153176$ & $0.31005$ & $0.160081$ & $0.159068$ & $0.0196723$ & $0.0993397$ & $0.0125651$ & $0.106274$ & $0.0712527$ & $0.205274$ & $-0.0394372$ & $0.207811$ & $-0.222262$ & $0.0953967$ & $0.170933$ & $-0.307179$ \\
Mz & $0.0465488$ & $-0.0359073$ & $-0.0170151$ & $0.0758503$ & $1$ & $-0.0108918$ & $0.00594609$ & $-0.010297$ & $-0.00888385$ & $0.0189589$ & $-0.00351853$ & $-0.00725284$ & $-0.000321356$ & $0.0400967$ & $-0.0166885$ & $0.00438172$ & $0.040639$ & $0.0503939$ & $0.0269984$ & $0.0114565$ & $0.0131962$ & $0.00485318$ & $0.0152224$ & $0.037139$ & $0.0510182$ & $-0.0200226$ & $0.0200688$ & $0.0204243$ & $-0.00779047$ & $-0.00173818$ & $0.0063342$ & $0.0113288$ & $-0.00487886$ & $0.00334825$ & $0.0545493$ & $0.0620484$ & $0.0612592$ & $-0.0501243$ & $0.0610155$ & $0.0100299$ & $-0.0796314$ & $-0.0437112$ & $0.0182122$ & $-0.00678248$ & $-0.0648708$ & $0.0202964$ & $0.0283039$ & $0.0187004$ & $-0.0665145$ \\
CW & $0.0569174$ & $-0.0370574$ & $0.0511191$ & $0.0265415$ & $-0.0108918$ & $1$ & $0.00104582$ & $-0.121073$ & $-0.113844$ & $0.0329988$ & $0.16365$ & $0.0621001$ & $0.0202576$ & $0.074224$ & $-0.0279596$ & $-0.0235282$ & $-0.248733$ & $-0.0500331$ & $-0.0518592$ & $-0.155495$ & $-0.178136$ & $-0.164739$ & $-0.0485487$ & $0.0071147$ & $-0.108888$ & $0.097059$ & $-0.155664$ & $-0.0934005$ & $-0.0336026$ & $0.013477$ & $0.0480176$ & $0.0048142$ & $0.0391693$ & $-0.169065$ & $-0.0484738$ & $-0.0342107$ & $-0.064529$ & $0.0350842$ & $-0.0227264$ & $0.0290546$ & $0.1449$ & $-0.00548874$ & $-0.0225918$ & $0.00075274$ & $0.0481949$ & $-0.0224645$ & $-0.0262309$ & $-0.0256739$ & $0.00636516$ \\
CHG & $-0.108969$ & $-0.0315319$ & $0.0427874$ & $-0.0768988$ & $0.00594609$ & $0.00104582$ & $1$ & $-0.0996534$ & $-0.0516862$ & $0.0518143$ & $0.0185643$ & $-0.255091$ & $-0.322037$ & $0.120826$ & $0.025305$ & $0.062398$ & $0.126463$ & $0.125484$ & $0.0987308$ & $-0.00544922$ & $-0.0317611$ & $-0.0284157$ & $-0.0276027$ & $0.135392$ & $0.104834$ & $0.0177363$ & $-0.119967$ & $-0.0147868$ & $0.0134556$ & $-0.147932$ & $-0.0767255$ & $0.942923$ & $-0.178621$ & $-0.10629$ & $0.146276$ & $0.0817526$ & $-0.115651$ & $0.0109468$ & $0.117901$ & $0.0992967$ & $0.046651$ & $-0.0835169$ & $-0.0363594$ & $0.0993653$ & $-0.19853$ & $0.0741222$ & $-0.0885039$ & $-0.0437734$ & $-0.0395093$ \\
CHWB & $0.0570756$ & $-0.0916148$ & $-0.0444056$ & $-0.0670008$ & $-0.010297$ & $-0.121073$ & $-0.0996534$ & $1$ & $0.981584$ & $-0.527559$ & $-0.862542$ & $0.105592$ & $0.332834$ & $0.0834184$ & $0.313351$ & $0.31723$ & $-0.218017$ & $-0.417268$ & $-0.438779$ & $0.831604$ & $0.88134$ & $0.860754$ & $0.0212983$ & $-0.647248$ & $-0.427252$ & $-0.474962$ & $0.324826$ & $0.259268$ & $0.0386973$ & $0.138483$ & $0.0216615$ & $-0.0858262$ & $0.145458$ & $0.516972$ & $-0.131494$ & $-0.00715334$ & $-0.0419443$ & $-0.0957749$ & $-0.0305081$ & $0.0358062$ & $0.0143434$ & $0.0225714$ & $-0.038587$ & $0.00648458$ & $0.12651$ & $-0.107104$ & $0.0180386$ & $-0.100578$ & $0.0214259$ \\
CHWHB_gaga & $0.0610164$ & $-0.0812088$ & $-0.0449441$ & $-0.0635447$ & $-0.00888385$ & $-0.113844$ & $-0.0516862$ & $0.981584$ & $1$ & $-0.51297$ & $-0.845435$ & $0.125823$ & $0.332458$ & $0.0809904$ & $0.310323$ & $0.312323$ & $-0.218999$ & $-0.413456$ & $-0.433381$ & $0.815796$ & $0.863335$ & $0.844434$ & $0.0229203$ & $-0.634834$ & $-0.423414$ & $-0.469571$ & $0.315728$ & $0.258794$ & $0.0429403$ & $0.165531$ & $0.0318787$ & $-0.0448315$ & $0.175132$ & $0.504046$ & $-0.119712$ & $0.00109546$ & $-0.0406072$ & $-0.0971144$ & $-0.03013$ & $0.0312685$ & $0.0153417$ & $0.00825386$ & $-0.00623048$ & $0.0119756$ & $0.120094$ & $-0.0942565$ & $-0.00179967$ & $-0.111307$ & $0.0192573$ \\
CHWHB_gagaorth & $0.0299533$ & $0.0138792$ & $0.0274655$ & $0.049297$ & $0.0189589$ & $0.0329988$ & $0.0518143$ & $-0.527559$ & $-0.51297$ & $1$ & $0.302092$ & $0.243565$ & $-0.214615$ & $0.232864$ & $-0.102164$ & $-0.159613$ & $0.412868$ & $0.44344$ & $0.496507$ & $-0.289637$ & $-0.315927$ & $-0.309643$ & $-0.0282314$ & $0.510038$ & $0.481665$ & $0.181073$ & $-0.156197$ & $-0.0661557$ & $-0.0104115$ & $-0.131129$ & $-0.0487142$ & $0.0547538$ & $-0.159949$ & $-0.316976$ & $0.0833575$ & $-0.0117031$ & $-0.00351575$ & $0.06706$ & $0.000962926$ & $-0.0218166$ & $-0.0447006$ & $-0.0150929$ & $0.0284076$ & $-0.0120182$ & $-0.0416442$ & $0.0663047$ & $0.0185851$ & $0.023863$ & $-0.00112764$ \\
CHD & $-0.0684074$ & $0.139246$ & $0.0178163$ & $0.0725149$ & $-0.00351853$ & $0.16365$ & $0.0185643$ & $-0.862542$ & $-0.845435$ & $0.302092$ & $1$ & $0.0641021$ & $-0.136405$ & $-0.524154$ & $-0.432801$ & $-0.44694$ & $-0.267253$ & $0.0174857$ & $0.0522471$ & $-0.989668$ & $-0.99048$ & $-0.965325$ & $0.0510517$ & $0.252752$ & $0.0191071$ & $0.528726$ & $-0.168746$ & $-0.309352$ & $-0.0296914$ & $-0.0761756$ & $0.00722553$ & $0.0167393$ & $-0.0788269$ & $-0.311389$ & $0.124672$ & $0.00183091$ & $0.0967579$ & $0.0481121$ & $-0.0123946$ & $-0.0363809$ & $-0.0385923$ & $-0.0105116$ & $0.0728997$ & $-0.0284493$ & $-0.0759398$ & $0.0579894$ & $-0.00611976$ & $0.104953$ & $-0.0197557$ \\
CHbox & $0.125844$ & $-0.0109226$ & $0.0372393$ & $0.155967$ & $-0.00725284$ & $0.0621001$ & $-0.255091$ & $0.105592$ & $0.125823$ & $0.243565$ & $0.0641021$ & $1$ & $0.765838$ & $-0.284236$ & $0.0371245$ & $-0.0331569$ & $-0.32253$ & $-0.318714$ & $-0.266944$ & $-0.0560626$ & $-0.0582677$ & $-0.0568495$ & $0.0168713$ & $-0.229747$ & $-0.302778$ & $0.030411$ & $0.026745$ & $-0.0200877$ & $0.0775292$ & $0.378873$ & $0.119364$ & $-0.180688$ & $0.431388$ & $0.0383658$ & $-0.0237326$ & $-0.0166063$ & $0.0569333$ & $-0.0375065$ & $-0.110702$ & $-0.0315827$ & $-0.0233846$ & $0.0262344$ & $0.0304881$ & $-0.11643$ & $0.130582$ & $-0.0845924$ & $0.102985$ & $0.0362188$ & $-0.0974988$ \\
CH & $0.131903$ & $-0.0239814$ & $0.00834358$ & $0.120355$ & $-0.000321356$ & $0.0202576$ & $-0.322037$ & $0.332834$ & $0.332458$ & $-0.214615$ & $-0.136405$ & $0.765838$ & $1$ & $-0.251863$ & $0.0736068$ & $0.0392865$ & $-0.358546$ & $-0.382796$ & $-0.363219$ & $0.130238$ & $0.149394$ & $0.143908$ & $0.0157278$ & $-0.375891$ & $-0.399786$ & $-0.0784736$ & $0.0989942$ & $0.0311736$ & $0.0771533$ & $0.31669$ & $0.102741$ & $-0.274247$ & $0.365943$ & $0.188323$ & $-0.0752029$ & $-0.0368447$ & $0.0524015$ & $-0.0605247$ & $-0.0986735$ & $-0.00182066$ & $-0.0232037$ & $0.0578681$ & $-0.00267543$ & $-0.0907544$ & $0.121887$ & $-0.0944225$ & $0.104963$ & $0.0390552$ & $-0.0815983$ \\
CHL1_11 & $0.0704507$ & $-0.138898$ & $0.0331583$ & $-0.0516148$ & $0.0400967$ & $0.074224$ & $0.120826$ & $0.0834184$ & $0.0809904$ & $0.232864$ & $-0.524154$ & $-0.284236$ & $-0.251863$ & $1$ & $0.273309$ & $0.287479$ & $0.660231$ & $0.606165$ & $0.581145$ & $0.54245$ & $0.48219$ & $0.468691$ & $-0.132215$ & $0.487102$ & $0.577236$ & $-0.2496$ & $-0.183089$ & $0.162582$ & $-0.00152138$ & $-0.0628049$ & $-0.0449713$ & $0.102947$ & $-0.0596581$ & $-0.24086$ & $-0.0524376$ & $-0.00847548$ & $-0.137633$ & $0.0643424$ & $0.0819548$ & $0.0180211$ & $0.0792992$ & $-0.0066466$ & $-0.0795215$ & $0.0405216$ & $-0.0390226$ & $0.0726055$ & $-0.039295$ & $-0.07284$ & $0.0169511$ \\
CHL1_22 & $0.0915792$ & $-0.156848$ & $0.129212$ & $0.120324$ & $-0.0166885$ & $-0.0279596$ & $0.025305$ & $0.313351$ & $0.310323$ & $-0.102164$ & $-0.432801$ & $0.0371245$ & $0.0736068$ & $0.273309$ & $1$ & $0.408537$ & $0.152076$ & $-0.446369$ & $-0.0218251$ & $0.494631$ & $0.348673$ & $0.336363$ & $-0.179046$ & $0.107391$ & $-0.137703$ & $-0.188956$ & $-0.410198$ & $0.0953686$ & $0.022523$ & $0.0245223$ & $-0.0134178$ & $0.0311529$ & $0.0138741$ & $-0.620509$ & $-0.0482813$ & $-0.018717$ & $-0.0727414$ & $-0.0626798$ & $-0.0243586$ & $0.0158313$ & $0.164082$ & $-0.0205829$ & $-0.0290152$ & $-0.0925197$ & $0.036424$ & $-0.0197895$ & $-0.0204913$ & $0.00386955$ & $-0.104887$ \\
CHL1_33 & $0.0867075$ & $-0.193306$ & $0.134022$ & $0.0449162$ & $0.00438172$ & $-0.0235282$ & $0.062398$ & $0.31723$ & $0.312323$ & $-0.159613$ & $-0.44694$ & $-0.0331569$ & $0.0392865$ & $0.287479$ & $0.408537$ & $1$ & $0.172798$ & $0.0215214$ & $-0.44539$ & $0.510853$ & $0.364867$ & $0.380473$ & $-0.179717$ & $0.0971791$ & $-0.111786$ & $-0.203823$ & $-0.408008$ & $0.0917287$ & $-0.0355389$ & $0.00461507$ & $-0.00205702$ & $0.0616375$ & $-0.00476956$ & $-0.0731925$ & $-0.030001$ & $0.0328861$ & $-0.0595878$ & $-0.00801439$ & $0.037192$ & $0.055473$ & $0.09085$ & $-0.012051$ & $-0.0993056$ & $-0.0597934$ & $-0.031077$ & $0.057361$ & $-0.029578$ & $0.00763955$ & $-0.0713606$ \\
CHL3_11 & $-0.0122793$ & $-0.06035$ & $0.0236176$ & $-0.0225588$ & $0.040639$ & $-0.248733$ & $0.126463$ & $-0.218017$ & $-0.218999$ & $0.412868$ & $-0.267253$ & $-0.32253$ & $-0.358546$ & $0.660231$ & $0.152076$ & $0.172798$ & $1$ & $0.741544$ & $0.719038$ & $0.288391$ & $0.236856$ & $0.225906$ & $-0.0896601$ & $0.665876$ & $0.772725$ & $-0.119216$ & $-0.16584$ & $0.116495$ & $-0.0128439$ & $-0.112999$ & $-0.0507318$ & $0.103952$ & $-0.126253$ & $-0.214158$ & $0.0222303$ & $0.0242667$ & $-0.0769368$ & $0.0814313$ & $0.0705693$ & $-0.00638755$ & $-0.00599767$ & $-0.0261536$ & $-0.0607956$ & $0.0581611$ & $-0.0945323$ & $0.0653337$ & $0.00559277$ & $0.00452755$ & $0.00504356$ \\
CHL3_22 & $-0.0312831$ & $-0.000113237$ & $-0.0279617$ & $-0.0875054$ & $0.0503939$ & $-0.0500331$ & $0.125484$ & $-0.417268$ & $-0.413456$ & $0.44344$ & $0.0174857$ & $-0.318714$ & $-0.382796$ & $0.606165$ & $-0.446369$ & $0.0215214$ & $0.741544$ & $1$ & $0.645979$ & $-0.0168445$ & $-0.0131998$ & $-0.011083$ & $-0.0174546$ & $0.609247$ & $0.787916$ & $0.0153221$ & $-0.0170467$ & $0.0298678$ & $-0.0328622$ & $-0.119763$ & $-0.0401512$ & $0.101305$ & $-0.121798$ & $0.073849$ & $0.0384277$ & $0.0253639$ & $-0.0525901$ & $0.12505$ & $0.0948816$ & $-0.00520802$ & $-0.0581827$ & $-0.00669103$ & $-0.0510986$ & $0.093399$ & $-0.110223$ & $0.100193$ & $-0.00998994$ & $-0.0137464$ & $0.0611694$ \\
CHL3_33 & $-0.0425701$ & $0.0444691$ & $-0.0481614$ & $-0.039658$ & $0.0269984$ & $-0.0518592$ & $0.0987308$ & $-0.438779$ & $-0.433381$ & $0.496507$ & $0.0522471$ & $-0.266944$ & $-0.363219$ & $0.581145$ & $-0.0218251$ & $-0.44539$ & $0.719038$ & $0.645979$ & $1$ & $-0.0558841$ & $-0.0446427$ & $-0.0405267$ & $-0.00111496$ & $0.616353$ & $0.779085$ & $0.0334872$ & $0.00394841$ & $0.0303791$ & $0.0115638$ & $-0.109174$ & $-0.0525862$ & $0.0790152$ & $-0.110192$ & $-0.338949$ & $0.0272742$ & $-0.014665$ & $-0.0575166$ & $0.0833213$ & $0.0513488$ & $-0.0337645$ & $-0.0119832$ & $-0.0140049$ & $0.00886073$ & $0.0778186$ & $-0.0636951$ & $0.0418686$ & $-0.00794923$ & $-0.0133701$ & $0.0401635$ \\
CHe_11 & $0.0675662$ & $-0.145285$ & $0.00190485$ & $-0.0568177$ & $0.0114565$ & $-0.155495$ & $-0.00544922$ & $0.831604$ & $0.815796$ & $-0.289637$ & $-0.989668$ & $-0.0560626$ & $0.130238$ & $0.54245$ & $0.494631$ & $0.510853$ & $0.288391$ & $-0.0168445$ & $-0.0558841$ & $1$ & $0.970334$ & $0.94579$ & $-0.0746961$ & $-0.196736$ & $-0.00756277$ & $-0.518057$ & $0.0969152$ & $0.301951$ & $0.0253836$ & $0.0721491$ & $-0.00830601$ & $-0.0031525$ & $0.0726112$ & $0.231233$ & $-0.115937$ & $-0.00373975$ & $-0.0986692$ & $-0.0451822$ & $0.0115882$ & $0.0394048$ & $0.0535984$ & $0.00940647$ & $-0.0758352$ & $0.0154068$ & $0.0676499$ & $-0.0511139$ & $-0.000852209$ & $-0.0987304$ & $0.00441766$ \\
CHe_22 & $0.0498679$ & $-0.108207$ & $-0.0431201$ & $-0.0888139$ & $0.0131962$ & $-0.178136$ & $-0.0317611$ & $0.88134$ & $0.863335$ & $-0.315927$ & $-0.99048$ & $-0.0582677$ & $0.149394$ & $0.48219$ & $0.348673$ & $0.364867$ & $0.236856$ & $-0.0131998$ & $-0.0446427$ & $0.970334$ & $1$ & $0.970782$ & $-0.0205468$ & $-0.308854$ & $-0.0251104$ & $-0.53228$ & $0.254502$ & $0.314726$ & $0.0319775$ & $0.0812948$ & $-0.00441028$ & $-0.0294304$ & $0.0864668$ & $0.40123$ & $-0.120611$ & $-0.00321988$ & $-0.0863577$ & $-0.0483454$ & $0.00996043$ & $0.033584$ & $0.0151166$ & $0.014268$ & $-0.0636417$ & $0.0427269$ & $0.0800501$ & $-0.0658469$ & $0.0100212$ & $-0.11055$ & $0.033195$ \\
CHe_33 & $0.0415368$ & $-0.0962856$ & $-0.0554174$ & $-0.0992828$ & $0.00485318$ & $-0.164739$ & $-0.0284157$ & $0.860754$ & $0.844434$ & $-0.309643$ & $-0.965325$ & $-0.0568495$ & $0.143908$ & $0.468691$ & $0.336363$ & $0.380473$ & $0.225906$ & $-0.011083$ & $-0.0405267$ & $0.94579$ & $0.970782$ & $1$ & $-0.0136722$ & $-0.300805$ & $-0.0220915$ & $-0.519943$ & $0.255419$ & $0.309037$ & $0.0309584$ & $0.0811827$ & $-0.0054272$ & $-0.0269238$ & $0.0875678$ & $0.397643$ & $-0.124643$ & $-0.00679208$ & $-0.0875369$ & $-0.0483359$ & $0.0121754$ & $0.0409355$ & $0.00348959$ & $0.0118413$ & $-0.061364$ & $0.0539673$ & $0.0712825$ & $-0.0557076$ & $0.00142417$ & $-0.100797$ & $0.0405639$ \\
CHQ1_11 & $-0.109308$ & $0.134738$ & $-0.154186$ & $-0.174758$ & $0.0152224$ & $-0.0485487$ & $-0.0276027$ & $0.0212983$ & $0.0229203$ & $-0.0282314$ & $0.0510517$ & $0.0168713$ & $0.0157278$ & $-0.132215$ & $-0.179046$ & $-0.179717$ & $-0.0896601$ & $-0.0174546$ & $-0.00111496$ & $-0.0746961$ & $-0.0205468$ & $-0.0136722$ & $1$ & $-0.115452$ & $0.0694779$ & $-0.661349$ & $0.350688$ & $0.0173688$ & $0.0111764$ & $0.00243916$ & $0.01465$ & $-0.0422987$ & $0.00304494$ & $0.180887$ & $-0.0248058$ & $-0.0702617$ & $0.0043163$ & $-0.000802229$ & $-0.0207869$ & $0.0143934$ & $-0.117234$ & $0.071781$ & $0.0078678$ & $0.0560408$ & $0.0123464$ & $0.0121385$ & $-0.0329105$ & $-0.0606541$ & $0.0909881$ \\
CHQ1_33 & $-0.0238895$ & $0.0166969$ & $0.0711059$ & $0.0113525$ & $0.037139$ & $0.0071147$ & $0.135392$ & $-0.647248$ & $-0.634834$ & $0.510038$ & $0.252752$ & $-0.229747$ & $-0.375891$ & $0.487102$ & $0.107391$ & $0.0971791$ & $0.665876$ & $0.609247$ & $0.616353$ & $-0.196736$ & $-0.308854$ & $-0.300805$ & $-0.115452$ & $1$ & $0.654438$ & $0.164957$ & $-0.362636$ & $0.0363739$ & $-0.0253967$ & $-0.136632$ & $-0.0293293$ & $0.114376$ & $-0.137229$ & $-0.59573$ & $0.0790933$ & $0.00805366$ & $-0.0359547$ & $0.0786161$ & $0.054631$ & $-0.0100831$ & $-0.0216638$ & $-0.0413985$ & $-0.0123673$ & $0.0257528$ & $-0.157673$ & $0.136744$ & $-0.0434122$ & $0.0759761$ & $-0.0152627$ \\
CHQ3_11 & $-0.129967$ & $0.136467$ & $-0.109002$ & $-0.12338$ & $0.0510182$ & $-0.108888$ & $0.104834$ & $-0.427252$ & $-0.423414$ & $0.481665$ & $0.0191071$ & $-0.302778$ & $-0.399786$ & $0.577236$ & $-0.137703$ & $-0.111786$ & $0.772725$ & $0.787916$ & $0.779085$ & $-0.00756277$ & $-0.0251104$ & $-0.0220915$ & $0.0694779$ & $0.654438$ & $1$ & $0.0288225$ & $0.215285$ & $0.0283345$ & $-0.0236056$ & $-0.1361$ & $-0.0526499$ & $0.0745817$ & $-0.151082$ & $-0.192819$ & $0.0959927$ & $0.0372485$ & $-0.0579929$ & $0.0788446$ & $0.0481129$ & $-0.0459798$ & $-0.102409$ & $-0.00758529$ & $0.0219289$ & $0.131258$ & $-0.106173$ & $0.0721594$ & $-0.0309484$ & $-0.0451616$ & $0.0665504$ \\
CHu_11 & $-0.0055786$ & $0.0612783$ & $0.0638185$ & $0.124925$ & $-0.0200226$ & $0.097059$ & $0.0177363$ & $-0.474962$ & $-0.469571$ & $0.181073$ & $0.528726$ & $0.030411$ & $-0.0784736$ & $-0.2496$ & $-0.188956$ & $-0.203823$ & $-0.119216$ & $0.0153221$ & $0.0334872$ & $-0.518057$ & $-0.53228$ & $-0.519943$ & $-0.661349$ & $0.164957$ & $0.0288225$ & $1$ & $-0.100247$ & $-0.177888$ & $-0.0244935$ & $-0.0512346$ & $-0.0153271$ & $0.0253261$ & $-0.0550045$ & $-0.217206$ & $0.126018$ & $0.0778146$ & $0.0845825$ & $0.0101765$ & $-0.010967$ & $-0.0496118$ & $-0.00982852$ & $-0.0458061$ & $0.0926548$ & $-0.0311107$ & $-0.0832832$ & $0.0258955$ & $0.0201406$ & $0.0869323$ & $-0.0644547$ \\
CHd_11 & $-0.166031$ & $0.297161$ & $-0.275675$ & $-0.237676$ & $0.0200688$ & $-0.155664$ & $-0.119967$ & $0.324826$ & $0.315728$ & $-0.156197$ & $-0.168746$ & $0.026745$ & $0.0989942$ & $-0.183089$ & $-0.410198$ & $-0.408008$ & $-0.16584$ & $-0.0170467$ & $0.00394841$ & $0.0969152$ & $0.254502$ & $0.255419$ & $0.350688$ & $-0.362636$ & $0.215285$ & $-0.100247$ & $1$ & $0.078693$ & $0.0207903$ & $0.0399912$ & $0.0125321$ & $-0.128007$ & $0.041754$ & $0.631453$ & $0.0355184$ & $0.0288536$ & $0.0397143$ & $-0.0621499$ & $-0.0510602$ & $-0.0491772$ & $-0.254146$ & $0.031784$ & $0.115259$ & $0.165245$ & $0.0265773$ & $-0.0593384$ & $0.00215856$ & $-0.114452$ & $0.143049$ \\
CHd_33 & $-0.0139384$ & $-0.0162651$ & $-0.0566485$ & $0.0074134$ & $0.0204243$ & $-0.0934005$ & $-0.0147868$ & $0.259268$ & $0.258794$ & $-0.0661557$ & $-0.309352$ & $-0.0200877$ & $0.0311736$ & $0.162582$ & $0.0953686$ & $0.0917287$ & $0.116495$ & $0.0298678$ & $0.0303791$ & $0.301951$ & $0.314726$ & $0.309037$ & $0.0173688$ & $0.0363739$ & $0.0283345$ & $-0.177888$ & $0.078693$ & $1$ & $0.0329626$ & $0.0366789$ & $-0.0220941$ & $0.000282238$ & $0.0526306$ & $0.130294$ & $-0.0441777$ & $0.0382304$ & $0.00276504$ & $-0.0377904$ & $0.0426124$ & $0.0343883$ & $-0.0435102$ & $0.00976692$ & $0.0493898$ & $0.0454244$ & $-0.00316909$ & $-0.0423383$ & $-0.0395658$ & $0.0187518$ & $0.0359005$ \\
CeH_22r & $0.0141046$ & $-0.0278072$ & $0.0308071$ & $-0.0269001$ & $-0.00779047$ & $-0.0336026$ & $0.0134556$ & $0.0386973$ & $0.0429403$ & $-0.0104115$ & $-0.0296914$ & $0.0775292$ & $0.0771533$ & $-0.00152138$ & $0.022523$ & $-0.0355389$ & $-0.0128439$ & $-0.0328622$ & $0.0115638$ & $0.0253836$ & $0.0319775$ & $0.0309584$ & $0.0111764$ & $-0.0253967$ & $-0.0236056$ & $-0.0244935$ & $0.0207903$ & $0.0329626$ & $1$ & $0.0313171$ & $0.0283223$ & $0.00174153$ & $0.0643576$ & $0.00906685$ & $-0.0151415$ & $-0.0336617$ & $-0.0148285$ & $-0.0462092$ & $-0.0357631$ & $-0.0145101$ & $0.0132778$ & $0.00703423$ & $0.0353076$ & $0.0183969$ & $0.0566558$ & $-0.015319$ & $0.0335426$ & $-0.000211256$ & $0.0744169$ \\
CeH_33r & $0.0761813$ & $-0.0300865$ & $0.0880772$ & $0.0875555$ & $-0.00173818$ & $0.013477$ & $-0.147932$ & $0.138483$ & $0.165531$ & $-0.131129$ & $-0.0761756$ & $0.378873$ & $0.31669$ & $-0.0628049$ & $0.0245223$ & $0.00461507$ & $-0.112999$ & $-0.119763$ & $-0.109174$ & $0.0721491$ & $0.0812948$ & $0.0811827$ & $0.00243916$ & $-0.136632$ & $-0.1361$ & $-0.0512346$ & $0.0399912$ & $0.0366789$ & $0.0313171$ & $1$ & $0.307587$ & $-0.00882623$ & $0.73493$ & $0.0838786$ & $-0.0887665$ & $0.0228151$ & $-0.0816419$ & $-0.0073762$ & $-0.0892905$ & $-0.0247958$ & $0.0654014$ & $-0.00616947$ & $-0.00154304$ & $-0.0354917$ & $0.13801$ & $-0.11626$ & $0.0459946$ & $-0.0121527$ & $-0.0523011$ \\
CuH_22r & $0.00999696$ & $-0.0022535$ & $0.0295844$ & $0.0203671$ & $0.0063342$ & $0.0480176$ & $-0.0767255$ & $0.0216615$ & $0.0318787$ & $-0.0487142$ & $0.00722553$ & $0.119364$ & $0.102741$ & $-0.0449713$ & $-0.0134178$ & $-0.00205702$ & $-0.0507318$ & $-0.0401512$ & $-0.0525862$ & $-0.00830601$ & $-0.00441028$ & $-0.0054272$ & $0.01465$ & $-0.0293293$ & $-0.0526499$ & $-0.0153271$ & $0.0125321$ & $-0.0220941$ & $0.0283223$ & $0.307587$ & $1$ & $0.0123961$ & $0.397447$ & $0.0292639$ & $-0.00691333$ & $0.00415859$ & $-0.031799$ & $-0.0112833$ & $0.00163665$ & $-0.039476$ & $-0.0232611$ & $-0.000740507$ & $-0.0968913$ & $0.010315$ & $-0.00823908$ & $-0.0906628$ & $0.151689$ & $-0.000152714$ & $-0.0519832$ \\
CuH_33r & $-0.0955887$ & $-0.0400053$ & $0.0697243$ & $-0.0477483$ & $0.0113288$ & $0.0048142$ & $0.942923$ & $-0.0858262$ & $-0.0448315$ & $0.0547538$ & $0.0167393$ & $-0.180688$ & $-0.274247$ & $0.102947$ & $0.0311529$ & $0.0616375$ & $0.103952$ & $0.101305$ & $0.0790152$ & $-0.0031525$ & $-0.0294304$ & $-0.0269238$ & $-0.0422987$ & $0.114376$ & $0.0745817$ & $0.0253261$ & $-0.128007$ & $0.000282238$ & $0.00174153$ & $-0.00882623$ & $0.0123961$ & $1$ & $0.00516049$ & $-0.101313$ & $0.163921$ & $0.108671$ & $-0.119928$ & $-0.00609371$ & $0.129022$ & $0.0855457$ & $0.050985$ & $-0.0939917$ & $-0.0304658$ & $0.0928744$ & $-0.200532$ & $0.0682241$ & $-0.0874462$ & $-0.0427225$ & $-0.0663474$ \\
CdH_33r & $0.0698562$ & $0.00936551$ & $0.0416097$ & $0.0408953$ & $-0.00487886$ & $0.0391693$ & $-0.178621$ & $0.145458$ & $0.175132$ & $-0.159949$ & $-0.0788269$ & $0.431388$ & $0.365943$ & $-0.0596581$ & $0.0138741$ & $-0.00476956$ & $-0.126253$ & $-0.121798$ & $-0.110192$ & $0.0726112$ & $0.0864668$ & $0.0875678$ & $0.00304494$ & $-0.137229$ & $-0.151082$ & $-0.0550045$ & $0.041754$ & $0.0526306$ & $0.0643576$ & $0.73493$ & $0.397447$ & $0.00516049$ & $1$ & $0.0949171$ & $-0.158922$ & $0.0315619$ & $-0.118092$ & $-0.0449169$ & $-0.0158292$ & $-0.0446621$ & $0.0426614$ & $0.0225368$ & $-0.0280894$ & $0.0382656$ & $0.151257$ & $-0.0501889$ & $0.0479595$ & $0.0218969$ & $0.0973261$ \\
CLL_1221 & $-0.0615734$ & $0.0937823$ & $-0.159483$ & $-0.153176$ & $0.00334825$ & $-0.169065$ & $-0.10629$ & $0.516972$ & $0.504046$ & $-0.316976$ & $-0.311389$ & $0.0383658$ & $0.188323$ & $-0.24086$ & $-0.620509$ & $-0.0731925$ & $-0.214158$ & $0.073849$ & $-0.338949$ & $0.231233$ & $0.40123$ & $0.397643$ & $0.180887$ & $-0.59573$ & $-0.192819$ & $-0.217206$ & $0.631453$ & $0.130294$ & $0.00906685$ & $0.0838786$ & $0.0292639$ & $-0.101313$ & $0.0949171$ & $1$ & $-0.0442416$ & $0.0221111$ & $0.0433414$ & $-0.0221732$ & $-0.00378626$ & $0.0119885$ & $-0.160081$ & $0.0351321$ & $0.000713115$ & $0.0996281$ & $0.056072$ & $-0.0684369$ & $0.039318$ & $-0.0637598$ & $0.109769$ \\
eHggint & $-0.279454$ & $0.352095$ & $0.0242877$ & $0.31005$ & $0.0545493$ & $-0.0484738$ & $0.146276$ & $-0.131494$ & $-0.119712$ & $0.0833575$ & $0.124672$ & $-0.0237326$ & $-0.0752029$ & $-0.0524376$ & $-0.0482813$ & $-0.030001$ & $0.0222303$ & $0.0384277$ & $0.0272742$ & $-0.115937$ & $-0.120611$ & $-0.124643$ & $-0.0248058$ & $0.0790933$ & $0.0959927$ & $0.126018$ & $0.0355184$ & $-0.0441777$ & $-0.0151415$ & $-0.0887665$ & $-0.00691333$ & $0.163921$ & $-0.158922$ & $-0.0442416$ & $1$ & $0.0597047$ & $0.254826$ & $-0.0620948$ & $0.183617$ & $0.0268607$ & $-0.203642$ & $-0.0791455$ & $0.28159$ & $0.0688445$ & $-0.420119$ & $0.00598232$ & $-0.108274$ & $-0.0151432$ & $-0.370312$ \\
eHggpar & $0.0257475$ & $-0.0302505$ & $-0.231944$ & $0.160081$ & $0.0620484$ & $-0.0342107$ & $0.0817526$ & $-0.00715334$ & $0.00109546$ & $-0.0117031$ & $0.00183091$ & $-0.0166063$ & $-0.0368447$ & $-0.00847548$ & $-0.018717$ & $0.0328861$ & $0.0242667$ & $0.0253639$ & $-0.014665$ & $-0.00373975$ & $-0.00321988$ & $-0.00679208$ & $-0.0702617$ & $0.00805366$ & $0.0372485$ & $0.0778146$ & $0.0288536$ & $0.0382304$ & $-0.0336617$ & $0.0228151$ & $0.00415859$ & $0.108671$ & $0.0315619$ & $0.0221111$ & $0.0597047$ & $1$ & $-0.0275865$ & $0.0188069$ & $0.354906$ & $0.00811637$ & $-0.0182871$ & $-0.090115$ & $0.298445$ & $0.293646$ & $-0.0590836$ & $0.264859$ & $-0.127272$ & $0.00559596$ & $0.0329789$ \\
eHWWint & $-0.0678664$ & $0.198567$ & $-0.0179025$ & $0.159068$ & $0.0612592$ & $-0.064529$ & $-0.115651$ & $-0.0419443$ & $-0.0406072$ & $-0.00351575$ & $0.0967579$ & $0.0569333$ & $0.0524015$ & $-0.137633$ & $-0.0727414$ & $-0.0595878$ & $-0.0769368$ & $-0.0525901$ & $-0.0575166$ & $-0.0986692$ & $-0.0863577$ & $-0.0875369$ & $0.0043163$ & $-0.0359547$ & $-0.0579929$ & $0.0845825$ & $0.0397143$ & $0.00276504$ & $-0.0148285$ & $-0.0816419$ & $-0.031799$ & $-0.119928$ & $-0.118092$ & $0.0433414$ & $0.254826$ & $-0.0275865$ & $1$ & $-0.0215196$ & $-0.123406$ & $0.0454709$ & $-0.468977$ & $-0.0612641$ & $0.241616$ & $-0.349103$ & $-0.335664$ & $-0.0406872$ & $0.0600587$ & $0.328052$ & $-0.449848$ \\
eHWWpar & $-0.0435069$ & $0.018333$ & $0.0276591$ & $0.0196723$ & $-0.0501243$ & $0.0350842$ & $0.0109468$ & $-0.0957749$ & $-0.0971144$ & $0.06706$ & $0.0481121$ & $-0.0375065$ & $-0.0605247$ & $0.0643424$ & $-0.0626798$ & $-0.00801439$ & $0.0814313$ & $0.12505$ & $0.0833213$ & $-0.0451822$ & $-0.0483454$ & $-0.0483359$ & $-0.000802229$ & $0.0786161$ & $0.0788446$ & $0.0101765$ & $-0.0621499$ & $-0.0377904$ & $-0.0462092$ & $-0.0073762$ & $-0.0112833$ & $-0.00609371$ & $-0.0449169$ & $-0.0221732$ & $-0.0620948$ & $0.0188069$ & $-0.0215196$ & $1$ & $-0.0456097$ & $0.0722669$ & $0.057858$ & $0.116098$ & $-0.102629$ & $-0.152955$ & $-0.0229535$ & $-0.0547445$ & $-0.0777954$ & $0.0409128$ & $-0.0576673$ \\
eHZZint & $0.143143$ & $-0.0222552$ & $-0.124137$ & $0.0993397$ & $0.0610155$ & $-0.0227264$ & $0.117901$ & $-0.0305081$ & $-0.03013$ & $0.000962926$ & $-0.0123946$ & $-0.110702$ & $-0.0986735$ & $0.0819548$ & $-0.0243586$ & $0.037192$ & $0.0705693$ & $0.0948816$ & $0.0513488$ & $0.0115882$ & $0.00996043$ & $0.0121754$ & $-0.0207869$ & $0.054631$ & $0.0481129$ & $-0.010967$ & $-0.0510602$ & $0.0426124$ & $-0.0357631$ & $-0.0892905$ & $0.00163665$ & $0.129022$ & $-0.0158292$ & $-0.00378626$ & $0.183617$ & $0.354906$ & $-0.123406$ & $-0.0456097$ & $1$ & $-0.00226359$ & $0.0222732$ & $0.0401429$ & $-0.114691$ & $0.361351$ & $-0.250607$ & $0.329512$ & $-0.120764$ & $-0.198361$ & $0.294276$ \\
eHZZpar & $-0.0226719$ & $-0.00310257$ & $0.0357121$ & $0.0125651$ & $0.0100299$ & $0.0290546$ & $0.0992967$ & $0.0358062$ & $0.0312685$ & $-0.0218166$ & $-0.0363809$ & $-0.0315827$ & $-0.00182066$ & $0.0180211$ & $0.0158313$ & $0.055473$ & $-0.00638755$ & $-0.00520802$ & $-0.0337645$ & $0.0394048$ & $0.033584$ & $0.0409355$ & $0.0143934$ & $-0.0100831$ & $-0.0459798$ & $-0.0496118$ & $-0.0491772$ & $0.0343883$ & $-0.0145101$ & $-0.0247958$ & $-0.039476$ & $0.0855457$ & $-0.0446621$ & $0.0119885$ & $0.0268607$ & $0.00811637$ & $0.0454709$ & $0.0722669$ & $-0.00226359$ & $1$ & $-0.0754925$ & $-0.0480388$ & $-0.0975397$ & $0.060847$ & $-0.204388$ & $-0.109442$ & $-0.0488988$ & $0.115115$ & $-0.0151605$ \\
eHZgaint & $0.130195$ & $-0.383919$ & $0.35465$ & $0.106274$ & $-0.0796314$ & $0.1449$ & $0.046651$ & $0.0143434$ & $0.0153417$ & $-0.0447006$ & $-0.0385923$ & $-0.0233846$ & $-0.0232037$ & $0.0792992$ & $0.164082$ & $0.09085$ & $-0.00599767$ & $-0.0581827$ & $-0.0119832$ & $0.0535984$ & $0.0151166$ & $0.00348959$ & $-0.117234$ & $-0.0216638$ & $-0.102409$ & $-0.00982852$ & $-0.254146$ & $-0.0435102$ & $0.0132778$ & $0.0654014$ & $-0.0232611$ & $0.050985$ & $0.0426614$ & $-0.160081$ & $-0.203642$ & $-0.0182871$ & $-0.468977$ & $0.057858$ & $0.0222732$ & $-0.0754925$ & $1$ & $0.0779351$ & $-0.10546$ & $-0.0328478$ & $0.496223$ & $-0.256763$ & $-0.220358$ & $-0.445586$ & $0.1312$ \\
eHZgapar & $-0.145306$ & $0.113872$ & $0.0132984$ & $0.0712527$ & $-0.0437112$ & $-0.00548874$ & $-0.0835169$ & $0.0225714$ & $0.00825386$ & $-0.0150929$ & $-0.0105116$ & $0.0262344$ & $0.0578681$ & $-0.0066466$ & $-0.0205829$ & $-0.012051$ & $-0.0261536$ & $-0.00669103$ & $-0.0140049$ & $0.00940647$ & $0.014268$ & $0.0118413$ & $0.071781$ & $-0.0413985$ & $-0.00758529$ & $-0.0458061$ & $0.031784$ & $0.00976692$ & $0.00703423$ & $-0.00616947$ & $-0.000740507$ & $-0.0939917$ & $0.0225368$ & $0.0351321$ & $-0.0791455$ & $-0.090115$ & $-0.0612641$ & $0.116098$ & $0.0401429$ & $-0.0480388$ & $0.0779351$ & $1$ & $-0.163006$ & $-0.0641842$ & $0.285753$ & $-0.0548016$ & $0.0569453$ & $-0.0499799$ & $0.232571$ \\
eHgagaint & $0.0736402$ & $0.336663$ & $-0.252323$ & $0.205274$ & $0.0182122$ & $-0.0225918$ & $-0.0363594$ & $-0.038587$ & $-0.00623048$ & $0.0284076$ & $0.0728997$ & $0.0304881$ & $-0.00267543$ & $-0.0795215$ & $-0.0290152$ & $-0.0993056$ & $-0.0607956$ & $-0.0510986$ & $0.00886073$ & $-0.0758352$ & $-0.0636417$ & $-0.061364$ & $0.0078678$ & $-0.0123673$ & $0.0219289$ & $0.0926548$ & $0.115259$ & $0.0493898$ & $0.0353076$ & $-0.00154304$ & $-0.0968913$ & $-0.0304658$ & $-0.0280894$ & $0.000713115$ & $0.28159$ & $0.298445$ & $0.241616$ & $-0.102629$ & $-0.114691$ & $-0.0975397$ & $-0.10546$ & $-0.163006$ & $1$ & $0.184963$ & $-0.0949644$ & $0.284232$ & $-0.517519$ & $-0.0841593$ & $-0.0842803$ \\
eHmumuint & $-0.199956$ & $0.321168$ & $-0.558201$ & $-0.0394372$ & $-0.00678248$ & $0.00075274$ & $0.0993653$ & $0.00648458$ & $0.0119756$ & $-0.0120182$ & $-0.0284493$ & $-0.11643$ & $-0.0907544$ & $0.0405216$ & $-0.0925197$ & $-0.0597934$ & $0.0581611$ & $0.093399$ & $0.0778186$ & $0.0154068$ & $0.0427269$ & $0.0539673$ & $0.0560408$ & $0.0257528$ & $0.131258$ & $-0.0311107$ & $0.165245$ & $0.0454244$ & $0.0183969$ & $-0.0354917$ & $0.010315$ & $0.0928744$ & $0.0382656$ & $0.0996281$ & $0.0688445$ & $0.293646$ & $-0.349103$ & $-0.152955$ & $0.361351$ & $0.060847$ & $-0.0328478$ & $-0.0641842$ & $0.184963$ & $1$ & $-0.0676569$ & $0.0296203$ & $-0.0456253$ & $-0.00421415$ & $0.450058$ \\
eHtautauint & $0.0565857$ & $-0.185007$ & $0.0429159$ & $0.207811$ & $-0.0648708$ & $0.0481949$ & $-0.19853$ & $0.12651$ & $0.120094$ & $-0.0416442$ & $-0.0759398$ & $0.130582$ & $0.121887$ & $-0.0390226$ & $0.036424$ & $-0.031077$ & $-0.0945323$ & $-0.110223$ & $-0.0636951$ & $0.0676499$ & $0.0800501$ & $0.0712825$ & $0.0123464$ & $-0.157673$ & $-0.106173$ & $-0.0832832$ & $0.0265773$ & $-0.00316909$ & $0.0566558$ & $0.13801$ & $-0.00823908$ & $-0.200532$ & $0.151257$ & $0.056072$ & $-0.420119$ & $-0.0590836$ & $-0.335664$ & $-0.0229535$ & $-0.250607$ & $-0.204388$ & $0.496223$ & $0.285753$ & $-0.0949644$ & $-0.0676569$ & $1$ & $-0.344406$ & $0.0833689$ & $-0.244997$ & $0.345429$ \\
eHccint & $0.228415$ & $0.129408$ & $-0.022148$ & $-0.222262$ & $0.0202964$ & $-0.0224645$ & $0.0741222$ & $-0.107104$ & $-0.0942565$ & $0.0663047$ & $0.0579894$ & $-0.0845924$ & $-0.0944225$ & $0.0726055$ & $-0.0197895$ & $0.057361$ & $0.0653337$ & $0.100193$ & $0.0418686$ & $-0.0511139$ & $-0.0658469$ & $-0.0557076$ & $0.0121385$ & $0.136744$ & $0.0721594$ & $0.0258955$ & $-0.0593384$ & $-0.0423383$ & $-0.015319$ & $-0.11626$ & $-0.0906628$ & $0.0682241$ & $-0.0501889$ & $-0.0684369$ & $0.00598232$ & $0.264859$ & $-0.0406872$ & $-0.0547445$ & $0.329512$ & $-0.109442$ & $-0.256763$ & $-0.0548016$ & $0.284232$ & $0.0296203$ & $-0.344406$ & $1$ & $-0.377948$ & $-0.0549487$ & $0.183037$ \\
eHccpar & $0.0566522$ & $-0.146465$ & $-0.0219809$ & $0.0953967$ & $0.0283039$ & $-0.0262309$ & $-0.0885039$ & $0.0180386$ & $-0.00179967$ & $0.0185851$ & $-0.00611976$ & $0.102985$ & $0.104963$ & $-0.039295$ & $-0.0204913$ & $-0.029578$ & $0.00559277$ & $-0.00998994$ & $-0.00794923$ & $-0.000852209$ & $0.0100212$ & $0.00142417$ & $-0.0329105$ & $-0.0434122$ & $-0.0309484$ & $0.0201406$ & $0.00215856$ & $-0.0395658$ & $0.0335426$ & $0.0459946$ & $0.151689$ & $-0.0874462$ & $0.0479595$ & $0.039318$ & $-0.108274$ & $-0.127272$ & $0.0600587$ & $-0.0777954$ & $-0.120764$ & $-0.0488988$ & $-0.220358$ & $0.0569453$ & $-0.517519$ & $-0.0456253$ & $0.0833689$ & $-0.377948$ & $1$ & $0.211443$ & $-0.0512992$ \\
eHbbint & $-0.210812$ & $0.166362$ & $-0.168248$ & $0.170933$ & $0.0187004$ & $-0.0256739$ & $-0.0437734$ & $-0.100578$ & $-0.111307$ & $0.023863$ & $0.104953$ & $0.0362188$ & $0.0390552$ & $-0.07284$ & $0.00386955$ & $0.00763955$ & $0.00452755$ & $-0.0137464$ & $-0.0133701$ & $-0.0987304$ & $-0.11055$ & $-0.100797$ & $-0.0606541$ & $0.0759761$ & $-0.0451616$ & $0.0869323$ & $-0.114452$ & $0.0187518$ & $-0.000211256$ & $-0.0121527$ & $-0.000152714$ & $-0.0427225$ & $0.0218969$ & $-0.0637598$ & $-0.0151432$ & $0.00559596$ & $0.328052$ & $0.0409128$ & $-0.198361$ & $0.115115$ & $-0.445586$ & $-0.0499799$ & $-0.0841593$ & $-0.00421415$ & $-0.244997$ & $-0.0549487$ & $0.211443$ & $1$ & $-0.164798$ \\
eHbbpar & $-0.0384396$ & $0.166827$ & $-0.209473$ & $-0.307179$ & $-0.0665145$ & $0.00636516$ & $-0.0395093$ & $0.0214259$ & $0.0192573$ & $-0.00112764$ & $-0.0197557$ & $-0.0974988$ & $-0.0815983$ & $0.0169511$ & $-0.104887$ & $-0.0713606$ & $0.00504356$ & $0.0611694$ & $0.0401635$ & $0.00441766$ & $0.033195$ & $0.0405639$ & $0.0909881$ & $-0.0152627$ & $0.0665504$ & $-0.0644547$ & $0.143049$ & $0.0359005$ & $0.0744169$ & $-0.0523011$ & $-0.0519832$ & $-0.0663474$ & $0.0973261$ & $0.109769$ & $-0.370312$ & $0.0329789$ & $-0.449848$ & $-0.0576673$ & $0.294276$ & $-0.0151605$ & $0.1312$ & $0.232571$ & $-0.0842803$ & $0.450058$ & $0.345429$ & $0.183037$ & $-0.0512992$ & $-0.164798$ & $1$ \\
