 & AlsMz & dAle5Mz & mtop & mHl & Mz & CW & CHG & CHWB & CHWHB_gaga & CHWHB_gagaorth & CHD & CHbox & CH & CHL1_11 & CHL1_22 & CHL1_33 & CHL3_11 & CHL3_22 & CHL3_33 & CHe_11 & CHe_22 & CHe_33 & CHQ1_11 & CHQ1_33 & CHQ3_11 & CHu_11 & CHd_11 & CHd_33 & CeH_22r & CeH_33r & CuH_22r & CuH_33r & CdH_33r & CLL_1221 & eHggint & eHggpar & eHWWint & eHWWpar & eHZZint & eHZZpar & eHZgaint & eHZgapar & eHgagaint & eHmumuint & eHtautauint & eHccint & eHccpar & eHbbint & eHbbpar \\
AlsMz & $1$ & $0.141844$ & $0.0408942$ & $-0.0238875$ & $-0.00636913$ & $-0.00398905$ & $-0.0122014$ & $0.00432256$ & $0.00993269$ & $0.012244$ & $-0.0110245$ & $0.0346617$ & $0.0179495$ & $-0.00753819$ & $0.000708292$ & $-0.0126878$ & $-0.000447821$ & $-0.0064542$ & $0.00388549$ & $0.0057045$ & $0.00794164$ & $0.00728284$ & $-0.0177129$ & $-0.0661924$ & $-0.109264$ & $-0.0222323$ & $-0.0192317$ & $0.0159812$ & $-0.0113361$ & $-0.00668053$ & $0.0121308$ & $0.00777195$ & $-0.0957542$ & $0.0111887$ & $0.182988$ & $0.101468$ & $-0.0080948$ & $-0.00427662$ & $-0.11118$ & $0.0192339$ & $-0.0309091$ & $0.00274081$ & $0.166169$ & $0.0713559$ & $0.0164513$ & $-0.0121937$ & $0.0549153$ & $0.00217475$ & $-0.198835$ \\
dAle5Mz & $0.141844$ & $1$ & $-0.11014$ & $0.0854317$ & $0.00401543$ & $0.0133193$ & $0.0128253$ & $-0.0803993$ & $-0.0738638$ & $0.0312839$ & $0.0478364$ & $0.00647868$ & $-0.0408331$ & $0.00769887$ & $-0.00651281$ & $-0.00929763$ & $0.045065$ & $0.0366019$ & $0.0418934$ & $-0.0270338$ & $-0.0286868$ & $-0.0253488$ & $0.0153991$ & $0.0376877$ & $0.0263555$ & $-0.00263324$ & $-0.0177634$ & $-0.0124195$ & $-0.00575227$ & $0.0084886$ & $-0.073636$ & $0.0157972$ & $0.00600328$ & $-0.00263852$ & $0.0150684$ & $-0.00428166$ & $-0.0819014$ & $-0.0136135$ & $0.108174$ & $-0.00581268$ & $0.0568916$ & $0.00953432$ & $0.0876536$ & $0.037828$ & $0.166251$ & $0.0353473$ & $-0.211246$ & $0.0186464$ & $0.0151052$ \\
mtop & $0.0408942$ & $-0.11014$ & $1$ & $0.145095$ & $0.0164568$ & $0.00938597$ & $0.0106106$ & $0.0354931$ & $0.0402979$ & $-0.0319911$ & $-0.0165702$ & $-0.0272583$ & $0.0231756$ & $-0.00203565$ & $0.00755706$ & $-0.000633049$ & $-0.0235208$ & $-0.0244813$ & $-0.0175965$ & $0.0198562$ & $0.0228259$ & $0.0235581$ & $-0.00817147$ & $-0.0228098$ & $-0.0161277$ & $0.000352859$ & $0.0272563$ & $0.0269825$ & $-0.00617682$ & $0.00146171$ & $0.00882088$ & $-0.0029933$ & $-0.00658856$ & $0.015341$ & $-0.11289$ & $-0.115813$ & $0.100275$ & $0.0115631$ & $0.0188328$ & $-0.0132005$ & $-0.0224157$ & $0.0176031$ & $0.0800044$ & $0.00447817$ & $-0.0661655$ & $-0.0756737$ & $0.0657511$ & $-0.0387982$ & $0.0103081$ \\
mHl & $-0.0238875$ & $0.0854317$ & $0.145095$ & $1$ & $0.0130123$ & $0.0205723$ & $0.000783818$ & $-0.0204921$ & $-0.0182883$ & $0.00450904$ & $0.0149152$ & $-0.00966545$ & $0.00245868$ & $0.00517905$ & $0.0248512$ & $0.0228985$ & $0.00574184$ & $-0.00432859$ & $-0.00274725$ & $-0.00811248$ & $-0.0160626$ & $-0.0155014$ & $-0.0104852$ & $0.0193192$ & $-0.00843563$ & $0.0052006$ & $-0.0473559$ & $0.00559275$ & $0.00478175$ & $-0.0025494$ & $0.0219921$ & $-0.0178871$ & $-0.00810171$ & $-0.0330021$ & $-0.178327$ & $-0.0473466$ & $0.0678319$ & $-0.0107487$ & $-0.0840988$ & $0.025876$ & $-0.110493$ & $-0.0107584$ & $-0.00434799$ & $0.0517631$ & $-0.123456$ & $-0.136111$ & $0.0673577$ & $-0.119666$ & $0.0242517$ \\
Mz & $-0.00636913$ & $0.00401543$ & $0.0164568$ & $0.0130123$ & $1$ & $-0.000463107$ & $-0.00888459$ & $0.00413694$ & $0.00254229$ & $-0.00425254$ & $0.00479066$ & $-0.00541019$ & $0.00377713$ & $0.00273372$ & $0.00400583$ & $0.0101026$ & $-0.00172469$ & $-0.00353819$ & $-0.0082261$ & $0.00379935$ & $0.00467171$ & $0.00506731$ & $-0.00232125$ & $-0.000305487$ & $-0.00456673$ & $-0.00277002$ & $-0.0015151$ & $-0.000270702$ & $-0.00183259$ & $0.00215902$ & $-0.00357564$ & $-0.00731228$ & $0.00822799$ & $-0.000668497$ & $-0.0104027$ & $0.00255506$ & $-0.00297417$ & $-0.00234877$ & $-0.0114669$ & $-0.001227$ & $0.00621599$ & $0.000614855$ & $-0.00345377$ & $-0.00311282$ & $0.00469746$ & $-0.00871816$ & $-0.0105193$ & $-0.00307727$ & $0.0110081$ \\
CW & $-0.00398905$ & $0.0133193$ & $0.00938597$ & $0.0205723$ & $-0.000463107$ & $1$ & $0.00678008$ & $-0.123674$ & $-0.119434$ & $0.0166856$ & $0.180953$ & $0.0490401$ & $0.00492293$ & $0.0239722$ & $-0.0766438$ & $-0.0721733$ & $-0.253325$ & $-0.0458806$ & $-0.0485505$ & $-0.177249$ & $-0.183735$ & $-0.181667$ & $-0.017702$ & $0.00413149$ & $-0.0847315$ & $0.11134$ & $-0.0809631$ & $-0.0631767$ & $0.00428238$ & $-0.00605827$ & $-0.00576875$ & $0.0047609$ & $-0.0035318$ & $-0.121723$ & $-0.00891196$ & $-0.0103018$ & $0.00397271$ & $-0.00434244$ & $-0.000717765$ & $0.0100171$ & $-0.00433799$ & $0.00622189$ & $0.0040978$ & $-0.000643666$ & $-0.00393661$ & $0.0016589$ & $-0.000780724$ & $-0.00501256$ & $0.0122036$ \\
CHG & $-0.0122014$ & $0.0128253$ & $0.0106106$ & $0.000783818$ & $-0.00888459$ & $0.00678008$ & $1$ & $-0.116063$ & $-0.0642343$ & $0.0737598$ & $0.0696891$ & $-0.0515781$ & $-0.307579$ & $0.0533887$ & $-0.0294437$ & $-0.0270246$ & $0.0957179$ & $0.10772$ & $0.105333$ & $-0.0678546$ & $-0.0719118$ & $-0.0728059$ & $-0.0122876$ & $0.118996$ & $0.0988779$ & $0.0401346$ & $-0.0513231$ & $-0.0229278$ & $0.00900765$ & $-0.132196$ & $-0.0630599$ & $0.936322$ & $-0.157686$ & $-0.0674286$ & $-0.0573497$ & $-0.0101722$ & $0.0300309$ & $0.0144836$ & $-0.00710861$ & $-0.00665589$ & $-0.0155384$ & $0.00341763$ & $-0.00911777$ & $-0.010683$ & $-0.0040618$ & $-0.00549071$ & $0.014616$ & $-0.00345397$ & $0.00776148$ \\
CHWB & $0.00432256$ & $-0.0803993$ & $0.0354931$ & $-0.0204921$ & $0.00413694$ & $-0.123674$ & $-0.116063$ & $1$ & $0.984094$ & $-0.572902$ & $-0.878077$ & $-0.218663$ & $0.361516$ & $0.0856959$ & $0.296982$ & $0.286876$ & $-0.249459$ & $-0.445523$ & $-0.437759$ & $0.848473$ & $0.895759$ & $0.877969$ & $0.083717$ & $-0.677675$ & $-0.402697$ & $-0.513363$ & $0.436643$ & $0.301595$ & $0.016048$ & $0.116554$ & $0.0602854$ & $-0.106113$ & $0.115316$ & $0.566674$ & $0.00198792$ & $0.0254717$ & $0.0132528$ & $-0.00491003$ & $0.0064981$ & $-0.00283948$ & $0.0205477$ & $0.00110018$ & $0.00314839$ & $0.00763702$ & $0.0302371$ & $-0.0198284$ & $0.00366548$ & $0.0443482$ & $-0.0315379$ \\
CHWHB_gaga & $0.00993269$ & $-0.0738638$ & $0.0402979$ & $-0.0182883$ & $0.00254229$ & $-0.119434$ & $-0.0642343$ & $0.984094$ & $1$ & $-0.562497$ & $-0.860517$ & $-0.195997$ & $0.356458$ & $0.0766793$ & $0.291754$ & $0.28146$ & $-0.252964$ & $-0.445022$ & $-0.436945$ & $0.83167$ & $0.878162$ & $0.860557$ & $0.081167$ & $-0.671437$ & $-0.40347$ & $-0.502886$ & $0.428961$ & $0.294846$ & $0.020928$ & $0.135754$ & $0.0700432$ & $-0.0632673$ & $0.132124$ & $0.558087$ & $-0.00978359$ & $0.0071571$ & $0.0133203$ & $-0.0071413$ & $0.00189508$ & $-0.00445566$ & $0.0162179$ & $0.00358345$ & $0.0585213$ & $0.0105641$ & $0.0279898$ & $-0.0178123$ & $0.00761428$ & $0.0385778$ & $-0.0351938$ \\
CHWHB_gagaorth & $0.012244$ & $0.0312839$ & $-0.0319911$ & $0.00450904$ & $-0.00425254$ & $0.0166856$ & $0.0737598$ & $-0.572902$ & $-0.562497$ & $1$ & $0.353066$ & $0.59164$ & $-0.257863$ & $0.244708$ & $-0.113971$ & $-0.110602$ & $0.44228$ & $0.496485$ & $0.489863$ & $-0.337999$ & $-0.371487$ & $-0.365873$ & $-0.0619773$ & $0.563819$ & $0.477828$ & $0.214457$ & $-0.254638$ & $-0.122841$ & $-0.0143795$ & $-0.132429$ & $-0.0656346$ & $0.0880509$ & $-0.133422$ & $-0.36322$ & $0.0420149$ & $-0.000205769$ & $-0.024464$ & $0.00574819$ & $-0.0187014$ & $0.00147811$ & $-0.072761$ & $0.00165329$ & $-0.0110604$ & $-0.00231825$ & $-0.0236145$ & $0.00970369$ & $0.0107569$ & $-0.023647$ & $0.0197748$ \\
CHD & $-0.0110245$ & $0.0478364$ & $-0.0165702$ & $0.0149152$ & $0.00479066$ & $0.180953$ & $0.0696891$ & $-0.878077$ & $-0.860517$ & $0.353066$ & $1$ & $0.267768$ & $-0.178182$ & $-0.505077$ & $-0.42674$ & $-0.408619$ & $-0.209554$ & $0.0779362$ & $0.0699494$ & $-0.990289$ & $-0.991216$ & $-0.969917$ & $-0.0271152$ & $0.311444$ & $0.0217158$ & $0.570321$ & $-0.301162$ & $-0.334315$ & $-0.00700453$ & $-0.068229$ & $-0.0402909$ & $0.0711532$ & $-0.0702598$ & $-0.365283$ & $0.00592351$ & $-0.0120059$ & $0.00214847$ & $0.00328294$ & $-0.00374078$ & $0.00291462$ & $-0.0123574$ & $0.00212903$ & $0.00792804$ & $-0.0175484$ & $-0.0186466$ & $0.00592158$ & $-0.000174475$ & $-0.0450689$ & $0.0195143$ \\
CHbox & $0.0346617$ & $0.00647868$ & $-0.0272583$ & $-0.00966545$ & $-0.00541019$ & $0.0490401$ & $-0.0515781$ & $-0.218663$ & $-0.195997$ & $0.59164$ & $0.267768$ & $1$ & $0.144059$ & $-0.184132$ & $-0.0324089$ & $-0.0248161$ & $-0.11054$ & $-0.0624667$ & $-0.0675226$ & $-0.246717$ & $-0.276879$ & $-0.270708$ & $-0.0337509$ & $0.0678151$ & $-0.069208$ & $0.162185$ & $-0.148235$ & $-0.0916779$ & $0.0333971$ & $0.230174$ & $0.0477759$ & $0.0355095$ & $0.243904$ & $-0.157342$ & $0.106776$ & $0.0448066$ & $-0.0322228$ & $0.000229123$ & $-0.0180696$ & $-0.00543813$ & $-0.0517811$ & $0.00184709$ & $-0.00514213$ & $-0.0123245$ & $-0.00936824$ & $-0.00587472$ & $0.00711134$ & $-0.034842$ & $-0.0110338$ \\
CH & $0.0179495$ & $-0.0408331$ & $0.0231756$ & $0.00245868$ & $0.00377713$ & $0.00492293$ & $-0.307579$ & $0.361516$ & $0.356458$ & $-0.257863$ & $-0.178182$ & $0.144059$ & $1$ & $-0.246469$ & $0.0751255$ & $0.0761097$ & $-0.371161$ & $-0.396601$ & $-0.394062$ & $0.172932$ & $0.188373$ & $0.187183$ & $0.027937$ & $-0.407319$ & $-0.387781$ & $-0.106022$ & $0.140516$ & $0.0498134$ & $0.0481569$ & $0.27488$ & $0.109645$ & $-0.255658$ & $0.311726$ & $0.223213$ & $0.0491178$ & $0.0297174$ & $0.00336916$ & $-0.00169775$ & $0.0049051$ & $-0.000321087$ & $0.00709972$ & $0.00409376$ & $0.00203189$ & $0.00550751$ & $0.0173823$ & $-0.0166045$ & $-0.00970626$ & $-0.0146649$ & $-0.0211177$ \\
CHL1_11 & $-0.00753819$ & $0.00769887$ & $-0.00203565$ & $0.00517905$ & $0.00273372$ & $0.0239722$ & $0.0533887$ & $0.0856959$ & $0.0766793$ & $0.244708$ & $-0.505077$ & $-0.184132$ & $-0.246469$ & $1$ & $0.281619$ & $0.263569$ & $0.667416$ & $0.597615$ & $0.59986$ & $0.524472$ & $0.464929$ & $0.451056$ & $-0.0794569$ & $0.478385$ & $0.604234$ & $-0.265894$ & $-0.103445$ & $0.156564$ & $-0.0118652$ & $-0.0604481$ & $-0.018299$ & $0.0327717$ & $-0.0516221$ & $-0.227492$ & $-0.0239946$ & $-0.0191477$ & $-0.0206332$ & $-0.000401743$ & $-0.0018694$ & $0.00244657$ & $-0.013407$ & $-0.00242055$ & $-0.0250735$ & $0.0211518$ & $-0.0122127$ & $0.0207472$ & $0.0031467$ & $0.0180615$ & $0.0181115$ \\
CHL1_22 & $0.000708292$ & $-0.00651281$ & $0.00755706$ & $0.0248512$ & $0.00400583$ & $-0.0766438$ & $-0.0294437$ & $0.296982$ & $0.291754$ & $-0.113971$ & $-0.42674$ & $-0.0324089$ & $0.0751255$ & $0.281619$ & $1$ & $0.443109$ & $0.173056$ & $-0.439128$ & $-0.0228274$ & $0.492714$ & $0.343725$ & $0.333652$ & $-0.167435$ & $0.106999$ & $-0.125434$ & $-0.201866$ & $-0.387746$ & $0.110018$ & $0.010006$ & $0.0336574$ & $0.0238162$ & $-0.026513$ & $0.035027$ & $-0.589129$ & $0.00305709$ & $-0.0145474$ & $-0.0189827$ & $-0.00792966$ & $-0.0125314$ & $-0.00412934$ & $-0.00895024$ & $-0.00294772$ & $-0.000539784$ & $-0.00717984$ & $-0.0339292$ & $0.0163057$ & $0.0091905$ & $-0.0290065$ & $0.00687904$ \\
CHL1_33 & $-0.0126878$ & $-0.00929763$ & $-0.000633049$ & $0.0228985$ & $0.0101026$ & $-0.0721733$ & $-0.0270246$ & $0.286876$ & $0.28146$ & $-0.110602$ & $-0.408619$ & $-0.0248161$ & $0.0761097$ & $0.263569$ & $0.443109$ & $1$ & $0.159223$ & $-0.0259721$ & $-0.435922$ & $0.473815$ & $0.327738$ & $0.345838$ & $-0.16858$ & $0.107414$ & $-0.129522$ & $-0.188582$ & $-0.383401$ & $0.103381$ & $0.00920216$ & $0.0298878$ & $0.013006$ & $-0.024677$ & $0.0425331$ & $-0.101133$ & $0.00111178$ & $-0.0319826$ & $-0.0121528$ & $-0.00359476$ & $-0.00823315$ & $-0.0050304$ & $-0.0100266$ & $-0.00703743$ & $-0.00820609$ & $-0.00413246$ & $-0.0360792$ & $0.0248038$ & $-0.00212355$ & $-0.0252411$ & $0.0211828$ \\
CHL3_11 & $-0.000447821$ & $0.045065$ & $-0.0235208$ & $0.00574184$ & $-0.00172469$ & $-0.253325$ & $0.0957179$ & $-0.249459$ & $-0.252964$ & $0.44228$ & $-0.209554$ & $-0.11054$ & $-0.371161$ & $0.667416$ & $0.173056$ & $0.159223$ & $1$ & $0.737958$ & $0.738725$ & $0.233561$ & $0.176177$ & $0.169963$ & $-0.0721305$ & $0.683051$ & $0.778415$ & $-0.107449$ & $-0.17156$ & $0.0648467$ & $-0.0195654$ & $-0.100735$ & $-0.0421907$ & $0.0712172$ & $-0.094526$ & $-0.266223$ & $-0.0196617$ & $-0.0265658$ & $-0.0255688$ & $0.00505009$ & $-0.00310784$ & $-0.00214595$ & $-0.0118953$ & $-0.00897522$ & $-0.0230818$ & $0.0210592$ & $-0.0230182$ & $0.0197229$ & $-0.00739729$ & $0.00862717$ & $0.0220913$ \\
CHL3_22 & $-0.0064542$ & $0.0366019$ & $-0.0244813$ & $-0.00432859$ & $-0.00353819$ & $-0.0458806$ & $0.10772$ & $-0.445523$ & $-0.445022$ & $0.496485$ & $0.0779362$ & $-0.0624667$ & $-0.396601$ & $0.597615$ & $-0.439128$ & $-0.0259721$ & $0.737958$ & $1$ & $0.676626$ & $-0.0792424$ & $-0.0739467$ & $-0.0709265$ & $-0.00317473$ & $0.631893$ & $0.79538$ & $0.0423885$ & $-0.0209351$ & $-0.0197849$ & $-0.0230755$ & $-0.115515$ & $-0.0537518$ & $0.0837683$ & $-0.107958$ & $0.0157026$ & $-0.0211056$ & $-0.0204108$ & $-0.0130041$ & $0.00897249$ & $0.00138378$ & $0.00299413$ & $-0.0115874$ & $-0.00469523$ & $-0.0241494$ & $0.0211144$ & $-0.00594836$ & $0.0150374$ & $-0.00767914$ & $0.0170395$ & $0.0227414$ \\
CHL3_33 & $0.00388549$ & $0.0418934$ & $-0.0175965$ & $-0.00274725$ & $-0.0082261$ & $-0.0485505$ & $0.105333$ & $-0.437759$ & $-0.436945$ & $0.489863$ & $0.0699494$ & $-0.0675226$ & $-0.394062$ & $0.59986$ & $-0.0228274$ & $-0.435922$ & $0.738725$ & $0.676626$ & $1$ & $-0.0715477$ & $-0.0650795$ & $-0.0626351$ & $0.00288008$ & $0.62334$ & $0.796218$ & $0.0347911$ & $-0.0128965$ & $-0.0168748$ & $-0.0222141$ & $-0.11218$ & $-0.0446953$ & $0.0818616$ & $-0.112191$ & $-0.352122$ & $-0.0211314$ & $-0.00720459$ & $-0.0183025$ & $0.0038958$ & $-0.00218048$ & $0.00342608$ & $-0.0107394$ & $-0.00244209$ & $-0.0185965$ & $0.0189315$ & $-0.00403956$ & $0.00982321$ & $0.000176767$ & $0.0151974$ & $0.0119118$ \\
CHe_11 & $0.0057045$ & $-0.0270338$ & $0.0198562$ & $-0.00811248$ & $0.00379935$ & $-0.177249$ & $-0.0678546$ & $0.848473$ & $0.83167$ & $-0.337999$ & $-0.990289$ & $-0.246717$ & $0.172932$ & $0.524472$ & $0.492714$ & $0.473815$ & $0.233561$ & $-0.0792424$ & $-0.0715477$ & $1$ & $0.97252$ & $0.952181$ & $0.000911344$ & $-0.256356$ & $-0.0145236$ & $-0.55968$ & $0.225555$ & $0.326348$ & $0.00754984$ & $0.0675874$ & $0.0378858$ & $-0.06888$ & $0.0710326$ & $0.285288$ & $-0.0066477$ & $0.00753835$ & $-0.00484868$ & $-0.00334265$ & $0.00388558$ & $-0.00348294$ & $0.0116832$ & $-0.00265647$ & $-0.00759966$ & $0.0154759$ & $0.0158453$ & $-0.00266977$ & $-0.00392507$ & $0.0374061$ & $-0.0143133$ \\
CHe_22 & $0.00794164$ & $-0.0286868$ & $0.0228259$ & $-0.0160626$ & $0.00467171$ & $-0.183735$ & $-0.0719118$ & $0.895759$ & $0.878162$ & $-0.371487$ & $-0.991216$ & $-0.276879$ & $0.188373$ & $0.464929$ & $0.343725$ & $0.327738$ & $0.176177$ & $-0.0739467$ & $-0.0650795$ & $0.97252$ & $1$ & $0.975084$ & $0.0564108$ & $-0.36703$ & $-0.0274603$ & $-0.573528$ & $0.381937$ & $0.337554$ & $0.00637142$ & $0.0705446$ & $0.0389078$ & $-0.0734932$ & $0.0724674$ & $0.450868$ & $-0.00821415$ & $0.0154119$ & $-6.26803e-05$ & $-0.00304952$ & $0.00927169$ & $-0.00316624$ & $0.0163532$ & $-0.00145804$ & $-0.00587678$ & $0.0193922$ & $0.0284949$ & $-0.0102432$ & $-0.00531579$ & $0.0517268$ & $-0.0211212$ \\
CHe_33 & $0.00728284$ & $-0.0253488$ & $0.0235581$ & $-0.0155014$ & $0.00506731$ & $-0.181667$ & $-0.0728059$ & $0.877969$ & $0.860557$ & $-0.365873$ & $-0.969917$ & $-0.270708$ & $0.187183$ & $0.451056$ & $0.333652$ & $0.345838$ & $0.169963$ & $-0.0709265$ & $-0.0626351$ & $0.952181$ & $0.975084$ & $1$ & $0.0587804$ & $-0.360226$ & $-0.026529$ & $-0.563284$ & $0.376566$ & $0.329239$ & $0.00695896$ & $0.0690486$ & $0.0401745$ & $-0.0739623$ & $0.0730577$ & $0.447535$ & $-0.00798199$ & $0.0134698$ & $-0.00319315$ & $-0.00332142$ & $0.00819583$ & $-0.00357779$ & $0.0162831$ & $-0.00123085$ & $-0.00681861$ & $0.0171031$ & $0.0304529$ & $-0.00557706$ & $-0.00729995$ & $0.050556$ & $-0.0196579$ \\
CHQ1_11 & $-0.0177129$ & $0.0153991$ & $-0.00817147$ & $-0.0104852$ & $-0.00232125$ & $-0.017702$ & $-0.0122876$ & $0.083717$ & $0.081167$ & $-0.0619773$ & $-0.0271152$ & $-0.0337509$ & $0.027937$ & $-0.0794569$ & $-0.167435$ & $-0.16858$ & $-0.0721305$ & $-0.00317473$ & $0.00288008$ & $0.000911344$ & $0.0564108$ & $0.0587804$ & $1$ & $-0.147801$ & $0.0791809$ & $-0.681119$ & $0.358366$ & $0.0280347$ & $-0.0050848$ & $0.0054927$ & $-0.00155427$ & $-0.0110139$ & $0.00880013$ & $0.213102$ & $-0.000450613$ & $0.0191323$ & $-0.0015346$ & $0.00687653$ & $0.006984$ & $0.00547743$ & $0.0108964$ & $0.00154959$ & $-0.00080447$ & $-0.00358882$ & $0.0205588$ & $-0.0310802$ & $-0.00547352$ & $0.0246436$ & $-0.00419873$ \\
CHQ1_33 & $-0.0661924$ & $0.0376877$ & $-0.0228098$ & $0.0193192$ & $-0.000305487$ & $0.00413149$ & $0.118996$ & $-0.677675$ & $-0.671437$ & $0.563819$ & $0.311444$ & $0.0678151$ & $-0.407319$ & $0.478385$ & $0.106999$ & $0.107414$ & $0.683051$ & $0.631893$ & $0.62334$ & $-0.256356$ & $-0.36703$ & $-0.360226$ & $-0.147801$ & $1$ & $0.645753$ & $0.208053$ & $-0.434206$ & $-0.0297051$ & $-0.0179552$ & $-0.118588$ & $-0.0545996$ & $0.0978479$ & $-0.10817$ & $-0.636742$ & $-0.027319$ & $-0.0393223$ & $-0.0222149$ & $0.00370381$ & $-0.00450621$ & $-0.00198757$ & $-0.0219371$ & $-0.00271557$ & $-0.0246965$ & $-0.00313339$ & $-0.0375878$ & $0.0240129$ & $-0.00430747$ & $-0.0289742$ & $0.049469$ \\
CHQ3_11 & $-0.109264$ & $0.0263555$ & $-0.0161277$ & $-0.00843563$ & $-0.00456673$ & $-0.0847315$ & $0.0988779$ & $-0.402697$ & $-0.40347$ & $0.477828$ & $0.0217158$ & $-0.069208$ & $-0.387781$ & $0.604234$ & $-0.125434$ & $-0.129522$ & $0.778415$ & $0.79538$ & $0.796218$ & $-0.0145236$ & $-0.0274603$ & $-0.026529$ & $0.0791809$ & $0.645753$ & $1$ & $0.0167558$ & $0.195768$ & $-0.0084748$ & $-0.0270314$ & $-0.10857$ & $-0.0521675$ & $0.0720696$ & $-0.10003$ & $-0.209081$ & $-0.0425517$ & $-0.0135572$ & $-0.0136101$ & $0.0150571$ & $0.0250203$ & $0.00298584$ & $0.00103128$ & $-0.00501055$ & $-0.0398056$ & $0.0143876$ & $0.0218808$ & $0.0031029$ & $-0.0160453$ & $0.0366819$ & $0.0279286$ \\
CHu_11 & $-0.0222323$ & $-0.00263324$ & $0.000352859$ & $0.0052006$ & $-0.00277002$ & $0.11134$ & $0.0401346$ & $-0.513363$ & $-0.502886$ & $0.214457$ & $0.570321$ & $0.162185$ & $-0.106022$ & $-0.265894$ & $-0.201866$ & $-0.188582$ & $-0.107449$ & $0.0423885$ & $0.0347911$ & $-0.55968$ & $-0.573528$ & $-0.563284$ & $-0.681119$ & $0.208053$ & $0.0167558$ & $1$ & $-0.18918$ & $-0.204933$ & $-0.00170353$ & $-0.0436823$ & $-0.0225568$ & $0.0384611$ & $-0.0451194$ & $-0.257749$ & $-0.00437904$ & $-0.00731679$ & $0.00959146$ & $0.000636228$ & $0.00661812$ & $0.0036578$ & $-0.0131081$ & $0.00166324$ & $-0.00189434$ & $-0.00370552$ & $-0.00291366$ & $0.0175498$ & $-0.00141594$ & $-0.0200799$ & $0.00831284$ \\
CHd_11 & $-0.0192317$ & $-0.0177634$ & $0.0272563$ & $-0.0473559$ & $-0.0015151$ & $-0.0809631$ & $-0.0513231$ & $0.436643$ & $0.428961$ & $-0.254638$ & $-0.301162$ & $-0.148235$ & $0.140516$ & $-0.103445$ & $-0.387746$ & $-0.383401$ & $-0.17156$ & $-0.0209351$ & $-0.0128965$ & $0.225555$ & $0.381937$ & $0.376566$ & $0.358366$ & $-0.434206$ & $0.195768$ & $-0.18918$ & $1$ & $0.116702$ & $-0.00752079$ & $0.0409075$ & $0.0132975$ & $-0.0528488$ & $0.0319074$ & $0.68701$ & $-0.0134243$ & $0.0524077$ & $0.0214036$ & $0.0118354$ & $0.0387091$ & $0.00536644$ & $0.0349174$ & $0.00461772$ & $-0.000358737$ & $0.0157623$ & $0.0995468$ & $-0.0466993$ & $-0.0201942$ & $0.0924338$ & $-0.0412245$ \\
CHd_33 & $0.0159812$ & $-0.0124195$ & $0.0269825$ & $0.00559275$ & $-0.000270702$ & $-0.0631767$ & $-0.0229278$ & $0.301595$ & $0.294846$ & $-0.122841$ & $-0.334315$ & $-0.0916779$ & $0.0498134$ & $0.156564$ & $0.110018$ & $0.103381$ & $0.0648467$ & $-0.0197849$ & $-0.0168748$ & $0.326348$ & $0.337554$ & $0.329239$ & $0.0280347$ & $-0.0297051$ & $-0.0084748$ & $-0.204933$ & $0.116702$ & $1$ & $-0.00427529$ & $0.0289674$ & $0.0136074$ & $-0.0236302$ & $0.027884$ & $0.158662$ & $-0.0152695$ & $-0.00439715$ & $0.00549787$ & $-0.000433438$ & $0.00308226$ & $-0.000407161$ & $0.0121069$ & $-0.000217112$ & $0.0070002$ & $0.00555182$ & $0.00678204$ & $0.00207681$ & $0.0115229$ & $0.0121589$ & $0.0067064$ \\
CeH_22r & $-0.0113361$ & $-0.00575227$ & $-0.00617682$ & $0.00478175$ & $-0.00183259$ & $0.00428238$ & $0.00900765$ & $0.016048$ & $0.020928$ & $-0.0143795$ & $-0.00700453$ & $0.0333971$ & $0.0481569$ & $-0.0118652$ & $0.010006$ & $0.00920216$ & $-0.0195654$ & $-0.0230755$ & $-0.0222141$ & $0.00754984$ & $0.00637142$ & $0.00695896$ & $-0.0050848$ & $-0.0179552$ & $-0.0270314$ & $-0.00170353$ & $-0.00752079$ & $-0.00427529$ & $1$ & $0.0475522$ & $0.0230725$ & $-0.00151248$ & $0.0480262$ & $0.00406492$ & $-0.015033$ & $-0.0209751$ & $0.000725452$ & $-0.00257607$ & $-0.00713894$ & $-0.00280314$ & $-0.00751446$ & $-0.0029634$ & $-0.0154646$ & $0.0051794$ & $-0.0106728$ & $0.0300631$ & $0.00955381$ & $-0.00567588$ & $0.00531115$ \\
CeH_33r & $-0.00668053$ & $0.0084886$ & $0.00146171$ & $-0.0025494$ & $0.00215902$ & $-0.00605827$ & $-0.132196$ & $0.116554$ & $0.135754$ & $-0.132429$ & $-0.068229$ & $0.230174$ & $0.27488$ & $-0.0604481$ & $0.0336574$ & $0.0298878$ & $-0.100735$ & $-0.115515$ & $-0.11218$ & $0.0675874$ & $0.0705446$ & $0.0690486$ & $0.0054927$ & $-0.118588$ & $-0.10857$ & $-0.0436823$ & $0.0409075$ & $0.0289674$ & $0.0475522$ & $1$ & $0.302601$ & $0.0157805$ & $0.63719$ & $0.0648468$ & $-0.0278806$ & $-0.020387$ & $-0.158017$ & $-0.0257243$ & $0.0139898$ & $-0.0069008$ & $0.0150326$ & $-0.000505203$ & $-0.0258553$ & $0.0331876$ & $0.0674564$ & $0.000529614$ & $-0.0208667$ & $0.00467709$ & $-0.0122589$ \\
CuH_22r & $0.0121308$ & $-0.073636$ & $0.00882088$ & $0.0219921$ & $-0.00357564$ & $-0.00576875$ & $-0.0630599$ & $0.0602854$ & $0.0700432$ & $-0.0656346$ & $-0.0402909$ & $0.0477759$ & $0.109645$ & $-0.018299$ & $0.0238162$ & $0.013006$ & $-0.0421907$ & $-0.0537518$ & $-0.0446953$ & $0.0378858$ & $0.0389078$ & $0.0401745$ & $-0.00155427$ & $-0.0545996$ & $-0.0521675$ & $-0.0225568$ & $0.0132975$ & $0.0136074$ & $0.0230725$ & $0.302601$ & $1$ & $0.0219706$ & $0.359857$ & $0.0228933$ & $-0.0365044$ & $-0.0292666$ & $-0.02524$ & $-0.0109811$ & $0.0155694$ & $-0.00374011$ & $-0.063856$ & $-0.00316949$ & $-0.00429795$ & $-0.0264339$ & $-0.0383162$ & $0.0559126$ & $0.332736$ & $0.0257129$ & $0.0349109$ \\
CuH_33r & $0.00777195$ & $0.0157972$ & $-0.0029933$ & $-0.0178871$ & $-0.00731228$ & $0.0047609$ & $0.936322$ & $-0.106113$ & $-0.0632673$ & $0.0880509$ & $0.0711532$ & $0.0355095$ & $-0.255658$ & $0.0327717$ & $-0.026513$ & $-0.024677$ & $0.0712172$ & $0.0837683$ & $0.0818616$ & $-0.06888$ & $-0.0734932$ & $-0.0739623$ & $-0.0110139$ & $0.0978479$ & $0.0720696$ & $0.0384611$ & $-0.0528488$ & $-0.0236302$ & $-0.00151248$ & $0.0157805$ & $0.0219706$ & $1$ & $0.00738621$ & $-0.0625031$ & $0.0229772$ & $0.0395631$ & $-0.0125006$ & $0.0104602$ & $0.00819008$ & $-0.00669163$ & $-0.0172688$ & $0.00335679$ & $-0.00866745$ & $-0.00479004$ & $-0.000447714$ & $-0.0158641$ & $0.0091486$ & $-0.0137245$ & $-0.000847691$ \\
CdH_33r & $-0.0957542$ & $0.00600328$ & $-0.00658856$ & $-0.00810171$ & $0.00822799$ & $-0.0035318$ & $-0.157686$ & $0.115316$ & $0.132124$ & $-0.133422$ & $-0.0702598$ & $0.243904$ & $0.311726$ & $-0.0516221$ & $0.035027$ & $0.0425331$ & $-0.094526$ & $-0.107958$ & $-0.112191$ & $0.0710326$ & $0.0724674$ & $0.0730577$ & $0.00880013$ & $-0.10817$ & $-0.10003$ & $-0.0451194$ & $0.0319074$ & $0.027884$ & $0.0480262$ & $0.63719$ & $0.359857$ & $0.00738621$ & $1$ & $0.0628663$ & $-0.0853699$ & $-0.0773218$ & $-0.164703$ & $-0.0239516$ & $-0.0278039$ & $-0.0164903$ & $0.00846327$ & $-0.00738527$ & $-0.0910163$ & $-0.103095$ & $-0.0386037$ & $0.0842396$ & $0.0447834$ & $0.166831$ & $0.482245$ \\
CLL_1221 & $0.0111887$ & $-0.00263852$ & $0.015341$ & $-0.0330021$ & $-0.000668497$ & $-0.121723$ & $-0.0674286$ & $0.566674$ & $0.558087$ & $-0.36322$ & $-0.365283$ & $-0.157342$ & $0.223213$ & $-0.227492$ & $-0.589129$ & $-0.101133$ & $-0.266223$ & $0.0157026$ & $-0.352122$ & $0.285288$ & $0.450868$ & $0.447535$ & $0.213102$ & $-0.636742$ & $-0.209081$ & $-0.257749$ & $0.68701$ & $0.158662$ & $0.00406492$ & $0.0648468$ & $0.0228933$ & $-0.0625031$ & $0.0628663$ & $1$ & $0.00037814$ & $0.0307989$ & $0.0210107$ & $0.00265493$ & $0.0222756$ & $-5.4524e-05$ & $0.0289877$ & $0.00171568$ & $0.00810681$ & $0.0157784$ & $0.0611405$ & $-0.0285016$ & $-0.0190512$ & $0.0628828$ & $-0.0307002$ \\
eHggint & $0.182988$ & $0.0150684$ & $-0.11289$ & $-0.178327$ & $-0.0104027$ & $-0.00891196$ & $-0.0573497$ & $0.00198792$ & $-0.00978359$ & $0.0420149$ & $0.00592351$ & $0.106776$ & $0.0491178$ & $-0.0239946$ & $0.00305709$ & $0.00111178$ & $-0.0196617$ & $-0.0211056$ & $-0.0211314$ & $-0.0066477$ & $-0.00821415$ & $-0.00798199$ & $-0.000450613$ & $-0.027319$ & $-0.0425517$ & $-0.00437904$ & $-0.0134243$ & $-0.0152695$ & $-0.015033$ & $-0.0278806$ & $-0.0365044$ & $0.0229772$ & $-0.0853699$ & $0.00037814$ & $1$ & $0.012509$ & $-0.0967226$ & $0.00366553$ & $0.00729706$ & $-0.00854059$ & $-0.0163303$ & $-0.00160292$ & $0.131442$ & $0.0123742$ & $0.0321438$ & $0.0291297$ & $-0.0786446$ & $-0.114822$ & $-0.104969$ \\
eHggpar & $0.101468$ & $-0.00428166$ & $-0.115813$ & $-0.0473466$ & $0.00255506$ & $-0.0103018$ & $-0.0101722$ & $0.0254717$ & $0.0071571$ & $-0.000205769$ & $-0.0120059$ & $0.0448066$ & $0.0297174$ & $-0.0191477$ & $-0.0145474$ & $-0.0319826$ & $-0.0265658$ & $-0.0204108$ & $-0.00720459$ & $0.00753835$ & $0.0154119$ & $0.0134698$ & $0.0191323$ & $-0.0393223$ & $-0.0135572$ & $-0.00731679$ & $0.0524077$ & $-0.00439715$ & $-0.0209751$ & $-0.020387$ & $-0.0292666$ & $0.0395631$ & $-0.0773218$ & $0.0307989$ & $0.012509$ & $1$ & $-0.000252286$ & $0.0422972$ & $0.0883435$ & $0.0164679$ & $0.0250269$ & $-0.0218112$ & $-0.149872$ & $-0.00446119$ & $0.114036$ & $-0.261792$ & $-0.0416287$ & $0.0195979$ & $-0.126427$ \\
eHWWint & $-0.0080948$ & $-0.0819014$ & $0.100275$ & $0.0678319$ & $-0.00297417$ & $0.00397271$ & $0.0300309$ & $0.0132528$ & $0.0133203$ & $-0.024464$ & $0.00214847$ & $-0.0322228$ & $0.00336916$ & $-0.0206332$ & $-0.0189827$ & $-0.0121528$ & $-0.0255688$ & $-0.0130041$ & $-0.0183025$ & $-0.00484868$ & $-6.26803e-05$ & $-0.00319315$ & $-0.0015346$ & $-0.0222149$ & $-0.0136101$ & $0.00959146$ & $0.0214036$ & $0.00549787$ & $0.000725452$ & $-0.158017$ & $-0.02524$ & $-0.0125006$ & $-0.164703$ & $0.0210107$ & $-0.0967226$ & $-0.000252286$ & $1$ & $-0.00498004$ & $-0.100865$ & $-0.0113918$ & $-0.0448928$ & $0.0341724$ & $0.138412$ & $-0.157691$ & $-0.0452995$ & $-0.00553052$ & $0.157112$ & $0.00808114$ & $0.0277819$ \\
eHWWpar & $-0.00427662$ & $-0.0136135$ & $0.0115631$ & $-0.0107487$ & $-0.00234877$ & $-0.00434244$ & $0.0144836$ & $-0.00491003$ & $-0.0071413$ & $0.00574819$ & $0.00328294$ & $0.000229123$ & $-0.00169775$ & $-0.000401743$ & $-0.00792966$ & $-0.00359476$ & $0.00505009$ & $0.00897249$ & $0.0038958$ & $-0.00334265$ & $-0.00304952$ & $-0.00332142$ & $0.00687653$ & $0.00370381$ & $0.0150571$ & $0.000636228$ & $0.0118354$ & $-0.000433438$ & $-0.00257607$ & $-0.0257243$ & $-0.0109811$ & $0.0104602$ & $-0.0239516$ & $0.00265493$ & $0.00366553$ & $0.0422972$ & $-0.00498004$ & $1$ & $-0.00927464$ & $0.00120669$ & $0.00694328$ & $-0.0127796$ & $-0.00495353$ & $-0.0063681$ & $0.0146943$ & $-0.00965015$ & $0.00178127$ & $0.042026$ & $0.00249746$ \\
eHZZint & $-0.11118$ & $0.108174$ & $0.0188328$ & $-0.0840988$ & $-0.0114669$ & $-0.000717765$ & $-0.00710861$ & $0.0064981$ & $0.00189508$ & $-0.0187014$ & $-0.00374078$ & $-0.0180696$ & $0.0049051$ & $-0.0018694$ & $-0.0125314$ & $-0.00823315$ & $-0.00310784$ & $0.00138378$ & $-0.00218048$ & $0.00388558$ & $0.00927169$ & $0.00819583$ & $0.006984$ & $-0.00450621$ & $0.0250203$ & $0.00661812$ & $0.0387091$ & $0.00308226$ & $-0.00713894$ & $0.0139898$ & $0.0155694$ & $0.00819008$ & $-0.0278039$ & $0.0222756$ & $0.00729706$ & $0.0883435$ & $-0.100865$ & $-0.00927464$ & $1$ & $-0.00310234$ & $0.0196437$ & $-0.02$ & $-0.0228457$ & $-0.0039677$ & $0.021113$ & $-0.0778138$ & $0.0504516$ & $0.172647$ & $-0.126336$ \\
eHZZpar & $0.0192339$ & $-0.00581268$ & $-0.0132005$ & $0.025876$ & $-0.001227$ & $0.0100171$ & $-0.00665589$ & $-0.00283948$ & $-0.00445566$ & $0.00147811$ & $0.00291462$ & $-0.00543813$ & $-0.000321087$ & $0.00244657$ & $-0.00412934$ & $-0.0050304$ & $-0.00214595$ & $0.00299413$ & $0.00342608$ & $-0.00348294$ & $-0.00316624$ & $-0.00357779$ & $0.00547743$ & $-0.00198757$ & $0.00298584$ & $0.0036578$ & $0.00536644$ & $-0.000407161$ & $-0.00280314$ & $-0.0069008$ & $-0.00374011$ & $-0.00669163$ & $-0.0164903$ & $-5.4524e-05$ & $-0.00854059$ & $0.0164679$ & $-0.0113918$ & $0.00120669$ & $-0.00310234$ & $1$ & $-0.00138816$ & $-0.00184235$ & $-0.00492552$ & $-0.016871$ & $0.00513679$ & $0.0100477$ & $-0.00547507$ & $0.0234474$ & $-0.0254336$ \\
eHZgaint & $-0.0309091$ & $0.0568916$ & $-0.0224157$ & $-0.110493$ & $0.00621599$ & $-0.00433799$ & $-0.0155384$ & $0.0205477$ & $0.0162179$ & $-0.072761$ & $-0.0123574$ & $-0.0517811$ & $0.00709972$ & $-0.013407$ & $-0.00895024$ & $-0.0100266$ & $-0.0118953$ & $-0.0115874$ & $-0.0107394$ & $0.0116832$ & $0.0163532$ & $0.0162831$ & $0.0108964$ & $-0.0219371$ & $0.00103128$ & $-0.0131081$ & $0.0349174$ & $0.0121069$ & $-0.00751446$ & $0.0150326$ & $-0.063856$ & $-0.0172688$ & $0.00846327$ & $0.0289877$ & $-0.0163303$ & $0.0250269$ & $-0.0448928$ & $0.00694328$ & $0.0196437$ & $-0.00138816$ & $1$ & $-0.00850484$ & $-0.0512134$ & $0.0528073$ & $0.0746446$ & $-0.0563214$ & $-0.212337$ & $0.0693327$ & $-0.0373601$ \\
eHZgapar & $0.00274081$ & $0.00953432$ & $0.0176031$ & $-0.0107584$ & $0.000614855$ & $0.00622189$ & $0.00341763$ & $0.00110018$ & $0.00358345$ & $0.00165329$ & $0.00212903$ & $0.00184709$ & $0.00409376$ & $-0.00242055$ & $-0.00294772$ & $-0.00703743$ & $-0.00897522$ & $-0.00469523$ & $-0.00244209$ & $-0.00265647$ & $-0.00145804$ & $-0.00123085$ & $0.00154959$ & $-0.00271557$ & $-0.00501055$ & $0.00166324$ & $0.00461772$ & $-0.000217112$ & $-0.0029634$ & $-0.000505203$ & $-0.00316949$ & $0.00335679$ & $-0.00738527$ & $0.00171568$ & $-0.00160292$ & $-0.0218112$ & $0.0341724$ & $-0.0127796$ & $-0.02$ & $-0.00184235$ & $-0.00850484$ & $1$ & $0.0306957$ & $0.018051$ & $0.00914152$ & $0.0440779$ & $-0.00617838$ & $-0.00149221$ & $-0.0085521$ \\
eHgagaint & $0.166169$ & $0.0876536$ & $0.0800044$ & $-0.00434799$ & $-0.00345377$ & $0.0040978$ & $-0.00911777$ & $0.00314839$ & $0.0585213$ & $-0.0110604$ & $0.00792804$ & $-0.00514213$ & $0.00203189$ & $-0.0250735$ & $-0.000539784$ & $-0.00820609$ & $-0.0230818$ & $-0.0241494$ & $-0.0185965$ & $-0.00759966$ & $-0.00587678$ & $-0.00681861$ & $-0.00080447$ & $-0.0246965$ & $-0.0398056$ & $-0.00189434$ & $-0.000358737$ & $0.0070002$ & $-0.0154646$ & $-0.0258553$ & $-0.00429795$ & $-0.00866745$ & $-0.0910163$ & $0.00810681$ & $0.131442$ & $-0.149872$ & $0.138412$ & $-0.00495353$ & $-0.0228457$ & $-0.00492552$ & $-0.0512134$ & $0.0306957$ & $1$ & $0.0208274$ & $-0.0337518$ & $-0.0174109$ & $0.0418765$ & $-0.0815085$ & $-0.118203$ \\
eHmumuint & $0.0713559$ & $0.037828$ & $0.00447817$ & $0.0517631$ & $-0.00311282$ & $-0.000643666$ & $-0.010683$ & $0.00763702$ & $0.0105641$ & $-0.00231825$ & $-0.0175484$ & $-0.0123245$ & $0.00550751$ & $0.0211518$ & $-0.00717984$ & $-0.00413246$ & $0.0210592$ & $0.0211144$ & $0.0189315$ & $0.0154759$ & $0.0193922$ & $0.0171031$ & $-0.00358882$ & $-0.00313339$ & $0.0143876$ & $-0.00370552$ & $0.0157623$ & $0.00555182$ & $0.0051794$ & $0.0331876$ & $-0.0264339$ & $-0.00479004$ & $-0.103095$ & $0.0157784$ & $0.0123742$ & $-0.00446119$ & $-0.157691$ & $-0.0063681$ & $-0.0039677$ & $-0.016871$ & $0.0528073$ & $0.018051$ & $0.0208274$ & $1$ & $0.0330152$ & $-0.000998064$ & $-0.1011$ & $-0.0987472$ & $-0.25907$ \\
eHtautauint & $0.0164513$ & $0.166251$ & $-0.0661655$ & $-0.123456$ & $0.00469746$ & $-0.00393661$ & $-0.0040618$ & $0.0302371$ & $0.0279898$ & $-0.0236145$ & $-0.0186466$ & $-0.00936824$ & $0.0173823$ & $-0.0122127$ & $-0.0339292$ & $-0.0360792$ & $-0.0230182$ & $-0.00594836$ & $-0.00403956$ & $0.0158453$ & $0.0284949$ & $0.0304529$ & $0.0205588$ & $-0.0375878$ & $0.0218808$ & $-0.00291366$ & $0.0995468$ & $0.00678204$ & $-0.0106728$ & $0.0674564$ & $-0.0383162$ & $-0.000447714$ & $-0.0386037$ & $0.0611405$ & $0.0321438$ & $0.114036$ & $-0.0452995$ & $0.0146943$ & $0.021113$ & $0.00513679$ & $0.0746446$ & $0.00914152$ & $-0.0337518$ & $0.0330152$ & $1$ & $-0.106168$ & $-0.108542$ & $0.087334$ & $-0.100612$ \\
eHccint & $-0.0121937$ & $0.0353473$ & $-0.0756737$ & $-0.136111$ & $-0.00871816$ & $0.0016589$ & $-0.00549071$ & $-0.0198284$ & $-0.0178123$ & $0.00970369$ & $0.00592158$ & $-0.00587472$ & $-0.0166045$ & $0.0207472$ & $0.0163057$ & $0.0248038$ & $0.0197229$ & $0.0150374$ & $0.00982321$ & $-0.00266977$ & $-0.0102432$ & $-0.00557706$ & $-0.0310802$ & $0.0240129$ & $0.0031029$ & $0.0175498$ & $-0.0466993$ & $0.00207681$ & $0.0300631$ & $0.000529614$ & $0.0559126$ & $-0.0158641$ & $0.0842396$ & $-0.0285016$ & $0.0291297$ & $-0.261792$ & $-0.00553052$ & $-0.00965015$ & $-0.0778138$ & $0.0100477$ & $-0.0563214$ & $0.0440779$ & $-0.0174109$ & $-0.000998064$ & $-0.106168$ & $1$ & $-0.0388948$ & $-0.0146088$ & $0.17222$ \\
eHccpar & $0.0549153$ & $-0.211246$ & $0.0657511$ & $0.0673577$ & $-0.0105193$ & $-0.000780724$ & $0.014616$ & $0.00366548$ & $0.00761428$ & $0.0107569$ & $-0.000174475$ & $0.00711134$ & $-0.00970626$ & $0.0031467$ & $0.0091905$ & $-0.00212355$ & $-0.00739729$ & $-0.00767914$ & $0.000176767$ & $-0.00392507$ & $-0.00531579$ & $-0.00729995$ & $-0.00547352$ & $-0.00430747$ & $-0.0160453$ & $-0.00141594$ & $-0.0201942$ & $0.0115229$ & $0.00955381$ & $-0.0208667$ & $0.332736$ & $0.0091486$ & $0.0447834$ & $-0.0190512$ & $-0.0786446$ & $-0.0416287$ & $0.157112$ & $0.00178127$ & $0.0504516$ & $-0.00547507$ & $-0.212337$ & $-0.00617838$ & $0.0418765$ & $-0.1011$ & $-0.108542$ & $-0.0388948$ & $1$ & $0.0862902$ & $0.101157$ \\
eHbbint & $0.00217475$ & $0.0186464$ & $-0.0387982$ & $-0.119666$ & $-0.00307727$ & $-0.00501256$ & $-0.00345397$ & $0.0443482$ & $0.0385778$ & $-0.023647$ & $-0.0450689$ & $-0.034842$ & $-0.0146649$ & $0.0180615$ & $-0.0290065$ & $-0.0252411$ & $0.00862717$ & $0.0170395$ & $0.0151974$ & $0.0374061$ & $0.0517268$ & $0.050556$ & $0.0246436$ & $-0.0289742$ & $0.0366819$ & $-0.0200799$ & $0.0924338$ & $0.0121589$ & $-0.00567588$ & $0.00467709$ & $0.0257129$ & $-0.0137245$ & $0.166831$ & $0.0628828$ & $-0.114822$ & $0.0195979$ & $0.00808114$ & $0.042026$ & $0.172647$ & $0.0234474$ & $0.0693327$ & $-0.00149221$ & $-0.0815085$ & $-0.0987472$ & $0.087334$ & $-0.0146088$ & $0.0862902$ & $1$ & $0.100877$ \\
eHbbpar & $-0.198835$ & $0.0151052$ & $0.0103081$ & $0.0242517$ & $0.0110081$ & $0.0122036$ & $0.00776148$ & $-0.0315379$ & $-0.0351938$ & $0.0197748$ & $0.0195143$ & $-0.0110338$ & $-0.0211177$ & $0.0181115$ & $0.00687904$ & $0.0211828$ & $0.0220913$ & $0.0227414$ & $0.0119118$ & $-0.0143133$ & $-0.0211212$ & $-0.0196579$ & $-0.00419873$ & $0.049469$ & $0.0279286$ & $0.00831284$ & $-0.0412245$ & $0.0067064$ & $0.00531115$ & $-0.0122589$ & $0.0349109$ & $-0.000847691$ & $0.482245$ & $-0.0307002$ & $-0.104969$ & $-0.126427$ & $0.0277819$ & $0.00249746$ & $-0.126336$ & $-0.0254336$ & $-0.0373601$ & $-0.0085521$ & $-0.118203$ & $-0.25907$ & $-0.100612$ & $0.17222$ & $0.101157$ & $0.100877$ & $1$ \\
