 & AlsMz & dAle5Mz & mtop & mHl & Mz & CW & CHG & CHWB & CHWHB_gaga & CHWHB_gagaorth & CHD & CHbox & CH & CHL1_11 & CHL1_22 & CHL1_33 & CHL3_11 & CHL3_22 & CHL3_33 & CHe_11 & CHe_22 & CHe_33 & CHQ1_11 & CHQ1_33 & CHQ3_11 & CHu_11 & CHd_11 & CHd_33 & CeH_22r & CeH_33r & CuH_22r & CuH_33r & CdH_33r & CLL_1221 & eHggint & eHggpar & eHWWint & eHWWpar & eHZZint & eHZZpar & eHZgaint & eHZgapar & eHgagaint & eHmumuint & eHtautauint & eHccint & eHccpar & eHbbint & eHbbpar \\
AlsMz & $1$ & $0.216539$ & $-0.0268286$ & $0.589128$ & $-0.190543$ & $0.0157774$ & $0.190899$ & $-0.14238$ & $-0.140875$ & $0.0770052$ & $0.103636$ & $0.011681$ & $-0.49465$ & $0.0693462$ & $-0.0135794$ & $-0.0559755$ & $0.133359$ & $0.115735$ & $0.116749$ & $-0.14511$ & $-0.107613$ & $-0.0886497$ & $-0.0210387$ & $0.12393$ & $0.0926319$ & $0.0181403$ & $-0.06125$ & $-0.0157219$ & $-0.036399$ & $-0.146125$ & $-0.0575923$ & $0.150627$ & $-0.146567$ & $-0.0504166$ & $0.621023$ & $-0.247149$ & $-0.26974$ & $-0.317226$ & $-0.242935$ & $0.105852$ & $0.207813$ & $-0.524618$ & $-0.336283$ & $0.440864$ & $-0.101147$ & $-0.0341871$ & $-0.134639$ & $0.240409$ & $0.19726$ \\
dAle5Mz & $0.216539$ & $1$ & $0.250493$ & $0.0715245$ & $0.0561787$ & $0.0345793$ & $0.0366602$ & $-0.150632$ & $-0.150531$ & $0.0577871$ & $0.131046$ & $-0.0517238$ & $-0.216272$ & $0.0600616$ & $-0.00432339$ & $0.0613085$ & $0.0932146$ & $0.0754294$ & $0.0364233$ & $-0.138147$ & $-0.132002$ & $-0.0935834$ & $-0.0296576$ & $0.114622$ & $0.0301605$ & $-0.0318956$ & $-0.153034$ & $-0.0324805$ & $-0.00862892$ & $-0.0593688$ & $-0.0560524$ & $0.00519807$ & $-0.0531745$ & $-0.0683544$ & $0.275305$ & $-0.113102$ & $-0.0515485$ & $-0.065157$ & $-0.444419$ & $0.0783192$ & $-0.135785$ & $0.111791$ & $-0.0686977$ & $0.0205841$ & $0.377668$ & $-0.51232$ & $-0.353019$ & $0.23681$ & $0.277497$ \\
mtop & $-0.0268286$ & $0.250493$ & $1$ & $0.105348$ & $0.164025$ & $0.032222$ & $0.195628$ & $-0.0565061$ & $-0.0532308$ & $0.0441167$ & $0.0442057$ & $0.0582908$ & $-0.161618$ & $0.0589255$ & $0.131729$ & $0.142918$ & $0.0389264$ & $-0.0497873$ & $-0.0528648$ & $-0.0340754$ & $-0.0611186$ & $-0.0524692$ & $-0.067342$ & $0.0721321$ & $-0.0662625$ & $0.032563$ & $-0.180283$ & $-0.0241358$ & $-0.0154849$ & $-0.0132173$ & $-0.0252504$ & $0.197494$ & $-0.0284497$ & $-0.122792$ & $-0.0708962$ & $0.217926$ & $0.269597$ & $0.0124399$ & $-0.395379$ & $-0.441735$ & $0.18658$ & $0.440046$ & $-0.243736$ & $0.0994408$ & $0.235026$ & $-0.291817$ & $-0.441521$ & $-0.0416878$ & $-0.0854818$ \\
mHl & $0.589128$ & $0.0715245$ & $0.105348$ & $1$ & $0.147229$ & $-0.00240364$ & $0.113355$ & $-0.0816684$ & $-0.0793399$ & $0.0285176$ & $0.0834343$ & $0.0608641$ & $-0.0625485$ & $0.0130349$ & $-0.0196205$ & $-0.0568726$ & $0.0612282$ & $0.0608499$ & $0.0688057$ & $-0.0874399$ & $-0.0788072$ & $-0.0405967$ & $-0.039404$ & $0.0739469$ & $0.0518053$ & $0.0501537$ & $-0.0156483$ & $-0.000418592$ & $-0.00746955$ & $-0.0261061$ & $0.0260902$ & $0.116139$ & $0.0186703$ & $-0.0228264$ & $0.492731$ & $-0.0952418$ & $-0.159006$ & $-0.176669$ & $-0.415188$ & $0.0653631$ & $0.336944$ & $-0.165737$ & $-0.189799$ & $0.394516$ & $-0.199523$ & $0.130353$ & $0.156739$ & $0.388033$ & $0.455808$ \\
Mz & $-0.190543$ & $0.0561787$ & $0.164025$ & $0.147229$ & $1$ & $0.013948$ & $-0.0449953$ & $0.0329452$ & $0.0276442$ & $-0.0468853$ & $0.0263621$ & $-0.0645859$ & $0.00913929$ & $0.0106739$ & $0.113935$ & $0.113731$ & $-0.0235513$ & $-0.119398$ & $-0.100828$ & $0.0132276$ & $-0.0147824$ & $-0.00852241$ & $-0.0483003$ & $-0.0153773$ & $-0.128126$ & $-0.0177005$ & $-0.155952$ & $0.0208698$ & $-0.0113011$ & $-0.0402152$ & $-0.00335998$ & $-0.0668263$ & $-0.0393187$ & $-0.0608287$ & $0.131491$ & $0.326019$ & $0.396676$ & $-0.153507$ & $-0.0298218$ & $0.0474677$ & $-0.296744$ & $0.336458$ & $0.0172085$ & $0.0933889$ & $0.279221$ & $-0.0975295$ & $0.00594782$ & $-0.137737$ & $0.062037$ \\
CW & $0.0157774$ & $0.0345793$ & $0.032222$ & $-0.00240364$ & $0.013948$ & $1$ & $0.0636426$ & $-0.0750362$ & $-0.0759359$ & $0.0283569$ & $0.0704731$ & $-0.0146727$ & $-0.0708913$ & $0.227114$ & $0.0385036$ & $0.0239158$ & $-0.123403$ & $-0.000276446$ & $0.0124396$ & $-0.0743218$ & $-0.0615614$ & $-0.0734685$ & $-0.0359199$ & $0.0752294$ & $-0.0213049$ & $0.0213999$ & $-0.115245$ & $-0.0112495$ & $-0.013881$ & $-0.0458184$ & $-0.0277402$ & $0.051957$ & $-0.0505513$ & $-0.149605$ & $0.0362775$ & $0.0102394$ & $0.0130852$ & $-0.0499137$ & $-0.0521267$ & $-0.0178233$ & $-0.010621$ & $0.00481866$ & $-0.0693181$ & $0.020918$ & $0.0094612$ & $-0.00496099$ & $-0.0538454$ & $0.0219955$ & $-0.0136837$ \\
CHG & $0.190899$ & $0.0366602$ & $0.195628$ & $0.113355$ & $-0.0449953$ & $0.0636426$ & $1$ & $0.0113212$ & $0.0375905$ & $-0.076834$ & $0.0104574$ & $-0.142753$ & $-0.320324$ & $0.00212238$ & $0.0177627$ & $0.00304413$ & $-0.0324365$ & $-0.0191615$ & $-0.0357327$ & $-0.0428982$ & $-0.0468253$ & $-0.0552412$ & $-0.0429169$ & $0.00709884$ & $-0.0459782$ & $-0.00257824$ & $-0.0521737$ & $-0.0272408$ & $0.00652244$ & $-0.158364$ & $-0.102189$ & $0.89899$ & $-0.189771$ & $0.0260253$ & $0.039696$ & $0.122089$ & $-0.2242$ & $-0.213085$ & $-0.373925$ & $-0.156652$ & $0.0414449$ & $-0.145998$ & $-0.268435$ & $0.0277168$ & $-0.0690864$ & $-0.107115$ & $-0.394593$ & $0.378513$ & $-0.149362$ \\
CHWB & $-0.14238$ & $-0.150632$ & $-0.0565061$ & $-0.0816684$ & $0.0329452$ & $-0.0750362$ & $0.0113212$ & $1$ & $0.993728$ & $-0.526618$ & $-0.892372$ & $-0.222328$ & $0.0871112$ & $-0.264714$ & $-0.00590696$ & $0.0283321$ & $-0.619566$ & $-0.509094$ & $-0.512607$ & $0.857583$ & $0.629288$ & $0.598631$ & $0.0951069$ & $-0.632221$ & $-0.572962$ & $-0.195955$ & $0.375822$ & $0.128689$ & $0.0168315$ & $0.0376267$ & $0.0179554$ & $0.0205032$ & $0.029249$ & $0.663465$ & $-0.169624$ & $0.00816625$ & $-0.0348153$ & $0.0599458$ & $0.150035$ & $-0.0888381$ & $0.0354143$ & $-0.0329588$ & $0.0509351$ & $-0.132664$ & $-0.111994$ & $0.103744$ & $0.00415135$ & $0.00757672$ & $-0.0475382$ \\
CHWHB_gaga & $-0.140875$ & $-0.150531$ & $-0.0532308$ & $-0.0793399$ & $0.0276442$ & $-0.0759359$ & $0.0375905$ & $0.993728$ & $1$ & $-0.527823$ & $-0.88514$ & $-0.206292$ & $0.0907789$ & $-0.269862$ & $-0.00607806$ & $0.0249458$ & $-0.620693$ & $-0.507866$ & $-0.510154$ & $0.854183$ & $0.622066$ & $0.594091$ & $0.0953415$ & $-0.629455$ & $-0.57069$ & $-0.193583$ & $0.376314$ & $0.125708$ & $0.02316$ & $0.0581109$ & $0.0294779$ & $0.0426177$ & $0.05357$ & $0.659015$ & $-0.174164$ & $0.00632646$ & $-0.0459971$ & $0.0641651$ & $0.14107$ & $-0.0925052$ & $0.0384052$ & $-0.0351522$ & $0.0555459$ & $-0.137019$ & $-0.119535$ & $0.099523$ & $-0.00201014$ & $0.0166022$ & $-0.0504551$ \\
CHWHB_gagaorth & $0.0770052$ & $0.0577871$ & $0.0441167$ & $0.0285176$ & $-0.0468853$ & $0.0283569$ & $-0.076834$ & $-0.526618$ & $-0.527823$ & $1$ & $0.194538$ & $0.373912$ & $-0.00753861$ & $0.700056$ & $0.0620841$ & $0.0727895$ & $0.79129$ & $0.577016$ & $0.569222$ & $-0.270999$ & $-0.170184$ & $-0.180243$ & $-0.0881169$ & $0.543748$ & $0.628353$ & $0.0835075$ & $-0.260422$ & $-0.0421172$ & $-0.0152216$ & $-0.0618408$ & $-0.0268242$ & $-0.0621319$ & $-0.0695335$ & $-0.372947$ & $0.0760114$ & $-0.00068924$ & $0.0343422$ & $-0.0317844$ & $-0.0548496$ & $0.130371$ & $-0.0210397$ & $0.0423654$ & $-0.0103117$ & $0.0418818$ & $0.0541315$ & $-0.0773742$ & $-0.0142755$ & $-0.0497344$ & $-0.00977001$ \\
CHD & $0.103636$ & $0.131046$ & $0.0442057$ & $0.0834343$ & $0.0263621$ & $0.0704731$ & $0.0104574$ & $-0.892372$ & $-0.88514$ & $0.194538$ & $1$ & $0.151342$ & $-0.060734$ & $-0.0917191$ & $-0.0580892$ & $-0.0939384$ & $0.287595$ & $0.282475$ & $0.285622$ & $-0.88765$ & $-0.659859$ & $-0.618961$ & $-0.0614671$ & $0.433038$ & $0.325121$ & $0.189693$ & $-0.285291$ & $-0.133835$ & $-0.0115912$ & $-0.0198751$ & $-0.0187325$ & $0.00146416$ & $-0.0106484$ & $-0.53412$ & $0.150333$ & $0.00114527$ & $0.0394321$ & $-0.0391394$ & $-0.140073$ & $0.0472646$ & $-0.052578$ & $0.0424703$ & $-0.0332103$ & $0.122759$ & $0.111893$ & $-0.0830208$ & $0.0180385$ & $-0.000617531$ & $0.0562411$ \\
CHbox & $0.011681$ & $-0.0517238$ & $0.0582908$ & $0.0608641$ & $-0.0645859$ & $-0.0146727$ & $-0.142753$ & $-0.222328$ & $-0.206292$ & $0.373912$ & $0.151342$ & $1$ & $0.0805235$ & $-0.0319648$ & $-0.0143051$ & $-0.00965975$ & $0.0782425$ & $0.131561$ & $0.107421$ & $0.0598278$ & $-0.0564921$ & $-0.0169895$ & $0.00421513$ & $0.108544$ & $0.121395$ & $0.0439875$ & $-0.0169668$ & $-0.0213005$ & $0.0278243$ & $0.25033$ & $0.0534465$ & $-0.0135818$ & $0.239105$ & $-0.236665$ & $0.0174659$ & $0.0640892$ & $0.0818334$ & $-0.0256829$ & $-0.0055124$ & $0.0574545$ & $0.0308072$ & $0.0512751$ & $0.0346401$ & $0.0526371$ & $-0.032831$ & $0.104976$ & $0.111644$ & $-0.0439281$ & $-0.00348859$ \\
CH & $-0.49465$ & $-0.216272$ & $-0.161618$ & $-0.0625485$ & $0.00913929$ & $-0.0708913$ & $-0.320324$ & $0.0871112$ & $0.0907789$ & $-0.00753861$ & $-0.060734$ & $0.0805235$ & $1$ & $-0.111799$ & $-0.0331038$ & $-0.00142835$ & $-0.103358$ & $-0.0508565$ & $-0.0706925$ & $0.122698$ & $0.0634947$ & $0.0791891$ & $0.0137541$ & $-0.0922113$ & $-0.0473474$ & $-0.00148514$ & $0.0874745$ & $-0.0169246$ & $0.0688384$ & $0.303687$ & $0.144033$ & $-0.219838$ & $0.346885$ & $0.0517971$ & $-0.499259$ & $-0.118069$ & $-0.240626$ & $0.626659$ & $0.0900356$ & $0.059314$ & $-0.0720159$ & $0.313092$ & $0.533853$ & $-0.537027$ & $-0.267155$ & $-0.0467676$ & $0.325834$ & $-0.123839$ & $-0.0296456$ \\
CHL1_11 & $0.0693462$ & $0.0600616$ & $0.0589255$ & $0.0130349$ & $0.0106739$ & $0.227114$ & $0.00212238$ & $-0.264714$ & $-0.269862$ & $0.700056$ & $-0.0917191$ & $-0.0319648$ & $-0.111799$ & $1$ & $0.149693$ & $0.143422$ & $0.620084$ & $0.466786$ & $0.485379$ & $-0.105929$ & $-0.0127046$ & $-0.0434348$ & $-0.100708$ & $0.472175$ & $0.504776$ & $0.0322671$ & $-0.283958$ & $0.00204441$ & $-0.0164589$ & $-0.0730395$ & $-0.00866526$ & $-0.0219773$ & $-0.0720281$ & $-0.280425$ & $0.0684208$ & $0.0173281$ & $0.0336262$ & $-0.0847837$ & $-0.0482074$ & $0.0694509$ & $-0.00278099$ & $0.0162936$ & $-0.0807834$ & $0.050768$ & $0.0618834$ & $-0.0789725$ & $-0.0888141$ & $-0.0201507$ & $-0.0206559$ \\
CHL1_22 & $-0.0135794$ & $-0.00432339$ & $0.131729$ & $-0.0196205$ & $0.113935$ & $0.0385036$ & $0.0177627$ & $-0.00590696$ & $-0.00607806$ & $0.0620841$ & $-0.0580892$ & $-0.0143051$ & $-0.0331038$ & $0.149693$ & $1$ & $0.343971$ & $0.0489917$ & $-0.49982$ & $-0.1365$ & $0.0694586$ & $-0.153513$ & $-0.099862$ & $-0.0763467$ & $0.230275$ & $-0.200388$ & $-0.0117659$ & $-0.475603$ & $-0.0213519$ & $-0.0110517$ & $-0.010128$ & $-0.015507$ & $0.0134328$ & $-0.0266918$ & $-0.55084$ & $-0.0651135$ & $0.0230705$ & $-0.00238636$ & $0.0289673$ & $-0.0377953$ & $0.0247745$ & $0.0213645$ & $0.0405395$ & $-0.0306312$ & $-0.0272198$ & $0.0254286$ & $-0.0760538$ & $-0.0932631$ & $-0.0368973$ & $-0.0709615$ \\
CHL1_33 & $-0.0559755$ & $0.0613085$ & $0.142918$ & $-0.0568726$ & $0.113731$ & $0.0239158$ & $0.00304413$ & $0.0283321$ & $0.0249458$ & $0.0727895$ & $-0.0939384$ & $-0.00965975$ & $-0.00142835$ & $0.143422$ & $0.343971$ & $1$ & $0.0544513$ & $-0.150915$ & $-0.483135$ & $0.0972491$ & $-0.0494071$ & $-0.164017$ & $-0.0758496$ & $0.19955$ & $-0.223282$ & $-0.0475417$ & $-0.488245$ & $-0.00876203$ & $-0.0123695$ & $-0.0141753$ & $-0.0172993$ & $0.00586593$ & $-0.019762$ & $-0.200658$ & $-0.0690626$ & $0.0925503$ & $0.04571$ & $-0.00164543$ & $0.00936146$ & $0.0121588$ & $-0.085595$ & $0.125803$ & $-0.00652408$ & $-0.0951254$ & $0.0587767$ & $-0.0903207$ & $-0.0691563$ & $-0.0883991$ & $-0.0533332$ \\
CHL3_11 & $0.133359$ & $0.0932146$ & $0.0389264$ & $0.0612282$ & $-0.0235513$ & $-0.123403$ & $-0.0324365$ & $-0.619566$ & $-0.620693$ & $0.79129$ & $0.287595$ & $0.0782425$ & $-0.103358$ & $0.620084$ & $0.0489917$ & $0.0544513$ & $1$ & $0.642479$ & $0.642328$ & $-0.438787$ & $-0.242119$ & $-0.262227$ & $-0.0908493$ & $0.612962$ & $0.722609$ & $0.100562$ & $-0.27221$ & $-0.0498331$ & $-0.0214388$ & $-0.0591354$ & $-0.0111848$ & $-0.0534726$ & $-0.0522018$ & $-0.337261$ & $0.144506$ & $-0.00301175$ & $0.0455521$ & $-0.0797766$ & $-0.0732659$ & $0.107398$ & $-0.0228034$ & $0.0101341$ & $-0.0516843$ & $0.106702$ & $0.0863673$ & $-0.0841754$ & $-0.0292045$ & $-0.0347894$ & $0.0268716$ \\
CHL3_22 & $0.115735$ & $0.0754294$ & $-0.0497873$ & $0.0608499$ & $-0.119398$ & $-0.000276446$ & $-0.0191615$ & $-0.509094$ & $-0.507866$ & $0.577016$ & $0.282475$ & $0.131561$ & $-0.0508565$ & $0.466786$ & $-0.49982$ & $-0.150915$ & $0.642479$ & $1$ & $0.613774$ & $-0.366648$ & $-0.174572$ & $-0.18021$ & $-0.0346218$ & $0.385607$ & $0.7419$ & $0.0916373$ & $0.0523947$ & $-0.0325075$ & $-0.0102642$ & $-0.0507673$ & $-0.00747683$ & $-0.0292574$ & $-0.0325091$ & $0.155252$ & $0.145092$ & $-0.0233672$ & $0.0231256$ & $-0.075205$ & $-0.0360529$ & $0.0537516$ & $-0.0405613$ & $-0.014877$ & $-0.00162644$ & $0.0836948$ & $0.0369385$ & $-0.00532403$ & $0.0380819$ & $-0.00353016$ & $0.0705868$ \\
CHL3_33 & $0.116749$ & $0.0364233$ & $-0.0528648$ & $0.0688057$ & $-0.100828$ & $0.0124396$ & $-0.0357327$ & $-0.512607$ & $-0.510154$ & $0.569222$ & $0.285622$ & $0.107421$ & $-0.0706925$ & $0.485379$ & $-0.1365$ & $-0.483135$ & $0.642328$ & $0.613774$ & $1$ & $-0.368776$ & $-0.181093$ & $-0.183373$ & $-0.0124419$ & $0.409603$ & $0.764068$ & $0.116262$ & $0.0847277$ & $-0.037314$ & $-0.00716622$ & $-0.0502047$ & $0.000897916$ & $-0.0541681$ & $-0.0361329$ & $-0.196481$ & $0.131631$ & $-0.0490669$ & $0.00439927$ & $-0.0432165$ & $-0.0629436$ & $0.0697829$ & $0.0469773$ & $-0.0717625$ & $-0.0175001$ & $0.128826$ & $0.0273668$ & $-0.00606322$ & $0.0317636$ & $0.037912$ & $0.0522716$ \\
CHe_11 & $-0.14511$ & $-0.138147$ & $-0.0340754$ & $-0.0874399$ & $0.0132276$ & $-0.0743218$ & $-0.0428982$ & $0.857583$ & $0.854183$ & $-0.270999$ & $-0.88765$ & $0.0598278$ & $0.122698$ & $-0.105929$ & $0.0694586$ & $0.0972491$ & $-0.438787$ & $-0.366648$ & $-0.368776$ & $1$ & $0.642963$ & $0.620171$ & $0.0778038$ & $-0.483931$ & $-0.409991$ & $-0.197574$ & $0.296776$ & $0.130692$ & $0.0193502$ & $0.0365336$ & $0.017464$ & $-0.010798$ & $0.0228599$ & $0.448919$ & $-0.168004$ & $0.0216084$ & $-0.0198703$ & $0.0644993$ & $0.140877$ & $-0.0456229$ & $0.0320641$ & $0.000295999$ & $0.0687426$ & $-0.130521$ & $-0.09956$ & $0.0888427$ & $0.0171495$ & $-0.0150789$ & $-0.060078$ \\
CHe_22 & $-0.107613$ & $-0.132002$ & $-0.0611186$ & $-0.0788072$ & $-0.0147824$ & $-0.0615614$ & $-0.0468253$ & $0.629288$ & $0.622066$ & $-0.170184$ & $-0.659859$ & $-0.0564921$ & $0.0634947$ & $-0.0127046$ & $-0.153513$ & $-0.0494071$ & $-0.242119$ & $-0.174572$ & $-0.181093$ & $0.642963$ & $1$ & $0.50517$ & $0.0851202$ & $-0.427816$ & $-0.216446$ & $-0.150744$ & $0.377638$ & $0.0999759$ & $0.0136669$ & $0.0149925$ & $0.0136951$ & $-0.032084$ & $0.0160659$ & $0.430457$ & $-0.110362$ & $0.00716486$ & $0.00151285$ & $0.0278274$ & $0.13436$ & $-0.0514177$ & $0.0393346$ & $-0.0183814$ & $0.0251237$ & $-0.0807951$ & $-0.0598051$ & $0.0804945$ & $0.0190735$ & $-0.00787071$ & $-0.0509359$ \\
CHe_33 & $-0.0886497$ & $-0.0935834$ & $-0.0524692$ & $-0.0405967$ & $-0.00852241$ & $-0.0734685$ & $-0.0552412$ & $0.598631$ & $0.594091$ & $-0.180243$ & $-0.618961$ & $-0.0169895$ & $0.0791891$ & $-0.0434348$ & $-0.099862$ & $-0.164017$ & $-0.262227$ & $-0.18021$ & $-0.183373$ & $0.620171$ & $0.50517$ & $1$ & $0.0744076$ & $-0.422586$ & $-0.213707$ & $-0.130145$ & $0.393095$ & $0.0970475$ & $0.0185426$ & $0.0391671$ & $0.0173782$ & $-0.0397006$ & $0.0298048$ & $0.402323$ & $-0.0815283$ & $-0.0321491$ & $-0.0114707$ & $0.0512124$ & $0.0889247$ & $-0.0711553$ & $0.0572907$ & $-0.037083$ & $0.0413206$ & $-0.0514058$ & $-0.0597308$ & $0.0808627$ & $0.0244298$ & $0.0273204$ & $-0.00246273$ \\
CHQ1_11 & $-0.0210387$ & $-0.0296576$ & $-0.067342$ & $-0.039404$ & $-0.0483003$ & $-0.0359199$ & $-0.0429169$ & $0.0951069$ & $0.0953415$ & $-0.0881169$ & $-0.0614671$ & $0.00421513$ & $0.0137541$ & $-0.100708$ & $-0.0763467$ & $-0.0758496$ & $-0.0908493$ & $-0.0346218$ & $-0.0124419$ & $0.0778038$ & $0.0851202$ & $0.0744076$ & $1$ & $-0.103643$ & $0.0247862$ & $-0.571125$ & $0.284978$ & $0.0234261$ & $0.00928239$ & $0.0208185$ & $-0.00256201$ & $-0.0368503$ & $0.0150011$ & $0.105601$ & $-0.0137398$ & $-0.03849$ & $0.0416807$ & $0.0127308$ & $0.0486566$ & $-0.0308131$ & $-0.0172504$ & $-0.06413$ & $-0.00403435$ & $0.00232976$ & $-0.0368913$ & $0.128623$ & $0.0542327$ & $0.0213754$ & $0.0334449$ \\
CHQ1_33 & $0.12393$ & $0.114622$ & $0.0721321$ & $0.0739469$ & $-0.0153773$ & $0.0752294$ & $0.00709884$ & $-0.632221$ & $-0.629455$ & $0.543748$ & $0.433038$ & $0.108544$ & $-0.0922113$ & $0.472175$ & $0.230275$ & $0.19955$ & $0.612962$ & $0.385607$ & $0.409603$ & $-0.483931$ & $-0.427816$ & $-0.422586$ & $-0.103643$ & $1$ & $0.465586$ & $0.11402$ & $-0.381999$ & $0.0344381$ & $-0.00973893$ & $-0.0306944$ & $-0.0041237$ & $-0.00458261$ & $-0.033133$ & $-0.508062$ & $0.116745$ & $0.0024758$ & $0.0159221$ & $-0.0524968$ & $-0.116621$ & $0.0862155$ & $-0.0111148$ & $0.016688$ & $-0.0541025$ & $0.101781$ & $0.0575944$ & $-0.0856879$ & $-0.0374051$ & $-0.0120757$ & $0.0265974$ \\
CHQ3_11 & $0.0926319$ & $0.0301605$ & $-0.0662625$ & $0.0518053$ & $-0.128126$ & $-0.0213049$ & $-0.0459782$ & $-0.572962$ & $-0.57069$ & $0.628353$ & $0.325121$ & $0.121395$ & $-0.0473474$ & $0.504776$ & $-0.200388$ & $-0.223282$ & $0.722609$ & $0.7419$ & $0.764068$ & $-0.409991$ & $-0.216446$ & $-0.213707$ & $0.0247862$ & $0.465586$ & $1$ & $0.111055$ & $0.18428$ & $-0.0498368$ & $-0.0110361$ & $-0.0509683$ & $-0.003152$ & $-0.063341$ & $-0.0346304$ & $-0.157678$ & $0.127859$ & $-0.0501746$ & $0.0224548$ & $-0.0316216$ & $-0.0450205$ & $0.0442176$ & $0.0267478$ & $-0.0593233$ & $0.00567871$ & $0.125038$ & $0.0363285$ & $0.0338406$ & $0.065858$ & $0.0269031$ & $0.0714696$ \\
CHu_11 & $0.0181403$ & $-0.0318956$ & $0.032563$ & $0.0501537$ & $-0.0177005$ & $0.0213999$ & $-0.00257824$ & $-0.195955$ & $-0.193583$ & $0.0835075$ & $0.189693$ & $0.0439875$ & $-0.00148514$ & $0.0322671$ & $-0.0117659$ & $-0.0475417$ & $0.100562$ & $0.0916373$ & $0.116262$ & $-0.197574$ & $-0.150744$ & $-0.130145$ & $-0.571125$ & $0.11402$ & $0.111055$ & $1$ & $0.0997911$ & $-0.0402361$ & $-0.00992511$ & $0.0159422$ & $0.0228219$ & $0.00266287$ & $0.0342913$ & $-0.116354$ & $0.0293385$ & $-0.0127587$ & $-0.00453746$ & $0.00782358$ & $-0.0388829$ & $-0.029956$ & $0.0933068$ & $-0.0175848$ & $0.0386026$ & $0.0278214$ & $-0.0139607$ & $0.0148261$ & $0.00686723$ & $0.0337496$ & $0.0287229$ \\
CHd_11 & $-0.06125$ & $-0.153034$ & $-0.180283$ & $-0.0156483$ & $-0.155952$ & $-0.115245$ & $-0.0521737$ & $0.375822$ & $0.376314$ & $-0.260422$ & $-0.285291$ & $-0.0169668$ & $0.0874745$ & $-0.283958$ & $-0.475603$ & $-0.488245$ & $-0.27221$ & $0.0523947$ & $0.0847277$ & $0.296776$ & $0.377638$ & $0.393095$ & $0.284978$ & $-0.381999$ & $0.18428$ & $0.0997911$ & $1$ & $0.0472335$ & $0.0204832$ & $0.0431523$ & $0.0244044$ & $-0.0424277$ & $0.0518449$ & $0.547223$ & $-0.0268842$ & $-0.0951581$ & $-0.0120624$ & $0.0794002$ & $0.101786$ & $-0.121325$ & $0.107626$ & $-0.142858$ & $0.104402$ & $0.0273478$ & $-0.107851$ & $0.244011$ & $0.154798$ & $0.0883813$ & $0.0836079$ \\
CHd_33 & $-0.0157219$ & $-0.0324805$ & $-0.0241358$ & $-0.000418592$ & $0.0208698$ & $-0.0112495$ & $-0.0272408$ & $0.128689$ & $0.125708$ & $-0.0421172$ & $-0.133835$ & $-0.0213005$ & $-0.0169246$ & $0.00204441$ & $-0.0213519$ & $-0.00876203$ & $-0.0498331$ & $-0.0325075$ & $-0.037314$ & $0.130692$ & $0.0999759$ & $0.0970475$ & $0.0234261$ & $0.0344381$ & $-0.0498368$ & $-0.0402361$ & $0.0472335$ & $1$ & $0.00189711$ & $-0.00583367$ & $0.00141944$ & $-0.0322713$ & $-0.0189459$ & $0.0888166$ & $0.00973337$ & $-0.0225468$ & $0.021833$ & $-9.31072e-06$ & $0.0427233$ & $0.00631204$ & $0.0192161$ & $-0.018723$ & $0.0459628$ & $-0.0085025$ & $-0.0162506$ & $0.0522709$ & $0.00334936$ & $0.014638$ & $0.0558018$ \\
CeH_22r & $-0.036399$ & $-0.00862892$ & $-0.0154849$ & $-0.00746955$ & $-0.0113011$ & $-0.013881$ & $0.00652244$ & $0.0168315$ & $0.02316$ & $-0.0152216$ & $-0.0115912$ & $0.0278243$ & $0.0688384$ & $-0.0164589$ & $-0.0110517$ & $-0.0123695$ & $-0.0214388$ & $-0.0102642$ & $-0.00716622$ & $0.0193502$ & $0.0136669$ & $0.0185426$ & $0.00928239$ & $-0.00973893$ & $-0.0110361$ & $-0.00992511$ & $0.0204832$ & $0.00189711$ & $1$ & $0.0487472$ & $0.0248383$ & $-0.0074356$ & $0.0594677$ & $0.011685$ & $-0.0401729$ & $-0.00826435$ & $-0.0274272$ & $0.0471492$ & $0.00519809$ & $-0.00147298$ & $0.000434695$ & $0.0145839$ & $0.0403671$ & $-0.036992$ & $-0.0177852$ & $-0.0114448$ & $0.0290501$ & $0.00289968$ & $-0.00286539$ \\
CeH_33r & $-0.146125$ & $-0.0593688$ & $-0.0132173$ & $-0.0261061$ & $-0.0402152$ & $-0.0458184$ & $-0.158364$ & $0.0376267$ & $0.0581109$ & $-0.0618408$ & $-0.0198751$ & $0.25033$ & $0.303687$ & $-0.0730395$ & $-0.010128$ & $-0.0141753$ & $-0.0591354$ & $-0.0507673$ & $-0.0502047$ & $0.0365336$ & $0.0149925$ & $0.0391671$ & $0.0208185$ & $-0.0306944$ & $-0.0509683$ & $0.0159422$ & $0.0431523$ & $-0.00583367$ & $0.0487472$ & $1$ & $0.335394$ & $0.062147$ & $0.725713$ & $0.0114943$ & $-0.184549$ & $-0.0333539$ & $-0.11938$ & $0.1924$ & $-0.0202586$ & $-0.00931314$ & $0.00398411$ & $0.0774363$ & $0.168174$ & $-0.189553$ & $-0.111937$ & $-0.0240847$ & $0.051909$ & $0.0179178$ & $-0.0355755$ \\
CuH_22r & $-0.0575923$ & $-0.0560524$ & $-0.0252504$ & $0.0260902$ & $-0.00335998$ & $-0.0277402$ & $-0.102189$ & $0.0179554$ & $0.0294779$ & $-0.0268242$ & $-0.0187325$ & $0.0534465$ & $0.144033$ & $-0.00866526$ & $-0.015507$ & $-0.0172993$ & $-0.0111848$ & $-0.00747683$ & $0.000897916$ & $0.017464$ & $0.0136951$ & $0.0173782$ & $-0.00256201$ & $-0.0041237$ & $-0.003152$ & $0.0228219$ & $0.0244044$ & $0.00141944$ & $0.0248383$ & $0.335394$ & $1$ & $0.033861$ & $0.417983$ & $0.0100088$ & $-0.0648423$ & $-0.00937051$ & $-0.0521669$ & $0.0896941$ & $-0.00319064$ & $0.00112655$ & $0.0237131$ & $0.0252698$ & $0.0820132$ & $-0.0503434$ & $-0.0799109$ & $0.0151584$ & $0.0727735$ & $0.0194054$ & $0.0144987$ \\
CuH_33r & $0.150627$ & $0.00519807$ & $0.197494$ & $0.116139$ & $-0.0668263$ & $0.051957$ & $0.89899$ & $0.0205032$ & $0.0426177$ & $-0.0621319$ & $0.00146416$ & $-0.0135818$ & $-0.219838$ & $-0.0219773$ & $0.0134328$ & $0.00586593$ & $-0.0534726$ & $-0.0292574$ & $-0.0541681$ & $-0.010798$ & $-0.032084$ & $-0.0397006$ & $-0.0368503$ & $-0.00458261$ & $-0.063341$ & $0.00266287$ & $-0.0424277$ & $-0.0322713$ & $-0.0074356$ & $0.062147$ & $0.033861$ & $1$ & $0.0958168$ & $0.0207599$ & $-0.0291476$ & $0.126307$ & $-0.290922$ & $-0.157746$ & $-0.405007$ & $-0.162176$ & $0.0454882$ & $-0.133493$ & $-0.222278$ & $-0.0441077$ & $-0.124678$ & $-0.115804$ & $-0.395184$ & $0.418463$ & $-0.176509$ \\
CdH_33r & $-0.146567$ & $-0.0531745$ & $-0.0284497$ & $0.0186703$ & $-0.0393187$ & $-0.0505513$ & $-0.189771$ & $0.029249$ & $0.05357$ & $-0.0695335$ & $-0.0106484$ & $0.239105$ & $0.346885$ & $-0.0720281$ & $-0.0266918$ & $-0.019762$ & $-0.0522018$ & $-0.0325091$ & $-0.0361329$ & $0.0228599$ & $0.0160659$ & $0.0298048$ & $0.0150011$ & $-0.033133$ & $-0.0346304$ & $0.0342913$ & $0.0518449$ & $-0.0189459$ & $0.0594677$ & $0.725713$ & $0.417983$ & $0.0958168$ & $1$ & $0.0232718$ & $-0.178667$ & $-0.0703804$ & $-0.165497$ & $0.22433$ & $-0.0557297$ & $-0.0136649$ & $0.0303312$ & $0.0626364$ & $0.211215$ & $-0.214783$ & $-0.154563$ & $-0.0096979$ & $0.0659374$ & $0.0716378$ & $0.0306724$ \\
CLL_1221 & $-0.0504166$ & $-0.0683544$ & $-0.122792$ & $-0.0228264$ & $-0.0608287$ & $-0.149605$ & $0.0260253$ & $0.663465$ & $0.659015$ & $-0.372947$ & $-0.53412$ & $-0.236665$ & $0.0517971$ & $-0.280425$ & $-0.55084$ & $-0.200658$ & $-0.337261$ & $0.155252$ & $-0.196481$ & $0.448919$ & $0.430457$ & $0.402323$ & $0.105601$ & $-0.508062$ & $-0.157678$ & $-0.116354$ & $0.547223$ & $0.0888166$ & $0.011685$ & $0.0114943$ & $0.0100088$ & $0.0207599$ & $0.0232718$ & $1$ & $-0.0461812$ & $-0.030738$ & $-0.0334094$ & $0.0172822$ & $0.115658$ & $-0.0835508$ & $-0.0093382$ & $-0.0603469$ & $0.0647182$ & $-0.0677901$ & $-0.0818493$ & $0.110478$ & $0.0500666$ & $0.0302246$ & $0.0420068$ \\
eHggint & $0.621023$ & $0.275305$ & $-0.0708962$ & $0.492731$ & $0.131491$ & $0.0362775$ & $0.039696$ & $-0.169624$ & $-0.174164$ & $0.0760114$ & $0.150333$ & $0.0174659$ & $-0.499259$ & $0.0684208$ & $-0.0651135$ & $-0.0690626$ & $0.144506$ & $0.145092$ & $0.131631$ & $-0.168004$ & $-0.110362$ & $-0.0815283$ & $-0.0137398$ & $0.116745$ & $0.127859$ & $0.0293385$ & $-0.0268842$ & $0.00973337$ & $-0.0401729$ & $-0.184549$ & $-0.0648423$ & $-0.0291476$ & $-0.178667$ & $-0.0461812$ & $1$ & $-0.0368901$ & $0.223816$ & $-0.577905$ & $-0.284405$ & $0.31041$ & $-0.0782163$ & $-0.213578$ & $-0.324564$ & $0.556176$ & $0.165311$ & $0.228158$ & $0.047683$ & $0.184251$ & $0.461192$ \\
eHggpar & $-0.247149$ & $-0.113102$ & $0.217926$ & $-0.0952418$ & $0.326019$ & $0.0102394$ & $0.122089$ & $0.00816625$ & $0.00632646$ & $-0.00068924$ & $0.00114527$ & $0.0640892$ & $-0.118069$ & $0.0173281$ & $0.0230705$ & $0.0925503$ & $-0.00301175$ & $-0.0233672$ & $-0.0490669$ & $0.0216084$ & $0.00716486$ & $-0.0321491$ & $-0.03849$ & $0.0024758$ & $-0.0501746$ & $-0.0127587$ & $-0.0951581$ & $-0.0225468$ & $-0.00826435$ & $-0.0333539$ & $-0.00937051$ & $0.126307$ & $-0.0703804$ & $-0.030738$ & $-0.0368901$ & $1$ & $0.473556$ & $-0.486109$ & $0.0627939$ & $0.0856005$ & $-0.22272$ & $0.132136$ & $-0.415987$ & $0.215954$ & $0.179587$ & $0.0813148$ & $0.161366$ & $-0.0153411$ & $-0.494162$ \\
eHWWint & $-0.26974$ & $-0.0515485$ & $0.269597$ & $-0.159006$ & $0.396676$ & $0.0130852$ & $-0.2242$ & $-0.0348153$ & $-0.0459971$ & $0.0343422$ & $0.0394321$ & $0.0818334$ & $-0.240626$ & $0.0336262$ & $-0.00238636$ & $0.04571$ & $0.0455521$ & $0.0231256$ & $0.00439927$ & $-0.0198703$ & $0.00151285$ & $-0.0114707$ & $0.0416807$ & $0.0159221$ & $0.0224548$ & $-0.00453746$ & $-0.0120624$ & $0.021833$ & $-0.0274272$ & $-0.11938$ & $-0.0521669$ & $-0.290922$ & $-0.165497$ & $-0.0334094$ & $0.223816$ & $0.473556$ & $1$ & $-0.446777$ & $0.315778$ & $0.0601978$ & $-0.324902$ & $0.475202$ & $-0.192471$ & $0.343982$ & $0.473258$ & $0.380968$ & $0.221674$ & $-0.487353$ & $0.0234714$ \\
eHWWpar & $-0.317226$ & $-0.065157$ & $0.0124399$ & $-0.176669$ & $-0.153507$ & $-0.0499137$ & $-0.213085$ & $0.0599458$ & $0.0641651$ & $-0.0317844$ & $-0.0391394$ & $-0.0256829$ & $0.626659$ & $-0.0847837$ & $0.0289673$ & $-0.00164543$ & $-0.0797766$ & $-0.075205$ & $-0.0432165$ & $0.0644993$ & $0.0278274$ & $0.0512124$ & $0.0127308$ & $-0.0524968$ & $-0.0316216$ & $0.00782358$ & $0.0794002$ & $-9.31072e-06$ & $0.0471492$ & $0.1924$ & $0.0896941$ & $-0.157746$ & $0.22433$ & $0.0172822$ & $-0.577905$ & $-0.486109$ & $-0.446777$ & $1$ & $0.0365124$ & $-0.325512$ & $0.204628$ & $0.18421$ & $0.705635$ & $-0.387006$ & $-0.215593$ & $-0.295395$ & $0.129682$ & $-0.109511$ & $0.0575063$ \\
eHZZint & $-0.242935$ & $-0.444419$ & $-0.395379$ & $-0.415188$ & $-0.0298218$ & $-0.0521267$ & $-0.373925$ & $0.150035$ & $0.14107$ & $-0.0548496$ & $-0.140073$ & $-0.0055124$ & $0.0900356$ & $-0.0482074$ & $-0.0377953$ & $0.00936146$ & $-0.0732659$ & $-0.0360529$ & $-0.0629436$ & $0.140877$ & $0.13436$ & $0.0889247$ & $0.0486566$ & $-0.116621$ & $-0.0450205$ & $-0.0388829$ & $0.101786$ & $0.0427233$ & $0.00519809$ & $-0.0202586$ & $-0.00319064$ & $-0.405007$ & $-0.0557297$ & $0.115658$ & $-0.284405$ & $0.0627939$ & $0.315778$ & $0.0365124$ & $1$ & $0.0118352$ & $-0.193204$ & $0.0371234$ & $0.245831$ & $-0.0584398$ & $0.0945952$ & $0.29357$ & $0.415762$ & $-0.543599$ & $-0.222482$ \\
eHZZpar & $0.105852$ & $0.0783192$ & $-0.441735$ & $0.0653631$ & $0.0474677$ & $-0.0178233$ & $-0.156652$ & $-0.0888381$ & $-0.0925052$ & $0.130371$ & $0.0472646$ & $0.0574545$ & $0.059314$ & $0.0694509$ & $0.0247745$ & $0.0121588$ & $0.107398$ & $0.0537516$ & $0.0697829$ & $-0.0456229$ & $-0.0514177$ & $-0.0711553$ & $-0.0308131$ & $0.0862155$ & $0.0442176$ & $-0.029956$ & $-0.121325$ & $0.00631204$ & $-0.00147298$ & $-0.00931314$ & $0.00112655$ & $-0.162176$ & $-0.0136649$ & $-0.0835508$ & $0.31041$ & $0.0856005$ & $0.0601978$ & $-0.325512$ & $0.0118352$ & $1$ & $-0.369006$ & $-0.0266932$ & $-0.119325$ & $-0.0656554$ & $0.11031$ & $0.109808$ & $0.106334$ & $-0.100203$ & $0.0918317$ \\
eHZgaint & $0.207813$ & $-0.135785$ & $0.18658$ & $0.336944$ & $-0.296744$ & $-0.010621$ & $0.0414449$ & $0.0354143$ & $0.0384052$ & $-0.0210397$ & $-0.052578$ & $0.0308072$ & $-0.0720159$ & $-0.00278099$ & $0.0213645$ & $-0.085595$ & $-0.0228034$ & $-0.0405613$ & $0.0469773$ & $0.0320641$ & $0.0393346$ & $0.0572907$ & $-0.0172504$ & $-0.0111148$ & $0.0267478$ & $0.0933068$ & $0.107626$ & $0.0192161$ & $0.000434695$ & $0.00398411$ & $0.0237131$ & $0.0454882$ & $0.0303312$ & $-0.0093382$ & $-0.0782163$ & $-0.22272$ & $-0.324902$ & $0.204628$ & $-0.193204$ & $-0.369006$ & $1$ & $-0.37337$ & $0.0133851$ & $0.079707$ & $-0.515316$ & $0.115135$ & $-0.00533001$ & $0.381537$ & $0.208846$ \\
eHZgapar & $-0.524618$ & $0.111791$ & $0.440046$ & $-0.165737$ & $0.336458$ & $0.00481866$ & $-0.145998$ & $-0.0329588$ & $-0.0351522$ & $0.0423654$ & $0.0424703$ & $0.0512751$ & $0.313092$ & $0.0162936$ & $0.0405395$ & $0.125803$ & $0.0101341$ & $-0.014877$ & $-0.0717625$ & $0.000295999$ & $-0.0183814$ & $-0.037083$ & $-0.06413$ & $0.016688$ & $-0.0593233$ & $-0.0175848$ & $-0.142858$ & $-0.018723$ & $0.0145839$ & $0.0774363$ & $0.0252698$ & $-0.133493$ & $0.0626364$ & $-0.0603469$ & $-0.213578$ & $0.132136$ & $0.475202$ & $0.18421$ & $0.0371234$ & $-0.0266932$ & $-0.37337$ & $1$ & $0.133315$ & $-0.0988771$ & $0.46481$ & $-0.202228$ & $-0.0479533$ & $-0.442527$ & $-0.0516911$ \\
eHgagaint & $-0.336283$ & $-0.0686977$ & $-0.243736$ & $-0.189799$ & $0.0172085$ & $-0.0693181$ & $-0.268435$ & $0.0509351$ & $0.0555459$ & $-0.0103117$ & $-0.0332103$ & $0.0346401$ & $0.533853$ & $-0.0807834$ & $-0.0306312$ & $-0.00652408$ & $-0.0516843$ & $-0.00162644$ & $-0.0175001$ & $0.0687426$ & $0.0251237$ & $0.0413206$ & $-0.00403435$ & $-0.0541025$ & $0.00567871$ & $0.0386026$ & $0.104402$ & $0.0459628$ & $0.0403671$ & $0.168174$ & $0.0820132$ & $-0.222278$ & $0.211215$ & $0.0647182$ & $-0.324564$ & $-0.415987$ & $-0.192471$ & $0.705635$ & $0.245831$ & $-0.119325$ & $0.0133851$ & $0.133315$ & $1$ & $-0.410689$ & $-0.171758$ & $-0.040301$ & $0.344007$ & $-0.144201$ & $0.279607$ \\
eHmumuint & $0.440864$ & $0.0205841$ & $0.0994408$ & $0.394516$ & $0.0933889$ & $0.020918$ & $0.0277168$ & $-0.132664$ & $-0.137019$ & $0.0418818$ & $0.122759$ & $0.0526371$ & $-0.537027$ & $0.050768$ & $-0.0272198$ & $-0.0951254$ & $0.106702$ & $0.0836948$ & $0.128826$ & $-0.130521$ & $-0.0807951$ & $-0.0514058$ & $0.00232976$ & $0.101781$ & $0.125038$ & $0.0278214$ & $0.0273478$ & $-0.0085025$ & $-0.036992$ & $-0.189553$ & $-0.0503434$ & $-0.0441077$ & $-0.214783$ & $-0.0677901$ & $0.556176$ & $0.215954$ & $0.343982$ & $-0.387006$ & $-0.0584398$ & $-0.0656554$ & $0.079707$ & $-0.0988771$ & $-0.410689$ & $1$ & $0.264792$ & $0.194933$ & $0.282231$ & $-0.0308616$ & $0.126097$ \\
eHtautauint & $-0.101147$ & $0.377668$ & $0.235026$ & $-0.199523$ & $0.279221$ & $0.0094612$ & $-0.0690864$ & $-0.111994$ & $-0.119535$ & $0.0541315$ & $0.111893$ & $-0.032831$ & $-0.267155$ & $0.0618834$ & $0.0254286$ & $0.0587767$ & $0.0863673$ & $0.0369385$ & $0.0273668$ & $-0.09956$ & $-0.0598051$ & $-0.0597308$ & $-0.0368913$ & $0.0575944$ & $0.0363285$ & $-0.0139607$ & $-0.107851$ & $-0.0162506$ & $-0.0177852$ & $-0.111937$ & $-0.0799109$ & $-0.124678$ & $-0.154563$ & $-0.0818493$ & $0.165311$ & $0.179587$ & $0.473258$ & $-0.215593$ & $0.0945952$ & $0.11031$ & $-0.515316$ & $0.46481$ & $-0.171758$ & $0.264792$ & $1$ & $-0.282921$ & $-0.113775$ & $-0.282519$ & $-0.0247813$ \\
eHccint & $-0.0341871$ & $-0.51232$ & $-0.291817$ & $0.130353$ & $-0.0975295$ & $-0.00496099$ & $-0.107115$ & $0.103744$ & $0.099523$ & $-0.0773742$ & $-0.0830208$ & $0.104976$ & $-0.0467676$ & $-0.0789725$ & $-0.0760538$ & $-0.0903207$ & $-0.0841754$ & $-0.00532403$ & $-0.00606322$ & $0.0888427$ & $0.0804945$ & $0.0808627$ & $0.128623$ & $-0.0856879$ & $0.0338406$ & $0.0148261$ & $0.244011$ & $0.0522709$ & $-0.0114448$ & $-0.0240847$ & $0.0151584$ & $-0.115804$ & $-0.0096979$ & $0.110478$ & $0.228158$ & $0.0813148$ & $0.380968$ & $-0.295395$ & $0.29357$ & $0.109808$ & $0.115135$ & $-0.202228$ & $-0.040301$ & $0.194933$ & $-0.282921$ & $1$ & $0.510042$ & $-0.129896$ & $0.314732$ \\
eHccpar & $-0.134639$ & $-0.353019$ & $-0.441521$ & $0.156739$ & $0.00594782$ & $-0.0538454$ & $-0.394593$ & $0.00415135$ & $-0.00201014$ & $-0.0142755$ & $0.0180385$ & $0.111644$ & $0.325834$ & $-0.0888141$ & $-0.0932631$ & $-0.0691563$ & $-0.0292045$ & $0.0380819$ & $0.0317636$ & $0.0171495$ & $0.0190735$ & $0.0244298$ & $0.0542327$ & $-0.0374051$ & $0.065858$ & $0.00686723$ & $0.154798$ & $0.00334936$ & $0.0290501$ & $0.051909$ & $0.0727735$ & $-0.395184$ & $0.0659374$ & $0.0500666$ & $0.047683$ & $0.161366$ & $0.221674$ & $0.129682$ & $0.415762$ & $0.106334$ & $-0.00533001$ & $-0.0479533$ & $0.344007$ & $0.282231$ & $-0.113775$ & $0.510042$ & $1$ & $-0.160091$ & $0.196848$ \\
eHbbint & $0.240409$ & $0.23681$ & $-0.0416878$ & $0.388033$ & $-0.137737$ & $0.0219955$ & $0.378513$ & $0.00757672$ & $0.0166022$ & $-0.0497344$ & $-0.000617531$ & $-0.0439281$ & $-0.123839$ & $-0.0201507$ & $-0.0368973$ & $-0.0883991$ & $-0.0347894$ & $-0.00353016$ & $0.037912$ & $-0.0150789$ & $-0.00787071$ & $0.0273204$ & $0.0213754$ & $-0.0120757$ & $0.0269031$ & $0.0337496$ & $0.0883813$ & $0.014638$ & $0.00289968$ & $0.0179178$ & $0.0194054$ & $0.418463$ & $0.0716378$ & $0.0302246$ & $0.184251$ & $-0.0153411$ & $-0.487353$ & $-0.109511$ & $-0.543599$ & $-0.100203$ & $0.381537$ & $-0.442527$ & $-0.144201$ & $-0.0308616$ & $-0.282519$ & $-0.129896$ & $-0.160091$ & $1$ & $0.158951$ \\
eHbbpar & $0.19726$ & $0.277497$ & $-0.0854818$ & $0.455808$ & $0.062037$ & $-0.0136837$ & $-0.149362$ & $-0.0475382$ & $-0.0504551$ & $-0.00977001$ & $0.0562411$ & $-0.00348859$ & $-0.0296456$ & $-0.0206559$ & $-0.0709615$ & $-0.0533332$ & $0.0268716$ & $0.0705868$ & $0.0522716$ & $-0.060078$ & $-0.0509359$ & $-0.00246273$ & $0.0334449$ & $0.0265974$ & $0.0714696$ & $0.0287229$ & $0.0836079$ & $0.0558018$ & $-0.00286539$ & $-0.0355755$ & $0.0144987$ & $-0.176509$ & $0.0306724$ & $0.0420068$ & $0.461192$ & $-0.494162$ & $0.0234714$ & $0.0575063$ & $-0.222482$ & $0.0918317$ & $0.208846$ & $-0.0516911$ & $0.279607$ & $0.126097$ & $-0.0247813$ & $0.314732$ & $0.196848$ & $0.158951$ & $1$ \\
