 & AlsMz & dAle5Mz & mtop & mHl & Mz & CW & CHG & CHWB & CHWHB_gaga & CHWHB_gagaorth & CHD & CHbox & CH & CHL1_11 & CHL1_22 & CHL1_33 & CHL3_11 & CHL3_22 & CHL3_33 & CHe_11 & CHe_22 & CHe_33 & CHQ1_11 & CHQ1_33 & CHQ3_11 & CHu_11 & CHd_11 & CHd_33 & CeH_22r & CeH_33r & CuH_22r & CuH_33r & CdH_33r & CLL_1221 & eHggint & eHggpar & eHWWint & eHWWpar & eHZZint & eHZZpar & eHZgaint & eHZgapar & eHgagaint & eHmumuint & eHtautauint & eHccint & eHccpar & eHbbint & eHbbpar \\
AlsMz & $1$ & $0.0284356$ & $-0.0197107$ & $-0.0654672$ & $-0.0184912$ & $-0.0114996$ & $0.0153263$ & $-0.0239057$ & $-0.0258371$ & $0.0281025$ & $0.00505352$ & $-0.00762062$ & $-0.0177967$ & $-0.000928048$ & $0.00580822$ & $-0.00826023$ & $0.0309985$ & $0.0237031$ & $0.0158769$ & $-0.0104951$ & $-0.0129527$ & $-0.0294665$ & $-0.0437232$ & $-0.00570319$ & $-0.0490107$ & $-0.0042151$ & $-0.0433084$ & $0.00559927$ & $-0.00261239$ & $-0.0218114$ & $0.0182611$ & $0.0121221$ & $-0.00879907$ & $-0.00585006$ & $-0.0284899$ & $-0.0429421$ & $-0.0387553$ & $0.0213298$ & $-0.0438369$ & $0.0278617$ & $0.029324$ & $-0.0119414$ & $0.0367797$ & $0.00501733$ & $-0.0284506$ & $0.011726$ & $0.109336$ & $0.0502731$ & $0.000378125$ \\
dAle5Mz & $0.0284356$ & $1$ & $0.0368854$ & $-0.04078$ & $0.0174493$ & $0.0390291$ & $0.0198087$ & $-0.26677$ & $-0.258406$ & $0.13279$ & $0.28018$ & $0.0163883$ & $-0.0115972$ & $-0.0319932$ & $-0.0593131$ & $-0.00433331$ & $0.0997849$ & $0.0991836$ & $0.0666739$ & $-0.221393$ & $-0.139125$ & $-0.148131$ & $0.00147878$ & $0.08306$ & $0.101299$ & $0.019767$ & $-0.0471045$ & $-0.0493515$ & $0.00204546$ & $0.0126188$ & $0.0343801$ & $0.0264784$ & $0.0202787$ & $0.0242857$ & $-0.00136556$ & $0.0457279$ & $-0.032659$ & $0.0349874$ & $0.00963285$ & $0.00826377$ & $-0.0236336$ & $-0.0207019$ & $0.0889484$ & $-0.0361229$ & $0.0366283$ & $0.0559485$ & $0.0633276$ & $-0.0246218$ & $0.0321801$ \\
mtop & $-0.0197107$ & $0.0368854$ & $1$ & $-0.00497645$ & $-0.00422721$ & $-0.0107793$ & $-0.0458646$ & $0.0569049$ & $0.0547365$ & $-0.0350192$ & $0.0614661$ & $0.0274895$ & $0.050341$ & $-0.00127241$ & $0.00312082$ & $-0.0153217$ & $-0.0302561$ & $-0.0269214$ & $-0.022538$ & $0.0602081$ & $0.0591808$ & $0.0399612$ & $-0.0118553$ & $0.010462$ & $-0.0413251$ & $-0.00411574$ & $0.014789$ & $0.0255316$ & $0.0117262$ & $0.0343247$ & $0.0155323$ & $-0.0516444$ & $0.0145661$ & $0.0548277$ & $-0.000469214$ & $0.00264221$ & $0.0317502$ & $0.00881664$ & $0.0357985$ & $0.00027085$ & $-0.00868304$ & $-0.00443225$ & $0.0164193$ & $-0.0283015$ & $-0.0240801$ & $0.0230479$ & $0.0274307$ & $-0.00106122$ & $-0.00159075$ \\
mHl & $-0.0654672$ & $-0.04078$ & $-0.00497645$ & $1$ & $0.0238782$ & $0.031417$ & $0.0383409$ & $0.014794$ & $0.0147195$ & $-0.0100621$ & $-0.0165542$ & $-0.0449919$ & $-0.0470898$ & $-0.0012201$ & $0.0148296$ & $0.0142266$ & $-0.00552419$ & $-0.0104638$ & $-0.000872311$ & $0.0153498$ & $0.0100659$ & $0.0206825$ & $0.00777012$ & $0.00684602$ & $0.0218071$ & $-0.00716874$ & $0.0301743$ & $0.0100765$ & $-0.00535953$ & $-0.0233214$ & $-0.0663584$ & $0.0405056$ & $-0.0402213$ & $-0.0065958$ & $0.0457783$ & $0.0354151$ & $-0.0378256$ & $-0.0376472$ & $0.089317$ & $0.00484373$ & $-0.0284236$ & $-0.0074278$ & $-0.0109603$ & $-0.0668376$ & $-0.00939104$ & $-0.0577971$ & $-0.121249$ & $-0.0664333$ & $-0.0313001$ \\
Mz & $-0.0184912$ & $0.0174493$ & $-0.00422721$ & $0.0238782$ & $1$ & $0.0328093$ & $0.0165392$ & $-0.00918143$ & $-0.00828122$ & $-0.021124$ & $0.0660749$ & $0.00274848$ & $-0.0118694$ & $-0.00761592$ & $-0.00337268$ & $-0.0106866$ & $-0.0248984$ & $-0.000444525$ & $-0.0021909$ & $-0.0220738$ & $-0.0145194$ & $-0.00921197$ & $0.00785581$ & $-0.000767027$ & $0.00237608$ & $-0.00307848$ & $0.0139961$ & $0.000159332$ & $-0.0126812$ & $0.016101$ & $0.020218$ & $0.0190104$ & $0.00940018$ & $0.00501467$ & $-0.0266852$ & $-0.0161333$ & $0.00226495$ & $-0.028529$ & $0.00274964$ & $-0.00152594$ & $0.0150269$ & $0.0119412$ & $-0.00031406$ & $-0.0124484$ & $-0.0115342$ & $-0.015871$ & $-0.00827831$ & $-0.00441509$ & $-0.00666958$ \\
CW & $-0.0114996$ & $0.0390291$ & $-0.0107793$ & $0.031417$ & $0.0328093$ & $1$ & $-0.017607$ & $-0.0777276$ & $-0.0752565$ & $0.0147484$ & $0.0882291$ & $0.0338141$ & $0.0294178$ & $0.20944$ & $0.0310371$ & $0.0290326$ & $-0.155713$ & $0.00036894$ & $-0.00672645$ & $-0.074844$ & $-0.0915817$ & $-0.066683$ & $-0.0323748$ & $0.0568305$ & $-0.0213494$ & $0.0294558$ & $-0.0902809$ & $-0.0108308$ & $0.00461623$ & $0.0453234$ & $0.034706$ & $-0.00948966$ & $0.0432838$ & $-0.150252$ & $0.0326078$ & $-0.00284726$ & $-0.00672911$ & $-0.00842955$ & $-0.0169151$ & $-0.015626$ & $0.0181191$ & $-0.0122319$ & $0.0303762$ & $-0.0228507$ & $0.00350739$ & $0.00458934$ & $-0.0377133$ & $-0.018753$ & $0.0270601$ \\
CHG & $0.0153263$ & $0.0198087$ & $-0.0458646$ & $0.0383409$ & $0.0165392$ & $-0.017607$ & $1$ & $0.0209752$ & $0.0483143$ & $0.0334231$ & $-0.00245549$ & $-0.766103$ & $-0.858786$ & $-0.0880406$ & $-0.00235065$ & $0.00693851$ & $-0.0825613$ & $-0.0410468$ & $-0.0444844$ & $0.0698594$ & $0.00420842$ & $0.0116039$ & $0.0053755$ & $-0.0593767$ & $-0.0501993$ & $0.00787721$ & $0.0167608$ & $0.0216054$ & $-0.173286$ & $-0.631603$ & $-0.356699$ & $0.963002$ & $-0.629482$ & $-0.00184001$ & $-0.116512$ & $-0.0820792$ & $-0.035897$ & $0.0314469$ & $0.0517663$ & $-0.00741116$ & $-0.0306258$ & $-0.00479404$ & $0.0424311$ & $0.0396259$ & $-0.0139313$ & $0.0280849$ & $0.00858036$ & $0.0193395$ & $-0.0309947$ \\
CHWB & $-0.0239057$ & $-0.26677$ & $0.0569049$ & $0.014794$ & $-0.00918143$ & $-0.0777276$ & $0.0209752$ & $1$ & $0.994215$ & $-0.575939$ & $-0.88681$ & $-0.0832685$ & $-0.0285396$ & $-0.314892$ & $0.00355849$ & $-0.0549643$ & $-0.647685$ & $-0.565798$ & $-0.542026$ & $0.87999$ & $0.675117$ & $0.661248$ & $0.0629294$ & $-0.682363$ & $-0.61291$ & $-0.202548$ & $0.433057$ & $0.152191$ & $-0.00850089$ & $-0.034601$ & $-0.036682$ & $0.0128912$ & $-0.0483824$ & $0.641945$ & $0.0124682$ & $-0.0184873$ & $-0.00887146$ & $-0.00571892$ & $0.00216234$ & $0.0224782$ & $0.00677268$ & $0.0102338$ & $-0.0228025$ & $-0.0121405$ & $0.0218833$ & $-0.0233789$ & $-0.0238029$ & $0.0174586$ & $0.0055624$ \\
CHWHB_gaga & $-0.0258371$ & $-0.258406$ & $0.0547365$ & $0.0147195$ & $-0.00828122$ & $-0.0752565$ & $0.0483143$ & $0.994215$ & $1$ & $-0.576401$ & $-0.879525$ & $-0.0927658$ & $-0.04271$ & $-0.321135$ & $0.0047899$ & $-0.0558143$ & $-0.651915$ & $-0.567015$ & $-0.542923$ & $0.878345$ & $0.668927$ & $0.657737$ & $0.0611761$ & $-0.680734$ & $-0.613136$ & $-0.200192$ & $0.432786$ & $0.152551$ & $-0.00607822$ & $-0.0300593$ & $-0.0313052$ & $0.0394215$ & $-0.0411476$ & $0.636759$ & $0.00474989$ & $-0.0204478$ & $-0.0191394$ & $-0.00372011$ & $0.0033479$ & $0.0210093$ & $0.00502511$ & $0.0116248$ & $0.0177233$ & $-0.0133441$ & $0.0263436$ & $-0.0215493$ & $-0.0212504$ & $0.0164482$ & $0.00602166$ \\
CHWHB_gagaorth & $0.0281025$ & $0.13279$ & $-0.0350192$ & $-0.0100621$ & $-0.021124$ & $0.0147484$ & $0.0334231$ & $-0.575939$ & $-0.576401$ & $1$ & $0.261136$ & $0.0469034$ & $-0.0471299$ & $0.660207$ & $0.105297$ & $0.141584$ & $0.753922$ & $0.573708$ & $0.566934$ & $-0.336906$ & $-0.244475$ & $-0.243684$ & $-0.072003$ & $0.591622$ & $0.635984$ & $0.0599969$ & $-0.348819$ & $-0.0343625$ & $-0.0140227$ & $-0.0466192$ & $-0.0248627$ & $0.0521135$ & $-0.0415006$ & $-0.431118$ & $0.0066609$ & $0.0233271$ & $-0.00127254$ & $0.00235503$ & $-0.000710629$ & $-0.0100536$ & $-0.0433103$ & $0.0283786$ & $0.00484261$ & $0.0246917$ & $-0.0202998$ & $0.00354794$ & $0.00465765$ & $0.0113217$ & $0.00473688$ \\
CHD & $0.00505352$ & $0.28018$ & $0.0614661$ & $-0.0165542$ & $0.0660749$ & $0.0882291$ & $-0.00245549$ & $-0.88681$ & $-0.879525$ & $0.261136$ & $1$ & $0.0609086$ & $0.0147473$ & $-0.0475673$ & $-0.0839905$ & $-0.0325164$ & $0.313584$ & $0.331139$ & $0.305941$ & $-0.888636$ & $-0.692603$ & $-0.680413$ & $-0.0420674$ & $0.468388$ & $0.350938$ & $0.228146$ & $-0.311552$ & $-0.158449$ & $0.0123513$ & $0.0290362$ & $0.0384463$ & $0.00323751$ & $0.0377894$ & $-0.500535$ & $-0.0203899$ & $0.00773667$ & $0.00752058$ & $0.0112427$ & $0.0042233$ & $-0.0215229$ & $0.00503814$ & $-0.0274448$ & $0.0244884$ & $0.000272859$ & $-0.0201592$ & $0.0359894$ & $0.0301789$ & $-0.024012$ & $-0.00927234$ \\
CHbox & $-0.00762062$ & $0.0163883$ & $0.0274895$ & $-0.0449919$ & $0.00274848$ & $0.0338141$ & $-0.766103$ & $-0.0832685$ & $-0.0927658$ & $0.0469034$ & $0.0609086$ & $1$ & $0.896809$ & $0.0653579$ & $0.0131116$ & $-0.00940244$ & $0.0877075$ & $0.0634787$ & $0.0585616$ & $-0.0766751$ & $-0.0317093$ & $-0.0386903$ & $0.00709444$ & $0.089148$ & $0.0712005$ & $-0.0119001$ & $-0.0302719$ & $-0.0197488$ & $0.225812$ & $0.680469$ & $0.352381$ & $-0.693393$ & $0.677552$ & $-0.0551054$ & $0.127464$ & $0.0651932$ & $0.0435539$ & $-0.039913$ & $-0.0758036$ & $0.000552071$ & $0.0368326$ & $-0.00218723$ & $-0.0554502$ & $-0.0179172$ & $-0.00593975$ & $-0.0564251$ & $-0.000364813$ & $-0.0311298$ & $0.0357778$ \\
CH & $-0.0177967$ & $-0.0115972$ & $0.050341$ & $-0.0470898$ & $-0.0118694$ & $0.0294178$ & $-0.858786$ & $-0.0285396$ & $-0.04271$ & $-0.0471299$ & $0.0147473$ & $0.896809$ & $1$ & $0.0884461$ & $0.00440662$ & $-0.0164266$ & $0.0916972$ & $0.0492169$ & $0.0531099$ & $-0.0862394$ & $-0.0126565$ & $-0.0183217$ & $-0.00143853$ & $0.0690389$ & $0.0625979$ & $-0.00484533$ & $-0.000866509$ & $-0.0326555$ & $0.22485$ & $0.710252$ & $0.377994$ & $-0.804832$ & $0.704408$ & $0.0108977$ & $0.113636$ & $0.068078$ & $0.0328479$ & $-0.0253135$ & $-0.0630464$ & $0.00038478$ & $0.0241958$ & $0.00878662$ & $-0.0419412$ & $-0.0302509$ & $0.00663551$ & $-0.0387718$ & $-0.00970264$ & $-0.0240873$ & $0.0381292$ \\
CHL1_11 & $-0.000928048$ & $-0.0319932$ & $-0.00127241$ & $-0.0012201$ & $-0.00761592$ & $0.20944$ & $-0.0880406$ & $-0.314892$ & $-0.321135$ & $0.660207$ & $-0.0475673$ & $0.0653579$ & $0.0884461$ & $1$ & $0.162712$ & $0.182849$ & $0.625969$ & $0.517697$ & $0.521003$ & $-0.170012$ & $-0.070897$ & $-0.066204$ & $-0.0686792$ & $0.528533$ & $0.558328$ & $-0.0057316$ & $-0.333805$ & $-0.00751529$ & $0.00633948$ & $0.0499398$ & $0.0183446$ & $-0.093112$ & $0.0592278$ & $-0.332745$ & $0.0141594$ & $0.0328824$ & $0.0211365$ & $-0.0244643$ & $-0.00458131$ & $-0.00921333$ & $-0.00965337$ & $0.0179618$ & $0.00506244$ & $0.00622485$ & $-0.00564985$ & $-0.017591$ & $-0.0155249$ & $0.00573081$ & $0.0103055$ \\
CHL1_22 & $0.00580822$ & $-0.0593131$ & $0.00312082$ & $0.0148296$ & $-0.00337268$ & $0.0310371$ & $-0.00235065$ & $0.00355849$ & $0.0047899$ & $0.105297$ & $-0.0839905$ & $0.0131116$ & $0.00440662$ & $0.162712$ & $1$ & $0.353818$ & $0.0693368$ & $-0.45666$ & $-0.125459$ & $0.0810209$ & $-0.124637$ & $-0.0746605$ & $-0.0858797$ & $0.22122$ & $-0.167039$ & $-0.0045607$ & $-0.471394$ & $-0.0253031$ & $-0.00750304$ & $0.00376408$ & $-0.00299624$ & $0.00539969$ & $-0.0170531$ & $-0.544155$ & $0.0209239$ & $0.0085708$ & $0.00669167$ & $-0.0209323$ & $0.0185138$ & $0.00962131$ & $-0.0100013$ & $0.000251744$ & $0.0278872$ & $0.000198865$ & $0.00402491$ & $0.0155812$ & $0.0116628$ & $0.000386457$ & $-0.0208856$ \\
CHL1_33 & $-0.00826023$ & $-0.00433331$ & $-0.0153217$ & $0.0142266$ & $-0.0106866$ & $0.0290326$ & $0.00693851$ & $-0.0549643$ & $-0.0558143$ & $0.141584$ & $-0.0325164$ & $-0.00940244$ & $-0.0164266$ & $0.182849$ & $0.353818$ & $1$ & $0.10117$ & $-0.0763977$ & $-0.415194$ & $0.0256071$ & $-0.12755$ & $-0.20407$ & $-0.125196$ & $0.247736$ & $-0.11887$ & $0.0260255$ & $-0.490843$ & $-0.0685529$ & $-0.0208028$ & $-0.0211457$ & $-0.0124907$ & $0.00541672$ & $-0.0396684$ & $-0.255044$ & $-0.010613$ & $0.0271027$ & $-0.0017753$ & $-0.0274053$ & $0.040938$ & $0.0302367$ & $-0.016726$ & $0.00960027$ & $0.0193033$ & $0.00139125$ & $0.00197993$ & $0.0295396$ & $-0.0206632$ & $-0.0182578$ & $-0.0155288$ \\
CHL3_11 & $0.0309985$ & $0.0997849$ & $-0.0302561$ & $-0.00552419$ & $-0.0248984$ & $-0.155713$ & $-0.0825613$ & $-0.647685$ & $-0.651915$ & $0.753922$ & $0.313584$ & $0.0877075$ & $0.0916972$ & $0.625969$ & $0.0693368$ & $0.10117$ & $1$ & $0.687893$ & $0.680104$ & $-0.494713$ & $-0.298625$ & $-0.293973$ & $-0.0503317$ & $0.66763$ & $0.763449$ & $0.0700045$ & $-0.335657$ & $-0.069058$ & $0.0149633$ & $0.057302$ & $0.0372984$ & $-0.0815931$ & $0.07311$ & $-0.348486$ & $-0.00147434$ & $0.0297187$ & $0.0214781$ & $0.00495999$ & $-0.0124279$ & $-0.0202056$ & $-0.0266444$ & $0.0217199$ & $0.0123906$ & $0.0316665$ & $-0.0144814$ & $-0.0150005$ & $0.0183317$ & $-0.00643842$ & $0.00197515$ \\
CHL3_22 & $0.0237031$ & $0.0991836$ & $-0.0269214$ & $-0.0104638$ & $-0.000444525$ & $0.00036894$ & $-0.0410468$ & $-0.565798$ & $-0.567015$ & $0.573708$ & $0.331139$ & $0.0634787$ & $0.0492169$ & $0.517697$ & $-0.45666$ & $-0.0763977$ & $0.687893$ & $1$ & $0.654956$ & $-0.443822$ & $-0.247202$ & $-0.248473$ & $0.00247845$ & $0.481701$ & $0.77468$ & $0.0737423$ & $-0.0394555$ & $-0.0541006$ & $0.00436956$ & $0.0311613$ & $0.0292661$ & $-0.0427124$ & $0.0513935$ & $0.0798393$ & $-0.0169849$ & $0.0175019$ & $0.0152217$ & $-0.000780898$ & $-0.0179646$ & $-0.015722$ & $-0.0166483$ & $0.0135131$ & $0.000656866$ & $0.0199922$ & $-0.0120343$ & $-0.0131186$ & $0.000406305$ & $-0.00477963$ & $0.00163869$ \\
CHL3_33 & $0.0158769$ & $0.0666739$ & $-0.022538$ & $-0.000872311$ & $-0.0021909$ & $-0.00672645$ & $-0.0444844$ & $-0.542026$ & $-0.542923$ & $0.566934$ & $0.305941$ & $0.0585616$ & $0.0531099$ & $0.521003$ & $-0.125459$ & $-0.415194$ & $0.680104$ & $0.654956$ & $1$ & $-0.4191$ & $-0.22222$ & $-0.219568$ & $0.036188$ & $0.46253$ & $0.77501$ & $0.0514509$ & $-0.0116409$ & $-0.0355273$ & $0.0197555$ & $0.0455201$ & $0.0301256$ & $-0.0411581$ & $0.0599987$ & $-0.21987$ & $0.00420197$ & $0.0205472$ & $0.0105965$ & $0.00502711$ & $-0.0322212$ & $-0.0210162$ & $-0.0165644$ & $0.00243534$ & $0.000926456$ & $0.017164$ & $-0.0109262$ & $-0.0227815$ & $0.00992609$ & $0.0240473$ & $0.00145436$ \\
CHe_11 & $-0.0104951$ & $-0.221393$ & $0.0602081$ & $0.0153498$ & $-0.0220738$ & $-0.074844$ & $0.0698594$ & $0.87999$ & $0.878345$ & $-0.336906$ & $-0.888636$ & $-0.0766751$ & $-0.0862394$ & $-0.170012$ & $0.0810209$ & $0.0256071$ & $-0.494713$ & $-0.443822$ & $-0.4191$ & $1$ & $0.685123$ & $0.670643$ & $0.0457243$ & $-0.547266$ & $-0.470235$ & $-0.22236$ & $0.341564$ & $0.166753$ & $-0.0251955$ & $-0.0749812$ & $-0.063392$ & $0.0731521$ & $-0.0889171$ & $0.447887$ & $0.0284529$ & $-0.0197549$ & $-0.0216991$ & $-0.00482101$ & $0.00626696$ & $0.0246484$ & $-0.00955702$ & $0.0315086$ & $-0.0192946$ & $-0.01023$ & $0.00462979$ & $-0.0151301$ & $-0.0176912$ & $0.0250783$ & $0.00952996$ \\
CHe_22 & $-0.0129527$ & $-0.139125$ & $0.0591808$ & $0.0100659$ & $-0.0145194$ & $-0.0915817$ & $0.00420842$ & $0.675117$ & $0.668927$ & $-0.244475$ & $-0.692603$ & $-0.0317093$ & $-0.0126565$ & $-0.070897$ & $-0.124637$ & $-0.12755$ & $-0.298625$ & $-0.247202$ & $-0.22222$ & $0.685123$ & $1$ & $0.570683$ & $0.0689066$ & $-0.490645$ & $-0.280648$ & $-0.178422$ & $0.418266$ & $0.156286$ & $-0.00319046$ & $-0.0326685$ & $-0.0331932$ & $0.0025925$ & $-0.0293866$ & $0.450757$ & $0.0326244$ & $-0.014728$ & $0.0214827$ & $0.00156769$ & $-0.0106334$ & $-0.00272782$ & $-0.000745234$ & $0.0166322$ & $-0.028553$ & $-0.00429536$ & $0.00893632$ & $-0.0383416$ & $-0.0258054$ & $0.0389744$ & $0.012418$ \\
CHe_33 & $-0.0294665$ & $-0.148131$ & $0.0399612$ & $0.0206825$ & $-0.00921197$ & $-0.066683$ & $0.0116039$ & $0.661248$ & $0.657737$ & $-0.243684$ & $-0.680413$ & $-0.0386903$ & $-0.0183217$ & $-0.066204$ & $-0.0746605$ & $-0.20407$ & $-0.293973$ & $-0.248473$ & $-0.219568$ & $0.670643$ & $0.570683$ & $1$ & $0.0663277$ & $-0.469097$ & $-0.28189$ & $-0.186271$ & $0.389829$ & $0.148045$ & $-0.00147936$ & $-0.0253968$ & $-0.0279785$ & $0.0106375$ & $-0.0245507$ & $0.433834$ & $0.00909903$ & $-0.0252898$ & $0.00175642$ & $-0.00137538$ & $-0.00630267$ & $0.00789295$ & $0.000167786$ & $0.0151723$ & $-0.00835602$ & $0.00644529$ & $-0.0174038$ & $-0.0191893$ & $-0.0302425$ & $-0.001573$ & $0.0188336$ \\
CHQ1_11 & $-0.0437232$ & $0.00147878$ & $-0.0118553$ & $0.00777012$ & $0.00785581$ & $-0.0323748$ & $0.0053755$ & $0.0629294$ & $0.0611761$ & $-0.072003$ & $-0.0420674$ & $0.00709444$ & $-0.00143853$ & $-0.0686792$ & $-0.0858797$ & $-0.125196$ & $-0.0503317$ & $0.00247845$ & $0.036188$ & $0.0457243$ & $0.0689066$ & $0.0663277$ & $1$ & $-0.109997$ & $0.0520808$ & $-0.591434$ & $0.259617$ & $0.00761205$ & $0.0169732$ & $0.000493948$ & $0.0126676$ & $0.0100137$ & $0.000360711$ & $0.103388$ & $0.00774893$ & $-0.0174568$ & $0.00570109$ & $-0.00212156$ & $0.00613319$ & $-0.0193003$ & $-0.00261186$ & $0.00267873$ & $-0.011896$ & $0.00911541$ & $-0.0109168$ & $-0.0198786$ & $0.0146152$ & $-0.0231895$ & $0.0107385$ \\
CHQ1_33 & $-0.00570319$ & $0.08306$ & $0.010462$ & $0.00684602$ & $-0.000767027$ & $0.0568305$ & $-0.0593767$ & $-0.682363$ & $-0.680734$ & $0.591622$ & $0.468388$ & $0.089148$ & $0.0690389$ & $0.528533$ & $0.22122$ & $0.247736$ & $0.66763$ & $0.481701$ & $0.46253$ & $-0.547266$ & $-0.490645$ & $-0.469097$ & $-0.109997$ & $1$ & $0.554755$ & $0.138199$ & $-0.432994$ & $-0.00429548$ & $0.0143022$ & $0.0430114$ & $0.0407095$ & $-0.0565398$ & $0.0533142$ & $-0.530421$ & $-0.00694654$ & $0.0369407$ & $0.00531332$ & $-0.0166754$ & $-0.00285974$ & $-0.0158045$ & $-0.0196159$ & $-0.00138012$ & $0.0440811$ & $0.0131435$ & $-0.0209348$ & $0.00584558$ & $0.00500226$ & $-0.00934141$ & $-0.013575$ \\
CHQ3_11 & $-0.0490107$ & $0.101299$ & $-0.0413251$ & $0.0218071$ & $0.00237608$ & $-0.0213494$ & $-0.0501993$ & $-0.61291$ & $-0.613136$ & $0.635984$ & $0.350938$ & $0.0712005$ & $0.0625979$ & $0.558328$ & $-0.167039$ & $-0.11887$ & $0.763449$ & $0.77468$ & $0.77501$ & $-0.470235$ & $-0.280648$ & $-0.28189$ & $0.0520808$ & $0.554755$ & $1$ & $0.0835222$ & $0.0689118$ & $-0.0538497$ & $0.0138496$ & $0.0462689$ & $0.0313918$ & $-0.0468364$ & $0.0610238$ & $-0.202768$ & $-0.0033604$ & $0.0221977$ & $0.0224017$ & $0.00661515$ & $-0.0108661$ & $-0.0155943$ & $-0.0246863$ & $0.00904674$ & $0.00942146$ & $0.0117208$ & $-0.00900324$ & $-0.00910432$ & $-0.00414621$ & $-0.00748109$ & $0.00400416$ \\
CHu_11 & $-0.0042151$ & $0.019767$ & $-0.00411574$ & $-0.00716874$ & $-0.00307848$ & $0.0294558$ & $0.00787721$ & $-0.202548$ & $-0.200192$ & $0.0599969$ & $0.228146$ & $-0.0119001$ & $-0.00484533$ & $-0.0057316$ & $-0.0045607$ & $0.0260255$ & $0.0700045$ & $0.0737423$ & $0.0514509$ & $-0.22236$ & $-0.178422$ & $-0.186271$ & $-0.591434$ & $0.138199$ & $0.0835222$ & $1$ & $0.0749068$ & $-0.0355722$ & $-0.0238585$ & $0.00727945$ & $-0.00914184$ & $0.0071384$ & $-5.38534e-05$ & $-0.116877$ & $-0.0160268$ & $0.00579518$ & $-0.00448753$ & $-0.0174253$ & $-0.00553924$ & $-0.00688513$ & $-0.0108328$ & $-0.00694938$ & $0.031315$ & $-0.0138987$ & $0.00238184$ & $0.00170142$ & $-0.0346923$ & $-0.0139409$ & $-0.0235583$ \\
CHd_11 & $-0.0433084$ & $-0.0471045$ & $0.014789$ & $0.0301743$ & $0.0139961$ & $-0.0902809$ & $0.0167608$ & $0.433057$ & $0.432786$ & $-0.348819$ & $-0.311552$ & $-0.0302719$ & $-0.000866509$ & $-0.333805$ & $-0.471394$ & $-0.490843$ & $-0.335657$ & $-0.0394555$ & $-0.0116409$ & $0.341564$ & $0.418266$ & $0.389829$ & $0.259617$ & $-0.432994$ & $0.0689118$ & $0.0749068$ & $1$ & $0.0951499$ & $0.00315179$ & $0.0074764$ & $-0.00544345$ & $0.0204894$ & $0.00946983$ & $0.587789$ & $0.00351594$ & $-0.0239305$ & $-0.00221542$ & $0.0139316$ & $-0.0155217$ & $-0.0097315$ & $-0.00790183$ & $0.000573314$ & $-0.00769909$ & $-0.00170359$ & $0.0149031$ & $-0.0288991$ & $-0.0447631$ & $0.000207513$ & $0.0135897$ \\
CHd_33 & $0.00559927$ & $-0.0493515$ & $0.0255316$ & $0.0100765$ & $0.000159332$ & $-0.0108308$ & $0.0216054$ & $0.152191$ & $0.152551$ & $-0.0343625$ & $-0.158449$ & $-0.0197488$ & $-0.0326555$ & $-0.00751529$ & $-0.0253031$ & $-0.0685529$ & $-0.069058$ & $-0.0541006$ & $-0.0355273$ & $0.166753$ & $0.156286$ & $0.148045$ & $0.00761205$ & $-0.00429548$ & $-0.0538497$ & $-0.0355722$ & $0.0951499$ & $1$ & $-0.00486041$ & $-0.0351244$ & $-0.0155068$ & $0.0178093$ & $-0.0364643$ & $0.091052$ & $-0.0220732$ & $0.0151156$ & $-0.00513167$ & $-0.0019938$ & $0.00913774$ & $-0.0145718$ & $0.0166103$ & $0.00488655$ & $-0.00161704$ & $-0.00966819$ & $0.0145648$ & $0.0098157$ & $-0.00321597$ & $0.000806571$ & $-0.0239836$ \\
CeH_22r & $-0.00261239$ & $0.00204546$ & $0.0117262$ & $-0.00535953$ & $-0.0126812$ & $0.00461623$ & $-0.173286$ & $-0.00850089$ & $-0.00607822$ & $-0.0140227$ & $0.0123513$ & $0.225812$ & $0.22485$ & $0.00633948$ & $-0.00750304$ & $-0.0208028$ & $0.0149633$ & $0.00436956$ & $0.0197555$ & $-0.0251955$ & $-0.00319046$ & $-0.00147936$ & $0.0169732$ & $0.0143022$ & $0.0138496$ & $-0.0238585$ & $0.00315179$ & $-0.00486041$ & $1$ & $0.194283$ & $0.102718$ & $-0.167021$ & $0.195151$ & $0.00594361$ & $-0.00596137$ & $0.0135564$ & $-0.00871468$ & $-0.00840418$ & $-0.0307582$ & $-0.0144127$ & $0.0130356$ & $0.0044744$ & $-0.0244298$ & $-0.00358915$ & $-0.0120972$ & $0.00326176$ & $0.00316571$ & $0.00291086$ & $0.00371344$ \\
CeH_33r & $-0.0218114$ & $0.0126188$ & $0.0343247$ & $-0.0233214$ & $0.016101$ & $0.0453234$ & $-0.631603$ & $-0.034601$ & $-0.0300593$ & $-0.0466192$ & $0.0290362$ & $0.680469$ & $0.710252$ & $0.0499398$ & $0.00376408$ & $-0.0211457$ & $0.057302$ & $0.0311613$ & $0.0455201$ & $-0.0749812$ & $-0.0326685$ & $-0.0253968$ & $0.000493948$ & $0.0430114$ & $0.0462689$ & $0.00727945$ & $0.0074764$ & $-0.0351244$ & $0.194283$ & $1$ & $0.469513$ & $-0.507374$ & $0.823478$ & $-0.00392103$ & $0.0404828$ & $0.0171555$ & $-0.0740172$ & $-0.0528032$ & $-0.0601299$ & $-0.0104472$ & $0.0208636$ & $0.0102673$ & $-0.0371082$ & $-0.0262313$ & $0.0488297$ & $-0.0266807$ & $-0.00408018$ & $-0.0117403$ & $0.0155491$ \\
CuH_22r & $0.0182611$ & $0.0343801$ & $0.0155323$ & $-0.0663584$ & $0.020218$ & $0.034706$ & $-0.356699$ & $-0.036682$ & $-0.0313052$ & $-0.0248627$ & $0.0384463$ & $0.352381$ & $0.377994$ & $0.0183446$ & $-0.00299624$ & $-0.0124907$ & $0.0372984$ & $0.0292661$ & $0.0301256$ & $-0.063392$ & $-0.0331932$ & $-0.0279785$ & $0.0126676$ & $0.0407095$ & $0.0313918$ & $-0.00914184$ & $-0.00544345$ & $-0.0155068$ & $0.102718$ & $0.469513$ & $1$ & $-0.270593$ & $0.506557$ & $0.00377708$ & $0.0587348$ & $0.0162149$ & $-0.0748385$ & $-0.0204386$ & $-0.0315652$ & $0.0018827$ & $0.0120616$ & $-0.0101055$ & $0.0333604$ & $-0.00673736$ & $0.0174808$ & $0.04431$ & $0.269514$ & $0.0369477$ & $0.0453238$ \\
CuH_33r & $0.0121221$ & $0.0264784$ & $-0.0516444$ & $0.0405056$ & $0.0190104$ & $-0.00948966$ & $0.963002$ & $0.0128912$ & $0.0394215$ & $0.0521135$ & $0.00323751$ & $-0.693393$ & $-0.804832$ & $-0.093112$ & $0.00539969$ & $0.00541672$ & $-0.0815931$ & $-0.0427124$ & $-0.0411581$ & $0.0731521$ & $0.0025925$ & $0.0106375$ & $0.0100137$ & $-0.0565398$ & $-0.0468364$ & $0.0071384$ & $0.0204894$ & $0.0178093$ & $-0.167021$ & $-0.507374$ & $-0.270593$ & $1$ & $-0.486083$ & $-0.0151128$ & $-0.0906897$ & $-0.0701608$ & $-0.0619358$ & $0.0216045$ & $0.0502071$ & $-0.00656823$ & $-0.0224202$ & $-0.00206192$ & $0.0426555$ & $0.0485354$ & $-0.0168559$ & $0.0248141$ & $0.012475$ & $0.0251122$ & $-0.0257279$ \\
CdH_33r & $-0.00879907$ & $0.0202787$ & $0.0145661$ & $-0.0402213$ & $0.00940018$ & $0.0432838$ & $-0.629482$ & $-0.0483824$ & $-0.0411476$ & $-0.0415006$ & $0.0377894$ & $0.677552$ & $0.704408$ & $0.0592278$ & $-0.0170531$ & $-0.0396684$ & $0.07311$ & $0.0513935$ & $0.0599987$ & $-0.0889171$ & $-0.0293866$ & $-0.0245507$ & $0.000360711$ & $0.0533142$ & $0.0610238$ & $-5.38534e-05$ & $0.00946983$ & $-0.0364643$ & $0.195151$ & $0.823478$ & $0.506557$ & $-0.486083$ & $1$ & $-0.00018005$ & $0.0577071$ & $0.0272591$ & $-0.0959182$ & $-0.0521167$ & $-0.0841042$ & $-0.0280347$ & $0.0523931$ & $0.00586883$ & $-0.0256705$ & $-0.0188629$ & $0.0153219$ & $-0.0202541$ & $0.00412073$ & $0.0787339$ & $0.303079$ \\
CLL_1221 & $-0.00585006$ & $0.0242857$ & $0.0548277$ & $-0.0065958$ & $0.00501467$ & $-0.150252$ & $-0.00184001$ & $0.641945$ & $0.636759$ & $-0.431118$ & $-0.500535$ & $-0.0551054$ & $0.0108977$ & $-0.332745$ & $-0.544155$ & $-0.255044$ & $-0.348486$ & $0.0798393$ & $-0.21987$ & $0.447887$ & $0.450757$ & $0.433834$ & $0.103388$ & $-0.530421$ & $-0.202768$ & $-0.116877$ & $0.587789$ & $0.091052$ & $0.00594361$ & $-0.00392103$ & $0.00377708$ & $-0.0151128$ & $-0.00018005$ & $1$ & $-0.0163453$ & $-0.00436279$ & $-0.0037596$ & $0.0143421$ & $-0.013393$ & $0.0132842$ & $-0.00115269$ & $0.00150482$ & $-0.00381644$ & $-0.00607674$ & $0.0298074$ & $-0.0177634$ & $-0.00268322$ & $-0.000450561$ & $0.0106837$ \\
eHggint & $-0.0284899$ & $-0.00136556$ & $-0.000469214$ & $0.0457783$ & $-0.0266852$ & $0.0326078$ & $-0.116512$ & $0.0124682$ & $0.00474989$ & $0.0066609$ & $-0.0203899$ & $0.127464$ & $0.113636$ & $0.0141594$ & $0.0209239$ & $-0.010613$ & $-0.00147434$ & $-0.0169849$ & $0.00420197$ & $0.0284529$ & $0.0326244$ & $0.00909903$ & $0.00774893$ & $-0.00694654$ & $-0.0033604$ & $-0.0160268$ & $0.00351594$ & $-0.0220732$ & $-0.00596137$ & $0.0404828$ & $0.0587348$ & $-0.0906897$ & $0.0577071$ & $-0.0163453$ & $1$ & $-0.0523302$ & $-0.0473628$ & $-0.0143438$ & $-0.0470709$ & $-0.019863$ & $0.00239286$ & $0.000955247$ & $0.0438361$ & $0.0102831$ & $-0.0374446$ & $-0.00981239$ & $0.0238532$ & $0.0490226$ & $0.0276991$ \\
eHggpar & $-0.0429421$ & $0.0457279$ & $0.00264221$ & $0.0354151$ & $-0.0161333$ & $-0.00284726$ & $-0.0820792$ & $-0.0184873$ & $-0.0204478$ & $0.0233271$ & $0.00773667$ & $0.0651932$ & $0.068078$ & $0.0328824$ & $0.0085708$ & $0.0271027$ & $0.0297187$ & $0.0175019$ & $0.0205472$ & $-0.0197549$ & $-0.014728$ & $-0.0252898$ & $-0.0174568$ & $0.0369407$ & $0.0221977$ & $0.00579518$ & $-0.0239305$ & $0.0151156$ & $0.0135564$ & $0.0171555$ & $0.0162149$ & $-0.0701608$ & $0.0272591$ & $-0.00436279$ & $-0.0523302$ & $1$ & $-0.0327342$ & $-0.000981563$ & $0.0432315$ & $0.0447701$ & $-0.0197465$ & $-0.0035207$ & $0.0509684$ & $0.0184966$ & $0.0305164$ & $-0.00652658$ & $-0.0189712$ & $-0.0429677$ & $-0.00456205$ \\
eHWWint & $-0.0387553$ & $-0.032659$ & $0.0317502$ & $-0.0378256$ & $0.00226495$ & $-0.00672911$ & $-0.035897$ & $-0.00887146$ & $-0.0191394$ & $-0.00127254$ & $0.00752058$ & $0.0435539$ & $0.0328479$ & $0.0211365$ & $0.00669167$ & $-0.0017753$ & $0.0214781$ & $0.0152217$ & $0.0105965$ & $-0.0216991$ & $0.0214827$ & $0.00175642$ & $0.00570109$ & $0.00531332$ & $0.0224017$ & $-0.00448753$ & $-0.00221542$ & $-0.00513167$ & $-0.00871468$ & $-0.0740172$ & $-0.0748385$ & $-0.0619358$ & $-0.0959182$ & $-0.0037596$ & $-0.0473628$ & $-0.0327342$ & $1$ & $-0.0149281$ & $0.0471402$ & $0.040857$ & $0.00347275$ & $-0.000856612$ & $-0.0747233$ & $-0.0362363$ & $-0.0734158$ & $-0.0311809$ & $-0.0578296$ & $-0.0329192$ & $-0.0339432$ \\
eHWWpar & $0.0213298$ & $0.0349874$ & $0.00881664$ & $-0.0376472$ & $-0.028529$ & $-0.00842955$ & $0.0314469$ & $-0.00571892$ & $-0.00372011$ & $0.00235503$ & $0.0112427$ & $-0.039913$ & $-0.0253135$ & $-0.0244643$ & $-0.0209323$ & $-0.0274053$ & $0.00495999$ & $-0.000780898$ & $0.00502711$ & $-0.00482101$ & $0.00156769$ & $-0.00137538$ & $-0.00212156$ & $-0.0166754$ & $0.00661515$ & $-0.0174253$ & $0.0139316$ & $-0.0019938$ & $-0.00840418$ & $-0.0528032$ & $-0.0204386$ & $0.0216045$ & $-0.0521167$ & $0.0143421$ & $-0.0143438$ & $-0.000981563$ & $-0.0149281$ & $1$ & $0.0161416$ & $-0.00356829$ & $0.000561531$ & $0.0346099$ & $0.0321041$ & $-0.016802$ & $0.0125303$ & $0.00586555$ & $0.0502921$ & $-0.000111076$ & $0.00769876$ \\
eHZZint & $-0.0438369$ & $0.00963285$ & $0.0357985$ & $0.089317$ & $0.00274964$ & $-0.0169151$ & $0.0517663$ & $0.00216234$ & $0.0033479$ & $-0.000710629$ & $0.0042233$ & $-0.0758036$ & $-0.0630464$ & $-0.00458131$ & $0.0185138$ & $0.040938$ & $-0.0124279$ & $-0.0179646$ & $-0.0322212$ & $0.00626696$ & $-0.0106334$ & $-0.00630267$ & $0.00613319$ & $-0.00285974$ & $-0.0108661$ & $-0.00553924$ & $-0.0155217$ & $0.00913774$ & $-0.0307582$ & $-0.0601299$ & $-0.0315652$ & $0.0502071$ & $-0.0841042$ & $-0.013393$ & $-0.0470709$ & $0.0432315$ & $0.0471402$ & $0.0161416$ & $1$ & $-0.0220514$ & $-0.0588208$ & $-0.0235597$ & $0.0296839$ & $-0.0275983$ & $0.022342$ & $-0.0244123$ & $-0.0439327$ & $-0.0529651$ & $-0.0353132$ \\
eHZZpar & $0.0278617$ & $0.00826377$ & $0.00027085$ & $0.00484373$ & $-0.00152594$ & $-0.015626$ & $-0.00741116$ & $0.0224782$ & $0.0210093$ & $-0.0100536$ & $-0.0215229$ & $0.000552071$ & $0.00038478$ & $-0.00921333$ & $0.00962131$ & $0.0302367$ & $-0.0202056$ & $-0.015722$ & $-0.0210162$ & $0.0246484$ & $-0.00272782$ & $0.00789295$ & $-0.0193003$ & $-0.0158045$ & $-0.0155943$ & $-0.00688513$ & $-0.0097315$ & $-0.0145718$ & $-0.0144127$ & $-0.0104472$ & $0.0018827$ & $-0.00656823$ & $-0.0280347$ & $0.0132842$ & $-0.019863$ & $0.0447701$ & $0.040857$ & $-0.00356829$ & $-0.0220514$ & $1$ & $-0.00120545$ & $0.00795567$ & $0.0272155$ & $-0.0187858$ & $0.0194096$ & $-0.000245782$ & $0.0368185$ & $-0.085898$ & $-0.0170308$ \\
eHZgaint & $0.029324$ & $-0.0236336$ & $-0.00868304$ & $-0.0284236$ & $0.0150269$ & $0.0181191$ & $-0.0306258$ & $0.00677268$ & $0.00502511$ & $-0.0433103$ & $0.00503814$ & $0.0368326$ & $0.0241958$ & $-0.00965337$ & $-0.0100013$ & $-0.016726$ & $-0.0266444$ & $-0.0166483$ & $-0.0165644$ & $-0.00955702$ & $-0.000745234$ & $0.000167786$ & $-0.00261186$ & $-0.0196159$ & $-0.0246863$ & $-0.0108328$ & $-0.00790183$ & $0.0166103$ & $0.0130356$ & $0.0208636$ & $0.0120616$ & $-0.0224202$ & $0.0523931$ & $-0.00115269$ & $0.00239286$ & $-0.0197465$ & $0.00347275$ & $0.000561531$ & $-0.0588208$ & $-0.00120545$ & $1$ & $0.0192754$ & $0.00287267$ & $0.00925098$ & $-0.0382101$ & $0.0579479$ & $0.0310041$ & $0.0367874$ & $0.0293939$ \\
eHZgapar & $-0.0119414$ & $-0.0207019$ & $-0.00443225$ & $-0.0074278$ & $0.0119412$ & $-0.0122319$ & $-0.00479404$ & $0.0102338$ & $0.0116248$ & $0.0283786$ & $-0.0274448$ & $-0.00218723$ & $0.00878662$ & $0.0179618$ & $0.000251744$ & $0.00960027$ & $0.0217199$ & $0.0135131$ & $0.00243534$ & $0.0315086$ & $0.0166322$ & $0.0151723$ & $0.00267873$ & $-0.00138012$ & $0.00904674$ & $-0.00694938$ & $0.000573314$ & $0.00488655$ & $0.0044744$ & $0.0102673$ & $-0.0101055$ & $-0.00206192$ & $0.00586883$ & $0.00150482$ & $0.000955247$ & $-0.0035207$ & $-0.000856612$ & $0.0346099$ & $-0.0235597$ & $0.00795567$ & $0.0192754$ & $1$ & $0.0217283$ & $0.0394146$ & $-0.00454524$ & $0.0290224$ & $-0.0186067$ & $-0.012352$ & $0.0010742$ \\
eHgagaint & $0.0367797$ & $0.0889484$ & $0.0164193$ & $-0.0109603$ & $-0.00031406$ & $0.0303762$ & $0.0424311$ & $-0.0228025$ & $0.0177233$ & $0.00484261$ & $0.0244884$ & $-0.0554502$ & $-0.0419412$ & $0.00506244$ & $0.0278872$ & $0.0193033$ & $0.0123906$ & $0.000656866$ & $0.000926456$ & $-0.0192946$ & $-0.028553$ & $-0.00835602$ & $-0.011896$ & $0.0440811$ & $0.00942146$ & $0.031315$ & $-0.00769909$ & $-0.00161704$ & $-0.0244298$ & $-0.0371082$ & $0.0333604$ & $0.0426555$ & $-0.0256705$ & $-0.00381644$ & $0.0438361$ & $0.0509684$ & $-0.0747233$ & $0.0321041$ & $0.0296839$ & $0.0272155$ & $0.00287267$ & $0.0217283$ & $1$ & $-0.0176883$ & $0.0580023$ & $0.00597966$ & $0.0943465$ & $-0.0344679$ & $0.00919978$ \\
eHmumuint & $0.00501733$ & $-0.0361229$ & $-0.0283015$ & $-0.0668376$ & $-0.0124484$ & $-0.0228507$ & $0.0396259$ & $-0.0121405$ & $-0.0133441$ & $0.0246917$ & $0.000272859$ & $-0.0179172$ & $-0.0302509$ & $0.00622485$ & $0.000198865$ & $0.00139125$ & $0.0316665$ & $0.0199922$ & $0.017164$ & $-0.01023$ & $-0.00429536$ & $0.00644529$ & $0.00911541$ & $0.0131435$ & $0.0117208$ & $-0.0138987$ & $-0.00170359$ & $-0.00966819$ & $-0.00358915$ & $-0.0262313$ & $-0.00673736$ & $0.0485354$ & $-0.0188629$ & $-0.00607674$ & $0.0102831$ & $0.0184966$ & $-0.0362363$ & $-0.016802$ & $-0.0275983$ & $-0.0187858$ & $0.00925098$ & $0.0394146$ & $-0.0176883$ & $1$ & $-0.0501125$ & $-0.012989$ & $0.0103186$ & $0.0200022$ & $-0.0137378$ \\
eHtautauint & $-0.0284506$ & $0.0366283$ & $-0.0240801$ & $-0.00939104$ & $-0.0115342$ & $0.00350739$ & $-0.0139313$ & $0.0218833$ & $0.0263436$ & $-0.0202998$ & $-0.0201592$ & $-0.00593975$ & $0.00663551$ & $-0.00564985$ & $0.00402491$ & $0.00197993$ & $-0.0144814$ & $-0.0120343$ & $-0.0109262$ & $0.00462979$ & $0.00893632$ & $-0.0174038$ & $-0.0109168$ & $-0.0209348$ & $-0.00900324$ & $0.00238184$ & $0.0149031$ & $0.0145648$ & $-0.0120972$ & $0.0488297$ & $0.0174808$ & $-0.0168559$ & $0.0153219$ & $0.0298074$ & $-0.0374446$ & $0.0305164$ & $-0.0734158$ & $0.0125303$ & $0.022342$ & $0.0194096$ & $-0.0382101$ & $-0.00454524$ & $0.0580023$ & $-0.0501125$ & $1$ & $-0.059305$ & $0.0245179$ & $-0.035148$ & $0.0118127$ \\
eHccint & $0.011726$ & $0.0559485$ & $0.0230479$ & $-0.0577971$ & $-0.015871$ & $0.00458934$ & $0.0280849$ & $-0.0233789$ & $-0.0215493$ & $0.00354794$ & $0.0359894$ & $-0.0564251$ & $-0.0387718$ & $-0.017591$ & $0.0155812$ & $0.0295396$ & $-0.0150005$ & $-0.0131186$ & $-0.0227815$ & $-0.0151301$ & $-0.0383416$ & $-0.0191893$ & $-0.0198786$ & $0.00584558$ & $-0.00910432$ & $0.00170142$ & $-0.0288991$ & $0.0098157$ & $0.00326176$ & $-0.0266807$ & $0.04431$ & $0.0248141$ & $-0.0202541$ & $-0.0177634$ & $-0.00981239$ & $-0.00652658$ & $-0.0311809$ & $0.00586555$ & $-0.0244123$ & $-0.000245782$ & $0.0579479$ & $0.0290224$ & $0.00597966$ & $-0.012989$ & $-0.059305$ & $1$ & $0.0603689$ & $0.0290828$ & $0.0151129$ \\
eHccpar & $0.109336$ & $0.0633276$ & $0.0274307$ & $-0.121249$ & $-0.00827831$ & $-0.0377133$ & $0.00858036$ & $-0.0238029$ & $-0.0212504$ & $0.00465765$ & $0.0301789$ & $-0.000364813$ & $-0.00970264$ & $-0.0155249$ & $0.0116628$ & $-0.0206632$ & $0.0183317$ & $0.000406305$ & $0.00992609$ & $-0.0176912$ & $-0.0258054$ & $-0.0302425$ & $0.0146152$ & $0.00500226$ & $-0.00414621$ & $-0.0346923$ & $-0.0447631$ & $-0.00321597$ & $0.00316571$ & $-0.00408018$ & $0.269514$ & $0.012475$ & $0.00412073$ & $-0.00268322$ & $0.0238532$ & $-0.0189712$ & $-0.0578296$ & $0.0502921$ & $-0.0439327$ & $0.0368185$ & $0.0310041$ & $-0.0186067$ & $0.0943465$ & $0.0103186$ & $0.0245179$ & $0.0603689$ & $1$ & $0.0373641$ & $-0.02261$ \\
eHbbint & $0.0502731$ & $-0.0246218$ & $-0.00106122$ & $-0.0664333$ & $-0.00441509$ & $-0.018753$ & $0.0193395$ & $0.0174586$ & $0.0164482$ & $0.0113217$ & $-0.024012$ & $-0.0311298$ & $-0.0240873$ & $0.00573081$ & $0.000386457$ & $-0.0182578$ & $-0.00643842$ & $-0.00477963$ & $0.0240473$ & $0.0250783$ & $0.0389744$ & $-0.001573$ & $-0.0231895$ & $-0.00934141$ & $-0.00748109$ & $-0.0139409$ & $0.000207513$ & $0.000806571$ & $0.00291086$ & $-0.0117403$ & $0.0369477$ & $0.0251122$ & $0.0787339$ & $-0.000450561$ & $0.0490226$ & $-0.0429677$ & $-0.0329192$ & $-0.000111076$ & $-0.0529651$ & $-0.085898$ & $0.0367874$ & $-0.012352$ & $-0.0344679$ & $0.0200022$ & $-0.035148$ & $0.0290828$ & $0.0373641$ & $1$ & $0.0483524$ \\
eHbbpar & $0.000378125$ & $0.0321801$ & $-0.00159075$ & $-0.0313001$ & $-0.00666958$ & $0.0270601$ & $-0.0309947$ & $0.0055624$ & $0.00602166$ & $0.00473688$ & $-0.00927234$ & $0.0357778$ & $0.0381292$ & $0.0103055$ & $-0.0208856$ & $-0.0155288$ & $0.00197515$ & $0.00163869$ & $0.00145436$ & $0.00952996$ & $0.012418$ & $0.0188336$ & $0.0107385$ & $-0.013575$ & $0.00400416$ & $-0.0235583$ & $0.0135897$ & $-0.0239836$ & $0.00371344$ & $0.0155491$ & $0.0453238$ & $-0.0257279$ & $0.303079$ & $0.0106837$ & $0.0276991$ & $-0.00456205$ & $-0.0339432$ & $0.00769876$ & $-0.0353132$ & $-0.0170308$ & $0.0293939$ & $0.0010742$ & $0.00919978$ & $-0.0137378$ & $0.0118127$ & $0.0151129$ & $-0.02261$ & $0.0483524$ & $1$ \\
