 & AlsMz & dAle5Mz & mtop & mHl & Mz & CW & CHG & CHWB & CHWHB_gaga & CHWHB_gagaorth & CHD & CHbox & CH & CHL1_11 & CHL1_22 & CHL1_33 & CHL3_11 & CHL3_22 & CHL3_33 & CHe_11 & CHe_22 & CHe_33 & CHQ1_11 & CHQ1_33 & CHQ3_11 & CHu_11 & CHd_11 & CHd_33 & CeH_22r & CeH_33r & CuH_22r & CuH_33r & CdH_33r & CLL_1221 & eHggint & eHggpar & eHWWint & eHWWpar & eHZZint & eHZZpar & eHZgaint & eHZgapar & eHgagaint & eHmumuint & eHtautauint & eHccint & eHccpar & eHbbint & eHbbpar \\
AlsMz & $1$ & $0.0326443$ & $0.0857033$ & $0.184967$ & $0.00376654$ & $-0.0136703$ & $0.0938676$ & $-0.0281969$ & $-0.0288404$ & $0.0125187$ & $0.002502$ & $-0.0577331$ & $-0.0679658$ & $0.0139369$ & $0.00992871$ & $-0.00486307$ & $0.0461958$ & $0.0308121$ & $0.0332474$ & $-0.00826115$ & $-0.0109113$ & $-0.0118874$ & $0.00192409$ & $0.00173313$ & $-0.0597121$ & $-0.0445293$ & $-0.0539173$ & $0.0238092$ & $-0.00625374$ & $-0.0356639$ & $0.041858$ & $0.0996683$ & $-0.0298307$ & $-0.0273127$ & $0.0133836$ & $-0.0670683$ & $0.0652509$ & $-0.0230121$ & $0.0114871$ & $0.00695465$ & $0.0271909$ & $0.0555675$ & $0.0429942$ & $0.0551825$ & $0.0773206$ & $0.00498713$ & $0.181489$ & $-0.0676602$ & $0.0637264$ \\
dAle5Mz & $0.0326443$ & $1$ & $-0.00916141$ & $0.0150096$ & $-0.0400663$ & $0.0367649$ & $-0.0177667$ & $-0.0891284$ & $-0.0957161$ & $0.0477816$ & $0.0867705$ & $0.036373$ & $0.0435655$ & $-0.0506062$ & $-0.0703806$ & $-0.0755988$ & $-0.00569813$ & $0.0193661$ & $0.0175748$ & $-0.0745842$ & $-0.0702834$ & $-0.075027$ & $0.0255152$ & $0.01662$ & $0.00630365$ & $0.0467819$ & $0.0104967$ & $-0.0346347$ & $0.0534431$ & $0.00779104$ & $0.0180921$ & $-0.0239402$ & $-0.00702344$ & $0.0289467$ & $-0.0844543$ & $-0.116181$ & $0.0550405$ & $0.0436514$ & $0.0906149$ & $0.0530528$ & $0.0547687$ & $-0.00915575$ & $-0.158724$ & $-0.110067$ & $-0.143278$ & $0.0636403$ & $-0.0943236$ & $-0.0930867$ & $-0.0452097$ \\
mtop & $0.0857033$ & $-0.00916141$ & $1$ & $-0.0921654$ & $-0.0123374$ & $-0.000841791$ & $-0.122203$ & $-0.00473998$ & $-0.00257165$ & $0.0034305$ & $0.00100613$ & $0.0633831$ & $0.0875496$ & $0.0170266$ & $-0.0235541$ & $-0.0116715$ & $0.0214983$ & $0.0325025$ & $0.0226275$ & $0.00061845$ & $0.00578861$ & $0.000265594$ & $0.0192222$ & $0.0088916$ & $0.0139118$ & $-0.0197914$ & $0.00967861$ & $-0.001165$ & $0.0735528$ & $0.0390447$ & $0.0395817$ & $-0.136681$ & $0.032352$ & $0.0232549$ & $-0.0660107$ & $-0.0582767$ & $0.0503842$ & $-0.0742566$ & $0.156036$ & $0.0413396$ & $0.0475767$ & $0.0309257$ & $0.0448651$ & $0.06682$ & $0.0707482$ & $-0.167517$ & $-0.0118773$ & $-0.0998916$ & $-0.0256514$ \\
mHl & $0.184967$ & $0.0150096$ & $-0.0921654$ & $1$ & $-0.0166854$ & $0.00926914$ & $0.0708154$ & $-0.0361688$ & $-0.0274494$ & $0.0149957$ & $0.0334177$ & $-0.00422259$ & $-0.0119061$ & $-0.0113244$ & $0.027068$ & $0.0205671$ & $-0.00732708$ & $-0.0190005$ & $-0.0141791$ & $-0.0333647$ & $-0.0420612$ & $-0.038859$ & $-0.00735364$ & $0.0152179$ & $-0.0298451$ & $0.0219255$ & $-0.0636084$ & $-0.0133773$ & $-0.00941162$ & $-0.0270153$ & $0.0447247$ & $0.0672224$ & $-0.0238948$ & $-0.0645153$ & $-0.0852105$ & $-0.0312463$ & $0.156461$ & $-0.00211242$ & $0.0179342$ & $-0.0347467$ & $0.0309081$ & $0.0594177$ & $0.0316638$ & $0.0423913$ & $0.0225343$ & $0.0541628$ & $-0.0167011$ & $0.0138199$ & $0.0272639$ \\
Mz & $0.00376654$ & $-0.0400663$ & $-0.0123374$ & $-0.0166854$ & $1$ & $0.0111817$ & $0.00554425$ & $-0.00281295$ & $-0.00610728$ & $0.0287905$ & $0.015028$ & $0.0361322$ & $0.0149461$ & $0.0037732$ & $-0.00974852$ & $-0.00813096$ & $-0.0226523$ & $-0.00625785$ & $-0.00818768$ & $-0.00993765$ & $-0.00841381$ & $-0.012332$ & $-0.0281342$ & $-0.00277573$ & $-0.0229024$ & $0.0280941$ & $-0.0162536$ & $-0.0167503$ & $0.0147077$ & $0.00666447$ & $-0.0301144$ & $-0.000730096$ & $-0.0163807$ & $-0.00586925$ & $0.0393678$ & $0.055418$ & $-0.013326$ & $0.0152182$ & $-0.022276$ & $-0.000499503$ & $-0.0397179$ & $-0.0164422$ & $0.00658105$ & $0.00397259$ & $-0.031878$ & $-0.0409478$ & $-0.0212461$ & $0.0206143$ & $-0.0507351$ \\
CW & $-0.0136703$ & $0.0367649$ & $-0.000841791$ & $0.00926914$ & $0.0111817$ & $1$ & $0.0367256$ & $-0.0156835$ & $-0.0187621$ & $-0.0239386$ & $0.127909$ & $0.0262592$ & $-0.0295079$ & $-0.0323881$ & $-0.038848$ & $-0.0275696$ & $-0.376089$ & $-0.198038$ & $-0.204609$ & $-0.124483$ & $-0.132929$ & $-0.131618$ & $-0.000506372$ & $-0.144114$ & $-0.239531$ & $0.0648876$ & $-0.110975$ & $-0.0398435$ & $0.0142251$ & $-0.0176887$ & $-0.0323659$ & $0.0330033$ & $-0.0333042$ & $-0.10889$ & $-0.0540367$ & $0.0579223$ & $0.0262926$ & $0.00243332$ & $-0.0405341$ & $-0.00538797$ & $0.014732$ & $0.0457738$ & $-0.0361759$ & $0.024393$ & $0.0665998$ & $-0.0596144$ & $-0.0332824$ & $0.0177921$ & $0.0259467$ \\
CHG & $0.0938676$ & $-0.0177667$ & $-0.122203$ & $0.0708154$ & $0.00554425$ & $0.0367256$ & $1$ & $-0.0714392$ & $-0.0442185$ & $0.165042$ & $0.138193$ & $-0.551658$ & $-0.792302$ & $-0.16949$ & $-0.05662$ & $-0.0248421$ & $-0.139662$ & $-0.10765$ & $-0.13181$ & $-0.131214$ & $-0.140411$ & $-0.14477$ & $-0.0650184$ & $-0.0539128$ & $-0.125563$ & $0.139834$ & $-0.057898$ & $-0.051709$ & $-0.116208$ & $-0.57868$ & $-0.330452$ & $0.959819$ & $-0.571518$ & $-0.0282461$ & $-0.0265835$ & $-0.0746576$ & $-0.0447233$ & $0.0250522$ & $-0.0244276$ & $-0.0466435$ & $-0.0503702$ & $0.0862908$ & $0.0841731$ & $-0.00811723$ & $0.0384617$ & $0.0387762$ & $0.0366298$ & $0.0903119$ & $0.0888789$ \\
CHWB & $-0.0281969$ & $-0.0891284$ & $-0.00473998$ & $-0.0361688$ & $-0.00281295$ & $-0.0156835$ & $-0.0714392$ & $1$ & $0.990441$ & $-0.558485$ & $-0.88247$ & $-0.118073$ & $0.0721062$ & $0.28651$ & $0.481388$ & $0.501908$ & $-0.250838$ & $-0.421739$ & $-0.440402$ & $0.868331$ & $0.893964$ & $0.885995$ & $-0.0317887$ & $-0.6548$ & $-0.402843$ & $-0.597856$ & $0.368483$ & $0.407948$ & $-0.00479375$ & $0.0548376$ & $0.0212411$ & $-0.075639$ & $0.0701036$ & $0.530848$ & $-0.0304813$ & $0.0332756$ & $-0.0322777$ & $0.00716947$ & $0.0333153$ & $-0.00705743$ & $-0.00406553$ & $-0.0118191$ & $-0.00911719$ & $0.039905$ & $0.0114079$ & $-0.0206524$ & $-0.0263501$ & $0.024741$ & $0.0191845$ \\
CHWHB_gaga & $-0.0288404$ & $-0.0957161$ & $-0.00257165$ & $-0.0274494$ & $-0.00610728$ & $-0.0187621$ & $-0.0442185$ & $0.990441$ & $1$ & $-0.553849$ & $-0.872765$ & $-0.111586$ & $0.0673999$ & $0.280423$ & $0.470095$ & $0.499244$ & $-0.250304$ & $-0.415787$ & $-0.440417$ & $0.859037$ & $0.884239$ & $0.87595$ & $-0.0281935$ & $-0.64839$ & $-0.39714$ & $-0.590797$ & $0.372694$ & $0.403614$ & $-0.00105262$ & $0.0674134$ & $0.0324308$ & $-0.0505206$ & $0.0828804$ & $0.531963$ & $-0.0380671$ & $0.0209221$ & $-0.0399584$ & $0.00719835$ & $0.0402937$ & $-0.0036438$ & $-0.0155578$ & $-0.00879547$ & $0.0397026$ & $0.0337996$ & $0.0132909$ & $-0.0120773$ & $-0.0217504$ & $0.0395935$ & $0.0133544$ \\
CHWHB_gagaorth & $0.0125187$ & $0.0477816$ & $0.0034305$ & $0.0149957$ & $0.0287905$ & $-0.0239386$ & $0.165042$ & $-0.558485$ & $-0.553849$ & $1$ & $0.483374$ & $0.164282$ & $-0.26335$ & $-0.150009$ & $-0.245546$ & $-0.281419$ & $0.167543$ & $0.241725$ & $0.264943$ & $-0.474544$ & $-0.490936$ & $-0.489491$ & $0.00804961$ & $0.390394$ & $0.228991$ & $0.334007$ & $-0.223223$ & $-0.221788$ & $-0.00258191$ & $-0.209767$ & $-0.0910405$ & $0.171853$ & $-0.246743$ & $-0.309246$ & $0.104475$ & $-0.0100104$ & $-7.09493e-05$ & $-0.0821671$ & $-0.00572666$ & $-0.0224076$ & $-0.0357521$ & $0.0307087$ & $0.0546048$ & $-0.0383754$ & $-0.00617895$ & $0.0103569$ & $0.024403$ & $0.0377599$ & $0.0162307$ \\
CHD & $0.002502$ & $0.0867705$ & $0.00100613$ & $0.0334177$ & $0.015028$ & $0.127909$ & $0.138193$ & $-0.88247$ & $-0.872765$ & $0.483374$ & $1$ & $0.135372$ & $-0.121632$ & $-0.664398$ & $-0.576205$ & $-0.590414$ & $-0.205915$ & $0.0133385$ & $0.0346998$ & $-0.995157$ & $-0.995195$ & $-0.983522$ & $0.0684378$ & $0.265119$ & $-0.0133929$ & $0.677263$ & $-0.265801$ & $-0.447495$ & $0.00286226$ & $-0.111624$ & $-0.0571393$ & $0.149697$ & $-0.138039$ & $-0.348192$ & $0.0234692$ & $-0.0343356$ & $0.0220751$ & $0.00590719$ & $-0.0324534$ & $-0.00752531$ & $0.0152035$ & $0.0240732$ & $-0.00281892$ & $-0.0223588$ & $-0.0112481$ & $0.0310926$ & $0.0141701$ & $-0.0119878$ & $-0.0420934$ \\
CHbox & $-0.0577331$ & $0.036373$ & $0.0633831$ & $-0.00422259$ & $0.0361322$ & $0.0262592$ & $-0.551658$ & $-0.118073$ & $-0.111586$ & $0.164282$ & $0.135372$ & $1$ & $0.695611$ & $-0.0941601$ & $-0.040733$ & $-0.12269$ & $-0.0301684$ & $-0.0262937$ & $0.0333668$ & $-0.132951$ & $-0.134115$ & $-0.13201$ & $0.0313768$ & $0.038598$ & $0.00756325$ & $0.0824655$ & $-0.0164179$ & $-0.0675931$ & $0.138606$ & $0.567199$ & $0.336739$ & $-0.46606$ & $0.539503$ & $-0.0821024$ & $0.0566651$ & $0.0263197$ & $0.11381$ & $-0.0181674$ & $0.0329149$ & $-0.0336187$ & $0.00865629$ & $-0.0357785$ & $-0.0557166$ & $-0.00737056$ & $0.015554$ & $-0.0411489$ & $-0.0612874$ & $-0.0787451$ & $-0.0571597$ \\
CH & $-0.0679658$ & $0.0435655$ & $0.0875496$ & $-0.0119061$ & $0.0149461$ & $-0.0295079$ & $-0.792302$ & $0.0721062$ & $0.0673999$ & $-0.26335$ & $-0.121632$ & $0.695611$ & $1$ & $0.134736$ & $0.0226765$ & $0.00542863$ & $0.103583$ & $0.0907511$ & $0.107885$ & $0.115275$ & $0.127293$ & $0.130698$ & $0.0579071$ & $0.0266144$ & $0.10277$ & $-0.119353$ & $0.0843659$ & $0.0508698$ & $0.158275$ & $0.71126$ & $0.41986$ & $-0.727204$ & $0.701908$ & $0.056145$ & $-0.0307582$ & $0.0166776$ & $0.0633317$ & $0.0298243$ & $0.0502082$ & $0.0392454$ & $0.0641641$ & $-0.0768509$ & $-0.139219$ & $0.0218579$ & $-0.0011235$ & $-0.0198842$ & $-0.0476442$ & $-0.125046$ & $-0.0809344$ \\
CHL1_11 & $0.0139369$ & $-0.0506062$ & $0.0170266$ & $-0.0113244$ & $0.0037732$ & $-0.0323881$ & $-0.16949$ & $0.28651$ & $0.280423$ & $-0.150009$ & $-0.664398$ & $-0.0941601$ & $0.134736$ & $1$ & $0.392924$ & $0.403922$ & $0.61552$ & $0.571663$ & $0.549848$ & $0.673485$ & $0.638591$ & $0.627045$ & $-0.0931808$ & $0.397812$ & $0.56473$ & $-0.446893$ & $-0.0325471$ & $0.278252$ & $0.0106983$ & $0.139902$ & $0.0739538$ & $-0.190372$ & $0.16074$ & $-0.135713$ & $-0.0198511$ & $0.0446055$ & $-0.00325861$ & $-0.0216496$ & $0.0228798$ & $0.0289931$ & $-0.0217004$ & $-0.0303012$ & $0.0116386$ & $-0.0103985$ & $0.0126774$ & $-0.030736$ & $0.000369802$ & $-0.0150078$ & $0.0634352$ \\
CHL1_22 & $0.00992871$ & $-0.0703806$ & $-0.0235541$ & $0.027068$ & $-0.00974852$ & $-0.038848$ & $-0.05662$ & $0.481388$ & $0.470095$ & $-0.245546$ & $-0.576205$ & $-0.040733$ & $0.0226765$ & $0.392924$ & $1$ & $0.556487$ & $0.113201$ & $-0.350341$ & $-0.0637282$ & $0.618191$ & $0.520687$ & $0.513768$ & $-0.196813$ & $-0.030172$ & $-0.125047$ & $-0.367538$ & $-0.312093$ & $0.234599$ & $0.00518043$ & $0.0213681$ & $0.0166757$ & $-0.0668028$ & $0.0384277$ & $-0.448062$ & $0.0461247$ & $0.0517322$ & $0.0340807$ & $-0.0526481$ & $0.014181$ & $-0.0358357$ & $-0.0422035$ & $0.0153869$ & $-0.0288166$ & $2.00366e-05$ & $0.0202209$ & $0.00808718$ & $-0.0236905$ & $0.0287287$ & $0.0352609$ \\
CHL1_33 & $-0.00486307$ & $-0.0755988$ & $-0.0116715$ & $0.0205671$ & $-0.00813096$ & $-0.0275696$ & $-0.0248421$ & $0.501908$ & $0.499244$ & $-0.281419$ & $-0.590414$ & $-0.12269$ & $0.00542863$ & $0.403922$ & $0.556487$ & $1$ & $0.0985709$ & $-0.0610774$ & $-0.360043$ & $0.630292$ & $0.537825$ & $0.543812$ & $-0.177091$ & $-0.0502454$ & $-0.129057$ & $-0.388387$ & $-0.28909$ & $0.239158$ & $-0.0190619$ & $0.0226499$ & $-0.00706291$ & $-0.0317435$ & $0.0346178$ & $0.00148061$ & $-0.0134272$ & $0.0263971$ & $0.0689319$ & $-0.0353391$ & $-0.00187476$ & $-0.0235761$ & $-0.0270541$ & $0.00928447$ & $0.0161561$ & $0.041534$ & $-0.00968396$ & $-0.0192419$ & $-0.00965965$ & $0.0247218$ & $0.0185712$ \\
CHL3_11 & $0.0461958$ & $-0.00569813$ & $0.0214983$ & $-0.00732708$ & $-0.0226523$ & $-0.376089$ & $-0.139662$ & $-0.250838$ & $-0.250304$ & $0.167543$ & $-0.205915$ & $-0.0301684$ & $0.103583$ & $0.61552$ & $0.113201$ & $0.0985709$ & $1$ & $0.829131$ & $0.825612$ & $0.213713$ & $0.186825$ & $0.179948$ & $-0.0394756$ & $0.758059$ & $0.859229$ & $-0.143961$ & $-0.10293$ & $0.0723288$ & $0.000448055$ & $0.113546$ & $0.079145$ & $-0.151674$ & $0.139383$ & $-0.230406$ & $0.0247744$ & $-0.0153657$ & $0.014913$ & $-0.0199893$ & $-0.0165262$ & $0.0261973$ & $-0.0186182$ & $-0.0297447$ & $0.0347373$ & $-0.0319147$ & $-0.00266194$ & $-0.0240211$ & $0.0337016$ & $-0.0282336$ & $0.0307016$ \\
CHL3_22 & $0.0308121$ & $0.0193661$ & $0.0325025$ & $-0.0190005$ & $-0.00625785$ & $-0.198038$ & $-0.10765$ & $-0.421739$ & $-0.415787$ & $0.241725$ & $0.0133385$ & $-0.0262937$ & $0.0907511$ & $0.571663$ & $-0.350341$ & $-0.0610774$ & $0.829131$ & $1$ & $0.795822$ & $-0.0173648$ & $-0.0138621$ & $-0.0171313$ & $0.0342184$ & $0.74778$ & $0.874083$ & $-0.0042371$ & $-0.00508329$ & $-0.0185004$ & $-0.00116913$ & $0.106201$ & $0.0620585$ & $-0.117393$ & $0.11808$ & $-0.0511993$ & $-0.0158632$ & $-0.0189072$ & $-0.00163909$ & $0.00402229$ & $-0.00713195$ & $0.0480612$ & $-0.00107476$ & $-0.0349997$ & $0.0448199$ & $-0.0278017$ & $-0.0109639$ & $-0.0315741$ & $0.0347366$ & $-0.0392338$ & $0.0250451$ \\
CHL3_33 & $0.0332474$ & $0.0175748$ & $0.0226275$ & $-0.0141791$ & $-0.00818768$ & $-0.204609$ & $-0.13181$ & $-0.440402$ & $-0.440417$ & $0.264943$ & $0.0346998$ & $0.0333668$ & $0.107885$ & $0.549848$ & $-0.0637282$ & $-0.360043$ & $0.825612$ & $0.795822$ & $1$ & $-0.0380933$ & $-0.035499$ & $-0.0348324$ & $0.0303702$ & $0.754186$ & $0.871933$ & $0.0130252$ & $-0.0100406$ & $-0.023828$ & $0.0129956$ & $0.110821$ & $0.0831883$ & $-0.141586$ & $0.127388$ & $-0.351862$ & $0.0214055$ & $-0.0019678$ & $-0.0325696$ & $-0.00940139$ & $0.00259661$ & $0.0395301$ & $-0.00511442$ & $-0.0332655$ & $0.00653718$ & $-0.0592094$ & $0.0111293$ & $-0.0117422$ & $0.0259358$ & $-0.0416809$ & $0.0371929$ \\
CHe_11 & $-0.00826115$ & $-0.0745842$ & $0.00061845$ & $-0.0333647$ & $-0.00993765$ & $-0.124483$ & $-0.131214$ & $0.868331$ & $0.859037$ & $-0.474544$ & $-0.995157$ & $-0.132951$ & $0.115275$ & $0.673485$ & $0.618191$ & $0.630292$ & $0.213713$ & $-0.0173648$ & $-0.0380933$ & $1$ & $0.985693$ & $0.973609$ & $-0.0823724$ & $-0.237517$ & $0.0152126$ & $-0.672871$ & $0.213479$ & $0.441031$ & $-0.00357787$ & $0.107204$ & $0.0542096$ & $-0.142747$ & $0.13339$ & $0.293217$ & $-0.0221427$ & $0.0355586$ & $-0.0185446$ & $-0.00753861$ & $0.0373231$ & $0.00485136$ & $-0.0198653$ & $-0.0198195$ & $0.00137379$ & $0.0164781$ & $0.00916526$ & $-0.0306848$ & $-0.019176$ & $0.014441$ & $0.0417592$ \\
CHe_22 & $-0.0109113$ & $-0.0702834$ & $0.00578861$ & $-0.0420612$ & $-0.00841381$ & $-0.132929$ & $-0.140411$ & $0.893964$ & $0.884239$ & $-0.490936$ & $-0.995195$ & $-0.134115$ & $0.127293$ & $0.638591$ & $0.520687$ & $0.537825$ & $0.186825$ & $-0.0138621$ & $-0.035499$ & $0.985693$ & $1$ & $0.98641$ & $-0.0511593$ & $-0.301496$ & $0.00636005$ & $-0.675328$ & $0.326086$ & $0.448217$ & $-0.00160087$ & $0.11375$ & $0.0590554$ & $-0.151292$ & $0.139474$ & $0.413491$ & $-0.0275755$ & $0.0300846$ & $-0.0282181$ & $-0.000259999$ & $0.0316743$ & $0.00928688$ & $-0.013988$ & $-0.0269662$ & $0.000509501$ & $0.021754$ & $0.00981648$ & $-0.0326725$ & $-0.0165515$ & $0.0091826$ & $0.0374715$ \\
CHe_33 & $-0.0118874$ & $-0.075027$ & $0.000265594$ & $-0.038859$ & $-0.012332$ & $-0.131618$ & $-0.14477$ & $0.885995$ & $0.87595$ & $-0.489491$ & $-0.983522$ & $-0.13201$ & $0.130698$ & $0.627045$ & $0.513768$ & $0.543812$ & $0.179948$ & $-0.0171313$ & $-0.0348324$ & $0.973609$ & $0.98641$ & $1$ & $-0.0404261$ & $-0.29929$ & $0.00484244$ & $-0.671205$ & $0.330531$ & $0.444745$ & $-0.00191814$ & $0.123306$ & $0.0621461$ & $-0.153426$ & $0.14651$ & $0.413182$ & $-0.0300944$ & $0.0290002$ & $-0.0354648$ & $-0.00981391$ & $0.0330121$ & $0.00916267$ & $-0.00633637$ & $-0.0341277$ & $-0.00837316$ & $0.0229758$ & $0.00947475$ & $-0.0334039$ & $-0.0140924$ & $0.00615559$ & $0.0387665$ \\
CHQ1_11 & $0.00192409$ & $0.0255152$ & $0.0192222$ & $-0.00735364$ & $-0.0281342$ & $-0.000506372$ & $-0.0650184$ & $-0.0317887$ & $-0.0281935$ & $0.00804961$ & $0.0684378$ & $0.0313768$ & $0.0579071$ & $-0.0931808$ & $-0.196813$ & $-0.177091$ & $-0.0394756$ & $0.0342184$ & $0.0303702$ & $-0.0823724$ & $-0.0511593$ & $-0.0404261$ & $1$ & $-0.0589269$ & $0.0934013$ & $-0.54905$ & $0.326877$ & $-0.0181462$ & $-0.00665769$ & $0.040554$ & $0.0341124$ & $-0.0635807$ & $0.0221922$ & $0.158343$ & $0.00594089$ & $0.0282998$ & $-0.058608$ & $0.016649$ & $0.0865152$ & $0.0107082$ & $0.0524783$ & $-0.0506768$ & $0.0364776$ & $-0.0573099$ & $-0.00816173$ & $-0.0252091$ & $-0.0424824$ & $-0.0276553$ & $-0.0445094$ \\
CHQ1_33 & $0.00173313$ & $0.01662$ & $0.0088916$ & $0.0152179$ & $-0.00277573$ & $-0.144114$ & $-0.0539128$ & $-0.6548$ & $-0.64839$ & $0.390394$ & $0.265119$ & $0.038598$ & $0.0266144$ & $0.397812$ & $-0.030172$ & $-0.0502454$ & $0.758059$ & $0.74778$ & $0.754186$ & $-0.237517$ & $-0.301496$ & $-0.29929$ & $-0.0589269$ & $1$ & $0.767238$ & $0.185949$ & $-0.341587$ & $-0.0670492$ & $0.020253$ & $0.0443912$ & $0.0294448$ & $-0.0652237$ & $0.0494715$ & $-0.585356$ & $0.0356402$ & $-0.0142017$ & $0.0401641$ & $-0.0384098$ & $-0.0404844$ & $0.0205642$ & $-0.0210606$ & $-0.00582283$ & $0.0365546$ & $-0.0372683$ & $-0.00616147$ & $-0.0142534$ & $0.0249695$ & $-0.0321603$ & $0.00878307$ \\
CHQ3_11 & $-0.0597121$ & $0.00630365$ & $0.0139118$ & $-0.0298451$ & $-0.0229024$ & $-0.239531$ & $-0.125563$ & $-0.402843$ & $-0.39714$ & $0.228991$ & $-0.0133929$ & $0.00756325$ & $0.10277$ & $0.56473$ & $-0.125047$ & $-0.129057$ & $0.859229$ & $0.874083$ & $0.871933$ & $0.0152126$ & $0.00636005$ & $0.00484244$ & $0.0934013$ & $0.767238$ & $1$ & $-0.0179381$ & $0.156035$ & $0.00168319$ & $0.00545152$ & $0.11149$ & $0.0623699$ & $-0.137038$ & $0.126635$ & $-0.230564$ & $0.0027776$ & $-0.00183216$ & $-0.000584992$ & $-0.0191042$ & $0.00829004$ & $0.0423842$ & $0.00168664$ & $-0.0365958$ & $0.0180986$ & $-0.042039$ & $-0.00467082$ & $-0.0368609$ & $-0.0123396$ & $-0.0221981$ & $0.0154505$ \\
CHu_11 & $-0.0445293$ & $0.0467819$ & $-0.0197914$ & $0.0219255$ & $0.0280941$ & $0.0648876$ & $0.139834$ & $-0.597856$ & $-0.590797$ & $0.334007$ & $0.677263$ & $0.0824655$ & $-0.119353$ & $-0.446893$ & $-0.367538$ & $-0.388387$ & $-0.143961$ & $-0.0042371$ & $0.0130252$ & $-0.672871$ & $-0.675328$ & $-0.671205$ & $-0.54905$ & $0.185949$ & $-0.0179381$ & $1$ & $-0.184278$ & $-0.306471$ & $0.0190767$ & $-0.10005$ & $-0.06721$ & $0.148393$ & $-0.102151$ & $-0.261162$ & $0.0010609$ & $-0.0593695$ & $0.0494395$ & $-0.0217195$ & $-0.0894987$ & $-0.00022765$ & $-0.0184331$ & $0.0451905$ & $-0.0356001$ & $0.0300132$ & $0.0113109$ & $0.0595821$ & $0.0224462$ & $0.0242663$ & $0.00965665$ \\
CHd_11 & $-0.0539173$ & $0.0104967$ & $0.00967861$ & $-0.0636084$ & $-0.0162536$ & $-0.110975$ & $-0.057898$ & $0.368483$ & $0.372694$ & $-0.223223$ & $-0.265801$ & $-0.0164179$ & $0.0843659$ & $-0.0325471$ & $-0.312093$ & $-0.28909$ & $-0.10293$ & $-0.00508329$ & $-0.0100406$ & $0.213479$ & $0.326086$ & $0.330531$ & $0.326877$ & $-0.341587$ & $0.156035$ & $-0.184278$ & $1$ & $0.159422$ & $0.0102983$ & $0.0616323$ & $0.0239532$ & $-0.0566434$ & $0.0676471$ & $0.677351$ & $-0.0449222$ & $-0.0188625$ & $-0.0606031$ & $0.0168569$ & $0.03637$ & $0.0424802$ & $0.0511263$ & $-0.0349349$ & $-0.00571869$ & $0.0138582$ & $0.00505169$ & $-0.0353045$ & $-0.0500996$ & $-0.0038512$ & $-0.0207764$ \\
CHd_33 & $0.0238092$ & $-0.0346347$ & $-0.001165$ & $-0.0133773$ & $-0.0167503$ & $-0.0398435$ & $-0.051709$ & $0.407948$ & $0.403614$ & $-0.221788$ & $-0.447495$ & $-0.0675931$ & $0.0508698$ & $0.278252$ & $0.234599$ & $0.239158$ & $0.0723288$ & $-0.0185004$ & $-0.023828$ & $0.441031$ & $0.448217$ & $0.444745$ & $-0.0181462$ & $-0.0670492$ & $0.00168319$ & $-0.306471$ & $0.159422$ & $1$ & $0.0252326$ & $0.0599281$ & $0.0397025$ & $-0.0554766$ & $0.0485087$ & $0.191588$ & $-0.0345305$ & $0.0197243$ & $0.00162196$ & $-0.0261817$ & $0.00883595$ & $-0.00925257$ & $-0.0136632$ & $0.00282423$ & $-0.0369438$ & $0.0148436$ & $0.0189073$ & $-0.0518348$ & $0.0172227$ & $-0.0131174$ & $-0.00157514$ \\
CeH_22r & $-0.00625374$ & $0.0534431$ & $0.0735528$ & $-0.00941162$ & $0.0147077$ & $0.0142251$ & $-0.116208$ & $-0.00479375$ & $-0.00105262$ & $-0.00258191$ & $0.00286226$ & $0.138606$ & $0.158275$ & $0.0106983$ & $0.00518043$ & $-0.0190619$ & $0.000448055$ & $-0.00116913$ & $0.0129956$ & $-0.00357787$ & $-0.00160087$ & $-0.00191814$ & $-0.00665769$ & $0.020253$ & $0.00545152$ & $0.0190767$ & $0.0102983$ & $0.0252326$ & $1$ & $0.110029$ & $0.107532$ & $-0.123507$ & $0.110825$ & $-0.0117439$ & $-0.0540063$ & $-0.021276$ & $0.000145284$ & $-0.0350757$ & $0.0624442$ & $0.00787447$ & $0.0285779$ & $-0.00383354$ & $-0.0427584$ & $-0.0109203$ & $-0.0119715$ & $-0.0131095$ & $0.0164818$ & $-0.00156599$ & $-0.0163468$ \\
CeH_33r & $-0.0356639$ & $0.00779104$ & $0.0390447$ & $-0.0270153$ & $0.00666447$ & $-0.0176887$ & $-0.57868$ & $0.0548376$ & $0.0674134$ & $-0.209767$ & $-0.111624$ & $0.567199$ & $0.71126$ & $0.139902$ & $0.0213681$ & $0.0226499$ & $0.113546$ & $0.106201$ & $0.110821$ & $0.107204$ & $0.11375$ & $0.123306$ & $0.040554$ & $0.0443912$ & $0.11149$ & $-0.10005$ & $0.0616323$ & $0.0599281$ & $0.110029$ & $1$ & $0.469116$ & $-0.450935$ & $0.823519$ & $0.0381474$ & $-0.0333047$ & $-0.000356058$ & $-0.0382352$ & $0.0204108$ & $0.0590687$ & $0.0428654$ & $0.0196191$ & $-0.0725944$ & $-0.0530068$ & $0.00114172$ & $0.0199903$ & $-0.0300924$ & $-0.0209712$ & $-0.0175626$ & $-0.0539859$ \\
CuH_22r & $0.041858$ & $0.0180921$ & $0.0395817$ & $0.0447247$ & $-0.0301144$ & $-0.0323659$ & $-0.330452$ & $0.0212411$ & $0.0324308$ & $-0.0910405$ & $-0.0571393$ & $0.336739$ & $0.41986$ & $0.0739538$ & $0.0166757$ & $-0.00706291$ & $0.079145$ & $0.0620585$ & $0.0831883$ & $0.0542096$ & $0.0590554$ & $0.0621461$ & $0.0341124$ & $0.0294448$ & $0.0623699$ & $-0.06721$ & $0.0239532$ & $0.0397025$ & $0.107532$ & $0.469116$ & $1$ & $-0.237504$ & $0.506662$ & $0.0135497$ & $0.0673954$ & $-0.0700708$ & $-0.0857096$ & $-0.0217947$ & $0.0333144$ & $0.0118002$ & $0.00879067$ & $-0.0556493$ & $0.0158827$ & $0.0492672$ & $0.031316$ & $0.103554$ & $0.332352$ & $-0.0193725$ & $-0.0168874$ \\
CuH_33r & $0.0996683$ & $-0.0239402$ & $-0.136681$ & $0.0672224$ & $-0.000730096$ & $0.0330033$ & $0.959819$ & $-0.075639$ & $-0.0505206$ & $0.171853$ & $0.149697$ & $-0.46606$ & $-0.727204$ & $-0.190372$ & $-0.0668028$ & $-0.0317435$ & $-0.151674$ & $-0.117393$ & $-0.141586$ & $-0.142747$ & $-0.151292$ & $-0.153426$ & $-0.0635807$ & $-0.0652237$ & $-0.137038$ & $0.148393$ & $-0.0566434$ & $-0.0554766$ & $-0.123507$ & $-0.450935$ & $-0.237504$ & $1$ & $-0.427158$ & $-0.0226261$ & $0.00972669$ & $-0.064145$ & $-0.057348$ & $0.0298908$ & $-0.0148764$ & $-0.0426184$ & $-0.0469441$ & $0.0739182$ & $0.0900982$ & $-0.00513962$ & $0.0402045$ & $0.0407384$ & $0.0460505$ & $0.0941782$ & $0.0856438$ \\
CdH_33r & $-0.0298307$ & $-0.00702344$ & $0.032352$ & $-0.0238948$ & $-0.0163807$ & $-0.0333042$ & $-0.571518$ & $0.0701036$ & $0.0828804$ & $-0.246743$ & $-0.138039$ & $0.539503$ & $0.701908$ & $0.16074$ & $0.0384277$ & $0.0346178$ & $0.139383$ & $0.11808$ & $0.127388$ & $0.13339$ & $0.139474$ & $0.14651$ & $0.0221922$ & $0.0494715$ & $0.126635$ & $-0.102151$ & $0.0676471$ & $0.0485087$ & $0.110825$ & $0.823519$ & $0.506662$ & $-0.427158$ & $1$ & $0.0399766$ & $-0.045928$ & $-0.0160737$ & $-0.0870676$ & $0.0251717$ & $0.0161331$ & $0.0409444$ & $0.0134234$ & $-0.0776973$ & $-0.0476199$ & $0.0394122$ & $0.0694976$ & $-0.0207393$ & $0.0180838$ & $0.0602382$ & $0.241603$ \\
CLL_1221 & $-0.0273127$ & $0.0289467$ & $0.0232549$ & $-0.0645153$ & $-0.00586925$ & $-0.10889$ & $-0.0282461$ & $0.530848$ & $0.531963$ & $-0.309246$ & $-0.348192$ & $-0.0821024$ & $0.056145$ & $-0.135713$ & $-0.448062$ & $0.00148061$ & $-0.230406$ & $-0.0511993$ & $-0.351862$ & $0.293217$ & $0.413491$ & $0.413182$ & $0.158343$ & $-0.585356$ & $-0.230564$ & $-0.261162$ & $0.677351$ & $0.191588$ & $-0.0117439$ & $0.0381474$ & $0.0135497$ & $-0.0226261$ & $0.0399766$ & $1$ & $-0.0663631$ & $-0.0322363$ & $-0.0544993$ & $0.0571942$ & $0.0139523$ & $0.0259818$ & $0.0367228$ & $-0.0302563$ & $0.0172631$ & $0.0380875$ & $-0.0200554$ & $-0.0270173$ & $-0.00108834$ & $-0.0102422$ & $-0.0240402$ \\
eHggint & $0.0133836$ & $-0.0844543$ & $-0.0660107$ & $-0.0852105$ & $0.0393678$ & $-0.0540367$ & $-0.0265835$ & $-0.0304813$ & $-0.0380671$ & $0.104475$ & $0.0234692$ & $0.0566651$ & $-0.0307582$ & $-0.0198511$ & $0.0461247$ & $-0.0134272$ & $0.0247744$ & $-0.0158632$ & $0.0214055$ & $-0.0221427$ & $-0.0275755$ & $-0.0300944$ & $0.00594089$ & $0.0356402$ & $0.0027776$ & $0.0010609$ & $-0.0449222$ & $-0.0345305$ & $-0.0540063$ & $-0.0333047$ & $0.0673954$ & $0.00972669$ & $-0.045928$ & $-0.0663631$ & $1$ & $-0.121276$ & $0.0403205$ & $-0.0782153$ & $-0.0764896$ & $-0.00139373$ & $0.103859$ & $0.0493223$ & $0.161545$ & $0.0688495$ & $0.129499$ & $0.039837$ & $0.165683$ & $0.112937$ & $0.00211703$ \\
eHggpar & $-0.0670683$ & $-0.116181$ & $-0.0582767$ & $-0.0312463$ & $0.055418$ & $0.0579223$ & $-0.0746576$ & $0.0332756$ & $0.0209221$ & $-0.0100104$ & $-0.0343356$ & $0.0263197$ & $0.0166776$ & $0.0446055$ & $0.0517322$ & $0.0263971$ & $-0.0153657$ & $-0.0189072$ & $-0.0019678$ & $0.0355586$ & $0.0300846$ & $0.0290002$ & $0.0282998$ & $-0.0142017$ & $-0.00183216$ & $-0.0593695$ & $-0.0188625$ & $0.0197243$ & $-0.021276$ & $-0.000356058$ & $-0.0700708$ & $-0.064145$ & $-0.0160737$ & $-0.0322363$ & $-0.121276$ & $1$ & $-0.0436354$ & $0.0490874$ & $-0.0638757$ & $-0.0485528$ & $-0.19356$ & $-0.0678788$ & $-0.0785648$ & $0.039621$ & $-0.133878$ & $-0.206247$ & $-0.129645$ & $-0.0869222$ & $-0.0129059$ \\
eHWWint & $0.0652509$ & $0.0550405$ & $0.0503842$ & $0.156461$ & $-0.013326$ & $0.0262926$ & $-0.0447233$ & $-0.0322777$ & $-0.0399584$ & $-7.09493e-05$ & $0.0220751$ & $0.11381$ & $0.0633317$ & $-0.00325861$ & $0.0340807$ & $0.0689319$ & $0.014913$ & $-0.00163909$ & $-0.0325696$ & $-0.0185446$ & $-0.0282181$ & $-0.0354648$ & $-0.058608$ & $0.0401641$ & $-0.000584992$ & $0.0494395$ & $-0.0606031$ & $0.00162196$ & $0.000145284$ & $-0.0382352$ & $-0.0857096$ & $-0.057348$ & $-0.0870676$ & $-0.0544993$ & $0.0403205$ & $-0.0436354$ & $1$ & $-0.0571295$ & $-0.0528373$ & $-0.0955606$ & $-0.0124013$ & $0.0772233$ & $-0.108292$ & $0.123325$ & $-0.0279266$ & $-0.11328$ & $-0.167622$ & $-0.196033$ & $-0.0460222$ \\
eHWWpar & $-0.0230121$ & $0.0436514$ & $-0.0742566$ & $-0.00211242$ & $0.0152182$ & $0.00243332$ & $0.0250522$ & $0.00716947$ & $0.00719835$ & $-0.0821671$ & $0.00590719$ & $-0.0181674$ & $0.0298243$ & $-0.0216496$ & $-0.0526481$ & $-0.0353391$ & $-0.0199893$ & $0.00402229$ & $-0.00940139$ & $-0.00753861$ & $-0.000259999$ & $-0.00981391$ & $0.016649$ & $-0.0384098$ & $-0.0191042$ & $-0.0217195$ & $0.0168569$ & $-0.0261817$ & $-0.0350757$ & $0.0204108$ & $-0.0217947$ & $0.0298908$ & $0.0251717$ & $0.0571942$ & $-0.0782153$ & $0.0490874$ & $-0.0571295$ & $1$ & $0.054836$ & $0.0659864$ & $0.0228001$ & $-0.0428372$ & $0.0374698$ & $0.0134459$ & $-0.0295238$ & $-0.0235367$ & $-0.0663024$ & $-0.0474439$ & $0.0346613$ \\
eHZZint & $0.0114871$ & $0.0906149$ & $0.156036$ & $0.0179342$ & $-0.022276$ & $-0.0405341$ & $-0.0244276$ & $0.0333153$ & $0.0402937$ & $-0.00572666$ & $-0.0324534$ & $0.0329149$ & $0.0502082$ & $0.0228798$ & $0.014181$ & $-0.00187476$ & $-0.0165262$ & $-0.00713195$ & $0.00259661$ & $0.0373231$ & $0.0316743$ & $0.0330121$ & $0.0865152$ & $-0.0404844$ & $0.00829004$ & $-0.0894987$ & $0.03637$ & $0.00883595$ & $0.0624442$ & $0.0590687$ & $0.0333144$ & $-0.0148764$ & $0.0161331$ & $0.0139523$ & $-0.0764896$ & $-0.0638757$ & $-0.0528373$ & $0.054836$ & $1$ & $0.0444426$ & $0.201201$ & $-0.0251312$ & $0.0592565$ & $-0.0559413$ & $-0.0805843$ & $-0.064757$ & $-0.0658067$ & $-0.0667205$ & $-0.0657651$ \\
eHZZpar & $0.00695465$ & $0.0530528$ & $0.0413396$ & $-0.0347467$ & $-0.000499503$ & $-0.00538797$ & $-0.0466435$ & $-0.00705743$ & $-0.0036438$ & $-0.0224076$ & $-0.00752531$ & $-0.0336187$ & $0.0392454$ & $0.0289931$ & $-0.0358357$ & $-0.0235761$ & $0.0261973$ & $0.0480612$ & $0.0395301$ & $0.00485136$ & $0.00928688$ & $0.00916267$ & $0.0107082$ & $0.0205642$ & $0.0423842$ & $-0.00022765$ & $0.0424802$ & $-0.00925257$ & $0.00787447$ & $0.0428654$ & $0.0118002$ & $-0.0426184$ & $0.0409444$ & $0.0259818$ & $-0.00139373$ & $-0.0485528$ & $-0.0955606$ & $0.0659864$ & $0.0444426$ & $1$ & $0.0110726$ & $-0.0286612$ & $0.022492$ & $-0.0253805$ & $-0.0334199$ & $0.0677316$ & $-0.02436$ & $0.0260794$ & $-0.00927769$ \\
eHZgaint & $0.0271909$ & $0.0547687$ & $0.0475767$ & $0.0309081$ & $-0.0397179$ & $0.014732$ & $-0.0503702$ & $-0.00406553$ & $-0.0155578$ & $-0.0357521$ & $0.0152035$ & $0.00865629$ & $0.0641641$ & $-0.0217004$ & $-0.0422035$ & $-0.0270541$ & $-0.0186182$ & $-0.00107476$ & $-0.00511442$ & $-0.0198653$ & $-0.013988$ & $-0.00633637$ & $0.0524783$ & $-0.0210606$ & $0.00168664$ & $-0.0184331$ & $0.0511263$ & $-0.0136632$ & $0.0285779$ & $0.0196191$ & $0.00879067$ & $-0.0469441$ & $0.0134234$ & $0.0367228$ & $0.103859$ & $-0.19356$ & $-0.0124013$ & $0.0228001$ & $0.201201$ & $0.0110726$ & $1$ & $0.053289$ & $-0.138236$ & $-0.0169371$ & $-0.0312058$ & $0.11732$ & $-0.0835385$ & $0.0556076$ & $-0.113622$ \\
eHZgapar & $0.0555675$ & $-0.00915575$ & $0.0309257$ & $0.0594177$ & $-0.0164422$ & $0.0457738$ & $0.0862908$ & $-0.0118191$ & $-0.00879547$ & $0.0307087$ & $0.0240732$ & $-0.0357785$ & $-0.0768509$ & $-0.0303012$ & $0.0153869$ & $0.00928447$ & $-0.0297447$ & $-0.0349997$ & $-0.0332655$ & $-0.0198195$ & $-0.0269662$ & $-0.0341277$ & $-0.0506768$ & $-0.00582283$ & $-0.0365958$ & $0.0451905$ & $-0.0349349$ & $0.00282423$ & $-0.00383354$ & $-0.0725944$ & $-0.0556493$ & $0.0739182$ & $-0.0776973$ & $-0.0302563$ & $0.0493223$ & $-0.0678788$ & $0.0772233$ & $-0.0428372$ & $-0.0251312$ & $-0.0286612$ & $0.053289$ & $1$ & $0.0351106$ & $0.0354777$ & $0.020753$ & $-0.032173$ & $0.0161768$ & $-0.0409633$ & $0.0516232$ \\
eHgagaint & $0.0429942$ & $-0.158724$ & $0.0448651$ & $0.0316638$ & $0.00658105$ & $-0.0361759$ & $0.0841731$ & $-0.00911719$ & $0.0397026$ & $0.0546048$ & $-0.00281892$ & $-0.0557166$ & $-0.139219$ & $0.0116386$ & $-0.0288166$ & $0.0161561$ & $0.0347373$ & $0.0448199$ & $0.00653718$ & $0.00137379$ & $0.000509501$ & $-0.00837316$ & $0.0364776$ & $0.0365546$ & $0.0180986$ & $-0.0356001$ & $-0.00571869$ & $-0.0369438$ & $-0.0427584$ & $-0.0530068$ & $0.0158827$ & $0.0900982$ & $-0.0476199$ & $0.0172631$ & $0.161545$ & $-0.0785648$ & $-0.108292$ & $0.0374698$ & $0.0592565$ & $0.022492$ & $-0.138236$ & $0.0351106$ & $1$ & $-0.109802$ & $-0.0118054$ & $0.157445$ & $0.119381$ & $0.278917$ & $-0.0213055$ \\
eHmumuint & $0.0551825$ & $-0.110067$ & $0.06682$ & $0.0423913$ & $0.00397259$ & $0.024393$ & $-0.00811723$ & $0.039905$ & $0.0337996$ & $-0.0383754$ & $-0.0223588$ & $-0.00737056$ & $0.0218579$ & $-0.0103985$ & $2.00366e-05$ & $0.041534$ & $-0.0319147$ & $-0.0278017$ & $-0.0592094$ & $0.0164781$ & $0.021754$ & $0.0229758$ & $-0.0573099$ & $-0.0372683$ & $-0.042039$ & $0.0300132$ & $0.0138582$ & $0.0148436$ & $-0.0109203$ & $0.00114172$ & $0.0492672$ & $-0.00513962$ & $0.0394122$ & $0.0380875$ & $0.0688495$ & $0.039621$ & $0.123325$ & $0.0134459$ & $-0.0559413$ & $-0.0253805$ & $-0.0169371$ & $0.0354777$ & $-0.109802$ & $1$ & $0.0426518$ & $-0.187019$ & $0.1384$ & $-0.137533$ & $0.108136$ \\
eHtautauint & $0.0773206$ & $-0.143278$ & $0.0707482$ & $0.0225343$ & $-0.031878$ & $0.0665998$ & $0.0384617$ & $0.0114079$ & $0.0132909$ & $-0.00617895$ & $-0.0112481$ & $0.015554$ & $-0.0011235$ & $0.0126774$ & $0.0202209$ & $-0.00968396$ & $-0.00266194$ & $-0.0109639$ & $0.0111293$ & $0.00916526$ & $0.00981648$ & $0.00947475$ & $-0.00816173$ & $-0.00616147$ & $-0.00467082$ & $0.0113109$ & $0.00505169$ & $0.0189073$ & $-0.0119715$ & $0.0199903$ & $0.031316$ & $0.0402045$ & $0.0694976$ & $-0.0200554$ & $0.129499$ & $-0.133878$ & $-0.0279266$ & $-0.0295238$ & $-0.0805843$ & $-0.0334199$ & $-0.0312058$ & $0.020753$ & $-0.0118054$ & $0.0426518$ & $1$ & $-0.0818608$ & $0.0231487$ & $0.125348$ & $0.204495$ \\
eHccint & $0.00498713$ & $0.0636403$ & $-0.167517$ & $0.0541628$ & $-0.0409478$ & $-0.0596144$ & $0.0387762$ & $-0.0206524$ & $-0.0120773$ & $0.0103569$ & $0.0310926$ & $-0.0411489$ & $-0.0198842$ & $-0.030736$ & $0.00808718$ & $-0.0192419$ & $-0.0240211$ & $-0.0315741$ & $-0.0117422$ & $-0.0306848$ & $-0.0326725$ & $-0.0334039$ & $-0.0252091$ & $-0.0142534$ & $-0.0368609$ & $0.0595821$ & $-0.0353045$ & $-0.0518348$ & $-0.0131095$ & $-0.0300924$ & $0.103554$ & $0.0407384$ & $-0.0207393$ & $-0.0270173$ & $0.039837$ & $-0.206247$ & $-0.11328$ & $-0.0235367$ & $-0.064757$ & $0.0677316$ & $0.11732$ & $-0.032173$ & $0.157445$ & $-0.187019$ & $-0.0818608$ & $1$ & $0.0641286$ & $0.1219$ & $-0.026608$ \\
eHccpar & $0.181489$ & $-0.0943236$ & $-0.0118773$ & $-0.0167011$ & $-0.0212461$ & $-0.0332824$ & $0.0366298$ & $-0.0263501$ & $-0.0217504$ & $0.024403$ & $0.0141701$ & $-0.0612874$ & $-0.0476442$ & $0.000369802$ & $-0.0236905$ & $-0.00965965$ & $0.0337016$ & $0.0347366$ & $0.0259358$ & $-0.019176$ & $-0.0165515$ & $-0.0140924$ & $-0.0424824$ & $0.0249695$ & $-0.0123396$ & $0.0224462$ & $-0.0500996$ & $0.0172227$ & $0.0164818$ & $-0.0209712$ & $0.332352$ & $0.0460505$ & $0.0180838$ & $-0.00108834$ & $0.165683$ & $-0.129645$ & $-0.167622$ & $-0.0663024$ & $-0.0658067$ & $-0.02436$ & $-0.0835385$ & $0.0161768$ & $0.119381$ & $0.1384$ & $0.0231487$ & $0.0641286$ & $1$ & $0.0357325$ & $0.0894471$ \\
eHbbint & $-0.0676602$ & $-0.0930867$ & $-0.0998916$ & $0.0138199$ & $0.0206143$ & $0.0177921$ & $0.0903119$ & $0.024741$ & $0.0395935$ & $0.0377599$ & $-0.0119878$ & $-0.0787451$ & $-0.125046$ & $-0.0150078$ & $0.0287287$ & $0.0247218$ & $-0.0282336$ & $-0.0392338$ & $-0.0416809$ & $0.014441$ & $0.0091826$ & $0.00615559$ & $-0.0276553$ & $-0.0321603$ & $-0.0221981$ & $0.0242663$ & $-0.0038512$ & $-0.0131174$ & $-0.00156599$ & $-0.0175626$ & $-0.0193725$ & $0.0941782$ & $0.0602382$ & $-0.0102422$ & $0.112937$ & $-0.0869222$ & $-0.196033$ & $-0.0474439$ & $-0.0667205$ & $0.0260794$ & $0.0556076$ & $-0.0409633$ & $0.278917$ & $-0.137533$ & $0.125348$ & $0.1219$ & $0.0357325$ & $1$ & $0.0108542$ \\
eHbbpar & $0.0637264$ & $-0.0452097$ & $-0.0256514$ & $0.0272639$ & $-0.0507351$ & $0.0259467$ & $0.0888789$ & $0.0191845$ & $0.0133544$ & $0.0162307$ & $-0.0420934$ & $-0.0571597$ & $-0.0809344$ & $0.0634352$ & $0.0352609$ & $0.0185712$ & $0.0307016$ & $0.0250451$ & $0.0371929$ & $0.0417592$ & $0.0374715$ & $0.0387665$ & $-0.0445094$ & $0.00878307$ & $0.0154505$ & $0.00965665$ & $-0.0207764$ & $-0.00157514$ & $-0.0163468$ & $-0.0539859$ & $-0.0168874$ & $0.0856438$ & $0.241603$ & $-0.0240402$ & $0.00211703$ & $-0.0129059$ & $-0.0460222$ & $0.0346613$ & $-0.0657651$ & $-0.00927769$ & $-0.113622$ & $0.0516232$ & $-0.0213055$ & $0.108136$ & $0.204495$ & $-0.026608$ & $0.0894471$ & $0.0108542$ & $1$ \\
