 & AlsMz & dAle5Mz & mtop & mHl & Mz & CW & CHG & CHWB & CHWHB_gaga & CHWHB_gagaorth & CHD & CHbox & CH & CHL1_11 & CHL1_22 & CHL1_33 & CHL3_11 & CHL3_22 & CHL3_33 & CHe_11 & CHe_22 & CHe_33 & CHQ1_11 & CHQ1_33 & CHQ3_11 & CHu_11 & CHd_11 & CHd_33 & CeH_22r & CeH_33r & CuH_22r & CuH_33r & CdH_33r & CLL_1221 & eHggint & eHggpar & eHWWint & eHWWpar & eHZZint & eHZZpar & eHZgaint & eHZgapar & eHgagaint & eHmumuint & eHtautauint & eHccint & eHccpar & eHbbint & eHbbpar \\
AlsMz & $1$ & $0.219912$ & $-0.219103$ & $-0.407924$ & $0.0696083$ & $0.0625824$ & $-0.143964$ & $0.0669823$ & $0.0676603$ & $-0.20068$ & $0.0157545$ & $0.0565626$ & $0.036722$ & $-0.247492$ & $-0.0393172$ & $-0.159671$ & $-0.192919$ & $-0.135438$ & $-0.0949169$ & $0.0585304$ & $0.026521$ & $0.0166582$ & $-0.164346$ & $-0.222083$ & $-0.156436$ & $0.336901$ & $0.280167$ & $0.0999572$ & $0.000773589$ & $-0.00580884$ & $0.128484$ & $-0.14497$ & $-0.00755398$ & $0.107419$ & $0.13097$ & $-0.0317854$ & $-0.378638$ & $0.555927$ & $0.540428$ & $0.268448$ & $-0.11682$ & $0.172634$ & $0.15641$ & $0.34787$ & $0.241195$ & $-0.361689$ & $0.455011$ & $0.0510885$ & $0.0159138$ \\
dAle5Mz & $0.219912$ & $1$ & $-0.0857935$ & $-0.618681$ & $-0.0923132$ & $0.107644$ & $0.173652$ & $-0.367314$ & $-0.350925$ & $0.101669$ & $0.392474$ & $-0.173656$ & $-0.312$ & $-0.0971262$ & $0.155747$ & $0.0886455$ & $0.090236$ & $-0.0596804$ & $0.0319814$ & $-0.304492$ & $-0.227787$ & $-0.283395$ & $-0.16353$ & $0.142428$ & $-0.0132742$ & $0.229735$ & $-0.202097$ & $-0.138915$ & $0.00717266$ & $-0.118454$ & $0.0178164$ & $0.138474$ & $-0.261684$ & $-0.14727$ & $-0.223618$ & $-0.523139$ & $-0.0241986$ & $0.464667$ & $-0.0911189$ & $0.0165912$ & $-0.195966$ & $-0.203286$ & $0.181548$ & $-0.181$ & $-0.167256$ & $-0.197442$ & $0.373924$ & $0.1225$ & $-0.528639$ \\
mtop & $-0.219103$ & $-0.0857935$ & $1$ & $0.198112$ & $0.0943031$ & $0.0727681$ & $-0.179671$ & $0.0310477$ & $0.019521$ & $0.0163171$ & $-0.0122104$ & $0.184671$ & $0.219389$ & $0.0578687$ & $-0.111694$ & $-0.0871952$ & $-0.0416086$ & $0.0765396$ & $0.041255$ & $-0.00227519$ & $0.100035$ & $0.0641469$ & $0.163078$ & $-0.0779548$ & $0.0515678$ & $-0.176725$ & $0.05885$ & $-0.106109$ & $0.060865$ & $0.238345$ & $0.118601$ & $-0.122861$ & $0.174832$ & $0.076821$ & $0.0154988$ & $0.130317$ & $-0.290431$ & $-0.381642$ & $0.179176$ & $0.114813$ & $0.450955$ & $0.118795$ & $-0.21929$ & $-0.472829$ & $0.0665105$ & $-0.213717$ & $-0.10153$ & $0.0162922$ & $-0.200205$ \\
mHl & $-0.407924$ & $-0.618681$ & $0.198112$ & $1$ & $0.109186$ & $-0.101901$ & $-0.17034$ & $0.196447$ & $0.163358$ & $0.00163912$ & $-0.216856$ & $0.206377$ & $0.378951$ & $0.0952625$ & $-0.0584857$ & $-0.0247692$ & $-0.0225217$ & $0.0763876$ & $-0.0243496$ & $0.149054$ & $0.0557283$ & $0.146153$ & $0.0613397$ & $-0.0405086$ & $-0.0296969$ & $-0.269404$ & $-0.128923$ & $0.0525055$ & $-0.0421342$ & $0.115501$ & $-0.0883821$ & $-0.125387$ & $0.27292$ & $0.0851104$ & $0.311973$ & $0.609155$ & $0.199606$ & $-0.423322$ & $0.0925679$ & $-0.311501$ & $0.136713$ & $-0.252836$ & $-0.552718$ & $-0.172285$ & $-0.0875622$ & $0.246313$ & $-0.554808$ & $-0.447287$ & $0.654853$ \\
Mz & $0.0696083$ & $-0.0923132$ & $0.0943031$ & $0.109186$ & $1$ & $-0.0413556$ & $-0.0960304$ & $0.0994331$ & $0.0926124$ & $-0.0608931$ & $-0.0233919$ & $0.0995408$ & $0.0996165$ & $-0.0857289$ & $-0.0376087$ & $-0.0329256$ & $-0.0879062$ & $-0.0376957$ & $-0.0620585$ & $0.0978427$ & $0.086801$ & $0.0849555$ & $0.0146524$ & $-0.127314$ & $-0.0372983$ & $-0.0441922$ & $0.120453$ & $0.0466842$ & $0.0253586$ & $0.0849567$ & $0.03011$ & $-0.0833906$ & $0.0464068$ & $0.0812698$ & $0.0891077$ & $0.133866$ & $-0.135276$ & $-0.0627069$ & $0.175634$ & $0.0365223$ & $0.102483$ & $0.00800503$ & $-0.0584422$ & $0.00796416$ & $0.0522294$ & $-0.122653$ & $0.0542988$ & $0.0310201$ & $0.0530236$ \\
CW & $0.0625824$ & $0.107644$ & $0.0727681$ & $-0.101901$ & $-0.0413556$ & $1$ & $-0.0292384$ & $-0.0628407$ & $-0.0616651$ & $0.0075393$ & $0.0806214$ & $-0.0107815$ & $-0.0112893$ & $0.160995$ & $-0.0402667$ & $0.0171782$ & $-0.131332$ & $0.0434773$ & $-0.00179432$ & $-0.0857414$ & $-0.0718666$ & $-0.0409713$ & $-0.0287279$ & $0.00368941$ & $0.0308127$ & $0.0242816$ & $-0.0171302$ & $-0.0227454$ & $0.00120617$ & $0.0183292$ & $0.000890074$ & $-0.021514$ & $-0.0251218$ & $-0.039845$ & $-0.00655131$ & $-0.00774914$ & $-0.0361975$ & $0.0123719$ & $0.0604512$ & $0.13444$ & $0.0510708$ & $0.0317313$ & $0.031159$ & $-0.0397852$ & $0.119276$ & $-0.0860126$ & $0.0429951$ & $-0.0198289$ & $-0.0819163$ \\
CHG & $-0.143964$ & $0.173652$ & $-0.179671$ & $-0.17034$ & $-0.0960304$ & $-0.0292384$ & $1$ & $-0.246275$ & $-0.211666$ & $0.276741$ & $0.120777$ & $-0.416368$ & $-0.690596$ & $0.216365$ & $0.184681$ & $0.179907$ & $0.298774$ & $0.084434$ & $0.12726$ & $-0.136704$ & $-0.0998096$ & $-0.093717$ & $-0.0263437$ & $0.263983$ & $0.16193$ & $-0.0470524$ & $-0.303667$ & $-0.0866341$ & $-0.126017$ & $-0.440659$ & $-0.217108$ & $0.94052$ & $-0.475138$ & $-0.28096$ & $0.0919748$ & $-0.417789$ & $0.403841$ & $0.135582$ & $-0.383625$ & $0.081787$ & $-0.46499$ & $-0.29301$ & $0.183114$ & $-0.158611$ & $-0.251224$ & $-0.0584305$ & $0.13892$ & $0.211604$ & $-0.135215$ \\
CHWB & $0.0669823$ & $-0.367314$ & $0.0310477$ & $0.196447$ & $0.0994331$ & $-0.0628407$ & $-0.246275$ & $1$ & $0.992728$ & $-0.577129$ & $-0.892405$ & $0.0696209$ & $0.357278$ & $-0.231933$ & $-0.0592975$ & $0.0401402$ & $-0.632961$ & $-0.506164$ & $-0.565591$ & $0.856518$ & $0.63691$ & $0.604341$ & $0.0402085$ & $-0.630869$ & $-0.615379$ & $-0.155846$ & $0.399145$ & $0.202177$ & $0.070203$ & $0.217293$ & $0.0252485$ & $-0.231367$ & $0.247935$ & $0.649551$ & $-0.116935$ & $0.366002$ & $-0.24048$ & $-0.211305$ & $0.133685$ & $-0.093624$ & $0.352462$ & $0.333481$ & $-0.0427825$ & $0.282489$ & $0.213141$ & $0.152334$ & $-0.206715$ & $-0.107026$ & $0.246561$ \\
CHWHB_gaga & $0.0676603$ & $-0.350925$ & $0.019521$ & $0.163358$ & $0.0926124$ & $-0.0616651$ & $-0.211666$ & $0.992728$ & $1$ & $-0.577136$ & $-0.883984$ & $0.0668009$ & $0.336712$ & $-0.23764$ & $-0.054339$ & $0.0431419$ & $-0.635512$ & $-0.513255$ & $-0.564372$ & $0.853774$ & $0.633159$ & $0.598596$ & $0.04343$ & $-0.627223$ & $-0.613638$ & $-0.147574$ & $0.406265$ & $0.199011$ & $0.0727772$ & $0.22414$ & $0.0369032$ & $-0.20161$ & $0.253908$ & $0.640027$ & $-0.148214$ & $0.332062$ & $-0.239704$ & $-0.19663$ & $0.104739$ & $-0.098798$ & $0.348491$ & $0.337835$ & $0.00660782$ & $0.304686$ & $0.202523$ & $0.160331$ & $-0.187712$ & $-0.0736287$ & $0.220152$ \\
CHWHB_gagaorth & $-0.20068$ & $0.101669$ & $0.0163171$ & $0.00163912$ & $-0.0608931$ & $0.0075393$ & $0.276741$ & $-0.577129$ & $-0.577136$ & $1$ & $0.256596$ & $0.0167593$ & $-0.361262$ & $0.683628$ & $0.16018$ & $0.0875385$ & $0.78639$ & $0.563576$ & $0.604393$ & $-0.318348$ & $-0.21856$ & $-0.169631$ & $-0.0581384$ & $0.604371$ & $0.668422$ & $-0.0170915$ & $-0.37421$ & $-0.0425368$ & $-0.0913166$ & $-0.245591$ & $-0.0632798$ & $0.283268$ & $-0.266431$ & $-0.456665$ & $0.23189$ & $-0.259774$ & $0.342348$ & $0.00838849$ & $-0.170713$ & $0.149274$ & $-0.35346$ & $-0.28427$ & $-0.0710887$ & $-0.340517$ & $-0.170074$ & $-0.150926$ & $0.0633074$ & $0.059163$ & $-0.100933$ \\
CHD & $0.0157545$ & $0.392474$ & $-0.0122104$ & $-0.216856$ & $-0.0233919$ & $0.0806214$ & $0.120777$ & $-0.892405$ & $-0.883984$ & $0.256596$ & $1$ & $0.013291$ & $-0.200378$ & $-0.126398$ & $-0.0419921$ & $-0.112697$ & $0.295655$ & $0.285031$ & $0.32135$ & $-0.87989$ & $-0.658214$ & $-0.666075$ & $-0.0293859$ & $0.410866$ & $0.352106$ & $0.203263$ & $-0.272622$ & $-0.217691$ & $-0.0156071$ & $-0.104751$ & $0.00814189$ & $0.112251$ & $-0.139839$ & $-0.497603$ & $0.0210676$ & $-0.276088$ & $0.0886334$ & $0.221752$ & $-0.0426$ & $0.0279756$ & $-0.202157$ & $-0.255388$ & $0.059555$ & $-0.172677$ & $-0.15321$ & $-0.106046$ & $0.195837$ & $0.0737978$ & $-0.235442$ \\
CHbox & $0.0565626$ & $-0.173656$ & $0.184671$ & $0.206377$ & $0.0995408$ & $-0.0107815$ & $-0.416368$ & $0.0696209$ & $0.0668009$ & $0.0167593$ & $0.013291$ & $1$ & $0.5976$ & $-0.261585$ & $-0.101545$ & $-0.122624$ & $-0.259073$ & $-0.0833426$ & $-0.0819083$ & $0.19069$ & $0.0232881$ & $0.00117796$ & $-0.0118941$ & $-0.195629$ & $-0.126905$ & $0.0499123$ & $0.149739$ & $0.0552317$ & $0.132196$ & $0.514572$ & $0.263405$ & $-0.269491$ & $0.527355$ & $-0.0120888$ & $0.0437024$ & $0.401425$ & $-0.277364$ & $-0.147406$ & $0.327307$ & $-0.0687396$ & $0.352398$ & $0.112206$ & $-0.267044$ & $0.0119807$ & $0.159741$ & $0.0171104$ & $-0.173471$ & $-0.229494$ & $0.145222$ \\
CH & $0.036722$ & $-0.312$ & $0.219389$ & $0.378951$ & $0.0996165$ & $-0.0112893$ & $-0.690596$ & $0.357278$ & $0.336712$ & $-0.361262$ & $-0.200378$ & $0.5976$ & $1$ & $-0.294025$ & $-0.197403$ & $-0.166796$ & $-0.406441$ & $-0.166113$ & $-0.226881$ & $0.227096$ & $0.140218$ & $0.137572$ & $0.0500069$ & $-0.342902$ & $-0.286618$ & $-0.0374981$ & $0.27035$ & $0.0748522$ & $0.144493$ & $0.560018$ & $0.252196$ & $-0.599834$ & $0.648463$ & $0.320671$ & $-0.119017$ & $0.637732$ & $-0.40312$ & $-0.199966$ & $0.371143$ & $-0.27822$ & $0.586263$ & $0.21476$ & $-0.278539$ & $0.18655$ & $0.156769$ & $0.260351$ & $-0.314968$ & $-0.350923$ & $0.295651$ \\
CHL1_11 & $-0.247492$ & $-0.0971262$ & $0.0578687$ & $0.0952625$ & $-0.0857289$ & $0.160995$ & $0.216365$ & $-0.231933$ & $-0.23764$ & $0.683628$ & $-0.126398$ & $-0.261585$ & $-0.294025$ & $1$ & $0.163616$ & $0.14493$ & $0.618802$ & $0.504428$ & $0.514841$ & $-0.0912656$ & $-0.00479189$ & $0.0991737$ & $0.0253166$ & $0.500519$ & $0.575621$ & $-0.154438$ & $-0.296763$ & $0.0292479$ & $-0.0948334$ & $-0.204147$ & $-0.0790598$ & $0.195698$ & $-0.210412$ & $-0.262863$ & $0.190047$ & $-0.142422$ & $0.304778$ & $-0.092496$ & $-0.187346$ & $0.155965$ & $-0.245951$ & $-0.151851$ & $-0.0436701$ & $-0.26268$ & $-0.0872462$ & $-0.0775286$ & $-0.01978$ & $0.0656278$ & $-0.0197557$ \\
CHL1_22 & $-0.0393172$ & $0.155747$ & $-0.111694$ & $-0.0584857$ & $-0.0376087$ & $-0.0402667$ & $0.184681$ & $-0.0592975$ & $-0.054339$ & $0.16018$ & $-0.0419921$ & $-0.101545$ & $-0.197403$ & $0.163616$ & $1$ & $0.256643$ & $0.138848$ & $-0.439318$ & $-0.0252728$ & $0.0529387$ & $-0.150543$ & $-0.0195172$ & $-0.0973048$ & $0.250326$ & $-0.0554968$ & $0.0603758$ & $-0.409421$ & $-0.0487708$ & $-0.0267322$ & $-0.103466$ & $0.00953804$ & $0.177686$ & $-0.103914$ & $-0.558116$ & $0.154876$ & $-0.18679$ & $0.145284$ & $0.156761$ & $-0.0185202$ & $0.0295082$ & $-0.248507$ & $-0.238941$ & $-0.0288879$ & $-0.135431$ & $-0.141644$ & $-0.10495$ & $0.201217$ & $0.0692761$ & $-0.0534718$ \\
CHL1_33 & $-0.159671$ & $0.0886455$ & $-0.0871952$ & $-0.0247692$ & $-0.0329256$ & $0.0171782$ & $0.179907$ & $0.0401402$ & $0.0431419$ & $0.0875385$ & $-0.112697$ & $-0.122624$ & $-0.166796$ & $0.14493$ & $0.256643$ & $1$ & $0.0444302$ & $-0.0853608$ & $-0.417105$ & $0.12367$ & $-0.0654584$ & $-0.106404$ & $-0.0271613$ & $0.227969$ & $-0.100157$ & $-0.0375709$ & $-0.329866$ & $-0.0601743$ & $-0.0422328$ & $-0.122369$ & $-0.0696758$ & $0.160511$ & $-0.136249$ & $-0.117786$ & $-0.0684367$ & $-0.100819$ & $0.0935667$ & $0.0419434$ & $-0.168352$ & $-0.132013$ & $-0.0785239$ & $-0.121806$ & $0.0148308$ & $-0.0310445$ & $-0.128879$ & $0.100415$ & $0.010047$ & $0.033015$ & $-0.0589628$ \\
CHL3_11 & $-0.192919$ & $0.090236$ & $-0.0416086$ & $-0.0225217$ & $-0.0879062$ & $-0.131332$ & $0.298774$ & $-0.632961$ & $-0.635512$ & $0.78639$ & $0.295655$ & $-0.259073$ & $-0.406441$ & $0.618802$ & $0.138848$ & $0.0444302$ & $1$ & $0.639196$ & $0.699909$ & $-0.456627$ & $-0.247747$ & $-0.19753$ & $-0.0195645$ & $0.639365$ & $0.780957$ & $-0.0104227$ & $-0.337594$ & $-0.0666192$ & $-0.12112$ & $-0.292492$ & $-0.0760456$ & $0.267468$ & $-0.285803$ & $-0.38813$ & $0.195087$ & $-0.283809$ & $0.376106$ & $0.0299146$ & $-0.232837$ & $0.152167$ & $-0.377782$ & $-0.264976$ & $-0.0143151$ & $-0.298273$ & $-0.188835$ & $-0.126281$ & $0.0721331$ & $0.100304$ & $-0.109156$ \\
CHL3_22 & $-0.135438$ & $-0.0596804$ & $0.0765396$ & $0.0763876$ & $-0.0376957$ & $0.0434773$ & $0.084434$ & $-0.506164$ & $-0.513255$ & $0.563576$ & $0.285031$ & $-0.0833426$ & $-0.166113$ & $0.504428$ & $-0.439318$ & $-0.0853608$ & $0.639196$ & $1$ & $0.608343$ & $-0.390388$ & $-0.204446$ & $-0.189203$ & $0.0527177$ & $0.439179$ & $0.730581$ & $-0.0450336$ & $-0.0556244$ & $0.00116215$ & $-0.0696895$ & $-0.153755$ & $-0.060025$ & $0.0731495$ & $-0.142069$ & $0.113025$ & $0.113496$ & $-0.0710861$ & $0.202503$ & $-0.0700551$ & $-0.107058$ & $0.114122$ & $-0.140161$ & $-0.098924$ & $-0.0412938$ & $-0.180598$ & $-0.0682685$ & $-0.0499448$ & $-0.0558122$ & $0.0274007$ & $-0.0296106$ \\
CHL3_33 & $-0.0949169$ & $0.0319814$ & $0.041255$ & $-0.0243496$ & $-0.0620585$ & $-0.00179432$ & $0.12726$ & $-0.565591$ & $-0.564372$ & $0.604393$ & $0.32135$ & $-0.0819083$ & $-0.226881$ & $0.514841$ & $-0.0252728$ & $-0.417105$ & $0.699909$ & $0.608343$ & $1$ & $-0.426091$ & $-0.214941$ & $-0.184444$ & $0.0198005$ & $0.439722$ & $0.754938$ & $0.00714897$ & $-0.110512$ & $-0.0291163$ & $-0.089415$ & $-0.14595$ & $-0.023002$ & $0.11591$ & $-0.137441$ & $-0.30813$ & $0.158091$ & $-0.20004$ & $0.237297$ & $-0.0085714$ & $-0.121253$ & $0.169786$ & $-0.242618$ & $-0.147134$ & $0.00626683$ & $-0.223058$ & $-0.109302$ & $-0.123544$ & $0.0627707$ & $0.0918585$ & $-0.0930536$ \\
CHe_11 & $0.0585304$ & $-0.304492$ & $-0.00227519$ & $0.149054$ & $0.0978427$ & $-0.0857414$ & $-0.136704$ & $0.856518$ & $0.853774$ & $-0.318348$ & $-0.87989$ & $0.19069$ & $0.227096$ & $-0.0912656$ & $0.0529387$ & $0.12367$ & $-0.456627$ & $-0.390388$ & $-0.426091$ & $1$ & $0.633456$ & $0.624668$ & $-0.0176509$ & $-0.489664$ & $-0.471339$ & $-0.139124$ & $0.283206$ & $0.20302$ & $0.0553481$ & $0.155105$ & $0.0158511$ & $-0.104218$ & $0.164148$ & $0.417141$ & $-0.0344253$ & $0.256989$ & $-0.159027$ & $-0.156003$ & $0.101741$ & $-0.0510178$ & $0.209709$ & $0.243952$ & $-0.0562345$ & $0.192644$ & $0.151091$ & $0.073766$ & $-0.138447$ & $-0.0797827$ & $0.196138$ \\
CHe_22 & $0.026521$ & $-0.227787$ & $0.100035$ & $0.0557283$ & $0.086801$ & $-0.0718666$ & $-0.0998096$ & $0.63691$ & $0.633159$ & $-0.21856$ & $-0.658214$ & $0.0232881$ & $0.140218$ & $-0.00479189$ & $-0.150543$ & $-0.0654584$ & $-0.247747$ & $-0.204446$ & $-0.214941$ & $0.633456$ & $1$ & $0.538513$ & $0.0292387$ & $-0.423921$ & $-0.277512$ & $-0.121846$ & $0.40155$ & $0.186746$ & $0.0534934$ & $0.109123$ & $-0.00213835$ & $-0.0905132$ & $0.0873636$ & $0.418451$ & $-0.0636552$ & $0.130785$ & $-0.163993$ & $-0.207755$ & $0.0282936$ & $0.0447175$ & $0.211866$ & $0.304847$ & $-0.00889005$ & $0.118642$ & $0.163254$ & $-0.0163921$ & $-0.106885$ & $0.0205748$ & $0.0680076$ \\
CHe_33 & $0.0166582$ & $-0.283395$ & $0.0641469$ & $0.146153$ & $0.0849555$ & $-0.0409713$ & $-0.093717$ & $0.604341$ & $0.598596$ & $-0.169631$ & $-0.666075$ & $0.00117796$ & $0.137572$ & $0.0991737$ & $-0.0195172$ & $-0.106404$ & $-0.19753$ & $-0.189203$ & $-0.184444$ & $0.624668$ & $0.538513$ & $1$ & $0.0239942$ & $-0.353617$ & $-0.22176$ & $-0.172314$ & $0.297126$ & $0.183854$ & $0.0527776$ & $0.0957009$ & $0.0191342$ & $-0.0762208$ & $0.115434$ & $0.324365$ & $0.0476216$ & $0.199185$ & $-0.0906927$ & $-0.157408$ & $0.0543051$ & $0.0472098$ & $0.138533$ & $0.197241$ & $-0.0457481$ & $0.0720489$ & $0.134054$ & $-0.0112838$ & $-0.117007$ & $-0.0368287$ & $0.1535$ \\
CHQ1_11 & $-0.164346$ & $-0.16353$ & $0.163078$ & $0.0613397$ & $0.0146524$ & $-0.0287279$ & $-0.0263437$ & $0.0402085$ & $0.04343$ & $-0.0581384$ & $-0.0293859$ & $-0.0118941$ & $0.0500069$ & $0.0253166$ & $-0.0973048$ & $-0.0271613$ & $-0.0195645$ & $0.0527177$ & $0.0198005$ & $-0.0176509$ & $0.0292387$ & $0.0239942$ & $1$ & $-0.0246899$ & $0.0855174$ & $-0.620899$ & $0.203018$ & $-0.0249439$ & $0.0519201$ & $0.08906$ & $-0.0051895$ & $-0.0326583$ & $0.0566297$ & $0.0622276$ & $-0.106435$ & $0.0116282$ & $-0.0386107$ & $-0.202159$ & $-0.124367$ & $0.00494485$ & $0.154013$ & $0.142382$ & $0.0848415$ & $0.0449914$ & $0.0241511$ & $0.0625493$ & $-0.120419$ & $0.111617$ & $-0.00434729$ \\
CHQ1_33 & $-0.222083$ & $0.142428$ & $-0.0779548$ & $-0.0405086$ & $-0.127314$ & $0.00368941$ & $0.263983$ & $-0.630869$ & $-0.627223$ & $0.604371$ & $0.410866$ & $-0.195629$ & $-0.342902$ & $0.500519$ & $0.250326$ & $0.227969$ & $0.639365$ & $0.439179$ & $0.439722$ & $-0.489664$ & $-0.423921$ & $-0.353617$ & $-0.0246899$ & $1$ & $0.555819$ & $0.0410689$ & $-0.396283$ & $-0.0563637$ & $-0.0781098$ & $-0.259151$ & $-0.0550344$ & $0.226238$ & $-0.248188$ & $-0.496202$ & $0.103075$ & $-0.303715$ & $0.261583$ & $0.127536$ & $-0.192614$ & $0.022096$ & $-0.34176$ & $-0.278699$ & $0.0207937$ & $-0.208493$ & $-0.245405$ & $-0.0511757$ & $0.150293$ & $0.139111$ & $-0.140724$ \\
CHQ3_11 & $-0.156436$ & $-0.0132742$ & $0.0515678$ & $-0.0296969$ & $-0.0372983$ & $0.0308127$ & $0.16193$ & $-0.615379$ & $-0.613638$ & $0.668422$ & $0.352106$ & $-0.126905$ & $-0.286618$ & $0.575621$ & $-0.0554968$ & $-0.100157$ & $0.780957$ & $0.730581$ & $0.754938$ & $-0.471339$ & $-0.277512$ & $-0.22176$ & $0.0855174$ & $0.555819$ & $1$ & $-0.0311186$ & $0.00148287$ & $-0.0653189$ & $-0.0696259$ & $-0.187847$ & $-0.0159854$ & $0.135949$ & $-0.186502$ & $-0.28163$ & $0.0934477$ & $-0.26029$ & $0.196388$ & $0.00643028$ & $-0.189303$ & $0.179875$ & $-0.223796$ & $-0.128957$ & $0.0819051$ & $-0.180369$ & $-0.154744$ & $-0.112058$ & $0.123391$ & $0.208555$ & $-0.147538$ \\
CHu_11 & $0.336901$ & $0.229735$ & $-0.176725$ & $-0.269404$ & $-0.0441922$ & $0.0242816$ & $-0.0470524$ & $-0.155846$ & $-0.147574$ & $-0.0170915$ & $0.203263$ & $0.0499123$ & $-0.0374981$ & $-0.154438$ & $0.0603758$ & $-0.0375709$ & $-0.0104227$ & $-0.0450336$ & $0.00714897$ & $-0.139124$ & $-0.121846$ & $-0.172314$ & $-0.620899$ & $0.0410689$ & $-0.0311186$ & $1$ & $0.161521$ & $-0.0289298$ & $-0.0108132$ & $-0.0339336$ & $0.062282$ & $-0.0457839$ & $-0.00895344$ & $-0.0855545$ & $-0.0429296$ & $-0.141489$ & $-0.163175$ & $0.293499$ & $0.135802$ & $0.0913131$ & $-0.0749201$ & $0.0620622$ & $0.132653$ & $0.177545$ & $0.0572113$ & $-0.123323$ & $0.269931$ & $0.124259$ & $-0.154744$ \\
CHd_11 & $0.280167$ & $-0.202097$ & $0.05885$ & $-0.128923$ & $0.120453$ & $-0.0171302$ & $-0.303667$ & $0.399145$ & $0.406265$ & $-0.37421$ & $-0.272622$ & $0.149739$ & $0.27035$ & $-0.296763$ & $-0.409421$ & $-0.329866$ & $-0.337594$ & $-0.0556244$ & $-0.110512$ & $0.283206$ & $0.40155$ & $0.297126$ & $0.203018$ & $-0.396283$ & $0.00148287$ & $0.161521$ & $1$ & $0.0979637$ & $0.0866797$ & $0.208408$ & $0.129413$ & $-0.303842$ & $0.216896$ & $0.491951$ & $-0.287393$ & $0.052377$ & $-0.490062$ & $-0.0100605$ & $0.101614$ & $0.0723129$ & $0.365881$ & $0.477189$ & $0.281915$ & $0.449405$ & $0.177418$ & $-0.00357874$ & $0.0962217$ & $0.290602$ & $-0.0833258$ \\
CHd_33 & $0.0999572$ & $-0.138915$ & $-0.106109$ & $0.0525055$ & $0.0466842$ & $-0.0227454$ & $-0.0866341$ & $0.202177$ & $0.199011$ & $-0.0425368$ & $-0.217691$ & $0.0552317$ & $0.0748522$ & $0.0292479$ & $-0.0487708$ & $-0.0601743$ & $-0.0666192$ & $0.00116215$ & $-0.0291163$ & $0.20302$ & $0.186746$ & $0.183854$ & $-0.0249439$ & $-0.0563637$ & $-0.0653189$ & $-0.0289298$ & $0.0979637$ & $1$ & $-0.00533363$ & $0.0458618$ & $0.000573407$ & $-0.0857725$ & $0.0677062$ & $0.161963$ & $0.0704584$ & $0.0693471$ & $-0.0105145$ & $-0.0238261$ & $0.0900638$ & $0.0827529$ & $0.00286482$ & $0.12817$ & $0.0155122$ & $0.134206$ & $0.115794$ & $-0.0304528$ & $-0.0170409$ & $-0.0284714$ & $0.147162$ \\
CeH_22r & $0.000773589$ & $0.00717266$ & $0.060865$ & $-0.0421342$ & $0.0253586$ & $0.00120617$ & $-0.126017$ & $0.070203$ & $0.0727772$ & $-0.0913166$ & $-0.0156071$ & $0.132196$ & $0.144493$ & $-0.0948334$ & $-0.0267322$ & $-0.0422328$ & $-0.12112$ & $-0.0696895$ & $-0.089415$ & $0.0553481$ & $0.0534934$ & $0.0527776$ & $0.0519201$ & $-0.0781098$ & $-0.0696259$ & $-0.0108132$ & $0.0866797$ & $-0.00533363$ & $1$ & $0.129052$ & $0.126551$ & $-0.137758$ & $0.0971389$ & $0.0649073$ & $-0.0677797$ & $0.00642751$ & $-0.126133$ & $-0.0306506$ & $0.0575642$ & $0.0247228$ & $0.127474$ & $0.0975219$ & $0.00556046$ & $0.00766939$ & $0.0351406$ & $-0.0524063$ & $0.0284392$ & $0.0328097$ & $-0.0831291$ \\
CeH_33r & $-0.00580884$ & $-0.118454$ & $0.238345$ & $0.115501$ & $0.0849567$ & $0.0183292$ & $-0.440659$ & $0.217293$ & $0.22414$ & $-0.245591$ & $-0.104751$ & $0.514572$ & $0.560018$ & $-0.204147$ & $-0.103466$ & $-0.122369$ & $-0.292492$ & $-0.153755$ & $-0.14595$ & $0.155105$ & $0.109123$ & $0.0957009$ & $0.08906$ & $-0.259151$ & $-0.187847$ & $-0.0339336$ & $0.208408$ & $0.0458618$ & $0.129052$ & $1$ & $0.375398$ & $-0.271835$ & $0.774036$ & $0.172489$ & $-0.183643$ & $0.3538$ & $-0.366498$ & $-0.200132$ & $0.227153$ & $-0.112199$ & $0.473017$ & $0.253011$ & $-0.148485$ & $0.0691101$ & $0.198854$ & $0.146442$ & $-0.211996$ & $-0.162552$ & $0.0539562$ \\
CuH_22r & $0.128484$ & $0.0178164$ & $0.118601$ & $-0.0883821$ & $0.03011$ & $0.000890074$ & $-0.217108$ & $0.0252485$ & $0.0369032$ & $-0.0632798$ & $0.00814189$ & $0.263405$ & $0.252196$ & $-0.0790598$ & $0.00953804$ & $-0.0696758$ & $-0.0760456$ & $-0.060025$ & $-0.023002$ & $0.0158511$ & $-0.00213835$ & $0.0191342$ & $-0.0051895$ & $-0.0550344$ & $-0.0159854$ & $0.062282$ & $0.129413$ & $0.000573407$ & $0.126551$ & $0.375398$ & $1$ & $-0.10644$ & $0.419992$ & $0.0105955$ & $-0.0679797$ & $0.00956961$ & $-0.280123$ & $0.0837641$ & $0.18727$ & $0.0496079$ & $0.129044$ & $0.0699701$ & $0.0103462$ & $0.0632285$ & $0.0370881$ & $-0.0454185$ & $0.173369$ & $0.0894688$ & $-0.115599$ \\
CuH_33r & $-0.14497$ & $0.138474$ & $-0.122861$ & $-0.125387$ & $-0.0833906$ & $-0.021514$ & $0.94052$ & $-0.231367$ & $-0.20161$ & $0.283268$ & $0.112251$ & $-0.269491$ & $-0.599834$ & $0.195698$ & $0.177686$ & $0.160511$ & $0.267468$ & $0.0731495$ & $0.11591$ & $-0.104218$ & $-0.0905132$ & $-0.0762208$ & $-0.0326583$ & $0.226238$ & $0.135949$ & $-0.0457839$ & $-0.303842$ & $-0.0857725$ & $-0.137758$ & $-0.271835$ & $-0.10644$ & $1$ & $-0.272896$ & $-0.286713$ & $0.116696$ & $-0.335144$ & $0.346348$ & $0.102459$ & $-0.323163$ & $0.0701517$ & $-0.406508$ & $-0.276497$ & $0.114661$ & $-0.176538$ & $-0.229343$ & $-0.0455042$ & $0.0901041$ & $0.158642$ & $-0.103957$ \\
CdH_33r & $-0.00755398$ & $-0.261684$ & $0.174832$ & $0.27292$ & $0.0464068$ & $-0.0251218$ & $-0.475138$ & $0.247935$ & $0.253908$ & $-0.266431$ & $-0.139839$ & $0.527355$ & $0.648463$ & $-0.210412$ & $-0.103914$ & $-0.136249$ & $-0.285803$ & $-0.142069$ & $-0.137441$ & $0.164148$ & $0.0873636$ & $0.115434$ & $0.0566297$ & $-0.248188$ & $-0.186502$ & $-0.00895344$ & $0.216896$ & $0.0677062$ & $0.0971389$ & $0.774036$ & $0.419992$ & $-0.272896$ & $1$ & $0.184564$ & $-0.166505$ & $0.456946$ & $-0.392323$ & $-0.154401$ & $0.228198$ & $-0.252484$ & $0.443182$ & $0.180287$ & $-0.187844$ & $0.201558$ & $0.109609$ & $0.293782$ & $-0.276453$ & $-0.200598$ & $0.269149$ \\
CLL_1221 & $0.107419$ & $-0.14727$ & $0.076821$ & $0.0851104$ & $0.0812698$ & $-0.039845$ & $-0.28096$ & $0.649551$ & $0.640027$ & $-0.456665$ & $-0.497603$ & $-0.0120888$ & $0.320671$ & $-0.262863$ & $-0.558116$ & $-0.117786$ & $-0.38813$ & $0.113025$ & $-0.30813$ & $0.417141$ & $0.418451$ & $0.324365$ & $0.0622276$ & $-0.496202$ & $-0.28163$ & $-0.0855545$ & $0.491951$ & $0.161963$ & $0.0649073$ & $0.172489$ & $0.0105955$ & $-0.286713$ & $0.184564$ & $1$ & $-0.208291$ & $0.286742$ & $-0.237017$ & $-0.153284$ & $0.104916$ & $-0.0709775$ & $0.3663$ & $0.312296$ & $-0.00588135$ & $0.230945$ & $0.188972$ & $0.132576$ & $-0.196905$ & $-0.0966665$ & $0.113663$ \\
eHggint & $0.13097$ & $-0.223618$ & $0.0154988$ & $0.311973$ & $0.0891077$ & $-0.00655131$ & $0.0919748$ & $-0.116935$ & $-0.148214$ & $0.23189$ & $0.0210676$ & $0.0437024$ & $-0.119017$ & $0.190047$ & $0.154876$ & $-0.0684367$ & $0.195087$ & $0.113496$ & $0.158091$ & $-0.0344253$ & $-0.0636552$ & $0.0476216$ & $-0.106435$ & $0.103075$ & $0.0934477$ & $-0.0429296$ & $-0.287393$ & $0.0704584$ & $-0.0677797$ & $-0.183643$ & $-0.0679797$ & $0.116696$ & $-0.166505$ & $-0.208291$ & $1$ & $0.137539$ & $0.311181$ & $-0.0105879$ & $0.389754$ & $0.373761$ & $-0.449881$ & $-0.300534$ & $-0.413559$ & $-0.449062$ & $0.0826656$ & $-0.506734$ & $0.089652$ & $-0.256226$ & $0.342148$ \\
eHggpar & $-0.0317854$ & $-0.523139$ & $0.130317$ & $0.609155$ & $0.133866$ & $-0.00774914$ & $-0.417789$ & $0.366002$ & $0.332062$ & $-0.259774$ & $-0.276088$ & $0.401425$ & $0.637732$ & $-0.142422$ & $-0.18679$ & $-0.100819$ & $-0.283809$ & $-0.0710861$ & $-0.20004$ & $0.256989$ & $0.130785$ & $0.199185$ & $0.0116282$ & $-0.303715$ & $-0.26029$ & $-0.141489$ & $0.052377$ & $0.0693471$ & $0.00642751$ & $0.3538$ & $0.00956961$ & $-0.335144$ & $0.456946$ & $0.286742$ & $0.137539$ & $1$ & $-0.117747$ & $-0.397436$ & $0.410324$ & $-0.214871$ & $0.480684$ & $0.178048$ & $-0.519027$ & $0.0595097$ & $0.389271$ & $0.18721$ & $-0.610385$ & $-0.6907$ & $0.653612$ \\
eHWWint & $-0.378638$ & $-0.0241986$ & $-0.290431$ & $0.199606$ & $-0.135276$ & $-0.0361975$ & $0.403841$ & $-0.24048$ & $-0.239704$ & $0.342348$ & $0.0886334$ & $-0.277364$ & $-0.40312$ & $0.304778$ & $0.145284$ & $0.0935667$ & $0.376106$ & $0.202503$ & $0.237297$ & $-0.159027$ & $-0.163993$ & $-0.0906927$ & $-0.0386107$ & $0.261583$ & $0.196388$ & $-0.163175$ & $-0.490062$ & $-0.0105145$ & $-0.126133$ & $-0.366498$ & $-0.280123$ & $0.346348$ & $-0.392323$ & $-0.237017$ & $0.311181$ & $-0.117747$ & $1$ & $-0.17704$ & $-0.455019$ & $0.0849542$ & $-0.47455$ & $-0.411425$ & $-0.0179202$ & $-0.328545$ & $-0.148574$ & $0.0133226$ & $-0.227855$ & $-0.2528$ & $0.17527$ \\
eHWWpar & $0.555927$ & $0.464667$ & $-0.381642$ & $-0.423322$ & $-0.0627069$ & $0.0123719$ & $0.135582$ & $-0.211305$ & $-0.19663$ & $0.00838849$ & $0.221752$ & $-0.147406$ & $-0.199966$ & $-0.092496$ & $0.156761$ & $0.0419434$ & $0.0299146$ & $-0.0700551$ & $-0.0085714$ & $-0.156003$ & $-0.207755$ & $-0.157408$ & $-0.202159$ & $0.127536$ & $0.00643028$ & $0.293499$ & $-0.0100605$ & $-0.0238261$ & $-0.0306506$ & $-0.200132$ & $0.0837641$ & $0.102459$ & $-0.154401$ & $-0.153284$ & $-0.0105879$ & $-0.397436$ & $-0.17704$ & $1$ & $0.13253$ & $-0.126271$ & $-0.428585$ & $-0.328975$ & $0.316063$ & $0.26729$ & $-0.379052$ & $-0.0531788$ & $0.598516$ & $0.238102$ & $-0.140106$ \\
eHZZint & $0.540428$ & $-0.0911189$ & $0.179176$ & $0.0925679$ & $0.175634$ & $0.0604512$ & $-0.383625$ & $0.133685$ & $0.104739$ & $-0.170713$ & $-0.0426$ & $0.327307$ & $0.371143$ & $-0.187346$ & $-0.0185202$ & $-0.168352$ & $-0.232837$ & $-0.107058$ & $-0.121253$ & $0.101741$ & $0.0282936$ & $0.0543051$ & $-0.124367$ & $-0.192614$ & $-0.189303$ & $0.135802$ & $0.101614$ & $0.0900638$ & $0.0575642$ & $0.227153$ & $0.18727$ & $-0.323163$ & $0.228198$ & $0.104916$ & $0.389754$ & $0.410324$ & $-0.455019$ & $0.13253$ & $1$ & $0.151698$ & $0.125393$ & $0.109049$ & $-0.3896$ & $-0.0611437$ & $0.34857$ & $-0.362107$ & $0.172974$ & $-0.289642$ & $0.211989$ \\
eHZZpar & $0.268448$ & $0.0165912$ & $0.114813$ & $-0.311501$ & $0.0365223$ & $0.13444$ & $0.081787$ & $-0.093624$ & $-0.098798$ & $0.149274$ & $0.0279756$ & $-0.0687396$ & $-0.27822$ & $0.155965$ & $0.0295082$ & $-0.132013$ & $0.152167$ & $0.114122$ & $0.169786$ & $-0.0510178$ & $0.0447175$ & $0.0472098$ & $0.00494485$ & $0.022096$ & $0.179875$ & $0.0913131$ & $0.0723129$ & $0.0827529$ & $0.0247228$ & $-0.112199$ & $0.0496079$ & $0.0701517$ & $-0.252484$ & $-0.0709775$ & $0.373761$ & $-0.214871$ & $0.0849542$ & $-0.126271$ & $0.151698$ & $1$ & $-0.131914$ & $0.321643$ & $0.0443946$ & $-0.200968$ & $0.466998$ & $-0.664736$ & $0.314309$ & $0.172214$ & $-0.202304$ \\
eHZgaint & $-0.11682$ & $-0.195966$ & $0.450955$ & $0.136713$ & $0.102483$ & $0.0510708$ & $-0.46499$ & $0.352462$ & $0.348491$ & $-0.35346$ & $-0.202157$ & $0.352398$ & $0.586263$ & $-0.245951$ & $-0.248507$ & $-0.0785239$ & $-0.377782$ & $-0.140161$ & $-0.242618$ & $0.209709$ & $0.211866$ & $0.138533$ & $0.154013$ & $-0.34176$ & $-0.223796$ & $-0.0749201$ & $0.365881$ & $0.00286482$ & $0.127474$ & $0.473017$ & $0.129044$ & $-0.406508$ & $0.443182$ & $0.3663$ & $-0.449881$ & $0.480684$ & $-0.47455$ & $-0.428585$ & $0.125393$ & $-0.131914$ & $1$ & $0.502138$ & $-0.0390262$ & $0.157294$ & $0.362035$ & $0.177513$ & $-0.374773$ & $-0.150628$ & $-0.0323716$ \\
eHZgapar & $0.172634$ & $-0.203286$ & $0.118795$ & $-0.252836$ & $0.00800503$ & $0.0317313$ & $-0.29301$ & $0.333481$ & $0.337835$ & $-0.28427$ & $-0.255388$ & $0.112206$ & $0.21476$ & $-0.151851$ & $-0.238941$ & $-0.121806$ & $-0.264976$ & $-0.098924$ & $-0.147134$ & $0.243952$ & $0.304847$ & $0.197241$ & $0.142382$ & $-0.278699$ & $-0.128957$ & $0.0620622$ & $0.477189$ & $0.12817$ & $0.0975219$ & $0.253011$ & $0.0699701$ & $-0.276497$ & $0.180287$ & $0.312296$ & $-0.300534$ & $0.178048$ & $-0.411425$ & $-0.328975$ & $0.109049$ & $0.321643$ & $0.502138$ & $1$ & $0.19517$ & $0.358521$ & $0.636167$ & $-0.141119$ & $-0.0845072$ & $0.113236$ & $-0.130435$ \\
eHgagaint & $0.15641$ & $0.181548$ & $-0.21929$ & $-0.552718$ & $-0.0584422$ & $0.031159$ & $0.183114$ & $-0.0427825$ & $0.00660782$ & $-0.0710887$ & $0.059555$ & $-0.267044$ & $-0.278539$ & $-0.0436701$ & $-0.0288879$ & $0.0148308$ & $-0.0143151$ & $-0.0412938$ & $0.00626683$ & $-0.0562345$ & $-0.00889005$ & $-0.0457481$ & $0.0848415$ & $0.0207937$ & $0.0819051$ & $0.132653$ & $0.281915$ & $0.0155122$ & $0.00556046$ & $-0.148485$ & $0.0103462$ & $0.114661$ & $-0.187844$ & $-0.00588135$ & $-0.413559$ & $-0.519027$ & $-0.0179202$ & $0.316063$ & $-0.3896$ & $0.0443946$ & $-0.0390262$ & $0.19517$ & $1$ & $0.487002$ & $-0.0551329$ & $-0.0238951$ & $0.426335$ & $0.568669$ & $-0.373262$ \\
eHmumuint & $0.34787$ & $-0.181$ & $-0.472829$ & $-0.172285$ & $0.00796416$ & $-0.0397852$ & $-0.158611$ & $0.282489$ & $0.304686$ & $-0.340517$ & $-0.172677$ & $0.0119807$ & $0.18655$ & $-0.26268$ & $-0.135431$ & $-0.0310445$ & $-0.298273$ & $-0.180598$ & $-0.223058$ & $0.192644$ & $0.118642$ & $0.0720489$ & $0.0449914$ & $-0.208493$ & $-0.180369$ & $0.177545$ & $0.449405$ & $0.134206$ & $0.00766939$ & $0.0691101$ & $0.0632285$ & $-0.176538$ & $0.201558$ & $0.230945$ & $-0.449062$ & $0.0595097$ & $-0.328545$ & $0.26729$ & $-0.0611437$ & $-0.200968$ & $0.157294$ & $0.358521$ & $0.487002$ & $1$ & $0.13031$ & $0.327531$ & $0.0834042$ & $0.252075$ & $0.152024$ \\
eHtautauint & $0.241195$ & $-0.167256$ & $0.0665105$ & $-0.0875622$ & $0.0522294$ & $0.119276$ & $-0.251224$ & $0.213141$ & $0.202523$ & $-0.170074$ & $-0.15321$ & $0.159741$ & $0.156769$ & $-0.0872462$ & $-0.141644$ & $-0.128879$ & $-0.188835$ & $-0.0682685$ & $-0.109302$ & $0.151091$ & $0.163254$ & $0.134054$ & $0.0241511$ & $-0.245405$ & $-0.154744$ & $0.0572113$ & $0.177418$ & $0.115794$ & $0.0351406$ & $0.198854$ & $0.0370881$ & $-0.229343$ & $0.109609$ & $0.188972$ & $0.0826656$ & $0.389271$ & $-0.148574$ & $-0.379052$ & $0.34857$ & $0.466998$ & $0.362035$ & $0.636167$ & $-0.0551329$ & $0.13031$ & $1$ & $-0.300251$ & $-0.202448$ & $-0.266367$ & $0.156284$ \\
eHccint & $-0.361689$ & $-0.197442$ & $-0.213717$ & $0.246313$ & $-0.122653$ & $-0.0860126$ & $-0.0584305$ & $0.152334$ & $0.160331$ & $-0.150926$ & $-0.106046$ & $0.0171104$ & $0.260351$ & $-0.0775286$ & $-0.10495$ & $0.100415$ & $-0.126281$ & $-0.0499448$ & $-0.123544$ & $0.073766$ & $-0.0163921$ & $-0.0112838$ & $0.0625493$ & $-0.0511757$ & $-0.112058$ & $-0.123323$ & $-0.00357874$ & $-0.0304528$ & $-0.0524063$ & $0.146442$ & $-0.0454185$ & $-0.0455042$ & $0.293782$ & $0.132576$ & $-0.506734$ & $0.18721$ & $0.0133226$ & $-0.0531788$ & $-0.362107$ & $-0.664736$ & $0.177513$ & $-0.141119$ & $-0.0238951$ & $0.327531$ & $-0.300251$ & $1$ & $-0.476737$ & $-0.124114$ & $0.247985$ \\
eHccpar & $0.455011$ & $0.373924$ & $-0.10153$ & $-0.554808$ & $0.0542988$ & $0.0429951$ & $0.13892$ & $-0.206715$ & $-0.187712$ & $0.0633074$ & $0.195837$ & $-0.173471$ & $-0.314968$ & $-0.01978$ & $0.201217$ & $0.010047$ & $0.0721331$ & $-0.0558122$ & $0.0627707$ & $-0.138447$ & $-0.106885$ & $-0.117007$ & $-0.120419$ & $0.150293$ & $0.123391$ & $0.269931$ & $0.0962217$ & $-0.0170409$ & $0.0284392$ & $-0.211996$ & $0.173369$ & $0.0901041$ & $-0.276453$ & $-0.196905$ & $0.089652$ & $-0.610385$ & $-0.227855$ & $0.598516$ & $0.172974$ & $0.314309$ & $-0.374773$ & $-0.0845072$ & $0.426335$ & $0.0834042$ & $-0.202448$ & $-0.476737$ & $1$ & $0.570827$ & $-0.477897$ \\
eHbbint & $0.0510885$ & $0.1225$ & $0.0162922$ & $-0.447287$ & $0.0310201$ & $-0.0198289$ & $0.211604$ & $-0.107026$ & $-0.0736287$ & $0.059163$ & $0.0737978$ & $-0.229494$ & $-0.350923$ & $0.0656278$ & $0.0692761$ & $0.033015$ & $0.100304$ & $0.0274007$ & $0.0918585$ & $-0.0797827$ & $0.0205748$ & $-0.0368287$ & $0.111617$ & $0.139111$ & $0.208555$ & $0.124259$ & $0.290602$ & $-0.0284714$ & $0.0328097$ & $-0.162552$ & $0.0894688$ & $0.158642$ & $-0.200598$ & $-0.0966665$ & $-0.256226$ & $-0.6907$ & $-0.2528$ & $0.238102$ & $-0.289642$ & $0.172214$ & $-0.150628$ & $0.113236$ & $0.568669$ & $0.252075$ & $-0.266367$ & $-0.124114$ & $0.570827$ & $1$ & $-0.628069$ \\
eHbbpar & $0.0159138$ & $-0.528639$ & $-0.200205$ & $0.654853$ & $0.0530236$ & $-0.0819163$ & $-0.135215$ & $0.246561$ & $0.220152$ & $-0.100933$ & $-0.235442$ & $0.145222$ & $0.295651$ & $-0.0197557$ & $-0.0534718$ & $-0.0589628$ & $-0.109156$ & $-0.0296106$ & $-0.0930536$ & $0.196138$ & $0.0680076$ & $0.1535$ & $-0.00434729$ & $-0.140724$ & $-0.147538$ & $-0.154744$ & $-0.0833258$ & $0.147162$ & $-0.0831291$ & $0.0539562$ & $-0.115599$ & $-0.103957$ & $0.269149$ & $0.113663$ & $0.342148$ & $0.653612$ & $0.17527$ & $-0.140106$ & $0.211989$ & $-0.202304$ & $-0.0323716$ & $-0.130435$ & $-0.373262$ & $0.152024$ & $0.156284$ & $0.247985$ & $-0.477897$ & $-0.628069$ & $1$ \\
