 & AlsMz & dAle5Mz & mtop & mHl & Mz & CW & CHG & CHWB & CHWHB_gaga & CHWHB_gagaorth & CHD & CHbox & CH & CHL1_11 & CHL1_22 & CHL1_33 & CHL3_11 & CHL3_22 & CHL3_33 & CHe_11 & CHe_22 & CHe_33 & CHQ1_11 & CHQ1_33 & CHQ3_11 & CHu_11 & CHd_11 & CHd_33 & CeH_22r & CeH_33r & CuH_22r & CuH_33r & CdH_33r & CLL_1221 & eHggint & eHggpar & eHWWint & eHWWpar & eHZZint & eHZZpar & eHZgaint & eHZgapar & eHgagaint & eHmumuint & eHtautauint & eHccint & eHccpar & eHbbint & eHbbpar \\
AlsMz & $1$ & $0.350396$ & $-0.140464$ & $0.259534$ & $-0.046388$ & $-0.00610938$ & $-0.0214992$ & $0.00259275$ & $-0.00149094$ & $0.0167611$ & $0.00195598$ & $-0.0672803$ & $-0.0643076$ & $-0.0189943$ & $0.0143138$ & $-0.0214841$ & $-0.0160343$ & $-0.0304287$ & $-0.006537$ & $-0.00449604$ & $-0.00194981$ & $-0.00215886$ & $-0.0370963$ & $-0.0518313$ & $-0.0746867$ & $0.00564482$ & $-0.0432479$ & $0.0140425$ & $-0.0181806$ & $-0.0739334$ & $-0.0457691$ & $-0.0318$ & $-0.0846739$ & $-0.00586532$ & $0.269076$ & $0.476252$ & $0.257863$ & $-0.0969943$ & $-0.250733$ & $-0.0357024$ & $-0.155375$ & $-0.0953233$ & $0.083721$ & $-0.140476$ & $0.0302875$ & $0.158052$ & $-0.249473$ & $0.0294891$ & $-0.0350539$ \\
dAle5Mz & $0.350396$ & $1$ & $-0.109148$ & $-0.126072$ & $0.00795784$ & $0.0117601$ & $0.191067$ & $-0.0610872$ & $-0.0633575$ & $0.0970106$ & $0.0663727$ & $-0.202522$ & $-0.215475$ & $-0.0463809$ & $-0.0392788$ & $-0.0662032$ & $-0.0135105$ & $-0.00445494$ & $0.0150224$ & $-0.0625087$ & $-0.0572749$ & $-0.0536296$ & $-0.00265131$ & $-0.00936833$ & $-0.0200788$ & $0.0255847$ & $-0.0186139$ & $-0.0270474$ & $-0.0640243$ & $-0.17019$ & $-0.110181$ & $0.177924$ & $-0.189038$ & $-0.00146092$ & $0.0908385$ & $0.51668$ & $0.25759$ & $-0.0292141$ & $-0.0442042$ & $0.0292591$ & $-0.0579253$ & $-0.119166$ & $-0.0120042$ & $-0.287685$ & $0.0883078$ & $-0.0598367$ & $-0.15012$ & $-0.0638194$ & $0.0234599$ \\
mtop & $-0.140464$ & $-0.109148$ & $1$ & $0.120311$ & $0.026532$ & $-0.00606008$ & $0.0357755$ & $0.0246846$ & $0.0245003$ & $0.022166$ & $-0.00110934$ & $-0.0891741$ & $-0.0694322$ & $-0.0385995$ & $-0.0107891$ & $-0.0241071$ & $-0.0282351$ & $-0.0334923$ & $-0.0277944$ & $-0.000102912$ & $0.00641637$ & $0.00422729$ & $-0.0133812$ & $-0.0426298$ & $-0.0254733$ & $0.0191657$ & $0.0372338$ & $-0.0392776$ & $0.0057243$ & $-0.0326126$ & $-0.0127337$ & $0.0382481$ & $-0.0512078$ & $0.0394821$ & $0.224077$ & $0.301673$ & $-0.167422$ & $0.0565007$ & $-0.0975907$ & $-0.002051$ & $0.301062$ & $-0.0112156$ & $-0.184026$ & $0.28814$ & $-0.227679$ & $-0.117918$ & $0.0736894$ & $0.250441$ & $-0.225421$ \\
mHl & $0.259534$ & $-0.126072$ & $0.120311$ & $1$ & $-0.054598$ & $-0.045171$ & $-0.107253$ & $0.0308284$ & $0.0329098$ & $-0.0169212$ & $-0.0251159$ & $0.0342151$ & $0.0349606$ & $-0.00486506$ & $-0.0175259$ & $0.000458307$ & $0.000257652$ & $0.00210512$ & $-0.0139411$ & $0.0196019$ & $0.0272456$ & $0.0232763$ & $0.0373669$ & $-0.0330976$ & $-0.014415$ & $-0.0377884$ & $0.0349166$ & $0.0173938$ & $0.0171862$ & $-0.015827$ & $0.00763424$ & $-0.12611$ & $-0.0531753$ & $0.0523501$ & $0.110945$ & $0.15702$ & $0.356308$ & $-0.0590073$ & $-0.102627$ & $-0.0263436$ & $-0.231581$ & $0.0151551$ & $0.138894$ & $0.173392$ & $-0.429707$ & $-0.0131002$ & $0.011234$ & $0.18352$ & $-0.315874$ \\
Mz & $-0.046388$ & $0.00795784$ & $0.026532$ & $-0.054598$ & $1$ & $0.00306376$ & $0.0495385$ & $0.00503834$ & $0.00824108$ & $0.0163378$ & $-0.00953896$ & $-0.00625754$ & $-0.00728671$ & $0.0275038$ & $0.024839$ & $0.00737149$ & $0.0139686$ & $0.00510907$ & $0.0128504$ & $0.0167843$ & $0.015047$ & $0.0112102$ & $-0.000943611$ & $0.013929$ & $0.0114113$ & $-0.0240738$ & $-0.0155283$ & $0.0148958$ & $-0.0254388$ & $0.00717414$ & $-0.00350519$ & $0.0638138$ & $0.00132533$ & $-0.0238408$ & $0.000876045$ & $0.0180894$ & $-0.0258183$ & $-0.000101614$ & $0.000636963$ & $0.0387972$ & $-0.0205517$ & $0.00380501$ & $0.00343257$ & $-0.0425459$ & $0.0128572$ & $0.0104265$ & $0.002857$ & $-0.0221431$ & $-0.0527304$ \\
CW & $-0.00610938$ & $0.0117601$ & $-0.00606008$ & $-0.045171$ & $0.00306376$ & $1$ & $0.0351$ & $-0.0181094$ & $-0.0155839$ & $-0.0167862$ & $0.136766$ & $-0.0352825$ & $-0.0575011$ & $-0.0320755$ & $-0.0780618$ & $-0.0652888$ & $-0.389436$ & $-0.182488$ & $-0.19126$ & $-0.134531$ & $-0.138568$ & $-0.140515$ & $-0.0151732$ & $-0.133817$ & $-0.23278$ & $0.104864$ & $-0.061929$ & $-0.0650861$ & $-0.0185206$ & $-0.0425543$ & $-0.0110018$ & $0.0409775$ & $-0.0523451$ & $-0.083618$ & $-0.00679148$ & $0.00130231$ & $0.0149236$ & $-0.0136612$ & $0.0135147$ & $-0.00894079$ & $-0.0550613$ & $0.0215278$ & $0.036442$ & $-0.0250305$ & $0.0108681$ & $-0.00279596$ & $0.004346$ & $-0.0312228$ & $-0.00347238$ \\
CHG & $-0.0214992$ & $0.191067$ & $0.0357755$ & $-0.107253$ & $0.0495385$ & $0.0351$ & $1$ & $-0.117693$ & $-0.0938978$ & $0.228595$ & $0.139641$ & $-0.654487$ & $-0.706645$ & $-0.0835849$ & $-0.0621718$ & $-0.0526984$ & $-0.0552011$ & $-0.0181218$ & $-0.0232214$ & $-0.135951$ & $-0.138935$ & $-0.142053$ & $0.00524733$ & $0.0309024$ & $-0.031581$ & $0.0972362$ & $-0.0649968$ & $-0.0867539$ & $-0.115032$ & $-0.494934$ & $-0.251925$ & $0.946893$ & $-0.566419$ & $-0.0649874$ & $0.017805$ & $0.0339703$ & $0.116249$ & $0.091246$ & $0.0130028$ & $0.0918628$ & $-0.0922269$ & $-0.100098$ & $0.162475$ & $0.241427$ & $-0.142406$ & $0.329282$ & $0.27307$ & $-0.171544$ & $-0.0413207$ \\
CHWB & $0.00259275$ & $-0.0610872$ & $0.0246846$ & $0.0308284$ & $0.00503834$ & $-0.0181094$ & $-0.117693$ & $1$ & $0.990274$ & $-0.589238$ & $-0.8736$ & $0.0186498$ & $0.125233$ & $0.240988$ & $0.474677$ & $0.457386$ & $-0.235504$ & $-0.434246$ & $-0.430835$ & $0.857563$ & $0.888249$ & $0.878827$ & $0.0454714$ & $-0.646119$ & $-0.398382$ & $-0.608827$ & $0.398377$ & $0.400475$ & $0.0325925$ & $0.0619127$ & $0.0304536$ & $-0.12635$ & $0.074422$ & $0.535777$ & $0.0105909$ & $-0.00498812$ & $0.0148781$ & $0.0032916$ & $-0.0522436$ & $0.00760752$ & $0.0303195$ & $0.0265644$ & $-0.107827$ & $-0.0179534$ & $-0.041296$ & $-0.0269127$ & $-0.0242649$ & $0.0193174$ & $-0.0494514$ \\
CHWHB_gaga & $-0.00149094$ & $-0.0633575$ & $0.0245003$ & $0.0329098$ & $0.00824108$ & $-0.0155839$ & $-0.0938978$ & $0.990274$ & $1$ & $-0.586696$ & $-0.86105$ & $0.0327701$ & $0.133192$ & $0.231792$ & $0.468859$ & $0.452467$ & $-0.241987$ & $-0.437263$ & $-0.434528$ & $0.845179$ & $0.875435$ & $0.866242$ & $0.049863$ & $-0.643697$ & $-0.400493$ & $-0.602623$ & $0.396587$ & $0.395951$ & $0.0372653$ & $0.0845124$ & $0.041805$ & $-0.104754$ & $0.0956845$ & $0.530761$ & $0.00876795$ & $-0.00876952$ & $0.0117441$ & $-0.000832629$ & $-0.0570168$ & $0.00636933$ & $0.0232686$ & $0.0274827$ & $-0.0818251$ & $-0.0200823$ & $-0.0361748$ & $-0.019027$ & $-0.0227741$ & $0.0201584$ & $-0.0552324$ \\
CHWHB_gagaorth & $0.0167611$ & $0.0970106$ & $0.022166$ & $-0.0169212$ & $0.0163378$ & $-0.0167862$ & $0.228595$ & $-0.589238$ & $-0.586696$ & $1$ & $0.50762$ & $-0.0983957$ & $-0.311979$ & $-0.123872$ & $-0.284849$ & $-0.240633$ & $0.146285$ & $0.275193$ & $0.250201$ & $-0.496295$ & $-0.517127$ & $-0.512036$ & $-0.0680911$ & $0.389628$ & $0.249845$ & $0.385486$ & $-0.234615$ & $-0.22522$ & $-0.0351186$ & $-0.245833$ & $-0.138448$ & $0.235783$ & $-0.282914$ & $-0.311821$ & $0.0062605$ & $0.0693097$ & $0.0491632$ & $0.00143712$ & $0.0757131$ & $0.0476139$ & $-0.0314529$ & $-0.0163952$ & $0.0568691$ & $0.0254915$ & $-0.00273796$ & $0.0550741$ & $0.0933649$ & $-0.0100072$ & $0.0445227$ \\
CHD & $0.00195598$ & $0.0663727$ & $-0.00110934$ & $-0.0251159$ & $-0.00953896$ & $0.136766$ & $0.139641$ & $-0.8736$ & $-0.86105$ & $0.50762$ & $1$ & $-0.0325197$ & $-0.17848$ & $-0.64212$ & $-0.587193$ & $-0.567564$ & $-0.237904$ & $0.0106922$ & $0.00884902$ & $-0.995112$ & $-0.995021$ & $-0.983613$ & $0.0188491$ & $0.235226$ & $-0.0366592$ & $0.684248$ & $-0.268626$ & $-0.453371$ & $-0.0466559$ & $-0.101143$ & $-0.0622221$ & $0.152413$ & $-0.126353$ & $-0.325707$ & $-0.014811$ & $0.0204484$ & $-0.0114632$ & $-0.000747969$ & $0.0292357$ & $0.000689545$ & $-0.029107$ & $-0.0127474$ & $0.127881$ & $0.0446662$ & $0.0524164$ & $0.0375911$ & $0.0244914$ & $-0.0326644$ & $0.0654438$ \\
CHbox & $-0.0672803$ & $-0.202522$ & $-0.0891741$ & $0.0342151$ & $-0.00625754$ & $-0.0352825$ & $-0.654487$ & $0.0186498$ & $0.0327701$ & $-0.0983957$ & $-0.0325197$ & $1$ & $0.927632$ & $0.0258983$ & $0.0213728$ & $0.0205722$ & $0.0340083$ & $0.0189652$ & $0.0209974$ & $0.0327971$ & $0.0293949$ & $0.0307918$ & $-8.60234e-05$ & $0.0213986$ & $0.0358903$ & $-0.0329043$ & $0.017994$ & $0.0464635$ & $0.171636$ & $0.657131$ & $0.329796$ & $-0.55221$ & $0.703809$ & $0.00178826$ & $0.0784365$ & $-0.138642$ & $-0.0352792$ & $-0.0529071$ & $0.0102975$ & $-0.138893$ & $0.0358534$ & $0.0793907$ & $-0.0656991$ & $-0.221448$ & $0.166369$ & $-0.279372$ & $-0.268492$ & $0.248625$ & $-0.149196$ \\
CH & $-0.0643076$ & $-0.215475$ & $-0.0694322$ & $0.0349606$ & $-0.00728671$ & $-0.0575011$ & $-0.706645$ & $0.125233$ & $0.133192$ & $-0.311979$ & $-0.17848$ & $0.927632$ & $1$ & $0.146171$ & $0.0945682$ & $0.0763323$ & $0.117804$ & $0.0626854$ & $0.0737831$ & $0.17503$ & $0.176275$ & $0.174138$ & $0.00788951$ & $0.0186369$ & $0.0864125$ & $-0.138809$ & $0.0617413$ & $0.107752$ & $0.175104$ & $0.66713$ & $0.352673$ & $-0.622162$ & $0.718267$ & $0.0461422$ & $0.0695959$ & $-0.126973$ & $-0.132747$ & $-0.0552069$ & $-0.027274$ & $-0.143636$ & $0.0416725$ & $0.0802536$ & $-0.0574701$ & $-0.258362$ & $0.159902$ & $-0.285994$ & $-0.274808$ & $0.2084$ & $-0.136265$ \\
CHL1_11 & $-0.0189943$ & $-0.0463809$ & $-0.0385995$ & $-0.00486506$ & $0.0275038$ & $-0.0320755$ & $-0.0835849$ & $0.240988$ & $0.231792$ & $-0.123872$ & $-0.64212$ & $0.0258983$ & $0.146171$ & $1$ & $0.397813$ & $0.385687$ & $0.640057$ & $0.5936$ & $0.591588$ & $0.653132$ & $0.612408$ & $0.603374$ & $-0.108282$ & $0.450116$ & $0.599847$ & $-0.416786$ & $-0.0661297$ & $0.280257$ & $0.0354255$ & $0.0995578$ & $0.0809115$ & $-0.0955789$ & $0.124765$ & $-0.194127$ & $0.000258384$ & $-0.0395644$ & $0.011077$ & $-0.00658942$ & $0.0304934$ & $-0.0239143$ & $-0.0034286$ & $-0.0250859$ & $-0.0803434$ & $-0.0571128$ & $-0.037021$ & $-0.030384$ & $0.00231639$ & $0.0322587$ & $-0.0564211$ \\
CHL1_22 & $0.0143138$ & $-0.0392788$ & $-0.0107891$ & $-0.0175259$ & $0.024839$ & $-0.0780618$ & $-0.0621718$ & $0.474677$ & $0.468859$ & $-0.284849$ & $-0.587193$ & $0.0213728$ & $0.0945682$ & $0.397813$ & $1$ & $0.549836$ & $0.166678$ & $-0.32416$ & $-0.0292269$ & $0.628427$ & $0.531322$ & $0.522433$ & $-0.191223$ & $0.0122265$ & $-0.0894926$ & $-0.359004$ & $-0.301301$ & $0.232664$ & $0.0176957$ & $0.0537905$ & $0.0352318$ & $-0.0599123$ & $0.0733699$ & $-0.449367$ & $0.0307595$ & $0.00832478$ & $-0.00108554$ & $0.00673019$ & $0.00258563$ & $-0.00334014$ & $0.0249678$ & $0.00125333$ & $-0.0546624$ & $-0.0145281$ & $-0.0190542$ & $-0.0118067$ & $-0.0225554$ & $-0.037257$ & $-0.0462523$ \\
CHL1_33 & $-0.0214841$ & $-0.0662032$ & $-0.0241071$ & $0.000458307$ & $0.00737149$ & $-0.0652888$ & $-0.0526984$ & $0.457386$ & $0.452467$ & $-0.240633$ & $-0.567564$ & $0.0205722$ & $0.0763323$ & $0.385687$ & $0.549836$ & $1$ & $0.158942$ & $-0.0244051$ & $-0.323318$ & $0.609855$ & $0.511852$ & $0.521422$ & $-0.200401$ & $0.0186099$ & $-0.0846725$ & $-0.340486$ & $-0.304893$ & $0.227638$ & $0.0346526$ & $0.0612334$ & $0.033176$ & $-0.0532938$ & $0.0725641$ & $-0.0271974$ & $0.0191419$ & $-0.0384702$ & $0.0114381$ & $-0.00114186$ & $0.00128204$ & $0.0152392$ & $0.0238473$ & $0.030971$ & $-0.0713391$ & $-0.00628298$ & $-0.0449823$ & $-0.0444431$ & $-0.00913258$ & $-0.0421435$ & $-0.033687$ \\
CHL3_11 & $-0.0160343$ & $-0.0135105$ & $-0.0282351$ & $0.000257652$ & $0.0139686$ & $-0.389436$ & $-0.0552011$ & $-0.235504$ & $-0.241987$ & $0.146285$ & $-0.237904$ & $0.0340083$ & $0.117804$ & $0.640057$ & $0.166678$ & $0.158942$ & $1$ & $0.814975$ & $0.815003$ & $0.24901$ & $0.21294$ & $0.209132$ & $-0.0780817$ & $0.753861$ & $0.856037$ & $-0.158048$ & $-0.151509$ & $0.108355$ & $0.0303787$ & $0.0795036$ & $0.0559096$ & $-0.0648886$ & $0.105023$ & $-0.267122$ & $0.0134757$ & $-0.0298124$ & $-0.018138$ & $0.0023876$ & $0.0308304$ & $-0.0107715$ & $0.0181009$ & $-0.0165629$ & $-0.0518485$ & $-0.0490105$ & $-0.0306597$ & $-0.027533$ & $-0.00798435$ & $0.0376451$ & $-0.0312023$ \\
CHL3_22 & $-0.0304287$ & $-0.00445494$ & $-0.0334923$ & $0.00210512$ & $0.00510907$ & $-0.182488$ & $-0.0181218$ & $-0.434246$ & $-0.437263$ & $0.275193$ & $0.0106922$ & $0.0189652$ & $0.0626854$ & $0.5936$ & $-0.32416$ & $-0.0244051$ & $0.814975$ & $1$ & $0.793929$ & $-0.0111573$ & $-0.0165679$ & $-0.0149665$ & $-0.0198086$ & $0.752192$ & $0.874504$ & $0.00593321$ & $-0.0587531$ & $0.00621437$ & $0.0220305$ & $0.0541956$ & $0.047398$ & $-0.0281665$ & $0.0683125$ & $-0.0957409$ & $-0.0106084$ & $-0.04473$ & $-0.00687456$ & $-0.00877815$ & $0.0409411$ & $-0.0142697$ & $-0.0109653$ & $-0.0216579$ & $-0.0203715$ & $-0.0413689$ & $-0.019055$ & $-0.0207727$ & $0.0139524$ & $0.0492248$ & $-0.0110595$ \\
CHL3_33 & $-0.006537$ & $0.0150224$ & $-0.0277944$ & $-0.0139411$ & $0.0128504$ & $-0.19126$ & $-0.0232214$ & $-0.430835$ & $-0.434528$ & $0.250201$ & $0.00884902$ & $0.0209974$ & $0.0737831$ & $0.591588$ & $-0.0292269$ & $-0.323318$ & $0.815003$ & $0.793929$ & $1$ & $-0.0105048$ & $-0.0136785$ & $-0.0129918$ & $-0.00866704$ & $0.746377$ & $0.870599$ & $-0.00137324$ & $-0.0531228$ & $0.0060031$ & $0.00932677$ & $0.0487698$ & $0.0488727$ & $-0.0308931$ & $0.0684336$ & $-0.382858$ & $-0.00309436$ & $-0.017183$ & $-0.0127595$ & $-0.00693698$ & $0.0428744$ & $-0.0265133$ & $-0.00709835$ & $-0.0420408$ & $-0.0100928$ & $-0.0491259$ & $0.00309909$ & $-0.000410344$ & $0.00551611$ & $0.051995$ & $-0.0122084$ \\
CHe_11 & $-0.00449604$ & $-0.0625087$ & $-0.000102912$ & $0.0196019$ & $0.0167843$ & $-0.134531$ & $-0.135951$ & $0.857563$ & $0.845179$ & $-0.496295$ & $-0.995112$ & $0.0327971$ & $0.17503$ & $0.653132$ & $0.628427$ & $0.609855$ & $0.24901$ & $-0.0111573$ & $-0.0105048$ & $1$ & $0.98488$ & $0.973643$ & $-0.0417077$ & $-0.20276$ & $0.0402179$ & $-0.675374$ & $0.213614$ & $0.447945$ & $0.0468507$ & $0.10044$ & $0.0631541$ & $-0.147227$ & $0.126056$ & $0.269424$ & $0.0163445$ & $-0.0193825$ & $0.0107717$ & $-0.000620243$ & $-0.0243652$ & $-0.000634272$ & $0.0277306$ & $0.0137575$ & $-0.126995$ & $-0.0450217$ & $-0.0508795$ & $-0.0377285$ & $-0.0244169$ & $0.026254$ & $-0.0661953$ \\
CHe_22 & $-0.00194981$ & $-0.0572749$ & $0.00641637$ & $0.0272456$ & $0.015047$ & $-0.138568$ & $-0.138935$ & $0.888249$ & $0.875435$ & $-0.517127$ & $-0.995021$ & $0.0293949$ & $0.176275$ & $0.612408$ & $0.531322$ & $0.511852$ & $0.21294$ & $-0.0165679$ & $-0.0136785$ & $0.98488$ & $1$ & $0.986552$ & $0.00766697$ & $-0.278037$ & $0.0242498$ & $-0.688551$ & $0.331692$ & $0.455125$ & $0.0448069$ & $0.0972766$ & $0.0601727$ & $-0.152529$ & $0.121594$ & $0.393279$ & $0.014804$ & $-0.0153868$ & $0.0125707$ & $0.00236502$ & $-0.0322524$ & $-0.00155675$ & $0.0300548$ & $0.0131072$ & $-0.13067$ & $-0.0463468$ & $-0.0529616$ & $-0.036729$ & $-0.0244962$ & $0.0390014$ & $-0.0656769$ \\
CHe_33 & $-0.00215886$ & $-0.0536296$ & $0.00422729$ & $0.0232763$ & $0.0112102$ & $-0.140515$ & $-0.142053$ & $0.878827$ & $0.866242$ & $-0.512036$ & $-0.983613$ & $0.0307918$ & $0.174138$ & $0.603374$ & $0.522433$ & $0.521422$ & $0.209132$ & $-0.0149665$ & $-0.0129918$ & $0.973643$ & $0.986552$ & $1$ & $0.00678527$ & $-0.275914$ & $0.0238762$ & $-0.679459$ & $0.329474$ & $0.452258$ & $0.0468966$ & $0.096786$ & $0.0589794$ & $-0.155936$ & $0.121853$ & $0.394022$ & $0.0161598$ & $-0.018785$ & $0.0133096$ & $-0.00404456$ & $-0.0344554$ & $-0.00171905$ & $0.0371026$ & $0.0118656$ & $-0.132385$ & $-0.0482523$ & $-0.0489144$ & $-0.0392478$ & $-0.0241525$ & $0.0410819$ & $-0.053988$ \\
CHQ1_11 & $-0.0370963$ & $-0.00265131$ & $-0.0133812$ & $0.0373669$ & $-0.000943611$ & $-0.0151732$ & $0.00524733$ & $0.0454714$ & $0.049863$ & $-0.0680911$ & $0.0188491$ & $-8.60234e-05$ & $0.00788951$ & $-0.108282$ & $-0.191223$ & $-0.200401$ & $-0.0780817$ & $-0.0198086$ & $-0.00866704$ & $-0.0417077$ & $0.00766697$ & $0.00678527$ & $1$ & $-0.147604$ & $0.0458818$ & $-0.577546$ & $0.381368$ & $0.0249048$ & $-0.0144692$ & $0.0144935$ & $-0.0148914$ & $-0.0060606$ & $-0.000940261$ & $0.229775$ & $-0.0417265$ & $-0.0454817$ & $0.0516963$ & $-0.0217193$ & $-0.0128915$ & $0.00866138$ & $-0.0190669$ & $-0.00926809$ & $-0.0142549$ & $-0.0254322$ & $-0.0110689$ & $-0.0354581$ & $0.0107012$ & $0.0121801$ & $0.000180474$ \\
CHQ1_33 & $-0.0518313$ & $-0.00936833$ & $-0.0426298$ & $-0.0330976$ & $0.013929$ & $-0.133817$ & $0.0309024$ & $-0.646119$ & $-0.643697$ & $0.389628$ & $0.235226$ & $0.0213986$ & $0.0186369$ & $0.450116$ & $0.0122265$ & $0.0186099$ & $0.753861$ & $0.752192$ & $0.746377$ & $-0.20276$ & $-0.278037$ & $-0.275914$ & $-0.147604$ & $1$ & $0.762347$ & $0.192682$ & $-0.403458$ & $-0.0470818$ & $0.00949021$ & $0.0359087$ & $0.037921$ & $0.034221$ & $0.0474006$ & $-0.621285$ & $-0.00745496$ & $-0.0432445$ & $-0.0267258$ & $-0.000914466$ & $0.0698422$ & $-0.0136545$ & $-0.00809732$ & $-0.0172899$ & $0.038771$ & $-0.0129588$ & $0.0139856$ & $-0.00927753$ & $0.0315691$ & $0.00384894$ & $-0.00412325$ \\
CHQ3_11 & $-0.0746867$ & $-0.0200788$ & $-0.0254733$ & $-0.014415$ & $0.0114113$ & $-0.23278$ & $-0.031581$ & $-0.398382$ & $-0.400493$ & $0.249845$ & $-0.0366592$ & $0.0358903$ & $0.0864125$ & $0.599847$ & $-0.0894926$ & $-0.0846725$ & $0.856037$ & $0.874504$ & $0.870599$ & $0.0402179$ & $0.0242498$ & $0.0238762$ & $0.0458818$ & $0.762347$ & $1$ & $-0.0327394$ & $0.108567$ & $0.0284557$ & $0.0185782$ & $0.0645385$ & $0.0547051$ & $-0.0417912$ & $0.0839278$ & $-0.265113$ & $-0.0355378$ & $-0.0597853$ & $-0.0161499$ & $-0.00248332$ & $0.0409978$ & $-0.0140257$ & $0.00493214$ & $-0.0123538$ & $-0.0252749$ & $-0.0312926$ & $-0.0191062$ & $-0.027098$ & $0.033475$ & $0.0490993$ & $-0.0246934$ \\
CHu_11 & $0.00564482$ & $0.0255847$ & $0.0191657$ & $-0.0377884$ & $-0.0240738$ & $0.104864$ & $0.0972362$ & $-0.608827$ & $-0.602623$ & $0.385486$ & $0.684248$ & $-0.0329043$ & $-0.138809$ & $-0.416786$ & $-0.359004$ & $-0.340486$ & $-0.158048$ & $0.00593321$ & $-0.00137324$ & $-0.675374$ & $-0.688551$ & $-0.679459$ & $-0.577546$ & $0.192682$ & $-0.0327394$ & $1$ & $-0.223149$ & $-0.324184$ & $-0.0273329$ & $-0.0883214$ & $-0.0373721$ & $0.11052$ & $-0.0939893$ & $-0.279402$ & $0.000975156$ & $0.0273252$ & $-0.0430083$ & $0.0127816$ & $0.0138649$ & $0.000724945$ & $0.00535256$ & $-0.00116427$ & $0.0986239$ & $0.0669615$ & $0.0357146$ & $0.0618876$ & $0.0361908$ & $-0.0190029$ & $0.0406502$ \\
CHd_11 & $-0.0432479$ & $-0.0186139$ & $0.0372338$ & $0.0349166$ & $-0.0155283$ & $-0.061929$ & $-0.0649968$ & $0.398377$ & $0.396587$ & $-0.234615$ & $-0.268626$ & $0.017994$ & $0.0617413$ & $-0.0661297$ & $-0.301301$ & $-0.304893$ & $-0.151509$ & $-0.0587531$ & $-0.0531228$ & $0.213614$ & $0.331692$ & $0.329474$ & $0.381368$ & $-0.403458$ & $0.108567$ & $-0.223149$ & $1$ & $0.156365$ & $0.00988896$ & $0.0248999$ & $0.0115375$ & $-0.0782722$ & $0.027177$ & $0.685855$ & $-0.0527553$ & $-0.0215303$ & $0.0132247$ & $-0.00214873$ & $-0.0612705$ & $0.010376$ & $0.025391$ & $0.0314869$ & $-0.0437817$ & $0.00156994$ & $-0.0179844$ & $-0.0169381$ & $0.0321441$ & $0.0765126$ & $-0.025342$ \\
CHd_33 & $0.0140425$ & $-0.0270474$ & $-0.0392776$ & $0.0173938$ & $0.0148958$ & $-0.0650861$ & $-0.0867539$ & $0.400475$ & $0.395951$ & $-0.22522$ & $-0.453371$ & $0.0464635$ & $0.107752$ & $0.280257$ & $0.232664$ & $0.227638$ & $0.108355$ & $0.00621437$ & $0.0060031$ & $0.447945$ & $0.455125$ & $0.452258$ & $0.0249048$ & $-0.0470818$ & $0.0284557$ & $-0.324184$ & $0.156365$ & $1$ & $0.0225595$ & $0.0536912$ & $0.0262659$ & $-0.0936913$ & $0.0660823$ & $0.187475$ & $0.0162879$ & $-0.0180808$ & $0.010321$ & $-0.0283645$ & $0.00735716$ & $-0.0250975$ & $-0.0212516$ & $-0.0270499$ & $-0.0376816$ & $-0.0401971$ & $0.00971117$ & $-0.0324662$ & $-0.0420414$ & $0.006014$ & $-0.0339026$ \\
CeH_22r & $-0.0181806$ & $-0.0640243$ & $0.0057243$ & $0.0171862$ & $-0.0254388$ & $-0.0185206$ & $-0.115032$ & $0.0325925$ & $0.0372653$ & $-0.0351186$ & $-0.0466559$ & $0.171636$ & $0.175104$ & $0.0354255$ & $0.0176957$ & $0.0346526$ & $0.0303787$ & $0.0220305$ & $0.00932677$ & $0.0468507$ & $0.0448069$ & $0.0468966$ & $-0.0144692$ & $0.00949021$ & $0.0185782$ & $-0.0273329$ & $0.00988896$ & $0.0225595$ & $1$ & $0.135927$ & $0.0567261$ & $-0.114827$ & $0.147568$ & $0.0199298$ & $0.0112206$ & $-0.0154583$ & $-0.0164335$ & $-0.0312386$ & $-0.00276548$ & $-0.0160288$ & $-0.000260128$ & $0.0117042$ & $-0.000770505$ & $-0.0418401$ & $0.0127926$ & $-0.0562595$ & $-0.0326581$ & $0.0398774$ & $-0.0490721$ \\
CeH_33r & $-0.0739334$ & $-0.17019$ & $-0.0326126$ & $-0.015827$ & $0.00717414$ & $-0.0425543$ & $-0.494934$ & $0.0619127$ & $0.0845124$ & $-0.245833$ & $-0.101143$ & $0.657131$ & $0.66713$ & $0.0995578$ & $0.0537905$ & $0.0612334$ & $0.0795036$ & $0.0541956$ & $0.0487698$ & $0.10044$ & $0.0972766$ & $0.096786$ & $0.0144935$ & $0.0359087$ & $0.0645385$ & $-0.0883214$ & $0.0248999$ & $0.0536912$ & $0.135927$ & $1$ & $0.443399$ & $-0.344906$ & $0.834944$ & $0.0144668$ & $0.0383909$ & $-0.0940896$ & $-0.146037$ & $-0.0250793$ & $-0.0216792$ & $-0.0870975$ & $0.0371836$ & $0.0458858$ & $0.00990714$ & $-0.170474$ & $0.137269$ & $-0.148776$ & $-0.155034$ & $0.133135$ & $-0.0915457$ \\
CuH_22r & $-0.0457691$ & $-0.110181$ & $-0.0127337$ & $0.00763424$ & $-0.00350519$ & $-0.0110018$ & $-0.251925$ & $0.0304536$ & $0.041805$ & $-0.138448$ & $-0.0622221$ & $0.329796$ & $0.352673$ & $0.0809115$ & $0.0352318$ & $0.033176$ & $0.0559096$ & $0.047398$ & $0.0488727$ & $0.0631541$ & $0.0601727$ & $0.0589794$ & $-0.0148914$ & $0.037921$ & $0.0547051$ & $-0.0373721$ & $0.0115375$ & $0.0262659$ & $0.0567261$ & $0.443399$ & $1$ & $-0.143422$ & $0.504269$ & $-0.00628693$ & $-0.0540537$ & $-0.0559164$ & $-0.0580441$ & $0.0335753$ & $-0.064062$ & $-0.0238244$ & $0.0542082$ & $0.0174379$ & $-0.0112544$ & $-0.039359$ & $0.0370905$ & $0.0145826$ & $0.0758699$ & $0.0855455$ & $-0.0831953$ \\
CuH_33r & $-0.0318$ & $0.177924$ & $0.0382481$ & $-0.12611$ & $0.0638138$ & $0.0409775$ & $0.946893$ & $-0.12635$ & $-0.104754$ & $0.235783$ & $0.152413$ & $-0.55221$ & $-0.622162$ & $-0.0955789$ & $-0.0599123$ & $-0.0532938$ & $-0.0648886$ & $-0.0281665$ & $-0.0308931$ & $-0.147227$ & $-0.152529$ & $-0.155936$ & $-0.0060606$ & $0.034221$ & $-0.0417912$ & $0.11052$ & $-0.0782722$ & $-0.0936913$ & $-0.114827$ & $-0.344906$ & $-0.143422$ & $1$ & $-0.388864$ & $-0.0772845$ & $0.0597476$ & $0.0312874$ & $0.0924055$ & $0.107996$ & $0.0233432$ & $0.084095$ & $-0.0982352$ & $-0.102114$ & $0.176869$ & $0.226334$ & $-0.123994$ & $0.344419$ & $0.25685$ & $-0.145826$ & $-0.0724892$ \\
CdH_33r & $-0.0846739$ & $-0.189038$ & $-0.0512078$ & $-0.0531753$ & $0.00132533$ & $-0.0523451$ & $-0.566419$ & $0.074422$ & $0.0956845$ & $-0.282914$ & $-0.126353$ & $0.703809$ & $0.718267$ & $0.124765$ & $0.0733699$ & $0.0725641$ & $0.105023$ & $0.0683125$ & $0.0684336$ & $0.126056$ & $0.121594$ & $0.121853$ & $-0.000940261$ & $0.0474006$ & $0.0839278$ & $-0.0939893$ & $0.027177$ & $0.0660823$ & $0.147568$ & $0.834944$ & $0.504269$ & $-0.388864$ & $1$ & $0.0104306$ & $0.0389785$ & $-0.131444$ & $-0.204514$ & $-0.013404$ & $-0.00687396$ & $-0.070493$ & $0.0875137$ & $0.0623856$ & $-0.0146743$ & $-0.181782$ & $0.180402$ & $-0.133621$ & $-0.206966$ & $0.15217$ & $0.0293405$ \\
CLL_1221 & $-0.00586532$ & $-0.00146092$ & $0.0394821$ & $0.0523501$ & $-0.0238408$ & $-0.083618$ & $-0.0649874$ & $0.535777$ & $0.530761$ & $-0.311821$ & $-0.325707$ & $0.00178826$ & $0.0461422$ & $-0.194127$ & $-0.449367$ & $-0.0271974$ & $-0.267122$ & $-0.0957409$ & $-0.382858$ & $0.269424$ & $0.393279$ & $0.394022$ & $0.229775$ & $-0.621285$ & $-0.265113$ & $-0.279402$ & $0.685855$ & $0.187475$ & $0.0199298$ & $0.0144668$ & $-0.00628693$ & $-0.0772845$ & $0.0104306$ & $1$ & $-0.0093436$ & $-0.00126503$ & $0.014967$ & $-5.84274e-05$ & $-0.0645515$ & $0.0165898$ & $0.023612$ & $0.0309567$ & $-0.0664924$ & $-0.0106949$ & $-0.0309041$ & $-0.0265297$ & $-0.0143374$ & $0.0567236$ & $-0.00647616$ \\
eHggint & $0.269076$ & $0.0908385$ & $0.224077$ & $0.110945$ & $0.000876045$ & $-0.00679148$ & $0.017805$ & $0.0105909$ & $0.00876795$ & $0.0062605$ & $-0.014811$ & $0.0784365$ & $0.0695959$ & $0.000258384$ & $0.0307595$ & $0.0191419$ & $0.0134757$ & $-0.0106084$ & $-0.00309436$ & $0.0163445$ & $0.014804$ & $0.0161598$ & $-0.0417265$ & $-0.00745496$ & $-0.0355378$ & $0.000975156$ & $-0.0527553$ & $0.0162879$ & $0.0112206$ & $0.0383909$ & $-0.0540537$ & $0.0597476$ & $0.0389785$ & $-0.0093436$ & $1$ & $0.267078$ & $-0.0317834$ & $-0.00565085$ & $0.397054$ & $-0.217325$ & $-0.0643307$ & $-0.0130591$ & $-0.224267$ & $-0.0780685$ & $-0.102338$ & $-0.221932$ & $-0.516485$ & $0.237388$ & $-0.16446$ \\
eHggpar & $0.476252$ & $0.51668$ & $0.301673$ & $0.15702$ & $0.0180894$ & $0.00130231$ & $0.0339703$ & $-0.00498812$ & $-0.00876952$ & $0.0693097$ & $0.0204484$ & $-0.138642$ & $-0.126973$ & $-0.0395644$ & $0.00832478$ & $-0.0384702$ & $-0.0298124$ & $-0.04473$ & $-0.017183$ & $-0.0193825$ & $-0.0153868$ & $-0.018785$ & $-0.0454817$ & $-0.0432445$ & $-0.0597853$ & $0.0273252$ & $-0.0215303$ & $-0.0180808$ & $-0.0154583$ & $-0.0940896$ & $-0.0559164$ & $0.0312874$ & $-0.131444$ & $-0.00126503$ & $0.267078$ & $1$ & $0.113105$ & $0.0276491$ & $-0.0768625$ & $-0.111137$ & $-0.00285093$ & $-0.0250053$ & $-0.0568822$ & $-0.297938$ & $0.0679771$ & $0.0191785$ & $-0.149854$ & $0.295086$ & $-0.254107$ \\
eHWWint & $0.257863$ & $0.25759$ & $-0.167422$ & $0.356308$ & $-0.0258183$ & $0.0149236$ & $0.116249$ & $0.0148781$ & $0.0117441$ & $0.0491632$ & $-0.0114632$ & $-0.0352792$ & $-0.132747$ & $0.011077$ & $-0.00108554$ & $0.0114381$ & $-0.018138$ & $-0.00687456$ & $-0.0127595$ & $0.0107717$ & $0.0125707$ & $0.0133096$ & $0.0516963$ & $-0.0267258$ & $-0.0161499$ & $-0.0430083$ & $0.0132247$ & $0.010321$ & $-0.0164335$ & $-0.146037$ & $-0.0580441$ & $0.0924055$ & $-0.204514$ & $0.014967$ & $-0.0317834$ & $0.113105$ & $1$ & $-0.0822347$ & $0.0708398$ & $-0.0450347$ & $-0.142701$ & $-0.0914774$ & $-0.120155$ & $0.00583237$ & $-0.18081$ & $-0.233386$ & $0.185278$ & $0.223021$ & $-0.398617$ \\
eHWWpar & $-0.0969943$ & $-0.0292141$ & $0.0565007$ & $-0.0590073$ & $-0.000101614$ & $-0.0136612$ & $0.091246$ & $0.0032916$ & $-0.000832629$ & $0.00143712$ & $-0.000747969$ & $-0.0529071$ & $-0.0552069$ & $-0.00658942$ & $0.00673019$ & $-0.00114186$ & $0.0023876$ & $-0.00877815$ & $-0.00693698$ & $-0.000620243$ & $0.00236502$ & $-0.00404456$ & $-0.0217193$ & $-0.000914466$ & $-0.00248332$ & $0.0127816$ & $-0.00214873$ & $-0.0283645$ & $-0.0312386$ & $-0.0250793$ & $0.0335753$ & $0.107996$ & $-0.013404$ & $-5.84274e-05$ & $-0.00565085$ & $0.0276491$ & $-0.0822347$ & $1$ & $-0.0984973$ & $0.0147036$ & $0.124188$ & $-0.0336175$ & $-0.0835611$ & $0.032433$ & $-0.0729645$ & $0.15817$ & $0.077929$ & $0.00762291$ & $0.0540649$ \\
eHZZint & $-0.250733$ & $-0.0442042$ & $-0.0975907$ & $-0.102627$ & $0.000636963$ & $0.0135147$ & $0.0130028$ & $-0.0522436$ & $-0.0570168$ & $0.0757131$ & $0.0292357$ & $0.0102975$ & $-0.027274$ & $0.0304934$ & $0.00258563$ & $0.00128204$ & $0.0308304$ & $0.0409411$ & $0.0428744$ & $-0.0243652$ & $-0.0322524$ & $-0.0344554$ & $-0.0128915$ & $0.0698422$ & $0.0409978$ & $0.0138649$ & $-0.0612705$ & $0.00735716$ & $-0.00276548$ & $-0.0216792$ & $-0.064062$ & $0.0233432$ & $-0.00687396$ & $-0.0645515$ & $0.397054$ & $-0.0768625$ & $0.0708398$ & $-0.0984973$ & $1$ & $-0.260464$ & $-0.31048$ & $-0.0794178$ & $-0.206417$ & $-0.173671$ & $0.117573$ & $-0.20623$ & $-0.168834$ & $0.232638$ & $0.052483$ \\
eHZZpar & $-0.0357024$ & $0.0292591$ & $-0.002051$ & $-0.0263436$ & $0.0387972$ & $-0.00894079$ & $0.0918628$ & $0.00760752$ & $0.00636933$ & $0.0476139$ & $0.000689545$ & $-0.138893$ & $-0.143636$ & $-0.0239143$ & $-0.00334014$ & $0.0152392$ & $-0.0107715$ & $-0.0142697$ & $-0.0265133$ & $-0.000634272$ & $-0.00155675$ & $-0.00171905$ & $0.00866138$ & $-0.0136545$ & $-0.0140257$ & $0.000724945$ & $0.010376$ & $-0.0250975$ & $-0.0160288$ & $-0.0870975$ & $-0.0238244$ & $0.084095$ & $-0.070493$ & $0.0165898$ & $-0.217325$ & $-0.111137$ & $-0.0450347$ & $0.0147036$ & $-0.260464$ & $1$ & $0.00975699$ & $0.0839482$ & $0.0788534$ & $0.0526822$ & $0.0435169$ & $0.139862$ & $0.124716$ & $-0.152669$ & $0.129512$ \\
eHZgaint & $-0.155375$ & $-0.0579253$ & $0.301062$ & $-0.231581$ & $-0.0205517$ & $-0.0550613$ & $-0.0922269$ & $0.0303195$ & $0.0232686$ & $-0.0314529$ & $-0.029107$ & $0.0358534$ & $0.0416725$ & $-0.0034286$ & $0.0249678$ & $0.0238473$ & $0.0181009$ & $-0.0109653$ & $-0.00709835$ & $0.0277306$ & $0.0300548$ & $0.0371026$ & $-0.0190669$ & $-0.00809732$ & $0.00493214$ & $0.00535256$ & $0.025391$ & $-0.0212516$ & $-0.000260128$ & $0.0371836$ & $0.0542082$ & $-0.0982352$ & $0.0875137$ & $0.023612$ & $-0.0643307$ & $-0.00285093$ & $-0.142701$ & $0.124188$ & $-0.31048$ & $0.00975699$ & $1$ & $-0.0546919$ & $-0.289917$ & $0.305839$ & $0.0314736$ & $-0.147541$ & $0.171713$ & $0.0480749$ & $0.233861$ \\
eHZgapar & $-0.0953233$ & $-0.119166$ & $-0.0112156$ & $0.0151551$ & $0.00380501$ & $0.0215278$ & $-0.100098$ & $0.0265644$ & $0.0274827$ & $-0.0163952$ & $-0.0127474$ & $0.0793907$ & $0.0802536$ & $-0.0250859$ & $0.00125333$ & $0.030971$ & $-0.0165629$ & $-0.0216579$ & $-0.0420408$ & $0.0137575$ & $0.0131072$ & $0.0118656$ & $-0.00926809$ & $-0.0172899$ & $-0.0123538$ & $-0.00116427$ & $0.0314869$ & $-0.0270499$ & $0.0117042$ & $0.0458858$ & $0.0174379$ & $-0.102114$ & $0.0623856$ & $0.0309567$ & $-0.0130591$ & $-0.0250053$ & $-0.0914774$ & $-0.0336175$ & $-0.0794178$ & $0.0839482$ & $-0.0546919$ & $1$ & $0.145916$ & $-0.0109601$ & $0.0524325$ & $0.0181348$ & $-0.0672297$ & $-0.00578412$ & $0.0229012$ \\
eHgagaint & $0.083721$ & $-0.0120042$ & $-0.184026$ & $0.138894$ & $0.00343257$ & $0.036442$ & $0.162475$ & $-0.107827$ & $-0.0818251$ & $0.0568691$ & $0.127881$ & $-0.0656991$ & $-0.0574701$ & $-0.0803434$ & $-0.0546624$ & $-0.0713391$ & $-0.0518485$ & $-0.0203715$ & $-0.0100928$ & $-0.126995$ & $-0.13067$ & $-0.132385$ & $-0.0142549$ & $0.038771$ & $-0.0252749$ & $0.0986239$ & $-0.0437817$ & $-0.0376816$ & $-0.000770505$ & $0.00990714$ & $-0.0112544$ & $0.176869$ & $-0.0146743$ & $-0.0664924$ & $-0.224267$ & $-0.0568822$ & $-0.120155$ & $-0.0835611$ & $-0.206417$ & $0.0788534$ & $-0.289917$ & $0.145916$ & $1$ & $-0.122707$ & $0.377074$ & $0.303341$ & $0.0455619$ & $-0.222288$ & $0.150589$ \\
eHmumuint & $-0.140476$ & $-0.287685$ & $0.28814$ & $0.173392$ & $-0.0425459$ & $-0.0250305$ & $0.241427$ & $-0.0179534$ & $-0.0200823$ & $0.0254915$ & $0.0446662$ & $-0.221448$ & $-0.258362$ & $-0.0571128$ & $-0.0145281$ & $-0.00628298$ & $-0.0490105$ & $-0.0413689$ & $-0.0491259$ & $-0.0450217$ & $-0.0463468$ & $-0.0482523$ & $-0.0254322$ & $-0.0129588$ & $-0.0312926$ & $0.0669615$ & $0.00156994$ & $-0.0401971$ & $-0.0418401$ & $-0.170474$ & $-0.039359$ & $0.226334$ & $-0.181782$ & $-0.0106949$ & $-0.0780685$ & $-0.297938$ & $0.00583237$ & $0.032433$ & $-0.173671$ & $0.0526822$ & $0.305839$ & $-0.0109601$ & $-0.122707$ & $1$ & $-0.402872$ & $0.0539247$ & $0.272912$ & $-0.182239$ & $-0.112053$ \\
eHtautauint & $0.0302875$ & $0.0883078$ & $-0.227679$ & $-0.429707$ & $0.0128572$ & $0.0108681$ & $-0.142406$ & $-0.041296$ & $-0.0361748$ & $-0.00273796$ & $0.0524164$ & $0.166369$ & $0.159902$ & $-0.037021$ & $-0.0190542$ & $-0.0449823$ & $-0.0306597$ & $-0.019055$ & $0.00309909$ & $-0.0508795$ & $-0.0529616$ & $-0.0489144$ & $-0.0110689$ & $0.0139856$ & $-0.0191062$ & $0.0357146$ & $-0.0179844$ & $0.00971117$ & $0.0127926$ & $0.137269$ & $0.0370905$ & $-0.123994$ & $0.180402$ & $-0.0309041$ & $-0.102338$ & $0.0679771$ & $-0.18081$ & $-0.0729645$ & $0.117573$ & $0.0435169$ & $0.0314736$ & $0.0524325$ & $0.377074$ & $-0.402872$ & $1$ & $0.0821106$ & $-0.0530417$ & $0.0191151$ & $0.492384$ \\
eHccint & $0.158052$ & $-0.0598367$ & $-0.117918$ & $-0.0131002$ & $0.0104265$ & $-0.00279596$ & $0.329282$ & $-0.0269127$ & $-0.019027$ & $0.0550741$ & $0.0375911$ & $-0.279372$ & $-0.285994$ & $-0.030384$ & $-0.0118067$ & $-0.0444431$ & $-0.027533$ & $-0.0207727$ & $-0.000410344$ & $-0.0377285$ & $-0.036729$ & $-0.0392478$ & $-0.0354581$ & $-0.00927753$ & $-0.027098$ & $0.0618876$ & $-0.0169381$ & $-0.0324662$ & $-0.0562595$ & $-0.148776$ & $0.0145826$ & $0.344419$ & $-0.133621$ & $-0.0265297$ & $-0.221932$ & $0.0191785$ & $-0.233386$ & $0.15817$ & $-0.20623$ & $0.139862$ & $-0.147541$ & $0.0181348$ & $0.303341$ & $0.0539247$ & $0.0821106$ & $1$ & $0.231209$ & $-0.0869993$ & $0.20857$ \\
eHccpar & $-0.249473$ & $-0.15012$ & $0.0736894$ & $0.011234$ & $0.002857$ & $0.004346$ & $0.27307$ & $-0.0242649$ & $-0.0227741$ & $0.0933649$ & $0.0244914$ & $-0.268492$ & $-0.274808$ & $0.00231639$ & $-0.0225554$ & $-0.00913258$ & $-0.00798435$ & $0.0139524$ & $0.00551611$ & $-0.0244169$ & $-0.0244962$ & $-0.0241525$ & $0.0107012$ & $0.0315691$ & $0.033475$ & $0.0361908$ & $0.0321441$ & $-0.0420414$ & $-0.0326581$ & $-0.155034$ & $0.0758699$ & $0.25685$ & $-0.206966$ & $-0.0143374$ & $-0.516485$ & $-0.149854$ & $0.185278$ & $0.077929$ & $-0.168834$ & $0.124716$ & $0.171713$ & $-0.0672297$ & $0.0455619$ & $0.272912$ & $-0.0530417$ & $0.231209$ & $1$ & $0.0743694$ & $-0.151125$ \\
eHbbint & $0.0294891$ & $-0.0638194$ & $0.250441$ & $0.18352$ & $-0.0221431$ & $-0.0312228$ & $-0.171544$ & $0.0193174$ & $0.0201584$ & $-0.0100072$ & $-0.0326644$ & $0.248625$ & $0.2084$ & $0.0322587$ & $-0.037257$ & $-0.0421435$ & $0.0376451$ & $0.0492248$ & $0.051995$ & $0.026254$ & $0.0390014$ & $0.0410819$ & $0.0121801$ & $0.00384894$ & $0.0490993$ & $-0.0190029$ & $0.0765126$ & $0.006014$ & $0.0398774$ & $0.133135$ & $0.0855455$ & $-0.145826$ & $0.15217$ & $0.0567236$ & $0.237388$ & $0.295086$ & $0.223021$ & $0.00762291$ & $0.232638$ & $-0.152669$ & $0.0480749$ & $-0.00578412$ & $-0.222288$ & $-0.182239$ & $0.0191151$ & $-0.0869993$ & $0.0743694$ & $1$ & $-0.167852$ \\
eHbbpar & $-0.0350539$ & $0.0234599$ & $-0.225421$ & $-0.315874$ & $-0.0527304$ & $-0.00347238$ & $-0.0413207$ & $-0.0494514$ & $-0.0552324$ & $0.0445227$ & $0.0654438$ & $-0.149196$ & $-0.136265$ & $-0.0564211$ & $-0.0462523$ & $-0.033687$ & $-0.0312023$ & $-0.0110595$ & $-0.0122084$ & $-0.0661953$ & $-0.0656769$ & $-0.053988$ & $0.000180474$ & $-0.00412325$ & $-0.0246934$ & $0.0406502$ & $-0.025342$ & $-0.0339026$ & $-0.0490721$ & $-0.0915457$ & $-0.0831953$ & $-0.0724892$ & $0.0293405$ & $-0.00647616$ & $-0.16446$ & $-0.254107$ & $-0.398617$ & $0.0540649$ & $0.052483$ & $0.129512$ & $0.233861$ & $0.0229012$ & $0.150589$ & $-0.112053$ & $0.492384$ & $0.20857$ & $-0.151125$ & $-0.167852$ & $1$ \\
