 & AlsMz & dAle5Mz & mtop & mHl & Mz & CW & CHG & CHWB & CHWHB_gaga & CHWHB_gagaorth & CHD & CHbox & CH & CHL1_11 & CHL1_22 & CHL1_33 & CHL3_11 & CHL3_22 & CHL3_33 & CHe_11 & CHe_22 & CHe_33 & CHQ1_11 & CHQ1_33 & CHQ3_11 & CHu_11 & CHd_11 & CHd_33 & CeH_22r & CeH_33r & CuH_22r & CuH_33r & CdH_33r & CLL_1221 & eHggint & eHggpar & eHWWint & eHWWpar & eHZZint & eHZZpar & eHZgaint & eHZgapar & eHgagaint & eHmumuint & eHtautauint & eHccint & eHccpar & eHbbint & eHbbpar \\
AlsMz & $1$ & $0.0471158$ & $-0.00774427$ & $-0.0490601$ & $-0.0357045$ & $0.00622266$ & $0.0102825$ & $-0.0130851$ & $-0.0159678$ & $-0.0134834$ & $0.0017799$ & $-0.0185374$ & $-0.00166878$ & $-0.000676598$ & $-0.0300007$ & $-0.0370558$ & $0.009752$ & $0.023558$ & $0.0261002$ & $-0.0119863$ & $-0.00574267$ & $-0.00884945$ & $0.011909$ & $-0.0653458$ & $-0.0970168$ & $-0.0472142$ & $-0.0175152$ & $0.00711118$ & $-0.00744272$ & $0.022506$ & $0.0225187$ & $0.00982761$ & $0.0325127$ & $0.0168944$ & $-0.00251063$ & $-0.0767615$ & $0.0034823$ & $-0.0156088$ & $0.0299221$ & $0.00314622$ & $0.0473473$ & $0.043558$ & $-0.0709961$ & $-0.135499$ & $0.12838$ & $0.0554147$ & $0.0281852$ & $0.0462344$ & $0.0382212$ \\
dAle5Mz & $0.0471158$ & $1$ & $-0.0732236$ & $-0.0424234$ & $-0.00396647$ & $0.038043$ & $0.00728685$ & $-0.0935761$ & $-0.0943046$ & $0.0591699$ & $0.0561673$ & $-0.00470598$ & $-0.0413964$ & $0.0143563$ & $-0.0162347$ & $-0.00376674$ & $0.0508332$ & $0.0507778$ & $0.0436227$ & $-0.0326586$ & $-0.0334075$ & $-0.033485$ & $0.000320288$ & $0.0531769$ & $0.044435$ & $0.0235654$ & $-0.0169385$ & $0.0149921$ & $-0.00223309$ & $0.0200033$ & $0.0567232$ & $0.0174631$ & $0.00632963$ & $0.00185823$ & $-0.0029115$ & $0.0189603$ & $-0.0869393$ & $0.0173056$ & $-0.12437$ & $-0.0123599$ & $-0.225715$ & $-0.0225557$ & $-0.0297471$ & $0.0403787$ & $0.114016$ & $0.0753828$ & $0.0564228$ & $0.0703975$ & $-0.0391993$ \\
mtop & $-0.00774427$ & $-0.0732236$ & $1$ & $0.0301444$ & $-0.00653407$ & $-0.000294608$ & $0.00526404$ & $0.0181748$ & $0.0135271$ & $0.00774183$ & $-0.00374317$ & $0.029838$ & $0.01846$ & $-0.000835432$ & $-0.0238198$ & $0.00988219$ & $-0.0164996$ & $0.00569337$ & $-0.0172126$ & $0.00862808$ & $0.0102324$ & $0.00990663$ & $0.00271412$ & $-0.0166453$ & $-0.0074621$ & $-0.016243$ & $0.0123213$ & $-0.0185694$ & $0.0165716$ & $-0.00580223$ & $-0.0536937$ & $0.0204897$ & $-0.0256493$ & $0.0279875$ & $0.119656$ & $0.12568$ & $-0.00074016$ & $0.00562223$ & $-0.00312619$ & $0.041412$ & $-0.00495292$ & $0.0259215$ & $-0.00164732$ & $-0.0869279$ & $-0.125389$ & $-0.0465728$ & $-0.133192$ & $0.0303719$ & $-0.0571647$ \\
mHl & $-0.0490601$ & $-0.0424234$ & $0.0301444$ & $1$ & $-0.007908$ & $-0.00945944$ & $-0.00991781$ & $-0.00248497$ & $-0.00541912$ & $0.00851265$ & $0.00864609$ & $0.023511$ & $0.00817707$ & $-0.0153471$ & $-0.0144307$ & $0.0384232$ & $-0.00784469$ & $0.0046813$ & $-0.0331646$ & $-0.00762982$ & $-0.0105091$ & $-0.00577636$ & $-0.00141446$ & $-0.00197748$ & $-0.00306491$ & $0.00766039$ & $-0.00876877$ & $0.000905271$ & $-0.0010763$ & $-0.00434363$ & $-0.0239572$ & $0.0016889$ & $0.00403915$ & $0.0120136$ & $0.0809872$ & $0.0354013$ & $0.0532442$ & $-0.0144722$ & $-0.115999$ & $-0.00680435$ & $0.105538$ & $0.0112206$ & $-0.0297396$ & $0.0716651$ & $-0.0184714$ & $-0.114752$ & $-0.0467653$ & $-0.0349045$ & $0.0267448$ \\
Mz & $-0.0357045$ & $-0.00396647$ & $-0.00653407$ & $-0.007908$ & $1$ & $-0.0229331$ & $0.00296088$ & $-0.00311794$ & $-0.00220022$ & $0.0167778$ & $-0.00522759$ & $-0.0127154$ & $-0.0147909$ & $0.0394802$ & $0.0156604$ & $0.00643595$ & $0.0310808$ & $0.0214366$ & $0.0268157$ & $0.0137825$ & $0.0126204$ & $0.0162554$ & $0.00773507$ & $0.0289525$ & $0.0449633$ & $-0.00841504$ & $0.0148612$ & $0.0146604$ & $-0.0145339$ & $-0.00830468$ & $-0.00624565$ & $0.00502536$ & $0.0185945$ & $-0.0169082$ & $0.0140931$ & $0.0119318$ & $-0.0168595$ & $0.0125575$ & $0.00248947$ & $0.000752912$ & $0.0111786$ & $0.0018637$ & $0.00106458$ & $0.0328515$ & $-0.00039048$ & $-0.00522913$ & $-0.0173216$ & $0.0277706$ & $0.0302418$ \\
CW & $0.00622266$ & $0.038043$ & $-0.000294608$ & $-0.00945944$ & $-0.0229331$ & $1$ & $0.0116335$ & $-0.148212$ & $-0.145476$ & $0.0245442$ & $0.199461$ & $0.0360652$ & $-0.00324394$ & $0.0319189$ & $-0.07883$ & $-0.0903101$ & $-0.243535$ & $-0.03259$ & $-0.02112$ & $-0.194399$ & $-0.20152$ & $-0.196462$ & $-0.0221497$ & $0.0301371$ & $-0.0629183$ & $0.121208$ & $-0.0810277$ & $-0.071921$ & $-0.00334978$ & $-0.00976828$ & $0.00415761$ & $0.0143317$ & $0.00418283$ & $-0.139205$ & $-0.00800246$ & $0.00963115$ & $-0.0275839$ & $0.0106181$ & $0.0144733$ & $-0.000434656$ & $-0.0147687$ & $-0.00266267$ & $-0.00507629$ & $-0.0105339$ & $-0.0223603$ & $-0.00249487$ & $0.0178037$ & $0.00115225$ & $-0.00589546$ \\
CHG & $0.0102825$ & $0.00728685$ & $0.00526404$ & $-0.00991781$ & $0.00296088$ & $0.0116335$ & $1$ & $-0.104303$ & $-0.0510708$ & $0.0458271$ & $0.0682881$ & $-0.250317$ & $-0.296926$ & $0.0441084$ & $-0.0266512$ & $-0.0356043$ & $0.0737522$ & $0.0875951$ & $0.0978539$ & $-0.0666408$ & $-0.0692392$ & $-0.0674251$ & $-0.0154534$ & $0.1051$ & $0.0913357$ & $0.051119$ & $-0.0296853$ & $-0.0146421$ & $0.00684904$ & $-0.134543$ & $-0.0886984$ & $0.937892$ & $-0.154057$ & $-0.062892$ & $-0.0468276$ & $-0.0317273$ & $0.0243806$ & $0.0259856$ & $-0.0328488$ & $-0.00279673$ & $0.0302865$ & $-0.0240829$ & $0.00891169$ & $-0.0309127$ & $-0.0194535$ & $-0.00383047$ & $-0.0521191$ & $0.00288195$ & $0.00649687$ \\
CHWB & $-0.0130851$ & $-0.0935761$ & $0.0181748$ & $-0.00248497$ & $-0.00311794$ & $-0.148212$ & $-0.104303$ & $1$ & $0.982024$ & $-0.583423$ & $-0.879208$ & $0.0780488$ & $0.350894$ & $0.0695212$ & $0.287413$ & $0.290895$ & $-0.2529$ & $-0.449991$ & $-0.451883$ & $0.848747$ & $0.896522$ & $0.879284$ & $0.0992742$ & $-0.677474$ & $-0.418426$ & $-0.522457$ & $0.442547$ & $0.321708$ & $0.00800765$ & $0.0788714$ & $0.052996$ & $-0.100776$ & $0.088436$ & $0.571227$ & $0.0382457$ & $-0.00802589$ & $0.00167095$ & $-0.0119137$ & $0.0205684$ & $0.00147195$ & $0.0226662$ & $0.00529494$ & $0.00912311$ & $-0.000509017$ & $-0.0268288$ & $0.00425213$ & $0.00273995$ & $0.0142018$ & $-0.00435222$ \\
CHWHB_gaga & $-0.0159678$ & $-0.0943046$ & $0.0135271$ & $-0.00541912$ & $-0.00220022$ & $-0.145476$ & $-0.0510708$ & $0.982024$ & $1$ & $-0.573452$ & $-0.856861$ & $0.0904715$ & $0.347771$ & $0.0535994$ & $0.283613$ & $0.284813$ & $-0.260169$ & $-0.454846$ & $-0.45475$ & $0.827282$ & $0.873765$ & $0.857042$ & $0.0971367$ & $-0.672623$ & $-0.420847$ & $-0.507953$ & $0.434721$ & $0.317267$ & $0.0143768$ & $0.100335$ & $0.0600303$ & $-0.0567817$ & $0.110042$ & $0.560228$ & $0.0180449$ & $-0.015891$ & $-0.00189585$ & $-0.0131261$ & $0.0130317$ & $0.00472196$ & $0.0224478$ & $0.00348403$ & $0.0753363$ & $0.00584353$ & $-0.0251955$ & $0.00493856$ & $-0.00398916$ & $0.0134866$ & $-0.00221655$ \\
CHWHB_gagaorth & $-0.0134834$ & $0.0591699$ & $0.00774183$ & $0.00851265$ & $0.0167778$ & $0.0245442$ & $0.0458271$ & $-0.583423$ & $-0.573452$ & $1$ & $0.375226$ & $0.231768$ & $-0.243902$ & $0.231948$ & $-0.116872$ & $-0.130053$ & $0.421908$ & $0.482921$ & $0.489597$ & $-0.358209$ & $-0.391437$ & $-0.385011$ & $-0.0712937$ & $0.552394$ & $0.481359$ & $0.231497$ & $-0.255754$ & $-0.157276$ & $-0.00307077$ & $-0.112538$ & $-0.0622313$ & $0.0659801$ & $-0.133823$ & $-0.36958$ & $0.0185607$ & $0.0282905$ & $0.0128273$ & $0.0103674$ & $-0.0266121$ & $-0.00926526$ & $-0.0557499$ & $-0.00793435$ & $-0.00429416$ & $-0.00710033$ & $0.0166284$ & $0.0142833$ & $0.00315849$ & $-0.0115838$ & $-0.0297279$ \\
CHD & $0.0017799$ & $0.0561673$ & $-0.00374317$ & $0.00864609$ & $-0.00522759$ & $0.199461$ & $0.0682881$ & $-0.879208$ & $-0.856861$ & $0.375226$ & $1$ & $0.0804846$ & $-0.168324$ & $-0.488072$ & $-0.419199$ & $-0.412881$ & $-0.202652$ & $0.0878895$ & $0.0857861$ & $-0.990075$ & $-0.991$ & $-0.969824$ & $-0.0309587$ & $0.316072$ & $0.0409154$ & $0.57077$ & $-0.299671$ & $-0.355766$ & $-0.00329694$ & $-0.0336494$ & $-0.0274856$ & $0.0744373$ & $-0.0284346$ & $-0.370198$ & $-0.0264293$ & $0.0174146$ & $-0.0172864$ & $0.0141545$ & $-0.0159897$ & $-0.009875$ & $-0.0135519$ & $-0.0102781$ & $0.00826671$ & $0.0146454$ & $0.0212228$ & $-0.00669419$ & $-0.00260668$ & $-0.0150967$ & $0.0202835$ \\
CHbox & $-0.0185374$ & $-0.00470598$ & $0.029838$ & $0.023511$ & $-0.0127154$ & $0.0360652$ & $-0.250317$ & $0.0780488$ & $0.0904715$ & $0.231768$ & $0.0804846$ & $1$ & $0.767519$ & $-0.29771$ & $0.0348108$ & $0.0106147$ & $-0.33323$ & $-0.319424$ & $-0.30308$ & $-0.0692826$ & $-0.0794564$ & $-0.0789641$ & $0.0150698$ & $-0.218702$ & $-0.295242$ & $0.0420325$ & $0.0041915$ & $-0.0462349$ & $0.0521732$ & $0.324889$ & $0.10739$ & $-0.151398$ & $0.378872$ & $0.0222119$ & $0.109915$ & $0.0603784$ & $-0.0146829$ & $-0.00689781$ & $0.0130081$ & $-0.00160071$ & $-0.0190465$ & $-0.0152287$ & $0.0403131$ & $-0.0011644$ & $0.00504761$ & $-0.0162408$ & $0.0106983$ & $-0.0122768$ & $0.0092585$ \\
CH & $-0.00166878$ & $-0.0413964$ & $0.01846$ & $0.00817707$ & $-0.0147909$ & $-0.00324394$ & $-0.296926$ & $0.350894$ & $0.347771$ & $-0.243902$ & $-0.168324$ & $0.767519$ & $1$ & $-0.254794$ & $0.0832332$ & $0.0505283$ & $-0.374245$ & $-0.407263$ & $-0.38467$ & $0.162414$ & $0.178708$ & $0.171746$ & $0.0422599$ & $-0.403886$ & $-0.386199$ & $-0.102415$ & $0.147226$ & $0.0482967$ & $0.0506569$ & $0.261179$ & $0.107635$ & $-0.23774$ & $0.324914$ & $0.204709$ & $0.061071$ & $0.0419041$ & $-0.0125695$ & $-0.0119552$ & $0.046837$ & $-0.00662684$ & $0.0184084$ & $-0.0143741$ & $0.0477992$ & $0.00340677$ & $0.00750086$ & $-0.0310209$ & $0.00533483$ & $-0.0122147$ & $0.0250765$ \\
CHL1_11 & $-0.000676598$ & $0.0143563$ & $-0.000835432$ & $-0.0153471$ & $0.0394802$ & $0.0319189$ & $0.0441084$ & $0.0695212$ & $0.0535994$ & $0.231948$ & $-0.488072$ & $-0.29771$ & $-0.254794$ & $1$ & $0.279194$ & $0.253148$ & $0.66232$ & $0.594372$ & $0.607988$ & $0.508901$ & $0.44767$ & $0.435094$ & $-0.0965199$ & $0.484306$ & $0.609406$ & $-0.243974$ & $-0.113352$ & $0.155176$ & $-0.00790988$ & $-0.0691062$ & $-0.0421411$ & $0.0240529$ & $-0.100224$ & $-0.239682$ & $-0.0182906$ & $-0.00426097$ & $0.0294306$ & $0.00143053$ & $0.00734786$ & $0.0137481$ & $-0.00125707$ & $0.0179335$ & $-0.0389457$ & $-0.0325741$ & $-0.00172473$ & $-0.000567891$ & $0.00257718$ & $0.00471501$ & $-0.0409547$ \\
CHL1_22 & $-0.0300007$ & $-0.0162347$ & $-0.0238198$ & $-0.0144307$ & $0.0156604$ & $-0.07883$ & $-0.0266512$ & $0.287413$ & $0.283613$ & $-0.116872$ & $-0.419199$ & $0.0348108$ & $0.0832332$ & $0.279194$ & $1$ & $0.455426$ & $0.170023$ & $-0.444108$ & $-0.0288297$ & $0.487047$ & $0.333366$ & $0.32426$ & $-0.167454$ & $0.120515$ & $-0.125936$ & $-0.1928$ & $-0.400236$ & $0.122541$ & $0.00892318$ & $0.0477379$ & $0.00161332$ & $-0.0168561$ & $0.0418262$ & $-0.592097$ & $0.0211336$ & $-0.0107474$ & $0.00253294$ & $-0.0148706$ & $0.0209842$ & $0.0050208$ & $0.00742047$ & $-0.00544603$ & $0.0108731$ & $0.0105989$ & $-0.0145491$ & $-0.0115475$ & $-0.0021579$ & $0.0207044$ & $-0.0106144$ \\
CHL1_33 & $-0.0370558$ & $-0.00376674$ & $0.00988219$ & $0.0384232$ & $0.00643595$ & $-0.0903101$ & $-0.0356043$ & $0.290895$ & $0.284813$ & $-0.130053$ & $-0.412881$ & $0.0106147$ & $0.0505283$ & $0.253148$ & $0.455426$ & $1$ & $0.158359$ & $-0.0430109$ & $-0.432882$ & $0.479076$ & $0.331279$ & $0.352274$ & $-0.163195$ & $0.113022$ & $-0.129529$ & $-0.197616$ & $-0.378572$ & $0.12379$ & $0.0112838$ & $0.0290925$ & $0.0164602$ & $-0.0278282$ & $0.0336463$ & $-0.106728$ & $0.0469747$ & $-0.0191888$ & $0.0146974$ & $-0.00469486$ & $-0.00729966$ & $0.0237708$ & $0.0203661$ & $0.00533986$ & $0.0176082$ & $0.0125514$ & $-0.0205349$ & $-0.00358229$ & $-0.0118569$ & $0.0270679$ & $-0.000215829$ \\
CHL3_11 & $0.009752$ & $0.0508332$ & $-0.0164996$ & $-0.00784469$ & $0.0310808$ & $-0.243535$ & $0.0737522$ & $-0.2529$ & $-0.260169$ & $0.421908$ & $-0.202652$ & $-0.33323$ & $-0.374245$ & $0.66232$ & $0.170023$ & $0.158359$ & $1$ & $0.735347$ & $0.736748$ & $0.227468$ & $0.170039$ & $0.161354$ & $-0.0984473$ & $0.674777$ & $0.772926$ & $-0.0872028$ & $-0.191058$ & $0.062114$ & $-0.0114027$ & $-0.0996105$ & $-0.0475964$ & $0.0525276$ & $-0.12451$ & $-0.264104$ & $-0.0260648$ & $-0.0192643$ & $0.0344118$ & $-0.00649449$ & $-0.0135194$ & $0.0169406$ & $-0.0215684$ & $0.00890705$ & $-0.0271909$ & $-0.0210496$ & $0.00506214$ & $0.0096743$ & $-0.00477695$ & $-0.000682517$ & $-0.0255578$ \\
CHL3_22 & $0.023558$ & $0.0507778$ & $0.00569337$ & $0.0046813$ & $0.0214366$ & $-0.03259$ & $0.0875951$ & $-0.449991$ & $-0.454846$ & $0.482921$ & $0.0878895$ & $-0.319424$ & $-0.407263$ & $0.594372$ & $-0.444108$ & $-0.0430109$ & $0.735347$ & $1$ & $0.684973$ & $-0.0895061$ & $-0.0815156$ & $-0.0793784$ & $-0.0232023$ & $0.620716$ & $0.796739$ & $0.0578941$ & $-0.0262497$ & $-0.032335$ & $-0.0136731$ & $-0.119849$ & $-0.0507226$ & $0.062847$ & $-0.143264$ & $0.0147847$ & $-0.036419$ & $-0.0077777$ & $0.0292659$ & $0.00711081$ & $-0.0191783$ & $0.0143565$ & $-0.0158817$ & $0.0128285$ & $-0.036326$ & $-0.0343427$ & $0.0138207$ & $0.00986973$ & $-0.00169326$ & $-0.0124283$ & $-0.0225283$ \\
CHL3_33 & $0.0261002$ & $0.0436227$ & $-0.0172126$ & $-0.0331646$ & $0.0268157$ & $-0.02112$ & $0.0978539$ & $-0.451883$ & $-0.45475$ & $0.489597$ & $0.0857861$ & $-0.30308$ & $-0.38467$ & $0.607988$ & $-0.0288297$ & $-0.432882$ & $0.736748$ & $0.684973$ & $1$ & $-0.0859761$ & $-0.0814562$ & $-0.0805383$ & $-0.0250986$ & $0.622952$ & $0.797839$ & $0.0637253$ & $-0.0380355$ & $-0.0299124$ & $-0.0160817$ & $-0.105966$ & $-0.0640928$ & $0.0747597$ & $-0.137735$ & $-0.357984$ & $-0.0568606$ & $0.00104291$ & $0.0197766$ & $0.00202621$ & $0.000702951$ & $-0.00466881$ & $-0.0222086$ & $0.00538779$ & $-0.039764$ & $-0.0326059$ & $0.0166946$ & $0.00614607$ & $0.0030475$ & $-0.0154881$ & $-0.0311194$ \\
CHe_11 & $-0.0119863$ & $-0.0326586$ & $0.00862808$ & $-0.00762982$ & $0.0137825$ & $-0.194399$ & $-0.0666408$ & $0.848747$ & $0.827282$ & $-0.358209$ & $-0.990075$ & $-0.0692826$ & $0.162414$ & $0.508901$ & $0.487047$ & $0.479076$ & $0.227468$ & $-0.0895061$ & $-0.0859761$ & $1$ & $0.971779$ & $0.951737$ & $0.00559501$ & $-0.259301$ & $-0.0318803$ & $-0.560453$ & $0.222223$ & $0.350045$ & $0.00424101$ & $0.0361729$ & $0.0274276$ & $-0.0708758$ & $0.0296641$ & $0.288793$ & $0.028993$ & $-0.0173668$ & $0.0148114$ & $-0.0161669$ & $0.0153111$ & $0.0112589$ & $0.00744949$ & $0.00789897$ & $-0.0062399$ & $-0.0141485$ & $-0.0209471$ & $0.00656844$ & $0.00294289$ & $0.020583$ & $-0.0225407$ \\
CHe_22 & $-0.00574267$ & $-0.0334075$ & $0.0102324$ & $-0.0105091$ & $0.0126204$ & $-0.20152$ & $-0.0692392$ & $0.896522$ & $0.873765$ & $-0.391437$ & $-0.991$ & $-0.0794564$ & $0.178708$ & $0.44767$ & $0.333366$ & $0.331279$ & $0.170039$ & $-0.0815156$ & $-0.0814562$ & $0.971779$ & $1$ & $0.974957$ & $0.0612058$ & $-0.3726$ & $-0.0464661$ & $-0.574288$ & $0.381881$ & $0.358152$ & $0.00206262$ & $0.0323612$ & $0.0312044$ & $-0.0762796$ & $0.0278981$ & $0.457695$ & $0.0242294$ & $-0.0125969$ & $0.0135812$ & $-0.0138954$ & $0.0134011$ & $0.00721432$ & $0.00675504$ & $0.011518$ & $-0.0103501$ & $-0.0137268$ & $-0.0188912$ & $0.0101116$ & $0.00341806$ & $0.014965$ & $-0.0202597$ \\
CHe_33 & $-0.00884945$ & $-0.033485$ & $0.00990663$ & $-0.00577636$ & $0.0162554$ & $-0.196462$ & $-0.0674251$ & $0.879284$ & $0.857042$ & $-0.385011$ & $-0.969824$ & $-0.0789641$ & $0.171746$ & $0.435094$ & $0.32426$ & $0.352274$ & $0.161354$ & $-0.0793784$ & $-0.0805383$ & $0.951737$ & $0.974957$ & $1$ & $0.0639522$ & $-0.367375$ & $-0.0461799$ & $-0.565316$ & $0.374587$ & $0.351518$ & $0.0036426$ & $0.0318903$ & $0.0285324$ & $-0.0742352$ & $0.0261826$ & $0.452872$ & $0.0239443$ & $-0.00766502$ & $0.00888376$ & $-0.0067143$ & $0.0118565$ & $0.00545743$ & $0.00787472$ & $0.00816965$ & $-0.00860642$ & $-0.00984789$ & $-0.0175972$ & $0.00923344$ & $-0.000104485$ & $0.0143984$ & $-0.0219377$ \\
CHQ1_11 & $0.011909$ & $0.000320288$ & $0.00271412$ & $-0.00141446$ & $0.00773507$ & $-0.0221497$ & $-0.0154534$ & $0.0992742$ & $0.0971367$ & $-0.0712937$ & $-0.0309587$ & $0.0150698$ & $0.0422599$ & $-0.0965199$ & $-0.167454$ & $-0.163195$ & $-0.0984473$ & $-0.0232023$ & $-0.0250986$ & $0.00559501$ & $0.0612058$ & $0.0639522$ & $1$ & $-0.176802$ & $0.0544775$ & $-0.685847$ & $0.363451$ & $0.0218197$ & $0.00806754$ & $0.0191733$ & $0.0198971$ & $-0.0140349$ & $0.0047246$ & $0.22149$ & $-0.00126068$ & $0.0128949$ & $0.0070676$ & $-0.0117855$ & $-0.0127212$ & $-0.0276221$ & $-0.0146004$ & $0.00673823$ & $-0.00944913$ & $0.00173979$ & $-0.00187484$ & $0.000984887$ & $0.0163611$ & $0.0265443$ & $-0.019721$ \\
CHQ1_33 & $-0.0653458$ & $0.0531769$ & $-0.0166453$ & $-0.00197748$ & $0.0289525$ & $0.0301371$ & $0.1051$ & $-0.677474$ & $-0.672623$ & $0.552394$ & $0.316072$ & $-0.218702$ & $-0.403886$ & $0.484306$ & $0.120515$ & $0.113022$ & $0.674777$ & $0.620716$ & $0.622952$ & $-0.259301$ & $-0.3726$ & $-0.367375$ & $-0.176802$ & $1$ & $0.647897$ & $0.229632$ & $-0.449219$ & $-0.0315187$ & $-0.0100015$ & $-0.0873696$ & $-0.0629158$ & $0.0954022$ & $-0.112771$ & $-0.64454$ & $-0.0276865$ & $-0.00929766$ & $0.0152174$ & $0.00652332$ & $-0.0135299$ & $0.00862442$ & $-0.00648224$ & $-0.000296542$ & $-0.0164801$ & $-0.0101697$ & $-0.000190644$ & $-0.00535512$ & $-0.00992237$ & $-0.00970853$ & $-0.0183627$ \\
CHQ3_11 & $-0.0970168$ & $0.044435$ & $-0.0074621$ & $-0.00306491$ & $0.0449633$ & $-0.0629183$ & $0.0913357$ & $-0.418426$ & $-0.420847$ & $0.481359$ & $0.0409154$ & $-0.295242$ & $-0.386199$ & $0.609406$ & $-0.125936$ & $-0.129529$ & $0.772926$ & $0.796739$ & $0.797839$ & $-0.0318803$ & $-0.0464661$ & $-0.0461799$ & $0.0544775$ & $0.647897$ & $1$ & $0.0368998$ & $0.168504$ & $-0.0187882$ & $-0.00214859$ & $-0.100894$ & $-0.0550331$ & $0.0711934$ & $-0.135864$ & $-0.222231$ & $-0.0310139$ & $0.0128123$ & $0.0268811$ & $-0.00486143$ & $-0.00804323$ & $0.00195947$ & $-0.0224418$ & $0.00564195$ & $-0.0245428$ & $-0.0129455$ & $-0.0105479$ & $-0.00779298$ & $0.00295972$ & $-0.00832757$ & $-0.0407753$ \\
CHu_11 & $-0.0472142$ & $0.0235654$ & $-0.016243$ & $0.00766039$ & $-0.00841504$ & $0.121208$ & $0.051119$ & $-0.522457$ & $-0.507953$ & $0.231497$ & $0.57077$ & $0.0420325$ & $-0.102415$ & $-0.243974$ & $-0.1928$ & $-0.197616$ & $-0.0872028$ & $0.0578941$ & $0.0637253$ & $-0.560453$ & $-0.574288$ & $-0.565316$ & $-0.685847$ & $0.229632$ & $0.0368998$ & $1$ & $-0.198266$ & $-0.204145$ & $-0.0135408$ & $-0.0338511$ & $-0.0225975$ & $0.0495783$ & $-0.0166576$ & $-0.269534$ & $-0.0171425$ & $0.000519297$ & $-0.0133433$ & $0.017481$ & $0.00710938$ & $0.00866104$ & $0.00235954$ & $-0.0105463$ & $0.0110318$ & $0.0149249$ & $0.00957944$ & $-0.0050094$ & $-0.00456696$ & $-0.037816$ & $0.0251298$ \\
CHd_11 & $-0.0175152$ & $-0.0169385$ & $0.0123213$ & $-0.00876877$ & $0.0148612$ & $-0.0810277$ & $-0.0296853$ & $0.442547$ & $0.434721$ & $-0.255754$ & $-0.299671$ & $0.0041915$ & $0.147226$ & $-0.113352$ & $-0.400236$ & $-0.378572$ & $-0.191058$ & $-0.0262497$ & $-0.0380355$ & $0.222223$ & $0.381881$ & $0.374587$ & $0.363451$ & $-0.449219$ & $0.168504$ & $-0.198266$ & $1$ & $0.127849$ & $0.0057415$ & $0.0235446$ & $0.0304126$ & $-0.0349072$ & $0.0185652$ & $0.695465$ & $0.00456653$ & $0.0160827$ & $-0.00453094$ & $-0.00670793$ & $0.00798023$ & $-0.022089$ & $-0.00210861$ & $0.00558725$ & $-0.00420007$ & $-0.00520715$ & $-0.0159858$ & $0.00547152$ & $0.0177643$ & $-0.00114101$ & $-0.017$ \\
CHd_33 & $0.00711118$ & $0.0149921$ & $-0.0185694$ & $0.000905271$ & $0.0146604$ & $-0.071921$ & $-0.0146421$ & $0.321708$ & $0.317267$ & $-0.157276$ & $-0.355766$ & $-0.0462349$ & $0.0482967$ & $0.155176$ & $0.122541$ & $0.12379$ & $0.062114$ & $-0.032335$ & $-0.0299124$ & $0.350045$ & $0.358152$ & $0.351518$ & $0.0218197$ & $-0.0315187$ & $-0.0187882$ & $-0.204145$ & $0.127849$ & $1$ & $0.00659472$ & $0.0246511$ & $0.0101517$ & $-0.0139331$ & $0.0139767$ & $0.164865$ & $0.024268$ & $-0.0109867$ & $-0.013197$ & $-0.0190152$ & $-0.00312905$ & $0.0226278$ & $0.0204613$ & $-0.0154796$ & $0.0165373$ & $0.00125383$ & $-0.00814312$ & $-0.00285028$ & $-0.0212506$ & $-0.00619131$ & $-0.0135537$ \\
CeH_22r & $-0.00744272$ & $-0.00223309$ & $0.0165716$ & $-0.0010763$ & $-0.0145339$ & $-0.00334978$ & $0.00684904$ & $0.00800765$ & $0.0143768$ & $-0.00307077$ & $-0.00329694$ & $0.0521732$ & $0.0506569$ & $-0.00790988$ & $0.00892318$ & $0.0112838$ & $-0.0114027$ & $-0.0136731$ & $-0.0160817$ & $0.00424101$ & $0.00206262$ & $0.0036426$ & $0.00806754$ & $-0.0100015$ & $-0.00214859$ & $-0.0135408$ & $0.0057415$ & $0.00659472$ & $1$ & $0.0225776$ & $0.0108295$ & $-0.00674724$ & $0.0480266$ & $-0.000571912$ & $-0.0456301$ & $0.0201175$ & $-0.0349363$ & $0.00544967$ & $-0.0064602$ & $-0.000755575$ & $0.00203744$ & $-0.0290831$ & $-0.00964659$ & $0.0235985$ & $-0.00505024$ & $-0.00719788$ & $0.00766281$ & $-0.00296937$ & $0.0269294$ \\
CeH_33r & $0.022506$ & $0.0200033$ & $-0.00580223$ & $-0.00434363$ & $-0.00830468$ & $-0.00976828$ & $-0.134543$ & $0.0788714$ & $0.100335$ & $-0.112538$ & $-0.0336494$ & $0.324889$ & $0.261179$ & $-0.0691062$ & $0.0477379$ & $0.0290925$ & $-0.0996105$ & $-0.119849$ & $-0.105966$ & $0.0361729$ & $0.0323612$ & $0.0318903$ & $0.0191733$ & $-0.0873696$ & $-0.100894$ & $-0.0338511$ & $0.0235446$ & $0.0246511$ & $0.0225776$ & $1$ & $0.316423$ & $0.011072$ & $0.633237$ & $0.0229598$ & $-0.0648542$ & $-0.0210859$ & $-0.191014$ & $-0.00353906$ & $-0.0176925$ & $0.0197918$ & $0.0322574$ & $0.0173781$ & $0.00418933$ & $0.00788735$ & $0.0825032$ & $0.00218602$ & $0.010783$ & $0.00511388$ & $0.0151041$ \\
CuH_22r & $0.0225187$ & $0.0567232$ & $-0.0536937$ & $-0.0239572$ & $-0.00624565$ & $0.00415761$ & $-0.0886984$ & $0.052996$ & $0.0600303$ & $-0.0622313$ & $-0.0274856$ & $0.10739$ & $0.107635$ & $-0.0421411$ & $0.00161332$ & $0.0164602$ & $-0.0475964$ & $-0.0507226$ & $-0.0640928$ & $0.0274276$ & $0.0312044$ & $0.0285324$ & $0.0198971$ & $-0.0629158$ & $-0.0550331$ & $-0.0225975$ & $0.0304126$ & $0.0101517$ & $0.0108295$ & $0.316423$ & $1$ & $-0.00389347$ & $0.332313$ & $0.0489389$ & $-0.0382342$ & $-0.0119377$ & $-0.0867116$ & $-0.0148463$ & $-0.0137542$ & $0.00786669$ & $-0.0411535$ & $0.00520601$ & $-0.0551098$ & $-0.00509373$ & $0.049075$ & $0.0956085$ & $0.39299$ & $-0.0431432$ & $0.00716724$ \\
CuH_33r & $0.00982761$ & $0.0174631$ & $0.0204897$ & $0.0016889$ & $0.00502536$ & $0.0143317$ & $0.937892$ & $-0.100776$ & $-0.0567817$ & $0.0659801$ & $0.0744373$ & $-0.151398$ & $-0.23774$ & $0.0240529$ & $-0.0168561$ & $-0.0278282$ & $0.0525276$ & $0.062847$ & $0.0747597$ & $-0.0708758$ & $-0.0762796$ & $-0.0742352$ & $-0.0140349$ & $0.0954022$ & $0.0711934$ & $0.0495783$ & $-0.0349072$ & $-0.0139331$ & $-0.00674724$ & $0.011072$ & $-0.00389347$ & $1$ & $0.0213557$ & $-0.0680159$ & $0.0409747$ & $0.00559929$ & $-0.0286078$ & $0.0230273$ & $-0.026242$ & $0.00652783$ & $0.0407765$ & $-0.015953$ & $0.0146861$ & $-0.0358366$ & $-0.0257393$ & $-0.0117194$ & $-0.0513593$ & $0.0180932$ & $0.0165278$ \\
CdH_33r & $0.0325127$ & $0.00632963$ & $-0.0256493$ & $0.00403915$ & $0.0185945$ & $0.00418283$ & $-0.154057$ & $0.088436$ & $0.110042$ & $-0.133823$ & $-0.0284346$ & $0.378872$ & $0.324914$ & $-0.100224$ & $0.0418262$ & $0.0336463$ & $-0.12451$ & $-0.143264$ & $-0.137735$ & $0.0296641$ & $0.0278981$ & $0.0261826$ & $0.0047246$ & $-0.112771$ & $-0.135864$ & $-0.0166576$ & $0.0185652$ & $0.0139767$ & $0.0480266$ & $0.633237$ & $0.332313$ & $0.0213557$ & $1$ & $0.0364397$ & $0.00688226$ & $-0.0465333$ & $-0.196395$ & $-0.0174852$ & $0.0399567$ & $0.021861$ & $0.141989$ & $0.0196738$ & $0.0157171$ & $0.0077285$ & $0.00533048$ & $-0.0716937$ & $0.000863874$ & $0.149928$ & $0.514643$ \\
CLL_1221 & $0.0168944$ & $0.00185823$ & $0.0279875$ & $0.0120136$ & $-0.0169082$ & $-0.139205$ & $-0.062892$ & $0.571227$ & $0.560228$ & $-0.36958$ & $-0.370198$ & $0.0222119$ & $0.204709$ & $-0.239682$ & $-0.592097$ & $-0.106728$ & $-0.264104$ & $0.0147847$ & $-0.357984$ & $0.288793$ & $0.457695$ & $0.452872$ & $0.22149$ & $-0.64454$ & $-0.222231$ & $-0.269534$ & $0.695465$ & $0.164865$ & $-0.000571912$ & $0.0229598$ & $0.0489389$ & $-0.0680159$ & $0.0364397$ & $1$ & $0.0136841$ & $-0.000774764$ & $-0.00459271$ & $0.00259729$ & $-0.0126133$ & $-0.0015929$ & $-0.00534922$ & $0.00617662$ & $0.00195506$ & $-0.00322113$ & $-0.00361496$ & $0.0214981$ & $0.00653086$ & $-0.000418532$ & $0.00491448$ \\
eHggint & $-0.00251063$ & $-0.0029115$ & $0.119656$ & $0.0809872$ & $0.0140931$ & $-0.00800246$ & $-0.0468276$ & $0.0382457$ & $0.0180449$ & $0.0185607$ & $-0.0264293$ & $0.109915$ & $0.061071$ & $-0.0182906$ & $0.0211336$ & $0.0469747$ & $-0.0260648$ & $-0.036419$ & $-0.0568606$ & $0.028993$ & $0.0242294$ & $0.0239443$ & $-0.00126068$ & $-0.0276865$ & $-0.0310139$ & $-0.0171425$ & $0.00456653$ & $0.024268$ & $-0.0456301$ & $-0.0648542$ & $-0.0382342$ & $0.0409747$ & $0.00688226$ & $0.0136841$ & $1$ & $-0.0141709$ & $-0.0462032$ & $-0.00572182$ & $-0.079377$ & $0.00981252$ & $-0.0712228$ & $0.00577193$ & $0.0280317$ & $-0.0112782$ & $-0.103458$ & $-0.020236$ & $-0.0276896$ & $0.126869$ & $0.0421302$ \\
eHggpar & $-0.0767615$ & $0.0189603$ & $0.12568$ & $0.0354013$ & $0.0119318$ & $0.00963115$ & $-0.0317273$ & $-0.00802589$ & $-0.015891$ & $0.0282905$ & $0.0174146$ & $0.0603784$ & $0.0419041$ & $-0.00426097$ & $-0.0107474$ & $-0.0191888$ & $-0.0192643$ & $-0.0077777$ & $0.00104291$ & $-0.0173668$ & $-0.0125969$ & $-0.00766502$ & $0.0128949$ & $-0.00929766$ & $0.0128123$ & $0.000519297$ & $0.0160827$ & $-0.0109867$ & $0.0201175$ & $-0.0210859$ & $-0.0119377$ & $0.00559929$ & $-0.0465333$ & $-0.000774764$ & $-0.0141709$ & $1$ & $-0.118708$ & $-0.00121636$ & $0.0867015$ & $-0.032015$ & $0.00596832$ & $0.00347271$ & $0.0384659$ & $-0.0467607$ & $-0.0628736$ & $0.0379095$ & $-0.0233837$ & $-0.0212617$ & $-0.0825935$ \\
eHWWint & $0.0034823$ & $-0.0869393$ & $-0.00074016$ & $0.0532442$ & $-0.0168595$ & $-0.0275839$ & $0.0243806$ & $0.00167095$ & $-0.00189585$ & $0.0128273$ & $-0.0172864$ & $-0.0146829$ & $-0.0125695$ & $0.0294306$ & $0.00253294$ & $0.0146974$ & $0.0344118$ & $0.0292659$ & $0.0197766$ & $0.0148114$ & $0.0135812$ & $0.00888376$ & $0.0070676$ & $0.0152174$ & $0.0268811$ & $-0.0133433$ & $-0.00453094$ & $-0.013197$ & $-0.0349363$ & $-0.191014$ & $-0.0867116$ & $-0.0286078$ & $-0.196395$ & $-0.00459271$ & $-0.0462032$ & $-0.118708$ & $1$ & $-0.0146322$ & $0.0415987$ & $0.0286766$ & $-0.0930959$ & $0.00656418$ & $0.0281802$ & $-0.0564321$ & $-0.0645238$ & $-0.0964306$ & $0.0448233$ & $0.0112541$ & $0.0100037$ \\
eHWWpar & $-0.0156088$ & $0.0173056$ & $0.00562223$ & $-0.0144722$ & $0.0125575$ & $0.0106181$ & $0.0259856$ & $-0.0119137$ & $-0.0131261$ & $0.0103674$ & $0.0141545$ & $-0.00689781$ & $-0.0119552$ & $0.00143053$ & $-0.0148706$ & $-0.00469486$ & $-0.00649449$ & $0.00711081$ & $0.00202621$ & $-0.0161669$ & $-0.0138954$ & $-0.0067143$ & $-0.0117855$ & $0.00652332$ & $-0.00486143$ & $0.017481$ & $-0.00670793$ & $-0.0190152$ & $0.00544967$ & $-0.00353906$ & $-0.0148463$ & $0.0230273$ & $-0.0174852$ & $0.00259729$ & $-0.00572182$ & $-0.00121636$ & $-0.0146322$ & $1$ & $-0.0220199$ & $-0.036812$ & $0.00729059$ & $-0.00600432$ & $0.0191803$ & $0.0307904$ & $0.0175846$ & $0.016052$ & $-0.00614258$ & $-0.00985395$ & $-0.00697091$ \\
eHZZint & $0.0299221$ & $-0.12437$ & $-0.00312619$ & $-0.115999$ & $0.00248947$ & $0.0144733$ & $-0.0328488$ & $0.0205684$ & $0.0130317$ & $-0.0266121$ & $-0.0159897$ & $0.0130081$ & $0.046837$ & $0.00734786$ & $0.0209842$ & $-0.00729966$ & $-0.0135194$ & $-0.0191783$ & $0.000702951$ & $0.0153111$ & $0.0134011$ & $0.0118565$ & $-0.0127212$ & $-0.0135299$ & $-0.00804323$ & $0.00710938$ & $0.00798023$ & $-0.00312905$ & $-0.0064602$ & $-0.0176925$ & $-0.0137542$ & $-0.026242$ & $0.0399567$ & $-0.0126133$ & $-0.079377$ & $0.0867015$ & $0.0415987$ & $-0.0220199$ & $1$ & $0.0229057$ & $0.183243$ & $0.0302795$ & $-0.0360801$ & $-0.0559347$ & $0.0028886$ & $-0.111367$ & $0.0197314$ & $-0.0426486$ & $0.131123$ \\
eHZZpar & $0.00314622$ & $-0.0123599$ & $0.041412$ & $-0.00680435$ & $0.000752912$ & $-0.000434656$ & $-0.00279673$ & $0.00147195$ & $0.00472196$ & $-0.00926526$ & $-0.009875$ & $-0.00160071$ & $-0.00662684$ & $0.0137481$ & $0.0050208$ & $0.0237708$ & $0.0169406$ & $0.0143565$ & $-0.00466881$ & $0.0112589$ & $0.00721432$ & $0.00545743$ & $-0.0276221$ & $0.00862442$ & $0.00195947$ & $0.00866104$ & $-0.022089$ & $0.0226278$ & $-0.000755575$ & $0.0197918$ & $0.00786669$ & $0.00652783$ & $0.021861$ & $-0.0015929$ & $0.00981252$ & $-0.032015$ & $0.0286766$ & $-0.036812$ & $0.0229057$ & $1$ & $0.0370294$ & $0.0283102$ & $-0.0150401$ & $-0.028997$ & $-0.0246255$ & $0.00344402$ & $-0.0126073$ & $-0.0371338$ & $0.0144504$ \\
eHZgaint & $0.0473473$ & $-0.225715$ & $-0.00495292$ & $0.105538$ & $0.0111786$ & $-0.0147687$ & $0.0302865$ & $0.0226662$ & $0.0224478$ & $-0.0557499$ & $-0.0135519$ & $-0.0190465$ & $0.0184084$ & $-0.00125707$ & $0.00742047$ & $0.0203661$ & $-0.0215684$ & $-0.0158817$ & $-0.0222086$ & $0.00744949$ & $0.00675504$ & $0.00787472$ & $-0.0146004$ & $-0.00648224$ & $-0.0224418$ & $0.00235954$ & $-0.00210861$ & $0.0204613$ & $0.00203744$ & $0.0322574$ & $-0.0411535$ & $0.0407765$ & $0.141989$ & $-0.00534922$ & $-0.0712228$ & $0.00596832$ & $-0.0930959$ & $0.00729059$ & $0.183243$ & $0.0370294$ & $1$ & $0.0196037$ & $0.0181666$ & $0.0469018$ & $-0.0816809$ & $-0.0376537$ & $-0.116515$ & $-0.0274278$ & $0.215146$ \\
eHZgapar & $0.043558$ & $-0.0225557$ & $0.0259215$ & $0.0112206$ & $0.0018637$ & $-0.00266267$ & $-0.0240829$ & $0.00529494$ & $0.00348403$ & $-0.00793435$ & $-0.0102781$ & $-0.0152287$ & $-0.0143741$ & $0.0179335$ & $-0.00544603$ & $0.00533986$ & $0.00890705$ & $0.0128285$ & $0.00538779$ & $0.00789897$ & $0.011518$ & $0.00816965$ & $0.00673823$ & $-0.000296542$ & $0.00564195$ & $-0.0105463$ & $0.00558725$ & $-0.0154796$ & $-0.0290831$ & $0.0173781$ & $0.00520601$ & $-0.015953$ & $0.0196738$ & $0.00617662$ & $0.00577193$ & $0.00347271$ & $0.00656418$ & $-0.00600432$ & $0.0302795$ & $0.0283102$ & $0.0196037$ & $1$ & $-0.00953954$ & $-0.0253593$ & $0.0239274$ & $-0.0310686$ & $0.00183271$ & $0.00727469$ & $0.00908909$ \\
eHgagaint & $-0.0709961$ & $-0.0297471$ & $-0.00164732$ & $-0.0297396$ & $0.00106458$ & $-0.00507629$ & $0.00891169$ & $0.00912311$ & $0.0753363$ & $-0.00429416$ & $0.00826671$ & $0.0403131$ & $0.0477992$ & $-0.0389457$ & $0.0108731$ & $0.0176082$ & $-0.0271909$ & $-0.036326$ & $-0.039764$ & $-0.0062399$ & $-0.0103501$ & $-0.00860642$ & $-0.00944913$ & $-0.0164801$ & $-0.0245428$ & $0.0110318$ & $-0.00420007$ & $0.0165373$ & $-0.00964659$ & $0.00418933$ & $-0.0551098$ & $0.0146861$ & $0.0157171$ & $0.00195506$ & $0.0280317$ & $0.0384659$ & $0.0281802$ & $0.0191803$ & $-0.0360801$ & $-0.0150401$ & $0.0181666$ & $-0.00953954$ & $1$ & $0.124593$ & $0.0225713$ & $0.0419691$ & $-0.113996$ & $0.0363852$ & $-0.0182247$ \\
eHmumuint & $-0.135499$ & $0.0403787$ & $-0.0869279$ & $0.0716651$ & $0.0328515$ & $-0.0105339$ & $-0.0309127$ & $-0.000509017$ & $0.00584353$ & $-0.00710033$ & $0.0146454$ & $-0.0011644$ & $0.00340677$ & $-0.0325741$ & $0.0105989$ & $0.0125514$ & $-0.0210496$ & $-0.0343427$ & $-0.0326059$ & $-0.0141485$ & $-0.0137268$ & $-0.00984789$ & $0.00173979$ & $-0.0101697$ & $-0.0129455$ & $0.0149249$ & $-0.00520715$ & $0.00125383$ & $0.0235985$ & $0.00788735$ & $-0.00509373$ & $-0.0358366$ & $0.0077285$ & $-0.00322113$ & $-0.0112782$ & $-0.0467607$ & $-0.0564321$ & $0.0307904$ & $-0.0559347$ & $-0.028997$ & $0.0469018$ & $-0.0253593$ & $0.124593$ & $1$ & $-0.042589$ & $-0.0311$ & $-0.0378471$ & $-0.0564948$ & $-0.000901831$ \\
eHtautauint & $0.12838$ & $0.114016$ & $-0.125389$ & $-0.0184714$ & $-0.00039048$ & $-0.0223603$ & $-0.0194535$ & $-0.0268288$ & $-0.0251955$ & $0.0166284$ & $0.0212228$ & $0.00504761$ & $0.00750086$ & $-0.00172473$ & $-0.0145491$ & $-0.0205349$ & $0.00506214$ & $0.0138207$ & $0.0166946$ & $-0.0209471$ & $-0.0188912$ & $-0.0175972$ & $-0.00187484$ & $-0.000190644$ & $-0.0105479$ & $0.00957944$ & $-0.0159858$ & $-0.00814312$ & $-0.00505024$ & $0.0825032$ & $0.049075$ & $-0.0257393$ & $0.00533048$ & $-0.00361496$ & $-0.103458$ & $-0.0628736$ & $-0.0645238$ & $0.0175846$ & $0.0028886$ & $-0.0246255$ & $-0.0816809$ & $0.0239274$ & $0.0225713$ & $-0.042589$ & $1$ & $-0.0197476$ & $0.141388$ & $-0.134931$ & $0.028022$ \\
eHccint & $0.0554147$ & $0.0753828$ & $-0.0465728$ & $-0.114752$ & $-0.00522913$ & $-0.00249487$ & $-0.00383047$ & $0.00425213$ & $0.00493856$ & $0.0142833$ & $-0.00669419$ & $-0.0162408$ & $-0.0310209$ & $-0.000567891$ & $-0.0115475$ & $-0.00358229$ & $0.0096743$ & $0.00986973$ & $0.00614607$ & $0.00656844$ & $0.0101116$ & $0.00923344$ & $0.000984887$ & $-0.00535512$ & $-0.00779298$ & $-0.0050094$ & $0.00547152$ & $-0.00285028$ & $-0.00719788$ & $0.00218602$ & $0.0956085$ & $-0.0117194$ & $-0.0716937$ & $0.0214981$ & $-0.020236$ & $0.0379095$ & $-0.0964306$ & $0.016052$ & $-0.111367$ & $0.00344402$ & $-0.0376537$ & $-0.0310686$ & $0.0419691$ & $-0.0311$ & $-0.0197476$ & $1$ & $-0.00638703$ & $-0.0777395$ & $-0.110031$ \\
eHccpar & $0.0281852$ & $0.0564228$ & $-0.133192$ & $-0.0467653$ & $-0.0173216$ & $0.0178037$ & $-0.0521191$ & $0.00273995$ & $-0.00398916$ & $0.00315849$ & $-0.00260668$ & $0.0106983$ & $0.00533483$ & $0.00257718$ & $-0.0021579$ & $-0.0118569$ & $-0.00477695$ & $-0.00169326$ & $0.0030475$ & $0.00294289$ & $0.00341806$ & $-0.000104485$ & $0.0163611$ & $-0.00992237$ & $0.00295972$ & $-0.00456696$ & $0.0177643$ & $-0.0212506$ & $0.00766281$ & $0.010783$ & $0.39299$ & $-0.0513593$ & $0.000863874$ & $0.00653086$ & $-0.0276896$ & $-0.0233837$ & $0.0448233$ & $-0.00614258$ & $0.0197314$ & $-0.0126073$ & $-0.116515$ & $0.00183271$ & $-0.113996$ & $-0.0378471$ & $0.141388$ & $-0.00638703$ & $1$ & $-0.0715241$ & $-0.00706092$ \\
eHbbint & $0.0462344$ & $0.0703975$ & $0.0303719$ & $-0.0349045$ & $0.0277706$ & $0.00115225$ & $0.00288195$ & $0.0142018$ & $0.0134866$ & $-0.0115838$ & $-0.0150967$ & $-0.0122768$ & $-0.0122147$ & $0.00471501$ & $0.0207044$ & $0.0270679$ & $-0.000682517$ & $-0.0124283$ & $-0.0154881$ & $0.020583$ & $0.014965$ & $0.0143984$ & $0.0265443$ & $-0.00970853$ & $-0.00832757$ & $-0.037816$ & $-0.00114101$ & $-0.00619131$ & $-0.00296937$ & $0.00511388$ & $-0.0431432$ & $0.0180932$ & $0.149928$ & $-0.000418532$ & $0.126869$ & $-0.0212617$ & $0.0112541$ & $-0.00985395$ & $-0.0426486$ & $-0.0371338$ & $-0.0274278$ & $0.00727469$ & $0.0363852$ & $-0.0564948$ & $-0.134931$ & $-0.0777395$ & $-0.0715241$ & $1$ & $0.0151485$ \\
eHbbpar & $0.0382212$ & $-0.0391993$ & $-0.0571647$ & $0.0267448$ & $0.0302418$ & $-0.00589546$ & $0.00649687$ & $-0.00435222$ & $-0.00221655$ & $-0.0297279$ & $0.0202835$ & $0.0092585$ & $0.0250765$ & $-0.0409547$ & $-0.0106144$ & $-0.000215829$ & $-0.0255578$ & $-0.0225283$ & $-0.0311194$ & $-0.0225407$ & $-0.0202597$ & $-0.0219377$ & $-0.019721$ & $-0.0183627$ & $-0.0407753$ & $0.0251298$ & $-0.017$ & $-0.0135537$ & $0.0269294$ & $0.0151041$ & $0.00716724$ & $0.0165278$ & $0.514643$ & $0.00491448$ & $0.0421302$ & $-0.0825935$ & $0.0100037$ & $-0.00697091$ & $0.131123$ & $0.0144504$ & $0.215146$ & $0.00908909$ & $-0.0182247$ & $-0.000901831$ & $0.028022$ & $-0.110031$ & $-0.00706092$ & $0.0151485$ & $1$ \\
