 & AlsMz & dAle5Mz & mtop & mHl & Mz & CW & CHG & CHWB & CHWHB_gaga & CHWHB_gagaorth & CHD & CHbox & CH & CHL1_11 & CHL1_22 & CHL1_33 & CHL3_11 & CHL3_22 & CHL3_33 & CHe_11 & CHe_22 & CHe_33 & CHQ1_11 & CHQ1_33 & CHQ3_11 & CHu_11 & CHd_11 & CHd_33 & CeH_22r & CeH_33r & CuH_22r & CuH_33r & CdH_33r & CLL_1221 & eHggint & eHggpar & eHWWint & eHWWpar & eHZZint & eHZZpar & eHZgaint & eHZgapar & eHgagaint & eHmumuint & eHtautauint & eHccint & eHccpar & eHbbint & eHbbpar \\
AlsMz & $1$ & $0.0657686$ & $-0.0287797$ & $0.246806$ & $0.0342456$ & $0.120833$ & $0.276165$ & $-0.149834$ & $-0.1792$ & $0.111092$ & $0.0998333$ & $0.18186$ & $-0.441159$ & $0.132173$ & $0.0582919$ & $-0.0594294$ & $0.144549$ & $0.102751$ & $0.169206$ & $-0.127142$ & $-0.116748$ & $-0.133767$ & $-0.128662$ & $0.0832596$ & $0.0218424$ & $0.0490173$ & $-0.132104$ & $-0.00467288$ & $-0.1588$ & $-0.317966$ & $-0.127064$ & $0.232602$ & $-0.422903$ & $-0.123556$ & $-0.0564838$ & $0.130959$ & $0.37858$ & $0.223479$ & $-0.0708466$ & $-0.217199$ & $0.449079$ & $0.347064$ & $-0.666016$ & $-0.22086$ & $-0.0210078$ & $0.50794$ & $-0.0167443$ & $-0.192797$ & $-0.237058$ \\
dAle5Mz & $0.0657686$ & $1$ & $0.072845$ & $-0.0336838$ & $0.242117$ & $-0.0607844$ & $0.305895$ & $-0.351224$ & $-0.357027$ & $0.117677$ & $0.366461$ & $0.0116709$ & $-0.0521512$ & $-0.0654544$ & $-0.0763086$ & $-0.0810697$ & $0.159578$ & $0.163125$ & $0.164759$ & $-0.31065$ & $-0.255734$ & $-0.295661$ & $-0.157485$ & $0.0221649$ & $0.138421$ & $0.145725$ & $-0.147194$ & $-0.164733$ & $-0.072461$ & $-0.195788$ & $0.144855$ & $0.289597$ & $-0.10469$ & $-0.0687717$ & $-0.533657$ & $0.0927809$ & $0.37861$ & $0.535301$ & $-0.223324$ & $-0.54994$ & $0.140311$ & $0.0316149$ & $-0.402436$ & $0.250752$ & $0.214094$ & $0.409519$ & $0.493445$ & $-0.213173$ & $0.284674$ \\
mtop & $-0.0287797$ & $0.072845$ & $1$ & $-0.484669$ & $-0.288131$ & $-0.0137395$ & $-0.0280872$ & $0.131847$ & $0.119528$ & $-0.0624743$ & $-0.126158$ & $-0.00928979$ & $-0.0426796$ & $-0.0292747$ & $-0.151055$ & $-0.196898$ & $-0.104798$ & $0.0050154$ & $0.0485832$ & $0.121912$ & $0.241047$ & $0.200331$ & $0.215927$ & $-0.131461$ & $0.10044$ & $-0.0661771$ & $0.382517$ & $0.0771444$ & $0.0378041$ & $-0.0102611$ & $0.0688519$ & $-0.018779$ & $-0.0167756$ & $0.176983$ & $-0.0804338$ & $0.0849262$ & $-0.379938$ & $0.185366$ & $0.143422$ & $0.0725246$ & $0.41966$ & $0.221154$ & $-0.203912$ & $0.39982$ & $-0.280701$ & $-0.00791682$ & $0.371272$ & $0.02109$ & $0.0159117$ \\
mHl & $0.246806$ & $-0.0336838$ & $-0.484669$ & $1$ & $0.286792$ & $0.0335026$ & $0.199752$ & $-0.142555$ & $-0.140055$ & $0.0120382$ & $0.164157$ & $-0.102127$ & $-0.0990942$ & $-0.0154054$ & $0.0598351$ & $0.0569879$ & $0.0919568$ & $0.0545886$ & $0.00677219$ & $-0.162339$ & $-0.247988$ & $-0.232247$ & $-0.237414$ & $0.128576$ & $-0.102083$ & $0.231296$ & $-0.289693$ & $-0.192343$ & $-0.0954591$ & $-0.179132$ & $-0.21655$ & $0.176378$ & $-0.176989$ & $-0.0858078$ & $0.0642022$ & $-0.197725$ & $0.364071$ & $0.104141$ & $0.0895838$ & $-0.235993$ & $-0.220564$ & $-0.207702$ & $0.0147036$ & $-0.450216$ & $0.333153$ & $0.082383$ & $-0.560081$ & $-0.284388$ & $0.0643149$ \\
Mz & $0.0342456$ & $0.242117$ & $-0.288131$ & $0.286792$ & $1$ & $-0.0432504$ & $0.278555$ & $-0.292371$ & $-0.279613$ & $0.0588626$ & $0.347325$ & $-0.108101$ & $-0.0627522$ & $-0.0162578$ & $0.0882428$ & $0.161622$ & $0.111902$ & $0.0694427$ & $-0.00735092$ & $-0.29465$ & $-0.351557$ & $-0.392267$ & $-0.323526$ & $0.10776$ & $-0.0863053$ & $0.203737$ & $-0.471246$ & $-0.222263$ & $-0.0710045$ & $-0.0600109$ & $-0.0223449$ & $0.261209$ & $0.0629679$ & $-0.209978$ & $-0.268859$ & $-0.297398$ & $0.324405$ & $0.149503$ & $-0.413008$ & $-0.434943$ & $-0.192469$ & $-0.366433$ & $-0.0705434$ & $-0.0938563$ & $0.382065$ & $0.259164$ & $-0.0831649$ & $-0.0119767$ & $0.366828$ \\
CW & $0.120833$ & $-0.0607844$ & $-0.0137395$ & $0.0335026$ & $-0.0432504$ & $1$ & $-0.0483831$ & $-0.000856824$ & $-0.0112267$ & $0.0162081$ & $-0.00682647$ & $-0.0311894$ & $-0.00921897$ & $0.238014$ & $0.0807901$ & $0.0141733$ & $-0.122409$ & $-0.0417682$ & $0.0156362$ & $-0.015598$ & $-0.0114977$ & $0.0289896$ & $0.00915415$ & $0.0811703$ & $-0.0470776$ & $-0.00811731$ & $-0.0595504$ & $2.60808e-05$ & $0.0183842$ & $-0.0262984$ & $-0.0485631$ & $-0.0545871$ & $-0.0642982$ & $-0.117515$ & $0.10628$ & $0.0589029$ & $0.121989$ & $-0.0765786$ & $0.00321969$ & $0.091802$ & $0.0217208$ & $0.0195211$ & $-0.0271293$ & $-0.174253$ & $-0.0682848$ & $-0.011836$ & $-0.0880728$ & $0.0666775$ & $-0.0955456$ \\
CHG & $0.276165$ & $0.305895$ & $-0.0280872$ & $0.199752$ & $0.278555$ & $-0.0483831$ & $1$ & $-0.364871$ & $-0.343196$ & $0.240759$ & $0.324586$ & $0.0752975$ & $-0.617694$ & $0.1352$ & $0.00733056$ & $9.28173e-05$ & $0.300173$ & $0.248876$ & $0.206042$ & $-0.336877$ & $-0.329217$ & $-0.393262$ & $-0.332281$ & $0.138089$ & $0.15302$ & $0.246956$ & $-0.336678$ & $-0.26492$ & $-0.199195$ & $-0.38391$ & $-0.0855654$ & $0.959466$ & $-0.308112$ & $-0.183802$ & $-0.522045$ & $-0.321045$ & $0.164519$ & $0.448262$ & $-0.338588$ & $-0.584795$ & $0.0358465$ & $-0.0785862$ & $-0.399403$ & $0.119569$ & $0.308696$ & $0.508264$ & $0.138239$ & $-0.216823$ & $0.320038$ \\
CHWB & $-0.149834$ & $-0.351224$ & $0.131847$ & $-0.142555$ & $-0.292371$ & $-0.000856824$ & $-0.364871$ & $1$ & $0.994094$ & $-0.476956$ & $-0.926106$ & $-0.0110432$ & $0.172953$ & $-0.186751$ & $0.0308355$ & $-0.0498981$ & $-0.644033$ & $-0.557279$ & $-0.477492$ & $0.903228$ & $0.744626$ & $0.753487$ & $0.212418$ & $-0.632114$ & $-0.514751$ & $-0.267783$ & $0.522852$ & $0.301843$ & $0.128172$ & $0.213608$ & $0.0566446$ & $-0.330968$ & $0.0975109$ & $0.660856$ & $0.368151$ & $0.180262$ & $-0.362656$ & $-0.214144$ & $0.392449$ & $0.435756$ & $-0.0232892$ & $0.14257$ & $0.262968$ & $0.0594247$ & $-0.280618$ & $-0.350833$ & $-0.0762887$ & $-0.0141151$ & $-0.196146$ \\
CHWHB_gaga & $-0.1792$ & $-0.357027$ & $0.119528$ & $-0.140055$ & $-0.279613$ & $-0.0112267$ & $-0.343196$ & $0.994094$ & $1$ & $-0.478948$ & $-0.917079$ & $-0.00743065$ & $0.17675$ & $-0.196172$ & $0.0262487$ & $-0.0445497$ & $-0.646049$ & $-0.553999$ & $-0.482808$ & $0.898131$ & $0.736462$ & $0.74528$ & $0.20607$ & $-0.63217$ & $-0.516032$ & $-0.259839$ & $0.515282$ & $0.288839$ & $0.13221$ & $0.236225$ & $0.0679999$ & $-0.309799$ & $0.128685$ & $0.659433$ & $0.349974$ & $0.155452$ & $-0.378549$ & $-0.218131$ & $0.3815$ & $0.42858$ & $-0.0545246$ & $0.121087$ & $0.297722$ & $0.0682287$ & $-0.264571$ & $-0.355799$ & $-0.0817479$ & $-0.0145433$ & $-0.17786$ \\
CHWHB_gagaorth & $0.111092$ & $0.117677$ & $-0.0624743$ & $0.0120382$ & $0.0588626$ & $0.0162081$ & $0.240759$ & $-0.476956$ & $-0.478948$ & $1$ & $0.203059$ & $0.249833$ & $-0.193644$ & $0.669668$ & $0.0957218$ & $0.137597$ & $0.768491$ & $0.539482$ & $0.531763$ & $-0.259907$ & $-0.208694$ & $-0.235343$ & $-0.115481$ & $0.519748$ & $0.59745$ & $0.0930336$ & $-0.289174$ & $-0.0881148$ & $-0.0673577$ & $-0.198787$ & $-0.0728154$ & $0.233693$ & $-0.165046$ & $-0.387603$ & $-0.181972$ & $-0.0531086$ & $0.169136$ & $0.0809677$ & $-0.166271$ & $-0.203869$ & $0.0419931$ & $-0.0173754$ & $-0.16353$ & $-0.0393656$ & $0.0769204$ & $0.198646$ & $0.0578791$ & $0.000884643$ & $0.0465583$ \\
CHD & $0.0998333$ & $0.366461$ & $-0.126158$ & $0.164157$ & $0.347325$ & $-0.00682647$ & $0.324586$ & $-0.926106$ & $-0.917079$ & $0.203059$ & $1$ & $-0.0416527$ & $-0.0821573$ & $-0.10557$ & $-0.08445$ & $-0.0043465$ & $0.375388$ & $0.378751$ & $0.291128$ & $-0.923689$ & $-0.768683$ & $-0.768715$ & $-0.213993$ & $0.473378$ & $0.302976$ & $0.279039$ & $-0.479245$ & $-0.321246$ & $-0.0980025$ & $-0.143164$ & $-0.0370471$ & $0.297163$ & $-0.0310335$ & $-0.554417$ & $-0.365335$ & $-0.196955$ & $0.337433$ & $0.231191$ & $-0.384948$ & $-0.436937$ & $0.00128562$ & $-0.175881$ & $-0.223258$ & $-0.0301156$ & $0.293595$ & $0.324178$ & $0.0743207$ & $0.00619695$ & $0.236993$ \\
CHbox & $0.18186$ & $0.0116709$ & $-0.00928979$ & $-0.102127$ & $-0.108101$ & $-0.0311894$ & $0.0752975$ & $-0.0110432$ & $-0.00743065$ & $0.249833$ & $-0.0416527$ & $1$ & $-0.199607$ & $-0.0605753$ & $0.0429807$ & $-0.0567525$ & $-0.00523538$ & $-0.0107411$ & $0.0671616$ & $0.165924$ & $0.0946972$ & $0.0729614$ & $0.0900006$ & $-0.0312901$ & $0.0977664$ & $-0.0447021$ & $0.153293$ & $0.104691$ & $0.0498011$ & $0.102549$ & $0.0878354$ & $0.13832$ & $-0.0412109$ & $-0.114676$ & $-0.0518983$ & $0.169008$ & $0.00702629$ & $0.128346$ & $0.06783$ & $-0.0143418$ & $0.178272$ & $0.289224$ & $-0.169523$ & $0.0669539$ & $-0.0651109$ & $0.151131$ & $0.178646$ & $-0.168124$ & $-0.21615$ \\
CH & $-0.441159$ & $-0.0521512$ & $-0.0426796$ & $-0.0990942$ & $-0.0627522$ & $-0.00921897$ & $-0.617694$ & $0.172953$ & $0.17675$ & $-0.193644$ & $-0.0821573$ & $-0.199607$ & $1$ & $-0.228946$ & $-0.0564356$ & $0.00633831$ & $-0.259448$ & $-0.193116$ & $-0.219153$ & $0.117074$ & $0.102401$ & $0.125009$ & $0.117918$ & $-0.139053$ & $-0.188902$ & $-0.0732328$ & $0.108053$ & $-0.00911257$ & $0.191203$ & $0.514812$ & $0.182183$ & $-0.555935$ & $0.539985$ & $0.123754$ & $0.180162$ & $0.122991$ & $-0.0426057$ & $-0.172795$ & $0.0936599$ & $0.178107$ & $-0.154502$ & $-0.146588$ & $0.36332$ & $-0.0169442$ & $-0.0745191$ & $-0.252556$ & $-0.0327829$ & $0.166272$ & $0.0179838$ \\
CHL1_11 & $0.132173$ & $-0.0654544$ & $-0.0292747$ & $-0.0154054$ & $-0.0162578$ & $0.238014$ & $0.1352$ & $-0.186751$ & $-0.196172$ & $0.669668$ & $-0.10557$ & $-0.0605753$ & $-0.228946$ & $1$ & $0.142041$ & $0.159565$ & $0.581743$ & $0.448226$ & $0.455985$ & $-0.0726412$ & $-0.00903207$ & $-0.0100865$ & $-0.0801292$ & $0.425812$ & $0.479087$ & $0.0214758$ & $-0.223555$ & $0.0127372$ & $-0.0844054$ & $-0.198442$ & $-0.0945147$ & $0.101561$ & $-0.159962$ & $-0.23523$ & $0.00199167$ & $-0.0207496$ & $0.10764$ & $-0.0592826$ & $-0.118368$ & $-0.0407186$ & $0.0289465$ & $-0.00875861$ & $-0.107748$ & $-0.0985061$ & $0.0139631$ & $0.087435$ & $-0.041504$ & $0.0776584$ & $-0.0164202$ \\
CHL1_22 & $0.0582919$ & $-0.0763086$ & $-0.151055$ & $0.0598351$ & $0.0882428$ & $0.0807901$ & $0.00733056$ & $0.0308355$ & $0.0262487$ & $0.0957218$ & $-0.08445$ & $0.0429807$ & $-0.0564356$ & $0.142041$ & $1$ & $0.33678$ & $0.0257818$ & $-0.50214$ & $-0.173565$ & $0.0905029$ & $-0.152608$ & $-0.0838119$ & $-0.112995$ & $0.182881$ & $-0.207227$ & $0.0214595$ & $-0.414452$ & $-0.0147462$ & $0.0154042$ & $-0.0425174$ & $-0.0885991$ & $-0.00538683$ & $-0.0447394$ & $-0.529224$ & $0.11031$ & $0.0169248$ & $0.255863$ & $-0.190445$ & $-0.178536$ & $0.0570075$ & $-0.100158$ & $-0.127622$ & $-0.030014$ & $-0.233201$ & $0.0851366$ & $-0.0663211$ & $-0.138427$ & $0.247095$ & $0.00686113$ \\
CHL1_33 & $-0.0594294$ & $-0.0810697$ & $-0.196898$ & $0.0569879$ & $0.161622$ & $0.0141733$ & $9.28173e-05$ & $-0.0498981$ & $-0.0445497$ & $0.137597$ & $-0.0043465$ & $-0.0567525$ & $0.00633831$ & $0.159565$ & $0.33678$ & $1$ & $0.0974209$ & $-0.0895795$ & $-0.473286$ & $0.0145716$ & $-0.17379$ & $-0.209433$ & $-0.183294$ & $0.257305$ & $-0.188591$ & $0.0870565$ & $-0.457516$ & $-0.0734872$ & $0.0270376$ & $0.00305261$ & $-0.0540327$ & $-0.00639002$ & $0.0686887$ & $-0.252074$ & $0.0507645$ & $-0.113846$ & $0.186684$ & $-0.209842$ & $-0.26052$ & $0.0177976$ & $-0.111849$ & $-0.302066$ & $0.0730282$ & $-0.224831$ & $0.109615$ & $-0.0366918$ & $-0.122948$ & $0.261205$ & $0.126221$ \\
CHL3_11 & $0.144549$ & $0.159578$ & $-0.104798$ & $0.0919568$ & $0.111902$ & $-0.122409$ & $0.300173$ & $-0.644033$ & $-0.646049$ & $0.768491$ & $0.375388$ & $-0.00523538$ & $-0.259448$ & $0.581743$ & $0.0257818$ & $0.0974209$ & $1$ & $0.674358$ & $0.635822$ & $-0.492967$ & $-0.344165$ & $-0.382001$ & $-0.134008$ & $0.618652$ & $0.701954$ & $0.132747$ & $-0.346144$ & $-0.134616$ & $-0.147565$ & $-0.247596$ & $-0.0801044$ & $0.261772$ & $-0.177602$ & $-0.373136$ & $-0.204473$ & $-0.0943213$ & $0.218978$ & $0.0919963$ & $-0.17661$ & $-0.255825$ & $0.0162637$ & $-0.0410314$ & $-0.191331$ & $-0.0698401$ & $0.125651$ & $0.214954$ & $0.0200088$ & $-0.0222932$ & $0.0570408$ \\
CHL3_22 & $0.102751$ & $0.163125$ & $0.0050154$ & $0.0545886$ & $0.0694427$ & $-0.0417682$ & $0.248876$ & $-0.557279$ & $-0.553999$ & $0.539482$ & $0.378751$ & $-0.0107411$ & $-0.193116$ & $0.448226$ & $-0.50214$ & $-0.0895795$ & $0.674358$ & $1$ & $0.612545$ & $-0.450377$ & $-0.254788$ & $-0.288724$ & $-0.0852481$ & $0.446733$ & $0.719711$ & $0.143993$ & $-0.0667321$ & $-0.126342$ & $-0.128452$ & $-0.189039$ & $-0.0337684$ & $0.221177$ & $-0.123568$ & $0.0889009$ & $-0.244662$ & $-0.1265$ & $0.0331334$ & $0.184227$ & $-0.0873766$ & $-0.250664$ & $0.0713851$ & $0.0127389$ & $-0.135151$ & $0.0765092$ & $0.0796163$ & $0.222739$ & $0.0847633$ & $-0.144032$ & $0.0585417$ \\
CHL3_33 & $0.169206$ & $0.164759$ & $0.0485832$ & $0.00677219$ & $-0.00735092$ & $0.0156362$ & $0.206042$ & $-0.477492$ & $-0.482808$ & $0.531763$ & $0.291128$ & $0.0671616$ & $-0.219153$ & $0.455985$ & $-0.173565$ & $-0.473286$ & $0.635822$ & $0.612545$ & $1$ & $-0.36607$ & $-0.16535$ & $-0.207288$ & $0.0316917$ & $0.377673$ & $0.72387$ & $0.0484548$ & $0.0202856$ & $-0.0374865$ & $-0.100437$ & $-0.208296$ & $-0.0391247$ & $0.179538$ & $-0.197596$ & $-0.176848$ & $-0.202287$ & $0.0239348$ & $0.0502453$ & $0.19275$ & $0.0264557$ & $-0.182503$ & $0.0884517$ & $0.184128$ & $-0.184447$ & $0.0934658$ & $0.0105915$ & $0.193515$ & $0.0942124$ & $-0.177697$ & $-0.0488923$ \\
CHe_11 & $-0.127142$ & $-0.31065$ & $0.121912$ & $-0.162339$ & $-0.29465$ & $-0.015598$ & $-0.336877$ & $0.903228$ & $0.898131$ & $-0.259907$ & $-0.923689$ & $0.165924$ & $0.117074$ & $-0.0726412$ & $0.0905029$ & $0.0145716$ & $-0.492967$ & $-0.450377$ & $-0.36607$ & $1$ & $0.760205$ & $0.750937$ & $0.223745$ & $-0.51501$ & $-0.377873$ & $-0.277437$ & $0.485093$ & $0.30927$ & $0.130678$ & $0.171403$ & $0.0656951$ & $-0.295158$ & $0.0498221$ & $0.49784$ & $0.327924$ & $0.209924$ & $-0.322148$ & $-0.200095$ & $0.377936$ & $0.422475$ & $-0.0107925$ & $0.169344$ & $0.235252$ & $0.0543856$ & $-0.268575$ & $-0.319393$ & $-0.0450754$ & $-0.0237608$ & $-0.220913$ \\
CHe_22 & $-0.116748$ & $-0.255734$ & $0.241047$ & $-0.247988$ & $-0.351557$ & $-0.0114977$ & $-0.329217$ & $0.744626$ & $0.736462$ & $-0.208694$ & $-0.768683$ & $0.0946972$ & $0.102401$ & $-0.00903207$ & $-0.152608$ & $-0.17379$ & $-0.344165$ & $-0.254788$ & $-0.16535$ & $0.760205$ & $1$ & $0.699257$ & $0.292695$ & $-0.487023$ & $-0.197823$ & $-0.297505$ & $0.594193$ & $0.322798$ & $0.111802$ & $0.169779$ & $0.0902404$ & $-0.294699$ & $0.0301297$ & $0.533437$ & $0.279843$ & $0.266982$ & $-0.370947$ & $-0.114265$ & $0.440217$ & $0.389296$ & $0.0567293$ & $0.274614$ & $0.185268$ & $0.162974$ & $-0.329454$ & $-0.279373$ & $0.0435676$ & $-0.109233$ & $-0.26646$ \\
CHe_33 & $-0.133767$ & $-0.295661$ & $0.200331$ & $-0.232247$ & $-0.392267$ & $0.0289896$ & $-0.393262$ & $0.753487$ & $0.74528$ & $-0.235343$ & $-0.768715$ & $0.0729614$ & $0.125009$ & $-0.0100865$ & $-0.0838119$ & $-0.209433$ & $-0.382001$ & $-0.288724$ & $-0.207288$ & $0.750937$ & $0.699257$ & $1$ & $0.310534$ & $-0.45609$ & $-0.20013$ & $-0.311994$ & $0.607854$ & $0.337542$ & $0.126323$ & $0.144529$ & $0.0489217$ & $-0.369841$ & $0.00739222$ & $0.517316$ & $0.382851$ & $0.314243$ & $-0.367931$ & $-0.220457$ & $0.479388$ & $0.490223$ & $0.0291864$ & $0.277903$ & $0.252006$ & $0.107806$ & $-0.331768$ & $-0.38287$ & $0.0130727$ & $-0.0605007$ & $-0.299513$ \\
CHQ1_11 & $-0.128662$ & $-0.157485$ & $0.215927$ & $-0.237414$ & $-0.323526$ & $0.00915415$ & $-0.332281$ & $0.212418$ & $0.20607$ & $-0.115481$ & $-0.213993$ & $0.0900006$ & $0.117918$ & $-0.0801292$ & $-0.112995$ & $-0.183294$ & $-0.134008$ & $-0.0852481$ & $0.0316917$ & $0.223745$ & $0.292695$ & $0.310534$ & $1$ & $-0.128513$ & $0.0927197$ & $-0.638627$ & $0.48775$ & $0.246749$ & $0.0479668$ & $0.0991234$ & $0.0710332$ & $-0.316167$ & $-0.0384678$ & $0.147477$ & $0.223762$ & $0.410593$ & $-0.280544$ & $-0.113413$ & $0.454904$ & $0.405529$ & $0.00864084$ & $0.378204$ & $0.211409$ & $0.151495$ & $-0.312496$ & $-0.293758$ & $0.118288$ & $-0.145115$ & $-0.296069$ \\
CHQ1_33 & $0.0832596$ & $0.0221649$ & $-0.131461$ & $0.128576$ & $0.10776$ & $0.0811703$ & $0.138089$ & $-0.632114$ & $-0.63217$ & $0.519748$ & $0.473378$ & $-0.0312901$ & $-0.139053$ & $0.425812$ & $0.182881$ & $0.257305$ & $0.618652$ & $0.446733$ & $0.377673$ & $-0.51501$ & $-0.487023$ & $-0.45609$ & $-0.128513$ & $1$ & $0.482391$ & $0.199413$ & $-0.375033$ & $-0.0615288$ & $-0.0702847$ & $-0.187221$ & $-0.131511$ & $0.10636$ & $-0.10912$ & $-0.515686$ & $-0.0485559$ & $-0.0888439$ & $0.225253$ & $-0.086397$ & $-0.16999$ & $-0.0731175$ & $-0.0168569$ & $-0.0992585$ & $-0.0632095$ & $-0.174923$ & $0.0912043$ & $0.0479408$ & $-0.109807$ & $0.119169$ & $0.0294814$ \\
CHQ3_11 & $0.0218424$ & $0.138421$ & $0.10044$ & $-0.102083$ & $-0.0863053$ & $-0.0470776$ & $0.15302$ & $-0.514751$ & $-0.516032$ & $0.59745$ & $0.302976$ & $0.0977664$ & $-0.188902$ & $0.479087$ & $-0.207227$ & $-0.188591$ & $0.701954$ & $0.719711$ & $0.72387$ & $-0.377873$ & $-0.197823$ & $-0.20013$ & $0.0927197$ & $0.482391$ & $1$ & $0.0377705$ & $0.151265$ & $-0.0259824$ & $-0.105549$ & $-0.187795$ & $-0.0107851$ & $0.134722$ & $-0.174939$ & $-0.153391$ & $-0.149886$ & $0.0313408$ & $-0.077105$ & $0.131024$ & $0.0784377$ & $-0.0847902$ & $0.104553$ & $0.170732$ & $-0.0858477$ & $0.162512$ & $-0.0592033$ & $0.0702788$ & $0.16572$ & $-0.149881$ & $-0.0695961$ \\
CHu_11 & $0.0490173$ & $0.145725$ & $-0.0661771$ & $0.231296$ & $0.203737$ & $-0.00811731$ & $0.246956$ & $-0.267783$ & $-0.259839$ & $0.0930336$ & $0.279039$ & $-0.0447021$ & $-0.0732328$ & $0.0214758$ & $0.0214595$ & $0.0870565$ & $0.132747$ & $0.143993$ & $0.0484548$ & $-0.277437$ & $-0.297505$ & $-0.311994$ & $-0.638627$ & $0.199413$ & $0.0377705$ & $1$ & $-0.161063$ & $-0.197459$ & $-0.0366064$ & $-0.0618692$ & $-0.0462514$ & $0.239567$ & $0.02211$ & $-0.137408$ & $-0.252055$ & $-0.311485$ & $0.114794$ & $0.198945$ & $-0.227342$ & $-0.326853$ & $0.00113588$ & $-0.167379$ & $-0.122891$ & $-0.0107836$ & $0.196424$ & $0.205078$ & $-0.0677519$ & $-0.0511206$ & $0.209759$ \\
CHd_11 & $-0.132104$ & $-0.147194$ & $0.382517$ & $-0.289693$ & $-0.471246$ & $-0.0595504$ & $-0.336678$ & $0.522852$ & $0.515282$ & $-0.289174$ & $-0.479245$ & $0.153293$ & $0.108053$ & $-0.223555$ & $-0.414452$ & $-0.457516$ & $-0.346144$ & $-0.0667321$ & $0.0202856$ & $0.485093$ & $0.594193$ & $0.607854$ & $0.48775$ & $-0.375033$ & $0.151265$ & $-0.161063$ & $1$ & $0.324664$ & $0.0940888$ & $0.131759$ & $0.112221$ & $-0.302671$ & $-0.0400872$ & $0.59123$ & $0.224772$ & $0.342693$ & $-0.566435$ & $0.00817243$ & $0.662005$ & $0.423248$ & $0.192545$ & $0.504344$ & $0.180977$ & $0.360978$ & $-0.463056$ & $-0.321028$ & $0.196861$ & $-0.308278$ & $-0.352962$ \\
CHd_33 & $-0.00467288$ & $-0.164733$ & $0.0771444$ & $-0.192343$ & $-0.222263$ & $2.60808e-05$ & $-0.26492$ & $0.301843$ & $0.288839$ & $-0.0881148$ & $-0.321246$ & $0.104691$ & $-0.00911257$ & $0.0127372$ & $-0.0147462$ & $-0.0734872$ & $-0.134616$ & $-0.126342$ & $-0.0374865$ & $0.30927$ & $0.322798$ & $0.337542$ & $0.246749$ & $-0.0615288$ & $-0.0259824$ & $-0.197459$ & $0.324664$ & $1$ & $0.0929969$ & $-0.0126933$ & $0.00952901$ & $-0.254817$ & $-0.114435$ & $0.17592$ & $0.282295$ & $0.339652$ & $-0.130642$ & $-0.190383$ & $0.318689$ & $0.389281$ & $0.0352341$ & $0.272143$ & $0.123997$ & $0.0240367$ & $-0.269837$ & $-0.264828$ & $0.0536829$ & $-0.0307134$ & $-0.279154$ \\
CeH_22r & $-0.1588$ & $-0.072461$ & $0.0378041$ & $-0.0954591$ & $-0.0710045$ & $0.0183842$ & $-0.199195$ & $0.128172$ & $0.13221$ & $-0.0673577$ & $-0.0980025$ & $0.0498011$ & $0.191203$ & $-0.0844054$ & $0.0154042$ & $0.0270376$ & $-0.147565$ & $-0.128452$ & $-0.100437$ & $0.130678$ & $0.111802$ & $0.126323$ & $0.0479668$ & $-0.0702847$ & $-0.105549$ & $-0.0366064$ & $0.0940888$ & $0.0929969$ & $1$ & $0.150114$ & $0.0370488$ & $-0.187758$ & $0.142293$ & $0.042422$ & $0.138029$ & $0.0305899$ & $-0.110514$ & $-0.199205$ & $0.0438544$ & $0.199177$ & $-0.0380611$ & $-0.0684962$ & $0.148304$ & $0.0152594$ & $-0.0755514$ & $-0.182007$ & $-0.0660609$ & $0.140432$ & $-0.0120798$ \\
CeH_33r & $-0.317966$ & $-0.195788$ & $-0.0102611$ & $-0.179132$ & $-0.0600109$ & $-0.0262984$ & $-0.38391$ & $0.213608$ & $0.236225$ & $-0.198787$ & $-0.143164$ & $0.102549$ & $0.514812$ & $-0.198442$ & $-0.0425174$ & $0.00305261$ & $-0.247596$ & $-0.189039$ & $-0.208296$ & $0.171403$ & $0.169779$ & $0.144529$ & $0.0991234$ & $-0.187221$ & $-0.187795$ & $-0.0618692$ & $0.131759$ & $-0.0126933$ & $0.150114$ & $1$ & $0.320068$ & $-0.238111$ & $0.764967$ & $0.125895$ & $0.107215$ & $-0.0550441$ & $-0.226677$ & $-0.196794$ & $0.012471$ & $0.166625$ & $-0.0590936$ & $-0.108448$ & $0.266335$ & $0.0534845$ & $-0.0308425$ & $-0.172429$ & $-0.0525818$ & $0.188158$ & $-0.0244552$ \\
CuH_22r & $-0.127064$ & $0.144855$ & $0.0688519$ & $-0.21655$ & $-0.0223449$ & $-0.0485631$ & $-0.0855654$ & $0.0566446$ & $0.0679999$ & $-0.0728154$ & $-0.0370471$ & $0.0878354$ & $0.182183$ & $-0.0945147$ & $-0.0885991$ & $-0.0540327$ & $-0.0801044$ & $-0.0337684$ & $-0.0391247$ & $0.0656951$ & $0.0902404$ & $0.0489217$ & $0.0710332$ & $-0.131511$ & $-0.0107851$ & $-0.0462514$ & $0.112221$ & $0.00952901$ & $0.0370488$ & $0.320068$ & $1$ & $0.00101063$ & $0.344056$ & $0.0813584$ & $-0.170732$ & $0.0888382$ & $-0.0764106$ & $0.103005$ & $-0.0598326$ & $-0.0526944$ & $0.00905867$ & $0.108053$ & $0.0200765$ & $0.22401$ & $-0.0439926$ & $0.0589972$ & $0.321804$ & $-0.0445093$ & $-0.0270826$ \\
CuH_33r & $0.232602$ & $0.289597$ & $-0.018779$ & $0.176378$ & $0.261209$ & $-0.0545871$ & $0.959466$ & $-0.330968$ & $-0.309799$ & $0.233693$ & $0.297163$ & $0.13832$ & $-0.555935$ & $0.101561$ & $-0.00538683$ & $-0.00639002$ & $0.261772$ & $0.221177$ & $0.179538$ & $-0.295158$ & $-0.294699$ & $-0.369841$ & $-0.316167$ & $0.10636$ & $0.134722$ & $0.239567$ & $-0.302671$ & $-0.254817$ & $-0.187758$ & $-0.238111$ & $0.00101063$ & $1$ & $-0.153277$ & $-0.167298$ & $-0.514449$ & $-0.32409$ & $0.121794$ & $0.443507$ & $-0.320791$ & $-0.568012$ & $0.0369963$ & $-0.0804902$ & $-0.376209$ & $0.133716$ & $0.29854$ & $0.500001$ & $0.141547$ & $-0.214019$ & $0.314513$ \\
CdH_33r & $-0.422903$ & $-0.10469$ & $-0.0167756$ & $-0.176989$ & $0.0629679$ & $-0.0642982$ & $-0.308112$ & $0.0975109$ & $0.128685$ & $-0.165046$ & $-0.0310335$ & $-0.0412109$ & $0.539985$ & $-0.159962$ & $-0.0447394$ & $0.0686887$ & $-0.177602$ & $-0.123568$ & $-0.197596$ & $0.0498221$ & $0.0301297$ & $0.00739222$ & $-0.0384678$ & $-0.10912$ & $-0.174939$ & $0.02211$ & $-0.0400872$ & $-0.114435$ & $0.142293$ & $0.764967$ & $0.344056$ & $-0.153277$ & $1$ & $0.0606792$ & $0.00595929$ & $-0.255754$ & $-0.194981$ & $-0.189841$ & $-0.191481$ & $0.027023$ & $-0.153833$ & $-0.324022$ & $0.264863$ & $0.0714983$ & $0.103069$ & $-0.138286$ & $-0.0710948$ & $0.27841$ & $0.291319$ \\
CLL_1221 & $-0.123556$ & $-0.0687717$ & $0.176983$ & $-0.0858078$ & $-0.209978$ & $-0.117515$ & $-0.183802$ & $0.660856$ & $0.659433$ & $-0.387603$ & $-0.554417$ & $-0.114676$ & $0.123754$ & $-0.23523$ & $-0.529224$ & $-0.252074$ & $-0.373136$ & $0.0889009$ & $-0.176848$ & $0.49784$ & $0.533437$ & $0.517316$ & $0.147477$ & $-0.515686$ & $-0.153391$ & $-0.137408$ & $0.59123$ & $0.17592$ & $0.042422$ & $0.125895$ & $0.0813584$ & $-0.167298$ & $0.0606792$ & $1$ & $0.115904$ & $0.0886546$ & $-0.368673$ & $0.0382415$ & $0.37002$ & $0.178617$ & $0.0433269$ & $0.15676$ & $0.153964$ & $0.22173$ & $-0.212305$ & $-0.166421$ & $0.0712245$ & $-0.208379$ & $-0.0863986$ \\
eHggint & $-0.0564838$ & $-0.533657$ & $-0.0804338$ & $0.0642022$ & $-0.268859$ & $0.10628$ & $-0.522045$ & $0.368151$ & $0.349974$ & $-0.181972$ & $-0.365335$ & $-0.0518983$ & $0.180162$ & $0.00199167$ & $0.11031$ & $0.0507645$ & $-0.204473$ & $-0.244662$ & $-0.202287$ & $0.327924$ & $0.279843$ & $0.382851$ & $0.223762$ & $-0.0485559$ & $-0.149886$ & $-0.252055$ & $0.224772$ & $0.282295$ & $0.138029$ & $0.107215$ & $-0.170732$ & $-0.514449$ & $0.00595929$ & $0.115904$ & $1$ & $0.157521$ & $-0.0650702$ & $-0.679259$ & $0.363442$ & $0.716736$ & $-0.0180115$ & $-0.0911498$ & $0.279278$ & $-0.465763$ & $-0.290374$ & $-0.556099$ & $-0.53243$ & $0.391269$ & $-0.368957$ \\
eHggpar & $0.130959$ & $0.0927809$ & $0.0849262$ & $-0.197725$ & $-0.297398$ & $0.0589029$ & $-0.321045$ & $0.180262$ & $0.155452$ & $-0.0531086$ & $-0.196955$ & $0.169008$ & $0.122991$ & $-0.0207496$ & $0.0169248$ & $-0.113846$ & $-0.0943213$ & $-0.1265$ & $0.0239348$ & $0.209924$ & $0.266982$ & $0.314243$ & $0.410593$ & $-0.0888439$ & $0.0313408$ & $-0.311485$ & $0.342693$ & $0.339652$ & $0.0305899$ & $-0.0550441$ & $0.0888382$ & $-0.32409$ & $-0.255754$ & $0.0886546$ & $0.157521$ & $1$ & $0.148772$ & $0.0288571$ & $0.494406$ & $0.313827$ & $0.0401469$ & $0.664214$ & $0.0232744$ & $0.126657$ & $-0.336678$ & $-0.155828$ & $0.426427$ & $-0.27076$ & $-0.425407$ \\
eHWWint & $0.37858$ & $0.37861$ & $-0.379938$ & $0.364071$ & $0.324405$ & $0.121989$ & $0.164519$ & $-0.362656$ & $-0.378549$ & $0.169136$ & $0.337433$ & $0.00702629$ & $-0.0426057$ & $0.10764$ & $0.255863$ & $0.186684$ & $0.218978$ & $0.0331334$ & $0.0502453$ & $-0.322148$ & $-0.370947$ & $-0.367931$ & $-0.280544$ & $0.225253$ & $-0.077105$ & $0.114794$ & $-0.566435$ & $-0.130642$ & $-0.110514$ & $-0.226677$ & $-0.0764106$ & $0.121794$ & $-0.194981$ & $-0.368673$ & $-0.0650702$ & $0.148772$ & $1$ & $0.0647454$ & $-0.343919$ & $-0.29056$ & $-0.0729208$ & $-0.132824$ & $-0.341476$ & $-0.420802$ & $0.32621$ & $0.35029$ & $-0.0544642$ & $0.0122481$ & $0.0957937$ \\
eHWWpar & $0.223479$ & $0.535301$ & $0.185366$ & $0.104141$ & $0.149503$ & $-0.0765786$ & $0.448262$ & $-0.214144$ & $-0.218131$ & $0.0809677$ & $0.231191$ & $0.128346$ & $-0.172795$ & $-0.0592826$ & $-0.190445$ & $-0.209842$ & $0.0919963$ & $0.184227$ & $0.19275$ & $-0.200095$ & $-0.114265$ & $-0.220457$ & $-0.113413$ & $-0.086397$ & $0.131024$ & $0.198945$ & $0.00817243$ & $-0.190383$ & $-0.199205$ & $-0.196794$ & $0.103005$ & $0.443507$ & $-0.189841$ & $0.0382415$ & $-0.679259$ & $0.0288571$ & $0.0647454$ & $1$ & $-0.0921115$ & $-0.700389$ & $0.145714$ & $0.26126$ & $-0.418654$ & $0.417149$ & $0.213083$ & $0.54625$ & $0.50135$ & $-0.576019$ & $0.226785$ \\
eHZZint & $-0.0708466$ & $-0.223324$ & $0.143422$ & $0.0895838$ & $-0.413008$ & $0.00321969$ & $-0.338588$ & $0.392449$ & $0.3815$ & $-0.166271$ & $-0.384948$ & $0.06783$ & $0.0936599$ & $-0.118368$ & $-0.178536$ & $-0.26052$ & $-0.17661$ & $-0.0873766$ & $0.0264557$ & $0.377936$ & $0.440217$ & $0.479388$ & $0.454904$ & $-0.16999$ & $0.0784377$ & $-0.227342$ & $0.662005$ & $0.318689$ & $0.0438544$ & $0.012471$ & $-0.0598326$ & $-0.320791$ & $-0.191481$ & $0.37002$ & $0.363442$ & $0.494406$ & $-0.343919$ & $-0.0921115$ & $1$ & $0.450648$ & $0.0369213$ & $0.476897$ & $0.291987$ & $0.0967863$ & $-0.478641$ & $-0.390428$ & $-0.0600026$ & $-0.32648$ & $-0.469049$ \\
eHZZpar & $-0.217199$ & $-0.54994$ & $0.0725246$ & $-0.235993$ & $-0.434943$ & $0.091802$ & $-0.584795$ & $0.435756$ & $0.42858$ & $-0.203869$ & $-0.436937$ & $-0.0143418$ & $0.178107$ & $-0.0407186$ & $0.0570075$ & $0.0177976$ & $-0.255825$ & $-0.250664$ & $-0.182503$ & $0.422475$ & $0.389296$ & $0.490223$ & $0.405529$ & $-0.0731175$ & $-0.0847902$ & $-0.326853$ & $0.423248$ & $0.389281$ & $0.199177$ & $0.166625$ & $-0.0526944$ & $-0.568012$ & $0.027023$ & $0.178617$ & $0.716736$ & $0.313827$ & $-0.29056$ & $-0.700389$ & $0.450648$ & $1$ & $-0.0316817$ & $0.134016$ & $0.441224$ & $-0.199933$ & $-0.419272$ & $-0.67953$ & $-0.27411$ & $0.265735$ & $-0.483259$ \\
eHZgaint & $0.449079$ & $0.140311$ & $0.41966$ & $-0.220564$ & $-0.192469$ & $0.0217208$ & $0.0358465$ & $-0.0232892$ & $-0.0545246$ & $0.0419931$ & $0.00128562$ & $0.178272$ & $-0.154502$ & $0.0289465$ & $-0.100158$ & $-0.111849$ & $0.0162637$ & $0.0713851$ & $0.0884517$ & $-0.0107925$ & $0.0567293$ & $0.0291864$ & $0.00864084$ & $-0.0168569$ & $0.104553$ & $0.00113588$ & $0.192545$ & $0.0352341$ & $-0.0380611$ & $-0.0590936$ & $0.00905867$ & $0.0369963$ & $-0.153833$ & $0.0433269$ & $-0.0180115$ & $0.0401469$ & $-0.0729208$ & $0.145714$ & $0.0369213$ & $-0.0316817$ & $1$ & $0.248396$ & $-0.649273$ & $0.0748755$ & $-0.28327$ & $0.254523$ & $0.1846$ & $0.127682$ & $-0.277586$ \\
eHZgapar & $0.347064$ & $0.0316149$ & $0.221154$ & $-0.207702$ & $-0.366433$ & $0.0195211$ & $-0.0785862$ & $0.14257$ & $0.121087$ & $-0.0173754$ & $-0.175881$ & $0.289224$ & $-0.146588$ & $-0.00875861$ & $-0.127622$ & $-0.302066$ & $-0.0410314$ & $0.0127389$ & $0.184128$ & $0.169344$ & $0.274614$ & $0.277903$ & $0.378204$ & $-0.0992585$ & $0.170732$ & $-0.167379$ & $0.504344$ & $0.272143$ & $-0.0684962$ & $-0.108448$ & $0.108053$ & $-0.0804902$ & $-0.324022$ & $0.15676$ & $-0.0911498$ & $0.664214$ & $-0.132824$ & $0.26126$ & $0.476897$ & $0.134016$ & $0.248396$ & $1$ & $-0.208875$ & $0.301804$ & $-0.384655$ & $0.0259131$ & $0.426048$ & $-0.470145$ & $-0.456568$ \\
eHgagaint & $-0.666016$ & $-0.402436$ & $-0.203912$ & $0.0147036$ & $-0.0705434$ & $-0.0271293$ & $-0.399403$ & $0.262968$ & $0.297722$ & $-0.16353$ & $-0.223258$ & $-0.169523$ & $0.36332$ & $-0.107748$ & $-0.030014$ & $0.0730282$ & $-0.191331$ & $-0.135151$ & $-0.184447$ & $0.235252$ & $0.185268$ & $0.252006$ & $0.211409$ & $-0.0632095$ & $-0.0858477$ & $-0.122891$ & $0.180977$ & $0.123997$ & $0.148304$ & $0.266335$ & $0.0200765$ & $-0.376209$ & $0.264863$ & $0.153964$ & $0.279278$ & $0.0232744$ & $-0.341476$ & $-0.418654$ & $0.291987$ & $0.441224$ & $-0.649273$ & $-0.208875$ & $1$ & $-0.0463112$ & $-0.0524737$ & $-0.596274$ & $-0.267842$ & $0.0665314$ & $-0.0491033$ \\
eHmumuint & $-0.22086$ & $0.250752$ & $0.39982$ & $-0.450216$ & $-0.0938563$ & $-0.174253$ & $0.119569$ & $0.0594247$ & $0.0682287$ & $-0.0393656$ & $-0.0301156$ & $0.0669539$ & $-0.0169442$ & $-0.0985061$ & $-0.233201$ & $-0.224831$ & $-0.0698401$ & $0.0765092$ & $0.0934658$ & $0.0543856$ & $0.162974$ & $0.107806$ & $0.151495$ & $-0.174923$ & $0.162512$ & $-0.0107836$ & $0.360978$ & $0.0240367$ & $0.0152594$ & $0.0534845$ & $0.22401$ & $0.133716$ & $0.0714983$ & $0.22173$ & $-0.465763$ & $0.126657$ & $-0.420802$ & $0.417149$ & $0.0967863$ & $-0.199933$ & $0.0748755$ & $0.301804$ & $-0.0463112$ & $1$ & $-0.113832$ & $0.00923635$ & $0.63215$ & $-0.350861$ & $0.262393$ \\
eHtautauint & $-0.0210078$ & $0.214094$ & $-0.280701$ & $0.333153$ & $0.382065$ & $-0.0682848$ & $0.308696$ & $-0.280618$ & $-0.264571$ & $0.0769204$ & $0.293595$ & $-0.0651109$ & $-0.0745191$ & $0.0139631$ & $0.0851366$ & $0.109615$ & $0.125651$ & $0.0796163$ & $0.0105915$ & $-0.268575$ & $-0.329454$ & $-0.331768$ & $-0.312496$ & $0.0912043$ & $-0.0592033$ & $0.196424$ & $-0.463056$ & $-0.269837$ & $-0.0755514$ & $-0.0308425$ & $-0.0439926$ & $0.29854$ & $0.103069$ & $-0.212305$ & $-0.290374$ & $-0.336678$ & $0.32621$ & $0.213083$ & $-0.478641$ & $-0.419272$ & $-0.28327$ & $-0.384655$ & $-0.0524737$ & $-0.113832$ & $1$ & $0.23752$ & $-0.146405$ & $-0.0451441$ & $0.435845$ \\
eHccint & $0.50794$ & $0.409519$ & $-0.00791682$ & $0.082383$ & $0.259164$ & $-0.011836$ & $0.508264$ & $-0.350833$ & $-0.355799$ & $0.198646$ & $0.324178$ & $0.151131$ & $-0.252556$ & $0.087435$ & $-0.0663211$ & $-0.0366918$ & $0.214954$ & $0.222739$ & $0.193515$ & $-0.319393$ & $-0.279373$ & $-0.38287$ & $-0.293758$ & $0.0479408$ & $0.0702788$ & $0.205078$ & $-0.321028$ & $-0.264828$ & $-0.182007$ & $-0.172429$ & $0.0589972$ & $0.500001$ & $-0.138286$ & $-0.166421$ & $-0.556099$ & $-0.155828$ & $0.35029$ & $0.54625$ & $-0.390428$ & $-0.67953$ & $0.254523$ & $0.0259131$ & $-0.596274$ & $0.00923635$ & $0.23752$ & $1$ & $0.250238$ & $-0.209122$ & $0.134815$ \\
eHccpar & $-0.0167443$ & $0.493445$ & $0.371272$ & $-0.560081$ & $-0.0831649$ & $-0.0880728$ & $0.138239$ & $-0.0762887$ & $-0.0817479$ & $0.0578791$ & $0.0743207$ & $0.178646$ & $-0.0327829$ & $-0.041504$ & $-0.138427$ & $-0.122948$ & $0.0200088$ & $0.0847633$ & $0.0942124$ & $-0.0450754$ & $0.0435676$ & $0.0130727$ & $0.118288$ & $-0.109807$ & $0.16572$ & $-0.0677519$ & $0.196861$ & $0.0536829$ & $-0.0660609$ & $-0.0525818$ & $0.321804$ & $0.141547$ & $-0.0710948$ & $0.0712245$ & $-0.53243$ & $0.426427$ & $-0.0544642$ & $0.50135$ & $-0.0600026$ & $-0.27411$ & $0.1846$ & $0.426048$ & $-0.267842$ & $0.63215$ & $-0.146405$ & $0.250238$ & $1$ & $-0.313078$ & $0.0773783$ \\
eHbbint & $-0.192797$ & $-0.213173$ & $0.02109$ & $-0.284388$ & $-0.0119767$ & $0.0666775$ & $-0.216823$ & $-0.0141151$ & $-0.0145433$ & $0.000884643$ & $0.00619695$ & $-0.168124$ & $0.166272$ & $0.0776584$ & $0.247095$ & $0.261205$ & $-0.0222932$ & $-0.144032$ & $-0.177697$ & $-0.0237608$ & $-0.109233$ & $-0.0605007$ & $-0.145115$ & $0.119169$ & $-0.149881$ & $-0.0511206$ & $-0.308278$ & $-0.0307134$ & $0.140432$ & $0.188158$ & $-0.0445093$ & $-0.214019$ & $0.27841$ & $-0.208379$ & $0.391269$ & $-0.27076$ & $0.0122481$ & $-0.576019$ & $-0.32648$ & $0.265735$ & $0.127682$ & $-0.470145$ & $0.0665314$ & $-0.350861$ & $-0.0451441$ & $-0.209122$ & $-0.313078$ & $1$ & $-0.00774481$ \\
eHbbpar & $-0.237058$ & $0.284674$ & $0.0159117$ & $0.0643149$ & $0.366828$ & $-0.0955456$ & $0.320038$ & $-0.196146$ & $-0.17786$ & $0.0465583$ & $0.236993$ & $-0.21615$ & $0.0179838$ & $-0.0164202$ & $0.00686113$ & $0.126221$ & $0.0570408$ & $0.0585417$ & $-0.0488923$ & $-0.220913$ & $-0.26646$ & $-0.299513$ & $-0.296069$ & $0.0294814$ & $-0.0695961$ & $0.209759$ & $-0.352962$ & $-0.279154$ & $-0.0120798$ & $-0.0244552$ & $-0.0270826$ & $0.314513$ & $0.291319$ & $-0.0863986$ & $-0.368957$ & $-0.425407$ & $0.0957937$ & $0.226785$ & $-0.469049$ & $-0.483259$ & $-0.277586$ & $-0.456568$ & $-0.0491033$ & $0.262393$ & $0.435845$ & $0.134815$ & $0.0773783$ & $-0.00774481$ & $1$ \\
