 & AlsMz & dAle5Mz & mtop & mHl & Mz & CW & CHG & CHWB & CHWHB_gaga & CHWHB_gagaorth & CHD & CHbox & CH & CHL1_11 & CHL1_22 & CHL1_33 & CHL3_11 & CHL3_22 & CHL3_33 & CHe_11 & CHe_22 & CHe_33 & CHQ1_11 & CHQ1_33 & CHQ3_11 & CHu_11 & CHd_11 & CHd_33 & CeH_22r & CeH_33r & CuH_22r & CuH_33r & CdH_33r & CLL_1221 & eHggint & eHggpar & eHWWint & eHWWpar & eHZZint & eHZZpar & eHZgaint & eHZgapar & eHgagaint & eHmumuint & eHtautauint & eHccint & eHccpar & eHbbint & eHbbpar \\
AlsMz & $1$ & $0.233181$ & $0.110961$ & $0.109513$ & $-0.045743$ & $0.071808$ & $0.0724528$ & $0.00290843$ & $0.00481222$ & $-0.0275962$ & $0.00761234$ & $-0.0317917$ & $-0.00957016$ & $-0.0155774$ & $-0.0372058$ & $-0.00158924$ & $-0.0421116$ & $-0.00415771$ & $-0.0367723$ & $-0.0120212$ & $-0.00568496$ & $-0.0126724$ & $-0.00201088$ & $-0.0524055$ & $-0.0938883$ & $-0.00968074$ & $-0.0162947$ & $0.0262791$ & $0.0125159$ & $0.0120082$ & $0.0213495$ & $0.0795208$ & $-0.00515143$ & $0.0343621$ & $0.0707896$ & $0.355807$ & $-0.192182$ & $-0.0586345$ & $0.284003$ & $-0.116044$ & $0.175471$ & $-0.069545$ & $0.0339562$ & $0.280745$ & $-0.0304976$ & $-0.17309$ & $0.108234$ & $-0.158185$ & $0.0254488$ \\
dAle5Mz & $0.233181$ & $1$ & $0.540715$ & $0.0525549$ & $0.0844106$ & $0.0425031$ & $0.0524234$ & $-0.0310948$ & $-0.0232684$ & $0.0306229$ & $0.0316539$ & $0.0283583$ & $-0.0285804$ & $-0.0196376$ & $-0.0303927$ & $-0.0209514$ & $-0.00285113$ & $0.00869424$ & $-0.0017287$ & $-0.021355$ & $-0.013787$ & $-0.0139754$ & $-0.0078607$ & $0.00229918$ & $-0.00803651$ & $0.00939868$ & $0.0168676$ & $0.0256003$ & $-0.0119162$ & $0.0357558$ & $0.0702753$ & $0.0507717$ & $0.0505408$ & $0.0341628$ & $-0.0445899$ & $0.100101$ & $-0.413759$ & $0.0603709$ & $-0.191111$ & $-0.0355477$ & $0.0889782$ & $0.018634$ & $-0.0353316$ & $-0.243933$ & $-0.0332176$ & $-0.231239$ & $0.326008$ & $0.270882$ & $-0.0365258$ \\
mtop & $0.110961$ & $0.540715$ & $1$ & $0.0106708$ & $0.0592663$ & $0.0567534$ & $-0.00375459$ & $-0.0349116$ & $-0.0289202$ & $-0.00559206$ & $0.0430749$ & $0.00887343$ & $-0.0255537$ & $-0.0234719$ & $0.0327337$ & $0.0390786$ & $-0.0233216$ & $-0.0368131$ & $-0.04756$ & $-0.0289411$ & $-0.0379324$ & $-0.0401983$ & $-0.00805146$ & $0.0181079$ & $-0.0659947$ & $0.00918455$ & $-0.0854232$ & $0.0132492$ & $0.0128734$ & $0.0499542$ & $0.0421436$ & $-0.0188613$ & $0.0755044$ & $-0.0400645$ & $-0.295977$ & $-0.126833$ & $-0.12895$ & $-0.00708168$ & $-0.288604$ & $-0.0541311$ & $0.136165$ & $0.0379381$ & $-0.0620211$ & $0.0406534$ & $0.315657$ & $-0.0340354$ & $0.0420236$ & $0.0629819$ & $0.243181$ \\
mHl & $0.109513$ & $0.0525549$ & $0.0106708$ & $1$ & $0.0300725$ & $-0.0141054$ & $0.0350319$ & $0.000287749$ & $0.00410858$ & $-0.0194768$ & $0.0015425$ & $-0.0100707$ & $-0.0236666$ & $-0.00610176$ & $0.00241855$ & $0.0106491$ & $-0.00182484$ & $-0.00287479$ & $-0.00351161$ & $0.00121861$ & $-0.00191883$ & $0.00423799$ & $0.0695788$ & $-0.0104481$ & $0.00619422$ & $-0.0351652$ & $0.0184248$ & $-0.00294717$ & $-0.0123115$ & $-0.0242251$ & $-0.00632535$ & $0.0503941$ & $-0.00341251$ & $0.00281073$ & $0.0731576$ & $0.317252$ & $-0.0107209$ & $-0.0118683$ & $-0.282315$ & $-0.0727166$ & $0.108312$ & $-0.0526387$ & $0.166835$ & $-0.072568$ & $-0.159093$ & $0.139097$ & $-0.0357022$ & $-0.04991$ & $0.0068509$ \\
Mz & $-0.045743$ & $0.0844106$ & $0.0592663$ & $0.0300725$ & $1$ & $-0.0236864$ & $-0.0128284$ & $-0.00648455$ & $0.000751065$ & $0.0294008$ & $0.0189404$ & $0.0200485$ & $-0.00415724$ & $-0.0149618$ & $-0.0127578$ & $-0.00809648$ & $0.00863962$ & $-0.000242073$ & $-0.000584214$ & $-0.0161126$ & $-0.0063847$ & $-0.00366576$ & $0.00394462$ & $-0.0113117$ & $0.00519096$ & $-0.0106861$ & $0.00928969$ & $0.000761468$ & $0.0187379$ & $-0.0284884$ & $0.00526424$ & $-0.026034$ & $-0.0208611$ & $0.0169009$ & $-0.018762$ & $-0.0417143$ & $-0.00450429$ & $0.000429694$ & $-0.0350726$ & $0.00361532$ & $-0.0375373$ & $0.0352738$ & $-0.00275464$ & $-0.0544245$ & $-0.0286001$ & $-0.0272364$ & $-0.0266413$ & $0.00855686$ & $0.0149694$ \\
CW & $0.071808$ & $0.0425031$ & $0.0567534$ & $-0.0141054$ & $-0.0236864$ & $1$ & $-0.0123268$ & $-0.122966$ & $-0.120971$ & $0.00788649$ & $0.171751$ & $0.0622111$ & $0.0018073$ & $0.0340422$ & $-0.0860855$ & $-0.0894947$ & $-0.237361$ & $-0.026963$ & $-0.0219724$ & $-0.167744$ & $-0.172011$ & $-0.171328$ & $-0.0199458$ & $0.00891223$ & $-0.0702509$ & $0.11694$ & $-0.0624176$ & $-0.0949549$ & $0.0290251$ & $0.0398291$ & $0.0361097$ & $-0.000118594$ & $0.0428864$ & $-0.111469$ & $0.0207762$ & $0.00982032$ & $-0.0157399$ & $0.00448241$ & $0.0284284$ & $-0.000999902$ & $0.00884992$ & $-0.0542078$ & $0.00163901$ & $0.0360886$ & $3.1784e-05$ & $-0.0332307$ & $0.0403387$ & $-0.0176063$ & $0.041452$ \\
CHG & $0.0724528$ & $0.0524234$ & $-0.00375459$ & $0.0350319$ & $-0.0128284$ & $-0.0123268$ & $1$ & $-0.0730466$ & $-0.0217408$ & $0.0581901$ & $0.0180669$ & $-0.154068$ & $-0.246476$ & $0.0719202$ & $0.0210732$ & $0.0246188$ & $0.10425$ & $0.090813$ & $0.0828463$ & $-0.0118181$ & $-0.0260207$ & $-0.0195776$ & $-0.00175653$ & $0.120361$ & $0.0827484$ & $0.00167095$ & $-0.0567034$ & $0.00643176$ & $0.00110958$ & $-0.121519$ & $-0.0612161$ & $0.94108$ & $-0.173548$ & $-0.0729892$ & $-0.0782104$ & $0.00350219$ & $-0.0791867$ & $0.0461979$ & $0.0151821$ & $-0.0375298$ & $0.0152999$ & $0.0311237$ & $0.00797501$ & $-0.0194441$ & $0.0064656$ & $-0.0537743$ & $0.0614349$ & $0.0169349$ & $0.00862026$ \\
CHWB & $0.00290843$ & $-0.0310948$ & $-0.0349116$ & $0.000287749$ & $-0.00648455$ & $-0.122966$ & $-0.0730466$ & $1$ & $0.984541$ & $-0.585775$ & $-0.88005$ & $-0.0887299$ & $0.3729$ & $0.104428$ & $0.299176$ & $0.271155$ & $-0.246326$ & $-0.450596$ & $-0.425285$ & $0.850141$ & $0.900301$ & $0.883202$ & $0.0493331$ & $-0.678279$ & $-0.408198$ & $-0.506105$ & $0.418987$ & $0.276467$ & $0.0245037$ & $0.139483$ & $0.101254$ & $-0.0576891$ & $0.143924$ & $0.559506$ & $0.013239$ & $-0.00965858$ & $0.0528445$ & $0.0430059$ & $0.00777051$ & $-0.00958406$ & $-0.0124858$ & $0.0282762$ & $0.0272289$ & $0.00499132$ & $-0.00889534$ & $0.0296341$ & $0.0235896$ & $0.00698443$ & $-0.0494218$ \\
CHWHB_gaga & $0.00481222$ & $-0.0232684$ & $-0.0289202$ & $0.00410858$ & $0.000751065$ & $-0.120971$ & $-0.0217408$ & $0.984541$ & $1$ & $-0.579002$ & $-0.863571$ & $-0.0677382$ & $0.371498$ & $0.0948702$ & $0.300481$ & $0.275528$ & $-0.249668$ & $-0.452696$ & $-0.429693$ & $0.836106$ & $0.882661$ & $0.865845$ & $0.0484925$ & $-0.668806$ & $-0.410939$ & $-0.500745$ & $0.405195$ & $0.268039$ & $0.0290102$ & $0.160189$ & $0.109667$ & $-0.0144178$ & $0.169951$ & $0.546161$ & $0.00522371$ & $-0.0177682$ & $0.0489101$ & $0.0442296$ & $0.00022586$ & $-0.0106347$ & $-0.011242$ & $0.0305715$ & $0.054912$ & $0.00279398$ & $-0.00520304$ & $0.0326536$ & $0.0282588$ & $0.00872305$ & $-0.0442094$ \\
CHWHB_gagaorth & $-0.0275962$ & $0.0306229$ & $-0.00559206$ & $-0.0194768$ & $0.0294008$ & $0.00788649$ & $0.0581901$ & $-0.585775$ & $-0.579002$ & $1$ & $0.386319$ & $0.441493$ & $-0.275327$ & $0.187439$ & $-0.111883$ & $-0.113962$ & $0.411949$ & $0.46863$ & $0.461051$ & $-0.371209$ & $-0.405884$ & $-0.400667$ & $-0.0278815$ & $0.55005$ & $0.454972$ & $0.211868$ & $-0.256612$ & $-0.104209$ & $-0.00431219$ & $-0.151173$ & $-0.0710246$ & $0.0672381$ & $-0.164632$ & $-0.368121$ & $0.0127615$ & $0.0154791$ & $-0.0640609$ & $0.0118987$ & $0.0190067$ & $-0.0243956$ & $0.0015355$ & $-0.02218$ & $-0.0497829$ & $-0.0204101$ & $-0.0443864$ & $-0.0343862$ & $0.00188541$ & $0.0170623$ & $0.0355738$ \\
CHD & $0.00761234$ & $0.0316539$ & $0.0430749$ & $0.0015425$ & $0.0189404$ & $0.171751$ & $0.0180669$ & $-0.88005$ & $-0.863571$ & $0.386319$ & $1$ & $0.207323$ & $-0.193602$ & $-0.515146$ & $-0.4464$ & $-0.402212$ & $-0.205891$ & $0.0907424$ & $0.0604805$ & $-0.990443$ & $-0.991139$ & $-0.970037$ & $-0.00640177$ & $0.313036$ & $0.0329825$ & $0.57497$ & $-0.269938$ & $-0.33387$ & $-0.0208195$ & $-0.0823611$ & $-0.070673$ & $0.0144167$ & $-0.0763559$ & $-0.341124$ & $-0.00887934$ & $0.0282024$ & $-0.0400694$ & $-0.0413793$ & $-0.032659$ & $0.0130948$ & $0.0126066$ & $-0.0216492$ & $0.00124845$ & $-0.0126567$ & $0.0296009$ & $-0.0225136$ & $-0.00931831$ & $-0.0138085$ & $0.0375099$ \\
CHbox & $-0.0317917$ & $0.0283583$ & $0.00887343$ & $-0.0100707$ & $0.0200485$ & $0.0622111$ & $-0.154068$ & $-0.0887299$ & $-0.0677382$ & $0.441493$ & $0.207323$ & $1$ & $0.470048$ & $-0.279628$ & $-0.0118732$ & $-0.0271011$ & $-0.242981$ & $-0.214793$ & $-0.201009$ & $-0.190139$ & $-0.208067$ & $-0.205632$ & $-0.00291152$ & $-0.0850364$ & $-0.202905$ & $0.112205$ & $-0.0779514$ & $-0.094308$ & $0.0483399$ & $0.313511$ & $0.0934172$ & $-0.0718405$ & $0.40248$ & $-0.0649584$ & $0.052362$ & $0.0195735$ & $-0.0552505$ & $0.0180603$ & $-0.0262405$ & $-0.0173371$ & $0.0357818$ & $-0.0201741$ & $-0.0257664$ & $-0.055229$ & $-0.0164291$ & $-0.000881404$ & $0.0427257$ & $0.00673558$ & $0.0103344$ \\
CH & $-0.00957016$ & $-0.0285804$ & $-0.0255537$ & $-0.0236666$ & $-0.00415724$ & $0.0018073$ & $-0.246476$ & $0.3729$ & $0.371498$ & $-0.275327$ & $-0.193602$ & $0.470048$ & $1$ & $-0.238712$ & $0.0734238$ & $0.0534629$ & $-0.357293$ & $-0.39886$ & $-0.378551$ & $0.188422$ & $0.208235$ & $0.197942$ & $0.030629$ & $-0.40989$ & $-0.37293$ & $-0.114826$ & $0.164595$ & $0.0471373$ & $0.0652257$ & $0.308509$ & $0.12349$ & $-0.193276$ & $0.386934$ & $0.236643$ & $0.0350039$ & $-0.00295271$ & $0.0212805$ & $-0.0106892$ & $-0.00794317$ & $-0.00751904$ & $0.016143$ & $0.0105908$ & $0.0144857$ & $-0.0121402$ & $0.00629544$ & $-0.010107$ & $-0.0147363$ & $-0.0267356$ & $-0.019246$ \\
CHL1_11 & $-0.0155774$ & $-0.0196376$ & $-0.0234719$ & $-0.00610176$ & $-0.0149618$ & $0.0340422$ & $0.0719202$ & $0.104428$ & $0.0948702$ & $0.187439$ & $-0.515146$ & $-0.279628$ & $-0.238712$ & $1$ & $0.320475$ & $0.275914$ & $0.640302$ & $0.574465$ & $0.593843$ & $0.534908$ & $0.471809$ & $0.454447$ & $-0.0547626$ & $0.459696$ & $0.577971$ & $-0.302986$ & $-0.135905$ & $0.197182$ & $0.00856059$ & $-0.0633228$ & $-0.0254847$ & $0.057546$ & $-0.0856915$ & $-0.258482$ & $0.00638578$ & $-0.0586211$ & $-0.000544645$ & $0.0194838$ & $0.0384496$ & $-0.0251572$ & $-0.0304656$ & $-0.0145972$ & $-0.0395587$ & $0.0282086$ & $-0.0282745$ & $-0.0177019$ & $-0.0312092$ & $0.0154592$ & $0.00646948$ \\
CHL1_22 & $-0.0372058$ & $-0.0303927$ & $0.0327337$ & $0.00241855$ & $-0.0127578$ & $-0.0860855$ & $0.0210732$ & $0.299176$ & $0.300481$ & $-0.111883$ & $-0.4464$ & $-0.0118732$ & $0.0734238$ & $0.320475$ & $1$ & $0.436922$ & $0.213445$ & $-0.417269$ & $0.0219368$ & $0.510607$ & $0.362888$ & $0.355675$ & $-0.150296$ & $0.131846$ & $-0.0875333$ & $-0.242142$ & $-0.384629$ & $0.13109$ & $0.0260991$ & $0.0671136$ & $0.019697$ & $0.0256436$ & $0.056659$ & $-0.593406$ & $-0.0420752$ & $-0.024857$ & $-0.000164664$ & $0.0175632$ & $0.0493824$ & $0.0227844$ & $0.0394365$ & $-0.00788876$ & $-0.041826$ & $-0.0195633$ & $0.0273515$ & $0.0285248$ & $-0.0229126$ & $0.00824213$ & $0.0182809$ \\
CHL1_33 & $-0.00158924$ & $-0.0209514$ & $0.0390786$ & $0.0106491$ & $-0.00809648$ & $-0.0894947$ & $0.0246188$ & $0.271155$ & $0.275528$ & $-0.113962$ & $-0.402212$ & $-0.0271011$ & $0.0534629$ & $0.275914$ & $0.436922$ & $1$ & $0.18494$ & $-0.00392635$ & $-0.415213$ & $0.466252$ & $0.320865$ & $0.342377$ & $-0.151196$ & $0.12155$ & $-0.110345$ & $-0.21439$ & $-0.394986$ & $0.114653$ & $0.0147096$ & $0.0344662$ & $0.0215716$ & $0.0228496$ & $0.0472477$ & $-0.111652$ & $-0.0520369$ & $-0.0631063$ & $-0.000356064$ & $-0.00175694$ & $0.0117242$ & $0.00124944$ & $-0.00304139$ & $-0.00836237$ & $0.0122765$ & $0.0389743$ & $0.00308153$ & $0.0157704$ & $-0.0368018$ & $-0.012868$ & $0.0534183$ \\
CHL3_11 & $-0.0421116$ & $-0.00285113$ & $-0.0233216$ & $-0.00182484$ & $0.00863962$ & $-0.237361$ & $0.10425$ & $-0.246326$ & $-0.249668$ & $0.411949$ & $-0.205891$ & $-0.242981$ & $-0.357293$ & $0.640302$ & $0.213445$ & $0.18494$ & $1$ & $0.720444$ & $0.729373$ & $0.231437$ & $0.16703$ & $0.161609$ & $-0.0575431$ & $0.688663$ & $0.768763$ & $-0.119737$ & $-0.195395$ & $0.110362$ & $-0.020513$ & $-0.126293$ & $-0.0639317$ & $0.075349$ & $-0.148987$ & $-0.296743$ & $-0.0115615$ & $-0.0244136$ & $-0.0203022$ & $-0.00710463$ & $0.0443506$ & $0.00610692$ & $0.00971763$ & $0.00169635$ & $-0.0606545$ & $-7.52132e-05$ & $-0.0523418$ & $-0.00520947$ & $-0.0211847$ & $0.00933047$ & $0.0122901$ \\
CHL3_22 & $-0.00415771$ & $0.00869424$ & $-0.0368131$ & $-0.00287479$ & $-0.000242073$ & $-0.026963$ & $0.090813$ & $-0.450596$ & $-0.452696$ & $0.46863$ & $0.0907424$ & $-0.214793$ & $-0.39886$ & $0.574465$ & $-0.417269$ & $-0.00392635$ & $0.720444$ & $1$ & $0.660586$ & $-0.0899349$ & $-0.0907792$ & $-0.0905904$ & $0.0173645$ & $0.626944$ & $0.780784$ & $0.0399124$ & $-0.045201$ & $0.0138662$ & $-0.0239891$ & $-0.1569$ & $-0.0767418$ & $0.0644737$ & $-0.168996$ & $-0.00827255$ & $0.0152247$ & $-0.0270129$ & $-0.0204779$ & $-0.0178583$ & $0.00863252$ & $-0.023403$ & $-0.0313041$ & $-0.00534525$ & $-0.0225628$ & $0.031896$ & $-0.0543166$ & $-0.0322924$ & $-0.0206357$ & $0.006964$ & $0.0168611$ \\
CHL3_33 & $-0.0367723$ & $-0.0017287$ & $-0.04756$ & $-0.00351161$ & $-0.000584214$ & $-0.0219724$ & $0.0828463$ & $-0.425285$ & $-0.429693$ & $0.461051$ & $0.0604805$ & $-0.201009$ & $-0.378551$ & $0.593843$ & $0.0219368$ & $-0.415213$ & $0.729373$ & $0.660586$ & $1$ & $-0.0595221$ & $-0.0608376$ & $-0.060968$ & $0.0216264$ & $0.626937$ & $0.788153$ & $0.0194686$ & $-0.0321488$ & $0.0228541$ & $-0.0200392$ & $-0.131892$ & $-0.0760973$ & $0.0613674$ & $-0.158115$ & $-0.383266$ & $0.0270064$ & $0.00156909$ & $-0.0173051$ & $-0.0051255$ & $0.0314417$ & $-0.00592323$ & $-0.00186202$ & $-0.00850847$ & $-0.0566668$ & $-0.0154479$ & $-0.0364172$ & $-0.021991$ & $-0.00851931$ & $0.0187192$ & $-0.00785384$ \\
CHe_11 & $-0.0120212$ & $-0.021355$ & $-0.0289411$ & $0.00121861$ & $-0.0161126$ & $-0.167744$ & $-0.0118181$ & $0.850141$ & $0.836106$ & $-0.371209$ & $-0.990443$ & $-0.190139$ & $0.188422$ & $0.534908$ & $0.510607$ & $0.466252$ & $0.231437$ & $-0.0899349$ & $-0.0595221$ & $1$ & $0.972287$ & $0.952489$ & $-0.0142713$ & $-0.257252$ & $-0.0232211$ & $-0.569283$ & $0.196138$ & $0.329112$ & $0.0223695$ & $0.086026$ & $0.0687037$ & $-0.00758096$ & $0.0812364$ & $0.261528$ & $0.000758482$ & $-0.0320824$ & $0.0335224$ & $0.0400383$ & $0.0310146$ & $-0.0120382$ & $-0.00886272$ & $0.0191795$ & $-0.000976064$ & $0.00938381$ & $-0.026775$ & $0.0234635$ & $0.00927624$ & $0.0192156$ & $-0.0283794$ \\
CHe_22 & $-0.00568496$ & $-0.013787$ & $-0.0379324$ & $-0.00191883$ & $-0.0063847$ & $-0.172011$ & $-0.0260207$ & $0.900301$ & $0.882661$ & $-0.405884$ & $-0.991139$ & $-0.208067$ & $0.208235$ & $0.471809$ & $0.362888$ & $0.320865$ & $0.16703$ & $-0.0907792$ & $-0.0608376$ & $0.972287$ & $1$ & $0.974994$ & $0.0294704$ & $-0.372247$ & $-0.0447752$ & $-0.572415$ & $0.351129$ & $0.333122$ & $0.0174864$ & $0.0848038$ & $0.07671$ & $-0.0217375$ & $0.0793916$ & $0.428909$ & $0.0144792$ & $-0.0219954$ & $0.0384252$ & $0.0439553$ & $0.0218655$ & $-0.0140053$ & $-0.01492$ & $0.0233873$ & $0.00303249$ & $0.00499237$ & $-0.0299373$ & $0.0183886$ & $0.0194757$ & $0.0193809$ & $-0.0448358$ \\
CHe_33 & $-0.0126724$ & $-0.0139754$ & $-0.0401983$ & $0.00423799$ & $-0.00366576$ & $-0.171328$ & $-0.0195776$ & $0.883202$ & $0.865845$ & $-0.400667$ & $-0.970037$ & $-0.205632$ & $0.197942$ & $0.454447$ & $0.355675$ & $0.342377$ & $0.161609$ & $-0.0905904$ & $-0.060968$ & $0.952489$ & $0.974994$ & $1$ & $0.0350637$ & $-0.36531$ & $-0.0464974$ & $-0.563511$ & $0.343903$ & $0.325059$ & $0.0169806$ & $0.0765313$ & $0.071932$ & $-0.0168819$ & $0.0745536$ & $0.424966$ & $0.0142033$ & $-0.0249264$ & $0.0413041$ & $0.0397107$ & $0.0153402$ & $-0.0177561$ & $-0.0128994$ & $0.0241098$ & $0.00990852$ & $0.00792725$ & $-0.0312976$ & $0.0185156$ & $0.021822$ & $0.0202328$ & $-0.0440902$ \\
CHQ1_11 & $-0.00201088$ & $-0.0078607$ & $-0.00805146$ & $0.0695788$ & $0.00394462$ & $-0.0199458$ & $-0.00175653$ & $0.0493331$ & $0.0484925$ & $-0.0278815$ & $-0.00640177$ & $-0.00291152$ & $0.030629$ & $-0.0547626$ & $-0.150296$ & $-0.151196$ & $-0.0575431$ & $0.0173645$ & $0.0216264$ & $-0.0142713$ & $0.0294704$ & $0.0350637$ & $1$ & $-0.0870179$ & $0.0989687$ & $-0.65762$ & $0.331085$ & $0.00555881$ & $0.015047$ & $0.00907024$ & $-0.012924$ & $0.00580187$ & $0.0150652$ & $0.167855$ & $-0.0047527$ & $0.0239696$ & $-0.000378991$ & $0.0352446$ & $-0.0342614$ & $-0.0440851$ & $-0.0264504$ & $-0.0171208$ & $0.00493955$ & $-0.0438526$ & $-0.0269971$ & $-0.00325098$ & $-0.0279873$ & $0.00124286$ & $0.0133866$ \\
CHQ1_33 & $-0.0524055$ & $0.00229918$ & $0.0181079$ & $-0.0104481$ & $-0.0113117$ & $0.00891223$ & $0.120361$ & $-0.678279$ & $-0.668806$ & $0.55005$ & $0.313036$ & $-0.0850364$ & $-0.40989$ & $0.459696$ & $0.131846$ & $0.12155$ & $0.688663$ & $0.626944$ & $0.626937$ & $-0.257252$ & $-0.372247$ & $-0.36531$ & $-0.0870179$ & $1$ & $0.652697$ & $0.16896$ & $-0.430311$ & $0.0160915$ & $-0.0143599$ & $-0.134534$ & $-0.0896295$ & $0.0945624$ & $-0.149049$ & $-0.654483$ & $-0.0549445$ & $-0.0348694$ & $-0.0485634$ & $-0.0134422$ & $0.0364991$ & $0.0161568$ & $-0.0189027$ & $-0.0113794$ & $-0.0789005$ & $-0.00506853$ & $-0.0238342$ & $-0.0280238$ & $-0.0299362$ & $0.00212113$ & $0.0358716$ \\
CHQ3_11 & $-0.0938883$ & $-0.00803651$ & $-0.0659947$ & $0.00619422$ & $0.00519096$ & $-0.0702509$ & $0.0827484$ & $-0.408198$ & $-0.410939$ & $0.454972$ & $0.0329825$ & $-0.202905$ & $-0.37293$ & $0.577971$ & $-0.0875333$ & $-0.110345$ & $0.768763$ & $0.780784$ & $0.788153$ & $-0.0232211$ & $-0.0447752$ & $-0.0464974$ & $0.0989687$ & $0.652697$ & $1$ & $0.00855094$ & $0.18567$ & $0.0378029$ & $-0.024115$ & $-0.135851$ & $-0.0817421$ & $0.0556589$ & $-0.155583$ & $-0.245285$ & $0.0156398$ & $-0.0352607$ & $-0.0270026$ & $-0.00979906$ & $0.00244316$ & $0.00679154$ & $-0.0174822$ & $-0.00814671$ & $-0.0566097$ & $-0.041722$ & $-0.0604812$ & $-0.0100648$ & $-0.0301866$ & $0.020238$ & $0.0137952$ \\
CHu_11 & $-0.00968074$ & $0.00939868$ & $0.00918455$ & $-0.0351652$ & $-0.0106861$ & $0.11694$ & $0.00167095$ & $-0.506105$ & $-0.500745$ & $0.211868$ & $0.57497$ & $0.112205$ & $-0.114826$ & $-0.302986$ & $-0.242142$ & $-0.21439$ & $-0.119737$ & $0.0399124$ & $0.0194686$ & $-0.569283$ & $-0.572415$ & $-0.563511$ & $-0.65762$ & $0.16896$ & $0.00855094$ & $1$ & $-0.146539$ & $-0.1877$ & $-0.0269603$ & $-0.0441787$ & $-0.0245878$ & $-0.00524011$ & $-0.0443863$ & $-0.208799$ & $-0.0101237$ & $-0.00123134$ & $-0.0149275$ & $-0.0581109$ & $-0.00687781$ & $0.0222776$ & $0.0174472$ & $0.00629764$ & $0.00109094$ & $0.0253297$ & $0.0332274$ & $-0.0302344$ & $0.0236543$ & $-0.0118649$ & $0.00240603$ \\
CHd_11 & $-0.0162947$ & $0.0168676$ & $-0.0854232$ & $0.0184248$ & $0.00928969$ & $-0.0624176$ & $-0.0567034$ & $0.418987$ & $0.405195$ & $-0.256612$ & $-0.269938$ & $-0.0779514$ & $0.164595$ & $-0.135905$ & $-0.384629$ & $-0.394986$ & $-0.195395$ & $-0.045201$ & $-0.0321488$ & $0.196138$ & $0.351129$ & $0.343903$ & $0.331085$ & $-0.430311$ & $0.18567$ & $-0.146539$ & $1$ & $0.0969868$ & $-0.00823311$ & $0.0430427$ & $0.0378809$ & $-0.0553187$ & $0.0442654$ & $0.67372$ & $0.0402314$ & $0.0275268$ & $0.00541018$ & $0.019334$ & $-0.0274901$ & $-0.00845676$ & $-0.0302374$ & $0.0291263$ & $0.00186707$ & $-0.0540702$ & $-0.0565438$ & $-0.00808268$ & $0.0404266$ & $0.00934887$ & $-0.0629949$ \\
CHd_33 & $0.0262791$ & $0.0256003$ & $0.0132492$ & $-0.00294717$ & $0.000761468$ & $-0.0949549$ & $0.00643176$ & $0.276467$ & $0.268039$ & $-0.104209$ & $-0.33387$ & $-0.094308$ & $0.0471373$ & $0.197182$ & $0.13109$ & $0.114653$ & $0.110362$ & $0.0138662$ & $0.0228541$ & $0.329112$ & $0.333122$ & $0.325059$ & $0.00555881$ & $0.0160915$ & $0.0378029$ & $-0.1877$ & $0.0969868$ & $1$ & $0.00482495$ & $0.00023494$ & $0.0288241$ & $-0.00818018$ & $-0.0147336$ & $0.118529$ & $-0.016439$ & $0.00221173$ & $-0.0265593$ & $0.046129$ & $0.00521602$ & $0.0272101$ & $-0.026506$ & $0.0210995$ & $-0.0142964$ & $-0.00480245$ & $0.00344937$ & $-0.0348766$ & $0.0445664$ & $0.0234294$ & $0.00314101$ \\
CeH_22r & $0.0125159$ & $-0.0119162$ & $0.0128734$ & $-0.0123115$ & $0.0187379$ & $0.0290251$ & $0.00110958$ & $0.0245037$ & $0.0290102$ & $-0.00431219$ & $-0.0208195$ & $0.0483399$ & $0.0652257$ & $0.00856059$ & $0.0260991$ & $0.0147096$ & $-0.020513$ & $-0.0239891$ & $-0.0200392$ & $0.0223695$ & $0.0174864$ & $0.0169806$ & $0.015047$ & $-0.0143599$ & $-0.024115$ & $-0.0269603$ & $-0.00823311$ & $0.00482495$ & $1$ & $0.0449443$ & $0.0147958$ & $-0.0112613$ & $0.0489581$ & $-0.00707365$ & $-0.0486653$ & $-0.000245278$ & $0.0164462$ & $-0.00549567$ & $0.0313955$ & $-0.020663$ & $-0.0115557$ & $0.00422029$ & $0.0238254$ & $0.0437985$ & $0.0283105$ & $-0.00960897$ & $-0.0220728$ & $0.0601562$ & $0.0166826$ \\
CeH_33r & $0.0120082$ & $0.0357558$ & $0.0499542$ & $-0.0242251$ & $-0.0284884$ & $0.0398291$ & $-0.121519$ & $0.139483$ & $0.160189$ & $-0.151173$ & $-0.0823611$ & $0.313511$ & $0.308509$ & $-0.0633228$ & $0.0671136$ & $0.0344662$ & $-0.126293$ & $-0.1569$ & $-0.131892$ & $0.086026$ & $0.0848038$ & $0.0765313$ & $0.00907024$ & $-0.134534$ & $-0.135851$ & $-0.0441787$ & $0.0430427$ & $0.00023494$ & $0.0449443$ & $1$ & $0.301905$ & $0.0227324$ & $0.718531$ & $0.0527197$ & $0.0021556$ & $-0.0356556$ & $-0.113922$ & $-0.00764659$ & $-0.018167$ & $-0.01215$ & $0.0551927$ & $0.00604818$ & $-0.0511322$ & $-0.0265084$ & $0.0345286$ & $-0.035438$ & $0.0370901$ & $-0.0108195$ & $-0.0114839$ \\
CuH_22r & $0.0213495$ & $0.0702753$ & $0.0421436$ & $-0.00632535$ & $0.00526424$ & $0.0361097$ & $-0.0612161$ & $0.101254$ & $0.109667$ & $-0.0710246$ & $-0.070673$ & $0.0934172$ & $0.12349$ & $-0.0254847$ & $0.019697$ & $0.0215716$ & $-0.0639317$ & $-0.0767418$ & $-0.0760973$ & $0.0687037$ & $0.07671$ & $0.071932$ & $-0.012924$ & $-0.0896295$ & $-0.0817421$ & $-0.0245878$ & $0.0378809$ & $0.0288241$ & $0.0147958$ & $0.301905$ & $1$ & $0.0280409$ & $0.37368$ & $0.0643278$ & $-0.0100595$ & $0.0254215$ & $-0.0721924$ & $0.031286$ & $0.0277258$ & $0.044423$ & $0.0729456$ & $-0.00565885$ & $-0.00945721$ & $-0.0386689$ & $-0.066079$ & $0.0560168$ & $0.176799$ & $-0.0457516$ & $0.00699329$ \\
CuH_33r & $0.0795208$ & $0.0507717$ & $-0.0188613$ & $0.0503941$ & $-0.026034$ & $-0.000118594$ & $0.94108$ & $-0.0576891$ & $-0.0144178$ & $0.0672381$ & $0.0144167$ & $-0.0718405$ & $-0.193276$ & $0.057546$ & $0.0256436$ & $0.0228496$ & $0.075349$ & $0.0644737$ & $0.0613674$ & $-0.00758096$ & $-0.0217375$ & $-0.0168819$ & $0.00580187$ & $0.0945624$ & $0.0556589$ & $-0.00524011$ & $-0.0553187$ & $-0.00818018$ & $-0.0112613$ & $0.0227324$ & $0.0280409$ & $1$ & $0.0154298$ & $-0.0680654$ & $-0.032678$ & $0.0345845$ & $-0.102658$ & $0.0547266$ & $0.0151703$ & $-0.0469971$ & $0.0263623$ & $0.0275685$ & $0.000898242$ & $-0.0455397$ & $-0.0078981$ & $-0.054284$ & $0.0838322$ & $0.00031935$ & $0.00362092$ \\
CdH_33r & $-0.00515143$ & $0.0505408$ & $0.0755044$ & $-0.00341251$ & $-0.0208611$ & $0.0428864$ & $-0.173548$ & $0.143924$ & $0.169951$ & $-0.164632$ & $-0.0763559$ & $0.40248$ & $0.386934$ & $-0.0856915$ & $0.056659$ & $0.0472477$ & $-0.148987$ & $-0.168996$ & $-0.158115$ & $0.0812364$ & $0.0793916$ & $0.0745536$ & $0.0150652$ & $-0.149049$ & $-0.155583$ & $-0.0443863$ & $0.0442654$ & $-0.0147336$ & $0.0489581$ & $0.718531$ & $0.37368$ & $0.0154298$ & $1$ & $0.0647641$ & $-0.0286096$ & $-0.0420104$ & $-0.11666$ & $0.0172042$ & $-0.0464864$ & $-0.0075702$ & $0.0175871$ & $0.0124036$ & $-0.0421092$ & $-0.0465663$ & $0.0329193$ & $-0.0410112$ & $0.0178557$ & $0.0349095$ & $0.122798$ \\
CLL_1221 & $0.0343621$ & $0.0341628$ & $-0.0400645$ & $0.00281073$ & $0.0169009$ & $-0.111469$ & $-0.0729892$ & $0.559506$ & $0.546161$ & $-0.368121$ & $-0.341124$ & $-0.0649584$ & $0.236643$ & $-0.258482$ & $-0.593406$ & $-0.111652$ & $-0.296743$ & $-0.00827255$ & $-0.383266$ & $0.261528$ & $0.428909$ & $0.424966$ & $0.167855$ & $-0.654483$ & $-0.245285$ & $-0.208799$ & $0.67372$ & $0.118529$ & $-0.00707365$ & $0.0527197$ & $0.0643278$ & $-0.0680654$ & $0.0647641$ & $1$ & $0.0385466$ & $0.0216519$ & $0.0267226$ & $0.0179147$ & $-0.0402951$ & $-0.0215546$ & $-0.0317777$ & $0.0391607$ & $0.0523941$ & $0.0062136$ & $-0.0376986$ & $-0.00420342$ & $0.0505298$ & $0.00655064$ & $-0.0590083$ \\
eHggint & $0.0707896$ & $-0.0445899$ & $-0.295977$ & $0.0731576$ & $-0.018762$ & $0.0207762$ & $-0.0782104$ & $0.013239$ & $0.00522371$ & $0.0127615$ & $-0.00887934$ & $0.052362$ & $0.0350039$ & $0.00638578$ & $-0.0420752$ & $-0.0520369$ & $-0.0115615$ & $0.0152247$ & $0.0270064$ & $0.000758482$ & $0.0144792$ & $0.0142033$ & $-0.0047527$ & $-0.0549445$ & $0.0156398$ & $-0.0101237$ & $0.0402314$ & $-0.016439$ & $-0.0486653$ & $0.0021556$ & $-0.0100595$ & $-0.032678$ & $-0.0286096$ & $0.0385466$ & $1$ & $0.11361$ & $0.095825$ & $0.00892886$ & $-0.222069$ & $0.0446305$ & $0.227867$ & $-0.0903104$ & $0.0727436$ & $-0.087825$ & $0.0549878$ & $0.076471$ & $0.0297456$ & $-0.124188$ & $0.00741759$ \\
eHggpar & $0.355807$ & $0.100101$ & $-0.126833$ & $0.317252$ & $-0.0417143$ & $0.00982032$ & $0.00350219$ & $-0.00965858$ & $-0.0177682$ & $0.0154791$ & $0.0282024$ & $0.0195735$ & $-0.00295271$ & $-0.0586211$ & $-0.024857$ & $-0.0631063$ & $-0.0244136$ & $-0.0270129$ & $0.00156909$ & $-0.0320824$ & $-0.0219954$ & $-0.0249264$ & $0.0239696$ & $-0.0348694$ & $-0.0352607$ & $-0.00123134$ & $0.0275268$ & $0.00221173$ & $-0.000245278$ & $-0.0356556$ & $0.0254215$ & $0.0345845$ & $-0.0420104$ & $0.0216519$ & $0.11361$ & $1$ & $-0.070886$ & $0.00803969$ & $0.267053$ & $-0.0250793$ & $0.106845$ & $-0.0275329$ & $0.024528$ & $-0.096666$ & $-0.201259$ & $0.0544956$ & $0.0299029$ & $0.0244397$ & $-0.161795$ \\
eHWWint & $-0.192182$ & $-0.413759$ & $-0.12895$ & $-0.0107209$ & $-0.00450429$ & $-0.0157399$ & $-0.0791867$ & $0.0528445$ & $0.0489101$ & $-0.0640609$ & $-0.0400694$ & $-0.0552505$ & $0.0212805$ & $-0.000544645$ & $-0.000164664$ & $-0.000356064$ & $-0.0203022$ & $-0.0204779$ & $-0.0173051$ & $0.0335224$ & $0.0384252$ & $0.0413041$ & $-0.000378991$ & $-0.0485634$ & $-0.0270026$ & $-0.0149275$ & $0.00541018$ & $-0.0265593$ & $0.0164462$ & $-0.113922$ & $-0.0721924$ & $-0.102658$ & $-0.11666$ & $0.0267226$ & $0.095825$ & $-0.070886$ & $1$ & $-0.0263106$ & $-0.0703958$ & $-0.0217434$ & $-0.243425$ & $-0.00614106$ & $0.328346$ & $0.459735$ & $0.137757$ & $0.201185$ & $-0.178473$ & $0.114817$ & $0.17004$ \\
eHWWpar & $-0.0586345$ & $0.0603709$ & $-0.00708168$ & $-0.0118683$ & $0.000429694$ & $0.00448241$ & $0.0461979$ & $0.0430059$ & $0.0442296$ & $0.0118987$ & $-0.0413793$ & $0.0180603$ & $-0.0106892$ & $0.0194838$ & $0.0175632$ & $-0.00175694$ & $-0.00710463$ & $-0.0178583$ & $-0.0051255$ & $0.0400383$ & $0.0439553$ & $0.0397107$ & $0.0352446$ & $-0.0134422$ & $-0.00979906$ & $-0.0581109$ & $0.019334$ & $0.046129$ & $-0.00549567$ & $-0.00764659$ & $0.031286$ & $0.0547266$ & $0.0172042$ & $0.0179147$ & $0.00892886$ & $0.00803969$ & $-0.0263106$ & $1$ & $-0.0652607$ & $-0.00217151$ & $-0.0589403$ & $0.104148$ & $0.022161$ & $-0.164269$ & $0.0193732$ & $0.0833987$ & $0.0837746$ & $0.0466985$ & $0.020491$ \\
eHZZint & $0.284003$ & $-0.191111$ & $-0.288604$ & $-0.282315$ & $-0.0350726$ & $0.0284284$ & $0.0151821$ & $0.00777051$ & $0.00022586$ & $0.0190067$ & $-0.032659$ & $-0.0262405$ & $-0.00794317$ & $0.0384496$ & $0.0493824$ & $0.0117242$ & $0.0443506$ & $0.00863252$ & $0.0314417$ & $0.0310146$ & $0.0218655$ & $0.0153402$ & $-0.0342614$ & $0.0364991$ & $0.00244316$ & $-0.00687781$ & $-0.0274901$ & $0.00521602$ & $0.0313955$ & $-0.018167$ & $0.0277258$ & $0.0151703$ & $-0.0464864$ & $-0.0402951$ & $-0.222069$ & $0.267053$ & $-0.0703958$ & $-0.0652607$ & $1$ & $-0.043238$ & $0.0279684$ & $-0.0645456$ & $-0.245168$ & $0.2068$ & $-0.366675$ & $-0.00949402$ & $0.0587671$ & $-0.1286$ & $-0.182985$ \\
eHZZpar & $-0.116044$ & $-0.0355477$ & $-0.0541311$ & $-0.0727166$ & $0.00361532$ & $-0.000999902$ & $-0.0375298$ & $-0.00958406$ & $-0.0106347$ & $-0.0243956$ & $0.0130948$ & $-0.0173371$ & $-0.00751904$ & $-0.0251572$ & $0.0227844$ & $0.00124944$ & $0.00610692$ & $-0.023403$ & $-0.00592323$ & $-0.0120382$ & $-0.0140053$ & $-0.0177561$ & $-0.0440851$ & $0.0161568$ & $0.00679154$ & $0.0222776$ & $-0.00845676$ & $0.0272101$ & $-0.020663$ & $-0.01215$ & $0.044423$ & $-0.0469971$ & $-0.0075702$ & $-0.0215546$ & $0.0446305$ & $-0.0250793$ & $-0.0217434$ & $-0.00217151$ & $-0.043238$ & $1$ & $0.0729177$ & $-0.0362084$ & $0.0328457$ & $-0.169204$ & $-0.0189279$ & $0.0462561$ & $0.0245056$ & $-0.0714458$ & $-0.0189965$ \\
eHZgaint & $0.175471$ & $0.0889782$ & $0.136165$ & $0.108312$ & $-0.0375373$ & $0.00884992$ & $0.0152999$ & $-0.0124858$ & $-0.011242$ & $0.0015355$ & $0.0126066$ & $0.0357818$ & $0.016143$ & $-0.0304656$ & $0.0394365$ & $-0.00304139$ & $0.00971763$ & $-0.0313041$ & $-0.00186202$ & $-0.00886272$ & $-0.01492$ & $-0.0128994$ & $-0.0264504$ & $-0.0189027$ & $-0.0174822$ & $0.0174472$ & $-0.0302374$ & $-0.026506$ & $-0.0115557$ & $0.0551927$ & $0.0729456$ & $0.0263623$ & $0.0175871$ & $-0.0317777$ & $0.227867$ & $0.106845$ & $-0.243425$ & $-0.0589403$ & $0.0279684$ & $0.0729177$ & $1$ & $-0.0431475$ & $-0.110975$ & $0.167826$ & $0.151098$ & $0.0382397$ & $0.144727$ & $-0.102922$ & $-0.0273291$ \\
eHZgapar & $-0.069545$ & $0.018634$ & $0.0379381$ & $-0.0526387$ & $0.0352738$ & $-0.0542078$ & $0.0311237$ & $0.0282762$ & $0.0305715$ & $-0.02218$ & $-0.0216492$ & $-0.0201741$ & $0.0105908$ & $-0.0145972$ & $-0.00788876$ & $-0.00836237$ & $0.00169635$ & $-0.00534525$ & $-0.00850847$ & $0.0191795$ & $0.0233873$ & $0.0241098$ & $-0.0171208$ & $-0.0113794$ & $-0.00814671$ & $0.00629764$ & $0.0291263$ & $0.0210995$ & $0.00422029$ & $0.00604818$ & $-0.00565885$ & $0.0275685$ & $0.0124036$ & $0.0391607$ & $-0.0903104$ & $-0.0275329$ & $-0.00614106$ & $0.104148$ & $-0.0645456$ & $-0.0362084$ & $-0.0431475$ & $1$ & $-0.000713584$ & $-0.0127314$ & $0.0682681$ & $-0.158282$ & $-0.0201621$ & $0.0349948$ & $0.0201312$ \\
eHgagaint & $0.0339562$ & $-0.0353316$ & $-0.0620211$ & $0.166835$ & $-0.00275464$ & $0.00163901$ & $0.00797501$ & $0.0272289$ & $0.054912$ & $-0.0497829$ & $0.00124845$ & $-0.0257664$ & $0.0144857$ & $-0.0395587$ & $-0.041826$ & $0.0122765$ & $-0.0606545$ & $-0.0225628$ & $-0.0566668$ & $-0.000976064$ & $0.00303249$ & $0.00990852$ & $0.00493955$ & $-0.0789005$ & $-0.0566097$ & $0.00109094$ & $0.00186707$ & $-0.0142964$ & $0.0238254$ & $-0.0511322$ & $-0.00945721$ & $0.000898242$ & $-0.0421092$ & $0.0523941$ & $0.0727436$ & $0.024528$ & $0.328346$ & $0.022161$ & $-0.245168$ & $0.0328457$ & $-0.110975$ & $-0.000713584$ & $1$ & $0.042648$ & $-0.0834769$ & $0.0211126$ & $0.0510416$ & $0.1428$ & $0.0423774$ \\
eHmumuint & $0.280745$ & $-0.243933$ & $0.0406534$ & $-0.072568$ & $-0.0544245$ & $0.0360886$ & $-0.0194441$ & $0.00499132$ & $0.00279398$ & $-0.0204101$ & $-0.0126567$ & $-0.055229$ & $-0.0121402$ & $0.0282086$ & $-0.0195633$ & $0.0389743$ & $-7.52132e-05$ & $0.031896$ & $-0.0154479$ & $0.00938381$ & $0.00499237$ & $0.00792725$ & $-0.0438526$ & $-0.00506853$ & $-0.041722$ & $0.0253297$ & $-0.0540702$ & $-0.00480245$ & $0.0437985$ & $-0.0265084$ & $-0.0386689$ & $-0.0455397$ & $-0.0465663$ & $0.0062136$ & $-0.087825$ & $-0.096666$ & $0.459735$ & $-0.164269$ & $0.2068$ & $-0.169204$ & $0.167826$ & $-0.0127314$ & $0.042648$ & $1$ & $0.181243$ & $-0.0741649$ & $-0.0925065$ & $0.0721651$ & $0.186887$ \\
eHtautauint & $-0.0304976$ & $-0.0332176$ & $0.315657$ & $-0.159093$ & $-0.0286001$ & $3.1784e-05$ & $0.0064656$ & $-0.00889534$ & $-0.00520304$ & $-0.0443864$ & $0.0296009$ & $-0.0164291$ & $0.00629544$ & $-0.0282745$ & $0.0273515$ & $0.00308153$ & $-0.0523418$ & $-0.0543166$ & $-0.0364172$ & $-0.026775$ & $-0.0299373$ & $-0.0312976$ & $-0.0269971$ & $-0.0238342$ & $-0.0604812$ & $0.0332274$ & $-0.0565438$ & $0.00344937$ & $0.0283105$ & $0.0345286$ & $-0.066079$ & $-0.0078981$ & $0.0329193$ & $-0.0376986$ & $0.0549878$ & $-0.201259$ & $0.137757$ & $0.0193732$ & $-0.366675$ & $-0.0189279$ & $0.151098$ & $0.0682681$ & $-0.0834769$ & $0.181243$ & $1$ & $-0.141479$ & $-0.26568$ & $0.140965$ & $0.199701$ \\
eHccint & $-0.17309$ & $-0.231239$ & $-0.0340354$ & $0.139097$ & $-0.0272364$ & $-0.0332307$ & $-0.0537743$ & $0.0296341$ & $0.0326536$ & $-0.0343862$ & $-0.0225136$ & $-0.000881404$ & $-0.010107$ & $-0.0177019$ & $0.0285248$ & $0.0157704$ & $-0.00520947$ & $-0.0322924$ & $-0.021991$ & $0.0234635$ & $0.0183886$ & $0.0185156$ & $-0.00325098$ & $-0.0280238$ & $-0.0100648$ & $-0.0302344$ & $-0.00808268$ & $-0.0348766$ & $-0.00960897$ & $-0.035438$ & $0.0560168$ & $-0.054284$ & $-0.0410112$ & $-0.00420342$ & $0.076471$ & $0.0544956$ & $0.201185$ & $0.0833987$ & $-0.00949402$ & $0.0462561$ & $0.0382397$ & $-0.158282$ & $0.0211126$ & $-0.0741649$ & $-0.141479$ & $1$ & $0.164307$ & $-0.234502$ & $0.116665$ \\
eHccpar & $0.108234$ & $0.326008$ & $0.0420236$ & $-0.0357022$ & $-0.0266413$ & $0.0403387$ & $0.0614349$ & $0.0235896$ & $0.0282588$ & $0.00188541$ & $-0.00931831$ & $0.0427257$ & $-0.0147363$ & $-0.0312092$ & $-0.0229126$ & $-0.0368018$ & $-0.0211847$ & $-0.0206357$ & $-0.00851931$ & $0.00927624$ & $0.0194757$ & $0.021822$ & $-0.0279873$ & $-0.0299362$ & $-0.0301866$ & $0.0236543$ & $0.0404266$ & $0.0445664$ & $-0.0220728$ & $0.0370901$ & $0.176799$ & $0.0838322$ & $0.0178557$ & $0.0505298$ & $0.0297456$ & $0.0299029$ & $-0.178473$ & $0.0837746$ & $0.0587671$ & $0.0245056$ & $0.144727$ & $-0.0201621$ & $0.0510416$ & $-0.0925065$ & $-0.26568$ & $0.164307$ & $1$ & $-0.076085$ & $0.0547222$ \\
eHbbint & $-0.158185$ & $0.270882$ & $0.0629819$ & $-0.04991$ & $0.00855686$ & $-0.0176063$ & $0.0169349$ & $0.00698443$ & $0.00872305$ & $0.0170623$ & $-0.0138085$ & $0.00673558$ & $-0.0267356$ & $0.0154592$ & $0.00824213$ & $-0.012868$ & $0.00933047$ & $0.006964$ & $0.0187192$ & $0.0192156$ & $0.0193809$ & $0.0202328$ & $0.00124286$ & $0.00212113$ & $0.020238$ & $-0.0118649$ & $0.00934887$ & $0.0234294$ & $0.0601562$ & $-0.0108195$ & $-0.0457516$ & $0.00031935$ & $0.0349095$ & $0.00655064$ & $-0.124188$ & $0.0244397$ & $0.114817$ & $0.0466985$ & $-0.1286$ & $-0.0714458$ & $-0.102922$ & $0.0349948$ & $0.1428$ & $0.0721651$ & $0.140965$ & $-0.234502$ & $-0.076085$ & $1$ & $-0.212594$ \\
eHbbpar & $0.0254488$ & $-0.0365258$ & $0.243181$ & $0.0068509$ & $0.0149694$ & $0.041452$ & $0.00862026$ & $-0.0494218$ & $-0.0442094$ & $0.0355738$ & $0.0375099$ & $0.0103344$ & $-0.019246$ & $0.00646948$ & $0.0182809$ & $0.0534183$ & $0.0122901$ & $0.0168611$ & $-0.00785384$ & $-0.0283794$ & $-0.0448358$ & $-0.0440902$ & $0.0133866$ & $0.0358716$ & $0.0137952$ & $0.00240603$ & $-0.0629949$ & $0.00314101$ & $0.0166826$ & $-0.0114839$ & $0.00699329$ & $0.00362092$ & $0.122798$ & $-0.0590083$ & $0.00741759$ & $-0.161795$ & $0.17004$ & $0.020491$ & $-0.182985$ & $-0.0189965$ & $-0.0273291$ & $0.0201312$ & $0.0423774$ & $0.186887$ & $0.199701$ & $0.116665$ & $0.0547222$ & $-0.212594$ & $1$ \\
