 & AlsMz & dAle5Mz & mtop & mHl & Mz & CW & CHG & CHWB & CHWHB_gaga & CHWHB_gagaorth & CHD & CHbox & CH & CHL1_11 & CHL1_22 & CHL1_33 & CHL3_11 & CHL3_22 & CHL3_33 & CHe_11 & CHe_22 & CHe_33 & CHQ1_11 & CHQ1_33 & CHQ3_11 & CHu_11 & CHd_11 & CHd_33 & CeH_22r & CeH_33r & CuH_22r & CuH_33r & CdH_33r & CLL_1221 & eHggint & eHggpar & eHWWint & eHWWpar & eHZZint & eHZZpar & eHZgaint & eHZgapar & eHgagaint & eHmumuint & eHtautauint & eHccint & eHccpar & eHbbint & eHbbpar \\
AlsMz & $1$ & $0.0589956$ & $0.208501$ & $-0.0646017$ & $-0.0162572$ & $0.059743$ & $0.0118286$ & $-0.0568247$ & $-0.0595959$ & $0.000829712$ & $0.0559602$ & $0.0327666$ & $-0.0288425$ & $-0.0310246$ & $-0.0229182$ & $-0.0207599$ & $-0.0175569$ & $0.0074248$ & $-0.0014559$ & $-0.0560422$ & $-0.0614692$ & $-0.067338$ & $-0.00916851$ & $-0.0231158$ & $-0.114475$ & $-0.00595508$ & $-0.0552077$ & $-0.00323111$ & $-0.0254438$ & $-0.0164085$ & $0.0279541$ & $0.0149861$ & $0.0330595$ & $-0.0259665$ & $-0.0248047$ & $-0.000773905$ & $0.00361529$ & $-0.00202302$ & $0.112268$ & $-0.0344332$ & $0.109627$ & $0.0548166$ & $-0.022316$ & $-0.141485$ & $-0.0234171$ & $0.0543223$ & $0.00435278$ & $0.00561338$ & $0.0846054$ \\
dAle5Mz & $0.0589956$ & $1$ & $0.15056$ & $-0.0480061$ & $0.000689438$ & $0.0403726$ & $0.0435339$ & $-0.0554008$ & $-0.0544397$ & $0.0158114$ & $0.0440074$ & $0.0498641$ & $-0.0345244$ & $-0.014512$ & $-0.0521472$ & $-0.0440048$ & $0.00926506$ & $0.0308385$ & $0.0160707$ & $-0.0224881$ & $-0.0120949$ & $-0.0145376$ & $0.0124093$ & $-0.000673933$ & $0.0484622$ & $0.0137759$ & $0.068706$ & $0.0105568$ & $0.0556267$ & $-0.0605205$ & $-0.0277752$ & $0.0291008$ & $-0.00557604$ & $0.0583221$ & $-0.119956$ & $0.0645558$ & $0.171806$ & $0.000923254$ & $-0.0123634$ & $-0.0324659$ & $0.00227719$ & $-0.0287257$ & $-0.0439379$ & $-0.104534$ & $-0.0650342$ & $0.145977$ & $0.00298341$ & $-0.0719549$ & $0.102488$ \\
mtop & $0.208501$ & $0.15056$ & $1$ & $-0.0653491$ & $-8.34981e-05$ & $0.0126028$ & $0.00446125$ & $-0.0409698$ & $-0.036113$ & $0.0132217$ & $0.0507406$ & $-0.00315494$ & $0.0101574$ & $-0.0226517$ & $-0.0534007$ & $-0.0558834$ & $-0.0041946$ & $0.0276541$ & $0.0208026$ & $-0.0432629$ & $-0.0341827$ & $-0.0446931$ & $-0.0192372$ & $0.000847514$ & $0.023101$ & $0.0471743$ & $0.0507986$ & $-0.0323447$ & $0.0101965$ & $0.00352509$ & $0.00434297$ & $0.00541874$ & $-0.0737853$ & $0.0218949$ & $-0.0441787$ & $-0.0386074$ & $0.125716$ & $0.0310122$ & $0.0664993$ & $0.0262833$ & $0.0612934$ & $-0.00676544$ & $0.0442685$ & $-0.0853466$ & $0.0753387$ & $0.0080435$ & $-0.0228153$ & $-0.0998277$ & $-0.106604$ \\
mHl & $-0.0646017$ & $-0.0480061$ & $-0.0653491$ & $1$ & $0.0131036$ & $-0.0071746$ & $-0.00316167$ & $0.00824493$ & $0.00330546$ & $0.00498219$ & $-0.0104634$ & $0.00333099$ & $-0.00138735$ & $0.00269141$ & $0.0345354$ & $-0.00870872$ & $0.00980731$ & $-0.0222671$ & $0.0192459$ & $0.00915477$ & $0.00865857$ & $0.0154719$ & $-0.0125892$ & $0.00794559$ & $0.0196228$ & $0.00997125$ & $0.0120973$ & $0.0316058$ & $0.0162225$ & $0.0131169$ & $0.000273537$ & $-0.02378$ & $0.0276062$ & $-0.0245319$ & $-0.130026$ & $0.0294212$ & $-0.0270275$ & $0.0549582$ & $0.0722493$ & $0.0190924$ & $-0.0378229$ & $-0.0240766$ & $-0.078695$ & $0.077301$ & $0.0512438$ & $-0.0472586$ & $0.011842$ & $0.0152383$ & $0.0751272$ \\
Mz & $-0.0162572$ & $0.000689438$ & $-8.34981e-05$ & $0.0131036$ & $1$ & $-0.00893958$ & $-0.0239356$ & $-0.0223058$ & $-0.0305642$ & $-0.00600314$ & $0.0221345$ & $0.0017311$ & $-0.0166499$ & $0.0114159$ & $0.0149782$ & $0.0338932$ & $0.00786433$ & $0.00853013$ & $-0.00156928$ & $-0.00589392$ & $-0.0167055$ & $-0.00904614$ & $-0.0100377$ & $0.0447897$ & $0.0232764$ & $0.0199981$ & $-0.0072019$ & $0.00544668$ & $-0.00433186$ & $0.00107767$ & $0.0336811$ & $-0.0242972$ & $0.0129887$ & $-0.0338432$ & $-0.0215482$ & $0.00472077$ & $-0.00483619$ & $-0.000861386$ & $0.00125419$ & $-0.015767$ & $-0.00558589$ & $0.00617003$ & $-0.0167284$ & $0.0203006$ & $-0.0038846$ & $-0.0165463$ & $0.0330315$ & $-0.0144041$ & $0.0292903$ \\
CW & $0.059743$ & $0.0403726$ & $0.0126028$ & $-0.0071746$ & $-0.00893958$ & $1$ & $-0.0120489$ & $-0.101939$ & $-0.101314$ & $0.00834927$ & $0.159097$ & $0.0338089$ & $0.00934072$ & $0.0270532$ & $-0.0233444$ & $-0.070798$ & $-0.257009$ & $-0.0822515$ & $-0.0532854$ & $-0.155576$ & $-0.165803$ & $-0.160671$ & $-0.0147533$ & $-0.0137055$ & $-0.106732$ & $0.099942$ & $-0.0905301$ & $-0.086237$ & $0.00859342$ & $-0.0516966$ & $-0.0420721$ & $-0.0208621$ & $-0.0525934$ & $-0.140506$ & $-0.008828$ & $0.0421015$ & $0.017988$ & $-0.0116312$ & $-0.00191779$ & $-0.00336199$ & $0.0131929$ & $-0.00868063$ & $-0.000144071$ & $-0.0411894$ & $0.032914$ & $0.049015$ & $-0.000150758$ & $-0.0206046$ & $-0.0363441$ \\
CHG & $0.0118286$ & $0.0435339$ & $0.00446125$ & $-0.00316167$ & $-0.0239356$ & $-0.0120489$ & $1$ & $-0.127545$ & $-0.0780308$ & $0.113926$ & $0.072538$ & $0.195222$ & $-0.320406$ & $0.0580421$ & $-0.0504012$ & $-0.0501024$ & $0.121045$ & $0.135506$ & $0.132469$ & $-0.0716301$ & $-0.0716831$ & $-0.0732883$ & $0.0373834$ & $0.124161$ & $0.141172$ & $0.0309517$ & $-0.00949618$ & $-0.0243055$ & $-2.7062e-05$ & $-0.140827$ & $-0.0636097$ & $0.926233$ & $-0.154731$ & $-0.0518992$ & $0.0154718$ & $-0.00756379$ & $0.0178792$ & $0.00844647$ & $0.0317712$ & $-0.011688$ & $-0.0279647$ & $-0.00614245$ & $0.00525659$ & $-0.0114884$ & $0.0021852$ & $0.0244247$ & $0.00106004$ & $0.0263626$ & $0.0134137$ \\
CHWB & $-0.0568247$ & $-0.0554008$ & $-0.0409698$ & $0.00824493$ & $-0.0223058$ & $-0.101939$ & $-0.127545$ & $1$ & $0.984517$ & $-0.567967$ & $-0.879797$ & $-0.426199$ & $0.357639$ & $0.0772402$ & $0.282041$ & $0.307847$ & $-0.256218$ & $-0.447484$ & $-0.459189$ & $0.849279$ & $0.896871$ & $0.879467$ & $0.0769854$ & $-0.684427$ & $-0.413396$ & $-0.521287$ & $0.424361$ & $0.304368$ & $0.0172881$ & $0.13392$ & $0.0352024$ & $-0.123961$ & $0.14266$ & $0.554341$ & $-0.0476161$ & $0.00138422$ & $-0.0488197$ & $-0.0205326$ & $-0.033486$ & $0.0146674$ & $0.0213233$ & $0.0256378$ & $0.0221192$ & $0.0187538$ & $0.0405575$ & $-0.00120282$ & $0.00102192$ & $0.014752$ & $0.0132811$ \\
CHWHB_gaga & $-0.0595959$ & $-0.0544397$ & $-0.036113$ & $0.00330546$ & $-0.0305642$ & $-0.101314$ & $-0.0780308$ & $0.984517$ & $1$ & $-0.552755$ & $-0.864513$ & $-0.398446$ & $0.35294$ & $0.0723331$ & $0.280491$ & $0.307873$ & $-0.256699$ & $-0.445657$ & $-0.458068$ & $0.835117$ & $0.880951$ & $0.863754$ & $0.0837853$ & $-0.676015$ & $-0.406875$ & $-0.516483$ & $0.419598$ & $0.299627$ & $0.0227824$ & $0.156184$ & $0.0472212$ & $-0.0832744$ & $0.16342$ & $0.542902$ & $-0.0555119$ & $-0.00765418$ & $-0.0569317$ & $-0.0222038$ & $-0.0357945$ & $0.0129223$ & $0.0200761$ & $0.0216092$ & $0.0871069$ & $0.0189101$ & $0.0303857$ & $-0.00639993$ & $-0.00236636$ & $0.0181992$ & $0.00213797$ \\
CHWHB_gagaorth & $0.000829712$ & $0.0158114$ & $0.0132217$ & $0.00498219$ & $-0.00600314$ & $0.00834927$ & $0.113926$ & $-0.567967$ & $-0.552755$ & $1$ & $0.361816$ & $0.666046$ & $-0.254798$ & $0.223607$ & $-0.123589$ & $-0.156538$ & $0.428485$ & $0.478642$ & $0.502008$ & $-0.349101$ & $-0.376222$ & $-0.365891$ & $-0.0651262$ & $0.548791$ & $0.472829$ & $0.232826$ & $-0.22764$ & $-0.114513$ & $-0.0348637$ & $-0.158333$ & $-0.084078$ & $0.124915$ & $-0.178527$ & $-0.337901$ & $0.0532644$ & $-0.0101358$ & $0.0273049$ & $0.0358471$ & $-0.0130288$ & $-0.00947052$ & $-0.096038$ & $-0.0428079$ & $-0.0199973$ & $-0.00280453$ & $-0.0488439$ & $-0.0175217$ & $-0.0207166$ & $-0.0341145$ & $-0.0268759$ \\
CHD & $0.0559602$ & $0.0440074$ & $0.0507406$ & $-0.0104634$ & $0.0221345$ & $0.159097$ & $0.072538$ & $-0.879797$ & $-0.864513$ & $0.361816$ & $1$ & $0.360377$ & $-0.184919$ & $-0.494856$ & $-0.409994$ & $-0.423701$ & $-0.198249$ & $0.092444$ & $0.0924885$ & $-0.990129$ & $-0.990772$ & $-0.967906$ & $-0.00793707$ & $0.324512$ & $0.0367314$ & $0.562449$ & $-0.291859$ & $-0.331182$ & $0.00455394$ & $-0.0734327$ & $0.00390876$ & $0.0782876$ & $-0.0850518$ & $-0.356292$ & $0.0337714$ & $0.00349753$ & $0.0412557$ & $0.0199454$ & $0.0295163$ & $-0.0184725$ & $0.000631816$ & $-0.0313203$ & $-0.0240115$ & $-0.0113833$ & $-0.0249968$ & $0.0114119$ & $0.00271353$ & $-0.0102101$ & $-0.0224749$ \\
CHbox & $0.0327666$ & $0.0498641$ & $-0.00315494$ & $0.00333099$ & $0.0017311$ & $0.0338089$ & $0.195222$ & $-0.426199$ & $-0.398446$ & $0.666046$ & $0.360377$ & $1$ & $-0.554251$ & $-0.0231031$ & $-0.077774$ & $-0.09663$ & $0.135852$ & $0.186352$ & $0.199511$ & $-0.339453$ & $-0.372455$ & $-0.366411$ & $-0.0410916$ & $0.320701$ & $0.175428$ & $0.209457$ & $-0.215174$ & $-0.107385$ & $-0.0354894$ & $-0.0138551$ & $-0.0481933$ & $0.226599$ & $-0.0307092$ & $-0.267894$ & $0.075631$ & $-0.00337308$ & $0.0688956$ & $0.0312788$ & $-0.0177282$ & $-0.0234655$ & $-0.0479296$ & $-0.0427508$ & $-0.0359762$ & $0.0056728$ & $-0.042396$ & $-0.0388883$ & $0.00627665$ & $-0.0244441$ & $-0.000844409$ \\
CH & $-0.0288425$ & $-0.0345244$ & $0.0101574$ & $-0.00138735$ & $-0.0166499$ & $0.00934072$ & $-0.320406$ & $0.357639$ & $0.35294$ & $-0.254798$ & $-0.184919$ & $-0.554251$ & $1$ & $-0.224372$ & $0.0661518$ & $0.070716$ & $-0.357577$ & $-0.371421$ & $-0.372612$ & $0.176997$ & $0.19578$ & $0.199646$ & $0.0345947$ & $-0.401036$ & $-0.348524$ & $-0.106678$ & $0.160884$ & $0.0625666$ & $0.0675245$ & $0.296862$ & $0.146037$ & $-0.258091$ & $0.356323$ & $0.216837$ & $-0.00232295$ & $0.0434905$ & $-0.0652212$ & $-0.0246683$ & $-0.0257141$ & $0.0222751$ & $0.0115056$ & $-0.000530331$ & $0.0324718$ & $0.00842339$ & $-0.00270211$ & $0.00873684$ & $0.0110276$ & $0.0126687$ & $-0.0060056$ \\
CHL1_11 & $-0.0310246$ & $-0.014512$ & $-0.0226517$ & $0.00269141$ & $0.0114159$ & $0.0270532$ & $0.0580421$ & $0.0772402$ & $0.0723331$ & $0.223607$ & $-0.494856$ & $-0.0231031$ & $-0.224372$ & $1$ & $0.274422$ & $0.262397$ & $0.660971$ & $0.581686$ & $0.596127$ & $0.516408$ & $0.453197$ & $0.436557$ & $-0.0983474$ & $0.475998$ & $0.60151$ & $-0.236236$ & $-0.1051$ & $0.131735$ & $-0.0218027$ & $-0.0775273$ & $-0.0643273$ & $0.0410935$ & $-0.0778325$ & $-0.232709$ & $-0.0145439$ & $-0.00299203$ & $0.000130221$ & $-0.00523105$ & $-0.00353492$ & $0.00603532$ & $-0.0353739$ & $0.00730653$ & $0.0152766$ & $-0.0160807$ & $-0.004829$ & $-0.015328$ & $-0.0118808$ & $-0.0100509$ & $-0.0043407$ \\
CHL1_22 & $-0.0229182$ & $-0.0521472$ & $-0.0534007$ & $0.0345354$ & $0.0149782$ & $-0.0233444$ & $-0.0504012$ & $0.282041$ & $0.280491$ & $-0.123589$ & $-0.409994$ & $-0.077774$ & $0.0661518$ & $0.274422$ & $1$ & $0.447851$ & $0.161919$ & $-0.467709$ & $-0.0339638$ & $0.478149$ & $0.322213$ & $0.300762$ & $-0.193606$ & $0.111714$ & $-0.132631$ & $-0.18217$ & $-0.414439$ & $0.0917498$ & $-0.0300667$ & $0.0385772$ & $0.0201759$ & $-0.0454775$ & $0.0370654$ & $-0.614814$ & $0.0185352$ & $-0.0307164$ & $-0.028973$ & $-0.0333919$ & $-0.00232969$ & $0.0183899$ & $0.0146692$ & $0.0298072$ & $-0.00478637$ & $0.0384287$ & $0.00532762$ & $-0.0414068$ & $0.0265308$ & $-0.00522966$ & $0.00172952$ \\
CHL1_33 & $-0.0207599$ & $-0.0440048$ & $-0.0558834$ & $-0.00870872$ & $0.0338932$ & $-0.070798$ & $-0.0501024$ & $0.307847$ & $0.307873$ & $-0.156538$ & $-0.423701$ & $-0.09663$ & $0.070716$ & $0.262397$ & $0.447851$ & $1$ & $0.143939$ & $-0.0586116$ & $-0.439308$ & $0.486634$ & $0.343547$ & $0.35681$ & $-0.195878$ & $0.0743602$ & $-0.140212$ & $-0.170556$ & $-0.369921$ & $0.110157$ & $-0.0158145$ & $0.0454017$ & $0.0234778$ & $-0.0392457$ & $0.0748944$ & $-0.103008$ & $0.0188893$ & $-0.0235466$ & $-0.0654706$ & $-0.0308537$ & $-0.0120238$ & $0.0151593$ & $0.0313067$ & $0.0146616$ & $0.0144503$ & $0.00642019$ & $-0.0297617$ & $-0.017377$ & $0.0555699$ & $0.0258896$ & $0.0342489$ \\
CHL3_11 & $-0.0175569$ & $0.00926506$ & $-0.0041946$ & $0.00980731$ & $0.00786433$ & $-0.257009$ & $0.121045$ & $-0.256218$ & $-0.256699$ & $0.428485$ & $-0.198249$ & $0.135852$ & $-0.357577$ & $0.660971$ & $0.161919$ & $0.143939$ & $1$ & $0.725211$ & $0.743429$ & $0.223907$ & $0.166016$ & $0.156737$ & $-0.10279$ & $0.681502$ & $0.776711$ & $-0.0691194$ & $-0.168439$ & $0.0590742$ & $-0.0553545$ & $-0.122759$ & $-0.0810701$ & $0.100825$ & $-0.121613$ & $-0.261635$ & $0.0504528$ & $-0.0107969$ & $0.0154085$ & $0.0138006$ & $0.00586509$ & $0.0124275$ & $-0.0466943$ & $0.0151383$ & $0.00423068$ & $-0.00310559$ & $-0.0292654$ & $-0.0260113$ & $-0.0102106$ & $-0.00597723$ & $0.0283216$ \\
CHL3_22 & $0.0074248$ & $0.0308385$ & $0.0276541$ & $-0.0222671$ & $0.00853013$ & $-0.0822515$ & $0.135506$ & $-0.447484$ & $-0.445657$ & $0.478642$ & $0.092444$ & $0.186352$ & $-0.371421$ & $0.581686$ & $-0.467709$ & $-0.0586116$ & $0.725211$ & $1$ & $0.681644$ & $-0.0956169$ & $-0.0827448$ & $-0.0750263$ & $-0.00531081$ & $0.612536$ & $0.790142$ & $0.0715286$ & $0.00981987$ & $-0.026778$ & $-0.0210346$ & $-0.138778$ & $-0.0843072$ & $0.116393$ & $-0.134219$ & $0.0483283$ & $0.0196508$ & $0.00956415$ & $0.0306919$ & $0.022707$ & $0.0103319$ & $-0.00614575$ & $-0.047198$ & $-0.0110795$ & $0.0077939$ & $-0.0373626$ & $-0.0349378$ & $0.00506238$ & $-0.0223224$ & $-0.00340221$ & $0.0113982$ \\
CHL3_33 & $-0.0014559$ & $0.0160707$ & $0.0208026$ & $0.0192459$ & $-0.00156928$ & $-0.0532854$ & $0.132469$ & $-0.459189$ & $-0.458068$ & $0.502008$ & $0.0924885$ & $0.199511$ & $-0.372612$ & $0.596127$ & $-0.0339638$ & $-0.439308$ & $0.743429$ & $0.681644$ & $1$ & $-0.0907554$ & $-0.0890894$ & $-0.0861721$ & $-0.00650913$ & $0.64408$ & $0.798875$ & $0.0596816$ & $-0.0238819$ & $-0.0364483$ & $-0.0309064$ & $-0.137421$ & $-0.0828128$ & $0.110603$ & $-0.155578$ & $-0.348727$ & $0.0174954$ & $0.00309487$ & $0.0527359$ & $0.0233361$ & $0.0186506$ & $0.00230353$ & $-0.0658251$ & $-0.00126708$ & $-0.0107463$ & $-0.00968275$ & $-0.00329307$ & $-0.0177692$ & $-0.0394728$ & $-0.0190476$ & $-0.0116117$ \\
CHe_11 & $-0.0560422$ & $-0.0224881$ & $-0.0432629$ & $0.00915477$ & $-0.00589392$ & $-0.155576$ & $-0.0716301$ & $0.849279$ & $0.835117$ & $-0.349101$ & $-0.990129$ & $-0.339453$ & $0.176997$ & $0.516408$ & $0.478149$ & $0.486634$ & $0.223907$ & $-0.0956169$ & $-0.0907554$ & $1$ & $0.971969$ & $0.948992$ & $-0.0209828$ & $-0.269072$ & $-0.0271727$ & $-0.549622$ & $0.216394$ & $0.323474$ & $-0.00596939$ & $0.0710946$ & $-0.0022521$ & $-0.0762007$ & $0.0856317$ & $0.274413$ & $-0.0316526$ & $-0.00532933$ & $-0.037031$ & $-0.023417$ & $-0.0263422$ & $0.0166619$ & $0.00224314$ & $0.0324452$ & $0.0215411$ & $0.010034$ & $0.0169702$ & $-0.012858$ & $0.00250459$ & $0.00900631$ & $0.0249551$ \\
CHe_22 & $-0.0614692$ & $-0.0120949$ & $-0.0341827$ & $0.00865857$ & $-0.0167055$ & $-0.165803$ & $-0.0716831$ & $0.896871$ & $0.880951$ & $-0.376222$ & $-0.990772$ & $-0.372455$ & $0.19578$ & $0.453197$ & $0.322213$ & $0.343547$ & $0.166016$ & $-0.0827448$ & $-0.0890894$ & $0.971969$ & $1$ & $0.974532$ & $0.0396728$ & $-0.378376$ & $-0.041261$ & $-0.567535$ & $0.375371$ & $0.336491$ & $0.000520456$ & $0.0752455$ & $-0.00590059$ & $-0.0787776$ & $0.0860234$ & $0.446444$ & $-0.042348$ & $0.00155838$ & $-0.0330479$ & $-0.0154692$ & $-0.0305576$ & $0.0160418$ & $-0.00302441$ & $0.0269569$ & $0.0238688$ & $0.00749798$ & $0.0288953$ & $-0.00422101$ & $-0.00684298$ & $0.00909322$ & $0.0247859$ \\
CHe_33 & $-0.067338$ & $-0.0145376$ & $-0.0446931$ & $0.0154719$ & $-0.00904614$ & $-0.160671$ & $-0.0732883$ & $0.879467$ & $0.863754$ & $-0.365891$ & $-0.967906$ & $-0.366411$ & $0.199646$ & $0.436557$ & $0.300762$ & $0.35681$ & $0.156737$ & $-0.0750263$ & $-0.0861721$ & $0.948992$ & $0.974532$ & $1$ & $0.0393575$ & $-0.378107$ & $-0.040407$ & $-0.550837$ & $0.375024$ & $0.329083$ & $9.568e-05$ & $0.0772308$ & $-0.00419549$ & $-0.0803361$ & $0.086961$ & $0.452622$ & $-0.0422372$ & $0.00344787$ & $-0.033095$ & $-0.0145609$ & $-0.0328905$ & $0.023221$ & $-0.00894489$ & $0.0292003$ & $0.0165344$ & $0.0118029$ & $0.0277053$ & $-0.00557574$ & $-0.00167349$ & $0.0087948$ & $0.0247317$ \\
CHQ1_11 & $-0.00916851$ & $0.0124093$ & $-0.0192372$ & $-0.0125892$ & $-0.0100377$ & $-0.0147533$ & $0.0373834$ & $0.0769854$ & $0.0837853$ & $-0.0651262$ & $-0.00793707$ & $-0.0410916$ & $0.0345947$ & $-0.0983474$ & $-0.193606$ & $-0.195878$ & $-0.10279$ & $-0.00531081$ & $-0.00650913$ & $-0.0209828$ & $0.0396728$ & $0.0393575$ & $1$ & $-0.164065$ & $0.0733379$ & $-0.673374$ & $0.377598$ & $0.016647$ & $0.00381334$ & $-0.00300954$ & $-0.0199716$ & $0.0283155$ & $0.0177111$ & $0.221572$ & $-0.02115$ & $-0.010176$ & $0.0119044$ & $-0.00370219$ & $-0.0130587$ & $-0.0450008$ & $-0.0235199$ & $-0.00946807$ & $0.0760481$ & $-0.0127035$ & $-0.0148381$ & $-0.00914031$ & $-0.0483328$ & $0.0416351$ & $0.0117672$ \\
CHQ1_33 & $-0.0231158$ & $-0.000673933$ & $0.000847514$ & $0.00794559$ & $0.0447897$ & $-0.0137055$ & $0.124161$ & $-0.684427$ & $-0.676015$ & $0.548791$ & $0.324512$ & $0.320701$ & $-0.401036$ & $0.475998$ & $0.111714$ & $0.0743602$ & $0.681502$ & $0.612536$ & $0.64408$ & $-0.269072$ & $-0.378376$ & $-0.378107$ & $-0.164065$ & $1$ & $0.650782$ & $0.242826$ & $-0.421174$ & $-0.0297028$ & $-0.0364009$ & $-0.135209$ & $-0.055389$ & $0.115354$ & $-0.145977$ & $-0.632645$ & $0.049521$ & $-0.0181655$ & $0.0119357$ & $0.0109205$ & $0.0158766$ & $-0.00147107$ & $-0.020594$ & $-0.00955912$ & $-0.0049796$ & $0.00559221$ & $-0.0419747$ & $-0.0332484$ & $0.00174874$ & $-0.0102456$ & $-0.0157887$ \\
CHQ3_11 & $-0.114475$ & $0.0484622$ & $0.023101$ & $0.0196228$ & $0.0232764$ & $-0.106732$ & $0.141172$ & $-0.413396$ & $-0.406875$ & $0.472829$ & $0.0367314$ & $0.175428$ & $-0.348524$ & $0.60151$ & $-0.132631$ & $-0.140212$ & $0.776711$ & $0.790142$ & $0.798875$ & $-0.0271727$ & $-0.041261$ & $-0.040407$ & $0.0733379$ & $0.650782$ & $1$ & $0.042671$ & $0.200268$ & $-0.0235433$ & $-0.0191726$ & $-0.110397$ & $-0.087323$ & $0.121929$ & $-0.135859$ & $-0.200971$ & $0.0209821$ & $-0.0034031$ & $0.0193162$ & $0.0212162$ & $-0.0164933$ & $0.006238$ & $-0.0388026$ & $-0.025042$ & $0.037743$ & $0.00384106$ & $-0.0189281$ & $-0.0123902$ & $-0.054175$ & $-0.0248367$ & $-0.0126104$ \\
CHu_11 & $-0.00595508$ & $0.0137759$ & $0.0471743$ & $0.00997125$ & $0.0199981$ & $0.099942$ & $0.0309517$ & $-0.521287$ & $-0.516483$ & $0.232826$ & $0.562449$ & $0.209457$ & $-0.106678$ & $-0.236236$ & $-0.18217$ & $-0.170556$ & $-0.0691194$ & $0.0715286$ & $0.0596816$ & $-0.549622$ & $-0.567535$ & $-0.550837$ & $-0.673374$ & $0.242826$ & $0.042671$ & $1$ & $-0.201776$ & $-0.207839$ & $0.0101032$ & $-0.0267936$ & $0.00611772$ & $0.0387171$ & $-0.0578916$ & $-0.261602$ & $0.0327041$ & $0.0301634$ & $-0.000556152$ & $0.0316389$ & $0.0193227$ & $0.0197742$ & $0.0261102$ & $-0.0263989$ & $-0.0487935$ & $0.00308631$ & $0.0087993$ & $0.0310521$ & $0.0127336$ & $-0.0519856$ & $-0.0228737$ \\
CHd_11 & $-0.0552077$ & $0.068706$ & $0.0507986$ & $0.0120973$ & $-0.0072019$ & $-0.0905301$ & $-0.00949618$ & $0.424361$ & $0.419598$ & $-0.22764$ & $-0.291859$ & $-0.215174$ & $0.160884$ & $-0.1051$ & $-0.414439$ & $-0.369921$ & $-0.168439$ & $0.00981987$ & $-0.0238819$ & $0.216394$ & $0.375371$ & $0.375024$ & $0.377598$ & $-0.421174$ & $0.200268$ & $-0.201776$ & $1$ & $0.11887$ & $0.0408053$ & $0.0698546$ & $-0.00997965$ & $-0.0155506$ & $0.0442477$ & $0.694603$ & $-0.0529718$ & $0.0220733$ & $-0.0160953$ & $0.0196653$ & $-0.0433059$ & $-0.0018457$ & $0.0215177$ & $-0.0218408$ & $0.0594692$ & $0.00627648$ & $0.0347966$ & $0.0285408$ & $-0.0727046$ & $-0.0169231$ & $-0.0136891$ \\
CHd_33 & $-0.00323111$ & $0.0105568$ & $-0.0323447$ & $0.0316058$ & $0.00544668$ & $-0.086237$ & $-0.0243055$ & $0.304368$ & $0.299627$ & $-0.114513$ & $-0.331182$ & $-0.107385$ & $0.0625666$ & $0.131735$ & $0.0917498$ & $0.110157$ & $0.0590742$ & $-0.026778$ & $-0.0364483$ & $0.323474$ & $0.336491$ & $0.329083$ & $0.016647$ & $-0.0297028$ & $-0.0235433$ & $-0.207839$ & $0.11887$ & $1$ & $-0.0021453$ & $0.0231811$ & $-0.000619273$ & $-0.025671$ & $0.0333302$ & $0.172942$ & $-0.0333491$ & $-0.00351872$ & $0.00443946$ & $0.0324254$ & $0.0153791$ & $0.0219252$ & $0.0198128$ & $-0.0139738$ & $-0.0045712$ & $0.00670526$ & $0.0295824$ & $-0.0270322$ & $-0.00625722$ & $0.00423527$ & $0.0356681$ \\
CeH_22r & $-0.0254438$ & $0.0556267$ & $0.0101965$ & $0.0162225$ & $-0.00433186$ & $0.00859342$ & $-2.7062e-05$ & $0.0172881$ & $0.0227824$ & $-0.0348637$ & $0.00455394$ & $-0.0354894$ & $0.0675245$ & $-0.0218027$ & $-0.0300667$ & $-0.0158145$ & $-0.0553545$ & $-0.0210346$ & $-0.0309064$ & $-0.00596939$ & $0.000520456$ & $9.568e-05$ & $0.00381334$ & $-0.0364009$ & $-0.0191726$ & $0.0101032$ & $0.0408053$ & $-0.0021453$ & $1$ & $0.0529192$ & $0.0187201$ & $-0.00967052$ & $0.0586267$ & $0.0337455$ & $-0.00981546$ & $-0.000314354$ & $-0.0375102$ & $0.0262307$ & $0.0182879$ & $0.0434581$ & $-0.00154426$ & $-5.29828e-05$ & $0.029054$ & $0.01053$ & $0.00927357$ & $0.0215741$ & $-0.0265492$ & $0.00502865$ & $0.0184798$ \\
CeH_33r & $-0.0164085$ & $-0.0605205$ & $0.00352509$ & $0.0131169$ & $0.00107767$ & $-0.0516966$ & $-0.140827$ & $0.13392$ & $0.156184$ & $-0.158333$ & $-0.0734327$ & $-0.0138551$ & $0.296862$ & $-0.0775273$ & $0.0385772$ & $0.0454017$ & $-0.122759$ & $-0.138778$ & $-0.137421$ & $0.0710946$ & $0.0752455$ & $0.0772308$ & $-0.00300954$ & $-0.135209$ & $-0.110397$ & $-0.0267936$ & $0.0698546$ & $0.0231811$ & $0.0529192$ & $1$ & $0.319936$ & $0.0212484$ & $0.671187$ & $0.0691251$ & $-0.02959$ & $-0.00538852$ & $-0.160924$ & $-0.0284782$ & $-0.040347$ & $0.0344223$ & $0.0481924$ & $-0.0332678$ & $0.038559$ & $0.00373397$ & $0.0480407$ & $-0.0123984$ & $0.0206812$ & $0.0259464$ & $0.0157564$ \\
CuH_22r & $0.0279541$ & $-0.0277752$ & $0.00434297$ & $0.000273537$ & $0.0336811$ & $-0.0420721$ & $-0.0636097$ & $0.0352024$ & $0.0472212$ & $-0.084078$ & $0.00390876$ & $-0.0481933$ & $0.146037$ & $-0.0643273$ & $0.0201759$ & $0.0234778$ & $-0.0810701$ & $-0.0843072$ & $-0.0828128$ & $-0.0022521$ & $-0.00590059$ & $-0.00419549$ & $-0.0199716$ & $-0.055389$ & $-0.087323$ & $0.00611772$ & $-0.00997965$ & $-0.000619273$ & $0.0187201$ & $0.319936$ & $1$ & $0.0571508$ & $0.412683$ & $0.00796849$ & $0.0309499$ & $0.0532968$ & $-0.132244$ & $-0.0118896$ & $-0.00182241$ & $0.034319$ & $0.0741443$ & $0.00476461$ & $0.00761774$ & $-0.00295197$ & $-0.0397989$ & $0.0210293$ & $0.376836$ & $-0.0232061$ & $0.0707101$ \\
CuH_33r & $0.0149861$ & $0.0291008$ & $0.00541874$ & $-0.02378$ & $-0.0242972$ & $-0.0208621$ & $0.926233$ & $-0.123961$ & $-0.0832744$ & $0.124915$ & $0.0782876$ & $0.226599$ & $-0.258091$ & $0.0410935$ & $-0.0454775$ & $-0.0392457$ & $0.100825$ & $0.116393$ & $0.110603$ & $-0.0762007$ & $-0.0787776$ & $-0.0803361$ & $0.0283155$ & $0.115354$ & $0.121929$ & $0.0387171$ & $-0.0155506$ & $-0.025671$ & $-0.00967052$ & $0.0212484$ & $0.0571508$ & $1$ & $0.0482244$ & $-0.054415$ & $0.0991984$ & $0.0473724$ & $-0.0177639$ & $0.00439327$ & $0.0223787$ & $-0.0101101$ & $-0.00835951$ & $-0.0126986$ & $0.0153261$ & $-0.00967878$ & $-0.00696194$ & $0.0272355$ & $0.0277111$ & $0.0287758$ & $0.030897$ \\
CdH_33r & $0.0330595$ & $-0.00557604$ & $-0.0737853$ & $0.0276062$ & $0.0129887$ & $-0.0525934$ & $-0.154731$ & $0.14266$ & $0.16342$ & $-0.178527$ & $-0.0850518$ & $-0.0307092$ & $0.356323$ & $-0.0778325$ & $0.0370654$ & $0.0748944$ & $-0.121613$ & $-0.134219$ & $-0.155578$ & $0.0856317$ & $0.0860234$ & $0.086961$ & $0.0177111$ & $-0.145977$ & $-0.135859$ & $-0.0578916$ & $0.0442477$ & $0.0333302$ & $0.0586267$ & $0.671187$ & $0.412683$ & $0.0482244$ & $1$ & $0.0806168$ & $0.021768$ & $-0.0120765$ & $-0.178516$ & $-0.0243675$ & $-0.00245549$ & $0.0083696$ & $0.0330695$ & $-0.0429256$ & $-0.00161306$ & $-0.0396446$ & $-0.0809646$ & $-0.0170454$ & $0.0725647$ & $0.188352$ & $0.437213$ \\
CLL_1221 & $-0.0259665$ & $0.0583221$ & $0.0218949$ & $-0.0245319$ & $-0.0338432$ & $-0.140506$ & $-0.0518992$ & $0.554341$ & $0.542902$ & $-0.337901$ & $-0.356292$ & $-0.267894$ & $0.216837$ & $-0.232709$ & $-0.614814$ & $-0.103008$ & $-0.261635$ & $0.0483283$ & $-0.348727$ & $0.274413$ & $0.446444$ & $0.452622$ & $0.221572$ & $-0.632645$ & $-0.200971$ & $-0.261602$ & $0.694603$ & $0.172942$ & $0.0337455$ & $0.0691251$ & $0.00796849$ & $-0.054415$ & $0.0806168$ & $1$ & $-0.0451214$ & $0.028965$ & $-0.00679315$ & $0.0135959$ & $-0.0271196$ & $-0.00252914$ & $0.00707749$ & $-0.00136531$ & $0.0187221$ & $-0.0173077$ & $0.0191784$ & $0.0389203$ & $-0.0185603$ & $0.0132724$ & $0.0243018$ \\
eHggint & $-0.0248047$ & $-0.119956$ & $-0.0441787$ & $-0.130026$ & $-0.0215482$ & $-0.008828$ & $0.0154718$ & $-0.0476161$ & $-0.0555119$ & $0.0532644$ & $0.0337714$ & $0.075631$ & $-0.00232295$ & $-0.0145439$ & $0.0185352$ & $0.0188893$ & $0.0504528$ & $0.0196508$ & $0.0174954$ & $-0.0316526$ & $-0.042348$ & $-0.0422372$ & $-0.02115$ & $0.049521$ & $0.0209821$ & $0.0327041$ & $-0.0529718$ & $-0.0333491$ & $-0.00981546$ & $-0.02959$ & $0.0309499$ & $0.0991984$ & $0.021768$ & $-0.0451214$ & $1$ & $0.0473871$ & $0.00291027$ & $-0.0288092$ & $-0.0766631$ & $0.038321$ & $-0.0550883$ & $-0.00430575$ & $0.0885943$ & $0.0373517$ & $-0.0116505$ & $0.0598463$ & $0.0735823$ & $0.0736974$ & $0.0704755$ \\
eHggpar & $-0.000773905$ & $0.0645558$ & $-0.0386074$ & $0.0294212$ & $0.00472077$ & $0.0421015$ & $-0.00756379$ & $0.00138422$ & $-0.00765418$ & $-0.0101358$ & $0.00349753$ & $-0.00337308$ & $0.0434905$ & $-0.00299203$ & $-0.0307164$ & $-0.0235466$ & $-0.0107969$ & $0.00956415$ & $0.00309487$ & $-0.00532933$ & $0.00155838$ & $0.00344787$ & $-0.010176$ & $-0.0181655$ & $-0.0034031$ & $0.0301634$ & $0.0220733$ & $-0.00351872$ & $-0.000314354$ & $-0.00538852$ & $0.0532968$ & $0.0473724$ & $-0.0120765$ & $0.028965$ & $0.0473871$ & $1$ & $0.0450632$ & $0.0457501$ & $-0.0124186$ & $-0.0411743$ & $0.0483056$ & $0.00035569$ & $0.0153052$ & $-0.0319916$ & $0.0277716$ & $0.0542664$ & $0.0358596$ & $-0.106837$ & $-0.0215926$ \\
eHWWint & $0.00361529$ & $0.171806$ & $0.125716$ & $-0.0270275$ & $-0.00483619$ & $0.017988$ & $0.0178792$ & $-0.0488197$ & $-0.0569317$ & $0.0273049$ & $0.0412557$ & $0.0688956$ & $-0.0652212$ & $0.000130221$ & $-0.028973$ & $-0.0654706$ & $0.0154085$ & $0.0306919$ & $0.0527359$ & $-0.037031$ & $-0.0330479$ & $-0.033095$ & $0.0119044$ & $0.0119357$ & $0.0193162$ & $-0.000556152$ & $-0.0160953$ & $0.00443946$ & $-0.0375102$ & $-0.160924$ & $-0.132244$ & $-0.0177639$ & $-0.178516$ & $-0.00679315$ & $0.00291027$ & $0.0450632$ & $1$ & $0.00588377$ & $0.0478396$ & $-0.0275269$ & $-0.148015$ & $-0.0113655$ & $-0.0275354$ & $0.0169348$ & $0.0620363$ & $-0.105604$ & $-0.0478747$ & $0.0752941$ & $0.0272532$ \\
eHWWpar & $-0.00202302$ & $0.000923254$ & $0.0310122$ & $0.0549582$ & $-0.000861386$ & $-0.0116312$ & $0.00844647$ & $-0.0205326$ & $-0.0222038$ & $0.0358471$ & $0.0199454$ & $0.0312788$ & $-0.0246683$ & $-0.00523105$ & $-0.0333919$ & $-0.0308537$ & $0.0138006$ & $0.022707$ & $0.0233361$ & $-0.023417$ & $-0.0154692$ & $-0.0145609$ & $-0.00370219$ & $0.0109205$ & $0.0212162$ & $0.0316389$ & $0.0196653$ & $0.0324254$ & $0.0262307$ & $-0.0284782$ & $-0.0118896$ & $0.00439327$ & $-0.0243675$ & $0.0135959$ & $-0.0288092$ & $0.0457501$ & $0.00588377$ & $1$ & $0.00544374$ & $-0.0182773$ & $-0.036318$ & $-0.0472781$ & $-0.00973572$ & $-0.0344122$ & $-0.00104108$ & $-0.0117664$ & $0.00782621$ & $-0.0306408$ & $0.0326295$ \\
eHZZint & $0.112268$ & $-0.0123634$ & $0.0664993$ & $0.0722493$ & $0.00125419$ & $-0.00191779$ & $0.0317712$ & $-0.033486$ & $-0.0357945$ & $-0.0130288$ & $0.0295163$ & $-0.0177282$ & $-0.0257141$ & $-0.00353492$ & $-0.00232969$ & $-0.0120238$ & $0.00586509$ & $0.0103319$ & $0.0186506$ & $-0.0263422$ & $-0.0305576$ & $-0.0328905$ & $-0.0130587$ & $0.0158766$ & $-0.0164933$ & $0.0193227$ & $-0.0433059$ & $0.0153791$ & $0.0182879$ & $-0.040347$ & $-0.00182241$ & $0.0223787$ & $-0.00245549$ & $-0.0271196$ & $-0.0766631$ & $-0.0124186$ & $0.0478396$ & $0.00544374$ & $1$ & $0.00904991$ & $0.0656028$ & $-0.0300357$ & $-0.0151126$ & $0.0459604$ & $0.0443093$ & $0.230379$ & $-0.00395873$ & $0.0753383$ & $0.0562107$ \\
eHZZpar & $-0.0344332$ & $-0.0324659$ & $0.0262833$ & $0.0190924$ & $-0.015767$ & $-0.00336199$ & $-0.011688$ & $0.0146674$ & $0.0129223$ & $-0.00947052$ & $-0.0184725$ & $-0.0234655$ & $0.0222751$ & $0.00603532$ & $0.0183899$ & $0.0151593$ & $0.0124275$ & $-0.00614575$ & $0.00230353$ & $0.0166619$ & $0.0160418$ & $0.023221$ & $-0.0450008$ & $-0.00147107$ & $0.006238$ & $0.0197742$ & $-0.0018457$ & $0.0219252$ & $0.0434581$ & $0.0344223$ & $0.034319$ & $-0.0101101$ & $0.0083696$ & $-0.00252914$ & $0.038321$ & $-0.0411743$ & $-0.0275269$ & $-0.0182773$ & $0.00904991$ & $1$ & $-0.0357364$ & $0.025492$ & $-0.0151414$ & $0.0443381$ & $0.0313075$ & $0.0300649$ & $0.00226376$ & $-0.0381671$ & $-0.0234252$ \\
eHZgaint & $0.109627$ & $0.00227719$ & $0.0612934$ & $-0.0378229$ & $-0.00558589$ & $0.0131929$ & $-0.0279647$ & $0.0213233$ & $0.0200761$ & $-0.096038$ & $0.000631816$ & $-0.0479296$ & $0.0115056$ & $-0.0353739$ & $0.0146692$ & $0.0313067$ & $-0.0466943$ & $-0.047198$ & $-0.0658251$ & $0.00224314$ & $-0.00302441$ & $-0.00894489$ & $-0.0235199$ & $-0.020594$ & $-0.0388026$ & $0.0261102$ & $0.0215177$ & $0.0198128$ & $-0.00154426$ & $0.0481924$ & $0.0741443$ & $-0.00835951$ & $0.0330695$ & $0.00707749$ & $-0.0550883$ & $0.0483056$ & $-0.148015$ & $-0.036318$ & $0.0656028$ & $-0.0357364$ & $1$ & $0.0184405$ & $0.0199059$ & $-0.0958965$ & $-0.0843029$ & $-0.0226724$ & $0.155046$ & $-0.0272945$ & $-0.0303281$ \\
eHZgapar & $0.0548166$ & $-0.0287257$ & $-0.00676544$ & $-0.0240766$ & $0.00617003$ & $-0.00868063$ & $-0.00614245$ & $0.0256378$ & $0.0216092$ & $-0.0428079$ & $-0.0313203$ & $-0.0427508$ & $-0.000530331$ & $0.00730653$ & $0.0298072$ & $0.0146616$ & $0.0151383$ & $-0.0110795$ & $-0.00126708$ & $0.0324452$ & $0.0269569$ & $0.0292003$ & $-0.00946807$ & $-0.00955912$ & $-0.025042$ & $-0.0263989$ & $-0.0218408$ & $-0.0139738$ & $-5.29828e-05$ & $-0.0332678$ & $0.00476461$ & $-0.0126986$ & $-0.0429256$ & $-0.00136531$ & $-0.00430575$ & $0.00035569$ & $-0.0113655$ & $-0.0472781$ & $-0.0300357$ & $0.025492$ & $0.0184405$ & $1$ & $-0.0348337$ & $-0.0276462$ & $0.0501032$ & $0.0238594$ & $-0.0196324$ & $-0.0182776$ & $-0.0536969$ \\
eHgagaint & $-0.022316$ & $-0.0439379$ & $0.0442685$ & $-0.078695$ & $-0.0167284$ & $-0.000144071$ & $0.00525659$ & $0.0221192$ & $0.0871069$ & $-0.0199973$ & $-0.0240115$ & $-0.0359762$ & $0.0324718$ & $0.0152766$ & $-0.00478637$ & $0.0144503$ & $0.00423068$ & $0.0077939$ & $-0.0107463$ & $0.0215411$ & $0.0238688$ & $0.0165344$ & $0.0760481$ & $-0.0049796$ & $0.037743$ & $-0.0487935$ & $0.0594692$ & $-0.0045712$ & $0.029054$ & $0.038559$ & $0.00761774$ & $0.0153261$ & $-0.00161306$ & $0.0187221$ & $0.0885943$ & $0.0153052$ & $-0.0275354$ & $-0.00973572$ & $-0.0151126$ & $-0.0151414$ & $0.0199059$ & $-0.0348337$ & $1$ & $0.08249$ & $-0.0495326$ & $0.0374088$ & $-0.0764964$ & $0.0523874$ & $-0.130349$ \\
eHmumuint & $-0.141485$ & $-0.104534$ & $-0.0853466$ & $0.077301$ & $0.0203006$ & $-0.0411894$ & $-0.0114884$ & $0.0187538$ & $0.0189101$ & $-0.00280453$ & $-0.0113833$ & $0.0056728$ & $0.00842339$ & $-0.0160807$ & $0.0384287$ & $0.00642019$ & $-0.00310559$ & $-0.0373626$ & $-0.00968275$ & $0.010034$ & $0.00749798$ & $0.0118029$ & $-0.0127035$ & $0.00559221$ & $0.00384106$ & $0.00308631$ & $0.00627648$ & $0.00670526$ & $0.01053$ & $0.00373397$ & $-0.00295197$ & $-0.00967878$ & $-0.0396446$ & $-0.0173077$ & $0.0373517$ & $-0.0319916$ & $0.0169348$ & $-0.0344122$ & $0.0459604$ & $0.0443381$ & $-0.0958965$ & $-0.0276462$ & $0.08249$ & $1$ & $0.0542337$ & $-0.0332289$ & $0.0459434$ & $0.0637442$ & $-0.15285$ \\
eHtautauint & $-0.0234171$ & $-0.0650342$ & $0.0753387$ & $0.0512438$ & $-0.0038846$ & $0.032914$ & $0.0021852$ & $0.0405575$ & $0.0303857$ & $-0.0488439$ & $-0.0249968$ & $-0.042396$ & $-0.00270211$ & $-0.004829$ & $0.00532762$ & $-0.0297617$ & $-0.0292654$ & $-0.0349378$ & $-0.00329307$ & $0.0169702$ & $0.0288953$ & $0.0277053$ & $-0.0148381$ & $-0.0419747$ & $-0.0189281$ & $0.0087993$ & $0.0347966$ & $0.0295824$ & $0.00927357$ & $0.0480407$ & $-0.0397989$ & $-0.00696194$ & $-0.0809646$ & $0.0191784$ & $-0.0116505$ & $0.0277716$ & $0.0620363$ & $-0.00104108$ & $0.0443093$ & $0.0313075$ & $-0.0843029$ & $0.0501032$ & $-0.0495326$ & $0.0542337$ & $1$ & $0.146113$ & $-0.0731676$ & $-0.0456248$ & $-0.0915993$ \\
eHccint & $0.0543223$ & $0.145977$ & $0.0080435$ & $-0.0472586$ & $-0.0165463$ & $0.049015$ & $0.0244247$ & $-0.00120282$ & $-0.00639993$ & $-0.0175217$ & $0.0114119$ & $-0.0388883$ & $0.00873684$ & $-0.015328$ & $-0.0414068$ & $-0.017377$ & $-0.0260113$ & $0.00506238$ & $-0.0177692$ & $-0.012858$ & $-0.00422101$ & $-0.00557574$ & $-0.00914031$ & $-0.0332484$ & $-0.0123902$ & $0.0310521$ & $0.0285408$ & $-0.0270322$ & $0.0215741$ & $-0.0123984$ & $0.0210293$ & $0.0272355$ & $-0.0170454$ & $0.0389203$ & $0.0598463$ & $0.0542664$ & $-0.105604$ & $-0.0117664$ & $0.230379$ & $0.0300649$ & $-0.0226724$ & $0.0238594$ & $0.0374088$ & $-0.0332289$ & $0.146113$ & $1$ & $-0.103743$ & $-0.0323602$ & $0.01722$ \\
eHccpar & $0.00435278$ & $0.00298341$ & $-0.0228153$ & $0.011842$ & $0.0330315$ & $-0.000150758$ & $0.00106004$ & $0.00102192$ & $-0.00236636$ & $-0.0207166$ & $0.00271353$ & $0.00627665$ & $0.0110276$ & $-0.0118808$ & $0.0265308$ & $0.0555699$ & $-0.0102106$ & $-0.0223224$ & $-0.0394728$ & $0.00250459$ & $-0.00684298$ & $-0.00167349$ & $-0.0483328$ & $0.00174874$ & $-0.054175$ & $0.0127336$ & $-0.0727046$ & $-0.00625722$ & $-0.0265492$ & $0.0206812$ & $0.376836$ & $0.0277111$ & $0.0725647$ & $-0.0185603$ & $0.0735823$ & $0.0358596$ & $-0.0478747$ & $0.00782621$ & $-0.00395873$ & $0.00226376$ & $0.155046$ & $-0.0196324$ & $-0.0764964$ & $0.0459434$ & $-0.0731676$ & $-0.103743$ & $1$ & $-0.0105889$ & $0.0770568$ \\
eHbbint & $0.00561338$ & $-0.0719549$ & $-0.0998277$ & $0.0152383$ & $-0.0144041$ & $-0.0206046$ & $0.0263626$ & $0.014752$ & $0.0181992$ & $-0.0341145$ & $-0.0102101$ & $-0.0244441$ & $0.0126687$ & $-0.0100509$ & $-0.00522966$ & $0.0258896$ & $-0.00597723$ & $-0.00340221$ & $-0.0190476$ & $0.00900631$ & $0.00909322$ & $0.0087948$ & $0.0416351$ & $-0.0102456$ & $-0.0248367$ & $-0.0519856$ & $-0.0169231$ & $0.00423527$ & $0.00502865$ & $0.0259464$ & $-0.0232061$ & $0.0287758$ & $0.188352$ & $0.0132724$ & $0.0736974$ & $-0.106837$ & $0.0752941$ & $-0.0306408$ & $0.0753383$ & $-0.0381671$ & $-0.0272945$ & $-0.0182776$ & $0.0523874$ & $0.0637442$ & $-0.0456248$ & $-0.0323602$ & $-0.0105889$ & $1$ & $0.0963376$ \\
eHbbpar & $0.0846054$ & $0.102488$ & $-0.106604$ & $0.0751272$ & $0.0292903$ & $-0.0363441$ & $0.0134137$ & $0.0132811$ & $0.00213797$ & $-0.0268759$ & $-0.0224749$ & $-0.000844409$ & $-0.0060056$ & $-0.0043407$ & $0.00172952$ & $0.0342489$ & $0.0283216$ & $0.0113982$ & $-0.0116117$ & $0.0249551$ & $0.0247859$ & $0.0247317$ & $0.0117672$ & $-0.0157887$ & $-0.0126104$ & $-0.0228737$ & $-0.0136891$ & $0.0356681$ & $0.0184798$ & $0.0157564$ & $0.0707101$ & $0.030897$ & $0.437213$ & $0.0243018$ & $0.0704755$ & $-0.0215926$ & $0.0272532$ & $0.0326295$ & $0.0562107$ & $-0.0234252$ & $-0.0303281$ & $-0.0536969$ & $-0.130349$ & $-0.15285$ & $-0.0915993$ & $0.01722$ & $0.0770568$ & $0.0963376$ & $1$ \\
