# Z-pole observables:
# From arXiv: hep-ex/0509008
# Z-pole 1 updated with the results from arXiv: 1912.02067v2 [hep-ph] (Feb 18, 2020)
#
#--  LEP-I  --
CorrelatedGaussianObservables Zpole1 9
Observable Mz_C Mz M_{Z} 1. -1. MCMC weight 91.1882 0.0021 0.
Observable GammaZ_C GammaZ #Gamma_{Z} 1. -1. MCMC weight 2.494592028263827 0.0023 0.
Observable sigmaHadron_C sigmaHadron #sigma_{had} 1. -1. MCMC weight 41.49112910784645 0.0325 0.
Observable Relectron_C Relectron R_{e} 1. -1. MCMC weight 20.73303451165756 0.0497 0.
Observable Rmuon_C Rmuon R_{#mu} 1. -1. MCMC weight 20.73303451165756 0.0335 0.
Observable Rtau_C Rtau R_{#tau} 1. -1. MCMC weight 20.78004762131171 0.0448 0.
Observable AFBelectron_C AFBelectron A_{FB}^{e} 1. -1. MCMC weight 0.0162784884689657 0.0025 0.
Observable AFBmuon_C AFBmuon A_{FB}^{#mu} 1. -1. MCMC weight 0.0162784884689657 0.0013 0.
Observable AFBtau_C AFBtau A_{FB}^{#tau} 1. -1. MCMC weight 0.0162784884689657 0.0017 0.
 1.0000 -0.0238 -0.0507  0.0783  0.0000  0.0019 -0.0139  0.0459  0.0346
-0.0238  1.0000 -0.3249 -0.0110  0.0079  0.0059  0.0071  0.0020  0.0013
-0.0507 -0.3249  1.0000  0.1138  0.1391  0.0987  0.0015  0.0035  0.0018
 0.0783 -0.0110  0.1138  1.0000  0.0694  0.0464 -0.3704  0.0197  0.0132
 0.0000  0.0079  0.1391  0.0694  1.0000  0.0696  0.0013  0.0121 -0.0030
 0.0019  0.0059  0.0987  0.0464  0.0696  1.0000  0.0029  0.0012  0.0093
-0.0139  0.0071  0.0015 -0.3704  0.0013  0.0029  1.0000 -0.0242 -0.0202
 0.0459  0.0020  0.0035  0.0197  0.0121  0.0012 -0.0242  1.0000  0.0464
 0.0346  0.0013  0.0018  0.0132 -0.0030  0.0093 -0.0202  0.0464  1.0000
#
#Observable  sin2thetaEff_C sin2thetaEff sin^{2}#theta_{eff}^{lept} 1. -1. MCMC weight 0.2314833513035433 0.0012 0. 
#
#--  SLD  --
CorrelatedGaussianObservables Zpole2 3
Observable Aelectron_C Aelectron A_{e} 1. -1. MCMC weight 0.1473249852942612 0.0021 0.
Observable Amuon_C Amuon A_{#mu} 1. -1. MCMC weight 0.1473249852942612 0.015 0.
Observable Atau_C Atau A_{#tau} 1. -1. MCMC weight 0.1473249852942612 0.015 0.
1.000  0.038  0.033
0.038  1.000  0.007
0.033  0.007  1.000
#
#--  LEP-I: Ptau  --
CorrelatedGaussianObservables Zpole3 2
Observable AelectronPtau_C Aelectron A_{e} 1. -1. MCMC weight 0.1473249852942612 0.0049 0.
Observable AtauPtau_C Atau A_{#tau} 1. -1. MCMC weight 0.1473249852942612 0.0043 0.
1.000  0.012
0.012  1.000
#
#--  LEP-I/SLD  --
CorrelatedGaussianObservables Zpole4 6
Observable Rbottom_C Rbottom R_{b} 1. -1. MCMC weight 0.2158545260418787 0.00066 0.
Observable Rcharm_C Rcharm R_{c} 1. -1. MCMC weight 0.1722132737582865 0.0030 0.
Observable AFBbottom_C AFBbottom A_{FB}^{b} 1. -1. MCMC weight 0.1032842806358722 0.0016 0.
Observable AFBcharm_C AFBcharm A_{FB}^{c} 1. -1. MCMC weight 0.0738015303644137 0.0035 0.
Observable Abottom_C Abottom A_{b} 1. -1. MCMC weight 0.9347523361777476 0.020 0.
Observable Acharm_C Acharm A_{c} 1. -1. MCMC weight 0.6679249978497573 0.027 0.
 1.00  -0.18  -0.10   0.07  -0.08   0.04
-0.18   1.00   0.04  -0.06   0.04  -0.06
-0.10   0.04   1.00   0.15   0.06   0.01
 0.07  -0.06   0.15   1.00  -0.02   0.04
-0.08   0.04   0.06  -0.02   1.00   0.11
 0.04  -0.06   0.01   0.04   0.11   1.00
#
#--  LEP-II/Tevatron  --
# MW: our LEP2 + Tevatron + ATLAS combination (asummes common Tevatron-ATLAS uncertainty of ~5 MeV)
Observable Mw_C Mw M_{W} 1. -1. MCMC weight 80.36035230732496 0.012 0.
# W width: LEP2 + Tevatron combination
Observable GammaW_C GammaW #Gamma_{W} 1. -1. MCMC weight 2.088408844461316 0.042 0.
# W BR: LEP2
#The hadronic BR is derived asumming lepton universality + Constraint W->lept+W->had=1.
# Do not use in any case for the non-lepton universal fits
#Observable  BrWhadrons_C  BrWhadrons  BR_{Whad}      1. -1. MCMC weight 0.6748628216546417 0.0027 0.
CorrelatedGaussianObservables BRWlept 3
Observable BrWelectron_C BrWelectron BR_{We#nu} 1. -1. MCMC weight 0.1083790594476625 0.0016 0.
Observable BrWmuon_C BrWmuon BR_{W#mu#nu} 1. -1. MCMC weight 0.1083790594476625 0.0015 0.
Observable BrWtau_C BrWtau BR_{W#tau#nu} 1. -1. MCMC weight 0.1083790594476625 0.0021 0.
 1.000  0.136 -0.201
 0.136  1.000 -0.122
-0.201 -0.122  1.000
#
#-- Other results for light or heavy quark flavours--
#
# SLD measurement of As: hep-ex/0006019
Observable As_C Astrange A_{s} 1. -1. MCMC weight 0.9356701083227539 0.091 0.
# LEP-I/SLD: from PDG 2012
Observable Ruc_C Ruc R_{uc} 1. -1. MCMC weight 0.1722351924609731 0.009 0.
# Others (see PDG)
Observable RWc_C RWc R_{Wc} 1. -1. MCMC weight 0.5 0.04 0.
#
