 & AlsMz & dAle5Mz & mtop & mHl & Mz & CW & CHG & CHWB & CHWHB_gaga & CHWHB_gagaorth & CHD & CHbox & CH & CHL1_11 & CHL1_22 & CHL1_33 & CHL3_11 & CHL3_22 & CHL3_33 & CHe_11 & CHe_22 & CHe_33 & CHQ1_11 & CHQ1_33 & CHQ3_11 & CHu_11 & CHd_11 & CHd_33 & CeH_22r & CeH_33r & CuH_22r & CuH_33r & CdH_33r & CLL_1221 & eHggint & eHggpar & eHWWint & eHWWpar & eHZZint & eHZZpar & eHZgaint & eHZgapar & eHgagaint & eHmumuint & eHtautauint & eHccint & eHccpar & eHbbint & eHbbpar \\
AlsMz & $1$ & $0.0766854$ & $-0.0540405$ & $0.0731248$ & $-0.0233199$ & $0.00553277$ & $-0.0166195$ & $0.0656128$ & $0.0641434$ & $-0.0735866$ & $-0.0690662$ & $-0.0755294$ & $0.016475$ & $0.00571895$ & $0.00168998$ & $-0.00224938$ & $-0.00184443$ & $-0.013441$ & $-0.00555645$ & $0.058862$ & $0.0652656$ & $0.0676732$ & $0.0253768$ & $-0.0971147$ & $-0.0744702$ & $-0.078723$ & $0.063676$ & $0.0383835$ & $0.00768356$ & $-0.0213505$ & $0.0135852$ & $-0.0314251$ & $0.0581079$ & $0.054208$ & $0.0278535$ & $-0.121106$ & $0.185995$ & $-0.00245902$ & $-0.15012$ & $0.00567268$ & $-0.00864076$ & $0.048761$ & $0.0720159$ & $-0.0970107$ & $0.183136$ & $-0.119925$ & $0.00798766$ & $0.0351354$ & $0.251249$ \\
dAle5Mz & $0.0766854$ & $1$ & $-0.114366$ & $-0.0358922$ & $0.00457401$ & $-0.0154203$ & $0.0368167$ & $-0.0685785$ & $-0.0739225$ & $0.0243931$ & $0.0709398$ & $0.0172357$ & $-0.00411143$ & $-0.059076$ & $-0.0691663$ & $-0.0282972$ & $-0.0111129$ & $0.0169683$ & $-0.0117241$ & $-0.0567206$ & $-0.0462083$ & $-0.0447979$ & $0.0230706$ & $-0.0164567$ & $0.00316674$ & $0.0145431$ & $0.0278405$ & $-0.0460184$ & $-0.00417648$ & $-0.030439$ & $-0.0671929$ & $0.0207736$ & $-0.0385624$ & $0.0548664$ & $0.0768669$ & $0.0334497$ & $-0.0615756$ & $-0.0274836$ & $-0.070883$ & $0.0368776$ & $0.0317704$ & $0.0213225$ & $-0.126622$ & $-0.190801$ & $0.0564891$ & $0.162452$ & $-0.161815$ & $-0.0161222$ & $0.0229853$ \\
mtop & $-0.0540405$ & $-0.114366$ & $1$ & $-0.108709$ & $-0.0239168$ & $0.0166436$ & $0.0182776$ & $0.00732901$ & $0.0105155$ & $-0.0148757$ & $0.0104316$ & $-0.00425238$ & $-0.0234663$ & $-0.0243498$ & $-0.0479094$ & $-0.0291654$ & $0.00043234$ & $0.0157577$ & $0.000655331$ & $-0.0124156$ & $0.000973705$ & $0.00203237$ & $0.0280526$ & $-0.0323927$ & $0.01066$ & $-0.0135627$ & $0.032746$ & $0.00749586$ & $0.0216298$ & $0.030263$ & $0.102073$ & $-0.00456954$ & $-0.000279576$ & $0.0506415$ & $-0.17806$ & $0.0734041$ & $0.0860811$ & $0.0170895$ & $-0.236811$ & $0.0808824$ & $0.115415$ & $-0.0063497$ & $0.0189035$ & $0.0916343$ & $0.0130377$ & $0.142142$ & $0.22808$ & $-0.155683$ & $0.0477813$ \\
mHl & $0.0731248$ & $-0.0358922$ & $-0.108709$ & $1$ & $-0.0288224$ & $-0.0324387$ & $-0.00918799$ & $0.023377$ & $0.0240114$ & $-0.0156988$ & $-0.0269135$ & $-0.0430288$ & $0.003857$ & $0.0141014$ & $-0.0952188$ & $-0.0397973$ & $0.0221447$ & $0.069727$ & $0.0326194$ & $0.0147886$ & $0.0365565$ & $0.032596$ & $0.0524762$ & $-0.0142951$ & $0.0865261$ & $-0.021213$ & $0.154034$ & $-0.0383527$ & $0.0277718$ & $-0.0189575$ & $-0.0615772$ & $-0.0147656$ & $0.108619$ & $0.0980022$ & $-0.00621188$ & $-0.104894$ & $0.101844$ & $0.0531563$ & $-0.0136403$ & $0.0351883$ & $0.0341314$ & $0.0302787$ & $0.113591$ & $-0.149586$ & $0.028044$ & $-0.0375918$ & $-0.16316$ & $0.0237188$ & $0.324299$ \\
Mz & $-0.0233199$ & $0.00457401$ & $-0.0239168$ & $-0.0288224$ & $1$ & $0.00522422$ & $0.00545554$ & $0.00319391$ & $0.000556227$ & $-0.00467206$ & $0.000642346$ & $0.0182536$ & $-0.0306013$ & $0.0173943$ & $0.0139302$ & $0.022683$ & $0.00148772$ & $0.00012089$ & $-0.0041911$ & $0.00965586$ & $0.00680497$ & $0.0165782$ & $-0.0100106$ & $-0.00104411$ & $-0.00429513$ & $-0.00858782$ & $-0.0211882$ & $-0.0085113$ & $0.0156031$ & $-0.0268097$ & $-0.0104174$ & $0.00386349$ & $-0.0106061$ & $-0.0123673$ & $-0.0110123$ & $-0.0372145$ & $-0.0136053$ & $-0.0164006$ & $0.0498585$ & $0.0592662$ & $-0.0223597$ & $-0.0107194$ & $0.01177$ & $0.00175066$ & $-0.013596$ & $-0.0204095$ & $-0.04773$ & $-0.015911$ & $-0.00975964$ \\
CW & $0.00553277$ & $-0.0154203$ & $0.0166436$ & $-0.0324387$ & $0.00522422$ & $1$ & $0.0131338$ & $-0.136302$ & $-0.127714$ & $0.0380676$ & $0.18349$ & $0.0469911$ & $0.0198198$ & $0.0216958$ & $-0.0482333$ & $-0.0527298$ & $-0.236259$ & $-0.0502173$ & $-0.0414974$ & $-0.177262$ & $-0.189168$ & $-0.184903$ & $-0.0555464$ & $0.0292118$ & $-0.0851309$ & $0.137976$ & $-0.110654$ & $-0.0491217$ & $-0.000432364$ & $0.0165781$ & $-0.00294407$ & $0.0240126$ & $0.0218991$ & $-0.145914$ & $0.00756343$ & $0.0337379$ & $-0.0231762$ & $0.0101714$ & $0.0370701$ & $-0.0316296$ & $0.0171059$ & $0.0128319$ & $-0.0087746$ & $0.0626407$ & $0.00528954$ & $-0.00638797$ & $0.0440757$ & $0.0167353$ & $0.0133216$ \\
CHG & $-0.0166195$ & $0.0368167$ & $0.0182776$ & $-0.00918799$ & $0.00545554$ & $0.0131338$ & $1$ & $-0.109856$ & $-0.0599702$ & $0.0590659$ & $0.0686371$ & $0.149315$ & $-0.304947$ & $0.052067$ & $-0.0503432$ & $-0.019287$ & $0.0801964$ & $0.116116$ & $0.0931089$ & $-0.0659853$ & $-0.0679978$ & $-0.0671841$ & $-0.00733765$ & $0.105919$ & $0.108827$ & $0.0447952$ & $-0.0215559$ & $-0.0350731$ & $0.0017509$ & $-0.145628$ & $-0.102647$ & $0.928163$ & $-0.173601$ & $-0.0435078$ & $-0.0426553$ & $0.0170115$ & $0.0364519$ & $0.0104963$ & $-0.0643309$ & $-0.0132126$ & $-0.0429271$ & $0.0100077$ & $0.00968266$ & $0.00206966$ & $-0.000279338$ & $0.0156308$ & $-0.0194611$ & $0.00616812$ & $-0.00854125$ \\
CHWB & $0.0656128$ & $-0.0685785$ & $0.00732901$ & $0.023377$ & $0.00319391$ & $-0.136302$ & $-0.109856$ & $1$ & $0.984246$ & $-0.550193$ & $-0.883763$ & $-0.425445$ & $0.345607$ & $0.131351$ & $0.26064$ & $0.290181$ & $-0.231255$ & $-0.399511$ & $-0.41067$ & $0.855605$ & $0.900237$ & $0.888159$ & $0.0695198$ & $-0.665243$ & $-0.387032$ & $-0.525046$ & $0.425324$ & $0.325274$ & $0.0216621$ & $0.0864699$ & $0.0471919$ & $-0.113917$ & $0.0896269$ & $0.567936$ & $-0.0284005$ & $0.00722402$ & $0.110178$ & $-0.00660173$ & $-0.0377392$ & $0.0410082$ & $0.0218078$ & $-0.0289748$ & $-0.0474975$ & $-0.00373755$ & $-0.0126544$ & $-0.0024806$ & $0.0600882$ & $-0.00458519$ & $-0.0377161$ \\
CHWHB_gaga & $0.0641434$ & $-0.0739225$ & $0.0105155$ & $0.0240114$ & $0.000556227$ & $-0.127714$ & $-0.0599702$ & $0.984246$ & $1$ & $-0.540292$ & $-0.867635$ & $-0.406177$ & $0.342637$ & $0.125208$ & $0.259065$ & $0.28784$ & $-0.233363$ & $-0.398383$ & $-0.409133$ & $0.840705$ & $0.883449$ & $0.871883$ & $0.0656448$ & $-0.655666$ & $-0.386199$ & $-0.515674$ & $0.414889$ & $0.316783$ & $0.0263905$ & $0.101065$ & $0.0549451$ & $-0.0739998$ & $0.109678$ & $0.556315$ & $-0.0453238$ & $-0.00518426$ & $0.110296$ & $-0.0135165$ & $-0.0369302$ & $0.036582$ & $0.0174218$ & $-0.0307$ & $0.00599584$ & $0.00125424$ & $-0.00524769$ & $0.0101716$ & $0.0537213$ & $0.0032372$ & $-0.0409612$ \\
CHWHB_gagaorth & $-0.0735866$ & $0.0243931$ & $-0.0148757$ & $-0.0156988$ & $-0.00467206$ & $0.0380676$ & $0.0590659$ & $-0.550193$ & $-0.540292$ & $1$ & $0.331742$ & $0.6618$ & $-0.240192$ & $0.228279$ & $-0.0903373$ & $-0.112424$ & $0.450357$ & $0.478525$ & $0.480228$ & $-0.317923$ & $-0.348038$ & $-0.352899$ & $-0.0667682$ & $0.551089$ & $0.466185$ & $0.207946$ & $-0.247803$ & $-0.160505$ & $-0.0264847$ & $-0.105306$ & $-0.0447986$ & $0.0882926$ & $-0.132175$ & $-0.346751$ & $0.0426573$ & $0.093541$ & $-0.0647756$ & $0.00791604$ & $0.0179988$ & $-0.0383969$ & $-0.0575425$ & $0.016204$ & $-4.34742e-05$ & $-0.0165322$ & $0.0328666$ & $0.0176614$ & $-0.017757$ & $-0.00516243$ & $0.00316731$ \\
CHD & $-0.0690662$ & $0.0709398$ & $0.0104316$ & $-0.0269135$ & $0.000642346$ & $0.18349$ & $0.0686371$ & $-0.883763$ & $-0.867635$ & $0.331742$ & $1$ & $0.342479$ & $-0.178495$ & $-0.534481$ & $-0.388702$ & $-0.399752$ & $-0.214884$ & $0.044908$ & $0.0527365$ & $-0.990206$ & $-0.99097$ & $-0.969115$ & $-0.000308817$ & $0.305872$ & $0.0135848$ & $0.569112$ & $-0.307098$ & $-0.349409$ & $-0.00731323$ & $-0.0468064$ & $-0.0289469$ & $0.0759687$ & $-0.0444027$ & $-0.373191$ & $0.0172851$ & $-0.00512181$ & $-0.0569122$ & $-0.00573174$ & $0.00963388$ & $-0.030058$ & $-0.0038014$ & $0.0331752$ & $0.0470302$ & $0.00968757$ & $0.00951255$ & $-0.0089755$ & $-0.0449067$ & $-0.0166208$ & $0.0477726$ \\
CHbox & $-0.0755294$ & $0.0172357$ & $-0.00425238$ & $-0.0430288$ & $0.0182536$ & $0.0469911$ & $0.149315$ & $-0.425445$ & $-0.406177$ & $0.6618$ & $0.342479$ & $1$ & $-0.567881$ & $-0.0045956$ & $-0.0861001$ & $-0.0648302$ & $0.16775$ & $0.221284$ & $0.19929$ & $-0.321508$ & $-0.353791$ & $-0.347916$ & $-0.0361472$ & $0.325163$ & $0.198789$ & $0.199828$ & $-0.225669$ & $-0.14492$ & $-0.0384173$ & $0.0254421$ & $-0.011284$ & $0.198827$ & $0.00607604$ & $-0.258271$ & $0.0427053$ & $0.122079$ & $-0.0471828$ & $0.028195$ & $0.0132417$ & $-0.0533685$ & $-0.0372659$ & $-0.014611$ & $-0.0175155$ & $-0.0348639$ & $0.0529809$ & $0.0271687$ & $0.0140218$ & $-0.0104231$ & $-0.00293018$ \\
CH & $0.016475$ & $-0.00411143$ & $-0.0234663$ & $0.003857$ & $-0.0306013$ & $0.0198198$ & $-0.304947$ & $0.345607$ & $0.342637$ & $-0.240192$ & $-0.178495$ & $-0.567881$ & $1$ & $-0.208329$ & $0.0835861$ & $0.0869872$ & $-0.350103$ & $-0.376207$ & $-0.37163$ & $0.174588$ & $0.185286$ & $0.183934$ & $0.017608$ & $-0.382064$ & $-0.365495$ & $-0.10302$ & $0.115891$ & $0.0568599$ & $0.045198$ & $0.259906$ & $0.122561$ & $-0.257506$ & $0.335756$ & $0.195254$ & $0.0419181$ & $-0.039809$ & $-0.00528496$ & $-0.0365693$ & $0.00487348$ & $0.0186346$ & $0.0439308$ & $0.0155666$ & $-0.0190425$ & $-0.000993731$ & $-0.00681063$ & $0.00980147$ & $-0.00182238$ & $-0.00844251$ & $-0.00101098$ \\
CHL1_11 & $0.00571895$ & $-0.059076$ & $-0.0243498$ & $0.0141014$ & $0.0173943$ & $0.0216958$ & $0.052067$ & $0.131351$ & $0.125208$ & $0.228279$ & $-0.534481$ & $-0.0045956$ & $-0.208329$ & $1$ & $0.287468$ & $0.25334$ & $0.652723$ & $0.580592$ & $0.591119$ & $0.550938$ & $0.495475$ & $0.472841$ & $-0.10897$ & $0.457826$ & $0.596108$ & $-0.265108$ & $-0.0572718$ & $0.168785$ & $-0.00954743$ & $-0.0336119$ & $-0.0132547$ & $0.0485521$ & $-0.0540735$ & $-0.202511$ & $-1.8194e-05$ & $0.00562336$ & $-0.0567331$ & $0.0205515$ & $0.0468239$ & $-0.0224634$ & $-0.0438877$ & $-0.0209314$ & $-0.0182315$ & $-0.00482771$ & $-0.0067942$ & $0.029305$ & $0.00111673$ & $0.0314585$ & $-0.0435892$ \\
CHL1_22 & $0.00168998$ & $-0.0691663$ & $-0.0479094$ & $-0.0952188$ & $0.0139302$ & $-0.0482333$ & $-0.0503432$ & $0.26064$ & $0.259065$ & $-0.0903373$ & $-0.388702$ & $-0.0861001$ & $0.0835861$ & $0.287468$ & $1$ & $0.454163$ & $0.164456$ & $-0.448387$ & $-0.0265524$ & $0.458448$ & $0.299283$ & $0.291148$ & $-0.194814$ & $0.122803$ & $-0.119184$ & $-0.171133$ & $-0.422724$ & $0.100261$ & $0.0007694$ & $0.0073988$ & $0.0292098$ & $-0.0438314$ & $0.0247181$ & $-0.619003$ & $0.0533324$ & $-0.0716921$ & $-0.199116$ & $-0.0350573$ & $0.103394$ & $-0.033898$ & $-0.0179783$ & $0.0107364$ & $-0.0116345$ & $0.061036$ & $-0.0136033$ & $0.0360878$ & $0.0104862$ & $0.0796837$ & $-0.0379902$ \\
CHL1_33 & $-0.00224938$ & $-0.0282972$ & $-0.0291654$ & $-0.0397973$ & $0.022683$ & $-0.0527298$ & $-0.019287$ & $0.290181$ & $0.28784$ & $-0.112424$ & $-0.399752$ & $-0.0648302$ & $0.0869872$ & $0.25334$ & $0.454163$ & $1$ & $0.138877$ & $-0.0529026$ & $-0.455796$ & $0.467605$ & $0.31721$ & $0.336327$ & $-0.149202$ & $0.092129$ & $-0.152993$ & $-0.208153$ & $-0.395413$ & $0.106155$ & $-0.0455498$ & $0.0544179$ & $0.0335852$ & $-0.0074218$ & $0.0706425$ & $-0.115014$ & $0.0320219$ & $-0.0707091$ & $-0.147753$ & $-0.0349359$ & $0.0706646$ & $0.0112079$ & $0.0426545$ & $0.0222056$ & $-0.00513188$ & $0.0309834$ & $-0.0304857$ & $0.0359269$ & $0.0241402$ & $0.0735888$ & $-0.00613423$ \\
CHL3_11 & $-0.00184443$ & $-0.0111129$ & $0.00043234$ & $0.0221447$ & $0.00148772$ & $-0.236259$ & $0.0801964$ & $-0.231255$ & $-0.233363$ & $0.450357$ & $-0.214884$ & $0.16775$ & $-0.350103$ & $0.652723$ & $0.164456$ & $0.138877$ & $1$ & $0.734714$ & $0.732449$ & $0.23561$ & $0.18411$ & $0.162955$ & $-0.0879152$ & $0.675942$ & $0.777316$ & $-0.0985684$ & $-0.132044$ & $0.0414824$ & $-0.0229474$ & $-0.0926075$ & $-0.0414859$ & $0.0661669$ & $-0.108313$ & $-0.243585$ & $0.00890914$ & $0.014425$ & $-0.0661389$ & $0.0322979$ & $0.0270106$ & $-0.0017667$ & $-0.023378$ & $-0.0104013$ & $0.000508341$ & $-0.00813721$ & $0.0108053$ & $0.0111654$ & $-0.0296747$ & $0.0185643$ & $-0.0197173$ \\
CHL3_22 & $-0.013441$ & $0.0169683$ & $0.0157577$ & $0.069727$ & $0.00012089$ & $-0.0502173$ & $0.116116$ & $-0.399511$ & $-0.398383$ & $0.478525$ & $0.044908$ & $0.221284$ & $-0.376207$ & $0.580592$ & $-0.448387$ & $-0.0529026$ & $0.734714$ & $1$ & $0.669928$ & $-0.0524124$ & $-0.0337786$ & $-0.0442456$ & $-0.00250977$ & $0.609516$ & $0.789511$ & $0.0315633$ & $0.0458794$ & $-0.0224263$ & $-0.029613$ & $-0.0748974$ & $-0.0493855$ & $0.1061$ & $-0.0993393$ & $0.063048$ & $-0.0229263$ & $0.0437457$ & $0.0293579$ & $0.0471023$ & $-0.0162134$ & $0.00517514$ & $-0.0196412$ & $-0.0158888$ & $0.0109966$ & $-0.0434$ & $0.0104928$ & $-0.00108448$ & $-0.0259149$ & $-0.0143183$ & $0.00469635$ \\
CHL3_33 & $-0.00555645$ & $-0.0117241$ & $0.000655331$ & $0.0326194$ & $-0.0041911$ & $-0.0414974$ & $0.0931089$ & $-0.41067$ & $-0.409133$ & $0.480228$ & $0.0527365$ & $0.19929$ & $-0.37163$ & $0.591119$ & $-0.0265524$ & $-0.455796$ & $0.732449$ & $0.669928$ & $1$ & $-0.0596362$ & $-0.0443262$ & $-0.0541901$ & $-0.0257789$ & $0.613118$ & $0.800784$ & $0.0559456$ & $0.0385692$ & $-0.0259922$ & $0.00718278$ & $-0.111208$ & $-0.0589532$ & $0.0802925$ & $-0.134317$ & $-0.321311$ & $-0.00130722$ & $0.0388892$ & $-0.00387497$ & $0.0469162$ & $0.00850295$ & $-0.0310296$ & $-0.0660594$ & $-0.0158727$ & $0.0114564$ & $-0.02509$ & $0.0253422$ & $0.00620654$ & $-0.0362878$ & $-0.0089749$ & $-0.0207217$ \\
CHe_11 & $0.058862$ & $-0.0567206$ & $-0.0124156$ & $0.0147886$ & $0.00965586$ & $-0.177262$ & $-0.0659853$ & $0.855605$ & $0.840705$ & $-0.317923$ & $-0.990206$ & $-0.321508$ & $0.174588$ & $0.550938$ & $0.458448$ & $0.467605$ & $0.23561$ & $-0.0524124$ & $-0.0596362$ & $1$ & $0.97192$ & $0.951038$ & $-0.0291924$ & $-0.253963$ & $-0.0109886$ & $-0.556408$ & $0.228376$ & $0.34297$ & $0.000509533$ & $0.046493$ & $0.0307141$ & $-0.0710543$ & $0.0478634$ & $0.292877$ & $-0.0108528$ & $-0.00399208$ & $0.0238332$ & $0.00395804$ & $0.00406209$ & $0.0292708$ & $0.00438204$ & $-0.032872$ & $-0.0444738$ & $-0.00877724$ & $-0.0127291$ & $0.0185647$ & $0.0444863$ & $0.0292664$ & $-0.0488884$ \\
CHe_22 & $0.0652656$ & $-0.0462083$ & $0.000973705$ & $0.0365565$ & $0.00680497$ & $-0.189168$ & $-0.0679978$ & $0.900237$ & $0.883449$ & $-0.348038$ & $-0.99097$ & $-0.353791$ & $0.185286$ & $0.495475$ & $0.299283$ & $0.31721$ & $0.18411$ & $-0.0337786$ & $-0.0443262$ & $0.97192$ & $1$ & $0.97485$ & $0.0297722$ & $-0.35957$ & $-0.0165385$ & $-0.571173$ & $0.389634$ & $0.351055$ & $0.0131524$ & $0.0469644$ & $0.0260577$ & $-0.0770573$ & $0.0408188$ & $0.461616$ & $-0.0219622$ & $0.0176914$ & $0.0853626$ & $0.0121998$ & $-0.0251517$ & $0.0377444$ & $0.00632006$ & $-0.0384606$ & $-0.0508495$ & $-0.0209356$ & $-0.00599406$ & $0.00978674$ & $0.0436585$ & $0.0036763$ & $-0.0496961$ \\
CHe_33 & $0.0676732$ & $-0.0447979$ & $0.00203237$ & $0.032596$ & $0.0165782$ & $-0.184903$ & $-0.0671841$ & $0.888159$ & $0.871883$ & $-0.352899$ & $-0.969115$ & $-0.347916$ & $0.183934$ & $0.472841$ & $0.291148$ & $0.336327$ & $0.162955$ & $-0.0442456$ & $-0.0541901$ & $0.951038$ & $0.97485$ & $1$ & $0.0337863$ & $-0.363949$ & $-0.0281954$ & $-0.561679$ & $0.384957$ & $0.34667$ & $0.00814483$ & $0.0481072$ & $0.0246156$ & $-0.074213$ & $0.0393248$ & $0.460148$ & $-0.0254832$ & $0.0128574$ & $0.0872744$ & $0.0102237$ & $-0.0233118$ & $0.035686$ & $0.000313897$ & $-0.0243114$ & $-0.0406403$ & $-0.0235643$ & $-0.00574104$ & $0.0179451$ & $0.0511108$ & $0.00114031$ & $-0.0534415$ \\
CHQ1_11 & $0.0253768$ & $0.0230706$ & $0.0280526$ & $0.0524762$ & $-0.0100106$ & $-0.0555464$ & $-0.00733765$ & $0.0695198$ & $0.0656448$ & $-0.0667682$ & $-0.000308817$ & $-0.0361472$ & $0.017608$ & $-0.10897$ & $-0.194814$ & $-0.149202$ & $-0.0879152$ & $-0.00250977$ & $-0.0257789$ & $-0.0291924$ & $0.0297722$ & $0.0337863$ & $1$ & $-0.147961$ & $0.0575446$ & $-0.665257$ & $0.351991$ & $0.0109967$ & $-0.00584537$ & $0.0122733$ & $-0.038078$ & $-0.0151131$ & $0.00280108$ & $0.225989$ & $-0.042544$ & $0.0134841$ & $0.0887451$ & $0.017269$ & $-0.00854771$ & $-0.00889328$ & $0.0545011$ & $0.00400695$ & $-0.0361455$ & $-0.0406855$ & $0.0245149$ & $-0.012964$ & $0.0175231$ & $-0.0112169$ & $0.00742318$ \\
CHQ1_33 & $-0.0971147$ & $-0.0164567$ & $-0.0323927$ & $-0.0142951$ & $-0.00104411$ & $0.0292118$ & $0.105919$ & $-0.665243$ & $-0.655666$ & $0.551089$ & $0.305872$ & $0.325163$ & $-0.382064$ & $0.457826$ & $0.122803$ & $0.092129$ & $0.675942$ & $0.609516$ & $0.613118$ & $-0.253963$ & $-0.35957$ & $-0.363949$ & $-0.147961$ & $1$ & $0.647238$ & $0.21893$ & $-0.397161$ & $-0.051902$ & $-0.0308$ & $-0.079059$ & $-0.0352687$ & $0.102396$ & $-0.0960846$ & $-0.622711$ & $0.0108107$ & $-0.0245653$ & $-0.160302$ & $0.0270149$ & $0.0874692$ & $-0.047094$ & $-0.0566782$ & $0.0190501$ & $0.014318$ & $0.00618605$ & $-0.00925893$ & $0.0253632$ & $-0.0502239$ & $0.0497539$ & $-0.0130962$ \\
CHQ3_11 & $-0.0744702$ & $0.00316674$ & $0.01066$ & $0.0865261$ & $-0.00429513$ & $-0.0851309$ & $0.108827$ & $-0.387032$ & $-0.386199$ & $0.466185$ & $0.0135848$ & $0.198789$ & $-0.365495$ & $0.596108$ & $-0.119184$ & $-0.152993$ & $0.777316$ & $0.789511$ & $0.800784$ & $-0.0109886$ & $-0.0165385$ & $-0.0281954$ & $0.0575446$ & $0.647238$ & $1$ & $0.0288438$ & $0.230971$ & $-0.0263177$ & $-0.00635464$ & $-0.100575$ & $-0.0486568$ & $0.0935279$ & $-0.12539$ & $-0.19703$ & $-0.00905305$ & $0.0346884$ & $0.0329031$ & $0.0349783$ & $-0.0134753$ & $-0.0184922$ & $-0.0256217$ & $-0.0024107$ & $-0.0131931$ & $-0.0414126$ & $-0.00490575$ & $0.00799899$ & $-0.0260028$ & $-0.0532043$ & $-0.015196$ \\
CHu_11 & $-0.078723$ & $0.0145431$ & $-0.0135627$ & $-0.021213$ & $-0.00858782$ & $0.137976$ & $0.0447952$ & $-0.525046$ & $-0.515674$ & $0.207946$ & $0.569112$ & $0.199828$ & $-0.10302$ & $-0.265108$ & $-0.171133$ & $-0.208153$ & $-0.0985684$ & $0.0315633$ & $0.0559456$ & $-0.556408$ & $-0.571173$ & $-0.561679$ & $-0.665257$ & $0.21893$ & $0.0288438$ & $1$ & $-0.1989$ & $-0.205629$ & $0.0085864$ & $-0.0357139$ & $0.00490868$ & $0.049829$ & $-0.0448294$ & $-0.280617$ & $0.0110929$ & $-0.00483443$ & $-0.0333514$ & $-0.0022236$ & $-0.00169345$ & $-0.00458231$ & $-0.0492485$ & $-0.00833751$ & $0.0411218$ & $0.00496165$ & $-0.0376327$ & $-0.00871442$ & $-0.0326887$ & $-0.0414942$ & $-0.0105847$ \\
CHd_11 & $0.063676$ & $0.0278405$ & $0.032746$ & $0.154034$ & $-0.0211882$ & $-0.110654$ & $-0.0215559$ & $0.425324$ & $0.414889$ & $-0.247803$ & $-0.307098$ & $-0.225669$ & $0.115891$ & $-0.0572718$ & $-0.422724$ & $-0.395413$ & $-0.132044$ & $0.0458794$ & $0.0385692$ & $0.228376$ & $0.389634$ & $0.384957$ & $0.351991$ & $-0.397161$ & $0.230971$ & $-0.1989$ & $1$ & $0.116192$ & $0.0403139$ & $0.0103338$ & $-0.0048069$ & $-0.0441523$ & $-0.00924743$ & $0.68865$ & $-0.0671912$ & $0.0544061$ & $0.302411$ & $0.0307381$ & $-0.136924$ & $0.0314004$ & $0.00660874$ & $-0.0178694$ & $-0.0544391$ & $-0.0862865$ & $0.00290583$ & $-0.0354599$ & $0.0198954$ & $-0.126424$ & $0.00157859$ \\
CHd_33 & $0.0383835$ & $-0.0460184$ & $0.00749586$ & $-0.0383527$ & $-0.0085113$ & $-0.0491217$ & $-0.0350731$ & $0.325274$ & $0.316783$ & $-0.160505$ & $-0.349409$ & $-0.14492$ & $0.0568599$ & $0.168785$ & $0.100261$ & $0.106155$ & $0.0414824$ & $-0.0224263$ & $-0.0259922$ & $0.34297$ & $0.351055$ & $0.34667$ & $0.0109967$ & $-0.051902$ & $-0.0263177$ & $-0.205629$ & $0.116192$ & $1$ & $0.0351272$ & $0.00935535$ & $0.0196065$ & $-0.0428404$ & $0.0106042$ & $0.166953$ & $-0.0482395$ & $0.00547512$ & $0.00206821$ & $-0.00966929$ & $0.00700218$ & $-0.00227623$ & $-0.000593866$ & $0.0150533$ & $-0.0380327$ & $-0.0109668$ & $0.000368482$ & $0.00644594$ & $0.0611267$ & $0.0584724$ & $-0.0611055$ \\
CeH_22r & $0.00768356$ & $-0.00417648$ & $0.0216298$ & $0.0277718$ & $0.0156031$ & $-0.000432364$ & $0.0017509$ & $0.0216621$ & $0.0263905$ & $-0.0264847$ & $-0.00731323$ & $-0.0384173$ & $0.045198$ & $-0.00954743$ & $0.0007694$ & $-0.0455498$ & $-0.0229474$ & $-0.029613$ & $0.00718278$ & $0.000509533$ & $0.0131524$ & $0.00814483$ & $-0.00584537$ & $-0.0308$ & $-0.00635464$ & $0.0085864$ & $0.0403139$ & $0.0351272$ & $1$ & $-0.00517978$ & $0.0202463$ & $-0.0217986$ & $0.0176689$ & $0.0156017$ & $-0.00121225$ & $-0.0408893$ & $0.045771$ & $-0.00205697$ & $-0.0276467$ & $-0.00921998$ & $0.00294517$ & $0.0128105$ & $0.0214621$ & $-0.00939892$ & $0.00639513$ & $0.00599286$ & $-0.00284565$ & $-0.0133005$ & $0.0315477$ \\
CeH_33r & $-0.0213505$ & $-0.030439$ & $0.030263$ & $-0.0189575$ & $-0.0268097$ & $0.0165781$ & $-0.145628$ & $0.0864699$ & $0.101065$ & $-0.105306$ & $-0.0468064$ & $0.0254421$ & $0.259906$ & $-0.0336119$ & $0.0073988$ & $0.0544179$ & $-0.0926075$ & $-0.0748974$ & $-0.111208$ & $0.046493$ & $0.0469644$ & $0.0481072$ & $0.0122733$ & $-0.079059$ & $-0.100575$ & $-0.0357139$ & $0.0103338$ & $0.00935535$ & $-0.00517978$ & $1$ & $0.337466$ & $0.0217394$ & $0.683402$ & $0.0564171$ & $0.0134925$ & $-0.0123036$ & $-0.132829$ & $-0.045652$ & $0.0486809$ & $-0.00934996$ & $0.0226914$ & $-0.00710629$ & $-0.0566182$ & $-0.00556151$ & $0.0782365$ & $0.0710605$ & $0.0242411$ & $0.0097724$ & $-0.0309504$ \\
CuH_22r & $0.0135852$ & $-0.0671929$ & $0.102073$ & $-0.0615772$ & $-0.0104174$ & $-0.00294407$ & $-0.102647$ & $0.0471919$ & $0.0549451$ & $-0.0447986$ & $-0.0289469$ & $-0.011284$ & $0.122561$ & $-0.0132547$ & $0.0292098$ & $0.0335852$ & $-0.0414859$ & $-0.0493855$ & $-0.0589532$ & $0.0307141$ & $0.0260577$ & $0.0246156$ & $-0.038078$ & $-0.0352687$ & $-0.0486568$ & $0.00490868$ & $-0.0048069$ & $0.0196065$ & $0.0202463$ & $0.337466$ & $1$ & $-0.00303964$ & $0.393801$ & $0.0094173$ & $-0.0449432$ & $0.00115331$ & $-0.158531$ & $-0.000783778$ & $0.0139324$ & $-0.0162636$ & $0.0460396$ & $0.0416474$ & $-0.0824825$ & $0.0326624$ & $-0.0343494$ & $0.0907943$ & $0.314913$ & $0.00114101$ & $-0.0453084$ \\
CuH_33r & $-0.0314251$ & $0.0207736$ & $-0.00456954$ & $-0.0147656$ & $0.00386349$ & $0.0240126$ & $0.928163$ & $-0.113917$ & $-0.0739998$ & $0.0882926$ & $0.0759687$ & $0.198827$ & $-0.257506$ & $0.0485521$ & $-0.0438314$ & $-0.0074218$ & $0.0661669$ & $0.1061$ & $0.0802925$ & $-0.0710543$ & $-0.0770573$ & $-0.074213$ & $-0.0151131$ & $0.102396$ & $0.0935279$ & $0.049829$ & $-0.0441523$ & $-0.0428404$ & $-0.0217986$ & $0.0217394$ & $-0.00303964$ & $1$ & $0.024391$ & $-0.0563663$ & $0.0385197$ & $0.0293088$ & $-0.00227427$ & $0.0136183$ & $-0.039919$ & $-0.014529$ & $-0.0421375$ & $0.0165287$ & $2.32786e-05$ & $-0.0121455$ & $0.0203373$ & $0.0241894$ & $-0.018119$ & $-0.0125703$ & $-0.0216058$ \\
CdH_33r & $0.0581079$ & $-0.0385624$ & $-0.000279576$ & $0.108619$ & $-0.0106061$ & $0.0218991$ & $-0.173601$ & $0.0896269$ & $0.109678$ & $-0.132175$ & $-0.0444027$ & $0.00607604$ & $0.335756$ & $-0.0540735$ & $0.0247181$ & $0.0706425$ & $-0.108313$ & $-0.0993393$ & $-0.134317$ & $0.0478634$ & $0.0408188$ & $0.0393248$ & $0.00280108$ & $-0.0960846$ & $-0.12539$ & $-0.0448294$ & $-0.00924743$ & $0.0106042$ & $0.0176689$ & $0.683402$ & $0.393801$ & $0.024391$ & $1$ & $0.042953$ & $-0.00308692$ & $-0.0892351$ & $-0.076483$ & $-0.0470997$ & $0.00363982$ & $-0.0151825$ & $0.0782849$ & $-0.0166502$ & $-0.0510603$ & $0.00671292$ & $0.114314$ & $0.0318502$ & $-0.00355624$ & $0.0908646$ & $0.309813$ \\
CLL_1221 & $0.054208$ & $0.0548664$ & $0.0506415$ & $0.0980022$ & $-0.0123673$ & $-0.145914$ & $-0.0435078$ & $0.567936$ & $0.556315$ & $-0.346751$ & $-0.373191$ & $-0.258271$ & $0.195254$ & $-0.202511$ & $-0.619003$ & $-0.115014$ & $-0.243585$ & $0.063048$ & $-0.321311$ & $0.292877$ & $0.461616$ & $0.460148$ & $0.225989$ & $-0.622711$ & $-0.19703$ & $-0.280617$ & $0.68865$ & $0.166953$ & $0.0156017$ & $0.0564171$ & $0.0094173$ & $-0.0563663$ & $0.042953$ & $1$ & $-0.0658491$ & $0.0679841$ & $0.250361$ & $0.0220394$ & $-0.128044$ & $0.071021$ & $0.0415801$ & $-0.0278975$ & $-0.0357317$ & $-0.0567211$ & $0.00689636$ & $-0.0265877$ & $0.0310757$ & $-0.0742788$ & $0.00561402$ \\
eHggint & $0.0278535$ & $0.0768669$ & $-0.17806$ & $-0.00621188$ & $-0.0110123$ & $0.00756343$ & $-0.0426553$ & $-0.0284005$ & $-0.0453238$ & $0.0426573$ & $0.0172851$ & $0.0427053$ & $0.0419181$ & $-1.8194e-05$ & $0.0533324$ & $0.0320219$ & $0.00890914$ & $-0.0229263$ & $-0.00130722$ & $-0.0108528$ & $-0.0219622$ & $-0.0254832$ & $-0.042544$ & $0.0108107$ & $-0.00905305$ & $0.0110929$ & $-0.0671912$ & $-0.0482395$ & $-0.00121225$ & $0.0134925$ & $-0.0449432$ & $0.0385197$ & $-0.00308692$ & $-0.0658491$ & $1$ & $-0.0909041$ & $-0.0115399$ & $0.0794165$ & $-0.0700641$ & $-0.0232477$ & $0.211418$ & $0.0396347$ & $0.0253819$ & $-0.125801$ & $0.185626$ & $-0.0315386$ & $-0.122783$ & $-0.138432$ & $0.0839011$ \\
eHggpar & $-0.121106$ & $0.0334497$ & $0.0734041$ & $-0.104894$ & $-0.0372145$ & $0.0337379$ & $0.0170115$ & $0.00722402$ & $-0.00518426$ & $0.093541$ & $-0.00512181$ & $0.122079$ & $-0.039809$ & $0.00562336$ & $-0.0716921$ & $-0.0707091$ & $0.014425$ & $0.0437457$ & $0.0388892$ & $-0.00399208$ & $0.0176914$ & $0.0128574$ & $0.0134841$ & $-0.0245653$ & $0.0346884$ & $-0.00483443$ & $0.0544061$ & $0.00547512$ & $-0.0408893$ & $-0.0123036$ & $0.00115331$ & $0.0293088$ & $-0.0892351$ & $0.0679841$ & $-0.0909041$ & $1$ & $0.110192$ & $0.0431106$ & $-0.0676982$ & $-0.0623721$ & $0.0406795$ & $-0.00637844$ & $-0.147516$ & $0.13535$ & $0.0722665$ & $-0.0931776$ & $0.10415$ & $-0.0459927$ & $-0.132506$ \\
eHWWint & $0.185995$ & $-0.0615756$ & $0.0860811$ & $0.101844$ & $-0.0136053$ & $-0.0231762$ & $0.0364519$ & $0.110178$ & $0.110296$ & $-0.0647756$ & $-0.0569122$ & $-0.0471828$ & $-0.00528496$ & $-0.0567331$ & $-0.199116$ & $-0.147753$ & $-0.0661389$ & $0.0293579$ & $-0.00387497$ & $0.0238332$ & $0.0853626$ & $0.0872744$ & $0.0887451$ & $-0.160302$ & $0.0329031$ & $-0.0333514$ & $0.302411$ & $0.00206821$ & $0.045771$ & $-0.132829$ & $-0.158531$ & $-0.00227427$ & $-0.076483$ & $0.250361$ & $-0.0115399$ & $0.110192$ & $1$ & $0.0368817$ & $-0.368927$ & $0.0273647$ & $0.127734$ & $-0.0258591$ & $0.188734$ & $-0.0777478$ & $0.187297$ & $-0.141295$ & $-0.146462$ & $-0.21372$ & $0.337803$ \\
eHWWpar & $-0.00245902$ & $-0.0274836$ & $0.0170895$ & $0.0531563$ & $-0.0164006$ & $0.0101714$ & $0.0104963$ & $-0.00660173$ & $-0.0135165$ & $0.00791604$ & $-0.00573174$ & $0.028195$ & $-0.0365693$ & $0.0205515$ & $-0.0350573$ & $-0.0349359$ & $0.0322979$ & $0.0471023$ & $0.0469162$ & $0.00395804$ & $0.0121998$ & $0.0102237$ & $0.017269$ & $0.0270149$ & $0.0349783$ & $-0.0022236$ & $0.0307381$ & $-0.00966929$ & $-0.00205697$ & $-0.045652$ & $-0.000783778$ & $0.0136183$ & $-0.0470997$ & $0.0220394$ & $0.0794165$ & $0.0431106$ & $0.0368817$ & $1$ & $0.0228908$ & $0.0183167$ & $0.0282108$ & $0.00305313$ & $0.018013$ & $-0.00255132$ & $0.039143$ & $-0.0331912$ & $-0.0122323$ & $0.00616042$ & $-0.0325144$ \\
eHZZint & $-0.15012$ & $-0.070883$ & $-0.236811$ & $-0.0136403$ & $0.0498585$ & $0.0370701$ & $-0.0643309$ & $-0.0377392$ & $-0.0369302$ & $0.0179988$ & $0.00963388$ & $0.0132417$ & $0.00487348$ & $0.0468239$ & $0.103394$ & $0.0706646$ & $0.0270106$ & $-0.0162134$ & $0.00850295$ & $0.00406209$ & $-0.0251517$ & $-0.0233118$ & $-0.00854771$ & $0.0874692$ & $-0.0134753$ & $-0.00169345$ & $-0.136924$ & $0.00700218$ & $-0.0276467$ & $0.0486809$ & $0.0139324$ & $-0.039919$ & $0.00363982$ & $-0.128044$ & $-0.0700641$ & $-0.0676982$ & $-0.368927$ & $0.0228908$ & $1$ & $-0.0747276$ & $-0.0940118$ & $-0.0142177$ & $0.0168784$ & $-0.135853$ & $-0.13223$ & $0.0422361$ & $-0.0745994$ & $0.11098$ & $-0.216517$ \\
eHZZpar & $0.00567268$ & $0.0368776$ & $0.0808824$ & $0.0351883$ & $0.0592662$ & $-0.0316296$ & $-0.0132126$ & $0.0410082$ & $0.036582$ & $-0.0383969$ & $-0.030058$ & $-0.0533685$ & $0.0186346$ & $-0.0224634$ & $-0.033898$ & $0.0112079$ & $-0.0017667$ & $0.00517514$ & $-0.0310296$ & $0.0292708$ & $0.0377444$ & $0.035686$ & $-0.00889328$ & $-0.047094$ & $-0.0184922$ & $-0.00458231$ & $0.0314004$ & $-0.00227623$ & $-0.00921998$ & $-0.00934996$ & $-0.0162636$ & $-0.014529$ & $-0.0151825$ & $0.071021$ & $-0.0232477$ & $-0.0623721$ & $0.0273647$ & $0.0183167$ & $-0.0747276$ & $1$ & $-0.0509343$ & $-0.0270861$ & $0.0437497$ & $-0.0154954$ & $-0.0239576$ & $-0.113965$ & $-0.01571$ & $-0.0221558$ & $-0.00264606$ \\
eHZgaint & $-0.00864076$ & $0.0317704$ & $0.115415$ & $0.0341314$ & $-0.0223597$ & $0.0171059$ & $-0.0429271$ & $0.0218078$ & $0.0174218$ & $-0.0575425$ & $-0.0038014$ & $-0.0372659$ & $0.0439308$ & $-0.0438877$ & $-0.0179783$ & $0.0426545$ & $-0.023378$ & $-0.0196412$ & $-0.0660594$ & $0.00438204$ & $0.00632006$ & $0.000313897$ & $0.0545011$ & $-0.0566782$ & $-0.0256217$ & $-0.0492485$ & $0.00660874$ & $-0.000593866$ & $0.00294517$ & $0.0226914$ & $0.0460396$ & $-0.0421375$ & $0.0782849$ & $0.0415801$ & $0.211418$ & $0.0406795$ & $0.127734$ & $0.0282108$ & $-0.0940118$ & $-0.0509343$ & $1$ & $0.0121977$ & $0.0612923$ & $-0.0857499$ & $0.101459$ & $0.119515$ & $0.152571$ & $-0.11643$ & $0.226761$ \\
eHZgapar & $0.048761$ & $0.0213225$ & $-0.0063497$ & $0.0302787$ & $-0.0107194$ & $0.0128319$ & $0.0100077$ & $-0.0289748$ & $-0.0307$ & $0.016204$ & $0.0331752$ & $-0.014611$ & $0.0155666$ & $-0.0209314$ & $0.0107364$ & $0.0222056$ & $-0.0104013$ & $-0.0158888$ & $-0.0158727$ & $-0.032872$ & $-0.0384606$ & $-0.0243114$ & $0.00400695$ & $0.0190501$ & $-0.0024107$ & $-0.00833751$ & $-0.0178694$ & $0.0150533$ & $0.0128105$ & $-0.00710629$ & $0.0416474$ & $0.0165287$ & $-0.0166502$ & $-0.0278975$ & $0.0396347$ & $-0.00637844$ & $-0.0258591$ & $0.00305313$ & $-0.0142177$ & $-0.0270861$ & $0.0121977$ & $1$ & $0.0385619$ & $0.0946599$ & $0.0328243$ & $0.0894244$ & $0.00367218$ & $-0.0202555$ & $0.0159797$ \\
eHgagaint & $0.0720159$ & $-0.126622$ & $0.0189035$ & $0.113591$ & $0.01177$ & $-0.0087746$ & $0.00968266$ & $-0.0474975$ & $0.00599584$ & $-4.34742e-05$ & $0.0470302$ & $-0.0175155$ & $-0.0190425$ & $-0.0182315$ & $-0.0116345$ & $-0.00513188$ & $0.000508341$ & $0.0109966$ & $0.0114564$ & $-0.0444738$ & $-0.0508495$ & $-0.0406403$ & $-0.0361455$ & $0.014318$ & $-0.0131931$ & $0.0411218$ & $-0.0544391$ & $-0.0380327$ & $0.0214621$ & $-0.0566182$ & $-0.0824825$ & $2.32786e-05$ & $-0.0510603$ & $-0.0357317$ & $0.0253819$ & $-0.147516$ & $0.188734$ & $0.018013$ & $0.0168784$ & $0.0437497$ & $0.0612923$ & $0.0385619$ & $1$ & $0.060944$ & $0.0849907$ & $0.0629155$ & $-0.14806$ & $-0.0444744$ & $0.0447944$ \\
eHmumuint & $-0.0970107$ & $-0.190801$ & $0.0916343$ & $-0.149586$ & $0.00175066$ & $0.0626407$ & $0.00206966$ & $-0.00373755$ & $0.00125424$ & $-0.0165322$ & $0.00968757$ & $-0.0348639$ & $-0.000993731$ & $-0.00482771$ & $0.061036$ & $0.0309834$ & $-0.00813721$ & $-0.0434$ & $-0.02509$ & $-0.00877724$ & $-0.0209356$ & $-0.0235643$ & $-0.0406855$ & $0.00618605$ & $-0.0414126$ & $0.00496165$ & $-0.0862865$ & $-0.0109668$ & $-0.00939892$ & $-0.00556151$ & $0.0326624$ & $-0.0121455$ & $0.00671292$ & $-0.0567211$ & $-0.125801$ & $0.13535$ & $-0.0777478$ & $-0.00255132$ & $-0.135853$ & $-0.0154954$ & $-0.0857499$ & $0.0946599$ & $0.060944$ & $1$ & $-0.117111$ & $-0.130555$ & $0.166087$ & $0.0287663$ & $0.0753457$ \\
eHtautauint & $0.183136$ & $0.0564891$ & $0.0130377$ & $0.028044$ & $-0.013596$ & $0.00528954$ & $-0.000279338$ & $-0.0126544$ & $-0.00524769$ & $0.0328666$ & $0.00951255$ & $0.0529809$ & $-0.00681063$ & $-0.0067942$ & $-0.0136033$ & $-0.0304857$ & $0.0108053$ & $0.0104928$ & $0.0253422$ & $-0.0127291$ & $-0.00599406$ & $-0.00574104$ & $0.0245149$ & $-0.00925893$ & $-0.00490575$ & $-0.0376327$ & $0.00290583$ & $0.000368482$ & $0.00639513$ & $0.0782365$ & $-0.0343494$ & $0.0203373$ & $0.114314$ & $0.00689636$ & $0.185626$ & $0.0722665$ & $0.187297$ & $0.039143$ & $-0.13223$ & $-0.0239576$ & $0.101459$ & $0.0328243$ & $0.0849907$ & $-0.117111$ & $1$ & $0.122314$ & $-0.194406$ & $0.137698$ & $0.245358$ \\
eHccint & $-0.119925$ & $0.162452$ & $0.142142$ & $-0.0375918$ & $-0.0204095$ & $-0.00638797$ & $0.0156308$ & $-0.0024806$ & $0.0101716$ & $0.0176614$ & $-0.0089755$ & $0.0271687$ & $0.00980147$ & $0.029305$ & $0.0360878$ & $0.0359269$ & $0.0111654$ & $-0.00108448$ & $0.00620654$ & $0.0185647$ & $0.00978674$ & $0.0179451$ & $-0.012964$ & $0.0253632$ & $0.00799899$ & $-0.00871442$ & $-0.0354599$ & $0.00644594$ & $0.00599286$ & $0.0710605$ & $0.0907943$ & $0.0241894$ & $0.0318502$ & $-0.0265877$ & $-0.0315386$ & $-0.0931776$ & $-0.141295$ & $-0.0331912$ & $0.0422361$ & $-0.113965$ & $0.119515$ & $0.0894244$ & $0.0629155$ & $-0.130555$ & $0.122314$ & $1$ & $0.0641015$ & $-0.120296$ & $-0.0677513$ \\
eHccpar & $0.00798766$ & $-0.161815$ & $0.22808$ & $-0.16316$ & $-0.04773$ & $0.0440757$ & $-0.0194611$ & $0.0600882$ & $0.0537213$ & $-0.017757$ & $-0.0449067$ & $0.0140218$ & $-0.00182238$ & $0.00111673$ & $0.0104862$ & $0.0241402$ & $-0.0296747$ & $-0.0259149$ & $-0.0362878$ & $0.0444863$ & $0.0436585$ & $0.0511108$ & $0.0175231$ & $-0.0502239$ & $-0.0260028$ & $-0.0326887$ & $0.0198954$ & $0.0611267$ & $-0.00284565$ & $0.0242411$ & $0.314913$ & $-0.018119$ & $-0.00355624$ & $0.0310757$ & $-0.122783$ & $0.10415$ & $-0.146462$ & $-0.0122323$ & $-0.0745994$ & $-0.01571$ & $0.152571$ & $0.00367218$ & $-0.14806$ & $0.166087$ & $-0.194406$ & $0.0641015$ & $1$ & $0.00892527$ & $-0.098194$ \\
eHbbint & $0.0351354$ & $-0.0161222$ & $-0.155683$ & $0.0237188$ & $-0.015911$ & $0.0167353$ & $0.00616812$ & $-0.00458519$ & $0.0032372$ & $-0.00516243$ & $-0.0166208$ & $-0.0104231$ & $-0.00844251$ & $0.0314585$ & $0.0796837$ & $0.0735888$ & $0.0185643$ & $-0.0143183$ & $-0.0089749$ & $0.0292664$ & $0.0036763$ & $0.00114031$ & $-0.0112169$ & $0.0497539$ & $-0.0532043$ & $-0.0414942$ & $-0.126424$ & $0.0584724$ & $-0.0133005$ & $0.0097724$ & $0.00114101$ & $-0.0125703$ & $0.0908646$ & $-0.0742788$ & $-0.138432$ & $-0.0459927$ & $-0.21372$ & $0.00616042$ & $0.11098$ & $-0.0221558$ & $-0.11643$ & $-0.0202555$ & $-0.0444744$ & $0.0287663$ & $0.137698$ & $-0.120296$ & $0.00892527$ & $1$ & $-0.106085$ \\
eHbbpar & $0.251249$ & $0.0229853$ & $0.0477813$ & $0.324299$ & $-0.00975964$ & $0.0133216$ & $-0.00854125$ & $-0.0377161$ & $-0.0409612$ & $0.00316731$ & $0.0477726$ & $-0.00293018$ & $-0.00101098$ & $-0.0435892$ & $-0.0379902$ & $-0.00613423$ & $-0.0197173$ & $0.00469635$ & $-0.0207217$ & $-0.0488884$ & $-0.0496961$ & $-0.0534415$ & $0.00742318$ & $-0.0130962$ & $-0.015196$ & $-0.0105847$ & $0.00157859$ & $-0.0611055$ & $0.0315477$ & $-0.0309504$ & $-0.0453084$ & $-0.0216058$ & $0.309813$ & $0.00561402$ & $0.0839011$ & $-0.132506$ & $0.337803$ & $-0.0325144$ & $-0.216517$ & $-0.00264606$ & $0.226761$ & $0.0159797$ & $0.0447944$ & $0.0753457$ & $0.245358$ & $-0.0677513$ & $-0.098194$ & $-0.106085$ & $1$ \\
