 & AlsMz & dAle5Mz & mtop & mHl & Mz & CW & CHG & CHWB & CHWHB_gaga & CHWHB_gagaorth & CHD & CHbox & CH & CHL1_11 & CHL1_22 & CHL1_33 & CHL3_11 & CHL3_22 & CHL3_33 & CHe_11 & CHe_22 & CHe_33 & CHQ1_11 & CHQ1_33 & CHQ3_11 & CHu_11 & CHd_11 & CHd_33 & CeH_22r & CeH_33r & CuH_22r & CuH_33r & CdH_33r & CLL_1221 & eHggint & eHggpar & eHWWint & eHWWpar & eHZZint & eHZZpar & eHZgaint & eHZgapar & eHgagaint & eHmumuint & eHtautauint & eHccint & eHccpar & eHbbint & eHbbpar \\
AlsMz & $1$ & $-0.0202348$ & $-0.0695528$ & $-0.0302812$ & $0.0172344$ & $0.0142566$ & $-0.0189541$ & $0.022599$ & $0.0249621$ & $0.0115068$ & $-0.0333226$ & $0.0323878$ & $0.017861$ & $0.029354$ & $-0.00467736$ & $0.00534807$ & $-0.0077414$ & $0.00849535$ & $-0.00138255$ & $0.021796$ & $0.0248796$ & $0.021203$ & $0.00343436$ & $-0.0556079$ & $-0.096738$ & $-0.057378$ & $-0.00807349$ & $0.0363063$ & $-0.00318129$ & $0.0302981$ & $0.00763618$ & $-0.0164094$ & $0.0107396$ & $0.0123444$ & $-0.043539$ & $0.11553$ & $-0.0258777$ & $0.000598548$ & $-0.00398527$ & $0.00671019$ & $-0.0590967$ & $0.00170952$ & $0.0550073$ & $-0.0771646$ & $0.102418$ & $0.0555952$ & $-0.0288296$ & $-0.120576$ & $0.0241456$ \\
dAle5Mz & $-0.0202348$ & $1$ & $0.110014$ & $0.0756457$ & $0.00408609$ & $0.0342647$ & $-0.0403331$ & $-0.0764792$ & $-0.0764526$ & $0.026362$ & $0.0532566$ & $0.0286832$ & $0.016381$ & $-0.00181917$ & $0.00602011$ & $0.0278411$ & $0.019011$ & $0.0117229$ & $0.00204089$ & $-0.0234103$ & $-0.0283606$ & $-0.024193$ & $0.00182074$ & $0.0297165$ & $0.00947009$ & $-0.00945774$ & $-0.0419325$ & $0.000351674$ & $0.00266197$ & $0.0138945$ & $0.00278174$ & $-0.0397494$ & $0.0489333$ & $-0.000301277$ & $-0.00284485$ & $-0.04409$ & $-0.0233496$ & $0.0147807$ & $-0.0833749$ & $0.0101847$ & $0.00762193$ & $0.00698063$ & $-0.0327788$ & $0.131122$ & $-0.0467401$ & $0.0226776$ & $-0.0289478$ & $-0.0212813$ & $0.0392132$ \\
mtop & $-0.0695528$ & $0.110014$ & $1$ & $0.0218267$ & $-0.00804679$ & $-0.0191776$ & $-0.0146337$ & $-0.0159056$ & $-0.0144949$ & $0.0198843$ & $0.0132367$ & $0.00804837$ & $0.00947762$ & $0.00534399$ & $0.00670368$ & $-0.00722568$ & $0.0275454$ & $0.0118036$ & $0.0216066$ & $-0.00231364$ & $-0.0010807$ & $-0.00389729$ & $0.013077$ & $0.0117357$ & $0.0170948$ & $-0.0285311$ & $-0.0219214$ & $-0.0245671$ & $0.00757499$ & $-0.00130262$ & $-0.0158945$ & $-0.0156421$ & $0.00525768$ & $-0.00414899$ & $-0.0802812$ & $0.0861913$ & $0.0407938$ & $-0.0197571$ & $-0.00346281$ & $-0.0218946$ & $0.0231982$ & $0.0292082$ & $0.0333205$ & $-0.0393337$ & $-0.094605$ & $0.0423621$ & $-0.0491903$ & $0.0544221$ & $-0.0041014$ \\
mHl & $-0.0302812$ & $0.0756457$ & $0.0218267$ & $1$ & $0.00426937$ & $-0.0149024$ & $-0.0139291$ & $-0.0294829$ & $-0.0295893$ & $0.00113244$ & $0.0206578$ & $-0.0104604$ & $-0.00282565$ & $0.00999496$ & $0.0106628$ & $0.0233165$ & $0.00861387$ & $0.0102261$ & $0.00139973$ & $-0.0142709$ & $-0.0222976$ & $-0.0227407$ & $-0.00922185$ & $0.0322799$ & $0.000682656$ & $0.0181827$ & $-0.0401199$ & $-0.0185575$ & $0.00442176$ & $0.0263142$ & $-0.014721$ & $-0.00848475$ & $0.0298899$ & $-0.0287792$ & $-0.0125929$ & $-0.00576066$ & $-0.105612$ & $-0.0164055$ & $-0.0727859$ & $-0.0140475$ & $0.00504266$ & $0.00702956$ & $0.0147727$ & $0.00476305$ & $0.0220295$ & $-0.112833$ & $-0.0835138$ & $0.019014$ & $0.00968457$ \\
Mz & $0.0172344$ & $0.00408609$ & $-0.00804679$ & $0.00426937$ & $1$ & $0.000867733$ & $-0.00964895$ & $-0.0127237$ & $-0.00924734$ & $0.00535934$ & $0.0254938$ & $0.0255734$ & $0.0100391$ & $-0.00820861$ & $-0.00985117$ & $0.0027187$ & $-0.0120098$ & $-0.00336572$ & $-0.0125965$ & $-0.0178104$ & $-0.0173963$ & $-0.0185103$ & $-0.0199222$ & $-0.00019867$ & $-0.00784675$ & $0.0241456$ & $-0.00451135$ & $-0.00479197$ & $-0.0160914$ & $-0.0118535$ & $-0.0130241$ & $-0.00937867$ & $0.00364674$ & $-0.00594071$ & $0.0203727$ & $-0.0150632$ & $0.00189673$ & $-0.000964537$ & $-0.00562662$ & $0.0165067$ & $0.0120096$ & $-0.00190792$ & $0.0116443$ & $0.00607168$ & $-0.0123326$ & $-0.0244009$ & $-0.0251267$ & $0.00880651$ & $-0.00325203$ \\
CW & $0.0142566$ & $0.0342647$ & $-0.0191776$ & $-0.0149024$ & $0.000867733$ & $1$ & $-0.00904195$ & $-0.119041$ & $-0.114095$ & $0.0277698$ & $0.18628$ & $0.0172328$ & $-0.00510733$ & $0.00810932$ & $-0.100673$ & $-0.0855046$ & $-0.259562$ & $-0.0484627$ & $-0.060216$ & $-0.185094$ & $-0.186335$ & $-0.184574$ & $-0.0019876$ & $-0.0138527$ & $-0.0966384$ & $0.0923462$ & $-0.0700237$ & $-0.0587577$ & $-0.00640489$ & $-0.0143892$ & $0.00321211$ & $-0.00939083$ & $-0.00848851$ & $-0.0991635$ & $-0.0172533$ & $-0.0112174$ & $-0.00427062$ & $-0.00925238$ & $-0.0208057$ & $-0.00604785$ & $-0.00683709$ & $0.00601868$ & $-0.00956668$ & $0.0128322$ & $-0.0209471$ & $-0.00513028$ & $0.00386631$ & $0.0458818$ & $-0.00691154$ \\
CHG & $-0.0189541$ & $-0.0403331$ & $-0.0146337$ & $-0.0139291$ & $-0.00964895$ & $-0.00904195$ & $1$ & $-0.0419893$ & $0.0171778$ & $0.0700401$ & $0.0273107$ & $-0.333736$ & $-0.419774$ & $0.0130408$ & $-0.0210827$ & $-0.0190899$ & $0.0324481$ & $0.0402974$ & $0.0396372$ & $-0.028736$ & $-0.0287247$ & $-0.0258919$ & $0.0166835$ & $0.0429256$ & $0.0290408$ & $0.00278897$ & $-0.0190036$ & $-0.00666676$ & $-0.0111479$ & $-0.188366$ & $-0.109115$ & $0.945363$ & $-0.244751$ & $-0.0180441$ & $-0.0396862$ & $0.00931264$ & $0.00761956$ & $0.0097177$ & $0.0171512$ & $-0.00209642$ & $0.00343898$ & $-0.00927156$ & $0.00426997$ & $0.0034862$ & $0.0233435$ & $0.00160243$ & $-0.0321559$ & $-0.021408$ & $-0.0380516$ \\
CHWB & $0.022599$ & $-0.0764792$ & $-0.0159056$ & $-0.0294829$ & $-0.0127237$ & $-0.119041$ & $-0.0419893$ & $1$ & $0.982203$ & $-0.540815$ & $-0.863146$ & $0.0352867$ & $0.170774$ & $0.0500399$ & $0.290473$ & $0.279513$ & $-0.26013$ & $-0.445429$ & $-0.439665$ & $0.833125$ & $0.881711$ & $0.864398$ & $0.0829877$ & $-0.675366$ & $-0.412427$ & $-0.49536$ & $0.438358$ & $0.294877$ & $0.024766$ & $0.0812753$ & $0.0361054$ & $-0.031323$ & $0.0851515$ & $0.570868$ & $0.00957761$ & $0.00981939$ & $0.00123996$ & $-0.00839282$ & $-0.00938763$ & $0.0074968$ & $0.00680527$ & $0.0311577$ & $-0.0360339$ & $-0.0289982$ & $-0.00354423$ & $0.00267132$ & $0.00103968$ & $-0.0146274$ & $0.00883856$ \\
CHWHB_gaga & $0.0249621$ & $-0.0764526$ & $-0.0144949$ & $-0.0295893$ & $-0.00924734$ & $-0.114095$ & $0.0171778$ & $0.982203$ & $1$ & $-0.533863$ & $-0.846846$ & $0.0389715$ & $0.150923$ & $0.047358$ & $0.284252$ & $0.272242$ & $-0.257511$ & $-0.438729$ & $-0.43263$ & $0.817187$ & $0.865239$ & $0.847343$ & $0.0835835$ & $-0.664618$ & $-0.405441$ & $-0.487386$ & $0.432912$ & $0.286504$ & $0.0325226$ & $0.0987404$ & $0.0441582$ & $0.0207841$ & $0.0989271$ & $0.561028$ & $-0.00692749$ & $-4.96048e-06$ & $-0.0201776$ & $-0.0101742$ & $-0.00777864$ & $0.0111414$ & $0.00356199$ & $0.0326898$ & $0.0280631$ & $-0.0283541$ & $-0.00441085$ & $0.0126979$ & $-0.00488426$ & $-0.0165938$ & $-0.000271735$ \\
CHWHB_gagaorth & $0.0115068$ & $0.026362$ & $0.0198843$ & $0.00113244$ & $0.00535934$ & $0.0277698$ & $0.0700401$ & $-0.540815$ & $-0.533863$ & $1$ & $0.352381$ & $0.0793028$ & $-0.240446$ & $0.185172$ & $-0.134234$ & $-0.11884$ & $0.362266$ & $0.427494$ & $0.420791$ & $-0.339382$ & $-0.365719$ & $-0.359076$ & $-0.041129$ & $0.495837$ & $0.410094$ & $0.201512$ & $-0.224338$ & $-0.119833$ & $-0.0212529$ & $-0.183551$ & $-0.093965$ & $0.0622812$ & $-0.2172$ & $-0.320951$ & $0.0347146$ & $2.54669e-06$ & $0.00995185$ & $-0.0132814$ & $0.00519757$ & $-0.00979371$ & $-0.0339309$ & $-0.0136648$ & $0.0246378$ & $0.0158872$ & $0.00296565$ & $0.0049967$ & $-0.024767$ & $0.000125821$ & $-0.0317232$ \\
CHD & $-0.0333226$ & $0.0532566$ & $0.0132367$ & $0.0206578$ & $0.0254938$ & $0.18628$ & $0.0273107$ & $-0.863146$ & $-0.846846$ & $0.352381$ & $1$ & $0.00749835$ & $-0.136734$ & $-0.502504$ & $-0.418522$ & $-0.409456$ & $-0.229322$ & $0.0419475$ & $0.0363693$ & $-0.990071$ & $-0.991175$ & $-0.970368$ & $-0.0341656$ & $0.277782$ & $-0.00178619$ & $0.570708$ & $-0.295945$ & $-0.331532$ & $-0.0126173$ & $-0.0967159$ & $-0.0266383$ & $0.0216771$ & $-0.0979028$ & $-0.360378$ & $-0.000330149$ & $-0.0166888$ & $0.00164435$ & $0.00475349$ & $0.0108228$ & $0.00549054$ & $0.00746513$ & $-0.0275388$ & $0.022382$ & $0.0336074$ & $-0.012431$ & $-0.0144943$ & $-0.00760812$ & $0.00617038$ & $-0.0114047$ \\
CHbox & $0.0323878$ & $0.0286832$ & $0.00804837$ & $-0.0104604$ & $0.0255734$ & $0.0172328$ & $-0.333736$ & $0.0352867$ & $0.0389715$ & $0.0793028$ & $0.00749835$ & $1$ & $0.755182$ & $-0.0847973$ & $0.0427586$ & $0.0406755$ & $-0.0871692$ & $-0.103466$ & $-0.101148$ & $0.00224318$ & $-0.0102417$ & $-0.00615982$ & $-0.0247044$ & $-0.0622597$ & $-0.0948149$ & $0.0185585$ & $-0.0175365$ & $-0.000527016$ & $0.0705427$ & $0.450625$ & $0.179116$ & $-0.236915$ & $0.504017$ & $-0.00671203$ & $0.0799512$ & $0.0301949$ & $-0.0151508$ & $-0.0160722$ & $-0.0371175$ & $0.00898705$ & $-0.0299652$ & $0.018716$ & $-0.0144999$ & $-0.00828448$ & $-0.0100622$ & $-0.0123278$ & $0.014244$ & $-0.0282245$ & $0.00274697$ \\
CH & $0.017861$ & $0.016381$ & $0.00947762$ & $-0.00282565$ & $0.0100391$ & $-0.00510733$ & $-0.419774$ & $0.170774$ & $0.150923$ & $-0.240446$ & $-0.136734$ & $0.755182$ & $1$ & $-0.0154016$ & $0.0656313$ & $0.0634543$ & $-0.0698331$ & $-0.106553$ & $-0.103461$ & $0.135666$ & $0.1382$ & $0.138703$ & $-0.00267562$ & $-0.128153$ & $-0.0942672$ & $-0.0720037$ & $0.0613781$ & $0.0575273$ & $0.0694969$ & $0.373096$ & $0.191676$ & $-0.373838$ & $0.436731$ & $0.0837177$ & $0.0197803$ & $-0.00761997$ & $-0.013641$ & $-0.0131964$ & $-0.0344986$ & $0.000868776$ & $-0.0150699$ & $0.0246874$ & $-0.0230411$ & $-0.0154883$ & $-0.0343857$ & $-0.00360712$ & $0.0401474$ & $0.00407282$ & $0.018883$ \\
CHL1_11 & $0.029354$ & $-0.00181917$ & $0.00534399$ & $0.00999496$ & $-0.00820861$ & $0.00810932$ & $0.0130408$ & $0.0500399$ & $0.047358$ & $0.185172$ & $-0.502504$ & $-0.0847973$ & $-0.0154016$ & $1$ & $0.256536$ & $0.267578$ & $0.697989$ & $0.6421$ & $0.635837$ & $0.52071$ & $0.462102$ & $0.448333$ & $-0.0612016$ & $0.516789$ & $0.63258$ & $-0.285896$ & $-0.118179$ & $0.155074$ & $-0.0160618$ & $0.0460173$ & $-0.0127081$ & $0.00563741$ & $0.040364$ & $-0.231341$ & $-0.0108398$ & $0.0224106$ & $-0.0023821$ & $0.00765842$ & $-0.0077758$ & $-0.0226864$ & $-0.0364701$ & $0.00129597$ & $0.0167267$ & $-0.0223243$ & $0.028587$ & $0.0224489$ & $0.00663585$ & $0.0219323$ & $-0.000537166$ \\
CHL1_22 & $-0.00467736$ & $0.00602011$ & $0.00670368$ & $0.0106628$ & $-0.00985117$ & $-0.100673$ & $-0.0210827$ & $0.290473$ & $0.284252$ & $-0.134234$ & $-0.418522$ & $0.0427586$ & $0.0656313$ & $0.256536$ & $1$ & $0.428102$ & $0.166968$ & $-0.41956$ & $-0.0139243$ & $0.484397$ & $0.336871$ & $0.326308$ & $-0.161701$ & $0.101957$ & $-0.129338$ & $-0.204194$ & $-0.396426$ & $0.101511$ & $-0.00116904$ & $0.0661388$ & $0.00727007$ & $-0.0102674$ & $0.0650119$ & $-0.589225$ & $-0.0229879$ & $0.0260699$ & $0.00521479$ & $0.0117663$ & $-0.00443502$ & $0.000944034$ & $-0.0160112$ & $0.00807916$ & $-0.00308268$ & $-0.00836137$ & $0.0279044$ & $0.000560237$ & $0.00616581$ & $0.0105981$ & $0.00761617$ \\
CHL1_33 & $0.00534807$ & $0.0278411$ & $-0.00722568$ & $0.0233165$ & $0.0027187$ & $-0.0855046$ & $-0.0190899$ & $0.279513$ & $0.272242$ & $-0.11884$ & $-0.409456$ & $0.0406755$ & $0.0634543$ & $0.267578$ & $0.428102$ & $1$ & $0.161729$ & $-0.00115938$ & $-0.399629$ & $0.475626$ & $0.331153$ & $0.351734$ & $-0.152256$ & $0.110881$ & $-0.109043$ & $-0.205631$ & $-0.379198$ & $0.106038$ & $-0.00476416$ & $0.0523385$ & $-0.000969466$ & $-0.00651263$ & $0.0503151$ & $-0.0947531$ & $-0.00172206$ & $0.0182708$ & $0.0126735$ & $0.0245908$ & $-0.0172416$ & $-0.00707753$ & $-0.0183075$ & $0.0154561$ & $-0.00560675$ & $-0.00833304$ & $0.0144937$ & $-0.0138193$ & $-0.0215646$ & $-0.00281586$ & $0.0161503$ \\
CHL3_11 & $-0.0077414$ & $0.019011$ & $0.0275454$ & $0.00861387$ & $-0.0120098$ & $-0.259562$ & $0.0324481$ & $-0.26013$ & $-0.257511$ & $0.362266$ & $-0.229322$ & $-0.0871692$ & $-0.0698331$ & $0.697989$ & $0.166968$ & $0.161729$ & $1$ & $0.759282$ & $0.766945$ & $0.252373$ & $0.196308$ & $0.189941$ & $-0.0572636$ & $0.704572$ & $0.801668$ & $-0.131484$ & $-0.16847$ & $0.0650531$ & $-0.0215829$ & $0.0194827$ & $-0.0165406$ & $0.0200059$ & $0.0147893$ & $-0.270547$ & $-0.0208828$ & $0.00769802$ & $-0.00525964$ & $-0.000268545$ & $0.00239183$ & $-0.0201233$ & $-0.0157729$ & $-0.00501391$ & $0.0270228$ & $-0.00992283$ & $0.0182804$ & $0.0216234$ & $0.0191055$ & $0.0140102$ & $-0.00143808$ \\
CHL3_22 & $0.00849535$ & $0.0117229$ & $0.0118036$ & $0.0102261$ & $-0.00336572$ & $-0.0484627$ & $0.0402974$ & $-0.445429$ & $-0.438729$ & $0.427494$ & $0.0419475$ & $-0.103466$ & $-0.106553$ & $0.6421$ & $-0.41956$ & $-0.00115938$ & $0.759282$ & $1$ & $0.701739$ & $-0.0429341$ & $-0.0408779$ & $-0.0378816$ & $0.00691542$ & $0.65778$ & $0.81721$ & $0.00879209$ & $-0.0266215$ & $-0.00743727$ & $-0.0217358$ & $-0.0177986$ & $-0.0240703$ & $0.0247652$ & $-0.0230472$ & $-0.0019061$ & $-0.00100144$ & $-0.00219279$ & $-0.00674878$ & $-0.000391852$ & $7.04297e-05$ & $-0.0241083$ & $-0.0171016$ & $-0.0112107$ & $0.0290961$ & $-0.00579334$ & $0.00859578$ & $0.0167567$ & $0.00598925$ & $0.0112023$ & $-0.00159568$ \\
CHL3_33 & $-0.00138255$ & $0.00204089$ & $0.0216066$ & $0.00139973$ & $-0.0125965$ & $-0.060216$ & $0.0396372$ & $-0.439665$ & $-0.43263$ & $0.420791$ & $0.0363693$ & $-0.101148$ & $-0.103461$ & $0.635837$ & $-0.0139243$ & $-0.399629$ & $0.766945$ & $0.701739$ & $1$ & $-0.0382586$ & $-0.0352635$ & $-0.0348223$ & $0.00610425$ & $0.651655$ & $0.812767$ & $0.00732044$ & $-0.0281219$ & $-0.0149749$ & $-0.0186995$ & $-0.00604003$ & $-0.0177395$ & $0.0236601$ & $-0.0108472$ & $-0.356865$ & $-0.0183265$ & $0.00401247$ & $-0.0115975$ & $-0.00740977$ & $0.00996064$ & $-0.0204174$ & $-0.010332$ & $-0.0163186$ & $0.0270576$ & $-0.00432577$ & $0.0183696$ & $0.0262047$ & $0.0252203$ & $0.0205088$ & $-0.00640342$ \\
CHe_11 & $0.021796$ & $-0.0234103$ & $-0.00231364$ & $-0.0142709$ & $-0.0178104$ & $-0.185094$ & $-0.028736$ & $0.833125$ & $0.817187$ & $-0.339382$ & $-0.990071$ & $0.00224318$ & $0.135666$ & $0.52071$ & $0.484397$ & $0.475626$ & $0.252373$ & $-0.0429341$ & $-0.0382586$ & $1$ & $0.972658$ & $0.952798$ & $0.00881542$ & $-0.224116$ & $0.00786281$ & $-0.561911$ & $0.218645$ & $0.323361$ & $0.0114664$ & $0.0997592$ & $0.025992$ & $-0.0212547$ & $0.101874$ & $0.281287$ & $0.00114579$ & $0.0174904$ & $-0.00128773$ & $-0.00304368$ & $-0.0137742$ & $-0.00846805$ & $-0.00768705$ & $0.0291065$ & $-0.0226344$ & $-0.0295036$ & $0.0112318$ & $0.0102529$ & $0.00673326$ & $-0.00364284$ & $0.0156122$ \\
CHe_22 & $0.0248796$ & $-0.0283606$ & $-0.0010807$ & $-0.0222976$ & $-0.0173963$ & $-0.186335$ & $-0.0287247$ & $0.881711$ & $0.865239$ & $-0.365719$ & $-0.991175$ & $-0.0102417$ & $0.1382$ & $0.462102$ & $0.336871$ & $0.331153$ & $0.196308$ & $-0.0408779$ & $-0.0352635$ & $0.972658$ & $1$ & $0.975505$ & $0.0609067$ & $-0.33276$ & $-0.00527573$ & $-0.571799$ & $0.376373$ & $0.333618$ & $0.0150964$ & $0.0921922$ & $0.0278413$ & $-0.0242814$ & $0.0951128$ & $0.446322$ & $0.00307067$ & $0.0129679$ & $-0.0018381$ & $-0.00840512$ & $-0.013369$ & $-0.00439632$ & $-0.00277679$ & $0.0292821$ & $-0.0240374$ & $-0.0305068$ & $0.00315923$ & $0.0148803$ & $0.00796717$ & $-0.00681066$ & $0.0107083$ \\
CHe_33 & $0.021203$ & $-0.024193$ & $-0.00389729$ & $-0.0227407$ & $-0.0185103$ & $-0.184574$ & $-0.0258919$ & $0.864398$ & $0.847343$ & $-0.359076$ & $-0.970368$ & $-0.00615982$ & $0.138703$ & $0.448333$ & $0.326308$ & $0.351734$ & $0.189941$ & $-0.0378816$ & $-0.0348223$ & $0.952798$ & $0.975505$ & $1$ & $0.0609483$ & $-0.327669$ & $-0.00397993$ & $-0.560226$ & $0.371132$ & $0.323721$ & $0.0115692$ & $0.0912321$ & $0.0267625$ & $-0.0200497$ & $0.093843$ & $0.443804$ & $0.000686678$ & $0.014284$ & $-0.0034947$ & $-0.00394475$ & $-0.0127174$ & $-0.0046961$ & $-0.00342086$ & $0.0321147$ & $-0.0295564$ & $-0.0260494$ & $0.00517658$ & $0.0166335$ & $0.0054906$ & $-0.0097192$ & $0.0122299$ \\
CHQ1_11 & $0.00343436$ & $0.00182074$ & $0.013077$ & $-0.00922185$ & $-0.0199222$ & $-0.0019876$ & $0.0166835$ & $0.0829877$ & $0.0835835$ & $-0.041129$ & $-0.0341656$ & $-0.0247044$ & $-0.00267562$ & $-0.0612016$ & $-0.161701$ & $-0.152256$ & $-0.0572636$ & $0.00691542$ & $0.00610425$ & $0.00881542$ & $0.0609067$ & $0.0609483$ & $1$ & $-0.128081$ & $0.0817673$ & $-0.683286$ & $0.350896$ & $0.0228861$ & $-9.64348e-05$ & $-0.0181914$ & $-0.00149517$ & $0.0144047$ & $-0.00832413$ & $0.2052$ & $-0.000562882$ & $-0.0168554$ & $-0.00347177$ & $-0.00391607$ & $-0.0107828$ & $-0.0131233$ & $0.0033182$ & $0.00406786$ & $-0.0026121$ & $0.00279467$ & $0.00430554$ & $-0.00220348$ & $0.0168382$ & $0.0284552$ & $-0.0018777$ \\
CHQ1_33 & $-0.0556079$ & $0.0297165$ & $0.0117357$ & $0.0322799$ & $-0.00019867$ & $-0.0138527$ & $0.0429256$ & $-0.675366$ & $-0.664618$ & $0.495837$ & $0.277782$ & $-0.0622597$ & $-0.128153$ & $0.516789$ & $0.101957$ & $0.110881$ & $0.704572$ & $0.65778$ & $0.651655$ & $-0.224116$ & $-0.33276$ & $-0.327669$ & $-0.128081$ & $1$ & $0.671532$ & $0.167824$ & $-0.426227$ & $-0.0177097$ & $-0.0237913$ & $-0.022424$ & $-0.0322041$ & $0.0343765$ & $-0.033099$ & $-0.628229$ & $-0.0132717$ & $-0.00784336$ & $-0.0073431$ & $0.00434342$ & $0.0132847$ & $-0.0214031$ & $-0.0277706$ & $-0.0252939$ & $0.0361921$ & $0.00774068$ & $0.0129004$ & $0.0107574$ & $0.00604816$ & $0.0240284$ & $-0.00993877$ \\
CHQ3_11 & $-0.096738$ & $0.00947009$ & $0.0170948$ & $0.000682656$ & $-0.00784675$ & $-0.0966384$ & $0.0290408$ & $-0.412427$ & $-0.405441$ & $0.410094$ & $-0.00178619$ & $-0.0948149$ & $-0.0942672$ & $0.63258$ & $-0.129338$ & $-0.109043$ & $0.801668$ & $0.81721$ & $0.812767$ & $0.00786281$ & $-0.00527573$ & $-0.00397993$ & $0.0817673$ & $0.671532$ & $1$ & $-0.00799158$ & $0.175305$ & $0.00682408$ & $-0.01746$ & $-0.00752134$ & $-0.0172374$ & $0.0122082$ & $-0.0079625$ & $-0.208693$ & $-0.0218633$ & $-0.00381975$ & $-0.00358779$ & $0.00313243$ & $-0.00196504$ & $-0.00926146$ & $-0.0156514$ & $-0.0121655$ & $0.0236941$ & $0.0117167$ & $-0.000335671$ & $0.00939344$ & $0.0247707$ & $0.0360126$ & $-0.00537056$ \\
CHu_11 & $-0.057378$ & $-0.00945774$ & $-0.0285311$ & $0.0181827$ & $0.0241456$ & $0.0923462$ & $0.00278897$ & $-0.49536$ & $-0.487386$ & $0.201512$ & $0.570708$ & $0.0185585$ & $-0.0720037$ & $-0.285896$ & $-0.204194$ & $-0.205631$ & $-0.131484$ & $0.00879209$ & $0.00732044$ & $-0.561911$ & $-0.571799$ & $-0.560226$ & $-0.683286$ & $0.167824$ & $-0.00799158$ & $1$ & $-0.175383$ & $-0.185895$ & $0.00420327$ & $-0.0431318$ & $-0.00826257$ & $0.00163388$ & $-0.0469592$ & $-0.239471$ & $0.0124206$ & $-0.0044307$ & $0.00203568$ & $0.0051544$ & $0.0132608$ & $0.0123715$ & $0.00562116$ & $-0.0197795$ & $-0.00301666$ & $0.0157347$ & $-0.0117306$ & $-0.0136498$ & $-0.00573579$ & $-0.0125022$ & $-0.00287429$ \\
CHd_11 & $-0.00807349$ & $-0.0419325$ & $-0.0219214$ & $-0.0401199$ & $-0.00451135$ & $-0.0700237$ & $-0.0190036$ & $0.438358$ & $0.432912$ & $-0.224338$ & $-0.295945$ & $-0.0175365$ & $0.0613781$ & $-0.118179$ & $-0.396426$ & $-0.379198$ & $-0.16847$ & $-0.0266215$ & $-0.0281219$ & $0.218645$ & $0.376373$ & $0.371132$ & $0.350896$ & $-0.426227$ & $0.175305$ & $-0.175383$ & $1$ & $0.13279$ & $0.0245761$ & $0.0127406$ & $0.026255$ & $-0.024072$ & $0.019813$ & $0.69632$ & $0.000557404$ & $-0.0133994$ & $-0.00985445$ & $-0.0148415$ & $-0.00668021$ & $0.0190416$ & $0.012637$ & $0.00769811$ & $-0.0234678$ & $0.00312841$ & $-0.0276155$ & $0.00251952$ & $0.0189225$ & $-0.00137973$ & $-0.00404149$ \\
CHd_33 & $0.0363063$ & $0.000351674$ & $-0.0245671$ & $-0.0185575$ & $-0.00479197$ & $-0.0587577$ & $-0.00666676$ & $0.294877$ & $0.286504$ & $-0.119833$ & $-0.331532$ & $-0.000527016$ & $0.0575273$ & $0.155074$ & $0.101511$ & $0.106038$ & $0.0650531$ & $-0.00743727$ & $-0.0149749$ & $0.323361$ & $0.333618$ & $0.323721$ & $0.0228861$ & $-0.0177097$ & $0.00682408$ & $-0.185895$ & $0.13279$ & $1$ & $0.010767$ & $0.035842$ & $0.00978667$ & $-0.00692355$ & $0.0373739$ & $0.159539$ & $0.00176165$ & $-0.0114443$ & $-0.0202941$ & $-0.0169147$ & $0.0244349$ & $-0.0070708$ & $-0.0182133$ & $0.0137578$ & $0.000683551$ & $-0.00966618$ & $-0.00328581$ & $0.0223131$ & $0.0105326$ & $-0.0185279$ & $0.0248001$ \\
CeH_22r & $-0.00318129$ & $0.00266197$ & $0.00757499$ & $0.00442176$ & $-0.0160914$ & $-0.00640489$ & $-0.0111479$ & $0.024766$ & $0.0325226$ & $-0.0212529$ & $-0.0126173$ & $0.0705427$ & $0.0694969$ & $-0.0160618$ & $-0.00116904$ & $-0.00476416$ & $-0.0215829$ & $-0.0217358$ & $-0.0186995$ & $0.0114664$ & $0.0150964$ & $0.0115692$ & $-9.64348e-05$ & $-0.0237913$ & $-0.01746$ & $0.00420327$ & $0.0245761$ & $0.010767$ & $1$ & $0.050985$ & $0.0470693$ & $-0.0261118$ & $0.0673504$ & $0.0211994$ & $-0.0269085$ & $-0.016076$ & $-0.0416282$ & $-0.0169779$ & $-0.0018549$ & $-0.017679$ & $-0.00361033$ & $0.00265636$ & $0.0106156$ & $-0.00643205$ & $-0.00950579$ & $0.0211602$ & $0.0159175$ & $0.0275246$ & $0.00616035$ \\
CeH_33r & $0.0302981$ & $0.0138945$ & $-0.00130262$ & $0.0263142$ & $-0.0118535$ & $-0.0143892$ & $-0.188366$ & $0.0812753$ & $0.0987404$ & $-0.183551$ & $-0.0967159$ & $0.450625$ & $0.373096$ & $0.0460173$ & $0.0661388$ & $0.0523385$ & $0.0194827$ & $-0.0177986$ & $-0.00604003$ & $0.0997592$ & $0.0921922$ & $0.0912321$ & $-0.0181914$ & $-0.022424$ & $-0.00752134$ & $-0.0431318$ & $0.0127406$ & $0.035842$ & $0.050985$ & $1$ & $0.341343$ & $-0.0435382$ & $0.665048$ & $0.0119436$ & $-0.0541443$ & $-0.00703018$ & $-0.212548$ & $-0.0175012$ & $-0.00369675$ & $0.00172972$ & $-0.011077$ & $0.015843$ & $0.00821693$ & $0.0011705$ & $0.102367$ & $0.0143677$ & $-0.00072177$ & $-0.00152114$ & $-0.0230738$ \\
CuH_22r & $0.00763618$ & $0.00278174$ & $-0.0158945$ & $-0.014721$ & $-0.0130241$ & $0.00321211$ & $-0.109115$ & $0.0361054$ & $0.0441582$ & $-0.093965$ & $-0.0266383$ & $0.179116$ & $0.191676$ & $-0.0127081$ & $0.00727007$ & $-0.000969466$ & $-0.0165406$ & $-0.0240703$ & $-0.0177395$ & $0.025992$ & $0.0278413$ & $0.0267625$ & $-0.00149517$ & $-0.0322041$ & $-0.0172374$ & $-0.00826257$ & $0.026255$ & $0.00978667$ & $0.0470693$ & $0.341343$ & $1$ & $-0.0260917$ & $0.380338$ & $0.0236482$ & $-0.0363826$ & $0.00595069$ & $-0.130262$ & $-0.0179936$ & $0.0344482$ & $-0.0184785$ & $-0.00567623$ & $0.0157395$ & $-0.00514753$ & $-0.0253844$ & $0.0407646$ & $0.0354359$ & $0.347766$ & $-0.00245636$ & $0.0305919$ \\
CuH_33r & $-0.0164094$ & $-0.0397494$ & $-0.0156421$ & $-0.00848475$ & $-0.00937867$ & $-0.00939083$ & $0.945363$ & $-0.031323$ & $0.0207841$ & $0.0622812$ & $0.0216771$ & $-0.236915$ & $-0.373838$ & $0.00563741$ & $-0.0102674$ & $-0.00651263$ & $0.0200059$ & $0.0247652$ & $0.0236601$ & $-0.0212547$ & $-0.0242814$ & $-0.0200497$ & $0.0144047$ & $0.0343765$ & $0.0122082$ & $0.00163388$ & $-0.024072$ & $-0.00692355$ & $-0.0261118$ & $-0.0435382$ & $-0.0260917$ & $1$ & $-0.0792785$ & $-0.0190471$ & $0.032764$ & $0.0506329$ & $-0.0313532$ & $0.00390783$ & $0.030952$ & $0.00472641$ & $-0.00516641$ & $-0.00881541$ & $0.00953491$ & $0.00259007$ & $0.0327128$ & $-0.00191985$ & $-0.0396953$ & $-0.0296626$ & $-0.032101$ \\
CdH_33r & $0.0107396$ & $0.0489333$ & $0.00525768$ & $0.0298899$ & $0.00364674$ & $-0.00848851$ & $-0.244751$ & $0.0851515$ & $0.0989271$ & $-0.2172$ & $-0.0979028$ & $0.504017$ & $0.436731$ & $0.040364$ & $0.0650119$ & $0.0503151$ & $0.0147893$ & $-0.0230472$ & $-0.0108472$ & $0.101874$ & $0.0951128$ & $0.093843$ & $-0.00832413$ & $-0.033099$ & $-0.0079625$ & $-0.0469592$ & $0.019813$ & $0.0373739$ & $0.0673504$ & $0.665048$ & $0.380338$ & $-0.0792785$ & $1$ & $0.0182656$ & $-0.0408241$ & $0.0180208$ & $-0.211636$ & $-0.0315887$ & $-0.031332$ & $-0.00134361$ & $-0.0448601$ & $0.0239884$ & $-0.0113919$ & $0.0195185$ & $0.00565286$ & $0.0116548$ & $0.0475284$ & $0.125273$ & $0.446221$ \\
CLL_1221 & $0.0123444$ & $-0.000301277$ & $-0.00414899$ & $-0.0287792$ & $-0.00594071$ & $-0.0991635$ & $-0.0180441$ & $0.570868$ & $0.561028$ & $-0.320951$ & $-0.360378$ & $-0.00671203$ & $0.0837177$ & $-0.231341$ & $-0.589225$ & $-0.0947531$ & $-0.270547$ & $-0.0019061$ & $-0.356865$ & $0.281287$ & $0.446322$ & $0.443804$ & $0.2052$ & $-0.628229$ & $-0.208693$ & $-0.239471$ & $0.69632$ & $0.159539$ & $0.0211994$ & $0.0119436$ & $0.0236482$ & $-0.0190471$ & $0.0182656$ & $1$ & $0.0234218$ & $-0.0180279$ & $-0.0059586$ & $-0.0167701$ & $-0.00970473$ & $0.0086082$ & $0.0227115$ & $0.0198197$ & $-0.0270791$ & $-0.00726757$ & $-0.0322586$ & $0.00345176$ & $-0.00440511$ & $-0.0256246$ & $0.00253239$ \\
eHggint & $-0.043539$ & $-0.00284485$ & $-0.0802812$ & $-0.0125929$ & $0.0203727$ & $-0.0172533$ & $-0.0396862$ & $0.00957761$ & $-0.00692749$ & $0.0347146$ & $-0.000330149$ & $0.0799512$ & $0.0197803$ & $-0.0108398$ & $-0.0229879$ & $-0.00172206$ & $-0.0208828$ & $-0.00100144$ & $-0.0183265$ & $0.00114579$ & $0.00307067$ & $0.000686678$ & $-0.000562882$ & $-0.0132717$ & $-0.0218633$ & $0.0124206$ & $0.000557404$ & $0.00176165$ & $-0.0269085$ & $-0.0541443$ & $-0.0363826$ & $0.032764$ & $-0.0408241$ & $0.0234218$ & $1$ & $-0.114202$ & $0.134863$ & $-0.0189472$ & $0.0514736$ & $-0.0180151$ & $0.0336327$ & $-0.00661737$ & $0.0294997$ & $-0.0495342$ & $0.0416399$ & $0.0112228$ & $-0.0572699$ & $-0.0764405$ & $0.0521616$ \\
eHggpar & $0.11553$ & $-0.04409$ & $0.0861913$ & $-0.00576066$ & $-0.0150632$ & $-0.0112174$ & $0.00931264$ & $0.00981939$ & $-4.96048e-06$ & $2.54669e-06$ & $-0.0166888$ & $0.0301949$ & $-0.00761997$ & $0.0224106$ & $0.0260699$ & $0.0182708$ & $0.00769802$ & $-0.00219279$ & $0.00401247$ & $0.0174904$ & $0.0129679$ & $0.014284$ & $-0.0168554$ & $-0.00784336$ & $-0.00381975$ & $-0.0044307$ & $-0.0133994$ & $-0.0114443$ & $-0.016076$ & $-0.00703018$ & $0.00595069$ & $0.0506329$ & $0.0180208$ & $-0.0180279$ & $-0.114202$ & $1$ & $-0.0394859$ & $-0.0220023$ & $0.000955603$ & $0.0416252$ & $-0.0618335$ & $-0.00994316$ & $-0.00663421$ & $-0.0559233$ & $-0.0117897$ & $-0.0111643$ & $0.00263355$ & $0.00516684$ & $0.0403505$ \\
eHWWint & $-0.0258777$ & $-0.0233496$ & $0.0407938$ & $-0.105612$ & $0.00189673$ & $-0.00427062$ & $0.00761956$ & $0.00123996$ & $-0.0201776$ & $0.00995185$ & $0.00164435$ & $-0.0151508$ & $-0.013641$ & $-0.0023821$ & $0.00521479$ & $0.0126735$ & $-0.00525964$ & $-0.00674878$ & $-0.0115975$ & $-0.00128773$ & $-0.0018381$ & $-0.0034947$ & $-0.00347177$ & $-0.0073431$ & $-0.00358779$ & $0.00203568$ & $-0.00985445$ & $-0.0202941$ & $-0.0416282$ & $-0.212548$ & $-0.130262$ & $-0.0313532$ & $-0.211636$ & $-0.0059586$ & $0.134863$ & $-0.0394859$ & $1$ & $0.0382109$ & $-0.0572586$ & $0.0166622$ & $0.0272078$ & $-0.0081565$ & $-0.148181$ & $-0.0956659$ & $-0.0608665$ & $-0.0254407$ & $-0.00563404$ & $0.00888213$ & $0.0328248$ \\
eHWWpar & $0.000598548$ & $0.0147807$ & $-0.0197571$ & $-0.0164055$ & $-0.000964537$ & $-0.00925238$ & $0.0097177$ & $-0.00839282$ & $-0.0101742$ & $-0.0132814$ & $0.00475349$ & $-0.0160722$ & $-0.0131964$ & $0.00765842$ & $0.0117663$ & $0.0245908$ & $-0.000268545$ & $-0.000391852$ & $-0.00740977$ & $-0.00304368$ & $-0.00840512$ & $-0.00394475$ & $-0.00391607$ & $0.00434342$ & $0.00313243$ & $0.0051544$ & $-0.0148415$ & $-0.0169147$ & $-0.0169779$ & $-0.0175012$ & $-0.0179936$ & $0.00390783$ & $-0.0315887$ & $-0.0167701$ & $-0.0189472$ & $-0.0220023$ & $0.0382109$ & $1$ & $0.00179786$ & $-0.0249852$ & $0.00181361$ & $0.0237208$ & $-0.00657478$ & $0.0143725$ & $0.00831654$ & $-0.0276639$ & $0.0107591$ & $0.00679286$ & $-0.0168983$ \\
eHZZint & $-0.00398527$ & $-0.0833749$ & $-0.00346281$ & $-0.0727859$ & $-0.00562662$ & $-0.0208057$ & $0.0171512$ & $-0.00938763$ & $-0.00777864$ & $0.00519757$ & $0.0108228$ & $-0.0371175$ & $-0.0344986$ & $-0.0077758$ & $-0.00443502$ & $-0.0172416$ & $0.00239183$ & $7.04297e-05$ & $0.00996064$ & $-0.0137742$ & $-0.013369$ & $-0.0127174$ & $-0.0107828$ & $0.0132847$ & $-0.00196504$ & $0.0132608$ & $-0.00668021$ & $0.0244349$ & $-0.0018549$ & $-0.00369675$ & $0.0344482$ & $0.030952$ & $-0.031332$ & $-0.00970473$ & $0.0514736$ & $0.000955603$ & $-0.0572586$ & $0.00179786$ & $1$ & $0.0187433$ & $0.0544492$ & $0.00566453$ & $0.0420206$ & $0.011984$ & $0.0169684$ & $-0.00404295$ & $0.0570663$ & $0.0047705$ & $-0.0372975$ \\
eHZZpar & $0.00671019$ & $0.0101847$ & $-0.0218946$ & $-0.0140475$ & $0.0165067$ & $-0.00604785$ & $-0.00209642$ & $0.0074968$ & $0.0111414$ & $-0.00979371$ & $0.00549054$ & $0.00898705$ & $0.000868776$ & $-0.0226864$ & $0.000944034$ & $-0.00707753$ & $-0.0201233$ & $-0.0241083$ & $-0.0204174$ & $-0.00846805$ & $-0.00439632$ & $-0.0046961$ & $-0.0131233$ & $-0.0214031$ & $-0.00926146$ & $0.0123715$ & $0.0190416$ & $-0.0070708$ & $-0.017679$ & $0.00172972$ & $-0.0184785$ & $0.00472641$ & $-0.00134361$ & $0.0086082$ & $-0.0180151$ & $0.0416252$ & $0.0166622$ & $-0.0249852$ & $0.0187433$ & $1$ & $-0.0133787$ & $0.000191132$ & $0.018424$ & $0.0116675$ & $0.000862377$ & $-0.0109337$ & $-0.0113482$ & $-0.0146295$ & $-0.0145149$ \\
eHZgaint & $-0.0590967$ & $0.00762193$ & $0.0231982$ & $0.00504266$ & $0.0120096$ & $-0.00683709$ & $0.00343898$ & $0.00680527$ & $0.00356199$ & $-0.0339309$ & $0.00746513$ & $-0.0299652$ & $-0.0150699$ & $-0.0364701$ & $-0.0160112$ & $-0.0183075$ & $-0.0157729$ & $-0.0171016$ & $-0.010332$ & $-0.00768705$ & $-0.00277679$ & $-0.00342086$ & $0.0033182$ & $-0.0277706$ & $-0.0156514$ & $0.00562116$ & $0.012637$ & $-0.0182133$ & $-0.00361033$ & $-0.011077$ & $-0.00567623$ & $-0.00516641$ & $-0.0448601$ & $0.0227115$ & $0.0336327$ & $-0.0618335$ & $0.0272078$ & $0.00181361$ & $0.0544492$ & $-0.0133787$ & $1$ & $-0.0165236$ & $-0.027205$ & $0.0183784$ & $-0.0573448$ & $0.111897$ & $-0.0140048$ & $-0.123299$ & $-0.0186137$ \\
eHZgapar & $0.00170952$ & $0.00698063$ & $0.0292082$ & $0.00702956$ & $-0.00190792$ & $0.00601868$ & $-0.00927156$ & $0.0311577$ & $0.0326898$ & $-0.0136648$ & $-0.0275388$ & $0.018716$ & $0.0246874$ & $0.00129597$ & $0.00807916$ & $0.0154561$ & $-0.00501391$ & $-0.0112107$ & $-0.0163186$ & $0.0291065$ & $0.0292821$ & $0.0321147$ & $0.00406786$ & $-0.0252939$ & $-0.0121655$ & $-0.0197795$ & $0.00769811$ & $0.0137578$ & $0.00265636$ & $0.015843$ & $0.0157395$ & $-0.00881541$ & $0.0239884$ & $0.0198197$ & $-0.00661737$ & $-0.00994316$ & $-0.0081565$ & $0.0237208$ & $0.00566453$ & $0.000191132$ & $-0.0165236$ & $1$ & $-0.00449289$ & $-0.0274533$ & $0.00154327$ & $0.0233291$ & $-0.00359371$ & $0.00635972$ & $0.0214758$ \\
eHgagaint & $0.0550073$ & $-0.0327788$ & $0.0333205$ & $0.0147727$ & $0.0116443$ & $-0.00956668$ & $0.00426997$ & $-0.0360339$ & $0.0280631$ & $0.0246378$ & $0.022382$ & $-0.0144999$ & $-0.0230411$ & $0.0167267$ & $-0.00308268$ & $-0.00560675$ & $0.0270228$ & $0.0290961$ & $0.0270576$ & $-0.0226344$ & $-0.0240374$ & $-0.0295564$ & $-0.0026121$ & $0.0361921$ & $0.0236941$ & $-0.00301666$ & $-0.0234678$ & $0.000683551$ & $0.0106156$ & $0.00821693$ & $-0.00514753$ & $0.00953491$ & $-0.0113919$ & $-0.0270791$ & $0.0294997$ & $-0.00663421$ & $-0.148181$ & $-0.00657478$ & $0.0420206$ & $0.018424$ & $-0.027205$ & $-0.00449289$ & $1$ & $-0.0209022$ & $0.0111716$ & $0.0982094$ & $-0.0685472$ & $0.0271343$ & $-0.0724206$ \\
eHmumuint & $-0.0771646$ & $0.131122$ & $-0.0393337$ & $0.00476305$ & $0.00607168$ & $0.0128322$ & $0.0034862$ & $-0.0289982$ & $-0.0283541$ & $0.0158872$ & $0.0336074$ & $-0.00828448$ & $-0.0154883$ & $-0.0223243$ & $-0.00836137$ & $-0.00833304$ & $-0.00992283$ & $-0.00579334$ & $-0.00432577$ & $-0.0295036$ & $-0.0305068$ & $-0.0260494$ & $0.00279467$ & $0.00774068$ & $0.0117167$ & $0.0157347$ & $0.00312841$ & $-0.00966618$ & $-0.00643205$ & $0.0011705$ & $-0.0253844$ & $0.00259007$ & $0.0195185$ & $-0.00726757$ & $-0.0495342$ & $-0.0559233$ & $-0.0956659$ & $0.0143725$ & $0.011984$ & $0.0116675$ & $0.0183784$ & $-0.0274533$ & $-0.0209022$ & $1$ & $-0.0746425$ & $-0.0618615$ & $-0.0374585$ & $-0.056674$ & $0.0273778$ \\
eHtautauint & $0.102418$ & $-0.0467401$ & $-0.094605$ & $0.0220295$ & $-0.0123326$ & $-0.0209471$ & $0.0233435$ & $-0.00354423$ & $-0.00441085$ & $0.00296565$ & $-0.012431$ & $-0.0100622$ & $-0.0343857$ & $0.028587$ & $0.0279044$ & $0.0144937$ & $0.0182804$ & $0.00859578$ & $0.0183696$ & $0.0112318$ & $0.00315923$ & $0.00517658$ & $0.00430554$ & $0.0129004$ & $-0.000335671$ & $-0.0117306$ & $-0.0276155$ & $-0.00328581$ & $-0.00950579$ & $0.102367$ & $0.0407646$ & $0.0327128$ & $0.00565286$ & $-0.0322586$ & $0.0416399$ & $-0.0117897$ & $-0.0608665$ & $0.00831654$ & $0.0169684$ & $0.000862377$ & $-0.0573448$ & $0.00154327$ & $0.0111716$ & $-0.0746425$ & $1$ & $-0.0171412$ & $0.0484126$ & $0.0431219$ & $-0.042692$ \\
eHccint & $0.0555952$ & $0.0226776$ & $0.0423621$ & $-0.112833$ & $-0.0244009$ & $-0.00513028$ & $0.00160243$ & $0.00267132$ & $0.0126979$ & $0.0049967$ & $-0.0144943$ & $-0.0123278$ & $-0.00360712$ & $0.0224489$ & $0.000560237$ & $-0.0138193$ & $0.0216234$ & $0.0167567$ & $0.0262047$ & $0.0102529$ & $0.0148803$ & $0.0166335$ & $-0.00220348$ & $0.0107574$ & $0.00939344$ & $-0.0136498$ & $0.00251952$ & $0.0223131$ & $0.0211602$ & $0.0143677$ & $0.0354359$ & $-0.00191985$ & $0.0116548$ & $0.00345176$ & $0.0112228$ & $-0.0111643$ & $-0.0254407$ & $-0.0276639$ & $-0.00404295$ & $-0.0109337$ & $0.111897$ & $0.0233291$ & $0.0982094$ & $-0.0618615$ & $-0.0171412$ & $1$ & $-0.0951755$ & $0.0273984$ & $-0.000112562$ \\
eHccpar & $-0.0288296$ & $-0.0289478$ & $-0.0491903$ & $-0.0835138$ & $-0.0251267$ & $0.00386631$ & $-0.0321559$ & $0.00103968$ & $-0.00488426$ & $-0.024767$ & $-0.00760812$ & $0.014244$ & $0.0401474$ & $0.00663585$ & $0.00616581$ & $-0.0215646$ & $0.0191055$ & $0.00598925$ & $0.0252203$ & $0.00673326$ & $0.00796717$ & $0.0054906$ & $0.0168382$ & $0.00604816$ & $0.0247707$ & $-0.00573579$ & $0.0189225$ & $0.0105326$ & $0.0159175$ & $-0.00072177$ & $0.347766$ & $-0.0396953$ & $0.0475284$ & $-0.00440511$ & $-0.0572699$ & $0.00263355$ & $-0.00563404$ & $0.0107591$ & $0.0570663$ & $-0.0113482$ & $-0.0140048$ & $-0.00359371$ & $-0.0685472$ & $-0.0374585$ & $0.0484126$ & $-0.0951755$ & $1$ & $-0.0111682$ & $0.0878243$ \\
eHbbint & $-0.120576$ & $-0.0212813$ & $0.0544221$ & $0.019014$ & $0.00880651$ & $0.0458818$ & $-0.021408$ & $-0.0146274$ & $-0.0165938$ & $0.000125821$ & $0.00617038$ & $-0.0282245$ & $0.00407282$ & $0.0219323$ & $0.0105981$ & $-0.00281586$ & $0.0140102$ & $0.0112023$ & $0.0205088$ & $-0.00364284$ & $-0.00681066$ & $-0.0097192$ & $0.0284552$ & $0.0240284$ & $0.0360126$ & $-0.0125022$ & $-0.00137973$ & $-0.0185279$ & $0.0275246$ & $-0.00152114$ & $-0.00245636$ & $-0.0296626$ & $0.125273$ & $-0.0256246$ & $-0.0764405$ & $0.00516684$ & $0.00888213$ & $0.00679286$ & $0.0047705$ & $-0.0146295$ & $-0.123299$ & $0.00635972$ & $0.0271343$ & $-0.056674$ & $0.0431219$ & $0.0273984$ & $-0.0111682$ & $1$ & $-0.0257479$ \\
eHbbpar & $0.0241456$ & $0.0392132$ & $-0.0041014$ & $0.00968457$ & $-0.00325203$ & $-0.00691154$ & $-0.0380516$ & $0.00883856$ & $-0.000271735$ & $-0.0317232$ & $-0.0114047$ & $0.00274697$ & $0.018883$ & $-0.000537166$ & $0.00761617$ & $0.0161503$ & $-0.00143808$ & $-0.00159568$ & $-0.00640342$ & $0.0156122$ & $0.0107083$ & $0.0122299$ & $-0.0018777$ & $-0.00993877$ & $-0.00537056$ & $-0.00287429$ & $-0.00404149$ & $0.0248001$ & $0.00616035$ & $-0.0230738$ & $0.0305919$ & $-0.032101$ & $0.446221$ & $0.00253239$ & $0.0521616$ & $0.0403505$ & $0.0328248$ & $-0.0168983$ & $-0.0372975$ & $-0.0145149$ & $-0.0186137$ & $0.0214758$ & $-0.0724206$ & $0.0273778$ & $-0.042692$ & $-0.000112562$ & $0.0878243$ & $-0.0257479$ & $1$ \\
