 & AlsMz & dAle5Mz & mtop & mHl & Mz & CW & CHG & CHWB & CHWHB_gaga & CHWHB_gagaorth & CHD & CHbox & CH & CHL1_11 & CHL1_22 & CHL1_33 & CHL3_11 & CHL3_22 & CHL3_33 & CHe_11 & CHe_22 & CHe_33 & CHQ1_11 & CHQ1_33 & CHQ3_11 & CHu_11 & CHd_11 & CHd_33 & CeH_22r & CeH_33r & CuH_22r & CuH_33r & CdH_33r & CLL_1221 & eHggint & eHggpar & eHWWint & eHWWpar & eHZZint & eHZZpar & eHZgaint & eHZgapar & eHgagaint & eHmumuint & eHtautauint & eHccint & eHccpar & eHbbint & eHbbpar \\
AlsMz & $1$ & $-0.135987$ & $0.0605656$ & $-0.123193$ & $-0.0337003$ & $-0.00102008$ & $-0.0369954$ & $0.0391925$ & $0.0400078$ & $0.0035104$ & $-0.057476$ & $0.0290093$ & $0.0284765$ & $0.0365268$ & $0.0268513$ & $0.0265742$ & $0.0194712$ & $0.00545582$ & $0.00748113$ & $0.0487404$ & $0.0431224$ & $0.0405919$ & $0.000232837$ & $-0.0600002$ & $-0.103459$ & $-0.0712811$ & $-0.0291337$ & $0.0332185$ & $0.0212731$ & $0.036864$ & $0.0100359$ & $-0.0446628$ & $-0.0428935$ & $-0.000507907$ & $-0.179338$ & $0.135619$ & $-0.0292044$ & $-0.000389127$ & $0.0248624$ & $8.26992e-05$ & $-0.0323013$ & $-0.00350214$ & $0.0309094$ & $0.028257$ & $0.104988$ & $0.0219752$ & $-0.0957162$ & $0.10178$ & $-0.204671$ \\
dAle5Mz & $-0.135987$ & $1$ & $-0.0238575$ & $0.142237$ & $0.0163664$ & $0.0190962$ & $0.0093929$ & $-0.0864624$ & $-0.082973$ & $0.00853126$ & $0.0691616$ & $0.0170044$ & $0.00324298$ & $-0.0255095$ & $0.000592169$ & $-0.0100719$ & $0.0171214$ & $0.0043446$ & $0.0102369$ & $-0.0422964$ & $-0.0444541$ & $-0.0459963$ & $-0.0263054$ & $0.0370757$ & $0.0309118$ & $0.0403223$ & $-0.018923$ & $-0.0119396$ & $-0.0218789$ & $-0.0217161$ & $-0.0135881$ & $0.0154593$ & $-0.00159579$ & $-0.00442863$ & $0.092047$ & $-0.0861394$ & $0.0533936$ & $-0.0141548$ & $-0.0146799$ & $-0.0361435$ & $-0.00607236$ & $0.0197063$ & $0.0639604$ & $-0.0749319$ & $0.00714539$ & $0.122429$ & $0.00143946$ & $-0.119933$ & $0.0672259$ \\
mtop & $0.0605656$ & $-0.0238575$ & $1$ & $0.0355559$ & $-0.0137388$ & $0.0121903$ & $0.0149636$ & $-0.0202981$ & $-0.010736$ & $0.0165409$ & $0.0276411$ & $0.00710146$ & $-0.013513$ & $-0.00252312$ & $-0.012125$ & $0.00920962$ & $-0.0124162$ & $0.00859623$ & $-0.0113722$ & $-0.0196645$ & $-0.0242431$ & $-0.0247799$ & $0.00484777$ & $0.0155368$ & $-0.00239348$ & $0.00701187$ & $-0.00942862$ & $-0.0158541$ & $0.0117473$ & $-0.0194346$ & $-0.00786182$ & $0.00799722$ & $0.025631$ & $-0.0115898$ & $-0.000545909$ & $-0.0593934$ & $-0.0494847$ & $-0.0215988$ & $0.0862423$ & $0.0129602$ & $0.0518909$ & $0.0126704$ & $0.117521$ & $0.175208$ & $0.0317137$ & $0.129481$ & $-0.0449388$ & $-0.00396773$ & $0.049832$ \\
mHl & $-0.123193$ & $0.142237$ & $0.0355559$ & $1$ & $-0.00723259$ & $0.0338745$ & $-0.0199985$ & $-0.022338$ & $-0.0212014$ & $-0.00432278$ & $0.0293821$ & $0.0189619$ & $0.0102134$ & $-0.0278561$ & $-0.00343754$ & $-0.00546141$ & $-0.0161209$ & $-0.0136662$ & $-0.0155051$ & $-0.0254269$ & $-0.0266507$ & $-0.0279728$ & $-0.0158202$ & $0.00787632$ & $-0.0101054$ & $0.0287247$ & $-0.0193407$ & $0.00140212$ & $-0.023853$ & $0.0112207$ & $0.0265398$ & $-0.0187256$ & $0.0201352$ & $-0.00598202$ & $0.040913$ & $-0.0583965$ & $-0.00957358$ & $0.00732844$ & $-0.152378$ & $-0.00441298$ & $0.0422197$ & $0.0462833$ & $-0.0200826$ & $-0.0765656$ & $-0.084195$ & $0.0535836$ & $0.056551$ & $-0.139286$ & $0.0549503$ \\
Mz & $-0.0337003$ & $0.0163664$ & $-0.0137388$ & $-0.00723259$ & $1$ & $-0.00243276$ & $0.0105762$ & $0.00837687$ & $0.0129033$ & $-0.0232399$ & $0.00826673$ & $0.00254445$ & $0.00757115$ & $-0.0112441$ & $0.0124025$ & $0.0117886$ & $-0.0124074$ & $-0.0226496$ & $-0.0221882$ & $0.00105162$ & $0.0022772$ & $0.00135347$ & $-0.0188604$ & $-0.00936449$ & $-0.0153641$ & $0.0143989$ & $-0.00196752$ & $0.00902367$ & $0.00588689$ & $0.0100659$ & $-0.000817566$ & $0.00794166$ & $0.0234355$ & $-0.00118001$ & $-0.00499042$ & $-0.0193667$ & $0.00670792$ & $-0.00753074$ & $-0.00721766$ & $-0.0163304$ & $0.00917944$ & $0.00743289$ & $0.0300662$ & $0.0027754$ & $-0.0296268$ & $0.000969025$ & $-0.00692073$ & $0.00939169$ & $0.0186711$ \\
CW & $-0.00102008$ & $0.0190962$ & $0.0121903$ & $0.0338745$ & $-0.00243276$ & $1$ & $-0.0131305$ & $-0.127105$ & $-0.121876$ & $0.0123372$ & $0.188756$ & $0.0346767$ & $0.00219224$ & $0.022451$ & $-0.0897805$ & $-0.0913203$ & $-0.260869$ & $-0.0440434$ & $-0.0403217$ & $-0.187667$ & $-0.190671$ & $-0.183621$ & $0.00890015$ & $0.0087525$ & $-0.085205$ & $0.0950108$ & $-0.0687834$ & $-0.0773199$ & $0.00839089$ & $-0.022693$ & $-0.00801169$ & $-0.0166866$ & $-0.0241067$ & $-0.115824$ & $-0.00718283$ & $-0.0124612$ & $0.00631823$ & $-0.023652$ & $-0.00373657$ & $0.0117224$ & $0.0102801$ & $-0.023266$ & $0.0142226$ & $0.00372051$ & $-0.00825147$ & $0.00342543$ & $-0.0127319$ & $-0.00494097$ & $-0.0108143$ \\
CHG & $-0.0369954$ & $0.0093929$ & $0.0149636$ & $-0.0199985$ & $0.0105762$ & $-0.0131305$ & $1$ & $-0.112503$ & $-0.0561518$ & $0.0473374$ & $0.0657537$ & $-0.263526$ & $-0.305525$ & $0.0551274$ & $-0.0136706$ & $-0.018924$ & $0.100988$ & $0.0991835$ & $0.100869$ & $-0.0644705$ & $-0.0704575$ & $-0.0669929$ & $0.0032872$ & $0.109853$ & $0.108996$ & $0.0374874$ & $-0.0452824$ & $-0.0195105$ & $-0.00438198$ & $-0.114277$ & $-0.0607709$ & $0.941121$ & $-0.167266$ & $-0.0742035$ & $-0.0369861$ & $-0.0227323$ & $-0.03215$ & $0.0262266$ & $0.0152264$ & $-0.00390955$ & $-0.0206991$ & $0.000598948$ & $0.0160036$ & $0.0278377$ & $0.0111326$ & $0.0282228$ & $0.027006$ & $0.022802$ & $-0.0613714$ \\
CHWB & $0.0391925$ & $-0.0864624$ & $-0.0202981$ & $-0.022338$ & $0.00837687$ & $-0.127105$ & $-0.112503$ & $1$ & $0.981608$ & $-0.565095$ & $-0.880515$ & $0.0854041$ & $0.340797$ & $0.0825951$ & $0.300459$ & $0.294488$ & $-0.25751$ & $-0.447191$ & $-0.443528$ & $0.851761$ & $0.897006$ & $0.88008$ & $0.0623386$ & $-0.684423$ & $-0.413848$ & $-0.509179$ & $0.422125$ & $0.31493$ & $0.0197396$ & $0.126177$ & $0.0515319$ & $-0.106062$ & $0.13189$ & $0.564829$ & $-0.0409443$ & $0.00831642$ & $-0.0040519$ & $-0.0134455$ & $-0.0173835$ & $0.0298003$ & $-0.00442802$ & $0.00401244$ & $0.0181904$ & $0.0162492$ & $0.0200366$ & $-0.00869657$ & $-0.0242591$ & $0.0309377$ & $-0.0102433$ \\
CHWHB_gaga & $0.0400078$ & $-0.082973$ & $-0.010736$ & $-0.0212014$ & $0.0129033$ & $-0.121876$ & $-0.0561518$ & $0.981608$ & $1$ & $-0.553923$ & $-0.862893$ & $0.0929606$ & $0.332403$ & $0.0777375$ & $0.299407$ & $0.295097$ & $-0.256728$ & $-0.444158$ & $-0.441884$ & $0.835636$ & $0.878284$ & $0.861591$ & $0.0563675$ & $-0.67265$ & $-0.410991$ & $-0.496364$ & $0.409499$ & $0.310468$ & $0.0272981$ & $0.151744$ & $0.0651358$ & $-0.0607542$ & $0.147816$ & $0.550726$ & $-0.078704$ & $0.00438748$ & $-0.0195296$ & $-0.0127846$ & $-0.0182406$ & $0.0315563$ & $-0.0160512$ & $0.00462904$ & $0.0902049$ & $0.022811$ & $0.0278144$ & $-0.0057932$ & $-0.0160262$ & $0.0356872$ & $-0.0312767$ \\
CHWHB_gagaorth & $0.0035104$ & $0.00853126$ & $0.0165409$ & $-0.00432278$ & $-0.0232399$ & $0.0123372$ & $0.0473374$ & $-0.565095$ & $-0.553923$ & $1$ & $0.353247$ & $0.225402$ & $-0.240523$ & $0.236111$ & $-0.125482$ & $-0.118797$ & $0.437074$ & $0.488559$ & $0.480795$ & $-0.33964$ & $-0.37142$ & $-0.368279$ & $-0.0348355$ & $0.553608$ & $0.471171$ & $0.201242$ & $-0.237046$ & $-0.15089$ & $0.00810505$ & $-0.150287$ & $-0.0661551$ & $0.0585705$ & $-0.169132$ & $-0.348384$ & $0.0569462$ & $-0.000552649$ & $0.0284453$ & $0.00636628$ & $0.0190686$ & $-0.0242417$ & $-0.0673377$ & $0.000597036$ & $0.0210217$ & $-0.029795$ & $0.0122547$ & $-0.00383245$ & $0.00230789$ & $-0.0323682$ & $-0.0130967$ \\
CHD & $-0.057476$ & $0.0691616$ & $0.0276411$ & $0.0293821$ & $0.00826673$ & $0.188756$ & $0.0657537$ & $-0.880515$ & $-0.862893$ & $0.353247$ & $1$ & $0.0725237$ & $-0.155082$ & $-0.496284$ & $-0.418202$ & $-0.410382$ & $-0.196096$ & $0.0838522$ & $0.0814674$ & $-0.990171$ & $-0.99121$ & $-0.969905$ & $-0.0112793$ & $0.326548$ & $0.0388829$ & $0.567949$ & $-0.297448$ & $-0.343767$ & $-0.00817278$ & $-0.0705443$ & $-0.0287256$ & $0.0716628$ & $-0.0601868$ & $-0.375802$ & $0.0483216$ & $-0.0123725$ & $-0.00169029$ & $0.00390961$ & $0.0124325$ & $-0.0147824$ & $0.0187511$ & $-0.00419876$ & $-0.0352943$ & $-0.0165188$ & $-0.0135859$ & $-0.00227344$ & $0.0160318$ & $-0.0305852$ & $0.0312172$ \\
CHbox & $0.0290093$ & $0.0170044$ & $0.00710146$ & $0.0189619$ & $0.00254445$ & $0.0346767$ & $-0.263526$ & $0.0854041$ & $0.0929606$ & $0.225402$ & $0.0725237$ & $1$ & $0.773148$ & $-0.296263$ & $0.0317853$ & $0.0268555$ & $-0.332456$ & $-0.312941$ & $-0.309038$ & $-0.060891$ & $-0.0716076$ & $-0.0700473$ & $-0.00517895$ & $-0.220884$ & $-0.3089$ & $0.046046$ & $-0.0118084$ & $-0.0289463$ & $0.0762958$ & $0.317569$ & $0.105877$ & $-0.178859$ & $0.39314$ & $0.0311533$ & $0.0771022$ & $0.0211043$ & $0.0100955$ & $-0.00556714$ & $0.00275289$ & $0.00922062$ & $-0.031406$ & $-0.0237829$ & $-0.00434109$ & $-0.0331468$ & $0.0389184$ & $-0.0212114$ & $-0.0217982$ & $-0.0237786$ & $0.029114$ \\
CH & $0.0284765$ & $0.00324298$ & $-0.013513$ & $0.0102134$ & $0.00757115$ & $0.00219224$ & $-0.305525$ & $0.340797$ & $0.332403$ & $-0.240523$ & $-0.155082$ & $0.773148$ & $1$ & $-0.25928$ & $0.0768222$ & $0.0687471$ & $-0.386316$ & $-0.401916$ & $-0.393836$ & $0.152234$ & $0.165478$ & $0.165057$ & $0.0158423$ & $-0.397906$ & $-0.386502$ & $-0.0844295$ & $0.132333$ & $0.0714186$ & $0.0583661$ & $0.280936$ & $0.110266$ & $-0.252729$ & $0.357847$ & $0.203292$ & $0.00984411$ & $0.0201564$ & $0.00120347$ & $-0.0107746$ & $-0.010085$ & $0.00939178$ & $-0.0016549$ & $-0.0235463$ & $-0.00362979$ & $-0.0161183$ & $0.0243477$ & $-0.0234732$ & $-0.0287245$ & $0.0122552$ & $0.0332983$ \\
CHL1_11 & $0.0365268$ & $-0.0255095$ & $-0.00252312$ & $-0.0278561$ & $-0.0112441$ & $0.022451$ & $0.0551274$ & $0.0825951$ & $0.0777375$ & $0.236111$ & $-0.496284$ & $-0.296263$ & $-0.25928$ & $1$ & $0.251205$ & $0.253348$ & $0.655917$ & $0.600466$ & $0.593151$ & $0.514269$ & $0.457675$ & $0.441961$ & $-0.0699548$ & $0.468492$ & $0.595191$ & $-0.274315$ & $-0.0908525$ & $0.158634$ & $-0.0146438$ & $-0.0779848$ & $-0.0348168$ & $0.0308913$ & $-0.107576$ & $-0.206671$ & $-0.0289068$ & $0.00154124$ & $0.0143519$ & $0.00852685$ & $0.00571027$ & $-0.017637$ & $-0.0338305$ & $0.00350205$ & $0.0390996$ & $0.0201883$ & $0.000459557$ & $0.0105488$ & $-0.00299408$ & $0.0189294$ & $-0.0518642$ \\
CHL1_22 & $0.0268513$ & $0.000592169$ & $-0.012125$ & $-0.00343754$ & $0.0124025$ & $-0.0897805$ & $-0.0136706$ & $0.300459$ & $0.299407$ & $-0.125482$ & $-0.418202$ & $0.0317853$ & $0.0768222$ & $0.251205$ & $1$ & $0.441981$ & $0.150296$ & $-0.460714$ & $-0.0444699$ & $0.484307$ & $0.336632$ & $0.326769$ & $-0.165889$ & $0.0861809$ & $-0.14752$ & $-0.19966$ & $-0.3845$ & $0.104681$ & $0.0024348$ & $0.0213081$ & $0.0117547$ & $-0.0189545$ & $0.0246548$ & $-0.586733$ & $-0.0114074$ & $0.00935976$ & $-0.0204309$ & $0.0122672$ & $0.0108431$ & $0.000764534$ & $-0.0145556$ & $0.00198258$ & $0.00840924$ & $-0.000522892$ & $0.00310712$ & $0.0178094$ & $-0.0129582$ & $0.00569522$ & $-0.0174987$ \\
CHL1_33 & $0.0265742$ & $-0.0100719$ & $0.00920962$ & $-0.00546141$ & $0.0117886$ & $-0.0913203$ & $-0.018924$ & $0.294488$ & $0.295097$ & $-0.118797$ & $-0.410382$ & $0.0268555$ & $0.0687471$ & $0.253348$ & $0.441981$ & $1$ & $0.14298$ & $-0.039681$ & $-0.449393$ & $0.475721$ & $0.330923$ & $0.343511$ & $-0.174468$ & $0.0832049$ & $-0.148364$ & $-0.189086$ & $-0.388495$ & $0.101458$ & $0.0149384$ & $0.0222884$ & $0.0209239$ & $-0.0209318$ & $0.0225689$ & $-0.0954119$ & $-0.0123317$ & $0.00566991$ & $-0.0140692$ & $-0.000861848$ & $-0.0254091$ & $0.00230019$ & $0.00225679$ & $0.00740973$ & $0.0541369$ & $0.0162356$ & $0.0110449$ & $0.0204893$ & $0.00911025$ & $0.00281947$ & $-0.0203926$ \\
CHL3_11 & $0.0194712$ & $0.0171214$ & $-0.0124162$ & $-0.0161209$ & $-0.0124074$ & $-0.260869$ & $0.100988$ & $-0.25751$ & $-0.256728$ & $0.437074$ & $-0.196096$ & $-0.332456$ & $-0.386316$ & $0.655917$ & $0.150296$ & $0.14298$ & $1$ & $0.736543$ & $0.739159$ & $0.218328$ & $0.164563$ & $0.157942$ & $-0.0674208$ & $0.679209$ & $0.777912$ & $-0.0979556$ & $-0.152214$ & $0.0493427$ & $-0.0255869$ & $-0.108809$ & $-0.0442689$ & $0.0769751$ & $-0.140005$ & $-0.251432$ & $-0.0110359$ & $0.0110159$ & $0.0124724$ & $0.0214687$ & $0.0147879$ & $-0.0310036$ & $-0.0244557$ & $0.00168319$ & $0.030752$ & $-0.00554373$ & $-0.0183527$ & $0.0181307$ & $0.0228618$ & $-0.000336604$ & $-0.0295972$ \\
CHL3_22 & $0.00545582$ & $0.0043446$ & $0.00859623$ & $-0.0136662$ & $-0.0226496$ & $-0.0440434$ & $0.0991835$ & $-0.447191$ & $-0.444158$ & $0.488559$ & $0.0838522$ & $-0.312941$ & $-0.401916$ & $0.600466$ & $-0.460714$ & $-0.039681$ & $0.736543$ & $1$ & $0.677497$ & $-0.0870503$ & $-0.0787488$ & $-0.0776255$ & $0.00965947$ & $0.627819$ & $0.793246$ & $0.0386784$ & $-0.00621124$ & $-0.0263831$ & $-0.0231805$ & $-0.12193$ & $-0.0502094$ & $0.0794541$ & $-0.151443$ & $0.0325571$ & $-0.00373951$ & $0.00190973$ & $0.0239387$ & $0.0105122$ & $0.00175354$ & $-0.0279095$ & $-0.0154216$ & $-0.00217709$ & $0.0285921$ & $0.00659626$ & $-0.015275$ & $0.0043364$ & $0.0250808$ & $-0.00271341$ & $-0.0248081$ \\
CHL3_33 & $0.00748113$ & $0.0102369$ & $-0.0113722$ & $-0.0155051$ & $-0.0221882$ & $-0.0403217$ & $0.100869$ & $-0.443528$ & $-0.441884$ & $0.480795$ & $0.0814674$ & $-0.309038$ & $-0.393836$ & $0.593151$ & $-0.0444699$ & $-0.449393$ & $0.739159$ & $0.677497$ & $1$ & $-0.084998$ & $-0.0757037$ & $-0.0710836$ & $0.0177955$ & $0.625324$ & $0.796631$ & $0.0342832$ & $0.00698351$ & $-0.024729$ & $-0.0315372$ & $-0.119445$ & $-0.0571876$ & $0.0794023$ & $-0.149339$ & $-0.337724$ & $-0.00372316$ & $0.00370341$ & $0.0187657$ & $0.0171216$ & $0.0291265$ & $-0.0330943$ & $-0.0273232$ & $-0.0042117$ & $-0.005035$ & $-0.00611715$ & $-0.0196215$ & $0.00301625$ & $0.00715695$ & $-0.000127274$ & $-0.0259559$ \\
CHe_11 & $0.0487404$ & $-0.0422964$ & $-0.0196645$ & $-0.0254269$ & $0.00105162$ & $-0.187667$ & $-0.0644705$ & $0.851761$ & $0.835636$ & $-0.33964$ & $-0.990171$ & $-0.060891$ & $0.152234$ & $0.514269$ & $0.484307$ & $0.475721$ & $0.218328$ & $-0.0870503$ & $-0.084998$ & $1$ & $0.972844$ & $0.95193$ & $-0.0120764$ & $-0.273636$ & $-0.0334176$ & $-0.559429$ & $0.221664$ & $0.335008$ & $0.00735351$ & $0.0664266$ & $0.0285966$ & $-0.0697488$ & $0.058941$ & $0.296482$ & $-0.0423452$ & $0.0120184$ & $0.00155361$ & $-0.00116584$ & $-0.0123241$ & $0.0128852$ & $-0.0179687$ & $0.00215261$ & $0.0401143$ & $0.0166664$ & $0.0115863$ & $0.0070001$ & $-0.0149375$ & $0.0246956$ & $-0.0280253$ \\
CHe_22 & $0.0431224$ & $-0.0444541$ & $-0.0242431$ & $-0.0266507$ & $0.0022772$ & $-0.190671$ & $-0.0704575$ & $0.897006$ & $0.878284$ & $-0.37142$ & $-0.99121$ & $-0.0716076$ & $0.165478$ & $0.457675$ & $0.336632$ & $0.330923$ & $0.164563$ & $-0.0787488$ & $-0.0757037$ & $0.972844$ & $1$ & $0.975267$ & $0.0383892$ & $-0.379378$ & $-0.0423913$ & $-0.569669$ & $0.376707$ & $0.3469$ & $0.00775457$ & $0.0743972$ & $0.0284099$ & $-0.0749035$ & $0.0662023$ & $0.460167$ & $-0.0435427$ & $0.00962045$ & $0.00655488$ & $-0.00535675$ & $-0.0119111$ & $0.0149526$ & $-0.016476$ & $0.00462962$ & $0.0340461$ & $0.0143985$ & $0.0118545$ & $0.00254362$ & $-0.017505$ & $0.027388$ & $-0.0248177$ \\
CHe_33 & $0.0405919$ & $-0.0459963$ & $-0.0247799$ & $-0.0279728$ & $0.00135347$ & $-0.183621$ & $-0.0669929$ & $0.88008$ & $0.861591$ & $-0.368279$ & $-0.969905$ & $-0.0700473$ & $0.165057$ & $0.441961$ & $0.326769$ & $0.343511$ & $0.157942$ & $-0.0776255$ & $-0.0710836$ & $0.95193$ & $0.975267$ & $1$ & $0.0393629$ & $-0.376208$ & $-0.0416547$ & $-0.55816$ & $0.372651$ & $0.341857$ & $0.00492305$ & $0.072826$ & $0.0295345$ & $-0.0725646$ & $0.0634915$ & $0.457257$ & $-0.0425984$ & $0.00451008$ & $0.0058526$ & $-0.00782417$ & $-0.0159277$ & $0.0152009$ & $-0.023557$ & $0.00610002$ & $0.0360483$ & $0.0149609$ & $0.0164851$ & $0.00497556$ & $-0.016725$ & $0.0235385$ & $-0.0252606$ \\
CHQ1_11 & $0.000232837$ & $-0.0263054$ & $0.00484777$ & $-0.0158202$ & $-0.0188604$ & $0.00890015$ & $0.0032872$ & $0.0623386$ & $0.0563675$ & $-0.0348355$ & $-0.0112793$ & $-0.00517895$ & $0.0158423$ & $-0.0699548$ & $-0.165889$ & $-0.174468$ & $-0.0674208$ & $0.00965947$ & $0.0177955$ & $-0.0120764$ & $0.0383892$ & $0.0393629$ & $1$ & $-0.136157$ & $0.0899257$ & $-0.673073$ & $0.342598$ & $0.00850647$ & $0.0134599$ & $0.0116597$ & $0.0107787$ & $0.0137462$ & $0.0132488$ & $0.190191$ & $0.028945$ & $0.014309$ & $0.00400791$ & $0.00410984$ & $0.0176421$ & $0.00605636$ & $0.0151452$ & $-0.00398618$ & $-0.0261101$ & $-0.00389618$ & $-0.00433393$ & $-0.0197629$ & $-0.0114731$ & $-0.0102983$ & $0.0159679$ \\
CHQ1_33 & $-0.0600002$ & $0.0370757$ & $0.0155368$ & $0.00787632$ & $-0.00936449$ & $0.0087525$ & $0.109853$ & $-0.684423$ & $-0.67265$ & $0.553608$ & $0.326548$ & $-0.220884$ & $-0.397906$ & $0.468492$ & $0.0861809$ & $0.0832049$ & $0.679209$ & $0.627819$ & $0.625324$ & $-0.273636$ & $-0.379378$ & $-0.376208$ & $-0.136157$ & $1$ & $0.64545$ & $0.216892$ & $-0.412866$ & $-0.0478728$ & $-0.0225845$ & $-0.141853$ & $-0.0578034$ & $0.0912447$ & $-0.158158$ & $-0.625736$ & $0.029142$ & $0.00243244$ & $0.0169606$ & $0.0257201$ & $0.011698$ & $-0.0299584$ & $-0.00312933$ & $0.00572809$ & $0.027611$ & $-0.00768238$ & $-0.0203821$ & $0.00564072$ & $0.0311212$ & $-0.0246168$ & $-0.011281$ \\
CHQ3_11 & $-0.103459$ & $0.0309118$ & $-0.00239348$ & $-0.0101054$ & $-0.0153641$ & $-0.085205$ & $0.108996$ & $-0.413848$ & $-0.410991$ & $0.471171$ & $0.0388829$ & $-0.3089$ & $-0.386502$ & $0.595191$ & $-0.14752$ & $-0.148364$ & $0.777912$ & $0.793246$ & $0.796631$ & $-0.0334176$ & $-0.0423913$ & $-0.0416547$ & $0.0899257$ & $0.64545$ & $1$ & $0.0242241$ & $0.215866$ & $-0.0193337$ & $-0.0270663$ & $-0.12791$ & $-0.0603585$ & $0.0866726$ & $-0.143455$ & $-0.195724$ & $0.0221468$ & $-0.0157428$ & $0.0249385$ & $0.0115999$ & $0.0154586$ & $-0.0345735$ & $-0.0221565$ & $-0.000119198$ & $0.0157131$ & $-0.0160888$ & $-0.0276885$ & $7.87775e-05$ & $0.000528717$ & $-0.0161584$ & $0.0067074$ \\
CHu_11 & $-0.0712811$ & $0.0403223$ & $0.00701187$ & $0.0287247$ & $0.0143989$ & $0.0950108$ & $0.0374874$ & $-0.509179$ & $-0.496364$ & $0.201242$ & $0.567949$ & $0.046046$ & $-0.0844295$ & $-0.274315$ & $-0.19966$ & $-0.189086$ & $-0.0979556$ & $0.0386784$ & $0.0342832$ & $-0.559429$ & $-0.569669$ & $-0.55816$ & $-0.673073$ & $0.216892$ & $0.0242241$ & $1$ & $-0.175632$ & $-0.199822$ & $-0.0213955$ & $-0.044079$ & $-0.0330966$ & $0.0342321$ & $-0.0305797$ & $-0.251593$ & $0.0167549$ & $-0.0315374$ & $-0.00110689$ & $-0.00523829$ & $-0.0172245$ & $-0.0132321$ & $-0.00312835$ & $0.0017856$ & $-0.00735805$ & $-0.0205536$ & $-0.00575237$ & $0.00184706$ & $0.00421094$ & $-0.0099802$ & $0.027877$ \\
CHd_11 & $-0.0291337$ & $-0.018923$ & $-0.00942862$ & $-0.0193407$ & $-0.00196752$ & $-0.0687834$ & $-0.0452824$ & $0.422125$ & $0.409499$ & $-0.237046$ & $-0.297448$ & $-0.0118084$ & $0.132333$ & $-0.0908525$ & $-0.3845$ & $-0.388495$ & $-0.152214$ & $-0.00621124$ & $0.00698351$ & $0.221664$ & $0.376707$ & $0.372651$ & $0.342598$ & $-0.412866$ & $0.215866$ & $-0.175632$ & $1$ & $0.123682$ & $0.00253752$ & $0.0462326$ & $0.00289435$ & $-0.0426376$ & $0.0531067$ & $0.677142$ & $0.00097951$ & $-0.0106394$ & $0.0250336$ & $-0.0171072$ & $-0.00391714$ & $0.00817841$ & $-0.00223128$ & $0.00647609$ & $0.00040991$ & $-0.0188629$ & $0.00487352$ & $-0.0280665$ & $-0.0431567$ & $0.00668753$ & $0.0278602$ \\
CHd_33 & $0.0332185$ & $-0.0119396$ & $-0.0158541$ & $0.00140212$ & $0.00902367$ & $-0.0773199$ & $-0.0195105$ & $0.31493$ & $0.310468$ & $-0.15089$ & $-0.343767$ & $-0.0289463$ & $0.0714186$ & $0.158634$ & $0.104681$ & $0.101458$ & $0.0493427$ & $-0.0263831$ & $-0.024729$ & $0.335008$ & $0.3469$ & $0.341857$ & $0.00850647$ & $-0.0478728$ & $-0.0193337$ & $-0.199822$ & $0.123682$ & $1$ & $0.00112158$ & $0.0343187$ & $0.0125094$ & $-0.0233689$ & $0.0320429$ & $0.172498$ & $-0.0277936$ & $-0.00211978$ & $-0.0163595$ & $0.0131453$ & $-0.0227519$ & $0.0060116$ & $-0.000911324$ & $-0.00618532$ & $0.0230749$ & $0.0172259$ & $0.0225979$ & $-0.00320121$ & $-0.00122323$ & $0.0102155$ & $-0.0113459$ \\
CeH_22r & $0.0212731$ & $-0.0218789$ & $0.0117473$ & $-0.023853$ & $0.00588689$ & $0.00839089$ & $-0.00438198$ & $0.0197396$ & $0.0272981$ & $0.00810505$ & $-0.00817278$ & $0.0762958$ & $0.0583661$ & $-0.0146438$ & $0.0024348$ & $0.0149384$ & $-0.0255869$ & $-0.0231805$ & $-0.0315372$ & $0.00735351$ & $0.00775457$ & $0.00492305$ & $0.0134599$ & $-0.0225845$ & $-0.0270663$ & $-0.0213955$ & $0.00253752$ & $0.00112158$ & $1$ & $0.0445987$ & $0.00914643$ & $-0.0158573$ & $0.0440432$ & $0.0108829$ & $-0.0254417$ & $-0.0182542$ & $-0.0602026$ & $0.037766$ & $0.0106245$ & $0.0208482$ & $-0.00798906$ & $-0.0163356$ & $-0.00157512$ & $0.0283083$ & $0.0263341$ & $0.0155189$ & $-0.000492459$ & $0.0315879$ & $-0.0181473$ \\
CeH_33r & $0.036864$ & $-0.0217161$ & $-0.0194346$ & $0.0112207$ & $0.0100659$ & $-0.022693$ & $-0.114277$ & $0.126177$ & $0.151744$ & $-0.150287$ & $-0.0705443$ & $0.317569$ & $0.280936$ & $-0.0779848$ & $0.0213081$ & $0.0222884$ & $-0.108809$ & $-0.12193$ & $-0.119445$ & $0.0664266$ & $0.0743972$ & $0.072826$ & $0.0116597$ & $-0.141853$ & $-0.12791$ & $-0.044079$ & $0.0462326$ & $0.0343187$ & $0.0445987$ & $1$ & $0.316725$ & $0.0160251$ & $0.648315$ & $0.0835462$ & $-0.0836424$ & $-0.0857611$ & $-0.198646$ & $-0.0241509$ & $-0.0197312$ & $0.0161693$ & $-0.0104849$ & $-0.0198668$ & $0.000230973$ & $0.0363098$ & $0.089198$ & $0.0176751$ & $0.0273389$ & $0.0163553$ & $-0.0225439$ \\
CuH_22r & $0.0100359$ & $-0.0135881$ & $-0.00786182$ & $0.0265398$ & $-0.000817566$ & $-0.00801169$ & $-0.0607709$ & $0.0515319$ & $0.0651358$ & $-0.0661551$ & $-0.0287256$ & $0.105877$ & $0.110266$ & $-0.0348168$ & $0.0117547$ & $0.0209239$ & $-0.0442689$ & $-0.0502094$ & $-0.0571876$ & $0.0285966$ & $0.0284099$ & $0.0295345$ & $0.0107787$ & $-0.0578034$ & $-0.0603585$ & $-0.0330966$ & $0.00289435$ & $0.0125094$ & $0.00914643$ & $0.316725$ & $1$ & $0.02094$ & $0.355023$ & $0.0331004$ & $-0.0263563$ & $-0.0229386$ & $-0.128873$ & $0.00382991$ & $0.00679471$ & $0.00281724$ & $0.042677$ & $0.00939549$ & $0.016475$ & $0.0438727$ & $-0.0179966$ & $0.0802896$ & $0.378648$ & $0.021341$ & $-0.00307415$ \\
CuH_33r & $-0.0446628$ & $0.0154593$ & $0.00799722$ & $-0.0187256$ & $0.00794166$ & $-0.0166866$ & $0.941121$ & $-0.106062$ & $-0.0607542$ & $0.0585705$ & $0.0716628$ & $-0.178859$ & $-0.252729$ & $0.0308913$ & $-0.0189545$ & $-0.0209318$ & $0.0769751$ & $0.0794541$ & $0.0794023$ & $-0.0697488$ & $-0.0749035$ & $-0.0725646$ & $0.0137462$ & $0.0912447$ & $0.0866726$ & $0.0342321$ & $-0.0426376$ & $-0.0233689$ & $-0.0158573$ & $0.0160251$ & $0.02094$ & $1$ & $0.000460489$ & $-0.0646851$ & $0.0529859$ & $0.0107836$ & $-0.0532067$ & $0.0221965$ & $0.0334484$ & $-0.00131322$ & $-0.00341939$ & $-0.00562639$ & $-0.00395295$ & $0.0325972$ & $0.0108038$ & $0.0187026$ & $0.04263$ & $0.0220034$ & $-0.036259$ \\
CdH_33r & $-0.0428935$ & $-0.00159579$ & $0.025631$ & $0.0201352$ & $0.0234355$ & $-0.0241067$ & $-0.167266$ & $0.13189$ & $0.147816$ & $-0.169132$ & $-0.0601868$ & $0.39314$ & $0.357847$ & $-0.107576$ & $0.0246548$ & $0.0225689$ & $-0.140005$ & $-0.151443$ & $-0.149339$ & $0.058941$ & $0.0662023$ & $0.0634915$ & $0.0132488$ & $-0.158158$ & $-0.143455$ & $-0.0305797$ & $0.0531067$ & $0.0320429$ & $0.0440432$ & $0.648315$ & $0.355023$ & $0.000460489$ & $1$ & $0.086855$ & $0.0206002$ & $-0.0799569$ & $-0.195585$ & $-0.0240711$ & $-0.00133093$ & $0.00933096$ & $0.0187613$ & $-0.0270445$ & $-0.0805944$ & $0.0231639$ & $-0.00218346$ & $0.0423745$ & $0.0495902$ & $0.139905$ & $0.438987$ \\
CLL_1221 & $-0.000507907$ & $-0.00442863$ & $-0.0115898$ & $-0.00598202$ & $-0.00118001$ & $-0.115824$ & $-0.0742035$ & $0.564829$ & $0.550726$ & $-0.348384$ & $-0.375802$ & $0.0311533$ & $0.203292$ & $-0.206671$ & $-0.586733$ & $-0.0954119$ & $-0.251432$ & $0.0325571$ & $-0.337724$ & $0.296482$ & $0.460167$ & $0.457257$ & $0.190191$ & $-0.625736$ & $-0.195724$ & $-0.251593$ & $0.677142$ & $0.172498$ & $0.0108829$ & $0.0835462$ & $0.0331004$ & $-0.0646851$ & $0.086855$ & $1$ & $-0.0168776$ & $-0.00369977$ & $0.0177246$ & $-0.0199589$ & $-0.0240912$ & $0.0199728$ & $0.00882595$ & $0.00393617$ & $0.0146225$ & $0.00485375$ & $0.0119066$ & $-0.0136873$ & $-0.00396594$ & $0.0120707$ & $0.0151995$ \\
eHggint & $-0.179338$ & $0.092047$ & $-0.000545909$ & $0.040913$ & $-0.00499042$ & $-0.00718283$ & $-0.0369861$ & $-0.0409443$ & $-0.078704$ & $0.0569462$ & $0.0483216$ & $0.0771022$ & $0.00984411$ & $-0.0289068$ & $-0.0114074$ & $-0.0123317$ & $-0.0110359$ & $-0.00373951$ & $-0.00372316$ & $-0.0423452$ & $-0.0435427$ & $-0.0425984$ & $0.028945$ & $0.029142$ & $0.0221468$ & $0.0167549$ & $0.00097951$ & $-0.0277936$ & $-0.0254417$ & $-0.0836424$ & $-0.0263563$ & $0.0529859$ & $0.0206002$ & $-0.0168776$ & $1$ & $-0.0465322$ & $0.123541$ & $-0.0436835$ & $0.0645477$ & $-0.00600506$ & $0.0817278$ & $-0.0040813$ & $-0.248859$ & $-0.0954225$ & $-0.0346903$ & $0.0123571$ & $0.0152365$ & $-0.0910153$ & $0.22623$ \\
eHggpar & $0.135619$ & $-0.0861394$ & $-0.0593934$ & $-0.0583965$ & $-0.0193667$ & $-0.0124612$ & $-0.0227323$ & $0.00831642$ & $0.00438748$ & $-0.000552649$ & $-0.0123725$ & $0.0211043$ & $0.0201564$ & $0.00154124$ & $0.00935976$ & $0.00566991$ & $0.0110159$ & $0.00190973$ & $0.00370341$ & $0.0120184$ & $0.00962045$ & $0.00451008$ & $0.014309$ & $0.00243244$ & $-0.0157428$ & $-0.0315374$ & $-0.0106394$ & $-0.00211978$ & $-0.0182542$ & $-0.0857611$ & $-0.0229386$ & $0.0107836$ & $-0.0799569$ & $-0.00369977$ & $-0.0465322$ & $1$ & $0.144644$ & $0.016449$ & $0.0713192$ & $-0.0162204$ & $0.118832$ & $-0.0128798$ & $0.159695$ & $0.0663794$ & $-0.0387275$ & $-0.221364$ & $0.00217216$ & $0.00926934$ & $-0.0373669$ \\
eHWWint & $-0.0292044$ & $0.0533936$ & $-0.0494847$ & $-0.00957358$ & $0.00670792$ & $0.00631823$ & $-0.03215$ & $-0.0040519$ & $-0.0195296$ & $0.0284453$ & $-0.00169029$ & $0.0100955$ & $0.00120347$ & $0.0143519$ & $-0.0204309$ & $-0.0140692$ & $0.0124724$ & $0.0239387$ & $0.0187657$ & $0.00155361$ & $0.00655488$ & $0.0058526$ & $0.00400791$ & $0.0169606$ & $0.0249385$ & $-0.00110689$ & $0.0250336$ & $-0.0163595$ & $-0.0602026$ & $-0.198646$ & $-0.128873$ & $-0.0532067$ & $-0.195585$ & $0.0177246$ & $0.123541$ & $0.144644$ & $1$ & $-0.0258879$ & $-0.0784225$ & $0.0123257$ & $-0.0241446$ & $-0.00618193$ & $0.0554697$ & $-0.185982$ & $-0.0713058$ & $-0.0326398$ & $-0.11506$ & $-0.151474$ & $0.073265$ \\
eHWWpar & $-0.000389127$ & $-0.0141548$ & $-0.0215988$ & $0.00732844$ & $-0.00753074$ & $-0.023652$ & $0.0262266$ & $-0.0134455$ & $-0.0127846$ & $0.00636628$ & $0.00390961$ & $-0.00556714$ & $-0.0107746$ & $0.00852685$ & $0.0122672$ & $-0.000861848$ & $0.0214687$ & $0.0105122$ & $0.0171216$ & $-0.00116584$ & $-0.00535675$ & $-0.00782417$ & $0.00410984$ & $0.0257201$ & $0.0115999$ & $-0.00523829$ & $-0.0171072$ & $0.0131453$ & $0.037766$ & $-0.0241509$ & $0.00382991$ & $0.0221965$ & $-0.0240711$ & $-0.0199589$ & $-0.0436835$ & $0.016449$ & $-0.0258879$ & $1$ & $0.0011053$ & $-0.00399008$ & $-0.0106639$ & $0.0020938$ & $0.0221139$ & $0.016726$ & $-0.0217807$ & $-0.00850493$ & $0.0430138$ & $0.0224029$ & $-0.0260199$ \\
eHZZint & $0.0248624$ & $-0.0146799$ & $0.0862423$ & $-0.152378$ & $-0.00721766$ & $-0.00373657$ & $0.0152264$ & $-0.0173835$ & $-0.0182406$ & $0.0190686$ & $0.0124325$ & $0.00275289$ & $-0.010085$ & $0.00571027$ & $0.0108431$ & $-0.0254091$ & $0.0147879$ & $0.00175354$ & $0.0291265$ & $-0.0123241$ & $-0.0119111$ & $-0.0159277$ & $0.0176421$ & $0.011698$ & $0.0154586$ & $-0.0172245$ & $-0.00391714$ & $-0.0227519$ & $0.0106245$ & $-0.0197312$ & $0.00679471$ & $0.0334484$ & $-0.00133093$ & $-0.0240912$ & $0.0645477$ & $0.0713192$ & $-0.0784225$ & $0.0011053$ & $1$ & $-0.00268721$ & $0.050572$ & $-0.00564345$ & $-0.0181297$ & $0.184822$ & $0.150634$ & $-0.0531161$ & $0.0318417$ & $0.250713$ & $-0.0629544$ \\
eHZZpar & $8.26992e-05$ & $-0.0361435$ & $0.0129602$ & $-0.00441298$ & $-0.0163304$ & $0.0117224$ & $-0.00390955$ & $0.0298003$ & $0.0315563$ & $-0.0242417$ & $-0.0147824$ & $0.00922062$ & $0.00939178$ & $-0.017637$ & $0.000764534$ & $0.00230019$ & $-0.0310036$ & $-0.0279095$ & $-0.0330943$ & $0.0128852$ & $0.0149526$ & $0.0152009$ & $0.00605636$ & $-0.0299584$ & $-0.0345735$ & $-0.0132321$ & $0.00817841$ & $0.0060116$ & $0.0208482$ & $0.0161693$ & $0.00281724$ & $-0.00131322$ & $0.00933096$ & $0.0199728$ & $-0.00600506$ & $-0.0162204$ & $0.0123257$ & $-0.00399008$ & $-0.00268721$ & $1$ & $-0.0391678$ & $0.0119427$ & $0.0378139$ & $0.0241212$ & $0.00560944$ & $-0.0180403$ & $-0.0279846$ & $-0.0160734$ & $0.00396407$ \\
eHZgaint & $-0.0323013$ & $-0.00607236$ & $0.0518909$ & $0.0422197$ & $0.00917944$ & $0.0102801$ & $-0.0206991$ & $-0.00442802$ & $-0.0160512$ & $-0.0673377$ & $0.0187511$ & $-0.031406$ & $-0.0016549$ & $-0.0338305$ & $-0.0145556$ & $0.00225679$ & $-0.0244557$ & $-0.0154216$ & $-0.0273232$ & $-0.0179687$ & $-0.016476$ & $-0.023557$ & $0.0151452$ & $-0.00312933$ & $-0.0221565$ & $-0.00312835$ & $-0.00223128$ & $-0.000911324$ & $-0.00798906$ & $-0.0104849$ & $0.042677$ & $-0.00341939$ & $0.0187613$ & $0.00882595$ & $0.0817278$ & $0.118832$ & $-0.0241446$ & $-0.0106639$ & $0.050572$ & $-0.0391678$ & $1$ & $0.0117507$ & $-0.136036$ & $0.0666621$ & $-0.150594$ & $0.00792397$ & $0.101032$ & $0.0851078$ & $-0.00693104$ \\
eHZgapar & $-0.00350214$ & $0.0197063$ & $0.0126704$ & $0.0462833$ & $0.00743289$ & $-0.023266$ & $0.000598948$ & $0.00401244$ & $0.00462904$ & $0.000597036$ & $-0.00419876$ & $-0.0237829$ & $-0.0235463$ & $0.00350205$ & $0.00198258$ & $0.00740973$ & $0.00168319$ & $-0.00217709$ & $-0.0042117$ & $0.00215261$ & $0.00462962$ & $0.00610002$ & $-0.00398618$ & $0.00572809$ & $-0.000119198$ & $0.0017856$ & $0.00647609$ & $-0.00618532$ & $-0.0163356$ & $-0.0198668$ & $0.00939549$ & $-0.00562639$ & $-0.0270445$ & $0.00393617$ & $-0.0040813$ & $-0.0128798$ & $-0.00618193$ & $0.0020938$ & $-0.00564345$ & $0.0119427$ & $0.0117507$ & $1$ & $0.00289056$ & $0.0405202$ & $-0.00507238$ & $0.00644789$ & $0.0124477$ & $-0.0121193$ & $-0.0277024$ \\
eHgagaint & $0.0309094$ & $0.0639604$ & $0.117521$ & $-0.0200826$ & $0.0300662$ & $0.0142226$ & $0.0160036$ & $0.0181904$ & $0.0902049$ & $0.0210217$ & $-0.0352943$ & $-0.00434109$ & $-0.00362979$ & $0.0390996$ & $0.00840924$ & $0.0541369$ & $0.030752$ & $0.0285921$ & $-0.005035$ & $0.0401143$ & $0.0340461$ & $0.0360483$ & $-0.0261101$ & $0.027611$ & $0.0157131$ & $-0.00735805$ & $0.00040991$ & $0.0230749$ & $-0.00157512$ & $0.000230973$ & $0.016475$ & $-0.00395295$ & $-0.0805944$ & $0.0146225$ & $-0.248859$ & $0.159695$ & $0.0554697$ & $0.0221139$ & $-0.0181297$ & $0.0378139$ & $-0.136036$ & $0.00289056$ & $1$ & $0.0623521$ & $0.0618829$ & $-0.0488684$ & $0.033675$ & $0.029385$ & $-0.17532$ \\
eHmumuint & $0.028257$ & $-0.0749319$ & $0.175208$ & $-0.0765656$ & $0.0027754$ & $0.00372051$ & $0.0278377$ & $0.0162492$ & $0.022811$ & $-0.029795$ & $-0.0165188$ & $-0.0331468$ & $-0.0161183$ & $0.0201883$ & $-0.000522892$ & $0.0162356$ & $-0.00554373$ & $0.00659626$ & $-0.00611715$ & $0.0166664$ & $0.0143985$ & $0.0149609$ & $-0.00389618$ & $-0.00768238$ & $-0.0160888$ & $-0.0205536$ & $-0.0188629$ & $0.0172259$ & $0.0283083$ & $0.0363098$ & $0.0438727$ & $0.0325972$ & $0.0231639$ & $0.00485375$ & $-0.0954225$ & $0.0663794$ & $-0.185982$ & $0.016726$ & $0.184822$ & $0.0241212$ & $0.0666621$ & $0.0405202$ & $0.0623521$ & $1$ & $0.109391$ & $-0.0919555$ & $0.0696082$ & $0.123956$ & $-0.0869978$ \\
eHtautauint & $0.104988$ & $0.00714539$ & $0.0317137$ & $-0.084195$ & $-0.0296268$ & $-0.00825147$ & $0.0111326$ & $0.0200366$ & $0.0278144$ & $0.0122547$ & $-0.0135859$ & $0.0389184$ & $0.0243477$ & $0.000459557$ & $0.00310712$ & $0.0110449$ & $-0.0183527$ & $-0.015275$ & $-0.0196215$ & $0.0115863$ & $0.0118545$ & $0.0164851$ & $-0.00433393$ & $-0.0203821$ & $-0.0276885$ & $-0.00575237$ & $0.00487352$ & $0.0225979$ & $0.0263341$ & $0.089198$ & $-0.0179966$ & $0.0108038$ & $-0.00218346$ & $0.0119066$ & $-0.0346903$ & $-0.0387275$ & $-0.0713058$ & $-0.0217807$ & $0.150634$ & $0.00560944$ & $-0.150594$ & $-0.00507238$ & $0.0618829$ & $0.109391$ & $1$ & $-0.0215334$ & $-0.0989695$ & $0.129106$ & $-0.11712$ \\
eHccint & $0.0219752$ & $0.122429$ & $0.129481$ & $0.0535836$ & $0.000969025$ & $0.00342543$ & $0.0282228$ & $-0.00869657$ & $-0.0057932$ & $-0.00383245$ & $-0.00227344$ & $-0.0212114$ & $-0.0234732$ & $0.0105488$ & $0.0178094$ & $0.0204893$ & $0.0181307$ & $0.0043364$ & $0.00301625$ & $0.0070001$ & $0.00254362$ & $0.00497556$ & $-0.0197629$ & $0.00564072$ & $7.87775e-05$ & $0.00184706$ & $-0.0280665$ & $-0.00320121$ & $0.0155189$ & $0.0176751$ & $0.0802896$ & $0.0187026$ & $0.0423745$ & $-0.0136873$ & $0.0123571$ & $-0.221364$ & $-0.0326398$ & $-0.00850493$ & $-0.0531161$ & $-0.0180403$ & $0.00792397$ & $0.00644789$ & $-0.0488684$ & $-0.0919555$ & $-0.0215334$ & $1$ & $0.0174236$ & $-0.0989916$ & $0.100445$ \\
eHccpar & $-0.0957162$ & $0.00143946$ & $-0.0449388$ & $0.056551$ & $-0.00692073$ & $-0.0127319$ & $0.027006$ & $-0.0242591$ & $-0.0160262$ & $0.00230789$ & $0.0160318$ & $-0.0217982$ & $-0.0287245$ & $-0.00299408$ & $-0.0129582$ & $0.00911025$ & $0.0228618$ & $0.0250808$ & $0.00715695$ & $-0.0149375$ & $-0.017505$ & $-0.016725$ & $-0.0114731$ & $0.0311212$ & $0.000528717$ & $0.00421094$ & $-0.0431567$ & $-0.00122323$ & $-0.000492459$ & $0.0273389$ & $0.378648$ & $0.04263$ & $0.0495902$ & $-0.00396594$ & $0.0152365$ & $0.00217216$ & $-0.11506$ & $0.0430138$ & $0.0318417$ & $-0.0279846$ & $0.101032$ & $0.0124477$ & $0.033675$ & $0.0696082$ & $-0.0989695$ & $0.0174236$ & $1$ & $0.0546734$ & $0.0263743$ \\
eHbbint & $0.10178$ & $-0.119933$ & $-0.00396773$ & $-0.139286$ & $0.00939169$ & $-0.00494097$ & $0.022802$ & $0.0309377$ & $0.0356872$ & $-0.0323682$ & $-0.0305852$ & $-0.0237786$ & $0.0122552$ & $0.0189294$ & $0.00569522$ & $0.00281947$ & $-0.000336604$ & $-0.00271341$ & $-0.000127274$ & $0.0246956$ & $0.027388$ & $0.0235385$ & $-0.0102983$ & $-0.0246168$ & $-0.0161584$ & $-0.0099802$ & $0.00668753$ & $0.0102155$ & $0.0315879$ & $0.0163553$ & $0.021341$ & $0.0220034$ & $0.139905$ & $0.0120707$ & $-0.0910153$ & $0.00926934$ & $-0.151474$ & $0.0224029$ & $0.250713$ & $-0.0160734$ & $0.0851078$ & $-0.0121193$ & $0.029385$ & $0.123956$ & $0.129106$ & $-0.0989916$ & $0.0546734$ & $1$ & $-0.0871575$ \\
eHbbpar & $-0.204671$ & $0.0672259$ & $0.049832$ & $0.0549503$ & $0.0186711$ & $-0.0108143$ & $-0.0613714$ & $-0.0102433$ & $-0.0312767$ & $-0.0130967$ & $0.0312172$ & $0.029114$ & $0.0332983$ & $-0.0518642$ & $-0.0174987$ & $-0.0203926$ & $-0.0295972$ & $-0.0248081$ & $-0.0259559$ & $-0.0280253$ & $-0.0248177$ & $-0.0252606$ & $0.0159679$ & $-0.011281$ & $0.0067074$ & $0.027877$ & $0.0278602$ & $-0.0113459$ & $-0.0181473$ & $-0.0225439$ & $-0.00307415$ & $-0.036259$ & $0.438987$ & $0.0151995$ & $0.22623$ & $-0.0373669$ & $0.073265$ & $-0.0260199$ & $-0.0629544$ & $0.00396407$ & $-0.00693104$ & $-0.0277024$ & $-0.17532$ & $-0.0869978$ & $-0.11712$ & $0.100445$ & $0.0263743$ & $-0.0871575$ & $1$ \\
