 & AlsMz & dAle5Mz & mtop & mHl & Mz & CW & CHG & CHWB & CHWHB_gaga & CHWHB_gagaorth & CHD & CHbox & CH & CHL1_11 & CHL1_22 & CHL1_33 & CHL3_11 & CHL3_22 & CHL3_33 & CHe_11 & CHe_22 & CHe_33 & CHQ1_11 & CHQ1_33 & CHQ3_11 & CHu_11 & CHd_11 & CHd_33 & CeH_22r & CeH_33r & CuH_22r & CuH_33r & CdH_33r & CLL_1221 & eHggint & eHggpar & eHWWint & eHWWpar & eHZZint & eHZZpar & eHZgaint & eHZgapar & eHgagaint & eHmumuint & eHtautauint & eHccint & eHccpar & eHbbint & eHbbpar \\
AlsMz & $1$ & $0.0482307$ & $-0.144424$ & $-0.369656$ & $-0.0085016$ & $-0.0383531$ & $0.046186$ & $-0.0152435$ & $-0.0178913$ & $-0.0118017$ & $-0.0253904$ & $-0.162266$ & $-0.0792208$ & $0.0410467$ & $0.014139$ & $0.0228247$ & $0.0823415$ & $0.0615216$ & $0.0528603$ & $0.0210596$ & $0.0193777$ & $0.0160541$ & $0.0462408$ & $0.0335176$ & $0.00932921$ & $-0.0677717$ & $-0.00868287$ & $0.0162097$ & $-0.0296795$ & $-0.0552831$ & $0.000729292$ & $0.0195647$ & $-0.0611095$ & $-0.014429$ & $-0.112108$ & $-0.0226601$ & $-0.17988$ & $0.0427258$ & $-0.0806889$ & $-0.01629$ & $0.269151$ & $0.00137312$ & $-0.0919268$ & $0.226215$ & $0.143672$ & $0.0788324$ & $0.0930712$ & $0.186839$ & $-0.0844578$ \\
dAle5Mz & $0.0482307$ & $1$ & $0.0680223$ & $-0.165481$ & $0.0149966$ & $-0.00742256$ & $0.121795$ & $-0.0420919$ & $-0.0378866$ & $0.0403581$ & $0.0152599$ & $0.0330555$ & $-0.1184$ & $0.018142$ & $0.00729332$ & $0.000269144$ & $0.041225$ & $0.0305891$ & $0.0371323$ & $-0.00606665$ & $-0.00651847$ & $-0.000225138$ & $-0.000708228$ & $0.0349804$ & $0.019686$ & $-0.0108393$ & $-0.0398578$ & $0.0322331$ & $-0.0515234$ & $-0.0528448$ & $-0.0935746$ & $0.126865$ & $-0.0936128$ & $-0.00725632$ & $-0.140412$ & $0.213544$ & $-0.131798$ & $-0.0492217$ & $0.16544$ & $-0.089773$ & $-0.0482455$ & $-0.0551737$ & $0.169615$ & $-0.239147$ & $0.289061$ & $-0.20676$ & $-0.0856689$ & $-0.0634455$ & $-0.0457082$ \\
mtop & $-0.144424$ & $0.0680223$ & $1$ & $0.187766$ & $-0.0175358$ & $-0.0054206$ & $-0.030437$ & $0.0786252$ & $0.0739807$ & $-0.0836875$ & $-0.108099$ & $0.00456177$ & $0.0908441$ & $0.108514$ & $0.133811$ & $0.123062$ & $0.0510907$ & $0.00218587$ & $0.0120901$ & $0.1197$ & $0.105028$ & $0.101597$ & $-0.0256568$ & $0.0365267$ & $0.00874258$ & $-0.0777587$ & $-0.0737378$ & $0.0663914$ & $-0.00962559$ & $0.0796004$ & $-0.0416611$ & $-0.00546652$ & $0.045769$ & $-0.049297$ & $0.00674519$ & $0.000433793$ & $0.19731$ & $0.0190103$ & $0.10622$ & $0.0544986$ & $-0.220564$ & $0.0482019$ & $-0.184983$ & $-0.174378$ & $-0.0357513$ & $0.0802959$ & $-0.183328$ & $-0.171704$ & $-0.115426$ \\
mHl & $-0.369656$ & $-0.165481$ & $0.187766$ & $1$ & $-0.0264716$ & $-0.0441714$ & $-0.146822$ & $0.0544732$ & $0.0535763$ & $-0.069916$ & $-0.0655602$ & $-0.00100455$ & $0.194608$ & $0.0717128$ & $0.044079$ & $0.0523231$ & $0.0175682$ & $0.0139483$ & $0.00590435$ & $0.0651346$ & $0.0629587$ & $0.0632371$ & $-0.0373829$ & $0.0144902$ & $0.0274841$ & $-0.0276526$ & $-0.00970268$ & $0.00785891$ & $0.0475862$ & $0.162766$ & $0.0740976$ & $-0.133091$ & $0.123272$ & $0.00034354$ & $-0.0148708$ & $-0.228001$ & $0.150265$ & $0.0574789$ & $-0.0931839$ & $0.181209$ & $-0.230056$ & $-0.0390209$ & $-0.0471246$ & $0.00194107$ & $-0.0419178$ & $0.391422$ & $-0.00740808$ & $-0.125182$ & $-0.0918252$ \\
Mz & $-0.0085016$ & $0.0149966$ & $-0.0175358$ & $-0.0264716$ & $1$ & $0.00484986$ & $0.0115364$ & $-0.0671021$ & $-0.065685$ & $0.025163$ & $0.068812$ & $0.0108762$ & $-0.0275848$ & $-0.0351452$ & $-0.0242811$ & $-0.0419631$ & $0.0149351$ & $0.0120922$ & $0.0286346$ & $-0.0621041$ & $-0.0613878$ & $-0.0549645$ & $0.0202873$ & $0.0338964$ & $0.0180411$ & $0.0284152$ & $-0.0235154$ & $-0.00588997$ & $0.00558418$ & $-0.0189929$ & $0.0246187$ & $0.0134903$ & $-0.00572972$ & $-0.037121$ & $0.0288941$ & $-0.00911727$ & $0.00316663$ & $0.0174557$ & $-0.0322221$ & $0.00584394$ & $-0.0190411$ & $0.00770809$ & $0.0154056$ & $0.029306$ & $0.0283167$ & $-0.0550316$ & $0.0367072$ & $-0.0124477$ & $0.0205581$ \\
CW & $-0.0383531$ & $-0.00742256$ & $-0.0054206$ & $-0.0441714$ & $0.00484986$ & $1$ & $0.00466553$ & $-0.0509142$ & $-0.0517669$ & $-0.00530616$ & $0.159449$ & $0.0674249$ & $-0.0174923$ & $-0.0332187$ & $-0.103434$ & $-0.111283$ & $-0.381891$ & $-0.162848$ & $-0.157427$ & $-0.155084$ & $-0.162198$ & $-0.162522$ & $0.00204105$ & $-0.119029$ & $-0.203572$ & $0.124554$ & $-0.0472077$ & $-0.0693927$ & $0.00539604$ & $-0.0174771$ & $0.0207687$ & $0.0110367$ & $0.00241186$ & $-0.0981037$ & $0.0138484$ & $-0.0232408$ & $0.00866384$ & $0.00922923$ & $-0.043027$ & $0.0159144$ & $0.034232$ & $-0.0134739$ & $0.0104398$ & $0.00377129$ & $-0.0155328$ & $-0.00731212$ & $-0.00663073$ & $0.0280636$ & $0.0556759$ \\
CHG & $0.046186$ & $0.121795$ & $-0.030437$ & $-0.146822$ & $0.0115364$ & $0.00466553$ & $1$ & $-0.0499906$ & $-0.0259597$ & $0.231442$ & $0.0903717$ & $-0.036938$ & $-0.76496$ & $-0.122704$ & $-0.0336089$ & $-0.0415635$ & $-0.0719174$ & $-0.0731306$ & $-0.0678955$ & $-0.0864624$ & $-0.0884923$ & $-0.0859667$ & $-0.0339395$ & $-0.0148248$ & $-0.0738876$ & $0.0847321$ & $-0.0127185$ & $-0.0164228$ & $-0.13692$ & $-0.56366$ & $-0.326594$ & $0.957048$ & $-0.607981$ & $-0.00498253$ & $-0.0399827$ & $0.0485043$ & $0.0783815$ & $-0.0124135$ & $0.0502573$ & $-0.0816772$ & $0.0183285$ & $0.0551716$ & $0.0106078$ & $0.0700265$ & $-0.0171674$ & $-0.0958889$ & $0.0841805$ & $0.0306365$ & $0.0342734$ \\
CHWB & $-0.0152435$ & $-0.0420919$ & $0.0786252$ & $0.0544732$ & $-0.0671021$ & $-0.0509142$ & $-0.0499906$ & $1$ & $0.990295$ & $-0.534548$ & $-0.88011$ & $-0.196926$ & $0.0202613$ & $0.301237$ & $0.500478$ & $0.513463$ & $-0.190187$ & $-0.392472$ & $-0.397697$ & $0.865997$ & $0.891349$ & $0.884143$ & $0.00287084$ & $-0.616851$ & $-0.363147$ & $-0.608161$ & $0.374402$ & $0.399049$ & $-0.0190971$ & $0.0402745$ & $-0.00247442$ & $-0.0611485$ & $0.0383217$ & $0.513242$ & $0.074615$ & $0.00701035$ & $0.00328931$ & $0.0114607$ & $-0.0661792$ & $0.0391764$ & $-0.0492625$ & $-0.00290187$ & $-0.101259$ & $-0.0515953$ & $0.0342728$ & $0.0640843$ & $-0.0686135$ & $-0.0847968$ & $0.0606108$ \\
CHWHB_gaga & $-0.0178913$ & $-0.0378866$ & $0.0739807$ & $0.0535763$ & $-0.065685$ & $-0.0517669$ & $-0.0259597$ & $0.990295$ & $1$ & $-0.525033$ & $-0.871852$ & $-0.180053$ & $0.026506$ & $0.297949$ & $0.503034$ & $0.51573$ & $-0.188747$ & $-0.392322$ & $-0.397663$ & $0.858824$ & $0.882211$ & $0.875464$ & $-0.00324511$ & $-0.608028$ & $-0.362942$ & $-0.600305$ & $0.361756$ & $0.397598$ & $-0.0138259$ & $0.0576482$ & $0.00796809$ & $-0.0383823$ & $0.0574658$ & $0.501531$ & $0.0680562$ & $0.00820113$ & $0.00472464$ & $0.00668268$ & $-0.0587948$ & $0.0409369$ & $-0.0515405$ & $-0.00590304$ & $-0.0692238$ & $-0.0553475$ & $0.0385463$ & $0.0654667$ & $-0.0728902$ & $-0.0800785$ & $0.0539232$ \\
CHWHB_gagaorth & $-0.0118017$ & $0.0403581$ & $-0.0836875$ & $-0.069916$ & $0.025163$ & $-0.00530616$ & $0.231442$ & $-0.534548$ & $-0.525033$ & $1$ & $0.471536$ & $0.388237$ & $-0.244787$ & $-0.185104$ & $-0.259555$ & $-0.263001$ & $0.11691$ & $0.203624$ & $0.20532$ & $-0.463182$ & $-0.478586$ & $-0.470141$ & $-0.00365764$ & $0.327027$ & $0.186226$ & $0.323094$ & $-0.214844$ & $-0.199541$ & $-0.00626042$ & $-0.237326$ & $-0.166801$ & $0.240472$ & $-0.248681$ & $-0.264142$ & $-0.0340355$ & $0.0741384$ & $0.0335568$ & $-0.00798453$ & $0.0690285$ & $-0.0590411$ & $0.015711$ & $0.00863723$ & $0.0927246$ & $0.0396675$ & $-0.0398379$ & $-0.0873822$ & $0.0627372$ & $0.0798447$ & $-0.016057$ \\
CHD & $-0.0253904$ & $0.0152599$ & $-0.108099$ & $-0.0655602$ & $0.068812$ & $0.159449$ & $0.0903717$ & $-0.88011$ & $-0.871852$ & $0.471536$ & $1$ & $0.286429$ & $-0.0894112$ & $-0.677657$ & $-0.604858$ & $-0.605777$ & $-0.269544$ & $-0.0234609$ & $-0.0184439$ & $-0.995344$ & $-0.995705$ & $-0.984232$ & $0.0234756$ & $0.213732$ & $-0.0663377$ & $0.700025$ & $-0.261428$ & $-0.44446$ & $0.0205503$ & $-0.0946985$ & $-0.0276252$ & $0.10185$ & $-0.0949801$ & $-0.313632$ & $-0.0438441$ & $0.0144607$ & $0.0129513$ & $-0.00245648$ & $0.0517243$ & $-0.0284175$ & $0.0684703$ & $0.0171934$ & $0.0852533$ & $0.0302247$ & $-0.0358429$ & $-0.0926322$ & $0.0624299$ & $0.0573314$ & $-0.0164653$ \\
CHbox & $-0.162266$ & $0.0330555$ & $0.00456177$ & $-0.00100455$ & $0.0108762$ & $0.0674249$ & $-0.036938$ & $-0.196926$ & $-0.180053$ & $0.388237$ & $0.286429$ & $1$ & $0.0714468$ & $-0.271545$ & $-0.104972$ & $-0.128059$ & $-0.196052$ & $-0.152887$ & $-0.136264$ & $-0.276841$ & $-0.288415$ & $-0.288773$ & $0.04998$ & $-0.0281276$ & $-0.155638$ & $0.16219$ & $-0.130983$ & $-0.0973765$ & $0.0785067$ & $0.107228$ & $0.0368376$ & $-0.00226441$ & $0.137818$ & $-0.108153$ & $0.00455299$ & $0.0285534$ & $0.0494231$ & $-0.00019264$ & $0.0257066$ & $-0.0302489$ & $0.0186825$ & $-0.0348599$ & $0.0407486$ & $-0.0669742$ & $0.0075169$ & $-0.0224175$ & $-0.000302633$ & $-0.0569985$ & $0.00632361$ \\
CH & $-0.0792208$ & $-0.1184$ & $0.0908441$ & $0.194608$ & $-0.0275848$ & $-0.0174923$ & $-0.76496$ & $0.0202613$ & $0.026506$ & $-0.244787$ & $-0.0894112$ & $0.0714468$ & $1$ & $0.164283$ & $0.0508305$ & $0.0431575$ & $0.122617$ & $0.117619$ & $0.120611$ & $0.0874571$ & $0.0849891$ & $0.0806438$ & $0.0120594$ & $0.0733594$ & $0.116837$ & $-0.0805825$ & $-0.0327419$ & $0.0233312$ & $0.187713$ & $0.705999$ & $0.373982$ & $-0.682435$ & $0.753556$ & $-0.0419389$ & $0.0284329$ & $-0.0487456$ & $-0.0422229$ & $0.0143346$ & $-0.033132$ & $0.0716384$ & $-0.11533$ & $-0.064939$ & $0.0130352$ & $-0.144259$ & $-0.0242399$ & $0.110068$ & $-0.162853$ & $-0.0315219$ & $-0.0652521$ \\
CHL1_11 & $0.0410467$ & $0.018142$ & $0.108514$ & $0.0717128$ & $-0.0351452$ & $-0.0332187$ & $-0.122704$ & $0.301237$ & $0.297949$ & $-0.185104$ & $-0.677657$ & $-0.271545$ & $0.164283$ & $1$ & $0.424692$ & $0.408026$ & $0.629587$ & $0.581704$ & $0.580477$ & $0.686354$ & $0.654058$ & $0.641703$ & $-0.0394076$ & $0.425771$ & $0.590832$ & $-0.493305$ & $-0.0359301$ & $0.29443$ & $-0.015923$ & $0.144766$ & $0.0633879$ & $-0.125996$ & $0.154341$ & $-0.16816$ & $-0.0280513$ & $-0.0468717$ & $-0.0162928$ & $-0.0170626$ & $-0.0180302$ & $0.00875549$ & $-0.0585491$ & $-0.0462577$ & $-0.0205193$ & $0.0140274$ & $0.0213995$ & $0.0933039$ & $-0.0278232$ & $0.0173068$ & $-0.0539298$ \\
CHL1_22 & $0.014139$ & $0.00729332$ & $0.133811$ & $0.044079$ & $-0.0242811$ & $-0.103434$ & $-0.0336089$ & $0.500478$ & $0.503034$ & $-0.259555$ & $-0.604858$ & $-0.104972$ & $0.0508305$ & $0.424692$ & $1$ & $0.524895$ & $0.178778$ & $-0.311469$ & $0.0098978$ & $0.643054$ & $0.556256$ & $0.54731$ & $-0.127317$ & $0.00982658$ & $-0.0544734$ & $-0.398846$ & $-0.258659$ & $0.262341$ & $-0.0330945$ & $0.08143$ & $0.0308448$ & $-0.0301481$ & $0.0751625$ & $-0.444142$ & $0.0331527$ & $-0.0175455$ & $0.0226939$ & $-0.00334901$ & $-0.00823646$ & $0.0713033$ & $-0.0234699$ & $-0.00943335$ & $0.00661027$ & $-0.0350218$ & $0.0624373$ & $0.0405169$ & $-0.0629148$ & $-0.0191575$ & $0.00323584$ \\
CHL1_33 & $0.0228247$ & $0.000269144$ & $0.123062$ & $0.0523231$ & $-0.0419631$ & $-0.111283$ & $-0.0415635$ & $0.513463$ & $0.51573$ & $-0.263001$ & $-0.605777$ & $-0.128059$ & $0.0431575$ & $0.408026$ & $0.524895$ & $1$ & $0.156941$ & $-0.00618005$ & $-0.321999$ & $0.642422$ & $0.558855$ & $0.572292$ & $-0.1444$ & $-0.022401$ & $-0.0726961$ & $-0.384116$ & $-0.240664$ & $0.214501$ & $-0.0384181$ & $0.078587$ & $0.018585$ & $-0.046005$ & $0.067098$ & $0.046202$ & $0.000727832$ & $-0.0286315$ & $0.0444164$ & $0.0154331$ & $-0.0333805$ & $0.064415$ & $-0.0252279$ & $-0.0487592$ & $-0.00026737$ & $-0.0787598$ & $0.0287619$ & $0.0527014$ & $-0.0990337$ & $-0.0331604$ & $0.0131342$ \\
CHL3_11 & $0.0823415$ & $0.041225$ & $0.0510907$ & $0.0175682$ & $0.0149351$ & $-0.381891$ & $-0.0719174$ & $-0.190187$ & $-0.188747$ & $0.11691$ & $-0.269544$ & $-0.196052$ & $0.122617$ & $0.629587$ & $0.178778$ & $0.156941$ & $1$ & $0.812582$ & $0.812412$ & $0.277522$ & $0.251321$ & $0.243003$ & $-0.0325333$ & $0.739517$ & $0.85878$ & $-0.205156$ & $-0.107745$ & $0.109078$ & $0.00297655$ & $0.089388$ & $0.0508728$ & $-0.0772431$ & $0.0901119$ & $-0.233813$ & $-0.0425129$ & $-0.0310403$ & $-0.0453751$ & $-0.015508$ & $0.0300618$ & $-0.0299664$ & $-0.0585856$ & $-0.0108063$ & $0.0151528$ & $0.0404546$ & $-0.00728683$ & $0.0612123$ & $0.0145215$ & $0.0390972$ & $-0.0842497$ \\
CHL3_22 & $0.0615216$ & $0.0305891$ & $0.00218587$ & $0.0139483$ & $0.0120922$ & $-0.162848$ & $-0.0731306$ & $-0.392472$ & $-0.392322$ & $0.203624$ & $-0.0234609$ & $-0.152887$ & $0.117619$ & $0.581704$ & $-0.311469$ & $-0.00618005$ & $0.812582$ & $1$ & $0.775386$ & $0.0211465$ & $0.0211176$ & $0.0181804$ & $0.0165632$ & $0.740111$ & $0.864337$ & $-0.0456111$ & $-0.0367955$ & $-0.00335473$ & $0.0134221$ & $0.0712319$ & $0.0450178$ & $-0.0779495$ & $0.0795145$ & $-0.0601163$ & $-0.0717415$ & $-0.0359526$ & $-0.0388673$ & $-0.0135175$ & $0.0230208$ & $-0.0537152$ & $-0.0374101$ & $-0.0264621$ & $0.014541$ & $0.0543209$ & $-0.0363107$ & $0.047212$ & $0.0365667$ & $0.0535225$ & $-0.084302$ \\
CHL3_33 & $0.0528603$ & $0.0371323$ & $0.0120901$ & $0.00590435$ & $0.0286346$ & $-0.157427$ & $-0.0678955$ & $-0.397697$ & $-0.397663$ & $0.20532$ & $-0.0184439$ & $-0.136264$ & $0.120611$ & $0.580477$ & $0.0098978$ & $-0.321999$ & $0.812412$ & $0.775386$ & $1$ & $0.016704$ & $0.0163318$ & $0.0104943$ & $0.0316663$ & $0.747318$ & $0.866212$ & $-0.0519851$ & $-0.0389245$ & $0.0261892$ & $0.0175729$ & $0.0720139$ & $0.0511864$ & $-0.066931$ & $0.0830521$ & $-0.391445$ & $-0.0454865$ & $-0.029317$ & $-0.0511197$ & $-0.0256069$ & $0.0401052$ & $-0.0566989$ & $-0.0362243$ & $0.00347481$ & $0.0170542$ & $0.0812166$ & $-0.0125801$ & $0.034254$ & $0.0651027$ & $0.0629589$ & $-0.0936302$ \\
CHe_11 & $0.0210596$ & $-0.00606665$ & $0.1197$ & $0.0651346$ & $-0.0621041$ & $-0.155084$ & $-0.0864624$ & $0.865997$ & $0.858824$ & $-0.463182$ & $-0.995344$ & $-0.276841$ & $0.0874571$ & $0.686354$ & $0.643054$ & $0.642422$ & $0.277522$ & $0.0211465$ & $0.016704$ & $1$ & $0.986686$ & $0.975422$ & $-0.0378778$ & $-0.184635$ & $0.0688205$ & $-0.694085$ & $0.21019$ & $0.43835$ & $-0.0225922$ & $0.0960459$ & $0.0294056$ & $-0.0967807$ & $0.0954741$ & $0.260726$ & $0.0408684$ & $-0.014578$ & $-0.00588601$ & $0.00222435$ & $-0.0465897$ & $0.0309305$ & $-0.0674677$ & $-0.0189689$ & $-0.0771723$ & $-0.0350098$ & $0.0394672$ & $0.087766$ & $-0.0656711$ & $-0.0593821$ & $0.0160867$ \\
CHe_22 & $0.0193777$ & $-0.00651847$ & $0.105028$ & $0.0629587$ & $-0.0613878$ & $-0.162198$ & $-0.0884923$ & $0.891349$ & $0.882211$ & $-0.478586$ & $-0.995705$ & $-0.288415$ & $0.0849891$ & $0.654058$ & $0.556256$ & $0.558855$ & $0.251321$ & $0.0211176$ & $0.0163318$ & $0.986686$ & $1$ & $0.986609$ & $-0.00885567$ & $-0.249214$ & $0.0570316$ & $-0.699875$ & $0.315731$ & $0.446699$ & $-0.0182212$ & $0.0888328$ & $0.0232904$ & $-0.100528$ & $0.0893009$ & $0.373179$ & $0.0467112$ & $-0.00877161$ & $-0.0175237$ & $0.00126816$ & $-0.0508542$ & $0.0209322$ & $-0.0739514$ & $-0.013873$ & $-0.0905633$ & $-0.0312805$ & $0.0369171$ & $0.0890685$ & $-0.060418$ & $-0.0632174$ & $0.0188136$ \\
CHe_33 & $0.0160541$ & $-0.000225138$ & $0.101597$ & $0.0632371$ & $-0.0549645$ & $-0.162522$ & $-0.0859667$ & $0.884143$ & $0.875464$ & $-0.470141$ & $-0.984232$ & $-0.288773$ & $0.0806438$ & $0.641703$ & $0.54731$ & $0.572292$ & $0.243003$ & $0.0181804$ & $0.0104943$ & $0.975422$ & $0.986609$ & $1$ & $-0.0142172$ & $-0.252104$ & $0.0529288$ & $-0.687619$ & $0.31525$ & $0.440159$ & $-0.0185275$ & $0.0862289$ & $0.0194668$ & $-0.0988005$ & $0.0857455$ & $0.376935$ & $0.0464982$ & $-0.00478671$ & $-0.00915395$ & $0.000490544$ & $-0.0494507$ & $0.0197148$ & $-0.0713872$ & $-0.0155623$ & $-0.0850143$ & $-0.0390344$ & $0.0334654$ & $0.0834477$ & $-0.0575481$ & $-0.0560387$ & $0.0167251$ \\
CHQ1_11 & $0.0462408$ & $-0.000708228$ & $-0.0256568$ & $-0.0373829$ & $0.0202873$ & $0.00204105$ & $-0.0339395$ & $0.00287084$ & $-0.00324511$ & $-0.00365764$ & $0.0234756$ & $0.04998$ & $0.0120594$ & $-0.0394076$ & $-0.127317$ & $-0.1444$ & $-0.0325333$ & $0.0165632$ & $0.0316663$ & $-0.0378778$ & $-0.00885567$ & $-0.0142172$ & $1$ & $-0.0735312$ & $0.0743893$ & $-0.574378$ & $0.293971$ & $-0.0235794$ & $0.0441066$ & $-0.0101008$ & $0.0152904$ & $-0.0410047$ & $-0.00621294$ & $0.121933$ & $0.00749563$ & $-0.0302326$ & $-0.079657$ & $0.0212492$ & $-0.0152598$ & $-0.0289925$ & $-0.018522$ & $-0.0309105$ & $-0.102087$ & $0.018288$ & $-0.00703785$ & $-0.0179353$ & $0.0243777$ & $-0.000669471$ & $0.0151427$ \\
CHQ1_33 & $0.0335176$ & $0.0349804$ & $0.0365267$ & $0.0144902$ & $0.0338964$ & $-0.119029$ & $-0.0148248$ & $-0.616851$ & $-0.608028$ & $0.327027$ & $0.213732$ & $-0.0281276$ & $0.0733594$ & $0.425771$ & $0.00982658$ & $-0.022401$ & $0.739517$ & $0.740111$ & $0.747318$ & $-0.184635$ & $-0.249214$ & $-0.252104$ & $-0.0735312$ & $1$ & $0.764351$ & $0.148027$ & $-0.351756$ & $-0.0373739$ & $0.00260369$ & $0.0518207$ & $0.0438918$ & $-0.00976057$ & $0.0554644$ & $-0.598058$ & $-0.0559676$ & $-0.0420709$ & $0.000321178$ & $-0.0209792$ & $0.0575443$ & $-0.0291038$ & $-0.00346954$ & $-0.0109275$ & $0.0823083$ & $0.0535554$ & $-0.0215852$ & $0.018171$ & $0.0440252$ & $0.0799153$ & $-0.0905281$ \\
CHQ3_11 & $0.00932921$ & $0.019686$ & $0.00874258$ & $0.0274841$ & $0.0180411$ & $-0.203572$ & $-0.0738876$ & $-0.363147$ & $-0.362942$ & $0.186226$ & $-0.0663377$ & $-0.155638$ & $0.116837$ & $0.590832$ & $-0.0544734$ & $-0.0726961$ & $0.85878$ & $0.864337$ & $0.866212$ & $0.0688205$ & $0.0570316$ & $0.0529288$ & $0.0743893$ & $0.764351$ & $1$ & $-0.0709847$ & $0.136886$ & $0.0259576$ & $0.016839$ & $0.0595439$ & $0.0384941$ & $-0.0801926$ & $0.0665079$ & $-0.262144$ & $-0.0386554$ & $-0.0295611$ & $-0.0495372$ & $-0.0170923$ & $0.034274$ & $-0.0409556$ & $-0.0741272$ & $-0.00131409$ & $0.0116831$ & $0.044286$ & $-0.0414783$ & $0.0407071$ & $0.0454983$ & $0.0569682$ & $-0.0930254$ \\
CHu_11 & $-0.0677717$ & $-0.0108393$ & $-0.0777587$ & $-0.0276526$ & $0.0284152$ & $0.124554$ & $0.0847321$ & $-0.608161$ & $-0.600305$ & $0.323094$ & $0.700025$ & $0.16219$ & $-0.0805825$ & $-0.493305$ & $-0.398846$ & $-0.384116$ & $-0.205156$ & $-0.0456111$ & $-0.0519851$ & $-0.694085$ & $-0.699875$ & $-0.687619$ & $-0.574378$ & $0.148027$ & $-0.0709847$ & $1$ & $-0.185911$ & $-0.303939$ & $-0.0141976$ & $-0.0752792$ & $-0.0436724$ & $0.10036$ & $-0.0737966$ & $-0.233586$ & $-0.0237517$ & $0.043805$ & $0.0492159$ & $-0.0122569$ & $0.0318969$ & $-0.00703218$ & $0.0401374$ & $0.0526606$ & $0.103238$ & $-0.000486181$ & $-0.0289909$ & $-0.0421407$ & $0.0166108$ & $0.0508636$ & $-0.0154538$ \\
CHd_11 & $-0.00868287$ & $-0.0398578$ & $-0.0737378$ & $-0.00970268$ & $-0.0235154$ & $-0.0472077$ & $-0.0127185$ & $0.374402$ & $0.361756$ & $-0.214844$ & $-0.261428$ & $-0.130983$ & $-0.0327419$ & $-0.0359301$ & $-0.258659$ & $-0.240664$ & $-0.107745$ & $-0.0367955$ & $-0.0389245$ & $0.21019$ & $0.315731$ & $0.31525$ & $0.293971$ & $-0.351756$ & $0.136886$ & $-0.185911$ & $1$ & $0.137157$ & $0.0222333$ & $-0.0723145$ & $-0.0426522$ & $-0.0325045$ & $-0.0680795$ & $0.641657$ & $0.0695881$ & $0.032208$ & $-0.0731768$ & $0.0112761$ & $-0.0356276$ & $-0.0420876$ & $-0.0666434$ & $0.0552676$ & $-0.120334$ & $0.00723928$ & $-0.0342322$ & $0.0289512$ & $0.0394639$ & $-0.0219687$ & $0.0117785$ \\
CHd_33 & $0.0162097$ & $0.0322331$ & $0.0663914$ & $0.00785891$ & $-0.00588997$ & $-0.0693927$ & $-0.0164228$ & $0.399049$ & $0.397598$ & $-0.199541$ & $-0.44446$ & $-0.0973765$ & $0.0233312$ & $0.29443$ & $0.262341$ & $0.214501$ & $0.109078$ & $-0.00335473$ & $0.0261892$ & $0.43835$ & $0.446699$ & $0.440159$ & $-0.0235794$ & $-0.0373739$ & $0.0259576$ & $-0.303939$ & $0.137157$ & $1$ & $0.0309859$ & $0.0221329$ & $0.014293$ & $-0.024099$ & $0.0395166$ & $0.154585$ & $0.0697868$ & $0.0259271$ & $-0.0200876$ & $-0.0169885$ & $-0.0114903$ & $-0.00489399$ & $-0.0384941$ & $-0.000134038$ & $-0.0205317$ & $-0.0110266$ & $0.0182454$ & $-0.0237391$ & $-0.00552761$ & $-0.0160047$ & $0.0180451$ \\
CeH_22r & $-0.0296795$ & $-0.0515234$ & $-0.00962559$ & $0.0475862$ & $0.00558418$ & $0.00539604$ & $-0.13692$ & $-0.0190971$ & $-0.0138259$ & $-0.00626042$ & $0.0205503$ & $0.0785067$ & $0.187713$ & $-0.015923$ & $-0.0330945$ & $-0.0384181$ & $0.00297655$ & $0.0134221$ & $0.0175729$ & $-0.0225922$ & $-0.0182212$ & $-0.0185275$ & $0.0441066$ & $0.00260369$ & $0.016839$ & $-0.0141976$ & $0.0222333$ & $0.0309859$ & $1$ & $0.152341$ & $0.115296$ & $-0.131428$ & $0.166911$ & $0.0122637$ & $0.0542213$ & $-0.0320798$ & $-0.0331733$ & $0.00341596$ & $-0.0281461$ & $0.0198371$ & $-0.0340321$ & $-0.0222172$ & $-0.0276531$ & $0.0167079$ & $-0.00433995$ & $0.0193807$ & $0.0317223$ & $-0.0070624$ & $0.00928997$ \\
CeH_33r & $-0.0552831$ & $-0.0528448$ & $0.0796004$ & $0.162766$ & $-0.0189929$ & $-0.0174771$ & $-0.56366$ & $0.0402745$ & $0.0576482$ & $-0.237326$ & $-0.0946985$ & $0.107228$ & $0.705999$ & $0.144766$ & $0.08143$ & $0.078587$ & $0.089388$ & $0.0712319$ & $0.0720139$ & $0.0960459$ & $0.0888328$ & $0.0862289$ & $-0.0101008$ & $0.0518207$ & $0.0595439$ & $-0.0752792$ & $-0.0723145$ & $0.0221329$ & $0.152341$ & $1$ & $0.476899$ & $-0.429017$ & $0.841581$ & $-0.0505075$ & $-0.00727553$ & $-0.0636956$ & $-0.0789645$ & $-0.0181773$ & $-0.00327935$ & $0.048812$ & $-0.0853686$ & $-0.0786544$ & $0.0140817$ & $-0.116728$ & $0.011925$ & $0.0739022$ & $-0.112313$ & $-0.0267932$ & $-0.0833473$ \\
CuH_22r & $0.000729292$ & $-0.0935746$ & $-0.0416611$ & $0.0740976$ & $0.0246187$ & $0.0207687$ & $-0.326594$ & $-0.00247442$ & $0.00796809$ & $-0.166801$ & $-0.0276252$ & $0.0368376$ & $0.373982$ & $0.0633879$ & $0.0308448$ & $0.018585$ & $0.0508728$ & $0.0450178$ & $0.0511864$ & $0.0294056$ & $0.0232904$ & $0.0194668$ & $0.0152904$ & $0.0438918$ & $0.0384941$ & $-0.0436724$ & $-0.0426522$ & $0.014293$ & $0.115296$ & $0.476899$ & $1$ & $-0.239855$ & $0.511008$ & $-0.0394644$ & $0.0218243$ & $-0.0789219$ & $-0.0851534$ & $-0.0321774$ & $-0.0469597$ & $0.0671542$ & $-0.00249495$ & $-0.0628162$ & $-0.00311035$ & $0.0382457$ & $-0.0180955$ & $0.0584432$ & $0.140599$ & $0.00942094$ & $-0.0587846$ \\
CuH_33r & $0.0195647$ & $0.126865$ & $-0.00546652$ & $-0.133091$ & $0.0134903$ & $0.0110367$ & $0.957048$ & $-0.0611485$ & $-0.0383823$ & $0.240472$ & $0.10185$ & $-0.00226441$ & $-0.682435$ & $-0.125996$ & $-0.0301481$ & $-0.046005$ & $-0.0772431$ & $-0.0779495$ & $-0.066931$ & $-0.0967807$ & $-0.100528$ & $-0.0988005$ & $-0.0410047$ & $-0.00976057$ & $-0.0801926$ & $0.10036$ & $-0.0325045$ & $-0.024099$ & $-0.131428$ & $-0.429017$ & $-0.239855$ & $1$ & $-0.445724$ & $-0.0229243$ & $-0.0144729$ & $0.0634719$ & $0.0730716$ & $-0.0238779$ & $0.0698676$ & $-0.0852774$ & $0.00275365$ & $0.04692$ & $0.0271028$ & $0.0383853$ & $-0.0397583$ & $-0.111367$ & $0.0588043$ & $0.0397116$ & $0.0393534$ \\
CdH_33r & $-0.0611095$ & $-0.0936128$ & $0.045769$ & $0.123272$ & $-0.00572972$ & $0.00241186$ & $-0.607981$ & $0.0383217$ & $0.0574658$ & $-0.248681$ & $-0.0949801$ & $0.137818$ & $0.753556$ & $0.154341$ & $0.0751625$ & $0.067098$ & $0.0901119$ & $0.0795145$ & $0.0830521$ & $0.0954741$ & $0.0893009$ & $0.0857455$ & $-0.00621294$ & $0.0554644$ & $0.0665079$ & $-0.0737966$ & $-0.0680795$ & $0.0395166$ & $0.166911$ & $0.841581$ & $0.511008$ & $-0.445724$ & $1$ & $-0.0523157$ & $0.0739696$ & $-0.0356149$ & $-0.113082$ & $-0.0442815$ & $-0.0160701$ & $0.0504511$ & $-0.0894082$ & $-0.0906691$ & $0.0290919$ & $-0.0851782$ & $-0.0376728$ & $0.0127418$ & $-0.124207$ & $0.0327149$ & $0.104121$ \\
CLL_1221 & $-0.014429$ & $-0.00725632$ & $-0.049297$ & $0.00034354$ & $-0.037121$ & $-0.0981037$ & $-0.00498253$ & $0.513242$ & $0.501531$ & $-0.264142$ & $-0.313632$ & $-0.108153$ & $-0.0419389$ & $-0.16816$ & $-0.444142$ & $0.046202$ & $-0.233813$ & $-0.0601163$ & $-0.391445$ & $0.260726$ & $0.373179$ & $0.376935$ & $0.121933$ & $-0.598058$ & $-0.262144$ & $-0.233586$ & $0.641657$ & $0.154585$ & $0.0122637$ & $-0.0505075$ & $-0.0394644$ & $-0.0229243$ & $-0.0523157$ & $1$ & $0.0421104$ & $0.0387449$ & $-0.0337903$ & $0.015589$ & $-0.0456027$ & $-0.0342727$ & $-0.041441$ & $0.0128283$ & $-0.100747$ & $-0.0311619$ & $-0.0202155$ & $0.0201184$ & $-0.0124214$ & $-0.0739909$ & $0.050577$ \\
eHggint & $-0.112108$ & $-0.140412$ & $0.00674519$ & $-0.0148708$ & $0.0288941$ & $0.0138484$ & $-0.0399827$ & $0.074615$ & $0.0680562$ & $-0.0340355$ & $-0.0438441$ & $0.00455299$ & $0.0284329$ & $-0.0280513$ & $0.0331527$ & $0.000727832$ & $-0.0425129$ & $-0.0717415$ & $-0.0454865$ & $0.0408684$ & $0.0467112$ & $0.0464982$ & $0.00749563$ & $-0.0559676$ & $-0.0386554$ & $-0.0237517$ & $0.0695881$ & $0.0697868$ & $0.0542213$ & $-0.00727553$ & $0.0218243$ & $-0.0144729$ & $0.0739696$ & $0.0421104$ & $1$ & $0.125015$ & $0.142498$ & $0.00869887$ & $-0.0182525$ & $-0.0447802$ & $0.110819$ & $0.0483277$ & $0.0608789$ & $0.0467454$ & $-0.23821$ & $-0.156162$ & $0.133003$ & $0.0019471$ & $0.382462$ \\
eHggpar & $-0.0226601$ & $0.213544$ & $0.000433793$ & $-0.228001$ & $-0.00911727$ & $-0.0232408$ & $0.0485043$ & $0.00701035$ & $0.00820113$ & $0.0741384$ & $0.0144607$ & $0.0285534$ & $-0.0487456$ & $-0.0468717$ & $-0.0175455$ & $-0.0286315$ & $-0.0310403$ & $-0.0359526$ & $-0.029317$ & $-0.014578$ & $-0.00877161$ & $-0.00478671$ & $-0.0302326$ & $-0.0420709$ & $-0.0295611$ & $0.043805$ & $0.032208$ & $0.0259271$ & $-0.0320798$ & $-0.0636956$ & $-0.0789219$ & $0.0634719$ & $-0.0356149$ & $0.0387449$ & $0.125015$ & $1$ & $-0.11134$ & $-0.134595$ & $0.0589999$ & $-0.113811$ & $-0.0443552$ & $0.0478855$ & $0.178923$ & $-0.108963$ & $-0.13849$ & $-0.0928309$ & $-0.157345$ & $-0.0314451$ & $0.183284$ \\
eHWWint & $-0.17988$ & $-0.131798$ & $0.19731$ & $0.150265$ & $0.00316663$ & $0.00866384$ & $0.0783815$ & $0.00328931$ & $0.00472464$ & $0.0335568$ & $0.0129513$ & $0.0494231$ & $-0.0422229$ & $-0.0162928$ & $0.0226939$ & $0.0444164$ & $-0.0453751$ & $-0.0388673$ & $-0.0511197$ & $-0.00588601$ & $-0.0175237$ & $-0.00915395$ & $-0.079657$ & $0.000321178$ & $-0.0495372$ & $0.0492159$ & $-0.0731768$ & $-0.0200876$ & $-0.0331733$ & $-0.0789645$ & $-0.0851534$ & $0.0730716$ & $-0.113082$ & $-0.0337903$ & $0.142498$ & $-0.11134$ & $1$ & $0.0570725$ & $-0.12807$ & $0.0489821$ & $0.205828$ & $0.00514983$ & $0.0110697$ & $0.00454038$ & $0.0084609$ & $0.0310548$ & $0.0770352$ & $-0.165929$ & $-0.0168869$ \\
eHWWpar & $0.0427258$ & $-0.0492217$ & $0.0190103$ & $0.0574789$ & $0.0174557$ & $0.00922923$ & $-0.0124135$ & $0.0114607$ & $0.00668268$ & $-0.00798453$ & $-0.00245648$ & $-0.00019264$ & $0.0143346$ & $-0.0170626$ & $-0.00334901$ & $0.0154331$ & $-0.015508$ & $-0.0135175$ & $-0.0256069$ & $0.00222435$ & $0.00126816$ & $0.000490544$ & $0.0212492$ & $-0.0209792$ & $-0.0170923$ & $-0.0122569$ & $0.0112761$ & $-0.0169885$ & $0.00341596$ & $-0.0181773$ & $-0.0321774$ & $-0.0238779$ & $-0.0442815$ & $0.015589$ & $0.00869887$ & $-0.134595$ & $0.0570725$ & $1$ & $-0.0225665$ & $0.029383$ & $-0.0170711$ & $0.048506$ & $-0.063499$ & $-0.0235636$ & $0.0209521$ & $0.128894$ & $0.0241696$ & $-0.014031$ & $-0.0902236$ \\
eHZZint & $-0.0806889$ & $0.16544$ & $0.10622$ & $-0.0931839$ & $-0.0322221$ & $-0.043027$ & $0.0502573$ & $-0.0661792$ & $-0.0587948$ & $0.0690285$ & $0.0517243$ & $0.0257066$ & $-0.033132$ & $-0.0180302$ & $-0.00823646$ & $-0.0333805$ & $0.0300618$ & $0.0230208$ & $0.0401052$ & $-0.0465897$ & $-0.0508542$ & $-0.0494507$ & $-0.0152598$ & $0.0575443$ & $0.034274$ & $0.0318969$ & $-0.0356276$ & $-0.0114903$ & $-0.0281461$ & $-0.00327935$ & $-0.0469597$ & $0.0698676$ & $-0.0160701$ & $-0.0456027$ & $-0.0182525$ & $0.0589999$ & $-0.12807$ & $-0.0225665$ & $1$ & $-0.0452583$ & $-0.0910074$ & $0.00871559$ & $0.183876$ & $-0.0633476$ & $0.022207$ & $-0.349401$ & $-0.00944852$ & $-0.014692$ & $-0.0230978$ \\
eHZZpar & $-0.01629$ & $-0.089773$ & $0.0544986$ & $0.181209$ & $0.00584394$ & $0.0159144$ & $-0.0816772$ & $0.0391764$ & $0.0409369$ & $-0.0590411$ & $-0.0284175$ & $-0.0302489$ & $0.0716384$ & $0.00875549$ & $0.0713033$ & $0.064415$ & $-0.0299664$ & $-0.0537152$ & $-0.0566989$ & $0.0309305$ & $0.0209322$ & $0.0197148$ & $-0.0289925$ & $-0.0291038$ & $-0.0409556$ & $-0.00703218$ & $-0.0420876$ & $-0.00489399$ & $0.0198371$ & $0.048812$ & $0.0671542$ & $-0.0852774$ & $0.0504511$ & $-0.0342727$ & $-0.0447802$ & $-0.113811$ & $0.0489821$ & $0.029383$ & $-0.0452583$ & $1$ & $-0.0294226$ & $-0.035891$ & $-0.0242859$ & $0.0262125$ & $0.0150627$ & $0.0398294$ & $-0.0107268$ & $0.00112968$ & $-0.0425273$ \\
eHZgaint & $0.269151$ & $-0.0482455$ & $-0.220564$ & $-0.230056$ & $-0.0190411$ & $0.034232$ & $0.0183285$ & $-0.0492625$ & $-0.0515405$ & $0.015711$ & $0.0684703$ & $0.0186825$ & $-0.11533$ & $-0.0585491$ & $-0.0234699$ & $-0.0252279$ & $-0.0585856$ & $-0.0374101$ & $-0.0362243$ & $-0.0674677$ & $-0.0739514$ & $-0.0713872$ & $-0.018522$ & $-0.00346954$ & $-0.0741272$ & $0.0401374$ & $-0.0666434$ & $-0.0384941$ & $-0.0340321$ & $-0.0853686$ & $-0.00249495$ & $0.00275365$ & $-0.0894082$ & $-0.041441$ & $0.110819$ & $-0.0443552$ & $0.205828$ & $-0.0170711$ & $-0.0910074$ & $-0.0294226$ & $1$ & $0.0449734$ & $0.0414559$ & $0.301477$ & $-0.01927$ & $-0.0286819$ & $0.243825$ & $0.0105585$ & $0.0871858$ \\
eHZgapar & $0.00137312$ & $-0.0551737$ & $0.0482019$ & $-0.0390209$ & $0.00770809$ & $-0.0134739$ & $0.0551716$ & $-0.00290187$ & $-0.00590304$ & $0.00863723$ & $0.0171934$ & $-0.0348599$ & $-0.064939$ & $-0.0462577$ & $-0.00943335$ & $-0.0487592$ & $-0.0108063$ & $-0.0264621$ & $0.00347481$ & $-0.0189689$ & $-0.013873$ & $-0.0155623$ & $-0.0309105$ & $-0.0109275$ & $-0.00131409$ & $0.0526606$ & $0.0552676$ & $-0.000134038$ & $-0.0222172$ & $-0.0786544$ & $-0.0628162$ & $0.04692$ & $-0.0906691$ & $0.0128283$ & $0.0483277$ & $0.0478855$ & $0.00514983$ & $0.048506$ & $0.00871559$ & $-0.035891$ & $0.0449734$ & $1$ & $-0.056322$ & $0.0168325$ & $-0.0275242$ & $-0.00234009$ & $0.0134291$ & $0.00366453$ & $-0.0161907$ \\
eHgagaint & $-0.0919268$ & $0.169615$ & $-0.184983$ & $-0.0471246$ & $0.0154056$ & $0.0104398$ & $0.0106078$ & $-0.101259$ & $-0.0692238$ & $0.0927246$ & $0.0852533$ & $0.0407486$ & $0.0130352$ & $-0.0205193$ & $0.00661027$ & $-0.00026737$ & $0.0151528$ & $0.014541$ & $0.0170542$ & $-0.0771723$ & $-0.0905633$ & $-0.0850143$ & $-0.102087$ & $0.0823083$ & $0.0116831$ & $0.103238$ & $-0.120334$ & $-0.0205317$ & $-0.0276531$ & $0.0140817$ & $-0.00311035$ & $0.0271028$ & $0.0290919$ & $-0.100747$ & $0.0608789$ & $0.178923$ & $0.0110697$ & $-0.063499$ & $0.183876$ & $-0.0242859$ & $0.0414559$ & $-0.056322$ & $1$ & $-0.081493$ & $0.110787$ & $-0.0174806$ & $-0.0325878$ & $0.173394$ & $0.0129128$ \\
eHmumuint & $0.226215$ & $-0.239147$ & $-0.174378$ & $0.00194107$ & $0.029306$ & $0.00377129$ & $0.0700265$ & $-0.0515953$ & $-0.0553475$ & $0.0396675$ & $0.0302247$ & $-0.0669742$ & $-0.144259$ & $0.0140274$ & $-0.0350218$ & $-0.0787598$ & $0.0404546$ & $0.0543209$ & $0.0812166$ & $-0.0350098$ & $-0.0312805$ & $-0.0390344$ & $0.018288$ & $0.0535554$ & $0.044286$ & $-0.000486181$ & $0.00723928$ & $-0.0110266$ & $0.0167079$ & $-0.116728$ & $0.0382457$ & $0.0383853$ & $-0.0851782$ & $-0.0311619$ & $0.0467454$ & $-0.108963$ & $0.00454038$ & $-0.0235636$ & $-0.0633476$ & $0.0262125$ & $0.301477$ & $0.0168325$ & $-0.081493$ & $1$ & $-0.0851029$ & $-0.0382446$ & $0.431506$ & $0.0912578$ & $0.150763$ \\
eHtautauint & $0.143672$ & $0.289061$ & $-0.0357513$ & $-0.0419178$ & $0.0283167$ & $-0.0155328$ & $-0.0171674$ & $0.0342728$ & $0.0385463$ & $-0.0398379$ & $-0.0358429$ & $0.0075169$ & $-0.0242399$ & $0.0213995$ & $0.0624373$ & $0.0287619$ & $-0.00728683$ & $-0.0363107$ & $-0.0125801$ & $0.0394672$ & $0.0369171$ & $0.0334654$ & $-0.00703785$ & $-0.0215852$ & $-0.0414783$ & $-0.0289909$ & $-0.0342322$ & $0.0182454$ & $-0.00433995$ & $0.011925$ & $-0.0180955$ & $-0.0397583$ & $-0.0376728$ & $-0.0202155$ & $-0.23821$ & $-0.13849$ & $0.0084609$ & $0.0209521$ & $0.022207$ & $0.0150627$ & $-0.01927$ & $-0.0275242$ & $0.110787$ & $-0.0851029$ & $1$ & $0.0737584$ & $-0.0312313$ & $0.0814572$ & $-0.0610788$ \\
eHccint & $0.0788324$ & $-0.20676$ & $0.0802959$ & $0.391422$ & $-0.0550316$ & $-0.00731212$ & $-0.0958889$ & $0.0640843$ & $0.0654667$ & $-0.0873822$ & $-0.0926322$ & $-0.0224175$ & $0.110068$ & $0.0933039$ & $0.0405169$ & $0.0527014$ & $0.0612123$ & $0.047212$ & $0.034254$ & $0.087766$ & $0.0890685$ & $0.0834477$ & $-0.0179353$ & $0.018171$ & $0.0407071$ & $-0.0421407$ & $0.0289512$ & $-0.0237391$ & $0.0193807$ & $0.0739022$ & $0.0584432$ & $-0.111367$ & $0.0127418$ & $0.0201184$ & $-0.156162$ & $-0.0928309$ & $0.0310548$ & $0.128894$ & $-0.349401$ & $0.0398294$ & $-0.0286819$ & $-0.00234009$ & $-0.0174806$ & $-0.0382446$ & $0.0737584$ & $1$ & $-0.0308599$ & $-0.0565109$ & $-0.314244$ \\
eHccpar & $0.0930712$ & $-0.0856689$ & $-0.183328$ & $-0.00740808$ & $0.0367072$ & $-0.00663073$ & $0.0841805$ & $-0.0686135$ & $-0.0728902$ & $0.0627372$ & $0.0624299$ & $-0.000302633$ & $-0.162853$ & $-0.0278232$ & $-0.0629148$ & $-0.0990337$ & $0.0145215$ & $0.0365667$ & $0.0651027$ & $-0.0656711$ & $-0.060418$ & $-0.0575481$ & $0.0243777$ & $0.0440252$ & $0.0454983$ & $0.0166108$ & $0.0394639$ & $-0.00552761$ & $0.0317223$ & $-0.112313$ & $0.140599$ & $0.0588043$ & $-0.124207$ & $-0.0124214$ & $0.133003$ & $-0.157345$ & $0.0770352$ & $0.0241696$ & $-0.00944852$ & $-0.0107268$ & $0.243825$ & $0.0134291$ & $-0.0325878$ & $0.431506$ & $-0.0312313$ & $-0.0308599$ & $1$ & $0.263266$ & $-0.0249052$ \\
eHbbint & $0.186839$ & $-0.0634455$ & $-0.171704$ & $-0.125182$ & $-0.0124477$ & $0.0280636$ & $0.0306365$ & $-0.0847968$ & $-0.0800785$ & $0.0798447$ & $0.0573314$ & $-0.0569985$ & $-0.0315219$ & $0.0173068$ & $-0.0191575$ & $-0.0331604$ & $0.0390972$ & $0.0535225$ & $0.0629589$ & $-0.0593821$ & $-0.0632174$ & $-0.0560387$ & $-0.000669471$ & $0.0799153$ & $0.0569682$ & $0.0508636$ & $-0.0219687$ & $-0.0160047$ & $-0.0070624$ & $-0.0267932$ & $0.00942094$ & $0.0397116$ & $0.0327149$ & $-0.0739909$ & $0.0019471$ & $-0.0314451$ & $-0.165929$ & $-0.014031$ & $-0.014692$ & $0.00112968$ & $0.0105585$ & $0.00366453$ & $0.173394$ & $0.0912578$ & $0.0814572$ & $-0.0565109$ & $0.263266$ & $1$ & $-0.0399023$ \\
eHbbpar & $-0.0844578$ & $-0.0457082$ & $-0.115426$ & $-0.0918252$ & $0.0205581$ & $0.0556759$ & $0.0342734$ & $0.0606108$ & $0.0539232$ & $-0.016057$ & $-0.0164653$ & $0.00632361$ & $-0.0652521$ & $-0.0539298$ & $0.00323584$ & $0.0131342$ & $-0.0842497$ & $-0.084302$ & $-0.0936302$ & $0.0160867$ & $0.0188136$ & $0.0167251$ & $0.0151427$ & $-0.0905281$ & $-0.0930254$ & $-0.0154538$ & $0.0117785$ & $0.0180451$ & $0.00928997$ & $-0.0833473$ & $-0.0587846$ & $0.0393534$ & $0.104121$ & $0.050577$ & $0.382462$ & $0.183284$ & $-0.0168869$ & $-0.0902236$ & $-0.0230978$ & $-0.0425273$ & $0.0871858$ & $-0.0161907$ & $0.0129128$ & $0.150763$ & $-0.0610788$ & $-0.314244$ & $-0.0249052$ & $-0.0399023$ & $1$ \\
