 & AlsMz & dAle5Mz & mtop & mHl & Mz & CW & CHG & CHWB & CHWHB_gaga & CHWHB_gagaorth & CHD & CHbox & CH & CHL1_11 & CHL1_22 & CHL1_33 & CHL3_11 & CHL3_22 & CHL3_33 & CHe_11 & CHe_22 & CHe_33 & CHQ1_11 & CHQ1_33 & CHQ3_11 & CHu_11 & CHd_11 & CHd_33 & CeH_22r & CeH_33r & CuH_22r & CuH_33r & CdH_33r & CLL_1221 & eHggint & eHggpar & eHWWint & eHWWpar & eHZZint & eHZZpar & eHZgaint & eHZgapar & eHgagaint & eHmumuint & eHtautauint & eHccint & eHccpar & eHbbint & eHbbpar \\
AlsMz & $1$ & $-0.0512566$ & $0.00234944$ & $0.0468831$ & $0.0041744$ & $-0.00702074$ & $0.00950936$ & $-0.0123581$ & $-0.00913902$ & $0.0190782$ & $-0.0107184$ & $0.0085596$ & $-0.00917195$ & $0.0218827$ & $0.00949808$ & $0.0136426$ & $0.0304469$ & $0.0236689$ & $0.0222902$ & $0.00440594$ & $-0.00115906$ & $-0.00319251$ & $-0.00341111$ & $-0.0250791$ & $-0.0905896$ & $-0.0422719$ & $-0.0505384$ & $0.0200797$ & $-0.00793882$ & $-0.00127413$ & $-0.0162327$ & $0.00188804$ & $-0.0431591$ & $-0.0211962$ & $-0.0912173$ & $0.107968$ & $0.0594171$ & $-0.0179382$ & $0.0221767$ & $0.00827529$ & $0.00802541$ & $0.0155574$ & $0.0541759$ & $-0.0979428$ & $0.14133$ & $0.0186995$ & $-0.0221789$ & $0.0918448$ & $-0.122753$ \\
dAle5Mz & $-0.0512566$ & $1$ & $-0.0792831$ & $0.0169679$ & $0.00857734$ & $0.00252393$ & $-0.00754321$ & $-0.0728981$ & $-0.0709333$ & $0.012551$ & $0.0529927$ & $0.00891629$ & $-0.00762771$ & $-0.0191205$ & $-0.00965025$ & $-0.00418045$ & $0.0279462$ & $0.0173199$ & $0.0113657$ & $-0.0301056$ & $-0.0301372$ & $-0.0296404$ & $0.00380848$ & $0.0288426$ & $0.0207512$ & $0.0114563$ & $-0.0166317$ & $-0.00560911$ & $-0.0103075$ & $0.00443365$ & $-0.00890783$ & $-0.0141994$ & $0.0320367$ & $0.0131088$ & $-0.0355631$ & $-0.100562$ & $-0.0212111$ & $-0.00697673$ & $0.0878931$ & $0.0044109$ & $0.0193101$ & $-0.0327588$ & $-0.00816042$ & $0.0707915$ & $-0.0017956$ & $-0.0368268$ & $-0.0273463$ & $-0.0389059$ & $0.0738949$ \\
mtop & $0.00234944$ & $-0.0792831$ & $1$ & $-0.173437$ & $-0.00455176$ & $-0.0106682$ & $0.000899379$ & $-0.00563718$ & $-0.0087108$ & $-0.00131021$ & $0.0133194$ & $-0.00373404$ & $-0.00839266$ & $-0.000139298$ & $-0.00251009$ & $-0.00381277$ & $-2.40665e-05$ & $0.00278749$ & $0.00387699$ & $-0.00800251$ & $-0.00810425$ & $-0.00655299$ & $-0.00367019$ & $0.00892361$ & $0.000554152$ & $0.00515118$ & $-0.00724584$ & $0.00291406$ & $-0.0127013$ & $-0.0173868$ & $0.0103025$ & $0.00189652$ & $-0.0463209$ & $-0.00619494$ & $0.04606$ & $-0.0470262$ & $0.0367684$ & $-0.0195496$ & $-0.0333778$ & $0.0140045$ & $0.00296488$ & $0.001327$ & $-0.0231237$ & $-0.0216833$ & $0.110418$ & $-0.108241$ & $0.0579284$ & $-0.0207613$ & $-0.0616375$ \\
mHl & $0.0468831$ & $0.0169679$ & $-0.173437$ & $1$ & $-0.0546999$ & $-0.0147159$ & $-0.000788978$ & $-0.00263417$ & $-0.0198488$ & $-0.00581708$ & $-0.00457491$ & $-0.0039228$ & $-0.0134815$ & $0.00789159$ & $-0.00704105$ & $-0.00385334$ & $0.0130526$ & $0.0142738$ & $0.0110343$ & $0.00290579$ & $0.00375364$ & $0.0025584$ & $0.0140256$ & $0.0010307$ & $0.0052406$ & $-0.00916367$ & $0.00282163$ & $-0.00351048$ & $0.00668481$ & $-0.000713039$ & $-0.0557479$ & $-0.00826272$ & $-0.0521121$ & $0.00567277$ & $-0.120884$ & $0.0957352$ & $0.106991$ & $-0.00361959$ & $-0.000637526$ & $-0.0466642$ & $0.0344251$ & $0.0296147$ & $-0.226308$ & $-0.079908$ & $0.110446$ & $0.0594531$ & $-0.146071$ & $-0.00998029$ & $-0.0888065$ \\
Mz & $0.0041744$ & $0.00857734$ & $-0.00455176$ & $-0.0546999$ & $1$ & $-0.00657888$ & $-0.0123399$ & $-0.010822$ & $-0.00995202$ & $0.0115886$ & $0.0189258$ & $0.00809939$ & $-0.00522795$ & $0.00606397$ & $-0.00512533$ & $0.00106519$ & $0.00617497$ & $0.0084239$ & $0.0042957$ & $-0.00869424$ & $-0.00567565$ & $-0.0048522$ & $0.00589247$ & $0.00466862$ & $0.00644017$ & $-0.0033521$ & $-0.00328146$ & $-0.00740342$ & $5.18438e-05$ & $0.00193244$ & $0.00190769$ & $-0.00911319$ & $-0.00460055$ & $-0.00557941$ & $0.00484639$ & $0.00595174$ & $-0.00461567$ & $0.00564818$ & $0.000527379$ & $0.00422939$ & $-0.0101934$ & $-0.00622778$ & $0.0100831$ & $0.00962806$ & $-0.00464182$ & $0.00563405$ & $0.00344202$ & $0.00222013$ & $-0.0070603$ \\
CW & $-0.00702074$ & $0.00252393$ & $-0.0106682$ & $-0.0147159$ & $-0.00657888$ & $1$ & $0.00343591$ & $-0.124633$ & $-0.121776$ & $0.0140053$ & $0.180382$ & $0.0468491$ & $0.000833261$ & $0.0284011$ & $-0.082764$ & $-0.0767117$ & $-0.253119$ & $-0.0407541$ & $-0.0435217$ & $-0.178529$ & $-0.183089$ & $-0.178732$ & $-0.0173919$ & $0.009362$ & $-0.0804678$ & $0.111823$ & $-0.0755563$ & $-0.0658847$ & $-0.00456699$ & $-0.00478792$ & $-0.00564409$ & $0.00549624$ & $-0.00221675$ & $-0.118116$ & $0.000133332$ & $-0.00464089$ & $0.00538725$ & $0.0111045$ & $-0.0111781$ & $-0.00379933$ & $0.0088975$ & $0.00867616$ & $0.0057121$ & $0.00359673$ & $-0.0159575$ & $0.00332992$ & $-0.00181679$ & $0.00852716$ & $-0.00730225$ \\
CHG & $0.00950936$ & $-0.00754321$ & $0.000899379$ & $-0.000788978$ & $-0.0123399$ & $0.00343591$ & $1$ & $-0.112306$ & $-0.0606619$ & $0.0824906$ & $0.0643904$ & $0.109738$ & $-0.314$ & $0.0620278$ & $-0.0270308$ & $-0.0350379$ & $0.0957507$ & $0.108505$ & $0.113458$ & $-0.0632636$ & $-0.0673487$ & $-0.0683233$ & $-0.0107134$ & $0.116273$ & $0.105722$ & $0.0391282$ & $-0.0415339$ & $-0.0251414$ & $-0.000215564$ & $-0.130861$ & $-0.0592438$ & $0.932738$ & $-0.16636$ & $-0.0689269$ & $-0.0351051$ & $0.00297472$ & $0.0230596$ & $0.00203597$ & $-0.0313625$ & $-0.0107621$ & $-0.00451131$ & $0.0016186$ & $-0.00959961$ & $-0.00369722$ & $-0.0134944$ & $-0.0126004$ & $0.010696$ & $-0.00636499$ & $0.00243345$ \\
CHWB & $-0.0123581$ & $-0.0728981$ & $-0.00563718$ & $-0.00263417$ & $-0.010822$ & $-0.124633$ & $-0.112306$ & $1$ & $0.98291$ & $-0.570707$ & $-0.879627$ & $-0.379223$ & $0.350101$ & $0.096609$ & $0.293139$ & $0.29562$ & $-0.243523$ & $-0.432514$ & $-0.434874$ & $0.850781$ & $0.896864$ & $0.879178$ & $0.0645824$ & $-0.675501$ & $-0.398382$ & $-0.504317$ & $0.431226$ & $0.312366$ & $0.0322419$ & $0.113604$ & $0.0575249$ & $-0.105509$ & $0.122643$ & $0.565134$ & $-0.00968058$ & $-0.00123759$ & $-0.0043464$ & $-0.00554053$ & $-0.00292149$ & $0.000982299$ & $-0.000424745$ & $0.0034676$ & $0.00543134$ & $-0.007605$ & $-0.00992986$ & $0.0157408$ & $-0.00513911$ & $-0.000173289$ & $-0.00524771$ \\
CHWHB_gaga & $-0.00913902$ & $-0.0709333$ & $-0.0087108$ & $-0.0198488$ & $-0.00995202$ & $-0.121776$ & $-0.0606619$ & $0.98291$ & $1$ & $-0.560885$ & $-0.862026$ & $-0.355212$ & $0.342747$ & $0.0887262$ & $0.289728$ & $0.289923$ & $-0.244764$ & $-0.431202$ & $-0.4321$ & $0.834052$ & $0.878892$ & $0.86104$ & $0.061512$ & $-0.666822$ & $-0.39727$ & $-0.493411$ & $0.422092$ & $0.306683$ & $0.0369138$ & $0.137515$ & $0.0694182$ & $-0.0638438$ & $0.149438$ & $0.553992$ & $-0.0302153$ & $-0.0179182$ & $-0.0295656$ & $-0.00541296$ & $-0.0064167$ & $-0.00168208$ & $0.013214$ & $0.00454655$ & $0.0755639$ & $-0.00712501$ & $-0.00742202$ & $0.01346$ & $-0.00682319$ & $0.00770591$ & $-0.00554056$ \\
CHWHB_gagaorth & $0.0190782$ & $0.012551$ & $-0.00131021$ & $-0.00581708$ & $0.0115886$ & $0.0140053$ & $0.0824906$ & $-0.570707$ & $-0.560885$ & $1$ & $0.352868$ & $0.685249$ & $-0.251431$ & $0.23687$ & $-0.117751$ & $-0.121579$ & $0.440241$ & $0.491318$ & $0.490335$ & $-0.338839$ & $-0.370402$ & $-0.365206$ & $-0.0519652$ & $0.562223$ & $0.483166$ & $0.209525$ & $-0.239023$ & $-0.12701$ & $-0.0225774$ & $-0.127829$ & $-0.0614044$ & $0.0984608$ & $-0.144007$ & $-0.357006$ & $0.0403351$ & $0.0250665$ & $0.0191819$ & $0.00721713$ & $-0.00404846$ & $-0.00336919$ & $-0.0472004$ & $-0.00613864$ & $-0.0115544$ & $-0.0149412$ & $0.00638325$ & $-0.00380626$ & $0.0239566$ & $0.000293335$ & $0.0102343$ \\
CHD & $-0.0107184$ & $0.0529927$ & $0.0133194$ & $-0.00457491$ & $0.0189258$ & $0.180382$ & $0.0643904$ & $-0.879627$ & $-0.862026$ & $0.352868$ & $1$ & $0.337517$ & $-0.17459$ & $-0.51124$ & $-0.417997$ & $-0.414793$ & $-0.212024$ & $0.0670268$ & $0.0687937$ & $-0.990399$ & $-0.991082$ & $-0.970177$ & $-0.00849316$ & $0.312109$ & $0.0184027$ & $0.560964$ & $-0.301557$ & $-0.346084$ & $-0.02063$ & $-0.0649738$ & $-0.030734$ & $0.0694222$ & $-0.0690317$ & $-0.368671$ & $0.0169563$ & $-0.000517263$ & $-0.00306631$ & $0.00662984$ & $-0.00361351$ & $-0.00138521$ & $0.0156633$ & $-0.00448175$ & $-0.00604947$ & $0.019578$ & $0.000416213$ & $-0.0176885$ & $0.00151738$ & $-0.00300353$ & $0.00242675$ \\
CHbox & $0.0085596$ & $0.00891629$ & $-0.00373404$ & $-0.0039228$ & $0.00809939$ & $0.0468491$ & $0.109738$ & $-0.379223$ & $-0.355212$ & $0.685249$ & $0.337517$ & $1$ & $-0.346793$ & $-0.0545026$ & $-0.0713741$ & $-0.0672888$ & $0.0720116$ & $0.131774$ & $0.126092$ & $-0.315957$ & $-0.350788$ & $-0.344807$ & $-0.0366356$ & $0.261227$ & $0.127028$ & $0.197058$ & $-0.198775$ & $-0.128018$ & $-0.00130507$ & $0.0931757$ & $0.00215311$ & $0.172479$ & $0.0948339$ & $-0.25202$ & $0.0834235$ & $0.039726$ & $0.0111024$ & $0.010335$ & $-0.00171085$ & $-0.00199219$ & $-0.0265152$ & $-0.000684056$ & $-0.0145493$ & $-0.0140691$ & $-0.00454558$ & $-0.0100196$ & $0.0226326$ & $0.00110924$ & $0.00415066$ \\
CH & $-0.00917195$ & $-0.00762771$ & $-0.00839266$ & $-0.0134815$ & $-0.00522795$ & $0.000833261$ & $-0.314$ & $0.350101$ & $0.342747$ & $-0.251431$ & $-0.17459$ & $-0.346793$ & $1$ & $-0.235912$ & $0.083775$ & $0.0773838$ & $-0.354573$ & $-0.386461$ & $-0.379282$ & $0.17041$ & $0.184643$ & $0.183932$ & $0.029255$ & $-0.390216$ & $-0.371829$ & $-0.104047$ & $0.133184$ & $0.0689451$ & $0.0485271$ & $0.267229$ & $0.112268$ & $-0.26361$ & $0.332232$ & $0.208851$ & $0.0214368$ & $0.0106676$ & $-0.00675819$ & $-0.00956771$ & $0.00360394$ & $0.000958783$ & $0.00971649$ & $0.00254129$ & $-0.000545989$ & $0.0100306$ & $-0.00308044$ & $0.0105399$ & $-0.0111281$ & $-0.00126513$ & $0.0019939$ \\
CHL1_11 & $0.0218827$ & $-0.0191205$ & $-0.000139298$ & $0.00789159$ & $0.00606397$ & $0.0284011$ & $0.0620278$ & $0.096609$ & $0.0887262$ & $0.23687$ & $-0.51124$ & $-0.0545026$ & $-0.235912$ & $1$ & $0.272614$ & $0.262074$ & $0.661851$ & $0.597834$ & $0.598251$ & $0.529291$ & $0.471619$ & $0.458225$ & $-0.0829433$ & $0.469049$ & $0.602661$ & $-0.269258$ & $-0.0911502$ & $0.163015$ & $-0.0121305$ & $-0.0619158$ & $-0.0363547$ & $0.0404346$ & $-0.0705935$ & $-0.214596$ & $-0.0127243$ & $0.00183583$ & $0.0162273$ & $0.00135276$ & $0.00571156$ & $0.00194453$ & $-0.0305514$ & $0.00372717$ & $0.00032023$ & $-0.0295025$ & $0.00964908$ & $0.0135188$ & $0.00494886$ & $0.00849157$ & $-0.00333252$ \\
CHL1_22 & $0.00949808$ & $-0.00965025$ & $-0.00251009$ & $-0.00704105$ & $-0.00512533$ & $-0.082764$ & $-0.0270308$ & $0.293139$ & $0.289728$ & $-0.117751$ & $-0.417997$ & $-0.0713741$ & $0.083775$ & $0.272614$ & $1$ & $0.447067$ & $0.166536$ & $-0.44644$ & $-0.0286385$ & $0.483879$ & $0.333886$ & $0.325043$ & $-0.179137$ & $0.109784$ & $-0.129812$ & $-0.191223$ & $-0.394458$ & $0.110294$ & $0.00567308$ & $0.0402214$ & $0.0141336$ & $-0.0246249$ & $0.0417019$ & $-0.593252$ & $-0.000918781$ & $0.00100361$ & $-0.000985658$ & $-0.0102372$ & $0.00844217$ & $0.00121261$ & $-0.014674$ & $0.0210487$ & $-0.0026969$ & $-0.0216955$ & $0.000579642$ & $0.0120485$ & $0.00846296$ & $0.00377047$ & $0.00310106$ \\
CHL1_33 & $0.0136426$ & $-0.00418045$ & $-0.00381277$ & $-0.00385334$ & $0.00106519$ & $-0.0767117$ & $-0.0350379$ & $0.29562$ & $0.289923$ & $-0.121579$ & $-0.414793$ & $-0.0672888$ & $0.0773838$ & $0.262074$ & $0.447067$ & $1$ & $0.157621$ & $-0.03256$ & $-0.437061$ & $0.479117$ & $0.334143$ & $0.34984$ & $-0.16015$ & $0.097421$ & $-0.131494$ & $-0.199307$ & $-0.379334$ & $0.108445$ & $0.00300473$ & $0.0342198$ & $0.0119391$ & $-0.0289948$ & $0.037025$ & $-0.0982996$ & $-0.00506072$ & $-0.00180857$ & $0.00552779$ & $-3.55312e-05$ & $0.0106666$ & $0.00750826$ & $0.00545659$ & $0.00543229$ & $0.00250778$ & $9.59992e-05$ & $0.00622322$ & $0.0142347$ & $0.00307957$ & $0.000302291$ & $0.00800404$ \\
CHL3_11 & $0.0304469$ & $0.0279462$ & $-2.40665e-05$ & $0.0130526$ & $0.00617497$ & $-0.253119$ & $0.0957507$ & $-0.243523$ & $-0.244764$ & $0.440241$ & $-0.212024$ & $0.0720116$ & $-0.354573$ & $0.661851$ & $0.166536$ & $0.157621$ & $1$ & $0.736379$ & $0.736817$ & $0.235145$ & $0.179289$ & $0.173153$ & $-0.0739898$ & $0.67923$ & $0.778806$ & $-0.106766$ & $-0.158971$ & $0.0663629$ & $-0.0216262$ & $-0.100524$ & $-0.0507387$ & $0.0711064$ & $-0.111351$ & $-0.255587$ & $-0.0133379$ & $0.00543375$ & $0.0098314$ & $-0.00589835$ & $0.0104895$ & $-0.000324104$ & $-0.031616$ & $-0.00300036$ & $-1.65539e-06$ & $-0.0195965$ & $0.0198308$ & $-0.0026986$ & $0.0115679$ & $0.0022459$ & $0.00643508$ \\
CHL3_22 & $0.0236689$ & $0.0173199$ & $0.00278749$ & $0.0142738$ & $0.0084239$ & $-0.0407541$ & $0.108505$ & $-0.432514$ & $-0.431202$ & $0.491318$ & $0.0670268$ & $0.131774$ & $-0.386461$ & $0.597834$ & $-0.44644$ & $-0.03256$ & $0.736379$ & $1$ & $0.677012$ & $-0.0698132$ & $-0.0615244$ & $-0.0592584$ & $0.00866193$ & $0.62022$ & $0.795701$ & $0.0293766$ & $-0.00128264$ & $-0.0165605$ & $-0.0259504$ & $-0.119493$ & $-0.0596916$ & $0.0854467$ & $-0.130424$ & $0.0322945$ & $-0.00908517$ & $0.00344175$ & $0.0151347$ & $0.0055395$ & $0.00273682$ & $-0.000369781$ & $-0.0190058$ & $-0.0122995$ & $0.00180764$ & $-0.00785724$ & $0.0165937$ & $-0.00416501$ & $0.00289548$ & $0.00306977$ & $0.00227617$ \\
CHL3_33 & $0.0222902$ & $0.0113657$ & $0.00387699$ & $0.0110343$ & $0.0042957$ & $-0.0435217$ & $0.113458$ & $-0.434874$ & $-0.4321$ & $0.490335$ & $0.0687937$ & $0.126092$ & $-0.379282$ & $0.598251$ & $-0.0286385$ & $-0.437061$ & $0.736817$ & $0.677012$ & $1$ & $-0.0709825$ & $-0.0640076$ & $-0.0595406$ & $-0.000732751$ & $0.624675$ & $0.796185$ & $0.0365032$ & $-0.00510703$ & $-0.015409$ & $-0.0229095$ & $-0.114682$ & $-0.0579911$ & $0.0877862$ & $-0.126538$ & $-0.345562$ & $-0.00600719$ & $0.00591551$ & $0.0105852$ & $-0.00172447$ & $0.00217137$ & $-0.00452896$ & $-0.0353021$ & $-0.00136279$ & $-0.00325705$ & $-0.0240501$ & $0.012643$ & $-0.00760302$ & $0.00767432$ & $0.00505436$ & $-0.00118468$ \\
CHe_11 & $0.00440594$ & $-0.0301056$ & $-0.00800251$ & $0.00290579$ & $-0.00869424$ & $-0.178529$ & $-0.0632636$ & $0.850781$ & $0.834052$ & $-0.338839$ & $-0.990399$ & $-0.315957$ & $0.17041$ & $0.529291$ & $0.483879$ & $0.479117$ & $0.235145$ & $-0.0698132$ & $-0.0709825$ & $1$ & $0.972629$ & $0.952594$ & $-0.0160298$ & $-0.25772$ & $-0.011728$ & $-0.551673$ & $0.226663$ & $0.339432$ & $0.0191936$ & $0.0647091$ & $0.0295216$ & $-0.0673124$ & $0.0697759$ & $0.289919$ & $-0.0151765$ & $-0.0025927$ & $0.00378555$ & $-0.00716559$ & $0.00645754$ & $0.00118008$ & $-0.0162131$ & $0.00499978$ & $0.0055383$ & $-0.0178305$ & $0.000666116$ & $0.0165796$ & $-0.00179405$ & $0.00192303$ & $0.00135361$ \\
CHe_22 & $-0.00115906$ & $-0.0301372$ & $-0.00810425$ & $0.00375364$ & $-0.00567565$ & $-0.183089$ & $-0.0673487$ & $0.896864$ & $0.878892$ & $-0.370402$ & $-0.991082$ & $-0.350788$ & $0.184643$ & $0.471619$ & $0.333886$ & $0.334143$ & $0.179289$ & $-0.0615244$ & $-0.0640076$ & $0.972629$ & $1$ & $0.9754$ & $0.0370504$ & $-0.367205$ & $-0.0236776$ & $-0.563321$ & $0.38222$ & $0.349109$ & $0.021919$ & $0.0665352$ & $0.0327172$ & $-0.0726198$ & $0.0713971$ & $0.455064$ & $-0.0165472$ & $-0.00340623$ & $0.00155357$ & $-0.00674954$ & $0.00440541$ & $0.00105492$ & $-0.015229$ & $0.000905997$ & $0.00577738$ & $-0.015754$ & $-0.00218492$ & $0.0143623$ & $-0.00213873$ & $0.000789696$ & $-0.00121804$ \\
CHe_33 & $-0.00319251$ & $-0.0296404$ & $-0.00655299$ & $0.0025584$ & $-0.0048522$ & $-0.178732$ & $-0.0683233$ & $0.879178$ & $0.86104$ & $-0.365206$ & $-0.970177$ & $-0.344807$ & $0.183932$ & $0.458225$ & $0.325043$ & $0.34984$ & $0.173153$ & $-0.0592584$ & $-0.0595406$ & $0.952594$ & $0.9754$ & $1$ & $0.0397004$ & $-0.36158$ & $-0.0219112$ & $-0.553195$ & $0.377132$ & $0.341498$ & $0.0213319$ & $0.0658491$ & $0.0311577$ & $-0.0734994$ & $0.0710994$ & $0.450301$ & $-0.016789$ & $-0.00420078$ & $0.00127575$ & $-0.00653151$ & $0.00176259$ & $5.11548e-05$ & $-0.0160353$ & $0.00112395$ & $0.00331181$ & $-0.0169027$ & $-0.00229812$ & $0.0116555$ & $-0.00170486$ & $0.000686987$ & $-0.000795039$ \\
CHQ1_11 & $-0.00341111$ & $0.00380848$ & $-0.00367019$ & $0.0140256$ & $0.00589247$ & $-0.0173919$ & $-0.0107134$ & $0.0645824$ & $0.061512$ & $-0.0519652$ & $-0.00849316$ & $-0.0366356$ & $0.029255$ & $-0.0829433$ & $-0.179137$ & $-0.16015$ & $-0.0739898$ & $0.00866193$ & $-0.000732751$ & $-0.0160298$ & $0.0370504$ & $0.0397004$ & $1$ & $-0.140705$ & $0.0749275$ & $-0.678006$ & $0.340524$ & $0.0102467$ & $0.00824506$ & $0.00858669$ & $0.000527683$ & $-0.0132954$ & $0.00614066$ & $0.205686$ & $-0.0062561$ & $-0.00944349$ & $-0.00417769$ & $-0.00495467$ & $-0.0111598$ & $-0.00687254$ & $-0.0112929$ & $0.00487904$ & $-0.0132622$ & $-0.00288971$ & $-0.000353142$ & $0.00498865$ & $-0.00458536$ & $-0.00660671$ & $-0.0040073$ \\
CHQ1_33 & $-0.0250791$ & $0.0288426$ & $0.00892361$ & $0.0010307$ & $0.00466862$ & $0.009362$ & $0.116273$ & $-0.675501$ & $-0.666822$ & $0.562223$ & $0.312109$ & $0.261227$ & $-0.390216$ & $0.469049$ & $0.109784$ & $0.097421$ & $0.67923$ & $0.62022$ & $0.624675$ & $-0.25772$ & $-0.367205$ & $-0.36158$ & $-0.140705$ & $1$ & $0.642872$ & $0.206731$ & $-0.424973$ & $-0.0343518$ & $-0.03197$ & $-0.119502$ & $-0.0631984$ & $0.100656$ & $-0.128236$ & $-0.634584$ & $0.0113494$ & $-0.00189827$ & $0.00630813$ & $0.00160971$ & $0.00592718$ & $-0.000395427$ & $-0.0181761$ & $-0.00345104$ & $-0.00441452$ & $-0.00561076$ & $0.0077303$ & $-0.00251096$ & $0.00812764$ & $0.00128872$ & $0.00782772$ \\
CHQ3_11 & $-0.0905896$ & $0.0207512$ & $0.000554152$ & $0.0052406$ & $0.00644017$ & $-0.0804678$ & $0.105722$ & $-0.398382$ & $-0.39727$ & $0.483166$ & $0.0184027$ & $0.127028$ & $-0.371829$ & $0.602661$ & $-0.129812$ & $-0.131494$ & $0.778806$ & $0.795701$ & $0.796185$ & $-0.011728$ & $-0.0236776$ & $-0.0219112$ & $0.0749275$ & $0.642872$ & $1$ & $0.0161048$ & $0.205254$ & $-0.00488505$ & $-0.0200709$ & $-0.112718$ & $-0.0554234$ & $0.0819604$ & $-0.118545$ & $-0.200746$ & $0.000184678$ & $-0.00483785$ & $0.00764673$ & $0.00189262$ & $0.00164335$ & $-0.00388894$ & $-0.0368961$ & $-0.00378838$ & $-0.0120466$ & $-0.00679411$ & $-0.00169622$ & $-0.00275153$ & $0.0179682$ & $-0.00899647$ & $0.018632$ \\
CHu_11 & $-0.0422719$ & $0.0114563$ & $0.00515118$ & $-0.00916367$ & $-0.0033521$ & $0.111823$ & $0.0391282$ & $-0.504317$ & $-0.493411$ & $0.209525$ & $0.560964$ & $0.197058$ & $-0.104047$ & $-0.269258$ & $-0.191223$ & $-0.199307$ & $-0.106766$ & $0.0293766$ & $0.0365032$ & $-0.551673$ & $-0.563321$ & $-0.553195$ & $-0.678006$ & $0.206731$ & $0.0161048$ & $1$ & $-0.179021$ & $-0.19704$ & $-0.014984$ & $-0.0407775$ & $-0.0126823$ & $0.0426264$ & $-0.0393077$ & $-0.254865$ & $0.0198314$ & $0.003238$ & $-0.00381241$ & $0.0104293$ & $0.00433388$ & $-0.000797156$ & $0.0135043$ & $-0.00628543$ & $-0.00284006$ & $0.0183708$ & $-0.0065954$ & $-0.0133509$ & $0.00392592$ & $-0.00144416$ & $0.00774777$ \\
CHd_11 & $-0.0505384$ & $-0.0166317$ & $-0.00724584$ & $0.00282163$ & $-0.00328146$ & $-0.0755563$ & $-0.0415339$ & $0.431226$ & $0.422092$ & $-0.239023$ & $-0.301557$ & $-0.198775$ & $0.133184$ & $-0.0911502$ & $-0.394458$ & $-0.379334$ & $-0.158971$ & $-0.00128264$ & $-0.00510703$ & $0.226663$ & $0.38222$ & $0.377132$ & $0.340524$ & $-0.424973$ & $0.205254$ & $-0.179021$ & $1$ & $0.125492$ & $0.0197808$ & $0.0333661$ & $0.0219981$ & $-0.0452007$ & $0.0393376$ & $0.686421$ & $-0.00391493$ & $-0.00418913$ & $-0.00515049$ & $-0.00036748$ & $-0.00677669$ & $-0.00608062$ & $-0.011255$ & $-0.00828219$ & $-0.0069067$ & $0.00546653$ & $-0.0141271$ & $0.00361301$ & $0.00143042$ & $-0.00952704$ & $0.00089256$ \\
CHd_33 & $0.0200797$ & $-0.00560911$ & $0.00291406$ & $-0.00351048$ & $-0.00740342$ & $-0.0658847$ & $-0.0251414$ & $0.312366$ & $0.306683$ & $-0.12701$ & $-0.346084$ & $-0.128018$ & $0.0689451$ & $0.163015$ & $0.110294$ & $0.108445$ & $0.0663629$ & $-0.0165605$ & $-0.015409$ & $0.339432$ & $0.349109$ & $0.341498$ & $0.0102467$ & $-0.0343518$ & $-0.00488505$ & $-0.19704$ & $0.125492$ & $1$ & $0.00923025$ & $0.0130255$ & $0.00675035$ & $-0.0288215$ & $0.0190904$ & $0.164672$ & $0.00182718$ & $0.00879011$ & $-0.00540479$ & $-0.00831818$ & $-0.00440573$ & $0.00684542$ & $-0.00764761$ & $-0.00275858$ & $0.00527655$ & $0.00435056$ & $0.00483948$ & $0.00160869$ & $0.00274359$ & $0.00465631$ & $-0.00374373$ \\
CeH_22r & $-0.00793882$ & $-0.0103075$ & $-0.0127013$ & $0.00668481$ & $5.18438e-05$ & $-0.00456699$ & $-0.000215564$ & $0.0322419$ & $0.0369138$ & $-0.0225774$ & $-0.02063$ & $-0.00130507$ & $0.0485271$ & $-0.0121305$ & $0.00567308$ & $0.00300473$ & $-0.0216262$ & $-0.0259504$ & $-0.0229095$ & $0.0191936$ & $0.021919$ & $0.0213319$ & $0.00824506$ & $-0.03197$ & $-0.0200709$ & $-0.014984$ & $0.0197808$ & $0.00923025$ & $1$ & $0.0416382$ & $0.015886$ & $-0.0122356$ & $0.0477951$ & $0.0207035$ & $-0.0198003$ & $-0.0112912$ & $-0.0225031$ & $0.00173975$ & $-0.0146966$ & $-0.0087069$ & $0.00260733$ & $0.00470561$ & $-0.000590968$ & $0.0103527$ & $-0.00712131$ & $-0.00883933$ & $-0.00932275$ & $0.00363815$ & $-0.000635433$ \\
CeH_33r & $-0.00127413$ & $0.00443365$ & $-0.0173868$ & $-0.000713039$ & $0.00193244$ & $-0.00478792$ & $-0.130861$ & $0.113604$ & $0.137515$ & $-0.127829$ & $-0.0649738$ & $0.0931757$ & $0.267229$ & $-0.0619158$ & $0.0402214$ & $0.0342198$ & $-0.100524$ & $-0.119493$ & $-0.114682$ & $0.0647091$ & $0.0665352$ & $0.0658491$ & $0.00858669$ & $-0.119502$ & $-0.112718$ & $-0.0407775$ & $0.0333661$ & $0.0130255$ & $0.0416382$ & $1$ & $0.301795$ & $0.0151454$ & $0.666339$ & $0.0571304$ & $-0.0442575$ & $-0.0548372$ & $-0.167255$ & $-0.0236565$ & $-0.0148269$ & $-0.000360583$ & $0.0165456$ & $0.010233$ & $0.0440756$ & $0.00235893$ & $0.0313303$ & $-0.0021483$ & $-0.0213203$ & $0.0178742$ & $-0.0102651$ \\
CuH_22r & $-0.0162327$ & $-0.00890783$ & $0.0103025$ & $-0.0557479$ & $0.00190769$ & $-0.00564409$ & $-0.0592438$ & $0.0575249$ & $0.0694182$ & $-0.0614044$ & $-0.030734$ & $0.00215311$ & $0.112268$ & $-0.0363547$ & $0.0141336$ & $0.0119391$ & $-0.0507387$ & $-0.0596916$ & $-0.0579911$ & $0.0295216$ & $0.0327172$ & $0.0311577$ & $0.000527683$ & $-0.0631984$ & $-0.0554234$ & $-0.0126823$ & $0.0219981$ & $0.00675035$ & $0.015886$ & $0.301795$ & $1$ & $0.0298348$ & $0.326269$ & $0.034848$ & $0.00671826$ & $-0.0240212$ & $-0.105077$ & $-0.00745135$ & $-0.0251194$ & $-0.00163422$ & $-0.068038$ & $-0.0047468$ & $0.0221583$ & $0.0403978$ & $-0.0541074$ & $0.0618123$ & $0.330983$ & $-0.00511838$ & $-0.0651964$ \\
CuH_33r & $0.00188804$ & $-0.0141994$ & $0.00189652$ & $-0.00826272$ & $-0.00911319$ & $0.00549624$ & $0.932738$ & $-0.105509$ & $-0.0638438$ & $0.0984608$ & $0.0694222$ & $0.172479$ & $-0.26361$ & $0.0404346$ & $-0.0246249$ & $-0.0289948$ & $0.0711064$ & $0.0854467$ & $0.0877862$ & $-0.0673124$ & $-0.0726198$ & $-0.0734994$ & $-0.0132954$ & $0.100656$ & $0.0819604$ & $0.0426264$ & $-0.0452007$ & $-0.0288215$ & $-0.0122356$ & $0.0151454$ & $0.0298348$ & $1$ & $0.0132711$ & $-0.0664935$ & $0.0497047$ & $0.0373033$ & $-0.00579198$ & $-0.00125393$ & $-0.00223133$ & $-0.00768572$ & $-0.00485151$ & $0.00067813$ & $-0.0060423$ & $-0.00711468$ & $-0.0238423$ & $-0.00977919$ & $0.0173658$ & $-0.00218948$ & $-0.00114352$ \\
CdH_33r & $-0.0431591$ & $0.0320367$ & $-0.0463209$ & $-0.0521121$ & $-0.00460055$ & $-0.00221675$ & $-0.16636$ & $0.122643$ & $0.149438$ & $-0.144007$ & $-0.0690317$ & $0.0948339$ & $0.332232$ & $-0.0705935$ & $0.0417019$ & $0.037025$ & $-0.111351$ & $-0.130424$ & $-0.126538$ & $0.0697759$ & $0.0713971$ & $0.0710994$ & $0.00614066$ & $-0.128236$ & $-0.118545$ & $-0.0393077$ & $0.0393376$ & $0.0190904$ & $0.0477951$ & $0.666339$ & $0.326269$ & $0.0132711$ & $1$ & $0.0646032$ & $-0.0589806$ & $-0.042696$ & $-0.179281$ & $-0.0390271$ & $0.00752062$ & $0.00302532$ & $-0.0431214$ & $-0.0015168$ & $0.0536771$ & $-0.0213093$ & $0.0172757$ & $-0.0543771$ & $-0.0640993$ & $0.150243$ & $0.385147$ \\
CLL_1221 & $-0.0211962$ & $0.0131088$ & $-0.00619494$ & $0.00567277$ & $-0.00557941$ & $-0.118116$ & $-0.0689269$ & $0.565134$ & $0.553992$ & $-0.357006$ & $-0.368671$ & $-0.25202$ & $0.208851$ & $-0.214596$ & $-0.593252$ & $-0.0982996$ & $-0.255587$ & $0.0322945$ & $-0.345562$ & $0.289919$ & $0.455064$ & $0.450301$ & $0.205686$ & $-0.634584$ & $-0.200746$ & $-0.254865$ & $0.686421$ & $0.164672$ & $0.0207035$ & $0.0571304$ & $0.034848$ & $-0.0664935$ & $0.0646032$ & $1$ & $-0.00999822$ & $-0.00662839$ & $-0.00585071$ & $0.00115859$ & $-0.00425659$ & $-0.000278255$ & $0.0126082$ & $-0.0185727$ & $0.00545218$ & $0.01762$ & $-0.00721244$ & $-0.00122431$ & $-0.0110601$ & $-0.00730717$ & $-0.000875145$ \\
eHggint & $-0.0912173$ & $-0.0355631$ & $0.04606$ & $-0.120884$ & $0.00484639$ & $0.000133332$ & $-0.0351051$ & $-0.00968058$ & $-0.0302153$ & $0.0403351$ & $0.0169563$ & $0.0834235$ & $0.0214368$ & $-0.0127243$ & $-0.000918781$ & $-0.00506072$ & $-0.0133379$ & $-0.00908517$ & $-0.00600719$ & $-0.0151765$ & $-0.0165472$ & $-0.016789$ & $-0.0062561$ & $0.0113494$ & $0.000184678$ & $0.0198314$ & $-0.00391493$ & $0.00182718$ & $-0.0198003$ & $-0.0442575$ & $0.00671826$ & $0.0497047$ & $-0.0589806$ & $-0.00999822$ & $1$ & $-0.0666781$ & $-0.0338162$ & $-0.00585549$ & $0.172708$ & $-0.00620621$ & $-0.0281096$ & $-0.00469017$ & $-0.0159849$ & $-0.0250688$ & $-0.0470137$ & $0.0379051$ & $0.0546054$ & $-0.00411623$ & $-0.0466753$ \\
eHggpar & $0.107968$ & $-0.100562$ & $-0.0470262$ & $0.0957352$ & $0.00595174$ & $-0.00464089$ & $0.00297472$ & $-0.00123759$ & $-0.0179182$ & $0.0250665$ & $-0.000517263$ & $0.039726$ & $0.0106676$ & $0.00183583$ & $0.00100361$ & $-0.00180857$ & $0.00543375$ & $0.00344175$ & $0.00591551$ & $-0.0025927$ & $-0.00340623$ & $-0.00420078$ & $-0.00944349$ & $-0.00189827$ & $-0.00483785$ & $0.003238$ & $-0.00418913$ & $0.00879011$ & $-0.0112912$ & $-0.0548372$ & $-0.0240212$ & $0.0373033$ & $-0.042696$ & $-0.00662839$ & $-0.0666781$ & $1$ & $0.207485$ & $-0.00561622$ & $0.114023$ & $0.01027$ & $-0.0852575$ & $-0.00950818$ & $-0.0862326$ & $-0.0587303$ & $-0.0134342$ & $-0.0526136$ & $0.0149826$ & $0.0921381$ & $-0.000590319$ \\
eHWWint & $0.0594171$ & $-0.0212111$ & $0.0367684$ & $0.106991$ & $-0.00461567$ & $0.00538725$ & $0.0230596$ & $-0.0043464$ & $-0.0295656$ & $0.0191819$ & $-0.00306631$ & $0.0111024$ & $-0.00675819$ & $0.0162273$ & $-0.000985658$ & $0.00552779$ & $0.0098314$ & $0.0151347$ & $0.0105852$ & $0.00378555$ & $0.00155357$ & $0.00127575$ & $-0.00417769$ & $0.00630813$ & $0.00764673$ & $-0.00381241$ & $-0.00515049$ & $-0.00540479$ & $-0.0225031$ & $-0.167255$ & $-0.105077$ & $-0.00579198$ & $-0.179281$ & $-0.00585071$ & $-0.0338162$ & $0.207485$ & $1$ & $0.00627538$ & $-0.0317458$ & $0.0230127$ & $-0.0117287$ & $-0.0116479$ & $-0.208597$ & $-0.0755062$ & $0.129034$ & $0.0211761$ & $-0.0211315$ & $-0.0853552$ & $0.0865391$ \\
eHWWpar & $-0.0179382$ & $-0.00697673$ & $-0.0195496$ & $-0.00361959$ & $0.00564818$ & $0.0111045$ & $0.00203597$ & $-0.00554053$ & $-0.00541296$ & $0.00721713$ & $0.00662984$ & $0.010335$ & $-0.00956771$ & $0.00135276$ & $-0.0102372$ & $-3.55312e-05$ & $-0.00589835$ & $0.0055395$ & $-0.00172447$ & $-0.00716559$ & $-0.00674954$ & $-0.00653151$ & $-0.00495467$ & $0.00160971$ & $0.00189262$ & $0.0104293$ & $-0.00036748$ & $-0.00831818$ & $0.00173975$ & $-0.0236565$ & $-0.00745135$ & $-0.00125393$ & $-0.0390271$ & $0.00115859$ & $-0.00585549$ & $-0.00561622$ & $0.00627538$ & $1$ & $-0.0152304$ & $-0.00584056$ & $0.0101222$ & $-0.00655013$ & $0.0257166$ & $0.0221219$ & $-0.0240316$ & $0.0100136$ & $0.0173421$ & $0.00617122$ & $-0.0260731$ \\
eHZZint & $0.0221767$ & $0.0878931$ & $-0.0333778$ & $-0.000637526$ & $0.000527379$ & $-0.0111781$ & $-0.0313625$ & $-0.00292149$ & $-0.0064167$ & $-0.00404846$ & $-0.00361351$ & $-0.00171085$ & $0.00360394$ & $0.00571156$ & $0.00844217$ & $0.0106666$ & $0.0104895$ & $0.00273682$ & $0.00217137$ & $0.00645754$ & $0.00440541$ & $0.00176259$ & $-0.0111598$ & $0.00592718$ & $0.00164335$ & $0.00433388$ & $-0.00677669$ & $-0.00440573$ & $-0.0146966$ & $-0.0148269$ & $-0.0251194$ & $-0.00223133$ & $0.00752062$ & $-0.00425659$ & $0.172708$ & $0.114023$ & $-0.0317458$ & $-0.0152304$ & $1$ & $0.0213704$ & $-0.00379069$ & $0.00183434$ & $0.0745616$ & $-0.0213846$ & $0.184883$ & $0.0886484$ & $-0.0783299$ & $-0.0226786$ & $0.0677061$ \\
eHZZpar & $0.00827529$ & $0.0044109$ & $0.0140045$ & $-0.0466642$ & $0.00422939$ & $-0.00379933$ & $-0.0107621$ & $0.000982299$ & $-0.00168208$ & $-0.00336919$ & $-0.00138521$ & $-0.00199219$ & $0.000958783$ & $0.00194453$ & $0.00121261$ & $0.00750826$ & $-0.000324104$ & $-0.000369781$ & $-0.00452896$ & $0.00118008$ & $0.00105492$ & $5.11548e-05$ & $-0.00687254$ & $-0.000395427$ & $-0.00388894$ & $-0.000797156$ & $-0.00608062$ & $0.00684542$ & $-0.0087069$ & $-0.000360583$ & $-0.00163422$ & $-0.00768572$ & $0.00302532$ & $-0.000278255$ & $-0.00620621$ & $0.01027$ & $0.0230127$ & $-0.00584056$ & $0.0213704$ & $1$ & $0.00559943$ & $0.00373174$ & $-0.016299$ & $0.00201158$ & $0.019556$ & $0.00200586$ & $-0.00508011$ & $0.00595158$ & $0.0049832$ \\
eHZgaint & $0.00802541$ & $0.0193101$ & $0.00296488$ & $0.0344251$ & $-0.0101934$ & $0.0088975$ & $-0.00451131$ & $-0.000424745$ & $0.013214$ & $-0.0472004$ & $0.0156633$ & $-0.0265152$ & $0.00971649$ & $-0.0305514$ & $-0.014674$ & $0.00545659$ & $-0.031616$ & $-0.0190058$ & $-0.0353021$ & $-0.0162131$ & $-0.015229$ & $-0.0160353$ & $-0.0112929$ & $-0.0181761$ & $-0.0368961$ & $0.0135043$ & $-0.011255$ & $-0.00764761$ & $0.00260733$ & $0.0165456$ & $-0.068038$ & $-0.00485151$ & $-0.0431214$ & $0.0126082$ & $-0.0281096$ & $-0.0852575$ & $-0.0117287$ & $0.0101222$ & $-0.00379069$ & $0.00559943$ & $1$ & $0.0103083$ & $0.171882$ & $0.281258$ & $-0.00943358$ & $0.00166354$ & $-0.231866$ & $-0.0441769$ & $-0.157038$ \\
eHZgapar & $0.0155574$ & $-0.0327588$ & $0.001327$ & $0.0296147$ & $-0.00622778$ & $0.00867616$ & $0.0016186$ & $0.0034676$ & $0.00454655$ & $-0.00613864$ & $-0.00448175$ & $-0.000684056$ & $0.00254129$ & $0.00372717$ & $0.0210487$ & $0.00543229$ & $-0.00300036$ & $-0.0122995$ & $-0.00136279$ & $0.00499978$ & $0.000905997$ & $0.00112395$ & $0.00487904$ & $-0.00345104$ & $-0.00378838$ & $-0.00628543$ & $-0.00828219$ & $-0.00275858$ & $0.00470561$ & $0.010233$ & $-0.0047468$ & $0.00067813$ & $-0.0015168$ & $-0.0185727$ & $-0.00469017$ & $-0.00950818$ & $-0.0116479$ & $-0.00655013$ & $0.00183434$ & $0.00373174$ & $0.0103083$ & $1$ & $0.000331921$ & $0.00026782$ & $0.0109035$ & $-0.0132305$ & $-0.00124649$ & $0.0179629$ & $-0.0281721$ \\
eHgagaint & $0.0541759$ & $-0.00816042$ & $-0.0231237$ & $-0.226308$ & $0.0100831$ & $0.0057121$ & $-0.00959961$ & $0.00543134$ & $0.0755639$ & $-0.0115544$ & $-0.00604947$ & $-0.0145493$ & $-0.000545989$ & $0.00032023$ & $-0.0026969$ & $0.00250778$ & $-1.65539e-06$ & $0.00180764$ & $-0.00325705$ & $0.0055383$ & $0.00577738$ & $0.00331181$ & $-0.0132622$ & $-0.00441452$ & $-0.0120466$ & $-0.00284006$ & $-0.0069067$ & $0.00527655$ & $-0.000590968$ & $0.0440756$ & $0.0221583$ & $-0.0060423$ & $0.0536771$ & $0.00545218$ & $-0.0159849$ & $-0.0862326$ & $-0.208597$ & $0.0257166$ & $0.0745616$ & $-0.016299$ & $0.171882$ & $0.000331921$ & $1$ & $-0.0353343$ & $0.0652112$ & $-0.00993467$ & $-0.0114668$ & $0.120468$ & $-0.0325629$ \\
eHmumuint & $-0.0979428$ & $0.0707915$ & $-0.0216833$ & $-0.079908$ & $0.00962806$ & $0.00359673$ & $-0.00369722$ & $-0.007605$ & $-0.00712501$ & $-0.0149412$ & $0.019578$ & $-0.0140691$ & $0.0100306$ & $-0.0295025$ & $-0.0216955$ & $9.59992e-05$ & $-0.0195965$ & $-0.00785724$ & $-0.0240501$ & $-0.0178305$ & $-0.015754$ & $-0.0169027$ & $-0.00288971$ & $-0.00561076$ & $-0.00679411$ & $0.0183708$ & $0.00546653$ & $0.00435056$ & $0.0103527$ & $0.00235893$ & $0.0403978$ & $-0.00711468$ & $-0.0213093$ & $0.01762$ & $-0.0250688$ & $-0.0587303$ & $-0.0755062$ & $0.0221219$ & $-0.0213846$ & $0.00201158$ & $0.281258$ & $0.00026782$ & $-0.0353343$ & $1$ & $-0.0939851$ & $0.0991381$ & $0.0886093$ & $-0.187047$ & $-0.013973$ \\
eHtautauint & $0.14133$ & $-0.0017956$ & $0.110418$ & $0.110446$ & $-0.00464182$ & $-0.0159575$ & $-0.0134944$ & $-0.00992986$ & $-0.00742202$ & $0.00638325$ & $0.000416213$ & $-0.00454558$ & $-0.00308044$ & $0.00964908$ & $0.000579642$ & $0.00622322$ & $0.0198308$ & $0.0165937$ & $0.012643$ & $0.000666116$ & $-0.00218492$ & $-0.00229812$ & $-0.000353142$ & $0.0077303$ & $-0.00169622$ & $-0.0065954$ & $-0.0141271$ & $0.00483948$ & $-0.00712131$ & $0.0313303$ & $-0.0541074$ & $-0.0238423$ & $0.0172757$ & $-0.00721244$ & $-0.0470137$ & $-0.0134342$ & $0.129034$ & $-0.0240316$ & $0.184883$ & $0.019556$ & $-0.00943358$ & $0.0109035$ & $0.0652112$ & $-0.0939851$ & $1$ & $-0.00663949$ & $-0.0696106$ & $0.0504237$ & $0.0870925$ \\
eHccint & $0.0186995$ & $-0.0368268$ & $-0.108241$ & $0.0594531$ & $0.00563405$ & $0.00332992$ & $-0.0126004$ & $0.0157408$ & $0.01346$ & $-0.00380626$ & $-0.0176885$ & $-0.0100196$ & $0.0105399$ & $0.0135188$ & $0.0120485$ & $0.0142347$ & $-0.0026986$ & $-0.00416501$ & $-0.00760302$ & $0.0165796$ & $0.0143623$ & $0.0116555$ & $0.00498865$ & $-0.00251096$ & $-0.00275153$ & $-0.0133509$ & $0.00361301$ & $0.00160869$ & $-0.00883933$ & $-0.0021483$ & $0.0618123$ & $-0.00977919$ & $-0.0543771$ & $-0.00122431$ & $0.0379051$ & $-0.0526136$ & $0.0211761$ & $0.0100136$ & $0.0886484$ & $0.00200586$ & $0.00166354$ & $-0.0132305$ & $-0.00993467$ & $0.0991381$ & $-0.00663949$ & $1$ & $-0.001794$ & $0.0187073$ & $-0.130106$ \\
eHccpar & $-0.0221789$ & $-0.0273463$ & $0.0579284$ & $-0.146071$ & $0.00344202$ & $-0.00181679$ & $0.010696$ & $-0.00513911$ & $-0.00682319$ & $0.0239566$ & $0.00151738$ & $0.0226326$ & $-0.0111281$ & $0.00494886$ & $0.00846296$ & $0.00307957$ & $0.0115679$ & $0.00289548$ & $0.00767432$ & $-0.00179405$ & $-0.00213873$ & $-0.00170486$ & $-0.00458536$ & $0.00812764$ & $0.0179682$ & $0.00392592$ & $0.00143042$ & $0.00274359$ & $-0.00932275$ & $-0.0213203$ & $0.330983$ & $0.0173658$ & $-0.0640993$ & $-0.0110601$ & $0.0546054$ & $0.0149826$ & $-0.0211315$ & $0.0173421$ & $-0.0783299$ & $-0.00508011$ & $-0.231866$ & $-0.00124649$ & $-0.0114668$ & $0.0886093$ & $-0.0696106$ & $-0.001794$ & $1$ & $-0.0334319$ & $-0.117501$ \\
eHbbint & $0.0918448$ & $-0.0389059$ & $-0.0207613$ & $-0.00998029$ & $0.00222013$ & $0.00852716$ & $-0.00636499$ & $-0.000173289$ & $0.00770591$ & $0.000293335$ & $-0.00300353$ & $0.00110924$ & $-0.00126513$ & $0.00849157$ & $0.00377047$ & $0.000302291$ & $0.0022459$ & $0.00306977$ & $0.00505436$ & $0.00192303$ & $0.000789696$ & $0.000686987$ & $-0.00660671$ & $0.00128872$ & $-0.00899647$ & $-0.00144416$ & $-0.00952704$ & $0.00465631$ & $0.00363815$ & $0.0178742$ & $-0.00511838$ & $-0.00218948$ & $0.150243$ & $-0.00730717$ & $-0.00411623$ & $0.0921381$ & $-0.0853552$ & $0.00617122$ & $-0.0226786$ & $0.00595158$ & $-0.0441769$ & $0.0179629$ & $0.120468$ & $-0.187047$ & $0.0504237$ & $0.0187073$ & $-0.0334319$ & $1$ & $-0.0323823$ \\
eHbbpar & $-0.122753$ & $0.0738949$ & $-0.0616375$ & $-0.0888065$ & $-0.0070603$ & $-0.00730225$ & $0.00243345$ & $-0.00524771$ & $-0.00554056$ & $0.0102343$ & $0.00242675$ & $0.00415066$ & $0.0019939$ & $-0.00333252$ & $0.00310106$ & $0.00800404$ & $0.00643508$ & $0.00227617$ & $-0.00118468$ & $0.00135361$ & $-0.00121804$ & $-0.000795039$ & $-0.0040073$ & $0.00782772$ & $0.018632$ & $0.00774777$ & $0.00089256$ & $-0.00374373$ & $-0.000635433$ & $-0.0102651$ & $-0.0651964$ & $-0.00114352$ & $0.385147$ & $-0.000875145$ & $-0.0466753$ & $-0.000590319$ & $0.0865391$ & $-0.0260731$ & $0.0677061$ & $0.0049832$ & $-0.157038$ & $-0.0281721$ & $-0.0325629$ & $-0.013973$ & $0.0870925$ & $-0.130106$ & $-0.117501$ & $-0.0323823$ & $1$ \\
