 & AlsMz & dAle5Mz & mtop & mHl & Mz & CW & CHG & CHWB & CHWHB_gaga & CHWHB_gagaorth & CHD & CHbox & CH & CHL1_11 & CHL1_22 & CHL1_33 & CHL3_11 & CHL3_22 & CHL3_33 & CHe_11 & CHe_22 & CHe_33 & CHQ1_11 & CHQ1_33 & CHQ3_11 & CHu_11 & CHd_11 & CHd_33 & CeH_22r & CeH_33r & CuH_22r & CuH_33r & CdH_33r & CLL_1221 & eHggint & eHggpar & eHWWint & eHWWpar & eHZZint & eHZZpar & eHZgaint & eHZgapar & eHgagaint & eHmumuint & eHtautauint & eHccint & eHccpar & eHbbint & eHbbpar \\
AlsMz & $1$ & $0.00800881$ & $-0.123794$ & $0.197169$ & $0$ & $-0.0608088$ & $0.0422245$ & $0.110272$ & $0.105373$ & $-0.0459575$ & $0.0677716$ & $0.246079$ & $0.0620675$ & $-0.13125$ & $0.291077$ & $0.0382133$ & $-0.229369$ & $-0.317403$ & $-0.162801$ & $-0.0261867$ & $-0.101956$ & $-0.0847114$ & $-0.310466$ & $-0.0861138$ & $-0.224621$ & $0.239233$ & $-0.21338$ & $-0.135961$ & $0.0173482$ & $-0.074725$ & $-0.144528$ & $0.0612375$ & $-0.0921554$ & $-0.207638$ & $0.45298$ & $0.263189$ & $-0.10892$ & $-0.00610999$ & $-0.595433$ & $-0.0287064$ & $0.094986$ & $-0.0688334$ & $-0.569792$ & $-0.231213$ & $0.0750943$ & $0.338351$ & $0.444163$ & $-0.681346$ & $0.503204$ \\
dAle5Mz & $0.00800881$ & $1$ & $0.204074$ & $0.297811$ & $0$ & $0.0931324$ & $0.0280385$ & $-0.387374$ & $-0.350976$ & $0.56103$ & $0.0631228$ & $0.235327$ & $-0.000969525$ & $0.239158$ & $0.0328287$ & $0.333646$ & $0.308337$ & $0.30143$ & $0.134149$ & $-0.0165708$ & $-0.131752$ & $-0.0313041$ & $-0.112088$ & $0.399087$ & $0.359217$ & $0.155506$ & $-0.180776$ & $0.119661$ & $-0.00682753$ & $-0.0372945$ & $0.0321523$ & $0.125082$ & $-0.0529822$ & $-0.186201$ & $-0.479516$ & $0.109935$ & $0.590783$ & $-0.233438$ & $0.194911$ & $0.114797$ & $0.390065$ & $-0.244954$ & $-0.382627$ & $0.362828$ & $-0.14687$ & $0.316698$ & $0.148866$ & $0.0467555$ & $-0.132924$ \\
mtop & $-0.123794$ & $0.204074$ & $1$ & $1.64723$ & $0$ & $-0.0424147$ & $-0.0464433$ & $-0.00786419$ & $-0.00795779$ & $0.00708082$ & $-0.0377253$ & $-0.0620191$ & $0.063427$ & $0.0239214$ & $-0.17434$ & $0.0371538$ & $0.0812259$ & $0.138224$ & $0.00832906$ & $0.0126377$ & $0.0544646$ & $0.038754$ & $0.171427$ & $0.010792$ & $0.125578$ & $-0.0944861$ & $0.307975$ & $0.0344206$ & $0.0024042$ & $0.0198847$ & $0.0383317$ & $-0.26411$ & $0.0251175$ & $0.159322$ & $-0.101505$ & $-0.0790893$ & $0.178744$ & $0.328308$ & $0.00601225$ & $0.375333$ & $-0.0277291$ & $0.140604$ & $-0.00305362$ & $0.161733$ & $-0.297725$ & $-0.147084$ & $0.208762$ & $0.119697$ & $-0.0452726$ \\
mHl & $0.197169$ & $0.297811$ & $1.64723$ & $1$ & $0$ & $0.0341887$ & $0.055051$ & $-0.014481$ & $0.0189627$ & $0.169033$ & $-0.143751$ & $-0.306073$ & $-0.332263$ & $0.179065$ & $-0.122393$ & $0.164094$ & $0.107593$ & $0.20917$ & $0.0346804$ & $0.137667$ & $0.126871$ & $0.161294$ & $-0.0731831$ & $0.0758348$ & $0.110469$ & $0.0395999$ & $-0.0766134$ & $0.0203911$ & $0.0137724$ & $-0.00233135$ & $-0.0267935$ & $0.349303$ & $-0.00116078$ & $0.0784422$ & $0.183015$ & $-0.13462$ & $-0.0548709$ & $-0.166175$ & $-0.137132$ & $-0.0185161$ & $0.198407$ & $-0.00277967$ & $-0.224857$ & $0.393254$ & $-0.0514568$ & $0.023868$ & $0.0231944$ & $0.152673$ & $0.203146$ \\
Mz & $0$ & $0$ & $0$ & $0$ & $1$ & $0$ & $0$ & $0$ & $0$ & $0$ & $0$ & $0$ & $0$ & $0$ & $0$ & $0$ & $0$ & $0$ & $0$ & $0$ & $0$ & $0$ & $0$ & $0$ & $0$ & $0$ & $0$ & $0$ & $0$ & $0$ & $0$ & $0$ & $0$ & $0$ & $0$ & $0$ & $0$ & $0$ & $0$ & $0$ & $0$ & $0$ & $0$ & $0$ & $0$ & $0$ & $0$ & $0$ & $0$ \\
CW & $-0.0608088$ & $0.0931324$ & $-0.0424147$ & $0.0341887$ & $0$ & $1$ & $-0.0489366$ & $0.141169$ & $0.118107$ & $-0.340323$ & $-0.234306$ & $-0.299966$ & $-0.137792$ & $0.268369$ & $0.147912$ & $0.224231$ & $-0.127385$ & $-0.000155625$ & $-0.0425796$ & $0.275892$ & $0.170165$ & $0.181421$ & $0.26971$ & $0.0226457$ & $-0.0352692$ & $-0.309249$ & $-0.273852$ & $-0.00939163$ & $-0.0078324$ & $0.135875$ & $0.0292965$ & $0.0846126$ & $0.144155$ & $-0.163646$ & $-0.104561$ & $0.135509$ & $0.235303$ & $-0.147614$ & $0.0177861$ & $0.0383545$ & $0.306028$ & $0.0410243$ & $0.0255808$ & $0.281587$ & $0.323063$ & $0.111386$ & $-0.284258$ & $0.265544$ & $-0.196633$ \\
CHG & $0.0422245$ & $0.0280385$ & $-0.0464433$ & $0.055051$ & $0$ & $-0.0489366$ & $1$ & $-0.0124932$ & $0.0762947$ & $0.109121$ & $-0.0125224$ & $-0.0273162$ & $0.057746$ & $0.0388573$ & $0.00529637$ & $-0.0246276$ & $0.00239294$ & $0.016761$ & $0.0414157$ & $0.0172945$ & $0.0130471$ & $0.0149451$ & $-0.0758736$ & $0.0212065$ & $0.0124729$ & $0.0823591$ & $-0.0101437$ & $-0.0169148$ & $0.034902$ & $-0.415687$ & $-0.260454$ & $0.104049$ & $-0.565512$ & $-0.0261479$ & $0.000745203$ & $-0.102579$ & $0.0058807$ & $-0.00159061$ & $0.0536143$ & $-0.0663486$ & $-0.0389222$ & $-0.0564319$ & $0.0227138$ & $-0.0448405$ & $-0.0524034$ & $0.00924048$ & $-0.00837821$ & $0.0235438$ & $-0.0294304$ \\
CHWB & $0.110272$ & $-0.387374$ & $-0.00786419$ & $-0.014481$ & $0$ & $0.141169$ & $-0.0124932$ & $1$ & $0.919479$ & $-0.422039$ & $-0.506128$ & $-0.165602$ & $-0.201398$ & $-0.302242$ & $-0.011307$ & $-0.0292932$ & $-0.529177$ & $-0.488921$ & $-0.481569$ & $0.415064$ & $0.560096$ & $0.482278$ & $0.205101$ & $-0.70635$ & $-0.677061$ & $-0.347828$ & $0.238742$ & $-0.0628022$ & $0.0220369$ & $0.00832864$ & $-0.00439485$ & $-0.0198082$ & $0.000892842$ & $0.466018$ & $0.189365$ & $-0.0338551$ & $-0.109147$ & $0.261726$ & $-0.109092$ & $0.461825$ & $-0.281421$ & $0.512651$ & $0.0802741$ & $-0.00158888$ & $-0.0265132$ & $0.108918$ & $-0.193556$ & $0.148698$ & $-0.0782587$ \\
CHWHB_gaga & $0.105373$ & $-0.350976$ & $-0.00795779$ & $0.0189627$ & $0$ & $0.118107$ & $0.0762947$ & $0.919479$ & $1$ & $-0.390298$ & $-0.450347$ & $-0.142889$ & $-0.216943$ & $-0.296324$ & $0.00570907$ & $-0.0345348$ & $-0.500075$ & $-0.472047$ & $-0.44712$ & $0.370161$ & $0.499235$ & $0.438277$ & $0.189487$ & $-0.655631$ & $-0.632074$ & $-0.310205$ & $0.226635$ & $-0.03333$ & $0.0228338$ & $0.0324976$ & $0.00877917$ & $-0.0108284$ & $0.0294493$ & $0.41534$ & $0.17622$ & $-0.0297062$ & $-0.104043$ & $0.213813$ & $-0.119911$ & $0.439156$ & $-0.263312$ & $0.498394$ & $0.0835468$ & $0.0163362$ & $-0.0173016$ & $0.113654$ & $-0.171805$ & $0.143929$ & $-0.055964$ \\
CHWHB_gagaorth & $-0.0459575$ & $0.56103$ & $0.00708082$ & $0.169033$ & $0$ & $-0.340323$ & $0.109121$ & $-0.422039$ & $-0.390298$ & $1$ & $0.183115$ & $0.42112$ & $-0.0164276$ & $0.099268$ & $-0.0810992$ & $0.0805569$ & $0.333706$ & $0.277428$ & $0.178657$ & $-0.19659$ & $-0.203109$ & $-0.154233$ & $-0.348668$ & $0.348952$ & $0.316367$ & $0.344267$ & $-0.0626$ & $0.139898$ & $-0.0203926$ & $-0.204302$ & $-0.0537854$ & $0.184079$ & $-0.269347$ & $-0.0674281$ & $-0.373173$ & $-0.166912$ & $0.205657$ & $-0.117784$ & $0.313048$ & $-0.213331$ & $-0.0880224$ & $-0.331202$ & $-0.190424$ & $-0.111153$ & $-0.360014$ & $0.0502512$ & $0.0961792$ & $-0.0080669$ & $-0.0995121$ \\
CHD & $0.0677716$ & $0.0631228$ & $-0.0377253$ & $-0.143751$ & $0$ & $-0.234306$ & $-0.0125224$ & $-0.506128$ & $-0.450347$ & $0.183115$ & $1$ & $0.526891$ & $0.017887$ & $-0.542779$ & $-0.0606648$ & $-0.0704033$ & $-0.330469$ & $-0.327364$ & $-0.305774$ & $-0.946265$ & $-0.964033$ & $-0.841919$ & $-0.191326$ & $-0.0142161$ & $-0.209199$ & $0.480377$ & $0.00658265$ & $0.0208176$ & $-0.029009$ & $-0.0884932$ & $-0.0763703$ & $-0.349323$ & $-0.0897513$ & $-0.146316$ & $-0.121738$ & $0.297901$ & $-0.206903$ & $-0.0734895$ & $-0.161301$ & $-0.196419$ & $-0.0289646$ & $-0.0212467$ & $-0.147077$ & $-0.104031$ & $0.0681017$ & $0.0684237$ & $0.362247$ & $-0.415863$ & $0.309304$ \\
CHbox & $0.246079$ & $0.235327$ & $-0.0620191$ & $-0.306073$ & $0$ & $-0.299966$ & $-0.0273162$ & $-0.165602$ & $-0.142889$ & $0.42112$ & $0.526891$ & $1$ & $0.17859$ & $-0.433624$ & $0.061699$ & $0.0387366$ & $-0.230771$ & $-0.319322$ & $-0.305036$ & $-0.504832$ & $-0.523536$ & $-0.475536$ & $-0.203065$ & $-0.0288544$ & $-0.219858$ & $0.372944$ & $0.0571518$ & $0.120593$ & $-0.037004$ & $-0.0715396$ & $-0.018637$ & $-0.168902$ & $-0.0720203$ & $-0.065767$ & $-0.283999$ & $0.0928002$ & $0.118863$ & $0.0305821$ & $0.0498643$ & $0.0740955$ & $-0.25013$ & $-0.0935444$ & $-0.190001$ & $-0.333062$ & $-0.263538$ & $0.21453$ & $0.357149$ & $-0.418113$ & $0.0851839$ \\
CH & $0.0620675$ & $-0.000969525$ & $0.063427$ & $-0.332263$ & $0$ & $-0.137792$ & $0.057746$ & $-0.201398$ & $-0.216943$ & $-0.0164276$ & $0.017887$ & $0.17859$ & $1$ & $0.101394$ & $-0.159286$ & $-0.0774191$ & $0.253567$ & $0.25025$ & $0.193035$ & $-0.0554454$ & $-0.00329725$ & $-0.0319894$ & $-0.0995523$ & $0.184138$ & $0.250313$ & $0.0925748$ & $0.191048$ & $-0.0797673$ & $-0.0122979$ & $-0.174786$ & $-0.0850572$ & $-0.245588$ & $-0.212135$ & $0.0723438$ & $0.0361993$ & $-0.199054$ & $0.255056$ & $0.444821$ & $0.208267$ & $0.133835$ & $-0.227128$ & $-0.328837$ & $0.0530048$ & $-0.280792$ & $-0.372885$ & $-0.240853$ & $0.275905$ & $-0.182591$ & $-0.181367$ \\
CHL1_11 & $-0.13125$ & $0.239158$ & $0.0239214$ & $0.179065$ & $0$ & $0.268369$ & $0.0388573$ & $-0.302242$ & $-0.296324$ & $0.099268$ & $-0.542779$ & $-0.433624$ & $0.101394$ & $1$ & $0.048833$ & $0.109206$ & $0.522809$ & $0.711712$ & $0.66329$ & $0.566896$ & $0.455832$ & $0.391686$ & $0.0536918$ & $0.573145$ & $0.720802$ & $-0.202924$ & $-0.260929$ & $0.0564005$ & $0.00906933$ & $0.0802497$ & $0.0412866$ & $0.328883$ & $0.0764397$ & $-0.340568$ & $-0.0119036$ & $-0.244511$ & $0.299677$ & $-0.136226$ & $0.174606$ & $-0.189444$ & $0.345849$ & $-0.374369$ & $0.0762126$ & $0.139463$ & $0.00956585$ & $-0.127379$ & $-0.212239$ & $0.275518$ & $-0.221033$ \\
CHL1_22 & $0.291077$ & $0.0328287$ & $-0.17434$ & $-0.122393$ & $0$ & $0.147912$ & $0.00529637$ & $-0.011307$ & $0.00570907$ & $-0.0810992$ & $-0.0606648$ & $0.061699$ & $-0.159286$ & $0.048833$ & $1$ & $-0.0529071$ & $-0.0213499$ & $-0.48936$ & $0.142649$ & $0.180744$ & $-0.0586886$ & $-0.0278566$ & $-0.103754$ & $0.164773$ & $-0.0251688$ & $0.0546296$ & $-0.478514$ & $-0.0186591$ & $-0.0149557$ & $0.0459099$ & $0.0365045$ & $0.0630223$ & $0.0513521$ & $-0.827293$ & $-0.0708606$ & $0.372185$ & $0.201629$ & $-0.492662$ & $-0.123904$ & $-0.191656$ & $0.347956$ & $0.0726103$ & $0.0252259$ & $-0.0121576$ & $0.390769$ & $0.485389$ & $-0.115613$ & $-0.196596$ & $0.00756677$ \\
CHL1_33 & $0.0382133$ & $0.333646$ & $0.0371538$ & $0.164094$ & $0$ & $0.224231$ & $-0.0246276$ & $-0.0292932$ & $-0.0345348$ & $0.0805569$ & $-0.0704033$ & $0.0387366$ & $-0.0774191$ & $0.109206$ & $-0.0529071$ & $1$ & $-0.0100297$ & $0.175966$ & $-0.474636$ & $0.172012$ & $-0.0512862$ & $0.0514371$ & $0.193435$ & $0.183701$ & $0.101442$ & $-0.183542$ & $-0.232119$ & $-0.0424626$ & $-0.00928854$ & $-0.0178263$ & $0.0204457$ & $0.111323$ & $0.0062338$ & $0.0378663$ & $-0.193836$ & $0.075682$ & $0.292927$ & $-0.0291792$ & $0.0287688$ & $0.215175$ & $0.146788$ & $0.0798269$ & $-0.311236$ & $0.0503205$ & $-0.103517$ & $0.368333$ & $-0.0708401$ & $-0.0100184$ & $0.0292021$ \\
CHL3_11 & $-0.229369$ & $0.308337$ & $0.0812259$ & $0.107593$ & $0$ & $-0.127385$ & $0.00239294$ & $-0.529177$ & $-0.500075$ & $0.333706$ & $-0.330469$ & $-0.230771$ & $0.253567$ & $0.522809$ & $-0.0213499$ & $-0.0100297$ & $1$ & $0.760294$ & $0.749541$ & $0.321405$ & $0.302687$ & $0.279895$ & $-0.0745317$ & $0.646097$ & $0.827604$ & $-0.0423636$ & $-0.0903907$ & $0.021076$ & $0.0102775$ & $0.0724415$ & $0.0870731$ & $0.300722$ & $0.0931052$ & $-0.106948$ & $-0.090018$ & $-0.274867$ & $0.228041$ & $-0.123497$ & $0.322201$ & $-0.249656$ & $0.145597$ & $-0.491895$ & $0.0699658$ & $0.0606483$ & $-0.133008$ & $-0.270701$ & $-0.0808099$ & $0.231887$ & $-0.208674$ \\
CHL3_22 & $-0.317403$ & $0.30143$ & $0.138224$ & $0.20917$ & $0$ & $-0.000155625$ & $0.016761$ & $-0.488921$ & $-0.472047$ & $0.277428$ & $-0.327364$ & $-0.319322$ & $0.25025$ & $0.711712$ & $-0.48936$ & $0.175966$ & $0.760294$ & $1$ & $0.582646$ & $0.317877$ & $0.311261$ & $0.272622$ & $0.0438592$ & $0.577147$ & $0.813403$ & $-0.124471$ & $0.0283101$ & $0.0468952$ & $0.0128432$ & $0.0389928$ & $0.0447739$ & $0.274177$ & $0.0457764$ & $0.157117$ & $-0.0444668$ & $-0.414685$ & $0.175383$ & $0.0918383$ & $0.300452$ & $-0.138885$ & $0.0999406$ & $-0.482364$ & $0.0153005$ & $0.10086$ & $-0.251997$ & $-0.401678$ & $-0.064069$ & $0.316177$ & $-0.186327$ \\
CHL3_33 & $-0.162801$ & $0.134149$ & $0.00832906$ & $0.0346804$ & $0$ & $-0.0425796$ & $0.0414157$ & $-0.481569$ & $-0.44712$ & $0.178657$ & $-0.305774$ & $-0.305036$ & $0.193035$ & $0.66329$ & $0.142649$ & $-0.474636$ & $0.749541$ & $0.582646$ & $1$ & $0.301418$ & $0.303225$ & $0.273588$ & $-0.134947$ & $0.55267$ & $0.723925$ & $0.0270876$ & $-0.115718$ & $0.0774604$ & $0.00565241$ & $0.0739661$ & $0.054069$ & $0.240589$ & $0.0670091$ & $-0.370172$ & $0.0264474$ & $-0.224512$ & $0.119281$ & $-0.20717$ & $0.201915$ & $-0.386751$ & $0.230112$ & $-0.476044$ & $0.228758$ & $0.076252$ & $0.0604666$ & $-0.327036$ & $-0.0883916$ & $0.208061$ & $-0.198536$ \\
CHe_11 & $-0.0261867$ & $-0.0165708$ & $0.0126377$ & $0.137667$ & $0$ & $0.275892$ & $0.0172945$ & $0.415064$ & $0.370161$ & $-0.19659$ & $-0.946265$ & $-0.504832$ & $-0.0554454$ & $0.566896$ & $0.180744$ & $0.172012$ & $0.321405$ & $0.317877$ & $0.301418$ & $1$ & $0.887616$ & $0.776334$ & $0.191834$ & $0.112248$ & $0.266094$ & $-0.462685$ & $-0.11487$ & $-0.0154179$ & $0.0212656$ & $0.0763006$ & $0.0832096$ & $0.361409$ & $0.0773654$ & $-0.013819$ & $0.0923373$ & $-0.225133$ & $0.244025$ & $-0.029581$ & $0.132916$ & $0.144936$ & $0.124788$ & $0.00968146$ & $0.109237$ & $0.10581$ & $0.0035659$ & $0.031657$ & $-0.364242$ & $0.370905$ & $-0.278082$ \\
CHe_22 & $-0.101956$ & $-0.131752$ & $0.0544646$ & $0.126871$ & $0$ & $0.170165$ & $0.0130471$ & $0.560096$ & $0.499235$ & $-0.203109$ & $-0.964033$ & $-0.523536$ & $-0.00329725$ & $0.455832$ & $-0.0586886$ & $-0.0512862$ & $0.302687$ & $0.311261$ & $0.303225$ & $0.887616$ & $1$ & $0.842906$ & $0.186962$ & $-0.0813198$ & $0.14244$ & $-0.466743$ & $0.106365$ & $-0.0159551$ & $0.0311864$ & $0.0827861$ & $0.0691309$ & $0.311249$ & $0.0816163$ & $0.284111$ & $0.160706$ & $-0.337835$ & $0.122558$ & $0.146328$ & $0.163204$ & $0.220405$ & $-0.0611675$ & $0.0417701$ & $0.180167$ & $0.0947066$ & $-0.10154$ & $-0.162776$ & $-0.336319$ & $0.434935$ & $-0.304059$ \\
CHe_33 & $-0.0847114$ & $-0.0313041$ & $0.038754$ & $0.161294$ & $0$ & $0.181421$ & $0.0149451$ & $0.482278$ & $0.438277$ & $-0.154233$ & $-0.841919$ & $-0.475536$ & $-0.0319894$ & $0.391686$ & $-0.0278566$ & $0.0514371$ & $0.279895$ & $0.272622$ & $0.273588$ & $0.776334$ & $0.842906$ & $1$ & $0.178576$ & $-0.0573555$ & $0.120445$ & $-0.420671$ & $0.0409552$ & $-0.0138667$ & $0.0246558$ & $0.0684908$ & $0.050475$ & $0.309968$ & $0.0659267$ & $0.244366$ & $0.114243$ & $-0.249237$ & $0.158252$ & $0.0592483$ & $0.149396$ & $0.206634$ & $-0.00181653$ & $0.0818112$ & $0.124953$ & $0.147863$ & $-0.0653629$ & $-0.0588896$ & $-0.32221$ & $0.394808$ & $-0.273316$ \\
CHQ1_11 & $-0.310466$ & $-0.112088$ & $0.171427$ & $-0.0731831$ & $0$ & $0.26971$ & $-0.0758736$ & $0.205101$ & $0.189487$ & $-0.348668$ & $-0.191326$ & $-0.203065$ & $-0.0995523$ & $0.0536918$ & $-0.103754$ & $0.193435$ & $-0.0745317$ & $0.0438592$ & $-0.134947$ & $0.191834$ & $0.186962$ & $0.178576$ & $1$ & $-0.0941708$ & $0.0147753$ & $-0.785541$ & $0.341955$ & $0.0913196$ & $0.0155938$ & $0.140551$ & $0.0981242$ & $-0.209616$ & $0.163087$ & $0.156922$ & $-0.221335$ & $-0.0354467$ & $0.0829363$ & $0.249922$ & $0.020014$ & $0.49593$ & $0.0406012$ & $0.302959$ & $0.189845$ & $0.0343458$ & $0.0591229$ & $-0.0377045$ & $-0.250762$ & $0.33894$ & $-0.118105$ \\
CHQ1_33 & $-0.0861138$ & $0.399087$ & $0.010792$ & $0.0758348$ & $0$ & $0.0226457$ & $0.0212065$ & $-0.70635$ & $-0.655631$ & $0.348952$ & $-0.0142161$ & $-0.0288544$ & $0.184138$ & $0.573145$ & $0.164773$ & $0.183701$ & $0.646097$ & $0.577147$ & $0.55267$ & $0.112248$ & $-0.0813198$ & $-0.0573555$ & $-0.0941708$ & $1$ & $0.683792$ & $0.0731391$ & $-0.268003$ & $0.186514$ & $-0.00271564$ & $0.025857$ & $0.0274917$ & $0.202668$ & $0.0278049$ & $-0.477052$ & $-0.165138$ & $-0.0913183$ & $0.277454$ & $-0.257531$ & $0.209727$ & $-0.332325$ & $0.309563$ & $-0.495133$ & $-0.059569$ & $0.00744661$ & $0.00104209$ & $-0.0566092$ & $0.0302501$ & $0.0316732$ & $-0.0779574$ \\
CHQ3_11 & $-0.224621$ & $0.359217$ & $0.125578$ & $0.110469$ & $0$ & $-0.0352692$ & $0.0124729$ & $-0.677061$ & $-0.632074$ & $0.316367$ & $-0.209199$ & $-0.219858$ & $0.250313$ & $0.720802$ & $-0.0251688$ & $0.101442$ & $0.827604$ & $0.813403$ & $0.723925$ & $0.266094$ & $0.14244$ & $0.120445$ & $0.0147753$ & $0.683792$ & $1$ & $-0.100326$ & $-0.0162588$ & $0.109636$ & $-0.00251188$ & $0.05008$ & $0.0706697$ & $0.179673$ & $0.0650369$ & $-0.300281$ & $-0.158572$ & $-0.268149$ & $0.282712$ & $-0.0751766$ & $0.268723$ & $-0.207383$ & $0.260827$ & $-0.510942$ & $0.0529746$ & $0.0662934$ & $-0.130402$ & $-0.261805$ & $-0.015402$ & $0.218416$ & $-0.197666$ \\
CHu_11 & $0.239233$ & $0.155506$ & $-0.0944861$ & $0.0395999$ & $0$ & $-0.309249$ & $0.0823591$ & $-0.347828$ & $-0.310205$ & $0.344267$ & $0.480377$ & $0.372944$ & $0.0925748$ & $-0.202924$ & $0.0546296$ & $-0.183542$ & $-0.0423636$ & $-0.124471$ & $0.0270876$ & $-0.462685$ & $-0.466743$ & $-0.420671$ & $-0.785541$ & $0.0731391$ & $-0.100326$ & $1$ & $-0.182695$ & $-0.0387288$ & $-0.00979253$ & $-0.158177$ & $-0.114977$ & $0.0160754$ & $-0.178729$ & $-0.184299$ & $0.135553$ & $0.0685066$ & $-0.127721$ & $-0.184962$ & $-0.046042$ & $-0.384269$ & $-0.0945186$ & $-0.224175$ & $-0.185635$ & $-0.0333319$ & $-0.100624$ & $0.0308486$ & $0.379181$ & $-0.354616$ & $0.198789$ \\
CHd_11 & $-0.21338$ & $-0.180776$ & $0.307975$ & $-0.0766134$ & $0$ & $-0.273852$ & $-0.0101437$ & $0.238742$ & $0.226635$ & $-0.0626$ & $0.00658265$ & $0.0571518$ & $0.191048$ & $-0.260929$ & $-0.478514$ & $-0.232119$ & $-0.0903907$ & $0.0283101$ & $-0.115718$ & $-0.11487$ & $0.106365$ & $0.0409552$ & $0.341955$ & $-0.268003$ & $-0.0162588$ & $-0.182695$ & $1$ & $0.156507$ & $0.0216686$ & $-0.0471175$ & $-0.0115904$ & $-0.396929$ & $-0.0495823$ & $0.557536$ & $-0.0370315$ & $-0.364666$ & $-0.12852$ & $0.656418$ & $0.111484$ & $0.528128$ & $-0.44613$ & $0.147143$ & $0.164533$ & $-0.103308$ & $-0.438422$ & $-0.473747$ & $0.226329$ & $0.251524$ & $-0.13078$ \\
CHd_33 & $-0.135961$ & $0.119661$ & $0.0344206$ & $0.0203911$ & $0$ & $-0.00939163$ & $-0.0169148$ & $-0.0628022$ & $-0.03333$ & $0.139898$ & $0.0208176$ & $0.120593$ & $-0.0797673$ & $0.0564005$ & $-0.0186591$ & $-0.0424626$ & $0.021076$ & $0.0468952$ & $0.0774604$ & $-0.0154179$ & $-0.0159551$ & $-0.0138667$ & $0.0913196$ & $0.186514$ & $0.109636$ & $-0.0387288$ & $0.156507$ & $1$ & $-0.000142229$ & $0.0307837$ & $0.00197726$ & $-0.0419333$ & $0.0360022$ & $-0.0366927$ & $-0.116213$ & $-0.0788477$ & $-0.0464012$ & $-0.0790877$ & $0.101521$ & $0.0680217$ & $-0.0273817$ & $-0.0631657$ & $0.018791$ & $0.0664808$ & $0.0290223$ & $-0.0860994$ & $0.108049$ & $0.116729$ & $-0.0331227$ \\
CeH_22r & $0.0173482$ & $-0.00682753$ & $0.0024042$ & $0.0137724$ & $0$ & $-0.0078324$ & $0.034902$ & $0.0220369$ & $0.0228338$ & $-0.0203926$ & $-0.029009$ & $-0.037004$ & $-0.0122979$ & $0.00906933$ & $-0.0149557$ & $-0.00928854$ & $0.0102775$ & $0.0128432$ & $0.00565241$ & $0.0212656$ & $0.0311864$ & $0.0246558$ & $0.0155938$ & $-0.00271564$ & $-0.00251188$ & $-0.00979253$ & $0.0216686$ & $-0.000142229$ & $1$ & $0.0209856$ & $-0.00442278$ & $0.0159011$ & $0.0301126$ & $0.0260803$ & $0.01482$ & $0.00248926$ & $-0.0221881$ & $0.0129981$ & $-0.0155503$ & $0.00376001$ & $0.0111908$ & $-0.00472381$ & $-0.0159755$ & $0.0218338$ & $0.0139241$ & $0.000778668$ & $-0.0027802$ & $-0.000251914$ & $0.0135661$ \\
CeH_33r & $-0.074725$ & $-0.0372945$ & $0.0198847$ & $-0.00233135$ & $0$ & $0.135875$ & $-0.415687$ & $0.00832864$ & $0.0324976$ & $-0.204302$ & $-0.0884932$ & $-0.0715396$ & $-0.174786$ & $0.0802497$ & $0.0459099$ & $-0.0178263$ & $0.0724415$ & $0.0389928$ & $0.0739661$ & $0.0763006$ & $0.0827861$ & $0.0684908$ & $0.140551$ & $0.025857$ & $0.05008$ & $-0.158177$ & $-0.0471175$ & $0.0307837$ & $0.0209856$ & $1$ & $0.307796$ & $0.0500625$ & $0.698072$ & $-0.0325937$ & $0.0295012$ & $0.0689632$ & $-0.00902244$ & $-0.116426$ & $-0.0801178$ & $0.0145127$ & $0.138089$ & $0.0251602$ & $0.0203036$ & $0.137281$ & $0.169629$ & $-0.0373898$ & $-0.0814417$ & $0.057472$ & $0.033955$ \\
CuH_22r & $-0.144528$ & $0.0321523$ & $0.0383317$ & $-0.0267935$ & $0$ & $0.0292965$ & $-0.260454$ & $-0.00439485$ & $0.00877917$ & $-0.0537854$ & $-0.0763703$ & $-0.018637$ & $-0.0850572$ & $0.0412866$ & $0.0365045$ & $0.0204457$ & $0.0870731$ & $0.0447739$ & $0.054069$ & $0.0832096$ & $0.0691309$ & $0.050475$ & $0.0981242$ & $0.0274917$ & $0.0706697$ & $-0.114977$ & $-0.0115904$ & $0.00197726$ & $-0.00442278$ & $0.307796$ & $1$ & $0.0260876$ & $0.399753$ & $-0.021173$ & $-0.0894814$ & $0.000520022$ & $0.0496035$ & $-0.0651649$ & $0.0196679$ & $0.0308093$ & $0.0307481$ & $-0.014434$ & $0.0399717$ & $0.0316965$ & $0.0348346$ & $-0.0117268$ & $-0.0904816$ & $0.0691112$ & $-0.0368623$ \\
CuH_33r & $0.0612375$ & $0.125082$ & $-0.26411$ & $0.349303$ & $0$ & $0.0846126$ & $0.104049$ & $-0.0198082$ & $-0.0108284$ & $0.184079$ & $-0.349323$ & $-0.168902$ & $-0.245588$ & $0.328883$ & $0.0630223$ & $0.111323$ & $0.300722$ & $0.274177$ & $0.240589$ & $0.361409$ & $0.311249$ & $0.309968$ & $-0.209616$ & $0.202668$ & $0.179673$ & $0.0160754$ & $-0.396929$ & $-0.0419333$ & $0.0159011$ & $0.0500625$ & $0.0260876$ & $1$ & $0.0618851$ & $-0.0686353$ & $0.0596271$ & $-0.301496$ & $0.0440541$ & $-0.453129$ & $0.183856$ & $-0.485756$ & $0.170244$ & $-0.477551$ & $-0.017817$ & $0.0785147$ & $0.211484$ & $-0.0450306$ & $-0.348132$ & $0.200185$ & $-0.0568403$ \\
CdH_33r & $-0.0921554$ & $-0.0529822$ & $0.0251175$ & $-0.00116078$ & $0$ & $0.144155$ & $-0.565512$ & $0.000892842$ & $0.0294493$ & $-0.269347$ & $-0.0897513$ & $-0.0720203$ & $-0.212135$ & $0.0764397$ & $0.0513521$ & $0.0062338$ & $0.0931052$ & $0.0457764$ & $0.0670091$ & $0.0773654$ & $0.0816163$ & $0.0659267$ & $0.163087$ & $0.0278049$ & $0.0650369$ & $-0.178729$ & $-0.0495823$ & $0.0360022$ & $0.0301126$ & $0.698072$ & $0.399753$ & $0.0618851$ & $1$ & $-0.0299611$ & $0.0376921$ & $0.101437$ & $-0.0258814$ & $-0.14704$ & $-0.106501$ & $0.0138461$ & $0.16607$ & $0.0162662$ & $0.0276925$ & $0.169657$ & $0.214614$ & $-0.0430006$ & $-0.0855029$ & $0.0505952$ & $0.0576183$ \\
CLL_1221 & $-0.207638$ & $-0.186201$ & $0.159322$ & $0.0784422$ & $0$ & $-0.163646$ & $-0.0261479$ & $0.466018$ & $0.41534$ & $-0.0674281$ & $-0.146316$ & $-0.065767$ & $0.0723438$ & $-0.340568$ & $-0.827293$ & $0.0378663$ & $-0.106948$ & $0.157117$ & $-0.370172$ & $-0.013819$ & $0.284111$ & $0.244366$ & $0.156922$ & $-0.477052$ & $-0.300281$ & $-0.184299$ & $0.557536$ & $-0.0366927$ & $0.0260803$ & $-0.0325937$ & $-0.021173$ & $-0.0686353$ & $-0.0299611$ & $1$ & $0.117428$ & $-0.324652$ & $-0.222773$ & $0.542522$ & $0.0935443$ & $0.394559$ & $-0.489983$ & $0.179273$ & $0.00205148$ & $-0.0109751$ & $-0.388535$ & $-0.360599$ & $0.0306098$ & $0.21951$ & $-0.0449773$ \\
eHggint & $0.45298$ & $-0.479516$ & $-0.101505$ & $0.183015$ & $0$ & $-0.104561$ & $0.000745203$ & $0.189365$ & $0.17622$ & $-0.373173$ & $-0.121738$ & $-0.283999$ & $0.0361993$ & $-0.0119036$ & $-0.0708606$ & $-0.193836$ & $-0.090018$ & $-0.0444668$ & $0.0264474$ & $0.0923373$ & $0.160706$ & $0.114243$ & $-0.221335$ & $-0.165138$ & $-0.158572$ & $0.135553$ & $-0.0370315$ & $-0.116213$ & $0.01482$ & $0.0295012$ & $-0.0894814$ & $0.0596271$ & $0.0376921$ & $0.117428$ & $1$ & $-0.0742558$ & $-0.598897$ & $0.183499$ & $-0.549094$ & $-0.0876365$ & $-0.260792$ & $0.0278068$ & $-0.241693$ & $-0.166199$ & $-0.0125322$ & $-0.181674$ & $0.376739$ & $-0.398439$ & $0.616821$ \\
eHggpar & $0.263189$ & $0.109935$ & $-0.0790893$ & $-0.13462$ & $0$ & $0.135509$ & $-0.102579$ & $-0.0338551$ & $-0.0297062$ & $-0.166912$ & $0.297901$ & $0.0928002$ & $-0.199054$ & $-0.244511$ & $0.372185$ & $0.075682$ & $-0.274867$ & $-0.414685$ & $-0.224512$ & $-0.225133$ & $-0.337835$ & $-0.249237$ & $-0.0354467$ & $-0.0913183$ & $-0.268149$ & $0.0685066$ & $-0.364666$ & $-0.0788477$ & $0.00248926$ & $0.0689632$ & $0.000520022$ & $-0.301496$ & $0.101437$ & $-0.324652$ & $-0.0742558$ & $1$ & $-0.0570727$ & $-0.367818$ & $-0.417754$ & $-0.0609753$ & $0.45086$ & $0.230849$ & $-0.418048$ & $0.211645$ & $0.536601$ & $0.540387$ & $0.120605$ & $-0.419143$ & $0.252119$ \\
eHWWint & $-0.10892$ & $0.590783$ & $0.178744$ & $-0.0548709$ & $0$ & $0.235303$ & $0.0058807$ & $-0.109147$ & $-0.104043$ & $0.205657$ & $-0.206903$ & $0.118863$ & $0.255056$ & $0.299677$ & $0.201629$ & $0.292927$ & $0.228041$ & $0.175383$ & $0.119281$ & $0.244025$ & $0.122558$ & $0.158252$ & $0.0829363$ & $0.277454$ & $0.282712$ & $-0.127721$ & $-0.12852$ & $-0.0464012$ & $-0.0221881$ & $-0.00902244$ & $0.0496035$ & $0.0440541$ & $-0.0258814$ & $-0.222773$ & $-0.598897$ & $-0.0570727$ & $1$ & $-0.0560928$ & $0.477219$ & $0.288224$ & $0.330113$ & $-0.0205129$ & $0.139381$ & $0.241802$ & $-0.231918$ & $0.253799$ & $-0.130519$ & $0.259855$ & $-0.60252$ \\
eHWWpar & $-0.00610999$ & $-0.233438$ & $0.328308$ & $-0.166175$ & $0$ & $-0.147614$ & $-0.00159061$ & $0.261726$ & $0.213813$ & $-0.117784$ & $-0.0734895$ & $0.0305821$ & $0.444821$ & $-0.136226$ & $-0.492662$ & $-0.0291792$ & $-0.123497$ & $0.0918383$ & $-0.20717$ & $-0.029581$ & $0.146328$ & $0.0592483$ & $0.249922$ & $-0.257531$ & $-0.0751766$ & $-0.184962$ & $0.656418$ & $-0.0790877$ & $0.0129981$ & $-0.116426$ & $-0.0651649$ & $-0.453129$ & $-0.14704$ & $0.542522$ & $0.183499$ & $-0.367818$ & $-0.0560928$ & $1$ & $-0.0380385$ & $0.540152$ & $-0.539491$ & $0.0985428$ & $-0.000986076$ & $-0.278067$ & $-0.592118$ & $-0.384305$ & $0.356189$ & $-0.0268334$ & $-0.0359087$ \\
eHZZint & $-0.595433$ & $0.194911$ & $0.00601225$ & $-0.137132$ & $0$ & $0.0177861$ & $0.0536143$ & $-0.109092$ & $-0.119911$ & $0.313048$ & $-0.161301$ & $0.0498643$ & $0.208267$ & $0.174606$ & $-0.123904$ & $0.0287688$ & $0.322201$ & $0.300452$ & $0.201915$ & $0.132916$ & $0.163204$ & $0.149396$ & $0.020014$ & $0.209727$ & $0.268723$ & $-0.046042$ & $0.111484$ & $0.101521$ & $-0.0155503$ & $-0.0801178$ & $0.0196679$ & $0.183856$ & $-0.106501$ & $0.0935443$ & $-0.549094$ & $-0.417754$ & $0.477219$ & $-0.0380385$ & $1$ & $-0.0550105$ & $-0.149535$ & $-0.164625$ & $0.525224$ & $0.0414963$ & $-0.194763$ & $-0.245263$ & $-0.407069$ & $0.644349$ & $-0.784446$ \\
eHZZpar & $-0.0287064$ & $0.114797$ & $0.375333$ & $-0.0185161$ & $0$ & $0.0383545$ & $-0.0663486$ & $0.461825$ & $0.439156$ & $-0.213331$ & $-0.196419$ & $0.0740955$ & $0.133835$ & $-0.189444$ & $-0.191656$ & $0.215175$ & $-0.249656$ & $-0.138885$ & $-0.386751$ & $0.144936$ & $0.220405$ & $0.206634$ & $0.49593$ & $-0.332325$ & $-0.207383$ & $-0.384269$ & $0.528128$ & $0.0680217$ & $0.00376001$ & $0.0145127$ & $0.0308093$ & $-0.485756$ & $0.0138461$ & $0.394559$ & $-0.0876365$ & $-0.0609753$ & $0.288224$ & $0.540152$ & $-0.0550105$ & $1$ & $-0.233857$ & $0.55437$ & $-0.0195465$ & $0.158924$ & $-0.480883$ & $0.12017$ & $0.215226$ & $0.106304$ & $-0.0608948$ \\
eHZgaint & $0.094986$ & $0.390065$ & $-0.0277291$ & $0.198407$ & $0$ & $0.306028$ & $-0.0389222$ & $-0.281421$ & $-0.263312$ & $-0.0880224$ & $-0.0289646$ & $-0.25013$ & $-0.227128$ & $0.345849$ & $0.347956$ & $0.146788$ & $0.145597$ & $0.0999406$ & $0.230112$ & $0.124788$ & $-0.0611675$ & $-0.00181653$ & $0.0406012$ & $0.309563$ & $0.260827$ & $-0.0945186$ & $-0.44613$ & $-0.0273817$ & $0.0111908$ & $0.138089$ & $0.0307481$ & $0.170244$ & $0.16607$ & $-0.489983$ & $-0.260792$ & $0.45086$ & $0.330113$ & $-0.539491$ & $-0.149535$ & $-0.233857$ & $1$ & $-0.0979899$ & $-0.192152$ & $0.444347$ & $0.557539$ & $0.337637$ & $-0.197954$ & $-0.0370099$ & $-0.0362585$ \\
eHZgapar & $-0.0688334$ & $-0.244954$ & $0.140604$ & $-0.00277967$ & $0$ & $0.0410243$ & $-0.0564319$ & $0.512651$ & $0.498394$ & $-0.331202$ & $-0.0212467$ & $-0.0935444$ & $-0.328837$ & $-0.374369$ & $0.0726103$ & $0.0798269$ & $-0.491895$ & $-0.482364$ & $-0.476044$ & $0.00968146$ & $0.0417701$ & $0.0818112$ & $0.302959$ & $-0.495133$ & $-0.510942$ & $-0.224175$ & $0.147143$ & $-0.0631657$ & $-0.00472381$ & $0.0251602$ & $-0.014434$ & $-0.477551$ & $0.0162662$ & $0.179273$ & $0.0278068$ & $0.230849$ & $-0.0205129$ & $0.0985428$ & $-0.164625$ & $0.55437$ & $-0.0979899$ & $1$ & $0.183921$ & $0.128859$ & $-0.0957624$ & $0.325991$ & $-0.0876345$ & $0.117855$ & $0.019311$ \\
eHgagaint & $-0.569792$ & $-0.382627$ & $-0.00305362$ & $-0.224857$ & $0$ & $0.0255808$ & $0.0227138$ & $0.0802741$ & $0.0835468$ & $-0.190424$ & $-0.147077$ & $-0.190001$ & $0.0530048$ & $0.0762126$ & $0.0252259$ & $-0.311236$ & $0.0699658$ & $0.0153005$ & $0.228758$ & $0.109237$ & $0.180167$ & $0.124953$ & $0.189845$ & $-0.059569$ & $0.0529746$ & $-0.185635$ & $0.164533$ & $0.018791$ & $-0.0159755$ & $0.0203036$ & $0.0399717$ & $-0.017817$ & $0.0276925$ & $0.00205148$ & $-0.241693$ & $-0.418048$ & $0.139381$ & $-0.000986076$ & $0.525224$ & $-0.0195465$ & $-0.192152$ & $0.183921$ & $1$ & $-0.00772169$ & $-0.0508951$ & $-0.311726$ & $-0.442484$ & $0.53586$ & $-0.506479$ \\
eHmumuint & $-0.231213$ & $0.362828$ & $0.161733$ & $0.393254$ & $0$ & $0.281587$ & $-0.0448405$ & $-0.00158888$ & $0.0163362$ & $-0.111153$ & $-0.104031$ & $-0.333062$ & $-0.280792$ & $0.139463$ & $-0.0121576$ & $0.0503205$ & $0.0606483$ & $0.10086$ & $0.076252$ & $0.10581$ & $0.0947066$ & $0.147863$ & $0.0343458$ & $0.00744661$ & $0.0662934$ & $-0.0333319$ & $-0.103308$ & $0.0664808$ & $0.0218338$ & $0.137281$ & $0.0316965$ & $0.0785147$ & $0.169657$ & $-0.0109751$ & $-0.166199$ & $0.211645$ & $0.241802$ & $-0.278067$ & $0.0414963$ & $0.158924$ & $0.444347$ & $0.128859$ & $-0.00772169$ & $1$ & $0.201216$ & $0.105579$ & $-0.0534101$ & $0.259257$ & $-0.141906$ \\
eHtautauint & $0.0750943$ & $-0.14687$ & $-0.297725$ & $-0.0514568$ & $0$ & $0.323063$ & $-0.0524034$ & $-0.0265132$ & $-0.0173016$ & $-0.360014$ & $0.0681017$ & $-0.263538$ & $-0.372885$ & $0.00956585$ & $0.390769$ & $-0.103517$ & $-0.133008$ & $-0.251997$ & $0.0604666$ & $0.0035659$ & $-0.10154$ & $-0.0653629$ & $0.0591229$ & $0.00104209$ & $-0.130402$ & $-0.100624$ & $-0.438422$ & $0.0290223$ & $0.0139241$ & $0.169629$ & $0.0348346$ & $0.211484$ & $0.214614$ & $-0.388535$ & $-0.0125322$ & $0.536601$ & $-0.231918$ & $-0.592118$ & $-0.194763$ & $-0.480883$ & $0.557539$ & $-0.0957624$ & $-0.0508951$ & $0.201216$ & $1$ & $0.158601$ & $-0.355974$ & $-0.038649$ & $0.0642503$ \\
eHccint & $0.338351$ & $0.316698$ & $-0.147084$ & $0.023868$ & $0$ & $0.111386$ & $0.00924048$ & $0.108918$ & $0.113654$ & $0.0502512$ & $0.0684237$ & $0.21453$ & $-0.240853$ & $-0.127379$ & $0.485389$ & $0.368333$ & $-0.270701$ & $-0.401678$ & $-0.327036$ & $0.031657$ & $-0.162776$ & $-0.0588896$ & $-0.0377045$ & $-0.0566092$ & $-0.261805$ & $0.0308486$ & $-0.473747$ & $-0.0860994$ & $0.000778668$ & $-0.0373898$ & $-0.0117268$ & $-0.0450306$ & $-0.0430006$ & $-0.360599$ & $-0.181674$ & $0.540387$ & $0.253799$ & $-0.384305$ & $-0.245263$ & $0.12017$ & $0.337637$ & $0.325991$ & $-0.311726$ & $0.105579$ & $0.158601$ & $1$ & $0.0128592$ & $-0.330286$ & $0.149751$ \\
eHccpar & $0.444163$ & $0.148866$ & $0.208762$ & $0.0231944$ & $0$ & $-0.284258$ & $-0.00837821$ & $-0.193556$ & $-0.171805$ & $0.0961792$ & $0.362247$ & $0.357149$ & $0.275905$ & $-0.212239$ & $-0.115613$ & $-0.0708401$ & $-0.0808099$ & $-0.064069$ & $-0.0883916$ & $-0.364242$ & $-0.336319$ & $-0.32221$ & $-0.250762$ & $0.0302501$ & $-0.015402$ & $0.379181$ & $0.226329$ & $0.108049$ & $-0.0027802$ & $-0.0814417$ & $-0.0904816$ & $-0.348132$ & $-0.0855029$ & $0.0306098$ & $0.376739$ & $0.120605$ & $-0.130519$ & $0.356189$ & $-0.407069$ & $0.215226$ & $-0.197954$ & $-0.0876345$ & $-0.442484$ & $-0.0534101$ & $-0.355974$ & $0.0128592$ & $1$ & $-0.594607$ & $0.485495$ \\
eHbbint & $-0.681346$ & $0.0467555$ & $0.119697$ & $0.152673$ & $0$ & $0.265544$ & $0.0235438$ & $0.148698$ & $0.143929$ & $-0.0080669$ & $-0.415863$ & $-0.418113$ & $-0.182591$ & $0.275518$ & $-0.196596$ & $-0.0100184$ & $0.231887$ & $0.316177$ & $0.208061$ & $0.370905$ & $0.434935$ & $0.394808$ & $0.33894$ & $0.0316732$ & $0.218416$ & $-0.354616$ & $0.251524$ & $0.116729$ & $-0.000251914$ & $0.057472$ & $0.0691112$ & $0.200185$ & $0.0505952$ & $0.21951$ & $-0.398439$ & $-0.419143$ & $0.259855$ & $-0.0268334$ & $0.644349$ & $0.106304$ & $-0.0370099$ & $0.117855$ & $0.53586$ & $0.259257$ & $-0.038649$ & $-0.330286$ & $-0.594607$ & $1$ & $-0.670517$ \\
eHbbpar & $0.503204$ & $-0.132924$ & $-0.0452726$ & $0.203146$ & $0$ & $-0.196633$ & $-0.0294304$ & $-0.0782587$ & $-0.055964$ & $-0.0995121$ & $0.309304$ & $0.0851839$ & $-0.181367$ & $-0.221033$ & $0.00756677$ & $0.0292021$ & $-0.208674$ & $-0.186327$ & $-0.198536$ & $-0.278082$ & $-0.304059$ & $-0.273316$ & $-0.118105$ & $-0.0779574$ & $-0.197666$ & $0.198789$ & $-0.13078$ & $-0.0331227$ & $0.0135661$ & $0.033955$ & $-0.0368623$ & $-0.0568403$ & $0.0576183$ & $-0.0449773$ & $0.616821$ & $0.252119$ & $-0.60252$ & $-0.0359087$ & $-0.784446$ & $-0.0608948$ & $-0.0362585$ & $0.019311$ & $-0.506479$ & $-0.141906$ & $0.0642503$ & $0.149751$ & $0.485495$ & $-0.670517$ & $1$ \\
