 & AlsMz & dAle5Mz & mtop & mHl & Mz & CW & CHG & CHWB & CHWHB_gaga & CHWHB_gagaorth & CHD & CHbox & CH & CHL1_11 & CHL1_22 & CHL1_33 & CHL3_11 & CHL3_22 & CHL3_33 & CHe_11 & CHe_22 & CHe_33 & CHQ1_11 & CHQ1_33 & CHQ3_11 & CHu_11 & CHd_11 & CHd_33 & CeH_22r & CeH_33r & CuH_22r & CuH_33r & CdH_33r & CLL_1221 & eHggint & eHggpar & eHWWint & eHWWpar & eHZZint & eHZZpar & eHZgaint & eHZgapar & eHgagaint & eHmumuint & eHtautauint & eHccint & eHccpar & eHbbint & eHbbpar \\
AlsMz & $1$ & $0.0598913$ & $0.0696133$ & $0.0631216$ & $0.016902$ & $-0.00392197$ & $0.0175402$ & $-0.036076$ & $-0.0313792$ & $0.0279549$ & $0.0162968$ & $-0.00476278$ & $-0.0222617$ & $0.0123365$ & $-0.00358103$ & $0.000690075$ & $0.0228876$ & $0.0256147$ & $0.0218206$ & $-0.0214554$ & $-0.0239314$ & $-0.02464$ & $-0.0224993$ & $-0.0313025$ & $-0.0763261$ & $-0.0142765$ & $-0.0435771$ & $0.00563927$ & $0.0207106$ & $0.00281159$ & $0.00325862$ & $0.0199836$ & $0.0322055$ & $-0.0221806$ & $-0.0531223$ & $0.0819287$ & $-0.0315801$ & $-0.000586807$ & $-0.0218903$ & $-0.00832125$ & $0.018438$ & $-0.0272174$ & $0.092281$ & $-0.0502027$ & $0.0425643$ & $0.0487087$ & $-0.00302085$ & $-0.0640646$ & $0.0724352$ \\
dAle5Mz & $0.0598913$ & $1$ & $0.040931$ & $0.0881552$ & $0.0130553$ & $-0.00625185$ & $0.00143647$ & $-0.0967556$ & $-0.094979$ & $0.052629$ & $0.0806306$ & $0.061429$ & $-0.0106394$ & $-0.0357324$ & $-0.0398873$ & $-0.0255534$ & $0.0165696$ & $0.0278857$ & $0.0168556$ & $-0.0567446$ & $-0.0557983$ & $-0.0561873$ & $0.0178397$ & $0.0279423$ & $0.0219112$ & $0.020882$ & $0.00169566$ & $-0.0443867$ & $0.00738279$ & $-0.00909574$ & $-0.055656$ & $0.0183484$ & $-0.00871124$ & $0.0185498$ & $0.0442941$ & $0.179442$ & $0.0693081$ & $0.00266153$ & $-0.0285101$ & $0.0179298$ & $-0.0796372$ & $-0.0152291$ & $0.00162212$ & $-0.0354563$ & $-0.0358655$ & $0.0136174$ & $-0.121589$ & $-0.0664164$ & $0.00102282$ \\
mtop & $0.0696133$ & $0.040931$ & $1$ & $0.220637$ & $-0.000561976$ & $-0.00514375$ & $-0.0125178$ & $-0.0221399$ & $-0.0282142$ & $0.0262299$ & $0.0150852$ & $0.0184115$ & $0.00127526$ & $0.0230585$ & $-0.00219229$ & $0.00542657$ & $0.013925$ & $0.027361$ & $0.0195435$ & $-0.00155527$ & $-0.00987023$ & $-0.00970149$ & $-0.0123943$ & $0.0329174$ & $0.0139114$ & $0.0137425$ & $-0.01677$ & $0.00244971$ & $0.00502149$ & $-0.0225498$ & $-0.0459894$ & $-0.0143515$ & $-0.000121083$ & $-0.018982$ & $-0.0240994$ & $-0.0377472$ & $0.08467$ & $0.0470857$ & $-0.0404391$ & $0.0246976$ & $-0.139$ & $0.0108483$ & $-0.0487057$ & $0.244651$ & $-0.0213262$ & $-0.0487169$ & $-0.0671811$ & $-0.028319$ & $0.0338796$ \\
mHl & $0.0631216$ & $0.0881552$ & $0.220637$ & $1$ & $0.044853$ & $-0.0262066$ & $-0.0156288$ & $0.0291436$ & $0.0323016$ & $-0.0181306$ & $-0.0292109$ & $-0.00822724$ & $0.000322894$ & $0.00445632$ & $-0.00300647$ & $0.0152071$ & $0.00467492$ & $0.00262415$ & $-0.00749036$ & $0.0305327$ & $0.0323548$ & $0.0344214$ & $-0.0080075$ & $-0.0252457$ & $0.00668482$ & $-0.00881423$ & $0.035348$ & $0.0055167$ & $0.00169062$ & $-0.0191198$ & $-0.0211893$ & $-0.027829$ & $-0.0495641$ & $0.0329952$ & $-0.0310141$ & $-0.11042$ & $0.11523$ & $0.0262014$ & $-0.102831$ & $0.0225659$ & $-0.0352588$ & $-0.0315283$ & $0.0432954$ & $0.0622233$ & $-0.101554$ & $0.0693139$ & $0.00548373$ & $-0.18218$ & $-0.00593048$ \\
Mz & $0.016902$ & $0.0130553$ & $-0.000561976$ & $0.044853$ & $1$ & $-0.00337288$ & $-0.005797$ & $0.00210649$ & $0.00288886$ & $-0.00642489$ & $0.013247$ & $-0.00768789$ & $0.00047572$ & $-0.0105706$ & $-0.0058949$ & $-0.0139389$ & $-0.0171009$ & $-0.0128964$ & $-0.00795823$ & $-0.00619874$ & $-0.00261306$ & $-0.0059355$ & $-0.00145914$ & $-0.00693297$ & $-0.0188869$ & $0.00613001$ & $0.00447809$ & $0.0130189$ & $0.00451499$ & $0.00310633$ & $-0.00294862$ & $0.00175329$ & $0.016946$ & $0.00347833$ & $-0.0135521$ & $0.0185226$ & $0.0105348$ & $0.00432602$ & $0.00226018$ & $-0.00961639$ & $0.000267104$ & $0.00476293$ & $0.00288981$ & $0.0225702$ & $-0.00192599$ & $0.00268078$ & $-0.00481711$ & $-0.022462$ & $0.0350075$ \\
CW & $-0.00392197$ & $-0.00625185$ & $-0.00514375$ & $-0.0262066$ & $-0.00337288$ & $1$ & $-0.0200935$ & $-0.119263$ & $-0.121596$ & $0.00788058$ & $0.173548$ & $0.0481451$ & $0.00580205$ & $0.030373$ & $-0.0695252$ & $-0.0694764$ & $-0.261546$ & $-0.0512336$ & $-0.0493745$ & $-0.169325$ & $-0.178967$ & $-0.17557$ & $-0.0141983$ & $-0.00573895$ & $-0.0943644$ & $0.0942525$ & $-0.0904811$ & $-0.0730346$ & $-0.0135892$ & $0.0154253$ & $-0.000185517$ & $-0.0134854$ & $0.00622706$ & $-0.125835$ & $0.00600121$ & $-0.0244981$ & $0.00844458$ & $-0.00506936$ & $0.01322$ & $-0.023804$ & $0.010595$ & $0.00282251$ & $0.000669088$ & $0.0104355$ & $0.0059824$ & $-0.00998999$ & $0.00791226$ & $-0.0216596$ & $0.00431411$ \\
CHG & $0.0175402$ & $0.00143647$ & $-0.0125178$ & $-0.0156288$ & $-0.005797$ & $-0.0200935$ & $1$ & $-0.0582724$ & $-0.00330923$ & $0.0326405$ & $0.0342773$ & $-0.129553$ & $-0.211823$ & $0.021313$ & $-0.0278182$ & $-0.0376024$ & $0.0529084$ & $0.0614421$ & $0.0694252$ & $-0.0354267$ & $-0.0309762$ & $-0.0315315$ & $-0.0155557$ & $0.0534322$ & $0.0639122$ & $0.0320288$ & $0.00138647$ & $-0.0197361$ & $-0.00315613$ & $-0.0799277$ & $-0.0432394$ & $0.938647$ & $-0.0788897$ & $-0.0200913$ & $-0.0437526$ & $0.0122107$ & $-0.0157338$ & $0.00881573$ & $-0.00728669$ & $-0.00541107$ & $-0.0371685$ & $0.0105741$ & $0.0149948$ & $-0.0088056$ & $0.00549792$ & $0.0192773$ & $0.00319628$ & $0.0550412$ & $0.0205818$ \\
CHWB & $-0.036076$ & $-0.0967556$ & $-0.0221399$ & $0.0291436$ & $0.00210649$ & $-0.119263$ & $-0.0582724$ & $1$ & $0.981516$ & $-0.557142$ & $-0.878081$ & $-0.111244$ & $0.261201$ & $0.129754$ & $0.296392$ & $0.307062$ & $-0.205994$ & $-0.405076$ & $-0.408311$ & $0.847668$ & $0.89454$ & $0.878212$ & $0.0599599$ & $-0.645937$ & $-0.366796$ & $-0.494214$ & $0.408753$ & $0.291142$ & $0.0155409$ & $0.0739605$ & $0.0403994$ & $-0.0562615$ & $0.0627158$ & $0.542012$ & $-0.0149875$ & $-0.0203648$ & $-0.0180768$ & $0.0152631$ & $-0.000302539$ & $-0.00345591$ & $0.013213$ & $0.00739413$ & $-0.00510073$ & $-0.013872$ & $0.0132371$ & $0.00916375$ & $-0.00197884$ & $0.00482591$ & $-0.0152696$ \\
CHWHB_gaga & $-0.0313792$ & $-0.094979$ & $-0.0282142$ & $0.0323016$ & $0.00288886$ & $-0.121596$ & $-0.00330923$ & $0.981516$ & $1$ & $-0.545985$ & $-0.859654$ & $-0.0930725$ & $0.260531$ & $0.121385$ & $0.293325$ & $0.302379$ & $-0.206488$ & $-0.403504$ & $-0.405221$ & $0.830433$ & $0.875701$ & $0.859964$ & $0.0585911$ & $-0.636083$ & $-0.365733$ & $-0.485504$ & $0.398505$ & $0.284471$ & $0.0219767$ & $0.0968626$ & $0.0556289$ & $-0.0112655$ & $0.0913075$ & $0.530013$ & $-0.0405368$ & $-0.024922$ & $-0.0324304$ & $0.0133037$ & $0.00293814$ & $-0.00387706$ & $0.0124189$ & $0.00282581$ & $0.0590293$ & $-0.0312436$ & $0.0133908$ & $0.0151195$ & $0.0047214$ & $0.00893999$ & $-0.0081354$ \\
CHWHB_gagaorth & $0.0279549$ & $0.052629$ & $0.0262299$ & $-0.0181306$ & $-0.00642489$ & $0.00788058$ & $0.0326405$ & $-0.557142$ & $-0.545985$ & $1$ & $0.348066$ & $0.454128$ & $-0.197536$ & $0.196136$ & $-0.116828$ & $-0.120204$ & $0.402022$ & $0.459133$ & $0.454937$ & $-0.33278$ & $-0.36353$ & $-0.358916$ & $-0.0348639$ & $0.527655$ & $0.442879$ & $0.186356$ & $-0.23127$ & $-0.112823$ & $-0.00925405$ & $-0.12379$ & $-0.0635599$ & $0.0478359$ & $-0.106689$ & $-0.332909$ & $0.0396953$ & $0.0226839$ & $0.0323353$ & $-0.000694501$ & $-0.00328789$ & $0.00701244$ & $-0.0668183$ & $-0.00259319$ & $-0.0142799$ & $0.0135139$ & $0.00592579$ & $0.00341812$ & $-0.0150088$ & $-0.0122832$ & $0.0259414$ \\
CHD & $0.0162968$ & $0.0806306$ & $0.0150852$ & $-0.0292109$ & $0.013247$ & $0.173548$ & $0.0342773$ & $-0.878081$ & $-0.859654$ & $0.348066$ & $1$ & $0.214724$ & $-0.10304$ & $-0.53978$ & $-0.426691$ & $-0.424457$ & $-0.250743$ & $0.0375576$ & $0.0369032$ & $-0.989979$ & $-0.990917$ & $-0.970024$ & $0.00358131$ & $0.272561$ & $-0.0128257$ & $0.54777$ & $-0.271966$ & $-0.326867$ & $-0.00130114$ & $-0.0491563$ & $-0.0247035$ & $0.0447228$ & $-0.039258$ & $-0.33871$ & $0.033954$ & $0.00475299$ & $0.00983029$ & $-0.0231189$ & $-0.0028366$ & $0.00103639$ & $0.00160998$ & $0.000626192$ & $0.00547091$ & $0.00447073$ & $-0.00261451$ & $-0.00436542$ & $0.00496705$ & $-0.00868208$ & $0.00104985$ \\
CHbox & $-0.00476278$ & $0.061429$ & $0.0184115$ & $-0.00822724$ & $-0.00768789$ & $0.0481451$ & $-0.129553$ & $-0.111244$ & $-0.0930725$ & $0.454128$ & $0.214724$ & $1$ & $0.53709$ & $-0.256866$ & $-0.0200782$ & $0.0045543$ & $-0.224705$ & $-0.18229$ & $-0.198094$ & $-0.195708$ & $-0.219243$ & $-0.212145$ & $0.0141933$ & $-0.0610386$ & $-0.180618$ & $0.0961913$ & $-0.0930111$ & $-0.0716275$ & $0.0557194$ & $0.25304$ & $0.0748506$ & $-0.0365378$ & $0.302599$ & $-0.0741176$ & $0.105293$ & $0.0227092$ & $0.00471507$ & $0.000747632$ & $-0.0150624$ & $-0.00281134$ & $-0.0381985$ & $-0.0014024$ & $0.00484142$ & $-0.00326593$ & $0.0305753$ & $-0.00189375$ & $-0.0105215$ & $-0.0241913$ & $-0.00257415$ \\
CH & $-0.0222617$ & $-0.0106394$ & $0.00127526$ & $0.000322894$ & $0.00047572$ & $0.00580205$ & $-0.211823$ & $0.261201$ & $0.260531$ & $-0.197536$ & $-0.10304$ & $0.53709$ & $1$ & $-0.212968$ & $0.0517697$ & $0.0692615$ & $-0.308646$ & $-0.325584$ & $-0.33266$ & $0.0998322$ & $0.110148$ & $0.109607$ & $0.0431143$ & $-0.317153$ & $-0.303157$ & $-0.0761859$ & $0.105931$ & $0.0364206$ & $0.0413184$ & $0.220565$ & $0.100142$ & $-0.164925$ & $0.258485$ & $0.158933$ & $0.0413779$ & $-0.0101988$ & $-0.022512$ & $0.0168882$ & $-0.00176058$ & $-0.00956763$ & $-0.00440522$ & $-0.0160407$ & $0.0315817$ & $-0.000417885$ & $0.0318768$ & $-0.0139679$ & $0.00305242$ & $-0.00560798$ & $-0.0149461$ \\
CHL1_11 & $0.0123365$ & $-0.0357324$ & $0.0230585$ & $0.00445632$ & $-0.0105706$ & $0.030373$ & $0.021313$ & $0.129754$ & $0.121385$ & $0.196136$ & $-0.53978$ & $-0.256866$ & $-0.212968$ & $1$ & $0.294101$ & $0.269369$ & $0.652629$ & $0.587656$ & $0.595329$ & $0.558725$ & $0.5019$ & $0.485087$ & $-0.0882793$ & $0.466315$ & $0.583422$ & $-0.285025$ & $-0.105234$ & $0.171379$ & $-0.0233037$ & $-0.0163205$ & $-0.0108796$ & $-0.00316709$ & $-0.0219661$ & $-0.217316$ & $-0.0463025$ & $0.0189852$ & $0.00476448$ & $0.0158076$ & $0.0135375$ & $-0.00226907$ & $-0.0212083$ & $-0.00595217$ & $-0.0118184$ & $0.0240256$ & $-0.0109858$ & $-0.0144703$ & $-0.00290657$ & $0.0048046$ & $0.0174203$ \\
CHL1_22 & $-0.00358103$ & $-0.0398873$ & $-0.00219229$ & $-0.00300647$ & $-0.0058949$ & $-0.0695252$ & $-0.0278182$ & $0.296392$ & $0.293325$ & $-0.116828$ & $-0.426691$ & $-0.0200782$ & $0.0517697$ & $0.294101$ & $1$ & $0.459673$ & $0.188623$ & $-0.437555$ & $-0.0160223$ & $0.493184$ & $0.341003$ & $0.331812$ & $-0.189192$ & $0.127568$ & $-0.123004$ & $-0.19271$ & $-0.412976$ & $0.0979506$ & $0.0129683$ & $0.0419363$ & $0.0237995$ & $-0.0256732$ & $0.0279361$ & $-0.611262$ & $-0.0122502$ & $0.0130699$ & $0.000995068$ & $0.00417497$ & $0.00573237$ & $-0.00264173$ & $0.0171183$ & $0.00107875$ & $0.0235269$ & $-0.00134785$ & $-0.0149595$ & $-0.00457525$ & $0.0113484$ & $-0.00154015$ & $0.00100287$ \\
CHL1_33 & $0.000690075$ & $-0.0255534$ & $0.00542657$ & $0.0152071$ & $-0.0139389$ & $-0.0694764$ & $-0.0376024$ & $0.307062$ & $0.302379$ & $-0.120204$ & $-0.424457$ & $0.0045543$ & $0.0692615$ & $0.269369$ & $0.459673$ & $1$ & $0.170433$ & $-0.0350844$ & $-0.433303$ & $0.489257$ & $0.343825$ & $0.361717$ & $-0.176321$ & $0.110945$ & $-0.13045$ & $-0.192107$ & $-0.381818$ & $0.106721$ & $-0.010549$ & $0.0468123$ & $0.0232104$ & $-0.0317475$ & $0.0268962$ & $-0.110099$ & $-0.00559561$ & $0.00821218$ & $0.0149712$ & $0.0144117$ & $-0.0448639$ & $0.0119014$ & $-0.0178175$ & $-0.00597152$ & $0.0236702$ & $-0.0180473$ & $-0.0206632$ & $0.00843824$ & $0.0171851$ & $0.0161058$ & $-0.0191824$ \\
CHL3_11 & $0.0228876$ & $0.0165696$ & $0.013925$ & $0.00467492$ & $-0.0171009$ & $-0.261546$ & $0.0529084$ & $-0.205994$ & $-0.206488$ & $0.402022$ & $-0.250743$ & $-0.224705$ & $-0.308646$ & $0.652629$ & $0.188623$ & $0.170433$ & $1$ & $0.724606$ & $0.727857$ & $0.274138$ & $0.220145$ & $0.21085$ & $-0.0925873$ & $0.674764$ & $0.769596$ & $-0.112332$ & $-0.148581$ & $0.0863902$ & $-0.0285067$ & $-0.0558062$ & $-0.0374295$ & $0.0274349$ & $-0.0481775$ & $-0.2412$ & $-0.039618$ & $0.0217411$ & $0.0113096$ & $0.01993$ & $-0.000112696$ & $0.011582$ & $-0.0349919$ & $-0.0138911$ & $-0.00034575$ & $0.0195217$ & $-0.0254253$ & $-0.00733022$ & $-0.00559392$ & $0.0145514$ & $0.0301927$ \\
CHL3_22 & $0.0256147$ & $0.0278857$ & $0.027361$ & $0.00262415$ & $-0.0128964$ & $-0.0512336$ & $0.0614421$ & $-0.405076$ & $-0.403504$ & $0.459133$ & $0.0375576$ & $-0.18229$ & $-0.325584$ & $0.587656$ & $-0.437555$ & $-0.0350844$ & $0.724606$ & $1$ & $0.671233$ & $-0.0401425$ & $-0.028447$ & $-0.0289234$ & $0.00362718$ & $0.610127$ & $0.787175$ & $0.0183249$ & $0.0168705$ & $0.00917294$ & $-0.0358231$ & $-0.0716309$ & $-0.0426459$ & $0.0367108$ & $-0.0608922$ & $0.058932$ & $-0.0301973$ & $0.0155909$ & $0.0116527$ & $0.0135165$ & $-0.00201637$ & $0.00708687$ & $-0.0401174$ & $-0.0132319$ & $-0.0188457$ & $0.0232515$ & $-0.00977498$ & $-0.00797303$ & $-0.00934896$ & $0.0108856$ & $0.0231448$ \\
CHL3_33 & $0.0218206$ & $0.0168556$ & $0.0195435$ & $-0.00749036$ & $-0.00795823$ & $-0.0493745$ & $0.0694252$ & $-0.408311$ & $-0.405221$ & $0.454937$ & $0.0369032$ & $-0.198094$ & $-0.33266$ & $0.595329$ & $-0.0160223$ & $-0.433303$ & $0.727857$ & $0.671233$ & $1$ & $-0.038631$ & $-0.0299726$ & $-0.0306282$ & $-0.000430936$ & $0.61391$ & $0.7876$ & $0.0161421$ & $0.00229049$ & $0.000653783$ & $-0.0212966$ & $-0.0720819$ & $-0.0393665$ & $0.043381$ & $-0.0607404$ & $-0.330873$ & $-0.0288145$ & $0.0216036$ & $0.00405511$ & $0.0044257$ & $0.0307806$ & $-0.00546105$ & $-0.0125579$ & $-0.0071128$ & $-0.0195327$ & $0.0326623$ & $-0.0082592$ & $-0.0183468$ & $-0.0116511$ & $-0.00606176$ & $0.0350995$ \\
CHe_11 & $-0.0214554$ & $-0.0567446$ & $-0.00155527$ & $0.0305327$ & $-0.00619874$ & $-0.169325$ & $-0.0354267$ & $0.847668$ & $0.830433$ & $-0.33278$ & $-0.989979$ & $-0.195708$ & $0.0998322$ & $0.558725$ & $0.493184$ & $0.489257$ & $0.274138$ & $-0.0401425$ & $-0.038631$ & $1$ & $0.971872$ & $0.951893$ & $-0.0288638$ & $-0.216002$ & $0.0191712$ & $-0.53844$ & $0.195564$ & $0.317573$ & $0.00292532$ & $0.051201$ & $0.0253434$ & $-0.044701$ & $0.0388364$ & $0.257261$ & $-0.0326976$ & $0.00143872$ & $-0.00663133$ & $0.0236509$ & $-0.00132205$ & $0.000297868$ & $-0.00439022$ & $-0.00143561$ & $-0.00582113$ & $-0.00280808$ & $-0.00021203$ & $0.00301848$ & $-0.00505761$ & $0.00730347$ & $-0.00353758$ \\
CHe_22 & $-0.0239314$ & $-0.0557983$ & $-0.00987023$ & $0.0323548$ & $-0.00261306$ & $-0.178967$ & $-0.0309762$ & $0.89454$ & $0.875701$ & $-0.36353$ & $-0.990917$ & $-0.219243$ & $0.110148$ & $0.5019$ & $0.341003$ & $0.343825$ & $0.220145$ & $-0.028447$ & $-0.0299726$ & $0.971872$ & $1$ & $0.975125$ & $0.0262275$ & $-0.326704$ & $0.0113303$ & $-0.550747$ & $0.354722$ & $0.328551$ & $0.0011371$ & $0.0473825$ & $0.0221506$ & $-0.0411$ & $0.0391341$ & $0.42702$ & $-0.0325827$ & $-0.00366036$ & $-0.00888279$ & $0.0221926$ & $0.00137802$ & $0.000550449$ & $-0.00435107$ & $0.00191983$ & $-0.0104615$ & $-0.00429899$ & $0.0026132$ & $0.00359638$ & $-0.00889728$ & $0.00659657$ & $-0.00101441$ \\
CHe_33 & $-0.02464$ & $-0.0561873$ & $-0.00970149$ & $0.0344214$ & $-0.0059355$ & $-0.17557$ & $-0.0315315$ & $0.878212$ & $0.859964$ & $-0.358916$ & $-0.970024$ & $-0.212145$ & $0.109607$ & $0.485087$ & $0.331812$ & $0.361717$ & $0.21085$ & $-0.0289234$ & $-0.0306282$ & $0.951893$ & $0.975125$ & $1$ & $0.0293618$ & $-0.322486$ & $0.00888904$ & $-0.5392$ & $0.35024$ & $0.321642$ & $0.00167641$ & $0.0458104$ & $0.0239498$ & $-0.0407793$ & $0.0367613$ & $0.424426$ & $-0.0296555$ & $0.00077055$ & $-0.00814257$ & $0.0237371$ & $-0.00270334$ & $-0.00244384$ & $-0.00397528$ & $3.51727e-05$ & $-0.0110884$ & $-0.0087243$ & $0.00474628$ & $0.0031977$ & $-0.00852886$ & $0.00479384$ & $-0.00186673$ \\
CHQ1_11 & $-0.0224993$ & $0.0178397$ & $-0.0123943$ & $-0.0080075$ & $-0.00145914$ & $-0.0141983$ & $-0.0155557$ & $0.0599599$ & $0.0585911$ & $-0.0348639$ & $0.00358131$ & $0.0141933$ & $0.0431143$ & $-0.0882793$ & $-0.189192$ & $-0.176321$ & $-0.0925873$ & $0.00362718$ & $-0.000430936$ & $-0.0288638$ & $0.0262275$ & $0.0293618$ & $1$ & $-0.144851$ & $0.0762267$ & $-0.67149$ & $0.346402$ & $0.0142891$ & $0.00975473$ & $0.00429037$ & $0.000219632$ & $-0.0120615$ & $-0.00688645$ & $0.207651$ & $0.0162999$ & $-0.0163046$ & $0.00857019$ & $-0.000995151$ & $-0.026621$ & $0.00256462$ & $-0.0110542$ & $-0.00818531$ & $0.00323267$ & $0.0159483$ & $-0.00854258$ & $-0.00397822$ & $0.00109165$ & $-0.0337958$ & $-0.0164066$ \\
CHQ1_33 & $-0.0313025$ & $0.0279423$ & $0.0329174$ & $-0.0252457$ & $-0.00693297$ & $-0.00573895$ & $0.0534322$ & $-0.645937$ & $-0.636083$ & $0.527655$ & $0.272561$ & $-0.0610386$ & $-0.317153$ & $0.466315$ & $0.127568$ & $0.110945$ & $0.674764$ & $0.610127$ & $0.61391$ & $-0.216002$ & $-0.326704$ & $-0.322486$ & $-0.144851$ & $1$ & $0.629185$ & $0.183729$ & $-0.410062$ & $-0.00885141$ & $-0.0186375$ & $-0.0609104$ & $-0.0350449$ & $0.0385635$ & $-0.061593$ & $-0.616743$ & $-0.0143394$ & $0.02802$ & $0.0187267$ & $0.00213087$ & $0.000415883$ & $0.0119255$ & $-0.026148$ & $-0.0113613$ & $0.00513255$ & $0.0253033$ & $-0.0293761$ & $-0.0234323$ & $0.00312124$ & $-0.00159832$ & $0.0156541$ \\
CHQ3_11 & $-0.0763261$ & $0.0219112$ & $0.0139114$ & $0.00668482$ & $-0.0188869$ & $-0.0943644$ & $0.0639122$ & $-0.366796$ & $-0.365733$ & $0.442879$ & $-0.0128257$ & $-0.180618$ & $-0.303157$ & $0.583422$ & $-0.123004$ & $-0.13045$ & $0.769596$ & $0.787175$ & $0.7876$ & $0.0191712$ & $0.0113303$ & $0.00888904$ & $0.0762267$ & $0.629185$ & $1$ & $0.00452406$ & $0.234597$ & $0.00572429$ & $-0.0295587$ & $-0.0644785$ & $-0.04383$ & $0.0423528$ & $-0.06959$ & $-0.171873$ & $-0.00865446$ & $0.00277862$ & $0.0211543$ & $0.00996376$ & $-0.00342581$ & $0.00145574$ & $-0.0420639$ & $-0.00870455$ & $-0.0381876$ & $0.033539$ & $-0.0231039$ & $-0.014144$ & $-0.0162851$ & $0.00585687$ & $0.00642027$ \\
CHu_11 & $-0.0142765$ & $0.020882$ & $0.0137425$ & $-0.00881423$ & $0.00613001$ & $0.0942525$ & $0.0320288$ & $-0.494214$ & $-0.485504$ & $0.186356$ & $0.54777$ & $0.0961913$ & $-0.0761859$ & $-0.285025$ & $-0.19271$ & $-0.192107$ & $-0.112332$ & $0.0183249$ & $0.0161421$ & $-0.53844$ & $-0.550747$ & $-0.5392$ & $-0.67149$ & $0.183729$ & $0.00452406$ & $1$ & $-0.152982$ & $-0.187542$ & $-0.0101219$ & $-0.018757$ & $-0.0119932$ & $0.0374425$ & $-0.0201522$ & $-0.228382$ & $0.00618754$ & $0.00823217$ & $-0.0120656$ & $-0.000495953$ & $0.0179777$ & $-0.0117605$ & $0.011233$ & $0.000354455$ & $-0.0206597$ & $0.00473198$ & $0.00942211$ & $-0.00163256$ & $-0.00132747$ & $0.0233886$ & $-5.57088e-05$ \\
CHd_11 & $-0.0435771$ & $0.00169566$ & $-0.01677$ & $0.035348$ & $0.00447809$ & $-0.0904811$ & $0.00138647$ & $0.408753$ & $0.398505$ & $-0.23127$ & $-0.271966$ & $-0.0930111$ & $0.105931$ & $-0.105234$ & $-0.412976$ & $-0.381818$ & $-0.148581$ & $0.0168705$ & $0.00229049$ & $0.195564$ & $0.354722$ & $0.35024$ & $0.346402$ & $-0.410062$ & $0.234597$ & $-0.152982$ & $1$ & $0.0966258$ & $0.00753175$ & $0.0126216$ & $-0.002694$ & $0.00193826$ & $-0.00125891$ & $0.688159$ & $0.0155393$ & $-0.0223122$ & $-0.00799769$ & $0.00712231$ & $-0.00920029$ & $-0.00724062$ & $-0.0118768$ & $0.00310564$ & $-0.0429362$ & $0.00706913$ & $0.0104879$ & $0.00393558$ & $-0.0276374$ & $-0.0141431$ & $-0.023246$ \\
CHd_33 & $0.00563927$ & $-0.0443867$ & $0.00244971$ & $0.0055167$ & $0.0130189$ & $-0.0730346$ & $-0.0197361$ & $0.291142$ & $0.284471$ & $-0.112823$ & $-0.326867$ & $-0.0716275$ & $0.0364206$ & $0.171379$ & $0.0979506$ & $0.106721$ & $0.0863902$ & $0.00917294$ & $0.000653783$ & $0.317573$ & $0.328551$ & $0.321642$ & $0.0142891$ & $-0.00885141$ & $0.00572429$ & $-0.187542$ & $0.0966258$ & $1$ & $-0.00852924$ & $0.0120163$ & $0.0164049$ & $-0.0245048$ & $0.0235807$ & $0.151995$ & $-0.0227722$ & $0.0066198$ & $-0.0102114$ & $0.00897728$ & $0.0159494$ & $0.00161925$ & $-0.0160534$ & $0.00442445$ & $-0.00915575$ & $0.00299508$ & $0.00609409$ & $-0.0147048$ & $-0.0121601$ & $0.0139536$ & $0.00864929$ \\
CeH_22r & $0.0207106$ & $0.00738279$ & $0.00502149$ & $0.00169062$ & $0.00451499$ & $-0.0135892$ & $-0.00315613$ & $0.0155409$ & $0.0219767$ & $-0.00925405$ & $-0.00130114$ & $0.0557194$ & $0.0413184$ & $-0.0233037$ & $0.0129683$ & $-0.010549$ & $-0.0285067$ & $-0.0358231$ & $-0.0212966$ & $0.00292532$ & $0.0011371$ & $0.00167641$ & $0.00975473$ & $-0.0186375$ & $-0.0295587$ & $-0.0101219$ & $0.00753175$ & $-0.00852924$ & $1$ & $0.0522093$ & $0.0272891$ & $-0.0125927$ & $0.0604956$ & $0.00123129$ & $-0.0150449$ & $0.00561631$ & $-0.0500957$ & $-0.00107256$ & $-0.000526821$ & $-0.0137034$ & $0.00382179$ & $0.004782$ & $0.0244445$ & $0.0158819$ & $0.00440427$ & $-0.0151606$ & $0.0149539$ & $0.00565328$ & $0.0124913$ \\
CeH_33r & $0.00281159$ & $-0.00909574$ & $-0.0225498$ & $-0.0191198$ & $0.00310633$ & $0.0154253$ & $-0.0799277$ & $0.0739605$ & $0.0968626$ & $-0.12379$ & $-0.0491563$ & $0.25304$ & $0.220565$ & $-0.0163205$ & $0.0419363$ & $0.0468123$ & $-0.0558062$ & $-0.0716309$ & $-0.0720819$ & $0.051201$ & $0.0473825$ & $0.0458104$ & $0.00429037$ & $-0.0609104$ & $-0.0644785$ & $-0.018757$ & $0.0126216$ & $0.0120163$ & $0.0522093$ & $1$ & $0.31609$ & $0.0595298$ & $0.631958$ & $0.0195989$ & $-0.0763822$ & $-0.0212227$ & $-0.193691$ & $-0.0184863$ & $-0.000856129$ & $-0.0206434$ & $0.00749095$ & $-0.0116784$ & $0.0358154$ & $0.00723983$ & $0.0750095$ & $-0.0036894$ & $0.0257454$ & $0.0519579$ & $-0.0284566$ \\
CuH_22r & $0.00325862$ & $-0.055656$ & $-0.0459894$ & $-0.0211893$ & $-0.00294862$ & $-0.000185517$ & $-0.0432394$ & $0.0403994$ & $0.0556289$ & $-0.0635599$ & $-0.0247035$ & $0.0748506$ & $0.100142$ & $-0.0108796$ & $0.0237995$ & $0.0232104$ & $-0.0374295$ & $-0.0426459$ & $-0.0393665$ & $0.0253434$ & $0.0221506$ & $0.0239498$ & $0.000219632$ & $-0.0350449$ & $-0.04383$ & $-0.0119932$ & $-0.002694$ & $0.0164049$ & $0.0272891$ & $0.31609$ & $1$ & $0.0432512$ & $0.358876$ & $0.00573281$ & $-0.0199787$ & $-0.026475$ & $-0.113197$ & $-0.0120248$ & $-0.0229135$ & $0.000960301$ & $0.00705417$ & $-0.00317045$ & $0.0540308$ & $0.000918355$ & $0.0384872$ & $0.0912844$ & $0.378987$ & $0.0923491$ & $-0.00105626$ \\
CuH_33r & $0.0199836$ & $0.0183484$ & $-0.0143515$ & $-0.027829$ & $0.00175329$ & $-0.0134854$ & $0.938647$ & $-0.0562615$ & $-0.0112655$ & $0.0478359$ & $0.0447228$ & $-0.0365378$ & $-0.164925$ & $-0.00316709$ & $-0.0256732$ & $-0.0317475$ & $0.0274349$ & $0.0367108$ & $0.043381$ & $-0.044701$ & $-0.0411$ & $-0.0407793$ & $-0.0120615$ & $0.0385635$ & $0.0423528$ & $0.0374425$ & $0.00193826$ & $-0.0245048$ & $-0.0125927$ & $0.0595298$ & $0.0432512$ & $1$ & $0.0868154$ & $-0.0192345$ & $0.0245419$ & $0.0487787$ & $-0.053324$ & $0.0090502$ & $-0.00883328$ & $-0.0096253$ & $-0.0345635$ & $0.0154539$ & $0.0129397$ & $-0.0190003$ & $0.0211212$ & $0.0225872$ & $0.00375598$ & $0.057366$ & $0.0180779$ \\
CdH_33r & $0.0322055$ & $-0.00871124$ & $-0.000121083$ & $-0.0495641$ & $0.016946$ & $0.00622706$ & $-0.0788897$ & $0.0627158$ & $0.0913075$ & $-0.106689$ & $-0.039258$ & $0.302599$ & $0.258485$ & $-0.0219661$ & $0.0279361$ & $0.0268962$ & $-0.0481775$ & $-0.0608922$ & $-0.0607404$ & $0.0388364$ & $0.0391341$ & $0.0367613$ & $-0.00688645$ & $-0.061593$ & $-0.06959$ & $-0.0201522$ & $-0.00125891$ & $0.0235807$ & $0.0604956$ & $0.631958$ & $0.358876$ & $0.0868154$ & $1$ & $0.0242574$ & $-0.104252$ & $0.00320313$ & $-0.17419$ & $-0.017803$ & $-0.0273924$ & $-0.0335511$ & $-0.0482698$ & $-0.0141072$ & $0.100534$ & $0.0560753$ & $0.0233801$ & $-0.0288069$ & $0.0164249$ & $0.188941$ & $0.457629$ \\
CLL_1221 & $-0.0221806$ & $0.0185498$ & $-0.018982$ & $0.0329952$ & $0.00347833$ & $-0.125835$ & $-0.0200913$ & $0.542012$ & $0.530013$ & $-0.332909$ & $-0.33871$ & $-0.0741176$ & $0.158933$ & $-0.217316$ & $-0.611262$ & $-0.110099$ & $-0.2412$ & $0.058932$ & $-0.330873$ & $0.257261$ & $0.42702$ & $0.424426$ & $0.207651$ & $-0.616743$ & $-0.171873$ & $-0.228382$ & $0.688159$ & $0.151995$ & $0.00123129$ & $0.0195989$ & $0.00573281$ & $-0.0192345$ & $0.0242574$ & $1$ & $-0.000447674$ & $-0.0169772$ & $-0.0144232$ & $0.0119839$ & $-0.0129082$ & $0.00482602$ & $-0.0121894$ & $0.00445435$ & $-0.0200739$ & $-0.0141865$ & $0.0181269$ & $0.0146389$ & $-0.0184604$ & $0.00555429$ & $-0.0126644$ \\
eHggint & $-0.0531223$ & $0.0442941$ & $-0.0240994$ & $-0.0310141$ & $-0.0135521$ & $0.00600121$ & $-0.0437526$ & $-0.0149875$ & $-0.0405368$ & $0.0396953$ & $0.033954$ & $0.105293$ & $0.0413779$ & $-0.0463025$ & $-0.0122502$ & $-0.00559561$ & $-0.039618$ & $-0.0301973$ & $-0.0288145$ & $-0.0326976$ & $-0.0325827$ & $-0.0296555$ & $0.0162999$ & $-0.0143394$ & $-0.00865446$ & $0.00618754$ & $0.0155393$ & $-0.0227722$ & $-0.0150449$ & $-0.0763822$ & $-0.0199787$ & $0.0245419$ & $-0.104252$ & $-0.000447674$ & $1$ & $-0.14644$ & $0.0725757$ & $-0.0196719$ & $-0.0426704$ & $0.0112866$ & $0.0230799$ & $-0.00563358$ & $-0.120044$ & $-0.112127$ & $0.0121546$ & $0.154221$ & $-0.00474521$ & $-0.0935681$ & $-0.0542955$ \\
eHggpar & $0.0819287$ & $0.179442$ & $-0.0377472$ & $-0.11042$ & $0.0185226$ & $-0.0244981$ & $0.0122107$ & $-0.0203648$ & $-0.024922$ & $0.0226839$ & $0.00475299$ & $0.0227092$ & $-0.0101988$ & $0.0189852$ & $0.0130699$ & $0.00821218$ & $0.0217411$ & $0.0155909$ & $0.0216036$ & $0.00143872$ & $-0.00366036$ & $0.00077055$ & $-0.0163046$ & $0.02802$ & $0.00277862$ & $0.00823217$ & $-0.0223122$ & $0.0066198$ & $0.00561631$ & $-0.0212227$ & $-0.026475$ & $0.0487787$ & $0.00320313$ & $-0.0169772$ & $-0.14644$ & $1$ & $-0.0431764$ & $0.00823242$ & $0.0100146$ & $-0.00929404$ & $0.109894$ & $0.00283195$ & $-0.0260901$ & $-0.060031$ & $0.113089$ & $-0.17739$ & $-0.0570421$ & $-0.135904$ & $0.0791208$ \\
eHWWint & $-0.0315801$ & $0.0693081$ & $0.08467$ & $0.11523$ & $0.0105348$ & $0.00844458$ & $-0.0157338$ & $-0.0180768$ & $-0.0324304$ & $0.0323353$ & $0.00983029$ & $0.00471507$ & $-0.022512$ & $0.00476448$ & $0.000995068$ & $0.0149712$ & $0.0113096$ & $0.0116527$ & $0.00405511$ & $-0.00663133$ & $-0.00888279$ & $-0.00814257$ & $0.00857019$ & $0.0187267$ & $0.0211543$ & $-0.0120656$ & $-0.00799769$ & $-0.0102114$ & $-0.0500957$ & $-0.193691$ & $-0.113197$ & $-0.053324$ & $-0.17419$ & $-0.0144232$ & $0.0725757$ & $-0.0431764$ & $1$ & $-0.0131501$ & $-0.0160614$ & $0.0245284$ & $0.0336036$ & $-0.000939391$ & $-0.106816$ & $-0.00928924$ & $-0.181925$ & $0.0149286$ & $-0.0482121$ & $-0.201385$ & $0.10672$ \\
eHWWpar & $-0.000586807$ & $0.00266153$ & $0.0470857$ & $0.0262014$ & $0.00432602$ & $-0.00506936$ & $0.00881573$ & $0.0152631$ & $0.0133037$ & $-0.000694501$ & $-0.0231189$ & $0.000747632$ & $0.0168882$ & $0.0158076$ & $0.00417497$ & $0.0144117$ & $0.01993$ & $0.0135165$ & $0.0044257$ & $0.0236509$ & $0.0221926$ & $0.0237371$ & $-0.000995151$ & $0.00213087$ & $0.00996376$ & $-0.000495953$ & $0.00712231$ & $0.00897728$ & $-0.00107256$ & $-0.0184863$ & $-0.0120248$ & $0.0090502$ & $-0.017803$ & $0.0119839$ & $-0.0196719$ & $0.00823242$ & $-0.0131501$ & $1$ & $0.00609553$ & $-0.001375$ & $-0.0131301$ & $-0.00508337$ & $0.0235312$ & $-0.0132967$ & $0.0396687$ & $0.00104775$ & $-0.0109888$ & $-0.0206608$ & $-0.000212238$ \\
eHZZint & $-0.0218903$ & $-0.0285101$ & $-0.0404391$ & $-0.102831$ & $0.00226018$ & $0.01322$ & $-0.00728669$ & $-0.000302539$ & $0.00293814$ & $-0.00328789$ & $-0.0028366$ & $-0.0150624$ & $-0.00176058$ & $0.0135375$ & $0.00573237$ & $-0.0448639$ & $-0.000112696$ & $-0.00201637$ & $0.0307806$ & $-0.00132205$ & $0.00137802$ & $-0.00270334$ & $-0.026621$ & $0.000415883$ & $-0.00342581$ & $0.0179777$ & $-0.00920029$ & $0.0159494$ & $-0.000526821$ & $-0.000856129$ & $-0.0229135$ & $-0.00883328$ & $-0.0273924$ & $-0.0129082$ & $-0.0426704$ & $0.0100146$ & $-0.0160614$ & $0.00609553$ & $1$ & $-0.0342152$ & $0.158183$ & $-0.0339295$ & $0.0970784$ & $-0.00639251$ & $0.0897536$ & $-0.0748315$ & $-0.0687627$ & $-0.0515202$ & $-0.00532839$ \\
eHZZpar & $-0.00832125$ & $0.0179298$ & $0.0246976$ & $0.0225659$ & $-0.00961639$ & $-0.023804$ & $-0.00541107$ & $-0.00345591$ & $-0.00387706$ & $0.00701244$ & $0.00103639$ & $-0.00281134$ & $-0.00956763$ & $-0.00226907$ & $-0.00264173$ & $0.0119014$ & $0.011582$ & $0.00708687$ & $-0.00546105$ & $0.000297868$ & $0.000550449$ & $-0.00244384$ & $0.00256462$ & $0.0119255$ & $0.00145574$ & $-0.0117605$ & $-0.00724062$ & $0.00161925$ & $-0.0137034$ & $-0.0206434$ & $0.000960301$ & $-0.0096253$ & $-0.0335511$ & $0.00482602$ & $0.0112866$ & $-0.00929404$ & $0.0245284$ & $-0.001375$ & $-0.0342152$ & $1$ & $-0.0252674$ & $-0.0250968$ & $-0.00903514$ & $0.00851977$ & $-0.0171884$ & $0.0259653$ & $0.0476998$ & $-0.0042097$ & $-0.0352343$ \\
eHZgaint & $0.018438$ & $-0.0796372$ & $-0.139$ & $-0.0352588$ & $0.000267104$ & $0.010595$ & $-0.0371685$ & $0.013213$ & $0.0124189$ & $-0.0668183$ & $0.00160998$ & $-0.0381985$ & $-0.00440522$ & $-0.0212083$ & $0.0171183$ & $-0.0178175$ & $-0.0349919$ & $-0.0401174$ & $-0.0125579$ & $-0.00439022$ & $-0.00435107$ & $-0.00397528$ & $-0.0110542$ & $-0.026148$ & $-0.0420639$ & $0.011233$ & $-0.0118768$ & $-0.0160534$ & $0.00382179$ & $0.00749095$ & $0.00705417$ & $-0.0345635$ & $-0.0482698$ & $-0.0121894$ & $0.0230799$ & $0.109894$ & $0.0336036$ & $-0.0131301$ & $0.158183$ & $-0.0252674$ & $1$ & $0.00978206$ & $0.0137173$ & $-0.11089$ & $0.0605379$ & $0.00912053$ & $-0.00530577$ & $-0.0446653$ & $-0.0370933$ \\
eHZgapar & $-0.0272174$ & $-0.0152291$ & $0.0108483$ & $-0.0315283$ & $0.00476293$ & $0.00282251$ & $0.0105741$ & $0.00739413$ & $0.00282581$ & $-0.00259319$ & $0.000626192$ & $-0.0014024$ & $-0.0160407$ & $-0.00595217$ & $0.00107875$ & $-0.00597152$ & $-0.0138911$ & $-0.0132319$ & $-0.0071128$ & $-0.00143561$ & $0.00191983$ & $3.51727e-05$ & $-0.00818531$ & $-0.0113613$ & $-0.00870455$ & $0.000354455$ & $0.00310564$ & $0.00442445$ & $0.004782$ & $-0.0116784$ & $-0.00317045$ & $0.0154539$ & $-0.0141072$ & $0.00445435$ & $-0.00563358$ & $0.00283195$ & $-0.000939391$ & $-0.00508337$ & $-0.0339295$ & $-0.0250968$ & $0.00978206$ & $1$ & $-0.0239819$ & $-0.0283999$ & $0.00718684$ & $-0.0232961$ & $0.00964846$ & $0.0100669$ & $-0.0100131$ \\
eHgagaint & $0.092281$ & $0.00162212$ & $-0.0487057$ & $0.0432954$ & $0.00288981$ & $0.000669088$ & $0.0149948$ & $-0.00510073$ & $0.0590293$ & $-0.0142799$ & $0.00547091$ & $0.00484142$ & $0.0315817$ & $-0.0118184$ & $0.0235269$ & $0.0236702$ & $-0.00034575$ & $-0.0188457$ & $-0.0195327$ & $-0.00582113$ & $-0.0104615$ & $-0.0110884$ & $0.00323267$ & $0.00513255$ & $-0.0381876$ & $-0.0206597$ & $-0.0429362$ & $-0.00915575$ & $0.0244445$ & $0.0358154$ & $0.0540308$ & $0.0129397$ & $0.100534$ & $-0.0200739$ & $-0.120044$ & $-0.0260901$ & $-0.106816$ & $0.0235312$ & $0.0970784$ & $-0.00903514$ & $0.0137173$ & $-0.0239819$ & $1$ & $-0.315509$ & $0.0671566$ & $0.0857442$ & $0.0860364$ & $-0.0440434$ & $0.13384$ \\
eHmumuint & $-0.0502027$ & $-0.0354563$ & $0.244651$ & $0.0622233$ & $0.0225702$ & $0.0104355$ & $-0.0088056$ & $-0.013872$ & $-0.0312436$ & $0.0135139$ & $0.00447073$ & $-0.00326593$ & $-0.000417885$ & $0.0240256$ & $-0.00134785$ & $-0.0180473$ & $0.0195217$ & $0.0232515$ & $0.0326623$ & $-0.00280808$ & $-0.00429899$ & $-0.0087243$ & $0.0159483$ & $0.0253033$ & $0.033539$ & $0.00473198$ & $0.00706913$ & $0.00299508$ & $0.0158819$ & $0.00723983$ & $0.000918355$ & $-0.0190003$ & $0.0560753$ & $-0.0141865$ & $-0.112127$ & $-0.060031$ & $-0.00928924$ & $-0.0132967$ & $-0.00639251$ & $0.00851977$ & $-0.11089$ & $-0.0283999$ & $-0.315509$ & $1$ & $-0.142903$ & $-0.109054$ & $-0.0183658$ & $-0.00174362$ & $0.0774632$ \\
eHtautauint & $0.0425643$ & $-0.0358655$ & $-0.0213262$ & $-0.101554$ & $-0.00192599$ & $0.0059824$ & $0.00549792$ & $0.0132371$ & $0.0133908$ & $0.00592579$ & $-0.00261451$ & $0.0305753$ & $0.0318768$ & $-0.0109858$ & $-0.0149595$ & $-0.0206632$ & $-0.0254253$ & $-0.00977498$ & $-0.0082592$ & $-0.00021203$ & $0.0026132$ & $0.00474628$ & $-0.00854258$ & $-0.0293761$ & $-0.0231039$ & $0.00942211$ & $0.0104879$ & $0.00609409$ & $0.00440427$ & $0.0750095$ & $0.0384872$ & $0.0211212$ & $0.0233801$ & $0.0181269$ & $0.0121546$ & $0.113089$ & $-0.181925$ & $0.0396687$ & $0.0897536$ & $-0.0171884$ & $0.0605379$ & $0.00718684$ & $0.0671566$ & $-0.142903$ & $1$ & $-0.0462377$ & $0.0570035$ & $0.0618595$ & $-1.81872e-05$ \\
eHccint & $0.0487087$ & $0.0136174$ & $-0.0487169$ & $0.0693139$ & $0.00268078$ & $-0.00998999$ & $0.0192773$ & $0.00916375$ & $0.0151195$ & $0.00341812$ & $-0.00436542$ & $-0.00189375$ & $-0.0139679$ & $-0.0144703$ & $-0.00457525$ & $0.00843824$ & $-0.00733022$ & $-0.00797303$ & $-0.0183468$ & $0.00301848$ & $0.00359638$ & $0.0031977$ & $-0.00397822$ & $-0.0234323$ & $-0.014144$ & $-0.00163256$ & $0.00393558$ & $-0.0147048$ & $-0.0151606$ & $-0.0036894$ & $0.0912844$ & $0.0225872$ & $-0.0288069$ & $0.0146389$ & $0.154221$ & $-0.17739$ & $0.0149286$ & $0.00104775$ & $-0.0748315$ & $0.0259653$ & $0.00912053$ & $-0.0232961$ & $0.0857442$ & $-0.109054$ & $-0.0462377$ & $1$ & $0.0690271$ & $0.144403$ & $-0.0846771$ \\
eHccpar & $-0.00302085$ & $-0.121589$ & $-0.0671811$ & $0.00548373$ & $-0.00481711$ & $0.00791226$ & $0.00319628$ & $-0.00197884$ & $0.0047214$ & $-0.0150088$ & $0.00496705$ & $-0.0105215$ & $0.00305242$ & $-0.00290657$ & $0.0113484$ & $0.0171851$ & $-0.00559392$ & $-0.00934896$ & $-0.0116511$ & $-0.00505761$ & $-0.00889728$ & $-0.00852886$ & $0.00109165$ & $0.00312124$ & $-0.0162851$ & $-0.00132747$ & $-0.0276374$ & $-0.0121601$ & $0.0149539$ & $0.0257454$ & $0.378987$ & $0.00375598$ & $0.0164249$ & $-0.0184604$ & $-0.00474521$ & $-0.0570421$ & $-0.0482121$ & $-0.0109888$ & $-0.0687627$ & $0.0476998$ & $-0.00530577$ & $0.00964846$ & $0.0860364$ & $-0.0183658$ & $0.0570035$ & $0.0690271$ & $1$ & $0.0813314$ & $-0.0197521$ \\
eHbbint & $-0.0640646$ & $-0.0664164$ & $-0.028319$ & $-0.18218$ & $-0.022462$ & $-0.0216596$ & $0.0550412$ & $0.00482591$ & $0.00893999$ & $-0.0122832$ & $-0.00868208$ & $-0.0241913$ & $-0.00560798$ & $0.0048046$ & $-0.00154015$ & $0.0161058$ & $0.0145514$ & $0.0108856$ & $-0.00606176$ & $0.00730347$ & $0.00659657$ & $0.00479384$ & $-0.0337958$ & $-0.00159832$ & $0.00585687$ & $0.0233886$ & $-0.0141431$ & $0.0139536$ & $0.00565328$ & $0.0519579$ & $0.0923491$ & $0.057366$ & $0.188941$ & $0.00555429$ & $-0.0935681$ & $-0.135904$ & $-0.201385$ & $-0.0206608$ & $-0.0515202$ & $-0.0042097$ & $-0.0446653$ & $0.0100669$ & $-0.0440434$ & $-0.00174362$ & $0.0618595$ & $0.144403$ & $0.0813314$ & $1$ & $-0.0390308$ \\
eHbbpar & $0.0724352$ & $0.00102282$ & $0.0338796$ & $-0.00593048$ & $0.0350075$ & $0.00431411$ & $0.0205818$ & $-0.0152696$ & $-0.0081354$ & $0.0259414$ & $0.00104985$ & $-0.00257415$ & $-0.0149461$ & $0.0174203$ & $0.00100287$ & $-0.0191824$ & $0.0301927$ & $0.0231448$ & $0.0350995$ & $-0.00353758$ & $-0.00101441$ & $-0.00186673$ & $-0.0164066$ & $0.0156541$ & $0.00642027$ & $-5.57088e-05$ & $-0.023246$ & $0.00864929$ & $0.0124913$ & $-0.0284566$ & $-0.00105626$ & $0.0180779$ & $0.457629$ & $-0.0126644$ & $-0.0542955$ & $0.0791208$ & $0.10672$ & $-0.000212238$ & $-0.00532839$ & $-0.0352343$ & $-0.0370933$ & $-0.0100131$ & $0.13384$ & $0.0774632$ & $-1.81872e-05$ & $-0.0846771$ & $-0.0197521$ & $-0.0390308$ & $1$ \\
