 & AlsMz & dAle5Mz & mtop & mHl & Mz & CW & CHG & CHWB & CHWHB_gaga & CHWHB_gagaorth & CHD & CHbox & CH & CHL1_11 & CHL1_22 & CHL1_33 & CHL3_11 & CHL3_22 & CHL3_33 & CHe_11 & CHe_22 & CHe_33 & CHQ1_11 & CHQ1_33 & CHQ3_11 & CHu_11 & CHd_11 & CHd_33 & CeH_22r & CeH_33r & CuH_22r & CuH_33r & CdH_33r & CLL_1221 & eHggint & eHggpar & eHWWint & eHWWpar & eHZZint & eHZZpar & eHZgaint & eHZgapar & eHgagaint & eHmumuint & eHtautauint & eHccint & eHccpar & eHbbint & eHbbpar \\
AlsMz & $1$ & $0.200535$ & $0.0978137$ & $-0.120387$ & $0.0430879$ & $-0.0968094$ & $-0.0570329$ & $-0.110212$ & $-0.111823$ & $0.0248309$ & $0.0920177$ & $0.0998822$ & $0.0716122$ & $-0.0543828$ & $-0.070187$ & $-0.0904712$ & $0.051632$ & $0.0521653$ & $0.0655758$ & $-0.0930398$ & $-0.0888616$ & $-0.0891212$ & $0.0226776$ & $0.0529403$ & $0.0283405$ & $0.034061$ & $-0.0117264$ & $-0.036641$ & $0.0467611$ & $0.053904$ & $-0.0184249$ & $-0.0554006$ & $0.0839146$ & $-0.0147081$ & $-0.1447$ & $0.088781$ & $-0.398255$ & $0.202744$ & $-0.130415$ & $0.0049754$ & $0.201509$ & $0.0343419$ & $-0.197877$ & $-0.0935217$ & $-0.182416$ & $0.364089$ & $-0.215486$ & $-0.301055$ & $0.238827$ \\
dAle5Mz & $0.200535$ & $1$ & $0.523799$ & $-0.481378$ & $0.0395385$ & $-0.0933043$ & $0.0153403$ & $-0.0526555$ & $-0.0596388$ & $0.050825$ & $0.0353164$ & $0.00813108$ & $-0.0065251$ & $-0.0265863$ & $-0.0600129$ & $-0.109304$ & $0.0627997$ & $0.0494766$ & $0.079446$ & $-0.0360087$ & $-0.0185591$ & $-0.0233673$ & $0.0715246$ & $0.0425033$ & $0.109659$ & $0.00666851$ & $0.176649$ & $0.0298026$ & $-0.0314812$ & $0.0175378$ & $0.0385029$ & $0.0412206$ & $0.0303516$ & $0.0537562$ & $0.370899$ & $0.366805$ & $-0.27213$ & $0.119572$ & $-0.0115856$ & $-0.0880169$ & $0.188365$ & $-0.238724$ & $-0.20711$ & $0.282855$ & $-0.111581$ & $-0.177445$ & $0.110638$ & $-0.309678$ & $0.119206$ \\
mtop & $0.0978137$ & $0.523799$ & $1$ & $-0.203069$ & $0.0224534$ & $-0.0900175$ & $0.0111135$ & $-0.0476456$ & $-0.0365544$ & $0.0616357$ & $0.0581526$ & $0.158236$ & $0.126118$ & $-0.0677055$ & $-0.0586982$ & $-0.0593622$ & $0.0061088$ & $0.00280255$ & $-0.00113349$ & $-0.058694$ & $-0.0491768$ & $-0.0530813$ & $0.0272407$ & $0.00172396$ & $0.0122678$ & $0.0227425$ & $0.0551504$ & $-0.0288183$ & $0.0637113$ & $0.141052$ & $0.144841$ & $0.0651289$ & $0.156159$ & $0.0417146$ & $0.292283$ & $0.308916$ & $-0.221248$ & $0.0678167$ & $-0.318305$ & $-0.127732$ & $0.163163$ & $-0.0854022$ & $0.0547938$ & $0.114644$ & $-0.0345545$ & $-0.0797431$ & $0.527665$ & $-0.238039$ & $0.1007$ \\
mHl & $-0.120387$ & $-0.481378$ & $-0.203069$ & $1$ & $-0.0206635$ & $0.00869071$ & $-0.107055$ & $-0.0348893$ & $-0.0305403$ & $-0.0128502$ & $0.0568694$ & $0.0735628$ & $0.0711247$ & $-0.0474807$ & $0.0500186$ & $0.0374522$ & $-0.058888$ & $-0.0717524$ & $-0.0585458$ & $-0.0520629$ & $-0.0691749$ & $-0.0651234$ & $0.0316574$ & $-0.00071317$ & $-0.103931$ & $-0.0260841$ & $-0.184115$ & $-0.0549662$ & $0.0341256$ & $0.0654718$ & $0.00953834$ & $-0.114381$ & $0.0277418$ & $-0.103548$ & $-0.585773$ & $-0.208366$ & $0.1802$ & $-0.0239328$ & $0.115136$ & $0.119886$ & $-0.26997$ & $0.117218$ & $0.0976715$ & $-0.438407$ & $0.160121$ & $0.0573128$ & $-0.117473$ & $-0.275878$ & $-0.218781$ \\
Mz & $0.0430879$ & $0.0395385$ & $0.0224534$ & $-0.0206635$ & $1$ & $-0.0118783$ & $-0.034557$ & $0.0225455$ & $0.0185381$ & $-0.0161977$ & $-0.00707032$ & $-0.00773013$ & $-0.000742185$ & $-0.0051476$ & $0.00978752$ & $0.0223941$ & $-0.0157843$ & $-0.0195429$ & $-0.025945$ & $0.0144417$ & $0.0145331$ & $0.0146327$ & $0.0418875$ & $-0.0191629$ & $-0.0139001$ & $-0.0343987$ & $0.0216007$ & $0.0310571$ & $0.0015526$ & $-0.00195763$ & $0.00218597$ & $-0.0454154$ & $-0.00504853$ & $0.0123197$ & $-0.0126831$ & $0.0464783$ & $-0.0120199$ & $0.0247046$ & $0.0267746$ & $0.0187401$ & $-0.0436134$ & $0.0336967$ & $-0.0459494$ & $0.0131191$ & $-0.00913091$ & $-0.000702597$ & $-0.0448213$ & $-0.0110403$ & $-0.0129424$ \\
CW & $-0.0968094$ & $-0.0933043$ & $-0.0900175$ & $0.00869071$ & $-0.0118783$ & $1$ & $0.063044$ & $0.0294329$ & $0.0318176$ & $-0.0132417$ & $0.104878$ & $-0.0314707$ & $-0.0592515$ & $-0.0258221$ & $-0.0966924$ & $-0.0858367$ & $-0.400938$ & $-0.190379$ & $-0.198219$ & $-0.104498$ & $-0.103817$ & $-0.101827$ & $0.00878554$ & $-0.195668$ & $-0.23268$ & $0.0689555$ & $0.00487287$ & $-0.0678282$ & $-0.0189945$ & $-0.0649448$ & $-0.0380449$ & $0.0609448$ & $-0.0600452$ & $-0.0308604$ & $-0.0125705$ & $-0.0233275$ & $0.0782305$ & $0.00492607$ & $-0.0831436$ & $0.00386306$ & $-0.0711377$ & $0.011774$ & $0.0569789$ & $0.105023$ & $0.0554355$ & $0.02327$ & $-0.0153275$ & $0.119152$ & $0.00153569$ \\
CHG & $-0.0570329$ & $0.0153403$ & $0.0111135$ & $-0.107055$ & $-0.034557$ & $0.063044$ & $1$ & $0.0538315$ & $0.0755897$ & $0.0926119$ & $-0.0109392$ & $-0.67092$ & $-0.715169$ & $-0.0368312$ & $-0.105861$ & $-0.0747717$ & $-0.07018$ & $-0.014327$ & $-0.0346879$ & $0.000563204$ & $0.024679$ & $0.0217775$ & $0.0513651$ & $-0.0970785$ & $0.02987$ & $0.0183623$ & $0.259059$ & $0.00777342$ & $-0.137515$ & $-0.508362$ & $-0.278913$ & $0.949037$ & $-0.561574$ & $0.145752$ & $0.0409858$ & $0.0722017$ & $-0.103002$ & $-0.0234009$ & $0.12422$ & $0.00922981$ & $-0.116021$ & $0.0197069$ & $-0.0383544$ & $0.212429$ & $0.215454$ & $-0.000855552$ & $0.00103864$ & $0.11747$ & $-0.137535$ \\
CHWB & $-0.110212$ & $-0.0526555$ & $-0.0476456$ & $-0.0348893$ & $0.0225455$ & $0.0294329$ & $0.0538315$ & $1$ & $0.989853$ & $-0.534635$ & $-0.861536$ & $-0.14414$ & $-0.0582996$ & $0.269357$ & $0.479979$ & $0.490823$ & $-0.218976$ & $-0.396584$ & $-0.413199$ & $0.846678$ & $0.874453$ & $0.865454$ & $-0.0218783$ & $-0.596732$ & $-0.391616$ & $-0.560872$ & $0.343501$ & $0.369171$ & $0.0180652$ & $-0.00867753$ & $-0.0181704$ & $0.0455294$ & $0.00335257$ & $0.484598$ & $0.040085$ & $-0.0376985$ & $0.0355828$ & $0.00486428$ & $-0.0138465$ & $0.0698693$ & $-0.0958132$ & $-0.0413903$ & $0.00420403$ & $0.0561626$ & $-0.036628$ & $0.0634975$ & $0.0127724$ & $0.145329$ & $0.0997109$ \\
CHWHB_gaga & $-0.111823$ & $-0.0596388$ & $-0.0365544$ & $-0.0305403$ & $0.0185381$ & $0.0318176$ & $0.0755897$ & $0.989853$ & $1$ & $-0.530669$ & $-0.851219$ & $-0.126357$ & $-0.0459157$ & $0.264256$ & $0.476801$ & $0.491339$ & $-0.220851$ & $-0.396336$ & $-0.415261$ & $0.836909$ & $0.863431$ & $0.854955$ & $-0.0279005$ & $-0.592975$ & $-0.394667$ & $-0.552907$ & $0.329488$ & $0.359732$ & $0.0276809$ & $0.0154819$ & $-0.00295858$ & $0.0650778$ & $0.0287825$ & $0.477151$ & $0.0365747$ & $-0.0419223$ & $0.0382989$ & $0.00247137$ & $-0.0184576$ & $0.0723081$ & $-0.0952534$ & $-0.042941$ & $0.031734$ & $0.0568522$ & $-0.0272997$ & $0.0729269$ & $0.0171983$ & $0.142612$ & $0.0918445$ \\
CHWHB_gagaorth & $0.0248309$ & $0.050825$ & $0.0616357$ & $-0.0128502$ & $-0.0161977$ & $-0.0132417$ & $0.0926119$ & $-0.534635$ & $-0.530669$ & $1$ & $0.455624$ & $0.0343276$ & $-0.166444$ & $-0.13688$ & $-0.275844$ & $-0.275222$ & $0.129584$ & $0.231517$ & $0.235139$ & $-0.449523$ & $-0.460826$ & $-0.458453$ & $-0.00536378$ & $0.326685$ & $0.242141$ & $0.319994$ & $-0.135269$ & $-0.156642$ & $-0.0228437$ & $-0.17444$ & $-0.0943102$ & $0.0996144$ & $-0.209441$ & $-0.239226$ & $0.019651$ & $0.0169965$ & $-0.0624685$ & $-0.0244616$ & $0.0705852$ & $0.00983505$ & $-0.0337148$ & $0.0317965$ & $-0.057279$ & $0.0196834$ & $0.0746029$ & $-0.058653$ & $-0.0274312$ & $-0.0949773$ & $-0.0345352$ \\
CHD & $0.0920177$ & $0.0353164$ & $0.0581526$ & $0.0568694$ & $-0.00707032$ & $0.104878$ & $-0.0109392$ & $-0.861536$ & $-0.851219$ & $0.455624$ & $1$ & $0.106559$ & $-0.0186233$ & $-0.677733$ & $-0.593057$ & $-0.600916$ & $-0.277397$ & $-0.0525923$ & $-0.0361124$ & $-0.995159$ & $-0.995287$ & $-0.982451$ & $0.0853181$ & $0.152928$ & $-0.0755274$ & $0.638$ & $-0.20461$ & $-0.425963$ & $-0.0155429$ & $-0.052697$ & $-0.0252873$ & $-0.00259035$ & $-0.0612273$ & $-0.270805$ & $-0.0601638$ & $0.0703196$ & $-0.0578979$ & $0.0367809$ & $-0.0622586$ & $-0.0226949$ & $-0.0199315$ & $0.01916$ & $-0.0365088$ & $0.0462258$ & $0.0637018$ & $-0.00721043$ & $-0.0153593$ & $-0.129656$ & $-0.0487077$ \\
CHbox & $0.0998822$ & $0.00813108$ & $0.158236$ & $0.0735628$ & $-0.00773013$ & $-0.0314707$ & $-0.67092$ & $-0.14414$ & $-0.126357$ & $0.0343276$ & $0.106559$ & $1$ & $0.936609$ & $-0.0139745$ & $0.034813$ & $0.0323386$ & $0.051753$ & $0.0329365$ & $0.0335959$ & $-0.0942378$ & $-0.120128$ & $-0.116425$ & $-0.102965$ & $0.118019$ & $-0.026531$ & $0.0788471$ & $-0.295912$ & $-0.0726017$ & $0.188306$ & $0.668808$ & $0.347435$ & $-0.567236$ & $0.727737$ & $-0.168545$ & $0.0189797$ & $-0.113464$ & $0.0868873$ & $0.0390446$ & $-0.194947$ & $0.0521175$ & $0.11642$ & $-0.0797747$ & $0.110481$ & $-0.26272$ & $-0.178793$ & $0.0191596$ & $0.032355$ & $-0.212374$ & $0.261315$ \\
CH & $0.0716122$ & $-0.0065251$ & $0.126118$ & $0.0711247$ & $-0.000742185$ & $-0.0592515$ & $-0.715169$ & $-0.0582996$ & $-0.0459157$ & $-0.166444$ & $-0.0186233$ & $0.936609$ & $1$ & $0.101442$ & $0.118896$ & $0.106126$ & $0.12697$ & $0.0735758$ & $0.078781$ & $0.0294402$ & $0.0030187$ & $0.0038299$ & $-0.123512$ & $0.137548$ & $0.0104451$ & $-0.00241751$ & $-0.307987$ & $-0.0248112$ & $0.19658$ & $0.677147$ & $0.367474$ & $-0.624235$ & $0.734064$ & $-0.161707$ & $0.00183457$ & $-0.106415$ & $0.106808$ & $0.0356307$ & $-0.181623$ & $0.0342518$ & $0.155522$ & $-0.0655859$ & $0.128256$ & $-0.269945$ & $-0.200872$ & $0.0194692$ & $0.0435304$ & $-0.152892$ & $0.204544$ \\
CHL1_11 & $-0.0543828$ & $-0.0265863$ & $-0.0677055$ & $-0.0474807$ & $-0.0051476$ & $-0.0258221$ & $-0.0368312$ & $0.269357$ & $0.264256$ & $-0.13688$ & $-0.677733$ & $-0.0139745$ & $0.101442$ & $1$ & $0.400418$ & $0.398366$ & $0.635923$ & $0.606783$ & $0.599151$ & $0.685822$ & $0.653545$ & $0.641783$ & $-0.115557$ & $0.464691$ & $0.611787$ & $-0.422209$ & $-0.0707774$ & $0.28084$ & $0.00350535$ & $0.0922604$ & $0.0629881$ & $-0.0434619$ & $0.0918682$ & $-0.184732$ & $0.0487969$ & $-0.0841865$ & $0.0880184$ & $-0.0765324$ & $0.118006$ & $-0.0536661$ & $0.164176$ & $0.00968314$ & $0.0729293$ & $-0.147243$ & $-0.0728529$ & $-0.0640401$ & $0.0166963$ & $0.0742163$ & $-0.0412066$ \\
CHL1_22 & $-0.070187$ & $-0.0600129$ & $-0.0586982$ & $0.0500186$ & $0.00978752$ & $-0.0966924$ & $-0.105861$ & $0.479979$ & $0.476801$ & $-0.275844$ & $-0.593057$ & $0.034813$ & $0.118896$ & $0.400418$ & $1$ & $0.486489$ & $0.186742$ & $-0.302305$ & $0.0323361$ & $0.628952$ & $0.54247$ & $0.534218$ & $-0.134823$ & $0.0424977$ & $-0.0309689$ & $-0.365461$ & $-0.270524$ & $0.240943$ & $0.0540784$ & $0.115454$ & $0.0564652$ & $-0.103766$ & $0.105123$ & $-0.490177$ & $-0.00913242$ & $-0.021451$ & $0.0667754$ & $-0.0284449$ & $0.101654$ & $-0.00382161$ & $-0.0451889$ & $0.0704807$ & $0.10088$ & $-0.0294075$ & $-0.01418$ & $0.00457386$ & $0.00327184$ & $0.0756781$ & $-0.0458993$ \\
CHL1_33 & $-0.0904712$ & $-0.109304$ & $-0.0593622$ & $0.0374522$ & $0.0223941$ & $-0.0858367$ & $-0.0747717$ & $0.490823$ & $0.491339$ & $-0.275222$ & $-0.600916$ & $0.0323386$ & $0.106126$ & $0.398366$ & $0.486489$ & $1$ & $0.188194$ & $0.0409302$ & $-0.297249$ & $0.635834$ & $0.552909$ & $0.567355$ & $-0.152099$ & $0.0346255$ & $-0.0318681$ & $-0.356467$ & $-0.255198$ & $0.232669$ & $0.0369179$ & $0.115474$ & $0.0669727$ & $-0.0637629$ & $0.104274$ & $0.0492691$ & $0.00100213$ & $-0.0287038$ & $0.0739073$ & $-0.0668593$ & $0.0940154$ & $-0.00835208$ & $-0.0247774$ & $0.05635$ & $0.170095$ & $-0.0090952$ & $0.0508904$ & $0.0195973$ & $0.00121428$ & $0.064378$ & $-0.0642859$ \\
CHL3_11 & $0.051632$ & $0.0627997$ & $0.0061088$ & $-0.058888$ & $-0.0157843$ & $-0.400938$ & $-0.07018$ & $-0.218976$ & $-0.220851$ & $0.129584$ & $-0.277397$ & $0.051753$ & $0.12697$ & $0.635923$ & $0.186742$ & $0.188194$ & $1$ & $0.814772$ & $0.81137$ & $0.286208$ & $0.256677$ & $0.248226$ & $-0.107582$ & $0.773101$ & $0.857498$ & $-0.156864$ & $-0.171345$ & $0.123105$ & $-0.0117501$ & $0.106439$ & $0.0769515$ & $-0.0714858$ & $0.104783$ & $-0.249791$ & $0.0473733$ & $-0.0576338$ & $0.0130456$ & $-0.0669512$ & $0.133473$ & $-0.0718221$ & $0.204786$ & $0.0364918$ & $0.0266784$ & $-0.18923$ & $-0.0533015$ & $-0.105286$ & $0.00285416$ & $-0.0432748$ & $-0.0739134$ \\
CHL3_22 & $0.0521653$ & $0.0494766$ & $0.00280255$ & $-0.0717524$ & $-0.0195429$ & $-0.190379$ & $-0.014327$ & $-0.396584$ & $-0.396336$ & $0.231517$ & $-0.0525923$ & $0.0329365$ & $0.0735758$ & $0.606783$ & $-0.302305$ & $0.0409302$ & $0.814772$ & $1$ & $0.76869$ & $0.0520522$ & $0.0491263$ & $0.0469555$ & $-0.0529273$ & $0.749252$ & $0.861273$ & $-0.0199526$ & $-0.0736283$ & $0.0237987$ & $-0.0338649$ & $0.0525159$ & $0.0507992$ & $-0.0162725$ & $0.0523181$ & $-0.0429906$ & $0.047123$ & $-0.0574025$ & $0.0157684$ & $-0.0684085$ & $0.0884212$ & $-0.0794472$ & $0.232025$ & $-0.00150296$ & $0.0133266$ & $-0.170081$ & $-0.0426306$ & $-0.100813$ & $0.00450294$ & $-0.0482793$ & $-0.0632551$ \\
CHL3_33 & $0.0655758$ & $0.079446$ & $-0.00113349$ & $-0.0585458$ & $-0.025945$ & $-0.198219$ & $-0.0346879$ & $-0.413199$ & $-0.415261$ & $0.235139$ & $-0.0361124$ & $0.0335959$ & $0.078781$ & $0.599151$ & $0.0323361$ & $-0.297249$ & $0.81137$ & $0.76869$ & $1$ & $0.0360339$ & $0.0320352$ & $0.0278225$ & $-0.0364079$ & $0.754498$ & $0.864419$ & $-0.0195033$ & $-0.0779581$ & $0.0262105$ & $-0.0233628$ & $0.0511911$ & $0.0443763$ & $-0.0425903$ & $0.0522422$ & $-0.406457$ & $0.0361867$ & $-0.0519807$ & $0.00970683$ & $-0.0407786$ & $0.0979227$ & $-0.0771889$ & $0.21934$ & $0.00900175$ & $-0.0341106$ & $-0.18457$ & $-0.084244$ & $-0.108584$ & $0.0010972$ & $-0.0431822$ & $-0.049511$ \\
CHe_11 & $-0.0930398$ & $-0.0360087$ & $-0.058694$ & $-0.0520629$ & $0.0144417$ & $-0.104498$ & $0.000563204$ & $0.846678$ & $0.836909$ & $-0.449523$ & $-0.995159$ & $-0.0942378$ & $0.0294402$ & $0.685822$ & $0.628952$ & $0.635834$ & $0.286208$ & $0.0520522$ & $0.0360339$ & $1$ & $0.986058$ & $0.974126$ & $-0.0949375$ & $-0.124023$ & $0.0826175$ & $-0.633816$ & $0.158992$ & $0.422206$ & $0.0196433$ & $0.062498$ & $0.030253$ & $-0.00583031$ & $0.0683182$ & $0.219339$ & $0.0586776$ & $-0.0668629$ & $0.0617894$ & $-0.0396702$ & $0.0715935$ & $0.0167378$ & $0.018077$ & $-0.0128556$ & $0.0490745$ & $-0.0439744$ & $-0.0584254$ & $0.00542593$ & $0.0132892$ & $0.126951$ & $0.0374448$ \\
CHe_22 & $-0.0888616$ & $-0.0185591$ & $-0.0491768$ & $-0.0691749$ & $0.0145331$ & $-0.103817$ & $0.024679$ & $0.874453$ & $0.863431$ & $-0.460826$ & $-0.995287$ & $-0.120128$ & $0.0030187$ & $0.653545$ & $0.54247$ & $0.552909$ & $0.256677$ & $0.0491263$ & $0.0320352$ & $0.986058$ & $1$ & $0.984561$ & $-0.0713366$ & $-0.191462$ & $0.0630065$ & $-0.637747$ & $0.261334$ & $0.427392$ & $0.0115625$ & $0.0402732$ & $0.0186839$ & $0.0152704$ & $0.0508989$ & $0.333394$ & $0.0668865$ & $-0.0670226$ & $0.0483491$ & $-0.0307138$ & $0.0524108$ & $0.0271005$ & $0.0203937$ & $-0.0311912$ & $0.0195454$ & $-0.0387274$ & $-0.0688035$ & $0.00825146$ & $0.0162545$ & $0.127693$ & $0.0621145$ \\
CHe_33 & $-0.0891212$ & $-0.0233673$ & $-0.0530813$ & $-0.0651234$ & $0.0146327$ & $-0.101827$ & $0.0217775$ & $0.865454$ & $0.854955$ & $-0.458453$ & $-0.982451$ & $-0.116425$ & $0.0038299$ & $0.641783$ & $0.534218$ & $0.567355$ & $0.248226$ & $0.0469555$ & $0.0278225$ & $0.974126$ & $0.984561$ & $1$ & $-0.0685214$ & $-0.190915$ & $0.058475$ & $-0.629487$ & $0.257995$ & $0.425448$ & $0.00901148$ & $0.0419343$ & $0.0214991$ & $0.014129$ & $0.0560522$ & $0.333766$ & $0.0682023$ & $-0.064148$ & $0.0492156$ & $-0.0282448$ & $0.0584857$ & $0.0258762$ & $0.0179087$ & $-0.0321666$ & $0.025309$ & $-0.0322635$ & $-0.0635132$ & $0.0114668$ & $0.0134489$ & $0.12867$ & $0.0681854$ \\
CHQ1_11 & $0.0226776$ & $0.0715246$ & $0.0272407$ & $0.0316574$ & $0.0418875$ & $0.00878554$ & $0.0513651$ & $-0.0218783$ & $-0.0279005$ & $-0.00536378$ & $0.0853181$ & $-0.102965$ & $-0.123512$ & $-0.115557$ & $-0.134823$ & $-0.152099$ & $-0.107582$ & $-0.0529273$ & $-0.0364079$ & $-0.0949375$ & $-0.0713366$ & $-0.0685214$ & $1$ & $-0.102983$ & $0.00268372$ & $-0.581129$ & $0.268971$ & $-0.0273692$ & $-0.0426711$ & $-0.0880205$ & $-0.040373$ & $0.0324779$ & $-0.0959733$ & $0.0995325$ & $-0.0208714$ & $0.087899$ & $-0.0278169$ & $-0.0014285$ & $0.00057061$ & $0.0397889$ & $-0.0178641$ & $-0.0702815$ & $-0.100637$ & $0.012333$ & $0.0124722$ & $0.0380573$ & $-0.0386091$ & $-0.0501834$ & $-0.0345453$ \\
CHQ1_33 & $0.0529403$ & $0.0425033$ & $0.00172396$ & $-0.00071317$ & $-0.0191629$ & $-0.195668$ & $-0.0970785$ & $-0.596732$ & $-0.592975$ & $0.326685$ & $0.152928$ & $0.118019$ & $0.137548$ & $0.464691$ & $0.0424977$ & $0.0346255$ & $0.773101$ & $0.749252$ & $0.754498$ & $-0.124023$ & $-0.191462$ & $-0.190915$ & $-0.102983$ & $1$ & $0.783475$ & $0.122434$ & $-0.359138$ & $0.00111631$ & $0.00713437$ & $0.10061$ & $0.0636315$ & $-0.0942824$ & $0.0812723$ & $-0.569042$ & $0.0132634$ & $-0.0198425$ & $0.0217063$ & $-0.066059$ & $0.1184$ & $-0.0969761$ & $0.195525$ & $0.0458271$ & $0.0448253$ & $-0.172213$ & $-0.0183619$ & $-0.116532$ & $0.003213$ & $-0.0843906$ & $-0.125517$ \\
CHQ3_11 & $0.0283405$ & $0.109659$ & $0.0122678$ & $-0.103931$ & $-0.0139001$ & $-0.23268$ & $0.02987$ & $-0.391616$ & $-0.394667$ & $0.242141$ & $-0.0755274$ & $-0.026531$ & $0.0104451$ & $0.611787$ & $-0.0309689$ & $-0.0318681$ & $0.857498$ & $0.861273$ & $0.864419$ & $0.0826175$ & $0.0630065$ & $0.058475$ & $0.00268372$ & $0.783475$ & $1$ & $-0.0284739$ & $0.0890614$ & $0.025737$ & $-0.0475072$ & $0.00235651$ & $0.0140585$ & $0.020767$ & $-0.00111348$ & $-0.290809$ & $0.0627714$ & $-0.047427$ & $0.0116503$ & $-0.0533713$ & $0.0907824$ & $-0.0739317$ & $0.230713$ & $-0.0313715$ & $-0.0498608$ & $-0.1664$ & $-0.0913639$ & $-0.124363$ & $-0.000755134$ & $-0.0461464$ & $-0.0487236$ \\
CHu_11 & $0.034061$ & $0.00666851$ & $0.0227425$ & $-0.0260841$ & $-0.0343987$ & $0.0689555$ & $0.0183623$ & $-0.560872$ & $-0.552907$ & $0.319994$ & $0.638$ & $0.0788471$ & $-0.00241751$ & $-0.422209$ & $-0.365461$ & $-0.356467$ & $-0.156864$ & $-0.0199526$ & $-0.0195033$ & $-0.633816$ & $-0.637747$ & $-0.629487$ & $-0.581129$ & $0.122434$ & $-0.0284739$ & $1$ & $-0.117595$ & $-0.286829$ & $-0.00542509$ & $-0.0377438$ & $-0.0304686$ & $0.0330686$ & $-0.0361494$ & $-0.192149$ & $-0.00381448$ & $0.000440515$ & $-0.0360105$ & $0.0543687$ & $-0.0669299$ & $-0.0372861$ & $0.0095783$ & $0.023546$ & $-0.00302184$ & $0.0440547$ & $0.0122394$ & $-0.0440337$ & $0.0247455$ & $-0.038206$ & $0.0237911$ \\
CHd_11 & $-0.0117264$ & $0.176649$ & $0.0551504$ & $-0.184115$ & $0.0216007$ & $0.00487287$ & $0.259059$ & $0.343501$ & $0.329488$ & $-0.135269$ & $-0.20461$ & $-0.295912$ & $-0.307987$ & $-0.0707774$ & $-0.270524$ & $-0.255198$ & $-0.171345$ & $-0.0736283$ & $-0.0779581$ & $0.158992$ & $0.261334$ & $0.257995$ & $0.268971$ & $-0.359138$ & $0.0890614$ & $-0.117595$ & $1$ & $0.0714885$ & $-0.0754428$ & $-0.230772$ & $-0.151743$ & $0.232827$ & $-0.213479$ & $0.59803$ & $0.0938619$ & $0.0148907$ & $-0.0761781$ & $0.0672435$ & $-0.12546$ & $0.0669224$ & $0.0233783$ & $-0.192856$ & $-0.261139$ & $0.0545052$ & $-0.136748$ & $-0.00182885$ & $-0.00109436$ & $0.0315177$ & $0.182921$ \\
CHd_33 & $-0.036641$ & $0.0298026$ & $-0.0288183$ & $-0.0549662$ & $0.0310571$ & $-0.0678282$ & $0.00777342$ & $0.369171$ & $0.359732$ & $-0.156642$ & $-0.425963$ & $-0.0726017$ & $-0.0248112$ & $0.28084$ & $0.240943$ & $0.232669$ & $0.123105$ & $0.0237987$ & $0.0262105$ & $0.422206$ & $0.427392$ & $0.425448$ & $-0.0273692$ & $0.00111631$ & $0.025737$ & $-0.286829$ & $0.0714885$ & $1$ & $-0.00324214$ & $-0.0052578$ & $-0.00379463$ & $0.000100053$ & $-0.0109227$ & $0.13408$ & $0.0782287$ & $-0.0249689$ & $0.0076348$ & $-0.00162176$ & $0.104683$ & $0.0148719$ & $0.0241943$ & $-0.0251856$ & $-0.032198$ & $-0.00550951$ & $0.00711369$ & $-0.0399818$ & $0.00224684$ & $0.0502722$ & $0.0183491$ \\
CeH_22r & $0.0467611$ & $-0.0314812$ & $0.0637113$ & $0.0341256$ & $0.0015526$ & $-0.0189945$ & $-0.137515$ & $0.0180652$ & $0.0276809$ & $-0.0228437$ & $-0.0155429$ & $0.188306$ & $0.19658$ & $0.00350535$ & $0.0540784$ & $0.0369179$ & $-0.0117501$ & $-0.0338649$ & $-0.0233628$ & $0.0196433$ & $0.0115625$ & $0.00901148$ & $-0.0426711$ & $0.00713437$ & $-0.0475072$ & $-0.00542509$ & $-0.0754428$ & $-0.00324214$ & $1$ & $0.167528$ & $0.0961606$ & $-0.134456$ & $0.187449$ & $-0.0395213$ & $-0.0125925$ & $-0.00826785$ & $-0.00801297$ & $-0.00244398$ & $-0.0615244$ & $-0.0151955$ & $0.0143248$ & $-0.011859$ & $-0.0264605$ & $-0.0550792$ & $-0.0755008$ & $0.0371601$ & $-0.00349238$ & $-0.0238431$ & $0.0666987$ \\
CeH_33r & $0.053904$ & $0.0175378$ & $0.141052$ & $0.0654718$ & $-0.00195763$ & $-0.0649448$ & $-0.508362$ & $-0.00867753$ & $0.0154819$ & $-0.17444$ & $-0.052697$ & $0.668808$ & $0.677147$ & $0.0922604$ & $0.115454$ & $0.115474$ & $0.106439$ & $0.0525159$ & $0.0511911$ & $0.062498$ & $0.0402732$ & $0.0419343$ & $-0.0880205$ & $0.10061$ & $0.00235651$ & $-0.0377438$ & $-0.230772$ & $-0.0052578$ & $0.167528$ & $1$ & $0.455426$ & $-0.362477$ & $0.83482$ & $-0.108054$ & $-0.0196424$ & $-0.0270798$ & $0.0186242$ & $0.0130902$ & $-0.148837$ & $0.0159203$ & $0.130408$ & $-0.0664133$ & $0.0877064$ & $-0.187204$ & $-0.142355$ & $0.0299933$ & $0.0214036$ & $-0.14589$ & $0.114796$ \\
CuH_22r & $-0.0184249$ & $0.0385029$ & $0.144841$ & $0.00953834$ & $0.00218597$ & $-0.0380449$ & $-0.278913$ & $-0.0181704$ & $-0.00295858$ & $-0.0943102$ & $-0.0252873$ & $0.347435$ & $0.367474$ & $0.0629881$ & $0.0564652$ & $0.0669727$ & $0.0769515$ & $0.0507992$ & $0.0443763$ & $0.030253$ & $0.0186839$ & $0.0214991$ & $-0.040373$ & $0.0636315$ & $0.0140585$ & $-0.0304686$ & $-0.151743$ & $-0.00379463$ & $0.0961606$ & $0.455426$ & $1$ & $-0.174946$ & $0.525256$ & $-0.0629846$ & $-0.00439323$ & $0.0570433$ & $-0.00784798$ & $-0.0560742$ & $-0.098275$ & $-0.00974557$ & $0.150178$ & $-0.0704429$ & $0.050722$ & $-0.10834$ & $-0.0964333$ & $0.0341865$ & $0.153718$ & $-0.0654319$ & $0.0451818$ \\
CuH_33r & $-0.0554006$ & $0.0412206$ & $0.0651289$ & $-0.114381$ & $-0.0454154$ & $0.0609448$ & $0.949037$ & $0.0455294$ & $0.0650778$ & $0.0996144$ & $-0.00259035$ & $-0.567236$ & $-0.624235$ & $-0.0434619$ & $-0.103766$ & $-0.0637629$ & $-0.0714858$ & $-0.0162725$ & $-0.0425903$ & $-0.00583031$ & $0.0152704$ & $0.014129$ & $0.0324779$ & $-0.0942824$ & $0.020767$ & $0.0330686$ & $0.232827$ & $0.000100053$ & $-0.134456$ & $-0.362477$ & $-0.174946$ & $1$ & $-0.383858$ & $0.137279$ & $0.0603154$ & $0.0874095$ & $-0.1183$ & $-0.0133447$ & $0.095987$ & $0.0112039$ & $-0.0930666$ & $-0.00441724$ & $-0.0275045$ & $0.202587$ & $0.200747$ & $0.00498202$ & $0.0253059$ & $0.0926921$ & $-0.101532$ \\
CdH_33r & $0.0839146$ & $0.0303516$ & $0.156159$ & $0.0277418$ & $-0.00504853$ & $-0.0600452$ & $-0.561574$ & $0.00335257$ & $0.0287825$ & $-0.209441$ & $-0.0612273$ & $0.727737$ & $0.734064$ & $0.0918682$ & $0.105123$ & $0.104274$ & $0.104783$ & $0.0523181$ & $0.0522422$ & $0.0683182$ & $0.0508989$ & $0.0560522$ & $-0.0959733$ & $0.0812723$ & $-0.00111348$ & $-0.0361494$ & $-0.213479$ & $-0.0109227$ & $0.187449$ & $0.83482$ & $0.525256$ & $-0.383858$ & $1$ & $-0.0847809$ & $0.0125864$ & $-0.0428668$ & $-0.00927497$ & $0.0164632$ & $-0.211852$ & $0.0236067$ & $0.150314$ & $-0.0836213$ & $0.0424793$ & $-0.17316$ & $-0.213921$ & $0.0525452$ & $0.0603843$ & $-0.132104$ & $0.258726$ \\
CLL_1221 & $-0.0147081$ & $0.0537562$ & $0.0417146$ & $-0.103548$ & $0.0123197$ & $-0.0308604$ & $0.145752$ & $0.484598$ & $0.477151$ & $-0.239226$ & $-0.270805$ & $-0.168545$ & $-0.161707$ & $-0.184732$ & $-0.490177$ & $0.0492691$ & $-0.249791$ & $-0.0429906$ & $-0.406457$ & $0.219339$ & $0.333394$ & $0.333766$ & $0.0995325$ & $-0.569042$ & $-0.290809$ & $-0.192149$ & $0.59803$ & $0.13408$ & $-0.0395213$ & $-0.108054$ & $-0.0629846$ & $0.137279$ & $-0.0847809$ & $1$ & $0.0627796$ & $-0.00518046$ & $-0.0543544$ & $0.0331184$ & $-0.102155$ & $0.0721469$ & $-0.0402018$ & $-0.106522$ & $-0.108837$ & $0.0777468$ & $-0.0206756$ & $0.0442556$ & $0.00948346$ & $0.0413678$ & $0.14147$ \\
eHggint & $-0.1447$ & $0.370899$ & $0.292283$ & $-0.585773$ & $-0.0126831$ & $-0.0125705$ & $0.0409858$ & $0.040085$ & $0.0365747$ & $0.019651$ & $-0.0601638$ & $0.0189797$ & $0.00183457$ & $0.0487969$ & $-0.00913242$ & $0.00100213$ & $0.0473733$ & $0.047123$ & $0.0361867$ & $0.0586776$ & $0.0668865$ & $0.0682023$ & $-0.0208714$ & $0.0132634$ & $0.0627714$ & $-0.00381448$ & $0.0938619$ & $0.0782287$ & $-0.0125925$ & $-0.0196424$ & $-0.00439323$ & $0.0603154$ & $0.0125864$ & $0.0627796$ & $1$ & $0.184455$ & $-0.105551$ & $0.120415$ & $-0.00772354$ & $-0.160607$ & $0.111408$ & $-0.00281367$ & $0.0725874$ & $0.281804$ & $0.00719691$ & $-0.169835$ & $0.440862$ & $0.283688$ & $0.320071$ \\
eHggpar & $0.088781$ & $0.366805$ & $0.308916$ & $-0.208366$ & $0.0464783$ & $-0.0233275$ & $0.0722017$ & $-0.0376985$ & $-0.0419223$ & $0.0169965$ & $0.0703196$ & $-0.113464$ & $-0.106415$ & $-0.0841865$ & $-0.021451$ & $-0.0287038$ & $-0.0576338$ & $-0.0574025$ & $-0.0519807$ & $-0.0668629$ & $-0.0670226$ & $-0.064148$ & $0.087899$ & $-0.0198425$ & $-0.047427$ & $0.000440515$ & $0.0148907$ & $-0.0249689$ & $-0.00826785$ & $-0.0270798$ & $0.0570433$ & $0.0874095$ & $-0.0428668$ & $-0.00518046$ & $0.184455$ & $1$ & $-0.407898$ & $0.0501151$ & $0.0863348$ & $-0.214271$ & $0.247592$ & $-0.223969$ & $-0.100437$ & $0.413207$ & $0.0823674$ & $0.246634$ & $0.250921$ & $0.0448812$ & $-0.0957042$ \\
eHWWint & $-0.398255$ & $-0.27213$ & $-0.221248$ & $0.1802$ & $-0.0120199$ & $0.0782305$ & $-0.103002$ & $0.0355828$ & $0.0382989$ & $-0.0624685$ & $-0.0578979$ & $0.0868873$ & $0.106808$ & $0.0880184$ & $0.0667754$ & $0.0739073$ & $0.0130456$ & $0.0157684$ & $0.00970683$ & $0.0617894$ & $0.0483491$ & $0.0492156$ & $-0.0278169$ & $0.0217063$ & $0.0116503$ & $-0.0360105$ & $-0.0761781$ & $0.0076348$ & $-0.00801297$ & $0.0186242$ & $-0.00784798$ & $-0.1183$ & $-0.00927497$ & $-0.0543544$ & $-0.105551$ & $-0.407898$ & $1$ & $-0.0219351$ & $0.0768657$ & $0.114645$ & $-0.327436$ & $0.0932059$ & $0.230438$ & $-0.246007$ & $0.192975$ & $-0.534774$ & $-0.0792741$ & $0.374089$ & $-0.245028$ \\
eHWWpar & $0.202744$ & $0.119572$ & $0.0678167$ & $-0.0239328$ & $0.0247046$ & $0.00492607$ & $-0.0234009$ & $0.00486428$ & $0.00247137$ & $-0.0244616$ & $0.0367809$ & $0.0390446$ & $0.0356307$ & $-0.0765324$ & $-0.0284449$ & $-0.0668593$ & $-0.0669512$ & $-0.0684085$ & $-0.0407786$ & $-0.0396702$ & $-0.0307138$ & $-0.0282448$ & $-0.0014285$ & $-0.066059$ & $-0.0533713$ & $0.0543687$ & $0.0672435$ & $-0.00162176$ & $-0.00244398$ & $0.0130902$ & $-0.0560742$ & $-0.0133447$ & $0.0164632$ & $0.0331184$ & $0.120415$ & $0.0501151$ & $-0.0219351$ & $1$ & $0.0336422$ & $-0.0101758$ & $0.0803251$ & $0.0379032$ & $0.0407386$ & $-0.00598186$ & $-0.01462$ & $0.0153849$ & $0.0613505$ & $-0.0558453$ & $0.053345$ \\
eHZZint & $-0.130415$ & $-0.0115856$ & $-0.318305$ & $0.115136$ & $0.0267746$ & $-0.0831436$ & $0.12422$ & $-0.0138465$ & $-0.0184576$ & $0.0705852$ & $-0.0622586$ & $-0.194947$ & $-0.181623$ & $0.118006$ & $0.101654$ & $0.0940154$ & $0.133473$ & $0.0884212$ & $0.0979227$ & $0.0715935$ & $0.0524108$ & $0.0584857$ & $0.00057061$ & $0.1184$ & $0.0907824$ & $-0.0669299$ & $-0.12546$ & $0.104683$ & $-0.0615244$ & $-0.148837$ & $-0.098275$ & $0.095987$ & $-0.211852$ & $-0.102155$ & $-0.00772354$ & $0.0863348$ & $0.0768657$ & $0.0336422$ & $1$ & $-0.0412278$ & $-0.161339$ & $0.0442375$ & $0.126372$ & $0.103295$ & $0.247653$ & $0.0161666$ & $-0.324555$ & $0.064517$ & $-0.265516$ \\
eHZZpar & $0.0049754$ & $-0.0880169$ & $-0.127732$ & $0.119886$ & $0.0187401$ & $0.00386306$ & $0.00922981$ & $0.0698693$ & $0.0723081$ & $0.00983505$ & $-0.0226949$ & $0.0521175$ & $0.0342518$ & $-0.0536661$ & $-0.00382161$ & $-0.00835208$ & $-0.0718221$ & $-0.0794472$ & $-0.0771889$ & $0.0167378$ & $0.0271005$ & $0.0258762$ & $0.0397889$ & $-0.0969761$ & $-0.0739317$ & $-0.0372861$ & $0.0669224$ & $0.0148719$ & $-0.0151955$ & $0.0159203$ & $-0.00974557$ & $0.0112039$ & $0.0236067$ & $0.0721469$ & $-0.160607$ & $-0.214271$ & $0.114645$ & $-0.0101758$ & $-0.0412278$ & $1$ & $-0.260609$ & $0.0711349$ & $-0.00948286$ & $-0.0138144$ & $0.00013935$ & $0.0524258$ & $-0.197021$ & $-0.009714$ & $0.0710512$ \\
eHZgaint & $0.201509$ & $0.188365$ & $0.163163$ & $-0.26997$ & $-0.0436134$ & $-0.0711377$ & $-0.116021$ & $-0.0958132$ & $-0.0952534$ & $-0.0337148$ & $-0.0199315$ & $0.11642$ & $0.155522$ & $0.164176$ & $-0.0451889$ & $-0.0247774$ & $0.204786$ & $0.232025$ & $0.21934$ & $0.018077$ & $0.0203937$ & $0.0179087$ & $-0.0178641$ & $0.195525$ & $0.230713$ & $0.0095783$ & $0.0233783$ & $0.0241943$ & $0.0143248$ & $0.130408$ & $0.150178$ & $-0.0930666$ & $0.150314$ & $-0.0402018$ & $0.111408$ & $0.247592$ & $-0.327436$ & $0.0803251$ & $-0.161339$ & $-0.260609$ & $1$ & $-0.0961542$ & $0.0139341$ & $-0.215135$ & $-0.376832$ & $0.187764$ & $0.356632$ & $-0.284443$ & $0.038795$ \\
eHZgapar & $0.0343419$ & $-0.238724$ & $-0.0854022$ & $0.117218$ & $0.0336967$ & $0.011774$ & $0.0197069$ & $-0.0413903$ & $-0.042941$ & $0.0317965$ & $0.01916$ & $-0.0797747$ & $-0.0655859$ & $0.00968314$ & $0.0704807$ & $0.05635$ & $0.0364918$ & $-0.00150296$ & $0.00900175$ & $-0.0128556$ & $-0.0311912$ & $-0.0321666$ & $-0.0702815$ & $0.0458271$ & $-0.0313715$ & $0.023546$ & $-0.192856$ & $-0.0251856$ & $-0.011859$ & $-0.0664133$ & $-0.0704429$ & $-0.00441724$ & $-0.0836213$ & $-0.106522$ & $-0.00281367$ & $-0.223969$ & $0.0932059$ & $0.0379032$ & $0.0442375$ & $0.0711349$ & $-0.0961542$ & $1$ & $0.0964443$ & $-0.110251$ & $0.12894$ & $-4.39046e-05$ & $0.0217127$ & $0.0349995$ & $-0.0345106$ \\
eHgagaint & $-0.197877$ & $-0.20711$ & $0.0547938$ & $0.0976715$ & $-0.0459494$ & $0.0569789$ & $-0.0383544$ & $0.00420403$ & $0.031734$ & $-0.057279$ & $-0.0365088$ & $0.110481$ & $0.128256$ & $0.0729293$ & $0.10088$ & $0.170095$ & $0.0266784$ & $0.0133266$ & $-0.0341106$ & $0.0490745$ & $0.0195454$ & $0.025309$ & $-0.100637$ & $0.0448253$ & $-0.0498608$ & $-0.00302184$ & $-0.261139$ & $-0.032198$ & $-0.0264605$ & $0.0877064$ & $0.050722$ & $-0.0275045$ & $0.0424793$ & $-0.108837$ & $0.0725874$ & $-0.100437$ & $0.230438$ & $0.0407386$ & $0.126372$ & $-0.00948286$ & $0.0139341$ & $0.0964443$ & $1$ & $0.144316$ & $0.362275$ & $0.209772$ & $0.171034$ & $0.120312$ & $-0.329898$ \\
eHmumuint & $-0.0935217$ & $0.282855$ & $0.114644$ & $-0.438407$ & $0.0131191$ & $0.105023$ & $0.212429$ & $0.0561626$ & $0.0568522$ & $0.0196834$ & $0.0462258$ & $-0.26272$ & $-0.269945$ & $-0.147243$ & $-0.0294075$ & $-0.0090952$ & $-0.18923$ & $-0.170081$ & $-0.18457$ & $-0.0439744$ & $-0.0387274$ & $-0.0322635$ & $0.012333$ & $-0.172213$ & $-0.1664$ & $0.0440547$ & $0.0545052$ & $-0.00550951$ & $-0.0550792$ & $-0.187204$ & $-0.10834$ & $0.202587$ & $-0.17316$ & $0.0777468$ & $0.281804$ & $0.413207$ & $-0.246007$ & $-0.00598186$ & $0.103295$ & $-0.0138144$ & $-0.215135$ & $-0.110251$ & $0.144316$ & $1$ & $0.304895$ & $0.160427$ & $-0.0158361$ & $0.318784$ & $0.0660863$ \\
eHtautauint & $-0.182416$ & $-0.111581$ & $-0.0345545$ & $0.160121$ & $-0.00913091$ & $0.0554355$ & $0.215454$ & $-0.036628$ & $-0.0272997$ & $0.0746029$ & $0.0637018$ & $-0.178793$ & $-0.200872$ & $-0.0728529$ & $-0.01418$ & $0.0508904$ & $-0.0533015$ & $-0.0426306$ & $-0.084244$ & $-0.0584254$ & $-0.0688035$ & $-0.0635132$ & $0.0124722$ & $-0.0183619$ & $-0.0913639$ & $0.0122394$ & $-0.136748$ & $0.00711369$ & $-0.0755008$ & $-0.142355$ & $-0.0964333$ & $0.200747$ & $-0.213921$ & $-0.0206756$ & $0.00719691$ & $0.0823674$ & $0.192975$ & $-0.01462$ & $0.247653$ & $0.00013935$ & $-0.376832$ & $0.12894$ & $0.362275$ & $0.304895$ & $1$ & $-0.176363$ & $0.0864197$ & $0.269051$ & $-0.284135$ \\
eHccint & $0.364089$ & $-0.177445$ & $-0.0797431$ & $0.0573128$ & $-0.000702597$ & $0.02327$ & $-0.000855552$ & $0.0634975$ & $0.0729269$ & $-0.058653$ & $-0.00721043$ & $0.0191596$ & $0.0194692$ & $-0.0640401$ & $0.00457386$ & $0.0195973$ & $-0.105286$ & $-0.100813$ & $-0.108584$ & $0.00542593$ & $0.00825146$ & $0.0114668$ & $0.0380573$ & $-0.116532$ & $-0.124363$ & $-0.0440337$ & $-0.00182885$ & $-0.0399818$ & $0.0371601$ & $0.0299933$ & $0.0341865$ & $0.00498202$ & $0.0525452$ & $0.0442556$ & $-0.169835$ & $0.246634$ & $-0.534774$ & $0.0153849$ & $0.0161666$ & $0.0524258$ & $0.187764$ & $-4.39046e-05$ & $0.209772$ & $0.160427$ & $-0.176363$ & $1$ & $-0.132551$ & $-0.160442$ & $-0.0383205$ \\
eHccpar & $-0.215486$ & $0.110638$ & $0.527665$ & $-0.117473$ & $-0.0448213$ & $-0.0153275$ & $0.00103864$ & $0.0127724$ & $0.0171983$ & $-0.0274312$ & $-0.0153593$ & $0.032355$ & $0.0435304$ & $0.0166963$ & $0.00327184$ & $0.00121428$ & $0.00285416$ & $0.00450294$ & $0.0010972$ & $0.0132892$ & $0.0162545$ & $0.0134489$ & $-0.0386091$ & $0.003213$ & $-0.000755134$ & $0.0247455$ & $-0.00109436$ & $0.00224684$ & $-0.00349238$ & $0.0214036$ & $0.153718$ & $0.0253059$ & $0.0603843$ & $0.00948346$ & $0.440862$ & $0.250921$ & $-0.0792741$ & $0.0613505$ & $-0.324555$ & $-0.197021$ & $0.356632$ & $0.0217127$ & $0.171034$ & $-0.0158361$ & $0.0864197$ & $-0.132551$ & $1$ & $0.0421331$ & $0.121727$ \\
eHbbint & $-0.301055$ & $-0.309678$ & $-0.238039$ & $-0.275878$ & $-0.0110403$ & $0.119152$ & $0.11747$ & $0.145329$ & $0.142612$ & $-0.0949773$ & $-0.129656$ & $-0.212374$ & $-0.152892$ & $0.0742163$ & $0.0756781$ & $0.064378$ & $-0.0432748$ & $-0.0482793$ & $-0.0431822$ & $0.126951$ & $0.127693$ & $0.12867$ & $-0.0501834$ & $-0.0843906$ & $-0.0461464$ & $-0.038206$ & $0.0315177$ & $0.0502722$ & $-0.0238431$ & $-0.14589$ & $-0.0654319$ & $0.0926921$ & $-0.132104$ & $0.0413678$ & $0.283688$ & $0.0448812$ & $0.374089$ & $-0.0558453$ & $0.064517$ & $-0.009714$ & $-0.284443$ & $0.0349995$ & $0.120312$ & $0.318784$ & $0.269051$ & $-0.160442$ & $0.0421331$ & $1$ & $-0.0630382$ \\
eHbbpar & $0.238827$ & $0.119206$ & $0.1007$ & $-0.218781$ & $-0.0129424$ & $0.00153569$ & $-0.137535$ & $0.0997109$ & $0.0918445$ & $-0.0345352$ & $-0.0487077$ & $0.261315$ & $0.204544$ & $-0.0412066$ & $-0.0458993$ & $-0.0642859$ & $-0.0739134$ & $-0.0632551$ & $-0.049511$ & $0.0374448$ & $0.0621145$ & $0.0681854$ & $-0.0345453$ & $-0.125517$ & $-0.0487236$ & $0.0237911$ & $0.182921$ & $0.0183491$ & $0.0666987$ & $0.114796$ & $0.0451818$ & $-0.101532$ & $0.258726$ & $0.14147$ & $0.320071$ & $-0.0957042$ & $-0.245028$ & $0.053345$ & $-0.265516$ & $0.0710512$ & $0.038795$ & $-0.0345106$ & $-0.329898$ & $0.0660863$ & $-0.284135$ & $-0.0383205$ & $0.121727$ & $-0.0630382$ & $1$ \\
