 & AlsMz & dAle5Mz & mtop & mHl & Mz & CW & CHG & CHWB & CHWHB_gaga & CHWHB_gagaorth & CHD & CHbox & CH & CHL1_11 & CHL1_22 & CHL1_33 & CHL3_11 & CHL3_22 & CHL3_33 & CHe_11 & CHe_22 & CHe_33 & CHQ1_11 & CHQ1_33 & CHQ3_11 & CHu_11 & CHd_11 & CHd_33 & CeH_22r & CeH_33r & CuH_22r & CuH_33r & CdH_33r & CLL_1221 & eHggint & eHggpar & eHWWint & eHWWpar & eHZZint & eHZZpar & eHZgaint & eHZgapar & eHgagaint & eHmumuint & eHtautauint & eHccint & eHccpar & eHbbint & eHbbpar \\
AlsMz & $1$ & $-0.159886$ & $0.107625$ & $-0.143172$ & $0.0122969$ & $0.00105632$ & $0.0353868$ & $-0.0251156$ & $-0.0236688$ & $-0.00726457$ & $0.0116558$ & $-0.0620138$ & $-0.0437789$ & $-0.00986479$ & $-0.00676021$ & $0.0258$ & $0.0342154$ & $0.0260531$ & $0.00388849$ & $-0.0187061$ & $-0.0215173$ & $-0.0234519$ & $0.0110398$ & $-0.0247491$ & $-0.0499291$ & $-0.0172402$ & $-0.0281502$ & $0.0143929$ & $0.0298992$ & $-0.00969148$ & $0.017226$ & $0.0292465$ & $0.00527717$ & $-0.0111945$ & $0.0982549$ & $-0.1979$ & $-0.0128772$ & $0.0213676$ & $-0.0567795$ & $-0.0211918$ & $0.0578161$ & $0.00938617$ & $0.0216286$ & $0.0274656$ & $-0.0554657$ & $-0.0979732$ & $0.0141015$ & $-0.211332$ & $0.160728$ \\
dAle5Mz & $-0.159886$ & $1$ & $0.0474826$ & $-0.107396$ & $-0.0418204$ & $0.0465716$ & $0.0228829$ & $-0.0952901$ & $-0.0921438$ & $0.022185$ & $0.074334$ & $0.0115832$ & $-0.0220228$ & $0.000414206$ & $0.00908658$ & $-0.0155887$ & $0.00731337$ & $0.0150159$ & $0.0308082$ & $-0.0469878$ & $-0.059494$ & $-0.0584371$ & $-0.0195984$ & $0.0592049$ & $0.0209675$ & $0.0245498$ & $-0.0630654$ & $-0.0414246$ & $-0.0069369$ & $0.0429173$ & $0.0632276$ & $0.0205801$ & $0.0778777$ & $-0.0474794$ & $-0.0241807$ & $0.109531$ & $-0.117898$ & $0.0268938$ & $0.101157$ & $-0.0444757$ & $0.00734302$ & $-0.0437985$ & $0.03345$ & $-0.124716$ & $-0.0109724$ & $0.234567$ & $0.231118$ & $0.20176$ & $0.087546$ \\
mtop & $0.107625$ & $0.0474826$ & $1$ & $-0.0539746$ & $0.0146296$ & $-0.022869$ & $0.0264418$ & $0.0547643$ & $0.0686805$ & $-0.0640227$ & $-0.0645641$ & $-0.0509363$ & $0.0116139$ & $0.0272819$ & $0.0545854$ & $0.0439852$ & $0.0357107$ & $-0.0115711$ & $-0.00237732$ & $0.0724898$ & $0.0676789$ & $0.0703353$ & $-0.00346772$ & $-0.0243438$ & $-0.0131193$ & $-0.0355178$ & $-0.00726233$ & $0.0250549$ & $-0.0425396$ & $0.0342156$ & $0.0859733$ & $0.0338306$ & $0.0499075$ & $0.0086196$ & $0.0616239$ & $0.0395137$ & $-0.257718$ & $-0.0254861$ & $-0.281944$ & $0.0110382$ & $0.181398$ & $0.0765965$ & $0.212124$ & $0.0523279$ & $0.134927$ & $-0.00862197$ & $0.223844$ & $-0.16285$ & $0.0620057$ \\
mHl & $-0.143172$ & $-0.107396$ & $-0.0539746$ & $1$ & $0.0288203$ & $-0.0334249$ & $0.0421321$ & $0.0157084$ & $0.01946$ & $0.00903015$ & $8.53621e-05$ & $0.00191567$ & $-0.0274139$ & $-0.0170054$ & $0.0119801$ & $0.00364791$ & $-0.0270364$ & $-0.0344399$ & $-0.0241595$ & $-0.00321467$ & $-0.000979072$ & $-0.00185778$ & $0.0349753$ & $-0.00666379$ & $-0.00666814$ & $-0.020177$ & $0.0191263$ & $-0.00578983$ & $0.0216504$ & $0.0144052$ & $-0.0360049$ & $0.0339032$ & $0.00967884$ & $-0.00149456$ & $-0.165904$ & $0.108696$ & $0.069524$ & $-0.0246148$ & $0.0501556$ & $0.0453968$ & $-0.128517$ & $0.0686879$ & $0.0548352$ & $0.0312878$ & $0.217899$ & $-0.00170403$ & $-0.171049$ & $0.273565$ & $-0.0348227$ \\
Mz & $0.0122969$ & $-0.0418204$ & $0.0146296$ & $0.0288203$ & $1$ & $0.0406305$ & $-0.0157237$ & $-0.0436024$ & $-0.0462968$ & $0.0347153$ & $0.0538301$ & $0.0183511$ & $-0.018431$ & $-0.00865498$ & $-0.0361383$ & $-0.051526$ & $-0.00633835$ & $0.019366$ & $0.0230301$ & $-0.0474315$ & $-0.0436066$ & $-0.0462223$ & $0.000293534$ & $0.00759172$ & $0.0238077$ & $0.035581$ & $0.0138023$ & $-0.0644095$ & $-0.00682638$ & $0.00388737$ & $0.0343409$ & $-0.0114152$ & $0.00829768$ & $-0.0128828$ & $0.00493636$ & $-0.0287925$ & $0.0393105$ & $-0.00878685$ & $0.00460947$ & $0.0180006$ & $-0.0475288$ & $-0.00609318$ & $0.00217376$ & $0.0608725$ & $0.00183068$ & $-0.00770555$ & $0.027111$ & $-0.00365798$ & $0.0217442$ \\
CW & $0.00105632$ & $0.0465716$ & $-0.022869$ & $-0.0334249$ & $0.0406305$ & $1$ & $0.017881$ & $-0.117059$ & $-0.11484$ & $0.00438656$ & $0.179258$ & $0.017906$ & $-0.00876853$ & $0.0203186$ & $-0.0744543$ & $-0.0946417$ & $-0.27273$ & $-0.064946$ & $-0.0449936$ & $-0.177037$ & $-0.178668$ & $-0.171882$ & $-0.00176436$ & $-0.0031743$ & $-0.10516$ & $0.0891869$ & $-0.0814992$ & $-0.0381187$ & $0.0012182$ & $-0.0493$ & $-0.0178523$ & $0.0176167$ & $-0.0317981$ & $-0.122268$ & $0.0686775$ & $-0.0114554$ & $-0.00263285$ & $-0.0239313$ & $0.0201874$ & $-0.0247085$ & $-0.0283691$ & $0.0545465$ & $-0.049605$ & $-0.00775923$ & $0.00499954$ & $0.0118776$ & $-0.0495466$ & $0.00773552$ & $0.00128393$ \\
CHG & $0.0353868$ & $0.0228829$ & $0.0264418$ & $0.0421321$ & $-0.0157237$ & $0.017881$ & $1$ & $-0.0791956$ & $-0.0259399$ & $0.0352243$ & $0.0606389$ & $-0.149617$ & $-0.234994$ & $0.0138463$ & $-0.0267567$ & $-0.0210032$ & $0.0333621$ & $0.0553967$ & $0.0483806$ & $-0.0581801$ & $-0.0623841$ & $-0.062776$ & $-0.03127$ & $0.0663355$ & $0.0256073$ & $0.0351475$ & $-0.0592216$ & $-0.0141675$ & $0.00903153$ & $-0.119141$ & $-0.0763664$ & $0.935733$ & $-0.117586$ & $-0.041435$ & $-0.0403947$ & $-0.0387563$ & $-0.0183879$ & $-0.00184002$ & $-0.0281391$ & $-0.0137496$ & $0.0354938$ & $-0.000198515$ & $0.0504177$ & $-0.0313482$ & $-0.00638736$ & $-0.0992097$ & $-0.0387416$ & $-0.00954712$ & $0.0375866$ \\
CHWB & $-0.0251156$ & $-0.0952901$ & $0.0547643$ & $0.0157084$ & $-0.0436024$ & $-0.117059$ & $-0.0791956$ & $1$ & $0.983687$ & $-0.566475$ & $-0.88525$ & $-0.0366224$ & $0.307873$ & $0.128737$ & $0.278729$ & $0.30065$ & $-0.217289$ & $-0.403966$ & $-0.426072$ & $0.857428$ & $0.901004$ & $0.887167$ & $0.0777303$ & $-0.673432$ & $-0.369667$ & $-0.518077$ & $0.450641$ & $0.300939$ & $0.0385752$ & $0.1114$ & $0.0666127$ & $-0.077971$ & $0.0888986$ & $0.585419$ & $-0.04583$ & $0.0130608$ & $-0.00818231$ & $-0.0211112$ & $0.0015564$ & $0.0211409$ & $0.0327447$ & $0.00533655$ & $0.0844663$ & $0.0286985$ & $0.0285006$ & $-0.0541702$ & $0.0301709$ & $-0.0397345$ & $-0.0153203$ \\
CHWHB_gaga & $-0.0236688$ & $-0.0921438$ & $0.0686805$ & $0.01946$ & $-0.0462968$ & $-0.11484$ & $-0.0259399$ & $0.983687$ & $1$ & $-0.560764$ & $-0.867595$ & $-0.0266889$ & $0.30059$ & $0.11964$ & $0.272123$ & $0.297869$ & $-0.219653$ & $-0.401494$ & $-0.427141$ & $0.840112$ & $0.882925$ & $0.869629$ & $0.0734087$ & $-0.665684$ & $-0.368671$ & $-0.506313$ & $0.443324$ & $0.295469$ & $0.0428462$ & $0.134174$ & $0.0786851$ & $-0.0334537$ & $0.121456$ & $0.578375$ & $-0.0826058$ & $0.000522355$ & $-0.0258887$ & $-0.0249376$ & $0.00753605$ & $0.0255514$ & $0.0389931$ & $0.000682876$ & $0.141198$ & $0.0423764$ & $0.0356425$ & $-0.0560622$ & $0.0326292$ & $-0.0518734$ & $0.0043783$ \\
CHWHB_gagaorth & $-0.00726457$ & $0.022185$ & $-0.0640227$ & $0.00903015$ & $0.0347153$ & $0.00438656$ & $0.0352243$ & $-0.566475$ & $-0.560764$ & $1$ & $0.368727$ & $0.380931$ & $-0.199639$ & $0.195505$ & $-0.112628$ & $-0.116452$ & $0.399851$ & $0.454695$ & $0.45761$ & $-0.356301$ & $-0.384731$ & $-0.377501$ & $-0.0605087$ & $0.544829$ & $0.436734$ & $0.218618$ & $-0.262564$ & $-0.130806$ & $-0.0311594$ & $-0.12252$ & $-0.067732$ & $0.0511079$ & $-0.120524$ & $-0.358197$ & $0.0351852$ & $0.0218372$ & $0.0291406$ & $-0.0101151$ & $0.0348988$ & $0.00390608$ & $-0.0369508$ & $-0.00241479$ & $-0.0895911$ & $-0.0248664$ & $-0.0115443$ & $-0.00566456$ & $-0.0456678$ & $0.0679274$ & $0.000420876$ \\
CHD & $0.0116558$ & $0.074334$ & $-0.0645641$ & $8.53621e-05$ & $0.0538301$ & $0.179258$ & $0.0606389$ & $-0.88525$ & $-0.867595$ & $0.368727$ & $1$ & $0.160869$ & $-0.154424$ & $-0.528324$ & $-0.399823$ & $-0.416675$ & $-0.227517$ & $0.0460845$ & $0.070562$ & $-0.990465$ & $-0.991822$ & $-0.971968$ & $-0.0233511$ & $0.321531$ & $-0.00250195$ & $0.571266$ & $-0.327561$ & $-0.328489$ & $-0.0305099$ & $-0.071853$ & $-0.0516649$ & $0.0687746$ & $-0.0449045$ & $-0.40134$ & $0.0771851$ & $-0.00362458$ & $0.00407933$ & $0.0175064$ & $0.00592628$ & $-0.0282818$ & $-0.0506286$ & $0.00204254$ & $-0.0967732$ & $-0.0331152$ & $-0.0456237$ & $0.0510066$ & $-0.0553207$ & $0.0369863$ & $0.0126821$ \\
CHbox & $-0.0620138$ & $0.0115832$ & $-0.0509363$ & $0.00191567$ & $0.0183511$ & $0.017906$ & $-0.149617$ & $-0.0366224$ & $-0.0266889$ & $0.380931$ & $0.160869$ & $1$ & $0.627257$ & $-0.275245$ & $-0.0150753$ & $0.0168677$ & $-0.26637$ & $-0.22202$ & $-0.243631$ & $-0.145163$ & $-0.16272$ & $-0.146373$ & $-0.0137564$ & $-0.112159$ & $-0.221178$ & $0.0951743$ & $-0.0562287$ & $-0.0546124$ & $0.0345171$ & $0.313399$ & $0.108212$ & $-0.0590376$ & $0.379286$ & $-0.0247361$ & $0.0834523$ & $0.0382587$ & $-0.000929423$ & $-0.00982968$ & $0.0355581$ & $0.00728511$ & $-0.0800443$ & $-0.00696292$ & $-0.0926995$ & $0.0042266$ & $-0.0549391$ & $0.0275552$ & $-0.00622162$ & $0.0554224$ & $0.0246791$ \\
CH & $-0.0437789$ & $-0.0220228$ & $0.0116139$ & $-0.0274139$ & $-0.018431$ & $-0.00876853$ & $-0.234994$ & $0.307873$ & $0.30059$ & $-0.199639$ & $-0.154424$ & $0.627257$ & $1$ & $-0.2069$ & $0.0391823$ & $0.0729777$ & $-0.308182$ & $-0.31688$ & $-0.342409$ & $0.150921$ & $0.163836$ & $0.171138$ & $0.0487626$ & $-0.354068$ & $-0.308472$ & $-0.0996837$ & $0.143407$ & $0.0376143$ & $0.0263737$ & $0.26043$ & $0.127666$ & $-0.189916$ & $0.321283$ & $0.213579$ & $0.0551869$ & $0.0229992$ & $-0.0135127$ & $-0.00949966$ & $0.0170592$ & $0.00335401$ & $-0.0558939$ & $-0.00694152$ & $-0.00861412$ & $0.0447749$ & $-0.0297899$ & $0.0344353$ & $0.047023$ & $0.0269065$ & $0.0512577$ \\
CHL1_11 & $-0.00986479$ & $0.000414206$ & $0.0272819$ & $-0.0170054$ & $-0.00865498$ & $0.0203186$ & $0.0138463$ & $0.128737$ & $0.11964$ & $0.195505$ & $-0.528324$ & $-0.275245$ & $-0.2069$ & $1$ & $0.270435$ & $0.258614$ & $0.658414$ & $0.59229$ & $0.587731$ & $0.544777$ & $0.492733$ & $0.474352$ & $-0.071706$ & $0.439172$ & $0.598335$ & $-0.28531$ & $-0.0643215$ & $0.172821$ & $-0.00595928$ & $-0.0502352$ & $-0.00870627$ & $-0.00522467$ & $-0.067165$ & $-0.174855$ & $-0.0566653$ & $0.00167829$ & $0.00438531$ & $-0.00860141$ & $-0.00249792$ & $0.0283859$ & $0.0325905$ & $0.00749706$ & $0.0400261$ & $0.0157562$ & $0.044297$ & $-0.0187555$ & $0.0448287$ & $-0.0124076$ & $-0.0174123$ \\
CHL1_22 & $-0.00676021$ & $0.00908658$ & $0.0545854$ & $0.0119801$ & $-0.0361383$ & $-0.0744543$ & $-0.0267567$ & $0.278729$ & $0.272123$ & $-0.112628$ & $-0.399823$ & $-0.0150753$ & $0.0391823$ & $0.270435$ & $1$ & $0.428711$ & $0.172561$ & $-0.445296$ & $-0.0251152$ & $0.46362$ & $0.317941$ & $0.307764$ & $-0.183183$ & $0.122777$ & $-0.126294$ & $-0.196537$ & $-0.391204$ & $0.112205$ & $0.0238704$ & $0.0352805$ & $0.0413365$ & $-0.0292912$ & $0.0110615$ & $-0.585651$ & $-0.0425414$ & $0.00272311$ & $0.00130226$ & $-0.0107346$ & $-0.0286363$ & $-0.0168501$ & $0.0423753$ & $-0.00526567$ & $0.0317372$ & $0.00645126$ & $0.0158603$ & $-0.0312851$ & $0.0508687$ & $-0.00697212$ & $0.0202573$ \\
CHL1_33 & $0.0258$ & $-0.0155887$ & $0.0439852$ & $0.00364791$ & $-0.051526$ & $-0.0946417$ & $-0.0210032$ & $0.30065$ & $0.297869$ & $-0.116452$ & $-0.416675$ & $0.0168677$ & $0.0729777$ & $0.258614$ & $0.428711$ & $1$ & $0.170099$ & $-0.0140877$ & $-0.443261$ & $0.481709$ & $0.340238$ & $0.3633$ & $-0.183796$ & $0.103638$ & $-0.117105$ & $-0.19088$ & $-0.347615$ & $0.108811$ & $0.0255326$ & $0.0424874$ & $0.0364768$ & $-0.0149704$ & $0.0163537$ & $-0.0663925$ & $-0.0170202$ & $0.0132996$ & $0.0430198$ & $0.0296949$ & $0.00336614$ & $-0.00295709$ & $0.00112091$ & $-0.0143422$ & $0.0698374$ & $0.0168625$ & $0.0284996$ & $-0.0190023$ & $0.0569629$ & $-0.0251732$ & $0.0371204$ \\
CHL3_11 & $0.0342154$ & $0.00731337$ & $0.0357107$ & $-0.0270364$ & $-0.00633835$ & $-0.27273$ & $0.0333621$ & $-0.217289$ & $-0.219653$ & $0.399851$ & $-0.227517$ & $-0.26637$ & $-0.308182$ & $0.658414$ & $0.172561$ & $0.170099$ & $1$ & $0.734902$ & $0.725803$ & $0.248735$ & $0.197039$ & $0.18378$ & $-0.0668601$ & $0.658725$ & $0.77704$ & $-0.114959$ & $-0.144756$ & $0.0481661$ & $-0.0203456$ & $-0.0769055$ & $-0.0367449$ & $0.0127459$ & $-0.0840996$ & $-0.230534$ & $-0.0831906$ & $-0.0280101$ & $0.0031762$ & $0.00280732$ & $-0.0258906$ & $0.0163477$ & $0.05022$ & $-0.0346832$ & $0.0374282$ & $0.0163279$ & $0.0426461$ & $0.00378878$ & $0.0406839$ & $0.0114065$ & $0.00834069$ \\
CHL3_22 & $0.0260531$ & $0.0150159$ & $-0.0115711$ & $-0.0344399$ & $0.019366$ & $-0.064946$ & $0.0553967$ & $-0.403966$ & $-0.401494$ & $0.454695$ & $0.0460845$ & $-0.22202$ & $-0.31688$ & $0.59229$ & $-0.445296$ & $-0.0140877$ & $0.734902$ & $1$ & $0.666337$ & $-0.0486616$ & $-0.0384311$ & $-0.040591$ & $0.0122994$ & $0.598497$ & $0.792991$ & $0.0290462$ & $0.0106484$ & $-0.0206961$ & $-0.0340019$ & $-0.0973063$ & $-0.0542103$ & $0.0403332$ & $-0.0910178$ & $0.0527236$ & $-0.0308561$ & $-0.019364$ & $0.00928548$ & $0.0150009$ & $0.00162862$ & $0.026596$ & $0.00236004$ & $-0.0121595$ & $0.00385889$ & $0.00798002$ & $0.0254369$ & $0.0215664$ & $0.0130457$ & $0.0069679$ & $-0.00999469$ \\
CHL3_33 & $0.00388849$ & $0.0308082$ & $-0.00237732$ & $-0.0241595$ & $0.0230301$ & $-0.0449936$ & $0.0483806$ & $-0.426072$ & $-0.427141$ & $0.45761$ & $0.070562$ & $-0.243631$ & $-0.342409$ & $0.587731$ & $-0.0251152$ & $-0.443261$ & $0.725803$ & $0.666337$ & $1$ & $-0.0753255$ & $-0.0640397$ & $-0.0707801$ & $0.0202903$ & $0.606773$ & $0.788118$ & $0.0311485$ & $-0.00652251$ & $-0.0201087$ & $-0.0300714$ & $-0.106934$ & $-0.0552377$ & $0.0264165$ & $-0.100877$ & $-0.338952$ & $-0.0494372$ & $-0.0248432$ & $-0.015954$ & $-0.015169$ & $-0.0227858$ & $0.0140977$ & $0.0270613$ & $-0.002206$ & $-0.0223248$ & $-0.00673806$ & $0.0216297$ & $0.00887425$ & $0.0095386$ & $0.0218836$ & $-0.022946$ \\
CHe_11 & $-0.0187061$ & $-0.0469878$ & $0.0724898$ & $-0.00321467$ & $-0.0474315$ & $-0.177037$ & $-0.0581801$ & $0.857428$ & $0.840112$ & $-0.356301$ & $-0.990465$ & $-0.145163$ & $0.150921$ & $0.544777$ & $0.46362$ & $0.481709$ & $0.248735$ & $-0.0486616$ & $-0.0753255$ & $1$ & $0.974019$ & $0.955269$ & $-0.00321415$ & $-0.266211$ & $0.00797801$ & $-0.561926$ & $0.255073$ & $0.323406$ & $0.0289919$ & $0.0740931$ & $0.0579017$ & $-0.0641629$ & $0.0463332$ & $0.325704$ & $-0.077264$ & $0.00606876$ & $-0.00190066$ & $-0.013058$ & $-0.00712128$ & $0.0255531$ & $0.0474839$ & $-0.00247681$ & $0.0962166$ & $0.0303212$ & $0.046177$ & $-0.0465262$ & $0.0692738$ & $-0.0328591$ & $-0.00866314$ \\
CHe_22 & $-0.0215173$ & $-0.059494$ & $0.0676789$ & $-0.000979072$ & $-0.0436066$ & $-0.178668$ & $-0.0623841$ & $0.901004$ & $0.882925$ & $-0.384731$ & $-0.991822$ & $-0.16272$ & $0.163836$ & $0.492733$ & $0.317941$ & $0.340238$ & $0.197039$ & $-0.0384311$ & $-0.0640397$ & $0.974019$ & $1$ & $0.976474$ & $0.0533075$ & $-0.374361$ & $-0.00136945$ & $-0.57391$ & $0.403091$ & $0.328601$ & $0.0292591$ & $0.0731384$ & $0.0515383$ & $-0.070483$ & $0.0491333$ & $0.482277$ & $-0.0758457$ & $0.00717764$ & $-0.00983989$ & $-0.0197391$ & $-0.00234021$ & $0.0304086$ & $0.0486066$ & $-0.00246454$ & $0.0965407$ & $0.0296721$ & $0.0467984$ & $-0.0467145$ & $0.0543157$ & $-0.0313151$ & $-0.0167439$ \\
CHe_33 & $-0.0234519$ & $-0.0584371$ & $0.0703353$ & $-0.00185778$ & $-0.0462223$ & $-0.171882$ & $-0.062776$ & $0.887167$ & $0.869629$ & $-0.377501$ & $-0.971968$ & $-0.146373$ & $0.171138$ & $0.474352$ & $0.307764$ & $0.3633$ & $0.18378$ & $-0.040591$ & $-0.0707801$ & $0.955269$ & $0.976474$ & $1$ & $0.0541969$ & $-0.372818$ & $-0.00562123$ & $-0.561731$ & $0.398911$ & $0.324062$ & $0.0316783$ & $0.0763087$ & $0.0565493$ & $-0.0699386$ & $0.0489661$ & $0.481175$ & $-0.0743293$ & $0.0144064$ & $-0.00562042$ & $-0.0145839$ & $-0.00518915$ & $0.0242077$ & $0.0416652$ & $-0.00171989$ & $0.0950209$ & $0.0296683$ & $0.0511605$ & $-0.0455263$ & $0.0559257$ & $-0.0283435$ & $-0.0172117$ \\
CHQ1_11 & $0.0110398$ & $-0.0195984$ & $-0.00346772$ & $0.0349753$ & $0.000293534$ & $-0.00176436$ & $-0.03127$ & $0.0777303$ & $0.0734087$ & $-0.0605087$ & $-0.0233511$ & $-0.0137564$ & $0.0487626$ & $-0.071706$ & $-0.183183$ & $-0.183796$ & $-0.0668601$ & $0.0122994$ & $0.0202903$ & $-0.00321415$ & $0.0533075$ & $0.0541969$ & $1$ & $-0.145227$ & $0.0819843$ & $-0.676174$ & $0.356281$ & $0.0213356$ & $0.00732693$ & $0.0148914$ & $4.97289e-05$ & $-0.0179199$ & $0.0212762$ & $0.215795$ & $0.00315909$ & $-0.0151925$ & $-0.0161795$ & $-0.00866486$ & $0.0134547$ & $0.0107154$ & $0.0171889$ & $-0.00690655$ & $-0.00813581$ & $-0.00203832$ & $-0.00895999$ & $-0.0316659$ & $-0.0266216$ & $0.0123919$ & $-0.0226653$ \\
CHQ1_33 & $-0.0247491$ & $0.0592049$ & $-0.0243438$ & $-0.00666379$ & $0.00759172$ & $-0.0031743$ & $0.0663355$ & $-0.673432$ & $-0.665684$ & $0.544829$ & $0.321531$ & $-0.112159$ & $-0.354068$ & $0.439172$ & $0.122777$ & $0.103638$ & $0.658725$ & $0.598497$ & $0.606773$ & $-0.266211$ & $-0.374361$ & $-0.372818$ & $-0.145227$ & $1$ & $0.615573$ & $0.214505$ & $-0.441081$ & $-0.0298487$ & $-0.036694$ & $-0.110196$ & $-0.0491919$ & $0.0576948$ & $-0.110862$ & $-0.640182$ & $-0.0243974$ & $-0.0125298$ & $0.0173594$ & $0.0189793$ & $0.00644099$ & $-0.000567473$ & $0.0033433$ & $-0.000762968$ & $-0.0136828$ & $-0.00416044$ & $0.0149105$ & $0.0248225$ & $0.00722843$ & $0.00984805$ & $-0.00631149$ \\
CHQ3_11 & $-0.0499291$ & $0.0209675$ & $-0.0131193$ & $-0.00666814$ & $0.0238077$ & $-0.10516$ & $0.0256073$ & $-0.369667$ & $-0.368671$ & $0.436734$ & $-0.00250195$ & $-0.221178$ & $-0.308472$ & $0.598335$ & $-0.126294$ & $-0.117105$ & $0.77704$ & $0.792991$ & $0.788118$ & $0.00797801$ & $-0.00136945$ & $-0.00562123$ & $0.0819843$ & $0.615573$ & $1$ & $0.012693$ & $0.220948$ & $-0.007864$ & $-0.0217734$ & $-0.0984992$ & $-0.05902$ & $0.00501078$ & $-0.0931932$ & $-0.177521$ & $-0.0457262$ & $-0.0103595$ & $0.00608208$ & $-0.000884053$ & $0.0154174$ & $0.0265925$ & $0.012267$ & $-0.0132702$ & $-0.00291488$ & $0.00873447$ & $0.0212732$ & $0.0115483$ & $0.0229027$ & $0.0302883$ & $-0.0285145$ \\
CHu_11 & $-0.0172402$ & $0.0245498$ & $-0.0355178$ & $-0.020177$ & $0.035581$ & $0.0891869$ & $0.0351475$ & $-0.518077$ & $-0.506313$ & $0.218618$ & $0.571266$ & $0.0951743$ & $-0.0996837$ & $-0.28531$ & $-0.196537$ & $-0.19088$ & $-0.114959$ & $0.0290462$ & $0.0311485$ & $-0.561926$ & $-0.57391$ & $-0.561731$ & $-0.676174$ & $0.214505$ & $0.012693$ & $1$ & $-0.189331$ & $-0.19045$ & $-0.0208015$ & $-0.0563998$ & $-0.0462074$ & $0.0265574$ & $-0.0433397$ & $-0.267701$ & $0.0569284$ & $0.0112882$ & $0.0296651$ & $-0.00272718$ & $-0.0046688$ & $-0.00652898$ & $-0.0464484$ & $0.0111325$ & $-0.034966$ & $-0.0191949$ & $-0.0222535$ & $0.0389046$ & $-0.00671185$ & $0.00716985$ & $0.0230172$ \\
CHd_11 & $-0.0281502$ & $-0.0630654$ & $-0.00726233$ & $0.0191263$ & $0.0138023$ & $-0.0814992$ & $-0.0592216$ & $0.450641$ & $0.443324$ & $-0.262564$ & $-0.327561$ & $-0.0562287$ & $0.143407$ & $-0.0643215$ & $-0.391204$ & $-0.347615$ & $-0.144756$ & $0.0106484$ & $-0.00652251$ & $0.255073$ & $0.403091$ & $0.398911$ & $0.356281$ & $-0.441081$ & $0.220948$ & $-0.189331$ & $1$ & $0.117665$ & $0.016517$ & $0.0302023$ & $-0.00257397$ & $-0.0657721$ & $0.038352$ & $0.693021$ & $-0.0101444$ & $-0.00368616$ & $-0.0130616$ & $-0.0286541$ & $0.041563$ & $0.0368919$ & $0.00540298$ & $0.00685724$ & $0.0337915$ & $0.0157079$ & $0.000367474$ & $-0.0278957$ & $-0.00350351$ & $-0.0117222$ & $-0.0416212$ \\
CHd_33 & $0.0143929$ & $-0.0414246$ & $0.0250549$ & $-0.00578983$ & $-0.0644095$ & $-0.0381187$ & $-0.0141675$ & $0.300939$ & $0.295469$ & $-0.130806$ & $-0.328489$ & $-0.0546124$ & $0.0376143$ & $0.172821$ & $0.112205$ & $0.108811$ & $0.0481661$ & $-0.0206961$ & $-0.0201087$ & $0.323406$ & $0.328601$ & $0.324062$ & $0.0213356$ & $-0.0298487$ & $-0.007864$ & $-0.19045$ & $0.117665$ & $1$ & $-0.00920052$ & $0.0165629$ & $-0.00335453$ & $-0.018741$ & $-0.00982365$ & $0.149601$ & $-0.0565519$ & $0.00337655$ & $-0.0303625$ & $0.042173$ & $0.00957874$ & $-0.0127263$ & $0.0309719$ & $0.0320817$ & $0.0515032$ & $0.00106928$ & $0.0260221$ & $-0.0143357$ & $-0.00610433$ & $-0.0351089$ & $-0.021689$ \\
CeH_22r & $0.0298992$ & $-0.0069369$ & $-0.0425396$ & $0.0216504$ & $-0.00682638$ & $0.0012182$ & $0.00903153$ & $0.0385752$ & $0.0428462$ & $-0.0311594$ & $-0.0305099$ & $0.0345171$ & $0.0263737$ & $-0.00595928$ & $0.0238704$ & $0.0255326$ & $-0.0203456$ & $-0.0340019$ & $-0.0300714$ & $0.0289919$ & $0.0292591$ & $0.0316783$ & $0.00732693$ & $-0.036694$ & $-0.0217734$ & $-0.0208015$ & $0.016517$ & $-0.00920052$ & $1$ & $0.0441052$ & $0.053852$ & $-0.00974981$ & $0.0548008$ & $0.0107228$ & $-0.0390999$ & $-0.0121154$ & $-0.0246365$ & $0.00786619$ & $0.0260257$ & $0.0027764$ & $-0.0130814$ & $-0.00835559$ & $-0.0216893$ & $0.0400173$ & $-0.0245897$ & $0.0231599$ & $0.00997073$ & $0.00499742$ & $0.0109101$ \\
CeH_33r & $-0.00969148$ & $0.0429173$ & $0.0342156$ & $0.0144052$ & $0.00388737$ & $-0.0493$ & $-0.119141$ & $0.1114$ & $0.134174$ & $-0.12252$ & $-0.071853$ & $0.313399$ & $0.26043$ & $-0.0502352$ & $0.0352805$ & $0.0424874$ & $-0.0769055$ & $-0.0973063$ & $-0.106934$ & $0.0740931$ & $0.0731384$ & $0.0763087$ & $0.0148914$ & $-0.110196$ & $-0.0984992$ & $-0.0563998$ & $0.0302023$ & $0.0165629$ & $0.0441052$ & $1$ & $0.32122$ & $0.0285041$ & $0.677426$ & $0.0674193$ & $-0.0963297$ & $-0.0219187$ & $-0.186831$ & $-0.032478$ & $0.0432893$ & $0.0084993$ & $-0.0367956$ & $-0.0350347$ & $0.0227653$ & $0.00841808$ & $-0.00104925$ & $0.028731$ & $-0.0209045$ & $-0.0116956$ & $-0.0102851$ \\
CuH_22r & $0.017226$ & $0.0632276$ & $0.0859733$ & $-0.0360049$ & $0.0343409$ & $-0.0178523$ & $-0.0763664$ & $0.0666127$ & $0.0786851$ & $-0.067732$ & $-0.0516649$ & $0.108212$ & $0.127666$ & $-0.00870627$ & $0.0413365$ & $0.0364768$ & $-0.0367449$ & $-0.0542103$ & $-0.0552377$ & $0.0579017$ & $0.0515383$ & $0.0565493$ & $4.97289e-05$ & $-0.0491919$ & $-0.05902$ & $-0.0462074$ & $-0.00257397$ & $-0.00335453$ & $0.053852$ & $0.32122$ & $1$ & $0.0147338$ & $0.37391$ & $0.0220895$ & $-0.0147511$ & $-0.0547269$ & $-0.09112$ & $-0.0130917$ & $-0.0752283$ & $-0.00347207$ & $0.00378668$ & $0.00852125$ & $0.0285454$ & $0.0584033$ & $-0.0596425$ & $0.0887021$ & $0.228378$ & $-0.0688941$ & $0.0288765$ \\
CuH_33r & $0.0292465$ & $0.0205801$ & $0.0338306$ & $0.0339032$ & $-0.0114152$ & $0.0176167$ & $0.935733$ & $-0.077971$ & $-0.0334537$ & $0.0511079$ & $0.0687746$ & $-0.0590376$ & $-0.189916$ & $-0.00522467$ & $-0.0292912$ & $-0.0149704$ & $0.0127459$ & $0.0403332$ & $0.0264165$ & $-0.0641629$ & $-0.070483$ & $-0.0699386$ & $-0.0179199$ & $0.0576948$ & $0.00501078$ & $0.0265574$ & $-0.0657721$ & $-0.018741$ & $-0.00974981$ & $0.0285041$ & $0.0147338$ & $1$ & $0.0681579$ & $-0.0391529$ & $0.0157677$ & $-0.00462415$ & $-0.048263$ & $-0.0152361$ & $-0.0161417$ & $-0.0175859$ & $0.0195227$ & $-0.00680799$ & $0.0353323$ & $-0.0294151$ & $-0.0229809$ & $-0.0928835$ & $-0.0324198$ & $-0.00972311$ & $0.0392195$ \\
CdH_33r & $0.00527717$ & $0.0778777$ & $0.0499075$ & $0.00967884$ & $0.00829768$ & $-0.0317981$ & $-0.117586$ & $0.0888986$ & $0.121456$ & $-0.120524$ & $-0.0449045$ & $0.379286$ & $0.321283$ & $-0.067165$ & $0.0110615$ & $0.0163537$ & $-0.0840996$ & $-0.0910178$ & $-0.100877$ & $0.0463332$ & $0.0491333$ & $0.0489661$ & $0.0212762$ & $-0.110862$ & $-0.0931932$ & $-0.0433397$ & $0.038352$ & $-0.00982365$ & $0.0548008$ & $0.677426$ & $0.37391$ & $0.0681579$ & $1$ & $0.0701748$ & $-0.0936958$ & $0.00480137$ & $-0.227173$ & $-0.0378923$ & $-0.0159444$ & $-0.0226893$ & $-0.0379578$ & $-0.0404193$ & $0.0829344$ & $0.0738625$ & $-0.0531162$ & $0.0923848$ & $0.0299894$ & $0.114921$ & $0.380858$ \\
CLL_1221 & $-0.0111945$ & $-0.0474794$ & $0.0086196$ & $-0.00149456$ & $-0.0128828$ & $-0.122268$ & $-0.041435$ & $0.585419$ & $0.578375$ & $-0.358197$ & $-0.40134$ & $-0.0247361$ & $0.213579$ & $-0.174855$ & $-0.585651$ & $-0.0663925$ & $-0.230534$ & $0.0527236$ & $-0.338952$ & $0.325704$ & $0.482277$ & $0.481175$ & $0.215795$ & $-0.640182$ & $-0.177521$ & $-0.267701$ & $0.693021$ & $0.149601$ & $0.0107228$ & $0.0674193$ & $0.0220895$ & $-0.0391529$ & $0.0701748$ & $1$ & $-0.0169453$ & $0.00716761$ & $-0.0150076$ & $-0.00623023$ & $0.0227585$ & $0.0274634$ & $0.00117265$ & $-0.00872153$ & $0.0532945$ & $0.0152093$ & $0.0142865$ & $-0.00782753$ & $-0.00571101$ & $-0.0130384$ & $-0.0181058$ \\
eHggint & $0.0982549$ & $-0.0241807$ & $0.0616239$ & $-0.165904$ & $0.00493636$ & $0.0686775$ & $-0.0403947$ & $-0.04583$ & $-0.0826058$ & $0.0351852$ & $0.0771851$ & $0.0834523$ & $0.0551869$ & $-0.0566653$ & $-0.0425414$ & $-0.0170202$ & $-0.0831906$ & $-0.0308561$ & $-0.0494372$ & $-0.077264$ & $-0.0758457$ & $-0.0743293$ & $0.00315909$ & $-0.0243974$ & $-0.0457262$ & $0.0569284$ & $-0.0101444$ & $-0.0565519$ & $-0.0390999$ & $-0.0963297$ & $-0.0147511$ & $0.0157677$ & $-0.0936958$ & $-0.0169453$ & $1$ & $0.00866476$ & $0.172325$ & $0.0528607$ & $-0.142963$ & $0.0991163$ & $-0.0861883$ & $0.00519101$ & $-0.256608$ & $-0.0386891$ & $-0.0739723$ & $-0.0319291$ & $0.0746963$ & $-0.0260009$ & $-0.0187063$ \\
eHggpar & $-0.1979$ & $0.109531$ & $0.0395137$ & $0.108696$ & $-0.0287925$ & $-0.0114554$ & $-0.0387563$ & $0.0130608$ & $0.000522355$ & $0.0218372$ & $-0.00362458$ & $0.0382587$ & $0.0229992$ & $0.00167829$ & $0.00272311$ & $0.0132996$ & $-0.0280101$ & $-0.019364$ & $-0.0248432$ & $0.00606876$ & $0.00717764$ & $0.0144064$ & $-0.0151925$ & $-0.0125298$ & $-0.0103595$ & $0.0112882$ & $-0.00368616$ & $0.00337655$ & $-0.0121154$ & $-0.0219187$ & $-0.0547269$ & $-0.00462415$ & $0.00480137$ & $0.00716761$ & $0.00866476$ & $1$ & $-0.0541854$ & $-0.0124138$ & $0.227712$ & $0.00154437$ & $-0.0939167$ & $0.0662966$ & $-0.103475$ & $-0.161136$ & $0.0855187$ & $-0.0247934$ & $-0.13943$ & $0.205733$ & $0.0229524$ \\
eHWWint & $-0.0128772$ & $-0.117898$ & $-0.257718$ & $0.069524$ & $0.0393105$ & $-0.00263285$ & $-0.0183879$ & $-0.00818231$ & $-0.0258887$ & $0.0291406$ & $0.00407933$ & $-0.000929423$ & $-0.0135127$ & $0.00438531$ & $0.00130226$ & $0.0430198$ & $0.0031762$ & $0.00928548$ & $-0.015954$ & $-0.00190066$ & $-0.00983989$ & $-0.00562042$ & $-0.0161795$ & $0.0173594$ & $0.00608208$ & $0.0296651$ & $-0.0130616$ & $-0.0303625$ & $-0.0246365$ & $-0.186831$ & $-0.09112$ & $-0.048263$ & $-0.227173$ & $-0.0150076$ & $0.172325$ & $-0.0541854$ & $1$ & $0.0421533$ & $-0.0729723$ & $-0.000533607$ & $-0.0951297$ & $0.00981752$ & $-0.0167359$ & $-0.111151$ & $0.0123252$ & $-0.179152$ & $0.0969639$ & $0.0989122$ & $-0.049713$ \\
eHWWpar & $0.0213676$ & $0.0268938$ & $-0.0254861$ & $-0.0246148$ & $-0.00878685$ & $-0.0239313$ & $-0.00184002$ & $-0.0211112$ & $-0.0249376$ & $-0.0101151$ & $0.0175064$ & $-0.00982968$ & $-0.00949966$ & $-0.00860141$ & $-0.0107346$ & $0.0296949$ & $0.00280732$ & $0.0150009$ & $-0.015169$ & $-0.013058$ & $-0.0197391$ & $-0.0145839$ & $-0.00866486$ & $0.0189793$ & $-0.000884053$ & $-0.00272718$ & $-0.0286541$ & $0.042173$ & $0.00786619$ & $-0.032478$ & $-0.0130917$ & $-0.0152361$ & $-0.0378923$ & $-0.00623023$ & $0.0528607$ & $-0.0124138$ & $0.0421533$ & $1$ & $0.0114895$ & $-0.028648$ & $0.00946334$ & $-0.0195294$ & $0.00978831$ & $-0.0321236$ & $-0.00621916$ & $0.0202658$ & $-0.0219495$ & $-0.00931087$ & $0.0112816$ \\
eHZZint & $-0.0567795$ & $0.101157$ & $-0.281944$ & $0.0501556$ & $0.00460947$ & $0.0201874$ & $-0.0281391$ & $0.0015564$ & $0.00753605$ & $0.0348988$ & $0.00592628$ & $0.0355581$ & $0.0170592$ & $-0.00249792$ & $-0.0286363$ & $0.00336614$ & $-0.0258906$ & $0.00162862$ & $-0.0227858$ & $-0.00712128$ & $-0.00234021$ & $-0.00518915$ & $0.0134547$ & $0.00644099$ & $0.0154174$ & $-0.0046688$ & $0.041563$ & $0.00957874$ & $0.0260257$ & $0.0432893$ & $-0.0752283$ & $-0.0161417$ & $-0.0159444$ & $0.0227585$ & $-0.142963$ & $0.227712$ & $-0.0729723$ & $0.0114895$ & $1$ & $-0.0238085$ & $-0.133802$ & $-0.00699635$ & $0.0684931$ & $0.0434995$ & $-0.0496801$ & $0.0558483$ & $-0.150447$ & $0.21931$ & $-0.18084$ \\
eHZZpar & $-0.0211918$ & $-0.0444757$ & $0.0110382$ & $0.0453968$ & $0.0180006$ & $-0.0247085$ & $-0.0137496$ & $0.0211409$ & $0.0255514$ & $0.00390608$ & $-0.0282818$ & $0.00728511$ & $0.00335401$ & $0.0283859$ & $-0.0168501$ & $-0.00295709$ & $0.0163477$ & $0.026596$ & $0.0140977$ & $0.0255531$ & $0.0304086$ & $0.0242077$ & $0.0107154$ & $-0.000567473$ & $0.0265925$ & $-0.00652898$ & $0.0368919$ & $-0.0127263$ & $0.0027764$ & $0.0084993$ & $-0.00347207$ & $-0.0175859$ & $-0.0226893$ & $0.0274634$ & $0.0991163$ & $0.00154437$ & $-0.000533607$ & $-0.028648$ & $-0.0238085$ & $1$ & $-0.0618678$ & $-0.00476509$ & $-0.0132395$ & $0.00575097$ & $0.00503571$ & $-0.0349409$ & $-0.031727$ & $-0.0578149$ & $-0.0383328$ \\
eHZgaint & $0.0578161$ & $0.00734302$ & $0.181398$ & $-0.128517$ & $-0.0475288$ & $-0.0283691$ & $0.0354938$ & $0.0327447$ & $0.0389931$ & $-0.0369508$ & $-0.0506286$ & $-0.0800443$ & $-0.0558939$ & $0.0325905$ & $0.0423753$ & $0.00112091$ & $0.05022$ & $0.00236004$ & $0.0270613$ & $0.0474839$ & $0.0486066$ & $0.0416652$ & $0.0171889$ & $0.0033433$ & $0.012267$ & $-0.0464484$ & $0.00540298$ & $0.0309719$ & $-0.0130814$ & $-0.0367956$ & $0.00378668$ & $0.0195227$ & $-0.0379578$ & $0.00117265$ & $-0.0861883$ & $-0.0939167$ & $-0.0951297$ & $0.00946334$ & $-0.133802$ & $-0.0618678$ & $1$ & $-0.00251172$ & $0.167312$ & $-0.147901$ & $0.255117$ & $0.0100286$ & $0.0512043$ & $-0.168149$ & $-0.00479745$ \\
eHZgapar & $0.00938617$ & $-0.0437985$ & $0.0765965$ & $0.0686879$ & $-0.00609318$ & $0.0545465$ & $-0.000198515$ & $0.00533655$ & $0.000682876$ & $-0.00241479$ & $0.00204254$ & $-0.00696292$ & $-0.00694152$ & $0.00749706$ & $-0.00526567$ & $-0.0143422$ & $-0.0346832$ & $-0.0121595$ & $-0.002206$ & $-0.00247681$ & $-0.00246454$ & $-0.00171989$ & $-0.00690655$ & $-0.000762968$ & $-0.0132702$ & $0.0111325$ & $0.00685724$ & $0.0320817$ & $-0.00835559$ & $-0.0350347$ & $0.00852125$ & $-0.00680799$ & $-0.0404193$ & $-0.00872153$ & $0.00519101$ & $0.0662966$ & $0.00981752$ & $-0.0195294$ & $-0.00699635$ & $-0.00476509$ & $-0.00251172$ & $1$ & $0.0328879$ & $0.021527$ & $0.027387$ & $-0.0432661$ & $0.102295$ & $-0.0465601$ & $0.00107401$ \\
eHgagaint & $0.0216286$ & $0.03345$ & $0.212124$ & $0.0548352$ & $0.00217376$ & $-0.049605$ & $0.0504177$ & $0.0844663$ & $0.141198$ & $-0.0895911$ & $-0.0967732$ & $-0.0926995$ & $-0.00861412$ & $0.0400261$ & $0.0317372$ & $0.0698374$ & $0.0374282$ & $0.00385889$ & $-0.0223248$ & $0.0962166$ & $0.0965407$ & $0.0950209$ & $-0.00813581$ & $-0.0136828$ & $-0.00291488$ & $-0.034966$ & $0.0337915$ & $0.0515032$ & $-0.0216893$ & $0.0227653$ & $0.0285454$ & $0.0353323$ & $0.0829344$ & $0.0532945$ & $-0.256608$ & $-0.103475$ & $-0.0167359$ & $0.00978831$ & $0.0684931$ & $-0.0132395$ & $0.167312$ & $0.0328879$ & $1$ & $0.199146$ & $0.250061$ & $0.03381$ & $0.140238$ & $-0.239389$ & $0.225613$ \\
eHmumuint & $0.0274656$ & $-0.124716$ & $0.0523279$ & $0.0312878$ & $0.0608725$ & $-0.00775923$ & $-0.0313482$ & $0.0286985$ & $0.0423764$ & $-0.0248664$ & $-0.0331152$ & $0.0042266$ & $0.0447749$ & $0.0157562$ & $0.00645126$ & $0.0168625$ & $0.0163279$ & $0.00798002$ & $-0.00673806$ & $0.0303212$ & $0.0296721$ & $0.0296683$ & $-0.00203832$ & $-0.00416044$ & $0.00873447$ & $-0.0191949$ & $0.0157079$ & $0.00106928$ & $0.0400173$ & $0.00841808$ & $0.0584033$ & $-0.0294151$ & $0.0738625$ & $0.0152093$ & $-0.0386891$ & $-0.161136$ & $-0.111151$ & $-0.0321236$ & $0.0434995$ & $0.00575097$ & $-0.147901$ & $0.021527$ & $0.199146$ & $1$ & $-0.0459863$ & $0.366365$ & $0.122812$ & $-0.0235773$ & $0.089654$ \\
eHtautauint & $-0.0554657$ & $-0.0109724$ & $0.134927$ & $0.217899$ & $0.00183068$ & $0.00499954$ & $-0.00638736$ & $0.0285006$ & $0.0356425$ & $-0.0115443$ & $-0.0456237$ & $-0.0549391$ & $-0.0297899$ & $0.044297$ & $0.0158603$ & $0.0284996$ & $0.0426461$ & $0.0254369$ & $0.0216297$ & $0.046177$ & $0.0467984$ & $0.0511605$ & $-0.00895999$ & $0.0149105$ & $0.0212732$ & $-0.0222535$ & $0.000367474$ & $0.0260221$ & $-0.0245897$ & $-0.00104925$ & $-0.0596425$ & $-0.0229809$ & $-0.0531162$ & $0.0142865$ & $-0.0739723$ & $0.0855187$ & $0.0123252$ & $-0.00621916$ & $-0.0496801$ & $0.00503571$ & $0.255117$ & $0.027387$ & $0.250061$ & $-0.0459863$ & $1$ & $-0.283631$ & $-0.0345778$ & $0.129079$ & $-0.05983$ \\
eHccint & $-0.0979732$ & $0.234567$ & $-0.00862197$ & $-0.00170403$ & $-0.00770555$ & $0.0118776$ & $-0.0992097$ & $-0.0541702$ & $-0.0560622$ & $-0.00566456$ & $0.0510066$ & $0.0275552$ & $0.0344353$ & $-0.0187555$ & $-0.0312851$ & $-0.0190023$ & $0.00378878$ & $0.0215664$ & $0.00887425$ & $-0.0465262$ & $-0.0467145$ & $-0.0455263$ & $-0.0316659$ & $0.0248225$ & $0.0115483$ & $0.0389046$ & $-0.0278957$ & $-0.0143357$ & $0.0231599$ & $0.028731$ & $0.0887021$ & $-0.0928835$ & $0.0923848$ & $-0.00782753$ & $-0.0319291$ & $-0.0247934$ & $-0.179152$ & $0.0202658$ & $0.0558483$ & $-0.0349409$ & $0.0100286$ & $-0.0432661$ & $0.03381$ & $0.366365$ & $-0.283631$ & $1$ & $0.0356121$ & $0.0138413$ & $0.0825366$ \\
eHccpar & $0.0141015$ & $0.231118$ & $0.223844$ & $-0.171049$ & $0.027111$ & $-0.0495466$ & $-0.0387416$ & $0.0301709$ & $0.0326292$ & $-0.0456678$ & $-0.0553207$ & $-0.00622162$ & $0.047023$ & $0.0448287$ & $0.0508687$ & $0.0569629$ & $0.0406839$ & $0.0130457$ & $0.0095386$ & $0.0692738$ & $0.0543157$ & $0.0559257$ & $-0.0266216$ & $0.00722843$ & $0.0229027$ & $-0.00671185$ & $-0.00350351$ & $-0.00610433$ & $0.00997073$ & $-0.0209045$ & $0.228378$ & $-0.0324198$ & $0.0299894$ & $-0.00571101$ & $0.0746963$ & $-0.13943$ & $0.0969639$ & $-0.0219495$ & $-0.150447$ & $-0.031727$ & $0.0512043$ & $0.102295$ & $0.140238$ & $0.122812$ & $-0.0345778$ & $0.0356121$ & $1$ & $-0.0921301$ & $0.10851$ \\
eHbbint & $-0.211332$ & $0.20176$ & $-0.16285$ & $0.273565$ & $-0.00365798$ & $0.00773552$ & $-0.00954712$ & $-0.0397345$ & $-0.0518734$ & $0.0679274$ & $0.0369863$ & $0.0554224$ & $0.0269065$ & $-0.0124076$ & $-0.00697212$ & $-0.0251732$ & $0.0114065$ & $0.0069679$ & $0.0218836$ & $-0.0328591$ & $-0.0313151$ & $-0.0283435$ & $0.0123919$ & $0.00984805$ & $0.0302883$ & $0.00716985$ & $-0.0117222$ & $-0.0351089$ & $0.00499742$ & $-0.0116956$ & $-0.0688941$ & $-0.00972311$ & $0.114921$ & $-0.0130384$ & $-0.0260009$ & $0.205733$ & $0.0989122$ & $-0.00931087$ & $0.21931$ & $-0.0578149$ & $-0.168149$ & $-0.0465601$ & $-0.239389$ & $-0.0235773$ & $0.129079$ & $0.0138413$ & $-0.0921301$ & $1$ & $0.0715906$ \\
eHbbpar & $0.160728$ & $0.087546$ & $0.0620057$ & $-0.0348227$ & $0.0217442$ & $0.00128393$ & $0.0375866$ & $-0.0153203$ & $0.0043783$ & $0.000420876$ & $0.0126821$ & $0.0246791$ & $0.0512577$ & $-0.0174123$ & $0.0202573$ & $0.0371204$ & $0.00834069$ & $-0.00999469$ & $-0.022946$ & $-0.00866314$ & $-0.0167439$ & $-0.0172117$ & $-0.0226653$ & $-0.00631149$ & $-0.0285145$ & $0.0230172$ & $-0.0416212$ & $-0.021689$ & $0.0109101$ & $-0.0102851$ & $0.0288765$ & $0.0392195$ & $0.380858$ & $-0.0181058$ & $-0.0187063$ & $0.0229524$ & $-0.049713$ & $0.0112816$ & $-0.18084$ & $-0.0383328$ & $-0.00479745$ & $0.00107401$ & $0.225613$ & $0.089654$ & $-0.05983$ & $0.0825366$ & $0.10851$ & $0.0715906$ & $1$ \\
