-0.678413133218063 -0.0772443430213954 -0.0331397741979195 0.00339028502414727 0.00218087673772214 0.00458943786991286 eeZH_FCCee240 0.998254897871962
-0.678413133218063 -0.0772443430213954 -0.0331397741979195 0.00339028502414727 0.00218087673772214 0.00458943786991286 eeZH_FCCee365 0.9964034595241973
-4.1782613722275 -0.145784660114678 -0.0201218139781764 0.00481543867653299 0.00033667266553692 0.00111037761925263 eeZH_FCCee240 1.012316194819145
-4.1782613722275 -0.145784660114678 -0.0201218139781764 0.00481543867653299 0.00033667266553692 0.00111037761925263 eeZH_FCCee365 0.9918876959248998
-7.03517638276262 -0.180368463324522 -0.0241150773569014 0.00707246456584855 -4.89967656745587e-05 0.00134834942538373 eeZH_FCCee240 1.027975937003491
-7.03517638276262 -0.180368463324522 -0.0241150773569014 0.00707246456584855 -4.89967656745587e-05 0.00134834942538373 eeZH_FCCee365 0.9930710656208176
-9.83798517185733 -0.171973265866366 -0.0169224758312402 0.00747625451031885 -0.00107859581795442 -0.000826410459931121 eeZH_FCCee240 1.046890477671486
-9.83798517185733 -0.171973265866366 -0.0169224758312402 0.00747625451031885 -0.00107859581795442 -0.000826410459931121 eeZH_FCCee365 0.9968773584243494
-12.9671694633245 -0.149720704116143 -0.021006600782292 0.00898677526557942 -0.00145264352007064 -0.00121199906308017 eeZH_FCCee240 1.070822095723634
-12.9671694633245 -0.149720704116143 -0.021006600782292 0.00898677526557942 -0.00145264352007064 -0.00121199906308017 eeZH_FCCee365 1.004491251035858
-15.9703720326409 -0.102409681306203 -0.0246913483313644 0.0105845819073466 -0.0019764656427678 -0.00193136620752371 eeZH_FCCee240 1.096980783923021
-15.9703720326409 -0.102409681306203 -0.0246913483313644 0.0105845819073466 -0.0019764656427678 -0.00193136620752371 eeZH_FCCee365 1.014922740459868
-19.3420929212416 -0.0149363595765371 -0.0213771790949106 0.0112009920992623 -0.00297574909131852 -0.00375185487260852 eeZH_FCCee240 1.129632556982497
-19.3420929212416 -0.0149363595765371 -0.0213771790949106 0.0112009920992623 -0.00297574909131852 -0.00375185487260852 eeZH_FCCee365 1.029383694595255
-22.6570470438797 0.104687230438787 -0.0273774632152334 0.0142839302720919 -0.00348284773474571 -0.00346871917391054 eeZH_FCCee240 1.167833692459315
-22.6570470438797 0.104687230438787 -0.0273774632152334 0.0142839302720919 -0.00348284773474571 -0.00346871917391054 eeZH_FCCee365 1.050577978138277
-24.9778175974837 0.226059327521182 -0.0238237747702794 0.0148262158520997 -0.0041966429605699 -0.00519270876401534 eeZH_FCCee240 1.197823117058553
-24.9778175974837 0.226059327521182 -0.0238237747702794 0.0148262158520997 -0.0041966429605699 -0.00519270876401534 eeZH_FCCee365 1.067892143622837
-31.0277494035566 0.600722741604946 -0.0241148040969632 0.0179053218966564 -0.00564082970140394 -0.00696101058773643 eeZH_FCCee240 1.284858281446574
-31.0277494035566 0.600722741604946 -0.0241148040969632 0.0179053218966564 -0.00564082970140394 -0.00696101058773643 eeZH_FCCee365 1.122570120444344
