-0.678413133218063 -0.0772443430213954 -0.0331397741979195 0.00339028502414727 0.00218087673772214 0.00458943786991286 eeZH_FCCee240 0.9981064415883267
-0.678413133218063 -0.0772443430213954 -0.0331397741979195 0.00339028502414727 0.00218087673772214 0.00458943786991286 eeZH_FCCee365 0.9962587519229152
-0.286471284950579 -0.0217137703977637 0.00549436550649817 0.00123007620376375 -0.000265837526379084 -0.00167692335036293 eeZH_FCCee240 0.9993665106270067
-0.286471284950579 -0.0217137703977637 0.00549436550649817 0.00123007620376375 -0.000265837526379084 -0.00167692335036293 eeZH_FCCee365 0.9980031360315565
-4.1782613722275 -0.145784660114678 -0.0201218139781764 0.00481543867653299 0.00033667266553692 0.00111037761925263 eeZH_FCCee240 1.006271015609191
-4.1782613722275 -0.145784660114678 -0.0201218139781764 0.00481543867653299 0.00033667266553692 0.00111037761925263 eeZH_FCCee365 0.9860981795025114
-3.62048445456759 -0.0759247592652098 -4.64826629730285e-05 0.0027518197729143 -0.000453470431902219 -0.00109852323028046 eeZH_FCCee240 1.010887769868684
-3.62048445456759 -0.0759247592652098 -4.64826629730285e-05 0.0027518197729143 -0.000453470431902219 -0.00109852323028046 eeZH_FCCee365 0.9925917571999615
-7.03517638276262 -0.180368463324522 -0.0241150773569014 0.00707246456584855 -4.89967656745587e-05 0.00134834942538373 eeZH_FCCee240 1.010480946439367
-7.03517638276262 -0.180368463324522 -0.0241150773569014 0.00707246456584855 -4.89967656745587e-05 0.00134834942538373 eeZH_FCCee365 0.9765528310320634
-6.56577245544738 -0.101583207736398 -0.00109292133096728 0.00369332188431837 -0.000874138754682018 -0.00182897208265666 eeZH_FCCee240 1.016527181097657
-6.56577245544738 -0.101583207736398 -0.00109292133096728 0.00369332188431837 -0.000874138754682018 -0.00182897208265666 eeZH_FCCee365 0.983433351794805
-9.83798517185733 -0.171973265866366 -0.0169224758312402 0.00747625451031885 -0.00107859581795442 -0.000826410459931121 eeZH_FCCee240 1.012012178732894
-9.83798517185733 -0.171973265866366 -0.0169224758312402 0.00747625451031885 -0.00107859581795442 -0.000826410459931121 eeZH_FCCee365 0.9643997850399341
-9.54649367667513 -0.116690144908273 -0.0008313669613182 0.00561183382721187 -0.00163412078241123 -0.00324325860621871 eeZH_FCCee240 1.017162442403993
-9.54649367667513 -0.116690144908273 -0.0008313669613182 0.00561183382721187 -0.00163412078241123 -0.00324325860621871 eeZH_FCCee365 0.969981190809663
-12.9671694633245 -0.149720704116143 -0.021006600782292 0.00898677526557942 -0.00145264352007064 -0.00121199906308017 eeZH_FCCee240 1.00905123736287
-12.9671694633245 -0.149720704116143 -0.021006600782292 0.00898677526557942 -0.00145264352007064 -0.00121199906308017 eeZH_FCCee365 0.9478458242729167
-12.278533158082 -0.0927868983605561 -0.00587306797068362 0.00733064134694203 -0.00189371326736069 -0.00299147429553691 eeZH_FCCee240 1.016532839815663
-12.278533158082 -0.0927868983605561 -0.00587306797068362 0.00733064134694203 -0.00189371326736069 -0.00299147429553691 eeZH_FCCee365 0.9574840254691003
-15.9703720326409 -0.102409681306203 -0.0246913483313644 0.0105845819073466 -0.0019764656427678 -0.00193136620752371 eeZH_FCCee240 1.0015959469197
-15.9703720326409 -0.102409681306203 -0.0246913483313644 0.0105845819073466 -0.0019764656427678 -0.00193136620752371 eeZH_FCCee365 0.9287150029761928
-15.2121430982613 -0.0453622813914591 -0.010209606141331 0.00830542703036985 -0.00210636336212454 -0.00322809349101705 eeZH_FCCee240 1.010973578144248
-15.2121430982613 -0.0453622813914591 -0.010209606141331 0.00830542703036985 -0.00210636336212454 -0.00322809349101705 eeZH_FCCee365 0.9400886232250848
-19.3420929212416 -0.0149363595765371 -0.0213771790949106 0.0112009920992623 -0.00297574909131852 -0.00375185487260852 eeZH_FCCee240 0.9869356538137837
-19.3420929212416 -0.0149363595765371 -0.0213771790949106 0.0112009920992623 -0.00297574909131852 -0.00375185487260852 eeZH_FCCee365 0.9024828105418448
-18.7957713003178 0.0327131075073515 -0.00553929621449789 0.00941959797673668 -0.0033375722989809 -0.00533273213388211 eeZH_FCCee240 0.9958104615874225
-18.7957713003178 0.0327131075073515 -0.00553929621449789 0.00941959797673668 -0.0033375722989809 -0.00533273213388211 eeZH_FCCee365 0.9122817114725376
-22.6570470438797 0.104687230438787 -0.0273774632152334 0.0142839302720919 -0.00348284773474571 -0.00346871917391054 eeZH_FCCee240 0.9682403615233529
-22.6570470438797 0.104687230438787 -0.0273774632152334 0.0142839302720919 -0.00348284773474571 -0.00346871917391054 eeZH_FCCee365 0.8758476469771005
-21.8182974046736 0.132313081301201 -0.0134498548686356 0.0117798009968559 -0.00352057286505994 -0.00524026835441465 eeZH_FCCee240 0.9793133445009365
-21.8182974046736 0.132313081301201 -0.0134498548686356 0.0117798009968559 -0.00352057286505994 -0.00524026835441465 eeZH_FCCee365 0.8879315350425695
-24.9778175974837 0.226059327521182 -0.0238237747702794 0.0148262158520997 -0.0041966429605699 -0.00519270876401534 eeZH_FCCee240 0.9518769762009349
-24.9778175974837 0.226059327521182 -0.0238237747702794 0.0148262158520997 -0.0041966429605699 -0.00519270876401534 eeZH_FCCee365 0.8549253673107151
-26.3542486759665 0.328710670021078 -0.020244951620684 0.0149951058558724 -0.00446237394989004 -0.00578173203177039 eeZH_FCCee240 0.9432176556061307
-26.3542486759665 0.328710670021078 -0.020244951620684 0.0149951058558724 -0.00446237394989004 -0.00578173203177039 eeZH_FCCee365 0.844313290665945
-31.0277494035566 0.600722741604946 -0.0241148040969632 0.0179053218966564 -0.00564082970140394 -0.00696101058773643 eeZH_FCCee240 0.8919481470034404
-31.0277494035566 0.600722741604946 -0.0241148040969632 0.0179053218966564 -0.00564082970140394 -0.00696101058773643 eeZH_FCCee365 0.7917801923961101
