-32.0 0.660932796773305 -0.024161573787187942 0.018400147753259887 -0.005872916849682554 -0.007245184452486279 eeZH_FCCee240 0.974308513544179
-32.0 0.660932796773305 -0.024161573787187942 0.018400147753259887 -0.005872916849682554 -0.007245184452486279 eeZH_FCCee365 0.8470619742902115
-31.346938775510203 0.6204896718231258 -0.024130158562266604 0.018067772971485714 -0.005717023793100613 -0.007054304721725077 eeZH_FCCee240 0.9765228117577297
-31.346938775510203 0.6204896718231258 -0.024130158562266604 0.018067772971485714 -0.005717023793100613 -0.007054304721725077 eeZH_FCCee365 0.8511302712104413
-30.693877551020407 0.5800465468729462 -0.024098743337345255 0.017735398189711534 -0.0055611307365186725 -0.006863424990963873 eeZH_FCCee240 0.9786087882317358
-30.693877551020407 0.5800465468729462 -0.024098743337345255 0.017735398189711534 -0.0055611307365186725 -0.006863424990963873 eeZH_FCCee365 0.8551141227922032
-30.040816326530614 0.5396034219227672 -0.024067328112423916 0.01740302340793736 -0.005405237679936732 -0.006672545260202672 eeZH_FCCee240 0.9805607381199938
-30.040816326530614 0.5396034219227672 -0.024067328112423916 0.01740302340793736 -0.005405237679936732 -0.006672545260202672 eeZH_FCCee365 0.8590080207095747
-29.387755102040817 0.4991602969725878 -0.024035912887502574 0.017070648626163185 -0.005249344623354792 -0.006481665529441468 eeZH_FCCee240 0.9823728833211794
-29.387755102040817 0.4991602969725878 -0.024035912887502574 0.017070648626163185 -0.005249344623354792 -0.006481665529441468 eeZH_FCCee365 0.8628063323182061
-28.73469387755102 0.45871717202240847 -0.024004497662581233 0.016738273844389008 -0.005093451566772851 -0.006290785798680264 eeZH_FCCee240 0.9840393815987419
-28.73469387755102 0.45871717202240847 -0.024004497662581233 0.016738273844389008 -0.005093451566772851 -0.006290785798680264 eeZH_FCCee365 0.8665033065847294
-28.081632653061224 0.41827404707222915 -0.02397308243765989 0.01640589906261483 -0.004937558510190909 -0.006099906067919061 eeZH_FCCee240 0.9855543365358762
-28.081632653061224 0.41827404707222915 -0.02397308243765989 0.01640589906261483 -0.004937558510190909 -0.006099906067919061 eeZH_FCCee365 0.8700930808250823
-27.42857142857143 0.37783092212204994 -0.02394166721273855 0.016073524280840655 -0.004781665453608969 -0.00590902633715786 eeZH_FCCee240 0.9869118083421755
-27.42857142857143 0.37783092212204994 -0.02394166721273855 0.016073524280840655 -0.004781665453608969 -0.00590902633715786 eeZH_FCCee365 0.8735696882820878
-26.775510204081634 0.3373877971718706 -0.023910251987817207 0.01574114949906648 -0.004625772397027029 -0.0057181466063966555 eeZH_FCCee240 0.9881058255244306
-26.775510204081634 0.3373877971718706 -0.023910251987817207 0.01574114949906648 -0.004625772397027029 -0.0057181466063966555 eeZH_FCCee365 0.8769270665697987
-26.122448979591837 0.29694467222169124 -0.023878836762895865 0.015408774717292302 -0.0044698793404450874 -0.0055272668756354525 eeZH_FCCee240 0.9891303974293736
-26.122448979591837 0.29694467222169124 -0.023878836762895865 0.015408774717292302 -0.0044698793404450874 -0.0055272668756354525 eeZH_FCCee365 0.8801590670087601
-25.46938775510204 0.25650154727151186 -0.023847421537974523 0.015076399935518126 -0.004313986283863147 -0.0053363871448742495 eeZH_FCCee240 0.9899795276609639
-25.46938775510204 0.25650154727151186 -0.023847421537974523 0.015076399935518126 -0.004313986283863147 -0.0053363871448742495 eeZH_FCCee365 0.8832594648724539
-24.816326530612244 0.21761363718103885 -0.024071058560317656 0.014788480852089263 -0.0041469734435350975 -0.005072744764235629 eeZH_FCCee240 0.9908650472646419
-24.816326530612244 0.21761363718103885 -0.024071058560317656 0.014788480852089263 -0.0041469734435350975 -0.005072744764235629 eeZH_FCCee365 0.8864324736127567
-24.163265306122447 0.18345971782161202 -0.025071060961982437 0.01463588253324508 -0.0039461125770923495 -0.0045876167747525235 eeZH_FCCee240 0.9922329966045952
-24.163265306122447 0.18345971782161202 -0.025071060961982437 0.01463588253324508 -0.0039461125770923495 -0.0045876167747525235 eeZH_FCCee365 0.8901114055050621
-23.510204081632654 0.1493057984621854 -0.026071063363647215 0.014483284214400899 -0.003745251710649602 -0.004102488785269419 eeZH_FCCee240 0.993418288433047
-23.510204081632654 0.1493057984621854 -0.026071063363647215 0.014483284214400899 -0.003745251710649602 -0.004102488785269419 eeZH_FCCee365 0.8936546687810949
-22.857142857142858 0.11515187910275859 -0.027071065765311996 0.014330685895556717 -0.003544390844206854 -0.0036173607957863145 eeZH_FCCee240 0.9944147184891314
-22.857142857142858 0.11515187910275859 -0.027071065765311996 0.014330685895556717 -0.003544390844206854 -0.0036173607957863145 eeZH_FCCee365 0.8970556702241312
-22.204081632653065 0.08834149935501076 -0.026557566147736224 0.01386266822574698 -0.0034135562341533372 -0.003507407696722315 eeZH_FCCee240 0.9957999345702389
-22.204081632653065 0.08834149935501076 -0.026557566147736224 0.01386266822574698 -0.0034135562341533372 -0.003507407696722315 eeZH_FCCee365 0.9007041856451259
-21.551020408163268 0.0647751013648321 -0.02537548255021535 0.01325531521159058 -0.003313655466672993 -0.003563186732946601 eeZH_FCCee240 0.9972505423064227
-21.551020408163268 0.0647751013648321 -0.02537548255021535 0.01325531521159058 -0.003313655466672993 -0.003563186732946601 eeZH_FCCee365 0.9043812163458277
-20.89795918367347 0.041208703374653446 -0.024193398952694477 0.012647962197434179 -0.00321375469919265 -0.003618965769170887 eeZH_FCCee240 0.9985038931022585
-20.89795918367347 0.041208703374653446 -0.024193398952694477 0.012647962197434179 -0.00321375469919265 -0.003618965769170887 eeZH_FCCee365 0.9079065120543397
-20.244897959183675 0.017642305384474775 -0.023011315355173603 0.012040609183277779 -0.0031138539317123065 -0.003674744805395173 eeZH_FCCee240 0.9995537132560097
-20.244897959183675 0.017642305384474775 -0.023011315355173603 0.012040609183277779 -0.0031138539317123065 -0.003674744805395173 eeZH_FCCee365 0.9112732911010171
-19.591836734693878 -0.005924092605703889 -0.02182923175765273 0.011433256169121381 -0.003013953164231963 -0.0037305238416194594 eeZH_FCCee240 1.000393818400269
-19.591836734693878 -0.005924092605703889 -0.02182923175765273 0.011433256169121381 -0.003013953164231963 -0.0037305238416194594 eeZH_FCCee365 0.9144747736654528
-18.93877551020408 -0.025399714883951725 -0.021773612311166965 0.011127258545698869 -0.002856217129249922 -0.003534092252426198 eeZH_FCCee240 1.001739519556418
-18.93877551020408 -0.025399714883951725 -0.021773612311166965 0.011127258545698869 -0.002856217129249922 -0.003534092252426198 eeZH_FCCee365 0.9182630434545527
-18.285714285714285 -0.04234223073456628 -0.022415526482367287 0.011007867407458027 -0.002662668109599676 -0.003181485795346803 eeZH_FCCee240 1.003318480823838
-18.285714285714285 -0.04234223073456628 -0.022415526482367287 0.011007867407458027 -0.002662668109599676 -0.003181485795346803 eeZH_FCCee365 0.9223565909115492
-17.63265306122449 -0.059284746585180736 -0.023057440653567605 0.010888476269217188 -0.002469119089949432 -0.002828879338267411 eeZH_FCCee240 1.004679606952892
-17.63265306122449 -0.059284746585180736 -0.023057440653567605 0.010888476269217188 -0.002469119089949432 -0.002828879338267411 eeZH_FCCee365 0.926281761516039
-16.979591836734695 -0.07622726243579529 -0.023699354824767926 0.010769085130976347 -0.0022755700702991864 -0.0024762728811880156 eeZH_FCCee240 1.005816596729919
-16.979591836734695 -0.07622726243579529 -0.023699354824767926 0.010769085130976347 -0.0022755700702991864 -0.0024762728811880156 eeZH_FCCee365 0.9300314188860924
-16.3265306122449 -0.09316977828640985 -0.02434126899596825 0.010649693992735505 -0.002082021050648941 -0.0021236664241086212 eeZH_FCCee240 1.006723305319907
-16.3265306122449 -0.09316977828640985 -0.02434126899596825 0.010649693992735505 -0.002082021050648941 -0.0021236664241086212 eeZH_FCCee365 0.9335984792658701
-15.673469387755102 -0.10708694415488289 -0.024327066779319416 0.010426619529848783 -0.0019246795344088556 -0.0018602481251101589 eeZH_FCCee240 1.007675689619313
-15.673469387755102 -0.10708694415488289 -0.024327066779319416 0.010426619529848783 -0.0019246795344088556 -0.0018602481251101589 eeZH_FCCee365 0.9371941199359718
-15.020408163265309 -0.11737495962336886 -0.023525800234425402 0.01007916858776734 -0.0018107718278962983 -0.001703818188279438 eeZH_FCCee240 1.00872778099394
-15.020408163265309 -0.11737495962336886 -0.023525800234425402 0.01007916858776734 -0.0018107718278962983 -0.001703818188279438 eeZH_FCCee365 0.9408598986778588
-14.367346938775512 -0.1276629750918549 -0.02272453368953138 0.009731717645685891 -0.0016968641213837407 -0.0015473882514487158 eeZH_FCCee240 1.009536864428112
-14.367346938775512 -0.1276629750918549 -0.02272453368953138 0.009731717645685891 -0.0016968641213837407 -0.0015473882514487158 eeZH_FCCee365 0.9443289574967105
-13.714285714285715 -0.1379509905603409 -0.021923267144637357 0.009384266703604444 -0.0015829564148711827 -0.0013909583146179938 eeZH_FCCee240 1.010097252388203
-13.714285714285715 -0.1379509905603409 -0.021923267144637357 0.009384266703604444 -0.0015829564148711827 -0.0013909583146179938 eeZH_FCCee365 0.9475944101907955
-13.061224489795919 -0.14823900602882698 -0.021122000599743337 0.009036815761523 -0.001469048708358625 -0.0012345283777872717 eeZH_FCCee240 1.010403508348616
-13.061224489795919 -0.14823900602882698 -0.021122000599743337 0.009036815761523 -0.001469048708358625 -0.0012345283777872717 eeZH_FCCee365 0.9506495153192169
-12.408163265306126 -0.1536959637306315 -0.020277001324904655 0.00871693163037756 -0.001385822596672913 -0.00114311644097532 eeZH_FCCee240 1.011043250987982
-12.408163265306126 -0.1536959637306315 -0.020277001324904655 0.00871693163037756 -0.001385822596672913 -0.00114311644097532 eeZH_FCCee365 0.9540353150048922
-11.755102040816329 -0.15834007665944264 -0.01942464384350727 0.008401685725322476 -0.001307758785913119 -0.0010626440424628752 eeZH_FCCee240 1.011521745842554
-11.755102040816329 -0.15834007665944264 -0.01942464384350727 0.008401685725322476 -0.001307758785913119 -0.0010626440424628752 eeZH_FCCee365 0.9572964146164548
-11.102040816326532 -0.1629841895882538 -0.018572286362109884 0.008086439820267393 -0.0012296949751533252 -0.0009821716439504305 eeZH_FCCee240 1.011734481129271
-11.102040816326532 -0.1629841895882538 -0.018572286362109884 0.008086439820267393 -0.0012296949751533252 -0.0009821716439504305 eeZH_FCCee365 0.9603346467557193
-10.448979591836736 -0.16762830251706495 -0.0177199288807125 0.007771193915212308 -0.001151631164393531 -0.0009016992454379856 eeZH_FCCee240 1.011676736490715
-10.448979591836736 -0.16762830251706495 -0.0177199288807125 0.007771193915212308 -0.001151631164393531 -0.0009016992454379856 eeZH_FCCee365 0.9631436802578515
-9.795918367346939 -0.1720992677298083 -0.017030428169436933 0.0074701941066540045 -0.0010631427687757317 -0.0007937699175906895 eeZH_FCCee240 1.01138247841727
-9.795918367346939 -0.1720992677298083 -0.017030428169436933 0.0074701941066540045 -0.0010631427687757317 -0.0007937699175906895 eeZH_FCCee365 0.9657612708372987
-9.142857142857146 -0.17405536903546598 -0.018706321715187026 0.007376110073309149 -0.0008232437002300693 -0.0002870456061781613 eeZH_FCCee240 1.011366902199151
-9.142857142857146 -0.17405536903546598 -0.018706321715187026 0.007376110073309149 -0.0008232437002300693 -0.0002870456061781613 eeZH_FCCee365 0.9687774324172065
-8.48979591836735 -0.17601147034112366 -0.020382215260937128 0.0072820260399642945 -0.0005833446316844057 0.00021967870523436955 eeZH_FCCee240 1.0110697582816
-8.48979591836735 -0.17601147034112366 -0.020382215260937128 0.0072820260399642945 -0.0005833446316844057 0.00021967870523436955 eeZH_FCCee365 0.9715519594009765
-7.836734693877553 -0.17796757164678134 -0.02205810880668723 0.007187942006619437 -0.000343445563138742 0.0007264030166469005 eeZH_FCCee240 1.01048734950655
-7.836734693877553 -0.17796757164678134 -0.02205810880668723 0.007187942006619437 -0.000343445563138742 0.0007264030166469005 eeZH_FCCee365 0.9740791271700102
-7.183673469387756 -0.179923672952439 -0.02373400235243733 0.007093857973274581 -0.00010354649459307835 0.001233127328059431 eeZH_FCCee240 1.009616393953214
-7.183673469387756 -0.179923672952439 -0.02373400235243733 0.007093857973274581 -0.00010354649459307835 0.001233127328059431 eeZH_FCCee365 0.9763535253106462
-6.530612244897963 -0.17426056484441027 -0.023409820992423305 0.006673847764935243 1.9116903560398124e-05 0.0013063208600417936 eeZH_FCCee240 1.009096827882586
-6.530612244897963 -0.17426056484441027 -0.023409820992423305 0.006673847764935243 1.9116903560398124e-05 0.0013063208600417936 eeZH_FCCee365 0.9788316946759718
-5.877551020408166 -0.16635506510484868 -0.02249700228335994 0.0061579149893552275 0.00010727694684711653 0.0012519229663232418 eeZH_FCCee240 1.008473588439214
-5.877551020408166 -0.16635506510484868 -0.02249700228335994 0.0061579149893552275 0.00010727694684711653 0.0012519229663232418 eeZH_FCCee365 0.9811877267587497
-5.22448979591837 -0.15844956536528715 -0.021584183574296582 0.005641982213775213 0.00019543699013383492 0.0011975250726046901 eeZH_FCCee240 1.007555050468544
-5.22448979591837 -0.15844956536528715 -0.021584183574296582 0.005641982213775213 0.00019543699013383492 0.0011975250726046901 eeZH_FCCee365 0.9832816208631828
-4.571428571428573 -0.1505440656257256 -0.02067136486523322 0.005126049438195198 0.0002835970334205533 0.0011431271788861382 eeZH_FCCee240 1.006339057553398
-4.571428571428573 -0.1505440656257256 -0.02067136486523322 0.005126049438195198 0.0002835970334205533 0.0011431271788861382 eeZH_FCCee365 0.9851089952281997
-3.9183673469387763 -0.1406949483079225 -0.021088510203700478 0.004709608682179211 0.0004736207807242599 0.0013687279564723936 eeZH_FCCee240 1.005209054614352
-3.9183673469387763 -0.1406949483079225 -0.021088510203700478 0.004709608682179211 0.0004736207807242599 0.0013687279564723936 eeZH_FCCee365 0.9871064033604204
-3.265306122448983 -0.12790552992430523 -0.023517622685409405 0.00444367926874369 0.0008177437504480037 0.0020179102044469493 eeZH_FCCee240 1.004359441479571
-3.265306122448983 -0.12790552992430523 -0.023517622685409405 0.00444367926874369 0.0008177437504480037 0.0020179102044469493 eeZH_FCCee365 0.9894986741588012
-2.6122448979591866 -0.11511611154068789 -0.025946735167118352 0.004177749855308169 0.0011618667201717492 0.0026670924524215085 eeZH_FCCee240 1.003205424781479
-2.6122448979591866 -0.11511611154068789 -0.025946735167118352 0.004177749855308169 0.0011618667201717492 0.0026670924524215085 eeZH_FCCee365 0.9916165760156593
-1.95918367346939 -0.10232669315707056 -0.028375847648827293 0.003911820441872647 0.001505989689895495 0.0033162747003960672 eeZH_FCCee240 1.001745978984419
-1.95918367346939 -0.10232669315707056 -0.028375847648827293 0.003911820441872647 0.001505989689895495 0.0033162747003960672 eeZH_FCCee365 0.9934564994011053
-1.3061224489795933 -0.08953727477345322 -0.030804960130536237 0.0036458910284371242 0.0018501126596192404 0.003965456948370626 eeZH_FCCee240 0.9999805903450596
-1.3061224489795933 -0.08953727477345322 -0.030804960130536237 0.0036458910284371242 0.0018501126596192404 0.003965456948370626 eeZH_FCCee365 0.9950152785377581
-0.6530612244897966 -0.07674785638983586 -0.03323407261224518 0.003379961615001602 0.002194235629342986 0.004614639196345184 eeZH_FCCee240 0.9979092632854063
-0.6530612244897966 -0.07674785638983586 -0.03323407261224518 0.003379961615001602 0.002194235629342986 0.004614639196345184 eeZH_FCCee365 0.9962902046595429
0.0 -0.06395843800621855 -0.03566318509395412 0.0031140322015660808 0.002538358599066732 0.005263821444319745 eeZH_FCCee240 0.9955325246220427
0.0 -0.06395843800621855 -0.03566318509395412 0.0031140322015660808 0.002538358599066732 0.005263821444319745 eeZH_FCCee365 0.9972790374612638
