-0.678413133218063 -0.0772443430213954 -0.0331397741979195 0.00339028502414727 0.00218087673772214 0.00458943786991286 eeZH_FCCee240 0.9981118111664693
-0.678413133218063 -0.0772443430213954 -0.0331397741979195 0.00339028502414727 0.00218087673772214 0.00458943786991286 eeZH_FCCee365 0.9962603728187046
-4.1782613722275 -0.145784660114678 -0.0201218139781764 0.00481543867653299 0.00033667266553692 0.00111037761925263 eeZH_FCCee240 1.006587229181482
-4.1782613722275 -0.145784660114678 -0.0201218139781764 0.00481543867653299 0.00033667266553692 0.00111037761925263 eeZH_FCCee365 0.9861587302872369
-7.03517638276262 -0.180368463324522 -0.0241150773569014 0.00707246456584855 -4.89967656745587e-05 0.00134834942538373 eeZH_FCCee240 1.01162040213286
-7.03517638276262 -0.180368463324522 -0.0241150773569014 0.00707246456584855 -4.89967656745587e-05 0.00134834942538373 eeZH_FCCee365 0.9767155307501868
-9.83798517185733 -0.171973265866366 -0.0169224758312402 0.00747625451031885 -0.00107859581795442 -0.000826410459931121 eeZH_FCCee240 1.014713264433015
-9.83798517185733 -0.171973265866366 -0.0169224758312402 0.00747625451031885 -0.00107859581795442 -0.000826410459931121 eeZH_FCCee365 0.9647001451858777
-12.9671694633245 -0.149720704116143 -0.021006600782292 0.00898677526557942 -0.00145264352007064 -0.00121199906308017 eeZH_FCCee240 1.014662377147665
-12.9671694633245 -0.149720704116143 -0.021006600782292 0.00898677526557942 -0.00145264352007064 -0.00121199906308017 eeZH_FCCee365 0.94833153245989
-15.9703720326409 -0.102409681306203 -0.0246913483313644 0.0105845819073466 -0.0019764656427678 -0.00193136620752371 eeZH_FCCee240 1.01145623771334
-15.9703720326409 -0.102409681306203 -0.0246913483313644 0.0105845819073466 -0.0019764656427678 -0.00193136620752371 eeZH_FCCee365 0.9293981942501873
-19.3420929212416 -0.0149363595765371 -0.0213771790949106 0.0112009920992623 -0.00297574909131852 -0.00375185487260852 eeZH_FCCee240 1.003644332903546
-19.3420929212416 -0.0149363595765371 -0.0213771790949106 0.0112009920992623 -0.00297574909131852 -0.00375185487260852 eeZH_FCCee365 0.9033954705163031
-22.6570470438797 0.104687230438787 -0.0273774632152334 0.0142839302720919 -0.00348284773474571 -0.00346871917391054 eeZH_FCCee240 0.994233371126083
-22.6570470438797 0.104687230438787 -0.0273774632152334 0.0142839302720919 -0.00348284773474571 -0.00346871917391054 eeZH_FCCee365 0.8769776568050448
-24.9778175974837 0.226059327521182 -0.0238237747702794 0.0148262158520997 -0.0041966429605699 -0.00519270876401534 eeZH_FCCee240 0.9861248052097286
-24.9778175974837 0.226059327521182 -0.0238237747702794 0.0148262158520997 -0.0041966429605699 -0.00519270876401534 eeZH_FCCee365 0.8561938317740129
-31.0277494035566 0.600722741604946 -0.0241148040969632 0.0179053218966564 -0.00564082970140394 -0.00696101058773643 eeZH_FCCee240 0.9555954401350344
-31.0277494035566 0.600722741604946 -0.0241148040969632 0.0179053218966564 -0.00564082970140394 -0.00696101058773643 eeZH_FCCee365 0.7933072791328046
