 & AlsMz & dAle5Mz & mtop & mHl & Mz & CW & CHG & CHWB & CHWHB_gaga & CHWHB_gagaorth & CHD & CHbox & CH & CHL1_11 & CHL1_22 & CHL1_33 & CHL3_11 & CHL3_22 & CHL3_33 & CHe_11 & CHe_22 & CHe_33 & CHQ1_11 & CHQ1_33 & CHQ3_11 & CHu_11 & CHd_11 & CHd_33 & CeH_22r & CeH_33r & CuH_22r & CuH_33r & CdH_33r & CLL_1221 & eHggint & eHggpar & eHWWint & eHWWpar & eHZZint & eHZZpar & eHZgaint & eHZgapar & eHgagaint & eHmumuint & eHtautauint & eHccint & eHccpar & eHbbint & eHbbpar \\
AlsMz & $1$ & $0.0934583$ & $0.109854$ & $0.104785$ & $-0.24015$ & $-0.0168099$ & $-0.310538$ & $0.0888021$ & $0.0835749$ & $-0.0329065$ & $-0.0858555$ & $0.305187$ & $0.475233$ & $-0.0169548$ & $-0.0456178$ & $-0.0645137$ & $-0.0609277$ & $-0.00332277$ & $0.0197703$ & $0.069244$ & $0.0692596$ & $0.0854648$ & $0.11323$ & $-0.057778$ & $-0.00718078$ & $-0.0741569$ & $0.110696$ & $0.0111357$ & $0.0200767$ & $0.0581491$ & $0.0248579$ & $-0.314892$ & $0.0725341$ & $0.0941027$ & $0.422881$ & $-0.223114$ & $0.127079$ & $0.0151189$ & $-0.429632$ & $-0.479025$ & $0.264867$ & $-0.166835$ & $0.00210994$ & $0.215581$ & $-0.547635$ & $0.0598403$ & $-0.0356882$ & $-0.0950333$ & $-0.113192$ \\
dAle5Mz & $0.0934583$ & $1$ & $-0.0826384$ & $-0.373179$ & $0.102034$ & $0.0132983$ & $-0.000346476$ & $-0.025344$ & $-0.0230584$ & $0.110282$ & $-0.00529745$ & $0.0993658$ & $0.00125066$ & $0.0464728$ & $-0.0706949$ & $-0.0070468$ & $0.047649$ & $0.0830039$ & $0.0570817$ & $0.0196791$ & $0.027856$ & $0.0115071$ & $0.0327709$ & $-0.0010439$ & $0.048468$ & $-0.0508319$ & $-0.00487163$ & $0.00387432$ & $-0.000929997$ & $0.0163943$ & $-0.0166681$ & $0.0222275$ & $0.0280324$ & $0.0281695$ & $0.291243$ & $0.490307$ & $-0.18213$ & $-0.0410099$ & $0.0215848$ & $-0.0173079$ & $0.243029$ & $-0.16337$ & $-0.0735782$ & $0.118442$ & $-0.0481807$ & $0.435117$ & $-0.298278$ & $-0.259228$ & $0.375872$ \\
mtop & $0.109854$ & $-0.0826384$ & $1$ & $-0.527035$ & $-0.421748$ & $-0.0107962$ & $0.0434927$ & $-0.0377298$ & $-0.0380843$ & $0.0974421$ & $-0.0136018$ & $0.0318059$ & $0.0616189$ & $0.0830688$ & $0.0440357$ & $0.135808$ & $0.0933616$ & $0.0477383$ & $-0.0522638$ & $-0.0216129$ & $-0.019591$ & $-0.0549706$ & $0.0148907$ & $0.0763548$ & $0.00116403$ & $-0.0202061$ & $-0.131303$ & $0.0178605$ & $-0.00342612$ & $-0.0183249$ & $-0.00513309$ & $0.0508276$ & $-0.0303575$ & $-0.0300737$ & $0.381609$ & $0.149146$ & $-0.357253$ & $0.227716$ & $-0.01962$ & $0.112298$ & $0.163515$ & $0.458578$ & $0.581305$ & $-0.0890674$ & $-0.0286136$ & $-0.0501586$ & $0.365924$ & $-0.58213$ & $-0.0259664$ \\
mHl & $0.104785$ & $-0.373179$ & $-0.527035$ & $1$ & $0.0101909$ & $-0.0108757$ & $0.0332154$ & $0.0231994$ & $0.0252003$ & $-0.064319$ & $0.0139746$ & $-0.049018$ & $-0.110165$ & $-0.0746001$ & $0.0170194$ & $-0.13007$ & $-0.0775197$ & $-0.0833642$ & $0.0375904$ & $0.00463185$ & $-0.00921382$ & $0.0424357$ & $0.0240104$ & $-0.0459441$ & $-0.0134598$ & $0.0100987$ & $0.106548$ & $-0.00663196$ & $0.0028036$ & $0.0135919$ & $0.0103654$ & $0.0358459$ & $0.0145866$ & $-0.020252$ & $-0.295631$ & $-0.214724$ & $0.358834$ & $-0.26323$ & $-0.0205576$ & $-0.346284$ & $-0.0822913$ & $-0.14333$ & $-0.406892$ & $0.122162$ & $-0.112722$ & $-0.302465$ & $-0.155275$ & $0.462795$ & $-0.321914$ \\
Mz & $-0.24015$ & $0.102034$ & $-0.421748$ & $0.0101909$ & $1$ & $0.0188904$ & $0.199578$ & $-0.0940701$ & $-0.0877871$ & $0.0121385$ & $0.139362$ & $0.060803$ & $0.0625155$ & $-0.0182196$ & $0.0039367$ & $-0.00423289$ & $0.0319587$ & $0.0165027$ & $0.0324212$ & $-0.0871333$ & $-0.0559579$ & $-0.0439664$ & $-0.00510905$ & $0.0364182$ & $0.0242795$ & $-0.0119313$ & $-0.0536368$ & $0.0084865$ & $0.00731478$ & $0.054838$ & $0.0329794$ & $0.241043$ & $0.0759808$ & $-0.0652753$ & $-0.237548$ & $-0.124011$ & $0.081271$ & $-0.321322$ & $-0.089934$ & $0.0212785$ & $-0.318681$ & $-0.266167$ & $-0.0431081$ & $-0.196572$ & $0.321215$ & $0.301797$ & $0.108364$ & $0.320829$ & $0.159045$ \\
CW & $-0.0168099$ & $0.0132983$ & $-0.0107962$ & $-0.0108757$ & $0.0188904$ & $1$ & $0.0132251$ & $-0.070649$ & $-0.0677567$ & $0.00699055$ & $0.0789483$ & $0.0425638$ & $0.0226758$ & $0.189746$ & $0.0099926$ & $0.0476254$ & $-0.169593$ & $-0.0142606$ & $-0.0313158$ & $-0.0656632$ & $-0.0594874$ & $-0.0624428$ & $-0.0182039$ & $0.018753$ & $-0.0191668$ & $0.0148225$ & $-0.0597697$ & $-0.0128415$ & $0.00312174$ & $0.00893445$ & $0.00525856$ & $0.0168491$ & $0.0239845$ & $-0.141215$ & $-0.0304416$ & $-0.0309525$ & $0.01062$ & $-0.0114956$ & $-0.00562143$ & $0.00799457$ & $-0.0418802$ & $-0.0426006$ & $0.0143468$ & $-0.0474348$ & $0.0187781$ & $0.0411292$ & $0.061102$ & $0.0314077$ & $0.0039644$ \\
CHG & $-0.310538$ & $-0.000346476$ & $0.0434927$ & $0.0332154$ & $0.199578$ & $0.0132251$ & $1$ & $-0.0878088$ & $-0.0579043$ & $0.0758032$ & $0.0672835$ & $-0.173136$ & $-0.239904$ & $0.0615394$ & $0.0281428$ & $0.0622921$ & $0.0876164$ & $0.0565438$ & $0.0180668$ & $-0.0645961$ & $-0.0675082$ & $-0.0510354$ & $0.0133599$ & $0.0668372$ & $0.033723$ & $-0.0579854$ & $-0.12666$ & $0.0428581$ & $0.021154$ & $-0.160762$ & $-0.111821$ & $0.852791$ & $-0.211514$ & $-0.0651235$ & $-0.17808$ & $0.108629$ & $0.000659395$ & $-0.211778$ & $0.163183$ & $0.0735487$ & $-0.393739$ & $0.107696$ & $0.212094$ & $-0.15167$ & $0.413262$ & $0.152655$ & $0.309609$ & $0.0685281$ & $0.159784$ \\
CHWB & $0.0888021$ & $-0.025344$ & $-0.0377298$ & $0.0231994$ & $-0.0940701$ & $-0.070649$ & $-0.0878088$ & $1$ & $0.993283$ & $-0.468881$ & $-0.898231$ & $-0.132072$ & $0.00364129$ & $-0.190457$ & $-0.0250418$ & $0.00249228$ & $-0.578218$ & $-0.452348$ & $-0.46477$ & $0.86176$ & $0.645895$ & $0.628682$ & $0.00583675$ & $-0.597449$ & $-0.530186$ & $-0.119726$ & $0.39616$ & $0.132706$ & $0.00457849$ & $-0.0121067$ & $-0.0186537$ & $-0.110275$ & $-0.0356644$ & $0.654354$ & $0.126192$ & $-0.0271206$ & $-0.0225075$ & $-0.0155684$ & $-0.0151926$ & $0.0270944$ & $0.0420653$ & $0.0275395$ & $-0.0305603$ & $0.137326$ & $-0.051472$ & $-0.0148656$ & $-0.170497$ & $-0.0396265$ & $0.0951263$ \\
CHWHB_gaga & $0.0835749$ & $-0.0230584$ & $-0.0380843$ & $0.0252003$ & $-0.0877871$ & $-0.0677567$ & $-0.0579043$ & $0.993283$ & $1$ & $-0.466453$ & $-0.891941$ & $-0.118182$ & $0.00149354$ & $-0.191701$ & $-0.024055$ & $0.00285942$ & $-0.577345$ & $-0.451345$ & $-0.462803$ & $0.859384$ & $0.64186$ & $0.624325$ & $0.00466843$ & $-0.594809$ & $-0.527575$ & $-0.119313$ & $0.392832$ & $0.132748$ & $0.0102498$ & $0.00803112$ & $-0.00918844$ & $-0.0879906$ & $-0.0130088$ & $0.647336$ & $0.120572$ & $-0.0262246$ & $-0.0213444$ & $-0.0231306$ & $-0.0118094$ & $0.0256664$ & $0.0307052$ & $0.030455$ & $-0.0235671$ & $0.132888$ & $-0.0438774$ & $-0.00954028$ & $-0.161005$ & $-0.0387551$ & $0.0993212$ \\
CHWHB_gagaorth & $-0.0329065$ & $0.110282$ & $0.0974421$ & $-0.064319$ & $0.0121385$ & $0.00699055$ & $0.0758032$ & $-0.468881$ & $-0.466453$ & $1$ & $0.15257$ & $0.247097$ & $-0.0422899$ & $0.665342$ & $0.122058$ & $0.128329$ & $0.741646$ & $0.493789$ & $0.482086$ & $-0.226151$ & $-0.151771$ & $-0.187998$ & $0.00800215$ & $0.504207$ & $0.564762$ & $-0.00793892$ & $-0.295609$ & $-0.0242844$ & $-0.0191234$ & $-0.0389539$ & $-0.0157484$ & $0.12457$ & $-0.0218964$ & $-0.35793$ & $-0.00685816$ & $0.0628062$ & $-0.0507941$ & $-0.0150975$ & $-0.0291521$ & $0.00303416$ & $-0.0105682$ & $-0.0347824$ & $0.116187$ & $-0.0953477$ & $0.0612228$ & $-0.0153704$ & $0.181908$ & $-0.0613331$ & $-0.0657378$ \\
CHD & $-0.0858555$ & $-0.00529745$ & $-0.0136018$ & $0.0139746$ & $0.139362$ & $0.0789483$ & $0.0672835$ & $-0.898231$ & $-0.891941$ & $0.15257$ & $1$ & $0.119514$ & $0.0321812$ & $-0.151452$ & $-0.0510893$ & $-0.0827763$ & $0.25508$ & $0.246663$ & $0.267281$ & $-0.886773$ & $-0.668914$ & $-0.632372$ & $-0.0112792$ & $0.398826$ & $0.298301$ & $0.154138$ & $-0.286949$ & $-0.149226$ & $0.00184658$ & $0.030521$ & $0.0185448$ & $0.086904$ & $0.0451019$ & $-0.525306$ & $-0.1326$ & $0.000672734$ & $0.0499974$ & $0.00511332$ & $0.0238856$ & $-0.0620039$ & $-0.0454113$ & $-0.0284292$ & $-0.0194359$ & $-0.127313$ & $0.0237419$ & $0.0442921$ & $0.115654$ & $0.076631$ & $-0.0814474$ \\
CHbox & $0.305187$ & $0.0993658$ & $0.0318059$ & $-0.049018$ & $0.060803$ & $0.0425638$ & $-0.173136$ & $-0.132072$ & $-0.118182$ & $0.247097$ & $0.119514$ & $1$ & $0.635241$ & $-0.0919619$ & $0.0166857$ & $0.0300511$ & $-0.0418581$ & $0.0227264$ & $-0.00234985$ & $0.0618672$ & $-0.0337858$ & $-0.0613183$ & $0.0765969$ & $0.0357267$ & $0.0302403$ & $-0.0175851$ & $-0.0130662$ & $0.0107394$ & $0.0450382$ & $0.309409$ & $0.101363$ & $-0.00906122$ & $0.318176$ & $-0.165965$ & $0.179736$ & $-0.242885$ & $-0.0283583$ & $-0.104374$ & $-0.271651$ & $-0.373958$ & $-0.013853$ & $-0.17999$ & $0.0177412$ & $-0.0489711$ & $-0.328561$ & $0.1605$ & $0.14642$ & $-0.0865136$ & $0.0421208$ \\
CH & $0.475233$ & $0.00125066$ & $0.0616189$ & $-0.110165$ & $0.0625155$ & $0.0226758$ & $-0.239904$ & $0.00364129$ & $0.00149354$ & $-0.0422899$ & $0.0321812$ & $0.635241$ & $1$ & $-0.0536383$ & $-0.0405446$ & $-0.00371853$ & $-0.0650529$ & $0.00886446$ & $-0.022807$ & $-0.014013$ & $-0.00705806$ & $-0.00273089$ & $0.114911$ & $-0.0129369$ & $0.00222639$ & $-0.0491419$ & $0.0605185$ & $0.0558642$ & $0.0403929$ & $0.152722$ & $0.0770984$ & $-0.20242$ & $0.165496$ & $0.0403553$ & $0.358387$ & $-0.39487$ & $-0.130312$ & $-0.108812$ & $-0.332089$ & $-0.45786$ & $0.0426216$ & $-0.199918$ & $0.034151$ & $-0.023172$ & $-0.503182$ & $0.291546$ & $0.0845238$ & $-0.0968556$ & $0.137686$ \\
CHL1_11 & $-0.0169548$ & $0.0464728$ & $0.0830688$ & $-0.0746001$ & $-0.0182196$ & $0.189746$ & $0.0615394$ & $-0.190457$ & $-0.191701$ & $0.665342$ & $-0.151452$ & $-0.0919619$ & $-0.0536383$ & $1$ & $0.152641$ & $0.173633$ & $0.560544$ & $0.421769$ & $0.40791$ & $-0.0521899$ & $0.025802$ & $-0.00290833$ & $0.00512781$ & $0.428144$ & $0.469815$ & $-0.0645086$ & $-0.253704$ & $0.0252908$ & $-0.0155771$ & $-0.0469829$ & $-0.00165738$ & $0.04368$ & $-0.0233733$ & $-0.233807$ & $0.0125847$ & $0.0300997$ & $-0.0623744$ & $0.00125833$ & $-0.0179245$ & $0.076245$ & $-0.00613411$ & $-0.0126801$ & $0.12643$ & $-0.0500156$ & $0.0793744$ & $-0.0121134$ & $0.121595$ & $-0.0428507$ & $-0.0271229$ \\
CHL1_22 & $-0.0456178$ & $-0.0706949$ & $0.0440357$ & $0.0170194$ & $0.0039367$ & $0.0099926$ & $0.0281428$ & $-0.0250418$ & $-0.024055$ & $0.122058$ & $-0.0510893$ & $0.0166857$ & $-0.0405446$ & $0.152641$ & $1$ & $0.318609$ & $0.075993$ & $-0.517431$ & $-0.128994$ & $0.0535325$ & $-0.170689$ & $-0.106745$ & $-0.0845761$ & $0.244366$ & $-0.186453$ & $0.0247251$ & $-0.473652$ & $-0.00170494$ & $-0.00763709$ & $0.000593214$ & $0.0116779$ & $0.0389961$ & $-0.000808627$ & $-0.568187$ & $-0.10521$ & $-0.0182237$ & $0.0122853$ & $0.00767588$ & $-0.0127896$ & $0.0453602$ & $0.000253775$ & $0.0836689$ & $0.112149$ & $-0.0570921$ & $-0.0592558$ & $-0.0502137$ & $0.11792$ & $-0.0398039$ & $-0.109684$ \\
CHL1_33 & $-0.0645137$ & $-0.0070468$ & $0.135808$ & $-0.13007$ & $-0.00423289$ & $0.0476254$ & $0.0622921$ & $0.00249228$ & $0.00285942$ & $0.128329$ & $-0.0827763$ & $0.0300511$ & $-0.00371853$ & $0.173633$ & $0.318609$ & $1$ & $0.0679523$ & $-0.129179$ & $-0.498203$ & $0.083353$ & $-0.0922915$ & $-0.176556$ & $-0.0970677$ & $0.21704$ & $-0.167582$ & $0.0230474$ & $-0.461373$ & $0.0397626$ & $-0.0139185$ & $-0.00789755$ & $0.00597965$ & $0.0738778$ & $-0.0160798$ & $-0.220201$ & $-0.0260353$ & $0.0378511$ & $-0.0194295$ & $0.0107547$ & $0.00821679$ & $0.141547$ & $0.00193533$ & $0.0939723$ & $0.176921$ & $-0.0738701$ & $0.0481997$ & $0.0203034$ & $0.129657$ & $-0.106595$ & $0.0169288$ \\
CHL3_11 & $-0.0609277$ & $0.047649$ & $0.0933616$ & $-0.0775197$ & $0.0319587$ & $-0.169593$ & $0.0876164$ & $-0.578218$ & $-0.577345$ & $0.741646$ & $0.25508$ & $-0.0418581$ & $-0.0650529$ & $0.560544$ & $0.075993$ & $0.0679523$ & $1$ & $0.604793$ & $0.60017$ & $-0.413097$ & $-0.239616$ & $-0.256398$ & $0.0272859$ & $0.580398$ & $0.694377$ & $0.00322114$ & $-0.283743$ & $-0.0322278$ & $-0.0168007$ & $-0.0236928$ & $0.0081045$ & $0.0886882$ & $0.00641408$ & $-0.29204$ & $-0.0333496$ & $0.0563426$ & $-0.0518401$ & $0.0120052$ & $-0.00511418$ & $0.0412533$ & $-0.00761301$ & $-0.0214339$ & $0.0860236$ & $-0.07562$ & $0.0995437$ & $-0.0260459$ & $0.146314$ & $-0.0213815$ & $-0.0470249$ \\
CHL3_22 & $-0.00332277$ & $0.0830039$ & $0.0477383$ & $-0.0833642$ & $0.0165027$ & $-0.0142606$ & $0.0565438$ & $-0.452348$ & $-0.451345$ & $0.493789$ & $0.246663$ & $0.0227264$ & $0.00886446$ & $0.421769$ & $-0.517431$ & $-0.129179$ & $0.604793$ & $1$ & $0.572438$ & $-0.3338$ & $-0.13458$ & $-0.160753$ & $0.0787014$ & $0.346786$ & $0.724007$ & $-0.0121802$ & $0.0815165$ & $-0.0330452$ & $-0.000260663$ & $-0.0284935$ & $-0.00685105$ & $0.0549546$ & $0.00536649$ & $0.230008$ & $0.0507256$ & $0.0423728$ & $-0.0446709$ & $-0.00659838$ & $0.000922694$ & $0.000868493$ & $-0.0150019$ & $-0.0652441$ & $0.0111443$ & $-0.0125057$ & $0.118446$ & $0.0213612$ & $0.0533398$ & $0.00501287$ & $0.0631977$ \\
CHL3_33 & $0.0197703$ & $0.0570817$ & $-0.0522638$ & $0.0375904$ & $0.0324212$ & $-0.0313158$ & $0.0180668$ & $-0.46477$ & $-0.462803$ & $0.482086$ & $0.267281$ & $-0.00234985$ & $-0.022807$ & $0.40791$ & $-0.128994$ & $-0.498203$ & $0.60017$ & $0.572438$ & $1$ & $-0.35816$ & $-0.159568$ & $-0.183757$ & $0.0815643$ & $0.357877$ & $0.709227$ & $0.00404574$ & $0.074632$ & $-0.0588155$ & $-0.00275703$ & $-0.0204719$ & $0.00281589$ & $0.0120901$ & $0.0167212$ & $-0.134409$ & $0.00161771$ & $0.00400658$ & $-0.00652368$ & $0.00983411$ & $-0.0190229$ & $-0.0853012$ & $-0.00929431$ & $-0.0971734$ & $-0.056543$ & $0.00821488$ & $0.0422387$ & $-0.0117466$ & $0.0203006$ & $0.0816131$ & $-0.0316979$ \\
CHe_11 & $0.069244$ & $0.0196791$ & $-0.0216129$ & $0.00463185$ & $-0.0871333$ & $-0.0656632$ & $-0.0645961$ & $0.86176$ & $0.859384$ & $-0.226151$ & $-0.886773$ & $0.0618672$ & $-0.014013$ & $-0.0521899$ & $0.0535325$ & $0.083353$ & $-0.413097$ & $-0.3338$ & $-0.35816$ & $1$ & $0.656967$ & $0.620023$ & $0.0106273$ & $-0.45663$ & $-0.390867$ & $-0.141809$ & $0.30086$ & $0.12788$ & $0.00308653$ & $-0.0251578$ & $-0.0274402$ & $-0.0578796$ & $-0.0508132$ & $0.441719$ & $0.0983375$ & $-0.0132066$ & $-0.0245956$ & $-0.015111$ & $-0.0281083$ & $0.0266307$ & $0.0283582$ & $0.0169712$ & $0.000295562$ & $0.112957$ & $-0.038469$ & $-0.036588$ & $-0.102137$ & $-0.0585765$ & $0.069457$ \\
CHe_22 & $0.0692596$ & $0.027856$ & $-0.019591$ & $-0.00921382$ & $-0.0559579$ & $-0.0594874$ & $-0.0675082$ & $0.645895$ & $0.64186$ & $-0.151771$ & $-0.668914$ & $-0.0337858$ & $-0.00705806$ & $0.025802$ & $-0.170689$ & $-0.0922915$ & $-0.239616$ & $-0.13458$ & $-0.159568$ & $0.656967$ & $1$ & $0.524758$ & $0.0696796$ & $-0.423254$ & $-0.20371$ & $-0.14984$ & $0.409219$ & $0.0838033$ & $0.00647047$ & $-0.0165083$ & $-0.0140043$ & $-0.0797883$ & $-0.0289015$ & $0.447274$ & $0.121117$ & $-0.00461459$ & $-0.0208489$ & $-0.0368951$ & $-0.0606603$ & $-0.00139149$ & $0.0485459$ & $-0.0628496$ & $-0.0370416$ & $0.0894094$ & $0.000513587$ & $-0.0194783$ & $-0.116215$ & $-0.0392716$ & $0.0765079$ \\
CHe_33 & $0.0854648$ & $0.0115071$ & $-0.0549706$ & $0.0424357$ & $-0.0439664$ & $-0.0624428$ & $-0.0510354$ & $0.628682$ & $0.624325$ & $-0.187998$ & $-0.632372$ & $-0.0613183$ & $-0.00273089$ & $-0.00290833$ & $-0.106745$ & $-0.176556$ & $-0.256398$ & $-0.160753$ & $-0.183757$ & $0.620023$ & $0.524758$ & $1$ & $0.0227864$ & $-0.407459$ & $-0.241664$ & $-0.129511$ & $0.359999$ & $0.101087$ & $0.00654139$ & $-0.031962$ & $-0.0244751$ & $-0.0701531$ & $-0.0502323$ & $0.431684$ & $0.102837$ & $-0.0425957$ & $-0.0257479$ & $-0.0338046$ & $-0.0149111$ & $0.0206756$ & $0.000117465$ & $-0.00206237$ & $-0.0145481$ & $0.119677$ & $-0.0372226$ & $-0.0173179$ & $-0.133197$ & $-0.0182589$ & $0.0668721$ \\
CHQ1_11 & $0.11323$ & $0.0327709$ & $0.0148907$ & $0.0240104$ & $-0.00510905$ & $-0.0182039$ & $0.0133599$ & $0.00583675$ & $0.00466843$ & $0.00800215$ & $-0.0112792$ & $0.0765969$ & $0.114911$ & $0.00512781$ & $-0.0845761$ & $-0.0970677$ & $0.0272859$ & $0.0787014$ & $0.0815643$ & $0.0106273$ & $0.0696796$ & $0.0227864$ & $1$ & $-0.0225958$ & $0.130252$ & $-0.595587$ & $0.246596$ & $0.0177318$ & $0.00599909$ & $0.0151621$ & $-0.00986433$ & $0.0277729$ & $0.0294402$ & $0.0722385$ & $0.119412$ & $-0.0375169$ & $0.0207169$ & $-0.0271318$ & $-0.0928758$ & $-0.113504$ & $0.022352$ & $-0.073114$ & $-0.0436947$ & $0.0760448$ & $-0.00669273$ & $0.0562668$ & $-0.0329013$ & $0.0189026$ & $0.0794329$ \\
CHQ1_33 & $-0.057778$ & $-0.0010439$ & $0.0763548$ & $-0.0459441$ & $0.0364182$ & $0.018753$ & $0.0668372$ & $-0.597449$ & $-0.594809$ & $0.504207$ & $0.398826$ & $0.0357267$ & $-0.0129369$ & $0.428144$ & $0.244366$ & $0.21704$ & $0.580398$ & $0.346786$ & $0.357877$ & $-0.45663$ & $-0.423254$ & $-0.407459$ & $-0.0225958$ & $1$ & $0.438029$ & $0.0506129$ & $-0.37901$ & $0.0551722$ & $-0.0062795$ & $-0.0175026$ & $-0.0015987$ & $0.0667317$ & $0.000553034$ & $-0.475216$ & $-0.0690982$ & $0.0185326$ & $-0.0115395$ & $0.0190089$ & $-0.00521685$ & $0.031005$ & $-0.00869988$ & $0.00893771$ & $0.0833963$ & $-0.102508$ & $0.0715051$ & $-0.0235603$ & $0.164584$ & $0.00602241$ & $-0.0695435$ \\
CHQ3_11 & $-0.00718078$ & $0.048468$ & $0.00116403$ & $-0.0134598$ & $0.0242795$ & $-0.0191668$ & $0.033723$ & $-0.530186$ & $-0.527575$ & $0.564762$ & $0.298301$ & $0.0302403$ & $0.00222639$ & $0.469815$ & $-0.186453$ & $-0.167582$ & $0.694377$ & $0.724007$ & $0.709227$ & $-0.390867$ & $-0.20371$ & $-0.241664$ & $0.130252$ & $0.438029$ & $1$ & $-0.00449001$ & $0.178236$ & $-0.0717183$ & $-0.00363314$ & $-0.0229553$ & $-0.00441176$ & $0.0311042$ & $0.0245578$ & $-0.10186$ & $0.0498953$ & $0.0361244$ & $-0.0319892$ & $-0.000716129$ & $0.00802481$ & $-0.0700676$ & $-0.00336497$ & $-0.0602584$ & $-0.0312311$ & $0.0117593$ & $0.0760456$ & $0.0113318$ & $0.0261587$ & $0.046606$ & $0.00329002$ \\
CHu_11 & $-0.0741569$ & $-0.0508319$ & $-0.0202061$ & $0.0100987$ & $-0.0119313$ & $0.0148225$ & $-0.0579854$ & $-0.119726$ & $-0.119313$ & $-0.00793892$ & $0.154138$ & $-0.0175851$ & $-0.0491419$ & $-0.0645086$ & $0.0247251$ & $0.0230474$ & $0.00322114$ & $-0.0121802$ & $0.00404574$ & $-0.141809$ & $-0.14984$ & $-0.129511$ & $-0.595587$ & $0.0506129$ & $-0.00449001$ & $1$ & $0.0883251$ & $-0.0590435$ & $-0.00872781$ & $0.0155046$ & $0.0215203$ & $-0.0584069$ & $0.00822945$ & $-0.0803054$ & $-0.0316146$ & $0.0259427$ & $-0.0260439$ & $0.0148263$ & $0.0856265$ & $0.0096782$ & $0.00429941$ & $0.0691719$ & $-0.0174774$ & $0.0121155$ & $-0.013107$ & $-0.0346207$ & $-0.0219486$ & $0.0129536$ & $-0.0457553$ \\
CHd_11 & $0.110696$ & $-0.00487163$ & $-0.131303$ & $0.106548$ & $-0.0536368$ & $-0.0597697$ & $-0.12666$ & $0.39616$ & $0.392832$ & $-0.295609$ & $-0.286949$ & $-0.0130662$ & $0.0605185$ & $-0.253704$ & $-0.473652$ & $-0.461373$ & $-0.283743$ & $0.0815165$ & $0.074632$ & $0.30086$ & $0.409219$ & $0.359999$ & $0.246596$ & $-0.37901$ & $0.178236$ & $0.0883251$ & $1$ & $-0.0102705$ & $0.0155937$ & $0.00695881$ & $-0.0101672$ & $-0.14052$ & $0.0101343$ & $0.575136$ & $0.196014$ & $-0.0179574$ & $0.0093774$ & $-0.0253692$ & $0.0071801$ & $-0.156949$ & $0.0403061$ & $-0.0596411$ & $-0.208983$ & $0.207998$ & $-0.0242949$ & $0.0172789$ & $-0.262443$ & $0.0836558$ & $0.113477$ \\
CHd_33 & $0.0111357$ & $0.00387432$ & $0.0178605$ & $-0.00663196$ & $0.0084865$ & $-0.0128415$ & $0.0428581$ & $0.132706$ & $0.132748$ & $-0.0242844$ & $-0.149226$ & $0.0107394$ & $0.0558642$ & $0.0252908$ & $-0.00170494$ & $0.0397626$ & $-0.0322278$ & $-0.0330452$ & $-0.0588155$ & $0.12788$ & $0.0838033$ & $0.101087$ & $0.0177318$ & $0.0551722$ & $-0.0717183$ & $-0.0590435$ & $-0.0102705$ & $1$ & $-0.00374582$ & $0.0050862$ & $0.0032169$ & $0.0476704$ & $0.00426068$ & $0.0788195$ & $0.0441761$ & $-0.00349894$ & $-0.0106683$ & $-0.0598977$ & $-0.0332567$ & $0.0239685$ & $-0.0912683$ & $-0.00805495$ & $0.0198086$ & $-0.00541362$ & $0.0107832$ & $0.0194157$ & $0.02473$ & $-0.0510588$ & $0.0757217$ \\
CeH_22r & $0.0200767$ & $-0.000929997$ & $-0.00342612$ & $0.0028036$ & $0.00731478$ & $0.00312174$ & $0.021154$ & $0.00457849$ & $0.0102498$ & $-0.0191234$ & $0.00184658$ & $0.0450382$ & $0.0403929$ & $-0.0155771$ & $-0.00763709$ & $-0.0139185$ & $-0.0168007$ & $-0.000260663$ & $-0.00275703$ & $0.00308653$ & $0.00647047$ & $0.00654139$ & $0.00599909$ & $-0.0062795$ & $-0.00363314$ & $-0.00872781$ & $0.0155937$ & $-0.00374582$ & $1$ & $0.0381384$ & $0.0272648$ & $-0.00411286$ & $0.0408042$ & $0.00990248$ & $0.00881308$ & $-0.019869$ & $0.00101871$ & $-0.00821627$ & $-0.0183372$ & $-0.01611$ & $-0.00506941$ & $-0.00220079$ & $0.00922019$ & $0.00809282$ & $-0.0211556$ & $0.00880484$ & $0.00419757$ & $-0.00110802$ & $0.0114906$ \\
CeH_33r & $0.0581491$ & $0.0163943$ & $-0.0183249$ & $0.0135919$ & $0.054838$ & $0.00893445$ & $-0.160762$ & $-0.0121067$ & $0.00803112$ & $-0.0389539$ & $0.030521$ & $0.309409$ & $0.152722$ & $-0.0469829$ & $0.000593214$ & $-0.00789755$ & $-0.0236928$ & $-0.0284935$ & $-0.0204719$ & $-0.0251578$ & $-0.0165083$ & $-0.031962$ & $0.0151621$ & $-0.0175026$ & $-0.0229553$ & $0.0155046$ & $0.00695881$ & $0.0050862$ & $0.0381384$ & $1$ & $0.318634$ & $0.0836144$ & $0.704458$ & $-0.0133247$ & $-0.000155041$ & $-0.0769164$ & $0.0240877$ & $-0.0693938$ & $-0.0716154$ & $-0.113605$ & $-0.049904$ & $-0.0492202$ & $-0.00352164$ & $-0.018142$ & $-0.0384333$ & $0.0466832$ & $0.0641142$ & $0.00507729$ & $0.0324051$ \\
CuH_22r & $0.0248579$ & $-0.0166681$ & $-0.00513309$ & $0.0103654$ & $0.0329794$ & $0.00525856$ & $-0.111821$ & $-0.0186537$ & $-0.00918844$ & $-0.0157484$ & $0.0185448$ & $0.101363$ & $0.0770984$ & $-0.00165738$ & $0.0116779$ & $0.00597965$ & $0.0081045$ & $-0.00685105$ & $0.00281589$ & $-0.0274402$ & $-0.0140043$ & $-0.0244751$ & $-0.00986433$ & $-0.0015987$ & $-0.00441176$ & $0.0215203$ & $-0.0101672$ & $0.0032169$ & $0.0272648$ & $0.318634$ & $1$ & $0.0376174$ & $0.389356$ & $-0.0207221$ & $-0.000756693$ & $-0.0274443$ & $0.002747$ & $-0.0311273$ & $-0.0208757$ & $-0.034172$ & $-0.0335381$ & $-0.00876524$ & $0.0211336$ & $-0.00456688$ & $0.000869662$ & $0.0176129$ & $0.0355308$ & $-0.00554528$ & $0.0218724$ \\
CuH_33r & $-0.314892$ & $0.0222275$ & $0.0508276$ & $0.0358459$ & $0.241043$ & $0.0168491$ & $0.852791$ & $-0.110275$ & $-0.0879906$ & $0.12457$ & $0.086904$ & $-0.00906122$ & $-0.20242$ & $0.04368$ & $0.0389961$ & $0.0738778$ & $0.0886882$ & $0.0549546$ & $0.0120901$ & $-0.0578796$ & $-0.0797883$ & $-0.0701531$ & $0.0277729$ & $0.0667317$ & $0.0311042$ & $-0.0584069$ & $-0.14052$ & $0.0476704$ & $-0.00411286$ & $0.0836144$ & $0.0376174$ & $1$ & $0.118676$ & $-0.0956599$ & $-0.18664$ & $0.100461$ & $0.00571171$ & $-0.263296$ & $0.148409$ & $0.0268985$ & $-0.458697$ & $0.096584$ & $0.241804$ & $-0.179625$ & $0.44424$ & $0.184882$ & $0.38444$ & $0.0661142$ & $0.189898$ \\
CdH_33r & $0.0725341$ & $0.0280324$ & $-0.0303575$ & $0.0145866$ & $0.0759808$ & $0.0239845$ & $-0.211514$ & $-0.0356644$ & $-0.0130088$ & $-0.0218964$ & $0.0451019$ & $0.318176$ & $0.165496$ & $-0.0233733$ & $-0.000808627$ & $-0.0160798$ & $0.00641408$ & $0.00536649$ & $0.0167212$ & $-0.0508132$ & $-0.0289015$ & $-0.0502323$ & $0.0294402$ & $0.000553034$ & $0.0245578$ & $0.00822945$ & $0.0101343$ & $0.00426068$ & $0.0408042$ & $0.704458$ & $0.389356$ & $0.118676$ & $1$ & $-0.0137009$ & $0.00110652$ & $-0.078795$ & $0.0266941$ & $-0.0892934$ & $-0.0716527$ & $-0.116325$ & $-0.0750435$ & $-0.0576271$ & $0.00189364$ & $-0.0204048$ & $-0.024988$ & $0.0604965$ & $0.0787612$ & $0.0160878$ & $0.0678013$ \\
CLL_1221 & $0.0941027$ & $0.0281695$ & $-0.0300737$ & $-0.020252$ & $-0.0652753$ & $-0.141215$ & $-0.0651235$ & $0.654354$ & $0.647336$ & $-0.35793$ & $-0.525306$ & $-0.165965$ & $0.0403553$ & $-0.233807$ & $-0.568187$ & $-0.220201$ & $-0.29204$ & $0.230008$ & $-0.134409$ & $0.441719$ & $0.447274$ & $0.431684$ & $0.0722385$ & $-0.475216$ & $-0.10186$ & $-0.0803054$ & $0.575136$ & $0.0788195$ & $0.00990248$ & $-0.0133247$ & $-0.0207221$ & $-0.0956599$ & $-0.0137009$ & $1$ & $0.175358$ & $0.00470795$ & $-0.0415381$ & $-0.0177556$ & $0.003455$ & $-0.00881944$ & $0.0460552$ & $-0.0225726$ & $-0.0804067$ & $0.144094$ & $0.015595$ & $0.0312605$ & $-0.193801$ & $-0.0110039$ & $0.165298$ \\
eHggint & $0.422881$ & $0.291243$ & $0.381609$ & $-0.295631$ & $-0.237548$ & $-0.0304416$ & $-0.17808$ & $0.126192$ & $0.120572$ & $-0.00685816$ & $-0.1326$ & $0.179736$ & $0.358387$ & $0.0125847$ & $-0.10521$ & $-0.0260353$ & $-0.0333496$ & $0.0507256$ & $0.00161771$ & $0.0983375$ & $0.121117$ & $0.102837$ & $0.119412$ & $-0.0690982$ & $0.0498953$ & $-0.0316146$ & $0.196014$ & $0.0441761$ & $0.00881308$ & $-0.000155041$ & $-0.000756693$ & $-0.18664$ & $0.00110652$ & $0.175358$ & $1$ & $0.160072$ & $-0.520636$ & $0.00230253$ & $-0.0299937$ & $-0.239984$ & $0.405451$ & $0.128555$ & $0.254175$ & $0.141183$ & $-0.330753$ & $0.318813$ & $-0.25816$ & $-0.46766$ & $0.202919$ \\
eHggpar & $-0.223114$ & $0.490307$ & $0.149146$ & $-0.214724$ & $-0.124011$ & $-0.0309525$ & $0.108629$ & $-0.0271206$ & $-0.0262246$ & $0.0628062$ & $0.000672734$ & $-0.242885$ & $-0.39487$ & $0.0300997$ & $-0.0182237$ & $0.0378511$ & $0.0563426$ & $0.0423728$ & $0.00400658$ & $-0.0132066$ & $-0.00461459$ & $-0.0425957$ & $-0.0375169$ & $0.0185326$ & $0.0361244$ & $0.0259427$ & $-0.0179574$ & $-0.00349894$ & $-0.019869$ & $-0.0769164$ & $-0.0274443$ & $0.100461$ & $-0.078795$ & $0.00470795$ & $0.160072$ & $1$ & $-0.103444$ & $-0.0303882$ & $0.358947$ & $0.159989$ & $0.143583$ & $0.256584$ & $0.0382807$ & $0.209317$ & $0.11681$ & $0.197662$ & $-0.36037$ & $-0.578763$ & $0.231255$ \\
eHWWint & $0.127079$ & $-0.18213$ & $-0.357253$ & $0.358834$ & $0.081271$ & $0.01062$ & $0.000659395$ & $-0.0225075$ & $-0.0213444$ & $-0.0507941$ & $0.0499974$ & $-0.0283583$ & $-0.130312$ & $-0.0623744$ & $0.0122853$ & $-0.0194295$ & $-0.0518401$ & $-0.0446709$ & $-0.00652368$ & $-0.0245956$ & $-0.0208489$ & $-0.0257479$ & $0.0207169$ & $-0.0115395$ & $-0.0319892$ & $-0.0260439$ & $0.0093774$ & $-0.0106683$ & $0.00101871$ & $0.0240877$ & $0.002747$ & $0.00571171$ & $0.0266941$ & $-0.0415381$ & $-0.520636$ & $-0.103444$ & $1$ & $-0.147079$ & $-0.34287$ & $-0.0481952$ & $-0.214321$ & $-0.251439$ & $-0.401089$ & $0.283175$ & $0.0871983$ & $-0.165425$ & $0.000298961$ & $0.295636$ & $-0.161112$ \\
eHWWpar & $0.0151189$ & $-0.0410099$ & $0.227716$ & $-0.26323$ & $-0.321322$ & $-0.0114956$ & $-0.211778$ & $-0.0155684$ & $-0.0231306$ & $-0.0150975$ & $0.00511332$ & $-0.104374$ & $-0.108812$ & $0.00125833$ & $0.00767588$ & $0.0107547$ & $0.0120052$ & $-0.00659838$ & $0.00983411$ & $-0.015111$ & $-0.0368951$ & $-0.0338046$ & $-0.0271318$ & $0.0190089$ & $-0.000716129$ & $0.0148263$ & $-0.0253692$ & $-0.0598977$ & $-0.00821627$ & $-0.0693938$ & $-0.0311273$ & $-0.263296$ & $-0.0892934$ & $-0.0177556$ & $0.00230253$ & $-0.0303882$ & $-0.147079$ & $1$ & $0.246807$ & $0.118617$ & $0.446963$ & $0.112059$ & $0.0703382$ & $-0.200496$ & $-0.0982476$ & $-0.089082$ & $-0.00593104$ & $0.150125$ & $-0.0972795$ \\
eHZZint & $-0.429632$ & $0.0215848$ & $-0.01962$ & $-0.0205576$ & $-0.089934$ & $-0.00562143$ & $0.163183$ & $-0.0151926$ & $-0.0118094$ & $-0.0291521$ & $0.0238856$ & $-0.271651$ & $-0.332089$ & $-0.0179245$ & $-0.0127896$ & $0.00821679$ & $-0.00511418$ & $0.000922694$ & $-0.0190229$ & $-0.0281083$ & $-0.0606603$ & $-0.0149111$ & $-0.0928758$ & $-0.00521685$ & $0.00802481$ & $0.0856265$ & $0.0071801$ & $-0.0332567$ & $-0.0183372$ & $-0.0716154$ & $-0.0208757$ & $0.148409$ & $-0.0716527$ & $0.003455$ & $-0.0299937$ & $0.358947$ & $-0.34287$ & $0.246807$ & $1$ & $0.323218$ & $-0.00423957$ & $0.490651$ & $0.301439$ & $-0.121976$ & $0.233622$ & $0.254448$ & $-0.104669$ & $0.00584587$ & $0.299882$ \\
eHZZpar & $-0.479025$ & $-0.0173079$ & $0.112298$ & $-0.346284$ & $0.0212785$ & $0.00799457$ & $0.0735487$ & $0.0270944$ & $0.0256664$ & $0.00303416$ & $-0.0620039$ & $-0.373958$ & $-0.45786$ & $0.076245$ & $0.0453602$ & $0.141547$ & $0.0412533$ & $0.000868493$ & $-0.0853012$ & $0.0266307$ & $-0.00139149$ & $0.0206756$ & $-0.113504$ & $0.031005$ & $-0.0700676$ & $0.0096782$ & $-0.156949$ & $0.0239685$ & $-0.01611$ & $-0.113605$ & $-0.034172$ & $0.0268985$ & $-0.116325$ & $-0.00881944$ & $-0.239984$ & $0.159989$ & $-0.0481952$ & $0.118617$ & $0.323218$ & $1$ & $-0.218449$ & $0.37462$ & $0.276467$ & $-0.0253036$ & $0.582078$ & $-0.175041$ & $0.0967269$ & $-0.0854825$ & $0.285759$ \\
eHZgaint & $0.264867$ & $0.243029$ & $0.163515$ & $-0.0822913$ & $-0.318681$ & $-0.0418802$ & $-0.393739$ & $0.0420653$ & $0.0307052$ & $-0.0105682$ & $-0.0454113$ & $-0.013853$ & $0.0426216$ & $-0.00613411$ & $0.000253775$ & $0.00193533$ & $-0.00761301$ & $-0.0150019$ & $-0.00929431$ & $0.0283582$ & $0.0485459$ & $0.000117465$ & $0.022352$ & $-0.00869988$ & $-0.00336497$ & $0.00429941$ & $0.0403061$ & $-0.0912683$ & $-0.00506941$ & $-0.049904$ & $-0.0335381$ & $-0.458697$ & $-0.0750435$ & $0.0460552$ & $0.405451$ & $0.143583$ & $-0.214321$ & $0.446963$ & $-0.00423957$ & $-0.218449$ & $1$ & $0.0502183$ & $-0.0789641$ & $0.0582084$ & $-0.371323$ & $-0.0780969$ & $-0.360922$ & $-0.0800809$ & $-0.15525$ \\
eHZgapar & $-0.166835$ & $-0.16337$ & $0.458578$ & $-0.14333$ & $-0.266167$ & $-0.0426006$ & $0.107696$ & $0.0275395$ & $0.030455$ & $-0.0347824$ & $-0.0284292$ & $-0.17999$ & $-0.199918$ & $-0.0126801$ & $0.0836689$ & $0.0939723$ & $-0.0214339$ & $-0.0652441$ & $-0.0971734$ & $0.0169712$ & $-0.0628496$ & $-0.00206237$ & $-0.073114$ & $0.00893771$ & $-0.0602584$ & $0.0691719$ & $-0.0596411$ & $-0.00805495$ & $-0.00220079$ & $-0.0492202$ & $-0.00876524$ & $0.096584$ & $-0.0576271$ & $-0.0225726$ & $0.128555$ & $0.256584$ & $-0.251439$ & $0.112059$ & $0.490651$ & $0.37462$ & $0.0502183$ & $1$ & $0.533064$ & $0.180165$ & $-0.000330836$ & $-0.00831102$ & $-0.039852$ & $-0.420551$ & $0.230723$ \\
eHgagaint & $0.00210994$ & $-0.0735782$ & $0.581305$ & $-0.406892$ & $-0.0431081$ & $0.0143468$ & $0.212094$ & $-0.0305603$ & $-0.0235671$ & $0.116187$ & $-0.0194359$ & $0.0177412$ & $0.034151$ & $0.12643$ & $0.112149$ & $0.176921$ & $0.0860236$ & $0.0111443$ & $-0.056543$ & $0.000295562$ & $-0.0370416$ & $-0.0145481$ & $-0.0436947$ & $0.0833963$ & $-0.0312311$ & $-0.0174774$ & $-0.208983$ & $0.0198086$ & $0.00922019$ & $-0.00352164$ & $0.0211336$ & $0.241804$ & $0.00189364$ & $-0.0804067$ & $0.254175$ & $0.0382807$ & $-0.401089$ & $0.0703382$ & $0.301439$ & $0.276467$ & $-0.0789641$ & $0.533064$ & $1$ & $-0.268051$ & $0.181313$ & $0.239289$ & $0.426043$ & $-0.335622$ & $0.147666$ \\
eHmumuint & $0.215581$ & $0.118442$ & $-0.0890674$ & $0.122162$ & $-0.196572$ & $-0.0474348$ & $-0.15167$ & $0.137326$ & $0.132888$ & $-0.0953477$ & $-0.127313$ & $-0.0489711$ & $-0.023172$ & $-0.0500156$ & $-0.0570921$ & $-0.0738701$ & $-0.07562$ & $-0.0125057$ & $0.00821488$ & $0.112957$ & $0.0894094$ & $0.119677$ & $0.0760448$ & $-0.102508$ & $0.0117593$ & $0.0121155$ & $0.207998$ & $-0.00541362$ & $0.00809282$ & $-0.018142$ & $-0.00456688$ & $-0.179625$ & $-0.0204048$ & $0.144094$ & $0.141183$ & $0.209317$ & $0.283175$ & $-0.200496$ & $-0.121976$ & $-0.0253036$ & $0.0582084$ & $0.180165$ & $-0.268051$ & $1$ & $-0.252832$ & $0.0286933$ & $-0.561073$ & $-0.286516$ & $0.17705$ \\
eHtautauint & $-0.547635$ & $-0.0481807$ & $-0.0286136$ & $-0.112722$ & $0.321215$ & $0.0187781$ & $0.413262$ & $-0.051472$ & $-0.0438774$ & $0.0612228$ & $0.0237419$ & $-0.328561$ & $-0.503182$ & $0.0793744$ & $-0.0592558$ & $0.0481997$ & $0.0995437$ & $0.118446$ & $0.0422387$ & $-0.038469$ & $0.000513587$ & $-0.0372226$ & $-0.00669273$ & $0.0715051$ & $0.0760456$ & $-0.013107$ & $-0.0242949$ & $0.0107832$ & $-0.0211556$ & $-0.0384333$ & $0.000869662$ & $0.44424$ & $-0.024988$ & $0.015595$ & $-0.330753$ & $0.11681$ & $0.0871983$ & $-0.0982476$ & $0.233622$ & $0.582078$ & $-0.371323$ & $-0.000330836$ & $0.181313$ & $-0.252832$ & $1$ & $-0.030018$ & $0.350601$ & $0.234086$ & $0.144589$ \\
eHccint & $0.0598403$ & $0.435117$ & $-0.0501586$ & $-0.302465$ & $0.301797$ & $0.0411292$ & $0.152655$ & $-0.0148656$ & $-0.00954028$ & $-0.0153704$ & $0.0442921$ & $0.1605$ & $0.291546$ & $-0.0121134$ & $-0.0502137$ & $0.0203034$ & $-0.0260459$ & $0.0213612$ & $-0.0117466$ & $-0.036588$ & $-0.0194783$ & $-0.0173179$ & $0.0562668$ & $-0.0235603$ & $0.0113318$ & $-0.0346207$ & $0.0172789$ & $0.0194157$ & $0.00880484$ & $0.0466832$ & $0.0176129$ & $0.184882$ & $0.0604965$ & $0.0312605$ & $0.318813$ & $0.197662$ & $-0.165425$ & $-0.089082$ & $0.254448$ & $-0.175041$ & $-0.0780969$ & $-0.00831102$ & $0.239289$ & $0.0286933$ & $-0.030018$ & $1$ & $-0.185368$ & $-0.108086$ & $0.529434$ \\
eHccpar & $-0.0356882$ & $-0.298278$ & $0.365924$ & $-0.155275$ & $0.108364$ & $0.061102$ & $0.309609$ & $-0.170497$ & $-0.161005$ & $0.181908$ & $0.115654$ & $0.14642$ & $0.0845238$ & $0.121595$ & $0.11792$ & $0.129657$ & $0.146314$ & $0.0533398$ & $0.0203006$ & $-0.102137$ & $-0.116215$ & $-0.133197$ & $-0.0329013$ & $0.164584$ & $0.0261587$ & $-0.0219486$ & $-0.262443$ & $0.02473$ & $0.00419757$ & $0.0641142$ & $0.0355308$ & $0.38444$ & $0.0787612$ & $-0.193801$ & $-0.25816$ & $-0.36037$ & $0.000298961$ & $-0.00593104$ & $-0.104669$ & $0.0967269$ & $-0.360922$ & $-0.039852$ & $0.426043$ & $-0.561073$ & $0.350601$ & $-0.185368$ & $1$ & $0.122623$ & $-0.202108$ \\
eHbbint & $-0.0950333$ & $-0.259228$ & $-0.58213$ & $0.462795$ & $0.320829$ & $0.0314077$ & $0.0685281$ & $-0.0396265$ & $-0.0387551$ & $-0.0613331$ & $0.076631$ & $-0.0865136$ & $-0.0968556$ & $-0.0428507$ & $-0.0398039$ & $-0.106595$ & $-0.0213815$ & $0.00501287$ & $0.0816131$ & $-0.0585765$ & $-0.0392716$ & $-0.0182589$ & $0.0189026$ & $0.00602241$ & $0.046606$ & $0.0129536$ & $0.0836558$ & $-0.0510588$ & $-0.00110802$ & $0.00507729$ & $-0.00554528$ & $0.0661142$ & $0.0160878$ & $-0.0110039$ & $-0.46766$ & $-0.578763$ & $0.295636$ & $0.150125$ & $0.00584587$ & $-0.0854825$ & $-0.0800809$ & $-0.420551$ & $-0.335622$ & $-0.286516$ & $0.234086$ & $-0.108086$ & $0.122623$ & $1$ & $-0.208249$ \\
eHbbpar & $-0.113192$ & $0.375872$ & $-0.0259664$ & $-0.321914$ & $0.159045$ & $0.0039644$ & $0.159784$ & $0.0951263$ & $0.0993212$ & $-0.0657378$ & $-0.0814474$ & $0.0421208$ & $0.137686$ & $-0.0271229$ & $-0.109684$ & $0.0169288$ & $-0.0470249$ & $0.0631977$ & $-0.0316979$ & $0.069457$ & $0.0765079$ & $0.0668721$ & $0.0794329$ & $-0.0695435$ & $0.00329002$ & $-0.0457553$ & $0.113477$ & $0.0757217$ & $0.0114906$ & $0.0324051$ & $0.0218724$ & $0.189898$ & $0.0678013$ & $0.165298$ & $0.202919$ & $0.231255$ & $-0.161112$ & $-0.0972795$ & $0.299882$ & $0.285759$ & $-0.15525$ & $0.230723$ & $0.147666$ & $0.17705$ & $0.144589$ & $0.529434$ & $-0.202108$ & $-0.208249$ & $1$ \\
