 & AlsMz & dAle5Mz & mtop & mHl & Mz & CW & CHG & CHWB & CHWHB_gaga & CHWHB_gagaorth & CHD & CHbox & CH & CHL1_11 & CHL1_22 & CHL1_33 & CHL3_11 & CHL3_22 & CHL3_33 & CHe_11 & CHe_22 & CHe_33 & CHQ1_11 & CHQ1_33 & CHQ3_11 & CHu_11 & CHd_11 & CHd_33 & CeH_22r & CeH_33r & CuH_22r & CuH_33r & CdH_33r & CLL_1221 & eHggint & eHggpar & eHWWint & eHWWpar & eHZZint & eHZZpar & eHZgaint & eHZgapar & eHgagaint & eHmumuint & eHtautauint & eHccint & eHccpar & eHbbint & eHbbpar \\
AlsMz & $1$ & $-0.0197924$ & $0.0636231$ & $-0.270207$ & $0.0535201$ & $-0.0318792$ & $-0.0380242$ & $0.0468967$ & $0.0373427$ & $-0.0448534$ & $-0.0436132$ & $-0.030557$ & $0.0210793$ & $-0.0197834$ & $-0.0221456$ & $-0.0229552$ & $0.0115245$ & $-0.00179958$ & $0.00333463$ & $0.033501$ & $0.0467169$ & $0.0500369$ & $0.0902628$ & $-0.0471346$ & $-0.0318863$ & $-0.0909162$ & $0.101015$ & $0.108073$ & $0.0324673$ & $0.0325491$ & $-0.0271684$ & $-0.0228656$ & $-0.0492911$ & $0.0684528$ & $0.260143$ & $-0.273312$ & $0.129618$ & $0.138863$ & $0.138887$ & $-0.0470463$ & $-0.223788$ & $-0.0176502$ & $-0.0458906$ & $-0.318798$ & $0.306359$ & $0.0892533$ & $-0.300826$ & $0.137647$ & $-0.287295$ \\
dAle5Mz & $-0.0197924$ & $1$ & $0.0607485$ & $-0.348614$ & $-0.0227003$ & $0.0398635$ & $-0.00785406$ & $0.0245607$ & $0.00835924$ & $-0.0403091$ & $-0.00135724$ & $-0.00442915$ & $0.0119477$ & $-0.0277436$ & $-0.0549512$ & $-0.070736$ & $-0.0646479$ & $-0.023767$ & $-0.00652974$ & $0.00688304$ & $0.0231675$ & $0.0267998$ & $0.0329632$ & $-0.0628844$ & $-0.00138258$ & $-0.0166183$ & $0.113022$ & $0.0393074$ & $-0.0283053$ & $0.0307314$ & $-0.0486613$ & $-0.000818628$ & $0.0785253$ & $0.0823474$ & $0.0854003$ & $-0.146334$ & $-0.00941613$ & $0.0591739$ & $0.0664615$ & $0.0287092$ & $-0.0217344$ & $0.0366571$ & $-0.41637$ & $-0.38248$ & $0.218376$ & $0.207832$ & $-0.200061$ & $-0.218157$ & $0.318042$ \\
mtop & $0.0636231$ & $0.0607485$ & $1$ & $0.0991875$ & $0.0313277$ & $-0.0277122$ & $0.0330146$ & $0.127334$ & $0.131442$ & $-0.13706$ & $-0.0725059$ & $-0.0498053$ & $0.0584068$ & $-0.0586375$ & $-0.119762$ & $-0.0945684$ & $-0.0748303$ & $-0.0235369$ & $-0.0323724$ & $0.0586422$ & $0.101307$ & $0.110095$ & $0.130826$ & $-0.129787$ & $0.0259121$ & $-0.0735185$ & $0.311663$ & $0.00285677$ & $0.0502015$ & $0.0598297$ & $0.0339202$ & $0.0504733$ & $-0.0109646$ & $0.211218$ & $0.128971$ & $0.149345$ & $-0.0530127$ & $-0.0637148$ & $0.0354885$ & $0.0772911$ & $0.150929$ & $-0.0698167$ & $0.0228155$ & $-0.114532$ & $0.215309$ & $0.172078$ & $-0.0961929$ & $0.00168441$ & $-0.209416$ \\
mHl & $-0.270207$ & $-0.348614$ & $0.0991875$ & $1$ & $-0.000883614$ & $-0.00849319$ & $0.0793374$ & $-0.00133246$ & $0.0203157$ & $-0.051777$ & $0.00694885$ & $-0.0443401$ & $-0.0478816$ & $-0.00826238$ & $0.092482$ & $0.0492895$ & $-0.0231374$ & $-0.0633077$ & $-0.0324902$ & $-0.000232553$ & $-0.0223831$ & $-0.0177419$ & $-0.0452307$ & $0.0186526$ & $-0.0519809$ & $0.0288407$ & $-0.112208$ & $-0.0454716$ & $0.0269671$ & $-0.0445263$ & $-0.0379635$ & $0.0757278$ & $-0.0903242$ & $-0.0920171$ & $-0.252296$ & $0.53913$ & $-0.0113326$ & $-0.190748$ & $0.120656$ & $0.0176108$ & $0.442348$ & $0.0122872$ & $0.508464$ & $0.325888$ & $-0.339949$ & $-0.0306596$ & $0.0162151$ & $0.0891118$ & $-0.204886$ \\
Mz & $0.0535201$ & $-0.0227003$ & $0.0313277$ & $-0.000883614$ & $1$ & $0.016474$ & $0.00377564$ & $0.0227446$ & $0.01989$ & $-0.0607059$ & $0.00428133$ & $-0.0297541$ & $0.0158088$ & $-0.0389644$ & $0.00276018$ & $-0.0165534$ & $-0.031009$ & $-0.0418519$ & $-0.0244064$ & $0.00191612$ & $0.00622349$ & $0.00273018$ & $0.00745956$ & $-0.0325173$ & $-0.0398982$ & $-0.00947571$ & $0.0187492$ & $0.0149009$ & $-0.00387946$ & $0.00381859$ & $-0.000415308$ & $0.00782627$ & $0.0098916$ & $0.0165086$ & $0.00874$ & $-0.00280175$ & $-0.014754$ & $-0.00732713$ & $-0.0404532$ & $-0.0422242$ & $-0.00604944$ & $0.0173807$ & $-0.000262742$ & $-0.00370657$ & $0.00374634$ & $0.0285462$ & $-0.0327214$ & $0.00738633$ & $-0.0126577$ \\
CW & $-0.0318792$ & $0.0398635$ & $-0.0277122$ & $-0.00849319$ & $0.016474$ & $1$ & $0.00574459$ & $-0.141675$ & $-0.143029$ & $0.013721$ & $0.200448$ & $0.0218703$ & $-0.0411223$ & $0.0304127$ & $-0.0989285$ & $-0.123066$ & $-0.26712$ & $-0.0390523$ & $-0.0177406$ & $-0.199297$ & $-0.199481$ & $-0.203397$ & $-0.0324843$ & $-0.000221268$ & $-0.0809217$ & $0.140613$ & $-0.0882215$ & $-0.0810333$ & $-0.0100032$ & $-0.015031$ & $-0.0321428$ & $0.00435415$ & $-0.0257237$ & $-0.131227$ & $-0.0602271$ & $-0.0158307$ & $-0.0295443$ & $-0.00249596$ & $0.0165063$ & $-0.0303541$ & $0.0325174$ & $0.0118387$ & $-0.0267516$ & $-0.00400498$ & $-0.0051838$ & $0.0303428$ & $0.033468$ & $-0.0644692$ & $-0.0104275$ \\
CHG & $-0.0380242$ & $-0.00785406$ & $0.0330146$ & $0.0793374$ & $0.00377564$ & $0.00574459$ & $1$ & $-0.0866483$ & $-0.0383521$ & $0.0403123$ & $0.0481854$ & $-0.143828$ & $-0.280532$ & $0.0517308$ & $-0.0225502$ & $-0.00568017$ & $0.0767381$ & $0.0920168$ & $0.0790241$ & $-0.0444412$ & $-0.0511814$ & $-0.0504553$ & $0.00929721$ & $0.103247$ & $0.0983338$ & $0.00130811$ & $-0.0274534$ & $-0.0127483$ & $0.00515566$ & $-0.106849$ & $-0.0837158$ & $0.932642$ & $-0.199562$ & $-0.0547017$ & $0.00465127$ & $0.0143394$ & $-0.0240058$ & $0.00649122$ & $0.084812$ & $0.0523249$ & $0.0358586$ & $-0.00327563$ & $-0.0338781$ & $0.0208963$ & $0.0322408$ & $-0.0218218$ & $-0.00396044$ & $-0.0871104$ & $-0.0521223$ \\
CHWB & $0.0468967$ & $0.0245607$ & $0.127334$ & $-0.00133246$ & $0.0227446$ & $-0.141675$ & $-0.0866483$ & $1$ & $0.985042$ & $-0.572755$ & $-0.884536$ & $-0.0911039$ & $0.363143$ & $0.0913607$ & $0.32274$ & $0.331113$ & $-0.242788$ & $-0.45515$ & $-0.460974$ & $0.857384$ & $0.902133$ & $0.88177$ & $0.110426$ & $-0.687056$ & $-0.440507$ & $-0.548387$ & $0.4135$ & $0.304735$ & $-0.00228046$ & $0.125374$ & $0.0346431$ & $-0.0754532$ & $0.140733$ & $0.578847$ & $0.0588471$ & $0.0140647$ & $0.0543249$ & $-0.013616$ & $0.0290322$ & $-0.00508337$ & $-0.0219895$ & $0.0107694$ & $-0.0373511$ & $-0.052682$ & $0.0317293$ & $0.0699393$ & $-0.110745$ & $0.0668186$ & $-0.0106916$ \\
CHWHB_gaga & $0.0373427$ & $0.00835924$ & $0.131442$ & $0.0203157$ & $0.01989$ & $-0.143029$ & $-0.0383521$ & $0.985042$ & $1$ & $-0.559834$ & $-0.869643$ & $-0.0696568$ & $0.359495$ & $0.0859658$ & $0.3207$ & $0.329364$ & $-0.243265$ & $-0.453214$ & $-0.459091$ & $0.84347$ & $0.886325$ & $0.866093$ & $0.108747$ & $-0.677575$ & $-0.438308$ & $-0.541339$ & $0.402748$ & $0.296873$ & $0.0031807$ & $0.141198$ & $0.0457932$ & $-0.0354188$ & $0.155931$ & $0.566991$ & $0.0555365$ & $0.0166448$ & $0.057297$ & $-0.0257424$ & $0.029927$ & $0.00256747$ & $-0.0123404$ & $0.0069793$ & $0.00091957$ & $-0.0393702$ & $0.0167534$ & $0.0734934$ & $-0.0987852$ & $0.0722719$ & $-0.0198843$ \\
CHWHB_gagaorth & $-0.0448534$ & $-0.0403091$ & $-0.13706$ & $-0.051777$ & $-0.0607059$ & $0.013721$ & $0.0403123$ & $-0.572755$ & $-0.559834$ & $1$ & $0.363998$ & $0.467177$ & $-0.252641$ & $0.226777$ & $-0.128948$ & $-0.112335$ & $0.431939$ & $0.496853$ & $0.47526$ & $-0.350056$ & $-0.383727$ & $-0.371239$ & $-0.0685373$ & $0.553813$ & $0.48523$ & $0.229016$ & $-0.255111$ & $-0.164833$ & $-0.00642504$ & $-0.140946$ & $-0.0607782$ & $0.043754$ & $-0.158728$ & $-0.365385$ & $-0.00110873$ & $-0.0414444$ & $-0.0375609$ & $-0.00333353$ & $-0.0643572$ & $-0.014736$ & $-0.0695006$ & $0.0052964$ & $-0.00677538$ & $0.0471974$ & $-0.0283645$ & $-0.0777955$ & $0.0805103$ & $-0.0250293$ & $0.00628803$ \\
CHD & $-0.0436132$ & $-0.00135724$ & $-0.0725059$ & $0.00694885$ & $0.00428133$ & $0.200448$ & $0.0481854$ & $-0.884536$ & $-0.869643$ & $0.363998$ & $1$ & $0.187555$ & $-0.192674$ & $-0.495607$ & $-0.446762$ & $-0.441367$ & $-0.200616$ & $0.0966792$ & $0.105476$ & $-0.991047$ & $-0.991655$ & $-0.970699$ & $-0.0496844$ & $0.338631$ & $0.0591376$ & $0.592678$ & $-0.295955$ & $-0.315101$ & $0.00343618$ & $-0.0734655$ & $-0.0137296$ & $0.0515364$ & $-0.100757$ & $-0.381543$ & $-0.0231637$ & $-0.00333908$ & $-0.0235419$ & $0.00543657$ & $0.0243506$ & $0.00668028$ & $0.069054$ & $-0.0147786$ & $0.0345757$ & $0.0457445$ & $-0.00683133$ & $-0.0635631$ & $0.110596$ & $-0.0787768$ & $-0.0201833$ \\
CHbox & $-0.030557$ & $-0.00442915$ & $-0.0498053$ & $-0.0443401$ & $-0.0297541$ & $0.0218703$ & $-0.143828$ & $-0.0911039$ & $-0.0696568$ & $0.467177$ & $0.187555$ & $1$ & $0.433446$ & $-0.242892$ & $-0.0327828$ & $0.0166745$ & $-0.201832$ & $-0.155035$ & $-0.185501$ & $-0.172226$ & $-0.191236$ & $-0.18467$ & $0.0202584$ & $-0.052187$ & $-0.171057$ & $0.0855654$ & $-0.0975734$ & $-0.0627034$ & $0.0383075$ & $0.304682$ & $0.0887057$ & $-0.0510071$ & $0.362267$ & $-0.0519109$ & $0.0885358$ & $-0.0448054$ & $0.0101783$ & $-0.0365528$ & $-0.00556394$ & $-0.0138259$ & $-0.0225191$ & $-0.022803$ & $-0.0171927$ & $0.0168938$ & $-5.52589e-05$ & $-0.0265359$ & $0.096888$ & $-0.0267825$ & $-0.00865168$ \\
CH & $0.0210793$ & $0.0119477$ & $0.0584068$ & $-0.0478816$ & $0.0158088$ & $-0.0411223$ & $-0.280532$ & $0.363143$ & $0.359495$ & $-0.252641$ & $-0.192674$ & $0.433446$ & $1$ & $-0.238893$ & $0.076701$ & $0.103443$ & $-0.345568$ & $-0.38256$ & $-0.392086$ & $0.187844$ & $0.203144$ & $0.198543$ & $0.0535442$ & $-0.394724$ & $-0.394847$ & $-0.137557$ & $0.123183$ & $0.0854597$ & $0.0555231$ & $0.272735$ & $0.114103$ & $-0.225764$ & $0.350523$ & $0.240113$ & $0.0659393$ & $-0.0492726$ & $0.0384282$ & $-0.0145425$ & $-0.0018715$ & $8.62895e-05$ & $0.00124363$ & $-0.0290149$ & $0.0022018$ & $-0.0333701$ & $-0.00320123$ & $0.0218496$ & $0.0376301$ & $0.0124505$ & $-0.00818501$ \\
CHL1_11 & $-0.0197834$ & $-0.0277436$ & $-0.0586375$ & $-0.00826238$ & $-0.0389644$ & $0.0304127$ & $0.0517308$ & $0.0913607$ & $0.0859658$ & $0.226777$ & $-0.495607$ & $-0.242892$ & $-0.238893$ & $1$ & $0.280915$ & $0.246059$ & $0.639419$ & $0.58781$ & $0.589011$ & $0.514032$ & $0.456765$ & $0.447021$ & $-0.0871992$ & $0.445478$ & $0.607336$ & $-0.248394$ & $-0.0777818$ & $0.102067$ & $-0.0108192$ & $-0.0630661$ & $-0.0412691$ & $0.0249116$ & $-0.0457626$ & $-0.230713$ & $-0.066563$ & $-0.00850413$ & $-0.0584284$ & $0.012954$ & $-0.0976016$ & $0.000330662$ & $-0.0974541$ & $0.00432122$ & $6.20124e-05$ & $0.0183139$ & $-0.0463385$ & $0.0109241$ & $-0.0306753$ & $0.0536247$ & $0.0499757$ \\
CHL1_22 & $-0.0221456$ & $-0.0549512$ & $-0.119762$ & $0.092482$ & $0.00276018$ & $-0.0989285$ & $-0.0225502$ & $0.32274$ & $0.3207$ & $-0.128948$ & $-0.446762$ & $-0.0327828$ & $0.076701$ & $0.280915$ & $1$ & $0.395246$ & $0.175396$ & $-0.441752$ & $-0.00110326$ & $0.503897$ & $0.369024$ & $0.361481$ & $-0.167137$ & $0.088203$ & $-0.0967655$ & $-0.204714$ & $-0.337042$ & $0.132472$ & $-0.0095836$ & $0.00712302$ & $0.00767944$ & $-0.032875$ & $0.0324596$ & $-0.553975$ & $-0.070068$ & $-0.0423737$ & $0.008978$ & $-0.0365507$ & $-0.114166$ & $-0.0590387$ & $-0.01464$ & $0.035352$ & $0.0746121$ & $0.0462266$ & $-0.140173$ & $0.069604$ & $0.0887927$ & $-0.0661027$ & $0.0489948$ \\
CHL1_33 & $-0.0229552$ & $-0.070736$ & $-0.0945684$ & $0.0492895$ & $-0.0165534$ & $-0.123066$ & $-0.00568017$ & $0.331113$ & $0.329364$ & $-0.112335$ & $-0.441367$ & $0.0166745$ & $0.103443$ & $0.246059$ & $0.395246$ & $1$ & $0.155129$ & $-0.00945325$ & $-0.458034$ & $0.498438$ & $0.366221$ & $0.381382$ & $-0.158339$ & $0.0550938$ & $-0.120339$ & $-0.194926$ & $-0.331722$ & $0.110755$ & $0.0251854$ & $0.0247039$ & $-0.00172851$ & $-0.0105086$ & $0.0663415$ & $-0.00977214$ & $-0.0442711$ & $-0.0889429$ & $-0.0255425$ & $-0.026366$ & $-0.0659692$ & $-0.0690121$ & $-0.0174567$ & $0.0304778$ & $0.0303422$ & $0.0261837$ & $-0.0612195$ & $0.0305281$ & $0.0672058$ & $-0.0556944$ & $0.0421023$ \\
CHL3_11 & $0.0115245$ & $-0.0646479$ & $-0.0748303$ & $-0.0231374$ & $-0.031009$ & $-0.26712$ & $0.0767381$ & $-0.242788$ & $-0.243265$ & $0.431939$ & $-0.200616$ & $-0.201832$ & $-0.345568$ & $0.639419$ & $0.175396$ & $0.155129$ & $1$ & $0.728544$ & $0.719183$ & $0.222863$ & $0.166044$ & $0.166062$ & $-0.0742625$ & $0.665165$ & $0.780095$ & $-0.0944852$ & $-0.152273$ & $0.0187503$ & $0.00141607$ & $-0.108203$ & $-0.0300543$ & $0.0481861$ & $-0.080418$ & $-0.265752$ & $-0.0517294$ & $-0.00285322$ & $-0.04186$ & $0.0112605$ & $-0.0960688$ & $-0.00320913$ & $-0.0892681$ & $0.0122969$ & $-0.00899461$ & $-0.00537501$ & $-0.0281729$ & $-0.0252114$ & $-0.0238487$ & $0.0354766$ & $0.0610892$ \\
CHL3_22 & $-0.00179958$ & $-0.023767$ & $-0.0235369$ & $-0.0633077$ & $-0.0418519$ & $-0.0390523$ & $0.0920168$ & $-0.45515$ & $-0.453214$ & $0.496853$ & $0.0966792$ & $-0.155035$ & $-0.38256$ & $0.58781$ & $-0.441752$ & $-0.00945325$ & $0.728544$ & $1$ & $0.655501$ & $-0.0938171$ & $-0.0962885$ & $-0.0895323$ & $-0.0143998$ & $0.625553$ & $0.794286$ & $0.0662486$ & $-0.0275143$ & $-0.077744$ & $0.00587507$ & $-0.107472$ & $-0.0457922$ & $0.0705325$ & $-0.100572$ & $-0.00927246$ & $-0.028251$ & $0.00788716$ & $-0.0717703$ & $0.0368051$ & $-0.0286644$ & $0.0325749$ & $-0.0741755$ & $-0.014321$ & $-0.039383$ & $-0.0102521$ & $0.0433447$ & $-0.0597146$ & $-0.0501385$ & $0.0607096$ & $0.0249828$ \\
CHL3_33 & $0.00333463$ & $-0.00652974$ & $-0.0323724$ & $-0.0324902$ & $-0.0244064$ & $-0.0177406$ & $0.0790241$ & $-0.460974$ & $-0.459091$ & $0.47526$ & $0.105476$ & $-0.185501$ & $-0.392086$ & $0.589011$ & $-0.00110326$ & $-0.458034$ & $0.719183$ & $0.655501$ & $1$ & $-0.104117$ & $-0.103444$ & $-0.0936457$ & $-0.0198574$ & $0.635093$ & $0.796508$ & $0.0695265$ & $-0.0166062$ & $-0.0649368$ & $-0.0181515$ & $-0.115423$ & $-0.0440344$ & $0.0551845$ & $-0.123479$ & $-0.410097$ & $-0.0415809$ & $0.0409871$ & $-0.037076$ & $0.0218014$ & $-0.0684054$ & $0.0363268$ & $-0.0721244$ & $-0.00795205$ & $-0.00313554$ & $0.00784517$ & $-0.0134134$ & $-0.034678$ & $-0.0368352$ & $0.0550186$ & $0.0273205$ \\
CHe_11 & $0.033501$ & $0.00688304$ & $0.0586422$ & $-0.000232553$ & $0.00191612$ & $-0.199297$ & $-0.0444412$ & $0.857384$ & $0.84347$ & $-0.350056$ & $-0.991047$ & $-0.172226$ & $0.187844$ & $0.514032$ & $0.503897$ & $0.498438$ & $0.222863$ & $-0.0938171$ & $-0.104117$ & $1$ & $0.974548$ & $0.954941$ & $0.0233993$ & $-0.285651$ & $-0.0454199$ & $-0.578737$ & $0.230291$ & $0.311708$ & $-0.00376744$ & $0.0712764$ & $0.011712$ & $-0.0483699$ & $0.101716$ & $0.309284$ & $0.0145237$ & $-0.00721932$ & $0.0138205$ & $-0.00374907$ & $-0.0337651$ & $-0.0106063$ & $-0.0681037$ & $0.0180656$ & $-0.0306352$ & $-0.0430191$ & $-0.00129738$ & $0.0700726$ & $-0.0964359$ & $0.0622119$ & $0.0285779$ \\
CHe_22 & $0.0467169$ & $0.0231675$ & $0.101307$ & $-0.0223831$ & $0.00622349$ & $-0.199481$ & $-0.0511814$ & $0.902133$ & $0.886325$ & $-0.383727$ & $-0.991655$ & $-0.191236$ & $0.203144$ & $0.456765$ & $0.369024$ & $0.366221$ & $0.166044$ & $-0.0962885$ & $-0.103444$ & $0.974548$ & $1$ & $0.975131$ & $0.0816397$ & $-0.393301$ & $-0.0717578$ & $-0.599992$ & $0.371445$ & $0.317161$ & $-0.00464385$ & $0.0792914$ & $0.0159269$ & $-0.0525574$ & $0.104733$ & $0.461766$ & $0.0376134$ & $0.0123065$ & $0.0269707$ & $-0.00219367$ & $-0.0105514$ & $-0.000366307$ & $-0.0689695$ & $0.0107752$ & $-0.0506857$ & $-0.0573155$ & $0.0262261$ & $0.0627145$ & $-0.129817$ & $0.088089$ & $0.017645$ \\
CHe_33 & $0.0500369$ & $0.0267998$ & $0.110095$ & $-0.0177419$ & $0.00273018$ & $-0.203397$ & $-0.0504553$ & $0.88177$ & $0.866093$ & $-0.371239$ & $-0.970699$ & $-0.18467$ & $0.198543$ & $0.447021$ & $0.361481$ & $0.381382$ & $0.166062$ & $-0.0895323$ & $-0.0936457$ & $0.954941$ & $0.975131$ & $1$ & $0.0754721$ & $-0.38119$ & $-0.0656466$ & $-0.583358$ & $0.364613$ & $0.306096$ & $-0.00380831$ & $0.0811475$ & $0.0105372$ & $-0.050842$ & $0.100567$ & $0.454135$ & $0.0358069$ & $0.00851048$ & $0.0351854$ & $-0.0151374$ & $-0.0132411$ & $0.000500178$ & $-0.0622103$ & $0.02061$ & $-0.0454882$ & $-0.0536945$ & $0.025744$ & $0.0632508$ & $-0.1307$ & $0.0820338$ & $0.0165603$ \\
CHQ1_11 & $0.0902628$ & $0.0329632$ & $0.130826$ & $-0.0452307$ & $0.00745956$ & $-0.0324843$ & $0.00929721$ & $0.110426$ & $0.108747$ & $-0.0685373$ & $-0.0496844$ & $0.0202584$ & $0.0535442$ & $-0.0871992$ & $-0.167137$ & $-0.158339$ & $-0.0742625$ & $-0.0143998$ & $-0.0198574$ & $0.0233993$ & $0.0816397$ & $0.0754721$ & $1$ & $-0.166024$ & $0.0379375$ & $-0.684387$ & $0.378617$ & $0.0164658$ & $0.0346193$ & $0.0833813$ & $0.00735654$ & $0.0308549$ & $0.0600627$ & $0.241513$ & $0.138542$ & $0.0166323$ & $0.0862828$ & $0.0206467$ & $0.116918$ & $0.0146264$ & $-0.0115773$ & $-0.0193917$ & $-0.0430199$ & $-0.0419605$ & $0.0834293$ & $0.0054086$ & $-0.08666$ & $0.050498$ & $-0.0331398$ \\
CHQ1_33 & $-0.0471346$ & $-0.0628844$ & $-0.129787$ & $0.0186526$ & $-0.0325173$ & $-0.000221268$ & $0.103247$ & $-0.687056$ & $-0.677575$ & $0.553813$ & $0.338631$ & $-0.052187$ & $-0.394724$ & $0.445478$ & $0.088203$ & $0.0550938$ & $0.665165$ & $0.625553$ & $0.635093$ & $-0.285651$ & $-0.393301$ & $-0.38119$ & $-0.166024$ & $1$ & $0.673856$ & $0.25125$ & $-0.393035$ & $-0.0608037$ & $0.00763535$ & $-0.13089$ & $-0.0337404$ & $0.0832361$ & $-0.117243$ & $-0.650666$ & $-0.0857473$ & $-0.0247061$ & $-0.0683147$ & $0.0213642$ & $-0.0730641$ & $0.0151958$ & $-0.0339972$ & $0.00805065$ & $0.045628$ & $0.0685248$ & $-0.0548374$ & $-0.0530886$ & $0.0921673$ & $-0.0268431$ & $0.0239655$ \\
CHQ3_11 & $-0.0318863$ & $-0.00138258$ & $0.0259121$ & $-0.0519809$ & $-0.0398982$ & $-0.0809217$ & $0.0983338$ & $-0.440507$ & $-0.438308$ & $0.48523$ & $0.0591376$ & $-0.171057$ & $-0.394847$ & $0.607336$ & $-0.0967655$ & $-0.120339$ & $0.780095$ & $0.794286$ & $0.796508$ & $-0.0454199$ & $-0.0717578$ & $-0.0656466$ & $0.0379375$ & $0.673856$ & $1$ & $0.0517364$ & $0.172958$ & $-0.0508705$ & $-0.0195092$ & $-0.114904$ & $-0.0614245$ & $0.0751952$ & $-0.113683$ & $-0.282551$ & $-0.00910173$ & $0.0568871$ & $-0.0293984$ & $0.0241555$ & $-0.0429845$ & $0.0483995$ & $-0.0795588$ & $-0.00838125$ & $-0.025003$ & $0.0310879$ & $0.0289243$ & $-0.0742491$ & $-0.0862723$ & $0.0852826$ & $0.0230907$ \\
CHu_11 & $-0.0909162$ & $-0.0166183$ & $-0.0735185$ & $0.0288407$ & $-0.00947571$ & $0.140613$ & $0.00130811$ & $-0.548387$ & $-0.541339$ & $0.229016$ & $0.592678$ & $0.0855654$ & $-0.137557$ & $-0.248394$ & $-0.204714$ & $-0.194926$ & $-0.0944852$ & $0.0662486$ & $0.0695265$ & $-0.578737$ & $-0.599992$ & $-0.583358$ & $-0.684387$ & $0.25125$ & $0.0517364$ & $1$ & $-0.223545$ & $-0.177551$ & $-0.0421288$ & $-0.0874898$ & $-0.0301482$ & $-0.00878072$ & $-0.1018$ & $-0.303203$ & $-0.0903662$ & $0.012996$ & $-0.0511361$ & $-0.00816632$ & $-0.036002$ & $0.00999862$ & $0.0628655$ & $0.000936263$ & $0.0342285$ & $0.0732448$ & $-0.0356851$ & $-0.077442$ & $0.0723871$ & $-0.0468394$ & $-0.00440376$ \\
CHd_11 & $0.101015$ & $0.113022$ & $0.311663$ & $-0.112208$ & $0.0187492$ & $-0.0882215$ & $-0.0274534$ & $0.4135$ & $0.402748$ & $-0.255111$ & $-0.295955$ & $-0.0975734$ & $0.123183$ & $-0.0777818$ & $-0.337042$ & $-0.331722$ & $-0.152273$ & $-0.0275143$ & $-0.0166062$ & $0.230291$ & $0.371445$ & $0.364613$ & $0.378617$ & $-0.393035$ & $0.172958$ & $-0.223545$ & $1$ & $0.126778$ & $-0.0237724$ & $0.0680132$ & $-0.0141826$ & $-0.0107591$ & $0.0402778$ & $0.636241$ & $0.165781$ & $0.10691$ & $0.0973928$ & $0.0288281$ & $0.139055$ & $0.0900516$ & $-0.0320636$ & $-0.0222945$ & $-0.100652$ & $-0.0588611$ & $0.187068$ & $-0.0411359$ & $-0.270449$ & $0.181618$ & $-0.0810879$ \\
CHd_33 & $0.108073$ & $0.0393074$ & $0.00285677$ & $-0.0454716$ & $0.0149009$ & $-0.0810333$ & $-0.0127483$ & $0.304735$ & $0.296873$ & $-0.164833$ & $-0.315101$ & $-0.0627034$ & $0.0854597$ & $0.102067$ & $0.132472$ & $0.110755$ & $0.0187503$ & $-0.077744$ & $-0.0649368$ & $0.311708$ & $0.317161$ & $0.306096$ & $0.0164658$ & $-0.0608037$ & $-0.0508705$ & $-0.177551$ & $0.126778$ & $1$ & $-0.00513443$ & $0.048683$ & $0.038366$ & $-0.000686583$ & $0.0381189$ & $0.152677$ & $0.0189098$ & $-0.0433432$ & $0.0109217$ & $0.0491081$ & $0.0405016$ & $0.0311618$ & $-0.0761887$ & $0.0118449$ & $-0.0584291$ & $-0.0307521$ & $0.0827785$ & $0.0060521$ & $-0.0610756$ & $0.0195883$ & $-0.0738389$ \\
CeH_22r & $0.0324673$ & $-0.0283053$ & $0.0502015$ & $0.0269671$ & $-0.00387946$ & $-0.0100032$ & $0.00515566$ & $-0.00228046$ & $0.0031807$ & $-0.00642504$ & $0.00343618$ & $0.0383075$ & $0.0555231$ & $-0.0108192$ & $-0.0095836$ & $0.0251854$ & $0.00141607$ & $0.00587507$ & $-0.0181515$ & $-0.00376744$ & $-0.00464385$ & $-0.00380831$ & $0.0346193$ & $0.00763535$ & $-0.0195092$ & $-0.0421288$ & $-0.0237724$ & $-0.00513443$ & $1$ & $0.0230222$ & $-0.00610256$ & $-0.0223389$ & $0.0299683$ & $0.00910757$ & $-0.00479798$ & $0.0177244$ & $0.0206005$ & $-0.0283407$ & $-0.0388466$ & $-0.0190198$ & $0.00379116$ & $-0.0228783$ & $-0.000487974$ & $-0.0393954$ & $-0.0217382$ & $0.0516998$ & $0.0156008$ & $0.0144021$ & $0.0126237$ \\
CeH_33r & $0.0325491$ & $0.0307314$ & $0.0598297$ & $-0.0445263$ & $0.00381859$ & $-0.015031$ & $-0.106849$ & $0.125374$ & $0.141198$ & $-0.140946$ & $-0.0734655$ & $0.304682$ & $0.272735$ & $-0.0630661$ & $0.00712302$ & $0.0247039$ & $-0.108203$ & $-0.107472$ & $-0.115423$ & $0.0712764$ & $0.0792914$ & $0.0811475$ & $0.0833813$ & $-0.13089$ & $-0.114904$ & $-0.0874898$ & $0.0680132$ & $0.048683$ & $0.0230222$ & $1$ & $0.312121$ & $0.0614115$ & $0.711388$ & $0.0961413$ & $0.0631736$ & $-0.035405$ & $-0.0761221$ & $-0.0325654$ & $0.0128212$ & $0.000569032$ & $-0.0304112$ & $-0.0365383$ & $-0.0638819$ & $-0.0704286$ & $0.0702678$ & $0.0578041$ & $-0.00102612$ & $0.0289452$ & $0.00601286$ \\
CuH_22r & $-0.0271684$ & $-0.0486613$ & $0.0339202$ & $-0.0379635$ & $-0.000415308$ & $-0.0321428$ & $-0.0837158$ & $0.0346431$ & $0.0457932$ & $-0.0607782$ & $-0.0137296$ & $0.0887057$ & $0.114103$ & $-0.0412691$ & $0.00767944$ & $-0.00172851$ & $-0.0300543$ & $-0.0457922$ & $-0.0440344$ & $0.011712$ & $0.0159269$ & $0.0105372$ & $0.00735654$ & $-0.0337404$ & $-0.0614245$ & $-0.0301482$ & $-0.0141826$ & $0.038366$ & $-0.00610256$ & $0.312121$ & $1$ & $0.00529346$ & $0.364427$ & $0.0267387$ & $0.0288645$ & $0.000350285$ & $-0.0741857$ & $-0.0168521$ & $0.0610312$ & $0.0171193$ & $-0.0541506$ & $-0.0461165$ & $-0.00619491$ & $-0.0265925$ & $-0.0545281$ & $0.0416586$ & $0.215338$ & $0.0400525$ & $-0.0494492$ \\
CuH_33r & $-0.0228656$ & $-0.000818628$ & $0.0504733$ & $0.0757278$ & $0.00782627$ & $0.00435415$ & $0.932642$ & $-0.0754532$ & $-0.0354188$ & $0.043754$ & $0.0515364$ & $-0.0510071$ & $-0.225764$ & $0.0249116$ & $-0.032875$ & $-0.0105086$ & $0.0481861$ & $0.0705325$ & $0.0551845$ & $-0.0483699$ & $-0.0525574$ & $-0.050842$ & $0.0308549$ & $0.0832361$ & $0.0751952$ & $-0.00878072$ & $-0.0107591$ & $-0.000686583$ & $-0.0223389$ & $0.0614115$ & $0.00529346$ & $1$ & $0.00589764$ & $-0.0370996$ & $0.0808032$ & $0.0393701$ & $-0.0584239$ & $-0.0116566$ & $0.117262$ & $0.0349966$ & $0.0311551$ & $-0.0166803$ & $-0.0419926$ & $0.0194862$ & $0.063802$ & $-0.0107041$ & $-0.0109871$ & $-0.0672664$ & $-0.0638751$ \\
CdH_33r & $-0.0492911$ & $0.0785253$ & $-0.0109646$ & $-0.0903242$ & $0.0098916$ & $-0.0257237$ & $-0.199562$ & $0.140733$ & $0.155931$ & $-0.158728$ & $-0.100757$ & $0.362267$ & $0.350523$ & $-0.0457626$ & $0.0324596$ & $0.0663415$ & $-0.080418$ & $-0.100572$ & $-0.123479$ & $0.101716$ & $0.104733$ & $0.100567$ & $0.0600627$ & $-0.117243$ & $-0.113683$ & $-0.1018$ & $0.0402778$ & $0.0381189$ & $0.0299683$ & $0.711388$ & $0.364427$ & $0.00589764$ & $1$ & $0.0952384$ & $-0.0322034$ & $0.0416139$ & $0.0120369$ & $-0.0730023$ & $-0.133869$ & $-0.00817628$ & $-0.0418493$ & $-0.0385012$ & $-0.0759427$ & $-0.165234$ & $-0.000523896$ & $0.11107$ & $-0.0598399$ & $0.0854784$ & $0.280218$ \\
CLL_1221 & $0.0684528$ & $0.0823474$ & $0.211218$ & $-0.0920171$ & $0.0165086$ & $-0.131227$ & $-0.0547017$ & $0.578847$ & $0.566991$ & $-0.365385$ & $-0.381543$ & $-0.0519109$ & $0.240113$ & $-0.230713$ & $-0.553975$ & $-0.00977214$ & $-0.265752$ & $-0.00927246$ & $-0.410097$ & $0.309284$ & $0.461766$ & $0.454135$ & $0.241513$ & $-0.650666$ & $-0.282551$ & $-0.303203$ & $0.636241$ & $0.152677$ & $0.00910757$ & $0.0961413$ & $0.0267387$ & $-0.0370996$ & $0.0952384$ & $1$ & $0.115145$ & $0.0433738$ & $0.0462142$ & $0.015574$ & $0.12139$ & $0.0394117$ & $-0.0061047$ & $-0.0135587$ & $-0.112681$ & $-0.104979$ & $0.156279$ & $0.00457615$ & $-0.180441$ & $0.102506$ & $-0.0349467$ \\
eHggint & $0.260143$ & $0.0854003$ & $0.128971$ & $-0.252296$ & $0.00874$ & $-0.0602271$ & $0.00465127$ & $0.0588471$ & $0.0555365$ & $-0.00110873$ & $-0.0231637$ & $0.0885358$ & $0.0659393$ & $-0.066563$ & $-0.070068$ & $-0.0442711$ & $-0.0517294$ & $-0.028251$ & $-0.0415809$ & $0.0145237$ & $0.0376134$ & $0.0358069$ & $0.138542$ & $-0.0857473$ & $-0.00910173$ & $-0.0903662$ & $0.165781$ & $0.0189098$ & $-0.00479798$ & $0.0631736$ & $0.0288645$ & $0.0808032$ & $-0.0322034$ & $0.115145$ & $1$ & $-0.057829$ & $-0.257546$ & $-0.0342172$ & $0.338999$ & $-0.108679$ & $-0.18718$ & $-0.0419592$ & $0.00490955$ & $0.11337$ & $0.323567$ & $0.0205503$ & $0.0977187$ & $0.0968627$ & $-0.274335$ \\
eHggpar & $-0.273312$ & $-0.146334$ & $0.149345$ & $0.53913$ & $-0.00280175$ & $-0.0158307$ & $0.0143394$ & $0.0140647$ & $0.0166448$ & $-0.0414444$ & $-0.00333908$ & $-0.0448054$ & $-0.0492726$ & $-0.00850413$ & $-0.0423737$ & $-0.0889429$ & $-0.00285322$ & $0.00788716$ & $0.0409871$ & $-0.00721932$ & $0.0123065$ & $0.00851048$ & $0.0166323$ & $-0.0247061$ & $0.0568871$ & $0.012996$ & $0.10691$ & $-0.0433432$ & $0.0177244$ & $-0.035405$ & $0.000350285$ & $0.0393701$ & $0.0416139$ & $0.0433738$ & $-0.057829$ & $1$ & $0.0187932$ & $-0.188962$ & $0.00399105$ & $0.0328864$ & $0.336746$ & $0.0284593$ & $0.202535$ & $0.155385$ & $-0.292952$ & $0.141355$ & $0.0699159$ & $0.256152$ & $0.166808$ \\
eHWWint & $0.129618$ & $-0.00941613$ & $-0.0530127$ & $-0.0113326$ & $-0.014754$ & $-0.0295443$ & $-0.0240058$ & $0.0543249$ & $0.057297$ & $-0.0375609$ & $-0.0235419$ & $0.0101783$ & $0.0384282$ & $-0.0584284$ & $0.008978$ & $-0.0255425$ & $-0.04186$ & $-0.0717703$ & $-0.037076$ & $0.0138205$ & $0.0269707$ & $0.0351854$ & $0.0862828$ & $-0.0683147$ & $-0.0293984$ & $-0.0511361$ & $0.0973928$ & $0.0109217$ & $0.0206005$ & $-0.0761221$ & $-0.0741857$ & $-0.0584239$ & $0.0120369$ & $0.0462142$ & $-0.257546$ & $0.0187932$ & $1$ & $0.00252085$ & $-0.259341$ & $-0.0720862$ & $0.099779$ & $-0.021965$ & $0.149858$ & $-0.0484583$ & $-0.295063$ & $-0.0953879$ & $-0.0767521$ & $-0.0818987$ & $0.320732$ \\
eHWWpar & $0.138863$ & $0.0591739$ & $-0.0637148$ & $-0.190748$ & $-0.00732713$ & $-0.00249596$ & $0.00649122$ & $-0.013616$ & $-0.0257424$ & $-0.00333353$ & $0.00543657$ & $-0.0365528$ & $-0.0145425$ & $0.012954$ & $-0.0365507$ & $-0.026366$ & $0.0112605$ & $0.0368051$ & $0.0218014$ & $-0.00374907$ & $-0.00219367$ & $-0.0151374$ & $0.0206467$ & $0.0213642$ & $0.0241555$ & $-0.00816632$ & $0.0288281$ & $0.0491081$ & $-0.0283407$ & $-0.0325654$ & $-0.0168521$ & $-0.0116566$ & $-0.0730023$ & $0.015574$ & $-0.0342172$ & $-0.188962$ & $0.00252085$ & $1$ & $0.0774756$ & $0.0207553$ & $-0.118831$ & $-0.0477313$ & $-0.122043$ & $-0.0529932$ & $0.0796604$ & $0.0081601$ & $-0.00720156$ & $0.0297665$ & $-0.0302566$ \\
eHZZint & $0.138887$ & $0.0664615$ & $0.0354885$ & $0.120656$ & $-0.0404532$ & $0.0165063$ & $0.084812$ & $0.0290322$ & $0.029927$ & $-0.0643572$ & $0.0243506$ & $-0.00556394$ & $-0.0018715$ & $-0.0976016$ & $-0.114166$ & $-0.0659692$ & $-0.0960688$ & $-0.0286644$ & $-0.0684054$ & $-0.0337651$ & $-0.0105514$ & $-0.0132411$ & $0.116918$ & $-0.0730641$ & $-0.0429845$ & $-0.036002$ & $0.139055$ & $0.0405016$ & $-0.0388466$ & $0.0128212$ & $0.0610312$ & $0.117262$ & $-0.133869$ & $0.12139$ & $0.338999$ & $0.00399105$ & $-0.259341$ & $0.0774756$ & $1$ & $0.0294876$ & $0.306276$ & $0.00985917$ & $0.0612023$ & $0.0688273$ & $0.299307$ & $0.141911$ & $0.0855732$ & $-0.182197$ & $-0.383642$ \\
eHZZpar & $-0.0470463$ & $0.0287092$ & $0.0772911$ & $0.0176108$ & $-0.0422242$ & $-0.0303541$ & $0.0523249$ & $-0.00508337$ & $0.00256747$ & $-0.014736$ & $0.00668028$ & $-0.0138259$ & $8.62895e-05$ & $0.000330662$ & $-0.0590387$ & $-0.0690121$ & $-0.00320913$ & $0.0325749$ & $0.0363268$ & $-0.0106063$ & $-0.000366307$ & $0.000500178$ & $0.0146264$ & $0.0151958$ & $0.0483995$ & $0.00999862$ & $0.0900516$ & $0.0311618$ & $-0.0190198$ & $0.000569032$ & $0.0171193$ & $0.0349966$ & $-0.00817628$ & $0.0394117$ & $-0.108679$ & $0.0328864$ & $-0.0720862$ & $0.0207553$ & $0.0294876$ & $1$ & $-0.0213809$ & $-0.0355402$ & $-0.0402966$ & $-0.0354637$ & $0.122335$ & $-0.105961$ & $0.0273003$ & $0.0710254$ & $-0.0357008$ \\
eHZgaint & $-0.223788$ & $-0.0217344$ & $0.150929$ & $0.442348$ & $-0.00604944$ & $0.0325174$ & $0.0358586$ & $-0.0219895$ & $-0.0123404$ & $-0.0695006$ & $0.069054$ & $-0.0225191$ & $0.00124363$ & $-0.0974541$ & $-0.01464$ & $-0.0174567$ & $-0.0892681$ & $-0.0741755$ & $-0.0721244$ & $-0.0681037$ & $-0.0689695$ & $-0.0622103$ & $-0.0115773$ & $-0.0339972$ & $-0.0795588$ & $0.0628655$ & $-0.0320636$ & $-0.0761887$ & $0.00379116$ & $-0.0304112$ & $-0.0541506$ & $0.0311551$ & $-0.0418493$ & $-0.0061047$ & $-0.18718$ & $0.336746$ & $0.099779$ & $-0.118831$ & $0.306276$ & $-0.0213809$ & $1$ & $0.0893987$ & $0.127831$ & $0.255002$ & $-0.168259$ & $0.0597352$ & $-0.0317457$ & $-0.500628$ & $0.12174$ \\
eHZgapar & $-0.0176502$ & $0.0366571$ & $-0.0698167$ & $0.0122872$ & $0.0173807$ & $0.0118387$ & $-0.00327563$ & $0.0107694$ & $0.0069793$ & $0.0052964$ & $-0.0147786$ & $-0.022803$ & $-0.0290149$ & $0.00432122$ & $0.035352$ & $0.0304778$ & $0.0122969$ & $-0.014321$ & $-0.00795205$ & $0.0180656$ & $0.0107752$ & $0.02061$ & $-0.0193917$ & $0.00805065$ & $-0.00838125$ & $0.000936263$ & $-0.0222945$ & $0.0118449$ & $-0.0228783$ & $-0.0365383$ & $-0.0461165$ & $-0.0166803$ & $-0.0385012$ & $-0.0135587$ & $-0.0419592$ & $0.0284593$ & $-0.021965$ & $-0.0477313$ & $0.00985917$ & $-0.0355402$ & $0.0893987$ & $1$ & $-0.0470733$ & $0.00852233$ & $0.0298255$ & $0.0666166$ & $-0.0563329$ & $-0.152283$ & $0.0217025$ \\
eHgagaint & $-0.0458906$ & $-0.41637$ & $0.0228155$ & $0.508464$ & $-0.000262742$ & $-0.0267516$ & $-0.0338781$ & $-0.0373511$ & $0.00091957$ & $-0.00677538$ & $0.0345757$ & $-0.0171927$ & $0.0022018$ & $6.20124e-05$ & $0.0746121$ & $0.0303422$ & $-0.00899461$ & $-0.039383$ & $-0.00313554$ & $-0.0306352$ & $-0.0506857$ & $-0.0454882$ & $-0.0430199$ & $0.045628$ & $-0.025003$ & $0.0342285$ & $-0.100652$ & $-0.0584291$ & $-0.000487974$ & $-0.0638819$ & $-0.00619491$ & $-0.0419926$ & $-0.0759427$ & $-0.112681$ & $0.00490955$ & $0.202535$ & $0.149858$ & $-0.122043$ & $0.0612023$ & $-0.0402966$ & $0.127831$ & $-0.0470733$ & $1$ & $0.389095$ & $-0.42626$ & $0.105566$ & $0.204813$ & $0.291926$ & $-0.219499$ \\
eHmumuint & $-0.318798$ & $-0.38248$ & $-0.114532$ & $0.325888$ & $-0.00370657$ & $-0.00400498$ & $0.0208963$ & $-0.052682$ & $-0.0393702$ & $0.0471974$ & $0.0457445$ & $0.0168938$ & $-0.0333701$ & $0.0183139$ & $0.0462266$ & $0.0261837$ & $-0.00537501$ & $-0.0102521$ & $0.00784517$ & $-0.0430191$ & $-0.0573155$ & $-0.0536945$ & $-0.0419605$ & $0.0685248$ & $0.0310879$ & $0.0732448$ & $-0.0588611$ & $-0.0307521$ & $-0.0393954$ & $-0.0704286$ & $-0.0265925$ & $0.0194862$ & $-0.165234$ & $-0.104979$ & $0.11337$ & $0.155385$ & $-0.0484583$ & $-0.0529932$ & $0.0688273$ & $-0.0354637$ & $0.255002$ & $0.00852233$ & $0.389095$ & $1$ & $-0.296582$ & $-0.365834$ & $0.351556$ & $-0.0523413$ & $-0.324087$ \\
eHtautauint & $0.306359$ & $0.218376$ & $0.215309$ & $-0.339949$ & $0.00374634$ & $-0.0051838$ & $0.0322408$ & $0.0317293$ & $0.0167534$ & $-0.0283645$ & $-0.00683133$ & $-5.52589e-05$ & $-0.00320123$ & $-0.0463385$ & $-0.140173$ & $-0.0612195$ & $-0.0281729$ & $0.0433447$ & $-0.0134134$ & $-0.00129738$ & $0.0262261$ & $0.025744$ & $0.0834293$ & $-0.0548374$ & $0.0289243$ & $-0.0356851$ & $0.187068$ & $0.0827785$ & $-0.0217382$ & $0.0702678$ & $-0.0545281$ & $0.063802$ & $-0.000523896$ & $0.156279$ & $0.323567$ & $-0.292952$ & $-0.295063$ & $0.0796604$ & $0.299307$ & $0.122335$ & $-0.168259$ & $0.0298255$ & $-0.42626$ & $-0.296582$ & $1$ & $0.0239582$ & $-0.46621$ & $-0.12437$ & $-0.139079$ \\
eHccint & $0.0892533$ & $0.207832$ & $0.172078$ & $-0.0306596$ & $0.0285462$ & $0.0303428$ & $-0.0218218$ & $0.0699393$ & $0.0734934$ & $-0.0777955$ & $-0.0635631$ & $-0.0265359$ & $0.0218496$ & $0.0109241$ & $0.069604$ & $0.0305281$ & $-0.0252114$ & $-0.0597146$ & $-0.034678$ & $0.0700726$ & $0.0627145$ & $0.0632508$ & $0.0054086$ & $-0.0530886$ & $-0.0742491$ & $-0.077442$ & $-0.0411359$ & $0.0060521$ & $0.0516998$ & $0.0578041$ & $0.0416586$ & $-0.0107041$ & $0.11107$ & $0.00457615$ & $0.0205503$ & $0.141355$ & $-0.0953879$ & $0.0081601$ & $0.141911$ & $-0.105961$ & $0.0597352$ & $0.0666166$ & $0.105566$ & $-0.365834$ & $0.0239582$ & $1$ & $0.0335657$ & $0.0310064$ & $0.21699$ \\
eHccpar & $-0.300826$ & $-0.200061$ & $-0.0961929$ & $0.0162151$ & $-0.0327214$ & $0.033468$ & $-0.00396044$ & $-0.110745$ & $-0.0987852$ & $0.0805103$ & $0.110596$ & $0.096888$ & $0.0376301$ & $-0.0306753$ & $0.0887927$ & $0.0672058$ & $-0.0238487$ & $-0.0501385$ & $-0.0368352$ & $-0.0964359$ & $-0.129817$ & $-0.1307$ & $-0.08666$ & $0.0921673$ & $-0.0862723$ & $0.0723871$ & $-0.270449$ & $-0.0610756$ & $0.0156008$ & $-0.00102612$ & $0.215338$ & $-0.0109871$ & $-0.0598399$ & $-0.180441$ & $0.0977187$ & $0.0699159$ & $-0.0767521$ & $-0.00720156$ & $0.0855732$ & $0.0273003$ & $-0.0317457$ & $-0.0563329$ & $0.204813$ & $0.351556$ & $-0.46621$ & $0.0335657$ & $1$ & $0.0235$ & $-0.181057$ \\
eHbbint & $0.137647$ & $-0.218157$ & $0.00168441$ & $0.0891118$ & $0.00738633$ & $-0.0644692$ & $-0.0871104$ & $0.0668186$ & $0.0722719$ & $-0.0250293$ & $-0.0787768$ & $-0.0267825$ & $0.0124505$ & $0.0536247$ & $-0.0661027$ & $-0.0556944$ & $0.0354766$ & $0.0607096$ & $0.0550186$ & $0.0622119$ & $0.088089$ & $0.0820338$ & $0.050498$ & $-0.0268431$ & $0.0852826$ & $-0.0468394$ & $0.181618$ & $0.0195883$ & $0.0144021$ & $0.0289452$ & $0.0400525$ & $-0.0672664$ & $0.0854784$ & $0.102506$ & $0.0968627$ & $0.256152$ & $-0.0818987$ & $0.0297665$ & $-0.182197$ & $0.0710254$ & $-0.500628$ & $-0.152283$ & $0.291926$ & $-0.0523413$ & $-0.12437$ & $0.0310064$ & $0.0235$ & $1$ & $-0.181988$ \\
eHbbpar & $-0.287295$ & $0.318042$ & $-0.209416$ & $-0.204886$ & $-0.0126577$ & $-0.0104275$ & $-0.0521223$ & $-0.0106916$ & $-0.0198843$ & $0.00628803$ & $-0.0201833$ & $-0.00865168$ & $-0.00818501$ & $0.0499757$ & $0.0489948$ & $0.0421023$ & $0.0610892$ & $0.0249828$ & $0.0273205$ & $0.0285779$ & $0.017645$ & $0.0165603$ & $-0.0331398$ & $0.0239655$ & $0.0230907$ & $-0.00440376$ & $-0.0810879$ & $-0.0738389$ & $0.0126237$ & $0.00601286$ & $-0.0494492$ & $-0.0638751$ & $0.280218$ & $-0.0349467$ & $-0.274335$ & $0.166808$ & $0.320732$ & $-0.0302566$ & $-0.383642$ & $-0.0357008$ & $0.12174$ & $0.0217025$ & $-0.219499$ & $-0.324087$ & $-0.139079$ & $0.21699$ & $-0.181057$ & $-0.181988$ & $1$ \\
