 & AlsMz & dAle5Mz & mtop & mHl & Mz & CW & CHG & CHWB & CHWHB_gaga & CHWHB_gagaorth & CHD & CHbox & CH & CHL1_11 & CHL1_22 & CHL1_33 & CHL3_11 & CHL3_22 & CHL3_33 & CHe_11 & CHe_22 & CHe_33 & CHQ1_11 & CHQ1_33 & CHQ3_11 & CHu_11 & CHd_11 & CHd_33 & CeH_22r & CeH_33r & CuH_22r & CuH_33r & CdH_33r & CLL_1221 & eHggint & eHggpar & eHWWint & eHWWpar & eHZZint & eHZZpar & eHZgaint & eHZgapar & eHgagaint & eHmumuint & eHtautauint & eHccint & eHccpar & eHbbint & eHbbpar \\
AlsMz & $1$ & $0.066216$ & $0.00635124$ & $0.0884798$ & $0.00373238$ & $-0.00758352$ & $0.00734615$ & $0.000783404$ & $-0.0025845$ & $-0.00468381$ & $-0.00911117$ & $-0.000436681$ & $0.00162401$ & $-0.00339358$ & $0.00928659$ & $0.00702172$ & $-0.00187838$ & $-0.00754013$ & $-0.00571441$ & $0.00346908$ & $0.00166602$ & $0.000778233$ & $-0.0122578$ & $-0.0645654$ & $-0.123903$ & $-0.0320493$ & $-0.0480479$ & $0.0141459$ & $-0.00636092$ & $-0.00870766$ & $-0.00588128$ & $0.00402018$ & $-0.019916$ & $-0.00412417$ & $0.0134226$ & $-0.017401$ & $0.0616232$ & $-0.0130644$ & $0.0794216$ & $0.0087386$ & $0.0975321$ & $-0.023467$ & $-0.0140713$ & $0.00928007$ & $0.0300022$ & $0.0165664$ & $0.00644692$ & $0.101528$ & $-0.0457248$ \\
dAle5Mz & $0.066216$ & $1$ & $0.0511136$ & $0.0206291$ & $0.0139148$ & $0.00893078$ & $0.0218531$ & $-0.0774533$ & $-0.0802843$ & $0.0305595$ & $0.0580232$ & $0.022868$ & $-0.0134902$ & $-0.0188274$ & $-0.0249832$ & $-0.0181012$ & $0.0219339$ & $0.023983$ & $0.0170106$ & $-0.032984$ & $-0.0313072$ & $-0.0338462$ & $0.00591868$ & $0.0204927$ & $0.0143556$ & $0.0145544$ & $-0.00386356$ & $-0.0107611$ & $-0.000133539$ & $-0.0110612$ & $0.0195604$ & $0.0188863$ & $0.0713592$ & $0.0242165$ & $-0.0237176$ & $-0.0577589$ & $-0.012405$ & $-0.00568852$ & $0.0828279$ & $-0.00472626$ & $-0.0589017$ & $-0.00135065$ & $-0.0960481$ & $-0.0560733$ & $-0.0386139$ & $0.0297833$ & $0.0845958$ & $0.0120712$ & $0.162135$ \\
mtop & $0.00635124$ & $0.0511136$ & $1$ & $0.054934$ & $-0.00197734$ & $-0.00585827$ & $-0.00705707$ & $-0.00147748$ & $0.00225411$ & $0.00704366$ & $0.00861225$ & $0.00665556$ & $0.0112969$ & $-0.00151918$ & $0.00127896$ & $0.0172906$ & $3.07976e-05$ & $-0.000294298$ & $-0.0118697$ & $0.000935772$ & $-0.00113608$ & $-0.00321186$ & $-0.0127012$ & $0.00608218$ & $-0.00265113$ & $0.004125$ & $-0.00585628$ & $-0.000272497$ & $-0.0061359$ & $-0.00282833$ & $-0.0310842$ & $0.00279312$ & $-0.0742403$ & $0.00349772$ & $0.0673644$ & $0.061793$ & $0.0107955$ & $0.0186424$ & $0.00711243$ & $0.0119806$ & $0.0127716$ & $-0.0187024$ & $0.0924435$ & $0.107186$ & $0.0442547$ & $-0.0931334$ & $-0.0423285$ & $0.0503447$ & $-0.147081$ \\
mHl & $0.0884798$ & $0.0206291$ & $0.054934$ & $1$ & $-0.0174667$ & $-0.00622985$ & $-0.0114081$ & $0.0105112$ & $0.0135048$ & $-0.0150063$ & $-0.0055376$ & $-0.0172096$ & $0.0100295$ & $-0.00715018$ & $-0.00387433$ & $-0.00223751$ & $-0.0085323$ & $-0.00848507$ & $-0.00954434$ & $0.0037328$ & $0.00708605$ & $0.00691423$ & $-0.00454911$ & $-0.020974$ & $-0.0189272$ & $7.13834e-05$ & $0.00682187$ & $-0.00175613$ & $-0.00121285$ & $-0.0232493$ & $-0.0107166$ & $-0.0167314$ & $-0.0203793$ & $0.0140155$ & $-0.0248831$ & $0.0222933$ & $0.0572805$ & $0.0240475$ & $-0.00406142$ & $-0.00299533$ & $0.101432$ & $-0.0170756$ & $0.072333$ & $0.0168515$ & $-0.0654774$ & $-0.065888$ & $0.00893888$ & $-0.0157949$ & $-0.0152019$ \\
Mz & $0.00373238$ & $0.0139148$ & $-0.00197734$ & $-0.0174667$ & $1$ & $0.00143204$ & $0.0128748$ & $-0.0117035$ & $-0.0103336$ & $0.0258546$ & $0.00688098$ & $0.0159256$ & $-0.0182344$ & $0.0267293$ & $0.00898648$ & $0.01083$ & $0.0243684$ & $0.0194159$ & $0.016327$ & $0.00299893$ & $0.00195741$ & $0.000576769$ & $0.00518627$ & $0.0224572$ & $0.0212075$ & $-0.00492189$ & $-0.00854351$ & $0.0022632$ & $-0.0114904$ & $-0.00547846$ & $0.00518944$ & $0.00743371$ & $-0.00939834$ & $-0.0177725$ & $-0.00972397$ & $-0.0077872$ & $-0.00857052$ & $0.00124212$ & $-0.00860528$ & $-0.00931126$ & $-0.000323564$ & $-0.00585764$ & $0.00670917$ & $-0.00919031$ & $-0.00266597$ & $0.00784283$ & $0.0269393$ & $0.00806361$ & $0.00231099$ \\
CW & $-0.00758352$ & $0.00893078$ & $-0.00585827$ & $-0.00622985$ & $0.00143204$ & $1$ & $-0.00986501$ & $-0.12713$ & $-0.122272$ & $0.0214259$ & $0.185946$ & $0.0577073$ & $0.00342469$ & $0.020741$ & $-0.0909867$ & $-0.0762013$ & $-0.257797$ & $-0.0400279$ & $-0.0509851$ & $-0.18405$ & $-0.188655$ & $-0.185764$ & $-0.0132901$ & $0.00143894$ & $-0.0840624$ & $0.109156$ & $-0.0782126$ & $-0.0635882$ & $0.0004745$ & $0.000882558$ & $0.00374554$ & $-0.00248083$ & $0.00114444$ & $-0.11317$ & $0.0142802$ & $-0.00695216$ & $-9.76721e-05$ & $-0.00389687$ & $-0.00636577$ & $0.00129118$ & $0.0170046$ & $-0.00638852$ & $-0.00224475$ & $-0.00123675$ & $-0.00122049$ & $0.00281743$ & $-0.00262142$ & $0.00504676$ & $-0.0109712$ \\
CHG & $0.00734615$ & $0.0218531$ & $-0.00705707$ & $-0.0114081$ & $0.0128748$ & $-0.00986501$ & $1$ & $-0.105851$ & $-0.0562479$ & $0.0710071$ & $0.0538534$ & $0.0698966$ & $-0.307651$ & $0.0673313$ & $-0.016254$ & $-0.0103654$ & $0.103824$ & $0.109639$ & $0.103023$ & $-0.0507977$ & $-0.058005$ & $-0.0576321$ & $-0.0148538$ & $0.116955$ & $0.102889$ & $0.0346474$ & $-0.0532817$ & $-0.0107502$ & $0.00579771$ & $-0.128944$ & $-0.0628413$ & $0.933328$ & $-0.153908$ & $-0.0692995$ & $-0.0317679$ & $-0.0144686$ & $0.00615015$ & $-0.00326391$ & $-0.00265958$ & $-0.00225222$ & $-0.00249085$ & $0.00467274$ & $-0.00595874$ & $-0.0174733$ & $0.00292675$ & $0.00219153$ & $0.00981833$ & $0.00429371$ & $0.00370567$ \\
CHWB & $0.000783404$ & $-0.0774533$ & $-0.00147748$ & $0.0105112$ & $-0.0117035$ & $-0.12713$ & $-0.105851$ & $1$ & $0.983653$ & $-0.571374$ & $-0.880882$ & $-0.362901$ & $0.353262$ & $0.100439$ & $0.310446$ & $0.301705$ & $-0.243117$ & $-0.44302$ & $-0.436735$ & $0.852729$ & $0.89704$ & $0.881262$ & $0.070493$ & $-0.672118$ & $-0.406439$ & $-0.5151$ & $0.420368$ & $0.305371$ & $0.0157242$ & $0.110842$ & $0.0510736$ & $-0.0994926$ & $0.110499$ & $0.556826$ & $-0.00229911$ & $0.00331772$ & $0.0049396$ & $0.0111332$ & $-0.00313149$ & $0.00353307$ & $0.0106111$ & $-0.00616306$ & $0.010809$ & $0.00789659$ & $-0.00475865$ & $-0.00308966$ & $-0.00200618$ & $-0.000201364$ & $-0.0100366$ \\
CHWHB_gaga & $-0.0025845$ & $-0.0802843$ & $0.00225411$ & $0.0135048$ & $-0.0103336$ & $-0.122272$ & $-0.0562479$ & $0.983653$ & $1$ & $-0.56172$ & $-0.863555$ & $-0.341661$ & $0.348481$ & $0.0933834$ & $0.305136$ & $0.296259$ & $-0.245586$ & $-0.440924$ & $-0.434526$ & $0.836099$ & $0.879319$ & $0.863985$ & $0.0694266$ & $-0.664041$ & $-0.403778$ & $-0.504322$ & $0.413823$ & $0.301074$ & $0.0216296$ & $0.133254$ & $0.0611773$ & $-0.0596035$ & $0.127873$ & $0.547132$ & $-0.024871$ & $-0.00510459$ & $-0.00382825$ & $0.0082747$ & $-0.00428609$ & $0.00299773$ & $0.0104922$ & $-0.00582724$ & $0.0729984$ & $0.00310093$ & $0.000423729$ & $-0.00649921$ & $-0.0070991$ & $-0.00129033$ & $-0.0205822$ \\
CHWHB_gagaorth & $-0.00468381$ & $0.0305595$ & $0.00704366$ & $-0.0150063$ & $0.0258546$ & $0.0214259$ & $0.0710071$ & $-0.571374$ & $-0.56172$ & $1$ & $0.355727$ & $0.679444$ & $-0.250777$ & $0.2334$ & $-0.131813$ & $-0.12472$ & $0.439431$ & $0.498708$ & $0.49121$ & $-0.342708$ & $-0.371468$ & $-0.366164$ & $-0.0535554$ & $0.559775$ & $0.486562$ & $0.215966$ & $-0.232728$ & $-0.128348$ & $-0.00841901$ & $-0.132582$ & $-0.0680284$ & $0.086997$ & $-0.143392$ & $-0.347841$ & $0.0434214$ & $0.0354462$ & $-0.000172997$ & $-0.00974126$ & $0.00408298$ & $-0.00517976$ & $-0.0551152$ & $0.000374379$ & $-0.019862$ & $0.00158443$ & $0.0103558$ & $0.00454608$ & $-0.00707344$ & $0.0148838$ & $-0.00672386$ \\
CHD & $-0.00911117$ & $0.0580232$ & $0.00861225$ & $-0.0055376$ & $0.00688098$ & $0.185946$ & $0.0538534$ & $-0.880882$ & $-0.863555$ & $0.355727$ & $1$ & $0.340693$ & $-0.173791$ & $-0.512419$ & $-0.434201$ & $-0.418686$ & $-0.210064$ & $0.0801974$ & $0.0729621$ & $-0.990523$ & $-0.991203$ & $-0.970734$ & $-0.0181779$ & $0.310358$ & $0.0300977$ & $0.573539$ & $-0.289088$ & $-0.336952$ & $-0.00243492$ & $-0.0617542$ & $-0.0264708$ & $0.061196$ & $-0.057368$ & $-0.360256$ & $0.0160707$ & $-0.00165749$ & $-0.00373902$ & $-0.012767$ & $-4.08793e-05$ & $-0.00595584$ & $-0.00054814$ & $0.00303235$ & $-0.00568327$ & $-0.0104245$ & $0.00569842$ & $0.00756076$ & $0.00710026$ & $-0.00284742$ & $0.0056942$ \\
CHbox & $-0.000436681$ & $0.022868$ & $0.00665556$ & $-0.0172096$ & $0.0159256$ & $0.0577073$ & $0.0698966$ & $-0.362901$ & $-0.341661$ & $0.679444$ & $0.340693$ & $1$ & $-0.266414$ & $-0.0888003$ & $-0.0750565$ & $-0.0672104$ & $0.0340996$ & $0.0985854$ & $0.0928249$ & $-0.319279$ & $-0.352397$ & $-0.344713$ & $-0.0380744$ & $0.226436$ & $0.0926857$ & $0.201572$ & $-0.19321$ & $-0.121522$ & $0.0129574$ & $0.106761$ & $0.008606$ & $0.138586$ & $0.114605$ & $-0.237745$ & $0.0913335$ & $0.0492625$ & $-0.00379553$ & $-0.0121648$ & $0.00102867$ & $-0.00252646$ & $-0.0418667$ & $0.000874616$ & $-0.032452$ & $-0.000163632$ & $0.0190004$ & $0.00594862$ & $-0.000945628$ & $0.0132086$ & $-0.0121061$ \\
CH & $0.00162401$ & $-0.0134902$ & $0.0112969$ & $0.0100295$ & $-0.0182344$ & $0.00342469$ & $-0.307651$ & $0.353262$ & $0.348481$ & $-0.250777$ & $-0.173791$ & $-0.266414$ & $1$ & $-0.244639$ & $0.0704675$ & $0.0753118$ & $-0.361265$ & $-0.386346$ & $-0.387581$ & $0.168476$ & $0.184649$ & $0.184808$ & $0.0327069$ & $-0.399396$ & $-0.376315$ & $-0.100865$ & $0.145396$ & $0.0635971$ & $0.051489$ & $0.270585$ & $0.108837$ & $-0.255833$ & $0.314039$ & $0.22538$ & $0.0383439$ & $0.0218506$ & $0.00892606$ & $0.00282251$ & $-0.0110294$ & $0.000414273$ & $0.0028797$ & $-0.00787223$ & $0.0060035$ & $0.00969114$ & $0.00115779$ & $0.00776744$ & $0.0075342$ & $-0.00166706$ & $-0.0149413$ \\
CHL1_11 & $-0.00339358$ & $-0.0188274$ & $-0.00151918$ & $-0.00715018$ & $0.0267293$ & $0.020741$ & $0.0673313$ & $0.100439$ & $0.0933834$ & $0.2334$ & $-0.512419$ & $-0.0888003$ & $-0.244639$ & $1$ & $0.277775$ & $0.26507$ & $0.660586$ & $0.591776$ & $0.592517$ & $0.530247$ & $0.474237$ & $0.457833$ & $-0.0708043$ & $0.468806$ & $0.59603$ & $-0.281635$ & $-0.0979798$ & $0.158043$ & $-0.0205717$ & $-0.0644358$ & $-0.0322853$ & $0.0419914$ & $-0.0782806$ & $-0.217986$ & $-0.0267864$ & $-0.000117367$ & $-0.00195787$ & $0.00717824$ & $0.000283099$ & $0.00627099$ & $-0.0166397$ & $0.00388723$ & $-0.00150843$ & $0.00444221$ & $-0.00227219$ & $-0.0142765$ & $-0.0172493$ & $0.00118369$ & $-0.00618652$ \\
CHL1_22 & $0.00928659$ & $-0.0249832$ & $0.00127896$ & $-0.00387433$ & $0.00898648$ & $-0.0909867$ & $-0.016254$ & $0.310446$ & $0.305136$ & $-0.131813$ & $-0.434201$ & $-0.0750565$ & $0.0704675$ & $0.277775$ & $1$ & $0.448083$ & $0.16915$ & $-0.449137$ & $-0.0316986$ & $0.497602$ & $0.352059$ & $0.342781$ & $-0.171175$ & $0.0973773$ & $-0.134775$ & $-0.209007$ & $-0.390074$ & $0.118238$ & $0.00556376$ & $0.0376533$ & $0.0135013$ & $-0.0171731$ & $0.02319$ & $-0.586174$ & $0.00974791$ & $0.000582562$ & $-0.00611092$ & $0.00508768$ & $-0.00213662$ & $0.00696575$ & $-0.000271385$ & $0.00285106$ & $0.0108475$ & $0.00924966$ & $0.00812561$ & $-0.00804784$ & $0.0101326$ & $-0.00025336$ & $-0.00597651$ \\
CHL1_33 & $0.00702172$ & $-0.0181012$ & $0.0172906$ & $-0.00223751$ & $0.01083$ & $-0.0762013$ & $-0.0103654$ & $0.301705$ & $0.296259$ & $-0.12472$ & $-0.418686$ & $-0.0672104$ & $0.0753118$ & $0.26507$ & $0.448083$ & $1$ & $0.154617$ & $-0.0362106$ & $-0.441366$ & $0.481936$ & $0.338605$ & $0.355238$ & $-0.165446$ & $0.0926287$ & $-0.135858$ & $-0.199001$ & $-0.38234$ & $0.112716$ & $-0.00774549$ & $0.035935$ & $0.0164984$ & $-0.00915964$ & $0.0233764$ & $-0.0966895$ & $-0.0028246$ & $0.00427719$ & $0.000722002$ & $0.00417755$ & $-0.00917235$ & $0.0103399$ & $-0.00997998$ & $-0.00541358$ & $-0.00612418$ & $0.00940728$ & $0.000185617$ & $-0.00778223$ & $0.00584075$ & $-0.00854939$ & $-0.00912761$ \\
CHL3_11 & $-0.00187838$ & $0.0219339$ & $3.07976e-05$ & $-0.0085323$ & $0.0243684$ & $-0.257797$ & $0.103824$ & $-0.243117$ & $-0.245586$ & $0.439431$ & $-0.210064$ & $0.0340996$ & $-0.361265$ & $0.660586$ & $0.16915$ & $0.154617$ & $1$ & $0.732918$ & $0.737137$ & $0.232081$ & $0.178868$ & $0.170635$ & $-0.0715635$ & $0.683059$ & $0.775577$ & $-0.107321$ & $-0.164179$ & $0.0626835$ & $-0.0252101$ & $-0.100688$ & $-0.0546625$ & $0.0753725$ & $-0.108422$ & $-0.259914$ & $-0.0276866$ & $-0.00126362$ & $-0.00121447$ & $0.00351614$ & $0.00337759$ & $0.00229539$ & $-0.0223615$ & $0.00556912$ & $-0.00926181$ & $0.0103454$ & $-0.00220887$ & $-0.00894149$ & $-0.0142372$ & $0.00869106$ & $0.00961621$ \\
CHL3_22 & $-0.00754013$ & $0.023983$ & $-0.000294298$ & $-0.00848507$ & $0.0194159$ & $-0.0400279$ & $0.109639$ & $-0.44302$ & $-0.440924$ & $0.498708$ & $0.0801974$ & $0.0985854$ & $-0.386346$ & $0.591776$ & $-0.449137$ & $-0.0362106$ & $0.732918$ & $1$ & $0.676451$ & $-0.0824648$ & $-0.0740669$ & $-0.0740985$ & $0.00809979$ & $0.62823$ & $0.795279$ & $0.0397515$ & $-0.0080848$ & $-0.0247468$ & $-0.0298206$ & $-0.117895$ & $-0.0562508$ & $0.0848675$ & $-0.120296$ & $0.0266936$ & $-0.0314097$ & $-0.000423308$ & $0.00159546$ & $0.000593004$ & $0.00366689$ & $-0.000484718$ & $-0.0191688$ & $0.00349235$ & $-0.0142893$ & $0.00204172$ & $-0.00601022$ & $-0.00553287$ & $-0.0194993$ & $0.00345325$ & $0.00531006$ \\
CHL3_33 & $-0.00571441$ & $0.0170106$ & $-0.0118697$ & $-0.00954434$ & $0.016327$ & $-0.0509851$ & $0.103023$ & $-0.436735$ & $-0.434526$ & $0.49121$ & $0.0729621$ & $0.0928249$ & $-0.387581$ & $0.592517$ & $-0.0316986$ & $-0.441366$ & $0.737137$ & $0.676451$ & $1$ & $-0.0757946$ & $-0.0664864$ & $-0.0662073$ & $0.00669855$ & $0.626614$ & $0.795248$ & $0.0341967$ & $-0.00535228$ & $-0.0232688$ & $-0.0205157$ & $-0.115223$ & $-0.0576337$ & $0.0771788$ & $-0.120246$ & $-0.347082$ & $-0.0222185$ & $-0.00163719$ & $-0.00434398$ & $0.000364826$ & $0.0103635$ & $-0.00260315$ & $-0.0147045$ & $0.0102432$ & $0.000699346$ & $5.41584e-05$ & $0.000634378$ & $-0.00612264$ & $-0.0158686$ & $0.00991381$ & $0.00594398$ \\
CHe_11 & $0.00346908$ & $-0.032984$ & $0.000935772$ & $0.0037328$ & $0.00299893$ & $-0.18405$ & $-0.0507977$ & $0.852729$ & $0.836099$ & $-0.342708$ & $-0.990523$ & $-0.319279$ & $0.168476$ & $0.530247$ & $0.497602$ & $0.481936$ & $0.232081$ & $-0.0824648$ & $-0.0757946$ & $1$ & $0.973325$ & $0.953491$ & $-0.0066765$ & $-0.258196$ & $-0.0236644$ & $-0.563518$ & $0.215584$ & $0.330352$ & $0.000911226$ & $0.0618537$ & $0.0271837$ & $-0.057587$ & $0.0572588$ & $0.283205$ & $-0.0158583$ & $0.0013026$ & $0.00192646$ & $0.0134577$ & $0.00183472$ & $0.00660122$ & $-0.00101404$ & $-0.00230563$ & $0.00395583$ & $0.010832$ & $-0.00586922$ & $-0.00762464$ & $-0.00376691$ & $0.00241739$ & $-0.00371045$ \\
CHe_22 & $0.00166602$ & $-0.0313072$ & $-0.00113608$ & $0.00708605$ & $0.00195741$ & $-0.188655$ & $-0.058005$ & $0.89704$ & $0.879319$ & $-0.371468$ & $-0.991203$ & $-0.352397$ & $0.184649$ & $0.474237$ & $0.352059$ & $0.338605$ & $0.178868$ & $-0.0740669$ & $-0.0664864$ & $0.973325$ & $1$ & $0.975885$ & $0.0458833$ & $-0.363289$ & $-0.0341715$ & $-0.575572$ & $0.369489$ & $0.339149$ & $0.00306451$ & $0.0630412$ & $0.0274386$ & $-0.0650807$ & $0.0626517$ & $0.445455$ & $-0.0174859$ & $0.000205233$ & $0.00321645$ & $0.0128247$ & $0.00193009$ & $0.00574449$ & $-0.0010244$ & $-0.0033705$ & $0.00384418$ & $0.00865349$ & $-0.00801654$ & $-0.00654727$ & $-0.00612232$ & $0.00372429$ & $-0.000697706$ \\
CHe_33 & $0.000778233$ & $-0.0338462$ & $-0.00321186$ & $0.00691423$ & $0.000576769$ & $-0.185764$ & $-0.0576321$ & $0.881262$ & $0.863985$ & $-0.366164$ & $-0.970734$ & $-0.344713$ & $0.184808$ & $0.457833$ & $0.342781$ & $0.355238$ & $0.170635$ & $-0.0740985$ & $-0.0662073$ & $0.953491$ & $0.975885$ & $1$ & $0.0473955$ & $-0.359404$ & $-0.035697$ & $-0.564841$ & $0.364888$ & $0.331252$ & $0.00298235$ & $0.0614495$ & $0.028107$ & $-0.063995$ & $0.0605674$ & $0.442935$ & $-0.0149435$ & $0.0041411$ & $0.00420881$ & $0.0113317$ & $0.00250414$ & $0.00407712$ & $-0.00130089$ & $-0.00317024$ & $0.00576947$ & $0.00759988$ & $-0.00708379$ & $-0.00419054$ & $-0.00675718$ & $0.00271402$ & $-0.00313587$ \\
CHQ1_11 & $-0.0122578$ & $0.00591868$ & $-0.0127012$ & $-0.00454911$ & $0.00518627$ & $-0.0132901$ & $-0.0148538$ & $0.070493$ & $0.0694266$ & $-0.0535554$ & $-0.0181779$ & $-0.0380744$ & $0.0327069$ & $-0.0708043$ & $-0.171175$ & $-0.165446$ & $-0.0715635$ & $0.00809979$ & $0.00669855$ & $-0.0066765$ & $0.0458833$ & $0.0473955$ & $1$ & $-0.135798$ & $0.0791102$ & $-0.674648$ & $0.346411$ & $0.013689$ & $-0.00381486$ & $0.0121223$ & $0.0107958$ & $-0.0126362$ & $0.0238979$ & $0.202897$ & $0.00190471$ & $-0.00545144$ & $0.000680882$ & $0.0103511$ & $-0.00440876$ & $0.00343731$ & $-0.00314543$ & $0.00411229$ & $0.00628055$ & $-0.00717012$ & $-0.00507865$ & $0.00559384$ & $-0.0077083$ & $0.0113633$ & $0.0154679$ \\
CHQ1_33 & $-0.0645654$ & $0.0204927$ & $0.00608218$ & $-0.020974$ & $0.0224572$ & $0.00143894$ & $0.116955$ & $-0.672118$ & $-0.664041$ & $0.559775$ & $0.310358$ & $0.226436$ & $-0.399396$ & $0.468806$ & $0.0973773$ & $0.0926287$ & $0.683059$ & $0.62823$ & $0.626614$ & $-0.258196$ & $-0.363289$ & $-0.359404$ & $-0.135798$ & $1$ & $0.649718$ & $0.203925$ & $-0.418781$ & $-0.0265782$ & $-0.0266193$ & $-0.111706$ & $-0.0572298$ & $0.0985507$ & $-0.123804$ & $-0.628134$ & $-0.0133013$ & $0.00237783$ & $-0.0089814$ & $-0.000428546$ & $-0.00265414$ & $-0.000163032$ & $-0.0214134$ & $0.00900345$ & $-0.00595202$ & $0.00476816$ & $0.00542184$ & $-0.0101434$ & $-0.00481024$ & $-0.00293721$ & $0.00515926$ \\
CHQ3_11 & $-0.123903$ & $0.0143556$ & $-0.00265113$ & $-0.0189272$ & $0.0212075$ & $-0.0840624$ & $0.102889$ & $-0.406439$ & $-0.403778$ & $0.486562$ & $0.0300977$ & $0.0926857$ & $-0.376315$ & $0.59603$ & $-0.134775$ & $-0.135858$ & $0.775577$ & $0.795279$ & $0.795248$ & $-0.0236644$ & $-0.0341715$ & $-0.035697$ & $0.0791102$ & $0.649718$ & $1$ & $0.021218$ & $0.202879$ & $-0.0121027$ & $-0.0251356$ & $-0.114663$ & $-0.0548317$ & $0.0776244$ & $-0.114907$ & $-0.205806$ & $-0.0292878$ & $0.00688455$ & $-0.00519977$ & $0.000960142$ & $-0.00674573$ & $-0.00300659$ & $-0.0362458$ & $0.0102268$ & $-0.000774742$ & $-0.000118392$ & $-0.000613762$ & $-0.00721487$ & $-0.011174$ & $-0.00943804$ & $0.0164694$ \\
CHu_11 & $-0.0320493$ & $0.0145544$ & $0.004125$ & $7.13834e-05$ & $-0.00492189$ & $0.109156$ & $0.0346474$ & $-0.5151$ & $-0.504322$ & $0.215966$ & $0.573539$ & $0.201572$ & $-0.100865$ & $-0.281635$ & $-0.209007$ & $-0.199001$ & $-0.107321$ & $0.0397515$ & $0.0341967$ & $-0.563518$ & $-0.575572$ & $-0.564841$ & $-0.674648$ & $0.203925$ & $0.021218$ & $1$ & $-0.176873$ & $-0.195292$ & $0.00358825$ & $-0.0401213$ & $-0.022293$ & $0.0386431$ & $-0.0422988$ & $-0.248847$ & $0.00624268$ & $0.010078$ & $-0.000720594$ & $-0.0158007$ & $-0.00865166$ & $-0.0103588$ & $-0.00367792$ & $0.00264295$ & $-0.00600787$ & $0.00491973$ & $0.0130119$ & $0.00199712$ & $0.00645396$ & $-0.0213407$ & $-0.00100627$ \\
CHd_11 & $-0.0480479$ & $-0.00386356$ & $-0.00585628$ & $0.00682187$ & $-0.00854351$ & $-0.0782126$ & $-0.0532817$ & $0.420368$ & $0.413823$ & $-0.232728$ & $-0.289088$ & $-0.19321$ & $0.145396$ & $-0.0979798$ & $-0.390074$ & $-0.38234$ & $-0.164179$ & $-0.0080848$ & $-0.00535228$ & $0.215584$ & $0.369489$ & $0.364888$ & $0.346411$ & $-0.418781$ & $0.202879$ & $-0.176873$ & $1$ & $0.11489$ & $0.00623767$ & $0.0312205$ & $0.0169591$ & $-0.0524557$ & $0.0483258$ & $0.682494$ & $-0.0126964$ & $0.00886801$ & $0.00753394$ & $0.00355678$ & $-0.00134279$ & $-0.00862322$ & $-0.00680703$ & $0.000834069$ & $0.00810708$ & $-0.00312692$ & $-0.000833835$ & $0.00467374$ & $-0.00122203$ & $-0.00533366$ & $0.0156802$ \\
CHd_33 & $0.0141459$ & $-0.0107611$ & $-0.000272497$ & $-0.00175613$ & $0.0022632$ & $-0.0635882$ & $-0.0107502$ & $0.305371$ & $0.301074$ & $-0.128348$ & $-0.336952$ & $-0.121522$ & $0.0635971$ & $0.158043$ & $0.118238$ & $0.112716$ & $0.0626835$ & $-0.0247468$ & $-0.0232688$ & $0.330352$ & $0.339149$ & $0.331252$ & $0.013689$ & $-0.0265782$ & $-0.0121027$ & $-0.195292$ & $0.11489$ & $1$ & $0.0062246$ & $0.023463$ & $0.0113358$ & $-0.015511$ & $0.0238174$ & $0.155048$ & $-0.00241813$ & $-0.00110537$ & $-0.00182278$ & $0.00796902$ & $0.00236808$ & $-0.00408711$ & $-0.00135107$ & $0.00363586$ & $0.0107605$ & $-0.00309309$ & $0.00230431$ & $-0.00524107$ & $0.00531157$ & $0.00241373$ & $0.00590475$ \\
CeH_22r & $-0.00636092$ & $-0.000133539$ & $-0.0061359$ & $-0.00121285$ & $-0.0114904$ & $0.0004745$ & $0.00579771$ & $0.0157242$ & $0.0216296$ & $-0.00841901$ & $-0.00243492$ & $0.0129574$ & $0.051489$ & $-0.0205717$ & $0.00556376$ & $-0.00774549$ & $-0.0252101$ & $-0.0298206$ & $-0.0205157$ & $0.000911226$ & $0.00306451$ & $0.00298235$ & $-0.00381486$ & $-0.0266193$ & $-0.0251356$ & $0.00358825$ & $0.00623767$ & $0.0062246$ & $1$ & $0.0453144$ & $0.0227637$ & $-0.00838741$ & $0.0463101$ & $0.00818032$ & $-0.0201243$ & $-0.00958602$ & $-0.024434$ & $-0.0105585$ & $-0.00411458$ & $-0.00232058$ & $-0.00502585$ & $0.00566606$ & $-0.0105201$ & $0.0141959$ & $0.00754684$ & $-0.00251132$ & $0.00257481$ & $-0.00109824$ & $-0.00377904$ \\
CeH_33r & $-0.00870766$ & $-0.0110612$ & $-0.00282833$ & $-0.0232493$ & $-0.00547846$ & $0.000882558$ & $-0.128944$ & $0.110842$ & $0.133254$ & $-0.132582$ & $-0.0617542$ & $0.106761$ & $0.270585$ & $-0.0644358$ & $0.0376533$ & $0.035935$ & $-0.100688$ & $-0.117895$ & $-0.115223$ & $0.0618537$ & $0.0630412$ & $0.0614495$ & $0.0121223$ & $-0.111706$ & $-0.114663$ & $-0.0401213$ & $0.0312205$ & $0.023463$ & $0.0453144$ & $1$ & $0.307516$ & $0.0192985$ & $0.640252$ & $0.0573979$ & $-0.0574898$ & $-0.0427449$ & $-0.17361$ & $-0.0216$ & $-0.012156$ & $0.00213726$ & $-0.0100443$ & $-0.0058247$ & $0.00118579$ & $0.0103724$ & $0.106901$ & $-0.00748905$ & $-0.00720564$ & $-0.0214724$ & $-0.0207674$ \\
CuH_22r & $-0.00588128$ & $0.0195604$ & $-0.0310842$ & $-0.0107166$ & $0.00518944$ & $0.00374554$ & $-0.0628413$ & $0.0510736$ & $0.0611773$ & $-0.0680284$ & $-0.0264708$ & $0.008606$ & $0.108837$ & $-0.0322853$ & $0.0135013$ & $0.0164984$ & $-0.0546625$ & $-0.0562508$ & $-0.0576337$ & $0.0271837$ & $0.0274386$ & $0.028107$ & $0.0107958$ & $-0.0572298$ & $-0.0548317$ & $-0.022293$ & $0.0169591$ & $0.0113358$ & $0.0227637$ & $0.307516$ & $1$ & $0.02284$ & $0.343768$ & $0.0293638$ & $-0.0267753$ & $-0.0243407$ & $-0.0709416$ & $-0.00616888$ & $0.012623$ & $-0.0097753$ & $0.00450301$ & $0.00476272$ & $-0.035986$ & $-0.0198158$ & $-0.0096594$ & $0.0768995$ & $0.340742$ & $-0.00320442$ & $0.00989587$ \\
CuH_33r & $0.00402018$ & $0.0188863$ & $0.00279312$ & $-0.0167314$ & $0.00743371$ & $-0.00248083$ & $0.933328$ & $-0.0994926$ & $-0.0596035$ & $0.086997$ & $0.061196$ & $0.138586$ & $-0.255833$ & $0.0419914$ & $-0.0171731$ & $-0.00915964$ & $0.0753725$ & $0.0848675$ & $0.0771788$ & $-0.057587$ & $-0.0650807$ & $-0.063995$ & $-0.0126362$ & $0.0985507$ & $0.0776244$ & $0.0386431$ & $-0.0524557$ & $-0.015511$ & $-0.00838741$ & $0.0192985$ & $0.02284$ & $1$ & $0.018671$ & $-0.0645126$ & $0.048881$ & $0.0214344$ & $-0.0230232$ & $-0.00615494$ & $0.00951235$ & $-0.00131392$ & $-0.00982288$ & $0.00330712$ & $-0.0141458$ & $-0.0125509$ & $0.0114642$ & $0.00739076$ & $0.00638365$ & $0.00307655$ & $-0.00135942$ \\
CdH_33r & $-0.019916$ & $0.0713592$ & $-0.0742403$ & $-0.0203793$ & $-0.00939834$ & $0.00114444$ & $-0.153908$ & $0.110499$ & $0.127873$ & $-0.143392$ & $-0.057368$ & $0.114605$ & $0.314039$ & $-0.0782806$ & $0.02319$ & $0.0233764$ & $-0.108422$ & $-0.120296$ & $-0.120246$ & $0.0572588$ & $0.0626517$ & $0.0605674$ & $0.0238979$ & $-0.123804$ & $-0.114907$ & $-0.0422988$ & $0.0483258$ & $0.0238174$ & $0.0463101$ & $0.640252$ & $0.343768$ & $0.018671$ & $1$ & $0.074762$ & $-0.0772241$ & $-0.0796089$ & $-0.125373$ & $-0.0173951$ & $0.0643775$ & $-0.00455408$ & $0.0194615$ & $0.00039868$ & $-0.0919188$ & $0.0827491$ & $0.034437$ & $0.0115192$ & $0.0168726$ & $0.0771537$ & $0.456341$ \\
CLL_1221 & $-0.00412417$ & $0.0242165$ & $0.00349772$ & $0.0140155$ & $-0.0177725$ & $-0.11317$ & $-0.0692995$ & $0.556826$ & $0.547132$ & $-0.347841$ & $-0.360256$ & $-0.237745$ & $0.22538$ & $-0.217986$ & $-0.586174$ & $-0.0966895$ & $-0.259914$ & $0.0266936$ & $-0.347082$ & $0.283205$ & $0.445455$ & $0.442935$ & $0.202897$ & $-0.628134$ & $-0.205806$ & $-0.248847$ & $0.682494$ & $0.155048$ & $0.00818032$ & $0.0573979$ & $0.0293638$ & $-0.0645126$ & $0.074762$ & $1$ & $-0.0126346$ & $-0.00107555$ & $0.00924614$ & $0.00483342$ & $0.00468823$ & $-0.00458654$ & $0.00297005$ & $-0.00808663$ & $-0.00867991$ & $-0.00212534$ & $-0.0137227$ & $0.00645348$ & $-0.00538593$ & $0.00146791$ & $0.0100309$ \\
eHggint & $0.0134226$ & $-0.0237176$ & $0.0673644$ & $-0.0248831$ & $-0.00972397$ & $0.0142802$ & $-0.0317679$ & $-0.00229911$ & $-0.024871$ & $0.0434214$ & $0.0160707$ & $0.0913335$ & $0.0383439$ & $-0.0267864$ & $0.00974791$ & $-0.0028246$ & $-0.0276866$ & $-0.0314097$ & $-0.0222185$ & $-0.0158583$ & $-0.0174859$ & $-0.0149435$ & $0.00190471$ & $-0.0133013$ & $-0.0292878$ & $0.00624268$ & $-0.0126964$ & $-0.00241813$ & $-0.0201243$ & $-0.0574898$ & $-0.0267753$ & $0.048881$ & $-0.0772241$ & $-0.0126346$ & $1$ & $-0.0551382$ & $0.0313852$ & $0.00396802$ & $-0.0147886$ & $-0.00646658$ & $0.0058133$ & $-0.00631308$ & $-0.0723078$ & $0.0138142$ & $-0.00197549$ & $0.0594479$ & $-0.0474976$ & $-0.0250416$ & $-0.0357371$ \\
eHggpar & $-0.017401$ & $-0.0577589$ & $0.061793$ & $0.0222933$ & $-0.0077872$ & $-0.00695216$ & $-0.0144686$ & $0.00331772$ & $-0.00510459$ & $0.0354462$ & $-0.00165749$ & $0.0492625$ & $0.0218506$ & $-0.000117367$ & $0.000582562$ & $0.00427719$ & $-0.00126362$ & $-0.000423308$ & $-0.00163719$ & $0.0013026$ & $0.000205233$ & $0.0041411$ & $-0.00545144$ & $0.00237783$ & $0.00688455$ & $0.010078$ & $0.00886801$ & $-0.00110537$ & $-0.00958602$ & $-0.0427449$ & $-0.0243407$ & $0.0214344$ & $-0.0796089$ & $-0.00107555$ & $-0.0551382$ & $1$ & $0.10694$ & $0.00719603$ & $-0.0133265$ & $0.018434$ & $-0.0423756$ & $-0.0140627$ & $0.0202465$ & $0.058358$ & $0.0252824$ & $0.0491272$ & $-0.0143529$ & $0.0332898$ & $-0.0830103$ \\
eHWWint & $0.0616232$ & $-0.012405$ & $0.0107955$ & $0.0572805$ & $-0.00857052$ & $-9.76721e-05$ & $0.00615015$ & $0.0049396$ & $-0.00382825$ & $-0.000172997$ & $-0.00373902$ & $-0.00379553$ & $0.00892606$ & $-0.00195787$ & $-0.00611092$ & $0.000722002$ & $-0.00121447$ & $0.00159546$ & $-0.00434398$ & $0.00192646$ & $0.00321645$ & $0.00420881$ & $0.000680882$ & $-0.0089814$ & $-0.00519977$ & $-0.000720594$ & $0.00753394$ & $-0.00182278$ & $-0.024434$ & $-0.17361$ & $-0.0709416$ & $-0.0230232$ & $-0.125373$ & $0.00924614$ & $0.0313852$ & $0.10694$ & $1$ & $0.00751784$ & $-0.0415693$ & $0.0183262$ & $0.0634552$ & $-0.0117911$ & $0.0415325$ & $-0.0689544$ & $-0.144807$ & $-0.0538101$ & $0.0441042$ & $0.183678$ & $0.0774114$ \\
eHWWpar & $-0.0130644$ & $-0.00568852$ & $0.0186424$ & $0.0240475$ & $0.00124212$ & $-0.00389687$ & $-0.00326391$ & $0.0111332$ & $0.0082747$ & $-0.00974126$ & $-0.012767$ & $-0.0121648$ & $0.00282251$ & $0.00717824$ & $0.00508768$ & $0.00417755$ & $0.00351614$ & $0.000593004$ & $0.000364826$ & $0.0134577$ & $0.0128247$ & $0.0113317$ & $0.0103511$ & $-0.000428546$ & $0.000960142$ & $-0.0158007$ & $0.00355678$ & $0.00796902$ & $-0.0105585$ & $-0.0216$ & $-0.00616888$ & $-0.00615494$ & $-0.0173951$ & $0.00483342$ & $0.00396802$ & $0.00719603$ & $0.00751784$ & $1$ & $-0.00962669$ & $-0.00392236$ & $0.0120973$ & $-0.00509791$ & $-0.00746351$ & $0.0050878$ & $0.00304854$ & $-0.00617367$ & $-0.0107855$ & $-0.0105407$ & $0.0121267$ \\
eHZZint & $0.0794216$ & $0.0828279$ & $0.00711243$ & $-0.00406142$ & $-0.00860528$ & $-0.00636577$ & $-0.00265958$ & $-0.00313149$ & $-0.00428609$ & $0.00408298$ & $-4.08793e-05$ & $0.00102867$ & $-0.0110294$ & $0.000283099$ & $-0.00213662$ & $-0.00917235$ & $0.00337759$ & $0.00366689$ & $0.0103635$ & $0.00183472$ & $0.00193009$ & $0.00250414$ & $-0.00440876$ & $-0.00265414$ & $-0.00674573$ & $-0.00865166$ & $-0.00134279$ & $0.00236808$ & $-0.00411458$ & $-0.012156$ & $0.012623$ & $0.00951235$ & $0.0643775$ & $0.00468823$ & $-0.0147886$ & $-0.0133265$ & $-0.0415693$ & $-0.00962669$ & $1$ & $-0.00448379$ & $0.0551326$ & $-0.000733659$ & $-0.00583487$ & $-0.0858412$ & $0.0510011$ & $-0.00413045$ & $0.0650678$ & $0.160462$ & $0.108774$ \\
eHZZpar & $0.0087386$ & $-0.00472626$ & $0.0119806$ & $-0.00299533$ & $-0.00931126$ & $0.00129118$ & $-0.00225222$ & $0.00353307$ & $0.00299773$ & $-0.00517976$ & $-0.00595584$ & $-0.00252646$ & $0.000414273$ & $0.00627099$ & $0.00696575$ & $0.0103399$ & $0.00229539$ & $-0.000484718$ & $-0.00260315$ & $0.00660122$ & $0.00574449$ & $0.00407712$ & $0.00343731$ & $-0.000163032$ & $-0.00300659$ & $-0.0103588$ & $-0.00862322$ & $-0.00408711$ & $-0.00232058$ & $0.00213726$ & $-0.0097753$ & $-0.00131392$ & $-0.00455408$ & $-0.00458654$ & $-0.00646658$ & $0.018434$ & $0.0183262$ & $-0.00392236$ & $-0.00448379$ & $1$ & $0.00531764$ & $-0.000768241$ & $-0.00727019$ & $-0.00989278$ & $-0.0148401$ & $0.0102178$ & $-0.00435941$ & $0.0268285$ & $-0.0104716$ \\
eHZgaint & $0.0975321$ & $-0.0589017$ & $0.0127716$ & $0.101432$ & $-0.000323564$ & $0.0170046$ & $-0.00249085$ & $0.0106111$ & $0.0104922$ & $-0.0551152$ & $-0.00054814$ & $-0.0418667$ & $0.0028797$ & $-0.0166397$ & $-0.000271385$ & $-0.00997998$ & $-0.0223615$ & $-0.0191688$ & $-0.0147045$ & $-0.00101404$ & $-0.0010244$ & $-0.00130089$ & $-0.00314543$ & $-0.0214134$ & $-0.0362458$ & $-0.00367792$ & $-0.00680703$ & $-0.00135107$ & $-0.00502585$ & $-0.0100443$ & $0.00450301$ & $-0.00982288$ & $0.0194615$ & $0.00297005$ & $0.0058133$ & $-0.0423756$ & $0.0634552$ & $0.0120973$ & $0.0551326$ & $0.00531764$ & $1$ & $-0.00992638$ & $0.0396942$ & $0.0398356$ & $0.0545218$ & $-0.0281314$ & $0.0188324$ & $0.0781398$ & $0.0459157$ \\
eHZgapar & $-0.023467$ & $-0.00135065$ & $-0.0187024$ & $-0.0170756$ & $-0.00585764$ & $-0.00638852$ & $0.00467274$ & $-0.00616306$ & $-0.00582724$ & $0.000374379$ & $0.00303235$ & $0.000874616$ & $-0.00787223$ & $0.00388723$ & $0.00285106$ & $-0.00541358$ & $0.00556912$ & $0.00349235$ & $0.0102432$ & $-0.00230563$ & $-0.0033705$ & $-0.00317024$ & $0.00411229$ & $0.00900345$ & $0.0102268$ & $0.00264295$ & $0.000834069$ & $0.00363586$ & $0.00566606$ & $-0.0058247$ & $0.00476272$ & $0.00330712$ & $0.00039868$ & $-0.00808663$ & $-0.00631308$ & $-0.0140627$ & $-0.0117911$ & $-0.00509791$ & $-0.000733659$ & $-0.000768241$ & $-0.00992638$ & $1$ & $-0.020444$ & $-0.0075777$ & $0.0176727$ & $0.0214895$ & $0.00373314$ & $-0.00406416$ & $0.00617937$ \\
eHgagaint & $-0.0140713$ & $-0.0960481$ & $0.0924435$ & $0.072333$ & $0.00670917$ & $-0.00224475$ & $-0.00595874$ & $0.010809$ & $0.0729984$ & $-0.019862$ & $-0.00568327$ & $-0.032452$ & $0.0060035$ & $-0.00150843$ & $0.0108475$ & $-0.00612418$ & $-0.00926181$ & $-0.0142893$ & $0.000699346$ & $0.00395583$ & $0.00384418$ & $0.00576947$ & $0.00628055$ & $-0.00595202$ & $-0.000774742$ & $-0.00600787$ & $0.00810708$ & $0.0107605$ & $-0.0105201$ & $0.00118579$ & $-0.035986$ & $-0.0141458$ & $-0.0919188$ & $-0.00867991$ & $-0.0723078$ & $0.0202465$ & $0.0415325$ & $-0.00746351$ & $-0.00583487$ & $-0.00727019$ & $0.0396942$ & $-0.020444$ & $1$ & $-0.0724284$ & $0.0333187$ & $-0.0463495$ & $-0.0662823$ & $0.00735542$ & $-0.180528$ \\
eHmumuint & $0.00928007$ & $-0.0560733$ & $0.107186$ & $0.0168515$ & $-0.00919031$ & $-0.00123675$ & $-0.0174733$ & $0.00789659$ & $0.00310093$ & $0.00158443$ & $-0.0104245$ & $-0.000163632$ & $0.00969114$ & $0.00444221$ & $0.00924966$ & $0.00940728$ & $0.0103454$ & $0.00204172$ & $5.41584e-05$ & $0.010832$ & $0.00865349$ & $0.00759988$ & $-0.00717012$ & $0.00476816$ & $-0.000118392$ & $0.00491973$ & $-0.00312692$ & $-0.00309309$ & $0.0141959$ & $0.0103724$ & $-0.0198158$ & $-0.0125509$ & $0.0827491$ & $-0.00212534$ & $0.0138142$ & $0.058358$ & $-0.0689544$ & $0.0050878$ & $-0.0858412$ & $-0.00989278$ & $0.0398356$ & $-0.0075777$ & $-0.0724284$ & $1$ & $0.0377324$ & $-0.0367761$ & $-0.082263$ & $0.0309029$ & $0.124882$ \\
eHtautauint & $0.0300022$ & $-0.0386139$ & $0.0442547$ & $-0.0654774$ & $-0.00266597$ & $-0.00122049$ & $0.00292675$ & $-0.00475865$ & $0.000423729$ & $0.0103558$ & $0.00569842$ & $0.0190004$ & $0.00115779$ & $-0.00227219$ & $0.00812561$ & $0.000185617$ & $-0.00220887$ & $-0.00601022$ & $0.000634378$ & $-0.00586922$ & $-0.00801654$ & $-0.00708379$ & $-0.00507865$ & $0.00542184$ & $-0.000613762$ & $0.0130119$ & $-0.000833835$ & $0.00230431$ & $0.00754684$ & $0.106901$ & $-0.0096594$ & $0.0114642$ & $0.034437$ & $-0.0137227$ & $-0.00197549$ & $0.0252824$ & $-0.144807$ & $0.00304854$ & $0.0510011$ & $-0.0148401$ & $0.0545218$ & $0.0176727$ & $0.0333187$ & $0.0377324$ & $1$ & $-0.0138915$ & $-0.08698$ & $0.057921$ & $-0.0252344$ \\
eHccint & $0.0165664$ & $0.0297833$ & $-0.0931334$ & $-0.065888$ & $0.00784283$ & $0.00281743$ & $0.00219153$ & $-0.00308966$ & $-0.00649921$ & $0.00454608$ & $0.00756076$ & $0.00594862$ & $0.00776744$ & $-0.0142765$ & $-0.00804784$ & $-0.00778223$ & $-0.00894149$ & $-0.00553287$ & $-0.00612264$ & $-0.00762464$ & $-0.00654727$ & $-0.00419054$ & $0.00559384$ & $-0.0101434$ & $-0.00721487$ & $0.00199712$ & $0.00467374$ & $-0.00524107$ & $-0.00251132$ & $-0.00748905$ & $0.0768995$ & $0.00739076$ & $0.0115192$ & $0.00645348$ & $0.0594479$ & $0.0491272$ & $-0.0538101$ & $-0.00617367$ & $-0.00413045$ & $0.0102178$ & $-0.0281314$ & $0.0214895$ & $-0.0463495$ & $-0.0367761$ & $-0.0138915$ & $1$ & $0.0239554$ & $0.113287$ & $0.000171261$ \\
eHccpar & $0.00644692$ & $0.0845958$ & $-0.0423285$ & $0.00893888$ & $0.0269393$ & $-0.00262142$ & $0.00981833$ & $-0.00200618$ & $-0.0070991$ & $-0.00707344$ & $0.00710026$ & $-0.000945628$ & $0.0075342$ & $-0.0172493$ & $0.0101326$ & $0.00584075$ & $-0.0142372$ & $-0.0194993$ & $-0.0158686$ & $-0.00376691$ & $-0.00612232$ & $-0.00675718$ & $-0.0077083$ & $-0.00481024$ & $-0.011174$ & $0.00645396$ & $-0.00122203$ & $0.00531157$ & $0.00257481$ & $-0.00720564$ & $0.340742$ & $0.00638365$ & $0.0168726$ & $-0.00538593$ & $-0.0474976$ & $-0.0143529$ & $0.0441042$ & $-0.0107855$ & $0.0650678$ & $-0.00435941$ & $0.0188324$ & $0.00373314$ & $-0.0662823$ & $-0.082263$ & $-0.08698$ & $0.0239554$ & $1$ & $0.0102076$ & $0.0456041$ \\
eHbbint & $0.101528$ & $0.0120712$ & $0.0503447$ & $-0.0157949$ & $0.00806361$ & $0.00504676$ & $0.00429371$ & $-0.000201364$ & $-0.00129033$ & $0.0148838$ & $-0.00284742$ & $0.0132086$ & $-0.00166706$ & $0.00118369$ & $-0.00025336$ & $-0.00854939$ & $0.00869106$ & $0.00345325$ & $0.00991381$ & $0.00241739$ & $0.00372429$ & $0.00271402$ & $0.0113633$ & $-0.00293721$ & $-0.00943804$ & $-0.0213407$ & $-0.00533366$ & $0.00241373$ & $-0.00109824$ & $-0.0214724$ & $-0.00320442$ & $0.00307655$ & $0.0771537$ & $0.00146791$ & $-0.0250416$ & $0.0332898$ & $0.183678$ & $-0.0105407$ & $0.160462$ & $0.0268285$ & $0.0781398$ & $-0.00406416$ & $0.00735542$ & $0.0309029$ & $0.057921$ & $0.113287$ & $0.0102076$ & $1$ & $-0.0743025$ \\
eHbbpar & $-0.0457248$ & $0.162135$ & $-0.147081$ & $-0.0152019$ & $0.00231099$ & $-0.0109712$ & $0.00370567$ & $-0.0100366$ & $-0.0205822$ & $-0.00672386$ & $0.0056942$ & $-0.0121061$ & $-0.0149413$ & $-0.00618652$ & $-0.00597651$ & $-0.00912761$ & $0.00961621$ & $0.00531006$ & $0.00594398$ & $-0.00371045$ & $-0.000697706$ & $-0.00313587$ & $0.0154679$ & $0.00515926$ & $0.0164694$ & $-0.00100627$ & $0.0156802$ & $0.00590475$ & $-0.00377904$ & $-0.0207674$ & $0.00989587$ & $-0.00135942$ & $0.456341$ & $0.0100309$ & $-0.0357371$ & $-0.0830103$ & $0.0774114$ & $0.0121267$ & $0.108774$ & $-0.0104716$ & $0.0459157$ & $0.00617937$ & $-0.180528$ & $0.124882$ & $-0.0252344$ & $0.000171261$ & $0.0456041$ & $-0.0743025$ & $1$ \\
