 & AlsMz & dAle5Mz & mtop & mHl & Mz & CW & CHG & CHWB & CHWHB_gaga & CHWHB_gagaorth & CHD & CHbox & CH & CHL1_11 & CHL1_22 & CHL1_33 & CHL3_11 & CHL3_22 & CHL3_33 & CHe_11 & CHe_22 & CHe_33 & CHQ1_11 & CHQ1_33 & CHQ3_11 & CHu_11 & CHd_11 & CHd_33 & CeH_22r & CeH_33r & CuH_22r & CuH_33r & CdH_33r & CLL_1221 & eHggint & eHggpar & eHWWint & eHWWpar & eHZZint & eHZZpar & eHZgaint & eHZgapar & eHgagaint & eHmumuint & eHtautauint & eHccint & eHccpar & eHbbint & eHbbpar \\
AlsMz & $1$ & $-0.258749$ & $0.180942$ & $-0.075761$ & $0.0148353$ & $-0.0109418$ & $0.00946678$ & $-0.0346186$ & $-0.0464418$ & $0.0236776$ & $0.00833911$ & $0.0432388$ & $0.0381221$ & $0.039641$ & $-0.0369593$ & $-0.00551522$ & $0.0396664$ & $0.0682097$ & $0.0498237$ & $-0.017246$ & $-0.0156718$ & $-0.0194156$ & $0.0113607$ & $0.00812914$ & $-0.00645125$ & $-0.0139986$ & $-0.0183719$ & $-0.00124962$ & $0.0211519$ & $0.0358033$ & $0.0347586$ & $0.0112243$ & $0.0122264$ & $-0.0169991$ & $-0.050058$ & $-0.0398327$ & $0.0463105$ & $0.044523$ & $-0.0107486$ & $0.0482487$ & $0.174226$ & $-0.0413755$ & $-0.310538$ & $0.262723$ & $-0.0463208$ & $0.105995$ & $0.07558$ & $-0.0447941$ & $-0.0594902$ \\
dAle5Mz & $-0.258749$ & $1$ & $-0.10671$ & $0.00515054$ & $-0.057156$ & $0.0341768$ & $0.0189276$ & $-0.0518839$ & $-0.0539943$ & $0.044568$ & $0.0698096$ & $-0.0484233$ & $-0.0604675$ & $-0.072645$ & $-0.0321117$ & $-0.0343721$ & $-0.045979$ & $-0.0420428$ & $-0.0392605$ & $-0.0580917$ & $-0.0544439$ & $-0.0540882$ & $0.0373685$ & $-0.0045376$ & $-0.0188262$ & $0.0297043$ & $0.0203915$ & $-0.0392383$ & $-0.00683901$ & $-0.0511871$ & $-0.0199426$ & $0.0222655$ & $0.0143731$ & $0.0232296$ & $-0.0187096$ & $0.207797$ & $-0.0571224$ & $-0.0143434$ & $0.00218155$ & $-0.0329512$ & $-0.266499$ & $0.0325591$ & $-0.0081897$ & $-0.0910327$ & $0.018734$ & $-0.0791992$ & $0.0479101$ & $0.0887818$ & $0.210523$ \\
mtop & $0.180942$ & $-0.10671$ & $1$ & $-0.140826$ & $-0.024876$ & $-0.0493654$ & $-0.0373673$ & $0.0153778$ & $0.00728554$ & $0.00308036$ & $-0.00421744$ & $0.0546749$ & $0.0492672$ & $-0.0193758$ & $-0.0319933$ & $0.00890497$ & $-0.0019311$ & $0.00683251$ & $-0.0189564$ & $0.00542794$ & $0.00786249$ & $0.0076907$ & $0.0344261$ & $-0.0305547$ & $-0.0111314$ & $-0.0181775$ & $0.0313912$ & $0.00748232$ & $0.0264059$ & $0.0528987$ & $0.0698885$ & $-0.0135542$ & $0.054535$ & $0.0480144$ & $0.273365$ & $0.0611338$ & $-0.117612$ & $-0.0389799$ & $0.0559346$ & $0.0686436$ & $0.073509$ & $0.0786534$ & $-0.0623185$ & $-0.126691$ & $0.139869$ & $-0.156608$ & $0.0872719$ & $0.204628$ & $-0.0790654$ \\
mHl & $-0.075761$ & $0.00515054$ & $-0.140826$ & $1$ & $0.0196811$ & $-0.0536121$ & $0.00441111$ & $0.0273277$ & $0.0218174$ & $-0.00802281$ & $-0.0283741$ & $-0.00731972$ & $-0.00416315$ & $0.00872638$ & $0.0447368$ & $0.0157665$ & $0.00282653$ & $-0.0216552$ & $6.97498e-06$ & $0.0310747$ & $0.0274403$ & $0.0275054$ & $-0.0267644$ & $-0.00674501$ & $-0.000359084$ & $-0.00737081$ & $-0.00279786$ & $0.0371012$ & $-0.0725186$ & $-0.0267292$ & $0.0216956$ & $-0.00856627$ & $-0.0187077$ & $-0.0135306$ & $-0.15524$ & $-0.0477509$ & $0.033484$ & $-0.0121741$ & $0.114659$ & $-0.0533781$ & $-0.125642$ & $0.00964695$ & $-0.0677138$ & $0.0774117$ & $-0.0627072$ & $0.106548$ & $0.090647$ & $0.092624$ & $0.0164108$ \\
Mz & $0.0148353$ & $-0.057156$ & $-0.024876$ & $0.0196811$ & $1$ & $-0.0381351$ & $-0.0222985$ & $-0.00683059$ & $-0.00594719$ & $0.00043196$ & $0.00607991$ & $0.0258242$ & $0.0215214$ & $0.0109249$ & $0.000188071$ & $0.0017824$ & $0.0125177$ & $0.0121179$ & $0.0129861$ & $-0.000747275$ & $-0.000107074$ & $-0.00278468$ & $-0.00446642$ & $0.00336517$ & $0.0227252$ & $0.00597311$ & $0.00850863$ & $0.0037727$ & $0.00708362$ & $0.0221033$ & $0.00644944$ & $-0.0214721$ & $0.0469541$ & $-0.012225$ & $-0.0082659$ & $0.0341927$ & $-0.00575123$ & $-0.0298285$ & $-0.0152062$ & $-0.0236367$ & $0.0448037$ & $0.0144948$ & $-0.0282682$ & $0.0100857$ & $-0.01843$ & $0.00794929$ & $-0.0333515$ & $-0.0010134$ & $0.0585779$ \\
CW & $-0.0109418$ & $0.0341768$ & $-0.0493654$ & $-0.0536121$ & $-0.0381351$ & $1$ & $0.0165184$ & $-0.0343166$ & $-0.032859$ & $0.00673787$ & $0.153402$ & $-0.0214876$ & $-0.0452591$ & $-0.0465369$ & $-0.0755653$ & $-0.0822639$ & $-0.387471$ & $-0.19624$ & $-0.190601$ & $-0.14983$ & $-0.156548$ & $-0.157332$ & $-0.00184897$ & $-0.125082$ & $-0.226596$ & $0.107181$ & $-0.0528322$ & $-0.0552579$ & $-0.0201941$ & $-0.0334295$ & $-0.0143692$ & $0.01783$ & $-0.0351223$ & $-0.0989551$ & $-0.0249873$ & $0.0236544$ & $0.0170028$ & $0.0202308$ & $-0.0316101$ & $-0.0355347$ & $0.0258004$ & $0.0184086$ & $0.0156252$ & $0.0311727$ & $-0.00543634$ & $0.0197495$ & $0.0756621$ & $0.0089031$ & $0.0180259$ \\
CHG & $0.00946678$ & $0.0189276$ & $-0.0373673$ & $0.00441111$ & $-0.0222985$ & $0.0165184$ & $1$ & $-0.0315292$ & $-0.0116166$ & $0.223847$ & $0.0754282$ & $-0.745813$ & $-0.765603$ & $-0.108683$ & $-0.00826553$ & $-0.0132767$ & $-0.0857782$ & $-0.089287$ & $-0.0844294$ & $-0.0712208$ & $-0.0778259$ & $-0.0734422$ & $-0.0267763$ & $-0.0387578$ & $-0.0877029$ & $0.0611502$ & $-0.0386533$ & $-0.0248095$ & $-0.121709$ & $-0.582838$ & $-0.321141$ & $0.956265$ & $-0.601505$ & $-0.0218407$ & $-0.0611424$ & $-0.00973017$ & $0.0614949$ & $0.00499401$ & $-0.0379785$ & $-0.0132232$ & $0.0186759$ & $0.0189421$ & $0.00700607$ & $0.0189125$ & $-0.026566$ & $0.0137585$ & $-0.00577645$ & $-0.030642$ & $-1.3077e-07$ \\
CHWB & $-0.0346186$ & $-0.0518839$ & $0.0153778$ & $0.0273277$ & $-0.00683059$ & $-0.0343166$ & $-0.0315292$ & $1$ & $0.990047$ & $-0.554751$ & $-0.8708$ & $-0.00461949$ & $0.0720437$ & $0.266737$ & $0.45791$ & $0.434656$ & $-0.209315$ & $-0.397145$ & $-0.380793$ & $0.854775$ & $0.88539$ & $0.87845$ & $0.0346909$ & $-0.627646$ & $-0.36731$ & $-0.611429$ & $0.408941$ & $0.388278$ & $-0.00926368$ & $0.0606811$ & $0.0605257$ & $-0.0288726$ & $0.0588838$ & $0.541933$ & $-0.0165147$ & $-0.02685$ & $0.01134$ & $-0.000123848$ & $0.035193$ & $0.00385408$ & $0.0100871$ & $0.0288856$ & $-0.00337557$ & $-0.0570809$ & $-0.00172005$ & $0.010535$ & $0.00249476$ & $0.0142153$ & $-0.0220067$ \\
CHWHB_gaga & $-0.0464418$ & $-0.0539943$ & $0.00728554$ & $0.0218174$ & $-0.00594719$ & $-0.032859$ & $-0.0116166$ & $0.990047$ & $1$ & $-0.547705$ & $-0.860602$ & $0.00469907$ & $0.0767305$ & $0.261995$ & $0.452786$ & $0.431847$ & $-0.210786$ & $-0.395612$ & $-0.381428$ & $0.844895$ & $0.874751$ & $0.867917$ & $0.0367028$ & $-0.622433$ & $-0.364903$ & $-0.60509$ & $0.4055$ & $0.385465$ & $0.000335941$ & $0.0809585$ & $0.0753586$ & $-0.010552$ & $0.0809518$ & $0.536555$ & $-0.0228015$ & $-0.0310004$ & $0.00112648$ & $-0.00475702$ & $0.0316587$ & $-0.00312442$ & $0.00340942$ & $0.0286106$ & $0.0328711$ & $-0.0591999$ & $-0.0062285$ & $0.00472548$ & $0.0062237$ & $0.00850127$ & $-0.0192966$ \\
CHWHB_gagaorth & $0.0236776$ & $0.044568$ & $0.00308036$ & $-0.00802281$ & $0.00043196$ & $0.00673787$ & $0.223847$ & $-0.554751$ & $-0.547705$ & $1$ & $0.469469$ & $-0.124106$ & $-0.2842$ & $-0.128299$ & $-0.22983$ & $-0.213223$ & $0.141961$ & $0.235344$ & $0.222437$ & $-0.457173$ & $-0.480127$ & $-0.47745$ & $-0.0477473$ & $0.375388$ & $0.218563$ & $0.349512$ & $-0.246085$ & $-0.189079$ & $-0.0396974$ & $-0.245001$ & $-0.163418$ & $0.227722$ & $-0.274249$ & $-0.31779$ & $0.0196841$ & $0.0140961$ & $0.0127653$ & $-0.00689685$ & $-0.0488288$ & $-0.00559922$ & $-0.0206104$ & $-0.0117633$ & $0.00407505$ & $0.0429162$ & $-0.0102755$ & $-0.00416829$ & $0.0101021$ & $0.0165975$ & $-0.00982519$ \\
CHD & $0.00833911$ & $0.0698096$ & $-0.00421744$ & $-0.0283741$ & $0.00607991$ & $0.153402$ & $0.0754282$ & $-0.8708$ & $-0.860602$ & $0.469469$ & $1$ & $-0.0238519$ & $-0.128283$ & $-0.667338$ & $-0.588648$ & $-0.554082$ & $-0.270197$ & $-0.0375545$ & $-0.0536345$ & $-0.995306$ & $-0.995191$ & $-0.983826$ & $0.0339503$ & $0.208175$ & $-0.0736952$ & $0.689195$ & $-0.262548$ & $-0.429348$ & $-0.00906894$ & $-0.106409$ & $-0.0717341$ & $0.0789318$ & $-0.109757$ & $-0.31746$ & $0.045305$ & $0.0438504$ & $-0.0182961$ & $0.00500551$ & $-0.0436339$ & $-0.00618081$ & $-0.0173925$ & $-0.0127994$ & $0.00618783$ & $0.0630614$ & $0.00328194$ & $-0.00209948$ & $0.0150381$ & $0.013458$ & $0.0212743$ \\
CHbox & $0.0432388$ & $-0.0484233$ & $0.0546749$ & $-0.00731972$ & $0.0258242$ & $-0.0214876$ & $-0.745813$ & $-0.00461949$ & $0.00469907$ & $-0.124106$ & $-0.0238519$ & $1$ & $0.973604$ & $0.0602146$ & $-0.0219564$ & $-0.0127855$ & $0.0566861$ & $0.0718284$ & $0.063465$ & $0.0204232$ & $0.0259761$ & $0.0232174$ & $0.057381$ & $0.0329831$ & $0.0767142$ & $-0.043338$ & $0.0454214$ & $0.00425803$ & $0.187918$ & $0.7195$ & $0.403588$ & $-0.653491$ & $0.745677$ & $0.0129741$ & $0.106324$ & $0.0135411$ & $0.0092971$ & $0.0157135$ & $-0.0173399$ & $0.00466157$ & $-0.0134545$ & $-0.0283652$ & $-0.0368651$ & $-0.0153347$ & $-0.00208925$ & $-0.00772519$ & $0.000455498$ & $0.0325568$ & $-0.010236$ \\
CH & $0.0381221$ & $-0.0604675$ & $0.0492672$ & $-0.00416315$ & $0.0215214$ & $-0.0452591$ & $-0.765603$ & $0.0720437$ & $0.0767305$ & $-0.2842$ & $-0.128283$ & $0.973604$ & $1$ & $0.150092$ & $0.0261894$ & $0.0285011$ & $0.11611$ & $0.110231$ & $0.105261$ & $0.121696$ & $0.130909$ & $0.126934$ & $0.0546278$ & $0.0329846$ & $0.117225$ & $-0.116413$ & $0.078081$ & $0.0458252$ & $0.186415$ & $0.706043$ & $0.405724$ & $-0.68792$ & $0.733885$ & $0.047152$ & $0.0840006$ & $0.00518099$ & $0.00594353$ & $0.0155111$ & $-0.00537591$ & $0.00352444$ & $-0.00833183$ & $-0.0250003$ & $-0.0335151$ & $-0.0271149$ & $-0.00196795$ & $-0.0080151$ & $-0.000391107$ & $0.0254753$ & $-0.00824605$ \\
CHL1_11 & $0.039641$ & $-0.072645$ & $-0.0193758$ & $0.00872638$ & $0.0109249$ & $-0.0465369$ & $-0.108683$ & $0.266737$ & $0.261995$ & $-0.128299$ & $-0.667338$ & $0.0602146$ & $0.150092$ & $1$ & $0.444825$ & $0.405049$ & $0.652803$ & $0.603706$ & $0.613843$ & $0.678681$ & $0.637782$ & $0.623663$ & $-0.110023$ & $0.449426$ & $0.602106$ & $-0.44963$ & $-0.0842559$ & $0.261323$ & $0.031059$ & $0.123064$ & $0.0547614$ & $-0.116056$ & $0.134701$ & $-0.204474$ & $-0.0589655$ & $-0.0246276$ & $0.0260542$ & $-0.00982704$ & $0.0216265$ & $0.000922869$ & $0.0281712$ & $-0.018706$ & $-0.00834825$ & $-0.022063$ & $-0.00942246$ & $-0.00299612$ & $-0.023001$ & $-0.0270901$ & $-0.000183934$ \\
CHL1_22 & $-0.0369593$ & $-0.0321117$ & $-0.0319933$ & $0.0447368$ & $0.000188071$ & $-0.0755653$ & $-0.00826553$ & $0.45791$ & $0.452786$ & $-0.22983$ & $-0.588648$ & $-0.0219564$ & $0.0261894$ & $0.444825$ & $1$ & $0.535076$ & $0.204342$ & $-0.261346$ & $0.0424762$ & $0.629067$ & $0.534712$ & $0.526517$ & $-0.200318$ & $0.0641689$ & $-0.0293523$ & $-0.353255$ & $-0.291352$ & $0.248564$ & $-0.00782119$ & $0.0318958$ & $0.0427259$ & $-0.0117929$ & $0.0415627$ & $-0.459254$ & $-0.0735244$ & $-0.0624854$ & $-0.00498728$ & $-0.00466081$ & $0.00509787$ & $-0.0208197$ & $0.0109706$ & $0.00511155$ & $0.0437181$ & $-0.0309057$ & $-0.00229424$ & $-0.00948675$ & $0.036731$ & $-0.00495035$ & $-0.00616854$ \\
CHL1_33 & $-0.00551522$ & $-0.0343721$ & $0.00890497$ & $0.0157665$ & $0.0017824$ & $-0.0822639$ & $-0.0132767$ & $0.434656$ & $0.431847$ & $-0.213223$ & $-0.554082$ & $-0.0127855$ & $0.0285011$ & $0.405049$ & $0.535076$ & $1$ & $0.189351$ & $0.0279941$ & $-0.272533$ & $0.59461$ & $0.499716$ & $0.51363$ & $-0.195903$ & $0.0585863$ & $-0.0416678$ & $-0.328182$ & $-0.293198$ & $0.226088$ & $-0.00134944$ & $0.0353997$ & $0.0253346$ & $-0.0155888$ & $0.0459194$ & $-0.0308238$ & $-0.039127$ & $-0.0138024$ & $-0.0138777$ & $0.00605501$ & $0.0245709$ & $0.0039987$ & $0.0261994$ & $-0.00396297$ & $0.0227648$ & $-0.0295745$ & $-0.00503742$ & $-0.0140217$ & $-0.0327743$ & $0.0128625$ & $-0.0162136$ \\
CHL3_11 & $0.0396664$ & $-0.045979$ & $-0.0019311$ & $0.00282653$ & $0.0125177$ & $-0.387471$ & $-0.0857782$ & $-0.209315$ & $-0.210786$ & $0.141961$ & $-0.270197$ & $0.0566861$ & $0.11611$ & $0.652803$ & $0.204342$ & $0.189351$ & $1$ & $0.829383$ & $0.826884$ & $0.281346$ & $0.246537$ & $0.23853$ & $-0.0961411$ & $0.747482$ & $0.856304$ & $-0.171281$ & $-0.168824$ & $0.0978604$ & $0.0373335$ & $0.0911244$ & $0.0226683$ & $-0.0989639$ & $0.0971848$ & $-0.27204$ & $-0.0451609$ & $-0.0492985$ & $0.00768448$ & $-0.0120087$ & $0.0272297$ & $0.0119019$ & $0.0138596$ & $-0.0242787$ & $-0.0120654$ & $-0.0333535$ & $0.00434898$ & $-0.0195115$ & $-0.0428777$ & $-0.0647298$ & $-0.0106112$ \\
CHL3_22 & $0.0682097$ & $-0.0420428$ & $0.00683251$ & $-0.0216552$ & $0.0121179$ & $-0.19624$ & $-0.089287$ & $-0.397145$ & $-0.395612$ & $0.235344$ & $-0.0375545$ & $0.0718284$ & $0.110231$ & $0.603706$ & $-0.261346$ & $0.0279941$ & $0.829383$ & $1$ & $0.792686$ & $0.0380682$ & $0.0300923$ & $0.0262706$ & $-0.0256032$ & $0.741853$ & $0.867257$ & $-0.0331882$ & $-0.0891218$ & $-0.00776879$ & $0.0400044$ & $0.0840905$ & $0.0062807$ & $-0.098969$ & $0.0878882$ & $-0.111241$ & $-0.0126609$ & $-0.000993831$ & $0.0180703$ & $-0.00827261$ & $0.0200681$ & $0.0191485$ & $0.0144975$ & $-0.0321189$ & $-0.0288277$ & $-0.00239325$ & $6.18286e-05$ & $-0.0123486$ & $-0.0600237$ & $-0.047704$ & $-0.00182674$ \\
CHL3_33 & $0.0498237$ & $-0.0392605$ & $-0.0189564$ & $6.97498e-06$ & $0.0129861$ & $-0.190601$ & $-0.0844294$ & $-0.380793$ & $-0.381428$ & $0.222437$ & $-0.0536345$ & $0.063465$ & $0.105261$ & $0.613843$ & $0.0424762$ & $-0.272533$ & $0.826884$ & $0.792686$ & $1$ & $0.0536591$ & $0.0478895$ & $0.0418701$ & $-0.0234011$ & $0.733948$ & $0.865584$ & $-0.0456731$ & $-0.0784539$ & $0.00441831$ & $0.0385528$ & $0.0785298$ & $0.0182033$ & $-0.0946155$ & $0.085031$ & $-0.392028$ & $-0.0393982$ & $-0.0309413$ & $0.0213825$ & $-0.0146937$ & $0.00920793$ & $0.00231115$ & $0.010497$ & $-0.0257045$ & $-0.0164829$ & $-0.000981064$ & $-0.00360369$ & $-0.0131734$ & $-0.0171861$ & $-0.0590445$ & $0.00688559$ \\
CHe_11 & $-0.017246$ & $-0.0580917$ & $0.00542794$ & $0.0310747$ & $-0.000747275$ & $-0.14983$ & $-0.0712208$ & $0.854775$ & $0.844895$ & $-0.457173$ & $-0.995306$ & $0.0204232$ & $0.121696$ & $0.678681$ & $0.629067$ & $0.59461$ & $0.281346$ & $0.0380682$ & $0.0536591$ & $1$ & $0.985865$ & $0.97499$ & $-0.0517973$ & $-0.175288$ & $0.0798854$ & $-0.682323$ & $0.212898$ & $0.425445$ & $0.00681524$ & $0.102523$ & $0.070607$ & $-0.0746114$ & $0.107371$ & $0.263607$ & $-0.0462814$ & $-0.0423526$ & $0.0151308$ & $-0.00535798$ & $0.0441519$ & $0.00645423$ & $0.0149685$ & $0.01394$ & $0.00177012$ & $-0.0620348$ & $-0.00182056$ & $-0.00336547$ & $-0.0137858$ & $-0.0113014$ & $-0.0192312$ \\
CHe_22 & $-0.0156718$ & $-0.0544439$ & $0.00786249$ & $0.0274403$ & $-0.000107074$ & $-0.156548$ & $-0.0778259$ & $0.88539$ & $0.874751$ & $-0.480127$ & $-0.995191$ & $0.0259761$ & $0.130909$ & $0.637782$ & $0.534712$ & $0.499716$ & $0.246537$ & $0.0300923$ & $0.0478895$ & $0.985865$ & $1$ & $0.98646$ & $-0.00848779$ & $-0.250763$ & $0.0619966$ & $-0.693686$ & $0.324174$ & $0.427987$ & $0.00995085$ & $0.107311$ & $0.0717008$ & $-0.0809268$ & $0.110744$ & $0.382746$ & $-0.0389351$ & $-0.0392333$ & $0.0185832$ & $-0.00639637$ & $0.0449222$ & $0.00872049$ & $0.013415$ & $0.0158393$ & $-0.0108556$ & $-0.067609$ & $-0.00150071$ & $0.00214325$ & $-0.0156008$ & $-0.0122659$ & $-0.0182567$ \\
CHe_33 & $-0.0194156$ & $-0.0540882$ & $0.0076907$ & $0.0275054$ & $-0.00278468$ & $-0.157332$ & $-0.0734422$ & $0.87845$ & $0.867917$ & $-0.47745$ & $-0.983826$ & $0.0232174$ & $0.126934$ & $0.623663$ & $0.526517$ & $0.51363$ & $0.23853$ & $0.0262706$ & $0.0418701$ & $0.97499$ & $0.98646$ & $1$ & $-0.0103038$ & $-0.253062$ & $0.0568158$ & $-0.681537$ & $0.323339$ & $0.425774$ & $0.0109192$ & $0.103472$ & $0.0727323$ & $-0.0763047$ & $0.110333$ & $0.385707$ & $-0.0390565$ & $-0.0384034$ & $0.017123$ & $-0.0052344$ & $0.0440836$ & $0.00688932$ & $0.0152059$ & $0.0162974$ & $-0.00403785$ & $-0.0666589$ & $-0.00701192$ & $-0.00108127$ & $-0.0179501$ & $-0.0103394$ & $-0.0149457$ \\
CHQ1_11 & $0.0113607$ & $0.0373685$ & $0.0344261$ & $-0.0267644$ & $-0.00446642$ & $-0.00184897$ & $-0.0267763$ & $0.0346909$ & $0.0367028$ & $-0.0477473$ & $0.0339503$ & $0.057381$ & $0.0546278$ & $-0.110023$ & $-0.200318$ & $-0.195903$ & $-0.0961411$ & $-0.0256032$ & $-0.0234011$ & $-0.0517973$ & $-0.00848779$ & $-0.0103038$ & $1$ & $-0.13819$ & $0.0327003$ & $-0.566647$ & $0.368867$ & $-0.00941397$ & $0.0190132$ & $0.056562$ & $0.0155733$ & $-0.0154816$ & $0.0374274$ & $0.215774$ & $0.0718836$ & $-0.00841466$ & $0.0465153$ & $-0.00797548$ & $0.00585403$ & $0.00128162$ & $0.0182786$ & $0.0736514$ & $-0.00802905$ & $-0.000940166$ & $-0.00748957$ & $0.00510296$ & $0.0153278$ & $-0.0316446$ & $-0.00997496$ \\
CHQ1_33 & $0.00812914$ & $-0.0045376$ & $-0.0305547$ & $-0.00674501$ & $0.00336517$ & $-0.125082$ & $-0.0387578$ & $-0.627646$ & $-0.622433$ & $0.375388$ & $0.208175$ & $0.0329831$ & $0.0329846$ & $0.449426$ & $0.0641689$ & $0.0585863$ & $0.747482$ & $0.741853$ & $0.733948$ & $-0.175288$ & $-0.250763$ & $-0.253062$ & $-0.13819$ & $1$ & $0.750514$ & $0.168475$ & $-0.423677$ & $-0.0404102$ & $0.0315032$ & $0.0266278$ & $-0.0139088$ & $-0.0490218$ & $0.0357442$ & $-0.638075$ & $-0.0278611$ & $-0.0122983$ & $-0.00583797$ & $-0.0139373$ & $-0.00605913$ & $0.00638726$ & $0.000517494$ & $-0.0327651$ & $0.0129108$ & $0.00203055$ & $0.00310904$ & $-0.0237318$ & $-0.0260435$ & $-0.0485229$ & $0.00377705$ \\
CHQ3_11 & $-0.00645125$ & $-0.0188262$ & $-0.0111314$ & $-0.000359084$ & $0.0227252$ & $-0.226596$ & $-0.0877029$ & $-0.36731$ & $-0.364903$ & $0.218563$ & $-0.0736952$ & $0.0767142$ & $0.117225$ & $0.602106$ & $-0.0293523$ & $-0.0416678$ & $0.856304$ & $0.867257$ & $0.865584$ & $0.0798854$ & $0.0619966$ & $0.0568158$ & $0.0327003$ & $0.750514$ & $1$ & $-0.0475292$ & $0.0942029$ & $0.00538272$ & $0.0327394$ & $0.0895789$ & $0.0217248$ & $-0.0969708$ & $0.0950599$ & $-0.2822$ & $-0.0133256$ & $-0.0227255$ & $0.0239237$ & $-0.0221819$ & $0.00280665$ & $0.00904462$ & $0.00307085$ & $-0.0115188$ & $0.0032021$ & $-0.0359606$ & $0.00803574$ & $-0.0261658$ & $-0.0292847$ & $-0.0601287$ & $-0.00170182$ \\
CHu_11 & $-0.0139986$ & $0.0297043$ & $-0.0181775$ & $-0.00737081$ & $0.00597311$ & $0.107181$ & $0.0611502$ & $-0.611429$ & $-0.60509$ & $0.349512$ & $0.689195$ & $-0.043338$ & $-0.116413$ & $-0.44963$ & $-0.353255$ & $-0.328182$ & $-0.171281$ & $-0.0331882$ & $-0.0456731$ & $-0.682323$ & $-0.693686$ & $-0.681537$ & $-0.566647$ & $0.168475$ & $-0.0475292$ & $1$ & $-0.212757$ & $-0.305003$ & $-0.0119966$ & $-0.112285$ & $-0.0485225$ & $0.0556643$ & $-0.106636$ & $-0.274311$ & $-0.0167875$ & $0.0259715$ & $-0.0318677$ & $0.0136672$ & $-0.0299438$ & $-0.0112124$ & $-0.0385621$ & $-0.0399677$ & $0.0174738$ & $0.033892$ & $-0.00927678$ & $-0.00237962$ & $0.0157413$ & $0.0226474$ & $0.0111091$ \\
CHd_11 & $-0.0183719$ & $0.0203915$ & $0.0313912$ & $-0.00279786$ & $0.00850863$ & $-0.0528322$ & $-0.0386533$ & $0.408941$ & $0.4055$ & $-0.246085$ & $-0.262548$ & $0.0454214$ & $0.078081$ & $-0.0842559$ & $-0.291352$ & $-0.293198$ & $-0.168824$ & $-0.0891218$ & $-0.0784539$ & $0.212898$ & $0.324174$ & $0.323339$ & $0.368867$ & $-0.423677$ & $0.0942029$ & $-0.212757$ & $1$ & $0.108656$ & $0.00447012$ & $0.0508313$ & $0.0441491$ & $-0.034653$ & $0.0394187$ & $0.676382$ & $0.0494909$ & $0.000824226$ & $0.0319283$ & $-0.0166896$ & $0.00822464$ & $0.0144671$ & $-0.0162018$ & $0.04754$ & $-0.0322$ & $-0.0599074$ & $0.00488524$ & $0.00205661$ & $0.0129959$ & $-0.0245502$ & $-0.0188788$ \\
CHd_33 & $-0.00124962$ & $-0.0392383$ & $0.00748232$ & $0.0371012$ & $0.0037727$ & $-0.0552579$ & $-0.0248095$ & $0.388278$ & $0.385465$ & $-0.189079$ & $-0.429348$ & $0.00425803$ & $0.0458252$ & $0.261323$ & $0.248564$ & $0.226088$ & $0.0978604$ & $-0.00776879$ & $0.00441831$ & $0.425445$ & $0.427987$ & $0.425774$ & $-0.00941397$ & $-0.0404102$ & $0.00538272$ & $-0.305003$ & $0.108656$ & $1$ & $0.00788904$ & $0.0347356$ & $0.0264069$ & $-0.0247046$ & $0.0480095$ & $0.159716$ & $-0.00102221$ & $-0.0102877$ & $0.0235374$ & $-0.000692769$ & $0.0157534$ & $0.021653$ & $-0.0277314$ & $0.0218015$ & $0.00707568$ & $-0.00946988$ & $-0.00940746$ & $0.00504124$ & $0.0135538$ & $0.0475781$ & $-0.0200867$ \\
CeH_22r & $0.0211519$ & $-0.00683901$ & $0.0264059$ & $-0.0725186$ & $0.00708362$ & $-0.0201941$ & $-0.121709$ & $-0.00926368$ & $0.000335941$ & $-0.0396974$ & $-0.00906894$ & $0.187918$ & $0.186415$ & $0.031059$ & $-0.00782119$ & $-0.00134944$ & $0.0373335$ & $0.0400044$ & $0.0385528$ & $0.00681524$ & $0.00995085$ & $0.0109192$ & $0.0190132$ & $0.0315032$ & $0.0327394$ & $-0.0119966$ & $0.00447012$ & $0.00788904$ & $1$ & $0.158059$ & $0.0931172$ & $-0.119754$ & $0.172108$ & $-0.00042605$ & $-0.00815544$ & $-0.0209585$ & $-0.0347628$ & $0.010997$ & $0.0209821$ & $-0.000692234$ & $0.0266424$ & $-0.00997469$ & $0.00671469$ & $-0.0464847$ & $-0.00986814$ & $0.0035849$ & $-0.0337413$ & $-0.0337134$ & $0.0124155$ \\
CeH_33r & $0.0358033$ & $-0.0511871$ & $0.0528987$ & $-0.0267292$ & $0.0221033$ & $-0.0334295$ & $-0.582838$ & $0.0606811$ & $0.0809585$ & $-0.245001$ & $-0.106409$ & $0.7195$ & $0.706043$ & $0.123064$ & $0.0318958$ & $0.0353997$ & $0.0911244$ & $0.0840905$ & $0.0785298$ & $0.102523$ & $0.107311$ & $0.103472$ & $0.056562$ & $0.0266278$ & $0.0895789$ & $-0.112285$ & $0.0508313$ & $0.0347356$ & $0.158059$ & $1$ & $0.478684$ & $-0.450036$ & $0.838753$ & $0.0289532$ & $0.065385$ & $-0.0147528$ & $-0.0664351$ & $-0.0241619$ & $0.0145133$ & $0.000286072$ & $-0.00536412$ & $-0.0147454$ & $-0.0106161$ & $-0.0455823$ & $0.0662336$ & $-0.0148058$ & $-0.00449631$ & $-0.028444$ & $0.01022$ \\
CuH_22r & $0.0347586$ & $-0.0199426$ & $0.0698885$ & $0.0216956$ & $0.00644944$ & $-0.0143692$ & $-0.321141$ & $0.0605257$ & $0.0753586$ & $-0.163418$ & $-0.0717341$ & $0.403588$ & $0.405724$ & $0.0547614$ & $0.0427259$ & $0.0253346$ & $0.0226683$ & $0.0062807$ & $0.0182033$ & $0.070607$ & $0.0717008$ & $0.0727323$ & $0.0155733$ & $-0.0139088$ & $0.0217248$ & $-0.0485225$ & $0.0441491$ & $0.0264069$ & $0.0931172$ & $0.478684$ & $1$ & $-0.228128$ & $0.524347$ & $0.0182838$ & $0.03523$ & $-0.0471759$ & $-0.05183$ & $0.00332296$ & $-0.0442084$ & $-0.0365321$ & $-0.0328083$ & $-0.00350896$ & $0.0197827$ & $-0.0291245$ & $-0.0357876$ & $0.102894$ & $0.251198$ & $-0.00468193$ & $0.0214931$ \\
CuH_33r & $0.0112243$ & $0.0222655$ & $-0.0135542$ & $-0.00856627$ & $-0.0214721$ & $0.01783$ & $0.956265$ & $-0.0288726$ & $-0.010552$ & $0.227722$ & $0.0789318$ & $-0.653491$ & $-0.68792$ & $-0.116056$ & $-0.0117929$ & $-0.0155888$ & $-0.0989639$ & $-0.098969$ & $-0.0946155$ & $-0.0746114$ & $-0.0809268$ & $-0.0763047$ & $-0.0154816$ & $-0.0490218$ & $-0.0969708$ & $0.0556643$ & $-0.034653$ & $-0.0247046$ & $-0.119754$ & $-0.450036$ & $-0.228128$ & $1$ & $-0.444226$ & $-0.0178463$ & $-0.014674$ & $0.00349072$ & $0.0496358$ & $-0.0032344$ & $-0.0418246$ & $-0.0026626$ & $0.0158675$ & $0.0162432$ & $0.00312241$ & $0.0173702$ & $-0.0219865$ & $0.00427881$ & $-0.00852743$ & $-0.0373751$ & $0.0131303$ \\
CdH_33r & $0.0122264$ & $0.0143731$ & $0.054535$ & $-0.0187077$ & $0.0469541$ & $-0.0351223$ & $-0.601505$ & $0.0588838$ & $0.0809518$ & $-0.274249$ & $-0.109757$ & $0.745677$ & $0.733885$ & $0.134701$ & $0.0415627$ & $0.0459194$ & $0.0971848$ & $0.0878882$ & $0.085031$ & $0.107371$ & $0.110744$ & $0.110333$ & $0.0374274$ & $0.0357442$ & $0.0950599$ & $-0.106636$ & $0.0394187$ & $0.0480095$ & $0.172108$ & $0.838753$ & $0.524347$ & $-0.444226$ & $1$ & $0.0193273$ & $0.0485187$ & $0.0179312$ & $-0.121273$ & $-0.0397589$ & $0.016419$ & $0.00565436$ & $-0.00901738$ & $-0.0369328$ & $0.0180076$ & $-0.0376909$ & $0.0127766$ & $-0.00717158$ & $0.00322356$ & $0.0515791$ & $0.24647$ \\
CLL_1221 & $-0.0169991$ & $0.0232296$ & $0.0480144$ & $-0.0135306$ & $-0.012225$ & $-0.0989551$ & $-0.0218407$ & $0.541933$ & $0.536555$ & $-0.31779$ & $-0.31746$ & $0.0129741$ & $0.047152$ & $-0.204474$ & $-0.459254$ & $-0.0308238$ & $-0.27204$ & $-0.111241$ & $-0.392028$ & $0.263607$ & $0.382746$ & $0.385707$ & $0.215774$ & $-0.638075$ & $-0.2822$ & $-0.274311$ & $0.676382$ & $0.159716$ & $-0.00042605$ & $0.0289532$ & $0.0182838$ & $-0.0178463$ & $0.0193273$ & $1$ & $0.052106$ & $0.0264445$ & $0.00712495$ & $0.00159486$ & $0.0382201$ & $0.0254528$ & $-0.0155093$ & $0.02537$ & $-0.0453459$ & $-0.04702$ & $0.00701686$ & $0.00978702$ & $-0.036757$ & $0.01294$ & $-0.0147728$ \\
eHggint & $-0.050058$ & $-0.0187096$ & $0.273365$ & $-0.15524$ & $-0.0082659$ & $-0.0249873$ & $-0.0611424$ & $-0.0165147$ & $-0.0228015$ & $0.0196841$ & $0.045305$ & $0.106324$ & $0.0840006$ & $-0.0589655$ & $-0.0735244$ & $-0.039127$ & $-0.0451609$ & $-0.0126609$ & $-0.0393982$ & $-0.0462814$ & $-0.0389351$ & $-0.0390565$ & $0.0718836$ & $-0.0278611$ & $-0.0133256$ & $-0.0167875$ & $0.0494909$ & $-0.00102221$ & $-0.00815544$ & $0.065385$ & $0.03523$ & $-0.014674$ & $0.0485187$ & $0.052106$ & $1$ & $-0.102208$ & $-0.0991324$ & $0.0207783$ & $-0.00611188$ & $0.0136783$ & $-0.0789257$ & $0.062489$ & $-0.0549402$ & $0.0494434$ & $0.109339$ & $-0.0579278$ & $0.00327292$ & $-0.065835$ & $-0.0442313$ \\
eHggpar & $-0.0398327$ & $0.207797$ & $0.0611338$ & $-0.0477509$ & $0.0341927$ & $0.0236544$ & $-0.00973017$ & $-0.02685$ & $-0.0310004$ & $0.0140961$ & $0.0438504$ & $0.0135411$ & $0.00518099$ & $-0.0246276$ & $-0.0624854$ & $-0.0138024$ & $-0.0492985$ & $-0.000993831$ & $-0.0309413$ & $-0.0423526$ & $-0.0392333$ & $-0.0384034$ & $-0.00841466$ & $-0.0122983$ & $-0.0227255$ & $0.0259715$ & $0.000824226$ & $-0.0102877$ & $-0.0209585$ & $-0.0147528$ & $-0.0471759$ & $0.00349072$ & $0.0179312$ & $0.0264445$ & $-0.102208$ & $1$ & $0.0653002$ & $0.00855494$ & $-0.106386$ & $0.0220174$ & $-0.0568282$ & $-0.0314824$ & $0.035998$ & $0.0320087$ & $0.0827813$ & $0.117712$ & $-0.148302$ & $0.334855$ & $0.0538919$ \\
eHWWint & $0.0463105$ & $-0.0571224$ & $-0.117612$ & $0.033484$ & $-0.00575123$ & $0.0170028$ & $0.0614949$ & $0.01134$ & $0.00112648$ & $0.0127653$ & $-0.0182961$ & $0.0092971$ & $0.00594353$ & $0.0260542$ & $-0.00498728$ & $-0.0138777$ & $0.00768448$ & $0.0180703$ & $0.0213825$ & $0.0151308$ & $0.0185832$ & $0.017123$ & $0.0465153$ & $-0.00583797$ & $0.0239237$ & $-0.0318677$ & $0.0319283$ & $0.0235374$ & $-0.0347628$ & $-0.0664351$ & $-0.05183$ & $0.0496358$ & $-0.121273$ & $0.00712495$ & $-0.0991324$ & $0.0653002$ & $1$ & $0.0978161$ & $-0.296196$ & $-0.0467926$ & $-0.03332$ & $0.001744$ & $-0.138762$ & $-0.0592057$ & $-0.113877$ & $0.17908$ & $-0.0274201$ & $0.139677$ & $-0.156607$ \\
eHWWpar & $0.044523$ & $-0.0143434$ & $-0.0389799$ & $-0.0121741$ & $-0.0298285$ & $0.0202308$ & $0.00499401$ & $-0.000123848$ & $-0.00475702$ & $-0.00689685$ & $0.00500551$ & $0.0157135$ & $0.0155111$ & $-0.00982704$ & $-0.00466081$ & $0.00605501$ & $-0.0120087$ & $-0.00827261$ & $-0.0146937$ & $-0.00535798$ & $-0.00639637$ & $-0.0052344$ & $-0.00797548$ & $-0.0139373$ & $-0.0221819$ & $0.0136672$ & $-0.0166896$ & $-0.000692769$ & $0.010997$ & $-0.0241619$ & $0.00332296$ & $-0.0032344$ & $-0.0397589$ & $0.00159486$ & $0.0207783$ & $0.00855494$ & $0.0978161$ & $1$ & $-0.0637348$ & $0.0187706$ & $0.0332709$ & $0.0218694$ & $-0.0780413$ & $0.0438694$ & $-0.0506916$ & $0.0631651$ & $0.0439094$ & $0.00850102$ & $-0.0302762$ \\
eHZZint & $-0.0107486$ & $0.00218155$ & $0.0559346$ & $0.114659$ & $-0.0152062$ & $-0.0316101$ & $-0.0379785$ & $0.035193$ & $0.0316587$ & $-0.0488288$ & $-0.0436339$ & $-0.0173399$ & $-0.00537591$ & $0.0216265$ & $0.00509787$ & $0.0245709$ & $0.0272297$ & $0.0200681$ & $0.00920793$ & $0.0441519$ & $0.0449222$ & $0.0440836$ & $0.00585403$ & $-0.00605913$ & $0.00280665$ & $-0.0299438$ & $0.00822464$ & $0.0157534$ & $0.0209821$ & $0.0145133$ & $-0.0442084$ & $-0.0418246$ & $0.016419$ & $0.0382201$ & $-0.00611188$ & $-0.106386$ & $-0.296196$ & $-0.0637348$ & $1$ & $0.065048$ & $-0.0713849$ & $0.0328139$ & $-0.0876852$ & $0.0681978$ & $0.0369805$ & $-0.07785$ & $-0.182429$ & $-0.0442686$ & $0.0114924$ \\
eHZZpar & $0.0482487$ & $-0.0329512$ & $0.0686436$ & $-0.0533781$ & $-0.0236367$ & $-0.0355347$ & $-0.0132232$ & $0.00385408$ & $-0.00312442$ & $-0.00559922$ & $-0.00618081$ & $0.00466157$ & $0.00352444$ & $0.000922869$ & $-0.0208197$ & $0.0039987$ & $0.0119019$ & $0.0191485$ & $0.00231115$ & $0.00645423$ & $0.00872049$ & $0.00688932$ & $0.00128162$ & $0.00638726$ & $0.00904462$ & $-0.0112124$ & $0.0144671$ & $0.021653$ & $-0.000692234$ & $0.000286072$ & $-0.0365321$ & $-0.0026626$ & $0.00565436$ & $0.0254528$ & $0.0136783$ & $0.0220174$ & $-0.0467926$ & $0.0187706$ & $0.065048$ & $1$ & $-0.016615$ & $-0.0204399$ & $-0.0608575$ & $0.0127226$ & $0.0328016$ & $-0.0389668$ & $-0.0578157$ & $-0.0211802$ & $-0.0122931$ \\
eHZgaint & $0.174226$ & $-0.266499$ & $0.073509$ & $-0.125642$ & $0.0448037$ & $0.0258004$ & $0.0186759$ & $0.0100871$ & $0.00340942$ & $-0.0206104$ & $-0.0173925$ & $-0.0134545$ & $-0.00833183$ & $0.0281712$ & $0.0109706$ & $0.0261994$ & $0.0138596$ & $0.0144975$ & $0.010497$ & $0.0149685$ & $0.013415$ & $0.0152059$ & $0.0182786$ & $0.000517494$ & $0.00307085$ & $-0.0385621$ & $-0.0162018$ & $-0.0277314$ & $0.0266424$ & $-0.00536412$ & $-0.0328083$ & $0.0158675$ & $-0.00901738$ & $-0.0155093$ & $-0.0789257$ & $-0.0568282$ & $-0.03332$ & $0.0332709$ & $-0.0713849$ & $-0.016615$ & $1$ & $-0.0123013$ & $-0.170663$ & $0.0198485$ & $-0.0726082$ & $-0.00977032$ & $-0.213496$ & $-0.12559$ & $-0.0677233$ \\
eHZgapar & $-0.0413755$ & $0.0325591$ & $0.0786534$ & $0.00964695$ & $0.0144948$ & $0.0184086$ & $0.0189421$ & $0.0288856$ & $0.0286106$ & $-0.0117633$ & $-0.0127994$ & $-0.0283652$ & $-0.0250003$ & $-0.018706$ & $0.00511155$ & $-0.00396297$ & $-0.0242787$ & $-0.0321189$ & $-0.0257045$ & $0.01394$ & $0.0158393$ & $0.0162974$ & $0.0736514$ & $-0.0327651$ & $-0.0115188$ & $-0.0399677$ & $0.04754$ & $0.0218015$ & $-0.00997469$ & $-0.0147454$ & $-0.00350896$ & $0.0162432$ & $-0.0369328$ & $0.02537$ & $0.062489$ & $-0.0314824$ & $0.001744$ & $0.0218694$ & $0.0328139$ & $-0.0204399$ & $-0.0123013$ & $1$ & $0.0284296$ & $-0.00253727$ & $0.0823696$ & $-0.0377974$ & $0.0190639$ & $0.0168148$ & $-0.0345532$ \\
eHgagaint & $-0.310538$ & $-0.0081897$ & $-0.0623185$ & $-0.0677138$ & $-0.0282682$ & $0.0156252$ & $0.00700607$ & $-0.00337557$ & $0.0328711$ & $0.00407505$ & $0.00618783$ & $-0.0368651$ & $-0.0335151$ & $-0.00834825$ & $0.0437181$ & $0.0227648$ & $-0.0120654$ & $-0.0288277$ & $-0.0164829$ & $0.00177012$ & $-0.0108556$ & $-0.00403785$ & $-0.00802905$ & $0.0129108$ & $0.0032021$ & $0.0174738$ & $-0.0322$ & $0.00707568$ & $0.00671469$ & $-0.0106161$ & $0.0197827$ & $0.00312241$ & $0.0180076$ & $-0.0453459$ & $-0.0549402$ & $0.035998$ & $-0.138762$ & $-0.0780413$ & $-0.0876852$ & $-0.0608575$ & $-0.170663$ & $0.0284296$ & $1$ & $-0.0305764$ & $-0.111929$ & $-0.0855818$ & $0.0687566$ & $0.00104182$ & $0.106132$ \\
eHmumuint & $0.262723$ & $-0.0910327$ & $-0.126691$ & $0.0774117$ & $0.0100857$ & $0.0311727$ & $0.0189125$ & $-0.0570809$ & $-0.0591999$ & $0.0429162$ & $0.0630614$ & $-0.0153347$ & $-0.0271149$ & $-0.022063$ & $-0.0309057$ & $-0.0295745$ & $-0.0333535$ & $-0.00239325$ & $-0.000981064$ & $-0.0620348$ & $-0.067609$ & $-0.0666589$ & $-0.000940166$ & $0.00203055$ & $-0.0359606$ & $0.033892$ & $-0.0599074$ & $-0.00946988$ & $-0.0464847$ & $-0.0455823$ & $-0.0291245$ & $0.0173702$ & $-0.0376909$ & $-0.04702$ & $0.0494434$ & $0.0320087$ & $-0.0592057$ & $0.0438694$ & $0.0681978$ & $0.0127226$ & $0.0198485$ & $-0.00253727$ & $-0.0305764$ & $1$ & $-0.114042$ & $-0.0264064$ & $0.068018$ & $0.0524086$ & $-0.0581935$ \\
eHtautauint & $-0.0463208$ & $0.018734$ & $0.139869$ & $-0.0627072$ & $-0.01843$ & $-0.00543634$ & $-0.026566$ & $-0.00172005$ & $-0.0062285$ & $-0.0102755$ & $0.00328194$ & $-0.00208925$ & $-0.00196795$ & $-0.00942246$ & $-0.00229424$ & $-0.00503742$ & $0.00434898$ & $6.18286e-05$ & $-0.00360369$ & $-0.00182056$ & $-0.00150071$ & $-0.00701192$ & $-0.00748957$ & $0.00310904$ & $0.00803574$ & $-0.00927678$ & $0.00488524$ & $-0.00940746$ & $-0.00986814$ & $0.0662336$ & $-0.0357876$ & $-0.0219865$ & $0.0127766$ & $0.00701686$ & $0.109339$ & $0.0827813$ & $-0.113877$ & $-0.0506916$ & $0.0369805$ & $0.0328016$ & $-0.0726082$ & $0.0823696$ & $-0.111929$ & $-0.114042$ & $1$ & $-0.119658$ & $-0.130463$ & $0.0448989$ & $-0.0273222$ \\
eHccint & $0.105995$ & $-0.0791992$ & $-0.156608$ & $0.106548$ & $0.00794929$ & $0.0197495$ & $0.0137585$ & $0.010535$ & $0.00472548$ & $-0.00416829$ & $-0.00209948$ & $-0.00772519$ & $-0.0080151$ & $-0.00299612$ & $-0.00948675$ & $-0.0140217$ & $-0.0195115$ & $-0.0123486$ & $-0.0131734$ & $-0.00336547$ & $0.00214325$ & $-0.00108127$ & $0.00510296$ & $-0.0237318$ & $-0.0261658$ & $-0.00237962$ & $0.00205661$ & $0.00504124$ & $0.0035849$ & $-0.0148058$ & $0.102894$ & $0.00427881$ & $-0.00717158$ & $0.00978702$ & $-0.0579278$ & $0.117712$ & $0.17908$ & $0.0631651$ & $-0.07785$ & $-0.0389668$ & $-0.00977032$ & $-0.0377974$ & $-0.0855818$ & $-0.0264064$ & $-0.119658$ & $1$ & $0.208066$ & $-0.0379292$ & $0.0925912$ \\
eHccpar & $0.07558$ & $0.0479101$ & $0.0872719$ & $0.090647$ & $-0.0333515$ & $0.0756621$ & $-0.00577645$ & $0.00249476$ & $0.0062237$ & $0.0101021$ & $0.0150381$ & $0.000455498$ & $-0.000391107$ & $-0.023001$ & $0.036731$ & $-0.0327743$ & $-0.0428777$ & $-0.0600237$ & $-0.0171861$ & $-0.0137858$ & $-0.0156008$ & $-0.0179501$ & $0.0153278$ & $-0.0260435$ & $-0.0292847$ & $0.0157413$ & $0.0129959$ & $0.0135538$ & $-0.0337413$ & $-0.00449631$ & $0.251198$ & $-0.00852743$ & $0.00322356$ & $-0.036757$ & $0.00327292$ & $-0.148302$ & $-0.0274201$ & $0.0439094$ & $-0.182429$ & $-0.0578157$ & $-0.213496$ & $0.0190639$ & $0.0687566$ & $0.068018$ & $-0.130463$ & $0.208066$ & $1$ & $-0.0177533$ & $0.0421299$ \\
eHbbint & $-0.0447941$ & $0.0887818$ & $0.204628$ & $0.092624$ & $-0.0010134$ & $0.0089031$ & $-0.030642$ & $0.0142153$ & $0.00850127$ & $0.0165975$ & $0.013458$ & $0.0325568$ & $0.0254753$ & $-0.0270901$ & $-0.00495035$ & $0.0128625$ & $-0.0647298$ & $-0.047704$ & $-0.0590445$ & $-0.0113014$ & $-0.0122659$ & $-0.0103394$ & $-0.0316446$ & $-0.0485229$ & $-0.0601287$ & $0.0226474$ & $-0.0245502$ & $0.0475781$ & $-0.0337134$ & $-0.028444$ & $-0.00468193$ & $-0.0373751$ & $0.0515791$ & $0.01294$ & $-0.065835$ & $0.334855$ & $0.139677$ & $0.00850102$ & $-0.0442686$ & $-0.0211802$ & $-0.12559$ & $0.0168148$ & $0.00104182$ & $0.0524086$ & $0.0448989$ & $-0.0379292$ & $-0.0177533$ & $1$ & $0.00758958$ \\
eHbbpar & $-0.0594902$ & $0.210523$ & $-0.0790654$ & $0.0164108$ & $0.0585779$ & $0.0180259$ & $-1.3077e-07$ & $-0.0220067$ & $-0.0192966$ & $-0.00982519$ & $0.0212743$ & $-0.010236$ & $-0.00824605$ & $-0.000183934$ & $-0.00616854$ & $-0.0162136$ & $-0.0106112$ & $-0.00182674$ & $0.00688559$ & $-0.0192312$ & $-0.0182567$ & $-0.0149457$ & $-0.00997496$ & $0.00377705$ & $-0.00170182$ & $0.0111091$ & $-0.0188788$ & $-0.0200867$ & $0.0124155$ & $0.01022$ & $0.0214931$ & $0.0131303$ & $0.24647$ & $-0.0147728$ & $-0.0442313$ & $0.0538919$ & $-0.156607$ & $-0.0302762$ & $0.0114924$ & $-0.0122931$ & $-0.0677233$ & $-0.0345532$ & $0.106132$ & $-0.0581935$ & $-0.0273222$ & $0.0925912$ & $0.0421299$ & $0.00758958$ & $1$ \\
