 & AlsMz & dAle5Mz & mtop & mHl & Mz & CW & CHG & CHWB & CHWHB_gaga & CHWHB_gagaorth & CHD & CHbox & CH & CHL1_11 & CHL1_22 & CHL1_33 & CHL3_11 & CHL3_22 & CHL3_33 & CHe_11 & CHe_22 & CHe_33 & CHQ1_11 & CHQ1_33 & CHQ3_11 & CHu_11 & CHd_11 & CHd_33 & CeH_22r & CeH_33r & CuH_22r & CuH_33r & CdH_33r & CLL_1221 & eHggint & eHggpar & eHWWint & eHWWpar & eHZZint & eHZZpar & eHZgaint & eHZgapar & eHgagaint & eHmumuint & eHtautauint & eHccint & eHccpar & eHbbint & eHbbpar \\
AlsMz & $1$ & $0.063918$ & $-0.0376599$ & $0.0134565$ & $-0.0094685$ & $0.00948717$ & $-0.0157877$ & $0.00939735$ & $-0.00664955$ & $-0.00109279$ & $-0.0126778$ & $0.00661946$ & $0.000751742$ & $-0.0022542$ & $-0.0511346$ & $-0.0268638$ & $-0.00833817$ & $0.0223631$ & $0.00546189$ & $-0.000352082$ & $0.0110322$ & $0.012481$ & $-0.0112364$ & $-0.077481$ & $-0.107996$ & $-0.0200735$ & $0.0159684$ & $0.0370939$ & $0.00353838$ & $-0.00871194$ & $-0.0535321$ & $-0.00583636$ & $-0.110104$ & $0.0512358$ & $0.0714094$ & $0.143256$ & $0.0386142$ & $-0.0219588$ & $0.0241217$ & $0.00183259$ & $0.0314472$ & $-0.0418387$ & $-0.165859$ & $0.0977711$ & $0.0363116$ & $-0.0780401$ & $-0.14447$ & $-0.0771335$ & $-0.171485$ \\
dAle5Mz & $0.063918$ & $1$ & $0.179976$ & $0.0267237$ & $-0.0234157$ & $0.0160594$ & $-0.0129123$ & $-0.0803902$ & $-0.073524$ & $0.0364874$ & $0.0658031$ & $0.0395896$ & $-0.00351534$ & $-0.0240052$ & $-0.0278269$ & $-0.0145171$ & $0.0129533$ & $0.0203645$ & $0.0117519$ & $-0.0442011$ & $-0.0423508$ & $-0.0382933$ & $-0.0120979$ & $0.0165096$ & $0.0118241$ & $0.0335125$ & $-0.00755619$ & $9.12085e-05$ & $5.18304e-05$ & $-0.0203763$ & $-0.0416508$ & $-0.000980549$ & $0.0453897$ & $0.017684$ & $0.0986137$ & $0.0887406$ & $0.0943784$ & $-0.00162435$ & $-0.034776$ & $0.0250499$ & $0.195761$ & $-0.0287912$ & $0.174871$ & $0.0211651$ & $0.0972802$ & $-0.136151$ & $-0.0568721$ & $0.0128892$ & $0.131407$ \\
mtop & $-0.0376599$ & $0.179976$ & $1$ & $0.139256$ & $-0.0106244$ & $0.00276504$ & $0.00212694$ & $-0.0224403$ & $-0.0218898$ & $0.0111583$ & $0.0234474$ & $0.0212383$ & $0.00601444$ & $0.00150713$ & $0.00660114$ & $0.00267602$ & $0.00597762$ & $0.00200134$ & $0.00614748$ & $-0.0104317$ & $-0.0135782$ & $-0.0117405$ & $-0.0146823$ & $0.018608$ & $-0.000588886$ & $0.0104336$ & $-0.0280925$ & $-0.00328967$ & $-0.00519109$ & $-0.0202037$ & $0.0063988$ & $0.00960675$ & $-0.0490672$ & $-0.0131664$ & $0.0202976$ & $0.144439$ & $0.154667$ & $0.00472749$ & $-0.0588541$ & $-0.000342765$ & $0.0553712$ & $0.000621027$ & $0.0351259$ & $0.165789$ & $-0.00292017$ & $-0.0532862$ & $0.0763185$ & $0.0888539$ & $-0.0988586$ \\
mHl & $0.0134565$ & $0.0267237$ & $0.139256$ & $1$ & $-0.0225419$ & $-0.00587022$ & $0.024113$ & $-0.0249055$ & $-0.0164139$ & $0.0322711$ & $0.0223088$ & $0.0467069$ & $-0.0153936$ & $-0.00835156$ & $0.0206697$ & $0.0160547$ & $0.00556627$ & $-0.00770638$ & $-0.00312497$ & $-0.0172952$ & $-0.0252025$ & $-0.0218802$ & $-0.0192115$ & $0.0181535$ & $-0.0179986$ & $0.0119035$ & $-0.052519$ & $-0.000206168$ & $0.00721205$ & $0.022888$ & $-0.0443155$ & $0.0245505$ & $-0.136018$ & $-0.0331062$ & $-0.00243815$ & $0.00830658$ & $-0.0404792$ & $-0.0177203$ & $-0.108673$ & $-0.0112441$ & $-0.229868$ & $-0.0173068$ & $0.100371$ & $0.0535929$ & $0.196417$ & $-0.0771998$ & $-0.0945456$ & $-0.0510478$ & $-0.275243$ \\
Mz & $-0.0094685$ & $-0.0234157$ & $-0.0106244$ & $-0.0225419$ & $1$ & $0.00601535$ & $-0.00459234$ & $0.00495415$ & $0.00152603$ & $0.0066802$ & $0.0077561$ & $0.00602074$ & $0.0120875$ & $0.0144227$ & $0.0109283$ & $0.0153357$ & $-0.00329461$ & $-0.00320885$ & $-0.00736549$ & $0.00642002$ & $0.00599823$ & $0.00545377$ & $-0.0190376$ & $0.00846503$ & $-0.0110018$ & $0.00994721$ & $-0.0135037$ & $0.0213403$ & $0.0178191$ & $-0.010624$ & $0.00579717$ & $-0.00570897$ & $0.00351507$ & $-0.00955473$ & $0.00257545$ & $0.00134783$ & $0.0179071$ & $0.0127261$ & $-0.0164447$ & $0.0258223$ & $-0.00548865$ & $-0.0132781$ & $-0.0256241$ & $-0.00447644$ & $0.000223485$ & $0.00439954$ & $0.0341772$ & $0.0222422$ & $0.015946$ \\
CW & $0.00948717$ & $0.0160594$ & $0.00276504$ & $-0.00587022$ & $0.00601535$ & $1$ & $-0.00230397$ & $-0.128992$ & $-0.126078$ & $0.0173597$ & $0.183799$ & $0.0555419$ & $0.00443733$ & $0.0228059$ & $-0.0675583$ & $-0.0723645$ & $-0.254594$ & $-0.051319$ & $-0.0470343$ & $-0.180026$ & $-0.187925$ & $-0.184709$ & $-0.0246526$ & $0.0091909$ & $-0.0895608$ & $0.115563$ & $-0.0885913$ & $-0.0570726$ & $0.000519456$ & $0.00704328$ & $0.00203403$ & $0.00111539$ & $0.000999308$ & $-0.129951$ & $-0.00560528$ & $0.00612039$ & $-0.00204375$ & $0.0106232$ & $0.00490939$ & $0.0108358$ & $0.0129812$ & $-0.00729925$ & $0.00550459$ & $0.00431238$ & $-0.00570418$ & $0.00524562$ & $0.00918656$ & $-0.0119775$ & $-0.00665887$ \\
CHG & $-0.0157877$ & $-0.0129123$ & $0.00212694$ & $0.024113$ & $-0.00459234$ & $-0.00230397$ & $1$ & $-0.0873641$ & $-0.0330239$ & $0.0681013$ & $0.0456031$ & $-0.0312719$ & $-0.280693$ & $0.0529502$ & $-0.020698$ & $-0.0152879$ & $0.0814956$ & $0.0924541$ & $0.0857361$ & $-0.043839$ & $-0.0485916$ & $-0.0494402$ & $-0.0108738$ & $0.0961513$ & $0.086217$ & $0.0261579$ & $-0.0392066$ & $-0.0261161$ & $0.0098276$ & $-0.112537$ & $-0.0773491$ & $0.933874$ & $-0.155811$ & $-0.0515852$ & $-0.0395067$ & $-0.00599101$ & $0.0159197$ & $0.0149065$ & $-0.00227154$ & $0.0114712$ & $-0.00834812$ & $0.011459$ & $0.0214551$ & $0.00493481$ & $0.017332$ & $-0.00293536$ & $-0.0163097$ & $-0.00400416$ & $-0.0450754$ \\
CHWB & $0.00939735$ & $-0.0803902$ & $-0.0224403$ & $-0.0249055$ & $0.00495415$ & $-0.128992$ & $-0.0873641$ & $1$ & $0.982885$ & $-0.557659$ & $-0.878632$ & $-0.237222$ & $0.319089$ & $0.116296$ & $0.288991$ & $0.281725$ & $-0.219325$ & $-0.412605$ & $-0.409741$ & $0.848743$ & $0.895679$ & $0.879399$ & $0.0627057$ & $-0.661795$ & $-0.380693$ & $-0.505132$ & $0.423428$ & $0.301649$ & $0.0167076$ & $0.0977482$ & $0.0421547$ & $-0.0825438$ & $0.0896144$ & $0.552868$ & $-0.0239692$ & $-0.00185571$ & $-0.0204797$ & $-0.0105991$ & $0.0101284$ & $-0.00386013$ & $-0.0145925$ & $0.00322578$ & $-0.00486612$ & $-0.000719924$ & $0.00158766$ & $-0.00418222$ & $-0.0258334$ & $-0.00205727$ & $-0.0228025$ \\
CHWHB_gaga & $-0.00664955$ & $-0.073524$ & $-0.0218898$ & $-0.0164139$ & $0.00152603$ & $-0.126078$ & $-0.0330239$ & $0.982885$ & $1$ & $-0.548079$ & $-0.860101$ & $-0.214335$ & $0.313828$ & $0.106316$ & $0.285701$ & $0.278801$ & $-0.222427$ & $-0.4131$ & $-0.410549$ & $0.831325$ & $0.876818$ & $0.861034$ & $0.0599174$ & $-0.653418$ & $-0.379177$ & $-0.492527$ & $0.414713$ & $0.296183$ & $0.0228657$ & $0.119825$ & $0.0536869$ & $-0.0384433$ & $0.109058$ & $0.542462$ & $-0.0438942$ & $-0.01168$ & $-0.0268679$ & $-0.0109836$ & $0.00317185$ & $-0.0053114$ & $-0.0205239$ & $0.00518911$ & $0.0557707$ & $0.000746984$ & $0.00476754$ & $-0.0129174$ & $-0.0225297$ & $0.000693077$ & $-0.0276355$ \\
CHWHB_gagaorth & $-0.00109279$ & $0.0364874$ & $0.0111583$ & $0.0322711$ & $0.0066802$ & $0.0173597$ & $0.0681013$ & $-0.557659$ & $-0.548079$ & $1$ & $0.343337$ & $0.612384$ & $-0.225815$ & $0.220306$ & $-0.11881$ & $-0.110498$ & $0.419073$ & $0.474888$ & $0.46803$ & $-0.328635$ & $-0.359665$ & $-0.356355$ & $-0.0495252$ & $0.544373$ & $0.456812$ & $0.199731$ & $-0.23836$ & $-0.117195$ & $-0.0129207$ & $-0.112867$ & $-0.0535943$ & $0.0847242$ & $-0.113888$ & $-0.335306$ & $0.051034$ & $0.014888$ & $0.0172359$ & $0.00688532$ & $-0.0187547$ & $-0.0111149$ & $-0.0309493$ & $0.0071949$ & $-0.0150861$ & $-0.0105845$ & $0.00624073$ & $-1.9067e-06$ & $0.022802$ & $0.000918286$ & $0.015773$ \\
CHD & $-0.0126778$ & $0.0658031$ & $0.0234474$ & $0.0223088$ & $0.0077561$ & $0.183799$ & $0.0456031$ & $-0.878632$ & $-0.860101$ & $0.343337$ & $1$ & $0.285406$ & $-0.154945$ & $-0.528747$ & $-0.412922$ & $-0.401672$ & $-0.237398$ & $0.0459449$ & $0.0410412$ & $-0.99011$ & $-0.991023$ & $-0.9698$ & $-0.00755143$ & $0.294983$ & $-0.00116129$ & $0.56385$ & $-0.290775$ & $-0.331877$ & $-0.00462062$ & $-0.0520714$ & $-0.0286448$ & $0.0513943$ & $-0.0451928$ & $-0.35675$ & $0.0248062$ & $-0.000939516$ & $0.00497071$ & $0.0184226$ & $-0.0146986$ & $0.00333375$ & $0.013384$ & $-0.00243844$ & $0.00119221$ & $-0.00170364$ & $-0.002371$ & $0.00740308$ & $0.0171237$ & $0.00363501$ & $0.0178191$ \\
CHbox & $0.00661946$ & $0.0395896$ & $0.0212383$ & $0.0467069$ & $0.00602074$ & $0.0555419$ & $-0.0312719$ & $-0.237222$ & $-0.214335$ & $0.612384$ & $0.285406$ & $1$ & $0.11979$ & $-0.194753$ & $-0.0374305$ & $-0.0336037$ & $-0.113949$ & $-0.0644146$ & $-0.0683095$ & $-0.263949$ & $-0.29359$ & $-0.286596$ & $-0.0279017$ & $0.0777973$ & $-0.0712394$ & $0.168245$ & $-0.153986$ & $-0.0959043$ & $0.0232218$ & $0.220284$ & $0.0425809$ & $0.0534464$ & $0.240417$ & $-0.160665$ & $0.093089$ & $0.0324272$ & $0.00119813$ & $0.0174813$ & $-0.0322577$ & $8.68799e-05$ & $-0.0304518$ & $-0.000283618$ & $-0.0211338$ & $-0.00850586$ & $0.00693815$ & $0.00545458$ & $0.00576039$ & $0.0022181$ & $0.0138613$ \\
CH & $0.000751742$ & $-0.00351534$ & $0.00601444$ & $-0.0153936$ & $0.0120875$ & $0.00443733$ & $-0.280693$ & $0.319089$ & $0.313828$ & $-0.225815$ & $-0.154945$ & $0.11979$ & $1$ & $-0.214303$ & $0.0667794$ & $0.0633165$ & $-0.323001$ & $-0.347652$ & $-0.345081$ & $0.150849$ & $0.16494$ & $0.164368$ & $0.0346436$ & $-0.356702$ & $-0.337111$ & $-0.0980074$ & $0.12602$ & $0.0608192$ & $0.0419563$ & $0.253188$ & $0.102054$ & $-0.230867$ & $0.287936$ & $0.193076$ & $0.0236686$ & $0.0161467$ & $-0.0113708$ & $-8.48316e-05$ & $0.00945436$ & $-0.00673047$ & $0.00500886$ & $-0.00422594$ & $-0.000614257$ & $-0.000635325$ & $-0.0044098$ & $-0.0100828$ & $-0.0069452$ & $0.00719034$ & $0.00736952$ \\
CHL1_11 & $-0.0022542$ & $-0.0240052$ & $0.00150713$ & $-0.00835156$ & $0.0144227$ & $0.0228059$ & $0.0529502$ & $0.116296$ & $0.106316$ & $0.220306$ & $-0.528747$ & $-0.194753$ & $-0.214303$ & $1$ & $0.273699$ & $0.265555$ & $0.659476$ & $0.594128$ & $0.597137$ & $0.547403$ & $0.489847$ & $0.47356$ & $-0.0795944$ & $0.46252$ & $0.597458$ & $-0.28276$ & $-0.0903607$ & $0.162861$ & $-0.0185031$ & $-0.0531969$ & $-0.00946791$ & $0.0336101$ & $-0.0558179$ & $-0.203731$ & $-0.0148429$ & $0.0106099$ & $0.0215432$ & $-0.0136462$ & $0.011014$ & $0.00303813$ & $-0.00529388$ & $0.00383537$ & $0.000237293$ & $0.00845264$ & $-0.00206387$ & $-0.00550086$ & $0.0171029$ & $-0.00345864$ & $0.000785509$ \\
CHL1_22 & $-0.0511346$ & $-0.0278269$ & $0.00660114$ & $0.0206697$ & $0.0109283$ & $-0.0675583$ & $-0.020698$ & $0.288991$ & $0.285701$ & $-0.11881$ & $-0.412922$ & $-0.0374305$ & $0.0667794$ & $0.273699$ & $1$ & $0.447058$ & $0.173013$ & $-0.449825$ & $-0.0249517$ & $0.480368$ & $0.328172$ & $0.317288$ & $-0.179197$ & $0.123733$ & $-0.128637$ & $-0.187846$ & $-0.411824$ & $0.106732$ & $0.0030543$ & $0.0336861$ & $0.0366015$ & $-0.0161234$ & $0.0393214$ & $-0.608442$ & $8.94972e-05$ & $-0.0120926$ & $0.00395356$ & $0.00633487$ & $-0.0171357$ & $0.00620547$ & $0.00433543$ & $-0.0157099$ & $0.01717$ & $0.00244836$ & $-0.00803754$ & $0.0163985$ & $0.0366425$ & $-0.00215279$ & $0.00609475$ \\
CHL1_33 & $-0.0268638$ & $-0.0145171$ & $0.00267602$ & $0.0160547$ & $0.0153357$ & $-0.0723645$ & $-0.0152879$ & $0.281725$ & $0.278801$ & $-0.110498$ & $-0.401672$ & $-0.0336037$ & $0.0633165$ & $0.265555$ & $0.447058$ & $1$ & $0.166619$ & $-0.0272022$ & $-0.433283$ & $0.46697$ & $0.319882$ & $0.339529$ & $-0.160011$ & $0.117759$ & $-0.11689$ & $-0.190097$ & $-0.387111$ & $0.0971657$ & $-0.00424079$ & $0.0280407$ & $0.0291822$ & $-0.0129438$ & $0.0348123$ & $-0.116952$ & $0.0023009$ & $-0.018966$ & $-0.000714379$ & $-0.00856706$ & $-0.00933966$ & $-0.00651292$ & $-0.0144879$ & $-0.00890456$ & $0.0129216$ & $0.0103726$ & $-0.0103471$ & $0.00800971$ & $0.0167312$ & $-0.000192544$ & $0.016629$ \\
CHL3_11 & $-0.00833817$ & $0.0129533$ & $0.00597762$ & $0.00556627$ & $-0.00329461$ & $-0.254594$ & $0.0814956$ & $-0.219325$ & $-0.222427$ & $0.419073$ & $-0.237398$ & $-0.113949$ & $-0.323001$ & $0.659476$ & $0.173013$ & $0.166619$ & $1$ & $0.728666$ & $0.732256$ & $0.26092$ & $0.205455$ & $0.195499$ & $-0.0706829$ & $0.667943$ & $0.774234$ & $-0.126257$ & $-0.153779$ & $0.0645649$ & $-0.0230005$ & $-0.0942995$ & $-0.030062$ & $0.0584465$ & $-0.0924733$ & $-0.239251$ & $-0.00569651$ & $-0.000745579$ & $0.0293615$ & $-0.0202199$ & $0.0119798$ & $-0.00205417$ & $-0.000599092$ & $-0.00128556$ & $0.00661078$ & $0.000430217$ & $0.00320299$ & $-0.0046925$ & $0.0105428$ & $0.00166181$ & $0.00451667$ \\
CHL3_22 & $0.0223631$ & $0.0203645$ & $0.00200134$ & $-0.00770638$ & $-0.00320885$ & $-0.051319$ & $0.0924541$ & $-0.412605$ & $-0.4131$ & $0.474888$ & $0.0459449$ & $-0.0644146$ & $-0.347652$ & $0.594128$ & $-0.449825$ & $-0.0272022$ & $0.728666$ & $1$ & $0.670161$ & $-0.0493701$ & $-0.0386759$ & $-0.0382775$ & $0.0132401$ & $0.602997$ & $0.792139$ & $0.0138935$ & $0.0168566$ & $-0.0140077$ & $-0.0244496$ & $-0.106834$ & $-0.0470402$ & $0.0692801$ & $-0.10811$ & $0.0601644$ & $-0.00485173$ & $0.0103569$ & $0.0245053$ & $-0.0192741$ & $0.0193669$ & $-0.00395782$ & $-0.00632455$ & $0.0106166$ & $-0.00720717$ & $0.00330264$ & $0.00337282$ & $-0.0121662$ & $-0.0028908$ & $0.000919066$ & $0.00444723$ \\
CHL3_33 & $0.00546189$ & $0.0117519$ & $0.00614748$ & $-0.00312497$ & $-0.00736549$ & $-0.0470343$ & $0.0857361$ & $-0.409741$ & $-0.410549$ & $0.46803$ & $0.0410412$ & $-0.0683095$ & $-0.345081$ & $0.597137$ & $-0.0249517$ & $-0.433283$ & $0.732256$ & $0.670161$ & $1$ & $-0.0430561$ & $-0.0346351$ & $-0.0366082$ & $0.00224741$ & $0.607336$ & $0.78674$ & $0.0159933$ & $0.00316996$ & $-0.00854963$ & $-0.0191945$ & $-0.102111$ & $-0.0407846$ & $0.0648782$ & $-0.104498$ & $-0.322655$ & $-0.00365995$ & $0.0144609$ & $0.0272234$ & $-0.00787797$ & $0.0145336$ & $0.00406053$ & $0.00817414$ & $0.00503625$ & $-0.00269868$ & $-0.00218919$ & $0.00446078$ & $-0.0058038$ & $0.0111781$ & $-0.00259037$ & $-0.00194593$ \\
CHe_11 & $-0.000352082$ & $-0.0442011$ & $-0.0104317$ & $-0.0172952$ & $0.00642002$ & $-0.180026$ & $-0.043839$ & $0.848743$ & $0.831325$ & $-0.328635$ & $-0.99011$ & $-0.263949$ & $0.150849$ & $0.547403$ & $0.480368$ & $0.46697$ & $0.26092$ & $-0.0493701$ & $-0.0430561$ & $1$ & $0.972186$ & $0.951614$ & $-0.0174617$ & $-0.238804$ & $0.00850313$ & $-0.553545$ & $0.214157$ & $0.324962$ & $0.0041191$ & $0.0502495$ & $0.0298261$ & $-0.0487925$ & $0.0470737$ & $0.275424$ & $-0.0210491$ & $0.00174492$ & $-0.000635261$ & $-0.017491$ & $0.0110817$ & $-0.00252817$ & $-0.00959891$ & $0.00123456$ & $0.00522971$ & $0.00359474$ & $0.00262762$ & $-0.00766953$ & $-0.0112378$ & $-0.00166714$ & $-0.0114319$ \\
CHe_22 & $0.0110322$ & $-0.0423508$ & $-0.0135782$ & $-0.0252025$ & $0.00599823$ & $-0.187925$ & $-0.0485916$ & $0.895679$ & $0.876818$ & $-0.359665$ & $-0.991023$ & $-0.29359$ & $0.16494$ & $0.489847$ & $0.328172$ & $0.319882$ & $0.205455$ & $-0.0386759$ & $-0.0346351$ & $0.972186$ & $1$ & $0.975068$ & $0.0349537$ & $-0.350774$ & $-0.00350916$ & $-0.565877$ & $0.372034$ & $0.335118$ & $0.0055455$ & $0.0523694$ & $0.0258377$ & $-0.0545336$ & $0.0471707$ & $0.443875$ & $-0.0243168$ & $0.0045087$ & $-0.00356198$ & $-0.0187655$ & $0.0157375$ & $-0.00280626$ & $-0.00830844$ & $0.00318318$ & $0.00181344$ & $0.00132255$ & $0.00561191$ & $-0.0121397$ & $-0.0221752$ & $-0.000866337$ & $-0.0158465$ \\
CHe_33 & $0.012481$ & $-0.0382933$ & $-0.0117405$ & $-0.0218802$ & $0.00545377$ & $-0.184709$ & $-0.0494402$ & $0.879399$ & $0.861034$ & $-0.356355$ & $-0.9698$ & $-0.286596$ & $0.164368$ & $0.47356$ & $0.317288$ & $0.339529$ & $0.195499$ & $-0.0382775$ & $-0.0366082$ & $0.951614$ & $0.975068$ & $1$ & $0.0369204$ & $-0.347937$ & $-0.00627857$ & $-0.555117$ & $0.367079$ & $0.326527$ & $0.00476089$ & $0.0531308$ & $0.0268197$ & $-0.0537813$ & $0.0475355$ & $0.442743$ & $-0.0193466$ & $0.00193069$ & $-0.00451939$ & $-0.0187318$ & $0.0146746$ & $-0.00433269$ & $-0.00917806$ & $0.00281689$ & $0.0043267$ & $0.00167939$ & $0.00606266$ & $-0.0116156$ & $-0.0222975$ & $-0.00345064$ & $-0.0155204$ \\
CHQ1_11 & $-0.0112364$ & $-0.0120979$ & $-0.0146823$ & $-0.0192115$ & $-0.0190376$ & $-0.0246526$ & $-0.0108738$ & $0.0627057$ & $0.0599174$ & $-0.0495252$ & $-0.00755143$ & $-0.0279017$ & $0.0346436$ & $-0.0795944$ & $-0.179197$ & $-0.160011$ & $-0.0706829$ & $0.0132401$ & $0.00224741$ & $-0.0174617$ & $0.0349537$ & $0.0369204$ & $1$ & $-0.137586$ & $0.0816375$ & $-0.678312$ & $0.339447$ & $0.0107268$ & $-0.00241148$ & $0.00475244$ & $-0.00991382$ & $-0.0116051$ & $0.00647544$ & $0.203194$ & $0.00175056$ & $-0.0150274$ & $-0.0165583$ & $-0.00477136$ & $0.011616$ & $0.00147561$ & $-0.00941641$ & $-0.00302785$ & $-0.0106845$ & $-0.00663389$ & $-0.0105663$ & $-0.00993726$ & $-0.0260292$ & $0.012923$ & $0.00233306$ \\
CHQ1_33 & $-0.077481$ & $0.0165096$ & $0.018608$ & $0.0181535$ & $0.00846503$ & $0.0091909$ & $0.0961513$ & $-0.661795$ & $-0.653418$ & $0.544373$ & $0.294983$ & $0.0777973$ & $-0.356702$ & $0.46252$ & $0.123733$ & $0.117759$ & $0.667943$ & $0.602997$ & $0.607336$ & $-0.238804$ & $-0.350774$ & $-0.347937$ & $-0.137586$ & $1$ & $0.633053$ & $0.194682$ & $-0.423262$ & $-0.023518$ & $-0.0234616$ & $-0.0977181$ & $-0.023731$ & $0.0814982$ & $-0.0856916$ & $-0.627976$ & $0.000943269$ & $-0.00938374$ & $0.0211992$ & $-0.000896593$ & $-0.00595901$ & $-0.000283363$ & $-0.00796435$ & $-0.00062629$ & $0.0120208$ & $-0.00114118$ & $-0.00742418$ & $0.00950149$ & $0.0446092$ & $0.00897172$ & $0.0269304$ \\
CHQ3_11 & $-0.107996$ & $0.0118241$ & $-0.000588886$ & $-0.0179986$ & $-0.0110018$ & $-0.0895608$ & $0.086217$ & $-0.380693$ & $-0.379177$ & $0.456812$ & $-0.00116129$ & $-0.0712394$ & $-0.337111$ & $0.597458$ & $-0.128637$ & $-0.11689$ & $0.774234$ & $0.792139$ & $0.78674$ & $0.00850313$ & $-0.00350916$ & $-0.00627857$ & $0.0816375$ & $0.633053$ & $1$ & $-0.00332817$ & $0.21415$ & $-0.00418611$ & $-0.0229978$ & $-0.103592$ & $-0.0371978$ & $0.0631011$ & $-0.0916728$ & $-0.181136$ & $-0.016903$ & $-0.00257474$ & $0.0168403$ & $-0.0135371$ & $0.0272794$ & $-0.00269726$ & $-0.00238731$ & $0.0110238$ & $0.0217238$ & $-0.0146008$ & $0.00641077$ & $-0.00324856$ & $0.0089725$ & $0.0108002$ & $0.016799$ \\
CHu_11 & $-0.0200735$ & $0.0335125$ & $0.0104336$ & $0.0119035$ & $0.00994721$ & $0.115563$ & $0.0261579$ & $-0.505132$ & $-0.492527$ & $0.199731$ & $0.56385$ & $0.168245$ & $-0.0980074$ & $-0.28276$ & $-0.187846$ & $-0.190097$ & $-0.126257$ & $0.0138935$ & $0.0159933$ & $-0.553545$ & $-0.565877$ & $-0.555117$ & $-0.678312$ & $0.194682$ & $-0.00332817$ & $1$ & $-0.179047$ & $-0.188446$ & $0.00536055$ & $-0.0282351$ & $-0.0108102$ & $0.0294689$ & $-0.0252519$ & $-0.249262$ & $0.00317789$ & $0.010321$ & $0.00202582$ & $0.0141074$ & $-0.0085631$ & $-0.00109113$ & $0.0153861$ & $0.00794924$ & $0.00790118$ & $-0.000448595$ & $0.00602218$ & $0.0101723$ & $0.0135566$ & $-0.00650362$ & $0.00476862$ \\
CHd_11 & $0.0159684$ & $-0.00755619$ & $-0.0280925$ & $-0.052519$ & $-0.0135037$ & $-0.0885913$ & $-0.0392066$ & $0.423428$ & $0.414713$ & $-0.23836$ & $-0.290775$ & $-0.153986$ & $0.12602$ & $-0.0903607$ & $-0.411824$ & $-0.387111$ & $-0.153779$ & $0.0168566$ & $0.00316996$ & $0.214157$ & $0.372034$ & $0.367079$ & $0.339447$ & $-0.423262$ & $0.21415$ & $-0.179047$ & $1$ & $0.118214$ & $0.0107872$ & $0.0262451$ & $-0.00625616$ & $-0.0420112$ & $0.0209344$ & $0.692234$ & $-0.0252304$ & $0.0152659$ & $-0.0211889$ & $-0.0124117$ & $0.0392078$ & $-0.00706064$ & $-0.00277126$ & $0.0149974$ & $-0.00341666$ & $-0.0129162$ & $0.0193937$ & $-0.0227638$ & $-0.060148$ & $0.00527363$ & $-0.0243024$ \\
CHd_33 & $0.0370939$ & $9.12085e-05$ & $-0.00328967$ & $-0.000206168$ & $0.0213403$ & $-0.0570726$ & $-0.0261161$ & $0.301649$ & $0.296183$ & $-0.117195$ & $-0.331877$ & $-0.0959043$ & $0.0608192$ & $0.162861$ & $0.106732$ & $0.0971657$ & $0.0645649$ & $-0.0140077$ & $-0.00854963$ & $0.324962$ & $0.335118$ & $0.326527$ & $0.0107268$ & $-0.023518$ & $-0.00418611$ & $-0.188446$ & $0.118214$ & $1$ & $-0.00760514$ & $0.0230117$ & $0.0199244$ & $-0.0267969$ & $0.016574$ & $0.153242$ & $-0.00801411$ & $0.00292747$ & $-0.00519401$ & $0.00207388$ & $-0.0139141$ & $-0.000197893$ & $-0.00670088$ & $-0.00133325$ & $0.0117165$ & $-0.00386424$ & $0.00153589$ & $-0.0130778$ & $-0.00358639$ & $-0.000719406$ & $-0.0132548$ \\
CeH_22r & $0.00353838$ & $5.18304e-05$ & $-0.00519109$ & $0.00721205$ & $0.0178191$ & $0.000519456$ & $0.0098276$ & $0.0167076$ & $0.0228657$ & $-0.0129207$ & $-0.00462062$ & $0.0232218$ & $0.0419563$ & $-0.0185031$ & $0.0030543$ & $-0.00424079$ & $-0.0230005$ & $-0.0244496$ & $-0.0191945$ & $0.0041191$ & $0.0055455$ & $0.00476089$ & $-0.00241148$ & $-0.0234616$ & $-0.0229978$ & $0.00536055$ & $0.0107872$ & $-0.00760514$ & $1$ & $0.0288733$ & $0.00291499$ & $-0.0091258$ & $0.0267019$ & $0.0109275$ & $-0.0381652$ & $-0.0130277$ & $-0.0116673$ & $0.00171501$ & $0.000712781$ & $0.0114257$ & $-0.000556122$ & $0.000110527$ & $-0.00240965$ & $0.0111164$ & $0.00639796$ & $0.00337439$ & $-0.0246713$ & $0.0111088$ & $-0.0164342$ \\
CeH_33r & $-0.00871194$ & $-0.0203763$ & $-0.0202037$ & $0.022888$ & $-0.010624$ & $0.00704328$ & $-0.112537$ & $0.0977482$ & $0.119825$ & $-0.112867$ & $-0.0520714$ & $0.220284$ & $0.253188$ & $-0.0531969$ & $0.0336861$ & $0.0280407$ & $-0.0942995$ & $-0.106834$ & $-0.102111$ & $0.0502495$ & $0.0523694$ & $0.0531308$ & $0.00475244$ & $-0.0977181$ & $-0.103592$ & $-0.0282351$ & $0.0262451$ & $0.0230117$ & $0.0288733$ & $1$ & $0.301189$ & $0.0349737$ & $0.617352$ & $0.0455364$ & $-0.0612496$ & $-0.0405009$ & $-0.177511$ & $-0.0170951$ & $-0.0241452$ & $0.00881886$ & $-0.040512$ & $0.00736238$ & $-0.0126901$ & $0.00912131$ & $0.0704946$ & $0.0184365$ & $-0.00551494$ & $0.0316831$ & $-6.97627e-05$ \\
CuH_22r & $-0.0535321$ & $-0.0416508$ & $0.0063988$ & $-0.0443155$ & $0.00579717$ & $0.00203403$ & $-0.0773491$ & $0.0421547$ & $0.0536869$ & $-0.0535943$ & $-0.0286448$ & $0.0425809$ & $0.102054$ & $-0.00946791$ & $0.0366015$ & $0.0291822$ & $-0.030062$ & $-0.0470402$ & $-0.0407846$ & $0.0298261$ & $0.0258377$ & $0.0268197$ & $-0.00991382$ & $-0.023731$ & $-0.0371978$ & $-0.0108102$ & $-0.00625616$ & $0.0199244$ & $0.00291499$ & $0.301189$ & $1$ & $0.00989785$ & $0.361085$ & $-0.000582014$ & $-0.0495096$ & $-3.71814e-05$ & $-0.0908678$ & $0.00263442$ & $-0.0413326$ & $0.00307661$ & $-0.0280724$ & $-0.00999514$ & $0.00150773$ & $0.02867$ & $-0.00757933$ & $0.107274$ & $0.336242$ & $0.057998$ & $0.0569187$ \\
CuH_33r & $-0.00583636$ & $-0.000980549$ & $0.00960675$ & $0.0245505$ & $-0.00570897$ & $0.00111539$ & $0.933874$ & $-0.0825438$ & $-0.0384433$ & $0.0847242$ & $0.0513943$ & $0.0534464$ & $-0.230867$ & $0.0336101$ & $-0.0161234$ & $-0.0129438$ & $0.0584465$ & $0.0692801$ & $0.0648782$ & $-0.0487925$ & $-0.0545336$ & $-0.0537813$ & $-0.0116051$ & $0.0814982$ & $0.0631011$ & $0.0294689$ & $-0.0420112$ & $-0.0267969$ & $-0.0091258$ & $0.0349737$ & $0.00989785$ & $1$ & $0.0238722$ & $-0.0518323$ & $0.0376467$ & $0.0211145$ & $-0.00952275$ & $0.00958279$ & $0.0145275$ & $0.0122674$ & $-0.00738242$ & $0.00584459$ & $0.0109551$ & $3.49539e-05$ & $0.0138686$ & $-0.00166176$ & $-0.0223871$ & $-0.000855061$ & $-0.02235$ \\
CdH_33r & $-0.110104$ & $0.0453897$ & $-0.0490672$ & $-0.136018$ & $0.00351507$ & $0.000999308$ & $-0.155811$ & $0.0896144$ & $0.109058$ & $-0.113888$ & $-0.0451928$ & $0.240417$ & $0.287936$ & $-0.0558179$ & $0.0393214$ & $0.0348123$ & $-0.0924733$ & $-0.10811$ & $-0.104498$ & $0.0470737$ & $0.0471707$ & $0.0475355$ & $0.00647544$ & $-0.0856916$ & $-0.0916728$ & $-0.0252519$ & $0.0209344$ & $0.016574$ & $0.0267019$ & $0.617352$ & $0.361085$ & $0.0238722$ & $1$ & $0.0385604$ & $0.0367659$ & $-0.0801073$ & $-0.256605$ & $-0.00700314$ & $-0.0548167$ & $0.0126261$ & $-0.0318832$ & $0.018946$ & $-0.0365405$ & $-0.0263599$ & $-0.139231$ & $0.0939189$ & $0.0802433$ & $0.163048$ & $0.527693$ \\
CLL_1221 & $0.0512358$ & $0.017684$ & $-0.0131664$ & $-0.0331062$ & $-0.00955473$ & $-0.129951$ & $-0.0515852$ & $0.552868$ & $0.542462$ & $-0.335306$ & $-0.35675$ & $-0.160665$ & $0.193076$ & $-0.203731$ & $-0.608442$ & $-0.116952$ & $-0.239251$ & $0.0601644$ & $-0.322655$ & $0.275424$ & $0.443875$ & $0.442743$ & $0.203194$ & $-0.627976$ & $-0.181136$ & $-0.249262$ & $0.692234$ & $0.153242$ & $0.0109275$ & $0.0455364$ & $-0.000582014$ & $-0.0518323$ & $0.0385604$ & $1$ & $-0.0139896$ & $0.00981358$ & $-0.0144848$ & $-0.0173631$ & $0.0210489$ & $-0.00848404$ & $-0.0041935$ & $0.0128691$ & $-0.00735764$ & $-0.00335923$ & $0.0149246$ & $-0.0242139$ & $-0.0575525$ & $0.00232664$ & $-0.0165993$ \\
eHggint & $0.0714094$ & $0.0986137$ & $0.0202976$ & $-0.00243815$ & $0.00257545$ & $-0.00560528$ & $-0.0395067$ & $-0.0239692$ & $-0.0438942$ & $0.051034$ & $0.0248062$ & $0.093089$ & $0.0236686$ & $-0.0148429$ & $8.94972e-05$ & $0.0023009$ & $-0.00569651$ & $-0.00485173$ & $-0.00365995$ & $-0.0210491$ & $-0.0243168$ & $-0.0193466$ & $0.00175056$ & $0.000943269$ & $-0.016903$ & $0.00317789$ & $-0.0252304$ & $-0.00801411$ & $-0.0381652$ & $-0.0612496$ & $-0.0495096$ & $0.0376467$ & $0.0367659$ & $-0.0139896$ & $1$ & $-0.123131$ & $0.000857988$ & $-0.00649585$ & $0.0713828$ & $-0.0144661$ & $-0.0417943$ & $-0.0161716$ & $-0.0390709$ & $-0.0429571$ & $-0.0714858$ & $-0.0117439$ & $-0.117223$ & $-0.0336073$ & $0.167956$ \\
eHggpar & $0.143256$ & $0.0887406$ & $0.144439$ & $0.00830658$ & $0.00134783$ & $0.00612039$ & $-0.00599101$ & $-0.00185571$ & $-0.01168$ & $0.014888$ & $-0.000939516$ & $0.0324272$ & $0.0161467$ & $0.0106099$ & $-0.0120926$ & $-0.018966$ & $-0.000745579$ & $0.0103569$ & $0.0144609$ & $0.00174492$ & $0.0045087$ & $0.00193069$ & $-0.0150274$ & $-0.00938374$ & $-0.00257474$ & $0.010321$ & $0.0152659$ & $0.00292747$ & $-0.0130277$ & $-0.0405009$ & $-3.71814e-05$ & $0.0211145$ & $-0.0801073$ & $0.00981358$ & $-0.123131$ & $1$ & $0.214559$ & $-0.00107719$ & $0.0798479$ & $0.0169877$ & $0.155418$ & $-0.0253167$ & $-0.00449545$ & $0.00512058$ & $0.0733194$ & $-0.0860804$ & $0.0814633$ & $-0.00136401$ & $-0.0633521$ \\
eHWWint & $0.0386142$ & $0.0943784$ & $0.154667$ & $-0.0404792$ & $0.0179071$ & $-0.00204375$ & $0.0159197$ & $-0.0204797$ & $-0.0268679$ & $0.0172359$ & $0.00497071$ & $0.00119813$ & $-0.0113708$ & $0.0215432$ & $0.00395356$ & $-0.000714379$ & $0.0293615$ & $0.0245053$ & $0.0272234$ & $-0.000635261$ & $-0.00356198$ & $-0.00451939$ & $-0.0165583$ & $0.0211992$ & $0.0168403$ & $0.00202582$ & $-0.0211889$ & $-0.00519401$ & $-0.0116673$ & $-0.177511$ & $-0.0908678$ & $-0.00952275$ & $-0.256605$ & $-0.0144848$ & $0.000857988$ & $0.214559$ & $1$ & $-0.00634294$ & $0.0802186$ & $-0.0176089$ & $0.111805$ & $-0.0144186$ & $0.107056$ & $-0.0408764$ & $0.0201802$ & $-0.099663$ & $0.00487588$ & $-0.050437$ & $-0.137191$ \\
eHWWpar & $-0.0219588$ & $-0.00162435$ & $0.00472749$ & $-0.0177203$ & $0.0127261$ & $0.0106232$ & $0.0149065$ & $-0.0105991$ & $-0.0109836$ & $0.00688532$ & $0.0184226$ & $0.0174813$ & $-8.48316e-05$ & $-0.0136462$ & $0.00633487$ & $-0.00856706$ & $-0.0202199$ & $-0.0192741$ & $-0.00787797$ & $-0.017491$ & $-0.0187655$ & $-0.0187318$ & $-0.00477136$ & $-0.000896593$ & $-0.0135371$ & $0.0141074$ & $-0.0124117$ & $0.00207388$ & $0.00171501$ & $-0.0170951$ & $0.00263442$ & $0.00958279$ & $-0.00700314$ & $-0.0173631$ & $-0.00649585$ & $-0.00107719$ & $-0.00634294$ & $1$ & $-0.0181135$ & $0.0112267$ & $0.00191928$ & $0.0102704$ & $-0.0271621$ & $-7.64696e-05$ & $-0.0109336$ & $-0.00702535$ & $0.0207689$ & $-0.00217983$ & $0.0251532$ \\
eHZZint & $0.0241217$ & $-0.034776$ & $-0.0588541$ & $-0.108673$ & $-0.0164447$ & $0.00490939$ & $-0.00227154$ & $0.0101284$ & $0.00317185$ & $-0.0187547$ & $-0.0146986$ & $-0.0322577$ & $0.00945436$ & $0.011014$ & $-0.0171357$ & $-0.00933966$ & $0.0119798$ & $0.0193669$ & $0.0145336$ & $0.0110817$ & $0.0157375$ & $0.0146746$ & $0.011616$ & $-0.00595901$ & $0.0272794$ & $-0.0085631$ & $0.0392078$ & $-0.0139141$ & $0.000712781$ & $-0.0241452$ & $-0.0413326$ & $0.0145275$ & $-0.0548167$ & $0.0210489$ & $0.0713828$ & $0.0798479$ & $0.0802186$ & $-0.0181135$ & $1$ & $0.0051892$ & $0.106893$ & $-0.0158326$ & $0.00457576$ & $0.00223516$ & $0.0475638$ & $0.0502409$ & $-0.122189$ & $0.0213888$ & $-0.0589548$ \\
eHZZpar & $0.00183259$ & $0.0250499$ & $-0.000342765$ & $-0.0112441$ & $0.0258223$ & $0.0108358$ & $0.0114712$ & $-0.00386013$ & $-0.0053114$ & $-0.0111149$ & $0.00333375$ & $8.68799e-05$ & $-0.00673047$ & $0.00303813$ & $0.00620547$ & $-0.00651292$ & $-0.00205417$ & $-0.00395782$ & $0.00406053$ & $-0.00252817$ & $-0.00280626$ & $-0.00433269$ & $0.00147561$ & $-0.000283363$ & $-0.00269726$ & $-0.00109113$ & $-0.00706064$ & $-0.000197893$ & $0.0114257$ & $0.00881886$ & $0.00307661$ & $0.0122674$ & $0.0126261$ & $-0.00848404$ & $-0.0144661$ & $0.0169877$ & $-0.0176089$ & $0.0112267$ & $0.0051892$ & $1$ & $-0.0129668$ & $-0.000412945$ & $-0.0217525$ & $-0.027758$ & $0.00442854$ & $-0.000779418$ & $0.00276075$ & $-0.0150741$ & $0.0198532$ \\
eHZgaint & $0.0314472$ & $0.195761$ & $0.0553712$ & $-0.229868$ & $-0.00548865$ & $0.0129812$ & $-0.00834812$ & $-0.0145925$ & $-0.0205239$ & $-0.0309493$ & $0.013384$ & $-0.0304518$ & $0.00500886$ & $-0.00529388$ & $0.00433543$ & $-0.0144879$ & $-0.000599092$ & $-0.00632455$ & $0.00817414$ & $-0.00959891$ & $-0.00830844$ & $-0.00917806$ & $-0.00941641$ & $-0.00796435$ & $-0.00238731$ & $0.0153861$ & $-0.00277126$ & $-0.00670088$ & $-0.000556122$ & $-0.040512$ & $-0.0280724$ & $-0.00738242$ & $-0.0318832$ & $-0.0041935$ & $-0.0417943$ & $0.155418$ & $0.111805$ & $0.00191928$ & $0.106893$ & $-0.0129668$ & $1$ & $-0.016967$ & $-0.0183685$ & $-0.0353762$ & $-0.26847$ & $0.0301756$ & $-0.0305297$ & $-0.175512$ & $0.0332955$ \\
eHZgapar & $-0.0418387$ & $-0.0287912$ & $0.000621027$ & $-0.0173068$ & $-0.0132781$ & $-0.00729925$ & $0.011459$ & $0.00322578$ & $0.00518911$ & $0.0071949$ & $-0.00243844$ & $-0.000283618$ & $-0.00422594$ & $0.00383537$ & $-0.0157099$ & $-0.00890456$ & $-0.00128556$ & $0.0106166$ & $0.00503625$ & $0.00123456$ & $0.00318318$ & $0.00281689$ & $-0.00302785$ & $-0.00062629$ & $0.0110238$ & $0.00794924$ & $0.0149974$ & $-0.00133325$ & $0.000110527$ & $0.00736238$ & $-0.00999514$ & $0.00584459$ & $0.018946$ & $0.0128691$ & $-0.0161716$ & $-0.0253167$ & $-0.0144186$ & $0.0102704$ & $-0.0158326$ & $-0.000412945$ & $-0.016967$ & $1$ & $-0.00714295$ & $-0.00643699$ & $0.0069147$ & $-0.00507845$ & $-0.014422$ & $-0.00194266$ & $0.0439055$ \\
eHgagaint & $-0.165859$ & $0.174871$ & $0.0351259$ & $0.100371$ & $-0.0256241$ & $0.00550459$ & $0.0214551$ & $-0.00486612$ & $0.0557707$ & $-0.0150861$ & $0.00119221$ & $-0.0211338$ & $-0.000614257$ & $0.000237293$ & $0.01717$ & $0.0129216$ & $0.00661078$ & $-0.00720717$ & $-0.00269868$ & $0.00522971$ & $0.00181344$ & $0.0043267$ & $-0.0106845$ & $0.0120208$ & $0.0217238$ & $0.00790118$ & $-0.00341666$ & $0.0117165$ & $-0.00240965$ & $-0.0126901$ & $0.00150773$ & $0.0109551$ & $-0.0365405$ & $-0.00735764$ & $-0.0390709$ & $-0.00449545$ & $0.107056$ & $-0.0271621$ & $0.00457576$ & $-0.0217525$ & $-0.0183685$ & $-0.00714295$ & $1$ & $0.00722089$ & $0.00950698$ & $-0.182031$ & $0.0391808$ & $0.0296679$ & $-0.0485389$ \\
eHmumuint & $0.0977711$ & $0.0211651$ & $0.165789$ & $0.0535929$ & $-0.00447644$ & $0.00431238$ & $0.00493481$ & $-0.000719924$ & $0.000746984$ & $-0.0105845$ & $-0.00170364$ & $-0.00850586$ & $-0.000635325$ & $0.00845264$ & $0.00244836$ & $0.0103726$ & $0.000430217$ & $0.00330264$ & $-0.00218919$ & $0.00359474$ & $0.00132255$ & $0.00167939$ & $-0.00663389$ & $-0.00114118$ & $-0.0146008$ & $-0.000448595$ & $-0.0129162$ & $-0.00386424$ & $0.0111164$ & $0.00912131$ & $0.02867$ & $3.49539e-05$ & $-0.0263599$ & $-0.00335923$ & $-0.0429571$ & $0.00512058$ & $-0.0408764$ & $-7.64696e-05$ & $0.00223516$ & $-0.027758$ & $-0.0353762$ & $-0.00643699$ & $0.00722089$ & $1$ & $-0.024743$ & $-7.81637e-05$ & $0.0580645$ & $0.0750719$ & $-0.0882807$ \\
eHtautauint & $0.0363116$ & $0.0972802$ & $-0.00292017$ & $0.196417$ & $0.000223485$ & $-0.00570418$ & $0.017332$ & $0.00158766$ & $0.00476754$ & $0.00624073$ & $-0.002371$ & $0.00693815$ & $-0.0044098$ & $-0.00206387$ & $-0.00803754$ & $-0.0103471$ & $0.00320299$ & $0.00337282$ & $0.00446078$ & $0.00262762$ & $0.00561191$ & $0.00606266$ & $-0.0105663$ & $-0.00742418$ & $0.00641077$ & $0.00602218$ & $0.0193937$ & $0.00153589$ & $0.00639796$ & $0.0704946$ & $-0.00757933$ & $0.0138686$ & $-0.139231$ & $0.0149246$ & $-0.0714858$ & $0.0733194$ & $0.0201802$ & $-0.0109336$ & $0.0475638$ & $0.00442854$ & $-0.26847$ & $0.0069147$ & $0.00950698$ & $-0.024743$ & $1$ & $0.0544507$ & $-0.0607243$ & $0.036153$ & $-0.283287$ \\
eHccint & $-0.0780401$ & $-0.136151$ & $-0.0532862$ & $-0.0771998$ & $0.00439954$ & $0.00524562$ & $-0.00293536$ & $-0.00418222$ & $-0.0129174$ & $-1.9067e-06$ & $0.00740308$ & $0.00545458$ & $-0.0100828$ & $-0.00550086$ & $0.0163985$ & $0.00800971$ & $-0.0046925$ & $-0.0121662$ & $-0.0058038$ & $-0.00766953$ & $-0.0121397$ & $-0.0116156$ & $-0.00993726$ & $0.00950149$ & $-0.00324856$ & $0.0101723$ & $-0.0227638$ & $-0.0130778$ & $0.00337439$ & $0.0184365$ & $0.107274$ & $-0.00166176$ & $0.0939189$ & $-0.0242139$ & $-0.0117439$ & $-0.0860804$ & $-0.099663$ & $-0.00702535$ & $0.0502409$ & $-0.000779418$ & $0.0301756$ & $-0.00507845$ & $-0.182031$ & $-7.81637e-05$ & $0.0544507$ & $1$ & $0.106339$ & $0.089655$ & $0.131769$ \\
eHccpar & $-0.14447$ & $-0.0568721$ & $0.0763185$ & $-0.0945456$ & $0.0341772$ & $0.00918656$ & $-0.0163097$ & $-0.0258334$ & $-0.0225297$ & $0.022802$ & $0.0171237$ & $0.00576039$ & $-0.0069452$ & $0.0171029$ & $0.0366425$ & $0.0167312$ & $0.0105428$ & $-0.0028908$ & $0.0111781$ & $-0.0112378$ & $-0.0221752$ & $-0.0222975$ & $-0.0260292$ & $0.0446092$ & $0.0089725$ & $0.0135566$ & $-0.060148$ & $-0.00358639$ & $-0.0246713$ & $-0.00551494$ & $0.336242$ & $-0.0223871$ & $0.0802433$ & $-0.0575525$ & $-0.117223$ & $0.0814633$ & $0.00487588$ & $0.0207689$ & $-0.122189$ & $0.00276075$ & $-0.0305297$ & $-0.014422$ & $0.0391808$ & $0.0580645$ & $-0.0607243$ & $0.106339$ & $1$ & $0.134224$ & $0.135528$ \\
eHbbint & $-0.0771335$ & $0.0128892$ & $0.0888539$ & $-0.0510478$ & $0.0222422$ & $-0.0119775$ & $-0.00400416$ & $-0.00205727$ & $0.000693077$ & $0.000918286$ & $0.00363501$ & $0.0022181$ & $0.00719034$ & $-0.00345864$ & $-0.00215279$ & $-0.000192544$ & $0.00166181$ & $0.000919066$ & $-0.00259037$ & $-0.00166714$ & $-0.000866337$ & $-0.00345064$ & $0.012923$ & $0.00897172$ & $0.0108002$ & $-0.00650362$ & $0.00527363$ & $-0.000719406$ & $0.0111088$ & $0.0316831$ & $0.057998$ & $-0.000855061$ & $0.163048$ & $0.00232664$ & $-0.0336073$ & $-0.00136401$ & $-0.050437$ & $-0.00217983$ & $0.0213888$ & $-0.0150741$ & $-0.175512$ & $-0.00194266$ & $0.0296679$ & $0.0750719$ & $0.036153$ & $0.089655$ & $0.134224$ & $1$ & $0.00275298$ \\
eHbbpar & $-0.171485$ & $0.131407$ & $-0.0988586$ & $-0.275243$ & $0.015946$ & $-0.00665887$ & $-0.0450754$ & $-0.0228025$ & $-0.0276355$ & $0.015773$ & $0.0178191$ & $0.0138613$ & $0.00736952$ & $0.000785509$ & $0.00609475$ & $0.016629$ & $0.00451667$ & $0.00444723$ & $-0.00194593$ & $-0.0114319$ & $-0.0158465$ & $-0.0155204$ & $0.00233306$ & $0.0269304$ & $0.016799$ & $0.00476862$ & $-0.0243024$ & $-0.0132548$ & $-0.0164342$ & $-6.97627e-05$ & $0.0569187$ & $-0.02235$ & $0.527693$ & $-0.0165993$ & $0.167956$ & $-0.0633521$ & $-0.137191$ & $0.0251532$ & $-0.0589548$ & $0.0198532$ & $0.0332955$ & $0.0439055$ & $-0.0485389$ & $-0.0882807$ & $-0.283287$ & $0.131769$ & $0.135528$ & $0.00275298$ & $1$ \\
