 & AlsMz & dAle5Mz & mtop & mHl & Mz & CW & CHG & CHWB & CHWHB_gaga & CHWHB_gagaorth & CHD & CHbox & CH & CHL1_11 & CHL1_22 & CHL1_33 & CHL3_11 & CHL3_22 & CHL3_33 & CHe_11 & CHe_22 & CHe_33 & CHQ1_11 & CHQ1_33 & CHQ3_11 & CHu_11 & CHd_11 & CHd_33 & CeH_22r & CeH_33r & CuH_22r & CuH_33r & CdH_33r & CLL_1221 & eHggint & eHggpar & eHWWint & eHWWpar & eHZZint & eHZZpar & eHZgaint & eHZgapar & eHgagaint & eHmumuint & eHtautauint & eHccint & eHccpar & eHbbint & eHbbpar \\
AlsMz & $1$ & $-0.00910901$ & $-0.190946$ & $0.0158739$ & $0.0252466$ & $-0.0077313$ & $0.0530357$ & $0.0205869$ & $0.0370235$ & $-0.0193608$ & $-0.0417851$ & $-0.0390048$ & $-0.0514738$ & $0.0511089$ & $0.0204444$ & $0.0556458$ & $0.0109775$ & $0.020007$ & $-0.0136377$ & $0.042412$ & $0.0300303$ & $0.0253907$ & $0.020092$ & $-0.0230348$ & $-0.0466238$ & $-0.0792678$ & $-0.0258005$ & $-0.00800232$ & $-0.00258505$ & $0.00374073$ & $0.085653$ & $0.0394226$ & $-0.00999912$ & $-0.00995569$ & $-0.170325$ & $-0.141384$ & $-0.0537139$ & $0.00933832$ & $-0.2187$ & $0.10995$ & $0.0194303$ & $0.050097$ & $0.185742$ & $0.144887$ & $-0.0754397$ & $0.0862414$ & $0.342977$ & $-0.0529774$ & $-0.165381$ \\
dAle5Mz & $-0.00910901$ & $1$ & $-0.127284$ & $0.323276$ & $0.0133241$ & $-0.011868$ & $-0.100477$ & $0.00666721$ & $-0.00773772$ & $-0.00883223$ & $-0.0139045$ & $0.0209514$ & $0.0270469$ & $-0.00196984$ & $-0.0166055$ & $0.00721452$ & $0.0107285$ & $0.00745399$ & $-0.0099873$ & $0.0203096$ & $0.0291037$ & $0.0279509$ & $-0.00970714$ & $-0.0024363$ & $-0.00779505$ & $0.0137084$ & $0.0250282$ & $-0.0302551$ & $0.0218714$ & $0.030345$ & $-0.0377313$ & $-0.0906948$ & $0.0605048$ & $0.0484631$ & $0.0754568$ & $-0.0136185$ & $-0.15371$ & $-0.0193741$ & $-0.219056$ & $-0.0135987$ & $-0.149134$ & $-0.0253289$ & $-0.242314$ & $0.0953955$ & $0.322335$ & $-0.168945$ & $-0.274333$ & $-0.0804005$ & $0.163687$ \\
mtop & $-0.190946$ & $-0.127284$ & $1$ & $-0.158877$ & $-0.0168685$ & $0.0119053$ & $0.00431509$ & $-0.0335194$ & $-0.039046$ & $0.0126231$ & $0.0246333$ & $-0.0688605$ & $-0.0955364$ & $0.00786727$ & $-0.0319482$ & $0.00228767$ & $0.0299127$ & $0.0492714$ & $0.0167237$ & $-0.0224321$ & $-0.0212336$ & $-0.0223513$ & $0.0336887$ & $0.0360906$ & $0.0353844$ & $-0.00935103$ & $-0.0207472$ & $0.0355326$ & $-0.0664328$ & $-0.0693446$ & $-0.00689795$ & $-0.0202848$ & $-0.119073$ & $0.0015979$ & $-0.271234$ & $-0.0624142$ & $0.17655$ & $-0.0629488$ & $0.148357$ & $-0.00102059$ & $-0.236921$ & $-0.0347738$ & $-0.0508881$ & $-0.482716$ & $-0.202755$ & $-0.00029109$ & $0.131255$ & $-0.183871$ & $-0.0456215$ \\
mHl & $0.0158739$ & $0.323276$ & $-0.158877$ & $1$ & $-0.0280026$ & $-0.0161086$ & $0.0381303$ & $0.00286297$ & $-0.0118268$ & $0.0488646$ & $-0.0224121$ & $0.0309809$ & $0.00473919$ & $0.0367597$ & $-0.0355301$ & $0.00546603$ & $0.0388203$ & $0.0532621$ & $0.0298328$ & $0.0220148$ & $0.0289668$ & $0.0252783$ & $0.000846778$ & $0.0253121$ & $0.0331793$ & $-0.001391$ & $0.0304195$ & $-0.00982247$ & $0.0259565$ & $-0.0687381$ & $-0.137084$ & $0.0439674$ & $-0.0152609$ & $0.0403588$ & $0.382242$ & $0.0759268$ & $0.348839$ & $0.0078494$ & $-0.300107$ & $-0.0165141$ & $-0.287286$ & $0.0378227$ & $-0.189796$ & $-0.0284595$ & $-0.118214$ & $-0.234686$ & $-0.462221$ & $0.0344016$ & $0.146382$ \\
Mz & $0.0252466$ & $0.0133241$ & $-0.0168685$ & $-0.0280026$ & $1$ & $-0.0195713$ & $-0.00516805$ & $0.0162218$ & $0.0156016$ & $-0.0173627$ & $-0.00278731$ & $-0.0234372$ & $-0.0381929$ & $-0.00546571$ & $-0.0197202$ & $-0.0152171$ & $-0.00415387$ & $0.000602183$ & $-0.00149722$ & $0.00675658$ & $0.0157142$ & $0.0171287$ & $0.00351867$ & $-0.0237465$ & $0.000474891$ & $-0.00671769$ & $0.0337948$ & $-0.00494105$ & $0.00272673$ & $-0.0245353$ & $-0.00752348$ & $-0.00635282$ & $-2.4031e-05$ & $0.0302326$ & $0.00503449$ & $0.0150288$ & $0.00541208$ & $-0.0261762$ & $-0.0245785$ & $0.0365475$ & $-0.00758298$ & $0.0146638$ & $0.000221926$ & $0.0475107$ & $-0.0471406$ & $0.0457841$ & $0.0140247$ & $0.0653707$ & $-0.0417021$ \\
CW & $-0.0077313$ & $-0.011868$ & $0.0119053$ & $-0.0161086$ & $-0.0195713$ & $1$ & $-0.0173854$ & $-0.106544$ & $-0.107814$ & $0.0163803$ & $0.174938$ & $0.0497554$ & $-0.00387939$ & $0.00354709$ & $-0.0910388$ & $-0.0965159$ & $-0.274862$ & $-0.0630096$ & $-0.0640045$ & $-0.176503$ & $-0.174735$ & $-0.172221$ & $-0.00362316$ & $-0.0224804$ & $-0.110029$ & $0.0925487$ & $-0.0633095$ & $-0.0518829$ & $-0.00605033$ & $0.00871285$ & $0.000258272$ & $-0.00851583$ & $0.0210257$ & $-0.0933574$ & $-0.0273614$ & $0.0236858$ & $-0.00206534$ & $-0.0155109$ & $-0.0366693$ & $-0.0412847$ & $-0.000316669$ & $0.0328101$ & $-0.00930715$ & $-0.0253723$ & $0.00535416$ & $-0.0286322$ & $-0.000707892$ & $-0.0021579$ & $0.00536133$ \\
CHG & $0.0530357$ & $-0.100477$ & $0.00431509$ & $0.0381303$ & $-0.00516805$ & $-0.0173854$ & $1$ & $-0.0333472$ & $0.0124587$ & $0.036243$ & $0.000989714$ & $-0.172406$ & $-0.240469$ & $0.052355$ & $-0.0117993$ & $-0.00821843$ & $0.0671753$ & $0.0686118$ & $0.0722582$ & $-0.0015723$ & $-0.00265025$ & $-0.00144192$ & $0.011626$ & $0.0569885$ & $0.0760775$ & $-0.0217566$ & $0.00435394$ & $-0.00762934$ & $0.0401724$ & $-0.0932838$ & $-0.0593$ & $0.934855$ & $-0.130989$ & $-0.0188451$ & $0.0398681$ & $0.0413767$ & $0.172235$ & $-0.0704573$ & $-0.0131923$ & $-0.0291188$ & $0.0326979$ & $0.0257538$ & $0.0103887$ & $0.00589617$ & $-0.0135571$ & $0.0192755$ & $0.0977325$ & $-0.0876149$ & $0.129942$ \\
CHWB & $0.0205869$ & $0.00666721$ & $-0.0335194$ & $0.00286297$ & $0.0162218$ & $-0.106544$ & $-0.0333472$ & $1$ & $0.985669$ & $-0.587872$ & $-0.88139$ & $-0.0673654$ & $0.281518$ & $0.137802$ & $0.292553$ & $0.288896$ & $-0.210091$ & $-0.401637$ & $-0.405998$ & $0.853007$ & $0.898397$ & $0.882708$ & $0.0813067$ & $-0.664587$ & $-0.371047$ & $-0.521128$ & $0.446437$ & $0.288962$ & $-0.0166696$ & $0.0875894$ & $0.0582554$ & $-0.0219233$ & $0.103881$ & $0.564493$ & $0.0370907$ & $-0.0494019$ & $-0.0627263$ & $0.0432896$ & $-0.00191533$ & $0.0131033$ & $0.0367222$ & $0.0220082$ & $-0.0338292$ & $0.0258205$ & $0.0108052$ & $-0.0675132$ & $-0.0259668$ & $-0.00482271$ & $0.0183438$ \\
CHWHB_gaga & $0.0370235$ & $-0.00773772$ & $-0.039046$ & $-0.0118268$ & $0.0156016$ & $-0.107814$ & $0.0124587$ & $0.985669$ & $1$ & $-0.580219$ & $-0.865495$ & $-0.0510319$ & $0.277051$ & $0.128424$ & $0.294408$ & $0.291331$ & $-0.214325$ & $-0.405257$ & $-0.410126$ & $0.838774$ & $0.881182$ & $0.866229$ & $0.0812422$ & $-0.657984$ & $-0.375021$ & $-0.514456$ & $0.43408$ & $0.275581$ & $-0.00504296$ & $0.109364$ & $0.0729628$ & $0.0137332$ & $0.11955$ & $0.551232$ & $0.022873$ & $-0.0462716$ & $-0.0598586$ & $0.0433659$ & $-0.00423625$ & $0.0212819$ & $0.047073$ & $0.0228728$ & $0.00516779$ & $0.0200795$ & $0.0163162$ & $-0.0552514$ & $0.00445272$ & $-0.0268243$ & $0.00035579$ \\
CHWHB_gagaorth & $-0.0193608$ & $-0.00883223$ & $0.0126231$ & $0.0488646$ & $-0.0173627$ & $0.0163803$ & $0.036243$ & $-0.587872$ & $-0.580219$ & $1$ & $0.385005$ & $0.374595$ & $-0.182476$ & $0.175331$ & $-0.119887$ & $-0.132122$ & $0.404355$ & $0.451741$ & $0.472024$ & $-0.371349$ & $-0.400301$ & $-0.397766$ & $-0.0544211$ & $0.558821$ & $0.45437$ & $0.228194$ & $-0.256965$ & $-0.105842$ & $0.00518036$ & $-0.126047$ & $-0.0650288$ & $0.0430363$ & $-0.15755$ & $-0.362799$ & $0.0318629$ & $0.0765745$ & $0.0684017$ & $-0.0412553$ & $-0.0566565$ & $0.0184871$ & $-0.0540143$ & $-0.0362684$ & $0.0803166$ & $-0.0531195$ & $-0.00922768$ & $0.0443748$ & $-0.019372$ & $-0.0108811$ & $0.00185181$ \\
CHD & $-0.0417851$ & $-0.0139045$ & $0.0246333$ & $-0.0224121$ & $-0.00278731$ & $0.174938$ & $0.000989714$ & $-0.88139$ & $-0.865495$ & $0.385005$ & $1$ & $0.185571$ & $-0.13342$ & $-0.543942$ & $-0.411064$ & $-0.418476$ & $-0.243173$ & $0.0360584$ & $0.0426618$ & $-0.990598$ & $-0.991416$ & $-0.971011$ & $-0.0107327$ & $0.299312$ & $-0.00844137$ & $0.571787$ & $-0.306786$ & $-0.313487$ & $0.0265715$ & $-0.0455538$ & $-0.041589$ & $0.00828889$ & $-0.0544296$ & $-0.375583$ & $-0.0255888$ & $0.0383019$ & $0.036929$ & $-0.0314661$ & $-0.00357141$ & $-0.0298685$ & $-0.00624693$ & $-0.00332918$ & $0.0171632$ & $-0.0241488$ & $-0.0125464$ & $0.0488379$ & $0.0335017$ & $0.0110411$ & $-0.025251$ \\
CHbox & $-0.0390048$ & $0.0209514$ & $-0.0688605$ & $0.0309809$ & $-0.0234372$ & $0.0497554$ & $-0.172406$ & $-0.0673654$ & $-0.0510319$ & $0.374595$ & $0.185571$ & $1$ & $0.663554$ & $-0.278748$ & $-0.00204929$ & $0.000821612$ & $-0.251852$ & $-0.220257$ & $-0.223031$ & $-0.169388$ & $-0.188948$ & $-0.178726$ & $0.00559079$ & $-0.097099$ & $-0.218551$ & $0.109032$ & $-0.0762374$ & $-0.0431113$ & $0.0638657$ & $0.307789$ & $0.106666$ & $-0.0711806$ & $0.383863$ & $-0.0584677$ & $0.0669722$ & $0.0266076$ & $-0.0504349$ & $0.0080148$ & $-0.0503684$ & $0.0369966$ & $0.0362283$ & $-0.00353749$ & $0.0318033$ & $-0.000312629$ & $-0.0294823$ & $-0.0125125$ & $-0.0414395$ & $0.0381477$ & $-0.0266741$ \\
CH & $-0.0514738$ & $0.0270469$ & $-0.0955364$ & $0.00473919$ & $-0.0381929$ & $-0.00387939$ & $-0.240469$ & $0.281518$ & $0.277051$ & $-0.182476$ & $-0.13342$ & $0.663554$ & $1$ & $-0.204205$ & $0.0630757$ & $0.0869919$ & $-0.291526$ & $-0.314823$ & $-0.335524$ & $0.132519$ & $0.138694$ & $0.14689$ & $0.0308296$ & $-0.321892$ & $-0.316852$ & $-0.0766393$ & $0.101174$ & $0.0360119$ & $0.0476438$ & $0.268525$ & $0.118723$ & $-0.174163$ & $0.346502$ & $0.173808$ & $0.0213759$ & $-0.0207206$ & $-0.108321$ & $0.0510069$ & $-0.0106537$ & $0.0152548$ & $0.0521135$ & $0.0226838$ & $-0.0463233$ & $0.0654355$ & $0.00445878$ & $-0.0596953$ & $-0.069693$ & $0.061996$ & $-0.0155812$ \\
CHL1_11 & $0.0511089$ & $-0.00196984$ & $0.00786727$ & $0.0367597$ & $-0.00546571$ & $0.00354709$ & $0.052355$ & $0.137802$ & $0.128424$ & $0.175331$ & $-0.543942$ & $-0.278748$ & $-0.204205$ & $1$ & $0.274332$ & $0.287552$ & $0.667927$ & $0.59402$ & $0.592902$ & $0.561142$ & $0.505986$ & $0.49059$ & $-0.096041$ & $0.451293$ & $0.601413$ & $-0.288545$ & $-0.0834352$ & $0.1633$ & $-0.0217922$ & $-0.0539556$ & $-0.0223317$ & $0.019377$ & $-0.0620832$ & $-0.177428$ & $-0.00440254$ & $0.0146007$ & $0.0254314$ & $-0.00882825$ & $0.000744945$ & $0.0355251$ & $-0.0526293$ & $-0.0168518$ & $0.0307602$ & $0.00473251$ & $0.012403$ & $0.00724666$ & $-0.0266504$ & $-0.026415$ & $0.0204014$ \\
CHL1_22 & $0.0204444$ & $-0.0166055$ & $-0.0319482$ & $-0.0355301$ & $-0.0197202$ & $-0.0910388$ & $-0.0117993$ & $0.292553$ & $0.294408$ & $-0.119887$ & $-0.411064$ & $-0.00204929$ & $0.0630757$ & $0.274332$ & $1$ & $0.452601$ & $0.169898$ & $-0.449454$ & $-0.0300007$ & $0.475058$ & $0.326606$ & $0.315495$ & $-0.1582$ & $0.107188$ & $-0.131614$ & $-0.208676$ & $-0.394687$ & $0.0749047$ & $-0.00308741$ & $0.0556029$ & $0.0297794$ & $-0.0112493$ & $0.0429606$ & $-0.597286$ & $-0.0288163$ & $-0.0660877$ & $-0.053721$ & $0.0205771$ & $0.0482791$ & $0.0536021$ & $0.0750025$ & $0.00460468$ & $-0.00918196$ & $0.0309628$ & $-0.0373718$ & $0.0032212$ & $0.0458822$ & $0.0744558$ & $-0.0168217$ \\
CHL1_33 & $0.0556458$ & $0.00721452$ & $0.00228767$ & $0.00546603$ & $-0.0152171$ & $-0.0965159$ & $-0.00821843$ & $0.288896$ & $0.291331$ & $-0.132122$ & $-0.418476$ & $0.000821612$ & $0.0869919$ & $0.287552$ & $0.452601$ & $1$ & $0.19075$ & $-0.0077018$ & $-0.413886$ & $0.48389$ & $0.337596$ & $0.359018$ & $-0.191585$ & $0.117736$ & $-0.106692$ & $-0.187961$ & $-0.386316$ & $0.110027$ & $-0.0132096$ & $0.0469357$ & $0.0483388$ & $-0.015697$ & $0.0332031$ & $-0.111054$ & $0.0034738$ & $-0.00946407$ & $-0.0370369$ & $0.0329286$ & $-0.00413026$ & $0.0617346$ & $0.0247105$ & $0.0082193$ & $0.0237728$ & $0.0341094$ & $-0.0201316$ & $-0.033684$ & $0.0198007$ & $-0.0121293$ & $-0.0449377$ \\
CHL3_11 & $0.0109775$ & $0.0107285$ & $0.0299127$ & $0.0388203$ & $-0.00415387$ & $-0.274862$ & $0.0671753$ & $-0.210091$ & $-0.214325$ & $0.404355$ & $-0.243173$ & $-0.251852$ & $-0.291526$ & $0.667927$ & $0.169898$ & $0.19075$ & $1$ & $0.733676$ & $0.732228$ & $0.265673$ & $0.211406$ & $0.201719$ & $-0.10593$ & $0.673406$ & $0.776565$ & $-0.113051$ & $-0.17124$ & $0.055894$ & $-0.0235176$ & $-0.0941939$ & $-0.0295586$ & $0.0266918$ & $-0.108673$ & $-0.23125$ & $-0.0263468$ & $0.014922$ & $0.0645947$ & $-0.0232277$ & $0.0252514$ & $0.0282899$ & $-0.0618271$ & $-0.0460255$ & $0.0194483$ & $-0.0166148$ & $0.00166526$ & $0.0400267$ & $-0.020571$ & $-0.00877125$ & $0.0218489$ \\
CHL3_22 & $0.020007$ & $0.00745399$ & $0.0492714$ & $0.0532621$ & $0.000602183$ & $-0.0630096$ & $0.0686118$ & $-0.401637$ & $-0.405257$ & $0.451741$ & $0.0360584$ & $-0.220257$ & $-0.314823$ & $0.59402$ & $-0.449454$ & $-0.0077018$ & $0.733676$ & $1$ & $0.669664$ & $-0.0382792$ & $-0.0286211$ & $-0.0271736$ & $-0.0333283$ & $0.612085$ & $0.793382$ & $0.0353634$ & $-0.00820025$ & $0.00451902$ & $-0.017911$ & $-0.112805$ & $-0.0472454$ & $0.0323766$ & $-0.120612$ & $0.064539$ & $-0.00531861$ & $0.0699108$ & $0.084445$ & $-0.0356394$ & $-0.0226716$ & $-0.00312833$ & $-0.108154$ & $-0.0387856$ & $0.0444683$ & $-0.0286712$ & $0.0229839$ & $0.0291754$ & $-0.0393292$ & $-0.0666181$ & $0.0175858$ \\
CHL3_33 & $-0.0136377$ & $-0.0099873$ & $0.0167237$ & $0.0298328$ & $-0.00149722$ & $-0.0640045$ & $0.0722582$ & $-0.405998$ & $-0.410126$ & $0.472024$ & $0.0426618$ & $-0.223031$ & $-0.335524$ & $0.592902$ & $-0.0300007$ & $-0.413886$ & $0.732228$ & $0.669664$ & $1$ & $-0.046097$ & $-0.0358353$ & $-0.0385354$ & $-0.00498575$ & $0.615482$ & $0.795108$ & $0.0196038$ & $-0.00621608$ & $-0.0208358$ & $-0.00562694$ & $-0.108066$ & $-0.063561$ & $0.0423222$ & $-0.113037$ & $-0.316618$ & $-0.0245352$ & $0.0206051$ & $0.0738267$ & $-0.0435073$ & $0.0232756$ & $0.000194089$ & $-0.0640798$ & $-0.0387323$ & $0.0110916$ & $-0.0226391$ & $0.0038772$ & $0.0609185$ & $-0.0296906$ & $0.013999$ & $0.0398183$ \\
CHe_11 & $0.042412$ & $0.0203096$ & $-0.0224321$ & $0.0220148$ & $0.00675658$ & $-0.176503$ & $-0.0015723$ & $0.853007$ & $0.838774$ & $-0.371349$ & $-0.990598$ & $-0.169388$ & $0.132519$ & $0.561142$ & $0.475058$ & $0.48389$ & $0.265673$ & $-0.0382792$ & $-0.046097$ & $1$ & $0.973049$ & $0.953876$ & $-0.0189636$ & $-0.246117$ & $0.0135496$ & $-0.559984$ & $0.230452$ & $0.302832$ & $-0.024981$ & $0.0505428$ & $0.0436927$ & $-0.00796952$ & $0.058905$ & $0.297489$ & $0.0221804$ & $-0.0328181$ & $-0.0436723$ & $0.0282103$ & $-0.00223663$ & $0.0354328$ & $0.00556777$ & $0.00068915$ & $-0.0130936$ & $0.0258428$ & $0.00968952$ & $-0.0533295$ & $-0.0302718$ & $-0.00674952$ & $0.0216237$ \\
CHe_22 & $0.0300303$ & $0.0291037$ & $-0.0212336$ & $0.0289668$ & $0.0157142$ & $-0.174735$ & $-0.00265025$ & $0.898397$ & $0.881182$ & $-0.400301$ & $-0.991416$ & $-0.188948$ & $0.138694$ & $0.505986$ & $0.326606$ & $0.337596$ & $0.211406$ & $-0.0286211$ & $-0.0358353$ & $0.973049$ & $1$ & $0.976372$ & $0.0379351$ & $-0.353134$ & $0.00550016$ & $-0.571741$ & $0.389242$ & $0.316401$ & $-0.0259193$ & $0.0426793$ & $0.0389837$ & $-0.00886004$ & $0.0551958$ & $0.461244$ & $0.0299256$ & $-0.0362557$ & $-0.0363388$ & $0.0269657$ & $-0.00173766$ & $0.0253712$ & $-0.0025387$ & $0.00228149$ & $-0.025365$ & $0.0208196$ & $0.0201107$ & $-0.0538838$ & $-0.0457786$ & $-0.0149082$ & $0.0342976$ \\
CHe_33 & $0.0253907$ & $0.0279509$ & $-0.0223513$ & $0.0252783$ & $0.0171287$ & $-0.172221$ & $-0.00144192$ & $0.882708$ & $0.866229$ & $-0.397766$ & $-0.971011$ & $-0.178726$ & $0.14689$ & $0.49059$ & $0.315495$ & $0.359018$ & $0.201719$ & $-0.0271736$ & $-0.0385354$ & $0.953876$ & $0.976372$ & $1$ & $0.0438554$ & $-0.34792$ & $0.00296064$ & $-0.566598$ & $0.383198$ & $0.310781$ & $-0.0211031$ & $0.0456014$ & $0.0389701$ & $-0.00772662$ & $0.0595574$ & $0.460402$ & $0.0302379$ & $-0.0453523$ & $-0.0372202$ & $0.0215644$ & $0.00503109$ & $0.0261237$ & $0.00543304$ & $0.00181536$ & $-0.0303483$ & $0.0233527$ & $0.019242$ & $-0.0474935$ & $-0.0452203$ & $-0.00941395$ & $0.0281213$ \\
CHQ1_11 & $0.020092$ & $-0.00970714$ & $0.0336887$ & $0.000846778$ & $0.00351867$ & $-0.00362316$ & $0.011626$ & $0.0813067$ & $0.0812422$ & $-0.0544211$ & $-0.0107327$ & $0.00559079$ & $0.0308296$ & $-0.096041$ & $-0.1582$ & $-0.191585$ & $-0.10593$ & $-0.0333283$ & $-0.00498575$ & $-0.0189636$ & $0.0379351$ & $0.0438554$ & $1$ & $-0.164522$ & $0.0340094$ & $-0.678795$ & $0.333191$ & $0.000791616$ & $-0.00122836$ & $-0.0150888$ & $0.00624672$ & $0.0174167$ & $0.00956389$ & $0.198789$ & $0.0215085$ & $0.0164244$ & $0.00884069$ & $0.0246624$ & $0.0136686$ & $-0.0176481$ & $-0.0482229$ & $-0.00969922$ & $-0.020152$ & $-0.015304$ & $-0.0217937$ & $0.0261126$ & $0.0124896$ & $-0.000394783$ & $0.00974637$ \\
CHQ1_33 & $-0.0230348$ & $-0.0024363$ & $0.0360906$ & $0.0253121$ & $-0.0237465$ & $-0.0224804$ & $0.0569885$ & $-0.664587$ & $-0.657984$ & $0.558821$ & $0.299312$ & $-0.097099$ & $-0.321892$ & $0.451293$ & $0.107188$ & $0.117736$ & $0.673406$ & $0.612085$ & $0.615482$ & $-0.246117$ & $-0.353134$ & $-0.34792$ & $-0.164522$ & $1$ & $0.63438$ & $0.206799$ & $-0.439712$ & $-0.0226483$ & $-0.000193579$ & $-0.0925377$ & $-0.0561299$ & $0.0262512$ & $-0.114273$ & $-0.619869$ & $-0.0201259$ & $0.0355122$ & $0.0545305$ & $-0.0284204$ & $0.00937877$ & $0.0152961$ & $-0.0443436$ & $-0.0211157$ & $0.0265486$ & $-0.015414$ & $-0.00932302$ & $0.0422924$ & $-0.0064075$ & $0.0123044$ & $0.00132043$ \\
CHQ3_11 & $-0.0466238$ & $-0.00779505$ & $0.0353844$ & $0.0331793$ & $0.000474891$ & $-0.110029$ & $0.0760775$ & $-0.371047$ & $-0.375021$ & $0.45437$ & $-0.00844137$ & $-0.218551$ & $-0.316852$ & $0.601413$ & $-0.131614$ & $-0.106692$ & $0.776565$ & $0.793382$ & $0.795108$ & $0.0135496$ & $0.00550016$ & $0.00296064$ & $0.0340094$ & $0.63438$ & $1$ & $0.0135639$ & $0.195736$ & $0.00058301$ & $-0.015278$ & $-0.11696$ & $-0.0539944$ & $0.041684$ & $-0.115625$ & $-0.174886$ & $-0.0144048$ & $0.0553337$ & $0.0872955$ & $-0.0417793$ & $0.0310289$ & $0.0033732$ & $-0.0956827$ & $-0.0412995$ & $0.0193914$ & $-0.0401441$ & $0.00803305$ & $0.0404835$ & $-0.0396884$ & $-0.0400258$ & $0.0282929$ \\
CHu_11 & $-0.0792678$ & $0.0137084$ & $-0.00935103$ & $-0.001391$ & $-0.00671769$ & $0.0925487$ & $-0.0217566$ & $-0.521128$ & $-0.514456$ & $0.228194$ & $0.571787$ & $0.109032$ & $-0.0766393$ & $-0.288545$ & $-0.208676$ & $-0.187961$ & $-0.113051$ & $0.0353634$ & $0.0196038$ & $-0.559984$ & $-0.571741$ & $-0.566598$ & $-0.678795$ & $0.206799$ & $0.0135639$ & $1$ & $-0.190809$ & $-0.155041$ & $0.0251362$ & $-0.0128604$ & $-0.0195822$ & $-0.0168538$ & $-0.0283887$ & $-0.251458$ & $-0.0287124$ & $0.00729467$ & $0.0413265$ & $-0.03899$ & $-0.00375641$ & $-0.00416122$ & $0.0133348$ & $0.00431254$ & $0.0126161$ & $-0.00437473$ & $0.0111082$ & $0.0190701$ & $-0.00486291$ & $0.0118361$ & $-0.00686533$ \\
CHd_11 & $-0.0258005$ & $0.0250282$ & $-0.0207472$ & $0.0304195$ & $0.0337948$ & $-0.0633095$ & $0.00435394$ & $0.446437$ & $0.43408$ & $-0.256965$ & $-0.306786$ & $-0.0762374$ & $0.101174$ & $-0.0834352$ & $-0.394687$ & $-0.386316$ & $-0.17124$ & $-0.00820025$ & $-0.00621608$ & $0.230452$ & $0.389242$ & $0.383198$ & $0.333191$ & $-0.439712$ & $0.195736$ & $-0.190809$ & $1$ & $0.125612$ & $-0.00381184$ & $-0.00563705$ & $0.00250726$ & $0.00975664$ & $0.0268812$ & $0.69676$ & $0.0357062$ & $-0.00170869$ & $0.0189238$ & $0.00596578$ & $-0.00311601$ & $-0.0318607$ & $-0.0449255$ & $0.0101539$ & $-0.041732$ & $-0.0119303$ & $0.0263421$ & $-0.028316$ & $-0.0545893$ & $-0.0421521$ & $0.0432578$ \\
CHd_33 & $-0.00800232$ & $-0.0302551$ & $0.0355326$ & $-0.00982247$ & $-0.00494105$ & $-0.0518829$ & $-0.00762934$ & $0.288962$ & $0.275581$ & $-0.105842$ & $-0.313487$ & $-0.0431113$ & $0.0360119$ & $0.1633$ & $0.0749047$ & $0.110027$ & $0.055894$ & $0.00451902$ & $-0.0208358$ & $0.302832$ & $0.316401$ & $0.310781$ & $0.000791616$ & $-0.0226483$ & $0.00058301$ & $-0.155041$ & $0.125612$ & $1$ & $-0.0286798$ & $0.00809522$ & $0.0307003$ & $-0.0119013$ & $-0.00336365$ & $0.172273$ & $-0.00695206$ & $0.0097592$ & $0.0202021$ & $-9.84414e-05$ & $0.0154753$ & $0.0138485$ & $-0.00161608$ & $-0.00641212$ & $0.00786485$ & $-0.0452109$ & $0.00923884$ & $0.00114561$ & $0.0159956$ & $-0.061782$ & $-0.0335627$ \\
CeH_22r & $-0.00258505$ & $0.0218714$ & $-0.0664328$ & $0.0259565$ & $0.00272673$ & $-0.00605033$ & $0.0401724$ & $-0.0166696$ & $-0.00504296$ & $0.00518036$ & $0.0265715$ & $0.0638657$ & $0.0476438$ & $-0.0217922$ & $-0.00308741$ & $-0.0132096$ & $-0.0235176$ & $-0.017911$ & $-0.00562694$ & $-0.024981$ & $-0.0259193$ & $-0.0211031$ & $-0.00122836$ & $-0.000193579$ & $-0.015278$ & $0.0251362$ & $-0.00381184$ & $-0.0286798$ & $1$ & $0.0272486$ & $0.0302706$ & $0.0326456$ & $0.0712389$ & $-0.0135377$ & $0.0167302$ & $-0.0517029$ & $0.0104387$ & $0.0173511$ & $0.00872782$ & $0.0153984$ & $0.0530292$ & $-0.00188026$ & $-0.0196447$ & $0.0520733$ & $-0.00429552$ & $0.00949678$ & $0.00219981$ & $0.0294424$ & $0.0259713$ \\
CeH_33r & $0.00374073$ & $0.030345$ & $-0.0693446$ & $-0.0687381$ & $-0.0245353$ & $0.00871285$ & $-0.0932838$ & $0.0875894$ & $0.109364$ & $-0.126047$ & $-0.0455538$ & $0.307789$ & $0.268525$ & $-0.0539556$ & $0.0556029$ & $0.0469357$ & $-0.0941939$ & $-0.112805$ & $-0.108066$ & $0.0505428$ & $0.0426793$ & $0.0456014$ & $-0.0150888$ & $-0.0925377$ & $-0.11696$ & $-0.0128604$ & $-0.00563705$ & $0.00809522$ & $0.0272486$ & $1$ & $0.324287$ & $0.0623929$ & $0.696864$ & $0.0220607$ & $-0.0256403$ & $-0.00228848$ & $-0.111862$ & $-0.017823$ & $-0.0023446$ & $0.00293865$ & $0.0780295$ & $-0.00390377$ & $0.0374557$ & $0.0462139$ & $0.0728444$ & $-0.0292055$ & $0.0484214$ & $-0.00186756$ & $0.0131507$ \\
CuH_22r & $0.085653$ & $-0.0377313$ & $-0.00689795$ & $-0.137084$ & $-0.00752348$ & $0.000258272$ & $-0.0593$ & $0.0582554$ & $0.0729628$ & $-0.0650288$ & $-0.041589$ & $0.106666$ & $0.118723$ & $-0.0223317$ & $0.0297794$ & $0.0483388$ & $-0.0295586$ & $-0.0472454$ & $-0.063561$ & $0.0436927$ & $0.0389837$ & $0.0389701$ & $0.00624672$ & $-0.0561299$ & $-0.0539944$ & $-0.0195822$ & $0.00250726$ & $0.0307003$ & $0.0302706$ & $0.324287$ & $1$ & $0.0339259$ & $0.384443$ & $0.0250102$ & $-0.151233$ & $-0.0275603$ & $-0.0742018$ & $-0.00391511$ & $0.0299511$ & $0.036245$ & $0.0721368$ & $-0.020419$ & $0.0682521$ & $-0.0324508$ & $0.00707666$ & $0.0640972$ & $0.228702$ & $-0.0378603$ & $-0.0696904$ \\
CuH_33r & $0.0394226$ & $-0.0906948$ & $-0.0202848$ & $0.0439674$ & $-0.00635282$ & $-0.00851583$ & $0.934855$ & $-0.0219233$ & $0.0137332$ & $0.0430363$ & $0.00828889$ & $-0.0711806$ & $-0.174163$ & $0.019377$ & $-0.0112493$ & $-0.015697$ & $0.0266918$ & $0.0323766$ & $0.0423222$ & $-0.00796952$ & $-0.00886004$ & $-0.00772662$ & $0.0174167$ & $0.0262512$ & $0.041684$ & $-0.0168538$ & $0.00975664$ & $-0.0119013$ & $0.0326456$ & $0.0623929$ & $0.0339259$ & $1$ & $0.0717702$ & $-0.0129711$ & $0.0873709$ & $0.074342$ & $0.152795$ & $-0.0663954$ & $-0.0190965$ & $-0.0389322$ & $0.0379165$ & $0.0316697$ & $0.00183547$ & $0.0154233$ & $-0.0151277$ & $-0.0103884$ & $0.0790491$ & $-0.085639$ & $0.141305$ \\
CdH_33r & $-0.00999912$ & $0.0605048$ & $-0.119073$ & $-0.0152609$ & $-2.4031e-05$ & $0.0210257$ & $-0.130989$ & $0.103881$ & $0.11955$ & $-0.15755$ & $-0.0544296$ & $0.383863$ & $0.346502$ & $-0.0620832$ & $0.0429606$ & $0.0332031$ & $-0.108673$ & $-0.120612$ & $-0.113037$ & $0.058905$ & $0.0551958$ & $0.0595574$ & $0.00956389$ & $-0.114273$ & $-0.115625$ & $-0.0283887$ & $0.0268812$ & $-0.00336365$ & $0.0712389$ & $0.696864$ & $0.384443$ & $0.0717702$ & $1$ & $0.042547$ & $-0.0303185$ & $-0.0849566$ & $-0.169049$ & $-0.0344605$ & $-0.0295791$ & $-0.00367834$ & $0.0782716$ & $-0.0232648$ & $-0.143828$ & $0.0898109$ & $0.0427735$ & $-0.077968$ & $-0.0266573$ & $0.194507$ & $0.281133$ \\
CLL_1221 & $-0.00995569$ & $0.0484631$ & $0.0015979$ & $0.0403588$ & $0.0302326$ & $-0.0933574$ & $-0.0188451$ & $0.564493$ & $0.551232$ & $-0.362799$ & $-0.375583$ & $-0.0584677$ & $0.173808$ & $-0.177428$ & $-0.597286$ & $-0.111054$ & $-0.23125$ & $0.064539$ & $-0.316618$ & $0.297489$ & $0.461244$ & $0.460402$ & $0.198789$ & $-0.619869$ & $-0.174886$ & $-0.251458$ & $0.69676$ & $0.172273$ & $-0.0135377$ & $0.0220607$ & $0.0250102$ & $-0.0129711$ & $0.042547$ & $1$ & $0.050784$ & $0.00928558$ & $-0.0030608$ & $0.0202616$ & $-0.0405923$ & $-0.035372$ & $-0.0358623$ & $0.00678341$ & $-0.0303497$ & $-0.00611019$ & $0.0475047$ & $-0.0592094$ & $-0.064558$ & $-0.0700308$ & $0.0312739$ \\
eHggint & $-0.170325$ & $0.0754568$ & $-0.271234$ & $0.382242$ & $0.00503449$ & $-0.0273614$ & $0.0398681$ & $0.0370907$ & $0.022873$ & $0.0318629$ & $-0.0255888$ & $0.0669722$ & $0.0213759$ & $-0.00440254$ & $-0.0288163$ & $0.0034738$ & $-0.0263468$ & $-0.00531861$ & $-0.0245352$ & $0.0221804$ & $0.0299256$ & $0.0302379$ & $0.0215085$ & $-0.0201259$ & $-0.0144048$ & $-0.0287124$ & $0.0357062$ & $-0.00695206$ & $0.0167302$ & $-0.0256403$ & $-0.151233$ & $0.0873709$ & $-0.0303185$ & $0.050784$ & $1$ & $0.117292$ & $0.0501352$ & $0.0753045$ & $-0.0145131$ & $-0.0645703$ & $0.041559$ & $0.0878344$ & $-0.107633$ & $0.176683$ & $-0.12316$ & $-0.195607$ & $-0.556991$ & $0.0527594$ & $-0.0153674$ \\
eHggpar & $-0.141384$ & $-0.0136185$ & $-0.0624142$ & $0.0759268$ & $0.0150288$ & $0.0236858$ & $0.0413767$ & $-0.0494019$ & $-0.0462716$ & $0.0765745$ & $0.0383019$ & $0.0266076$ & $-0.0207206$ & $0.0146007$ & $-0.0660877$ & $-0.00946407$ & $0.014922$ & $0.0699108$ & $0.0206051$ & $-0.0328181$ & $-0.0362557$ & $-0.0453523$ & $0.0164244$ & $0.0355122$ & $0.0553337$ & $0.00729467$ & $-0.00170869$ & $0.0097592$ & $-0.0517029$ & $-0.00228848$ & $-0.0275603$ & $0.074342$ & $-0.0849566$ & $0.00928558$ & $0.117292$ & $1$ & $-0.0702672$ & $-0.00200183$ & $-0.326424$ & $-0.0414868$ & $-0.399161$ & $0.0264414$ & $0.297044$ & $-0.179509$ & $0.101242$ & $-0.319267$ & $-0.126945$ & $-0.281128$ & $-0.21146$ \\
eHWWint & $-0.0537139$ & $-0.15371$ & $0.17655$ & $0.348839$ & $0.00541208$ & $-0.00206534$ & $0.172235$ & $-0.0627263$ & $-0.0598586$ & $0.0684017$ & $0.036929$ & $-0.0504349$ & $-0.108321$ & $0.0254314$ & $-0.053721$ & $-0.0370369$ & $0.0645947$ & $0.084445$ & $0.0738267$ & $-0.0436723$ & $-0.0363388$ & $-0.0372202$ & $0.00884069$ & $0.0545305$ & $0.0872955$ & $0.0413265$ & $0.0189238$ & $0.0202021$ & $0.0104387$ & $-0.111862$ & $-0.0742018$ & $0.152795$ & $-0.169049$ & $-0.0030608$ & $0.0501352$ & $-0.0702672$ & $1$ & $-0.0711459$ & $0.158428$ & $-0.0423016$ & $-0.282409$ & $-0.011012$ & $-0.0695987$ & $-0.0150225$ & $-0.265918$ & $0.349242$ & $-0.162364$ & $-0.133314$ & $-0.138363$ \\
eHWWpar & $0.00933832$ & $-0.0193741$ & $-0.0629488$ & $0.0078494$ & $-0.0261762$ & $-0.0155109$ & $-0.0704573$ & $0.0432896$ & $0.0433659$ & $-0.0412553$ & $-0.0314661$ & $0.0080148$ & $0.0510069$ & $-0.00882825$ & $0.0205771$ & $0.0329286$ & $-0.0232277$ & $-0.0356394$ & $-0.0435073$ & $0.0282103$ & $0.0269657$ & $0.0215644$ & $0.0246624$ & $-0.0284204$ & $-0.0417793$ & $-0.03899$ & $0.00596578$ & $-9.84414e-05$ & $0.0173511$ & $-0.017823$ & $-0.00391511$ & $-0.0663954$ & $-0.0344605$ & $0.0202616$ & $0.0753045$ & $-0.00200183$ & $-0.0711459$ & $1$ & $0.0421565$ & $-0.0122726$ & $0.0614486$ & $0.0240698$ & $0.0218562$ & $-0.0362213$ & $-0.0490654$ & $-0.0844224$ & $-0.00230338$ & $-0.0518609$ & $-0.0678231$ \\
eHZZint & $-0.2187$ & $-0.219056$ & $0.148357$ & $-0.300107$ & $-0.0245785$ & $-0.0366693$ & $-0.0131923$ & $-0.00191533$ & $-0.00423625$ & $-0.0566565$ & $-0.00357141$ & $-0.0503684$ & $-0.0106537$ & $0.000744945$ & $0.0482791$ & $-0.00413026$ & $0.0252514$ & $-0.0226716$ & $0.0232756$ & $-0.00223663$ & $-0.00173766$ & $0.00503109$ & $0.0136686$ & $0.00937877$ & $0.0310289$ & $-0.00375641$ & $-0.00311601$ & $0.0154753$ & $0.00872782$ & $-0.0023446$ & $0.0299511$ & $-0.0190965$ & $-0.0295791$ & $-0.0405923$ & $-0.0145131$ & $-0.326424$ & $0.158428$ & $0.0421565$ & $1$ & $-0.0397417$ & $0.357594$ & $-0.0025618$ & $-0.155691$ & $0.0441068$ & $-0.127471$ & $0.392156$ & $0.0453361$ & $0.0454464$ & $-0.119373$ \\
eHZZpar & $0.10995$ & $-0.0135987$ & $-0.00102059$ & $-0.0165141$ & $0.0365475$ & $-0.0412847$ & $-0.0291188$ & $0.0131033$ & $0.0212819$ & $0.0184871$ & $-0.0298685$ & $0.0369966$ & $0.0152548$ & $0.0355251$ & $0.0536021$ & $0.0617346$ & $0.0282899$ & $-0.00312833$ & $0.000194089$ & $0.0354328$ & $0.0253712$ & $0.0261237$ & $-0.0176481$ & $0.0152961$ & $0.0033732$ & $-0.00416122$ & $-0.0318607$ & $0.0138485$ & $0.0153984$ & $0.00293865$ & $0.036245$ & $-0.0389322$ & $-0.00367834$ & $-0.035372$ & $-0.0645703$ & $-0.0414868$ & $-0.0423016$ & $-0.0122726$ & $-0.0397417$ & $1$ & $0.00905153$ & $-0.0265258$ & $0.164372$ & $-0.0760111$ & $-0.0606735$ & $0.0246253$ & $0.137236$ & $-0.0330076$ & $-0.0544364$ \\
eHZgaint & $0.0194303$ & $-0.149134$ & $-0.236921$ & $-0.287286$ & $-0.00758298$ & $-0.000316669$ & $0.0326979$ & $0.0367222$ & $0.047073$ & $-0.0540143$ & $-0.00624693$ & $0.0362283$ & $0.0521135$ & $-0.0526293$ & $0.0750025$ & $0.0247105$ & $-0.0618271$ & $-0.108154$ & $-0.0640798$ & $0.00556777$ & $-0.0025387$ & $0.00543304$ & $-0.0482229$ & $-0.0443436$ & $-0.0956827$ & $0.0133348$ & $-0.0449255$ & $-0.00161608$ & $0.0530292$ & $0.0780295$ & $0.0721368$ & $0.0379165$ & $0.0782716$ & $-0.0358623$ & $0.041559$ & $-0.399161$ & $-0.282409$ & $0.0614486$ & $0.357594$ & $0.00905153$ & $1$ & $0.0449967$ & $-0.0361986$ & $0.210755$ & $0.0856855$ & $-0.0543359$ & $0.156499$ & $0.207057$ & $-0.0893098$ \\
eHZgapar & $0.050097$ & $-0.0253289$ & $-0.0347738$ & $0.0378227$ & $0.0146638$ & $0.0328101$ & $0.0257538$ & $0.0220082$ & $0.0228728$ & $-0.0362684$ & $-0.00332918$ & $-0.00353749$ & $0.0226838$ & $-0.0168518$ & $0.00460468$ & $0.0082193$ & $-0.0460255$ & $-0.0387856$ & $-0.0387323$ & $0.00068915$ & $0.00228149$ & $0.00181536$ & $-0.00969922$ & $-0.0211157$ & $-0.0412995$ & $0.00431254$ & $0.0101539$ & $-0.00641212$ & $-0.00188026$ & $-0.00390377$ & $-0.020419$ & $0.0316697$ & $-0.0232648$ & $0.00678341$ & $0.0878344$ & $0.0264414$ & $-0.011012$ & $0.0240698$ & $-0.0025618$ & $-0.0265258$ & $0.0449967$ & $1$ & $-0.00957491$ & $-0.0634115$ & $-0.0913837$ & $-0.0219714$ & $-0.0120606$ & $0.108257$ & $-0.108317$ \\
eHgagaint & $0.185742$ & $-0.242314$ & $-0.0508881$ & $-0.189796$ & $0.000221926$ & $-0.00930715$ & $0.0103887$ & $-0.0338292$ & $0.00516779$ & $0.0803166$ & $0.0171632$ & $0.0318033$ & $-0.0463233$ & $0.0307602$ & $-0.00918196$ & $0.0237728$ & $0.0194483$ & $0.0444683$ & $0.0110916$ & $-0.0130936$ & $-0.025365$ & $-0.0303483$ & $-0.020152$ & $0.0265486$ & $0.0193914$ & $0.0126161$ & $-0.041732$ & $0.00786485$ & $-0.0196447$ & $0.0374557$ & $0.0682521$ & $0.00183547$ & $-0.143828$ & $-0.0303497$ & $-0.107633$ & $0.297044$ & $-0.0695987$ & $0.0218562$ & $-0.155691$ & $0.164372$ & $-0.0361986$ & $-0.00957491$ & $1$ & $-0.336647$ & $0.0777521$ & $0.11628$ & $0.446836$ & $-0.532972$ & $-0.466609$ \\
eHmumuint & $0.144887$ & $0.0953955$ & $-0.482716$ & $-0.0284595$ & $0.0475107$ & $-0.0253723$ & $0.00589617$ & $0.0258205$ & $0.0200795$ & $-0.0531195$ & $-0.0241488$ & $-0.000312629$ & $0.0654355$ & $0.00473251$ & $0.0309628$ & $0.0341094$ & $-0.0166148$ & $-0.0286712$ & $-0.0226391$ & $0.0258428$ & $0.0208196$ & $0.0233527$ & $-0.015304$ & $-0.015414$ & $-0.0401441$ & $-0.00437473$ & $-0.0119303$ & $-0.0452109$ & $0.0520733$ & $0.0462139$ & $-0.0324508$ & $0.0154233$ & $0.0898109$ & $-0.00611019$ & $0.176683$ & $-0.179509$ & $-0.0150225$ & $-0.0362213$ & $0.0441068$ & $-0.0760111$ & $0.210755$ & $-0.0634115$ & $-0.336647$ & $1$ & $0.185764$ & $0.100259$ & $-0.262395$ & $0.328973$ & $0.10136$ \\
eHtautauint & $-0.0754397$ & $0.322335$ & $-0.202755$ & $-0.118214$ & $-0.0471406$ & $0.00535416$ & $-0.0135571$ & $0.0108052$ & $0.0163162$ & $-0.00922768$ & $-0.0125464$ & $-0.0294823$ & $0.00445878$ & $0.012403$ & $-0.0373718$ & $-0.0201316$ & $0.00166526$ & $0.0229839$ & $0.0038772$ & $0.00968952$ & $0.0201107$ & $0.019242$ & $-0.0217937$ & $-0.00932302$ & $0.00803305$ & $0.0111082$ & $0.0263421$ & $0.00923884$ & $-0.00429552$ & $0.0728444$ & $0.00707666$ & $-0.0151277$ & $0.0427735$ & $0.0475047$ & $-0.12316$ & $0.101242$ & $-0.265918$ & $-0.0490654$ & $-0.127471$ & $-0.0606735$ & $0.0856855$ & $-0.0913837$ & $0.0777521$ & $0.185764$ & $1$ & $-0.070557$ & $-0.0908366$ & $-0.23348$ & $0.138546$ \\
eHccint & $0.0862414$ & $-0.168945$ & $-0.00029109$ & $-0.234686$ & $0.0457841$ & $-0.0286322$ & $0.0192755$ & $-0.0675132$ & $-0.0552514$ & $0.0443748$ & $0.0488379$ & $-0.0125125$ & $-0.0596953$ & $0.00724666$ & $0.0032212$ & $-0.033684$ & $0.0400267$ & $0.0291754$ & $0.0609185$ & $-0.0533295$ & $-0.0538838$ & $-0.0474935$ & $0.0261126$ & $0.0422924$ & $0.0404835$ & $0.0190701$ & $-0.028316$ & $0.00114561$ & $0.00949678$ & $-0.0292055$ & $0.0640972$ & $-0.0103884$ & $-0.077968$ & $-0.0592094$ & $-0.195607$ & $-0.319267$ & $0.349242$ & $-0.0844224$ & $0.392156$ & $0.0246253$ & $-0.0543359$ & $-0.0219714$ & $0.11628$ & $0.100259$ & $-0.070557$ & $1$ & $0.290112$ & $0.0815179$ & $-0.20335$ \\
eHccpar & $0.342977$ & $-0.274333$ & $0.131255$ & $-0.462221$ & $0.0140247$ & $-0.000707892$ & $0.0977325$ & $-0.0259668$ & $0.00445272$ & $-0.019372$ & $0.0335017$ & $-0.0414395$ & $-0.069693$ & $-0.0266504$ & $0.0458822$ & $0.0198007$ & $-0.020571$ & $-0.0393292$ & $-0.0296906$ & $-0.0302718$ & $-0.0457786$ & $-0.0452203$ & $0.0124896$ & $-0.0064075$ & $-0.0396884$ & $-0.00486291$ & $-0.0545893$ & $0.0159956$ & $0.00219981$ & $0.0484214$ & $0.228702$ & $0.0790491$ & $-0.0266573$ & $-0.064558$ & $-0.556991$ & $-0.126945$ & $-0.162364$ & $-0.00230338$ & $0.0453361$ & $0.137236$ & $0.156499$ & $-0.0120606$ & $0.446836$ & $-0.262395$ & $-0.0908366$ & $0.290112$ & $1$ & $-0.202819$ & $-0.295179$ \\
eHbbint & $-0.0529774$ & $-0.0804005$ & $-0.183871$ & $0.0344016$ & $0.0653707$ & $-0.0021579$ & $-0.0876149$ & $-0.00482271$ & $-0.0268243$ & $-0.0108811$ & $0.0110411$ & $0.0381477$ & $0.061996$ & $-0.026415$ & $0.0744558$ & $-0.0121293$ & $-0.00877125$ & $-0.0666181$ & $0.013999$ & $-0.00674952$ & $-0.0149082$ & $-0.00941395$ & $-0.000394783$ & $0.0123044$ & $-0.0400258$ & $0.0118361$ & $-0.0421521$ & $-0.061782$ & $0.0294424$ & $-0.00186756$ & $-0.0378603$ & $-0.085639$ & $0.194507$ & $-0.0700308$ & $0.0527594$ & $-0.281128$ & $-0.133314$ & $-0.0518609$ & $0.0454464$ & $-0.0330076$ & $0.207057$ & $0.108257$ & $-0.532972$ & $0.328973$ & $-0.23348$ & $0.0815179$ & $-0.202819$ & $1$ & $0.365127$ \\
eHbbpar & $-0.165381$ & $0.163687$ & $-0.0456215$ & $0.146382$ & $-0.0417021$ & $0.00536133$ & $0.129942$ & $0.0183438$ & $0.00035579$ & $0.00185181$ & $-0.025251$ & $-0.0266741$ & $-0.0155812$ & $0.0204014$ & $-0.0168217$ & $-0.0449377$ & $0.0218489$ & $0.0175858$ & $0.0398183$ & $0.0216237$ & $0.0342976$ & $0.0281213$ & $0.00974637$ & $0.00132043$ & $0.0282929$ & $-0.00686533$ & $0.0432578$ & $-0.0335627$ & $0.0259713$ & $0.0131507$ & $-0.0696904$ & $0.141305$ & $0.281133$ & $0.0312739$ & $-0.0153674$ & $-0.21146$ & $-0.138363$ & $-0.0678231$ & $-0.119373$ & $-0.0544364$ & $-0.0893098$ & $-0.108317$ & $-0.466609$ & $0.10136$ & $0.138546$ & $-0.20335$ & $-0.295179$ & $0.365127$ & $1$ \\
