 & AlsMz & dAle5Mz & mtop & mHl & Mz & CW & CHG & CHWB & CHWHB_gaga & CHWHB_gagaorth & CHD & CHbox & CH & CHL1_11 & CHL1_22 & CHL1_33 & CHL3_11 & CHL3_22 & CHL3_33 & CHe_11 & CHe_22 & CHe_33 & CHQ1_11 & CHQ1_33 & CHQ3_11 & CHu_11 & CHd_11 & CHd_33 & CeH_22r & CeH_33r & CuH_22r & CuH_33r & CdH_33r & CLL_1221 & eHggint & eHggpar & eHWWint & eHWWpar & eHZZint & eHZZpar & eHZgaint & eHZgapar & eHgagaint & eHmumuint & eHtautauint & eHccint & eHccpar & eHbbint & eHbbpar \\
AlsMz & $1$ & $-0.139227$ & $0.114264$ & $-0.0758294$ & $0.0113806$ & $-0.0015539$ & $-0.00881874$ & $0.0345726$ & $0.0241124$ & $-0.00513598$ & $-0.0295479$ & $0.0228985$ & $0.0253243$ & $-0.00704608$ & $-0.0206744$ & $-0.017314$ & $-0.0137372$ & $-0.00458808$ & $-0.00801281$ & $0.0160928$ & $0.0246414$ & $0.0230614$ & $0.00685725$ & $-0.0794497$ & $-0.0916196$ & $-0.0386353$ & $0.0320923$ & $0.0120997$ & $-0.00370315$ & $-0.00185177$ & $0.0342761$ & $0.00255526$ & $-0.00713116$ & $0.0393338$ & $0.146364$ & $0.0720997$ & $0.0566517$ & $-0.0270735$ & $-0.0274502$ & $-0.0165317$ & $-0.103678$ & $-0.00474288$ & $-0.0878693$ & $-0.181911$ & $0.0833381$ & $0.183759$ & $0.129519$ & $-0.0853504$ & $0.0112058$ \\
dAle5Mz & $-0.139227$ & $1$ & $-0.0218649$ & $-0.0024492$ & $-0.00179778$ & $-0.00616041$ & $0.0127444$ & $-0.0433166$ & $-0.0466248$ & $0.0313777$ & $0.0313223$ & $0.0186385$ & $-0.0109628$ & $-0.0182535$ & $-0.0238206$ & $-0.0313393$ & $0.021025$ & $0.0143841$ & $0.020473$ & $-0.0143706$ & $-0.00611283$ & $-0.0062496$ & $0.022972$ & $0.00866637$ & $0.0384985$ & $0.000559475$ & $0.036322$ & $0.00323652$ & $-0.0157587$ & $-0.0379064$ & $0.00626208$ & $0.0110418$ & $-0.0218416$ & $0.0417186$ & $0.0460713$ & $-0.0245979$ & $0.193292$ & $-0.00961321$ & $0.0421704$ & $-0.0170945$ & $-0.0502796$ & $-0.03287$ & $-0.0529941$ & $-0.336824$ & $0.0528816$ & $-0.0662896$ & $0.136887$ & $-0.0104473$ & $0.0433731$ \\
mtop & $0.114264$ & $-0.0218649$ & $1$ & $-0.00710868$ & $0.0232707$ & $-0.000383105$ & $-0.0127415$ & $0.00086148$ & $0.0114276$ & $-0.0180044$ & $0.00769385$ & $-0.00248125$ & $0.0106434$ & $-0.00512409$ & $-0.00365592$ & $0.00484543$ & $-0.00746676$ & $-0.00271515$ & $-0.00805013$ & $-0.00236379$ & $-0.00365882$ & $-0.00120653$ & $0.00968134$ & $-0.00785592$ & $-0.0164252$ & $-0.011467$ & $-0.00381577$ & $-0.0159028$ & $-7.73284e-05$ & $0.0294194$ & $0.0339883$ & $-0.00895789$ & $-0.0353083$ & $0.00331216$ & $-0.0425124$ & $0.0373326$ & $-0.153867$ & $0.0194104$ & $0.0604037$ & $0.0222805$ & $0.139178$ & $0.0174266$ & $0.174794$ & $0.0600856$ & $-0.100091$ & $-0.0412192$ & $0.122431$ & $-0.0654588$ & $-0.132385$ \\
mHl & $-0.0758294$ & $-0.0024492$ & $-0.00710868$ & $1$ & $-0.0119596$ & $0.0206562$ & $-0.0162472$ & $-0.0562977$ & $-0.068399$ & $0.0156353$ & $0.0446203$ & $-0.00186258$ & $-0.021723$ & $0.00802227$ & $0.0296607$ & $0.0350235$ & $0.0105856$ & $0.00653033$ & $0.00242685$ & $-0.0363803$ & $-0.0526572$ & $-0.0500132$ & $-0.0283188$ & $0.0527047$ & $-0.0174039$ & $0.0304879$ & $-0.110243$ & $-0.0274745$ & $0.0129417$ & $0.00438534$ & $-0.0436147$ & $-0.0271395$ & $-0.0912172$ & $-0.0738774$ & $-0.0707655$ & $-0.0484272$ & $0.0327711$ & $0.0344121$ & $0.0463923$ & $-0.00432191$ & $0.297189$ & $0.0459451$ & $-0.217735$ & $-0.12125$ & $0.254311$ & $0.0760243$ & $-0.152401$ & $0.0295888$ & $-0.179154$ \\
Mz & $0.0113806$ & $-0.00179778$ & $0.0232707$ & $-0.0119596$ & $1$ & $0.00289649$ & $0.0121427$ & $-0.0136752$ & $-0.0131475$ & $0.0156436$ & $0.0153685$ & $-0.00044063$ & $-0.00868086$ & $0.0111398$ & $-0.00148509$ & $0.00397175$ & $0.0161617$ & $0.0147145$ & $0.0105303$ & $-0.00643528$ & $-0.00575148$ & $-0.00676817$ & $0.000141134$ & $0.0101819$ & $0.0140644$ & $0.00339187$ & $-0.0061655$ & $-0.00394687$ & $0.000301639$ & $-0.0121358$ & $-0.00386279$ & $0.00862793$ & $-0.014049$ & $-0.00989$ & $0.0066579$ & $-0.00626592$ & $0.00577398$ & $0.00452955$ & $0.00184555$ & $0.00423698$ & $-0.0189462$ & $0.00304191$ & $0.00332091$ & $0.000752483$ & $-0.016811$ & $-0.00598717$ & $0.00518125$ & $0.00019509$ & $-0.0103993$ \\
CW & $-0.0015539$ & $-0.00616041$ & $-0.000383105$ & $0.0206562$ & $0.00289649$ & $1$ & $0.00278807$ & $-0.110236$ & $-0.106848$ & $0.00859967$ & $0.169367$ & $0.0507827$ & $0.00639272$ & $0.0268392$ & $-0.0755272$ & $-0.0735131$ & $-0.257496$ & $-0.0502233$ & $-0.0531494$ & $-0.167031$ & $-0.172415$ & $-0.170705$ & $-0.0138759$ & $0.000204266$ & $-0.0852739$ & $0.0972246$ & $-0.0708579$ & $-0.0498843$ & $0.00559095$ & $-0.000177451$ & $-0.00246008$ & $0.00605295$ & $0.00576142$ & $-0.114256$ & $0.0279757$ & $0.00431442$ & $-0.00505029$ & $0.0197837$ & $-0.00913686$ & $-0.00686546$ & $0.00505788$ & $-0.00614207$ & $-0.00178357$ & $0.00121501$ & $-0.0158634$ & $0.0061378$ & $0.0103198$ & $0.0136697$ & $0.00675232$ \\
CHG & $-0.00881874$ & $0.0127444$ & $-0.0127415$ & $-0.0162472$ & $0.0121427$ & $0.00278807$ & $1$ & $-0.117277$ & $-0.0689451$ & $0.0791942$ & $0.0678895$ & $-0.110688$ & $-0.318681$ & $0.0608316$ & $-0.0227155$ & $-0.0201778$ & $0.0983972$ & $0.108555$ & $0.107909$ & $-0.0649$ & $-0.0715797$ & $-0.0695157$ & $-0.00591392$ & $0.126484$ & $0.103393$ & $0.0344845$ & $-0.0546091$ & $-0.0241378$ & $0.00680219$ & $-0.138599$ & $-0.0826971$ & $0.932717$ & $-0.163141$ & $-0.0755038$ & $-0.0282377$ & $0.00317163$ & $0.0354093$ & $-0.00935495$ & $-0.000417971$ & $-0.00137693$ & $-0.0569997$ & $-0.00461324$ & $-0.0416179$ & $-0.014532$ & $0.0133124$ & $0.0133723$ & $-0.0166033$ & $0.0335367$ & $-0.0088536$ \\
CHWB & $0.0345726$ & $-0.0433166$ & $0.00086148$ & $-0.0562977$ & $-0.0136752$ & $-0.110236$ & $-0.117277$ & $1$ & $0.98488$ & $-0.575742$ & $-0.879697$ & $-0.129602$ & $0.349999$ & $0.0887422$ & $0.307457$ & $0.299765$ & $-0.252745$ & $-0.447902$ & $-0.446006$ & $0.85154$ & $0.896674$ & $0.879825$ & $0.0543585$ & $-0.683631$ & $-0.425794$ & $-0.509631$ & $0.41598$ & $0.298574$ & $0.0202808$ & $0.127497$ & $0.0559671$ & $-0.104722$ & $0.137502$ & $0.561576$ & $-0.0129099$ & $0.00886244$ & $-0.0489315$ & $0.00383749$ & $-0.0401983$ & $0.00590762$ & $-0.0160469$ & $-0.00425603$ & $0.0178654$ & $0.0302306$ & $-0.0223936$ & $-0.0188136$ & $-0.0179045$ & $-0.0196324$ & $0.0167603$ \\
CHWHB_gaga & $0.0241124$ & $-0.0466248$ & $0.0114276$ & $-0.068399$ & $-0.0131475$ & $-0.106848$ & $-0.0689451$ & $0.98488$ & $1$ & $-0.565037$ & $-0.863521$ & $-0.109$ & $0.344181$ & $0.0818441$ & $0.302413$ & $0.293526$ & $-0.25438$ & $-0.445985$ & $-0.44301$ & $0.835946$ & $0.880384$ & $0.864007$ & $0.051559$ & $-0.675816$ & $-0.422134$ & $-0.498112$ & $0.4108$ & $0.293065$ & $0.0263456$ & $0.148433$ & $0.0675918$ & $-0.0652639$ & $0.160004$ & $0.552942$ & $-0.0237969$ & $0.0011852$ & $-0.0669685$ & $0.0010409$ & $-0.0415254$ & $0.00213314$ & $-0.0197484$ & $-0.00334722$ & $0.0766337$ & $0.0458004$ & $-0.0314062$ & $-0.0123527$ & $-0.0158716$ & $-0.0245965$ & $0.0208164$ \\
CHWHB_gagaorth & $-0.00513598$ & $0.0313777$ & $-0.0180044$ & $0.0156353$ & $0.0156436$ & $0.00859967$ & $0.0791942$ & $-0.575742$ & $-0.565037$ & $1$ & $0.365054$ & $0.504237$ & $-0.248917$ & $0.223919$ & $-0.132846$ & $-0.128872$ & $0.431995$ & $0.488624$ & $0.487012$ & $-0.351557$ & $-0.381229$ & $-0.377335$ & $-0.0415351$ & $0.552591$ & $0.483339$ & $0.211271$ & $-0.236326$ & $-0.131056$ & $-0.0132818$ & $-0.143658$ & $-0.0708471$ & $0.0884492$ & $-0.149083$ & $-0.349884$ & $0.0215137$ & $0.000679678$ & $0.046785$ & $-0.00711483$ & $0.0185789$ & $-0.0045838$ & $-0.0382903$ & $-0.00721512$ & $-0.00375883$ & $-0.0309626$ & $-0.000757172$ & $0.0105892$ & $0.0123551$ & $0.0065368$ & $-0.00856493$ \\
CHD & $-0.0295479$ & $0.0313223$ & $0.00769385$ & $0.0446203$ & $0.0153685$ & $0.169367$ & $0.0678895$ & $-0.879697$ & $-0.863521$ & $0.365054$ & $1$ & $0.220754$ & $-0.17268$ & $-0.504936$ & $-0.428125$ & $-0.419093$ & $-0.202596$ & $0.0817253$ & $0.0795632$ & $-0.990607$ & $-0.991243$ & $-0.970135$ & $0.00140959$ & $0.321972$ & $0.0438333$ & $0.564684$ & $-0.284273$ & $-0.330616$ & $-0.00909878$ & $-0.0763453$ & $-0.0316567$ & $0.0696906$ & $-0.0904894$ & $-0.367171$ & $0.0251579$ & $0.00549666$ & $0.0287233$ & $-0.00452056$ & $0.024516$ & $-0.00333874$ & $0.019334$ & $0.00843751$ & $-0.0158786$ & $-0.0282106$ & $0.0219358$ & $0.0042283$ & $0.0271596$ & $0.0226687$ & $-0.0296769$ \\
CHbox & $0.0228985$ & $0.0186385$ & $-0.00248125$ & $-0.00186258$ & $-0.00044063$ & $0.0507827$ & $-0.110688$ & $-0.129602$ & $-0.109$ & $0.504237$ & $0.220754$ & $1$ & $0.346605$ & $-0.23922$ & $-0.0221779$ & $-0.0201791$ & $-0.191916$ & $-0.149115$ & $-0.150463$ & $-0.203144$ & $-0.225581$ & $-0.220088$ & $-0.0124679$ & $-0.0322924$ & $-0.146113$ & $0.12592$ & $-0.0979292$ & $-0.0789802$ & $0.0414194$ & $0.275077$ & $0.0736947$ & $-0.0138171$ & $0.302706$ & $-0.0939749$ & $0.0920811$ & $0.0341822$ & $-0.00147119$ & $-0.0102271$ & $0.00841897$ & $-0.00183448$ & $-0.0342742$ & $0.00262953$ & $-0.00736533$ & $-0.0368509$ & $0.00150138$ & $-0.0207935$ & $0.0194929$ & $0.0189784$ & $-0.0160358$ \\
CH & $0.0253243$ & $-0.0109628$ & $0.0106434$ & $-0.021723$ & $-0.00868086$ & $0.00639272$ & $-0.318681$ & $0.349999$ & $0.344181$ & $-0.248917$ & $-0.17268$ & $0.346605$ & $1$ & $-0.242395$ & $0.0761241$ & $0.0738272$ & $-0.360149$ & $-0.384779$ & $-0.384722$ & $0.168196$ & $0.183364$ & $0.18099$ & $0.0299422$ & $-0.397476$ & $-0.37768$ & $-0.103146$ & $0.139398$ & $0.0579167$ & $0.0465387$ & $0.279376$ & $0.112158$ & $-0.261653$ & $0.319684$ & $0.216134$ & $0.041017$ & $0.0188701$ & $-0.0344063$ & $-0.00129787$ & $-0.0116376$ & $0.00552447$ & $-0.0104224$ & $0.00625972$ & $0.011763$ & $0.0057307$ & $-0.00709573$ & $-0.0214972$ & $0.00690966$ & $0.00535281$ & $0.00243274$ \\
CHL1_11 & $-0.00704608$ & $-0.0182535$ & $-0.00512409$ & $0.00802227$ & $0.0111398$ & $0.0268392$ & $0.0608316$ & $0.0887422$ & $0.0818441$ & $0.223919$ & $-0.504936$ & $-0.23922$ & $-0.242395$ & $1$ & $0.268829$ & $0.267586$ & $0.661503$ & $0.597302$ & $0.594948$ & $0.523585$ & $0.465229$ & $0.449809$ & $-0.087707$ & $0.470698$ & $0.597717$ & $-0.265732$ & $-0.10809$ & $0.154252$ & $-0.0157063$ & $-0.0630989$ & $-0.0342854$ & $0.034625$ & $-0.0517825$ & $-0.217791$ & $-0.0279867$ & $-0.0245292$ & $0.0141312$ & $0.0108779$ & $0.00969383$ & $-0.00418842$ & $-0.00857048$ & $-0.0160734$ & $0.00131919$ & $0.01836$ & $-0.0119016$ & $0.0213516$ & $-0.0263617$ & $-0.0146955$ & $0.0280989$ \\
CHL1_22 & $-0.0206744$ & $-0.0238206$ & $-0.00365592$ & $0.0296607$ & $-0.00148509$ & $-0.0755272$ & $-0.0227155$ & $0.307457$ & $0.302413$ & $-0.132846$ & $-0.428125$ & $-0.0221779$ & $0.0761241$ & $0.268829$ & $1$ & $0.447666$ & $0.154883$ & $-0.452115$ & $-0.039353$ & $0.492094$ & $0.345377$ & $0.336674$ & $-0.180921$ & $0.0916423$ & $-0.137001$ & $-0.193665$ & $-0.39194$ & $0.128002$ & $1.7566e-05$ & $0.0367426$ & $0.0159272$ & $-0.0163843$ & $0.0415363$ & $-0.58485$ & $0.0146024$ & $-0.0193205$ & $0.011861$ & $-0.0133209$ & $0.0590683$ & $0.00907956$ & $-0.00234892$ & $-0.00546207$ & $0.0108129$ & $0.0248925$ & $-0.00770727$ & $0.0225891$ & $-0.0224258$ & $-0.00164329$ & $0.00710672$ \\
CHL1_33 & $-0.017314$ & $-0.0313393$ & $0.00484543$ & $0.0350235$ & $0.00397175$ & $-0.0735131$ & $-0.0201778$ & $0.299765$ & $0.293526$ & $-0.128872$ & $-0.419093$ & $-0.0201791$ & $0.0738272$ & $0.267586$ & $0.447666$ & $1$ & $0.153202$ & $-0.0335911$ & $-0.435579$ & $0.482008$ & $0.338794$ & $0.357049$ & $-0.18961$ & $0.0957751$ & $-0.134803$ & $-0.182551$ & $-0.389824$ & $0.120852$ & $0.00642692$ & $0.0350819$ & $0.0153297$ & $-0.0125871$ & $0.0450192$ & $-0.0975678$ & $0.0304721$ & $-0.0156714$ & $0.00937973$ & $-0.00270284$ & $0.047687$ & $0.00680348$ & $0.00638838$ & $-0.00334608$ & $-0.00352851$ & $0.0336285$ & $0.000215865$ & $0.00899883$ & $-0.0145496$ & $-0.00166432$ & $0.0134071$ \\
CHL3_11 & $-0.0137372$ & $0.021025$ & $-0.00746676$ & $0.0105856$ & $0.0161617$ & $-0.257496$ & $0.0983972$ & $-0.252745$ & $-0.25438$ & $0.431995$ & $-0.202596$ & $-0.191916$ & $-0.360149$ & $0.661503$ & $0.154883$ & $0.153202$ & $1$ & $0.739795$ & $0.741424$ & $0.224675$ & $0.170791$ & $0.163343$ & $-0.0721445$ & $0.678836$ & $0.783484$ & $-0.100429$ & $-0.16516$ & $0.0566919$ & $-0.0221347$ & $-0.104778$ & $-0.0483016$ & $0.0685202$ & $-0.0999071$ & $-0.254496$ & $-0.0377592$ & $-0.0268183$ & $0.0351216$ & $-0.00432097$ & $0.0235488$ & $-0.00445022$ & $-0.00476472$ & $-0.000247327$ & $0.00526353$ & $-0.00335721$ & $-0.00192939$ & $0.0217987$ & $-0.0165103$ & $-0.00398924$ & $0.020494$ \\
CHL3_22 & $-0.00458808$ & $0.0143841$ & $-0.00271515$ & $0.00653033$ & $0.0147145$ & $-0.0502233$ & $0.108555$ & $-0.447902$ & $-0.445985$ & $0.488624$ & $0.0817253$ & $-0.149115$ & $-0.384779$ & $0.597302$ & $-0.452115$ & $-0.0335911$ & $0.739795$ & $1$ & $0.682557$ & $-0.0836882$ & $-0.076675$ & $-0.0759798$ & $0.00731578$ & $0.630407$ & $0.799668$ & $0.039601$ & $-0.0132974$ & $-0.0334139$ & $-0.0201272$ & $-0.120545$ & $-0.0575966$ & $0.0778259$ & $-0.117124$ & $0.0240538$ & $-0.03249$ & $-0.0136466$ & $0.0242794$ & $0.010378$ & $-0.00759697$ & $-0.0095683$ & $0.000273944$ & $-0.00307794$ & $-0.00847856$ & $-0.00866199$ & $0.00338208$ & $0.0109791$ & $-0.00551241$ & $-0.00310848$ & $0.0160878$ \\
CHL3_33 & $-0.00801281$ & $0.020473$ & $-0.00805013$ & $0.00242685$ & $0.0105303$ & $-0.0531494$ & $0.107909$ & $-0.446006$ & $-0.44301$ & $0.487012$ & $0.0795632$ & $-0.150463$ & $-0.384722$ & $0.594948$ & $-0.039353$ & $-0.435579$ & $0.741424$ & $0.682557$ & $1$ & $-0.0812207$ & $-0.0744933$ & $-0.0733496$ & $0.0172912$ & $0.627351$ & $0.803427$ & $0.0330229$ & $-0.00805768$ & $-0.0303378$ & $-0.0248659$ & $-0.118883$ & $-0.0563935$ & $0.0765497$ & $-0.119513$ & $-0.346148$ & $-0.0460457$ & $-0.0181457$ & $0.0262077$ & $0.00391081$ & $-0.000292854$ & $-0.0108851$ & $-0.00697879$ & $-0.00649429$ & $0.00215805$ & $-0.0141285$ & $-0.00286096$ & $0.0205652$ & $-0.011711$ & $-0.00214661$ & $0.0111814$ \\
CHe_11 & $0.0160928$ & $-0.0143706$ & $-0.00236379$ & $-0.0363803$ & $-0.00643528$ & $-0.167031$ & $-0.0649$ & $0.85154$ & $0.835946$ & $-0.351557$ & $-0.990607$ & $-0.203144$ & $0.168196$ & $0.523585$ & $0.492094$ & $0.482008$ & $0.224675$ & $-0.0836882$ & $-0.0812207$ & $1$ & $0.973164$ & $0.952929$ & $-0.0259363$ & $-0.268704$ & $-0.0355503$ & $-0.554151$ & $0.210823$ & $0.32532$ & $0.00910351$ & $0.075498$ & $0.031215$ & $-0.0658028$ & $0.089881$ & $0.289127$ & $-0.0209684$ & $-0.00814118$ & $-0.0236918$ & $0.00416288$ & $-0.0137968$ & $0.00391284$ & $-0.017$ & $-0.0099183$ & $0.0154426$ & $0.0263481$ & $-0.0210826$ & $-0.00369619$ & $-0.027094$ & $-0.0210216$ & $0.0302958$ \\
CHe_22 & $0.0246414$ & $-0.00611283$ & $-0.00365882$ & $-0.0526572$ & $-0.00575148$ & $-0.172415$ & $-0.0715797$ & $0.896674$ & $0.880384$ & $-0.381229$ & $-0.991243$ & $-0.225581$ & $0.183364$ & $0.465229$ & $0.345377$ & $0.338794$ & $0.170791$ & $-0.076675$ & $-0.0744933$ & $0.973164$ & $1$ & $0.975225$ & $0.0284716$ & $-0.376517$ & $-0.0497907$ & $-0.568776$ & $0.36512$ & $0.331363$ & $0.00973374$ & $0.0781493$ & $0.0332124$ & $-0.0737209$ & $0.0919043$ & $0.452903$ & $-0.0298628$ & $-0.0038731$ & $-0.0294591$ & $0.00582026$ & $-0.0326662$ & $0.00256297$ & $-0.0206772$ & $-0.00876912$ & $0.0166131$ & $0.0197565$ & $-0.0228729$ & $-0.0108015$ & $-0.0228212$ & $-0.0234163$ & $0.0291858$ \\
CHe_33 & $0.0230614$ & $-0.0062496$ & $-0.00120653$ & $-0.0500132$ & $-0.00676817$ & $-0.170705$ & $-0.0695157$ & $0.879825$ & $0.864007$ & $-0.377335$ & $-0.970135$ & $-0.220088$ & $0.18099$ & $0.449809$ & $0.336674$ & $0.357049$ & $0.163343$ & $-0.0759798$ & $-0.0733496$ & $0.952929$ & $0.975225$ & $1$ & $0.0270389$ & $-0.371471$ & $-0.0512184$ & $-0.555758$ & $0.358272$ & $0.322483$ & $0.00910892$ & $0.0775929$ & $0.0341066$ & $-0.0711357$ & $0.0904324$ & $0.449143$ & $-0.0286216$ & $-0.00415634$ & $-0.0301672$ & $0.00655416$ & $-0.0323425$ & $0.000401831$ & $-0.0212932$ & $-0.00966109$ & $0.0171122$ & $0.0213451$ & $-0.0210613$ & $-0.0107007$ & $-0.0224365$ & $-0.0235048$ & $0.027903$ \\
CHQ1_11 & $0.00685725$ & $0.022972$ & $0.00968134$ & $-0.0283188$ & $0.000141134$ & $-0.0138759$ & $-0.00591392$ & $0.0543585$ & $0.051559$ & $-0.0415351$ & $0.00140959$ & $-0.0124679$ & $0.0299422$ & $-0.087707$ & $-0.180921$ & $-0.18961$ & $-0.0721445$ & $0.00731578$ & $0.0172912$ & $-0.0259363$ & $0.0284716$ & $0.0270389$ & $1$ & $-0.137955$ & $0.0817885$ & $-0.670603$ & $0.354796$ & $0.00305691$ & $-0.000237133$ & $0.006988$ & $0.00523052$ & $-0.00699821$ & $0.000782686$ & $0.199995$ & $-0.0111181$ & $0.0202108$ & $-0.0109738$ & $0.00431054$ & $-0.0393258$ & $0.00529622$ & $0.00617926$ & $-0.00861303$ & $-0.0200991$ & $-0.0208527$ & $0.0196087$ & $-0.0114745$ & $0.000279149$ & $-0.00918966$ & $0.00987124$ \\
CHQ1_33 & $-0.0794497$ & $0.00866637$ & $-0.00785592$ & $0.0527047$ & $0.0101819$ & $0.000204266$ & $0.126484$ & $-0.683631$ & $-0.675816$ & $0.552591$ & $0.321972$ & $-0.0322924$ & $-0.397476$ & $0.470698$ & $0.0916423$ & $0.0957751$ & $0.678836$ & $0.630407$ & $0.627351$ & $-0.268704$ & $-0.376517$ & $-0.371471$ & $-0.137955$ & $1$ & $0.654924$ & $0.215442$ & $-0.428931$ & $-0.0288703$ & $-0.0220772$ & $-0.128104$ & $-0.061281$ & $0.103276$ & $-0.124339$ & $-0.633193$ & $-0.017198$ & $-0.0290469$ & $0.0391217$ & $0.0002643$ & $0.0421319$ & $-0.00352205$ & $0.0151261$ & $-0.000318676$ & $-0.00182885$ & $0.0105985$ & $0.00524097$ & $0.0199942$ & $-0.019374$ & $0.0133019$ & $0.00627679$ \\
CHQ3_11 & $-0.0916196$ & $0.0384985$ & $-0.0164252$ & $-0.0174039$ & $0.0140644$ & $-0.0852739$ & $0.103393$ & $-0.425794$ & $-0.422134$ & $0.483339$ & $0.0438333$ & $-0.146113$ & $-0.37768$ & $0.597717$ & $-0.137001$ & $-0.134803$ & $0.783484$ & $0.799668$ & $0.803427$ & $-0.0355503$ & $-0.0497907$ & $-0.0512184$ & $0.0817885$ & $0.654924$ & $1$ & $0.0226298$ & $0.185266$ & $-0.0237417$ & $-0.0210541$ & $-0.117047$ & $-0.0529443$ & $0.0704634$ & $-0.106832$ & $-0.217787$ & $-0.0711933$ & $-0.0160464$ & $0.0159584$ & $0.00739881$ & $-0.0223984$ & $-0.0144241$ & $-0.00465216$ & $-0.003052$ & $0.0104017$ & $0.00516145$ & $-0.00757871$ & $-0.0066996$ & $-0.0176989$ & $0.00122636$ & $0.026481$ \\
CHu_11 & $-0.0386353$ & $0.000559475$ & $-0.011467$ & $0.0304879$ & $0.00339187$ & $0.0972246$ & $0.0344845$ & $-0.509631$ & $-0.498112$ & $0.211271$ & $0.564684$ & $0.12592$ & $-0.103146$ & $-0.265732$ & $-0.193665$ & $-0.182551$ & $-0.100429$ & $0.039601$ & $0.0330229$ & $-0.554151$ & $-0.568776$ & $-0.555758$ & $-0.670603$ & $0.215442$ & $0.0226298$ & $1$ & $-0.18964$ & $-0.189213$ & $-0.00504386$ & $-0.0412836$ & $-0.0213434$ & $0.0347419$ & $-0.0474505$ & $-0.260547$ & $-0.00380405$ & $-0.00569521$ & $0.0136496$ & $-0.00347499$ & $0.0154955$ & $-0.00830675$ & $0.00747618$ & $0.00807099$ & $0.0107137$ & $0.000926006$ & $-0.00679254$ & $-0.0026414$ & $0.00755062$ & $0.0132326$ & $-0.0221306$ \\
CHd_11 & $0.0320923$ & $0.036322$ & $-0.00381577$ & $-0.110243$ & $-0.0061655$ & $-0.0708579$ & $-0.0546091$ & $0.41598$ & $0.4108$ & $-0.236326$ & $-0.284273$ & $-0.0979292$ & $0.139398$ & $-0.10809$ & $-0.39194$ & $-0.389824$ & $-0.16516$ & $-0.0132974$ & $-0.00805768$ & $0.210823$ & $0.36512$ & $0.358272$ & $0.354796$ & $-0.428931$ & $0.185266$ & $-0.18964$ & $1$ & $0.0936231$ & $0.00916326$ & $0.0440343$ & $0.0249569$ & $-0.0583789$ & $0.0552221$ & $0.680546$ & $-0.0688196$ & $0.0281176$ & $-0.0468098$ & $0.00986553$ & $-0.116036$ & $-0.0134075$ & $-0.0269883$ & $-0.000682671$ & $0.0162546$ & $-0.0134097$ & $-0.0133641$ & $-0.0409435$ & $0.00428383$ & $-0.0185865$ & $0.0237161$ \\
CHd_33 & $0.0120997$ & $0.00323652$ & $-0.0159028$ & $-0.0274745$ & $-0.00394687$ & $-0.0498843$ & $-0.0241378$ & $0.298574$ & $0.293065$ & $-0.131056$ & $-0.330616$ & $-0.0789802$ & $0.0579167$ & $0.154252$ & $0.128002$ & $0.120852$ & $0.0566919$ & $-0.0334139$ & $-0.0303378$ & $0.32532$ & $0.331363$ & $0.322483$ & $0.00305691$ & $-0.0288703$ & $-0.0237417$ & $-0.189213$ & $0.0936231$ & $1$ & $0.00815534$ & $0.0257796$ & $0.0119662$ & $-0.0259389$ & $0.0339458$ & $0.1407$ & $-0.0166843$ & $-0.00568255$ & $-0.00173081$ & $0.00348708$ & $-0.0145406$ & $-0.00337768$ & $-0.00857385$ & $0.0109258$ & $0.00589567$ & $0.0125558$ & $-0.0106575$ & $-0.0194938$ & $-0.011594$ & $-0.00345004$ & $0.0153383$ \\
CeH_22r & $-0.00370315$ & $-0.0157587$ & $-7.73284e-05$ & $0.0129417$ & $0.000301639$ & $0.00559095$ & $0.00680219$ & $0.0202808$ & $0.0263456$ & $-0.0132818$ & $-0.00909878$ & $0.0414194$ & $0.0465387$ & $-0.0157063$ & $1.7566e-05$ & $0.00642692$ & $-0.0221347$ & $-0.0201272$ & $-0.0248659$ & $0.00910351$ & $0.00973374$ & $0.00910892$ & $-0.000237133$ & $-0.0220772$ & $-0.0210541$ & $-0.00504386$ & $0.00916326$ & $0.00815534$ & $1$ & $0.0460687$ & $0.0203559$ & $-0.00329018$ & $0.0464696$ & $0.0155369$ & $-0.0232844$ & $-0.0182478$ & $-0.0118804$ & $-0.003738$ & $-0.00447043$ & $0.0102112$ & $-0.0101125$ & $0.00874642$ & $0.00948667$ & $0.0298244$ & $0.00498905$ & $0.00387553$ & $-0.00969068$ & $0.000682155$ & $-0.00107004$ \\
CeH_33r & $-0.00185177$ & $-0.0379064$ & $0.0294194$ & $0.00438534$ & $-0.0121358$ & $-0.000177451$ & $-0.138599$ & $0.127497$ & $0.148433$ & $-0.143658$ & $-0.0763453$ & $0.275077$ & $0.279376$ & $-0.0630989$ & $0.0367426$ & $0.0350819$ & $-0.104778$ & $-0.120545$ & $-0.118883$ & $0.075498$ & $0.0781493$ & $0.0775929$ & $0.006988$ & $-0.128104$ & $-0.117047$ & $-0.0412836$ & $0.0440343$ & $0.0257796$ & $0.0460687$ & $1$ & $0.299242$ & $0.0192933$ & $0.637575$ & $0.0695964$ & $0.00747178$ & $-0.0396566$ & $-0.162384$ & $-0.0134304$ & $-0.0396776$ & $6.13289e-05$ & $0.0373903$ & $0.018823$ & $0.0278213$ & $0.0234652$ & $0.0450716$ & $-0.00775825$ & $-0.0211146$ & $0.00111551$ & $0.00704347$ \\
CuH_22r & $0.0342761$ & $0.00626208$ & $0.0339883$ & $-0.0436147$ & $-0.00386279$ & $-0.00246008$ & $-0.0826971$ & $0.0559671$ & $0.0675918$ & $-0.0708471$ & $-0.0316567$ & $0.0736947$ & $0.112158$ & $-0.0342854$ & $0.0159272$ & $0.0153297$ & $-0.0483016$ & $-0.0575966$ & $-0.0563935$ & $0.031215$ & $0.0332124$ & $0.0341066$ & $0.00523052$ & $-0.061281$ & $-0.0529443$ & $-0.0213434$ & $0.0249569$ & $0.0119662$ & $0.0203559$ & $0.299242$ & $1$ & $0.0118654$ & $0.323221$ & $0.0323634$ & $0.0114614$ & $0.00947736$ & $-0.0464142$ & $-0.0153283$ & $-0.0387298$ & $-0.0105481$ & $-0.00866929$ & $0.00190628$ & $0.0386251$ & $-0.00196688$ & $-0.0445032$ & $0.0521431$ & $0.261606$ & $0.00495387$ & $-0.0187702$ \\
CuH_33r & $0.00255526$ & $0.0110418$ & $-0.00895789$ & $-0.0271395$ & $0.00862793$ & $0.00605295$ & $0.932717$ & $-0.104722$ & $-0.0652639$ & $0.0884492$ & $0.0696906$ & $-0.0138171$ & $-0.261653$ & $0.034625$ & $-0.0163843$ & $-0.0125871$ & $0.0685202$ & $0.0778259$ & $0.0765497$ & $-0.0658028$ & $-0.0737209$ & $-0.0711357$ & $-0.00699821$ & $0.103276$ & $0.0704634$ & $0.0347419$ & $-0.0583789$ & $-0.0259389$ & $-0.00329018$ & $0.0192933$ & $0.0118654$ & $1$ & $0.0186667$ & $-0.0710659$ & $0.0515797$ & $0.0373347$ & $-0.00535992$ & $-0.0111724$ & $0.0129296$ & $0.00413979$ & $-0.0522229$ & $-0.0029788$ & $-0.0350489$ & $-0.0296399$ & $0.0229253$ & $0.00180762$ & $-0.00746112$ & $0.0447365$ & $-0.00623437$ \\
CdH_33r & $-0.00713116$ & $-0.0218416$ & $-0.0353083$ & $-0.0912172$ & $-0.014049$ & $0.00576142$ & $-0.163141$ & $0.137502$ & $0.160004$ & $-0.149083$ & $-0.0904894$ & $0.302706$ & $0.319684$ & $-0.0517825$ & $0.0415363$ & $0.0450192$ & $-0.0999071$ & $-0.117124$ & $-0.119513$ & $0.089881$ & $0.0919043$ & $0.0904324$ & $0.000782686$ & $-0.124339$ & $-0.106832$ & $-0.0474505$ & $0.0552221$ & $0.0339458$ & $0.0464696$ & $0.637575$ & $0.323221$ & $0.0186667$ & $1$ & $0.0737327$ & $0.0673263$ & $-0.13405$ & $-0.217068$ & $-0.0332036$ & $-0.108375$ & $-0.0219578$ & $0.0287326$ & $0.0400195$ & $0.0386547$ & $0.117261$ & $-0.0514054$ & $0.137105$ & $-0.0761221$ & $0.241535$ & $0.504372$ \\
CLL_1221 & $0.0393338$ & $0.0417186$ & $0.00331216$ & $-0.0738774$ & $-0.00989$ & $-0.114256$ & $-0.0755038$ & $0.561576$ & $0.552942$ & $-0.349884$ & $-0.367171$ & $-0.0939749$ & $0.216134$ & $-0.217791$ & $-0.58485$ & $-0.0975678$ & $-0.254496$ & $0.0240538$ & $-0.346148$ & $0.289127$ & $0.452903$ & $0.449143$ & $0.199995$ & $-0.633193$ & $-0.217787$ & $-0.260547$ & $0.680546$ & $0.1407$ & $0.0155369$ & $0.0695964$ & $0.0323634$ & $-0.0710659$ & $0.0737327$ & $1$ & $-0.023359$ & $0.0221374$ & $-0.0376832$ & $0.00888623$ & $-0.0790017$ & $-0.0027995$ & $-0.0139081$ & $0.00374936$ & $0.0051933$ & $-0.0158736$ & $-0.00864231$ & $-0.0394523$ & $0.0124719$ & $-0.0142118$ & $0.00917588$ \\
eHggint & $0.146364$ & $0.0460713$ & $-0.0425124$ & $-0.0707655$ & $0.0066579$ & $0.0279757$ & $-0.0282377$ & $-0.0129099$ & $-0.0237969$ & $0.0215137$ & $0.0251579$ & $0.0920811$ & $0.041017$ & $-0.0279867$ & $0.0146024$ & $0.0304721$ & $-0.0377592$ & $-0.03249$ & $-0.0460457$ & $-0.0209684$ & $-0.0298628$ & $-0.0286216$ & $-0.0111181$ & $-0.017198$ & $-0.0711933$ & $-0.00380405$ & $-0.0688196$ & $-0.0166843$ & $-0.0232844$ & $0.00747178$ & $0.0114614$ & $0.0515797$ & $0.0673263$ & $-0.023359$ & $1$ & $0.0415306$ & $-0.202728$ & $0.0190361$ & $0.0604587$ & $0.0268527$ & $0.0232504$ & $-0.0261666$ & $0.0304568$ & $-0.140724$ & $0.0843394$ & $-0.130688$ & $0.0355582$ & $0.127824$ & $0.0841089$ \\
eHggpar & $0.0720997$ & $-0.0245979$ & $0.0373326$ & $-0.0484272$ & $-0.00626592$ & $0.00431442$ & $0.00317163$ & $0.00886244$ & $0.0011852$ & $0.000679678$ & $0.00549666$ & $0.0341822$ & $0.0188701$ & $-0.0245292$ & $-0.0193205$ & $-0.0156714$ & $-0.0268183$ & $-0.0136466$ & $-0.0181457$ & $-0.00814118$ & $-0.0038731$ & $-0.00415634$ & $0.0202108$ & $-0.0290469$ & $-0.0160464$ & $-0.00569521$ & $0.0281176$ & $-0.00568255$ & $-0.0182478$ & $-0.0396566$ & $0.00947736$ & $0.0373347$ & $-0.13405$ & $0.0221374$ & $0.0415306$ & $1$ & $0.146015$ & $-0.0188234$ & $0.222611$ & $0.014465$ & $-0.0283913$ & $-0.0256995$ & $0.0330168$ & $-0.227815$ & $0.115089$ & $0.0705493$ & $0.110327$ & $-0.0697815$ & $-0.185651$ \\
eHWWint & $0.0566517$ & $0.193292$ & $-0.153867$ & $0.0327711$ & $0.00577398$ & $-0.00505029$ & $0.0354093$ & $-0.0489315$ & $-0.0669685$ & $0.046785$ & $0.0287233$ & $-0.00147119$ & $-0.0344063$ & $0.0141312$ & $0.011861$ & $0.00937973$ & $0.0351216$ & $0.0242794$ & $0.0262077$ & $-0.0236918$ & $-0.0294591$ & $-0.0301672$ & $-0.0109738$ & $0.0391217$ & $0.0159584$ & $0.0136496$ & $-0.0468098$ & $-0.00173081$ & $-0.0118804$ & $-0.162384$ & $-0.0464142$ & $-0.00535992$ & $-0.217068$ & $-0.0376832$ & $-0.202728$ & $0.146015$ & $1$ & $-0.0172938$ & $0.140266$ & $-0.0178234$ & $-0.232778$ & $-0.0280842$ & $-0.225549$ & $-0.191227$ & $-0.0158669$ & $0.0231394$ & $0.0945658$ & $-0.0220875$ & $-0.0963382$ \\
eHWWpar & $-0.0270735$ & $-0.00961321$ & $0.0194104$ & $0.0344121$ & $0.00452955$ & $0.0197837$ & $-0.00935495$ & $0.00383749$ & $0.0010409$ & $-0.00711483$ & $-0.00452056$ & $-0.0102271$ & $-0.00129787$ & $0.0108779$ & $-0.0133209$ & $-0.00270284$ & $-0.00432097$ & $0.010378$ & $0.00391081$ & $0.00416288$ & $0.00582026$ & $0.00655416$ & $0.00431054$ & $0.0002643$ & $0.00739881$ & $-0.00347499$ & $0.00986553$ & $0.00348708$ & $-0.003738$ & $-0.0134304$ & $-0.0153283$ & $-0.0111724$ & $-0.0332036$ & $0.00888623$ & $0.0190361$ & $-0.0188234$ & $-0.0172938$ & $1$ & $-0.0228971$ & $-0.00668825$ & $0.034198$ & $0.0171377$ & $-0.0189764$ & $0.000204426$ & $-0.0203358$ & $-0.00949488$ & $-0.0148357$ & $-0.0266907$ & $-0.0213113$ \\
eHZZint & $-0.0274502$ & $0.0421704$ & $0.0604037$ & $0.0463923$ & $0.00184555$ & $-0.00913686$ & $-0.000417971$ & $-0.0401983$ & $-0.0415254$ & $0.0185789$ & $0.024516$ & $0.00841897$ & $-0.0116376$ & $0.00969383$ & $0.0590683$ & $0.047687$ & $0.0235488$ & $-0.00759697$ & $-0.000292854$ & $-0.0137968$ & $-0.0326662$ & $-0.0323425$ & $-0.0393258$ & $0.0421319$ & $-0.0223984$ & $0.0154955$ & $-0.116036$ & $-0.0145406$ & $-0.00447043$ & $-0.0396776$ & $-0.0387298$ & $0.0129296$ & $-0.108375$ & $-0.0790017$ & $0.0604587$ & $0.222611$ & $0.140266$ & $-0.0228971$ & $1$ & $-0.0440447$ & $-0.104543$ & $-0.0325467$ & $0.0742346$ & $0.0260393$ & $0.188946$ & $-0.106046$ & $-0.019495$ & $0.0618347$ & $-0.160427$ \\
eHZZpar & $-0.0165317$ & $-0.0170945$ & $0.0222805$ & $-0.00432191$ & $0.00423698$ & $-0.00686546$ & $-0.00137693$ & $0.00590762$ & $0.00213314$ & $-0.0045838$ & $-0.00333874$ & $-0.00183448$ & $0.00552447$ & $-0.00418842$ & $0.00907956$ & $0.00680348$ & $-0.00445022$ & $-0.0095683$ & $-0.0108851$ & $0.00391284$ & $0.00256297$ & $0.000401831$ & $0.00529622$ & $-0.00352205$ & $-0.0144241$ & $-0.00830675$ & $-0.0134075$ & $-0.00337768$ & $0.0102112$ & $6.13289e-05$ & $-0.0105481$ & $0.00413979$ & $-0.0219578$ & $-0.0027995$ & $0.0268527$ & $0.014465$ & $-0.0178234$ & $-0.00668825$ & $-0.0440447$ & $1$ & $0.0306293$ & $-0.0121607$ & $-0.0398333$ & $0.0191036$ & $0.0303532$ & $-0.00591399$ & $-0.00426168$ & $-0.0305709$ & $-0.0334964$ \\
eHZgaint & $-0.103678$ & $-0.0502796$ & $0.139178$ & $0.297189$ & $-0.0189462$ & $0.00505788$ & $-0.0569997$ & $-0.0160469$ & $-0.0197484$ & $-0.0382903$ & $0.019334$ & $-0.0342742$ & $-0.0104224$ & $-0.00857048$ & $-0.00234892$ & $0.00638838$ & $-0.00476472$ & $0.000273944$ & $-0.00697879$ & $-0.017$ & $-0.0206772$ & $-0.0212932$ & $0.00617926$ & $0.0151261$ & $-0.00465216$ & $0.00747618$ & $-0.0269883$ & $-0.00857385$ & $-0.0101125$ & $0.0373903$ & $-0.00866929$ & $-0.0522229$ & $0.0287326$ & $-0.0139081$ & $0.0232504$ & $-0.0283913$ & $-0.232778$ & $0.034198$ & $-0.104543$ & $0.0306293$ & $1$ & $0.0229742$ & $-0.0179854$ & $-0.0328929$ & $0.09241$ & $-0.0555747$ & $-0.0144632$ & $-0.113812$ & $0.0292457$ \\
eHZgapar & $-0.00474288$ & $-0.03287$ & $0.0174266$ & $0.0459451$ & $0.00304191$ & $-0.00614207$ & $-0.00461324$ & $-0.00425603$ & $-0.00334722$ & $-0.00721512$ & $0.00843751$ & $0.00262953$ & $0.00625972$ & $-0.0160734$ & $-0.00546207$ & $-0.00334608$ & $-0.000247327$ & $-0.00307794$ & $-0.00649429$ & $-0.0099183$ & $-0.00876912$ & $-0.00966109$ & $-0.00861303$ & $-0.000318676$ & $-0.003052$ & $0.00807099$ & $-0.000682671$ & $0.0109258$ & $0.00874642$ & $0.018823$ & $0.00190628$ & $-0.0029788$ & $0.0400195$ & $0.00374936$ & $-0.0261666$ & $-0.0256995$ & $-0.0280842$ & $0.0171377$ & $-0.0325467$ & $-0.0121607$ & $0.0229742$ & $1$ & $1.99408e-05$ & $0.00723567$ & $-0.00532999$ & $0.00285587$ & $-0.00432063$ & $0.0322057$ & $0.0232171$ \\
eHgagaint & $-0.0878693$ & $-0.0529941$ & $0.174794$ & $-0.217735$ & $0.00332091$ & $-0.00178357$ & $-0.0416179$ & $0.0178654$ & $0.0766337$ & $-0.00375883$ & $-0.0158786$ & $-0.00736533$ & $0.011763$ & $0.00131919$ & $0.0108129$ & $-0.00352851$ & $0.00526353$ & $-0.00847856$ & $0.00215805$ & $0.0154426$ & $0.0166131$ & $0.0171122$ & $-0.0200991$ & $-0.00182885$ & $0.0104017$ & $0.0107137$ & $0.0162546$ & $0.00589567$ & $0.00948667$ & $0.0278213$ & $0.0386251$ & $-0.0350489$ & $0.0386547$ & $0.0051933$ & $0.0304568$ & $0.0330168$ & $-0.225549$ & $-0.0189764$ & $0.0742346$ & $-0.0398333$ & $-0.0179854$ & $1.99408e-05$ & $1$ & $0.183271$ & $-0.132753$ & $0.0906134$ & $0.0685499$ & $-0.127625$ & $0.0338272$ \\
eHmumuint & $-0.181911$ & $-0.336824$ & $0.0600856$ & $-0.12125$ & $0.000752483$ & $0.00121501$ & $-0.014532$ & $0.0302306$ & $0.0458004$ & $-0.0309626$ & $-0.0282106$ & $-0.0368509$ & $0.0057307$ & $0.01836$ & $0.0248925$ & $0.0336285$ & $-0.00335721$ & $-0.00866199$ & $-0.0141285$ & $0.0263481$ & $0.0197565$ & $0.0213451$ & $-0.0208527$ & $0.0105985$ & $0.00516145$ & $0.000926006$ & $-0.0134097$ & $0.0125558$ & $0.0298244$ & $0.0234652$ & $-0.00196688$ & $-0.0296399$ & $0.117261$ & $-0.0158736$ & $-0.140724$ & $-0.227815$ & $-0.191227$ & $0.000204426$ & $0.0260393$ & $0.0191036$ & $-0.0328929$ & $0.00723567$ & $0.183271$ & $1$ & $-0.0601089$ & $-0.0610106$ & $-0.0823113$ & $0.0017944$ & $0.189242$ \\
eHtautauint & $0.0833381$ & $0.0528816$ & $-0.100091$ & $0.254311$ & $-0.016811$ & $-0.0158634$ & $0.0133124$ & $-0.0223936$ & $-0.0314062$ & $-0.000757172$ & $0.0219358$ & $0.00150138$ & $-0.00709573$ & $-0.0119016$ & $-0.00770727$ & $0.000215865$ & $-0.00192939$ & $0.00338208$ & $-0.00286096$ & $-0.0210826$ & $-0.0228729$ & $-0.0210613$ & $0.0196087$ & $0.00524097$ & $-0.00757871$ & $-0.00679254$ & $-0.0133641$ & $-0.0106575$ & $0.00498905$ & $0.0450716$ & $-0.0445032$ & $0.0229253$ & $-0.0514054$ & $-0.00864231$ & $0.0843394$ & $0.115089$ & $-0.0158669$ & $-0.0203358$ & $0.188946$ & $0.0303532$ & $0.09241$ & $-0.00532999$ & $-0.132753$ & $-0.0601089$ & $1$ & $0.157419$ & $-0.150483$ & $-0.102708$ & $-0.0631709$ \\
eHccint & $0.183759$ & $-0.0662896$ & $-0.0412192$ & $0.0760243$ & $-0.00598717$ & $0.0061378$ & $0.0133723$ & $-0.0188136$ & $-0.0123527$ & $0.0105892$ & $0.0042283$ & $-0.0207935$ & $-0.0214972$ & $0.0213516$ & $0.0225891$ & $0.00899883$ & $0.0217987$ & $0.0109791$ & $0.0205652$ & $-0.00369619$ & $-0.0108015$ & $-0.0107007$ & $-0.0114745$ & $0.0199942$ & $-0.0066996$ & $-0.0026414$ & $-0.0409435$ & $-0.0194938$ & $0.00387553$ & $-0.00775825$ & $0.0521431$ & $0.00180762$ & $0.137105$ & $-0.0394523$ & $-0.130688$ & $0.0705493$ & $0.0231394$ & $-0.00949488$ & $-0.106046$ & $-0.00591399$ & $-0.0555747$ & $0.00285587$ & $0.0906134$ & $-0.0610106$ & $0.157419$ & $1$ & $-0.0193901$ & $0.146935$ & $0.294841$ \\
eHccpar & $0.129519$ & $0.136887$ & $0.122431$ & $-0.152401$ & $0.00518125$ & $0.0103198$ & $-0.0166033$ & $-0.0179045$ & $-0.0158716$ & $0.0123551$ & $0.0271596$ & $0.0194929$ & $0.00690966$ & $-0.0263617$ & $-0.0224258$ & $-0.0145496$ & $-0.0165103$ & $-0.00551241$ & $-0.011711$ & $-0.027094$ & $-0.0228212$ & $-0.0224365$ & $0.000279149$ & $-0.019374$ & $-0.0176989$ & $0.00755062$ & $0.00428383$ & $-0.011594$ & $-0.00969068$ & $-0.0211146$ & $0.261606$ & $-0.00746112$ & $-0.0761221$ & $0.0124719$ & $0.0355582$ & $0.110327$ & $0.0945658$ & $-0.0148357$ & $-0.019495$ & $-0.00426168$ & $-0.0144632$ & $-0.00432063$ & $0.0685499$ & $-0.0823113$ & $-0.150483$ & $-0.0193901$ & $1$ & $-0.0496231$ & $-0.129378$ \\
eHbbint & $-0.0853504$ & $-0.0104473$ & $-0.0654588$ & $0.0295888$ & $0.00019509$ & $0.0136697$ & $0.0335367$ & $-0.0196324$ & $-0.0245965$ & $0.0065368$ & $0.0226687$ & $0.0189784$ & $0.00535281$ & $-0.0146955$ & $-0.00164329$ & $-0.00166432$ & $-0.00398924$ & $-0.00310848$ & $-0.00214661$ & $-0.0210216$ & $-0.0234163$ & $-0.0235048$ & $-0.00918966$ & $0.0133019$ & $0.00122636$ & $0.0132326$ & $-0.0185865$ & $-0.00345004$ & $0.000682155$ & $0.00111551$ & $0.00495387$ & $0.0447365$ & $0.241535$ & $-0.0142118$ & $0.127824$ & $-0.0697815$ & $-0.0220875$ & $-0.0266907$ & $0.0618347$ & $-0.0305709$ & $-0.113812$ & $0.0322057$ & $-0.127625$ & $0.0017944$ & $-0.102708$ & $0.146935$ & $-0.0496231$ & $1$ & $0.244811$ \\
eHbbpar & $0.0112058$ & $0.0433731$ & $-0.132385$ & $-0.179154$ & $-0.0103993$ & $0.00675232$ & $-0.0088536$ & $0.0167603$ & $0.0208164$ & $-0.00856493$ & $-0.0296769$ & $-0.0160358$ & $0.00243274$ & $0.0280989$ & $0.00710672$ & $0.0134071$ & $0.020494$ & $0.0160878$ & $0.0111814$ & $0.0302958$ & $0.0291858$ & $0.027903$ & $0.00987124$ & $0.00627679$ & $0.026481$ & $-0.0221306$ & $0.0237161$ & $0.0153383$ & $-0.00107004$ & $0.00704347$ & $-0.0187702$ & $-0.00623437$ & $0.504372$ & $0.00917588$ & $0.0841089$ & $-0.185651$ & $-0.0963382$ & $-0.0213113$ & $-0.160427$ & $-0.0334964$ & $0.0292457$ & $0.0232171$ & $0.0338272$ & $0.189242$ & $-0.0631709$ & $0.294841$ & $-0.129378$ & $0.244811$ & $1$ \\
