 & AlsMz & dAle5Mz & mtop & mHl & Mz & CW & CHG & CHWB & CHWHB_gaga & CHWHB_gagaorth & CHD & CHbox & CH & CHL1_11 & CHL1_22 & CHL1_33 & CHL3_11 & CHL3_22 & CHL3_33 & CHe_11 & CHe_22 & CHe_33 & CHQ1_11 & CHQ1_33 & CHQ3_11 & CHu_11 & CHd_11 & CHd_33 & CeH_22r & CeH_33r & CuH_22r & CuH_33r & CdH_33r & CLL_1221 & eHggint & eHggpar & eHWWint & eHWWpar & eHZZint & eHZZpar & eHZgaint & eHZgapar & eHgagaint & eHmumuint & eHtautauint & eHccint & eHccpar & eHbbint & eHbbpar \\
AlsMz & $1$ & $0.046491$ & $0.019961$ & $0.0212677$ & $-0.0336072$ & $-0.0759956$ & $0.0825259$ & $-0.0209542$ & $-0.00982185$ & $0.0307737$ & $0.000433247$ & $-0.0253644$ & $0.0335693$ & $0.00667622$ & $0.0196663$ & $0.0847794$ & $0.0274126$ & $0.0164006$ & $-0.0255048$ & $-0.0052121$ & $-0.0134864$ & $-0.00788577$ & $-0.0619407$ & $-0.0130406$ & $-0.103073$ & $-0.0143525$ & $-0.103851$ & $-0.0078971$ & $0.0394601$ & $-0.0153549$ & $0.00588212$ & $0.0560472$ & $0.00408144$ & $-0.0267089$ & $-0.085924$ & $0.0205835$ & $-0.0550485$ & $-0.00714845$ & $0.0221989$ & $-0.0690023$ & $-0.083669$ & $-0.00309928$ & $-0.000885859$ & $-0.0111294$ & $0.0175729$ & $0.0113447$ & $-0.0420064$ & $-0.0913991$ & $-0.000406657$ \\
dAle5Mz & $0.046491$ & $1$ & $-0.0238522$ & $-0.0341784$ & $0.0357577$ & $0.0339647$ & $-0.026013$ & $0.00218011$ & $0.0129249$ & $-0.0321836$ & $-0.00318039$ & $-0.00551266$ & $0.0078512$ & $-0.0111877$ & $0.0324548$ & $0.0555911$ & $-0.0235631$ & $-0.0417305$ & $-0.0593582$ & $0.0225362$ & $0.0183308$ & $0.016006$ & $-0.0524633$ & $-0.017466$ & $-0.0406959$ & $0.00722003$ & $-0.0120758$ & $0.0415172$ & $0.0263148$ & $0.00641344$ & $-0.0316215$ & $-0.0446352$ & $0.0109304$ & $0.0279941$ & $0.0971312$ & $-0.060924$ & $0.0314979$ & $-0.0463108$ & $-0.0590892$ & $-0.0174216$ & $-0.00364341$ & $0.00597725$ & $-0.000553072$ & $-0.0758454$ & $-0.0188517$ & $-0.014446$ & $-0.0941751$ & $-0.0802914$ & $0.0573078$ \\
mtop & $0.019961$ & $-0.0238522$ & $1$ & $0.0277224$ & $-0.00916167$ & $0.00154278$ & $0.0175439$ & $0.0257928$ & $0.0322941$ & $-0.0697752$ & $-0.0252165$ & $-0.0471576$ & $0.0384872$ & $-0.00293191$ & $0.0598031$ & $0.00560499$ & $0.0191925$ & $-0.0246465$ & $-0.00136519$ & $0.0367466$ & $0.0273939$ & $0.0274067$ & $-0.0211962$ & $-0.00981232$ & $-0.0229228$ & $-0.0301325$ & $-0.0465094$ & $0.0268865$ & $-0.00586558$ & $0.0852778$ & $0.0225191$ & $0.0460258$ & $0.0653175$ & $-0.0203385$ & $-0.0408862$ & $0.0420197$ & $-0.00552722$ & $-0.0168027$ & $0.000142074$ & $-0.0337099$ & $0.00751094$ & $0.0404192$ & $0.0434679$ & $0.100621$ & $-0.029839$ & $-0.025991$ & $-0.0473387$ & $-0.0649583$ & $0.0423323$ \\
mHl & $0.0212677$ & $-0.0341784$ & $0.0277224$ & $1$ & $0.029622$ & $-0.0752795$ & $-0.019208$ & $-0.0223308$ & $-0.021723$ & $0.0112138$ & $0.00115219$ & $-0.0235681$ & $0.0293803$ & $0.0398423$ & $-0.00616713$ & $0.0108002$ & $0.0322998$ & $0.0506362$ & $0.0365341$ & $0.00178539$ & $-0.00216874$ & $0.00133797$ & $0.0238071$ & $0.0459796$ & $0.0467538$ & $-0.0344311$ & $-0.0178305$ & $0.0537657$ & $0.0618037$ & $0.00499308$ & $-0.0329611$ & $-0.00343965$ & $0.0405868$ & $-0.020628$ & $-0.0288633$ & $0.0696879$ & $0.0602082$ & $0.0216026$ & $-0.0528327$ & $0.0448873$ & $-0.0252734$ & $-0.0198562$ & $0.019335$ & $0.0499875$ & $0.0359277$ & $-0.0490848$ & $-0.0640769$ & $-0.0229972$ & $0.0288567$ \\
Mz & $-0.0336072$ & $0.0357577$ & $-0.00916167$ & $0.029622$ & $1$ & $0.0727463$ & $-0.00787374$ & $-0.00874388$ & $-0.0176977$ & $-0.026516$ & $0.00135409$ & $-0.0296492$ & $0.0224602$ & $0.0262451$ & $-0.0171222$ & $0.0214678$ & $0.0146104$ & $0.0384842$ & $0.00959134$ & $0.00553189$ & $0.00321795$ & $-0.000643825$ & $0.0885458$ & $0.021693$ & $0.0389608$ & $-0.0436039$ & $0.0240789$ & $0.0296774$ & $-0.0398896$ & $0.0336617$ & $-0.0300305$ & $0.00790548$ & $0.0284738$ & $0.00603204$ & $0.0335253$ & $0.00973822$ & $-0.00321924$ & $-0.0509111$ & $0.0566246$ & $-0.00169449$ & $-0.00954791$ & $0.0509992$ & $-0.0456719$ & $-0.0246479$ & $0.0165156$ & $-0.0592709$ & $-0.0470788$ & $0.0108376$ & $-0.00782844$ \\
CW & $-0.0759956$ & $0.0339647$ & $0.00154278$ & $-0.0752795$ & $0.0727463$ & $1$ & $0.0194662$ & $-0.0469105$ & $-0.0516743$ & $0.0639943$ & $0.143288$ & $0.107188$ & $-0.0475706$ & $0.0104864$ & $-0.119526$ & $-0.0985274$ & $-0.364601$ & $-0.120626$ & $-0.135501$ & $-0.14116$ & $-0.141825$ & $-0.142636$ & $0.0285165$ & $-0.0693631$ & $-0.15548$ & $0.0747669$ & $-0.00517987$ & $-0.0204059$ & $-0.0865411$ & $-0.0665869$ & $-0.0274895$ & $0.0297055$ & $-0.0908226$ & $-0.077766$ & $0.0352277$ & $-0.0254248$ & $-0.0160509$ & $0.0116597$ & $0.017254$ & $0.00622446$ & $0.0283339$ & $-0.0344647$ & $-0.0204288$ & $-0.0588208$ & $0.0239094$ & $-0.0933643$ & $-0.0511151$ & $-0.0443509$ & $-0.0584188$ \\
CHG & $0.0825259$ & $-0.026013$ & $0.0175439$ & $-0.019208$ & $-0.00787374$ & $0.0194662$ & $1$ & $-0.0799334$ & $-0.0436259$ & $0.0482658$ & $0.0825481$ & $0.210863$ & $-0.244866$ & $-0.0339544$ & $-0.103663$ & $-0.0563538$ & $-0.00586748$ & $0.0484611$ & $0.0171247$ & $-0.084796$ & $-0.0789784$ & $-0.0718731$ & $-0.0134775$ & $0.0105562$ & $-0.00281138$ & $0.0469302$ & $-0.0443131$ & $-0.0323779$ & $0.0560329$ & $-0.0673355$ & $-0.118586$ & $0.914896$ & $-0.0932935$ & $0.00845947$ & $-0.136701$ & $0.0211623$ & $0.0674055$ & $-0.0162586$ & $0.0176973$ & $-0.0630654$ & $-0.0791455$ & $0.042634$ & $-0.0449292$ & $-0.051419$ & $0.0871517$ & $-0.0244347$ & $0.0139747$ & $0.0533691$ & $-0.0199577$ \\
CHWB & $-0.0209542$ & $0.00218011$ & $0.0257928$ & $-0.0223308$ & $-0.00874388$ & $-0.0469105$ & $-0.0799334$ & $1$ & $0.990056$ & $-0.567476$ & $-0.884323$ & $-0.194863$ & $-0.00619404$ & $0.26542$ & $0.453092$ & $0.450685$ & $-0.217731$ & $-0.412755$ & $-0.416614$ & $0.867343$ & $0.898067$ & $0.889615$ & $-0.000907359$ & $-0.636353$ & $-0.390408$ & $-0.606658$ & $0.444466$ & $0.387016$ & $-0.0251996$ & $-0.109771$ & $-0.0539491$ & $-0.135005$ & $-0.0561399$ & $0.553724$ & $-0.0245321$ & $-0.00852059$ & $0.0423534$ & $-0.00409437$ & $0.0165979$ & $0.0460952$ & $-0.0101877$ & $0.0381842$ & $-0.00117102$ & $0.0124046$ & $-0.0123041$ & $-0.0532424$ & $0.0305388$ & $-0.0278319$ & $0.00657139$ \\
CHWHB_gaga & $-0.00982185$ & $0.0129249$ & $0.0322941$ & $-0.021723$ & $-0.0176977$ & $-0.0516743$ & $-0.0436259$ & $0.990056$ & $1$ & $-0.569019$ & $-0.872728$ & $-0.191861$ & $-0.00247041$ & $0.255435$ & $0.445726$ & $0.447008$ & $-0.219446$ & $-0.412714$ & $-0.419072$ & $0.856234$ & $0.887075$ & $0.878198$ & $-0.00648675$ & $-0.633357$ & $-0.393787$ & $-0.593881$ & $0.439667$ & $0.385416$ & $-0.0195942$ & $-0.0888601$ & $-0.0491805$ & $-0.109019$ & $-0.0334477$ & $0.552482$ & $-0.0453745$ & $-0.0178535$ & $0.0299991$ & $-0.0190266$ & $0.00700299$ & $0.0378988$ & $-0.0208996$ & $0.047007$ & $0.052081$ & $0.0136229$ & $0.00318534$ & $-0.0484642$ & $0.0271209$ & $-0.0355679$ & $0.00913098$ \\
CHWHB_gagaorth & $0.0307737$ & $-0.0321836$ & $-0.0697752$ & $0.0112138$ & $-0.026516$ & $0.0639943$ & $0.0482658$ & $-0.567476$ & $-0.569019$ & $1$ & $0.486702$ & $0.430517$ & $-0.0332157$ & $-0.103114$ & $-0.263163$ & $-0.26974$ & $0.145895$ & $0.269798$ & $0.285989$ & $-0.479819$ & $-0.49727$ & $-0.48662$ & $0.0848934$ & $0.387026$ & $0.261831$ & $0.286101$ & $-0.224037$ & $-0.155932$ & $0.0183389$ & $0.0104953$ & $-0.0164105$ & $0.126184$ & $-0.0616304$ & $-0.31611$ & $0.0463554$ & $0.0217353$ & $0.0112481$ & $0.0213499$ & $-0.00799789$ & $-0.061347$ & $-0.0339839$ & $-0.0339642$ & $-0.0270762$ & $-0.025128$ & $0.00417185$ & $0.0813762$ & $0.0439314$ & $0.04094$ & $-0.0130947$ \\
CHD & $0.000433247$ & $-0.00318039$ & $-0.0252165$ & $0.00115219$ & $0.00135409$ & $0.143288$ & $0.0825481$ & $-0.884323$ & $-0.872728$ & $0.486702$ & $1$ & $0.26677$ & $-0.0111437$ & $-0.642678$ & $-0.561149$ & $-0.574257$ & $-0.23321$ & $0.0145617$ & $0.0205728$ & $-0.995057$ & $-0.995242$ & $-0.982745$ & $0.0651153$ & $0.246097$ & $-0.0200074$ & $0.67217$ & $-0.303483$ & $-0.444879$ & $0.00262153$ & $0.074439$ & $0.0291563$ & $0.143193$ & $0.0190007$ & $-0.364178$ & $0.0359428$ & $0.0146075$ & $-0.076326$ & $0.0169435$ & $-0.00303362$ & $-0.0502652$ & $0.0344812$ & $-0.0249788$ & $0.0170976$ & $-0.0176705$ & $-0.0191679$ & $0.0597948$ & $-0.0229518$ & $0.0379536$ & $-0.00786077$ \\
CHbox & $-0.0253644$ & $-0.00551266$ & $-0.0471576$ & $-0.0235681$ & $-0.0296492$ & $0.107188$ & $0.210863$ & $-0.194863$ & $-0.191861$ & $0.430517$ & $0.26677$ & $1$ & $-0.822499$ & $-0.215386$ & $-0.13685$ & $-0.145819$ & $-0.167575$ & $-0.0822264$ & $-0.0794319$ & $-0.258693$ & $-0.266045$ & $-0.260002$ & $0.0929875$ & $-0.00288304$ & $-0.0801607$ & $0.127019$ & $-0.0593597$ & $-0.0849446$ & $-0.0210734$ & $-0.0468512$ & $-0.0298341$ & $0.247346$ & $-0.0592401$ & $-0.0896518$ & $0.053651$ & $-0.00379879$ & $0.0317127$ & $0.036572$ & $0.0278971$ & $-0.0564153$ & $0.0156845$ & $-0.00286984$ & $-0.0126399$ & $-0.0469936$ & $-0.0212495$ & $0.0339045$ & $0.0246071$ & $0.0268539$ & $-0.0344672$ \\
CH & $0.0335693$ & $0.0078512$ & $0.0384872$ & $0.0293803$ & $0.0224602$ & $-0.0475706$ & $-0.244866$ & $-0.00619404$ & $-0.00247041$ & $-0.0332157$ & $-0.0111437$ & $-0.822499$ & $1$ & $0.0128931$ & $0.032053$ & $0.0255596$ & $0.0492527$ & $0.014949$ & $0.0213244$ & $0.00974405$ & $0.00758363$ & $0.00669682$ & $-0.0642099$ & $0.03125$ & $0.0129481$ & $0.038772$ & $-0.0299577$ & $0.000651416$ & $0.0546734$ & $0.226096$ & $0.0735064$ & $-0.191166$ & $0.202743$ & $-0.0185602$ & $0.0220009$ & $0.0391211$ & $-0.0511665$ & $-0.0248145$ & $-0.0220958$ & $0.0350101$ & $-0.0278953$ & $-0.0318174$ & $-0.00107698$ & $0.0392074$ & $0.0138872$ & $0.0127083$ & $-0.0168789$ & $-0.00208181$ & $0.0261229$ \\
CHL1_11 & $0.00667622$ & $-0.0111877$ & $-0.00293191$ & $0.0398423$ & $0.0262451$ & $0.0104864$ & $-0.0339544$ & $0.26542$ & $0.255435$ & $-0.103114$ & $-0.642678$ & $-0.215386$ & $0.0128931$ & $1$ & $0.386861$ & $0.401219$ & $0.619958$ & $0.574863$ & $0.58015$ & $0.654494$ & $0.614765$ & $0.601939$ & $-0.106112$ & $0.440186$ & $0.596244$ & $-0.421567$ & $-0.0318925$ & $0.315041$ & $-0.00488653$ & $-0.0230318$ & $-0.00888348$ & $-0.078744$ & $0.000743244$ & $-0.152199$ & $-0.0291807$ & $-0.0230152$ & $0.0807555$ & $0.00169536$ & $-0.0292667$ & $0.0246283$ & $-0.0431539$ & $0.00836232$ & $-0.0279696$ & $0.0124922$ & $0.0727914$ & $-0.0318439$ & $-0.00893449$ & $-0.045607$ & $-0.00174831$ \\
CHL1_22 & $0.0196663$ & $0.0324548$ & $0.0598031$ & $-0.00616713$ & $-0.0171222$ & $-0.119526$ & $-0.103663$ & $0.453092$ & $0.445726$ & $-0.263163$ & $-0.561149$ & $-0.13685$ & $0.032053$ & $0.386861$ & $1$ & $0.484078$ & $0.164048$ & $-0.34716$ & $-0.000537356$ & $0.601786$ & $0.507767$ & $0.495263$ & $-0.232906$ & $0.0137494$ & $-0.0741542$ & $-0.319433$ & $-0.264724$ & $0.213274$ & $0.0577992$ & $0.0424393$ & $0.0769391$ & $-0.105722$ & $0.022011$ & $-0.451699$ & $0.0132577$ & $0.00487521$ & $0.027232$ & $-0.0201577$ & $0.0090665$ & $0.0605066$ & $-0.00141846$ & $0.000456595$ & $-0.0158201$ & $0.0104266$ & $0.0120842$ & $-0.010807$ & $0.0221302$ & $-0.0700678$ & $-0.00207157$ \\
CHL1_33 & $0.0847794$ & $0.0555911$ & $0.00560499$ & $0.0108002$ & $0.0214678$ & $-0.0985274$ & $-0.0563538$ & $0.450685$ & $0.447008$ & $-0.26974$ & $-0.574257$ & $-0.145819$ & $0.0255596$ & $0.401219$ & $0.484078$ & $1$ & $0.209266$ & $0.0395182$ & $-0.30867$ & $0.615143$ & $0.524051$ & $0.530651$ & $-0.199872$ & $0.0400317$ & $-0.0652297$ & $-0.347835$ & $-0.271367$ & $0.216726$ & $0.0581006$ & $0.0401727$ & $-0.0207839$ & $-0.081824$ & $0.0275588$ & $0.0468596$ & $-0.0378562$ & $-0.0377996$ & $0.0283794$ & $-0.0197341$ & $0.0611714$ & $0.058096$ & $-0.0646459$ & $0.0169513$ & $-0.0118929$ & $0.0047648$ & $0.0425521$ & $-0.0557263$ & $-0.0275148$ & $-0.0822698$ & $-0.000503305$ \\
CHL3_11 & $0.0274126$ & $-0.0235631$ & $0.0191925$ & $0.0322998$ & $0.0146104$ & $-0.364601$ & $-0.00586748$ & $-0.217731$ & $-0.219446$ & $0.145895$ & $-0.23321$ & $-0.167575$ & $0.0492527$ & $0.619958$ & $0.164048$ & $0.209266$ & $1$ & $0.801654$ & $0.788903$ & $0.247092$ & $0.208166$ & $0.202432$ & $-0.0994936$ & $0.736206$ & $0.829186$ & $-0.13984$ & $-0.204307$ & $0.11324$ & $0.0441425$ & $0.0819678$ & $0.0612699$ & $-0.0176118$ & $0.101671$ & $-0.236955$ & $-0.0305652$ & $-0.000564178$ & $0.0667902$ & $-0.0477979$ & $-0.0284979$ & $0.0102354$ & $-0.0452002$ & $-0.0268821$ & $-0.0277318$ & $0.0170361$ & $0.0526227$ & $-0.0141858$ & $0.00118315$ & $-0.000360896$ & $0.00821197$ \\
CHL3_22 & $0.0164006$ & $-0.0417305$ & $-0.0246465$ & $0.0506362$ & $0.0384842$ & $-0.120626$ & $0.0484611$ & $-0.412755$ & $-0.412714$ & $0.269798$ & $0.0145617$ & $-0.0822264$ & $0.014949$ & $0.574863$ & $-0.34716$ & $0.0395182$ & $0.801654$ & $1$ & $0.753536$ & $-0.0131746$ & $-0.0199029$ & $-0.0210377$ & $0.00660645$ & $0.736354$ & $0.848354$ & $-0.00177162$ & $-0.0982125$ & $0.0297843$ & $0.00151488$ & $0.0373254$ & $-0.0061299$ & $0.0333857$ & $0.0570638$ & $-0.0534405$ & $-0.0374949$ & $-0.010502$ & $0.0593204$ & $-0.0123447$ & $-0.0290236$ & $-0.0210811$ & $-0.0499584$ & $-0.0210761$ & $-0.0212879$ & $0.0058955$ & $0.0595615$ & $-0.0137143$ & $-0.0234185$ & $0.0185979$ & $0.00307432$ \\
CHL3_33 & $-0.0255048$ & $-0.0593582$ & $-0.00136519$ & $0.0365341$ & $0.00959134$ & $-0.135501$ & $0.0171247$ & $-0.416614$ & $-0.419072$ & $0.285989$ & $0.0205728$ & $-0.0794319$ & $0.0213244$ & $0.58015$ & $-0.000537356$ & $-0.30867$ & $0.788903$ & $0.753536$ & $1$ & $-0.020843$ & $-0.0267276$ & $-0.0265775$ & $-0.00323279$ & $0.733015$ & $0.863131$ & $0.00547715$ & $-0.0858364$ & $0.0317541$ & $-0.00216097$ & $0.0318059$ & $0.0589667$ & $0.0143279$ & $0.0503239$ & $-0.396223$ & $-0.00314585$ & $0.0151898$ & $0.0489946$ & $-0.0114301$ & $-0.0612429$ & $-0.0270121$ & $-0.0144495$ & $-0.037199$ & $-0.0251429$ & $0.0120812$ & $0.0374552$ & $0.0239481$ & $0.00600609$ & $0.0287779$ & $-0.00176452$ \\
CHe_11 & $-0.0052121$ & $0.0225362$ & $0.0367466$ & $0.00178539$ & $0.00553189$ & $-0.14116$ & $-0.084796$ & $0.867343$ & $0.856234$ & $-0.479819$ & $-0.995057$ & $-0.258693$ & $0.00974405$ & $0.654494$ & $0.601786$ & $0.615143$ & $0.247092$ & $-0.0131746$ & $-0.020843$ & $1$ & $0.985705$ & $0.972043$ & $-0.0851484$ & $-0.212369$ & $0.0273384$ & $-0.663853$ & $0.250235$ & $0.438861$ & $0.000678367$ & $-0.0621952$ & $-0.0225506$ & $-0.141736$ & $-0.0129188$ & $0.310675$ & $-0.0339198$ & $-0.00986925$ & $0.0764646$ & $-0.0202702$ & $0.00847605$ & $0.0511679$ & $-0.0356342$ & $0.0218064$ & $-0.0172717$ & $0.0149335$ & $0.0195563$ & $-0.0626887$ & $0.0198534$ & $-0.0404485$ & $0.0079843$ \\
CHe_22 & $-0.0134864$ & $0.0183308$ & $0.0273939$ & $-0.00216874$ & $0.00321795$ & $-0.141825$ & $-0.0789784$ & $0.898067$ & $0.887075$ & $-0.49727$ & $-0.995242$ & $-0.266045$ & $0.00758363$ & $0.614765$ & $0.507767$ & $0.524051$ & $0.208166$ & $-0.0199029$ & $-0.0267276$ & $0.985705$ & $1$ & $0.986212$ & $-0.0419681$ & $-0.286937$ & $0.00806597$ & $-0.675404$ & $0.363256$ & $0.447363$ & $-0.0119774$ & $-0.0828317$ & $-0.0363446$ & $-0.142411$ & $-0.0211335$ & $0.427176$ & $-0.0330724$ & $-0.0106753$ & $0.0730354$ & $-0.0178828$ & $-0.00124409$ & $0.0447769$ & $-0.0299919$ & $0.0309474$ & $-0.0140714$ & $0.0160111$ & $0.019409$ & $-0.0596726$ & $0.0216329$ & $-0.0337974$ & $0.0122323$ \\
CHe_33 & $-0.00788577$ & $0.016006$ & $0.0274067$ & $0.00133797$ & $-0.000643825$ & $-0.142636$ & $-0.0718731$ & $0.889615$ & $0.878198$ & $-0.48662$ & $-0.982745$ & $-0.260002$ & $0.00669682$ & $0.601939$ & $0.495263$ & $0.530651$ & $0.202432$ & $-0.0210377$ & $-0.0265775$ & $0.972043$ & $0.986212$ & $1$ & $-0.0279668$ & $-0.288183$ & $-0.00146274$ & $-0.681728$ & $0.355529$ & $0.444079$ & $-0.0177293$ & $-0.0903996$ & $-0.0456268$ & $-0.136002$ & $-0.018055$ & $0.43214$ & $-0.0313769$ & $-0.0200633$ & $0.0582286$ & $-0.00649663$ & $-0.00521469$ & $0.0429462$ & $-0.0379188$ & $0.0239158$ & $-0.0189194$ & $0.0206569$ & $0.0149401$ & $-0.0420769$ & $0.0195532$ & $-0.0312029$ & $0.0188009$ \\
CHQ1_11 & $-0.0619407$ & $-0.0524633$ & $-0.0211962$ & $0.0238071$ & $0.0885458$ & $0.0285165$ & $-0.0134775$ & $-0.000907359$ & $-0.00648675$ & $0.0848934$ & $0.0651153$ & $0.0929875$ & $-0.0642099$ & $-0.106112$ & $-0.232906$ & $-0.199872$ & $-0.0994936$ & $0.00660645$ & $-0.00323279$ & $-0.0851484$ & $-0.0419681$ & $-0.0279668$ & $1$ & $-0.142251$ & $0.0624347$ & $-0.565627$ & $0.353036$ & $-0.0124465$ & $-0.0347758$ & $-0.0992376$ & $-0.0477367$ & $-0.0268942$ & $-0.0746004$ & $0.198647$ & $0.0157491$ & $0.0181352$ & $0.0206394$ & $0.000270383$ & $-0.0269619$ & $0.000832532$ & $0.0529351$ & $-0.00600962$ & $0.0385417$ & $0.00827502$ & $-0.0354766$ & $-0.0141015$ & $0.068406$ & $0.0308799$ & $0.0403684$ \\
CHQ1_33 & $-0.0130406$ & $-0.017466$ & $-0.00981232$ & $0.0459796$ & $0.021693$ & $-0.0693631$ & $0.0105562$ & $-0.636353$ & $-0.633357$ & $0.387026$ & $0.246097$ & $-0.00288304$ & $0.03125$ & $0.440186$ & $0.0137494$ & $0.0400317$ & $0.736206$ & $0.736354$ & $0.733015$ & $-0.212369$ & $-0.286937$ & $-0.288183$ & $-0.142251$ & $1$ & $0.749024$ & $0.215559$ & $-0.4431$ & $-0.0284066$ & $0.0179952$ & $0.121029$ & $0.0997737$ & $0.0510645$ & $0.104062$ & $-0.605836$ & $0.00578217$ & $-0.00345614$ & $0.0180643$ & $-0.00929874$ & $-0.0266707$ & $0.00448562$ & $-0.0364578$ & $-0.061766$ & $-0.00512674$ & $0.0411869$ & $0.0470084$ & $0.0458478$ & $-0.00848666$ & $-0.0356044$ & $-0.0181435$ \\
CHQ3_11 & $-0.103073$ & $-0.0406959$ & $-0.0229228$ & $0.0467538$ & $0.0389608$ & $-0.15548$ & $-0.00281138$ & $-0.390408$ & $-0.393787$ & $0.261831$ & $-0.0200074$ & $-0.0801607$ & $0.0129481$ & $0.596244$ & $-0.0741542$ & $-0.0652297$ & $0.829186$ & $0.848354$ & $0.863131$ & $0.0273384$ & $0.00806597$ & $-0.00146274$ & $0.0624347$ & $0.749024$ & $1$ & $-0.0181816$ & $0.0677282$ & $0.0515555$ & $0.029728$ & $0.0406155$ & $0.0310984$ & $-0.00899265$ & $0.0590635$ & $-0.277319$ & $-0.00992643$ & $-0.00715372$ & $0.0478939$ & $-0.00443633$ & $-0.0603009$ & $0.00466355$ & $-0.0126557$ & $-0.0277397$ & $-0.0347779$ & $0.0205768$ & $0.047867$ & $-0.0185182$ & $0.0127915$ & $0.0180451$ & $-0.0036522$ \\
CHu_11 & $-0.0143525$ & $0.00722003$ & $-0.0301325$ & $-0.0344311$ & $-0.0436039$ & $0.0747669$ & $0.0469302$ & $-0.606658$ & $-0.593881$ & $0.286101$ & $0.67217$ & $0.127019$ & $0.038772$ & $-0.421567$ & $-0.319433$ & $-0.347835$ & $-0.13984$ & $-0.00177162$ & $0.00547715$ & $-0.663853$ & $-0.675404$ & $-0.681728$ & $-0.565627$ & $0.215559$ & $-0.0181816$ & $1$ & $-0.238457$ & $-0.310027$ & $0.0200723$ & $0.109897$ & $0.0585198$ & $0.0952282$ & $0.0547769$ & $-0.306563$ & $0.0424015$ & $-0.00802102$ & $-0.067168$ & $0.0117823$ & $0.0625944$ & $-0.0444047$ & $-0.00279203$ & $-0.0322611$ & $-0.00170757$ & $0.00469761$ & $-7.22585e-05$ & $0.0446951$ & $-0.0371635$ & $0.028313$ & $-0.0336426$ \\
CHd_11 & $-0.103851$ & $-0.0120758$ & $-0.0465094$ & $-0.0178305$ & $0.0240789$ & $-0.00517987$ & $-0.0443131$ & $0.444466$ & $0.439667$ & $-0.224037$ & $-0.303483$ & $-0.0593597$ & $-0.0299577$ & $-0.0318925$ & $-0.264724$ & $-0.271367$ & $-0.204307$ & $-0.0982125$ & $-0.0858364$ & $0.250235$ & $0.363256$ & $0.355529$ & $0.353036$ & $-0.4431$ & $0.0677282$ & $-0.238457$ & $1$ & $0.173918$ & $-0.0556862$ & $-0.14808$ & $-0.0559382$ & $-0.080546$ & $-0.0586521$ & $0.663344$ & $0.00332264$ & $-0.00286679$ & $-0.00023584$ & $0.0295982$ & $-0.0365574$ & $0.00779654$ & $0.0267502$ & $0.00054917$ & $0.00637879$ & $0.0477722$ & $-0.0471152$ & $-0.0343898$ & $0.0706155$ & $0.0316546$ & $-0.00212671$ \\
CHd_33 & $-0.0078971$ & $0.0415172$ & $0.0268865$ & $0.0537657$ & $0.0296774$ & $-0.0204059$ & $-0.0323779$ & $0.387016$ & $0.385416$ & $-0.155932$ & $-0.444879$ & $-0.0849446$ & $0.000651416$ & $0.315041$ & $0.213274$ & $0.216726$ & $0.11324$ & $0.0297843$ & $0.0317541$ & $0.438861$ & $0.447363$ & $0.444079$ & $-0.0124465$ & $-0.0284066$ & $0.0515555$ & $-0.310027$ & $0.173918$ & $1$ & $0.0326366$ & $0.0345006$ & $0.00355521$ & $-0.0385779$ & $0.00369478$ & $0.18707$ & $0.0216851$ & $-0.0123995$ & $0.0616734$ & $-0.0829321$ & $-0.0414484$ & $0.053532$ & $0.0112274$ & $0.0549169$ & $0.00343648$ & $-0.0245932$ & $0.0769046$ & $-0.0142683$ & $0.0177243$ & $-0.0178719$ & $-0.0438011$ \\
CeH_22r & $0.0394601$ & $0.0263148$ & $-0.00586558$ & $0.0618037$ & $-0.0398896$ & $-0.0865411$ & $0.0560329$ & $-0.0251996$ & $-0.0195942$ & $0.0183389$ & $0.00262153$ & $-0.0210734$ & $0.0546734$ & $-0.00488653$ & $0.0577992$ & $0.0581006$ & $0.0441425$ & $0.00151488$ & $-0.00216097$ & $0.000678367$ & $-0.0119774$ & $-0.0177293$ & $-0.0347758$ & $0.0179952$ & $0.029728$ & $0.0200723$ & $-0.0556862$ & $0.0326366$ & $1$ & $0.0839015$ & $-0.00396136$ & $0.0479903$ & $0.0191496$ & $-0.0643749$ & $-0.029706$ & $0.017245$ & $0.059692$ & $0.00561001$ & $0.0189586$ & $0.0227712$ & $-0.0117553$ & $-0.0463408$ & $-3.13043e-05$ & $0.075563$ & $-0.0170956$ & $-0.0114117$ & $-0.0574747$ & $0.0192869$ & $-0.0311229$ \\
CeH_33r & $-0.0153549$ & $0.00641344$ & $0.0852778$ & $0.00499308$ & $0.0336617$ & $-0.0665869$ & $-0.0673355$ & $-0.109771$ & $-0.0888601$ & $0.0104953$ & $0.074439$ & $-0.0468512$ & $0.226096$ & $-0.0230318$ & $0.0424393$ & $0.0401727$ & $0.0819678$ & $0.0373254$ & $0.0318059$ & $-0.0621952$ & $-0.0828317$ & $-0.0903996$ & $-0.0992376$ & $0.121029$ & $0.0406155$ & $0.109897$ & $-0.14808$ & $0.0345006$ & $0.0839015$ & $1$ & $0.281058$ & $0.100687$ & $0.592324$ & $-0.124021$ & $-0.0152147$ & $0.058319$ & $-0.14145$ & $0.00474101$ & $0.00268663$ & $0.00819873$ & $-0.0417014$ & $-0.0351257$ & $-0.0395147$ & $0.00125085$ & $0.0778526$ & $0.0104114$ & $-0.0614426$ & $0.0122561$ & $-0.0387993$ \\
CuH_22r & $0.00588212$ & $-0.0316215$ & $0.0225191$ & $-0.0329611$ & $-0.0300305$ & $-0.0274895$ & $-0.118586$ & $-0.0539491$ & $-0.0491805$ & $-0.0164105$ & $0.0291563$ & $-0.0298341$ & $0.0735064$ & $-0.00888348$ & $0.0769391$ & $-0.0207839$ & $0.0612699$ & $-0.0061299$ & $0.0589667$ & $-0.0225506$ & $-0.0363446$ & $-0.0456268$ & $-0.0477367$ & $0.0997737$ & $0.0310984$ & $0.0585198$ & $-0.0559382$ & $0.00355521$ & $-0.00396136$ & $0.281058$ & $1$ & $-0.00689583$ & $0.377517$ & $-0.110608$ & $0.040727$ & $0.0295286$ & $-0.169334$ & $-0.00436765$ & $-0.00931012$ & $0.00330545$ & $0.0332644$ & $-0.031197$ & $-0.0356502$ & $0.0306446$ & $-0.0514171$ & $0.0443804$ & $0.369605$ & $0.0738727$ & $0.0794114$ \\
CuH_33r & $0.0560472$ & $-0.0446352$ & $0.0460258$ & $-0.00343965$ & $0.00790548$ & $0.0297055$ & $0.914896$ & $-0.135005$ & $-0.109019$ & $0.126184$ & $0.143193$ & $0.247346$ & $-0.191166$ & $-0.078744$ & $-0.105722$ & $-0.081824$ & $-0.0176118$ & $0.0333857$ & $0.0143279$ & $-0.141736$ & $-0.142411$ & $-0.136002$ & $-0.0268942$ & $0.0510645$ & $-0.00899265$ & $0.0952282$ & $-0.080546$ & $-0.0385779$ & $0.0479903$ & $0.100687$ & $-0.00689583$ & $1$ & $0.0928832$ & $-0.0432284$ & $-0.0420209$ & $0.0897058$ & $0.0319372$ & $-0.0017763$ & $0.0395079$ & $-0.0261083$ & $-0.0606448$ & $0.00698699$ & $-0.0568142$ & $-0.0522855$ & $0.0633125$ & $0.00105892$ & $0.00485937$ & $0.0655228$ & $-0.0188513$ \\
CdH_33r & $0.00408144$ & $0.0109304$ & $0.0653175$ & $0.0405868$ & $0.0284738$ & $-0.0908226$ & $-0.0932935$ & $-0.0561399$ & $-0.0334477$ & $-0.0616304$ & $0.0190007$ & $-0.0592401$ & $0.202743$ & $0.000743244$ & $0.022011$ & $0.0275588$ & $0.101671$ & $0.0570638$ & $0.0503239$ & $-0.0129188$ & $-0.0211335$ & $-0.018055$ & $-0.0746004$ & $0.104062$ & $0.0590635$ & $0.0547769$ & $-0.0586521$ & $0.00369478$ & $0.0191496$ & $0.592324$ & $0.377517$ & $0.0928832$ & $1$ & $-0.0464712$ & $-0.00983611$ & $0.053436$ & $-0.261442$ & $-0.0034792$ & $-0.0160861$ & $0.0555673$ & $-0.0114884$ & $-0.0456874$ & $-0.0518243$ & $0.0047723$ & $0.0870933$ & $0.0132627$ & $-0.0293927$ & $0.163208$ & $0.493688$ \\
CLL_1221 & $-0.0267089$ & $0.0279941$ & $-0.0203385$ & $-0.020628$ & $0.00603204$ & $-0.077766$ & $0.00845947$ & $0.553724$ & $0.552482$ & $-0.31611$ & $-0.364178$ & $-0.0896518$ & $-0.0185602$ & $-0.152199$ & $-0.451699$ & $0.0468596$ & $-0.236955$ & $-0.0534405$ & $-0.396223$ & $0.310675$ & $0.427176$ & $0.43214$ & $0.198647$ & $-0.605836$ & $-0.277319$ & $-0.306563$ & $0.663344$ & $0.18707$ & $-0.0643749$ & $-0.124021$ & $-0.110608$ & $-0.0432284$ & $-0.0464712$ & $1$ & $-0.0361096$ & $-0.00877101$ & $0.0236037$ & $-0.00545205$ & $0.00385249$ & $-0.00332228$ & $-0.0121559$ & $0.0342486$ & $0.0127311$ & $0.000998342$ & $-0.0277955$ & $-0.0460153$ & $0.0161762$ & $0.0389227$ & $0.0159386$ \\
eHggint & $-0.085924$ & $0.0971312$ & $-0.0408862$ & $-0.0288633$ & $0.0335253$ & $0.0352277$ & $-0.136701$ & $-0.0245321$ & $-0.0453745$ & $0.0463554$ & $0.0359428$ & $0.053651$ & $0.0220009$ & $-0.0291807$ & $0.0132577$ & $-0.0378562$ & $-0.0305652$ & $-0.0374949$ & $-0.00314585$ & $-0.0339198$ & $-0.0330724$ & $-0.0313769$ & $0.0157491$ & $0.00578217$ & $-0.00992643$ & $0.0424015$ & $0.00332264$ & $0.0216851$ & $-0.029706$ & $-0.0152147$ & $0.040727$ & $-0.0420209$ & $-0.00983611$ & $-0.0361096$ & $1$ & $-0.0416784$ & $0.0126233$ & $-0.0364457$ & $0.0567615$ & $0.0223881$ & $0.0726922$ & $-0.0873675$ & $-0.0141186$ & $0.00161081$ & $-0.0680153$ & $0.0946135$ & $0.0590731$ & $0.0269396$ & $-0.00869914$ \\
eHggpar & $0.0205835$ & $-0.060924$ & $0.0420197$ & $0.0696879$ & $0.00973822$ & $-0.0254248$ & $0.0211623$ & $-0.00852059$ & $-0.0178535$ & $0.0217353$ & $0.0146075$ & $-0.00379879$ & $0.0391211$ & $-0.0230152$ & $0.00487521$ & $-0.0377996$ & $-0.000564178$ & $-0.010502$ & $0.0151898$ & $-0.00986925$ & $-0.0106753$ & $-0.0200633$ & $0.0181352$ & $-0.00345614$ & $-0.00715372$ & $-0.00802102$ & $-0.00286679$ & $-0.0123995$ & $0.017245$ & $0.058319$ & $0.0295286$ & $0.0897058$ & $0.053436$ & $-0.00877101$ & $-0.0416784$ & $1$ & $0.024705$ & $-0.00118105$ & $-0.01225$ & $0.00801532$ & $-0.0401611$ & $-0.0936206$ & $-0.0621808$ & $-0.0370339$ & $0.0065737$ & $0.0217332$ & $0.0255699$ & $0.0857297$ & $0.0502702$ \\
eHWWint & $-0.0550485$ & $0.0314979$ & $-0.00552722$ & $0.0602082$ & $-0.00321924$ & $-0.0160509$ & $0.0674055$ & $0.0423534$ & $0.0299991$ & $0.0112481$ & $-0.076326$ & $0.0317127$ & $-0.0511665$ & $0.0807555$ & $0.027232$ & $0.0283794$ & $0.0667902$ & $0.0593204$ & $0.0489946$ & $0.0764646$ & $0.0730354$ & $0.0582286$ & $0.0206394$ & $0.0180643$ & $0.0478939$ & $-0.067168$ & $-0.00023584$ & $0.0616734$ & $0.059692$ & $-0.14145$ & $-0.169334$ & $0.0319372$ & $-0.261442$ & $0.0236037$ & $0.0126233$ & $0.024705$ & $1$ & $0.0102816$ & $-0.0513214$ & $0.0207039$ & $0.0435143$ & $-0.054317$ & $-0.00650207$ & $-0.0138535$ & $-0.050946$ & $-0.0784894$ & $-0.0402724$ & $0.0436219$ & $-0.110106$ \\
eHWWpar & $-0.00714845$ & $-0.0463108$ & $-0.0168027$ & $0.0216026$ & $-0.0509111$ & $0.0116597$ & $-0.0162586$ & $-0.00409437$ & $-0.0190266$ & $0.0213499$ & $0.0169435$ & $0.036572$ & $-0.0248145$ & $0.00169536$ & $-0.0201577$ & $-0.0197341$ & $-0.0477979$ & $-0.0123447$ & $-0.0114301$ & $-0.0202702$ & $-0.0178828$ & $-0.00649663$ & $0.000270383$ & $-0.00929874$ & $-0.00443633$ & $0.0117823$ & $0.0295982$ & $-0.0829321$ & $0.00561001$ & $0.00474101$ & $-0.00436765$ & $-0.0017763$ & $-0.0034792$ & $-0.00545205$ & $-0.0364457$ & $-0.00118105$ & $0.0102816$ & $1$ & $0.0175493$ & $0.0181857$ & $-0.057234$ & $-0.0689202$ & $-0.0191589$ & $0.0982459$ & $-0.111428$ & $0.089668$ & $0.0414132$ & $-0.0894766$ & $0.0320662$ \\
eHZZint & $0.0221989$ & $-0.0590892$ & $0.000142074$ & $-0.0528327$ & $0.0566246$ & $0.017254$ & $0.0176973$ & $0.0165979$ & $0.00700299$ & $-0.00799789$ & $-0.00303362$ & $0.0278971$ & $-0.0220958$ & $-0.0292667$ & $0.0090665$ & $0.0611714$ & $-0.0284979$ & $-0.0290236$ & $-0.0612429$ & $0.00847605$ & $-0.00124409$ & $-0.00521469$ & $-0.0269619$ & $-0.0266707$ & $-0.0603009$ & $0.0625944$ & $-0.0365574$ & $-0.0414484$ & $0.0189586$ & $0.00268663$ & $-0.00931012$ & $0.0395079$ & $-0.0160861$ & $0.00385249$ & $0.0567615$ & $-0.01225$ & $-0.0513214$ & $0.0175493$ & $1$ & $0.050366$ & $-0.0371695$ & $-0.0771196$ & $0.0124425$ & $-0.00827187$ & $-0.0345089$ & $-0.0426969$ & $0.0323036$ & $0.0458087$ & $-0.00652447$ \\
eHZZpar & $-0.0690023$ & $-0.0174216$ & $-0.0337099$ & $0.0448873$ & $-0.00169449$ & $0.00622446$ & $-0.0630654$ & $0.0460952$ & $0.0378988$ & $-0.061347$ & $-0.0502652$ & $-0.0564153$ & $0.0350101$ & $0.0246283$ & $0.0605066$ & $0.058096$ & $0.0102354$ & $-0.0210811$ & $-0.0270121$ & $0.0511679$ & $0.0447769$ & $0.0429462$ & $0.000832532$ & $0.00448562$ & $0.00466355$ & $-0.0444047$ & $0.00779654$ & $0.053532$ & $0.0227712$ & $0.00819873$ & $0.00330545$ & $-0.0261083$ & $0.0555673$ & $-0.00332228$ & $0.0223881$ & $0.00801532$ & $0.0207039$ & $0.0181857$ & $0.050366$ & $1$ & $0.0848749$ & $-0.0220968$ & $-0.0158496$ & $0.0415507$ & $0.0107336$ & $-0.0520008$ & $0.0132771$ & $-0.00752437$ & $0.05552$ \\
eHZgaint & $-0.083669$ & $-0.00364341$ & $0.00751094$ & $-0.0252734$ & $-0.00954791$ & $0.0283339$ & $-0.0791455$ & $-0.0101877$ & $-0.0208996$ & $-0.0339839$ & $0.0344812$ & $0.0156845$ & $-0.0278953$ & $-0.0431539$ & $-0.00141846$ & $-0.0646459$ & $-0.0452002$ & $-0.0499584$ & $-0.0144495$ & $-0.0356342$ & $-0.0299919$ & $-0.0379188$ & $0.0529351$ & $-0.0364578$ & $-0.0126557$ & $-0.00279203$ & $0.0267502$ & $0.0112274$ & $-0.0117553$ & $-0.0417014$ & $0.0332644$ & $-0.0606448$ & $-0.0114884$ & $-0.0121559$ & $0.0726922$ & $-0.0401611$ & $0.0435143$ & $-0.057234$ & $-0.0371695$ & $0.0848749$ & $1$ & $0.0381066$ & $-0.0212511$ & $-0.0580808$ & $-0.01309$ & $-0.00743162$ & $0.0430631$ & $0.0981518$ & $0.000891083$ \\
eHZgapar & $-0.00309928$ & $0.00597725$ & $0.0404192$ & $-0.0198562$ & $0.0509992$ & $-0.0344647$ & $0.042634$ & $0.0381842$ & $0.047007$ & $-0.0339642$ & $-0.0249788$ & $-0.00286984$ & $-0.0318174$ & $0.00836232$ & $0.000456595$ & $0.0169513$ & $-0.0268821$ & $-0.0210761$ & $-0.037199$ & $0.0218064$ & $0.0309474$ & $0.0239158$ & $-0.00600962$ & $-0.061766$ & $-0.0277397$ & $-0.0322611$ & $0.00054917$ & $0.0549169$ & $-0.0463408$ & $-0.0351257$ & $-0.031197$ & $0.00698699$ & $-0.0456874$ & $0.0342486$ & $-0.0873675$ & $-0.0936206$ & $-0.054317$ & $-0.0689202$ & $-0.0771196$ & $-0.0220968$ & $0.0381066$ & $1$ & $0.0614767$ & $-0.0157016$ & $0.066467$ & $-0.0984164$ & $-0.00741531$ & $-0.0225656$ & $0.0323099$ \\
eHgagaint & $-0.000885859$ & $-0.000553072$ & $0.0434679$ & $0.019335$ & $-0.0456719$ & $-0.0204288$ & $-0.0449292$ & $-0.00117102$ & $0.052081$ & $-0.0270762$ & $0.0170976$ & $-0.0126399$ & $-0.00107698$ & $-0.0279696$ & $-0.0158201$ & $-0.0118929$ & $-0.0277318$ & $-0.0212879$ & $-0.0251429$ & $-0.0172717$ & $-0.0140714$ & $-0.0189194$ & $0.0385417$ & $-0.00512674$ & $-0.0347779$ & $-0.00170757$ & $0.00637879$ & $0.00343648$ & $-3.13043e-05$ & $-0.0395147$ & $-0.0356502$ & $-0.0568142$ & $-0.0518243$ & $0.0127311$ & $-0.0141186$ & $-0.0621808$ & $-0.00650207$ & $-0.0191589$ & $0.0124425$ & $-0.0158496$ & $-0.0212511$ & $0.0614767$ & $1$ & $0.0283128$ & $0.0416168$ & $0.0462093$ & $0.0340869$ & $-0.0330149$ & $-0.0382611$ \\
eHmumuint & $-0.0111294$ & $-0.0758454$ & $0.100621$ & $0.0499875$ & $-0.0246479$ & $-0.0588208$ & $-0.051419$ & $0.0124046$ & $0.0136229$ & $-0.025128$ & $-0.0176705$ & $-0.0469936$ & $0.0392074$ & $0.0124922$ & $0.0104266$ & $0.0047648$ & $0.0170361$ & $0.0058955$ & $0.0120812$ & $0.0149335$ & $0.0160111$ & $0.0206569$ & $0.00827502$ & $0.0411869$ & $0.0205768$ & $0.00469761$ & $0.0477722$ & $-0.0245932$ & $0.075563$ & $0.00125085$ & $0.0306446$ & $-0.0522855$ & $0.0047723$ & $0.000998342$ & $0.00161081$ & $-0.0370339$ & $-0.0138535$ & $0.0982459$ & $-0.00827187$ & $0.0415507$ & $-0.0580808$ & $-0.0157016$ & $0.0283128$ & $1$ & $-0.0336028$ & $0.117031$ & $0.0162517$ & $0.00792108$ & $0.00102026$ \\
eHtautauint & $0.0175729$ & $-0.0188517$ & $-0.029839$ & $0.0359277$ & $0.0165156$ & $0.0239094$ & $0.0871517$ & $-0.0123041$ & $0.00318534$ & $0.00417185$ & $-0.0191679$ & $-0.0212495$ & $0.0138872$ & $0.0727914$ & $0.0120842$ & $0.0425521$ & $0.0526227$ & $0.0595615$ & $0.0374552$ & $0.0195563$ & $0.019409$ & $0.0149401$ & $-0.0354766$ & $0.0470084$ & $0.047867$ & $-7.22585e-05$ & $-0.0471152$ & $0.0769046$ & $-0.0170956$ & $0.0778526$ & $-0.0514171$ & $0.0633125$ & $0.0870933$ & $-0.0277955$ & $-0.0680153$ & $0.0065737$ & $-0.050946$ & $-0.111428$ & $-0.0345089$ & $0.0107336$ & $-0.01309$ & $0.066467$ & $0.0416168$ & $-0.0336028$ & $1$ & $-0.0897876$ & $-0.0357104$ & $0.0240915$ & $0.0615481$ \\
eHccint & $0.0113447$ & $-0.014446$ & $-0.025991$ & $-0.0490848$ & $-0.0592709$ & $-0.0933643$ & $-0.0244347$ & $-0.0532424$ & $-0.0484642$ & $0.0813762$ & $0.0597948$ & $0.0339045$ & $0.0127083$ & $-0.0318439$ & $-0.010807$ & $-0.0557263$ & $-0.0141858$ & $-0.0137143$ & $0.0239481$ & $-0.0626887$ & $-0.0596726$ & $-0.0420769$ & $-0.0141015$ & $0.0458478$ & $-0.0185182$ & $0.0446951$ & $-0.0343898$ & $-0.0142683$ & $-0.0114117$ & $0.0104114$ & $0.0443804$ & $0.00105892$ & $0.0132627$ & $-0.0460153$ & $0.0946135$ & $0.0217332$ & $-0.0784894$ & $0.089668$ & $-0.0426969$ & $-0.0520008$ & $-0.00743162$ & $-0.0984164$ & $0.0462093$ & $0.117031$ & $-0.0897876$ & $1$ & $0.00925596$ & $-0.0389087$ & $-0.0140654$ \\
eHccpar & $-0.0420064$ & $-0.0941751$ & $-0.0473387$ & $-0.0640769$ & $-0.0470788$ & $-0.0511151$ & $0.0139747$ & $0.0305388$ & $0.0271209$ & $0.0439314$ & $-0.0229518$ & $0.0246071$ & $-0.0168789$ & $-0.00893449$ & $0.0221302$ & $-0.0275148$ & $0.00118315$ & $-0.0234185$ & $0.00600609$ & $0.0198534$ & $0.0216329$ & $0.0195532$ & $0.068406$ & $-0.00848666$ & $0.0127915$ & $-0.0371635$ & $0.0706155$ & $0.0177243$ & $-0.0574747$ & $-0.0614426$ & $0.369605$ & $0.00485937$ & $-0.0293927$ & $0.0161762$ & $0.0590731$ & $0.0255699$ & $-0.0402724$ & $0.0414132$ & $0.0323036$ & $0.0132771$ & $0.0430631$ & $-0.00741531$ & $0.0340869$ & $0.0162517$ & $-0.0357104$ & $0.00925596$ & $1$ & $0.0471753$ & $0.0602833$ \\
eHbbint & $-0.0913991$ & $-0.0802914$ & $-0.0649583$ & $-0.0229972$ & $0.0108376$ & $-0.0443509$ & $0.0533691$ & $-0.0278319$ & $-0.0355679$ & $0.04094$ & $0.0379536$ & $0.0268539$ & $-0.00208181$ & $-0.045607$ & $-0.0700678$ & $-0.0822698$ & $-0.000360896$ & $0.0185979$ & $0.0287779$ & $-0.0404485$ & $-0.0337974$ & $-0.0312029$ & $0.0308799$ & $-0.0356044$ & $0.0180451$ & $0.028313$ & $0.0316546$ & $-0.0178719$ & $0.0192869$ & $0.0122561$ & $0.0738727$ & $0.0655228$ & $0.163208$ & $0.0389227$ & $0.0269396$ & $0.0857297$ & $0.0436219$ & $-0.0894766$ & $0.0458087$ & $-0.00752437$ & $0.0981518$ & $-0.0225656$ & $-0.0330149$ & $0.00792108$ & $0.0240915$ & $-0.0389087$ & $0.0471753$ & $1$ & $0.0340478$ \\
eHbbpar & $-0.000406657$ & $0.0573078$ & $0.0423323$ & $0.0288567$ & $-0.00782844$ & $-0.0584188$ & $-0.0199577$ & $0.00657139$ & $0.00913098$ & $-0.0130947$ & $-0.00786077$ & $-0.0344672$ & $0.0261229$ & $-0.00174831$ & $-0.00207157$ & $-0.000503305$ & $0.00821197$ & $0.00307432$ & $-0.00176452$ & $0.0079843$ & $0.0122323$ & $0.0188009$ & $0.0403684$ & $-0.0181435$ & $-0.0036522$ & $-0.0336426$ & $-0.00212671$ & $-0.0438011$ & $-0.0311229$ & $-0.0387993$ & $0.0794114$ & $-0.0188513$ & $0.493688$ & $0.0159386$ & $-0.00869914$ & $0.0502702$ & $-0.110106$ & $0.0320662$ & $-0.00652447$ & $0.05552$ & $0.000891083$ & $0.0323099$ & $-0.0382611$ & $0.00102026$ & $0.0615481$ & $-0.0140654$ & $0.0602833$ & $0.0340478$ & $1$ \\
