 & AlsMz & dAle5Mz & mtop & mHl & Mz & CW & CHG & CHWB & CHWHB_gaga & CHWHB_gagaorth & CHD & CHbox & CH & CHL1_11 & CHL1_22 & CHL1_33 & CHL3_11 & CHL3_22 & CHL3_33 & CHe_11 & CHe_22 & CHe_33 & CHQ1_11 & CHQ1_33 & CHQ3_11 & CHu_11 & CHd_11 & CHd_33 & CeH_22r & CeH_33r & CuH_22r & CuH_33r & CdH_33r & CLL_1221 & eHggint & eHggpar & eHWWint & eHWWpar & eHZZint & eHZZpar & eHZgaint & eHZgapar & eHgagaint & eHmumuint & eHtautauint & eHccint & eHccpar & eHbbint & eHbbpar \\
AlsMz & $1$ & $-0.0109624$ & $0.0307581$ & $0.0455177$ & $-0.0126309$ & $0.0163202$ & $0.0414428$ & $-0.00559553$ & $-0.00828246$ & $0.0189273$ & $-0.00308239$ & $0.0197635$ & $0.00695455$ & $-0.00762532$ & $0.000769928$ & $0.0128286$ & $0.0123346$ & $0.00370364$ & $-0.00785869$ & $-0.0058431$ & $-0.00698438$ & $-0.00398198$ & $-0.0106449$ & $-0.0506252$ & $-0.108077$ & $-0.0394278$ & $-0.0280419$ & $0.0199295$ & $0.0247229$ & $0.0168865$ & $-0.0043802$ & $0.0472171$ & $-0.0139187$ & $0.00189785$ & $0.0100258$ & $0.0303913$ & $0.0364626$ & $0.00307031$ & $0.162622$ & $0.0113652$ & $-0.0130136$ & $-0.0152288$ & $-0.117884$ & $-0.127354$ & $-0.0120259$ & $0.00829847$ & $0.00471905$ & $-0.0691843$ & $0.00410283$ \\
dAle5Mz & $-0.0109624$ & $1$ & $-0.0778848$ & $0.0405697$ & $0.0165684$ & $0.0362401$ & $0.0701269$ & $-0.123259$ & $-0.120966$ & $0.0534111$ & $0.0971481$ & $0.0500361$ & $-0.0396658$ & $-0.0264965$ & $-0.0245784$ & $0.000403915$ & $0.0307374$ & $0.0367716$ & $0.0220102$ & $-0.0681793$ & $-0.0733167$ & $-0.0640534$ & $0.0106257$ & $0.0547817$ & $0.0328394$ & $0.0196446$ & $-0.0374575$ & $-0.0243297$ & $0.00936722$ & $-0.00833961$ & $0.0532159$ & $0.0844478$ & $-0.022622$ & $-0.00664643$ & $0.0420782$ & $0.148589$ & $-0.0412804$ & $-0.00273606$ & $-0.0692933$ & $0.0162116$ & $0.0276406$ & $0.0263795$ & $0.00536947$ & $-0.0777003$ & $-0.124539$ & $0.0716575$ & $0.0843332$ & $0.101669$ & $-0.0770413$ \\
mtop & $0.0307581$ & $-0.0778848$ & $1$ & $-0.195377$ & $-0.0237397$ & $-0.00365237$ & $0.00694186$ & $0.00248634$ & $-0.00834394$ & $0.0244191$ & $-8.46735e-05$ & $0.024923$ & $-0.00117276$ & $0.017018$ & $0.0159216$ & $0.0231872$ & $0.00496792$ & $0.000855239$ & $-0.00244632$ & $0.00565264$ & $0.0019052$ & $0.00299489$ & $-0.00415415$ & $0.0176089$ & $0.00427574$ & $-0.00759143$ & $-0.0104033$ & $0.0180689$ & $0.0103282$ & $0.00660782$ & $-0.0339547$ & $0.00499257$ & $0.0286353$ & $-0.0175877$ & $-0.0726274$ & $0.0667519$ & $0.0979023$ & $-0.0253666$ & $0.0113582$ & $-0.00180821$ & $0.0305711$ & $0.0205273$ & $-0.125426$ & $0.000719552$ & $0.00766016$ & $0.104027$ & $-0.0718904$ & $-0.04344$ & $0.0744347$ \\
mHl & $0.0455177$ & $0.0405697$ & $-0.195377$ & $1$ & $-0.00956278$ & $0.000992767$ & $0.0167617$ & $-0.00747307$ & $-0.0172133$ & $0.0122262$ & $0.00818514$ & $0.0224075$ & $0.00717605$ & $-0.00774325$ & $-0.0237064$ & $-0.0172388$ & $-0.000937227$ & $0.0111034$ & $0.00410831$ & $-0.0101603$ & $-0.0056647$ & $-0.0037237$ & $0.0255571$ & $-0.00696871$ & $3.41913e-06$ & $-0.0124407$ & $0.0126909$ & $0.0124634$ & $-0.00900111$ & $-0.00961839$ & $0.0275526$ & $0.0216823$ & $-0.0672521$ & $0.0182883$ & $0.0815564$ & $-0.0338486$ & $0.0640233$ & $-0.0154369$ & $0.0512529$ & $-0.0179234$ & $-0.096409$ & $-0.0189041$ & $-0.0994856$ & $0.0122441$ & $0.0258971$ & $0.0437688$ & $0.0509377$ & $0.0200278$ & $-0.121515$ \\
Mz & $-0.0126309$ & $0.0165684$ & $-0.0237397$ & $-0.00956278$ & $1$ & $0.000420995$ & $-0.0156286$ & $0.00649274$ & $0.00352243$ & $0.0070713$ & $0.00528937$ & $0.00674864$ & $0.0197091$ & $0.00206415$ & $0.021047$ & $0.00287387$ & $-0.01178$ & $-0.020104$ & $-0.0068025$ & $0.00693272$ & $0.0040104$ & $0.00198311$ & $-0.0175581$ & $-0.00504584$ & $-0.0167372$ & $0.00357863$ & $-0.0133445$ & $-0.00600504$ & $-0.013479$ & $0.00890102$ & $-0.0190462$ & $-0.0113153$ & $0.004603$ & $-0.0156133$ & $-0.00180399$ & $0.012622$ & $-0.00764537$ & $0.0162867$ & $-4.213e-05$ & $0.00850265$ & $-0.00568046$ & $0.00193115$ & $0.00177465$ & $-0.00449266$ & $-0.00599584$ & $-0.00359334$ & $-0.0152626$ & $0.0169756$ & $-0.00731691$ \\
CW & $0.0163202$ & $0.0362401$ & $-0.00365237$ & $0.000992767$ & $0.000420995$ & $1$ & $0.0178495$ & $-0.12116$ & $-0.121479$ & $0.0177787$ & $0.169205$ & $0.0472446$ & $-0.012216$ & $0.0356611$ & $-0.0654546$ & $-0.068039$ & $-0.233815$ & $-0.0372286$ & $-0.0351747$ & $-0.164578$ & $-0.172892$ & $-0.170292$ & $-0.0195763$ & $0.00895636$ & $-0.0775816$ & $0.100025$ & $-0.0868924$ & $-0.0753266$ & $-0.00546608$ & $-0.0205922$ & $-0.00878106$ & $0.0120979$ & $-0.0125663$ & $-0.123972$ & $-0.0146014$ & $0.0133184$ & $0.0217503$ & $0.0119692$ & $0.003426$ & $-0.0141358$ & $0.000393787$ & $-0.0101494$ & $-0.0170075$ & $-0.00752893$ & $0.000936065$ & $0.0238168$ & $0.00762436$ & $0.00495042$ & $0.00482989$ \\
CHG & $0.0414428$ & $0.0701269$ & $0.00694186$ & $0.0167617$ & $-0.0156286$ & $0.0178495$ & $1$ & $-0.0978802$ & $-0.0474887$ & $0.0485425$ & $0.0727136$ & $-0.044173$ & $-0.279806$ & $0.0168293$ & $-0.0486024$ & $-0.0302108$ & $0.049856$ & $0.079042$ & $0.0654265$ & $-0.0712093$ & $-0.0722285$ & $-0.0699271$ & $-0.00389412$ & $0.0751106$ & $0.0645687$ & $0.0279549$ & $-0.0278365$ & $-0.0143491$ & $0.00722965$ & $-0.0990963$ & $-0.0568433$ & $0.940026$ & $-0.157838$ & $-0.033445$ & $-0.00990093$ & $-0.000214904$ & $-0.00261943$ & $-0.0144209$ & $-0.0105177$ & $0.0210297$ & $-0.00171049$ & $0.0153682$ & $-0.00795946$ & $-0.0129292$ & $-0.03074$ & $-0.0156826$ & $0.0225262$ & $-0.0330832$ & $-0.0451469$ \\
CHWB & $-0.00559553$ & $-0.123259$ & $0.00248634$ & $-0.00747307$ & $0.00649274$ & $-0.12116$ & $-0.0978802$ & $1$ & $0.981727$ & $-0.571002$ & $-0.880085$ & $-0.208526$ & $0.364589$ & $0.0886682$ & $0.294642$ & $0.283828$ & $-0.250616$ & $-0.438333$ & $-0.441553$ & $0.851017$ & $0.896978$ & $0.877683$ & $0.0593132$ & $-0.675095$ & $-0.401479$ & $-0.492648$ & $0.427865$ & $0.305259$ & $0.0216447$ & $0.121333$ & $0.0466198$ & $-0.0881988$ & $0.124763$ & $0.560674$ & $0.0197668$ & $-0.0311192$ & $-0.00981964$ & $0.0116896$ & $0.0314182$ & $-0.00526161$ & $-0.018354$ & $0.00102763$ & $0.0180644$ & $0.00395584$ & $0.00927692$ & $-0.0317646$ & $-0.00525361$ & $-0.00164669$ & $0.00629762$ \\
CHWHB_gaga & $-0.00828246$ & $-0.120966$ & $-0.00834394$ & $-0.0172133$ & $0.00352243$ & $-0.121479$ & $-0.0474887$ & $0.981727$ & $1$ & $-0.560829$ & $-0.86051$ & $-0.187158$ & $0.361222$ & $0.07853$ & $0.29254$ & $0.281787$ & $-0.252821$ & $-0.438868$ & $-0.44217$ & $0.832486$ & $0.876827$ & $0.857817$ & $0.0569632$ & $-0.665384$ & $-0.39977$ & $-0.48111$ & $0.418753$ & $0.297716$ & $0.0268662$ & $0.143799$ & $0.0580007$ & $-0.0474393$ & $0.143609$ & $0.548084$ & $0.0111314$ & $-0.0448702$ & $-0.029937$ & $0.00838331$ & $0.0174602$ & $-0.00562162$ & $-0.0156614$ & $0.000368761$ & $0.0888083$ & $0.00162552$ & $0.0190986$ & $-0.0374823$ & $-0.000615561$ & $0.00096099$ & $-0.00464104$ \\
CHWHB_gagaorth & $0.0189273$ & $0.0534111$ & $0.0244191$ & $0.0122262$ & $0.0070713$ & $0.0177787$ & $0.0485425$ & $-0.571002$ & $-0.560829$ & $1$ & $0.370184$ & $0.589575$ & $-0.250412$ & $0.211912$ & $-0.133668$ & $-0.128397$ & $0.414837$ & $0.470708$ & $0.474429$ & $-0.358484$ & $-0.385524$ & $-0.376455$ & $-0.070479$ & $0.539395$ & $0.455469$ & $0.222845$ & $-0.238293$ & $-0.103635$ & $-0.021086$ & $-0.130976$ & $-0.0572691$ & $0.0648316$ & $-0.143944$ & $-0.340937$ & $0.0235692$ & $0.0391095$ & $0.00599102$ & $0.00926544$ & $-0.0137678$ & $0.00777831$ & $-0.0402153$ & $0.0206184$ & $-0.0461739$ & $-0.00779279$ & $-0.0132042$ & $0.0122593$ & $0.003325$ & $0.00251654$ & $-0.013511$ \\
CHD & $-0.00308239$ & $0.0971481$ & $-8.46735e-05$ & $0.00818514$ & $0.00528937$ & $0.169205$ & $0.0727136$ & $-0.880085$ & $-0.86051$ & $0.370184$ & $1$ & $0.275132$ & $-0.185736$ & $-0.503998$ & $-0.412623$ & $-0.412305$ & $-0.203854$ & $0.073702$ & $0.082155$ & $-0.989929$ & $-0.990889$ & $-0.969486$ & $-0.00260167$ & $0.314491$ & $0.0270449$ & $0.54426$ & $-0.296693$ & $-0.344361$ & $-0.00274616$ & $-0.0793025$ & $-0.0262941$ & $0.0765252$ & $-0.0754602$ & $-0.369914$ & $-0.00276454$ & $0.0325327$ & $0.00353352$ & $-0.00755382$ & $-0.032827$ & $-0.00360741$ & $0.018486$ & $-0.00603219$ & $0.00335081$ & $0.0089241$ & $0.000624186$ & $0.0189809$ & $0.00449534$ & $0.007742$ & $-0.0125298$ \\
CHbox & $0.0197635$ & $0.0500361$ & $0.024923$ & $0.0224075$ & $0.00674864$ & $0.0472446$ & $-0.044173$ & $-0.208526$ & $-0.187158$ & $0.589575$ & $0.275132$ & $1$ & $0.183836$ & $-0.21496$ & $-0.0259105$ & $-0.0382536$ & $-0.140438$ & $-0.0986337$ & $-0.0935517$ & $-0.254741$ & $-0.281439$ & $-0.275236$ & $-0.0476687$ & $0.0481981$ & $-0.0969478$ & $0.167097$ & $-0.140712$ & $-0.0738575$ & $0.0395864$ & $0.227684$ & $0.0608954$ & $0.0450681$ & $0.249458$ & $-0.148766$ & $0.102956$ & $0.0787622$ & $-0.00395842$ & $0.01494$ & $-0.0129969$ & $0.00277992$ & $-0.0380723$ & $0.0207858$ & $-0.012008$ & $0.00672997$ & $0.00336167$ & $0.0100634$ & $0.00116432$ & $0.00868602$ & $-0.026409$ \\
CH & $0.00695455$ & $-0.0396658$ & $-0.00117276$ & $0.00717605$ & $0.0197091$ & $-0.012216$ & $-0.279806$ & $0.364589$ & $0.361222$ & $-0.250412$ & $-0.185736$ & $0.183836$ & $1$ & $-0.238359$ & $0.0816379$ & $0.0727111$ & $-0.365662$ & $-0.388913$ & $-0.390008$ & $0.182595$ & $0.196974$ & $0.190968$ & $0.0326563$ & $-0.398049$ & $-0.372214$ & $-0.108062$ & $0.15013$ & $0.0808541$ & $0.0614008$ & $0.277944$ & $0.0910197$ & $-0.22975$ & $0.318661$ & $0.219511$ & $0.0210364$ & $0.00626569$ & $-0.0105804$ & $0.0160592$ & $0.0212954$ & $-0.00844048$ & $-0.0263377$ & $-0.0212457$ & $0.0240342$ & $-0.00557181$ & $0.0338891$ & $-0.011806$ & $0.0053139$ & $0.0167313$ & $-0.0257218$ \\
CHL1_11 & $-0.00762532$ & $-0.0264965$ & $0.017018$ & $-0.00774325$ & $0.00206415$ & $0.0356611$ & $0.0168293$ & $0.0886682$ & $0.07853$ & $0.211912$ & $-0.503998$ & $-0.21496$ & $-0.238359$ & $1$ & $0.258768$ & $0.274819$ & $0.662908$ & $0.599942$ & $0.589069$ & $0.522151$ & $0.463675$ & $0.451011$ & $-0.0805328$ & $0.470779$ & $0.599335$ & $-0.257313$ & $-0.0990112$ & $0.17403$ & $-0.0311364$ & $-0.0460461$ & $-0.0295852$ & $-0.00842098$ & $-0.0577887$ & $-0.210986$ & $-0.0453781$ & $-0.0113854$ & $0.0183602$ & $0.00108714$ & $0.0103142$ & $0.0169642$ & $-0.00362024$ & $0.0103445$ & $-0.0430584$ & $-0.020193$ & $-0.0137547$ & $0.0119912$ & $0.000524942$ & $-0.0189627$ & $0.020155$ \\
CHL1_22 & $0.000769928$ & $-0.0245784$ & $0.0159216$ & $-0.0237064$ & $0.021047$ & $-0.0654546$ & $-0.0486024$ & $0.294642$ & $0.29254$ & $-0.133668$ & $-0.412623$ & $-0.0259105$ & $0.0816379$ & $0.258768$ & $1$ & $0.448973$ & $0.149491$ & $-0.458834$ & $-0.0525898$ & $0.479231$ & $0.327993$ & $0.316553$ & $-0.18778$ & $0.10043$ & $-0.151497$ & $-0.178625$ & $-0.398258$ & $0.126508$ & $-0.00357695$ & $0.0499133$ & $-0.00260899$ & $-0.0459067$ & $0.0451955$ & $-0.595737$ & $0.0284612$ & $-0.00754271$ & $-0.0158984$ & $0.0164509$ & $0.0145346$ & $-0.00170017$ & $-0.00769179$ & $0.0236717$ & $0.0109406$ & $-0.0100125$ & $0.0121721$ & $0.00122487$ & $-0.0163832$ & $-0.003228$ & $0.0133227$ \\
CHL1_33 & $0.0128286$ & $0.000403915$ & $0.0231872$ & $-0.0172388$ & $0.00287387$ & $-0.068039$ & $-0.0302108$ & $0.283828$ & $0.281787$ & $-0.128397$ & $-0.412305$ & $-0.0382536$ & $0.0727111$ & $0.274819$ & $0.448973$ & $1$ & $0.172784$ & $-0.0197902$ & $-0.434549$ & $0.47874$ & $0.3314$ & $0.348304$ & $-0.185657$ & $0.11633$ & $-0.123941$ & $-0.172091$ & $-0.384858$ & $0.11691$ & $0.000256422$ & $0.0477978$ & $0.0115438$ & $-0.0334021$ & $0.0465573$ & $-0.109659$ & $0.0106468$ & $-0.02222$ & $-0.00873347$ & $0.00949334$ & $0.0170659$ & $-0.00880624$ & $0.019846$ & $0.0100584$ & $0.000399734$ & $-0.0269102$ & $0.00516002$ & $0.0170601$ & $0.00368817$ & $0.0140328$ & $0.0235625$ \\
CHL3_11 & $0.0123346$ & $0.0307374$ & $0.00496792$ & $-0.000937227$ & $-0.01178$ & $-0.233815$ & $0.049856$ & $-0.250616$ & $-0.252821$ & $0.414837$ & $-0.203854$ & $-0.140438$ & $-0.365662$ & $0.662908$ & $0.149491$ & $0.172784$ & $1$ & $0.738708$ & $0.73055$ & $0.225704$ & $0.171428$ & $0.169229$ & $-0.0748922$ & $0.680589$ & $0.770616$ & $-0.0960258$ & $-0.166111$ & $0.0709801$ & $-0.0331346$ & $-0.0890178$ & $-0.0415296$ & $0.0233329$ & $-0.102003$ & $-0.248678$ & $-0.0283043$ & $-0.0126688$ & $0.0101315$ & $-0.0130051$ & $0.00280698$ & $0.0221644$ & $-0.00966619$ & $0.00664243$ & $-0.0407803$ & $-0.0225078$ & $-0.0221146$ & $0.0242018$ & $-0.0073178$ & $-0.0141327$ & $0.00918236$ \\
CHL3_22 & $0.00370364$ & $0.0367716$ & $0.000855239$ & $0.0111034$ & $-0.020104$ & $-0.0372286$ & $0.079042$ & $-0.438333$ & $-0.438868$ & $0.470708$ & $0.073702$ & $-0.0986337$ & $-0.388913$ & $0.599942$ & $-0.458834$ & $-0.0197902$ & $0.738708$ & $1$ & $0.676521$ & $-0.0771312$ & $-0.0677189$ & $-0.0615424$ & $0.0127113$ & $0.621245$ & $0.794291$ & $0.0355079$ & $-0.00537989$ & $-0.0191307$ & $-0.0333252$ & $-0.110853$ & $-0.0382428$ & $0.0519394$ & $-0.119991$ & $0.039058$ & $-0.0534799$ & $-0.00276762$ & $0.0231484$ & $-0.0182057$ & $-0.00622734$ & $0.0173768$ & $0.00572094$ & $-0.00631724$ & $-0.0482555$ & $-0.0147752$ & $-0.0229585$ & $0.0242445$ & $0.00907491$ & $-0.0113223$ & $0.00766623$ \\
CHL3_33 & $-0.00785869$ & $0.0220102$ & $-0.00244632$ & $0.00410831$ & $-0.0068025$ & $-0.0351747$ & $0.0654265$ & $-0.441553$ & $-0.44217$ & $0.474429$ & $0.082155$ & $-0.0935517$ & $-0.390008$ & $0.589069$ & $-0.0525898$ & $-0.434549$ & $0.73055$ & $0.676521$ & $1$ & $-0.0866737$ & $-0.0759079$ & $-0.0699061$ & $0.0165224$ & $0.614932$ & $0.789708$ & $0.0350831$ & $-0.00532$ & $-0.0144031$ & $-0.0326901$ & $-0.113969$ & $-0.0502095$ & $0.0416936$ & $-0.127304$ & $-0.331168$ & $-0.0388265$ & $0.00801699$ & $0.018101$ & $-0.0151236$ & $-0.0122737$ & $0.0230627$ & $-0.0127405$ & $0.00746787$ & $-0.0414169$ & $-0.00548734$ & $-0.0206807$ & $0.0093786$ & $-0.0062413$ & $-0.0236198$ & $-0.00424108$ \\
CHe_11 & $-0.0058431$ & $-0.0681793$ & $0.00565264$ & $-0.0101603$ & $0.00693272$ & $-0.164578$ & $-0.0712093$ & $0.851017$ & $0.832486$ & $-0.358484$ & $-0.989929$ & $-0.254741$ & $0.182595$ & $0.522151$ & $0.479231$ & $0.47874$ & $0.225704$ & $-0.0771312$ & $-0.0866737$ & $1$ & $0.972157$ & $0.951371$ & $-0.0227509$ & $-0.26043$ & $-0.0221562$ & $-0.533622$ & $0.220793$ & $0.338738$ & $8.23299e-05$ & $0.0816$ & $0.0269792$ & $-0.074012$ & $0.0763771$ & $0.290403$ & $0.00495544$ & $-0.0266529$ & $-0.00738572$ & $0.00813982$ & $0.0302047$ & $0.00150084$ & $-0.0138645$ & $0.00954072$ & $-0.00205982$ & $-0.0102878$ & $-0.000757803$ & $-0.0130325$ & $-0.00250056$ & $-0.00463275$ & $0.0123301$ \\
CHe_22 & $-0.00698438$ & $-0.0733167$ & $0.0019052$ & $-0.0056647$ & $0.0040104$ & $-0.172892$ & $-0.0722285$ & $0.896978$ & $0.876827$ & $-0.385524$ & $-0.990889$ & $-0.281439$ & $0.196974$ & $0.463675$ & $0.327993$ & $0.3314$ & $0.171428$ & $-0.0677189$ & $-0.0759079$ & $0.972157$ & $1$ & $0.975338$ & $0.0340079$ & $-0.369577$ & $-0.0309911$ & $-0.549694$ & $0.377345$ & $0.345402$ & $0.00609368$ & $0.0811069$ & $0.0300542$ & $-0.074961$ & $0.0773509$ & $0.457209$ & $0.00229163$ & $-0.0276376$ & $-0.00475991$ & $0.0069554$ & $0.028626$ & $0.00530548$ & $-0.0189476$ & $0.00569958$ & $-0.00282054$ & $-0.00835504$ & $-0.0051913$ & $-0.0205486$ & $-0.00231566$ & $-0.00617652$ & $0.00872386$ \\
CHe_33 & $-0.00398198$ & $-0.0640534$ & $0.00299489$ & $-0.0037237$ & $0.00198311$ & $-0.170292$ & $-0.0699271$ & $0.877683$ & $0.857817$ & $-0.376455$ & $-0.969486$ & $-0.275236$ & $0.190968$ & $0.451011$ & $0.316553$ & $0.348304$ & $0.169229$ & $-0.0615424$ & $-0.0699061$ & $0.951371$ & $0.975338$ & $1$ & $0.0329202$ & $-0.361385$ & $-0.0277712$ & $-0.537046$ & $0.372114$ & $0.339372$ & $0.00589192$ & $0.0759416$ & $0.0266328$ & $-0.0728158$ & $0.0722714$ & $0.455041$ & $0.0112687$ & $-0.0268644$ & $-0.00311546$ & $0.00347$ & $0.0308345$ & $0.00631921$ & $-0.0152877$ & $0.00620153$ & $-0.0015894$ & $-0.0151958$ & $-0.00727003$ & $-0.0171544$ & $-0.00273918$ & $-0.00554278$ & $0.00834489$ \\
CHQ1_11 & $-0.0106449$ & $0.0106257$ & $-0.00415415$ & $0.0255571$ & $-0.0175581$ & $-0.0195763$ & $-0.00389412$ & $0.0593132$ & $0.0569632$ & $-0.070479$ & $-0.00260167$ & $-0.0476687$ & $0.0326563$ & $-0.0805328$ & $-0.18778$ & $-0.185657$ & $-0.0748922$ & $0.0127113$ & $0.0165224$ & $-0.0227509$ & $0.0340079$ & $0.0329202$ & $1$ & $-0.134925$ & $0.0986096$ & $-0.678136$ & $0.363873$ & $0.0241479$ & $0.00190921$ & $0.00781409$ & $-0.0109869$ & $-0.00113313$ & $0.0128639$ & $0.208929$ & $0.0256236$ & $0.00347027$ & $0.000900582$ & $-0.0129997$ & $-0.00633919$ & $0.00636833$ & $0.00299212$ & $-0.000763233$ & $0.0195788$ & $0.0245654$ & $0.00601622$ & $-0.023004$ & $-0.00281399$ & $0.0163919$ & $0.0153296$ \\
CHQ1_33 & $-0.0506252$ & $0.0547817$ & $0.0176089$ & $-0.00696871$ & $-0.00504584$ & $0.00895636$ & $0.0751106$ & $-0.675095$ & $-0.665384$ & $0.539395$ & $0.314491$ & $0.0481981$ & $-0.398049$ & $0.470779$ & $0.10043$ & $0.11633$ & $0.680589$ & $0.621245$ & $0.614932$ & $-0.26043$ & $-0.369577$ & $-0.361385$ & $-0.134925$ & $1$ & $0.638654$ & $0.207289$ & $-0.421349$ & $-0.0209795$ & $-0.0391803$ & $-0.110325$ & $-0.0451421$ & $0.0550987$ & $-0.115322$ & $-0.625433$ & $-0.0343592$ & $0.0106696$ & $0.0122973$ & $-0.00453834$ & $-0.0218991$ & $0.0127176$ & $0.0124397$ & $0.0120025$ & $-0.0294832$ & $-0.0113513$ & $-0.00151185$ & $0.0267135$ & $0.00641948$ & $-0.0141374$ & $0.0162491$ \\
CHQ3_11 & $-0.108077$ & $0.0328394$ & $0.00427574$ & $3.41913e-06$ & $-0.0167372$ & $-0.0775816$ & $0.0645687$ & $-0.401479$ & $-0.39977$ & $0.455469$ & $0.0270449$ & $-0.0969478$ & $-0.372214$ & $0.599335$ & $-0.151497$ & $-0.123941$ & $0.770616$ & $0.794291$ & $0.789708$ & $-0.0221562$ & $-0.0309911$ & $-0.0277712$ & $0.0986096$ & $0.638654$ & $1$ & $0.0155775$ & $0.212417$ & $-0.00339831$ & $-0.03496$ & $-0.106937$ & $-0.0421424$ & $0.0387146$ & $-0.107135$ & $-0.186587$ & $-0.029979$ & $-0.0055527$ & $0.0105412$ & $-0.021638$ & $-0.0306414$ & $0.0245544$ & $0.00779708$ & $0.00331568$ & $-0.0284197$ & $0.00673314$ & $-0.0111532$ & $0.0167056$ & $0.0013825$ & $0.00448054$ & $0.0141651$ \\
CHu_11 & $-0.0394278$ & $0.0196446$ & $-0.00759143$ & $-0.0124407$ & $0.00357863$ & $0.100025$ & $0.0279549$ & $-0.492648$ & $-0.48111$ & $0.222845$ & $0.54426$ & $0.167097$ & $-0.108062$ & $-0.257313$ & $-0.178625$ & $-0.172091$ & $-0.0960258$ & $0.0355079$ & $0.0350831$ & $-0.533622$ & $-0.549694$ & $-0.537046$ & $-0.678136$ & $0.207289$ & $0.0155775$ & $1$ & $-0.184806$ & $-0.210088$ & $-0.000378505$ & $-0.0528343$ & $-0.00461516$ & $0.0275184$ & $-0.04945$ & $-0.255984$ & $-0.0107839$ & $-0.00225415$ & $0.00196273$ & $0.0106251$ & $-0.0194951$ & $-0.0127197$ & $0.00979296$ & $-0.00197721$ & $-0.00566492$ & $0.00256932$ & $-0.00735741$ & $0.00979882$ & $-0.00386716$ & $-0.000241086$ & $-0.0197926$ \\
CHd_11 & $-0.0280419$ & $-0.0374575$ & $-0.0104033$ & $0.0126909$ & $-0.0133445$ & $-0.0868924$ & $-0.0278365$ & $0.427865$ & $0.418753$ & $-0.238293$ & $-0.296693$ & $-0.140712$ & $0.15013$ & $-0.0990112$ & $-0.398258$ & $-0.384858$ & $-0.166111$ & $-0.00537989$ & $-0.00532$ & $0.220793$ & $0.377345$ & $0.372114$ & $0.363873$ & $-0.421349$ & $0.212417$ & $-0.184806$ & $1$ & $0.106761$ & $0.0139312$ & $0.0298776$ & $0.0281771$ & $-0.0240388$ & $0.0433851$ & $0.686882$ & $0.0143414$ & $-0.0145645$ & $-0.000351539$ & $-0.0101603$ & $-0.003529$ & $0.0106377$ & $-0.00509665$ & $-0.00823209$ & $0.0071$ & $0.0214691$ & $0.00200692$ & $-0.0339435$ & $0.00581308$ & $0.0125751$ & $0.000339761$ \\
CHd_33 & $0.0199295$ & $-0.0243297$ & $0.0180689$ & $0.0124634$ & $-0.00600504$ & $-0.0753266$ & $-0.0143491$ & $0.305259$ & $0.297716$ & $-0.103635$ & $-0.344361$ & $-0.0738575$ & $0.0808541$ & $0.17403$ & $0.126508$ & $0.11691$ & $0.0709801$ & $-0.0191307$ & $-0.0144031$ & $0.338738$ & $0.345402$ & $0.339372$ & $0.0241479$ & $-0.0209795$ & $-0.00339831$ & $-0.210088$ & $0.106761$ & $1$ & $0.00799788$ & $0.0155824$ & $-0.00132237$ & $-0.0110069$ & $0.022695$ & $0.14359$ & $-0.00072374$ & $0.0108252$ & $5.00067e-05$ & $0.00762384$ & $-0.00993314$ & $0.00386115$ & $-0.0193341$ & $0.00796988$ & $-0.000497639$ & $-0.00668091$ & $-0.0124242$ & $-0.00803868$ & $0.0169409$ & $-0.0120997$ & $0.00357651$ \\
CeH_22r & $0.0247229$ & $0.00936722$ & $0.0103282$ & $-0.00900111$ & $-0.013479$ & $-0.00546608$ & $0.00722965$ & $0.0216447$ & $0.0268662$ & $-0.021086$ & $-0.00274616$ & $0.0395864$ & $0.0614008$ & $-0.0311364$ & $-0.00357695$ & $0.000256422$ & $-0.0331346$ & $-0.0333252$ & $-0.0326901$ & $8.23299e-05$ & $0.00609368$ & $0.00589192$ & $0.00190921$ & $-0.0391803$ & $-0.03496$ & $-0.000378505$ & $0.0139312$ & $0.00799788$ & $1$ & $0.0517934$ & $0.0204092$ & $-0.00943918$ & $0.0705839$ & $0.0230287$ & $-0.0441946$ & $-0.00307352$ & $-0.0246231$ & $-0.00556614$ & $-0.0119823$ & $0.0299498$ & $-0.0149342$ & $-0.00722477$ & $-0.0227883$ & $0.0344635$ & $-0.0117101$ & $-0.0118665$ & $-0.00929092$ & $0.00353974$ & $0.00931085$ \\
CeH_33r & $0.0168865$ & $-0.00833961$ & $0.00660782$ & $-0.00961839$ & $0.00890102$ & $-0.0205922$ & $-0.0990963$ & $0.121333$ & $0.143799$ & $-0.130976$ & $-0.0793025$ & $0.227684$ & $0.277944$ & $-0.0460461$ & $0.0499133$ & $0.0477978$ & $-0.0890178$ & $-0.110853$ & $-0.113969$ & $0.0816$ & $0.0811069$ & $0.0759416$ & $0.00781409$ & $-0.110325$ & $-0.106937$ & $-0.0528343$ & $0.0298776$ & $0.0155824$ & $0.0517934$ & $1$ & $0.317097$ & $0.0453904$ & $0.66483$ & $0.0555608$ & $-0.0516486$ & $-0.0127354$ & $-0.210833$ & $-0.0155599$ & $-0.0347433$ & $0.00797695$ & $-0.0346197$ & $0.00642108$ & $0.0267056$ & $0.00254485$ & $0.0760342$ & $-0.00634827$ & $0.0253437$ & $0.0192143$ & $0.0127823$ \\
CuH_22r & $-0.0043802$ & $0.0532159$ & $-0.0339547$ & $0.0275526$ & $-0.0190462$ & $-0.00878106$ & $-0.0568433$ & $0.0466198$ & $0.0580007$ & $-0.0572691$ & $-0.0262941$ & $0.0608954$ & $0.0910197$ & $-0.0295852$ & $-0.00260899$ & $0.0115438$ & $-0.0415296$ & $-0.0382428$ & $-0.0502095$ & $0.0269792$ & $0.0300542$ & $0.0266328$ & $-0.0109869$ & $-0.0451421$ & $-0.0421424$ & $-0.00461516$ & $0.0281771$ & $-0.00132237$ & $0.0204092$ & $0.317097$ & $1$ & $0.0290417$ & $0.328759$ & $0.0440476$ & $-0.0313944$ & $0.0212019$ & $-0.129863$ & $0.00225154$ & $-0.0130149$ & $-0.0137181$ & $-0.0131489$ & $0.00944661$ & $0.0130797$ & $-0.0101673$ & $0.0711494$ & $0.062074$ & $0.398751$ & $0.0312582$ & $-0.0415321$ \\
CuH_33r & $0.0472171$ & $0.0844478$ & $0.00499257$ & $0.0216823$ & $-0.0113153$ & $0.0120979$ & $0.940026$ & $-0.0881988$ & $-0.0474393$ & $0.0648316$ & $0.0765252$ & $0.0450681$ & $-0.22975$ & $-0.00842098$ & $-0.0459067$ & $-0.0334021$ & $0.0233329$ & $0.0519394$ & $0.0416936$ & $-0.074012$ & $-0.074961$ & $-0.0728158$ & $-0.00113313$ & $0.0550987$ & $0.0387146$ & $0.0275184$ & $-0.0240388$ & $-0.0110069$ & $-0.00943918$ & $0.0453904$ & $0.0290417$ & $1$ & $0.00854176$ & $-0.0266852$ & $0.0739557$ & $0.0458301$ & $-0.0392244$ & $-0.0117018$ & $-0.00435388$ & $0.0167983$ & $-0.00548905$ & $0.0141044$ & $0.00136459$ & $-0.0213359$ & $-0.0309394$ & $-0.0200731$ & $0.0259376$ & $-0.022146$ & $-0.0458547$ \\
CdH_33r & $-0.0139187$ & $-0.022622$ & $0.0286353$ & $-0.0672521$ & $0.004603$ & $-0.0125663$ & $-0.157838$ & $0.124763$ & $0.143609$ & $-0.143944$ & $-0.0754602$ & $0.249458$ & $0.318661$ & $-0.0577887$ & $0.0451955$ & $0.0465573$ & $-0.102003$ & $-0.119991$ & $-0.127304$ & $0.0763771$ & $0.0773509$ & $0.0722714$ & $0.0128639$ & $-0.115322$ & $-0.107135$ & $-0.04945$ & $0.0433851$ & $0.022695$ & $0.0705839$ & $0.66483$ & $0.328759$ & $0.00854176$ & $1$ & $0.0617781$ & $-0.0632331$ & $-0.025772$ & $-0.242747$ & $-0.0144762$ & $-0.0586261$ & $0.0343241$ & $-0.0430562$ & $0.00464151$ & $-0.0291908$ & $0.0187055$ & $0.0303401$ & $0.0118566$ & $-0.0381637$ & $0.143668$ & $0.448809$ \\
CLL_1221 & $0.00189785$ & $-0.00664643$ & $-0.0175877$ & $0.0182883$ & $-0.0156133$ & $-0.123972$ & $-0.033445$ & $0.560674$ & $0.548084$ & $-0.340937$ & $-0.369914$ & $-0.148766$ & $0.219511$ & $-0.210986$ & $-0.595737$ & $-0.109659$ & $-0.248678$ & $0.039058$ & $-0.331168$ & $0.290403$ & $0.457209$ & $0.455041$ & $0.208929$ & $-0.625433$ & $-0.186587$ & $-0.255984$ & $0.686882$ & $0.14359$ & $0.0230287$ & $0.0555608$ & $0.0440476$ & $-0.0266852$ & $0.0617781$ & $1$ & $0.00150746$ & $-0.0152716$ & $-0.00066886$ & $-0.00610337$ & $0.0109133$ & $0.000776402$ & $-0.0106569$ & $-0.017766$ & $0.00624991$ & $0.00370269$ & $-0.0142288$ & $-0.0204093$ & $0.0124983$ & $0.00973741$ & $-0.0119584$ \\
eHggint & $0.0100258$ & $0.0420782$ & $-0.0726274$ & $0.0815564$ & $-0.00180399$ & $-0.0146014$ & $-0.00990093$ & $0.0197668$ & $0.0111314$ & $0.0235692$ & $-0.00276454$ & $0.102956$ & $0.0210364$ & $-0.0453781$ & $0.0284612$ & $0.0106468$ & $-0.0283043$ & $-0.0534799$ & $-0.0388265$ & $0.00495544$ & $0.00229163$ & $0.0112687$ & $0.0256236$ & $-0.0343592$ & $-0.029979$ & $-0.0107839$ & $0.0143414$ & $-0.00072374$ & $-0.0441946$ & $-0.0516486$ & $-0.0313944$ & $0.0739557$ & $-0.0632331$ & $0.00150746$ & $1$ & $-0.0947685$ & $0.0267181$ & $0.0018637$ & $0.0472404$ & $-0.0323404$ & $-0.0121526$ & $-0.027322$ & $0.129004$ & $0.0306537$ & $0.0133494$ & $-0.0294574$ & $-0.0525664$ & $0.0661344$ & $-0.0231243$ \\
eHggpar & $0.0303913$ & $0.148589$ & $0.0667519$ & $-0.0338486$ & $0.012622$ & $0.0133184$ & $-0.000214904$ & $-0.0311192$ & $-0.0448702$ & $0.0391095$ & $0.0325327$ & $0.0787622$ & $0.00626569$ & $-0.0113854$ & $-0.00754271$ & $-0.02222$ & $-0.0126688$ & $-0.00276762$ & $0.00801699$ & $-0.0266529$ & $-0.0276376$ & $-0.0268644$ & $0.00347027$ & $0.0106696$ & $-0.0055527$ & $-0.00225415$ & $-0.0145645$ & $0.0108252$ & $-0.00307352$ & $-0.0127354$ & $0.0212019$ & $0.0458301$ & $-0.025772$ & $-0.0152716$ & $-0.0947685$ & $1$ & $0.0290127$ & $0.0141193$ & $0.038176$ & $0.0389215$ & $0.0889983$ & $-0.00427055$ & $-0.0526366$ & $-0.0942086$ & $-0.030849$ & $0.0200412$ & $0.0889042$ & $-0.045521$ & $-0.0508586$ \\
eHWWint & $0.0364626$ & $-0.0412804$ & $0.0979023$ & $0.0640233$ & $-0.00764537$ & $0.0217503$ & $-0.00261943$ & $-0.00981964$ & $-0.029937$ & $0.00599102$ & $0.00353352$ & $-0.00395842$ & $-0.0105804$ & $0.0183602$ & $-0.0158984$ & $-0.00873347$ & $0.0101315$ & $0.0231484$ & $0.018101$ & $-0.00738572$ & $-0.00475991$ & $-0.00311546$ & $0.000900582$ & $0.0122973$ & $0.0105412$ & $0.00196273$ & $-0.000351539$ & $5.00067e-05$ & $-0.0246231$ & $-0.210833$ & $-0.129863$ & $-0.0392244$ & $-0.242747$ & $-0.00066886$ & $0.0267181$ & $0.0290127$ & $1$ & $0.0126767$ & $0.120764$ & $-0.0278056$ & $0.106036$ & $-0.028056$ & $-0.0662501$ & $-0.0877045$ & $-0.032493$ & $0.0134718$ & $-0.0480153$ & $-0.149361$ & $-0.00366932$ \\
eHWWpar & $0.00307031$ & $-0.00273606$ & $-0.0253666$ & $-0.0154369$ & $0.0162867$ & $0.0119692$ & $-0.0144209$ & $0.0116896$ & $0.00838331$ & $0.00926544$ & $-0.00755382$ & $0.01494$ & $0.0160592$ & $0.00108714$ & $0.0164509$ & $0.00949334$ & $-0.0130051$ & $-0.0182057$ & $-0.0151236$ & $0.00813982$ & $0.0069554$ & $0.00347$ & $-0.0129997$ & $-0.00453834$ & $-0.021638$ & $0.0106251$ & $-0.0101603$ & $0.00762384$ & $-0.00556614$ & $-0.0155599$ & $0.00225154$ & $-0.0117018$ & $-0.0144762$ & $-0.00610337$ & $0.0018637$ & $0.0141193$ & $0.0126767$ & $1$ & $0.00849983$ & $-0.0049879$ & $-0.00884237$ & $-0.0174866$ & $0.00986693$ & $0.015071$ & $0.0444342$ & $-0.0296564$ & $0.0192268$ & $0.00847355$ & $-0.00146173$ \\
eHZZint & $0.162622$ & $-0.0692933$ & $0.0113582$ & $0.0512529$ & $-4.213e-05$ & $0.003426$ & $-0.0105177$ & $0.0314182$ & $0.0174602$ & $-0.0137678$ & $-0.032827$ & $-0.0129969$ & $0.0212954$ & $0.0103142$ & $0.0145346$ & $0.0170659$ & $0.00280698$ & $-0.00622734$ & $-0.0122737$ & $0.0302047$ & $0.028626$ & $0.0308345$ & $-0.00633919$ & $-0.0218991$ & $-0.0306414$ & $-0.0194951$ & $-0.003529$ & $-0.00993314$ & $-0.0119823$ & $-0.0347433$ & $-0.0130149$ & $-0.00435388$ & $-0.0586261$ & $0.0109133$ & $0.0472404$ & $0.038176$ & $0.120764$ & $0.00849983$ & $1$ & $-0.0057517$ & $0.0927478$ & $-0.00727184$ & $-0.0880192$ & $-0.116742$ & $-0.163633$ & $-0.0251273$ & $0.00932643$ & $0.0584267$ & $-0.0334018$ \\
eHZZpar & $0.0113652$ & $0.0162116$ & $-0.00180821$ & $-0.0179234$ & $0.00850265$ & $-0.0141358$ & $0.0210297$ & $-0.00526161$ & $-0.00562162$ & $0.00777831$ & $-0.00360741$ & $0.00277992$ & $-0.00844048$ & $0.0169642$ & $-0.00170017$ & $-0.00880624$ & $0.0221644$ & $0.0173768$ & $0.0230627$ & $0.00150084$ & $0.00530548$ & $0.00631921$ & $0.00636833$ & $0.0127176$ & $0.0245544$ & $-0.0127197$ & $0.0106377$ & $0.00386115$ & $0.0299498$ & $0.00797695$ & $-0.0137181$ & $0.0167983$ & $0.0343241$ & $0.000776402$ & $-0.0323404$ & $0.0389215$ & $-0.0278056$ & $-0.0049879$ & $-0.0057517$ & $1$ & $-0.00293732$ & $0.0260919$ & $0.00980693$ & $0.0262057$ & $0.0012149$ & $0.0236224$ & $-0.0328144$ & $0.00170556$ & $0.0517184$ \\
eHZgaint & $-0.0130136$ & $0.0276406$ & $0.0305711$ & $-0.096409$ & $-0.00568046$ & $0.000393787$ & $-0.00171049$ & $-0.018354$ & $-0.0156614$ & $-0.0402153$ & $0.018486$ & $-0.0380723$ & $-0.0263377$ & $-0.00362024$ & $-0.00769179$ & $0.019846$ & $-0.00966619$ & $0.00572094$ & $-0.0127405$ & $-0.0138645$ & $-0.0189476$ & $-0.0152877$ & $0.00299212$ & $0.0124397$ & $0.00779708$ & $0.00979296$ & $-0.00509665$ & $-0.0193341$ & $-0.0149342$ & $-0.0346197$ & $-0.0131489$ & $-0.00548905$ & $-0.0430562$ & $-0.0106569$ & $-0.0121526$ & $0.0889983$ & $0.106036$ & $-0.00884237$ & $0.0927478$ & $-0.00293732$ & $1$ & $-0.00261056$ & $0.0564278$ & $0.033661$ & $0.113343$ & $-0.0474111$ & $0.0629722$ & $-0.0117818$ & $-0.0259266$ \\
eHZgapar & $-0.0152288$ & $0.0263795$ & $0.0205273$ & $-0.0189041$ & $0.00193115$ & $-0.0101494$ & $0.0153682$ & $0.00102763$ & $0.000368761$ & $0.0206184$ & $-0.00603219$ & $0.0207858$ & $-0.0212457$ & $0.0103445$ & $0.0236717$ & $0.0100584$ & $0.00664243$ & $-0.00631724$ & $0.00746787$ & $0.00954072$ & $0.00569958$ & $0.00620153$ & $-0.000763233$ & $0.0120025$ & $0.00331568$ & $-0.00197721$ & $-0.00823209$ & $0.00796988$ & $-0.00722477$ & $0.00642108$ & $0.00944661$ & $0.0141044$ & $0.00464151$ & $-0.017766$ & $-0.027322$ & $-0.00427055$ & $-0.028056$ & $-0.0174866$ & $-0.00727184$ & $0.0260919$ & $-0.00261056$ & $1$ & $-0.00356482$ & $0.016354$ & $-0.0110132$ & $0.0125087$ & $-0.0143439$ & $0.00221833$ & $-0.000407545$ \\
eHgagaint & $-0.117884$ & $0.00536947$ & $-0.125426$ & $-0.0994856$ & $0.00177465$ & $-0.0170075$ & $-0.00795946$ & $0.0180644$ & $0.0888083$ & $-0.0461739$ & $0.00335081$ & $-0.012008$ & $0.0240342$ & $-0.0430584$ & $0.0109406$ & $0.000399734$ & $-0.0407803$ & $-0.0482555$ & $-0.0414169$ & $-0.00205982$ & $-0.00282054$ & $-0.0015894$ & $0.0195788$ & $-0.0294832$ & $-0.0284197$ & $-0.00566492$ & $0.0071$ & $-0.000497639$ & $-0.0227883$ & $0.0267056$ & $0.0130797$ & $0.00136459$ & $-0.0291908$ & $0.00624991$ & $0.129004$ & $-0.0526366$ & $-0.0662501$ & $0.00986693$ & $-0.0880192$ & $0.00980693$ & $0.0564278$ & $-0.00356482$ & $1$ & $0.00300653$ & $0.163114$ & $-0.0639147$ & $0.055032$ & $0.0598317$ & $-0.118215$ \\
eHmumuint & $-0.127354$ & $-0.0777003$ & $0.000719552$ & $0.0122441$ & $-0.00449266$ & $-0.00752893$ & $-0.0129292$ & $0.00395584$ & $0.00162552$ & $-0.00779279$ & $0.0089241$ & $0.00672997$ & $-0.00557181$ & $-0.020193$ & $-0.0100125$ & $-0.0269102$ & $-0.0225078$ & $-0.0147752$ & $-0.00548734$ & $-0.0102878$ & $-0.00835504$ & $-0.0151958$ & $0.0245654$ & $-0.0113513$ & $0.00673314$ & $0.00256932$ & $0.0214691$ & $-0.00668091$ & $0.0344635$ & $0.00254485$ & $-0.0101673$ & $-0.0213359$ & $0.0187055$ & $0.00370269$ & $0.0306537$ & $-0.0942086$ & $-0.0877045$ & $0.015071$ & $-0.116742$ & $0.0262057$ & $0.033661$ & $0.016354$ & $0.00300653$ & $1$ & $0.0244821$ & $-0.0648839$ & $-0.0538889$ & $-0.000480837$ & $0.00362255$ \\
eHtautauint & $-0.0120259$ & $-0.124539$ & $0.00766016$ & $0.0258971$ & $-0.00599584$ & $0.000936065$ & $-0.03074$ & $0.00927692$ & $0.0190986$ & $-0.0132042$ & $0.000624186$ & $0.00336167$ & $0.0338891$ & $-0.0137547$ & $0.0121721$ & $0.00516002$ & $-0.0221146$ & $-0.0229585$ & $-0.0206807$ & $-0.000757803$ & $-0.0051913$ & $-0.00727003$ & $0.00601622$ & $-0.00151185$ & $-0.0111532$ & $-0.00735741$ & $0.00200692$ & $-0.0124242$ & $-0.0117101$ & $0.0760342$ & $0.0711494$ & $-0.0309394$ & $0.0303401$ & $-0.0142288$ & $0.0133494$ & $-0.030849$ & $-0.032493$ & $0.0444342$ & $-0.163633$ & $0.0012149$ & $0.113343$ & $-0.0110132$ & $0.163114$ & $0.0244821$ & $1$ & $0.0583271$ & $0.173233$ & $-0.00898338$ & $0.0444244$ \\
eHccint & $0.00829847$ & $0.0716575$ & $0.104027$ & $0.0437688$ & $-0.00359334$ & $0.0238168$ & $-0.0156826$ & $-0.0317646$ & $-0.0374823$ & $0.0122593$ & $0.0189809$ & $0.0100634$ & $-0.011806$ & $0.0119912$ & $0.00122487$ & $0.0170601$ & $0.0242018$ & $0.0242445$ & $0.0093786$ & $-0.0130325$ & $-0.0205486$ & $-0.0171544$ & $-0.023004$ & $0.0267135$ & $0.0167056$ & $0.00979882$ & $-0.0339435$ & $-0.00803868$ & $-0.0118665$ & $-0.00634827$ & $0.062074$ & $-0.0200731$ & $0.0118566$ & $-0.0204093$ & $-0.0294574$ & $0.0200412$ & $0.0134718$ & $-0.0296564$ & $-0.0251273$ & $0.0236224$ & $-0.0474111$ & $0.0125087$ & $-0.0639147$ & $-0.0648839$ & $0.0583271$ & $1$ & $-0.0104242$ & $-0.0510484$ & $0.0422579$ \\
eHccpar & $0.00471905$ & $0.0843332$ & $-0.0718904$ & $0.0509377$ & $-0.0152626$ & $0.00762436$ & $0.0225262$ & $-0.00525361$ & $-0.000615561$ & $0.003325$ & $0.00449534$ & $0.00116432$ & $0.0053139$ & $0.000524942$ & $-0.0163832$ & $0.00368817$ & $-0.0073178$ & $0.00907491$ & $-0.0062413$ & $-0.00250056$ & $-0.00231566$ & $-0.00273918$ & $-0.00281399$ & $0.00641948$ & $0.0013825$ & $-0.00386716$ & $0.00581308$ & $0.0169409$ & $-0.00929092$ & $0.0253437$ & $0.398751$ & $0.0259376$ & $-0.0381637$ & $0.0124983$ & $-0.0525664$ & $0.0889042$ & $-0.0480153$ & $0.0192268$ & $0.00932643$ & $-0.0328144$ & $0.0629722$ & $-0.0143439$ & $0.055032$ & $-0.0538889$ & $0.173233$ & $-0.0104242$ & $1$ & $0.00721291$ & $-0.111644$ \\
eHbbint & $-0.0691843$ & $0.101669$ & $-0.04344$ & $0.0200278$ & $0.0169756$ & $0.00495042$ & $-0.0330832$ & $-0.00164669$ & $0.00096099$ & $0.00251654$ & $0.007742$ & $0.00868602$ & $0.0167313$ & $-0.0189627$ & $-0.003228$ & $0.0140328$ & $-0.0141327$ & $-0.0113223$ & $-0.0236198$ & $-0.00463275$ & $-0.00617652$ & $-0.00554278$ & $0.0163919$ & $-0.0141374$ & $0.00448054$ & $-0.000241086$ & $0.0125751$ & $-0.0120997$ & $0.00353974$ & $0.0192143$ & $0.0312582$ & $-0.022146$ & $0.143668$ & $0.00973741$ & $0.0661344$ & $-0.045521$ & $-0.149361$ & $0.00847355$ & $0.0584267$ & $0.00170556$ & $-0.0117818$ & $0.00221833$ & $0.0598317$ & $-0.000480837$ & $-0.00898338$ & $-0.0510484$ & $0.00721291$ & $1$ & $-0.0628221$ \\
eHbbpar & $0.00410283$ & $-0.0770413$ & $0.0744347$ & $-0.121515$ & $-0.00731691$ & $0.00482989$ & $-0.0451469$ & $0.00629762$ & $-0.00464104$ & $-0.013511$ & $-0.0125298$ & $-0.026409$ & $-0.0257218$ & $0.020155$ & $0.0133227$ & $0.0235625$ & $0.00918236$ & $0.00766623$ & $-0.00424108$ & $0.0123301$ & $0.00872386$ & $0.00834489$ & $0.0153296$ & $0.0162491$ & $0.0141651$ & $-0.0197926$ & $0.000339761$ & $0.00357651$ & $0.00931085$ & $0.0127823$ & $-0.0415321$ & $-0.0458547$ & $0.448809$ & $-0.0119584$ & $-0.0231243$ & $-0.0508586$ & $-0.00366932$ & $-0.00146173$ & $-0.0334018$ & $0.0517184$ & $-0.0259266$ & $-0.000407545$ & $-0.118215$ & $0.00362255$ & $0.0444244$ & $0.0422579$ & $-0.111644$ & $-0.0628221$ & $1$ \\
