 & AlsMz & dAle5Mz & mtop & mHl & Mz & CW & CHG & CHWB & CHWHB_gaga & CHWHB_gagaorth & CHD & CHbox & CH & CHL1_11 & CHL1_22 & CHL1_33 & CHL3_11 & CHL3_22 & CHL3_33 & CHe_11 & CHe_22 & CHe_33 & CHQ1_11 & CHQ1_33 & CHQ3_11 & CHu_11 & CHd_11 & CHd_33 & CeH_22r & CeH_33r & CuH_22r & CuH_33r & CdH_33r & CLL_1221 & eHggint & eHggpar & eHWWint & eHWWpar & eHZZint & eHZZpar & eHZgaint & eHZgapar & eHgagaint & eHmumuint & eHtautauint & eHccint & eHccpar & eHbbint & eHbbpar \\
AlsMz & $1$ & $-0.175417$ & $0.0137537$ & $-0.0257883$ & $-0.0602864$ & $-0.0359642$ & $0.0244634$ & $0.0765241$ & $0.0777136$ & $-0.00964764$ & $-0.0993044$ & $-0.0392172$ & $-0.00827467$ & $0.0485618$ & $0.0199633$ & $0.0130211$ & $0.0534654$ & $0.0229801$ & $0.0265746$ & $0.0852966$ & $0.0912917$ & $0.0866751$ & $0.0117547$ & $-0.0678042$ & $-0.0525596$ & $-0.0834901$ & $0.0489306$ & $0.0272092$ & $0.0289597$ & $-0.0148858$ & $-0.0775107$ & $-0.0114381$ & $0.0307325$ & $0.0455015$ & $-0.147369$ & $-0.216091$ & $0.0769695$ & $0.00658244$ & $-0.159208$ & $0.0295512$ & $-0.0119811$ & $0.033374$ & $-0.0780583$ & $-0.217343$ & $0.0591352$ & $0.0712859$ & $-0.152468$ & $-0.166912$ & $0.159808$ \\
dAle5Mz & $-0.175417$ & $1$ & $0.0294209$ & $-0.0331794$ & $0.0159962$ & $0.0316582$ & $-0.0405522$ & $-0.0535517$ & $-0.0366475$ & $0.0291424$ & $0.0319864$ & $0.00406571$ & $-0.0119964$ & $0.00971308$ & $-0.0344451$ & $-0.0359756$ & $0.0247386$ & $0.0387578$ & $0.0429323$ & $-0.0143284$ & $-0.00527424$ & $-0.00727791$ & $0.00805432$ & $0.0425102$ & $0.0710277$ & $0.0326167$ & $0.0576014$ & $0.00768702$ & $-0.0304527$ & $0.0212956$ & $0.0204067$ & $-0.0648723$ & $0.130351$ & $0.0317383$ & $-0.207414$ & $-0.0554711$ & $0.0681524$ & $0.0160411$ & $-0.025538$ & $-0.0267801$ & $-0.27797$ & $0.0341292$ & $0.185311$ & $-0.0550653$ & $0.105604$ & $0.0860112$ & $-0.0567026$ & $0.166448$ & $0.255947$ \\
mtop & $0.0137537$ & $0.0294209$ & $1$ & $-0.164669$ & $0.0335293$ & $0.0203251$ & $0.0362156$ & $-0.028846$ & $-0.0126019$ & $0.0510779$ & $0.0346532$ & $0.0326225$ & $-0.0113422$ & $0.00854432$ & $-0.0630385$ & $-0.062606$ & $0.0063767$ & $0.0408669$ & $0.0423629$ & $-0.0381005$ & $-0.0212714$ & $-0.021439$ & $-0.0387649$ & $0.0132617$ & $0.0540699$ & $0.0707476$ & $0.0700117$ & $-0.0206641$ & $-0.0312388$ & $-0.0222397$ & $-0.0572705$ & $0.0374088$ & $0.015447$ & $0.0293711$ & $-0.070671$ & $-0.0533437$ & $0.0416955$ & $0.0333392$ & $-0.00457201$ & $-0.0123465$ & $-0.197195$ & $0.0826769$ & $0.217942$ & $0.00111413$ & $-0.28656$ & $-0.109067$ & $-0.25606$ & $-0.118844$ & $0.02292$ \\
mHl & $-0.0257883$ & $-0.0331794$ & $-0.164669$ & $1$ & $0.0314245$ & $0.0342529$ & $-0.0733986$ & $0.0291193$ & $0.016647$ & $-0.0661465$ & $-0.0019601$ & $-0.0226543$ & $0.0292093$ & $-0.0535987$ & $-0.0182029$ & $0.0050191$ & $-0.0457447$ & $-0.0372479$ & $-0.0575736$ & $-0.000969138$ & $0.00305742$ & $0.00641316$ & $0.0580373$ & $-0.0437973$ & $-0.0389795$ & $-0.0561921$ & $0.0258187$ & $0.0105914$ & $0.0320736$ & $-0.034603$ & $-0.00417045$ & $-0.0740102$ & $-0.120617$ & $0.0423256$ & $0.109734$ & $0.0880071$ & $0.0571224$ & $0.0174138$ & $0.232688$ & $0.0387861$ & $0.173112$ & $0.0409805$ & $-0.168683$ & $-0.0510127$ & $-0.186834$ & $-0.0304605$ & $0.0526669$ & $0.105589$ & $-0.263822$ \\
Mz & $-0.0602864$ & $0.0159962$ & $0.0335293$ & $0.0314245$ & $1$ & $0.0060381$ & $0.031386$ & $-0.0167686$ & $-0.019956$ & $0.00753424$ & $0.0390315$ & $0.0164154$ & $-0.0022791$ & $-0.0251086$ & $-0.0409572$ & $-0.0272226$ & $-0.0223902$ & $0.00225828$ & $-0.00953808$ & $-0.0320811$ & $-0.0242573$ & $-0.01894$ & $0.0361548$ & $-0.0221411$ & $0.0157059$ & $-0.00361681$ & $0.0347128$ & $-0.0313989$ & $0.00641638$ & $0.0223138$ & $0.0175151$ & $0.0381161$ & $-0.0218616$ & $0.0204928$ & $0.0107313$ & $0.043851$ & $-0.000205373$ & $0.00306555$ & $0.0386466$ & $-0.0369165$ & $0.0109642$ & $0.00122353$ & $-0.0126282$ & $0.0417359$ & $0.00717142$ & $0.00383652$ & $0.0166971$ & $0.00421913$ & $-0.0493793$ \\
CW & $-0.0359642$ & $0.0316582$ & $0.0203251$ & $0.0342529$ & $0.0060381$ & $1$ & $0.0104572$ & $-0.153211$ & $-0.151442$ & $0.0554603$ & $0.205236$ & $0.0872747$ & $-0.0137098$ & $0.0194292$ & $-0.0645201$ & $-0.0869106$ & $-0.256492$ & $-0.0540455$ & $-0.0292937$ & $-0.201691$ & $-0.207815$ & $-0.200093$ & $0.0017243$ & $0.0476141$ & $-0.0932052$ & $0.11503$ & $-0.105323$ & $-0.0387186$ & $0.0149504$ & $-0.00980986$ & $-0.00301209$ & $0.0167024$ & $-0.0530866$ & $-0.151638$ & $0.00143153$ & $0.046329$ & $0.0185415$ & $0.0356234$ & $0.00654221$ & $0.0193437$ & $0.0370139$ & $-0.0209496$ & $0.0130907$ & $0.069204$ & $-0.0674981$ & $0.0158689$ & $0.0282683$ & $0.0307182$ & $-0.08613$ \\
CHG & $0.0244634$ & $-0.0405522$ & $0.0362156$ & $-0.0733986$ & $0.031386$ & $0.0104572$ & $1$ & $-0.0767906$ & $-0.0226979$ & $0.0431151$ & $0.0426811$ & $-0.000617641$ & $-0.256381$ & $0.0292672$ & $0.00736774$ & $-0.0139751$ & $0.0720463$ & $0.0601081$ & $0.0772372$ & $-0.0361652$ & $-0.0475028$ & $-0.0432055$ & $0.00308821$ & $0.0966553$ & $0.0810669$ & $0.0198157$ & $-0.0174944$ & $-0.0487087$ & $0.0169647$ & $-0.109409$ & $-0.0641541$ & $0.929728$ & $-0.122419$ & $-0.0647332$ & $-0.0325168$ & $-0.0165098$ & $-0.0533108$ & $-0.00300519$ & $-0.000418327$ & $-0.00219464$ & $-0.04023$ & $0.00431222$ & $0.0105003$ & $0.0219889$ & $-0.0545954$ & $-0.00413531$ & $-0.0158768$ & $-0.0461007$ & $-0.000323898$ \\
CHWB & $0.0765241$ & $-0.0535517$ & $-0.028846$ & $0.0291193$ & $-0.0167686$ & $-0.153211$ & $-0.0767906$ & $1$ & $0.983092$ & $-0.561308$ & $-0.882025$ & $-0.299002$ & $0.27631$ & $0.123069$ & $0.284915$ & $0.302962$ & $-0.194841$ & $-0.392432$ & $-0.418335$ & $0.852523$ & $0.899367$ & $0.881703$ & $0.0565424$ & $-0.66508$ & $-0.377762$ & $-0.493013$ & $0.434444$ & $0.308488$ & $0.0326161$ & $0.0842461$ & $0.0478857$ & $-0.0780734$ & $0.0989606$ & $0.566808$ & $0.0506212$ & $-0.103039$ & $0.0118995$ & $-0.0185222$ & $-0.0716972$ & $-0.00115159$ & $0.0211698$ & $0.0220501$ & $-0.0613902$ & $-0.0797074$ & $0.0571291$ & $0.000620678$ & $-0.0536004$ & $0.0100675$ & $0.0456262$ \\
CHWHB_gaga & $0.0777136$ & $-0.0366475$ & $-0.0126019$ & $0.016647$ & $-0.019956$ & $-0.151442$ & $-0.0226979$ & $0.983092$ & $1$ & $-0.555248$ & $-0.862515$ & $-0.276159$ & $0.27181$ & $0.110672$ & $0.283419$ & $0.298169$ & $-0.201973$ & $-0.397093$ & $-0.41948$ & $0.834637$ & $0.879807$ & $0.862843$ & $0.0560781$ & $-0.658276$ & $-0.380429$ & $-0.482799$ & $0.426289$ & $0.300713$ & $0.0374567$ & $0.106913$ & $0.0578981$ & $-0.034961$ & $0.12968$ & $0.55499$ & $0.0293355$ & $-0.119072$ & $-0.0109356$ & $-0.0228178$ & $-0.0729276$ & $-0.00118786$ & $0.0176937$ & $0.0225231$ & $0.00277184$ & $-0.0817357$ & $0.0471989$ & $0.00223597$ & $-0.0636324$ & $0.00293436$ & $0.0611365$ \\
CHWHB_gagaorth & $-0.00964764$ & $0.0291424$ & $0.0510779$ & $-0.0661465$ & $0.00753424$ & $0.0554603$ & $0.0431151$ & $-0.561308$ & $-0.555248$ & $1$ & $0.346812$ & $0.65806$ & $-0.201621$ & $0.229761$ & $-0.131675$ & $-0.120659$ & $0.41363$ & $0.483923$ & $0.477866$ & $-0.332833$ & $-0.362507$ & $-0.35946$ & $-0.0524507$ & $0.544978$ & $0.473537$ & $0.211688$ & $-0.23117$ & $-0.146319$ & $-0.0209993$ & $-0.124783$ & $-0.051468$ & $0.0743204$ & $-0.107861$ & $-0.336517$ & $0.0254496$ & $0.0266093$ & $0.00423267$ & $0.0283543$ & $0.0229541$ & $-0.0243305$ & $-0.0485746$ & $-0.0285532$ & $0.0448985$ & $0.032598$ & $-0.0360789$ & $0.0100955$ & $0.0374495$ & $-0.0279354$ & $0.000524751$ \\
CHD & $-0.0993044$ & $0.0319864$ & $0.0346532$ & $-0.0019601$ & $0.0390315$ & $0.205236$ & $0.0426811$ & $-0.882025$ & $-0.862515$ & $0.346812$ & $1$ & $0.309664$ & $-0.125535$ & $-0.530497$ & $-0.407645$ & $-0.428283$ & $-0.255128$ & $0.0294653$ & $0.061178$ & $-0.990776$ & $-0.990981$ & $-0.970798$ & $-0.00767402$ & $0.306167$ & $-0.00529004$ & $0.556338$ & $-0.304808$ & $-0.33315$ & $-0.00458056$ & $-0.0486656$ & $-0.0353647$ & $0.0528171$ & $-0.0651235$ & $-0.373265$ & $-0.0587993$ & $0.118023$ & $-0.0123651$ & $0.0292925$ & $0.068734$ & $0.00433344$ & $0.00583402$ & $-0.0239046$ & $0.0598813$ & $0.0896821$ & $-0.0487789$ & $-0.0182886$ & $0.0250211$ & $0.00815199$ & $-0.0519439$ \\
CHbox & $-0.0392172$ & $0.00406571$ & $0.0326225$ & $-0.0226543$ & $0.0164154$ & $0.0872747$ & $-0.000617641$ & $-0.299002$ & $-0.276159$ & $0.65806$ & $0.309664$ & $1$ & $-0.0418009$ & $-0.135002$ & $-0.0703214$ & $-0.0647223$ & $-0.0487054$ & $0.0218535$ & $0.0203762$ & $-0.290198$ & $-0.318314$ & $-0.307458$ & $-0.0306346$ & $0.152232$ & $0.0144394$ & $0.191558$ & $-0.164327$ & $-0.121781$ & $0.0225228$ & $0.161952$ & $0.0439285$ & $0.0872967$ & $0.190933$ & $-0.18882$ & $0.0764015$ & $0.0730815$ & $-0.0106784$ & $0.0247419$ & $0.00130078$ & $-0.00405313$ & $-0.0102968$ & $-0.0441731$ & $0.035319$ & $0.0352284$ & $-0.02749$ & $0.0200996$ & $0.00841637$ & $-0.0144136$ & $-0.0377433$ \\
CH & $-0.00827467$ & $-0.0119964$ & $-0.0113422$ & $0.0292093$ & $-0.0022791$ & $-0.0137098$ & $-0.256381$ & $0.27631$ & $0.27181$ & $-0.201621$ & $-0.125535$ & $-0.0418009$ & $1$ & $-0.204674$ & $0.0570347$ & $0.0619026$ & $-0.302136$ & $-0.318758$ & $-0.322893$ & $0.122849$ & $0.132958$ & $0.129749$ & $0.0154933$ & $-0.317627$ & $-0.320317$ & $-0.064572$ & $0.0999632$ & $0.0538802$ & $0.0677432$ & $0.226995$ & $0.0985073$ & $-0.208042$ & $0.267945$ & $0.167623$ & $0.0618277$ & $-0.0108047$ & $-0.0204587$ & $-0.0211611$ & $0.000204661$ & $0.0154594$ & $0.00972265$ & $-0.00625064$ & $-0.0043321$ & $-0.00105936$ & $0.00613646$ & $-0.00971087$ & $-0.0254276$ & $-0.0134016$ & $0.0122634$ \\
CHL1_11 & $0.0485618$ & $0.00971308$ & $0.00854432$ & $-0.0535987$ & $-0.0251086$ & $0.0194292$ & $0.0292672$ & $0.123069$ & $0.110672$ & $0.229761$ & $-0.530497$ & $-0.135002$ & $-0.204674$ & $1$ & $0.278312$ & $0.291352$ & $0.670092$ & $0.600453$ & $0.581713$ & $0.550479$ & $0.490828$ & $0.47897$ & $-0.0674064$ & $0.456696$ & $0.602236$ & $-0.292796$ & $-0.0925985$ & $0.16875$ & $-0.0467937$ & $-0.0424477$ & $-0.0153323$ & $0.00706868$ & $-0.0445901$ & $-0.197821$ & $0.0451566$ & $-0.0583096$ & $0.00916231$ & $-0.0372124$ & $-0.0149482$ & $-0.00356463$ & $-0.0453876$ & $0.0100053$ & $-0.0120552$ & $-0.0327853$ & $0.000446405$ & $0.0299674$ & $0.0205401$ & $-0.0387018$ & $0.0165267$ \\
CHL1_22 & $0.0199633$ & $-0.0344451$ & $-0.0630385$ & $-0.0182029$ & $-0.0409572$ & $-0.0645201$ & $0.00736774$ & $0.284915$ & $0.283419$ & $-0.131675$ & $-0.407645$ & $-0.0703214$ & $0.0570347$ & $0.278312$ & $1$ & $0.442981$ & $0.178858$ & $-0.444272$ & $-0.0248821$ & $0.472391$ & $0.322054$ & $0.316352$ & $-0.168407$ & $0.134016$ & $-0.10122$ & $-0.194182$ & $-0.381082$ & $0.106706$ & $0.00459092$ & $0.0115437$ & $0.0533353$ & $0.0100242$ & $-0.0157841$ & $-0.600162$ & $0.0580047$ & $-0.0040298$ & $-0.0641694$ & $-0.0208413$ & $0.0500397$ & $0.0514963$ & $-0.0402721$ & $0.0190679$ & $0.0334453$ & $-0.00378893$ & $-0.0388106$ & $0.0641222$ & $0.0481393$ & $-0.0459062$ & $-0.0823733$ \\
CHL1_33 & $0.0130211$ & $-0.0359756$ & $-0.062606$ & $0.0050191$ & $-0.0272226$ & $-0.0869106$ & $-0.0139751$ & $0.302962$ & $0.298169$ & $-0.120659$ & $-0.428283$ & $-0.0647223$ & $0.0619026$ & $0.291352$ & $0.442981$ & $1$ & $0.186514$ & $-0.0038178$ & $-0.437716$ & $0.490752$ & $0.346231$ & $0.363256$ & $-0.135724$ & $0.110363$ & $-0.0997169$ & $-0.236848$ & $-0.377863$ & $0.11186$ & $-0.00421427$ & $0.0194398$ & $0.0257036$ & $-0.0129772$ & $-0.000938086$ & $-0.093421$ & $0.0596534$ & $0.00770563$ & $-0.0362892$ & $-0.021127$ & $0.0424152$ & $0.0348296$ & $-0.0145601$ & $0.0224465$ & $-0.00522392$ & $-0.00417097$ & $-0.0167359$ & $0.0256681$ & $0.0820158$ & $-0.063787$ & $-0.0240871$ \\
CHL3_11 & $0.0534654$ & $0.0247386$ & $0.0063767$ & $-0.0457447$ & $-0.0223902$ & $-0.256492$ & $0.0720463$ & $-0.194841$ & $-0.201973$ & $0.41363$ & $-0.255128$ & $-0.0487054$ & $-0.302136$ & $0.670092$ & $0.178858$ & $0.186514$ & $1$ & $0.728834$ & $0.714003$ & $0.279899$ & $0.221737$ & $0.213845$ & $-0.0673135$ & $0.644006$ & $0.785682$ & $-0.143247$ & $-0.137542$ & $0.0497391$ & $-0.0522307$ & $-0.0739441$ & $-0.0192483$ & $0.0565773$ & $-0.0542549$ & $-0.228659$ & $0.00628223$ & $-0.047092$ & $0.0126022$ & $-0.00809229$ & $-0.0139054$ & $-0.0265582$ & $-0.0424505$ & $0.00821206$ & $-0.0145558$ & $-0.0319399$ & $-0.0099633$ & $0.020765$ & $0.0554572$ & $-0.0214187$ & $0.0333408$ \\
CHL3_22 & $0.0229801$ & $0.0387578$ & $0.0408669$ & $-0.0372479$ & $0.00225828$ & $-0.0540455$ & $0.0601081$ & $-0.392432$ & $-0.397093$ & $0.483923$ & $0.0294653$ & $0.0218535$ & $-0.318758$ & $0.600453$ & $-0.444272$ & $-0.0038178$ & $0.728834$ & $1$ & $0.655447$ & $-0.0305195$ & $-0.0230629$ & $-0.0222157$ & $0.0180695$ & $0.583671$ & $0.78409$ & $-0.00390926$ & $0.00155664$ & $-0.0196746$ & $-0.0555937$ & $-0.0743547$ & $-0.0590684$ & $0.0417349$ & $-0.0564683$ & $0.0625957$ & $-0.0169563$ & $-0.0212419$ & $0.0423603$ & $-0.00717964$ & $-0.025488$ & $-0.0388036$ & $-0.0188263$ & $-0.00898858$ & $-0.0248695$ & $-0.0133724$ & $0.00481174$ & $-0.0185705$ & $0.0242437$ & $-0.0109301$ & $0.0594894$ \\
CHL3_33 & $0.0265746$ & $0.0429323$ & $0.0423629$ & $-0.0575736$ & $-0.00953808$ & $-0.0292937$ & $0.0772372$ & $-0.418335$ & $-0.41948$ & $0.477866$ & $0.061178$ & $0.0203762$ & $-0.322893$ & $0.581713$ & $-0.0248821$ & $-0.437716$ & $0.714003$ & $0.655447$ & $1$ & $-0.0612526$ & $-0.0544437$ & $-0.0502725$ & $-0.00249904$ & $0.60138$ & $0.788717$ & $0.0394495$ & $0.0110655$ & $-0.0273363$ & $-0.0461708$ & $-0.0730148$ & $-0.0387247$ & $0.0614248$ & $-0.0621015$ & $-0.334752$ & $-0.0165892$ & $-0.0322836$ & $0.0145485$ & $-0.0121183$ & $-0.0190787$ & $-0.0293926$ & $-0.0319146$ & $-0.00668087$ & $0.0116697$ & $-0.0156816$ & $-0.00937031$ & $0.0119512$ & $-0.0033263$ & $0.00093585$ & $0.023419$ \\
CHe_11 & $0.0852966$ & $-0.0143284$ & $-0.0381005$ & $-0.000969138$ & $-0.0320811$ & $-0.201691$ & $-0.0361652$ & $0.852523$ & $0.834637$ & $-0.332833$ & $-0.990776$ & $-0.290198$ & $0.122849$ & $0.550479$ & $0.472391$ & $0.490752$ & $0.279899$ & $-0.0305195$ & $-0.0612526$ & $1$ & $0.97286$ & $0.954582$ & $-0.0142619$ & $-0.248495$ & $0.0176442$ & $-0.548465$ & $0.233585$ & $0.325457$ & $0.00328416$ & $0.0506884$ & $0.0363343$ & $-0.0450214$ & $0.0625478$ & $0.294976$ & $0.0605387$ & $-0.108674$ & $0.00291011$ & $-0.0299677$ & $-0.0552426$ & $0.00295817$ & $-0.0133806$ & $0.0223523$ & $-0.0492996$ & $-0.0841077$ & $0.0400094$ & $0.0222368$ & $-0.0184493$ & $-0.0132208$ & $0.0430478$ \\
CHe_22 & $0.0912917$ & $-0.00527424$ & $-0.0212714$ & $0.00305742$ & $-0.0242573$ & $-0.207815$ & $-0.0475028$ & $0.899367$ & $0.879807$ & $-0.362507$ & $-0.990981$ & $-0.318314$ & $0.132958$ & $0.490828$ & $0.322054$ & $0.346231$ & $0.221737$ & $-0.0230629$ & $-0.0544437$ & $0.97286$ & $1$ & $0.975897$ & $0.0330643$ & $-0.363422$ & $-0.00123739$ & $-0.554209$ & $0.387287$ & $0.336467$ & $0.00744793$ & $0.0518579$ & $0.0324417$ & $-0.0581693$ & $0.0757821$ & $0.460177$ & $0.0492008$ & $-0.125782$ & $0.0197873$ & $-0.0267144$ & $-0.0786118$ & $-0.0128567$ & $-0.00707564$ & $0.0241195$ & $-0.0587801$ & $-0.0944239$ & $0.057554$ & $0.0124133$ & $-0.038997$ & $0.00504873$ & $0.0693251$ \\
CHe_33 & $0.0866751$ & $-0.00727791$ & $-0.021439$ & $0.00641316$ & $-0.01894$ & $-0.200093$ & $-0.0432055$ & $0.881703$ & $0.862843$ & $-0.35946$ & $-0.970798$ & $-0.307458$ & $0.129749$ & $0.47897$ & $0.316352$ & $0.363256$ & $0.213845$ & $-0.0222157$ & $-0.0502725$ & $0.954582$ & $0.975897$ & $1$ & $0.0314187$ & $-0.354889$ & $0.000768433$ & $-0.539523$ & $0.38172$ & $0.326273$ & $0.00980869$ & $0.0571459$ & $0.0342618$ & $-0.0530561$ & $0.07728$ & $0.451625$ & $0.0503976$ & $-0.123495$ & $0.0230716$ & $-0.0343578$ & $-0.0794959$ & $-0.0103995$ & $-0.000210828$ & $0.0307244$ & $-0.0562675$ & $-0.0975385$ & $0.0530501$ & $0.0164445$ & $-0.0342742$ & $0.00549802$ & $0.0655399$ \\
CHQ1_11 & $0.0117547$ & $0.00805432$ & $-0.0387649$ & $0.0580373$ & $0.0361548$ & $0.0017243$ & $0.00308821$ & $0.0565424$ & $0.0560781$ & $-0.0524507$ & $-0.00767402$ & $-0.0306346$ & $0.0154933$ & $-0.0674064$ & $-0.168407$ & $-0.135724$ & $-0.0673135$ & $0.0180695$ & $-0.00249904$ & $-0.0142619$ & $0.0330643$ & $0.0314187$ & $1$ & $-0.132333$ & $0.070265$ & $-0.683238$ & $0.30752$ & $0.0188667$ & $0.0440836$ & $0.024156$ & $-0.0259599$ & $-0.00175527$ & $0.0164463$ & $0.186681$ & $-0.00211565$ & $-0.0332008$ & $0.0329601$ & $0.014841$ & $-0.0298373$ & $-0.029218$ & $-0.00742764$ & $0.0256834$ & $-0.0652093$ & $-0.00784155$ & $0.0564929$ & $-0.0431856$ & $-0.0488278$ & $0.0154976$ & $0.03859$ \\
CHQ1_33 & $-0.0678042$ & $0.0425102$ & $0.0132617$ & $-0.0437973$ & $-0.0221411$ & $0.0476141$ & $0.0966553$ & $-0.66508$ & $-0.658276$ & $0.544978$ & $0.306167$ & $0.152232$ & $-0.317627$ & $0.456696$ & $0.134016$ & $0.110363$ & $0.644006$ & $0.583671$ & $0.60138$ & $-0.248495$ & $-0.363422$ & $-0.354889$ & $-0.132333$ & $1$ & $0.629315$ & $0.185957$ & $-0.435965$ & $-0.0205754$ & $-0.0418962$ & $-0.086124$ & $-0.0374033$ & $0.0873426$ & $-0.108487$ & $-0.645643$ & $-0.00446829$ & $0.0484962$ & $-0.0209838$ & $-0.0144336$ & $0.0680249$ & $0.00415121$ & $-0.0478226$ & $-0.0107156$ & $0.0539089$ & $0.0422194$ & $-0.0629125$ & $0.0137026$ & $0.0803032$ & $-0.0219624$ & $-0.0574422$ \\
CHQ3_11 & $-0.0525596$ & $0.0710277$ & $0.0540699$ & $-0.0389795$ & $0.0157059$ & $-0.0932052$ & $0.0810669$ & $-0.377762$ & $-0.380429$ & $0.473537$ & $-0.00529004$ & $0.0144394$ & $-0.320317$ & $0.602236$ & $-0.10122$ & $-0.0997169$ & $0.785682$ & $0.78409$ & $0.788717$ & $0.0176442$ & $-0.00123739$ & $0.000768433$ & $0.070265$ & $0.629315$ & $1$ & $-0.000510809$ & $0.19654$ & $-0.0138153$ & $-0.0325619$ & $-0.0647945$ & $-0.0411819$ & $0.060482$ & $-0.0418218$ & $-0.203638$ & $-0.027588$ & $-0.0520897$ & $0.00896782$ & $0.0135694$ & $-0.00449387$ & $-0.041755$ & $-0.0505649$ & $0.0121302$ & $-0.0192155$ & $-0.00849554$ & $0.0145885$ & $-0.0382819$ & $0.00594762$ & $0.00765032$ & $0.0592783$ \\
CHu_11 & $-0.0834901$ & $0.0326167$ & $0.0707476$ & $-0.0561921$ & $-0.00361681$ & $0.11503$ & $0.0198157$ & $-0.493013$ & $-0.482799$ & $0.211688$ & $0.556338$ & $0.191558$ & $-0.064572$ & $-0.292796$ & $-0.194182$ & $-0.236848$ & $-0.143247$ & $-0.00390926$ & $0.0394495$ & $-0.548465$ & $-0.554209$ & $-0.539523$ & $-0.683238$ & $0.185957$ & $-0.000510809$ & $1$ & $-0.146733$ & $-0.201688$ & $-0.0305998$ & $-0.0304252$ & $0.000101746$ & $0.0278814$ & $-0.0182372$ & $-0.238675$ & $-0.0564455$ & $0.0606621$ & $-0.0337862$ & $0.0243142$ & $0.0392044$ & $0.0148843$ & $0.013651$ & $-0.0240166$ & $0.0652449$ & $0.0400207$ & $-0.0466116$ & $0.00585422$ & $0.0135636$ & $0.0284195$ & $-0.0243362$ \\
CHd_11 & $0.0489306$ & $0.0576014$ & $0.0700117$ & $0.0258187$ & $0.0347128$ & $-0.105323$ & $-0.0174944$ & $0.434444$ & $0.426289$ & $-0.23117$ & $-0.304808$ & $-0.164327$ & $0.0999632$ & $-0.0925985$ & $-0.381082$ & $-0.377863$ & $-0.137542$ & $0.00155664$ & $0.0110655$ & $0.233585$ & $0.387287$ & $0.38172$ & $0.30752$ & $-0.435965$ & $0.19654$ & $-0.146733$ & $1$ & $0.122322$ & $0.0436319$ & $0.0505401$ & $-0.0128969$ & $-0.0324136$ & $0.108629$ & $0.678288$ & $-0.065455$ & $-0.14866$ & $0.0456756$ & $0.0328152$ & $-0.101941$ & $-0.0575254$ & $0.0021765$ & $0.0284018$ & $-0.0747701$ & $-0.0836743$ & $0.103599$ & $-0.0798726$ & $-0.132783$ & $0.0768911$ & $0.148248$ \\
CHd_33 & $0.0272092$ & $0.00768702$ & $-0.0206641$ & $0.0105914$ & $-0.0313989$ & $-0.0387186$ & $-0.0487087$ & $0.308488$ & $0.300713$ & $-0.146319$ & $-0.33315$ & $-0.121781$ & $0.0538802$ & $0.16875$ & $0.106706$ & $0.11186$ & $0.0497391$ & $-0.0196746$ & $-0.0273363$ & $0.325457$ & $0.336467$ & $0.326273$ & $0.0188667$ & $-0.0205754$ & $-0.0138153$ & $-0.201688$ & $0.122322$ & $1$ & $0.0355089$ & $0.0427938$ & $0.0271295$ & $-0.0574702$ & $0.00050393$ & $0.154621$ & $-0.0117656$ & $-0.0113222$ & $0.0349093$ & $-0.0384034$ & $-0.0586608$ & $-0.0171913$ & $-0.030111$ & $0.0180667$ & $-0.0425454$ & $-0.0324659$ & $0.0239273$ & $-0.0112213$ & $-0.0219106$ & $-0.030792$ & $-0.0345321$ \\
CeH_22r & $0.0289597$ & $-0.0304527$ & $-0.0312388$ & $0.0320736$ & $0.00641638$ & $0.0149504$ & $0.0169647$ & $0.0326161$ & $0.0374567$ & $-0.0209993$ & $-0.00458056$ & $0.0225228$ & $0.0677432$ & $-0.0467937$ & $0.00459092$ & $-0.00421427$ & $-0.0522307$ & $-0.0555937$ & $-0.0461708$ & $0.00328416$ & $0.00744793$ & $0.00980869$ & $0.0440836$ & $-0.0418962$ & $-0.0325619$ & $-0.0305998$ & $0.0436319$ & $0.0355089$ & $1$ & $0.00437524$ & $-0.00103025$ & $0.000619074$ & $0.0202798$ & $0.021515$ & $0.00951333$ & $0.0377016$ & $-0.0204056$ & $-0.014513$ & $0.000470444$ & $0.0221265$ & $0.0180602$ & $-0.0112596$ & $-0.0277711$ & $-0.00202919$ & $-0.0169682$ & $-0.00520848$ & $0.00112914$ & $0.00893038$ & $-0.0216077$ \\
CeH_33r & $-0.0148858$ & $0.0212956$ & $-0.0222397$ & $-0.034603$ & $0.0223138$ & $-0.00980986$ & $-0.109409$ & $0.0842461$ & $0.106913$ & $-0.124783$ & $-0.0486656$ & $0.161952$ & $0.226995$ & $-0.0424477$ & $0.0115437$ & $0.0194398$ & $-0.0739441$ & $-0.0743547$ & $-0.0730148$ & $0.0506884$ & $0.0518579$ & $0.0571459$ & $0.024156$ & $-0.086124$ & $-0.0647945$ & $-0.0304252$ & $0.0505401$ & $0.0427938$ & $0.00437524$ & $1$ & $0.309957$ & $0.0401562$ & $0.654622$ & $0.0541369$ & $-0.0541223$ & $-0.0195707$ & $-0.130565$ & $-0.0599077$ & $-0.0392497$ & $-0.00534646$ & $0.0372796$ & $0.00020677$ & $0.0268688$ & $0.0150936$ & $0.0931805$ & $0.0116304$ & $-0.049917$ & $-0.010567$ & $0.0986453$ \\
CuH_22r & $-0.0775107$ & $0.0204067$ & $-0.0572705$ & $-0.00417045$ & $0.0175151$ & $-0.00301209$ & $-0.0641541$ & $0.0478857$ & $0.0578981$ & $-0.051468$ & $-0.0353647$ & $0.0439285$ & $0.0985073$ & $-0.0153323$ & $0.0533353$ & $0.0257036$ & $-0.0192483$ & $-0.0590684$ & $-0.0387247$ & $0.0363343$ & $0.0324417$ & $0.0342618$ & $-0.0259599$ & $-0.0374033$ & $-0.0411819$ & $0.000101746$ & $-0.0128969$ & $0.0271295$ & $-0.00103025$ & $0.309957$ & $1$ & $0.0278689$ & $0.321659$ & $-0.00082079$ & $-0.00260808$ & $0.0246333$ & $-0.0288133$ & $-0.0476394$ & $-0.00791237$ & $0.0120886$ & $0.0160776$ & $-0.0214307$ & $0.00992828$ & $0.024193$ & $0.0277345$ & $0.0827744$ & $0.246992$ & $0.0777947$ & $-0.038895$ \\
CuH_33r & $-0.0114381$ & $-0.0648723$ & $0.0374088$ & $-0.0740102$ & $0.0381161$ & $0.0167024$ & $0.929728$ & $-0.0780734$ & $-0.034961$ & $0.0743204$ & $0.0528171$ & $0.0872967$ & $-0.208042$ & $0.00706868$ & $0.0100242$ & $-0.0129772$ & $0.0565773$ & $0.0417349$ & $0.0614248$ & $-0.0450214$ & $-0.0581693$ & $-0.0530561$ & $-0.00175527$ & $0.0873426$ & $0.060482$ & $0.0278814$ & $-0.0324136$ & $-0.0574702$ & $0.000619074$ & $0.0401562$ & $0.0278689$ & $1$ & $0.0492964$ & $-0.0690469$ & $0.0437712$ & $0.0346656$ & $-0.109823$ & $-0.00340435$ & $0.0197988$ & $-0.00136812$ & $-0.0128793$ & $-0.00869325$ & $0.0136687$ & $0.0471428$ & $-0.0665866$ & $0.00769237$ & $-0.0244246$ & $-0.0673619$ & $-0.0093922$ \\
CdH_33r & $0.0307325$ & $0.130351$ & $0.015447$ & $-0.120617$ & $-0.0218616$ & $-0.0530866$ & $-0.122419$ & $0.0989606$ & $0.12968$ & $-0.107861$ & $-0.0651235$ & $0.190933$ & $0.267945$ & $-0.0445901$ & $-0.0157841$ & $-0.000938086$ & $-0.0542549$ & $-0.0564683$ & $-0.0621015$ & $0.0625478$ & $0.0757821$ & $0.07728$ & $0.0164463$ & $-0.108487$ & $-0.0418218$ & $-0.0182372$ & $0.108629$ & $0.00050393$ & $0.0202798$ & $0.654622$ & $0.321659$ & $0.0492964$ & $1$ & $0.101994$ & $-0.0877768$ & $-0.188827$ & $-0.191718$ & $-0.0709615$ & $-0.10739$ & $-0.0202488$ & $-0.0161092$ & $-0.0234737$ & $0.127423$ & $-0.0885921$ & $0.132791$ & $-0.0199188$ & $-0.100717$ & $0.0629508$ & $0.517416$ \\
CLL_1221 & $0.0455015$ & $0.0317383$ & $0.0293711$ & $0.0423256$ & $0.0204928$ & $-0.151638$ & $-0.0647332$ & $0.566808$ & $0.55499$ & $-0.336517$ & $-0.373265$ & $-0.18882$ & $0.167623$ & $-0.197821$ & $-0.600162$ & $-0.093421$ & $-0.228659$ & $0.0625957$ & $-0.334752$ & $0.294976$ & $0.460177$ & $0.451625$ & $0.186681$ & $-0.645643$ & $-0.203638$ & $-0.238675$ & $0.678288$ & $0.154621$ & $0.021515$ & $0.0541369$ & $-0.00082079$ & $-0.0690469$ & $0.101994$ & $1$ & $-0.0257571$ & $-0.0873383$ & $0.0708111$ & $0.0092656$ & $-0.106878$ & $-0.0502684$ & $0.0373796$ & $0.00751289$ & $-0.0759001$ & $-0.0698629$ & $0.0855167$ & $-0.0533092$ & $-0.077374$ & $0.0577607$ & $0.125875$ \\
eHggint & $-0.147369$ & $-0.207414$ & $-0.070671$ & $0.109734$ & $0.0107313$ & $0.00143153$ & $-0.0325168$ & $0.0506212$ & $0.0293355$ & $0.0254496$ & $-0.0587993$ & $0.0764015$ & $0.0618277$ & $0.0451566$ & $0.0580047$ & $0.0596534$ & $0.00628223$ & $-0.0169563$ & $-0.0165892$ & $0.0605387$ & $0.0492008$ & $0.0503976$ & $-0.00211565$ & $-0.00446829$ & $-0.027588$ & $-0.0564455$ & $-0.065455$ & $-0.0117656$ & $0.00951333$ & $-0.0541223$ & $-0.00260808$ & $0.0437712$ & $-0.0877768$ & $-0.0257571$ & $1$ & $0.0504728$ & $-0.118948$ & $0.0129776$ & $0.0384675$ & $0.0196095$ & $0.114246$ & $-0.0291149$ & $-0.0803993$ & $0.0603877$ & $-0.0733866$ & $0.10364$ & $0.00530839$ & $-0.0470514$ & $-0.118541$ \\
eHggpar & $-0.216091$ & $-0.0554711$ & $-0.0533437$ & $0.0880071$ & $0.043851$ & $0.046329$ & $-0.0165098$ & $-0.103039$ & $-0.119072$ & $0.0266093$ & $0.118023$ & $0.0730815$ & $-0.0108047$ & $-0.0583096$ & $-0.0040298$ & $0.00770563$ & $-0.047092$ & $-0.0212419$ & $-0.0322836$ & $-0.108674$ & $-0.125782$ & $-0.123495$ & $-0.0332008$ & $0.0484962$ & $-0.0520897$ & $0.0606621$ & $-0.14866$ & $-0.0113222$ & $0.0377016$ & $-0.0195707$ & $0.0246333$ & $0.0346656$ & $-0.188827$ & $-0.0873383$ & $0.0504728$ & $1$ & $-0.0503143$ & $0.0240552$ & $0.0152573$ & $0.0537667$ & $0.0872349$ & $-0.0267649$ & $-0.111695$ & $0.282795$ & $0.022015$ & $0.0141079$ & $0.00686743$ & $-0.0311454$ & $-0.364399$ \\
eHWWint & $0.0769695$ & $0.0681524$ & $0.0416955$ & $0.0571224$ & $-0.000205373$ & $0.0185415$ & $-0.0533108$ & $0.0118995$ & $-0.0109356$ & $0.00423267$ & $-0.0123651$ & $-0.0106784$ & $-0.0204587$ & $0.00916231$ & $-0.0641694$ & $-0.0362892$ & $0.0126022$ & $0.0423603$ & $0.0145485$ & $0.00291011$ & $0.0197873$ & $0.0230716$ & $0.0329601$ & $-0.0209838$ & $0.00896782$ & $-0.0337862$ & $0.0456756$ & $0.0349093$ & $-0.0204056$ & $-0.130565$ & $-0.0288133$ & $-0.109823$ & $-0.191718$ & $0.0708111$ & $-0.118948$ & $-0.0503143$ & $1$ & $0.0328755$ & $-0.294776$ & $0.034092$ & $-0.113647$ & $0.0168239$ & $-0.241305$ & $-0.0753773$ & $0.0280661$ & $-0.0342143$ & $0.168527$ & $0.222636$ & $-0.128071$ \\
eHWWpar & $0.00658244$ & $0.0160411$ & $0.0333392$ & $0.0174138$ & $0.00306555$ & $0.0356234$ & $-0.00300519$ & $-0.0185222$ & $-0.0228178$ & $0.0283543$ & $0.0292925$ & $0.0247419$ & $-0.0211611$ & $-0.0372124$ & $-0.0208413$ & $-0.021127$ & $-0.00809229$ & $-0.00717964$ & $-0.0121183$ & $-0.0299677$ & $-0.0267144$ & $-0.0343578$ & $0.014841$ & $-0.0144336$ & $0.0135694$ & $0.0243142$ & $0.0328152$ & $-0.0384034$ & $-0.014513$ & $-0.0599077$ & $-0.0476394$ & $-0.00340435$ & $-0.0709615$ & $0.0092656$ & $0.0129776$ & $0.0240552$ & $0.0328755$ & $1$ & $0.0747972$ & $-0.00393623$ & $0.0299271$ & $0.0405538$ & $-0.00807703$ & $0.038679$ & $-0.0509481$ & $0.0140492$ & $-0.0488457$ & $-0.00786994$ & $-0.0301637$ \\
eHZZint & $-0.159208$ & $-0.025538$ & $-0.00457201$ & $0.232688$ & $0.0386466$ & $0.00654221$ & $-0.000418327$ & $-0.0716972$ & $-0.0729276$ & $0.0229541$ & $0.068734$ & $0.00130078$ & $0.000204661$ & $-0.0149482$ & $0.0500397$ & $0.0424152$ & $-0.0139054$ & $-0.025488$ & $-0.0190787$ & $-0.0552426$ & $-0.0786118$ & $-0.0794959$ & $-0.0298373$ & $0.0680249$ & $-0.00449387$ & $0.0392044$ & $-0.101941$ & $-0.0586608$ & $0.000470444$ & $-0.0392497$ & $-0.00791237$ & $0.0197988$ & $-0.10739$ & $-0.106878$ & $0.0384675$ & $0.0152573$ & $-0.294776$ & $0.0747972$ & $1$ & $0.013424$ & $0.0364967$ & $0.0521307$ & $0.0173024$ & $0.125633$ & $-0.145033$ & $-0.0445383$ & $0.105795$ & $-0.0994308$ & $-0.203725$ \\
eHZZpar & $0.0295512$ & $-0.0267801$ & $-0.0123465$ & $0.0387861$ & $-0.0369165$ & $0.0193437$ & $-0.00219464$ & $-0.00115159$ & $-0.00118786$ & $-0.0243305$ & $0.00433344$ & $-0.00405313$ & $0.0154594$ & $-0.00356463$ & $0.0514963$ & $0.0348296$ & $-0.0265582$ & $-0.0388036$ & $-0.0293926$ & $0.00295817$ & $-0.0128567$ & $-0.0103995$ & $-0.029218$ & $0.00415121$ & $-0.041755$ & $0.0148843$ & $-0.0575254$ & $-0.0171913$ & $0.0221265$ & $-0.00534646$ & $0.0120886$ & $-0.00136812$ & $-0.0202488$ & $-0.0502684$ & $0.0196095$ & $0.0537667$ & $0.034092$ & $-0.00393623$ & $0.013424$ & $1$ & $0.0190601$ & $0.00423586$ & $-0.0192031$ & $0.0125743$ & $-0.0306106$ & $0.00042492$ & $0.0147784$ & $-0.0134263$ & $-0.0595718$ \\
eHZgaint & $-0.0119811$ & $-0.27797$ & $-0.197195$ & $0.173112$ & $0.0109642$ & $0.0370139$ & $-0.04023$ & $0.0211698$ & $0.0176937$ & $-0.0485746$ & $0.00583402$ & $-0.0102968$ & $0.00972265$ & $-0.0453876$ & $-0.0402721$ & $-0.0145601$ & $-0.0424505$ & $-0.0188263$ & $-0.0319146$ & $-0.0133806$ & $-0.00707564$ & $-0.000210828$ & $-0.00742764$ & $-0.0478226$ & $-0.0505649$ & $0.013651$ & $0.0021765$ & $-0.030111$ & $0.0180602$ & $0.0372796$ & $0.0160776$ & $-0.0128793$ & $-0.0161092$ & $0.0373796$ & $0.114246$ & $0.0872349$ & $-0.113647$ & $0.0299271$ & $0.0364967$ & $0.0190601$ & $1$ & $-0.013144$ & $0.0219649$ & $0.287567$ & $0.0303539$ & $0.00610815$ & $0.191169$ & $-0.00811835$ & $-0.0799135$ \\
eHZgapar & $0.033374$ & $0.0341292$ & $0.0826769$ & $0.0409805$ & $0.00122353$ & $-0.0209496$ & $0.00431222$ & $0.0220501$ & $0.0225231$ & $-0.0285532$ & $-0.0239046$ & $-0.0441731$ & $-0.00625064$ & $0.0100053$ & $0.0190679$ & $0.0224465$ & $0.00821206$ & $-0.00898858$ & $-0.00668087$ & $0.0223523$ & $0.0241195$ & $0.0307244$ & $0.0256834$ & $-0.0107156$ & $0.0121302$ & $-0.0240166$ & $0.0284018$ & $0.0180667$ & $-0.0112596$ & $0.00020677$ & $-0.0214307$ & $-0.00869325$ & $-0.0234737$ & $0.00751289$ & $-0.0291149$ & $-0.0267649$ & $0.0168239$ & $0.0405538$ & $0.0521307$ & $0.00423586$ & $-0.013144$ & $1$ & $0.00478847$ & $0.0605879$ & $0.00828715$ & $0.00690162$ & $-0.0397538$ & $-0.00566918$ & $-0.00920739$ \\
eHgagaint & $-0.0780583$ & $0.185311$ & $0.217942$ & $-0.168683$ & $-0.0126282$ & $0.0130907$ & $0.0105003$ & $-0.0613902$ & $0.00277184$ & $0.0448985$ & $0.0598813$ & $0.035319$ & $-0.0043321$ & $-0.0120552$ & $0.0334453$ & $-0.00522392$ & $-0.0145558$ & $-0.0248695$ & $0.0116697$ & $-0.0492996$ & $-0.0587801$ & $-0.0562675$ & $-0.0652093$ & $0.0539089$ & $-0.0192155$ & $0.0652449$ & $-0.0747701$ & $-0.0425454$ & $-0.0277711$ & $0.0268688$ & $0.00992828$ & $0.0136687$ & $0.127423$ & $-0.0759001$ & $-0.0803993$ & $-0.111695$ & $-0.241305$ & $-0.00807703$ & $0.0173024$ & $-0.0192031$ & $0.0219649$ & $0.00478847$ & $1$ & $0.0079163$ & $-0.130906$ & $0.0804844$ & $-0.101698$ & $-0.107452$ & $0.171562$ \\
eHmumuint & $-0.217343$ & $-0.0550653$ & $0.00111413$ & $-0.0510127$ & $0.0417359$ & $0.069204$ & $0.0219889$ & $-0.0797074$ & $-0.0817357$ & $0.032598$ & $0.0896821$ & $0.0352284$ & $-0.00105936$ & $-0.0327853$ & $-0.00378893$ & $-0.00417097$ & $-0.0319399$ & $-0.0133724$ & $-0.0156816$ & $-0.0841077$ & $-0.0944239$ & $-0.0975385$ & $-0.00784155$ & $0.0422194$ & $-0.00849554$ & $0.0400207$ & $-0.0836743$ & $-0.0324659$ & $-0.00202919$ & $0.0150936$ & $0.024193$ & $0.0471428$ & $-0.0885921$ & $-0.0698629$ & $0.0603877$ & $0.282795$ & $-0.0753773$ & $0.038679$ & $0.125633$ & $0.0125743$ & $0.287567$ & $0.0605879$ & $0.0079163$ & $1$ & $0.0889624$ & $-0.0897402$ & $0.0400869$ & $-0.0360905$ & $-0.208073$ \\
eHtautauint & $0.0591352$ & $0.105604$ & $-0.28656$ & $-0.186834$ & $0.00717142$ & $-0.0674981$ & $-0.0545954$ & $0.0571291$ & $0.0471989$ & $-0.0360789$ & $-0.0487789$ & $-0.02749$ & $0.00613646$ & $0.000446405$ & $-0.0388106$ & $-0.0167359$ & $-0.0099633$ & $0.00481174$ & $-0.00937031$ & $0.0400094$ & $0.057554$ & $0.0530501$ & $0.0564929$ & $-0.0629125$ & $0.0145885$ & $-0.0466116$ & $0.103599$ & $0.0239273$ & $-0.0169682$ & $0.0931805$ & $0.0277345$ & $-0.0665866$ & $0.132791$ & $0.0855167$ & $-0.0733866$ & $0.022015$ & $0.0280661$ & $-0.0509481$ & $-0.145033$ & $-0.0306106$ & $0.0303539$ & $0.00828715$ & $-0.130906$ & $0.0889624$ & $1$ & $0.14472$ & $-0.0602285$ & $0.05661$ & $0.252177$ \\
eHccint & $0.0712859$ & $0.0860112$ & $-0.109067$ & $-0.0304605$ & $0.00383652$ & $0.0158689$ & $-0.00413531$ & $0.000620678$ & $0.00223597$ & $0.0100955$ & $-0.0182886$ & $0.0200996$ & $-0.00971087$ & $0.0299674$ & $0.0641222$ & $0.0256681$ & $0.020765$ & $-0.0185705$ & $0.0119512$ & $0.0222368$ & $0.0124133$ & $0.0164445$ & $-0.0431856$ & $0.0137026$ & $-0.0382819$ & $0.00585422$ & $-0.0798726$ & $-0.0112213$ & $-0.00520848$ & $0.0116304$ & $0.0827744$ & $0.00769237$ & $-0.0199188$ & $-0.0533092$ & $0.10364$ & $0.0141079$ & $-0.0342143$ & $0.0140492$ & $-0.0445383$ & $0.00042492$ & $0.00610815$ & $0.00690162$ & $0.0804844$ & $-0.0897402$ & $0.14472$ & $1$ & $-0.0397446$ & $0.122351$ & $-0.0912799$ \\
eHccpar & $-0.152468$ & $-0.0567026$ & $-0.25606$ & $0.0526669$ & $0.0166971$ & $0.0282683$ & $-0.0158768$ & $-0.0536004$ & $-0.0636324$ & $0.0374495$ & $0.0250211$ & $0.00841637$ & $-0.0254276$ & $0.0205401$ & $0.0481393$ & $0.0820158$ & $0.0554572$ & $0.0242437$ & $-0.0033263$ & $-0.0184493$ & $-0.038997$ & $-0.0342742$ & $-0.0488278$ & $0.0803032$ & $0.00594762$ & $0.0135636$ & $-0.132783$ & $-0.0219106$ & $0.00112914$ & $-0.049917$ & $0.246992$ & $-0.0244246$ & $-0.100717$ & $-0.077374$ & $0.00530839$ & $0.00686743$ & $0.168527$ & $-0.0488457$ & $0.105795$ & $0.0147784$ & $0.191169$ & $-0.0397538$ & $-0.101698$ & $0.0400869$ & $-0.0602285$ & $-0.0397446$ & $1$ & $0.174696$ & $-0.142083$ \\
eHbbint & $-0.166912$ & $0.166448$ & $-0.118844$ & $0.105589$ & $0.00421913$ & $0.0307182$ & $-0.0461007$ & $0.0100675$ & $0.00293436$ & $-0.0279354$ & $0.00815199$ & $-0.0144136$ & $-0.0134016$ & $-0.0387018$ & $-0.0459062$ & $-0.063787$ & $-0.0214187$ & $-0.0109301$ & $0.00093585$ & $-0.0132208$ & $0.00504873$ & $0.00549802$ & $0.0154976$ & $-0.0219624$ & $0.00765032$ & $0.0284195$ & $0.0768911$ & $-0.030792$ & $0.00893038$ & $-0.010567$ & $0.0777947$ & $-0.0673619$ & $0.0629508$ & $0.0577607$ & $-0.0470514$ & $-0.0311454$ & $0.222636$ & $-0.00786994$ & $-0.0994308$ & $-0.0134263$ & $-0.00811835$ & $-0.00566918$ & $-0.107452$ & $-0.0360905$ & $0.05661$ & $0.122351$ & $0.174696$ & $1$ & $-0.0371846$ \\
eHbbpar & $0.159808$ & $0.255947$ & $0.02292$ & $-0.263822$ & $-0.0493793$ & $-0.08613$ & $-0.000323898$ & $0.0456262$ & $0.0611365$ & $0.000524751$ & $-0.0519439$ & $-0.0377433$ & $0.0122634$ & $0.0165267$ & $-0.0823733$ & $-0.0240871$ & $0.0333408$ & $0.0594894$ & $0.023419$ & $0.0430478$ & $0.0693251$ & $0.0655399$ & $0.03859$ & $-0.0574422$ & $0.0592783$ & $-0.0243362$ & $0.148248$ & $-0.0345321$ & $-0.0216077$ & $0.0986453$ & $-0.038895$ & $-0.0093922$ & $0.517416$ & $0.125875$ & $-0.118541$ & $-0.364399$ & $-0.128071$ & $-0.0301637$ & $-0.203725$ & $-0.0595718$ & $-0.0799135$ & $-0.00920739$ & $0.171562$ & $-0.208073$ & $0.252177$ & $-0.0912799$ & $-0.142083$ & $-0.0371846$ & $1$ \\
