 & AlsMz & dAle5Mz & mtop & mHl & Mz & CW & CHG & CHWB & CHWHB_gaga & CHWHB_gagaorth & CHD & CHbox & CH & CHL1_11 & CHL1_22 & CHL1_33 & CHL3_11 & CHL3_22 & CHL3_33 & CHe_11 & CHe_22 & CHe_33 & CHQ1_11 & CHQ1_33 & CHQ3_11 & CHu_11 & CHd_11 & CHd_33 & CeH_22r & CeH_33r & CuH_22r & CuH_33r & CdH_33r & CLL_1221 & eHggpar & eHWWpar & eHZZpar & eHZgapar & eHccpar & eHbbpar \\
AlsMz & $1$ & $-0.010868$ & $-0.00234859$ & $-0.0433801$ & $0.0291754$ & $-0.0128719$ & $0.0426888$ & $-0.0203264$ & $-0.0199408$ & $0.0131061$ & $0.00858813$ & $-0.0332057$ & $-0.051612$ & $0.0249098$ & $-0.00209917$ & $0.00765926$ & $0.00699888$ & $0.0126002$ & $0.0243437$ & $-0.0211646$ & $-0.0056756$ & $-0.0193578$ & $-0.0086538$ & $-0.00291872$ & $-0.0471744$ & $-0.00213529$ & $-0.0232222$ & $0.00245246$ & $-0.0299309$ & $-0.0319922$ & $-0.0358703$ & $0.0397724$ & $-0.0340187$ & $-0.0254618$ & $-0.029372$ & $-0.00911756$ & $0.00451512$ & $0.00852198$ & $0.0246241$ & $0.0155615$ \\
dAle5Mz & $-0.010868$ & $1$ & $0.0132078$ & $0.00705154$ & $0.0141877$ & $0.0342326$ & $-0.00594894$ & $-0.254168$ & $-0.252793$ & $0.126121$ & $0.252886$ & $0.0451719$ & $0.00979542$ & $-0.0150073$ & $-0.0329785$ & $-0.0427241$ & $0.112501$ & $0.084249$ & $0.0904276$ & $-0.205201$ & $-0.125233$ & $-0.119739$ & $0.0172038$ & $0.0885354$ & $0.0851145$ & $0.0396835$ & $-0.0344962$ & $-0.0324138$ & $0.00234381$ & $0.0130491$ & $0.00398357$ & $-0.000789779$ & $0.00346582$ & $0.0049212$ & $-0.0217825$ & $-0.00682325$ & $-0.0315783$ & $-0.0138559$ & $-0.000820079$ & $-0.0359722$ \\
mtop & $-0.00234859$ & $0.0132078$ & $1$ & $-0.0460876$ & $-0.0185994$ & $-0.0186441$ & $0.0542148$ & $0.0136659$ & $0.0117513$ & $0.0032326$ & $0.103614$ & $-0.0745799$ & $-0.0556258$ & $-0.00403617$ & $0.00255332$ & $-0.0266862$ & $-0.0108784$ & $-0.0108536$ & $0.00805029$ & $0.0267835$ & $0.00520753$ & $0.0137339$ & $-0.0228865$ & $0.038974$ & $-0.0021153$ & $0.0153042$ & $0.0159848$ & $0.0392603$ & $-0.00242739$ & $-0.0734746$ & $-0.0374345$ & $0.0423143$ & $-0.0733614$ & $0.0159748$ & $-0.0332646$ & $-0.00985321$ & $-0.00745922$ & $0.0169237$ & $-0.00566395$ & $0.0164692$ \\
mHl & $-0.0433801$ & $0.00705154$ & $-0.0460876$ & $1$ & $-0.0148355$ & $0.023149$ & $0.00559759$ & $0.0148538$ & $0.0130534$ & $-0.00676519$ & $-0.0182342$ & $-0.0330504$ & $0.000826691$ & $-8.84023e-05$ & $-0.0144514$ & $-0.0119699$ & $-0.00627545$ & $-0.000459256$ & $-0.00505416$ & $0.00268255$ & $0.00984456$ & $0.00242556$ & $0.015336$ & $-0.0123613$ & $-0.0018855$ & $-0.0188903$ & $0.00950364$ & $-0.0302186$ & $0.00451934$ & $-0.00756555$ & $-0.0197851$ & $0.00428648$ & $0.00255107$ & $0.0222599$ & $0.00559405$ & $-0.0145287$ & $-0.0202304$ & $0.00327072$ & $-0.0180678$ & $0.0456003$ \\
Mz & $0.0291754$ & $0.0141877$ & $-0.0185994$ & $-0.0148355$ & $1$ & $0.0226391$ & $-0.00248468$ & $0.0240328$ & $0.0231441$ & $-0.0257728$ & $0.0133854$ & $0.00184075$ & $-0.00747315$ & $0.00732339$ & $-0.00669172$ & $-0.00774097$ & $-0.0204485$ & $-0.0206198$ & $-0.00618596$ & $0.0262345$ & $0.0292976$ & $0.0413624$ & $-0.0107488$ & $-0.0160194$ & $-0.0183539$ & $0.0022474$ & $0.018688$ & $0.0304572$ & $0.00608811$ & $0.00241895$ & $-0.0108051$ & $-0.00718477$ & $-0.0146002$ & $0.00202268$ & $0.0297919$ & $0.0284537$ & $0.00750906$ & $-0.0058785$ & $0.00311586$ & $-0.011403$ \\
CW & $-0.0128719$ & $0.0342326$ & $-0.0186441$ & $0.023149$ & $0.0226391$ & $1$ & $-0.0140145$ & $-0.0614407$ & $-0.0619879$ & $0.0128103$ & $0.071698$ & $0.0132308$ & $0.00607038$ & $0.199751$ & $0.0277975$ & $0.0278229$ & $-0.148975$ & $-0.0143657$ & $-0.0184089$ & $-0.0720734$ & $-0.0658515$ & $-0.0584626$ & $-0.027504$ & $0.029476$ & $-0.0328288$ & $0.0438813$ & $-0.0721845$ & $0.00103104$ & $-0.00516437$ & $0.0106054$ & $0.00918512$ & $-0.00918248$ & $0.00977506$ & $-0.134793$ & $-0.0161137$ & $0.0198391$ & $-0.0240448$ & $-0.00577209$ & $-0.0121776$ & $-0.0182732$ \\
CHG & $0.0426888$ & $-0.00594894$ & $0.0542148$ & $0.00559759$ & $-0.00248468$ & $-0.0140145$ & $1$ & $0.0715564$ & $0.0961644$ & $0.0422694$ & $-0.056923$ & $-0.747913$ & $-0.875976$ & $-0.0716734$ & $0.0251741$ & $0.0214022$ & $-0.0781424$ & $-0.0763392$ & $-0.0834846$ & $0.125739$ & $0.0579469$ & $0.0600536$ & $-0.0142431$ & $-0.0596109$ & $-0.079932$ & $0.0195567$ & $0.031267$ & $0.0101054$ & $-0.20653$ & $-0.69663$ & $-0.417671$ & $0.968372$ & $-0.697711$ & $0.00202024$ & $-0.108785$ & $0.0108661$ & $0.0104917$ & $0.0450212$ & $-0.0230172$ & $0.00381188$ \\
CHWB & $-0.0203264$ & $-0.254168$ & $0.0136659$ & $0.0148538$ & $0.0240328$ & $-0.0614407$ & $0.0715564$ & $1$ & $0.994834$ & $-0.552918$ & $-0.884892$ & $-0.112715$ & $-0.0849074$ & $-0.312407$ & $-0.0231372$ & $-0.0232072$ & $-0.6511$ & $-0.534472$ & $-0.551184$ & $0.876201$ & $0.675623$ & $0.660098$ & $0.0366829$ & $-0.675272$ & $-0.595275$ & $-0.164212$ & $0.465053$ & $0.153096$ & $-0.00434298$ & $-0.069194$ & $-0.0530098$ & $0.0618335$ & $-0.0814809$ & $0.654488$ & $-0.0057045$ & $0.0092947$ & $-0.00840573$ & $-0.00756758$ & $-0.00032148$ & $0.0239756$ \\
CHWHB_gaga & $-0.0199408$ & $-0.252793$ & $0.0117513$ & $0.0130534$ & $0.0231441$ & $-0.0619879$ & $0.0961644$ & $0.994834$ & $1$ & $-0.552882$ & $-0.87932$ & $-0.119218$ & $-0.0969906$ & $-0.316842$ & $-0.022466$ & $-0.0226891$ & $-0.65134$ & $-0.53474$ & $-0.551498$ & $0.874756$ & $0.669416$ & $0.655772$ & $0.0356611$ & $-0.673209$ & $-0.594583$ & $-0.159356$ & $0.463927$ & $0.155388$ & $-0.003916$ & $-0.0658744$ & $-0.0513539$ & $0.0854738$ & $-0.0770725$ & $0.649009$ & $-0.0126254$ & $0.00458165$ & $-0.0080557$ & $-0.00613899$ & $-0.000413745$ & $0.0222962$ \\
CHWHB_gagaorth & $0.0131061$ & $0.126121$ & $0.0032326$ & $-0.00676519$ & $-0.0257728$ & $0.0128103$ & $0.0422694$ & $-0.552918$ & $-0.552882$ & $1$ & $0.227897$ & $0.01381$ & $-0.0622873$ & $0.672715$ & $0.133699$ & $0.136787$ & $0.767228$ & $0.57021$ & $0.571176$ & $-0.302263$ & $-0.214347$ & $-0.223374$ & $-0.0609949$ & $0.600966$ & $0.634947$ & $0.0289743$ & $-0.357743$ & $-0.0629372$ & $-0.0387101$ & $-0.0662871$ & $-0.0255158$ & $0.0584547$ & $-0.056742$ & $-0.413141$ & $0.00350518$ & $-0.000653179$ & $0.030725$ & $0.00641133$ & $-0.0097667$ & $-0.000163499$ \\
CHD & $0.00858813$ & $0.252886$ & $0.103614$ & $-0.0182342$ & $0.0133854$ & $0.071698$ & $-0.056923$ & $-0.884892$ & $-0.87932$ & $0.227897$ & $1$ & $0.095968$ & $0.0752053$ & $-0.0548841$ & $-0.068412$ & $-0.0672825$ & $0.310521$ & $0.292843$ & $0.311991$ & $-0.893791$ & $-0.706444$ & $-0.677077$ & $-0.0195497$ & $0.451339$ & $0.328447$ & $0.199825$ & $-0.339936$ & $-0.144951$ & $0.015158$ & $0.0592371$ & $0.0380773$ & $-0.0507924$ & $0.0646864$ & $-0.515258$ & $0.00279828$ & $-0.0112902$ & $0.00437188$ & $0.0146428$ & $0.00108554$ & $-0.0257017$ \\
CHbox & $-0.0332057$ & $0.0451719$ & $-0.0745799$ & $-0.0330504$ & $0.00184075$ & $0.0132308$ & $-0.747913$ & $-0.112715$ & $-0.119218$ & $0.01381$ & $0.095968$ & $1$ & $0.862188$ & $0.0307271$ & $-0.0123282$ & $-0.0145532$ & $0.0729299$ & $0.0629648$ & $0.0704952$ & $-0.118386$ & $-0.0763825$ & $-0.069655$ & $0.0305576$ & $0.0617949$ & $0.0662914$ & $-0.0107806$ & $-0.0420166$ & $-0.0213109$ & $0.209131$ & $0.710973$ & $0.410939$ & $-0.680545$ & $0.702071$ & $-0.0591202$ & $0.131315$ & $-0.00779662$ & $0.00192347$ & $-0.0415423$ & $0.0522296$ & $-0.00930364$ \\
CH & $-0.051612$ & $0.00979542$ & $-0.0556258$ & $0.000826691$ & $-0.00747315$ & $0.00607038$ & $-0.875976$ & $-0.0849074$ & $-0.0969906$ & $-0.0622873$ & $0.0752053$ & $0.862188$ & $1$ & $0.061485$ & $-0.0225979$ & $-0.0232012$ & $0.0855702$ & $0.0731209$ & $0.0823827$ & $-0.147233$ & $-0.0740449$ & $-0.0722686$ & $0.0183388$ & $0.0672302$ & $0.0800876$ & $-0.0195514$ & $-0.0387322$ & $-0.0183279$ & $0.249987$ & $0.772201$ & $0.455977$ & $-0.824453$ & $0.762993$ & $-0.00924737$ & $0.112571$ & $-0.0041591$ & $-0.0193429$ & $-0.0431686$ & $0.0242421$ & $-0.0256157$ \\
CHL1_11 & $0.0249098$ & $-0.0150073$ & $-0.00403617$ & $-8.84023e-05$ & $0.00732339$ & $0.199751$ & $-0.0716734$ & $-0.312407$ & $-0.316842$ & $0.672715$ & $-0.0548841$ & $0.0307271$ & $0.061485$ & $1$ & $0.169231$ & $0.178838$ & $0.63458$ & $0.527984$ & $0.518904$ & $-0.149128$ & $-0.0422738$ & $-0.0621216$ & $-0.0660227$ & $0.533612$ & $0.565932$ & $-0.0260695$ & $-0.329277$ & $-0.0113727$ & $-0.0147212$ & $0.0341051$ & $0.0458429$ & $-0.0766159$ & $0.0485165$ & $-0.317728$ & $-0.00311536$ & $-0.00935298$ & $0.0138519$ & $-0.0149329$ & $-0.00475193$ & $-0.0129933$ \\
CHL1_22 & $-0.00209917$ & $-0.0329785$ & $0.00255332$ & $-0.0144514$ & $-0.00669172$ & $0.0277975$ & $0.0251741$ & $-0.0231372$ & $-0.022466$ & $0.133699$ & $-0.068412$ & $-0.0123282$ & $-0.0225979$ & $0.169231$ & $1$ & $0.338803$ & $0.0859341$ & $-0.444309$ & $-0.0836345$ & $0.0802847$ & $-0.142683$ & $-0.0850519$ & $-0.121477$ & $0.247445$ & $-0.138326$ & $0.000331099$ & $-0.48558$ & $-0.0189847$ & $-0.0184351$ & $-0.0321301$ & $-0.00398222$ & $0.0309902$ & $-0.0231393$ & $-0.561232$ & $-0.000130564$ & $-0.004253$ & $0.0112572$ & $-0.00990058$ & $-0.00282791$ & $0.00674584$ \\
CHL1_33 & $0.00765926$ & $-0.0427241$ & $-0.0266862$ & $-0.0119699$ & $-0.00774097$ & $0.0278229$ & $0.0214022$ & $-0.0232072$ & $-0.0226891$ & $0.136787$ & $-0.0672825$ & $-0.0145532$ & $-0.0232012$ & $0.178838$ & $0.338803$ & $1$ & $0.0855705$ & $-0.0855452$ & $-0.424216$ & $0.069126$ & $-0.0897194$ & $-0.1656$ & $-0.114054$ & $0.226613$ & $-0.141005$ & $-0.0151361$ & $-0.475336$ & $-0.0292782$ & $0.00312149$ & $-0.0162459$ & $-0.00632598$ & $0.0287675$ & $-0.0135656$ & $-0.236669$ & $-0.00815908$ & $0.000461558$ & $0.018954$ & $-0.0168951$ & $0.00727443$ & $0.0180225$ \\
CHL3_11 & $0.00699888$ & $0.112501$ & $-0.0108784$ & $-0.00627545$ & $-0.0204485$ & $-0.148975$ & $-0.0781424$ & $-0.6511$ & $-0.65134$ & $0.767228$ & $0.310521$ & $0.0729299$ & $0.0855702$ & $0.63458$ & $0.0859341$ & $0.0855705$ & $1$ & $0.686866$ & $0.698669$ & $-0.472974$ & $-0.279578$ & $-0.298414$ & $-0.0389529$ & $0.679604$ & $0.766427$ & $0.0307144$ & $-0.360694$ & $-0.0781593$ & $-0.00723072$ & $0.0526377$ & $0.0505637$ & $-0.0806845$ & $0.0744053$ & $-0.355698$ & $0.00684279$ & $-0.00542122$ & $0.0261965$ & $0.00213948$ & $-0.00652875$ & $0.00649898$ \\
CHL3_22 & $0.0126002$ & $0.084249$ & $-0.0108536$ & $-0.000459256$ & $-0.0206198$ & $-0.0143657$ & $-0.0763392$ & $-0.534472$ & $-0.53474$ & $0.57021$ & $0.292843$ & $0.0629648$ & $0.0731209$ & $0.527984$ & $-0.444309$ & $-0.0855452$ & $0.686866$ & $1$ & $0.641413$ & $-0.404998$ & $-0.210654$ & $-0.226181$ & $0.0403187$ & $0.461742$ & $0.767975$ & $0.0322511$ & $-0.0399523$ & $-0.0592206$ & $0.00187069$ & $0.0504382$ & $0.0363942$ & $-0.0794428$ & $0.0623852$ & $0.101597$ & $-0.0047647$ & $-0.00904708$ & $0.0150263$ & $0.0016363$ & $-0.0116705$ & $-0.00182624$ \\
CHL3_33 & $0.0243437$ & $0.0904276$ & $0.00805029$ & $-0.00505416$ & $-0.00618596$ & $-0.0184089$ & $-0.0834846$ & $-0.551184$ & $-0.551498$ & $0.571176$ & $0.311991$ & $0.0704952$ & $0.0823827$ & $0.518904$ & $-0.0836345$ & $-0.424216$ & $0.698669$ & $0.641413$ & $1$ & $-0.418889$ & $-0.225364$ & $-0.235885$ & $0.0322658$ & $0.486272$ & $0.775948$ & $0.0446531$ & $-0.0454783$ & $-0.0518401$ & $-0.016127$ & $0.0479227$ & $0.0421057$ & $-0.0870288$ & $0.0666236$ & $-0.23342$ & $-0.0120971$ & $0.00035831$ & $0.0058271$ & $0.00246134$ & $-0.00996324$ & $-0.00708569$ \\
CHe_11 & $-0.0211646$ & $-0.205201$ & $0.0267835$ & $0.00268255$ & $0.0262345$ & $-0.0720734$ & $0.125739$ & $0.876201$ & $0.874756$ & $-0.302263$ & $-0.893791$ & $-0.118386$ & $-0.147233$ & $-0.149128$ & $0.0802847$ & $0.069126$ & $-0.472974$ & $-0.404998$ & $-0.418889$ & $1$ & $0.687473$ & $0.673657$ & $0.022969$ & $-0.51784$ & $-0.437765$ & $-0.186299$ & $0.365449$ & $0.151437$ & $-0.0253888$ & $-0.118118$ & $-0.0837958$ & $0.127305$ & $-0.128177$ & $0.454543$ & $-0.0116087$ & $0.0157869$ & $-0.00917441$ & $-0.0146769$ & $-0.00578933$ & $0.0346495$ \\
CHe_22 & $-0.0056756$ & $-0.125233$ & $0.00520753$ & $0.00984456$ & $0.0292976$ & $-0.0658515$ & $0.0579469$ & $0.675623$ & $0.669416$ & $-0.214347$ & $-0.706444$ & $-0.0763825$ & $-0.0740449$ & $-0.0422738$ & $-0.142683$ & $-0.0897194$ & $-0.279578$ & $-0.210654$ & $-0.225364$ & $0.687473$ & $1$ & $0.59015$ & $0.0554641$ & $-0.457731$ & $-0.249353$ & $-0.161599$ & $0.444391$ & $0.127159$ & $-0.0152903$ & $-0.0654818$ & $-0.0516989$ & $0.04924$ & $-0.0721585$ & $0.461251$ & $-0.00382715$ & $0.00971025$ & $-0.00365307$ & $0.00715168$ & $-0.00158118$ & $0.0422089$ \\
CHe_33 & $-0.0193578$ & $-0.119739$ & $0.0137339$ & $0.00242556$ & $0.0413624$ & $-0.0584626$ & $0.0600536$ & $0.660098$ & $0.655772$ & $-0.223374$ & $-0.677077$ & $-0.069655$ & $-0.0722686$ & $-0.0621216$ & $-0.0850519$ & $-0.1656$ & $-0.298414$ & $-0.226181$ & $-0.235885$ & $0.673657$ & $0.59015$ & $1$ & $0.0465107$ & $-0.453652$ & $-0.265939$ & $-0.155638$ & $0.418903$ & $0.122781$ & $-0.000527753$ & $-0.0630415$ & $-0.0336072$ & $0.0563675$ & $-0.0656041$ & $0.439045$ & $0.0158251$ & $0.0150762$ & $0.00425807$ & $-0.00520746$ & $0.0196575$ & $0.0343567$ \\
CHQ1_11 & $-0.0086538$ & $0.0172038$ & $-0.0228865$ & $0.015336$ & $-0.0107488$ & $-0.027504$ & $-0.0142431$ & $0.0366829$ & $0.0356611$ & $-0.0609949$ & $-0.0195497$ & $0.0305576$ & $0.0183388$ & $-0.0660227$ & $-0.121477$ & $-0.114054$ & $-0.0389529$ & $0.0403187$ & $0.0322658$ & $0.022969$ & $0.0554641$ & $0.0465107$ & $1$ & $-0.0859013$ & $0.0670666$ & $-0.575112$ & $0.252804$ & $0.00458941$ & $0.0125234$ & $0.0145754$ & $0.0303166$ & $-0.013253$ & $0.00442534$ & $0.10797$ & $0.0115366$ & $0.0132472$ & $-0.016532$ & $0.0136439$ & $0.026842$ & $-0.0237965$ \\
CHQ1_33 & $-0.00291872$ & $0.0885354$ & $0.038974$ & $-0.0123613$ & $-0.0160194$ & $0.029476$ & $-0.0596109$ & $-0.675272$ & $-0.673209$ & $0.600966$ & $0.451339$ & $0.0617949$ & $0.0672302$ & $0.533612$ & $0.247445$ & $0.226613$ & $0.679604$ & $0.461742$ & $0.486272$ & $-0.51784$ & $-0.457731$ & $-0.453652$ & $-0.0859013$ & $1$ & $0.549684$ & $0.0871561$ & $-0.456707$ & $0.00762324$ & $-0.0103615$ & $0.0438689$ & $0.0429146$ & $-0.0557008$ & $0.0554231$ & $-0.539479$ & $0.016012$ & $-0.0224397$ & $0.0283601$ & $-0.00654451$ & $0.0128115$ & $-0.0162251$ \\
CHQ3_11 & $-0.0471744$ & $0.0851145$ & $-0.0021153$ & $-0.0018855$ & $-0.0183539$ & $-0.0328288$ & $-0.079932$ & $-0.595275$ & $-0.594583$ & $0.634947$ & $0.328447$ & $0.0662914$ & $0.0800876$ & $0.565932$ & $-0.138326$ & $-0.141005$ & $0.766427$ & $0.767975$ & $0.775948$ & $-0.437765$ & $-0.249353$ & $-0.265939$ & $0.0670666$ & $0.549684$ & $1$ & $0.0359912$ & $0.0449953$ & $-0.0629123$ & $-0.0117888$ & $0.0387712$ & $0.0347536$ & $-0.0855614$ & $0.0542787$ & $-0.197252$ & $-0.00131355$ & $0.00625844$ & $0.0081272$ & $0.00496768$ & $-0.00825522$ & $-0.00372501$ \\
CHu_11 & $-0.00213529$ & $0.0396835$ & $0.0153042$ & $-0.0188903$ & $0.0022474$ & $0.0438813$ & $0.0195567$ & $-0.164212$ & $-0.159356$ & $0.0289743$ & $0.199825$ & $-0.0107806$ & $-0.0195514$ & $-0.0260695$ & $0.000331099$ & $-0.0151361$ & $0.0307144$ & $0.0322511$ & $0.0446531$ & $-0.186299$ & $-0.161599$ & $-0.155638$ & $-0.575112$ & $0.0871561$ & $0.0359912$ & $1$ & $0.0817363$ & $-0.0305697$ & $0.00086555$ & $-0.000771611$ & $-0.0272134$ & $0.0154407$ & $-0.00407252$ & $-0.0978135$ & $-0.0189529$ & $-0.0294078$ & $0.0171565$ & $0.00711262$ & $-0.0273267$ & $-0.0123989$ \\
CHd_11 & $-0.0232222$ & $-0.0344962$ & $0.0159848$ & $0.00950364$ & $0.018688$ & $-0.0721845$ & $0.031267$ & $0.465053$ & $0.463927$ & $-0.357743$ & $-0.339936$ & $-0.0420166$ & $-0.0387322$ & $-0.329277$ & $-0.48558$ & $-0.475336$ & $-0.360694$ & $-0.0399523$ & $-0.0454783$ & $0.365449$ & $0.444391$ & $0.418903$ & $0.252804$ & $-0.456707$ & $0.0449953$ & $0.0817363$ & $1$ & $0.0842802$ & $-0.00425811$ & $-0.0317628$ & $-0.0415549$ & $0.0199144$ & $-0.0488205$ & $0.608518$ & $0.00377107$ & $0.012457$ & $-0.0200293$ & $0.0212884$ & $-0.00435904$ & $-0.0048935$ \\
CHd_33 & $0.00245246$ & $-0.0324138$ & $0.0392603$ & $-0.0302186$ & $0.0304572$ & $0.00103104$ & $0.0101054$ & $0.153096$ & $0.155388$ & $-0.0629372$ & $-0.144951$ & $-0.0213109$ & $-0.0183279$ & $-0.0113727$ & $-0.0189847$ & $-0.0292782$ & $-0.0781593$ & $-0.0592206$ & $-0.0518401$ & $0.151437$ & $0.127159$ & $0.122781$ & $0.00458941$ & $0.00762324$ & $-0.0629123$ & $-0.0305697$ & $0.0842802$ & $1$ & $0.00633739$ & $-0.00405297$ & $-0.00257391$ & $0.00833322$ & $-0.0141454$ & $0.0991076$ & $-0.000936801$ & $0.0133188$ & $0.0134022$ & $-0.0287611$ & $0.00989215$ & $-0.00318593$ \\
CeH_22r & $-0.0299309$ & $0.00234381$ & $-0.00242739$ & $0.00451934$ & $0.00608811$ & $-0.00516437$ & $-0.20653$ & $-0.00434298$ & $-0.003916$ & $-0.0387101$ & $0.015158$ & $0.209131$ & $0.249987$ & $-0.0147212$ & $-0.0184351$ & $0.00312149$ & $-0.00723072$ & $0.00187069$ & $-0.016127$ & $-0.0253888$ & $-0.0152903$ & $-0.000527753$ & $0.0125234$ & $-0.0103615$ & $-0.0117888$ & $0.00086555$ & $-0.00425811$ & $0.00633739$ & $1$ & $0.199231$ & $0.129019$ & $-0.203581$ & $0.209967$ & $0.0136789$ & $0.0262805$ & $0.0178395$ & $-0.011276$ & $-0.0204808$ & $0.000186796$ & $-0.00315103$ \\
CeH_33r & $-0.0319922$ & $0.0130491$ & $-0.0734746$ & $-0.00756555$ & $0.00241895$ & $0.0106054$ & $-0.69663$ & $-0.069194$ & $-0.0658744$ & $-0.0662871$ & $0.0592371$ & $0.710973$ & $0.772201$ & $0.0341051$ & $-0.0321301$ & $-0.0162459$ & $0.0526377$ & $0.0504382$ & $0.0479227$ & $-0.118118$ & $-0.0654818$ & $-0.0630415$ & $0.0145754$ & $0.0438689$ & $0.0387712$ & $-0.000771611$ & $-0.0317628$ & $-0.00405297$ & $0.199231$ & $1$ & $0.512126$ & $-0.586097$ & $0.858816$ & $-0.0141114$ & $0.0847372$ & $-0.044299$ & $-0.0226667$ & $-0.0327574$ & $0.0173059$ & $-0.0170796$ \\
CuH_22r & $-0.0358703$ & $0.00398357$ & $-0.0374345$ & $-0.0197851$ & $-0.0108051$ & $0.00918512$ & $-0.417671$ & $-0.0530098$ & $-0.0513539$ & $-0.0255158$ & $0.0380773$ & $0.410939$ & $0.455977$ & $0.0458429$ & $-0.00398222$ & $-0.00632598$ & $0.0505637$ & $0.0363942$ & $0.0421057$ & $-0.0837958$ & $-0.0516989$ & $-0.0336072$ & $0.0303166$ & $0.0429146$ & $0.0347536$ & $-0.0272134$ & $-0.0415549$ & $-0.00257391$ & $0.129019$ & $0.512126$ & $1$ & $-0.339457$ & $0.541063$ & $-0.024854$ & $0.0433286$ & $-0.0143681$ & $-0.0131962$ & $-0.031718$ & $0.290705$ & $0.00105091$ \\
CuH_33r & $0.0397724$ & $-0.000789779$ & $0.0423143$ & $0.00428648$ & $-0.00718477$ & $-0.00918248$ & $0.968372$ & $0.0618335$ & $0.0854738$ & $0.0584547$ & $-0.0507924$ & $-0.680545$ & $-0.824453$ & $-0.0766159$ & $0.0309902$ & $0.0287675$ & $-0.0806845$ & $-0.0794428$ & $-0.0870288$ & $0.127305$ & $0.04924$ & $0.0563675$ & $-0.013253$ & $-0.0557008$ & $-0.0855614$ & $0.0154407$ & $0.0199144$ & $0.00833322$ & $-0.203581$ & $-0.586097$ & $-0.339457$ & $1$ & $-0.568745$ & $-0.0156004$ & $-0.0876212$ & $0.00223432$ & $0.00892287$ & $0.0456644$ & $-0.0186498$ & $0.00569918$ \\
CdH_33r & $-0.0340187$ & $0.00346582$ & $-0.0733614$ & $0.00255107$ & $-0.0146002$ & $0.00977506$ & $-0.697711$ & $-0.0814809$ & $-0.0770725$ & $-0.056742$ & $0.0646864$ & $0.702071$ & $0.762993$ & $0.0485165$ & $-0.0231393$ & $-0.0135656$ & $0.0744053$ & $0.0623852$ & $0.0666236$ & $-0.128177$ & $-0.0721585$ & $-0.0656041$ & $0.00442534$ & $0.0554231$ & $0.0542787$ & $-0.00407252$ & $-0.0488205$ & $-0.0141454$ & $0.209967$ & $0.858816$ & $0.541063$ & $-0.568745$ & $1$ & $-0.0235284$ & $0.0853673$ & $-0.0558054$ & $-0.0129894$ & $-0.023008$ & $0.031598$ & $0.22684$ \\
CLL_1221 & $-0.0254618$ & $0.0049212$ & $0.0159748$ & $0.0222599$ & $0.00202268$ & $-0.134793$ & $0.00202024$ & $0.654488$ & $0.649009$ & $-0.413141$ & $-0.515258$ & $-0.0591202$ & $-0.00924737$ & $-0.317728$ & $-0.561232$ & $-0.236669$ & $-0.355698$ & $0.101597$ & $-0.23342$ & $0.454543$ & $0.461251$ & $0.439045$ & $0.10797$ & $-0.539479$ & $-0.197252$ & $-0.0978135$ & $0.608518$ & $0.0991076$ & $0.0136789$ & $-0.0141114$ & $-0.024854$ & $-0.0156004$ & $-0.0235284$ & $1$ & $-0.0129954$ & $-0.00103701$ & $-0.00240886$ & $0.00121258$ & $-0.00938696$ & $0.0156839$ \\
eHggpar & $-0.029372$ & $-0.0217825$ & $-0.0332646$ & $0.00559405$ & $0.0297919$ & $-0.0161137$ & $-0.108785$ & $-0.0057045$ & $-0.0126254$ & $0.00350518$ & $0.00279828$ & $0.131315$ & $0.112571$ & $-0.00311536$ & $-0.000130564$ & $-0.00815908$ & $0.00684279$ & $-0.0047647$ & $-0.0120971$ & $-0.0116087$ & $-0.00382715$ & $0.0158251$ & $0.0115366$ & $0.016012$ & $-0.00131355$ & $-0.0189529$ & $0.00377107$ & $-0.000936801$ & $0.0262805$ & $0.0847372$ & $0.0433286$ & $-0.0876212$ & $0.0853673$ & $-0.0129954$ & $1$ & $-0.00167414$ & $0.00636273$ & $0.00172618$ & $-0.00810764$ & $0.0212271$ \\
eHWWpar & $-0.00911756$ & $-0.00682325$ & $-0.00985321$ & $-0.0145287$ & $0.0284537$ & $0.0198391$ & $0.0108661$ & $0.0092947$ & $0.00458165$ & $-0.000653179$ & $-0.0112902$ & $-0.00779662$ & $-0.0041591$ & $-0.00935298$ & $-0.004253$ & $0.000461558$ & $-0.00542122$ & $-0.00904708$ & $0.00035831$ & $0.0157869$ & $0.00971025$ & $0.0150762$ & $0.0132472$ & $-0.0224397$ & $0.00625844$ & $-0.0294078$ & $0.012457$ & $0.0133188$ & $0.0178395$ & $-0.044299$ & $-0.0143681$ & $0.00223432$ & $-0.0558054$ & $-0.00103701$ & $-0.00167414$ & $1$ & $-0.00240519$ & $0.0343064$ & $0.0264582$ & $0.0200026$ \\
eHZZpar & $0.00451512$ & $-0.0315783$ & $-0.00745922$ & $-0.0202304$ & $0.00750906$ & $-0.0240448$ & $0.0104917$ & $-0.00840573$ & $-0.0080557$ & $0.030725$ & $0.00437188$ & $0.00192347$ & $-0.0193429$ & $0.0138519$ & $0.0112572$ & $0.018954$ & $0.0261965$ & $0.0150263$ & $0.0058271$ & $-0.00917441$ & $-0.00365307$ & $0.00425807$ & $-0.016532$ & $0.0283601$ & $0.0081272$ & $0.0171565$ & $-0.0200293$ & $0.0134022$ & $-0.011276$ & $-0.0226667$ & $-0.0131962$ & $0.00892287$ & $-0.0129894$ & $-0.00240886$ & $0.00636273$ & $-0.00240519$ & $1$ & $0.0183843$ & $0.0131765$ & $0.0374199$ \\
eHZgapar & $0.00852198$ & $-0.0138559$ & $0.0169237$ & $0.00327072$ & $-0.0058785$ & $-0.00577209$ & $0.0450212$ & $-0.00756758$ & $-0.00613899$ & $0.00641133$ & $0.0146428$ & $-0.0415423$ & $-0.0431686$ & $-0.0149329$ & $-0.00990058$ & $-0.0168951$ & $0.00213948$ & $0.0016363$ & $0.00246134$ & $-0.0146769$ & $0.00715168$ & $-0.00520746$ & $0.0136439$ & $-0.00654451$ & $0.00496768$ & $0.00711262$ & $0.0212884$ & $-0.0287611$ & $-0.0204808$ & $-0.0327574$ & $-0.031718$ & $0.0456644$ & $-0.023008$ & $0.00121258$ & $0.00172618$ & $0.0343064$ & $0.0183843$ & $1$ & $-0.00424368$ & $-0.00471251$ \\
eHccpar & $0.0246241$ & $-0.000820079$ & $-0.00566395$ & $-0.0180678$ & $0.00311586$ & $-0.0121776$ & $-0.0230172$ & $-0.00032148$ & $-0.000413745$ & $-0.0097667$ & $0.00108554$ & $0.0522296$ & $0.0242421$ & $-0.00475193$ & $-0.00282791$ & $0.00727443$ & $-0.00652875$ & $-0.0116705$ & $-0.00996324$ & $-0.00578933$ & $-0.00158118$ & $0.0196575$ & $0.026842$ & $0.0128115$ & $-0.00825522$ & $-0.0273267$ & $-0.00435904$ & $0.00989215$ & $0.000186796$ & $0.0173059$ & $0.290705$ & $-0.0186498$ & $0.031598$ & $-0.00938696$ & $-0.00810764$ & $0.0264582$ & $0.0131765$ & $-0.00424368$ & $1$ & $0.0477283$ \\
eHbbpar & $0.0155615$ & $-0.0359722$ & $0.0164692$ & $0.0456003$ & $-0.011403$ & $-0.0182732$ & $0.00381188$ & $0.0239756$ & $0.0222962$ & $-0.000163499$ & $-0.0257017$ & $-0.00930364$ & $-0.0256157$ & $-0.0129933$ & $0.00674584$ & $0.0180225$ & $0.00649898$ & $-0.00182624$ & $-0.00708569$ & $0.0346495$ & $0.0422089$ & $0.0343567$ & $-0.0237965$ & $-0.0162251$ & $-0.00372501$ & $-0.0123989$ & $-0.0048935$ & $-0.00318593$ & $-0.00315103$ & $-0.0170796$ & $0.00105091$ & $0.00569918$ & $0.22684$ & $0.0156839$ & $0.0212271$ & $0.0200026$ & $0.0374199$ & $-0.00471251$ & $0.0477283$ & $1$ \\
