 & AlsMz & dAle5Mz & mtop & mHl & Mz & CW & CHG & CHWB & CHWHB_gaga & CHWHB_gagaorth & CHD & CHbox & CH & CHL1_11 & CHL1_22 & CHL1_33 & CHL3_11 & CHL3_22 & CHL3_33 & CHe_11 & CHe_22 & CHe_33 & CHQ1_11 & CHQ1_33 & CHQ3_11 & CHu_11 & CHd_11 & CHd_33 & CeH_22r & CeH_33r & CuH_22r & CuH_33r & CdH_33r & CLL_1221 & eHggint & eHggpar & eHWWint & eHWWpar & eHZZint & eHZZpar & eHZgaint & eHZgapar & eHgagaint & eHmumuint & eHtautauint & eHccint & eHccpar & eHbbint & eHbbpar \\
AlsMz & $1$ & $-0.112473$ & $0.0569316$ & $0.153861$ & $0.0129883$ & $0.0798662$ & $0.185338$ & $-0.0288007$ & $-0.0171625$ & $-0.0612398$ & $0.0319809$ & $-0.069509$ & $-0.0296324$ & $-0.0147195$ & $0.0124935$ & $-0.0640745$ & $-0.00539519$ & $-0.0192283$ & $0.0394569$ & $-0.0357366$ & $-0.0346363$ & $-0.0326447$ & $-0.00697746$ & $0.00789896$ & $-0.00513827$ & $0.0197761$ & $0.0276503$ & $-0.0364728$ & $0.0331791$ & $0.0660704$ & $-0.0374036$ & $0.188999$ & $0.0677357$ & $-0.041016$ & $-0.181226$ & $0.188277$ & $0.0217101$ & $0.146111$ & $0.00561503$ & $0.114735$ & $0.228413$ & $0.118989$ & $-0.153766$ & $-0.622479$ & $-0.268852$ & $-0.287323$ & $-0.293447$ & $-0.239999$ & $0.0601244$ \\
dAle5Mz & $-0.112473$ & $1$ & $-0.0348827$ & $0.593802$ & $-0.0135017$ & $0.0392518$ & $-0.0600929$ & $-0.0839439$ & $-0.0880132$ & $0.0399911$ & $0.0398777$ & $-0.034521$ & $-0.0766639$ & $0.0524117$ & $0.132028$ & $0.107752$ & $0.0484072$ & $-0.0122792$ & $0.00428892$ & $-0.0124273$ & $-0.0541508$ & $-0.050728$ & $-0.147683$ & $0.0635842$ & $-0.104162$ & $0.0329616$ & $-0.38881$ & $-0.0971222$ & $0.0088092$ & $-0.0647122$ & $0.0220439$ & $-0.0792314$ & $-0.0520031$ & $-0.186778$ & $-0.140583$ & $-0.415645$ & $0.0648148$ & $-0.252498$ & $-0.115861$ & $0.110506$ & $0.530336$ & $0.122627$ & $-0.0430142$ & $0.278286$ & $0.232866$ & $-0.0764354$ & $0.44307$ & $0.450968$ & $0.00846748$ \\
mtop & $0.0569316$ & $-0.0348827$ & $1$ & $0.344083$ & $-0.0852906$ & $0.0445006$ & $-0.272276$ & $0.170862$ & $0.153914$ & $-0.164678$ & $-0.101672$ & $-0.0584405$ & $0.0932764$ & $-0.0801375$ & $-0.0936041$ & $-0.145617$ & $-0.10274$ & $-0.0747901$ & $-0.0332036$ & $0.0773386$ & $0.12967$ & $0.125406$ & $0.0091613$ & $-0.195834$ & $0.00270986$ & $0.0233346$ & $0.382506$ & $0.0307093$ & $0.103731$ & $-0.0157697$ & $-0.0564167$ & $-0.306792$ & $-0.0521304$ & $0.247222$ & $-0.112145$ & $-0.122873$ & $-0.119076$ & $0.217575$ & $-0.122926$ & $0.365386$ & $-0.0865464$ & $-0.147931$ & $-0.0183112$ & $0.0670764$ & $-0.42829$ & $0.23522$ & $0.0198014$ & $-0.200527$ & $0.050534$ \\
mHl & $0.153861$ & $0.593802$ & $0.344083$ & $1$ & $-0.0451376$ & $0.0295801$ & $-0.240608$ & $-0.112072$ & $-0.125664$ & $-0.0319186$ & $0.0912118$ & $-0.110518$ & $-0.0855132$ & $-0.0187918$ & $-0.000140355$ & $-0.0258794$ & $0.0444679$ & $0.0307793$ & $0.0452309$ & $-0.0811651$ & $-0.0927225$ & $-0.0938805$ & $-0.162644$ & $0.0636487$ & $-0.0218646$ & $0.124135$ & $-0.167994$ & $-0.103882$ & $0.00510174$ & $-0.0371787$ & $-0.00479407$ & $-0.272325$ & $-0.0185646$ & $-0.0834785$ & $-0.140667$ & $-0.274926$ & $0.0930515$ & $-0.0148333$ & $-0.360777$ & $0.109674$ & $0.279776$ & $0.0895885$ & $-0.132401$ & $-0.158267$ & $0.0348382$ & $0.0098437$ & $0.260114$ & $0.16854$ & $0.210763$ \\
Mz & $0.0129883$ & $-0.0135017$ & $-0.0852906$ & $-0.0451376$ & $1$ & $0.00694599$ & $0.00329594$ & $-0.0431133$ & $-0.0433076$ & $0.0371542$ & $0.03705$ & $0.0371116$ & $0.00987885$ & $0.0228596$ & $-0.0114859$ & $-0.0083882$ & $0.0198438$ & $0.0325793$ & $0.0285425$ & $-0.0278915$ & $-0.0290027$ & $-0.0335804$ & $0.00417711$ & $0.0476915$ & $0.0249077$ & $-0.00176535$ & $-0.0281569$ & $-0.0302722$ & $0.00517788$ & $0.00962126$ & $-0.00323057$ & $-0.00368606$ & $0.0107347$ & $-0.0372544$ & $-0.0100197$ & $0.0369104$ & $0.0242535$ & $0.00772179$ & $0.0825538$ & $-0.0613686$ & $-0.0171866$ & $-0.0198502$ & $-0.0324091$ & $-0.018989$ & $0.0449854$ & $0.0273147$ & $0.0497813$ & $0.014409$ & $-0.0249806$ \\
CW & $0.0798662$ & $0.0392518$ & $0.0445006$ & $0.0295801$ & $0.00694599$ & $1$ & $0.0274379$ & $-0.0717417$ & $-0.0663734$ & $0.0455706$ & $0.090578$ & $0.0126621$ & $-0.0206605$ & $0.118213$ & $-0.133375$ & $-0.113194$ & $-0.170047$ & $0.0599613$ & $0.0460809$ & $-0.0974785$ & $-0.0844672$ & $-0.0842789$ & $-0.0119486$ & $0.0207046$ & $0.0387893$ & $0.0869782$ & $0.0727119$ & $0.0180347$ & $0.0140098$ & $0.0706808$ & $0.0272032$ & $0.0383385$ & $0.0412077$ & $-0.0273592$ & $-0.010947$ & $-0.0178064$ & $-0.087348$ & $-0.0825908$ & $0.035885$ & $0.00971412$ & $0.1128$ & $0.0618599$ & $0.0212888$ & $-0.047732$ & $-0.0481422$ & $-0.0737281$ & $-0.0635058$ & $-0.00457494$ & $0.0140311$ \\
CHG & $0.185338$ & $-0.0600929$ & $-0.272276$ & $-0.240608$ & $0.00329594$ & $0.0274379$ & $1$ & $0.0246967$ & $0.0783796$ & $0.013457$ & $-0.0537559$ & $-0.109355$ & $-0.162221$ & $0.0887717$ & $0.0380602$ & $0.05445$ & $0.045648$ & $0.0349522$ & $0.0205824$ & $0.0541587$ & $0.0490187$ & $0.0430368$ & $0.0695844$ & $0.0108597$ & $0.0334081$ & $-0.0851264$ & $-0.0188551$ & $0.0233592$ & $-0.0129737$ & $-0.066278$ & $-0.0571606$ & $0.934958$ & $-0.10538$ & $-0.0168782$ & $0.135836$ & $0.13334$ & $-0.034816$ & $-0.0609941$ & $0.0434168$ & $-0.073735$ & $0.0947333$ & $0.0080679$ & $0.12194$ & $0.00842462$ & $0.0264543$ & $-0.266966$ & $-0.271288$ & $0.0408524$ & $-0.0141121$ \\
CHWB & $-0.0288007$ & $-0.0839439$ & $0.170862$ & $-0.112072$ & $-0.0431133$ & $-0.0717417$ & $0.0246967$ & $1$ & $0.982635$ & $-0.576078$ & $-0.893109$ & $-0.0782231$ & $0.270358$ & $0.13777$ & $0.448333$ & $0.379073$ & $-0.234984$ & $-0.495112$ & $-0.440398$ & $0.872488$ & $0.90414$ & $0.882909$ & $0.0823091$ & $-0.667947$ & $-0.457768$ & $-0.539237$ & $0.32861$ & $0.260631$ & $-0.0159062$ & $0.0355869$ & $-0.00600399$ & $0.0176877$ & $0.0273591$ & $0.483376$ & $0.0994243$ & $0.0542746$ & $-0.109283$ & $0.0646739$ & $-0.0318335$ & $0.020728$ & $-0.1397$ & $0.0385824$ & $-0.0567057$ & $0.147886$ & $-0.0940681$ & $0.189126$ & $-0.116581$ & $0.0546805$ & $-0.102687$ \\
CHWHB_gaga & $-0.0171625$ & $-0.0880132$ & $0.153914$ & $-0.125664$ & $-0.0433076$ & $-0.0663734$ & $0.0783796$ & $0.982635$ & $1$ & $-0.563877$ & $-0.875479$ & $-0.0580109$ & $0.268455$ & $0.132615$ & $0.440064$ & $0.374414$ & $-0.237478$ & $-0.48955$ & $-0.4375$ & $0.855619$ & $0.886045$ & $0.86491$ & $0.0793864$ & $-0.657289$ & $-0.452295$ & $-0.525117$ & $0.325462$ & $0.257893$ & $-0.00755165$ & $0.0615731$ & $0.00723796$ & $0.0632452$ & $0.0578815$ & $0.474618$ & $0.102762$ & $0.0588851$ & $-0.102796$ & $0.0638688$ & $-0.0297324$ & $0.0137493$ & $-0.133885$ & $0.0416604$ & $-0.035204$ & $0.146351$ & $-0.0928576$ & $0.168691$ & $-0.137297$ & $0.0519351$ & $-0.100164$ \\
CHWHB_gagaorth & $-0.0612398$ & $0.0399911$ & $-0.164678$ & $-0.0319186$ & $0.0371542$ & $0.0455706$ & $0.013457$ & $-0.576078$ & $-0.563877$ & $1$ & $0.390685$ & $0.432598$ & $-0.192122$ & $0.176584$ & $-0.212629$ & $-0.197666$ & $0.396137$ & $0.482995$ & $0.467855$ & $-0.38559$ & $-0.400411$ & $-0.391312$ & $-0.0454382$ & $0.541331$ & $0.471268$ & $0.23447$ & $-0.191787$ & $-0.116701$ & $0.0107241$ & $-0.0986012$ & $-0.0519756$ & $0.035265$ & $-0.103168$ & $-0.318465$ & $0.0332779$ & $-4.81455e-05$ & $-0.00989159$ & $-0.0860524$ & $0.107382$ & $-0.0470037$ & $0.088211$ & $-0.0299436$ & $0.0266315$ & $0.0664412$ & $0.0841552$ & $-0.112946$ & $0.0838625$ & $-0.0282566$ & $0.0652026$ \\
CHD & $0.0319809$ & $0.0398777$ & $-0.101672$ & $0.0912118$ & $0.03705$ & $0.090578$ & $-0.0537559$ & $-0.893109$ & $-0.875479$ & $0.390685$ & $1$ & $0.1749$ & $-0.147324$ & $-0.518077$ & $-0.533562$ & $-0.452426$ & $-0.188873$ & $0.1562$ & $0.098448$ & $-0.991408$ & $-0.992489$ & $-0.969613$ & $-0.0442936$ & $0.338743$ & $0.092105$ & $0.575627$ & $-0.239675$ & $-0.262621$ & $-0.00447022$ & $-0.0192088$ & $0.0129683$ & $-0.0417359$ & $-0.0149959$ & $-0.305389$ & $-0.104549$ & $-0.0734178$ & $0.117039$ & $-0.00160031$ & $0.00735552$ & $-0.0172553$ & $0.0907496$ & $-0.0396133$ & $0.0529283$ & $-0.179419$ & $0.0523582$ & $-0.180316$ & $0.0793581$ & $-0.0562236$ & $0.0864923$ \\
CHbox & $-0.069509$ & $-0.034521$ & $-0.0584405$ & $-0.110518$ & $0.0371116$ & $0.0126621$ & $-0.109355$ & $-0.0782231$ & $-0.0580109$ & $0.432598$ & $0.1749$ & $1$ & $0.548117$ & $-0.234334$ & $-0.0407741$ & $-0.0386551$ & $-0.209417$ & $-0.152782$ & $-0.146011$ & $-0.163004$ & $-0.175726$ & $-0.167715$ & $0.0227012$ & $-0.0375704$ & $-0.134392$ & $0.0779424$ & $-0.0143712$ & $-0.00543247$ & $0.0322709$ & $0.232735$ & $0.0601062$ & $-0.0290326$ & $0.320269$ & $-0.0406997$ & $-0.0392123$ & $0.0664221$ & $0.066519$ & $0.0063208$ & $0.0919778$ & $-0.0876098$ & $-0.0492804$ & $-0.00357893$ & $0.000907405$ & $0.0753474$ & $-0.00641826$ & $0.0117169$ & $0.0255943$ & $-0.00950768$ & $0.00874299$ \\
CH & $-0.0296324$ & $-0.0766639$ & $0.0932764$ & $-0.0855132$ & $0.00987885$ & $-0.0206605$ & $-0.162221$ & $0.270358$ & $0.268455$ & $-0.192122$ & $-0.147324$ & $0.548117$ & $1$ & $-0.159731$ & $0.0795743$ & $0.0416794$ & $-0.251316$ & $-0.282703$ & $-0.244366$ & $0.143134$ & $0.156269$ & $0.158676$ & $0.080163$ & $-0.264452$ & $-0.239505$ & $-0.1118$ & $0.177124$ & $0.105976$ & $0.0119798$ & $0.170432$ & $0.0549245$ & $-0.130772$ & $0.205422$ & $0.167587$ & $-0.0217974$ & $0.12159$ & $0.0247346$ & $0.0226881$ & $-0.00169815$ & $-0.0140567$ & $-0.120288$ & $0.0502859$ & $-0.0151501$ & $0.0599889$ & $-0.102084$ & $0.162659$ & $-0.0480338$ & $-0.0241926$ & $0.0302153$ \\
CHL1_11 & $-0.0147195$ & $0.0524117$ & $-0.0801375$ & $-0.0187918$ & $0.0228596$ & $0.118213$ & $0.0887717$ & $0.13777$ & $0.132615$ & $0.176584$ & $-0.518077$ & $-0.234334$ & $-0.159731$ & $1$ & $0.259167$ & $0.210339$ & $0.609126$ & $0.543511$ & $0.568297$ & $0.525576$ & $0.491044$ & $0.476411$ & $-0.0424401$ & $0.415671$ & $0.576078$ & $-0.25832$ & $-0.0328167$ & $0.110491$ & $0.0347899$ & $0.00157797$ & $-0.00489896$ & $0.0796893$ & $0.00286877$ & $-0.21173$ & $0.0731195$ & $0.0574971$ & $-0.0892244$ & $-0.14107$ & $0.0391011$ & $0.000961527$ & $0.0652527$ & $0.0546706$ & $0.00911743$ & $0.104216$ & $0.0501294$ & $0.0387942$ & $0.0040374$ & $0.0126525$ & $0.00628577$ \\
CHL1_22 & $0.0124935$ & $0.132028$ & $-0.0936041$ & $-0.000140355$ & $-0.0114859$ & $-0.133375$ & $0.0380602$ & $0.448333$ & $0.440064$ & $-0.212629$ & $-0.533562$ & $-0.0407741$ & $0.0795743$ & $0.259167$ & $1$ & $0.399022$ & $0.114959$ & $-0.52444$ & $-0.0678691$ & $0.582446$ & $0.468556$ & $0.451064$ & $-0.0908061$ & $-0.0259867$ & $-0.166252$ & $-0.288025$ & $-0.27941$ & $0.0850094$ & $-0.00541264$ & $-0.0233213$ & $0.019324$ & $0.0252246$ & $-0.0108338$ & $-0.532175$ & $-0.144982$ & $-0.0473765$ & $0.179628$ & $0.00606172$ & $0.0691737$ & $-0.0597139$ & $-0.0280825$ & $-0.0516357$ & $-0.118868$ & $0.0353896$ & $0.102721$ & $0.0890935$ & $0.158803$ & $0.174325$ & $-0.144781$ \\
CHL1_33 & $-0.0640745$ & $0.107752$ & $-0.145617$ & $-0.0258794$ & $-0.0083882$ & $-0.113194$ & $0.05445$ & $0.379073$ & $0.374414$ & $-0.197666$ & $-0.452426$ & $-0.0386551$ & $0.0416794$ & $0.210339$ & $0.399022$ & $1$ & $0.083134$ & $-0.0821888$ & $-0.518483$ & $0.505475$ & $0.384875$ & $0.407023$ & $-0.0569048$ & $0.00719081$ & $-0.16582$ & $-0.253752$ & $-0.307835$ & $0.115468$ & $-0.0241611$ & $-0.0119125$ & $-0.0162572$ & $0.044083$ & $-0.0212972$ & $0.00884401$ & $-0.133357$ & $-0.00825758$ & $0.142646$ & $-0.0463433$ & $0.0555303$ & $-0.0621368$ & $-0.0319712$ & $-0.0800694$ & $-0.103367$ & $0.0372263$ & $0.147075$ & $0.0978281$ & $0.156362$ & $0.116063$ & $-0.113347$ \\
CHL3_11 & $-0.00539519$ & $0.0484072$ & $-0.10274$ & $0.0444679$ & $0.0198438$ & $-0.170047$ & $0.045648$ & $-0.234984$ & $-0.237478$ & $0.396137$ & $-0.188873$ & $-0.209417$ & $-0.251316$ & $0.609126$ & $0.114959$ & $0.083134$ & $1$ & $0.705743$ & $0.7185$ & $0.200123$ & $0.167669$ & $0.165834$ & $-0.0566538$ & $0.643592$ & $0.767294$ & $-0.0658432$ & $-0.108054$ & $-0.0127563$ & $0.0440957$ & $-0.0479923$ & $-0.0284981$ & $0.0305499$ & $-0.039135$ & $-0.232239$ & $0.03886$ & $0.0571548$ & $-0.039158$ & $-0.0864431$ & $0.0380224$ & $0.00770398$ & $0.0761548$ & $-0.0218036$ & $0.0191246$ & $0.0789971$ & $0.0528081$ & $-0.0157055$ & $0.0523787$ & $-0.0234905$ & $0.0488416$ \\
CHL3_22 & $-0.0192283$ & $-0.0122792$ & $-0.0747901$ & $0.0307793$ & $0.0325793$ & $0.0599613$ & $0.0349522$ & $-0.495112$ & $-0.48955$ & $0.482995$ & $0.1562$ & $-0.152782$ & $-0.282703$ & $0.543511$ & $-0.52444$ & $-0.0821888$ & $0.705743$ & $1$ & $0.649356$ & $-0.161741$ & $-0.147629$ & $-0.136806$ & $-0.0100799$ & $0.634609$ & $0.788981$ & $0.121252$ & $0.0118577$ & $-0.0500274$ & $0.0400034$ & $-0.0117776$ & $-0.0246265$ & $0.0339666$ & $-0.0139106$ & $0.0469304$ & $0.103557$ & $0.0731398$ & $-0.134521$ & $-0.125831$ & $0.00641827$ & $0.0317921$ & $0.106003$ & $0.0330506$ & $0.0831946$ & $0.0312237$ & $0.0141069$ & $-0.07391$ & $-0.0358975$ & $-0.118173$ & $0.125602$ \\
CHL3_33 & $0.0394569$ & $0.00428892$ & $-0.0332036$ & $0.0452309$ & $0.0285425$ & $0.0460809$ & $0.0205824$ & $-0.440398$ & $-0.4375$ & $0.467855$ & $0.098448$ & $-0.146011$ & $-0.244366$ & $0.568297$ & $-0.0678691$ & $-0.518483$ & $0.7185$ & $0.649356$ & $1$ & $-0.107382$ & $-0.0861542$ & $-0.0828982$ & $-0.026176$ & $0.598285$ & $0.782495$ & $0.0918555$ & $0.0402993$ & $-0.0671958$ & $0.0556463$ & $-0.0208268$ & $0.000895139$ & $0.0192582$ & $-0.00331311$ & $-0.366024$ & $0.0969376$ & $0.0489415$ & $-0.108453$ & $-0.0836889$ & $0.0129277$ & $0.0344058$ & $0.108047$ & $0.0508441$ & $0.0760105$ & $0.0336467$ & $-0.0245724$ & $-0.0793541$ & $-0.0353552$ & $-0.07782$ & $0.10157$ \\
CHe_11 & $-0.0357366$ & $-0.0124273$ & $0.0773386$ & $-0.0811651$ & $-0.0278915$ & $-0.0974785$ & $0.0541587$ & $0.872488$ & $0.855619$ & $-0.38559$ & $-0.991408$ & $-0.163004$ & $0.143134$ & $0.525576$ & $0.582446$ & $0.505475$ & $0.200123$ & $-0.161741$ & $-0.107382$ & $1$ & $0.977159$ & $0.95505$ & $0.0290874$ & $-0.296934$ & $-0.0862278$ & $-0.568255$ & $0.180252$ & $0.25606$ & $0.00319758$ & $0.0158733$ & $-0.00946016$ & $0.0427057$ & $0.013944$ & $0.238332$ & $0.076268$ & $0.0637816$ & $-0.0899008$ & $-0.0082348$ & $0.00236476$ & $0.00990454$ & $-0.0814071$ & $0.0325935$ & $-0.0661638$ & $0.17536$ & $-0.0321739$ & $0.179875$ & $-0.0501519$ & $0.0722942$ & $-0.0957515$ \\
CHe_22 & $-0.0346363$ & $-0.0541508$ & $0.12967$ & $-0.0927225$ & $-0.0290027$ & $-0.0844672$ & $0.0490187$ & $0.90414$ & $0.886045$ & $-0.400411$ & $-0.992489$ & $-0.175726$ & $0.156269$ & $0.491044$ & $0.468556$ & $0.384875$ & $0.167669$ & $-0.147629$ & $-0.0861542$ & $0.977159$ & $1$ & $0.972785$ & $0.0586136$ & $-0.381753$ & $-0.0995487$ & $-0.575453$ & $0.300643$ & $0.26573$ & $0.00440307$ & $0.0212474$ & $-0.0160442$ & $0.0375007$ & $0.0168564$ & $0.377579$ & $0.131102$ & $0.0778108$ & $-0.147698$ & $0.00617825$ & $-0.0179932$ & $0.0277249$ & $-0.0919958$ & $0.0509392$ & $-0.0415029$ & $0.190997$ & $-0.0738903$ & $0.181084$ & $-0.105516$ & $0.0437392$ & $-0.0775468$ \\
CHe_33 & $-0.0326447$ & $-0.050728$ & $0.125406$ & $-0.0938805$ & $-0.0335804$ & $-0.0842789$ & $0.0430368$ & $0.882909$ & $0.86491$ & $-0.391312$ & $-0.969613$ & $-0.167715$ & $0.158676$ & $0.476411$ & $0.451064$ & $0.407023$ & $0.165834$ & $-0.136806$ & $-0.0828982$ & $0.95505$ & $0.972785$ & $1$ & $0.06659$ & $-0.372791$ & $-0.0941123$ & $-0.567592$ & $0.295005$ & $0.270535$ & $0.00804132$ & $0.0217267$ & $-0.0141836$ & $0.0332893$ & $0.0180695$ & $0.378929$ & $0.124791$ & $0.082872$ & $-0.146954$ & $0.00675179$ & $-0.019202$ & $0.0290629$ & $-0.0917634$ & $0.0451954$ & $-0.0396008$ & $0.1885$ & $-0.0785464$ & $0.179651$ & $-0.0976442$ & $0.040455$ & $-0.0718784$ \\
CHQ1_11 & $-0.00697746$ & $-0.147683$ & $0.0091613$ & $-0.162644$ & $0.00417711$ & $-0.0119486$ & $0.0695844$ & $0.0823091$ & $0.0793864$ & $-0.0454382$ & $-0.0442936$ & $0.0227012$ & $0.080163$ & $-0.0424401$ & $-0.0908061$ & $-0.0569048$ & $-0.0566538$ & $-0.0100799$ & $-0.026176$ & $0.0290874$ & $0.0586136$ & $0.06659$ & $1$ & $-0.131444$ & $0.0179949$ & $-0.687258$ & $0.251541$ & $0.0168478$ & $-0.0384149$ & $0.0655504$ & $0.0250089$ & $0.0908987$ & $0.0549502$ & $0.161263$ & $0.150958$ & $0.176564$ & $-0.114898$ & $0.0546894$ & $-0.0577573$ & $0.00120761$ & $-0.0718232$ & $0.064078$ & $0.00122458$ & $-0.0140035$ & $-0.0265674$ & $-0.0134719$ & $-0.198663$ & $-0.0594413$ & $0.0785513$ \\
CHQ1_33 & $0.00789896$ & $0.0635842$ & $-0.195834$ & $0.0636487$ & $0.0476915$ & $0.0207046$ & $0.0108597$ & $-0.667947$ & $-0.657289$ & $0.541331$ & $0.338743$ & $-0.0375704$ & $-0.264452$ & $0.415671$ & $-0.0259867$ & $0.00719081$ & $0.643592$ & $0.634609$ & $0.598285$ & $-0.296934$ & $-0.381753$ & $-0.372791$ & $-0.131444$ & $1$ & $0.667322$ & $0.250055$ & $-0.316313$ & $-0.0340243$ & $0.0362717$ & $-0.0315864$ & $-0.00846453$ & $0.00785023$ & $-0.0156656$ & $-0.584612$ & $-0.0725937$ & $0.021828$ & $0.0737801$ & $-0.11247$ & $0.088088$ & $-0.0220424$ & $0.101882$ & $-0.032817$ & $0.0271164$ & $-0.0607843$ & $0.0875665$ & $-0.0868678$ & $0.122227$ & $-0.0519123$ & $0.0880702$ \\
CHQ3_11 & $-0.00513827$ & $-0.104162$ & $0.00270986$ & $-0.0218646$ & $0.0249077$ & $0.0387893$ & $0.0334081$ & $-0.457768$ & $-0.452295$ & $0.471268$ & $0.092105$ & $-0.134392$ & $-0.239505$ & $0.576078$ & $-0.166252$ & $-0.16582$ & $0.767294$ & $0.788981$ & $0.782495$ & $-0.0862278$ & $-0.0995487$ & $-0.0941123$ & $0.0179949$ & $0.667322$ & $1$ & $0.123742$ & $0.238606$ & $-0.0661568$ & $0.0361146$ & $-0.000644741$ & $-0.0270363$ & $0.0420587$ & $0.0234409$ & $-0.261106$ & $0.180178$ & $0.170372$ & $-0.220597$ & $-0.117498$ & $0.0517419$ & $0.0615739$ & $0.0451775$ & $0.0634206$ & $0.109072$ & $0.0820037$ & $-0.136168$ & $-0.0516313$ & $-0.13277$ & $-0.135229$ & $0.215645$ \\
CHu_11 & $0.0197761$ & $0.0329616$ & $0.0233346$ & $0.124135$ & $-0.00176535$ & $0.0869782$ & $-0.0851264$ & $-0.539237$ & $-0.525117$ & $0.23447$ & $0.575627$ & $0.0779424$ & $-0.1118$ & $-0.25832$ & $-0.288025$ & $-0.253752$ & $-0.0658432$ & $0.121252$ & $0.0918555$ & $-0.568255$ & $-0.575453$ & $-0.567592$ & $-0.687258$ & $0.250055$ & $0.123742$ & $1$ & $-0.0787867$ & $-0.155086$ & $0.0375584$ & $-0.043949$ & $-0.017048$ & $-0.090377$ & $-0.0233415$ & $-0.221141$ & $-0.099659$ & $-0.091666$ & $0.048572$ & $-0.0594647$ & $0.0392124$ & $0.0380847$ & $0.0683697$ & $-0.0233251$ & $0.0871267$ & $-0.0403674$ & $-0.0950792$ & $-0.0695181$ & $0.0809337$ & $-0.0635608$ & $0.0794214$ \\
CHd_11 & $0.0276503$ & $-0.38881$ & $0.382506$ & $-0.167994$ & $-0.0281569$ & $0.0727119$ & $-0.0188551$ & $0.32861$ & $0.325462$ & $-0.191787$ & $-0.239675$ & $-0.0143712$ & $0.177124$ & $-0.0328167$ & $-0.27941$ & $-0.307835$ & $-0.108054$ & $0.0118577$ & $0.0402993$ & $0.180252$ & $0.300643$ & $0.295005$ & $0.251541$ & $-0.316313$ & $0.238606$ & $-0.0787867$ & $1$ & $0.0764233$ & $0.00301238$ & $0.0839722$ & $-0.0319549$ & $0.00370092$ & $0.105024$ & $0.555761$ & $0.381789$ & $0.285192$ & $-0.460556$ & $0.0477713$ & $-0.0369624$ & $0.156146$ & $-0.16293$ & $0.164741$ & $0.144859$ & $0.148729$ & $-0.471889$ & $0.0801562$ & $-0.464399$ & $-0.234106$ & $0.258726$ \\
CHd_33 & $-0.0364728$ & $-0.0971222$ & $0.0307093$ & $-0.103882$ & $-0.0302722$ & $0.0180347$ & $0.0233592$ & $0.260631$ & $0.257893$ & $-0.116701$ & $-0.262621$ & $-0.00543247$ & $0.105976$ & $0.110491$ & $0.0850094$ & $0.115468$ & $-0.0127563$ & $-0.0500274$ & $-0.0671958$ & $0.25606$ & $0.26573$ & $0.270535$ & $0.0168478$ & $-0.0340243$ & $-0.0661568$ & $-0.155086$ & $0.0764233$ & $1$ & $0.00668421$ & $0.00104364$ & $-0.0348755$ & $0.0149246$ & $0.00798972$ & $0.146128$ & $0.0593445$ & $0.0938893$ & $-0.119683$ & $-0.0282783$ & $0.0571326$ & $0.013372$ & $-0.0185425$ & $-0.0347749$ & $-0.0171393$ & $0.0361821$ & $-0.0456764$ & $0.0714651$ & $-0.0677563$ & $-0.0389588$ & $0.00739097$ \\
CeH_22r & $0.0331791$ & $0.0088092$ & $0.103731$ & $0.00510174$ & $0.00517788$ & $0.0140098$ & $-0.0129737$ & $-0.0159062$ & $-0.00755165$ & $0.0107241$ & $-0.00447022$ & $0.0322709$ & $0.0119798$ & $0.0347899$ & $-0.00541264$ & $-0.0241611$ & $0.0440957$ & $0.0400034$ & $0.0556463$ & $0.00319758$ & $0.00440307$ & $0.00804132$ & $-0.0384149$ & $0.0362717$ & $0.0361146$ & $0.0375584$ & $0.00301238$ & $0.00668421$ & $1$ & $0.0553172$ & $0.0668655$ & $-0.032768$ & $0.052305$ & $-0.00996296$ & $0.0453622$ & $-0.0408864$ & $-0.00675793$ & $0.0200594$ & $0.0253709$ & $0.0755413$ & $0.0240036$ & $-0.051383$ & $0.0535898$ & $-0.0390967$ & $0.0329343$ & $-0.0925063$ & $0.0402524$ & $-0.061627$ & $-0.0720773$ \\
CeH_33r & $0.0660704$ & $-0.0647122$ & $-0.0157697$ & $-0.0371787$ & $0.00962126$ & $0.0706808$ & $-0.066278$ & $0.0355869$ & $0.0615731$ & $-0.0986012$ & $-0.0192088$ & $0.232735$ & $0.170432$ & $0.00157797$ & $-0.0233213$ & $-0.0119125$ & $-0.0479923$ & $-0.0117776$ & $-0.0208268$ & $0.0158733$ & $0.0212474$ & $0.0217267$ & $0.0655504$ & $-0.0315864$ & $-0.000644741$ & $-0.043949$ & $0.0839722$ & $0.00104364$ & $0.0553172$ & $1$ & $0.331285$ & $0.0841758$ & $0.703426$ & $0.0442826$ & $-0.0913521$ & $0.086924$ & $0.0303156$ & $0.00861463$ & $-0.0336867$ & $-0.0489683$ & $0.0226094$ & $0.0779319$ & $0.0165972$ & $-0.0857375$ & $-0.0718731$ & $-0.0359974$ & $-0.106657$ & $-0.00365478$ & $-0.0119172$ \\
CuH_22r & $-0.0374036$ & $0.0220439$ & $-0.0564167$ & $-0.00479407$ & $-0.00323057$ & $0.0272032$ & $-0.0571606$ & $-0.00600399$ & $0.00723796$ & $-0.0519756$ & $0.0129683$ & $0.0601062$ & $0.0549245$ & $-0.00489896$ & $0.019324$ & $-0.0162572$ & $-0.0284981$ & $-0.0246265$ & $0.000895139$ & $-0.00946016$ & $-0.0160442$ & $-0.0141836$ & $0.0250089$ & $-0.00846453$ & $-0.0270363$ & $-0.017048$ & $-0.0319549$ & $-0.0348755$ & $0.0668655$ & $0.331285$ & $1$ & $0.03631$ & $0.419111$ & $-0.0301592$ & $-0.0754764$ & $0.0347839$ & $0.0362079$ & $0.00192812$ & $-0.0399871$ & $-0.0601515$ & $0.0143372$ & $0.0178324$ & $-0.0343226$ & $-0.04155$ & $-0.017147$ & $0.0402492$ & $0.0470378$ & $0.0469216$ & $-0.00883433$ \\
CuH_33r & $0.188999$ & $-0.0792314$ & $-0.306792$ & $-0.272325$ & $-0.00368606$ & $0.0383385$ & $0.934958$ & $0.0176877$ & $0.0632452$ & $0.035265$ & $-0.0417359$ & $-0.0290326$ & $-0.130772$ & $0.0796893$ & $0.0252246$ & $0.044083$ & $0.0305499$ & $0.0339666$ & $0.0192582$ & $0.0427057$ & $0.0375007$ & $0.0332893$ & $0.0908987$ & $0.00785023$ & $0.0420587$ & $-0.090377$ & $0.00370092$ & $0.0149246$ & $-0.032768$ & $0.0841758$ & $0.03631$ & $1$ & $0.100183$ & $-0.01532$ & $0.141879$ & $0.165882$ & $-0.0425695$ & $-0.0699968$ & $0.0507059$ & $-0.102963$ & $0.0973565$ & $0.0242707$ & $0.137391$ & $0.0106288$ & $0.014741$ & $-0.280074$ & $-0.30774$ & $0.0562462$ & $-0.0195057$ \\
CdH_33r & $0.0677357$ & $-0.0520031$ & $-0.0521304$ & $-0.0185646$ & $0.0107347$ & $0.0412077$ & $-0.10538$ & $0.0273591$ & $0.0578815$ & $-0.103168$ & $-0.0149959$ & $0.320269$ & $0.205422$ & $0.00286877$ & $-0.0108338$ & $-0.0212972$ & $-0.039135$ & $-0.0139106$ & $-0.00331311$ & $0.013944$ & $0.0168564$ & $0.0180695$ & $0.0549502$ & $-0.0156656$ & $0.0234409$ & $-0.0233415$ & $0.105024$ & $0.00798972$ & $0.052305$ & $0.703426$ & $0.419111$ & $0.100183$ & $1$ & $0.0247813$ & $-0.0606905$ & $0.140154$ & $-0.00591379$ & $0.00122262$ & $-0.010728$ & $-0.0555349$ & $0.0217748$ & $0.0753348$ & $0.0662611$ & $-0.0742695$ & $-0.083867$ & $-0.0309907$ & $-0.120476$ & $-0.00292003$ & $0.107217$ \\
CLL_1221 & $-0.041016$ & $-0.186778$ & $0.247222$ & $-0.0834785$ & $-0.0372544$ & $-0.0273592$ & $-0.0168782$ & $0.483376$ & $0.474618$ & $-0.318465$ & $-0.305389$ & $-0.0406997$ & $0.167587$ & $-0.21173$ & $-0.532175$ & $0.00884401$ & $-0.232239$ & $0.0469304$ & $-0.366024$ & $0.238332$ & $0.377579$ & $0.378929$ & $0.161263$ & $-0.584612$ & $-0.261106$ & $-0.221141$ & $0.555761$ & $0.146128$ & $-0.00996296$ & $0.0442826$ & $-0.0301592$ & $-0.01532$ & $0.0247813$ & $1$ & $0.221622$ & $0.0916807$ & $-0.262526$ & $0.0669754$ & $-0.0963488$ & $0.0819861$ & $-0.0989898$ & $0.0646884$ & $0.0549221$ & $0.111559$ & $-0.180401$ & $0.0886494$ & $-0.240962$ & $-0.110027$ & $0.0450021$ \\
eHggint & $-0.181226$ & $-0.140583$ & $-0.112145$ & $-0.140667$ & $-0.0100197$ & $-0.010947$ & $0.135836$ & $0.0994243$ & $0.102762$ & $0.0332779$ & $-0.104549$ & $-0.0392123$ & $-0.0217974$ & $0.0731195$ & $-0.144982$ & $-0.133357$ & $0.03886$ & $0.103557$ & $0.0969376$ & $0.076268$ & $0.131102$ & $0.124791$ & $0.150958$ & $-0.0725937$ & $0.180178$ & $-0.099659$ & $0.381789$ & $0.0593445$ & $0.0453622$ & $-0.0913521$ & $-0.0754764$ & $0.141879$ & $-0.0606905$ & $0.221622$ & $1$ & $0.039281$ & $-0.402309$ & $0.0248171$ & $-0.249357$ & $0.102914$ & $-0.110528$ & $0.0382357$ & $0.314546$ & $0.232943$ & $0.324339$ & $-0.246895$ & $-0.427928$ & $-0.144731$ & $0.0686949$ \\
eHggpar & $0.188277$ & $-0.415645$ & $-0.122873$ & $-0.274926$ & $0.0369104$ & $-0.0178064$ & $0.13334$ & $0.0542746$ & $0.0588851$ & $-4.81455e-05$ & $-0.0734178$ & $0.0664221$ & $0.12159$ & $0.0574971$ & $-0.0473765$ & $-0.00825758$ & $0.0571548$ & $0.0731398$ & $0.0489415$ & $0.0637816$ & $0.0778108$ & $0.082872$ & $0.176564$ & $0.021828$ & $0.170372$ & $-0.091666$ & $0.285192$ & $0.0938893$ & $-0.0408864$ & $0.086924$ & $0.0347839$ & $0.165882$ & $0.140154$ & $0.0916807$ & $0.039281$ & $1$ & $-0.203909$ & $0.00021368$ & $0.055013$ & $-0.042102$ & $-0.160148$ & $0.0479897$ & $-0.0440348$ & $-0.240626$ & $-0.217922$ & $0.128149$ & $-0.453231$ & $-0.0869229$ & $0.406613$ \\
eHWWint & $0.0217101$ & $0.0648148$ & $-0.119076$ & $0.0930515$ & $0.0242535$ & $-0.087348$ & $-0.034816$ & $-0.109283$ & $-0.102796$ & $-0.00989159$ & $0.117039$ & $0.066519$ & $0.0247346$ & $-0.0892244$ & $0.179628$ & $0.142646$ & $-0.039158$ & $-0.134521$ & $-0.108453$ & $-0.0899008$ & $-0.147698$ & $-0.146954$ & $-0.114898$ & $0.0737801$ & $-0.220597$ & $0.048572$ & $-0.460556$ & $-0.119683$ & $-0.00675793$ & $0.0303156$ & $0.0362079$ & $-0.0425695$ & $-0.00591379$ & $-0.262526$ & $-0.402309$ & $-0.203909$ & $1$ & $0.214194$ & $-0.188613$ & $-0.257138$ & $-0.372888$ & $-0.141278$ & $-0.0360441$ & $-0.051695$ & $0.0606739$ & $0.157484$ & $0.30058$ & $0.155716$ & $-0.298623$ \\
eHWWpar & $0.146111$ & $-0.252498$ & $0.217575$ & $-0.0148333$ & $0.00772179$ & $-0.0825908$ & $-0.0609941$ & $0.0646739$ & $0.0638688$ & $-0.0860524$ & $-0.00160031$ & $0.0063208$ & $0.0226881$ & $-0.14107$ & $0.00606172$ & $-0.0463433$ & $-0.0864431$ & $-0.125831$ & $-0.0836889$ & $-0.0082348$ & $0.00617825$ & $0.00675179$ & $0.0546894$ & $-0.11247$ & $-0.117498$ & $-0.0594647$ & $0.0477713$ & $-0.0282783$ & $0.0200594$ & $0.00861463$ & $0.00192812$ & $-0.0699968$ & $0.00122262$ & $0.0669754$ & $0.0248171$ & $0.00021368$ & $0.214194$ & $1$ & $-0.172706$ & $0.0851532$ & $-0.325636$ & $-0.194259$ & $0.133114$ & $-0.172322$ & $-0.0627547$ & $0.042905$ & $-0.0900951$ & $-0.22907$ & $-0.0283149$ \\
eHZZint & $0.00561503$ & $-0.115861$ & $-0.122926$ & $-0.360777$ & $0.0825538$ & $0.035885$ & $0.0434168$ & $-0.0318335$ & $-0.0297324$ & $0.107382$ & $0.00735552$ & $0.0919778$ & $-0.00169815$ & $0.0391011$ & $0.0691737$ & $0.0555303$ & $0.0380224$ & $0.00641827$ & $0.0129277$ & $0.00236476$ & $-0.0179932$ & $-0.019202$ & $-0.0577573$ & $0.088088$ & $0.0517419$ & $0.0392124$ & $-0.0369624$ & $0.0571326$ & $0.0253709$ & $-0.0336867$ & $-0.0399871$ & $0.0507059$ & $-0.010728$ & $-0.0963488$ & $-0.249357$ & $0.055013$ & $-0.188613$ & $-0.172706$ & $1$ & $-0.184284$ & $0.110615$ & $-0.154485$ & $-0.190939$ & $0.101647$ & $-0.185314$ & $-0.195448$ & $0.153794$ & $-0.0139711$ & $-0.0519665$ \\
eHZZpar & $0.114735$ & $0.110506$ & $0.365386$ & $0.109674$ & $-0.0613686$ & $0.00971412$ & $-0.073735$ & $0.020728$ & $0.0137493$ & $-0.0470037$ & $-0.0172553$ & $-0.0876098$ & $-0.0140567$ & $0.000961527$ & $-0.0597139$ & $-0.0621368$ & $0.00770398$ & $0.0317921$ & $0.0344058$ & $0.00990454$ & $0.0277249$ & $0.0290629$ & $0.00120761$ & $-0.0220424$ & $0.0615739$ & $0.0380847$ & $0.156146$ & $0.013372$ & $0.0755413$ & $-0.0489683$ & $-0.0601515$ & $-0.102963$ & $-0.0555349$ & $0.0819861$ & $0.102914$ & $-0.042102$ & $-0.257138$ & $0.0851532$ & $-0.184284$ & $1$ & $0.223996$ & $0.0737016$ & $0.148439$ & $0.0594204$ & $-0.0546829$ & $-0.0575399$ & $-0.0881994$ & $-0.360771$ & $0.203475$ \\
eHZgaint & $0.228413$ & $0.530336$ & $-0.0865464$ & $0.279776$ & $-0.0171866$ & $0.1128$ & $0.0947333$ & $-0.1397$ & $-0.133885$ & $0.088211$ & $0.0907496$ & $-0.0492804$ & $-0.120288$ & $0.0652527$ & $-0.0280825$ & $-0.0319712$ & $0.0761548$ & $0.106003$ & $0.108047$ & $-0.0814071$ & $-0.0919958$ & $-0.0917634$ & $-0.0718232$ & $0.101882$ & $0.0451775$ & $0.0683697$ & $-0.16293$ & $-0.0185425$ & $0.0240036$ & $0.0226094$ & $0.0143372$ & $0.0973565$ & $0.0217748$ & $-0.0989898$ & $-0.110528$ & $-0.160148$ & $-0.372888$ & $-0.325636$ & $0.110615$ & $0.223996$ & $1$ & $0.249239$ & $-0.0753018$ & $-0.128795$ & $0.168951$ & $-0.464133$ & $0.0709164$ & $0.0117691$ & $0.000498582$ \\
eHZgapar & $0.118989$ & $0.122627$ & $-0.147931$ & $0.0895885$ & $-0.0198502$ & $0.0618599$ & $0.0080679$ & $0.0385824$ & $0.0416604$ & $-0.0299436$ & $-0.0396133$ & $-0.00357893$ & $0.0502859$ & $0.0546706$ & $-0.0516357$ & $-0.0800694$ & $-0.0218036$ & $0.0330506$ & $0.0508441$ & $0.0325935$ & $0.0509392$ & $0.0451954$ & $0.064078$ & $-0.032817$ & $0.0634206$ & $-0.0233251$ & $0.164741$ & $-0.0347749$ & $-0.051383$ & $0.0779319$ & $0.0178324$ & $0.0242707$ & $0.0753348$ & $0.0646884$ & $0.0382357$ & $0.0479897$ & $-0.141278$ & $-0.194259$ & $-0.154485$ & $0.0737016$ & $0.249239$ & $1$ & $-0.0767503$ & $-0.0764109$ & $-0.15576$ & $-0.0412213$ & $-0.24628$ & $-0.0245014$ & $0.136491$ \\
eHgagaint & $-0.153766$ & $-0.0430142$ & $-0.0183112$ & $-0.132401$ & $-0.0324091$ & $0.0212888$ & $0.12194$ & $-0.0567057$ & $-0.035204$ & $0.0266315$ & $0.0529283$ & $0.000907405$ & $-0.0151501$ & $0.00911743$ & $-0.118868$ & $-0.103367$ & $0.0191246$ & $0.0831946$ & $0.0760105$ & $-0.0661638$ & $-0.0415029$ & $-0.0396008$ & $0.00122458$ & $0.0271164$ & $0.109072$ & $0.0871267$ & $0.144859$ & $-0.0171393$ & $0.0535898$ & $0.0165972$ & $-0.0343226$ & $0.137391$ & $0.0662611$ & $0.0549221$ & $0.314546$ & $-0.0440348$ & $-0.0360441$ & $0.133114$ & $-0.190939$ & $0.148439$ & $-0.0753018$ & $-0.0767503$ & $1$ & $0.131731$ & $0.176065$ & $-0.265758$ & $-0.26545$ & $-0.154383$ & $0.246991$ \\
eHmumuint & $-0.622479$ & $0.278286$ & $0.0670764$ & $-0.158267$ & $-0.018989$ & $-0.047732$ & $0.00842462$ & $0.147886$ & $0.146351$ & $0.0664412$ & $-0.179419$ & $0.0753474$ & $0.0599889$ & $0.104216$ & $0.0353896$ & $0.0372263$ & $0.0789971$ & $0.0312237$ & $0.0336467$ & $0.17536$ & $0.190997$ & $0.1885$ & $-0.0140035$ & $-0.0607843$ & $0.0820037$ & $-0.0403674$ & $0.148729$ & $0.0361821$ & $-0.0390967$ & $-0.0857375$ & $-0.04155$ & $0.0106288$ & $-0.0742695$ & $0.111559$ & $0.232943$ & $-0.240626$ & $-0.051695$ & $-0.172322$ & $0.101647$ & $0.0594204$ & $-0.128795$ & $-0.0764109$ & $0.131731$ & $1$ & $-0.0575081$ & $0.173847$ & $0.0976955$ & $0.253124$ & $-0.0772102$ \\
eHtautauint & $-0.268852$ & $0.232866$ & $-0.42829$ & $0.0348382$ & $0.0449854$ & $-0.0481422$ & $0.0264543$ & $-0.0940681$ & $-0.0928576$ & $0.0841552$ & $0.0523582$ & $-0.00641826$ & $-0.102084$ & $0.0501294$ & $0.102721$ & $0.147075$ & $0.0528081$ & $0.0141069$ & $-0.0245724$ & $-0.0321739$ & $-0.0738903$ & $-0.0785464$ & $-0.0265674$ & $0.0875665$ & $-0.136168$ & $-0.0950792$ & $-0.471889$ & $-0.0456764$ & $0.0329343$ & $-0.0718731$ & $-0.017147$ & $0.014741$ & $-0.083867$ & $-0.180401$ & $0.324339$ & $-0.217922$ & $0.0606739$ & $-0.0627547$ & $-0.185314$ & $-0.0546829$ & $0.168951$ & $-0.15576$ & $0.176065$ & $-0.0575081$ & $1$ & $-0.199097$ & $0.224335$ & $0.0252653$ & $-0.225104$ \\
eHccint & $-0.287323$ & $-0.0764354$ & $0.23522$ & $0.0098437$ & $0.0273147$ & $-0.0737281$ & $-0.266966$ & $0.189126$ & $0.168691$ & $-0.112946$ & $-0.180316$ & $0.0117169$ & $0.162659$ & $0.0387942$ & $0.0890935$ & $0.0978281$ & $-0.0157055$ & $-0.07391$ & $-0.0793541$ & $0.179875$ & $0.181084$ & $0.179651$ & $-0.0134719$ & $-0.0868678$ & $-0.0516313$ & $-0.0695181$ & $0.0801562$ & $0.0714651$ & $-0.0925063$ & $-0.0359974$ & $0.0402492$ & $-0.280074$ & $-0.0309907$ & $0.0886494$ & $-0.246895$ & $0.128149$ & $0.157484$ & $0.042905$ & $-0.195448$ & $-0.0575399$ & $-0.464133$ & $-0.0412213$ & $-0.265758$ & $0.173847$ & $-0.199097$ & $1$ & $0.292378$ & $0.227837$ & $0.0297828$ \\
eHccpar & $-0.293447$ & $0.44307$ & $0.0198014$ & $0.260114$ & $0.0497813$ & $-0.0635058$ & $-0.271288$ & $-0.116581$ & $-0.137297$ & $0.0838625$ & $0.0793581$ & $0.0255943$ & $-0.0480338$ & $0.0040374$ & $0.158803$ & $0.156362$ & $0.0523787$ & $-0.0358975$ & $-0.0353552$ & $-0.0501519$ & $-0.105516$ & $-0.0976442$ & $-0.198663$ & $0.122227$ & $-0.13277$ & $0.0809337$ & $-0.464399$ & $-0.0677563$ & $0.0402524$ & $-0.106657$ & $0.0470378$ & $-0.30774$ & $-0.120476$ & $-0.240962$ & $-0.427928$ & $-0.453231$ & $0.30058$ & $-0.0900951$ & $0.153794$ & $-0.0881994$ & $0.0709164$ & $-0.24628$ & $-0.26545$ & $0.0976955$ & $0.224335$ & $0.292378$ & $1$ & $0.314278$ & $-0.202531$ \\
eHbbint & $-0.239999$ & $0.450968$ & $-0.200527$ & $0.16854$ & $0.014409$ & $-0.00457494$ & $0.0408524$ & $0.0546805$ & $0.0519351$ & $-0.0282566$ & $-0.0562236$ & $-0.00950768$ & $-0.0241926$ & $0.0126525$ & $0.174325$ & $0.116063$ & $-0.0234905$ & $-0.118173$ & $-0.07782$ & $0.0722942$ & $0.0437392$ & $0.040455$ & $-0.0594413$ & $-0.0519123$ & $-0.135229$ & $-0.0635608$ & $-0.234106$ & $-0.0389588$ & $-0.061627$ & $-0.00365478$ & $0.0469216$ & $0.0562462$ & $-0.00292003$ & $-0.110027$ & $-0.144731$ & $-0.0869229$ & $0.155716$ & $-0.22907$ & $-0.0139711$ & $-0.360771$ & $0.0117691$ & $-0.0245014$ & $-0.154383$ & $0.253124$ & $0.0252653$ & $0.227837$ & $0.314278$ & $1$ & $-0.124572$ \\
eHbbpar & $0.0601244$ & $0.00846748$ & $0.050534$ & $0.210763$ & $-0.0249806$ & $0.0140311$ & $-0.0141121$ & $-0.102687$ & $-0.100164$ & $0.0652026$ & $0.0864923$ & $0.00874299$ & $0.0302153$ & $0.00628577$ & $-0.144781$ & $-0.113347$ & $0.0488416$ & $0.125602$ & $0.10157$ & $-0.0957515$ & $-0.0775468$ & $-0.0718784$ & $0.0785513$ & $0.0880702$ & $0.215645$ & $0.0794214$ & $0.258726$ & $0.00739097$ & $-0.0720773$ & $-0.0119172$ & $-0.00883433$ & $-0.0195057$ & $0.107217$ & $0.0450021$ & $0.0686949$ & $0.406613$ & $-0.298623$ & $-0.0283149$ & $-0.0519665$ & $0.203475$ & $0.000498582$ & $0.136491$ & $0.246991$ & $-0.0772102$ & $-0.225104$ & $0.0297828$ & $-0.202531$ & $-0.124572$ & $1$ \\
