 & AlsMz & dAle5Mz & mtop & mHl & Mz & CW & CHG & CHWB & CHWHB_gaga & CHWHB_gagaorth & CHD & CHbox & CH & CHL1_11 & CHL1_22 & CHL1_33 & CHL3_11 & CHL3_22 & CHL3_33 & CHe_11 & CHe_22 & CHe_33 & CHQ1_11 & CHQ1_33 & CHQ3_11 & CHu_11 & CHd_11 & CHd_33 & CeH_22r & CeH_33r & CuH_22r & CuH_33r & CdH_33r & CLL_1221 & eHggint & eHggpar & eHWWint & eHWWpar & eHZZint & eHZZpar & eHZgaint & eHZgapar & eHgagaint & eHmumuint & eHtautauint & eHccint & eHccpar & eHbbint & eHbbpar \\
AlsMz & $1$ & $0.176088$ & $0.0981422$ & $-0.250182$ & $-0.0310193$ & $-0.104598$ & $-0.164999$ & $-0.19055$ & $-0.197867$ & $0.0973717$ & $0.0991336$ & $0.203131$ & $0.209194$ & $0.0452779$ & $-0.0623202$ & $-0.0700829$ & $0.184013$ & $0.177039$ & $0.190748$ & $-0.097772$ & $-0.10421$ & $-0.101859$ & $0.0390002$ & $0.190996$ & $0.165487$ & $0.0138919$ & $-0.0725089$ & $-0.0613015$ & $0.0785257$ & $0.159455$ & $0.131709$ & $-0.151767$ & $0.141643$ & $-0.106281$ & $-0.0965957$ & $0.437837$ & $0.112648$ & $-0.0641234$ & $-0.0872042$ & $0.0827069$ & $-0.0110886$ & $0.113504$ & $-0.391019$ & $-0.322292$ & $-0.320138$ & $0.298307$ & $0.138438$ & $0.363851$ & $-0.112606$ \\
dAle5Mz & $0.176088$ & $1$ & $0.176404$ & $-0.0132322$ & $-0.00825715$ & $-0.0512322$ & $0.183798$ & $0.0664349$ & $0.0668542$ & $-0.0187423$ & $-0.0227073$ & $-0.239224$ & $-0.197118$ & $-0.0644962$ & $-0.0582727$ & $0.0234045$ & $-0.0671465$ & $-0.0422387$ & $-0.098682$ & $0.0217638$ & $0.0341358$ & $0.0332887$ & $0.131526$ & $-0.0983853$ & $-0.0447348$ & $-0.0908831$ & $0.151515$ & $0.0169221$ & $-0.0439185$ & $-0.0932043$ & $-0.0177084$ & $0.175254$ & $-0.142552$ & $0.14939$ & $-0.498515$ & $0.284261$ & $-0.176972$ & $-0.154349$ & $0.0130996$ & $0.129776$ & $-0.209089$ & $-0.10687$ & $0.0873493$ & $-0.235135$ & $-0.0155045$ & $0.354236$ & $-0.0928348$ & $-0.192091$ & $-0.221881$ \\
mtop & $0.0981422$ & $0.176404$ & $1$ & $-0.43862$ & $0.0191042$ & $0.0353514$ & $-0.0511765$ & $0.073654$ & $0.0720246$ & $-0.0947849$ & $-0.0591596$ & $0.00368636$ & $0.0521548$ & $0.041479$ & $-0.0618284$ & $-0.0401729$ & $-0.0326911$ & $0.0174988$ & $0.00468229$ & $0.0531555$ & $0.0723546$ & $0.0753554$ & $0.108275$ & $-0.0961517$ & $0.0176793$ & $-0.0910029$ & $0.170717$ & $-0.0360583$ & $0.129203$ & $0.0762268$ & $0.0149002$ & $-0.0630509$ & $0.0831528$ & $0.12332$ & $-0.616368$ & $0.0178147$ & $-0.174055$ & $0.0757335$ & $-0.41659$ & $-0.234433$ & $0.0797349$ & $0.0557915$ & $-0.297544$ & $0.00638301$ & $-0.611399$ & $0.290285$ & $-0.323115$ & $0.104055$ & $0.0373785$ \\
mHl & $-0.250182$ & $-0.0132322$ & $-0.43862$ & $1$ & $0.00179165$ & $-0.0729533$ & $-0.0442187$ & $-0.129061$ & $-0.11775$ & $0.108466$ & $0.0458486$ & $0.0862763$ & $0.0368861$ & $0.0613466$ & $-0.110398$ & $-0.00377803$ & $0.18591$ & $0.202884$ & $0.14122$ & $-0.0490465$ & $-0.045473$ & $-0.0460522$ & $0.0149461$ & $0.206176$ & $0.199566$ & $0.0249007$ & $0.0518559$ & $0.0220335$ & $-0.0370648$ & $0.165113$ & $0.177348$ & $0.0162434$ & $0.121737$ & $0.015418$ & $0.194958$ & $-0.306459$ & $-0.284991$ & $-0.193264$ & $0.168495$ & $0.0871352$ & $-0.425632$ & $0.0363918$ & $0.316554$ & $-0.250336$ & $0.697187$ & $-0.105338$ & $0.24109$ & $-0.630894$ & $-0.439904$ \\
Mz & $-0.0310193$ & $-0.00825715$ & $0.0191042$ & $0.00179165$ & $1$ & $0.000818645$ & $0.0160247$ & $0.00453039$ & $0.00918023$ & $-0.00872081$ & $0.013821$ & $-0.00724962$ & $-0.0111301$ & $-0.0171922$ & $-0.024154$ & $-0.0341919$ & $-0.0214266$ & $-0.0116651$ & $-0.00699996$ & $-0.0108456$ & $-0.00357794$ & $-0.00392697$ & $0.0208267$ & $-0.0131429$ & $-0.0175875$ & $-0.00149759$ & $0.0317297$ & $0.0151144$ & $0.00976949$ & $0.00390405$ & $0.0136558$ & $0.0154236$ & $0.00379177$ & $0.024323$ & $0.00533232$ & $-0.016228$ & $-0.0382529$ & $-0.0193154$ & $-0.0498035$ & $-0.0151229$ & $-0.0194367$ & $-0.0316238$ & $0.0114543$ & $-0.00574742$ & $0.0174932$ & $-0.0145059$ & $-0.0410599$ & $-0.0289602$ & $-0.0324431$ \\
CW & $-0.104598$ & $-0.0512322$ & $0.0353514$ & $-0.0729533$ & $0.000818645$ & $1$ & $0.0750349$ & $0.000906874$ & $0.00344233$ & $-0.0390691$ & $0.113336$ & $-0.0652292$ & $-0.0913487$ & $-0.0176822$ & $-0.0578796$ & $-0.0594193$ & $-0.365118$ & $-0.170465$ & $-0.176391$ & $-0.111336$ & $-0.115577$ & $-0.117277$ & $-0.0337796$ & $-0.159796$ & $-0.213448$ & $0.0933266$ & $-0.089007$ & $-0.036987$ & $0.0102612$ & $-0.0628104$ & $-0.0255576$ & $0.0638436$ & $-0.0515925$ & $-0.087934$ & $-0.112316$ & $-0.0684197$ & $-0.0955826$ & $-0.0501136$ & $-0.00815673$ & $-0.0604363$ & $0.0709572$ & $-0.0525866$ & $0.00660261$ & $0.0445502$ & $-0.0424877$ & $0.0550398$ & $-0.165389$ & $0.0416883$ & $0.0652832$ \\
CHG & $-0.164999$ & $0.183798$ & $-0.0511765$ & $-0.0442187$ & $0.0160247$ & $0.0750349$ & $1$ & $-0.175748$ & $-0.151445$ & $0.169705$ & $0.266402$ & $-0.569086$ & $-0.642445$ & $-0.230162$ & $-0.122932$ & $-0.149506$ & $-0.191214$ & $-0.116552$ & $-0.107281$ & $-0.264852$ & $-0.266355$ & $-0.265124$ & $-0.0535416$ & $-0.0502497$ & $-0.138773$ & $0.2005$ & $-0.128676$ & $-0.145438$ & $-0.111106$ & $-0.419261$ & $-0.26302$ & $0.932352$ & $-0.447259$ & $-0.0815822$ & $-0.0417048$ & $0.0866855$ & $-0.00152331$ & $-0.0479596$ & $0.039805$ & $0.0657329$ & $0.143672$ & $-0.15242$ & $-0.0344505$ & $0.0329704$ & $-0.037043$ & $0.150045$ & $-0.272682$ & $-0.0158438$ & $0.231506$ \\
CHWB & $-0.19055$ & $0.0664349$ & $0.073654$ & $-0.129061$ & $0.00453039$ & $0.000906874$ & $-0.175748$ & $1$ & $0.989672$ & $-0.546365$ & $-0.877319$ & $-0.0225364$ & $0.107557$ & $0.293728$ & $0.542927$ & $0.555718$ & $-0.242153$ & $-0.41888$ & $-0.450401$ & $0.869807$ & $0.882455$ & $0.872863$ & $-0.000115573$ & $-0.638489$ & $-0.425403$ & $-0.606071$ & $0.250687$ & $0.363547$ & $-0.0853648$ & $-0.0202078$ & $-0.00456844$ & $-0.204138$ & $0.0119865$ & $0.457376$ & $0.0172327$ & $-0.104427$ & $0.0971074$ & $0.0907292$ & $0.034951$ & $-0.0311588$ & $0.0640988$ & $0.0961563$ & $0.117744$ & $0.23363$ & $-0.0446217$ & $-0.0796483$ & $0.0270806$ & $0.10504$ & $0.0174249$ \\
CHWHB_gaga & $-0.197867$ & $0.0668542$ & $0.0720246$ & $-0.11775$ & $0.00918023$ & $0.00344233$ & $-0.151445$ & $0.989672$ & $1$ & $-0.54401$ & $-0.865785$ & $-0.0119168$ & $0.112641$ & $0.286184$ & $0.534882$ & $0.551598$ & $-0.244422$ & $-0.417531$ & $-0.451548$ & $0.858499$ & $0.870853$ & $0.861507$ & $-0.00237142$ & $-0.635624$ & $-0.423105$ & $-0.596372$ & $0.250932$ & $0.357195$ & $-0.0816599$ & $-0.000641216$ & $0.0121904$ & $-0.184491$ & $0.0341514$ & $0.454804$ & $0.0114176$ & $-0.121412$ & $0.0877724$ & $0.0855221$ & $0.0318566$ & $-0.0289764$ & $0.0535502$ & $0.0973769$ & $0.126532$ & $0.234434$ & $-0.0352677$ & $-0.0717986$ & $0.0228211$ & $0.0935051$ & $0.00931944$ \\
CHWHB_gagaorth & $0.0973717$ & $-0.0187423$ & $-0.0947849$ & $0.108466$ & $-0.00872081$ & $-0.0390691$ & $0.169705$ & $-0.546365$ & $-0.54401$ & $1$ & $0.479691$ & $0.0667547$ & $-0.22192$ & $-0.176094$ & $-0.267289$ & $-0.304478$ & $0.143731$ & $0.210511$ & $0.246778$ & $-0.475964$ & $-0.483305$ & $-0.476233$ & $-0.0417664$ & $0.350143$ & $0.222892$ & $0.342963$ & $-0.166651$ & $-0.201871$ & $0.0154956$ & $-0.145566$ & $-0.122418$ & $0.197545$ & $-0.202234$ & $-0.2677$ & $-0.0213646$ & $0.120358$ & $-0.0838314$ & $-0.0559398$ & $-0.0296223$ & $0.0215803$ & $0.00687651$ & $-0.0583446$ & $-0.0916038$ & $-0.169366$ & $0.057909$ & $0.0733117$ & $-0.0758314$ & $-0.0447826$ & $0.0335725$ \\
CHD & $0.0991336$ & $-0.0227073$ & $-0.0591596$ & $0.0458486$ & $0.013821$ & $0.113336$ & $0.266402$ & $-0.877319$ & $-0.865785$ & $0.479691$ & $1$ & $-0.0820037$ & $-0.252538$ & $-0.669789$ & $-0.570148$ & $-0.611727$ & $-0.2252$ & $-0.00243664$ & $0.0325446$ & $-0.995304$ & $-0.995559$ & $-0.981955$ & $-0.0286085$ & $0.241041$ & $-0.0217221$ & $0.709399$ & $-0.258687$ & $-0.405487$ & $0.0478841$ & $-0.128219$ & $-0.0913853$ & $0.269595$ & $-0.172875$ & $-0.337863$ & $-0.0552094$ & $0.0856535$ & $0.0114813$ & $-0.0715128$ & $0.0546482$ & $0.0621888$ & $0.0150958$ & $-0.143174$ & $0.0471196$ & $-0.127857$ & $-0.0271328$ & $0.115961$ & $-0.0161873$ & $-0.038725$ & $0.0722405$ \\
CHbox & $0.203131$ & $-0.239224$ & $0.00368636$ & $0.0862763$ & $-0.00724962$ & $-0.0652292$ & $-0.569086$ & $-0.0225364$ & $-0.0119168$ & $0.0667547$ & $-0.0820037$ & $1$ & $0.894154$ & $0.148747$ & $0.000159806$ & $0.0539748$ & $0.219462$ & $0.190087$ & $0.163622$ & $0.0815048$ & $0.0796934$ & $0.0826193$ & $0.0413367$ & $0.158589$ & $0.23112$ & $-0.0595149$ & $0.125944$ & $0.0662348$ & $0.170441$ & $0.590435$ & $0.345952$ & $-0.436756$ & $0.632631$ & $0.00663535$ & $0.111951$ & $-0.106832$ & $-0.155023$ & $-0.033151$ & $-0.272544$ & $-0.175586$ & $-0.162407$ & $0.17888$ & $-0.0608451$ & $-0.0169125$ & $0.0891614$ & $-0.0738286$ & $0.177105$ & $0.0858462$ & $-0.195459$ \\
CH & $0.209194$ & $-0.197118$ & $0.0521548$ & $0.0368861$ & $-0.0111301$ & $-0.0913487$ & $-0.642445$ & $0.107557$ & $0.112641$ & $-0.22192$ & $-0.252538$ & $0.894154$ & $1$ & $0.291449$ & $0.068394$ & $0.132756$ & $0.300551$ & $0.239352$ & $0.207777$ & $0.247372$ & $0.252552$ & $0.251538$ & $0.0746424$ & $0.146066$ & $0.286073$ & $-0.190514$ & $0.210084$ & $0.122742$ & $0.170666$ & $0.600998$ & $0.376804$ & $-0.533173$ & $0.655186$ & $0.0781863$ & $0.0475426$ & $-0.108503$ & $-0.166724$ & $0.00719988$ & $-0.232893$ & $-0.167053$ & $-0.150223$ & $0.186963$ & $-0.0467594$ & $0.0471656$ & $0.0629962$ & $-0.096494$ & $0.208706$ & $0.0691562$ & $-0.199198$ \\
CHL1_11 & $0.0452779$ & $-0.0644962$ & $0.041479$ & $0.0613466$ & $-0.0171922$ & $-0.0176822$ & $-0.230162$ & $0.293728$ & $0.286184$ & $-0.176094$ & $-0.669789$ & $0.148747$ & $0.291449$ & $1$ & $0.27498$ & $0.333634$ & $0.595767$ & $0.576315$ & $0.55286$ & $0.66703$ & $0.656949$ & $0.64374$ & $0.0532866$ & $0.383798$ & $0.583977$ & $-0.496744$ & $0.139236$ & $0.274683$ & $0.0345$ & $0.248954$ & $0.163229$ & $-0.203056$ & $0.285806$ & $-0.0345963$ & $0.0640757$ & $-0.00491681$ & $-0.177792$ & $0.0116745$ & $-0.160686$ & $-0.103747$ & $-0.0941455$ & $0.111238$ & $-0.269802$ & $-0.0798362$ & $0.0785476$ & $-0.103047$ & $-0.0460059$ & $-0.0441137$ & $-0.134474$ \\
CHL1_22 & $-0.0623202$ & $-0.0582727$ & $-0.0618284$ & $-0.110398$ & $-0.024154$ & $-0.0578796$ & $-0.122932$ & $0.542927$ & $0.534882$ & $-0.267289$ & $-0.570148$ & $0.000159806$ & $0.068394$ & $0.27498$ & $1$ & $0.476458$ & $0.0191616$ & $-0.46297$ & $-0.137302$ & $0.604911$ & $0.521237$ & $0.510533$ & $-0.174822$ & $-0.142231$ & $-0.198055$ & $-0.315877$ & $-0.282698$ & $0.194927$ & $-0.0409306$ & $-0.0160818$ & $-0.0377875$ & $-0.143393$ & $0.0193497$ & $-0.452233$ & $0.0508908$ & $-0.0418432$ & $0.056508$ & $0.0287155$ & $-0.0292115$ & $0.046157$ & $0.0944798$ & $0.168971$ & $-0.0206173$ & $0.0343405$ & $0.0621529$ & $-0.0401828$ & $-0.153822$ & $0.210149$ & $0.0506268$ \\
CHL1_33 & $-0.0700829$ & $0.0234045$ & $-0.0401729$ & $-0.00377803$ & $-0.0341919$ & $-0.0594193$ & $-0.149506$ & $0.555718$ & $0.551598$ & $-0.304478$ & $-0.611727$ & $0.0539748$ & $0.132756$ & $0.333634$ & $0.476458$ & $1$ & $0.076617$ & $-0.0712664$ & $-0.411053$ & $0.64612$ & $0.566167$ & $0.578043$ & $-0.0893847$ & $-0.101449$ & $-0.123833$ & $-0.397768$ & $-0.194177$ & $0.202116$ & $-0.0248036$ & $0.0607828$ & $0.0466648$ & $-0.156821$ & $0.0787301$ & $0.133017$ & $0.0579056$ & $0.0234283$ & $-0.0411852$ & $-0.0247797$ & $-0.0941585$ & $-9.70554e-05$ & $0.078096$ & $0.0983836$ & $-0.070623$ & $0.0157777$ & $0.0882932$ & $-0.106506$ & $-0.161374$ & $0.11172$ & $-0.0465807$ \\
CHL3_11 & $0.184013$ & $-0.0671465$ & $-0.0326911$ & $0.18591$ & $-0.0214266$ & $-0.365118$ & $-0.191214$ & $-0.242153$ & $-0.244422$ & $0.143731$ & $-0.2252$ & $0.219462$ & $0.300551$ & $0.595767$ & $0.0191616$ & $0.076617$ & $1$ & $0.817264$ & $0.81135$ & $0.22275$ & $0.217012$ & $0.209942$ & $0.0807206$ & $0.750984$ & $0.879975$ & $-0.20446$ & $0.092788$ & $0.0800003$ & $0.066592$ & $0.298612$ & $0.198846$ & $-0.137692$ & $0.322559$ & $-0.109502$ & $0.0799955$ & $0.00977865$ & $-0.182422$ & $-0.0330391$ & $-0.153623$ & $-0.043526$ & $-0.179481$ & $0.0911148$ & $-0.279614$ & $-0.180621$ & $0.148588$ & $-0.0712452$ & $0.0419529$ & $-0.173672$ & $-0.192908$ \\
CHL3_22 & $0.177039$ & $-0.0422387$ & $0.0174988$ & $0.202884$ & $-0.0116651$ & $-0.170465$ & $-0.116552$ & $-0.41888$ & $-0.417531$ & $0.210511$ & $-0.00243664$ & $0.190087$ & $0.239352$ & $0.576315$ & $-0.46297$ & $-0.0712664$ & $0.817264$ & $1$ & $0.777203$ & $-0.00997188$ & $0.0125334$ & $0.011691$ & $0.150142$ & $0.743671$ & $0.885049$ & $-0.0812712$ & $0.192786$ & $0.00809057$ & $0.0831953$ & $0.280176$ & $0.197903$ & $-0.061822$ & $0.286749$ & $0.0998714$ & $0.0439435$ & $0.0497637$ & $-0.226665$ & $-0.0449781$ & $-0.14864$ & $-0.0902327$ & $-0.188486$ & $-0.000961216$ & $-0.284283$ & $-0.189827$ & $0.0941827$ & $-0.0578079$ & $0.0621935$ & $-0.227896$ & $-0.191078$ \\
CHL3_33 & $0.190748$ & $-0.098682$ & $0.00468229$ & $0.14122$ & $-0.00699996$ & $-0.176391$ & $-0.107281$ & $-0.450401$ & $-0.451548$ & $0.246778$ & $0.0325446$ & $0.163622$ & $0.207777$ & $0.55286$ & $-0.137302$ & $-0.411053$ & $0.81135$ & $0.777203$ & $1$ & $-0.045183$ & $-0.0233818$ & $-0.0258393$ & $0.102562$ & $0.749564$ & $0.873224$ & $-0.0257845$ & $0.147536$ & $-0.000376052$ & $0.0802449$ & $0.243803$ & $0.151715$ & $-0.0585982$ & $0.258485$ & $-0.288982$ & $0.0391586$ & $0.00555904$ & $-0.171152$ & $-0.00989301$ & $-0.111252$ & $-0.0575674$ & $-0.186319$ & $0.0455373$ & $-0.26373$ & $-0.184493$ & $0.0789769$ & $-0.0114265$ & $0.0707504$ & $-0.173753$ & $-0.135496$ \\
CHe_11 & $-0.097772$ & $0.0217638$ & $0.0531555$ & $-0.0490465$ & $-0.0108456$ & $-0.111336$ & $-0.264852$ & $0.869807$ & $0.858499$ & $-0.475964$ & $-0.995304$ & $0.0815048$ & $0.247372$ & $0.66703$ & $0.604911$ & $0.64612$ & $0.22275$ & $-0.00997188$ & $-0.045183$ & $1$ & $0.986914$ & $0.973576$ & $0.0145844$ & $-0.223788$ & $0.0171736$ & $-0.701025$ & $0.215463$ & $0.39842$ & $-0.0465425$ & $0.123308$ & $0.0859233$ & $-0.269461$ & $0.168274$ & $0.292301$ & $0.0543801$ & $-0.0777917$ & $-0.0160533$ & $0.0670807$ & $-0.0602002$ & $-0.0587324$ & $-0.00810131$ & $0.149678$ & $-0.0555966$ & $0.116959$ & $0.0337613$ & $-0.115077$ & $-0.0045969$ & $0.0523516$ & $-0.068123$ \\
CHe_22 & $-0.10421$ & $0.0341358$ & $0.0723546$ & $-0.045473$ & $-0.00357794$ & $-0.115577$ & $-0.266355$ & $0.882455$ & $0.870853$ & $-0.483305$ & $-0.995559$ & $0.0796934$ & $0.252552$ & $0.656949$ & $0.521237$ & $0.566167$ & $0.217012$ & $0.0125334$ & $-0.0233818$ & $0.986914$ & $1$ & $0.984205$ & $0.046172$ & $-0.265086$ & $0.0209728$ & $-0.713531$ & $0.310566$ & $0.409157$ & $-0.0486448$ & $0.128088$ & $0.0933961$ & $-0.269163$ & $0.171807$ & $0.393909$ & $0.0481445$ & $-0.0923264$ & $-0.00832734$ & $0.0766587$ & $-0.0466301$ & $-0.0667245$ & $-0.0247826$ & $0.133975$ & $-0.0344662$ & $0.139822$ & $0.0172936$ & $-0.112302$ & $0.0376518$ & $0.0215035$ & $-0.0754726$ \\
CHe_33 & $-0.101859$ & $0.0332887$ & $0.0753554$ & $-0.0460522$ & $-0.00392697$ & $-0.117277$ & $-0.265124$ & $0.872863$ & $0.861507$ & $-0.476233$ & $-0.981955$ & $0.0826193$ & $0.251538$ & $0.64374$ & $0.510533$ & $0.578043$ & $0.209942$ & $0.011691$ & $-0.0258393$ & $0.973576$ & $0.984205$ & $1$ & $0.0482626$ & $-0.26321$ & $0.0176936$ & $-0.703563$ & $0.311$ & $0.403383$ & $-0.0477395$ & $0.128538$ & $0.0921869$ & $-0.267721$ & $0.171021$ & $0.397297$ & $0.0429702$ & $-0.0856778$ & $-0.0120521$ & $0.0771928$ & $-0.0495118$ & $-0.0678142$ & $-0.0225334$ & $0.132652$ & $-0.0430863$ & $0.141034$ & $0.0116006$ & $-0.11455$ & $0.033824$ & $0.0243616$ & $-0.0725193$ \\
CHQ1_11 & $0.0390002$ & $0.131526$ & $0.108275$ & $0.0149461$ & $0.0208267$ & $-0.0337796$ & $-0.0535416$ & $-0.000115573$ & $-0.00237142$ & $-0.0417664$ & $-0.0286085$ & $0.0413367$ & $0.0746424$ & $0.0532866$ & $-0.174822$ & $-0.0893847$ & $0.0807206$ & $0.150142$ & $0.102562$ & $0.0145844$ & $0.046172$ & $0.0482626$ & $1$ & $0.00984255$ & $0.165347$ & $-0.605411$ & $0.353097$ & $0.0557471$ & $0.0325144$ & $0.0744521$ & $0.0331416$ & $-0.0378468$ & $0.0636309$ & $0.191472$ & $-0.0849445$ & $-0.0596719$ & $-0.0256991$ & $0.00145746$ & $-0.00315665$ & $-0.0685461$ & $-0.0844144$ & $-0.0681899$ & $0.0416917$ & $0.0881087$ & $-0.0750965$ & $-0.0403951$ & $0.122722$ & $-0.140473$ & $-0.0841448$ \\
CHQ1_33 & $0.190996$ & $-0.0983853$ & $-0.0961517$ & $0.206176$ & $-0.0131429$ & $-0.159796$ & $-0.0502497$ & $-0.638489$ & $-0.635624$ & $0.350143$ & $0.241041$ & $0.158589$ & $0.146066$ & $0.383798$ & $-0.142231$ & $-0.101449$ & $0.750984$ & $0.743671$ & $0.749564$ & $-0.223788$ & $-0.265086$ & $-0.26321$ & $0.00984255$ & $1$ & $0.794965$ & $0.150251$ & $-0.125862$ & $-0.042144$ & $0.0894572$ & $0.205899$ & $0.113535$ & $-0.00375632$ & $0.20455$ & $-0.455325$ & $0.0747715$ & $0.0888306$ & $-0.174707$ & $-0.0740204$ & $-0.131053$ & $-0.0118896$ & $-0.135732$ & $0.0263544$ & $-0.276268$ & $-0.251605$ & $0.170957$ & $-0.0412285$ & $-0.0212567$ & $-0.136703$ & $-0.114289$ \\
CHQ3_11 & $0.165487$ & $-0.0447348$ & $0.0176793$ & $0.199566$ & $-0.0175875$ & $-0.213448$ & $-0.138773$ & $-0.425403$ & $-0.423105$ & $0.222892$ & $-0.0217221$ & $0.23112$ & $0.286073$ & $0.583977$ & $-0.198055$ & $-0.123833$ & $0.879975$ & $0.885049$ & $0.873224$ & $0.0171736$ & $0.0209728$ & $0.0176936$ & $0.165347$ & $0.794965$ & $1$ & $-0.0818487$ & $0.295644$ & $0.0148443$ & $0.0833852$ & $0.296464$ & $0.199047$ & $-0.0789398$ & $0.313818$ & $-0.161779$ & $0.0146671$ & $-0.00675777$ & $-0.224977$ & $-0.00779045$ & $-0.160378$ & $-0.0845367$ & $-0.190482$ & $0.0375428$ & $-0.255864$ & $-0.126455$ & $0.109263$ & $-0.0550507$ & $0.086888$ & $-0.259278$ & $-0.171567$ \\
CHu_11 & $0.0138919$ & $-0.0908831$ & $-0.0910029$ & $0.0249007$ & $-0.00149759$ & $0.0933266$ & $0.2005$ & $-0.606071$ & $-0.596372$ & $0.342963$ & $0.709399$ & $-0.0595149$ & $-0.190514$ & $-0.496744$ & $-0.315877$ & $-0.397768$ & $-0.20446$ & $-0.0812712$ & $-0.0257845$ & $-0.701025$ & $-0.713531$ & $-0.703563$ & $-0.605411$ & $0.150251$ & $-0.0818487$ & $1$ & $-0.250385$ & $-0.302348$ & $0.0210293$ & $-0.113778$ & $-0.071628$ & $0.198056$ & $-0.140111$ & $-0.322439$ & $0.00128308$ & $0.0739364$ & $0.0157033$ & $-0.010458$ & $0.0416175$ & $0.0754901$ & $0.0447532$ & $-0.0708322$ & $0.0312991$ & $-0.100546$ & $0.029027$ & $0.102346$ & $-0.0361942$ & $0.00537575$ & $0.114113$ \\
CHd_11 & $-0.0725089$ & $0.151515$ & $0.170717$ & $0.0518559$ & $0.0317297$ & $-0.089007$ & $-0.128676$ & $0.250687$ & $0.250932$ & $-0.166651$ & $-0.258687$ & $0.125944$ & $0.210084$ & $0.139236$ & $-0.282698$ & $-0.194177$ & $0.092788$ & $0.192786$ & $0.147536$ & $0.215463$ & $0.310566$ & $0.311$ & $0.353097$ & $-0.125862$ & $0.295644$ & $-0.250385$ & $1$ & $0.145295$ & $-0.0150024$ & $0.12543$ & $0.104867$ & $-0.103753$ & $0.135906$ & $0.574649$ & $-0.101654$ & $-0.154116$ & $-0.0162993$ & $0.139087$ & $0.028597$ & $-0.105099$ & $-0.135981$ & $-0.0369341$ & $0.13045$ & $0.287112$ & $-0.0712186$ & $-0.0412445$ & $0.350583$ & $-0.312272$ & $-0.0599514$ \\
CHd_33 & $-0.0613015$ & $0.0169221$ & $-0.0360583$ & $0.0220335$ & $0.0151144$ & $-0.036987$ & $-0.145438$ & $0.363547$ & $0.357195$ & $-0.201871$ & $-0.405487$ & $0.0662348$ & $0.122742$ & $0.274683$ & $0.194927$ & $0.202116$ & $0.0800003$ & $0.00809057$ & $-0.000376052$ & $0.39842$ & $0.409157$ & $0.403383$ & $0.0557471$ & $-0.042144$ & $0.0148443$ & $-0.302348$ & $0.145295$ & $1$ & $-0.0178157$ & $0.0420327$ & $0.00108665$ & $-0.147223$ & $0.0567138$ & $0.178207$ & $0.0914384$ & $-0.0112826$ & $0.0978492$ & $0.0439509$ & $-0.027264$ & $0.0239628$ & $-0.0103355$ & $0.0681794$ & $0.0697408$ & $0.148734$ & $0.0520466$ & $-0.0388719$ & $0.100505$ & $0.0827134$ & $0.0100978$ \\
CeH_22r & $0.0785257$ & $-0.0439185$ & $0.129203$ & $-0.0370648$ & $0.00976949$ & $0.0102612$ & $-0.111106$ & $-0.0853648$ & $-0.0816599$ & $0.0154956$ & $0.0478841$ & $0.170441$ & $0.170666$ & $0.0345$ & $-0.0409306$ & $-0.0248036$ & $0.066592$ & $0.0831953$ & $0.0802449$ & $-0.0465425$ & $-0.0486448$ & $-0.0477395$ & $0.0325144$ & $0.0894572$ & $0.0833852$ & $0.0210293$ & $-0.0150024$ & $-0.0178157$ & $1$ & $0.152007$ & $0.0702588$ & $-0.0917915$ & $0.157255$ & $-0.0481215$ & $-0.0241663$ & $-0.0248204$ & $-0.0740919$ & $-0.0273041$ & $-0.161287$ & $-0.0485576$ & $0.00668024$ & $0.0389679$ & $-0.095875$ & $-0.00196965$ & $-0.0483954$ & $0.0871222$ & $-0.0727629$ & $0.0644183$ & $0.0108151$ \\
CeH_33r & $0.159455$ & $-0.0932043$ & $0.0762268$ & $0.165113$ & $0.00390405$ & $-0.0628104$ & $-0.419261$ & $-0.0202078$ & $-0.000641216$ & $-0.145566$ & $-0.128219$ & $0.590435$ & $0.600998$ & $0.248954$ & $-0.0160818$ & $0.0607828$ & $0.298612$ & $0.280176$ & $0.243803$ & $0.123308$ & $0.128088$ & $0.128538$ & $0.0744521$ & $0.205899$ & $0.296464$ & $-0.113778$ & $0.12543$ & $0.0420327$ & $0.152007$ & $1$ & $0.506505$ & $-0.226922$ & $0.836321$ & $0.0268385$ & $-0.0646602$ & $-0.125556$ & $-0.31866$ & $-0.0854962$ & $-0.215051$ & $-0.075432$ & $-0.248253$ & $0.117128$ & $-0.121338$ & $-0.120547$ & $0.11927$ & $0.0325983$ & $0.0765467$ & $-0.143749$ & $-0.238759$ \\
CuH_22r & $0.131709$ & $-0.0177084$ & $0.0149002$ & $0.177348$ & $0.0136558$ & $-0.0255576$ & $-0.26302$ & $-0.00456844$ & $0.0121904$ & $-0.122418$ & $-0.0913853$ & $0.345952$ & $0.376804$ & $0.163229$ & $-0.0377875$ & $0.0466648$ & $0.198846$ & $0.197903$ & $0.151715$ & $0.0859233$ & $0.0933961$ & $0.0921869$ & $0.0331416$ & $0.113535$ & $0.199047$ & $-0.071628$ & $0.104867$ & $0.00108665$ & $0.0702588$ & $0.506505$ & $1$ & $-0.127352$ & $0.576563$ & $0.0589018$ & $-0.0213443$ & $-0.235112$ & $-0.224532$ & $-0.0945417$ & $-0.0817548$ & $-0.0519672$ & $-0.326742$ & $0.109497$ & $-0.0176979$ & $-0.12931$ & $0.170026$ & $0.0994345$ & $0.13481$ & $-0.162693$ & $-0.216752$ \\
CuH_33r & $-0.151767$ & $0.175254$ & $-0.0630509$ & $0.0162434$ & $0.0154236$ & $0.0638436$ & $0.932352$ & $-0.204138$ & $-0.184491$ & $0.197545$ & $0.269595$ & $-0.436756$ & $-0.533173$ & $-0.203056$ & $-0.143393$ & $-0.156821$ & $-0.137692$ & $-0.061822$ & $-0.0585982$ & $-0.269461$ & $-0.269163$ & $-0.267721$ & $-0.0378468$ & $-0.00375632$ & $-0.0789398$ & $0.198056$ & $-0.103753$ & $-0.147223$ & $-0.0917915$ & $-0.226922$ & $-0.127352$ & $1$ & $-0.224$ & $-0.0819591$ & $-0.0469671$ & $0.0604243$ & $-0.0929075$ & $-0.0873971$ & $-0.0028983$ & $0.0448623$ & $0.0805797$ & $-0.142975$ & $-0.056965$ & $0.0179147$ & $0.0104773$ & $0.164033$ & $-0.265251$ & $-0.0545684$ & $0.203989$ \\
CdH_33r & $0.141643$ & $-0.142552$ & $0.0831528$ & $0.121737$ & $0.00379177$ & $-0.0515925$ & $-0.447259$ & $0.0119865$ & $0.0341514$ & $-0.202234$ & $-0.172875$ & $0.632631$ & $0.655186$ & $0.285806$ & $0.0193497$ & $0.0787301$ & $0.322559$ & $0.286749$ & $0.258485$ & $0.168274$ & $0.171807$ & $0.171021$ & $0.0636309$ & $0.20455$ & $0.313818$ & $-0.140111$ & $0.135906$ & $0.0567138$ & $0.157255$ & $0.836321$ & $0.576563$ & $-0.224$ & $1$ & $0.0258754$ & $-0.0548802$ & $-0.131413$ & $-0.321923$ & $-0.077326$ & $-0.212938$ & $-0.0933373$ & $-0.230344$ & $0.137603$ & $-0.176694$ & $-0.0687149$ & $0.10338$ & $0.01331$ & $0.0633429$ & $-0.0805662$ & $-0.144342$ \\
CLL_1221 & $-0.106281$ & $0.14939$ & $0.12332$ & $0.015418$ & $0.024323$ & $-0.087934$ & $-0.0815822$ & $0.457376$ & $0.454804$ & $-0.2677$ & $-0.337863$ & $0.00663535$ & $0.0781863$ & $-0.0345963$ & $-0.452233$ & $0.133017$ & $-0.109502$ & $0.0998714$ & $-0.288982$ & $0.292301$ & $0.393909$ & $0.397297$ & $0.191472$ & $-0.455325$ & $-0.161779$ & $-0.322439$ & $0.574649$ & $0.178207$ & $-0.0481215$ & $0.0268385$ & $0.0589018$ & $-0.0819591$ & $0.0258754$ & $1$ & $-0.026081$ & $-0.0716849$ & $0.0429094$ & $0.0550128$ & $0.0647032$ & $-0.0636802$ & $-0.0603313$ & $-0.0620269$ & $0.142187$ & $0.196421$ & $-0.0795059$ & $-0.0464787$ & $0.219293$ & $-0.146812$ & $-0.066365$ \\
eHggint & $-0.0965957$ & $-0.498515$ & $-0.616368$ & $0.194958$ & $0.00533232$ & $-0.112316$ & $-0.0417048$ & $0.0172327$ & $0.0114176$ & $-0.0213646$ & $-0.0552094$ & $0.111951$ & $0.0475426$ & $0.0640757$ & $0.0508908$ & $0.0579056$ & $0.0799955$ & $0.0439435$ & $0.0391586$ & $0.0543801$ & $0.0481445$ & $0.0429702$ & $-0.0849445$ & $0.0747715$ & $0.0146671$ & $0.00128308$ & $-0.101654$ & $0.0914384$ & $-0.0241663$ & $-0.0646602$ & $-0.0213443$ & $-0.0469671$ & $-0.0548802$ & $-0.026081$ & $1$ & $-0.0914532$ & $0.367267$ & $-0.0750045$ & $0.0864813$ & $-0.00146551$ & $0.0231149$ & $0.0426433$ & $0.140474$ & $0.051628$ & $0.338697$ & $-0.329268$ & $0.327362$ & $0.102426$ & $0.0682637$ \\
eHggpar & $0.437837$ & $0.284261$ & $0.0178147$ & $-0.306459$ & $-0.016228$ & $-0.0684197$ & $0.0866855$ & $-0.104427$ & $-0.121412$ & $0.120358$ & $0.0856535$ & $-0.106832$ & $-0.108503$ & $-0.00491681$ & $-0.0418432$ & $0.0234283$ & $0.00977865$ & $0.0497637$ & $0.00555904$ & $-0.0777917$ & $-0.0923264$ & $-0.0856778$ & $-0.0596719$ & $0.0888306$ & $-0.00675777$ & $0.0739364$ & $-0.154116$ & $-0.0112826$ & $-0.0248204$ & $-0.125556$ & $-0.235112$ & $0.0604243$ & $-0.131413$ & $-0.0716849$ & $-0.0914532$ & $1$ & $-0.0148911$ & $0.0738284$ & $-0.0717184$ & $0.0535693$ & $0.355724$ & $-0.181766$ & $-0.414237$ & $-0.145869$ & $-0.323007$ & $-0.0417196$ & $-0.129559$ & $0.399868$ & $0.31454$ \\
eHWWint & $0.112648$ & $-0.176972$ & $-0.174055$ & $-0.284991$ & $-0.0382529$ & $-0.0955826$ & $-0.00152331$ & $0.0971074$ & $0.0877724$ & $-0.0838314$ & $0.0114813$ & $-0.155023$ & $-0.166724$ & $-0.177792$ & $0.056508$ & $-0.0411852$ & $-0.182422$ & $-0.226665$ & $-0.171152$ & $-0.0160533$ & $-0.00832734$ & $-0.0120521$ & $-0.0256991$ & $-0.174707$ & $-0.224977$ & $0.0157033$ & $-0.0162993$ & $0.0978492$ & $-0.0740919$ & $-0.31866$ & $-0.224532$ & $-0.0929075$ & $-0.321923$ & $0.0429094$ & $0.367267$ & $-0.0148911$ & $1$ & $0.174116$ & $0.197866$ & $0.0345053$ & $0.292771$ & $0.0187426$ & $0.293197$ & $0.365472$ & $-0.282517$ & $-0.222248$ & $0.272712$ & $0.400283$ & $0.00967288$ \\
eHWWpar & $-0.0641234$ & $-0.154349$ & $0.0757335$ & $-0.193264$ & $-0.0193154$ & $-0.0501136$ & $-0.0479596$ & $0.0907292$ & $0.0855221$ & $-0.0559398$ & $-0.0715128$ & $-0.033151$ & $0.00719988$ & $0.0116745$ & $0.0287155$ & $-0.0247797$ & $-0.0330391$ & $-0.0449781$ & $-0.00989301$ & $0.0670807$ & $0.0766587$ & $0.0771928$ & $0.00145746$ & $-0.0740204$ & $-0.00779045$ & $-0.010458$ & $0.139087$ & $0.0439509$ & $-0.0273041$ & $-0.0854962$ & $-0.0945417$ & $-0.0873971$ & $-0.077326$ & $0.0550128$ & $-0.0750045$ & $0.0738284$ & $0.174116$ & $1$ & $-0.0118239$ & $-0.0201617$ & $0.267078$ & $-0.0587106$ & $-0.0735553$ & $0.175975$ & $-0.159364$ & $-0.147698$ & $0.0828467$ & $0.0925808$ & $0.151761$ \\
eHZZint & $-0.0872042$ & $0.0130996$ & $-0.41659$ & $0.168495$ & $-0.0498035$ & $-0.00815673$ & $0.039805$ & $0.034951$ & $0.0318566$ & $-0.0296223$ & $0.0546482$ & $-0.272544$ & $-0.232893$ & $-0.160686$ & $-0.0292115$ & $-0.0941585$ & $-0.153623$ & $-0.14864$ & $-0.111252$ & $-0.0602002$ & $-0.0466301$ & $-0.0495118$ & $-0.00315665$ & $-0.131053$ & $-0.160378$ & $0.0416175$ & $0.028597$ & $-0.027264$ & $-0.161287$ & $-0.215051$ & $-0.0817548$ & $-0.0028983$ & $-0.212938$ & $0.0647032$ & $0.0864813$ & $-0.0717184$ & $0.197866$ & $-0.0118239$ & $1$ & $0.199419$ & $-0.271795$ & $-0.212663$ & $0.292711$ & $0.00591581$ & $0.166617$ & $-0.106539$ & $0.522915$ & $-0.128432$ & $0.0312639$ \\
eHZZpar & $0.0827069$ & $0.129776$ & $-0.234433$ & $0.0871352$ & $-0.0151229$ & $-0.0604363$ & $0.0657329$ & $-0.0311588$ & $-0.0289764$ & $0.0215803$ & $0.0621888$ & $-0.175586$ & $-0.167053$ & $-0.103747$ & $0.046157$ & $-9.70554e-05$ & $-0.043526$ & $-0.0902327$ & $-0.0575674$ & $-0.0587324$ & $-0.0667245$ & $-0.0678142$ & $-0.0685461$ & $-0.0118896$ & $-0.0845367$ & $0.0754901$ & $-0.105099$ & $0.0239628$ & $-0.0485576$ & $-0.075432$ & $-0.0519672$ & $0.0448623$ & $-0.0933373$ & $-0.0636802$ & $-0.00146551$ & $0.0535693$ & $0.0345053$ & $-0.0201617$ & $0.199419$ & $1$ & $0.00468249$ & $-0.0829532$ & $0.0703257$ & $-0.0537231$ & $0.0872563$ & $0.208832$ & $-0.0592005$ & $-0.0486286$ & $0.0337175$ \\
eHZgaint & $-0.0110886$ & $-0.209089$ & $0.0797349$ & $-0.425632$ & $-0.0194367$ & $0.0709572$ & $0.143672$ & $0.0640988$ & $0.0535502$ & $0.00687651$ & $0.0150958$ & $-0.162407$ & $-0.150223$ & $-0.0941455$ & $0.0944798$ & $0.078096$ & $-0.179481$ & $-0.188486$ & $-0.186319$ & $-0.00810131$ & $-0.0247826$ & $-0.0225334$ & $-0.0844144$ & $-0.135732$ & $-0.190482$ & $0.0447532$ & $-0.135981$ & $-0.0103355$ & $0.00668024$ & $-0.248253$ & $-0.326742$ & $0.0805797$ & $-0.230344$ & $-0.0603313$ & $0.0231149$ & $0.355724$ & $0.292771$ & $0.267078$ & $-0.271795$ & $0.00468249$ & $1$ & $-0.0193482$ & $-0.102901$ & $0.56478$ & $-0.477146$ & $-0.240941$ & $-0.438228$ & $0.403667$ & $0.310049$ \\
eHZgapar & $0.113504$ & $-0.10687$ & $0.0557915$ & $0.0363918$ & $-0.0316238$ & $-0.0525866$ & $-0.15242$ & $0.0961563$ & $0.0973769$ & $-0.0583446$ & $-0.143174$ & $0.17888$ & $0.186963$ & $0.111238$ & $0.168971$ & $0.0983836$ & $0.0911148$ & $-0.000961216$ & $0.0455373$ & $0.149678$ & $0.133975$ & $0.132652$ & $-0.0681899$ & $0.0263544$ & $0.0375428$ & $-0.0708322$ & $-0.0369341$ & $0.0681794$ & $0.0389679$ & $0.117128$ & $0.109497$ & $-0.142975$ & $0.137603$ & $-0.0620269$ & $0.0426433$ & $-0.181766$ & $0.0187426$ & $-0.0587106$ & $-0.212663$ & $-0.0829532$ & $-0.0193482$ & $1$ & $0.0125552$ & $-0.0127438$ & $0.0695972$ & $0.135568$ & $-0.0482034$ & $0.103418$ & $-0.108519$ \\
eHgagaint & $-0.391019$ & $0.0873493$ & $-0.297544$ & $0.316554$ & $0.0114543$ & $0.00660261$ & $-0.0344505$ & $0.117744$ & $0.126532$ & $-0.0916038$ & $0.0471196$ & $-0.0608451$ & $-0.0467594$ & $-0.269802$ & $-0.0206173$ & $-0.070623$ & $-0.279614$ & $-0.284283$ & $-0.26373$ & $-0.0555966$ & $-0.0344662$ & $-0.0430863$ & $0.0416917$ & $-0.276268$ & $-0.255864$ & $0.0312991$ & $0.13045$ & $0.0697408$ & $-0.095875$ & $-0.121338$ & $-0.0176979$ & $-0.056965$ & $-0.176694$ & $0.142187$ & $0.140474$ & $-0.414237$ & $0.293197$ & $-0.0735553$ & $0.292711$ & $0.0703257$ & $-0.102901$ & $0.0125552$ & $1$ & $0.346067$ & $0.321669$ & $-0.161348$ & $0.331656$ & $-0.281327$ & $-0.321006$ \\
eHmumuint & $-0.322292$ & $-0.235135$ & $0.00638301$ & $-0.250336$ & $-0.00574742$ & $0.0445502$ & $0.0329704$ & $0.23363$ & $0.234434$ & $-0.169366$ & $-0.127857$ & $-0.0169125$ & $0.0471656$ & $-0.0798362$ & $0.0343405$ & $0.0157777$ & $-0.180621$ & $-0.189827$ & $-0.184493$ & $0.116959$ & $0.139822$ & $0.141034$ & $0.0881087$ & $-0.251605$ & $-0.126455$ & $-0.100546$ & $0.287112$ & $0.148734$ & $-0.00196965$ & $-0.120547$ & $-0.12931$ & $0.0179147$ & $-0.0687149$ & $0.196421$ & $0.051628$ & $-0.145869$ & $0.365472$ & $0.175975$ & $0.00591581$ & $-0.0537231$ & $0.56478$ & $-0.0127438$ & $0.346067$ & $1$ & $-0.283878$ & $-0.345093$ & $-0.0468051$ & $0.21686$ & $0.296576$ \\
eHtautauint & $-0.320138$ & $-0.0155045$ & $-0.611399$ & $0.697187$ & $0.0174932$ & $-0.0424877$ & $-0.037043$ & $-0.0446217$ & $-0.0352677$ & $0.057909$ & $-0.0271328$ & $0.0891614$ & $0.0629962$ & $0.0785476$ & $0.0621529$ & $0.0882932$ & $0.148588$ & $0.0941827$ & $0.0789769$ & $0.0337613$ & $0.0172936$ & $0.0116006$ & $-0.0750965$ & $0.170957$ & $0.109263$ & $0.029027$ & $-0.0712186$ & $0.0520466$ & $-0.0483954$ & $0.11927$ & $0.170026$ & $0.0104773$ & $0.10338$ & $-0.0795059$ & $0.338697$ & $-0.323007$ & $-0.282517$ & $-0.159364$ & $0.166617$ & $0.0872563$ & $-0.477146$ & $0.0695972$ & $0.321669$ & $-0.283878$ & $1$ & $-0.0136479$ & $0.231814$ & $-0.495415$ & $-0.211586$ \\
eHccint & $0.298307$ & $0.354236$ & $0.290285$ & $-0.105338$ & $-0.0145059$ & $0.0550398$ & $0.150045$ & $-0.0796483$ & $-0.0717986$ & $0.0733117$ & $0.115961$ & $-0.0738286$ & $-0.096494$ & $-0.103047$ & $-0.0401828$ & $-0.106506$ & $-0.0712452$ & $-0.0578079$ & $-0.0114265$ & $-0.115077$ & $-0.112302$ & $-0.11455$ & $-0.0403951$ & $-0.0412285$ & $-0.0550507$ & $0.102346$ & $-0.0412445$ & $-0.0388719$ & $0.0871222$ & $0.0325983$ & $0.0994345$ & $0.164033$ & $0.01331$ & $-0.0464787$ & $-0.329268$ & $-0.0417196$ & $-0.222248$ & $-0.147698$ & $-0.106539$ & $0.208832$ & $-0.240941$ & $0.135568$ & $-0.161348$ & $-0.345093$ & $-0.0136479$ & $1$ & $-0.12125$ & $0.0841627$ & $-0.0322488$ \\
eHccpar & $0.138438$ & $-0.0928348$ & $-0.323115$ & $0.24109$ & $-0.0410599$ & $-0.165389$ & $-0.272682$ & $0.0270806$ & $0.0228211$ & $-0.0758314$ & $-0.0161873$ & $0.177105$ & $0.208706$ & $-0.0460059$ & $-0.153822$ & $-0.161374$ & $0.0419529$ & $0.0621935$ & $0.0707504$ & $-0.0045969$ & $0.0376518$ & $0.033824$ & $0.122722$ & $-0.0212567$ & $0.086888$ & $-0.0361942$ & $0.350583$ & $0.100505$ & $-0.0727629$ & $0.0765467$ & $0.13481$ & $-0.265251$ & $0.0633429$ & $0.219293$ & $0.327362$ & $-0.129559$ & $0.272712$ & $0.0828467$ & $0.522915$ & $-0.0592005$ & $-0.438228$ & $-0.0482034$ & $0.331656$ & $-0.0468051$ & $0.231814$ & $-0.12125$ & $1$ & $-0.0835794$ & $-0.0860466$ \\
eHbbint & $0.363851$ & $-0.192091$ & $0.104055$ & $-0.630894$ & $-0.0289602$ & $0.0416883$ & $-0.0158438$ & $0.10504$ & $0.0935051$ & $-0.0447826$ & $-0.038725$ & $0.0858462$ & $0.0691562$ & $-0.0441137$ & $0.210149$ & $0.11172$ & $-0.173672$ & $-0.227896$ & $-0.173753$ & $0.0523516$ & $0.0215035$ & $0.0243616$ & $-0.140473$ & $-0.136703$ & $-0.259278$ & $0.00537575$ & $-0.312272$ & $0.0827134$ & $0.0644183$ & $-0.143749$ & $-0.162693$ & $-0.0545684$ & $-0.0805662$ & $-0.146812$ & $0.102426$ & $0.399868$ & $0.400283$ & $0.0925808$ & $-0.128432$ & $-0.0486286$ & $0.403667$ & $0.103418$ & $-0.281327$ & $0.21686$ & $-0.495415$ & $0.0841627$ & $-0.0835794$ & $1$ & $0.459053$ \\
eHbbpar & $-0.112606$ & $-0.221881$ & $0.0373785$ & $-0.439904$ & $-0.0324431$ & $0.0652832$ & $0.231506$ & $0.0174249$ & $0.00931944$ & $0.0335725$ & $0.0722405$ & $-0.195459$ & $-0.199198$ & $-0.134474$ & $0.0506268$ & $-0.0465807$ & $-0.192908$ & $-0.191078$ & $-0.135496$ & $-0.068123$ & $-0.0754726$ & $-0.0725193$ & $-0.0841448$ & $-0.114289$ & $-0.171567$ & $0.114113$ & $-0.0599514$ & $0.0100978$ & $0.0108151$ & $-0.238759$ & $-0.216752$ & $0.203989$ & $-0.144342$ & $-0.066365$ & $0.0682637$ & $0.31454$ & $0.00967288$ & $0.151761$ & $0.0312639$ & $0.0337175$ & $0.310049$ & $-0.108519$ & $-0.321006$ & $0.296576$ & $-0.211586$ & $-0.0322488$ & $-0.0860466$ & $0.459053$ & $1$ \\
