 & AlsMz & dAle5Mz & mtop & mHl & Mz & CW & CHG & CHWB & CHWHB_gaga & CHWHB_gagaorth & CHD & CHbox & CH & CHL1_11 & CHL1_22 & CHL1_33 & CHL3_11 & CHL3_22 & CHL3_33 & CHe_11 & CHe_22 & CHe_33 & CHQ1_11 & CHQ1_33 & CHQ3_11 & CHu_11 & CHd_11 & CHd_33 & CeH_22r & CeH_33r & CuH_22r & CuH_33r & CdH_33r & CLL_1221 & eHggint & eHggpar & eHWWint & eHWWpar & eHZZint & eHZZpar & eHZgaint & eHZgapar & eHgagaint & eHmumuint & eHtautauint & eHccint & eHccpar & eHbbint & eHbbpar \\
AlsMz & $1$ & $0.129131$ & $-0.115585$ & $-0.0381349$ & $-0.0228004$ & $0.0726898$ & $-0.104428$ & $-0.0121108$ & $-0.0257163$ & $0.0268671$ & $0.00410759$ & $0.0512726$ & $0.0391814$ & $0.0131438$ & $0.153608$ & $0.135167$ & $-0.0304996$ & $-0.0844656$ & $-0.0711123$ & $0.0116109$ & $-0.0275387$ & $-0.0232355$ & $-0.0215569$ & $0.0261421$ & $-0.137484$ & $-0.051403$ & $-0.298169$ & $0.0584716$ & $0.0236131$ & $-0.0337173$ & $-0.109112$ & $-0.107204$ & $-0.0171385$ & $-0.158505$ & $0.0348475$ & $0.298632$ & $0.100232$ & $-0.156639$ & $0.242063$ & $-0.0840543$ & $0.0326963$ & $-0.166162$ & $-0.342107$ & $-0.335469$ & $-0.120764$ & $-0.212274$ & $-0.432125$ & $0.160934$ & $0.116253$ \\
dAle5Mz & $0.129131$ & $1$ & $0.0444726$ & $-0.271574$ & $-0.0318115$ & $-0.0325295$ & $0.139388$ & $0.0203287$ & $0.0227632$ & $-0.041499$ & $-0.0475141$ & $-0.0947689$ & $-0.0928468$ & $0.0486797$ & $-0.0111404$ & $-0.0628928$ & $0.0651595$ & $0.0437846$ & $0.0794432$ & $0.0447425$ & $0.0590925$ & $0.0557519$ & $0.0870845$ & $-0.0123548$ & $0.082351$ & $-0.0602151$ & $0.134826$ & $-0.0138931$ & $0.0616761$ & $-0.00142117$ & $0.0751669$ & $0.154489$ & $0.00251018$ & $0.046544$ & $0.0654448$ & $0.0785685$ & $0.128075$ & $0.0514662$ & $0.463346$ & $-0.0861813$ & $-0.0910779$ & $-0.0806684$ & $-0.179673$ & $0.139551$ & $0.544264$ & $-0.12644$ & $0.189828$ & $-0.111986$ & $0.0400926$ \\
mtop & $-0.115585$ & $0.0444726$ & $1$ & $-0.0365106$ & $0.0565062$ & $-0.124277$ & $-0.135109$ & $0.230241$ & $0.21917$ & $-0.186425$ & $-0.16104$ & $-0.11095$ & $0.0246159$ & $-0.056395$ & $0.0123344$ & $-0.00689424$ & $-0.10758$ & $-0.128725$ & $-0.110303$ & $0.147028$ & $0.179335$ & $0.182961$ & $0.0461271$ & $-0.214054$ & $-0.100371$ & $-0.103315$ & $0.241921$ & $0.0791758$ & $-0.00900629$ & $-0.0819719$ & $-0.0394839$ & $-0.166172$ & $-0.080487$ & $0.20162$ & $-0.234041$ & $0.157238$ & $0.421437$ & $0.0448921$ & $0.488624$ & $-0.0998841$ & $-0.53004$ & $0.154984$ & $0.100152$ & $0.0411225$ & $0.28271$ & $-0.307378$ & $-0.0736838$ & $0.157742$ & $-0.0857478$ \\
mHl & $-0.0381349$ & $-0.271574$ & $-0.0365106$ & $1$ & $0.00660504$ & $0.0794612$ & $0.0292272$ & $-0.124846$ & $-0.122997$ & $0.11223$ & $0.104038$ & $0.12111$ & $-0.0115329$ & $-0.000159814$ & $0.098658$ & $0.11398$ & $0.00680438$ & $-0.019016$ & $-0.0297555$ & $-0.0841502$ & $-0.128839$ & $-0.119967$ & $-0.0809164$ & $0.11188$ & $-0.0728055$ & $0.059761$ & $-0.374819$ & $0.000415748$ & $-0.0156487$ & $0.046228$ & $-0.0496231$ & $0.0521798$ & $0.0800566$ & $-0.209539$ & $0.280781$ & $0.141843$ & $-0.136332$ & $0.123349$ & $-0.250046$ & $-0.0259736$ & $0.327425$ & $-0.0679089$ & $-0.319739$ & $-0.384162$ & $0.00322474$ & $-0.362656$ & $-0.52038$ & $0.312594$ & $0.177478$ \\
Mz & $-0.0228004$ & $-0.0318115$ & $0.0565062$ & $0.00660504$ & $1$ & $-0.0381807$ & $0.0502466$ & $0.0140217$ & $0.0136112$ & $-0.0326693$ & $0.0196517$ & $-0.0413286$ & $-0.0423629$ & $-0.0456408$ & $-0.00303236$ & $-0.0209362$ & $-0.0399349$ & $-0.0462584$ & $-0.0319715$ & $-0.0163245$ & $-0.00510413$ & $-0.00621694$ & $0.0407715$ & $-0.0418162$ & $-0.0293703$ & $-0.0213521$ & $0.0397144$ & $0.0003514$ & $-0.0059318$ & $-0.019083$ & $0.00687801$ & $0.0531598$ & $-0.0195161$ & $0.0147599$ & $0.0196381$ & $0.0605927$ & $0.0503078$ & $0.0119605$ & $0.0170951$ & $-0.03148$ & $0.0423379$ & $0.0203092$ & $-0.0267066$ & $-0.037465$ & $-0.0146949$ & $-0.0601398$ & $0.0123837$ & $0.080687$ & $0.0368411$ \\
CW & $0.0726898$ & $-0.0325295$ & $-0.124277$ & $0.0794612$ & $-0.0381807$ & $1$ & $-0.010748$ & $-0.148363$ & $-0.153238$ & $0.043767$ & $0.165753$ & $0.0219341$ & $-0.00542296$ & $0.0922234$ & $-0.0701638$ & $-0.0139896$ & $-0.198981$ & $0.0219153$ & $-0.0157639$ & $-0.15725$ & $-0.178596$ & $-0.171724$ & $-0.0369547$ & $0.0691405$ & $-0.0371862$ & $0.0935077$ & $-0.169389$ & $-0.0903532$ & $-0.000768846$ & $-0.0513848$ & $-0.0561373$ & $-0.0209208$ & $-0.0593321$ & $-0.161405$ & $0.060231$ & $0.0217432$ & $-0.0364129$ & $0.0981846$ & $-0.0933259$ & $0.0221011$ & $0.0993746$ & $0.00341678$ & $-0.0505023$ & $0.0261274$ & $-0.0325508$ & $0.0281445$ & $-0.0430165$ & $-0.0153658$ & $0.0533176$ \\
CHG & $-0.104428$ & $0.139388$ & $-0.135109$ & $0.0292272$ & $0.0502466$ & $-0.010748$ & $1$ & $-0.0958868$ & $-0.036432$ & $0.0543425$ & $0.0322589$ & $-0.114341$ & $-0.343044$ & $0.0895782$ & $-0.0434918$ & $0.00701351$ & $0.128596$ & $0.143482$ & $0.104284$ & $-0.0295999$ & $-0.0353854$ & $-0.0333275$ & $0.0514518$ & $0.126688$ & $0.118752$ & $-0.0252112$ & $-0.058051$ & $-0.031671$ & $0.00622652$ & $-0.118658$ & $-0.0535116$ & $0.948825$ & $-0.148339$ & $-0.0393611$ & $0.143071$ & $0.0556357$ & $0.0454451$ & $0.0588799$ & $-0.0381614$ & $-0.107507$ & $0.196392$ & $0.0399599$ & $-0.129481$ & $0.00468019$ & $0.0964829$ & $0.0185308$ & $0.193443$ & $0.0536756$ & $0.240172$ \\
CHWB & $-0.0121108$ & $0.0203287$ & $0.230241$ & $-0.124846$ & $0.0140217$ & $-0.148363$ & $-0.0958868$ & $1$ & $0.982109$ & $-0.557168$ & $-0.887684$ & $-0.19054$ & $0.284317$ & $0.11344$ & $0.418$ & $0.414749$ & $-0.208832$ & $-0.452281$ & $-0.458682$ & $0.868992$ & $0.897174$ & $0.880718$ & $0.0155224$ & $-0.658035$ & $-0.470135$ & $-0.510806$ & $0.348564$ & $0.292419$ & $-0.0170931$ & $0.0688313$ & $0.0856098$ & $-0.106269$ & $0.0659843$ & $0.517407$ & $-0.173146$ & $-0.0163549$ & $0.169984$ & $-0.0251583$ & $0.080154$ & $-0.0674869$ & $-0.248579$ & $-0.0196497$ & $0.0488591$ & $-0.0353874$ & $-0.0596515$ & $-0.0560161$ & $-0.0348526$ & $-0.0336984$ & $-0.110674$ \\
CHWHB_gaga & $-0.0257163$ & $0.0227632$ & $0.21917$ & $-0.122997$ & $0.0136112$ & $-0.153238$ & $-0.036432$ & $0.982109$ & $1$ & $-0.546995$ & $-0.870405$ & $-0.172605$ & $0.27921$ & $0.104742$ & $0.41377$ & $0.412397$ & $-0.205523$ & $-0.448265$ & $-0.456051$ & $0.85292$ & $0.879193$ & $0.863548$ & $0.0170393$ & $-0.646644$ & $-0.4658$ & $-0.503181$ & $0.337237$ & $0.28602$ & $-0.0080016$ & $0.0898262$ & $0.0998177$ & $-0.0547703$ & $0.0899909$ & $0.507444$ & $-0.172434$ & $-0.0218237$ & $0.161597$ & $-0.0278056$ & $0.0682177$ & $-0.073361$ & $-0.237341$ & $-0.0133942$ & $0.0573924$ & $-0.0356322$ & $-0.0598065$ & $-0.0428078$ & $-0.0209175$ & $-0.0368171$ & $-0.099317$ \\
CHWHB_gagaorth & $0.0268671$ & $-0.041499$ & $-0.186425$ & $0.11223$ & $-0.0326693$ & $0.043767$ & $0.0543425$ & $-0.557168$ & $-0.546995$ & $1$ & $0.358469$ & $0.596067$ & $-0.158302$ & $0.192929$ & $-0.160632$ & $-0.144324$ & $0.402014$ & $0.45355$ & $0.437103$ & $-0.348226$ & $-0.37439$ & $-0.373624$ & $-0.018974$ & $0.536946$ & $0.469595$ & $0.208261$ & $-0.244188$ & $-0.117572$ & $0.0332308$ & $-0.0865876$ & $-0.0802856$ & $0.0804774$ & $-0.0952062$ & $-0.340185$ & $0.0468934$ & $0.0314205$ & $-0.0463192$ & $0.0167813$ & $-0.0503863$ & $0.117235$ & $0.195964$ & $-0.0621456$ & $-0.0607809$ & $0.0329024$ & $0.0373713$ & $0.036385$ & $-0.00594219$ & $-0.019014$ & $0.0420791$ \\
CHD & $0.00410759$ & $-0.0475141$ & $-0.16104$ & $0.104038$ & $0.0196517$ & $0.165753$ & $0.0322589$ & $-0.887684$ & $-0.870405$ & $0.358469$ & $1$ & $0.24532$ & $-0.12775$ & $-0.51062$ & $-0.483047$ & $-0.47111$ & $-0.227945$ & $0.0904519$ & $0.0987842$ & $-0.991776$ & $-0.992565$ & $-0.970298$ & $0.00711209$ & $0.314966$ & $0.072082$ & $0.564979$ & $-0.278687$ & $-0.307946$ & $0.0182306$ & $-0.0428343$ & $-0.0604424$ & $0.0472729$ & $-0.0276392$ & $-0.358445$ & $0.163825$ & $0.0209427$ & $-0.164452$ & $0.0219629$ & $-0.0785134$ & $0.0114349$ & $0.203788$ & $0.0158769$ & $-0.0475792$ & $-0.00207024$ & $0.0252035$ & $0.0143076$ & $0.0488965$ & $0.106015$ & $0.120111$ \\
CHbox & $0.0512726$ & $-0.0947689$ & $-0.11095$ & $0.12111$ & $-0.0413286$ & $0.0219341$ & $-0.114341$ & $-0.19054$ & $-0.172605$ & $0.596067$ & $0.24532$ & $1$ & $0.264521$ & $-0.217413$ & $0.0214045$ & $0.0370437$ & $-0.126092$ & $-0.113504$ & $-0.12149$ & $-0.218777$ & $-0.262897$ & $-0.25669$ & $-0.0184841$ & $0.055536$ & $-0.10379$ & $0.13524$ & $-0.23034$ & $-0.0417948$ & $0.0830549$ & $0.25532$ & $0.0466979$ & $-0.0329928$ & $0.34704$ & $-0.186659$ & $0.00618101$ & $0.0254423$ & $-0.0476248$ & $0.0139979$ & $-0.064085$ & $0.110343$ & $0.160528$ & $-0.144129$ & $-0.0709856$ & $-0.0953187$ & $-0.0503674$ & $-0.0246721$ & $-0.0667544$ & $0.0722601$ & $0.103159$ \\
CH & $0.0391814$ & $-0.0928468$ & $0.0246159$ & $-0.0115329$ & $-0.0423629$ & $-0.00542296$ & $-0.343044$ & $0.284317$ & $0.27921$ & $-0.158302$ & $-0.12775$ & $0.264521$ & $1$ & $-0.236856$ & $0.164672$ & $0.169023$ & $-0.324562$ & $-0.380185$ & $-0.381613$ & $0.13859$ & $0.123295$ & $0.121719$ & $-0.0644754$ & $-0.320863$ & $-0.383604$ & $-0.0474081$ & $-0.0148096$ & $0.0715179$ & $0.0272699$ & $0.269003$ & $0.0966815$ & $-0.297881$ & $0.371634$ & $0.102713$ & $-0.0962942$ & $-0.0346087$ & $0.0270872$ & $-0.00567709$ & $0.00392638$ & $0.0379489$ & $-0.0712064$ & $-0.0700012$ & $0.00525372$ & $-0.0608295$ & $-0.0703706$ & $-0.0182826$ & $-0.0898088$ & $0.0364501$ & $0.0685665$ \\
CHL1_11 & $0.0131438$ & $0.0486797$ & $-0.056395$ & $-0.000159814$ & $-0.0456408$ & $0.0922234$ & $0.0895782$ & $0.11344$ & $0.104742$ & $0.192929$ & $-0.51062$ & $-0.217413$ & $-0.236856$ & $1$ & $0.203446$ & $0.192876$ & $0.646756$ & $0.599776$ & $0.589302$ & $0.516845$ & $0.484785$ & $0.468173$ & $-0.0472094$ & $0.446151$ & $0.623279$ & $-0.272191$ & $-0.0104008$ & $0.115704$ & $-0.0195791$ & $-0.0515104$ & $-0.0423519$ & $0.0678791$ & $-0.0908372$ & $-0.165305$ & $-0.0319052$ & $-0.0243094$ & $0.0551409$ & $0.0258345$ & $0.0141387$ & $0.0782917$ & $-0.011747$ & $0.0216167$ & $0.0205921$ & $0.0801105$ & $0.0424695$ & $0.0712173$ & $-0.0355576$ & $-0.165931$ & $-0.0662536$ \\
CHL1_22 & $0.153608$ & $-0.0111404$ & $0.0123344$ & $0.098658$ & $-0.00303236$ & $-0.0701638$ & $-0.0434918$ & $0.418$ & $0.41377$ & $-0.160632$ & $-0.483047$ & $0.0214045$ & $0.164672$ & $0.203446$ & $1$ & $0.415092$ & $0.0816224$ & $-0.525772$ & $-0.106495$ & $0.534488$ & $0.414475$ & $0.401809$ & $-0.0724766$ & $-0.0213305$ & $-0.154533$ & $-0.252149$ & $-0.285963$ & $0.155153$ & $0.0224363$ & $0.0561744$ & $0.00624906$ & $-0.0399007$ & $0.085371$ & $-0.529038$ & $0.00732691$ & $0.0280726$ & $-6.5504e-05$ & $-0.026228$ & $0.000102853$ & $0.102734$ & $0.00261222$ & $-0.101982$ & $-0.0524574$ & $-0.14602$ & $-0.0625327$ & $-0.0547961$ & $-0.283913$ & $0.00318507$ & $0.0781029$ \\
CHL1_33 & $0.135167$ & $-0.0628928$ & $-0.00689424$ & $0.11398$ & $-0.0209362$ & $-0.0139896$ & $0.00701351$ & $0.414749$ & $0.412397$ & $-0.144324$ & $-0.47111$ & $0.0370437$ & $0.169023$ & $0.192876$ & $0.415092$ & $1$ & $0.0586334$ & $-0.10869$ & $-0.528687$ & $0.520533$ & $0.403206$ & $0.424076$ & $-0.0745025$ & $-0.0131921$ & $-0.171452$ & $-0.254139$ & $-0.288421$ & $0.130015$ & $0.0107555$ & $0.0857388$ & $0.0130433$ & $0.0211172$ & $0.111463$ & $0.0310896$ & $-0.0114731$ & $0.0218225$ & $0.055153$ & $0.0115737$ & $0.0176947$ & $0.0845134$ & $0.039459$ & $-0.0741636$ & $-0.137381$ & $-0.19158$ & $-0.0330413$ & $-0.0896649$ & $-0.268377$ & $0.0324073$ & $0.146825$ \\
CHL3_11 & $-0.0304996$ & $0.0651595$ & $-0.10758$ & $0.00680438$ & $-0.0399349$ & $-0.198981$ & $0.128596$ & $-0.208832$ & $-0.205523$ & $0.402014$ & $-0.227945$ & $-0.126092$ & $-0.324562$ & $0.646756$ & $0.0816224$ & $0.0586334$ & $1$ & $0.72944$ & $0.729741$ & $0.235312$ & $0.21157$ & $0.197807$ & $-0.0187298$ & $0.642728$ & $0.808641$ & $-0.119855$ & $-0.0416482$ & $0.0466487$ & $0.00126907$ & $-0.0459619$ & $-0.0264385$ & $0.121664$ & $-0.0684998$ & $-0.174956$ & $-0.00915861$ & $-0.014083$ & $-0.00303799$ & $-0.0214525$ & $0.0105632$ & $0.0959349$ & $0.066557$ & $0.0170948$ & $0.0236449$ & $0.100031$ & $0.0757592$ & $0.089269$ & $0.0268548$ & $-0.145086$ & $-0.0507263$ \\
CHL3_22 & $-0.0844656$ & $0.0437846$ & $-0.128725$ & $-0.019016$ & $-0.0462584$ & $0.0219153$ & $0.143482$ & $-0.452281$ & $-0.448265$ & $0.45355$ & $0.0904519$ & $-0.113504$ & $-0.380185$ & $0.599776$ & $-0.525772$ & $-0.10869$ & $0.72944$ & $1$ & $0.682084$ & $-0.0998999$ & $-0.0781199$ & $-0.0779305$ & $0.0017583$ & $0.630256$ & $0.808604$ & $0.0539196$ & $0.0470066$ & $-0.0667877$ & $-0.0178191$ & $-0.0797055$ & $-0.0499758$ & $0.132958$ & $-0.120277$ & $0.0754368$ & $0.0109994$ & $-0.0274516$ & $-0.00569328$ & $0.0255444$ & $-0.00510783$ & $0.0377953$ & $0.079056$ & $0.0739786$ & $0.0267496$ & $0.153691$ & $0.0985341$ & $0.107018$ & $0.147018$ & $-0.12927$ & $-0.060369$ \\
CHL3_33 & $-0.0711123$ & $0.0794432$ & $-0.110303$ & $-0.0297555$ & $-0.0319715$ & $-0.0157639$ & $0.104284$ & $-0.458682$ & $-0.456051$ & $0.437103$ & $0.0987842$ & $-0.12149$ & $-0.381613$ & $0.589302$ & $-0.106495$ & $-0.528687$ & $0.729741$ & $0.682084$ & $1$ & $-0.107159$ & $-0.0846077$ & $-0.0878546$ & $0.00315188$ & $0.617867$ & $0.813023$ & $0.0671004$ & $0.0538828$ & $-0.0565867$ & $-0.00733388$ & $-0.0979666$ & $-0.0517954$ & $0.0855148$ & $-0.139106$ & $-0.338845$ & $0.0254142$ & $-0.0191742$ & $-0.0478209$ & $-0.00443954$ & $-0.0175784$ & $0.0535258$ & $0.0511391$ & $0.0526452$ & $0.0901803$ & $0.187818$ & $0.0746566$ & $0.128902$ & $0.135045$ & $-0.14727$ & $-0.109505$ \\
CHe_11 & $0.0116109$ & $0.0447425$ & $0.147028$ & $-0.0841502$ & $-0.0163245$ & $-0.15725$ & $-0.0295999$ & $0.868992$ & $0.85292$ & $-0.348226$ & $-0.991776$ & $-0.218777$ & $0.13859$ & $0.516845$ & $0.534488$ & $0.520533$ & $0.235312$ & $-0.0998999$ & $-0.107159$ & $1$ & $0.977583$ & $0.956499$ & $-0.0172882$ & $-0.276134$ & $-0.0638546$ & $-0.557978$ & $0.221824$ & $0.30325$ & $-0.0147674$ & $0.0494874$ & $0.0574831$ & $-0.0422323$ & $0.0382108$ & $0.292461$ & $-0.151736$ & $-0.0158363$ & $0.155165$ & $-0.0195847$ & $0.0738783$ & $0.00299788$ & $-0.184059$ & $-0.0257124$ & $0.0352382$ & $-0.0139196$ & $-0.0254425$ & $-0.0190102$ & $-0.0760086$ & $-0.101371$ & $-0.0996311$ \\
CHe_22 & $-0.0275387$ & $0.0590925$ & $0.179335$ & $-0.128839$ & $-0.00510413$ & $-0.178596$ & $-0.0353854$ & $0.897174$ & $0.879193$ & $-0.37439$ & $-0.992565$ & $-0.262897$ & $0.123295$ & $0.484785$ & $0.414475$ & $0.403206$ & $0.21157$ & $-0.0781199$ & $-0.0846077$ & $0.977583$ & $1$ & $0.973758$ & $0.00580651$ & $-0.35646$ & $-0.07925$ & $-0.564982$ & $0.343985$ & $0.307739$ & $-0.0204619$ & $0.0398165$ & $0.0668746$ & $-0.0517843$ & $0.0202027$ & $0.430524$ & $-0.175266$ & $-0.0249939$ & $0.173793$ & $-0.022432$ & $0.0864777$ & $-0.0306179$ & $-0.224918$ & $-0.00433779$ & $0.0645323$ & $0.0243169$ & $-0.0196595$ & $-0.00894715$ & $-0.00985183$ & $-0.110444$ & $-0.142391$ \\
CHe_33 & $-0.0232355$ & $0.0557519$ & $0.182961$ & $-0.119967$ & $-0.00621694$ & $-0.171724$ & $-0.0333275$ & $0.880718$ & $0.863548$ & $-0.373624$ & $-0.970298$ & $-0.25669$ & $0.121719$ & $0.468173$ & $0.401809$ & $0.424076$ & $0.197807$ & $-0.0779305$ & $-0.0878546$ & $0.956499$ & $0.973758$ & $1$ & $-0.00282183$ & $-0.352894$ & $-0.0842913$ & $-0.546097$ & $0.334902$ & $0.295874$ & $-0.018257$ & $0.0397688$ & $0.0683325$ & $-0.0497396$ & $0.0200957$ & $0.429194$ & $-0.168917$ & $-0.0190933$ & $0.172358$ & $-0.0210463$ & $0.0838152$ & $-0.0235931$ & $-0.220612$ & $-0.00882061$ & $0.059302$ & $0.0239064$ & $-0.0189282$ & $-0.0176565$ & $-0.0157289$ & $-0.104883$ & $-0.135948$ \\
CHQ1_11 & $-0.0215569$ & $0.0870845$ & $0.0461271$ & $-0.0809164$ & $0.0407715$ & $-0.0369547$ & $0.0514518$ & $0.0155224$ & $0.0170393$ & $-0.018974$ & $0.00711209$ & $-0.0184841$ & $-0.0644754$ & $-0.0472094$ & $-0.0724766$ & $-0.0745025$ & $-0.0187298$ & $0.0017583$ & $0.00315188$ & $-0.0172882$ & $0.00580651$ & $-0.00282183$ & $1$ & $-0.0747674$ & $0.0539066$ & $-0.685734$ & $0.244248$ & $-0.0231249$ & $-0.0238073$ & $-0.0278404$ & $0.00503782$ & $0.0454402$ & $-0.0493317$ & $0.0878911$ & $-0.0201103$ & $-0.0195624$ & $0.0711914$ & $-0.0435503$ & $0.0586033$ & $-0.0658907$ & $-0.0907711$ & $-0.0144508$ & $-0.0426068$ & $0.0160594$ & $0.0469268$ & $-0.0135433$ & $0.0193206$ & $-0.00460129$ & $-0.0852945$ \\
CHQ1_33 & $0.0261421$ & $-0.0123548$ & $-0.214054$ & $0.11188$ & $-0.0418162$ & $0.0691405$ & $0.126688$ & $-0.658035$ & $-0.646644$ & $0.536946$ & $0.314966$ & $0.055536$ & $-0.320863$ & $0.446151$ & $-0.0213305$ & $-0.0131921$ & $0.642728$ & $0.630256$ & $0.617867$ & $-0.276134$ & $-0.35646$ & $-0.352894$ & $-0.0747674$ & $1$ & $0.697987$ & $0.200508$ & $-0.318244$ & $-0.0207611$ & $0.00340798$ & $-0.0565876$ & $-0.0854804$ & $0.125778$ & $-0.0792864$ & $-0.569171$ & $0.105649$ & $-0.0240902$ & $-0.100432$ & $0.00333327$ & $-0.0598083$ & $0.126778$ & $0.176445$ & $0.0163045$ & $-0.00890041$ & $0.077717$ & $0.0558153$ & $0.125283$ & $-0.0223093$ & $-0.0917093$ & $0.0423597$ \\
CHQ3_11 & $-0.137484$ & $0.082351$ & $-0.100371$ & $-0.0728055$ & $-0.0293703$ & $-0.0371862$ & $0.118752$ & $-0.470135$ & $-0.4658$ & $0.469595$ & $0.072082$ & $-0.10379$ & $-0.383604$ & $0.623279$ & $-0.154533$ & $-0.171452$ & $0.808641$ & $0.808604$ & $0.813023$ & $-0.0638546$ & $-0.07925$ & $-0.0842913$ & $0.0539066$ & $0.697987$ & $1$ & $0.039602$ & $0.180549$ & $-0.0555134$ & $-0.0242684$ & $-0.0896294$ & $-0.0369389$ & $0.104273$ & $-0.134368$ & $-0.272917$ & $-0.00390892$ & $-0.0469303$ & $0.0169842$ & $0.0171601$ & $0.0111043$ & $0.0523403$ & $0.0322836$ & $0.0599958$ & $0.0589963$ & $0.228206$ & $0.111372$ & $0.15411$ & $0.203948$ & $-0.144156$ & $-0.12644$ \\
CHu_11 & $-0.051403$ & $-0.0602151$ & $-0.103315$ & $0.059761$ & $-0.0213521$ & $0.0935077$ & $-0.0252112$ & $-0.510806$ & $-0.503181$ & $0.208261$ & $0.564979$ & $0.13524$ & $-0.0474081$ & $-0.272191$ & $-0.252149$ & $-0.254139$ & $-0.119855$ & $0.0539196$ & $0.0671004$ & $-0.557978$ & $-0.564982$ & $-0.546097$ & $-0.685734$ & $0.200508$ & $0.039602$ & $1$ & $-0.165954$ & $-0.15152$ & $0.023025$ & $-0.023409$ & $-0.0231159$ & $-0.0136018$ & $0.00407723$ & $-0.233484$ & $0.0692427$ & $-0.0107524$ & $-0.12254$ & $0.0250328$ & $-0.0738356$ & $0.0256412$ & $0.142927$ & $0.0206397$ & $0.0233827$ & $0.0450892$ & $-0.00178429$ & $0.0504864$ & $0.121989$ & $0.0465852$ & $0.0657735$ \\
CHd_11 & $-0.298169$ & $0.134826$ & $0.241921$ & $-0.374819$ & $0.0397144$ & $-0.169389$ & $-0.058051$ & $0.348564$ & $0.337237$ & $-0.244188$ & $-0.278687$ & $-0.23034$ & $-0.0148096$ & $-0.0104008$ & $-0.285963$ & $-0.288421$ & $-0.0416482$ & $0.0470066$ & $0.0538828$ & $0.221824$ & $0.343985$ & $0.334902$ & $0.244248$ & $-0.318244$ & $0.180549$ & $-0.165954$ & $1$ & $0.086929$ & $-0.0613685$ & $-0.0466945$ & $0.0894949$ & $-0.0843241$ & $-0.103908$ & $0.583412$ & $-0.217384$ & $-0.103417$ & $0.213274$ & $-0.0226235$ & $0.12124$ & $-0.177183$ & $-0.343623$ & $0.099275$ & $0.179803$ & $0.327271$ & $0.0608813$ & $0.136549$ & $0.47337$ & $-0.103688$ & $-0.366229$ \\
CHd_33 & $0.0584716$ & $-0.0138931$ & $0.0791758$ & $0.000415748$ & $0.0003514$ & $-0.0903532$ & $-0.031671$ & $0.292419$ & $0.28602$ & $-0.117572$ & $-0.307946$ & $-0.0417948$ & $0.0715179$ & $0.115704$ & $0.155153$ & $0.130015$ & $0.0466487$ & $-0.0667877$ & $-0.0565867$ & $0.30325$ & $0.307739$ & $0.295874$ & $-0.0231249$ & $-0.0207611$ & $-0.0555134$ & $-0.15152$ & $0.086929$ & $1$ & $-0.00186659$ & $0.0314021$ & $-0.0131263$ & $-0.0335974$ & $0.0212299$ & $0.128229$ & $-0.0440224$ & $-0.00507018$ & $0.0662669$ & $-0.0977256$ & $0.0297243$ & $-0.0367267$ & $-0.0848514$ & $-0.0409626$ & $0.0851409$ & $0.0229096$ & $-0.0047648$ & $0.0300259$ & $-0.00152143$ & $-0.0213993$ & $-0.0676486$ \\
CeH_22r & $0.0236131$ & $0.0616761$ & $-0.00900629$ & $-0.0156487$ & $-0.0059318$ & $-0.000768846$ & $0.00622652$ & $-0.0170931$ & $-0.0080016$ & $0.0332308$ & $0.0182306$ & $0.0830549$ & $0.0272699$ & $-0.0195791$ & $0.0224363$ & $0.0107555$ & $0.00126907$ & $-0.0178191$ & $-0.00733388$ & $-0.0147674$ & $-0.0204619$ & $-0.018257$ & $-0.0238073$ & $0.00340798$ & $-0.0242684$ & $0.023025$ & $-0.0613685$ & $-0.00186659$ & $1$ & $0.0568771$ & $0.0250683$ & $-0.00202601$ & $0.0658626$ & $-0.0306826$ & $0.0243515$ & $-0.00138792$ & $-0.0319506$ & $-0.025879$ & $0.0246559$ & $0.0128521$ & $0.00795018$ & $-0.0119817$ & $0.0249567$ & $0.0126327$ & $0.0094832$ & $-0.000772046$ & $-0.00324603$ & $-0.0382903$ & $0.0166079$ \\
CeH_33r & $-0.0337173$ & $-0.00142117$ & $-0.0819719$ & $0.046228$ & $-0.019083$ & $-0.0513848$ & $-0.118658$ & $0.0688313$ & $0.0898262$ & $-0.0865876$ & $-0.0428343$ & $0.25532$ & $0.269003$ & $-0.0515104$ & $0.0561744$ & $0.0857388$ & $-0.0459619$ & $-0.0797055$ & $-0.0979666$ & $0.0494874$ & $0.0398165$ & $0.0397688$ & $-0.0278404$ & $-0.0565876$ & $-0.0896294$ & $-0.023409$ & $-0.0466945$ & $0.0314021$ & $0.0568771$ & $1$ & $0.32638$ & $0.0242847$ & $0.72972$ & $0.0185977$ & $-0.00423895$ & $-0.0715275$ & $-0.0727444$ & $-0.0188255$ & $-0.0479831$ & $0.0372788$ & $0.0616488$ & $-0.0588175$ & $0.0188758$ & $-0.0624423$ & $-0.0370812$ & $0.0580482$ & $-0.000733278$ & $-0.018265$ & $0.0870909$ \\
CuH_22r & $-0.109112$ & $0.0751669$ & $-0.0394839$ & $-0.0496231$ & $0.00687801$ & $-0.0561373$ & $-0.0535116$ & $0.0856098$ & $0.0998177$ & $-0.0802856$ & $-0.0604424$ & $0.0466979$ & $0.0966815$ & $-0.0423519$ & $0.00624906$ & $0.0130433$ & $-0.0264385$ & $-0.0499758$ & $-0.0517954$ & $0.0574831$ & $0.0668746$ & $0.0683325$ & $0.00503782$ & $-0.0854804$ & $-0.0369389$ & $-0.0231159$ & $0.0894949$ & $-0.0131263$ & $0.0250683$ & $0.32638$ & $1$ & $0.0243841$ & $0.389276$ & $0.0825195$ & $-0.0492385$ & $-0.113769$ & $-0.0372301$ & $0.0303858$ & $-0.0195661$ & $-0.00101843$ & $0.0243004$ & $-0.057707$ & $0.0265273$ & $0.043459$ & $0.0252466$ & $0.0890573$ & $0.152261$ & $-0.0206988$ & $0.00264541$ \\
CuH_33r & $-0.107204$ & $0.154489$ & $-0.166172$ & $0.0521798$ & $0.0531598$ & $-0.0209208$ & $0.948825$ & $-0.106269$ & $-0.0547703$ & $0.0804774$ & $0.0472729$ & $-0.0329928$ & $-0.297881$ & $0.0678791$ & $-0.0399007$ & $0.0211172$ & $0.121664$ & $0.132958$ & $0.0855148$ & $-0.0422323$ & $-0.0517843$ & $-0.0497396$ & $0.0454402$ & $0.125778$ & $0.104273$ & $-0.0136018$ & $-0.0843241$ & $-0.0335974$ & $-0.00202601$ & $0.0242847$ & $0.0243841$ & $1$ & $0.0405439$ & $-0.0484899$ & $0.166723$ & $0.0561522$ & $0.0231531$ & $0.0698269$ & $-0.0477407$ & $-0.100547$ & $0.240238$ & $0.0157517$ & $-0.155472$ & $-0.0156007$ & $0.0972838$ & $0.0130275$ & $0.198311$ & $0.0665817$ & $0.28074$ \\
CdH_33r & $-0.0171385$ & $0.00251018$ & $-0.080487$ & $0.0800566$ & $-0.0195161$ & $-0.0593321$ & $-0.148339$ & $0.0659843$ & $0.0899909$ & $-0.0952062$ & $-0.0276392$ & $0.34704$ & $0.371634$ & $-0.0908372$ & $0.085371$ & $0.111463$ & $-0.0684998$ & $-0.120277$ & $-0.139106$ & $0.0382108$ & $0.0202027$ & $0.0200957$ & $-0.0493317$ & $-0.0792864$ & $-0.134368$ & $0.00407723$ & $-0.103908$ & $0.0212299$ & $0.0658626$ & $0.72972$ & $0.389276$ & $0.0405439$ & $1$ & $-0.00501967$ & $0.0238868$ & $-0.0139496$ & $-0.0922581$ & $0.0280414$ & $-0.0333954$ & $0.0623043$ & $0.135063$ & $-0.103799$ & $-0.0712083$ & $-0.16786$ & $-0.0654564$ & $-0.0278767$ & $-0.027372$ & $0.125946$ & $0.254391$ \\
CLL_1221 & $-0.158505$ & $0.046544$ & $0.20162$ & $-0.209539$ & $0.0147599$ & $-0.161405$ & $-0.0393611$ & $0.517407$ & $0.507444$ & $-0.340185$ & $-0.358445$ & $-0.186659$ & $0.102713$ & $-0.165305$ & $-0.529038$ & $0.0310896$ & $-0.174956$ & $0.0754368$ & $-0.338845$ & $0.292461$ & $0.430524$ & $0.429194$ & $0.0878911$ & $-0.569171$ & $-0.272917$ & $-0.233484$ & $0.583412$ & $0.128229$ & $-0.0306826$ & $0.0185977$ & $0.0825195$ & $-0.0484899$ & $-0.00501967$ & $1$ & $-0.167967$ & $-0.038916$ & $0.154163$ & $-0.0125778$ & $0.0855214$ & $-0.152791$ & $-0.224988$ & $0.0715242$ & $0.0867681$ & $0.0998129$ & $0.0161706$ & $-0.00506949$ & $0.235443$ & $-0.0292354$ & $-0.167706$ \\
eHggint & $0.0348475$ & $0.0654448$ & $-0.234041$ & $0.280781$ & $0.0196381$ & $0.060231$ & $0.143071$ & $-0.173146$ & $-0.172434$ & $0.0468934$ & $0.163825$ & $0.00618101$ & $-0.0962942$ & $-0.0319052$ & $0.00732691$ & $-0.0114731$ & $-0.00915861$ & $0.0109994$ & $0.0254142$ & $-0.151736$ & $-0.175266$ & $-0.168917$ & $-0.0201103$ & $0.105649$ & $-0.00390892$ & $0.0692427$ & $-0.217384$ & $-0.0440224$ & $0.0243515$ & $-0.00423895$ & $-0.0492385$ & $0.166723$ & $0.0238868$ & $-0.167967$ & $1$ & $0.0740631$ & $-0.222733$ & $0.175231$ & $-0.0869463$ & $-0.177145$ & $0.207193$ & $-0.060957$ & $-0.213612$ & $-0.111264$ & $0.114637$ & $-0.107666$ & $-0.186514$ & $0.0819334$ & $0.447077$ \\
eHggpar & $0.298632$ & $0.0785685$ & $0.157238$ & $0.141843$ & $0.0605927$ & $0.0217432$ & $0.0556357$ & $-0.0163549$ & $-0.0218237$ & $0.0314205$ & $0.0209427$ & $0.0254423$ & $-0.0346087$ & $-0.0243094$ & $0.0280726$ & $0.0218225$ & $-0.014083$ & $-0.0274516$ & $-0.0191742$ & $-0.0158363$ & $-0.0249939$ & $-0.0190933$ & $-0.0195624$ & $-0.0240902$ & $-0.0469303$ & $-0.0107524$ & $-0.103417$ & $-0.00507018$ & $-0.00138792$ & $-0.0715275$ & $-0.113769$ & $0.0561522$ & $-0.0139496$ & $-0.038916$ & $0.0740631$ & $1$ & $0.257878$ & $0.141665$ & $0.35347$ & $-0.153578$ & $0.0789065$ & $-0.104848$ & $-0.253325$ & $-0.412833$ & $0.112704$ & $-0.688777$ & $-0.416009$ & $0.542139$ & $0.254717$ \\
eHWWint & $0.100232$ & $0.128075$ & $0.421437$ & $-0.136332$ & $0.0503078$ & $-0.0364129$ & $0.0454451$ & $0.169984$ & $0.161597$ & $-0.0463192$ & $-0.164452$ & $-0.0476248$ & $0.0270872$ & $0.0551409$ & $-6.5504e-05$ & $0.055153$ & $-0.00303799$ & $-0.00569328$ & $-0.0478209$ & $0.155165$ & $0.173793$ & $0.172358$ & $0.0711914$ & $-0.100432$ & $0.0169842$ & $-0.12254$ & $0.213274$ & $0.0662669$ & $-0.0319506$ & $-0.0727444$ & $-0.0372301$ & $0.0231531$ & $-0.0922581$ & $0.154163$ & $-0.222733$ & $0.257878$ & $1$ & $0.13358$ & $0.580902$ & $-0.178123$ & $-0.327024$ & $0.0595866$ & $-0.153428$ & $0.0159513$ & $0.425899$ & $-0.161414$ & $0.062984$ & $0.264834$ & $0.0255898$ \\
eHWWpar & $-0.156639$ & $0.0514662$ & $0.0448921$ & $0.123349$ & $0.0119605$ & $0.0981846$ & $0.0588799$ & $-0.0251583$ & $-0.0278056$ & $0.0167813$ & $0.0219629$ & $0.0139979$ & $-0.00567709$ & $0.0258345$ & $-0.026228$ & $0.0115737$ & $-0.0214525$ & $0.0255444$ & $-0.00443954$ & $-0.0195847$ & $-0.022432$ & $-0.0210463$ & $-0.0435503$ & $0.00333327$ & $0.0171601$ & $0.0250328$ & $-0.0226235$ & $-0.0977256$ & $-0.025879$ & $-0.0188255$ & $0.0303858$ & $0.0698269$ & $0.0280414$ & $-0.0125778$ & $0.175231$ & $0.141665$ & $0.13358$ & $1$ & $0.17179$ & $-0.0317238$ & $0.164266$ & $-0.142064$ & $-0.375714$ & $-0.127842$ & $0.192571$ & $-0.220528$ & $0.0142149$ & $0.351118$ & $0.21274$ \\
eHZZint & $0.242063$ & $0.463346$ & $0.488624$ & $-0.250046$ & $0.0170951$ & $-0.0933259$ & $-0.0381614$ & $0.080154$ & $0.0682177$ & $-0.0503863$ & $-0.0785134$ & $-0.064085$ & $0.00392638$ & $0.0141387$ & $0.000102853$ & $0.0176947$ & $0.0105632$ & $-0.00510783$ & $-0.0175784$ & $0.0738783$ & $0.0864777$ & $0.0838152$ & $0.0586033$ & $-0.0598083$ & $0.0111043$ & $-0.0738356$ & $0.12124$ & $0.0297243$ & $0.0246559$ & $-0.0479831$ & $-0.0195661$ & $-0.0477407$ & $-0.0333954$ & $0.0855214$ & $-0.0869463$ & $0.35347$ & $0.580902$ & $0.17179$ & $1$ & $-0.17429$ & $-0.347127$ & $0.0316457$ & $-0.309263$ & $-0.213869$ & $0.544709$ & $-0.31623$ & $-0.112558$ & $0.272383$ & $0.133434$ \\
eHZZpar & $-0.0840543$ & $-0.0861813$ & $-0.0998841$ & $-0.0259736$ & $-0.03148$ & $0.0221011$ & $-0.107507$ & $-0.0674869$ & $-0.073361$ & $0.117235$ & $0.0114349$ & $0.110343$ & $0.0379489$ & $0.0782917$ & $0.102734$ & $0.0845134$ & $0.0959349$ & $0.0377953$ & $0.0535258$ & $0.00299788$ & $-0.0306179$ & $-0.0235931$ & $-0.0658907$ & $0.126778$ & $0.0523403$ & $0.0256412$ & $-0.177183$ & $-0.0367267$ & $0.0128521$ & $0.0372788$ & $-0.00101843$ & $-0.100547$ & $0.0623043$ & $-0.152791$ & $-0.177145$ & $-0.153578$ & $-0.178123$ & $-0.0317238$ & $-0.17429$ & $1$ & $0.081305$ & $0.0215637$ & $0.11251$ & $0.0914915$ & $-0.14706$ & $0.173502$ & $0.0145605$ & $-0.127365$ & $0.0131288$ \\
eHZgaint & $0.0326963$ & $-0.0910779$ & $-0.53004$ & $0.327425$ & $0.0423379$ & $0.0993746$ & $0.196392$ & $-0.248579$ & $-0.237341$ & $0.195964$ & $0.203788$ & $0.160528$ & $-0.0712064$ & $-0.011747$ & $0.00261222$ & $0.039459$ & $0.066557$ & $0.079056$ & $0.0511391$ & $-0.184059$ & $-0.224918$ & $-0.220612$ & $-0.0907711$ & $0.176445$ & $0.0322836$ & $0.142927$ & $-0.343623$ & $-0.0848514$ & $0.00795018$ & $0.0616488$ & $0.0243004$ & $0.240238$ & $0.135063$ & $-0.224988$ & $0.207193$ & $0.0789065$ & $-0.327024$ & $0.164266$ & $-0.347127$ & $0.081305$ & $1$ & $-0.234596$ & $-0.310937$ & $-0.290795$ & $-0.136483$ & $-0.0702899$ & $-0.0274787$ & $0.299703$ & $0.308117$ \\
eHZgapar & $-0.166162$ & $-0.0806684$ & $0.154984$ & $-0.0679089$ & $0.0203092$ & $0.00341678$ & $0.0399599$ & $-0.0196497$ & $-0.0133942$ & $-0.0621456$ & $0.0158769$ & $-0.144129$ & $-0.0700012$ & $0.0216167$ & $-0.101982$ & $-0.0741636$ & $0.0170948$ & $0.0739786$ & $0.0526452$ & $-0.0257124$ & $-0.00433779$ & $-0.00882061$ & $-0.0144508$ & $0.0163045$ & $0.0599958$ & $0.0206397$ & $0.099275$ & $-0.0409626$ & $-0.0119817$ & $-0.0588175$ & $-0.057707$ & $0.0157517$ & $-0.103799$ & $0.0715242$ & $-0.060957$ & $-0.104848$ & $0.0595866$ & $-0.142064$ & $0.0316457$ & $0.0215637$ & $-0.234596$ & $1$ & $0.346704$ & $0.0222017$ & $-0.144488$ & $0.196817$ & $0.0402928$ & $-0.139911$ & $-0.109177$ \\
eHgagaint & $-0.342107$ & $-0.179673$ & $0.100152$ & $-0.319739$ & $-0.0267066$ & $-0.0505023$ & $-0.129481$ & $0.0488591$ & $0.0573924$ & $-0.0607809$ & $-0.0475792$ & $-0.0709856$ & $0.00525372$ & $0.0205921$ & $-0.0524574$ & $-0.137381$ & $0.0236449$ & $0.0267496$ & $0.0901803$ & $0.0352382$ & $0.0645323$ & $0.059302$ & $-0.0426068$ & $-0.00890041$ & $0.0589963$ & $0.0233827$ & $0.179803$ & $0.0851409$ & $0.0249567$ & $0.0188758$ & $0.0265273$ & $-0.155472$ & $-0.0712083$ & $0.0867681$ & $-0.213612$ & $-0.253325$ & $-0.153428$ & $-0.375714$ & $-0.309263$ & $0.11251$ & $-0.310937$ & $0.346704$ & $1$ & $0.430054$ & $-0.199343$ & $0.562835$ & $0.356175$ & $-0.495223$ & $-0.39057$ \\
eHmumuint & $-0.335469$ & $0.139551$ & $0.0411225$ & $-0.384162$ & $-0.037465$ & $0.0261274$ & $0.00468019$ & $-0.0353874$ & $-0.0356322$ & $0.0329024$ & $-0.00207024$ & $-0.0953187$ & $-0.0608295$ & $0.0801105$ & $-0.14602$ & $-0.19158$ & $0.100031$ & $0.153691$ & $0.187818$ & $-0.0139196$ & $0.0243169$ & $0.0239064$ & $0.0160594$ & $0.077717$ & $0.228206$ & $0.0450892$ & $0.327271$ & $0.0229096$ & $0.0126327$ & $-0.0624423$ & $0.043459$ & $-0.0156007$ & $-0.16786$ & $0.0998129$ & $-0.111264$ & $-0.412833$ & $0.0159513$ & $-0.127842$ & $-0.213869$ & $0.0914915$ & $-0.290795$ & $0.0222017$ & $0.430054$ & $1$ & $0.240793$ & $0.378377$ & $0.547709$ & $-0.59774$ & $-0.433081$ \\
eHtautauint & $-0.120764$ & $0.544264$ & $0.28271$ & $0.00322474$ & $-0.0146949$ & $-0.0325508$ & $0.0964829$ & $-0.0596515$ & $-0.0598065$ & $0.0373713$ & $0.0252035$ & $-0.0503674$ & $-0.0703706$ & $0.0424695$ & $-0.0625327$ & $-0.0330413$ & $0.0757592$ & $0.0985341$ & $0.0746566$ & $-0.0254425$ & $-0.0196595$ & $-0.0189282$ & $0.0469268$ & $0.0558153$ & $0.111372$ & $-0.00178429$ & $0.0608813$ & $-0.0047648$ & $0.0094832$ & $-0.0370812$ & $0.0252466$ & $0.0972838$ & $-0.0654564$ & $0.0161706$ & $0.114637$ & $0.112704$ & $0.425899$ & $0.192571$ & $0.544709$ & $-0.14706$ & $-0.136483$ & $-0.144488$ & $-0.199343$ & $0.240793$ & $1$ & $-0.196452$ & $0.0389382$ & $0.00643555$ & $0.048857$ \\
eHccint & $-0.212274$ & $-0.12644$ & $-0.307378$ & $-0.362656$ & $-0.0601398$ & $0.0281445$ & $0.0185308$ & $-0.0560161$ & $-0.0428078$ & $0.036385$ & $0.0143076$ & $-0.0246721$ & $-0.0182826$ & $0.0712173$ & $-0.0547961$ & $-0.0896649$ & $0.089269$ & $0.107018$ & $0.128902$ & $-0.0190102$ & $-0.00894715$ & $-0.0176565$ & $-0.0135433$ & $0.125283$ & $0.15411$ & $0.0504864$ & $0.136549$ & $0.0300259$ & $-0.000772046$ & $0.0580482$ & $0.0890573$ & $0.0130275$ & $-0.0278767$ & $-0.00506949$ & $-0.107666$ & $-0.688777$ & $-0.161414$ & $-0.220528$ & $-0.31623$ & $0.173502$ & $-0.0702899$ & $0.196817$ & $0.562835$ & $0.378377$ & $-0.196452$ & $1$ & $0.491602$ & $-0.593239$ & $-0.282367$ \\
eHccpar & $-0.432125$ & $0.189828$ & $-0.0736838$ & $-0.52038$ & $0.0123837$ & $-0.0430165$ & $0.193443$ & $-0.0348526$ & $-0.0209175$ & $-0.00594219$ & $0.0488965$ & $-0.0667544$ & $-0.0898088$ & $-0.0355576$ & $-0.283913$ & $-0.268377$ & $0.0268548$ & $0.147018$ & $0.135045$ & $-0.0760086$ & $-0.00985183$ & $-0.0157289$ & $0.0193206$ & $-0.0223093$ & $0.203948$ & $0.121989$ & $0.47337$ & $-0.00152143$ & $-0.00324603$ & $-0.000733278$ & $0.152261$ & $0.198311$ & $-0.027372$ & $0.235443$ & $-0.186514$ & $-0.416009$ & $0.062984$ & $0.0142149$ & $-0.112558$ & $0.0145605$ & $-0.0274787$ & $0.0402928$ & $0.356175$ & $0.547709$ & $0.0389382$ & $0.491602$ & $1$ & $-0.205736$ & $-0.208645$ \\
eHbbint & $0.160934$ & $-0.111986$ & $0.157742$ & $0.312594$ & $0.080687$ & $-0.0153658$ & $0.0536756$ & $-0.0336984$ & $-0.0368171$ & $-0.019014$ & $0.106015$ & $0.0722601$ & $0.0364501$ & $-0.165931$ & $0.00318507$ & $0.0324073$ & $-0.145086$ & $-0.12927$ & $-0.14727$ & $-0.101371$ & $-0.110444$ & $-0.104883$ & $-0.00460129$ & $-0.0917093$ & $-0.144156$ & $0.0465852$ & $-0.103688$ & $-0.0213993$ & $-0.0382903$ & $-0.018265$ & $-0.0206988$ & $0.0665817$ & $0.125946$ & $-0.0292354$ & $0.0819334$ & $0.542139$ & $0.264834$ & $0.351118$ & $0.272383$ & $-0.127365$ & $0.299703$ & $-0.139911$ & $-0.495223$ & $-0.59774$ & $0.00643555$ & $-0.593239$ & $-0.205736$ & $1$ & $0.510467$ \\
eHbbpar & $0.116253$ & $0.0400926$ & $-0.0857478$ & $0.177478$ & $0.0368411$ & $0.0533176$ & $0.240172$ & $-0.110674$ & $-0.099317$ & $0.0420791$ & $0.120111$ & $0.103159$ & $0.0685665$ & $-0.0662536$ & $0.0781029$ & $0.146825$ & $-0.0507263$ & $-0.060369$ & $-0.109505$ & $-0.0996311$ & $-0.142391$ & $-0.135948$ & $-0.0852945$ & $0.0423597$ & $-0.12644$ & $0.0657735$ & $-0.366229$ & $-0.0676486$ & $0.0166079$ & $0.0870909$ & $0.00264541$ & $0.28074$ & $0.254391$ & $-0.167706$ & $0.447077$ & $0.254717$ & $0.0255898$ & $0.21274$ & $0.133434$ & $0.0131288$ & $0.308117$ & $-0.109177$ & $-0.39057$ & $-0.433081$ & $0.048857$ & $-0.282367$ & $-0.208645$ & $0.510467$ & $1$ \\
