 & AlsMz & dAle5Mz & mtop & mHl & Mz & CW & CHG & CHWB & CHWHB_gaga & CHWHB_gagaorth & CHD & CHbox & CHL1_11 & CHL1_22 & CHL1_33 & CHL3_11 & CHL3_22 & CHL3_33 & CHe_11 & CHe_22 & CHe_33 & CHQ1_11 & CHQ1_33 & CHQ3_11 & CHu_11 & CHd_11 & CHd_33 & CeH_22r & CeH_33r & CuH_22r & CuH_33r & CdH_33r & CLL_1221 & eHggint & eHggpar & eHWWint & eHWWpar & eHZZint & eHZZpar & eHZgaint & eHZgapar & eHgagaint & eHmumuint & eHtautauint & eHccint & eHccpar & eHbbint & eHbbpar \\
AlsMz & $1$ & $-0.219885$ & $0.381042$ & $0.107602$ & $-0.0309413$ & $0.00680394$ & $-0.142786$ & $0.00663279$ & $-0.00565881$ & $0.00203473$ & $-0.00622798$ & $0.000399701$ & $-0.00449211$ & $-0.00155149$ & $0.00163651$ & $-0.000790575$ & $-0.00145962$ & $-0.00458159$ & $0.000115506$ & $-8.43645e-05$ & $0.000661488$ & $-0.00497088$ & $-0.0282447$ & $-0.0509365$ & $-0.0101407$ & $-0.00317163$ & $0.0112618$ & $0.00540754$ & $-0.0138727$ & $-0.0377$ & $-0.151966$ & $-0.0284995$ & $0.000335504$ & $-0.0918093$ & $0.0793355$ & $0.055516$ & $0.111979$ & $0.28852$ & $-0.0836823$ & $-0.160608$ & $-0.031092$ & $-0.128814$ & $0.0839397$ & $0.0650213$ & $0.107751$ & $-0.190741$ & $-0.444089$ & $0.0956513$ \\
dAle5Mz & $-0.219885$ & $1$ & $-0.0820691$ & $0.179335$ & $-0.023693$ & $-0.00597137$ & $0.0526746$ & $-0.0413763$ & $-0.0272787$ & $0.0186327$ & $0.021901$ & $0.0138757$ & $0.00238998$ & $0.0197608$ & $0.010462$ & $0.0225963$ & $0.00556697$ & $0.012288$ & $-0.00478094$ & $-0.0113477$ & $-0.0107867$ & $-0.00434949$ & $0.0282994$ & $0.0197884$ & $0.00908138$ & $-0.0262351$ & $0.00505365$ & $0.000626617$ & $-0.00916232$ & $0.0375961$ & $0.0535199$ & $-0.0294207$ & $-0.0134637$ & $0.0224139$ & $-0.0297458$ & $0.120718$ & $0.0461263$ & $-0.268343$ & $-0.0751199$ & $0.372851$ & $0.122685$ & $0.382605$ & $0.0631742$ & $-0.32854$ & $-0.386076$ & $0.419386$ & $-0.0578174$ & $-0.068373$ \\
mtop & $0.381042$ & $-0.0820691$ & $1$ & $0.184099$ & $0.00354224$ & $0.0036281$ & $-0.0504671$ & $-0.0122845$ & $-0.0103$ & $-0.00354046$ & $0.019314$ & $-0.00439567$ & $-0.0151712$ & $-0.00198308$ & $-0.00246688$ & $-0.01485$ & $-0.00936057$ & $-0.00902328$ & $-0.0174923$ & $-0.0196047$ & $-0.0191894$ & $-0.00979542$ & $-0.00496378$ & $-0.0261273$ & $0.00614538$ & $-0.0110474$ & $-0.00152705$ & $0.012446$ & $-0.0161564$ & $-0.00632983$ & $-0.0623183$ & $-0.0598468$ & $-0.012054$ & $-0.131713$ & $0.0376972$ & $0.187494$ & $-0.0369926$ & $0.160476$ & $-0.133767$ & $-0.161602$ & $-0.0381865$ & $0.105646$ & $-0.129793$ & $-0.183053$ & $-0.0711581$ & $0.0357706$ & $-0.387445$ & $-0.0632626$ \\
mHl & $0.107602$ & $0.179335$ & $0.184099$ & $1$ & $0.0341198$ & $0.00650006$ & $0.0171772$ & $-0.024771$ & $-0.0194081$ & $0.0302789$ & $0.0111293$ & $0.0237713$ & $0.0145875$ & $-0.0152401$ & $-0.00112153$ & $0.0239823$ & $0.0335974$ & $0.0208572$ & $-0.0091231$ & $-0.00895295$ & $-0.0120049$ & $0.00584696$ & $0.0168299$ & $0.0215117$ & $-0.00384008$ & $-0.00599491$ & $0.00939667$ & $0.0136971$ & $1.79166e-05$ & $0.00639317$ & $0.0279544$ & $0.0491208$ & $0.000563492$ & $0.302666$ & $0.0595216$ & $0.136297$ & $-0.105455$ & $-0.175939$ & $0.0529765$ & $-0.0437975$ & $0.246381$ & $0.208653$ & $0.0365297$ & $-0.12784$ & $-0.0214135$ & $0.167182$ & $-0.0367292$ & $0.285126$ \\
Mz & $-0.0309413$ & $-0.023693$ & $0.00354224$ & $0.0341198$ & $1$ & $-0.00129011$ & $0.00984144$ & $-0.00190779$ & $-0.000270238$ & $0.00429826$ & $0.0137025$ & $0.000428968$ & $-0.00753168$ & $0.00556541$ & $-0.000287983$ & $-0.00657209$ & $-0.0128447$ & $-0.00716104$ & $-0.00680489$ & $-0.00500946$ & $-0.00527455$ & $0.00336041$ & $-0.000528316$ & $-0.00567798$ & $0.000857457$ & $-0.000514335$ & $0.00254897$ & $0.00156314$ & $-0.0041989$ & $0.00207936$ & $0.00855969$ & $-0.00462174$ & $-0.00810184$ & $0.017977$ & $0.0108671$ & $0.00415158$ & $-0.0219058$ & $-0.0149926$ & $0.0148751$ & $-0.00983694$ & $-0.00307644$ & $0.0284414$ & $0.00666247$ & $-0.0177037$ & $-0.0154215$ & $-0.0146353$ & $0.0230909$ & $0.00690479$ \\
CW & $0.00680394$ & $-0.00597137$ & $0.0036281$ & $0.00650006$ & $-0.00129011$ & $1$ & $0.0003915$ & $-0.143394$ & $-0.140888$ & $0.0138437$ & $0.199418$ & $0.0602706$ & $0.0119708$ & $-0.0889381$ & $-0.0792493$ & $-0.279282$ & $-0.0503837$ & $-0.0564358$ & $-0.196901$ & $-0.20224$ & $-0.198942$ & $-0.0163549$ & $0.0059931$ & $-0.0910088$ & $0.123561$ & $-0.0763624$ & $-0.0737758$ & $-0.000504897$ & $0.00433626$ & $0.00112295$ & $0.00546303$ & $0.0107373$ & $-0.123446$ & $0.0324497$ & $0.0112109$ & $0.00799548$ & $-0.00182645$ & $-0.0149366$ & $-0.00386241$ & $0.00673224$ & $0.00107618$ & $-0.0133714$ & $0.0137691$ & $0.0181616$ & $0.0161421$ & $0.00266431$ & $-0.000227876$ & $0.0124847$ \\
CHG & $-0.142786$ & $0.0526746$ & $-0.0504671$ & $0.0171772$ & $0.00984144$ & $0.0003915$ & $1$ & $-0.00369434$ & $0.0529107$ & $0.00302691$ & $0.0101213$ & $-0.00328656$ & $-0.0148642$ & $-0.00123156$ & $-0.0136886$ & $-0.0119824$ & $-0.0134493$ & $-0.00289098$ & $-0.00936477$ & $-0.00782701$ & $-0.00907251$ & $-0.0028368$ & $-0.00341947$ & $-0.00412778$ & $0.0116778$ & $0.00174033$ & $0.00439411$ & $0.0293466$ & $-0.0397894$ & $-0.035047$ & $0.932993$ & $-0.0563347$ & $-0.000576843$ & $-0.0304326$ & $-0.0227699$ & $-0.0257133$ & $-0.0199538$ & $-0.0520623$ & $-0.0105582$ & $0.0175405$ & $0.0146538$ & $0.0176485$ & $-0.0173943$ & $0.0198859$ & $-0.060413$ & $0.0225193$ & $0.0139835$ & $0.0162334$ \\
CHWB & $0.00663279$ & $-0.0413763$ & $-0.0122845$ & $-0.024771$ & $-0.00190779$ & $-0.143394$ & $-0.00369434$ & $1$ & $0.98306$ & $-0.534713$ & $-0.887934$ & $-0.298081$ & $0.188989$ & $0.289743$ & $0.286779$ & $-0.140148$ & $-0.356432$ & $-0.355448$ & $0.85784$ & $0.904717$ & $0.886678$ & $0.0597797$ & $-0.630069$ & $-0.325669$ & $-0.512355$ & $0.40331$ & $0.29011$ & $0.000467885$ & $0.0117843$ & $0.014824$ & $-0.0181868$ & $-0.00563912$ & $0.540069$ & $-0.0307643$ & $0.00984095$ & $-0.00361355$ & $-0.0116776$ & $0.00142313$ & $0.0235871$ & $-0.0217166$ & $-0.00977915$ & $-0.0219082$ & $-0.00716779$ & $-0.0010279$ & $0.0272759$ & $-0.0132824$ & $0.00546568$ & $-0.00672072$ \\
CHWHB_gaga & $-0.00565881$ & $-0.0272787$ & $-0.0103$ & $-0.0194081$ & $-0.000270238$ & $-0.140888$ & $0.0529107$ & $0.98306$ & $1$ & $-0.523791$ & $-0.869378$ & $-0.27004$ & $0.178193$ & $0.284358$ & $0.280969$ & $-0.145601$ & $-0.35722$ & $-0.355648$ & $0.840328$ & $0.886118$ & $0.868761$ & $0.0588361$ & $-0.623352$ & $-0.325167$ & $-0.501832$ & $0.397496$ & $0.284637$ & $0.00741023$ & $0.0364434$ & $0.0273498$ & $0.029538$ & $0.0225972$ & $0.531444$ & $-0.0318841$ & $0.00237904$ & $-0.013785$ & $-0.0146207$ & $-0.0126457$ & $0.0231751$ & $-0.012829$ & $-0.00124701$ & $0.0106686$ & $-0.000265171$ & $-0.00839056$ & $0.0203085$ & $-0.00502005$ & $0.00217619$ & $-0.0112808$ \\
CHWHB_gagaorth & $0.00203473$ & $0.0186327$ & $-0.00354046$ & $0.0302789$ & $0.00429826$ & $0.0138437$ & $0.00302691$ & $-0.534713$ & $-0.523791$ & $1$ & $0.329142$ & $0.663933$ & $0.184756$ & $-0.10409$ & $-0.109443$ & $0.388141$ & $0.442584$ & $0.443423$ & $-0.315233$ & $-0.344752$ & $-0.340097$ & $-0.0500622$ & $0.519433$ & $0.431046$ & $0.194813$ & $-0.217992$ & $-0.115545$ & $0.00533527$ & $-0.0715139$ & $-0.0487848$ & $0.0306026$ & $-0.0727408$ & $-0.321266$ & $0.0323861$ & $0.00532637$ & $-0.000725714$ & $0.024115$ & $0.00906268$ & $0.00535699$ & $-0.0214853$ & $0.0014656$ & $0.00946107$ & $0.000317041$ & $-0.00400114$ & $-0.0197441$ & $0.00370338$ & $0.0105605$ & $0.00434096$ \\
CHD & $-0.00622798$ & $0.021901$ & $0.019314$ & $0.0111293$ & $0.0137025$ & $0.199418$ & $0.0101213$ & $-0.887934$ & $-0.869378$ & $0.329142$ & $1$ & $0.306692$ & $-0.570365$ & $-0.417801$ & $-0.407732$ & $-0.292896$ & $0.0125067$ & $0.012778$ & $-0.990108$ & $-0.991084$ & $-0.96933$ & $-0.0053048$ & $0.275439$ & $-0.0344969$ & $0.562152$ & $-0.273475$ & $-0.321984$ & $3.11767e-05$ & $-0.00653742$ & $-0.0116383$ & $0.0269951$ & $0.00150449$ & $-0.347325$ & $0.0358937$ & $0.0019022$ & $0.000808828$ & $-0.00166306$ & $-0.00620884$ & $-0.0242845$ & $0.0190174$ & $-0.00106429$ & $0.0171143$ & $0.0154937$ & $0.00922477$ & $-0.0113291$ & $-0.00362946$ & $-0.00139526$ & $0.00858597$ \\
CHbox & $0.000399701$ & $0.0138757$ & $-0.00439567$ & $0.0237713$ & $0.000428968$ & $0.0602706$ & $-0.00328656$ & $-0.298081$ & $-0.27004$ & $0.663933$ & $0.306692$ & $1$ & $-0.156523$ & $-0.0409027$ & $-0.0440446$ & $-0.0605223$ & $-0.00823423$ & $-0.00490661$ & $-0.28361$ & $-0.3178$ & $-0.311016$ & $-0.0395482$ & $0.146764$ & $-0.0120709$ & $0.180068$ & $-0.178333$ & $-0.112846$ & $0.0346205$ & $0.198228$ & $0.027377$ & $0.0751112$ & $0.263976$ & $-0.204102$ & $0.0543471$ & $0.0332212$ & $0.0117686$ & $0.0174724$ & $-0.00197854$ & $0.0033845$ & $-0.0111548$ & $-0.0126936$ & $0.0111239$ & $0.00722981$ & $0.00556007$ & $-0.0113647$ & $0.00142029$ & $0.00852975$ & $0.0177723$ \\
CHL1_11 & $-0.00449211$ & $0.00238998$ & $-0.0151712$ & $0.0145875$ & $-0.00753168$ & $0.0119708$ & $-0.0148642$ & $0.188989$ & $0.178193$ & $0.184756$ & $-0.570365$ & $-0.156523$ & $1$ & $0.301485$ & $0.288431$ & $0.637113$ & $0.56464$ & $0.560742$ & $0.58819$ & $0.532545$ & $0.516172$ & $-0.0756994$ & $0.421393$ & $0.56912$ & $-0.301375$ & $-0.0705082$ & $0.171518$ & $-0.00512124$ & $-0.0058412$ & $0.00148796$ & $-0.0242253$ & $0.00852457$ & $-0.177295$ & $-0.0143835$ & $-0.0082729$ & $0.00718857$ & $0.0175373$ & $0.0115197$ & $0.00977447$ & $-0.0117653$ & $0.0182476$ & $-0.0109468$ & $-0.0198646$ & $-0.00744343$ & $-0.00940883$ & $0.0203644$ & $0.00198916$ & $-0.00315429$ \\
CHL1_22 & $-0.00155149$ & $0.0197608$ & $-0.00198308$ & $-0.0152401$ & $0.00556541$ & $-0.0889381$ & $-0.00123156$ & $0.289743$ & $0.284358$ & $-0.10409$ & $-0.417801$ & $-0.0409027$ & $0.301485$ & $1$ & $0.447962$ & $0.209468$ & $-0.45181$ & $-0.00857827$ & $0.485254$ & $0.332333$ & $0.321801$ & $-0.176178$ & $0.152519$ & $-0.116355$ & $-0.195342$ & $-0.414186$ & $0.107286$ & $0.0108467$ & $0.00297043$ & $0.00639596$ & $-0.00510001$ & $0.00765796$ & $-0.619912$ & $-0.00713268$ & $-0.0245715$ & $0.0145578$ & $0.020733$ & $0.0165747$ & $0.00702002$ & $0.0101572$ & $-0.00451872$ & $0.0186481$ & $-0.00949467$ & $-0.0184099$ & $-0.0165394$ & $0.0260495$ & $-0.0111035$ & $-0.00749467$ \\
CHL1_33 & $0.00163651$ & $0.010462$ & $-0.00246688$ & $-0.00112153$ & $-0.000287983$ & $-0.0792493$ & $-0.0136886$ & $0.286779$ & $0.280969$ & $-0.109443$ & $-0.407732$ & $-0.0440446$ & $0.288431$ & $0.447962$ & $1$ & $0.192322$ & $-0.00792594$ & $-0.450149$ & $0.474796$ & $0.324416$ & $0.341592$ & $-0.167533$ & $0.142984$ & $-0.121377$ & $-0.195531$ & $-0.406993$ & $0.101942$ & $0.00200562$ & $0.00699629$ & $0.00325508$ & $-0.0163999$ & $0.0105925$ & $-0.121868$ & $0.00382402$ & $-0.00370992$ & $0.00805919$ & $0.0130498$ & $0.0129305$ & $0.00284058$ & $-0.00976509$ & $-0.00261166$ & $0.00881262$ & $-0.00880484$ & $-0.0212208$ & $-0.0086883$ & $0.00859635$ & $0.00756533$ & $0.00257043$ \\
CHL3_11 & $-0.000790575$ & $0.0225963$ & $-0.01485$ & $0.0239823$ & $-0.00657209$ & $-0.279282$ & $-0.0119824$ & $-0.140148$ & $-0.145601$ & $0.388141$ & $-0.292896$ & $-0.0605223$ & $0.637113$ & $0.209468$ & $0.192322$ & $1$ & $0.694171$ & $0.695815$ & $0.314904$ & $0.261781$ & $0.253366$ & $-0.0712598$ & $0.62939$ & $0.746458$ & $-0.149027$ & $-0.124327$ & $0.0990518$ & $0.00237869$ & $-0.0127654$ & $-0.00908798$ & $-0.021174$ & $0.000996811$ & $-0.201743$ & $-0.0210471$ & $-0.0269896$ & $-0.000803259$ & $0.0222589$ & $0.0105159$ & $0.00876751$ & $-0.00307586$ & $0.0181412$ & $0.00482908$ & $-0.0196113$ & $-0.015856$ & $-0.0294391$ & $0.0258965$ & $-0.00716276$ & $-0.00725433$ \\
CHL3_22 & $-0.00145962$ & $0.00556697$ & $-0.00936057$ & $0.0335974$ & $-0.0128447$ & $-0.0503837$ & $-0.0134493$ & $-0.356432$ & $-0.35722$ & $0.442584$ & $0.0125067$ & $-0.00823423$ & $0.56464$ & $-0.45181$ & $-0.00792594$ & $0.694171$ & $1$ & $0.624816$ & $-0.0174804$ & $-0.00247286$ & $-0.000991575$ & $0.0164769$ & $0.556538$ & $0.768237$ & $0.00337775$ & $0.0503661$ & $0.00770077$ & $-0.00891956$ & $-0.0115329$ & $-0.0100273$ & $-0.0163197$ & $0.00302133$ & $0.114982$ & $-0.00617952$ & $-0.00299384$ & $-0.00610191$ & $0.00920053$ & $0.00128341$ & $-0.00163362$ & $-0.0110517$ & $0.0226878$ & $-0.00996466$ & $-0.0128289$ & $0.000317232$ & $-0.01245$ & $0.00723086$ & $0.00536142$ & $0.00247787$ \\
CHL3_33 & $-0.00458159$ & $0.012288$ & $-0.00902328$ & $0.0208572$ & $-0.00716104$ & $-0.0564358$ & $-0.00289098$ & $-0.355448$ & $-0.355648$ & $0.443423$ & $0.012778$ & $-0.00490661$ & $0.560742$ & $-0.00857827$ & $-0.450149$ & $0.695815$ & $0.624816$ & $1$ & $-0.0185717$ & $-0.00157612$ & $-8.78383e-05$ & $0.0145603$ & $0.553713$ & $0.76919$ & $0.00789353$ & $0.0572222$ & $0.00762093$ & $-0.00329224$ & $-0.0146285$ & $-0.00806769$ & $-0.00650881$ & $0.000219726$ & $-0.290113$ & $-0.0153301$ & $-0.021383$ & $-0.0037871$ & $0.0152046$ & $0.00274896$ & $0.00236668$ & $0.00444183$ & $0.0193565$ & $-0.00323733$ & $-0.0138268$ & $0.00320311$ & $-0.0161415$ & $0.0211947$ & $-0.0108544$ & $-0.00531623$ \\
CHe_11 & $0.000115506$ & $-0.00478094$ & $-0.0174923$ & $-0.0091231$ & $-0.00680489$ & $-0.196901$ & $-0.00936477$ & $0.85784$ & $0.840328$ & $-0.315233$ & $-0.990108$ & $-0.28361$ & $0.58819$ & $0.485254$ & $0.474796$ & $0.314904$ & $-0.0174804$ & $-0.0185717$ & $1$ & $0.97161$ & $0.950642$ & $-0.0192992$ & $-0.217275$ & $0.0389069$ & $-0.552591$ & $0.195604$ & $0.316239$ & $0.000745818$ & $0.00723405$ & $0.0124636$ & $-0.0250638$ & $0.000331698$ & $0.264486$ & $-0.0345861$ & $-0.00513884$ & $0.00268082$ & $0.00419864$ & $0.0037635$ & $0.0216848$ & $-0.0122416$ & $0.00256313$ & $-0.00793919$ & $-0.0161394$ & $-0.0165691$ & $0.00322036$ & $0.0123897$ & $0.000535299$ & $-0.00957638$ \\
CHe_22 & $-8.43645e-05$ & $-0.0113477$ & $-0.0196047$ & $-0.00895295$ & $-0.00500946$ & $-0.20224$ & $-0.00782701$ & $0.904717$ & $0.886118$ & $-0.344752$ & $-0.991084$ & $-0.3178$ & $0.532545$ & $0.332333$ & $0.324416$ & $0.261781$ & $-0.00247286$ & $-0.00157612$ & $0.97161$ & $1$ & $0.974448$ & $0.0333472$ & $-0.333115$ & $0.0328026$ & $-0.564291$ & $0.355623$ & $0.323894$ & $-0.000594587$ & $0.00585953$ & $0.0123212$ & $-0.0252451$ & $-0.00410026$ & $0.434562$ & $-0.037173$ & $-0.000113689$ & $-0.000714979$ & $-0.00181297$ & $-0.00133055$ & $0.024226$ & $-0.0148385$ & $0.00217081$ & $-0.013711$ & $-0.0144856$ & $-0.0128974$ & $0.00835131$ & $0.00701852$ & $0.00161136$ & $-0.0102166$ \\
CHe_33 & $0.000661488$ & $-0.0107867$ & $-0.0191894$ & $-0.0120049$ & $-0.00527455$ & $-0.198942$ & $-0.00907251$ & $0.886678$ & $0.868761$ & $-0.340097$ & $-0.96933$ & $-0.311016$ & $0.516172$ & $0.321801$ & $0.341592$ & $0.253366$ & $-0.000991575$ & $-8.78383e-05$ & $0.950642$ & $0.974448$ & $1$ & $0.0324031$ & $-0.328731$ & $0.0321761$ & $-0.549881$ & $0.351276$ & $0.314951$ & $-0.000984984$ & $0.00637823$ & $0.0118715$ & $-0.0259174$ & $-0.00311172$ & $0.432306$ & $-0.0357323$ & $0.00399581$ & $-0.0026004$ & $0.000485177$ & $-0.000226518$ & $0.0242084$ & $-0.0167487$ & $0.000491149$ & $-0.013884$ & $-0.0149998$ & $-0.0118924$ & $0.00859153$ & $0.00670758$ & $0.00160027$ & $-0.00735307$ \\
CHQ1_11 & $-0.00497088$ & $-0.00434949$ & $-0.00979542$ & $0.00584696$ & $0.00336041$ & $-0.0163549$ & $-0.0028368$ & $0.0597797$ & $0.0588361$ & $-0.0500622$ & $-0.0053048$ & $-0.0395482$ & $-0.0756994$ & $-0.176178$ & $-0.167533$ & $-0.0712598$ & $0.0164769$ & $0.0145603$ & $-0.0192992$ & $0.0333472$ & $0.0324031$ & $1$ & $-0.139387$ & $0.0900809$ & $-0.67475$ & $0.338632$ & $-0.00121783$ & $-0.0059753$ & $0.0015234$ & $0.0061618$ & $-0.00294148$ & $-0.00572926$ & $0.19835$ & $-0.00997691$ & $0.0047639$ & $0.00212895$ & $-0.0187454$ & $-0.0196232$ & $-0.00541819$ & $0.00792379$ & $0.0258772$ & $-0.00301062$ & $0.0127935$ & $-0.00113786$ & $-0.00495858$ & $-0.0193559$ & $-0.00671115$ & $0.00796596$ \\
CHQ1_33 & $-0.0282447$ & $0.0282994$ & $-0.00496378$ & $0.0168299$ & $-0.000528316$ & $0.0059931$ & $-0.00341947$ & $-0.630069$ & $-0.623352$ & $0.519433$ & $0.275439$ & $0.146764$ & $0.421393$ & $0.152519$ & $0.142984$ & $0.62939$ & $0.556538$ & $0.553713$ & $-0.217275$ & $-0.333115$ & $-0.328731$ & $-0.139387$ & $1$ & $0.581471$ & $0.185694$ & $-0.41421$ & $0.0027398$ & $-0.00170816$ & $-0.00946109$ & $-0.0114264$ & $0.00111145$ & $0.0108946$ & $-0.619269$ & $0.0166514$ & $-0.0164127$ & $0.00796765$ & $0.0228397$ & $0.00344974$ & $-0.00804018$ & $0.00808337$ & $0.0124614$ & $0.0154522$ & $-0.0104449$ & $-0.00508165$ & $-0.0289439$ & $0.0270363$ & $0.00426312$ & $-0.00249682$ \\
CHQ3_11 & $-0.0509365$ & $0.0197884$ & $-0.0261273$ & $0.0215117$ & $-0.00567798$ & $-0.0910088$ & $-0.00412778$ & $-0.325669$ & $-0.325167$ & $0.431046$ & $-0.0344969$ & $-0.0120709$ & $0.56912$ & $-0.116355$ & $-0.121377$ & $0.746458$ & $0.768237$ & $0.76919$ & $0.0389069$ & $0.0328026$ & $0.0321761$ & $0.0900809$ & $0.581471$ & $1$ & $-0.0106203$ & $0.273525$ & $0.0206213$ & $-0.00524071$ & $-0.0135769$ & $-0.00409172$ & $-0.00903364$ & $-0.00137946$ & $-0.143155$ & $-0.00451952$ & $-0.0131841$ & $-0.00620736$ & $-0.00513245$ & $-0.0207109$ & $0.00944522$ & $-0.000227443$ & $0.0215435$ & $0.00271046$ & $-0.0151508$ & $-0.00829528$ & $-0.0230274$ & $0.0256133$ & $0.0196618$ & $-0.0147142$ \\
CHu_11 & $-0.0101407$ & $0.00908138$ & $0.00614538$ & $-0.00384008$ & $0.000857457$ & $0.123561$ & $0.0116778$ & $-0.512355$ & $-0.501832$ & $0.194813$ & $0.562152$ & $0.180068$ & $-0.301375$ & $-0.195342$ & $-0.195531$ & $-0.149027$ & $0.00337775$ & $0.00789353$ & $-0.552591$ & $-0.564291$ & $-0.549881$ & $-0.67475$ & $0.185694$ & $-0.0106203$ & $1$ & $-0.160203$ & $-0.17405$ & $0.00172396$ & $-0.00506959$ & $-0.0121464$ & $0.0219086$ & $0.00175408$ & $-0.241096$ & $0.0327033$ & $0.000165101$ & $-0.00544542$ & $0.00385576$ & $0.00138585$ & $-0.00446281$ & $0.00661563$ & $-0.0161796$ & $0.012492$ & $0.00595787$ & $0.0028028$ & $-0.00142986$ & $0.00383073$ & $0.011187$ & $-0.00579409$ \\
CHd_11 & $-0.00317163$ & $-0.0262351$ & $-0.0110474$ & $-0.00599491$ & $-0.000514335$ & $-0.0763624$ & $0.00174033$ & $0.40331$ & $0.397496$ & $-0.217992$ & $-0.273475$ & $-0.178333$ & $-0.0705082$ & $-0.414186$ & $-0.406993$ & $-0.124327$ & $0.0503661$ & $0.0572222$ & $0.195604$ & $0.355623$ & $0.351276$ & $0.338632$ & $-0.41421$ & $0.273525$ & $-0.160203$ & $1$ & $0.103382$ & $-0.00843566$ & $0.000799196$ & $0.00792552$ & $-0.00779101$ & $-0.0186278$ & $0.677004$ & $-0.0169532$ & $0.0230178$ & $-0.0114743$ & $-0.0357705$ & $-0.0323386$ & $0.0161055$ & $-0.0141786$ & $0.00121139$ & $-0.019173$ & $0.00726051$ & $0.00593581$ & $0.0199101$ & $-0.0150982$ & $0.00732927$ & $-0.0140899$ \\
CHd_33 & $0.0112618$ & $0.00505365$ & $-0.00152705$ & $0.00939667$ & $0.00254897$ & $-0.0737758$ & $0.00439411$ & $0.29011$ & $0.284637$ & $-0.115545$ & $-0.321984$ & $-0.112846$ & $0.171518$ & $0.107286$ & $0.101942$ & $0.0990518$ & $0.00770077$ & $0.00762093$ & $0.316239$ & $0.323894$ & $0.314951$ & $-0.00121783$ & $0.0027398$ & $0.0206213$ & $-0.17405$ & $0.103382$ & $1$ & $0.00336993$ & $0.000491978$ & $0.0024282$ & $-0.0030021$ & $-0.00687415$ & $0.143485$ & $-0.011559$ & $-0.00504981$ & $-0.00934677$ & $0.00181433$ & $0.000681515$ & $0.0174546$ & $-0.00547787$ & $0.00826917$ & $0.00528489$ & $0.00338931$ & $-0.00974955$ & $-0.00108604$ & $-0.00573812$ & $-0.0149634$ & $-0.0071657$ \\
CeH_22r & $0.00540754$ & $0.000626617$ & $0.012446$ & $0.0136971$ & $0.00156314$ & $-0.000504897$ & $0.0293466$ & $0.000467885$ & $0.00741023$ & $0.00533527$ & $3.11767e-05$ & $0.0346205$ & $-0.00512124$ & $0.0108467$ & $0.00200562$ & $0.00237869$ & $-0.00891956$ & $-0.00329224$ & $0.000745818$ & $-0.000594587$ & $-0.000984984$ & $-0.0059753$ & $-0.00170816$ & $-0.00524071$ & $0.00172396$ & $-0.00843566$ & $0.00336993$ & $1$ & $0.0338065$ & $0.0252445$ & $0.0150132$ & $0.0419405$ & $-0.00676337$ & $-0.00839072$ & $-0.0191092$ & $-0.00555143$ & $-0.0223506$ & $-0.00184442$ & $0.000814401$ & $0.00139455$ & $0.0128598$ & $0.0105755$ & $0.000223951$ & $0.00241647$ & $0.0108797$ & $-0.000791328$ & $0.00379743$ & $0.00797937$ \\
CeH_33r & $-0.0138727$ & $-0.00916232$ & $-0.0161564$ & $1.79166e-05$ & $-0.0041989$ & $0.00433626$ & $-0.0397894$ & $0.0117843$ & $0.0364434$ & $-0.0715139$ & $-0.00653742$ & $0.198228$ & $-0.0058412$ & $0.00297043$ & $0.00699629$ & $-0.0127654$ & $-0.0115329$ & $-0.0146285$ & $0.00723405$ & $0.00585953$ & $0.00637823$ & $0.0015234$ & $-0.00946109$ & $-0.0135769$ & $-0.00506959$ & $0.000799196$ & $0.000491978$ & $0.0338065$ & $1$ & $0.297253$ & $0.107986$ & $0.680421$ & $0.0052241$ & $-0.0442459$ & $-0.0393054$ & $-0.0645663$ & $-0.0226427$ & $-0.0276021$ & $0.0029493$ & $0.0188036$ & $0.00060837$ & $0.0018605$ & $-0.0108325$ & $0.0254261$ & $0.0175352$ & $0.00677865$ & $-0.00574489$ & $-0.00055434$ \\
CuH_22r & $-0.0377$ & $0.0375961$ & $-0.00632983$ & $0.00639317$ & $0.00207936$ & $0.00112295$ & $-0.035047$ & $0.014824$ & $0.0273498$ & $-0.0487848$ & $-0.0116383$ & $0.027377$ & $0.00148796$ & $0.00639596$ & $0.00325508$ & $-0.00908798$ & $-0.0100273$ & $-0.00806769$ & $0.0124636$ & $0.0123212$ & $0.0118715$ & $0.0061618$ & $-0.0114264$ & $-0.00409172$ & $-0.0121464$ & $0.00792552$ & $0.0024282$ & $0.0252445$ & $0.297253$ & $1$ & $0.0524673$ & $0.370412$ & $0.00591545$ & $-0.0333308$ & $-0.0262647$ & $-0.0127678$ & $0.000873103$ & $-0.0458693$ & $-0.014433$ & $0.0393396$ & $-0.00397225$ & $0.0227032$ & $-0.0277161$ & $0.00989701$ & $-0.0106122$ & $0.130478$ & $-0.0257337$ & $-0.0102607$ \\
CuH_33r & $-0.151966$ & $0.0535199$ & $-0.0623183$ & $0.0279544$ & $0.00855969$ & $0.00546303$ & $0.932993$ & $-0.0181868$ & $0.029538$ & $0.0306026$ & $0.0269951$ & $0.0751112$ & $-0.0242253$ & $-0.00510001$ & $-0.0163999$ & $-0.021174$ & $-0.0163197$ & $-0.00650881$ & $-0.0250638$ & $-0.0252451$ & $-0.0259174$ & $-0.00294148$ & $0.00111145$ & $-0.00903364$ & $0.0219086$ & $-0.00779101$ & $-0.0030021$ & $0.0150132$ & $0.107986$ & $0.0524673$ & $1$ & $0.1492$ & $-0.0101683$ & $-0.00136271$ & $0.000560231$ & $-0.0228561$ & $-0.0271827$ & $-0.0551561$ & $-0.00815565$ & $0.0199953$ & $0.0209603$ & $0.0220619$ & $-0.0126444$ & $0.0262275$ & $-0.0586707$ & $0.0218533$ & $0.0214315$ & $0.0383175$ \\
CdH_33r & $-0.0284995$ & $-0.0294207$ & $-0.0598468$ & $0.0491208$ & $-0.00462174$ & $0.0107373$ & $-0.0563347$ & $-0.00563912$ & $0.0225972$ & $-0.0727408$ & $0.00150449$ & $0.263976$ & $0.00852457$ & $0.00765796$ & $0.0105925$ & $0.000996811$ & $0.00302133$ & $0.000219726$ & $0.000331698$ & $-0.00410026$ & $-0.00311172$ & $-0.00572926$ & $0.0108946$ & $-0.00137946$ & $0.00175408$ & $-0.0186278$ & $-0.00687415$ & $0.0419405$ & $0.680421$ & $0.370412$ & $0.1492$ & $1$ & $-0.0146664$ & $0.035961$ & $0.0235785$ & $-0.0845427$ & $-0.0654733$ & $-0.0157107$ & $0.019347$ & $0.0457031$ & $0.038765$ & $-0.00896431$ & $-0.0164037$ & $0.0665632$ & $0.107055$ & $-0.0647081$ & $0.0903735$ & $0.229015$ \\
CLL_1221 & $0.000335504$ & $-0.0134637$ & $-0.012054$ & $0.000563492$ & $-0.00810184$ & $-0.123446$ & $-0.000576843$ & $0.540069$ & $0.531444$ & $-0.321266$ & $-0.347325$ & $-0.204102$ & $-0.177295$ & $-0.619912$ & $-0.121868$ & $-0.201743$ & $0.114982$ & $-0.290113$ & $0.264486$ & $0.434562$ & $0.432306$ & $0.19835$ & $-0.619269$ & $-0.143155$ & $-0.241096$ & $0.677004$ & $0.143485$ & $-0.00676337$ & $0.0052241$ & $0.00591545$ & $-0.0101683$ & $-0.0146664$ & $1$ & $-0.0206049$ & $0.0248342$ & $-0.0132209$ & $-0.024414$ & $-0.0218694$ & $0.0114219$ & $-0.0140339$ & $9.86516e-05$ & $-0.0181001$ & $0.00408284$ & $0.0014251$ & $0.01943$ & $-0.0187021$ & $0.0120501$ & $-0.00220228$ \\
eHggint & $-0.0918093$ & $0.0224139$ & $-0.131713$ & $0.302666$ & $0.017977$ & $0.0324497$ & $-0.0304326$ & $-0.0307643$ & $-0.0318841$ & $0.0323861$ & $0.0358937$ & $0.0543471$ & $-0.0143835$ & $-0.00713268$ & $0.00382402$ & $-0.0210471$ & $-0.00617952$ & $-0.0153301$ & $-0.0345861$ & $-0.037173$ & $-0.0357323$ & $-0.00997691$ & $0.0166514$ & $-0.00451952$ & $0.0327033$ & $-0.0169532$ & $-0.011559$ & $-0.00839072$ & $-0.0442459$ & $-0.0333308$ & $-0.00136271$ & $0.035961$ & $-0.0206049$ & $1$ & $0.476205$ & $0.361476$ & $-0.126646$ & $-0.160953$ & $0.105007$ & $0.0980798$ & $0.231384$ & $0.172064$ & $0.4028$ & $0.0974976$ & $0.0493364$ & $-0.00887787$ & $0.0359568$ & $0.382404$ \\
eHggpar & $0.0793355$ & $-0.0297458$ & $0.0376972$ & $0.0595216$ & $0.0108671$ & $0.0112109$ & $-0.0227699$ & $0.00984095$ & $0.00237904$ & $0.00532637$ & $0.0019022$ & $0.0332212$ & $-0.0082729$ & $-0.0245715$ & $-0.00370992$ & $-0.0269896$ & $-0.00299384$ & $-0.021383$ & $-0.00513884$ & $-0.000113689$ & $0.00399581$ & $0.0047639$ & $-0.0164127$ & $-0.0131841$ & $0.000165101$ & $0.0230178$ & $-0.00504981$ & $-0.0191092$ & $-0.0393054$ & $-0.0262647$ & $0.000560231$ & $0.0235785$ & $0.0248342$ & $0.476205$ & $1$ & $0.387547$ & $0.136955$ & $0.0787469$ & $-0.114425$ & $-0.0603625$ & $0.0357787$ & $-0.0206369$ & $0.0843199$ & $0.067742$ & $-0.023574$ & $-0.0776497$ & $0.0599366$ & $0.307131$ \\
eHWWint & $0.055516$ & $0.120718$ & $0.187494$ & $0.136297$ & $0.00415158$ & $0.00799548$ & $-0.0257133$ & $-0.00361355$ & $-0.013785$ & $-0.000725714$ & $0.000808828$ & $0.0117686$ & $0.00718857$ & $0.0145578$ & $0.00805919$ & $-0.000803259$ & $-0.00610191$ & $-0.0037871$ & $0.00268082$ & $-0.000714979$ & $-0.0026004$ & $0.00212895$ & $0.00796765$ & $-0.00620736$ & $-0.00544542$ & $-0.0114743$ & $-0.00934677$ & $-0.00555143$ & $-0.0645663$ & $-0.0127678$ & $-0.0228561$ & $-0.0845427$ & $-0.0132209$ & $0.361476$ & $0.387547$ & $1$ & $-0.0327914$ & $0.106639$ & $-0.0776265$ & $0.0811322$ & $-0.0144123$ & $-0.136474$ & $0.048992$ & $0.0781578$ & $-0.39534$ & $0.200122$ & $-0.213582$ & $0.0620164$ \\
eHWWpar & $0.111979$ & $0.0461263$ & $-0.0369926$ & $-0.105455$ & $-0.0219058$ & $-0.00182645$ & $-0.0199538$ & $-0.0116776$ & $-0.0146207$ & $0.024115$ & $-0.00166306$ & $0.0174724$ & $0.0175373$ & $0.020733$ & $0.0130498$ & $0.0222589$ & $0.00920053$ & $0.0152046$ & $0.00419864$ & $-0.00181297$ & $0.000485177$ & $-0.0187454$ & $0.0228397$ & $-0.00513245$ & $0.00385576$ & $-0.0357705$ & $0.00181433$ & $-0.0223506$ & $-0.0226427$ & $0.000873103$ & $-0.0271827$ & $-0.0654733$ & $-0.024414$ & $-0.126646$ & $0.136955$ & $-0.0327914$ & $1$ & $0.0410569$ & $0.0180306$ & $-0.0250738$ & $-0.0271982$ & $-0.0573105$ & $-0.103041$ & $0.0316804$ & $-0.095257$ & $0.0619573$ & $-0.0187274$ & $-0.19415$ \\
eHZZint & $0.28852$ & $-0.268343$ & $0.160476$ & $-0.175939$ & $-0.0149926$ & $-0.0149366$ & $-0.0520623$ & $0.00142313$ & $-0.0126457$ & $0.00906268$ & $-0.00620884$ & $-0.00197854$ & $0.0115197$ & $0.0165747$ & $0.0129305$ & $0.0105159$ & $0.00128341$ & $0.00274896$ & $0.0037635$ & $-0.00133055$ & $-0.000226518$ & $-0.0196232$ & $0.00344974$ & $-0.0207109$ & $0.00138585$ & $-0.0323386$ & $0.000681515$ & $-0.00184442$ & $-0.0276021$ & $-0.0458693$ & $-0.0551561$ & $-0.0157107$ & $-0.0218694$ & $-0.160953$ & $0.0787469$ & $0.106639$ & $0.0410569$ & $1$ & $-0.0461757$ & $-0.388224$ & $-0.0235781$ & $-0.295455$ & $-0.408692$ & $-0.238559$ & $-0.23499$ & $-0.270378$ & $0.0901061$ & $-0.0303073$ \\
eHZZpar & $-0.0836823$ & $-0.0751199$ & $-0.133767$ & $0.0529765$ & $0.0148751$ & $-0.00386241$ & $-0.0105582$ & $0.0235871$ & $0.0231751$ & $0.00535699$ & $-0.0242845$ & $0.0033845$ & $0.00977447$ & $0.00702002$ & $0.00284058$ & $0.00876751$ & $-0.00163362$ & $0.00236668$ & $0.0216848$ & $0.024226$ & $0.0242084$ & $-0.00541819$ & $-0.00804018$ & $0.00944522$ & $-0.00446281$ & $0.0161055$ & $0.0174546$ & $0.000814401$ & $0.0029493$ & $-0.014433$ & $-0.00815565$ & $0.019347$ & $0.0114219$ & $0.105007$ & $-0.114425$ & $-0.0776265$ & $0.0180306$ & $-0.0461757$ & $1$ & $-0.0563905$ & $0.0289129$ & $0.00185165$ & $0.0193249$ & $0.00210641$ & $0.0685435$ & $-0.0643798$ & $0.0773978$ & $0.0537121$ \\
eHZgaint & $-0.160608$ & $0.372851$ & $-0.161602$ & $-0.0437975$ & $-0.00983694$ & $0.00673224$ & $0.0175405$ & $-0.0217166$ & $-0.012829$ & $-0.0214853$ & $0.0190174$ & $-0.0111548$ & $-0.0117653$ & $0.0101572$ & $-0.00976509$ & $-0.00307586$ & $-0.0110517$ & $0.00444183$ & $-0.0122416$ & $-0.0148385$ & $-0.0167487$ & $0.00792379$ & $0.00808337$ & $-0.000227443$ & $0.00661563$ & $-0.0141786$ & $-0.00547787$ & $0.00139455$ & $0.0188036$ & $0.0393396$ & $0.0199953$ & $0.0457031$ & $-0.0140339$ & $0.0980798$ & $-0.0603625$ & $0.0811322$ & $-0.0250738$ & $-0.388224$ & $-0.0563905$ & $1$ & $0.136771$ & $0.210804$ & $0.133179$ & $0.315978$ & $0.000542791$ & $0.198183$ & $-0.235649$ & $0.226165$ \\
eHZgapar & $-0.031092$ & $0.122685$ & $-0.0381865$ & $0.246381$ & $-0.00307644$ & $0.00107618$ & $0.0146538$ & $-0.00977915$ & $-0.00124701$ & $0.0014656$ & $-0.00106429$ & $-0.0126936$ & $0.0182476$ & $-0.00451872$ & $-0.00261166$ & $0.0181412$ & $0.0226878$ & $0.0193565$ & $0.00256313$ & $0.00217081$ & $0.000491149$ & $0.0258772$ & $0.0124614$ & $0.0215435$ & $-0.0161796$ & $0.00121139$ & $0.00826917$ & $0.0128598$ & $0.00060837$ & $-0.00397225$ & $0.0209603$ & $0.038765$ & $9.86516e-05$ & $0.231384$ & $0.0357787$ & $-0.0144123$ & $-0.0271982$ & $-0.0235781$ & $0.0289129$ & $0.136771$ & $1$ & $0.231659$ & $0.133494$ & $-0.094034$ & $-0.0462303$ & $-0.014804$ & $0.0460026$ & $0.186008$ \\
eHgagaint & $-0.128814$ & $0.382605$ & $0.105646$ & $0.208653$ & $0.0284414$ & $-0.0133714$ & $0.0176485$ & $-0.0219082$ & $0.0106686$ & $0.00946107$ & $0.0171143$ & $0.0111239$ & $-0.0109468$ & $0.0186481$ & $0.00881262$ & $0.00482908$ & $-0.00996466$ & $-0.00323733$ & $-0.00793919$ & $-0.013711$ & $-0.013884$ & $-0.00301062$ & $0.0154522$ & $0.00271046$ & $0.012492$ & $-0.019173$ & $0.00528489$ & $0.0105755$ & $0.0018605$ & $0.0227032$ & $0.0220619$ & $-0.00896431$ & $-0.0181001$ & $0.172064$ & $-0.0206369$ & $-0.136474$ & $-0.0573105$ & $-0.295455$ & $0.00185165$ & $0.210804$ & $0.231659$ & $1$ & $0.24901$ & $-0.271276$ & $-0.160284$ & $0.238438$ & $-0.0999281$ & $-0.0489881$ \\
eHmumuint & $0.0839397$ & $0.0631742$ & $-0.129793$ & $0.0365297$ & $0.00666247$ & $0.0137691$ & $-0.0173943$ & $-0.00716779$ & $-0.000265171$ & $0.000317041$ & $0.0154937$ & $0.00722981$ & $-0.0198646$ & $-0.00949467$ & $-0.00880484$ & $-0.0196113$ & $-0.0128289$ & $-0.0138268$ & $-0.0161394$ & $-0.0144856$ & $-0.0149998$ & $0.0127935$ & $-0.0104449$ & $-0.0151508$ & $0.00595787$ & $0.00726051$ & $0.00338931$ & $0.000223951$ & $-0.0108325$ & $-0.0277161$ & $-0.0126444$ & $-0.0164037$ & $0.00408284$ & $0.4028$ & $0.0843199$ & $0.048992$ & $-0.103041$ & $-0.408692$ & $0.0193249$ & $0.133179$ & $0.133494$ & $0.24901$ & $1$ & $0.203745$ & $0.287406$ & $-0.155951$ & $-0.254555$ & $0.0837468$ \\
eHtautauint & $0.0650213$ & $-0.32854$ & $-0.183053$ & $-0.12784$ & $-0.0177037$ & $0.0181616$ & $0.0198859$ & $-0.0010279$ & $-0.00839056$ & $-0.00400114$ & $0.00922477$ & $0.00556007$ & $-0.00744343$ & $-0.0184099$ & $-0.0212208$ & $-0.015856$ & $0.000317232$ & $0.00320311$ & $-0.0165691$ & $-0.0128974$ & $-0.0118924$ & $-0.00113786$ & $-0.00508165$ & $-0.00829528$ & $0.0028028$ & $0.00593581$ & $-0.00974955$ & $0.00241647$ & $0.0254261$ & $0.00989701$ & $0.0262275$ & $0.0665632$ & $0.0014251$ & $0.0974976$ & $0.067742$ & $0.0781578$ & $0.0316804$ & $-0.238559$ & $0.00210641$ & $0.315978$ & $-0.094034$ & $-0.271276$ & $0.203745$ & $1$ & $0.459522$ & $-0.0983947$ & $0.0633062$ & $0.263275$ \\
eHccint & $0.107751$ & $-0.386076$ & $-0.0711581$ & $-0.0214135$ & $-0.0154215$ & $0.0161421$ & $-0.060413$ & $0.0272759$ & $0.0203085$ & $-0.0197441$ & $-0.0113291$ & $-0.0113647$ & $-0.00940883$ & $-0.0165394$ & $-0.0086883$ & $-0.0294391$ & $-0.01245$ & $-0.0161415$ & $0.00322036$ & $0.00835131$ & $0.00859153$ & $-0.00495858$ & $-0.0289439$ & $-0.0230274$ & $-0.00142986$ & $0.0199101$ & $-0.00108604$ & $0.0108797$ & $0.0175352$ & $-0.0106122$ & $-0.0586707$ & $0.107055$ & $0.01943$ & $0.0493364$ & $-0.023574$ & $-0.39534$ & $-0.095257$ & $-0.23499$ & $0.0685435$ & $0.000542791$ & $-0.0462303$ & $-0.160284$ & $0.287406$ & $0.459522$ & $1$ & $-0.365883$ & $0.17601$ & $0.328427$ \\
eHccpar & $-0.190741$ & $0.419386$ & $0.0357706$ & $0.167182$ & $-0.0146353$ & $0.00266431$ & $0.0225193$ & $-0.0132824$ & $-0.00502005$ & $0.00370338$ & $-0.00362946$ & $0.00142029$ & $0.0203644$ & $0.0260495$ & $0.00859635$ & $0.0258965$ & $0.00723086$ & $0.0211947$ & $0.0123897$ & $0.00701852$ & $0.00670758$ & $-0.0193559$ & $0.0270363$ & $0.0256133$ & $0.00383073$ & $-0.0150982$ & $-0.00573812$ & $-0.000791328$ & $0.00677865$ & $0.130478$ & $0.0218533$ & $-0.0647081$ & $-0.0187021$ & $-0.00887787$ & $-0.0776497$ & $0.200122$ & $0.0619573$ & $-0.270378$ & $-0.0643798$ & $0.198183$ & $-0.014804$ & $0.238438$ & $-0.155951$ & $-0.0983947$ & $-0.365883$ & $1$ & $-0.221678$ & $-0.201136$ \\
eHbbint & $-0.444089$ & $-0.0578174$ & $-0.387445$ & $-0.0367292$ & $0.0230909$ & $-0.000227876$ & $0.0139835$ & $0.00546568$ & $0.00217619$ & $0.0105605$ & $-0.00139526$ & $0.00852975$ & $0.00198916$ & $-0.0111035$ & $0.00756533$ & $-0.00716276$ & $0.00536142$ & $-0.0108544$ & $0.000535299$ & $0.00161136$ & $0.00160027$ & $-0.00671115$ & $0.00426312$ & $0.0196618$ & $0.011187$ & $0.00732927$ & $-0.0149634$ & $0.00379743$ & $-0.00574489$ & $-0.0257337$ & $0.0214315$ & $0.0903735$ & $0.0120501$ & $0.0359568$ & $0.0599366$ & $-0.213582$ & $-0.0187274$ & $0.0901061$ & $0.0773978$ & $-0.235649$ & $0.0460026$ & $-0.0999281$ & $-0.254555$ & $0.0633062$ & $0.17601$ & $-0.221678$ & $1$ & $0.0780302$ \\
eHbbpar & $0.0956513$ & $-0.068373$ & $-0.0632626$ & $0.285126$ & $0.00690479$ & $0.0124847$ & $0.0162334$ & $-0.00672072$ & $-0.0112808$ & $0.00434096$ & $0.00858597$ & $0.0177723$ & $-0.00315429$ & $-0.00749467$ & $0.00257043$ & $-0.00725433$ & $0.00247787$ & $-0.00531623$ & $-0.00957638$ & $-0.0102166$ & $-0.00735307$ & $0.00796596$ & $-0.00249682$ & $-0.0147142$ & $-0.00579409$ & $-0.0140899$ & $-0.0071657$ & $0.00797937$ & $-0.00055434$ & $-0.0102607$ & $0.0383175$ & $0.229015$ & $-0.00220228$ & $0.382404$ & $0.307131$ & $0.0620164$ & $-0.19415$ & $-0.0303073$ & $0.0537121$ & $0.226165$ & $0.186008$ & $-0.0489881$ & $0.0837468$ & $0.263275$ & $0.328427$ & $-0.201136$ & $0.0780302$ & $1$ \\
