 & AlsMz & dAle5Mz & mtop & mHl & Mz & CW & CHG & CHWB & CHWHB_gaga & CHWHB_gagaorth & CHD & CHbox & CH & CHL1_11 & CHL1_22 & CHL1_33 & CHL3_11 & CHL3_22 & CHL3_33 & CHe_11 & CHe_22 & CHe_33 & CHQ1_11 & CHQ1_33 & CHQ3_11 & CHu_11 & CHd_11 & CHd_33 & CeH_22r & CeH_33r & CuH_22r & CuH_33r & CdH_33r & CLL_1221 & eHggint & eHggpar & eHWWint & eHWWpar & eHZZint & eHZZpar & eHZgaint & eHZgapar & eHgagaint & eHmumuint & eHtautauint & eHccint & eHccpar & eHbbint & eHbbpar \\
AlsMz & $1$ & $-0.0494515$ & $0.435351$ & $0.113778$ & $0.0376059$ & $0.000113276$ & $0.00434947$ & $-0.0221288$ & $-0.0313093$ & $0.0375675$ & $-7.27679e-05$ & $0.0339086$ & $0.00736116$ & $0.0278342$ & $-0.00398595$ & $0.0201939$ & $0.0339848$ & $0.0396162$ & $0.022085$ & $-9.84647e-06$ & $-0.00625438$ & $-0.00658569$ & $0.0092516$ & $0.00335863$ & $-0.0477506$ & $-0.0295016$ & $-0.0448088$ & $-0.00658462$ & $-0.00143919$ & $0.00368246$ & $-0.0186246$ & $0.038041$ & $-0.0340791$ & $-0.0155206$ & $0.275559$ & $0.415363$ & $-0.0963944$ & $-0.0459284$ & $0.227161$ & $0.0513241$ & $-0.111569$ & $0.0328598$ & $-0.0100232$ & $0.306986$ & $-0.0496954$ & $0.203427$ & $-0.149579$ & $0.336465$ & $-0.244268$ \\
dAle5Mz & $-0.0494515$ & $1$ & $-0.199624$ & $-0.0895721$ & $0.0255486$ & $-0.0123242$ & $0.0766336$ & $-0.0135952$ & $0.00121266$ & $-0.0557934$ & $0.00925344$ & $-0.0499079$ & $-0.0252255$ & $-0.0149211$ & $0.0246792$ & $0.00914519$ & $-0.00116603$ & $-0.0209963$ & $-0.00616658$ & $0.00508643$ & $-0.00134398$ & $0.00947676$ & $0.00525813$ & $-0.0051448$ & $-0.00355016$ & $0.0226572$ & $0.00242182$ & $0.00363214$ & $-0.014657$ & $0.00812322$ & $-0.0666811$ & $0.0714324$ & $-0.0209645$ & $-0.00162754$ & $-0.0202664$ & $-0.120846$ & $-0.0381453$ & $0.0551881$ & $0.017602$ & $-0.0238317$ & $-0.189891$ & $0.0542577$ & $0.219713$ & $0.0980651$ & $-0.142581$ & $0.00835577$ & $-0.200206$ & $-0.129021$ & $-0.0181454$ \\
mtop & $0.435351$ & $-0.199624$ & $1$ & $0.212727$ & $0.0155206$ & $0.0124492$ & $0.0425786$ & $0.02065$ & $0.0145974$ & $0.0218995$ & $-0.023545$ & $0.0248649$ & $0.0354508$ & $0.0311493$ & $0.0430831$ & $0.024395$ & $-0.000294516$ & $-0.0153916$ & $-0.0038352$ & $0.0269267$ & $0.0201139$ & $0.0103039$ & $0.00373617$ & $-0.0131908$ & $-0.0794191$ & $-0.0578886$ & $-0.085036$ & $0.0135771$ & $-0.0396791$ & $0.0116164$ & $0.0660456$ & $0.0525983$ & $-0.0344024$ & $-0.0292708$ & $-0.121908$ & $0.250283$ & $-0.0265575$ & $-0.0068058$ & $0.368208$ & $-0.00438775$ & $-0.169297$ & $0.155606$ & $-0.135753$ & $0.304257$ & $-0.0255085$ & $0.227724$ & $0.205809$ & $0.136935$ & $-0.220527$ \\
mHl & $0.113778$ & $-0.0895721$ & $0.212727$ & $1$ & $-0.039515$ & $-0.0246487$ & $0.0266108$ & $-0.0129113$ & $-0.0234289$ & $0.0399404$ & $0.0244877$ & $0.078431$ & $0.0297327$ & $-0.0304695$ & $-0.0351601$ & $-0.0103929$ & $-0.0175699$ & $0.00196059$ & $-0.0222348$ & $-0.0278881$ & $-0.0201367$ & $-0.0316873$ & $0.010904$ & $-0.0139275$ & $-0.0463954$ & $0.00966313$ & $-0.0250899$ & $-0.0290764$ & $0.00360065$ & $-0.0306827$ & $0.032514$ & $0.0208563$ & $-0.0308086$ & $0.0164691$ & $-0.262437$ & $0.133732$ & $0.326001$ & $-0.0332433$ & $-0.333032$ & $-0.11817$ & $-0.180633$ & $0.084427$ & $-0.294772$ & $0.274242$ & $-0.0433867$ & $0.0775246$ & $0.120174$ & $0.0848476$ & $-0.19097$ \\
Mz & $0.0376059$ & $0.0255486$ & $0.0155206$ & $-0.039515$ & $1$ & $-0.00681676$ & $-0.00199014$ & $-0.00791478$ & $-0.00769327$ & $-0.00596917$ & $0.00672216$ & $-0.0246893$ & $-0.0109101$ & $0.0134096$ & $0.0266947$ & $0.00170467$ & $0.0147381$ & $-0.00485692$ & $0.0152279$ & $0.00426173$ & $-0.000188089$ & $0.00142841$ & $-0.00690536$ & $0.00513047$ & $0.00985395$ & $0.00806659$ & $-0.0119122$ & $-0.00407001$ & $-0.0201988$ & $-0.00600823$ & $0.00771601$ & $0.0025867$ & $-0.017068$ & $-0.0313465$ & $0.00537277$ & $-0.0302941$ & $-0.0930144$ & $0.0130177$ & $0.0528315$ & $0.00934729$ & $-0.00798926$ & $0.00677002$ & $0.0239985$ & $0.015094$ & $-0.0160209$ & $0.0196499$ & $-0.0320578$ & $-0.00361468$ & $-0.0400047$ \\
CW & $0.000113276$ & $-0.0123242$ & $0.0124492$ & $-0.0246487$ & $-0.00681676$ & $1$ & $-0.040167$ & $-0.117055$ & $-0.114586$ & $0.0125166$ & $0.174107$ & $0.0442424$ & $0.00546904$ & $0.0225972$ & $-0.0699936$ & $-0.0645675$ & $-0.246242$ & $-0.0482677$ & $-0.0482577$ & $-0.172126$ & $-0.17744$ & $-0.170373$ & $0.0170343$ & $0.000637149$ & $-0.080954$ & $0.0799972$ & $-0.0678859$ & $-0.0647854$ & $-0.00153962$ & $0.017812$ & $0.0139162$ & $-0.0310239$ & $0.0272487$ & $-0.113372$ & $-0.00337105$ & $0.00231952$ & $-0.0278754$ & $-0.0354716$ & $0.0271688$ & $0.00207793$ & $0.0356436$ & $0.038574$ & $0.0315569$ & $-0.00993472$ & $-0.00602796$ & $-0.00753805$ & $-0.00110467$ & $0.00899031$ & $0.0145975$ \\
CHG & $0.00434947$ & $0.0766336$ & $0.0425786$ & $0.0266108$ & $-0.00199014$ & $-0.040167$ & $1$ & $-0.122103$ & $-0.070159$ & $0.0593828$ & $0.0843615$ & $-0.105695$ & $-0.289547$ & $0.0264376$ & $-0.0358337$ & $-0.0414231$ & $0.0902881$ & $0.094805$ & $0.104716$ & $-0.0844715$ & $-0.0840624$ & $-0.0776612$ & $-0.0296215$ & $0.0998354$ & $0.097759$ & $0.066599$ & $-0.0346461$ & $-0.0132372$ & $0.00914622$ & $-0.109713$ & $-0.0759764$ & $0.93733$ & $-0.152175$ & $-0.0525133$ & $-0.0821787$ & $0.0563995$ & $0.133729$ & $-0.0264582$ & $-0.0543258$ & $-0.012067$ & $-0.0361035$ & $0.0951781$ & $-0.0181846$ & $0.024057$ & $-0.0105606$ & $0.0052306$ & $0.0584274$ & $-0.0290719$ & $0.0647209$ \\
CHWB & $-0.0221288$ & $-0.0135952$ & $0.02065$ & $-0.0129113$ & $-0.00791478$ & $-0.117055$ & $-0.122103$ & $1$ & $0.985176$ & $-0.573555$ & $-0.874742$ & $-0.158651$ & $0.324145$ & $0.0891531$ & $0.276034$ & $0.281197$ & $-0.239404$ & $-0.424107$ & $-0.427756$ & $0.844586$ & $0.894228$ & $0.877896$ & $0.0883987$ & $-0.66469$ & $-0.398318$ & $-0.512053$ & $0.420779$ & $0.321111$ & $0.0130664$ & $0.0942023$ & $0.0663147$ & $-0.122225$ & $0.116829$ & $0.553664$ & $-0.0488228$ & $0.00240739$ & $-0.0318314$ & $-0.000616343$ & $0.0126656$ & $0.0474385$ & $0.00390974$ & $0.0211666$ & $0.016902$ & $-0.0226731$ & $0.0163085$ & $0.0175618$ & $0.0434605$ & $-0.0252436$ & $0.0232013$ \\
CHWHB_gaga & $-0.0313093$ & $0.00121266$ & $0.0145974$ & $-0.0234289$ & $-0.00769327$ & $-0.114586$ & $-0.070159$ & $0.985176$ & $1$ & $-0.562696$ & $-0.859241$ & $-0.137843$ & $0.317095$ & $0.080769$ & $0.271609$ & $0.280232$ & $-0.239058$ & $-0.422227$ & $-0.427014$ & $0.82987$ & $0.878848$ & $0.864648$ & $0.0890528$ & $-0.656571$ & $-0.393502$ & $-0.503448$ & $0.417733$ & $0.31492$ & $0.018391$ & $0.114677$ & $0.0732606$ & $-0.0805223$ & $0.140452$ & $0.547105$ & $-0.067786$ & $0.000905548$ & $-0.0408452$ & $-0.00797954$ & $0.0102811$ & $0.0432081$ & $0.00887432$ & $0.0252964$ & $0.0569757$ & $-0.0357386$ & $0.00664343$ & $0.026796$ & $0.0386992$ & $-0.0246618$ & $0.0344136$ \\
CHWHB_gagaorth & $0.0375675$ & $-0.0557934$ & $0.0218995$ & $0.0399404$ & $-0.00596917$ & $0.0125166$ & $0.0593828$ & $-0.573555$ & $-0.562696$ & $1$ & $0.360511$ & $0.519442$ & $-0.227541$ & $0.22852$ & $-0.117534$ & $-0.14269$ & $0.414147$ & $0.469669$ & $0.487753$ & $-0.347317$ & $-0.3768$ & $-0.378258$ & $-0.0619827$ & $0.534316$ & $0.467821$ & $0.213297$ & $-0.235312$ & $-0.151025$ & $0.00613956$ & $-0.102012$ & $-0.0804744$ & $0.0764607$ & $-0.135952$ & $-0.348333$ & $0.0332026$ & $0.0174135$ & $0.04451$ & $-0.0133623$ & $-0.0221735$ & $-0.0111185$ & $-0.0059133$ & $-0.0131259$ & $-0.0365243$ & $0.010519$ & $-0.00499219$ & $0.00786707$ & $-0.0138534$ & $0.0332902$ & $-0.0122164$ \\
CHD & $-7.27679e-05$ & $0.00925344$ & $-0.023545$ & $0.0244877$ & $0.00672216$ & $0.174107$ & $0.0843615$ & $-0.874742$ & $-0.859241$ & $0.360511$ & $1$ & $0.247992$ & $-0.152093$ & $-0.512424$ & $-0.402646$ & $-0.40408$ & $-0.225956$ & $0.0555487$ & $0.056316$ & $-0.990015$ & $-0.990635$ & $-0.970017$ & $-0.0231174$ & $0.289278$ & $0.013734$ & $0.562243$ & $-0.280863$ & $-0.360466$ & $-0.00315619$ & $-0.0524023$ & $-0.0488643$ & $0.0945446$ & $-0.0684203$ & $-0.35552$ & $0.0276359$ & $0.0255429$ & $0.0504007$ & $-0.0132432$ & $-0.0276651$ & $-0.0534299$ & $-0.00140835$ & $-0.0294032$ & $-0.0200957$ & $0.0314572$ & $-0.0122215$ & $-0.0329698$ & $-0.0377936$ & $0.0114154$ & $-0.0144897$ \\
CHbox & $0.0339086$ & $-0.0499079$ & $0.0248649$ & $0.078431$ & $-0.0246893$ & $0.0442424$ & $-0.105695$ & $-0.158651$ & $-0.137843$ & $0.519442$ & $0.247992$ & $1$ & $0.346812$ & $-0.236362$ & $-0.01476$ & $-0.0379464$ & $-0.193521$ & $-0.150045$ & $-0.132594$ & $-0.230131$ & $-0.253022$ & $-0.250879$ & $-0.0190209$ & $-0.016588$ & $-0.142428$ & $0.132948$ & $-0.114805$ & $-0.106152$ & $0.0640731$ & $0.303148$ & $0.069452$ & $-0.0162427$ & $0.364283$ & $-0.125953$ & $0.0129578$ & $0.0995484$ & $0.0785937$ & $-0.0423279$ & $-0.0595898$ & $-0.00170058$ & $-0.0041081$ & $0.00623834$ & $-0.0568893$ & $0.0281163$ & $0.00318871$ & $0.000263617$ & $0.018801$ & $0.0301741$ & $-0.00218701$ \\
CH & $0.00736116$ & $-0.0252255$ & $0.0354508$ & $0.0297327$ & $-0.0109101$ & $0.00546904$ & $-0.289547$ & $0.324145$ & $0.317095$ & $-0.227541$ & $-0.152093$ & $0.346812$ & $1$ & $-0.239041$ & $0.0647239$ & $0.0627721$ & $-0.333536$ & $-0.358629$ & $-0.357984$ & $0.146975$ & $0.162654$ & $0.162787$ & $0.0270883$ & $-0.366571$ & $-0.353211$ & $-0.0961386$ & $0.123412$ & $0.0490796$ & $0.0548146$ & $0.28069$ & $0.123214$ & $-0.240862$ & $0.357154$ & $0.194602$ & $-0.0573624$ & $0.068894$ & $0.0129717$ & $-0.00834265$ & $-0.0361609$ & $0.0331273$ & $-0.0166156$ & $0.0317535$ & $-0.045331$ & $0.00493841$ & $0.0292315$ & $0.00914715$ & $0.0214441$ & $0.0217592$ & $-0.00105987$ \\
CHL1_11 & $0.0278342$ & $-0.0149211$ & $0.0311493$ & $-0.0304695$ & $0.0134096$ & $0.0225972$ & $0.0264376$ & $0.0891531$ & $0.080769$ & $0.22852$ & $-0.512424$ & $-0.236362$ & $-0.239041$ & $1$ & $0.259372$ & $0.262707$ & $0.666464$ & $0.598454$ & $0.596944$ & $0.530825$ & $0.470766$ & $0.455288$ & $-0.0794737$ & $0.478264$ & $0.600046$ & $-0.25936$ & $-0.104834$ & $0.172248$ & $-0.021761$ & $-0.0580211$ & $-0.00928038$ & $0.00732361$ & $-0.0610676$ & $-0.208286$ & $0.0278027$ & $-0.0613224$ & $-0.0652385$ & $0.0364184$ & $0.0520393$ & $0.0394583$ & $0.0022278$ & $0.0293794$ & $0.0172817$ & $-0.0328219$ & $-0.00842389$ & $0.0415089$ & $0.0102866$ & $0.0229526$ & $-0.00622256$ \\
CHL1_22 & $-0.00398595$ & $0.0246792$ & $0.0430831$ & $-0.0351601$ & $0.0266947$ & $-0.0699936$ & $-0.0358337$ & $0.276034$ & $0.271609$ & $-0.117534$ & $-0.402646$ & $-0.01476$ & $0.0647239$ & $0.259372$ & $1$ & $0.44036$ & $0.170549$ & $-0.459903$ & $-0.0237478$ & $0.472972$ & $0.315289$ & $0.311439$ & $-0.193705$ & $0.137313$ & $-0.145704$ & $-0.177686$ & $-0.426413$ & $0.124218$ & $-0.025692$ & $0.0402883$ & $0.0277785$ & $-0.0364787$ & $0.0493833$ & $-0.62073$ & $-0.055465$ & $-0.0359369$ & $-0.0466665$ & $-0.000121817$ & $0.03491$ & $0.00148805$ & $-0.011698$ & $0.0484556$ & $0.00158063$ & $-0.0407594$ & $0.00214919$ & $0.00810983$ & $0.0487986$ & $0.0360086$ & $-0.00247454$ \\
CHL1_33 & $0.0201939$ & $0.00914519$ & $0.024395$ & $-0.0103929$ & $0.00170467$ & $-0.0645675$ & $-0.0414231$ & $0.281197$ & $0.280232$ & $-0.14269$ & $-0.40408$ & $-0.0379464$ & $0.0627721$ & $0.262707$ & $0.44036$ & $1$ & $0.154954$ & $-0.0290458$ & $-0.440689$ & $0.473094$ & $0.318124$ & $0.341248$ & $-0.146694$ & $0.128132$ & $-0.141108$ & $-0.201002$ & $-0.400638$ & $0.125769$ & $0.0138054$ & $0.0166669$ & $0.0179284$ & $-0.0502419$ & $0.0430328$ & $-0.117559$ & $-0.0210714$ & $-0.0283078$ & $-0.0226086$ & $-0.0128039$ & $-0.0135628$ & $-0.000616661$ & $-0.00139033$ & $0.0207519$ & $-0.0052825$ & $-0.0217091$ & $0.00572627$ & $0.0388521$ & $0.0158821$ & $-0.0129905$ & $0.0318601$ \\
CHL3_11 & $0.0339848$ & $-0.00116603$ & $-0.000294516$ & $-0.0175699$ & $0.0147381$ & $-0.246242$ & $0.0902881$ & $-0.239404$ & $-0.239058$ & $0.414147$ & $-0.225956$ & $-0.193521$ & $-0.333536$ & $0.666464$ & $0.170549$ & $0.154954$ & $1$ & $0.725788$ & $0.736636$ & $0.249634$ & $0.189809$ & $0.179667$ & $-0.0917555$ & $0.682521$ & $0.774977$ & $-0.0982527$ & $-0.167168$ & $0.0831028$ & $-0.0152467$ & $-0.0858184$ & $-0.0358461$ & $0.0689701$ & $-0.100553$ & $-0.249658$ & $0.0389789$ & $-0.0456328$ & $-0.0153359$ & $0.02085$ & $0.0162023$ & $-0.00215991$ & $0.00214568$ & $0.00358839$ & $0.00322398$ & $-0.0144255$ & $0.00327539$ & $0.0283205$ & $-0.00790671$ & $0.0186948$ & $-0.0194771$ \\
CHL3_22 & $0.0396162$ & $-0.0209963$ & $-0.0153916$ & $0.00196059$ & $-0.00485692$ & $-0.0482677$ & $0.094805$ & $-0.424107$ & $-0.422227$ & $0.469669$ & $0.0555487$ & $-0.150045$ & $-0.358629$ & $0.598454$ & $-0.459903$ & $-0.0290458$ & $0.725788$ & $1$ & $0.661735$ & $-0.0609668$ & $-0.0502631$ & $-0.0530611$ & $0.00853976$ & $0.601136$ & $0.793766$ & $0.0340796$ & $0.0136891$ & $-0.0151398$ & $-0.00143858$ & $-0.106288$ & $-0.0504494$ & $0.0764768$ & $-0.123528$ & $0.0676324$ & $0.0746695$ & $-0.027026$ & $-0.00338812$ & $0.0248662$ & $0.00620329$ & $0.00806774$ & $0.00587329$ & $-0.0191108$ & $0.00280135$ & $0.00966448$ & $-0.0101306$ & $0.0242171$ & $-0.0416543$ & $0.000455773$ & $-0.0120136$ \\
CHL3_33 & $0.022085$ & $-0.00616658$ & $-0.0038352$ & $-0.0222348$ & $0.0152279$ & $-0.0482577$ & $0.104716$ & $-0.427756$ & $-0.427014$ & $0.487753$ & $0.056316$ & $-0.132594$ & $-0.357984$ & $0.596944$ & $-0.0237478$ & $-0.440689$ & $0.736636$ & $0.661735$ & $1$ & $-0.0604736$ & $-0.051019$ & $-0.05347$ & $-0.0246295$ & $0.606581$ & $0.793151$ & $0.0510416$ & $-0.00306408$ & $-0.0174243$ & $-0.0282936$ & $-0.0910206$ & $-0.0426552$ & $0.0911868$ & $-0.1162$ & $-0.327651$ & $0.0492777$ & $-0.0256643$ & $-0.018735$ & $0.0327399$ & $0.0413183$ & $0.00396185$ & $0.000547022$ & $0.0052886$ & $0.0100498$ & $-0.00716815$ & $-0.0104422$ & $0.00131759$ & $-0.0116522$ & $0.0440354$ & $-0.0295972$ \\
CHe_11 & $-9.84647e-06$ & $0.00508643$ & $0.0269267$ & $-0.0278881$ & $0.00426173$ & $-0.172126$ & $-0.0844715$ & $0.844586$ & $0.82987$ & $-0.347317$ & $-0.990015$ & $-0.230131$ & $0.146975$ & $0.530825$ & $0.472972$ & $0.473094$ & $0.249634$ & $-0.0609668$ & $-0.0604736$ & $1$ & $0.970205$ & $0.951471$ & $-0.00585367$ & $-0.231422$ & $-0.0110495$ & $-0.550569$ & $0.199376$ & $0.353788$ & $0.000701876$ & $0.0527862$ & $0.0468564$ & $-0.0948324$ & $0.0686628$ & $0.271549$ & $-0.0304244$ & $-0.031722$ & $-0.0541646$ & $0.0139113$ & $0.0303891$ & $0.051863$ & $-0.00398924$ & $0.0342091$ & $0.019576$ & $-0.0310913$ & $0.00613469$ & $0.0327533$ & $0.0369775$ & $-0.0105645$ & $0.0151704$ \\
CHe_22 & $-0.00625438$ & $-0.00134398$ & $0.0201139$ & $-0.0201367$ & $-0.000188089$ & $-0.17744$ & $-0.0840624$ & $0.894228$ & $0.878848$ & $-0.3768$ & $-0.990635$ & $-0.253022$ & $0.162654$ & $0.470766$ & $0.315289$ & $0.318124$ & $0.189809$ & $-0.0502631$ & $-0.051019$ & $0.970205$ & $1$ & $0.974801$ & $0.0538039$ & $-0.350234$ & $-0.0185873$ & $-0.564765$ & $0.367573$ & $0.36082$ & $0.00508322$ & $0.0531357$ & $0.0486033$ & $-0.0937429$ & $0.068332$ & $0.445196$ & $-0.0291233$ & $-0.0232508$ & $-0.0477942$ & $0.0139322$ & $0.0236073$ & $0.0529843$ & $0.0023036$ & $0.0264818$ & $0.0238146$ & $-0.0276105$ & $0.0115293$ & $0.0312025$ & $0.0333994$ & $-0.0177135$ & $0.0135687$ \\
CHe_33 & $-0.00658569$ & $0.00947676$ & $0.0103039$ & $-0.0316873$ & $0.00142841$ & $-0.170373$ & $-0.0776612$ & $0.877896$ & $0.864648$ & $-0.378258$ & $-0.970017$ & $-0.250879$ & $0.162787$ & $0.455288$ & $0.311439$ & $0.341248$ & $0.179667$ & $-0.0530611$ & $-0.05347$ & $0.951471$ & $0.974801$ & $1$ & $0.0569283$ & $-0.347367$ & $-0.0221719$ & $-0.554289$ & $0.358308$ & $0.350964$ & $0.00739965$ & $0.0549681$ & $0.0444859$ & $-0.0882585$ & $0.074765$ & $0.43768$ & $-0.0243613$ & $-0.0195247$ & $-0.0504428$ & $0.0107115$ & $0.0307266$ & $0.050258$ & $-0.000699885$ & $0.0257599$ & $0.0286823$ & $-0.02945$ & $0.00821108$ & $0.0295312$ & $0.0370838$ & $-0.0128996$ & $0.0226029$ \\
CHQ1_11 & $0.0092516$ & $0.00525813$ & $0.00373617$ & $0.010904$ & $-0.00690536$ & $0.0170343$ & $-0.0296215$ & $0.0883987$ & $0.0890528$ & $-0.0619827$ & $-0.0231174$ & $-0.0190209$ & $0.0270883$ & $-0.0794737$ & $-0.193705$ & $-0.146694$ & $-0.0917555$ & $0.00853976$ & $-0.0246295$ & $-0.00585367$ & $0.0538039$ & $0.0569283$ & $1$ & $-0.173169$ & $0.0694999$ & $-0.688206$ & $0.358729$ & $-0.00434868$ & $-0.0186992$ & $-0.000663745$ & $0.0114089$ & $-0.0364768$ & $-0.0109833$ & $0.235057$ & $-0.00416409$ & $-0.0160492$ & $-0.0156074$ & $-0.0176265$ & $0.0223356$ & $0.00383156$ & $-0.00627793$ & $-0.0418988$ & $0.0152105$ & $0.00982946$ & $-0.00566009$ & $-0.00274874$ & $-0.00350197$ & $-0.00792928$ & $-0.0262514$ \\
CHQ1_33 & $0.00335863$ & $-0.0051448$ & $-0.0131908$ & $-0.0139275$ & $0.00513047$ & $0.000637149$ & $0.0998354$ & $-0.66469$ & $-0.656571$ & $0.534316$ & $0.289278$ & $-0.016588$ & $-0.366571$ & $0.478264$ & $0.137313$ & $0.128132$ & $0.682521$ & $0.601136$ & $0.606581$ & $-0.231422$ & $-0.350234$ & $-0.347367$ & $-0.173169$ & $1$ & $0.626794$ & $0.208993$ & $-0.440395$ & $-0.0182134$ & $-0.0248893$ & $-0.0988522$ & $-0.0565823$ & $0.0879499$ & $-0.111462$ & $-0.629229$ & $0.0377855$ & $-0.0512228$ & $-0.00827469$ & $0.0109102$ & $-0.003145$ & $-0.0189468$ & $0.0128693$ & $0.00110012$ & $-0.00276741$ & $-0.0251988$ & $-0.00254164$ & $0.010158$ & $-0.00725485$ & $0.0217958$ & $-0.0136655$ \\
CHQ3_11 & $-0.0477506$ & $-0.00355016$ & $-0.0794191$ & $-0.0463954$ & $0.00985395$ & $-0.080954$ & $0.097759$ & $-0.398318$ & $-0.393502$ & $0.467821$ & $0.013734$ & $-0.142428$ & $-0.353211$ & $0.600046$ & $-0.145704$ & $-0.141108$ & $0.774977$ & $0.793766$ & $0.793151$ & $-0.0110495$ & $-0.0185873$ & $-0.0221719$ & $0.0694999$ & $0.626794$ & $1$ & $0.0234108$ & $0.214741$ & $0.00302636$ & $-0.0212523$ & $-0.0936928$ & $-0.0480968$ & $0.0813591$ & $-0.0988884$ & $-0.172$ & $0.0551017$ & $-0.0698881$ & $-0.0202111$ & $0.0267902$ & $0.00523937$ & $-0.00695198$ & $0.0252248$ & $-0.0068799$ & $0.0365584$ & $-0.044789$ & $-0.00879976$ & $0.0135853$ & $-0.0221715$ & $0.0041996$ & $0.0183875$ \\
CHu_11 & $-0.0295016$ & $0.0226572$ & $-0.0578886$ & $0.00966313$ & $0.00806659$ & $0.0799972$ & $0.066599$ & $-0.512053$ & $-0.503448$ & $0.213297$ & $0.562243$ & $0.132948$ & $-0.0961386$ & $-0.25936$ & $-0.177686$ & $-0.201002$ & $-0.0982527$ & $0.0340796$ & $0.0510416$ & $-0.550569$ & $-0.564765$ & $-0.554289$ & $-0.688206$ & $0.208993$ & $0.0234108$ & $1$ & $-0.178793$ & $-0.18311$ & $0.0154155$ & $-0.032337$ & $-0.033922$ & $0.0772176$ & $-0.0245356$ & $-0.258468$ & $0.0297133$ & $0.00528749$ & $0.0427166$ & $0.017134$ & $-0.0309138$ & $-0.0341892$ & $0.00232508$ & $0.00838726$ & $-0.0069941$ & $-0.00202992$ & $-0.020836$ & $-0.000975322$ & $-0.0101751$ & $0.00177771$ & $0.021641$ \\
CHd_11 & $-0.0448088$ & $0.00242182$ & $-0.085036$ & $-0.0250899$ & $-0.0119122$ & $-0.0678859$ & $-0.0346461$ & $0.420779$ & $0.417733$ & $-0.235312$ & $-0.280863$ & $-0.114805$ & $0.123412$ & $-0.104834$ & $-0.426413$ & $-0.400638$ & $-0.167168$ & $0.0136891$ & $-0.00306408$ & $0.199376$ & $0.367573$ & $0.358308$ & $0.358729$ & $-0.440395$ & $0.214741$ & $-0.178793$ & $1$ & $0.12096$ & $0.00616297$ & $0.0275067$ & $0.013856$ & $-0.0314299$ & $0.0436074$ & $0.697994$ & $0.0256114$ & $0.003997$ & $-0.0101862$ & $0.00325439$ & $-0.00418937$ & $0.019142$ & $0.0290875$ & $-0.0196122$ & $0.0593226$ & $-0.0232101$ & $0.000162811$ & $0.0126485$ & $-0.00660048$ & $-0.0245268$ & $0.0320986$ \\
CHd_33 & $-0.00658462$ & $0.00363214$ & $0.0135771$ & $-0.0290764$ & $-0.00407001$ & $-0.0647854$ & $-0.0132372$ & $0.321111$ & $0.31492$ & $-0.151025$ & $-0.360466$ & $-0.106152$ & $0.0490796$ & $0.172248$ & $0.124218$ & $0.125769$ & $0.0831028$ & $-0.0151398$ & $-0.0174243$ & $0.353788$ & $0.36082$ & $0.350964$ & $-0.00434868$ & $-0.0182134$ & $0.00302636$ & $-0.18311$ & $0.12096$ & $1$ & $-0.0132758$ & $0.0123727$ & $0.013901$ & $-0.0160753$ & $0.0203957$ & $0.156821$ & $0.00438059$ & $0.00183235$ & $0.0125941$ & $0.0174449$ & $0.00606219$ & $0.0181566$ & $0.0124616$ & $0.00475694$ & $0.0295552$ & $-0.0095726$ & $0.011091$ & $0.023017$ & $0.0340025$ & $0.00336216$ & $-0.00482306$ \\
CeH_22r & $-0.00143919$ & $-0.014657$ & $-0.0396791$ & $0.00360065$ & $-0.0201988$ & $-0.00153962$ & $0.00914622$ & $0.0130664$ & $0.018391$ & $0.00613956$ & $-0.00315619$ & $0.0640731$ & $0.0548146$ & $-0.021761$ & $-0.025692$ & $0.0138054$ & $-0.0152467$ & $-0.00143858$ & $-0.0282936$ & $0.000701876$ & $0.00508322$ & $0.00739965$ & $-0.0186992$ & $-0.0248893$ & $-0.0212523$ & $0.0154155$ & $0.00616297$ & $-0.0132758$ & $1$ & $0.0671923$ & $0.0189884$ & $-0.0038605$ & $0.0736408$ & $0.0331634$ & $0.0154484$ & $0.00423666$ & $0.0344181$ & $-0.00656085$ & $-0.02066$ & $0.00988116$ & $0.0249039$ & $0.0161766$ & $-0.0244345$ & $-0.0186815$ & $0.0384497$ & $-0.00534449$ & $0.0190713$ & $0.00419748$ & $0.0150174$ \\
CeH_33r & $0.00368246$ & $0.00812322$ & $0.0116164$ & $-0.0306827$ & $-0.00600823$ & $0.017812$ & $-0.109713$ & $0.0942023$ & $0.114677$ & $-0.102012$ & $-0.0524023$ & $0.303148$ & $0.28069$ & $-0.0580211$ & $0.0402883$ & $0.0166669$ & $-0.0858184$ & $-0.106288$ & $-0.0910206$ & $0.0527862$ & $0.0531357$ & $0.0549681$ & $-0.000663745$ & $-0.0988522$ & $-0.0936928$ & $-0.032337$ & $0.0275067$ & $0.0123727$ & $0.0671923$ & $1$ & $0.306588$ & $0.0386604$ & $0.72041$ & $0.0368046$ & $-0.0767471$ & $0.052316$ & $-0.0689809$ & $-0.0333326$ & $-0.0108947$ & $-0.0125598$ & $-0.00588195$ & $0.0179516$ & $-0.00933051$ & $-0.0170195$ & $0.0554645$ & $-0.0166184$ & $-0.0119283$ & $0.0248859$ & $-0.00472894$ \\
CuH_22r & $-0.0186246$ & $-0.0666811$ & $0.0660456$ & $0.032514$ & $0.00771601$ & $0.0139162$ & $-0.0759764$ & $0.0663147$ & $0.0732606$ & $-0.0804744$ & $-0.0488643$ & $0.069452$ & $0.123214$ & $-0.00928038$ & $0.0277785$ & $0.0179284$ & $-0.0358461$ & $-0.0504494$ & $-0.0426552$ & $0.0468564$ & $0.0486033$ & $0.0444859$ & $0.0114089$ & $-0.0565823$ & $-0.0480968$ & $-0.033922$ & $0.013856$ & $0.013901$ & $0.0189884$ & $0.306588$ & $1$ & $0.0159997$ & $0.393892$ & $0.0247929$ & $0.00579465$ & $0.0332647$ & $-0.0171777$ & $-0.0145068$ & $0.0331617$ & $-0.00924504$ & $0.0344107$ & $0.0318554$ & $-0.0265868$ & $-0.0143764$ & $-0.0201356$ & $0.102879$ & $0.249807$ & $-0.00235889$ & $-0.000539287$ \\
CuH_33r & $0.038041$ & $0.0714324$ & $0.0525983$ & $0.0208563$ & $0.0025867$ & $-0.0310239$ & $0.93733$ & $-0.122225$ & $-0.0805223$ & $0.0764607$ & $0.0945446$ & $-0.0162427$ & $-0.240862$ & $0.00732361$ & $-0.0364787$ & $-0.0502419$ & $0.0689701$ & $0.0764768$ & $0.0911868$ & $-0.0948324$ & $-0.0937429$ & $-0.0882585$ & $-0.0364768$ & $0.0879499$ & $0.0813591$ & $0.0772176$ & $-0.0314299$ & $-0.0160753$ & $-0.0038605$ & $0.0386604$ & $0.0159997$ & $1$ & $0.0435846$ & $-0.0536381$ & $-0.032967$ & $0.11055$ & $0.14562$ & $-0.0393552$ & $-0.0353239$ & $-0.0148526$ & $-0.0442216$ & $0.102259$ & $-0.0287957$ & $0.0378229$ & $-0.01335$ & $0.0140158$ & $0.0640243$ & $-0.00140788$ & $0.070973$ \\
CdH_33r & $-0.0340791$ & $-0.0209645$ & $-0.0344024$ & $-0.0308086$ & $-0.017068$ & $0.0272487$ & $-0.152175$ & $0.116829$ & $0.140452$ & $-0.135952$ & $-0.0684203$ & $0.364283$ & $0.357154$ & $-0.0610676$ & $0.0493833$ & $0.0430328$ & $-0.100553$ & $-0.123528$ & $-0.1162$ & $0.0686628$ & $0.068332$ & $0.074765$ & $-0.0109833$ & $-0.111462$ & $-0.0988884$ & $-0.0245356$ & $0.0436074$ & $0.0203957$ & $0.0736408$ & $0.72041$ & $0.393892$ & $0.0435846$ & $1$ & $0.0456161$ & $-0.0533399$ & $0.0971738$ & $-0.0623097$ & $-0.0390005$ & $-0.0657107$ & $-0.0191228$ & $0.00422166$ & $0.0350924$ & $0.0275527$ & $-0.0619773$ & $0.00873737$ & $0.075713$ & $0.0215865$ & $0.0799984$ & $0.22684$ \\
CLL_1221 & $-0.0155206$ & $-0.00162754$ & $-0.0292708$ & $0.0164691$ & $-0.0313465$ & $-0.113372$ & $-0.0525133$ & $0.553664$ & $0.547105$ & $-0.348333$ & $-0.35552$ & $-0.125953$ & $0.194602$ & $-0.208286$ & $-0.62073$ & $-0.117559$ & $-0.249658$ & $0.0676324$ & $-0.327651$ & $0.271549$ & $0.445196$ & $0.43768$ & $0.235057$ & $-0.629229$ & $-0.172$ & $-0.258468$ & $0.697994$ & $0.156821$ & $0.0331634$ & $0.0368046$ & $0.0247929$ & $-0.0536381$ & $0.0456161$ & $1$ & $0.00758645$ & $0.0319871$ & $0.0214284$ & $-0.00316592$ & $-0.0246161$ & $0.0265943$ & $0.0104335$ & $-0.029649$ & $0.0185865$ & $0.0196086$ & $0.0107853$ & $0.00889362$ & $-0.0141516$ & $-0.0559117$ & $0.0191527$ \\
eHggint & $0.275559$ & $-0.0202664$ & $-0.121908$ & $-0.262437$ & $0.00537277$ & $-0.00337105$ & $-0.0821787$ & $-0.0488228$ & $-0.067786$ & $0.0332026$ & $0.0276359$ & $0.0129578$ & $-0.0573624$ & $0.0278027$ & $-0.055465$ & $-0.0210714$ & $0.0389789$ & $0.0746695$ & $0.0492777$ & $-0.0304244$ & $-0.0291233$ & $-0.0243613$ & $-0.00416409$ & $0.0377855$ & $0.0551017$ & $0.0297133$ & $0.0256114$ & $0.00438059$ & $0.0154484$ & $-0.0767471$ & $0.00579465$ & $-0.032967$ & $-0.0533399$ & $0.00758645$ & $1$ & $0.0778$ & $0.0809783$ & $0.000941015$ & $0.19816$ & $0.0872076$ & $0.234036$ & $-0.0681482$ & $-0.0197593$ & $-0.0744725$ & $-0.0934092$ & $0.195334$ & $0.0423037$ & $0.0298428$ & $0.111152$ \\
eHggpar & $0.415363$ & $-0.120846$ & $0.250283$ & $0.133732$ & $-0.0302941$ & $0.00231952$ & $0.0563995$ & $0.00240739$ & $0.000905548$ & $0.0174135$ & $0.0255429$ & $0.0995484$ & $0.068894$ & $-0.0613224$ & $-0.0359369$ & $-0.0283078$ & $-0.0456328$ & $-0.027026$ & $-0.0256643$ & $-0.031722$ & $-0.0232508$ & $-0.0195247$ & $-0.0160492$ & $-0.0512228$ & $-0.0698881$ & $0.00528749$ & $0.003997$ & $0.00183235$ & $0.00423666$ & $0.052316$ & $0.0332647$ & $0.11055$ & $0.0971738$ & $0.0319871$ & $0.0778$ & $1$ & $0.189961$ & $-0.174923$ & $0.0204233$ & $0.0193964$ & $-0.159874$ & $-0.00539899$ & $-0.0350726$ & $0.165613$ & $0.205882$ & $-0.0744301$ & $-0.0587335$ & $0.364233$ & $0.0725076$ \\
eHWWint & $-0.0963944$ & $-0.0381453$ & $-0.0265575$ & $0.326001$ & $-0.0930144$ & $-0.0278754$ & $0.133729$ & $-0.0318314$ & $-0.0408452$ & $0.04451$ & $0.0504007$ & $0.0785937$ & $0.0129717$ & $-0.0652385$ & $-0.0466665$ & $-0.0226086$ & $-0.0153359$ & $-0.00338812$ & $-0.018735$ & $-0.0541646$ & $-0.0477942$ & $-0.0504428$ & $-0.0156074$ & $-0.00827469$ & $-0.0202111$ & $0.0427166$ & $-0.0101862$ & $0.0125941$ & $0.0344181$ & $-0.0689809$ & $-0.0171777$ & $0.14562$ & $-0.0623097$ & $0.0214284$ & $0.0809783$ & $0.189961$ & $1$ & $-0.0544013$ & $-0.284353$ & $-0.0654264$ & $-0.0721537$ & $0.120772$ & $-0.166589$ & $0.0427578$ & $0.0418024$ & $-0.138892$ & $0.0887281$ & $-0.163765$ & $0.124872$ \\
eHWWpar & $-0.0459284$ & $0.0551881$ & $-0.0068058$ & $-0.0332433$ & $0.0130177$ & $-0.0354716$ & $-0.0264582$ & $-0.000616343$ & $-0.00797954$ & $-0.0133623$ & $-0.0132432$ & $-0.0423279$ & $-0.00834265$ & $0.0364184$ & $-0.000121817$ & $-0.0128039$ & $0.02085$ & $0.0248662$ & $0.0327399$ & $0.0139113$ & $0.0139322$ & $0.0107115$ & $-0.0176265$ & $0.0109102$ & $0.0267902$ & $0.017134$ & $0.00325439$ & $0.0174449$ & $-0.00656085$ & $-0.0333326$ & $-0.0145068$ & $-0.0393552$ & $-0.0390005$ & $-0.00316592$ & $0.000941015$ & $-0.174923$ & $-0.0544013$ & $1$ & $0.0469576$ & $-0.0226542$ & $-0.061824$ & $-0.104093$ & $-0.0687032$ & $-0.0206975$ & $-0.0607655$ & $0.00106851$ & $-0.0245567$ & $-0.0311165$ & $-0.056373$ \\
eHZZint & $0.227161$ & $0.017602$ & $0.368208$ & $-0.333032$ & $0.0528315$ & $0.0271688$ & $-0.0543258$ & $0.0126656$ & $0.0102811$ & $-0.0221735$ & $-0.0276651$ & $-0.0595898$ & $-0.0361609$ & $0.0520393$ & $0.03491$ & $-0.0135628$ & $0.0162023$ & $0.00620329$ & $0.0413183$ & $0.0303891$ & $0.0236073$ & $0.0307266$ & $0.0223356$ & $-0.003145$ & $0.00523937$ & $-0.0309138$ & $-0.00418937$ & $0.00606219$ & $-0.02066$ & $-0.0108947$ & $0.0331617$ & $-0.0353239$ & $-0.0657107$ & $-0.0246161$ & $0.19816$ & $0.0204233$ & $-0.284353$ & $0.0469576$ & $1$ & $0.0922099$ & $-0.206637$ & $-0.0313997$ & $0.23453$ & $-0.0184903$ & $-0.0801681$ & $0.12908$ & $0.0643261$ & $0.245048$ & $-0.262073$ \\
eHZZpar & $0.0513241$ & $-0.0238317$ & $-0.00438775$ & $-0.11817$ & $0.00934729$ & $0.00207793$ & $-0.012067$ & $0.0474385$ & $0.0432081$ & $-0.0111185$ & $-0.0534299$ & $-0.00170058$ & $0.0331273$ & $0.0394583$ & $0.00148805$ & $-0.000616661$ & $-0.00215991$ & $0.00806774$ & $0.00396185$ & $0.051863$ & $0.0529843$ & $0.050258$ & $0.00383156$ & $-0.0189468$ & $-0.00695198$ & $-0.0341892$ & $0.019142$ & $0.0181566$ & $0.00988116$ & $-0.0125598$ & $-0.00924504$ & $-0.0148526$ & $-0.0191228$ & $0.0265943$ & $0.0872076$ & $0.0193964$ & $-0.0654264$ & $-0.0226542$ & $0.0922099$ & $1$ & $0.0604252$ & $-0.0631019$ & $-0.00471597$ & $-0.0360069$ & $0.00797868$ & $0.0188409$ & $-0.0124741$ & $-0.0132329$ & $-0.0300296$ \\
eHZgaint & $-0.111569$ & $-0.189891$ & $-0.169297$ & $-0.180633$ & $-0.00798926$ & $0.0356436$ & $-0.0361035$ & $0.00390974$ & $0.00887432$ & $-0.0059133$ & $-0.00140835$ & $-0.0041081$ & $-0.0166156$ & $0.0022278$ & $-0.011698$ & $-0.00139033$ & $0.00214568$ & $0.00587329$ & $0.000547022$ & $-0.00398924$ & $0.0023036$ & $-0.000699885$ & $-0.00627793$ & $0.0128693$ & $0.0252248$ & $0.00232508$ & $0.0290875$ & $0.0124616$ & $0.0249039$ & $-0.00588195$ & $0.0344107$ & $-0.0442216$ & $0.00422166$ & $0.0104335$ & $0.234036$ & $-0.159874$ & $-0.0721537$ & $-0.061824$ & $-0.206637$ & $0.0604252$ & $1$ & $-0.0268455$ & $0.0895952$ & $-0.421851$ & $-0.0659317$ & $0.100912$ & $0.182833$ & $-0.208114$ & $0.138883$ \\
eHZgapar & $0.0328598$ & $0.0542577$ & $0.155606$ & $0.084427$ & $0.00677002$ & $0.038574$ & $0.0951781$ & $0.0211666$ & $0.0252964$ & $-0.0131259$ & $-0.0294032$ & $0.00623834$ & $0.0317535$ & $0.0293794$ & $0.0484556$ & $0.0207519$ & $0.00358839$ & $-0.0191108$ & $0.0052886$ & $0.0342091$ & $0.0264818$ & $0.0257599$ & $-0.0418988$ & $0.00110012$ & $-0.0068799$ & $0.00838726$ & $-0.0196122$ & $0.00475694$ & $0.0161766$ & $0.0179516$ & $0.0318554$ & $0.102259$ & $0.0350924$ & $-0.029649$ & $-0.0681482$ & $-0.00539899$ & $0.120772$ & $-0.104093$ & $-0.0313997$ & $-0.0631019$ & $-0.0268455$ & $1$ & $-0.00605779$ & $0.0348728$ & $0.0568258$ & $0.00109716$ & $0.118299$ & $0.0566327$ & $0.0475548$ \\
eHgagaint & $-0.0100232$ & $0.219713$ & $-0.135753$ & $-0.294772$ & $0.0239985$ & $0.0315569$ & $-0.0181846$ & $0.016902$ & $0.0569757$ & $-0.0365243$ & $-0.0200957$ & $-0.0568893$ & $-0.045331$ & $0.0172817$ & $0.00158063$ & $-0.0052825$ & $0.00322398$ & $0.00280135$ & $0.0100498$ & $0.019576$ & $0.0238146$ & $0.0286823$ & $0.0152105$ & $-0.00276741$ & $0.0365584$ & $-0.0069941$ & $0.0593226$ & $0.0295552$ & $-0.0244345$ & $-0.00933051$ & $-0.0265868$ & $-0.0287957$ & $0.0275527$ & $0.0185865$ & $-0.0197593$ & $-0.0350726$ & $-0.166589$ & $-0.0687032$ & $0.23453$ & $-0.00471597$ & $0.0895952$ & $-0.00605779$ & $1$ & $-0.199751$ & $-0.28103$ & $0.228747$ & $-0.181382$ & $0.0676855$ & $0.0889938$ \\
eHmumuint & $0.306986$ & $0.0980651$ & $0.304257$ & $0.274242$ & $0.015094$ & $-0.00993472$ & $0.024057$ & $-0.0226731$ & $-0.0357386$ & $0.010519$ & $0.0314572$ & $0.0281163$ & $0.00493841$ & $-0.0328219$ & $-0.0407594$ & $-0.0217091$ & $-0.0144255$ & $0.00966448$ & $-0.00716815$ & $-0.0310913$ & $-0.0276105$ & $-0.02945$ & $0.00982946$ & $-0.0251988$ & $-0.044789$ & $-0.00202992$ & $-0.0232101$ & $-0.0095726$ & $-0.0186815$ & $-0.0170195$ & $-0.0143764$ & $0.0378229$ & $-0.0619773$ & $0.0196086$ & $-0.0744725$ & $0.165613$ & $0.0427578$ & $-0.0206975$ & $-0.0184903$ & $-0.0360069$ & $-0.421851$ & $0.0348728$ & $-0.199751$ & $1$ & $-0.0813432$ & $-0.218808$ & $-0.122597$ & $0.013298$ & $-0.270639$ \\
eHtautauint & $-0.0496954$ & $-0.142581$ & $-0.0255085$ & $-0.0433867$ & $-0.0160209$ & $-0.00602796$ & $-0.0105606$ & $0.0163085$ & $0.00664343$ & $-0.00499219$ & $-0.0122215$ & $0.00318871$ & $0.0292315$ & $-0.00842389$ & $0.00214919$ & $0.00572627$ & $0.00327539$ & $-0.0101306$ & $-0.0104422$ & $0.00613469$ & $0.0115293$ & $0.00821108$ & $-0.00566009$ & $-0.00254164$ & $-0.00879976$ & $-0.020836$ & $0.000162811$ & $0.011091$ & $0.0384497$ & $0.0554645$ & $-0.0201356$ & $-0.01335$ & $0.00873737$ & $0.0107853$ & $-0.0934092$ & $0.205882$ & $0.0418024$ & $-0.0607655$ & $-0.0801681$ & $0.00797868$ & $-0.0659317$ & $0.0568258$ & $-0.28103$ & $-0.0813432$ & $1$ & $-0.137326$ & $-0.0936856$ & $0.108705$ & $-0.0430083$ \\
eHccint & $0.203427$ & $0.00835577$ & $0.227724$ & $0.0775246$ & $0.0196499$ & $-0.00753805$ & $0.0052306$ & $0.0175618$ & $0.026796$ & $0.00786707$ & $-0.0329698$ & $0.000263617$ & $0.00914715$ & $0.0415089$ & $0.00810983$ & $0.0388521$ & $0.0283205$ & $0.0242171$ & $0.00131759$ & $0.0327533$ & $0.0312025$ & $0.0295312$ & $-0.00274874$ & $0.010158$ & $0.0135853$ & $-0.000975322$ & $0.0126485$ & $0.023017$ & $-0.00534449$ & $-0.0166184$ & $0.102879$ & $0.0140158$ & $0.075713$ & $0.00889362$ & $0.195334$ & $-0.0744301$ & $-0.138892$ & $0.00106851$ & $0.12908$ & $0.0188409$ & $0.100912$ & $0.00109716$ & $0.228747$ & $-0.218808$ & $-0.137326$ & $1$ & $0.257167$ & $0.0862774$ & $0.193124$ \\
eHccpar & $-0.149579$ & $-0.200206$ & $0.205809$ & $0.120174$ & $-0.0320578$ & $-0.00110467$ & $0.0584274$ & $0.0434605$ & $0.0386992$ & $-0.0138534$ & $-0.0377936$ & $0.018801$ & $0.0214441$ & $0.0102866$ & $0.0487986$ & $0.0158821$ & $-0.00790671$ & $-0.0416543$ & $-0.0116522$ & $0.0369775$ & $0.0333994$ & $0.0370838$ & $-0.00350197$ & $-0.00725485$ & $-0.0221715$ & $-0.0101751$ & $-0.00660048$ & $0.0340025$ & $0.0190713$ & $-0.0119283$ & $0.249807$ & $0.0640243$ & $0.0215865$ & $-0.0141516$ & $0.0423037$ & $-0.0587335$ & $0.0887281$ & $-0.0245567$ & $0.0643261$ & $-0.0124741$ & $0.182833$ & $0.118299$ & $-0.181382$ & $-0.122597$ & $-0.0936856$ & $0.257167$ & $1$ & $-0.173778$ & $0.125718$ \\
eHbbint & $0.336465$ & $-0.129021$ & $0.136935$ & $0.0848476$ & $-0.00361468$ & $0.00899031$ & $-0.0290719$ & $-0.0252436$ & $-0.0246618$ & $0.0332902$ & $0.0114154$ & $0.0301741$ & $0.0217592$ & $0.0229526$ & $0.0360086$ & $-0.0129905$ & $0.0186948$ & $0.000455773$ & $0.0440354$ & $-0.0105645$ & $-0.0177135$ & $-0.0128996$ & $-0.00792928$ & $0.0217958$ & $0.0041996$ & $0.00177771$ & $-0.0245268$ & $0.00336216$ & $0.00419748$ & $0.0248859$ & $-0.00235889$ & $-0.00140788$ & $0.0799984$ & $-0.0559117$ & $0.0298428$ & $0.364233$ & $-0.163765$ & $-0.0311165$ & $0.245048$ & $-0.0132329$ & $-0.208114$ & $0.0566327$ & $0.0676855$ & $0.013298$ & $0.108705$ & $0.0862774$ & $-0.173778$ & $1$ & $-0.146461$ \\
eHbbpar & $-0.244268$ & $-0.0181454$ & $-0.220527$ & $-0.19097$ & $-0.0400047$ & $0.0145975$ & $0.0647209$ & $0.0232013$ & $0.0344136$ & $-0.0122164$ & $-0.0144897$ & $-0.00218701$ & $-0.00105987$ & $-0.00622256$ & $-0.00247454$ & $0.0318601$ & $-0.0194771$ & $-0.0120136$ & $-0.0295972$ & $0.0151704$ & $0.0135687$ & $0.0226029$ & $-0.0262514$ & $-0.0136655$ & $0.0183875$ & $0.021641$ & $0.0320986$ & $-0.00482306$ & $0.0150174$ & $-0.00472894$ & $-0.000539287$ & $0.070973$ & $0.22684$ & $0.0191527$ & $0.111152$ & $0.0725076$ & $0.124872$ & $-0.056373$ & $-0.262073$ & $-0.0300296$ & $0.138883$ & $0.0475548$ & $0.0889938$ & $-0.270639$ & $-0.0430083$ & $0.193124$ & $0.125718$ & $-0.146461$ & $1$ \\
