 & AlsMz & dAle5Mz & mtop & mHl & Mz & CW & CHG & CHWB & CHWHB_gaga & CHWHB_gagaorth & CHD & CHbox & CH & CHL1_11 & CHL1_22 & CHL1_33 & CHL3_11 & CHL3_22 & CHL3_33 & CHe_11 & CHe_22 & CHe_33 & CHQ1_11 & CHQ1_33 & CHQ3_11 & CHu_11 & CHd_11 & CHd_33 & CeH_22r & CeH_33r & CuH_22r & CuH_33r & CdH_33r & CLL_1221 & eHggint & eHggpar & eHWWint & eHWWpar & eHZZint & eHZZpar & eHZgaint & eHZgapar & eHgagaint & eHmumuint & eHtautauint & eHccint & eHccpar & eHbbint & eHbbpar \\
AlsMz & $1$ & $0.248153$ & $-0.155281$ & $-0.0636063$ & $0.654656$ & $-0.0939354$ & $-0.0660498$ & $0.0689019$ & $0.0708648$ & $-0.0490188$ & $-0.0623243$ & $0.226427$ & $0.407614$ & $-0.0417487$ & $0.344055$ & $0.104981$ & $-0.0669356$ & $-0.214503$ & $-0.10798$ & $0.106802$ & $-0.050502$ & $-0.0129129$ & $-0.151763$ & $0.0218895$ & $-0.179908$ & $0.112082$ & $-0.309001$ & $-0.0398314$ & $0.00369957$ & $0.0780292$ & $0.0378258$ & $-0.0104444$ & $0.0919986$ & $-0.180697$ & $-0.138832$ & $0.0828505$ & $0.350322$ & $0.00201624$ & $0.335347$ & $-0.0836557$ & $-0.0354364$ & $-0.221719$ & $-0.659963$ & $-0.0548835$ & $-0.508715$ & $-0.0171581$ & $-0.719892$ & $-0.402942$ & $-0.159368$ \\
dAle5Mz & $0.248153$ & $1$ & $0.0500044$ & $0.257321$ & $0.262222$ & $0.0723427$ & $0.0653859$ & $-0.160798$ & $-0.153414$ & $0.0435314$ & $0.0699798$ & $0.105467$ & $0.133908$ & $0.133624$ & $0.151117$ & $0.424631$ & $0.0651814$ & $0.0392657$ & $-0.177615$ & $-0.00437495$ & $-0.0415933$ & $-0.157536$ & $0.0847718$ & $0.190288$ & $-0.0579438$ & $-0.0482028$ & $-0.489576$ & $0.0653108$ & $-0.00656239$ & $0.0104888$ & $-0.00333232$ & $0.102417$ & $0.0241446$ & $-0.279174$ & $0.246997$ & $0.425638$ & $0.620619$ & $0.198422$ & $-0.00301451$ & $-0.566084$ & $0.382023$ & $0.164765$ & $0.0985397$ & $-0.0955077$ & $-0.194775$ & $0.0964741$ & $-0.160061$ & $0.472753$ & $-0.5189$ \\
mtop & $-0.155281$ & $0.0500044$ & $1$ & $-0.577175$ & $-0.177136$ & $-0.101168$ & $-0.178718$ & $0.268968$ & $0.261707$ & $-0.162565$ & $-0.212819$ & $-0.135889$ & $-0.240609$ & $-0.125406$ & $0.0647103$ & $0.272196$ & $-0.14658$ & $-0.195719$ & $-0.29824$ & $0.219397$ & $0.211215$ & $0.19005$ & $0.351467$ & $-0.121766$ & $-0.140264$ & $-0.261957$ & $0.274174$ & $-0.136686$ & $-0.00362343$ & $-0.0290971$ & $-0.0383997$ & $-0.312736$ & $-0.0386692$ & $0.135107$ & $-0.463002$ & $-0.156911$ & $0.123936$ & $0.13809$ & $0.0835704$ & $-0.0769767$ & $0.351051$ & $-0.529794$ & $0.182828$ & $-0.451928$ & $0.0942427$ & $0.0123877$ & $0.221153$ & $0.00299439$ & $0.105726$ \\
mHl & $-0.0636063$ & $0.257321$ & $-0.577175$ & $1$ & $-0.151513$ & $0.131729$ & $0.0282052$ & $-0.337668$ & $-0.339024$ & $0.126034$ & $0.233595$ & $-0.237174$ & $0.117316$ & $0.267919$ & $-0.0853877$ & $-0.100714$ & $0.289054$ & $0.301928$ & $0.309187$ & $-0.323622$ & $-0.153511$ & $-0.182361$ & $-0.304446$ & $0.233801$ & $0.237572$ & $0.236294$ & $-0.324737$ & $0.314166$ & $-0.0123948$ & $-0.0706183$ & $0.00830017$ & $-0.0474581$ & $-0.051913$ & $-0.125397$ & $0.563651$ & $0.267086$ & $0.103641$ & $0.0110057$ & $-0.167979$ & $0.00469697$ & $-0.147658$ & $0.204906$ & $-0.0641781$ & $0.184241$ & $0.146302$ & $0.484362$ & $0.0709877$ & $0.316842$ & $-0.390014$ \\
Mz & $0.654656$ & $0.262222$ & $-0.177136$ & $-0.151513$ & $1$ & $-0.0307444$ & $0.0739406$ & $0.028203$ & $0.0391357$ & $-0.0911009$ & $0.0315606$ & $0.297936$ & $0.135113$ & $-0.124903$ & $0.1022$ & $0.295592$ & $-0.164385$ & $-0.0795279$ & $-0.279153$ & $0.0905262$ & $-0.070134$ & $-0.104285$ & $-0.00849092$ & $-0.0581707$ & $-0.258311$ & $0.00695986$ & $-0.423679$ & $-0.026046$ & $0.0101722$ & $0.132329$ & $0.0380074$ & $0.245245$ & $0.144143$ & $-0.0438919$ & $0.065131$ & $0.0245862$ & $0.317773$ & $0.174479$ & $0.341953$ & $-0.040393$ & $-0.216736$ & $-0.13539$ & $-0.437617$ & $-0.237707$ & $-0.364121$ & $-0.0946969$ & $-0.681443$ & $-0.218883$ & $-0.0973946$ \\
CW & $-0.0939354$ & $0.0723427$ & $-0.101168$ & $0.131729$ & $-0.0307444$ & $1$ & $0.0431156$ & $-0.199629$ & $-0.201184$ & $0.162622$ & $0.121478$ & $-0.0395309$ & $0.0421805$ & $0.355445$ & $-0.0730677$ & $0.0636119$ & $0.0209703$ & $0.186812$ & $0.134763$ & $-0.164074$ & $-0.0510222$ & $-0.113975$ & $0.00917751$ & $0.131589$ & $0.157367$ & $0.0289527$ & $-0.137569$ & $0.0356602$ & $-0.000845735$ & $-0.0440856$ & $-0.0172954$ & $0.0215855$ & $-0.0520218$ & $-0.170531$ & $0.0402074$ & $0.12422$ & $0.0564022$ & $0.0322692$ & $-0.132302$ & $0.056189$ & $-0.0166774$ & $0.119799$ & $0.0526798$ & $0.0344104$ & $0.0416929$ & $0.064499$ & $0.108283$ & $0.213047$ & $-0.0678066$ \\
CHG & $-0.0660498$ & $0.0653859$ & $-0.178718$ & $0.0282052$ & $0.0739406$ & $0.0431156$ & $1$ & $0.0376087$ & $0.0664429$ & $-0.0441153$ & $-0.0259242$ & $-0.205714$ & $-0.286187$ & $-0.0115928$ & $-0.128164$ & $-0.0138858$ & $-0.0674001$ & $0.022292$ & $-0.0400161$ & $0.0459625$ & $0.0643155$ & $-0.000440804$ & $-0.0208232$ & $-0.0821379$ & $-0.0670668$ & $0.0440069$ & $0.00183251$ & $-0.0596951$ & $0.0426204$ & $-0.310186$ & $-0.191399$ & $0.638574$ & $-0.430116$ & $0.0587085$ & $0.0596311$ & $0.231734$ & $-0.123133$ & $0.0451812$ & $0.100984$ & $-0.0743127$ & $-0.203488$ & $0.330358$ & $0.149246$ & $0.0399153$ & $-0.149831$ & $-0.387545$ & $-0.163155$ & $0.130447$ & $0.0301146$ \\
CHWB & $0.0689019$ & $-0.160798$ & $0.268968$ & $-0.337668$ & $0.028203$ & $-0.199629$ & $0.0376087$ & $1$ & $0.989385$ & $-0.456808$ & $-0.865791$ & $-0.174058$ & $-0.288235$ & $-0.250345$ & $0.250309$ & $0.0593036$ & $-0.547131$ & $-0.614321$ & $-0.451117$ & $0.80793$ & $0.510606$ & $0.509209$ & $-0.186845$ & $-0.529939$ & $-0.574279$ & $0.0488146$ & $0.367703$ & $-0.109252$ & $0.00456028$ & $0.00455333$ & $-0.0163627$ & $0.0372914$ & $-0.0260117$ & $0.504141$ & $-0.226785$ & $0.0886356$ & $-0.238242$ & $-0.230452$ & $0.468324$ & $-0.272533$ & $0.165709$ & $-0.00511656$ & $-0.117313$ & $-0.0227251$ & $-0.375775$ & $-0.263134$ & $-0.039889$ & $-0.133613$ & $0.102787$ \\
CHWHB_gaga & $0.0708648$ & $-0.153414$ & $0.261707$ & $-0.339024$ & $0.0391357$ & $-0.201184$ & $0.0664429$ & $0.989385$ & $1$ & $-0.457494$ & $-0.855952$ & $-0.15348$ & $-0.291339$ & $-0.253716$ & $0.25046$ & $0.060026$ & $-0.546912$ & $-0.611454$ & $-0.450782$ & $0.805071$ & $0.504534$ & $0.503987$ & $-0.18514$ & $-0.526526$ & $-0.571952$ & $0.048256$ & $0.363083$ & $-0.108116$ & $0.0113165$ & $0.0283504$ & $-0.00299268$ & $0.0519678$ & $0.00176413$ & $0.493583$ & $-0.220569$ & $0.0856472$ & $-0.234362$ & $-0.221971$ & $0.466124$ & $-0.272559$ & $0.166528$ & $0.00437438$ & $-0.114224$ & $-0.0205128$ & $-0.375507$ & $-0.272339$ & $-0.0486689$ & $-0.131013$ & $0.0968034$ \\
CHWHB_gagaorth & $-0.0490188$ & $0.0435314$ & $-0.162565$ & $0.126034$ & $-0.0911009$ & $0.162622$ & $-0.0441153$ & $-0.456808$ & $-0.457494$ & $1$ & $0.117673$ & $0.344597$ & $0.205865$ & $0.653238$ & $0.0240106$ & $-0.0594296$ & $0.729536$ & $0.567519$ & $0.55721$ & $-0.216768$ & $-0.0804617$ & $-0.106198$ & $-0.017838$ & $0.492046$ & $0.628394$ & $0.00185995$ & $-0.217616$ & $0.208879$ & $-0.00194463$ & $-0.0499304$ & $-0.00666248$ & $-0.0150856$ & $-0.0511236$ & $-0.241668$ & $-0.00603601$ & $-0.0664622$ & $0.279466$ & $0.135347$ & $-0.441032$ & $0.0783767$ & $0.0124573$ & $0.0474728$ & $0.147033$ & $0.0670133$ & $0.231827$ & $0.213034$ & $0.0823055$ & $0.149977$ & $-0.272979$ \\
CHD & $-0.0623243$ & $0.0699798$ & $-0.212819$ & $0.233595$ & $0.0315606$ & $0.121478$ & $-0.0259242$ & $-0.865791$ & $-0.855952$ & $0.117673$ & $1$ & $0.0998172$ & $0.212253$ & $-0.124604$ & $-0.310052$ & $-0.0827921$ & $0.190708$ & $0.362402$ & $0.200604$ & $-0.851035$ & $-0.569472$ & $-0.554132$ & $0.232145$ & $0.312577$ & $0.292681$ & $-0.0494533$ & $-0.243833$ & $0.0111709$ & $-0.00374571$ & $0.00371621$ & $0.0136436$ & $-0.0248637$ & $0.0249675$ & $-0.330548$ & $0.211339$ & $-0.123724$ & $0.0968644$ & $0.196872$ & $-0.31486$ & $0.300412$ & $-0.232504$ & $-0.0220159$ & $0.0537774$ & $0.0158115$ & $0.318758$ & $0.165874$ & $-0.0175425$ & $0.0164318$ & $0.0642131$ \\
CHbox & $0.226427$ & $0.105467$ & $-0.135889$ & $-0.237174$ & $0.297936$ & $-0.0395309$ & $-0.205714$ & $-0.174058$ & $-0.15348$ & $0.344597$ & $0.0998172$ & $1$ & $0.413651$ & $-0.0401303$ & $0.184793$ & $0.104837$ & $0.0332984$ & $0.00160756$ & $-0.0253768$ & $0.116248$ & $-0.0690932$ & $-0.124662$ & $-0.0384518$ & $0.125731$ & $0.049335$ & $0.000154151$ & $-0.178264$ & $0.0740999$ & $0.0267187$ & $0.241568$ & $0.0605179$ & $-0.00881853$ & $0.231479$ & $-0.330431$ & $0.0323574$ & $-0.181592$ & $0.275454$ & $0.0726645$ & $-0.205583$ & $-0.037941$ & $0.223162$ & $0.106759$ & $-0.0619308$ & $0.0881617$ & $-0.0140347$ & $-0.0513202$ & $-0.206711$ & $-0.138484$ & $-0.173134$ \\
CH & $0.407614$ & $0.133908$ & $-0.240609$ & $0.117316$ & $0.135113$ & $0.0421805$ & $-0.286187$ & $-0.288235$ & $-0.291339$ & $0.205865$ & $0.212253$ & $0.413651$ & $1$ & $0.117748$ & $0.250026$ & $0.181923$ & $0.213112$ & $0.0308428$ & $0.0276415$ & $-0.212307$ & $-0.234045$ & $-0.187678$ & $-0.141613$ & $0.26852$ & $0.108403$ & $0.078499$ & $-0.415259$ & $0.153167$ & $7.41779e-06$ & $0.0694512$ & $0.0288343$ & $-0.343378$ & $0.0833142$ & $-0.347007$ & $0.252473$ & $0.168182$ & $0.143556$ & $-0.437322$ & $-0.0957548$ & $0.0224331$ & $0.0646052$ & $-0.0884644$ & $-0.261278$ & $-0.0666493$ & $-0.133986$ & $0.107946$ & $-0.0287615$ & $-0.0888984$ & $-0.00250635$ \\
CHL1_11 & $-0.0417487$ & $0.133624$ & $-0.125406$ & $0.267919$ & $-0.124903$ & $0.355445$ & $-0.0115928$ & $-0.250345$ & $-0.253716$ & $0.653238$ & $-0.124604$ & $-0.0401303$ & $0.117748$ & $1$ & $0.0593957$ & $0.0273826$ & $0.557557$ & $0.521281$ & $0.506388$ & $-0.0936995$ & $0.0703242$ & $0.030183$ & $-0.0885747$ & $0.426883$ & $0.543723$ & $0.0406519$ & $-0.246701$ & $0.188875$ & $-0.0069182$ & $-0.00964691$ & $-0.00107777$ & $-0.0341486$ & $0.0077714$ & $-0.205752$ & $0.0496247$ & $0.113873$ & $0.198912$ & $0.0327105$ & $-0.272019$ & $0.00645973$ & $0.0171071$ & $0.0373955$ & $0.116908$ & $-0.00827552$ & $0.107827$ & $0.214486$ & $0.130425$ & $0.26902$ & $-0.271536$ \\
CHL1_22 & $0.344055$ & $0.151117$ & $0.0647103$ & $-0.0853877$ & $0.1022$ & $-0.0730677$ & $-0.128164$ & $0.250309$ & $0.25046$ & $0.0240106$ & $-0.310052$ & $0.184793$ & $0.250026$ & $0.0593957$ & $1$ & $0.277493$ & $-0.0248547$ & $-0.442263$ & $-0.200573$ & $0.321245$ & $-0.0414361$ & $0.158126$ & $-0.0882318$ & $0.0854502$ & $-0.117451$ & $0.141536$ & $-0.134594$ & $-0.0306844$ & $-0.0101697$ & $0.0628352$ & $0.0330099$ & $-0.121399$ & $0.0760715$ & $-0.322906$ & $-0.0155373$ & $-0.0020064$ & $0.183266$ & $-0.134585$ & $0.0914362$ & $-0.231902$ & $0.257938$ & $-0.0805698$ & $-0.265763$ & $-0.117274$ & $-0.131611$ & $0.000784814$ & $-0.0762468$ & $-0.0575595$ & $-0.193371$ \\
CHL1_33 & $0.104981$ & $0.424631$ & $0.272196$ & $-0.100714$ & $0.295592$ & $0.0636119$ & $-0.0138858$ & $0.0593036$ & $0.060026$ & $-0.0594296$ & $-0.0827921$ & $0.104837$ & $0.181923$ & $0.0273826$ & $0.277493$ & $1$ & $-0.08752$ & $-0.142287$ & $-0.555202$ & $0.145711$ & $-0.0942124$ & $-0.216068$ & $0.134988$ & $0.164834$ & $-0.189352$ & $0.0320153$ & $-0.385355$ & $0.0173426$ & $-0.00198439$ & $0.0196479$ & $-0.0311721$ & $0.00441938$ & $0.0307496$ & $-0.174339$ & $0.155126$ & $0.193705$ & $0.413399$ & $0.0359515$ & $0.0332631$ & $-0.23378$ & $0.219232$ & $-0.117263$ & $0.0941258$ & $-0.439517$ & $-0.0394189$ & $0.0677182$ & $0.027778$ & $0.18667$ & $-0.203269$ \\
CHL3_11 & $-0.0669356$ & $0.0651814$ & $-0.14658$ & $0.289054$ & $-0.164385$ & $0.0209703$ & $-0.0674001$ & $-0.547131$ & $-0.546912$ & $0.729536$ & $0.190708$ & $0.0332984$ & $0.213112$ & $0.557557$ & $-0.0248547$ & $-0.08752$ & $1$ & $0.645884$ & $0.638306$ & $-0.363298$ & $-0.152852$ & $-0.109661$ & $0.0309211$ & $0.553811$ & $0.721915$ & $-0.0425843$ & $-0.234332$ & $0.20581$ & $-0.00317822$ & $-0.00358994$ & $0.0258912$ & $-0.0977327$ & $0.0294613$ & $-0.163908$ & $0.0909319$ & $-0.00276763$ & $0.203357$ & $0.0776787$ & $-0.391074$ & $0.119631$ & $-0.0571195$ & $-0.0492035$ & $0.119637$ & $-0.0216692$ & $0.272562$ & $0.288094$ & $0.155944$ & $0.190279$ & $-0.215345$ \\
CHL3_22 & $-0.214503$ & $0.0392657$ & $-0.195719$ & $0.301928$ & $-0.0795279$ & $0.186812$ & $0.022292$ & $-0.614321$ & $-0.611454$ & $0.567519$ & $0.362402$ & $0.00160756$ & $0.0308428$ & $0.521281$ & $-0.442263$ & $-0.142287$ & $0.645884$ & $1$ & $0.630654$ & $-0.449328$ & $-0.211553$ & $-0.26777$ & $0.0916965$ & $0.469596$ & $0.72136$ & $-0.0837015$ & $-0.148211$ & $0.216106$ & $-0.00133462$ & $-0.0315606$ & $0.00159647$ & $0.0197022$ & $-0.00621695$ & $0.175663$ & $0.148462$ & $0.033746$ & $0.0717225$ & $0.126963$ & $-0.366373$ & $0.183777$ & $-0.169035$ & $0.0692989$ & $0.226638$ & $0.00626013$ & $0.257114$ & $0.217027$ & $0.157536$ & $0.281431$ & $-0.143627$ \\
CHL3_33 & $-0.10798$ & $-0.177615$ & $-0.29824$ & $0.309187$ & $-0.279153$ & $0.134763$ & $-0.0400161$ & $-0.451117$ & $-0.450782$ & $0.55721$ & $0.200604$ & $-0.0253768$ & $0.0276415$ & $0.506388$ & $-0.200573$ & $-0.555202$ & $0.638306$ & $0.630654$ & $1$ & $-0.329864$ & $-0.0871567$ & $-0.0775118$ & $-0.119468$ & $0.32987$ & $0.71371$ & $-0.00560917$ & $0.0329986$ & $0.145671$ & $-0.00216007$ & $-0.0266793$ & $0.0138829$ & $-0.0771019$ & $-0.014606$ & $-0.0365611$ & $-0.0488211$ & $-0.118455$ & $-0.0699232$ & $0.0729276$ & $-0.324889$ & $0.233162$ & $-0.123583$ & $0.0573992$ & $0.0269213$ & $0.276656$ & $0.215107$ & $0.210332$ & $0.106891$ & $0.0762343$ & $-0.0841616$ \\
CHe_11 & $0.106802$ & $-0.00437495$ & $0.219397$ & $-0.323622$ & $0.0905262$ & $-0.164074$ & $0.0459625$ & $0.80793$ & $0.805071$ & $-0.216768$ & $-0.851035$ & $0.116248$ & $-0.212307$ & $-0.0936995$ & $0.321245$ & $0.145711$ & $-0.363298$ & $-0.449328$ & $-0.329864$ & $1$ & $0.546401$ & $0.506091$ & $-0.179908$ & $-0.366834$ & $-0.394958$ & $0.00745725$ & $0.230069$ & $-0.0439899$ & $0.00351957$ & $-0.0160366$ & $-0.0216112$ & $0.0814285$ & $-0.0465242$ & $0.196628$ & $-0.200515$ & $0.0636321$ & $-0.0227838$ & $-0.099136$ & $0.299355$ & $-0.316567$ & $0.276764$ & $0.0605306$ & $-0.0565984$ & $-0.00533396$ & $-0.312023$ & $-0.21749$ & $-0.0849614$ & $-0.0721989$ & $-0.0593129$ \\
CHe_22 & $-0.050502$ & $-0.0415933$ & $0.211215$ & $-0.153511$ & $-0.070134$ & $-0.0510222$ & $0.0643155$ & $0.510606$ & $0.504534$ & $-0.0804617$ & $-0.569472$ & $-0.0690932$ & $-0.234045$ & $0.0703242$ & $-0.0414361$ & $-0.0942124$ & $-0.152852$ & $-0.211553$ & $-0.0871567$ & $0.546401$ & $1$ & $0.416765$ & $-0.241226$ & $-0.323201$ & $-0.234444$ & $-0.000885884$ & $0.223362$ & $0.00928556$ & $0.00635881$ & $-0.0263939$ & $-0.00954859$ & $0.0680709$ & $-0.0455816$ & $0.183823$ & $-0.204002$ & $0.0779205$ & $-0.0574028$ & $-0.0278957$ & $0.147946$ & $-0.119065$ & $0.13128$ & $-0.0109119$ & $0.0657741$ & $0.0167555$ & $-0.180976$ & $-0.114369$ & $-0.0473146$ & $-0.038992$ & $-0.0363053$ \\
CHe_33 & $-0.0129129$ & $-0.157536$ & $0.19005$ & $-0.182361$ & $-0.104285$ & $-0.113975$ & $-0.000440804$ & $0.509209$ & $0.503987$ & $-0.106198$ & $-0.554132$ & $-0.124662$ & $-0.187678$ & $0.030183$ & $0.158126$ & $-0.216068$ & $-0.109661$ & $-0.26777$ & $-0.0775118$ & $0.506091$ & $0.416765$ & $1$ & $-0.0937446$ & $-0.30975$ & $-0.195317$ & $-0.112366$ & $0.283849$ & $-0.0945748$ & $-0.00491907$ & $-0.00486301$ & $-0.000595814$ & $-0.0219487$ & $-0.0257526$ & $0.165089$ & $-0.131236$ & $0.0106515$ & $-0.160945$ & $-0.154891$ & $0.134029$ & $-0.102374$ & $0.0952252$ & $-0.0365136$ & $-0.00727319$ & $0.0130345$ & $-0.0737621$ & $-0.159325$ & $0.0466882$ & $-0.0527159$ & $0.116058$ \\
CHQ1_11 & $-0.151763$ & $0.0847718$ & $0.351467$ & $-0.304446$ & $-0.00849092$ & $0.00917751$ & $-0.0208232$ & $-0.186845$ & $-0.18514$ & $-0.017838$ & $0.232145$ & $-0.0384518$ & $-0.141613$ & $-0.0885747$ & $-0.0882318$ & $0.134988$ & $0.0309211$ & $0.0916965$ & $-0.119468$ & $-0.179908$ & $-0.241226$ & $-0.0937446$ & $1$ & $0.0985436$ & $0.0533702$ & $-0.496978$ & $0.101785$ & $-0.138997$ & $-6.66808e-05$ & $0.010213$ & $0.000921331$ & $-0.0342946$ & $0.00594745$ & $-0.0272465$ & $-0.0724765$ & $-0.142559$ & $0.109455$ & $0.208113$ & $-0.00968374$ & $-0.0130385$ & $-0.034414$ & $-0.140358$ & $0.166787$ & $-0.245871$ & $0.211174$ & $-0.057058$ & $0.179239$ & $0.0950869$ & $0.175256$ \\
CHQ1_33 & $0.0218895$ & $0.190288$ & $-0.121766$ & $0.233801$ & $-0.0581707$ & $0.131589$ & $-0.0821379$ & $-0.529939$ & $-0.526526$ & $0.492046$ & $0.312577$ & $0.125731$ & $0.26852$ & $0.426883$ & $0.0854502$ & $0.164834$ & $0.553811$ & $0.469596$ & $0.32987$ & $-0.366834$ & $-0.323201$ & $-0.30975$ & $0.0985436$ & $1$ & $0.485555$ & $-0.0133971$ & $-0.286489$ & $0.254093$ & $-0.00929283$ & $0.0123175$ & $0.0092825$ & $-0.097701$ & $0.0409908$ & $-0.280199$ & $0.129246$ & $0.0110504$ & $0.252385$ & $0.0939021$ & $-0.313531$ & $0.0657291$ & $-0.0143277$ & $-0.0086419$ & $0.0772194$ & $-0.0768429$ & $0.217113$ & $0.237729$ & $0.099161$ & $0.177204$ & $-0.17823$ \\
CHQ3_11 & $-0.179908$ & $-0.0579438$ & $-0.140264$ & $0.237572$ & $-0.258311$ & $0.157367$ & $-0.0670668$ & $-0.574279$ & $-0.571952$ & $0.628394$ & $0.292681$ & $0.049335$ & $0.108403$ & $0.543723$ & $-0.117451$ & $-0.189352$ & $0.721915$ & $0.72136$ & $0.71371$ & $-0.394958$ & $-0.234444$ & $-0.195317$ & $0.0533702$ & $0.485555$ & $1$ & $-0.13409$ & $0.0522947$ & $0.156084$ & $-0.00206058$ & $-0.0186996$ & $0.0233259$ & $-0.0931695$ & $0.0160788$ & $-0.105522$ & $0.0312682$ & $-0.0852439$ & $0.0672684$ & $0.094283$ & $-0.406306$ & $0.161492$ & $-0.0717762$ & $0.0140677$ & $0.142002$ & $0.0804596$ & $0.268617$ & $0.250443$ & $0.233807$ & $0.180691$ & $-0.0756188$ \\
CHu_11 & $0.112082$ & $-0.0482028$ & $-0.261957$ & $0.236294$ & $0.00695986$ & $0.0289527$ & $0.0440069$ & $0.0488146$ & $0.048256$ & $0.00185995$ & $-0.0494533$ & $0.000154151$ & $0.078499$ & $0.0406519$ & $0.141536$ & $0.0320153$ & $-0.0425843$ & $-0.0837015$ & $-0.00560917$ & $0.00745725$ & $-0.000885884$ & $-0.112366$ & $-0.496978$ & $-0.0133971$ & $-0.13409$ & $1$ & $-0.0198581$ & $0.125597$ & $-0.00258974$ & $-0.0108074$ & $-0.0346837$ & $0.0525496$ & $-0.0159896$ & $-0.0435534$ & $0.0189922$ & $0.0406517$ & $-0.133361$ & $-0.0643667$ & $0.0918999$ & $0.014725$ & $-0.0312965$ & $0.143586$ & $-0.249561$ & $0.1939$ & $-0.098309$ & $-0.0345466$ & $-0.157256$ & $-0.0707937$ & $-0.238673$ \\
CHd_11 & $-0.309001$ & $-0.489576$ & $0.274174$ & $-0.324737$ & $-0.423679$ & $-0.137569$ & $0.00183251$ & $0.367703$ & $0.363083$ & $-0.217616$ & $-0.243833$ & $-0.178264$ & $-0.415259$ & $-0.246701$ & $-0.134594$ & $-0.385355$ & $-0.234332$ & $-0.148211$ & $0.0329986$ & $0.230069$ & $0.223362$ & $0.283849$ & $0.101785$ & $-0.286489$ & $0.0522947$ & $-0.0198581$ & $1$ & $-0.175294$ & $0.00138936$ & $-0.0205195$ & $-0.00138035$ & $-0.0238871$ & $-0.0378446$ & $0.397234$ & $-0.376749$ & $-0.232663$ & $-0.483037$ & $-0.0460145$ & $0.159623$ & $-0.00693898$ & $-0.00731418$ & $0.0467776$ & $0.0183853$ & $0.236701$ & $-0.0566848$ & $-0.230568$ & $0.230488$ & $-0.169615$ & $0.346153$ \\
CHd_33 & $-0.0398314$ & $0.0653108$ & $-0.136686$ & $0.314166$ & $-0.026046$ & $0.0356602$ & $-0.0596951$ & $-0.109252$ & $-0.108116$ & $0.208879$ & $0.0111709$ & $0.0740999$ & $0.153167$ & $0.188875$ & $-0.0306844$ & $0.0173426$ & $0.20581$ & $0.216106$ & $0.145671$ & $-0.0439899$ & $0.00928556$ & $-0.0945748$ & $-0.138997$ & $0.254093$ & $0.156084$ & $0.125597$ & $-0.175294$ & $1$ & $-0.00176068$ & $0.00898681$ & $0.0149624$ & $-0.0651967$ & $0.0197739$ & $0.00881152$ & $0.241798$ & $0.185435$ & $0.0285323$ & $-0.0691758$ & $-0.168882$ & $0.0559371$ & $-0.0421073$ & $0.11829$ & $0.0442924$ & $0.0191778$ & $0.061049$ & $0.181519$ & $-0.0135408$ & $0.161903$ & $-0.133813$ \\
CeH_22r & $0.00369957$ & $-0.00656239$ & $-0.00362343$ & $-0.0123948$ & $0.0101722$ & $-0.000845735$ & $0.0426204$ & $0.00456028$ & $0.0113165$ & $-0.00194463$ & $-0.00374571$ & $0.0267187$ & $7.41779e-06$ & $-0.0069182$ & $-0.0101697$ & $-0.00198439$ & $-0.00317822$ & $-0.00133462$ & $-0.00216007$ & $0.00351957$ & $0.00635881$ & $-0.00491907$ & $-6.66808e-05$ & $-0.00929283$ & $-0.00206058$ & $-0.00258974$ & $0.00138936$ & $-0.00176068$ & $1$ & $0.0406746$ & $0.02155$ & $0.00897794$ & $0.0406423$ & $0.00472926$ & $0.0028118$ & $-0.00558453$ & $-0.00248987$ & $-0.00192905$ & $0.00934104$ & $0.00157413$ & $0.00324754$ & $0.00875635$ & $-0.000176298$ & $0.00291581$ & $-0.0109725$ & $-0.0100703$ & $-0.0108575$ & $-0.00701977$ & $-0.00526276$ \\
CeH_33r & $0.0780292$ & $0.0104888$ & $-0.0290971$ & $-0.0706183$ & $0.132329$ & $-0.0440856$ & $-0.310186$ & $0.00455333$ & $0.0283504$ & $-0.0499304$ & $0.00371621$ & $0.241568$ & $0.0694512$ & $-0.00964691$ & $0.0628352$ & $0.0196479$ & $-0.00358994$ & $-0.0315606$ & $-0.0266793$ & $-0.0160366$ & $-0.0263939$ & $-0.00486301$ & $0.010213$ & $0.0123175$ & $-0.0186996$ & $-0.0108074$ & $-0.0205195$ & $0.00898681$ & $0.0406746$ & $1$ & $0.299734$ & $0.0248119$ & $0.685438$ & $-0.0147566$ & $0.0344407$ & $-0.0696079$ & $0.02145$ & $0.0101708$ & $0.0114672$ & $0.000879628$ & $0.0289061$ & $0.0128293$ & $-0.0627589$ & $-0.0104467$ & $-0.030789$ & $-0.0615696$ & $-0.0750144$ & $-0.0456877$ & $-0.0357816$ \\
CuH_22r & $0.0378258$ & $-0.00333232$ & $-0.0383997$ & $0.00830017$ & $0.0380074$ & $-0.0172954$ & $-0.191399$ & $-0.0163627$ & $-0.00299268$ & $-0.00666248$ & $0.0136436$ & $0.0605179$ & $0.0288343$ & $-0.00107777$ & $0.0330099$ & $-0.0311721$ & $0.0258912$ & $0.00159647$ & $0.0138829$ & $-0.0216112$ & $-0.00954859$ & $-0.000595814$ & $0.000921331$ & $0.0092825$ & $0.0233259$ & $-0.0346837$ & $-0.00138035$ & $0.0149624$ & $0.02155$ & $0.299734$ & $1$ & $0.0103582$ & $0.367872$ & $-0.0101168$ & $0.0288082$ & $-0.00974254$ & $-0.0112436$ & $-0.017325$ & $0.00700414$ & $0.0232949$ & $-0.0144375$ & $-0.00554189$ & $-0.0378651$ & $-0.0154936$ & $-0.0194638$ & $-0.0302239$ & $-0.0207293$ & $0.000902795$ & $-0.0182681$ \\
CuH_33r & $-0.0104444$ & $0.102417$ & $-0.312736$ & $-0.0474581$ & $0.245245$ & $0.0215855$ & $0.638574$ & $0.0372914$ & $0.0519678$ & $-0.0150856$ & $-0.0248637$ & $-0.00881853$ & $-0.343378$ & $-0.0341486$ & $-0.121399$ & $0.00441938$ & $-0.0977327$ & $0.0197022$ & $-0.0771019$ & $0.0814285$ & $0.0680709$ & $-0.0219487$ & $-0.0342946$ & $-0.097701$ & $-0.0931695$ & $0.0525496$ & $-0.0238871$ & $-0.0651967$ & $0.00897794$ & $0.0248119$ & $0.0103582$ & $1$ & $0.0353127$ & $0.0428515$ & $0.105284$ & $0.279429$ & $-0.126569$ & $0.0966587$ & $0.118508$ & $-0.112503$ & $-0.265901$ & $0.519414$ & $0.164374$ & $0.0638903$ & $-0.254269$ & $-0.633148$ & $-0.337221$ & $0.141745$ & $-0.00629414$ \\
CdH_33r & $0.0919986$ & $0.0241446$ & $-0.0386692$ & $-0.051913$ & $0.144143$ & $-0.0520218$ & $-0.430116$ & $-0.0260117$ & $0.00176413$ & $-0.0511236$ & $0.0249675$ & $0.231479$ & $0.0833142$ & $0.0077714$ & $0.0760715$ & $0.0307496$ & $0.0294613$ & $-0.00621695$ & $-0.014606$ & $-0.0465242$ & $-0.0455816$ & $-0.0257526$ & $0.00594745$ & $0.0409908$ & $0.0160788$ & $-0.0159896$ & $-0.0378446$ & $0.0197739$ & $0.0406423$ & $0.685438$ & $0.367872$ & $0.0353127$ & $1$ & $-0.0251003$ & $0.0517449$ & $-0.0568326$ & $0.0217257$ & $0.00622592$ & $0.00476176$ & $0.00850421$ & $0.016014$ & $0.00732871$ & $-0.0744912$ & $-0.032525$ & $-0.0346721$ & $-0.0640801$ & $-0.0810101$ & $-0.0336417$ & $-0.0377621$ \\
CLL_1221 & $-0.180697$ & $-0.279174$ & $0.135107$ & $-0.125397$ & $-0.0438919$ & $-0.170531$ & $0.0587085$ & $0.504141$ & $0.493583$ & $-0.241668$ & $-0.330548$ & $-0.330431$ & $-0.347007$ & $-0.205752$ & $-0.322906$ & $-0.174339$ & $-0.163908$ & $0.175663$ & $-0.0365611$ & $0.196628$ & $0.183823$ & $0.165089$ & $-0.0272465$ & $-0.280199$ & $-0.105522$ & $-0.0435534$ & $0.397234$ & $0.00881152$ & $0.00472926$ & $-0.0147566$ & $-0.0101168$ & $0.0428515$ & $-0.0251003$ & $1$ & $-0.0931488$ & $0.0805326$ & $-0.377894$ & $-0.170323$ & $0.265475$ & $-0.025443$ & $-0.120653$ & $0.00981596$ & $0.050237$ & $-0.0253183$ & $-0.152162$ & $-0.132296$ & $0.103849$ & $0.0206964$ & $0.173387$ \\
eHggint & $-0.138832$ & $0.246997$ & $-0.463002$ & $0.563651$ & $0.065131$ & $0.0402074$ & $0.0596311$ & $-0.226785$ & $-0.220569$ & $-0.00603601$ & $0.211339$ & $0.0323574$ & $0.252473$ & $0.0496247$ & $-0.0155373$ & $0.155126$ & $0.0909319$ & $0.148462$ & $-0.0488211$ & $-0.200515$ & $-0.204002$ & $-0.131236$ & $-0.0724765$ & $0.129246$ & $0.0312682$ & $0.0189922$ & $-0.376749$ & $0.241798$ & $0.0028118$ & $0.0344407$ & $0.0288082$ & $0.105284$ & $0.0517449$ & $-0.0931488$ & $1$ & $0.488276$ & $0.0850215$ & $-0.337585$ & $-0.0902163$ & $-0.116587$ & $-0.0307095$ & $0.345691$ & $0.181239$ & $-0.108915$ & $0.0538324$ & $0.191235$ & $0.215283$ & $0.552119$ & $-0.142106$ \\
eHggpar & $0.0828505$ & $0.425638$ & $-0.156911$ & $0.267086$ & $0.0245862$ & $0.12422$ & $0.231734$ & $0.0886356$ & $0.0856472$ & $-0.0664622$ & $-0.123724$ & $-0.181592$ & $0.168182$ & $0.113873$ & $-0.0020064$ & $0.193705$ & $-0.00276763$ & $0.033746$ & $-0.118455$ & $0.0636321$ & $0.0779205$ & $0.0106515$ & $-0.142559$ & $0.0110504$ & $-0.0852439$ & $0.0406517$ & $-0.232663$ & $0.185435$ & $-0.00558453$ & $-0.0696079$ & $-0.00974254$ & $0.279429$ & $-0.0568326$ & $0.0805326$ & $0.488276$ & $1$ & $0.0685437$ & $-0.495663$ & $0.0519067$ & $-0.353505$ & $0.166582$ & $0.422558$ & $0.115345$ & $0.00338109$ & $-0.470147$ & $-0.174217$ & $0.0321823$ & $0.585561$ & $-0.182782$ \\
eHWWint & $0.350322$ & $0.620619$ & $0.123936$ & $0.103641$ & $0.317773$ & $0.0564022$ & $-0.123133$ & $-0.238242$ & $-0.234362$ & $0.279466$ & $0.0968644$ & $0.275454$ & $0.143556$ & $0.198912$ & $0.183266$ & $0.413399$ & $0.203357$ & $0.0717225$ & $-0.0699232$ & $-0.0227838$ & $-0.0574028$ & $-0.160945$ & $0.109455$ & $0.252385$ & $0.0672684$ & $-0.133361$ & $-0.483037$ & $0.0285323$ & $-0.00248987$ & $0.02145$ & $-0.0112436$ & $-0.126569$ & $0.0217257$ & $-0.377894$ & $0.0850215$ & $0.0685437$ & $1$ & $0.489791$ & $-0.147006$ & $-0.239363$ & $0.203177$ & $-0.191563$ & $0.0585679$ & $-0.185257$ & $0.0134038$ & $0.459644$ & $-0.247236$ & $0.102206$ & $-0.51346$ \\
eHWWpar & $0.00201624$ & $0.198422$ & $0.13809$ & $0.0110057$ & $0.174479$ & $0.0322692$ & $0.0451812$ & $-0.230452$ & $-0.221971$ & $0.135347$ & $0.196872$ & $0.0726645$ & $-0.437322$ & $0.0327105$ & $-0.134585$ & $0.0359515$ & $0.0776787$ & $0.126963$ & $0.0729276$ & $-0.099136$ & $-0.0278957$ & $-0.154891$ & $0.208113$ & $0.0939021$ & $0.094283$ & $-0.0643667$ & $-0.0460145$ & $-0.0691758$ & $-0.00192905$ & $0.0101708$ & $-0.017325$ & $0.0966587$ & $0.00622592$ & $-0.170323$ & $-0.337585$ & $-0.495663$ & $0.489791$ & $1$ & $-0.135136$ & $0.114775$ & $-0.171932$ & $-0.208971$ & $0.0219972$ & $-0.0386249$ & $0.333189$ & $0.266828$ & $-0.297688$ & $-0.226844$ & $-0.253136$ \\
eHZZint & $0.335347$ & $-0.00301451$ & $0.0835704$ & $-0.167979$ & $0.341953$ & $-0.132302$ & $0.100984$ & $0.468324$ & $0.466124$ & $-0.441032$ & $-0.31486$ & $-0.205583$ & $-0.0957548$ & $-0.272019$ & $0.0914362$ & $0.0332631$ & $-0.391074$ & $-0.366373$ & $-0.324889$ & $0.299355$ & $0.147946$ & $0.134029$ & $-0.00968374$ & $-0.313531$ & $-0.406306$ & $0.0918999$ & $0.159623$ & $-0.168882$ & $0.00934104$ & $0.0114672$ & $0.00700414$ & $0.118508$ & $0.00476176$ & $0.265475$ & $-0.0902163$ & $0.0519067$ & $-0.147006$ & $-0.135136$ & $1$ & $-0.19043$ & $-0.151094$ & $-0.132586$ & $-0.377074$ & $-0.15158$ & $-0.479963$ & $-0.239475$ & $-0.292764$ & $-0.128586$ & $0.105422$ \\
eHZZpar & $-0.0836557$ & $-0.566084$ & $-0.0769767$ & $0.00469697$ & $-0.040393$ & $0.056189$ & $-0.0743127$ & $-0.272533$ & $-0.272559$ & $0.0783767$ & $0.300412$ & $-0.037941$ & $0.0224331$ & $0.00645973$ & $-0.231902$ & $-0.23378$ & $0.119631$ & $0.183777$ & $0.233162$ & $-0.316567$ & $-0.119065$ & $-0.102374$ & $-0.0130385$ & $0.0657291$ & $0.161492$ & $0.014725$ & $-0.00693898$ & $0.0559371$ & $0.00157413$ & $0.000879628$ & $0.0232949$ & $-0.112503$ & $0.00850421$ & $-0.025443$ & $-0.116587$ & $-0.353505$ & $-0.239363$ & $0.114775$ & $-0.19043$ & $1$ & $-0.519426$ & $-0.426437$ & $-0.00544111$ & $-0.23945$ & $0.426974$ & $0.0504583$ & $0.0095779$ & $-0.338928$ & $0.389647$ \\
eHZgaint & $-0.0354364$ & $0.382023$ & $0.351051$ & $-0.147658$ & $-0.216736$ & $-0.0166774$ & $-0.203488$ & $0.165709$ & $0.166528$ & $0.0124573$ & $-0.232504$ & $0.223162$ & $0.0646052$ & $0.0171071$ & $0.257938$ & $0.219232$ & $-0.0571195$ & $-0.169035$ & $-0.123583$ & $0.276764$ & $0.13128$ & $0.0952252$ & $-0.034414$ & $-0.0143277$ & $-0.0717762$ & $-0.0312965$ & $-0.00731418$ & $-0.0421073$ & $0.00324754$ & $0.0289061$ & $-0.0144375$ & $-0.265901$ & $0.016014$ & $-0.120653$ & $-0.0307095$ & $0.166582$ & $0.203177$ & $-0.171932$ & $-0.151094$ & $-0.519426$ & $1$ & $0.099375$ & $0.158922$ & $0.14567$ & $-0.105962$ & $0.128329$ & $0.285224$ & $0.282968$ & $-0.392149$ \\
eHZgapar & $-0.221719$ & $0.164765$ & $-0.529794$ & $0.204906$ & $-0.13539$ & $0.119799$ & $0.330358$ & $-0.00511656$ & $0.00437438$ & $0.0474728$ & $-0.0220159$ & $0.106759$ & $-0.0884644$ & $0.0373955$ & $-0.0805698$ & $-0.117263$ & $-0.0492035$ & $0.0692989$ & $0.0573992$ & $0.0605306$ & $-0.0109119$ & $-0.0365136$ & $-0.140358$ & $-0.0086419$ & $0.0140677$ & $0.143586$ & $0.0467776$ & $0.11829$ & $0.00875635$ & $0.0128293$ & $-0.00554189$ & $0.519414$ & $0.00732871$ & $0.00981596$ & $0.345691$ & $0.422558$ & $-0.191563$ & $-0.208971$ & $-0.132586$ & $-0.426437$ & $0.099375$ & $1$ & $0.256597$ & $0.572597$ & $-0.235251$ & $-0.352411$ & $0.0659198$ & $0.378158$ & $-0.175755$ \\
eHgagaint & $-0.659963$ & $0.0985397$ & $0.182828$ & $-0.0641781$ & $-0.437617$ & $0.0526798$ & $0.149246$ & $-0.117313$ & $-0.114224$ & $0.147033$ & $0.0537774$ & $-0.0619308$ & $-0.261278$ & $0.116908$ & $-0.265763$ & $0.0941258$ & $0.119637$ & $0.226638$ & $0.0269213$ & $-0.0565984$ & $0.0657741$ & $-0.00727319$ & $0.166787$ & $0.0772194$ & $0.142002$ & $-0.249561$ & $0.0183853$ & $0.0442924$ & $-0.000176298$ & $-0.0627589$ & $-0.0378651$ & $0.164374$ & $-0.0744912$ & $0.050237$ & $0.181239$ & $0.115345$ & $0.0585679$ & $0.0219972$ & $-0.377074$ & $-0.00544111$ & $0.158922$ & $0.256597$ & $1$ & $-0.044804$ & $0.405614$ & $-0.0746973$ & $0.514528$ & $0.496105$ & $0.0584455$ \\
eHmumuint & $-0.0548835$ & $-0.0955077$ & $-0.451928$ & $0.184241$ & $-0.237707$ & $0.0344104$ & $0.0399153$ & $-0.0227251$ & $-0.0205128$ & $0.0670133$ & $0.0158115$ & $0.0881617$ & $-0.0666493$ & $-0.00827552$ & $-0.117274$ & $-0.439517$ & $-0.0216692$ & $0.00626013$ & $0.276656$ & $-0.00533396$ & $0.0167555$ & $0.0130345$ & $-0.245871$ & $-0.0768429$ & $0.0804596$ & $0.1939$ & $0.236701$ & $0.0191778$ & $0.00291581$ & $-0.0104467$ & $-0.0154936$ & $0.0638903$ & $-0.032525$ & $-0.0253183$ & $-0.108915$ & $0.00338109$ & $-0.185257$ & $-0.0386249$ & $-0.15158$ & $-0.23945$ & $0.14567$ & $0.572597$ & $-0.044804$ & $1$ & $-0.123094$ & $-0.0209664$ & $-0.0356609$ & $-0.107238$ & $-0.148803$ \\
eHtautauint & $-0.508715$ & $-0.194775$ & $0.0942427$ & $0.146302$ & $-0.364121$ & $0.0416929$ & $-0.149831$ & $-0.375775$ & $-0.375507$ & $0.231827$ & $0.318758$ & $-0.0140347$ & $-0.133986$ & $0.107827$ & $-0.131611$ & $-0.0394189$ & $0.272562$ & $0.257114$ & $0.215107$ & $-0.312023$ & $-0.180976$ & $-0.0737621$ & $0.211174$ & $0.217113$ & $0.268617$ & $-0.098309$ & $-0.0566848$ & $0.061049$ & $-0.0109725$ & $-0.030789$ & $-0.0194638$ & $-0.254269$ & $-0.0346721$ & $-0.152162$ & $0.0538324$ & $-0.470147$ & $0.0134038$ & $0.333189$ & $-0.479963$ & $0.426974$ & $-0.105962$ & $-0.235251$ & $0.405614$ & $-0.123094$ & $1$ & $0.34072$ & $0.486254$ & $0.0674572$ & $0.114379$ \\
eHccint & $-0.0171581$ & $0.0964741$ & $0.0123877$ & $0.484362$ & $-0.0946969$ & $0.064499$ & $-0.387545$ & $-0.263134$ & $-0.272339$ & $0.213034$ & $0.165874$ & $-0.0513202$ & $0.107946$ & $0.214486$ & $0.000784814$ & $0.0677182$ & $0.288094$ & $0.217027$ & $0.210332$ & $-0.21749$ & $-0.114369$ & $-0.159325$ & $-0.057058$ & $0.237729$ & $0.250443$ & $-0.0345466$ & $-0.230568$ & $0.181519$ & $-0.0100703$ & $-0.0615696$ & $-0.0302239$ & $-0.633148$ & $-0.0640801$ & $-0.132296$ & $0.191235$ & $-0.174217$ & $0.459644$ & $0.266828$ & $-0.239475$ & $0.0504583$ & $0.128329$ & $-0.352411$ & $-0.0746973$ & $-0.0209664$ & $0.34072$ & $1$ & $0.16298$ & $0.0220306$ & $-0.336108$ \\
eHccpar & $-0.719892$ & $-0.160061$ & $0.221153$ & $0.0709877$ & $-0.681443$ & $0.108283$ & $-0.163155$ & $-0.039889$ & $-0.0486689$ & $0.0823055$ & $-0.0175425$ & $-0.206711$ & $-0.0287615$ & $0.130425$ & $-0.0762468$ & $0.027778$ & $0.155944$ & $0.157536$ & $0.106891$ & $-0.0849614$ & $-0.0473146$ & $0.0466882$ & $0.179239$ & $0.099161$ & $0.233807$ & $-0.157256$ & $0.230488$ & $-0.0135408$ & $-0.0108575$ & $-0.0750144$ & $-0.0207293$ & $-0.337221$ & $-0.0810101$ & $0.103849$ & $0.215283$ & $0.0321823$ & $-0.247236$ & $-0.297688$ & $-0.292764$ & $0.0095779$ & $0.285224$ & $0.0659198$ & $0.514528$ & $-0.0356609$ & $0.486254$ & $0.16298$ & $1$ & $0.483961$ & $0.142205$ \\
eHbbint & $-0.402942$ & $0.472753$ & $0.00299439$ & $0.316842$ & $-0.218883$ & $0.213047$ & $0.130447$ & $-0.133613$ & $-0.131013$ & $0.149977$ & $0.0164318$ & $-0.138484$ & $-0.0888984$ & $0.26902$ & $-0.0575595$ & $0.18667$ & $0.190279$ & $0.281431$ & $0.0762343$ & $-0.0721989$ & $-0.038992$ & $-0.0527159$ & $0.0950869$ & $0.177204$ & $0.180691$ & $-0.0707937$ & $-0.169615$ & $0.161903$ & $-0.00701977$ & $-0.0456877$ & $0.000902795$ & $0.141745$ & $-0.0336417$ & $0.0206964$ & $0.552119$ & $0.585561$ & $0.102206$ & $-0.226844$ & $-0.128586$ & $-0.338928$ & $0.282968$ & $0.378158$ & $0.496105$ & $-0.107238$ & $0.0674572$ & $0.0220306$ & $0.483961$ & $1$ & $-0.267508$ \\
eHbbpar & $-0.159368$ & $-0.5189$ & $0.105726$ & $-0.390014$ & $-0.0973946$ & $-0.0678066$ & $0.0301146$ & $0.102787$ & $0.0968034$ & $-0.272979$ & $0.0642131$ & $-0.173134$ & $-0.00250635$ & $-0.271536$ & $-0.193371$ & $-0.203269$ & $-0.215345$ & $-0.143627$ & $-0.0841616$ & $-0.0593129$ & $-0.0363053$ & $0.116058$ & $0.175256$ & $-0.17823$ & $-0.0756188$ & $-0.238673$ & $0.346153$ & $-0.133813$ & $-0.00526276$ & $-0.0357816$ & $-0.0182681$ & $-0.00629414$ & $-0.0377621$ & $0.173387$ & $-0.142106$ & $-0.182782$ & $-0.51346$ & $-0.253136$ & $0.105422$ & $0.389647$ & $-0.392149$ & $-0.175755$ & $0.0584455$ & $-0.148803$ & $0.114379$ & $-0.336108$ & $0.142205$ & $-0.267508$ & $1$ \\
