 & AlsMz & dAle5Mz & mtop & mHl & Mz & CW & CHG & CHWB & CHWHB_gaga & CHWHB_gagaorth & CHD & CHbox & CH & CHL1_11 & CHL1_22 & CHL1_33 & CHL3_11 & CHL3_22 & CHL3_33 & CHe_11 & CHe_22 & CHe_33 & CHQ1_11 & CHQ1_33 & CHQ3_11 & CHu_11 & CHd_11 & CHd_33 & CeH_22r & CeH_33r & CuH_22r & CuH_33r & CdH_33r & CLL_1221 & eHggint & eHggpar & eHWWint & eHWWpar & eHZZint & eHZZpar & eHZgaint & eHZgapar & eHgagaint & eHmumuint & eHtautauint & eHccint & eHccpar & eHbbint & eHbbpar \\
AlsMz & $1$ & $-0.356662$ & $-0.174564$ & $-0.169646$ & $0.00762348$ & $0.0301916$ & $0.0337469$ & $-0.0111897$ & $-0.00666423$ & $0.0383289$ & $0.0327537$ & $0.0415871$ & $0.0142745$ & $-0.0370525$ & $-0.0678049$ & $-0.0403962$ & $-0.056248$ & $-0.00183501$ & $-0.0146971$ & $-0.0509688$ & $-0.0383215$ & $-0.0335939$ & $0.0322311$ & $-0.0583361$ & $-0.0846263$ & $-0.00424219$ & $0.0150428$ & $0.00666839$ & $-0.00431017$ & $-0.0207194$ & $-0.0360635$ & $0.0327928$ & $0.0576945$ & $0.0233142$ & $0.10079$ & $-0.109122$ & $0.15907$ & $0.00391756$ & $-0.0610622$ & $-0.0543025$ & $0.31409$ & $0.0131088$ & $0.0343822$ & $-0.138162$ & $-0.0355097$ & $-0.0122286$ & $-0.117$ & $0.243778$ & $0.0735668$ \\
dAle5Mz & $-0.356662$ & $1$ & $-0.0100073$ & $-0.0899791$ & $-0.00770061$ & $0.0226773$ & $-0.036231$ & $-0.0250571$ & $-0.0507561$ & $-0.0163549$ & $0.00963253$ & $-0.00461966$ & $0.00379383$ & $0.00850996$ & $-0.00707844$ & $-0.00483525$ & $0.0219422$ & $0.020198$ & $0.0163239$ & $0.00696526$ & $0.00773344$ & $0.0100501$ & $-0.00308424$ & $0.0137726$ & $0.0448944$ & $0.0023916$ & $0.0126147$ & $-0.00347623$ & $-0.00945195$ & $-0.0311658$ & $-0.0318474$ & $-0.0293917$ & $-0.138603$ & $0.0252374$ & $0.0678763$ & $0.263282$ & $0.127592$ & $-0.0155018$ & $-0.0415873$ & $0.0171727$ & $-0.0587568$ & $-0.0360344$ & $-0.345069$ & $-0.055928$ & $0.0110304$ & $-0.10535$ & $0.000856887$ & $-0.260995$ & $-0.175531$ \\
mtop & $-0.174564$ & $-0.0100073$ & $1$ & $0.0781669$ & $0.0145638$ & $-0.0517429$ & $-0.0673923$ & $0.0775492$ & $0.0637274$ & $-0.064429$ & $-0.0801992$ & $-0.00668609$ & $0.0351699$ & $0.0269543$ & $0.0536091$ & $0.0585632$ & $0.016842$ & $-0.0232042$ & $-0.0230862$ & $0.0912412$ & $0.0835345$ & $0.0800701$ & $-0.0423761$ & $-0.0198153$ & $0.00431979$ & $-0.0160211$ & $0.0207581$ & $0.0117683$ & $-0.0122843$ & $-0.0440958$ & $0.0223128$ & $-0.0704697$ & $0.00545663$ & $0.0206389$ & $-0.0133527$ & $0.208887$ & $-0.00744431$ & $-0.0521428$ & $-0.0902647$ & $-0.0139495$ & $-0.290856$ & $0.00173072$ & $-0.118262$ & $-0.23425$ & $-0.0250083$ & $-0.125826$ & $0.144629$ & $0.0635778$ & $0.0809272$ \\
mHl & $-0.169646$ & $-0.0899791$ & $0.0781669$ & $1$ & $-0.0338233$ & $-0.0687924$ & $0.0564606$ & $0.0583346$ & $0.0711396$ & $-0.0297074$ & $-0.0604569$ & $-0.0308985$ & $-0.00519117$ & $0.00781769$ & $0.0423008$ & $0.060258$ & $0.0129551$ & $-0.0194901$ & $-0.0308267$ & $0.0653393$ & $0.0561054$ & $0.0536358$ & $-0.00497689$ & $-0.0247204$ & $-0.00931671$ & $-0.0385859$ & $-0.00504276$ & $-0.00165376$ & $-0.0121462$ & $0.0548409$ & $-0.00333051$ & $0.0356079$ & $0.0637654$ & $0.0168414$ & $-0.384572$ & $-0.262007$ & $-0.14101$ & $-0.0333482$ & $-0.0132835$ & $-0.121423$ & $-0.172692$ & $-0.0523852$ & $0.139524$ & $-0.0251433$ & $0.303418$ & $0.0935451$ & $-0.170494$ & $-0.199371$ & $0.105331$ \\
Mz & $0.00762348$ & $-0.00770061$ & $0.0145638$ & $-0.0338233$ & $1$ & $-0.034434$ & $0.0276986$ & $0.0130649$ & $0.0165119$ & $0.00222667$ & $-0.011649$ & $-0.0177667$ & $-0.0139164$ & $0.00727626$ & $0.0412967$ & $0.013818$ & $0.0226457$ & $-0.0180831$ & $0.00601516$ & $0.0214463$ & $0.0189878$ & $0.0185737$ & $-0.00779999$ & $0.00184381$ & $-0.00499285$ & $-0.029241$ & $-0.0188129$ & $-0.00554653$ & $0.01795$ & $0.00265028$ & $0.0192226$ & $0.0278882$ & $0.00610269$ & $-0.0196627$ & $-0.0369181$ & $-0.0694099$ & $-0.0288192$ & $-0.00266751$ & $0.00924743$ & $-0.0113767$ & $-0.0152351$ & $0.0198264$ & $0.0119994$ & $-0.047232$ & $0.00874846$ & $0.003979$ & $0.0203372$ & $-0.0282956$ & $0.0329087$ \\
CW & $0.0301916$ & $0.0226773$ & $-0.0517429$ & $-0.0687924$ & $-0.034434$ & $1$ & $-0.000646003$ & $-0.1356$ & $-0.13482$ & $0.0284116$ & $0.177514$ & $0.0456781$ & $0.0134678$ & $0.0427861$ & $-0.0597944$ & $-0.0502985$ & $-0.238119$ & $-0.0320195$ & $-0.0361743$ & $-0.173103$ & $-0.18446$ & $-0.179898$ & $-0.00754521$ & $0.0271073$ & $-0.0512162$ & $0.100273$ & $-0.0770195$ & $-0.0591608$ & $0.013479$ & $-0.0124184$ & $-0.0172052$ & $0.00584474$ & $-0.00959109$ & $-0.142599$ & $0.045199$ & $0.0134002$ & $0.0325701$ & $-0.00193173$ & $-0.0473841$ & $-0.00479209$ & $0.076787$ & $0.0236285$ & $-0.0428795$ & $-0.00620412$ & $-0.0162255$ & $-0.00696083$ & $0.00947734$ & $0.00763876$ & $-0.0360325$ \\
CHG & $0.0337469$ & $-0.036231$ & $-0.0673923$ & $0.0564606$ & $0.0276986$ & $-0.000646003$ & $1$ & $-0.106304$ & $-0.0534842$ & $0.0771748$ & $0.0602418$ & $-0.258782$ & $-0.309206$ & $0.0624011$ & $-0.00576103$ & $-0.0183123$ & $0.0930779$ & $0.0963845$ & $0.103915$ & $-0.0573917$ & $-0.0656807$ & $-0.0637519$ & $-0.0307953$ & $0.109228$ & $0.104436$ & $0.0379873$ & $-0.0549443$ & $-0.0295228$ & $0.000661147$ & $-0.123266$ & $-0.069748$ & $0.936758$ & $-0.175955$ & $-0.0816905$ & $-0.0440576$ & $-0.0475752$ & $0.0392136$ & $0.0106211$ & $0.0137986$ & $-0.0283657$ & $0.00492767$ & $0.00619586$ & $0.0722185$ & $0.0281412$ & $0.00602246$ & $-0.0017313$ & $-0.0220197$ & $0.0454281$ & $-0.0200854$ \\
CHWB & $-0.0111897$ & $-0.0250571$ & $0.0775492$ & $0.0583346$ & $0.0130649$ & $-0.1356$ & $-0.106304$ & $1$ & $0.984161$ & $-0.573447$ & $-0.890566$ & $0.137718$ & $0.348685$ & $0.122374$ & $0.28265$ & $0.287143$ & $-0.216587$ & $-0.412964$ & $-0.41811$ & $0.863964$ & $0.906052$ & $0.889816$ & $0.0910469$ & $-0.686986$ & $-0.382482$ & $-0.530293$ & $0.455855$ & $0.304623$ & $-0.0179355$ & $0.0989729$ & $0.0675844$ & $-0.105353$ & $0.120603$ & $0.587471$ & $-0.00498511$ & $0.00699923$ & $-0.0355341$ & $0.000434951$ & $-0.0321164$ & $-0.00172008$ & $-0.0587815$ & $0.048858$ & $0.00269707$ & $0.0383077$ & $0.0563192$ & $-0.0250145$ & $-0.0320547$ & $-0.0314485$ & $0.0450813$ \\
CHWHB_gaga & $-0.00666423$ & $-0.0507561$ & $0.0637274$ & $0.0711396$ & $0.0165119$ & $-0.13482$ & $-0.0534842$ & $0.984161$ & $1$ & $-0.561416$ & $-0.876111$ & $0.143322$ & $0.339799$ & $0.120149$ & $0.281813$ & $0.286065$ & $-0.215205$ & $-0.408757$ & $-0.413121$ & $0.850295$ & $0.890431$ & $0.874137$ & $0.091042$ & $-0.675417$ & $-0.377173$ & $-0.523925$ & $0.446319$ & $0.300095$ & $-0.0103406$ & $0.122945$ & $0.0811262$ & $-0.0619303$ & $0.147512$ & $0.573783$ & $-0.0238905$ & $-0.0234612$ & $-0.048559$ & $-0.00113526$ & $-0.0176566$ & $-0.000307974$ & $-0.058423$ & $0.0443133$ & $0.0551111$ & $0.0481167$ & $0.0680976$ & $-0.0124493$ & $-0.0366138$ & $-0.0274914$ & $0.0508689$ \\
CHWHB_gagaorth & $0.0383289$ & $-0.0163549$ & $-0.064429$ & $-0.0297074$ & $0.00222667$ & $0.0284116$ & $0.0771748$ & $-0.573447$ & $-0.561416$ & $1$ & $0.373045$ & $0.13101$ & $-0.25431$ & $0.208697$ & $-0.112729$ & $-0.138413$ & $0.416584$ & $0.46771$ & $0.486367$ & $-0.35863$ & $-0.388306$ & $-0.382296$ & $-0.0542494$ & $0.560125$ & $0.454312$ & $0.218417$ & $-0.267687$ & $-0.134043$ & $-0.0112457$ & $-0.128911$ & $-0.0991406$ & $0.0926516$ & $-0.141358$ & $-0.370818$ & $0.045422$ & $-0.0276243$ & $0.0439446$ & $-0.00885663$ & $0.0220119$ & $-0.00559008$ & $0.0290719$ & $-0.0341618$ & $0.0194269$ & $-0.046157$ & $-0.0655572$ & $-0.032377$ & $-0.0012288$ & $0.069017$ & $-0.0229598$ \\
CHD & $0.0327537$ & $0.00963253$ & $-0.0801992$ & $-0.0604569$ & $-0.011649$ & $0.177514$ & $0.0602418$ & $-0.890566$ & $-0.876111$ & $0.373045$ & $1$ & $0.014588$ & $-0.185022$ & $-0.514365$ & $-0.400304$ & $-0.39343$ & $-0.217202$ & $0.0700743$ & $0.072732$ & $-0.990966$ & $-0.99193$ & $-0.971439$ & $-0.038089$ & $0.349581$ & $0.0224535$ & $0.582864$ & $-0.325455$ & $-0.336085$ & $0.0342467$ & $-0.0539641$ & $-0.0379661$ & $0.071665$ & $-0.0618821$ & $-0.406779$ & $0.0124531$ & $0.000848793$ & $0.0410865$ & $0.0164157$ & $0.0164548$ & $-0.00691927$ & $0.0549299$ & $-0.0409266$ & $-0.0186774$ & $-0.0328715$ & $-0.0550871$ & $0.0441939$ & $0.0222283$ & $0.0295799$ & $-0.0327108$ \\
CHbox & $0.0415871$ & $-0.00461966$ & $-0.00668609$ & $-0.0308985$ & $-0.0177667$ & $0.0456781$ & $-0.258782$ & $0.137718$ & $0.143322$ & $0.13101$ & $0.014588$ & $1$ & $0.84304$ & $-0.270237$ & $0.0514761$ & $0.0447876$ & $-0.335082$ & $-0.331209$ & $-0.316843$ & $-0.00657939$ & $-0.0135812$ & $-0.0117095$ & $0.0144707$ & $-0.249865$ & $-0.330894$ & $0.00944047$ & $0.0132536$ & $0.000477926$ & $0.047662$ & $0.334556$ & $0.112054$ & $-0.172694$ & $0.431867$ & $0.056937$ & $0.0845779$ & $0.0269776$ & $0.0565701$ & $-0.00730299$ & $-0.035234$ & $0.00439643$ & $0.0161321$ & $-0.00146257$ & $0.02291$ & $0.0218089$ & $-0.0245985$ & $-0.034163$ & $-0.0308633$ & $0.0307146$ & $0.0210866$ \\
CH & $0.0142745$ & $0.00379383$ & $0.0351699$ & $-0.00519117$ & $-0.0139164$ & $0.0134678$ & $-0.309206$ & $0.348685$ & $0.339799$ & $-0.25431$ & $-0.185022$ & $0.84304$ & $1$ & $-0.214175$ & $0.0842089$ & $0.0874504$ & $-0.346827$ & $-0.378244$ & $-0.371514$ & $0.180111$ & $0.192861$ & $0.191127$ & $0.031535$ & $-0.381677$ & $-0.372814$ & $-0.103286$ & $0.138139$ & $0.0692294$ & $0.0384186$ & $0.284015$ & $0.130905$ & $-0.258019$ & $0.371731$ & $0.206588$ & $0.0315978$ & $0.0242771$ & $0.0124609$ & $-0.00929637$ & $-0.0390218$ & $0.0114816$ & $0.00114152$ & $0.0193275$ & $0.00855088$ & $0.0320443$ & $0.0193129$ & $-0.0151223$ & $-0.0249773$ & $-0.0104576$ & $0.0339233$ \\
CHL1_11 & $-0.0370525$ & $0.00850996$ & $0.0269543$ & $0.00781769$ & $0.00727626$ & $0.0427861$ & $0.0624011$ & $0.122374$ & $0.120149$ & $0.208697$ & $-0.514365$ & $-0.270237$ & $-0.214175$ & $1$ & $0.262787$ & $0.255128$ & $0.656228$ & $0.586656$ & $0.579665$ & $0.530981$ & $0.47722$ & $0.462765$ & $-0.0626452$ & $0.429967$ & $0.593444$ & $-0.291217$ & $-0.0853492$ & $0.166619$ & $-0.0484245$ & $-0.060142$ & $-0.0388157$ & $0.0340167$ & $-0.0791657$ & $-0.175854$ & $-0.0155301$ & $-0.0169721$ & $-0.0113968$ & $-0.0341065$ & $0.0244636$ & $0.0146316$ & $0.00741621$ & $0.0249036$ & $0.0336157$ & $-0.00682816$ & $0.002186$ & $-0.0464256$ & $0.00196138$ & $-0.000317436$ & $-0.00932673$ \\
CHL1_22 & $-0.0678049$ & $-0.00707844$ & $0.0536091$ & $0.0423008$ & $0.0412967$ & $-0.0597944$ & $-0.00576103$ & $0.28265$ & $0.281813$ & $-0.112729$ & $-0.400304$ & $0.0514761$ & $0.0842089$ & $0.262787$ & $1$ & $0.416632$ & $0.177901$ & $-0.465241$ & $-0.0188647$ & $0.462778$ & $0.319908$ & $0.312614$ & $-0.144844$ & $0.110947$ & $-0.128638$ & $-0.203627$ & $-0.380505$ & $0.131105$ & $0.00664934$ & $0.0419363$ & $0.0169924$ & $0.000668138$ & $0.0442198$ & $-0.583055$ & $0.00396394$ & $0.0371151$ & $0.0154578$ & $-0.012929$ & $-0.017211$ & $0.0246854$ & $-0.0597578$ & $-0.0206279$ & $0.0387371$ & $0.0246312$ & $0.00951108$ & $-0.0239487$ & $0.00159545$ & $0.019564$ & $0.0140091$ \\
CHL1_33 & $-0.0403962$ & $-0.00483525$ & $0.0585632$ & $0.060258$ & $0.013818$ & $-0.0502985$ & $-0.0183123$ & $0.287143$ & $0.286065$ & $-0.138413$ & $-0.39343$ & $0.0447876$ & $0.0874504$ & $0.255128$ & $0.416632$ & $1$ & $0.144482$ & $-0.0299528$ & $-0.460841$ & $0.455855$ & $0.316928$ & $0.330844$ & $-0.158053$ & $0.0797693$ & $-0.142466$ & $-0.191126$ & $-0.372146$ & $0.110743$ & $-0.0101765$ & $0.0327748$ & $0.0302717$ & $-0.0215435$ & $0.0380166$ & $-0.0744655$ & $-0.00493273$ & $-0.0120628$ & $-0.048917$ & $-0.0270432$ & $-0.00681769$ & $0.0118674$ & $-0.0415918$ & $-0.0158696$ & $0.0308285$ & $0.0145311$ & $0.0257289$ & $-0.056019$ & $0.0380724$ & $0.00195389$ & $0.0256273$ \\
CHL3_11 & $-0.056248$ & $0.0219422$ & $0.016842$ & $0.0129551$ & $0.0226457$ & $-0.238119$ & $0.0930779$ & $-0.216587$ & $-0.215205$ & $0.416584$ & $-0.217202$ & $-0.335082$ & $-0.346827$ & $0.656228$ & $0.177901$ & $0.144482$ & $1$ & $0.714474$ & $0.728206$ & $0.239481$ & $0.186886$ & $0.178116$ & $-0.0796091$ & $0.650147$ & $0.763333$ & $-0.109105$ & $-0.17664$ & $0.0614068$ & $-0.0302328$ & $-0.0949431$ & $-0.0602858$ & $0.0686349$ & $-0.122702$ & $-0.243017$ & $-0.0289442$ & $-0.0289929$ & $-0.029315$ & $-0.0268116$ & $0.0399977$ & $0.0195124$ & $-0.00729732$ & $-0.0291217$ & $0.034716$ & $-0.00806348$ & $0.0092705$ & $-0.0386743$ & $0.0222956$ & $0.00179207$ & $-0.0261159$ \\
CHL3_22 & $-0.00183501$ & $0.020198$ & $-0.0232042$ & $-0.0194901$ & $-0.0180831$ & $-0.0320195$ & $0.0963845$ & $-0.412964$ & $-0.408757$ & $0.46771$ & $0.0700743$ & $-0.331209$ & $-0.378244$ & $0.586656$ & $-0.465241$ & $-0.0299528$ & $0.714474$ & $1$ & $0.651883$ & $-0.0731457$ & $-0.062281$ & $-0.0636528$ & $-0.013236$ & $0.589287$ & $0.780109$ & $0.0430533$ & $-0.0168977$ & $-0.0308122$ & $-0.036379$ & $-0.117232$ & $-0.0688868$ & $0.0670304$ & $-0.143912$ & $0.053843$ & $-0.0184171$ & $-0.0483148$ & $-0.0275497$ & $-0.0230019$ & $0.0441055$ & $0.000593826$ & $0.0466329$ & $-0.00227361$ & $0.0109506$ & $-0.0284329$ & $-0.00878446$ & $-0.0237864$ & $0.0222133$ & $-0.00633908$ & $-0.0310387$ \\
CHL3_33 & $-0.0146971$ & $0.0163239$ & $-0.0230862$ & $-0.0308267$ & $0.00601516$ & $-0.0361743$ & $0.103915$ & $-0.41811$ & $-0.413121$ & $0.486367$ & $0.072732$ & $-0.316843$ & $-0.371514$ & $0.579665$ & $-0.0188647$ & $-0.460841$ & $0.728206$ & $0.651883$ & $1$ & $-0.0763802$ & $-0.0661592$ & $-0.062413$ & $0.00225349$ & $0.60644$ & $0.785695$ & $0.0376128$ & $-0.0155471$ & $-0.0230388$ & $-0.0194598$ & $-0.10846$ & $-0.0766067$ & $0.0820747$ & $-0.136266$ & $-0.339938$ & $-0.0200786$ & $-0.012753$ & $0.0181203$ & $-0.0126717$ & $0.035986$ & $0.0119545$ & $0.0311563$ & $-0.00653009$ & $0.0129745$ & $-0.0184936$ & $-0.0226352$ & $-0.0033684$ & $-0.00752781$ & $0.00813526$ & $-0.0378633$ \\
CHe_11 & $-0.0509688$ & $0.00696526$ & $0.0912412$ & $0.0653393$ & $0.0214463$ & $-0.173103$ & $-0.0573917$ & $0.863964$ & $0.850295$ & $-0.35863$ & $-0.990966$ & $-0.00657939$ & $0.180111$ & $0.530981$ & $0.462778$ & $0.455855$ & $0.239481$ & $-0.0731457$ & $-0.0763802$ & $1$ & $0.974744$ & $0.954482$ & $0.0113563$ & $-0.297674$ & $-0.0167354$ & $-0.571526$ & $0.253469$ & $0.332558$ & $-0.0309102$ & $0.0515286$ & $0.0365775$ & $-0.068896$ & $0.0572953$ & $0.333002$ & $-0.00984609$ & $0.00676091$ & $-0.0396564$ & $-0.0205384$ & $-0.0187332$ & $0.00840165$ & $-0.0616883$ & $0.0361694$ & $0.0161287$ & $0.0290219$ & $0.0535691$ & $-0.0488924$ & $-0.0164659$ & $-0.0342771$ & $0.0300081$ \\
CHe_22 & $-0.0383215$ & $0.00773344$ & $0.0835345$ & $0.0561054$ & $0.0189878$ & $-0.18446$ & $-0.0656807$ & $0.906052$ & $0.890431$ & $-0.388306$ & $-0.99193$ & $-0.0135812$ & $0.192861$ & $0.47722$ & $0.319908$ & $0.316928$ & $0.186886$ & $-0.062281$ & $-0.0661592$ & $0.974744$ & $1$ & $0.976201$ & $0.0633635$ & $-0.401435$ & $-0.0264141$ & $-0.584649$ & $0.400734$ & $0.335426$ & $-0.0338944$ & $0.0519235$ & $0.0386213$ & $-0.0772684$ & $0.0597792$ & $0.486919$ & $-0.0150758$ & $0.0022783$ & $-0.039709$ & $-0.0153201$ & $-0.0159202$ & $0.00481672$ & $-0.0560921$ & $0.0451849$ & $0.00814525$ & $0.0292661$ & $0.0550307$ & $-0.0423791$ & $-0.0233042$ & $-0.0383247$ & $0.0304789$ \\
CHe_33 & $-0.0335939$ & $0.0100501$ & $0.0800701$ & $0.0536358$ & $0.0185737$ & $-0.179898$ & $-0.0637519$ & $0.889816$ & $0.874137$ & $-0.382296$ & $-0.971439$ & $-0.0117095$ & $0.191127$ & $0.462765$ & $0.312614$ & $0.330844$ & $0.178116$ & $-0.0636528$ & $-0.062413$ & $0.954482$ & $0.976201$ & $1$ & $0.0642389$ & $-0.397469$ & $-0.0270161$ & $-0.572435$ & $0.397188$ & $0.323875$ & $-0.0344524$ & $0.0502304$ & $0.0345143$ & $-0.0745473$ & $0.0601852$ & $0.481498$ & $-0.0133458$ & $0.0012763$ & $-0.0433052$ & $-0.00917605$ & $-0.0186166$ & $0.0102332$ & $-0.0552167$ & $0.0481731$ & $0.00310993$ & $0.0389546$ & $0.0547609$ & $-0.0426208$ & $-0.0317247$ & $-0.0316313$ & $0.0346125$ \\
CHQ1_11 & $0.0322311$ & $-0.00308424$ & $-0.0423761$ & $-0.00497689$ & $-0.00779999$ & $-0.00754521$ & $-0.0307953$ & $0.0910469$ & $0.091042$ & $-0.0542494$ & $-0.038089$ & $0.0144707$ & $0.031535$ & $-0.0626452$ & $-0.144844$ & $-0.158053$ & $-0.0796091$ & $-0.013236$ & $0.00225349$ & $0.0113563$ & $0.0633635$ & $0.0642389$ & $1$ & $-0.149004$ & $0.0794916$ & $-0.68841$ & $0.355118$ & $0.0125342$ & $-0.0161914$ & $0.0109749$ & $-0.017593$ & $-0.0244197$ & $0.0425249$ & $0.192362$ & $-0.0585038$ & $-0.0114198$ & $-0.00192516$ & $0.00991866$ & $0.0374644$ & $-0.0195236$ & $-0.0147971$ & $-0.0235097$ & $0.00404775$ & $0.0361848$ & $-0.0300274$ & $0.00429884$ & $-0.0529605$ & $0.0206732$ & $0.0124746$ \\
CHQ1_33 & $-0.0583361$ & $0.0137726$ & $-0.0198153$ & $-0.0247204$ & $0.00184381$ & $0.0271073$ & $0.109228$ & $-0.686986$ & $-0.675417$ & $0.560125$ & $0.349581$ & $-0.249865$ & $-0.381677$ & $0.429967$ & $0.110947$ & $0.0797693$ & $0.650147$ & $0.589287$ & $0.60644$ & $-0.297674$ & $-0.401435$ & $-0.397469$ & $-0.149004$ & $1$ & $0.614405$ & $0.232107$ & $-0.45581$ & $-0.0302794$ & $-0.00282897$ & $-0.109466$ & $-0.0760472$ & $0.0963478$ & $-0.141364$ & $-0.648469$ & $-0.00604641$ & $-0.00989869$ & $-0.00922403$ & $-0.0280149$ & $0.0370587$ & $0.0089259$ & $0.0185737$ & $-0.039998$ & $0.0264876$ & $-0.0304607$ & $-0.0400724$ & $-0.013042$ & $0.0496046$ & $0.0309032$ & $-0.0492833$ \\
CHQ3_11 & $-0.0846263$ & $0.0448944$ & $0.00431979$ & $-0.00931671$ & $-0.00499285$ & $-0.0512162$ & $0.104436$ & $-0.382482$ & $-0.377173$ & $0.454312$ & $0.0224535$ & $-0.330894$ & $-0.372814$ & $0.593444$ & $-0.128638$ & $-0.142466$ & $0.763333$ & $0.780109$ & $0.785695$ & $-0.0167354$ & $-0.0264141$ & $-0.0270161$ & $0.0794916$ & $0.614405$ & $1$ & $0.0074224$ & $0.195469$ & $-0.0149042$ & $-0.0275326$ & $-0.113712$ & $-0.0834314$ & $0.0742528$ & $-0.145429$ & $-0.194557$ & $-0.043724$ & $-0.00978158$ & $-0.0294027$ & $-0.0244486$ & $0.0550479$ & $0.00789439$ & $-0.00946604$ & $-0.00405322$ & $0.0195228$ & $-0.0248108$ & $-0.00318673$ & $-0.0199629$ & $0.00244496$ & $-0.0262105$ & $-0.0327695$ \\
CHu_11 & $-0.00424219$ & $0.0023916$ & $-0.0160211$ & $-0.0385859$ & $-0.029241$ & $0.100273$ & $0.0379873$ & $-0.530293$ & $-0.523925$ & $0.218417$ & $0.582864$ & $0.00944047$ & $-0.103286$ & $-0.291217$ & $-0.203627$ & $-0.191126$ & $-0.109105$ & $0.0430533$ & $0.0376128$ & $-0.571526$ & $-0.584649$ & $-0.572435$ & $-0.68841$ & $0.232107$ & $0.0074224$ & $1$ & $-0.211902$ & $-0.194679$ & $0.0271476$ & $-0.0274635$ & $-0.0152425$ & $0.0384928$ & $-0.0670303$ & $-0.270073$ & $0.0402806$ & $0.0196554$ & $0.0261379$ & $0.00318259$ & $-0.0105031$ & $0.00572824$ & $0.0391686$ & $-0.00776644$ & $-0.00507768$ & $-0.0357678$ & $-0.00216154$ & $0.0239504$ & $0.039696$ & $0.00335132$ & $-0.0437827$ \\
CHd_11 & $0.0150428$ & $0.0126147$ & $0.0207581$ & $-0.00504276$ & $-0.0188129$ & $-0.0770195$ & $-0.0549443$ & $0.455855$ & $0.446319$ & $-0.267687$ & $-0.325455$ & $0.0132536$ & $0.138139$ & $-0.0853492$ & $-0.380505$ & $-0.372146$ & $-0.17664$ & $-0.0168977$ & $-0.0155471$ & $0.253469$ & $0.400734$ & $0.397188$ & $0.355118$ & $-0.45581$ & $0.195469$ & $-0.211902$ & $1$ & $0.105103$ & $-0.0137198$ & $0.020869$ & $-0.00242173$ & $-0.0639868$ & $0.0242116$ & $0.688101$ & $-0.0312254$ & $0.012598$ & $-0.0312315$ & $0.0101694$ & $0.00527299$ & $-0.0206089$ & $-0.0293686$ & $0.0479471$ & $-0.0254026$ & $-0.000586529$ & $0.0319131$ & $0.00101305$ & $-0.0557268$ & $-0.0469231$ & $0.00444421$ \\
CHd_33 & $0.00666839$ & $-0.00347623$ & $0.0117683$ & $-0.00165376$ & $-0.00554653$ & $-0.0591608$ & $-0.0295228$ & $0.304623$ & $0.300095$ & $-0.134043$ & $-0.336085$ & $0.000477926$ & $0.0692294$ & $0.166619$ & $0.131105$ & $0.110743$ & $0.0614068$ & $-0.0308122$ & $-0.0230388$ & $0.332558$ & $0.335426$ & $0.323875$ & $0.0125342$ & $-0.0302794$ & $-0.0149042$ & $-0.194679$ & $0.105103$ & $1$ & $-0.0136942$ & $0.033769$ & $0.029576$ & $-0.0210556$ & $0.0261616$ & $0.143554$ & $0.011096$ & $-0.00919274$ & $-0.0551605$ & $-0.0441136$ & $-0.0134462$ & $-0.00673086$ & $0.00702332$ & $0.0125027$ & $-0.00752151$ & $0.0121177$ & $0.0452197$ & $0.0117762$ & $0.0121065$ & $-0.00832981$ & $-0.00757057$ \\
CeH_22r & $-0.00431017$ & $-0.00945195$ & $-0.0122843$ & $-0.0121462$ & $0.01795$ & $0.013479$ & $0.000661147$ & $-0.0179355$ & $-0.0103406$ & $-0.0112457$ & $0.0342467$ & $0.047662$ & $0.0384186$ & $-0.0484245$ & $0.00664934$ & $-0.0101765$ & $-0.0302328$ & $-0.036379$ & $-0.0194598$ & $-0.0309102$ & $-0.0338944$ & $-0.0344524$ & $-0.0161914$ & $-0.00282897$ & $-0.0275326$ & $0.0271476$ & $-0.0137198$ & $-0.0136942$ & $1$ & $0.0208597$ & $0.0327213$ & $-0.0122271$ & $0.0423421$ & $-0.0199057$ & $-0.019298$ & $-0.0211935$ & $0.00758037$ & $0.0337823$ & $0.0322805$ & $0.0384393$ & $0.00478806$ & $0.0190433$ & $0.0177444$ & $0.0340585$ & $-0.00992406$ & $6.09695e-05$ & $0.0266532$ & $0.0091056$ & $0.000368599$ \\
CeH_33r & $-0.0207194$ & $-0.0311658$ & $-0.0440958$ & $0.0548409$ & $0.00265028$ & $-0.0124184$ & $-0.123266$ & $0.0989729$ & $0.122945$ & $-0.128911$ & $-0.0539641$ & $0.334556$ & $0.284015$ & $-0.060142$ & $0.0419363$ & $0.0327748$ & $-0.0949431$ & $-0.117232$ & $-0.10846$ & $0.0515286$ & $0.0519235$ & $0.0502304$ & $0.0109749$ & $-0.109466$ & $-0.113712$ & $-0.0274635$ & $0.020869$ & $0.033769$ & $0.0208597$ & $1$ & $0.328043$ & $0.0207098$ & $0.685006$ & $0.0439599$ & $-0.11699$ & $-0.0934417$ & $-0.168149$ & $-0.0261396$ & $0.0115865$ & $0.0230207$ & $-0.0117337$ & $0.00874032$ & $0.0572305$ & $0.0693198$ & $0.125884$ & $-0.00471133$ & $-0.00138761$ & $0.00287485$ & $0.00511239$ \\
CuH_22r & $-0.0360635$ & $-0.0318474$ & $0.0223128$ & $-0.00333051$ & $0.0192226$ & $-0.0172052$ & $-0.069748$ & $0.0675844$ & $0.0811262$ & $-0.0991406$ & $-0.0379661$ & $0.112054$ & $0.130905$ & $-0.0388157$ & $0.0169924$ & $0.0302717$ & $-0.0602858$ & $-0.0688868$ & $-0.0766067$ & $0.0365775$ & $0.0386213$ & $0.0345143$ & $-0.017593$ & $-0.0760472$ & $-0.0834314$ & $-0.0152425$ & $-0.00242173$ & $0.029576$ & $0.0327213$ & $0.328043$ & $1$ & $0.0218824$ & $0.409976$ & $0.0391796$ & $-0.0798097$ & $-0.0656576$ & $-0.125013$ & $-0.0472695$ & $0.0390511$ & $0.0512749$ & $-0.0900699$ & $-0.025798$ & $-0.00329842$ & $0.0769693$ & $0.058486$ & $0.111003$ & $0.281277$ & $-0.001016$ & $0.0801973$ \\
CuH_33r & $0.0327928$ & $-0.0293917$ & $-0.0704697$ & $0.0356079$ & $0.0278882$ & $0.00584474$ & $0.936758$ & $-0.105353$ & $-0.0619303$ & $0.0926516$ & $0.071665$ & $-0.172694$ & $-0.258019$ & $0.0340167$ & $0.000668138$ & $-0.0215435$ & $0.0686349$ & $0.0670304$ & $0.0820747$ & $-0.068896$ & $-0.0772684$ & $-0.0745473$ & $-0.0244197$ & $0.0963478$ & $0.0742528$ & $0.0384928$ & $-0.0639868$ & $-0.0210556$ & $-0.0122271$ & $0.0207098$ & $0.0218824$ & $1$ & $0.00424344$ & $-0.0855276$ & $0.00745866$ & $-0.0298842$ & $0.0480249$ & $0.00110268$ & $0.00286091$ & $-0.0338811$ & $0.00992054$ & $0.0175402$ & $0.0667996$ & $0.0391645$ & $0.00129723$ & $-0.0135527$ & $-0.015751$ & $0.0613834$ & $-0.0146052$ \\
CdH_33r & $0.0576945$ & $-0.138603$ & $0.00545663$ & $0.0637654$ & $0.00610269$ & $-0.00959109$ & $-0.175955$ & $0.120603$ & $0.147512$ & $-0.141358$ & $-0.0618821$ & $0.431867$ & $0.371731$ & $-0.0791657$ & $0.0442198$ & $0.0380166$ & $-0.122702$ & $-0.143912$ & $-0.136266$ & $0.0572953$ & $0.0597792$ & $0.0601852$ & $0.0425249$ & $-0.141364$ & $-0.145429$ & $-0.0670303$ & $0.0242116$ & $0.0261616$ & $0.0423421$ & $0.685006$ & $0.409976$ & $0.00424344$ & $1$ & $0.0545752$ & $-0.069722$ & $-0.189468$ & $-0.163556$ & $-0.0303576$ & $0.0170652$ & $-0.00411118$ & $-0.0449205$ & $0.0215299$ & $0.0796501$ & $0.0837035$ & $0.0987799$ & $0.0744291$ & $0.00550549$ & $0.146792$ & $0.384064$ \\
CLL_1221 & $0.0233142$ & $0.0252374$ & $0.0206389$ & $0.0168414$ & $-0.0196627$ & $-0.142599$ & $-0.0816905$ & $0.587471$ & $0.573783$ & $-0.370818$ & $-0.406779$ & $0.056937$ & $0.206588$ & $-0.175854$ & $-0.583055$ & $-0.0744655$ & $-0.243017$ & $0.053843$ & $-0.339938$ & $0.333002$ & $0.486919$ & $0.481498$ & $0.192362$ & $-0.648469$ & $-0.194557$ & $-0.270073$ & $0.688101$ & $0.143554$ & $-0.0199057$ & $0.0439599$ & $0.0391796$ & $-0.0855276$ & $0.0545752$ & $1$ & $-0.0088109$ & $-0.0212977$ & $-0.0468251$ & $0.0138023$ & $-0.0112$ & $-0.0178681$ & $-0.00865846$ & $0.044087$ & $-0.0411311$ & $0.0127958$ & $0.0465909$ & $-0.00987007$ & $-0.0247314$ & $-0.0521181$ & $0.0160983$ \\
eHggint & $0.10079$ & $0.0678763$ & $-0.0133527$ & $-0.384572$ & $-0.0369181$ & $0.045199$ & $-0.0440576$ & $-0.00498511$ & $-0.0238905$ & $0.045422$ & $0.0124531$ & $0.0845779$ & $0.0315978$ & $-0.0155301$ & $0.00396394$ & $-0.00493273$ & $-0.0289442$ & $-0.0184171$ & $-0.0200786$ & $-0.00984609$ & $-0.0150758$ & $-0.0133458$ & $-0.0585038$ & $-0.00604641$ & $-0.043724$ & $0.0402806$ & $-0.0312254$ & $0.011096$ & $-0.019298$ & $-0.11699$ & $-0.0798097$ & $0.00745866$ & $-0.069722$ & $-0.0088109$ & $1$ & $0.185091$ & $0.335489$ & $0.0125568$ & $-0.250332$ & $0.0920163$ & $0.298642$ & $0.0715311$ & $-0.0234448$ & $0.0317256$ & $-0.113632$ & $-0.130302$ & $-0.0231679$ & $0.222224$ & $0.0496182$ \\
eHggpar & $-0.109122$ & $0.263282$ & $0.208887$ & $-0.262007$ & $-0.0694099$ & $0.0134002$ & $-0.0475752$ & $0.00699923$ & $-0.0234612$ & $-0.0276243$ & $0.000848793$ & $0.0269776$ & $0.0242771$ & $-0.0169721$ & $0.0371151$ & $-0.0120628$ & $-0.0289929$ & $-0.0483148$ & $-0.012753$ & $0.00676091$ & $0.0022783$ & $0.0012763$ & $-0.0114198$ & $-0.00989869$ & $-0.00978158$ & $0.0196554$ & $0.012598$ & $-0.00919274$ & $-0.0211935$ & $-0.0934417$ & $-0.0656576$ & $-0.0298842$ & $-0.189468$ & $-0.0212977$ & $0.185091$ & $1$ & $0.357209$ & $-0.0463355$ & $-0.269969$ & $-0.0199069$ & $-0.100294$ & $0.0464354$ & $-0.219672$ & $-0.0172725$ & $-0.126364$ & $-0.125317$ & $0.0965105$ & $0.0670185$ & $-0.247889$ \\
eHWWint & $0.15907$ & $0.127592$ & $-0.00744431$ & $-0.14101$ & $-0.0288192$ & $0.0325701$ & $0.0392136$ & $-0.0355341$ & $-0.048559$ & $0.0439446$ & $0.0410865$ & $0.0565701$ & $0.0124609$ & $-0.0113968$ & $0.0154578$ & $-0.048917$ & $-0.029315$ & $-0.0275497$ & $0.0181203$ & $-0.0396564$ & $-0.039709$ & $-0.0433052$ & $-0.00192516$ & $-0.00922403$ & $-0.0294027$ & $0.0261379$ & $-0.0312315$ & $-0.0551605$ & $0.00758037$ & $-0.168149$ & $-0.125013$ & $0.0480249$ & $-0.163556$ & $-0.0468251$ & $0.335489$ & $0.357209$ & $1$ & $0.0279885$ & $-0.0300494$ & $0.000497549$ & $0.180014$ & $0.0141799$ & $0.025182$ & $-0.114486$ & $-0.397537$ & $-0.103878$ & $-0.04701$ & $0.0416585$ & $-0.0504827$ \\
eHWWpar & $0.00391756$ & $-0.0155018$ & $-0.0521428$ & $-0.0333482$ & $-0.00266751$ & $-0.00193173$ & $0.0106211$ & $0.000434951$ & $-0.00113526$ & $-0.00885663$ & $0.0164157$ & $-0.00730299$ & $-0.00929637$ & $-0.0341065$ & $-0.012929$ & $-0.0270432$ & $-0.0268116$ & $-0.0230019$ & $-0.0126717$ & $-0.0205384$ & $-0.0153201$ & $-0.00917605$ & $0.00991866$ & $-0.0280149$ & $-0.0244486$ & $0.00318259$ & $0.0101694$ & $-0.0441136$ & $0.0337823$ & $-0.0261396$ & $-0.0472695$ & $0.00110268$ & $-0.0303576$ & $0.0138023$ & $0.0125568$ & $-0.0463355$ & $0.0279885$ & $1$ & $0.0370297$ & $0.030577$ & $0.0327782$ & $0.0439627$ & $0.0149566$ & $0.0689051$ & $-0.0410117$ & $-0.000912899$ & $-0.0385044$ & $0.0466592$ & $-0.0210672$ \\
eHZZint & $-0.0610622$ & $-0.0415873$ & $-0.0902647$ & $-0.0132835$ & $0.00924743$ & $-0.0473841$ & $0.0137986$ & $-0.0321164$ & $-0.0176566$ & $0.0220119$ & $0.0164548$ & $-0.035234$ & $-0.0390218$ & $0.0244636$ & $-0.017211$ & $-0.00681769$ & $0.0399977$ & $0.0441055$ & $0.035986$ & $-0.0187332$ & $-0.0159202$ & $-0.0186166$ & $0.0374644$ & $0.0370587$ & $0.0550479$ & $-0.0105031$ & $0.00527299$ & $-0.0134462$ & $0.0322805$ & $0.0115865$ & $0.0390511$ & $0.00286091$ & $0.0170652$ & $-0.0112$ & $-0.250332$ & $-0.269969$ & $-0.0300494$ & $0.0370297$ & $1$ & $-0.0306137$ & $0.0241661$ & $-0.0777206$ & $0.365448$ & $0.090381$ & $-0.125607$ & $-0.0621511$ & $0.166634$ & $-0.113502$ & $0.0646754$ \\
eHZZpar & $-0.0543025$ & $0.0171727$ & $-0.0139495$ & $-0.121423$ & $-0.0113767$ & $-0.00479209$ & $-0.0283657$ & $-0.00172008$ & $-0.000307974$ & $-0.00559008$ & $-0.00691927$ & $0.00439643$ & $0.0114816$ & $0.0146316$ & $0.0246854$ & $0.0118674$ & $0.0195124$ & $0.000593826$ & $0.0119545$ & $0.00840165$ & $0.00481672$ & $0.0102332$ & $-0.0195236$ & $0.0089259$ & $0.00789439$ & $0.00572824$ & $-0.0206089$ & $-0.00673086$ & $0.0384393$ & $0.0230207$ & $0.0512749$ & $-0.0338811$ & $-0.00411118$ & $-0.0178681$ & $0.0920163$ & $-0.0199069$ & $0.000497549$ & $0.030577$ & $-0.0306137$ & $1$ & $0.0558794$ & $0.00370488$ & $0.0205315$ & $0.00792288$ & $-0.0252986$ & $0.0700885$ & $0.0903348$ & $-0.00284051$ & $0.0178241$ \\
eHZgaint & $0.31409$ & $-0.0587568$ & $-0.290856$ & $-0.172692$ & $-0.0152351$ & $0.076787$ & $0.00492767$ & $-0.0587815$ & $-0.058423$ & $0.0290719$ & $0.0549299$ & $0.0161321$ & $0.00114152$ & $0.00741621$ & $-0.0597578$ & $-0.0415918$ & $-0.00729732$ & $0.0466329$ & $0.0311563$ & $-0.0616883$ & $-0.0560921$ & $-0.0552167$ & $-0.0147971$ & $0.0185737$ & $-0.00946604$ & $0.0391686$ & $-0.0293686$ & $0.00702332$ & $0.00478806$ & $-0.0117337$ & $-0.0900699$ & $0.00992054$ & $-0.0449205$ & $-0.00865846$ & $0.298642$ & $-0.100294$ & $0.180014$ & $0.0327782$ & $0.0241661$ & $0.0558794$ & $1$ & $0.00331151$ & $0.12143$ & $0.0766078$ & $0.0151939$ & $-0.257497$ & $-0.265637$ & $0.188252$ & $-0.139512$ \\
eHZgapar & $0.0131088$ & $-0.0360344$ & $0.00173072$ & $-0.0523852$ & $0.0198264$ & $0.0236285$ & $0.00619586$ & $0.048858$ & $0.0443133$ & $-0.0341618$ & $-0.0409266$ & $-0.00146257$ & $0.0193275$ & $0.0249036$ & $-0.0206279$ & $-0.0158696$ & $-0.0291217$ & $-0.00227361$ & $-0.00653009$ & $0.0361694$ & $0.0451849$ & $0.0481731$ & $-0.0235097$ & $-0.039998$ & $-0.00405322$ & $-0.00776644$ & $0.0479471$ & $0.0125027$ & $0.0190433$ & $0.00874032$ & $-0.025798$ & $0.0175402$ & $0.0215299$ & $0.044087$ & $0.0715311$ & $0.0464354$ & $0.0141799$ & $0.0439627$ & $-0.0777206$ & $0.00370488$ & $0.00331151$ & $1$ & $0.00219781$ & $-0.00714567$ & $0.0128066$ & $-0.0129597$ & $-0.041298$ & $0.099903$ & $0.0462345$ \\
eHgagaint & $0.0343822$ & $-0.345069$ & $-0.118262$ & $0.139524$ & $0.0119994$ & $-0.0428795$ & $0.0722185$ & $0.00269707$ & $0.0551111$ & $0.0194269$ & $-0.0186774$ & $0.02291$ & $0.00855088$ & $0.0336157$ & $0.0387371$ & $0.0308285$ & $0.034716$ & $0.0109506$ & $0.0129745$ & $0.0161287$ & $0.00814525$ & $0.00310993$ & $0.00404775$ & $0.0264876$ & $0.0195228$ & $-0.00507768$ & $-0.0254026$ & $-0.00752151$ & $0.0177444$ & $0.0572305$ & $-0.00329842$ & $0.0667996$ & $0.0796501$ & $-0.0411311$ & $-0.0234448$ & $-0.219672$ & $0.025182$ & $0.0149566$ & $0.365448$ & $0.0205315$ & $0.12143$ & $0.00219781$ & $1$ & $0.152997$ & $0.099485$ & $0.150866$ & $-0.055993$ & $0.0951765$ & $0.1024$ \\
eHmumuint & $-0.138162$ & $-0.055928$ & $-0.23425$ & $-0.0251433$ & $-0.047232$ & $-0.00620412$ & $0.0281412$ & $0.0383077$ & $0.0481167$ & $-0.046157$ & $-0.0328715$ & $0.0218089$ & $0.0320443$ & $-0.00682816$ & $0.0246312$ & $0.0145311$ & $-0.00806348$ & $-0.0284329$ & $-0.0184936$ & $0.0290219$ & $0.0292661$ & $0.0389546$ & $0.0361848$ & $-0.0304607$ & $-0.0248108$ & $-0.0357678$ & $-0.000586529$ & $0.0121177$ & $0.0340585$ & $0.0693198$ & $0.0769693$ & $0.0391645$ & $0.0837035$ & $0.0127958$ & $0.0317256$ & $-0.0172725$ & $-0.114486$ & $0.0689051$ & $0.090381$ & $0.00792288$ & $0.0766078$ & $-0.00714567$ & $0.152997$ & $1$ & $0.182261$ & $0.109933$ & $0.172793$ & $0.159587$ & $0.0821887$ \\
eHtautauint & $-0.0355097$ & $0.0110304$ & $-0.0250083$ & $0.303418$ & $0.00874846$ & $-0.0162255$ & $0.00602246$ & $0.0563192$ & $0.0680976$ & $-0.0655572$ & $-0.0550871$ & $-0.0245985$ & $0.0193129$ & $0.002186$ & $0.00951108$ & $0.0257289$ & $0.0092705$ & $-0.00878446$ & $-0.0226352$ & $0.0535691$ & $0.0550307$ & $0.0547609$ & $-0.0300274$ & $-0.0400724$ & $-0.00318673$ & $-0.00216154$ & $0.0319131$ & $0.0452197$ & $-0.00992406$ & $0.125884$ & $0.058486$ & $0.00129723$ & $0.0987799$ & $0.0465909$ & $-0.113632$ & $-0.126364$ & $-0.397537$ & $-0.0410117$ & $-0.125607$ & $-0.0252986$ & $0.0151939$ & $0.0128066$ & $0.099485$ & $0.182261$ & $1$ & $0.150962$ & $-0.105136$ & $0.0878567$ & $0.0252671$ \\
eHccint & $-0.0122286$ & $-0.10535$ & $-0.125826$ & $0.0935451$ & $0.003979$ & $-0.00696083$ & $-0.0017313$ & $-0.0250145$ & $-0.0124493$ & $-0.032377$ & $0.0441939$ & $-0.034163$ & $-0.0151223$ & $-0.0464256$ & $-0.0239487$ & $-0.056019$ & $-0.0386743$ & $-0.0237864$ & $-0.0033684$ & $-0.0488924$ & $-0.0423791$ & $-0.0426208$ & $0.00429884$ & $-0.013042$ & $-0.0199629$ & $0.0239504$ & $0.00101305$ & $0.0117762$ & $6.09695e-05$ & $-0.00471133$ & $0.111003$ & $-0.0135527$ & $0.0744291$ & $-0.00987007$ & $-0.130302$ & $-0.125317$ & $-0.103878$ & $-0.000912899$ & $-0.0621511$ & $0.0700885$ & $-0.257497$ & $-0.0129597$ & $0.150866$ & $0.109933$ & $0.150962$ & $1$ & $0.055435$ & $-0.03075$ & $0.19933$ \\
eHccpar & $-0.117$ & $0.000856887$ & $0.144629$ & $-0.170494$ & $0.0203372$ & $0.00947734$ & $-0.0220197$ & $-0.0320547$ & $-0.0366138$ & $-0.0012288$ & $0.0222283$ & $-0.0308633$ & $-0.0249773$ & $0.00196138$ & $0.00159545$ & $0.0380724$ & $0.0222956$ & $0.0222133$ & $-0.00752781$ & $-0.0164659$ & $-0.0233042$ & $-0.0317247$ & $-0.0529605$ & $0.0496046$ & $0.00244496$ & $0.039696$ & $-0.0557268$ & $0.0121065$ & $0.0266532$ & $-0.00138761$ & $0.281277$ & $-0.015751$ & $0.00550549$ & $-0.0247314$ & $-0.0231679$ & $0.0965105$ & $-0.04701$ & $-0.0385044$ & $0.166634$ & $0.0903348$ & $-0.265637$ & $-0.041298$ & $-0.055993$ & $0.172793$ & $-0.105136$ & $0.055435$ & $1$ & $0.0288063$ & $0.0614634$ \\
eHbbint & $0.243778$ & $-0.260995$ & $0.0635778$ & $-0.199371$ & $-0.0282956$ & $0.00763876$ & $0.0454281$ & $-0.0314485$ & $-0.0274914$ & $0.069017$ & $0.0295799$ & $0.0307146$ & $-0.0104576$ & $-0.000317436$ & $0.019564$ & $0.00195389$ & $0.00179207$ & $-0.00633908$ & $0.00813526$ & $-0.0342771$ & $-0.0383247$ & $-0.0316313$ & $0.0206732$ & $0.0309032$ & $-0.0262105$ & $0.00335132$ & $-0.0469231$ & $-0.00832981$ & $0.0091056$ & $0.00287485$ & $-0.001016$ & $0.0613834$ & $0.146792$ & $-0.0521181$ & $0.222224$ & $0.0670185$ & $0.0416585$ & $0.0466592$ & $-0.113502$ & $-0.00284051$ & $0.188252$ & $0.099903$ & $0.0951765$ & $0.159587$ & $0.0878567$ & $-0.03075$ & $0.0288063$ & $1$ & $0.0964315$ \\
eHbbpar & $0.0735668$ & $-0.175531$ & $0.0809272$ & $0.105331$ & $0.0329087$ & $-0.0360325$ & $-0.0200854$ & $0.0450813$ & $0.0508689$ & $-0.0229598$ & $-0.0327108$ & $0.0210866$ & $0.0339233$ & $-0.00932673$ & $0.0140091$ & $0.0256273$ & $-0.0261159$ & $-0.0310387$ & $-0.0378633$ & $0.0300081$ & $0.0304789$ & $0.0346125$ & $0.0124746$ & $-0.0492833$ & $-0.0327695$ & $-0.0437827$ & $0.00444421$ & $-0.00757057$ & $0.000368599$ & $0.00511239$ & $0.0801973$ & $-0.0146052$ & $0.384064$ & $0.0160983$ & $0.0496182$ & $-0.247889$ & $-0.0504827$ & $-0.0210672$ & $0.0646754$ & $0.0178241$ & $-0.139512$ & $0.0462345$ & $0.1024$ & $0.0821887$ & $0.0252671$ & $0.19933$ & $0.0614634$ & $0.0964315$ & $1$ \\
