 & AlsMz & dAle5Mz & mtop & mHl & Mz & CW & CHG & CHWB & CHWHB_gaga & CHWHB_gagaorth & CHD & CHbox & CH & CHL1_11 & CHL1_22 & CHL1_33 & CHL3_11 & CHL3_22 & CHL3_33 & CHe_11 & CHe_22 & CHe_33 & CHQ1_11 & CHQ1_33 & CHQ3_11 & CHu_11 & CHd_11 & CHd_33 & CeH_22r & CeH_33r & CuH_22r & CuH_33r & CdH_33r & CLL_1221 & eHggint & eHggpar & eHWWint & eHWWpar & eHZZint & eHZZpar & eHZgaint & eHZgapar & eHgagaint & eHmumuint & eHtautauint & eHccint & eHccpar & eHbbint & eHbbpar \\
AlsMz & $1$ & $-0.0259862$ & $0.0428595$ & $0.0120657$ & $0.0161225$ & $0.0320743$ & $0.0303222$ & $0.0521184$ & $0.0422173$ & $-0.0563509$ & $-0.0537755$ & $0.0037209$ & $-0.0260602$ & $0.0279587$ & $-0.000269034$ & $-0.0195065$ & $-0.0265269$ & $-0.0124409$ & $0.00190888$ & $0.0393807$ & $0.0477679$ & $0.0543428$ & $0.0324267$ & $-0.106258$ & $-0.137828$ & $-0.0696546$ & $0.0282623$ & $0.0530789$ & $-0.0328751$ & $0.00661297$ & $-0.0132413$ & $0.0163898$ & $0.0135026$ & $0.0324768$ & $-0.122242$ & $0.0666543$ & $-0.0500904$ & $-0.00127779$ & $-0.0731514$ & $0.0522194$ & $-0.0057606$ & $0.0475257$ & $-0.0409611$ & $0.027125$ & $-0.0169098$ & $0.0159389$ & $-0.0168899$ & $0.0557529$ & $-0.00178233$ \\
dAle5Mz & $-0.0259862$ & $1$ & $-0.0435305$ & $0.0351538$ & $0.00134353$ & $0.00789813$ & $0.00395185$ & $-0.129436$ & $-0.129846$ & $0.0886296$ & $0.120375$ & $0.0458002$ & $-0.00889244$ & $-0.0592295$ & $-0.0253474$ & $-0.0242352$ & $0.0120303$ & $0.0110203$ & $0.00257543$ & $-0.0906152$ & $-0.0954354$ & $-0.100192$ & $-0.0437791$ & $0.0447081$ & $-0.0130253$ & $0.0587342$ & $-0.0725597$ & $-0.050252$ & $-0.0160808$ & $0.00268982$ & $0.0862265$ & $0.00996392$ & $-0.00531517$ & $-0.00474206$ & $-0.0201945$ & $-0.040847$ & $0.0619831$ & $-0.0124011$ & $-0.026749$ & $-0.0414376$ & $0.0284845$ & $0.0675117$ & $-0.00581979$ & $-0.0162653$ & $0.00901407$ & $0.00843796$ & $0.0694241$ & $0.0184532$ & $-0.0324498$ \\
mtop & $0.0428595$ & $-0.0435305$ & $1$ & $0.0400918$ & $-0.0188826$ & $-0.0270994$ & $-0.0277861$ & $0.013927$ & $0.00781396$ & $-0.0277678$ & $0.00441248$ & $0.0368276$ & $-0.0410944$ & $-0.00582568$ & $-0.0290414$ & $-0.0223156$ & $-0.034241$ & $-0.00410279$ & $-0.0265313$ & $-0.00223665$ & $0.00544633$ & $-0.0182455$ & $0.0263207$ & $-0.022391$ & $-0.00376134$ & $-0.0248756$ & $0.0382579$ & $-0.0288984$ & $-0.0535814$ & $0.00584478$ & $0.0197791$ & $-0.00293123$ & $0.0473341$ & $0.0228259$ & $-0.00812342$ & $-0.0340706$ & $-0.00817434$ & $0.00855921$ & $-0.0191475$ & $0.015421$ & $-0.0153013$ & $0.0402994$ & $-0.0237389$ & $0.00874704$ & $-0.0660987$ & $0.0226382$ & $-0.00535295$ & $0.0472929$ & $0.0239771$ \\
mHl & $0.0120657$ & $0.0351538$ & $0.0400918$ & $1$ & $-0.00845779$ & $-0.0194017$ & $-0.0147506$ & $0.0217482$ & $0.0230793$ & $-0.013799$ & $-0.0358131$ & $-0.0117821$ & $0.00821819$ & $0.0382602$ & $0.0756368$ & $0.0113766$ & $0.0227283$ & $-0.0286503$ & $0.021463$ & $0.0394989$ & $0.0324381$ & $0.0325941$ & $0.0299827$ & $0.00973071$ & $-0.0167834$ & $-0.0559556$ & $-0.0393538$ & $0.0297294$ & $-0.0262311$ & $0.0820605$ & $-0.0226822$ & $-0.00350487$ & $0.0470941$ & $-0.0453471$ & $-0.0312869$ & $-0.0263782$ & $-0.0290579$ & $-0.0179926$ & $-0.0642934$ & $0.00999974$ & $0.0542962$ & $0.007759$ & $-0.0142442$ & $-0.0432076$ & $-0.0339464$ & $0.041306$ & $-0.0869734$ & $0.0273921$ & $-0.00513914$ \\
Mz & $0.0161225$ & $0.00134353$ & $-0.0188826$ & $-0.00845779$ & $1$ & $-0.0330305$ & $-3.08054e-05$ & $-0.0322502$ & $-0.03684$ & $0.0142039$ & $0.0279009$ & $0.0157667$ & $-0.028195$ & $0.0045204$ & $-0.0047998$ & $-0.0109165$ & $0.0447624$ & $0.0268488$ & $0.0331728$ & $-0.0216856$ & $-0.0181764$ & $-0.014217$ & $0.00448638$ & $0.0135803$ & $0.0340677$ & $0.0111419$ & $-0.00359421$ & $-0.0865549$ & $0.0227495$ & $0.0182243$ & $-0.0115124$ & $-0.00582252$ & $0.0191053$ & $-0.0132617$ & $-0.0467135$ & $-0.0335267$ & $-0.0685548$ & $0.0227005$ & $-0.00289167$ & $-0.0265946$ & $0.0204909$ & $-0.0242457$ & $-0.0192537$ & $-0.0236115$ & $-0.00622683$ & $0.0198143$ & $0.011973$ & $0.0164681$ & $0.0594091$ \\
CW & $0.0320743$ & $0.00789813$ & $-0.0270994$ & $-0.0194017$ & $-0.0330305$ & $1$ & $-0.0126092$ & $-0.111067$ & $-0.109284$ & $-0.00707826$ & $0.149273$ & $0.0257163$ & $-0.0350471$ & $0.0675441$ & $-0.106808$ & $-0.0931496$ & $-0.220179$ & $0.00699019$ & $-0.0206234$ & $-0.153126$ & $-0.152725$ & $-0.154862$ & $0.00949809$ & $0.00343343$ & $-0.0473689$ & $0.048167$ & $-0.05755$ & $-0.0835076$ & $0.0240576$ & $-0.0469064$ & $-0.0751614$ & $-0.0272548$ & $-0.0625117$ & $-0.0865549$ & $-0.0232249$ & $-0.0104479$ & $-0.020959$ & $-0.0147901$ & $-0.0363364$ & $-0.0353276$ & $0.0523826$ & $0.0421018$ & $-0.0181182$ & $0.0399508$ & $0.0482152$ & $-0.0561785$ & $-0.0214292$ & $-0.041541$ & $0.0202037$ \\
CHG & $0.0303222$ & $0.00395185$ & $-0.0277861$ & $-0.0147506$ & $-3.08054e-05$ & $-0.0126092$ & $1$ & $-0.080431$ & $-0.0222909$ & $0.0360744$ & $0.0576999$ & $0.211799$ & $-0.240233$ & $0.00236402$ & $-0.0196808$ & $-0.020354$ & $0.0547826$ & $0.0557916$ & $0.0522805$ & $-0.0552814$ & $-0.0610724$ & $-0.0647067$ & $0.0395365$ & $0.0657696$ & $0.0521934$ & $-0.00269063$ & $-0.0331109$ & $-0.010381$ & $0.0297806$ & $-0.0898054$ & $-0.0995708$ & $0.930599$ & $-0.100502$ & $-0.0433581$ & $-0.0548976$ & $-0.0856601$ & $0.0161339$ & $0.0177577$ & $-0.0396077$ & $0.00496469$ & $0.00562846$ & $0.0359981$ & $0.0206058$ & $-0.0518238$ & $-0.0635982$ & $-0.073714$ & $0.0110417$ & $-0.022637$ & $0.0187449$ \\
CHWB & $0.0521184$ & $-0.129436$ & $0.013927$ & $0.0217482$ & $-0.0322502$ & $-0.111067$ & $-0.080431$ & $1$ & $0.981885$ & $-0.603507$ & $-0.889825$ & $-0.354002$ & $0.250631$ & $0.124243$ & $0.287199$ & $0.250724$ & $-0.238899$ & $-0.415712$ & $-0.396683$ & $0.861587$ & $0.903218$ & $0.889674$ & $0.0992311$ & $-0.680845$ & $-0.39119$ & $-0.508392$ & $0.471362$ & $0.272714$ & $0.0435197$ & $0.129203$ & $0.0486175$ & $-0.0749702$ & $0.124536$ & $0.571392$ & $-0.0570997$ & $0.064786$ & $-0.0409288$ & $0.0303235$ & $-0.00584498$ & $0.0507202$ & $0.0181052$ & $0.00257086$ & $0.00752809$ & $0.0183063$ & $-0.0633408$ & $0.0416006$ & $-0.0221479$ & $0.0288148$ & $0.00706275$ \\
CHWHB_gaga & $0.0422173$ & $-0.129846$ & $0.00781396$ & $0.0230793$ & $-0.03684$ & $-0.109284$ & $-0.0222909$ & $0.981885$ & $1$ & $-0.58277$ & $-0.871783$ & $-0.337798$ & $0.24822$ & $0.115831$ & $0.282717$ & $0.243866$ & $-0.239815$ & $-0.412962$ & $-0.393965$ & $0.844378$ & $0.884385$ & $0.869636$ & $0.0917062$ & $-0.67173$ & $-0.387879$ & $-0.489117$ & $0.462528$ & $0.258166$ & $0.0524442$ & $0.149073$ & $0.0486256$ & $-0.0274145$ & $0.147188$ & $0.559336$ & $-0.0780803$ & $0.0565758$ & $-0.0621092$ & $0.0324715$ & $-0.00765839$ & $0.0504579$ & $0.0157319$ & $-0.0050434$ & $0.0883238$ & $0.0138917$ & $-0.0555389$ & $0.0506971$ & $-0.0432367$ & $0.0276032$ & $0.00247378$ \\
CHWHB_gagaorth & $-0.0563509$ & $0.0886296$ & $-0.0277678$ & $-0.013799$ & $0.0142039$ & $-0.00707826$ & $0.0360744$ & $-0.603507$ & $-0.58277$ & $1$ & $0.405218$ & $0.468407$ & $-0.206442$ & $0.17231$ & $-0.156937$ & $-0.115834$ & $0.442509$ & $0.486819$ & $0.470091$ & $-0.391173$ & $-0.413559$ & $-0.414656$ & $-0.0813236$ & $0.568253$ & $0.464978$ & $0.240352$ & $-0.282198$ & $-0.144716$ & $-0.0548892$ & $-0.0918399$ & $-0.0750211$ & $0.0587779$ & $-0.132677$ & $-0.336664$ & $0.0676052$ & $0.00913718$ & $0.00791636$ & $-0.00350086$ & $0.0456983$ & $-0.039324$ & $-0.0666312$ & $-0.0133706$ & $0.0202579$ & $-0.0423502$ & $0.0448823$ & $-0.0296617$ & $-0.0236166$ & $-0.0424779$ & $0.00419097$ \\
CHD & $-0.0537755$ & $0.120375$ & $0.00441248$ & $-0.0358131$ & $0.0279009$ & $0.149273$ & $0.0576999$ & $-0.889825$ & $-0.871783$ & $0.405218$ & $1$ & $0.252048$ & $-0.128711$ & $-0.516312$ & $-0.381896$ & $-0.361426$ & $-0.194748$ & $0.0650722$ & $0.0388544$ & $-0.990081$ & $-0.991974$ & $-0.97226$ & $-0.00720036$ & $0.341167$ & $0.0359789$ & $0.52667$ & $-0.346744$ & $-0.28273$ & $-0.0433873$ & $-0.120615$ & $-0.0403633$ & $0.0565651$ & $-0.108053$ & $-0.409343$ & $0.063611$ & $-0.0622512$ & $0.00979523$ & $-0.0481625$ & $-0.000928273$ & $-0.0378155$ & $-0.0293702$ & $0.0132199$ & $-0.0166914$ & $-0.00795249$ & $0.0751932$ & $-0.0269348$ & $0.0362365$ & $-0.0234574$ & $-0.00861142$ \\
CHbox & $0.0037209$ & $0.0458002$ & $0.0368276$ & $-0.0117821$ & $0.0157667$ & $0.0257163$ & $0.211799$ & $-0.354002$ & $-0.337798$ & $0.468407$ & $0.252048$ & $1$ & $-0.900121$ & $0.0808439$ & $-0.0943279$ & $-0.0384457$ & $0.221071$ & $0.264904$ & $0.226241$ & $-0.239619$ & $-0.261298$ & $-0.25826$ & $-0.0177776$ & $0.328409$ & $0.237059$ & $0.128772$ & $-0.176886$ & $-0.0581087$ & $-0.0383676$ & $-0.124168$ & $-0.0898637$ & $0.196034$ & $-0.184823$ & $-0.198746$ & $-0.0158805$ & $-0.0250021$ & $-0.0229758$ & $0.023146$ & $0.0152497$ & $-0.0771631$ & $-0.00612805$ & $0.00686204$ & $0.0191098$ & $-0.0572832$ & $-0.00519759$ & $-0.0833706$ & $0.0215086$ & $-0.0480885$ & $-0.00291303$ \\
CH & $-0.0260602$ & $-0.00889244$ & $-0.0410944$ & $0.00821819$ & $-0.028195$ & $-0.0350471$ & $-0.240233$ & $0.250631$ & $0.24822$ & $-0.206442$ & $-0.128711$ & $-0.900121$ & $1$ & $-0.175058$ & $0.0761461$ & $0.019496$ & $-0.257018$ & $-0.287253$ & $-0.253431$ & $0.125664$ & $0.136739$ & $0.133993$ & $0.00472521$ & $-0.293434$ & $-0.263428$ & $-0.0604989$ & $0.105411$ & $0.026609$ & $0.0318284$ & $0.227467$ & $0.104229$ & $-0.184087$ & $0.289939$ & $0.134601$ & $0.0684639$ & $0.0412268$ & $0.0127984$ & $-0.0363418$ & $-0.00392629$ & $0.0659155$ & $-0.0286778$ & $-0.0111743$ & $-0.0153196$ & $0.0407078$ & $0.0322581$ & $0.0860589$ & $-0.039079$ & $0.0304701$ & $0.000979161$ \\
CHL1_11 & $0.0279587$ & $-0.0592295$ & $-0.00582568$ & $0.0382602$ & $0.0045204$ & $0.0675441$ & $0.00236402$ & $0.124243$ & $0.115831$ & $0.17231$ & $-0.516312$ & $0.0808439$ & $-0.175058$ & $1$ & $0.225686$ & $0.246888$ & $0.6382$ & $0.589793$ & $0.603984$ & $0.532584$ & $0.48113$ & $0.458166$ & $-0.147226$ & $0.422512$ & $0.571095$ & $-0.21001$ & $-0.0803278$ & $0.116132$ & $0.0261077$ & $0.0208713$ & $-0.0203462$ & $-0.00641703$ & $0.0122902$ & $-0.154176$ & $-0.0555395$ & $0.00898901$ & $0.0512247$ & $0.0518922$ & $-0.0149234$ & $-0.0139961$ & $0.0365395$ & $-0.0347596$ & $0.00739731$ & $0.00248094$ & $-0.0328584$ & $-0.0148727$ & $-0.0374661$ & $0.0102561$ & $0.0353683$ \\
CHL1_22 & $-0.000269034$ & $-0.0253474$ & $-0.0290414$ & $0.0756368$ & $-0.0047998$ & $-0.106808$ & $-0.0196808$ & $0.287199$ & $0.282717$ & $-0.156937$ & $-0.381896$ & $-0.0943279$ & $0.0761461$ & $0.225686$ & $1$ & $0.380628$ & $0.111588$ & $-0.491503$ & $-0.0208$ & $0.450436$ & $0.303435$ & $0.302497$ & $-0.229754$ & $0.0729784$ & $-0.16464$ & $-0.120711$ & $-0.363513$ & $0.101826$ & $-0.0184797$ & $0.0332603$ & $-0.000240187$ & $-0.00917298$ & $0.0503864$ & $-0.589867$ & $-0.0204838$ & $-0.00485971$ & $-0.0119735$ & $0.00708071$ & $0.02758$ & $0.00267489$ & $0.0233159$ & $-0.0215913$ & $0.0334322$ & $0.0398338$ & $0.0247116$ & $0.0440217$ & $-0.0329535$ & $0.0664706$ & $0.0150432$ \\
CHL1_33 & $-0.0195065$ & $-0.0242352$ & $-0.0223156$ & $0.0113766$ & $-0.0109165$ & $-0.0931496$ & $-0.020354$ & $0.250724$ & $0.243866$ & $-0.115834$ & $-0.361426$ & $-0.0384457$ & $0.019496$ & $0.246888$ & $0.380628$ & $1$ & $0.158744$ & $-0.00126681$ & $-0.416996$ & $0.424457$ & $0.28863$ & $0.306544$ & $-0.158741$ & $0.103469$ & $-0.117816$ & $-0.143304$ & $-0.352834$ & $0.0707035$ & $-0.00455366$ & $0.0124312$ & $0.0439696$ & $-0.0139926$ & $0.0399544$ & $-0.0734981$ & $-0.0472001$ & $0.023069$ & $0.0458998$ & $0.0351813$ & $0.0347601$ & $0.041839$ & $-0.0083083$ & $0.012892$ & $-0.0178348$ & $-0.0111097$ & $-0.0131844$ & $-0.0605109$ & $0.0357385$ & $-0.00186852$ & $0.0531365$ \\
CHL3_11 & $-0.0265269$ & $0.0120303$ & $-0.034241$ & $0.0227283$ & $0.0447624$ & $-0.220179$ & $0.0547826$ & $-0.238899$ & $-0.239815$ & $0.442509$ & $-0.194748$ & $0.221071$ & $-0.257018$ & $0.6382$ & $0.111588$ & $0.158744$ & $1$ & $0.738031$ & $0.745619$ & $0.218274$ & $0.169859$ & $0.159588$ & $-0.137742$ & $0.673064$ & $0.762974$ & $-0.0422132$ & $-0.160759$ & $0.00516234$ & $-0.00137493$ & $-0.018993$ & $-0.00976666$ & $0.047766$ & $-0.0432439$ & $-0.200737$ & $0.00405306$ & $-0.00859638$ & $0.0562131$ & $0.0365426$ & $0.0319854$ & $-0.0235889$ & $0.0203974$ & $-0.032153$ & $0.0288537$ & $-0.0339318$ & $-0.0469805$ & $-0.0317375$ & $-0.0210183$ & $-0.0305535$ & $-0.00910473$ \\
CHL3_22 & $-0.0124409$ & $0.0110203$ & $-0.00410279$ & $-0.0286503$ & $0.0268488$ & $0.00699019$ & $0.0557916$ & $-0.415712$ & $-0.412962$ & $0.486819$ & $0.0650722$ & $0.264904$ & $-0.287253$ & $0.589793$ & $-0.491503$ & $-0.00126681$ & $0.738031$ & $1$ & $0.662681$ & $-0.0706294$ & $-0.0556041$ & $-0.0650158$ & $-0.0273311$ & $0.606553$ & $0.778133$ & $0.0569535$ & $-0.020213$ & $-0.0570892$ & $0.00932223$ & $-0.0446749$ & $-0.0183291$ & $0.0406784$ & $-0.0678792$ & $0.0795303$ & $0.00310974$ & $-0.0054893$ & $0.069899$ & $0.0292903$ & $-0.00323497$ & $-0.0257631$ & $0.00623659$ & $-0.0203959$ & $-0.00462784$ & $-0.0488226$ & $-0.0389908$ & $-0.0640207$ & $0.00199203$ & $-0.0633674$ & $0.00196374$ \\
CHL3_33 & $0.00190888$ & $0.00257543$ & $-0.0265313$ & $0.021463$ & $0.0331728$ & $-0.0206234$ & $0.0522805$ & $-0.396683$ & $-0.393965$ & $0.470091$ & $0.0388544$ & $0.226241$ & $-0.253431$ & $0.603984$ & $-0.0208$ & $-0.416996$ & $0.745619$ & $0.662681$ & $1$ & $-0.0385425$ & $-0.0342753$ & $-0.0363889$ & $-0.090254$ & $0.613589$ & $0.777041$ & $0.0698985$ & $-0.0379099$ & $-0.0331252$ & $0.00135979$ & $-0.0426595$ & $-0.0496699$ & $0.0395098$ & $-0.0684704$ & $-0.319492$ & $0.0252212$ & $-0.023269$ & $0.0275079$ & $0.0158217$ & $0.00620112$ & $-0.0382365$ & $0.0276176$ & $-0.0434662$ & $0.0299812$ & $0.00261521$ & $-0.00321025$ & $0.0243048$ & $-0.0470141$ & $-0.00557224$ & $-0.0263072$ \\
CHe_11 & $0.0393807$ & $-0.0906152$ & $-0.00223665$ & $0.0394989$ & $-0.0216856$ & $-0.153126$ & $-0.0552814$ & $0.861587$ & $0.844378$ & $-0.391173$ & $-0.990081$ & $-0.239619$ & $0.125664$ & $0.532584$ & $0.450436$ & $0.424457$ & $0.218274$ & $-0.0706294$ & $-0.0385425$ & $1$ & $0.973897$ & $0.95477$ & $-0.0253845$ & $-0.289891$ & $-0.0295223$ & $-0.510432$ & $0.272015$ & $0.27614$ & $0.0372861$ & $0.116543$ & $0.043045$ & $-0.0533264$ & $0.109989$ & $0.330568$ & $-0.060271$ & $0.0570381$ & $-0.00490789$ & $0.0427788$ & $0.00374239$ & $0.0362783$ & $0.0333685$ & $-0.0156526$ & $0.0143121$ & $0.00550062$ & $-0.0690553$ & $0.0269498$ & $-0.0366071$ & $0.021088$ & $0.0137183$ \\
CHe_22 & $0.0477679$ & $-0.0954354$ & $0.00544633$ & $0.0324381$ & $-0.0181764$ & $-0.152725$ & $-0.0610724$ & $0.903218$ & $0.884385$ & $-0.413559$ & $-0.991974$ & $-0.261298$ & $0.136739$ & $0.48113$ & $0.303435$ & $0.28863$ & $0.169859$ & $-0.0556041$ & $-0.0342753$ & $0.973897$ & $1$ & $0.975958$ & $0.0382713$ & $-0.388879$ & $-0.0386408$ & $-0.534545$ & $0.416863$ & $0.280984$ & $0.0489917$ & $0.12022$ & $0.0428472$ & $-0.0605546$ & $0.107701$ & $0.488441$ & $-0.0581476$ & $0.06414$ & $-0.00936974$ & $0.0433912$ & $8.16002e-05$ & $0.0374822$ & $0.0312626$ & $-0.0125642$ & $0.0155703$ & $0.00678045$ & $-0.0813994$ & $0.0321334$ & $-0.0333699$ & $0.0214202$ & $0.00880368$ \\
CHe_33 & $0.0543428$ & $-0.100192$ & $-0.0182455$ & $0.0325941$ & $-0.014217$ & $-0.154862$ & $-0.0647067$ & $0.889674$ & $0.869636$ & $-0.414656$ & $-0.97226$ & $-0.25826$ & $0.133993$ & $0.458166$ & $0.302497$ & $0.306544$ & $0.159588$ & $-0.0650158$ & $-0.0363889$ & $0.95477$ & $0.975958$ & $1$ & $0.0378011$ & $-0.387554$ & $-0.0428253$ & $-0.529397$ & $0.41245$ & $0.276943$ & $0.0446801$ & $0.0985501$ & $0.0419304$ & $-0.0646082$ & $0.0889189$ & $0.481156$ & $-0.0545511$ & $0.073512$ & $-0.00850174$ & $0.0489856$ & $0.00516568$ & $0.0435747$ & $0.0225788$ & $-0.0144131$ & $0.0183359$ & $0.0217669$ & $-0.0695805$ & $0.0304296$ & $-0.0288232$ & $0.0155358$ & $-0.00546914$ \\
CHQ1_11 & $0.0324267$ & $-0.0437791$ & $0.0263207$ & $0.0299827$ & $0.00448638$ & $0.00949809$ & $0.0395365$ & $0.0992311$ & $0.0917062$ & $-0.0813236$ & $-0.00720036$ & $-0.0177776$ & $0.00472521$ & $-0.147226$ & $-0.229754$ & $-0.158741$ & $-0.137742$ & $-0.0273311$ & $-0.090254$ & $-0.0253845$ & $0.0382713$ & $0.0378011$ & $1$ & $-0.205787$ & $0.00328858$ & $-0.708336$ & $0.356041$ & $0.0304849$ & $0.0482379$ & $0.0146223$ & $-0.0479591$ & $0.0377936$ & $-0.0489344$ & $0.275737$ & $-0.0413157$ & $0.0476919$ & $0.0165206$ & $-0.00958868$ & $-0.0181834$ & $-0.0783006$ & $-0.00214457$ & $-0.00995688$ & $-0.10551$ & $0.0081296$ & $0.0281876$ & $-0.0190342$ & $-0.00601254$ & $0.000292101$ & $-0.0514288$ \\
CHQ1_33 & $-0.106258$ & $0.0447081$ & $-0.022391$ & $0.00973071$ & $0.0135803$ & $0.00343343$ & $0.0657696$ & $-0.680845$ & $-0.67173$ & $0.568253$ & $0.341167$ & $0.328409$ & $-0.293434$ & $0.422512$ & $0.0729784$ & $0.103469$ & $0.673064$ & $0.606553$ & $0.613589$ & $-0.289891$ & $-0.388879$ & $-0.387554$ & $-0.205787$ & $1$ & $0.630949$ & $0.261434$ & $-0.437811$ & $-0.0405898$ & $-0.025152$ & $-0.0801757$ & $-0.0381117$ & $0.0661678$ & $-0.116482$ & $-0.602395$ & $0.0396579$ & $-0.0344146$ & $0.0857529$ & $0.0107571$ & $0.0460147$ & $-0.0500943$ & $-0.0144468$ & $-0.0303777$ & $0.0239077$ & $-0.0158395$ & $0.013433$ & $-0.0473293$ & $-0.00343796$ & $-0.0389483$ & $-0.033691$ \\
CHQ3_11 & $-0.137828$ & $-0.0130253$ & $-0.00376134$ & $-0.0167834$ & $0.0340677$ & $-0.0473689$ & $0.0521934$ & $-0.39119$ & $-0.387879$ & $0.464978$ & $0.0359789$ & $0.237059$ & $-0.263428$ & $0.571095$ & $-0.16464$ & $-0.117816$ & $0.762974$ & $0.778133$ & $0.777041$ & $-0.0295223$ & $-0.0386408$ & $-0.0428253$ & $0.00328858$ & $0.630949$ & $1$ & $0.0681432$ & $0.194974$ & $-0.0327852$ & $0.0204049$ & $-0.0828275$ & $-0.0301669$ & $0.0312788$ & $-0.0859365$ & $-0.167234$ & $0.00951889$ & $-0.0438958$ & $0.0751822$ & $0.0432823$ & $0.00352937$ & $-0.0417835$ & $0.00372641$ & $-0.0499191$ & $-0.0118032$ & $-0.0179239$ & $-0.0154888$ & $-0.0171214$ & $-0.00851828$ & $-0.0761874$ & $-0.00172816$ \\
CHu_11 & $-0.0696546$ & $0.0587342$ & $-0.0248756$ & $-0.0559556$ & $0.0111419$ & $0.048167$ & $-0.00269063$ & $-0.508392$ & $-0.489117$ & $0.240352$ & $0.52667$ & $0.128772$ & $-0.0604989$ & $-0.21001$ & $-0.120711$ & $-0.143304$ & $-0.0422132$ & $0.0569535$ & $0.0698985$ & $-0.510432$ & $-0.534545$ & $-0.529397$ & $-0.708336$ & $0.261434$ & $0.0681432$ & $1$ & $-0.228532$ & $-0.177269$ & $-0.0395054$ & $-0.0750469$ & $0.0161814$ & $-0.00994017$ & $-0.0261074$ & $-0.319518$ & $0.0522914$ & $-0.0505201$ & $-0.00311692$ & $-0.0296459$ & $0.00548191$ & $0.0397084$ & $-0.0329251$ & $0.00684569$ & $0.0781068$ & $-0.00800446$ & $0.000851185$ & $0.00455671$ & $0.0292077$ & $-0.0221244$ & $0.0238097$ \\
CHd_11 & $0.0282623$ & $-0.0725597$ & $0.0382579$ & $-0.0393538$ & $-0.00359421$ & $-0.05755$ & $-0.0331109$ & $0.471362$ & $0.462528$ & $-0.282198$ & $-0.346744$ & $-0.176886$ & $0.105411$ & $-0.0803278$ & $-0.363513$ & $-0.352834$ & $-0.160759$ & $-0.020213$ & $-0.0379099$ & $0.272015$ & $0.416863$ & $0.41245$ & $0.356041$ & $-0.437811$ & $0.194974$ & $-0.228532$ & $1$ & $0.122977$ & $0.0656523$ & $0.0225914$ & $0.018088$ & $-0.0484398$ & $0.00310685$ & $0.691378$ & $-0.0309123$ & $0.0223472$ & $-0.003277$ & $0.0313021$ & $-0.0249474$ & $0.00940521$ & $-0.0184412$ & $-0.0125987$ & $-0.0240215$ & $0.0149894$ & $-0.0605019$ & $0.0403733$ & $-0.0023131$ & $-0.0562843$ & $-0.0401771$ \\
CHd_33 & $0.0530789$ & $-0.050252$ & $-0.0288984$ & $0.0297294$ & $-0.0865549$ & $-0.0835076$ & $-0.010381$ & $0.272714$ & $0.258166$ & $-0.144716$ & $-0.28273$ & $-0.0581087$ & $0.026609$ & $0.116132$ & $0.101826$ & $0.0707035$ & $0.00516234$ & $-0.0570892$ & $-0.0331252$ & $0.27614$ & $0.280984$ & $0.276943$ & $0.0304849$ & $-0.0405898$ & $-0.0327852$ & $-0.177269$ & $0.122977$ & $1$ & $-0.0195444$ & $0.0296356$ & $0.0335166$ & $0.00250075$ & $0.0368838$ & $0.133142$ & $0.0226319$ & $0.0608905$ & $-0.0267529$ & $0.0537076$ & $0.0152001$ & $0.0502607$ & $-0.0366294$ & $0.0137697$ & $0.00362616$ & $-0.00103158$ & $-0.0242538$ & $0.0391173$ & $0.0544858$ & $-0.0216481$ & $0.00840584$ \\
CeH_22r & $-0.0328751$ & $-0.0160808$ & $-0.0535814$ & $-0.0262311$ & $0.0227495$ & $0.0240576$ & $0.0297806$ & $0.0435197$ & $0.0524442$ & $-0.0548892$ & $-0.0433873$ & $-0.0383676$ & $0.0318284$ & $0.0261077$ & $-0.0184797$ & $-0.00455366$ & $-0.00137493$ & $0.00932223$ & $0.00135979$ & $0.0372861$ & $0.0489917$ & $0.0446801$ & $0.0482379$ & $-0.025152$ & $0.0204049$ & $-0.0395054$ & $0.0656523$ & $-0.0195444$ & $1$ & $0.0399231$ & $0.0278448$ & $0.0184917$ & $0.0452089$ & $0.0447232$ & $-0.0273706$ & $0.0555517$ & $-0.0584463$ & $0.052567$ & $0.0200505$ & $-0.00687752$ & $0.00671423$ & $0.0209657$ & $0.0113891$ & $0.105488$ & $-0.0118883$ & $0.0306852$ & $0.0185816$ & $-0.0192788$ & $-0.021558$ \\
CeH_33r & $0.00661297$ & $0.00268982$ & $0.00584478$ & $0.0820605$ & $0.0182243$ & $-0.0469064$ & $-0.0898054$ & $0.129203$ & $0.149073$ & $-0.0918399$ & $-0.120615$ & $-0.124168$ & $0.227467$ & $0.0208713$ & $0.0332603$ & $0.0124312$ & $-0.018993$ & $-0.0446749$ & $-0.0426595$ & $0.116543$ & $0.12022$ & $0.0985501$ & $0.0146223$ & $-0.0801757$ & $-0.0828275$ & $-0.0750469$ & $0.0225914$ & $0.0296356$ & $0.0399231$ & $1$ & $0.309968$ & $0.0522498$ & $0.614803$ & $0.0775042$ & $-0.0836351$ & $-0.0236931$ & $-0.158493$ & $-0.055891$ & $-0.0516559$ & $-0.0306284$ & $0.00524067$ & $-0.00135994$ & $-0.0296108$ & $0.00248139$ & $0.0607813$ & $0.0174072$ & $0.00623357$ & $-0.00422864$ & $0.00131663$ \\
CuH_22r & $-0.0132413$ & $0.0862265$ & $0.0197791$ & $-0.0226822$ & $-0.0115124$ & $-0.0751614$ & $-0.0995708$ & $0.0486175$ & $0.0486256$ & $-0.0750211$ & $-0.0403633$ & $-0.0898637$ & $0.104229$ & $-0.0203462$ & $-0.000240187$ & $0.0439696$ & $-0.00976666$ & $-0.0183291$ & $-0.0496699$ & $0.043045$ & $0.0428472$ & $0.0419304$ & $-0.0479591$ & $-0.0381117$ & $-0.0301669$ & $0.0161814$ & $0.018088$ & $0.0335166$ & $0.0278448$ & $0.309968$ & $1$ & $-0.00171534$ & $0.320877$ & $0.05273$ & $0.0205026$ & $-0.000286462$ & $-0.0821573$ & $0.0256332$ & $0.0379305$ & $0.020861$ & $-0.0281483$ & $0.0221512$ & $-0.046023$ & $0.0427135$ & $0.00153198$ & $0.0150146$ & $0.393133$ & $-0.00778095$ & $-0.00929779$ \\
CuH_33r & $0.0163898$ & $0.00996392$ & $-0.00293123$ & $-0.00350487$ & $-0.00582252$ & $-0.0272548$ & $0.930599$ & $-0.0749702$ & $-0.0274145$ & $0.0587779$ & $0.0565651$ & $0.196034$ & $-0.184087$ & $-0.00641703$ & $-0.00917298$ & $-0.0139926$ & $0.047766$ & $0.0406784$ & $0.0395098$ & $-0.0533264$ & $-0.0605546$ & $-0.0646082$ & $0.0377936$ & $0.0661678$ & $0.0312788$ & $-0.00994017$ & $-0.0484398$ & $0.00250075$ & $0.0184917$ & $0.0522498$ & $-0.00171534$ & $1$ & $0.064777$ & $-0.0460273$ & $0.0423446$ & $-0.0325063$ & $-0.0105436$ & $-0.000952126$ & $-0.0267843$ & $0.00353935$ & $0.000365795$ & $0.0477488$ & $0.0162151$ & $-0.0606378$ & $-0.0490447$ & $-0.0604423$ & $0.0186578$ & $-0.0256294$ & $0.0247072$ \\
CdH_33r & $0.0135026$ & $-0.00531517$ & $0.0473341$ & $0.0470941$ & $0.0191053$ & $-0.0625117$ & $-0.100502$ & $0.124536$ & $0.147188$ & $-0.132677$ & $-0.108053$ & $-0.184823$ & $0.289939$ & $0.0122902$ & $0.0503864$ & $0.0399544$ & $-0.0432439$ & $-0.0678792$ & $-0.0684704$ & $0.109989$ & $0.107701$ & $0.0889189$ & $-0.0489344$ & $-0.116482$ & $-0.0859365$ & $-0.0261074$ & $0.00310685$ & $0.0368838$ & $0.0452089$ & $0.614803$ & $0.320877$ & $0.064777$ & $1$ & $0.0532166$ & $-0.0503864$ & $-0.068883$ & $-0.230131$ & $-0.061656$ & $-0.0613859$ & $0.0134784$ & $0.00813887$ & $0.00184886$ & $-0.0163531$ & $-0.0091699$ & $-0.039997$ & $-0.00194504$ & $-0.00969762$ & $0.164113$ & $0.486234$ \\
CLL_1221 & $0.0324768$ & $-0.00474206$ & $0.0228259$ & $-0.0453471$ & $-0.0132617$ & $-0.0865549$ & $-0.0433581$ & $0.571392$ & $0.559336$ & $-0.336664$ & $-0.409343$ & $-0.198746$ & $0.134601$ & $-0.154176$ & $-0.589867$ & $-0.0734981$ & $-0.200737$ & $0.0795303$ & $-0.319492$ & $0.330568$ & $0.488441$ & $0.481156$ & $0.275737$ & $-0.602395$ & $-0.167234$ & $-0.319518$ & $0.691378$ & $0.133142$ & $0.0447232$ & $0.0775042$ & $0.05273$ & $-0.0460273$ & $0.0532166$ & $1$ & $-0.0228232$ & $0.054065$ & $-0.0175862$ & $0.0206135$ & $-0.0162019$ & $0.0389928$ & $-0.00562674$ & $0.0241982$ & $-0.0117843$ & $-0.0291888$ & $-0.0857278$ & $-0.00978061$ & $0.0244178$ & $-0.0432471$ & $-0.0160227$ \\
eHggint & $-0.122242$ & $-0.0201945$ & $-0.00812342$ & $-0.0312869$ & $-0.0467135$ & $-0.0232249$ & $-0.0548976$ & $-0.0570997$ & $-0.0780803$ & $0.0676052$ & $0.063611$ & $-0.0158805$ & $0.0684639$ & $-0.0555395$ & $-0.0204838$ & $-0.0472001$ & $0.00405306$ & $0.00310974$ & $0.0252212$ & $-0.060271$ & $-0.0581476$ & $-0.0545511$ & $-0.0413157$ & $0.0396579$ & $0.00951889$ & $0.0522914$ & $-0.0309123$ & $0.0226319$ & $-0.0273706$ & $-0.0836351$ & $0.0205026$ & $0.0423446$ & $-0.0503864$ & $-0.0228232$ & $1$ & $-0.0586556$ & $0.0991619$ & $0.0304977$ & $0.0444537$ & $-0.00367731$ & $-0.00016794$ & $0.00186609$ & $-0.0121659$ & $-0.0294333$ & $0.00896506$ & $0.0134113$ & $-0.0193326$ & $-0.00499114$ & $0.0350122$ \\
eHggpar & $0.0666543$ & $-0.040847$ & $-0.0340706$ & $-0.0263782$ & $-0.0335267$ & $-0.0104479$ & $-0.0856601$ & $0.064786$ & $0.0565758$ & $0.00913718$ & $-0.0622512$ & $-0.0250021$ & $0.0412268$ & $0.00898901$ & $-0.00485971$ & $0.023069$ & $-0.00859638$ & $-0.0054893$ & $-0.023269$ & $0.0570381$ & $0.06414$ & $0.073512$ & $0.0476919$ & $-0.0344146$ & $-0.0438958$ & $-0.0505201$ & $0.0223472$ & $0.0608905$ & $0.0555517$ & $-0.0236931$ & $-0.000286462$ & $-0.0325063$ & $-0.068883$ & $0.054065$ & $-0.0586556$ & $1$ & $0.0461749$ & $-0.0170843$ & $0.0325463$ & $0.0252652$ & $-0.0746052$ & $-0.030088$ & $0.077553$ & $0.0403476$ & $0.0713269$ & $0.0527681$ & $-0.0201294$ & $-0.00925921$ & $-0.050577$ \\
eHWWint & $-0.0500904$ & $0.0619831$ & $-0.00817434$ & $-0.0290579$ & $-0.0685548$ & $-0.020959$ & $0.0161339$ & $-0.0409288$ & $-0.0621092$ & $0.00791636$ & $0.00979523$ & $-0.0229758$ & $0.0127984$ & $0.0512247$ & $-0.0119735$ & $0.0458998$ & $0.0562131$ & $0.069899$ & $0.0275079$ & $-0.00490789$ & $-0.00936974$ & $-0.00850174$ & $0.0165206$ & $0.0857529$ & $0.0751822$ & $-0.00311692$ & $-0.003277$ & $-0.0267529$ & $-0.0584463$ & $-0.158493$ & $-0.0821573$ & $-0.0105436$ & $-0.230131$ & $-0.0175862$ & $0.0991619$ & $0.0461749$ & $1$ & $0.0289436$ & $-0.0233613$ & $0.00734461$ & $-0.0236937$ & $-0.0499804$ & $0.026511$ & $0.0518019$ & $0.0204433$ & $-0.0241321$ & $0.0231063$ & $-0.0555893$ & $-0.0542555$ \\
eHWWpar & $-0.00127779$ & $-0.0124011$ & $0.00855921$ & $-0.0179926$ & $0.0227005$ & $-0.0147901$ & $0.0177577$ & $0.0303235$ & $0.0324715$ & $-0.00350086$ & $-0.0481625$ & $0.023146$ & $-0.0363418$ & $0.0518922$ & $0.00708071$ & $0.0351813$ & $0.0365426$ & $0.0292903$ & $0.0158217$ & $0.0427788$ & $0.0433912$ & $0.0489856$ & $-0.00958868$ & $0.0107571$ & $0.0432823$ & $-0.0296459$ & $0.0313021$ & $0.0537076$ & $0.052567$ & $-0.055891$ & $0.0256332$ & $-0.000952126$ & $-0.061656$ & $0.0206135$ & $0.0304977$ & $-0.0170843$ & $0.0289436$ & $1$ & $-0.034626$ & $0.000533376$ & $0.0394589$ & $-0.0220675$ & $0.000575378$ & $0.0292422$ & $-0.0250626$ & $-0.00607154$ & $0.000232093$ & $0.00573563$ & $-0.0324296$ \\
eHZZint & $-0.0731514$ & $-0.026749$ & $-0.0191475$ & $-0.0642934$ & $-0.00289167$ & $-0.0363364$ & $-0.0396077$ & $-0.00584498$ & $-0.00765839$ & $0.0456983$ & $-0.000928273$ & $0.0152497$ & $-0.00392629$ & $-0.0149234$ & $0.02758$ & $0.0347601$ & $0.0319854$ & $-0.00323497$ & $0.00620112$ & $0.00374239$ & $8.16002e-05$ & $0.00516568$ & $-0.0181834$ & $0.0460147$ & $0.00352937$ & $0.00548191$ & $-0.0249474$ & $0.0152001$ & $0.0200505$ & $-0.0516559$ & $0.0379305$ & $-0.0267843$ & $-0.0613859$ & $-0.0162019$ & $0.0444537$ & $0.0325463$ & $-0.0233613$ & $-0.034626$ & $1$ & $-0.0210343$ & $-0.0153065$ & $-0.00744979$ & $0.0232517$ & $-0.0460709$ & $0.013701$ & $0.0388375$ & $0.0254477$ & $-0.0176699$ & $-0.00703459$ \\
eHZZpar & $0.0522194$ & $-0.0414376$ & $0.015421$ & $0.00999974$ & $-0.0265946$ & $-0.0353276$ & $0.00496469$ & $0.0507202$ & $0.0504579$ & $-0.039324$ & $-0.0378155$ & $-0.0771631$ & $0.0659155$ & $-0.0139961$ & $0.00267489$ & $0.041839$ & $-0.0235889$ & $-0.0257631$ & $-0.0382365$ & $0.0362783$ & $0.0374822$ & $0.0435747$ & $-0.0783006$ & $-0.0500943$ & $-0.0417835$ & $0.0397084$ & $0.00940521$ & $0.0502607$ & $-0.00687752$ & $-0.0306284$ & $0.020861$ & $0.00353935$ & $0.0134784$ & $0.0389928$ & $-0.00367731$ & $0.0252652$ & $0.00734461$ & $0.000533376$ & $-0.0210343$ & $1$ & $-0.0022854$ & $-0.0342736$ & $-0.00799975$ & $-0.000437883$ & $-0.0711845$ & $0.0203976$ & $-0.000631012$ & $-0.042644$ & $0.0582407$ \\
eHZgaint & $-0.0057606$ & $0.0284845$ & $-0.0153013$ & $0.0542962$ & $0.0204909$ & $0.0523826$ & $0.00562846$ & $0.0181052$ & $0.0157319$ & $-0.0666312$ & $-0.0293702$ & $-0.00612805$ & $-0.0286778$ & $0.0365395$ & $0.0233159$ & $-0.0083083$ & $0.0203974$ & $0.00623659$ & $0.0276176$ & $0.0333685$ & $0.0312626$ & $0.0225788$ & $-0.00214457$ & $-0.0144468$ & $0.00372641$ & $-0.0329251$ & $-0.0184412$ & $-0.0366294$ & $0.00671423$ & $0.00524067$ & $-0.0281483$ & $0.000365795$ & $0.00813887$ & $-0.00562674$ & $-0.00016794$ & $-0.0746052$ & $-0.0236937$ & $0.0394589$ & $-0.0153065$ & $-0.0022854$ & $1$ & $0.00336892$ & $0.0368916$ & $-0.00877421$ & $-0.018922$ & $-0.0138125$ & $-0.0580222$ & $-0.0528835$ & $0.0496154$ \\
eHZgapar & $0.0475257$ & $0.0675117$ & $0.0402994$ & $0.007759$ & $-0.0242457$ & $0.0421018$ & $0.0359981$ & $0.00257086$ & $-0.0050434$ & $-0.0133706$ & $0.0132199$ & $0.00686204$ & $-0.0111743$ & $-0.0347596$ & $-0.0215913$ & $0.012892$ & $-0.032153$ & $-0.0203959$ & $-0.0434662$ & $-0.0156526$ & $-0.0125642$ & $-0.0144131$ & $-0.00995688$ & $-0.0303777$ & $-0.0499191$ & $0.00684569$ & $-0.0125987$ & $0.0137697$ & $0.0209657$ & $-0.00135994$ & $0.0221512$ & $0.0477488$ & $0.00184886$ & $0.0241982$ & $0.00186609$ & $-0.030088$ & $-0.0499804$ & $-0.0220675$ & $-0.00744979$ & $-0.0342736$ & $0.00336892$ & $1$ & $-0.0583024$ & $-0.0411452$ & $-0.0590698$ & $-0.0233031$ & $0.0383687$ & $0.00240794$ & $0.00642985$ \\
eHgagaint & $-0.0409611$ & $-0.00581979$ & $-0.0237389$ & $-0.0142442$ & $-0.0192537$ & $-0.0181182$ & $0.0206058$ & $0.00752809$ & $0.0883238$ & $0.0202579$ & $-0.0166914$ & $0.0191098$ & $-0.0153196$ & $0.00739731$ & $0.0334322$ & $-0.0178348$ & $0.0288537$ & $-0.00462784$ & $0.0299812$ & $0.0143121$ & $0.0155703$ & $0.0183359$ & $-0.10551$ & $0.0239077$ & $-0.0118032$ & $0.0781068$ & $-0.0240215$ & $0.00362616$ & $0.0113891$ & $-0.0296108$ & $-0.046023$ & $0.0162151$ & $-0.0163531$ & $-0.0117843$ & $-0.0121659$ & $0.077553$ & $0.026511$ & $0.000575378$ & $0.0232517$ & $-0.00799975$ & $0.0368916$ & $-0.0583024$ & $1$ & $0.0100189$ & $0.0459044$ & $0.0616382$ & $-0.0284132$ & $0.00211304$ & $-0.0613771$ \\
eHmumuint & $0.027125$ & $-0.0162653$ & $0.00874704$ & $-0.0432076$ & $-0.0236115$ & $0.0399508$ & $-0.0518238$ & $0.0183063$ & $0.0138917$ & $-0.0423502$ & $-0.00795249$ & $-0.0572832$ & $0.0407078$ & $0.00248094$ & $0.0398338$ & $-0.0111097$ & $-0.0339318$ & $-0.0488226$ & $0.00261521$ & $0.00550062$ & $0.00678045$ & $0.0217669$ & $0.0081296$ & $-0.0158395$ & $-0.0179239$ & $-0.00800446$ & $0.0149894$ & $-0.00103158$ & $0.105488$ & $0.00248139$ & $0.0427135$ & $-0.0606378$ & $-0.0091699$ & $-0.0291888$ & $-0.0294333$ & $0.0403476$ & $0.0518019$ & $0.0292422$ & $-0.0460709$ & $-0.000437883$ & $-0.00877421$ & $-0.0411452$ & $0.0100189$ & $1$ & $0.0561176$ & $0.033984$ & $0.01513$ & $-0.00907378$ & $-0.00781981$ \\
eHtautauint & $-0.0169098$ & $0.00901407$ & $-0.0660987$ & $-0.0339464$ & $-0.00622683$ & $0.0482152$ & $-0.0635982$ & $-0.0633408$ & $-0.0555389$ & $0.0448823$ & $0.0751932$ & $-0.00519759$ & $0.0322581$ & $-0.0328584$ & $0.0247116$ & $-0.0131844$ & $-0.0469805$ & $-0.0389908$ & $-0.00321025$ & $-0.0690553$ & $-0.0813994$ & $-0.0695805$ & $0.0281876$ & $0.013433$ & $-0.0154888$ & $0.000851185$ & $-0.0605019$ & $-0.0242538$ & $-0.0118883$ & $0.0607813$ & $0.00153198$ & $-0.0490447$ & $-0.039997$ & $-0.0857278$ & $0.00896506$ & $0.0713269$ & $0.0204433$ & $-0.0250626$ & $0.013701$ & $-0.0711845$ & $-0.018922$ & $-0.0590698$ & $0.0459044$ & $0.0561176$ & $1$ & $0.0680843$ & $-0.0222072$ & $0.0190756$ & $-0.0967849$ \\
eHccint & $0.0159389$ & $0.00843796$ & $0.0226382$ & $0.041306$ & $0.0198143$ & $-0.0561785$ & $-0.073714$ & $0.0416006$ & $0.0506971$ & $-0.0296617$ & $-0.0269348$ & $-0.0833706$ & $0.0860589$ & $-0.0148727$ & $0.0440217$ & $-0.0605109$ & $-0.0317375$ & $-0.0640207$ & $0.0243048$ & $0.0269498$ & $0.0321334$ & $0.0304296$ & $-0.0190342$ & $-0.0473293$ & $-0.0171214$ & $0.00455671$ & $0.0403733$ & $0.0391173$ & $0.0306852$ & $0.0174072$ & $0.0150146$ & $-0.0604423$ & $-0.00194504$ & $-0.00978061$ & $0.0134113$ & $0.0527681$ & $-0.0241321$ & $-0.00607154$ & $0.0388375$ & $0.0203976$ & $-0.0138125$ & $-0.0233031$ & $0.0616382$ & $0.033984$ & $0.0680843$ & $1$ & $-0.0553538$ & $0.00992659$ & $-0.0811058$ \\
eHccpar & $-0.0168899$ & $0.0694241$ & $-0.00535295$ & $-0.0869734$ & $0.011973$ & $-0.0214292$ & $0.0110417$ & $-0.0221479$ & $-0.0432367$ & $-0.0236166$ & $0.0362365$ & $0.0215086$ & $-0.039079$ & $-0.0374661$ & $-0.0329535$ & $0.0357385$ & $-0.0210183$ & $0.00199203$ & $-0.0470141$ & $-0.0366071$ & $-0.0333699$ & $-0.0288232$ & $-0.00601254$ & $-0.00343796$ & $-0.00851828$ & $0.0292077$ & $-0.0023131$ & $0.0544858$ & $0.0185816$ & $0.00623357$ & $0.393133$ & $0.0186578$ & $-0.00969762$ & $0.0244178$ & $-0.0193326$ & $-0.0201294$ & $0.0231063$ & $0.000232093$ & $0.0254477$ & $-0.000631012$ & $-0.0580222$ & $0.0383687$ & $-0.0284132$ & $0.01513$ & $-0.0222072$ & $-0.0553538$ & $1$ & $0.0336815$ & $0.0349085$ \\
eHbbint & $0.0557529$ & $0.0184532$ & $0.0472929$ & $0.0273921$ & $0.0164681$ & $-0.041541$ & $-0.022637$ & $0.0288148$ & $0.0276032$ & $-0.0424779$ & $-0.0234574$ & $-0.0480885$ & $0.0304701$ & $0.0102561$ & $0.0664706$ & $-0.00186852$ & $-0.0305535$ & $-0.0633674$ & $-0.00557224$ & $0.021088$ & $0.0214202$ & $0.0155358$ & $0.000292101$ & $-0.0389483$ & $-0.0761874$ & $-0.0221244$ & $-0.0562843$ & $-0.0216481$ & $-0.0192788$ & $-0.00422864$ & $-0.00778095$ & $-0.0256294$ & $0.164113$ & $-0.0432471$ & $-0.00499114$ & $-0.00925921$ & $-0.0555893$ & $0.00573563$ & $-0.0176699$ & $-0.042644$ & $-0.0528835$ & $0.00240794$ & $0.00211304$ & $-0.00907378$ & $0.0190756$ & $0.00992659$ & $0.0336815$ & $1$ & $0.0053172$ \\
eHbbpar & $-0.00178233$ & $-0.0324498$ & $0.0239771$ & $-0.00513914$ & $0.0594091$ & $0.0202037$ & $0.0187449$ & $0.00706275$ & $0.00247378$ & $0.00419097$ & $-0.00861142$ & $-0.00291303$ & $0.000979161$ & $0.0353683$ & $0.0150432$ & $0.0531365$ & $-0.00910473$ & $0.00196374$ & $-0.0263072$ & $0.0137183$ & $0.00880368$ & $-0.00546914$ & $-0.0514288$ & $-0.033691$ & $-0.00172816$ & $0.0238097$ & $-0.0401771$ & $0.00840584$ & $-0.021558$ & $0.00131663$ & $-0.00929779$ & $0.0247072$ & $0.486234$ & $-0.0160227$ & $0.0350122$ & $-0.050577$ & $-0.0542555$ & $-0.0324296$ & $-0.00703459$ & $0.0582407$ & $0.0496154$ & $0.00642985$ & $-0.0613771$ & $-0.00781981$ & $-0.0967849$ & $-0.0811058$ & $0.0349085$ & $0.0053172$ & $1$ \\
